Date,Booking_ID,Booking_Status,Customer_ID,Vehicle_Type,Pickup_Location,Drop_Location,V_TAT,C_TAT,Canceled_Rides_by_Customer,Canceled_Rides_by_Driver,Incomplete_Rides,Incomplete_Rides_Reason,Booking_Value,Payment_Method,Ride_Distance,Driver_Ratings,Customer_Rating
2024-07-26 14:00:00,CNR7153255142,Canceled by Driver,CID713523,Prime Sedan,Tumkur Road,RT Nagar,,,Not Applicable,Personal & Car related issue,Not Applicable,Not Applicable,444,Not Applicable,0,,
2024-07-25 22:20:00,CNR2940424040,Success,CID225428,Bike,Magadi Road,Varthur,203.0,30.0,Not Applicable,Not Applicable,No,Not Applicable,158,Cash,13,4.1,4.0
2024-07-30 19:59:00,CNR2982357879,Success,CID270156,Prime SUV,Sahakar Nagar,Varthur,238.0,130.0,Not Applicable,Not Applicable,No,Not Applicable,386,UPI,40,4.2,4.8
2024-07-22 03:15:00,CNR2395710036,Canceled by Customer,CID581320,eBike,HSR Layout,Vijayanagar,,,Driver is not moving towards pickup location,Not Applicable,Not Applicable,Not Applicable,384,Not Applicable,0,,
2024-07-02 09:02:00,CNR1797421769,Success,CID939555,Mini,Rajajinagar,Chamarajpet,252.0,80.0,Not Applicable,Not Applicable,No,Not Applicable,822,Credit Card,45,4.0,3.0
2024-07-13 04:42:00,CNR8787177882,Success,CID802429,Mini,Kadugodi,Vijayanagar,231.0,90.0,Not Applicable,Not Applicable,No,Not Applicable,173,UPI,41,3.4,4.6
2024-07-23 09:51:00,CNR3612067560,Success,CID476071,Bike,Tumkur Road,Whitefield,133.0,40.0,Not Applicable,Not Applicable,No,Not Applicable,140,Cash,49,3.2,4.5
2024-07-11 11:12:00,CNR5374902489,Canceled by Driver,CID735691,Prime Plus,Bannerghatta Road,Sarjapur Road,,,Not Applicable,Personal & Car related issue,Not Applicable,Not Applicable,344,Not Applicable,0,,
2024-07-01 19:19:00,CNR5030602354,Driver Not Found,CID999840,Mini,Chamarajpet,Peenya,,,Not Applicable,Not Applicable,Not Applicable,Not Applicable,839,Not Applicable,0,,
2024-07-18 01:31:00,CNR6328453219,Canceled by Driver,CID907133,Auto,RT Nagar,Varthur,,,Not Applicable,Personal & Car related issue,Not Applicable,Not Applicable,893,Not Applicable,0,,
2024-07-29 23:33:00,CNR4787583516,Success,CID923404,Prime Plus,Hosur Road,Jayanagar,35.0,55.0,Not Applicable,Not Applicable,No,Not Applicable,164,Cash,46,4.5,3.4
2024-07-26 04:03:00,CNR7943634301,Success,CID647026,Prime Plus,Kammanahalli,Rajajinagar,238.0,95.0,Not Applicable,Not Applicable,No,Not Applicable,399,Cash,18,3.9,4.4
2024-07-27 13:18:00,CNR4524472111,Success,CID540929,Auto,Cox Town,Yelahanka,126.0,35.0,Not Applicable,Not Applicable,No,Not Applicable,330,UPI,8,3.0,4.8
2024-07-17 18:55:00,CNR3914552212,Canceled by Driver,CID557845,Auto,Hosur Road,Banashankari,,,Not Applicable,Personal & Car related issue,Not Applicable,Not Applicable,427,Not Applicable,0,,
2024-07-16 09:54:00,CNR8181602032,Success,CID167642,Bike,Indiranagar,MG Road,70.0,95.0,Not Applicable,Not Applicable,No,Not Applicable,378,UPI,18,4.8,4.1
2024-07-02 10:25:00,CNR8090918544,Success,CID640151,Bike,Magadi Road,HSR Layout,126.0,95.0,Not Applicable,Not Applicable,No,Not Applicable,343,UPI,23,3.7,3.6
2024-07-02 23:50:00,CNR3211335290,Driver Not Found,CID630354,Mini,Ramamurthy Nagar,BTM Layout,,,Not Applicable,Not Applicable,Not Applicable,Not Applicable,366,Not Applicable,0,,
2024-07-05 23:42:00,CNR3196156650,Success,CID243275,Bike,Electronic City,Langford Town,140.0,40.0,Not Applicable,Not Applicable,No,Not Applicable,401,Cash,8,3.3,3.9
2024-07-09 11:11:00,CNR9975925287,Success,CID162055,Prime SUV,Magadi Road,RT Nagar,42.0,30.0,Not Applicable,Not Applicable,No,Not Applicable,343,UPI,17,3.0,3.8
2024-07-12 14:44:00,CNR1591113431,Success,CID902781,eBike,Koramangala,Sarjapur Road,245.0,70.0,Not Applicable,Not Applicable,No,Not Applicable,2014,Cash,33,4.2,4.9
2024-07-11 20:42:00,CNR3650331573,Success,CID217093,eBike,Basavanagudi,Hulimavu,84.0,25.0,Not Applicable,Not Applicable,No,Not Applicable,650,Cash,34,4.9,3.4
2024-07-08 22:33:00,CNR6013805089,Success,CID817034,Prime Sedan,Padmanabhanagar,Jayanagar,168.0,65.0,Not Applicable,Not Applicable,No,Not Applicable,231,Cash,2,3.2,3.7
2024-07-16 10:17:00,CNR4306636052,Canceled by Driver,CID103842,Prime SUV,Mysore Road,Vijayanagar,,,Not Applicable,Customer was coughing/sick,Not Applicable,Not Applicable,909,Not Applicable,0,,
2024-07-03 18:20:00,CNR9832070187,Success,CID655872,Bike,Koramangala,BTM Layout,231.0,145.0,Not Applicable,Not Applicable,No,Not Applicable,189,Cash,6,4.9,3.3
2024-07-03 21:17:00,CNR5620539253,Success,CID290480,Prime Plus,Mysore Road,Sahakar Nagar,56.0,105.0,Not Applicable,Not Applicable,No,Not Applicable,311,Cash,28,4.3,3.0
2024-07-19 21:18:00,CNR4443921904,Success,CID654618,Mini,Tumkur Road,Koramangala,231.0,50.0,Not Applicable,Not Applicable,No,Not Applicable,286,UPI,44,4.0,3.3
2024-07-25 03:44:00,CNR7194303296,Success,CID538245,Mini,Mysore Road,Hennur,175.0,50.0,Not Applicable,Not Applicable,No,Not Applicable,141,UPI,35,4.7,3.1
2024-07-15 17:11:00,CNR6494005067,Success,CID805360,Auto,Yelahanka,Malleshwaram,84.0,60.0,Not Applicable,Not Applicable,No,Not Applicable,214,UPI,2,3.3,4.5
2024-07-30 19:44:00,CNR6805579107,Success,CID810214,Prime SUV,Indiranagar,Indiranagar,35.0,145.0,Not Applicable,Not Applicable,No,Not Applicable,2183,Cash,20,4.0,4.4
2024-07-21 08:26:00,CNR6003663433,Canceled by Customer,CID350426,Prime Plus,Rajajinagar,Chamarajpet,,,Driver asked to cancel,Not Applicable,Not Applicable,Not Applicable,604,Not Applicable,0,,
2024-07-23 07:04:00,CNR2998177390,Driver Not Found,CID946041,Auto,RT Nagar,Yelahanka,,,Not Applicable,Not Applicable,Not Applicable,Not Applicable,802,Not Applicable,0,,
2024-07-27 06:18:00,CNR7979458138,Success,CID978509,eBike,Frazer Town,Indiranagar,189.0,65.0,Not Applicable,Not Applicable,No,Not Applicable,1095,Cash,38,4.8,4.7
2024-07-23 10:17:00,CNR7286474506,Canceled by Customer,CID500806,eBike,Jayanagar,Richmond Town,,,Driver is not moving towards pickup location,Not Applicable,Not Applicable,Not Applicable,120,Not Applicable,0,,
2024-07-23 12:56:00,CNR9820692957,Success,CID625327,Prime Sedan,Koramangala,Hosur Road,49.0,85.0,Not Applicable,Not Applicable,No,Not Applicable,241,Cash,33,3.2,3.5
2024-07-08 11:52:00,CNR4094067439,Success,CID896062,Prime Sedan,Majestic,Jayanagar,77.0,140.0,Not Applicable,Not Applicable,No,Not Applicable,475,Cash,45,4.3,3.1
2024-07-14 05:25:00,CNR7142279862,Success,CID378034,eBike,Yeshwanthpur,JP Nagar,210.0,45.0,Not Applicable,Not Applicable,No,Not Applicable,461,UPI,49,4.5,3.1
2024-07-23 09:33:00,CNR5488574120,Canceled by Driver,CID169284,Auto,Peenya,Hosur Road,,,Not Applicable,Customer related issue,Not Applicable,Not Applicable,783,Not Applicable,0,,
2024-07-03 16:16:00,CNR8148468821,Canceled by Driver,CID347094,Prime Plus,Marathahalli,BTM Layout,,,Not Applicable,Customer was coughing/sick,Not Applicable,Not Applicable,995,Not Applicable,0,,
2024-07-03 00:58:00,CNR5176704322,Success,CID296026,Prime Plus,KR Puram,Hennur,287.0,40.0,Not Applicable,Not Applicable,Yes,Customer Demand,1102,UPI,41,3.1,3.5
2024-07-24 17:31:00,CNR9287248724,Canceled by Driver,CID959554,Prime SUV,Hosur Road,Yeshwanthpur,,,Not Applicable,Customer related issue,Not Applicable,Not Applicable,170,Not Applicable,0,,
2024-07-10 21:56:00,CNR7547352327,Success,CID976231,Prime Plus,Hulimavu,Rajarajeshwari Nagar,210.0,105.0,Not Applicable,Not Applicable,No,Not Applicable,444,UPI,6,3.8,4.9
2024-07-20 15:30:00,CNR9660405769,Canceled by Driver,CID483311,eBike,Electronic City,Varthur,,,Not Applicable,Customer related issue,Not Applicable,Not Applicable,1130,Not Applicable,0,,
2024-07-11 03:22:00,CNR4251304471,Success,CID888740,Prime SUV,Shivajinagar,Jayanagar,294.0,145.0,Not Applicable,Not Applicable,No,Not Applicable,876,Cash,21,4.7,3.3
2024-07-06 15:02:00,CNR1568684278,Success,CID709612,Prime Plus,Bannerghatta Road,Majestic,42.0,90.0,Not Applicable,Not Applicable,No,Not Applicable,680,UPI,24,4.7,3.8
2024-07-05 20:28:00,CNR2230045814,Success,CID961125,Prime SUV,Cox Town,Chamarajpet,266.0,65.0,Not Applicable,Not Applicable,No,Not Applicable,425,Cash,11,3.5,4.6
2024-07-11 11:28:00,CNR7871058089,Success,CID221021,Mini,Hennur,Kengeri,56.0,140.0,Not Applicable,Not Applicable,No,Not Applicable,989,Cash,4,4.5,4.2
2024-07-16 16:25:00,CNR5503358927,Driver Not Found,CID552049,Bike,Peenya,MG Road,,,Not Applicable,Not Applicable,Not Applicable,Not Applicable,594,Not Applicable,0,,
2024-07-12 18:02:00,CNR2708187615,Success,CID415325,Prime Plus,Devanahalli,Rajajinagar,294.0,95.0,Not Applicable,Not Applicable,No,Not Applicable,443,Cash,5,3.4,3.1
2024-07-16 22:35:00,CNR1625119636,Success,CID745270,eBike,Ramamurthy Nagar,Sahakar Nagar,35.0,95.0,Not Applicable,Not Applicable,No,Not Applicable,721,Cash,19,3.8,4.7
2024-07-26 13:20:00,CNR9312632867,Success,CID649563,Prime SUV,Tumkur Road,Mysore Road,217.0,120.0,Not Applicable,Not Applicable,Yes,Vehicle Breakdown,2936,Cash,34,4.1,4.6
2024-07-25 03:33:00,CNR5274603340,Success,CID477783,Prime SUV,Electronic City,Banashankari,77.0,35.0,Not Applicable,Not Applicable,No,Not Applicable,747,Cash,25,5.0,3.5
2024-07-17 03:30:00,CNR1050003752,Success,CID993137,Bike,Chamarajpet,Shivajinagar,308.0,110.0,Not Applicable,Not Applicable,No,Not Applicable,799,UPI,25,3.9,4.7
2024-07-07 05:59:00,CNR3603517873,Success,CID386651,eBike,Rajarajeshwari Nagar,Marathahalli,63.0,135.0,Not Applicable,Not Applicable,No,Not Applicable,300,Cash,14,3.3,4.6
2024-07-01 02:21:00,CNR1557960488,Driver Not Found,CID884386,Prime SUV,Rajarajeshwari Nagar,Varthur,,,Not Applicable,Not Applicable,Not Applicable,Not Applicable,162,Not Applicable,0,,
2024-07-01 02:45:00,CNR9758857830,Success,CID528642,Prime Plus,HSR Layout,Magadi Road,308.0,70.0,Not Applicable,Not Applicable,No,Not Applicable,618,UPI,30,3.5,3.7
2024-07-02 04:17:00,CNR8080410192,Success,CID416746,eBike,Jayanagar,JP Nagar,91.0,120.0,Not Applicable,Not Applicable,No,Not Applicable,251,UPI,9,5.0,4.4
2024-07-13 02:27:00,CNR1648186942,Canceled by Driver,CID713303,Bike,Hennur,Padmanabhanagar,,,Not Applicable,More than permitted people in there,Not Applicable,Not Applicable,543,Not Applicable,0,,
2024-07-25 10:57:00,CNR2433490646,Success,CID954071,Mini,Hennur,Chamarajpet,35.0,115.0,Not Applicable,Not Applicable,No,Not Applicable,724,Cash,11,4.5,4.8
2024-07-18 00:37:00,CNR7825941026,Success,CID234007,Mini,Marathahalli,Langford Town,196.0,80.0,Not Applicable,Not Applicable,No,Not Applicable,316,UPI,27,3.1,4.7
2024-07-22 13:08:00,CNR9148580255,Success,CID164393,Prime SUV,Tumkur Road,Magadi Road,224.0,60.0,Not Applicable,Not Applicable,No,Not Applicable,138,UPI,24,5.0,3.0
2024-07-15 07:21:00,CNR2946309760,Success,CID984343,Prime Plus,Hosur Road,Hennur,280.0,55.0,Not Applicable,Not Applicable,No,Not Applicable,467,Cash,24,4.5,4.2
2024-07-19 10:29:00,CNR3472489570,Driver Not Found,CID621402,Prime SUV,Electronic City,Marathahalli,,,Not Applicable,Not Applicable,Not Applicable,Not Applicable,565,Not Applicable,0,,
2024-07-07 16:56:00,CNR1768885472,Canceled by Driver,CID130993,Prime SUV,Basavanagudi,Padmanabhanagar,,,Not Applicable,More than permitted people in there,Not Applicable,Not Applicable,276,Not Applicable,0,,
2024-07-06 01:18:00,CNR7486448495,Success,CID931462,Auto,Ulsoor,Padmanabhanagar,63.0,65.0,Not Applicable,Not Applicable,No,Not Applicable,296,UPI,5,4.0,4.3
2024-07-04 15:32:00,CNR2735636504,Driver Not Found,CID111173,Prime SUV,Cox Town,Chamarajpet,,,Not Applicable,Not Applicable,Not Applicable,Not Applicable,1310,Not Applicable,0,,
2024-07-26 17:17:00,CNR7533317866,Canceled by Customer,CID867762,Mini,Shantinagar,Hulimavu,,,AC is Not working,Not Applicable,Not Applicable,Not Applicable,771,Not Applicable,0,,
2024-07-01 02:55:00,CNR5758479139,Success,CID805528,Prime Sedan,RT Nagar,Chickpet,42.0,25.0,Not Applicable,Not Applicable,No,Not Applicable,279,Cash,43,4.3,3.4
2024-07-22 16:24:00,CNR8021985469,Success,CID604351,Mini,Hosur Road,Kadugodi,308.0,145.0,Not Applicable,Not Applicable,No,Not Applicable,321,Cash,39,3.3,4.7
2024-07-21 19:56:00,CNR3800597072,Success,CID386103,Mini,JP Nagar,Chickpet,189.0,35.0,Not Applicable,Not Applicable,No,Not Applicable,457,Cash,1,4.1,3.4
2024-07-05 13:55:00,CNR6179425512,Success,CID607886,Mini,Bannerghatta Road,Basavanagudi,217.0,45.0,Not Applicable,Not Applicable,No,Not Applicable,139,Cash,45,4.9,3.8
2024-07-29 19:40:00,CNR7924302885,Success,CID517661,Auto,Magadi Road,Nagarbhavi,168.0,140.0,Not Applicable,Not Applicable,Yes,Customer Demand,685,UPI,7,4.1,4.9
2024-07-15 21:19:00,CNR7181374756,Canceled by Driver,CID700952,Auto,Devanahalli,Kammanahalli,,,Not Applicable,More than permitted people in there,Not Applicable,Not Applicable,150,Not Applicable,0,,
2024-07-16 13:15:00,CNR2830899440,Success,CID808607,Mini,Kadugodi,Frazer Town,133.0,90.0,Not Applicable,Not Applicable,No,Not Applicable,196,UPI,21,4.3,3.4
2024-07-14 11:37:00,CNR7592165192,Canceled by Driver,CID863704,Prime SUV,Rajarajeshwari Nagar,HSR Layout,,,Not Applicable,Personal & Car related issue,Not Applicable,Not Applicable,424,Not Applicable,0,,
2024-07-11 21:40:00,CNR6077524333,Canceled by Driver,CID708519,Prime SUV,Chickpet,Shantinagar,,,Not Applicable,More than permitted people in there,Not Applicable,Not Applicable,827,Not Applicable,0,,
2024-07-14 04:15:00,CNR8854206454,Success,CID932765,eBike,Langford Town,Kadugodi,301.0,115.0,Not Applicable,Not Applicable,No,Not Applicable,770,Cash,27,3.3,4.3
2024-07-17 07:30:00,CNR6387231274,Driver Not Found,CID686160,Prime Sedan,Bannerghatta Road,Indiranagar,,,Not Applicable,Not Applicable,Not Applicable,Not Applicable,325,Not Applicable,0,,
2024-07-04 14:43:00,CNR6215530366,Success,CID713821,eBike,Devanahalli,Jayanagar,161.0,25.0,Not Applicable,Not Applicable,No,Not Applicable,986,Cash,18,4.6,4.8
2024-07-29 14:56:00,CNR4314026109,Success,CID259573,Prime SUV,Tumkur Road,Bannerghatta Road,266.0,115.0,Not Applicable,Not Applicable,No,Not Applicable,2208,Cash,40,4.0,4.5
2024-07-17 19:55:00,CNR9027465661,Success,CID737388,Prime Sedan,BTM Layout,Majestic,168.0,30.0,Not Applicable,Not Applicable,No,Not Applicable,1695,UPI,20,4.5,4.7
2024-07-20 10:58:00,CNR5003494701,Canceled by Driver,CID761134,Mini,Sarjapur Road,Majestic,,,Not Applicable,Customer related issue,Not Applicable,Not Applicable,305,Not Applicable,0,,
2024-07-08 09:18:00,CNR2064658821,Success,CID954441,Bike,Peenya,Devanahalli,63.0,105.0,Not Applicable,Not Applicable,No,Not Applicable,2271,Cash,37,3.4,4.2
2024-07-07 01:31:00,CNR2149029235,Success,CID596869,Auto,Chickpet,Hennur,154.0,135.0,Not Applicable,Not Applicable,No,Not Applicable,240,UPI,4,4.0,4.9
2024-07-30 01:20:00,CNR9704400677,Success,CID974657,Mini,Langford Town,Vijayanagar,287.0,95.0,Not Applicable,Not Applicable,No,Not Applicable,482,Cash,37,4.4,3.9
2024-07-03 11:25:00,CNR8836460204,Success,CID716037,eBike,Bellandur,Shantinagar,252.0,45.0,Not Applicable,Not Applicable,No,Not Applicable,536,UPI,17,3.9,4.4
2024-07-11 10:44:00,CNR3697318609,Success,CID915228,Bike,Sarjapur Road,Chickpet,287.0,100.0,Not Applicable,Not Applicable,No,Not Applicable,188,UPI,37,4.9,4.1
2024-07-22 18:17:00,CNR6541289543,Canceled by Driver,CID656539,Prime SUV,Frazer Town,Whitefield,,,Not Applicable,Customer related issue,Not Applicable,Not Applicable,202,Not Applicable,0,,
2024-07-21 06:54:00,CNR8369601219,Canceled by Driver,CID581505,Prime SUV,Richmond Town,Jayanagar,,,Not Applicable,Customer related issue,Not Applicable,Not Applicable,1609,Not Applicable,0,,
2024-07-22 00:21:00,CNR8346388703,Canceled by Driver,CID680143,Mini,Magadi Road,BTM Layout,,,Not Applicable,Personal & Car related issue,Not Applicable,Not Applicable,1821,Not Applicable,0,,
2024-07-26 09:39:00,CNR4445082348,Success,CID336831,Mini,Yelahanka,BTM Layout,42.0,40.0,Not Applicable,Not Applicable,No,Not Applicable,415,UPI,22,3.6,3.1
2024-07-26 06:06:00,CNR5528764313,Success,CID808205,Prime SUV,Ramamurthy Nagar,Bannerghatta Road,308.0,145.0,Not Applicable,Not Applicable,No,Not Applicable,2125,UPI,6,3.8,4.6
2024-07-03 15:04:00,CNR3967141568,Canceled by Driver,CID163765,Auto,Padmanabhanagar,Ramamurthy Nagar,,,Not Applicable,Customer related issue,Not Applicable,Not Applicable,758,Not Applicable,0,,
2024-07-07 09:55:00,CNR7054352438,Driver Not Found,CID270321,Mini,Hennur,Cox Town,,,Not Applicable,Not Applicable,Not Applicable,Not Applicable,653,Not Applicable,0,,
2024-07-22 12:51:00,CNR1640228587,Success,CID190281,Prime Sedan,Kengeri,Mysore Road,168.0,135.0,Not Applicable,Not Applicable,Yes,Other Issue,704,Cash,42,4.7,4.8
2024-07-19 04:48:00,CNR6684033796,Success,CID352268,Auto,Indiranagar,Whitefield,84.0,105.0,Not Applicable,Not Applicable,No,Not Applicable,385,Cash,19,4.1,3.7
2024-07-01 05:03:00,CNR4158584922,Success,CID772392,Auto,Sahakar Nagar,Ramamurthy Nagar,35.0,45.0,Not Applicable,Not Applicable,No,Not Applicable,934,UPI,12,3.3,5.0
2024-07-23 04:01:00,CNR5133236273,Canceled by Driver,CID905849,Prime Plus,Banashankari,Chickpet,,,Not Applicable,Customer related issue,Not Applicable,Not Applicable,615,Not Applicable,0,,
2024-07-26 08:22:00,CNR5661490576,Success,CID546076,Bike,Magadi Road,Electronic City,56.0,30.0,Not Applicable,Not Applicable,No,Not Applicable,2202,Cash,44,4.7,3.4
2024-07-05 12:36:00,CNR2304446757,Success,CID432144,eBike,Rajarajeshwari Nagar,MG Road,252.0,145.0,Not Applicable,Not Applicable,No,Not Applicable,205,Cash,43,4.1,3.1
2024-07-18 07:21:00,CNR3780555542,Canceled by Customer,CID803813,Mini,Tumkur Road,Chamarajpet,,,Driver asked to cancel,Not Applicable,Not Applicable,Not Applicable,513,Not Applicable,0,,
2024-07-21 08:21:00,CNR1559782157,Success,CID906966,Auto,Ulsoor,Bellandur,182.0,50.0,Not Applicable,Not Applicable,No,Not Applicable,247,Cash,8,3.1,3.3
2024-07-13 02:55:00,CNR7623690602,Success,CID526261,Bike,Cox Town,Malleshwaram,259.0,75.0,Not Applicable,Not Applicable,Yes,Other Issue,558,UPI,41,3.2,3.2
2024-07-08 07:56:00,CNR2098165198,Success,CID619972,Prime Sedan,Yelahanka,Ramamurthy Nagar,217.0,55.0,Not Applicable,Not Applicable,No,Not Applicable,291,UPI,5,3.8,3.3
2024-07-22 04:32:00,CNR5502012579,Success,CID748475,Mini,Vijayanagar,Kengeri,56.0,110.0,Not Applicable,Not Applicable,No,Not Applicable,925,Cash,22,3.0,4.0
2024-07-24 21:58:00,CNR4698965967,Success,CID529347,Prime Sedan,Ramamurthy Nagar,Chickpet,280.0,30.0,Not Applicable,Not Applicable,No,Not Applicable,121,Cash,44,3.8,4.5
2024-07-21 03:13:00,CNR8566688320,Driver Not Found,CID175878,Bike,Chickpet,Shivajinagar,,,Not Applicable,Not Applicable,Not Applicable,Not Applicable,404,Not Applicable,0,,
2024-07-29 12:44:00,CNR8014852782,Canceled by Customer,CID737119,Prime Plus,Kammanahalli,Magadi Road,,,Change of plans,Not Applicable,Not Applicable,Not Applicable,223,Not Applicable,0,,
2024-07-15 08:31:00,CNR6012739836,Driver Not Found,CID308763,Prime Sedan,Ramamurthy Nagar,Magadi Road,,,Not Applicable,Not Applicable,Not Applicable,Not Applicable,2989,Not Applicable,0,,
2024-07-01 11:01:00,CNR3404012927,Success,CID344186,Mini,Chickpet,Chamarajpet,63.0,130.0,Not Applicable,Not Applicable,No,Not Applicable,728,Cash,14,4.3,5.0
2024-07-11 10:50:00,CNR9282027845,Success,CID767941,Bike,Yeshwanthpur,KR Puram,210.0,85.0,Not Applicable,Not Applicable,No,Not Applicable,2416,UPI,49,3.1,3.8
2024-07-30 10:02:00,CNR5508853708,Canceled by Customer,CID812594,Prime Plus,Shivajinagar,HSR Layout,,,Driver is not moving towards pickup location,Not Applicable,Not Applicable,Not Applicable,371,Not Applicable,0,,
2024-07-07 18:36:00,CNR4241139229,Success,CID133723,Prime Plus,Kammanahalli,Shivajinagar,203.0,25.0,Not Applicable,Not Applicable,No,Not Applicable,258,Cash,32,4.7,4.1
2024-07-27 23:48:00,CNR8306274838,Driver Not Found,CID117206,Bike,Bellandur,Rajarajeshwari Nagar,,,Not Applicable,Not Applicable,Not Applicable,Not Applicable,170,Not Applicable,0,,
2024-07-16 15:25:00,CNR1903850514,Canceled by Customer,CID126419,eBike,Mysore Road,Vijayanagar,,,Driver asked to cancel,Not Applicable,Not Applicable,Not Applicable,151,Not Applicable,0,,
2024-07-26 21:02:00,CNR1852948877,Canceled by Driver,CID953990,Prime Sedan,Yelahanka,Majestic,,,Not Applicable,Customer related issue,Not Applicable,Not Applicable,425,Not Applicable,0,,
2024-07-04 03:31:00,CNR5744401218,Success,CID507511,Bike,Yelahanka,Varthur,91.0,25.0,Not Applicable,Not Applicable,No,Not Applicable,220,UPI,2,3.4,3.1
2024-07-16 10:15:00,CNR7221640450,Success,CID195611,Prime Sedan,RT Nagar,Whitefield,301.0,145.0,Not Applicable,Not Applicable,No,Not Applicable,472,UPI,16,3.3,4.5
2024-07-20 22:27:00,CNR8395803905,Canceled by Driver,CID925776,eBike,Bannerghatta Road,RT Nagar,,,Not Applicable,Customer related issue,Not Applicable,Not Applicable,616,Not Applicable,0,,
2024-07-15 09:20:00,CNR3750351374,Success,CID524066,Prime SUV,Mysore Road,Peenya,42.0,130.0,Not Applicable,Not Applicable,No,Not Applicable,473,Cash,49,4.0,4.2
2024-07-04 18:13:00,CNR2869164142,Success,CID884352,Prime SUV,BTM Layout,Malleshwaram,126.0,115.0,Not Applicable,Not Applicable,No,Not Applicable,259,Cash,11,4.8,4.5
2024-07-27 11:58:00,CNR8303547069,Success,CID471469,Mini,Langford Town,Richmond Town,77.0,35.0,Not Applicable,Not Applicable,No,Not Applicable,310,Credit Card,2,3.3,3.1
2024-07-09 21:32:00,CNR7368110421,Canceled by Driver,CID372218,Mini,Peenya,Sarjapur Road,,,Not Applicable,Personal & Car related issue,Not Applicable,Not Applicable,200,Not Applicable,0,,
2024-07-30 10:14:00,CNR7500310853,Success,CID377809,Prime Sedan,Jayanagar,Richmond Town,189.0,85.0,Not Applicable,Not Applicable,No,Not Applicable,471,UPI,39,3.5,3.7
2024-07-13 21:23:00,CNR8925319975,Success,CID388701,Prime Sedan,Yelahanka,Rajajinagar,287.0,125.0,Not Applicable,Not Applicable,No,Not Applicable,442,UPI,37,4.1,4.5
2024-07-29 19:56:00,CNR9261561390,Success,CID853883,Auto,Koramangala,Majestic,175.0,65.0,Not Applicable,Not Applicable,No,Not Applicable,228,Cash,10,3.7,4.3
2024-07-24 09:25:00,CNR3165383119,Canceled by Driver,CID765484,Prime SUV,Devanahalli,KR Puram,,,Not Applicable,Customer was coughing/sick,Not Applicable,Not Applicable,232,Not Applicable,0,,
2024-07-29 23:15:00,CNR7006798592,Driver Not Found,CID786658,Prime Sedan,Ulsoor,RT Nagar,,,Not Applicable,Not Applicable,Not Applicable,Not Applicable,344,Not Applicable,0,,
2024-07-08 07:52:00,CNR5613886410,Success,CID107686,Auto,Marathahalli,KR Puram,266.0,65.0,Not Applicable,Not Applicable,No,Not Applicable,2604,UPI,10,3.8,4.1
2024-07-16 04:52:00,CNR5841521780,Success,CID768996,Prime SUV,Ramamurthy Nagar,Varthur,210.0,120.0,Not Applicable,Not Applicable,No,Not Applicable,274,Cash,37,3.1,3.6
2024-07-09 13:07:00,CNR1281921513,Canceled by Customer,CID163474,Mini,Malleshwaram,Magadi Road,,,Driver is not moving towards pickup location,Not Applicable,Not Applicable,Not Applicable,895,Not Applicable,0,,
2024-07-26 16:05:00,CNR2959980296,Success,CID509309,Bike,Hosur Road,Richmond Town,91.0,60.0,Not Applicable,Not Applicable,No,Not Applicable,279,Cash,34,4.5,3.2
2024-07-26 23:32:00,CNR6765124275,Success,CID630281,Prime Sedan,Chamarajpet,Banashankari,294.0,45.0,Not Applicable,Not Applicable,No,Not Applicable,1946,Cash,16,3.0,3.5
2024-07-05 04:23:00,CNR9762994658,Success,CID443169,Prime Plus,RT Nagar,Sahakar Nagar,231.0,65.0,Not Applicable,Not Applicable,No,Not Applicable,1024,UPI,4,4.8,4.1
2024-07-23 10:25:00,CNR8072285783,Canceled by Customer,CID652081,Prime Plus,Frazer Town,Sarjapur Road,,,Driver asked to cancel,Not Applicable,Not Applicable,Not Applicable,294,Not Applicable,0,,
2024-07-23 19:44:00,CNR8116331340,Success,CID777382,Auto,RT Nagar,Sarjapur Road,266.0,55.0,Not Applicable,Not Applicable,No,Not Applicable,252,UPI,8,4.0,4.8
2024-07-28 10:29:00,CNR3491700602,Success,CID247449,Mini,Richmond Town,Langford Town,84.0,145.0,Not Applicable,Not Applicable,No,Not Applicable,2542,UPI,2,3.5,4.1
2024-07-19 15:04:00,CNR2166456022,Success,CID930312,Mini,Yeshwanthpur,Indiranagar,266.0,75.0,Not Applicable,Not Applicable,No,Not Applicable,1821,Cash,34,4.4,4.7
2024-07-12 08:33:00,CNR2177201692,Success,CID614111,Mini,Richmond Town,Yeshwanthpur,105.0,145.0,Not Applicable,Not Applicable,No,Not Applicable,200,Cash,31,4.9,4.0
2024-07-16 10:22:00,CNR5755482161,Canceled by Driver,CID126097,Prime SUV,Koramangala,Indiranagar,,,Not Applicable,Customer was coughing/sick,Not Applicable,Not Applicable,152,Not Applicable,0,,
2024-07-25 11:15:00,CNR4484571820,Success,CID645793,Auto,HSR Layout,Hosur Road,133.0,145.0,Not Applicable,Not Applicable,No,Not Applicable,2388,Cash,4,4.4,3.6
2024-07-28 06:34:00,CNR7377461832,Success,CID719814,eBike,Ulsoor,Padmanabhanagar,77.0,100.0,Not Applicable,Not Applicable,No,Not Applicable,783,Cash,37,3.5,3.5
2024-07-03 20:56:00,CNR2363111317,Driver Not Found,CID665310,Prime Plus,Electronic City,KR Puram,,,Not Applicable,Not Applicable,Not Applicable,Not Applicable,208,Not Applicable,0,,
2024-07-17 07:28:00,CNR2976802436,Success,CID592039,Prime SUV,Tumkur Road,Cox Town,168.0,50.0,Not Applicable,Not Applicable,No,Not Applicable,1181,UPI,10,3.4,4.9
2024-07-01 03:29:00,CNR8474873609,Canceled by Customer,CID968838,Prime Plus,HSR Layout,KR Puram,,,Change of plans,Not Applicable,Not Applicable,Not Applicable,843,Not Applicable,0,,
2024-07-20 13:53:00,CNR1945536909,Success,CID796614,Auto,Sahakar Nagar,JP Nagar,224.0,80.0,Not Applicable,Not Applicable,No,Not Applicable,441,Cash,7,3.0,3.1
2024-07-10 02:02:00,CNR8097291227,Success,CID734844,Prime Plus,Mysore Road,Rajajinagar,238.0,25.0,Not Applicable,Not Applicable,No,Not Applicable,332,UPI,38,3.8,3.4
2024-07-12 16:22:00,CNR1433815646,Success,CID307267,Prime SUV,Banashankari,Marathahalli,42.0,65.0,Not Applicable,Not Applicable,No,Not Applicable,832,Cash,11,3.4,4.1
2024-07-15 06:58:00,CNR5876056264,Success,CID568720,Prime SUV,Kadugodi,Shantinagar,231.0,30.0,Not Applicable,Not Applicable,No,Not Applicable,1361,UPI,47,4.0,3.9
2024-07-04 21:47:00,CNR2943788515,Canceled by Driver,CID627311,Bike,Shantinagar,Ramamurthy Nagar,,,Not Applicable,More than permitted people in there,Not Applicable,Not Applicable,415,Not Applicable,0,,
2024-07-28 07:06:00,CNR5599931622,Success,CID822709,Prime SUV,Peenya,Frazer Town,42.0,55.0,Not Applicable,Not Applicable,No,Not Applicable,747,Cash,28,3.8,3.0
2024-07-02 01:54:00,CNR6776927575,Success,CID817693,Bike,Hosur Road,Nagarbhavi,245.0,55.0,Not Applicable,Not Applicable,No,Not Applicable,129,Cash,5,4.4,4.2
2024-07-10 18:38:00,CNR4880622143,Success,CID602848,eBike,Rajajinagar,Kammanahalli,98.0,100.0,Not Applicable,Not Applicable,No,Not Applicable,296,UPI,34,3.3,4.2
2024-07-27 03:13:00,CNR2841702950,Success,CID268274,Auto,Sarjapur Road,Sarjapur Road,231.0,105.0,Not Applicable,Not Applicable,No,Not Applicable,337,UPI,18,4.5,4.2
2024-07-09 14:52:00,CNR2747846957,Success,CID700413,Prime Sedan,Majestic,Malleshwaram,308.0,140.0,Not Applicable,Not Applicable,No,Not Applicable,896,UPI,45,4.0,4.1
2024-07-05 09:33:00,CNR4795488474,Success,CID943263,Prime Sedan,Peenya,Frazer Town,189.0,60.0,Not Applicable,Not Applicable,No,Not Applicable,151,Credit Card,11,4.0,4.8
2024-07-06 10:00:00,CNR6662649739,Success,CID295666,Auto,Ramamurthy Nagar,Banashankari,189.0,35.0,Not Applicable,Not Applicable,No,Not Applicable,940,Debit Card,7,3.2,3.5
2024-07-10 09:28:00,CNR2524442918,Success,CID471692,Prime Plus,Hulimavu,RT Nagar,98.0,140.0,Not Applicable,Not Applicable,No,Not Applicable,729,Credit Card,13,4.5,5.0
2024-07-01 10:12:00,CNR4977956798,Success,CID782900,Auto,Banashankari,Sarjapur Road,189.0,45.0,Not Applicable,Not Applicable,No,Not Applicable,128,Cash,1,4.6,4.8
2024-07-26 15:07:00,CNR2002215420,Success,CID109502,Prime SUV,Whitefield,BTM Layout,77.0,75.0,Not Applicable,Not Applicable,No,Not Applicable,274,Cash,42,4.0,3.4
2024-07-13 04:23:00,CNR9590311980,Success,CID957268,Auto,Bannerghatta Road,Tumkur Road,105.0,25.0,Not Applicable,Not Applicable,Yes,Customer Demand,352,Cash,8,5.0,3.8
2024-07-30 05:14:00,CNR3124565731,Success,CID578023,Auto,Basavanagudi,Chickpet,189.0,55.0,Not Applicable,Not Applicable,No,Not Applicable,238,UPI,6,4.5,3.0
2024-07-20 11:34:00,CNR6090870401,Success,CID301446,Prime SUV,Ramamurthy Nagar,KR Puram,280.0,30.0,Not Applicable,Not Applicable,No,Not Applicable,477,Cash,19,4.1,4.3
2024-07-23 15:38:00,CNR9405757355,Success,CID176162,Auto,Richmond Town,Banashankari,196.0,145.0,Not Applicable,Not Applicable,No,Not Applicable,186,UPI,15,4.7,4.6
2024-07-01 11:55:00,CNR7078608984,Driver Not Found,CID926832,eBike,Shantinagar,Hebbal,,,Not Applicable,Not Applicable,Not Applicable,Not Applicable,117,Not Applicable,0,,
2024-07-10 18:52:00,CNR4166475803,Success,CID615978,Prime SUV,Banashankari,Yelahanka,168.0,90.0,Not Applicable,Not Applicable,No,Not Applicable,193,UPI,13,3.8,3.2
2024-07-06 12:51:00,CNR3641224150,Success,CID431557,Mini,Majestic,Magadi Road,98.0,60.0,Not Applicable,Not Applicable,No,Not Applicable,395,UPI,41,4.3,4.8
2024-07-14 16:42:00,CNR7307808711,Success,CID928859,Prime SUV,MG Road,BTM Layout,147.0,75.0,Not Applicable,Not Applicable,No,Not Applicable,857,Cash,45,4.7,4.0
2024-07-16 22:49:00,CNR9207534980,Canceled by Driver,CID926602,Prime Plus,Whitefield,Kammanahalli,,,Not Applicable,Customer related issue,Not Applicable,Not Applicable,819,Not Applicable,0,,
2024-07-13 10:16:00,CNR8478607960,Success,CID374876,Prime Sedan,Shivajinagar,BTM Layout,35.0,45.0,Not Applicable,Not Applicable,No,Not Applicable,484,UPI,16,4.1,4.5
2024-07-04 08:50:00,CNR6867991693,Success,CID139968,Prime Plus,Bellandur,Indiranagar,84.0,70.0,Not Applicable,Not Applicable,No,Not Applicable,648,Cash,3,4.9,4.8
2024-07-04 11:55:00,CNR4134417165,Success,CID298474,Bike,Ulsoor,Whitefield,196.0,130.0,Not Applicable,Not Applicable,No,Not Applicable,153,Cash,20,4.1,3.9
2024-07-21 01:50:00,CNR6026842144,Success,CID533256,Prime SUV,Bannerghatta Road,Padmanabhanagar,70.0,140.0,Not Applicable,Not Applicable,No,Not Applicable,232,Credit Card,28,4.3,4.7
2024-07-05 08:41:00,CNR1373400641,Canceled by Driver,CID137733,Mini,Shivajinagar,Kadugodi,,,Not Applicable,More than permitted people in there,Not Applicable,Not Applicable,478,Not Applicable,0,,
2024-07-01 05:01:00,CNR7756361076,Canceled by Driver,CID843494,Auto,Koramangala,Hebbal,,,Not Applicable,Customer was coughing/sick,Not Applicable,Not Applicable,850,Not Applicable,0,,
2024-07-06 00:38:00,CNR1058833099,Success,CID705304,Bike,Frazer Town,Jayanagar,294.0,75.0,Not Applicable,Not Applicable,No,Not Applicable,673,Cash,25,4.1,3.6
2024-07-22 12:46:00,CNR8150133799,Driver Not Found,CID406881,eBike,Chickpet,HSR Layout,,,Not Applicable,Not Applicable,Not Applicable,Not Applicable,315,Not Applicable,0,,
2024-07-20 00:11:00,CNR3136784868,Success,CID703583,Prime SUV,Shivajinagar,Indiranagar,63.0,125.0,Not Applicable,Not Applicable,No,Not Applicable,1033,Cash,2,4.1,3.6
2024-07-17 03:54:00,CNR2919641369,Canceled by Customer,CID137586,Prime SUV,Tumkur Road,Langford Town,,,Driver is not moving towards pickup location,Not Applicable,Not Applicable,Not Applicable,825,Not Applicable,0,,
2024-07-23 23:49:00,CNR4311649934,Canceled by Customer,CID379072,Prime SUV,Sahakar Nagar,Hosur Road,,,Wrong Address,Not Applicable,Not Applicable,Not Applicable,213,Not Applicable,0,,
2024-07-28 13:53:00,CNR8258871692,Driver Not Found,CID804974,Auto,Peenya,Cox Town,,,Not Applicable,Not Applicable,Not Applicable,Not Applicable,125,Not Applicable,0,,
2024-07-29 00:08:00,CNR7844432925,Success,CID635965,Prime SUV,Electronic City,KR Puram,280.0,80.0,Not Applicable,Not Applicable,No,Not Applicable,362,Cash,36,4.1,4.6
2024-07-03 16:49:00,CNR3149119791,Success,CID606573,Mini,Hebbal,Ulsoor,224.0,50.0,Not Applicable,Not Applicable,No,Not Applicable,471,Credit Card,22,3.5,3.3
2024-07-01 22:15:00,CNR6545513695,Success,CID932866,Prime SUV,Kengeri,Devanahalli,252.0,125.0,Not Applicable,Not Applicable,No,Not Applicable,163,UPI,23,4.3,4.3
2024-07-13 03:12:00,CNR6427297269,Success,CID418039,Mini,Shivajinagar,KR Puram,56.0,140.0,Not Applicable,Not Applicable,No,Not Applicable,142,Cash,6,3.8,3.6
2024-07-25 03:49:00,CNR1684336791,Canceled by Customer,CID339379,Prime Plus,HSR Layout,Kengeri,,,AC is Not working,Not Applicable,Not Applicable,Not Applicable,451,Not Applicable,0,,
2024-07-05 09:23:00,CNR8107628541,Canceled by Customer,CID131079,Prime SUV,Peenya,Kadugodi,,,Driver is not moving towards pickup location,Not Applicable,Not Applicable,Not Applicable,358,Not Applicable,0,,
2024-07-03 18:16:00,CNR8516392891,Success,CID214348,Prime Sedan,Shivajinagar,Kadugodi,308.0,60.0,Not Applicable,Not Applicable,No,Not Applicable,365,Cash,36,4.9,4.0
2024-07-12 12:38:00,CNR5043217856,Canceled by Driver,CID298396,Auto,Sarjapur Road,Chamarajpet,,,Not Applicable,Personal & Car related issue,Not Applicable,Not Applicable,752,Not Applicable,0,,
2024-07-18 17:39:00,CNR7829903493,Canceled by Driver,CID459892,eBike,Indiranagar,Kammanahalli,,,Not Applicable,Customer was coughing/sick,Not Applicable,Not Applicable,531,Not Applicable,0,,
2024-07-17 22:51:00,CNR4290294193,Canceled by Driver,CID451045,Auto,Richmond Town,Sahakar Nagar,,,Not Applicable,Customer was coughing/sick,Not Applicable,Not Applicable,111,Not Applicable,0,,
2024-07-30 17:37:00,CNR4330381266,Success,CID215319,Auto,Banashankari,Rajarajeshwari Nagar,168.0,135.0,Not Applicable,Not Applicable,No,Not Applicable,216,UPI,5,4.4,4.3
2024-07-11 10:25:00,CNR6146948780,Success,CID988392,eBike,Bannerghatta Road,Kammanahalli,196.0,125.0,Not Applicable,Not Applicable,No,Not Applicable,147,UPI,39,3.3,3.2
2024-07-23 06:51:00,CNR4211386643,Canceled by Driver,CID351096,eBike,RT Nagar,HSR Layout,,,Not Applicable,Customer related issue,Not Applicable,Not Applicable,433,Not Applicable,0,,
2024-07-21 16:24:00,CNR5828080027,Success,CID562246,Prime Plus,Sarjapur Road,Banashankari,287.0,125.0,Not Applicable,Not Applicable,No,Not Applicable,664,UPI,24,3.6,4.4
2024-07-24 00:10:00,CNR5043719137,Success,CID638458,Mini,Banashankari,Kammanahalli,98.0,50.0,Not Applicable,Not Applicable,No,Not Applicable,159,UPI,40,4.0,4.7
2024-07-28 16:31:00,CNR2332223815,Success,CID557188,Mini,Whitefield,Ramamurthy Nagar,70.0,85.0,Not Applicable,Not Applicable,No,Not Applicable,556,UPI,27,5.0,3.2
2024-07-24 02:27:00,CNR5863244684,Success,CID798517,eBike,Hebbal,HSR Layout,252.0,110.0,Not Applicable,Not Applicable,Yes,Customer Demand,184,Cash,2,4.3,4.4
2024-07-19 22:54:00,CNR2051641681,Success,CID776786,Auto,Ulsoor,Kadugodi,294.0,65.0,Not Applicable,Not Applicable,No,Not Applicable,295,Cash,6,3.5,3.2
2024-07-04 00:38:00,CNR6963252366,Success,CID565564,Bike,Yeshwanthpur,Kadugodi,168.0,145.0,Not Applicable,Not Applicable,No,Not Applicable,794,Cash,25,4.8,4.0
2024-07-02 22:59:00,CNR6561084640,Success,CID983895,Bike,Kengeri,Magadi Road,301.0,110.0,Not Applicable,Not Applicable,No,Not Applicable,330,Cash,27,4.0,4.1
2024-07-03 18:29:00,CNR8606343558,Success,CID193075,Bike,Kadugodi,Yeshwanthpur,63.0,95.0,Not Applicable,Not Applicable,No,Not Applicable,187,UPI,34,4.9,3.8
2024-07-24 10:52:00,CNR6129451090,Success,CID579290,Prime Sedan,Shantinagar,Bannerghatta Road,84.0,145.0,Not Applicable,Not Applicable,No,Not Applicable,487,Cash,9,3.6,3.8
2024-07-19 23:19:00,CNR8991153488,Canceled by Driver,CID563608,eBike,Vijayanagar,Kadugodi,,,Not Applicable,Personal & Car related issue,Not Applicable,Not Applicable,426,Not Applicable,0,,
2024-07-14 08:16:00,CNR3555127202,Success,CID334563,Auto,Koramangala,Varthur,105.0,40.0,Not Applicable,Not Applicable,No,Not Applicable,229,Cash,15,4.6,5.0
2024-07-30 18:06:00,CNR2478670622,Success,CID381271,Prime Plus,Hennur,Hosur Road,154.0,130.0,Not Applicable,Not Applicable,No,Not Applicable,445,UPI,48,4.9,4.6
2024-07-29 12:13:00,CNR2637746164,Success,CID131513,Auto,Hebbal,Majestic,182.0,70.0,Not Applicable,Not Applicable,No,Not Applicable,134,Cash,8,3.3,4.0
2024-07-16 10:32:00,CNR1098685369,Success,CID366678,Auto,Basavanagudi,Nagarbhavi,154.0,145.0,Not Applicable,Not Applicable,No,Not Applicable,119,Cash,9,4.2,4.0
2024-07-02 18:20:00,CNR3013333422,Driver Not Found,CID377403,eBike,Kadugodi,Hennur,,,Not Applicable,Not Applicable,Not Applicable,Not Applicable,214,Not Applicable,0,,
2024-07-30 09:17:00,CNR6731320458,Success,CID470881,Prime Sedan,Hosur Road,Koramangala,77.0,25.0,Not Applicable,Not Applicable,No,Not Applicable,113,Cash,14,4.9,3.6
2024-07-28 10:17:00,CNR1523677800,Canceled by Driver,CID967088,Prime SUV,Ramamurthy Nagar,Kammanahalli,,,Not Applicable,Personal & Car related issue,Not Applicable,Not Applicable,362,Not Applicable,0,,
2024-07-09 20:36:00,CNR5683291566,Success,CID221217,Prime SUV,Sahakar Nagar,Indiranagar,119.0,25.0,Not Applicable,Not Applicable,No,Not Applicable,545,UPI,6,3.3,4.9
2024-07-11 10:28:00,CNR9411398805,Success,CID416695,Prime Plus,Padmanabhanagar,RT Nagar,287.0,95.0,Not Applicable,Not Applicable,No,Not Applicable,498,Cash,11,3.2,4.3
2024-07-15 22:51:00,CNR7845975089,Driver Not Found,CID221620,Bike,RT Nagar,Ulsoor,,,Not Applicable,Not Applicable,Not Applicable,Not Applicable,117,Not Applicable,0,,
2024-07-03 22:59:00,CNR3855977560,Canceled by Driver,CID634914,Prime Sedan,Hulimavu,Richmond Town,,,Not Applicable,More than permitted people in there,Not Applicable,Not Applicable,230,Not Applicable,0,,
2024-07-25 01:44:00,CNR6774178719,Success,CID902361,eBike,KR Puram,Marathahalli,105.0,35.0,Not Applicable,Not Applicable,No,Not Applicable,304,Cash,28,3.6,3.0
2024-07-27 13:10:00,CNR4046969463,Canceled by Driver,CID788327,Prime Plus,Koramangala,Devanahalli,,,Not Applicable,Personal & Car related issue,Not Applicable,Not Applicable,318,Not Applicable,0,,
2024-07-01 21:22:00,CNR4475747544,Success,CID337010,Prime Sedan,Chickpet,Langford Town,259.0,95.0,Not Applicable,Not Applicable,No,Not Applicable,130,Cash,18,3.1,4.9
2024-07-07 16:37:00,CNR5165798104,Success,CID831932,Bike,Bannerghatta Road,Koramangala,189.0,75.0,Not Applicable,Not Applicable,No,Not Applicable,419,Cash,12,4.7,4.2
2024-07-05 15:15:00,CNR4392965412,Canceled by Driver,CID966732,Prime SUV,Kammanahalli,Richmond Town,,,Not Applicable,Customer related issue,Not Applicable,Not Applicable,399,Not Applicable,0,,
2024-07-22 19:30:00,CNR1167401662,Driver Not Found,CID981323,Mini,JP Nagar,Hulimavu,,,Not Applicable,Not Applicable,Not Applicable,Not Applicable,2900,Not Applicable,0,,
2024-07-27 11:39:00,CNR2822610940,Success,CID301559,Bike,Mysore Road,Yelahanka,168.0,70.0,Not Applicable,Not Applicable,No,Not Applicable,121,Cash,31,4.2,3.1
2024-07-14 01:07:00,CNR6691577601,Success,CID983207,Prime Sedan,MG Road,RT Nagar,189.0,90.0,Not Applicable,Not Applicable,No,Not Applicable,107,UPI,27,3.5,3.3
2024-07-17 21:09:00,CNR9445908039,Canceled by Customer,CID921864,Mini,Hosur Road,Banashankari,,,Driver is not moving towards pickup location,Not Applicable,Not Applicable,Not Applicable,424,Not Applicable,0,,
2024-07-21 20:34:00,CNR3423157511,Canceled by Driver,CID704228,Bike,Electronic City,Nagarbhavi,,,Not Applicable,Customer was coughing/sick,Not Applicable,Not Applicable,307,Not Applicable,0,,
2024-07-19 17:32:00,CNR1324239592,Success,CID647625,eBike,KR Puram,Kammanahalli,119.0,70.0,Not Applicable,Not Applicable,No,Not Applicable,583,Cash,40,4.5,4.2
2024-07-05 01:18:00,CNR8086928686,Canceled by Driver,CID506037,Mini,Nagarbhavi,MG Road,,,Not Applicable,Personal & Car related issue,Not Applicable,Not Applicable,325,Not Applicable,0,,
2024-07-22 05:44:00,CNR3412387949,Success,CID786300,Prime Sedan,Majestic,Hulimavu,154.0,140.0,Not Applicable,Not Applicable,No,Not Applicable,216,UPI,33,4.4,4.5
2024-07-07 06:55:00,CNR9728294566,Canceled by Driver,CID444964,Mini,Indiranagar,Whitefield,,,Not Applicable,Customer related issue,Not Applicable,Not Applicable,337,Not Applicable,0,,
2024-07-17 21:06:00,CNR3797886537,Success,CID692922,Prime SUV,KR Puram,Yeshwanthpur,196.0,120.0,Not Applicable,Not Applicable,No,Not Applicable,373,Cash,26,4.6,4.1
2024-07-16 03:12:00,CNR2918335042,Canceled by Customer,CID267651,Bike,Magadi Road,Vijayanagar,,,Change of plans,Not Applicable,Not Applicable,Not Applicable,121,Not Applicable,0,,
2024-07-23 08:56:00,CNR7683288053,Success,CID472301,Prime Plus,Vijayanagar,KR Puram,140.0,135.0,Not Applicable,Not Applicable,No,Not Applicable,584,UPI,18,3.1,3.3
2024-07-30 04:29:00,CNR7308621555,Canceled by Customer,CID255257,Mini,Sahakar Nagar,Whitefield,,,AC is Not working,Not Applicable,Not Applicable,Not Applicable,372,Not Applicable,0,,
2024-07-01 23:33:00,CNR6893200456,Canceled by Driver,CID590573,Prime SUV,Whitefield,Rajarajeshwari Nagar,,,Not Applicable,Personal & Car related issue,Not Applicable,Not Applicable,482,Not Applicable,0,,
2024-07-28 01:48:00,CNR8506315424,Canceled by Customer,CID384102,Mini,Hosur Road,Peenya,,,Wrong Address,Not Applicable,Not Applicable,Not Applicable,169,Not Applicable,0,,
2024-07-07 05:42:00,CNR6289456005,Driver Not Found,CID341767,Bike,Malleshwaram,Malleshwaram,,,Not Applicable,Not Applicable,Not Applicable,Not Applicable,655,Not Applicable,0,,
2024-07-26 10:10:00,CNR3652386033,Success,CID718764,Bike,Jayanagar,MG Road,119.0,30.0,Not Applicable,Not Applicable,No,Not Applicable,398,UPI,4,3.3,3.3
2024-07-24 11:32:00,CNR7500140086,Success,CID711398,Prime SUV,Langford Town,Tumkur Road,154.0,90.0,Not Applicable,Not Applicable,No,Not Applicable,198,Cash,2,3.3,3.6
2024-07-15 09:55:00,CNR9206491878,Driver Not Found,CID219381,Prime Sedan,Rajajinagar,Padmanabhanagar,,,Not Applicable,Not Applicable,Not Applicable,Not Applicable,482,Not Applicable,0,,
2024-07-29 03:17:00,CNR1508971604,Success,CID902685,Prime Sedan,Hebbal,BTM Layout,238.0,140.0,Not Applicable,Not Applicable,No,Not Applicable,305,UPI,23,3.8,4.4
2024-07-03 15:14:00,CNR4004898445,Canceled by Driver,CID501660,Mini,Peenya,Padmanabhanagar,,,Not Applicable,More than permitted people in there,Not Applicable,Not Applicable,294,Not Applicable,0,,
2024-07-06 07:14:00,CNR8826275068,Success,CID257693,Prime Sedan,Richmond Town,Tumkur Road,252.0,65.0,Not Applicable,Not Applicable,No,Not Applicable,161,Cash,5,4.1,4.0
2024-07-02 13:18:00,CNR9942066704,Canceled by Driver,CID908062,Prime Sedan,Yelahanka,Sarjapur Road,,,Not Applicable,Customer related issue,Not Applicable,Not Applicable,404,Not Applicable,0,,
2024-07-01 10:09:00,CNR2361275900,Success,CID429569,Auto,Magadi Road,Peenya,126.0,60.0,Not Applicable,Not Applicable,No,Not Applicable,169,Cash,12,4.7,3.8
2024-07-03 09:20:00,CNR4419040819,Success,CID644474,Bike,Kengeri,Devanahalli,56.0,45.0,Not Applicable,Not Applicable,No,Not Applicable,501,UPI,49,4.5,3.1
2024-07-07 16:41:00,CNR1911058132,Success,CID309575,Mini,Mysore Road,Hosur Road,301.0,125.0,Not Applicable,Not Applicable,No,Not Applicable,101,Cash,1,3.6,3.7
2024-07-20 03:47:00,CNR8926984331,Success,CID860681,Auto,Kengeri,Shantinagar,175.0,120.0,Not Applicable,Not Applicable,No,Not Applicable,192,Cash,15,4.6,4.5
2024-07-18 12:57:00,CNR2191224963,Canceled by Driver,CID702491,Mini,Koramangala,Varthur,,,Not Applicable,More than permitted people in there,Not Applicable,Not Applicable,393,Not Applicable,0,,
2024-07-04 21:10:00,CNR6024993831,Canceled by Customer,CID689882,eBike,Cox Town,Kadugodi,,,AC is Not working,Not Applicable,Not Applicable,Not Applicable,414,Not Applicable,0,,
2024-07-03 04:20:00,CNR3704418934,Canceled by Customer,CID679996,Bike,Yeshwanthpur,Malleshwaram,,,Change of plans,Not Applicable,Not Applicable,Not Applicable,1816,Not Applicable,0,,
2024-07-05 06:38:00,CNR6259704301,Success,CID228411,Prime Sedan,Jayanagar,HSR Layout,161.0,75.0,Not Applicable,Not Applicable,No,Not Applicable,366,Cash,28,3.8,3.2
2024-07-11 00:22:00,CNR4588889454,Driver Not Found,CID955141,Prime SUV,Rajarajeshwari Nagar,Cox Town,,,Not Applicable,Not Applicable,Not Applicable,Not Applicable,417,Not Applicable,0,,
2024-07-06 08:41:00,CNR9102117353,Success,CID226904,Prime Plus,Cox Town,Magadi Road,231.0,135.0,Not Applicable,Not Applicable,No,Not Applicable,2884,UPI,48,3.8,4.9
2024-07-25 07:33:00,CNR9855871509,Canceled by Driver,CID750118,Prime Sedan,RT Nagar,Mysore Road,,,Not Applicable,Personal & Car related issue,Not Applicable,Not Applicable,371,Not Applicable,0,,
2024-07-30 19:29:00,CNR6491202733,Success,CID188757,Mini,Magadi Road,Cox Town,56.0,45.0,Not Applicable,Not Applicable,No,Not Applicable,175,UPI,2,3.4,3.3
2024-07-11 12:39:00,CNR1767970743,Success,CID989298,Bike,Peenya,Rajarajeshwari Nagar,70.0,85.0,Not Applicable,Not Applicable,No,Not Applicable,494,UPI,28,3.1,3.8
2024-07-30 12:04:00,CNR6136026561,Success,CID233895,eBike,HSR Layout,Bellandur,49.0,100.0,Not Applicable,Not Applicable,No,Not Applicable,441,UPI,27,3.1,3.1
2024-07-23 15:34:00,CNR7642653871,Success,CID877855,Prime Sedan,Banashankari,Sarjapur Road,252.0,80.0,Not Applicable,Not Applicable,No,Not Applicable,471,Cash,23,4.4,4.6
2024-07-05 21:57:00,CNR8369636566,Success,CID718559,Prime Plus,Indiranagar,Yelahanka,210.0,85.0,Not Applicable,Not Applicable,No,Not Applicable,389,Cash,14,3.2,4.6
2024-07-16 09:26:00,CNR8073437118,Canceled by Driver,CID580478,eBike,Hennur,Langford Town,,,Not Applicable,Customer related issue,Not Applicable,Not Applicable,202,Not Applicable,0,,
2024-07-08 22:13:00,CNR5116585243,Canceled by Driver,CID847377,Auto,Tumkur Road,Ulsoor,,,Not Applicable,Customer was coughing/sick,Not Applicable,Not Applicable,253,Not Applicable,0,,
2024-07-09 18:33:00,CNR9699923253,Success,CID398168,Prime SUV,Indiranagar,Basavanagudi,217.0,105.0,Not Applicable,Not Applicable,No,Not Applicable,882,Cash,43,3.2,4.1
2024-07-16 08:35:00,CNR1201589640,Canceled by Customer,CID539191,Prime Sedan,Banashankari,Cox Town,,,Driver asked to cancel,Not Applicable,Not Applicable,Not Applicable,176,Not Applicable,0,,
2024-07-08 19:31:00,CNR1689403754,Success,CID515450,Mini,Devanahalli,Hosur Road,259.0,120.0,Not Applicable,Not Applicable,No,Not Applicable,417,UPI,24,4.2,3.8
2024-07-06 23:56:00,CNR1501229480,Success,CID323779,Mini,Banashankari,Richmond Town,273.0,55.0,Not Applicable,Not Applicable,No,Not Applicable,130,Credit Card,41,3.5,4.5
2024-07-14 06:47:00,CNR8602417067,Success,CID771701,Prime SUV,Cox Town,Basavanagudi,168.0,40.0,Not Applicable,Not Applicable,No,Not Applicable,235,UPI,17,3.7,3.7
2024-07-01 09:16:00,CNR5180944150,Success,CID200875,Prime Sedan,Magadi Road,Bannerghatta Road,231.0,60.0,Not Applicable,Not Applicable,No,Not Applicable,325,Credit Card,21,4.7,5.0
2024-07-05 07:57:00,CNR5569548787,Success,CID141634,Prime Plus,Banashankari,Shivajinagar,252.0,40.0,Not Applicable,Not Applicable,No,Not Applicable,290,UPI,22,4.8,4.4
2024-07-04 23:51:00,CNR2826030097,Success,CID786912,Bike,Koramangala,Mysore Road,63.0,25.0,Not Applicable,Not Applicable,No,Not Applicable,131,Cash,20,4.4,3.1
2024-07-23 18:37:00,CNR4887495881,Canceled by Customer,CID916150,Prime SUV,Chamarajpet,Ramamurthy Nagar,,,AC is Not working,Not Applicable,Not Applicable,Not Applicable,148,Not Applicable,0,,
2024-07-25 02:41:00,CNR4946474476,Canceled by Customer,CID605609,Bike,Chamarajpet,BTM Layout,,,AC is Not working,Not Applicable,Not Applicable,Not Applicable,463,Not Applicable,0,,
2024-07-24 05:57:00,CNR5414099759,Success,CID387411,Prime Sedan,Rajajinagar,Ramamurthy Nagar,161.0,140.0,Not Applicable,Not Applicable,No,Not Applicable,339,UPI,17,3.1,3.4
2024-07-08 20:17:00,CNR2568139914,Driver Not Found,CID878056,Prime SUV,Whitefield,RT Nagar,,,Not Applicable,Not Applicable,Not Applicable,Not Applicable,314,Not Applicable,0,,
2024-07-22 03:32:00,CNR8892975500,Success,CID485817,Bike,Rajarajeshwari Nagar,Sahakar Nagar,91.0,145.0,Not Applicable,Not Applicable,No,Not Applicable,512,Cash,48,3.1,4.2
2024-07-19 14:31:00,CNR7552726236,Driver Not Found,CID398384,Prime Plus,Magadi Road,Chickpet,,,Not Applicable,Not Applicable,Not Applicable,Not Applicable,443,Not Applicable,0,,
2024-07-03 21:45:00,CNR1200026621,Success,CID233911,Prime SUV,Chickpet,Tumkur Road,266.0,85.0,Not Applicable,Not Applicable,No,Not Applicable,1467,UPI,32,4.7,3.5
2024-07-04 02:26:00,CNR4187447284,Driver Not Found,CID657255,Prime SUV,Ramamurthy Nagar,RT Nagar,,,Not Applicable,Not Applicable,Not Applicable,Not Applicable,353,Not Applicable,0,,
2024-07-01 07:28:00,CNR3659491874,Success,CID573670,Auto,KR Puram,Bannerghatta Road,154.0,110.0,Not Applicable,Not Applicable,No,Not Applicable,444,UPI,1,3.8,4.1
2024-07-17 07:05:00,CNR3623533429,Success,CID447644,Prime Plus,Basavanagudi,Yeshwanthpur,210.0,55.0,Not Applicable,Not Applicable,No,Not Applicable,476,UPI,23,3.1,4.9
2024-07-13 20:08:00,CNR3824632577,Canceled by Driver,CID713810,Bike,Sahakar Nagar,Koramangala,,,Not Applicable,Personal & Car related issue,Not Applicable,Not Applicable,142,Not Applicable,0,,
2024-07-24 06:37:00,CNR2817233926,Success,CID620466,eBike,Kengeri,Koramangala,154.0,145.0,Not Applicable,Not Applicable,No,Not Applicable,471,UPI,26,4.9,3.8
2024-07-13 11:05:00,CNR2091398962,Success,CID935203,eBike,Bannerghatta Road,Indiranagar,252.0,40.0,Not Applicable,Not Applicable,No,Not Applicable,382,Cash,21,3.6,4.2
2024-07-01 00:31:00,CNR5220085842,Canceled by Driver,CID775449,Prime Sedan,Rajajinagar,Bellandur,,,Not Applicable,Personal & Car related issue,Not Applicable,Not Applicable,401,Not Applicable,0,,
2024-07-28 10:43:00,CNR9795770576,Success,CID518512,Auto,Yelahanka,Basavanagudi,161.0,30.0,Not Applicable,Not Applicable,No,Not Applicable,148,Cash,18,3.1,4.1
2024-07-15 19:16:00,CNR4627809411,Success,CID463284,Auto,Shivajinagar,Electronic City,119.0,100.0,Not Applicable,Not Applicable,No,Not Applicable,204,UPI,11,4.8,3.4
2024-07-17 11:21:00,CNR4003939102,Success,CID193230,Mini,Varthur,Tumkur Road,168.0,110.0,Not Applicable,Not Applicable,No,Not Applicable,666,Cash,9,4.5,3.0
2024-07-30 05:53:00,CNR1308261538,Success,CID605780,eBike,Richmond Town,Rajarajeshwari Nagar,126.0,60.0,Not Applicable,Not Applicable,No,Not Applicable,425,UPI,5,4.8,4.4
2024-07-17 08:58:00,CNR1556710084,Success,CID201508,Prime Sedan,RT Nagar,JP Nagar,154.0,105.0,Not Applicable,Not Applicable,No,Not Applicable,172,Cash,41,3.1,4.2
2024-07-27 09:22:00,CNR4639016703,Success,CID649293,Prime Plus,Langford Town,Nagarbhavi,98.0,50.0,Not Applicable,Not Applicable,No,Not Applicable,398,Cash,35,4.9,3.5
2024-07-07 21:53:00,CNR3136156514,Canceled by Customer,CID270149,Prime Plus,Indiranagar,Sarjapur Road,,,Wrong Address,Not Applicable,Not Applicable,Not Applicable,741,Not Applicable,0,,
2024-07-24 09:47:00,CNR6635680436,Driver Not Found,CID740522,Prime Plus,Devanahalli,Jayanagar,,,Not Applicable,Not Applicable,Not Applicable,Not Applicable,446,Not Applicable,0,,
2024-07-16 01:47:00,CNR6522259243,Canceled by Driver,CID499536,Prime Sedan,Tumkur Road,Chamarajpet,,,Not Applicable,More than permitted people in there,Not Applicable,Not Applicable,315,Not Applicable,0,,
2024-07-20 02:52:00,CNR9257492650,Success,CID288060,Bike,MG Road,Shantinagar,112.0,125.0,Not Applicable,Not Applicable,No,Not Applicable,470,Cash,38,3.6,4.2
2024-07-20 04:03:00,CNR9054081319,Success,CID723227,Auto,JP Nagar,Bannerghatta Road,161.0,40.0,Not Applicable,Not Applicable,No,Not Applicable,106,UPI,7,3.4,4.9
2024-07-04 03:47:00,CNR3186546295,Success,CID529533,Prime Plus,Koramangala,Bannerghatta Road,119.0,135.0,Not Applicable,Not Applicable,No,Not Applicable,1468,Cash,31,4.7,4.2
2024-07-11 15:19:00,CNR5237090288,Canceled by Driver,CID422022,Prime SUV,Kadugodi,Jayanagar,,,Not Applicable,Personal & Car related issue,Not Applicable,Not Applicable,408,Not Applicable,0,,
2024-07-04 01:18:00,CNR9526078867,Success,CID900085,eBike,HSR Layout,Hulimavu,294.0,95.0,Not Applicable,Not Applicable,Yes,Customer Demand,1805,UPI,4,3.7,4.0
2024-07-03 13:51:00,CNR2055496400,Canceled by Customer,CID734557,Auto,Mysore Road,Sahakar Nagar,,,Driver asked to cancel,Not Applicable,Not Applicable,Not Applicable,2925,Not Applicable,0,,
2024-07-22 00:45:00,CNR1352748737,Driver Not Found,CID392228,Prime Sedan,Hebbal,Frazer Town,,,Not Applicable,Not Applicable,Not Applicable,Not Applicable,1048,Not Applicable,0,,
2024-07-29 18:24:00,CNR8505998754,Success,CID393226,Mini,Marathahalli,Shivajinagar,112.0,130.0,Not Applicable,Not Applicable,No,Not Applicable,360,UPI,1,4.4,4.7
2024-07-08 14:26:00,CNR3848737052,Canceled by Customer,CID999015,Mini,Varthur,Kengeri,,,Driver is not moving towards pickup location,Not Applicable,Not Applicable,Not Applicable,341,Not Applicable,0,,
2024-07-27 08:42:00,CNR3022399674,Success,CID791723,eBike,Sarjapur Road,Peenya,287.0,55.0,Not Applicable,Not Applicable,No,Not Applicable,310,Cash,2,3.1,4.9
2024-07-15 22:10:00,CNR4201304521,Success,CID207572,eBike,Kammanahalli,Frazer Town,63.0,105.0,Not Applicable,Not Applicable,No,Not Applicable,1289,Cash,3,4.4,3.3
2024-07-08 18:55:00,CNR9511092010,Success,CID643112,Mini,Majestic,KR Puram,287.0,80.0,Not Applicable,Not Applicable,No,Not Applicable,1540,UPI,12,3.4,4.6
2024-07-24 16:00:00,CNR8110334234,Success,CID107282,Prime Plus,MG Road,Hennur,294.0,50.0,Not Applicable,Not Applicable,No,Not Applicable,745,Cash,3,3.8,4.7
2024-07-19 08:32:00,CNR1820951934,Canceled by Customer,CID228355,Prime SUV,Kammanahalli,Hosur Road,,,Driver asked to cancel,Not Applicable,Not Applicable,Not Applicable,459,Not Applicable,0,,
2024-07-11 02:28:00,CNR3295449162,Success,CID182011,Prime SUV,Indiranagar,JP Nagar,126.0,45.0,Not Applicable,Not Applicable,No,Not Applicable,313,Cash,38,3.4,3.3
2024-07-04 01:18:00,CNR8642502474,Canceled by Driver,CID252880,Prime Sedan,Hebbal,Koramangala,,,Not Applicable,Customer was coughing/sick,Not Applicable,Not Applicable,130,Not Applicable,0,,
2024-07-04 13:30:00,CNR9405769135,Success,CID841846,eBike,Peenya,Padmanabhanagar,168.0,115.0,Not Applicable,Not Applicable,No,Not Applicable,517,Cash,14,3.6,4.7
2024-07-27 22:55:00,CNR2179333461,Success,CID159326,Bike,Nagarbhavi,Vijayanagar,147.0,90.0,Not Applicable,Not Applicable,No,Not Applicable,332,UPI,31,4.4,4.3
2024-07-01 17:11:00,CNR7446430391,Success,CID220370,eBike,Mysore Road,Marathahalli,224.0,45.0,Not Applicable,Not Applicable,No,Not Applicable,496,Cash,40,4.4,3.1
2024-07-28 23:40:00,CNR2050487810,Canceled by Driver,CID376747,Prime SUV,Kengeri,Mysore Road,,,Not Applicable,Customer related issue,Not Applicable,Not Applicable,145,Not Applicable,0,,
2024-07-07 11:54:00,CNR9970948492,Success,CID758267,Prime Sedan,Kammanahalli,Sahakar Nagar,112.0,100.0,Not Applicable,Not Applicable,No,Not Applicable,229,Cash,7,3.0,4.7
2024-07-08 16:01:00,CNR3011053515,Canceled by Driver,CID131209,Bike,Rajajinagar,JP Nagar,,,Not Applicable,Personal & Car related issue,Not Applicable,Not Applicable,470,Not Applicable,0,,
2024-07-29 05:16:00,CNR4591666574,Success,CID229257,eBike,Ulsoor,Kengeri,196.0,115.0,Not Applicable,Not Applicable,No,Not Applicable,278,UPI,48,3.5,4.2
2024-07-28 07:15:00,CNR1610148184,Success,CID131708,Mini,Sahakar Nagar,Kammanahalli,49.0,50.0,Not Applicable,Not Applicable,No,Not Applicable,790,UPI,16,3.5,3.1
2024-07-16 03:48:00,CNR4526799105,Driver Not Found,CID880836,Prime SUV,Cox Town,Rajajinagar,,,Not Applicable,Not Applicable,Not Applicable,Not Applicable,941,Not Applicable,0,,
2024-07-07 14:33:00,CNR7697944209,Driver Not Found,CID199182,Auto,Jayanagar,Shivajinagar,,,Not Applicable,Not Applicable,Not Applicable,Not Applicable,2801,Not Applicable,0,,
2024-07-19 17:53:00,CNR7154043084,Success,CID391013,Auto,Marathahalli,Indiranagar,140.0,115.0,Not Applicable,Not Applicable,Yes,Customer Demand,525,UPI,11,3.0,4.5
2024-07-20 20:07:00,CNR9283642129,Canceled by Driver,CID276282,Prime SUV,RT Nagar,RT Nagar,,,Not Applicable,Personal & Car related issue,Not Applicable,Not Applicable,433,Not Applicable,0,,
2024-07-21 13:56:00,CNR4676896526,Canceled by Driver,CID494856,Auto,Varthur,Marathahalli,,,Not Applicable,Customer related issue,Not Applicable,Not Applicable,376,Not Applicable,0,,
2024-07-14 20:29:00,CNR1615053684,Success,CID180831,Mini,KR Puram,Ulsoor,252.0,140.0,Not Applicable,Not Applicable,No,Not Applicable,346,Cash,13,3.7,4.1
2024-07-02 16:06:00,CNR7734380067,Canceled by Driver,CID853726,Prime SUV,Koramangala,JP Nagar,,,Not Applicable,More than permitted people in there,Not Applicable,Not Applicable,260,Not Applicable,0,,
2024-07-19 20:42:00,CNR4851775364,Success,CID438573,Bike,Jayanagar,Chickpet,91.0,50.0,Not Applicable,Not Applicable,No,Not Applicable,213,Cash,14,4.0,3.8
2024-07-17 15:07:00,CNR7896256729,Success,CID279281,Mini,Banashankari,Kengeri,210.0,145.0,Not Applicable,Not Applicable,No,Not Applicable,286,Cash,13,4.2,3.8
2024-07-02 19:25:00,CNR7042244136,Success,CID998521,Prime Plus,Marathahalli,Sahakar Nagar,126.0,30.0,Not Applicable,Not Applicable,No,Not Applicable,156,Cash,25,3.7,3.4
2024-07-06 07:59:00,CNR7908519469,Success,CID357963,eBike,Nagarbhavi,KR Puram,301.0,75.0,Not Applicable,Not Applicable,No,Not Applicable,757,Credit Card,30,3.2,4.7
2024-07-11 04:46:00,CNR1121889731,Success,CID208336,Prime Sedan,Devanahalli,Mysore Road,301.0,60.0,Not Applicable,Not Applicable,No,Not Applicable,390,Cash,42,4.8,4.0
2024-07-18 15:01:00,CNR3193710797,Success,CID467902,Prime Sedan,Padmanabhanagar,Richmond Town,161.0,120.0,Not Applicable,Not Applicable,Yes,Other Issue,976,UPI,27,4.3,4.3
2024-07-08 03:32:00,CNR9772059065,Success,CID811485,Bike,Shantinagar,Rajajinagar,210.0,35.0,Not Applicable,Not Applicable,No,Not Applicable,683,Cash,14,4.7,3.4
2024-07-29 21:12:00,CNR6820098709,Canceled by Driver,CID678710,eBike,Sahakar Nagar,Mysore Road,,,Not Applicable,Personal & Car related issue,Not Applicable,Not Applicable,329,Not Applicable,0,,
2024-07-24 15:36:00,CNR9590135968,Success,CID652106,eBike,Yeshwanthpur,Tumkur Road,105.0,60.0,Not Applicable,Not Applicable,No,Not Applicable,999,UPI,43,4.6,4.2
2024-07-08 18:08:00,CNR4053893416,Success,CID708547,Auto,Vijayanagar,Rajarajeshwari Nagar,259.0,30.0,Not Applicable,Not Applicable,No,Not Applicable,283,UPI,7,3.4,3.4
2024-07-18 15:06:00,CNR5706980210,Success,CID228167,eBike,Malleshwaram,Indiranagar,168.0,120.0,Not Applicable,Not Applicable,No,Not Applicable,463,Cash,15,4.4,3.6
2024-07-16 15:17:00,CNR8545338624,Success,CID691224,Auto,Electronic City,JP Nagar,140.0,145.0,Not Applicable,Not Applicable,No,Not Applicable,353,UPI,7,4.7,4.9
2024-07-02 00:04:00,CNR6792235623,Driver Not Found,CID439520,Prime Sedan,Devanahalli,JP Nagar,,,Not Applicable,Not Applicable,Not Applicable,Not Applicable,495,Not Applicable,0,,
2024-07-12 13:28:00,CNR3347159067,Success,CID823164,Auto,Varthur,Kengeri,133.0,135.0,Not Applicable,Not Applicable,No,Not Applicable,292,UPI,16,4.6,3.5
2024-07-06 15:29:00,CNR2200769825,Success,CID637025,Prime Plus,Mysore Road,Malleshwaram,210.0,25.0,Not Applicable,Not Applicable,No,Not Applicable,448,UPI,15,3.2,4.9
2024-07-30 14:25:00,CNR8037382031,Canceled by Customer,CID440310,Prime SUV,Indiranagar,Hosur Road,,,AC is Not working,Not Applicable,Not Applicable,Not Applicable,103,Not Applicable,0,,
2024-07-14 02:37:00,CNR8476582596,Canceled by Driver,CID687136,Auto,Richmond Town,Electronic City,,,Not Applicable,More than permitted people in there,Not Applicable,Not Applicable,186,Not Applicable,0,,
2024-07-02 06:30:00,CNR7073850950,Success,CID880026,Auto,Vijayanagar,Langford Town,301.0,105.0,Not Applicable,Not Applicable,Yes,Customer Demand,110,Cash,3,3.7,3.6
2024-07-10 18:50:00,CNR6613464835,Canceled by Customer,CID489613,Mini,Whitefield,Vijayanagar,,,Change of plans,Not Applicable,Not Applicable,Not Applicable,173,Not Applicable,0,,
2024-07-28 09:40:00,CNR7956960667,Success,CID407740,Prime Plus,Nagarbhavi,Shivajinagar,210.0,105.0,Not Applicable,Not Applicable,No,Not Applicable,512,Cash,14,4.9,4.9
2024-07-26 18:46:00,CNR3469722999,Driver Not Found,CID822937,Prime SUV,Jayanagar,Peenya,,,Not Applicable,Not Applicable,Not Applicable,Not Applicable,2005,Not Applicable,0,,
2024-07-20 08:46:00,CNR9952584604,Success,CID184856,Bike,Hosur Road,Hennur,224.0,65.0,Not Applicable,Not Applicable,Yes,Customer Demand,238,Cash,18,4.7,4.6
2024-07-27 18:23:00,CNR5433575259,Success,CID763377,Prime Sedan,Indiranagar,Langford Town,189.0,135.0,Not Applicable,Not Applicable,Yes,Vehicle Breakdown,1921,UPI,40,3.3,3.9
2024-07-20 05:13:00,CNR3797151024,Driver Not Found,CID106150,Mini,KR Puram,Banashankari,,,Not Applicable,Not Applicable,Not Applicable,Not Applicable,296,Not Applicable,0,,
2024-07-09 09:36:00,CNR1888228418,Success,CID913584,eBike,Kadugodi,Varthur,273.0,110.0,Not Applicable,Not Applicable,No,Not Applicable,499,Cash,14,4.8,3.9
2024-07-23 12:03:00,CNR6094620721,Success,CID195370,Prime Plus,JP Nagar,Mysore Road,238.0,25.0,Not Applicable,Not Applicable,No,Not Applicable,525,Cash,22,4.3,4.0
2024-07-30 06:56:00,CNR2029679396,Success,CID825106,Prime Plus,Peenya,Frazer Town,105.0,30.0,Not Applicable,Not Applicable,No,Not Applicable,308,Cash,13,4.7,3.3
2024-07-05 07:11:00,CNR5108136862,Canceled by Customer,CID869726,Prime SUV,Chickpet,JP Nagar,,,Driver asked to cancel,Not Applicable,Not Applicable,Not Applicable,118,Not Applicable,0,,
2024-07-30 15:14:00,CNR9998375791,Success,CID173858,Mini,Hosur Road,Yeshwanthpur,203.0,90.0,Not Applicable,Not Applicable,No,Not Applicable,164,UPI,33,3.6,3.8
2024-07-30 10:26:00,CNR7197746515,Canceled by Driver,CID911238,Mini,Banashankari,HSR Layout,,,Not Applicable,Customer related issue,Not Applicable,Not Applicable,228,Not Applicable,0,,
2024-07-27 11:45:00,CNR3914143185,Canceled by Customer,CID656359,Bike,Kadugodi,Chickpet,,,Change of plans,Not Applicable,Not Applicable,Not Applicable,326,Not Applicable,0,,
2024-07-28 07:49:00,CNR4970390019,Driver Not Found,CID656067,Bike,MG Road,Sahakar Nagar,,,Not Applicable,Not Applicable,Not Applicable,Not Applicable,849,Not Applicable,0,,
2024-07-04 06:05:00,CNR4643101961,Success,CID843965,Prime Sedan,RT Nagar,Basavanagudi,308.0,110.0,Not Applicable,Not Applicable,No,Not Applicable,678,Cash,32,4.6,3.5
2024-07-04 22:42:00,CNR9462510170,Canceled by Customer,CID517686,Prime Plus,Mysore Road,Ulsoor,,,Driver is not moving towards pickup location,Not Applicable,Not Applicable,Not Applicable,431,Not Applicable,0,,
2024-07-04 02:29:00,CNR3791458762,Success,CID253766,Prime Sedan,Malleshwaram,Marathahalli,280.0,80.0,Not Applicable,Not Applicable,No,Not Applicable,235,UPI,13,4.0,3.9
2024-07-20 15:11:00,CNR6755458210,Success,CID762854,Mini,Magadi Road,Richmond Town,119.0,110.0,Not Applicable,Not Applicable,No,Not Applicable,223,Cash,3,5.0,4.8
2024-07-14 22:17:00,CNR6729349884,Success,CID901336,Prime SUV,Bellandur,Kadugodi,49.0,95.0,Not Applicable,Not Applicable,No,Not Applicable,445,Cash,48,3.2,4.7
2024-07-13 21:16:00,CNR3435305950,Success,CID780659,Prime Sedan,Hulimavu,Chamarajpet,98.0,125.0,Not Applicable,Not Applicable,No,Not Applicable,601,UPI,22,3.7,3.4
2024-07-17 08:43:00,CNR2586365783,Canceled by Driver,CID105655,eBike,Chamarajpet,Electronic City,,,Not Applicable,More than permitted people in there,Not Applicable,Not Applicable,198,Not Applicable,0,,
2024-07-19 23:17:00,CNR3475649716,Canceled by Driver,CID154151,Prime Sedan,JP Nagar,Hosur Road,,,Not Applicable,Personal & Car related issue,Not Applicable,Not Applicable,358,Not Applicable,0,,
2024-07-07 16:50:00,CNR1463816868,Success,CID517719,Prime SUV,HSR Layout,Hulimavu,189.0,80.0,Not Applicable,Not Applicable,No,Not Applicable,492,Cash,6,4.5,3.9
2024-07-09 02:29:00,CNR1412682969,Success,CID763740,Prime SUV,Electronic City,Vijayanagar,231.0,60.0,Not Applicable,Not Applicable,No,Not Applicable,280,UPI,31,4.1,4.8
2024-07-07 02:53:00,CNR5341551432,Canceled by Customer,CID506435,Mini,Hebbal,Koramangala,,,Driver is not moving towards pickup location,Not Applicable,Not Applicable,Not Applicable,233,Not Applicable,0,,
2024-07-11 19:20:00,CNR5793610952,Success,CID490677,Bike,KR Puram,JP Nagar,56.0,130.0,Not Applicable,Not Applicable,No,Not Applicable,984,Credit Card,24,3.9,3.7
2024-07-03 08:50:00,CNR1072231824,Success,CID703152,Auto,Ramamurthy Nagar,JP Nagar,56.0,120.0,Not Applicable,Not Applicable,No,Not Applicable,100,Cash,7,3.5,4.0
2024-07-15 08:32:00,CNR1799581315,Canceled by Customer,CID493145,Mini,Varthur,Peenya,,,Change of plans,Not Applicable,Not Applicable,Not Applicable,1899,Not Applicable,0,,
2024-07-23 06:57:00,CNR9707279332,Success,CID666870,Prime Sedan,Rajarajeshwari Nagar,Hulimavu,147.0,55.0,Not Applicable,Not Applicable,No,Not Applicable,833,UPI,14,3.3,3.1
2024-07-23 12:35:00,CNR2270293390,Success,CID656262,eBike,Marathahalli,Shivajinagar,133.0,105.0,Not Applicable,Not Applicable,No,Not Applicable,435,UPI,3,4.1,3.0
2024-07-28 06:54:00,CNR3950192876,Driver Not Found,CID421288,Mini,Yelahanka,Malleshwaram,,,Not Applicable,Not Applicable,Not Applicable,Not Applicable,1703,Not Applicable,0,,
2024-07-04 21:00:00,CNR9406709395,Success,CID139229,Auto,Ulsoor,Yeshwanthpur,196.0,105.0,Not Applicable,Not Applicable,No,Not Applicable,484,UPI,5,4.0,3.3
2024-07-05 22:33:00,CNR8975176661,Success,CID173986,Auto,Rajarajeshwari Nagar,Sahakar Nagar,189.0,125.0,Not Applicable,Not Applicable,No,Not Applicable,680,UPI,7,3.8,3.6
2024-07-21 10:55:00,CNR5071594520,Success,CID740051,Bike,KR Puram,Jayanagar,280.0,85.0,Not Applicable,Not Applicable,No,Not Applicable,229,Cash,16,3.1,3.4
2024-07-10 01:20:00,CNR2377184626,Driver Not Found,CID323252,Prime Plus,Devanahalli,Banashankari,,,Not Applicable,Not Applicable,Not Applicable,Not Applicable,609,Not Applicable,0,,
2024-07-04 20:48:00,CNR3575066041,Success,CID499436,Prime SUV,Shivajinagar,RT Nagar,301.0,105.0,Not Applicable,Not Applicable,Yes,Vehicle Breakdown,181,Credit Card,2,3.3,4.8
2024-07-28 12:22:00,CNR2930589148,Success,CID732234,eBike,Kadugodi,Ulsoor,105.0,140.0,Not Applicable,Not Applicable,No,Not Applicable,717,UPI,3,4.9,3.3
2024-07-17 01:12:00,CNR7831208502,Success,CID737968,Auto,RT Nagar,Cox Town,245.0,135.0,Not Applicable,Not Applicable,No,Not Applicable,262,Credit Card,12,3.5,3.7
2024-07-15 02:41:00,CNR8629694130,Canceled by Driver,CID321356,Prime SUV,Electronic City,KR Puram,,,Not Applicable,Personal & Car related issue,Not Applicable,Not Applicable,158,Not Applicable,0,,
2024-07-05 23:51:00,CNR8827885570,Success,CID521045,Prime SUV,Shantinagar,JP Nagar,63.0,95.0,Not Applicable,Not Applicable,No,Not Applicable,231,Cash,49,4.8,3.2
2024-07-09 13:36:00,CNR1502301342,Success,CID545036,Bike,Chamarajpet,Peenya,119.0,100.0,Not Applicable,Not Applicable,No,Not Applicable,246,UPI,23,3.9,3.3
2024-07-07 22:52:00,CNR1372123891,Canceled by Customer,CID348365,Prime SUV,Cox Town,Vijayanagar,,,Driver asked to cancel,Not Applicable,Not Applicable,Not Applicable,228,Not Applicable,0,,
2024-07-03 20:15:00,CNR3907697108,Success,CID234494,Prime SUV,Bellandur,Hosur Road,70.0,70.0,Not Applicable,Not Applicable,No,Not Applicable,427,Cash,1,3.5,3.0
2024-07-05 17:47:00,CNR2390405629,Success,CID686818,Mini,MG Road,Richmond Town,287.0,110.0,Not Applicable,Not Applicable,No,Not Applicable,305,Cash,37,3.2,3.3
2024-07-19 13:20:00,CNR5914410116,Success,CID903819,Prime SUV,MG Road,Marathahalli,203.0,80.0,Not Applicable,Not Applicable,No,Not Applicable,270,Cash,8,4.3,4.5
2024-07-03 20:40:00,CNR9545114159,Canceled by Driver,CID576096,Prime Plus,BTM Layout,Frazer Town,,,Not Applicable,Customer related issue,Not Applicable,Not Applicable,1501,Not Applicable,0,,
2024-07-21 10:39:00,CNR4224138624,Success,CID990844,eBike,Kadugodi,Whitefield,175.0,35.0,Not Applicable,Not Applicable,No,Not Applicable,489,UPI,16,3.7,3.9
2024-07-14 23:58:00,CNR5217934339,Success,CID427019,Prime SUV,Electronic City,Majestic,224.0,75.0,Not Applicable,Not Applicable,No,Not Applicable,791,UPI,21,5.0,3.9
2024-07-16 19:16:00,CNR6744298420,Canceled by Driver,CID339373,Auto,Hebbal,Koramangala,,,Not Applicable,Customer related issue,Not Applicable,Not Applicable,400,Not Applicable,0,,
2024-07-05 08:54:00,CNR7537935962,Success,CID200131,eBike,Shantinagar,Hebbal,63.0,100.0,Not Applicable,Not Applicable,Yes,Customer Demand,460,UPI,4,3.6,3.7
2024-07-26 16:01:00,CNR6035356524,Canceled by Driver,CID375929,Auto,Rajarajeshwari Nagar,Koramangala,,,Not Applicable,Customer related issue,Not Applicable,Not Applicable,354,Not Applicable,0,,
2024-07-20 16:43:00,CNR4079474864,Success,CID197349,Prime Sedan,Peenya,Varthur,140.0,90.0,Not Applicable,Not Applicable,No,Not Applicable,2047,UPI,29,3.0,3.7
2024-07-24 03:31:00,CNR4597527178,Canceled by Driver,CID768687,Prime Plus,Ramamurthy Nagar,Ramamurthy Nagar,,,Not Applicable,Personal & Car related issue,Not Applicable,Not Applicable,418,Not Applicable,0,,
2024-07-19 03:58:00,CNR1983010766,Success,CID811508,Prime Plus,Whitefield,Indiranagar,147.0,50.0,Not Applicable,Not Applicable,No,Not Applicable,2655,UPI,26,3.3,4.5
2024-07-02 17:11:00,CNR4517742155,Canceled by Driver,CID137387,Prime Plus,KR Puram,Hosur Road,,,Not Applicable,More than permitted people in there,Not Applicable,Not Applicable,364,Not Applicable,0,,
2024-07-11 08:02:00,CNR4679441912,Success,CID501578,Bike,JP Nagar,Shivajinagar,224.0,130.0,Not Applicable,Not Applicable,No,Not Applicable,2655,Cash,4,3.1,4.4
2024-07-10 01:13:00,CNR1076402213,Success,CID133857,Mini,Kengeri,JP Nagar,140.0,50.0,Not Applicable,Not Applicable,No,Not Applicable,828,Cash,34,4.1,4.8
2024-07-22 17:10:00,CNR6208623380,Success,CID612908,eBike,Chickpet,Indiranagar,217.0,35.0,Not Applicable,Not Applicable,No,Not Applicable,276,UPI,34,4.4,4.1
2024-07-13 22:21:00,CNR3629707818,Canceled by Customer,CID176370,eBike,Hulimavu,Majestic,,,Driver asked to cancel,Not Applicable,Not Applicable,Not Applicable,2712,Not Applicable,0,,
2024-07-02 07:02:00,CNR5856350738,Success,CID362252,Prime SUV,MG Road,Hebbal,217.0,115.0,Not Applicable,Not Applicable,No,Not Applicable,379,Cash,30,4.7,4.5
2024-07-02 02:35:00,CNR2780804227,Driver Not Found,CID211065,Prime SUV,Hebbal,Vijayanagar,,,Not Applicable,Not Applicable,Not Applicable,Not Applicable,316,Not Applicable,0,,
2024-07-14 03:32:00,CNR7556753006,Canceled by Customer,CID898523,Mini,Langford Town,KR Puram,,,AC is Not working,Not Applicable,Not Applicable,Not Applicable,303,Not Applicable,0,,
2024-07-13 00:32:00,CNR2722435581,Success,CID877036,Mini,Padmanabhanagar,Malleshwaram,98.0,55.0,Not Applicable,Not Applicable,Yes,Vehicle Breakdown,323,UPI,14,4.2,4.5
2024-07-29 11:19:00,CNR9290227906,Canceled by Driver,CID753312,Prime Sedan,Vijayanagar,Ramamurthy Nagar,,,Not Applicable,Customer related issue,Not Applicable,Not Applicable,840,Not Applicable,0,,
2024-07-16 18:09:00,CNR1347489072,Success,CID285104,eBike,Hennur,Hosur Road,273.0,55.0,Not Applicable,Not Applicable,No,Not Applicable,676,UPI,8,3.6,3.9
2024-07-17 20:57:00,CNR7720291436,Success,CID133774,Prime SUV,Shantinagar,Chamarajpet,252.0,95.0,Not Applicable,Not Applicable,No,Not Applicable,387,Cash,19,4.4,4.8
2024-07-27 17:14:00,CNR6838162057,Success,CID662763,Prime Plus,Ulsoor,BTM Layout,273.0,130.0,Not Applicable,Not Applicable,No,Not Applicable,349,UPI,6,4.9,4.0
2024-07-04 20:13:00,CNR6166016638,Canceled by Customer,CID662385,Prime SUV,Sahakar Nagar,BTM Layout,,,Driver is not moving towards pickup location,Not Applicable,Not Applicable,Not Applicable,743,Not Applicable,0,,
2024-07-16 10:17:00,CNR8406580820,Success,CID649349,Auto,Banashankari,Yeshwanthpur,245.0,55.0,Not Applicable,Not Applicable,No,Not Applicable,173,Cash,17,4.3,4.6
2024-07-29 08:28:00,CNR5947910660,Success,CID422131,Auto,Rajajinagar,HSR Layout,287.0,120.0,Not Applicable,Not Applicable,No,Not Applicable,105,UPI,13,4.5,3.5
2024-07-12 09:52:00,CNR8113882660,Success,CID445833,Prime SUV,JP Nagar,Yeshwanthpur,42.0,30.0,Not Applicable,Not Applicable,No,Not Applicable,552,Cash,5,4.5,3.8
2024-07-03 07:09:00,CNR3789535898,Canceled by Driver,CID526348,Mini,Marathahalli,Marathahalli,,,Not Applicable,Customer was coughing/sick,Not Applicable,Not Applicable,313,Not Applicable,0,,
2024-07-10 17:06:00,CNR9181242940,Canceled by Customer,CID363462,Mini,Hebbal,Peenya,,,AC is Not working,Not Applicable,Not Applicable,Not Applicable,424,Not Applicable,0,,
2024-07-12 20:10:00,CNR6438361240,Success,CID552719,Auto,Richmond Town,Banashankari,308.0,130.0,Not Applicable,Not Applicable,No,Not Applicable,493,UPI,7,3.8,4.7
2024-07-17 10:08:00,CNR8478583704,Canceled by Driver,CID176945,Prime SUV,Frazer Town,RT Nagar,,,Not Applicable,Personal & Car related issue,Not Applicable,Not Applicable,394,Not Applicable,0,,
2024-07-23 08:25:00,CNR5495479048,Success,CID497169,Auto,Sarjapur Road,Basavanagudi,77.0,100.0,Not Applicable,Not Applicable,Yes,Other Issue,2890,Cash,7,4.1,4.5
2024-07-10 03:59:00,CNR1747667235,Canceled by Driver,CID972016,Prime Sedan,Bannerghatta Road,Frazer Town,,,Not Applicable,Personal & Car related issue,Not Applicable,Not Applicable,135,Not Applicable,0,,
2024-07-25 15:46:00,CNR8742059228,Canceled by Driver,CID912775,eBike,Langford Town,Padmanabhanagar,,,Not Applicable,More than permitted people in there,Not Applicable,Not Applicable,179,Not Applicable,0,,
2024-07-30 12:24:00,CNR2249500651,Success,CID195665,Prime SUV,Tumkur Road,Frazer Town,63.0,40.0,Not Applicable,Not Applicable,No,Not Applicable,280,Cash,20,4.5,4.8
2024-07-29 15:02:00,CNR3015771885,Success,CID918718,Prime SUV,Vijayanagar,Hulimavu,77.0,75.0,Not Applicable,Not Applicable,No,Not Applicable,354,Cash,24,4.6,4.1
2024-07-14 11:05:00,CNR9742204042,Success,CID292149,Prime Sedan,Shivajinagar,Yeshwanthpur,301.0,135.0,Not Applicable,Not Applicable,No,Not Applicable,439,Cash,44,4.4,4.8
2024-07-20 13:28:00,CNR5414088243,Driver Not Found,CID993758,Auto,Banashankari,Nagarbhavi,,,Not Applicable,Not Applicable,Not Applicable,Not Applicable,645,Not Applicable,0,,
2024-07-28 16:28:00,CNR5897488662,Success,CID352984,Auto,Bannerghatta Road,Shantinagar,189.0,85.0,Not Applicable,Not Applicable,No,Not Applicable,264,Cash,4,3.6,3.4
2024-07-23 00:13:00,CNR8097977794,Success,CID789728,Auto,Kadugodi,Electronic City,119.0,100.0,Not Applicable,Not Applicable,No,Not Applicable,445,Cash,15,3.9,4.7
2024-07-05 11:19:00,CNR7665734704,Success,CID921378,Prime Plus,Mysore Road,Padmanabhanagar,84.0,95.0,Not Applicable,Not Applicable,No,Not Applicable,399,Cash,26,4.4,4.0
2024-07-20 13:04:00,CNR3295803854,Success,CID835843,Prime Plus,Indiranagar,Kammanahalli,112.0,100.0,Not Applicable,Not Applicable,No,Not Applicable,496,UPI,33,5.0,4.9
2024-07-12 06:15:00,CNR1857015366,Driver Not Found,CID673441,Auto,Cox Town,Chamarajpet,,,Not Applicable,Not Applicable,Not Applicable,Not Applicable,872,Not Applicable,0,,
2024-07-29 18:54:00,CNR6533526552,Canceled by Customer,CID221628,Auto,Yelahanka,Ulsoor,,,Driver asked to cancel,Not Applicable,Not Applicable,Not Applicable,346,Not Applicable,0,,
2024-07-30 15:50:00,CNR4196099018,Driver Not Found,CID850806,Auto,Cox Town,Peenya,,,Not Applicable,Not Applicable,Not Applicable,Not Applicable,387,Not Applicable,0,,
2024-07-05 22:10:00,CNR6151870263,Driver Not Found,CID807991,Prime Plus,Shantinagar,Shantinagar,,,Not Applicable,Not Applicable,Not Applicable,Not Applicable,247,Not Applicable,0,,
2024-07-23 22:58:00,CNR4877674130,Success,CID108174,Auto,RT Nagar,Rajarajeshwari Nagar,175.0,25.0,Not Applicable,Not Applicable,No,Not Applicable,767,UPI,8,4.3,4.5
2024-07-17 21:12:00,CNR3535977567,Success,CID310505,Prime Sedan,Kammanahalli,Yeshwanthpur,168.0,25.0,Not Applicable,Not Applicable,No,Not Applicable,203,UPI,24,4.4,3.3
2024-07-26 07:08:00,CNR9380992083,Success,CID599667,Prime Sedan,Banashankari,Koramangala,203.0,125.0,Not Applicable,Not Applicable,No,Not Applicable,658,UPI,45,3.5,4.9
2024-07-22 21:18:00,CNR2409982110,Success,CID949960,Auto,RT Nagar,Hennur,252.0,25.0,Not Applicable,Not Applicable,No,Not Applicable,366,Cash,8,4.1,3.4
2024-07-05 05:50:00,CNR1744423480,Canceled by Customer,CID759125,Bike,Indiranagar,Rajarajeshwari Nagar,,,Driver is not moving towards pickup location,Not Applicable,Not Applicable,Not Applicable,229,Not Applicable,0,,
2024-07-09 01:51:00,CNR8089487405,Success,CID921577,Prime Sedan,Ulsoor,Varthur,168.0,75.0,Not Applicable,Not Applicable,No,Not Applicable,319,Cash,22,3.2,4.0
2024-07-07 08:26:00,CNR9791595498,Canceled by Customer,CID144808,Mini,Padmanabhanagar,Nagarbhavi,,,Driver asked to cancel,Not Applicable,Not Applicable,Not Applicable,415,Not Applicable,0,,
2024-07-23 14:50:00,CNR3216137549,Success,CID605790,Prime SUV,Langford Town,Whitefield,119.0,90.0,Not Applicable,Not Applicable,No,Not Applicable,775,Cash,23,4.2,3.3
2024-07-09 02:52:00,CNR7433975344,Success,CID102370,Auto,Shivajinagar,Chickpet,98.0,65.0,Not Applicable,Not Applicable,No,Not Applicable,396,UPI,18,3.6,3.4
2024-07-16 19:34:00,CNR2752149819,Success,CID868307,Mini,Ulsoor,Chamarajpet,280.0,110.0,Not Applicable,Not Applicable,No,Not Applicable,411,Debit Card,44,3.0,3.9
2024-07-07 00:15:00,CNR7450856558,Success,CID121389,Prime Sedan,Chickpet,Electronic City,266.0,40.0,Not Applicable,Not Applicable,No,Not Applicable,168,Cash,31,4.9,4.7
2024-07-13 05:26:00,CNR7687168562,Canceled by Customer,CID291794,Prime Plus,RT Nagar,Hulimavu,,,Driver asked to cancel,Not Applicable,Not Applicable,Not Applicable,499,Not Applicable,0,,
2024-07-18 17:08:00,CNR2616039565,Canceled by Customer,CID880418,Prime Sedan,Kengeri,Peenya,,,Wrong Address,Not Applicable,Not Applicable,Not Applicable,342,Not Applicable,0,,
2024-07-16 10:44:00,CNR9013990430,Success,CID293024,Prime Plus,Shantinagar,Frazer Town,301.0,60.0,Not Applicable,Not Applicable,No,Not Applicable,460,Cash,33,4.8,4.9
2024-07-25 21:02:00,CNR6403693064,Driver Not Found,CID119823,Auto,Hebbal,Richmond Town,,,Not Applicable,Not Applicable,Not Applicable,Not Applicable,812,Not Applicable,0,,
2024-07-08 05:08:00,CNR7512638761,Canceled by Driver,CID301991,Prime Plus,Chamarajpet,Devanahalli,,,Not Applicable,More than permitted people in there,Not Applicable,Not Applicable,651,Not Applicable,0,,
2024-07-01 11:47:00,CNR9577062720,Success,CID192204,Prime Sedan,BTM Layout,Chamarajpet,63.0,40.0,Not Applicable,Not Applicable,No,Not Applicable,217,Cash,18,3.7,4.2
2024-07-24 10:04:00,CNR3021914528,Canceled by Driver,CID308808,eBike,Padmanabhanagar,Rajarajeshwari Nagar,,,Not Applicable,Personal & Car related issue,Not Applicable,Not Applicable,252,Not Applicable,0,,
2024-07-03 13:10:00,CNR9495436958,Success,CID946290,Prime Plus,Cox Town,Shantinagar,119.0,105.0,Not Applicable,Not Applicable,No,Not Applicable,790,Cash,23,3.5,3.8
2024-07-04 19:07:00,CNR6179732934,Driver Not Found,CID692565,Prime Plus,Kammanahalli,Vijayanagar,,,Not Applicable,Not Applicable,Not Applicable,Not Applicable,285,Not Applicable,0,,
2024-07-30 12:03:00,CNR1525361077,Success,CID911746,Prime Sedan,Bannerghatta Road,Hulimavu,294.0,140.0,Not Applicable,Not Applicable,No,Not Applicable,2509,UPI,10,4.7,4.5
2024-07-01 03:07:00,CNR1647637548,Success,CID801387,Mini,Shivajinagar,Peenya,49.0,75.0,Not Applicable,Not Applicable,No,Not Applicable,615,UPI,1,4.2,4.9
2024-07-24 18:28:00,CNR4195153311,Success,CID139167,Prime Sedan,Ulsoor,Majestic,238.0,75.0,Not Applicable,Not Applicable,No,Not Applicable,237,UPI,38,5.0,3.4
2024-07-10 07:37:00,CNR4827484325,Driver Not Found,CID854470,Bike,Peenya,Chickpet,,,Not Applicable,Not Applicable,Not Applicable,Not Applicable,356,Not Applicable,0,,
2024-07-10 21:35:00,CNR8000993482,Success,CID855897,Prime SUV,Frazer Town,Ramamurthy Nagar,266.0,40.0,Not Applicable,Not Applicable,No,Not Applicable,1835,Credit Card,37,3.6,4.8
2024-07-16 13:54:00,CNR2588489711,Success,CID271119,Prime Sedan,Hebbal,Bannerghatta Road,231.0,75.0,Not Applicable,Not Applicable,No,Not Applicable,1065,UPI,40,3.4,4.1
2024-07-10 08:32:00,CNR5234253257,Success,CID702250,Prime SUV,Basavanagudi,Chamarajpet,77.0,135.0,Not Applicable,Not Applicable,No,Not Applicable,393,UPI,22,3.3,4.3
2024-07-18 01:15:00,CNR2564639381,Canceled by Driver,CID916466,Auto,Nagarbhavi,RT Nagar,,,Not Applicable,Personal & Car related issue,Not Applicable,Not Applicable,495,Not Applicable,0,,
2024-07-05 17:11:00,CNR4011678024,Canceled by Customer,CID283251,Mini,Tumkur Road,Sarjapur Road,,,Driver is not moving towards pickup location,Not Applicable,Not Applicable,Not Applicable,390,Not Applicable,0,,
2024-07-15 16:48:00,CNR9128487422,Driver Not Found,CID287874,Prime SUV,RT Nagar,Hosur Road,,,Not Applicable,Not Applicable,Not Applicable,Not Applicable,237,Not Applicable,0,,
2024-07-26 09:25:00,CNR5276752307,Canceled by Driver,CID893272,Prime Plus,Ulsoor,Hennur,,,Not Applicable,Personal & Car related issue,Not Applicable,Not Applicable,752,Not Applicable,0,,
2024-07-29 03:41:00,CNR9371669050,Success,CID686863,eBike,Cox Town,Langford Town,231.0,90.0,Not Applicable,Not Applicable,No,Not Applicable,256,UPI,32,3.9,4.4
2024-07-05 16:08:00,CNR4457088806,Success,CID263437,Mini,Chickpet,Electronic City,42.0,40.0,Not Applicable,Not Applicable,No,Not Applicable,309,Cash,24,4.0,3.6
2024-07-04 22:11:00,CNR4354062360,Canceled by Driver,CID505113,Mini,RT Nagar,Peenya,,,Not Applicable,Personal & Car related issue,Not Applicable,Not Applicable,782,Not Applicable,0,,
2024-07-08 16:35:00,CNR6491123218,Canceled by Driver,CID987117,Prime Sedan,Varthur,Indiranagar,,,Not Applicable,Personal & Car related issue,Not Applicable,Not Applicable,208,Not Applicable,0,,
2024-07-03 03:58:00,CNR8467747572,Canceled by Customer,CID359528,Mini,Mysore Road,Mysore Road,,,AC is Not working,Not Applicable,Not Applicable,Not Applicable,567,Not Applicable,0,,
2024-07-26 21:54:00,CNR6809456544,Success,CID360773,Auto,Tumkur Road,Padmanabhanagar,84.0,125.0,Not Applicable,Not Applicable,No,Not Applicable,228,Cash,13,3.7,4.6
2024-07-20 03:56:00,CNR1862612151,Success,CID847056,Prime Sedan,Kengeri,Mysore Road,301.0,60.0,Not Applicable,Not Applicable,No,Not Applicable,364,Credit Card,5,4.0,4.8
2024-07-04 04:33:00,CNR3686926291,Success,CID868427,eBike,Ramamurthy Nagar,MG Road,56.0,45.0,Not Applicable,Not Applicable,No,Not Applicable,2944,Cash,3,4.6,4.8
2024-07-14 10:04:00,CNR5872044172,Success,CID808072,Prime Plus,Kengeri,Whitefield,77.0,80.0,Not Applicable,Not Applicable,No,Not Applicable,412,Cash,9,4.8,4.5
2024-07-15 07:52:00,CNR8328108729,Success,CID812644,Mini,Peenya,Basavanagudi,35.0,90.0,Not Applicable,Not Applicable,No,Not Applicable,216,Cash,17,4.5,3.4
2024-07-01 02:13:00,CNR5988079650,Driver Not Found,CID360385,Prime Plus,JP Nagar,Ulsoor,,,Not Applicable,Not Applicable,Not Applicable,Not Applicable,2143,Not Applicable,0,,
2024-07-07 04:55:00,CNR3276138022,Canceled by Driver,CID924057,Prime Sedan,Magadi Road,Yeshwanthpur,,,Not Applicable,Customer was coughing/sick,Not Applicable,Not Applicable,172,Not Applicable,0,,
2024-07-11 17:35:00,CNR3958098786,Success,CID685088,Prime Plus,Kadugodi,Sahakar Nagar,119.0,130.0,Not Applicable,Not Applicable,No,Not Applicable,2429,Cash,33,3.9,3.1
2024-07-04 18:01:00,CNR1816364514,Success,CID953810,Auto,Varthur,Marathahalli,91.0,30.0,Not Applicable,Not Applicable,No,Not Applicable,809,UPI,1,3.9,3.4
2024-07-11 09:55:00,CNR2849784490,Success,CID760035,Auto,Ulsoor,Rajarajeshwari Nagar,210.0,85.0,Not Applicable,Not Applicable,No,Not Applicable,451,UPI,4,3.2,3.6
2024-07-03 20:03:00,CNR6972748438,Success,CID554381,Prime SUV,Vijayanagar,Majestic,280.0,50.0,Not Applicable,Not Applicable,No,Not Applicable,133,UPI,21,4.1,5.0
2024-07-09 09:04:00,CNR1791648324,Canceled by Driver,CID663767,Prime Sedan,Koramangala,Rajajinagar,,,Not Applicable,Personal & Car related issue,Not Applicable,Not Applicable,367,Not Applicable,0,,
2024-07-10 20:01:00,CNR7103761124,Driver Not Found,CID674742,Bike,Rajajinagar,JP Nagar,,,Not Applicable,Not Applicable,Not Applicable,Not Applicable,742,Not Applicable,0,,
2024-07-03 23:05:00,CNR6585703917,Success,CID397507,Auto,HSR Layout,Indiranagar,280.0,105.0,Not Applicable,Not Applicable,Yes,Customer Demand,489,Cash,2,4.8,4.4
2024-07-21 09:59:00,CNR3296240325,Success,CID133645,eBike,Whitefield,Hennur,182.0,100.0,Not Applicable,Not Applicable,No,Not Applicable,506,Cash,31,3.6,4.9
2024-07-14 03:57:00,CNR8223523166,Driver Not Found,CID437999,Bike,Whitefield,Mysore Road,,,Not Applicable,Not Applicable,Not Applicable,Not Applicable,601,Not Applicable,0,,
2024-07-01 06:47:00,CNR9735660911,Success,CID838803,Prime SUV,Bannerghatta Road,Yelahanka,217.0,115.0,Not Applicable,Not Applicable,No,Not Applicable,379,UPI,27,3.4,3.8
2024-07-07 22:18:00,CNR4329982789,Canceled by Customer,CID588544,Bike,Varthur,Ulsoor,,,AC is Not working,Not Applicable,Not Applicable,Not Applicable,241,Not Applicable,0,,
2024-07-15 22:30:00,CNR9701922914,Driver Not Found,CID146349,eBike,Padmanabhanagar,Ulsoor,,,Not Applicable,Not Applicable,Not Applicable,Not Applicable,204,Not Applicable,0,,
2024-07-24 21:04:00,CNR3324553934,Canceled by Driver,CID938083,Bike,Jayanagar,Chickpet,,,Not Applicable,Customer was coughing/sick,Not Applicable,Not Applicable,482,Not Applicable,0,,
2024-07-27 12:50:00,CNR3591025608,Success,CID333175,Bike,Malleshwaram,Kadugodi,203.0,85.0,Not Applicable,Not Applicable,No,Not Applicable,577,Cash,17,3.4,3.5
2024-07-20 16:55:00,CNR7301600524,Canceled by Customer,CID294615,Auto,KR Puram,Hebbal,,,AC is Not working,Not Applicable,Not Applicable,Not Applicable,892,Not Applicable,0,,
2024-07-30 17:13:00,CNR4776471359,Canceled by Customer,CID479951,eBike,Hosur Road,Jayanagar,,,Driver asked to cancel,Not Applicable,Not Applicable,Not Applicable,674,Not Applicable,0,,
2024-07-28 13:42:00,CNR3700416786,Canceled by Customer,CID160458,Prime SUV,Shivajinagar,Electronic City,,,Change of plans,Not Applicable,Not Applicable,Not Applicable,447,Not Applicable,0,,
2024-07-11 07:33:00,CNR3462340628,Canceled by Driver,CID239124,Prime SUV,RT Nagar,Malleshwaram,,,Not Applicable,More than permitted people in there,Not Applicable,Not Applicable,148,Not Applicable,0,,
2024-07-28 18:18:00,CNR5219382157,Canceled by Driver,CID229314,Prime SUV,Basavanagudi,Shantinagar,,,Not Applicable,More than permitted people in there,Not Applicable,Not Applicable,101,Not Applicable,0,,
2024-07-02 15:13:00,CNR4165442717,Driver Not Found,CID746578,eBike,Chamarajpet,Richmond Town,,,Not Applicable,Not Applicable,Not Applicable,Not Applicable,231,Not Applicable,0,,
2024-07-01 19:03:00,CNR1759069706,Success,CID943819,Bike,Yeshwanthpur,Indiranagar,231.0,30.0,Not Applicable,Not Applicable,No,Not Applicable,172,UPI,5,3.1,3.1
2024-07-25 01:41:00,CNR1998845379,Success,CID587485,Auto,Majestic,Bannerghatta Road,77.0,60.0,Not Applicable,Not Applicable,No,Not Applicable,186,UPI,18,3.2,4.3
2024-07-10 22:55:00,CNR4936120069,Success,CID888986,Auto,Cox Town,Vijayanagar,217.0,75.0,Not Applicable,Not Applicable,No,Not Applicable,943,UPI,8,4.3,4.9
2024-07-19 04:23:00,CNR3611954724,Canceled by Customer,CID835376,Bike,Mysore Road,Hennur,,,Wrong Address,Not Applicable,Not Applicable,Not Applicable,255,Not Applicable,0,,
2024-07-14 23:27:00,CNR7597276757,Driver Not Found,CID788243,Prime SUV,Peenya,Malleshwaram,,,Not Applicable,Not Applicable,Not Applicable,Not Applicable,121,Not Applicable,0,,
2024-07-04 20:49:00,CNR6716480946,Canceled by Driver,CID709344,Mini,Nagarbhavi,Varthur,,,Not Applicable,Customer was coughing/sick,Not Applicable,Not Applicable,255,Not Applicable,0,,
2024-07-04 13:43:00,CNR6482129028,Success,CID367560,Prime SUV,Frazer Town,Sarjapur Road,112.0,115.0,Not Applicable,Not Applicable,No,Not Applicable,2109,Cash,2,3.1,4.5
2024-07-27 05:05:00,CNR6666854548,Success,CID956886,Bike,Yelahanka,Hosur Road,42.0,90.0,Not Applicable,Not Applicable,No,Not Applicable,415,Cash,4,4.1,3.2
2024-07-20 21:28:00,CNR9333273492,Success,CID604552,Prime Sedan,Chickpet,Majestic,105.0,115.0,Not Applicable,Not Applicable,No,Not Applicable,594,UPI,21,4.1,4.6
2024-07-17 16:19:00,CNR3920498221,Driver Not Found,CID266826,Prime Sedan,Electronic City,Shantinagar,,,Not Applicable,Not Applicable,Not Applicable,Not Applicable,984,Not Applicable,0,,
2024-07-16 16:04:00,CNR8705137963,Success,CID925665,Auto,Bellandur,BTM Layout,147.0,70.0,Not Applicable,Not Applicable,No,Not Applicable,727,UPI,12,3.1,4.8
2024-07-11 11:32:00,CNR8273757466,Success,CID743092,eBike,JP Nagar,Richmond Town,112.0,125.0,Not Applicable,Not Applicable,No,Not Applicable,515,Cash,25,4.3,4.4
2024-07-06 11:26:00,CNR3132012889,Canceled by Driver,CID969345,Auto,Yelahanka,Basavanagudi,,,Not Applicable,Personal & Car related issue,Not Applicable,Not Applicable,848,Not Applicable,0,,
2024-07-03 10:41:00,CNR4759587059,Success,CID274425,Mini,Padmanabhanagar,JP Nagar,231.0,35.0,Not Applicable,Not Applicable,No,Not Applicable,997,UPI,40,3.8,3.1
2024-07-25 15:57:00,CNR5983043846,Success,CID608437,Mini,Hebbal,BTM Layout,217.0,130.0,Not Applicable,Not Applicable,No,Not Applicable,191,UPI,1,3.3,3.6
2024-07-04 03:04:00,CNR7848570023,Success,CID941682,eBike,Yeshwanthpur,Magadi Road,168.0,125.0,Not Applicable,Not Applicable,No,Not Applicable,996,UPI,34,3.3,3.8
2024-07-29 09:16:00,CNR6296806775,Driver Not Found,CID515549,Bike,Kammanahalli,Mysore Road,,,Not Applicable,Not Applicable,Not Applicable,Not Applicable,378,Not Applicable,0,,
2024-07-06 15:45:00,CNR1105102697,Driver Not Found,CID657524,Mini,JP Nagar,Ulsoor,,,Not Applicable,Not Applicable,Not Applicable,Not Applicable,218,Not Applicable,0,,
2024-07-16 02:29:00,CNR5208477487,Canceled by Driver,CID395323,eBike,RT Nagar,RT Nagar,,,Not Applicable,Personal & Car related issue,Not Applicable,Not Applicable,256,Not Applicable,0,,
2024-07-07 13:16:00,CNR2784806529,Success,CID264448,Prime Sedan,Magadi Road,Cox Town,301.0,145.0,Not Applicable,Not Applicable,No,Not Applicable,342,UPI,13,3.7,3.4
2024-07-22 08:15:00,CNR9158255048,Success,CID423833,Prime SUV,Koramangala,Richmond Town,49.0,105.0,Not Applicable,Not Applicable,No,Not Applicable,445,Cash,2,5.0,3.3
2024-07-04 13:48:00,CNR3074008264,Canceled by Driver,CID490562,Prime SUV,HSR Layout,Kengeri,,,Not Applicable,Personal & Car related issue,Not Applicable,Not Applicable,403,Not Applicable,0,,
2024-07-19 08:13:00,CNR2344843448,Success,CID416862,eBike,Yelahanka,Hennur,133.0,140.0,Not Applicable,Not Applicable,No,Not Applicable,327,Cash,39,3.9,4.0
2024-07-10 05:46:00,CNR3107130785,Success,CID775806,Auto,Rajarajeshwari Nagar,Frazer Town,273.0,60.0,Not Applicable,Not Applicable,No,Not Applicable,796,Cash,10,3.4,4.6
2024-07-10 22:27:00,CNR5096526505,Success,CID810868,Bike,Jayanagar,Nagarbhavi,245.0,90.0,Not Applicable,Not Applicable,No,Not Applicable,371,Cash,46,4.3,4.2
2024-07-22 00:17:00,CNR5356461401,Success,CID974686,Bike,Bellandur,Mysore Road,77.0,85.0,Not Applicable,Not Applicable,No,Not Applicable,209,Credit Card,27,4.5,4.3
2024-07-19 07:03:00,CNR6230414626,Canceled by Customer,CID143850,Prime Sedan,Tumkur Road,Malleshwaram,,,Change of plans,Not Applicable,Not Applicable,Not Applicable,2008,Not Applicable,0,,
2024-07-23 16:15:00,CNR9848023419,Canceled by Customer,CID200911,Auto,Langford Town,Hulimavu,,,Change of plans,Not Applicable,Not Applicable,Not Applicable,255,Not Applicable,0,,
2024-07-21 20:06:00,CNR3246542979,Success,CID663499,eBike,Mysore Road,Indiranagar,42.0,50.0,Not Applicable,Not Applicable,No,Not Applicable,101,UPI,17,3.4,3.1
2024-07-04 03:08:00,CNR7874049610,Success,CID236414,Prime Plus,Sahakar Nagar,HSR Layout,203.0,100.0,Not Applicable,Not Applicable,No,Not Applicable,960,UPI,44,3.2,4.7
2024-07-28 18:24:00,CNR6035501952,Success,CID398994,Prime Sedan,Indiranagar,Hebbal,308.0,135.0,Not Applicable,Not Applicable,No,Not Applicable,169,UPI,17,3.1,3.1
2024-07-18 12:52:00,CNR4481374455,Success,CID499189,Prime Plus,Electronic City,Marathahalli,294.0,105.0,Not Applicable,Not Applicable,No,Not Applicable,679,UPI,34,4.0,4.5
2024-07-24 15:45:00,CNR2357234097,Success,CID515000,Auto,Chamarajpet,JP Nagar,245.0,25.0,Not Applicable,Not Applicable,No,Not Applicable,554,UPI,5,3.0,4.9
2024-07-21 13:34:00,CNR2039847064,Canceled by Driver,CID703018,Bike,Padmanabhanagar,Ramamurthy Nagar,,,Not Applicable,Customer related issue,Not Applicable,Not Applicable,155,Not Applicable,0,,
2024-07-14 17:31:00,CNR5966858733,Success,CID206866,Auto,Rajajinagar,Richmond Town,84.0,105.0,Not Applicable,Not Applicable,No,Not Applicable,329,Cash,6,3.3,4.0
2024-07-15 13:31:00,CNR7903784728,Success,CID139760,Prime Plus,Kengeri,Sarjapur Road,63.0,125.0,Not Applicable,Not Applicable,No,Not Applicable,107,UPI,39,3.3,4.9
2024-07-18 12:19:00,CNR8347955381,Success,CID732747,Bike,Jayanagar,Kengeri,287.0,25.0,Not Applicable,Not Applicable,No,Not Applicable,312,UPI,29,4.1,4.4
2024-07-14 07:52:00,CNR2832086626,Success,CID295295,Prime Sedan,Koramangala,Sahakar Nagar,126.0,80.0,Not Applicable,Not Applicable,No,Not Applicable,280,Cash,36,4.7,3.9
2024-07-20 05:44:00,CNR4998197969,Success,CID223930,Prime SUV,Shivajinagar,Sahakar Nagar,56.0,55.0,Not Applicable,Not Applicable,No,Not Applicable,650,Cash,36,4.7,4.8
2024-07-29 09:42:00,CNR6156105428,Driver Not Found,CID478161,Prime Sedan,Richmond Town,Sarjapur Road,,,Not Applicable,Not Applicable,Not Applicable,Not Applicable,666,Not Applicable,0,,
2024-07-19 21:32:00,CNR5096259907,Canceled by Driver,CID713572,eBike,JP Nagar,Hebbal,,,Not Applicable,Personal & Car related issue,Not Applicable,Not Applicable,176,Not Applicable,0,,
2024-07-27 07:25:00,CNR9122241273,Success,CID562063,Auto,Tumkur Road,Devanahalli,84.0,135.0,Not Applicable,Not Applicable,No,Not Applicable,496,Cash,8,4.7,3.6
2024-07-22 00:58:00,CNR1676719178,Success,CID963660,Mini,Kammanahalli,Padmanabhanagar,91.0,30.0,Not Applicable,Not Applicable,No,Not Applicable,317,Credit Card,47,4.9,3.3
2024-07-20 21:16:00,CNR5524915002,Success,CID450098,Auto,Frazer Town,KR Puram,280.0,130.0,Not Applicable,Not Applicable,No,Not Applicable,962,Cash,11,4.5,3.0
2024-07-07 12:22:00,CNR5958445056,Canceled by Driver,CID446941,eBike,Langford Town,Majestic,,,Not Applicable,More than permitted people in there,Not Applicable,Not Applicable,642,Not Applicable,0,,
2024-07-30 11:53:00,CNR3211877735,Success,CID743117,Prime Sedan,Cox Town,HSR Layout,287.0,70.0,Not Applicable,Not Applicable,No,Not Applicable,228,Cash,23,4.8,3.4
2024-07-16 17:46:00,CNR9388107682,Canceled by Customer,CID840346,Prime Sedan,Mysore Road,Indiranagar,,,Driver is not moving towards pickup location,Not Applicable,Not Applicable,Not Applicable,216,Not Applicable,0,,
2024-07-09 06:53:00,CNR1998613771,Success,CID884765,eBike,Mysore Road,Chickpet,168.0,100.0,Not Applicable,Not Applicable,No,Not Applicable,477,Credit Card,41,3.2,4.0
2024-07-14 02:28:00,CNR6923677666,Driver Not Found,CID124935,Bike,Majestic,Chamarajpet,,,Not Applicable,Not Applicable,Not Applicable,Not Applicable,277,Not Applicable,0,,
2024-07-26 22:49:00,CNR1852454738,Driver Not Found,CID781523,Prime SUV,Banashankari,Bannerghatta Road,,,Not Applicable,Not Applicable,Not Applicable,Not Applicable,601,Not Applicable,0,,
2024-07-12 12:04:00,CNR2441774613,Canceled by Customer,CID166563,Bike,Shivajinagar,KR Puram,,,AC is Not working,Not Applicable,Not Applicable,Not Applicable,258,Not Applicable,0,,
2024-07-07 00:22:00,CNR3551606226,Success,CID115356,Bike,Langford Town,Bannerghatta Road,140.0,55.0,Not Applicable,Not Applicable,No,Not Applicable,345,Cash,43,4.8,4.6
2024-07-28 08:08:00,CNR9266238014,Success,CID180424,Prime SUV,RT Nagar,JP Nagar,126.0,35.0,Not Applicable,Not Applicable,No,Not Applicable,104,Cash,29,4.2,3.0
2024-07-16 15:40:00,CNR3178581771,Success,CID406782,Prime SUV,Yeshwanthpur,KR Puram,154.0,75.0,Not Applicable,Not Applicable,Yes,Customer Demand,780,UPI,43,3.3,4.4
2024-07-21 22:04:00,CNR6630122956,Success,CID485217,Prime Plus,Shantinagar,Sarjapur Road,70.0,45.0,Not Applicable,Not Applicable,No,Not Applicable,488,Cash,42,4.4,3.8
2024-07-04 07:10:00,CNR6481461779,Success,CID418305,eBike,Sahakar Nagar,Sarjapur Road,182.0,95.0,Not Applicable,Not Applicable,No,Not Applicable,349,Cash,45,4.3,4.2
2024-07-23 01:19:00,CNR9827470995,Canceled by Customer,CID791004,Auto,Rajajinagar,Hebbal,,,Change of plans,Not Applicable,Not Applicable,Not Applicable,303,Not Applicable,0,,
2024-07-18 04:03:00,CNR7059118300,Success,CID846189,Prime Sedan,Ramamurthy Nagar,Cox Town,266.0,55.0,Not Applicable,Not Applicable,No,Not Applicable,458,UPI,47,3.2,3.8
2024-07-07 22:03:00,CNR9098980512,Success,CID778985,Prime Plus,Koramangala,Hennur,196.0,105.0,Not Applicable,Not Applicable,No,Not Applicable,203,Cash,39,3.5,3.1
2024-07-04 04:48:00,CNR5075935226,Driver Not Found,CID310944,Prime SUV,Majestic,Sahakar Nagar,,,Not Applicable,Not Applicable,Not Applicable,Not Applicable,2695,Not Applicable,0,,
2024-07-27 18:48:00,CNR9114796293,Success,CID377604,Prime SUV,Jayanagar,Shivajinagar,308.0,120.0,Not Applicable,Not Applicable,No,Not Applicable,472,Cash,16,3.2,3.7
2024-07-28 06:28:00,CNR1336073950,Success,CID663645,Prime Plus,Marathahalli,Richmond Town,287.0,115.0,Not Applicable,Not Applicable,No,Not Applicable,657,UPI,41,4.2,4.8
2024-07-18 06:24:00,CNR9890176683,Success,CID550893,eBike,Kadugodi,Whitefield,203.0,90.0,Not Applicable,Not Applicable,No,Not Applicable,747,UPI,16,3.8,4.8
2024-07-11 22:34:00,CNR9246105731,Success,CID411471,Prime Sedan,Magadi Road,Langford Town,210.0,90.0,Not Applicable,Not Applicable,No,Not Applicable,114,UPI,36,4.1,4.7
2024-07-18 15:08:00,CNR1263936541,Success,CID206428,Auto,Yeshwanthpur,Rajajinagar,189.0,75.0,Not Applicable,Not Applicable,No,Not Applicable,137,UPI,1,4.7,3.7
2024-07-20 08:57:00,CNR7582255360,Success,CID238250,Bike,Ulsoor,Kadugodi,280.0,25.0,Not Applicable,Not Applicable,Yes,Vehicle Breakdown,202,Cash,28,3.1,3.4
2024-07-26 01:04:00,CNR8874870004,Success,CID762012,Auto,Bellandur,Koramangala,259.0,135.0,Not Applicable,Not Applicable,No,Not Applicable,771,Cash,16,4.6,4.7
2024-07-26 22:38:00,CNR2087486954,Success,CID239020,eBike,Chamarajpet,Kengeri,231.0,90.0,Not Applicable,Not Applicable,No,Not Applicable,849,Cash,37,3.8,3.0
2024-07-03 17:37:00,CNR8745813955,Canceled by Driver,CID101380,Prime SUV,Vijayanagar,Padmanabhanagar,,,Not Applicable,Customer was coughing/sick,Not Applicable,Not Applicable,849,Not Applicable,0,,
2024-07-07 04:08:00,CNR7237276647,Success,CID123698,Mini,KR Puram,Varthur,35.0,140.0,Not Applicable,Not Applicable,No,Not Applicable,402,UPI,45,4.5,5.0
2024-07-25 18:13:00,CNR3538574363,Success,CID368004,Prime SUV,Hennur,Cox Town,203.0,90.0,Not Applicable,Not Applicable,No,Not Applicable,269,Cash,40,3.2,4.2
2024-07-15 06:26:00,CNR4923629923,Canceled by Driver,CID176320,Auto,Jayanagar,Langford Town,,,Not Applicable,More than permitted people in there,Not Applicable,Not Applicable,296,Not Applicable,0,,
2024-07-21 13:49:00,CNR5060999775,Success,CID982967,Auto,Chickpet,Shivajinagar,217.0,145.0,Not Applicable,Not Applicable,No,Not Applicable,397,Cash,18,3.5,4.6
2024-07-30 18:52:00,CNR4550726008,Driver Not Found,CID586918,Prime Sedan,Langford Town,Chamarajpet,,,Not Applicable,Not Applicable,Not Applicable,Not Applicable,391,Not Applicable,0,,
2024-07-12 08:54:00,CNR6155120699,Success,CID865431,Prime SUV,Tumkur Road,Devanahalli,196.0,110.0,Not Applicable,Not Applicable,No,Not Applicable,347,Cash,9,4.9,3.8
2024-07-14 14:20:00,CNR8595494218,Success,CID688235,Auto,Hosur Road,Rajajinagar,154.0,100.0,Not Applicable,Not Applicable,No,Not Applicable,290,UPI,17,3.3,4.1
2024-07-05 07:28:00,CNR6147414992,Success,CID234124,Prime Plus,Sahakar Nagar,Electronic City,217.0,55.0,Not Applicable,Not Applicable,No,Not Applicable,478,UPI,4,4.3,4.0
2024-07-24 23:08:00,CNR3929678886,Success,CID797298,eBike,Hennur,KR Puram,105.0,75.0,Not Applicable,Not Applicable,No,Not Applicable,264,Cash,27,3.2,3.6
2024-07-03 09:20:00,CNR1780998824,Success,CID410087,Prime Plus,Frazer Town,Ramamurthy Nagar,196.0,95.0,Not Applicable,Not Applicable,No,Not Applicable,324,Cash,49,4.8,3.3
2024-07-15 16:41:00,CNR7710804440,Driver Not Found,CID820541,Prime Sedan,RT Nagar,Bannerghatta Road,,,Not Applicable,Not Applicable,Not Applicable,Not Applicable,438,Not Applicable,0,,
2024-07-06 11:54:00,CNR8105903458,Success,CID930699,Prime SUV,Bellandur,Kengeri,287.0,65.0,Not Applicable,Not Applicable,No,Not Applicable,285,Cash,8,4.2,4.8
2024-07-07 17:26:00,CNR4672172755,Success,CID129124,Prime Sedan,Banashankari,Whitefield,217.0,135.0,Not Applicable,Not Applicable,No,Not Applicable,493,UPI,5,4.3,4.2
2024-07-30 16:48:00,CNR5272594548,Canceled by Driver,CID627109,Prime Plus,KR Puram,Marathahalli,,,Not Applicable,Customer was coughing/sick,Not Applicable,Not Applicable,470,Not Applicable,0,,
2024-07-04 21:47:00,CNR8535011317,Success,CID520411,Bike,Nagarbhavi,Bannerghatta Road,210.0,90.0,Not Applicable,Not Applicable,Yes,Customer Demand,155,UPI,27,4.5,3.2
2024-07-01 06:01:00,CNR6548861474,Success,CID523299,Bike,Varthur,Magadi Road,280.0,60.0,Not Applicable,Not Applicable,No,Not Applicable,139,Cash,31,3.7,3.6
2024-07-17 17:43:00,CNR3096920957,Success,CID738485,Auto,Devanahalli,Indiranagar,280.0,25.0,Not Applicable,Not Applicable,No,Not Applicable,2851,UPI,2,3.8,3.4
2024-07-24 23:02:00,CNR6844255970,Canceled by Customer,CID476455,eBike,Ramamurthy Nagar,Tumkur Road,,,Wrong Address,Not Applicable,Not Applicable,Not Applicable,2638,Not Applicable,0,,
2024-07-24 11:37:00,CNR5106611023,Success,CID459050,Prime Sedan,MG Road,Hosur Road,147.0,95.0,Not Applicable,Not Applicable,Yes,Other Issue,426,UPI,15,3.9,3.9
2024-07-08 17:54:00,CNR4676885596,Success,CID586363,Mini,Hebbal,Marathahalli,196.0,105.0,Not Applicable,Not Applicable,No,Not Applicable,579,Cash,20,3.5,3.6
2024-07-02 13:37:00,CNR8282607088,Success,CID421931,Mini,Jayanagar,Yeshwanthpur,175.0,145.0,Not Applicable,Not Applicable,No,Not Applicable,358,Cash,42,4.1,4.6
2024-07-21 12:00:00,CNR7249326192,Success,CID719773,Bike,Majestic,Rajarajeshwari Nagar,105.0,110.0,Not Applicable,Not Applicable,No,Not Applicable,165,UPI,37,3.7,4.5
2024-07-16 22:06:00,CNR5961372525,Driver Not Found,CID339674,Auto,Peenya,Richmond Town,,,Not Applicable,Not Applicable,Not Applicable,Not Applicable,2684,Not Applicable,0,,
2024-07-28 01:39:00,CNR5743469846,Success,CID947691,Prime Sedan,Nagarbhavi,Ramamurthy Nagar,301.0,125.0,Not Applicable,Not Applicable,No,Not Applicable,145,Credit Card,3,3.6,3.2
2024-07-15 06:16:00,CNR7807535423,Success,CID912142,Prime Plus,Basavanagudi,RT Nagar,70.0,75.0,Not Applicable,Not Applicable,No,Not Applicable,336,UPI,13,3.9,3.4
2024-07-20 09:29:00,CNR7127343811,Success,CID440642,Prime SUV,Hulimavu,Sarjapur Road,42.0,40.0,Not Applicable,Not Applicable,Yes,Vehicle Breakdown,589,Cash,10,4.0,4.5
2024-07-28 09:41:00,CNR8143996976,Success,CID263485,Prime Plus,Hulimavu,Richmond Town,70.0,125.0,Not Applicable,Not Applicable,No,Not Applicable,184,UPI,19,3.9,4.2
2024-07-22 07:49:00,CNR8265796055,Success,CID667686,eBike,Chickpet,Whitefield,245.0,60.0,Not Applicable,Not Applicable,No,Not Applicable,250,UPI,3,5.0,4.8
2024-07-21 01:56:00,CNR2731832411,Success,CID838782,Prime SUV,Cox Town,Ramamurthy Nagar,266.0,80.0,Not Applicable,Not Applicable,No,Not Applicable,342,Cash,33,4.0,3.7
2024-07-01 12:46:00,CNR5893227620,Success,CID724717,Mini,Electronic City,Padmanabhanagar,70.0,140.0,Not Applicable,Not Applicable,No,Not Applicable,665,Cash,24,3.9,3.3
2024-07-14 10:12:00,CNR2900227014,Success,CID843412,Mini,Mysore Road,Banashankari,203.0,115.0,Not Applicable,Not Applicable,No,Not Applicable,217,Cash,6,4.4,4.4
2024-07-24 23:31:00,CNR4369876269,Success,CID654749,Prime Sedan,Frazer Town,Bannerghatta Road,63.0,140.0,Not Applicable,Not Applicable,No,Not Applicable,358,Credit Card,36,4.6,3.2
2024-07-17 02:34:00,CNR6315774432,Success,CID778590,eBike,Hennur,Kengeri,133.0,60.0,Not Applicable,Not Applicable,Yes,Other Issue,206,Cash,17,3.5,4.5
2024-07-16 01:35:00,CNR6359719407,Canceled by Customer,CID132002,Auto,Kammanahalli,Peenya,,,Driver is not moving towards pickup location,Not Applicable,Not Applicable,Not Applicable,336,Not Applicable,0,,
2024-07-12 17:46:00,CNR9415043355,Success,CID955162,Prime Sedan,Padmanabhanagar,Bellandur,63.0,140.0,Not Applicable,Not Applicable,No,Not Applicable,474,UPI,10,4.2,4.5
2024-07-26 14:13:00,CNR7333194442,Success,CID563302,Mini,Indiranagar,JP Nagar,217.0,50.0,Not Applicable,Not Applicable,Yes,Other Issue,360,UPI,39,5.0,4.3
2024-07-05 13:55:00,CNR5730003067,Success,CID180372,Bike,Sahakar Nagar,Shantinagar,294.0,55.0,Not Applicable,Not Applicable,No,Not Applicable,157,UPI,27,3.6,3.4
2024-07-26 08:46:00,CNR7722077781,Canceled by Driver,CID390559,Prime Sedan,Ulsoor,Nagarbhavi,,,Not Applicable,Personal & Car related issue,Not Applicable,Not Applicable,644,Not Applicable,0,,
2024-07-09 17:21:00,CNR8202988828,Success,CID880766,Prime Plus,Indiranagar,Kadugodi,140.0,55.0,Not Applicable,Not Applicable,No,Not Applicable,379,UPI,36,4.5,3.6
2024-07-08 15:05:00,CNR2038802889,Success,CID888203,Prime SUV,Ramamurthy Nagar,Ulsoor,91.0,80.0,Not Applicable,Not Applicable,No,Not Applicable,451,Cash,8,3.9,4.7
2024-07-09 01:28:00,CNR2100101481,Canceled by Customer,CID479845,Mini,Rajarajeshwari Nagar,Marathahalli,,,Driver is not moving towards pickup location,Not Applicable,Not Applicable,Not Applicable,2681,Not Applicable,0,,
2024-07-10 06:15:00,CNR1407287806,Canceled by Driver,CID963222,eBike,Langford Town,Sahakar Nagar,,,Not Applicable,Customer related issue,Not Applicable,Not Applicable,577,Not Applicable,0,,
2024-07-16 18:03:00,CNR5232169923,Canceled by Driver,CID656452,Prime SUV,JP Nagar,Magadi Road,,,Not Applicable,Customer was coughing/sick,Not Applicable,Not Applicable,150,Not Applicable,0,,
2024-07-23 10:36:00,CNR2926147753,Canceled by Driver,CID297119,Prime Sedan,Bellandur,Hosur Road,,,Not Applicable,More than permitted people in there,Not Applicable,Not Applicable,260,Not Applicable,0,,
2024-07-28 04:45:00,CNR8926994709,Success,CID335950,Bike,Ulsoor,Koramangala,175.0,100.0,Not Applicable,Not Applicable,No,Not Applicable,830,Cash,17,3.1,3.4
2024-07-18 14:29:00,CNR2362099931,Success,CID233154,Prime Plus,Kengeri,Marathahalli,259.0,130.0,Not Applicable,Not Applicable,No,Not Applicable,218,Cash,47,3.5,4.1
2024-07-01 20:14:00,CNR8825504314,Success,CID947173,Bike,Hebbal,Malleshwaram,112.0,140.0,Not Applicable,Not Applicable,No,Not Applicable,180,UPI,21,4.6,4.8
2024-07-16 18:34:00,CNR3690929103,Success,CID545970,Prime SUV,Bellandur,Mysore Road,91.0,105.0,Not Applicable,Not Applicable,No,Not Applicable,100,UPI,43,3.3,3.7
2024-07-26 15:04:00,CNR5273898512,Success,CID888630,Prime Plus,KR Puram,HSR Layout,273.0,130.0,Not Applicable,Not Applicable,No,Not Applicable,375,Cash,37,3.6,3.0
2024-07-03 05:16:00,CNR9724333556,Success,CID203481,eBike,Hebbal,Kengeri,168.0,60.0,Not Applicable,Not Applicable,No,Not Applicable,939,Cash,43,4.3,3.3
2024-07-12 11:52:00,CNR7566830663,Success,CID293107,Prime Sedan,Yeshwanthpur,Whitefield,287.0,115.0,Not Applicable,Not Applicable,No,Not Applicable,207,Cash,10,4.7,3.2
2024-07-20 21:07:00,CNR7822711041,Success,CID457076,Prime SUV,Rajarajeshwari Nagar,Hulimavu,196.0,115.0,Not Applicable,Not Applicable,No,Not Applicable,959,Cash,20,3.6,3.7
2024-07-06 21:53:00,CNR5652451203,Driver Not Found,CID429255,Prime SUV,HSR Layout,Varthur,,,Not Applicable,Not Applicable,Not Applicable,Not Applicable,434,Not Applicable,0,,
2024-07-29 10:30:00,CNR2458194211,Canceled by Driver,CID761556,Auto,Ramamurthy Nagar,Yeshwanthpur,,,Not Applicable,Customer was coughing/sick,Not Applicable,Not Applicable,1181,Not Applicable,0,,
2024-07-12 21:53:00,CNR9573102534,Canceled by Driver,CID555170,Prime Plus,Peenya,Yelahanka,,,Not Applicable,Customer related issue,Not Applicable,Not Applicable,450,Not Applicable,0,,
2024-07-15 01:37:00,CNR2671538988,Success,CID990226,eBike,Banashankari,Richmond Town,168.0,85.0,Not Applicable,Not Applicable,No,Not Applicable,333,Cash,6,3.8,4.6
2024-07-04 05:17:00,CNR1930983760,Success,CID489167,Prime Sedan,KR Puram,Devanahalli,301.0,110.0,Not Applicable,Not Applicable,No,Not Applicable,130,UPI,9,4.9,3.3
2024-07-29 09:05:00,CNR1576690644,Success,CID770225,Auto,Indiranagar,Langford Town,161.0,80.0,Not Applicable,Not Applicable,No,Not Applicable,144,Cash,10,4.1,3.5
2024-07-08 08:50:00,CNR6687046527,Success,CID484756,Auto,Nagarbhavi,Magadi Road,147.0,50.0,Not Applicable,Not Applicable,No,Not Applicable,961,UPI,2,4.3,3.8
2024-07-03 22:38:00,CNR5214223947,Canceled by Customer,CID288996,Prime Sedan,Majestic,Malleshwaram,,,Driver asked to cancel,Not Applicable,Not Applicable,Not Applicable,604,Not Applicable,0,,
2024-07-26 09:06:00,CNR3696598594,Success,CID422381,Auto,Majestic,Kadugodi,91.0,85.0,Not Applicable,Not Applicable,No,Not Applicable,342,UPI,1,4.3,3.9
2024-07-02 00:23:00,CNR8589920790,Canceled by Customer,CID488426,Mini,Malleshwaram,Kammanahalli,,,Driver is not moving towards pickup location,Not Applicable,Not Applicable,Not Applicable,409,Not Applicable,0,,
2024-07-24 21:00:00,CNR3050266121,Success,CID254802,Prime Sedan,Marathahalli,Kengeri,105.0,25.0,Not Applicable,Not Applicable,No,Not Applicable,489,UPI,12,4.7,4.2
2024-07-02 22:06:00,CNR8248650136,Canceled by Driver,CID831076,Auto,Kammanahalli,JP Nagar,,,Not Applicable,Personal & Car related issue,Not Applicable,Not Applicable,929,Not Applicable,0,,
2024-07-21 19:09:00,CNR8277565872,Success,CID243551,Mini,BTM Layout,Basavanagudi,133.0,45.0,Not Applicable,Not Applicable,No,Not Applicable,346,Cash,22,4.2,3.3
2024-07-23 23:25:00,CNR8229656349,Success,CID350287,Mini,Rajajinagar,Kengeri,259.0,120.0,Not Applicable,Not Applicable,No,Not Applicable,793,Credit Card,9,3.6,3.8
2024-07-24 11:37:00,CNR2972442433,Success,CID970989,Prime Sedan,Rajajinagar,Basavanagudi,224.0,65.0,Not Applicable,Not Applicable,No,Not Applicable,469,UPI,28,4.3,3.5
2024-07-03 06:23:00,CNR7109314308,Success,CID452595,eBike,Rajarajeshwari Nagar,Chickpet,161.0,95.0,Not Applicable,Not Applicable,No,Not Applicable,233,UPI,40,3.7,4.1
2024-07-20 01:43:00,CNR9633582377,Canceled by Driver,CID798617,Prime Plus,JP Nagar,Sarjapur Road,,,Not Applicable,Customer was coughing/sick,Not Applicable,Not Applicable,401,Not Applicable,0,,
2024-07-13 20:30:00,CNR7314215778,Success,CID460519,Auto,Malleshwaram,Electronic City,175.0,55.0,Not Applicable,Not Applicable,No,Not Applicable,207,UPI,4,4.8,5.0
2024-07-25 10:37:00,CNR8070363718,Canceled by Driver,CID676697,Prime Sedan,Frazer Town,Indiranagar,,,Not Applicable,Customer was coughing/sick,Not Applicable,Not Applicable,351,Not Applicable,0,,
2024-07-18 04:11:00,CNR7643459345,Success,CID709679,Bike,Ulsoor,KR Puram,140.0,45.0,Not Applicable,Not Applicable,No,Not Applicable,402,Cash,2,4.9,3.1
2024-07-30 13:41:00,CNR5920793060,Success,CID374655,Prime Plus,Hennur,KR Puram,175.0,50.0,Not Applicable,Not Applicable,No,Not Applicable,624,UPI,38,3.4,4.7
2024-07-29 23:29:00,CNR3558335067,Canceled by Driver,CID994763,Mini,RT Nagar,Electronic City,,,Not Applicable,Customer related issue,Not Applicable,Not Applicable,945,Not Applicable,0,,
2024-07-02 19:37:00,CNR5902195430,Success,CID485857,Prime Sedan,Shantinagar,Hosur Road,56.0,135.0,Not Applicable,Not Applicable,No,Not Applicable,295,UPI,28,3.3,3.8
2024-07-26 08:41:00,CNR6938164723,Canceled by Customer,CID616438,Auto,RT Nagar,Chickpet,,,Driver is not moving towards pickup location,Not Applicable,Not Applicable,Not Applicable,718,Not Applicable,0,,
2024-07-23 20:37:00,CNR3989026336,Canceled by Driver,CID739527,Auto,Marathahalli,MG Road,,,Not Applicable,Personal & Car related issue,Not Applicable,Not Applicable,963,Not Applicable,0,,
2024-07-23 08:20:00,CNR7947752424,Canceled by Driver,CID312192,Bike,Rajajinagar,Ramamurthy Nagar,,,Not Applicable,Personal & Car related issue,Not Applicable,Not Applicable,1869,Not Applicable,0,,
2024-07-27 19:59:00,CNR5515574345,Success,CID646862,Prime SUV,Cox Town,HSR Layout,70.0,40.0,Not Applicable,Not Applicable,No,Not Applicable,918,UPI,9,4.4,3.5
2024-07-25 14:15:00,CNR5193789377,Success,CID554587,Auto,Majestic,Majestic,35.0,60.0,Not Applicable,Not Applicable,No,Not Applicable,134,UPI,16,4.9,4.4
2024-07-05 04:32:00,CNR6987923530,Success,CID701686,Prime Plus,Chickpet,Bellandur,56.0,125.0,Not Applicable,Not Applicable,No,Not Applicable,345,UPI,21,3.6,3.6
2024-07-07 12:18:00,CNR1447068216,Success,CID670988,Prime Plus,Chamarajpet,Hennur,231.0,140.0,Not Applicable,Not Applicable,No,Not Applicable,924,UPI,30,4.8,3.6
2024-07-23 07:32:00,CNR2862815650,Success,CID149705,eBike,Nagarbhavi,Sarjapur Road,49.0,35.0,Not Applicable,Not Applicable,No,Not Applicable,373,Cash,11,4.7,4.7
2024-07-05 10:04:00,CNR7792061159,Success,CID171490,Mini,Varthur,Nagarbhavi,91.0,65.0,Not Applicable,Not Applicable,No,Not Applicable,375,Cash,29,4.0,4.4
2024-07-25 02:26:00,CNR9039416911,Success,CID491409,Mini,Rajarajeshwari Nagar,Hennur,56.0,45.0,Not Applicable,Not Applicable,No,Not Applicable,268,Cash,7,4.5,3.6
2024-07-22 16:33:00,CNR5793649611,Success,CID282183,Auto,Hosur Road,JP Nagar,91.0,65.0,Not Applicable,Not Applicable,No,Not Applicable,519,Cash,2,3.5,4.3
2024-07-13 04:51:00,CNR6854201913,Success,CID467155,Bike,Majestic,Langford Town,126.0,60.0,Not Applicable,Not Applicable,No,Not Applicable,141,Cash,12,3.6,3.8
2024-07-08 22:46:00,CNR7087492547,Success,CID951895,Bike,RT Nagar,JP Nagar,308.0,85.0,Not Applicable,Not Applicable,No,Not Applicable,186,UPI,38,4.1,3.8
2024-07-03 07:49:00,CNR4143470815,Success,CID111601,Prime Sedan,Langford Town,Langford Town,301.0,140.0,Not Applicable,Not Applicable,No,Not Applicable,982,Cash,16,4.3,4.7
2024-07-12 02:23:00,CNR8792365083,Canceled by Driver,CID462303,Prime Plus,Shivajinagar,JP Nagar,,,Not Applicable,Personal & Car related issue,Not Applicable,Not Applicable,218,Not Applicable,0,,
2024-07-13 03:11:00,CNR4160637846,Success,CID955988,Mini,Shantinagar,Magadi Road,98.0,30.0,Not Applicable,Not Applicable,No,Not Applicable,803,Cash,14,3.5,4.8
2024-07-05 12:00:00,CNR4730462346,Success,CID715681,Prime Sedan,Hebbal,Jayanagar,168.0,45.0,Not Applicable,Not Applicable,No,Not Applicable,389,Credit Card,46,3.1,3.8
2024-07-20 05:31:00,CNR3717381634,Canceled by Driver,CID384320,eBike,Nagarbhavi,RT Nagar,,,Not Applicable,More than permitted people in there,Not Applicable,Not Applicable,135,Not Applicable,0,,
2024-07-12 18:01:00,CNR3417502965,Success,CID424602,eBike,Sarjapur Road,Bannerghatta Road,147.0,35.0,Not Applicable,Not Applicable,No,Not Applicable,432,UPI,5,4.9,4.3
2024-07-22 23:16:00,CNR3600939753,Success,CID882123,Bike,Devanahalli,Yeshwanthpur,294.0,45.0,Not Applicable,Not Applicable,No,Not Applicable,424,Cash,14,4.4,4.2
2024-07-18 21:49:00,CNR5181746297,Canceled by Customer,CID305943,Mini,Chamarajpet,BTM Layout,,,Driver is not moving towards pickup location,Not Applicable,Not Applicable,Not Applicable,1866,Not Applicable,0,,
2024-07-09 03:32:00,CNR6672329764,Success,CID695232,Prime SUV,Kengeri,Majestic,70.0,55.0,Not Applicable,Not Applicable,No,Not Applicable,2981,Cash,14,3.0,4.7
2024-07-08 13:42:00,CNR8934509053,Success,CID998400,Bike,Hosur Road,Malleshwaram,189.0,110.0,Not Applicable,Not Applicable,No,Not Applicable,719,Cash,27,3.9,3.7
2024-07-13 10:27:00,CNR7734309821,Canceled by Customer,CID545024,eBike,Electronic City,Hosur Road,,,Driver is not moving towards pickup location,Not Applicable,Not Applicable,Not Applicable,499,Not Applicable,0,,
2024-07-05 10:03:00,CNR3264754489,Driver Not Found,CID960832,eBike,Bellandur,MG Road,,,Not Applicable,Not Applicable,Not Applicable,Not Applicable,454,Not Applicable,0,,
2024-07-02 14:04:00,CNR6354004178,Success,CID112187,Prime SUV,Shantinagar,Kammanahalli,56.0,105.0,Not Applicable,Not Applicable,No,Not Applicable,242,UPI,44,4.4,4.8
2024-07-22 21:53:00,CNR4658965953,Success,CID197262,Mini,KR Puram,Shivajinagar,126.0,140.0,Not Applicable,Not Applicable,No,Not Applicable,663,Cash,15,4.5,5.0
2024-07-10 23:06:00,CNR7296216469,Success,CID124038,Mini,Sarjapur Road,Padmanabhanagar,147.0,135.0,Not Applicable,Not Applicable,Yes,Customer Demand,442,Cash,43,3.5,5.0
2024-07-07 18:49:00,CNR1027785146,Canceled by Driver,CID465899,Auto,Hennur,HSR Layout,,,Not Applicable,Personal & Car related issue,Not Applicable,Not Applicable,454,Not Applicable,0,,
2024-07-10 13:18:00,CNR6293456759,Driver Not Found,CID993583,Prime Plus,Yelahanka,Whitefield,,,Not Applicable,Not Applicable,Not Applicable,Not Applicable,192,Not Applicable,0,,
2024-07-13 15:00:00,CNR7895473510,Success,CID573911,Auto,Electronic City,Vijayanagar,210.0,125.0,Not Applicable,Not Applicable,No,Not Applicable,253,Cash,9,4.0,3.0
2024-07-08 07:56:00,CNR4112350664,Success,CID723639,Prime SUV,Hulimavu,Banashankari,287.0,95.0,Not Applicable,Not Applicable,No,Not Applicable,446,Cash,14,4.6,3.1
2024-07-12 23:51:00,CNR9735730132,Driver Not Found,CID400089,Prime Plus,Basavanagudi,Richmond Town,,,Not Applicable,Not Applicable,Not Applicable,Not Applicable,345,Not Applicable,0,,
2024-07-20 23:13:00,CNR7765648208,Success,CID804711,Auto,Rajajinagar,Chickpet,259.0,115.0,Not Applicable,Not Applicable,No,Not Applicable,361,Cash,13,3.2,3.4
2024-07-22 14:53:00,CNR5848221847,Canceled by Customer,CID684645,Mini,Kammanahalli,Majestic,,,Wrong Address,Not Applicable,Not Applicable,Not Applicable,418,Not Applicable,0,,
2024-07-29 23:56:00,CNR7431340936,Driver Not Found,CID875801,Mini,Peenya,Tumkur Road,,,Not Applicable,Not Applicable,Not Applicable,Not Applicable,475,Not Applicable,0,,
2024-07-23 22:50:00,CNR2569160184,Canceled by Driver,CID229671,Bike,Padmanabhanagar,Hosur Road,,,Not Applicable,Customer related issue,Not Applicable,Not Applicable,370,Not Applicable,0,,
2024-07-28 19:10:00,CNR6294714720,Canceled by Customer,CID847706,eBike,Whitefield,Hennur,,,Driver asked to cancel,Not Applicable,Not Applicable,Not Applicable,291,Not Applicable,0,,
2024-07-04 16:33:00,CNR9556051787,Success,CID124602,Prime Plus,Kadugodi,Magadi Road,308.0,115.0,Not Applicable,Not Applicable,No,Not Applicable,283,Cash,2,3.3,3.1
2024-07-21 02:10:00,CNR3151562230,Success,CID864144,Prime Plus,Koramangala,Yelahanka,182.0,145.0,Not Applicable,Not Applicable,Yes,Vehicle Breakdown,105,UPI,16,4.9,3.4
2024-07-28 03:18:00,CNR3888627336,Success,CID101545,Mini,Basavanagudi,Marathahalli,259.0,75.0,Not Applicable,Not Applicable,No,Not Applicable,1918,Cash,38,3.4,4.3
2024-07-30 23:11:00,CNR6536563208,Success,CID527863,Mini,Chamarajpet,Indiranagar,105.0,100.0,Not Applicable,Not Applicable,No,Not Applicable,412,Cash,22,3.9,3.4
2024-07-21 19:48:00,CNR9221369404,Success,CID153868,Prime SUV,Sahakar Nagar,Kengeri,175.0,115.0,Not Applicable,Not Applicable,No,Not Applicable,110,Cash,3,4.4,3.9
2024-07-28 09:39:00,CNR5701220733,Canceled by Driver,CID917125,Prime SUV,Rajajinagar,Chickpet,,,Not Applicable,More than permitted people in there,Not Applicable,Not Applicable,294,Not Applicable,0,,
2024-07-10 09:55:00,CNR7419458512,Success,CID542417,Prime SUV,Shantinagar,Marathahalli,252.0,70.0,Not Applicable,Not Applicable,No,Not Applicable,571,UPI,28,3.9,3.0
2024-07-02 21:51:00,CNR7587397053,Canceled by Driver,CID462242,Mini,JP Nagar,Rajarajeshwari Nagar,,,Not Applicable,Customer related issue,Not Applicable,Not Applicable,187,Not Applicable,0,,
2024-07-03 00:06:00,CNR6987499296,Success,CID819742,Prime Plus,Padmanabhanagar,Rajajinagar,63.0,60.0,Not Applicable,Not Applicable,No,Not Applicable,364,Cash,15,3.3,4.0
2024-07-21 08:54:00,CNR4029323577,Success,CID970067,eBike,Langford Town,Vijayanagar,161.0,65.0,Not Applicable,Not Applicable,No,Not Applicable,241,Cash,30,4.5,4.0
2024-07-23 00:45:00,CNR6398804130,Success,CID506447,Prime SUV,Hebbal,Frazer Town,245.0,70.0,Not Applicable,Not Applicable,No,Not Applicable,290,UPI,39,3.8,3.3
2024-07-10 18:45:00,CNR5457171323,Success,CID324049,Mini,Hulimavu,Rajarajeshwari Nagar,224.0,65.0,Not Applicable,Not Applicable,No,Not Applicable,915,Cash,22,4.6,3.5
2024-07-30 20:47:00,CNR9662064828,Canceled by Customer,CID989204,eBike,Yelahanka,MG Road,,,Driver asked to cancel,Not Applicable,Not Applicable,Not Applicable,746,Not Applicable,0,,
2024-07-08 10:02:00,CNR3107498077,Driver Not Found,CID950406,eBike,Bannerghatta Road,Shantinagar,,,Not Applicable,Not Applicable,Not Applicable,Not Applicable,427,Not Applicable,0,,
2024-07-01 21:53:00,CNR3952732444,Success,CID452123,Prime Plus,RT Nagar,Bannerghatta Road,42.0,75.0,Not Applicable,Not Applicable,No,Not Applicable,409,Cash,7,3.1,4.9
2024-07-20 06:22:00,CNR5777910597,Canceled by Driver,CID663872,Prime SUV,JP Nagar,Shantinagar,,,Not Applicable,More than permitted people in there,Not Applicable,Not Applicable,898,Not Applicable,0,,
2024-07-02 03:52:00,CNR2991513181,Success,CID992348,Auto,Hennur,Padmanabhanagar,175.0,95.0,Not Applicable,Not Applicable,No,Not Applicable,305,Cash,2,3.7,3.9
2024-07-11 07:57:00,CNR5940757396,Canceled by Customer,CID700861,Mini,JP Nagar,KR Puram,,,Change of plans,Not Applicable,Not Applicable,Not Applicable,2501,Not Applicable,0,,
2024-07-06 06:51:00,CNR7375877575,Success,CID348054,Prime Plus,JP Nagar,Mysore Road,112.0,110.0,Not Applicable,Not Applicable,No,Not Applicable,2926,UPI,43,4.5,4.1
2024-07-16 21:19:00,CNR1872080690,Canceled by Driver,CID691524,Auto,Banashankari,Kengeri,,,Not Applicable,Customer related issue,Not Applicable,Not Applicable,463,Not Applicable,0,,
2024-07-07 18:50:00,CNR8442827020,Success,CID478385,Auto,Kammanahalli,BTM Layout,133.0,130.0,Not Applicable,Not Applicable,No,Not Applicable,717,Cash,16,3.7,3.7
2024-07-13 02:03:00,CNR8692201198,Success,CID842293,Prime SUV,BTM Layout,Richmond Town,42.0,40.0,Not Applicable,Not Applicable,No,Not Applicable,214,UPI,17,4.1,3.5
2024-07-19 01:05:00,CNR3016403523,Success,CID800910,Mini,Bellandur,Peenya,161.0,100.0,Not Applicable,Not Applicable,No,Not Applicable,434,UPI,35,3.4,4.9
2024-07-20 03:01:00,CNR1593407677,Success,CID142070,Mini,Banashankari,Bellandur,210.0,145.0,Not Applicable,Not Applicable,No,Not Applicable,318,UPI,49,4.7,3.3
2024-07-25 06:31:00,CNR4313471304,Driver Not Found,CID217346,Prime Plus,Langford Town,Cox Town,,,Not Applicable,Not Applicable,Not Applicable,Not Applicable,247,Not Applicable,0,,
2024-07-13 21:48:00,CNR4050153436,Success,CID448471,Prime Sedan,Bellandur,Kengeri,175.0,70.0,Not Applicable,Not Applicable,No,Not Applicable,207,Cash,17,3.4,3.3
2024-07-30 11:36:00,CNR8141621703,Success,CID461730,eBike,Electronic City,Langford Town,287.0,125.0,Not Applicable,Not Applicable,No,Not Applicable,172,Cash,36,3.5,3.5
2024-07-23 11:05:00,CNR1852330795,Success,CID756591,Prime Plus,Hulimavu,Yelahanka,301.0,100.0,Not Applicable,Not Applicable,No,Not Applicable,108,Cash,40,3.3,4.9
2024-07-10 07:56:00,CNR3515016228,Success,CID717188,Prime Sedan,Marathahalli,Hulimavu,259.0,80.0,Not Applicable,Not Applicable,Yes,Vehicle Breakdown,230,Cash,35,4.6,4.9
2024-07-21 16:55:00,CNR6664390913,Success,CID894563,Mini,Chickpet,Chickpet,77.0,145.0,Not Applicable,Not Applicable,No,Not Applicable,391,UPI,37,3.5,4.9
2024-07-05 07:28:00,CNR5020910140,Canceled by Customer,CID973188,eBike,Shivajinagar,Yelahanka,,,Driver is not moving towards pickup location,Not Applicable,Not Applicable,Not Applicable,189,Not Applicable,0,,
2024-07-24 12:34:00,CNR2303900695,Success,CID655347,Prime SUV,Chickpet,Sarjapur Road,35.0,145.0,Not Applicable,Not Applicable,No,Not Applicable,355,Cash,40,4.5,3.9
2024-07-26 18:36:00,CNR7089337616,Success,CID385173,Auto,Chickpet,Frazer Town,189.0,125.0,Not Applicable,Not Applicable,No,Not Applicable,205,Cash,10,5.0,3.7
2024-07-01 01:43:00,CNR7156159431,Success,CID658603,Prime Plus,Shantinagar,Marathahalli,266.0,85.0,Not Applicable,Not Applicable,No,Not Applicable,738,Cash,20,3.8,3.4
2024-07-08 23:57:00,CNR9155782240,Success,CID724071,Prime SUV,Banashankari,Devanahalli,63.0,45.0,Not Applicable,Not Applicable,No,Not Applicable,217,Cash,4,4.9,4.9
2024-07-25 03:08:00,CNR6247095121,Success,CID618304,Auto,HSR Layout,Mysore Road,119.0,50.0,Not Applicable,Not Applicable,No,Not Applicable,217,Cash,19,3.5,4.8
2024-07-01 02:09:00,CNR2779154048,Success,CID105206,Auto,Hennur,Hennur,133.0,145.0,Not Applicable,Not Applicable,No,Not Applicable,394,Cash,4,3.6,3.2
2024-07-09 05:03:00,CNR7865258416,Canceled by Driver,CID941565,Prime SUV,BTM Layout,Hosur Road,,,Not Applicable,More than permitted people in there,Not Applicable,Not Applicable,948,Not Applicable,0,,
2024-07-24 01:57:00,CNR7022469695,Success,CID353156,Mini,Ulsoor,Ramamurthy Nagar,147.0,100.0,Not Applicable,Not Applicable,No,Not Applicable,553,Cash,15,4.1,4.8
2024-07-04 11:42:00,CNR7814983210,Success,CID553003,Prime Sedan,Peenya,Ulsoor,91.0,70.0,Not Applicable,Not Applicable,No,Not Applicable,930,UPI,43,3.8,4.1
2024-07-23 02:45:00,CNR2502432692,Driver Not Found,CID798737,Mini,Mysore Road,Kengeri,,,Not Applicable,Not Applicable,Not Applicable,Not Applicable,753,Not Applicable,0,,
2024-07-09 01:01:00,CNR4297020438,Canceled by Customer,CID132154,eBike,Shivajinagar,Hebbal,,,Change of plans,Not Applicable,Not Applicable,Not Applicable,473,Not Applicable,0,,
2024-07-29 00:23:00,CNR2898581380,Driver Not Found,CID314861,Prime SUV,Majestic,Nagarbhavi,,,Not Applicable,Not Applicable,Not Applicable,Not Applicable,458,Not Applicable,0,,
2024-07-03 06:39:00,CNR5878457606,Success,CID992357,Auto,Bannerghatta Road,MG Road,231.0,35.0,Not Applicable,Not Applicable,No,Not Applicable,1164,UPI,18,4.8,3.7
2024-07-30 18:17:00,CNR9753708858,Success,CID349707,Prime Plus,Magadi Road,Hosur Road,112.0,140.0,Not Applicable,Not Applicable,Yes,Customer Demand,350,Cash,32,4.6,4.6
2024-07-23 17:55:00,CNR7981405163,Success,CID638844,Bike,Electronic City,Ramamurthy Nagar,294.0,65.0,Not Applicable,Not Applicable,No,Not Applicable,491,Cash,28,4.3,3.0
2024-07-20 20:05:00,CNR1459522677,Success,CID453698,Prime Sedan,KR Puram,Kadugodi,49.0,40.0,Not Applicable,Not Applicable,No,Not Applicable,376,Cash,36,4.5,3.4
2024-07-29 09:14:00,CNR7944506445,Success,CID409821,Auto,Nagarbhavi,Richmond Town,287.0,30.0,Not Applicable,Not Applicable,No,Not Applicable,393,Cash,15,4.8,3.2
2024-07-05 04:09:00,CNR3549347253,Driver Not Found,CID475934,eBike,Devanahalli,Hebbal,,,Not Applicable,Not Applicable,Not Applicable,Not Applicable,274,Not Applicable,0,,
2024-07-11 16:44:00,CNR8422419602,Success,CID831503,Prime SUV,Magadi Road,Sahakar Nagar,224.0,85.0,Not Applicable,Not Applicable,No,Not Applicable,433,Cash,9,4.9,4.1
2024-07-04 04:15:00,CNR5855634722,Success,CID189950,Prime Plus,Hebbal,Frazer Town,84.0,145.0,Not Applicable,Not Applicable,No,Not Applicable,192,Cash,21,4.0,4.0
2024-07-08 23:31:00,CNR8320043637,Success,CID540732,Prime Sedan,Banashankari,Marathahalli,84.0,65.0,Not Applicable,Not Applicable,No,Not Applicable,976,Cash,10,3.7,4.4
2024-07-09 08:13:00,CNR8034283783,Driver Not Found,CID310668,Prime Sedan,Koramangala,HSR Layout,,,Not Applicable,Not Applicable,Not Applicable,Not Applicable,329,Not Applicable,0,,
2024-07-25 16:49:00,CNR3256371921,Canceled by Customer,CID485504,Prime SUV,Bannerghatta Road,Indiranagar,,,Wrong Address,Not Applicable,Not Applicable,Not Applicable,272,Not Applicable,0,,
2024-07-19 20:38:00,CNR8022592314,Success,CID673757,Bike,Bannerghatta Road,Magadi Road,196.0,130.0,Not Applicable,Not Applicable,No,Not Applicable,340,Cash,49,4.7,4.1
2024-07-06 10:03:00,CNR1440283141,Canceled by Driver,CID472749,Prime Plus,Basavanagudi,Basavanagudi,,,Not Applicable,Customer related issue,Not Applicable,Not Applicable,564,Not Applicable,0,,
2024-07-24 17:32:00,CNR8786686268,Success,CID670567,Auto,Basavanagudi,Kadugodi,98.0,85.0,Not Applicable,Not Applicable,No,Not Applicable,745,UPI,12,4.3,4.4
2024-07-10 12:09:00,CNR7641018528,Success,CID317332,Bike,JP Nagar,RT Nagar,217.0,55.0,Not Applicable,Not Applicable,No,Not Applicable,381,UPI,29,4.9,3.5
2024-07-07 09:06:00,CNR6470195463,Canceled by Customer,CID428166,Prime Plus,Vijayanagar,Tumkur Road,,,Wrong Address,Not Applicable,Not Applicable,Not Applicable,413,Not Applicable,0,,
2024-07-04 13:49:00,CNR7917159192,Success,CID250046,Mini,JP Nagar,Hebbal,301.0,110.0,Not Applicable,Not Applicable,No,Not Applicable,730,Cash,22,3.8,4.6
2024-07-25 02:07:00,CNR9509424303,Success,CID796778,Prime Plus,Majestic,MG Road,175.0,55.0,Not Applicable,Not Applicable,No,Not Applicable,295,Credit Card,14,3.5,3.7
2024-07-15 05:57:00,CNR8287954331,Success,CID598194,eBike,Varthur,Yeshwanthpur,252.0,75.0,Not Applicable,Not Applicable,No,Not Applicable,108,UPI,43,4.1,3.9
2024-07-27 09:42:00,CNR1456183116,Canceled by Customer,CID426820,eBike,Mysore Road,Shivajinagar,,,Driver asked to cancel,Not Applicable,Not Applicable,Not Applicable,459,Not Applicable,0,,
2024-07-02 10:00:00,CNR3291976622,Success,CID399949,Mini,Whitefield,Jayanagar,112.0,115.0,Not Applicable,Not Applicable,No,Not Applicable,254,UPI,44,3.1,4.5
2024-07-19 16:26:00,CNR8127313439,Canceled by Driver,CID356015,Prime SUV,JP Nagar,Bannerghatta Road,,,Not Applicable,Customer was coughing/sick,Not Applicable,Not Applicable,494,Not Applicable,0,,
2024-07-09 20:47:00,CNR1411493057,Success,CID985828,Mini,Malleshwaram,Hennur,147.0,75.0,Not Applicable,Not Applicable,No,Not Applicable,118,Cash,14,4.2,4.4
2024-07-01 09:47:00,CNR4906896933,Canceled by Customer,CID564638,eBike,Peenya,Koramangala,,,Change of plans,Not Applicable,Not Applicable,Not Applicable,361,Not Applicable,0,,
2024-07-28 16:25:00,CNR9098900102,Success,CID234084,eBike,Shivajinagar,Kadugodi,273.0,80.0,Not Applicable,Not Applicable,No,Not Applicable,202,Credit Card,5,3.3,4.6
2024-07-20 06:38:00,CNR8778214565,Canceled by Driver,CID174110,eBike,Marathahalli,Magadi Road,,,Not Applicable,Personal & Car related issue,Not Applicable,Not Applicable,2642,Not Applicable,0,,
2024-07-20 01:50:00,CNR9013284015,Success,CID296147,Prime Sedan,Tumkur Road,Kengeri,203.0,65.0,Not Applicable,Not Applicable,No,Not Applicable,498,UPI,3,4.6,4.4
2024-07-08 21:43:00,CNR1899513439,Canceled by Customer,CID151544,Prime SUV,Whitefield,Langford Town,,,Change of plans,Not Applicable,Not Applicable,Not Applicable,240,Not Applicable,0,,
2024-07-11 11:22:00,CNR3457246461,Success,CID293784,Mini,Frazer Town,Hebbal,161.0,95.0,Not Applicable,Not Applicable,No,Not Applicable,399,Cash,22,4.2,3.1
2024-07-02 23:35:00,CNR3328257189,Canceled by Driver,CID980629,Bike,Jayanagar,Bellandur,,,Not Applicable,Customer was coughing/sick,Not Applicable,Not Applicable,303,Not Applicable,0,,
2024-07-15 08:55:00,CNR9514979628,Success,CID620964,Bike,Varthur,Ramamurthy Nagar,91.0,40.0,Not Applicable,Not Applicable,No,Not Applicable,261,UPI,30,4.8,4.9
2024-07-30 00:47:00,CNR6683059009,Success,CID704893,Prime Sedan,BTM Layout,JP Nagar,70.0,65.0,Not Applicable,Not Applicable,No,Not Applicable,340,Debit Card,23,4.9,3.2
2024-07-24 03:13:00,CNR6521243972,Canceled by Customer,CID401934,Mini,Ramamurthy Nagar,Sahakar Nagar,,,Driver is not moving towards pickup location,Not Applicable,Not Applicable,Not Applicable,662,Not Applicable,0,,
2024-07-28 05:43:00,CNR5249945945,Success,CID945925,Prime Plus,Hulimavu,Whitefield,245.0,140.0,Not Applicable,Not Applicable,No,Not Applicable,569,Cash,44,4.5,4.0
2024-07-28 21:53:00,CNR4959722358,Canceled by Driver,CID336152,eBike,Sarjapur Road,HSR Layout,,,Not Applicable,Customer was coughing/sick,Not Applicable,Not Applicable,185,Not Applicable,0,,
2024-07-02 06:13:00,CNR7004499391,Canceled by Customer,CID545922,Prime SUV,KR Puram,Kengeri,,,Change of plans,Not Applicable,Not Applicable,Not Applicable,322,Not Applicable,0,,
2024-07-22 00:44:00,CNR6185886977,Canceled by Driver,CID683200,Prime Sedan,JP Nagar,Bellandur,,,Not Applicable,Customer was coughing/sick,Not Applicable,Not Applicable,279,Not Applicable,0,,
2024-07-08 09:53:00,CNR6190557479,Success,CID586065,eBike,Kadugodi,Langford Town,294.0,100.0,Not Applicable,Not Applicable,No,Not Applicable,468,Cash,36,3.1,3.7
2024-07-26 00:47:00,CNR3718911387,Success,CID683457,Auto,Hebbal,Hebbal,35.0,135.0,Not Applicable,Not Applicable,No,Not Applicable,436,UPI,17,3.5,3.6
2024-07-22 21:42:00,CNR5475627471,Success,CID330754,Bike,JP Nagar,MG Road,252.0,140.0,Not Applicable,Not Applicable,No,Not Applicable,121,Cash,14,3.6,3.1
2024-07-09 14:04:00,CNR6300023142,Canceled by Driver,CID693495,Auto,Richmond Town,Nagarbhavi,,,Not Applicable,Customer related issue,Not Applicable,Not Applicable,1265,Not Applicable,0,,
2024-07-02 22:18:00,CNR8793757122,Canceled by Driver,CID328176,Auto,Yelahanka,Malleshwaram,,,Not Applicable,Customer was coughing/sick,Not Applicable,Not Applicable,409,Not Applicable,0,,
2024-07-02 02:16:00,CNR1931024373,Success,CID137186,Mini,Peenya,Rajarajeshwari Nagar,252.0,55.0,Not Applicable,Not Applicable,Yes,Vehicle Breakdown,303,UPI,34,5.0,4.8
2024-07-15 16:53:00,CNR3737438536,Canceled by Driver,CID363541,Prime Sedan,MG Road,Ulsoor,,,Not Applicable,Personal & Car related issue,Not Applicable,Not Applicable,339,Not Applicable,0,,
2024-07-07 04:23:00,CNR5549987779,Driver Not Found,CID638096,Prime Plus,Yeshwanthpur,Rajajinagar,,,Not Applicable,Not Applicable,Not Applicable,Not Applicable,119,Not Applicable,0,,
2024-07-18 07:31:00,CNR4166236620,Canceled by Customer,CID174499,Prime SUV,Frazer Town,Devanahalli,,,Driver asked to cancel,Not Applicable,Not Applicable,Not Applicable,218,Not Applicable,0,,
2024-07-13 03:18:00,CNR5842450029,Success,CID759414,Auto,Devanahalli,Vijayanagar,287.0,25.0,Not Applicable,Not Applicable,No,Not Applicable,429,Cash,15,3.8,4.8
2024-07-15 13:43:00,CNR3086279264,Success,CID209368,Prime SUV,Koramangala,Malleshwaram,112.0,130.0,Not Applicable,Not Applicable,No,Not Applicable,158,UPI,24,3.9,4.9
2024-07-11 07:00:00,CNR3092150984,Driver Not Found,CID437545,Prime SUV,BTM Layout,Nagarbhavi,,,Not Applicable,Not Applicable,Not Applicable,Not Applicable,486,Not Applicable,0,,
2024-07-15 08:05:00,CNR5785794868,Success,CID982838,Prime Sedan,Majestic,Nagarbhavi,294.0,65.0,Not Applicable,Not Applicable,No,Not Applicable,196,UPI,44,4.7,3.3
2024-07-07 14:17:00,CNR3092594393,Success,CID747844,Bike,Electronic City,Kadugodi,301.0,50.0,Not Applicable,Not Applicable,No,Not Applicable,532,UPI,1,4.5,3.0
2024-07-11 22:45:00,CNR8736294385,Success,CID454270,eBike,MG Road,Marathahalli,203.0,115.0,Not Applicable,Not Applicable,No,Not Applicable,499,UPI,5,3.6,3.4
2024-07-06 19:13:00,CNR8157928979,Canceled by Driver,CID710399,Prime Sedan,Majestic,KR Puram,,,Not Applicable,Personal & Car related issue,Not Applicable,Not Applicable,642,Not Applicable,0,,
2024-07-19 09:32:00,CNR3416620657,Success,CID686038,Prime Sedan,RT Nagar,Banashankari,238.0,40.0,Not Applicable,Not Applicable,No,Not Applicable,1946,UPI,44,4.1,3.9
2024-07-12 11:36:00,CNR3514157582,Success,CID792649,Prime Plus,Yeshwanthpur,HSR Layout,56.0,100.0,Not Applicable,Not Applicable,No,Not Applicable,435,Cash,47,4.0,4.8
2024-07-18 01:22:00,CNR5353677897,Canceled by Customer,CID319563,Mini,Rajarajeshwari Nagar,Whitefield,,,AC is Not working,Not Applicable,Not Applicable,Not Applicable,463,Not Applicable,0,,
2024-07-07 16:12:00,CNR7038990440,Success,CID472797,Prime Plus,KR Puram,BTM Layout,252.0,75.0,Not Applicable,Not Applicable,No,Not Applicable,100,Cash,21,3.0,3.3
2024-07-18 22:21:00,CNR7110634082,Success,CID658725,Bike,Basavanagudi,Rajarajeshwari Nagar,168.0,50.0,Not Applicable,Not Applicable,No,Not Applicable,218,UPI,21,4.1,3.2
2024-07-03 15:29:00,CNR8893814860,Success,CID912017,Mini,Peenya,Kammanahalli,98.0,25.0,Not Applicable,Not Applicable,No,Not Applicable,351,Cash,48,4.0,3.6
2024-07-26 11:52:00,CNR7540240070,Canceled by Driver,CID324487,Mini,JP Nagar,Sarjapur Road,,,Not Applicable,Customer related issue,Not Applicable,Not Applicable,452,Not Applicable,0,,
2024-07-30 13:26:00,CNR5370106193,Canceled by Driver,CID475279,Prime Plus,Mysore Road,Jayanagar,,,Not Applicable,Customer related issue,Not Applicable,Not Applicable,695,Not Applicable,0,,
2024-07-09 08:41:00,CNR2246347681,Success,CID750030,Bike,Rajarajeshwari Nagar,Langford Town,196.0,25.0,Not Applicable,Not Applicable,No,Not Applicable,940,UPI,34,3.6,4.5
2024-07-22 22:22:00,CNR3450602497,Success,CID817999,Auto,Mysore Road,Devanahalli,49.0,145.0,Not Applicable,Not Applicable,No,Not Applicable,2129,Credit Card,14,4.5,4.9
2024-07-02 06:24:00,CNR5609417423,Canceled by Customer,CID637563,Mini,Yeshwanthpur,Richmond Town,,,Driver is not moving towards pickup location,Not Applicable,Not Applicable,Not Applicable,405,Not Applicable,0,,
2024-07-12 16:57:00,CNR4615608754,Success,CID799545,eBike,Sahakar Nagar,Shivajinagar,280.0,75.0,Not Applicable,Not Applicable,No,Not Applicable,382,Credit Card,36,4.1,3.8
2024-07-21 17:31:00,CNR6445080363,Canceled by Driver,CID184041,eBike,Hennur,Kammanahalli,,,Not Applicable,Personal & Car related issue,Not Applicable,Not Applicable,279,Not Applicable,0,,
2024-07-28 03:29:00,CNR4002530518,Success,CID919961,Prime SUV,Kadugodi,Bannerghatta Road,147.0,110.0,Not Applicable,Not Applicable,No,Not Applicable,104,Cash,1,3.3,3.5
2024-07-10 10:31:00,CNR9986843921,Canceled by Customer,CID961653,Prime Plus,Cox Town,Chamarajpet,,,Driver asked to cancel,Not Applicable,Not Applicable,Not Applicable,136,Not Applicable,0,,
2024-07-12 04:36:00,CNR2753338754,Success,CID889387,eBike,Padmanabhanagar,Bannerghatta Road,238.0,140.0,Not Applicable,Not Applicable,No,Not Applicable,239,Credit Card,48,4.9,3.2
2024-07-07 07:38:00,CNR5528674251,Canceled by Driver,CID993108,Prime SUV,Bellandur,Ramamurthy Nagar,,,Not Applicable,Personal & Car related issue,Not Applicable,Not Applicable,244,Not Applicable,0,,
2024-07-16 17:01:00,CNR7958289091,Canceled by Driver,CID261185,Prime Sedan,Richmond Town,Vijayanagar,,,Not Applicable,Personal & Car related issue,Not Applicable,Not Applicable,225,Not Applicable,0,,
2024-07-01 08:47:00,CNR1663305836,Driver Not Found,CID851834,eBike,Padmanabhanagar,Hennur,,,Not Applicable,Not Applicable,Not Applicable,Not Applicable,744,Not Applicable,0,,
2024-07-18 10:36:00,CNR8719325633,Success,CID208400,Auto,Sahakar Nagar,Mysore Road,238.0,45.0,Not Applicable,Not Applicable,No,Not Applicable,843,UPI,9,4.6,3.9
2024-07-17 09:38:00,CNR1685989752,Success,CID472423,eBike,Yelahanka,Hebbal,168.0,120.0,Not Applicable,Not Applicable,No,Not Applicable,168,Cash,9,4.9,3.2
2024-07-05 13:09:00,CNR5480403089,Success,CID380453,Prime Plus,Yeshwanthpur,Richmond Town,217.0,80.0,Not Applicable,Not Applicable,No,Not Applicable,363,UPI,26,4.3,5.0
2024-07-24 18:52:00,CNR5137043296,Success,CID343254,Mini,Varthur,Hennur,280.0,105.0,Not Applicable,Not Applicable,No,Not Applicable,314,Debit Card,9,3.1,4.2
2024-07-19 01:21:00,CNR9477095299,Success,CID607468,Mini,Kengeri,RT Nagar,84.0,65.0,Not Applicable,Not Applicable,No,Not Applicable,247,Cash,3,4.4,5.0
2024-07-12 10:18:00,CNR8883541278,Driver Not Found,CID465773,Mini,Sarjapur Road,Chamarajpet,,,Not Applicable,Not Applicable,Not Applicable,Not Applicable,470,Not Applicable,0,,
2024-07-02 00:42:00,CNR3965859566,Success,CID107940,eBike,Shivajinagar,Electronic City,126.0,55.0,Not Applicable,Not Applicable,No,Not Applicable,260,Cash,38,4.7,4.7
2024-07-18 18:23:00,CNR7673066991,Success,CID762232,Prime Sedan,Yeshwanthpur,Ulsoor,238.0,70.0,Not Applicable,Not Applicable,No,Not Applicable,407,Cash,27,4.1,4.9
2024-07-16 12:49:00,CNR2845789701,Driver Not Found,CID482350,eBike,Shantinagar,Rajajinagar,,,Not Applicable,Not Applicable,Not Applicable,Not Applicable,369,Not Applicable,0,,
2024-07-02 15:42:00,CNR6169207766,Driver Not Found,CID724881,Prime Plus,Hebbal,Koramangala,,,Not Applicable,Not Applicable,Not Applicable,Not Applicable,420,Not Applicable,0,,
2024-07-23 05:03:00,CNR8516409614,Success,CID290081,Prime SUV,Frazer Town,Ramamurthy Nagar,77.0,30.0,Not Applicable,Not Applicable,No,Not Applicable,2877,Cash,26,4.9,4.5
2024-07-06 14:04:00,CNR8744346612,Success,CID570707,Prime SUV,Varthur,Ramamurthy Nagar,147.0,85.0,Not Applicable,Not Applicable,No,Not Applicable,955,Cash,3,3.4,3.9
2024-07-26 15:08:00,CNR5284344363,Success,CID862337,Prime Plus,Frazer Town,Electronic City,147.0,135.0,Not Applicable,Not Applicable,No,Not Applicable,428,UPI,34,4.1,3.9
2024-07-17 19:26:00,CNR8291672496,Canceled by Driver,CID563369,Prime Plus,Koramangala,KR Puram,,,Not Applicable,Customer related issue,Not Applicable,Not Applicable,874,Not Applicable,0,,
2024-07-21 02:54:00,CNR2485427128,Canceled by Driver,CID574875,Prime SUV,Koramangala,Hennur,,,Not Applicable,Customer related issue,Not Applicable,Not Applicable,382,Not Applicable,0,,
2024-07-24 13:28:00,CNR1362571268,Success,CID227559,Bike,Rajajinagar,Tumkur Road,140.0,90.0,Not Applicable,Not Applicable,No,Not Applicable,657,UPI,26,4.8,3.8
2024-07-18 16:08:00,CNR2686926257,Success,CID617268,Auto,Bannerghatta Road,Yelahanka,91.0,130.0,Not Applicable,Not Applicable,No,Not Applicable,207,Cash,6,4.0,3.9
2024-07-19 08:23:00,CNR9625639272,Success,CID998960,Auto,Hosur Road,Kammanahalli,168.0,125.0,Not Applicable,Not Applicable,No,Not Applicable,945,Cash,2,3.4,3.4
2024-07-11 04:59:00,CNR9498672052,Success,CID351529,Prime SUV,Yeshwanthpur,Koramangala,196.0,35.0,Not Applicable,Not Applicable,No,Not Applicable,264,Credit Card,20,3.7,3.3
2024-07-22 13:02:00,CNR2485766659,Success,CID509717,eBike,Sarjapur Road,Bellandur,245.0,30.0,Not Applicable,Not Applicable,No,Not Applicable,115,UPI,22,4.0,5.0
2024-07-13 22:00:00,CNR4395882254,Success,CID135529,Auto,Ramamurthy Nagar,Jayanagar,217.0,145.0,Not Applicable,Not Applicable,No,Not Applicable,281,Cash,2,4.8,4.7
2024-07-01 03:18:00,CNR8811507785,Driver Not Found,CID207074,Auto,Basavanagudi,Whitefield,,,Not Applicable,Not Applicable,Not Applicable,Not Applicable,1881,Not Applicable,0,,
2024-07-22 16:38:00,CNR2904644602,Success,CID125869,eBike,Indiranagar,Varthur,231.0,110.0,Not Applicable,Not Applicable,No,Not Applicable,422,Cash,26,4.6,4.8
2024-07-21 05:59:00,CNR5382510753,Success,CID604279,Prime SUV,Chickpet,Bannerghatta Road,266.0,130.0,Not Applicable,Not Applicable,No,Not Applicable,869,UPI,14,4.2,3.4
2024-07-28 09:52:00,CNR9176065097,Success,CID178820,Prime Plus,Nagarbhavi,Magadi Road,203.0,115.0,Not Applicable,Not Applicable,No,Not Applicable,353,Cash,22,4.6,4.0
2024-07-07 10:25:00,CNR3762140934,Success,CID110216,Mini,Chickpet,Chamarajpet,84.0,90.0,Not Applicable,Not Applicable,No,Not Applicable,238,UPI,8,4.7,4.0
2024-07-21 21:29:00,CNR5698781178,Success,CID142841,Prime Plus,JP Nagar,Devanahalli,224.0,25.0,Not Applicable,Not Applicable,No,Not Applicable,456,Cash,20,3.0,4.4
2024-07-28 19:16:00,CNR7455139064,Success,CID199283,Prime SUV,Yeshwanthpur,Whitefield,98.0,65.0,Not Applicable,Not Applicable,No,Not Applicable,331,Cash,2,4.8,4.3
2024-07-27 15:00:00,CNR1524307839,Success,CID126888,Auto,Indiranagar,Malleshwaram,42.0,85.0,Not Applicable,Not Applicable,No,Not Applicable,218,Cash,4,4.6,4.2
2024-07-21 12:37:00,CNR5656596719,Canceled by Driver,CID533857,eBike,Kammanahalli,Indiranagar,,,Not Applicable,Customer was coughing/sick,Not Applicable,Not Applicable,332,Not Applicable,0,,
2024-07-18 08:05:00,CNR2421723113,Success,CID437155,Prime Sedan,Indiranagar,Chamarajpet,140.0,50.0,Not Applicable,Not Applicable,Yes,Customer Demand,404,Cash,38,4.7,3.8
2024-07-27 19:04:00,CNR5163916188,Success,CID189965,Bike,Shantinagar,Padmanabhanagar,147.0,120.0,Not Applicable,Not Applicable,No,Not Applicable,291,Cash,24,3.5,3.5
2024-07-29 20:36:00,CNR6284791372,Success,CID660973,Mini,Sahakar Nagar,Chamarajpet,35.0,100.0,Not Applicable,Not Applicable,No,Not Applicable,1367,Cash,46,3.4,3.5
2024-07-17 03:22:00,CNR7916590115,Success,CID600799,Bike,Majestic,Koramangala,126.0,95.0,Not Applicable,Not Applicable,No,Not Applicable,318,Cash,31,4.9,4.0
2024-07-17 11:12:00,CNR5757332160,Success,CID845362,Prime Sedan,Shivajinagar,MG Road,196.0,80.0,Not Applicable,Not Applicable,No,Not Applicable,269,UPI,21,4.3,3.4
2024-07-27 05:54:00,CNR3590679564,Success,CID996368,Auto,Devanahalli,Kadugodi,154.0,135.0,Not Applicable,Not Applicable,No,Not Applicable,213,Cash,16,4.2,3.8
2024-07-29 20:21:00,CNR9055951164,Success,CID852045,Prime SUV,Bellandur,Mysore Road,98.0,50.0,Not Applicable,Not Applicable,No,Not Applicable,389,Cash,11,3.2,3.5
2024-07-28 15:08:00,CNR5314914495,Success,CID266013,Bike,Bellandur,Chickpet,238.0,25.0,Not Applicable,Not Applicable,No,Not Applicable,369,Cash,21,3.1,3.4
2024-07-10 00:36:00,CNR4001295021,Success,CID292207,Auto,Tumkur Road,Whitefield,287.0,110.0,Not Applicable,Not Applicable,No,Not Applicable,301,UPI,15,3.1,3.2
2024-07-20 04:47:00,CNR5992604716,Success,CID241802,Prime Plus,Shivajinagar,BTM Layout,266.0,125.0,Not Applicable,Not Applicable,No,Not Applicable,409,Cash,49,3.5,3.7
2024-07-03 07:38:00,CNR7326154593,Success,CID561286,Prime SUV,Frazer Town,Marathahalli,126.0,125.0,Not Applicable,Not Applicable,Yes,Customer Demand,425,Cash,40,4.6,3.4
2024-07-15 14:18:00,CNR2055030564,Success,CID128491,Prime Plus,Cox Town,Kadugodi,119.0,135.0,Not Applicable,Not Applicable,No,Not Applicable,555,UPI,34,4.0,4.5
2024-07-25 02:38:00,CNR2169559650,Success,CID534933,Auto,Jayanagar,Cox Town,210.0,100.0,Not Applicable,Not Applicable,Yes,Customer Demand,760,UPI,18,4.9,4.5
2024-07-26 04:53:00,CNR5850143777,Success,CID952434,Bike,MG Road,Hosur Road,161.0,40.0,Not Applicable,Not Applicable,No,Not Applicable,355,Cash,10,4.1,3.1
2024-07-17 16:52:00,CNR4454899928,Canceled by Customer,CID972325,Prime SUV,Majestic,Hennur,,,AC is Not working,Not Applicable,Not Applicable,Not Applicable,289,Not Applicable,0,,
2024-07-22 04:25:00,CNR6044469190,Success,CID722812,Prime Plus,Sarjapur Road,Hebbal,231.0,45.0,Not Applicable,Not Applicable,No,Not Applicable,117,Credit Card,6,3.4,3.8
2024-07-22 21:34:00,CNR8941244774,Success,CID348458,eBike,Sahakar Nagar,Bannerghatta Road,77.0,70.0,Not Applicable,Not Applicable,No,Not Applicable,316,Cash,38,5.0,4.0
2024-07-05 01:13:00,CNR1810463571,Canceled by Customer,CID714413,Prime Sedan,Kammanahalli,Chamarajpet,,,Change of plans,Not Applicable,Not Applicable,Not Applicable,618,Not Applicable,0,,
2024-07-16 06:00:00,CNR9534222650,Canceled by Customer,CID575016,Auto,Richmond Town,Electronic City,,,Driver is not moving towards pickup location,Not Applicable,Not Applicable,Not Applicable,452,Not Applicable,0,,
2024-07-05 02:30:00,CNR2221577375,Canceled by Driver,CID730849,Mini,Tumkur Road,MG Road,,,Not Applicable,More than permitted people in there,Not Applicable,Not Applicable,820,Not Applicable,0,,
2024-07-20 15:22:00,CNR5620738445,Success,CID516470,Prime SUV,Devanahalli,Hebbal,105.0,130.0,Not Applicable,Not Applicable,No,Not Applicable,185,Cash,32,4.5,3.1
2024-07-27 06:16:00,CNR9669878708,Canceled by Driver,CID332006,Mini,Marathahalli,Rajajinagar,,,Not Applicable,Customer related issue,Not Applicable,Not Applicable,356,Not Applicable,0,,
2024-07-13 15:45:00,CNR7540714108,Canceled by Driver,CID569164,Auto,Padmanabhanagar,BTM Layout,,,Not Applicable,Customer related issue,Not Applicable,Not Applicable,371,Not Applicable,0,,
2024-07-06 16:11:00,CNR4287925213,Success,CID744782,Auto,Basavanagudi,Sarjapur Road,287.0,80.0,Not Applicable,Not Applicable,No,Not Applicable,839,UPI,18,4.3,3.9
2024-07-19 01:51:00,CNR7888329042,Canceled by Driver,CID204209,Mini,Tumkur Road,Yeshwanthpur,,,Not Applicable,Customer was coughing/sick,Not Applicable,Not Applicable,323,Not Applicable,0,,
2024-07-05 15:13:00,CNR6806487234,Success,CID673121,Prime SUV,Ulsoor,Chamarajpet,112.0,55.0,Not Applicable,Not Applicable,No,Not Applicable,430,UPI,29,4.3,4.9
2024-07-19 06:47:00,CNR7216115435,Canceled by Customer,CID457323,Prime SUV,Hebbal,Ulsoor,,,Driver is not moving towards pickup location,Not Applicable,Not Applicable,Not Applicable,2349,Not Applicable,0,,
2024-07-09 15:52:00,CNR9915944696,Canceled by Customer,CID790149,Prime Plus,Jayanagar,Bannerghatta Road,,,AC is Not working,Not Applicable,Not Applicable,Not Applicable,357,Not Applicable,0,,
2024-07-19 15:19:00,CNR7223501449,Success,CID318107,eBike,Padmanabhanagar,Bellandur,35.0,75.0,Not Applicable,Not Applicable,No,Not Applicable,457,Cash,44,3.2,4.0
2024-07-30 04:23:00,CNR4406470427,Success,CID501485,eBike,Banashankari,KR Puram,168.0,60.0,Not Applicable,Not Applicable,No,Not Applicable,647,Cash,28,3.9,4.8
2024-07-13 22:47:00,CNR9038889596,Success,CID757382,Prime SUV,Chamarajpet,Bannerghatta Road,133.0,110.0,Not Applicable,Not Applicable,No,Not Applicable,327,Cash,36,3.6,3.7
2024-07-24 09:24:00,CNR9013209895,Canceled by Driver,CID678137,Auto,Ulsoor,Rajajinagar,,,Not Applicable,Personal & Car related issue,Not Applicable,Not Applicable,396,Not Applicable,0,,
2024-07-03 03:30:00,CNR4352340785,Success,CID382237,Bike,Marathahalli,HSR Layout,105.0,80.0,Not Applicable,Not Applicable,Yes,Customer Demand,919,Cash,29,4.3,3.7
2024-07-05 01:02:00,CNR1137203739,Success,CID441285,eBike,BTM Layout,Kammanahalli,42.0,25.0,Not Applicable,Not Applicable,No,Not Applicable,426,UPI,8,3.7,4.7
2024-07-05 17:32:00,CNR6996941124,Success,CID814961,Prime Plus,Sahakar Nagar,Bannerghatta Road,105.0,50.0,Not Applicable,Not Applicable,No,Not Applicable,383,UPI,10,4.0,3.9
2024-07-23 00:27:00,CNR9048025511,Success,CID940913,Prime SUV,Hulimavu,Padmanabhanagar,280.0,95.0,Not Applicable,Not Applicable,No,Not Applicable,661,Cash,14,4.6,3.2
2024-07-27 07:06:00,CNR6292190320,Success,CID946836,Auto,MG Road,Hebbal,308.0,80.0,Not Applicable,Not Applicable,No,Not Applicable,284,UPI,9,3.5,3.5
2024-07-25 20:54:00,CNR2413380100,Canceled by Customer,CID276980,Prime Plus,Varthur,RT Nagar,,,Driver asked to cancel,Not Applicable,Not Applicable,Not Applicable,619,Not Applicable,0,,
2024-07-05 18:43:00,CNR3283888314,Driver Not Found,CID836582,Prime Sedan,Jayanagar,Electronic City,,,Not Applicable,Not Applicable,Not Applicable,Not Applicable,184,Not Applicable,0,,
2024-07-20 23:41:00,CNR4870759138,Success,CID612448,Auto,BTM Layout,Sarjapur Road,63.0,100.0,Not Applicable,Not Applicable,No,Not Applicable,604,Cash,16,4.8,3.6
2024-07-27 08:40:00,CNR9574365096,Success,CID989054,Prime Sedan,Banashankari,Kadugodi,35.0,25.0,Not Applicable,Not Applicable,No,Not Applicable,2333,UPI,23,3.0,3.9
2024-07-05 20:26:00,CNR4918280677,Driver Not Found,CID229064,Prime Sedan,Marathahalli,Banashankari,,,Not Applicable,Not Applicable,Not Applicable,Not Applicable,176,Not Applicable,0,,
2024-07-30 09:10:00,CNR9840599048,Success,CID767562,Mini,Yeshwanthpur,RT Nagar,210.0,50.0,Not Applicable,Not Applicable,No,Not Applicable,464,UPI,12,4.4,3.9
2024-07-30 14:18:00,CNR9712296008,Success,CID654062,Bike,Banashankari,Kengeri,259.0,140.0,Not Applicable,Not Applicable,No,Not Applicable,251,Cash,18,4.9,3.9
2024-07-18 04:44:00,CNR5168755954,Success,CID941533,Auto,Cox Town,Kengeri,49.0,80.0,Not Applicable,Not Applicable,No,Not Applicable,286,Cash,12,3.7,4.3
2024-07-03 11:23:00,CNR1558587936,Driver Not Found,CID806473,Mini,MG Road,Jayanagar,,,Not Applicable,Not Applicable,Not Applicable,Not Applicable,217,Not Applicable,0,,
2024-07-14 08:45:00,CNR9291782057,Canceled by Driver,CID236790,eBike,BTM Layout,Hulimavu,,,Not Applicable,Personal & Car related issue,Not Applicable,Not Applicable,1762,Not Applicable,0,,
2024-07-16 23:18:00,CNR6384000900,Canceled by Customer,CID183393,Prime Sedan,Sarjapur Road,Vijayanagar,,,Wrong Address,Not Applicable,Not Applicable,Not Applicable,382,Not Applicable,0,,
2024-07-15 20:29:00,CNR4692807656,Success,CID410078,Prime Plus,Sahakar Nagar,Yeshwanthpur,63.0,80.0,Not Applicable,Not Applicable,No,Not Applicable,165,Credit Card,24,3.9,3.3
2024-07-03 15:55:00,CNR8607774773,Canceled by Driver,CID226935,Prime Plus,Kengeri,RT Nagar,,,Not Applicable,Customer was coughing/sick,Not Applicable,Not Applicable,141,Not Applicable,0,,
2024-07-16 09:49:00,CNR5275953890,Driver Not Found,CID409280,Mini,Peenya,Majestic,,,Not Applicable,Not Applicable,Not Applicable,Not Applicable,2720,Not Applicable,0,,
2024-07-28 17:54:00,CNR2122926528,Success,CID365718,Prime SUV,Banashankari,Basavanagudi,84.0,75.0,Not Applicable,Not Applicable,No,Not Applicable,430,Cash,41,3.1,4.4
2024-07-26 17:10:00,CNR5058284180,Success,CID687769,Bike,HSR Layout,Shantinagar,84.0,30.0,Not Applicable,Not Applicable,No,Not Applicable,252,Cash,41,4.3,4.3
2024-07-17 08:17:00,CNR1070278505,Success,CID564698,Prime Plus,Tumkur Road,Kadugodi,112.0,60.0,Not Applicable,Not Applicable,No,Not Applicable,371,Cash,43,4.0,3.2
2024-07-27 19:16:00,CNR6383375515,Driver Not Found,CID306604,Prime Sedan,Bellandur,Shivajinagar,,,Not Applicable,Not Applicable,Not Applicable,Not Applicable,183,Not Applicable,0,,
2024-07-28 10:56:00,CNR9053616195,Success,CID997945,Auto,Mysore Road,Koramangala,231.0,105.0,Not Applicable,Not Applicable,No,Not Applicable,130,UPI,11,4.3,4.3
2024-07-15 05:42:00,CNR4411647638,Success,CID611553,Prime Plus,Sarjapur Road,Cox Town,287.0,55.0,Not Applicable,Not Applicable,Yes,Customer Demand,974,UPI,9,3.1,4.3
2024-07-06 04:08:00,CNR4578602448,Success,CID429288,Bike,Langford Town,Padmanabhanagar,63.0,140.0,Not Applicable,Not Applicable,No,Not Applicable,483,Cash,31,4.2,3.4
2024-07-21 16:04:00,CNR2117497349,Canceled by Driver,CID946999,Prime Plus,RT Nagar,RT Nagar,,,Not Applicable,Customer related issue,Not Applicable,Not Applicable,142,Not Applicable,0,,
2024-07-08 12:27:00,CNR3121675473,Success,CID544271,Prime Sedan,Electronic City,Jayanagar,301.0,145.0,Not Applicable,Not Applicable,No,Not Applicable,190,Cash,37,3.9,4.4
2024-07-26 17:47:00,CNR5582073597,Success,CID600934,Prime Plus,Electronic City,JP Nagar,70.0,70.0,Not Applicable,Not Applicable,No,Not Applicable,606,UPI,16,4.5,4.6
2024-07-23 19:43:00,CNR9021997521,Driver Not Found,CID729251,Auto,Indiranagar,Magadi Road,,,Not Applicable,Not Applicable,Not Applicable,Not Applicable,270,Not Applicable,0,,
2024-07-03 17:00:00,CNR2346546694,Success,CID156951,Auto,Magadi Road,MG Road,35.0,55.0,Not Applicable,Not Applicable,No,Not Applicable,2632,Cash,10,4.1,4.6
2024-07-07 02:00:00,CNR7872750350,Driver Not Found,CID166707,Prime SUV,Ramamurthy Nagar,Ramamurthy Nagar,,,Not Applicable,Not Applicable,Not Applicable,Not Applicable,407,Not Applicable,0,,
2024-07-28 17:39:00,CNR2822225922,Success,CID980249,Auto,Majestic,Hennur,105.0,130.0,Not Applicable,Not Applicable,No,Not Applicable,288,Cash,10,3.1,3.6
2024-07-08 18:22:00,CNR3052613043,Success,CID634311,Auto,HSR Layout,RT Nagar,49.0,75.0,Not Applicable,Not Applicable,No,Not Applicable,459,Cash,1,3.5,3.7
2024-07-16 18:21:00,CNR9714132894,Success,CID329193,Prime Plus,Shivajinagar,RT Nagar,252.0,110.0,Not Applicable,Not Applicable,No,Not Applicable,474,UPI,46,4.7,4.3
2024-07-29 00:02:00,CNR7173736967,Canceled by Customer,CID876143,Prime SUV,Nagarbhavi,Bellandur,,,AC is Not working,Not Applicable,Not Applicable,Not Applicable,280,Not Applicable,0,,
2024-07-18 00:47:00,CNR5680044164,Driver Not Found,CID730647,Prime Plus,Malleshwaram,Rajajinagar,,,Not Applicable,Not Applicable,Not Applicable,Not Applicable,241,Not Applicable,0,,
2024-07-15 09:31:00,CNR7418923013,Success,CID960240,Prime Plus,Yeshwanthpur,Mysore Road,63.0,120.0,Not Applicable,Not Applicable,No,Not Applicable,649,UPI,19,3.0,4.3
2024-07-15 13:52:00,CNR9766360557,Canceled by Driver,CID824405,Prime Plus,Kammanahalli,Hennur,,,Not Applicable,Customer related issue,Not Applicable,Not Applicable,1648,Not Applicable,0,,
2024-07-03 10:26:00,CNR3765893080,Driver Not Found,CID573518,Prime SUV,Frazer Town,Marathahalli,,,Not Applicable,Not Applicable,Not Applicable,Not Applicable,380,Not Applicable,0,,
2024-07-24 02:26:00,CNR6724977743,Success,CID784290,eBike,Shivajinagar,Hebbal,196.0,130.0,Not Applicable,Not Applicable,No,Not Applicable,145,Cash,3,3.5,4.5
2024-07-04 22:08:00,CNR6950899050,Success,CID207085,Prime Plus,Kadugodi,Malleshwaram,308.0,75.0,Not Applicable,Not Applicable,No,Not Applicable,257,Cash,23,4.3,4.5
2024-07-04 14:01:00,CNR9718321676,Driver Not Found,CID779587,Mini,Devanahalli,Kadugodi,,,Not Applicable,Not Applicable,Not Applicable,Not Applicable,177,Not Applicable,0,,
2024-07-15 03:17:00,CNR3817464810,Success,CID927840,Auto,Ulsoor,Sarjapur Road,77.0,45.0,Not Applicable,Not Applicable,No,Not Applicable,536,UPI,2,5.0,4.9
2024-07-14 13:39:00,CNR4848440972,Canceled by Customer,CID293528,Bike,Whitefield,BTM Layout,,,Driver is not moving towards pickup location,Not Applicable,Not Applicable,Not Applicable,1599,Not Applicable,0,,
2024-07-07 16:15:00,CNR4113554550,Canceled by Driver,CID468933,Prime Sedan,Vijayanagar,Yeshwanthpur,,,Not Applicable,Personal & Car related issue,Not Applicable,Not Applicable,214,Not Applicable,0,,
2024-07-13 10:30:00,CNR2310105680,Success,CID487899,Mini,MG Road,Vijayanagar,42.0,130.0,Not Applicable,Not Applicable,No,Not Applicable,458,UPI,19,3.1,3.4
2024-07-01 07:03:00,CNR2766114291,Success,CID625934,Mini,Rajajinagar,Varthur,266.0,110.0,Not Applicable,Not Applicable,No,Not Applicable,752,Cash,39,3.5,4.7
2024-07-25 03:08:00,CNR9788555964,Success,CID617562,Bike,Indiranagar,Hennur,252.0,105.0,Not Applicable,Not Applicable,No,Not Applicable,198,UPI,23,3.6,3.1
2024-07-06 00:13:00,CNR4117182129,Success,CID619473,eBike,Marathahalli,Sahakar Nagar,63.0,65.0,Not Applicable,Not Applicable,No,Not Applicable,692,Cash,4,3.5,3.1
2024-07-26 18:33:00,CNR1482862322,Success,CID994354,Prime SUV,Devanahalli,KR Puram,35.0,80.0,Not Applicable,Not Applicable,No,Not Applicable,279,UPI,6,4.8,4.0
2024-07-17 08:41:00,CNR1846263435,Success,CID653782,Bike,BTM Layout,Rajajinagar,140.0,60.0,Not Applicable,Not Applicable,Yes,Customer Demand,433,Cash,37,4.8,4.5
2024-07-25 21:08:00,CNR9792857598,Canceled by Driver,CID860533,eBike,Kammanahalli,HSR Layout,,,Not Applicable,More than permitted people in there,Not Applicable,Not Applicable,884,Not Applicable,0,,
2024-07-18 23:39:00,CNR6364083080,Success,CID613170,eBike,Koramangala,Langford Town,238.0,40.0,Not Applicable,Not Applicable,No,Not Applicable,1087,Cash,27,4.3,4.6
2024-07-09 20:32:00,CNR4132114126,Success,CID727658,Prime Plus,Ulsoor,Marathahalli,105.0,140.0,Not Applicable,Not Applicable,No,Not Applicable,1058,Cash,23,4.1,4.6
2024-07-20 02:28:00,CNR1164297655,Success,CID332835,eBike,Yelahanka,Hulimavu,147.0,110.0,Not Applicable,Not Applicable,No,Not Applicable,874,Cash,2,3.7,3.4
2024-07-15 23:25:00,CNR5107398570,Canceled by Driver,CID283071,eBike,Sarjapur Road,Hennur,,,Not Applicable,Customer related issue,Not Applicable,Not Applicable,900,Not Applicable,0,,
2024-07-16 03:45:00,CNR2594649356,Driver Not Found,CID988044,Prime Sedan,Vijayanagar,Majestic,,,Not Applicable,Not Applicable,Not Applicable,Not Applicable,349,Not Applicable,0,,
2024-07-08 08:56:00,CNR5513264155,Success,CID601467,Prime Sedan,Electronic City,Kengeri,70.0,80.0,Not Applicable,Not Applicable,Yes,Vehicle Breakdown,350,UPI,27,5.0,4.6
2024-07-28 15:12:00,CNR7718204224,Canceled by Customer,CID145915,Prime Sedan,Ulsoor,Cox Town,,,Driver asked to cancel,Not Applicable,Not Applicable,Not Applicable,273,Not Applicable,0,,
2024-07-21 01:55:00,CNR9884288938,Canceled by Driver,CID954511,Mini,KR Puram,Sahakar Nagar,,,Not Applicable,Customer was coughing/sick,Not Applicable,Not Applicable,819,Not Applicable,0,,
2024-07-07 22:15:00,CNR8604114763,Success,CID826289,eBike,Indiranagar,Cox Town,203.0,125.0,Not Applicable,Not Applicable,No,Not Applicable,984,UPI,36,4.5,4.2
2024-07-02 06:55:00,CNR1648618375,Success,CID215906,Auto,Devanahalli,Nagarbhavi,105.0,40.0,Not Applicable,Not Applicable,No,Not Applicable,918,UPI,18,4.9,3.3
2024-07-06 14:18:00,CNR3735646691,Success,CID892984,eBike,Majestic,Ulsoor,91.0,140.0,Not Applicable,Not Applicable,No,Not Applicable,1393,UPI,31,3.4,4.5
2024-07-26 19:02:00,CNR5695161177,Success,CID515244,Bike,Whitefield,Kadugodi,56.0,105.0,Not Applicable,Not Applicable,No,Not Applicable,481,Cash,13,3.7,4.7
2024-07-28 06:05:00,CNR3701237012,Success,CID819006,Prime Sedan,Padmanabhanagar,Majestic,119.0,130.0,Not Applicable,Not Applicable,No,Not Applicable,446,UPI,25,4.0,3.5
2024-07-17 20:46:00,CNR7868829140,Success,CID233386,Mini,Kammanahalli,Jayanagar,105.0,105.0,Not Applicable,Not Applicable,No,Not Applicable,1134,Credit Card,19,3.4,3.7
2024-07-23 04:25:00,CNR9765471738,Success,CID579696,Prime Sedan,Shantinagar,Sarjapur Road,63.0,90.0,Not Applicable,Not Applicable,No,Not Applicable,218,UPI,30,4.8,4.5
2024-07-02 23:30:00,CNR7650472214,Success,CID821265,Auto,BTM Layout,Cox Town,168.0,40.0,Not Applicable,Not Applicable,No,Not Applicable,395,UPI,2,4.6,3.6
2024-07-21 19:47:00,CNR4690250276,Success,CID581071,Prime SUV,MG Road,Bannerghatta Road,210.0,60.0,Not Applicable,Not Applicable,No,Not Applicable,299,Cash,39,4.0,4.4
2024-07-18 13:30:00,CNR2095968467,Success,CID867238,Prime Plus,Devanahalli,Varthur,105.0,80.0,Not Applicable,Not Applicable,No,Not Applicable,111,UPI,3,4.0,4.3
2024-07-03 16:10:00,CNR3375761138,Driver Not Found,CID347284,Prime Plus,Bellandur,Majestic,,,Not Applicable,Not Applicable,Not Applicable,Not Applicable,402,Not Applicable,0,,
2024-07-11 17:25:00,CNR9481116440,Canceled by Driver,CID111139,Bike,Yelahanka,RT Nagar,,,Not Applicable,Customer was coughing/sick,Not Applicable,Not Applicable,473,Not Applicable,0,,
2024-07-15 19:19:00,CNR8697339796,Success,CID709674,Prime Sedan,Basavanagudi,Hosur Road,231.0,105.0,Not Applicable,Not Applicable,No,Not Applicable,159,UPI,39,4.5,4.0
2024-07-22 03:50:00,CNR1206581017,Success,CID574550,Mini,Rajajinagar,Yelahanka,154.0,140.0,Not Applicable,Not Applicable,No,Not Applicable,140,Cash,29,4.2,3.6
2024-07-06 10:02:00,CNR4499128231,Success,CID580584,Prime SUV,Langford Town,Basavanagudi,91.0,115.0,Not Applicable,Not Applicable,No,Not Applicable,454,Cash,15,3.3,4.1
2024-07-01 08:42:00,CNR1298715434,Success,CID501412,Prime SUV,Tumkur Road,Marathahalli,140.0,40.0,Not Applicable,Not Applicable,No,Not Applicable,321,UPI,27,4.0,3.9
2024-07-24 23:38:00,CNR4312763444,Success,CID211216,Prime Plus,Bellandur,Varthur,112.0,90.0,Not Applicable,Not Applicable,No,Not Applicable,193,Cash,45,4.9,3.3
2024-07-18 03:19:00,CNR1340571019,Success,CID160873,eBike,Vijayanagar,Majestic,147.0,115.0,Not Applicable,Not Applicable,No,Not Applicable,463,UPI,46,3.7,3.2
2024-07-15 08:16:00,CNR6844091426,Success,CID676815,Prime SUV,Vijayanagar,Basavanagudi,252.0,40.0,Not Applicable,Not Applicable,No,Not Applicable,178,Cash,11,3.0,4.3
2024-07-23 04:53:00,CNR3741516922,Success,CID892507,Prime Plus,Hebbal,Varthur,49.0,75.0,Not Applicable,Not Applicable,No,Not Applicable,272,Cash,30,4.8,4.4
2024-07-12 20:33:00,CNR6878633136,Success,CID435898,Bike,Whitefield,Kadugodi,56.0,105.0,Not Applicable,Not Applicable,No,Not Applicable,227,Cash,10,4.5,3.2
2024-07-29 07:20:00,CNR8389880405,Success,CID679884,eBike,Yelahanka,Hosur Road,280.0,100.0,Not Applicable,Not Applicable,No,Not Applicable,235,Cash,49,3.2,4.2
2024-07-20 13:54:00,CNR1031164731,Success,CID734920,Prime SUV,Richmond Town,Peenya,287.0,50.0,Not Applicable,Not Applicable,No,Not Applicable,868,Cash,9,4.1,3.9
2024-07-12 18:29:00,CNR3055910851,Success,CID848384,Auto,Basavanagudi,Nagarbhavi,35.0,55.0,Not Applicable,Not Applicable,No,Not Applicable,174,Cash,14,4.0,4.1
2024-07-15 13:19:00,CNR3443143842,Success,CID620200,Prime SUV,Vijayanagar,RT Nagar,119.0,145.0,Not Applicable,Not Applicable,No,Not Applicable,295,Cash,2,3.5,4.0
2024-07-22 14:55:00,CNR5284402721,Canceled by Driver,CID555275,Auto,Chamarajpet,Rajarajeshwari Nagar,,,Not Applicable,Personal & Car related issue,Not Applicable,Not Applicable,135,Not Applicable,0,,
2024-07-21 16:18:00,CNR8736272853,Success,CID947890,Auto,BTM Layout,JP Nagar,301.0,145.0,Not Applicable,Not Applicable,No,Not Applicable,635,UPI,13,3.9,3.8
2024-07-02 23:05:00,CNR8526227100,Success,CID337335,eBike,Kadugodi,Indiranagar,245.0,115.0,Not Applicable,Not Applicable,No,Not Applicable,401,UPI,33,4.1,3.5
2024-07-12 07:48:00,CNR2586256618,Success,CID496185,Auto,Frazer Town,Rajajinagar,259.0,25.0,Not Applicable,Not Applicable,No,Not Applicable,155,Cash,10,4.7,3.1
2024-07-28 05:15:00,CNR8718237542,Success,CID387617,Prime Plus,Nagarbhavi,Hulimavu,84.0,35.0,Not Applicable,Not Applicable,No,Not Applicable,1676,UPI,13,4.2,4.8
2024-07-23 21:08:00,CNR4747588582,Driver Not Found,CID117316,Prime Sedan,Hennur,Majestic,,,Not Applicable,Not Applicable,Not Applicable,Not Applicable,672,Not Applicable,0,,
2024-07-20 20:42:00,CNR5372933060,Driver Not Found,CID275438,Auto,Shivajinagar,Ramamurthy Nagar,,,Not Applicable,Not Applicable,Not Applicable,Not Applicable,263,Not Applicable,0,,
2024-07-16 19:44:00,CNR3742047404,Success,CID789297,Bike,Yeshwanthpur,Whitefield,147.0,90.0,Not Applicable,Not Applicable,No,Not Applicable,266,UPI,5,3.6,3.6
2024-07-07 06:27:00,CNR6451620987,Driver Not Found,CID611238,Bike,Hebbal,Whitefield,,,Not Applicable,Not Applicable,Not Applicable,Not Applicable,230,Not Applicable,0,,
2024-07-01 19:18:00,CNR4349498244,Success,CID176493,Auto,BTM Layout,Marathahalli,196.0,70.0,Not Applicable,Not Applicable,No,Not Applicable,2972,Cash,18,3.7,4.0
2024-07-01 09:51:00,CNR2064398038,Success,CID224260,Prime Plus,Kadugodi,Yeshwanthpur,98.0,80.0,Not Applicable,Not Applicable,No,Not Applicable,354,Cash,42,4.0,4.8
2024-07-05 02:38:00,CNR4326236808,Success,CID928586,Bike,Electronic City,Richmond Town,70.0,80.0,Not Applicable,Not Applicable,Yes,Customer Demand,227,Credit Card,36,5.0,4.7
2024-07-03 22:46:00,CNR8746895101,Success,CID839090,Mini,Electronic City,Langford Town,266.0,130.0,Not Applicable,Not Applicable,No,Not Applicable,2685,Credit Card,17,4.6,3.5
2024-07-19 04:20:00,CNR2360764819,Success,CID307899,Auto,RT Nagar,Kengeri,294.0,100.0,Not Applicable,Not Applicable,Yes,Other Issue,797,Cash,10,4.9,4.1
2024-07-18 17:03:00,CNR7413141901,Success,CID714101,Bike,Banashankari,Rajajinagar,77.0,110.0,Not Applicable,Not Applicable,No,Not Applicable,229,Cash,31,4.3,4.7
2024-07-12 23:12:00,CNR7230620698,Success,CID465729,Auto,Shantinagar,Sahakar Nagar,224.0,135.0,Not Applicable,Not Applicable,No,Not Applicable,1997,UPI,10,4.0,4.3
2024-07-07 16:57:00,CNR6947093690,Success,CID803175,Prime SUV,JP Nagar,Magadi Road,91.0,70.0,Not Applicable,Not Applicable,No,Not Applicable,439,UPI,15,5.0,4.6
2024-07-13 20:07:00,CNR4790435059,Canceled by Driver,CID534198,Mini,Hulimavu,Nagarbhavi,,,Not Applicable,Personal & Car related issue,Not Applicable,Not Applicable,456,Not Applicable,0,,
2024-07-24 02:24:00,CNR3717431082,Success,CID144787,Prime Sedan,Magadi Road,Vijayanagar,231.0,105.0,Not Applicable,Not Applicable,No,Not Applicable,1989,UPI,10,3.7,3.9
2024-07-22 05:07:00,CNR1119886411,Driver Not Found,CID614002,Prime Plus,Rajarajeshwari Nagar,Peenya,,,Not Applicable,Not Applicable,Not Applicable,Not Applicable,449,Not Applicable,0,,
2024-07-12 22:18:00,CNR7546954350,Success,CID157191,Prime Sedan,Marathahalli,Chamarajpet,84.0,30.0,Not Applicable,Not Applicable,No,Not Applicable,494,UPI,15,4.2,4.0
2024-07-09 05:41:00,CNR8681622859,Driver Not Found,CID751314,Mini,Shantinagar,Shantinagar,,,Not Applicable,Not Applicable,Not Applicable,Not Applicable,158,Not Applicable,0,,
2024-07-20 08:15:00,CNR3911087012,Success,CID176825,Mini,Vijayanagar,Indiranagar,154.0,35.0,Not Applicable,Not Applicable,Yes,Vehicle Breakdown,632,Cash,41,3.0,3.4
2024-07-11 17:43:00,CNR6657813538,Success,CID555376,eBike,Bannerghatta Road,Kadugodi,294.0,100.0,Not Applicable,Not Applicable,No,Not Applicable,190,Cash,33,4.6,4.2
2024-07-02 01:22:00,CNR8755664720,Canceled by Customer,CID253924,Mini,Sahakar Nagar,HSR Layout,,,Driver is not moving towards pickup location,Not Applicable,Not Applicable,Not Applicable,969,Not Applicable,0,,
2024-07-04 02:13:00,CNR9271694901,Canceled by Driver,CID122064,Auto,Padmanabhanagar,Sahakar Nagar,,,Not Applicable,Customer was coughing/sick,Not Applicable,Not Applicable,300,Not Applicable,0,,
2024-07-17 09:41:00,CNR6626953383,Canceled by Customer,CID998004,Auto,Kammanahalli,Rajajinagar,,,Driver is not moving towards pickup location,Not Applicable,Not Applicable,Not Applicable,486,Not Applicable,0,,
2024-07-29 14:26:00,CNR6410696298,Success,CID232697,eBike,Chamarajpet,Vijayanagar,161.0,70.0,Not Applicable,Not Applicable,No,Not Applicable,434,Cash,37,4.9,3.6
2024-07-14 06:28:00,CNR3325610101,Success,CID476333,Mini,BTM Layout,Vijayanagar,42.0,30.0,Not Applicable,Not Applicable,No,Not Applicable,274,Cash,9,4.8,3.4
2024-07-01 01:27:00,CNR7162209765,Success,CID101544,Prime Plus,Frazer Town,Hebbal,161.0,25.0,Not Applicable,Not Applicable,No,Not Applicable,240,UPI,42,3.7,4.4
2024-07-05 20:52:00,CNR6109622128,Driver Not Found,CID364492,Prime Sedan,Vijayanagar,Malleshwaram,,,Not Applicable,Not Applicable,Not Applicable,Not Applicable,144,Not Applicable,0,,
2024-07-01 11:13:00,CNR4421994853,Canceled by Driver,CID143782,Auto,Padmanabhanagar,Hebbal,,,Not Applicable,Personal & Car related issue,Not Applicable,Not Applicable,364,Not Applicable,0,,
2024-07-11 00:35:00,CNR1925768452,Driver Not Found,CID704829,Auto,Padmanabhanagar,Electronic City,,,Not Applicable,Not Applicable,Not Applicable,Not Applicable,355,Not Applicable,0,,
2024-07-08 01:13:00,CNR5648143504,Success,CID103348,Mini,Ramamurthy Nagar,Peenya,196.0,120.0,Not Applicable,Not Applicable,No,Not Applicable,466,UPI,33,3.4,3.4
2024-07-12 05:38:00,CNR8115262014,Success,CID305697,Auto,Bellandur,Jayanagar,245.0,145.0,Not Applicable,Not Applicable,No,Not Applicable,562,Credit Card,15,3.5,3.8
2024-07-06 06:49:00,CNR7823516770,Canceled by Driver,CID188003,Prime Plus,Ramamurthy Nagar,Ulsoor,,,Not Applicable,More than permitted people in there,Not Applicable,Not Applicable,804,Not Applicable,0,,
2024-07-09 12:27:00,CNR8493356788,Success,CID622747,Prime SUV,Padmanabhanagar,BTM Layout,224.0,95.0,Not Applicable,Not Applicable,No,Not Applicable,767,Cash,44,3.5,4.7
2024-07-30 23:46:00,CNR3058067820,Canceled by Driver,CID817628,Mini,Sarjapur Road,Kammanahalli,,,Not Applicable,Customer related issue,Not Applicable,Not Applicable,152,Not Applicable,0,,
2024-07-01 22:26:00,CNR4333147707,Canceled by Driver,CID404369,Prime Plus,HSR Layout,Peenya,,,Not Applicable,More than permitted people in there,Not Applicable,Not Applicable,804,Not Applicable,0,,
2024-07-28 20:24:00,CNR8641512493,Success,CID304875,Bike,Shivajinagar,Peenya,266.0,135.0,Not Applicable,Not Applicable,No,Not Applicable,408,Cash,4,3.9,3.1
2024-07-12 01:47:00,CNR3403243453,Canceled by Driver,CID955257,Prime Plus,Electronic City,Hennur,,,Not Applicable,Customer related issue,Not Applicable,Not Applicable,542,Not Applicable,0,,
2024-07-02 19:17:00,CNR7546460644,Success,CID983643,Prime SUV,Yeshwanthpur,Majestic,105.0,80.0,Not Applicable,Not Applicable,No,Not Applicable,474,UPI,27,3.0,4.3
2024-07-11 17:19:00,CNR8208143819,Canceled by Driver,CID194959,Auto,Chamarajpet,Rajajinagar,,,Not Applicable,Customer related issue,Not Applicable,Not Applicable,226,Not Applicable,0,,
2024-07-02 01:33:00,CNR3158442253,Canceled by Customer,CID846638,Auto,Ramamurthy Nagar,Magadi Road,,,Wrong Address,Not Applicable,Not Applicable,Not Applicable,350,Not Applicable,0,,
2024-07-07 05:27:00,CNR1865369186,Success,CID638268,Prime Plus,Mysore Road,Koramangala,154.0,25.0,Not Applicable,Not Applicable,No,Not Applicable,332,Cash,19,4.1,3.9
2024-07-22 23:33:00,CNR7198075514,Canceled by Customer,CID650773,eBike,Magadi Road,Rajajinagar,,,Driver is not moving towards pickup location,Not Applicable,Not Applicable,Not Applicable,322,Not Applicable,0,,
2024-07-27 06:15:00,CNR5894031971,Success,CID887772,Prime Plus,Devanahalli,Yeshwanthpur,98.0,130.0,Not Applicable,Not Applicable,No,Not Applicable,860,UPI,33,4.3,3.2
2024-07-06 12:31:00,CNR6369935063,Canceled by Driver,CID307065,Prime Sedan,Rajajinagar,Marathahalli,,,Not Applicable,Customer related issue,Not Applicable,Not Applicable,991,Not Applicable,0,,
2024-07-22 08:00:00,CNR6302101502,Success,CID280152,Bike,Yeshwanthpur,Majestic,119.0,105.0,Not Applicable,Not Applicable,No,Not Applicable,253,Cash,21,3.4,3.1
2024-07-29 13:51:00,CNR6911635936,Canceled by Customer,CID781831,Auto,Ramamurthy Nagar,Kadugodi,,,Driver is not moving towards pickup location,Not Applicable,Not Applicable,Not Applicable,493,Not Applicable,0,,
2024-07-26 19:36:00,CNR8210949729,Success,CID681185,Bike,Kammanahalli,BTM Layout,210.0,130.0,Not Applicable,Not Applicable,No,Not Applicable,499,Cash,25,4.9,4.1
2024-07-19 01:02:00,CNR7389837544,Success,CID641732,Auto,Kengeri,Majestic,35.0,115.0,Not Applicable,Not Applicable,No,Not Applicable,759,UPI,6,3.3,3.2
2024-07-09 06:31:00,CNR3731051841,Driver Not Found,CID920291,Bike,BTM Layout,HSR Layout,,,Not Applicable,Not Applicable,Not Applicable,Not Applicable,425,Not Applicable,0,,
2024-07-24 06:12:00,CNR5069047408,Canceled by Driver,CID141181,Auto,Jayanagar,Majestic,,,Not Applicable,Personal & Car related issue,Not Applicable,Not Applicable,441,Not Applicable,0,,
2024-07-20 06:34:00,CNR5118920286,Canceled by Driver,CID339642,Auto,KR Puram,Frazer Town,,,Not Applicable,Personal & Car related issue,Not Applicable,Not Applicable,184,Not Applicable,0,,
2024-07-06 16:03:00,CNR2162091754,Success,CID788775,Mini,Magadi Road,BTM Layout,84.0,65.0,Not Applicable,Not Applicable,No,Not Applicable,492,UPI,48,4.1,4.7
2024-07-17 12:14:00,CNR7922694663,Driver Not Found,CID774019,Prime Plus,Indiranagar,Sarjapur Road,,,Not Applicable,Not Applicable,Not Applicable,Not Applicable,651,Not Applicable,0,,
2024-07-30 08:56:00,CNR1440190398,Canceled by Customer,CID436595,Auto,Peenya,Whitefield,,,Driver is not moving towards pickup location,Not Applicable,Not Applicable,Not Applicable,599,Not Applicable,0,,
2024-07-15 01:40:00,CNR2463579135,Driver Not Found,CID493481,Bike,Vijayanagar,Marathahalli,,,Not Applicable,Not Applicable,Not Applicable,Not Applicable,142,Not Applicable,0,,
2024-07-18 11:18:00,CNR3005238846,Canceled by Customer,CID906587,Bike,Tumkur Road,Vijayanagar,,,AC is Not working,Not Applicable,Not Applicable,Not Applicable,688,Not Applicable,0,,
2024-07-29 03:11:00,CNR3639188731,Success,CID640076,Auto,Marathahalli,Shivajinagar,231.0,135.0,Not Applicable,Not Applicable,No,Not Applicable,290,Credit Card,18,4.2,4.6
2024-07-03 22:12:00,CNR2618079867,Canceled by Customer,CID993822,Prime Sedan,Shantinagar,Chickpet,,,Change of plans,Not Applicable,Not Applicable,Not Applicable,419,Not Applicable,0,,
2024-07-09 23:10:00,CNR1823340719,Success,CID500946,Auto,Indiranagar,Kammanahalli,301.0,110.0,Not Applicable,Not Applicable,No,Not Applicable,118,UPI,4,4.0,4.1
2024-07-10 22:49:00,CNR3224413667,Success,CID758449,Auto,Sahakar Nagar,Marathahalli,42.0,115.0,Not Applicable,Not Applicable,No,Not Applicable,484,UPI,10,3.6,3.7
2024-07-04 18:02:00,CNR1662872056,Success,CID807730,Prime SUV,Sarjapur Road,Hebbal,56.0,60.0,Not Applicable,Not Applicable,No,Not Applicable,265,UPI,38,4.3,3.1
2024-07-16 01:39:00,CNR8474959161,Canceled by Driver,CID204722,Auto,Marathahalli,Tumkur Road,,,Not Applicable,Customer related issue,Not Applicable,Not Applicable,1085,Not Applicable,0,,
2024-07-05 05:07:00,CNR9464678541,Success,CID183420,Mini,Vijayanagar,Hebbal,35.0,140.0,Not Applicable,Not Applicable,No,Not Applicable,182,Cash,37,4.2,3.3
2024-07-16 05:25:00,CNR4260523467,Success,CID145802,Mini,Chickpet,Ramamurthy Nagar,161.0,25.0,Not Applicable,Not Applicable,No,Not Applicable,329,Cash,4,4.2,4.4
2024-07-09 03:40:00,CNR6403385683,Canceled by Customer,CID497942,Bike,Peenya,Sarjapur Road,,,Change of plans,Not Applicable,Not Applicable,Not Applicable,773,Not Applicable,0,,
2024-07-13 09:34:00,CNR7814938683,Driver Not Found,CID372236,Prime Plus,RT Nagar,Kadugodi,,,Not Applicable,Not Applicable,Not Applicable,Not Applicable,327,Not Applicable,0,,
2024-07-13 12:45:00,CNR1712617455,Success,CID621187,Prime Sedan,Hebbal,Vijayanagar,91.0,90.0,Not Applicable,Not Applicable,No,Not Applicable,2014,UPI,14,4.6,3.5
2024-07-18 15:47:00,CNR8920430538,Success,CID146801,Auto,Langford Town,Majestic,224.0,55.0,Not Applicable,Not Applicable,No,Not Applicable,389,Cash,19,4.1,4.9
2024-07-21 04:15:00,CNR8841115671,Success,CID652560,Bike,Shivajinagar,RT Nagar,98.0,80.0,Not Applicable,Not Applicable,No,Not Applicable,282,Cash,29,3.6,3.7
2024-07-28 18:42:00,CNR4144729650,Success,CID882238,eBike,RT Nagar,Indiranagar,133.0,80.0,Not Applicable,Not Applicable,No,Not Applicable,399,Cash,16,3.4,3.2
2024-07-02 21:19:00,CNR6364213258,Success,CID534706,Bike,Cox Town,Kengeri,175.0,25.0,Not Applicable,Not Applicable,No,Not Applicable,492,Credit Card,2,4.2,4.5
2024-07-10 17:13:00,CNR6380779912,Success,CID106014,Prime SUV,Koramangala,Electronic City,77.0,110.0,Not Applicable,Not Applicable,No,Not Applicable,2831,UPI,47,4.6,4.8
2024-07-04 11:30:00,CNR8293602916,Canceled by Customer,CID330543,Mini,Hosur Road,Bellandur,,,Driver is not moving towards pickup location,Not Applicable,Not Applicable,Not Applicable,727,Not Applicable,0,,
2024-07-30 04:39:00,CNR7353679246,Success,CID262588,Prime Sedan,MG Road,Tumkur Road,266.0,100.0,Not Applicable,Not Applicable,No,Not Applicable,121,UPI,31,3.9,4.2
2024-07-03 19:31:00,CNR2146557832,Success,CID628398,Auto,Rajajinagar,Ulsoor,210.0,40.0,Not Applicable,Not Applicable,No,Not Applicable,1840,Cash,16,4.4,3.8
2024-07-12 04:15:00,CNR9974484741,Success,CID607398,eBike,Kadugodi,Kengeri,266.0,70.0,Not Applicable,Not Applicable,No,Not Applicable,160,Cash,18,4.5,4.0
2024-07-03 11:30:00,CNR5750959004,Success,CID794165,Prime SUV,HSR Layout,BTM Layout,42.0,95.0,Not Applicable,Not Applicable,No,Not Applicable,684,UPI,26,5.0,4.0
2024-07-26 05:05:00,CNR4140489225,Success,CID408864,Mini,Sahakar Nagar,Langford Town,133.0,35.0,Not Applicable,Not Applicable,No,Not Applicable,476,Cash,25,3.6,3.5
2024-07-08 23:29:00,CNR3159364886,Success,CID774645,Bike,MG Road,Richmond Town,245.0,55.0,Not Applicable,Not Applicable,Yes,Other Issue,807,UPI,3,4.3,3.4
2024-07-27 15:16:00,CNR1706788157,Success,CID232373,Auto,Padmanabhanagar,Basavanagudi,245.0,95.0,Not Applicable,Not Applicable,No,Not Applicable,265,Cash,1,4.5,4.5
2024-07-23 23:37:00,CNR9729764088,Success,CID836674,Prime SUV,Shivajinagar,Varthur,182.0,105.0,Not Applicable,Not Applicable,No,Not Applicable,223,Cash,26,3.4,3.8
2024-07-13 07:15:00,CNR3421104979,Success,CID807988,Prime SUV,Devanahalli,Yeshwanthpur,63.0,65.0,Not Applicable,Not Applicable,No,Not Applicable,2502,Cash,17,3.7,3.0
2024-07-07 15:08:00,CNR3618379292,Canceled by Customer,CID930302,Bike,Whitefield,HSR Layout,,,Driver is not moving towards pickup location,Not Applicable,Not Applicable,Not Applicable,336,Not Applicable,0,,
2024-07-01 10:55:00,CNR1546777623,Canceled by Driver,CID184392,Bike,Marathahalli,Hosur Road,,,Not Applicable,Customer related issue,Not Applicable,Not Applicable,137,Not Applicable,0,,
2024-07-11 17:06:00,CNR5188104114,Canceled by Driver,CID781548,Prime Plus,Marathahalli,HSR Layout,,,Not Applicable,Customer related issue,Not Applicable,Not Applicable,133,Not Applicable,0,,
2024-07-24 08:12:00,CNR4857234799,Canceled by Driver,CID667125,Auto,Indiranagar,Nagarbhavi,,,Not Applicable,More than permitted people in there,Not Applicable,Not Applicable,522,Not Applicable,0,,
2024-07-03 02:20:00,CNR4214533446,Success,CID827077,Prime Sedan,Kammanahalli,Kadugodi,91.0,145.0,Not Applicable,Not Applicable,No,Not Applicable,131,Cash,44,4.2,4.2
2024-07-02 02:21:00,CNR7300374393,Success,CID785764,Prime Plus,Jayanagar,Malleshwaram,238.0,80.0,Not Applicable,Not Applicable,No,Not Applicable,832,UPI,36,4.1,4.6
2024-07-23 20:45:00,CNR4890691509,Canceled by Customer,CID697811,Mini,Sahakar Nagar,Padmanabhanagar,,,Driver is not moving towards pickup location,Not Applicable,Not Applicable,Not Applicable,1302,Not Applicable,0,,
2024-07-01 04:18:00,CNR6901751755,Canceled by Driver,CID556928,Prime Sedan,Bellandur,Langford Town,,,Not Applicable,Customer related issue,Not Applicable,Not Applicable,454,Not Applicable,0,,
2024-07-15 13:21:00,CNR5205634299,Success,CID141631,Auto,Langford Town,Sarjapur Road,77.0,115.0,Not Applicable,Not Applicable,No,Not Applicable,330,UPI,19,4.4,4.5
2024-07-26 17:30:00,CNR6590762339,Success,CID883008,eBike,Malleshwaram,Chamarajpet,63.0,25.0,Not Applicable,Not Applicable,No,Not Applicable,293,Cash,24,3.8,3.1
2024-07-11 18:58:00,CNR9674154203,Driver Not Found,CID411848,Bike,Sahakar Nagar,MG Road,,,Not Applicable,Not Applicable,Not Applicable,Not Applicable,132,Not Applicable,0,,
2024-07-07 16:00:00,CNR1534193305,Success,CID788797,Prime Sedan,Kammanahalli,Chickpet,77.0,120.0,Not Applicable,Not Applicable,No,Not Applicable,388,Cash,48,4.6,3.2
2024-07-14 10:31:00,CNR4411487644,Driver Not Found,CID504198,Auto,Jayanagar,Banashankari,,,Not Applicable,Not Applicable,Not Applicable,Not Applicable,206,Not Applicable,0,,
2024-07-19 06:13:00,CNR3606043825,Success,CID637535,Prime Sedan,Whitefield,Bannerghatta Road,231.0,130.0,Not Applicable,Not Applicable,No,Not Applicable,347,Cash,5,3.6,3.2
2024-07-06 07:07:00,CNR2392401040,Canceled by Customer,CID889976,eBike,Richmond Town,Vijayanagar,,,Driver is not moving towards pickup location,Not Applicable,Not Applicable,Not Applicable,357,Not Applicable,0,,
2024-07-10 06:31:00,CNR2080883589,Success,CID942571,Prime SUV,Magadi Road,Nagarbhavi,175.0,35.0,Not Applicable,Not Applicable,No,Not Applicable,132,UPI,35,3.5,3.7
2024-07-03 05:26:00,CNR6324229338,Success,CID309850,Prime SUV,Richmond Town,KR Puram,245.0,75.0,Not Applicable,Not Applicable,No,Not Applicable,235,Cash,14,4.4,4.2
2024-07-11 03:27:00,CNR3227543701,Success,CID565080,Mini,Ramamurthy Nagar,Ulsoor,280.0,125.0,Not Applicable,Not Applicable,No,Not Applicable,685,Cash,20,3.5,3.2
2024-07-20 01:16:00,CNR7913744835,Driver Not Found,CID174810,Auto,Chickpet,Majestic,,,Not Applicable,Not Applicable,Not Applicable,Not Applicable,447,Not Applicable,0,,
2024-07-12 11:23:00,CNR9277043549,Driver Not Found,CID825092,Prime SUV,Vijayanagar,Cox Town,,,Not Applicable,Not Applicable,Not Applicable,Not Applicable,2164,Not Applicable,0,,
2024-07-14 11:00:00,CNR8250194343,Canceled by Driver,CID966843,Prime Plus,Malleshwaram,Varthur,,,Not Applicable,Personal & Car related issue,Not Applicable,Not Applicable,569,Not Applicable,0,,
2024-07-27 22:40:00,CNR8196586408,Success,CID503641,eBike,Ulsoor,Devanahalli,161.0,30.0,Not Applicable,Not Applicable,No,Not Applicable,616,Cash,6,4.7,5.0
2024-07-18 08:25:00,CNR2756747829,Driver Not Found,CID318748,Bike,Sarjapur Road,KR Puram,,,Not Applicable,Not Applicable,Not Applicable,Not Applicable,144,Not Applicable,0,,
2024-07-28 14:17:00,CNR5418361098,Success,CID871466,Bike,Shantinagar,Devanahalli,112.0,80.0,Not Applicable,Not Applicable,Yes,Customer Demand,309,UPI,21,3.4,4.4
2024-07-29 16:03:00,CNR1233339240,Success,CID191750,Auto,Peenya,Chickpet,126.0,65.0,Not Applicable,Not Applicable,No,Not Applicable,756,Cash,17,3.8,4.0
2024-07-23 19:35:00,CNR8214388305,Canceled by Driver,CID848481,eBike,Chickpet,Yelahanka,,,Not Applicable,Personal & Car related issue,Not Applicable,Not Applicable,2897,Not Applicable,0,,
2024-07-01 02:55:00,CNR1812589665,Success,CID354932,eBike,KR Puram,Rajarajeshwari Nagar,105.0,40.0,Not Applicable,Not Applicable,No,Not Applicable,1134,Cash,13,3.1,4.6
2024-07-04 14:30:00,CNR3723057445,Canceled by Customer,CID628888,Prime SUV,Basavanagudi,Tumkur Road,,,Driver asked to cancel,Not Applicable,Not Applicable,Not Applicable,485,Not Applicable,0,,
2024-07-07 04:03:00,CNR7472625477,Success,CID204888,Bike,JP Nagar,JP Nagar,273.0,70.0,Not Applicable,Not Applicable,No,Not Applicable,2530,Cash,26,3.7,4.5
2024-07-22 02:07:00,CNR8411142564,Driver Not Found,CID939774,eBike,Kengeri,Shivajinagar,,,Not Applicable,Not Applicable,Not Applicable,Not Applicable,483,Not Applicable,0,,
2024-07-25 07:06:00,CNR9662810137,Canceled by Driver,CID891431,Mini,Richmond Town,Koramangala,,,Not Applicable,Customer was coughing/sick,Not Applicable,Not Applicable,2543,Not Applicable,0,,
2024-07-29 07:37:00,CNR5096952654,Driver Not Found,CID168768,Bike,Hulimavu,Majestic,,,Not Applicable,Not Applicable,Not Applicable,Not Applicable,458,Not Applicable,0,,
2024-07-23 14:06:00,CNR5545242025,Success,CID800589,Prime SUV,Majestic,Malleshwaram,56.0,35.0,Not Applicable,Not Applicable,No,Not Applicable,368,Credit Card,20,3.3,3.9
2024-07-16 17:52:00,CNR2742896161,Success,CID364339,eBike,Rajajinagar,Sahakar Nagar,210.0,125.0,Not Applicable,Not Applicable,No,Not Applicable,624,Cash,27,3.3,4.7
2024-07-05 17:02:00,CNR7179865067,Canceled by Driver,CID623335,Prime SUV,Indiranagar,Kammanahalli,,,Not Applicable,Personal & Car related issue,Not Applicable,Not Applicable,170,Not Applicable,0,,
2024-07-11 01:03:00,CNR3243529045,Success,CID502480,Mini,Padmanabhanagar,Vijayanagar,70.0,100.0,Not Applicable,Not Applicable,No,Not Applicable,385,Cash,6,4.7,3.9
2024-07-11 02:36:00,CNR6936928908,Success,CID189183,Mini,Hulimavu,Cox Town,294.0,145.0,Not Applicable,Not Applicable,No,Not Applicable,460,Cash,19,3.7,4.0
2024-07-11 10:39:00,CNR7110942320,Success,CID511230,Bike,Basavanagudi,Rajajinagar,273.0,50.0,Not Applicable,Not Applicable,No,Not Applicable,172,Cash,42,4.0,3.5
2024-07-29 19:36:00,CNR5862489091,Canceled by Driver,CID584430,Prime SUV,Marathahalli,Hennur,,,Not Applicable,Personal & Car related issue,Not Applicable,Not Applicable,369,Not Applicable,0,,
2024-07-25 04:15:00,CNR7321725592,Success,CID879008,Prime Plus,Cox Town,BTM Layout,49.0,45.0,Not Applicable,Not Applicable,No,Not Applicable,957,Credit Card,9,4.8,4.3
2024-07-28 07:43:00,CNR7849718347,Success,CID331377,Bike,BTM Layout,Sarjapur Road,63.0,90.0,Not Applicable,Not Applicable,No,Not Applicable,161,UPI,29,4.7,4.7
2024-07-10 05:43:00,CNR7192848755,Success,CID520894,Mini,Padmanabhanagar,Chamarajpet,217.0,80.0,Not Applicable,Not Applicable,No,Not Applicable,449,Cash,14,4.8,4.8
2024-07-19 21:05:00,CNR7890296921,Success,CID551366,Prime Plus,Bannerghatta Road,Kadugodi,301.0,25.0,Not Applicable,Not Applicable,No,Not Applicable,907,Cash,21,4.3,4.3
2024-07-17 01:50:00,CNR6341156201,Driver Not Found,CID662283,eBike,Hennur,Bannerghatta Road,,,Not Applicable,Not Applicable,Not Applicable,Not Applicable,348,Not Applicable,0,,
2024-07-23 20:28:00,CNR3751993347,Success,CID339808,Prime Sedan,Sarjapur Road,Ulsoor,77.0,25.0,Not Applicable,Not Applicable,No,Not Applicable,356,Cash,31,4.1,5.0
2024-07-11 17:09:00,CNR2863585871,Canceled by Driver,CID926940,Prime Sedan,Frazer Town,Chamarajpet,,,Not Applicable,More than permitted people in there,Not Applicable,Not Applicable,754,Not Applicable,0,,
2024-07-09 04:22:00,CNR5020328609,Success,CID256717,Auto,Mysore Road,Banashankari,112.0,140.0,Not Applicable,Not Applicable,No,Not Applicable,443,Cash,7,4.0,3.3
2024-07-26 03:17:00,CNR6368175462,Canceled by Driver,CID898294,Prime Sedan,MG Road,Kengeri,,,Not Applicable,Customer was coughing/sick,Not Applicable,Not Applicable,425,Not Applicable,0,,
2024-07-02 11:50:00,CNR6073374236,Success,CID278418,Prime Sedan,Bannerghatta Road,Kengeri,63.0,145.0,Not Applicable,Not Applicable,No,Not Applicable,558,UPI,2,4.4,3.3
2024-07-18 19:49:00,CNR3706067948,Canceled by Customer,CID690976,Prime SUV,Hebbal,Ramamurthy Nagar,,,Driver asked to cancel,Not Applicable,Not Applicable,Not Applicable,126,Not Applicable,0,,
2024-07-10 12:49:00,CNR5877891823,Success,CID951192,Bike,Rajarajeshwari Nagar,Shivajinagar,294.0,50.0,Not Applicable,Not Applicable,No,Not Applicable,242,UPI,45,3.6,3.1
2024-07-13 14:59:00,CNR7617825566,Success,CID726170,Prime SUV,Hebbal,Yeshwanthpur,196.0,25.0,Not Applicable,Not Applicable,No,Not Applicable,267,Cash,36,4.6,3.2
2024-07-18 00:20:00,CNR5229950762,Canceled by Driver,CID757709,Mini,Ramamurthy Nagar,Rajajinagar,,,Not Applicable,Personal & Car related issue,Not Applicable,Not Applicable,882,Not Applicable,0,,
2024-07-15 14:31:00,CNR8557853690,Success,CID913733,Prime Plus,Nagarbhavi,Majestic,49.0,60.0,Not Applicable,Not Applicable,No,Not Applicable,817,Cash,17,5.0,3.3
2024-07-10 12:05:00,CNR2959210819,Canceled by Customer,CID466453,Auto,Chamarajpet,Sarjapur Road,,,Driver is not moving towards pickup location,Not Applicable,Not Applicable,Not Applicable,192,Not Applicable,0,,
2024-07-03 07:43:00,CNR5007642626,Success,CID636597,Mini,Whitefield,KR Puram,147.0,45.0,Not Applicable,Not Applicable,No,Not Applicable,104,UPI,3,4.9,3.8
2024-07-27 16:21:00,CNR4151362962,Success,CID659005,Prime Sedan,Sarjapur Road,Devanahalli,294.0,110.0,Not Applicable,Not Applicable,Yes,Vehicle Breakdown,104,Cash,34,4.6,3.3
2024-07-17 11:31:00,CNR6975711167,Success,CID384952,Bike,Electronic City,Banashankari,35.0,135.0,Not Applicable,Not Applicable,No,Not Applicable,2959,Cash,49,4.0,3.2
2024-07-11 09:29:00,CNR6686267850,Success,CID212469,Bike,Hennur,Chamarajpet,126.0,70.0,Not Applicable,Not Applicable,No,Not Applicable,696,Cash,9,3.1,4.9
2024-07-26 20:39:00,CNR6291097394,Success,CID654252,Prime Sedan,Hosur Road,Mysore Road,287.0,25.0,Not Applicable,Not Applicable,No,Not Applicable,934,UPI,7,4.7,3.8
2024-07-12 14:16:00,CNR4999358510,Success,CID183599,Auto,Bannerghatta Road,Shantinagar,175.0,90.0,Not Applicable,Not Applicable,No,Not Applicable,1205,Cash,6,4.0,3.9
2024-07-20 16:36:00,CNR5679157395,Success,CID695667,Prime SUV,Majestic,Hebbal,182.0,40.0,Not Applicable,Not Applicable,No,Not Applicable,433,UPI,8,3.9,4.4
2024-07-21 08:25:00,CNR5055185978,Success,CID149852,Prime Sedan,Sarjapur Road,BTM Layout,105.0,40.0,Not Applicable,Not Applicable,No,Not Applicable,305,Cash,30,4.6,3.4
2024-07-07 22:54:00,CNR1336121712,Success,CID858808,Prime Plus,Magadi Road,Padmanabhanagar,119.0,45.0,Not Applicable,Not Applicable,Yes,Vehicle Breakdown,415,UPI,24,3.1,4.1
2024-07-06 15:28:00,CNR1939110893,Success,CID568820,Prime SUV,Sarjapur Road,Indiranagar,70.0,115.0,Not Applicable,Not Applicable,No,Not Applicable,921,UPI,22,3.4,4.9
2024-07-23 05:40:00,CNR1349213662,Success,CID693769,Auto,Yeshwanthpur,Whitefield,210.0,135.0,Not Applicable,Not Applicable,No,Not Applicable,344,Cash,15,3.6,4.7
2024-07-03 06:52:00,CNR7058285881,Success,CID180604,Prime Plus,Frazer Town,Whitefield,168.0,145.0,Not Applicable,Not Applicable,No,Not Applicable,375,Cash,13,4.0,3.1
2024-07-18 13:24:00,CNR1721938125,Canceled by Driver,CID151690,Auto,Sahakar Nagar,Malleshwaram,,,Not Applicable,Customer related issue,Not Applicable,Not Applicable,172,Not Applicable,0,,
2024-07-06 03:00:00,CNR5513446260,Success,CID583465,Mini,Koramangala,Ulsoor,252.0,40.0,Not Applicable,Not Applicable,No,Not Applicable,519,UPI,32,3.2,4.8
2024-07-07 22:05:00,CNR5054900051,Success,CID462068,Auto,HSR Layout,Hulimavu,35.0,25.0,Not Applicable,Not Applicable,No,Not Applicable,106,Cash,16,3.1,3.9
2024-07-21 01:18:00,CNR4894350601,Success,CID673594,Auto,HSR Layout,Chickpet,49.0,110.0,Not Applicable,Not Applicable,No,Not Applicable,239,Cash,11,3.7,4.9
2024-07-08 22:00:00,CNR8182554947,Driver Not Found,CID783362,eBike,Nagarbhavi,Marathahalli,,,Not Applicable,Not Applicable,Not Applicable,Not Applicable,512,Not Applicable,0,,
2024-07-09 14:13:00,CNR7342690568,Success,CID743195,eBike,Peenya,Langford Town,91.0,70.0,Not Applicable,Not Applicable,No,Not Applicable,408,UPI,13,4.0,3.6
2024-07-29 20:27:00,CNR3775922700,Canceled by Driver,CID183928,eBike,Mysore Road,Hebbal,,,Not Applicable,Customer related issue,Not Applicable,Not Applicable,122,Not Applicable,0,,
2024-07-28 14:27:00,CNR6878689002,Success,CID973538,Auto,Rajarajeshwari Nagar,Hebbal,140.0,60.0,Not Applicable,Not Applicable,No,Not Applicable,226,Cash,11,4.0,3.3
2024-07-01 07:19:00,CNR9260570071,Driver Not Found,CID681362,eBike,HSR Layout,Kammanahalli,,,Not Applicable,Not Applicable,Not Applicable,Not Applicable,1447,Not Applicable,0,,
2024-07-18 07:52:00,CNR5670521311,Success,CID855192,Auto,Hulimavu,RT Nagar,91.0,45.0,Not Applicable,Not Applicable,No,Not Applicable,2693,UPI,17,4.7,4.0
2024-07-16 13:39:00,CNR1568412559,Success,CID741934,eBike,Majestic,Kadugodi,266.0,125.0,Not Applicable,Not Applicable,No,Not Applicable,710,Cash,19,4.3,4.3
2024-07-28 03:19:00,CNR1970008780,Canceled by Driver,CID509887,Prime SUV,Basavanagudi,Hennur,,,Not Applicable,Customer related issue,Not Applicable,Not Applicable,223,Not Applicable,0,,
2024-07-05 15:02:00,CNR4035650388,Canceled by Driver,CID211803,eBike,Jayanagar,JP Nagar,,,Not Applicable,Personal & Car related issue,Not Applicable,Not Applicable,454,Not Applicable,0,,
2024-07-14 13:38:00,CNR1057603341,Success,CID710308,Auto,Devanahalli,Hennur,84.0,110.0,Not Applicable,Not Applicable,No,Not Applicable,210,UPI,7,3.5,3.9
2024-07-09 04:26:00,CNR8469609801,Canceled by Driver,CID840583,Bike,Ramamurthy Nagar,Yeshwanthpur,,,Not Applicable,Personal & Car related issue,Not Applicable,Not Applicable,2914,Not Applicable,0,,
2024-07-30 20:23:00,CNR5096653518,Success,CID300221,Bike,Kengeri,Bellandur,35.0,50.0,Not Applicable,Not Applicable,No,Not Applicable,233,Cash,49,3.5,3.3
2024-07-07 21:53:00,CNR5552215261,Canceled by Driver,CID959916,Prime SUV,Indiranagar,Whitefield,,,Not Applicable,Personal & Car related issue,Not Applicable,Not Applicable,736,Not Applicable,0,,
2024-07-02 16:15:00,CNR2419853484,Success,CID284220,Prime Plus,RT Nagar,Mysore Road,91.0,40.0,Not Applicable,Not Applicable,No,Not Applicable,851,UPI,49,4.4,3.5
2024-07-12 06:27:00,CNR2922041929,Canceled by Driver,CID363744,Prime Sedan,Chickpet,Hennur,,,Not Applicable,Personal & Car related issue,Not Applicable,Not Applicable,121,Not Applicable,0,,
2024-07-29 22:59:00,CNR6083325983,Canceled by Customer,CID555385,Prime SUV,Ramamurthy Nagar,Indiranagar,,,Driver is not moving towards pickup location,Not Applicable,Not Applicable,Not Applicable,869,Not Applicable,0,,
2024-07-12 12:16:00,CNR7713197366,Success,CID115196,Prime SUV,MG Road,RT Nagar,70.0,65.0,Not Applicable,Not Applicable,No,Not Applicable,307,UPI,15,4.6,4.6
2024-07-07 01:57:00,CNR9649352711,Success,CID932696,Auto,Chickpet,Yeshwanthpur,231.0,90.0,Not Applicable,Not Applicable,No,Not Applicable,256,UPI,16,3.8,3.7
2024-07-11 04:10:00,CNR2527895867,Success,CID963545,eBike,Whitefield,Vijayanagar,273.0,65.0,Not Applicable,Not Applicable,No,Not Applicable,163,Credit Card,49,4.2,3.6
2024-07-22 08:56:00,CNR8364233070,Success,CID363333,Bike,JP Nagar,Ramamurthy Nagar,203.0,105.0,Not Applicable,Not Applicable,Yes,Customer Demand,456,Cash,13,4.3,4.0
2024-07-24 20:33:00,CNR8219845742,Success,CID291300,Prime SUV,Shantinagar,Padmanabhanagar,280.0,130.0,Not Applicable,Not Applicable,No,Not Applicable,124,Cash,9,4.8,4.6
2024-07-12 16:14:00,CNR3429234161,Success,CID232965,Auto,Hennur,Rajarajeshwari Nagar,147.0,120.0,Not Applicable,Not Applicable,No,Not Applicable,125,Cash,12,3.1,3.8
2024-07-17 12:40:00,CNR1055750005,Driver Not Found,CID336114,Bike,Devanahalli,Jayanagar,,,Not Applicable,Not Applicable,Not Applicable,Not Applicable,285,Not Applicable,0,,
2024-07-24 03:58:00,CNR6942947631,Success,CID309238,Mini,Kadugodi,JP Nagar,161.0,90.0,Not Applicable,Not Applicable,No,Not Applicable,786,Cash,29,4.7,4.2
2024-07-01 17:52:00,CNR3717615082,Success,CID549503,Mini,Basavanagudi,Yeshwanthpur,112.0,120.0,Not Applicable,Not Applicable,No,Not Applicable,208,Cash,27,3.8,4.1
2024-07-30 16:29:00,CNR7633615180,Canceled by Driver,CID226856,Auto,Rajarajeshwari Nagar,Langford Town,,,Not Applicable,Customer was coughing/sick,Not Applicable,Not Applicable,320,Not Applicable,0,,
2024-07-05 11:15:00,CNR6216055901,Success,CID380535,Bike,Shantinagar,Chamarajpet,182.0,85.0,Not Applicable,Not Applicable,No,Not Applicable,2047,UPI,37,3.5,4.7
2024-07-12 17:35:00,CNR1462378973,Success,CID553629,Prime Plus,Peenya,Kengeri,245.0,135.0,Not Applicable,Not Applicable,No,Not Applicable,471,Cash,26,4.9,4.4
2024-07-19 06:37:00,CNR1359774543,Success,CID362414,Auto,Ulsoor,Hebbal,77.0,105.0,Not Applicable,Not Applicable,No,Not Applicable,326,Cash,2,3.9,3.3
2024-07-21 20:02:00,CNR9783164551,Canceled by Driver,CID893154,Prime SUV,Nagarbhavi,MG Road,,,Not Applicable,Customer related issue,Not Applicable,Not Applicable,268,Not Applicable,0,,
2024-07-12 01:11:00,CNR1463245086,Success,CID515575,Auto,Varthur,Hosur Road,98.0,120.0,Not Applicable,Not Applicable,No,Not Applicable,166,Cash,12,4.7,4.5
2024-07-27 09:32:00,CNR4960250500,Success,CID430247,Prime Sedan,Varthur,Jayanagar,49.0,120.0,Not Applicable,Not Applicable,No,Not Applicable,208,Cash,33,4.0,4.6
2024-07-18 07:48:00,CNR9893681647,Canceled by Customer,CID225340,Mini,Malleshwaram,Koramangala,,,Driver asked to cancel,Not Applicable,Not Applicable,Not Applicable,2030,Not Applicable,0,,
2024-07-29 14:00:00,CNR4494610102,Success,CID192129,Prime Sedan,Ramamurthy Nagar,Tumkur Road,287.0,90.0,Not Applicable,Not Applicable,No,Not Applicable,205,UPI,40,4.7,4.6
2024-07-21 09:05:00,CNR6966038145,Canceled by Driver,CID339303,Prime Plus,Malleshwaram,Marathahalli,,,Not Applicable,Customer was coughing/sick,Not Applicable,Not Applicable,118,Not Applicable,0,,
2024-07-06 06:51:00,CNR8270348750,Success,CID551112,Mini,Electronic City,Sarjapur Road,70.0,55.0,Not Applicable,Not Applicable,No,Not Applicable,2456,UPI,9,4.8,3.8
2024-07-28 20:22:00,CNR5576505999,Success,CID247244,Prime SUV,Sarjapur Road,Ramamurthy Nagar,196.0,35.0,Not Applicable,Not Applicable,No,Not Applicable,304,UPI,42,4.3,3.3
2024-07-24 21:06:00,CNR8961902697,Success,CID711424,eBike,HSR Layout,JP Nagar,42.0,80.0,Not Applicable,Not Applicable,Yes,Customer Demand,487,UPI,31,4.9,4.4
2024-07-04 14:36:00,CNR6448570562,Success,CID239196,Auto,Majestic,Peenya,91.0,45.0,Not Applicable,Not Applicable,No,Not Applicable,211,UPI,5,4.2,3.9
2024-07-26 04:38:00,CNR3555437259,Driver Not Found,CID246544,Prime SUV,Majestic,Koramangala,,,Not Applicable,Not Applicable,Not Applicable,Not Applicable,218,Not Applicable,0,,
2024-07-18 23:55:00,CNR9501656105,Success,CID630533,Auto,Nagarbhavi,HSR Layout,154.0,25.0,Not Applicable,Not Applicable,No,Not Applicable,554,Cash,14,3.4,3.1
2024-07-05 01:49:00,CNR5610688312,Driver Not Found,CID831009,Prime SUV,Kammanahalli,Bellandur,,,Not Applicable,Not Applicable,Not Applicable,Not Applicable,2755,Not Applicable,0,,
2024-07-27 15:54:00,CNR5547698113,Success,CID811231,Prime Plus,MG Road,Whitefield,175.0,60.0,Not Applicable,Not Applicable,No,Not Applicable,831,Cash,10,3.3,4.5
2024-07-25 11:33:00,CNR6227763125,Driver Not Found,CID888883,Bike,Langford Town,Richmond Town,,,Not Applicable,Not Applicable,Not Applicable,Not Applicable,195,Not Applicable,0,,
2024-07-18 20:37:00,CNR2562034569,Canceled by Driver,CID202724,Prime Sedan,Tumkur Road,Sarjapur Road,,,Not Applicable,Customer was coughing/sick,Not Applicable,Not Applicable,157,Not Applicable,0,,
2024-07-07 17:21:00,CNR2278304991,Canceled by Customer,CID291457,Prime Plus,HSR Layout,Shantinagar,,,Driver is not moving towards pickup location,Not Applicable,Not Applicable,Not Applicable,377,Not Applicable,0,,
2024-07-13 13:55:00,CNR4517229806,Success,CID849507,Mini,Electronic City,Richmond Town,224.0,140.0,Not Applicable,Not Applicable,No,Not Applicable,407,Cash,8,4.9,3.3
2024-07-10 06:27:00,CNR7570068253,Success,CID902730,Prime Plus,BTM Layout,Shantinagar,140.0,80.0,Not Applicable,Not Applicable,No,Not Applicable,446,Cash,19,4.3,4.3
2024-07-26 01:13:00,CNR4708737343,Canceled by Driver,CID896106,Bike,Sarjapur Road,BTM Layout,,,Not Applicable,Personal & Car related issue,Not Applicable,Not Applicable,456,Not Applicable,0,,
2024-07-27 06:21:00,CNR9895887673,Success,CID759931,Prime Sedan,Malleshwaram,Hebbal,77.0,55.0,Not Applicable,Not Applicable,No,Not Applicable,2167,Cash,6,4.4,3.8
2024-07-05 16:00:00,CNR7551375384,Success,CID381394,Prime Sedan,Ulsoor,Rajajinagar,231.0,25.0,Not Applicable,Not Applicable,No,Not Applicable,120,UPI,32,3.1,3.4
2024-07-29 09:25:00,CNR4758490593,Success,CID835989,Bike,Devanahalli,Chamarajpet,245.0,120.0,Not Applicable,Not Applicable,Yes,Vehicle Breakdown,256,UPI,36,3.8,3.5
2024-07-28 12:38:00,CNR2653367578,Driver Not Found,CID949130,Prime SUV,Devanahalli,Rajajinagar,,,Not Applicable,Not Applicable,Not Applicable,Not Applicable,634,Not Applicable,0,,
2024-07-12 10:24:00,CNR4928182018,Canceled by Driver,CID919969,Prime Sedan,Yeshwanthpur,Hulimavu,,,Not Applicable,Personal & Car related issue,Not Applicable,Not Applicable,512,Not Applicable,0,,
2024-07-29 10:54:00,CNR4876684089,Success,CID543568,Bike,Electronic City,Nagarbhavi,49.0,50.0,Not Applicable,Not Applicable,No,Not Applicable,431,Cash,23,4.0,3.6
2024-07-26 03:44:00,CNR3618852886,Success,CID146592,eBike,Ramamurthy Nagar,Malleshwaram,259.0,100.0,Not Applicable,Not Applicable,No,Not Applicable,597,Cash,32,3.8,4.4
2024-07-24 16:17:00,CNR1490750220,Canceled by Driver,CID983943,Prime Plus,RT Nagar,Hennur,,,Not Applicable,Customer was coughing/sick,Not Applicable,Not Applicable,250,Not Applicable,0,,
2024-07-15 21:06:00,CNR4096066407,Success,CID103161,Auto,BTM Layout,RT Nagar,154.0,105.0,Not Applicable,Not Applicable,No,Not Applicable,344,Cash,19,4.4,4.4
2024-07-29 12:11:00,CNR1653140972,Canceled by Customer,CID797747,Mini,Kengeri,Vijayanagar,,,Driver is not moving towards pickup location,Not Applicable,Not Applicable,Not Applicable,292,Not Applicable,0,,
2024-07-07 02:29:00,CNR2256576201,Success,CID401829,Mini,Cox Town,Hebbal,133.0,70.0,Not Applicable,Not Applicable,No,Not Applicable,467,Cash,42,4.4,4.6
2024-07-19 23:21:00,CNR9209421238,Canceled by Customer,CID218504,Prime Plus,Tumkur Road,Majestic,,,Driver is not moving towards pickup location,Not Applicable,Not Applicable,Not Applicable,200,Not Applicable,0,,
2024-07-04 10:40:00,CNR4592321965,Canceled by Driver,CID828063,Bike,Bellandur,Whitefield,,,Not Applicable,More than permitted people in there,Not Applicable,Not Applicable,165,Not Applicable,0,,
2024-07-05 20:49:00,CNR5953922226,Success,CID390419,eBike,Chamarajpet,Kammanahalli,203.0,145.0,Not Applicable,Not Applicable,No,Not Applicable,406,UPI,5,4.8,4.8
2024-07-11 16:21:00,CNR7175214991,Canceled by Driver,CID385362,Auto,Magadi Road,Sahakar Nagar,,,Not Applicable,Personal & Car related issue,Not Applicable,Not Applicable,1674,Not Applicable,0,,
2024-07-01 08:44:00,CNR4533288786,Success,CID475843,Prime Sedan,Tumkur Road,KR Puram,238.0,70.0,Not Applicable,Not Applicable,No,Not Applicable,497,UPI,43,3.8,4.2
2024-07-09 05:51:00,CNR6287078401,Success,CID970876,Prime Plus,Bannerghatta Road,BTM Layout,35.0,55.0,Not Applicable,Not Applicable,No,Not Applicable,441,Cash,25,3.6,4.4
2024-07-24 02:16:00,CNR1677702868,Success,CID404083,Prime Sedan,Rajarajeshwari Nagar,Devanahalli,196.0,120.0,Not Applicable,Not Applicable,No,Not Applicable,650,Cash,39,3.8,4.0
2024-07-04 11:27:00,CNR1620238016,Success,CID726658,Prime Plus,Malleshwaram,Varthur,224.0,125.0,Not Applicable,Not Applicable,No,Not Applicable,285,Cash,45,3.4,4.2
2024-07-25 06:57:00,CNR1243032326,Success,CID797082,Bike,Whitefield,Kammanahalli,294.0,45.0,Not Applicable,Not Applicable,No,Not Applicable,539,Cash,12,3.5,3.1
2024-07-23 11:41:00,CNR1802478934,Success,CID304784,Bike,Yeshwanthpur,Varthur,217.0,35.0,Not Applicable,Not Applicable,No,Not Applicable,245,UPI,41,3.6,3.4
2024-07-10 05:49:00,CNR5444032091,Success,CID160093,Prime SUV,HSR Layout,Hennur,175.0,140.0,Not Applicable,Not Applicable,No,Not Applicable,196,Cash,26,4.2,3.6
2024-07-21 00:12:00,CNR2565337051,Canceled by Driver,CID629737,eBike,Sahakar Nagar,Langford Town,,,Not Applicable,More than permitted people in there,Not Applicable,Not Applicable,493,Not Applicable,0,,
2024-07-01 12:59:00,CNR2347503147,Canceled by Customer,CID762394,Auto,Hosur Road,JP Nagar,,,AC is Not working,Not Applicable,Not Applicable,Not Applicable,304,Not Applicable,0,,
2024-07-21 03:50:00,CNR5204595843,Success,CID316900,Prime Plus,Hebbal,Bannerghatta Road,91.0,50.0,Not Applicable,Not Applicable,No,Not Applicable,106,UPI,29,3.7,3.6
2024-07-04 14:09:00,CNR4047703442,Success,CID551655,Bike,Varthur,BTM Layout,140.0,125.0,Not Applicable,Not Applicable,No,Not Applicable,264,Cash,5,4.1,4.3
2024-07-19 16:13:00,CNR9420282397,Success,CID391458,Bike,Yelahanka,Tumkur Road,266.0,130.0,Not Applicable,Not Applicable,No,Not Applicable,1491,UPI,19,4.2,4.5
2024-07-05 21:53:00,CNR8218067626,Success,CID467398,Prime Sedan,Padmanabhanagar,Indiranagar,196.0,140.0,Not Applicable,Not Applicable,No,Not Applicable,778,UPI,37,4.2,3.8
2024-07-19 13:59:00,CNR1631802029,Canceled by Customer,CID510433,eBike,Chickpet,Mysore Road,,,AC is Not working,Not Applicable,Not Applicable,Not Applicable,261,Not Applicable,0,,
2024-07-07 18:57:00,CNR1928120063,Canceled by Driver,CID876888,Prime Plus,Kadugodi,Yelahanka,,,Not Applicable,Personal & Car related issue,Not Applicable,Not Applicable,126,Not Applicable,0,,
2024-07-02 12:25:00,CNR1051974261,Success,CID132264,Bike,Jayanagar,Malleshwaram,84.0,25.0,Not Applicable,Not Applicable,No,Not Applicable,334,UPI,36,4.6,3.6
2024-07-04 06:19:00,CNR6765539373,Success,CID332401,eBike,Banashankari,Kadugodi,238.0,145.0,Not Applicable,Not Applicable,No,Not Applicable,255,Cash,30,3.8,3.9
2024-07-24 14:10:00,CNR9850054116,Canceled by Driver,CID875491,Prime Plus,MG Road,Varthur,,,Not Applicable,Personal & Car related issue,Not Applicable,Not Applicable,2151,Not Applicable,0,,
2024-07-15 11:04:00,CNR5904853433,Canceled by Driver,CID833100,Bike,Hosur Road,Shivajinagar,,,Not Applicable,Personal & Car related issue,Not Applicable,Not Applicable,399,Not Applicable,0,,
2024-07-16 17:11:00,CNR4775903403,Canceled by Customer,CID948042,Prime Sedan,Basavanagudi,Padmanabhanagar,,,AC is Not working,Not Applicable,Not Applicable,Not Applicable,107,Not Applicable,0,,
2024-07-16 18:58:00,CNR4361441478,Success,CID665176,Mini,MG Road,Shivajinagar,266.0,45.0,Not Applicable,Not Applicable,No,Not Applicable,1388,Cash,20,4.8,4.1
2024-07-06 15:38:00,CNR6807144951,Driver Not Found,CID381415,Prime Plus,Ulsoor,Electronic City,,,Not Applicable,Not Applicable,Not Applicable,Not Applicable,850,Not Applicable,0,,
2024-07-18 01:56:00,CNR5395711974,Success,CID801243,Prime Sedan,Sahakar Nagar,Langford Town,42.0,95.0,Not Applicable,Not Applicable,No,Not Applicable,506,UPI,41,4.9,4.8
2024-07-08 16:18:00,CNR5646234144,Success,CID553969,Prime Plus,Bannerghatta Road,Yeshwanthpur,77.0,120.0,Not Applicable,Not Applicable,Yes,Vehicle Breakdown,392,Cash,20,4.6,4.0
2024-07-04 09:22:00,CNR1194272169,Canceled by Driver,CID312236,Auto,Devanahalli,HSR Layout,,,Not Applicable,Customer was coughing/sick,Not Applicable,Not Applicable,501,Not Applicable,0,,
2024-07-13 03:21:00,CNR3990932464,Success,CID639426,Prime SUV,Yelahanka,HSR Layout,84.0,50.0,Not Applicable,Not Applicable,No,Not Applicable,672,UPI,42,4.2,3.8
2024-07-09 22:58:00,CNR3264747863,Driver Not Found,CID626718,Prime SUV,HSR Layout,Indiranagar,,,Not Applicable,Not Applicable,Not Applicable,Not Applicable,334,Not Applicable,0,,
2024-07-02 17:47:00,CNR6872971058,Canceled by Driver,CID105895,Auto,Jayanagar,Peenya,,,Not Applicable,Customer related issue,Not Applicable,Not Applicable,919,Not Applicable,0,,
2024-07-24 03:36:00,CNR5756643151,Success,CID382120,Bike,Peenya,Nagarbhavi,147.0,85.0,Not Applicable,Not Applicable,No,Not Applicable,137,Cash,40,3.3,3.6
2024-07-12 13:00:00,CNR3994853879,Success,CID298000,Auto,Basavanagudi,Langford Town,252.0,65.0,Not Applicable,Not Applicable,No,Not Applicable,2533,UPI,13,3.4,4.9
2024-07-20 23:53:00,CNR9798647446,Canceled by Driver,CID538283,Mini,Electronic City,RT Nagar,,,Not Applicable,Personal & Car related issue,Not Applicable,Not Applicable,385,Not Applicable,0,,
2024-07-25 09:29:00,CNR4587303652,Success,CID151681,eBike,HSR Layout,Rajajinagar,294.0,95.0,Not Applicable,Not Applicable,No,Not Applicable,437,Debit Card,24,4.4,3.6
2024-07-23 04:51:00,CNR8691190116,Success,CID404848,Mini,Devanahalli,Sahakar Nagar,280.0,100.0,Not Applicable,Not Applicable,No,Not Applicable,159,Cash,12,4.2,3.5
2024-07-17 08:55:00,CNR5458976209,Success,CID179578,Mini,Kammanahalli,Hennur,70.0,50.0,Not Applicable,Not Applicable,No,Not Applicable,166,Cash,6,3.4,4.1
2024-07-10 04:07:00,CNR2896911803,Canceled by Driver,CID675353,Prime Plus,Tumkur Road,Jayanagar,,,Not Applicable,Customer related issue,Not Applicable,Not Applicable,259,Not Applicable,0,,
2024-07-12 03:50:00,CNR2579133731,Success,CID507868,Prime SUV,RT Nagar,Shivajinagar,161.0,115.0,Not Applicable,Not Applicable,No,Not Applicable,274,UPI,27,3.9,3.8
2024-07-19 17:27:00,CNR1792271245,Success,CID812863,Prime Plus,Kengeri,Yeshwanthpur,224.0,110.0,Not Applicable,Not Applicable,No,Not Applicable,176,Cash,22,3.6,4.8
2024-07-08 03:04:00,CNR3734593853,Success,CID888319,Prime Sedan,Shantinagar,Padmanabhanagar,168.0,35.0,Not Applicable,Not Applicable,No,Not Applicable,208,Cash,25,4.2,3.2
2024-07-21 00:23:00,CNR4364490005,Success,CID996699,Prime Plus,RT Nagar,Banashankari,231.0,50.0,Not Applicable,Not Applicable,Yes,Other Issue,478,UPI,6,3.3,5.0
2024-07-24 00:30:00,CNR2446147454,Success,CID912887,Prime SUV,Magadi Road,Chamarajpet,126.0,125.0,Not Applicable,Not Applicable,No,Not Applicable,256,Cash,4,4.1,3.5
2024-07-01 13:54:00,CNR6063950044,Success,CID463820,Prime Plus,MG Road,Indiranagar,42.0,25.0,Not Applicable,Not Applicable,No,Not Applicable,889,UPI,10,3.3,3.7
2024-07-25 22:59:00,CNR2334343923,Success,CID394815,Prime Plus,Malleshwaram,JP Nagar,35.0,130.0,Not Applicable,Not Applicable,No,Not Applicable,360,Cash,29,4.7,4.8
2024-07-16 11:03:00,CNR6465071206,Success,CID307773,eBike,Ulsoor,Marathahalli,91.0,75.0,Not Applicable,Not Applicable,No,Not Applicable,166,UPI,46,3.0,3.9
2024-07-25 21:00:00,CNR2974281233,Success,CID671007,eBike,Whitefield,Devanahalli,182.0,125.0,Not Applicable,Not Applicable,No,Not Applicable,311,UPI,35,3.8,3.3
2024-07-23 04:46:00,CNR5378647009,Success,CID712262,Mini,Peenya,MG Road,189.0,110.0,Not Applicable,Not Applicable,No,Not Applicable,1405,UPI,18,4.9,4.3
2024-07-02 14:48:00,CNR1659728933,Success,CID993023,eBike,Indiranagar,Shantinagar,224.0,110.0,Not Applicable,Not Applicable,No,Not Applicable,351,Cash,36,4.0,3.5
2024-07-30 21:53:00,CNR4081628445,Success,CID450644,eBike,Shivajinagar,Mysore Road,189.0,75.0,Not Applicable,Not Applicable,No,Not Applicable,870,Cash,45,3.9,4.7
2024-07-19 10:57:00,CNR4521833743,Canceled by Driver,CID293309,eBike,Whitefield,Rajajinagar,,,Not Applicable,Customer related issue,Not Applicable,Not Applicable,283,Not Applicable,0,,
2024-07-15 18:42:00,CNR3378353049,Success,CID627335,Auto,Magadi Road,Bannerghatta Road,217.0,30.0,Not Applicable,Not Applicable,No,Not Applicable,542,UPI,11,4.6,4.4
2024-07-29 09:12:00,CNR3716461813,Success,CID852322,Prime Sedan,Frazer Town,Banashankari,189.0,45.0,Not Applicable,Not Applicable,No,Not Applicable,470,UPI,10,3.6,4.7
2024-07-30 03:35:00,CNR8610164424,Success,CID738568,Prime Plus,Vijayanagar,Rajarajeshwari Nagar,35.0,95.0,Not Applicable,Not Applicable,No,Not Applicable,749,Credit Card,18,5.0,4.9
2024-07-03 09:45:00,CNR7877434148,Success,CID587900,Prime SUV,Cox Town,JP Nagar,35.0,110.0,Not Applicable,Not Applicable,No,Not Applicable,790,Cash,32,4.0,3.6
2024-07-13 23:55:00,CNR2072040726,Success,CID193339,Mini,RT Nagar,HSR Layout,98.0,110.0,Not Applicable,Not Applicable,No,Not Applicable,147,UPI,45,4.4,3.2
2024-07-14 14:44:00,CNR9707263640,Success,CID962865,Prime Sedan,Ramamurthy Nagar,Frazer Town,70.0,75.0,Not Applicable,Not Applicable,No,Not Applicable,320,Cash,37,3.3,4.4
2024-07-03 09:34:00,CNR9995395962,Canceled by Driver,CID935977,Bike,Frazer Town,Mysore Road,,,Not Applicable,Personal & Car related issue,Not Applicable,Not Applicable,204,Not Applicable,0,,
2024-07-15 23:20:00,CNR2906215485,Canceled by Driver,CID904149,Prime SUV,KR Puram,Tumkur Road,,,Not Applicable,Personal & Car related issue,Not Applicable,Not Applicable,169,Not Applicable,0,,
2024-07-14 12:18:00,CNR8491582427,Canceled by Driver,CID139716,Mini,RT Nagar,Hennur,,,Not Applicable,Customer was coughing/sick,Not Applicable,Not Applicable,654,Not Applicable,0,,
2024-07-30 17:57:00,CNR6313310701,Success,CID933126,Prime Plus,Padmanabhanagar,Rajajinagar,105.0,135.0,Not Applicable,Not Applicable,No,Not Applicable,972,UPI,21,4.5,4.5
2024-07-07 17:00:00,CNR9144799055,Canceled by Driver,CID924056,Mini,Hennur,Mysore Road,,,Not Applicable,Customer related issue,Not Applicable,Not Applicable,242,Not Applicable,0,,
2024-07-23 20:25:00,CNR9598418860,Success,CID773588,Bike,BTM Layout,Jayanagar,49.0,40.0,Not Applicable,Not Applicable,No,Not Applicable,242,UPI,7,3.3,4.0
2024-07-15 20:27:00,CNR3533232800,Success,CID989425,Prime Sedan,Tumkur Road,Chickpet,133.0,70.0,Not Applicable,Not Applicable,No,Not Applicable,129,Cash,3,4.3,3.1
2024-07-29 13:54:00,CNR8085637694,Canceled by Customer,CID343776,Bike,Padmanabhanagar,Yelahanka,,,Wrong Address,Not Applicable,Not Applicable,Not Applicable,110,Not Applicable,0,,
2024-07-28 23:43:00,CNR3845063968,Success,CID179806,Prime Plus,Yelahanka,Kammanahalli,147.0,140.0,Not Applicable,Not Applicable,No,Not Applicable,1335,Cash,43,3.8,4.8
2024-07-21 07:23:00,CNR7097090401,Success,CID247255,eBike,JP Nagar,Chickpet,224.0,120.0,Not Applicable,Not Applicable,No,Not Applicable,325,Cash,36,3.4,4.4
2024-07-14 09:58:00,CNR6385345784,Success,CID795352,Prime SUV,Hosur Road,Kadugodi,77.0,55.0,Not Applicable,Not Applicable,No,Not Applicable,280,UPI,14,4.6,3.1
2024-07-26 00:59:00,CNR7864924467,Canceled by Customer,CID205308,eBike,Basavanagudi,Vijayanagar,,,Driver asked to cancel,Not Applicable,Not Applicable,Not Applicable,935,Not Applicable,0,,
2024-07-15 12:54:00,CNR5228786960,Driver Not Found,CID263459,Prime SUV,Marathahalli,Cox Town,,,Not Applicable,Not Applicable,Not Applicable,Not Applicable,476,Not Applicable,0,,
2024-07-30 20:37:00,CNR8975064339,Success,CID578528,Mini,Bellandur,Yelahanka,210.0,105.0,Not Applicable,Not Applicable,No,Not Applicable,306,Cash,34,3.8,3.9
2024-07-01 17:59:00,CNR2443937320,Canceled by Driver,CID832102,Auto,Sarjapur Road,JP Nagar,,,Not Applicable,Customer related issue,Not Applicable,Not Applicable,152,Not Applicable,0,,
2024-07-13 13:52:00,CNR5510700209,Success,CID742455,eBike,BTM Layout,Richmond Town,301.0,60.0,Not Applicable,Not Applicable,No,Not Applicable,324,Cash,4,4.1,4.4
2024-07-06 17:52:00,CNR7083946242,Canceled by Customer,CID647912,Auto,Jayanagar,Jayanagar,,,AC is Not working,Not Applicable,Not Applicable,Not Applicable,120,Not Applicable,0,,
2024-07-22 12:49:00,CNR4070293265,Driver Not Found,CID881204,Prime Sedan,Yeshwanthpur,Vijayanagar,,,Not Applicable,Not Applicable,Not Applicable,Not Applicable,973,Not Applicable,0,,
2024-07-17 08:07:00,CNR1881695643,Success,CID298455,Prime Plus,JP Nagar,Hosur Road,77.0,135.0,Not Applicable,Not Applicable,No,Not Applicable,236,UPI,17,4.8,4.0
2024-07-22 22:55:00,CNR9591302253,Success,CID712696,Prime Plus,Magadi Road,Shivajinagar,105.0,50.0,Not Applicable,Not Applicable,No,Not Applicable,361,Cash,31,4.7,3.5
2024-07-09 02:11:00,CNR4942877615,Success,CID720094,Mini,Magadi Road,Kammanahalli,77.0,80.0,Not Applicable,Not Applicable,No,Not Applicable,328,Cash,16,4.1,5.0
2024-07-06 16:51:00,CNR3373281151,Success,CID130468,eBike,Magadi Road,JP Nagar,84.0,105.0,Not Applicable,Not Applicable,Yes,Other Issue,416,Cash,22,3.8,3.3
2024-07-06 02:29:00,CNR4916106094,Success,CID126952,Prime Sedan,Hosur Road,Banashankari,294.0,85.0,Not Applicable,Not Applicable,No,Not Applicable,342,Cash,44,4.7,3.7
2024-07-01 21:15:00,CNR5057129086,Success,CID516644,Mini,Chamarajpet,Peenya,252.0,110.0,Not Applicable,Not Applicable,No,Not Applicable,232,UPI,25,4.8,4.5
2024-07-20 15:11:00,CNR9939051498,Success,CID272524,Prime SUV,Hebbal,Rajajinagar,42.0,100.0,Not Applicable,Not Applicable,No,Not Applicable,589,Cash,3,4.8,4.0
2024-07-04 17:28:00,CNR8853165726,Success,CID407115,Prime Sedan,Mysore Road,Malleshwaram,301.0,85.0,Not Applicable,Not Applicable,No,Not Applicable,217,Cash,1,4.3,3.0
2024-07-28 20:45:00,CNR2763341838,Success,CID224911,eBike,MG Road,Bannerghatta Road,294.0,60.0,Not Applicable,Not Applicable,No,Not Applicable,2333,UPI,19,3.6,3.9
2024-07-23 07:18:00,CNR9379438076,Driver Not Found,CID145317,Prime Plus,Yelahanka,Devanahalli,,,Not Applicable,Not Applicable,Not Applicable,Not Applicable,155,Not Applicable,0,,
2024-07-10 10:37:00,CNR1084583787,Canceled by Driver,CID205584,Bike,Frazer Town,Whitefield,,,Not Applicable,Customer related issue,Not Applicable,Not Applicable,367,Not Applicable,0,,
2024-07-26 06:35:00,CNR9777006735,Success,CID158559,Prime SUV,Chamarajpet,Hulimavu,42.0,115.0,Not Applicable,Not Applicable,No,Not Applicable,360,Cash,34,3.6,4.1
2024-07-03 23:18:00,CNR2386888055,Success,CID279509,Prime SUV,Bannerghatta Road,Magadi Road,56.0,125.0,Not Applicable,Not Applicable,No,Not Applicable,323,Cash,17,4.2,3.9
2024-07-06 06:50:00,CNR1572931585,Success,CID973425,Prime Sedan,Bellandur,Bellandur,196.0,65.0,Not Applicable,Not Applicable,No,Not Applicable,1440,Cash,3,4.3,4.7
2024-07-21 07:08:00,CNR6782903597,Success,CID959105,Prime Plus,Bellandur,Marathahalli,196.0,145.0,Not Applicable,Not Applicable,No,Not Applicable,407,UPI,22,3.3,4.3
2024-07-11 14:32:00,CNR9209654253,Success,CID654985,Auto,KR Puram,Rajarajeshwari Nagar,98.0,135.0,Not Applicable,Not Applicable,No,Not Applicable,510,Cash,17,3.3,4.6
2024-07-23 05:35:00,CNR5833449234,Canceled by Customer,CID370785,Prime Plus,Kammanahalli,Chickpet,,,Change of plans,Not Applicable,Not Applicable,Not Applicable,699,Not Applicable,0,,
2024-07-28 08:23:00,CNR9813628346,Success,CID931371,Auto,Ramamurthy Nagar,Hulimavu,301.0,30.0,Not Applicable,Not Applicable,No,Not Applicable,364,Credit Card,9,4.4,3.3
2024-07-01 18:06:00,CNR9585908745,Success,CID154221,Auto,Hennur,RT Nagar,259.0,90.0,Not Applicable,Not Applicable,No,Not Applicable,328,UPI,14,3.7,4.4
2024-07-22 11:02:00,CNR5082578432,Success,CID929825,Bike,Mysore Road,Koramangala,140.0,105.0,Not Applicable,Not Applicable,No,Not Applicable,122,UPI,24,4.9,3.1
2024-07-03 21:39:00,CNR4102372002,Success,CID421424,Prime Sedan,HSR Layout,Tumkur Road,196.0,105.0,Not Applicable,Not Applicable,No,Not Applicable,339,Cash,37,4.8,3.9
2024-07-26 21:42:00,CNR3160284918,Success,CID871346,Prime Plus,Malleshwaram,Tumkur Road,308.0,45.0,Not Applicable,Not Applicable,No,Not Applicable,2261,Cash,47,4.4,4.1
2024-07-18 16:46:00,CNR7927516464,Success,CID523695,Auto,Varthur,Hulimavu,105.0,120.0,Not Applicable,Not Applicable,Yes,Customer Demand,583,Cash,15,3.6,4.8
2024-07-15 14:09:00,CNR1978473440,Success,CID230892,Prime Plus,Ramamurthy Nagar,Richmond Town,56.0,120.0,Not Applicable,Not Applicable,No,Not Applicable,381,UPI,43,4.1,3.7
2024-07-15 02:50:00,CNR9405662290,Success,CID584890,Bike,Kengeri,Hulimavu,84.0,55.0,Not Applicable,Not Applicable,No,Not Applicable,2074,Cash,14,4.6,4.9
2024-07-20 01:42:00,CNR6685863254,Canceled by Customer,CID975277,Prime Plus,Vijayanagar,Whitefield,,,Wrong Address,Not Applicable,Not Applicable,Not Applicable,1976,Not Applicable,0,,
2024-07-15 14:38:00,CNR6872811335,Canceled by Driver,CID164518,Prime Sedan,Kengeri,Basavanagudi,,,Not Applicable,Personal & Car related issue,Not Applicable,Not Applicable,300,Not Applicable,0,,
2024-07-07 03:13:00,CNR8536703586,Success,CID991554,Prime Plus,Majestic,Koramangala,105.0,140.0,Not Applicable,Not Applicable,No,Not Applicable,257,UPI,16,4.7,4.1
2024-07-19 17:43:00,CNR6650070370,Success,CID307918,Auto,Bannerghatta Road,Ulsoor,231.0,140.0,Not Applicable,Not Applicable,Yes,Customer Demand,212,UPI,7,4.8,4.2
2024-07-26 07:47:00,CNR5251681205,Canceled by Driver,CID680745,Prime Sedan,Kammanahalli,Kadugodi,,,Not Applicable,Personal & Car related issue,Not Applicable,Not Applicable,481,Not Applicable,0,,
2024-07-27 08:28:00,CNR2416157696,Success,CID910249,eBike,Banashankari,Sahakar Nagar,154.0,115.0,Not Applicable,Not Applicable,No,Not Applicable,2033,Cash,38,4.0,4.7
2024-07-06 03:58:00,CNR3816729961,Canceled by Customer,CID783764,Mini,Ramamurthy Nagar,Marathahalli,,,Driver asked to cancel,Not Applicable,Not Applicable,Not Applicable,379,Not Applicable,0,,
2024-07-28 21:52:00,CNR8716642152,Success,CID142550,Auto,Langford Town,Marathahalli,287.0,60.0,Not Applicable,Not Applicable,No,Not Applicable,428,Cash,4,4.2,4.6
2024-07-20 19:47:00,CNR2307213582,Success,CID935305,Prime Plus,Jayanagar,Sarjapur Road,273.0,125.0,Not Applicable,Not Applicable,No,Not Applicable,479,UPI,44,4.5,4.0
2024-07-29 14:34:00,CNR5783886723,Success,CID239195,Auto,Hosur Road,Yelahanka,84.0,50.0,Not Applicable,Not Applicable,No,Not Applicable,472,Cash,3,3.2,4.0
2024-07-29 23:06:00,CNR5998798233,Success,CID263459,Mini,Banashankari,Vijayanagar,203.0,35.0,Not Applicable,Not Applicable,No,Not Applicable,337,Cash,26,3.3,3.4
2024-07-27 16:09:00,CNR8159449742,Success,CID544774,Prime SUV,Electronic City,BTM Layout,259.0,35.0,Not Applicable,Not Applicable,No,Not Applicable,295,Cash,14,4.7,4.9
2024-07-09 21:24:00,CNR2253645053,Canceled by Customer,CID174221,Prime Plus,Indiranagar,Marathahalli,,,AC is Not working,Not Applicable,Not Applicable,Not Applicable,344,Not Applicable,0,,
2024-07-27 20:56:00,CNR4758410554,Success,CID288999,eBike,JP Nagar,Peenya,63.0,75.0,Not Applicable,Not Applicable,No,Not Applicable,241,Cash,29,4.3,3.6
2024-07-10 21:39:00,CNR6700533888,Success,CID729608,Prime Sedan,Kammanahalli,Marathahalli,301.0,110.0,Not Applicable,Not Applicable,No,Not Applicable,617,Cash,25,4.3,5.0
2024-07-04 01:34:00,CNR5560334699,Success,CID762560,Prime Plus,Tumkur Road,Hulimavu,217.0,115.0,Not Applicable,Not Applicable,No,Not Applicable,334,Cash,17,3.2,3.5
2024-07-12 18:59:00,CNR5522725338,Canceled by Driver,CID356460,Bike,Tumkur Road,Koramangala,,,Not Applicable,Personal & Car related issue,Not Applicable,Not Applicable,136,Not Applicable,0,,
2024-07-21 08:05:00,CNR8462072590,Success,CID182816,Mini,Peenya,Jayanagar,70.0,100.0,Not Applicable,Not Applicable,No,Not Applicable,343,UPI,20,4.0,3.6
2024-07-21 04:51:00,CNR3870146324,Canceled by Customer,CID669136,Prime SUV,Marathahalli,Peenya,,,Change of plans,Not Applicable,Not Applicable,Not Applicable,380,Not Applicable,0,,
2024-07-24 13:39:00,CNR4540787271,Success,CID244874,eBike,Banashankari,Varthur,238.0,40.0,Not Applicable,Not Applicable,No,Not Applicable,493,Cash,28,3.4,4.7
2024-07-19 02:05:00,CNR6000857955,Success,CID453100,Bike,Ramamurthy Nagar,Electronic City,231.0,120.0,Not Applicable,Not Applicable,No,Not Applicable,461,UPI,30,3.4,3.4
2024-07-05 14:28:00,CNR1369081867,Success,CID128434,Prime SUV,Vijayanagar,Marathahalli,35.0,145.0,Not Applicable,Not Applicable,No,Not Applicable,926,Cash,39,3.6,4.7
2024-07-06 06:57:00,CNR8549359593,Success,CID310914,Prime Sedan,HSR Layout,Kadugodi,252.0,30.0,Not Applicable,Not Applicable,No,Not Applicable,279,Cash,36,3.2,4.3
2024-07-18 12:26:00,CNR1974423704,Success,CID253826,eBike,Bannerghatta Road,JP Nagar,77.0,120.0,Not Applicable,Not Applicable,No,Not Applicable,2271,UPI,40,3.3,3.2
2024-07-30 18:45:00,CNR4115750033,Success,CID809920,Auto,Yelahanka,Basavanagudi,126.0,130.0,Not Applicable,Not Applicable,No,Not Applicable,392,Cash,3,4.7,4.1
2024-07-01 05:38:00,CNR7796301724,Success,CID587335,Auto,Frazer Town,Shivajinagar,259.0,130.0,Not Applicable,Not Applicable,No,Not Applicable,239,Cash,15,3.8,4.7
2024-07-19 07:10:00,CNR3508357548,Success,CID509055,Prime Plus,HSR Layout,Bellandur,252.0,65.0,Not Applicable,Not Applicable,No,Not Applicable,347,Cash,38,3.3,3.8
2024-07-01 00:43:00,CNR2169578921,Canceled by Customer,CID786481,Prime SUV,Chickpet,Frazer Town,,,Driver is not moving towards pickup location,Not Applicable,Not Applicable,Not Applicable,425,Not Applicable,0,,
2024-07-09 15:21:00,CNR5628102327,Canceled by Customer,CID579284,Prime Plus,Varthur,JP Nagar,,,AC is Not working,Not Applicable,Not Applicable,Not Applicable,332,Not Applicable,0,,
2024-07-03 11:25:00,CNR9379467839,Success,CID567651,Prime Plus,Vijayanagar,BTM Layout,224.0,135.0,Not Applicable,Not Applicable,No,Not Applicable,290,UPI,44,4.7,3.2
2024-07-17 01:54:00,CNR3676694382,Success,CID259728,Bike,Yelahanka,Basavanagudi,49.0,55.0,Not Applicable,Not Applicable,No,Not Applicable,164,UPI,15,3.9,4.5
2024-07-21 22:22:00,CNR4811907422,Success,CID594011,Auto,Hennur,Chamarajpet,70.0,55.0,Not Applicable,Not Applicable,No,Not Applicable,511,Cash,18,3.9,3.2
2024-07-13 12:52:00,CNR1428907843,Canceled by Driver,CID743350,Bike,Vijayanagar,BTM Layout,,,Not Applicable,Personal & Car related issue,Not Applicable,Not Applicable,354,Not Applicable,0,,
2024-07-04 21:57:00,CNR8342081429,Success,CID269011,Prime SUV,Devanahalli,Hennur,161.0,135.0,Not Applicable,Not Applicable,No,Not Applicable,602,Cash,16,3.2,4.6
2024-07-19 05:22:00,CNR2787534888,Success,CID307822,Prime Plus,Chamarajpet,Ramamurthy Nagar,70.0,55.0,Not Applicable,Not Applicable,No,Not Applicable,854,Cash,14,4.2,3.3
2024-07-09 01:31:00,CNR7195603696,Driver Not Found,CID609564,Prime SUV,Langford Town,Kammanahalli,,,Not Applicable,Not Applicable,Not Applicable,Not Applicable,267,Not Applicable,0,,
2024-07-05 12:53:00,CNR5498927227,Driver Not Found,CID453438,Prime Plus,Marathahalli,Tumkur Road,,,Not Applicable,Not Applicable,Not Applicable,Not Applicable,164,Not Applicable,0,,
2024-07-30 07:22:00,CNR4048062503,Driver Not Found,CID255866,eBike,Hennur,Nagarbhavi,,,Not Applicable,Not Applicable,Not Applicable,Not Applicable,335,Not Applicable,0,,
2024-07-20 07:45:00,CNR2054127194,Success,CID795308,eBike,Sarjapur Road,Cox Town,42.0,55.0,Not Applicable,Not Applicable,No,Not Applicable,176,Cash,28,3.7,3.9
2024-07-19 13:20:00,CNR7332641221,Success,CID880158,Auto,Vijayanagar,RT Nagar,189.0,105.0,Not Applicable,Not Applicable,No,Not Applicable,438,Cash,11,3.4,3.3
2024-07-09 14:51:00,CNR8803996047,Success,CID421696,Prime Plus,Langford Town,Varthur,259.0,25.0,Not Applicable,Not Applicable,No,Not Applicable,812,UPI,4,3.1,4.9
2024-07-23 07:21:00,CNR5306184872,Canceled by Customer,CID740448,Prime Plus,Shivajinagar,Cox Town,,,Driver asked to cancel,Not Applicable,Not Applicable,Not Applicable,435,Not Applicable,0,,
2024-07-16 20:30:00,CNR6222821456,Success,CID612762,Prime Plus,Peenya,Indiranagar,35.0,130.0,Not Applicable,Not Applicable,No,Not Applicable,624,UPI,23,3.5,3.7
2024-07-22 00:26:00,CNR7040413561,Success,CID681251,Prime Plus,Marathahalli,Banashankari,231.0,50.0,Not Applicable,Not Applicable,No,Not Applicable,170,Credit Card,21,3.2,4.3
2024-07-05 08:41:00,CNR3973889273,Success,CID785651,eBike,Kadugodi,Shivajinagar,273.0,50.0,Not Applicable,Not Applicable,No,Not Applicable,613,UPI,32,3.2,3.9
2024-07-20 11:16:00,CNR3944191068,Canceled by Customer,CID199162,Prime Plus,Rajarajeshwari Nagar,Banashankari,,,Driver asked to cancel,Not Applicable,Not Applicable,Not Applicable,500,Not Applicable,0,,
2024-07-02 14:18:00,CNR1346399700,Canceled by Customer,CID272818,Prime Sedan,Richmond Town,RT Nagar,,,Driver asked to cancel,Not Applicable,Not Applicable,Not Applicable,400,Not Applicable,0,,
2024-07-24 20:29:00,CNR3229283917,Canceled by Driver,CID947423,eBike,Peenya,MG Road,,,Not Applicable,More than permitted people in there,Not Applicable,Not Applicable,303,Not Applicable,0,,
2024-07-01 04:21:00,CNR7352918754,Success,CID974935,eBike,Chickpet,Magadi Road,119.0,30.0,Not Applicable,Not Applicable,Yes,Customer Demand,679,Cash,13,3.4,4.5
2024-07-21 01:53:00,CNR2500917132,Canceled by Driver,CID211770,Prime Plus,Devanahalli,Kammanahalli,,,Not Applicable,Customer related issue,Not Applicable,Not Applicable,798,Not Applicable,0,,
2024-07-20 04:00:00,CNR8065183387,Success,CID303639,eBike,Tumkur Road,HSR Layout,175.0,45.0,Not Applicable,Not Applicable,No,Not Applicable,110,UPI,41,3.3,3.0
2024-07-02 14:48:00,CNR6134754007,Success,CID473402,Bike,Kengeri,Mysore Road,280.0,100.0,Not Applicable,Not Applicable,Yes,Other Issue,372,Credit Card,38,4.8,5.0
2024-07-02 08:56:00,CNR9145139559,Driver Not Found,CID936967,eBike,Bellandur,Sahakar Nagar,,,Not Applicable,Not Applicable,Not Applicable,Not Applicable,455,Not Applicable,0,,
2024-07-10 19:45:00,CNR7264508594,Canceled by Driver,CID492027,Bike,Cox Town,Sarjapur Road,,,Not Applicable,Personal & Car related issue,Not Applicable,Not Applicable,409,Not Applicable,0,,
2024-07-21 12:31:00,CNR2982053933,Driver Not Found,CID721238,Auto,Chickpet,Varthur,,,Not Applicable,Not Applicable,Not Applicable,Not Applicable,264,Not Applicable,0,,
2024-07-04 02:04:00,CNR2512210226,Success,CID754533,Mini,Indiranagar,Langford Town,308.0,25.0,Not Applicable,Not Applicable,No,Not Applicable,449,UPI,5,4.0,3.9
2024-07-19 05:56:00,CNR8763891601,Success,CID988709,Bike,KR Puram,Vijayanagar,294.0,95.0,Not Applicable,Not Applicable,No,Not Applicable,256,Cash,46,3.1,4.5
2024-07-21 01:42:00,CNR9795691796,Success,CID771154,Prime Sedan,JP Nagar,Hulimavu,140.0,40.0,Not Applicable,Not Applicable,Yes,Customer Demand,378,UPI,18,4.7,4.2
2024-07-29 12:34:00,CNR9708665715,Success,CID153553,eBike,Rajajinagar,Koramangala,231.0,100.0,Not Applicable,Not Applicable,No,Not Applicable,823,UPI,26,3.3,4.9
2024-07-02 14:19:00,CNR1642367736,Canceled by Driver,CID623905,eBike,Kengeri,Kadugodi,,,Not Applicable,More than permitted people in there,Not Applicable,Not Applicable,210,Not Applicable,0,,
2024-07-20 10:58:00,CNR9142941599,Success,CID127336,Prime Sedan,Langford Town,Rajajinagar,70.0,120.0,Not Applicable,Not Applicable,No,Not Applicable,463,Cash,6,3.3,4.0
2024-07-03 16:21:00,CNR3650602175,Success,CID166695,Prime Sedan,Banashankari,Koramangala,175.0,105.0,Not Applicable,Not Applicable,No,Not Applicable,141,UPI,43,4.4,4.6
2024-07-10 15:11:00,CNR7166595329,Success,CID781426,eBike,Mysore Road,Ulsoor,217.0,70.0,Not Applicable,Not Applicable,No,Not Applicable,334,UPI,31,4.9,3.2
2024-07-28 04:54:00,CNR1671545162,Driver Not Found,CID222852,Prime Sedan,Yeshwanthpur,Padmanabhanagar,,,Not Applicable,Not Applicable,Not Applicable,Not Applicable,1694,Not Applicable,0,,
2024-07-05 23:37:00,CNR1526257771,Driver Not Found,CID327463,Bike,BTM Layout,Yeshwanthpur,,,Not Applicable,Not Applicable,Not Applicable,Not Applicable,321,Not Applicable,0,,
2024-07-03 11:47:00,CNR5611044727,Success,CID590222,Prime SUV,Bannerghatta Road,Bannerghatta Road,245.0,120.0,Not Applicable,Not Applicable,No,Not Applicable,681,UPI,23,3.1,4.0
2024-07-18 18:22:00,CNR6624997606,Success,CID898658,Prime Sedan,Ramamurthy Nagar,Indiranagar,175.0,140.0,Not Applicable,Not Applicable,No,Not Applicable,300,Cash,8,3.7,3.7
2024-07-29 18:48:00,CNR2309760100,Canceled by Driver,CID165727,Prime Plus,Varthur,KR Puram,,,Not Applicable,Personal & Car related issue,Not Applicable,Not Applicable,156,Not Applicable,0,,
2024-07-07 15:05:00,CNR3773757937,Success,CID989991,Prime Sedan,Ramamurthy Nagar,Hennur,245.0,25.0,Not Applicable,Not Applicable,No,Not Applicable,340,UPI,39,4.5,4.5
2024-07-16 16:46:00,CNR9501194076,Success,CID299309,Auto,Kengeri,Ramamurthy Nagar,70.0,35.0,Not Applicable,Not Applicable,No,Not Applicable,1594,Cash,13,3.3,3.8
2024-07-02 10:34:00,CNR8601779055,Success,CID796856,Bike,MG Road,Sahakar Nagar,42.0,85.0,Not Applicable,Not Applicable,No,Not Applicable,673,Cash,4,4.3,4.5
2024-07-20 02:23:00,CNR3473009580,Canceled by Driver,CID578061,Mini,Banashankari,Bannerghatta Road,,,Not Applicable,Personal & Car related issue,Not Applicable,Not Applicable,460,Not Applicable,0,,
2024-07-10 12:39:00,CNR3048649350,Canceled by Customer,CID797857,Prime Plus,Padmanabhanagar,Yelahanka,,,AC is Not working,Not Applicable,Not Applicable,Not Applicable,253,Not Applicable,0,,
2024-07-28 13:55:00,CNR3652254403,Success,CID785776,eBike,Kengeri,Yeshwanthpur,287.0,50.0,Not Applicable,Not Applicable,No,Not Applicable,2736,Cash,15,4.0,4.7
2024-07-21 06:58:00,CNR6796802296,Canceled by Driver,CID319819,Prime Plus,Tumkur Road,Sarjapur Road,,,Not Applicable,More than permitted people in there,Not Applicable,Not Applicable,527,Not Applicable,0,,
2024-07-21 02:08:00,CNR3683876806,Success,CID952677,Prime SUV,Basavanagudi,Yelahanka,77.0,115.0,Not Applicable,Not Applicable,No,Not Applicable,320,UPI,12,3.3,4.8
2024-07-02 14:45:00,CNR8731273567,Success,CID632392,Bike,Basavanagudi,KR Puram,259.0,25.0,Not Applicable,Not Applicable,No,Not Applicable,157,Cash,12,3.4,3.7
2024-07-01 23:55:00,CNR8926299731,Canceled by Customer,CID909014,Prime SUV,Padmanabhanagar,Mysore Road,,,Wrong Address,Not Applicable,Not Applicable,Not Applicable,712,Not Applicable,0,,
2024-07-11 21:04:00,CNR5954530078,Success,CID232259,Bike,RT Nagar,Rajajinagar,133.0,100.0,Not Applicable,Not Applicable,No,Not Applicable,1298,Cash,45,3.1,4.8
2024-07-22 17:25:00,CNR2331793684,Success,CID607739,eBike,RT Nagar,Sarjapur Road,56.0,145.0,Not Applicable,Not Applicable,No,Not Applicable,796,Cash,18,4.8,4.7
2024-07-06 14:36:00,CNR9548907704,Canceled by Driver,CID952434,Bike,Hebbal,Majestic,,,Not Applicable,Customer was coughing/sick,Not Applicable,Not Applicable,178,Not Applicable,0,,
2024-07-20 14:03:00,CNR5926542403,Success,CID622181,Auto,Magadi Road,Hebbal,49.0,90.0,Not Applicable,Not Applicable,No,Not Applicable,496,Cash,4,4.9,5.0
2024-07-23 18:37:00,CNR7392319702,Canceled by Driver,CID811484,Prime Sedan,Koramangala,JP Nagar,,,Not Applicable,Customer was coughing/sick,Not Applicable,Not Applicable,338,Not Applicable,0,,
2024-07-01 01:56:00,CNR4708010825,Success,CID524760,Mini,Marathahalli,Varthur,273.0,30.0,Not Applicable,Not Applicable,No,Not Applicable,109,UPI,24,4.0,3.5
2024-07-30 04:14:00,CNR8791604157,Success,CID853596,Auto,Hosur Road,Yelahanka,49.0,140.0,Not Applicable,Not Applicable,No,Not Applicable,258,Cash,5,4.5,4.9
2024-07-05 12:10:00,CNR9386198800,Canceled by Customer,CID983830,Prime Sedan,KR Puram,Koramangala,,,Driver is not moving towards pickup location,Not Applicable,Not Applicable,Not Applicable,332,Not Applicable,0,,
2024-07-08 13:07:00,CNR5522911023,Driver Not Found,CID189885,Mini,Frazer Town,Richmond Town,,,Not Applicable,Not Applicable,Not Applicable,Not Applicable,161,Not Applicable,0,,
2024-07-18 09:54:00,CNR7749213985,Canceled by Driver,CID167832,Prime Plus,Kammanahalli,Kammanahalli,,,Not Applicable,Customer related issue,Not Applicable,Not Applicable,329,Not Applicable,0,,
2024-07-10 06:19:00,CNR9199587169,Success,CID256598,Prime SUV,Chickpet,Ulsoor,42.0,120.0,Not Applicable,Not Applicable,No,Not Applicable,107,UPI,37,4.0,3.2
2024-07-03 13:25:00,CNR3993873975,Canceled by Customer,CID901647,Bike,Banashankari,KR Puram,,,Driver is not moving towards pickup location,Not Applicable,Not Applicable,Not Applicable,141,Not Applicable,0,,
2024-07-01 17:41:00,CNR9468662392,Success,CID535716,Prime Sedan,Langford Town,Magadi Road,266.0,110.0,Not Applicable,Not Applicable,No,Not Applicable,390,UPI,15,4.0,4.4
2024-07-01 12:08:00,CNR2647405863,Canceled by Driver,CID424664,Mini,Tumkur Road,Frazer Town,,,Not Applicable,More than permitted people in there,Not Applicable,Not Applicable,1536,Not Applicable,0,,
2024-07-24 21:36:00,CNR1880847170,Success,CID134633,Prime SUV,Varthur,Nagarbhavi,35.0,130.0,Not Applicable,Not Applicable,No,Not Applicable,179,Cash,33,4.1,3.4
2024-07-04 22:17:00,CNR2599108558,Canceled by Customer,CID814411,Bike,Basavanagudi,Marathahalli,,,Driver asked to cancel,Not Applicable,Not Applicable,Not Applicable,942,Not Applicable,0,,
2024-07-02 12:03:00,CNR2336184740,Success,CID609103,Prime Plus,Peenya,KR Puram,280.0,75.0,Not Applicable,Not Applicable,No,Not Applicable,411,Cash,47,3.5,3.9
2024-07-27 20:03:00,CNR1575719884,Canceled by Driver,CID599987,Mini,Langford Town,Rajarajeshwari Nagar,,,Not Applicable,Customer related issue,Not Applicable,Not Applicable,123,Not Applicable,0,,
2024-07-07 14:00:00,CNR5186221412,Canceled by Customer,CID883218,Prime Plus,Koramangala,Shantinagar,,,Driver is not moving towards pickup location,Not Applicable,Not Applicable,Not Applicable,199,Not Applicable,0,,
2024-07-09 11:17:00,CNR4379765654,Driver Not Found,CID135921,Prime Sedan,Kadugodi,Padmanabhanagar,,,Not Applicable,Not Applicable,Not Applicable,Not Applicable,268,Not Applicable,0,,
2024-07-29 11:38:00,CNR4026044968,Driver Not Found,CID918415,Bike,Hennur,Banashankari,,,Not Applicable,Not Applicable,Not Applicable,Not Applicable,168,Not Applicable,0,,
2024-07-25 13:41:00,CNR8373057532,Success,CID441618,Prime Plus,Yelahanka,Shivajinagar,224.0,75.0,Not Applicable,Not Applicable,No,Not Applicable,349,UPI,29,3.2,4.6
2024-07-14 13:44:00,CNR6329470090,Canceled by Driver,CID505988,Bike,KR Puram,HSR Layout,,,Not Applicable,Customer related issue,Not Applicable,Not Applicable,187,Not Applicable,0,,
2024-07-23 16:08:00,CNR6164343869,Canceled by Driver,CID417135,Auto,Marathahalli,RT Nagar,,,Not Applicable,Customer related issue,Not Applicable,Not Applicable,315,Not Applicable,0,,
2024-07-19 03:30:00,CNR5565981575,Success,CID566221,Prime SUV,Banashankari,Kammanahalli,147.0,65.0,Not Applicable,Not Applicable,No,Not Applicable,125,Cash,18,3.2,4.0
2024-07-05 23:06:00,CNR3395384504,Success,CID603573,Prime SUV,Hebbal,Kammanahalli,245.0,100.0,Not Applicable,Not Applicable,No,Not Applicable,315,Cash,3,3.8,4.8
2024-07-30 00:25:00,CNR7620674971,Success,CID805626,Mini,Banashankari,Rajarajeshwari Nagar,98.0,50.0,Not Applicable,Not Applicable,No,Not Applicable,386,Cash,47,3.8,4.6
2024-07-15 07:22:00,CNR7913616437,Success,CID397222,Auto,Sahakar Nagar,Hosur Road,217.0,30.0,Not Applicable,Not Applicable,No,Not Applicable,365,Cash,2,4.7,4.8
2024-07-25 08:26:00,CNR8198521264,Canceled by Driver,CID519295,Prime Sedan,Mysore Road,BTM Layout,,,Not Applicable,Customer related issue,Not Applicable,Not Applicable,342,Not Applicable,0,,
2024-07-25 23:55:00,CNR7146534390,Success,CID299299,Auto,Shivajinagar,Chickpet,133.0,145.0,Not Applicable,Not Applicable,No,Not Applicable,2654,Cash,7,4.5,3.8
2024-07-09 13:48:00,CNR2038496863,Driver Not Found,CID657341,Auto,Hulimavu,Shivajinagar,,,Not Applicable,Not Applicable,Not Applicable,Not Applicable,454,Not Applicable,0,,
2024-07-23 21:11:00,CNR6045005709,Success,CID250435,Mini,Ulsoor,HSR Layout,238.0,60.0,Not Applicable,Not Applicable,No,Not Applicable,124,Cash,2,4.1,4.2
2024-07-23 21:27:00,CNR8486139425,Success,CID288207,eBike,Mysore Road,Ulsoor,301.0,135.0,Not Applicable,Not Applicable,No,Not Applicable,450,UPI,20,4.9,3.8
2024-07-27 14:42:00,CNR7503869981,Canceled by Customer,CID702454,Bike,Yeshwanthpur,Yeshwanthpur,,,Driver asked to cancel,Not Applicable,Not Applicable,Not Applicable,200,Not Applicable,0,,
2024-07-25 04:33:00,CNR8882819284,Canceled by Driver,CID919307,Prime SUV,Tumkur Road,Peenya,,,Not Applicable,More than permitted people in there,Not Applicable,Not Applicable,445,Not Applicable,0,,
2024-07-09 01:10:00,CNR3176736342,Canceled by Customer,CID656665,Mini,Tumkur Road,Kadugodi,,,Driver asked to cancel,Not Applicable,Not Applicable,Not Applicable,324,Not Applicable,0,,
2024-07-08 19:46:00,CNR5953689919,Success,CID906242,eBike,Magadi Road,Ulsoor,280.0,35.0,Not Applicable,Not Applicable,No,Not Applicable,654,Cash,15,4.7,3.5
2024-07-24 15:04:00,CNR7949905908,Success,CID434591,Bike,Shantinagar,Majestic,308.0,80.0,Not Applicable,Not Applicable,No,Not Applicable,780,Cash,31,3.3,3.4
2024-07-17 14:47:00,CNR2711852142,Success,CID528226,eBike,Marathahalli,Sarjapur Road,196.0,120.0,Not Applicable,Not Applicable,No,Not Applicable,765,Debit Card,47,3.3,3.7
2024-07-09 12:10:00,CNR1242685876,Success,CID686063,eBike,Sarjapur Road,Vijayanagar,168.0,110.0,Not Applicable,Not Applicable,No,Not Applicable,277,UPI,7,5.0,3.5
2024-07-12 17:57:00,CNR8037802841,Canceled by Driver,CID406313,Prime Sedan,Malleshwaram,JP Nagar,,,Not Applicable,Customer related issue,Not Applicable,Not Applicable,254,Not Applicable,0,,
2024-07-21 10:00:00,CNR4350384109,Driver Not Found,CID199750,Bike,Bellandur,Malleshwaram,,,Not Applicable,Not Applicable,Not Applicable,Not Applicable,769,Not Applicable,0,,
2024-07-07 10:10:00,CNR6907821362,Success,CID148386,Bike,Hosur Road,Frazer Town,84.0,95.0,Not Applicable,Not Applicable,No,Not Applicable,841,Cash,23,3.6,4.3
2024-07-28 09:23:00,CNR6489538815,Canceled by Driver,CID371471,Bike,Shivajinagar,Yeshwanthpur,,,Not Applicable,Personal & Car related issue,Not Applicable,Not Applicable,442,Not Applicable,0,,
2024-07-02 03:50:00,CNR3900924121,Success,CID569536,Prime Sedan,Padmanabhanagar,Basavanagudi,287.0,55.0,Not Applicable,Not Applicable,No,Not Applicable,780,UPI,22,3.7,3.8
2024-07-05 20:47:00,CNR8589519523,Canceled by Customer,CID117099,eBike,Hulimavu,Shantinagar,,,Wrong Address,Not Applicable,Not Applicable,Not Applicable,298,Not Applicable,0,,
2024-07-27 19:26:00,CNR3616606674,Success,CID657648,Bike,Vijayanagar,Sahakar Nagar,35.0,85.0,Not Applicable,Not Applicable,No,Not Applicable,853,Cash,10,4.2,4.6
2024-07-20 10:41:00,CNR7646749192,Driver Not Found,CID767006,Prime Sedan,Kammanahalli,Richmond Town,,,Not Applicable,Not Applicable,Not Applicable,Not Applicable,466,Not Applicable,0,,
2024-07-21 15:07:00,CNR9184397052,Canceled by Driver,CID683611,Auto,Varthur,Sarjapur Road,,,Not Applicable,Customer was coughing/sick,Not Applicable,Not Applicable,428,Not Applicable,0,,
2024-07-12 08:49:00,CNR9287761944,Success,CID810551,Mini,Majestic,Cox Town,56.0,130.0,Not Applicable,Not Applicable,No,Not Applicable,310,UPI,46,4.9,5.0
2024-07-10 01:04:00,CNR7696359293,Success,CID864735,Prime Plus,Varthur,Basavanagudi,238.0,100.0,Not Applicable,Not Applicable,No,Not Applicable,371,Cash,8,5.0,3.2
2024-07-10 02:46:00,CNR6003007231,Success,CID831381,Prime SUV,Padmanabhanagar,Vijayanagar,91.0,55.0,Not Applicable,Not Applicable,No,Not Applicable,1627,Cash,12,4.9,3.2
2024-07-05 04:22:00,CNR8550438119,Success,CID684729,Mini,Vijayanagar,RT Nagar,294.0,60.0,Not Applicable,Not Applicable,No,Not Applicable,467,Cash,17,4.9,3.9
2024-07-18 18:01:00,CNR1657615001,Driver Not Found,CID922091,Prime SUV,Banashankari,Shivajinagar,,,Not Applicable,Not Applicable,Not Applicable,Not Applicable,272,Not Applicable,0,,
2024-07-10 17:02:00,CNR9662744858,Success,CID340969,Mini,Rajajinagar,Jayanagar,308.0,40.0,Not Applicable,Not Applicable,No,Not Applicable,467,UPI,42,4.3,3.0
2024-07-17 20:16:00,CNR6495314019,Canceled by Customer,CID537855,Auto,Mysore Road,Peenya,,,Driver is not moving towards pickup location,Not Applicable,Not Applicable,Not Applicable,2089,Not Applicable,0,,
2024-07-26 19:26:00,CNR7083967325,Canceled by Driver,CID496929,Prime Sedan,Hebbal,Kadugodi,,,Not Applicable,Customer was coughing/sick,Not Applicable,Not Applicable,482,Not Applicable,0,,
2024-07-28 12:27:00,CNR3038926958,Success,CID839421,eBike,Yeshwanthpur,Padmanabhanagar,84.0,100.0,Not Applicable,Not Applicable,No,Not Applicable,769,UPI,16,3.1,3.0
2024-07-24 23:37:00,CNR7787122338,Canceled by Driver,CID196741,eBike,Magadi Road,KR Puram,,,Not Applicable,More than permitted people in there,Not Applicable,Not Applicable,1685,Not Applicable,0,,
2024-07-19 00:15:00,CNR8055151043,Success,CID332486,Mini,Bannerghatta Road,Langford Town,266.0,110.0,Not Applicable,Not Applicable,No,Not Applicable,369,UPI,34,5.0,5.0
2024-07-24 05:05:00,CNR5269877775,Driver Not Found,CID803207,Mini,Majestic,Tumkur Road,,,Not Applicable,Not Applicable,Not Applicable,Not Applicable,322,Not Applicable,0,,
2024-07-12 02:06:00,CNR4695693634,Success,CID628024,Mini,Cox Town,Mysore Road,133.0,30.0,Not Applicable,Not Applicable,No,Not Applicable,1967,UPI,36,4.7,3.5
2024-07-13 11:25:00,CNR7229786597,Canceled by Driver,CID301682,eBike,Banashankari,Chamarajpet,,,Not Applicable,Customer related issue,Not Applicable,Not Applicable,749,Not Applicable,0,,
2024-07-17 16:28:00,CNR6271749666,Canceled by Driver,CID378539,eBike,Langford Town,Whitefield,,,Not Applicable,Customer was coughing/sick,Not Applicable,Not Applicable,824,Not Applicable,0,,
2024-07-26 19:22:00,CNR7220602272,Driver Not Found,CID689340,Prime SUV,Hebbal,Marathahalli,,,Not Applicable,Not Applicable,Not Applicable,Not Applicable,341,Not Applicable,0,,
2024-07-27 11:03:00,CNR8231125697,Success,CID124281,Mini,JP Nagar,Yeshwanthpur,175.0,70.0,Not Applicable,Not Applicable,No,Not Applicable,701,Credit Card,40,4.2,4.3
2024-07-28 18:29:00,CNR7835853608,Canceled by Customer,CID871179,Mini,JP Nagar,Hosur Road,,,AC is Not working,Not Applicable,Not Applicable,Not Applicable,455,Not Applicable,0,,
2024-07-16 16:22:00,CNR1853376423,Canceled by Driver,CID922999,eBike,Tumkur Road,Yeshwanthpur,,,Not Applicable,Personal & Car related issue,Not Applicable,Not Applicable,402,Not Applicable,0,,
2024-07-13 15:46:00,CNR5364172400,Success,CID143004,Auto,RT Nagar,Shantinagar,119.0,40.0,Not Applicable,Not Applicable,No,Not Applicable,1922,Cash,6,3.8,3.5
2024-07-14 00:25:00,CNR2327333020,Canceled by Customer,CID801985,Mini,Magadi Road,Tumkur Road,,,Change of plans,Not Applicable,Not Applicable,Not Applicable,283,Not Applicable,0,,
2024-07-19 15:35:00,CNR8711905622,Success,CID200631,Mini,Yeshwanthpur,Shantinagar,182.0,85.0,Not Applicable,Not Applicable,No,Not Applicable,956,Cash,43,4.7,5.0
2024-07-16 08:25:00,CNR4312463327,Canceled by Driver,CID525568,Auto,Sarjapur Road,Sarjapur Road,,,Not Applicable,Customer related issue,Not Applicable,Not Applicable,628,Not Applicable,0,,
2024-07-01 18:05:00,CNR1403524884,Canceled by Driver,CID158353,eBike,Nagarbhavi,Whitefield,,,Not Applicable,Personal & Car related issue,Not Applicable,Not Applicable,600,Not Applicable,0,,
2024-07-19 17:17:00,CNR5253261132,Success,CID638624,eBike,Richmond Town,Sarjapur Road,105.0,100.0,Not Applicable,Not Applicable,No,Not Applicable,444,Cash,34,4.4,3.9
2024-07-07 19:51:00,CNR9224989457,Success,CID546631,Prime Plus,Hosur Road,Shivajinagar,224.0,30.0,Not Applicable,Not Applicable,No,Not Applicable,775,Cash,22,3.8,4.2
2024-07-09 22:45:00,CNR5944934086,Success,CID434827,Prime Sedan,Hebbal,Magadi Road,91.0,125.0,Not Applicable,Not Applicable,No,Not Applicable,366,UPI,2,3.6,3.1
2024-07-01 07:31:00,CNR8213231839,Canceled by Driver,CID363135,Prime SUV,Hebbal,Whitefield,,,Not Applicable,Customer related issue,Not Applicable,Not Applicable,845,Not Applicable,0,,
2024-07-06 04:14:00,CNR1994989013,Canceled by Driver,CID357767,Mini,Koramangala,Ulsoor,,,Not Applicable,Personal & Car related issue,Not Applicable,Not Applicable,2045,Not Applicable,0,,
2024-07-15 23:49:00,CNR2550174224,Canceled by Driver,CID931736,Prime Sedan,Padmanabhanagar,Whitefield,,,Not Applicable,Customer related issue,Not Applicable,Not Applicable,165,Not Applicable,0,,
2024-07-27 08:58:00,CNR1481247340,Driver Not Found,CID907766,eBike,Tumkur Road,Hebbal,,,Not Applicable,Not Applicable,Not Applicable,Not Applicable,244,Not Applicable,0,,
2024-07-22 11:39:00,CNR4716350536,Success,CID847293,Mini,Yelahanka,JP Nagar,147.0,30.0,Not Applicable,Not Applicable,No,Not Applicable,150,Cash,43,4.7,3.9
2024-07-13 16:40:00,CNR6345269250,Driver Not Found,CID852066,Auto,Chamarajpet,Langford Town,,,Not Applicable,Not Applicable,Not Applicable,Not Applicable,348,Not Applicable,0,,
2024-07-14 09:35:00,CNR5670432023,Success,CID640295,Bike,Malleshwaram,Hennur,84.0,50.0,Not Applicable,Not Applicable,No,Not Applicable,607,Cash,31,3.9,4.0
2024-07-17 15:48:00,CNR4114636391,Success,CID614929,Prime SUV,Ramamurthy Nagar,Magadi Road,273.0,60.0,Not Applicable,Not Applicable,No,Not Applicable,602,Cash,1,4.7,3.2
2024-07-18 10:26:00,CNR3252334048,Success,CID273553,Prime Plus,Rajajinagar,Chickpet,168.0,120.0,Not Applicable,Not Applicable,No,Not Applicable,369,UPI,41,3.8,4.9
2024-07-25 16:58:00,CNR5582842368,Success,CID696966,Prime Plus,BTM Layout,Bellandur,294.0,95.0,Not Applicable,Not Applicable,No,Not Applicable,167,UPI,1,4.1,4.0
2024-07-01 09:56:00,CNR1975313283,Canceled by Driver,CID571003,Prime SUV,Jayanagar,Mysore Road,,,Not Applicable,Customer was coughing/sick,Not Applicable,Not Applicable,493,Not Applicable,0,,
2024-07-03 08:59:00,CNR2475130295,Success,CID942695,Mini,Hennur,Chamarajpet,140.0,45.0,Not Applicable,Not Applicable,No,Not Applicable,520,UPI,16,4.6,4.5
2024-07-30 21:43:00,CNR7690650272,Success,CID865453,Bike,Hosur Road,Shantinagar,217.0,25.0,Not Applicable,Not Applicable,No,Not Applicable,844,Cash,28,4.0,4.4
2024-07-10 23:50:00,CNR4715482691,Success,CID669146,Auto,HSR Layout,MG Road,126.0,80.0,Not Applicable,Not Applicable,No,Not Applicable,537,UPI,19,4.5,4.5
2024-07-29 20:53:00,CNR7572599002,Success,CID449704,Mini,Basavanagudi,Yelahanka,112.0,40.0,Not Applicable,Not Applicable,No,Not Applicable,2222,Cash,2,3.5,3.8
2024-07-19 08:11:00,CNR1400640797,Success,CID801330,Prime Sedan,Kengeri,Ramamurthy Nagar,224.0,120.0,Not Applicable,Not Applicable,No,Not Applicable,638,UPI,31,3.9,4.1
2024-07-09 20:41:00,CNR5267716218,Driver Not Found,CID586895,Bike,Hennur,Bannerghatta Road,,,Not Applicable,Not Applicable,Not Applicable,Not Applicable,2336,Not Applicable,0,,
2024-07-01 14:13:00,CNR6864482740,Success,CID229139,Mini,Magadi Road,Ulsoor,56.0,75.0,Not Applicable,Not Applicable,No,Not Applicable,221,UPI,22,3.5,3.3
2024-07-18 12:20:00,CNR1349280757,Canceled by Customer,CID463940,Prime Sedan,HSR Layout,Frazer Town,,,Change of plans,Not Applicable,Not Applicable,Not Applicable,467,Not Applicable,0,,
2024-07-26 20:20:00,CNR8783605198,Canceled by Driver,CID964478,Mini,Banashankari,Mysore Road,,,Not Applicable,Customer was coughing/sick,Not Applicable,Not Applicable,2412,Not Applicable,0,,
2024-07-11 16:50:00,CNR1132479836,Driver Not Found,CID117595,Prime Plus,Cox Town,Jayanagar,,,Not Applicable,Not Applicable,Not Applicable,Not Applicable,231,Not Applicable,0,,
2024-07-07 09:51:00,CNR2180519775,Success,CID597293,Prime Sedan,Malleshwaram,Hulimavu,154.0,80.0,Not Applicable,Not Applicable,No,Not Applicable,2442,Cash,25,5.0,4.3
2024-07-06 13:35:00,CNR5873551656,Success,CID778518,Prime SUV,Indiranagar,Vijayanagar,259.0,30.0,Not Applicable,Not Applicable,No,Not Applicable,245,Debit Card,39,3.8,4.1
2024-07-09 15:02:00,CNR1620516177,Success,CID849698,eBike,Frazer Town,Rajajinagar,175.0,55.0,Not Applicable,Not Applicable,No,Not Applicable,174,Cash,38,3.9,4.1
2024-07-17 20:07:00,CNR6169344540,Driver Not Found,CID774855,Prime Plus,Bannerghatta Road,Magadi Road,,,Not Applicable,Not Applicable,Not Applicable,Not Applicable,135,Not Applicable,0,,
2024-07-07 07:19:00,CNR5585894418,Success,CID600690,Bike,Ulsoor,Hennur,280.0,75.0,Not Applicable,Not Applicable,No,Not Applicable,431,UPI,34,5.0,3.4
2024-07-14 01:38:00,CNR8855444957,Success,CID918622,Bike,Hebbal,Padmanabhanagar,245.0,80.0,Not Applicable,Not Applicable,No,Not Applicable,393,Cash,22,3.0,3.8
2024-07-21 04:23:00,CNR9564888023,Success,CID780594,Prime Plus,Tumkur Road,Hebbal,70.0,130.0,Not Applicable,Not Applicable,No,Not Applicable,286,Cash,37,4.2,3.3
2024-07-22 07:44:00,CNR7672106052,Success,CID539191,Bike,Yeshwanthpur,Bellandur,91.0,145.0,Not Applicable,Not Applicable,No,Not Applicable,159,UPI,41,3.1,4.3
2024-07-25 09:24:00,CNR5965065809,Success,CID564113,Prime Sedan,Indiranagar,Hulimavu,84.0,125.0,Not Applicable,Not Applicable,No,Not Applicable,217,Cash,19,3.8,4.0
2024-07-01 11:33:00,CNR4792220037,Success,CID303462,Prime SUV,HSR Layout,Basavanagudi,35.0,60.0,Not Applicable,Not Applicable,No,Not Applicable,426,UPI,32,3.5,4.8
2024-07-02 06:17:00,CNR9155023163,Driver Not Found,CID157707,Prime Plus,Cox Town,Hulimavu,,,Not Applicable,Not Applicable,Not Applicable,Not Applicable,257,Not Applicable,0,,
2024-07-04 21:22:00,CNR8844115359,Success,CID769760,eBike,BTM Layout,Mysore Road,56.0,100.0,Not Applicable,Not Applicable,No,Not Applicable,473,UPI,24,4.0,4.6
2024-07-23 22:02:00,CNR7209183787,Canceled by Customer,CID762179,Prime Plus,Bannerghatta Road,Mysore Road,,,Driver asked to cancel,Not Applicable,Not Applicable,Not Applicable,464,Not Applicable,0,,
2024-07-14 11:28:00,CNR6341452995,Success,CID889936,eBike,Basavanagudi,Shivajinagar,84.0,65.0,Not Applicable,Not Applicable,No,Not Applicable,278,UPI,49,3.6,4.9
2024-07-13 22:03:00,CNR2676284040,Success,CID834626,Prime Plus,Ramamurthy Nagar,Hennur,266.0,80.0,Not Applicable,Not Applicable,No,Not Applicable,727,Cash,33,4.8,4.1
2024-07-07 01:08:00,CNR9201801850,Success,CID699310,Prime Sedan,Marathahalli,Vijayanagar,91.0,45.0,Not Applicable,Not Applicable,No,Not Applicable,153,Cash,22,3.5,3.8
2024-07-07 13:43:00,CNR4958811612,Success,CID267413,eBike,Tumkur Road,Kammanahalli,196.0,145.0,Not Applicable,Not Applicable,No,Not Applicable,420,Cash,8,4.2,3.5
2024-07-22 18:09:00,CNR4995095374,Success,CID953381,Prime SUV,Indiranagar,JP Nagar,84.0,135.0,Not Applicable,Not Applicable,Yes,Other Issue,935,UPI,19,3.8,4.9
2024-07-12 08:11:00,CNR4950614522,Success,CID435192,Prime SUV,Nagarbhavi,Hennur,112.0,45.0,Not Applicable,Not Applicable,Yes,Customer Demand,2006,Cash,24,4.7,4.8
2024-07-28 11:15:00,CNR8011185484,Driver Not Found,CID954071,Prime Sedan,Richmond Town,Ramamurthy Nagar,,,Not Applicable,Not Applicable,Not Applicable,Not Applicable,113,Not Applicable,0,,
2024-07-06 00:53:00,CNR1958870257,Success,CID986205,Bike,Shantinagar,Vijayanagar,84.0,40.0,Not Applicable,Not Applicable,No,Not Applicable,267,Cash,22,4.3,5.0
2024-07-29 20:54:00,CNR2377400229,Success,CID742121,Mini,MG Road,Electronic City,287.0,120.0,Not Applicable,Not Applicable,No,Not Applicable,356,Cash,39,3.2,3.6
2024-07-08 14:25:00,CNR5652146201,Success,CID775131,Prime SUV,Hennur,Bannerghatta Road,231.0,45.0,Not Applicable,Not Applicable,No,Not Applicable,425,Cash,27,3.2,3.1
2024-07-16 14:44:00,CNR6087397814,Success,CID364002,Prime Sedan,Hulimavu,Nagarbhavi,280.0,100.0,Not Applicable,Not Applicable,Yes,Customer Demand,125,Cash,1,3.6,4.5
2024-07-22 09:41:00,CNR8565395988,Success,CID153515,Prime SUV,Mysore Road,Majestic,280.0,35.0,Not Applicable,Not Applicable,No,Not Applicable,242,UPI,23,4.2,3.5
2024-07-28 00:57:00,CNR5815010795,Success,CID669406,Prime SUV,Vijayanagar,Ramamurthy Nagar,196.0,50.0,Not Applicable,Not Applicable,Yes,Customer Demand,102,UPI,16,3.6,3.5
2024-07-07 15:37:00,CNR7345674545,Success,CID431080,Prime Sedan,Varthur,Tumkur Road,182.0,45.0,Not Applicable,Not Applicable,No,Not Applicable,285,UPI,6,3.5,3.2
2024-07-03 23:44:00,CNR1497254958,Canceled by Driver,CID418507,Auto,Mysore Road,Malleshwaram,,,Not Applicable,Customer related issue,Not Applicable,Not Applicable,204,Not Applicable,0,,
2024-07-06 00:26:00,CNR5034022840,Success,CID741072,Bike,Whitefield,Hulimavu,84.0,105.0,Not Applicable,Not Applicable,No,Not Applicable,152,Cash,34,3.7,3.1
2024-07-03 06:33:00,CNR4749399803,Canceled by Customer,CID266355,Prime Sedan,Mysore Road,Rajajinagar,,,Change of plans,Not Applicable,Not Applicable,Not Applicable,786,Not Applicable,0,,
2024-07-01 01:55:00,CNR1955058438,Driver Not Found,CID151116,Prime SUV,RT Nagar,Nagarbhavi,,,Not Applicable,Not Applicable,Not Applicable,Not Applicable,453,Not Applicable,0,,
2024-07-14 04:45:00,CNR5217536830,Success,CID359221,Prime Plus,Marathahalli,Richmond Town,196.0,30.0,Not Applicable,Not Applicable,No,Not Applicable,295,Cash,38,3.0,4.9
2024-07-07 22:13:00,CNR5674330588,Canceled by Driver,CID318734,Prime SUV,Kadugodi,Chickpet,,,Not Applicable,Customer was coughing/sick,Not Applicable,Not Applicable,468,Not Applicable,0,,
2024-07-01 10:44:00,CNR9354683542,Canceled by Customer,CID750392,eBike,Kammanahalli,RT Nagar,,,Wrong Address,Not Applicable,Not Applicable,Not Applicable,320,Not Applicable,0,,
2024-07-01 13:33:00,CNR6867211769,Canceled by Driver,CID698954,Prime Plus,Sarjapur Road,Sahakar Nagar,,,Not Applicable,More than permitted people in there,Not Applicable,Not Applicable,801,Not Applicable,0,,
2024-07-17 17:43:00,CNR7716250548,Success,CID266327,eBike,Peenya,Jayanagar,259.0,140.0,Not Applicable,Not Applicable,No,Not Applicable,193,Cash,49,3.3,4.6
2024-07-26 03:50:00,CNR7136992335,Success,CID446604,Bike,Shantinagar,Ramamurthy Nagar,168.0,60.0,Not Applicable,Not Applicable,No,Not Applicable,1235,Cash,41,3.7,3.7
2024-07-30 04:31:00,CNR6007765462,Canceled by Driver,CID766987,Bike,Varthur,Shivajinagar,,,Not Applicable,More than permitted people in there,Not Applicable,Not Applicable,227,Not Applicable,0,,
2024-07-13 21:57:00,CNR4681585154,Canceled by Driver,CID204569,eBike,Chamarajpet,Chamarajpet,,,Not Applicable,Customer was coughing/sick,Not Applicable,Not Applicable,191,Not Applicable,0,,
2024-07-03 20:09:00,CNR4832126285,Success,CID248752,Mini,Mysore Road,Varthur,210.0,115.0,Not Applicable,Not Applicable,No,Not Applicable,478,Cash,17,3.9,3.4
2024-07-02 11:50:00,CNR1560233064,Success,CID790183,Bike,BTM Layout,Ramamurthy Nagar,252.0,45.0,Not Applicable,Not Applicable,No,Not Applicable,802,UPI,2,4.5,3.3
2024-07-19 04:58:00,CNR9317424746,Success,CID762031,Auto,Koramangala,Devanahalli,98.0,30.0,Not Applicable,Not Applicable,No,Not Applicable,239,Cash,3,3.4,3.2
2024-07-24 18:24:00,CNR2914440001,Success,CID288207,Bike,Frazer Town,Yelahanka,140.0,40.0,Not Applicable,Not Applicable,No,Not Applicable,168,UPI,43,4.1,4.3
2024-07-20 17:29:00,CNR4964834346,Success,CID722803,eBike,Kengeri,KR Puram,35.0,30.0,Not Applicable,Not Applicable,No,Not Applicable,388,Cash,31,3.1,4.1
2024-07-29 20:10:00,CNR1076003181,Canceled by Driver,CID249599,Mini,MG Road,Sarjapur Road,,,Not Applicable,More than permitted people in there,Not Applicable,Not Applicable,840,Not Applicable,0,,
2024-07-29 02:40:00,CNR8694619268,Success,CID192895,Prime SUV,Jayanagar,Shivajinagar,42.0,65.0,Not Applicable,Not Applicable,No,Not Applicable,942,Cash,18,4.1,3.7
2024-07-16 16:33:00,CNR6997842236,Success,CID814151,Auto,Rajarajeshwari Nagar,Marathahalli,301.0,35.0,Not Applicable,Not Applicable,No,Not Applicable,1208,Cash,5,4.7,4.0
2024-07-11 07:44:00,CNR6782037047,Success,CID827253,Bike,Tumkur Road,RT Nagar,112.0,130.0,Not Applicable,Not Applicable,No,Not Applicable,195,UPI,32,3.5,3.7
2024-07-02 10:44:00,CNR7618009420,Canceled by Driver,CID313809,eBike,Ulsoor,Chickpet,,,Not Applicable,Customer related issue,Not Applicable,Not Applicable,741,Not Applicable,0,,
2024-07-15 08:28:00,CNR8472362971,Driver Not Found,CID638560,Auto,Sahakar Nagar,Cox Town,,,Not Applicable,Not Applicable,Not Applicable,Not Applicable,444,Not Applicable,0,,
2024-07-18 18:49:00,CNR4879698455,Success,CID127361,Prime SUV,Shivajinagar,Kadugodi,182.0,55.0,Not Applicable,Not Applicable,No,Not Applicable,2622,Cash,25,3.1,3.7
2024-07-14 08:18:00,CNR7855771695,Success,CID467663,Prime Sedan,Nagarbhavi,Yelahanka,196.0,60.0,Not Applicable,Not Applicable,No,Not Applicable,2787,Cash,46,3.1,3.5
2024-07-10 02:30:00,CNR5875564022,Success,CID772102,Bike,Padmanabhanagar,JP Nagar,56.0,105.0,Not Applicable,Not Applicable,No,Not Applicable,400,UPI,33,3.6,3.9
2024-07-29 08:55:00,CNR5968569583,Canceled by Driver,CID779459,Auto,Devanahalli,Varthur,,,Not Applicable,Customer was coughing/sick,Not Applicable,Not Applicable,384,Not Applicable,0,,
2024-07-02 16:16:00,CNR1358800370,Canceled by Driver,CID483498,Prime Sedan,RT Nagar,Marathahalli,,,Not Applicable,Customer related issue,Not Applicable,Not Applicable,465,Not Applicable,0,,
2024-07-28 05:02:00,CNR4445608158,Success,CID771373,Auto,Varthur,Rajajinagar,280.0,130.0,Not Applicable,Not Applicable,No,Not Applicable,137,Credit Card,11,3.6,4.0
2024-07-19 06:09:00,CNR2390298946,Success,CID957422,Prime Plus,Jayanagar,Whitefield,259.0,145.0,Not Applicable,Not Applicable,No,Not Applicable,168,UPI,36,4.4,4.7
2024-07-29 08:21:00,CNR9011917629,Canceled by Driver,CID976976,Prime SUV,Bannerghatta Road,Basavanagudi,,,Not Applicable,More than permitted people in there,Not Applicable,Not Applicable,228,Not Applicable,0,,
2024-07-01 03:24:00,CNR5222640415,Canceled by Driver,CID746097,Auto,Banashankari,Sahakar Nagar,,,Not Applicable,More than permitted people in there,Not Applicable,Not Applicable,743,Not Applicable,0,,
2024-07-08 05:12:00,CNR6608343976,Success,CID899821,Prime Plus,Hebbal,Yelahanka,112.0,70.0,Not Applicable,Not Applicable,No,Not Applicable,365,UPI,42,4.2,3.6
2024-07-03 17:13:00,CNR1579495615,Success,CID943322,eBike,Malleshwaram,Basavanagudi,189.0,100.0,Not Applicable,Not Applicable,No,Not Applicable,359,UPI,4,4.0,3.3
2024-07-14 10:26:00,CNR7272596312,Success,CID257313,Prime Sedan,Rajarajeshwari Nagar,Shantinagar,77.0,75.0,Not Applicable,Not Applicable,No,Not Applicable,183,Cash,14,3.9,5.0
2024-07-24 01:08:00,CNR8205151708,Canceled by Driver,CID231453,Prime Plus,Mysore Road,Richmond Town,,,Not Applicable,Customer was coughing/sick,Not Applicable,Not Applicable,2559,Not Applicable,0,,
2024-07-13 21:19:00,CNR3907019335,Canceled by Customer,CID235149,eBike,Hosur Road,Sahakar Nagar,,,Change of plans,Not Applicable,Not Applicable,Not Applicable,192,Not Applicable,0,,
2024-07-08 01:39:00,CNR2232706953,Driver Not Found,CID408016,Auto,Rajarajeshwari Nagar,Kammanahalli,,,Not Applicable,Not Applicable,Not Applicable,Not Applicable,176,Not Applicable,0,,
2024-07-06 17:00:00,CNR2840539581,Success,CID326407,Bike,Bellandur,HSR Layout,91.0,115.0,Not Applicable,Not Applicable,No,Not Applicable,404,UPI,41,3.7,3.7
2024-07-03 01:40:00,CNR7353103159,Success,CID913658,Bike,Nagarbhavi,Jayanagar,119.0,80.0,Not Applicable,Not Applicable,No,Not Applicable,160,UPI,39,3.6,3.5
2024-07-11 13:18:00,CNR2071589436,Success,CID208097,Prime Sedan,Malleshwaram,Nagarbhavi,91.0,60.0,Not Applicable,Not Applicable,No,Not Applicable,300,Cash,3,3.8,4.6
2024-07-16 05:26:00,CNR9661704848,Success,CID984798,eBike,RT Nagar,JP Nagar,175.0,125.0,Not Applicable,Not Applicable,No,Not Applicable,340,Cash,46,4.6,4.2
2024-07-03 02:18:00,CNR2116860343,Driver Not Found,CID218869,Prime SUV,Banashankari,Majestic,,,Not Applicable,Not Applicable,Not Applicable,Not Applicable,323,Not Applicable,0,,
2024-07-05 13:20:00,CNR9356468978,Canceled by Driver,CID110220,Auto,MG Road,MG Road,,,Not Applicable,Customer related issue,Not Applicable,Not Applicable,734,Not Applicable,0,,
2024-07-06 05:25:00,CNR1181632770,Canceled by Customer,CID834713,Bike,Yeshwanthpur,Rajajinagar,,,Driver asked to cancel,Not Applicable,Not Applicable,Not Applicable,438,Not Applicable,0,,
2024-07-01 02:56:00,CNR9778276855,Canceled by Driver,CID117433,eBike,Kadugodi,Devanahalli,,,Not Applicable,Customer related issue,Not Applicable,Not Applicable,139,Not Applicable,0,,
2024-07-18 17:53:00,CNR6156343924,Success,CID723909,eBike,Koramangala,Kammanahalli,189.0,50.0,Not Applicable,Not Applicable,No,Not Applicable,808,Cash,28,4.0,4.4
2024-07-24 21:36:00,CNR4068870875,Success,CID525960,Prime Plus,Hulimavu,Koramangala,35.0,130.0,Not Applicable,Not Applicable,No,Not Applicable,312,Cash,10,4.3,5.0
2024-07-06 07:54:00,CNR9678713539,Success,CID782883,Prime SUV,Marathahalli,Hosur Road,224.0,105.0,Not Applicable,Not Applicable,No,Not Applicable,440,Cash,29,3.4,4.9
2024-07-04 14:43:00,CNR7786329661,Driver Not Found,CID801239,Prime Plus,Sarjapur Road,Vijayanagar,,,Not Applicable,Not Applicable,Not Applicable,Not Applicable,412,Not Applicable,0,,
2024-07-15 21:18:00,CNR2006669948,Success,CID708444,eBike,Tumkur Road,KR Puram,63.0,40.0,Not Applicable,Not Applicable,No,Not Applicable,313,Cash,12,4.2,3.3
2024-07-05 13:01:00,CNR5699859676,Success,CID950748,Auto,Vijayanagar,Kadugodi,280.0,60.0,Not Applicable,Not Applicable,No,Not Applicable,379,Cash,5,3.1,3.6
2024-07-19 14:45:00,CNR8114143088,Success,CID945489,Auto,Peenya,Cox Town,147.0,125.0,Not Applicable,Not Applicable,No,Not Applicable,126,Cash,9,4.4,4.2
2024-07-15 04:59:00,CNR8327860744,Canceled by Driver,CID600575,eBike,Sahakar Nagar,Indiranagar,,,Not Applicable,Personal & Car related issue,Not Applicable,Not Applicable,102,Not Applicable,0,,
2024-07-08 07:43:00,CNR3862549588,Canceled by Customer,CID347340,Prime SUV,Chickpet,Banashankari,,,AC is Not working,Not Applicable,Not Applicable,Not Applicable,204,Not Applicable,0,,
2024-07-01 08:07:00,CNR6770163162,Success,CID100298,Prime Plus,Padmanabhanagar,Malleshwaram,91.0,130.0,Not Applicable,Not Applicable,No,Not Applicable,341,UPI,38,3.3,4.9
2024-07-04 04:01:00,CNR2355204635,Canceled by Driver,CID271279,Bike,Padmanabhanagar,Whitefield,,,Not Applicable,Personal & Car related issue,Not Applicable,Not Applicable,205,Not Applicable,0,,
2024-07-03 06:13:00,CNR9241501340,Canceled by Driver,CID484313,Mini,Ulsoor,Jayanagar,,,Not Applicable,Personal & Car related issue,Not Applicable,Not Applicable,625,Not Applicable,0,,
2024-07-29 11:43:00,CNR8678164939,Canceled by Customer,CID527446,Auto,JP Nagar,Shivajinagar,,,Driver asked to cancel,Not Applicable,Not Applicable,Not Applicable,144,Not Applicable,0,,
2024-07-04 23:24:00,CNR5848350765,Success,CID604003,Mini,Sahakar Nagar,Marathahalli,112.0,25.0,Not Applicable,Not Applicable,No,Not Applicable,436,Cash,44,4.2,4.6
2024-07-25 19:12:00,CNR7298562203,Driver Not Found,CID533324,Prime Sedan,Varthur,Electronic City,,,Not Applicable,Not Applicable,Not Applicable,Not Applicable,766,Not Applicable,0,,
2024-07-04 06:24:00,CNR4497240799,Canceled by Driver,CID796379,Prime Plus,Magadi Road,Magadi Road,,,Not Applicable,Personal & Car related issue,Not Applicable,Not Applicable,251,Not Applicable,0,,
2024-07-14 03:21:00,CNR3887813422,Success,CID480029,eBike,Hosur Road,Vijayanagar,35.0,45.0,Not Applicable,Not Applicable,No,Not Applicable,849,UPI,44,3.6,4.6
2024-07-03 03:23:00,CNR6409292778,Canceled by Customer,CID568036,Prime SUV,Kadugodi,Tumkur Road,,,Driver asked to cancel,Not Applicable,Not Applicable,Not Applicable,348,Not Applicable,0,,
2024-07-18 15:36:00,CNR6879499968,Success,CID446732,Prime SUV,Yelahanka,HSR Layout,56.0,75.0,Not Applicable,Not Applicable,No,Not Applicable,302,UPI,24,4.8,3.7
2024-07-24 08:40:00,CNR8527882321,Success,CID943579,eBike,Kammanahalli,Sahakar Nagar,91.0,40.0,Not Applicable,Not Applicable,No,Not Applicable,746,UPI,44,4.1,4.4
2024-07-10 00:28:00,CNR4404910089,Success,CID783068,Mini,Vijayanagar,Hennur,238.0,75.0,Not Applicable,Not Applicable,No,Not Applicable,820,Cash,32,4.7,3.2
2024-07-20 20:22:00,CNR2670885814,Success,CID938330,Bike,Electronic City,Richmond Town,182.0,100.0,Not Applicable,Not Applicable,No,Not Applicable,2003,Cash,29,3.0,4.8
2024-07-04 10:20:00,CNR2365398269,Driver Not Found,CID964961,Prime Sedan,Electronic City,Rajajinagar,,,Not Applicable,Not Applicable,Not Applicable,Not Applicable,109,Not Applicable,0,,
2024-07-24 14:50:00,CNR4076543638,Success,CID406132,Prime Sedan,MG Road,Nagarbhavi,203.0,135.0,Not Applicable,Not Applicable,No,Not Applicable,543,Cash,49,4.5,4.6
2024-07-24 11:05:00,CNR4666202759,Success,CID429970,Prime Sedan,Marathahalli,Kammanahalli,308.0,110.0,Not Applicable,Not Applicable,No,Not Applicable,574,UPI,22,3.6,4.5
2024-07-17 13:33:00,CNR1489588497,Success,CID578820,Prime SUV,HSR Layout,Sahakar Nagar,245.0,140.0,Not Applicable,Not Applicable,No,Not Applicable,331,Credit Card,32,4.5,3.6
2024-07-28 16:24:00,CNR7158954017,Success,CID536565,Prime SUV,BTM Layout,Langford Town,175.0,110.0,Not Applicable,Not Applicable,No,Not Applicable,321,UPI,20,3.7,3.7
2024-07-22 14:23:00,CNR4754231492,Success,CID166904,Bike,Rajajinagar,Hulimavu,273.0,55.0,Not Applicable,Not Applicable,No,Not Applicable,398,Credit Card,6,4.6,3.1
2024-07-29 06:28:00,CNR1700239819,Success,CID520815,Bike,Frazer Town,Vijayanagar,280.0,135.0,Not Applicable,Not Applicable,Yes,Other Issue,983,Cash,15,3.9,3.4
2024-07-16 15:38:00,CNR9846884428,Success,CID378854,Prime Sedan,Koramangala,Vijayanagar,196.0,80.0,Not Applicable,Not Applicable,No,Not Applicable,301,UPI,19,4.6,3.3
2024-07-07 19:40:00,CNR4542099540,Success,CID402623,Prime Sedan,Kadugodi,Shantinagar,287.0,145.0,Not Applicable,Not Applicable,No,Not Applicable,181,UPI,25,4.6,3.1
2024-07-18 15:24:00,CNR9641421270,Success,CID700731,Prime Sedan,Chamarajpet,KR Puram,217.0,140.0,Not Applicable,Not Applicable,No,Not Applicable,695,UPI,2,3.3,4.2
2024-07-20 18:14:00,CNR9609140229,Canceled by Customer,CID548434,Prime Plus,Kengeri,Majestic,,,Driver is not moving towards pickup location,Not Applicable,Not Applicable,Not Applicable,359,Not Applicable,0,,
2024-07-10 07:35:00,CNR6775218386,Canceled by Driver,CID648721,Bike,Kammanahalli,BTM Layout,,,Not Applicable,Customer related issue,Not Applicable,Not Applicable,885,Not Applicable,0,,
2024-07-20 00:29:00,CNR6374840775,Canceled by Customer,CID797816,Bike,Shivajinagar,Bellandur,,,Change of plans,Not Applicable,Not Applicable,Not Applicable,371,Not Applicable,0,,
2024-07-09 17:45:00,CNR5355996546,Success,CID571744,eBike,Sarjapur Road,Shantinagar,266.0,50.0,Not Applicable,Not Applicable,No,Not Applicable,150,Cash,9,4.7,3.5
2024-07-26 19:39:00,CNR9339060334,Success,CID203466,Prime Sedan,Richmond Town,Shantinagar,196.0,115.0,Not Applicable,Not Applicable,No,Not Applicable,322,Credit Card,7,3.2,3.0
2024-07-14 10:17:00,CNR1455423763,Canceled by Driver,CID257190,Prime Sedan,HSR Layout,Peenya,,,Not Applicable,Customer was coughing/sick,Not Applicable,Not Applicable,868,Not Applicable,0,,
2024-07-14 12:59:00,CNR1960712056,Canceled by Customer,CID205721,Prime Sedan,BTM Layout,Sarjapur Road,,,Driver asked to cancel,Not Applicable,Not Applicable,Not Applicable,352,Not Applicable,0,,
2024-07-24 19:33:00,CNR5836101942,Success,CID528910,Bike,JP Nagar,Basavanagudi,175.0,140.0,Not Applicable,Not Applicable,No,Not Applicable,2265,UPI,42,4.2,3.4
2024-07-15 12:15:00,CNR5857286647,Success,CID713897,Prime Sedan,Banashankari,Richmond Town,154.0,90.0,Not Applicable,Not Applicable,No,Not Applicable,207,Cash,46,3.1,3.2
2024-07-21 01:28:00,CNR3208454200,Canceled by Customer,CID523402,Mini,Sarjapur Road,Indiranagar,,,Change of plans,Not Applicable,Not Applicable,Not Applicable,302,Not Applicable,0,,
2024-07-18 14:10:00,CNR2581238038,Success,CID929064,Prime Sedan,Richmond Town,Rajarajeshwari Nagar,70.0,45.0,Not Applicable,Not Applicable,No,Not Applicable,218,Cash,29,3.9,4.7
2024-07-24 21:47:00,CNR2306139600,Success,CID664737,Mini,Padmanabhanagar,Peenya,273.0,125.0,Not Applicable,Not Applicable,No,Not Applicable,837,UPI,12,3.7,4.6
2024-07-08 22:08:00,CNR3964075450,Success,CID559235,Prime Sedan,Hebbal,Shivajinagar,294.0,85.0,Not Applicable,Not Applicable,No,Not Applicable,406,UPI,10,4.0,4.6
2024-07-13 16:57:00,CNR4380296539,Canceled by Customer,CID503689,Prime SUV,Vijayanagar,JP Nagar,,,Driver is not moving towards pickup location,Not Applicable,Not Applicable,Not Applicable,523,Not Applicable,0,,
2024-07-24 02:04:00,CNR4940051723,Success,CID471297,Mini,Hosur Road,Mysore Road,273.0,135.0,Not Applicable,Not Applicable,No,Not Applicable,272,UPI,10,4.1,4.8
2024-07-02 13:33:00,CNR7551645120,Canceled by Driver,CID703027,Mini,JP Nagar,Frazer Town,,,Not Applicable,Personal & Car related issue,Not Applicable,Not Applicable,355,Not Applicable,0,,
2024-07-23 09:24:00,CNR5745796357,Canceled by Customer,CID201699,Prime SUV,Indiranagar,Hennur,,,Driver is not moving towards pickup location,Not Applicable,Not Applicable,Not Applicable,581,Not Applicable,0,,
2024-07-15 23:16:00,CNR6157289416,Canceled by Driver,CID810034,Prime Plus,Ulsoor,Bannerghatta Road,,,Not Applicable,Customer was coughing/sick,Not Applicable,Not Applicable,107,Not Applicable,0,,
2024-07-26 11:44:00,CNR2516178224,Success,CID356000,Bike,Marathahalli,Magadi Road,105.0,130.0,Not Applicable,Not Applicable,No,Not Applicable,630,UPI,37,4.0,3.2
2024-07-27 16:59:00,CNR5408243528,Canceled by Customer,CID422059,Bike,Hosur Road,Hennur,,,Driver asked to cancel,Not Applicable,Not Applicable,Not Applicable,1915,Not Applicable,0,,
2024-07-02 21:56:00,CNR9293388024,Success,CID948295,Auto,Kengeri,Shantinagar,119.0,40.0,Not Applicable,Not Applicable,No,Not Applicable,875,Cash,6,4.8,4.8
2024-07-02 22:53:00,CNR4599449178,Success,CID521075,Prime SUV,Koramangala,Shivajinagar,196.0,135.0,Not Applicable,Not Applicable,Yes,Customer Demand,813,Cash,21,4.5,3.9
2024-07-03 21:32:00,CNR9038770488,Driver Not Found,CID998714,Auto,Mysore Road,Bannerghatta Road,,,Not Applicable,Not Applicable,Not Applicable,Not Applicable,280,Not Applicable,0,,
2024-07-20 11:20:00,CNR8163125914,Canceled by Driver,CID699410,Mini,MG Road,Peenya,,,Not Applicable,Customer related issue,Not Applicable,Not Applicable,843,Not Applicable,0,,
2024-07-09 14:35:00,CNR8408733005,Canceled by Driver,CID443031,eBike,Magadi Road,Jayanagar,,,Not Applicable,Personal & Car related issue,Not Applicable,Not Applicable,335,Not Applicable,0,,
2024-07-10 08:15:00,CNR1065046206,Success,CID574413,Mini,Yelahanka,Rajajinagar,245.0,70.0,Not Applicable,Not Applicable,No,Not Applicable,997,Cash,15,4.6,4.0
2024-07-14 07:48:00,CNR7516670062,Success,CID774297,Prime Plus,Peenya,KR Puram,154.0,45.0,Not Applicable,Not Applicable,No,Not Applicable,854,Cash,5,3.9,4.2
2024-07-11 07:26:00,CNR8176217018,Canceled by Driver,CID467241,Prime Sedan,Indiranagar,Frazer Town,,,Not Applicable,More than permitted people in there,Not Applicable,Not Applicable,945,Not Applicable,0,,
2024-07-28 12:27:00,CNR8925594422,Success,CID451798,Prime Sedan,Rajarajeshwari Nagar,HSR Layout,175.0,110.0,Not Applicable,Not Applicable,No,Not Applicable,495,UPI,43,4.9,4.5
2024-07-30 04:44:00,CNR4862110541,Success,CID583836,Auto,Varthur,JP Nagar,245.0,75.0,Not Applicable,Not Applicable,Yes,Vehicle Breakdown,230,Cash,8,3.4,4.4
2024-07-24 16:48:00,CNR3030024557,Canceled by Customer,CID273693,Mini,Nagarbhavi,Frazer Town,,,AC is Not working,Not Applicable,Not Applicable,Not Applicable,116,Not Applicable,0,,
2024-07-01 08:06:00,CNR8647135112,Canceled by Driver,CID959617,Mini,Yelahanka,Ulsoor,,,Not Applicable,Personal & Car related issue,Not Applicable,Not Applicable,326,Not Applicable,0,,
2024-07-03 04:05:00,CNR9191911160,Success,CID529032,Prime SUV,Bannerghatta Road,Devanahalli,154.0,45.0,Not Applicable,Not Applicable,No,Not Applicable,445,UPI,35,4.0,4.7
2024-07-07 00:00:00,CNR6022124331,Canceled by Customer,CID941568,eBike,Devanahalli,Tumkur Road,,,Driver asked to cancel,Not Applicable,Not Applicable,Not Applicable,2388,Not Applicable,0,,
2024-07-18 15:30:00,CNR2038599518,Success,CID817772,Bike,MG Road,Yelahanka,112.0,75.0,Not Applicable,Not Applicable,No,Not Applicable,290,Cash,9,3.9,3.4
2024-07-06 17:23:00,CNR7577975979,Canceled by Customer,CID834037,Prime SUV,Padmanabhanagar,Koramangala,,,AC is Not working,Not Applicable,Not Applicable,Not Applicable,181,Not Applicable,0,,
2024-07-29 19:29:00,CNR4087758504,Canceled by Driver,CID169472,Bike,Ramamurthy Nagar,Jayanagar,,,Not Applicable,Customer was coughing/sick,Not Applicable,Not Applicable,166,Not Applicable,0,,
2024-07-11 02:47:00,CNR1548969411,Success,CID310992,eBike,KR Puram,Basavanagudi,210.0,80.0,Not Applicable,Not Applicable,No,Not Applicable,235,Cash,27,3.3,4.2
2024-07-05 08:35:00,CNR3076514356,Driver Not Found,CID758555,Bike,Vijayanagar,HSR Layout,,,Not Applicable,Not Applicable,Not Applicable,Not Applicable,307,Not Applicable,0,,
2024-07-23 00:48:00,CNR3678662878,Canceled by Driver,CID847109,eBike,JP Nagar,HSR Layout,,,Not Applicable,Customer was coughing/sick,Not Applicable,Not Applicable,207,Not Applicable,0,,
2024-07-24 10:03:00,CNR6965605548,Canceled by Customer,CID656490,Prime Plus,MG Road,Chamarajpet,,,AC is Not working,Not Applicable,Not Applicable,Not Applicable,139,Not Applicable,0,,
2024-07-20 04:42:00,CNR1567105900,Canceled by Driver,CID600296,Auto,Hosur Road,Hebbal,,,Not Applicable,Personal & Car related issue,Not Applicable,Not Applicable,301,Not Applicable,0,,
2024-07-01 08:13:00,CNR4267332349,Driver Not Found,CID900827,Mini,Jayanagar,Kengeri,,,Not Applicable,Not Applicable,Not Applicable,Not Applicable,348,Not Applicable,0,,
2024-07-10 23:54:00,CNR9503358882,Canceled by Driver,CID157152,Bike,Sarjapur Road,Jayanagar,,,Not Applicable,More than permitted people in there,Not Applicable,Not Applicable,622,Not Applicable,0,,
2024-07-08 12:54:00,CNR6596199396,Canceled by Driver,CID247079,Auto,BTM Layout,Hulimavu,,,Not Applicable,Personal & Car related issue,Not Applicable,Not Applicable,331,Not Applicable,0,,
2024-07-11 13:41:00,CNR7977658568,Canceled by Driver,CID528165,Prime SUV,Padmanabhanagar,Nagarbhavi,,,Not Applicable,Personal & Car related issue,Not Applicable,Not Applicable,673,Not Applicable,0,,
2024-07-14 18:10:00,CNR6820869733,Canceled by Customer,CID879135,Prime Sedan,Peenya,Peenya,,,Change of plans,Not Applicable,Not Applicable,Not Applicable,994,Not Applicable,0,,
2024-07-19 11:14:00,CNR7825991393,Success,CID191260,Auto,RT Nagar,Tumkur Road,56.0,70.0,Not Applicable,Not Applicable,No,Not Applicable,279,Cash,16,3.1,4.2
2024-07-10 22:54:00,CNR5112322825,Canceled by Driver,CID970184,Prime Sedan,Peenya,Sahakar Nagar,,,Not Applicable,Customer was coughing/sick,Not Applicable,Not Applicable,472,Not Applicable,0,,
2024-07-15 09:29:00,CNR2256036985,Canceled by Driver,CID624901,eBike,Majestic,Kengeri,,,Not Applicable,Customer was coughing/sick,Not Applicable,Not Applicable,212,Not Applicable,0,,
2024-07-27 13:07:00,CNR2792003257,Canceled by Driver,CID684552,Auto,Chickpet,Chickpet,,,Not Applicable,More than permitted people in there,Not Applicable,Not Applicable,191,Not Applicable,0,,
2024-07-06 11:24:00,CNR9467197030,Success,CID445711,Prime Plus,Chamarajpet,Shivajinagar,196.0,90.0,Not Applicable,Not Applicable,No,Not Applicable,190,UPI,36,4.0,4.6
2024-07-07 15:23:00,CNR8947815950,Success,CID237025,eBike,Whitefield,Richmond Town,105.0,105.0,Not Applicable,Not Applicable,No,Not Applicable,2289,UPI,39,3.1,4.0
2024-07-27 15:15:00,CNR9133360081,Success,CID874364,Auto,Basavanagudi,Hebbal,168.0,40.0,Not Applicable,Not Applicable,No,Not Applicable,404,Cash,4,4.4,3.2
2024-07-13 09:56:00,CNR4743708122,Success,CID527208,Mini,HSR Layout,Rajarajeshwari Nagar,217.0,60.0,Not Applicable,Not Applicable,No,Not Applicable,2348,UPI,45,3.4,4.6
2024-07-15 19:22:00,CNR3460418573,Success,CID536010,Bike,Shivajinagar,Cox Town,217.0,25.0,Not Applicable,Not Applicable,No,Not Applicable,437,UPI,49,4.2,3.4
2024-07-05 13:22:00,CNR3239967223,Success,CID121313,Auto,KR Puram,Magadi Road,287.0,75.0,Not Applicable,Not Applicable,No,Not Applicable,315,Cash,6,3.3,4.5
2024-07-19 08:37:00,CNR6884381128,Canceled by Customer,CID194223,Bike,Kengeri,Marathahalli,,,AC is Not working,Not Applicable,Not Applicable,Not Applicable,209,Not Applicable,0,,
2024-07-13 09:49:00,CNR2438393959,Success,CID338032,eBike,Electronic City,Hosur Road,238.0,135.0,Not Applicable,Not Applicable,No,Not Applicable,280,Cash,28,3.8,3.6
2024-07-21 00:22:00,CNR5877378131,Success,CID585376,Mini,Rajajinagar,Electronic City,252.0,55.0,Not Applicable,Not Applicable,No,Not Applicable,511,Cash,13,3.1,3.7
2024-07-09 15:40:00,CNR6625882009,Success,CID932883,eBike,Peenya,Banashankari,154.0,130.0,Not Applicable,Not Applicable,No,Not Applicable,470,Cash,21,3.6,3.5
2024-07-14 14:04:00,CNR9028977889,Success,CID645741,Prime Sedan,Varthur,Rajajinagar,133.0,80.0,Not Applicable,Not Applicable,No,Not Applicable,2160,Cash,44,5.0,3.8
2024-07-05 12:55:00,CNR4852051674,Driver Not Found,CID931512,Prime Sedan,Sarjapur Road,Bellandur,,,Not Applicable,Not Applicable,Not Applicable,Not Applicable,724,Not Applicable,0,,
2024-07-20 05:46:00,CNR7750182452,Success,CID613358,Prime Plus,Whitefield,KR Puram,252.0,50.0,Not Applicable,Not Applicable,No,Not Applicable,209,Cash,21,4.3,3.2
2024-07-03 09:03:00,CNR9727082154,Success,CID954140,eBike,Hebbal,Majestic,84.0,50.0,Not Applicable,Not Applicable,No,Not Applicable,423,Cash,18,3.7,4.9
2024-07-11 08:06:00,CNR4460935889,Success,CID436542,Auto,Mysore Road,Mysore Road,56.0,70.0,Not Applicable,Not Applicable,No,Not Applicable,326,Credit Card,13,3.9,4.6
2024-07-05 14:58:00,CNR8308681095,Driver Not Found,CID405734,Auto,Chickpet,Indiranagar,,,Not Applicable,Not Applicable,Not Applicable,Not Applicable,222,Not Applicable,0,,
2024-07-29 06:59:00,CNR6833603387,Success,CID359044,Prime Plus,RT Nagar,Chamarajpet,182.0,60.0,Not Applicable,Not Applicable,Yes,Other Issue,360,Credit Card,45,4.8,3.1
2024-07-12 17:17:00,CNR8282157036,Success,CID927239,Prime SUV,Bellandur,Tumkur Road,308.0,25.0,Not Applicable,Not Applicable,No,Not Applicable,443,Cash,4,4.4,3.1
2024-07-05 12:24:00,CNR6805802504,Success,CID288290,Prime Sedan,Hulimavu,KR Puram,91.0,140.0,Not Applicable,Not Applicable,No,Not Applicable,111,Cash,32,4.2,3.1
2024-07-28 01:43:00,CNR9431870055,Success,CID193506,Mini,Rajajinagar,Indiranagar,84.0,60.0,Not Applicable,Not Applicable,No,Not Applicable,129,Cash,23,4.8,4.0
2024-07-30 10:27:00,CNR6019674544,Success,CID761359,Bike,Cox Town,JP Nagar,210.0,110.0,Not Applicable,Not Applicable,No,Not Applicable,244,Cash,37,3.8,3.9
2024-07-21 21:23:00,CNR6236185891,Success,CID657225,Prime SUV,Marathahalli,Sahakar Nagar,140.0,50.0,Not Applicable,Not Applicable,No,Not Applicable,114,Cash,20,4.1,4.8
2024-07-01 12:51:00,CNR7915819547,Success,CID357625,Auto,Varthur,Banashankari,77.0,40.0,Not Applicable,Not Applicable,No,Not Applicable,1856,Cash,8,3.4,4.2
2024-07-19 14:54:00,CNR4874848952,Canceled by Customer,CID466836,Bike,Magadi Road,Mysore Road,,,AC is Not working,Not Applicable,Not Applicable,Not Applicable,412,Not Applicable,0,,
2024-07-08 07:44:00,CNR5869414569,Canceled by Driver,CID333758,Bike,Padmanabhanagar,Richmond Town,,,Not Applicable,Personal & Car related issue,Not Applicable,Not Applicable,494,Not Applicable,0,,
2024-07-30 00:48:00,CNR7900514920,Canceled by Driver,CID700828,Prime Plus,Shantinagar,Bellandur,,,Not Applicable,Personal & Car related issue,Not Applicable,Not Applicable,264,Not Applicable,0,,
2024-07-21 00:28:00,CNR5836161610,Success,CID495928,Prime SUV,Yeshwanthpur,Koramangala,287.0,65.0,Not Applicable,Not Applicable,No,Not Applicable,185,UPI,29,4.5,4.0
2024-07-28 09:49:00,CNR8771443420,Success,CID148927,Bike,Langford Town,Rajarajeshwari Nagar,42.0,65.0,Not Applicable,Not Applicable,No,Not Applicable,484,Cash,40,5.0,5.0
2024-07-21 08:02:00,CNR3831372701,Success,CID903004,Prime Plus,Mysore Road,MG Road,84.0,125.0,Not Applicable,Not Applicable,No,Not Applicable,100,UPI,17,4.1,3.5
2024-07-12 20:30:00,CNR4124818360,Success,CID601826,Prime SUV,Frazer Town,Yeshwanthpur,259.0,120.0,Not Applicable,Not Applicable,No,Not Applicable,422,UPI,29,3.3,3.1
2024-07-14 01:33:00,CNR4112653369,Success,CID937246,Bike,Richmond Town,Magadi Road,224.0,100.0,Not Applicable,Not Applicable,No,Not Applicable,176,Cash,7,4.5,4.8
2024-07-05 11:50:00,CNR2279547774,Success,CID842663,Prime Sedan,Rajajinagar,Shantinagar,63.0,115.0,Not Applicable,Not Applicable,No,Not Applicable,658,UPI,21,4.3,3.7
2024-07-10 16:54:00,CNR1789683187,Success,CID319816,Bike,Frazer Town,Cox Town,189.0,90.0,Not Applicable,Not Applicable,No,Not Applicable,685,Cash,46,3.7,4.9
2024-07-15 13:24:00,CNR7486498167,Canceled by Driver,CID851832,Mini,Frazer Town,Kadugodi,,,Not Applicable,Personal & Car related issue,Not Applicable,Not Applicable,304,Not Applicable,0,,
2024-07-01 07:14:00,CNR9059158961,Success,CID824762,Prime Plus,Shantinagar,Bellandur,70.0,55.0,Not Applicable,Not Applicable,No,Not Applicable,195,UPI,40,4.9,4.5
2024-07-17 09:11:00,CNR2361430651,Canceled by Driver,CID390285,Prime Plus,Banashankari,Tumkur Road,,,Not Applicable,Personal & Car related issue,Not Applicable,Not Applicable,306,Not Applicable,0,,
2024-07-03 05:49:00,CNR8079482356,Success,CID692274,eBike,Sarjapur Road,Whitefield,231.0,145.0,Not Applicable,Not Applicable,No,Not Applicable,245,Cash,10,3.6,3.9
2024-07-18 14:40:00,CNR7410841462,Success,CID769171,eBike,MG Road,KR Puram,266.0,100.0,Not Applicable,Not Applicable,Yes,Vehicle Breakdown,2023,UPI,7,4.0,5.0
2024-07-20 12:56:00,CNR1882355169,Canceled by Driver,CID144021,eBike,Sahakar Nagar,Nagarbhavi,,,Not Applicable,Customer related issue,Not Applicable,Not Applicable,460,Not Applicable,0,,
2024-07-12 06:15:00,CNR5320089883,Success,CID428055,Mini,Yeshwanthpur,Ramamurthy Nagar,35.0,115.0,Not Applicable,Not Applicable,No,Not Applicable,329,Cash,6,3.7,4.5
2024-07-27 12:29:00,CNR1060893610,Canceled by Customer,CID762691,Prime SUV,Frazer Town,Jayanagar,,,Driver asked to cancel,Not Applicable,Not Applicable,Not Applicable,1726,Not Applicable,0,,
2024-07-04 01:51:00,CNR9796382851,Success,CID810816,eBike,Devanahalli,Chickpet,147.0,25.0,Not Applicable,Not Applicable,No,Not Applicable,482,Cash,31,4.1,4.1
2024-07-11 18:33:00,CNR7253330466,Success,CID131000,Mini,Bannerghatta Road,Banashankari,189.0,55.0,Not Applicable,Not Applicable,No,Not Applicable,791,UPI,27,3.0,3.4
2024-07-10 10:36:00,CNR5837715922,Canceled by Customer,CID831635,Prime Plus,Nagarbhavi,Hosur Road,,,Driver is not moving towards pickup location,Not Applicable,Not Applicable,Not Applicable,201,Not Applicable,0,,
2024-07-08 05:12:00,CNR1815334755,Canceled by Driver,CID254564,Prime Plus,KR Puram,HSR Layout,,,Not Applicable,Personal & Car related issue,Not Applicable,Not Applicable,196,Not Applicable,0,,
2024-07-15 06:47:00,CNR2728624270,Success,CID499282,Prime SUV,Indiranagar,Padmanabhanagar,56.0,105.0,Not Applicable,Not Applicable,No,Not Applicable,178,Cash,26,3.1,3.1
2024-07-16 16:19:00,CNR8982387608,Success,CID236112,Bike,Kengeri,Ulsoor,119.0,140.0,Not Applicable,Not Applicable,No,Not Applicable,780,Cash,22,3.4,3.4
2024-07-02 13:08:00,CNR1569898515,Success,CID611467,Bike,Shivajinagar,Yelahanka,70.0,65.0,Not Applicable,Not Applicable,No,Not Applicable,375,UPI,42,4.8,3.1
2024-07-17 03:14:00,CNR8041167737,Driver Not Found,CID419926,Bike,Chamarajpet,Bellandur,,,Not Applicable,Not Applicable,Not Applicable,Not Applicable,256,Not Applicable,0,,
2024-07-05 18:59:00,CNR2869819721,Driver Not Found,CID709022,Auto,HSR Layout,Nagarbhavi,,,Not Applicable,Not Applicable,Not Applicable,Not Applicable,401,Not Applicable,0,,
2024-07-05 15:00:00,CNR5216290013,Canceled by Driver,CID771419,Mini,Majestic,Basavanagudi,,,Not Applicable,Personal & Car related issue,Not Applicable,Not Applicable,339,Not Applicable,0,,
2024-07-22 04:06:00,CNR8393020459,Success,CID904188,Prime Plus,Tumkur Road,BTM Layout,119.0,120.0,Not Applicable,Not Applicable,No,Not Applicable,121,Cash,42,4.2,5.0
2024-07-13 01:33:00,CNR1116538522,Driver Not Found,CID895611,Auto,Hebbal,Hebbal,,,Not Applicable,Not Applicable,Not Applicable,Not Applicable,465,Not Applicable,0,,
2024-07-15 23:53:00,CNR8265302160,Canceled by Customer,CID748263,Prime SUV,Chamarajpet,Peenya,,,Driver asked to cancel,Not Applicable,Not Applicable,Not Applicable,132,Not Applicable,0,,
2024-07-08 03:32:00,CNR2718970495,Success,CID741771,eBike,Tumkur Road,Shantinagar,175.0,130.0,Not Applicable,Not Applicable,No,Not Applicable,245,Cash,45,3.3,4.2
2024-07-09 02:13:00,CNR6570881442,Success,CID829316,Prime SUV,Sarjapur Road,BTM Layout,252.0,40.0,Not Applicable,Not Applicable,No,Not Applicable,299,Cash,28,3.6,4.3
2024-07-02 19:22:00,CNR6368371422,Canceled by Driver,CID408081,Prime SUV,Indiranagar,Malleshwaram,,,Not Applicable,Customer was coughing/sick,Not Applicable,Not Applicable,474,Not Applicable,0,,
2024-07-24 13:35:00,CNR8201070560,Success,CID397456,Auto,Malleshwaram,Bannerghatta Road,77.0,90.0,Not Applicable,Not Applicable,No,Not Applicable,402,UPI,12,3.3,4.9
2024-07-14 04:33:00,CNR2899272804,Driver Not Found,CID484123,Prime SUV,Vijayanagar,Mysore Road,,,Not Applicable,Not Applicable,Not Applicable,Not Applicable,222,Not Applicable,0,,
2024-07-22 01:17:00,CNR2479859794,Success,CID585468,Prime SUV,Yelahanka,Electronic City,301.0,140.0,Not Applicable,Not Applicable,No,Not Applicable,815,Cash,27,3.1,3.3
2024-07-23 17:10:00,CNR1850719022,Success,CID279993,Auto,MG Road,BTM Layout,308.0,75.0,Not Applicable,Not Applicable,No,Not Applicable,863,UPI,18,3.2,4.7
2024-07-19 19:53:00,CNR5094376567,Canceled by Driver,CID919571,eBike,Devanahalli,Marathahalli,,,Not Applicable,Personal & Car related issue,Not Applicable,Not Applicable,246,Not Applicable,0,,
2024-07-30 12:06:00,CNR1893201508,Success,CID942177,Mini,HSR Layout,HSR Layout,294.0,55.0,Not Applicable,Not Applicable,No,Not Applicable,274,Cash,1,3.6,4.5
2024-07-07 19:40:00,CNR5074298099,Success,CID846103,Prime Sedan,HSR Layout,Whitefield,301.0,35.0,Not Applicable,Not Applicable,No,Not Applicable,286,UPI,22,3.5,3.4
2024-07-21 01:02:00,CNR2281157114,Success,CID131488,Prime Sedan,RT Nagar,Majestic,77.0,130.0,Not Applicable,Not Applicable,No,Not Applicable,638,UPI,20,4.0,3.3
2024-07-06 21:52:00,CNR4950981431,Success,CID459934,Auto,Kengeri,Hebbal,126.0,85.0,Not Applicable,Not Applicable,No,Not Applicable,953,UPI,19,3.8,4.2
2024-07-22 12:56:00,CNR5997420388,Canceled by Customer,CID132212,Prime SUV,Chickpet,Koramangala,,,Driver asked to cancel,Not Applicable,Not Applicable,Not Applicable,157,Not Applicable,0,,
2024-07-02 10:56:00,CNR2321188573,Canceled by Driver,CID307315,Prime SUV,Cox Town,Yelahanka,,,Not Applicable,Customer related issue,Not Applicable,Not Applicable,140,Not Applicable,0,,
2024-07-25 03:15:00,CNR3939359326,Success,CID470530,Prime SUV,Varthur,Rajajinagar,203.0,75.0,Not Applicable,Not Applicable,No,Not Applicable,763,UPI,34,4.7,3.2
2024-07-25 10:59:00,CNR5602793736,Canceled by Driver,CID254202,Mini,Hosur Road,Chamarajpet,,,Not Applicable,Customer related issue,Not Applicable,Not Applicable,804,Not Applicable,0,,
2024-07-10 00:38:00,CNR6225502169,Success,CID980727,Prime SUV,Kammanahalli,Hennur,273.0,110.0,Not Applicable,Not Applicable,No,Not Applicable,559,Cash,5,3.2,3.8
2024-07-18 01:23:00,CNR6492506630,Success,CID358812,Prime SUV,Whitefield,Bellandur,210.0,45.0,Not Applicable,Not Applicable,No,Not Applicable,257,Cash,32,3.2,4.8
2024-07-30 19:37:00,CNR6562373788,Success,CID621677,eBike,Magadi Road,Banashankari,105.0,100.0,Not Applicable,Not Applicable,No,Not Applicable,371,Cash,11,5.0,3.5
2024-07-16 16:30:00,CNR1482689284,Success,CID955778,Bike,Majestic,Chickpet,42.0,115.0,Not Applicable,Not Applicable,No,Not Applicable,382,Cash,44,3.7,4.2
2024-07-03 22:00:00,CNR5392812023,Success,CID758816,Prime Sedan,Devanahalli,Hebbal,280.0,110.0,Not Applicable,Not Applicable,No,Not Applicable,444,UPI,22,4.7,4.2
2024-07-19 03:41:00,CNR3066501835,Success,CID244477,Mini,Vijayanagar,KR Puram,196.0,135.0,Not Applicable,Not Applicable,No,Not Applicable,313,Cash,32,3.4,3.4
2024-07-12 13:15:00,CNR7638328063,Success,CID372112,eBike,Rajarajeshwari Nagar,RT Nagar,224.0,30.0,Not Applicable,Not Applicable,No,Not Applicable,625,UPI,45,3.5,3.5
2024-07-03 07:58:00,CNR3954408054,Driver Not Found,CID922551,eBike,Electronic City,Rajarajeshwari Nagar,,,Not Applicable,Not Applicable,Not Applicable,Not Applicable,710,Not Applicable,0,,
2024-07-11 04:04:00,CNR1970834582,Success,CID701711,Auto,Richmond Town,Tumkur Road,98.0,50.0,Not Applicable,Not Applicable,No,Not Applicable,394,Cash,15,4.5,4.0
2024-07-24 15:51:00,CNR6100333384,Canceled by Customer,CID446949,Prime SUV,Cox Town,Indiranagar,,,Driver asked to cancel,Not Applicable,Not Applicable,Not Applicable,204,Not Applicable,0,,
2024-07-22 20:26:00,CNR2006869937,Canceled by Driver,CID534578,Mini,Kengeri,Sahakar Nagar,,,Not Applicable,Customer was coughing/sick,Not Applicable,Not Applicable,145,Not Applicable,0,,
2024-07-21 17:55:00,CNR4565632076,Success,CID252543,Auto,Bellandur,Devanahalli,231.0,30.0,Not Applicable,Not Applicable,No,Not Applicable,169,UPI,11,3.6,3.9
2024-07-13 17:13:00,CNR7424641886,Success,CID949231,Prime Sedan,Basavanagudi,Sahakar Nagar,280.0,30.0,Not Applicable,Not Applicable,No,Not Applicable,419,UPI,9,4.5,3.4
2024-07-29 18:58:00,CNR1839795660,Success,CID176243,Prime SUV,Chamarajpet,Yelahanka,224.0,75.0,Not Applicable,Not Applicable,Yes,Other Issue,454,Cash,44,3.4,4.5
2024-07-09 21:51:00,CNR7973237841,Success,CID191757,Prime SUV,Yeshwanthpur,Kammanahalli,84.0,40.0,Not Applicable,Not Applicable,No,Not Applicable,863,Cash,18,3.1,5.0
2024-07-27 15:36:00,CNR6716670965,Driver Not Found,CID598019,eBike,BTM Layout,Banashankari,,,Not Applicable,Not Applicable,Not Applicable,Not Applicable,405,Not Applicable,0,,
2024-07-13 18:17:00,CNR7561335894,Success,CID645721,eBike,Ulsoor,Yelahanka,168.0,45.0,Not Applicable,Not Applicable,No,Not Applicable,148,Credit Card,10,4.1,4.5
2024-07-03 09:02:00,CNR1005939997,Success,CID219227,Auto,Kammanahalli,Vijayanagar,224.0,60.0,Not Applicable,Not Applicable,No,Not Applicable,733,UPI,5,3.6,3.3
2024-07-02 06:26:00,CNR9005413085,Success,CID859176,Bike,Varthur,Kadugodi,105.0,100.0,Not Applicable,Not Applicable,No,Not Applicable,129,Cash,27,5.0,4.2
2024-07-16 22:50:00,CNR7048415283,Success,CID940874,Prime Plus,RT Nagar,MG Road,147.0,45.0,Not Applicable,Not Applicable,No,Not Applicable,179,Cash,30,4.0,3.4
2024-07-12 02:49:00,CNR7946098920,Driver Not Found,CID688309,Bike,Ramamurthy Nagar,Bellandur,,,Not Applicable,Not Applicable,Not Applicable,Not Applicable,383,Not Applicable,0,,
2024-07-10 03:06:00,CNR4010359416,Canceled by Driver,CID802780,eBike,Mysore Road,Vijayanagar,,,Not Applicable,More than permitted people in there,Not Applicable,Not Applicable,859,Not Applicable,0,,
2024-07-19 16:36:00,CNR4297239582,Success,CID415917,Bike,Shivajinagar,Jayanagar,238.0,25.0,Not Applicable,Not Applicable,No,Not Applicable,360,UPI,13,3.5,3.4
2024-07-10 10:14:00,CNR1356110582,Canceled by Driver,CID980727,Bike,Langford Town,RT Nagar,,,Not Applicable,Personal & Car related issue,Not Applicable,Not Applicable,690,Not Applicable,0,,
2024-07-12 05:58:00,CNR2552679255,Success,CID507686,Prime Sedan,MG Road,Tumkur Road,182.0,40.0,Not Applicable,Not Applicable,No,Not Applicable,951,Cash,29,3.1,3.4
2024-07-29 13:52:00,CNR6151816816,Canceled by Customer,CID866311,Bike,Magadi Road,Malleshwaram,,,Driver is not moving towards pickup location,Not Applicable,Not Applicable,Not Applicable,130,Not Applicable,0,,
2024-07-06 00:41:00,CNR1713082966,Canceled by Driver,CID218624,Bike,Sarjapur Road,Bellandur,,,Not Applicable,Customer related issue,Not Applicable,Not Applicable,149,Not Applicable,0,,
2024-07-02 07:37:00,CNR6489074001,Success,CID901145,Prime Sedan,Varthur,Rajarajeshwari Nagar,42.0,130.0,Not Applicable,Not Applicable,No,Not Applicable,318,Cash,44,3.4,4.8
2024-07-25 05:39:00,CNR4852403475,Success,CID288177,eBike,Peenya,Indiranagar,56.0,100.0,Not Applicable,Not Applicable,No,Not Applicable,481,UPI,3,3.0,3.1
2024-07-26 15:30:00,CNR9855679187,Success,CID667734,Prime SUV,BTM Layout,Padmanabhanagar,84.0,45.0,Not Applicable,Not Applicable,Yes,Other Issue,810,UPI,36,3.2,4.2
2024-07-10 13:24:00,CNR1275746765,Success,CID495746,Prime SUV,Kammanahalli,Hebbal,56.0,60.0,Not Applicable,Not Applicable,No,Not Applicable,118,UPI,45,3.3,4.5
2024-07-10 09:37:00,CNR7200381295,Success,CID519129,Prime SUV,Rajarajeshwari Nagar,Frazer Town,140.0,110.0,Not Applicable,Not Applicable,No,Not Applicable,476,Cash,30,4.0,4.7
2024-07-26 04:48:00,CNR6596170729,Canceled by Driver,CID952218,Prime Plus,Koramangala,Frazer Town,,,Not Applicable,Personal & Car related issue,Not Applicable,Not Applicable,486,Not Applicable,0,,
2024-07-17 03:52:00,CNR8743229892,Success,CID762161,Prime SUV,KR Puram,BTM Layout,98.0,30.0,Not Applicable,Not Applicable,No,Not Applicable,816,Cash,20,3.2,4.2
2024-07-05 20:35:00,CNR3511171067,Canceled by Customer,CID672958,Prime SUV,Kadugodi,BTM Layout,,,Change of plans,Not Applicable,Not Applicable,Not Applicable,321,Not Applicable,0,,
2024-07-11 08:41:00,CNR8758934289,Success,CID301998,Bike,Frazer Town,Hebbal,84.0,75.0,Not Applicable,Not Applicable,No,Not Applicable,439,Cash,44,4.2,3.5
2024-07-18 03:17:00,CNR7032795857,Success,CID607403,Auto,Padmanabhanagar,Hennur,35.0,45.0,Not Applicable,Not Applicable,No,Not Applicable,957,UPI,16,4.6,3.2
2024-07-29 07:27:00,CNR5008119771,Success,CID339418,Bike,Majestic,Peenya,147.0,130.0,Not Applicable,Not Applicable,No,Not Applicable,130,Cash,6,4.6,3.2
2024-07-18 15:05:00,CNR7662523643,Canceled by Driver,CID604396,Prime SUV,Bannerghatta Road,Ulsoor,,,Not Applicable,Personal & Car related issue,Not Applicable,Not Applicable,137,Not Applicable,0,,
2024-07-22 13:18:00,CNR3500279552,Success,CID458643,Prime SUV,Kammanahalli,Basavanagudi,140.0,115.0,Not Applicable,Not Applicable,No,Not Applicable,395,Cash,18,4.8,3.2
2024-07-16 02:10:00,CNR1040028686,Success,CID874474,Prime Plus,Kammanahalli,Yeshwanthpur,91.0,95.0,Not Applicable,Not Applicable,No,Not Applicable,128,Credit Card,46,4.9,4.1
2024-07-21 06:53:00,CNR4210964943,Success,CID834390,Bike,Bellandur,Whitefield,245.0,115.0,Not Applicable,Not Applicable,No,Not Applicable,267,Cash,41,3.3,3.7
2024-07-10 23:25:00,CNR7345208587,Success,CID300604,Prime Plus,Rajarajeshwari Nagar,Indiranagar,77.0,110.0,Not Applicable,Not Applicable,No,Not Applicable,152,Cash,31,3.1,3.1
2024-07-26 00:48:00,CNR6488989065,Driver Not Found,CID367915,eBike,Rajarajeshwari Nagar,Richmond Town,,,Not Applicable,Not Applicable,Not Applicable,Not Applicable,1153,Not Applicable,0,,
2024-07-20 10:43:00,CNR9968121559,Success,CID366272,Auto,BTM Layout,Kadugodi,175.0,60.0,Not Applicable,Not Applicable,No,Not Applicable,486,Cash,11,4.5,4.0
2024-07-17 09:30:00,CNR9246115840,Success,CID479702,Prime Plus,Richmond Town,Peenya,301.0,40.0,Not Applicable,Not Applicable,No,Not Applicable,717,Cash,47,3.4,4.4
2024-07-24 22:35:00,CNR9158959128,Driver Not Found,CID448618,Prime Sedan,Hebbal,Banashankari,,,Not Applicable,Not Applicable,Not Applicable,Not Applicable,414,Not Applicable,0,,
2024-07-12 13:51:00,CNR1598781288,Success,CID635291,Auto,Chickpet,Vijayanagar,77.0,50.0,Not Applicable,Not Applicable,No,Not Applicable,441,Cash,11,4.1,4.0
2024-07-01 19:52:00,CNR2277209569,Driver Not Found,CID571964,Bike,Yeshwanthpur,Rajajinagar,,,Not Applicable,Not Applicable,Not Applicable,Not Applicable,476,Not Applicable,0,,
2024-07-07 05:07:00,CNR5215147606,Canceled by Customer,CID403088,Prime SUV,RT Nagar,Bannerghatta Road,,,Change of plans,Not Applicable,Not Applicable,Not Applicable,467,Not Applicable,0,,
2024-07-19 10:25:00,CNR3113184644,Success,CID446736,Prime Plus,Basavanagudi,Indiranagar,308.0,50.0,Not Applicable,Not Applicable,No,Not Applicable,162,UPI,21,3.2,4.3
2024-07-22 22:12:00,CNR7604573265,Canceled by Driver,CID298546,eBike,Koramangala,Nagarbhavi,,,Not Applicable,Personal & Car related issue,Not Applicable,Not Applicable,184,Not Applicable,0,,
2024-07-13 10:22:00,CNR1902175722,Canceled by Customer,CID126937,Prime SUV,JP Nagar,BTM Layout,,,Change of plans,Not Applicable,Not Applicable,Not Applicable,460,Not Applicable,0,,
2024-07-22 16:16:00,CNR2337286602,Canceled by Customer,CID851384,eBike,Nagarbhavi,Basavanagudi,,,Driver is not moving towards pickup location,Not Applicable,Not Applicable,Not Applicable,392,Not Applicable,0,,
2024-07-18 23:28:00,CNR3812819228,Canceled by Customer,CID532494,Prime SUV,Langford Town,Chickpet,,,Driver is not moving towards pickup location,Not Applicable,Not Applicable,Not Applicable,368,Not Applicable,0,,
2024-07-22 01:24:00,CNR9967062411,Success,CID518194,Prime Sedan,Sahakar Nagar,Majestic,217.0,120.0,Not Applicable,Not Applicable,No,Not Applicable,482,UPI,37,3.4,3.5
2024-07-25 11:43:00,CNR6928801606,Success,CID215470,eBike,Nagarbhavi,Hosur Road,77.0,50.0,Not Applicable,Not Applicable,No,Not Applicable,359,UPI,41,3.1,4.8
2024-07-03 03:10:00,CNR8887547051,Driver Not Found,CID826019,Auto,Vijayanagar,Padmanabhanagar,,,Not Applicable,Not Applicable,Not Applicable,Not Applicable,464,Not Applicable,0,,
2024-07-01 06:45:00,CNR8801010699,Canceled by Customer,CID179020,Auto,Shantinagar,Frazer Town,,,Driver asked to cancel,Not Applicable,Not Applicable,Not Applicable,659,Not Applicable,0,,
2024-07-25 11:31:00,CNR9307551935,Success,CID272526,Prime SUV,Shantinagar,Banashankari,98.0,60.0,Not Applicable,Not Applicable,No,Not Applicable,336,Cash,1,4.5,3.7
2024-07-05 10:06:00,CNR3721423408,Success,CID841748,Auto,Yeshwanthpur,Kadugodi,231.0,70.0,Not Applicable,Not Applicable,No,Not Applicable,430,Cash,14,3.1,4.6
2024-07-23 03:23:00,CNR4188491998,Success,CID244593,Prime Plus,Indiranagar,Koramangala,287.0,75.0,Not Applicable,Not Applicable,No,Not Applicable,337,UPI,19,4.6,4.4
2024-07-04 22:00:00,CNR4684203179,Success,CID760471,Prime SUV,Hennur,Hebbal,56.0,65.0,Not Applicable,Not Applicable,No,Not Applicable,883,Cash,11,4.9,3.5
2024-07-26 18:47:00,CNR6443801022,Success,CID407267,Prime Sedan,MG Road,Hebbal,84.0,120.0,Not Applicable,Not Applicable,No,Not Applicable,204,UPI,31,4.1,4.2
2024-07-13 13:11:00,CNR3129276205,Success,CID213270,Auto,Electronic City,Koramangala,280.0,130.0,Not Applicable,Not Applicable,No,Not Applicable,451,Credit Card,17,4.7,3.5
2024-07-24 11:08:00,CNR5951102569,Success,CID777599,eBike,Shivajinagar,Rajajinagar,56.0,110.0,Not Applicable,Not Applicable,No,Not Applicable,438,Cash,9,4.5,3.1
2024-07-09 14:47:00,CNR5735421549,Success,CID756518,Prime Plus,Mysore Road,Jayanagar,287.0,95.0,Not Applicable,Not Applicable,No,Not Applicable,302,Cash,35,4.6,3.4
2024-07-29 23:48:00,CNR1310997133,Canceled by Driver,CID630936,Bike,Yelahanka,Langford Town,,,Not Applicable,Customer was coughing/sick,Not Applicable,Not Applicable,170,Not Applicable,0,,
2024-07-24 01:22:00,CNR6382962442,Success,CID238159,eBike,Shivajinagar,Vijayanagar,77.0,30.0,Not Applicable,Not Applicable,No,Not Applicable,284,UPI,30,3.3,3.4
2024-07-21 19:39:00,CNR5966666612,Success,CID416090,Prime SUV,Electronic City,Kammanahalli,224.0,35.0,Not Applicable,Not Applicable,No,Not Applicable,558,UPI,19,4.7,4.5
2024-07-25 18:11:00,CNR8112837408,Success,CID146227,Mini,Malleshwaram,Marathahalli,224.0,30.0,Not Applicable,Not Applicable,No,Not Applicable,493,Cash,34,4.1,3.5
2024-07-30 14:12:00,CNR1377247188,Success,CID416059,Bike,Majestic,Hulimavu,252.0,75.0,Not Applicable,Not Applicable,No,Not Applicable,349,UPI,11,4.7,4.3
2024-07-06 18:26:00,CNR7198192150,Canceled by Driver,CID810870,Prime Plus,Tumkur Road,Hennur,,,Not Applicable,More than permitted people in there,Not Applicable,Not Applicable,856,Not Applicable,0,,
2024-07-17 08:11:00,CNR6326742644,Canceled by Driver,CID392223,Auto,Shivajinagar,Chamarajpet,,,Not Applicable,Customer related issue,Not Applicable,Not Applicable,970,Not Applicable,0,,
2024-07-16 15:03:00,CNR4296524286,Driver Not Found,CID604269,Prime SUV,Kammanahalli,Kengeri,,,Not Applicable,Not Applicable,Not Applicable,Not Applicable,234,Not Applicable,0,,
2024-07-30 18:52:00,CNR2381493290,Canceled by Customer,CID641943,Prime SUV,Hosur Road,Kammanahalli,,,Change of plans,Not Applicable,Not Applicable,Not Applicable,858,Not Applicable,0,,
2024-07-08 07:42:00,CNR1493194468,Success,CID376612,eBike,KR Puram,Marathahalli,301.0,35.0,Not Applicable,Not Applicable,No,Not Applicable,391,Cash,33,4.2,5.0
2024-07-16 12:51:00,CNR8782377897,Success,CID637928,Prime SUV,BTM Layout,Majestic,280.0,135.0,Not Applicable,Not Applicable,No,Not Applicable,182,Cash,33,3.2,3.3
2024-07-02 08:49:00,CNR9684393759,Canceled by Customer,CID270600,Prime SUV,Kammanahalli,Jayanagar,,,Driver asked to cancel,Not Applicable,Not Applicable,Not Applicable,891,Not Applicable,0,,
2024-07-15 06:23:00,CNR5333818928,Success,CID770023,Prime SUV,Marathahalli,Sahakar Nagar,301.0,115.0,Not Applicable,Not Applicable,No,Not Applicable,839,Cash,5,4.5,5.0
2024-07-09 02:38:00,CNR6327417132,Success,CID716042,Mini,Koramangala,Whitefield,280.0,90.0,Not Applicable,Not Applicable,No,Not Applicable,901,UPI,36,3.2,4.8
2024-07-06 03:56:00,CNR1772132732,Success,CID539702,Bike,Nagarbhavi,Richmond Town,210.0,85.0,Not Applicable,Not Applicable,Yes,Vehicle Breakdown,605,Credit Card,22,4.8,4.3
2024-07-23 01:49:00,CNR9541683406,Success,CID644607,Prime Plus,Indiranagar,Padmanabhanagar,112.0,105.0,Not Applicable,Not Applicable,Yes,Vehicle Breakdown,357,UPI,45,4.3,4.6
2024-07-21 13:01:00,CNR5568332966,Success,CID912993,Prime SUV,Hebbal,Kadugodi,210.0,115.0,Not Applicable,Not Applicable,No,Not Applicable,628,UPI,40,3.0,3.5
2024-07-03 13:18:00,CNR5071270134,Success,CID877731,Prime SUV,Chickpet,MG Road,252.0,135.0,Not Applicable,Not Applicable,No,Not Applicable,286,Cash,20,3.9,3.6
2024-07-24 10:14:00,CNR4504472589,Canceled by Customer,CID189166,Prime Sedan,Chamarajpet,Malleshwaram,,,Driver is not moving towards pickup location,Not Applicable,Not Applicable,Not Applicable,480,Not Applicable,0,,
2024-07-02 06:46:00,CNR3204123089,Success,CID865131,Mini,Peenya,HSR Layout,70.0,25.0,Not Applicable,Not Applicable,No,Not Applicable,444,Cash,38,4.8,3.0
2024-07-13 12:44:00,CNR4816034558,Success,CID810720,eBike,Devanahalli,Marathahalli,49.0,40.0,Not Applicable,Not Applicable,No,Not Applicable,652,UPI,35,3.5,4.0
2024-07-16 23:09:00,CNR2982785360,Canceled by Driver,CID104136,Bike,Chickpet,Basavanagudi,,,Not Applicable,Personal & Car related issue,Not Applicable,Not Applicable,457,Not Applicable,0,,
2024-07-02 04:08:00,CNR9586281923,Canceled by Customer,CID126858,Prime Plus,Richmond Town,Ramamurthy Nagar,,,Wrong Address,Not Applicable,Not Applicable,Not Applicable,313,Not Applicable,0,,
2024-07-24 17:58:00,CNR7809779856,Canceled by Driver,CID628231,Bike,BTM Layout,Malleshwaram,,,Not Applicable,Customer related issue,Not Applicable,Not Applicable,170,Not Applicable,0,,
2024-07-18 18:48:00,CNR8250688099,Driver Not Found,CID427720,Prime SUV,Richmond Town,Chamarajpet,,,Not Applicable,Not Applicable,Not Applicable,Not Applicable,343,Not Applicable,0,,
2024-07-20 23:04:00,CNR6408281861,Success,CID474636,eBike,Shantinagar,JP Nagar,147.0,25.0,Not Applicable,Not Applicable,No,Not Applicable,110,UPI,8,3.7,3.9
2024-07-11 04:32:00,CNR5635114551,Canceled by Driver,CID258811,Bike,Whitefield,JP Nagar,,,Not Applicable,More than permitted people in there,Not Applicable,Not Applicable,395,Not Applicable,0,,
2024-07-25 05:43:00,CNR4963489278,Canceled by Driver,CID804600,Prime Sedan,Koramangala,Banashankari,,,Not Applicable,Customer related issue,Not Applicable,Not Applicable,825,Not Applicable,0,,
2024-07-30 07:40:00,CNR3580396956,Success,CID640219,Prime Plus,Rajarajeshwari Nagar,Langford Town,126.0,90.0,Not Applicable,Not Applicable,No,Not Applicable,734,Cash,33,3.8,4.4
2024-07-16 13:21:00,CNR5036114629,Success,CID341348,eBike,Basavanagudi,Yelahanka,287.0,75.0,Not Applicable,Not Applicable,No,Not Applicable,439,UPI,29,3.6,3.7
2024-07-04 15:01:00,CNR9911594372,Success,CID142146,Mini,Chickpet,Koramangala,196.0,60.0,Not Applicable,Not Applicable,No,Not Applicable,242,UPI,38,3.4,3.0
2024-07-28 08:41:00,CNR7278665695,Success,CID654430,Prime SUV,Hennur,Varthur,70.0,105.0,Not Applicable,Not Applicable,No,Not Applicable,552,UPI,26,3.2,4.1
2024-07-08 09:13:00,CNR6318281162,Canceled by Customer,CID254612,Prime Sedan,Nagarbhavi,Sarjapur Road,,,Driver is not moving towards pickup location,Not Applicable,Not Applicable,Not Applicable,882,Not Applicable,0,,
2024-07-26 02:41:00,CNR7993017432,Success,CID503070,Prime SUV,Malleshwaram,BTM Layout,287.0,115.0,Not Applicable,Not Applicable,No,Not Applicable,830,UPI,43,4.5,4.7
2024-07-05 04:54:00,CNR9659738536,Success,CID995769,Mini,Basavanagudi,Mysore Road,182.0,50.0,Not Applicable,Not Applicable,No,Not Applicable,412,UPI,38,3.7,4.9
2024-07-20 04:15:00,CNR4586354779,Driver Not Found,CID937412,Bike,Shantinagar,Kadugodi,,,Not Applicable,Not Applicable,Not Applicable,Not Applicable,350,Not Applicable,0,,
2024-07-18 01:37:00,CNR7022860870,Success,CID219295,Prime Plus,Basavanagudi,Sarjapur Road,210.0,60.0,Not Applicable,Not Applicable,No,Not Applicable,333,UPI,22,3.8,3.8
2024-07-25 02:11:00,CNR1825121100,Success,CID585655,Prime SUV,Banashankari,Cox Town,245.0,95.0,Not Applicable,Not Applicable,No,Not Applicable,1843,Debit Card,5,3.3,4.4
2024-07-14 00:31:00,CNR9914731208,Driver Not Found,CID995619,Bike,Kengeri,Banashankari,,,Not Applicable,Not Applicable,Not Applicable,Not Applicable,919,Not Applicable,0,,
2024-07-29 02:13:00,CNR6739378301,Success,CID431368,Auto,Ramamurthy Nagar,Banashankari,161.0,115.0,Not Applicable,Not Applicable,No,Not Applicable,205,UPI,8,4.4,3.5
2024-07-23 23:36:00,CNR7360853265,Success,CID498676,Bike,Banashankari,Peenya,98.0,55.0,Not Applicable,Not Applicable,No,Not Applicable,190,Cash,42,4.7,4.9
2024-07-03 19:38:00,CNR1896699131,Success,CID229978,Mini,Majestic,Majestic,273.0,85.0,Not Applicable,Not Applicable,No,Not Applicable,398,UPI,6,3.7,4.3
2024-07-13 02:53:00,CNR1036001347,Success,CID625428,Auto,Kadugodi,Koramangala,168.0,40.0,Not Applicable,Not Applicable,No,Not Applicable,311,Cash,1,3.7,4.5
2024-07-18 15:52:00,CNR7435107387,Driver Not Found,CID794004,Bike,BTM Layout,Marathahalli,,,Not Applicable,Not Applicable,Not Applicable,Not Applicable,901,Not Applicable,0,,
2024-07-01 06:37:00,CNR2897530488,Success,CID961241,Prime SUV,Frazer Town,Kadugodi,77.0,145.0,Not Applicable,Not Applicable,No,Not Applicable,127,UPI,21,3.8,3.3
2024-07-02 13:18:00,CNR7620784873,Success,CID473314,Prime SUV,Koramangala,Malleshwaram,77.0,135.0,Not Applicable,Not Applicable,No,Not Applicable,426,UPI,2,5.0,3.8
2024-07-12 01:21:00,CNR4558592751,Success,CID303649,Prime SUV,Whitefield,Shantinagar,63.0,125.0,Not Applicable,Not Applicable,No,Not Applicable,180,Cash,17,3.3,3.9
2024-07-29 17:50:00,CNR9772522655,Success,CID438102,Auto,Varthur,Richmond Town,140.0,80.0,Not Applicable,Not Applicable,No,Not Applicable,1513,Cash,9,3.4,4.0
2024-07-03 13:50:00,CNR1262847447,Success,CID435387,Prime Sedan,Shantinagar,Marathahalli,63.0,80.0,Not Applicable,Not Applicable,No,Not Applicable,921,Cash,47,4.9,4.0
2024-07-24 15:38:00,CNR3072816721,Canceled by Driver,CID453451,Prime Sedan,Ramamurthy Nagar,Frazer Town,,,Not Applicable,More than permitted people in there,Not Applicable,Not Applicable,567,Not Applicable,0,,
2024-07-17 19:52:00,CNR4861568111,Success,CID187683,Prime Plus,Malleshwaram,Shantinagar,84.0,50.0,Not Applicable,Not Applicable,No,Not Applicable,1427,Cash,9,4.5,3.6
2024-07-27 16:08:00,CNR6149275370,Success,CID425855,Bike,RT Nagar,Marathahalli,231.0,45.0,Not Applicable,Not Applicable,No,Not Applicable,368,UPI,14,3.1,3.5
2024-07-20 23:23:00,CNR6480357257,Success,CID345918,eBike,Indiranagar,HSR Layout,266.0,40.0,Not Applicable,Not Applicable,No,Not Applicable,358,UPI,18,3.1,4.0
2024-07-27 14:08:00,CNR3668974910,Canceled by Customer,CID315736,eBike,Ulsoor,Langford Town,,,Wrong Address,Not Applicable,Not Applicable,Not Applicable,222,Not Applicable,0,,
2024-07-13 13:01:00,CNR8158246656,Success,CID572057,Prime Sedan,KR Puram,BTM Layout,203.0,85.0,Not Applicable,Not Applicable,No,Not Applicable,171,Cash,7,4.5,4.4
2024-07-29 11:57:00,CNR8655871664,Canceled by Customer,CID418596,Prime SUV,Kadugodi,Whitefield,,,Change of plans,Not Applicable,Not Applicable,Not Applicable,383,Not Applicable,0,,
2024-07-08 21:54:00,CNR8980883100,Canceled by Driver,CID529264,Auto,Sarjapur Road,Malleshwaram,,,Not Applicable,Customer related issue,Not Applicable,Not Applicable,761,Not Applicable,0,,
2024-07-13 05:14:00,CNR9936103758,Success,CID890099,Prime Sedan,Yeshwanthpur,Hosur Road,280.0,110.0,Not Applicable,Not Applicable,No,Not Applicable,260,Cash,19,3.9,3.0
2024-07-23 14:52:00,CNR4679288114,Canceled by Customer,CID290960,eBike,Hebbal,Mysore Road,,,Change of plans,Not Applicable,Not Applicable,Not Applicable,1245,Not Applicable,0,,
2024-07-25 03:43:00,CNR5599999670,Canceled by Customer,CID442264,Auto,Marathahalli,JP Nagar,,,Driver asked to cancel,Not Applicable,Not Applicable,Not Applicable,137,Not Applicable,0,,
2024-07-27 19:35:00,CNR2764987152,Success,CID526863,Prime Sedan,Marathahalli,Sarjapur Road,56.0,40.0,Not Applicable,Not Applicable,No,Not Applicable,223,Cash,43,4.9,4.8
2024-07-18 10:22:00,CNR4661305592,Success,CID807946,Bike,Chickpet,KR Puram,259.0,125.0,Not Applicable,Not Applicable,No,Not Applicable,759,Cash,32,3.6,4.4
2024-07-13 17:50:00,CNR1475768676,Driver Not Found,CID121862,eBike,Electronic City,Malleshwaram,,,Not Applicable,Not Applicable,Not Applicable,Not Applicable,206,Not Applicable,0,,
2024-07-22 01:56:00,CNR2336567574,Canceled by Customer,CID514121,Bike,Chamarajpet,Chickpet,,,Driver asked to cancel,Not Applicable,Not Applicable,Not Applicable,165,Not Applicable,0,,
2024-07-23 14:21:00,CNR4731086359,Canceled by Customer,CID777681,Mini,KR Puram,RT Nagar,,,Driver asked to cancel,Not Applicable,Not Applicable,Not Applicable,254,Not Applicable,0,,
2024-07-30 02:41:00,CNR8090491342,Canceled by Driver,CID372487,Prime SUV,Ramamurthy Nagar,Hennur,,,Not Applicable,Personal & Car related issue,Not Applicable,Not Applicable,276,Not Applicable,0,,
2024-07-16 06:18:00,CNR9127681202,Success,CID436502,Prime SUV,MG Road,Langford Town,42.0,110.0,Not Applicable,Not Applicable,No,Not Applicable,940,Cash,47,3.4,4.7
2024-07-03 15:04:00,CNR5286354298,Driver Not Found,CID478688,Prime SUV,Mysore Road,Marathahalli,,,Not Applicable,Not Applicable,Not Applicable,Not Applicable,246,Not Applicable,0,,
2024-07-28 16:48:00,CNR8870734166,Success,CID796019,Prime SUV,Langford Town,MG Road,182.0,60.0,Not Applicable,Not Applicable,No,Not Applicable,316,Cash,29,3.8,4.4
2024-07-02 01:11:00,CNR1190545889,Success,CID863539,Prime SUV,Bellandur,MG Road,84.0,70.0,Not Applicable,Not Applicable,No,Not Applicable,468,UPI,33,4.6,4.4
2024-07-03 07:02:00,CNR5636504807,Canceled by Driver,CID425335,Prime Sedan,Yeshwanthpur,JP Nagar,,,Not Applicable,Customer was coughing/sick,Not Applicable,Not Applicable,104,Not Applicable,0,,
2024-07-25 23:09:00,CNR9942371749,Canceled by Customer,CID862608,Prime SUV,RT Nagar,Electronic City,,,Driver is not moving towards pickup location,Not Applicable,Not Applicable,Not Applicable,145,Not Applicable,0,,
2024-07-06 02:12:00,CNR6789090500,Success,CID460944,eBike,Chamarajpet,Indiranagar,245.0,120.0,Not Applicable,Not Applicable,No,Not Applicable,272,Cash,35,4.7,3.8
2024-07-09 12:34:00,CNR1844854334,Success,CID985324,eBike,Kadugodi,KR Puram,294.0,100.0,Not Applicable,Not Applicable,No,Not Applicable,239,Cash,16,4.1,3.8
2024-07-19 01:13:00,CNR2246026373,Success,CID122615,Prime Plus,Malleshwaram,Banashankari,280.0,120.0,Not Applicable,Not Applicable,No,Not Applicable,1757,Cash,30,4.0,3.4
2024-07-04 08:02:00,CNR2243088727,Canceled by Driver,CID549911,Mini,Ulsoor,Marathahalli,,,Not Applicable,Personal & Car related issue,Not Applicable,Not Applicable,478,Not Applicable,0,,
2024-07-12 15:58:00,CNR7021692251,Success,CID160571,eBike,HSR Layout,Hosur Road,77.0,115.0,Not Applicable,Not Applicable,Yes,Vehicle Breakdown,477,UPI,28,3.7,3.3
2024-07-03 06:59:00,CNR8046778446,Success,CID992207,Prime Plus,Hebbal,Varthur,224.0,65.0,Not Applicable,Not Applicable,No,Not Applicable,485,Cash,3,4.8,3.6
2024-07-26 13:15:00,CNR5898065640,Canceled by Customer,CID812748,Mini,Kadugodi,Banashankari,,,Change of plans,Not Applicable,Not Applicable,Not Applicable,633,Not Applicable,0,,
2024-07-06 02:38:00,CNR6934578961,Canceled by Driver,CID474257,Prime Sedan,Padmanabhanagar,Koramangala,,,Not Applicable,Customer related issue,Not Applicable,Not Applicable,169,Not Applicable,0,,
2024-07-02 00:57:00,CNR4742862800,Canceled by Driver,CID812893,eBike,Cox Town,Shivajinagar,,,Not Applicable,Customer related issue,Not Applicable,Not Applicable,2660,Not Applicable,0,,
2024-07-11 19:56:00,CNR4011812519,Canceled by Driver,CID389515,Auto,Vijayanagar,Koramangala,,,Not Applicable,Customer was coughing/sick,Not Applicable,Not Applicable,2985,Not Applicable,0,,
2024-07-07 17:58:00,CNR7887752770,Success,CID385994,Auto,Chamarajpet,Electronic City,35.0,55.0,Not Applicable,Not Applicable,No,Not Applicable,261,Cash,18,4.1,4.2
2024-07-14 18:25:00,CNR5340020140,Success,CID878182,Prime Plus,Electronic City,Langford Town,259.0,70.0,Not Applicable,Not Applicable,No,Not Applicable,272,UPI,12,3.4,3.2
2024-07-09 16:26:00,CNR6049297462,Canceled by Driver,CID312040,Prime SUV,Varthur,Bannerghatta Road,,,Not Applicable,Customer related issue,Not Applicable,Not Applicable,106,Not Applicable,0,,
2024-07-04 13:07:00,CNR6047579059,Canceled by Driver,CID487983,Bike,Whitefield,Rajarajeshwari Nagar,,,Not Applicable,Personal & Car related issue,Not Applicable,Not Applicable,253,Not Applicable,0,,
2024-07-28 21:23:00,CNR4825238196,Success,CID142127,Prime SUV,Ramamurthy Nagar,Frazer Town,63.0,50.0,Not Applicable,Not Applicable,No,Not Applicable,386,Cash,27,4.7,3.2
2024-07-19 13:12:00,CNR2080513804,Success,CID559457,Auto,Mysore Road,Yelahanka,56.0,70.0,Not Applicable,Not Applicable,No,Not Applicable,296,UPI,7,4.8,3.3
2024-07-25 15:28:00,CNR6875488883,Success,CID112362,Prime SUV,Hulimavu,Tumkur Road,84.0,30.0,Not Applicable,Not Applicable,No,Not Applicable,2912,Cash,9,3.8,3.5
2024-07-30 16:53:00,CNR6546916337,Canceled by Driver,CID335055,Prime Sedan,HSR Layout,Sahakar Nagar,,,Not Applicable,Personal & Car related issue,Not Applicable,Not Applicable,302,Not Applicable,0,,
2024-07-10 18:56:00,CNR4943582434,Success,CID875751,Auto,Padmanabhanagar,Hennur,189.0,130.0,Not Applicable,Not Applicable,No,Not Applicable,213,Cash,3,4.4,4.1
2024-07-13 00:23:00,CNR1935207341,Success,CID765079,Auto,Sarjapur Road,Yeshwanthpur,196.0,80.0,Not Applicable,Not Applicable,No,Not Applicable,782,UPI,7,4.8,4.7
2024-07-06 02:35:00,CNR7637695392,Success,CID296742,Prime Plus,Rajarajeshwari Nagar,Majestic,140.0,115.0,Not Applicable,Not Applicable,No,Not Applicable,393,Cash,20,3.4,4.4
2024-07-25 23:17:00,CNR7587940086,Success,CID527801,Mini,Nagarbhavi,Rajajinagar,217.0,70.0,Not Applicable,Not Applicable,No,Not Applicable,876,Cash,28,3.0,3.5
2024-07-04 10:29:00,CNR5540451518,Success,CID132545,eBike,BTM Layout,Frazer Town,217.0,40.0,Not Applicable,Not Applicable,No,Not Applicable,736,UPI,47,4.9,3.9
2024-07-21 16:41:00,CNR8036988689,Success,CID600892,Auto,Basavanagudi,Marathahalli,105.0,105.0,Not Applicable,Not Applicable,No,Not Applicable,126,Cash,18,3.1,4.6
2024-07-27 08:57:00,CNR1143241219,Canceled by Customer,CID366966,Auto,JP Nagar,Sarjapur Road,,,Wrong Address,Not Applicable,Not Applicable,Not Applicable,333,Not Applicable,0,,
2024-07-18 18:31:00,CNR5006774010,Success,CID376690,Prime Sedan,Rajarajeshwari Nagar,Kammanahalli,238.0,110.0,Not Applicable,Not Applicable,Yes,Vehicle Breakdown,584,UPI,27,4.8,4.0
2024-07-09 12:10:00,CNR6969506417,Driver Not Found,CID671295,eBike,BTM Layout,Vijayanagar,,,Not Applicable,Not Applicable,Not Applicable,Not Applicable,450,Not Applicable,0,,
2024-07-22 10:45:00,CNR9944707233,Canceled by Driver,CID477805,eBike,Nagarbhavi,Yelahanka,,,Not Applicable,Personal & Car related issue,Not Applicable,Not Applicable,178,Not Applicable,0,,
2024-07-08 00:07:00,CNR9159336322,Success,CID416459,Mini,Tumkur Road,Cox Town,259.0,50.0,Not Applicable,Not Applicable,No,Not Applicable,1941,Cash,2,3.4,4.4
2024-07-25 00:59:00,CNR1187188822,Success,CID318396,Prime Sedan,Chamarajpet,Indiranagar,63.0,105.0,Not Applicable,Not Applicable,No,Not Applicable,224,UPI,40,4.6,3.8
2024-07-07 03:21:00,CNR8073310798,Canceled by Driver,CID543568,eBike,Bannerghatta Road,KR Puram,,,Not Applicable,Personal & Car related issue,Not Applicable,Not Applicable,471,Not Applicable,0,,
2024-07-02 22:56:00,CNR8317837479,Success,CID641650,Auto,Ramamurthy Nagar,MG Road,266.0,45.0,Not Applicable,Not Applicable,No,Not Applicable,185,Cash,12,4.9,4.1
2024-07-16 08:47:00,CNR1736142323,Driver Not Found,CID574531,Prime Sedan,Ramamurthy Nagar,Varthur,,,Not Applicable,Not Applicable,Not Applicable,Not Applicable,260,Not Applicable,0,,
2024-07-24 02:50:00,CNR2209478454,Canceled by Driver,CID894189,Prime Plus,Bellandur,Yelahanka,,,Not Applicable,More than permitted people in there,Not Applicable,Not Applicable,460,Not Applicable,0,,
2024-07-28 06:04:00,CNR9193307603,Success,CID492602,Prime Sedan,Kadugodi,Sahakar Nagar,56.0,50.0,Not Applicable,Not Applicable,No,Not Applicable,302,UPI,48,3.4,3.5
2024-07-28 06:01:00,CNR2240517451,Success,CID328510,Bike,Frazer Town,Shantinagar,147.0,140.0,Not Applicable,Not Applicable,No,Not Applicable,2800,Cash,10,4.4,3.7
2024-07-15 01:37:00,CNR7910262142,Canceled by Driver,CID753115,Prime Sedan,Cox Town,RT Nagar,,,Not Applicable,Personal & Car related issue,Not Applicable,Not Applicable,419,Not Applicable,0,,
2024-07-16 13:41:00,CNR2816415852,Canceled by Driver,CID981115,Prime Sedan,Magadi Road,Richmond Town,,,Not Applicable,More than permitted people in there,Not Applicable,Not Applicable,192,Not Applicable,0,,
2024-07-18 15:56:00,CNR3642679371,Canceled by Driver,CID936755,Prime SUV,Nagarbhavi,Rajajinagar,,,Not Applicable,Personal & Car related issue,Not Applicable,Not Applicable,151,Not Applicable,0,,
2024-07-27 02:12:00,CNR3457555408,Success,CID552797,eBike,KR Puram,Ramamurthy Nagar,182.0,115.0,Not Applicable,Not Applicable,No,Not Applicable,824,Cash,45,4.0,4.7
2024-07-27 03:22:00,CNR4983819214,Success,CID610966,Mini,RT Nagar,Jayanagar,35.0,75.0,Not Applicable,Not Applicable,No,Not Applicable,332,UPI,29,3.9,3.4
2024-07-08 09:07:00,CNR5860880213,Success,CID131585,Mini,Frazer Town,Basavanagudi,217.0,115.0,Not Applicable,Not Applicable,No,Not Applicable,140,Cash,29,3.2,3.9
2024-07-18 12:24:00,CNR9802988890,Success,CID362481,Auto,Electronic City,Marathahalli,56.0,145.0,Not Applicable,Not Applicable,No,Not Applicable,180,UPI,17,3.2,4.1
2024-07-28 10:00:00,CNR2338846461,Success,CID240659,Prime Sedan,Chamarajpet,RT Nagar,35.0,45.0,Not Applicable,Not Applicable,No,Not Applicable,1902,UPI,11,3.1,4.1
2024-07-22 23:10:00,CNR5054235536,Success,CID365002,Prime SUV,Varthur,MG Road,133.0,45.0,Not Applicable,Not Applicable,No,Not Applicable,345,UPI,48,4.9,3.2
2024-07-09 15:14:00,CNR4363784843,Success,CID164088,Prime Plus,Yelahanka,Hulimavu,56.0,30.0,Not Applicable,Not Applicable,No,Not Applicable,359,Cash,4,4.3,3.9
2024-07-02 21:17:00,CNR3177668878,Canceled by Driver,CID823568,Prime Sedan,Nagarbhavi,Hosur Road,,,Not Applicable,More than permitted people in there,Not Applicable,Not Applicable,707,Not Applicable,0,,
2024-07-02 10:48:00,CNR4098008664,Success,CID452997,eBike,Nagarbhavi,Nagarbhavi,287.0,135.0,Not Applicable,Not Applicable,No,Not Applicable,650,UPI,41,3.9,4.3
2024-07-09 14:38:00,CNR9269456770,Success,CID209961,Auto,Shivajinagar,Yelahanka,189.0,120.0,Not Applicable,Not Applicable,No,Not Applicable,326,Cash,10,3.5,3.9
2024-07-17 05:05:00,CNR9063412453,Canceled by Customer,CID773023,Mini,Varthur,Richmond Town,,,Driver is not moving towards pickup location,Not Applicable,Not Applicable,Not Applicable,255,Not Applicable,0,,
2024-07-07 06:02:00,CNR8500174051,Success,CID591763,Auto,Mysore Road,Malleshwaram,147.0,85.0,Not Applicable,Not Applicable,No,Not Applicable,391,Cash,16,4.7,4.9
2024-07-17 14:10:00,CNR3204989897,Driver Not Found,CID453904,Prime SUV,Vijayanagar,Hosur Road,,,Not Applicable,Not Applicable,Not Applicable,Not Applicable,667,Not Applicable,0,,
2024-07-19 06:07:00,CNR5370636519,Success,CID836988,Prime Sedan,Ulsoor,Mysore Road,259.0,115.0,Not Applicable,Not Applicable,No,Not Applicable,440,UPI,30,4.9,4.9
2024-07-28 15:27:00,CNR8369726311,Success,CID604612,Mini,Indiranagar,Devanahalli,301.0,30.0,Not Applicable,Not Applicable,Yes,Customer Demand,167,UPI,33,4.7,3.3
2024-07-19 16:21:00,CNR6494799031,Success,CID513054,Auto,KR Puram,Hosur Road,217.0,70.0,Not Applicable,Not Applicable,No,Not Applicable,145,UPI,18,4.2,4.1
2024-07-27 10:58:00,CNR9315126232,Driver Not Found,CID722910,Bike,Marathahalli,Bannerghatta Road,,,Not Applicable,Not Applicable,Not Applicable,Not Applicable,366,Not Applicable,0,,
2024-07-07 03:15:00,CNR1218675709,Success,CID719776,Mini,Devanahalli,Hennur,63.0,125.0,Not Applicable,Not Applicable,No,Not Applicable,328,Cash,31,3.2,3.7
2024-07-12 09:35:00,CNR9870040899,Success,CID546342,Prime Sedan,MG Road,Chamarajpet,154.0,125.0,Not Applicable,Not Applicable,No,Not Applicable,923,Debit Card,23,4.1,3.6
2024-07-05 11:41:00,CNR4848682876,Success,CID178966,eBike,Yeshwanthpur,Sahakar Nagar,112.0,115.0,Not Applicable,Not Applicable,No,Not Applicable,664,UPI,6,3.4,4.9
2024-07-01 01:11:00,CNR8995421845,Canceled by Customer,CID595630,Bike,Majestic,Langford Town,,,Change of plans,Not Applicable,Not Applicable,Not Applicable,852,Not Applicable,0,,
2024-07-18 08:15:00,CNR3258409663,Success,CID243800,Prime Plus,Rajajinagar,Hennur,182.0,30.0,Not Applicable,Not Applicable,Yes,Other Issue,790,Cash,29,3.7,4.6
2024-07-12 15:17:00,CNR6136886439,Canceled by Driver,CID737040,Auto,Rajajinagar,Langford Town,,,Not Applicable,Personal & Car related issue,Not Applicable,Not Applicable,217,Not Applicable,0,,
2024-07-26 07:14:00,CNR4670309470,Success,CID223652,Prime Plus,Banashankari,Marathahalli,126.0,80.0,Not Applicable,Not Applicable,No,Not Applicable,714,Cash,7,3.6,4.6
2024-07-16 05:27:00,CNR4046450953,Success,CID610161,Prime SUV,JP Nagar,Frazer Town,154.0,125.0,Not Applicable,Not Applicable,No,Not Applicable,347,Cash,1,4.8,4.0
2024-07-15 17:38:00,CNR3979881618,Success,CID662285,Bike,HSR Layout,Rajarajeshwari Nagar,175.0,95.0,Not Applicable,Not Applicable,No,Not Applicable,463,UPI,12,4.2,4.4
2024-07-03 21:26:00,CNR5987398600,Success,CID109822,eBike,Shantinagar,Nagarbhavi,196.0,100.0,Not Applicable,Not Applicable,No,Not Applicable,524,UPI,6,4.2,3.7
2024-07-02 20:56:00,CNR1612793387,Canceled by Driver,CID486800,Auto,RT Nagar,Whitefield,,,Not Applicable,Personal & Car related issue,Not Applicable,Not Applicable,478,Not Applicable,0,,
2024-07-16 16:00:00,CNR9040060127,Canceled by Driver,CID685305,Prime Sedan,Frazer Town,Indiranagar,,,Not Applicable,Personal & Car related issue,Not Applicable,Not Applicable,244,Not Applicable,0,,
2024-07-05 12:52:00,CNR1355028000,Success,CID651386,Prime SUV,Majestic,Hennur,175.0,110.0,Not Applicable,Not Applicable,No,Not Applicable,446,Cash,26,3.3,3.2
2024-07-18 08:38:00,CNR5905915499,Success,CID661536,Prime Sedan,Rajarajeshwari Nagar,Sahakar Nagar,56.0,80.0,Not Applicable,Not Applicable,No,Not Applicable,1567,Cash,22,4.6,4.7
2024-07-15 17:05:00,CNR4312778613,Success,CID860054,Bike,Devanahalli,Chamarajpet,126.0,135.0,Not Applicable,Not Applicable,No,Not Applicable,313,UPI,26,4.7,5.0
2024-07-01 04:15:00,CNR6011042457,Success,CID281033,Mini,Richmond Town,JP Nagar,266.0,80.0,Not Applicable,Not Applicable,No,Not Applicable,250,UPI,45,4.8,3.2
2024-07-06 07:12:00,CNR8813483147,Canceled by Driver,CID974333,Prime Sedan,Cox Town,Ulsoor,,,Not Applicable,Customer was coughing/sick,Not Applicable,Not Applicable,2090,Not Applicable,0,,
2024-07-24 18:45:00,CNR4527385943,Success,CID184056,Prime Plus,Rajarajeshwari Nagar,Varthur,301.0,105.0,Not Applicable,Not Applicable,Yes,Vehicle Breakdown,217,Cash,35,3.4,4.9
2024-07-02 13:11:00,CNR5783862233,Success,CID994227,Prime Sedan,Basavanagudi,Chamarajpet,126.0,75.0,Not Applicable,Not Applicable,No,Not Applicable,166,Cash,43,4.1,5.0
2024-07-04 03:32:00,CNR7127792656,Canceled by Driver,CID673742,eBike,Peenya,RT Nagar,,,Not Applicable,Customer related issue,Not Applicable,Not Applicable,346,Not Applicable,0,,
2024-07-12 13:34:00,CNR2419605243,Canceled by Driver,CID992816,Bike,Kengeri,Tumkur Road,,,Not Applicable,Personal & Car related issue,Not Applicable,Not Applicable,533,Not Applicable,0,,
2024-07-12 23:33:00,CNR6719230255,Success,CID888119,eBike,Vijayanagar,RT Nagar,63.0,65.0,Not Applicable,Not Applicable,No,Not Applicable,246,Cash,32,4.3,4.2
2024-07-25 17:26:00,CNR4673942793,Driver Not Found,CID580345,Prime SUV,Banashankari,Chamarajpet,,,Not Applicable,Not Applicable,Not Applicable,Not Applicable,398,Not Applicable,0,,
2024-07-14 01:12:00,CNR2208413668,Canceled by Customer,CID169400,Prime SUV,Sahakar Nagar,Frazer Town,,,Change of plans,Not Applicable,Not Applicable,Not Applicable,279,Not Applicable,0,,
2024-07-09 09:20:00,CNR3829027385,Driver Not Found,CID759978,Prime Plus,Koramangala,Indiranagar,,,Not Applicable,Not Applicable,Not Applicable,Not Applicable,356,Not Applicable,0,,
2024-07-01 08:49:00,CNR9942635368,Canceled by Customer,CID402274,Prime Sedan,Ramamurthy Nagar,Koramangala,,,Driver asked to cancel,Not Applicable,Not Applicable,Not Applicable,201,Not Applicable,0,,
2024-07-02 21:59:00,CNR5605266853,Success,CID941450,Prime SUV,Malleshwaram,Vijayanagar,105.0,40.0,Not Applicable,Not Applicable,No,Not Applicable,375,Cash,12,4.7,4.7
2024-07-18 05:28:00,CNR1572320326,Success,CID553958,Auto,Hennur,Tumkur Road,77.0,120.0,Not Applicable,Not Applicable,No,Not Applicable,955,UPI,16,4.3,4.6
2024-07-13 21:01:00,CNR3586869026,Canceled by Driver,CID960808,eBike,MG Road,BTM Layout,,,Not Applicable,Customer was coughing/sick,Not Applicable,Not Applicable,475,Not Applicable,0,,
2024-07-15 01:49:00,CNR9710027513,Driver Not Found,CID362561,Auto,Richmond Town,Hosur Road,,,Not Applicable,Not Applicable,Not Applicable,Not Applicable,468,Not Applicable,0,,
2024-07-26 01:07:00,CNR2442728427,Success,CID224831,Prime Plus,Bellandur,Devanahalli,224.0,100.0,Not Applicable,Not Applicable,No,Not Applicable,758,Cash,5,3.7,3.1
2024-07-02 23:25:00,CNR8566685194,Success,CID237550,Prime Sedan,HSR Layout,Chickpet,49.0,105.0,Not Applicable,Not Applicable,No,Not Applicable,357,UPI,36,3.8,3.7
2024-07-14 22:21:00,CNR1544340926,Success,CID237416,Prime Sedan,Kengeri,Malleshwaram,126.0,70.0,Not Applicable,Not Applicable,No,Not Applicable,641,Cash,21,3.7,3.5
2024-07-22 06:41:00,CNR1833632056,Success,CID231153,Prime Plus,Ulsoor,Malleshwaram,224.0,100.0,Not Applicable,Not Applicable,No,Not Applicable,272,Cash,6,4.1,3.5
2024-07-23 23:38:00,CNR8932744171,Success,CID130647,eBike,Ramamurthy Nagar,Varthur,231.0,40.0,Not Applicable,Not Applicable,No,Not Applicable,332,Cash,33,3.8,3.6
2024-07-14 10:36:00,CNR8583576742,Success,CID887385,Mini,Kammanahalli,Shivajinagar,105.0,95.0,Not Applicable,Not Applicable,No,Not Applicable,140,UPI,35,3.5,3.2
2024-07-16 23:00:00,CNR9933616868,Canceled by Driver,CID993778,Mini,Marathahalli,BTM Layout,,,Not Applicable,Customer related issue,Not Applicable,Not Applicable,981,Not Applicable,0,,
2024-07-20 03:57:00,CNR1076398258,Success,CID122304,eBike,MG Road,Cox Town,252.0,65.0,Not Applicable,Not Applicable,No,Not Applicable,284,Cash,48,4.9,4.2
2024-07-24 16:12:00,CNR5858452481,Success,CID416495,Prime Sedan,Sahakar Nagar,Mysore Road,301.0,30.0,Not Applicable,Not Applicable,No,Not Applicable,2959,Cash,15,4.0,4.2
2024-07-14 09:41:00,CNR9723028236,Canceled by Customer,CID319500,eBike,Shivajinagar,Kadugodi,,,Wrong Address,Not Applicable,Not Applicable,Not Applicable,980,Not Applicable,0,,
2024-07-18 07:24:00,CNR1564411645,Success,CID750157,Prime Plus,Bellandur,Peenya,119.0,50.0,Not Applicable,Not Applicable,No,Not Applicable,498,UPI,29,4.2,4.4
2024-07-09 07:50:00,CNR2181519136,Driver Not Found,CID896422,Prime Sedan,KR Puram,Langford Town,,,Not Applicable,Not Applicable,Not Applicable,Not Applicable,272,Not Applicable,0,,
2024-07-27 17:09:00,CNR7701315362,Success,CID490940,Prime SUV,Vijayanagar,Hebbal,189.0,65.0,Not Applicable,Not Applicable,No,Not Applicable,741,Cash,48,4.3,3.7
2024-07-11 07:59:00,CNR8551074875,Canceled by Driver,CID958553,Prime SUV,Bannerghatta Road,Varthur,,,Not Applicable,Customer related issue,Not Applicable,Not Applicable,390,Not Applicable,0,,
2024-07-13 04:22:00,CNR3986531958,Success,CID384162,Prime Sedan,Bannerghatta Road,BTM Layout,210.0,80.0,Not Applicable,Not Applicable,No,Not Applicable,183,UPI,37,4.0,3.3
2024-07-20 10:52:00,CNR5070035601,Success,CID279553,Prime Plus,HSR Layout,JP Nagar,224.0,95.0,Not Applicable,Not Applicable,No,Not Applicable,792,Cash,13,3.8,3.3
2024-07-12 15:29:00,CNR4805672658,Canceled by Driver,CID781060,Prime Sedan,Peenya,Basavanagudi,,,Not Applicable,Customer related issue,Not Applicable,Not Applicable,1741,Not Applicable,0,,
2024-07-17 05:26:00,CNR1047787782,Driver Not Found,CID747697,Prime Sedan,Hennur,Koramangala,,,Not Applicable,Not Applicable,Not Applicable,Not Applicable,277,Not Applicable,0,,
2024-07-11 12:05:00,CNR6673159284,Canceled by Customer,CID389551,eBike,Vijayanagar,Peenya,,,Change of plans,Not Applicable,Not Applicable,Not Applicable,525,Not Applicable,0,,
2024-07-14 13:28:00,CNR4932216720,Success,CID353074,Prime Plus,Yelahanka,KR Puram,133.0,120.0,Not Applicable,Not Applicable,No,Not Applicable,2841,Cash,4,3.9,4.5
2024-07-19 08:50:00,CNR4295837462,Success,CID885045,Bike,Electronic City,Banashankari,147.0,75.0,Not Applicable,Not Applicable,No,Not Applicable,384,Cash,20,4.5,4.8
2024-07-07 06:10:00,CNR3771954475,Success,CID238579,Bike,Peenya,Kengeri,301.0,100.0,Not Applicable,Not Applicable,No,Not Applicable,187,Cash,37,3.3,4.1
2024-07-20 12:39:00,CNR5111945861,Success,CID611988,Mini,Indiranagar,Richmond Town,91.0,125.0,Not Applicable,Not Applicable,No,Not Applicable,110,UPI,13,4.4,3.4
2024-07-12 09:10:00,CNR6657733483,Canceled by Driver,CID650207,Prime SUV,Varthur,Hosur Road,,,Not Applicable,Personal & Car related issue,Not Applicable,Not Applicable,291,Not Applicable,0,,
2024-07-09 23:04:00,CNR3520341911,Success,CID929238,Bike,Malleshwaram,HSR Layout,245.0,120.0,Not Applicable,Not Applicable,No,Not Applicable,297,Cash,14,3.2,3.5
2024-07-25 22:17:00,CNR2047540281,Success,CID904112,Mini,Hulimavu,Langford Town,168.0,30.0,Not Applicable,Not Applicable,No,Not Applicable,262,Cash,3,4.5,3.7
2024-07-01 20:16:00,CNR3156153779,Success,CID488576,Auto,Cox Town,Peenya,49.0,105.0,Not Applicable,Not Applicable,No,Not Applicable,985,UPI,4,4.7,4.8
2024-07-26 18:59:00,CNR1766386244,Success,CID129231,eBike,Langford Town,Hosur Road,231.0,35.0,Not Applicable,Not Applicable,No,Not Applicable,330,Cash,29,4.5,4.3
2024-07-26 05:08:00,CNR5826908135,Success,CID517284,Bike,Rajarajeshwari Nagar,Hosur Road,217.0,110.0,Not Applicable,Not Applicable,No,Not Applicable,410,Cash,18,4.4,3.9
2024-07-01 09:31:00,CNR2811523519,Success,CID254061,Prime SUV,Malleshwaram,Jayanagar,175.0,45.0,Not Applicable,Not Applicable,No,Not Applicable,244,Cash,27,4.5,3.8
2024-07-21 16:33:00,CNR7227358276,Success,CID327135,Mini,Frazer Town,Majestic,259.0,65.0,Not Applicable,Not Applicable,No,Not Applicable,1883,Cash,26,3.5,4.5
2024-07-03 09:12:00,CNR6370122773,Success,CID790048,Bike,Nagarbhavi,Basavanagudi,245.0,45.0,Not Applicable,Not Applicable,No,Not Applicable,495,Cash,47,3.3,4.6
2024-07-20 12:35:00,CNR1085763856,Success,CID562396,Auto,Ulsoor,Cox Town,175.0,30.0,Not Applicable,Not Applicable,Yes,Other Issue,1184,Debit Card,9,4.6,4.2
2024-07-07 15:39:00,CNR8427698393,Success,CID932396,Prime Plus,Varthur,Chamarajpet,42.0,45.0,Not Applicable,Not Applicable,No,Not Applicable,149,Cash,29,4.4,3.3
2024-07-16 23:23:00,CNR6625291331,Canceled by Customer,CID233192,Prime Sedan,Jayanagar,RT Nagar,,,Driver asked to cancel,Not Applicable,Not Applicable,Not Applicable,928,Not Applicable,0,,
2024-07-13 01:15:00,CNR8390956889,Canceled by Customer,CID391535,Prime Plus,RT Nagar,Whitefield,,,Change of plans,Not Applicable,Not Applicable,Not Applicable,444,Not Applicable,0,,
2024-07-02 06:00:00,CNR6416317478,Success,CID662505,Prime Plus,KR Puram,Kadugodi,84.0,110.0,Not Applicable,Not Applicable,No,Not Applicable,305,Cash,2,3.2,3.1
2024-07-15 16:32:00,CNR9045899424,Canceled by Driver,CID167003,Bike,Shantinagar,Shantinagar,,,Not Applicable,More than permitted people in there,Not Applicable,Not Applicable,328,Not Applicable,0,,
2024-07-02 17:02:00,CNR9417984686,Success,CID688869,Bike,Kammanahalli,KR Puram,133.0,40.0,Not Applicable,Not Applicable,No,Not Applicable,100,UPI,16,4.9,3.1
2024-07-11 22:44:00,CNR5726591876,Canceled by Driver,CID199674,Prime SUV,Indiranagar,KR Puram,,,Not Applicable,Customer was coughing/sick,Not Applicable,Not Applicable,841,Not Applicable,0,,
2024-07-16 17:49:00,CNR2590472548,Success,CID980565,Prime Sedan,Hosur Road,Ulsoor,140.0,70.0,Not Applicable,Not Applicable,No,Not Applicable,645,UPI,42,3.5,4.2
2024-07-10 06:46:00,CNR8241996210,Canceled by Driver,CID314174,Auto,Chamarajpet,Bellandur,,,Not Applicable,Customer related issue,Not Applicable,Not Applicable,677,Not Applicable,0,,
2024-07-21 06:39:00,CNR1522919788,Driver Not Found,CID441219,Prime Sedan,Shantinagar,Chamarajpet,,,Not Applicable,Not Applicable,Not Applicable,Not Applicable,231,Not Applicable,0,,
2024-07-23 02:29:00,CNR2092652516,Canceled by Driver,CID128183,Prime Plus,Yeshwanthpur,Varthur,,,Not Applicable,Personal & Car related issue,Not Applicable,Not Applicable,702,Not Applicable,0,,
2024-07-11 05:58:00,CNR6817745688,Canceled by Customer,CID247739,Prime Sedan,Sahakar Nagar,Ramamurthy Nagar,,,AC is Not working,Not Applicable,Not Applicable,Not Applicable,360,Not Applicable,0,,
2024-07-27 08:50:00,CNR3367916855,Driver Not Found,CID336951,Auto,Bannerghatta Road,Kengeri,,,Not Applicable,Not Applicable,Not Applicable,Not Applicable,1102,Not Applicable,0,,
2024-07-25 00:51:00,CNR7430711190,Success,CID632377,eBike,Langford Town,KR Puram,301.0,90.0,Not Applicable,Not Applicable,No,Not Applicable,120,UPI,3,4.1,4.7
2024-07-28 12:44:00,CNR9243317574,Canceled by Driver,CID958779,Bike,Bellandur,MG Road,,,Not Applicable,Personal & Car related issue,Not Applicable,Not Applicable,384,Not Applicable,0,,
2024-07-30 12:32:00,CNR7697015175,Canceled by Driver,CID301356,Auto,MG Road,RT Nagar,,,Not Applicable,Customer was coughing/sick,Not Applicable,Not Applicable,120,Not Applicable,0,,
2024-07-22 00:18:00,CNR7109828126,Success,CID903094,Prime Sedan,Hosur Road,Frazer Town,140.0,100.0,Not Applicable,Not Applicable,No,Not Applicable,457,UPI,13,3.5,3.5
2024-07-23 00:12:00,CNR7968869092,Success,CID560508,Bike,Hulimavu,Bellandur,189.0,80.0,Not Applicable,Not Applicable,Yes,Customer Demand,536,Cash,9,4.1,4.8
2024-07-21 14:43:00,CNR2598951337,Success,CID963586,Prime SUV,Bannerghatta Road,Kammanahalli,140.0,35.0,Not Applicable,Not Applicable,No,Not Applicable,453,Cash,9,4.2,3.7
2024-07-17 15:56:00,CNR6179229665,Driver Not Found,CID491712,Mini,Whitefield,Malleshwaram,,,Not Applicable,Not Applicable,Not Applicable,Not Applicable,1495,Not Applicable,0,,
2024-07-08 03:57:00,CNR8354587327,Canceled by Customer,CID472046,Prime Sedan,Varthur,Rajarajeshwari Nagar,,,Driver asked to cancel,Not Applicable,Not Applicable,Not Applicable,286,Not Applicable,0,,
2024-07-21 14:31:00,CNR5653188780,Success,CID260093,Bike,Langford Town,Yelahanka,196.0,120.0,Not Applicable,Not Applicable,No,Not Applicable,613,Cash,26,3.2,4.9
2024-07-30 21:41:00,CNR6853672590,Success,CID943641,Prime SUV,Majestic,Cox Town,224.0,85.0,Not Applicable,Not Applicable,No,Not Applicable,782,Debit Card,34,4.1,3.0
2024-07-22 14:40:00,CNR4128108323,Canceled by Customer,CID529250,Prime Plus,Padmanabhanagar,KR Puram,,,Change of plans,Not Applicable,Not Applicable,Not Applicable,238,Not Applicable,0,,
2024-07-04 01:47:00,CNR1082827124,Success,CID580863,Prime Plus,Bannerghatta Road,Whitefield,105.0,60.0,Not Applicable,Not Applicable,No,Not Applicable,186,Cash,34,4.1,3.9
2024-07-17 04:26:00,CNR4089546334,Success,CID435373,Prime SUV,Electronic City,Kadugodi,91.0,70.0,Not Applicable,Not Applicable,No,Not Applicable,417,Cash,4,3.1,3.6
2024-07-01 09:34:00,CNR7901978294,Success,CID323885,Prime SUV,HSR Layout,Kadugodi,203.0,35.0,Not Applicable,Not Applicable,No,Not Applicable,124,UPI,49,4.8,4.7
2024-07-18 16:13:00,CNR8649061295,Success,CID550686,Prime SUV,Hosur Road,RT Nagar,189.0,145.0,Not Applicable,Not Applicable,No,Not Applicable,581,Cash,32,4.1,3.6
2024-07-18 16:57:00,CNR4004014081,Success,CID873592,Prime SUV,Hennur,MG Road,112.0,75.0,Not Applicable,Not Applicable,Yes,Customer Demand,714,Cash,23,3.1,3.7
2024-07-22 04:18:00,CNR5590247940,Success,CID744353,eBike,Devanahalli,Koramangala,182.0,135.0,Not Applicable,Not Applicable,No,Not Applicable,370,UPI,11,4.0,3.9
2024-07-09 05:41:00,CNR4605601809,Canceled by Customer,CID645906,Prime Sedan,MG Road,Banashankari,,,Change of plans,Not Applicable,Not Applicable,Not Applicable,104,Not Applicable,0,,
2024-07-18 04:59:00,CNR7052352832,Success,CID724116,Prime Sedan,Malleshwaram,Hebbal,189.0,40.0,Not Applicable,Not Applicable,Yes,Customer Demand,252,UPI,34,3.9,4.5
2024-07-13 20:17:00,CNR6701987331,Success,CID618619,Prime Sedan,Yeshwanthpur,BTM Layout,182.0,110.0,Not Applicable,Not Applicable,No,Not Applicable,104,UPI,37,3.4,4.4
2024-07-19 12:59:00,CNR5705351325,Success,CID892089,Prime Plus,Ulsoor,Malleshwaram,308.0,95.0,Not Applicable,Not Applicable,No,Not Applicable,181,Cash,12,3.1,3.0
2024-07-02 11:44:00,CNR2296392263,Canceled by Customer,CID242192,Auto,JP Nagar,Bannerghatta Road,,,Driver is not moving towards pickup location,Not Applicable,Not Applicable,Not Applicable,239,Not Applicable,0,,
2024-07-08 03:40:00,CNR9718008060,Driver Not Found,CID880667,Auto,Varthur,RT Nagar,,,Not Applicable,Not Applicable,Not Applicable,Not Applicable,423,Not Applicable,0,,
2024-07-20 01:59:00,CNR3948553166,Canceled by Customer,CID602128,Prime SUV,Mysore Road,Chickpet,,,AC is Not working,Not Applicable,Not Applicable,Not Applicable,450,Not Applicable,0,,
2024-07-05 05:09:00,CNR6142236704,Success,CID133292,Prime Sedan,Yelahanka,Yelahanka,105.0,125.0,Not Applicable,Not Applicable,No,Not Applicable,857,UPI,12,3.5,4.3
2024-07-16 19:11:00,CNR4980004586,Success,CID701843,Prime Sedan,Varthur,Langford Town,133.0,105.0,Not Applicable,Not Applicable,No,Not Applicable,357,UPI,4,4.4,4.0
2024-07-08 10:21:00,CNR6984510305,Canceled by Driver,CID739124,Auto,Majestic,Shantinagar,,,Not Applicable,Personal & Car related issue,Not Applicable,Not Applicable,291,Not Applicable,0,,
2024-07-05 02:24:00,CNR6175664134,Canceled by Driver,CID401049,eBike,Yelahanka,Sarjapur Road,,,Not Applicable,Personal & Car related issue,Not Applicable,Not Applicable,491,Not Applicable,0,,
2024-07-23 17:42:00,CNR7708328712,Canceled by Customer,CID778959,Prime Sedan,Vijayanagar,Sahakar Nagar,,,AC is Not working,Not Applicable,Not Applicable,Not Applicable,134,Not Applicable,0,,
2024-07-27 23:44:00,CNR3110024297,Success,CID264884,Mini,Cox Town,KR Puram,35.0,45.0,Not Applicable,Not Applicable,Yes,Customer Demand,674,Cash,34,3.9,5.0
2024-07-11 16:57:00,CNR2253018202,Success,CID175514,Prime SUV,MG Road,Nagarbhavi,70.0,75.0,Not Applicable,Not Applicable,No,Not Applicable,206,Cash,49,3.8,4.5
2024-07-21 13:26:00,CNR8998824447,Canceled by Driver,CID959812,Prime Sedan,JP Nagar,RT Nagar,,,Not Applicable,Customer related issue,Not Applicable,Not Applicable,127,Not Applicable,0,,
2024-07-25 13:44:00,CNR7611262983,Success,CID973305,Bike,Rajajinagar,Indiranagar,217.0,95.0,Not Applicable,Not Applicable,No,Not Applicable,2161,Cash,47,4.9,4.2
2024-07-26 08:06:00,CNR9735560498,Canceled by Customer,CID962402,Prime Plus,Jayanagar,HSR Layout,,,Change of plans,Not Applicable,Not Applicable,Not Applicable,1748,Not Applicable,0,,
2024-07-04 03:43:00,CNR5491190129,Success,CID628108,Bike,Varthur,Marathahalli,273.0,50.0,Not Applicable,Not Applicable,No,Not Applicable,923,Cash,29,4.2,4.6
2024-07-19 00:04:00,CNR7954062192,Success,CID843474,eBike,Varthur,JP Nagar,77.0,90.0,Not Applicable,Not Applicable,No,Not Applicable,1444,Cash,42,3.5,4.6
2024-07-25 08:53:00,CNR4705620670,Success,CID461881,Prime SUV,Koramangala,Kammanahalli,196.0,95.0,Not Applicable,Not Applicable,No,Not Applicable,445,Cash,8,4.8,3.5
2024-07-28 22:11:00,CNR9370119401,Success,CID741071,Prime Sedan,Magadi Road,Sahakar Nagar,98.0,110.0,Not Applicable,Not Applicable,No,Not Applicable,421,Credit Card,3,4.6,4.2
2024-07-20 22:02:00,CNR1063430089,Success,CID807662,Mini,Chamarajpet,Peenya,161.0,100.0,Not Applicable,Not Applicable,No,Not Applicable,776,UPI,38,3.2,4.3
2024-07-05 07:21:00,CNR2677658927,Canceled by Customer,CID486647,Mini,Frazer Town,Sarjapur Road,,,Driver asked to cancel,Not Applicable,Not Applicable,Not Applicable,309,Not Applicable,0,,
2024-07-25 06:15:00,CNR5613139781,Success,CID926624,Auto,Magadi Road,Frazer Town,77.0,145.0,Not Applicable,Not Applicable,No,Not Applicable,192,Cash,2,4.6,3.0
2024-07-07 18:51:00,CNR1015434106,Success,CID337622,Prime Sedan,Tumkur Road,Basavanagudi,287.0,105.0,Not Applicable,Not Applicable,No,Not Applicable,179,Cash,26,3.6,4.9
2024-07-11 01:22:00,CNR4144333913,Success,CID368273,Auto,MG Road,Ramamurthy Nagar,133.0,70.0,Not Applicable,Not Applicable,No,Not Applicable,941,UPI,10,3.6,3.1
2024-07-03 08:19:00,CNR8548562238,Success,CID673203,Prime Sedan,Jayanagar,Sarjapur Road,112.0,85.0,Not Applicable,Not Applicable,No,Not Applicable,173,Cash,27,4.0,3.9
2024-07-22 04:57:00,CNR5381451154,Success,CID740267,Prime Plus,Whitefield,Kadugodi,133.0,145.0,Not Applicable,Not Applicable,No,Not Applicable,2232,Cash,31,4.2,4.1
2024-07-01 13:38:00,CNR8503256744,Canceled by Customer,CID114003,Prime Sedan,Bannerghatta Road,Devanahalli,,,Change of plans,Not Applicable,Not Applicable,Not Applicable,553,Not Applicable,0,,
2024-07-30 16:45:00,CNR1748088208,Canceled by Driver,CID745243,Prime Plus,Tumkur Road,JP Nagar,,,Not Applicable,Personal & Car related issue,Not Applicable,Not Applicable,859,Not Applicable,0,,
2024-07-12 01:33:00,CNR5769951759,Success,CID575017,Prime SUV,Ramamurthy Nagar,Devanahalli,133.0,30.0,Not Applicable,Not Applicable,No,Not Applicable,337,UPI,28,4.6,4.7
2024-07-15 17:24:00,CNR9652285080,Success,CID713742,Bike,Yelahanka,Jayanagar,301.0,90.0,Not Applicable,Not Applicable,No,Not Applicable,222,UPI,36,4.3,4.2
2024-07-26 23:01:00,CNR8231190795,Driver Not Found,CID972532,Prime Sedan,Frazer Town,Varthur,,,Not Applicable,Not Applicable,Not Applicable,Not Applicable,1471,Not Applicable,0,,
2024-07-23 04:49:00,CNR3579243194,Canceled by Driver,CID794675,Prime Plus,Kammanahalli,Majestic,,,Not Applicable,Customer related issue,Not Applicable,Not Applicable,302,Not Applicable,0,,
2024-07-27 12:31:00,CNR2543817417,Canceled by Driver,CID222298,Prime SUV,Chamarajpet,Richmond Town,,,Not Applicable,Customer was coughing/sick,Not Applicable,Not Applicable,378,Not Applicable,0,,
2024-07-28 16:37:00,CNR6329793131,Success,CID784537,Mini,Ramamurthy Nagar,Sarjapur Road,126.0,95.0,Not Applicable,Not Applicable,No,Not Applicable,287,UPI,10,4.7,4.0
2024-07-01 03:55:00,CNR8200453844,Success,CID789124,Prime SUV,Banashankari,Sarjapur Road,147.0,50.0,Not Applicable,Not Applicable,No,Not Applicable,295,Cash,27,3.3,5.0
2024-07-04 05:37:00,CNR9948486660,Success,CID796973,Auto,Basavanagudi,Chickpet,301.0,135.0,Not Applicable,Not Applicable,No,Not Applicable,424,Cash,4,3.1,3.2
2024-07-16 23:42:00,CNR8399823404,Canceled by Customer,CID921208,eBike,Peenya,Whitefield,,,Driver is not moving towards pickup location,Not Applicable,Not Applicable,Not Applicable,619,Not Applicable,0,,
2024-07-16 10:05:00,CNR5110068343,Success,CID247965,Prime Sedan,Frazer Town,Electronic City,266.0,135.0,Not Applicable,Not Applicable,No,Not Applicable,281,Cash,29,3.7,4.6
2024-07-04 00:17:00,CNR8237106634,Canceled by Customer,CID831417,Mini,Frazer Town,Marathahalli,,,Driver asked to cancel,Not Applicable,Not Applicable,Not Applicable,2597,Not Applicable,0,,
2024-07-12 18:17:00,CNR4538623337,Success,CID473270,Prime Sedan,Kadugodi,Banashankari,294.0,105.0,Not Applicable,Not Applicable,No,Not Applicable,220,Cash,6,3.5,4.5
2024-07-04 07:28:00,CNR5704638694,Canceled by Driver,CID278657,Prime Plus,Varthur,Yelahanka,,,Not Applicable,Personal & Car related issue,Not Applicable,Not Applicable,451,Not Applicable,0,,
2024-07-25 15:27:00,CNR4153043377,Success,CID159060,eBike,MG Road,Shantinagar,126.0,130.0,Not Applicable,Not Applicable,No,Not Applicable,111,UPI,43,3.9,4.1
2024-07-12 10:28:00,CNR7079905133,Success,CID688591,eBike,Sahakar Nagar,Chickpet,280.0,105.0,Not Applicable,Not Applicable,No,Not Applicable,508,UPI,7,3.1,3.1
2024-07-25 07:50:00,CNR8675133868,Canceled by Customer,CID265466,eBike,Chickpet,BTM Layout,,,AC is Not working,Not Applicable,Not Applicable,Not Applicable,2752,Not Applicable,0,,
2024-07-28 16:02:00,CNR1904221684,Driver Not Found,CID877087,Prime SUV,Rajajinagar,HSR Layout,,,Not Applicable,Not Applicable,Not Applicable,Not Applicable,403,Not Applicable,0,,
2024-07-10 16:08:00,CNR3537793775,Canceled by Customer,CID593250,Bike,Marathahalli,Bellandur,,,Driver is not moving towards pickup location,Not Applicable,Not Applicable,Not Applicable,172,Not Applicable,0,,
2024-07-18 21:49:00,CNR2645125584,Canceled by Customer,CID403274,Prime Plus,Rajajinagar,Hebbal,,,Driver asked to cancel,Not Applicable,Not Applicable,Not Applicable,412,Not Applicable,0,,
2024-07-04 13:54:00,CNR1879769588,Success,CID646158,Prime Sedan,Peenya,Chickpet,126.0,140.0,Not Applicable,Not Applicable,No,Not Applicable,331,UPI,5,3.1,4.1
2024-07-01 01:24:00,CNR7932582487,Canceled by Driver,CID574823,Bike,Yelahanka,RT Nagar,,,Not Applicable,More than permitted people in there,Not Applicable,Not Applicable,916,Not Applicable,0,,
2024-07-15 16:53:00,CNR5256017611,Driver Not Found,CID335495,Prime SUV,Banashankari,Rajarajeshwari Nagar,,,Not Applicable,Not Applicable,Not Applicable,Not Applicable,1809,Not Applicable,0,,
2024-07-25 01:14:00,CNR6220332147,Success,CID229577,Auto,Yelahanka,Chamarajpet,84.0,135.0,Not Applicable,Not Applicable,No,Not Applicable,312,Debit Card,15,3.1,4.7
2024-07-29 01:13:00,CNR7013160866,Success,CID593865,Auto,Chamarajpet,Bannerghatta Road,308.0,60.0,Not Applicable,Not Applicable,No,Not Applicable,461,Cash,2,3.9,4.4
2024-07-29 12:34:00,CNR9846612470,Success,CID544118,Mini,Hosur Road,Chamarajpet,196.0,40.0,Not Applicable,Not Applicable,No,Not Applicable,725,Cash,16,4.6,3.4
2024-07-28 09:47:00,CNR9492524698,Canceled by Driver,CID977717,Prime SUV,Electronic City,Tumkur Road,,,Not Applicable,Customer related issue,Not Applicable,Not Applicable,485,Not Applicable,0,,
2024-07-06 13:48:00,CNR8048924113,Success,CID356550,Prime Plus,Nagarbhavi,Kengeri,182.0,100.0,Not Applicable,Not Applicable,Yes,Vehicle Breakdown,776,UPI,47,4.0,3.2
2024-07-01 01:03:00,CNR1057701922,Success,CID915319,eBike,Vijayanagar,Tumkur Road,63.0,90.0,Not Applicable,Not Applicable,No,Not Applicable,147,UPI,22,4.0,3.9
2024-07-11 04:48:00,CNR1619088074,Canceled by Driver,CID745256,Bike,Rajarajeshwari Nagar,Indiranagar,,,Not Applicable,More than permitted people in there,Not Applicable,Not Applicable,283,Not Applicable,0,,
2024-07-07 14:09:00,CNR8423132258,Success,CID286292,eBike,Sarjapur Road,Ulsoor,189.0,100.0,Not Applicable,Not Applicable,No,Not Applicable,2635,Cash,21,4.1,3.6
2024-07-26 05:01:00,CNR7263281220,Canceled by Customer,CID334246,eBike,Yeshwanthpur,Kadugodi,,,Driver asked to cancel,Not Applicable,Not Applicable,Not Applicable,224,Not Applicable,0,,
2024-07-04 15:31:00,CNR1263611221,Canceled by Driver,CID945468,Mini,Bellandur,Koramangala,,,Not Applicable,Customer related issue,Not Applicable,Not Applicable,468,Not Applicable,0,,
2024-07-03 01:25:00,CNR8833864736,Success,CID144893,Prime Sedan,RT Nagar,MG Road,182.0,75.0,Not Applicable,Not Applicable,No,Not Applicable,2408,Cash,26,3.8,4.8
2024-07-20 13:56:00,CNR8595250410,Success,CID836942,Prime Sedan,Sarjapur Road,Kadugodi,273.0,135.0,Not Applicable,Not Applicable,No,Not Applicable,1901,Cash,46,3.8,3.0
2024-07-11 01:57:00,CNR2630636725,Driver Not Found,CID300607,Prime SUV,MG Road,Jayanagar,,,Not Applicable,Not Applicable,Not Applicable,Not Applicable,412,Not Applicable,0,,
2024-07-19 10:08:00,CNR6873938538,Success,CID570696,Mini,Varthur,Sarjapur Road,259.0,70.0,Not Applicable,Not Applicable,No,Not Applicable,275,Cash,21,3.2,3.6
2024-07-19 09:46:00,CNR2057508783,Canceled by Driver,CID116966,Mini,Malleshwaram,Mysore Road,,,Not Applicable,Customer related issue,Not Applicable,Not Applicable,991,Not Applicable,0,,
2024-07-23 23:54:00,CNR7760184362,Canceled by Driver,CID929040,Prime Plus,Vijayanagar,Sahakar Nagar,,,Not Applicable,Customer was coughing/sick,Not Applicable,Not Applicable,2388,Not Applicable,0,,
2024-07-30 05:07:00,CNR2597363564,Success,CID368771,Bike,Mysore Road,Hulimavu,126.0,75.0,Not Applicable,Not Applicable,Yes,Customer Demand,435,Cash,39,4.2,3.5
2024-07-06 01:30:00,CNR3677428544,Canceled by Customer,CID760094,Bike,Whitefield,Devanahalli,,,Driver is not moving towards pickup location,Not Applicable,Not Applicable,Not Applicable,384,Not Applicable,0,,
2024-07-14 14:34:00,CNR5827071128,Success,CID500267,Mini,HSR Layout,KR Puram,168.0,75.0,Not Applicable,Not Applicable,No,Not Applicable,306,Cash,45,4.9,4.5
2024-07-12 08:21:00,CNR9727132371,Success,CID883613,Mini,Banashankari,Rajajinagar,126.0,120.0,Not Applicable,Not Applicable,No,Not Applicable,1762,Cash,1,5.0,4.7
2024-07-07 02:50:00,CNR9050118776,Success,CID650590,eBike,MG Road,Chickpet,189.0,105.0,Not Applicable,Not Applicable,No,Not Applicable,566,Cash,42,4.6,4.6
2024-07-21 17:44:00,CNR6965246991,Success,CID843177,Mini,Majestic,Cox Town,49.0,110.0,Not Applicable,Not Applicable,No,Not Applicable,163,Cash,18,3.7,4.1
2024-07-09 14:04:00,CNR6099445561,Success,CID162780,Prime Plus,Magadi Road,Jayanagar,238.0,75.0,Not Applicable,Not Applicable,No,Not Applicable,675,Cash,43,4.3,4.9
2024-07-24 02:51:00,CNR3287141201,Canceled by Driver,CID253918,Prime Plus,Mysore Road,Yelahanka,,,Not Applicable,More than permitted people in there,Not Applicable,Not Applicable,215,Not Applicable,0,,
2024-07-10 08:07:00,CNR6756519391,Canceled by Driver,CID905317,Auto,Rajajinagar,Tumkur Road,,,Not Applicable,Personal & Car related issue,Not Applicable,Not Applicable,175,Not Applicable,0,,
2024-07-13 10:21:00,CNR3876047013,Success,CID273164,Auto,Mysore Road,Majestic,91.0,110.0,Not Applicable,Not Applicable,No,Not Applicable,680,UPI,8,3.8,3.7
2024-07-13 11:35:00,CNR3231899335,Success,CID834205,Auto,Richmond Town,Frazer Town,126.0,125.0,Not Applicable,Not Applicable,No,Not Applicable,438,Cash,15,4.2,4.2
2024-07-04 15:08:00,CNR8033014539,Canceled by Customer,CID399938,Prime Sedan,Banashankari,Hulimavu,,,Change of plans,Not Applicable,Not Applicable,Not Applicable,554,Not Applicable,0,,
2024-07-25 03:53:00,CNR6281440516,Success,CID453776,Auto,Vijayanagar,Bellandur,105.0,35.0,Not Applicable,Not Applicable,Yes,Customer Demand,152,UPI,14,3.3,3.1
2024-07-26 22:18:00,CNR2991995617,Driver Not Found,CID721892,Bike,Bannerghatta Road,Vijayanagar,,,Not Applicable,Not Applicable,Not Applicable,Not Applicable,459,Not Applicable,0,,
2024-07-21 15:21:00,CNR3880492652,Success,CID673418,Prime SUV,Whitefield,Padmanabhanagar,224.0,25.0,Not Applicable,Not Applicable,Yes,Vehicle Breakdown,312,Cash,33,4.8,4.4
2024-07-12 00:30:00,CNR1829002430,Success,CID362114,eBike,Chamarajpet,KR Puram,259.0,110.0,Not Applicable,Not Applicable,No,Not Applicable,189,Credit Card,31,4.7,3.6
2024-07-06 12:42:00,CNR5589614402,Success,CID900531,Prime Sedan,Langford Town,Yelahanka,308.0,90.0,Not Applicable,Not Applicable,No,Not Applicable,864,UPI,2,4.9,3.0
2024-07-16 01:36:00,CNR3081625401,Canceled by Driver,CID272229,Bike,Basavanagudi,BTM Layout,,,Not Applicable,Customer was coughing/sick,Not Applicable,Not Applicable,404,Not Applicable,0,,
2024-07-25 08:33:00,CNR4182895005,Canceled by Customer,CID504875,Mini,Basavanagudi,Nagarbhavi,,,Wrong Address,Not Applicable,Not Applicable,Not Applicable,121,Not Applicable,0,,
2024-07-16 21:30:00,CNR5074989234,Success,CID292472,eBike,MG Road,Kengeri,161.0,115.0,Not Applicable,Not Applicable,No,Not Applicable,478,Credit Card,1,4.9,4.2
2024-07-01 09:27:00,CNR9835791274,Canceled by Customer,CID587870,Bike,Yelahanka,Sarjapur Road,,,Change of plans,Not Applicable,Not Applicable,Not Applicable,264,Not Applicable,0,,
2024-07-02 00:57:00,CNR5811851265,Success,CID373828,Prime Plus,Peenya,KR Puram,210.0,100.0,Not Applicable,Not Applicable,No,Not Applicable,497,UPI,28,3.7,3.6
2024-07-30 23:19:00,CNR5480589270,Success,CID696338,Prime SUV,Padmanabhanagar,Ulsoor,133.0,75.0,Not Applicable,Not Applicable,No,Not Applicable,1334,UPI,43,3.8,4.5
2024-07-20 02:58:00,CNR7820579617,Canceled by Driver,CID913617,Auto,Sarjapur Road,Sahakar Nagar,,,Not Applicable,Personal & Car related issue,Not Applicable,Not Applicable,646,Not Applicable,0,,
2024-07-12 18:56:00,CNR1209656922,Success,CID214932,eBike,KR Puram,Frazer Town,105.0,40.0,Not Applicable,Not Applicable,Yes,Other Issue,421,Cash,31,3.7,4.4
2024-07-25 11:00:00,CNR8749010050,Success,CID427801,Prime Plus,Jayanagar,Indiranagar,308.0,55.0,Not Applicable,Not Applicable,No,Not Applicable,233,Cash,21,4.3,4.7
2024-07-10 09:06:00,CNR5011562076,Success,CID193637,Prime Sedan,HSR Layout,Hulimavu,217.0,105.0,Not Applicable,Not Applicable,No,Not Applicable,479,Cash,11,3.6,4.7
2024-07-29 06:19:00,CNR4489060739,Canceled by Driver,CID394745,Bike,Koramangala,Banashankari,,,Not Applicable,Customer related issue,Not Applicable,Not Applicable,966,Not Applicable,0,,
2024-07-27 15:10:00,CNR4884609047,Success,CID452347,eBike,Yelahanka,Devanahalli,182.0,130.0,Not Applicable,Not Applicable,No,Not Applicable,231,Cash,32,4.8,4.5
2024-07-07 10:34:00,CNR8056115450,Success,CID239413,eBike,Whitefield,Peenya,252.0,50.0,Not Applicable,Not Applicable,No,Not Applicable,256,Cash,45,3.2,4.1
2024-07-30 21:13:00,CNR5038613753,Success,CID419832,Prime Sedan,Hulimavu,Jayanagar,140.0,60.0,Not Applicable,Not Applicable,No,Not Applicable,119,Cash,21,3.9,4.7
2024-07-13 20:32:00,CNR6809521457,Success,CID615699,eBike,Langford Town,Hebbal,84.0,35.0,Not Applicable,Not Applicable,No,Not Applicable,482,Cash,18,4.2,3.8
2024-07-09 17:50:00,CNR4364382646,Driver Not Found,CID925259,Prime SUV,Bellandur,Banashankari,,,Not Applicable,Not Applicable,Not Applicable,Not Applicable,280,Not Applicable,0,,
2024-07-19 00:13:00,CNR3248285956,Success,CID635751,Prime SUV,Chickpet,Tumkur Road,287.0,100.0,Not Applicable,Not Applicable,No,Not Applicable,124,Cash,7,3.6,4.9
2024-07-10 06:20:00,CNR7567438409,Canceled by Driver,CID299246,eBike,Majestic,Nagarbhavi,,,Not Applicable,More than permitted people in there,Not Applicable,Not Applicable,158,Not Applicable,0,,
2024-07-14 13:12:00,CNR8238032031,Driver Not Found,CID208424,Mini,Hebbal,Mysore Road,,,Not Applicable,Not Applicable,Not Applicable,Not Applicable,573,Not Applicable,0,,
2024-07-17 06:33:00,CNR7009627841,Canceled by Customer,CID986732,Auto,Ramamurthy Nagar,Shantinagar,,,Driver asked to cancel,Not Applicable,Not Applicable,Not Applicable,322,Not Applicable,0,,
2024-07-08 20:43:00,CNR7430239050,Driver Not Found,CID130633,Prime Plus,BTM Layout,Electronic City,,,Not Applicable,Not Applicable,Not Applicable,Not Applicable,791,Not Applicable,0,,
2024-07-19 01:25:00,CNR3558946186,Success,CID331918,Prime SUV,Kammanahalli,Chamarajpet,273.0,80.0,Not Applicable,Not Applicable,No,Not Applicable,443,UPI,49,4.7,3.6
2024-07-22 04:11:00,CNR3443016080,Success,CID172960,Prime SUV,Koramangala,Rajarajeshwari Nagar,308.0,40.0,Not Applicable,Not Applicable,No,Not Applicable,194,UPI,42,4.1,3.1
2024-07-25 00:32:00,CNR9176692818,Success,CID585812,eBike,Tumkur Road,Chamarajpet,56.0,45.0,Not Applicable,Not Applicable,Yes,Other Issue,506,UPI,1,3.9,4.2
2024-07-30 11:04:00,CNR4502609752,Success,CID120076,Auto,Sahakar Nagar,Marathahalli,182.0,145.0,Not Applicable,Not Applicable,No,Not Applicable,345,UPI,4,4.7,4.3
2024-07-09 00:19:00,CNR6381538993,Success,CID507210,Mini,Devanahalli,Shantinagar,147.0,80.0,Not Applicable,Not Applicable,No,Not Applicable,115,Cash,20,3.4,4.6
2024-07-09 17:58:00,CNR3809862323,Canceled by Driver,CID375582,eBike,Bellandur,Kammanahalli,,,Not Applicable,Customer related issue,Not Applicable,Not Applicable,478,Not Applicable,0,,
2024-07-03 22:19:00,CNR9376481775,Canceled by Driver,CID952028,Auto,MG Road,Langford Town,,,Not Applicable,Customer related issue,Not Applicable,Not Applicable,934,Not Applicable,0,,
2024-07-03 15:21:00,CNR2055202053,Canceled by Driver,CID499798,Bike,Rajajinagar,BTM Layout,,,Not Applicable,Customer was coughing/sick,Not Applicable,Not Applicable,105,Not Applicable,0,,
2024-07-04 09:58:00,CNR5037634200,Success,CID837723,Mini,Banashankari,Bellandur,56.0,75.0,Not Applicable,Not Applicable,No,Not Applicable,292,Cash,48,4.5,4.8
2024-07-08 11:48:00,CNR4957595022,Canceled by Customer,CID608958,Auto,Basavanagudi,Chickpet,,,Wrong Address,Not Applicable,Not Applicable,Not Applicable,400,Not Applicable,0,,
2024-07-11 06:06:00,CNR5615704830,Success,CID466708,Prime SUV,Ramamurthy Nagar,Varthur,168.0,25.0,Not Applicable,Not Applicable,No,Not Applicable,459,Cash,30,4.4,4.9
2024-07-23 02:14:00,CNR5323881473,Success,CID988848,Prime SUV,Indiranagar,Varthur,203.0,45.0,Not Applicable,Not Applicable,No,Not Applicable,380,Cash,9,5.0,3.1
2024-07-29 17:21:00,CNR9398200141,Canceled by Driver,CID533842,Auto,Hennur,Hosur Road,,,Not Applicable,Customer related issue,Not Applicable,Not Applicable,243,Not Applicable,0,,
2024-07-20 09:32:00,CNR9508042572,Canceled by Driver,CID637357,Prime SUV,Whitefield,Hebbal,,,Not Applicable,Personal & Car related issue,Not Applicable,Not Applicable,201,Not Applicable,0,,
2024-07-20 03:58:00,CNR6690620965,Success,CID577582,eBike,Marathahalli,Kengeri,238.0,65.0,Not Applicable,Not Applicable,No,Not Applicable,884,UPI,27,3.8,3.8
2024-07-11 03:01:00,CNR8639823212,Canceled by Driver,CID415547,Prime Sedan,Chamarajpet,Kammanahalli,,,Not Applicable,Customer was coughing/sick,Not Applicable,Not Applicable,2751,Not Applicable,0,,
2024-07-25 03:28:00,CNR1329252321,Success,CID275758,Bike,Ramamurthy Nagar,Marathahalli,112.0,135.0,Not Applicable,Not Applicable,No,Not Applicable,306,UPI,42,4.0,4.3
2024-07-05 08:58:00,CNR5883760077,Canceled by Driver,CID286836,Prime Plus,Sarjapur Road,Banashankari,,,Not Applicable,Customer related issue,Not Applicable,Not Applicable,188,Not Applicable,0,,
2024-07-05 04:13:00,CNR4914508196,Success,CID363214,Auto,JP Nagar,Kengeri,259.0,60.0,Not Applicable,Not Applicable,No,Not Applicable,629,UPI,11,3.9,4.9
2024-07-12 03:14:00,CNR1489825252,Success,CID623242,Prime Plus,Yelahanka,Frazer Town,231.0,120.0,Not Applicable,Not Applicable,No,Not Applicable,313,Cash,25,3.2,4.4
2024-07-14 02:59:00,CNR4842932213,Canceled by Driver,CID537328,eBike,MG Road,Rajajinagar,,,Not Applicable,Personal & Car related issue,Not Applicable,Not Applicable,393,Not Applicable,0,,
2024-07-19 07:53:00,CNR9167276775,Success,CID471091,Auto,Langford Town,Hennur,189.0,45.0,Not Applicable,Not Applicable,No,Not Applicable,453,Cash,3,4.7,3.8
2024-07-29 02:13:00,CNR6995160866,Canceled by Customer,CID135734,Prime SUV,Yeshwanthpur,Vijayanagar,,,AC is Not working,Not Applicable,Not Applicable,Not Applicable,424,Not Applicable,0,,
2024-07-05 19:42:00,CNR7344457165,Success,CID102112,Mini,Bannerghatta Road,Sarjapur Road,245.0,90.0,Not Applicable,Not Applicable,No,Not Applicable,419,Cash,43,4.9,3.1
2024-07-15 05:32:00,CNR6080790259,Success,CID556144,Auto,Majestic,HSR Layout,42.0,35.0,Not Applicable,Not Applicable,No,Not Applicable,563,UPI,7,4.3,4.7
2024-07-20 22:35:00,CNR7407402073,Success,CID280962,Bike,Hulimavu,Shantinagar,70.0,115.0,Not Applicable,Not Applicable,No,Not Applicable,900,Cash,27,3.4,4.2
2024-07-20 11:26:00,CNR5611652489,Success,CID399807,Prime Sedan,Yelahanka,Langford Town,252.0,120.0,Not Applicable,Not Applicable,No,Not Applicable,358,UPI,12,3.2,4.3
2024-07-23 14:21:00,CNR4219651501,Success,CID119377,eBike,Basavanagudi,Devanahalli,231.0,100.0,Not Applicable,Not Applicable,No,Not Applicable,2390,Cash,29,4.1,4.1
2024-07-25 05:29:00,CNR9841738372,Success,CID913094,eBike,Yelahanka,Jayanagar,35.0,60.0,Not Applicable,Not Applicable,No,Not Applicable,435,UPI,24,3.1,3.3
2024-07-06 09:52:00,CNR7584860358,Success,CID191663,Mini,BTM Layout,MG Road,266.0,125.0,Not Applicable,Not Applicable,No,Not Applicable,501,Cash,28,3.0,3.7
2024-07-26 05:12:00,CNR9541469242,Success,CID810687,Prime Plus,Kammanahalli,Sahakar Nagar,147.0,65.0,Not Applicable,Not Applicable,No,Not Applicable,220,UPI,1,3.1,3.4
2024-07-11 04:51:00,CNR6292230385,Canceled by Driver,CID704341,Prime Plus,Peenya,Shivajinagar,,,Not Applicable,Personal & Car related issue,Not Applicable,Not Applicable,554,Not Applicable,0,,
2024-07-17 15:47:00,CNR7938799921,Success,CID880446,eBike,Cox Town,Basavanagudi,42.0,145.0,Not Applicable,Not Applicable,No,Not Applicable,2031,Cash,27,3.9,3.4
2024-07-21 07:59:00,CNR8465626045,Success,CID901330,Auto,Sarjapur Road,Bellandur,308.0,125.0,Not Applicable,Not Applicable,No,Not Applicable,105,Cash,18,3.6,3.3
2024-07-22 14:13:00,CNR2335951800,Success,CID307000,Prime SUV,Ulsoor,Sarjapur Road,133.0,35.0,Not Applicable,Not Applicable,No,Not Applicable,874,Cash,49,3.6,4.3
2024-07-21 16:44:00,CNR1633248369,Success,CID872429,Auto,Shivajinagar,Majestic,273.0,120.0,Not Applicable,Not Applicable,No,Not Applicable,848,Cash,15,3.3,3.9
2024-07-14 05:37:00,CNR8225448612,Success,CID145553,Auto,Tumkur Road,Malleshwaram,252.0,35.0,Not Applicable,Not Applicable,No,Not Applicable,291,UPI,12,4.8,4.5
2024-07-08 01:50:00,CNR3950819793,Success,CID963436,Bike,HSR Layout,Ulsoor,231.0,110.0,Not Applicable,Not Applicable,No,Not Applicable,321,UPI,6,3.5,4.6
2024-07-13 10:37:00,CNR6053029097,Success,CID941775,Prime Plus,Hennur,Frazer Town,84.0,90.0,Not Applicable,Not Applicable,No,Not Applicable,775,Cash,41,3.5,3.1
2024-07-24 07:19:00,CNR9541330533,Success,CID474547,Auto,Tumkur Road,Bellandur,252.0,30.0,Not Applicable,Not Applicable,No,Not Applicable,668,UPI,19,4.6,4.0
2024-07-23 06:48:00,CNR9500886521,Canceled by Driver,CID765571,Prime SUV,Jayanagar,JP Nagar,,,Not Applicable,Customer related issue,Not Applicable,Not Applicable,493,Not Applicable,0,,
2024-07-15 19:38:00,CNR1080382004,Driver Not Found,CID678048,Prime SUV,JP Nagar,Devanahalli,,,Not Applicable,Not Applicable,Not Applicable,Not Applicable,162,Not Applicable,0,,
2024-07-30 21:02:00,CNR1429677935,Driver Not Found,CID215141,Auto,Bannerghatta Road,Hennur,,,Not Applicable,Not Applicable,Not Applicable,Not Applicable,427,Not Applicable,0,,
2024-07-13 18:57:00,CNR8216175414,Driver Not Found,CID143731,Auto,Kadugodi,Padmanabhanagar,,,Not Applicable,Not Applicable,Not Applicable,Not Applicable,419,Not Applicable,0,,
2024-07-28 09:56:00,CNR7643661888,Canceled by Driver,CID704801,Prime Sedan,BTM Layout,Kadugodi,,,Not Applicable,More than permitted people in there,Not Applicable,Not Applicable,113,Not Applicable,0,,
2024-07-26 17:27:00,CNR3959476318,Canceled by Driver,CID857730,Prime SUV,Tumkur Road,Richmond Town,,,Not Applicable,Customer was coughing/sick,Not Applicable,Not Applicable,359,Not Applicable,0,,
2024-07-20 18:54:00,CNR6157530942,Success,CID278001,Prime Sedan,Yelahanka,Hosur Road,259.0,115.0,Not Applicable,Not Applicable,No,Not Applicable,298,UPI,24,3.6,4.3
2024-07-26 20:35:00,CNR9867336938,Canceled by Driver,CID922736,Bike,Hulimavu,Sahakar Nagar,,,Not Applicable,Personal & Car related issue,Not Applicable,Not Applicable,185,Not Applicable,0,,
2024-07-29 01:06:00,CNR9294248478,Canceled by Driver,CID775108,Prime Plus,Varthur,Richmond Town,,,Not Applicable,Customer related issue,Not Applicable,Not Applicable,1129,Not Applicable,0,,
2024-07-03 21:07:00,CNR8441594491,Success,CID260978,Prime Sedan,Yeshwanthpur,Kadugodi,287.0,30.0,Not Applicable,Not Applicable,No,Not Applicable,529,Cash,26,3.5,4.1
2024-07-19 06:44:00,CNR4302047058,Success,CID992777,Bike,Whitefield,Basavanagudi,91.0,70.0,Not Applicable,Not Applicable,No,Not Applicable,114,UPI,19,3.4,3.9
2024-07-17 01:04:00,CNR8354948772,Canceled by Driver,CID437684,Mini,Tumkur Road,Sahakar Nagar,,,Not Applicable,Customer was coughing/sick,Not Applicable,Not Applicable,2018,Not Applicable,0,,
2024-07-22 12:51:00,CNR4310398464,Driver Not Found,CID379479,Mini,HSR Layout,KR Puram,,,Not Applicable,Not Applicable,Not Applicable,Not Applicable,609,Not Applicable,0,,
2024-07-10 14:52:00,CNR3946471423,Success,CID381605,Prime Plus,Majestic,Rajajinagar,210.0,125.0,Not Applicable,Not Applicable,No,Not Applicable,158,UPI,41,4.4,4.2
2024-07-18 05:02:00,CNR5451781799,Success,CID755586,Prime Plus,Langford Town,Shantinagar,259.0,105.0,Not Applicable,Not Applicable,No,Not Applicable,380,UPI,24,4.2,4.1
2024-07-14 04:28:00,CNR3943354208,Success,CID321596,Prime SUV,Electronic City,Kammanahalli,259.0,70.0,Not Applicable,Not Applicable,No,Not Applicable,555,Cash,21,4.1,3.0
2024-07-24 17:06:00,CNR2042209428,Success,CID964443,Prime Sedan,Whitefield,Kengeri,168.0,35.0,Not Applicable,Not Applicable,No,Not Applicable,210,Cash,48,3.7,3.3
2024-07-19 09:21:00,CNR6134915885,Driver Not Found,CID725415,Prime Sedan,JP Nagar,MG Road,,,Not Applicable,Not Applicable,Not Applicable,Not Applicable,2060,Not Applicable,0,,
2024-07-18 06:04:00,CNR4480758720,Success,CID475917,Prime Sedan,Cox Town,Vijayanagar,196.0,75.0,Not Applicable,Not Applicable,No,Not Applicable,178,Cash,27,4.2,3.7
2024-07-01 12:29:00,CNR1940534207,Success,CID344228,eBike,Ramamurthy Nagar,Frazer Town,133.0,80.0,Not Applicable,Not Applicable,No,Not Applicable,2227,UPI,25,4.3,3.4
2024-07-30 10:34:00,CNR1506264523,Success,CID987398,Mini,Nagarbhavi,Cox Town,70.0,140.0,Not Applicable,Not Applicable,No,Not Applicable,244,Cash,39,4.6,4.1
2024-07-22 22:28:00,CNR5543490710,Driver Not Found,CID192418,Auto,MG Road,Kammanahalli,,,Not Applicable,Not Applicable,Not Applicable,Not Applicable,497,Not Applicable,0,,
2024-07-06 10:49:00,CNR8444108641,Success,CID625020,Mini,Sarjapur Road,Indiranagar,70.0,145.0,Not Applicable,Not Applicable,No,Not Applicable,800,UPI,7,3.5,4.5
2024-07-29 10:02:00,CNR3927730693,Canceled by Driver,CID980445,Mini,Kammanahalli,JP Nagar,,,Not Applicable,More than permitted people in there,Not Applicable,Not Applicable,493,Not Applicable,0,,
2024-07-06 07:49:00,CNR5095453682,Success,CID485195,Auto,Padmanabhanagar,Basavanagudi,63.0,80.0,Not Applicable,Not Applicable,No,Not Applicable,846,Cash,14,3.3,4.3
2024-07-12 23:45:00,CNR8750823940,Success,CID391467,eBike,KR Puram,Tumkur Road,245.0,30.0,Not Applicable,Not Applicable,No,Not Applicable,391,Cash,14,4.0,4.9
2024-07-07 23:27:00,CNR3082766078,Canceled by Driver,CID248583,Bike,Varthur,Chickpet,,,Not Applicable,Personal & Car related issue,Not Applicable,Not Applicable,2976,Not Applicable,0,,
2024-07-30 22:05:00,CNR7307143437,Canceled by Customer,CID667827,Bike,Whitefield,Jayanagar,,,AC is Not working,Not Applicable,Not Applicable,Not Applicable,173,Not Applicable,0,,
2024-07-23 12:39:00,CNR9111408050,Success,CID411729,Prime SUV,Yeshwanthpur,Malleshwaram,112.0,85.0,Not Applicable,Not Applicable,No,Not Applicable,763,Cash,40,3.3,3.1
2024-07-09 13:00:00,CNR5907562549,Success,CID982136,Mini,Basavanagudi,MG Road,112.0,55.0,Not Applicable,Not Applicable,Yes,Other Issue,215,Cash,48,4.1,3.6
2024-07-10 17:55:00,CNR2238424072,Success,CID617272,Mini,Shivajinagar,Chamarajpet,70.0,80.0,Not Applicable,Not Applicable,No,Not Applicable,661,UPI,18,4.0,3.6
2024-07-24 06:40:00,CNR5534845403,Success,CID516103,eBike,Hennur,Tumkur Road,161.0,65.0,Not Applicable,Not Applicable,No,Not Applicable,447,UPI,40,4.2,4.0
2024-07-05 14:44:00,CNR8811285950,Success,CID941508,Prime Plus,Whitefield,Ulsoor,49.0,50.0,Not Applicable,Not Applicable,No,Not Applicable,395,Cash,23,4.0,4.9
2024-07-13 12:24:00,CNR3921913432,Driver Not Found,CID572113,Prime SUV,Rajajinagar,Rajajinagar,,,Not Applicable,Not Applicable,Not Applicable,Not Applicable,245,Not Applicable,0,,
2024-07-07 06:59:00,CNR3374608976,Canceled by Customer,CID709337,Prime SUV,Yeshwanthpur,HSR Layout,,,Driver is not moving towards pickup location,Not Applicable,Not Applicable,Not Applicable,102,Not Applicable,0,,
2024-07-27 18:33:00,CNR1481406980,Success,CID942412,eBike,Padmanabhanagar,Magadi Road,42.0,115.0,Not Applicable,Not Applicable,No,Not Applicable,519,UPI,32,4.6,4.0
2024-07-24 09:18:00,CNR7289116689,Canceled by Driver,CID932767,eBike,Bannerghatta Road,Padmanabhanagar,,,Not Applicable,Personal & Car related issue,Not Applicable,Not Applicable,551,Not Applicable,0,,
2024-07-09 17:40:00,CNR1747231505,Success,CID285998,Auto,Richmond Town,Varthur,231.0,90.0,Not Applicable,Not Applicable,No,Not Applicable,318,Cash,13,3.1,4.9
2024-07-17 16:21:00,CNR2977335463,Success,CID216748,eBike,Jayanagar,Ulsoor,210.0,75.0,Not Applicable,Not Applicable,No,Not Applicable,312,UPI,31,3.1,4.1
2024-07-01 11:50:00,CNR7763448343,Canceled by Driver,CID159139,Prime Plus,Ramamurthy Nagar,RT Nagar,,,Not Applicable,Customer related issue,Not Applicable,Not Applicable,304,Not Applicable,0,,
2024-07-26 10:47:00,CNR9234813844,Canceled by Driver,CID920381,eBike,JP Nagar,HSR Layout,,,Not Applicable,Customer related issue,Not Applicable,Not Applicable,767,Not Applicable,0,,
2024-07-17 03:44:00,CNR2190971680,Success,CID285679,Mini,Malleshwaram,Kadugodi,119.0,70.0,Not Applicable,Not Applicable,No,Not Applicable,254,Cash,11,4.1,3.8
2024-07-04 20:40:00,CNR6328313235,Canceled by Driver,CID260554,Prime SUV,Vijayanagar,Richmond Town,,,Not Applicable,Customer related issue,Not Applicable,Not Applicable,555,Not Applicable,0,,
2024-07-20 11:24:00,CNR5706206660,Canceled by Driver,CID835173,Prime SUV,KR Puram,Electronic City,,,Not Applicable,Customer related issue,Not Applicable,Not Applicable,371,Not Applicable,0,,
2024-07-14 04:29:00,CNR8319945375,Success,CID180552,Bike,Richmond Town,Ulsoor,168.0,95.0,Not Applicable,Not Applicable,No,Not Applicable,113,Cash,26,4.9,4.0
2024-07-16 02:17:00,CNR8252773001,Success,CID309693,Auto,Richmond Town,Peenya,119.0,75.0,Not Applicable,Not Applicable,No,Not Applicable,432,UPI,4,4.9,4.2
2024-07-27 20:49:00,CNR9132191562,Success,CID940412,Mini,Hennur,Richmond Town,231.0,115.0,Not Applicable,Not Applicable,No,Not Applicable,966,UPI,44,3.2,3.5
2024-07-26 12:47:00,CNR9453961156,Canceled by Driver,CID724558,Prime Plus,Vijayanagar,Peenya,,,Not Applicable,More than permitted people in there,Not Applicable,Not Applicable,691,Not Applicable,0,,
2024-07-21 17:13:00,CNR1134649645,Success,CID447237,Auto,Electronic City,Langford Town,273.0,120.0,Not Applicable,Not Applicable,No,Not Applicable,259,Cash,4,4.8,4.4
2024-07-05 02:44:00,CNR7867946123,Success,CID253103,Auto,Yelahanka,Koramangala,98.0,75.0,Not Applicable,Not Applicable,No,Not Applicable,1068,Debit Card,11,4.0,3.3
2024-07-12 15:35:00,CNR7557520543,Success,CID304498,Prime Sedan,Kadugodi,Shantinagar,63.0,40.0,Not Applicable,Not Applicable,Yes,Customer Demand,790,Cash,35,4.0,3.0
2024-07-17 17:22:00,CNR6564903386,Success,CID809383,Mini,HSR Layout,Electronic City,203.0,30.0,Not Applicable,Not Applicable,No,Not Applicable,466,UPI,3,3.9,3.4
2024-07-20 10:30:00,CNR7014014807,Driver Not Found,CID365505,eBike,Tumkur Road,Bellandur,,,Not Applicable,Not Applicable,Not Applicable,Not Applicable,1392,Not Applicable,0,,
2024-07-12 19:05:00,CNR2718744503,Success,CID505622,Bike,Bellandur,Shivajinagar,133.0,135.0,Not Applicable,Not Applicable,No,Not Applicable,892,UPI,21,4.5,4.7
2024-07-06 05:42:00,CNR5350054619,Success,CID682900,Auto,Chamarajpet,Koramangala,217.0,85.0,Not Applicable,Not Applicable,No,Not Applicable,199,Cash,16,4.9,4.3
2024-07-26 02:56:00,CNR2582518985,Success,CID791915,Prime Sedan,Electronic City,Basavanagudi,161.0,110.0,Not Applicable,Not Applicable,No,Not Applicable,660,Cash,21,4.5,3.1
2024-07-20 04:55:00,CNR8029841324,Success,CID566137,eBike,Tumkur Road,JP Nagar,189.0,85.0,Not Applicable,Not Applicable,No,Not Applicable,608,UPI,44,4.3,3.5
2024-07-11 19:11:00,CNR2224773522,Success,CID481989,Mini,Hennur,Marathahalli,154.0,75.0,Not Applicable,Not Applicable,No,Not Applicable,989,Cash,36,3.8,4.3
2024-07-04 17:01:00,CNR2662685096,Success,CID708007,eBike,Rajarajeshwari Nagar,Electronic City,168.0,30.0,Not Applicable,Not Applicable,No,Not Applicable,599,Cash,43,3.6,3.4
2024-07-09 07:47:00,CNR9393075056,Success,CID895139,Prime SUV,Basavanagudi,Padmanabhanagar,252.0,55.0,Not Applicable,Not Applicable,No,Not Applicable,181,Cash,47,4.9,3.9
2024-07-08 16:22:00,CNR4753888258,Success,CID712997,Prime Plus,Mysore Road,Koramangala,308.0,135.0,Not Applicable,Not Applicable,No,Not Applicable,395,UPI,14,3.2,4.9
2024-07-14 07:29:00,CNR5550590574,Canceled by Customer,CID388954,Prime Sedan,Ramamurthy Nagar,Malleshwaram,,,Driver is not moving towards pickup location,Not Applicable,Not Applicable,Not Applicable,985,Not Applicable,0,,
2024-07-19 08:13:00,CNR2068227768,Success,CID619074,Prime SUV,KR Puram,Peenya,70.0,110.0,Not Applicable,Not Applicable,No,Not Applicable,697,Cash,13,3.3,3.1
2024-07-18 00:31:00,CNR3622897620,Canceled by Customer,CID442331,Auto,Chamarajpet,Langford Town,,,AC is Not working,Not Applicable,Not Applicable,Not Applicable,203,Not Applicable,0,,
2024-07-09 01:29:00,CNR3357132839,Canceled by Driver,CID131155,Auto,Magadi Road,Hennur,,,Not Applicable,Customer related issue,Not Applicable,Not Applicable,2566,Not Applicable,0,,
2024-07-11 06:06:00,CNR2690140379,Success,CID423998,Prime Plus,Kadugodi,Rajarajeshwari Nagar,196.0,95.0,Not Applicable,Not Applicable,No,Not Applicable,376,Cash,12,3.6,4.6
2024-07-24 08:46:00,CNR2273186537,Success,CID301511,Bike,Whitefield,Hennur,35.0,80.0,Not Applicable,Not Applicable,No,Not Applicable,109,UPI,19,4.0,4.0
2024-07-18 07:08:00,CNR6790505016,Driver Not Found,CID869079,eBike,Shivajinagar,Jayanagar,,,Not Applicable,Not Applicable,Not Applicable,Not Applicable,359,Not Applicable,0,,
2024-07-15 20:11:00,CNR7339769785,Canceled by Customer,CID904382,eBike,Sahakar Nagar,Bellandur,,,AC is Not working,Not Applicable,Not Applicable,Not Applicable,256,Not Applicable,0,,
2024-07-02 01:28:00,CNR5837366595,Driver Not Found,CID515933,Prime Sedan,Peenya,Langford Town,,,Not Applicable,Not Applicable,Not Applicable,Not Applicable,231,Not Applicable,0,,
2024-07-06 16:03:00,CNR8956465353,Success,CID281616,Prime Sedan,Indiranagar,Kammanahalli,63.0,50.0,Not Applicable,Not Applicable,No,Not Applicable,430,Cash,35,4.2,4.6
2024-07-30 16:33:00,CNR2245135060,Success,CID668343,Auto,Marathahalli,HSR Layout,98.0,125.0,Not Applicable,Not Applicable,No,Not Applicable,278,UPI,7,3.9,4.0
2024-07-22 15:17:00,CNR9643948195,Canceled by Driver,CID407268,Mini,Magadi Road,Rajarajeshwari Nagar,,,Not Applicable,Personal & Car related issue,Not Applicable,Not Applicable,351,Not Applicable,0,,
2024-07-14 14:25:00,CNR3475246266,Success,CID136938,Prime SUV,Koramangala,Padmanabhanagar,70.0,95.0,Not Applicable,Not Applicable,No,Not Applicable,303,UPI,27,3.1,4.6
2024-07-20 12:59:00,CNR7259212960,Success,CID810305,Mini,Shantinagar,Richmond Town,287.0,95.0,Not Applicable,Not Applicable,No,Not Applicable,287,Cash,7,3.7,3.4
2024-07-09 23:13:00,CNR5929975775,Canceled by Customer,CID819875,Mini,Kengeri,Marathahalli,,,Driver asked to cancel,Not Applicable,Not Applicable,Not Applicable,190,Not Applicable,0,,
2024-07-18 05:48:00,CNR5803307373,Canceled by Driver,CID729435,Bike,Kammanahalli,Frazer Town,,,Not Applicable,Customer was coughing/sick,Not Applicable,Not Applicable,459,Not Applicable,0,,
2024-07-07 03:32:00,CNR2495713966,Success,CID761466,Bike,Kadugodi,Chickpet,231.0,85.0,Not Applicable,Not Applicable,No,Not Applicable,424,Credit Card,41,4.4,5.0
2024-07-07 16:38:00,CNR8248410576,Success,CID707077,Prime Plus,RT Nagar,Kammanahalli,203.0,100.0,Not Applicable,Not Applicable,No,Not Applicable,278,Cash,3,3.4,3.5
2024-07-27 13:00:00,CNR2944095839,Success,CID136993,Prime SUV,Padmanabhanagar,Yeshwanthpur,287.0,35.0,Not Applicable,Not Applicable,No,Not Applicable,1476,UPI,47,5.0,4.0
2024-07-04 13:43:00,CNR7363886410,Canceled by Customer,CID551445,Mini,Ramamurthy Nagar,Hebbal,,,Driver is not moving towards pickup location,Not Applicable,Not Applicable,Not Applicable,380,Not Applicable,0,,
2024-07-08 07:06:00,CNR9161558952,Driver Not Found,CID966994,Auto,Majestic,HSR Layout,,,Not Applicable,Not Applicable,Not Applicable,Not Applicable,291,Not Applicable,0,,
2024-07-28 04:56:00,CNR3146863644,Canceled by Customer,CID651046,Prime Sedan,Vijayanagar,Marathahalli,,,Driver asked to cancel,Not Applicable,Not Applicable,Not Applicable,830,Not Applicable,0,,
2024-07-06 23:37:00,CNR8481872481,Success,CID916262,Auto,Frazer Town,Vijayanagar,238.0,130.0,Not Applicable,Not Applicable,No,Not Applicable,350,UPI,4,4.6,3.0
2024-07-26 17:39:00,CNR7471227408,Canceled by Driver,CID899384,Prime Plus,Richmond Town,Electronic City,,,Not Applicable,Personal & Car related issue,Not Applicable,Not Applicable,740,Not Applicable,0,,
2024-07-13 16:42:00,CNR2299166633,Success,CID641977,Prime Sedan,Yelahanka,RT Nagar,210.0,125.0,Not Applicable,Not Applicable,No,Not Applicable,555,UPI,10,4.7,4.2
2024-07-21 07:26:00,CNR1354460282,Driver Not Found,CID460355,Prime SUV,Indiranagar,Bellandur,,,Not Applicable,Not Applicable,Not Applicable,Not Applicable,294,Not Applicable,0,,
2024-07-09 23:28:00,CNR2177969156,Canceled by Customer,CID611499,Auto,Majestic,Basavanagudi,,,Driver is not moving towards pickup location,Not Applicable,Not Applicable,Not Applicable,626,Not Applicable,0,,
2024-07-04 00:25:00,CNR7462015027,Driver Not Found,CID723184,Mini,Richmond Town,Kengeri,,,Not Applicable,Not Applicable,Not Applicable,Not Applicable,468,Not Applicable,0,,
2024-07-25 19:45:00,CNR1663318404,Success,CID998798,eBike,RT Nagar,KR Puram,91.0,65.0,Not Applicable,Not Applicable,No,Not Applicable,591,UPI,48,3.4,4.3
2024-07-14 05:24:00,CNR2502459946,Success,CID229895,Auto,Vijayanagar,Magadi Road,273.0,65.0,Not Applicable,Not Applicable,No,Not Applicable,784,UPI,1,4.3,4.9
2024-07-06 20:55:00,CNR1775965664,Success,CID128370,Mini,Jayanagar,Richmond Town,42.0,70.0,Not Applicable,Not Applicable,No,Not Applicable,361,Cash,35,3.0,4.1
2024-07-17 13:16:00,CNR6201063527,Success,CID581473,Prime Plus,Koramangala,Ulsoor,63.0,145.0,Not Applicable,Not Applicable,No,Not Applicable,358,UPI,8,4.3,3.0
2024-07-06 01:51:00,CNR3722761055,Success,CID402998,Mini,MG Road,Yeshwanthpur,98.0,40.0,Not Applicable,Not Applicable,No,Not Applicable,434,Cash,12,3.0,5.0
2024-07-29 07:21:00,CNR9791024864,Canceled by Customer,CID250964,Auto,RT Nagar,Electronic City,,,Driver is not moving towards pickup location,Not Applicable,Not Applicable,Not Applicable,1109,Not Applicable,0,,
2024-07-17 03:50:00,CNR7414760658,Success,CID155017,Prime Plus,Basavanagudi,Kammanahalli,35.0,70.0,Not Applicable,Not Applicable,No,Not Applicable,416,Cash,12,4.3,3.3
2024-07-14 03:43:00,CNR8538889247,Success,CID408001,Prime Plus,Hennur,RT Nagar,133.0,45.0,Not Applicable,Not Applicable,No,Not Applicable,452,Cash,40,4.0,4.5
2024-07-26 07:53:00,CNR3363667840,Success,CID532875,Prime SUV,Sarjapur Road,Hosur Road,98.0,70.0,Not Applicable,Not Applicable,No,Not Applicable,2012,Cash,49,4.4,3.6
2024-07-13 02:33:00,CNR7236009214,Canceled by Customer,CID410299,Prime SUV,Tumkur Road,Cox Town,,,Driver asked to cancel,Not Applicable,Not Applicable,Not Applicable,1690,Not Applicable,0,,
2024-07-26 01:08:00,CNR1482645337,Success,CID604293,Prime Sedan,Indiranagar,Kammanahalli,259.0,135.0,Not Applicable,Not Applicable,No,Not Applicable,1558,UPI,37,4.2,4.3
2024-07-02 23:48:00,CNR4779016546,Success,CID495772,eBike,Yelahanka,MG Road,49.0,65.0,Not Applicable,Not Applicable,No,Not Applicable,642,Cash,31,4.7,3.8
2024-07-14 09:04:00,CNR1301016786,Driver Not Found,CID821265,Auto,Indiranagar,HSR Layout,,,Not Applicable,Not Applicable,Not Applicable,Not Applicable,332,Not Applicable,0,,
2024-07-07 08:05:00,CNR9079994865,Driver Not Found,CID863316,Prime Sedan,Shantinagar,Mysore Road,,,Not Applicable,Not Applicable,Not Applicable,Not Applicable,320,Not Applicable,0,,
2024-07-05 03:47:00,CNR8735791468,Driver Not Found,CID825085,Auto,Cox Town,Frazer Town,,,Not Applicable,Not Applicable,Not Applicable,Not Applicable,324,Not Applicable,0,,
2024-07-08 22:14:00,CNR9684765536,Success,CID199710,Auto,Ramamurthy Nagar,Cox Town,63.0,55.0,Not Applicable,Not Applicable,No,Not Applicable,378,UPI,19,4.9,3.6
2024-07-04 19:50:00,CNR1436357788,Driver Not Found,CID793193,Bike,Langford Town,Nagarbhavi,,,Not Applicable,Not Applicable,Not Applicable,Not Applicable,891,Not Applicable,0,,
2024-07-05 04:40:00,CNR1589153893,Success,CID813771,Mini,Basavanagudi,BTM Layout,42.0,45.0,Not Applicable,Not Applicable,No,Not Applicable,2617,UPI,10,3.6,3.0
2024-07-24 22:56:00,CNR4578116178,Canceled by Driver,CID626501,Prime Plus,RT Nagar,Marathahalli,,,Not Applicable,Customer related issue,Not Applicable,Not Applicable,146,Not Applicable,0,,
2024-07-14 18:40:00,CNR6157742384,Success,CID436519,eBike,MG Road,Yeshwanthpur,280.0,55.0,Not Applicable,Not Applicable,No,Not Applicable,272,Cash,15,4.7,3.6
2024-07-13 13:29:00,CNR5016968663,Canceled by Driver,CID677089,Auto,KR Puram,Bellandur,,,Not Applicable,Personal & Car related issue,Not Applicable,Not Applicable,316,Not Applicable,0,,
2024-07-19 01:01:00,CNR3729914267,Success,CID475629,Prime Sedan,Rajarajeshwari Nagar,HSR Layout,301.0,40.0,Not Applicable,Not Applicable,No,Not Applicable,103,UPI,45,4.4,4.9
2024-07-16 01:22:00,CNR1271638348,Driver Not Found,CID530272,Prime Sedan,Jayanagar,Shivajinagar,,,Not Applicable,Not Applicable,Not Applicable,Not Applicable,388,Not Applicable,0,,
2024-07-20 23:13:00,CNR3476956940,Success,CID171735,Prime SUV,Richmond Town,JP Nagar,49.0,140.0,Not Applicable,Not Applicable,No,Not Applicable,493,UPI,3,3.1,4.4
2024-07-06 07:18:00,CNR2527371923,Success,CID440114,Prime SUV,Kadugodi,Langford Town,203.0,40.0,Not Applicable,Not Applicable,No,Not Applicable,413,UPI,29,4.9,4.8
2024-07-24 20:53:00,CNR1030533234,Canceled by Driver,CID588669,Bike,Rajajinagar,Rajajinagar,,,Not Applicable,Customer was coughing/sick,Not Applicable,Not Applicable,161,Not Applicable,0,,
2024-07-15 23:16:00,CNR7200930144,Canceled by Customer,CID453996,Mini,Peenya,RT Nagar,,,AC is Not working,Not Applicable,Not Applicable,Not Applicable,478,Not Applicable,0,,
2024-07-25 17:47:00,CNR6059814131,Success,CID663743,Prime SUV,Electronic City,Nagarbhavi,77.0,105.0,Not Applicable,Not Applicable,No,Not Applicable,159,Cash,8,3.6,3.9
2024-07-25 16:04:00,CNR3085013915,Success,CID499137,Prime Plus,Hennur,Sarjapur Road,154.0,70.0,Not Applicable,Not Applicable,No,Not Applicable,743,Cash,41,3.5,4.8
2024-07-10 05:40:00,CNR6051017281,Canceled by Driver,CID307897,eBike,MG Road,Rajarajeshwari Nagar,,,Not Applicable,Customer related issue,Not Applicable,Not Applicable,420,Not Applicable,0,,
2024-07-06 17:17:00,CNR5157716559,Canceled by Customer,CID181271,Bike,Peenya,Yelahanka,,,Driver asked to cancel,Not Applicable,Not Applicable,Not Applicable,115,Not Applicable,0,,
2024-07-22 00:40:00,CNR5065783813,Success,CID398070,eBike,Koramangala,JP Nagar,70.0,85.0,Not Applicable,Not Applicable,Yes,Vehicle Breakdown,805,Cash,47,3.5,3.1
2024-07-12 22:34:00,CNR9412510216,Success,CID424072,Prime Plus,Marathahalli,BTM Layout,77.0,50.0,Not Applicable,Not Applicable,No,Not Applicable,394,UPI,23,3.3,4.4
2024-07-17 10:14:00,CNR6254504063,Success,CID218921,Prime Sedan,Indiranagar,Bellandur,301.0,90.0,Not Applicable,Not Applicable,No,Not Applicable,385,UPI,41,3.8,3.6
2024-07-08 23:42:00,CNR7424559192,Canceled by Driver,CID940611,Bike,Chamarajpet,Whitefield,,,Not Applicable,Customer related issue,Not Applicable,Not Applicable,160,Not Applicable,0,,
2024-07-29 06:29:00,CNR7722493841,Canceled by Driver,CID187637,eBike,Rajajinagar,Bellandur,,,Not Applicable,Customer related issue,Not Applicable,Not Applicable,178,Not Applicable,0,,
2024-07-16 04:39:00,CNR5016542619,Success,CID702923,Prime Plus,Hosur Road,RT Nagar,161.0,55.0,Not Applicable,Not Applicable,No,Not Applicable,455,Cash,21,4.5,3.3
2024-07-20 09:51:00,CNR8847965421,Success,CID170371,eBike,Electronic City,Chamarajpet,168.0,135.0,Not Applicable,Not Applicable,No,Not Applicable,1810,Cash,15,4.6,4.7
2024-07-08 01:59:00,CNR7546181933,Success,CID686048,Bike,Indiranagar,Peenya,147.0,135.0,Not Applicable,Not Applicable,No,Not Applicable,269,Cash,43,4.4,3.3
2024-07-23 00:09:00,CNR4395287797,Canceled by Customer,CID718565,eBike,Peenya,Shivajinagar,,,AC is Not working,Not Applicable,Not Applicable,Not Applicable,427,Not Applicable,0,,
2024-07-28 15:32:00,CNR5133178169,Canceled by Driver,CID169597,Bike,Richmond Town,Yelahanka,,,Not Applicable,More than permitted people in there,Not Applicable,Not Applicable,480,Not Applicable,0,,
2024-07-21 04:27:00,CNR1030025932,Driver Not Found,CID437263,Prime Plus,Vijayanagar,Frazer Town,,,Not Applicable,Not Applicable,Not Applicable,Not Applicable,493,Not Applicable,0,,
2024-07-26 07:10:00,CNR6345093748,Canceled by Driver,CID275008,Auto,HSR Layout,HSR Layout,,,Not Applicable,Personal & Car related issue,Not Applicable,Not Applicable,210,Not Applicable,0,,
2024-07-16 07:39:00,CNR8630426998,Canceled by Customer,CID386689,Prime SUV,Hebbal,Jayanagar,,,Change of plans,Not Applicable,Not Applicable,Not Applicable,134,Not Applicable,0,,
2024-07-01 02:16:00,CNR3754191876,Canceled by Driver,CID445751,Bike,Yelahanka,HSR Layout,,,Not Applicable,More than permitted people in there,Not Applicable,Not Applicable,611,Not Applicable,0,,
2024-07-30 04:42:00,CNR4362551858,Success,CID280027,Bike,Varthur,Rajajinagar,154.0,60.0,Not Applicable,Not Applicable,No,Not Applicable,323,Credit Card,32,3.9,4.5
2024-07-29 22:12:00,CNR4605417828,Success,CID914028,Prime SUV,Cox Town,Bellandur,238.0,140.0,Not Applicable,Not Applicable,No,Not Applicable,634,Cash,4,4.6,3.7
2024-07-02 00:14:00,CNR5736416690,Success,CID850632,Mini,KR Puram,Electronic City,112.0,100.0,Not Applicable,Not Applicable,No,Not Applicable,361,Cash,13,3.1,4.2
2024-07-28 07:34:00,CNR4000066275,Canceled by Driver,CID317637,Prime Sedan,Rajarajeshwari Nagar,Sahakar Nagar,,,Not Applicable,Personal & Car related issue,Not Applicable,Not Applicable,683,Not Applicable,0,,
2024-07-18 17:39:00,CNR1410863589,Driver Not Found,CID484390,Bike,Sahakar Nagar,Bannerghatta Road,,,Not Applicable,Not Applicable,Not Applicable,Not Applicable,290,Not Applicable,0,,
2024-07-14 06:58:00,CNR9067139703,Success,CID322389,eBike,Malleshwaram,Rajarajeshwari Nagar,91.0,55.0,Not Applicable,Not Applicable,No,Not Applicable,338,UPI,16,4.8,4.5
2024-07-22 04:21:00,CNR1471578242,Canceled by Driver,CID110208,Bike,Sarjapur Road,Electronic City,,,Not Applicable,Personal & Car related issue,Not Applicable,Not Applicable,922,Not Applicable,0,,
2024-07-17 22:21:00,CNR2072535524,Canceled by Customer,CID317085,Bike,Marathahalli,MG Road,,,Driver asked to cancel,Not Applicable,Not Applicable,Not Applicable,342,Not Applicable,0,,
2024-07-29 09:08:00,CNR1566394879,Canceled by Customer,CID827901,eBike,Koramangala,Basavanagudi,,,Change of plans,Not Applicable,Not Applicable,Not Applicable,2294,Not Applicable,0,,
2024-07-30 20:58:00,CNR7065614027,Success,CID686371,eBike,Hebbal,Richmond Town,301.0,30.0,Not Applicable,Not Applicable,No,Not Applicable,962,Cash,4,4.1,3.1
2024-07-28 20:19:00,CNR3979990564,Driver Not Found,CID115887,Prime SUV,Mysore Road,Sarjapur Road,,,Not Applicable,Not Applicable,Not Applicable,Not Applicable,184,Not Applicable,0,,
2024-07-06 19:14:00,CNR5977317703,Driver Not Found,CID167805,Auto,Indiranagar,Hebbal,,,Not Applicable,Not Applicable,Not Applicable,Not Applicable,304,Not Applicable,0,,
2024-07-11 18:11:00,CNR2192075808,Success,CID437281,Mini,Hosur Road,BTM Layout,42.0,70.0,Not Applicable,Not Applicable,No,Not Applicable,717,UPI,22,3.8,4.4
2024-07-06 23:44:00,CNR5414766140,Success,CID531637,eBike,Hebbal,Padmanabhanagar,84.0,80.0,Not Applicable,Not Applicable,Yes,Vehicle Breakdown,158,Cash,17,3.6,4.7
2024-07-29 02:31:00,CNR9531064470,Driver Not Found,CID541521,Prime SUV,Langford Town,Richmond Town,,,Not Applicable,Not Applicable,Not Applicable,Not Applicable,1868,Not Applicable,0,,
2024-07-13 07:20:00,CNR4549184638,Success,CID643604,Bike,Padmanabhanagar,JP Nagar,168.0,95.0,Not Applicable,Not Applicable,No,Not Applicable,391,Cash,10,4.5,4.1
2024-07-11 00:49:00,CNR4455773733,Success,CID559428,Bike,Sahakar Nagar,Chamarajpet,238.0,40.0,Not Applicable,Not Applicable,No,Not Applicable,704,Cash,16,3.8,4.0
2024-07-22 06:30:00,CNR5567602417,Success,CID895665,Auto,Langford Town,Hennur,238.0,40.0,Not Applicable,Not Applicable,No,Not Applicable,309,Cash,4,3.3,3.5
2024-07-30 21:14:00,CNR8719899157,Canceled by Driver,CID754575,Auto,BTM Layout,Tumkur Road,,,Not Applicable,Personal & Car related issue,Not Applicable,Not Applicable,189,Not Applicable,0,,
2024-07-25 18:35:00,CNR9528780386,Canceled by Driver,CID633961,eBike,Hulimavu,Koramangala,,,Not Applicable,Personal & Car related issue,Not Applicable,Not Applicable,399,Not Applicable,0,,
2024-07-01 15:10:00,CNR4723677750,Success,CID619490,Bike,Yelahanka,Shivajinagar,210.0,125.0,Not Applicable,Not Applicable,No,Not Applicable,777,UPI,24,3.2,4.2
2024-07-17 05:37:00,CNR9164008749,Canceled by Driver,CID408567,Prime Plus,Majestic,Rajajinagar,,,Not Applicable,Customer related issue,Not Applicable,Not Applicable,222,Not Applicable,0,,
2024-07-02 07:56:00,CNR7021552202,Success,CID459113,Mini,JP Nagar,Peenya,189.0,140.0,Not Applicable,Not Applicable,No,Not Applicable,768,Cash,7,4.1,3.4
2024-07-05 10:43:00,CNR8992911228,Success,CID492211,Prime Sedan,KR Puram,Shivajinagar,203.0,35.0,Not Applicable,Not Applicable,No,Not Applicable,416,UPI,5,3.8,3.1
2024-07-08 22:25:00,CNR1997195255,Success,CID628375,eBike,MG Road,Devanahalli,77.0,45.0,Not Applicable,Not Applicable,No,Not Applicable,196,Cash,22,3.6,4.4
2024-07-09 17:08:00,CNR6387098479,Success,CID322999,Mini,Langford Town,Shivajinagar,77.0,45.0,Not Applicable,Not Applicable,No,Not Applicable,228,Credit Card,47,4.8,3.4
2024-07-13 17:24:00,CNR2042842778,Success,CID270172,Prime Plus,Bellandur,Richmond Town,273.0,30.0,Not Applicable,Not Applicable,No,Not Applicable,112,Cash,4,3.4,3.6
2024-07-24 02:30:00,CNR3872070228,Success,CID684790,Prime Plus,Hulimavu,Devanahalli,273.0,80.0,Not Applicable,Not Applicable,No,Not Applicable,797,UPI,32,4.5,4.4
2024-07-07 01:59:00,CNR9671220431,Success,CID675423,Prime SUV,Koramangala,Kengeri,133.0,50.0,Not Applicable,Not Applicable,No,Not Applicable,227,Cash,34,4.9,5.0
2024-07-10 21:21:00,CNR4617699704,Success,CID506744,Prime SUV,Bannerghatta Road,Whitefield,252.0,75.0,Not Applicable,Not Applicable,No,Not Applicable,785,UPI,43,4.6,3.3
2024-07-25 02:32:00,CNR1255846945,Success,CID647550,Auto,Varthur,Rajajinagar,294.0,145.0,Not Applicable,Not Applicable,No,Not Applicable,335,UPI,6,4.9,4.6
2024-07-10 00:11:00,CNR4570187079,Success,CID868371,Auto,JP Nagar,Chamarajpet,77.0,60.0,Not Applicable,Not Applicable,No,Not Applicable,244,UPI,1,3.6,4.1
2024-07-22 00:08:00,CNR4368957587,Canceled by Customer,CID886447,Prime Plus,Chamarajpet,Kadugodi,,,AC is Not working,Not Applicable,Not Applicable,Not Applicable,2158,Not Applicable,0,,
2024-07-05 12:01:00,CNR3697035069,Success,CID562732,Auto,Jayanagar,Shivajinagar,77.0,95.0,Not Applicable,Not Applicable,No,Not Applicable,1140,Cash,11,5.0,4.0
2024-07-06 11:53:00,CNR9017491499,Canceled by Customer,CID216081,Auto,Koramangala,Mysore Road,,,Driver asked to cancel,Not Applicable,Not Applicable,Not Applicable,263,Not Applicable,0,,
2024-07-06 16:09:00,CNR9802845927,Success,CID880833,Prime Plus,Yelahanka,Kammanahalli,49.0,95.0,Not Applicable,Not Applicable,No,Not Applicable,205,Cash,30,3.3,4.3
2024-07-24 21:14:00,CNR1180679224,Success,CID568808,Mini,Whitefield,JP Nagar,182.0,55.0,Not Applicable,Not Applicable,No,Not Applicable,180,Cash,11,4.8,4.4
2024-07-22 20:05:00,CNR6096443058,Canceled by Driver,CID716353,Prime Sedan,Ulsoor,Koramangala,,,Not Applicable,Customer related issue,Not Applicable,Not Applicable,917,Not Applicable,0,,
2024-07-05 03:16:00,CNR1936513737,Success,CID358590,Auto,Hulimavu,Chickpet,308.0,25.0,Not Applicable,Not Applicable,No,Not Applicable,345,Cash,2,4.9,3.6
2024-07-16 22:01:00,CNR9946141817,Canceled by Driver,CID883856,Prime Sedan,Mysore Road,Magadi Road,,,Not Applicable,Personal & Car related issue,Not Applicable,Not Applicable,360,Not Applicable,0,,
2024-07-17 06:21:00,CNR2046227863,Canceled by Driver,CID316112,Auto,Bellandur,Chamarajpet,,,Not Applicable,Customer related issue,Not Applicable,Not Applicable,151,Not Applicable,0,,
2024-07-07 16:42:00,CNR5814171635,Canceled by Driver,CID435006,Bike,Electronic City,Bellandur,,,Not Applicable,Personal & Car related issue,Not Applicable,Not Applicable,663,Not Applicable,0,,
2024-07-17 23:22:00,CNR1913957768,Canceled by Customer,CID331401,Auto,Hosur Road,Bellandur,,,Wrong Address,Not Applicable,Not Applicable,Not Applicable,301,Not Applicable,0,,
2024-07-25 16:32:00,CNR6571435195,Success,CID662582,Auto,Nagarbhavi,Shantinagar,168.0,45.0,Not Applicable,Not Applicable,No,Not Applicable,2041,Cash,6,4.7,4.3
2024-07-22 23:56:00,CNR1919836408,Success,CID481811,Prime Plus,Richmond Town,Kengeri,63.0,120.0,Not Applicable,Not Applicable,No,Not Applicable,176,Cash,46,4.0,5.0
2024-07-11 15:49:00,CNR5108560220,Canceled by Customer,CID933655,Prime Plus,Malleshwaram,Kengeri,,,AC is Not working,Not Applicable,Not Applicable,Not Applicable,474,Not Applicable,0,,
2024-07-22 04:23:00,CNR3116957134,Canceled by Customer,CID845321,Bike,Hosur Road,Chamarajpet,,,AC is Not working,Not Applicable,Not Applicable,Not Applicable,433,Not Applicable,0,,
2024-07-27 17:47:00,CNR3626696503,Success,CID960305,Bike,Kammanahalli,Richmond Town,308.0,145.0,Not Applicable,Not Applicable,No,Not Applicable,207,UPI,10,5.0,4.0
2024-07-26 12:57:00,CNR7723070168,Canceled by Driver,CID529248,Bike,BTM Layout,Kadugodi,,,Not Applicable,Personal & Car related issue,Not Applicable,Not Applicable,589,Not Applicable,0,,
2024-07-02 13:45:00,CNR3076273036,Driver Not Found,CID699057,Bike,Varthur,Yeshwanthpur,,,Not Applicable,Not Applicable,Not Applicable,Not Applicable,2187,Not Applicable,0,,
2024-07-21 23:05:00,CNR3196748879,Canceled by Customer,CID295494,eBike,Indiranagar,Basavanagudi,,,Driver is not moving towards pickup location,Not Applicable,Not Applicable,Not Applicable,398,Not Applicable,0,,
2024-07-29 11:06:00,CNR1384328279,Success,CID343635,Mini,KR Puram,Bannerghatta Road,301.0,55.0,Not Applicable,Not Applicable,No,Not Applicable,457,Cash,30,3.6,3.5
2024-07-28 16:40:00,CNR2160536316,Success,CID162226,Auto,Basavanagudi,JP Nagar,126.0,75.0,Not Applicable,Not Applicable,No,Not Applicable,828,Credit Card,3,4.8,4.9
2024-07-05 14:33:00,CNR4558913216,Canceled by Customer,CID115468,Mini,Ulsoor,Jayanagar,,,Driver is not moving towards pickup location,Not Applicable,Not Applicable,Not Applicable,370,Not Applicable,0,,
2024-07-13 05:52:00,CNR6138100144,Success,CID777365,Auto,RT Nagar,JP Nagar,91.0,70.0,Not Applicable,Not Applicable,No,Not Applicable,334,Cash,15,4.4,3.2
2024-07-19 09:02:00,CNR8610688619,Success,CID154059,Prime Plus,Sarjapur Road,Frazer Town,203.0,115.0,Not Applicable,Not Applicable,No,Not Applicable,446,UPI,49,4.3,3.7
2024-07-28 10:51:00,CNR4043703391,Success,CID863394,Bike,Padmanabhanagar,Ramamurthy Nagar,308.0,75.0,Not Applicable,Not Applicable,No,Not Applicable,143,Cash,37,3.1,5.0
2024-07-18 11:42:00,CNR4180224450,Canceled by Driver,CID861031,Prime Sedan,Richmond Town,Bellandur,,,Not Applicable,Personal & Car related issue,Not Applicable,Not Applicable,141,Not Applicable,0,,
2024-07-12 21:53:00,CNR1932552302,Driver Not Found,CID238335,Bike,Marathahalli,HSR Layout,,,Not Applicable,Not Applicable,Not Applicable,Not Applicable,483,Not Applicable,0,,
2024-07-08 10:12:00,CNR5857079277,Success,CID225611,Mini,Banashankari,Rajajinagar,217.0,85.0,Not Applicable,Not Applicable,No,Not Applicable,431,UPI,43,3.9,4.4
2024-07-11 07:24:00,CNR2665189348,Canceled by Customer,CID560526,Prime SUV,Sarjapur Road,Peenya,,,Driver is not moving towards pickup location,Not Applicable,Not Applicable,Not Applicable,450,Not Applicable,0,,
2024-07-17 19:00:00,CNR4218275021,Success,CID407981,Mini,Varthur,Yelahanka,273.0,130.0,Not Applicable,Not Applicable,No,Not Applicable,161,Cash,5,3.5,5.0
2024-07-29 02:58:00,CNR9238834942,Success,CID217592,Prime Plus,Nagarbhavi,Ramamurthy Nagar,175.0,90.0,Not Applicable,Not Applicable,No,Not Applicable,255,UPI,2,4.0,4.4
2024-07-14 10:30:00,CNR1120466126,Success,CID424012,Auto,Mysore Road,Ulsoor,105.0,65.0,Not Applicable,Not Applicable,No,Not Applicable,802,Cash,2,4.8,4.9
2024-07-17 22:04:00,CNR5902313930,Success,CID816954,Prime SUV,Whitefield,Vijayanagar,98.0,25.0,Not Applicable,Not Applicable,No,Not Applicable,720,Cash,49,4.3,3.8
2024-07-22 03:08:00,CNR3834501686,Canceled by Driver,CID798297,Prime SUV,Yeshwanthpur,Sarjapur Road,,,Not Applicable,Personal & Car related issue,Not Applicable,Not Applicable,242,Not Applicable,0,,
2024-07-23 13:19:00,CNR1238965890,Success,CID113498,Prime Plus,Frazer Town,Koramangala,147.0,115.0,Not Applicable,Not Applicable,No,Not Applicable,923,Cash,45,3.8,4.8
2024-07-15 02:27:00,CNR4950591719,Canceled by Driver,CID534530,Prime SUV,Sarjapur Road,Malleshwaram,,,Not Applicable,Customer related issue,Not Applicable,Not Applicable,136,Not Applicable,0,,
2024-07-03 13:09:00,CNR9119589155,Canceled by Driver,CID710145,Prime Plus,HSR Layout,Hebbal,,,Not Applicable,Customer was coughing/sick,Not Applicable,Not Applicable,291,Not Applicable,0,,
2024-07-02 05:38:00,CNR9834771342,Success,CID633011,Auto,Varthur,Magadi Road,224.0,80.0,Not Applicable,Not Applicable,No,Not Applicable,166,UPI,12,4.9,3.3
2024-07-03 17:14:00,CNR1248276261,Success,CID972409,Auto,BTM Layout,Hosur Road,56.0,25.0,Not Applicable,Not Applicable,No,Not Applicable,1355,Cash,3,3.9,4.9
2024-07-23 23:13:00,CNR9165224540,Canceled by Driver,CID720199,Prime SUV,Frazer Town,Rajarajeshwari Nagar,,,Not Applicable,Customer was coughing/sick,Not Applicable,Not Applicable,246,Not Applicable,0,,
2024-07-15 09:13:00,CNR3942139970,Canceled by Driver,CID128451,Auto,Kengeri,Hebbal,,,Not Applicable,More than permitted people in there,Not Applicable,Not Applicable,139,Not Applicable,0,,
2024-07-21 22:28:00,CNR6176611657,Canceled by Driver,CID573044,Prime Plus,KR Puram,Padmanabhanagar,,,Not Applicable,Customer was coughing/sick,Not Applicable,Not Applicable,399,Not Applicable,0,,
2024-07-13 09:55:00,CNR4372432292,Success,CID620838,Bike,Varthur,HSR Layout,105.0,100.0,Not Applicable,Not Applicable,No,Not Applicable,1458,UPI,6,4.7,3.7
2024-07-07 21:44:00,CNR3341634641,Driver Not Found,CID917713,Mini,Peenya,Whitefield,,,Not Applicable,Not Applicable,Not Applicable,Not Applicable,594,Not Applicable,0,,
2024-07-28 12:17:00,CNR2070858952,Success,CID156140,eBike,Banashankari,Yelahanka,84.0,55.0,Not Applicable,Not Applicable,No,Not Applicable,206,Cash,34,4.7,4.0
2024-07-21 12:30:00,CNR7089145471,Success,CID196494,Bike,Yelahanka,Sarjapur Road,105.0,120.0,Not Applicable,Not Applicable,No,Not Applicable,108,UPI,14,3.7,3.9
2024-07-30 22:14:00,CNR9591183186,Canceled by Driver,CID954815,Bike,Cox Town,Kadugodi,,,Not Applicable,Personal & Car related issue,Not Applicable,Not Applicable,257,Not Applicable,0,,
2024-07-26 19:52:00,CNR8041725573,Success,CID928759,eBike,Kammanahalli,Kadugodi,56.0,90.0,Not Applicable,Not Applicable,No,Not Applicable,420,Cash,37,5.0,3.1
2024-07-22 08:57:00,CNR8288751969,Canceled by Driver,CID238671,Prime SUV,Whitefield,Hosur Road,,,Not Applicable,More than permitted people in there,Not Applicable,Not Applicable,746,Not Applicable,0,,
2024-07-03 01:01:00,CNR5584485267,Success,CID805173,Auto,Indiranagar,Malleshwaram,238.0,70.0,Not Applicable,Not Applicable,No,Not Applicable,244,Cash,16,4.3,4.2
2024-07-04 02:44:00,CNR8088121047,Success,CID282946,Bike,HSR Layout,Magadi Road,210.0,80.0,Not Applicable,Not Applicable,No,Not Applicable,382,Cash,44,3.4,3.4
2024-07-22 10:00:00,CNR4548013034,Success,CID132433,Prime Sedan,HSR Layout,Indiranagar,210.0,115.0,Not Applicable,Not Applicable,No,Not Applicable,2637,Cash,47,4.0,4.2
2024-07-28 13:09:00,CNR4301011088,Success,CID888286,Mini,Marathahalli,Yelahanka,231.0,85.0,Not Applicable,Not Applicable,No,Not Applicable,817,UPI,16,3.5,4.5
2024-07-09 10:42:00,CNR3948269227,Success,CID407877,Prime Plus,Electronic City,Kengeri,147.0,55.0,Not Applicable,Not Applicable,No,Not Applicable,1564,Cash,35,4.2,3.4
2024-07-26 17:01:00,CNR3473159454,Success,CID712708,Bike,Chickpet,Kadugodi,273.0,105.0,Not Applicable,Not Applicable,No,Not Applicable,1973,Cash,45,3.8,4.6
2024-07-27 09:42:00,CNR3850652526,Canceled by Customer,CID887545,Mini,Banashankari,Chamarajpet,,,AC is Not working,Not Applicable,Not Applicable,Not Applicable,286,Not Applicable,0,,
2024-07-02 21:13:00,CNR5405958504,Success,CID601278,Prime SUV,Sarjapur Road,Tumkur Road,238.0,95.0,Not Applicable,Not Applicable,No,Not Applicable,109,UPI,33,3.8,3.2
2024-07-03 01:22:00,CNR5947293493,Success,CID676597,Prime SUV,Frazer Town,Chickpet,63.0,65.0,Not Applicable,Not Applicable,No,Not Applicable,940,UPI,7,5.0,3.5
2024-07-24 01:52:00,CNR5917202031,Canceled by Driver,CID604300,Bike,Magadi Road,Basavanagudi,,,Not Applicable,Customer was coughing/sick,Not Applicable,Not Applicable,316,Not Applicable,0,,
2024-07-23 18:45:00,CNR3234631111,Success,CID301711,Mini,Tumkur Road,Hosur Road,168.0,110.0,Not Applicable,Not Applicable,No,Not Applicable,754,UPI,25,3.7,4.0
2024-07-27 14:49:00,CNR6466468807,Success,CID589061,Prime Sedan,Hennur,Kammanahalli,77.0,30.0,Not Applicable,Not Applicable,No,Not Applicable,184,Cash,44,4.1,4.3
2024-07-06 05:06:00,CNR3632521352,Success,CID952263,Prime SUV,Ramamurthy Nagar,Rajarajeshwari Nagar,105.0,50.0,Not Applicable,Not Applicable,No,Not Applicable,647,Cash,20,4.9,4.9
2024-07-12 05:51:00,CNR5730239489,Success,CID547883,Bike,Cox Town,Kammanahalli,182.0,75.0,Not Applicable,Not Applicable,Yes,Vehicle Breakdown,267,Cash,45,4.1,4.0
2024-07-19 09:28:00,CNR9955983252,Success,CID422744,eBike,Langford Town,Mysore Road,273.0,110.0,Not Applicable,Not Applicable,No,Not Applicable,349,Cash,41,3.8,3.6
2024-07-09 13:21:00,CNR1504201218,Success,CID767250,Mini,Marathahalli,Kadugodi,42.0,70.0,Not Applicable,Not Applicable,Yes,Vehicle Breakdown,635,UPI,14,3.7,4.3
2024-07-20 07:45:00,CNR1763140051,Success,CID787748,Prime Sedan,Bannerghatta Road,Padmanabhanagar,154.0,50.0,Not Applicable,Not Applicable,No,Not Applicable,780,Cash,12,3.2,3.6
2024-07-20 04:00:00,CNR4691052354,Success,CID577515,Prime SUV,Tumkur Road,Indiranagar,91.0,140.0,Not Applicable,Not Applicable,No,Not Applicable,443,UPI,6,4.4,3.4
2024-07-11 09:51:00,CNR4245936064,Success,CID798507,Prime SUV,Padmanabhanagar,Jayanagar,238.0,25.0,Not Applicable,Not Applicable,No,Not Applicable,719,Cash,5,3.4,3.4
2024-07-15 00:32:00,CNR1986936423,Driver Not Found,CID652758,Mini,Majestic,Peenya,,,Not Applicable,Not Applicable,Not Applicable,Not Applicable,583,Not Applicable,0,,
2024-07-22 16:32:00,CNR5414311057,Canceled by Customer,CID843777,eBike,Varthur,Sarjapur Road,,,Driver is not moving towards pickup location,Not Applicable,Not Applicable,Not Applicable,135,Not Applicable,0,,
2024-07-08 12:23:00,CNR5850977511,Success,CID371003,Mini,Chickpet,Sarjapur Road,252.0,40.0,Not Applicable,Not Applicable,No,Not Applicable,309,UPI,1,4.3,4.9
2024-07-20 14:50:00,CNR6005928224,Success,CID280684,eBike,Varthur,Shivajinagar,252.0,30.0,Not Applicable,Not Applicable,No,Not Applicable,130,Cash,22,4.8,4.8
2024-07-16 15:21:00,CNR7624220557,Success,CID838649,eBike,Hebbal,Malleshwaram,273.0,110.0,Not Applicable,Not Applicable,No,Not Applicable,487,Cash,23,3.7,4.7
2024-07-16 04:04:00,CNR5094638612,Success,CID820618,Prime Plus,MG Road,MG Road,112.0,80.0,Not Applicable,Not Applicable,No,Not Applicable,599,UPI,15,4.0,3.4
2024-07-04 22:27:00,CNR7676084886,Success,CID396955,Auto,KR Puram,Banashankari,273.0,80.0,Not Applicable,Not Applicable,No,Not Applicable,583,Cash,6,3.7,4.5
2024-07-19 12:02:00,CNR1058370763,Canceled by Driver,CID275713,Prime Plus,Marathahalli,Koramangala,,,Not Applicable,More than permitted people in there,Not Applicable,Not Applicable,341,Not Applicable,0,,
2024-07-08 01:35:00,CNR5647268050,Canceled by Driver,CID773368,Mini,Cox Town,Marathahalli,,,Not Applicable,Customer related issue,Not Applicable,Not Applicable,2356,Not Applicable,0,,
2024-07-05 09:17:00,CNR8958897153,Success,CID383255,Prime Sedan,Langford Town,Rajajinagar,112.0,90.0,Not Applicable,Not Applicable,No,Not Applicable,445,Cash,16,3.0,3.4
2024-07-10 17:00:00,CNR8510919604,Canceled by Driver,CID450060,Bike,KR Puram,Peenya,,,Not Applicable,More than permitted people in there,Not Applicable,Not Applicable,2752,Not Applicable,0,,
2024-07-04 08:09:00,CNR5203136394,Success,CID846559,Prime Sedan,Majestic,Chickpet,280.0,130.0,Not Applicable,Not Applicable,No,Not Applicable,331,UPI,48,3.7,3.0
2024-07-25 11:10:00,CNR4441110951,Canceled by Driver,CID778073,Prime Plus,Padmanabhanagar,Koramangala,,,Not Applicable,Customer was coughing/sick,Not Applicable,Not Applicable,2598,Not Applicable,0,,
2024-07-30 18:21:00,CNR5416693118,Success,CID478064,Auto,Kammanahalli,Vijayanagar,175.0,135.0,Not Applicable,Not Applicable,No,Not Applicable,325,UPI,7,3.4,3.8
2024-07-16 00:11:00,CNR9456257450,Success,CID913866,Prime SUV,Sahakar Nagar,Bellandur,168.0,80.0,Not Applicable,Not Applicable,No,Not Applicable,155,UPI,37,4.3,3.1
2024-07-01 18:37:00,CNR6969622295,Canceled by Driver,CID357999,eBike,Whitefield,Basavanagudi,,,Not Applicable,Customer was coughing/sick,Not Applicable,Not Applicable,348,Not Applicable,0,,
2024-07-16 15:36:00,CNR9820385959,Success,CID864152,Auto,Varthur,Mysore Road,210.0,95.0,Not Applicable,Not Applicable,No,Not Applicable,373,Cash,10,3.2,4.5
2024-07-28 18:36:00,CNR8615495028,Success,CID609316,Auto,Bannerghatta Road,Peenya,98.0,140.0,Not Applicable,Not Applicable,Yes,Vehicle Breakdown,387,Cash,4,4.6,4.6
2024-07-21 18:39:00,CNR1695552392,Success,CID829586,Mini,JP Nagar,BTM Layout,91.0,115.0,Not Applicable,Not Applicable,No,Not Applicable,960,UPI,47,3.0,4.1
2024-07-23 14:49:00,CNR4006617648,Success,CID665656,Prime SUV,Vijayanagar,Shantinagar,231.0,70.0,Not Applicable,Not Applicable,Yes,Customer Demand,2911,UPI,22,3.4,4.2
2024-07-29 10:10:00,CNR3494419797,Success,CID966344,eBike,BTM Layout,Basavanagudi,280.0,125.0,Not Applicable,Not Applicable,No,Not Applicable,2658,Cash,7,3.8,4.9
2024-07-04 09:03:00,CNR2172088723,Success,CID762673,Prime Plus,HSR Layout,Peenya,161.0,75.0,Not Applicable,Not Applicable,No,Not Applicable,273,UPI,35,4.8,3.7
2024-07-12 11:17:00,CNR7524203553,Success,CID381945,eBike,Koramangala,Majestic,182.0,110.0,Not Applicable,Not Applicable,No,Not Applicable,342,UPI,23,4.4,4.4
2024-07-12 22:19:00,CNR8735785294,Success,CID618105,Mini,Padmanabhanagar,Chamarajpet,168.0,135.0,Not Applicable,Not Applicable,No,Not Applicable,216,Cash,29,3.2,5.0
2024-07-29 07:51:00,CNR5856807549,Success,CID946093,Prime Sedan,Kadugodi,Yeshwanthpur,105.0,135.0,Not Applicable,Not Applicable,No,Not Applicable,327,UPI,24,3.5,4.9
2024-07-02 19:31:00,CNR3623327722,Canceled by Driver,CID989460,eBike,Chamarajpet,Ramamurthy Nagar,,,Not Applicable,Customer was coughing/sick,Not Applicable,Not Applicable,421,Not Applicable,0,,
2024-07-05 21:28:00,CNR6251473836,Success,CID158117,Bike,Basavanagudi,Kammanahalli,112.0,105.0,Not Applicable,Not Applicable,No,Not Applicable,679,Cash,26,3.5,4.0
2024-07-27 22:40:00,CNR1632513880,Success,CID993181,Prime Sedan,Yeshwanthpur,Cox Town,238.0,50.0,Not Applicable,Not Applicable,No,Not Applicable,700,UPI,46,3.6,4.4
2024-07-12 03:01:00,CNR6208341129,Success,CID879255,Prime Sedan,Yeshwanthpur,Majestic,217.0,135.0,Not Applicable,Not Applicable,No,Not Applicable,251,Cash,11,4.7,4.4
2024-07-22 08:38:00,CNR4999562387,Success,CID204692,Prime Sedan,Frazer Town,Marathahalli,70.0,135.0,Not Applicable,Not Applicable,No,Not Applicable,404,Cash,8,3.8,4.1
2024-07-14 20:50:00,CNR1589149871,Canceled by Driver,CID648445,Prime SUV,Kengeri,Marathahalli,,,Not Applicable,Customer was coughing/sick,Not Applicable,Not Applicable,336,Not Applicable,0,,
2024-07-09 16:00:00,CNR7274073189,Canceled by Customer,CID119375,Prime Plus,Kengeri,Shivajinagar,,,Driver is not moving towards pickup location,Not Applicable,Not Applicable,Not Applicable,1604,Not Applicable,0,,
2024-07-26 03:29:00,CNR7220858359,Canceled by Customer,CID245670,Auto,JP Nagar,Rajajinagar,,,Change of plans,Not Applicable,Not Applicable,Not Applicable,455,Not Applicable,0,,
2024-07-12 18:51:00,CNR9917028322,Success,CID857112,eBike,Vijayanagar,Chamarajpet,175.0,30.0,Not Applicable,Not Applicable,No,Not Applicable,465,UPI,31,3.7,4.0
2024-07-10 05:39:00,CNR6988578997,Success,CID127521,Bike,Whitefield,Yeshwanthpur,231.0,105.0,Not Applicable,Not Applicable,No,Not Applicable,496,Cash,45,4.3,4.3
2024-07-29 05:36:00,CNR1005665018,Success,CID615262,Mini,MG Road,Banashankari,105.0,120.0,Not Applicable,Not Applicable,No,Not Applicable,264,Cash,5,3.4,3.3
2024-07-14 19:04:00,CNR4562850209,Success,CID702431,Auto,Hebbal,Langford Town,294.0,115.0,Not Applicable,Not Applicable,No,Not Applicable,498,Cash,5,3.1,4.5
2024-07-30 14:52:00,CNR7062969648,Canceled by Driver,CID588590,Prime Plus,Ramamurthy Nagar,Ramamurthy Nagar,,,Not Applicable,Customer related issue,Not Applicable,Not Applicable,649,Not Applicable,0,,
2024-07-08 13:25:00,CNR7952669192,Canceled by Driver,CID493535,Auto,BTM Layout,Hulimavu,,,Not Applicable,More than permitted people in there,Not Applicable,Not Applicable,432,Not Applicable,0,,
2024-07-13 22:52:00,CNR7721603723,Success,CID573247,Auto,Banashankari,BTM Layout,56.0,110.0,Not Applicable,Not Applicable,No,Not Applicable,444,UPI,12,4.4,3.4
2024-07-05 04:18:00,CNR1384781163,Success,CID975169,Prime SUV,Bannerghatta Road,Mysore Road,133.0,110.0,Not Applicable,Not Applicable,No,Not Applicable,298,UPI,47,3.8,4.7
2024-07-18 08:06:00,CNR3385163305,Success,CID408796,Mini,Devanahalli,Hosur Road,182.0,25.0,Not Applicable,Not Applicable,No,Not Applicable,370,UPI,4,3.3,4.6
2024-07-19 12:29:00,CNR8109190279,Success,CID985671,eBike,Chickpet,Kammanahalli,280.0,130.0,Not Applicable,Not Applicable,No,Not Applicable,682,Cash,12,4.4,4.9
2024-07-09 14:10:00,CNR4712500812,Success,CID265176,Bike,Mysore Road,BTM Layout,294.0,110.0,Not Applicable,Not Applicable,No,Not Applicable,177,Cash,36,4.7,3.2
2024-07-19 17:02:00,CNR9706014633,Success,CID648305,Mini,Ramamurthy Nagar,Peenya,301.0,145.0,Not Applicable,Not Applicable,No,Not Applicable,409,Cash,12,3.8,4.4
2024-07-07 00:31:00,CNR9790859314,Success,CID747284,Prime SUV,HSR Layout,HSR Layout,105.0,145.0,Not Applicable,Not Applicable,No,Not Applicable,352,UPI,30,3.3,3.2
2024-07-14 09:07:00,CNR3853550187,Driver Not Found,CID259030,Bike,Chamarajpet,Sahakar Nagar,,,Not Applicable,Not Applicable,Not Applicable,Not Applicable,440,Not Applicable,0,,
2024-07-04 03:18:00,CNR7469411092,Driver Not Found,CID435232,Bike,Kadugodi,JP Nagar,,,Not Applicable,Not Applicable,Not Applicable,Not Applicable,217,Not Applicable,0,,
2024-07-10 18:20:00,CNR6070329444,Driver Not Found,CID727874,Prime Plus,BTM Layout,Marathahalli,,,Not Applicable,Not Applicable,Not Applicable,Not Applicable,189,Not Applicable,0,,
2024-07-04 16:49:00,CNR4015642561,Canceled by Driver,CID104674,Bike,Majestic,Yeshwanthpur,,,Not Applicable,Customer was coughing/sick,Not Applicable,Not Applicable,993,Not Applicable,0,,
2024-07-23 15:21:00,CNR4479230562,Canceled by Customer,CID707164,Prime Sedan,Varthur,Banashankari,,,Driver is not moving towards pickup location,Not Applicable,Not Applicable,Not Applicable,262,Not Applicable,0,,
2024-07-16 13:56:00,CNR1291571440,Success,CID626925,eBike,Kengeri,Hulimavu,119.0,30.0,Not Applicable,Not Applicable,No,Not Applicable,429,Cash,3,3.5,5.0
2024-07-03 13:06:00,CNR8550841516,Canceled by Customer,CID323830,eBike,Basavanagudi,Malleshwaram,,,Driver is not moving towards pickup location,Not Applicable,Not Applicable,Not Applicable,312,Not Applicable,0,,
2024-07-10 11:11:00,CNR7059740380,Success,CID731190,Auto,Varthur,Ulsoor,98.0,120.0,Not Applicable,Not Applicable,No,Not Applicable,883,Cash,15,3.7,3.5
2024-07-04 14:20:00,CNR1995770027,Success,CID669647,Bike,Rajajinagar,Banashankari,273.0,115.0,Not Applicable,Not Applicable,No,Not Applicable,334,UPI,11,4.9,4.4
2024-07-20 14:53:00,CNR1779769456,Success,CID760941,Auto,Kadugodi,Yelahanka,238.0,30.0,Not Applicable,Not Applicable,No,Not Applicable,372,Cash,10,3.7,3.8
2024-07-06 16:05:00,CNR1277996537,Canceled by Customer,CID203342,Prime Sedan,Hebbal,Nagarbhavi,,,Driver is not moving towards pickup location,Not Applicable,Not Applicable,Not Applicable,415,Not Applicable,0,,
2024-07-23 15:20:00,CNR2153726666,Success,CID108137,Prime Sedan,Rajajinagar,Magadi Road,182.0,60.0,Not Applicable,Not Applicable,No,Not Applicable,411,UPI,1,3.0,4.0
2024-07-01 22:58:00,CNR4427181479,Success,CID339449,Prime Sedan,Jayanagar,Marathahalli,301.0,85.0,Not Applicable,Not Applicable,No,Not Applicable,792,UPI,19,4.5,3.9
2024-07-13 18:44:00,CNR7125885789,Success,CID952665,Bike,Bannerghatta Road,Chamarajpet,77.0,80.0,Not Applicable,Not Applicable,No,Not Applicable,1595,Cash,40,4.7,3.1
2024-07-11 19:42:00,CNR4076612207,Success,CID146997,Mini,BTM Layout,Ulsoor,161.0,85.0,Not Applicable,Not Applicable,No,Not Applicable,182,UPI,46,3.1,3.3
2024-07-21 15:59:00,CNR3442108943,Canceled by Customer,CID572741,Prime Sedan,Marathahalli,Indiranagar,,,AC is Not working,Not Applicable,Not Applicable,Not Applicable,431,Not Applicable,0,,
2024-07-20 06:39:00,CNR1980991157,Canceled by Driver,CID196722,Bike,Ramamurthy Nagar,Kadugodi,,,Not Applicable,Customer was coughing/sick,Not Applicable,Not Applicable,136,Not Applicable,0,,
2024-07-25 05:11:00,CNR1622434075,Success,CID189435,Prime Plus,Basavanagudi,Hebbal,245.0,45.0,Not Applicable,Not Applicable,Yes,Customer Demand,449,UPI,10,4.9,3.8
2024-07-18 08:06:00,CNR6381241086,Success,CID755357,Prime Sedan,Hebbal,Chickpet,196.0,140.0,Not Applicable,Not Applicable,No,Not Applicable,405,Cash,33,3.9,4.5
2024-07-22 14:05:00,CNR1168468315,Success,CID995118,Bike,Hennur,Chickpet,147.0,120.0,Not Applicable,Not Applicable,No,Not Applicable,324,UPI,34,3.9,4.3
2024-07-25 07:06:00,CNR4601275692,Canceled by Driver,CID615610,Prime Plus,JP Nagar,BTM Layout,,,Not Applicable,Personal & Car related issue,Not Applicable,Not Applicable,146,Not Applicable,0,,
2024-07-06 23:50:00,CNR7747316456,Driver Not Found,CID353501,eBike,Chamarajpet,Langford Town,,,Not Applicable,Not Applicable,Not Applicable,Not Applicable,428,Not Applicable,0,,
2024-07-05 01:56:00,CNR4532055421,Success,CID728748,Auto,Indiranagar,Banashankari,70.0,110.0,Not Applicable,Not Applicable,No,Not Applicable,2131,UPI,1,4.0,3.5
2024-07-28 13:48:00,CNR1120944136,Canceled by Customer,CID898909,Prime SUV,Hebbal,Sahakar Nagar,,,Change of plans,Not Applicable,Not Applicable,Not Applicable,173,Not Applicable,0,,
2024-07-15 08:30:00,CNR1147355193,Canceled by Driver,CID878397,Mini,Whitefield,Koramangala,,,Not Applicable,Personal & Car related issue,Not Applicable,Not Applicable,465,Not Applicable,0,,
2024-07-11 13:24:00,CNR7564175384,Success,CID821286,Mini,Kammanahalli,Cox Town,308.0,100.0,Not Applicable,Not Applicable,No,Not Applicable,124,Cash,28,4.5,4.0
2024-07-26 06:47:00,CNR3137981497,Success,CID415205,Bike,HSR Layout,Padmanabhanagar,35.0,35.0,Not Applicable,Not Applicable,No,Not Applicable,788,UPI,41,3.1,3.4
2024-07-10 06:40:00,CNR7546506530,Driver Not Found,CID771385,Prime SUV,Frazer Town,Sahakar Nagar,,,Not Applicable,Not Applicable,Not Applicable,Not Applicable,1146,Not Applicable,0,,
2024-07-06 21:42:00,CNR3941355975,Success,CID634465,Bike,HSR Layout,Frazer Town,91.0,50.0,Not Applicable,Not Applicable,No,Not Applicable,242,UPI,13,3.4,4.4
2024-07-27 06:21:00,CNR6496801855,Success,CID731518,Auto,Kengeri,Yeshwanthpur,133.0,115.0,Not Applicable,Not Applicable,No,Not Applicable,427,UPI,16,3.5,3.7
2024-07-05 10:25:00,CNR5549823542,Success,CID828068,Prime SUV,Devanahalli,Tumkur Road,126.0,35.0,Not Applicable,Not Applicable,No,Not Applicable,319,Cash,18,3.1,4.9
2024-07-25 10:04:00,CNR8246115618,Canceled by Customer,CID861063,Mini,RT Nagar,Hebbal,,,Driver asked to cancel,Not Applicable,Not Applicable,Not Applicable,152,Not Applicable,0,,
2024-07-18 12:55:00,CNR2648938406,Canceled by Driver,CID228828,Prime Sedan,Sahakar Nagar,Cox Town,,,Not Applicable,Customer was coughing/sick,Not Applicable,Not Applicable,384,Not Applicable,0,,
2024-07-15 11:56:00,CNR3598151982,Success,CID935130,Bike,Frazer Town,Hosur Road,98.0,80.0,Not Applicable,Not Applicable,No,Not Applicable,152,Cash,12,3.2,4.2
2024-07-17 23:14:00,CNR7628033749,Canceled by Driver,CID271900,Auto,HSR Layout,Rajajinagar,,,Not Applicable,Customer related issue,Not Applicable,Not Applicable,324,Not Applicable,0,,
2024-07-07 20:06:00,CNR2799193660,Success,CID529315,Bike,Hennur,Hulimavu,105.0,80.0,Not Applicable,Not Applicable,No,Not Applicable,323,Cash,25,3.4,4.5
2024-07-29 01:38:00,CNR2992467164,Success,CID350961,eBike,Chamarajpet,Frazer Town,273.0,135.0,Not Applicable,Not Applicable,No,Not Applicable,319,Cash,31,4.6,3.8
2024-07-11 20:13:00,CNR6427211057,Success,CID650885,Prime Sedan,Hebbal,Rajarajeshwari Nagar,196.0,65.0,Not Applicable,Not Applicable,No,Not Applicable,432,UPI,25,3.4,3.3
2024-07-11 13:55:00,CNR4554128642,Canceled by Driver,CID405921,Bike,Langford Town,Bellandur,,,Not Applicable,Personal & Car related issue,Not Applicable,Not Applicable,379,Not Applicable,0,,
2024-07-16 01:13:00,CNR7478400443,Canceled by Driver,CID387503,Bike,Koramangala,Jayanagar,,,Not Applicable,Personal & Car related issue,Not Applicable,Not Applicable,188,Not Applicable,0,,
2024-07-25 03:41:00,CNR2431459814,Canceled by Driver,CID312426,Prime Plus,Electronic City,Hebbal,,,Not Applicable,Personal & Car related issue,Not Applicable,Not Applicable,190,Not Applicable,0,,
2024-07-17 16:15:00,CNR7066459921,Canceled by Driver,CID101944,Mini,Hennur,Ulsoor,,,Not Applicable,Customer was coughing/sick,Not Applicable,Not Applicable,345,Not Applicable,0,,
2024-07-09 22:29:00,CNR2617558908,Success,CID307226,eBike,Malleshwaram,Rajajinagar,105.0,35.0,Not Applicable,Not Applicable,No,Not Applicable,592,Cash,44,4.0,4.5
2024-07-10 01:12:00,CNR5738522500,Canceled by Driver,CID328532,Prime Sedan,Hulimavu,Nagarbhavi,,,Not Applicable,Customer was coughing/sick,Not Applicable,Not Applicable,183,Not Applicable,0,,
2024-07-08 07:07:00,CNR7244114695,Success,CID370273,Prime SUV,Kammanahalli,Marathahalli,287.0,90.0,Not Applicable,Not Applicable,No,Not Applicable,722,Cash,8,4.4,3.3
2024-07-24 19:16:00,CNR8619540805,Success,CID281377,Prime Plus,Nagarbhavi,Kammanahalli,266.0,145.0,Not Applicable,Not Applicable,No,Not Applicable,174,Cash,47,4.3,3.0
2024-07-24 08:15:00,CNR1795513966,Driver Not Found,CID370907,Prime Plus,Padmanabhanagar,Malleshwaram,,,Not Applicable,Not Applicable,Not Applicable,Not Applicable,1241,Not Applicable,0,,
2024-07-27 12:58:00,CNR8312972750,Success,CID872275,Prime Sedan,Electronic City,Devanahalli,203.0,140.0,Not Applicable,Not Applicable,No,Not Applicable,582,Cash,1,4.8,3.2
2024-07-15 04:56:00,CNR7874880192,Success,CID127194,Prime Sedan,Yeshwanthpur,MG Road,259.0,40.0,Not Applicable,Not Applicable,No,Not Applicable,1653,UPI,14,3.0,3.3
2024-07-24 02:40:00,CNR8669475290,Canceled by Driver,CID507137,Prime Sedan,Yeshwanthpur,Bannerghatta Road,,,Not Applicable,Personal & Car related issue,Not Applicable,Not Applicable,753,Not Applicable,0,,
2024-07-07 10:58:00,CNR8768789993,Success,CID802760,Prime Sedan,Bannerghatta Road,Tumkur Road,140.0,60.0,Not Applicable,Not Applicable,No,Not Applicable,384,Cash,11,4.0,3.9
2024-07-24 19:35:00,CNR2183695434,Canceled by Customer,CID846087,eBike,Indiranagar,Yelahanka,,,Driver is not moving towards pickup location,Not Applicable,Not Applicable,Not Applicable,184,Not Applicable,0,,
2024-07-30 06:44:00,CNR3095152520,Success,CID924289,Auto,Langford Town,Chamarajpet,42.0,85.0,Not Applicable,Not Applicable,No,Not Applicable,426,UPI,3,3.6,3.2
2024-07-08 06:05:00,CNR2211831576,Canceled by Driver,CID806654,Prime Plus,KR Puram,Ramamurthy Nagar,,,Not Applicable,Customer related issue,Not Applicable,Not Applicable,386,Not Applicable,0,,
2024-07-08 21:23:00,CNR1104834368,Driver Not Found,CID853086,Prime Plus,Rajarajeshwari Nagar,Richmond Town,,,Not Applicable,Not Applicable,Not Applicable,Not Applicable,835,Not Applicable,0,,
2024-07-06 22:42:00,CNR1646301743,Success,CID467210,Auto,Mysore Road,Langford Town,182.0,125.0,Not Applicable,Not Applicable,No,Not Applicable,144,Cash,17,5.0,4.2
2024-07-25 15:52:00,CNR2241426273,Success,CID954104,Prime Plus,Mysore Road,Jayanagar,175.0,130.0,Not Applicable,Not Applicable,No,Not Applicable,832,Cash,43,4.8,3.8
2024-07-11 06:01:00,CNR3262515741,Success,CID808755,Prime Plus,Devanahalli,Bannerghatta Road,245.0,60.0,Not Applicable,Not Applicable,No,Not Applicable,281,Cash,3,3.7,4.2
2024-07-09 14:20:00,CNR3462918264,Success,CID112214,Prime SUV,RT Nagar,JP Nagar,140.0,110.0,Not Applicable,Not Applicable,No,Not Applicable,462,Cash,8,4.5,4.5
2024-07-13 07:28:00,CNR2839530184,Success,CID118964,Prime SUV,Banashankari,Hulimavu,294.0,140.0,Not Applicable,Not Applicable,No,Not Applicable,469,UPI,47,3.0,4.5
2024-07-09 00:08:00,CNR5146830160,Success,CID975296,Prime Sedan,Rajajinagar,Cox Town,98.0,105.0,Not Applicable,Not Applicable,No,Not Applicable,718,UPI,43,4.7,4.9
2024-07-20 22:39:00,CNR6349188735,Driver Not Found,CID602002,Bike,Koramangala,Marathahalli,,,Not Applicable,Not Applicable,Not Applicable,Not Applicable,529,Not Applicable,0,,
2024-07-19 18:18:00,CNR3009144204,Success,CID998389,Prime Sedan,Jayanagar,Rajarajeshwari Nagar,273.0,40.0,Not Applicable,Not Applicable,No,Not Applicable,405,Cash,34,4.4,3.7
2024-07-02 04:34:00,CNR3489229164,Success,CID799590,Mini,Padmanabhanagar,Bellandur,112.0,100.0,Not Applicable,Not Applicable,No,Not Applicable,250,Cash,34,4.4,3.1
2024-07-12 22:46:00,CNR2187446185,Success,CID792211,Prime Plus,Malleshwaram,Basavanagudi,231.0,110.0,Not Applicable,Not Applicable,No,Not Applicable,276,Cash,21,3.3,4.3
2024-07-09 20:06:00,CNR6074940445,Success,CID311873,Mini,Devanahalli,Rajajinagar,266.0,35.0,Not Applicable,Not Applicable,No,Not Applicable,653,UPI,14,4.2,4.5
2024-07-03 03:03:00,CNR9658737193,Success,CID150959,Prime Sedan,Padmanabhanagar,Vijayanagar,119.0,135.0,Not Applicable,Not Applicable,No,Not Applicable,977,Cash,21,4.5,4.1
2024-07-17 10:30:00,CNR3472141897,Canceled by Customer,CID989134,Auto,Chamarajpet,Richmond Town,,,Driver is not moving towards pickup location,Not Applicable,Not Applicable,Not Applicable,406,Not Applicable,0,,
2024-07-25 11:43:00,CNR5524824639,Canceled by Driver,CID476736,Bike,Hebbal,Kammanahalli,,,Not Applicable,Personal & Car related issue,Not Applicable,Not Applicable,105,Not Applicable,0,,
2024-07-22 08:47:00,CNR9112886687,Success,CID734320,eBike,Sarjapur Road,JP Nagar,308.0,55.0,Not Applicable,Not Applicable,No,Not Applicable,679,UPI,23,3.6,4.9
2024-07-10 10:23:00,CNR6986143763,Driver Not Found,CID908613,Bike,Kengeri,Sarjapur Road,,,Not Applicable,Not Applicable,Not Applicable,Not Applicable,481,Not Applicable,0,,
2024-07-17 18:05:00,CNR6882215287,Success,CID383424,eBike,Ulsoor,Padmanabhanagar,91.0,75.0,Not Applicable,Not Applicable,No,Not Applicable,409,Cash,4,4.2,4.2
2024-07-21 19:44:00,CNR6805579284,Driver Not Found,CID304850,Mini,Devanahalli,Tumkur Road,,,Not Applicable,Not Applicable,Not Applicable,Not Applicable,108,Not Applicable,0,,
2024-07-15 09:32:00,CNR1310851443,Success,CID980090,eBike,Hulimavu,Chamarajpet,49.0,130.0,Not Applicable,Not Applicable,No,Not Applicable,182,Cash,15,4.1,3.9
2024-07-12 00:41:00,CNR3188223665,Driver Not Found,CID185004,Mini,Ulsoor,Shantinagar,,,Not Applicable,Not Applicable,Not Applicable,Not Applicable,886,Not Applicable,0,,
2024-07-25 20:39:00,CNR7896205493,Success,CID997596,Prime SUV,Devanahalli,Majestic,252.0,120.0,Not Applicable,Not Applicable,No,Not Applicable,189,Cash,4,4.4,3.8
2024-07-03 20:03:00,CNR7287875139,Success,CID808686,Auto,Bannerghatta Road,Mysore Road,308.0,50.0,Not Applicable,Not Applicable,No,Not Applicable,833,Cash,2,4.7,4.7
2024-07-23 20:51:00,CNR3180584586,Success,CID754711,eBike,Cox Town,Tumkur Road,70.0,55.0,Not Applicable,Not Applicable,No,Not Applicable,382,Cash,9,3.9,3.3
2024-07-10 07:25:00,CNR3913783510,Success,CID457909,Prime Plus,Rajarajeshwari Nagar,Malleshwaram,126.0,50.0,Not Applicable,Not Applicable,No,Not Applicable,465,Cash,48,4.7,4.4
2024-07-16 15:37:00,CNR8924942989,Canceled by Driver,CID978633,Mini,Chickpet,Devanahalli,,,Not Applicable,Customer was coughing/sick,Not Applicable,Not Applicable,365,Not Applicable,0,,
2024-07-07 10:19:00,CNR5778759660,Driver Not Found,CID265890,Auto,Kengeri,Ulsoor,,,Not Applicable,Not Applicable,Not Applicable,Not Applicable,728,Not Applicable,0,,
2024-07-17 13:29:00,CNR1548741092,Canceled by Customer,CID659688,eBike,Frazer Town,Magadi Road,,,Driver asked to cancel,Not Applicable,Not Applicable,Not Applicable,509,Not Applicable,0,,
2024-07-18 00:57:00,CNR9269729004,Driver Not Found,CID204290,Mini,Electronic City,Bellandur,,,Not Applicable,Not Applicable,Not Applicable,Not Applicable,1854,Not Applicable,0,,
2024-07-22 15:59:00,CNR8126329550,Success,CID436234,Prime Sedan,Rajajinagar,Bannerghatta Road,161.0,60.0,Not Applicable,Not Applicable,No,Not Applicable,238,UPI,9,3.5,4.6
2024-07-11 14:56:00,CNR3001476311,Driver Not Found,CID708072,Prime Sedan,Shantinagar,Frazer Town,,,Not Applicable,Not Applicable,Not Applicable,Not Applicable,121,Not Applicable,0,,
2024-07-12 23:32:00,CNR3264766213,Success,CID825222,Prime SUV,Jayanagar,Electronic City,147.0,105.0,Not Applicable,Not Applicable,No,Not Applicable,200,Cash,11,4.8,3.1
2024-07-03 17:59:00,CNR1311591626,Success,CID452273,Auto,Kengeri,Magadi Road,259.0,145.0,Not Applicable,Not Applicable,No,Not Applicable,418,Cash,4,4.4,4.2
2024-07-18 15:38:00,CNR7166569472,Canceled by Customer,CID678639,Bike,Peenya,Kammanahalli,,,Change of plans,Not Applicable,Not Applicable,Not Applicable,376,Not Applicable,0,,
2024-07-06 08:56:00,CNR3680647513,Success,CID376439,Auto,Rajarajeshwari Nagar,Banashankari,154.0,25.0,Not Applicable,Not Applicable,No,Not Applicable,545,UPI,12,4.8,3.7
2024-07-04 13:55:00,CNR7317485807,Canceled by Driver,CID267407,Prime Plus,Electronic City,Jayanagar,,,Not Applicable,Personal & Car related issue,Not Applicable,Not Applicable,120,Not Applicable,0,,
2024-07-07 03:57:00,CNR1216190653,Success,CID376910,Prime Sedan,Basavanagudi,Langford Town,49.0,55.0,Not Applicable,Not Applicable,No,Not Applicable,536,UPI,44,3.9,3.3
2024-07-08 02:15:00,CNR4671161092,Driver Not Found,CID896290,Bike,Jayanagar,Jayanagar,,,Not Applicable,Not Applicable,Not Applicable,Not Applicable,421,Not Applicable,0,,
2024-07-30 02:35:00,CNR5226592986,Success,CID984257,Prime SUV,Chamarajpet,Sahakar Nagar,84.0,55.0,Not Applicable,Not Applicable,No,Not Applicable,715,Credit Card,9,4.6,3.3
2024-07-08 06:57:00,CNR2572855676,Canceled by Customer,CID571697,Prime Sedan,Kammanahalli,Peenya,,,Wrong Address,Not Applicable,Not Applicable,Not Applicable,195,Not Applicable,0,,
2024-07-16 10:30:00,CNR6199459900,Success,CID316037,eBike,Hosur Road,Devanahalli,49.0,115.0,Not Applicable,Not Applicable,No,Not Applicable,896,Cash,15,4.4,4.0
2024-07-07 01:21:00,CNR2534992490,Canceled by Customer,CID218356,Prime Plus,Langford Town,Varthur,,,Driver asked to cancel,Not Applicable,Not Applicable,Not Applicable,298,Not Applicable,0,,
2024-07-16 18:43:00,CNR7960945213,Success,CID494973,Bike,Nagarbhavi,Banashankari,294.0,145.0,Not Applicable,Not Applicable,No,Not Applicable,499,UPI,6,4.9,4.6
2024-07-14 21:16:00,CNR1180397655,Canceled by Customer,CID899474,Auto,Chamarajpet,Ulsoor,,,AC is Not working,Not Applicable,Not Applicable,Not Applicable,221,Not Applicable,0,,
2024-07-11 08:50:00,CNR5428009606,Canceled by Driver,CID911997,Prime Sedan,Rajajinagar,Varthur,,,Not Applicable,More than permitted people in there,Not Applicable,Not Applicable,603,Not Applicable,0,,
2024-07-20 17:42:00,CNR3566688915,Success,CID245441,Prime Sedan,Richmond Town,Indiranagar,91.0,105.0,Not Applicable,Not Applicable,No,Not Applicable,785,UPI,6,4.1,4.3
2024-07-27 16:11:00,CNR9047114987,Driver Not Found,CID882430,Mini,Majestic,KR Puram,,,Not Applicable,Not Applicable,Not Applicable,Not Applicable,138,Not Applicable,0,,
2024-07-13 06:17:00,CNR3624248336,Success,CID646773,Prime SUV,Bellandur,Indiranagar,273.0,90.0,Not Applicable,Not Applicable,No,Not Applicable,486,Cash,10,4.3,4.4
2024-07-02 21:56:00,CNR2753808775,Success,CID159145,Prime Sedan,Basavanagudi,JP Nagar,84.0,60.0,Not Applicable,Not Applicable,No,Not Applicable,364,UPI,45,3.9,4.7
2024-07-17 19:14:00,CNR4846741300,Canceled by Driver,CID347339,Bike,Kadugodi,Majestic,,,Not Applicable,More than permitted people in there,Not Applicable,Not Applicable,242,Not Applicable,0,,
2024-07-28 11:52:00,CNR4034774807,Canceled by Customer,CID203824,Prime SUV,Sarjapur Road,Sahakar Nagar,,,AC is Not working,Not Applicable,Not Applicable,Not Applicable,565,Not Applicable,0,,
2024-07-20 08:50:00,CNR3246422595,Driver Not Found,CID561363,Prime SUV,JP Nagar,Cox Town,,,Not Applicable,Not Applicable,Not Applicable,Not Applicable,472,Not Applicable,0,,
2024-07-17 13:05:00,CNR2031920515,Driver Not Found,CID165388,Prime Plus,Richmond Town,Marathahalli,,,Not Applicable,Not Applicable,Not Applicable,Not Applicable,365,Not Applicable,0,,
2024-07-15 22:31:00,CNR4183051372,Success,CID932024,Mini,Richmond Town,Hosur Road,259.0,130.0,Not Applicable,Not Applicable,No,Not Applicable,110,UPI,6,3.4,3.4
2024-07-23 22:19:00,CNR6439744674,Success,CID910134,Prime SUV,Malleshwaram,Richmond Town,161.0,45.0,Not Applicable,Not Applicable,No,Not Applicable,2283,Cash,29,4.0,3.6
2024-07-30 08:15:00,CNR4362106809,Canceled by Customer,CID395032,eBike,Majestic,Peenya,,,Driver is not moving towards pickup location,Not Applicable,Not Applicable,Not Applicable,329,Not Applicable,0,,
2024-07-10 11:27:00,CNR3397571158,Success,CID646417,Prime Sedan,KR Puram,Marathahalli,98.0,140.0,Not Applicable,Not Applicable,No,Not Applicable,2248,Cash,2,4.0,4.5
2024-07-15 00:16:00,CNR9286642825,Success,CID454659,Prime SUV,Yelahanka,Rajajinagar,273.0,85.0,Not Applicable,Not Applicable,No,Not Applicable,286,UPI,44,4.6,3.1
2024-07-18 01:04:00,CNR6216119270,Success,CID891748,eBike,Hennur,Devanahalli,63.0,60.0,Not Applicable,Not Applicable,No,Not Applicable,155,Cash,38,3.9,3.1
2024-07-09 20:19:00,CNR5054509352,Success,CID969253,Prime SUV,Nagarbhavi,BTM Layout,147.0,145.0,Not Applicable,Not Applicable,No,Not Applicable,1501,Debit Card,41,4.0,4.3
2024-07-25 07:24:00,CNR2975379001,Success,CID389331,Mini,Hebbal,Kengeri,224.0,45.0,Not Applicable,Not Applicable,No,Not Applicable,841,Cash,1,5.0,4.9
2024-07-28 20:36:00,CNR6464166846,Success,CID765154,Prime Sedan,Sahakar Nagar,Peenya,224.0,35.0,Not Applicable,Not Applicable,No,Not Applicable,449,Cash,11,3.8,4.3
2024-07-03 13:55:00,CNR1947421774,Success,CID742064,Prime Plus,Kammanahalli,Shantinagar,238.0,60.0,Not Applicable,Not Applicable,No,Not Applicable,109,Cash,29,3.8,3.4
2024-07-18 09:01:00,CNR2285385482,Driver Not Found,CID295086,Prime SUV,Padmanabhanagar,Electronic City,,,Not Applicable,Not Applicable,Not Applicable,Not Applicable,251,Not Applicable,0,,
2024-07-02 13:13:00,CNR9257194998,Canceled by Customer,CID476921,Prime SUV,Bannerghatta Road,Langford Town,,,Change of plans,Not Applicable,Not Applicable,Not Applicable,400,Not Applicable,0,,
2024-07-23 22:15:00,CNR7808264702,Success,CID843690,Bike,Vijayanagar,Jayanagar,147.0,90.0,Not Applicable,Not Applicable,No,Not Applicable,249,Cash,28,4.6,4.1
2024-07-10 22:22:00,CNR5773261795,Canceled by Driver,CID487526,Mini,Langford Town,Ramamurthy Nagar,,,Not Applicable,Customer related issue,Not Applicable,Not Applicable,426,Not Applicable,0,,
2024-07-16 07:21:00,CNR4248302164,Success,CID101417,Mini,HSR Layout,RT Nagar,98.0,145.0,Not Applicable,Not Applicable,No,Not Applicable,457,Cash,34,3.5,5.0
2024-07-24 04:58:00,CNR2518896350,Success,CID762937,Prime Sedan,Vijayanagar,Shivajinagar,105.0,135.0,Not Applicable,Not Applicable,No,Not Applicable,2403,Credit Card,46,4.4,3.5
2024-07-07 17:57:00,CNR8020394927,Driver Not Found,CID964681,Prime Sedan,Marathahalli,RT Nagar,,,Not Applicable,Not Applicable,Not Applicable,Not Applicable,435,Not Applicable,0,,
2024-07-18 13:21:00,CNR8056334846,Success,CID353456,Prime SUV,Basavanagudi,BTM Layout,161.0,145.0,Not Applicable,Not Applicable,No,Not Applicable,2861,Cash,11,4.8,5.0
2024-07-25 09:07:00,CNR4130962203,Success,CID156533,eBike,Nagarbhavi,JP Nagar,231.0,140.0,Not Applicable,Not Applicable,No,Not Applicable,793,Cash,7,3.7,4.2
2024-07-05 15:22:00,CNR7800856749,Success,CID843988,Prime Sedan,Frazer Town,Hennur,266.0,25.0,Not Applicable,Not Applicable,No,Not Applicable,310,UPI,43,4.0,3.9
2024-07-12 18:03:00,CNR3334153748,Success,CID293566,Mini,BTM Layout,Bellandur,231.0,95.0,Not Applicable,Not Applicable,No,Not Applicable,168,Cash,22,3.5,4.5
2024-07-25 19:19:00,CNR8848320327,Success,CID622894,eBike,Nagarbhavi,Chamarajpet,105.0,100.0,Not Applicable,Not Applicable,No,Not Applicable,218,Cash,49,4.4,3.7
2024-07-05 22:09:00,CNR5306904136,Success,CID757911,Prime Sedan,Sahakar Nagar,Magadi Road,210.0,115.0,Not Applicable,Not Applicable,No,Not Applicable,1277,Cash,25,3.6,5.0
2024-07-30 11:49:00,CNR5521534839,Canceled by Customer,CID189897,Prime Sedan,Hebbal,Sarjapur Road,,,Change of plans,Not Applicable,Not Applicable,Not Applicable,197,Not Applicable,0,,
2024-07-30 03:50:00,CNR6041668811,Canceled by Driver,CID705537,Prime SUV,Yelahanka,Chamarajpet,,,Not Applicable,Personal & Car related issue,Not Applicable,Not Applicable,362,Not Applicable,0,,
2024-07-15 07:02:00,CNR5501601114,Canceled by Driver,CID636136,Prime Sedan,Rajarajeshwari Nagar,Frazer Town,,,Not Applicable,More than permitted people in there,Not Applicable,Not Applicable,648,Not Applicable,0,,
2024-07-13 02:24:00,CNR4923210194,Driver Not Found,CID304789,Prime Plus,Tumkur Road,Koramangala,,,Not Applicable,Not Applicable,Not Applicable,Not Applicable,507,Not Applicable,0,,
2024-07-18 06:59:00,CNR9817322849,Success,CID971067,Bike,Nagarbhavi,Bannerghatta Road,133.0,135.0,Not Applicable,Not Applicable,No,Not Applicable,2038,UPI,12,4.8,4.2
2024-07-25 19:19:00,CNR2375179857,Canceled by Customer,CID566234,Prime Plus,Jayanagar,Yelahanka,,,AC is Not working,Not Applicable,Not Applicable,Not Applicable,449,Not Applicable,0,,
2024-07-08 20:15:00,CNR6531659936,Success,CID425729,Mini,Koramangala,Chamarajpet,63.0,80.0,Not Applicable,Not Applicable,No,Not Applicable,229,UPI,45,4.8,4.5
2024-07-30 16:21:00,CNR9524409345,Canceled by Driver,CID124184,Prime SUV,Koramangala,Ramamurthy Nagar,,,Not Applicable,Personal & Car related issue,Not Applicable,Not Applicable,689,Not Applicable,0,,
2024-07-29 05:19:00,CNR6787156642,Canceled by Customer,CID944220,Prime Sedan,Nagarbhavi,Varthur,,,Wrong Address,Not Applicable,Not Applicable,Not Applicable,248,Not Applicable,0,,
2024-07-02 02:55:00,CNR5420268249,Success,CID855095,eBike,Vijayanagar,Chamarajpet,154.0,70.0,Not Applicable,Not Applicable,No,Not Applicable,449,Cash,16,4.7,4.9
2024-07-17 20:02:00,CNR3324205389,Success,CID173020,Prime Plus,RT Nagar,Sahakar Nagar,259.0,85.0,Not Applicable,Not Applicable,No,Not Applicable,435,Cash,28,3.5,4.5
2024-07-05 23:20:00,CNR3145149972,Success,CID481328,Prime Sedan,Vijayanagar,Mysore Road,168.0,135.0,Not Applicable,Not Applicable,No,Not Applicable,223,Cash,40,3.3,3.8
2024-07-06 23:45:00,CNR6430960264,Success,CID260823,eBike,Banashankari,Hebbal,189.0,55.0,Not Applicable,Not Applicable,No,Not Applicable,436,UPI,35,3.0,4.4
2024-07-17 21:21:00,CNR3053829401,Canceled by Driver,CID817219,eBike,Cox Town,KR Puram,,,Not Applicable,Customer related issue,Not Applicable,Not Applicable,459,Not Applicable,0,,
2024-07-19 18:53:00,CNR4585087289,Canceled by Customer,CID102592,Auto,Cox Town,Sahakar Nagar,,,Wrong Address,Not Applicable,Not Applicable,Not Applicable,791,Not Applicable,0,,
2024-07-06 21:06:00,CNR9285688816,Success,CID979644,Bike,JP Nagar,Chamarajpet,231.0,30.0,Not Applicable,Not Applicable,No,Not Applicable,304,UPI,21,3.3,4.8
2024-07-21 14:15:00,CNR6526191018,Success,CID576461,Auto,KR Puram,Indiranagar,140.0,75.0,Not Applicable,Not Applicable,No,Not Applicable,574,UPI,11,4.4,3.9
2024-07-17 08:13:00,CNR4775335431,Success,CID783974,Prime Sedan,Yelahanka,Padmanabhanagar,238.0,135.0,Not Applicable,Not Applicable,No,Not Applicable,116,UPI,29,4.4,5.0
2024-07-22 08:40:00,CNR5210399951,Success,CID175176,Auto,Ramamurthy Nagar,Whitefield,63.0,60.0,Not Applicable,Not Applicable,No,Not Applicable,423,Cash,4,3.6,3.6
2024-07-12 15:54:00,CNR3449263315,Success,CID539862,Prime Plus,Basavanagudi,HSR Layout,56.0,65.0,Not Applicable,Not Applicable,No,Not Applicable,2256,Cash,8,4.6,3.4
2024-07-24 01:35:00,CNR3986096355,Success,CID599069,Mini,Peenya,Majestic,133.0,100.0,Not Applicable,Not Applicable,No,Not Applicable,2968,Cash,3,3.3,4.1
2024-07-15 20:48:00,CNR5399990381,Driver Not Found,CID769307,Auto,Magadi Road,Basavanagudi,,,Not Applicable,Not Applicable,Not Applicable,Not Applicable,678,Not Applicable,0,,
2024-07-03 05:29:00,CNR8533126445,Driver Not Found,CID748151,Auto,Sahakar Nagar,Kengeri,,,Not Applicable,Not Applicable,Not Applicable,Not Applicable,273,Not Applicable,0,,
2024-07-13 08:51:00,CNR7130745958,Success,CID811963,Auto,Magadi Road,Devanahalli,189.0,105.0,Not Applicable,Not Applicable,No,Not Applicable,117,Cash,10,3.3,4.3
2024-07-18 18:02:00,CNR2147531777,Canceled by Driver,CID353969,eBike,Rajajinagar,Koramangala,,,Not Applicable,Customer related issue,Not Applicable,Not Applicable,184,Not Applicable,0,,
2024-07-10 19:07:00,CNR8192495155,Driver Not Found,CID318057,Bike,Malleshwaram,Hulimavu,,,Not Applicable,Not Applicable,Not Applicable,Not Applicable,133,Not Applicable,0,,
2024-07-19 18:20:00,CNR3607061769,Driver Not Found,CID419947,Prime Sedan,Frazer Town,HSR Layout,,,Not Applicable,Not Applicable,Not Applicable,Not Applicable,391,Not Applicable,0,,
2024-07-08 15:05:00,CNR5725825271,Canceled by Customer,CID904254,Mini,Kammanahalli,Yeshwanthpur,,,Change of plans,Not Applicable,Not Applicable,Not Applicable,420,Not Applicable,0,,
2024-07-14 13:52:00,CNR5093358535,Success,CID366546,Prime SUV,Marathahalli,Hulimavu,140.0,110.0,Not Applicable,Not Applicable,No,Not Applicable,957,UPI,27,4.0,3.4
2024-07-14 03:21:00,CNR4532341750,Driver Not Found,CID421267,Prime SUV,Frazer Town,JP Nagar,,,Not Applicable,Not Applicable,Not Applicable,Not Applicable,324,Not Applicable,0,,
2024-07-23 06:16:00,CNR9872133013,Success,CID927888,Prime SUV,Basavanagudi,Marathahalli,294.0,45.0,Not Applicable,Not Applicable,No,Not Applicable,285,Cash,20,3.5,4.2
2024-07-13 17:24:00,CNR9017857939,Driver Not Found,CID260560,Prime SUV,Marathahalli,Chickpet,,,Not Applicable,Not Applicable,Not Applicable,Not Applicable,258,Not Applicable,0,,
2024-07-03 01:32:00,CNR8985830387,Canceled by Customer,CID741397,Prime Plus,KR Puram,Majestic,,,Driver is not moving towards pickup location,Not Applicable,Not Applicable,Not Applicable,237,Not Applicable,0,,
2024-07-17 10:58:00,CNR7938758601,Success,CID818528,eBike,Chamarajpet,Shivajinagar,91.0,125.0,Not Applicable,Not Applicable,Yes,Other Issue,266,Cash,47,4.4,3.9
2024-07-05 17:07:00,CNR9261521685,Success,CID496144,Mini,Yelahanka,Koramangala,126.0,85.0,Not Applicable,Not Applicable,No,Not Applicable,887,Cash,45,3.3,4.9
2024-07-21 22:03:00,CNR8597985976,Success,CID305894,Prime SUV,Tumkur Road,Hosur Road,140.0,120.0,Not Applicable,Not Applicable,No,Not Applicable,379,UPI,8,3.6,4.5
2024-07-20 18:15:00,CNR2621914429,Success,CID261515,Prime SUV,Whitefield,Yelahanka,42.0,135.0,Not Applicable,Not Applicable,No,Not Applicable,289,UPI,38,4.5,4.4
2024-07-07 03:18:00,CNR3938380026,Canceled by Driver,CID537809,Auto,Kadugodi,Langford Town,,,Not Applicable,Personal & Car related issue,Not Applicable,Not Applicable,384,Not Applicable,0,,
2024-07-03 06:09:00,CNR5387083404,Success,CID571059,Bike,Hosur Road,Sarjapur Road,147.0,110.0,Not Applicable,Not Applicable,No,Not Applicable,485,Cash,30,4.5,4.6
2024-07-06 23:29:00,CNR3022203584,Canceled by Driver,CID690796,Prime Sedan,Kammanahalli,Shivajinagar,,,Not Applicable,Customer was coughing/sick,Not Applicable,Not Applicable,183,Not Applicable,0,,
2024-07-22 04:53:00,CNR3921870472,Success,CID397997,Prime SUV,Langford Town,Hennur,287.0,125.0,Not Applicable,Not Applicable,No,Not Applicable,697,Cash,18,4.3,4.4
2024-07-21 13:26:00,CNR8877469354,Success,CID869237,Prime SUV,Tumkur Road,Devanahalli,308.0,110.0,Not Applicable,Not Applicable,No,Not Applicable,1427,UPI,49,3.3,3.3
2024-07-23 21:08:00,CNR4828473811,Success,CID333702,Prime Plus,Hulimavu,Tumkur Road,42.0,35.0,Not Applicable,Not Applicable,No,Not Applicable,207,UPI,22,3.9,4.3
2024-07-28 04:03:00,CNR2921404827,Canceled by Driver,CID331058,Prime Plus,Indiranagar,Rajajinagar,,,Not Applicable,More than permitted people in there,Not Applicable,Not Applicable,332,Not Applicable,0,,
2024-07-08 01:23:00,CNR1535845134,Success,CID402368,eBike,Vijayanagar,Rajarajeshwari Nagar,49.0,125.0,Not Applicable,Not Applicable,No,Not Applicable,535,Cash,47,5.0,4.5
2024-07-21 20:54:00,CNR9222429036,Canceled by Customer,CID948555,eBike,Ramamurthy Nagar,Sahakar Nagar,,,Driver asked to cancel,Not Applicable,Not Applicable,Not Applicable,385,Not Applicable,0,,
2024-07-15 04:14:00,CNR5390428836,Canceled by Driver,CID850216,Prime Plus,Whitefield,Koramangala,,,Not Applicable,Personal & Car related issue,Not Applicable,Not Applicable,212,Not Applicable,0,,
2024-07-05 02:20:00,CNR1815494413,Canceled by Driver,CID466430,Bike,Bannerghatta Road,Vijayanagar,,,Not Applicable,Customer related issue,Not Applicable,Not Applicable,483,Not Applicable,0,,
2024-07-20 21:52:00,CNR6437324448,Success,CID233602,Prime Plus,Yelahanka,Chamarajpet,273.0,70.0,Not Applicable,Not Applicable,No,Not Applicable,2930,Cash,36,3.9,3.4
2024-07-17 10:51:00,CNR1063231302,Success,CID981751,Bike,Ramamurthy Nagar,JP Nagar,308.0,55.0,Not Applicable,Not Applicable,No,Not Applicable,118,UPI,20,4.3,4.9
2024-07-21 02:55:00,CNR9800654713,Driver Not Found,CID533078,Prime Sedan,Hulimavu,Yelahanka,,,Not Applicable,Not Applicable,Not Applicable,Not Applicable,256,Not Applicable,0,,
2024-07-19 16:32:00,CNR9634121925,Canceled by Driver,CID424317,Auto,Hosur Road,Mysore Road,,,Not Applicable,More than permitted people in there,Not Applicable,Not Applicable,584,Not Applicable,0,,
2024-07-23 02:28:00,CNR7902462139,Success,CID268803,Prime Plus,Kadugodi,Vijayanagar,273.0,105.0,Not Applicable,Not Applicable,No,Not Applicable,149,Credit Card,3,4.4,4.8
2024-07-13 12:57:00,CNR7742539248,Canceled by Driver,CID861958,eBike,Shivajinagar,Langford Town,,,Not Applicable,Customer was coughing/sick,Not Applicable,Not Applicable,304,Not Applicable,0,,
2024-07-09 08:31:00,CNR8667872218,Success,CID715666,Auto,Ulsoor,Tumkur Road,112.0,100.0,Not Applicable,Not Applicable,No,Not Applicable,169,Cash,14,4.2,3.2
2024-07-13 13:54:00,CNR4777287021,Canceled by Driver,CID848866,Prime Sedan,Marathahalli,JP Nagar,,,Not Applicable,Customer was coughing/sick,Not Applicable,Not Applicable,1706,Not Applicable,0,,
2024-07-27 08:12:00,CNR2814520574,Success,CID217995,Auto,Frazer Town,Mysore Road,168.0,145.0,Not Applicable,Not Applicable,No,Not Applicable,362,Cash,9,4.0,5.0
2024-07-22 09:26:00,CNR8006881850,Success,CID656619,eBike,Ulsoor,Hulimavu,105.0,140.0,Not Applicable,Not Applicable,Yes,Vehicle Breakdown,143,Cash,39,3.7,3.2
2024-07-23 12:13:00,CNR9876204456,Canceled by Customer,CID771418,Prime SUV,Frazer Town,Hebbal,,,Driver is not moving towards pickup location,Not Applicable,Not Applicable,Not Applicable,215,Not Applicable,0,,
2024-07-07 19:18:00,CNR7004675844,Canceled by Driver,CID107755,Bike,Hosur Road,Peenya,,,Not Applicable,Personal & Car related issue,Not Applicable,Not Applicable,606,Not Applicable,0,,
2024-07-28 03:17:00,CNR5068128356,Success,CID808299,Bike,KR Puram,KR Puram,294.0,60.0,Not Applicable,Not Applicable,No,Not Applicable,535,UPI,26,3.8,4.2
2024-07-27 17:08:00,CNR6946489918,Canceled by Driver,CID748176,Mini,Frazer Town,Sarjapur Road,,,Not Applicable,Personal & Car related issue,Not Applicable,Not Applicable,187,Not Applicable,0,,
2024-07-25 15:35:00,CNR5689429824,Canceled by Driver,CID725218,Prime Plus,Hulimavu,Shivajinagar,,,Not Applicable,Customer related issue,Not Applicable,Not Applicable,406,Not Applicable,0,,
2024-07-30 10:38:00,CNR8567304515,Success,CID617294,Bike,MG Road,Chickpet,245.0,90.0,Not Applicable,Not Applicable,No,Not Applicable,320,UPI,6,4.1,3.6
2024-07-22 14:25:00,CNR2273708608,Success,CID282517,Prime Plus,Basavanagudi,Devanahalli,231.0,40.0,Not Applicable,Not Applicable,No,Not Applicable,455,Cash,1,4.4,3.4
2024-07-19 06:58:00,CNR3743814186,Success,CID381808,Mini,Whitefield,Bannerghatta Road,259.0,55.0,Not Applicable,Not Applicable,No,Not Applicable,414,UPI,15,4.4,4.9
2024-07-05 23:37:00,CNR6956996829,Success,CID131219,Mini,Frazer Town,Ramamurthy Nagar,308.0,140.0,Not Applicable,Not Applicable,No,Not Applicable,432,UPI,11,4.7,5.0
2024-07-26 21:21:00,CNR9785626952,Success,CID627296,Prime Sedan,MG Road,Ulsoor,105.0,90.0,Not Applicable,Not Applicable,No,Not Applicable,336,Credit Card,36,4.6,4.2
2024-07-20 00:35:00,CNR8032006432,Driver Not Found,CID762613,Auto,Richmond Town,Hennur,,,Not Applicable,Not Applicable,Not Applicable,Not Applicable,418,Not Applicable,0,,
2024-07-25 08:03:00,CNR7358713066,Success,CID717067,Prime Sedan,Shivajinagar,Bannerghatta Road,77.0,55.0,Not Applicable,Not Applicable,No,Not Applicable,115,UPI,30,3.3,3.6
2024-07-27 04:46:00,CNR2939009779,Success,CID725417,Prime Plus,BTM Layout,HSR Layout,231.0,115.0,Not Applicable,Not Applicable,No,Not Applicable,293,UPI,7,4.4,3.6
2024-07-05 21:42:00,CNR4262420811,Success,CID467027,Auto,Vijayanagar,Sarjapur Road,273.0,130.0,Not Applicable,Not Applicable,No,Not Applicable,122,UPI,5,4.1,3.1
2024-07-22 13:21:00,CNR7508643947,Success,CID504160,Prime Sedan,Majestic,Nagarbhavi,49.0,90.0,Not Applicable,Not Applicable,No,Not Applicable,364,Credit Card,20,3.7,3.2
2024-07-13 07:46:00,CNR3422666263,Canceled by Customer,CID121755,Mini,Shivajinagar,Ulsoor,,,Driver is not moving towards pickup location,Not Applicable,Not Applicable,Not Applicable,157,Not Applicable,0,,
2024-07-28 23:43:00,CNR5841432179,Success,CID381963,eBike,Electronic City,Kengeri,210.0,60.0,Not Applicable,Not Applicable,No,Not Applicable,419,Cash,4,4.1,3.5
2024-07-08 17:49:00,CNR1126738356,Success,CID966727,Mini,HSR Layout,Rajarajeshwari Nagar,119.0,105.0,Not Applicable,Not Applicable,No,Not Applicable,976,Cash,5,4.2,3.2
2024-07-23 20:51:00,CNR2131346549,Canceled by Driver,CID850254,Prime SUV,Shivajinagar,Hulimavu,,,Not Applicable,Customer was coughing/sick,Not Applicable,Not Applicable,382,Not Applicable,0,,
2024-07-24 08:49:00,CNR6177296688,Canceled by Driver,CID894529,Bike,Devanahalli,Chickpet,,,Not Applicable,Personal & Car related issue,Not Applicable,Not Applicable,473,Not Applicable,0,,
2024-07-15 15:59:00,CNR2411443271,Canceled by Customer,CID964775,Prime Plus,Padmanabhanagar,Whitefield,,,Driver asked to cancel,Not Applicable,Not Applicable,Not Applicable,256,Not Applicable,0,,
2024-07-29 19:21:00,CNR8062397952,Canceled by Driver,CID682674,eBike,Langford Town,Frazer Town,,,Not Applicable,Customer was coughing/sick,Not Applicable,Not Applicable,364,Not Applicable,0,,
2024-07-26 06:28:00,CNR5276798992,Success,CID487616,Prime SUV,Mysore Road,Hosur Road,189.0,40.0,Not Applicable,Not Applicable,No,Not Applicable,924,Cash,13,3.2,4.2
2024-07-27 03:25:00,CNR8209801509,Success,CID309933,Prime SUV,Electronic City,Banashankari,133.0,25.0,Not Applicable,Not Applicable,No,Not Applicable,213,Cash,20,4.4,3.7
2024-07-07 16:30:00,CNR9640315014,Success,CID925123,Auto,Varthur,KR Puram,280.0,105.0,Not Applicable,Not Applicable,Yes,Vehicle Breakdown,239,Cash,5,3.4,4.8
2024-07-11 12:38:00,CNR7341439005,Driver Not Found,CID704097,Auto,Koramangala,Rajajinagar,,,Not Applicable,Not Applicable,Not Applicable,Not Applicable,2095,Not Applicable,0,,
2024-07-14 10:08:00,CNR6636995039,Canceled by Driver,CID654549,Mini,Mysore Road,Electronic City,,,Not Applicable,Personal & Car related issue,Not Applicable,Not Applicable,1709,Not Applicable,0,,
2024-07-13 00:07:00,CNR3627223827,Driver Not Found,CID307719,Auto,Hennur,Kammanahalli,,,Not Applicable,Not Applicable,Not Applicable,Not Applicable,133,Not Applicable,0,,
2024-07-26 14:32:00,CNR4414848220,Success,CID138759,Bike,KR Puram,Magadi Road,245.0,110.0,Not Applicable,Not Applicable,No,Not Applicable,125,Cash,15,4.8,3.9
2024-07-09 10:09:00,CNR7377359822,Success,CID106497,eBike,Hulimavu,Rajajinagar,154.0,105.0,Not Applicable,Not Applicable,No,Not Applicable,131,Cash,38,4.1,4.2
2024-07-29 20:27:00,CNR2501573878,Success,CID151737,Bike,JP Nagar,Shivajinagar,147.0,25.0,Not Applicable,Not Applicable,No,Not Applicable,111,Cash,38,3.6,4.2
2024-07-22 17:57:00,CNR8753734820,Success,CID865308,Bike,JP Nagar,Basavanagudi,280.0,115.0,Not Applicable,Not Applicable,Yes,Vehicle Breakdown,222,UPI,34,3.5,4.3
2024-07-01 00:06:00,CNR1899273989,Success,CID867477,eBike,Bannerghatta Road,Banashankari,70.0,85.0,Not Applicable,Not Applicable,No,Not Applicable,438,UPI,3,4.4,4.2
2024-07-21 07:57:00,CNR7596933587,Success,CID420764,Bike,Bellandur,Electronic City,91.0,125.0,Not Applicable,Not Applicable,No,Not Applicable,482,UPI,11,4.2,4.5
2024-07-06 20:09:00,CNR8011056843,Success,CID350159,Prime SUV,Shivajinagar,Vijayanagar,210.0,80.0,Not Applicable,Not Applicable,No,Not Applicable,530,Cash,49,4.5,4.4
2024-07-11 19:09:00,CNR4153450977,Canceled by Customer,CID125218,Prime Plus,Richmond Town,Richmond Town,,,Wrong Address,Not Applicable,Not Applicable,Not Applicable,142,Not Applicable,0,,
2024-07-18 06:55:00,CNR3497641225,Canceled by Driver,CID873478,Auto,KR Puram,Magadi Road,,,Not Applicable,Customer was coughing/sick,Not Applicable,Not Applicable,232,Not Applicable,0,,
2024-07-04 10:21:00,CNR9921403206,Canceled by Driver,CID861566,eBike,Whitefield,Malleshwaram,,,Not Applicable,Customer related issue,Not Applicable,Not Applicable,497,Not Applicable,0,,
2024-07-11 10:58:00,CNR1218333218,Success,CID631166,Auto,Kadugodi,Sarjapur Road,217.0,60.0,Not Applicable,Not Applicable,No,Not Applicable,459,UPI,5,3.5,4.1
2024-07-04 12:58:00,CNR3439112516,Success,CID305554,Auto,JP Nagar,Varthur,196.0,115.0,Not Applicable,Not Applicable,No,Not Applicable,870,UPI,16,3.6,3.5
2024-07-30 19:00:00,CNR6639357811,Driver Not Found,CID464784,Auto,Sarjapur Road,Malleshwaram,,,Not Applicable,Not Applicable,Not Applicable,Not Applicable,218,Not Applicable,0,,
2024-07-08 10:31:00,CNR9162328839,Success,CID216104,Mini,Kengeri,Mysore Road,280.0,50.0,Not Applicable,Not Applicable,No,Not Applicable,296,UPI,44,3.5,3.3
2024-07-04 16:03:00,CNR5333107861,Success,CID496513,Prime Sedan,Langford Town,Majestic,224.0,55.0,Not Applicable,Not Applicable,Yes,Customer Demand,560,Cash,41,4.8,3.3
2024-07-24 12:32:00,CNR4821478442,Success,CID900664,Bike,BTM Layout,Malleshwaram,266.0,35.0,Not Applicable,Not Applicable,No,Not Applicable,386,Cash,48,4.5,3.8
2024-07-24 16:10:00,CNR4549394032,Canceled by Customer,CID184486,Bike,Peenya,MG Road,,,Driver is not moving towards pickup location,Not Applicable,Not Applicable,Not Applicable,198,Not Applicable,0,,
2024-07-13 13:16:00,CNR8855613996,Canceled by Driver,CID862976,eBike,Hosur Road,Bellandur,,,Not Applicable,Customer related issue,Not Applicable,Not Applicable,873,Not Applicable,0,,
2024-07-18 14:52:00,CNR9436862407,Driver Not Found,CID191150,Prime SUV,Kengeri,Nagarbhavi,,,Not Applicable,Not Applicable,Not Applicable,Not Applicable,153,Not Applicable,0,,
2024-07-16 00:45:00,CNR9720266856,Canceled by Customer,CID434648,Prime Sedan,Ramamurthy Nagar,MG Road,,,Driver is not moving towards pickup location,Not Applicable,Not Applicable,Not Applicable,991,Not Applicable,0,,
2024-07-20 21:55:00,CNR4338395694,Success,CID417486,Mini,Chickpet,Hosur Road,308.0,90.0,Not Applicable,Not Applicable,No,Not Applicable,449,Cash,49,4.2,4.6
2024-07-03 07:52:00,CNR8625802620,Success,CID712395,Auto,Tumkur Road,Kadugodi,42.0,45.0,Not Applicable,Not Applicable,Yes,Vehicle Breakdown,376,Cash,5,3.9,4.5
2024-07-22 06:10:00,CNR3202719231,Success,CID437116,Prime Plus,Kammanahalli,KR Puram,175.0,110.0,Not Applicable,Not Applicable,No,Not Applicable,302,Cash,32,4.0,4.3
2024-07-26 14:19:00,CNR8366495630,Canceled by Driver,CID470152,Bike,Chamarajpet,Basavanagudi,,,Not Applicable,More than permitted people in there,Not Applicable,Not Applicable,330,Not Applicable,0,,
2024-07-12 01:00:00,CNR7619909629,Success,CID963462,eBike,Magadi Road,Vijayanagar,42.0,55.0,Not Applicable,Not Applicable,No,Not Applicable,840,Cash,12,4.3,3.0
2024-07-23 07:35:00,CNR3798955541,Success,CID978255,Bike,Yelahanka,Shantinagar,112.0,25.0,Not Applicable,Not Applicable,No,Not Applicable,100,Cash,15,3.2,5.0
2024-07-29 10:58:00,CNR4299153781,Canceled by Driver,CID309116,Mini,Sarjapur Road,Kadugodi,,,Not Applicable,Customer related issue,Not Applicable,Not Applicable,107,Not Applicable,0,,
2024-07-18 11:48:00,CNR9836092184,Success,CID470288,Prime SUV,Peenya,Basavanagudi,294.0,105.0,Not Applicable,Not Applicable,Yes,Customer Demand,672,Cash,48,4.5,4.3
2024-07-02 12:53:00,CNR3337526845,Canceled by Driver,CID636593,Prime Plus,Cox Town,Nagarbhavi,,,Not Applicable,Customer related issue,Not Applicable,Not Applicable,516,Not Applicable,0,,
2024-07-08 01:21:00,CNR6478962310,Driver Not Found,CID621612,Prime Plus,Sarjapur Road,Vijayanagar,,,Not Applicable,Not Applicable,Not Applicable,Not Applicable,1246,Not Applicable,0,,
2024-07-22 06:20:00,CNR4740656623,Success,CID349921,Mini,Hulimavu,Ulsoor,273.0,95.0,Not Applicable,Not Applicable,No,Not Applicable,241,Cash,1,3.8,3.5
2024-07-20 05:32:00,CNR3658268348,Success,CID633050,Auto,Ramamurthy Nagar,MG Road,56.0,30.0,Not Applicable,Not Applicable,No,Not Applicable,554,Cash,3,4.3,4.4
2024-07-13 04:18:00,CNR5267843854,Success,CID883210,Mini,Rajarajeshwari Nagar,MG Road,161.0,95.0,Not Applicable,Not Applicable,No,Not Applicable,164,UPI,24,4.3,3.5
2024-07-23 02:03:00,CNR6989495571,Success,CID119206,eBike,Langford Town,Rajajinagar,161.0,130.0,Not Applicable,Not Applicable,No,Not Applicable,2256,UPI,31,3.9,4.3
2024-07-01 19:35:00,CNR1215296700,Canceled by Customer,CID739831,Prime Plus,HSR Layout,Marathahalli,,,Driver is not moving towards pickup location,Not Applicable,Not Applicable,Not Applicable,177,Not Applicable,0,,
2024-07-19 13:23:00,CNR6663740614,Success,CID833454,Mini,Frazer Town,Bellandur,119.0,65.0,Not Applicable,Not Applicable,No,Not Applicable,1642,UPI,41,3.4,4.8
2024-07-14 17:14:00,CNR4528847988,Success,CID936511,Prime Sedan,Indiranagar,Devanahalli,126.0,55.0,Not Applicable,Not Applicable,No,Not Applicable,418,UPI,44,3.8,3.8
2024-07-04 03:39:00,CNR7420759772,Success,CID985584,Bike,Varthur,Hennur,154.0,40.0,Not Applicable,Not Applicable,No,Not Applicable,194,Credit Card,22,4.5,4.5
2024-07-27 06:14:00,CNR4680227774,Success,CID654991,Prime SUV,Vijayanagar,Shivajinagar,245.0,55.0,Not Applicable,Not Applicable,No,Not Applicable,1085,Cash,19,4.7,4.1
2024-07-19 23:53:00,CNR3547674881,Success,CID641888,Prime SUV,Sahakar Nagar,Rajajinagar,91.0,30.0,Not Applicable,Not Applicable,No,Not Applicable,148,Cash,46,3.5,5.0
2024-07-14 20:52:00,CNR7359273652,Success,CID302004,Prime Plus,Padmanabhanagar,Shivajinagar,119.0,115.0,Not Applicable,Not Applicable,No,Not Applicable,738,Cash,25,3.6,3.3
2024-07-30 21:01:00,CNR3746210695,Success,CID965987,Bike,Tumkur Road,Vijayanagar,294.0,120.0,Not Applicable,Not Applicable,No,Not Applicable,731,Cash,13,3.9,3.7
2024-07-22 10:16:00,CNR7672199668,Success,CID963901,Mini,Koramangala,Banashankari,238.0,45.0,Not Applicable,Not Applicable,No,Not Applicable,223,Cash,23,4.8,4.5
2024-07-03 04:20:00,CNR9546453285,Canceled by Customer,CID582485,Mini,Tumkur Road,Majestic,,,Driver asked to cancel,Not Applicable,Not Applicable,Not Applicable,1084,Not Applicable,0,,
2024-07-29 19:39:00,CNR7222571986,Driver Not Found,CID447180,eBike,Chamarajpet,Indiranagar,,,Not Applicable,Not Applicable,Not Applicable,Not Applicable,464,Not Applicable,0,,
2024-07-26 08:08:00,CNR5024311704,Driver Not Found,CID520417,Prime SUV,Hosur Road,Kadugodi,,,Not Applicable,Not Applicable,Not Applicable,Not Applicable,698,Not Applicable,0,,
2024-07-02 08:44:00,CNR8169596311,Success,CID636104,Bike,BTM Layout,Shantinagar,301.0,80.0,Not Applicable,Not Applicable,No,Not Applicable,190,Credit Card,35,4.8,3.8
2024-07-03 04:47:00,CNR4990733314,Driver Not Found,CID805970,Prime Sedan,Kengeri,Magadi Road,,,Not Applicable,Not Applicable,Not Applicable,Not Applicable,541,Not Applicable,0,,
2024-07-14 11:35:00,CNR5578200429,Success,CID374274,Mini,Electronic City,Kadugodi,189.0,75.0,Not Applicable,Not Applicable,Yes,Customer Demand,125,Cash,11,3.4,3.6
2024-07-04 05:01:00,CNR5349941675,Success,CID167280,Bike,HSR Layout,RT Nagar,245.0,80.0,Not Applicable,Not Applicable,No,Not Applicable,169,Credit Card,12,3.8,4.6
2024-07-27 12:08:00,CNR8427362099,Success,CID489235,Mini,HSR Layout,Shantinagar,196.0,55.0,Not Applicable,Not Applicable,No,Not Applicable,483,Cash,20,4.5,3.7
2024-07-15 23:25:00,CNR5980633148,Success,CID717018,Prime SUV,Magadi Road,Shantinagar,168.0,110.0,Not Applicable,Not Applicable,No,Not Applicable,1806,UPI,20,3.0,3.7
2024-07-06 03:37:00,CNR5688619552,Success,CID863478,Mini,Bannerghatta Road,Basavanagudi,35.0,90.0,Not Applicable,Not Applicable,No,Not Applicable,314,Cash,15,4.8,3.3
2024-07-23 16:17:00,CNR4563728738,Success,CID615515,Mini,Langford Town,Chickpet,287.0,125.0,Not Applicable,Not Applicable,No,Not Applicable,496,UPI,10,4.7,3.3
2024-07-17 16:50:00,CNR3589071213,Success,CID371692,Mini,Rajarajeshwari Nagar,Marathahalli,308.0,125.0,Not Applicable,Not Applicable,No,Not Applicable,429,Cash,1,3.4,4.7
2024-07-30 06:03:00,CNR1737779680,Canceled by Driver,CID584722,Mini,Sahakar Nagar,Hennur,,,Not Applicable,Personal & Car related issue,Not Applicable,Not Applicable,2030,Not Applicable,0,,
2024-07-04 18:29:00,CNR4978786386,Success,CID535786,Bike,Kammanahalli,Varthur,238.0,75.0,Not Applicable,Not Applicable,No,Not Applicable,154,Cash,10,3.6,4.1
2024-07-29 05:04:00,CNR1299330098,Success,CID397377,Auto,KR Puram,Yeshwanthpur,91.0,95.0,Not Applicable,Not Applicable,No,Not Applicable,451,UPI,13,3.6,3.1
2024-07-23 13:13:00,CNR7768553468,Success,CID400613,eBike,Nagarbhavi,Vijayanagar,154.0,40.0,Not Applicable,Not Applicable,No,Not Applicable,318,Cash,46,3.8,3.9
2024-07-08 07:21:00,CNR7849239966,Success,CID148227,Prime Plus,Hosur Road,Yelahanka,42.0,90.0,Not Applicable,Not Applicable,No,Not Applicable,212,Cash,49,4.9,3.6
2024-07-07 11:33:00,CNR8266439781,Success,CID301162,Prime Sedan,Cox Town,Ulsoor,35.0,35.0,Not Applicable,Not Applicable,No,Not Applicable,210,Cash,13,4.7,3.6
2024-07-29 06:49:00,CNR7009223758,Success,CID727470,Prime Plus,Nagarbhavi,HSR Layout,266.0,90.0,Not Applicable,Not Applicable,No,Not Applicable,774,Cash,43,3.8,4.9
2024-07-03 05:30:00,CNR7392484753,Success,CID844362,Bike,Cox Town,KR Puram,231.0,80.0,Not Applicable,Not Applicable,No,Not Applicable,479,UPI,26,4.2,4.5
2024-07-20 12:04:00,CNR2722278169,Canceled by Customer,CID730376,Bike,Frazer Town,Tumkur Road,,,Driver is not moving towards pickup location,Not Applicable,Not Applicable,Not Applicable,381,Not Applicable,0,,
2024-07-28 15:18:00,CNR3635653182,Success,CID920316,Bike,Basavanagudi,Sahakar Nagar,252.0,105.0,Not Applicable,Not Applicable,No,Not Applicable,575,UPI,21,4.5,3.2
2024-07-24 23:02:00,CNR1129266035,Success,CID163810,Prime Plus,HSR Layout,Richmond Town,63.0,125.0,Not Applicable,Not Applicable,No,Not Applicable,247,UPI,17,3.3,4.0
2024-07-02 05:16:00,CNR6456628850,Canceled by Driver,CID884651,Mini,Cox Town,Sahakar Nagar,,,Not Applicable,Personal & Car related issue,Not Applicable,Not Applicable,379,Not Applicable,0,,
2024-07-26 00:52:00,CNR3350676400,Success,CID225841,Mini,Rajajinagar,Yeshwanthpur,294.0,135.0,Not Applicable,Not Applicable,No,Not Applicable,252,UPI,38,4.1,4.7
2024-07-22 06:16:00,CNR7027253562,Driver Not Found,CID417695,Prime SUV,Basavanagudi,BTM Layout,,,Not Applicable,Not Applicable,Not Applicable,Not Applicable,247,Not Applicable,0,,
2024-07-09 07:33:00,CNR4621791572,Canceled by Customer,CID120357,Bike,Shantinagar,Tumkur Road,,,Driver is not moving towards pickup location,Not Applicable,Not Applicable,Not Applicable,306,Not Applicable,0,,
2024-07-06 03:47:00,CNR2207841588,Success,CID483715,eBike,Yelahanka,MG Road,203.0,135.0,Not Applicable,Not Applicable,No,Not Applicable,368,Cash,21,4.2,3.4
2024-07-15 01:46:00,CNR1873386426,Success,CID612569,Prime SUV,RT Nagar,KR Puram,189.0,55.0,Not Applicable,Not Applicable,Yes,Customer Demand,769,UPI,29,4.5,4.0
2024-07-28 18:41:00,CNR9724491489,Success,CID811709,Mini,Basavanagudi,Cox Town,175.0,115.0,Not Applicable,Not Applicable,No,Not Applicable,1090,UPI,23,4.9,3.0
2024-07-20 18:16:00,CNR9955810935,Canceled by Customer,CID678127,Auto,Chamarajpet,Koramangala,,,Driver asked to cancel,Not Applicable,Not Applicable,Not Applicable,166,Not Applicable,0,,
2024-07-19 14:51:00,CNR8377681643,Canceled by Driver,CID959093,Mini,Varthur,HSR Layout,,,Not Applicable,Customer related issue,Not Applicable,Not Applicable,753,Not Applicable,0,,
2024-07-09 09:21:00,CNR8821000888,Canceled by Driver,CID833100,Auto,MG Road,Kammanahalli,,,Not Applicable,Personal & Car related issue,Not Applicable,Not Applicable,671,Not Applicable,0,,
2024-07-07 18:51:00,CNR5710591765,Success,CID711163,Prime Sedan,RT Nagar,Peenya,182.0,35.0,Not Applicable,Not Applicable,No,Not Applicable,824,Cash,43,4.4,4.2
2024-07-21 04:30:00,CNR4979588961,Canceled by Customer,CID481610,Bike,Kadugodi,Yeshwanthpur,,,Driver asked to cancel,Not Applicable,Not Applicable,Not Applicable,506,Not Applicable,0,,
2024-07-15 07:40:00,CNR6712679410,Success,CID554949,Bike,Hennur,HSR Layout,140.0,35.0,Not Applicable,Not Applicable,No,Not Applicable,197,UPI,26,4.1,3.9
2024-07-05 12:42:00,CNR8567987145,Driver Not Found,CID957015,Auto,Yeshwanthpur,Electronic City,,,Not Applicable,Not Applicable,Not Applicable,Not Applicable,205,Not Applicable,0,,
2024-07-18 12:11:00,CNR3981399789,Success,CID108073,Mini,Kengeri,Shantinagar,259.0,70.0,Not Applicable,Not Applicable,No,Not Applicable,312,UPI,45,3.9,3.0
2024-07-16 21:50:00,CNR8328849775,Success,CID735816,Mini,Bellandur,Hennur,238.0,50.0,Not Applicable,Not Applicable,No,Not Applicable,132,UPI,40,3.5,3.9
2024-07-22 05:41:00,CNR5818771484,Success,CID441037,Prime SUV,Nagarbhavi,Padmanabhanagar,140.0,70.0,Not Applicable,Not Applicable,No,Not Applicable,230,UPI,13,3.7,4.8
2024-07-26 04:51:00,CNR9428462234,Success,CID361222,Prime Plus,Chamarajpet,Rajarajeshwari Nagar,35.0,125.0,Not Applicable,Not Applicable,No,Not Applicable,696,Credit Card,33,4.9,4.0
2024-07-15 11:18:00,CNR9312079922,Success,CID775080,eBike,Marathahalli,Langford Town,119.0,35.0,Not Applicable,Not Applicable,No,Not Applicable,223,UPI,33,3.3,4.6
2024-07-23 20:27:00,CNR4159990632,Success,CID805309,Auto,Hosur Road,Kadugodi,91.0,45.0,Not Applicable,Not Applicable,No,Not Applicable,101,Cash,3,4.9,4.5
2024-07-18 11:07:00,CNR5373989663,Success,CID563942,Prime Plus,Kengeri,Shantinagar,119.0,145.0,Not Applicable,Not Applicable,Yes,Vehicle Breakdown,472,Cash,37,3.4,3.0
2024-07-12 02:48:00,CNR4868185514,Canceled by Driver,CID295360,Prime SUV,Cox Town,Varthur,,,Not Applicable,More than permitted people in there,Not Applicable,Not Applicable,108,Not Applicable,0,,
2024-07-25 21:46:00,CNR7944645631,Success,CID858330,Mini,Vijayanagar,Koramangala,245.0,145.0,Not Applicable,Not Applicable,No,Not Applicable,228,Cash,17,3.9,3.7
2024-07-06 18:04:00,CNR1074910093,Canceled by Customer,CID663284,Prime Plus,Koramangala,Bellandur,,,Driver asked to cancel,Not Applicable,Not Applicable,Not Applicable,372,Not Applicable,0,,
2024-07-13 15:51:00,CNR6486917856,Success,CID586916,Bike,Yelahanka,Richmond Town,287.0,55.0,Not Applicable,Not Applicable,No,Not Applicable,176,Cash,21,3.9,3.5
2024-07-12 10:56:00,CNR5252823824,Success,CID955223,Auto,Hebbal,Magadi Road,252.0,135.0,Not Applicable,Not Applicable,No,Not Applicable,171,Cash,9,4.8,3.2
2024-07-10 21:57:00,CNR5668761398,Success,CID609174,eBike,JP Nagar,JP Nagar,84.0,30.0,Not Applicable,Not Applicable,No,Not Applicable,247,Cash,35,4.7,3.4
2024-07-03 13:05:00,CNR8107212916,Success,CID921978,Auto,Vijayanagar,JP Nagar,266.0,40.0,Not Applicable,Not Applicable,No,Not Applicable,290,UPI,11,3.8,4.9
2024-07-19 13:14:00,CNR8857987435,Success,CID601674,eBike,BTM Layout,Hosur Road,294.0,25.0,Not Applicable,Not Applicable,No,Not Applicable,142,UPI,26,3.0,5.0
2024-07-01 20:40:00,CNR3056717048,Success,CID687425,Prime Sedan,Ulsoor,RT Nagar,154.0,60.0,Not Applicable,Not Applicable,No,Not Applicable,431,UPI,28,4.3,4.2
2024-07-08 19:17:00,CNR3884389892,Driver Not Found,CID199889,Prime SUV,Indiranagar,KR Puram,,,Not Applicable,Not Applicable,Not Applicable,Not Applicable,163,Not Applicable,0,,
2024-07-10 17:57:00,CNR7744279245,Success,CID416651,Auto,Rajajinagar,Malleshwaram,168.0,50.0,Not Applicable,Not Applicable,No,Not Applicable,329,UPI,16,3.2,4.1
2024-07-23 00:11:00,CNR4755915494,Driver Not Found,CID474191,Prime SUV,Chickpet,RT Nagar,,,Not Applicable,Not Applicable,Not Applicable,Not Applicable,214,Not Applicable,0,,
2024-07-05 11:43:00,CNR4081387109,Success,CID712444,Bike,Hulimavu,Majestic,147.0,140.0,Not Applicable,Not Applicable,No,Not Applicable,367,Cash,3,4.5,4.1
2024-07-01 14:08:00,CNR1318227358,Driver Not Found,CID284639,Bike,Cox Town,Chamarajpet,,,Not Applicable,Not Applicable,Not Applicable,Not Applicable,2804,Not Applicable,0,,
2024-07-21 09:36:00,CNR6837723961,Driver Not Found,CID824657,Mini,Cox Town,Chamarajpet,,,Not Applicable,Not Applicable,Not Applicable,Not Applicable,301,Not Applicable,0,,
2024-07-20 20:40:00,CNR5608981566,Canceled by Customer,CID517182,eBike,Hennur,Bannerghatta Road,,,Driver is not moving towards pickup location,Not Applicable,Not Applicable,Not Applicable,113,Not Applicable,0,,
2024-07-23 00:55:00,CNR2986109861,Success,CID666855,Bike,MG Road,Rajarajeshwari Nagar,91.0,25.0,Not Applicable,Not Applicable,Yes,Vehicle Breakdown,497,Cash,23,4.3,3.9
2024-07-18 00:00:00,CNR6581451423,Success,CID476481,Prime Plus,Sarjapur Road,Padmanabhanagar,56.0,140.0,Not Applicable,Not Applicable,No,Not Applicable,431,Cash,27,3.7,4.2
2024-07-23 00:43:00,CNR5740784539,Driver Not Found,CID590415,Mini,Malleshwaram,Rajarajeshwari Nagar,,,Not Applicable,Not Applicable,Not Applicable,Not Applicable,271,Not Applicable,0,,
2024-07-17 20:50:00,CNR2878423009,Canceled by Driver,CID292254,Mini,BTM Layout,MG Road,,,Not Applicable,More than permitted people in there,Not Applicable,Not Applicable,474,Not Applicable,0,,
2024-07-05 03:56:00,CNR4356083102,Driver Not Found,CID462952,Mini,Devanahalli,Ulsoor,,,Not Applicable,Not Applicable,Not Applicable,Not Applicable,390,Not Applicable,0,,
2024-07-12 11:32:00,CNR6995259375,Driver Not Found,CID310955,Mini,Frazer Town,Majestic,,,Not Applicable,Not Applicable,Not Applicable,Not Applicable,144,Not Applicable,0,,
2024-07-20 13:42:00,CNR6172824075,Canceled by Driver,CID717434,Prime SUV,Magadi Road,Bannerghatta Road,,,Not Applicable,Personal & Car related issue,Not Applicable,Not Applicable,230,Not Applicable,0,,
2024-07-01 17:32:00,CNR4355915231,Success,CID704744,Bike,JP Nagar,Frazer Town,266.0,135.0,Not Applicable,Not Applicable,No,Not Applicable,133,UPI,1,4.0,4.8
2024-07-02 17:19:00,CNR4480328835,Success,CID111921,Prime Plus,Shantinagar,Cox Town,294.0,45.0,Not Applicable,Not Applicable,Yes,Vehicle Breakdown,1078,Cash,23,3.3,3.3
2024-07-11 16:53:00,CNR8161292505,Success,CID370139,eBike,Vijayanagar,Padmanabhanagar,147.0,120.0,Not Applicable,Not Applicable,No,Not Applicable,288,Cash,37,3.9,3.2
2024-07-30 03:46:00,CNR4215038339,Driver Not Found,CID205346,Prime SUV,RT Nagar,Banashankari,,,Not Applicable,Not Applicable,Not Applicable,Not Applicable,293,Not Applicable,0,,
2024-07-26 03:25:00,CNR1563717389,Success,CID474923,Prime SUV,Electronic City,Electronic City,189.0,25.0,Not Applicable,Not Applicable,No,Not Applicable,357,UPI,44,4.0,3.1
2024-07-24 08:27:00,CNR9909128718,Success,CID820470,Auto,Kadugodi,Ulsoor,147.0,65.0,Not Applicable,Not Applicable,No,Not Applicable,358,UPI,17,3.8,3.5
2024-07-11 14:03:00,CNR7912312372,Success,CID418574,eBike,Cox Town,Ramamurthy Nagar,196.0,135.0,Not Applicable,Not Applicable,No,Not Applicable,464,Credit Card,1,3.3,5.0
2024-07-14 02:25:00,CNR4372834530,Success,CID491924,Mini,Tumkur Road,Hebbal,252.0,140.0,Not Applicable,Not Applicable,No,Not Applicable,115,Cash,29,4.4,5.0
2024-07-24 13:23:00,CNR8849470969,Success,CID829364,Bike,Koramangala,Cox Town,266.0,115.0,Not Applicable,Not Applicable,No,Not Applicable,343,UPI,43,3.4,3.5
2024-07-23 23:32:00,CNR1562836266,Success,CID606360,Prime Plus,Kengeri,Kammanahalli,91.0,60.0,Not Applicable,Not Applicable,No,Not Applicable,739,Cash,5,4.1,4.5
2024-07-20 19:26:00,CNR8100614526,Canceled by Driver,CID857403,Mini,BTM Layout,Hulimavu,,,Not Applicable,Personal & Car related issue,Not Applicable,Not Applicable,838,Not Applicable,0,,
2024-07-03 17:35:00,CNR3929279971,Canceled by Customer,CID158062,Prime SUV,Richmond Town,Chamarajpet,,,Driver is not moving towards pickup location,Not Applicable,Not Applicable,Not Applicable,117,Not Applicable,0,,
2024-07-29 11:11:00,CNR8928850037,Success,CID613969,Prime Sedan,KR Puram,Majestic,84.0,130.0,Not Applicable,Not Applicable,No,Not Applicable,214,Cash,39,4.0,3.1
2024-07-28 12:47:00,CNR8536766202,Canceled by Driver,CID338263,Prime Sedan,Jayanagar,Langford Town,,,Not Applicable,Customer related issue,Not Applicable,Not Applicable,143,Not Applicable,0,,
2024-07-06 04:52:00,CNR7815199474,Canceled by Customer,CID970207,Prime Plus,Vijayanagar,Hebbal,,,Driver is not moving towards pickup location,Not Applicable,Not Applicable,Not Applicable,255,Not Applicable,0,,
2024-07-20 00:25:00,CNR9936238902,Driver Not Found,CID781224,Prime Plus,MG Road,Malleshwaram,,,Not Applicable,Not Applicable,Not Applicable,Not Applicable,251,Not Applicable,0,,
2024-07-08 09:05:00,CNR2116588732,Success,CID610472,Mini,Tumkur Road,Varthur,175.0,70.0,Not Applicable,Not Applicable,No,Not Applicable,275,UPI,43,3.1,3.0
2024-07-29 20:08:00,CNR2758668215,Canceled by Driver,CID652172,Prime Plus,Langford Town,Mysore Road,,,Not Applicable,Customer was coughing/sick,Not Applicable,Not Applicable,979,Not Applicable,0,,
2024-07-18 12:57:00,CNR9339638016,Success,CID151010,eBike,Bannerghatta Road,Ramamurthy Nagar,231.0,95.0,Not Applicable,Not Applicable,No,Not Applicable,199,UPI,35,4.8,4.0
2024-07-28 18:57:00,CNR8503169272,Success,CID573342,Auto,Nagarbhavi,Rajarajeshwari Nagar,301.0,60.0,Not Applicable,Not Applicable,No,Not Applicable,103,UPI,1,4.5,4.0
2024-07-08 14:53:00,CNR8767110726,Success,CID846430,Prime SUV,Cox Town,Marathahalli,42.0,65.0,Not Applicable,Not Applicable,No,Not Applicable,172,Cash,2,4.4,4.0
2024-07-25 04:05:00,CNR8048459750,Canceled by Driver,CID313639,Prime Sedan,Jayanagar,MG Road,,,Not Applicable,Personal & Car related issue,Not Applicable,Not Applicable,453,Not Applicable,0,,
2024-07-30 23:48:00,CNR8727975392,Success,CID363419,Prime Sedan,KR Puram,Rajajinagar,161.0,25.0,Not Applicable,Not Applicable,No,Not Applicable,1901,UPI,4,4.0,3.1
2024-07-04 13:08:00,CNR1444804461,Driver Not Found,CID162210,Bike,Magadi Road,Sahakar Nagar,,,Not Applicable,Not Applicable,Not Applicable,Not Applicable,936,Not Applicable,0,,
2024-07-01 14:26:00,CNR8919912183,Success,CID663938,Prime Plus,JP Nagar,Yelahanka,154.0,35.0,Not Applicable,Not Applicable,No,Not Applicable,188,Cash,45,4.4,3.3
2024-07-10 10:29:00,CNR1013857767,Success,CID150244,Auto,Peenya,Yeshwanthpur,175.0,65.0,Not Applicable,Not Applicable,No,Not Applicable,155,UPI,19,4.8,4.4
2024-07-13 15:09:00,CNR5378738572,Success,CID909415,Bike,Tumkur Road,JP Nagar,84.0,110.0,Not Applicable,Not Applicable,No,Not Applicable,795,Cash,5,5.0,3.3
2024-07-25 05:10:00,CNR9750977837,Driver Not Found,CID375804,Prime Plus,Devanahalli,Shantinagar,,,Not Applicable,Not Applicable,Not Applicable,Not Applicable,184,Not Applicable,0,,
2024-07-25 02:08:00,CNR2825151997,Success,CID131051,Prime SUV,Yeshwanthpur,Indiranagar,175.0,35.0,Not Applicable,Not Applicable,No,Not Applicable,462,UPI,8,4.5,3.9
2024-07-08 15:19:00,CNR5671815574,Success,CID322425,Auto,Hosur Road,Hennur,70.0,130.0,Not Applicable,Not Applicable,No,Not Applicable,290,Cash,10,4.2,4.2
2024-07-17 04:03:00,CNR5042237038,Success,CID299930,eBike,Yeshwanthpur,Langford Town,77.0,110.0,Not Applicable,Not Applicable,No,Not Applicable,109,UPI,43,4.3,3.6
2024-07-06 20:34:00,CNR7081595281,Success,CID908231,Bike,HSR Layout,Hennur,154.0,125.0,Not Applicable,Not Applicable,No,Not Applicable,585,Debit Card,16,3.6,4.4
2024-07-30 23:07:00,CNR6496738301,Success,CID552467,Auto,Sarjapur Road,Yeshwanthpur,42.0,130.0,Not Applicable,Not Applicable,No,Not Applicable,464,UPI,19,3.9,3.8
2024-07-12 16:43:00,CNR2708702694,Success,CID723397,Prime Plus,Peenya,Sahakar Nagar,259.0,70.0,Not Applicable,Not Applicable,No,Not Applicable,2858,UPI,36,3.1,4.6
2024-07-24 11:16:00,CNR9616576509,Success,CID455314,Prime Sedan,Varthur,HSR Layout,203.0,110.0,Not Applicable,Not Applicable,No,Not Applicable,136,Cash,3,4.2,3.3
2024-07-11 22:43:00,CNR8030544455,Success,CID474759,Prime Sedan,Frazer Town,Langford Town,42.0,125.0,Not Applicable,Not Applicable,No,Not Applicable,401,Cash,14,4.5,3.7
2024-07-22 07:38:00,CNR9900597701,Driver Not Found,CID795172,Auto,Marathahalli,Devanahalli,,,Not Applicable,Not Applicable,Not Applicable,Not Applicable,238,Not Applicable,0,,
2024-07-28 19:19:00,CNR3852287894,Canceled by Customer,CID275313,Prime SUV,Devanahalli,MG Road,,,Driver is not moving towards pickup location,Not Applicable,Not Applicable,Not Applicable,653,Not Applicable,0,,
2024-07-13 17:14:00,CNR7614940323,Success,CID747901,Auto,Chamarajpet,Devanahalli,42.0,30.0,Not Applicable,Not Applicable,No,Not Applicable,166,Cash,18,3.9,3.2
2024-07-20 22:40:00,CNR3412349062,Success,CID335623,Mini,Devanahalli,RT Nagar,49.0,95.0,Not Applicable,Not Applicable,No,Not Applicable,953,UPI,6,3.4,4.5
2024-07-18 11:09:00,CNR3725040313,Success,CID939840,eBike,Yeshwanthpur,Yeshwanthpur,203.0,145.0,Not Applicable,Not Applicable,No,Not Applicable,252,Cash,28,4.8,4.1
2024-07-14 06:26:00,CNR4418402530,Success,CID749787,Prime Plus,Bellandur,HSR Layout,98.0,95.0,Not Applicable,Not Applicable,No,Not Applicable,337,UPI,43,3.2,4.5
2024-07-04 21:04:00,CNR7220785949,Success,CID336549,Bike,Vijayanagar,Cox Town,140.0,105.0,Not Applicable,Not Applicable,No,Not Applicable,481,UPI,8,4.8,3.4
2024-07-18 04:39:00,CNR2650534080,Success,CID197154,Prime Sedan,Padmanabhanagar,Shantinagar,252.0,115.0,Not Applicable,Not Applicable,No,Not Applicable,314,Cash,5,4.0,3.1
2024-07-01 18:05:00,CNR5913566809,Canceled by Customer,CID286203,Mini,Jayanagar,Majestic,,,Driver is not moving towards pickup location,Not Applicable,Not Applicable,Not Applicable,146,Not Applicable,0,,
2024-07-27 17:51:00,CNR7821319221,Canceled by Driver,CID204986,Bike,HSR Layout,Marathahalli,,,Not Applicable,Customer related issue,Not Applicable,Not Applicable,281,Not Applicable,0,,
2024-07-07 23:49:00,CNR9749589902,Canceled by Customer,CID146477,Bike,Yeshwanthpur,Kadugodi,,,Driver is not moving towards pickup location,Not Applicable,Not Applicable,Not Applicable,2337,Not Applicable,0,,
2024-07-27 11:18:00,CNR9147278428,Canceled by Driver,CID346536,Mini,Banashankari,Richmond Town,,,Not Applicable,Customer related issue,Not Applicable,Not Applicable,170,Not Applicable,0,,
2024-07-19 07:47:00,CNR3378997289,Success,CID606697,Prime SUV,BTM Layout,BTM Layout,154.0,90.0,Not Applicable,Not Applicable,No,Not Applicable,792,Cash,34,3.4,4.7
2024-07-12 09:31:00,CNR3312843902,Success,CID387059,Bike,Rajarajeshwari Nagar,Electronic City,84.0,145.0,Not Applicable,Not Applicable,No,Not Applicable,606,Cash,14,4.2,4.6
2024-07-08 07:24:00,CNR8422569640,Success,CID467086,Auto,Sarjapur Road,KR Puram,224.0,40.0,Not Applicable,Not Applicable,No,Not Applicable,233,Cash,3,4.3,3.1
2024-07-01 14:36:00,CNR7214861580,Canceled by Driver,CID825598,Auto,Majestic,MG Road,,,Not Applicable,Personal & Car related issue,Not Applicable,Not Applicable,672,Not Applicable,0,,
2024-07-12 04:25:00,CNR7716303793,Success,CID862164,Prime Plus,Hulimavu,Bellandur,77.0,125.0,Not Applicable,Not Applicable,No,Not Applicable,1397,UPI,37,3.3,4.3
2024-07-25 12:44:00,CNR3380692832,Success,CID321984,Bike,Majestic,Ramamurthy Nagar,35.0,85.0,Not Applicable,Not Applicable,No,Not Applicable,322,Cash,5,4.0,4.9
2024-07-02 01:21:00,CNR3548077398,Success,CID669433,Prime Plus,BTM Layout,Majestic,301.0,95.0,Not Applicable,Not Applicable,No,Not Applicable,182,Cash,17,4.7,3.1
2024-07-13 12:28:00,CNR5730623619,Driver Not Found,CID922680,Prime Sedan,Cox Town,KR Puram,,,Not Applicable,Not Applicable,Not Applicable,Not Applicable,1171,Not Applicable,0,,
2024-07-14 09:25:00,CNR4083575162,Canceled by Driver,CID289533,eBike,Yeshwanthpur,Electronic City,,,Not Applicable,Customer related issue,Not Applicable,Not Applicable,424,Not Applicable,0,,
2024-07-17 04:44:00,CNR5413329615,Success,CID645437,Mini,Richmond Town,Varthur,161.0,50.0,Not Applicable,Not Applicable,No,Not Applicable,219,Cash,21,3.3,4.6
2024-07-15 21:36:00,CNR1552405092,Success,CID188373,Prime Plus,Bellandur,Rajarajeshwari Nagar,203.0,45.0,Not Applicable,Not Applicable,Yes,Customer Demand,150,Cash,42,4.9,4.2
2024-07-04 23:14:00,CNR4730469311,Success,CID854104,Prime Plus,Mysore Road,BTM Layout,182.0,100.0,Not Applicable,Not Applicable,No,Not Applicable,307,UPI,7,3.8,4.7
2024-07-22 07:45:00,CNR9522509218,Canceled by Driver,CID559185,Auto,Kengeri,Chickpet,,,Not Applicable,More than permitted people in there,Not Applicable,Not Applicable,395,Not Applicable,0,,
2024-07-04 09:46:00,CNR7915325251,Canceled by Driver,CID998447,Bike,Indiranagar,Cox Town,,,Not Applicable,Customer was coughing/sick,Not Applicable,Not Applicable,616,Not Applicable,0,,
2024-07-28 20:28:00,CNR2849037513,Success,CID625690,Auto,Sarjapur Road,Hosur Road,91.0,110.0,Not Applicable,Not Applicable,No,Not Applicable,307,UPI,10,4.9,4.7
2024-07-24 11:05:00,CNR9476132016,Driver Not Found,CID298033,Bike,Electronic City,Yelahanka,,,Not Applicable,Not Applicable,Not Applicable,Not Applicable,613,Not Applicable,0,,
2024-07-16 04:43:00,CNR8667641262,Success,CID299720,Prime Plus,Kadugodi,Rajarajeshwari Nagar,287.0,55.0,Not Applicable,Not Applicable,No,Not Applicable,130,UPI,6,3.1,4.3
2024-07-06 18:49:00,CNR9306335463,Success,CID108636,Prime Plus,Mysore Road,Rajajinagar,35.0,25.0,Not Applicable,Not Applicable,No,Not Applicable,1381,UPI,38,4.3,3.8
2024-07-07 13:29:00,CNR8573786981,Canceled by Customer,CID695892,Prime Sedan,Hulimavu,Rajarajeshwari Nagar,,,Driver asked to cancel,Not Applicable,Not Applicable,Not Applicable,271,Not Applicable,0,,
2024-07-16 08:10:00,CNR3337062546,Success,CID555852,Prime Sedan,Bellandur,Whitefield,105.0,55.0,Not Applicable,Not Applicable,No,Not Applicable,140,UPI,17,5.0,4.9
2024-07-03 08:50:00,CNR4933900060,Success,CID701299,Mini,Majestic,Tumkur Road,84.0,140.0,Not Applicable,Not Applicable,No,Not Applicable,118,UPI,1,4.7,3.7
2024-07-23 12:00:00,CNR8522076702,Success,CID359960,Prime SUV,Indiranagar,Kammanahalli,210.0,115.0,Not Applicable,Not Applicable,No,Not Applicable,416,UPI,48,3.9,4.7
2024-07-26 18:11:00,CNR3464181109,Canceled by Customer,CID113004,Prime SUV,MG Road,Tumkur Road,,,Change of plans,Not Applicable,Not Applicable,Not Applicable,254,Not Applicable,0,,
2024-07-22 03:06:00,CNR6291681191,Canceled by Driver,CID579136,Prime SUV,Basavanagudi,Majestic,,,Not Applicable,Personal & Car related issue,Not Applicable,Not Applicable,1812,Not Applicable,0,,
2024-07-10 00:31:00,CNR7151916573,Canceled by Driver,CID227510,eBike,Frazer Town,Padmanabhanagar,,,Not Applicable,Customer related issue,Not Applicable,Not Applicable,482,Not Applicable,0,,
2024-07-07 23:09:00,CNR4206926817,Driver Not Found,CID593876,eBike,Varthur,Kengeri,,,Not Applicable,Not Applicable,Not Applicable,Not Applicable,107,Not Applicable,0,,
2024-07-11 20:07:00,CNR1673772207,Canceled by Driver,CID126862,Bike,Basavanagudi,Shantinagar,,,Not Applicable,Personal & Car related issue,Not Applicable,Not Applicable,1074,Not Applicable,0,,
2024-07-21 01:25:00,CNR1957629155,Success,CID862678,Auto,BTM Layout,Chamarajpet,147.0,50.0,Not Applicable,Not Applicable,No,Not Applicable,166,UPI,10,4.3,3.2
2024-07-30 01:29:00,CNR5598157766,Success,CID987273,Prime Plus,JP Nagar,Majestic,189.0,85.0,Not Applicable,Not Applicable,Yes,Vehicle Breakdown,2553,Cash,39,3.7,4.7
2024-07-20 14:59:00,CNR3725081030,Canceled by Customer,CID275000,Mini,Kammanahalli,Rajarajeshwari Nagar,,,Driver is not moving towards pickup location,Not Applicable,Not Applicable,Not Applicable,436,Not Applicable,0,,
2024-07-29 03:46:00,CNR6732319514,Success,CID617147,Prime SUV,Bannerghatta Road,Tumkur Road,294.0,110.0,Not Applicable,Not Applicable,No,Not Applicable,150,UPI,26,4.4,3.8
2024-07-20 10:25:00,CNR5219294798,Driver Not Found,CID240505,Bike,BTM Layout,Basavanagudi,,,Not Applicable,Not Applicable,Not Applicable,Not Applicable,655,Not Applicable,0,,
2024-07-02 07:17:00,CNR8583099635,Canceled by Customer,CID227011,eBike,Nagarbhavi,Frazer Town,,,Driver is not moving towards pickup location,Not Applicable,Not Applicable,Not Applicable,440,Not Applicable,0,,
2024-07-22 12:53:00,CNR9658724868,Canceled by Customer,CID838865,Prime SUV,Basavanagudi,Peenya,,,Change of plans,Not Applicable,Not Applicable,Not Applicable,192,Not Applicable,0,,
2024-07-17 06:52:00,CNR9593629257,Success,CID978811,Mini,Varthur,Indiranagar,252.0,145.0,Not Applicable,Not Applicable,No,Not Applicable,916,Cash,42,4.1,4.9
2024-07-05 14:53:00,CNR7227547531,Canceled by Customer,CID160241,Prime Plus,Peenya,JP Nagar,,,Driver asked to cancel,Not Applicable,Not Applicable,Not Applicable,191,Not Applicable,0,,
2024-07-06 18:10:00,CNR5229083029,Success,CID130559,Prime SUV,Hennur,Hulimavu,203.0,55.0,Not Applicable,Not Applicable,No,Not Applicable,887,Cash,47,4.1,3.2
2024-07-08 05:44:00,CNR8379761808,Success,CID522887,Mini,Varthur,Rajajinagar,217.0,55.0,Not Applicable,Not Applicable,No,Not Applicable,722,UPI,16,3.4,4.9
2024-07-06 09:24:00,CNR5967332953,Driver Not Found,CID419889,Mini,Cox Town,Bannerghatta Road,,,Not Applicable,Not Applicable,Not Applicable,Not Applicable,121,Not Applicable,0,,
2024-07-16 22:18:00,CNR7585465601,Driver Not Found,CID826677,Prime Plus,Rajarajeshwari Nagar,Bannerghatta Road,,,Not Applicable,Not Applicable,Not Applicable,Not Applicable,445,Not Applicable,0,,
2024-07-30 22:59:00,CNR2711037474,Success,CID153166,Prime Sedan,Hosur Road,Basavanagudi,217.0,25.0,Not Applicable,Not Applicable,Yes,Customer Demand,291,UPI,45,3.1,4.0
2024-07-21 18:51:00,CNR7884868776,Canceled by Customer,CID361489,eBike,Nagarbhavi,Ulsoor,,,Change of plans,Not Applicable,Not Applicable,Not Applicable,177,Not Applicable,0,,
2024-07-28 02:05:00,CNR8427552510,Success,CID336426,Mini,Hebbal,Ulsoor,105.0,130.0,Not Applicable,Not Applicable,Yes,Vehicle Breakdown,531,UPI,47,4.8,4.9
2024-07-26 15:24:00,CNR2477284809,Success,CID578863,Auto,MG Road,Whitefield,259.0,65.0,Not Applicable,Not Applicable,No,Not Applicable,220,UPI,9,3.9,4.1
2024-07-04 11:10:00,CNR1987270764,Driver Not Found,CID160760,Prime Sedan,BTM Layout,Yeshwanthpur,,,Not Applicable,Not Applicable,Not Applicable,Not Applicable,822,Not Applicable,0,,
2024-07-28 12:33:00,CNR9991767578,Success,CID548609,Bike,Hosur Road,Whitefield,112.0,40.0,Not Applicable,Not Applicable,No,Not Applicable,1785,Cash,20,4.3,4.8
2024-07-16 21:54:00,CNR1619262139,Success,CID875620,Prime Sedan,Marathahalli,Shivajinagar,224.0,140.0,Not Applicable,Not Applicable,No,Not Applicable,833,UPI,14,4.8,4.6
2024-07-10 13:00:00,CNR5918469582,Success,CID584101,Bike,Nagarbhavi,Peenya,259.0,60.0,Not Applicable,Not Applicable,No,Not Applicable,483,Cash,40,3.4,3.0
2024-07-11 05:24:00,CNR5262695328,Success,CID546049,Auto,Chamarajpet,KR Puram,77.0,50.0,Not Applicable,Not Applicable,No,Not Applicable,442,UPI,17,3.5,3.4
2024-07-05 17:58:00,CNR5944745895,Driver Not Found,CID429014,Mini,Kengeri,Basavanagudi,,,Not Applicable,Not Applicable,Not Applicable,Not Applicable,273,Not Applicable,0,,
2024-07-28 10:32:00,CNR4223028796,Success,CID335024,Prime Plus,Tumkur Road,Chamarajpet,280.0,65.0,Not Applicable,Not Applicable,No,Not Applicable,2776,Cash,5,3.9,3.3
2024-07-01 15:52:00,CNR7357106706,Success,CID550145,Prime Sedan,RT Nagar,Padmanabhanagar,210.0,120.0,Not Applicable,Not Applicable,No,Not Applicable,343,Cash,44,4.0,4.6
2024-07-22 00:24:00,CNR8438181015,Canceled by Driver,CID831564,Prime SUV,HSR Layout,Banashankari,,,Not Applicable,Personal & Car related issue,Not Applicable,Not Applicable,443,Not Applicable,0,,
2024-07-28 07:19:00,CNR6828495021,Success,CID294519,eBike,Richmond Town,Vijayanagar,175.0,120.0,Not Applicable,Not Applicable,No,Not Applicable,860,UPI,19,4.3,3.7
2024-07-05 17:58:00,CNR7785712122,Driver Not Found,CID905751,Prime SUV,Ulsoor,Koramangala,,,Not Applicable,Not Applicable,Not Applicable,Not Applicable,404,Not Applicable,0,,
2024-07-29 01:37:00,CNR2572814657,Success,CID310584,eBike,Vijayanagar,Electronic City,196.0,50.0,Not Applicable,Not Applicable,Yes,Customer Demand,320,Cash,30,4.9,4.1
2024-07-11 09:53:00,CNR7460718488,Success,CID508352,Auto,MG Road,Hennur,280.0,45.0,Not Applicable,Not Applicable,No,Not Applicable,1256,Cash,10,3.8,3.9
2024-07-20 13:18:00,CNR7908144950,Success,CID351780,Prime Plus,Sarjapur Road,Hebbal,245.0,60.0,Not Applicable,Not Applicable,No,Not Applicable,233,Cash,7,5.0,4.9
2024-07-22 05:03:00,CNR7954226122,Success,CID163046,Prime Sedan,Whitefield,Rajajinagar,140.0,35.0,Not Applicable,Not Applicable,No,Not Applicable,166,Cash,27,4.0,4.6
2024-07-24 23:55:00,CNR7822047273,Driver Not Found,CID485699,Bike,Ramamurthy Nagar,Shantinagar,,,Not Applicable,Not Applicable,Not Applicable,Not Applicable,272,Not Applicable,0,,
2024-07-29 18:34:00,CNR5591437168,Canceled by Customer,CID363499,Prime SUV,Bannerghatta Road,Chamarajpet,,,Driver is not moving towards pickup location,Not Applicable,Not Applicable,Not Applicable,149,Not Applicable,0,,
2024-07-16 18:53:00,CNR3770681125,Success,CID806295,Mini,RT Nagar,Rajarajeshwari Nagar,224.0,80.0,Not Applicable,Not Applicable,No,Not Applicable,478,UPI,47,4.3,3.4
2024-07-20 06:56:00,CNR7002408297,Success,CID229610,Mini,KR Puram,MG Road,49.0,90.0,Not Applicable,Not Applicable,No,Not Applicable,331,Cash,40,3.3,4.1
2024-07-05 07:50:00,CNR2037436309,Success,CID417885,eBike,Hosur Road,Marathahalli,147.0,110.0,Not Applicable,Not Applicable,No,Not Applicable,2349,UPI,19,4.2,3.6
2024-07-25 02:53:00,CNR8864937063,Success,CID219255,Mini,Majestic,Devanahalli,182.0,120.0,Not Applicable,Not Applicable,No,Not Applicable,499,UPI,22,3.1,3.7
2024-07-09 15:21:00,CNR5039703496,Canceled by Driver,CID873642,Auto,Varthur,RT Nagar,,,Not Applicable,Personal & Car related issue,Not Applicable,Not Applicable,199,Not Applicable,0,,
2024-07-11 19:05:00,CNR3056029413,Success,CID484397,Auto,Yeshwanthpur,Indiranagar,140.0,45.0,Not Applicable,Not Applicable,No,Not Applicable,323,Cash,19,4.3,4.2
2024-07-23 06:21:00,CNR4846063175,Success,CID938663,Prime Sedan,Basavanagudi,Langford Town,294.0,45.0,Not Applicable,Not Applicable,No,Not Applicable,335,Cash,43,4.8,4.7
2024-07-23 09:09:00,CNR5991747197,Canceled by Driver,CID485283,Mini,Ramamurthy Nagar,Marathahalli,,,Not Applicable,Personal & Car related issue,Not Applicable,Not Applicable,506,Not Applicable,0,,
2024-07-08 22:44:00,CNR2035773420,Canceled by Customer,CID949175,Mini,Richmond Town,Banashankari,,,Wrong Address,Not Applicable,Not Applicable,Not Applicable,229,Not Applicable,0,,
2024-07-17 13:30:00,CNR9191885085,Canceled by Driver,CID997800,Mini,Richmond Town,Devanahalli,,,Not Applicable,More than permitted people in there,Not Applicable,Not Applicable,2078,Not Applicable,0,,
2024-07-09 12:42:00,CNR6114383516,Success,CID365741,Bike,Kammanahalli,Varthur,154.0,80.0,Not Applicable,Not Applicable,No,Not Applicable,914,UPI,37,4.2,3.8
2024-07-03 06:33:00,CNR1482817983,Success,CID683733,Mini,Rajajinagar,Kadugodi,294.0,145.0,Not Applicable,Not Applicable,No,Not Applicable,1785,Cash,45,4.1,4.3
2024-07-05 02:40:00,CNR9383792037,Canceled by Customer,CID156630,Mini,Sarjapur Road,Malleshwaram,,,Driver is not moving towards pickup location,Not Applicable,Not Applicable,Not Applicable,540,Not Applicable,0,,
2024-07-26 06:51:00,CNR1209419993,Driver Not Found,CID248754,Prime Plus,Sahakar Nagar,KR Puram,,,Not Applicable,Not Applicable,Not Applicable,Not Applicable,479,Not Applicable,0,,
2024-07-09 06:07:00,CNR6489484620,Success,CID836424,eBike,Indiranagar,Yeshwanthpur,175.0,105.0,Not Applicable,Not Applicable,No,Not Applicable,176,Cash,17,3.8,3.1
2024-07-19 10:28:00,CNR5906676399,Success,CID261240,Prime Sedan,Hennur,Chamarajpet,301.0,80.0,Not Applicable,Not Applicable,No,Not Applicable,304,UPI,29,4.7,4.4
2024-07-05 19:28:00,CNR2234392280,Driver Not Found,CID463118,Bike,Ramamurthy Nagar,RT Nagar,,,Not Applicable,Not Applicable,Not Applicable,Not Applicable,926,Not Applicable,0,,
2024-07-03 02:18:00,CNR3081573335,Canceled by Driver,CID239952,Prime Plus,Tumkur Road,Cox Town,,,Not Applicable,Personal & Car related issue,Not Applicable,Not Applicable,291,Not Applicable,0,,
2024-07-06 10:26:00,CNR8121815508,Success,CID641866,Prime SUV,Bannerghatta Road,Yeshwanthpur,224.0,25.0,Not Applicable,Not Applicable,No,Not Applicable,444,UPI,12,4.3,3.2
2024-07-15 15:13:00,CNR8337838839,Success,CID342076,Prime SUV,Bannerghatta Road,Malleshwaram,287.0,100.0,Not Applicable,Not Applicable,No,Not Applicable,478,UPI,30,3.5,4.6
2024-07-16 03:11:00,CNR9485617547,Success,CID557602,Bike,Shantinagar,Chamarajpet,63.0,60.0,Not Applicable,Not Applicable,No,Not Applicable,375,Cash,14,4.8,3.7
2024-07-02 16:48:00,CNR1532737880,Success,CID529079,Auto,Bellandur,Shivajinagar,98.0,35.0,Not Applicable,Not Applicable,No,Not Applicable,110,UPI,19,4.4,3.6
2024-07-08 22:34:00,CNR6772321511,Success,CID452043,Mini,Hosur Road,Bannerghatta Road,308.0,95.0,Not Applicable,Not Applicable,No,Not Applicable,2038,Cash,44,3.7,4.1
2024-07-17 17:18:00,CNR8943122137,Driver Not Found,CID603345,eBike,Frazer Town,Bannerghatta Road,,,Not Applicable,Not Applicable,Not Applicable,Not Applicable,945,Not Applicable,0,,
2024-07-24 02:01:00,CNR7970069145,Canceled by Driver,CID835733,Bike,MG Road,Indiranagar,,,Not Applicable,Customer was coughing/sick,Not Applicable,Not Applicable,182,Not Applicable,0,,
2024-07-15 20:28:00,CNR8310184356,Canceled by Driver,CID458894,Mini,RT Nagar,Malleshwaram,,,Not Applicable,More than permitted people in there,Not Applicable,Not Applicable,1086,Not Applicable,0,,
2024-07-27 20:23:00,CNR6412524209,Driver Not Found,CID228720,Auto,Malleshwaram,Hulimavu,,,Not Applicable,Not Applicable,Not Applicable,Not Applicable,234,Not Applicable,0,,
2024-07-06 02:46:00,CNR6197231834,Success,CID427973,Mini,Kengeri,Sahakar Nagar,56.0,65.0,Not Applicable,Not Applicable,No,Not Applicable,230,Credit Card,48,3.1,5.0
2024-07-13 16:28:00,CNR7369650027,Success,CID342212,eBike,Shantinagar,Malleshwaram,147.0,75.0,Not Applicable,Not Applicable,No,Not Applicable,114,UPI,3,3.4,4.5
2024-07-24 18:44:00,CNR3504556232,Canceled by Customer,CID151677,Prime SUV,Marathahalli,Marathahalli,,,Wrong Address,Not Applicable,Not Applicable,Not Applicable,495,Not Applicable,0,,
2024-07-28 20:07:00,CNR4774858555,Success,CID175299,Auto,Richmond Town,Hennur,252.0,145.0,Not Applicable,Not Applicable,No,Not Applicable,242,Cash,3,3.2,3.6
2024-07-30 21:10:00,CNR7583166422,Canceled by Customer,CID758396,Auto,Sarjapur Road,BTM Layout,,,Driver is not moving towards pickup location,Not Applicable,Not Applicable,Not Applicable,267,Not Applicable,0,,
2024-07-26 19:59:00,CNR3593853402,Success,CID674266,eBike,Shantinagar,RT Nagar,70.0,90.0,Not Applicable,Not Applicable,No,Not Applicable,471,Cash,35,4.9,4.6
2024-07-03 23:13:00,CNR7099218160,Canceled by Driver,CID736682,Bike,Peenya,RT Nagar,,,Not Applicable,Personal & Car related issue,Not Applicable,Not Applicable,398,Not Applicable,0,,
2024-07-26 07:58:00,CNR1470679452,Success,CID959902,Mini,BTM Layout,BTM Layout,133.0,45.0,Not Applicable,Not Applicable,No,Not Applicable,390,UPI,45,3.7,3.1
2024-07-25 22:41:00,CNR5015166274,Driver Not Found,CID740488,Prime Sedan,Hennur,Richmond Town,,,Not Applicable,Not Applicable,Not Applicable,Not Applicable,551,Not Applicable,0,,
2024-07-24 01:11:00,CNR5096669358,Canceled by Customer,CID203746,Prime Plus,Langford Town,Kengeri,,,AC is Not working,Not Applicable,Not Applicable,Not Applicable,870,Not Applicable,0,,
2024-07-27 01:46:00,CNR7695291536,Success,CID252334,Auto,Hennur,BTM Layout,154.0,35.0,Not Applicable,Not Applicable,No,Not Applicable,285,Cash,9,3.3,3.2
2024-07-03 22:50:00,CNR3780301118,Success,CID415898,eBike,MG Road,Ulsoor,217.0,65.0,Not Applicable,Not Applicable,No,Not Applicable,157,Cash,31,4.0,3.1
2024-07-22 06:42:00,CNR6144706216,Success,CID506062,Prime Plus,Ulsoor,Banashankari,224.0,145.0,Not Applicable,Not Applicable,No,Not Applicable,981,Cash,44,3.2,4.9
2024-07-05 02:42:00,CNR1859669263,Driver Not Found,CID410066,Mini,Ramamurthy Nagar,Kengeri,,,Not Applicable,Not Applicable,Not Applicable,Not Applicable,465,Not Applicable,0,,
2024-07-27 12:04:00,CNR6911604164,Canceled by Customer,CID780357,Auto,Vijayanagar,Electronic City,,,Driver asked to cancel,Not Applicable,Not Applicable,Not Applicable,757,Not Applicable,0,,
2024-07-09 17:02:00,CNR6058006301,Success,CID918865,Prime Plus,Rajarajeshwari Nagar,Frazer Town,266.0,35.0,Not Applicable,Not Applicable,No,Not Applicable,427,Cash,4,3.4,4.9
2024-07-24 10:30:00,CNR2540399685,Driver Not Found,CID359735,Bike,Nagarbhavi,Tumkur Road,,,Not Applicable,Not Applicable,Not Applicable,Not Applicable,2273,Not Applicable,0,,
2024-07-29 13:48:00,CNR8677259849,Success,CID368576,Prime Plus,Padmanabhanagar,Indiranagar,287.0,85.0,Not Applicable,Not Applicable,No,Not Applicable,254,Cash,32,4.7,4.0
2024-07-14 22:39:00,CNR9790332410,Success,CID884932,Bike,Ulsoor,HSR Layout,168.0,115.0,Not Applicable,Not Applicable,No,Not Applicable,445,Cash,18,4.2,4.5
2024-07-18 00:41:00,CNR4048926706,Driver Not Found,CID311702,Bike,Shivajinagar,Electronic City,,,Not Applicable,Not Applicable,Not Applicable,Not Applicable,773,Not Applicable,0,,
2024-07-25 13:54:00,CNR5373393584,Success,CID500652,Prime Plus,Kengeri,Shantinagar,70.0,50.0,Not Applicable,Not Applicable,No,Not Applicable,465,UPI,21,3.8,4.4
2024-07-04 00:44:00,CNR3224534484,Success,CID423206,eBike,JP Nagar,Frazer Town,98.0,135.0,Not Applicable,Not Applicable,No,Not Applicable,417,UPI,25,4.2,4.1
2024-07-11 09:31:00,CNR5328158122,Success,CID930372,Prime Sedan,Sarjapur Road,Banashankari,238.0,90.0,Not Applicable,Not Applicable,No,Not Applicable,211,Cash,24,3.2,4.2
2024-07-05 07:00:00,CNR1690929157,Success,CID429523,Prime Plus,Tumkur Road,Vijayanagar,245.0,110.0,Not Applicable,Not Applicable,No,Not Applicable,120,UPI,34,3.4,3.6
2024-07-17 01:34:00,CNR2367082614,Driver Not Found,CID417202,Prime SUV,Kammanahalli,Hosur Road,,,Not Applicable,Not Applicable,Not Applicable,Not Applicable,414,Not Applicable,0,,
2024-07-28 10:40:00,CNR1987331638,Success,CID846443,Bike,Hennur,Kengeri,238.0,115.0,Not Applicable,Not Applicable,No,Not Applicable,552,Cash,27,4.5,3.7
2024-07-20 15:25:00,CNR3603312777,Success,CID724661,Prime Plus,Varthur,Chickpet,273.0,60.0,Not Applicable,Not Applicable,No,Not Applicable,325,UPI,14,4.5,4.9
2024-07-14 21:21:00,CNR3255639617,Driver Not Found,CID582881,Bike,Hosur Road,Malleshwaram,,,Not Applicable,Not Applicable,Not Applicable,Not Applicable,347,Not Applicable,0,,
2024-07-26 15:49:00,CNR5786843739,Canceled by Customer,CID131207,Mini,Banashankari,Devanahalli,,,Driver is not moving towards pickup location,Not Applicable,Not Applicable,Not Applicable,394,Not Applicable,0,,
2024-07-29 20:13:00,CNR1361395365,Success,CID971609,Bike,Bannerghatta Road,Chickpet,56.0,95.0,Not Applicable,Not Applicable,No,Not Applicable,366,UPI,38,4.9,3.2
2024-07-03 23:56:00,CNR3586227952,Success,CID338839,Mini,Varthur,Yeshwanthpur,112.0,90.0,Not Applicable,Not Applicable,No,Not Applicable,700,Cash,49,4.8,4.7
2024-07-04 20:12:00,CNR9366389211,Driver Not Found,CID249227,eBike,Magadi Road,Chickpet,,,Not Applicable,Not Applicable,Not Applicable,Not Applicable,953,Not Applicable,0,,
2024-07-12 12:14:00,CNR3019341966,Driver Not Found,CID527489,Prime SUV,Jayanagar,Tumkur Road,,,Not Applicable,Not Applicable,Not Applicable,Not Applicable,307,Not Applicable,0,,
2024-07-22 09:34:00,CNR2011437001,Success,CID578958,Auto,RT Nagar,JP Nagar,70.0,45.0,Not Applicable,Not Applicable,No,Not Applicable,877,Cash,7,4.2,4.0
2024-07-12 04:26:00,CNR2682472850,Success,CID938183,eBike,Hennur,Shantinagar,175.0,115.0,Not Applicable,Not Applicable,No,Not Applicable,439,Cash,27,3.7,4.5
2024-07-08 12:02:00,CNR1053411765,Driver Not Found,CID734481,Prime SUV,Chickpet,Kengeri,,,Not Applicable,Not Applicable,Not Applicable,Not Applicable,454,Not Applicable,0,,
2024-07-22 09:02:00,CNR2711499773,Success,CID788496,Prime SUV,Tumkur Road,Varthur,252.0,140.0,Not Applicable,Not Applicable,No,Not Applicable,939,Cash,21,3.1,3.7
2024-07-19 12:55:00,CNR5411262333,Success,CID911948,Prime Sedan,Banashankari,Langford Town,189.0,80.0,Not Applicable,Not Applicable,No,Not Applicable,764,Cash,25,4.0,4.3
2024-07-27 23:42:00,CNR5371370901,Success,CID987564,eBike,Electronic City,Bellandur,287.0,30.0,Not Applicable,Not Applicable,No,Not Applicable,1199,Cash,21,3.7,3.5
2024-07-13 20:47:00,CNR3310111086,Success,CID182912,Auto,MG Road,Bellandur,56.0,120.0,Not Applicable,Not Applicable,No,Not Applicable,987,Cash,8,3.5,3.5
2024-07-21 10:31:00,CNR6335390233,Success,CID300268,Auto,Devanahalli,Basavanagudi,91.0,80.0,Not Applicable,Not Applicable,No,Not Applicable,595,Cash,5,3.9,3.2
2024-07-16 20:06:00,CNR5538978534,Driver Not Found,CID458683,Prime Plus,Peenya,Koramangala,,,Not Applicable,Not Applicable,Not Applicable,Not Applicable,224,Not Applicable,0,,
2024-07-01 00:56:00,CNR9518501147,Success,CID145749,Mini,Rajajinagar,Magadi Road,273.0,60.0,Not Applicable,Not Applicable,No,Not Applicable,958,Cash,19,4.9,4.8
2024-07-07 13:35:00,CNR1279571166,Success,CID199113,Prime Plus,Cox Town,MG Road,147.0,80.0,Not Applicable,Not Applicable,No,Not Applicable,943,Cash,31,3.0,3.5
2024-07-27 18:45:00,CNR3887402019,Driver Not Found,CID611462,Bike,Indiranagar,Magadi Road,,,Not Applicable,Not Applicable,Not Applicable,Not Applicable,304,Not Applicable,0,,
2024-07-16 14:02:00,CNR3378601055,Driver Not Found,CID245974,Prime Sedan,Yeshwanthpur,Marathahalli,,,Not Applicable,Not Applicable,Not Applicable,Not Applicable,476,Not Applicable,0,,
2024-07-11 20:08:00,CNR6686734380,Success,CID311627,Auto,Peenya,Rajajinagar,252.0,75.0,Not Applicable,Not Applicable,No,Not Applicable,853,UPI,12,4.8,3.6
2024-07-15 06:27:00,CNR9330411713,Success,CID342698,Prime Plus,Basavanagudi,Jayanagar,147.0,130.0,Not Applicable,Not Applicable,No,Not Applicable,476,Cash,29,4.9,4.8
2024-07-29 01:18:00,CNR1248661684,Success,CID909843,Mini,Vijayanagar,Bellandur,133.0,135.0,Not Applicable,Not Applicable,No,Not Applicable,865,UPI,8,4.1,3.3
2024-07-18 09:15:00,CNR9480088395,Canceled by Driver,CID233605,Prime Sedan,Electronic City,Electronic City,,,Not Applicable,Customer was coughing/sick,Not Applicable,Not Applicable,159,Not Applicable,0,,
2024-07-10 08:21:00,CNR9683059205,Success,CID261192,Prime Sedan,Cox Town,Bellandur,287.0,80.0,Not Applicable,Not Applicable,No,Not Applicable,431,Cash,2,4.1,3.9
2024-07-01 04:37:00,CNR2293012393,Success,CID618451,Prime Sedan,Hosur Road,Koramangala,175.0,125.0,Not Applicable,Not Applicable,No,Not Applicable,240,Cash,18,3.2,4.7
2024-07-25 18:04:00,CNR4620865111,Success,CID180908,Auto,Rajajinagar,MG Road,63.0,90.0,Not Applicable,Not Applicable,No,Not Applicable,221,Cash,6,4.9,3.4
2024-07-02 07:23:00,CNR8067196324,Canceled by Driver,CID381503,Mini,Sahakar Nagar,Chamarajpet,,,Not Applicable,Customer related issue,Not Applicable,Not Applicable,110,Not Applicable,0,,
2024-07-23 08:05:00,CNR9526664430,Success,CID682581,Prime SUV,Langford Town,Richmond Town,63.0,30.0,Not Applicable,Not Applicable,No,Not Applicable,149,UPI,14,3.5,4.1
2024-07-12 16:28:00,CNR9011720081,Canceled by Driver,CID892357,eBike,HSR Layout,Padmanabhanagar,,,Not Applicable,Customer was coughing/sick,Not Applicable,Not Applicable,2531,Not Applicable,0,,
2024-07-13 16:05:00,CNR3980352580,Success,CID332696,Mini,Indiranagar,Magadi Road,308.0,95.0,Not Applicable,Not Applicable,No,Not Applicable,262,Cash,5,3.4,4.6
2024-07-15 09:07:00,CNR7681815629,Canceled by Driver,CID985397,Bike,HSR Layout,Chickpet,,,Not Applicable,Personal & Car related issue,Not Applicable,Not Applicable,140,Not Applicable,0,,
2024-07-02 01:02:00,CNR2040077757,Driver Not Found,CID989825,Mini,BTM Layout,RT Nagar,,,Not Applicable,Not Applicable,Not Applicable,Not Applicable,300,Not Applicable,0,,
2024-07-26 01:58:00,CNR8847525216,Success,CID358314,Bike,Marathahalli,Peenya,203.0,95.0,Not Applicable,Not Applicable,No,Not Applicable,358,UPI,44,3.4,3.3
2024-07-02 09:25:00,CNR4968671292,Success,CID584308,Mini,Vijayanagar,Majestic,77.0,65.0,Not Applicable,Not Applicable,No,Not Applicable,110,Cash,5,3.8,4.9
2024-07-04 23:16:00,CNR5464287244,Success,CID135267,Mini,Peenya,Majestic,210.0,140.0,Not Applicable,Not Applicable,No,Not Applicable,989,Cash,42,4.4,3.6
2024-07-24 03:09:00,CNR5149374936,Canceled by Driver,CID492723,Prime Plus,Sarjapur Road,Jayanagar,,,Not Applicable,Personal & Car related issue,Not Applicable,Not Applicable,333,Not Applicable,0,,
2024-07-22 01:16:00,CNR2073668056,Driver Not Found,CID325624,Prime SUV,Basavanagudi,Bellandur,,,Not Applicable,Not Applicable,Not Applicable,Not Applicable,944,Not Applicable,0,,
2024-07-10 01:20:00,CNR5815720227,Success,CID394666,Bike,Shivajinagar,Banashankari,147.0,100.0,Not Applicable,Not Applicable,No,Not Applicable,761,UPI,39,3.5,3.2
2024-07-18 23:01:00,CNR9534335070,Driver Not Found,CID377158,Bike,Rajarajeshwari Nagar,Mysore Road,,,Not Applicable,Not Applicable,Not Applicable,Not Applicable,206,Not Applicable,0,,
2024-07-01 16:00:00,CNR6058240032,Success,CID312285,Prime SUV,Whitefield,Hebbal,140.0,90.0,Not Applicable,Not Applicable,No,Not Applicable,181,UPI,20,4.3,4.5
2024-07-04 18:47:00,CNR2633689907,Driver Not Found,CID445291,Auto,Varthur,JP Nagar,,,Not Applicable,Not Applicable,Not Applicable,Not Applicable,246,Not Applicable,0,,
2024-07-26 02:26:00,CNR9019647302,Success,CID676393,eBike,Yeshwanthpur,Indiranagar,259.0,120.0,Not Applicable,Not Applicable,No,Not Applicable,305,Credit Card,38,3.9,4.4
2024-07-07 18:41:00,CNR2345862087,Success,CID595558,eBike,Chickpet,Whitefield,266.0,100.0,Not Applicable,Not Applicable,No,Not Applicable,206,UPI,48,4.5,4.7
2024-07-25 05:22:00,CNR5155723978,Success,CID929626,eBike,Yeshwanthpur,Hennur,147.0,50.0,Not Applicable,Not Applicable,No,Not Applicable,494,UPI,45,4.1,4.4
2024-07-16 12:26:00,CNR4557968601,Success,CID247046,Mini,Chamarajpet,Kengeri,119.0,130.0,Not Applicable,Not Applicable,No,Not Applicable,697,Cash,10,3.4,3.6
2024-07-17 23:32:00,CNR2871343860,Success,CID251243,Bike,Ramamurthy Nagar,Bellandur,77.0,85.0,Not Applicable,Not Applicable,Yes,Other Issue,2185,UPI,17,3.9,4.8
2024-07-13 17:18:00,CNR3010081432,Success,CID488204,Prime Sedan,Bannerghatta Road,Tumkur Road,224.0,90.0,Not Applicable,Not Applicable,No,Not Applicable,483,Cash,20,4.4,4.9
2024-07-08 11:40:00,CNR1457509871,Success,CID712169,Prime Plus,Banashankari,Kadugodi,35.0,35.0,Not Applicable,Not Applicable,No,Not Applicable,246,UPI,31,5.0,4.0
2024-07-22 23:26:00,CNR2063948992,Success,CID513847,Auto,Jayanagar,Jayanagar,147.0,40.0,Not Applicable,Not Applicable,No,Not Applicable,602,Cash,14,5.0,4.7
2024-07-17 02:22:00,CNR9142239403,Driver Not Found,CID477440,Prime SUV,Sahakar Nagar,Kengeri,,,Not Applicable,Not Applicable,Not Applicable,Not Applicable,105,Not Applicable,0,,
2024-07-07 23:32:00,CNR2989204017,Success,CID607510,Prime SUV,Malleshwaram,Varthur,301.0,100.0,Not Applicable,Not Applicable,No,Not Applicable,394,Cash,31,4.0,4.1
2024-07-28 05:13:00,CNR9700740493,Success,CID376506,Prime Plus,Magadi Road,Koramangala,189.0,70.0,Not Applicable,Not Applicable,No,Not Applicable,306,UPI,46,3.4,3.4
2024-07-04 16:36:00,CNR5331834337,Success,CID807183,eBike,Peenya,Yeshwanthpur,196.0,145.0,Not Applicable,Not Applicable,No,Not Applicable,559,UPI,1,3.8,3.2
2024-07-05 19:11:00,CNR8029899814,Success,CID958599,Mini,Langford Town,BTM Layout,245.0,25.0,Not Applicable,Not Applicable,No,Not Applicable,255,Cash,32,3.9,4.8
2024-07-02 16:15:00,CNR1231997161,Canceled by Customer,CID767831,Prime SUV,Hosur Road,Koramangala,,,Driver is not moving towards pickup location,Not Applicable,Not Applicable,Not Applicable,245,Not Applicable,0,,
2024-07-01 10:58:00,CNR5935617941,Success,CID717698,Auto,Hosur Road,Whitefield,49.0,30.0,Not Applicable,Not Applicable,No,Not Applicable,434,UPI,14,3.0,4.2
2024-07-27 19:46:00,CNR7891538649,Success,CID841701,Auto,Ramamurthy Nagar,Bannerghatta Road,161.0,70.0,Not Applicable,Not Applicable,No,Not Applicable,1427,Cash,8,4.4,4.8
2024-07-08 00:37:00,CNR6948236193,Canceled by Customer,CID123844,eBike,Bellandur,Kengeri,,,Wrong Address,Not Applicable,Not Applicable,Not Applicable,335,Not Applicable,0,,
2024-07-28 01:19:00,CNR1099920239,Success,CID959581,Auto,JP Nagar,Electronic City,245.0,135.0,Not Applicable,Not Applicable,No,Not Applicable,209,UPI,9,4.4,3.9
2024-07-21 21:09:00,CNR4510398550,Success,CID249669,Auto,Shivajinagar,Devanahalli,217.0,140.0,Not Applicable,Not Applicable,Yes,Customer Demand,331,UPI,16,3.6,4.2
2024-07-20 18:47:00,CNR2315818661,Canceled by Driver,CID355358,Bike,Nagarbhavi,Yelahanka,,,Not Applicable,More than permitted people in there,Not Applicable,Not Applicable,422,Not Applicable,0,,
2024-07-27 23:40:00,CNR3300709615,Success,CID443829,eBike,Cox Town,MG Road,294.0,25.0,Not Applicable,Not Applicable,No,Not Applicable,829,UPI,17,3.8,4.6
2024-07-25 02:03:00,CNR1006276276,Success,CID305672,Bike,Padmanabhanagar,Whitefield,84.0,45.0,Not Applicable,Not Applicable,No,Not Applicable,298,Cash,9,4.0,5.0
2024-07-30 19:02:00,CNR6290830564,Driver Not Found,CID896537,Bike,Majestic,Hebbal,,,Not Applicable,Not Applicable,Not Applicable,Not Applicable,633,Not Applicable,0,,
2024-07-05 19:37:00,CNR7607972745,Canceled by Driver,CID389302,Mini,HSR Layout,Tumkur Road,,,Not Applicable,More than permitted people in there,Not Applicable,Not Applicable,279,Not Applicable,0,,
2024-07-16 12:05:00,CNR5981056578,Success,CID226613,Prime Sedan,Rajarajeshwari Nagar,Ramamurthy Nagar,168.0,70.0,Not Applicable,Not Applicable,No,Not Applicable,825,Cash,28,3.9,4.7
2024-07-06 09:20:00,CNR9654727730,Canceled by Driver,CID649964,Prime SUV,Indiranagar,Tumkur Road,,,Not Applicable,Customer was coughing/sick,Not Applicable,Not Applicable,368,Not Applicable,0,,
2024-07-21 05:12:00,CNR3034164921,Success,CID413739,Prime Sedan,Tumkur Road,Yeshwanthpur,245.0,100.0,Not Applicable,Not Applicable,No,Not Applicable,292,UPI,1,4.5,3.9
2024-07-29 03:43:00,CNR2001797936,Success,CID691788,Bike,Koramangala,Rajajinagar,287.0,55.0,Not Applicable,Not Applicable,No,Not Applicable,345,Cash,3,3.9,3.2
2024-07-18 00:04:00,CNR8304718441,Canceled by Customer,CID192606,Prime Sedan,Rajarajeshwari Nagar,Cox Town,,,AC is Not working,Not Applicable,Not Applicable,Not Applicable,205,Not Applicable,0,,
2024-07-02 09:26:00,CNR6261876151,Canceled by Customer,CID798390,Bike,Devanahalli,Marathahalli,,,AC is Not working,Not Applicable,Not Applicable,Not Applicable,2542,Not Applicable,0,,
2024-07-16 18:46:00,CNR5462745651,Success,CID758033,Prime Plus,HSR Layout,Rajajinagar,98.0,60.0,Not Applicable,Not Applicable,No,Not Applicable,359,UPI,24,4.8,4.5
2024-07-14 05:35:00,CNR8787215032,Canceled by Driver,CID392362,Prime Sedan,Ramamurthy Nagar,Frazer Town,,,Not Applicable,Customer was coughing/sick,Not Applicable,Not Applicable,380,Not Applicable,0,,
2024-07-14 16:19:00,CNR4739223889,Success,CID569733,Auto,Vijayanagar,Kadugodi,301.0,100.0,Not Applicable,Not Applicable,No,Not Applicable,845,UPI,1,4.0,4.4
2024-07-01 08:33:00,CNR3634226146,Success,CID798846,Prime Sedan,Hebbal,Vijayanagar,42.0,120.0,Not Applicable,Not Applicable,No,Not Applicable,333,UPI,48,3.0,4.7
2024-07-05 10:16:00,CNR5417446463,Canceled by Customer,CID858080,Mini,Ulsoor,HSR Layout,,,Driver is not moving towards pickup location,Not Applicable,Not Applicable,Not Applicable,508,Not Applicable,0,,
2024-07-23 10:21:00,CNR1785696427,Success,CID719444,Bike,Langford Town,Hosur Road,161.0,105.0,Not Applicable,Not Applicable,No,Not Applicable,221,Cash,14,4.1,3.6
2024-07-22 15:21:00,CNR4400925149,Success,CID914035,Prime Sedan,Chickpet,Rajajinagar,154.0,95.0,Not Applicable,Not Applicable,No,Not Applicable,259,UPI,31,3.4,3.8
2024-07-20 08:38:00,CNR1839425937,Success,CID660104,Auto,Indiranagar,Shivajinagar,224.0,140.0,Not Applicable,Not Applicable,No,Not Applicable,659,Cash,11,4.6,3.1
2024-07-19 09:39:00,CNR5523089495,Success,CID992394,Prime SUV,Bannerghatta Road,Hebbal,217.0,80.0,Not Applicable,Not Applicable,No,Not Applicable,444,Cash,37,3.6,3.8
2024-07-25 15:59:00,CNR2184021453,Success,CID120535,Auto,Nagarbhavi,Rajarajeshwari Nagar,49.0,80.0,Not Applicable,Not Applicable,No,Not Applicable,380,Cash,13,4.7,4.0
2024-07-11 13:48:00,CNR2828998978,Success,CID511317,eBike,MG Road,Yeshwanthpur,140.0,100.0,Not Applicable,Not Applicable,No,Not Applicable,261,UPI,10,3.5,4.8
2024-07-14 06:46:00,CNR4971156556,Success,CID626480,Mini,Hebbal,Yeshwanthpur,294.0,65.0,Not Applicable,Not Applicable,No,Not Applicable,135,Cash,45,4.6,4.0
2024-07-17 07:54:00,CNR6660850741,Success,CID110568,Bike,RT Nagar,Kammanahalli,266.0,25.0,Not Applicable,Not Applicable,No,Not Applicable,466,Cash,42,3.7,3.4
2024-07-13 02:06:00,CNR6759931113,Success,CID950771,eBike,Jayanagar,Peenya,175.0,120.0,Not Applicable,Not Applicable,No,Not Applicable,317,Cash,13,4.5,3.5
2024-07-02 10:27:00,CNR9923261769,Success,CID165317,Mini,BTM Layout,Basavanagudi,266.0,25.0,Not Applicable,Not Applicable,No,Not Applicable,405,UPI,42,3.3,3.1
2024-07-10 02:15:00,CNR1431491833,Success,CID335106,eBike,Sarjapur Road,Vijayanagar,147.0,135.0,Not Applicable,Not Applicable,No,Not Applicable,817,Cash,14,4.6,4.2
2024-07-07 23:05:00,CNR3305360903,Success,CID926051,Prime Plus,Varthur,Ulsoor,175.0,60.0,Not Applicable,Not Applicable,No,Not Applicable,386,Cash,9,3.3,4.4
2024-07-25 01:23:00,CNR8736515239,Canceled by Driver,CID891009,Auto,Indiranagar,RT Nagar,,,Not Applicable,Customer was coughing/sick,Not Applicable,Not Applicable,257,Not Applicable,0,,
2024-07-11 22:02:00,CNR7695584883,Driver Not Found,CID937300,Prime SUV,Kammanahalli,Hosur Road,,,Not Applicable,Not Applicable,Not Applicable,Not Applicable,355,Not Applicable,0,,
2024-07-29 04:46:00,CNR2532883596,Canceled by Customer,CID244873,eBike,Chamarajpet,Koramangala,,,Change of plans,Not Applicable,Not Applicable,Not Applicable,478,Not Applicable,0,,
2024-07-10 12:21:00,CNR6979551215,Success,CID509567,Prime SUV,Mysore Road,Richmond Town,105.0,90.0,Not Applicable,Not Applicable,No,Not Applicable,186,Cash,41,4.8,3.9
2024-07-01 18:41:00,CNR6930229189,Canceled by Customer,CID382484,Prime SUV,Shivajinagar,Magadi Road,,,AC is Not working,Not Applicable,Not Applicable,Not Applicable,411,Not Applicable,0,,
2024-07-09 01:11:00,CNR1601195190,Canceled by Driver,CID444693,eBike,Ramamurthy Nagar,Majestic,,,Not Applicable,More than permitted people in there,Not Applicable,Not Applicable,264,Not Applicable,0,,
2024-07-22 15:21:00,CNR8333800359,Success,CID860869,Prime Sedan,Jayanagar,Hosur Road,308.0,100.0,Not Applicable,Not Applicable,No,Not Applicable,2385,UPI,7,4.5,4.5
2024-07-16 00:52:00,CNR2025358383,Driver Not Found,CID635414,Prime Sedan,Langford Town,Chickpet,,,Not Applicable,Not Applicable,Not Applicable,Not Applicable,486,Not Applicable,0,,
2024-07-24 23:11:00,CNR5459122352,Success,CID951043,Mini,Yelahanka,Peenya,77.0,145.0,Not Applicable,Not Applicable,No,Not Applicable,602,UPI,40,4.7,3.5
2024-07-24 05:40:00,CNR3430933361,Success,CID308536,Auto,Electronic City,Sarjapur Road,301.0,30.0,Not Applicable,Not Applicable,No,Not Applicable,350,UPI,6,3.6,3.2
2024-07-04 20:58:00,CNR1955595414,Success,CID839247,Prime Plus,Hennur,KR Puram,224.0,100.0,Not Applicable,Not Applicable,No,Not Applicable,139,Cash,26,4.6,4.0
2024-07-10 22:36:00,CNR7821910391,Canceled by Driver,CID675369,Prime Sedan,Peenya,Nagarbhavi,,,Not Applicable,Customer was coughing/sick,Not Applicable,Not Applicable,430,Not Applicable,0,,
2024-07-18 11:32:00,CNR4136660252,Success,CID309070,Auto,Hennur,Kengeri,133.0,65.0,Not Applicable,Not Applicable,No,Not Applicable,429,Cash,9,3.5,4.9
2024-07-29 23:57:00,CNR6110841676,Canceled by Driver,CID450923,Auto,Sarjapur Road,Ramamurthy Nagar,,,Not Applicable,Customer was coughing/sick,Not Applicable,Not Applicable,813,Not Applicable,0,,
2024-07-26 04:15:00,CNR7364991292,Success,CID537725,eBike,Rajajinagar,JP Nagar,168.0,130.0,Not Applicable,Not Applicable,No,Not Applicable,143,Cash,18,5.0,4.5
2024-07-07 01:22:00,CNR7162928607,Canceled by Driver,CID886197,eBike,Ulsoor,Indiranagar,,,Not Applicable,Customer related issue,Not Applicable,Not Applicable,293,Not Applicable,0,,
2024-07-07 07:00:00,CNR2589368628,Success,CID134740,Prime Plus,Mysore Road,BTM Layout,77.0,110.0,Not Applicable,Not Applicable,No,Not Applicable,460,UPI,16,3.1,4.7
2024-07-01 10:38:00,CNR4084234401,Success,CID756012,eBike,BTM Layout,Magadi Road,105.0,90.0,Not Applicable,Not Applicable,No,Not Applicable,411,UPI,31,4.6,3.2
2024-07-02 00:33:00,CNR1551148363,Driver Not Found,CID195992,Bike,Nagarbhavi,BTM Layout,,,Not Applicable,Not Applicable,Not Applicable,Not Applicable,462,Not Applicable,0,,
2024-07-03 20:40:00,CNR2211041493,Driver Not Found,CID232598,Bike,Bellandur,Ramamurthy Nagar,,,Not Applicable,Not Applicable,Not Applicable,Not Applicable,120,Not Applicable,0,,
2024-07-10 09:48:00,CNR4069085589,Success,CID722430,Prime Sedan,Jayanagar,Jayanagar,217.0,35.0,Not Applicable,Not Applicable,No,Not Applicable,203,Cash,4,3.8,3.8
2024-07-26 20:42:00,CNR4774418760,Canceled by Driver,CID317594,Prime SUV,Cox Town,Koramangala,,,Not Applicable,Customer was coughing/sick,Not Applicable,Not Applicable,479,Not Applicable,0,,
2024-07-08 00:53:00,CNR8653056483,Driver Not Found,CID981082,Mini,Vijayanagar,Varthur,,,Not Applicable,Not Applicable,Not Applicable,Not Applicable,359,Not Applicable,0,,
2024-07-08 23:17:00,CNR4112061045,Success,CID486813,eBike,RT Nagar,BTM Layout,168.0,115.0,Not Applicable,Not Applicable,No,Not Applicable,377,Cash,28,3.1,3.4
2024-07-11 17:34:00,CNR5254044969,Canceled by Driver,CID798858,Mini,Vijayanagar,Ulsoor,,,Not Applicable,Personal & Car related issue,Not Applicable,Not Applicable,862,Not Applicable,0,,
2024-07-08 03:56:00,CNR3215274131,Success,CID840821,Bike,Banashankari,MG Road,77.0,115.0,Not Applicable,Not Applicable,No,Not Applicable,847,UPI,26,3.2,3.3
2024-07-21 13:31:00,CNR4819877696,Driver Not Found,CID975550,Prime Plus,Koramangala,Devanahalli,,,Not Applicable,Not Applicable,Not Applicable,Not Applicable,802,Not Applicable,0,,
2024-07-05 02:23:00,CNR7004857311,Success,CID262631,Prime Plus,Chamarajpet,Shantinagar,35.0,100.0,Not Applicable,Not Applicable,No,Not Applicable,2727,Cash,11,4.0,3.7
2024-07-03 23:35:00,CNR6690213031,Canceled by Customer,CID657702,Prime SUV,Peenya,Malleshwaram,,,Driver is not moving towards pickup location,Not Applicable,Not Applicable,Not Applicable,389,Not Applicable,0,,
2024-07-10 13:23:00,CNR3824550473,Success,CID447200,eBike,Chamarajpet,MG Road,287.0,125.0,Not Applicable,Not Applicable,Yes,Customer Demand,734,Cash,43,3.6,3.5
2024-07-17 02:45:00,CNR1402592261,Success,CID219426,Bike,Kammanahalli,Langford Town,301.0,135.0,Not Applicable,Not Applicable,No,Not Applicable,1640,Cash,24,3.8,4.3
2024-07-20 23:46:00,CNR2270551080,Driver Not Found,CID656522,Auto,Frazer Town,HSR Layout,,,Not Applicable,Not Applicable,Not Applicable,Not Applicable,159,Not Applicable,0,,
2024-07-14 06:02:00,CNR3222744949,Success,CID214965,Bike,KR Puram,RT Nagar,140.0,105.0,Not Applicable,Not Applicable,No,Not Applicable,133,Cash,29,4.4,4.0
2024-07-05 02:39:00,CNR5236115077,Driver Not Found,CID613888,Prime SUV,Marathahalli,Shantinagar,,,Not Applicable,Not Applicable,Not Applicable,Not Applicable,292,Not Applicable,0,,
2024-07-30 22:56:00,CNR8216286989,Success,CID678345,Prime Sedan,Koramangala,Majestic,210.0,125.0,Not Applicable,Not Applicable,Yes,Vehicle Breakdown,164,UPI,28,4.8,4.2
2024-07-12 18:35:00,CNR1255060747,Success,CID751966,Auto,Magadi Road,Ramamurthy Nagar,224.0,100.0,Not Applicable,Not Applicable,No,Not Applicable,251,Cash,11,4.4,3.5
2024-07-06 18:20:00,CNR8462307212,Success,CID417750,eBike,HSR Layout,Shantinagar,273.0,30.0,Not Applicable,Not Applicable,Yes,Vehicle Breakdown,208,Credit Card,27,4.7,4.7
2024-07-27 19:45:00,CNR4738792435,Success,CID773382,Mini,Padmanabhanagar,Kengeri,252.0,60.0,Not Applicable,Not Applicable,No,Not Applicable,195,Cash,11,3.9,4.1
2024-07-25 20:58:00,CNR4332997216,Success,CID671256,Auto,Majestic,Rajajinagar,252.0,50.0,Not Applicable,Not Applicable,No,Not Applicable,206,UPI,11,4.0,4.1
2024-07-13 07:15:00,CNR1675903407,Success,CID798348,Prime SUV,Magadi Road,Chickpet,147.0,30.0,Not Applicable,Not Applicable,No,Not Applicable,249,UPI,9,3.9,3.5
2024-07-23 17:14:00,CNR3016802002,Success,CID975424,Prime Plus,JP Nagar,Rajarajeshwari Nagar,203.0,65.0,Not Applicable,Not Applicable,No,Not Applicable,1087,UPI,19,3.8,4.6
2024-07-06 19:53:00,CNR6589862237,Success,CID774711,eBike,Sarjapur Road,Padmanabhanagar,35.0,145.0,Not Applicable,Not Applicable,No,Not Applicable,213,Cash,1,4.7,3.6
2024-07-17 20:07:00,CNR6782672482,Success,CID513485,Prime SUV,Langford Town,Hulimavu,105.0,50.0,Not Applicable,Not Applicable,No,Not Applicable,218,UPI,4,3.4,4.3
2024-07-19 03:43:00,CNR3803289516,Canceled by Driver,CID857527,Prime Plus,Jayanagar,Mysore Road,,,Not Applicable,Customer related issue,Not Applicable,Not Applicable,525,Not Applicable,0,,
2024-07-13 01:04:00,CNR2267371088,Canceled by Customer,CID752065,Mini,Devanahalli,Yelahanka,,,Driver asked to cancel,Not Applicable,Not Applicable,Not Applicable,441,Not Applicable,0,,
2024-07-03 12:45:00,CNR9224398188,Success,CID138225,eBike,BTM Layout,Kadugodi,168.0,90.0,Not Applicable,Not Applicable,No,Not Applicable,190,UPI,19,3.5,4.9
2024-07-10 12:16:00,CNR8921655922,Canceled by Customer,CID218151,Auto,Shantinagar,Varthur,,,AC is Not working,Not Applicable,Not Applicable,Not Applicable,206,Not Applicable,0,,
2024-07-01 13:32:00,CNR2798422012,Canceled by Driver,CID112530,Bike,Kengeri,Magadi Road,,,Not Applicable,More than permitted people in there,Not Applicable,Not Applicable,574,Not Applicable,0,,
2024-07-09 20:58:00,CNR4839150586,Success,CID337975,eBike,Jayanagar,Hosur Road,63.0,145.0,Not Applicable,Not Applicable,No,Not Applicable,2230,UPI,31,4.2,4.8
2024-07-23 06:38:00,CNR2915516190,Success,CID127848,Prime Sedan,Yeshwanthpur,Ulsoor,182.0,105.0,Not Applicable,Not Applicable,No,Not Applicable,143,Cash,43,5.0,3.2
2024-07-10 13:28:00,CNR4272740054,Canceled by Driver,CID905907,Bike,Kengeri,Frazer Town,,,Not Applicable,Customer was coughing/sick,Not Applicable,Not Applicable,244,Not Applicable,0,,
2024-07-06 16:34:00,CNR8219906362,Success,CID308200,Auto,Kadugodi,KR Puram,231.0,40.0,Not Applicable,Not Applicable,No,Not Applicable,283,Cash,2,4.5,3.1
2024-07-29 04:02:00,CNR6615149693,Success,CID960740,eBike,Yeshwanthpur,Hosur Road,133.0,100.0,Not Applicable,Not Applicable,No,Not Applicable,581,Cash,6,4.5,4.6
2024-07-13 20:40:00,CNR4876205531,Success,CID156448,eBike,Bellandur,Hebbal,84.0,115.0,Not Applicable,Not Applicable,No,Not Applicable,464,UPI,36,4.4,4.7
2024-07-03 11:01:00,CNR8983416706,Success,CID332792,Auto,Ulsoor,Bellandur,112.0,70.0,Not Applicable,Not Applicable,No,Not Applicable,385,UPI,15,4.0,3.5
2024-07-20 15:57:00,CNR6561146841,Success,CID104607,Mini,Hosur Road,Ulsoor,224.0,95.0,Not Applicable,Not Applicable,No,Not Applicable,422,UPI,18,4.9,3.4
2024-07-23 20:18:00,CNR2456559828,Success,CID221101,Prime Plus,RT Nagar,Chickpet,287.0,85.0,Not Applicable,Not Applicable,No,Not Applicable,1756,Cash,9,3.8,4.2
2024-07-20 03:26:00,CNR4819066145,Success,CID837936,Prime Sedan,KR Puram,Sarjapur Road,84.0,115.0,Not Applicable,Not Applicable,No,Not Applicable,866,Cash,32,4.7,4.8
2024-07-28 22:45:00,CNR4410290658,Success,CID989806,eBike,KR Puram,Koramangala,63.0,140.0,Not Applicable,Not Applicable,No,Not Applicable,466,Cash,18,4.8,4.8
2024-07-03 15:23:00,CNR5478341665,Success,CID261305,Mini,Jayanagar,BTM Layout,224.0,80.0,Not Applicable,Not Applicable,No,Not Applicable,435,Cash,24,4.0,4.4
2024-07-26 18:15:00,CNR5660130944,Canceled by Driver,CID705621,Prime SUV,HSR Layout,Koramangala,,,Not Applicable,Customer related issue,Not Applicable,Not Applicable,1852,Not Applicable,0,,
2024-07-26 13:40:00,CNR6708951852,Canceled by Driver,CID434433,Mini,Hebbal,Basavanagudi,,,Not Applicable,Customer related issue,Not Applicable,Not Applicable,222,Not Applicable,0,,
2024-07-30 12:21:00,CNR1476468230,Success,CID436323,Bike,Vijayanagar,Kadugodi,280.0,55.0,Not Applicable,Not Applicable,No,Not Applicable,1189,UPI,21,4.9,3.9
2024-07-17 00:28:00,CNR9227185928,Canceled by Customer,CID747295,Prime Plus,Chickpet,Richmond Town,,,Change of plans,Not Applicable,Not Applicable,Not Applicable,112,Not Applicable,0,,
2024-07-17 06:35:00,CNR4504081552,Canceled by Customer,CID244466,eBike,Rajarajeshwari Nagar,Sahakar Nagar,,,AC is Not working,Not Applicable,Not Applicable,Not Applicable,261,Not Applicable,0,,
2024-07-01 16:46:00,CNR2810464596,Success,CID231112,Prime Sedan,Sarjapur Road,Magadi Road,182.0,125.0,Not Applicable,Not Applicable,Yes,Customer Demand,278,UPI,45,4.5,4.4
2024-07-07 04:22:00,CNR1448910019,Driver Not Found,CID602619,Prime SUV,Nagarbhavi,Vijayanagar,,,Not Applicable,Not Applicable,Not Applicable,Not Applicable,391,Not Applicable,0,,
2024-07-20 02:56:00,CNR7400208699,Success,CID599818,eBike,Sahakar Nagar,Langford Town,119.0,25.0,Not Applicable,Not Applicable,No,Not Applicable,140,UPI,40,3.5,4.7
2024-07-30 11:18:00,CNR8459288569,Canceled by Driver,CID311082,Mini,Mysore Road,Hennur,,,Not Applicable,Customer related issue,Not Applicable,Not Applicable,370,Not Applicable,0,,
2024-07-13 07:53:00,CNR9941356923,Success,CID121597,Prime Plus,Kadugodi,Marathahalli,203.0,90.0,Not Applicable,Not Applicable,No,Not Applicable,2962,Cash,12,4.9,4.5
2024-07-29 15:23:00,CNR7657437718,Success,CID156131,Prime Sedan,Banashankari,HSR Layout,119.0,100.0,Not Applicable,Not Applicable,No,Not Applicable,212,UPI,39,3.4,4.1
2024-07-20 12:53:00,CNR4581584550,Success,CID106632,Auto,MG Road,Devanahalli,154.0,80.0,Not Applicable,Not Applicable,No,Not Applicable,173,UPI,2,3.5,3.2
2024-07-03 13:33:00,CNR4830504564,Canceled by Customer,CID689672,eBike,Devanahalli,Kengeri,,,Driver is not moving towards pickup location,Not Applicable,Not Applicable,Not Applicable,521,Not Applicable,0,,
2024-07-27 22:09:00,CNR6632155587,Canceled by Customer,CID254253,Prime SUV,Ramamurthy Nagar,Chamarajpet,,,Driver asked to cancel,Not Applicable,Not Applicable,Not Applicable,724,Not Applicable,0,,
2024-07-10 12:50:00,CNR2157443854,Canceled by Driver,CID456180,Prime Sedan,Sarjapur Road,Bannerghatta Road,,,Not Applicable,More than permitted people in there,Not Applicable,Not Applicable,554,Not Applicable,0,,
2024-07-21 01:17:00,CNR7879016559,Success,CID553666,Prime Plus,Ramamurthy Nagar,Marathahalli,70.0,60.0,Not Applicable,Not Applicable,No,Not Applicable,430,UPI,3,3.2,4.5
2024-07-07 03:35:00,CNR9160454448,Success,CID691383,Prime Plus,Marathahalli,Ramamurthy Nagar,91.0,85.0,Not Applicable,Not Applicable,No,Not Applicable,379,UPI,19,3.7,3.9
2024-07-10 06:54:00,CNR1517681698,Success,CID440595,Prime SUV,Kadugodi,Devanahalli,49.0,125.0,Not Applicable,Not Applicable,No,Not Applicable,393,Cash,19,3.5,3.2
2024-07-21 08:48:00,CNR9732493219,Canceled by Driver,CID449355,Mini,Bellandur,Marathahalli,,,Not Applicable,Customer was coughing/sick,Not Applicable,Not Applicable,280,Not Applicable,0,,
2024-07-17 04:16:00,CNR2308536587,Canceled by Driver,CID713247,Auto,Cox Town,Yeshwanthpur,,,Not Applicable,Personal & Car related issue,Not Applicable,Not Applicable,135,Not Applicable,0,,
2024-07-09 05:47:00,CNR4279658853,Driver Not Found,CID620314,Bike,Tumkur Road,Hulimavu,,,Not Applicable,Not Applicable,Not Applicable,Not Applicable,434,Not Applicable,0,,
2024-07-19 09:04:00,CNR5638389133,Canceled by Customer,CID517936,eBike,Langford Town,Peenya,,,Driver is not moving towards pickup location,Not Applicable,Not Applicable,Not Applicable,701,Not Applicable,0,,
2024-07-30 07:40:00,CNR2471272123,Success,CID659799,Mini,Whitefield,Banashankari,252.0,40.0,Not Applicable,Not Applicable,No,Not Applicable,194,UPI,20,3.7,3.2
2024-07-25 11:40:00,CNR7911892778,Canceled by Customer,CID678586,Prime SUV,Koramangala,Kammanahalli,,,Change of plans,Not Applicable,Not Applicable,Not Applicable,281,Not Applicable,0,,
2024-07-25 09:06:00,CNR1958459465,Success,CID241594,eBike,Yelahanka,Varthur,133.0,120.0,Not Applicable,Not Applicable,No,Not Applicable,435,Cash,2,4.0,4.8
2024-07-30 01:21:00,CNR2144863401,Canceled by Driver,CID656508,Bike,JP Nagar,Banashankari,,,Not Applicable,More than permitted people in there,Not Applicable,Not Applicable,157,Not Applicable,0,,
2024-07-30 06:10:00,CNR3674694275,Success,CID697141,Auto,Jayanagar,Magadi Road,84.0,30.0,Not Applicable,Not Applicable,No,Not Applicable,1466,Cash,8,4.4,3.9
2024-07-07 21:41:00,CNR3733953659,Canceled by Customer,CID743873,Auto,Padmanabhanagar,Frazer Town,,,AC is Not working,Not Applicable,Not Applicable,Not Applicable,1026,Not Applicable,0,,
2024-07-17 13:48:00,CNR1718596786,Success,CID307501,Prime SUV,Peenya,Bellandur,182.0,75.0,Not Applicable,Not Applicable,No,Not Applicable,1521,UPI,6,3.7,3.3
2024-07-15 09:31:00,CNR7988831089,Success,CID864961,Prime SUV,Yelahanka,Bellandur,224.0,45.0,Not Applicable,Not Applicable,No,Not Applicable,173,UPI,23,3.1,3.9
2024-07-14 19:29:00,CNR1978432529,Success,CID776005,Prime Plus,Peenya,Shivajinagar,224.0,55.0,Not Applicable,Not Applicable,No,Not Applicable,333,Cash,18,4.6,3.3
2024-07-25 01:20:00,CNR3081567620,Success,CID219834,Auto,RT Nagar,Bannerghatta Road,91.0,85.0,Not Applicable,Not Applicable,No,Not Applicable,452,UPI,6,3.9,3.6
2024-07-09 20:45:00,CNR9411507003,Canceled by Driver,CID474188,Prime Plus,Hebbal,Ulsoor,,,Not Applicable,Personal & Car related issue,Not Applicable,Not Applicable,178,Not Applicable,0,,
2024-07-30 15:15:00,CNR7525817401,Canceled by Customer,CID544705,Mini,Devanahalli,Padmanabhanagar,,,Driver is not moving towards pickup location,Not Applicable,Not Applicable,Not Applicable,478,Not Applicable,0,,
2024-07-18 03:59:00,CNR9503417954,Success,CID643634,Mini,Chamarajpet,Shivajinagar,245.0,30.0,Not Applicable,Not Applicable,No,Not Applicable,874,Cash,35,3.4,3.8
2024-07-09 04:47:00,CNR1883269272,Success,CID452563,Prime Plus,Hennur,Whitefield,112.0,85.0,Not Applicable,Not Applicable,Yes,Other Issue,440,Cash,31,3.4,3.5
2024-07-03 22:45:00,CNR2946036156,Success,CID378256,Prime Sedan,Rajajinagar,Devanahalli,301.0,95.0,Not Applicable,Not Applicable,No,Not Applicable,113,Cash,24,3.4,4.4
2024-07-10 11:16:00,CNR4689476039,Success,CID360320,eBike,Cox Town,Ramamurthy Nagar,112.0,35.0,Not Applicable,Not Applicable,No,Not Applicable,804,Cash,10,4.4,4.4
2024-07-02 20:11:00,CNR4702276725,Canceled by Driver,CID695957,eBike,Hulimavu,Sarjapur Road,,,Not Applicable,More than permitted people in there,Not Applicable,Not Applicable,145,Not Applicable,0,,
2024-07-08 11:02:00,CNR4719110187,Success,CID851747,Mini,Cox Town,Frazer Town,210.0,70.0,Not Applicable,Not Applicable,No,Not Applicable,383,Cash,33,3.9,4.0
2024-07-25 09:25:00,CNR7117253837,Driver Not Found,CID439439,Prime SUV,Shivajinagar,Hulimavu,,,Not Applicable,Not Applicable,Not Applicable,Not Applicable,354,Not Applicable,0,,
2024-07-06 07:38:00,CNR4387736418,Canceled by Driver,CID442051,Prime SUV,Magadi Road,Malleshwaram,,,Not Applicable,Customer related issue,Not Applicable,Not Applicable,227,Not Applicable,0,,
2024-07-13 17:29:00,CNR5653413642,Canceled by Driver,CID238432,Auto,HSR Layout,Sahakar Nagar,,,Not Applicable,Customer related issue,Not Applicable,Not Applicable,288,Not Applicable,0,,
2024-07-29 04:10:00,CNR5668117726,Canceled by Driver,CID946142,eBike,Indiranagar,Ulsoor,,,Not Applicable,More than permitted people in there,Not Applicable,Not Applicable,926,Not Applicable,0,,
2024-07-22 02:10:00,CNR9824588168,Success,CID134841,Prime Sedan,Malleshwaram,JP Nagar,189.0,70.0,Not Applicable,Not Applicable,No,Not Applicable,301,UPI,26,3.0,3.1
2024-07-22 09:09:00,CNR2715272214,Success,CID402422,Mini,Kammanahalli,Shantinagar,294.0,130.0,Not Applicable,Not Applicable,No,Not Applicable,323,Cash,39,3.9,3.8
2024-07-20 01:55:00,CNR4361839331,Success,CID733408,Prime SUV,Yeshwanthpur,Devanahalli,49.0,60.0,Not Applicable,Not Applicable,No,Not Applicable,605,Cash,10,4.2,3.5
2024-07-18 07:16:00,CNR8327211563,Success,CID337565,Bike,Electronic City,Kengeri,140.0,120.0,Not Applicable,Not Applicable,No,Not Applicable,935,Cash,2,3.4,3.9
2024-07-23 13:53:00,CNR2518709813,Success,CID363717,Prime Sedan,KR Puram,Indiranagar,35.0,30.0,Not Applicable,Not Applicable,No,Not Applicable,268,Cash,18,3.6,4.3
2024-07-22 19:13:00,CNR2909514457,Success,CID276644,Auto,KR Puram,Vijayanagar,301.0,95.0,Not Applicable,Not Applicable,No,Not Applicable,486,Cash,4,3.8,4.4
2024-07-26 11:49:00,CNR7907167721,Success,CID503455,Prime Sedan,Hulimavu,Yeshwanthpur,266.0,35.0,Not Applicable,Not Applicable,No,Not Applicable,410,UPI,24,3.6,4.9
2024-07-22 16:34:00,CNR5884024512,Canceled by Driver,CID516197,Auto,Richmond Town,Majestic,,,Not Applicable,Personal & Car related issue,Not Applicable,Not Applicable,948,Not Applicable,0,,
2024-07-06 06:43:00,CNR3739776507,Success,CID205715,Mini,JP Nagar,Kammanahalli,308.0,45.0,Not Applicable,Not Applicable,No,Not Applicable,172,Cash,8,3.2,3.7
2024-07-24 11:07:00,CNR7524261155,Success,CID211336,Prime SUV,Magadi Road,Hebbal,98.0,40.0,Not Applicable,Not Applicable,No,Not Applicable,123,Cash,48,3.9,4.5
2024-07-10 19:39:00,CNR3576186036,Success,CID191425,Bike,Nagarbhavi,HSR Layout,203.0,50.0,Not Applicable,Not Applicable,No,Not Applicable,120,UPI,48,3.8,4.2
2024-07-09 10:36:00,CNR7538469860,Canceled by Customer,CID125271,Prime Plus,Yelahanka,Sahakar Nagar,,,Change of plans,Not Applicable,Not Applicable,Not Applicable,198,Not Applicable,0,,
2024-07-19 17:12:00,CNR1402631321,Driver Not Found,CID700343,Prime SUV,Malleshwaram,Whitefield,,,Not Applicable,Not Applicable,Not Applicable,Not Applicable,114,Not Applicable,0,,
2024-07-10 17:16:00,CNR7891842177,Success,CID146317,Prime Sedan,Hennur,Malleshwaram,140.0,55.0,Not Applicable,Not Applicable,No,Not Applicable,208,Cash,14,4.7,4.2
2024-07-14 04:23:00,CNR7991491568,Success,CID625399,Prime SUV,Hosur Road,Shantinagar,84.0,110.0,Not Applicable,Not Applicable,No,Not Applicable,676,UPI,35,4.0,4.8
2024-07-06 14:06:00,CNR6805322952,Success,CID207154,Mini,Hebbal,Mysore Road,126.0,70.0,Not Applicable,Not Applicable,No,Not Applicable,306,Cash,12,4.5,4.1
2024-07-30 03:40:00,CNR4168192277,Success,CID435266,Mini,Devanahalli,Hosur Road,56.0,65.0,Not Applicable,Not Applicable,No,Not Applicable,210,UPI,44,3.5,4.9
2024-07-26 04:03:00,CNR7104853182,Success,CID147349,Auto,Ramamurthy Nagar,Whitefield,35.0,100.0,Not Applicable,Not Applicable,No,Not Applicable,477,UPI,14,4.9,4.8
2024-07-24 12:33:00,CNR9493454869,Success,CID854638,Auto,Rajarajeshwari Nagar,Richmond Town,56.0,80.0,Not Applicable,Not Applicable,No,Not Applicable,408,Credit Card,4,4.7,4.6
2024-07-18 07:10:00,CNR2941995612,Success,CID264951,eBike,Richmond Town,Yelahanka,280.0,35.0,Not Applicable,Not Applicable,No,Not Applicable,818,UPI,1,4.6,4.6
2024-07-19 02:16:00,CNR5685225714,Success,CID439988,Prime SUV,Rajarajeshwari Nagar,Tumkur Road,140.0,35.0,Not Applicable,Not Applicable,No,Not Applicable,288,Cash,49,3.1,3.9
2024-07-21 13:13:00,CNR7978032380,Success,CID328569,Prime Sedan,Langford Town,Richmond Town,119.0,35.0,Not Applicable,Not Applicable,No,Not Applicable,761,Cash,23,3.6,4.6
2024-07-08 21:55:00,CNR5985149016,Canceled by Customer,CID701591,Prime Plus,Kammanahalli,Frazer Town,,,Driver is not moving towards pickup location,Not Applicable,Not Applicable,Not Applicable,424,Not Applicable,0,,
2024-07-18 07:44:00,CNR6011607013,Success,CID360305,eBike,Shantinagar,Jayanagar,154.0,140.0,Not Applicable,Not Applicable,No,Not Applicable,192,Cash,14,4.9,4.0
2024-07-11 05:18:00,CNR9711740579,Success,CID189565,Auto,Langford Town,Tumkur Road,231.0,85.0,Not Applicable,Not Applicable,Yes,Vehicle Breakdown,100,Cash,15,3.3,4.0
2024-07-23 11:16:00,CNR1348546305,Success,CID291548,Bike,Kengeri,Peenya,126.0,125.0,Not Applicable,Not Applicable,No,Not Applicable,202,Cash,14,4.6,3.2
2024-07-09 10:41:00,CNR7928890333,Success,CID567173,Prime Sedan,RT Nagar,Majestic,294.0,65.0,Not Applicable,Not Applicable,No,Not Applicable,134,UPI,8,3.9,4.6
2024-07-14 20:56:00,CNR7315123423,Success,CID158470,eBike,Ramamurthy Nagar,Malleshwaram,280.0,120.0,Not Applicable,Not Applicable,No,Not Applicable,791,UPI,6,4.7,3.1
2024-07-15 01:43:00,CNR9467271896,Success,CID144651,Prime Sedan,Padmanabhanagar,Majestic,238.0,50.0,Not Applicable,Not Applicable,No,Not Applicable,569,UPI,33,4.7,3.2
2024-07-18 22:15:00,CNR6056740949,Success,CID786541,Prime SUV,Majestic,Jayanagar,133.0,50.0,Not Applicable,Not Applicable,No,Not Applicable,378,UPI,28,3.7,5.0
2024-07-12 13:53:00,CNR4896899807,Canceled by Driver,CID668488,Bike,JP Nagar,Banashankari,,,Not Applicable,Customer was coughing/sick,Not Applicable,Not Applicable,455,Not Applicable,0,,
2024-07-12 04:10:00,CNR2705505023,Success,CID199988,Mini,Nagarbhavi,Shantinagar,84.0,100.0,Not Applicable,Not Applicable,No,Not Applicable,787,Cash,43,3.6,3.7
2024-07-03 04:19:00,CNR6886703462,Canceled by Driver,CID353434,Prime Sedan,Ulsoor,KR Puram,,,Not Applicable,Customer was coughing/sick,Not Applicable,Not Applicable,414,Not Applicable,0,,
2024-07-18 14:17:00,CNR6298857551,Success,CID473911,Prime Plus,Chamarajpet,Rajarajeshwari Nagar,42.0,55.0,Not Applicable,Not Applicable,No,Not Applicable,433,Cash,9,4.7,4.2
2024-07-01 19:31:00,CNR3579283497,Success,CID844261,eBike,Richmond Town,Basavanagudi,119.0,80.0,Not Applicable,Not Applicable,No,Not Applicable,340,Cash,45,4.8,3.2
2024-07-06 11:15:00,CNR4197002910,Canceled by Customer,CID340270,Prime Plus,Magadi Road,Chamarajpet,,,Driver is not moving towards pickup location,Not Applicable,Not Applicable,Not Applicable,795,Not Applicable,0,,
2024-07-17 19:34:00,CNR4486883662,Canceled by Driver,CID569758,Auto,Indiranagar,Sarjapur Road,,,Not Applicable,Customer related issue,Not Applicable,Not Applicable,136,Not Applicable,0,,
2024-07-08 23:33:00,CNR7245405406,Success,CID838987,eBike,Peenya,Chickpet,196.0,50.0,Not Applicable,Not Applicable,Yes,Vehicle Breakdown,234,Cash,18,3.0,4.9
2024-07-07 22:13:00,CNR8866978914,Success,CID696200,Prime Plus,Kammanahalli,HSR Layout,280.0,145.0,Not Applicable,Not Applicable,No,Not Applicable,496,Cash,39,4.2,3.4
2024-07-06 08:10:00,CNR2822226254,Success,CID651620,Prime Sedan,Hulimavu,Yelahanka,203.0,55.0,Not Applicable,Not Applicable,No,Not Applicable,480,Cash,41,3.9,4.6
2024-07-05 06:13:00,CNR6657818811,Success,CID258720,Prime Plus,JP Nagar,KR Puram,287.0,120.0,Not Applicable,Not Applicable,No,Not Applicable,117,Cash,7,3.0,4.6
2024-07-30 15:17:00,CNR8398696012,Success,CID901180,Prime Plus,Langford Town,Sarjapur Road,224.0,60.0,Not Applicable,Not Applicable,No,Not Applicable,603,Cash,12,4.1,3.8
2024-07-22 06:01:00,CNR9176895910,Success,CID531380,Prime Sedan,BTM Layout,Vijayanagar,140.0,145.0,Not Applicable,Not Applicable,No,Not Applicable,140,UPI,34,4.3,4.2
2024-07-10 22:21:00,CNR8112830053,Canceled by Customer,CID462922,Prime Plus,Hulimavu,Hennur,,,AC is Not working,Not Applicable,Not Applicable,Not Applicable,210,Not Applicable,0,,
2024-07-28 13:07:00,CNR6023366916,Success,CID226191,Prime Plus,Koramangala,Devanahalli,273.0,70.0,Not Applicable,Not Applicable,No,Not Applicable,206,UPI,22,3.8,4.4
2024-07-28 22:56:00,CNR8685757957,Canceled by Driver,CID456419,Prime Sedan,Kammanahalli,HSR Layout,,,Not Applicable,Personal & Car related issue,Not Applicable,Not Applicable,881,Not Applicable,0,,
2024-07-21 20:32:00,CNR1834765814,Success,CID323126,Mini,Majestic,Sarjapur Road,301.0,115.0,Not Applicable,Not Applicable,No,Not Applicable,413,Credit Card,19,3.5,4.1
2024-07-25 02:28:00,CNR3771258734,Success,CID148520,Prime SUV,Kadugodi,Ulsoor,84.0,55.0,Not Applicable,Not Applicable,No,Not Applicable,225,Cash,46,3.2,4.8
2024-07-20 16:04:00,CNR7616513379,Canceled by Customer,CID933608,Prime SUV,Sahakar Nagar,Sahakar Nagar,,,Driver is not moving towards pickup location,Not Applicable,Not Applicable,Not Applicable,756,Not Applicable,0,,
2024-07-04 06:46:00,CNR4753341018,Success,CID914356,Bike,Mysore Road,HSR Layout,133.0,55.0,Not Applicable,Not Applicable,No,Not Applicable,492,Cash,15,4.8,4.0
2024-07-23 00:15:00,CNR7085316356,Success,CID478605,eBike,Magadi Road,Jayanagar,175.0,95.0,Not Applicable,Not Applicable,No,Not Applicable,283,Cash,29,3.3,4.4
2024-07-12 18:05:00,CNR1680737498,Canceled by Customer,CID240192,Mini,Koramangala,Yeshwanthpur,,,Wrong Address,Not Applicable,Not Applicable,Not Applicable,964,Not Applicable,0,,
2024-07-01 02:17:00,CNR1003947947,Canceled by Driver,CID605452,eBike,RT Nagar,Yelahanka,,,Not Applicable,Customer related issue,Not Applicable,Not Applicable,606,Not Applicable,0,,
2024-07-25 01:23:00,CNR6147304899,Success,CID233449,eBike,Whitefield,Padmanabhanagar,294.0,70.0,Not Applicable,Not Applicable,No,Not Applicable,793,UPI,9,3.8,3.8
2024-07-12 04:05:00,CNR4829553053,Canceled by Driver,CID119460,Prime SUV,BTM Layout,Yeshwanthpur,,,Not Applicable,Customer related issue,Not Applicable,Not Applicable,388,Not Applicable,0,,
2024-07-17 15:27:00,CNR3146257526,Success,CID441479,eBike,Vijayanagar,Peenya,266.0,95.0,Not Applicable,Not Applicable,Yes,Vehicle Breakdown,118,Cash,16,4.4,4.8
2024-07-08 22:19:00,CNR4160303802,Success,CID941107,Auto,Rajarajeshwari Nagar,Varthur,77.0,130.0,Not Applicable,Not Applicable,No,Not Applicable,378,Cash,12,4.0,3.2
2024-07-04 02:23:00,CNR3880545595,Canceled by Driver,CID916560,Prime SUV,Chickpet,Chamarajpet,,,Not Applicable,Customer was coughing/sick,Not Applicable,Not Applicable,160,Not Applicable,0,,
2024-07-29 00:51:00,CNR5142406120,Success,CID948469,Mini,Marathahalli,Mysore Road,231.0,35.0,Not Applicable,Not Applicable,Yes,Vehicle Breakdown,275,Cash,43,4.0,4.8
2024-07-12 19:59:00,CNR2247502062,Success,CID708991,eBike,Langford Town,Hulimavu,252.0,145.0,Not Applicable,Not Applicable,No,Not Applicable,465,Cash,17,4.3,4.4
2024-07-05 22:29:00,CNR5083438249,Success,CID743360,Mini,BTM Layout,Rajajinagar,301.0,115.0,Not Applicable,Not Applicable,No,Not Applicable,325,UPI,47,4.3,4.6
2024-07-19 02:36:00,CNR3159238891,Success,CID485054,Prime Sedan,Chickpet,Chamarajpet,84.0,85.0,Not Applicable,Not Applicable,Yes,Customer Demand,1556,UPI,20,3.6,4.5
2024-07-18 03:54:00,CNR5910349262,Success,CID700484,Prime SUV,Kadugodi,Hosur Road,252.0,100.0,Not Applicable,Not Applicable,No,Not Applicable,404,Cash,47,4.7,4.8
2024-07-22 20:15:00,CNR6705406116,Success,CID589319,Mini,Bellandur,Yeshwanthpur,196.0,75.0,Not Applicable,Not Applicable,No,Not Applicable,1558,UPI,29,4.4,3.6
2024-07-14 19:36:00,CNR1143785374,Success,CID812932,eBike,Electronic City,Sarjapur Road,140.0,60.0,Not Applicable,Not Applicable,No,Not Applicable,392,UPI,23,3.3,3.5
2024-07-02 17:37:00,CNR4872150949,Success,CID639254,eBike,Cox Town,Indiranagar,238.0,120.0,Not Applicable,Not Applicable,No,Not Applicable,197,UPI,43,3.1,3.7
2024-07-07 11:08:00,CNR9211206398,Success,CID295325,Prime SUV,Majestic,HSR Layout,91.0,35.0,Not Applicable,Not Applicable,No,Not Applicable,967,UPI,35,4.8,4.2
2024-07-27 22:47:00,CNR9967044907,Success,CID699417,Prime SUV,Shivajinagar,Chamarajpet,56.0,95.0,Not Applicable,Not Applicable,No,Not Applicable,474,UPI,41,3.4,4.8
2024-07-24 21:29:00,CNR8291505045,Success,CID526752,eBike,Ulsoor,Majestic,189.0,110.0,Not Applicable,Not Applicable,No,Not Applicable,283,Cash,9,4.0,4.1
2024-07-08 22:39:00,CNR3286896632,Success,CID133518,Bike,Devanahalli,Tumkur Road,105.0,120.0,Not Applicable,Not Applicable,No,Not Applicable,156,UPI,4,4.8,3.2
2024-07-29 11:19:00,CNR8100605082,Success,CID195981,Prime SUV,Frazer Town,BTM Layout,238.0,55.0,Not Applicable,Not Applicable,No,Not Applicable,900,Cash,5,3.0,3.2
2024-07-30 15:46:00,CNR2552208977,Success,CID286293,Bike,RT Nagar,Shantinagar,63.0,125.0,Not Applicable,Not Applicable,No,Not Applicable,1614,UPI,46,4.8,4.8
2024-07-29 12:29:00,CNR7908513875,Driver Not Found,CID713684,Auto,Ramamurthy Nagar,Varthur,,,Not Applicable,Not Applicable,Not Applicable,Not Applicable,520,Not Applicable,0,,
2024-07-14 22:05:00,CNR9759420504,Canceled by Driver,CID599978,eBike,Nagarbhavi,Malleshwaram,,,Not Applicable,More than permitted people in there,Not Applicable,Not Applicable,187,Not Applicable,0,,
2024-07-23 20:02:00,CNR7780222247,Success,CID719335,Prime Plus,Electronic City,Banashankari,126.0,50.0,Not Applicable,Not Applicable,No,Not Applicable,203,Cash,39,4.0,3.6
2024-07-15 03:40:00,CNR2030654032,Success,CID769169,Bike,Kadugodi,MG Road,308.0,115.0,Not Applicable,Not Applicable,No,Not Applicable,489,Cash,30,4.6,4.6
2024-07-30 18:24:00,CNR7416025625,Canceled by Driver,CID446733,Prime Sedan,Hulimavu,KR Puram,,,Not Applicable,Customer was coughing/sick,Not Applicable,Not Applicable,892,Not Applicable,0,,
2024-07-25 10:39:00,CNR5172634805,Success,CID794266,Auto,Langford Town,Sahakar Nagar,175.0,40.0,Not Applicable,Not Applicable,No,Not Applicable,837,UPI,4,4.3,4.7
2024-07-10 12:53:00,CNR4100827874,Success,CID321449,Prime Sedan,Padmanabhanagar,JP Nagar,42.0,65.0,Not Applicable,Not Applicable,No,Not Applicable,148,Cash,22,4.5,4.4
2024-07-19 01:15:00,CNR9587036111,Success,CID967265,Auto,RT Nagar,Sarjapur Road,182.0,95.0,Not Applicable,Not Applicable,No,Not Applicable,279,Cash,5,4.1,4.7
2024-07-05 07:47:00,CNR1545381292,Success,CID651789,Prime Sedan,Cox Town,BTM Layout,56.0,130.0,Not Applicable,Not Applicable,No,Not Applicable,943,Cash,42,4.8,3.3
2024-07-19 17:54:00,CNR4476942999,Canceled by Driver,CID408071,Prime Plus,Frazer Town,Whitefield,,,Not Applicable,More than permitted people in there,Not Applicable,Not Applicable,1985,Not Applicable,0,,
2024-07-14 22:43:00,CNR3580096408,Success,CID604536,Auto,Marathahalli,Langford Town,238.0,130.0,Not Applicable,Not Applicable,No,Not Applicable,486,Credit Card,11,3.1,4.4
2024-07-25 14:41:00,CNR3190670991,Canceled by Customer,CID718977,Prime Plus,KR Puram,KR Puram,,,Driver asked to cancel,Not Applicable,Not Applicable,Not Applicable,2887,Not Applicable,0,,
2024-07-06 08:58:00,CNR7225701511,Success,CID196729,Prime Sedan,Electronic City,Shantinagar,238.0,140.0,Not Applicable,Not Applicable,No,Not Applicable,303,UPI,47,4.0,3.4
2024-07-25 10:00:00,CNR9140555384,Canceled by Driver,CID578046,Mini,Shantinagar,Indiranagar,,,Not Applicable,Personal & Car related issue,Not Applicable,Not Applicable,466,Not Applicable,0,,
2024-07-23 09:39:00,CNR9623351863,Success,CID720534,eBike,HSR Layout,Hennur,63.0,85.0,Not Applicable,Not Applicable,No,Not Applicable,257,Cash,43,4.2,4.8
2024-07-06 18:37:00,CNR3322911120,Canceled by Driver,CID206546,Prime SUV,Hosur Road,Rajajinagar,,,Not Applicable,Personal & Car related issue,Not Applicable,Not Applicable,432,Not Applicable,0,,
2024-07-22 02:43:00,CNR3014001436,Success,CID884507,Auto,Varthur,Bannerghatta Road,259.0,140.0,Not Applicable,Not Applicable,No,Not Applicable,915,Cash,16,3.6,3.1
2024-07-24 07:29:00,CNR2804683044,Canceled by Driver,CID224601,Prime Plus,Koramangala,Peenya,,,Not Applicable,Customer related issue,Not Applicable,Not Applicable,472,Not Applicable,0,,
2024-07-14 15:54:00,CNR8504594176,Canceled by Customer,CID262372,Auto,Shantinagar,Mysore Road,,,Driver is not moving towards pickup location,Not Applicable,Not Applicable,Not Applicable,212,Not Applicable,0,,
2024-07-25 03:13:00,CNR5538529973,Success,CID587835,Prime SUV,Whitefield,HSR Layout,126.0,65.0,Not Applicable,Not Applicable,No,Not Applicable,411,UPI,33,3.3,3.0
2024-07-23 16:23:00,CNR5649972726,Success,CID136821,Prime SUV,RT Nagar,Yeshwanthpur,98.0,105.0,Not Applicable,Not Applicable,No,Not Applicable,807,Credit Card,3,4.7,3.3
2024-07-26 19:09:00,CNR5271797622,Canceled by Driver,CID601359,Mini,Sarjapur Road,Hulimavu,,,Not Applicable,More than permitted people in there,Not Applicable,Not Applicable,822,Not Applicable,0,,
2024-07-04 20:00:00,CNR1615526760,Canceled by Customer,CID306085,Bike,Frazer Town,Banashankari,,,AC is Not working,Not Applicable,Not Applicable,Not Applicable,419,Not Applicable,0,,
2024-07-20 07:54:00,CNR7334902488,Canceled by Customer,CID568558,Mini,Hennur,Cox Town,,,Driver asked to cancel,Not Applicable,Not Applicable,Not Applicable,157,Not Applicable,0,,
2024-07-29 16:46:00,CNR5180141101,Success,CID119847,Auto,Sarjapur Road,Mysore Road,105.0,70.0,Not Applicable,Not Applicable,Yes,Vehicle Breakdown,492,Cash,1,3.5,3.8
2024-07-24 04:39:00,CNR8562176172,Success,CID384686,Prime Plus,Frazer Town,Magadi Road,77.0,30.0,Not Applicable,Not Applicable,Yes,Other Issue,483,UPI,49,4.7,3.8
2024-07-17 00:09:00,CNR9289025809,Driver Not Found,CID478548,Bike,Langford Town,Ramamurthy Nagar,,,Not Applicable,Not Applicable,Not Applicable,Not Applicable,388,Not Applicable,0,,
2024-07-20 05:47:00,CNR4074341858,Success,CID290956,Bike,Frazer Town,Bannerghatta Road,42.0,30.0,Not Applicable,Not Applicable,No,Not Applicable,427,UPI,13,3.8,3.7
2024-07-19 22:04:00,CNR9340172553,Driver Not Found,CID791806,Prime SUV,Kadugodi,Frazer Town,,,Not Applicable,Not Applicable,Not Applicable,Not Applicable,312,Not Applicable,0,,
2024-07-19 01:35:00,CNR1675495798,Canceled by Driver,CID362268,Mini,Mysore Road,Ramamurthy Nagar,,,Not Applicable,Personal & Car related issue,Not Applicable,Not Applicable,856,Not Applicable,0,,
2024-07-05 23:49:00,CNR8725713671,Success,CID299060,Prime SUV,Chamarajpet,Ramamurthy Nagar,280.0,130.0,Not Applicable,Not Applicable,No,Not Applicable,793,UPI,39,3.1,4.6
2024-07-15 01:38:00,CNR6551242669,Success,CID392459,Auto,Devanahalli,Yeshwanthpur,252.0,45.0,Not Applicable,Not Applicable,No,Not Applicable,455,UPI,4,3.1,3.2
2024-07-16 22:42:00,CNR7814437006,Success,CID699138,Bike,Basavanagudi,Electronic City,119.0,115.0,Not Applicable,Not Applicable,No,Not Applicable,585,Cash,3,3.3,4.5
2024-07-02 03:44:00,CNR6493920308,Success,CID363066,Bike,Mysore Road,Electronic City,91.0,105.0,Not Applicable,Not Applicable,No,Not Applicable,119,Cash,31,4.8,3.5
2024-07-01 11:29:00,CNR7885653859,Success,CID842329,Bike,Electronic City,Frazer Town,182.0,125.0,Not Applicable,Not Applicable,Yes,Customer Demand,149,Cash,8,4.4,3.3
2024-07-22 13:03:00,CNR4658693911,Success,CID853471,eBike,Varthur,Hebbal,308.0,65.0,Not Applicable,Not Applicable,No,Not Applicable,368,Cash,47,3.5,4.3
2024-07-19 20:33:00,CNR5513408397,Success,CID338463,Auto,Yelahanka,KR Puram,140.0,145.0,Not Applicable,Not Applicable,No,Not Applicable,169,UPI,12,3.6,4.8
2024-07-07 21:39:00,CNR3473685209,Success,CID347375,Auto,BTM Layout,Yeshwanthpur,252.0,105.0,Not Applicable,Not Applicable,No,Not Applicable,2857,Cash,10,3.4,4.1
2024-07-29 16:47:00,CNR4641069667,Success,CID761005,Auto,BTM Layout,Rajarajeshwari Nagar,154.0,65.0,Not Applicable,Not Applicable,No,Not Applicable,304,UPI,7,3.2,4.4
2024-07-03 02:04:00,CNR5889289472,Success,CID372613,eBike,RT Nagar,Ramamurthy Nagar,175.0,75.0,Not Applicable,Not Applicable,No,Not Applicable,205,Cash,48,4.3,3.9
2024-07-13 02:31:00,CNR5273020918,Canceled by Driver,CID456493,Mini,Chickpet,Padmanabhanagar,,,Not Applicable,Personal & Car related issue,Not Applicable,Not Applicable,392,Not Applicable,0,,
2024-07-28 23:04:00,CNR5337568898,Success,CID960247,Mini,Koramangala,Electronic City,175.0,135.0,Not Applicable,Not Applicable,No,Not Applicable,248,UPI,10,4.0,3.8
2024-07-18 19:05:00,CNR6410920483,Canceled by Driver,CID350764,Prime Sedan,Shantinagar,RT Nagar,,,Not Applicable,More than permitted people in there,Not Applicable,Not Applicable,232,Not Applicable,0,,
2024-07-19 12:59:00,CNR5837195140,Success,CID384891,Bike,Jayanagar,Indiranagar,217.0,135.0,Not Applicable,Not Applicable,No,Not Applicable,378,Cash,7,4.0,3.3
2024-07-07 13:29:00,CNR1537486189,Driver Not Found,CID771037,Mini,Chickpet,BTM Layout,,,Not Applicable,Not Applicable,Not Applicable,Not Applicable,461,Not Applicable,0,,
2024-07-09 11:31:00,CNR8041328823,Success,CID675079,Prime SUV,JP Nagar,HSR Layout,273.0,65.0,Not Applicable,Not Applicable,No,Not Applicable,488,Cash,48,4.9,4.3
2024-07-30 07:15:00,CNR9889045481,Success,CID371000,Mini,Kadugodi,Ulsoor,119.0,100.0,Not Applicable,Not Applicable,No,Not Applicable,434,Credit Card,24,4.1,4.0
2024-07-12 12:09:00,CNR4149613990,Canceled by Driver,CID908444,Prime Sedan,Electronic City,Hebbal,,,Not Applicable,Personal & Car related issue,Not Applicable,Not Applicable,348,Not Applicable,0,,
2024-07-13 21:47:00,CNR5298789575,Success,CID604166,Prime Plus,Tumkur Road,Koramangala,126.0,145.0,Not Applicable,Not Applicable,No,Not Applicable,209,Cash,19,3.1,4.5
2024-07-03 22:26:00,CNR2054708564,Success,CID913119,Prime SUV,Kengeri,Frazer Town,63.0,90.0,Not Applicable,Not Applicable,No,Not Applicable,199,UPI,12,4.6,3.2
2024-07-10 13:27:00,CNR9750609172,Driver Not Found,CID311367,Prime Sedan,Bannerghatta Road,Bellandur,,,Not Applicable,Not Applicable,Not Applicable,Not Applicable,114,Not Applicable,0,,
2024-07-20 05:06:00,CNR2070064977,Canceled by Customer,CID725086,Auto,Rajarajeshwari Nagar,Sahakar Nagar,,,Change of plans,Not Applicable,Not Applicable,Not Applicable,256,Not Applicable,0,,
2024-07-23 18:30:00,CNR4225674145,Canceled by Customer,CID529338,Bike,Banashankari,Ramamurthy Nagar,,,Change of plans,Not Applicable,Not Applicable,Not Applicable,432,Not Applicable,0,,
2024-07-21 13:42:00,CNR2578725748,Success,CID229005,Prime Plus,Langford Town,Vijayanagar,203.0,125.0,Not Applicable,Not Applicable,No,Not Applicable,933,Cash,3,4.8,4.8
2024-07-11 15:36:00,CNR1213389621,Canceled by Driver,CID280642,Auto,Hosur Road,Marathahalli,,,Not Applicable,Customer related issue,Not Applicable,Not Applicable,685,Not Applicable,0,,
2024-07-06 19:35:00,CNR5785973773,Canceled by Customer,CID694313,eBike,Basavanagudi,Yeshwanthpur,,,Change of plans,Not Applicable,Not Applicable,Not Applicable,407,Not Applicable,0,,
2024-07-13 07:24:00,CNR2500017571,Canceled by Customer,CID673657,Prime Plus,Peenya,Padmanabhanagar,,,Driver asked to cancel,Not Applicable,Not Applicable,Not Applicable,338,Not Applicable,0,,
2024-07-16 04:58:00,CNR8223901521,Success,CID984854,Prime Sedan,Electronic City,Padmanabhanagar,287.0,120.0,Not Applicable,Not Applicable,No,Not Applicable,365,UPI,17,4.8,4.5
2024-07-16 02:20:00,CNR7579571935,Success,CID723608,Bike,Majestic,Koramangala,49.0,30.0,Not Applicable,Not Applicable,No,Not Applicable,123,UPI,44,4.4,4.9
2024-07-12 16:52:00,CNR9187854949,Success,CID351058,Auto,Malleshwaram,Malleshwaram,168.0,45.0,Not Applicable,Not Applicable,No,Not Applicable,158,UPI,5,3.5,4.5
2024-07-12 16:55:00,CNR1286354258,Success,CID233874,Bike,Koramangala,Kammanahalli,245.0,95.0,Not Applicable,Not Applicable,No,Not Applicable,211,Cash,6,4.2,4.0
2024-07-21 20:21:00,CNR3182061903,Success,CID259003,Prime Plus,Koramangala,Magadi Road,126.0,105.0,Not Applicable,Not Applicable,No,Not Applicable,932,Cash,18,4.7,3.4
2024-07-04 12:41:00,CNR5748759112,Success,CID174061,Prime Sedan,Shantinagar,Basavanagudi,42.0,45.0,Not Applicable,Not Applicable,No,Not Applicable,284,UPI,45,4.6,3.3
2024-07-11 16:34:00,CNR4516784377,Success,CID834011,Prime Plus,KR Puram,BTM Layout,63.0,105.0,Not Applicable,Not Applicable,No,Not Applicable,138,UPI,6,4.8,3.0
2024-07-18 20:36:00,CNR4489989702,Success,CID171465,Bike,Indiranagar,Bannerghatta Road,308.0,25.0,Not Applicable,Not Applicable,No,Not Applicable,835,Cash,49,3.9,3.9
2024-07-23 21:07:00,CNR7957045972,Driver Not Found,CID508828,Prime Plus,Jayanagar,Sarjapur Road,,,Not Applicable,Not Applicable,Not Applicable,Not Applicable,396,Not Applicable,0,,
2024-07-17 23:40:00,CNR3848474559,Success,CID827576,Prime SUV,Hebbal,Basavanagudi,189.0,35.0,Not Applicable,Not Applicable,No,Not Applicable,544,Cash,15,4.5,4.3
2024-07-11 20:55:00,CNR8718400349,Success,CID646230,Auto,Tumkur Road,Vijayanagar,203.0,130.0,Not Applicable,Not Applicable,No,Not Applicable,282,UPI,9,4.2,3.3
2024-07-19 07:31:00,CNR8137144788,Success,CID586547,Prime Sedan,Frazer Town,Hulimavu,238.0,70.0,Not Applicable,Not Applicable,No,Not Applicable,359,UPI,29,4.2,3.7
2024-07-16 07:01:00,CNR1878033393,Success,CID218145,Bike,Frazer Town,Bannerghatta Road,105.0,50.0,Not Applicable,Not Applicable,No,Not Applicable,1641,UPI,39,3.9,3.1
2024-07-18 11:24:00,CNR5378160129,Canceled by Driver,CID961122,Auto,Hulimavu,Bellandur,,,Not Applicable,Customer was coughing/sick,Not Applicable,Not Applicable,471,Not Applicable,0,,
2024-07-21 01:54:00,CNR7989065511,Success,CID108099,eBike,Richmond Town,Banashankari,308.0,60.0,Not Applicable,Not Applicable,No,Not Applicable,959,UPI,37,3.9,3.7
2024-07-28 18:03:00,CNR4863210848,Canceled by Driver,CID949243,Mini,Hennur,Malleshwaram,,,Not Applicable,Customer was coughing/sick,Not Applicable,Not Applicable,207,Not Applicable,0,,
2024-07-25 07:12:00,CNR2979916892,Canceled by Customer,CID593775,Mini,Yelahanka,Bellandur,,,Driver is not moving towards pickup location,Not Applicable,Not Applicable,Not Applicable,290,Not Applicable,0,,
2024-07-22 10:41:00,CNR2782419097,Success,CID729641,Prime Plus,Mysore Road,Cox Town,98.0,25.0,Not Applicable,Not Applicable,No,Not Applicable,167,Cash,7,4.5,3.7
2024-07-27 23:14:00,CNR9090558620,Success,CID824674,Prime SUV,Ulsoor,RT Nagar,308.0,25.0,Not Applicable,Not Applicable,No,Not Applicable,223,UPI,36,3.8,3.0
2024-07-02 17:17:00,CNR6993432635,Success,CID273500,Prime SUV,Hosur Road,Koramangala,266.0,100.0,Not Applicable,Not Applicable,No,Not Applicable,348,UPI,18,3.9,4.7
2024-07-22 15:21:00,CNR6366779103,Success,CID325324,eBike,Kengeri,MG Road,294.0,80.0,Not Applicable,Not Applicable,No,Not Applicable,189,Cash,33,3.9,4.0
2024-07-22 12:50:00,CNR7306885447,Driver Not Found,CID888953,Auto,Mysore Road,Shivajinagar,,,Not Applicable,Not Applicable,Not Applicable,Not Applicable,127,Not Applicable,0,,
2024-07-13 10:40:00,CNR4343081242,Success,CID625717,Prime Sedan,Peenya,Bellandur,301.0,75.0,Not Applicable,Not Applicable,No,Not Applicable,1795,Cash,7,3.0,3.9
2024-07-02 13:01:00,CNR4201549094,Canceled by Driver,CID288812,Prime SUV,Hennur,Rajajinagar,,,Not Applicable,Customer was coughing/sick,Not Applicable,Not Applicable,687,Not Applicable,0,,
2024-07-01 21:52:00,CNR9387325656,Success,CID550581,eBike,Magadi Road,Nagarbhavi,56.0,25.0,Not Applicable,Not Applicable,No,Not Applicable,1086,UPI,11,3.6,3.3
2024-07-13 12:02:00,CNR7628673555,Success,CID123834,Prime Plus,Hulimavu,Whitefield,175.0,135.0,Not Applicable,Not Applicable,No,Not Applicable,168,Cash,47,3.4,3.5
2024-07-27 14:08:00,CNR8209433694,Driver Not Found,CID525444,Mini,Frazer Town,Ulsoor,,,Not Applicable,Not Applicable,Not Applicable,Not Applicable,458,Not Applicable,0,,
2024-07-28 18:32:00,CNR6817284607,Success,CID379432,Auto,Varthur,Padmanabhanagar,210.0,105.0,Not Applicable,Not Applicable,No,Not Applicable,329,Cash,11,3.7,3.5
2024-07-08 01:38:00,CNR7140812907,Success,CID976626,Bike,Hosur Road,Richmond Town,133.0,35.0,Not Applicable,Not Applicable,No,Not Applicable,457,Cash,38,4.6,3.6
2024-07-14 02:31:00,CNR6326701176,Canceled by Customer,CID998917,Prime Plus,Sahakar Nagar,Indiranagar,,,Driver is not moving towards pickup location,Not Applicable,Not Applicable,Not Applicable,305,Not Applicable,0,,
2024-07-22 12:01:00,CNR9909920427,Success,CID389633,Mini,MG Road,Nagarbhavi,126.0,125.0,Not Applicable,Not Applicable,No,Not Applicable,182,UPI,17,4.2,4.6
2024-07-28 08:24:00,CNR2135685542,Success,CID144610,Auto,Nagarbhavi,Padmanabhanagar,280.0,110.0,Not Applicable,Not Applicable,No,Not Applicable,294,Cash,18,4.1,4.4
2024-07-10 21:13:00,CNR2374404054,Success,CID609061,Prime SUV,Chamarajpet,Majestic,182.0,110.0,Not Applicable,Not Applicable,No,Not Applicable,419,Cash,38,3.4,4.3
2024-07-22 10:57:00,CNR6794448966,Canceled by Driver,CID492781,Auto,Ramamurthy Nagar,JP Nagar,,,Not Applicable,Personal & Car related issue,Not Applicable,Not Applicable,1639,Not Applicable,0,,
2024-07-11 08:58:00,CNR9312835654,Success,CID210712,Bike,Electronic City,Vijayanagar,182.0,115.0,Not Applicable,Not Applicable,Yes,Customer Demand,220,Cash,1,3.0,4.9
2024-07-12 14:08:00,CNR5834824413,Canceled by Driver,CID299622,Prime Plus,BTM Layout,Chamarajpet,,,Not Applicable,Customer related issue,Not Applicable,Not Applicable,163,Not Applicable,0,,
2024-07-12 01:59:00,CNR2963031471,Canceled by Driver,CID792134,Prime Sedan,Hosur Road,KR Puram,,,Not Applicable,Personal & Car related issue,Not Applicable,Not Applicable,396,Not Applicable,0,,
2024-07-02 16:56:00,CNR6560369988,Success,CID922189,Prime SUV,Sahakar Nagar,Hebbal,105.0,50.0,Not Applicable,Not Applicable,No,Not Applicable,982,Cash,49,4.4,4.2
2024-07-11 06:47:00,CNR2037559310,Driver Not Found,CID196927,Prime SUV,Shivajinagar,Whitefield,,,Not Applicable,Not Applicable,Not Applicable,Not Applicable,822,Not Applicable,0,,
2024-07-15 08:46:00,CNR9964834495,Success,CID926421,Prime Plus,Malleshwaram,JP Nagar,35.0,145.0,Not Applicable,Not Applicable,No,Not Applicable,235,UPI,24,4.5,3.5
2024-07-02 13:09:00,CNR5218323751,Canceled by Driver,CID883698,Bike,Bellandur,Hulimavu,,,Not Applicable,Customer was coughing/sick,Not Applicable,Not Applicable,336,Not Applicable,0,,
2024-07-01 13:22:00,CNR9680198873,Canceled by Customer,CID653299,eBike,Hebbal,Shivajinagar,,,Wrong Address,Not Applicable,Not Applicable,Not Applicable,127,Not Applicable,0,,
2024-07-23 07:05:00,CNR2347620895,Success,CID577158,eBike,Padmanabhanagar,Jayanagar,105.0,120.0,Not Applicable,Not Applicable,No,Not Applicable,353,Cash,32,3.8,4.4
2024-07-24 22:20:00,CNR4883936637,Success,CID603415,eBike,Padmanabhanagar,Jayanagar,147.0,55.0,Not Applicable,Not Applicable,No,Not Applicable,188,Cash,44,4.4,4.7
2024-07-19 23:07:00,CNR2976091323,Success,CID976944,Auto,Mysore Road,Kammanahalli,140.0,40.0,Not Applicable,Not Applicable,No,Not Applicable,2763,Cash,3,3.6,3.3
2024-07-26 05:49:00,CNR7821833718,Canceled by Customer,CID397095,eBike,Bannerghatta Road,Rajarajeshwari Nagar,,,AC is Not working,Not Applicable,Not Applicable,Not Applicable,504,Not Applicable,0,,
2024-07-01 18:37:00,CNR2276530436,Success,CID357524,eBike,Kadugodi,Magadi Road,231.0,120.0,Not Applicable,Not Applicable,No,Not Applicable,480,UPI,37,4.2,4.5
2024-07-03 02:02:00,CNR7444972526,Success,CID841569,Prime Sedan,HSR Layout,Kengeri,91.0,135.0,Not Applicable,Not Applicable,No,Not Applicable,283,UPI,20,4.7,4.0
2024-07-24 02:05:00,CNR6356634037,Canceled by Driver,CID299430,eBike,Ulsoor,BTM Layout,,,Not Applicable,Customer related issue,Not Applicable,Not Applicable,528,Not Applicable,0,,
2024-07-08 14:55:00,CNR4275922396,Success,CID454927,Bike,BTM Layout,Majestic,35.0,120.0,Not Applicable,Not Applicable,No,Not Applicable,744,UPI,26,4.6,3.7
2024-07-15 09:09:00,CNR7975742882,Canceled by Customer,CID602529,Prime SUV,Kammanahalli,Shantinagar,,,Driver asked to cancel,Not Applicable,Not Applicable,Not Applicable,443,Not Applicable,0,,
2024-07-10 20:31:00,CNR1864563011,Driver Not Found,CID689397,Prime Sedan,Electronic City,Sahakar Nagar,,,Not Applicable,Not Applicable,Not Applicable,Not Applicable,1535,Not Applicable,0,,
2024-07-03 20:28:00,CNR6302478325,Driver Not Found,CID359351,Bike,Devanahalli,Sahakar Nagar,,,Not Applicable,Not Applicable,Not Applicable,Not Applicable,289,Not Applicable,0,,
2024-07-08 21:56:00,CNR3739191791,Success,CID577024,Prime Sedan,Kammanahalli,RT Nagar,70.0,60.0,Not Applicable,Not Applicable,No,Not Applicable,1895,UPI,11,3.7,4.6
2024-07-15 16:48:00,CNR5399734560,Success,CID356988,Mini,Marathahalli,MG Road,35.0,60.0,Not Applicable,Not Applicable,No,Not Applicable,469,Credit Card,11,4.1,4.6
2024-07-27 21:14:00,CNR7012664474,Success,CID530836,eBike,Majestic,Whitefield,84.0,75.0,Not Applicable,Not Applicable,No,Not Applicable,415,Cash,44,3.2,3.7
2024-07-06 03:28:00,CNR1078761401,Success,CID274796,eBike,Peenya,Hosur Road,210.0,50.0,Not Applicable,Not Applicable,No,Not Applicable,195,Cash,21,3.2,4.9
2024-07-19 10:09:00,CNR8324603783,Success,CID213437,Prime Sedan,KR Puram,Koramangala,112.0,130.0,Not Applicable,Not Applicable,No,Not Applicable,140,UPI,37,4.9,4.6
2024-07-27 17:00:00,CNR6929498723,Success,CID362601,Prime Sedan,Hebbal,Sahakar Nagar,301.0,45.0,Not Applicable,Not Applicable,No,Not Applicable,375,UPI,4,5.0,3.6
2024-07-05 02:35:00,CNR7718504651,Success,CID432023,Prime Sedan,Hebbal,Vijayanagar,231.0,110.0,Not Applicable,Not Applicable,No,Not Applicable,119,Cash,43,4.2,3.3
2024-07-18 00:25:00,CNR7015185854,Driver Not Found,CID946824,eBike,Koramangala,Varthur,,,Not Applicable,Not Applicable,Not Applicable,Not Applicable,305,Not Applicable,0,,
2024-07-06 03:53:00,CNR5208642684,Success,CID517176,Prime SUV,Indiranagar,Sahakar Nagar,301.0,105.0,Not Applicable,Not Applicable,No,Not Applicable,204,UPI,5,4.9,3.4
2024-07-05 02:33:00,CNR6188339898,Success,CID308439,eBike,KR Puram,Tumkur Road,35.0,140.0,Not Applicable,Not Applicable,No,Not Applicable,791,UPI,25,4.5,3.7
2024-07-28 09:46:00,CNR8042505540,Success,CID571243,Mini,Sarjapur Road,Majestic,294.0,35.0,Not Applicable,Not Applicable,No,Not Applicable,204,Cash,41,3.3,3.2
2024-07-03 05:23:00,CNR8681023003,Success,CID987563,Prime SUV,Ramamurthy Nagar,Electronic City,203.0,55.0,Not Applicable,Not Applicable,No,Not Applicable,1098,UPI,15,3.4,4.6
2024-07-09 01:38:00,CNR2151163230,Success,CID330967,Prime Plus,Shantinagar,Rajajinagar,168.0,105.0,Not Applicable,Not Applicable,No,Not Applicable,228,Cash,37,3.2,4.3
2024-07-19 15:13:00,CNR2301770919,Success,CID459864,Prime Plus,Bannerghatta Road,Devanahalli,84.0,110.0,Not Applicable,Not Applicable,No,Not Applicable,561,UPI,46,4.7,4.8
2024-07-23 06:07:00,CNR9023834226,Canceled by Driver,CID465241,Mini,Basavanagudi,Bellandur,,,Not Applicable,Customer related issue,Not Applicable,Not Applicable,186,Not Applicable,0,,
2024-07-29 11:38:00,CNR5758376186,Success,CID839489,Prime Sedan,Tumkur Road,Shantinagar,196.0,65.0,Not Applicable,Not Applicable,No,Not Applicable,1981,Credit Card,33,4.1,3.2
2024-07-03 20:44:00,CNR1500052726,Driver Not Found,CID182066,Prime SUV,Shivajinagar,Yeshwanthpur,,,Not Applicable,Not Applicable,Not Applicable,Not Applicable,1021,Not Applicable,0,,
2024-07-06 02:27:00,CNR4987094656,Driver Not Found,CID560844,Prime SUV,Tumkur Road,Frazer Town,,,Not Applicable,Not Applicable,Not Applicable,Not Applicable,143,Not Applicable,0,,
2024-07-02 01:19:00,CNR6366894885,Success,CID351551,Prime SUV,Padmanabhanagar,Padmanabhanagar,168.0,25.0,Not Applicable,Not Applicable,No,Not Applicable,484,Cash,15,4.2,3.4
2024-07-02 02:31:00,CNR5421343807,Success,CID993644,Mini,MG Road,Mysore Road,287.0,65.0,Not Applicable,Not Applicable,No,Not Applicable,346,UPI,42,3.3,3.4
2024-07-05 12:55:00,CNR7547933946,Success,CID949669,Prime SUV,Peenya,Koramangala,287.0,120.0,Not Applicable,Not Applicable,No,Not Applicable,186,UPI,26,4.1,4.0
2024-07-23 07:31:00,CNR9580998382,Success,CID132701,Bike,Marathahalli,Jayanagar,35.0,100.0,Not Applicable,Not Applicable,No,Not Applicable,483,UPI,24,4.6,4.6
2024-07-30 04:37:00,CNR1835005953,Canceled by Driver,CID640852,eBike,Jayanagar,Devanahalli,,,Not Applicable,Customer related issue,Not Applicable,Not Applicable,581,Not Applicable,0,,
2024-07-15 16:05:00,CNR7088150659,Success,CID307509,Prime Plus,Bannerghatta Road,KR Puram,35.0,60.0,Not Applicable,Not Applicable,No,Not Applicable,492,UPI,2,4.8,4.7
2024-07-29 01:05:00,CNR9598306758,Canceled by Driver,CID374110,Prime SUV,Rajajinagar,Kadugodi,,,Not Applicable,More than permitted people in there,Not Applicable,Not Applicable,970,Not Applicable,0,,
2024-07-23 12:45:00,CNR5054045390,Canceled by Driver,CID295525,Auto,Kengeri,Cox Town,,,Not Applicable,More than permitted people in there,Not Applicable,Not Applicable,421,Not Applicable,0,,
2024-07-30 05:08:00,CNR4542348100,Success,CID401186,eBike,Sarjapur Road,Chickpet,196.0,55.0,Not Applicable,Not Applicable,No,Not Applicable,184,Cash,11,3.1,3.2
2024-07-04 19:50:00,CNR9756343399,Success,CID882705,eBike,Rajajinagar,Richmond Town,84.0,25.0,Not Applicable,Not Applicable,No,Not Applicable,320,UPI,10,3.7,3.5
2024-07-18 07:49:00,CNR4665900528,Success,CID604167,Bike,Yelahanka,Electronic City,175.0,145.0,Not Applicable,Not Applicable,No,Not Applicable,479,UPI,38,3.4,3.5
2024-07-21 18:15:00,CNR6400183837,Driver Not Found,CID988024,Prime Plus,Kadugodi,Yeshwanthpur,,,Not Applicable,Not Applicable,Not Applicable,Not Applicable,473,Not Applicable,0,,
2024-07-08 05:24:00,CNR1365708031,Success,CID791577,Prime Sedan,Basavanagudi,Sahakar Nagar,189.0,85.0,Not Applicable,Not Applicable,No,Not Applicable,242,UPI,24,3.9,4.5
2024-07-13 19:20:00,CNR9813304551,Success,CID138661,Prime Sedan,KR Puram,Kammanahalli,224.0,145.0,Not Applicable,Not Applicable,No,Not Applicable,329,Cash,15,4.9,4.3
2024-07-19 01:05:00,CNR5299392903,Driver Not Found,CID377595,Mini,Magadi Road,Indiranagar,,,Not Applicable,Not Applicable,Not Applicable,Not Applicable,297,Not Applicable,0,,
2024-07-24 07:50:00,CNR9939019341,Success,CID603549,Prime Sedan,KR Puram,Jayanagar,238.0,55.0,Not Applicable,Not Applicable,No,Not Applicable,361,Cash,11,3.2,4.9
2024-07-24 08:47:00,CNR2173054654,Success,CID862174,Bike,Jayanagar,Peenya,56.0,40.0,Not Applicable,Not Applicable,No,Not Applicable,457,UPI,46,4.8,3.4
2024-07-24 01:59:00,CNR1282168303,Success,CID175394,Prime Sedan,Richmond Town,Yelahanka,259.0,110.0,Not Applicable,Not Applicable,No,Not Applicable,485,Cash,29,4.3,4.4
2024-07-02 03:29:00,CNR8500110554,Canceled by Customer,CID813084,eBike,Langford Town,Peenya,,,Driver asked to cancel,Not Applicable,Not Applicable,Not Applicable,199,Not Applicable,0,,
2024-07-27 06:28:00,CNR1970218421,Success,CID984023,Bike,Varthur,Rajajinagar,280.0,140.0,Not Applicable,Not Applicable,No,Not Applicable,466,UPI,14,4.7,4.1
2024-07-21 22:39:00,CNR2185395840,Success,CID810184,Auto,Marathahalli,Richmond Town,154.0,115.0,Not Applicable,Not Applicable,No,Not Applicable,421,UPI,19,4.8,3.6
2024-07-28 08:02:00,CNR4382817929,Success,CID304733,Prime Sedan,Hebbal,Marathahalli,182.0,90.0,Not Applicable,Not Applicable,Yes,Vehicle Breakdown,353,Cash,3,5.0,4.8
2024-07-26 16:34:00,CNR9314230273,Driver Not Found,CID563941,Bike,Indiranagar,Shivajinagar,,,Not Applicable,Not Applicable,Not Applicable,Not Applicable,921,Not Applicable,0,,
2024-07-03 13:44:00,CNR1423931765,Canceled by Customer,CID573696,Prime Plus,Whitefield,Frazer Town,,,Change of plans,Not Applicable,Not Applicable,Not Applicable,117,Not Applicable,0,,
2024-07-04 20:08:00,CNR1622505210,Driver Not Found,CID262738,Prime SUV,Padmanabhanagar,Magadi Road,,,Not Applicable,Not Applicable,Not Applicable,Not Applicable,184,Not Applicable,0,,
2024-07-04 17:24:00,CNR2718246577,Success,CID567525,Prime SUV,Kengeri,Chickpet,189.0,90.0,Not Applicable,Not Applicable,No,Not Applicable,498,UPI,48,4.7,3.9
2024-07-07 05:43:00,CNR3362177649,Canceled by Driver,CID902189,Bike,Devanahalli,Sahakar Nagar,,,Not Applicable,Customer related issue,Not Applicable,Not Applicable,759,Not Applicable,0,,
2024-07-26 00:41:00,CNR9669870895,Success,CID607935,Prime Sedan,Hebbal,Koramangala,196.0,70.0,Not Applicable,Not Applicable,No,Not Applicable,119,Debit Card,1,3.0,4.6
2024-07-19 13:14:00,CNR3093988133,Success,CID328844,Bike,Magadi Road,Devanahalli,84.0,85.0,Not Applicable,Not Applicable,No,Not Applicable,496,Cash,35,3.8,3.6
2024-07-15 01:05:00,CNR3804640169,Success,CID707597,Prime Sedan,Rajajinagar,RT Nagar,224.0,40.0,Not Applicable,Not Applicable,No,Not Applicable,149,UPI,19,3.0,4.7
2024-07-26 06:30:00,CNR4522090819,Success,CID400328,Prime SUV,BTM Layout,Varthur,175.0,35.0,Not Applicable,Not Applicable,No,Not Applicable,1880,Cash,41,3.7,3.1
2024-07-24 06:49:00,CNR2054254093,Success,CID631279,Auto,Electronic City,Hosur Road,70.0,45.0,Not Applicable,Not Applicable,No,Not Applicable,639,UPI,11,3.0,4.6
2024-07-21 09:02:00,CNR3758198788,Success,CID209963,Prime Plus,Rajajinagar,Bannerghatta Road,77.0,45.0,Not Applicable,Not Applicable,No,Not Applicable,237,Cash,5,3.2,3.4
2024-07-12 21:09:00,CNR4638773218,Success,CID497761,eBike,Ulsoor,Frazer Town,287.0,60.0,Not Applicable,Not Applicable,No,Not Applicable,374,UPI,9,4.1,4.3
2024-07-24 23:38:00,CNR6280694667,Success,CID310531,Auto,Electronic City,Jayanagar,119.0,115.0,Not Applicable,Not Applicable,No,Not Applicable,990,UPI,18,3.7,4.1
2024-07-09 01:00:00,CNR5133001618,Canceled by Customer,CID805387,eBike,Majestic,Richmond Town,,,AC is Not working,Not Applicable,Not Applicable,Not Applicable,1157,Not Applicable,0,,
2024-07-18 06:46:00,CNR3242122939,Success,CID732122,Prime Sedan,Chickpet,Ramamurthy Nagar,119.0,30.0,Not Applicable,Not Applicable,No,Not Applicable,337,Cash,20,4.5,4.5
2024-07-26 20:52:00,CNR2819794243,Canceled by Customer,CID525583,Prime SUV,Yelahanka,Kadugodi,,,Change of plans,Not Applicable,Not Applicable,Not Applicable,284,Not Applicable,0,,
2024-07-08 22:14:00,CNR7301862370,Success,CID595303,Bike,Ulsoor,Yelahanka,119.0,90.0,Not Applicable,Not Applicable,No,Not Applicable,2652,Cash,10,4.3,3.5
2024-07-08 14:43:00,CNR8392214124,Success,CID850924,Bike,Bellandur,Nagarbhavi,63.0,55.0,Not Applicable,Not Applicable,No,Not Applicable,754,Cash,1,4.3,3.6
2024-07-07 02:45:00,CNR7567746075,Success,CID109887,Mini,KR Puram,Sahakar Nagar,154.0,70.0,Not Applicable,Not Applicable,No,Not Applicable,170,UPI,28,3.8,3.0
2024-07-27 09:21:00,CNR9788035097,Success,CID777714,Prime Sedan,Kammanahalli,Banashankari,280.0,70.0,Not Applicable,Not Applicable,No,Not Applicable,331,Credit Card,3,3.9,3.3
2024-07-22 09:46:00,CNR1165503680,Success,CID842782,Mini,Malleshwaram,Cox Town,182.0,125.0,Not Applicable,Not Applicable,No,Not Applicable,339,Cash,5,4.5,3.3
2024-07-21 19:48:00,CNR5968873729,Success,CID975206,eBike,Chickpet,Rajarajeshwari Nagar,182.0,115.0,Not Applicable,Not Applicable,No,Not Applicable,184,UPI,32,4.5,4.6
2024-07-22 07:08:00,CNR7992175317,Success,CID627461,Prime Sedan,Rajajinagar,Indiranagar,189.0,45.0,Not Applicable,Not Applicable,No,Not Applicable,399,UPI,1,4.4,4.9
2024-07-25 03:37:00,CNR1779499517,Success,CID983201,Prime Plus,Magadi Road,Rajajinagar,224.0,35.0,Not Applicable,Not Applicable,No,Not Applicable,298,UPI,7,4.1,3.3
2024-07-30 15:04:00,CNR8909258549,Canceled by Customer,CID167259,Bike,Shivajinagar,JP Nagar,,,Change of plans,Not Applicable,Not Applicable,Not Applicable,132,Not Applicable,0,,
2024-07-22 18:43:00,CNR3068929952,Canceled by Driver,CID685661,Bike,Kengeri,Indiranagar,,,Not Applicable,Personal & Car related issue,Not Applicable,Not Applicable,976,Not Applicable,0,,
2024-07-08 14:41:00,CNR2823137657,Success,CID528813,Prime Sedan,JP Nagar,Chamarajpet,294.0,135.0,Not Applicable,Not Applicable,No,Not Applicable,121,UPI,36,4.1,3.1
2024-07-22 20:09:00,CNR1445108531,Success,CID805315,Auto,Jayanagar,Hulimavu,70.0,35.0,Not Applicable,Not Applicable,No,Not Applicable,203,Cash,5,3.6,3.8
2024-07-27 22:24:00,CNR2470646645,Success,CID372154,Prime Plus,Nagarbhavi,Bellandur,126.0,105.0,Not Applicable,Not Applicable,No,Not Applicable,485,Cash,32,4.6,4.8
2024-07-22 08:50:00,CNR5253877913,Success,CID155010,eBike,Nagarbhavi,Varthur,133.0,50.0,Not Applicable,Not Applicable,No,Not Applicable,235,UPI,28,4.5,3.2
2024-07-28 13:47:00,CNR5888706021,Canceled by Customer,CID225292,Auto,Langford Town,Yeshwanthpur,,,Driver is not moving towards pickup location,Not Applicable,Not Applicable,Not Applicable,489,Not Applicable,0,,
2024-07-04 14:32:00,CNR1719299832,Success,CID621314,Auto,Peenya,Frazer Town,273.0,110.0,Not Applicable,Not Applicable,No,Not Applicable,1593,UPI,19,3.2,4.9
2024-07-03 09:07:00,CNR7554251475,Success,CID545823,eBike,Langford Town,Bellandur,147.0,55.0,Not Applicable,Not Applicable,No,Not Applicable,276,Cash,27,4.6,4.6
2024-07-10 18:26:00,CNR3902555636,Success,CID711769,Prime SUV,Kengeri,Frazer Town,84.0,110.0,Not Applicable,Not Applicable,No,Not Applicable,192,UPI,46,3.1,4.5
2024-07-01 03:45:00,CNR9403893885,Canceled by Driver,CID760901,eBike,Electronic City,Magadi Road,,,Not Applicable,Personal & Car related issue,Not Applicable,Not Applicable,393,Not Applicable,0,,
2024-07-08 10:31:00,CNR3223908941,Canceled by Driver,CID512548,Auto,Kadugodi,Sahakar Nagar,,,Not Applicable,Customer was coughing/sick,Not Applicable,Not Applicable,430,Not Applicable,0,,
2024-07-06 21:07:00,CNR3749994506,Success,CID157366,Prime Plus,Bannerghatta Road,Hulimavu,280.0,100.0,Not Applicable,Not Applicable,No,Not Applicable,788,Cash,12,3.3,3.2
2024-07-26 19:29:00,CNR6149595359,Success,CID860342,Mini,Bellandur,Sahakar Nagar,196.0,35.0,Not Applicable,Not Applicable,No,Not Applicable,444,Cash,19,3.8,3.3
2024-07-11 04:36:00,CNR5183673763,Success,CID375648,Mini,BTM Layout,Cox Town,217.0,95.0,Not Applicable,Not Applicable,No,Not Applicable,288,Cash,46,3.6,3.8
2024-07-29 17:23:00,CNR4889925146,Driver Not Found,CID270332,Bike,HSR Layout,Magadi Road,,,Not Applicable,Not Applicable,Not Applicable,Not Applicable,189,Not Applicable,0,,
2024-07-01 21:38:00,CNR3583337725,Success,CID717220,Prime SUV,JP Nagar,JP Nagar,217.0,125.0,Not Applicable,Not Applicable,No,Not Applicable,373,Cash,18,4.2,3.7
2024-07-13 02:21:00,CNR4502410684,Canceled by Customer,CID346948,Prime SUV,Hebbal,Hulimavu,,,Driver is not moving towards pickup location,Not Applicable,Not Applicable,Not Applicable,396,Not Applicable,0,,
2024-07-24 02:32:00,CNR9252772922,Success,CID692872,Bike,Frazer Town,Kammanahalli,105.0,70.0,Not Applicable,Not Applicable,No,Not Applicable,100,Cash,27,4.3,3.8
2024-07-28 07:45:00,CNR2365249978,Success,CID602137,Bike,Basavanagudi,Kadugodi,238.0,40.0,Not Applicable,Not Applicable,No,Not Applicable,370,UPI,12,4.9,5.0
2024-07-26 07:03:00,CNR7367254130,Success,CID576836,Auto,Frazer Town,Yeshwanthpur,217.0,135.0,Not Applicable,Not Applicable,No,Not Applicable,244,UPI,11,5.0,3.8
2024-07-23 16:34:00,CNR8342496943,Success,CID666668,eBike,Banashankari,Majestic,287.0,45.0,Not Applicable,Not Applicable,No,Not Applicable,773,UPI,45,3.7,3.1
2024-07-06 18:58:00,CNR4046502270,Success,CID566355,Bike,Sahakar Nagar,Shantinagar,77.0,110.0,Not Applicable,Not Applicable,No,Not Applicable,367,UPI,10,4.7,3.4
2024-07-04 03:37:00,CNR8741473666,Success,CID518807,Auto,Hulimavu,Jayanagar,266.0,140.0,Not Applicable,Not Applicable,No,Not Applicable,230,UPI,3,4.5,3.4
2024-07-09 13:18:00,CNR8192488161,Canceled by Customer,CID866028,Prime SUV,Jayanagar,Jayanagar,,,Wrong Address,Not Applicable,Not Applicable,Not Applicable,612,Not Applicable,0,,
2024-07-18 13:05:00,CNR7890526538,Success,CID661626,Bike,RT Nagar,Magadi Road,77.0,110.0,Not Applicable,Not Applicable,No,Not Applicable,2503,Cash,2,3.7,3.9
2024-07-27 01:52:00,CNR1654334389,Canceled by Driver,CID736726,Prime SUV,Sahakar Nagar,Shivajinagar,,,Not Applicable,Personal & Car related issue,Not Applicable,Not Applicable,142,Not Applicable,0,,
2024-07-24 10:29:00,CNR9592641105,Canceled by Driver,CID537406,Bike,Cox Town,Peenya,,,Not Applicable,Customer related issue,Not Applicable,Not Applicable,712,Not Applicable,0,,
2024-07-04 01:13:00,CNR5406268754,Success,CID669735,Mini,Basavanagudi,Chickpet,175.0,55.0,Not Applicable,Not Applicable,No,Not Applicable,177,UPI,18,4.0,4.9
2024-07-02 03:31:00,CNR6676298871,Success,CID697083,Prime Plus,Hennur,Sarjapur Road,91.0,40.0,Not Applicable,Not Applicable,No,Not Applicable,128,Cash,12,4.2,3.8
2024-07-17 08:57:00,CNR2354892292,Success,CID193784,Prime SUV,Ramamurthy Nagar,Chamarajpet,301.0,35.0,Not Applicable,Not Applicable,No,Not Applicable,202,Cash,10,4.0,3.3
2024-07-18 18:48:00,CNR2889755948,Canceled by Customer,CID752000,Prime Plus,Bannerghatta Road,BTM Layout,,,Driver asked to cancel,Not Applicable,Not Applicable,Not Applicable,744,Not Applicable,0,,
2024-07-01 15:54:00,CNR9905069763,Success,CID560053,eBike,JP Nagar,Richmond Town,91.0,90.0,Not Applicable,Not Applicable,No,Not Applicable,228,Cash,26,3.4,3.6
2024-07-13 23:21:00,CNR4698033316,Canceled by Customer,CID137868,eBike,Bellandur,Nagarbhavi,,,AC is Not working,Not Applicable,Not Applicable,Not Applicable,316,Not Applicable,0,,
2024-07-09 23:24:00,CNR9432683003,Canceled by Driver,CID302096,Prime Sedan,Peenya,Devanahalli,,,Not Applicable,More than permitted people in there,Not Applicable,Not Applicable,345,Not Applicable,0,,
2024-07-09 13:52:00,CNR8087699064,Canceled by Customer,CID764151,Prime Sedan,Rajajinagar,Ramamurthy Nagar,,,Driver is not moving towards pickup location,Not Applicable,Not Applicable,Not Applicable,183,Not Applicable,0,,
2024-07-17 20:12:00,CNR3386618922,Canceled by Driver,CID656386,Mini,Hennur,Devanahalli,,,Not Applicable,Personal & Car related issue,Not Applicable,Not Applicable,417,Not Applicable,0,,
2024-07-12 11:48:00,CNR3347040498,Canceled by Driver,CID440010,Bike,Devanahalli,Koramangala,,,Not Applicable,Customer related issue,Not Applicable,Not Applicable,2221,Not Applicable,0,,
2024-07-25 09:03:00,CNR8298900602,Driver Not Found,CID403472,Prime Sedan,Sahakar Nagar,Peenya,,,Not Applicable,Not Applicable,Not Applicable,Not Applicable,135,Not Applicable,0,,
2024-07-04 15:56:00,CNR8118157485,Canceled by Driver,CID549197,eBike,Kadugodi,RT Nagar,,,Not Applicable,Customer related issue,Not Applicable,Not Applicable,138,Not Applicable,0,,
2024-07-05 23:47:00,CNR3011797585,Canceled by Customer,CID752210,Mini,Cox Town,Kammanahalli,,,Driver is not moving towards pickup location,Not Applicable,Not Applicable,Not Applicable,658,Not Applicable,0,,
2024-07-26 17:37:00,CNR6967580212,Canceled by Driver,CID555411,Prime Sedan,Langford Town,Banashankari,,,Not Applicable,Customer was coughing/sick,Not Applicable,Not Applicable,911,Not Applicable,0,,
2024-07-16 16:16:00,CNR3973564818,Success,CID680660,eBike,Devanahalli,BTM Layout,273.0,145.0,Not Applicable,Not Applicable,No,Not Applicable,183,UPI,31,4.9,4.2
2024-07-12 10:44:00,CNR1913366892,Driver Not Found,CID897577,Auto,Langford Town,Nagarbhavi,,,Not Applicable,Not Applicable,Not Applicable,Not Applicable,102,Not Applicable,0,,
2024-07-01 10:40:00,CNR3632749285,Success,CID341618,Bike,Electronic City,Varthur,154.0,100.0,Not Applicable,Not Applicable,Yes,Vehicle Breakdown,468,UPI,15,4.9,3.1
2024-07-03 19:09:00,CNR5200049319,Canceled by Driver,CID997270,Bike,Yelahanka,Vijayanagar,,,Not Applicable,Customer related issue,Not Applicable,Not Applicable,2660,Not Applicable,0,,
2024-07-06 14:11:00,CNR3384901657,Success,CID872880,Mini,Indiranagar,Rajarajeshwari Nagar,217.0,60.0,Not Applicable,Not Applicable,No,Not Applicable,1723,UPI,20,4.4,3.0
2024-07-24 22:19:00,CNR8492457896,Success,CID984088,Mini,Nagarbhavi,Chickpet,266.0,70.0,Not Applicable,Not Applicable,No,Not Applicable,355,UPI,30,3.5,4.6
2024-07-10 01:10:00,CNR2441406691,Success,CID389462,Prime Sedan,Chickpet,Jayanagar,287.0,45.0,Not Applicable,Not Applicable,No,Not Applicable,273,Cash,31,3.0,3.2
2024-07-25 05:06:00,CNR5807838197,Canceled by Driver,CID564383,Prime Sedan,Sahakar Nagar,Hennur,,,Not Applicable,More than permitted people in there,Not Applicable,Not Applicable,519,Not Applicable,0,,
2024-07-02 06:31:00,CNR9261982009,Success,CID168144,Mini,Jayanagar,HSR Layout,182.0,55.0,Not Applicable,Not Applicable,No,Not Applicable,362,Cash,37,4.4,4.2
2024-07-04 15:08:00,CNR2777831491,Success,CID985183,Prime Sedan,Hebbal,Sahakar Nagar,35.0,70.0,Not Applicable,Not Applicable,No,Not Applicable,659,UPI,48,4.6,3.6
2024-07-03 05:38:00,CNR9955876831,Success,CID545949,Auto,Electronic City,Bannerghatta Road,273.0,120.0,Not Applicable,Not Applicable,No,Not Applicable,392,Cash,10,3.7,4.6
2024-07-28 00:44:00,CNR1745116952,Success,CID997245,Bike,Yeshwanthpur,Richmond Town,203.0,60.0,Not Applicable,Not Applicable,No,Not Applicable,304,Debit Card,42,4.6,3.1
2024-07-07 06:57:00,CNR1137859674,Success,CID696665,Auto,Padmanabhanagar,Malleshwaram,308.0,65.0,Not Applicable,Not Applicable,No,Not Applicable,989,Cash,19,4.9,3.1
2024-07-08 07:39:00,CNR7243246801,Success,CID581511,Prime Sedan,Banashankari,Malleshwaram,147.0,105.0,Not Applicable,Not Applicable,No,Not Applicable,513,Cash,42,3.2,3.7
2024-07-22 04:14:00,CNR9004859610,Driver Not Found,CID328080,eBike,Hebbal,Whitefield,,,Not Applicable,Not Applicable,Not Applicable,Not Applicable,280,Not Applicable,0,,
2024-07-15 07:53:00,CNR7941980013,Success,CID697322,Auto,HSR Layout,Basavanagudi,273.0,75.0,Not Applicable,Not Applicable,No,Not Applicable,786,Cash,13,3.1,3.2
2024-07-04 10:22:00,CNR5691572425,Success,CID787069,Bike,Basavanagudi,Whitefield,84.0,125.0,Not Applicable,Not Applicable,No,Not Applicable,334,UPI,26,4.6,4.2
2024-07-09 07:36:00,CNR3657843040,Canceled by Driver,CID762399,eBike,BTM Layout,Ulsoor,,,Not Applicable,Personal & Car related issue,Not Applicable,Not Applicable,642,Not Applicable,0,,
2024-07-06 17:37:00,CNR4374274436,Canceled by Driver,CID843672,Prime SUV,Basavanagudi,Shantinagar,,,Not Applicable,Personal & Car related issue,Not Applicable,Not Applicable,564,Not Applicable,0,,
2024-07-17 03:34:00,CNR4726610580,Driver Not Found,CID355389,Prime Plus,Sahakar Nagar,KR Puram,,,Not Applicable,Not Applicable,Not Applicable,Not Applicable,478,Not Applicable,0,,
2024-07-06 22:15:00,CNR6768505428,Success,CID741557,Bike,Langford Town,Richmond Town,168.0,110.0,Not Applicable,Not Applicable,No,Not Applicable,606,UPI,34,4.5,4.7
2024-07-12 13:41:00,CNR1689482008,Success,CID831897,eBike,Padmanabhanagar,Hosur Road,140.0,130.0,Not Applicable,Not Applicable,No,Not Applicable,238,Cash,10,3.5,4.7
2024-07-17 21:43:00,CNR6880861108,Success,CID740965,eBike,Jayanagar,Electronic City,217.0,35.0,Not Applicable,Not Applicable,No,Not Applicable,811,Credit Card,47,3.9,4.6
2024-07-10 17:41:00,CNR5711751172,Success,CID934389,Mini,Jayanagar,Devanahalli,133.0,90.0,Not Applicable,Not Applicable,No,Not Applicable,1579,Cash,24,4.9,4.3
2024-07-28 03:09:00,CNR2261005643,Success,CID248672,Prime Plus,BTM Layout,Magadi Road,140.0,135.0,Not Applicable,Not Applicable,No,Not Applicable,262,Cash,35,4.1,3.4
2024-07-18 07:30:00,CNR9907423249,Success,CID324103,Prime Sedan,BTM Layout,Frazer Town,175.0,75.0,Not Applicable,Not Applicable,No,Not Applicable,646,Cash,36,4.5,3.2
2024-07-19 20:30:00,CNR4635748881,Canceled by Driver,CID708985,Prime Plus,Basavanagudi,Langford Town,,,Not Applicable,Personal & Car related issue,Not Applicable,Not Applicable,892,Not Applicable,0,,
2024-07-03 06:55:00,CNR7100677800,Success,CID298958,Prime Sedan,Richmond Town,Hosur Road,84.0,85.0,Not Applicable,Not Applicable,No,Not Applicable,117,UPI,32,4.0,4.4
2024-07-13 04:22:00,CNR8329005192,Canceled by Customer,CID132352,eBike,KR Puram,Hulimavu,,,AC is Not working,Not Applicable,Not Applicable,Not Applicable,459,Not Applicable,0,,
2024-07-25 06:06:00,CNR1082545563,Success,CID292256,Prime Sedan,Malleshwaram,Indiranagar,84.0,125.0,Not Applicable,Not Applicable,No,Not Applicable,442,UPI,41,3.6,4.9
2024-07-23 16:43:00,CNR4052337893,Canceled by Driver,CID420309,Prime Plus,Devanahalli,Kammanahalli,,,Not Applicable,Personal & Car related issue,Not Applicable,Not Applicable,499,Not Applicable,0,,
2024-07-23 08:45:00,CNR2068998931,Success,CID834107,Mini,Shivajinagar,Hennur,196.0,45.0,Not Applicable,Not Applicable,No,Not Applicable,201,Cash,32,4.1,3.1
2024-07-14 01:18:00,CNR7846949760,Success,CID212979,Bike,Langford Town,Frazer Town,35.0,135.0,Not Applicable,Not Applicable,No,Not Applicable,719,UPI,3,4.9,4.6
2024-07-05 14:47:00,CNR4029729645,Success,CID697271,eBike,Sahakar Nagar,Hennur,42.0,125.0,Not Applicable,Not Applicable,No,Not Applicable,414,Cash,37,4.9,4.5
2024-07-17 22:27:00,CNR4644849131,Canceled by Driver,CID668058,Prime Plus,Chickpet,KR Puram,,,Not Applicable,Personal & Car related issue,Not Applicable,Not Applicable,188,Not Applicable,0,,
2024-07-28 10:00:00,CNR3331459278,Success,CID277551,Auto,Kammanahalli,Shantinagar,98.0,85.0,Not Applicable,Not Applicable,No,Not Applicable,298,UPI,6,3.9,4.7
2024-07-02 08:41:00,CNR7624983957,Success,CID592411,Prime SUV,Tumkur Road,Basavanagudi,182.0,105.0,Not Applicable,Not Applicable,No,Not Applicable,301,UPI,40,3.9,4.0
2024-07-28 20:46:00,CNR7209942473,Success,CID765823,Prime SUV,Devanahalli,Majestic,266.0,120.0,Not Applicable,Not Applicable,No,Not Applicable,316,UPI,18,4.3,3.0
2024-07-08 19:55:00,CNR8449385069,Success,CID251412,Bike,Frazer Town,Chickpet,280.0,135.0,Not Applicable,Not Applicable,No,Not Applicable,178,UPI,37,3.8,4.7
2024-07-21 10:28:00,CNR7243420890,Canceled by Customer,CID313774,eBike,Bellandur,JP Nagar,,,Driver asked to cancel,Not Applicable,Not Applicable,Not Applicable,237,Not Applicable,0,,
2024-07-10 08:16:00,CNR4693712423,Canceled by Driver,CID136784,Prime SUV,Cox Town,Langford Town,,,Not Applicable,Personal & Car related issue,Not Applicable,Not Applicable,326,Not Applicable,0,,
2024-07-06 09:12:00,CNR8947615565,Success,CID107939,Prime Sedan,Jayanagar,Tumkur Road,84.0,60.0,Not Applicable,Not Applicable,No,Not Applicable,233,UPI,15,4.8,3.5
2024-07-07 02:21:00,CNR3892337469,Canceled by Customer,CID569196,Prime Sedan,Frazer Town,Whitefield,,,Driver asked to cancel,Not Applicable,Not Applicable,Not Applicable,330,Not Applicable,0,,
2024-07-12 16:09:00,CNR2469797454,Success,CID642417,Prime Sedan,Whitefield,Kammanahalli,133.0,25.0,Not Applicable,Not Applicable,No,Not Applicable,301,Cash,10,3.3,3.5
2024-07-04 03:16:00,CNR4348046220,Success,CID222536,Bike,Shantinagar,Richmond Town,119.0,60.0,Not Applicable,Not Applicable,Yes,Vehicle Breakdown,361,Cash,31,3.2,4.7
2024-07-25 15:19:00,CNR9831119248,Success,CID160359,Prime SUV,Yelahanka,Kadugodi,133.0,25.0,Not Applicable,Not Applicable,No,Not Applicable,274,Cash,9,3.9,3.7
2024-07-13 01:11:00,CNR7241933726,Driver Not Found,CID211476,Auto,Shantinagar,Hennur,,,Not Applicable,Not Applicable,Not Applicable,Not Applicable,487,Not Applicable,0,,
2024-07-23 08:44:00,CNR7640194520,Success,CID893760,Prime Sedan,Yelahanka,Malleshwaram,126.0,100.0,Not Applicable,Not Applicable,No,Not Applicable,430,Cash,37,4.1,4.3
2024-07-06 10:10:00,CNR2709511819,Canceled by Customer,CID826437,Bike,Shantinagar,Yelahanka,,,Driver asked to cancel,Not Applicable,Not Applicable,Not Applicable,947,Not Applicable,0,,
2024-07-24 23:58:00,CNR5322095575,Success,CID138822,Mini,Bannerghatta Road,Rajarajeshwari Nagar,91.0,55.0,Not Applicable,Not Applicable,No,Not Applicable,236,Cash,19,3.3,3.9
2024-07-16 02:48:00,CNR5222298627,Success,CID979160,Bike,Mysore Road,Sarjapur Road,105.0,80.0,Not Applicable,Not Applicable,No,Not Applicable,307,UPI,6,4.3,4.4
2024-07-09 13:50:00,CNR5116263375,Success,CID741833,Prime Sedan,Bellandur,Basavanagudi,98.0,130.0,Not Applicable,Not Applicable,No,Not Applicable,2925,Cash,9,3.6,4.3
2024-07-13 00:22:00,CNR7445542454,Driver Not Found,CID463698,Mini,Mysore Road,Rajarajeshwari Nagar,,,Not Applicable,Not Applicable,Not Applicable,Not Applicable,486,Not Applicable,0,,
2024-07-03 00:29:00,CNR7124008651,Success,CID938638,eBike,Cox Town,Mysore Road,56.0,90.0,Not Applicable,Not Applicable,No,Not Applicable,264,UPI,25,4.6,3.7
2024-07-18 01:34:00,CNR5216821943,Canceled by Customer,CID394209,Prime Plus,Shivajinagar,Peenya,,,Driver asked to cancel,Not Applicable,Not Applicable,Not Applicable,531,Not Applicable,0,,
2024-07-27 00:33:00,CNR6343048640,Success,CID451333,Auto,Banashankari,Frazer Town,49.0,35.0,Not Applicable,Not Applicable,No,Not Applicable,481,UPI,15,4.3,3.0
2024-07-13 22:28:00,CNR2569938118,Driver Not Found,CID575630,Bike,Sarjapur Road,Kengeri,,,Not Applicable,Not Applicable,Not Applicable,Not Applicable,596,Not Applicable,0,,
2024-07-19 00:34:00,CNR1429595755,Driver Not Found,CID817293,Prime Sedan,HSR Layout,Malleshwaram,,,Not Applicable,Not Applicable,Not Applicable,Not Applicable,538,Not Applicable,0,,
2024-07-03 11:31:00,CNR2914891847,Driver Not Found,CID856124,Prime SUV,Langford Town,BTM Layout,,,Not Applicable,Not Applicable,Not Applicable,Not Applicable,145,Not Applicable,0,,
2024-07-25 05:32:00,CNR4024481361,Driver Not Found,CID775697,Mini,Sahakar Nagar,Majestic,,,Not Applicable,Not Applicable,Not Applicable,Not Applicable,385,Not Applicable,0,,
2024-07-19 17:08:00,CNR6325950266,Driver Not Found,CID820080,Prime Sedan,Malleshwaram,Rajarajeshwari Nagar,,,Not Applicable,Not Applicable,Not Applicable,Not Applicable,106,Not Applicable,0,,
2024-07-15 21:46:00,CNR1802723619,Success,CID863740,Prime Sedan,Majestic,Whitefield,189.0,125.0,Not Applicable,Not Applicable,No,Not Applicable,437,UPI,1,3.0,3.6
2024-07-17 04:47:00,CNR9640093763,Canceled by Driver,CID297405,Auto,Hosur Road,Ramamurthy Nagar,,,Not Applicable,More than permitted people in there,Not Applicable,Not Applicable,353,Not Applicable,0,,
2024-07-24 00:13:00,CNR8765844500,Success,CID102899,Prime Plus,Langford Town,Devanahalli,280.0,100.0,Not Applicable,Not Applicable,No,Not Applicable,640,UPI,27,4.8,3.7
2024-07-15 20:34:00,CNR8759899071,Canceled by Customer,CID517683,Prime Sedan,BTM Layout,Electronic City,,,Driver is not moving towards pickup location,Not Applicable,Not Applicable,Not Applicable,782,Not Applicable,0,,
2024-07-23 13:10:00,CNR3977160607,Success,CID198587,eBike,Nagarbhavi,Banashankari,266.0,140.0,Not Applicable,Not Applicable,No,Not Applicable,188,UPI,10,3.1,4.3
2024-07-09 13:20:00,CNR5202041490,Success,CID105553,eBike,Rajarajeshwari Nagar,JP Nagar,49.0,65.0,Not Applicable,Not Applicable,No,Not Applicable,419,UPI,3,3.8,3.1
2024-07-18 19:11:00,CNR5734265013,Success,CID445783,Bike,Nagarbhavi,BTM Layout,105.0,115.0,Not Applicable,Not Applicable,No,Not Applicable,2348,UPI,4,5.0,3.1
2024-07-04 01:42:00,CNR8455934339,Driver Not Found,CID938458,Bike,Bellandur,Marathahalli,,,Not Applicable,Not Applicable,Not Applicable,Not Applicable,152,Not Applicable,0,,
2024-07-12 05:38:00,CNR3743340481,Success,CID586428,Prime SUV,Vijayanagar,JP Nagar,98.0,40.0,Not Applicable,Not Applicable,No,Not Applicable,772,Cash,13,3.0,4.2
2024-07-01 00:44:00,CNR3380123018,Success,CID601955,Prime SUV,Padmanabhanagar,Yeshwanthpur,119.0,60.0,Not Applicable,Not Applicable,No,Not Applicable,968,UPI,20,3.9,3.1
2024-07-03 14:03:00,CNR7646284786,Success,CID182507,Prime SUV,Hennur,Padmanabhanagar,231.0,45.0,Not Applicable,Not Applicable,No,Not Applicable,130,Cash,44,4.8,4.8
2024-07-13 17:00:00,CNR1696750223,Canceled by Driver,CID649308,Mini,Marathahalli,Basavanagudi,,,Not Applicable,Customer was coughing/sick,Not Applicable,Not Applicable,1232,Not Applicable,0,,
2024-07-03 00:40:00,CNR9257119485,Canceled by Driver,CID182118,Mini,Banashankari,Kammanahalli,,,Not Applicable,Customer related issue,Not Applicable,Not Applicable,237,Not Applicable,0,,
2024-07-25 17:24:00,CNR1532081257,Canceled by Driver,CID277037,Prime Sedan,Whitefield,Basavanagudi,,,Not Applicable,Personal & Car related issue,Not Applicable,Not Applicable,2400,Not Applicable,0,,
2024-07-19 23:22:00,CNR5527692450,Success,CID738324,Prime Sedan,Ulsoor,HSR Layout,196.0,100.0,Not Applicable,Not Applicable,No,Not Applicable,160,UPI,33,4.3,4.4
2024-07-09 06:27:00,CNR7959748940,Success,CID900318,Bike,Kengeri,Hulimavu,245.0,100.0,Not Applicable,Not Applicable,No,Not Applicable,163,Cash,5,4.3,4.4
2024-07-06 23:36:00,CNR6012841624,Success,CID164840,Prime Plus,Frazer Town,Vijayanagar,98.0,55.0,Not Applicable,Not Applicable,No,Not Applicable,2873,Cash,40,3.1,3.7
2024-07-13 19:28:00,CNR9700083266,Canceled by Driver,CID266702,eBike,BTM Layout,Varthur,,,Not Applicable,Customer related issue,Not Applicable,Not Applicable,460,Not Applicable,0,,
2024-07-08 05:07:00,CNR4547546077,Canceled by Driver,CID828729,eBike,Sarjapur Road,Sarjapur Road,,,Not Applicable,Customer related issue,Not Applicable,Not Applicable,773,Not Applicable,0,,
2024-07-28 08:16:00,CNR6083024377,Driver Not Found,CID335551,Bike,Langford Town,Ramamurthy Nagar,,,Not Applicable,Not Applicable,Not Applicable,Not Applicable,277,Not Applicable,0,,
2024-07-18 09:58:00,CNR9894757860,Success,CID302174,Prime Sedan,Basavanagudi,Hosur Road,63.0,85.0,Not Applicable,Not Applicable,No,Not Applicable,198,Cash,40,4.9,4.3
2024-07-05 06:20:00,CNR1494854312,Success,CID918443,Prime Sedan,Malleshwaram,Kammanahalli,175.0,35.0,Not Applicable,Not Applicable,No,Not Applicable,169,UPI,13,3.4,3.5
2024-07-17 15:55:00,CNR8442428205,Canceled by Driver,CID949204,Prime SUV,Kadugodi,Majestic,,,Not Applicable,Customer was coughing/sick,Not Applicable,Not Applicable,263,Not Applicable,0,,
2024-07-12 00:07:00,CNR2050358683,Canceled by Customer,CID493783,Bike,KR Puram,BTM Layout,,,AC is Not working,Not Applicable,Not Applicable,Not Applicable,720,Not Applicable,0,,
2024-07-16 02:20:00,CNR4168663443,Success,CID604248,Prime Sedan,Padmanabhanagar,Padmanabhanagar,259.0,130.0,Not Applicable,Not Applicable,No,Not Applicable,128,Cash,10,3.7,3.1
2024-07-02 13:55:00,CNR4364315665,Success,CID185318,Bike,Basavanagudi,RT Nagar,175.0,55.0,Not Applicable,Not Applicable,No,Not Applicable,942,Cash,29,4.2,3.2
2024-07-30 05:03:00,CNR8513946079,Success,CID362512,Bike,Marathahalli,KR Puram,217.0,135.0,Not Applicable,Not Applicable,No,Not Applicable,1053,UPI,42,4.7,3.5
2024-07-22 06:29:00,CNR2543025549,Canceled by Customer,CID796367,Auto,Ulsoor,Sahakar Nagar,,,Change of plans,Not Applicable,Not Applicable,Not Applicable,357,Not Applicable,0,,
2024-07-22 11:05:00,CNR2459519946,Success,CID716223,Prime Sedan,Malleshwaram,Sarjapur Road,217.0,55.0,Not Applicable,Not Applicable,No,Not Applicable,903,Credit Card,48,3.5,3.2
2024-07-22 16:55:00,CNR8701170970,Driver Not Found,CID955035,eBike,Whitefield,Sahakar Nagar,,,Not Applicable,Not Applicable,Not Applicable,Not Applicable,166,Not Applicable,0,,
2024-07-10 00:33:00,CNR6542685146,Canceled by Driver,CID343417,eBike,Cox Town,Varthur,,,Not Applicable,Personal & Car related issue,Not Applicable,Not Applicable,2154,Not Applicable,0,,
2024-07-15 23:38:00,CNR8783199941,Success,CID349890,Prime SUV,Sahakar Nagar,Yeshwanthpur,42.0,60.0,Not Applicable,Not Applicable,No,Not Applicable,1718,UPI,14,3.9,3.2
2024-07-26 11:11:00,CNR6058619043,Canceled by Customer,CID458784,Bike,Chamarajpet,Peenya,,,Driver asked to cancel,Not Applicable,Not Applicable,Not Applicable,839,Not Applicable,0,,
2024-07-10 01:41:00,CNR4356165381,Success,CID921755,Auto,Banashankari,Hebbal,196.0,40.0,Not Applicable,Not Applicable,No,Not Applicable,733,UPI,4,3.7,4.7
2024-07-19 21:10:00,CNR8407580170,Success,CID424212,Mini,Majestic,RT Nagar,175.0,40.0,Not Applicable,Not Applicable,No,Not Applicable,353,UPI,39,4.5,3.3
2024-07-25 11:49:00,CNR7164206735,Success,CID256347,eBike,Vijayanagar,Richmond Town,273.0,135.0,Not Applicable,Not Applicable,No,Not Applicable,464,Cash,20,3.3,3.0
2024-07-18 09:20:00,CNR2737660340,Success,CID412395,eBike,Tumkur Road,Basavanagudi,91.0,115.0,Not Applicable,Not Applicable,No,Not Applicable,591,Cash,45,3.6,3.7
2024-07-08 12:03:00,CNR6547554783,Success,CID637210,Prime Plus,Magadi Road,Hebbal,105.0,50.0,Not Applicable,Not Applicable,No,Not Applicable,318,UPI,6,3.8,4.0
2024-07-25 05:09:00,CNR1718349499,Success,CID575082,Prime SUV,Padmanabhanagar,Varthur,182.0,70.0,Not Applicable,Not Applicable,No,Not Applicable,475,UPI,13,4.6,4.4
2024-07-14 23:14:00,CNR7307418455,Driver Not Found,CID806262,Prime SUV,Shantinagar,Hosur Road,,,Not Applicable,Not Applicable,Not Applicable,Not Applicable,1978,Not Applicable,0,,
2024-07-05 07:31:00,CNR4626555407,Success,CID936626,Prime SUV,Electronic City,Chamarajpet,266.0,55.0,Not Applicable,Not Applicable,No,Not Applicable,917,UPI,42,3.9,4.9
2024-07-22 07:23:00,CNR3954190882,Canceled by Driver,CID229133,Prime Sedan,Yelahanka,Chamarajpet,,,Not Applicable,Customer related issue,Not Applicable,Not Applicable,176,Not Applicable,0,,
2024-07-03 16:55:00,CNR7929483268,Success,CID906604,Prime Sedan,RT Nagar,Majestic,280.0,110.0,Not Applicable,Not Applicable,No,Not Applicable,217,Cash,5,3.1,4.6
2024-07-13 13:39:00,CNR7304897602,Canceled by Driver,CID951999,Bike,Hosur Road,Varthur,,,Not Applicable,Personal & Car related issue,Not Applicable,Not Applicable,482,Not Applicable,0,,
2024-07-05 03:57:00,CNR1034714469,Canceled by Driver,CID238064,Mini,Majestic,Chamarajpet,,,Not Applicable,Customer was coughing/sick,Not Applicable,Not Applicable,297,Not Applicable,0,,
2024-07-20 11:38:00,CNR1713703753,Success,CID212089,Auto,HSR Layout,Frazer Town,154.0,130.0,Not Applicable,Not Applicable,No,Not Applicable,263,Cash,13,4.3,3.9
2024-07-26 06:13:00,CNR8531040223,Success,CID511515,Prime Sedan,Mysore Road,Yeshwanthpur,294.0,35.0,Not Applicable,Not Applicable,No,Not Applicable,687,Credit Card,36,3.8,4.2
2024-07-14 10:37:00,CNR3827392918,Success,CID874814,Auto,Vijayanagar,Ramamurthy Nagar,287.0,100.0,Not Applicable,Not Applicable,No,Not Applicable,157,UPI,16,3.2,3.2
2024-07-01 16:56:00,CNR9011458811,Canceled by Driver,CID275922,Mini,Kengeri,Mysore Road,,,Not Applicable,More than permitted people in there,Not Applicable,Not Applicable,144,Not Applicable,0,,
2024-07-20 11:00:00,CNR7588088524,Success,CID665788,Mini,Ulsoor,Electronic City,35.0,55.0,Not Applicable,Not Applicable,No,Not Applicable,339,UPI,15,4.3,4.4
2024-07-26 00:58:00,CNR6619392261,Success,CID394689,Prime Sedan,Shivajinagar,Nagarbhavi,210.0,140.0,Not Applicable,Not Applicable,No,Not Applicable,1388,Cash,14,3.1,3.5
2024-07-26 14:21:00,CNR5166651205,Success,CID335520,Prime Sedan,Majestic,Kammanahalli,217.0,130.0,Not Applicable,Not Applicable,No,Not Applicable,214,Cash,39,4.3,3.5
2024-07-10 13:59:00,CNR9759151886,Canceled by Driver,CID256583,Prime Sedan,Kadugodi,Mysore Road,,,Not Applicable,Customer related issue,Not Applicable,Not Applicable,557,Not Applicable,0,,
2024-07-12 23:50:00,CNR1694721420,Driver Not Found,CID641349,Bike,Bellandur,Jayanagar,,,Not Applicable,Not Applicable,Not Applicable,Not Applicable,268,Not Applicable,0,,
2024-07-17 03:05:00,CNR9693979042,Canceled by Driver,CID884807,eBike,RT Nagar,Majestic,,,Not Applicable,More than permitted people in there,Not Applicable,Not Applicable,456,Not Applicable,0,,
2024-07-30 05:31:00,CNR2807182523,Success,CID128370,eBike,Magadi Road,Koramangala,161.0,65.0,Not Applicable,Not Applicable,No,Not Applicable,659,Credit Card,6,3.8,3.8
2024-07-21 00:45:00,CNR7876087637,Success,CID485472,Prime SUV,Whitefield,Yelahanka,49.0,135.0,Not Applicable,Not Applicable,Yes,Vehicle Breakdown,432,Cash,5,3.7,3.8
2024-07-28 14:30:00,CNR7888808504,Canceled by Driver,CID876940,Bike,Kammanahalli,MG Road,,,Not Applicable,Customer related issue,Not Applicable,Not Applicable,843,Not Applicable,0,,
2024-07-07 17:40:00,CNR5938255051,Success,CID254841,eBike,Basavanagudi,Bannerghatta Road,84.0,110.0,Not Applicable,Not Applicable,No,Not Applicable,168,Cash,39,3.2,4.0
2024-07-23 04:16:00,CNR2585895451,Success,CID100043,Auto,BTM Layout,Sarjapur Road,210.0,45.0,Not Applicable,Not Applicable,No,Not Applicable,357,Cash,18,5.0,3.2
2024-07-16 14:31:00,CNR1184594958,Success,CID629482,Prime Plus,Koramangala,Hennur,154.0,30.0,Not Applicable,Not Applicable,No,Not Applicable,382,Cash,14,3.7,3.8
2024-07-29 21:38:00,CNR1972422677,Success,CID561816,Bike,Chamarajpet,Kadugodi,287.0,55.0,Not Applicable,Not Applicable,No,Not Applicable,606,Cash,38,3.7,4.7
2024-07-29 19:48:00,CNR2363243442,Success,CID150885,Mini,Sarjapur Road,Nagarbhavi,238.0,40.0,Not Applicable,Not Applicable,No,Not Applicable,104,Cash,40,4.7,4.2
2024-07-17 14:44:00,CNR3508672205,Success,CID734832,Mini,Padmanabhanagar,Rajarajeshwari Nagar,273.0,45.0,Not Applicable,Not Applicable,No,Not Applicable,403,Cash,8,3.6,4.8
2024-07-07 08:41:00,CNR3156253884,Success,CID454998,Prime Sedan,Kengeri,Ulsoor,245.0,30.0,Not Applicable,Not Applicable,No,Not Applicable,712,UPI,7,3.7,3.8
2024-07-20 23:14:00,CNR8540701676,Success,CID263036,eBike,Langford Town,JP Nagar,77.0,55.0,Not Applicable,Not Applicable,No,Not Applicable,774,UPI,39,4.7,3.7
2024-07-24 05:59:00,CNR1192151622,Canceled by Customer,CID738424,Auto,Rajarajeshwari Nagar,Richmond Town,,,Driver asked to cancel,Not Applicable,Not Applicable,Not Applicable,741,Not Applicable,0,,
2024-07-19 03:14:00,CNR2468425659,Success,CID529191,Prime Sedan,Electronic City,Langford Town,259.0,80.0,Not Applicable,Not Applicable,Yes,Other Issue,873,Cash,32,4.5,3.1
2024-07-14 04:05:00,CNR8285411036,Canceled by Customer,CID173258,Bike,Langford Town,Chickpet,,,Driver asked to cancel,Not Applicable,Not Applicable,Not Applicable,480,Not Applicable,0,,
2024-07-19 14:06:00,CNR6801250336,Success,CID322033,Prime Plus,Sarjapur Road,Frazer Town,196.0,55.0,Not Applicable,Not Applicable,No,Not Applicable,388,Cash,47,4.6,4.6
2024-07-03 17:38:00,CNR4582555990,Driver Not Found,CID595523,eBike,Bellandur,Majestic,,,Not Applicable,Not Applicable,Not Applicable,Not Applicable,219,Not Applicable,0,,
2024-07-05 05:19:00,CNR3433814540,Success,CID706330,eBike,Yelahanka,Indiranagar,35.0,100.0,Not Applicable,Not Applicable,No,Not Applicable,437,Cash,11,3.8,3.0
2024-07-25 11:06:00,CNR9471118240,Canceled by Driver,CID964386,Prime Plus,Shantinagar,Peenya,,,Not Applicable,More than permitted people in there,Not Applicable,Not Applicable,1267,Not Applicable,0,,
2024-07-22 23:43:00,CNR7042373285,Canceled by Driver,CID978014,Mini,Yelahanka,Shantinagar,,,Not Applicable,Customer related issue,Not Applicable,Not Applicable,2426,Not Applicable,0,,
2024-07-20 18:12:00,CNR8632922911,Success,CID558321,eBike,Varthur,Jayanagar,238.0,120.0,Not Applicable,Not Applicable,No,Not Applicable,152,UPI,7,3.7,4.4
2024-07-27 03:44:00,CNR2496773299,Canceled by Driver,CID580314,Prime SUV,Varthur,Devanahalli,,,Not Applicable,Personal & Car related issue,Not Applicable,Not Applicable,352,Not Applicable,0,,
2024-07-23 23:59:00,CNR8156177626,Success,CID152555,Prime SUV,Majestic,Bellandur,91.0,70.0,Not Applicable,Not Applicable,No,Not Applicable,303,UPI,26,3.7,3.5
2024-07-07 19:11:00,CNR8206886934,Success,CID969236,Bike,Shantinagar,Whitefield,42.0,70.0,Not Applicable,Not Applicable,No,Not Applicable,446,Cash,33,3.6,4.8
2024-07-18 05:24:00,CNR3142192975,Canceled by Driver,CID277410,Bike,Hulimavu,Banashankari,,,Not Applicable,Personal & Car related issue,Not Applicable,Not Applicable,252,Not Applicable,0,,
2024-07-02 14:53:00,CNR5357191020,Success,CID448769,Prime Plus,Padmanabhanagar,Yelahanka,301.0,75.0,Not Applicable,Not Applicable,No,Not Applicable,596,Cash,2,4.3,4.5
2024-07-05 08:33:00,CNR2974140325,Canceled by Customer,CID953749,Prime Plus,KR Puram,Majestic,,,Driver asked to cancel,Not Applicable,Not Applicable,Not Applicable,124,Not Applicable,0,,
2024-07-18 06:49:00,CNR5339534352,Canceled by Driver,CID823299,eBike,Shantinagar,Tumkur Road,,,Not Applicable,Customer related issue,Not Applicable,Not Applicable,630,Not Applicable,0,,
2024-07-12 10:19:00,CNR3870656770,Canceled by Customer,CID285942,Prime Plus,Peenya,Hebbal,,,Driver is not moving towards pickup location,Not Applicable,Not Applicable,Not Applicable,136,Not Applicable,0,,
2024-07-05 12:50:00,CNR4296058615,Success,CID175753,Auto,Kengeri,Mysore Road,301.0,100.0,Not Applicable,Not Applicable,No,Not Applicable,228,Cash,1,4.9,3.9
2024-07-30 00:56:00,CNR4609901542,Success,CID483556,Auto,Majestic,Hennur,175.0,90.0,Not Applicable,Not Applicable,No,Not Applicable,180,UPI,16,3.4,4.7
2024-07-22 06:20:00,CNR3297054964,Canceled by Driver,CID527762,eBike,Nagarbhavi,Kadugodi,,,Not Applicable,Customer was coughing/sick,Not Applicable,Not Applicable,408,Not Applicable,0,,
2024-07-01 01:47:00,CNR2354642746,Success,CID910437,Bike,Kadugodi,Sarjapur Road,77.0,65.0,Not Applicable,Not Applicable,No,Not Applicable,361,UPI,1,3.3,3.2
2024-07-22 02:12:00,CNR7816234826,Success,CID337305,Auto,Hulimavu,Jayanagar,308.0,140.0,Not Applicable,Not Applicable,No,Not Applicable,478,Cash,4,3.0,4.4
2024-07-10 19:26:00,CNR7338064233,Success,CID155736,Bike,Marathahalli,Peenya,175.0,25.0,Not Applicable,Not Applicable,Yes,Customer Demand,274,UPI,13,3.7,4.4
2024-07-19 13:01:00,CNR9291899501,Success,CID432098,Prime SUV,BTM Layout,Rajarajeshwari Nagar,91.0,145.0,Not Applicable,Not Applicable,No,Not Applicable,124,Cash,29,3.7,3.2
2024-07-09 17:15:00,CNR3113816942,Canceled by Customer,CID207469,Prime SUV,Tumkur Road,KR Puram,,,Driver is not moving towards pickup location,Not Applicable,Not Applicable,Not Applicable,276,Not Applicable,0,,
2024-07-24 19:42:00,CNR7463111659,Canceled by Driver,CID170365,Prime Sedan,RT Nagar,Ramamurthy Nagar,,,Not Applicable,Customer was coughing/sick,Not Applicable,Not Applicable,149,Not Applicable,0,,
2024-07-27 07:40:00,CNR9306369786,Canceled by Driver,CID412220,eBike,Varthur,Marathahalli,,,Not Applicable,Customer related issue,Not Applicable,Not Applicable,189,Not Applicable,0,,
2024-07-16 21:53:00,CNR6059927252,Success,CID820487,Bike,Bannerghatta Road,Ramamurthy Nagar,252.0,35.0,Not Applicable,Not Applicable,No,Not Applicable,302,UPI,45,3.1,4.4
2024-07-16 05:35:00,CNR2438842545,Success,CID443046,Prime SUV,Frazer Town,Hulimavu,126.0,25.0,Not Applicable,Not Applicable,No,Not Applicable,359,Cash,12,4.3,3.4
2024-07-03 11:34:00,CNR2846040236,Canceled by Customer,CID923339,Prime SUV,Mysore Road,Devanahalli,,,Driver is not moving towards pickup location,Not Applicable,Not Applicable,Not Applicable,2784,Not Applicable,0,,
2024-07-03 11:47:00,CNR2270691226,Success,CID880478,eBike,Koramangala,Koramangala,203.0,65.0,Not Applicable,Not Applicable,No,Not Applicable,122,UPI,41,4.6,3.2
2024-07-15 04:33:00,CNR8936846526,Success,CID649276,Auto,Ulsoor,Majestic,245.0,25.0,Not Applicable,Not Applicable,No,Not Applicable,336,Cash,15,4.3,5.0
2024-07-10 23:52:00,CNR4952587839,Canceled by Driver,CID286057,Mini,KR Puram,Bannerghatta Road,,,Not Applicable,Personal & Car related issue,Not Applicable,Not Applicable,450,Not Applicable,0,,
2024-07-08 03:07:00,CNR4947870174,Canceled by Driver,CID936661,Prime SUV,Ulsoor,Chamarajpet,,,Not Applicable,Customer related issue,Not Applicable,Not Applicable,454,Not Applicable,0,,
2024-07-29 09:20:00,CNR5189843239,Canceled by Driver,CID323728,Prime Plus,Cox Town,Basavanagudi,,,Not Applicable,Personal & Car related issue,Not Applicable,Not Applicable,2286,Not Applicable,0,,
2024-07-27 13:31:00,CNR3462727816,Success,CID124608,Prime SUV,Hulimavu,Jayanagar,119.0,135.0,Not Applicable,Not Applicable,Yes,Vehicle Breakdown,313,Cash,12,3.8,3.3
2024-07-21 09:05:00,CNR3598009517,Success,CID176259,Prime Plus,Banashankari,Vijayanagar,273.0,25.0,Not Applicable,Not Applicable,No,Not Applicable,303,UPI,16,3.9,3.8
2024-07-11 19:05:00,CNR4209106682,Canceled by Customer,CID553736,Auto,Langford Town,Malleshwaram,,,Change of plans,Not Applicable,Not Applicable,Not Applicable,486,Not Applicable,0,,
2024-07-19 20:44:00,CNR4141888071,Success,CID608362,Mini,Chickpet,Koramangala,140.0,130.0,Not Applicable,Not Applicable,No,Not Applicable,117,Cash,2,4.1,3.8
2024-07-17 10:50:00,CNR4490171003,Canceled by Driver,CID662622,Bike,Kammanahalli,Tumkur Road,,,Not Applicable,Customer related issue,Not Applicable,Not Applicable,298,Not Applicable,0,,
2024-07-11 06:32:00,CNR5357681342,Success,CID828230,Prime Plus,Kammanahalli,Indiranagar,133.0,145.0,Not Applicable,Not Applicable,No,Not Applicable,374,Cash,9,3.8,3.7
2024-07-14 20:28:00,CNR1581287533,Canceled by Customer,CID941281,Prime Plus,HSR Layout,MG Road,,,Change of plans,Not Applicable,Not Applicable,Not Applicable,2776,Not Applicable,0,,
2024-07-11 06:44:00,CNR7631000630,Canceled by Customer,CID825152,Prime Plus,Chickpet,Kengeri,,,Change of plans,Not Applicable,Not Applicable,Not Applicable,240,Not Applicable,0,,
2024-07-16 06:29:00,CNR6128700520,Canceled by Customer,CID600067,Prime Sedan,Hulimavu,Kadugodi,,,Driver is not moving towards pickup location,Not Applicable,Not Applicable,Not Applicable,219,Not Applicable,0,,
2024-07-27 13:18:00,CNR5171101302,Success,CID697739,Bike,Frazer Town,Langford Town,175.0,45.0,Not Applicable,Not Applicable,No,Not Applicable,1014,UPI,23,4.2,4.8
2024-07-15 22:50:00,CNR3875910254,Driver Not Found,CID667686,Mini,Hebbal,Kammanahalli,,,Not Applicable,Not Applicable,Not Applicable,Not Applicable,2870,Not Applicable,0,,
2024-07-12 00:04:00,CNR2044238527,Success,CID390710,Bike,KR Puram,Hosur Road,189.0,95.0,Not Applicable,Not Applicable,No,Not Applicable,811,Cash,17,3.5,3.5
2024-07-29 20:01:00,CNR3298988581,Driver Not Found,CID252258,Prime SUV,Yeshwanthpur,Kammanahalli,,,Not Applicable,Not Applicable,Not Applicable,Not Applicable,253,Not Applicable,0,,
2024-07-24 13:08:00,CNR8742748221,Success,CID149194,Bike,Langford Town,Cox Town,287.0,100.0,Not Applicable,Not Applicable,No,Not Applicable,602,Cash,24,3.6,4.9
2024-07-11 13:02:00,CNR8889443847,Success,CID474125,Prime Sedan,MG Road,Whitefield,56.0,135.0,Not Applicable,Not Applicable,No,Not Applicable,485,UPI,40,3.9,4.5
2024-07-10 04:26:00,CNR1032530509,Canceled by Driver,CID629519,Auto,Kadugodi,Tumkur Road,,,Not Applicable,Personal & Car related issue,Not Applicable,Not Applicable,648,Not Applicable,0,,
2024-07-13 15:04:00,CNR1132733398,Success,CID819702,Mini,Vijayanagar,Devanahalli,133.0,55.0,Not Applicable,Not Applicable,No,Not Applicable,355,UPI,4,3.3,4.4
2024-07-14 23:48:00,CNR6992303889,Success,CID125273,eBike,Koramangala,Tumkur Road,301.0,80.0,Not Applicable,Not Applicable,Yes,Customer Demand,486,Cash,48,3.3,4.2
2024-07-01 15:45:00,CNR8453810138,Success,CID889403,Bike,Jayanagar,Chickpet,189.0,95.0,Not Applicable,Not Applicable,No,Not Applicable,475,Cash,5,4.3,4.9
2024-07-25 02:59:00,CNR9580990113,Success,CID757168,eBike,Ramamurthy Nagar,Sahakar Nagar,126.0,95.0,Not Applicable,Not Applicable,No,Not Applicable,620,Cash,21,4.2,4.8
2024-07-25 02:42:00,CNR4772708236,Success,CID260602,Prime SUV,Electronic City,Kammanahalli,42.0,130.0,Not Applicable,Not Applicable,Yes,Customer Demand,149,Cash,40,3.6,3.9
2024-07-26 14:18:00,CNR7519360405,Canceled by Driver,CID597522,Mini,Kammanahalli,Banashankari,,,Not Applicable,Personal & Car related issue,Not Applicable,Not Applicable,726,Not Applicable,0,,
2024-07-03 18:21:00,CNR7191056975,Success,CID748035,Bike,Malleshwaram,Vijayanagar,77.0,50.0,Not Applicable,Not Applicable,No,Not Applicable,343,Credit Card,23,3.0,4.3
2024-07-25 10:30:00,CNR9557126979,Canceled by Driver,CID497988,eBike,Langford Town,Devanahalli,,,Not Applicable,Personal & Car related issue,Not Applicable,Not Applicable,275,Not Applicable,0,,
2024-07-08 14:44:00,CNR7715425123,Success,CID212818,Mini,Ulsoor,Hebbal,63.0,135.0,Not Applicable,Not Applicable,No,Not Applicable,1460,Cash,3,3.6,4.9
2024-07-14 19:23:00,CNR1024032498,Canceled by Driver,CID145962,Prime Sedan,Padmanabhanagar,Vijayanagar,,,Not Applicable,Customer related issue,Not Applicable,Not Applicable,111,Not Applicable,0,,
2024-07-24 19:05:00,CNR7511370601,Driver Not Found,CID676884,Auto,Bannerghatta Road,Yelahanka,,,Not Applicable,Not Applicable,Not Applicable,Not Applicable,416,Not Applicable,0,,
2024-07-06 19:27:00,CNR2379867797,Success,CID721291,Mini,Hulimavu,KR Puram,91.0,65.0,Not Applicable,Not Applicable,No,Not Applicable,905,UPI,13,4.0,3.5
2024-07-10 06:27:00,CNR3684627148,Canceled by Driver,CID257316,eBike,Shivajinagar,Cox Town,,,Not Applicable,Customer related issue,Not Applicable,Not Applicable,359,Not Applicable,0,,
2024-07-04 23:40:00,CNR2844363288,Canceled by Customer,CID763851,Bike,Indiranagar,Marathahalli,,,Change of plans,Not Applicable,Not Applicable,Not Applicable,184,Not Applicable,0,,
2024-07-28 06:16:00,CNR3299206175,Success,CID790717,Prime Plus,Peenya,Malleshwaram,308.0,135.0,Not Applicable,Not Applicable,No,Not Applicable,108,UPI,43,3.0,4.2
2024-07-16 03:26:00,CNR3413040213,Success,CID648603,Mini,Whitefield,KR Puram,140.0,75.0,Not Applicable,Not Applicable,No,Not Applicable,328,Cash,1,3.2,4.9
2024-07-22 12:54:00,CNR2237175072,Success,CID355949,Mini,HSR Layout,Banashankari,161.0,100.0,Not Applicable,Not Applicable,No,Not Applicable,345,Cash,17,3.8,4.1
2024-07-06 02:21:00,CNR2997848755,Canceled by Customer,CID180994,Mini,Devanahalli,Jayanagar,,,Driver asked to cancel,Not Applicable,Not Applicable,Not Applicable,218,Not Applicable,0,,
2024-07-01 02:57:00,CNR8755882154,Success,CID534909,Mini,Bellandur,Majestic,49.0,65.0,Not Applicable,Not Applicable,No,Not Applicable,2505,Cash,36,3.2,4.9
2024-07-07 18:52:00,CNR5177158830,Success,CID954353,Prime Plus,Majestic,MG Road,154.0,125.0,Not Applicable,Not Applicable,No,Not Applicable,172,Cash,34,4.7,4.3
2024-07-07 16:37:00,CNR1153226378,Canceled by Customer,CID450987,eBike,Tumkur Road,RT Nagar,,,Driver is not moving towards pickup location,Not Applicable,Not Applicable,Not Applicable,162,Not Applicable,0,,
2024-07-05 05:52:00,CNR3682423269,Success,CID814371,Prime Plus,RT Nagar,Jayanagar,231.0,35.0,Not Applicable,Not Applicable,No,Not Applicable,691,UPI,45,3.0,4.4
2024-07-06 14:27:00,CNR2361407030,Canceled by Customer,CID562238,eBike,Devanahalli,Whitefield,,,Driver asked to cancel,Not Applicable,Not Applicable,Not Applicable,428,Not Applicable,0,,
2024-07-22 18:25:00,CNR6093557720,Success,CID539318,Bike,Hebbal,Frazer Town,308.0,80.0,Not Applicable,Not Applicable,No,Not Applicable,370,Cash,49,4.0,4.0
2024-07-11 07:11:00,CNR6235323917,Driver Not Found,CID804145,Prime SUV,Hennur,Chamarajpet,,,Not Applicable,Not Applicable,Not Applicable,Not Applicable,266,Not Applicable,0,,
2024-07-10 05:06:00,CNR1185574712,Success,CID281898,Bike,Jayanagar,Rajarajeshwari Nagar,56.0,100.0,Not Applicable,Not Applicable,No,Not Applicable,247,Cash,47,3.7,3.7
2024-07-08 23:49:00,CNR7280365780,Driver Not Found,CID609699,Mini,Yeshwanthpur,Rajarajeshwari Nagar,,,Not Applicable,Not Applicable,Not Applicable,Not Applicable,490,Not Applicable,0,,
2024-07-04 17:29:00,CNR8360551071,Canceled by Customer,CID224094,eBike,Kammanahalli,Frazer Town,,,Change of plans,Not Applicable,Not Applicable,Not Applicable,326,Not Applicable,0,,
2024-07-30 08:18:00,CNR4069604584,Success,CID310415,eBike,Marathahalli,Varthur,126.0,100.0,Not Applicable,Not Applicable,No,Not Applicable,416,UPI,19,4.4,3.1
2024-07-01 22:23:00,CNR1764400642,Success,CID652594,eBike,Majestic,Electronic City,259.0,85.0,Not Applicable,Not Applicable,No,Not Applicable,409,Cash,44,4.4,4.1
2024-07-15 08:15:00,CNR2401928160,Success,CID294166,eBike,Mysore Road,Ulsoor,224.0,75.0,Not Applicable,Not Applicable,No,Not Applicable,414,UPI,18,3.4,4.7
2024-07-07 10:10:00,CNR5321285192,Success,CID583744,Mini,Marathahalli,KR Puram,35.0,90.0,Not Applicable,Not Applicable,No,Not Applicable,853,UPI,10,3.3,4.8
2024-07-26 22:17:00,CNR6422411350,Canceled by Customer,CID744431,Mini,Whitefield,Jayanagar,,,Change of plans,Not Applicable,Not Applicable,Not Applicable,419,Not Applicable,0,,
2024-07-27 04:50:00,CNR6121351926,Canceled by Customer,CID683496,Auto,KR Puram,HSR Layout,,,Change of plans,Not Applicable,Not Applicable,Not Applicable,202,Not Applicable,0,,
2024-07-18 06:07:00,CNR7807862442,Canceled by Driver,CID878413,Prime Plus,Banashankari,Bannerghatta Road,,,Not Applicable,Personal & Car related issue,Not Applicable,Not Applicable,680,Not Applicable,0,,
2024-07-13 03:44:00,CNR9015081096,Success,CID945930,Prime Sedan,Bellandur,Shantinagar,168.0,65.0,Not Applicable,Not Applicable,No,Not Applicable,153,UPI,15,3.4,3.7
2024-07-24 19:20:00,CNR5749343516,Success,CID500296,Bike,Marathahalli,Whitefield,266.0,135.0,Not Applicable,Not Applicable,No,Not Applicable,153,UPI,43,4.8,4.8
2024-07-22 07:57:00,CNR4427050835,Success,CID981354,Prime Plus,RT Nagar,Mysore Road,210.0,110.0,Not Applicable,Not Applicable,No,Not Applicable,767,UPI,25,4.5,3.3
2024-07-23 18:28:00,CNR2862103468,Driver Not Found,CID446206,Prime Sedan,Peenya,Malleshwaram,,,Not Applicable,Not Applicable,Not Applicable,Not Applicable,461,Not Applicable,0,,
2024-07-07 21:13:00,CNR2494716333,Success,CID441183,Prime SUV,Vijayanagar,Rajajinagar,175.0,65.0,Not Applicable,Not Applicable,No,Not Applicable,367,Cash,33,3.6,4.6
2024-07-04 11:47:00,CNR2046073394,Success,CID151953,Prime SUV,RT Nagar,Vijayanagar,238.0,115.0,Not Applicable,Not Applicable,No,Not Applicable,472,UPI,46,4.6,4.7
2024-07-23 00:46:00,CNR7823321261,Success,CID441424,Auto,Majestic,Peenya,105.0,75.0,Not Applicable,Not Applicable,No,Not Applicable,151,Cash,6,3.8,3.7
2024-07-11 08:43:00,CNR3041495027,Success,CID455368,Auto,Sahakar Nagar,Vijayanagar,238.0,105.0,Not Applicable,Not Applicable,No,Not Applicable,187,Cash,10,4.5,3.9
2024-07-19 00:10:00,CNR3506405501,Success,CID700276,Prime Plus,Ramamurthy Nagar,Magadi Road,126.0,70.0,Not Applicable,Not Applicable,No,Not Applicable,361,Cash,36,4.2,4.9
2024-07-28 03:53:00,CNR1801916861,Success,CID684831,Prime Plus,Chickpet,Chickpet,217.0,115.0,Not Applicable,Not Applicable,No,Not Applicable,482,UPI,38,4.5,3.1
2024-07-21 16:07:00,CNR7213929699,Canceled by Customer,CID535669,Auto,MG Road,Malleshwaram,,,Driver is not moving towards pickup location,Not Applicable,Not Applicable,Not Applicable,2353,Not Applicable,0,,
2024-07-19 19:20:00,CNR6040203330,Success,CID390331,eBike,Koramangala,Padmanabhanagar,182.0,95.0,Not Applicable,Not Applicable,No,Not Applicable,112,UPI,36,3.9,4.0
2024-07-14 12:04:00,CNR2439919195,Canceled by Driver,CID385793,Prime SUV,Sarjapur Road,Devanahalli,,,Not Applicable,Personal & Car related issue,Not Applicable,Not Applicable,182,Not Applicable,0,,
2024-07-03 21:09:00,CNR5206742110,Success,CID171637,Bike,Varthur,Kammanahalli,91.0,70.0,Not Applicable,Not Applicable,No,Not Applicable,102,Cash,43,3.0,3.4
2024-07-06 02:07:00,CNR2353313117,Driver Not Found,CID147676,Bike,Richmond Town,Padmanabhanagar,,,Not Applicable,Not Applicable,Not Applicable,Not Applicable,170,Not Applicable,0,,
2024-07-25 13:22:00,CNR1662546986,Success,CID759416,Prime Sedan,Peenya,KR Puram,287.0,70.0,Not Applicable,Not Applicable,No,Not Applicable,2211,Cash,28,4.4,4.9
2024-07-01 11:05:00,CNR2699298826,Success,CID310559,Mini,Devanahalli,Basavanagudi,56.0,140.0,Not Applicable,Not Applicable,No,Not Applicable,184,UPI,6,3.8,3.0
2024-07-25 04:16:00,CNR2314172011,Canceled by Customer,CID645274,Mini,Padmanabhanagar,Yeshwanthpur,,,AC is Not working,Not Applicable,Not Applicable,Not Applicable,161,Not Applicable,0,,
2024-07-18 00:44:00,CNR3425090375,Driver Not Found,CID115392,Auto,Ramamurthy Nagar,KR Puram,,,Not Applicable,Not Applicable,Not Applicable,Not Applicable,130,Not Applicable,0,,
2024-07-17 00:33:00,CNR1212348118,Success,CID722434,eBike,Hulimavu,Bannerghatta Road,301.0,30.0,Not Applicable,Not Applicable,No,Not Applicable,931,Cash,10,4.1,4.2
2024-07-21 15:11:00,CNR2040669167,Canceled by Driver,CID492649,Prime SUV,Nagarbhavi,Peenya,,,Not Applicable,Personal & Car related issue,Not Applicable,Not Applicable,389,Not Applicable,0,,
2024-07-21 20:23:00,CNR1119482206,Success,CID952437,Prime Sedan,Kammanahalli,HSR Layout,189.0,45.0,Not Applicable,Not Applicable,No,Not Applicable,659,Cash,1,3.6,4.5
2024-07-06 20:53:00,CNR6172480779,Canceled by Driver,CID777012,Prime Sedan,Magadi Road,Vijayanagar,,,Not Applicable,Customer related issue,Not Applicable,Not Applicable,273,Not Applicable,0,,
2024-07-24 21:07:00,CNR8636067607,Success,CID331354,Prime Plus,Cox Town,Tumkur Road,140.0,40.0,Not Applicable,Not Applicable,No,Not Applicable,571,Cash,11,4.3,4.9
2024-07-20 04:03:00,CNR5191866736,Canceled by Customer,CID516130,eBike,Tumkur Road,Bannerghatta Road,,,AC is Not working,Not Applicable,Not Applicable,Not Applicable,400,Not Applicable,0,,
2024-07-08 11:50:00,CNR9262847196,Canceled by Driver,CID629831,Mini,RT Nagar,Yelahanka,,,Not Applicable,Personal & Car related issue,Not Applicable,Not Applicable,229,Not Applicable,0,,
2024-07-24 23:40:00,CNR4342139137,Canceled by Driver,CID547944,Prime Sedan,Yeshwanthpur,Devanahalli,,,Not Applicable,Personal & Car related issue,Not Applicable,Not Applicable,262,Not Applicable,0,,
2024-07-13 04:17:00,CNR3023664387,Success,CID596294,Mini,Yelahanka,Tumkur Road,91.0,90.0,Not Applicable,Not Applicable,No,Not Applicable,295,Cash,11,4.2,4.5
2024-07-20 18:44:00,CNR6921287958,Canceled by Customer,CID773416,Mini,Tumkur Road,MG Road,,,Driver is not moving towards pickup location,Not Applicable,Not Applicable,Not Applicable,373,Not Applicable,0,,
2024-07-14 16:41:00,CNR6722827541,Success,CID359376,Prime Plus,Sahakar Nagar,MG Road,49.0,145.0,Not Applicable,Not Applicable,No,Not Applicable,230,UPI,1,4.5,3.7
2024-07-20 03:53:00,CNR4031700273,Canceled by Driver,CID228302,Prime Sedan,Electronic City,JP Nagar,,,Not Applicable,Customer related issue,Not Applicable,Not Applicable,158,Not Applicable,0,,
2024-07-03 03:11:00,CNR8022681896,Canceled by Driver,CID235829,Mini,RT Nagar,Bannerghatta Road,,,Not Applicable,Customer related issue,Not Applicable,Not Applicable,158,Not Applicable,0,,
2024-07-15 13:36:00,CNR4991742072,Success,CID980112,Auto,Rajarajeshwari Nagar,Tumkur Road,91.0,35.0,Not Applicable,Not Applicable,No,Not Applicable,483,UPI,2,3.3,3.9
2024-07-20 21:52:00,CNR1969156385,Success,CID999031,Prime Plus,MG Road,Rajajinagar,147.0,45.0,Not Applicable,Not Applicable,No,Not Applicable,130,Cash,27,3.4,4.4
2024-07-13 05:17:00,CNR5839198496,Canceled by Driver,CID275515,eBike,Vijayanagar,Kadugodi,,,Not Applicable,Customer related issue,Not Applicable,Not Applicable,263,Not Applicable,0,,
2024-07-22 04:07:00,CNR1242363460,Canceled by Customer,CID708936,Prime Sedan,Chamarajpet,Hennur,,,Change of plans,Not Applicable,Not Applicable,Not Applicable,759,Not Applicable,0,,
2024-07-11 16:47:00,CNR1569510623,Canceled by Customer,CID182991,eBike,Rajarajeshwari Nagar,Jayanagar,,,Change of plans,Not Applicable,Not Applicable,Not Applicable,700,Not Applicable,0,,
2024-07-11 03:43:00,CNR8960116619,Success,CID411174,Prime Sedan,Cox Town,Devanahalli,245.0,125.0,Not Applicable,Not Applicable,No,Not Applicable,280,Cash,20,3.7,4.9
2024-07-17 13:24:00,CNR3012906424,Success,CID670518,Prime SUV,Indiranagar,Bannerghatta Road,56.0,100.0,Not Applicable,Not Applicable,No,Not Applicable,344,Cash,43,3.5,4.3
2024-07-16 21:46:00,CNR6960783763,Driver Not Found,CID764848,Prime Plus,Peenya,Sahakar Nagar,,,Not Applicable,Not Applicable,Not Applicable,Not Applicable,534,Not Applicable,0,,
2024-07-14 14:52:00,CNR4910650278,Success,CID489535,Prime Sedan,Hulimavu,Whitefield,308.0,105.0,Not Applicable,Not Applicable,No,Not Applicable,105,Cash,33,3.9,3.7
2024-07-17 17:55:00,CNR6282494375,Success,CID457709,Prime SUV,Kadugodi,Electronic City,280.0,70.0,Not Applicable,Not Applicable,No,Not Applicable,834,Cash,32,3.3,5.0
2024-07-27 11:07:00,CNR8628641554,Success,CID761563,Prime Sedan,Devanahalli,Rajajinagar,203.0,125.0,Not Applicable,Not Applicable,No,Not Applicable,385,Cash,18,4.3,4.8
2024-07-27 14:17:00,CNR1007526731,Success,CID946742,Prime SUV,Jayanagar,HSR Layout,217.0,130.0,Not Applicable,Not Applicable,No,Not Applicable,101,UPI,30,4.0,4.1
2024-07-12 09:00:00,CNR2268387684,Success,CID375459,Prime Sedan,HSR Layout,Frazer Town,154.0,145.0,Not Applicable,Not Applicable,No,Not Applicable,498,UPI,10,3.2,4.2
2024-07-20 17:28:00,CNR7059609040,Success,CID568319,Prime Sedan,Nagarbhavi,KR Puram,56.0,75.0,Not Applicable,Not Applicable,No,Not Applicable,266,Cash,3,4.6,5.0
2024-07-14 07:46:00,CNR5387867966,Canceled by Driver,CID361361,Bike,Banashankari,Frazer Town,,,Not Applicable,Personal & Car related issue,Not Applicable,Not Applicable,411,Not Applicable,0,,
2024-07-01 10:47:00,CNR8941975752,Driver Not Found,CID652242,eBike,BTM Layout,Peenya,,,Not Applicable,Not Applicable,Not Applicable,Not Applicable,2753,Not Applicable,0,,
2024-07-24 23:39:00,CNR4792321416,Canceled by Driver,CID700311,Prime Plus,Hennur,Shivajinagar,,,Not Applicable,Customer related issue,Not Applicable,Not Applicable,471,Not Applicable,0,,
2024-07-18 21:29:00,CNR6105116383,Canceled by Customer,CID920185,Auto,Magadi Road,Malleshwaram,,,Driver is not moving towards pickup location,Not Applicable,Not Applicable,Not Applicable,583,Not Applicable,0,,
2024-07-25 11:25:00,CNR5600954287,Success,CID449891,eBike,Bellandur,Sarjapur Road,203.0,105.0,Not Applicable,Not Applicable,No,Not Applicable,433,UPI,29,3.8,3.6
2024-07-30 13:38:00,CNR3100491931,Success,CID564175,Mini,Frazer Town,Padmanabhanagar,98.0,85.0,Not Applicable,Not Applicable,No,Not Applicable,716,Credit Card,43,3.2,3.6
2024-07-08 12:22:00,CNR4075813039,Success,CID137979,Prime SUV,Devanahalli,MG Road,154.0,45.0,Not Applicable,Not Applicable,No,Not Applicable,309,Cash,4,3.9,4.4
2024-07-12 13:54:00,CNR7467392730,Success,CID225456,Auto,JP Nagar,KR Puram,189.0,45.0,Not Applicable,Not Applicable,No,Not Applicable,573,Cash,10,3.6,4.9
2024-07-06 10:39:00,CNR2903971065,Success,CID288222,Prime Plus,Kengeri,Langford Town,77.0,60.0,Not Applicable,Not Applicable,No,Not Applicable,362,Cash,20,3.6,3.4
2024-07-04 08:18:00,CNR6953102365,Success,CID895529,Prime SUV,Kadugodi,Kengeri,168.0,105.0,Not Applicable,Not Applicable,No,Not Applicable,114,Cash,6,3.1,3.0
2024-07-27 08:35:00,CNR9665684565,Driver Not Found,CID457567,eBike,Varthur,Shivajinagar,,,Not Applicable,Not Applicable,Not Applicable,Not Applicable,198,Not Applicable,0,,
2024-07-27 20:48:00,CNR8325942108,Canceled by Driver,CID321541,Prime SUV,Hennur,Hebbal,,,Not Applicable,Customer related issue,Not Applicable,Not Applicable,365,Not Applicable,0,,
2024-07-15 16:27:00,CNR6557610112,Success,CID673746,Prime SUV,Yelahanka,Shantinagar,238.0,125.0,Not Applicable,Not Applicable,No,Not Applicable,682,UPI,34,4.0,4.6
2024-07-16 11:19:00,CNR2860006123,Success,CID971053,Prime SUV,Shantinagar,Magadi Road,294.0,75.0,Not Applicable,Not Applicable,No,Not Applicable,356,UPI,47,4.8,3.7
2024-07-08 10:46:00,CNR2404671210,Success,CID750032,eBike,Frazer Town,Hosur Road,175.0,75.0,Not Applicable,Not Applicable,No,Not Applicable,270,Cash,40,3.2,5.0
2024-07-13 07:13:00,CNR4215718286,Canceled by Customer,CID471757,Prime Plus,Sahakar Nagar,MG Road,,,Driver is not moving towards pickup location,Not Applicable,Not Applicable,Not Applicable,145,Not Applicable,0,,
2024-07-21 09:53:00,CNR4871865191,Driver Not Found,CID348471,Prime SUV,Kengeri,Chamarajpet,,,Not Applicable,Not Applicable,Not Applicable,Not Applicable,143,Not Applicable,0,,
2024-07-07 01:40:00,CNR8330773491,Success,CID380431,eBike,Ramamurthy Nagar,Electronic City,238.0,85.0,Not Applicable,Not Applicable,No,Not Applicable,117,Cash,2,3.2,4.3
2024-07-26 09:49:00,CNR5589128211,Success,CID561214,Auto,Electronic City,Hulimavu,259.0,120.0,Not Applicable,Not Applicable,No,Not Applicable,1780,Cash,3,4.5,4.9
2024-07-28 10:25:00,CNR9668251069,Canceled by Driver,CID455713,Auto,Banashankari,Rajajinagar,,,Not Applicable,Customer related issue,Not Applicable,Not Applicable,475,Not Applicable,0,,
2024-07-03 04:20:00,CNR5502014111,Success,CID842631,Prime Plus,Malleshwaram,Yeshwanthpur,266.0,30.0,Not Applicable,Not Applicable,Yes,Vehicle Breakdown,194,Cash,17,3.0,4.9
2024-07-28 23:16:00,CNR5455521127,Success,CID370027,Mini,Hosur Road,Hennur,301.0,105.0,Not Applicable,Not Applicable,No,Not Applicable,279,Cash,19,4.0,3.3
2024-07-27 16:40:00,CNR6597302349,Success,CID893986,eBike,Banashankari,Peenya,252.0,75.0,Not Applicable,Not Applicable,No,Not Applicable,386,Credit Card,44,3.6,4.9
2024-07-14 14:35:00,CNR1916688225,Driver Not Found,CID512840,Prime SUV,Sarjapur Road,Langford Town,,,Not Applicable,Not Applicable,Not Applicable,Not Applicable,123,Not Applicable,0,,
2024-07-23 07:38:00,CNR9117944092,Driver Not Found,CID425103,Prime SUV,Tumkur Road,Varthur,,,Not Applicable,Not Applicable,Not Applicable,Not Applicable,489,Not Applicable,0,,
2024-07-22 17:55:00,CNR5457786859,Success,CID675662,Prime Plus,Shantinagar,Rajajinagar,98.0,80.0,Not Applicable,Not Applicable,No,Not Applicable,964,UPI,28,3.5,3.8
2024-07-12 07:31:00,CNR8669067182,Canceled by Driver,CID784795,Prime SUV,Malleshwaram,Sarjapur Road,,,Not Applicable,More than permitted people in there,Not Applicable,Not Applicable,878,Not Applicable,0,,
2024-07-17 04:59:00,CNR3891081859,Canceled by Customer,CID962548,Mini,Rajarajeshwari Nagar,Sarjapur Road,,,Driver asked to cancel,Not Applicable,Not Applicable,Not Applicable,227,Not Applicable,0,,
2024-07-16 15:16:00,CNR6326680665,Success,CID274427,Mini,Bellandur,Hebbal,259.0,25.0,Not Applicable,Not Applicable,No,Not Applicable,228,UPI,42,4.4,3.9
2024-07-22 11:49:00,CNR9313559835,Success,CID880005,Prime SUV,Indiranagar,Malleshwaram,112.0,35.0,Not Applicable,Not Applicable,No,Not Applicable,717,UPI,4,3.7,4.8
2024-07-19 23:40:00,CNR1894452906,Success,CID849240,Prime SUV,Cox Town,HSR Layout,168.0,110.0,Not Applicable,Not Applicable,No,Not Applicable,1679,Credit Card,22,4.8,3.9
2024-07-26 14:27:00,CNR2074425677,Success,CID977912,eBike,Majestic,Hosur Road,217.0,55.0,Not Applicable,Not Applicable,No,Not Applicable,252,UPI,38,4.5,4.9
2024-07-08 13:29:00,CNR4079390132,Canceled by Customer,CID723000,Mini,Devanahalli,Mysore Road,,,Driver is not moving towards pickup location,Not Applicable,Not Applicable,Not Applicable,331,Not Applicable,0,,
2024-07-01 18:00:00,CNR9640442510,Success,CID930607,Prime Plus,Hulimavu,JP Nagar,175.0,100.0,Not Applicable,Not Applicable,No,Not Applicable,455,Cash,12,3.2,4.3
2024-07-29 09:29:00,CNR2389027877,Success,CID573981,Prime Sedan,Indiranagar,Jayanagar,280.0,135.0,Not Applicable,Not Applicable,No,Not Applicable,188,UPI,35,4.0,4.3
2024-07-24 03:48:00,CNR4775822560,Success,CID198164,Auto,Chickpet,Marathahalli,294.0,50.0,Not Applicable,Not Applicable,No,Not Applicable,403,Cash,12,4.5,4.4
2024-07-12 20:31:00,CNR9461415508,Success,CID375428,Prime Plus,Devanahalli,Yeshwanthpur,308.0,140.0,Not Applicable,Not Applicable,No,Not Applicable,1894,Cash,9,3.1,3.7
2024-07-11 07:44:00,CNR9143715804,Canceled by Driver,CID477250,eBike,Hennur,Indiranagar,,,Not Applicable,More than permitted people in there,Not Applicable,Not Applicable,253,Not Applicable,0,,
2024-07-21 23:16:00,CNR5030689232,Success,CID684190,eBike,Banashankari,Jayanagar,231.0,50.0,Not Applicable,Not Applicable,Yes,Other Issue,210,Cash,29,4.6,4.0
2024-07-27 10:28:00,CNR2033643254,Canceled by Customer,CID310430,Prime SUV,JP Nagar,Shivajinagar,,,Driver asked to cancel,Not Applicable,Not Applicable,Not Applicable,410,Not Applicable,0,,
2024-07-08 06:32:00,CNR5546125170,Canceled by Driver,CID135670,Auto,Majestic,HSR Layout,,,Not Applicable,Personal & Car related issue,Not Applicable,Not Applicable,124,Not Applicable,0,,
2024-07-09 02:03:00,CNR6348477470,Canceled by Driver,CID880432,Mini,Chickpet,Hebbal,,,Not Applicable,Customer related issue,Not Applicable,Not Applicable,606,Not Applicable,0,,
2024-07-29 05:58:00,CNR8446275060,Success,CID674857,Prime Plus,Banashankari,Rajarajeshwari Nagar,63.0,30.0,Not Applicable,Not Applicable,No,Not Applicable,2350,UPI,26,4.4,3.3
2024-07-25 03:02:00,CNR8816822803,Success,CID961768,Bike,MG Road,Richmond Town,280.0,60.0,Not Applicable,Not Applicable,Yes,Other Issue,992,Cash,10,4.2,4.2
2024-07-29 06:32:00,CNR6338674800,Canceled by Customer,CID423489,Prime Sedan,HSR Layout,Richmond Town,,,Wrong Address,Not Applicable,Not Applicable,Not Applicable,173,Not Applicable,0,,
2024-07-04 18:05:00,CNR6688745452,Driver Not Found,CID441613,Prime SUV,Yeshwanthpur,Chickpet,,,Not Applicable,Not Applicable,Not Applicable,Not Applicable,443,Not Applicable,0,,
2024-07-10 04:53:00,CNR8379038144,Success,CID912134,Mini,Cox Town,Vijayanagar,49.0,50.0,Not Applicable,Not Applicable,No,Not Applicable,915,Cash,1,4.4,3.9
2024-07-18 16:09:00,CNR2846464340,Canceled by Driver,CID715159,Bike,Kadugodi,MG Road,,,Not Applicable,Personal & Car related issue,Not Applicable,Not Applicable,146,Not Applicable,0,,
2024-07-06 06:23:00,CNR7174576925,Canceled by Driver,CID561134,Bike,Shivajinagar,Vijayanagar,,,Not Applicable,Customer related issue,Not Applicable,Not Applicable,212,Not Applicable,0,,
2024-07-10 08:39:00,CNR6396394253,Canceled by Driver,CID717942,Bike,Vijayanagar,Chamarajpet,,,Not Applicable,Customer was coughing/sick,Not Applicable,Not Applicable,158,Not Applicable,0,,
2024-07-27 11:53:00,CNR2552049817,Driver Not Found,CID972637,Auto,Hebbal,Yelahanka,,,Not Applicable,Not Applicable,Not Applicable,Not Applicable,339,Not Applicable,0,,
2024-07-29 05:08:00,CNR7994520183,Success,CID342385,eBike,Malleshwaram,Basavanagudi,63.0,65.0,Not Applicable,Not Applicable,No,Not Applicable,1088,UPI,11,5.0,4.3
2024-07-17 23:45:00,CNR7751650528,Success,CID723869,Prime Plus,Padmanabhanagar,Richmond Town,168.0,30.0,Not Applicable,Not Applicable,No,Not Applicable,470,UPI,17,3.7,3.9
2024-07-23 20:36:00,CNR5929206074,Driver Not Found,CID942227,eBike,Banashankari,Cox Town,,,Not Applicable,Not Applicable,Not Applicable,Not Applicable,287,Not Applicable,0,,
2024-07-19 14:00:00,CNR1215756296,Success,CID561205,Prime Plus,Indiranagar,Chamarajpet,63.0,50.0,Not Applicable,Not Applicable,No,Not Applicable,660,Cash,9,4.0,4.4
2024-07-19 10:55:00,CNR1806527658,Success,CID965166,Prime Plus,Basavanagudi,Chamarajpet,196.0,95.0,Not Applicable,Not Applicable,No,Not Applicable,424,Cash,12,4.9,3.8
2024-07-05 15:43:00,CNR9343671854,Canceled by Customer,CID442757,Prime SUV,Hulimavu,Whitefield,,,Driver asked to cancel,Not Applicable,Not Applicable,Not Applicable,996,Not Applicable,0,,
2024-07-27 02:02:00,CNR6960645516,Success,CID952455,Bike,Vijayanagar,Hosur Road,147.0,140.0,Not Applicable,Not Applicable,No,Not Applicable,224,Cash,32,4.4,3.4
2024-07-18 05:33:00,CNR5056401074,Canceled by Driver,CID432391,Bike,Kadugodi,Nagarbhavi,,,Not Applicable,Personal & Car related issue,Not Applicable,Not Applicable,380,Not Applicable,0,,
2024-07-27 01:24:00,CNR3343368258,Success,CID509215,Bike,Varthur,Yeshwanthpur,105.0,50.0,Not Applicable,Not Applicable,No,Not Applicable,520,Cash,11,3.0,3.8
2024-07-06 08:50:00,CNR7486087810,Success,CID701916,Prime Sedan,Hebbal,Kengeri,168.0,60.0,Not Applicable,Not Applicable,Yes,Customer Demand,322,Cash,23,4.7,3.3
2024-07-23 14:28:00,CNR3354503472,Success,CID906746,Prime Sedan,Kengeri,Sahakar Nagar,252.0,130.0,Not Applicable,Not Applicable,No,Not Applicable,144,UPI,20,4.8,3.0
2024-07-28 01:28:00,CNR1042458169,Success,CID657215,Auto,Indiranagar,Langford Town,112.0,130.0,Not Applicable,Not Applicable,No,Not Applicable,430,UPI,3,3.5,3.9
2024-07-13 08:52:00,CNR8413276611,Success,CID480728,Prime Sedan,Peenya,Marathahalli,238.0,65.0,Not Applicable,Not Applicable,No,Not Applicable,128,UPI,42,4.4,4.6
2024-07-11 02:15:00,CNR2617004455,Success,CID212148,eBike,Rajajinagar,Nagarbhavi,49.0,35.0,Not Applicable,Not Applicable,No,Not Applicable,268,Cash,44,4.3,4.5
2024-07-09 08:12:00,CNR5276596803,Success,CID401373,eBike,KR Puram,Indiranagar,63.0,120.0,Not Applicable,Not Applicable,No,Not Applicable,157,UPI,6,4.3,3.4
2024-07-25 04:19:00,CNR4861155699,Success,CID687844,Bike,Devanahalli,Kengeri,168.0,120.0,Not Applicable,Not Applicable,No,Not Applicable,186,Cash,41,4.4,3.2
2024-07-19 21:37:00,CNR2538372739,Success,CID864171,Prime SUV,Electronic City,BTM Layout,245.0,80.0,Not Applicable,Not Applicable,Yes,Vehicle Breakdown,550,Cash,26,3.5,4.0
2024-07-19 05:05:00,CNR3011666956,Canceled by Driver,CID657266,Auto,Shantinagar,Hennur,,,Not Applicable,Customer was coughing/sick,Not Applicable,Not Applicable,300,Not Applicable,0,,
2024-07-15 19:14:00,CNR3360254172,Success,CID413709,Prime Sedan,Yeshwanthpur,Rajarajeshwari Nagar,231.0,105.0,Not Applicable,Not Applicable,No,Not Applicable,121,Cash,15,3.2,3.7
2024-07-26 08:26:00,CNR3360789866,Canceled by Driver,CID468214,Auto,Vijayanagar,Vijayanagar,,,Not Applicable,Personal & Car related issue,Not Applicable,Not Applicable,328,Not Applicable,0,,
2024-07-17 11:30:00,CNR6977415809,Success,CID816371,Mini,Peenya,Rajarajeshwari Nagar,175.0,70.0,Not Applicable,Not Applicable,Yes,Vehicle Breakdown,481,Cash,38,4.6,3.1
2024-07-24 10:42:00,CNR6076552400,Canceled by Driver,CID286581,Mini,JP Nagar,Chickpet,,,Not Applicable,Personal & Car related issue,Not Applicable,Not Applicable,407,Not Applicable,0,,
2024-07-29 11:36:00,CNR3761693269,Success,CID484322,Mini,Rajarajeshwari Nagar,KR Puram,77.0,125.0,Not Applicable,Not Applicable,No,Not Applicable,376,UPI,17,4.1,4.1
2024-07-18 11:12:00,CNR1842400723,Success,CID621240,Auto,Bellandur,JP Nagar,182.0,125.0,Not Applicable,Not Applicable,No,Not Applicable,497,Cash,8,4.2,3.7
2024-07-07 22:25:00,CNR3219148988,Driver Not Found,CID747715,eBike,Electronic City,Ulsoor,,,Not Applicable,Not Applicable,Not Applicable,Not Applicable,693,Not Applicable,0,,
2024-07-03 22:50:00,CNR5600999674,Success,CID697123,Mini,Chamarajpet,Sarjapur Road,245.0,120.0,Not Applicable,Not Applicable,No,Not Applicable,870,UPI,20,3.6,3.8
2024-07-09 00:59:00,CNR9318336007,Canceled by Customer,CID833280,Prime Sedan,Sahakar Nagar,Marathahalli,,,Driver asked to cancel,Not Applicable,Not Applicable,Not Applicable,225,Not Applicable,0,,
2024-07-26 06:43:00,CNR6282126383,Success,CID926107,eBike,Chamarajpet,Kengeri,308.0,55.0,Not Applicable,Not Applicable,No,Not Applicable,2054,Cash,37,4.1,3.1
2024-07-17 07:18:00,CNR1192720596,Canceled by Customer,CID747218,eBike,Richmond Town,BTM Layout,,,Driver asked to cancel,Not Applicable,Not Applicable,Not Applicable,403,Not Applicable,0,,
2024-07-22 10:34:00,CNR6058473178,Success,CID310304,Mini,Indiranagar,Vijayanagar,224.0,80.0,Not Applicable,Not Applicable,No,Not Applicable,153,UPI,15,3.6,4.0
2024-07-09 07:43:00,CNR4264595133,Success,CID616955,eBike,Nagarbhavi,Electronic City,105.0,60.0,Not Applicable,Not Applicable,Yes,Vehicle Breakdown,565,Cash,4,4.9,3.3
2024-07-15 08:54:00,CNR3424299317,Success,CID349349,Bike,Peenya,Indiranagar,196.0,140.0,Not Applicable,Not Applicable,Yes,Vehicle Breakdown,359,Cash,32,4.1,3.5
2024-07-26 08:42:00,CNR5660593077,Success,CID255884,Prime Plus,Marathahalli,Bannerghatta Road,245.0,115.0,Not Applicable,Not Applicable,No,Not Applicable,429,Credit Card,3,4.6,3.2
2024-07-07 05:49:00,CNR3256553978,Success,CID667640,Bike,Ramamurthy Nagar,Vijayanagar,77.0,145.0,Not Applicable,Not Applicable,No,Not Applicable,1184,Cash,27,3.7,4.2
2024-07-17 06:01:00,CNR2014052805,Canceled by Driver,CID896336,Auto,Mysore Road,JP Nagar,,,Not Applicable,Customer related issue,Not Applicable,Not Applicable,567,Not Applicable,0,,
2024-07-12 10:44:00,CNR6266607790,Canceled by Driver,CID859437,Bike,Vijayanagar,Shivajinagar,,,Not Applicable,Customer related issue,Not Applicable,Not Applicable,195,Not Applicable,0,,
2024-07-13 19:15:00,CNR4299107901,Canceled by Customer,CID804053,Auto,Basavanagudi,Malleshwaram,,,AC is Not working,Not Applicable,Not Applicable,Not Applicable,171,Not Applicable,0,,
2024-07-20 22:43:00,CNR9770153112,Success,CID917346,Prime Sedan,Jayanagar,Ulsoor,245.0,115.0,Not Applicable,Not Applicable,No,Not Applicable,758,UPI,30,3.0,3.3
2024-07-01 06:04:00,CNR6936066260,Success,CID658846,Prime SUV,Basavanagudi,Hulimavu,287.0,130.0,Not Applicable,Not Applicable,No,Not Applicable,815,Cash,34,3.9,4.8
2024-07-15 10:06:00,CNR3812881874,Canceled by Driver,CID983238,Bike,Ramamurthy Nagar,Sarjapur Road,,,Not Applicable,Customer related issue,Not Applicable,Not Applicable,850,Not Applicable,0,,
2024-07-28 01:53:00,CNR1753694483,Canceled by Driver,CID993175,Prime Plus,Shantinagar,Hosur Road,,,Not Applicable,More than permitted people in there,Not Applicable,Not Applicable,530,Not Applicable,0,,
2024-07-26 19:34:00,CNR4658543550,Success,CID697392,Auto,Varthur,Bannerghatta Road,84.0,145.0,Not Applicable,Not Applicable,No,Not Applicable,574,Credit Card,14,3.5,4.0
2024-07-05 07:59:00,CNR1360268892,Success,CID776512,Mini,Yeshwanthpur,Cox Town,245.0,65.0,Not Applicable,Not Applicable,No,Not Applicable,359,Cash,31,4.9,4.7
2024-07-18 00:06:00,CNR4938661175,Canceled by Customer,CID524452,Bike,Chamarajpet,Banashankari,,,Wrong Address,Not Applicable,Not Applicable,Not Applicable,438,Not Applicable,0,,
2024-07-02 18:11:00,CNR6774152586,Canceled by Customer,CID724733,eBike,Basavanagudi,Rajajinagar,,,Wrong Address,Not Applicable,Not Applicable,Not Applicable,336,Not Applicable,0,,
2024-07-05 18:30:00,CNR5551329231,Success,CID113428,Bike,Bellandur,Electronic City,112.0,75.0,Not Applicable,Not Applicable,No,Not Applicable,222,Cash,46,4.9,3.9
2024-07-30 13:49:00,CNR1344749262,Canceled by Customer,CID112930,Prime Sedan,Varthur,Yeshwanthpur,,,Wrong Address,Not Applicable,Not Applicable,Not Applicable,2756,Not Applicable,0,,
2024-07-03 03:29:00,CNR7351944718,Canceled by Driver,CID775791,Prime SUV,Peenya,RT Nagar,,,Not Applicable,Customer related issue,Not Applicable,Not Applicable,702,Not Applicable,0,,
2024-07-26 13:19:00,CNR7090974474,Success,CID820478,Auto,Cox Town,MG Road,308.0,135.0,Not Applicable,Not Applicable,Yes,Other Issue,349,UPI,13,4.0,4.8
2024-07-21 18:17:00,CNR4690468527,Success,CID258485,Prime SUV,Richmond Town,BTM Layout,294.0,45.0,Not Applicable,Not Applicable,No,Not Applicable,133,UPI,39,4.4,4.4
2024-07-07 22:26:00,CNR6367900841,Success,CID150764,Prime SUV,BTM Layout,BTM Layout,273.0,95.0,Not Applicable,Not Applicable,No,Not Applicable,164,UPI,45,3.2,3.2
2024-07-16 08:59:00,CNR8037261645,Success,CID700768,eBike,Chamarajpet,Richmond Town,98.0,85.0,Not Applicable,Not Applicable,No,Not Applicable,322,Cash,38,5.0,3.6
2024-07-20 22:43:00,CNR9251385489,Success,CID197299,Bike,Nagarbhavi,Ramamurthy Nagar,203.0,60.0,Not Applicable,Not Applicable,No,Not Applicable,772,Cash,47,3.9,3.5
2024-07-05 14:30:00,CNR6763216158,Canceled by Driver,CID619961,Prime Sedan,Peenya,Banashankari,,,Not Applicable,Customer related issue,Not Applicable,Not Applicable,2674,Not Applicable,0,,
2024-07-12 02:42:00,CNR7573994341,Success,CID602390,Bike,Mysore Road,Peenya,266.0,140.0,Not Applicable,Not Applicable,No,Not Applicable,229,UPI,23,4.4,3.5
2024-07-15 20:18:00,CNR3605018780,Driver Not Found,CID751598,Prime Plus,Basavanagudi,Basavanagudi,,,Not Applicable,Not Applicable,Not Applicable,Not Applicable,463,Not Applicable,0,,
2024-07-21 12:46:00,CNR5307185552,Canceled by Driver,CID735399,Prime SUV,Kadugodi,Ramamurthy Nagar,,,Not Applicable,Customer related issue,Not Applicable,Not Applicable,2246,Not Applicable,0,,
2024-07-24 00:04:00,CNR1701712450,Success,CID475161,eBike,HSR Layout,Chamarajpet,287.0,140.0,Not Applicable,Not Applicable,No,Not Applicable,129,UPI,11,4.1,4.7
2024-07-30 06:20:00,CNR1800117312,Success,CID676773,Prime Plus,Langford Town,Shantinagar,168.0,145.0,Not Applicable,Not Applicable,No,Not Applicable,140,UPI,42,4.4,4.1
2024-07-01 14:02:00,CNR1054763327,Canceled by Driver,CID691168,Bike,JP Nagar,Hebbal,,,Not Applicable,Customer was coughing/sick,Not Applicable,Not Applicable,471,Not Applicable,0,,
2024-07-03 13:19:00,CNR5917072620,Canceled by Driver,CID364030,eBike,MG Road,Vijayanagar,,,Not Applicable,Personal & Car related issue,Not Applicable,Not Applicable,377,Not Applicable,0,,
2024-07-24 04:41:00,CNR8957615497,Success,CID333102,Bike,Varthur,Marathahalli,175.0,110.0,Not Applicable,Not Applicable,No,Not Applicable,2618,UPI,27,3.1,4.3
2024-07-07 15:37:00,CNR6757711678,Success,CID763646,eBike,Kammanahalli,HSR Layout,252.0,75.0,Not Applicable,Not Applicable,No,Not Applicable,873,UPI,20,4.6,3.6
2024-07-08 13:25:00,CNR7546827361,Success,CID519810,Bike,Devanahalli,Hosur Road,189.0,120.0,Not Applicable,Not Applicable,No,Not Applicable,496,Cash,27,4.9,4.8
2024-07-22 23:05:00,CNR8378954013,Success,CID666532,Prime Sedan,Shivajinagar,Sarjapur Road,294.0,70.0,Not Applicable,Not Applicable,No,Not Applicable,901,UPI,34,3.1,3.6
2024-07-05 15:51:00,CNR3739970278,Driver Not Found,CID427035,Prime SUV,Ramamurthy Nagar,Shivajinagar,,,Not Applicable,Not Applicable,Not Applicable,Not Applicable,202,Not Applicable,0,,
2024-07-10 12:26:00,CNR2846380022,Success,CID465785,Auto,BTM Layout,Kadugodi,301.0,35.0,Not Applicable,Not Applicable,No,Not Applicable,726,Cash,15,3.6,4.0
2024-07-18 08:08:00,CNR6581372888,Canceled by Driver,CID533126,Prime Sedan,Banashankari,Whitefield,,,Not Applicable,Personal & Car related issue,Not Applicable,Not Applicable,179,Not Applicable,0,,
2024-07-12 18:08:00,CNR7392052959,Success,CID883813,Auto,Devanahalli,Nagarbhavi,105.0,130.0,Not Applicable,Not Applicable,No,Not Applicable,197,UPI,5,3.1,3.4
2024-07-15 09:25:00,CNR4893520651,Driver Not Found,CID688867,Prime Sedan,KR Puram,Frazer Town,,,Not Applicable,Not Applicable,Not Applicable,Not Applicable,340,Not Applicable,0,,
2024-07-09 23:35:00,CNR1862313186,Driver Not Found,CID831261,Prime Plus,Majestic,Hosur Road,,,Not Applicable,Not Applicable,Not Applicable,Not Applicable,997,Not Applicable,0,,
2024-07-13 15:11:00,CNR3743214628,Canceled by Driver,CID801256,Auto,Banashankari,Magadi Road,,,Not Applicable,Customer related issue,Not Applicable,Not Applicable,316,Not Applicable,0,,
2024-07-22 09:32:00,CNR1855784222,Success,CID720064,Prime SUV,Vijayanagar,Indiranagar,105.0,65.0,Not Applicable,Not Applicable,No,Not Applicable,306,Cash,29,4.5,3.5
2024-07-04 02:52:00,CNR3320901075,Canceled by Driver,CID165851,Prime Plus,Sahakar Nagar,Mysore Road,,,Not Applicable,More than permitted people in there,Not Applicable,Not Applicable,114,Not Applicable,0,,
2024-07-03 08:05:00,CNR5210979362,Success,CID497811,Mini,KR Puram,Magadi Road,245.0,125.0,Not Applicable,Not Applicable,No,Not Applicable,394,Cash,17,3.3,3.5
2024-07-07 01:23:00,CNR3456496901,Success,CID917946,Bike,Bellandur,Shantinagar,63.0,45.0,Not Applicable,Not Applicable,No,Not Applicable,358,Cash,37,4.3,4.8
2024-07-24 11:55:00,CNR2673160353,Success,CID667680,Prime Plus,Yelahanka,Basavanagudi,56.0,25.0,Not Applicable,Not Applicable,No,Not Applicable,108,Cash,19,3.7,3.6
2024-07-12 00:14:00,CNR6864119179,Driver Not Found,CID749265,eBike,HSR Layout,Whitefield,,,Not Applicable,Not Applicable,Not Applicable,Not Applicable,995,Not Applicable,0,,
2024-07-23 14:59:00,CNR6561281868,Success,CID776799,Prime Sedan,Peenya,Peenya,133.0,120.0,Not Applicable,Not Applicable,No,Not Applicable,2890,Cash,38,3.9,3.4
2024-07-06 18:23:00,CNR8208346356,Canceled by Driver,CID110167,Prime Sedan,Nagarbhavi,Tumkur Road,,,Not Applicable,Personal & Car related issue,Not Applicable,Not Applicable,135,Not Applicable,0,,
2024-07-04 13:31:00,CNR8694555747,Success,CID676075,Auto,Frazer Town,Shivajinagar,217.0,25.0,Not Applicable,Not Applicable,No,Not Applicable,129,Cash,14,4.8,4.9
2024-07-19 21:41:00,CNR8131104773,Success,CID992491,Prime Plus,Nagarbhavi,Basavanagudi,182.0,130.0,Not Applicable,Not Applicable,No,Not Applicable,339,UPI,48,3.2,3.8
2024-07-17 01:40:00,CNR2961947555,Canceled by Driver,CID131878,Prime Sedan,Basavanagudi,Kengeri,,,Not Applicable,Customer was coughing/sick,Not Applicable,Not Applicable,497,Not Applicable,0,,
2024-07-28 12:12:00,CNR1586221406,Driver Not Found,CID623286,Prime Plus,Hennur,Ramamurthy Nagar,,,Not Applicable,Not Applicable,Not Applicable,Not Applicable,440,Not Applicable,0,,
2024-07-26 23:52:00,CNR2570182263,Success,CID774994,Auto,Basavanagudi,Ramamurthy Nagar,252.0,60.0,Not Applicable,Not Applicable,No,Not Applicable,292,UPI,8,4.0,4.7
2024-07-05 09:20:00,CNR1596724797,Success,CID275279,eBike,Tumkur Road,Hennur,42.0,145.0,Not Applicable,Not Applicable,No,Not Applicable,230,Cash,40,3.6,3.5
2024-07-23 23:17:00,CNR5922284433,Success,CID417430,Mini,Sahakar Nagar,Langford Town,112.0,40.0,Not Applicable,Not Applicable,No,Not Applicable,896,Cash,23,3.7,3.6
2024-07-09 03:33:00,CNR1775193566,Success,CID470341,Bike,Basavanagudi,Nagarbhavi,273.0,105.0,Not Applicable,Not Applicable,No,Not Applicable,424,Cash,6,3.6,4.9
2024-07-11 05:19:00,CNR3743814159,Canceled by Driver,CID476826,Auto,Bellandur,Jayanagar,,,Not Applicable,Customer was coughing/sick,Not Applicable,Not Applicable,2476,Not Applicable,0,,
2024-07-14 18:08:00,CNR8903120478,Success,CID876959,Prime SUV,Kengeri,Yeshwanthpur,196.0,120.0,Not Applicable,Not Applicable,Yes,Vehicle Breakdown,252,Cash,33,3.5,4.2
2024-07-23 02:28:00,CNR3181481986,Success,CID890042,Prime Sedan,Rajarajeshwari Nagar,Rajajinagar,70.0,140.0,Not Applicable,Not Applicable,No,Not Applicable,2126,Cash,38,4.1,4.1
2024-07-16 17:52:00,CNR2545860659,Success,CID738522,Auto,RT Nagar,Sahakar Nagar,77.0,75.0,Not Applicable,Not Applicable,No,Not Applicable,770,Cash,17,4.7,3.8
2024-07-07 07:19:00,CNR6204448027,Success,CID359359,Auto,Bellandur,Devanahalli,154.0,75.0,Not Applicable,Not Applicable,No,Not Applicable,405,UPI,15,3.4,4.2
2024-07-17 05:39:00,CNR1553651400,Canceled by Driver,CID447284,Auto,Hennur,Indiranagar,,,Not Applicable,Customer related issue,Not Applicable,Not Applicable,456,Not Applicable,0,,
2024-07-23 11:14:00,CNR8535798110,Canceled by Driver,CID263309,eBike,Yeshwanthpur,Cox Town,,,Not Applicable,Customer was coughing/sick,Not Applicable,Not Applicable,211,Not Applicable,0,,
2024-07-13 21:42:00,CNR4988831927,Success,CID198793,Mini,Cox Town,Cox Town,84.0,60.0,Not Applicable,Not Applicable,No,Not Applicable,175,Cash,49,3.6,4.6
2024-07-26 04:21:00,CNR3643686567,Success,CID954084,Bike,Ulsoor,Bellandur,217.0,25.0,Not Applicable,Not Applicable,No,Not Applicable,445,UPI,23,4.2,4.4
2024-07-01 20:48:00,CNR8264803623,Success,CID328740,Mini,Hosur Road,Rajarajeshwari Nagar,245.0,115.0,Not Applicable,Not Applicable,No,Not Applicable,361,Cash,37,3.6,3.7
2024-07-29 01:39:00,CNR1772162415,Success,CID813701,Auto,Jayanagar,Chamarajpet,49.0,55.0,Not Applicable,Not Applicable,No,Not Applicable,246,Credit Card,11,5.0,4.9
2024-07-05 01:57:00,CNR2394195943,Success,CID736852,Prime Plus,Malleshwaram,Rajajinagar,287.0,105.0,Not Applicable,Not Applicable,No,Not Applicable,1546,UPI,47,3.3,3.2
2024-07-24 02:36:00,CNR3612128886,Canceled by Driver,CID283163,eBike,MG Road,Bellandur,,,Not Applicable,More than permitted people in there,Not Applicable,Not Applicable,263,Not Applicable,0,,
2024-07-03 10:33:00,CNR3383638052,Success,CID304900,Prime SUV,Malleshwaram,Hennur,203.0,45.0,Not Applicable,Not Applicable,No,Not Applicable,119,Cash,25,5.0,4.6
2024-07-18 05:32:00,CNR3032142527,Success,CID870988,Auto,Yelahanka,Frazer Town,119.0,45.0,Not Applicable,Not Applicable,No,Not Applicable,336,Cash,1,3.3,3.7
2024-07-29 11:45:00,CNR8684063338,Success,CID191096,eBike,Richmond Town,Chickpet,287.0,80.0,Not Applicable,Not Applicable,No,Not Applicable,1403,Cash,10,4.3,3.2
2024-07-18 08:54:00,CNR3686077411,Success,CID260310,Prime Plus,JP Nagar,Tumkur Road,126.0,80.0,Not Applicable,Not Applicable,No,Not Applicable,375,Cash,47,3.9,4.5
2024-07-23 19:41:00,CNR5651451658,Canceled by Customer,CID799015,Auto,Basavanagudi,BTM Layout,,,Driver asked to cancel,Not Applicable,Not Applicable,Not Applicable,192,Not Applicable,0,,
2024-07-21 01:23:00,CNR5736902460,Canceled by Driver,CID393771,eBike,Vijayanagar,Hosur Road,,,Not Applicable,Customer was coughing/sick,Not Applicable,Not Applicable,858,Not Applicable,0,,
2024-07-21 00:41:00,CNR2737382762,Success,CID987475,eBike,Kengeri,Rajarajeshwari Nagar,217.0,35.0,Not Applicable,Not Applicable,No,Not Applicable,197,UPI,25,4.9,5.0
2024-07-06 21:35:00,CNR8906426805,Success,CID919637,Auto,Mysore Road,Nagarbhavi,175.0,105.0,Not Applicable,Not Applicable,No,Not Applicable,194,UPI,4,4.8,5.0
2024-07-18 04:39:00,CNR6854722508,Success,CID141231,Bike,Hulimavu,Koramangala,105.0,85.0,Not Applicable,Not Applicable,No,Not Applicable,128,Cash,34,3.2,3.6
2024-07-21 22:47:00,CNR6271078403,Driver Not Found,CID761667,Auto,Bannerghatta Road,Langford Town,,,Not Applicable,Not Applicable,Not Applicable,Not Applicable,714,Not Applicable,0,,
2024-07-13 12:19:00,CNR1098307703,Canceled by Driver,CID617057,Prime Plus,Devanahalli,Malleshwaram,,,Not Applicable,Personal & Car related issue,Not Applicable,Not Applicable,200,Not Applicable,0,,
2024-07-29 17:23:00,CNR5405700495,Canceled by Driver,CID573241,Prime Plus,Electronic City,Majestic,,,Not Applicable,Personal & Car related issue,Not Applicable,Not Applicable,313,Not Applicable,0,,
2024-07-26 14:47:00,CNR1690321038,Driver Not Found,CID920086,eBike,Yeshwanthpur,Koramangala,,,Not Applicable,Not Applicable,Not Applicable,Not Applicable,2689,Not Applicable,0,,
2024-07-10 18:02:00,CNR6194284068,Success,CID389644,Mini,JP Nagar,Rajarajeshwari Nagar,70.0,40.0,Not Applicable,Not Applicable,Yes,Vehicle Breakdown,2494,UPI,47,4.5,3.9
2024-07-24 20:48:00,CNR5859327816,Success,CID823351,Auto,Sarjapur Road,Varthur,112.0,145.0,Not Applicable,Not Applicable,No,Not Applicable,696,UPI,4,4.2,3.2
2024-07-10 00:29:00,CNR7985913818,Success,CID901499,Auto,Mysore Road,JP Nagar,168.0,30.0,Not Applicable,Not Applicable,No,Not Applicable,899,UPI,16,4.3,3.6
2024-07-22 05:51:00,CNR8285799807,Canceled by Driver,CID954102,Bike,Malleshwaram,Basavanagudi,,,Not Applicable,Personal & Car related issue,Not Applicable,Not Applicable,101,Not Applicable,0,,
2024-07-01 18:19:00,CNR2793930885,Canceled by Customer,CID264855,Bike,Jayanagar,RT Nagar,,,Driver asked to cancel,Not Applicable,Not Applicable,Not Applicable,956,Not Applicable,0,,
2024-07-30 11:32:00,CNR9538168079,Success,CID163459,Auto,Richmond Town,Bannerghatta Road,294.0,35.0,Not Applicable,Not Applicable,No,Not Applicable,356,Cash,1,4.6,4.1
2024-07-18 19:33:00,CNR4802092455,Canceled by Driver,CID305369,Auto,Ulsoor,Hosur Road,,,Not Applicable,Customer was coughing/sick,Not Applicable,Not Applicable,330,Not Applicable,0,,
2024-07-20 07:47:00,CNR1894364866,Driver Not Found,CID658781,Prime Plus,Yeshwanthpur,Bellandur,,,Not Applicable,Not Applicable,Not Applicable,Not Applicable,293,Not Applicable,0,,
2024-07-04 10:44:00,CNR7645293592,Success,CID468004,Bike,Whitefield,Ramamurthy Nagar,273.0,105.0,Not Applicable,Not Applicable,No,Not Applicable,1952,Cash,4,3.5,4.3
2024-07-20 09:18:00,CNR7592482178,Success,CID976039,eBike,Kadugodi,Frazer Town,259.0,55.0,Not Applicable,Not Applicable,No,Not Applicable,394,Cash,24,4.8,4.7
2024-07-25 01:54:00,CNR1005185184,Driver Not Found,CID675570,Prime Plus,Kadugodi,Hulimavu,,,Not Applicable,Not Applicable,Not Applicable,Not Applicable,521,Not Applicable,0,,
2024-07-17 08:07:00,CNR6634320383,Canceled by Driver,CID768803,Bike,Tumkur Road,Malleshwaram,,,Not Applicable,Personal & Car related issue,Not Applicable,Not Applicable,446,Not Applicable,0,,
2024-07-13 23:14:00,CNR3455608745,Success,CID400465,Auto,KR Puram,Padmanabhanagar,287.0,50.0,Not Applicable,Not Applicable,No,Not Applicable,429,Cash,12,4.4,4.3
2024-07-20 14:01:00,CNR8583516046,Success,CID820214,Auto,Vijayanagar,Kammanahalli,98.0,80.0,Not Applicable,Not Applicable,No,Not Applicable,380,UPI,17,4.4,4.1
2024-07-17 16:25:00,CNR2517907136,Canceled by Driver,CID198487,Prime Sedan,Hennur,MG Road,,,Not Applicable,Customer related issue,Not Applicable,Not Applicable,786,Not Applicable,0,,
2024-07-09 05:07:00,CNR1389041196,Success,CID804001,Prime Plus,RT Nagar,Yeshwanthpur,105.0,45.0,Not Applicable,Not Applicable,No,Not Applicable,151,Cash,39,3.9,3.0
2024-07-03 05:46:00,CNR9194973413,Success,CID804824,Auto,Magadi Road,Marathahalli,42.0,55.0,Not Applicable,Not Applicable,No,Not Applicable,112,UPI,13,4.2,4.5
2024-07-05 14:20:00,CNR1883977810,Canceled by Driver,CID431341,Mini,Sarjapur Road,Chamarajpet,,,Not Applicable,Customer was coughing/sick,Not Applicable,Not Applicable,545,Not Applicable,0,,
2024-07-21 19:33:00,CNR9919361590,Success,CID375198,Prime Plus,BTM Layout,Frazer Town,154.0,40.0,Not Applicable,Not Applicable,No,Not Applicable,486,Cash,26,4.5,3.9
2024-07-12 05:14:00,CNR9770253160,Canceled by Customer,CID190654,Prime SUV,Whitefield,Tumkur Road,,,Driver asked to cancel,Not Applicable,Not Applicable,Not Applicable,1845,Not Applicable,0,,
2024-07-08 18:55:00,CNR5493605613,Success,CID942625,Auto,JP Nagar,Koramangala,280.0,40.0,Not Applicable,Not Applicable,No,Not Applicable,440,UPI,1,3.7,4.3
2024-07-07 17:58:00,CNR2008970410,Canceled by Driver,CID867496,Prime Sedan,Chamarajpet,Hennur,,,Not Applicable,Customer was coughing/sick,Not Applicable,Not Applicable,930,Not Applicable,0,,
2024-07-07 13:37:00,CNR3465805532,Success,CID485674,Prime Plus,Kammanahalli,Whitefield,154.0,135.0,Not Applicable,Not Applicable,No,Not Applicable,754,Cash,27,4.8,4.0
2024-07-06 09:09:00,CNR6317988555,Driver Not Found,CID335978,Prime SUV,JP Nagar,Koramangala,,,Not Applicable,Not Applicable,Not Applicable,Not Applicable,468,Not Applicable,0,,
2024-07-13 22:40:00,CNR7153790677,Canceled by Driver,CID120943,eBike,Bellandur,Hennur,,,Not Applicable,Personal & Car related issue,Not Applicable,Not Applicable,416,Not Applicable,0,,
2024-07-29 20:11:00,CNR9722874365,Canceled by Customer,CID568729,Prime Plus,JP Nagar,Mysore Road,,,Driver asked to cancel,Not Applicable,Not Applicable,Not Applicable,296,Not Applicable,0,,
2024-07-28 16:58:00,CNR8002017815,Canceled by Driver,CID970361,Auto,Ramamurthy Nagar,Padmanabhanagar,,,Not Applicable,Personal & Car related issue,Not Applicable,Not Applicable,370,Not Applicable,0,,
2024-07-19 06:56:00,CNR8587377860,Success,CID834178,Prime Sedan,Frazer Town,Devanahalli,56.0,80.0,Not Applicable,Not Applicable,No,Not Applicable,374,Cash,3,4.5,4.2
2024-07-16 00:48:00,CNR7356853354,Success,CID596237,Prime SUV,Mysore Road,Vijayanagar,98.0,35.0,Not Applicable,Not Applicable,No,Not Applicable,237,Cash,41,3.0,4.5
2024-07-21 17:19:00,CNR8355068529,Success,CID751566,Mini,Hosur Road,HSR Layout,98.0,140.0,Not Applicable,Not Applicable,No,Not Applicable,834,Cash,11,3.2,4.4
2024-07-01 10:19:00,CNR9191541306,Canceled by Driver,CID941546,Prime Plus,Electronic City,Chamarajpet,,,Not Applicable,Customer was coughing/sick,Not Applicable,Not Applicable,311,Not Applicable,0,,
2024-07-22 20:46:00,CNR2234459363,Success,CID971015,Bike,Varthur,Hulimavu,77.0,50.0,Not Applicable,Not Applicable,No,Not Applicable,2069,Cash,2,3.8,3.8
2024-07-15 11:24:00,CNR9068389067,Canceled by Driver,CID898943,Auto,KR Puram,Whitefield,,,Not Applicable,Personal & Car related issue,Not Applicable,Not Applicable,694,Not Applicable,0,,
2024-07-01 17:58:00,CNR6127135579,Success,CID317583,eBike,Indiranagar,Hosur Road,203.0,100.0,Not Applicable,Not Applicable,No,Not Applicable,902,Cash,20,4.9,3.8
2024-07-08 10:27:00,CNR6491939427,Canceled by Customer,CID936953,Bike,Tumkur Road,HSR Layout,,,Driver is not moving towards pickup location,Not Applicable,Not Applicable,Not Applicable,360,Not Applicable,0,,
2024-07-15 13:25:00,CNR6571772898,Success,CID715688,eBike,Marathahalli,Magadi Road,35.0,35.0,Not Applicable,Not Applicable,No,Not Applicable,132,Cash,43,3.4,3.8
2024-07-14 02:58:00,CNR2243308941,Success,CID746191,Mini,Ulsoor,KR Puram,154.0,95.0,Not Applicable,Not Applicable,Yes,Customer Demand,779,Cash,22,3.2,4.5
2024-07-22 10:50:00,CNR1734617483,Success,CID229419,Bike,Hulimavu,Nagarbhavi,98.0,80.0,Not Applicable,Not Applicable,No,Not Applicable,100,UPI,49,3.7,4.0
2024-07-01 06:23:00,CNR5935334301,Success,CID554326,Mini,Electronic City,Nagarbhavi,91.0,40.0,Not Applicable,Not Applicable,No,Not Applicable,245,UPI,10,3.2,3.4
2024-07-26 10:05:00,CNR5024849593,Success,CID134074,Mini,Chickpet,Jayanagar,161.0,145.0,Not Applicable,Not Applicable,No,Not Applicable,163,Cash,21,4.7,4.2
2024-07-03 17:59:00,CNR4122188495,Success,CID692604,Prime Sedan,Magadi Road,Rajarajeshwari Nagar,126.0,95.0,Not Applicable,Not Applicable,No,Not Applicable,310,Cash,30,3.1,3.1
2024-07-02 00:33:00,CNR6506365959,Success,CID956421,Prime Sedan,Mysore Road,Kadugodi,175.0,105.0,Not Applicable,Not Applicable,Yes,Customer Demand,424,Cash,29,3.1,4.4
2024-07-20 12:31:00,CNR1858570325,Canceled by Customer,CID973660,Mini,Langford Town,Frazer Town,,,Change of plans,Not Applicable,Not Applicable,Not Applicable,456,Not Applicable,0,,
2024-07-20 23:39:00,CNR3204569996,Canceled by Driver,CID111438,Prime Sedan,Devanahalli,Kadugodi,,,Not Applicable,Customer was coughing/sick,Not Applicable,Not Applicable,1781,Not Applicable,0,,
2024-07-08 16:12:00,CNR5927037483,Success,CID463352,Bike,Chickpet,Chickpet,245.0,50.0,Not Applicable,Not Applicable,No,Not Applicable,370,Cash,16,3.8,3.6
2024-07-10 21:13:00,CNR8238681975,Success,CID647053,Mini,Hennur,Magadi Road,133.0,45.0,Not Applicable,Not Applicable,No,Not Applicable,439,UPI,46,4.2,4.5
2024-07-12 18:07:00,CNR2084461852,Success,CID859167,Auto,Richmond Town,Kammanahalli,35.0,45.0,Not Applicable,Not Applicable,No,Not Applicable,2734,Cash,4,4.6,3.8
2024-07-29 19:48:00,CNR2645799802,Success,CID762992,Prime SUV,Kengeri,Majestic,196.0,135.0,Not Applicable,Not Applicable,No,Not Applicable,641,UPI,48,3.8,3.5
2024-07-05 21:11:00,CNR4746211574,Canceled by Customer,CID339060,Bike,Sarjapur Road,Yelahanka,,,Change of plans,Not Applicable,Not Applicable,Not Applicable,1160,Not Applicable,0,,
2024-07-07 10:03:00,CNR4833382367,Success,CID573322,Prime SUV,Hennur,HSR Layout,84.0,60.0,Not Applicable,Not Applicable,No,Not Applicable,1255,UPI,17,4.2,3.8
2024-07-05 08:01:00,CNR3924281727,Canceled by Driver,CID191376,Mini,Indiranagar,Vijayanagar,,,Not Applicable,Customer was coughing/sick,Not Applicable,Not Applicable,476,Not Applicable,0,,
2024-07-20 04:25:00,CNR4221268191,Canceled by Customer,CID597355,Mini,Indiranagar,Ramamurthy Nagar,,,Driver is not moving towards pickup location,Not Applicable,Not Applicable,Not Applicable,123,Not Applicable,0,,
2024-07-17 16:49:00,CNR7561562714,Canceled by Driver,CID561563,Mini,Yeshwanthpur,Nagarbhavi,,,Not Applicable,Personal & Car related issue,Not Applicable,Not Applicable,400,Not Applicable,0,,
2024-07-15 07:23:00,CNR6896638198,Canceled by Customer,CID747721,Prime SUV,Frazer Town,Electronic City,,,Wrong Address,Not Applicable,Not Applicable,Not Applicable,470,Not Applicable,0,,
2024-07-29 03:35:00,CNR8627477965,Success,CID492384,Prime Sedan,Indiranagar,Magadi Road,210.0,60.0,Not Applicable,Not Applicable,No,Not Applicable,821,Cash,13,3.2,3.5
2024-07-27 06:09:00,CNR3793457961,Success,CID664283,Bike,Rajarajeshwari Nagar,RT Nagar,252.0,125.0,Not Applicable,Not Applicable,No,Not Applicable,115,Cash,24,4.9,3.1
2024-07-11 09:41:00,CNR7699490817,Success,CID200228,Prime SUV,Malleshwaram,Yelahanka,294.0,105.0,Not Applicable,Not Applicable,No,Not Applicable,101,UPI,45,3.5,4.5
2024-07-02 09:05:00,CNR9519404295,Success,CID730219,Prime Plus,Majestic,Malleshwaram,224.0,130.0,Not Applicable,Not Applicable,No,Not Applicable,262,Cash,27,4.5,3.4
2024-07-08 16:46:00,CNR4473578662,Canceled by Customer,CID649616,eBike,Rajarajeshwari Nagar,Tumkur Road,,,Driver is not moving towards pickup location,Not Applicable,Not Applicable,Not Applicable,252,Not Applicable,0,,
2024-07-23 00:17:00,CNR8648603187,Canceled by Customer,CID588785,Prime Sedan,RT Nagar,Kengeri,,,Driver is not moving towards pickup location,Not Applicable,Not Applicable,Not Applicable,109,Not Applicable,0,,
2024-07-01 11:39:00,CNR9954051601,Success,CID462939,Bike,Rajajinagar,Rajarajeshwari Nagar,273.0,140.0,Not Applicable,Not Applicable,Yes,Vehicle Breakdown,845,UPI,32,3.8,4.2
2024-07-13 01:36:00,CNR8143399419,Success,CID102814,Auto,Rajarajeshwari Nagar,RT Nagar,224.0,60.0,Not Applicable,Not Applicable,No,Not Applicable,482,UPI,15,4.0,4.0
2024-07-19 15:19:00,CNR8911994476,Success,CID489337,eBike,Magadi Road,Padmanabhanagar,98.0,60.0,Not Applicable,Not Applicable,No,Not Applicable,389,UPI,1,3.7,4.4
2024-07-22 00:14:00,CNR3433349099,Success,CID853149,Bike,Marathahalli,Ulsoor,112.0,105.0,Not Applicable,Not Applicable,Yes,Other Issue,850,Cash,38,4.5,3.2
2024-07-18 06:21:00,CNR2910732552,Success,CID727979,Prime SUV,Tumkur Road,Mysore Road,84.0,110.0,Not Applicable,Not Applicable,No,Not Applicable,819,UPI,35,4.8,3.3
2024-07-14 07:49:00,CNR8874788990,Canceled by Customer,CID909361,Prime Plus,Langford Town,MG Road,,,Driver is not moving towards pickup location,Not Applicable,Not Applicable,Not Applicable,287,Not Applicable,0,,
2024-07-11 23:45:00,CNR6007444738,Canceled by Customer,CID931405,Mini,Magadi Road,Hosur Road,,,Change of plans,Not Applicable,Not Applicable,Not Applicable,246,Not Applicable,0,,
2024-07-26 02:30:00,CNR5294262086,Success,CID744424,Bike,Shantinagar,Yeshwanthpur,105.0,25.0,Not Applicable,Not Applicable,No,Not Applicable,2289,UPI,37,3.6,4.0
2024-07-06 19:42:00,CNR7632438763,Success,CID189998,Bike,Koramangala,Tumkur Road,84.0,50.0,Not Applicable,Not Applicable,No,Not Applicable,354,Cash,15,4.5,4.0
2024-07-24 11:49:00,CNR7692103632,Canceled by Customer,CID962187,Auto,Chamarajpet,Marathahalli,,,AC is Not working,Not Applicable,Not Applicable,Not Applicable,541,Not Applicable,0,,
2024-07-06 02:30:00,CNR2395157182,Canceled by Customer,CID345393,Prime Sedan,Ulsoor,Kammanahalli,,,Driver asked to cancel,Not Applicable,Not Applicable,Not Applicable,348,Not Applicable,0,,
2024-07-24 15:34:00,CNR1456236629,Canceled by Driver,CID917871,Auto,Hulimavu,Padmanabhanagar,,,Not Applicable,Customer was coughing/sick,Not Applicable,Not Applicable,910,Not Applicable,0,,
2024-07-21 13:44:00,CNR7488768239,Driver Not Found,CID782057,Bike,Ulsoor,Hennur,,,Not Applicable,Not Applicable,Not Applicable,Not Applicable,302,Not Applicable,0,,
2024-07-22 00:29:00,CNR7920901344,Success,CID257715,Prime Sedan,Ulsoor,Ulsoor,49.0,120.0,Not Applicable,Not Applicable,No,Not Applicable,389,UPI,24,3.2,4.7
2024-07-06 08:46:00,CNR5287177972,Canceled by Driver,CID672732,Prime SUV,Hebbal,Nagarbhavi,,,Not Applicable,Personal & Car related issue,Not Applicable,Not Applicable,191,Not Applicable,0,,
2024-07-14 03:13:00,CNR9299622153,Canceled by Customer,CID793137,Prime Plus,Whitefield,Yelahanka,,,Change of plans,Not Applicable,Not Applicable,Not Applicable,398,Not Applicable,0,,
2024-07-09 22:15:00,CNR6622123256,Canceled by Driver,CID633165,Auto,Vijayanagar,Hennur,,,Not Applicable,Personal & Car related issue,Not Applicable,Not Applicable,216,Not Applicable,0,,
2024-07-10 21:34:00,CNR6471728084,Driver Not Found,CID392257,Auto,Hennur,RT Nagar,,,Not Applicable,Not Applicable,Not Applicable,Not Applicable,476,Not Applicable,0,,
2024-07-22 19:43:00,CNR3620610914,Success,CID699111,Prime Plus,Kammanahalli,Banashankari,112.0,70.0,Not Applicable,Not Applicable,No,Not Applicable,176,UPI,20,3.8,4.6
2024-07-02 02:50:00,CNR6760503199,Success,CID322291,Auto,Electronic City,Electronic City,91.0,30.0,Not Applicable,Not Applicable,No,Not Applicable,406,Cash,7,3.6,4.4
2024-07-05 09:48:00,CNR6507119149,Success,CID498886,Mini,Shivajinagar,Devanahalli,280.0,135.0,Not Applicable,Not Applicable,No,Not Applicable,413,Cash,31,4.8,3.3
2024-07-13 13:52:00,CNR1461097914,Success,CID816512,eBike,Rajarajeshwari Nagar,Tumkur Road,196.0,125.0,Not Applicable,Not Applicable,No,Not Applicable,371,UPI,14,3.5,4.8
2024-07-23 03:09:00,CNR9611807537,Canceled by Customer,CID533321,Auto,Nagarbhavi,Indiranagar,,,Driver is not moving towards pickup location,Not Applicable,Not Applicable,Not Applicable,450,Not Applicable,0,,
2024-07-26 13:05:00,CNR5504451416,Driver Not Found,CID219867,Auto,Peenya,Frazer Town,,,Not Applicable,Not Applicable,Not Applicable,Not Applicable,1473,Not Applicable,0,,
2024-07-14 17:19:00,CNR3927969701,Canceled by Driver,CID687292,Prime Plus,Peenya,Devanahalli,,,Not Applicable,Customer was coughing/sick,Not Applicable,Not Applicable,187,Not Applicable,0,,
2024-07-01 11:15:00,CNR9732669484,Canceled by Customer,CID224048,Prime SUV,Bannerghatta Road,Shantinagar,,,Change of plans,Not Applicable,Not Applicable,Not Applicable,428,Not Applicable,0,,
2024-07-19 15:26:00,CNR4857337630,Success,CID640515,Prime Sedan,Hennur,Magadi Road,224.0,140.0,Not Applicable,Not Applicable,No,Not Applicable,379,Cash,13,3.6,3.0
2024-07-05 05:41:00,CNR5960189254,Canceled by Driver,CID254390,eBike,Kammanahalli,Langford Town,,,Not Applicable,Personal & Car related issue,Not Applicable,Not Applicable,1791,Not Applicable,0,,
2024-07-22 15:36:00,CNR7092474328,Success,CID825225,Prime SUV,HSR Layout,Yelahanka,266.0,85.0,Not Applicable,Not Applicable,No,Not Applicable,679,UPI,31,3.7,4.9
2024-07-06 22:36:00,CNR5551509587,Success,CID410990,Auto,Varthur,BTM Layout,245.0,115.0,Not Applicable,Not Applicable,No,Not Applicable,906,UPI,2,3.6,3.7
2024-07-18 13:48:00,CNR4535173885,Canceled by Customer,CID104504,eBike,Tumkur Road,Chamarajpet,,,Driver asked to cancel,Not Applicable,Not Applicable,Not Applicable,147,Not Applicable,0,,
2024-07-30 16:04:00,CNR5584257081,Success,CID950473,Prime Sedan,Chickpet,Yeshwanthpur,210.0,125.0,Not Applicable,Not Applicable,No,Not Applicable,275,UPI,41,4.5,4.9
2024-07-28 07:52:00,CNR2173286361,Canceled by Driver,CID274927,eBike,Shivajinagar,Kengeri,,,Not Applicable,Customer was coughing/sick,Not Applicable,Not Applicable,400,Not Applicable,0,,
2024-07-24 12:06:00,CNR1690664087,Success,CID371386,Prime SUV,Kammanahalli,Richmond Town,266.0,135.0,Not Applicable,Not Applicable,No,Not Applicable,319,UPI,9,3.8,4.4
2024-07-08 17:33:00,CNR7764685648,Success,CID506788,eBike,Malleshwaram,Kammanahalli,91.0,90.0,Not Applicable,Not Applicable,Yes,Vehicle Breakdown,318,Cash,32,4.2,4.4
2024-07-04 04:55:00,CNR1491164783,Success,CID394703,eBike,Hennur,Hennur,77.0,65.0,Not Applicable,Not Applicable,No,Not Applicable,335,Cash,1,3.2,4.6
2024-07-13 20:38:00,CNR2232863219,Success,CID506282,Prime SUV,Marathahalli,Electronic City,189.0,120.0,Not Applicable,Not Applicable,No,Not Applicable,990,Cash,24,4.6,4.5
2024-07-18 11:17:00,CNR7465949749,Success,CID255140,Prime Sedan,Varthur,Kammanahalli,154.0,140.0,Not Applicable,Not Applicable,No,Not Applicable,492,Cash,37,3.0,3.7
2024-07-11 12:55:00,CNR6984444063,Success,CID840513,eBike,Hosur Road,Chickpet,56.0,115.0,Not Applicable,Not Applicable,No,Not Applicable,412,UPI,6,3.1,4.5
2024-07-25 15:25:00,CNR5208740979,Canceled by Customer,CID761448,eBike,Padmanabhanagar,KR Puram,,,Driver is not moving towards pickup location,Not Applicable,Not Applicable,Not Applicable,695,Not Applicable,0,,
2024-07-06 07:17:00,CNR3430736913,Canceled by Driver,CID440983,Prime Sedan,Rajajinagar,Bannerghatta Road,,,Not Applicable,Personal & Car related issue,Not Applicable,Not Applicable,116,Not Applicable,0,,
2024-07-10 11:20:00,CNR7377705269,Success,CID190048,Auto,Langford Town,Ramamurthy Nagar,126.0,85.0,Not Applicable,Not Applicable,No,Not Applicable,356,UPI,14,3.0,3.1
2024-07-14 08:00:00,CNR8553415579,Canceled by Customer,CID629246,Prime SUV,Tumkur Road,Ulsoor,,,Driver is not moving towards pickup location,Not Applicable,Not Applicable,Not Applicable,292,Not Applicable,0,,
2024-07-06 10:23:00,CNR2371119165,Canceled by Customer,CID352984,eBike,Devanahalli,Rajarajeshwari Nagar,,,Driver asked to cancel,Not Applicable,Not Applicable,Not Applicable,752,Not Applicable,0,,
2024-07-21 15:51:00,CNR4222500037,Success,CID593639,Bike,Banashankari,Chickpet,35.0,125.0,Not Applicable,Not Applicable,No,Not Applicable,384,Cash,10,3.6,4.3
2024-07-10 08:10:00,CNR4833505739,Driver Not Found,CID603760,eBike,Kengeri,Vijayanagar,,,Not Applicable,Not Applicable,Not Applicable,Not Applicable,601,Not Applicable,0,,
2024-07-18 03:26:00,CNR2858138627,Canceled by Customer,CID487753,Bike,Frazer Town,HSR Layout,,,Driver asked to cancel,Not Applicable,Not Applicable,Not Applicable,144,Not Applicable,0,,
2024-07-08 22:25:00,CNR8488213506,Success,CID117970,Prime SUV,KR Puram,Kammanahalli,126.0,115.0,Not Applicable,Not Applicable,No,Not Applicable,213,Cash,7,4.1,3.6
2024-07-25 18:15:00,CNR1207945348,Driver Not Found,CID123357,Prime Sedan,Banashankari,Tumkur Road,,,Not Applicable,Not Applicable,Not Applicable,Not Applicable,1794,Not Applicable,0,,
2024-07-27 16:54:00,CNR8562518632,Driver Not Found,CID127834,Auto,MG Road,Hulimavu,,,Not Applicable,Not Applicable,Not Applicable,Not Applicable,535,Not Applicable,0,,
2024-07-28 08:54:00,CNR8947074065,Canceled by Driver,CID652957,Mini,Electronic City,Devanahalli,,,Not Applicable,Customer was coughing/sick,Not Applicable,Not Applicable,594,Not Applicable,0,,
2024-07-05 18:46:00,CNR1941593944,Success,CID238965,Bike,Kammanahalli,Sarjapur Road,301.0,110.0,Not Applicable,Not Applicable,No,Not Applicable,2546,UPI,49,4.9,3.5
2024-07-12 21:19:00,CNR8566611543,Success,CID252968,eBike,Marathahalli,Majestic,91.0,70.0,Not Applicable,Not Applicable,No,Not Applicable,127,Cash,7,4.2,4.0
2024-07-07 12:56:00,CNR3936034556,Success,CID642611,Prime Sedan,Rajarajeshwari Nagar,Mysore Road,224.0,30.0,Not Applicable,Not Applicable,No,Not Applicable,322,Cash,8,3.1,3.9
2024-07-27 21:28:00,CNR7327484401,Canceled by Customer,CID354177,Auto,HSR Layout,Richmond Town,,,Driver asked to cancel,Not Applicable,Not Applicable,Not Applicable,357,Not Applicable,0,,
2024-07-18 00:24:00,CNR1104915747,Success,CID379694,Prime Plus,Cox Town,Electronic City,294.0,110.0,Not Applicable,Not Applicable,No,Not Applicable,1990,Credit Card,28,4.3,4.4
2024-07-04 10:11:00,CNR1440448869,Success,CID297275,Prime SUV,HSR Layout,Sarjapur Road,259.0,80.0,Not Applicable,Not Applicable,No,Not Applicable,569,Cash,25,4.5,3.0
2024-07-22 19:28:00,CNR8250987849,Canceled by Driver,CID186208,Bike,Varthur,Padmanabhanagar,,,Not Applicable,Personal & Car related issue,Not Applicable,Not Applicable,104,Not Applicable,0,,
2024-07-12 06:09:00,CNR9635084416,Success,CID637795,Prime SUV,Malleshwaram,Yelahanka,287.0,80.0,Not Applicable,Not Applicable,No,Not Applicable,342,Cash,42,3.6,4.8
2024-07-01 06:27:00,CNR1592188687,Success,CID323595,eBike,Bannerghatta Road,Rajajinagar,168.0,120.0,Not Applicable,Not Applicable,No,Not Applicable,175,Cash,2,4.7,3.2
2024-07-25 10:18:00,CNR6400057660,Success,CID380154,Prime Sedan,Majestic,Indiranagar,56.0,40.0,Not Applicable,Not Applicable,No,Not Applicable,246,Cash,14,3.9,3.1
2024-07-27 12:10:00,CNR2719216668,Success,CID482758,Mini,Richmond Town,Basavanagudi,119.0,130.0,Not Applicable,Not Applicable,No,Not Applicable,257,Cash,35,3.3,3.1
2024-07-29 17:09:00,CNR4257250567,Success,CID739796,Prime SUV,Cox Town,JP Nagar,231.0,110.0,Not Applicable,Not Applicable,No,Not Applicable,282,UPI,1,5.0,3.5
2024-07-22 01:21:00,CNR9972977936,Success,CID467458,eBike,MG Road,Sahakar Nagar,189.0,45.0,Not Applicable,Not Applicable,No,Not Applicable,738,UPI,18,3.1,3.3
2024-07-11 16:15:00,CNR9901828622,Canceled by Driver,CID674437,Mini,Hosur Road,Sarjapur Road,,,Not Applicable,More than permitted people in there,Not Applicable,Not Applicable,165,Not Applicable,0,,
2024-07-27 09:03:00,CNR3273637720,Success,CID758850,Prime Plus,RT Nagar,Bannerghatta Road,294.0,120.0,Not Applicable,Not Applicable,No,Not Applicable,277,UPI,41,3.7,4.5
2024-07-17 07:28:00,CNR6103391682,Success,CID560305,Prime Plus,Kadugodi,Cox Town,42.0,120.0,Not Applicable,Not Applicable,No,Not Applicable,198,Credit Card,15,4.8,3.9
2024-07-24 06:07:00,CNR3762795158,Success,CID393964,Prime Plus,Sahakar Nagar,Hebbal,105.0,70.0,Not Applicable,Not Applicable,No,Not Applicable,497,Cash,29,4.0,4.8
2024-07-12 06:24:00,CNR2577765706,Success,CID854138,Mini,Nagarbhavi,Sarjapur Road,105.0,50.0,Not Applicable,Not Applicable,No,Not Applicable,332,UPI,40,4.5,4.5
2024-07-16 10:49:00,CNR6491073927,Success,CID675077,Auto,Electronic City,Hebbal,126.0,65.0,Not Applicable,Not Applicable,No,Not Applicable,152,UPI,19,3.6,3.4
2024-07-14 14:15:00,CNR7340406602,Canceled by Driver,CID926774,Mini,Frazer Town,Richmond Town,,,Not Applicable,Personal & Car related issue,Not Applicable,Not Applicable,883,Not Applicable,0,,
2024-07-19 07:45:00,CNR6339969380,Success,CID847245,eBike,Majestic,Yeshwanthpur,119.0,120.0,Not Applicable,Not Applicable,No,Not Applicable,486,Cash,6,3.4,3.5
2024-07-26 00:53:00,CNR1709119773,Success,CID690595,eBike,Varthur,Jayanagar,217.0,135.0,Not Applicable,Not Applicable,No,Not Applicable,581,UPI,49,4.3,3.5
2024-07-27 01:04:00,CNR2333585628,Success,CID240677,Prime Sedan,Chamarajpet,Kadugodi,175.0,70.0,Not Applicable,Not Applicable,No,Not Applicable,910,Cash,9,4.0,4.5
2024-07-02 16:58:00,CNR5126176028,Canceled by Driver,CID308422,Auto,Chickpet,Vijayanagar,,,Not Applicable,Personal & Car related issue,Not Applicable,Not Applicable,1818,Not Applicable,0,,
2024-07-20 10:56:00,CNR7907025738,Success,CID736163,Prime Sedan,HSR Layout,Indiranagar,140.0,120.0,Not Applicable,Not Applicable,No,Not Applicable,956,Cash,5,3.1,4.8
2024-07-15 17:10:00,CNR8153522044,Success,CID117669,Prime Sedan,Hennur,Rajarajeshwari Nagar,217.0,145.0,Not Applicable,Not Applicable,No,Not Applicable,228,UPI,29,4.8,3.4
2024-07-17 19:19:00,CNR7258141291,Success,CID974568,Mini,Richmond Town,Nagarbhavi,126.0,135.0,Not Applicable,Not Applicable,No,Not Applicable,270,UPI,48,4.2,3.9
2024-07-22 03:32:00,CNR7907491295,Success,CID565122,Mini,Chamarajpet,Whitefield,63.0,80.0,Not Applicable,Not Applicable,No,Not Applicable,499,Cash,41,3.7,3.9
2024-07-12 10:00:00,CNR9635372782,Success,CID113120,eBike,Hebbal,Devanahalli,168.0,25.0,Not Applicable,Not Applicable,No,Not Applicable,498,UPI,18,4.5,3.1
2024-07-13 15:13:00,CNR4245872005,Canceled by Driver,CID311744,Prime Plus,Basavanagudi,JP Nagar,,,Not Applicable,Customer was coughing/sick,Not Applicable,Not Applicable,360,Not Applicable,0,,
2024-07-22 10:42:00,CNR4592146854,Success,CID233097,Prime SUV,Chamarajpet,Vijayanagar,105.0,120.0,Not Applicable,Not Applicable,No,Not Applicable,139,UPI,17,4.3,3.0
2024-07-08 19:56:00,CNR6470644290,Canceled by Driver,CID159615,Mini,Rajajinagar,Shantinagar,,,Not Applicable,Customer related issue,Not Applicable,Not Applicable,927,Not Applicable,0,,
2024-07-18 13:55:00,CNR9993446652,Success,CID232157,Bike,Shantinagar,Chamarajpet,147.0,100.0,Not Applicable,Not Applicable,No,Not Applicable,249,UPI,6,3.8,3.2
2024-07-20 11:31:00,CNR7204203057,Canceled by Driver,CID900595,Prime Sedan,Shantinagar,Tumkur Road,,,Not Applicable,More than permitted people in there,Not Applicable,Not Applicable,815,Not Applicable,0,,
2024-07-06 23:17:00,CNR8913232367,Success,CID402591,Mini,KR Puram,Tumkur Road,196.0,80.0,Not Applicable,Not Applicable,No,Not Applicable,417,Cash,27,3.8,3.9
2024-07-20 17:22:00,CNR9912324681,Canceled by Driver,CID745079,eBike,Bellandur,Bellandur,,,Not Applicable,Customer related issue,Not Applicable,Not Applicable,359,Not Applicable,0,,
2024-07-25 15:05:00,CNR9152423418,Success,CID433280,eBike,Whitefield,Jayanagar,217.0,65.0,Not Applicable,Not Applicable,No,Not Applicable,145,UPI,27,5.0,4.6
2024-07-23 19:57:00,CNR2204162429,Canceled by Customer,CID400284,Prime Sedan,Majestic,Kammanahalli,,,Driver is not moving towards pickup location,Not Applicable,Not Applicable,Not Applicable,2120,Not Applicable,0,,
2024-07-16 20:17:00,CNR6745208854,Success,CID698737,Prime Sedan,Rajajinagar,Cox Town,154.0,75.0,Not Applicable,Not Applicable,No,Not Applicable,301,UPI,28,4.4,3.8
2024-07-15 14:52:00,CNR6345996772,Success,CID397785,Auto,Majestic,Varthur,252.0,50.0,Not Applicable,Not Applicable,No,Not Applicable,385,UPI,1,4.4,3.9
2024-07-14 10:04:00,CNR4692871185,Success,CID906418,Mini,Langford Town,JP Nagar,301.0,55.0,Not Applicable,Not Applicable,No,Not Applicable,311,UPI,30,4.2,3.5
2024-07-23 10:09:00,CNR4462725563,Canceled by Driver,CID221045,Prime Sedan,Hebbal,Nagarbhavi,,,Not Applicable,Personal & Car related issue,Not Applicable,Not Applicable,2211,Not Applicable,0,,
2024-07-22 05:41:00,CNR4760666229,Success,CID580836,Mini,Hulimavu,Majestic,154.0,75.0,Not Applicable,Not Applicable,No,Not Applicable,876,Cash,6,5.0,3.3
2024-07-12 04:58:00,CNR9123209718,Canceled by Driver,CID744128,eBike,Indiranagar,Sahakar Nagar,,,Not Applicable,Personal & Car related issue,Not Applicable,Not Applicable,439,Not Applicable,0,,
2024-07-26 16:47:00,CNR7049597724,Success,CID364911,Auto,Kammanahalli,Yeshwanthpur,259.0,135.0,Not Applicable,Not Applicable,No,Not Applicable,375,Cash,13,4.6,4.8
2024-07-09 08:15:00,CNR7090641754,Success,CID223434,Mini,JP Nagar,Whitefield,182.0,35.0,Not Applicable,Not Applicable,No,Not Applicable,426,Cash,36,4.8,4.6
2024-07-01 03:31:00,CNR2394363438,Success,CID433042,Auto,KR Puram,Whitefield,49.0,135.0,Not Applicable,Not Applicable,No,Not Applicable,468,UPI,14,3.6,3.8
2024-07-11 18:24:00,CNR2400590728,Canceled by Driver,CID523682,Prime SUV,Bannerghatta Road,Shantinagar,,,Not Applicable,More than permitted people in there,Not Applicable,Not Applicable,864,Not Applicable,0,,
2024-07-20 22:05:00,CNR2671453107,Success,CID883820,Mini,JP Nagar,Indiranagar,294.0,95.0,Not Applicable,Not Applicable,No,Not Applicable,375,UPI,37,3.6,3.2
2024-07-14 04:12:00,CNR5861545556,Canceled by Driver,CID685253,Mini,Chamarajpet,Varthur,,,Not Applicable,Customer was coughing/sick,Not Applicable,Not Applicable,1402,Not Applicable,0,,
2024-07-18 07:38:00,CNR1238815636,Success,CID116192,eBike,Shivajinagar,Ulsoor,189.0,55.0,Not Applicable,Not Applicable,No,Not Applicable,648,Cash,40,4.6,3.7
2024-07-27 08:55:00,CNR6503420102,Success,CID823764,Prime Plus,Ulsoor,Shivajinagar,147.0,135.0,Not Applicable,Not Applicable,No,Not Applicable,167,UPI,4,4.7,4.3
2024-07-25 17:33:00,CNR6113433663,Success,CID641841,eBike,Bellandur,Majestic,175.0,115.0,Not Applicable,Not Applicable,No,Not Applicable,162,UPI,26,3.9,3.8
2024-07-06 15:03:00,CNR9864121061,Success,CID842902,eBike,Shantinagar,Shantinagar,196.0,140.0,Not Applicable,Not Applicable,No,Not Applicable,466,Cash,15,3.3,3.8
2024-07-09 08:27:00,CNR2385231219,Success,CID205220,Auto,Marathahalli,Whitefield,182.0,65.0,Not Applicable,Not Applicable,No,Not Applicable,804,UPI,6,5.0,3.1
2024-07-28 01:34:00,CNR1693894972,Success,CID683760,Prime SUV,Ulsoor,Banashankari,154.0,50.0,Not Applicable,Not Applicable,No,Not Applicable,390,UPI,20,4.4,3.2
2024-07-19 12:13:00,CNR8732659411,Success,CID784135,Auto,Indiranagar,Sahakar Nagar,49.0,55.0,Not Applicable,Not Applicable,No,Not Applicable,349,UPI,14,4.4,3.3
2024-07-26 16:56:00,CNR9014547491,Canceled by Driver,CID151936,Bike,Chamarajpet,Majestic,,,Not Applicable,Customer related issue,Not Applicable,Not Applicable,203,Not Applicable,0,,
2024-07-24 10:29:00,CNR6757260462,Success,CID888051,Mini,RT Nagar,Sahakar Nagar,217.0,50.0,Not Applicable,Not Applicable,No,Not Applicable,428,Cash,4,4.9,4.8
2024-07-13 00:15:00,CNR6097697537,Driver Not Found,CID484433,eBike,Kengeri,Yeshwanthpur,,,Not Applicable,Not Applicable,Not Applicable,Not Applicable,451,Not Applicable,0,,
2024-07-27 17:48:00,CNR1109012292,Success,CID178206,Bike,JP Nagar,Shantinagar,140.0,95.0,Not Applicable,Not Applicable,No,Not Applicable,301,Cash,25,3.0,4.7
2024-07-11 12:42:00,CNR3241859957,Success,CID930450,Prime Sedan,Kammanahalli,JP Nagar,175.0,55.0,Not Applicable,Not Applicable,No,Not Applicable,312,Cash,4,3.1,4.7
2024-07-17 11:54:00,CNR3114340809,Success,CID106825,Bike,Koramangala,Hennur,273.0,110.0,Not Applicable,Not Applicable,No,Not Applicable,322,Cash,12,4.2,4.7
2024-07-29 08:32:00,CNR9669991519,Canceled by Driver,CID781837,Prime Plus,Varthur,Chickpet,,,Not Applicable,Customer was coughing/sick,Not Applicable,Not Applicable,563,Not Applicable,0,,
2024-07-04 21:49:00,CNR6034483673,Canceled by Customer,CID464432,Bike,Indiranagar,Sarjapur Road,,,Wrong Address,Not Applicable,Not Applicable,Not Applicable,277,Not Applicable,0,,
2024-07-25 02:28:00,CNR6784324297,Driver Not Found,CID874727,Prime Sedan,Koramangala,Hosur Road,,,Not Applicable,Not Applicable,Not Applicable,Not Applicable,134,Not Applicable,0,,
2024-07-25 21:27:00,CNR2969144460,Success,CID531876,Prime Sedan,Mysore Road,Ramamurthy Nagar,84.0,85.0,Not Applicable,Not Applicable,No,Not Applicable,176,UPI,15,4.6,3.6
2024-07-24 15:01:00,CNR9503677091,Success,CID938334,Prime Plus,Marathahalli,Ramamurthy Nagar,105.0,30.0,Not Applicable,Not Applicable,No,Not Applicable,719,Cash,3,3.7,3.1
2024-07-06 15:09:00,CNR5231197011,Success,CID337900,Prime SUV,Kadugodi,KR Puram,217.0,105.0,Not Applicable,Not Applicable,No,Not Applicable,207,UPI,27,3.2,3.3
2024-07-23 02:49:00,CNR7725933350,Success,CID133120,Prime Sedan,BTM Layout,Jayanagar,273.0,115.0,Not Applicable,Not Applicable,No,Not Applicable,630,Cash,3,4.2,4.7
2024-07-27 04:04:00,CNR3816077187,Success,CID936681,Bike,Varthur,Ramamurthy Nagar,273.0,40.0,Not Applicable,Not Applicable,No,Not Applicable,262,UPI,15,3.5,3.4
2024-07-27 19:32:00,CNR9310936878,Success,CID596347,Prime SUV,Peenya,Basavanagudi,35.0,100.0,Not Applicable,Not Applicable,No,Not Applicable,327,Cash,9,3.8,3.7
2024-07-10 02:52:00,CNR2909409093,Success,CID253227,Prime Sedan,Devanahalli,Hulimavu,168.0,70.0,Not Applicable,Not Applicable,Yes,Other Issue,226,Cash,32,4.4,3.1
2024-07-20 18:04:00,CNR2690847374,Success,CID990678,Prime Sedan,Jayanagar,Whitefield,224.0,30.0,Not Applicable,Not Applicable,No,Not Applicable,151,Cash,2,3.7,3.4
2024-07-01 23:40:00,CNR3519232855,Success,CID665278,eBike,Nagarbhavi,Yeshwanthpur,84.0,135.0,Not Applicable,Not Applicable,No,Not Applicable,207,Cash,30,4.5,3.0
2024-07-08 11:45:00,CNR4362169528,Canceled by Customer,CID886812,Mini,Kadugodi,Shivajinagar,,,Change of plans,Not Applicable,Not Applicable,Not Applicable,423,Not Applicable,0,,
2024-07-05 07:51:00,CNR4685113147,Canceled by Customer,CID978454,Prime Sedan,Chamarajpet,Nagarbhavi,,,Driver is not moving towards pickup location,Not Applicable,Not Applicable,Not Applicable,391,Not Applicable,0,,
2024-07-02 20:04:00,CNR5565057465,Success,CID191981,Prime Sedan,Malleshwaram,Bellandur,210.0,125.0,Not Applicable,Not Applicable,No,Not Applicable,591,Cash,12,3.3,3.2
2024-07-10 22:28:00,CNR9754426218,Canceled by Driver,CID403014,Bike,Devanahalli,Yeshwanthpur,,,Not Applicable,Customer related issue,Not Applicable,Not Applicable,194,Not Applicable,0,,
2024-07-15 18:11:00,CNR7869443838,Success,CID823404,Auto,Shantinagar,Cox Town,308.0,50.0,Not Applicable,Not Applicable,No,Not Applicable,777,Cash,12,4.4,4.9
2024-07-26 06:04:00,CNR3527415600,Success,CID799838,eBike,Yelahanka,HSR Layout,182.0,60.0,Not Applicable,Not Applicable,No,Not Applicable,202,Cash,6,4.2,3.6
2024-07-01 21:54:00,CNR2472542888,Success,CID762547,Prime Sedan,Banashankari,Ramamurthy Nagar,189.0,75.0,Not Applicable,Not Applicable,No,Not Applicable,177,UPI,40,3.9,4.8
2024-07-21 04:46:00,CNR5299020285,Success,CID213216,Auto,Hosur Road,Shantinagar,301.0,110.0,Not Applicable,Not Applicable,No,Not Applicable,476,UPI,8,3.2,4.9
2024-07-13 18:46:00,CNR8275885961,Success,CID640844,Prime SUV,Ramamurthy Nagar,Magadi Road,245.0,110.0,Not Applicable,Not Applicable,No,Not Applicable,282,Cash,21,3.7,3.5
2024-07-04 07:06:00,CNR3508146132,Success,CID559534,Prime Sedan,Kengeri,KR Puram,301.0,70.0,Not Applicable,Not Applicable,No,Not Applicable,463,Credit Card,44,3.6,3.1
2024-07-16 11:02:00,CNR8171062158,Driver Not Found,CID588757,Prime Sedan,Nagarbhavi,Sahakar Nagar,,,Not Applicable,Not Applicable,Not Applicable,Not Applicable,668,Not Applicable,0,,
2024-07-07 00:29:00,CNR4631613611,Success,CID945165,Prime Sedan,Magadi Road,Whitefield,280.0,55.0,Not Applicable,Not Applicable,No,Not Applicable,101,Cash,18,4.5,5.0
2024-07-04 15:15:00,CNR3026538797,Success,CID109333,Prime SUV,Peenya,Koramangala,273.0,35.0,Not Applicable,Not Applicable,No,Not Applicable,846,Credit Card,21,4.7,4.6
2024-07-26 10:58:00,CNR5612324596,Canceled by Customer,CID667774,Prime SUV,Hebbal,Bellandur,,,AC is Not working,Not Applicable,Not Applicable,Not Applicable,867,Not Applicable,0,,
2024-07-18 21:54:00,CNR2965382684,Success,CID900738,eBike,HSR Layout,Basavanagudi,42.0,135.0,Not Applicable,Not Applicable,No,Not Applicable,429,UPI,8,4.4,3.7
2024-07-04 15:47:00,CNR1737975405,Success,CID328271,Prime SUV,Basavanagudi,Bannerghatta Road,56.0,35.0,Not Applicable,Not Applicable,No,Not Applicable,252,Cash,25,3.9,4.0
2024-07-18 23:24:00,CNR1688511502,Driver Not Found,CID633065,Prime Sedan,Langford Town,Hosur Road,,,Not Applicable,Not Applicable,Not Applicable,Not Applicable,130,Not Applicable,0,,
2024-07-12 23:03:00,CNR2563506772,Success,CID140598,eBike,MG Road,Sahakar Nagar,189.0,145.0,Not Applicable,Not Applicable,No,Not Applicable,187,Cash,32,3.4,3.7
2024-07-11 04:11:00,CNR5290515449,Canceled by Driver,CID635650,Prime Plus,RT Nagar,Hulimavu,,,Not Applicable,Customer related issue,Not Applicable,Not Applicable,488,Not Applicable,0,,
2024-07-21 23:52:00,CNR2704329690,Canceled by Driver,CID524707,Bike,Rajarajeshwari Nagar,Shantinagar,,,Not Applicable,Customer was coughing/sick,Not Applicable,Not Applicable,753,Not Applicable,0,,
2024-07-23 09:41:00,CNR3548748331,Success,CID347423,Prime Sedan,Bannerghatta Road,Malleshwaram,35.0,90.0,Not Applicable,Not Applicable,No,Not Applicable,413,Cash,16,4.6,4.1
2024-07-11 15:57:00,CNR3355357536,Success,CID789944,Mini,Whitefield,Cox Town,231.0,130.0,Not Applicable,Not Applicable,No,Not Applicable,393,UPI,13,3.4,3.4
2024-07-26 17:42:00,CNR9769965710,Canceled by Driver,CID736021,Prime SUV,Kammanahalli,MG Road,,,Not Applicable,Customer was coughing/sick,Not Applicable,Not Applicable,210,Not Applicable,0,,
2024-07-11 06:40:00,CNR7506476150,Success,CID831784,eBike,Magadi Road,Majestic,308.0,135.0,Not Applicable,Not Applicable,No,Not Applicable,362,UPI,11,4.6,3.7
2024-07-03 08:48:00,CNR5975920451,Success,CID443046,Auto,Marathahalli,Basavanagudi,119.0,105.0,Not Applicable,Not Applicable,No,Not Applicable,477,Cash,10,3.7,4.8
2024-07-10 15:46:00,CNR2357548068,Canceled by Driver,CID546472,Bike,Ramamurthy Nagar,Sarjapur Road,,,Not Applicable,Personal & Car related issue,Not Applicable,Not Applicable,197,Not Applicable,0,,
2024-07-25 00:00:00,CNR3787737141,Success,CID724897,Prime Plus,Kammanahalli,Majestic,203.0,50.0,Not Applicable,Not Applicable,No,Not Applicable,323,UPI,36,3.5,3.5
2024-07-24 13:36:00,CNR7507723080,Canceled by Driver,CID970390,Prime Sedan,Hennur,Varthur,,,Not Applicable,Personal & Car related issue,Not Applicable,Not Applicable,2989,Not Applicable,0,,
2024-07-03 07:45:00,CNR4553661397,Success,CID728218,Auto,Rajarajeshwari Nagar,Chamarajpet,217.0,50.0,Not Applicable,Not Applicable,No,Not Applicable,281,Cash,6,4.8,4.1
2024-07-25 20:36:00,CNR1425173377,Success,CID183695,Mini,Shantinagar,Rajarajeshwari Nagar,280.0,75.0,Not Applicable,Not Applicable,No,Not Applicable,104,UPI,19,4.4,3.6
2024-07-27 12:42:00,CNR7241969367,Success,CID968939,Mini,Hulimavu,Tumkur Road,287.0,40.0,Not Applicable,Not Applicable,No,Not Applicable,1600,Cash,32,4.6,4.4
2024-07-01 05:36:00,CNR3923006697,Success,CID855298,Prime SUV,Hebbal,Langford Town,238.0,140.0,Not Applicable,Not Applicable,No,Not Applicable,174,Cash,33,5.0,3.1
2024-07-08 20:56:00,CNR8249138885,Canceled by Driver,CID773449,Prime SUV,Tumkur Road,Devanahalli,,,Not Applicable,Personal & Car related issue,Not Applicable,Not Applicable,493,Not Applicable,0,,
2024-07-02 16:18:00,CNR6192472541,Success,CID993163,Mini,Hennur,Magadi Road,70.0,60.0,Not Applicable,Not Applicable,No,Not Applicable,183,Cash,7,4.7,3.8
2024-07-01 09:59:00,CNR7317848109,Success,CID565674,Prime SUV,Chickpet,Shantinagar,189.0,95.0,Not Applicable,Not Applicable,No,Not Applicable,270,UPI,32,3.0,3.3
2024-07-28 18:36:00,CNR8651494354,Success,CID706792,Bike,Tumkur Road,Ramamurthy Nagar,49.0,70.0,Not Applicable,Not Applicable,No,Not Applicable,347,UPI,42,3.7,4.8
2024-07-15 21:58:00,CNR4056138483,Canceled by Driver,CID816407,Auto,Jayanagar,Majestic,,,Not Applicable,Personal & Car related issue,Not Applicable,Not Applicable,158,Not Applicable,0,,
2024-07-26 07:39:00,CNR2679380746,Success,CID905242,Prime SUV,MG Road,JP Nagar,105.0,85.0,Not Applicable,Not Applicable,No,Not Applicable,401,Credit Card,8,3.9,4.8
2024-07-13 13:13:00,CNR3400694317,Canceled by Customer,CID188659,Bike,Mysore Road,Tumkur Road,,,Change of plans,Not Applicable,Not Applicable,Not Applicable,192,Not Applicable,0,,
2024-07-01 16:43:00,CNR3058360654,Success,CID601021,Prime Plus,Tumkur Road,Nagarbhavi,56.0,40.0,Not Applicable,Not Applicable,No,Not Applicable,2261,UPI,32,3.1,3.0
2024-07-09 06:19:00,CNR5062383379,Success,CID948901,Prime SUV,Basavanagudi,MG Road,245.0,90.0,Not Applicable,Not Applicable,No,Not Applicable,993,Cash,26,3.4,3.5
2024-07-25 08:35:00,CNR4157528320,Success,CID806674,Mini,Sarjapur Road,Kammanahalli,189.0,115.0,Not Applicable,Not Applicable,No,Not Applicable,157,UPI,35,3.2,4.2
2024-07-27 22:53:00,CNR5120088723,Success,CID815760,Prime SUV,Jayanagar,Rajajinagar,70.0,40.0,Not Applicable,Not Applicable,No,Not Applicable,442,UPI,41,4.0,3.3
2024-07-14 16:55:00,CNR7022652493,Success,CID849738,Mini,Hebbal,Hosur Road,168.0,25.0,Not Applicable,Not Applicable,No,Not Applicable,373,Cash,19,3.0,3.5
2024-07-11 16:06:00,CNR7313271816,Success,CID554273,Prime SUV,Richmond Town,Basavanagudi,217.0,90.0,Not Applicable,Not Applicable,No,Not Applicable,199,Cash,10,4.8,3.5
2024-07-30 15:49:00,CNR1709925413,Success,CID786546,Auto,Basavanagudi,Yeshwanthpur,112.0,110.0,Not Applicable,Not Applicable,No,Not Applicable,226,Cash,8,4.2,4.6
2024-07-21 22:29:00,CNR7793498903,Success,CID521915,eBike,Koramangala,Chamarajpet,217.0,80.0,Not Applicable,Not Applicable,No,Not Applicable,125,Cash,4,4.1,3.8
2024-07-05 12:22:00,CNR7593037710,Success,CID675765,Bike,Richmond Town,Hebbal,98.0,25.0,Not Applicable,Not Applicable,No,Not Applicable,682,Cash,7,4.5,4.9
2024-07-07 20:07:00,CNR2800012120,Success,CID745743,Mini,Hennur,Peenya,287.0,45.0,Not Applicable,Not Applicable,No,Not Applicable,141,UPI,46,5.0,3.4
2024-07-01 09:20:00,CNR6359059999,Canceled by Driver,CID244723,Prime SUV,Vijayanagar,Yeshwanthpur,,,Not Applicable,Customer related issue,Not Applicable,Not Applicable,461,Not Applicable,0,,
2024-07-29 14:27:00,CNR9926102968,Success,CID558189,Prime SUV,Jayanagar,Mysore Road,56.0,100.0,Not Applicable,Not Applicable,Yes,Customer Demand,451,UPI,46,3.3,3.3
2024-07-22 20:22:00,CNR2369590378,Success,CID140300,Prime SUV,Chamarajpet,Sarjapur Road,224.0,25.0,Not Applicable,Not Applicable,No,Not Applicable,371,Cash,23,4.0,4.5
2024-07-09 02:56:00,CNR5807001141,Success,CID946050,Prime Sedan,Shantinagar,KR Puram,168.0,65.0,Not Applicable,Not Applicable,No,Not Applicable,203,UPI,28,3.3,3.8
2024-07-04 00:40:00,CNR7205991269,Success,CID841382,Prime SUV,Mysore Road,Kammanahalli,238.0,80.0,Not Applicable,Not Applicable,No,Not Applicable,573,UPI,27,4.8,3.2
2024-07-12 01:45:00,CNR5065524635,Canceled by Driver,CID567555,Prime Plus,Shivajinagar,Sarjapur Road,,,Not Applicable,Personal & Car related issue,Not Applicable,Not Applicable,839,Not Applicable,0,,
2024-07-17 12:25:00,CNR9818889193,Success,CID629998,Bike,Kadugodi,Kammanahalli,294.0,100.0,Not Applicable,Not Applicable,No,Not Applicable,851,Cash,45,4.3,4.2
2024-07-22 08:14:00,CNR3604625257,Success,CID807841,eBike,Frazer Town,Bellandur,175.0,130.0,Not Applicable,Not Applicable,No,Not Applicable,341,Cash,40,4.1,3.3
2024-07-14 12:30:00,CNR6667640455,Success,CID578954,Bike,Kammanahalli,Cox Town,259.0,25.0,Not Applicable,Not Applicable,No,Not Applicable,245,Cash,35,4.1,4.0
2024-07-07 13:03:00,CNR9864345290,Canceled by Driver,CID996599,Bike,BTM Layout,Rajarajeshwari Nagar,,,Not Applicable,More than permitted people in there,Not Applicable,Not Applicable,430,Not Applicable,0,,
2024-07-03 03:40:00,CNR1684609304,Success,CID214378,eBike,Chickpet,Jayanagar,252.0,95.0,Not Applicable,Not Applicable,No,Not Applicable,128,UPI,26,4.2,3.1
2024-07-14 02:46:00,CNR9966446436,Driver Not Found,CID347612,Prime Plus,Bellandur,Indiranagar,,,Not Applicable,Not Applicable,Not Applicable,Not Applicable,446,Not Applicable,0,,
2024-07-16 11:09:00,CNR7789885829,Driver Not Found,CID471666,eBike,Kengeri,Hennur,,,Not Applicable,Not Applicable,Not Applicable,Not Applicable,339,Not Applicable,0,,
2024-07-08 15:58:00,CNR9135389668,Success,CID619585,Bike,Bannerghatta Road,Koramangala,112.0,50.0,Not Applicable,Not Applicable,No,Not Applicable,202,Cash,32,4.3,3.4
2024-07-07 06:49:00,CNR2115185811,Success,CID938943,Bike,Kammanahalli,Langford Town,182.0,125.0,Not Applicable,Not Applicable,No,Not Applicable,209,UPI,2,3.0,3.9
2024-07-13 02:24:00,CNR8625208410,Driver Not Found,CID851928,Prime Sedan,Shivajinagar,Peenya,,,Not Applicable,Not Applicable,Not Applicable,Not Applicable,219,Not Applicable,0,,
2024-07-06 05:04:00,CNR6024989619,Success,CID368797,Bike,Richmond Town,Yelahanka,182.0,90.0,Not Applicable,Not Applicable,No,Not Applicable,217,UPI,32,4.0,3.9
2024-07-03 09:35:00,CNR3933731230,Canceled by Driver,CID982252,Auto,Rajajinagar,Langford Town,,,Not Applicable,Customer related issue,Not Applicable,Not Applicable,145,Not Applicable,0,,
2024-07-28 01:27:00,CNR9150186868,Canceled by Customer,CID242783,Auto,Hennur,Electronic City,,,Change of plans,Not Applicable,Not Applicable,Not Applicable,779,Not Applicable,0,,
2024-07-21 15:10:00,CNR7931528738,Driver Not Found,CID423541,eBike,RT Nagar,Rajarajeshwari Nagar,,,Not Applicable,Not Applicable,Not Applicable,Not Applicable,2081,Not Applicable,0,,
2024-07-15 12:49:00,CNR8562283412,Success,CID218156,Prime Sedan,Cox Town,Rajarajeshwari Nagar,42.0,85.0,Not Applicable,Not Applicable,No,Not Applicable,637,UPI,3,4.1,4.8
2024-07-29 07:23:00,CNR2106082663,Success,CID500456,Mini,Yelahanka,Bellandur,84.0,30.0,Not Applicable,Not Applicable,No,Not Applicable,136,UPI,42,3.2,3.7
2024-07-11 10:44:00,CNR1231499091,Success,CID854142,Prime SUV,Varthur,Devanahalli,280.0,65.0,Not Applicable,Not Applicable,No,Not Applicable,493,Cash,8,3.8,3.1
2024-07-29 22:44:00,CNR9266899609,Success,CID223578,Prime Sedan,Kammanahalli,Sarjapur Road,252.0,60.0,Not Applicable,Not Applicable,No,Not Applicable,1125,Cash,14,3.3,4.2
2024-07-09 21:26:00,CNR4140937927,Success,CID240886,Prime SUV,Nagarbhavi,Vijayanagar,259.0,85.0,Not Applicable,Not Applicable,No,Not Applicable,191,UPI,19,4.2,4.2
2024-07-15 08:56:00,CNR2602342516,Canceled by Driver,CID426488,eBike,Sarjapur Road,Hosur Road,,,Not Applicable,More than permitted people in there,Not Applicable,Not Applicable,480,Not Applicable,0,,
2024-07-12 11:12:00,CNR7315423368,Success,CID423231,Prime SUV,Richmond Town,MG Road,133.0,120.0,Not Applicable,Not Applicable,No,Not Applicable,312,Cash,41,3.1,4.5
2024-07-17 10:12:00,CNR2669627577,Success,CID759704,Bike,Tumkur Road,Yelahanka,63.0,65.0,Not Applicable,Not Applicable,No,Not Applicable,283,Cash,12,3.7,4.9
2024-07-03 07:28:00,CNR2051340241,Success,CID973177,Bike,MG Road,Marathahalli,70.0,105.0,Not Applicable,Not Applicable,Yes,Customer Demand,160,UPI,32,4.1,3.0
2024-07-10 08:37:00,CNR8848917834,Success,CID453478,Mini,Cox Town,Sarjapur Road,252.0,40.0,Not Applicable,Not Applicable,No,Not Applicable,242,Cash,6,3.5,3.6
2024-07-09 17:34:00,CNR6330863408,Driver Not Found,CID476191,Bike,Bellandur,Jayanagar,,,Not Applicable,Not Applicable,Not Applicable,Not Applicable,638,Not Applicable,0,,
2024-07-05 08:29:00,CNR9928479446,Success,CID845792,Prime Plus,Richmond Town,Frazer Town,84.0,55.0,Not Applicable,Not Applicable,No,Not Applicable,298,UPI,30,3.7,4.7
2024-07-22 01:21:00,CNR9959990185,Success,CID404395,Prime Sedan,Indiranagar,HSR Layout,70.0,145.0,Not Applicable,Not Applicable,No,Not Applicable,485,UPI,13,4.1,3.8
2024-07-24 16:25:00,CNR3802001035,Canceled by Customer,CID473703,eBike,Yeshwanthpur,JP Nagar,,,AC is Not working,Not Applicable,Not Applicable,Not Applicable,345,Not Applicable,0,,
2024-07-01 00:37:00,CNR8784178970,Success,CID773994,Auto,Whitefield,Langford Town,133.0,60.0,Not Applicable,Not Applicable,No,Not Applicable,255,UPI,5,3.8,3.1
2024-07-01 10:29:00,CNR5797742139,Canceled by Driver,CID972852,Prime Plus,Frazer Town,Tumkur Road,,,Not Applicable,Customer was coughing/sick,Not Applicable,Not Applicable,970,Not Applicable,0,,
2024-07-25 00:08:00,CNR7238709522,Success,CID872571,Auto,Malleshwaram,Chickpet,252.0,70.0,Not Applicable,Not Applicable,No,Not Applicable,261,Cash,4,3.4,3.5
2024-07-11 21:58:00,CNR5101487503,Driver Not Found,CID377493,Auto,Richmond Town,Kengeri,,,Not Applicable,Not Applicable,Not Applicable,Not Applicable,134,Not Applicable,0,,
2024-07-23 05:17:00,CNR4048467691,Canceled by Driver,CID858211,Prime SUV,Varthur,Frazer Town,,,Not Applicable,Customer related issue,Not Applicable,Not Applicable,395,Not Applicable,0,,
2024-07-17 09:59:00,CNR7318017004,Canceled by Customer,CID540145,Prime SUV,JP Nagar,MG Road,,,AC is Not working,Not Applicable,Not Applicable,Not Applicable,456,Not Applicable,0,,
2024-07-20 18:00:00,CNR5765101989,Driver Not Found,CID245008,Prime SUV,Ulsoor,Bannerghatta Road,,,Not Applicable,Not Applicable,Not Applicable,Not Applicable,187,Not Applicable,0,,
2024-07-16 05:59:00,CNR4656112090,Success,CID910302,Auto,Malleshwaram,Devanahalli,70.0,45.0,Not Applicable,Not Applicable,No,Not Applicable,379,Cash,16,3.2,3.1
2024-07-26 19:58:00,CNR2983717122,Success,CID451360,Mini,Langford Town,Kammanahalli,245.0,65.0,Not Applicable,Not Applicable,No,Not Applicable,781,Cash,25,4.4,3.9
2024-07-08 10:28:00,CNR7070989618,Canceled by Driver,CID983792,Prime Sedan,Frazer Town,Basavanagudi,,,Not Applicable,Customer was coughing/sick,Not Applicable,Not Applicable,475,Not Applicable,0,,
2024-07-05 01:24:00,CNR8458533651,Success,CID139193,Prime SUV,Malleshwaram,Vijayanagar,147.0,45.0,Not Applicable,Not Applicable,No,Not Applicable,270,Cash,3,4.7,4.7
2024-07-06 21:47:00,CNR2912041489,Success,CID256419,eBike,Magadi Road,Hebbal,203.0,60.0,Not Applicable,Not Applicable,No,Not Applicable,270,Cash,19,4.0,4.9
2024-07-16 20:51:00,CNR3807006428,Success,CID606251,Auto,HSR Layout,JP Nagar,147.0,120.0,Not Applicable,Not Applicable,No,Not Applicable,489,UPI,2,4.2,3.5
2024-07-08 15:19:00,CNR6101407524,Success,CID684918,Auto,Hennur,RT Nagar,168.0,115.0,Not Applicable,Not Applicable,No,Not Applicable,187,Cash,1,4.0,3.3
2024-07-30 05:47:00,CNR9090668307,Success,CID616346,eBike,MG Road,Electronic City,105.0,100.0,Not Applicable,Not Applicable,No,Not Applicable,789,UPI,18,3.6,3.9
2024-07-24 14:03:00,CNR1953704908,Canceled by Driver,CID317159,eBike,MG Road,Electronic City,,,Not Applicable,Customer related issue,Not Applicable,Not Applicable,196,Not Applicable,0,,
2024-07-03 11:25:00,CNR8184593712,Success,CID361121,Prime Sedan,Yelahanka,Mysore Road,168.0,40.0,Not Applicable,Not Applicable,No,Not Applicable,115,Cash,46,3.4,4.6
2024-07-10 13:37:00,CNR6077381375,Driver Not Found,CID629701,Auto,HSR Layout,Vijayanagar,,,Not Applicable,Not Applicable,Not Applicable,Not Applicable,151,Not Applicable,0,,
2024-07-03 13:07:00,CNR7818897072,Success,CID221036,Prime SUV,Richmond Town,Chamarajpet,112.0,25.0,Not Applicable,Not Applicable,No,Not Applicable,741,Cash,2,3.4,4.5
2024-07-18 22:22:00,CNR7729984755,Success,CID942535,eBike,Shantinagar,Hennur,112.0,80.0,Not Applicable,Not Applicable,No,Not Applicable,134,UPI,13,4.3,3.5
2024-07-07 19:57:00,CNR7006148081,Canceled by Customer,CID473483,Auto,Yelahanka,Kadugodi,,,AC is Not working,Not Applicable,Not Applicable,Not Applicable,257,Not Applicable,0,,
2024-07-26 04:56:00,CNR9522038920,Success,CID160036,Auto,Marathahalli,RT Nagar,133.0,125.0,Not Applicable,Not Applicable,No,Not Applicable,2679,UPI,15,3.3,3.5
2024-07-03 08:49:00,CNR8233055398,Canceled by Driver,CID336097,Auto,Marathahalli,Langford Town,,,Not Applicable,Customer related issue,Not Applicable,Not Applicable,258,Not Applicable,0,,
2024-07-11 03:31:00,CNR4804781910,Success,CID196490,Mini,Koramangala,Electronic City,49.0,115.0,Not Applicable,Not Applicable,No,Not Applicable,301,Cash,44,3.5,4.1
2024-07-12 11:37:00,CNR4928502106,Success,CID688126,Prime Plus,Koramangala,Majestic,84.0,40.0,Not Applicable,Not Applicable,No,Not Applicable,439,Credit Card,39,3.6,3.3
2024-07-17 02:00:00,CNR6617565931,Success,CID773656,Mini,Sarjapur Road,HSR Layout,210.0,130.0,Not Applicable,Not Applicable,No,Not Applicable,419,Cash,48,4.3,4.5
2024-07-09 11:54:00,CNR7289453432,Success,CID455745,Bike,Electronic City,Kadugodi,98.0,90.0,Not Applicable,Not Applicable,No,Not Applicable,417,Cash,2,3.1,4.3
2024-07-05 08:06:00,CNR9071656990,Canceled by Driver,CID651102,Prime SUV,Ramamurthy Nagar,Langford Town,,,Not Applicable,Customer was coughing/sick,Not Applicable,Not Applicable,168,Not Applicable,0,,
2024-07-11 06:51:00,CNR5535838927,Canceled by Customer,CID983695,Bike,Electronic City,Kadugodi,,,Wrong Address,Not Applicable,Not Applicable,Not Applicable,171,Not Applicable,0,,
2024-07-27 22:02:00,CNR9631337323,Success,CID965225,Bike,Yeshwanthpur,Hennur,168.0,40.0,Not Applicable,Not Applicable,No,Not Applicable,155,UPI,30,4.7,4.9
2024-07-04 05:37:00,CNR6118971880,Success,CID861656,Prime Plus,Shivajinagar,Bellandur,224.0,120.0,Not Applicable,Not Applicable,No,Not Applicable,546,Cash,47,3.8,4.7
2024-07-03 20:03:00,CNR3621263369,Success,CID314555,Prime Plus,Devanahalli,Magadi Road,280.0,70.0,Not Applicable,Not Applicable,No,Not Applicable,951,UPI,44,3.9,3.5
2024-07-17 04:59:00,CNR5161523670,Success,CID540256,Bike,Varthur,Hulimavu,224.0,25.0,Not Applicable,Not Applicable,Yes,Vehicle Breakdown,235,Cash,37,3.1,3.1
2024-07-28 09:06:00,CNR6574588613,Success,CID829213,Prime Sedan,Rajarajeshwari Nagar,Hennur,49.0,80.0,Not Applicable,Not Applicable,No,Not Applicable,224,Cash,27,4.2,4.8
2024-07-16 12:39:00,CNR5969615762,Success,CID615212,eBike,Basavanagudi,Koramangala,252.0,35.0,Not Applicable,Not Applicable,No,Not Applicable,217,Cash,44,3.1,4.3
2024-07-23 11:44:00,CNR2218049957,Success,CID502738,Mini,Kadugodi,JP Nagar,266.0,25.0,Not Applicable,Not Applicable,No,Not Applicable,1021,Cash,27,4.0,4.2
2024-07-06 15:34:00,CNR4929342416,Canceled by Driver,CID597489,eBike,Kammanahalli,Whitefield,,,Not Applicable,Personal & Car related issue,Not Applicable,Not Applicable,2348,Not Applicable,0,,
2024-07-22 08:00:00,CNR5252808901,Success,CID819274,Prime SUV,Ramamurthy Nagar,Magadi Road,147.0,105.0,Not Applicable,Not Applicable,No,Not Applicable,126,Cash,20,4.5,3.4
2024-07-24 09:51:00,CNR4118139321,Driver Not Found,CID192706,Bike,Rajajinagar,Cox Town,,,Not Applicable,Not Applicable,Not Applicable,Not Applicable,322,Not Applicable,0,,
2024-07-06 02:51:00,CNR1726712744,Canceled by Customer,CID299334,Prime Sedan,JP Nagar,Magadi Road,,,Driver is not moving towards pickup location,Not Applicable,Not Applicable,Not Applicable,356,Not Applicable,0,,
2024-07-22 23:16:00,CNR2607441170,Success,CID751880,Prime Sedan,Rajarajeshwari Nagar,Kengeri,70.0,35.0,Not Applicable,Not Applicable,No,Not Applicable,466,UPI,8,4.1,3.3
2024-07-05 04:41:00,CNR2651533587,Success,CID347722,eBike,Magadi Road,Hulimavu,301.0,80.0,Not Applicable,Not Applicable,Yes,Customer Demand,114,Cash,39,3.4,4.3
2024-07-05 16:05:00,CNR6300149659,Canceled by Driver,CID389271,Prime Plus,Whitefield,Langford Town,,,Not Applicable,Customer was coughing/sick,Not Applicable,Not Applicable,232,Not Applicable,0,,
2024-07-20 00:39:00,CNR6138913366,Success,CID163648,Bike,Whitefield,Langford Town,217.0,60.0,Not Applicable,Not Applicable,No,Not Applicable,254,Cash,11,3.7,3.5
2024-07-17 20:36:00,CNR6762039741,Driver Not Found,CID964067,eBike,Richmond Town,KR Puram,,,Not Applicable,Not Applicable,Not Applicable,Not Applicable,354,Not Applicable,0,,
2024-07-23 08:13:00,CNR1886883271,Success,CID673153,Bike,Sarjapur Road,JP Nagar,105.0,95.0,Not Applicable,Not Applicable,No,Not Applicable,375,Cash,41,4.3,3.5
2024-07-24 12:51:00,CNR6689632609,Canceled by Customer,CID445479,Prime Sedan,Frazer Town,RT Nagar,,,AC is Not working,Not Applicable,Not Applicable,Not Applicable,196,Not Applicable,0,,
2024-07-13 08:25:00,CNR8436215627,Success,CID648872,Prime Plus,Nagarbhavi,Electronic City,98.0,30.0,Not Applicable,Not Applicable,No,Not Applicable,334,Cash,39,3.6,4.3
2024-07-29 11:13:00,CNR6976344984,Success,CID641777,Mini,Rajajinagar,Magadi Road,133.0,65.0,Not Applicable,Not Applicable,No,Not Applicable,419,UPI,22,3.4,5.0
2024-07-26 11:47:00,CNR6098940906,Success,CID476228,eBike,Padmanabhanagar,Kengeri,35.0,45.0,Not Applicable,Not Applicable,No,Not Applicable,175,Credit Card,46,3.9,4.0
2024-07-29 09:41:00,CNR2804989456,Driver Not Found,CID842167,eBike,Devanahalli,Tumkur Road,,,Not Applicable,Not Applicable,Not Applicable,Not Applicable,337,Not Applicable,0,,
2024-07-01 01:12:00,CNR1262712088,Success,CID561573,Auto,Yelahanka,Shantinagar,126.0,145.0,Not Applicable,Not Applicable,No,Not Applicable,472,UPI,13,4.6,3.5
2024-07-23 00:06:00,CNR9598112170,Canceled by Driver,CID319806,Prime SUV,Basavanagudi,Magadi Road,,,Not Applicable,Customer was coughing/sick,Not Applicable,Not Applicable,2597,Not Applicable,0,,
2024-07-21 01:59:00,CNR8644859240,Canceled by Driver,CID781807,Bike,Whitefield,Hosur Road,,,Not Applicable,Customer related issue,Not Applicable,Not Applicable,819,Not Applicable,0,,
2024-07-02 18:27:00,CNR3491250079,Success,CID146609,Auto,Malleshwaram,Hulimavu,210.0,45.0,Not Applicable,Not Applicable,No,Not Applicable,369,UPI,13,4.6,4.3
2024-07-10 23:08:00,CNR2618339322,Success,CID983313,Prime Sedan,Tumkur Road,Marathahalli,91.0,125.0,Not Applicable,Not Applicable,No,Not Applicable,436,Cash,17,4.4,3.8
2024-07-23 09:49:00,CNR4655282605,Success,CID581248,Prime Sedan,Malleshwaram,Whitefield,112.0,55.0,Not Applicable,Not Applicable,No,Not Applicable,470,Cash,13,4.3,3.3
2024-07-21 22:38:00,CNR4488003460,Success,CID137254,Prime SUV,Nagarbhavi,Yeshwanthpur,301.0,30.0,Not Applicable,Not Applicable,No,Not Applicable,2329,UPI,4,4.9,3.7
2024-07-19 09:12:00,CNR5237059513,Success,CID767863,Mini,Yeshwanthpur,Chickpet,273.0,135.0,Not Applicable,Not Applicable,No,Not Applicable,106,Cash,41,4.2,3.1
2024-07-13 14:24:00,CNR2611453905,Success,CID241294,Mini,RT Nagar,Cox Town,70.0,40.0,Not Applicable,Not Applicable,No,Not Applicable,833,Cash,37,5.0,3.9
2024-07-10 12:51:00,CNR2959255881,Success,CID510720,Prime Plus,Hulimavu,Devanahalli,154.0,80.0,Not Applicable,Not Applicable,No,Not Applicable,399,Cash,28,4.9,3.4
2024-07-19 17:08:00,CNR5071716781,Driver Not Found,CID115485,Prime Plus,HSR Layout,Rajarajeshwari Nagar,,,Not Applicable,Not Applicable,Not Applicable,Not Applicable,241,Not Applicable,0,,
2024-07-25 05:48:00,CNR8189575334,Canceled by Driver,CID829775,eBike,Electronic City,Ramamurthy Nagar,,,Not Applicable,Customer related issue,Not Applicable,Not Applicable,454,Not Applicable,0,,
2024-07-14 18:45:00,CNR8299894455,Success,CID830133,Prime Sedan,Padmanabhanagar,Shivajinagar,63.0,145.0,Not Applicable,Not Applicable,No,Not Applicable,514,Cash,42,4.7,3.1
2024-07-05 14:25:00,CNR5551147542,Driver Not Found,CID251582,Prime SUV,Richmond Town,Bellandur,,,Not Applicable,Not Applicable,Not Applicable,Not Applicable,777,Not Applicable,0,,
2024-07-10 20:40:00,CNR9046298044,Canceled by Driver,CID143850,Bike,Shantinagar,Shantinagar,,,Not Applicable,Personal & Car related issue,Not Applicable,Not Applicable,115,Not Applicable,0,,
2024-07-05 07:15:00,CNR1347320106,Success,CID561138,Auto,Shivajinagar,Nagarbhavi,126.0,100.0,Not Applicable,Not Applicable,No,Not Applicable,217,Cash,13,3.1,3.7
2024-07-18 04:31:00,CNR3856873778,Success,CID821353,Bike,Kadugodi,Bellandur,294.0,100.0,Not Applicable,Not Applicable,No,Not Applicable,458,Cash,15,3.6,4.4
2024-07-06 01:23:00,CNR8340167269,Success,CID780133,Bike,Electronic City,Bannerghatta Road,112.0,55.0,Not Applicable,Not Applicable,No,Not Applicable,187,UPI,15,3.5,4.0
2024-07-06 02:08:00,CNR7030205866,Success,CID560971,Prime Sedan,Hebbal,Rajajinagar,91.0,35.0,Not Applicable,Not Applicable,No,Not Applicable,543,Cash,44,3.7,3.1
2024-07-06 03:09:00,CNR8632839687,Success,CID346415,Mini,Kammanahalli,Ramamurthy Nagar,119.0,80.0,Not Applicable,Not Applicable,No,Not Applicable,500,Cash,44,4.5,3.4
2024-07-29 01:51:00,CNR6250039965,Success,CID725166,Prime Plus,Marathahalli,Mysore Road,210.0,120.0,Not Applicable,Not Applicable,No,Not Applicable,946,Cash,21,4.7,4.5
2024-07-03 05:14:00,CNR3371665366,Success,CID905462,Prime SUV,Nagarbhavi,Shivajinagar,168.0,25.0,Not Applicable,Not Applicable,No,Not Applicable,164,Cash,4,4.0,4.4
2024-07-02 18:28:00,CNR5524270350,Success,CID583687,Auto,Chamarajpet,Hosur Road,252.0,120.0,Not Applicable,Not Applicable,No,Not Applicable,465,Cash,1,4.8,3.0
2024-07-08 05:24:00,CNR9422958019,Driver Not Found,CID304295,Prime Sedan,Marathahalli,Koramangala,,,Not Applicable,Not Applicable,Not Applicable,Not Applicable,437,Not Applicable,0,,
2024-07-03 18:31:00,CNR7922507833,Success,CID775781,Prime Plus,Nagarbhavi,Marathahalli,231.0,100.0,Not Applicable,Not Applicable,No,Not Applicable,2684,UPI,29,4.8,4.2
2024-07-09 13:24:00,CNR8334834795,Success,CID274803,eBike,Rajarajeshwari Nagar,Peenya,252.0,100.0,Not Applicable,Not Applicable,No,Not Applicable,472,Cash,5,3.9,3.3
2024-07-28 18:13:00,CNR1703219095,Success,CID800847,Prime Sedan,Indiranagar,Basavanagudi,112.0,65.0,Not Applicable,Not Applicable,No,Not Applicable,114,Cash,31,4.2,4.1
2024-07-12 08:26:00,CNR2308410191,Success,CID878219,Prime Plus,Devanahalli,Majestic,280.0,70.0,Not Applicable,Not Applicable,No,Not Applicable,444,UPI,41,4.3,4.2
2024-07-30 21:29:00,CNR4368251702,Success,CID272170,Prime Sedan,Shivajinagar,Chamarajpet,252.0,100.0,Not Applicable,Not Applicable,No,Not Applicable,185,Cash,30,3.2,4.0
2024-07-25 11:31:00,CNR4685611568,Success,CID700730,eBike,RT Nagar,Chamarajpet,266.0,100.0,Not Applicable,Not Applicable,No,Not Applicable,153,Credit Card,1,4.0,3.3
2024-07-01 10:47:00,CNR8692659448,Canceled by Driver,CID177168,Prime Plus,Richmond Town,Cox Town,,,Not Applicable,Customer related issue,Not Applicable,Not Applicable,273,Not Applicable,0,,
2024-07-12 09:36:00,CNR5290759149,Canceled by Driver,CID610288,eBike,Kengeri,Sarjapur Road,,,Not Applicable,Personal & Car related issue,Not Applicable,Not Applicable,325,Not Applicable,0,,
2024-07-22 06:14:00,CNR2920706965,Success,CID362912,Prime Sedan,Bellandur,KR Puram,63.0,145.0,Not Applicable,Not Applicable,No,Not Applicable,498,Credit Card,38,5.0,4.8
2024-07-24 10:32:00,CNR7572318324,Success,CID919050,Bike,Rajajinagar,Hennur,231.0,140.0,Not Applicable,Not Applicable,No,Not Applicable,182,UPI,24,3.6,4.8
2024-07-20 18:45:00,CNR1339725117,Success,CID210968,Auto,Nagarbhavi,Whitefield,49.0,100.0,Not Applicable,Not Applicable,No,Not Applicable,162,UPI,1,3.5,4.8
2024-07-29 20:29:00,CNR5429436678,Success,CID688553,eBike,Ulsoor,Yelahanka,70.0,130.0,Not Applicable,Not Applicable,No,Not Applicable,455,Cash,29,4.7,4.0
2024-07-10 02:49:00,CNR9610987954,Canceled by Driver,CID785814,Prime SUV,Shantinagar,Chamarajpet,,,Not Applicable,Customer was coughing/sick,Not Applicable,Not Applicable,220,Not Applicable,0,,
2024-07-18 20:24:00,CNR8098426437,Success,CID511337,eBike,Rajarajeshwari Nagar,Hennur,105.0,110.0,Not Applicable,Not Applicable,Yes,Other Issue,379,Cash,13,4.0,4.2
2024-07-09 10:00:00,CNR5841816669,Success,CID352871,Prime Plus,Peenya,Cox Town,105.0,25.0,Not Applicable,Not Applicable,No,Not Applicable,487,Credit Card,40,4.1,4.0
2024-07-29 06:37:00,CNR5208694292,Success,CID779143,eBike,HSR Layout,Vijayanagar,196.0,25.0,Not Applicable,Not Applicable,Yes,Customer Demand,542,Cash,35,3.2,4.7
2024-07-15 19:10:00,CNR4435362132,Driver Not Found,CID187345,Prime Plus,Rajajinagar,Chamarajpet,,,Not Applicable,Not Applicable,Not Applicable,Not Applicable,486,Not Applicable,0,,
2024-07-14 07:14:00,CNR3145188125,Canceled by Driver,CID260499,Prime Sedan,Mysore Road,Frazer Town,,,Not Applicable,Customer was coughing/sick,Not Applicable,Not Applicable,484,Not Applicable,0,,
2024-07-29 09:20:00,CNR5473470174,Success,CID812306,Prime Plus,Malleshwaram,Shivajinagar,203.0,45.0,Not Applicable,Not Applicable,No,Not Applicable,756,UPI,48,4.1,3.4
2024-07-22 20:29:00,CNR7376667169,Success,CID457789,Prime SUV,Bannerghatta Road,Malleshwaram,147.0,35.0,Not Applicable,Not Applicable,No,Not Applicable,263,Cash,40,4.3,3.4
2024-07-13 18:14:00,CNR8221816504,Success,CID159949,Mini,Shantinagar,Kengeri,301.0,40.0,Not Applicable,Not Applicable,No,Not Applicable,249,Cash,32,4.5,5.0
2024-07-12 14:22:00,CNR3764694010,Canceled by Customer,CID785643,Prime Sedan,Shantinagar,Shantinagar,,,Driver asked to cancel,Not Applicable,Not Applicable,Not Applicable,739,Not Applicable,0,,
2024-07-10 04:02:00,CNR6308056061,Success,CID606404,Prime SUV,BTM Layout,JP Nagar,77.0,100.0,Not Applicable,Not Applicable,No,Not Applicable,852,Cash,17,4.7,4.6
2024-07-01 16:18:00,CNR8002703582,Canceled by Customer,CID379980,Prime Sedan,Basavanagudi,Yeshwanthpur,,,Driver is not moving towards pickup location,Not Applicable,Not Applicable,Not Applicable,536,Not Applicable,0,,
2024-07-15 09:45:00,CNR6674883117,Success,CID712745,eBike,Banashankari,Kengeri,154.0,145.0,Not Applicable,Not Applicable,No,Not Applicable,584,UPI,16,4.1,3.7
2024-07-20 04:18:00,CNR5143445222,Canceled by Driver,CID959100,Prime Sedan,Majestic,Whitefield,,,Not Applicable,Customer related issue,Not Applicable,Not Applicable,489,Not Applicable,0,,
2024-07-12 14:20:00,CNR1337977877,Canceled by Driver,CID965205,Mini,Sahakar Nagar,JP Nagar,,,Not Applicable,Personal & Car related issue,Not Applicable,Not Applicable,423,Not Applicable,0,,
2024-07-23 05:12:00,CNR8493515473,Success,CID133858,Bike,Marathahalli,Chamarajpet,42.0,125.0,Not Applicable,Not Applicable,No,Not Applicable,111,Cash,49,3.2,3.1
2024-07-28 06:20:00,CNR3281075882,Canceled by Driver,CID880826,Mini,Majestic,Kengeri,,,Not Applicable,Customer was coughing/sick,Not Applicable,Not Applicable,119,Not Applicable,0,,
2024-07-15 08:21:00,CNR1099157760,Success,CID909723,Auto,Yeshwanthpur,KR Puram,210.0,95.0,Not Applicable,Not Applicable,No,Not Applicable,286,Cash,12,3.1,4.1
2024-07-11 13:16:00,CNR8247107824,Success,CID111848,Auto,BTM Layout,Mysore Road,301.0,60.0,Not Applicable,Not Applicable,No,Not Applicable,132,UPI,7,4.4,4.5
2024-07-05 06:50:00,CNR2323849972,Success,CID869540,Prime SUV,Bannerghatta Road,Bannerghatta Road,119.0,100.0,Not Applicable,Not Applicable,No,Not Applicable,2001,Cash,22,3.4,3.2
2024-07-22 23:39:00,CNR4407180137,Canceled by Customer,CID285561,Prime Sedan,Kadugodi,Frazer Town,,,Driver is not moving towards pickup location,Not Applicable,Not Applicable,Not Applicable,150,Not Applicable,0,,
2024-07-12 07:20:00,CNR5223910623,Success,CID948892,Prime Sedan,Rajarajeshwari Nagar,Kengeri,77.0,115.0,Not Applicable,Not Applicable,No,Not Applicable,132,Cash,35,4.1,4.3
2024-07-03 06:24:00,CNR1101951001,Success,CID632092,Prime Sedan,Vijayanagar,Kammanahalli,266.0,115.0,Not Applicable,Not Applicable,No,Not Applicable,781,UPI,27,4.5,3.4
2024-07-04 03:49:00,CNR9057278041,Success,CID532851,Prime Plus,RT Nagar,Varthur,63.0,100.0,Not Applicable,Not Applicable,No,Not Applicable,264,Cash,3,3.8,4.1
2024-07-24 04:29:00,CNR2233006978,Driver Not Found,CID532810,Mini,BTM Layout,Sarjapur Road,,,Not Applicable,Not Applicable,Not Applicable,Not Applicable,213,Not Applicable,0,,
2024-07-11 08:28:00,CNR3024979553,Success,CID986142,Auto,Magadi Road,Bellandur,273.0,45.0,Not Applicable,Not Applicable,No,Not Applicable,331,Cash,14,3.1,4.1
2024-07-03 17:34:00,CNR6889298640,Driver Not Found,CID799739,Bike,Banashankari,Yelahanka,,,Not Applicable,Not Applicable,Not Applicable,Not Applicable,238,Not Applicable,0,,
2024-07-29 11:31:00,CNR4328793668,Success,CID976804,Mini,Electronic City,RT Nagar,245.0,40.0,Not Applicable,Not Applicable,No,Not Applicable,394,UPI,28,3.4,4.7
2024-07-12 03:41:00,CNR5703566538,Success,CID459506,Prime SUV,Ramamurthy Nagar,Ramamurthy Nagar,266.0,140.0,Not Applicable,Not Applicable,No,Not Applicable,424,Cash,37,4.2,4.5
2024-07-30 19:33:00,CNR6629133901,Success,CID250633,Bike,Yeshwanthpur,JP Nagar,231.0,25.0,Not Applicable,Not Applicable,No,Not Applicable,2867,Cash,30,3.1,3.6
2024-07-14 13:12:00,CNR4422263876,Success,CID341235,eBike,Rajajinagar,Basavanagudi,63.0,75.0,Not Applicable,Not Applicable,No,Not Applicable,183,Cash,36,4.1,4.9
2024-07-23 14:20:00,CNR7852514863,Success,CID598943,Auto,KR Puram,Magadi Road,189.0,145.0,Not Applicable,Not Applicable,No,Not Applicable,480,UPI,19,3.3,4.9
2024-07-15 02:37:00,CNR9208931451,Success,CID482511,Auto,Ulsoor,Sarjapur Road,245.0,110.0,Not Applicable,Not Applicable,No,Not Applicable,295,Cash,3,3.6,4.2
2024-07-04 00:36:00,CNR6857150861,Success,CID941759,Prime SUV,Sahakar Nagar,Koramangala,56.0,85.0,Not Applicable,Not Applicable,Yes,Customer Demand,366,Cash,17,4.2,3.8
2024-07-06 07:35:00,CNR4456868836,Canceled by Driver,CID716208,Auto,Indiranagar,Basavanagudi,,,Not Applicable,Personal & Car related issue,Not Applicable,Not Applicable,790,Not Applicable,0,,
2024-07-26 07:16:00,CNR6183187981,Success,CID296804,Prime Plus,MG Road,Yelahanka,252.0,135.0,Not Applicable,Not Applicable,No,Not Applicable,430,UPI,44,5.0,3.3
2024-07-09 08:15:00,CNR9005412213,Success,CID326203,Prime Sedan,Chamarajpet,BTM Layout,56.0,90.0,Not Applicable,Not Applicable,No,Not Applicable,803,UPI,43,4.6,5.0
2024-07-12 06:59:00,CNR3270421268,Success,CID242381,Prime Plus,KR Puram,Kammanahalli,98.0,90.0,Not Applicable,Not Applicable,No,Not Applicable,422,Cash,27,3.8,4.1
2024-07-05 20:27:00,CNR6952552744,Success,CID979560,eBike,Mysore Road,RT Nagar,294.0,105.0,Not Applicable,Not Applicable,No,Not Applicable,323,Cash,23,4.0,3.4
2024-07-02 10:14:00,CNR8109157994,Success,CID341837,Auto,Shantinagar,Mysore Road,168.0,55.0,Not Applicable,Not Applicable,No,Not Applicable,104,Cash,3,3.1,4.9
2024-07-16 04:39:00,CNR7375600345,Canceled by Customer,CID511646,Prime Plus,RT Nagar,Indiranagar,,,Driver asked to cancel,Not Applicable,Not Applicable,Not Applicable,261,Not Applicable,0,,
2024-07-13 08:05:00,CNR8844337623,Canceled by Driver,CID218601,Bike,Bellandur,Electronic City,,,Not Applicable,Customer related issue,Not Applicable,Not Applicable,1968,Not Applicable,0,,
2024-07-26 16:10:00,CNR2447028956,Success,CID938372,Bike,Kengeri,Whitefield,203.0,40.0,Not Applicable,Not Applicable,No,Not Applicable,271,Cash,33,4.6,3.7
2024-07-07 11:16:00,CNR3612191963,Success,CID813465,Prime SUV,Tumkur Road,Varthur,56.0,25.0,Not Applicable,Not Applicable,No,Not Applicable,239,Cash,38,4.6,5.0
2024-07-30 00:00:00,CNR6316175735,Success,CID918717,Auto,Bannerghatta Road,Hulimavu,301.0,105.0,Not Applicable,Not Applicable,No,Not Applicable,983,Cash,14,3.0,3.9
2024-07-04 09:50:00,CNR9165085814,Success,CID944577,eBike,Frazer Town,Varthur,308.0,140.0,Not Applicable,Not Applicable,No,Not Applicable,468,Debit Card,17,3.2,3.9
2024-07-12 00:46:00,CNR9631079744,Driver Not Found,CID189855,Prime SUV,Hulimavu,Cox Town,,,Not Applicable,Not Applicable,Not Applicable,Not Applicable,1010,Not Applicable,0,,
2024-07-05 12:43:00,CNR9543170311,Success,CID934065,Prime Plus,Kadugodi,Hebbal,77.0,45.0,Not Applicable,Not Applicable,No,Not Applicable,1768,Cash,11,4.3,3.8
2024-07-16 18:41:00,CNR4347039479,Canceled by Customer,CID860057,Bike,Bannerghatta Road,Shantinagar,,,AC is Not working,Not Applicable,Not Applicable,Not Applicable,386,Not Applicable,0,,
2024-07-02 20:00:00,CNR6414311549,Success,CID166933,Prime Sedan,Malleshwaram,Padmanabhanagar,42.0,95.0,Not Applicable,Not Applicable,No,Not Applicable,167,Cash,21,4.4,4.4
2024-07-05 19:29:00,CNR7108935258,Success,CID526537,Mini,Chamarajpet,Hebbal,84.0,70.0,Not Applicable,Not Applicable,No,Not Applicable,925,Cash,47,4.9,5.0
2024-07-02 23:41:00,CNR9429803168,Success,CID387534,Prime SUV,Marathahalli,JP Nagar,203.0,90.0,Not Applicable,Not Applicable,No,Not Applicable,374,Cash,8,4.8,4.2
2024-07-16 17:36:00,CNR1382382462,Canceled by Driver,CID228071,Prime Plus,Kadugodi,Frazer Town,,,Not Applicable,Customer related issue,Not Applicable,Not Applicable,186,Not Applicable,0,,
2024-07-02 16:54:00,CNR5281288985,Driver Not Found,CID187728,Bike,Indiranagar,Rajajinagar,,,Not Applicable,Not Applicable,Not Applicable,Not Applicable,2508,Not Applicable,0,,
2024-07-13 14:55:00,CNR3726450111,Driver Not Found,CID533129,Auto,Kengeri,Bellandur,,,Not Applicable,Not Applicable,Not Applicable,Not Applicable,150,Not Applicable,0,,
2024-07-22 15:40:00,CNR6042486256,Success,CID946493,Prime Plus,JP Nagar,Sahakar Nagar,238.0,25.0,Not Applicable,Not Applicable,No,Not Applicable,956,UPI,20,3.1,3.5
2024-07-18 04:27:00,CNR9336776444,Canceled by Customer,CID759535,Prime SUV,Mysore Road,Tumkur Road,,,Change of plans,Not Applicable,Not Applicable,Not Applicable,425,Not Applicable,0,,
2024-07-06 01:42:00,CNR6506364775,Success,CID704708,Prime Plus,Kengeri,Whitefield,168.0,105.0,Not Applicable,Not Applicable,No,Not Applicable,489,Cash,15,3.4,4.9
2024-07-06 06:16:00,CNR2478869305,Success,CID883262,Prime Plus,BTM Layout,Vijayanagar,133.0,120.0,Not Applicable,Not Applicable,No,Not Applicable,380,Cash,22,3.3,4.9
2024-07-24 15:28:00,CNR9486021301,Success,CID151540,Auto,Basavanagudi,Whitefield,308.0,50.0,Not Applicable,Not Applicable,No,Not Applicable,644,UPI,5,3.6,3.0
2024-07-25 02:07:00,CNR4385088105,Success,CID233604,Prime Plus,Richmond Town,HSR Layout,35.0,120.0,Not Applicable,Not Applicable,No,Not Applicable,131,Cash,31,4.3,3.4
2024-07-27 19:54:00,CNR6262014659,Success,CID906395,Prime Plus,Basavanagudi,Koramangala,84.0,130.0,Not Applicable,Not Applicable,No,Not Applicable,258,Cash,39,3.6,3.4
2024-07-15 15:37:00,CNR5692174546,Canceled by Customer,CID812543,Bike,Malleshwaram,Ramamurthy Nagar,,,Driver asked to cancel,Not Applicable,Not Applicable,Not Applicable,319,Not Applicable,0,,
2024-07-04 06:11:00,CNR9561028656,Success,CID656586,Prime SUV,Yelahanka,Hebbal,280.0,110.0,Not Applicable,Not Applicable,No,Not Applicable,114,UPI,10,3.6,4.4
2024-07-03 07:21:00,CNR8179322517,Success,CID491068,Prime Plus,Padmanabhanagar,Sahakar Nagar,42.0,115.0,Not Applicable,Not Applicable,No,Not Applicable,212,UPI,48,3.1,4.1
2024-07-26 03:55:00,CNR8773342842,Driver Not Found,CID974081,Prime Plus,Peenya,Kengeri,,,Not Applicable,Not Applicable,Not Applicable,Not Applicable,1400,Not Applicable,0,,
2024-07-14 02:30:00,CNR9897141665,Driver Not Found,CID223923,eBike,KR Puram,Kammanahalli,,,Not Applicable,Not Applicable,Not Applicable,Not Applicable,538,Not Applicable,0,,
2024-07-06 18:09:00,CNR1348439943,Canceled by Customer,CID632282,Auto,Yelahanka,Kengeri,,,Driver asked to cancel,Not Applicable,Not Applicable,Not Applicable,379,Not Applicable,0,,
2024-07-10 12:14:00,CNR7406504493,Success,CID270456,Bike,Rajarajeshwari Nagar,Marathahalli,70.0,25.0,Not Applicable,Not Applicable,No,Not Applicable,695,UPI,4,3.0,3.6
2024-07-16 14:23:00,CNR9628125189,Success,CID233244,Prime Plus,Ramamurthy Nagar,Shivajinagar,252.0,55.0,Not Applicable,Not Applicable,No,Not Applicable,903,UPI,45,3.4,4.1
2024-07-28 16:34:00,CNR8349307558,Canceled by Driver,CID145488,Mini,Sahakar Nagar,Rajarajeshwari Nagar,,,Not Applicable,Customer related issue,Not Applicable,Not Applicable,147,Not Applicable,0,,
2024-07-04 14:39:00,CNR1482913211,Success,CID942904,Prime SUV,Shantinagar,Majestic,175.0,130.0,Not Applicable,Not Applicable,No,Not Applicable,725,Cash,11,3.2,4.3
2024-07-03 15:42:00,CNR2898114597,Success,CID795874,Prime Plus,Malleshwaram,Varthur,42.0,120.0,Not Applicable,Not Applicable,No,Not Applicable,1260,UPI,18,3.6,4.9
2024-07-07 23:14:00,CNR1968103988,Driver Not Found,CID926582,Mini,Sarjapur Road,Bellandur,,,Not Applicable,Not Applicable,Not Applicable,Not Applicable,596,Not Applicable,0,,
2024-07-08 21:39:00,CNR5811626841,Success,CID150509,Prime Plus,Bannerghatta Road,MG Road,63.0,55.0,Not Applicable,Not Applicable,No,Not Applicable,400,Cash,18,3.1,4.0
2024-07-17 04:56:00,CNR9146798477,Success,CID153229,Auto,Koramangala,Ulsoor,154.0,65.0,Not Applicable,Not Applicable,No,Not Applicable,510,Cash,8,4.3,4.3
2024-07-10 13:06:00,CNR5857683628,Canceled by Driver,CID169538,eBike,Kammanahalli,Mysore Road,,,Not Applicable,Customer related issue,Not Applicable,Not Applicable,268,Not Applicable,0,,
2024-07-25 14:32:00,CNR9001403804,Success,CID708780,Prime Plus,KR Puram,Sarjapur Road,140.0,120.0,Not Applicable,Not Applicable,No,Not Applicable,273,Cash,42,4.6,3.1
2024-07-12 06:26:00,CNR9198855317,Driver Not Found,CID229692,Prime Plus,Ramamurthy Nagar,Whitefield,,,Not Applicable,Not Applicable,Not Applicable,Not Applicable,252,Not Applicable,0,,
2024-07-20 21:40:00,CNR9856230931,Success,CID515367,Prime Sedan,Rajajinagar,Frazer Town,266.0,95.0,Not Applicable,Not Applicable,No,Not Applicable,673,Cash,28,4.6,3.8
2024-07-16 10:07:00,CNR7181785091,Canceled by Driver,CID812990,Auto,Basavanagudi,Yeshwanthpur,,,Not Applicable,Customer related issue,Not Applicable,Not Applicable,582,Not Applicable,0,,
2024-07-28 15:10:00,CNR8351532526,Canceled by Customer,CID494944,Bike,Jayanagar,Varthur,,,Driver is not moving towards pickup location,Not Applicable,Not Applicable,Not Applicable,888,Not Applicable,0,,
2024-07-07 15:18:00,CNR7748898380,Success,CID393121,eBike,Frazer Town,Peenya,287.0,145.0,Not Applicable,Not Applicable,Yes,Vehicle Breakdown,475,UPI,49,3.7,3.1
2024-07-26 20:23:00,CNR7313169111,Success,CID901188,Prime Plus,Varthur,Tumkur Road,42.0,130.0,Not Applicable,Not Applicable,No,Not Applicable,211,Cash,48,3.7,4.0
2024-07-16 19:07:00,CNR1560277484,Success,CID781118,Mini,Majestic,Ramamurthy Nagar,259.0,130.0,Not Applicable,Not Applicable,No,Not Applicable,192,Credit Card,15,3.6,4.9
2024-07-11 05:47:00,CNR5804648827,Canceled by Driver,CID697057,eBike,Basavanagudi,Tumkur Road,,,Not Applicable,Customer was coughing/sick,Not Applicable,Not Applicable,464,Not Applicable,0,,
2024-07-04 00:27:00,CNR9033658613,Success,CID849041,eBike,Jayanagar,KR Puram,231.0,125.0,Not Applicable,Not Applicable,No,Not Applicable,535,UPI,5,3.9,4.3
2024-07-24 17:15:00,CNR4150663001,Success,CID401408,Mini,Electronic City,Nagarbhavi,294.0,40.0,Not Applicable,Not Applicable,No,Not Applicable,478,UPI,29,3.1,3.8
2024-07-05 12:29:00,CNR7823429171,Success,CID371497,Prime SUV,Sahakar Nagar,Kammanahalli,273.0,50.0,Not Applicable,Not Applicable,No,Not Applicable,206,UPI,36,4.3,4.8
2024-07-03 21:48:00,CNR2382474160,Success,CID900892,Bike,Sarjapur Road,Majestic,175.0,90.0,Not Applicable,Not Applicable,No,Not Applicable,347,UPI,5,3.9,3.8
2024-07-10 07:53:00,CNR9609025619,Success,CID226964,Bike,Hosur Road,Kammanahalli,84.0,105.0,Not Applicable,Not Applicable,No,Not Applicable,156,UPI,4,4.4,4.3
2024-07-07 06:44:00,CNR9372164326,Canceled by Driver,CID708867,Auto,JP Nagar,Hennur,,,Not Applicable,Personal & Car related issue,Not Applicable,Not Applicable,369,Not Applicable,0,,
2024-07-27 21:37:00,CNR4227323419,Success,CID499465,Bike,Chickpet,Electronic City,133.0,135.0,Not Applicable,Not Applicable,No,Not Applicable,476,Cash,2,3.2,4.6
2024-07-09 00:54:00,CNR9122841540,Canceled by Driver,CID798088,eBike,Tumkur Road,Kammanahalli,,,Not Applicable,Personal & Car related issue,Not Applicable,Not Applicable,921,Not Applicable,0,,
2024-07-05 16:53:00,CNR1433734325,Canceled by Driver,CID228689,Auto,Magadi Road,Malleshwaram,,,Not Applicable,Customer related issue,Not Applicable,Not Applicable,276,Not Applicable,0,,
2024-07-01 14:20:00,CNR9420199463,Driver Not Found,CID194165,Prime Plus,Shivajinagar,KR Puram,,,Not Applicable,Not Applicable,Not Applicable,Not Applicable,362,Not Applicable,0,,
2024-07-02 12:10:00,CNR4097856206,Success,CID315685,Bike,Peenya,Yelahanka,266.0,140.0,Not Applicable,Not Applicable,No,Not Applicable,1617,Cash,14,4.8,4.1
2024-07-24 05:04:00,CNR9291086321,Driver Not Found,CID259413,Mini,Bannerghatta Road,Frazer Town,,,Not Applicable,Not Applicable,Not Applicable,Not Applicable,864,Not Applicable,0,,
2024-07-18 23:02:00,CNR7448760518,Success,CID547686,Auto,Yelahanka,Sahakar Nagar,280.0,85.0,Not Applicable,Not Applicable,No,Not Applicable,384,Cash,10,4.4,3.3
2024-07-25 08:56:00,CNR4056478586,Canceled by Driver,CID824663,Prime Plus,Kammanahalli,Shantinagar,,,Not Applicable,Customer was coughing/sick,Not Applicable,Not Applicable,332,Not Applicable,0,,
2024-07-28 10:45:00,CNR9904672604,Canceled by Driver,CID309291,Prime Sedan,Peenya,Chickpet,,,Not Applicable,Personal & Car related issue,Not Applicable,Not Applicable,733,Not Applicable,0,,
2024-07-19 05:10:00,CNR3701174917,Canceled by Driver,CID606769,eBike,Koramangala,Yelahanka,,,Not Applicable,Customer was coughing/sick,Not Applicable,Not Applicable,226,Not Applicable,0,,
2024-07-06 09:58:00,CNR6960018937,Canceled by Driver,CID207316,Prime Plus,Varthur,Shivajinagar,,,Not Applicable,More than permitted people in there,Not Applicable,Not Applicable,486,Not Applicable,0,,
2024-07-23 07:47:00,CNR8312604258,Success,CID824558,Prime Plus,HSR Layout,Chamarajpet,238.0,95.0,Not Applicable,Not Applicable,No,Not Applicable,386,Cash,11,4.7,4.5
2024-07-25 17:00:00,CNR8853825628,Driver Not Found,CID479835,Prime Sedan,Hosur Road,Varthur,,,Not Applicable,Not Applicable,Not Applicable,Not Applicable,1722,Not Applicable,0,,
2024-07-12 13:12:00,CNR3807071293,Success,CID830150,Auto,Shantinagar,Banashankari,224.0,90.0,Not Applicable,Not Applicable,No,Not Applicable,250,Cash,3,4.3,4.0
2024-07-21 09:34:00,CNR9676573410,Canceled by Customer,CID244750,Prime SUV,Chamarajpet,Sahakar Nagar,,,AC is Not working,Not Applicable,Not Applicable,Not Applicable,237,Not Applicable,0,,
2024-07-26 00:11:00,CNR5729586011,Success,CID866379,Prime Plus,Bellandur,Hebbal,42.0,80.0,Not Applicable,Not Applicable,No,Not Applicable,493,Cash,28,4.9,4.1
2024-07-20 23:09:00,CNR2262268259,Success,CID272348,Bike,Nagarbhavi,Nagarbhavi,133.0,35.0,Not Applicable,Not Applicable,No,Not Applicable,338,Cash,9,4.0,4.5
2024-07-04 23:59:00,CNR4864705862,Canceled by Driver,CID387582,Prime Plus,Tumkur Road,Kengeri,,,Not Applicable,Personal & Car related issue,Not Applicable,Not Applicable,609,Not Applicable,0,,
2024-07-16 04:34:00,CNR8408929455,Driver Not Found,CID579354,Mini,Koramangala,Jayanagar,,,Not Applicable,Not Applicable,Not Applicable,Not Applicable,470,Not Applicable,0,,
2024-07-14 11:54:00,CNR6743731352,Canceled by Customer,CID419540,Bike,Frazer Town,KR Puram,,,Driver asked to cancel,Not Applicable,Not Applicable,Not Applicable,579,Not Applicable,0,,
2024-07-13 14:05:00,CNR2251806930,Success,CID462918,eBike,Kadugodi,Sarjapur Road,140.0,40.0,Not Applicable,Not Applicable,No,Not Applicable,198,UPI,25,3.1,3.7
2024-07-22 04:29:00,CNR2938148090,Canceled by Customer,CID474876,Prime Sedan,Koramangala,Banashankari,,,Driver asked to cancel,Not Applicable,Not Applicable,Not Applicable,105,Not Applicable,0,,
2024-07-03 08:07:00,CNR9008051744,Driver Not Found,CID160726,eBike,Koramangala,Mysore Road,,,Not Applicable,Not Applicable,Not Applicable,Not Applicable,569,Not Applicable,0,,
2024-07-22 04:21:00,CNR8075042097,Success,CID886206,Prime Sedan,Peenya,Rajarajeshwari Nagar,91.0,70.0,Not Applicable,Not Applicable,No,Not Applicable,219,UPI,13,3.2,4.9
2024-07-29 20:07:00,CNR6517552609,Canceled by Driver,CID123311,Bike,JP Nagar,HSR Layout,,,Not Applicable,Customer was coughing/sick,Not Applicable,Not Applicable,130,Not Applicable,0,,
2024-07-18 20:42:00,CNR9626682764,Success,CID123688,Prime SUV,Malleshwaram,Marathahalli,126.0,120.0,Not Applicable,Not Applicable,No,Not Applicable,153,UPI,13,4.6,4.6
2024-07-23 06:51:00,CNR8223757576,Success,CID527798,Auto,BTM Layout,Kengeri,91.0,125.0,Not Applicable,Not Applicable,No,Not Applicable,164,UPI,2,3.6,4.4
2024-07-06 08:37:00,CNR4171627388,Success,CID565156,Mini,Sarjapur Road,Ulsoor,168.0,90.0,Not Applicable,Not Applicable,No,Not Applicable,468,UPI,27,4.8,3.7
2024-07-17 08:21:00,CNR2838025369,Canceled by Driver,CID576672,Prime Sedan,Yelahanka,Majestic,,,Not Applicable,Customer related issue,Not Applicable,Not Applicable,326,Not Applicable,0,,
2024-07-10 10:09:00,CNR7427292297,Success,CID884239,Bike,Hosur Road,Hebbal,49.0,120.0,Not Applicable,Not Applicable,No,Not Applicable,161,Credit Card,9,4.2,3.4
2024-07-05 19:27:00,CNR3287311045,Success,CID141448,Prime Sedan,Tumkur Road,MG Road,161.0,95.0,Not Applicable,Not Applicable,No,Not Applicable,888,UPI,7,3.0,4.6
2024-07-04 14:57:00,CNR7156313009,Canceled by Customer,CID920894,Prime Plus,Richmond Town,Rajajinagar,,,Driver is not moving towards pickup location,Not Applicable,Not Applicable,Not Applicable,150,Not Applicable,0,,
2024-07-10 11:11:00,CNR7477352654,Success,CID315500,Prime Sedan,Kengeri,Whitefield,147.0,110.0,Not Applicable,Not Applicable,Yes,Customer Demand,338,UPI,38,4.6,3.5
2024-07-17 12:18:00,CNR5949341137,Success,CID325748,Mini,Tumkur Road,Langford Town,266.0,145.0,Not Applicable,Not Applicable,No,Not Applicable,225,Debit Card,44,3.6,5.0
2024-07-22 01:24:00,CNR7657829615,Success,CID667251,Prime Plus,Mysore Road,Padmanabhanagar,259.0,25.0,Not Applicable,Not Applicable,No,Not Applicable,417,UPI,5,3.9,4.7
2024-07-15 10:57:00,CNR5180580216,Driver Not Found,CID120570,eBike,MG Road,Banashankari,,,Not Applicable,Not Applicable,Not Applicable,Not Applicable,387,Not Applicable,0,,
2024-07-27 13:31:00,CNR6082183126,Success,CID495688,Bike,Chamarajpet,Indiranagar,154.0,120.0,Not Applicable,Not Applicable,No,Not Applicable,522,UPI,5,4.2,3.3
2024-07-28 23:14:00,CNR7421872066,Success,CID671167,Prime Sedan,Malleshwaram,Sahakar Nagar,252.0,65.0,Not Applicable,Not Applicable,No,Not Applicable,308,UPI,12,3.2,4.3
2024-07-20 04:17:00,CNR8850985744,Success,CID262458,Prime Sedan,Jayanagar,Peenya,147.0,55.0,Not Applicable,Not Applicable,No,Not Applicable,314,UPI,27,4.0,3.1
2024-07-20 05:26:00,CNR9529956771,Success,CID323350,Bike,Tumkur Road,JP Nagar,126.0,105.0,Not Applicable,Not Applicable,No,Not Applicable,136,Cash,29,3.5,3.1
2024-07-07 21:21:00,CNR4562441727,Success,CID188599,Prime SUV,Marathahalli,Kengeri,154.0,130.0,Not Applicable,Not Applicable,No,Not Applicable,219,Credit Card,26,4.4,3.6
2024-07-21 17:06:00,CNR7821169524,Canceled by Driver,CID459658,Prime SUV,Langford Town,Majestic,,,Not Applicable,Personal & Car related issue,Not Applicable,Not Applicable,2940,Not Applicable,0,,
2024-07-27 22:41:00,CNR3322395831,Success,CID683531,Prime Plus,BTM Layout,Kengeri,84.0,70.0,Not Applicable,Not Applicable,No,Not Applicable,290,Cash,47,3.4,4.8
2024-07-20 14:44:00,CNR2852372874,Success,CID842581,Prime SUV,Cox Town,JP Nagar,266.0,95.0,Not Applicable,Not Applicable,No,Not Applicable,126,UPI,7,4.6,3.2
2024-07-05 04:50:00,CNR2318291877,Canceled by Driver,CID998462,Auto,Yelahanka,Koramangala,,,Not Applicable,Customer related issue,Not Applicable,Not Applicable,372,Not Applicable,0,,
2024-07-28 23:29:00,CNR4958903096,Canceled by Driver,CID722516,Prime Plus,Jayanagar,Tumkur Road,,,Not Applicable,Customer related issue,Not Applicable,Not Applicable,642,Not Applicable,0,,
2024-07-13 12:18:00,CNR3986077702,Driver Not Found,CID558733,Auto,Jayanagar,Banashankari,,,Not Applicable,Not Applicable,Not Applicable,Not Applicable,246,Not Applicable,0,,
2024-07-17 07:27:00,CNR4650893738,Driver Not Found,CID921804,Prime Plus,Tumkur Road,Hennur,,,Not Applicable,Not Applicable,Not Applicable,Not Applicable,879,Not Applicable,0,,
2024-07-06 16:09:00,CNR8253841424,Canceled by Driver,CID451826,Prime Sedan,Ulsoor,Chickpet,,,Not Applicable,Customer related issue,Not Applicable,Not Applicable,477,Not Applicable,0,,
2024-07-17 08:08:00,CNR8881768620,Canceled by Driver,CID175183,Prime SUV,Cox Town,BTM Layout,,,Not Applicable,Personal & Car related issue,Not Applicable,Not Applicable,184,Not Applicable,0,,
2024-07-27 00:28:00,CNR2392191213,Success,CID138842,eBike,Hennur,KR Puram,238.0,105.0,Not Applicable,Not Applicable,Yes,Customer Demand,105,Cash,2,3.3,4.0
2024-07-14 10:53:00,CNR1177770882,Canceled by Driver,CID327333,eBike,Kadugodi,Hebbal,,,Not Applicable,Personal & Car related issue,Not Applicable,Not Applicable,450,Not Applicable,0,,
2024-07-13 19:45:00,CNR5581039254,Success,CID158889,Auto,Shantinagar,Indiranagar,301.0,75.0,Not Applicable,Not Applicable,No,Not Applicable,716,Cash,14,4.3,4.0
2024-07-07 13:15:00,CNR2989512591,Success,CID537167,Prime Sedan,KR Puram,Koramangala,56.0,100.0,Not Applicable,Not Applicable,No,Not Applicable,2266,UPI,1,3.3,3.5
2024-07-07 05:41:00,CNR5604615231,Success,CID235104,Prime Plus,Richmond Town,Rajarajeshwari Nagar,161.0,25.0,Not Applicable,Not Applicable,No,Not Applicable,414,Cash,35,3.7,4.2
2024-07-09 20:24:00,CNR8727664902,Success,CID296403,Prime Sedan,Chamarajpet,Ramamurthy Nagar,301.0,110.0,Not Applicable,Not Applicable,No,Not Applicable,432,Credit Card,48,3.4,4.8
2024-07-20 11:29:00,CNR8981610202,Success,CID245513,Prime SUV,Chickpet,Shivajinagar,238.0,100.0,Not Applicable,Not Applicable,No,Not Applicable,287,Cash,34,3.9,4.1
2024-07-16 01:50:00,CNR5802334773,Success,CID279153,Auto,Varthur,Richmond Town,217.0,40.0,Not Applicable,Not Applicable,No,Not Applicable,343,Cash,16,3.7,3.2
2024-07-07 07:26:00,CNR2657591428,Success,CID587694,eBike,BTM Layout,Shantinagar,294.0,110.0,Not Applicable,Not Applicable,No,Not Applicable,198,UPI,41,3.7,3.6
2024-07-06 10:45:00,CNR1441803043,Canceled by Driver,CID594817,Prime SUV,Yeshwanthpur,Koramangala,,,Not Applicable,Personal & Car related issue,Not Applicable,Not Applicable,654,Not Applicable,0,,
2024-07-17 11:29:00,CNR8205186283,Success,CID367771,Prime Plus,RT Nagar,Vijayanagar,266.0,105.0,Not Applicable,Not Applicable,No,Not Applicable,2467,Cash,8,3.1,3.2
2024-07-04 12:15:00,CNR7868739672,Canceled by Driver,CID435708,Auto,MG Road,Rajajinagar,,,Not Applicable,Personal & Car related issue,Not Applicable,Not Applicable,767,Not Applicable,0,,
2024-07-06 00:05:00,CNR6581862748,Success,CID721560,Mini,Chickpet,Vijayanagar,175.0,110.0,Not Applicable,Not Applicable,No,Not Applicable,297,UPI,20,3.2,3.2
2024-07-29 15:19:00,CNR8418782425,Success,CID722447,Bike,Kammanahalli,Electronic City,140.0,110.0,Not Applicable,Not Applicable,No,Not Applicable,1595,Cash,35,4.7,4.1
2024-07-02 18:01:00,CNR7465981521,Canceled by Driver,CID165206,Prime Sedan,BTM Layout,Basavanagudi,,,Not Applicable,Customer related issue,Not Applicable,Not Applicable,200,Not Applicable,0,,
2024-07-06 06:39:00,CNR2388775306,Canceled by Customer,CID707369,Prime Sedan,Indiranagar,Jayanagar,,,Driver is not moving towards pickup location,Not Applicable,Not Applicable,Not Applicable,818,Not Applicable,0,,
2024-07-08 17:15:00,CNR2111262104,Success,CID836174,eBike,Sarjapur Road,Hosur Road,98.0,115.0,Not Applicable,Not Applicable,Yes,Vehicle Breakdown,359,Cash,36,4.2,4.4
2024-07-16 23:20:00,CNR2876561748,Success,CID982932,Bike,JP Nagar,Rajajinagar,91.0,110.0,Not Applicable,Not Applicable,No,Not Applicable,197,UPI,10,4.9,4.9
2024-07-11 18:02:00,CNR4489960132,Driver Not Found,CID370160,Mini,Rajarajeshwari Nagar,Chamarajpet,,,Not Applicable,Not Applicable,Not Applicable,Not Applicable,173,Not Applicable,0,,
2024-07-01 14:44:00,CNR9349278268,Success,CID415904,Prime Sedan,Frazer Town,Magadi Road,140.0,135.0,Not Applicable,Not Applicable,No,Not Applicable,143,Cash,19,4.9,4.7
2024-07-03 13:39:00,CNR4746077403,Canceled by Driver,CID437019,Mini,Sahakar Nagar,Kadugodi,,,Not Applicable,More than permitted people in there,Not Applicable,Not Applicable,2103,Not Applicable,0,,
2024-07-15 09:00:00,CNR2941301883,Success,CID235515,Prime Plus,RT Nagar,Sarjapur Road,196.0,40.0,Not Applicable,Not Applicable,No,Not Applicable,1975,Cash,13,3.4,3.7
2024-07-21 15:52:00,CNR1209956700,Success,CID795359,Prime Plus,Kammanahalli,Peenya,70.0,70.0,Not Applicable,Not Applicable,No,Not Applicable,397,Cash,13,4.5,4.4
2024-07-06 07:30:00,CNR9048507986,Success,CID592549,Prime Plus,Hulimavu,Langford Town,126.0,55.0,Not Applicable,Not Applicable,No,Not Applicable,412,Cash,16,4.8,4.8
2024-07-22 17:30:00,CNR5125184654,Success,CID740174,Auto,Richmond Town,Nagarbhavi,280.0,125.0,Not Applicable,Not Applicable,No,Not Applicable,493,Cash,16,3.3,3.6
2024-07-22 16:09:00,CNR4828525366,Success,CID777508,Prime Sedan,Hosur Road,Rajajinagar,259.0,50.0,Not Applicable,Not Applicable,No,Not Applicable,705,Cash,36,3.0,3.3
2024-07-13 21:17:00,CNR7418941402,Success,CID194335,eBike,BTM Layout,Frazer Town,301.0,30.0,Not Applicable,Not Applicable,No,Not Applicable,189,UPI,3,4.0,3.1
2024-07-29 14:00:00,CNR4256716964,Canceled by Driver,CID460141,Auto,Tumkur Road,Rajarajeshwari Nagar,,,Not Applicable,Customer was coughing/sick,Not Applicable,Not Applicable,359,Not Applicable,0,,
2024-07-05 10:36:00,CNR3430272849,Canceled by Customer,CID168189,Prime SUV,Yelahanka,Kengeri,,,AC is Not working,Not Applicable,Not Applicable,Not Applicable,462,Not Applicable,0,,
2024-07-18 03:02:00,CNR7897965716,Success,CID189320,Prime Sedan,JP Nagar,Shantinagar,294.0,95.0,Not Applicable,Not Applicable,No,Not Applicable,709,Cash,5,4.1,3.4
2024-07-06 18:28:00,CNR5204704147,Success,CID865666,Bike,Banashankari,Sarjapur Road,147.0,145.0,Not Applicable,Not Applicable,No,Not Applicable,624,Cash,8,5.0,4.4
2024-07-25 23:37:00,CNR3588016801,Success,CID644984,Auto,Basavanagudi,Shivajinagar,238.0,25.0,Not Applicable,Not Applicable,No,Not Applicable,277,Cash,4,3.9,4.2
2024-07-17 22:57:00,CNR4240719088,Success,CID908363,eBike,Hulimavu,Majestic,231.0,25.0,Not Applicable,Not Applicable,No,Not Applicable,928,UPI,19,3.3,4.3
2024-07-03 23:29:00,CNR3086668880,Success,CID488639,Mini,Padmanabhanagar,Varthur,189.0,80.0,Not Applicable,Not Applicable,No,Not Applicable,369,Cash,35,3.9,4.8
2024-07-23 11:09:00,CNR9508494253,Canceled by Customer,CID776393,Prime Plus,Marathahalli,Richmond Town,,,Driver is not moving towards pickup location,Not Applicable,Not Applicable,Not Applicable,375,Not Applicable,0,,
2024-07-15 12:49:00,CNR8088771650,Success,CID147885,Auto,Richmond Town,Koramangala,301.0,25.0,Not Applicable,Not Applicable,No,Not Applicable,473,Cash,2,4.4,4.1
2024-07-22 02:53:00,CNR3712335864,Success,CID349938,Prime SUV,HSR Layout,KR Puram,70.0,105.0,Not Applicable,Not Applicable,No,Not Applicable,354,UPI,39,4.8,3.2
2024-07-09 05:54:00,CNR9363173629,Success,CID348360,Mini,KR Puram,Varthur,203.0,135.0,Not Applicable,Not Applicable,No,Not Applicable,803,Cash,31,3.4,4.7
2024-07-22 06:45:00,CNR6211698787,Success,CID639716,Bike,Electronic City,Sarjapur Road,231.0,145.0,Not Applicable,Not Applicable,No,Not Applicable,351,Cash,29,4.5,4.3
2024-07-04 13:50:00,CNR5945424200,Success,CID641239,Prime Sedan,Kadugodi,Nagarbhavi,168.0,40.0,Not Applicable,Not Applicable,No,Not Applicable,657,UPI,35,4.1,3.8
2024-07-06 19:48:00,CNR7269931968,Success,CID889775,Prime Plus,RT Nagar,Hulimavu,168.0,125.0,Not Applicable,Not Applicable,No,Not Applicable,233,UPI,18,3.9,4.8
2024-07-28 06:53:00,CNR7762633680,Driver Not Found,CID118262,Prime Plus,Ramamurthy Nagar,Shivajinagar,,,Not Applicable,Not Applicable,Not Applicable,Not Applicable,833,Not Applicable,0,,
2024-07-29 16:48:00,CNR5038968461,Success,CID324221,Auto,Hennur,Shivajinagar,119.0,145.0,Not Applicable,Not Applicable,No,Not Applicable,1339,UPI,5,3.3,3.5
2024-07-04 14:49:00,CNR4684246780,Success,CID283150,Auto,Magadi Road,Vijayanagar,196.0,145.0,Not Applicable,Not Applicable,No,Not Applicable,473,Cash,1,4.6,4.0
2024-07-12 00:17:00,CNR4362318810,Driver Not Found,CID756970,Mini,Banashankari,HSR Layout,,,Not Applicable,Not Applicable,Not Applicable,Not Applicable,405,Not Applicable,0,,
2024-07-06 16:21:00,CNR5804880950,Canceled by Customer,CID116725,Prime Sedan,Majestic,Shantinagar,,,Driver asked to cancel,Not Applicable,Not Applicable,Not Applicable,372,Not Applicable,0,,
2024-07-13 08:35:00,CNR3028665053,Success,CID704390,Auto,Hebbal,Yelahanka,266.0,90.0,Not Applicable,Not Applicable,No,Not Applicable,519,UPI,15,4.1,4.2
2024-07-01 20:51:00,CNR4867433391,Success,CID460760,Prime Plus,Bannerghatta Road,Malleshwaram,98.0,25.0,Not Applicable,Not Applicable,No,Not Applicable,190,UPI,37,4.7,3.7
2024-07-01 06:04:00,CNR5422612499,Canceled by Customer,CID400747,Mini,Cox Town,Langford Town,,,Driver is not moving towards pickup location,Not Applicable,Not Applicable,Not Applicable,489,Not Applicable,0,,
2024-07-14 09:05:00,CNR4212780396,Success,CID985996,Mini,Majestic,Chamarajpet,98.0,110.0,Not Applicable,Not Applicable,No,Not Applicable,896,Cash,24,3.1,3.1
2024-07-29 05:24:00,CNR1379026478,Success,CID393219,Prime Sedan,Sarjapur Road,Hulimavu,147.0,55.0,Not Applicable,Not Applicable,No,Not Applicable,148,Cash,45,4.6,4.6
2024-07-29 21:36:00,CNR9320585753,Driver Not Found,CID845631,Mini,Varthur,Magadi Road,,,Not Applicable,Not Applicable,Not Applicable,Not Applicable,317,Not Applicable,0,,
2024-07-18 17:00:00,CNR6775730007,Success,CID945918,Auto,Hebbal,Bellandur,168.0,95.0,Not Applicable,Not Applicable,No,Not Applicable,170,UPI,1,3.8,3.0
2024-07-08 22:01:00,CNR3107025317,Canceled by Customer,CID332436,Bike,Langford Town,Marathahalli,,,Driver asked to cancel,Not Applicable,Not Applicable,Not Applicable,489,Not Applicable,0,,
2024-07-28 08:40:00,CNR3552167666,Canceled by Driver,CID921500,eBike,JP Nagar,RT Nagar,,,Not Applicable,Customer related issue,Not Applicable,Not Applicable,842,Not Applicable,0,,
2024-07-12 09:46:00,CNR5959818230,Driver Not Found,CID998250,Prime Plus,Langford Town,Ramamurthy Nagar,,,Not Applicable,Not Applicable,Not Applicable,Not Applicable,284,Not Applicable,0,,
2024-07-07 02:10:00,CNR5820184048,Canceled by Customer,CID332676,Auto,RT Nagar,Tumkur Road,,,Driver is not moving towards pickup location,Not Applicable,Not Applicable,Not Applicable,232,Not Applicable,0,,
2024-07-05 04:28:00,CNR7615355773,Success,CID402552,Mini,Mysore Road,Kengeri,133.0,45.0,Not Applicable,Not Applicable,No,Not Applicable,101,Cash,4,3.2,3.0
2024-07-18 15:29:00,CNR3168741539,Success,CID432268,Mini,Jayanagar,RT Nagar,42.0,130.0,Not Applicable,Not Applicable,No,Not Applicable,182,UPI,23,3.5,3.9
2024-07-01 09:29:00,CNR3642985833,Canceled by Customer,CID130551,eBike,RT Nagar,Padmanabhanagar,,,Driver is not moving towards pickup location,Not Applicable,Not Applicable,Not Applicable,332,Not Applicable,0,,
2024-07-19 14:04:00,CNR4021898849,Success,CID474996,Mini,Frazer Town,Frazer Town,168.0,40.0,Not Applicable,Not Applicable,No,Not Applicable,224,Debit Card,41,3.6,4.9
2024-07-15 08:28:00,CNR2518369653,Canceled by Customer,CID979142,Bike,Hulimavu,HSR Layout,,,Driver is not moving towards pickup location,Not Applicable,Not Applicable,Not Applicable,2548,Not Applicable,0,,
2024-07-09 15:02:00,CNR7152431646,Success,CID999083,Auto,Kammanahalli,Bellandur,266.0,80.0,Not Applicable,Not Applicable,No,Not Applicable,466,Cash,5,4.1,4.1
2024-07-30 23:47:00,CNR7665881605,Canceled by Driver,CID829141,Mini,Whitefield,Ulsoor,,,Not Applicable,Customer was coughing/sick,Not Applicable,Not Applicable,185,Not Applicable,0,,
2024-07-06 03:53:00,CNR1353462114,Success,CID316598,Prime Sedan,Langford Town,Electronic City,154.0,50.0,Not Applicable,Not Applicable,No,Not Applicable,132,Cash,8,4.9,4.7
2024-07-23 16:56:00,CNR3699747358,Success,CID220986,Bike,Yeshwanthpur,Cox Town,301.0,35.0,Not Applicable,Not Applicable,Yes,Vehicle Breakdown,398,Cash,24,3.2,3.1
2024-07-25 13:53:00,CNR8091226965,Success,CID810783,Mini,Bellandur,Hosur Road,189.0,45.0,Not Applicable,Not Applicable,No,Not Applicable,413,UPI,35,4.2,4.5
2024-07-28 00:01:00,CNR1770370816,Success,CID196665,Auto,Jayanagar,Peenya,175.0,55.0,Not Applicable,Not Applicable,No,Not Applicable,604,UPI,5,3.3,4.0
2024-07-14 19:05:00,CNR5978471967,Canceled by Customer,CID255452,Auto,Koramangala,Kammanahalli,,,Driver asked to cancel,Not Applicable,Not Applicable,Not Applicable,802,Not Applicable,0,,
2024-07-10 16:16:00,CNR4077495879,Success,CID427427,Prime Plus,Rajarajeshwari Nagar,Magadi Road,259.0,80.0,Not Applicable,Not Applicable,No,Not Applicable,431,Cash,34,4.6,3.4
2024-07-04 17:35:00,CNR2660303765,Canceled by Customer,CID385452,Bike,Electronic City,Jayanagar,,,AC is Not working,Not Applicable,Not Applicable,Not Applicable,198,Not Applicable,0,,
2024-07-24 10:46:00,CNR4950938270,Canceled by Customer,CID347817,Prime Plus,Chickpet,Vijayanagar,,,AC is Not working,Not Applicable,Not Applicable,Not Applicable,2604,Not Applicable,0,,
2024-07-26 10:54:00,CNR3298129116,Canceled by Driver,CID127966,Prime Sedan,Shantinagar,Varthur,,,Not Applicable,Personal & Car related issue,Not Applicable,Not Applicable,1017,Not Applicable,0,,
2024-07-23 04:21:00,CNR5213251374,Success,CID230076,Auto,Hennur,Vijayanagar,91.0,135.0,Not Applicable,Not Applicable,No,Not Applicable,211,Cash,15,4.0,3.3
2024-07-26 16:42:00,CNR8136516966,Success,CID553751,Prime SUV,Kengeri,Ulsoor,56.0,45.0,Not Applicable,Not Applicable,No,Not Applicable,281,Cash,30,3.3,4.8
2024-07-29 00:26:00,CNR5606183987,Canceled by Driver,CID133685,Prime Sedan,Marathahalli,Magadi Road,,,Not Applicable,Customer related issue,Not Applicable,Not Applicable,1649,Not Applicable,0,,
2024-07-30 04:33:00,CNR3788260202,Success,CID306010,Prime Plus,Magadi Road,Majestic,49.0,60.0,Not Applicable,Not Applicable,No,Not Applicable,323,Cash,44,5.0,3.1
2024-07-21 15:06:00,CNR5303340498,Canceled by Customer,CID565427,Auto,Langford Town,Varthur,,,Change of plans,Not Applicable,Not Applicable,Not Applicable,314,Not Applicable,0,,
2024-07-04 00:47:00,CNR4448276113,Success,CID476740,Prime SUV,Tumkur Road,Shantinagar,217.0,60.0,Not Applicable,Not Applicable,Yes,Other Issue,199,Cash,36,3.1,4.9
2024-07-24 11:06:00,CNR7244316890,Success,CID617093,Prime SUV,Yelahanka,Richmond Town,287.0,60.0,Not Applicable,Not Applicable,No,Not Applicable,107,Cash,47,3.5,3.1
2024-07-03 16:16:00,CNR2785393548,Success,CID210113,eBike,Indiranagar,Richmond Town,308.0,45.0,Not Applicable,Not Applicable,No,Not Applicable,306,Cash,46,4.1,3.3
2024-07-24 19:34:00,CNR6734624588,Driver Not Found,CID579019,Mini,Peenya,Majestic,,,Not Applicable,Not Applicable,Not Applicable,Not Applicable,776,Not Applicable,0,,
2024-07-24 08:07:00,CNR5501974461,Success,CID144115,Prime Plus,Vijayanagar,HSR Layout,224.0,145.0,Not Applicable,Not Applicable,No,Not Applicable,233,Cash,35,3.0,4.0
2024-07-24 01:55:00,CNR5035730167,Success,CID318799,Bike,Whitefield,Yeshwanthpur,189.0,95.0,Not Applicable,Not Applicable,No,Not Applicable,360,UPI,18,3.7,4.2
2024-07-12 10:13:00,CNR4518762668,Success,CID964417,Prime Plus,Nagarbhavi,Banashankari,70.0,55.0,Not Applicable,Not Applicable,No,Not Applicable,520,UPI,29,4.9,4.2
2024-07-18 15:10:00,CNR2820756942,Success,CID694643,Prime SUV,Bellandur,Yelahanka,119.0,50.0,Not Applicable,Not Applicable,No,Not Applicable,491,UPI,18,4.5,3.6
2024-07-19 02:58:00,CNR3719751078,Success,CID802175,Prime Sedan,Kammanahalli,Shivajinagar,287.0,105.0,Not Applicable,Not Applicable,No,Not Applicable,249,UPI,7,3.8,3.4
2024-07-16 20:04:00,CNR6395525013,Canceled by Customer,CID736923,Prime SUV,Tumkur Road,Banashankari,,,Driver asked to cancel,Not Applicable,Not Applicable,Not Applicable,2042,Not Applicable,0,,
2024-07-09 09:15:00,CNR2718455786,Canceled by Driver,CID366987,Prime SUV,MG Road,Magadi Road,,,Not Applicable,Customer was coughing/sick,Not Applicable,Not Applicable,1101,Not Applicable,0,,
2024-07-03 16:13:00,CNR2357022153,Success,CID941249,Prime Plus,Malleshwaram,Ulsoor,77.0,30.0,Not Applicable,Not Applicable,No,Not Applicable,341,UPI,7,3.1,3.9
2024-07-24 14:39:00,CNR6711716117,Canceled by Customer,CID491192,Prime Plus,Bellandur,Tumkur Road,,,Change of plans,Not Applicable,Not Applicable,Not Applicable,456,Not Applicable,0,,
2024-07-22 18:20:00,CNR1550485091,Success,CID429162,Auto,RT Nagar,Banashankari,238.0,70.0,Not Applicable,Not Applicable,No,Not Applicable,306,Cash,18,3.3,4.5
2024-07-02 22:19:00,CNR6809459521,Canceled by Driver,CID686201,Prime Plus,Richmond Town,Koramangala,,,Not Applicable,Customer was coughing/sick,Not Applicable,Not Applicable,287,Not Applicable,0,,
2024-07-26 22:48:00,CNR9501206736,Driver Not Found,CID664327,eBike,Chickpet,Frazer Town,,,Not Applicable,Not Applicable,Not Applicable,Not Applicable,972,Not Applicable,0,,
2024-07-15 06:08:00,CNR8119233405,Success,CID147081,Bike,Rajarajeshwari Nagar,Kadugodi,147.0,140.0,Not Applicable,Not Applicable,No,Not Applicable,599,Cash,49,4.4,3.4
2024-07-06 12:33:00,CNR5155280826,Success,CID207665,eBike,RT Nagar,Devanahalli,175.0,25.0,Not Applicable,Not Applicable,No,Not Applicable,395,UPI,4,4.1,3.2
2024-07-29 13:55:00,CNR3199034625,Success,CID959710,Prime Sedan,Hebbal,Cox Town,91.0,110.0,Not Applicable,Not Applicable,No,Not Applicable,219,Cash,2,4.3,3.6
2024-07-16 07:44:00,CNR6171660824,Canceled by Driver,CID666117,Mini,Rajajinagar,Yeshwanthpur,,,Not Applicable,Personal & Car related issue,Not Applicable,Not Applicable,480,Not Applicable,0,,
2024-07-25 05:30:00,CNR8020460132,Success,CID327947,Bike,Hosur Road,Devanahalli,217.0,35.0,Not Applicable,Not Applicable,No,Not Applicable,295,UPI,40,4.3,5.0
2024-07-23 09:27:00,CNR4901959415,Success,CID794125,Mini,HSR Layout,Mysore Road,273.0,40.0,Not Applicable,Not Applicable,No,Not Applicable,234,Cash,29,4.0,4.5
2024-07-04 19:36:00,CNR5363606404,Driver Not Found,CID973696,Mini,HSR Layout,Kengeri,,,Not Applicable,Not Applicable,Not Applicable,Not Applicable,1282,Not Applicable,0,,
2024-07-16 23:33:00,CNR7392762295,Success,CID912335,eBike,Malleshwaram,Banashankari,105.0,75.0,Not Applicable,Not Applicable,No,Not Applicable,107,Cash,49,4.4,3.6
2024-07-08 12:33:00,CNR4631955185,Success,CID805671,Prime Sedan,Bannerghatta Road,Hulimavu,98.0,65.0,Not Applicable,Not Applicable,No,Not Applicable,398,Cash,23,3.3,3.4
2024-07-03 03:04:00,CNR7604192672,Canceled by Driver,CID808894,Prime SUV,Hebbal,Jayanagar,,,Not Applicable,Personal & Car related issue,Not Applicable,Not Applicable,346,Not Applicable,0,,
2024-07-26 22:59:00,CNR7651456465,Success,CID944027,Mini,Hennur,Kadugodi,280.0,130.0,Not Applicable,Not Applicable,No,Not Applicable,463,UPI,26,3.2,5.0
2024-07-22 20:05:00,CNR6816531454,Success,CID797724,Prime Sedan,Magadi Road,Hosur Road,203.0,125.0,Not Applicable,Not Applicable,Yes,Vehicle Breakdown,635,Cash,17,3.4,4.5
2024-07-06 21:21:00,CNR9333301820,Success,CID647084,Mini,Basavanagudi,Ramamurthy Nagar,147.0,55.0,Not Applicable,Not Applicable,No,Not Applicable,338,UPI,1,3.7,3.2
2024-07-23 17:13:00,CNR2318791096,Success,CID897165,Prime Plus,Kammanahalli,Bannerghatta Road,154.0,55.0,Not Applicable,Not Applicable,No,Not Applicable,1429,Cash,19,4.7,4.0
2024-07-24 21:24:00,CNR4471073643,Driver Not Found,CID795308,eBike,Hennur,Magadi Road,,,Not Applicable,Not Applicable,Not Applicable,Not Applicable,359,Not Applicable,0,,
2024-07-03 05:53:00,CNR4098242028,Canceled by Driver,CID465943,Prime Sedan,Yelahanka,Banashankari,,,Not Applicable,Personal & Car related issue,Not Applicable,Not Applicable,623,Not Applicable,0,,
2024-07-14 23:55:00,CNR7343799293,Success,CID177923,Prime Plus,Rajarajeshwari Nagar,Kadugodi,63.0,25.0,Not Applicable,Not Applicable,No,Not Applicable,487,Cash,35,4.6,4.0
2024-07-22 15:15:00,CNR6610359552,Success,CID630006,eBike,Sarjapur Road,Kadugodi,238.0,85.0,Not Applicable,Not Applicable,No,Not Applicable,113,UPI,38,3.1,4.6
2024-07-28 16:23:00,CNR9909446344,Success,CID896458,Prime Sedan,Ramamurthy Nagar,Sahakar Nagar,294.0,60.0,Not Applicable,Not Applicable,No,Not Applicable,527,Credit Card,4,3.1,4.7
2024-07-17 07:03:00,CNR5981241712,Success,CID325869,Auto,Magadi Road,Shantinagar,49.0,85.0,Not Applicable,Not Applicable,No,Not Applicable,2360,Cash,2,3.4,4.3
2024-07-27 06:13:00,CNR5583817089,Success,CID496171,Mini,Hosur Road,JP Nagar,287.0,40.0,Not Applicable,Not Applicable,No,Not Applicable,388,UPI,48,4.9,4.3
2024-07-11 03:17:00,CNR5146879022,Canceled by Customer,CID197392,Bike,Majestic,Indiranagar,,,Change of plans,Not Applicable,Not Applicable,Not Applicable,730,Not Applicable,0,,
2024-07-08 01:58:00,CNR2586970539,Success,CID395107,Bike,Yeshwanthpur,Mysore Road,42.0,45.0,Not Applicable,Not Applicable,No,Not Applicable,361,Cash,36,3.3,4.7
2024-07-10 01:03:00,CNR2433101703,Success,CID182785,Bike,JP Nagar,Nagarbhavi,77.0,145.0,Not Applicable,Not Applicable,No,Not Applicable,289,Cash,30,4.2,4.2
2024-07-25 02:30:00,CNR3072446898,Canceled by Driver,CID755124,Prime Sedan,Malleshwaram,Tumkur Road,,,Not Applicable,Customer was coughing/sick,Not Applicable,Not Applicable,464,Not Applicable,0,,
2024-07-07 22:36:00,CNR1790751634,Success,CID702752,eBike,Jayanagar,Basavanagudi,133.0,135.0,Not Applicable,Not Applicable,No,Not Applicable,220,Cash,7,3.1,3.9
2024-07-02 18:44:00,CNR5274882008,Success,CID124290,Mini,Devanahalli,Vijayanagar,42.0,100.0,Not Applicable,Not Applicable,Yes,Other Issue,393,Cash,13,3.3,3.8
2024-07-29 14:56:00,CNR6489623840,Success,CID656049,eBike,Ramamurthy Nagar,Vijayanagar,252.0,70.0,Not Applicable,Not Applicable,No,Not Applicable,387,Cash,49,3.8,3.8
2024-07-27 20:07:00,CNR1760116170,Canceled by Driver,CID461675,Prime Sedan,Sahakar Nagar,Hennur,,,Not Applicable,Customer related issue,Not Applicable,Not Applicable,868,Not Applicable,0,,
2024-07-23 09:14:00,CNR7088474564,Canceled by Driver,CID345570,Prime Sedan,Ulsoor,Malleshwaram,,,Not Applicable,Personal & Car related issue,Not Applicable,Not Applicable,1903,Not Applicable,0,,
2024-07-25 06:27:00,CNR6357233736,Success,CID505267,Auto,Richmond Town,Hosur Road,294.0,45.0,Not Applicable,Not Applicable,No,Not Applicable,498,UPI,7,4.9,4.4
2024-07-29 06:05:00,CNR9771214422,Success,CID212799,Mini,Frazer Town,Yeshwanthpur,252.0,70.0,Not Applicable,Not Applicable,No,Not Applicable,777,Cash,44,4.8,4.4
2024-07-28 05:30:00,CNR3215271760,Success,CID454858,Prime SUV,Hebbal,Nagarbhavi,273.0,75.0,Not Applicable,Not Applicable,No,Not Applicable,1584,Cash,14,3.9,4.4
2024-07-23 17:23:00,CNR1818466282,Success,CID539822,Prime SUV,Indiranagar,Tumkur Road,273.0,75.0,Not Applicable,Not Applicable,No,Not Applicable,242,UPI,9,3.2,4.3
2024-07-02 01:15:00,CNR7886637082,Driver Not Found,CID682860,Prime Sedan,Padmanabhanagar,Kengeri,,,Not Applicable,Not Applicable,Not Applicable,Not Applicable,378,Not Applicable,0,,
2024-07-28 08:50:00,CNR5509304586,Canceled by Customer,CID135280,Prime SUV,Indiranagar,Indiranagar,,,Change of plans,Not Applicable,Not Applicable,Not Applicable,436,Not Applicable,0,,
2024-07-26 15:12:00,CNR4534851427,Success,CID343992,eBike,KR Puram,Indiranagar,273.0,95.0,Not Applicable,Not Applicable,No,Not Applicable,458,Cash,43,4.5,3.9
2024-07-11 05:46:00,CNR3274218492,Driver Not Found,CID124943,Prime Plus,MG Road,Yeshwanthpur,,,Not Applicable,Not Applicable,Not Applicable,Not Applicable,464,Not Applicable,0,,
2024-07-26 08:37:00,CNR6776533122,Success,CID747437,Prime Sedan,Sahakar Nagar,Tumkur Road,63.0,30.0,Not Applicable,Not Applicable,Yes,Vehicle Breakdown,717,Credit Card,32,4.1,4.4
2024-07-28 10:19:00,CNR8982319419,Success,CID262241,Prime SUV,Mysore Road,Ulsoor,35.0,125.0,Not Applicable,Not Applicable,No,Not Applicable,109,Cash,27,3.7,4.0
2024-07-03 18:30:00,CNR5655381695,Success,CID759499,eBike,KR Puram,Whitefield,308.0,95.0,Not Applicable,Not Applicable,No,Not Applicable,340,Cash,13,4.6,4.6
2024-07-09 15:31:00,CNR8528246335,Driver Not Found,CID135008,Prime SUV,HSR Layout,Whitefield,,,Not Applicable,Not Applicable,Not Applicable,Not Applicable,1856,Not Applicable,0,,
2024-07-02 08:11:00,CNR6411267574,Success,CID358644,eBike,Marathahalli,Ulsoor,301.0,35.0,Not Applicable,Not Applicable,No,Not Applicable,655,UPI,12,4.5,4.6
2024-07-07 14:31:00,CNR6792260260,Driver Not Found,CID503138,Prime Sedan,Hennur,Nagarbhavi,,,Not Applicable,Not Applicable,Not Applicable,Not Applicable,131,Not Applicable,0,,
2024-07-13 00:41:00,CNR8589522032,Success,CID820524,Bike,Whitefield,Kengeri,196.0,40.0,Not Applicable,Not Applicable,No,Not Applicable,848,UPI,27,3.6,3.7
2024-07-12 15:05:00,CNR7814379225,Canceled by Customer,CID153266,Prime Sedan,Peenya,Yelahanka,,,Driver asked to cancel,Not Applicable,Not Applicable,Not Applicable,226,Not Applicable,0,,
2024-07-20 20:09:00,CNR9917202160,Success,CID849275,Prime Sedan,KR Puram,Devanahalli,210.0,25.0,Not Applicable,Not Applicable,No,Not Applicable,412,Cash,13,4.4,4.0
2024-07-30 02:03:00,CNR8077543255,Success,CID444871,Prime Sedan,Richmond Town,Majestic,42.0,105.0,Not Applicable,Not Applicable,No,Not Applicable,1197,UPI,33,3.9,3.4
2024-07-02 23:17:00,CNR9803785418,Canceled by Customer,CID333511,Bike,KR Puram,Bannerghatta Road,,,Change of plans,Not Applicable,Not Applicable,Not Applicable,350,Not Applicable,0,,
2024-07-19 05:17:00,CNR6817064338,Driver Not Found,CID769012,Prime Sedan,Hosur Road,Langford Town,,,Not Applicable,Not Applicable,Not Applicable,Not Applicable,465,Not Applicable,0,,
2024-07-15 06:00:00,CNR4740678983,Canceled by Driver,CID864704,Prime Sedan,Chickpet,RT Nagar,,,Not Applicable,Customer related issue,Not Applicable,Not Applicable,1894,Not Applicable,0,,
2024-07-07 04:38:00,CNR1600389606,Success,CID973762,Mini,Tumkur Road,MG Road,301.0,30.0,Not Applicable,Not Applicable,No,Not Applicable,356,Cash,21,3.5,4.2
2024-07-28 18:59:00,CNR8114483346,Success,CID319951,Mini,Kengeri,Peenya,70.0,85.0,Not Applicable,Not Applicable,No,Not Applicable,472,Cash,37,4.0,3.3
2024-07-30 17:21:00,CNR3426325185,Success,CID397627,Prime Sedan,Frazer Town,Tumkur Road,224.0,95.0,Not Applicable,Not Applicable,Yes,Customer Demand,753,Cash,28,3.1,4.9
2024-07-09 22:51:00,CNR1807981091,Success,CID946162,eBike,JP Nagar,Sarjapur Road,77.0,110.0,Not Applicable,Not Applicable,No,Not Applicable,2539,Cash,26,4.1,3.0
2024-07-04 13:25:00,CNR1294235390,Success,CID135317,Prime Plus,Electronic City,Indiranagar,119.0,145.0,Not Applicable,Not Applicable,Yes,Customer Demand,319,UPI,11,4.3,3.1
2024-07-29 12:01:00,CNR8281194368,Success,CID418785,Prime Plus,Rajarajeshwari Nagar,Sarjapur Road,203.0,25.0,Not Applicable,Not Applicable,No,Not Applicable,151,Cash,22,3.4,3.4
2024-07-29 22:14:00,CNR8977212091,Success,CID258290,Prime SUV,Varthur,Ulsoor,287.0,60.0,Not Applicable,Not Applicable,No,Not Applicable,100,Cash,35,3.1,3.3
2024-07-05 03:32:00,CNR7751130430,Success,CID840791,Bike,Basavanagudi,Magadi Road,189.0,140.0,Not Applicable,Not Applicable,No,Not Applicable,436,Credit Card,43,3.1,3.7
2024-07-18 10:09:00,CNR3615678099,Success,CID317904,eBike,Devanahalli,Majestic,294.0,80.0,Not Applicable,Not Applicable,No,Not Applicable,320,UPI,6,4.2,3.9
2024-07-30 10:09:00,CNR3502103351,Success,CID383804,Prime Plus,MG Road,Devanahalli,126.0,125.0,Not Applicable,Not Applicable,No,Not Applicable,406,UPI,21,3.9,3.9
2024-07-13 11:41:00,CNR5324553633,Success,CID661820,Auto,Magadi Road,Frazer Town,63.0,75.0,Not Applicable,Not Applicable,No,Not Applicable,176,UPI,19,4.7,3.3
2024-07-08 14:28:00,CNR4632456287,Success,CID849307,Bike,Malleshwaram,Electronic City,133.0,95.0,Not Applicable,Not Applicable,No,Not Applicable,115,UPI,33,4.6,4.6
2024-07-21 04:31:00,CNR2588709950,Driver Not Found,CID968181,Auto,Rajarajeshwari Nagar,Hosur Road,,,Not Applicable,Not Applicable,Not Applicable,Not Applicable,2030,Not Applicable,0,,
2024-07-15 08:19:00,CNR8110872267,Canceled by Customer,CID698259,eBike,Koramangala,Bellandur,,,Change of plans,Not Applicable,Not Applicable,Not Applicable,129,Not Applicable,0,,
2024-07-19 14:58:00,CNR6893615742,Success,CID118274,Mini,Hosur Road,Hennur,301.0,45.0,Not Applicable,Not Applicable,No,Not Applicable,544,UPI,45,3.2,4.2
2024-07-22 10:03:00,CNR8858330637,Success,CID228043,Prime Plus,Kammanahalli,Majestic,42.0,65.0,Not Applicable,Not Applicable,No,Not Applicable,382,Cash,3,4.2,4.9
2024-07-05 12:39:00,CNR1963031493,Success,CID223632,Bike,Sarjapur Road,Magadi Road,210.0,135.0,Not Applicable,Not Applicable,Yes,Vehicle Breakdown,989,UPI,49,4.2,3.6
2024-07-07 07:46:00,CNR6975670823,Success,CID222868,Mini,Peenya,Bannerghatta Road,182.0,130.0,Not Applicable,Not Applicable,Yes,Customer Demand,223,Cash,1,3.1,4.6
2024-07-26 12:09:00,CNR4736699588,Success,CID519596,Bike,Devanahalli,Vijayanagar,119.0,145.0,Not Applicable,Not Applicable,No,Not Applicable,370,Cash,41,4.2,3.5
2024-07-18 17:25:00,CNR3560891433,Canceled by Driver,CID255306,Auto,Kengeri,Richmond Town,,,Not Applicable,Customer related issue,Not Applicable,Not Applicable,126,Not Applicable,0,,
2024-07-12 03:24:00,CNR8528812909,Canceled by Driver,CID466063,Prime Sedan,BTM Layout,Nagarbhavi,,,Not Applicable,Personal & Car related issue,Not Applicable,Not Applicable,421,Not Applicable,0,,
2024-07-14 18:42:00,CNR5435713377,Success,CID472818,Auto,Mysore Road,Varthur,196.0,105.0,Not Applicable,Not Applicable,No,Not Applicable,331,Cash,7,3.3,3.4
2024-07-29 23:33:00,CNR9396301531,Success,CID102733,Prime Sedan,Vijayanagar,Electronic City,175.0,105.0,Not Applicable,Not Applicable,No,Not Applicable,2045,Cash,27,4.4,3.1
2024-07-10 17:49:00,CNR3528296247,Canceled by Driver,CID846349,Prime SUV,Bellandur,Hennur,,,Not Applicable,Customer related issue,Not Applicable,Not Applicable,137,Not Applicable,0,,
2024-07-28 15:33:00,CNR5438166735,Canceled by Driver,CID815467,eBike,Kammanahalli,Langford Town,,,Not Applicable,More than permitted people in there,Not Applicable,Not Applicable,291,Not Applicable,0,,
2024-07-30 07:13:00,CNR9742714083,Success,CID751415,Prime Sedan,KR Puram,JP Nagar,35.0,95.0,Not Applicable,Not Applicable,No,Not Applicable,114,UPI,45,3.7,3.1
2024-07-27 14:11:00,CNR1057013754,Success,CID596134,Prime Sedan,Rajajinagar,Nagarbhavi,231.0,140.0,Not Applicable,Not Applicable,No,Not Applicable,235,Cash,17,3.4,3.3
2024-07-16 12:18:00,CNR7136357922,Success,CID439228,Prime SUV,RT Nagar,Shantinagar,217.0,120.0,Not Applicable,Not Applicable,No,Not Applicable,841,UPI,20,4.1,3.0
2024-07-08 23:23:00,CNR4698795814,Canceled by Driver,CID362606,Bike,Kengeri,Vijayanagar,,,Not Applicable,Personal & Car related issue,Not Applicable,Not Applicable,234,Not Applicable,0,,
2024-07-29 23:07:00,CNR3824051850,Success,CID722921,Auto,Bellandur,HSR Layout,252.0,120.0,Not Applicable,Not Applicable,No,Not Applicable,260,Cash,2,4.6,3.8
2024-07-28 08:07:00,CNR7916029654,Success,CID704304,Mini,JP Nagar,Hebbal,175.0,40.0,Not Applicable,Not Applicable,No,Not Applicable,108,Cash,17,4.7,3.2
2024-07-16 21:50:00,CNR5213398061,Canceled by Customer,CID458735,Mini,RT Nagar,Sahakar Nagar,,,Driver asked to cancel,Not Applicable,Not Applicable,Not Applicable,325,Not Applicable,0,,
2024-07-22 16:18:00,CNR7247939071,Success,CID378141,Auto,Majestic,Basavanagudi,77.0,115.0,Not Applicable,Not Applicable,No,Not Applicable,450,Cash,11,4.8,4.7
2024-07-19 11:44:00,CNR6862109847,Success,CID603734,Auto,Shantinagar,Rajajinagar,210.0,45.0,Not Applicable,Not Applicable,No,Not Applicable,473,Cash,10,4.4,4.8
2024-07-22 13:36:00,CNR3233586518,Success,CID161576,Auto,Yeshwanthpur,Malleshwaram,70.0,140.0,Not Applicable,Not Applicable,No,Not Applicable,473,UPI,4,4.3,3.4
2024-07-19 15:13:00,CNR7092001663,Success,CID484865,Bike,Vijayanagar,HSR Layout,238.0,60.0,Not Applicable,Not Applicable,No,Not Applicable,406,Cash,20,4.2,4.2
2024-07-09 22:33:00,CNR5681698935,Success,CID639999,Prime Sedan,Chickpet,Hosur Road,280.0,130.0,Not Applicable,Not Applicable,No,Not Applicable,333,Debit Card,17,3.2,3.5
2024-07-10 21:42:00,CNR4361791422,Canceled by Driver,CID173113,Prime Sedan,Jayanagar,Indiranagar,,,Not Applicable,Personal & Car related issue,Not Applicable,Not Applicable,208,Not Applicable,0,,
2024-07-02 09:46:00,CNR9555056482,Success,CID998135,Auto,Jayanagar,RT Nagar,147.0,135.0,Not Applicable,Not Applicable,No,Not Applicable,379,UPI,17,4.4,4.2
2024-07-16 23:28:00,CNR4401200595,Driver Not Found,CID625623,Prime Sedan,Marathahalli,Indiranagar,,,Not Applicable,Not Applicable,Not Applicable,Not Applicable,144,Not Applicable,0,,
2024-07-02 20:52:00,CNR6534798447,Canceled by Customer,CID152756,Prime Plus,Malleshwaram,Richmond Town,,,Driver is not moving towards pickup location,Not Applicable,Not Applicable,Not Applicable,237,Not Applicable,0,,
2024-07-26 03:22:00,CNR2665603087,Canceled by Driver,CID778910,Prime SUV,Nagarbhavi,Kammanahalli,,,Not Applicable,More than permitted people in there,Not Applicable,Not Applicable,140,Not Applicable,0,,
2024-07-25 12:26:00,CNR5492110790,Success,CID371162,Bike,Bellandur,Sarjapur Road,210.0,95.0,Not Applicable,Not Applicable,No,Not Applicable,110,Cash,6,4.4,3.7
2024-07-17 20:31:00,CNR1617651922,Canceled by Customer,CID788703,Prime SUV,Marathahalli,Magadi Road,,,Driver is not moving towards pickup location,Not Applicable,Not Applicable,Not Applicable,698,Not Applicable,0,,
2024-07-29 03:46:00,CNR3746214923,Success,CID706277,Prime Plus,Hosur Road,Mysore Road,105.0,120.0,Not Applicable,Not Applicable,No,Not Applicable,387,UPI,12,3.6,3.4
2024-07-11 10:26:00,CNR4882282529,Success,CID666791,Prime Sedan,Kammanahalli,Shivajinagar,42.0,30.0,Not Applicable,Not Applicable,No,Not Applicable,184,UPI,15,3.3,4.4
2024-07-04 14:49:00,CNR7130471941,Canceled by Driver,CID624734,Mini,Vijayanagar,Devanahalli,,,Not Applicable,Personal & Car related issue,Not Applicable,Not Applicable,137,Not Applicable,0,,
2024-07-03 11:17:00,CNR3683725013,Success,CID692236,eBike,Sarjapur Road,Majestic,126.0,110.0,Not Applicable,Not Applicable,No,Not Applicable,856,Cash,24,3.6,4.4
2024-07-20 22:13:00,CNR7464321848,Driver Not Found,CID113513,Mini,JP Nagar,HSR Layout,,,Not Applicable,Not Applicable,Not Applicable,Not Applicable,250,Not Applicable,0,,
2024-07-15 11:13:00,CNR1605460827,Success,CID227452,Prime Sedan,Varthur,Rajarajeshwari Nagar,210.0,35.0,Not Applicable,Not Applicable,No,Not Applicable,233,Cash,24,4.3,3.4
2024-07-07 11:49:00,CNR9282510502,Success,CID517725,Prime SUV,Basavanagudi,Hennur,42.0,90.0,Not Applicable,Not Applicable,Yes,Customer Demand,147,Cash,18,3.3,3.8
2024-07-25 20:28:00,CNR4368011182,Success,CID498024,eBike,Rajarajeshwari Nagar,Devanahalli,224.0,105.0,Not Applicable,Not Applicable,No,Not Applicable,162,Cash,44,3.5,4.9
2024-07-06 15:21:00,CNR8106679360,Success,CID887985,eBike,Sahakar Nagar,Padmanabhanagar,84.0,90.0,Not Applicable,Not Applicable,No,Not Applicable,273,Cash,7,4.1,4.7
2024-07-25 13:49:00,CNR3886928255,Success,CID933675,Prime SUV,Langford Town,Frazer Town,35.0,70.0,Not Applicable,Not Applicable,No,Not Applicable,997,Credit Card,23,3.3,3.6
2024-07-21 06:16:00,CNR1379649301,Driver Not Found,CID124181,Prime Plus,Tumkur Road,JP Nagar,,,Not Applicable,Not Applicable,Not Applicable,Not Applicable,231,Not Applicable,0,,
2024-07-14 06:15:00,CNR9145266289,Canceled by Driver,CID434660,Prime Sedan,Padmanabhanagar,Hulimavu,,,Not Applicable,Customer related issue,Not Applicable,Not Applicable,189,Not Applicable,0,,
2024-07-10 21:21:00,CNR8793787845,Success,CID690472,Auto,Majestic,Hennur,259.0,40.0,Not Applicable,Not Applicable,No,Not Applicable,470,UPI,19,3.4,3.7
2024-07-21 20:06:00,CNR5765993112,Canceled by Driver,CID297285,Prime SUV,Yeshwanthpur,Devanahalli,,,Not Applicable,Personal & Car related issue,Not Applicable,Not Applicable,414,Not Applicable,0,,
2024-07-18 09:56:00,CNR2914726642,Success,CID362625,Mini,Peenya,Peenya,238.0,25.0,Not Applicable,Not Applicable,No,Not Applicable,2104,Cash,31,3.7,3.0
2024-07-09 06:07:00,CNR3812484819,Success,CID825636,eBike,Tumkur Road,Ramamurthy Nagar,112.0,90.0,Not Applicable,Not Applicable,No,Not Applicable,106,Cash,25,4.8,4.8
2024-07-19 19:44:00,CNR1958272862,Success,CID161676,eBike,Ulsoor,Tumkur Road,140.0,125.0,Not Applicable,Not Applicable,No,Not Applicable,432,Cash,29,4.4,4.7
2024-07-03 17:49:00,CNR7532706453,Success,CID238987,Auto,Electronic City,Ramamurthy Nagar,49.0,45.0,Not Applicable,Not Applicable,No,Not Applicable,169,UPI,15,3.0,4.4
2024-07-06 05:20:00,CNR9817963765,Success,CID598360,Bike,Basavanagudi,Sarjapur Road,84.0,140.0,Not Applicable,Not Applicable,No,Not Applicable,460,UPI,6,3.1,3.2
2024-07-19 02:41:00,CNR4143109495,Canceled by Driver,CID963242,Prime Plus,Tumkur Road,Chickpet,,,Not Applicable,More than permitted people in there,Not Applicable,Not Applicable,517,Not Applicable,0,,
2024-07-01 20:55:00,CNR7697812830,Driver Not Found,CID246753,Prime SUV,Tumkur Road,Vijayanagar,,,Not Applicable,Not Applicable,Not Applicable,Not Applicable,2513,Not Applicable,0,,
2024-07-12 06:26:00,CNR4148843448,Success,CID713323,Prime Sedan,Magadi Road,JP Nagar,175.0,70.0,Not Applicable,Not Applicable,No,Not Applicable,491,Cash,3,3.7,3.4
2024-07-04 23:55:00,CNR5019659450,Success,CID481518,eBike,KR Puram,Devanahalli,63.0,80.0,Not Applicable,Not Applicable,No,Not Applicable,886,Cash,44,3.2,3.3
2024-07-15 10:08:00,CNR6082721960,Success,CID715843,Bike,BTM Layout,Malleshwaram,210.0,105.0,Not Applicable,Not Applicable,No,Not Applicable,272,Cash,32,3.2,4.9
2024-07-25 09:34:00,CNR5959867123,Success,CID526670,Prime Plus,Marathahalli,RT Nagar,266.0,95.0,Not Applicable,Not Applicable,Yes,Vehicle Breakdown,137,UPI,16,4.4,5.0
2024-07-23 03:33:00,CNR9360946889,Success,CID968969,Auto,Langford Town,Yelahanka,98.0,50.0,Not Applicable,Not Applicable,No,Not Applicable,499,UPI,3,4.9,4.3
2024-07-16 17:16:00,CNR3952852384,Success,CID619079,Prime Plus,RT Nagar,Richmond Town,280.0,135.0,Not Applicable,Not Applicable,No,Not Applicable,110,UPI,7,4.5,4.4
2024-07-18 11:06:00,CNR5085108843,Canceled by Driver,CID289487,Prime Sedan,Hosur Road,Cox Town,,,Not Applicable,Personal & Car related issue,Not Applicable,Not Applicable,2402,Not Applicable,0,,
2024-07-22 23:43:00,CNR4908544156,Success,CID293454,eBike,Kammanahalli,Varthur,105.0,95.0,Not Applicable,Not Applicable,No,Not Applicable,486,UPI,10,5.0,4.4
2024-07-06 13:13:00,CNR6056321360,Success,CID549874,Prime Plus,Richmond Town,Rajajinagar,210.0,65.0,Not Applicable,Not Applicable,Yes,Customer Demand,306,UPI,6,4.9,5.0
2024-07-24 11:52:00,CNR4329771695,Driver Not Found,CID741521,Prime Sedan,Vijayanagar,Electronic City,,,Not Applicable,Not Applicable,Not Applicable,Not Applicable,652,Not Applicable,0,,
2024-07-24 03:20:00,CNR9930538428,Success,CID287693,Mini,Padmanabhanagar,HSR Layout,91.0,55.0,Not Applicable,Not Applicable,No,Not Applicable,141,UPI,47,3.6,4.0
2024-07-03 03:28:00,CNR8424574437,Driver Not Found,CID129558,Prime Plus,Jayanagar,Bellandur,,,Not Applicable,Not Applicable,Not Applicable,Not Applicable,469,Not Applicable,0,,
2024-07-30 23:48:00,CNR8022312226,Success,CID403114,Auto,Sarjapur Road,Bellandur,280.0,125.0,Not Applicable,Not Applicable,No,Not Applicable,799,Cash,13,4.9,3.1
2024-07-07 18:09:00,CNR7313763161,Success,CID766472,Auto,Kadugodi,HSR Layout,308.0,110.0,Not Applicable,Not Applicable,No,Not Applicable,262,Cash,12,4.2,4.1
2024-07-19 10:12:00,CNR4395523964,Success,CID700960,Prime Sedan,Banashankari,Hosur Road,301.0,145.0,Not Applicable,Not Applicable,No,Not Applicable,403,UPI,25,3.6,3.4
2024-07-07 00:03:00,CNR5773726310,Success,CID206218,Bike,Cox Town,Vijayanagar,196.0,95.0,Not Applicable,Not Applicable,No,Not Applicable,255,UPI,18,4.7,3.4
2024-07-30 06:31:00,CNR5517189334,Driver Not Found,CID736271,Prime Plus,Richmond Town,Shantinagar,,,Not Applicable,Not Applicable,Not Applicable,Not Applicable,2138,Not Applicable,0,,
2024-07-13 11:57:00,CNR6378667258,Success,CID884073,eBike,Sarjapur Road,BTM Layout,301.0,25.0,Not Applicable,Not Applicable,No,Not Applicable,480,Cash,12,3.2,4.0
2024-07-23 22:24:00,CNR6331212250,Success,CID123246,Auto,RT Nagar,Magadi Road,308.0,85.0,Not Applicable,Not Applicable,No,Not Applicable,244,UPI,19,4.5,4.5
2024-07-05 08:40:00,CNR5093571240,Canceled by Driver,CID173178,Mini,Peenya,Peenya,,,Not Applicable,Customer related issue,Not Applicable,Not Applicable,226,Not Applicable,0,,
2024-07-18 09:44:00,CNR3158797013,Canceled by Customer,CID404660,Prime Sedan,Magadi Road,Basavanagudi,,,Driver is not moving towards pickup location,Not Applicable,Not Applicable,Not Applicable,462,Not Applicable,0,,
2024-07-09 20:48:00,CNR3917243487,Success,CID127243,Prime Sedan,Yeshwanthpur,RT Nagar,119.0,140.0,Not Applicable,Not Applicable,No,Not Applicable,992,Cash,36,3.0,3.6
2024-07-24 12:12:00,CNR9215003966,Success,CID325631,eBike,Peenya,MG Road,133.0,55.0,Not Applicable,Not Applicable,No,Not Applicable,147,UPI,17,4.7,3.9
2024-07-02 11:43:00,CNR7227915730,Success,CID657974,Prime SUV,Shantinagar,Jayanagar,91.0,35.0,Not Applicable,Not Applicable,No,Not Applicable,633,Cash,37,4.8,4.0
2024-07-20 16:02:00,CNR6487549639,Success,CID527369,Mini,Kadugodi,Whitefield,182.0,115.0,Not Applicable,Not Applicable,No,Not Applicable,129,Cash,6,4.3,4.2
2024-07-19 15:59:00,CNR1296485264,Success,CID316121,Prime Sedan,Devanahalli,Chamarajpet,98.0,40.0,Not Applicable,Not Applicable,No,Not Applicable,276,UPI,39,4.2,4.4
2024-07-28 12:08:00,CNR4299821490,Success,CID133871,Prime Sedan,Kadugodi,Magadi Road,266.0,75.0,Not Applicable,Not Applicable,No,Not Applicable,297,Cash,39,4.4,4.1
2024-07-11 18:03:00,CNR7971829473,Success,CID747320,Prime Sedan,Padmanabhanagar,Frazer Town,182.0,135.0,Not Applicable,Not Applicable,No,Not Applicable,2014,UPI,19,4.1,4.0
2024-07-08 03:54:00,CNR3608845042,Canceled by Driver,CID917462,Prime Sedan,RT Nagar,Shantinagar,,,Not Applicable,Customer related issue,Not Applicable,Not Applicable,428,Not Applicable,0,,
2024-07-26 17:27:00,CNR1930447587,Success,CID755008,Mini,Majestic,Magadi Road,126.0,105.0,Not Applicable,Not Applicable,No,Not Applicable,721,Cash,5,4.3,3.1
2024-07-03 17:14:00,CNR1042445067,Success,CID162644,Prime SUV,Basavanagudi,RT Nagar,189.0,75.0,Not Applicable,Not Applicable,No,Not Applicable,389,UPI,10,5.0,4.6
2024-07-17 12:05:00,CNR2297378707,Success,CID639338,Auto,Varthur,Bannerghatta Road,245.0,40.0,Not Applicable,Not Applicable,Yes,Customer Demand,520,Credit Card,12,4.8,3.6
2024-07-04 23:57:00,CNR8803486403,Success,CID267490,Prime Plus,Hebbal,Hulimavu,119.0,130.0,Not Applicable,Not Applicable,No,Not Applicable,207,UPI,39,4.9,4.5
2024-07-30 22:17:00,CNR7258392663,Canceled by Customer,CID626052,Auto,Hulimavu,Vijayanagar,,,Wrong Address,Not Applicable,Not Applicable,Not Applicable,335,Not Applicable,0,,
2024-07-12 01:53:00,CNR4257086492,Success,CID661396,Auto,RT Nagar,HSR Layout,56.0,135.0,Not Applicable,Not Applicable,No,Not Applicable,484,UPI,19,4.7,4.5
2024-07-05 03:21:00,CNR9957206586,Canceled by Driver,CID548804,Auto,Bellandur,Jayanagar,,,Not Applicable,Personal & Car related issue,Not Applicable,Not Applicable,235,Not Applicable,0,,
2024-07-28 14:32:00,CNR5631335074,Canceled by Driver,CID746819,Auto,Langford Town,Hulimavu,,,Not Applicable,More than permitted people in there,Not Applicable,Not Applicable,166,Not Applicable,0,,
2024-07-03 11:13:00,CNR5458231492,Success,CID675451,Auto,Bannerghatta Road,Vijayanagar,126.0,130.0,Not Applicable,Not Applicable,No,Not Applicable,148,Cash,16,4.9,3.7
2024-07-20 07:58:00,CNR7330668307,Success,CID689804,Prime Sedan,Cox Town,Tumkur Road,273.0,30.0,Not Applicable,Not Applicable,No,Not Applicable,2361,UPI,4,4.9,3.4
2024-07-24 21:49:00,CNR7102280386,Driver Not Found,CID810684,Bike,Kengeri,Padmanabhanagar,,,Not Applicable,Not Applicable,Not Applicable,Not Applicable,169,Not Applicable,0,,
2024-07-02 02:39:00,CNR4189619445,Success,CID537864,Mini,Cox Town,Shantinagar,119.0,70.0,Not Applicable,Not Applicable,No,Not Applicable,953,Cash,8,4.1,3.5
2024-07-03 20:48:00,CNR6505643195,Canceled by Driver,CID509202,Prime Plus,Hebbal,BTM Layout,,,Not Applicable,More than permitted people in there,Not Applicable,Not Applicable,591,Not Applicable,0,,
2024-07-08 09:25:00,CNR2624590174,Success,CID645276,Prime Plus,Kengeri,Koramangala,70.0,85.0,Not Applicable,Not Applicable,No,Not Applicable,916,UPI,48,3.2,4.9
2024-07-29 02:16:00,CNR4824420519,Success,CID334028,eBike,Hennur,Rajarajeshwari Nagar,182.0,95.0,Not Applicable,Not Applicable,No,Not Applicable,478,UPI,44,4.7,4.2
2024-07-25 21:40:00,CNR3216559394,Canceled by Driver,CID935539,Auto,Tumkur Road,Cox Town,,,Not Applicable,Personal & Car related issue,Not Applicable,Not Applicable,787,Not Applicable,0,,
2024-07-03 05:37:00,CNR1566702832,Success,CID270853,Mini,Majestic,Hebbal,308.0,115.0,Not Applicable,Not Applicable,No,Not Applicable,393,Cash,27,3.0,3.5
2024-07-04 11:55:00,CNR5759608134,Driver Not Found,CID258132,Bike,Yeshwanthpur,Marathahalli,,,Not Applicable,Not Applicable,Not Applicable,Not Applicable,409,Not Applicable,0,,
2024-07-22 04:48:00,CNR6703342137,Success,CID699845,eBike,Bellandur,BTM Layout,154.0,85.0,Not Applicable,Not Applicable,No,Not Applicable,324,UPI,44,3.4,4.6
2024-07-19 06:47:00,CNR7459725708,Canceled by Driver,CID717722,eBike,Sahakar Nagar,Yeshwanthpur,,,Not Applicable,Personal & Car related issue,Not Applicable,Not Applicable,424,Not Applicable,0,,
2024-07-12 13:57:00,CNR6726400210,Canceled by Driver,CID429466,Prime Sedan,Hulimavu,Bannerghatta Road,,,Not Applicable,Personal & Car related issue,Not Applicable,Not Applicable,191,Not Applicable,0,,
2024-07-07 07:28:00,CNR6935329460,Canceled by Driver,CID536980,Mini,Kadugodi,Electronic City,,,Not Applicable,Personal & Car related issue,Not Applicable,Not Applicable,332,Not Applicable,0,,
2024-07-19 07:53:00,CNR1253598598,Success,CID492163,Prime Plus,Basavanagudi,Majestic,112.0,115.0,Not Applicable,Not Applicable,No,Not Applicable,866,Cash,49,3.3,3.4
2024-07-19 14:48:00,CNR4322250740,Canceled by Driver,CID632781,Bike,Chickpet,Rajarajeshwari Nagar,,,Not Applicable,Personal & Car related issue,Not Applicable,Not Applicable,258,Not Applicable,0,,
2024-07-03 03:47:00,CNR6929187387,Canceled by Driver,CID245992,Prime Plus,Rajajinagar,Kadugodi,,,Not Applicable,Personal & Car related issue,Not Applicable,Not Applicable,102,Not Applicable,0,,
2024-07-05 06:12:00,CNR4290606976,Canceled by Customer,CID808571,eBike,Indiranagar,KR Puram,,,Driver asked to cancel,Not Applicable,Not Applicable,Not Applicable,479,Not Applicable,0,,
2024-07-16 02:18:00,CNR3065230825,Success,CID495614,eBike,Mysore Road,Frazer Town,49.0,115.0,Not Applicable,Not Applicable,No,Not Applicable,207,UPI,29,3.4,3.9
2024-07-12 14:42:00,CNR8716583052,Canceled by Driver,CID950917,eBike,Cox Town,Peenya,,,Not Applicable,Customer related issue,Not Applicable,Not Applicable,162,Not Applicable,0,,
2024-07-26 04:06:00,CNR8333438190,Driver Not Found,CID317622,eBike,Koramangala,Indiranagar,,,Not Applicable,Not Applicable,Not Applicable,Not Applicable,845,Not Applicable,0,,
2024-07-02 20:34:00,CNR3333295299,Success,CID984231,Prime Sedan,Rajarajeshwari Nagar,Cox Town,98.0,40.0,Not Applicable,Not Applicable,No,Not Applicable,272,UPI,23,4.4,3.9
2024-07-18 15:26:00,CNR3696976811,Canceled by Driver,CID654358,eBike,JP Nagar,Basavanagudi,,,Not Applicable,Customer related issue,Not Applicable,Not Applicable,123,Not Applicable,0,,
2024-07-01 18:06:00,CNR1424944496,Success,CID174363,eBike,MG Road,Bannerghatta Road,63.0,135.0,Not Applicable,Not Applicable,No,Not Applicable,472,UPI,49,3.3,3.2
2024-07-11 23:19:00,CNR1654257808,Success,CID726365,Prime Plus,Majestic,Banashankari,189.0,35.0,Not Applicable,Not Applicable,No,Not Applicable,186,UPI,35,4.8,3.8
2024-07-22 04:56:00,CNR7294090177,Success,CID314593,Prime SUV,Ramamurthy Nagar,Ulsoor,196.0,65.0,Not Applicable,Not Applicable,No,Not Applicable,281,Cash,10,3.2,3.6
2024-07-04 12:19:00,CNR1474175210,Success,CID191446,Mini,Hebbal,Koramangala,245.0,105.0,Not Applicable,Not Applicable,No,Not Applicable,115,UPI,32,4.3,3.3
2024-07-05 07:27:00,CNR4791738650,Canceled by Driver,CID235435,Bike,Tumkur Road,Basavanagudi,,,Not Applicable,More than permitted people in there,Not Applicable,Not Applicable,344,Not Applicable,0,,
2024-07-20 16:30:00,CNR1757099092,Success,CID620260,eBike,Tumkur Road,Kammanahalli,42.0,90.0,Not Applicable,Not Applicable,No,Not Applicable,285,UPI,34,4.1,3.1
2024-07-12 08:03:00,CNR9753041963,Success,CID486133,Prime SUV,Kengeri,Malleshwaram,224.0,100.0,Not Applicable,Not Applicable,No,Not Applicable,429,Cash,27,3.8,4.0
2024-07-30 06:40:00,CNR3376070331,Canceled by Driver,CID916089,Prime Sedan,Chickpet,Ulsoor,,,Not Applicable,More than permitted people in there,Not Applicable,Not Applicable,221,Not Applicable,0,,
2024-07-18 11:54:00,CNR6283590203,Canceled by Driver,CID178005,eBike,BTM Layout,Yelahanka,,,Not Applicable,Customer was coughing/sick,Not Applicable,Not Applicable,383,Not Applicable,0,,
2024-07-25 16:46:00,CNR2302580893,Canceled by Driver,CID621028,Prime SUV,Marathahalli,Hulimavu,,,Not Applicable,Customer was coughing/sick,Not Applicable,Not Applicable,849,Not Applicable,0,,
2024-07-12 04:27:00,CNR3277875571,Canceled by Driver,CID754796,Prime SUV,Langford Town,Bannerghatta Road,,,Not Applicable,Personal & Car related issue,Not Applicable,Not Applicable,208,Not Applicable,0,,
2024-07-18 11:45:00,CNR7821907073,Canceled by Driver,CID938084,Bike,Jayanagar,Vijayanagar,,,Not Applicable,Personal & Car related issue,Not Applicable,Not Applicable,1406,Not Applicable,0,,
2024-07-09 19:26:00,CNR1190699459,Canceled by Customer,CID980190,Prime Plus,Tumkur Road,Malleshwaram,,,Driver asked to cancel,Not Applicable,Not Applicable,Not Applicable,2096,Not Applicable,0,,
2024-07-22 23:09:00,CNR4257028680,Driver Not Found,CID757100,Mini,Frazer Town,Cox Town,,,Not Applicable,Not Applicable,Not Applicable,Not Applicable,453,Not Applicable,0,,
2024-07-27 03:02:00,CNR3313935768,Success,CID959801,Bike,Sarjapur Road,Ulsoor,294.0,130.0,Not Applicable,Not Applicable,No,Not Applicable,786,UPI,46,3.5,3.8
2024-07-12 18:33:00,CNR9950194787,Success,CID259427,eBike,RT Nagar,Koramangala,259.0,90.0,Not Applicable,Not Applicable,No,Not Applicable,673,Cash,35,4.3,4.4
2024-07-19 15:16:00,CNR7052453671,Canceled by Driver,CID249277,Prime Plus,Magadi Road,Ulsoor,,,Not Applicable,Personal & Car related issue,Not Applicable,Not Applicable,254,Not Applicable,0,,
2024-07-05 15:51:00,CNR7715629085,Success,CID838663,Prime Plus,BTM Layout,HSR Layout,42.0,80.0,Not Applicable,Not Applicable,No,Not Applicable,201,Cash,1,3.4,4.7
2024-07-02 20:10:00,CNR4433932509,Canceled by Driver,CID462083,eBike,Chickpet,Rajarajeshwari Nagar,,,Not Applicable,More than permitted people in there,Not Applicable,Not Applicable,108,Not Applicable,0,,
2024-07-27 06:23:00,CNR8946551669,Success,CID539883,Prime Sedan,Magadi Road,Padmanabhanagar,238.0,80.0,Not Applicable,Not Applicable,No,Not Applicable,311,Cash,40,3.0,4.1
2024-07-09 20:30:00,CNR4148656933,Canceled by Driver,CID794729,Mini,Bannerghatta Road,Langford Town,,,Not Applicable,Customer related issue,Not Applicable,Not Applicable,235,Not Applicable,0,,
2024-07-26 21:55:00,CNR1430250694,Success,CID479722,Auto,Hennur,Varthur,203.0,145.0,Not Applicable,Not Applicable,No,Not Applicable,756,Cash,17,4.3,4.2
2024-07-11 16:39:00,CNR5190179785,Driver Not Found,CID730786,eBike,Tumkur Road,Sarjapur Road,,,Not Applicable,Not Applicable,Not Applicable,Not Applicable,404,Not Applicable,0,,
2024-07-10 09:15:00,CNR8758896374,Success,CID757910,eBike,Vijayanagar,Kengeri,70.0,100.0,Not Applicable,Not Applicable,No,Not Applicable,730,UPI,40,4.7,4.6
2024-07-11 08:43:00,CNR1009482583,Success,CID212554,Prime SUV,Jayanagar,Electronic City,63.0,95.0,Not Applicable,Not Applicable,No,Not Applicable,1865,UPI,45,3.0,3.1
2024-07-21 02:10:00,CNR3019441798,Success,CID361534,Prime SUV,Shivajinagar,Whitefield,196.0,105.0,Not Applicable,Not Applicable,No,Not Applicable,372,Cash,21,3.3,4.4
2024-07-06 09:05:00,CNR9178683961,Success,CID145937,eBike,KR Puram,Banashankari,140.0,55.0,Not Applicable,Not Applicable,No,Not Applicable,338,Cash,32,4.4,3.9
2024-07-11 06:59:00,CNR6676941921,Success,CID523850,Bike,Jayanagar,Shantinagar,266.0,135.0,Not Applicable,Not Applicable,No,Not Applicable,364,Cash,2,4.4,4.2
2024-07-09 18:58:00,CNR8175455511,Success,CID513401,Mini,Marathahalli,BTM Layout,238.0,85.0,Not Applicable,Not Applicable,No,Not Applicable,878,UPI,33,4.2,4.3
2024-07-18 20:12:00,CNR6296621765,Canceled by Driver,CID844567,Prime Sedan,Banashankari,Magadi Road,,,Not Applicable,Personal & Car related issue,Not Applicable,Not Applicable,252,Not Applicable,0,,
2024-07-14 10:26:00,CNR8174686716,Success,CID801064,Prime Plus,Hennur,Bannerghatta Road,196.0,75.0,Not Applicable,Not Applicable,No,Not Applicable,622,Cash,48,3.4,3.3
2024-07-10 11:53:00,CNR9613701240,Canceled by Driver,CID321335,Mini,Kammanahalli,Rajarajeshwari Nagar,,,Not Applicable,Customer was coughing/sick,Not Applicable,Not Applicable,305,Not Applicable,0,,
2024-07-27 15:33:00,CNR8807134653,Success,CID293092,Mini,Electronic City,Whitefield,182.0,80.0,Not Applicable,Not Applicable,No,Not Applicable,499,UPI,36,3.4,4.3
2024-07-10 18:23:00,CNR7877582832,Success,CID321993,Prime Sedan,Devanahalli,Marathahalli,273.0,60.0,Not Applicable,Not Applicable,No,Not Applicable,267,Cash,4,3.4,4.4
2024-07-12 06:57:00,CNR8740488114,Success,CID459139,Prime Sedan,Shantinagar,Sahakar Nagar,259.0,130.0,Not Applicable,Not Applicable,No,Not Applicable,424,Cash,7,4.7,4.2
2024-07-20 08:30:00,CNR8328305899,Success,CID319223,Mini,Hosur Road,Cox Town,91.0,130.0,Not Applicable,Not Applicable,No,Not Applicable,451,UPI,8,3.9,4.6
2024-07-09 15:55:00,CNR8158730599,Success,CID783192,Prime SUV,Peenya,BTM Layout,147.0,55.0,Not Applicable,Not Applicable,No,Not Applicable,735,UPI,11,3.3,3.1
2024-07-02 13:42:00,CNR9290211189,Success,CID187073,Mini,Kengeri,Majestic,105.0,100.0,Not Applicable,Not Applicable,No,Not Applicable,236,UPI,15,3.7,3.8
2024-07-02 16:44:00,CNR5376393577,Success,CID301100,eBike,Malleshwaram,Hebbal,301.0,60.0,Not Applicable,Not Applicable,No,Not Applicable,209,Debit Card,33,3.7,3.2
2024-07-29 08:10:00,CNR2565679826,Success,CID629851,Prime Plus,Sarjapur Road,Marathahalli,301.0,85.0,Not Applicable,Not Applicable,No,Not Applicable,832,Cash,47,4.4,3.4
2024-07-22 21:20:00,CNR6262741032,Success,CID670609,Prime Sedan,Frazer Town,Padmanabhanagar,189.0,125.0,Not Applicable,Not Applicable,No,Not Applicable,273,Cash,47,4.0,3.3
2024-07-20 06:30:00,CNR9301227435,Success,CID383647,Mini,Indiranagar,Hennur,154.0,145.0,Not Applicable,Not Applicable,No,Not Applicable,414,Cash,4,4.4,3.5
2024-07-02 11:56:00,CNR4533916776,Success,CID360799,Bike,Malleshwaram,Padmanabhanagar,42.0,85.0,Not Applicable,Not Applicable,No,Not Applicable,339,UPI,9,4.9,3.7
2024-07-08 09:49:00,CNR2871677710,Success,CID571777,Prime Sedan,Ulsoor,RT Nagar,210.0,25.0,Not Applicable,Not Applicable,No,Not Applicable,364,Cash,44,4.7,4.3
2024-07-09 23:24:00,CNR6288561715,Success,CID778217,Prime Plus,Kadugodi,Nagarbhavi,168.0,45.0,Not Applicable,Not Applicable,No,Not Applicable,335,UPI,16,4.6,4.0
2024-07-22 16:36:00,CNR1297265890,Success,CID794122,Bike,Rajajinagar,Majestic,280.0,120.0,Not Applicable,Not Applicable,No,Not Applicable,289,UPI,33,3.7,4.8
2024-07-23 10:15:00,CNR2731361557,Canceled by Customer,CID986620,eBike,Yeshwanthpur,Vijayanagar,,,AC is Not working,Not Applicable,Not Applicable,Not Applicable,383,Not Applicable,0,,
2024-07-03 01:25:00,CNR1993391082,Success,CID400132,eBike,Devanahalli,Devanahalli,84.0,135.0,Not Applicable,Not Applicable,No,Not Applicable,496,Cash,10,3.2,4.1
2024-07-20 05:11:00,CNR1191530715,Canceled by Driver,CID699463,Bike,Ramamurthy Nagar,Varthur,,,Not Applicable,More than permitted people in there,Not Applicable,Not Applicable,315,Not Applicable,0,,
2024-07-08 03:59:00,CNR2391025559,Success,CID941722,Auto,Kadugodi,Electronic City,49.0,145.0,Not Applicable,Not Applicable,No,Not Applicable,172,UPI,3,4.7,3.3
2024-07-11 16:08:00,CNR1105948656,Success,CID501581,Mini,Rajajinagar,Magadi Road,196.0,95.0,Not Applicable,Not Applicable,No,Not Applicable,377,UPI,5,4.7,3.5
2024-07-11 20:00:00,CNR2802366063,Canceled by Customer,CID479819,Prime Plus,Yeshwanthpur,Chickpet,,,Driver asked to cancel,Not Applicable,Not Applicable,Not Applicable,598,Not Applicable,0,,
2024-07-11 19:14:00,CNR6991374343,Driver Not Found,CID937264,Mini,Sarjapur Road,JP Nagar,,,Not Applicable,Not Applicable,Not Applicable,Not Applicable,262,Not Applicable,0,,
2024-07-28 08:43:00,CNR7255651293,Success,CID122313,Prime Sedan,Indiranagar,Kammanahalli,245.0,65.0,Not Applicable,Not Applicable,No,Not Applicable,423,Cash,22,4.2,4.2
2024-07-10 21:55:00,CNR8793094228,Success,CID733100,Mini,Hebbal,KR Puram,98.0,65.0,Not Applicable,Not Applicable,No,Not Applicable,2093,UPI,15,4.2,4.4
2024-07-13 08:04:00,CNR2157554941,Success,CID970302,Mini,Indiranagar,Ramamurthy Nagar,133.0,100.0,Not Applicable,Not Applicable,No,Not Applicable,448,Cash,18,5.0,3.1
2024-07-23 01:39:00,CNR7722590656,Success,CID468835,Prime Sedan,Langford Town,Hebbal,217.0,105.0,Not Applicable,Not Applicable,No,Not Applicable,389,Cash,37,3.4,3.9
2024-07-18 13:49:00,CNR6138847019,Driver Not Found,CID980897,Prime SUV,Shivajinagar,Shantinagar,,,Not Applicable,Not Applicable,Not Applicable,Not Applicable,2507,Not Applicable,0,,
2024-07-23 18:42:00,CNR7680364521,Success,CID410979,Bike,Cox Town,Hosur Road,42.0,55.0,Not Applicable,Not Applicable,No,Not Applicable,191,UPI,1,3.9,3.1
2024-07-05 04:54:00,CNR5882225025,Canceled by Driver,CID154111,Prime SUV,Hennur,Yelahanka,,,Not Applicable,Customer related issue,Not Applicable,Not Applicable,307,Not Applicable,0,,
2024-07-10 02:37:00,CNR1437010381,Success,CID183232,Mini,MG Road,Yeshwanthpur,175.0,75.0,Not Applicable,Not Applicable,No,Not Applicable,906,UPI,17,3.4,4.2
2024-07-23 00:25:00,CNR1155811297,Success,CID942295,Prime SUV,RT Nagar,Magadi Road,112.0,115.0,Not Applicable,Not Applicable,Yes,Vehicle Breakdown,186,Credit Card,25,3.6,4.9
2024-07-18 21:26:00,CNR6137101458,Success,CID505664,Mini,Chamarajpet,Hebbal,280.0,135.0,Not Applicable,Not Applicable,No,Not Applicable,497,UPI,33,4.4,3.6
2024-07-13 12:46:00,CNR9677594189,Driver Not Found,CID645341,Prime Plus,HSR Layout,Frazer Town,,,Not Applicable,Not Applicable,Not Applicable,Not Applicable,469,Not Applicable,0,,
2024-07-18 17:59:00,CNR1889976401,Driver Not Found,CID571604,Auto,Yeshwanthpur,Shantinagar,,,Not Applicable,Not Applicable,Not Applicable,Not Applicable,410,Not Applicable,0,,
2024-07-26 20:13:00,CNR6688833082,Success,CID119367,Prime Plus,Richmond Town,Varthur,266.0,25.0,Not Applicable,Not Applicable,No,Not Applicable,257,Cash,27,4.2,4.9
2024-07-10 23:59:00,CNR9169384027,Success,CID712780,Auto,KR Puram,Basavanagudi,161.0,95.0,Not Applicable,Not Applicable,Yes,Vehicle Breakdown,452,Cash,2,3.4,4.2
2024-07-27 00:09:00,CNR1465905133,Success,CID686675,Bike,BTM Layout,Marathahalli,301.0,40.0,Not Applicable,Not Applicable,No,Not Applicable,398,UPI,21,4.2,4.3
2024-07-25 22:53:00,CNR5358837697,Success,CID694678,Auto,Banashankari,Electronic City,280.0,130.0,Not Applicable,Not Applicable,No,Not Applicable,322,Cash,14,4.0,4.1
2024-07-26 05:06:00,CNR9506588550,Success,CID732381,Mini,Langford Town,Kadugodi,301.0,75.0,Not Applicable,Not Applicable,No,Not Applicable,142,Cash,18,4.7,3.5
2024-07-12 20:14:00,CNR1501713289,Canceled by Customer,CID496909,Mini,Jayanagar,Padmanabhanagar,,,Wrong Address,Not Applicable,Not Applicable,Not Applicable,348,Not Applicable,0,,
2024-07-01 02:11:00,CNR3325091670,Canceled by Driver,CID471126,Prime SUV,BTM Layout,MG Road,,,Not Applicable,Customer related issue,Not Applicable,Not Applicable,462,Not Applicable,0,,
2024-07-30 23:31:00,CNR4430675311,Success,CID104327,Prime SUV,Kadugodi,Sarjapur Road,147.0,145.0,Not Applicable,Not Applicable,Yes,Customer Demand,173,Cash,35,4.3,3.9
2024-07-26 17:11:00,CNR6244900330,Success,CID719459,Bike,Bellandur,Electronic City,273.0,100.0,Not Applicable,Not Applicable,No,Not Applicable,440,UPI,41,4.7,4.3
2024-07-16 06:00:00,CNR6933315493,Driver Not Found,CID184671,Auto,Rajarajeshwari Nagar,Peenya,,,Not Applicable,Not Applicable,Not Applicable,Not Applicable,415,Not Applicable,0,,
2024-07-30 10:08:00,CNR4717748218,Canceled by Customer,CID714050,eBike,Yelahanka,Marathahalli,,,AC is Not working,Not Applicable,Not Applicable,Not Applicable,496,Not Applicable,0,,
2024-07-13 21:10:00,CNR4992975853,Success,CID710200,Mini,Electronic City,Basavanagudi,147.0,80.0,Not Applicable,Not Applicable,No,Not Applicable,493,Cash,34,3.3,4.6
2024-07-18 23:34:00,CNR5763105052,Success,CID587047,Mini,Langford Town,Tumkur Road,42.0,25.0,Not Applicable,Not Applicable,No,Not Applicable,313,Cash,38,4.2,4.3
2024-07-06 14:48:00,CNR3556677339,Success,CID663626,Mini,Jayanagar,MG Road,301.0,85.0,Not Applicable,Not Applicable,No,Not Applicable,242,Cash,9,3.1,4.4
2024-07-05 03:18:00,CNR4909691943,Success,CID901326,Prime SUV,Basavanagudi,BTM Layout,231.0,50.0,Not Applicable,Not Applicable,No,Not Applicable,907,Cash,19,3.2,4.7
2024-07-15 14:46:00,CNR4603302542,Success,CID134920,Bike,Richmond Town,Ramamurthy Nagar,231.0,145.0,Not Applicable,Not Applicable,No,Not Applicable,448,Cash,7,3.0,3.9
2024-07-06 04:40:00,CNR9649166434,Canceled by Driver,CID338811,Prime SUV,Sahakar Nagar,Shivajinagar,,,Not Applicable,Personal & Car related issue,Not Applicable,Not Applicable,747,Not Applicable,0,,
2024-07-28 14:50:00,CNR2316766799,Success,CID787716,eBike,Langford Town,Mysore Road,273.0,90.0,Not Applicable,Not Applicable,No,Not Applicable,964,UPI,24,4.1,4.0
2024-07-16 02:01:00,CNR7914825088,Canceled by Driver,CID303225,Auto,Malleshwaram,Langford Town,,,Not Applicable,Customer was coughing/sick,Not Applicable,Not Applicable,109,Not Applicable,0,,
2024-07-28 05:01:00,CNR1724942182,Success,CID439830,Auto,Jayanagar,Kengeri,308.0,30.0,Not Applicable,Not Applicable,No,Not Applicable,176,UPI,18,4.8,3.2
2024-07-22 18:20:00,CNR8647589432,Driver Not Found,CID711701,Auto,Nagarbhavi,JP Nagar,,,Not Applicable,Not Applicable,Not Applicable,Not Applicable,200,Not Applicable,0,,
2024-07-11 08:21:00,CNR9240593058,Driver Not Found,CID942876,Prime Sedan,Langford Town,Chickpet,,,Not Applicable,Not Applicable,Not Applicable,Not Applicable,411,Not Applicable,0,,
2024-07-11 01:49:00,CNR4646016865,Driver Not Found,CID812943,Prime SUV,Shivajinagar,Shivajinagar,,,Not Applicable,Not Applicable,Not Applicable,Not Applicable,269,Not Applicable,0,,
2024-07-04 11:56:00,CNR8599960373,Success,CID429844,Bike,Magadi Road,Kammanahalli,133.0,90.0,Not Applicable,Not Applicable,No,Not Applicable,296,UPI,38,3.0,3.9
2024-07-25 22:59:00,CNR4134066944,Success,CID135947,Auto,Shivajinagar,Banashankari,280.0,60.0,Not Applicable,Not Applicable,No,Not Applicable,450,Cash,2,3.2,4.1
2024-07-21 22:01:00,CNR8733641055,Success,CID366570,eBike,Padmanabhanagar,Kammanahalli,91.0,120.0,Not Applicable,Not Applicable,No,Not Applicable,234,Cash,5,3.6,3.8
2024-07-27 01:54:00,CNR1477332284,Success,CID951225,Auto,JP Nagar,Indiranagar,35.0,95.0,Not Applicable,Not Applicable,No,Not Applicable,1343,UPI,18,5.0,3.2
2024-07-13 16:06:00,CNR9478467309,Success,CID157748,Prime SUV,JP Nagar,Chickpet,77.0,115.0,Not Applicable,Not Applicable,No,Not Applicable,343,Cash,21,3.1,3.6
2024-07-04 08:47:00,CNR6558532338,Driver Not Found,CID922079,Mini,Jayanagar,Magadi Road,,,Not Applicable,Not Applicable,Not Applicable,Not Applicable,355,Not Applicable,0,,
2024-07-24 04:14:00,CNR8647507464,Success,CID513640,Prime SUV,Kammanahalli,KR Puram,301.0,135.0,Not Applicable,Not Applicable,No,Not Applicable,866,Cash,31,4.1,4.8
2024-07-20 23:46:00,CNR8718143127,Success,CID572849,Prime Sedan,MG Road,Kadugodi,266.0,45.0,Not Applicable,Not Applicable,No,Not Applicable,131,Cash,42,4.5,3.8
2024-07-18 12:53:00,CNR1791088242,Success,CID840817,Prime Sedan,Cox Town,Basavanagudi,245.0,65.0,Not Applicable,Not Applicable,No,Not Applicable,300,Cash,8,3.5,4.9
2024-07-27 17:34:00,CNR6975846769,Success,CID132328,Auto,Hebbal,Malleshwaram,35.0,90.0,Not Applicable,Not Applicable,No,Not Applicable,353,Debit Card,1,3.5,3.1
2024-07-02 00:35:00,CNR5012898155,Success,CID599154,Prime Sedan,Ulsoor,Malleshwaram,189.0,30.0,Not Applicable,Not Applicable,No,Not Applicable,885,Cash,1,5.0,4.3
2024-07-15 16:14:00,CNR7196492984,Success,CID248194,Auto,JP Nagar,BTM Layout,210.0,95.0,Not Applicable,Not Applicable,No,Not Applicable,387,Cash,7,4.3,3.9
2024-07-17 11:10:00,CNR9325046028,Success,CID961893,Auto,KR Puram,Hulimavu,98.0,95.0,Not Applicable,Not Applicable,No,Not Applicable,988,UPI,17,4.1,4.1
2024-07-21 11:36:00,CNR8574131736,Canceled by Driver,CID935643,Prime Plus,Chickpet,Yelahanka,,,Not Applicable,Customer related issue,Not Applicable,Not Applicable,1691,Not Applicable,0,,
2024-07-21 01:54:00,CNR6186534313,Canceled by Customer,CID527820,Prime Sedan,Electronic City,Kammanahalli,,,Driver is not moving towards pickup location,Not Applicable,Not Applicable,Not Applicable,374,Not Applicable,0,,
2024-07-13 06:31:00,CNR4577784490,Success,CID959126,Bike,Richmond Town,Kammanahalli,238.0,30.0,Not Applicable,Not Applicable,No,Not Applicable,367,Cash,46,4.7,3.0
2024-07-06 21:45:00,CNR2415202495,Success,CID215570,Prime Plus,KR Puram,Devanahalli,266.0,110.0,Not Applicable,Not Applicable,No,Not Applicable,166,UPI,6,4.8,3.3
2024-07-17 19:28:00,CNR3561032757,Success,CID296633,Prime SUV,Sahakar Nagar,Bannerghatta Road,126.0,100.0,Not Applicable,Not Applicable,No,Not Applicable,485,UPI,22,3.3,4.5
2024-07-12 05:09:00,CNR1459715267,Success,CID593593,Auto,Hebbal,Chickpet,224.0,85.0,Not Applicable,Not Applicable,No,Not Applicable,392,Cash,6,4.0,4.5
2024-07-22 00:43:00,CNR2489089028,Driver Not Found,CID129511,eBike,Shivajinagar,Padmanabhanagar,,,Not Applicable,Not Applicable,Not Applicable,Not Applicable,923,Not Applicable,0,,
2024-07-26 21:10:00,CNR4428178907,Success,CID595845,Auto,Peenya,Magadi Road,182.0,30.0,Not Applicable,Not Applicable,No,Not Applicable,393,Cash,9,4.3,4.7
2024-07-20 15:42:00,CNR8128062857,Success,CID525147,Auto,Kadugodi,Sarjapur Road,147.0,135.0,Not Applicable,Not Applicable,No,Not Applicable,423,Cash,8,4.2,3.3
2024-07-03 23:34:00,CNR6693607658,Success,CID294656,Mini,Majestic,Majestic,140.0,115.0,Not Applicable,Not Applicable,No,Not Applicable,419,Cash,49,3.0,3.7
2024-07-12 05:37:00,CNR1458197659,Success,CID981588,Prime SUV,Basavanagudi,Nagarbhavi,119.0,65.0,Not Applicable,Not Applicable,No,Not Applicable,186,Cash,23,4.4,4.2
2024-07-01 21:38:00,CNR7012605866,Success,CID943088,Prime Sedan,Magadi Road,RT Nagar,133.0,115.0,Not Applicable,Not Applicable,No,Not Applicable,975,Cash,35,4.4,3.3
2024-07-01 11:39:00,CNR9863698235,Success,CID176322,Bike,Whitefield,Padmanabhanagar,112.0,100.0,Not Applicable,Not Applicable,No,Not Applicable,355,Cash,33,3.7,5.0
2024-07-25 05:13:00,CNR1118995021,Success,CID230040,Mini,Basavanagudi,Richmond Town,49.0,90.0,Not Applicable,Not Applicable,No,Not Applicable,135,Cash,8,3.7,4.2
2024-07-10 01:43:00,CNR6510699453,Success,CID445132,Bike,Hosur Road,Rajajinagar,252.0,100.0,Not Applicable,Not Applicable,No,Not Applicable,645,UPI,39,4.7,3.5
2024-07-21 13:03:00,CNR3241688488,Success,CID983759,Auto,Banashankari,HSR Layout,49.0,65.0,Not Applicable,Not Applicable,No,Not Applicable,400,UPI,9,5.0,4.3
2024-07-25 07:09:00,CNR4039170792,Success,CID788772,Auto,Hennur,Banashankari,112.0,100.0,Not Applicable,Not Applicable,No,Not Applicable,231,Cash,7,3.4,4.7
2024-07-28 19:24:00,CNR1270358333,Success,CID859774,Prime Plus,Tumkur Road,Peenya,126.0,40.0,Not Applicable,Not Applicable,Yes,Customer Demand,293,UPI,20,3.3,3.7
2024-07-16 20:51:00,CNR7298020402,Canceled by Customer,CID267126,Bike,Vijayanagar,Ramamurthy Nagar,,,Driver is not moving towards pickup location,Not Applicable,Not Applicable,Not Applicable,306,Not Applicable,0,,
2024-07-20 13:20:00,CNR6428789508,Success,CID985704,Prime SUV,Ramamurthy Nagar,Magadi Road,63.0,145.0,Not Applicable,Not Applicable,No,Not Applicable,1186,Cash,13,3.5,4.0
2024-07-28 15:24:00,CNR3176025121,Success,CID678175,eBike,Yelahanka,Rajajinagar,182.0,110.0,Not Applicable,Not Applicable,No,Not Applicable,467,Cash,38,3.5,4.2
2024-07-06 12:09:00,CNR8985269086,Success,CID539382,Mini,Hennur,JP Nagar,35.0,75.0,Not Applicable,Not Applicable,No,Not Applicable,982,Cash,14,3.9,3.8
2024-07-26 19:58:00,CNR1690888633,Canceled by Customer,CID644848,eBike,Ramamurthy Nagar,Padmanabhanagar,,,Driver is not moving towards pickup location,Not Applicable,Not Applicable,Not Applicable,984,Not Applicable,0,,
2024-07-24 18:25:00,CNR2361626151,Success,CID165364,Auto,Richmond Town,Kammanahalli,266.0,100.0,Not Applicable,Not Applicable,No,Not Applicable,451,Cash,19,4.2,4.9
2024-07-14 00:32:00,CNR7543943560,Success,CID210619,eBike,Langford Town,Langford Town,84.0,45.0,Not Applicable,Not Applicable,No,Not Applicable,151,UPI,13,4.9,4.5
2024-07-25 17:12:00,CNR4371717999,Success,CID489626,Mini,Hosur Road,Yelahanka,252.0,120.0,Not Applicable,Not Applicable,No,Not Applicable,113,UPI,5,4.2,4.3
2024-07-12 17:17:00,CNR3053733962,Canceled by Driver,CID998657,eBike,Electronic City,Devanahalli,,,Not Applicable,Customer related issue,Not Applicable,Not Applicable,445,Not Applicable,0,,
2024-07-22 12:10:00,CNR3846430468,Success,CID655585,Auto,HSR Layout,Ramamurthy Nagar,245.0,25.0,Not Applicable,Not Applicable,No,Not Applicable,354,Cash,9,5.0,3.5
2024-07-21 04:03:00,CNR3281086704,Success,CID428714,eBike,KR Puram,Tumkur Road,98.0,85.0,Not Applicable,Not Applicable,No,Not Applicable,598,Cash,17,3.5,3.9
2024-07-30 18:57:00,CNR2075323845,Success,CID749652,Mini,Ulsoor,Magadi Road,119.0,45.0,Not Applicable,Not Applicable,No,Not Applicable,752,Cash,9,3.1,4.6
2024-07-23 14:35:00,CNR3752923714,Success,CID628651,Mini,Hebbal,Koramangala,182.0,125.0,Not Applicable,Not Applicable,No,Not Applicable,264,Cash,13,5.0,4.9
2024-07-22 03:50:00,CNR9762263738,Success,CID663162,Prime SUV,Banashankari,Vijayanagar,259.0,70.0,Not Applicable,Not Applicable,No,Not Applicable,113,Cash,46,4.6,4.5
2024-07-08 19:26:00,CNR7845990143,Success,CID414131,Mini,KR Puram,BTM Layout,168.0,45.0,Not Applicable,Not Applicable,No,Not Applicable,306,Cash,8,3.3,4.2
2024-07-15 15:13:00,CNR9294692564,Success,CID232760,Bike,Yelahanka,Yelahanka,245.0,80.0,Not Applicable,Not Applicable,No,Not Applicable,329,Cash,15,3.7,4.4
2024-07-06 20:55:00,CNR7032939037,Success,CID813983,Prime Plus,Rajajinagar,Nagarbhavi,112.0,135.0,Not Applicable,Not Applicable,No,Not Applicable,497,Cash,19,4.4,3.2
2024-07-08 19:48:00,CNR6120210751,Canceled by Driver,CID841409,Prime Plus,Cox Town,Magadi Road,,,Not Applicable,Customer was coughing/sick,Not Applicable,Not Applicable,175,Not Applicable,0,,
2024-07-28 03:50:00,CNR6013187448,Canceled by Driver,CID271997,Prime SUV,HSR Layout,BTM Layout,,,Not Applicable,More than permitted people in there,Not Applicable,Not Applicable,429,Not Applicable,0,,
2024-07-18 15:15:00,CNR6977843259,Driver Not Found,CID468910,Auto,Jayanagar,Koramangala,,,Not Applicable,Not Applicable,Not Applicable,Not Applicable,600,Not Applicable,0,,
2024-07-19 11:41:00,CNR6690436758,Canceled by Customer,CID253765,Auto,Kengeri,Frazer Town,,,Driver is not moving towards pickup location,Not Applicable,Not Applicable,Not Applicable,608,Not Applicable,0,,
2024-07-27 01:38:00,CNR7799250991,Success,CID347962,Bike,Marathahalli,Whitefield,140.0,85.0,Not Applicable,Not Applicable,Yes,Other Issue,180,UPI,45,3.2,3.5
2024-07-05 16:51:00,CNR3119664492,Success,CID550237,Auto,Kadugodi,Koramangala,308.0,135.0,Not Applicable,Not Applicable,No,Not Applicable,394,Cash,2,4.0,3.2
2024-07-12 09:49:00,CNR1410338097,Success,CID994263,Prime Plus,Bannerghatta Road,Yelahanka,196.0,140.0,Not Applicable,Not Applicable,Yes,Vehicle Breakdown,117,UPI,3,4.1,3.7
2024-07-29 03:12:00,CNR3472705541,Success,CID585582,Bike,Richmond Town,Banashankari,301.0,105.0,Not Applicable,Not Applicable,No,Not Applicable,309,UPI,4,4.8,4.0
2024-07-16 19:26:00,CNR5851166059,Success,CID415433,Prime SUV,Devanahalli,JP Nagar,245.0,80.0,Not Applicable,Not Applicable,No,Not Applicable,170,UPI,39,3.9,4.9
2024-07-26 16:50:00,CNR4401366503,Success,CID304853,Mini,Chickpet,Tumkur Road,154.0,115.0,Not Applicable,Not Applicable,No,Not Applicable,113,Cash,8,4.6,4.1
2024-07-30 15:26:00,CNR4812104298,Success,CID954653,Bike,MG Road,Kammanahalli,287.0,120.0,Not Applicable,Not Applicable,No,Not Applicable,450,UPI,39,3.5,4.2
2024-07-26 19:53:00,CNR7479922150,Success,CID690119,eBike,Banashankari,Shivajinagar,238.0,35.0,Not Applicable,Not Applicable,No,Not Applicable,140,Credit Card,31,3.1,3.3
2024-07-24 17:53:00,CNR9273603684,Driver Not Found,CID891807,Prime Sedan,Ramamurthy Nagar,Kammanahalli,,,Not Applicable,Not Applicable,Not Applicable,Not Applicable,694,Not Applicable,0,,
2024-07-20 20:02:00,CNR3675489432,Success,CID144745,eBike,Kadugodi,Yelahanka,168.0,100.0,Not Applicable,Not Applicable,No,Not Applicable,1688,UPI,14,5.0,4.3
2024-07-26 18:30:00,CNR2330086810,Success,CID416152,Prime SUV,Devanahalli,Whitefield,105.0,115.0,Not Applicable,Not Applicable,No,Not Applicable,442,UPI,25,3.8,3.2
2024-07-20 23:58:00,CNR3956406227,Driver Not Found,CID173772,Mini,Kengeri,Indiranagar,,,Not Applicable,Not Applicable,Not Applicable,Not Applicable,192,Not Applicable,0,,
2024-07-13 20:55:00,CNR3782734295,Success,CID759904,eBike,Kengeri,Koramangala,231.0,80.0,Not Applicable,Not Applicable,No,Not Applicable,210,Cash,6,4.7,4.9
2024-07-18 20:53:00,CNR7476238168,Success,CID963813,Bike,Ramamurthy Nagar,Ulsoor,161.0,75.0,Not Applicable,Not Applicable,No,Not Applicable,848,Cash,38,4.5,4.3
2024-07-04 04:52:00,CNR9932896183,Canceled by Driver,CID405816,eBike,Hosur Road,Ulsoor,,,Not Applicable,More than permitted people in there,Not Applicable,Not Applicable,433,Not Applicable,0,,
2024-07-02 14:05:00,CNR5328522960,Canceled by Driver,CID186764,Bike,Electronic City,Marathahalli,,,Not Applicable,Customer was coughing/sick,Not Applicable,Not Applicable,298,Not Applicable,0,,
2024-07-17 02:26:00,CNR6651844327,Success,CID863119,Prime SUV,Chickpet,Bellandur,42.0,105.0,Not Applicable,Not Applicable,No,Not Applicable,109,UPI,6,4.3,4.4
2024-07-08 06:15:00,CNR4205256078,Success,CID662465,eBike,Sahakar Nagar,Yeshwanthpur,49.0,30.0,Not Applicable,Not Applicable,No,Not Applicable,410,UPI,22,3.3,3.9
2024-07-20 15:36:00,CNR2848681306,Canceled by Driver,CID507565,Prime SUV,Padmanabhanagar,Kadugodi,,,Not Applicable,Customer was coughing/sick,Not Applicable,Not Applicable,547,Not Applicable,0,,
2024-07-22 20:31:00,CNR9580560841,Canceled by Driver,CID357944,Prime Sedan,Bannerghatta Road,MG Road,,,Not Applicable,Customer related issue,Not Applicable,Not Applicable,169,Not Applicable,0,,
2024-07-01 18:46:00,CNR2406472785,Canceled by Customer,CID285173,Mini,Kammanahalli,Electronic City,,,Change of plans,Not Applicable,Not Applicable,Not Applicable,481,Not Applicable,0,,
2024-07-17 18:53:00,CNR3294185787,Success,CID178258,Bike,Varthur,Kengeri,196.0,65.0,Not Applicable,Not Applicable,No,Not Applicable,1088,UPI,26,3.9,4.2
2024-07-20 05:15:00,CNR9656284794,Success,CID265613,Auto,Kengeri,Varthur,77.0,60.0,Not Applicable,Not Applicable,No,Not Applicable,381,UPI,8,4.0,4.7
2024-07-01 22:40:00,CNR3947814050,Canceled by Driver,CID179213,Prime Sedan,Shantinagar,RT Nagar,,,Not Applicable,Customer related issue,Not Applicable,Not Applicable,878,Not Applicable,0,,
2024-07-12 21:27:00,CNR4192886610,Success,CID303622,Prime SUV,JP Nagar,MG Road,140.0,85.0,Not Applicable,Not Applicable,No,Not Applicable,217,UPI,30,4.1,4.4
2024-07-15 23:56:00,CNR3909945066,Success,CID831882,Mini,Malleshwaram,Jayanagar,56.0,130.0,Not Applicable,Not Applicable,No,Not Applicable,196,UPI,8,4.5,3.5
2024-07-27 22:16:00,CNR8213135880,Canceled by Driver,CID470328,Prime Plus,Majestic,Malleshwaram,,,Not Applicable,Customer related issue,Not Applicable,Not Applicable,1085,Not Applicable,0,,
2024-07-03 20:47:00,CNR3871036513,Canceled by Driver,CID512920,eBike,Ulsoor,Tumkur Road,,,Not Applicable,Customer related issue,Not Applicable,Not Applicable,554,Not Applicable,0,,
2024-07-29 15:48:00,CNR1751803728,Success,CID772014,eBike,Mysore Road,Kadugodi,147.0,85.0,Not Applicable,Not Applicable,No,Not Applicable,472,Cash,25,3.5,3.4
2024-07-18 05:40:00,CNR7160664419,Driver Not Found,CID515907,Prime Sedan,JP Nagar,Electronic City,,,Not Applicable,Not Applicable,Not Applicable,Not Applicable,182,Not Applicable,0,,
2024-07-23 22:51:00,CNR6988336476,Success,CID192039,Prime Plus,Magadi Road,Kammanahalli,49.0,110.0,Not Applicable,Not Applicable,Yes,Customer Demand,994,Cash,28,3.1,4.1
2024-07-13 12:24:00,CNR5310975294,Canceled by Driver,CID788558,Prime Plus,Rajajinagar,JP Nagar,,,Not Applicable,Customer was coughing/sick,Not Applicable,Not Applicable,410,Not Applicable,0,,
2024-07-16 14:58:00,CNR3206537329,Canceled by Customer,CID275040,Bike,Kammanahalli,Kammanahalli,,,Wrong Address,Not Applicable,Not Applicable,Not Applicable,251,Not Applicable,0,,
2024-07-20 11:55:00,CNR7178182751,Success,CID112616,Auto,Kengeri,Majestic,259.0,115.0,Not Applicable,Not Applicable,No,Not Applicable,1850,Cash,17,4.1,3.7
2024-07-06 08:52:00,CNR4895864531,Success,CID960407,Prime Plus,Varthur,KR Puram,161.0,125.0,Not Applicable,Not Applicable,No,Not Applicable,2405,UPI,28,3.3,4.7
2024-07-03 05:40:00,CNR1602223940,Success,CID573395,Auto,Mysore Road,Mysore Road,266.0,70.0,Not Applicable,Not Applicable,No,Not Applicable,2525,Cash,4,3.0,3.9
2024-07-25 03:25:00,CNR8870383965,Success,CID124294,Prime Plus,BTM Layout,Magadi Road,196.0,40.0,Not Applicable,Not Applicable,No,Not Applicable,974,Cash,13,3.9,4.3
2024-07-25 01:52:00,CNR5028219061,Success,CID964729,Auto,Bannerghatta Road,Ulsoor,294.0,70.0,Not Applicable,Not Applicable,No,Not Applicable,392,Cash,15,3.9,4.0
2024-07-07 10:19:00,CNR1729643585,Success,CID430770,Prime SUV,Bellandur,Electronic City,133.0,40.0,Not Applicable,Not Applicable,No,Not Applicable,282,Cash,38,3.3,4.9
2024-07-24 19:13:00,CNR1276426933,Success,CID462900,Prime Plus,Whitefield,Marathahalli,140.0,105.0,Not Applicable,Not Applicable,No,Not Applicable,575,Cash,9,4.2,3.3
2024-07-04 15:38:00,CNR1210866417,Success,CID809320,Prime Sedan,Richmond Town,Chamarajpet,217.0,110.0,Not Applicable,Not Applicable,No,Not Applicable,419,UPI,22,3.2,4.5
2024-07-15 05:08:00,CNR1881005173,Success,CID988497,Mini,Marathahalli,Cox Town,238.0,125.0,Not Applicable,Not Applicable,No,Not Applicable,355,Cash,28,4.7,3.6
2024-07-22 09:25:00,CNR4016586814,Success,CID101867,Mini,Banashankari,KR Puram,217.0,35.0,Not Applicable,Not Applicable,No,Not Applicable,2679,UPI,45,3.8,4.3
2024-07-18 14:34:00,CNR5407149542,Success,CID239391,Mini,MG Road,Yeshwanthpur,77.0,50.0,Not Applicable,Not Applicable,No,Not Applicable,683,UPI,23,4.6,3.4
2024-07-15 01:08:00,CNR3147870679,Canceled by Driver,CID301147,eBike,MG Road,Malleshwaram,,,Not Applicable,More than permitted people in there,Not Applicable,Not Applicable,467,Not Applicable,0,,
2024-07-04 01:55:00,CNR4955121337,Canceled by Customer,CID766594,Prime SUV,Peenya,Kammanahalli,,,Driver is not moving towards pickup location,Not Applicable,Not Applicable,Not Applicable,465,Not Applicable,0,,
2024-07-13 04:26:00,CNR3675807448,Canceled by Driver,CID164883,Prime Plus,Chamarajpet,Whitefield,,,Not Applicable,More than permitted people in there,Not Applicable,Not Applicable,121,Not Applicable,0,,
2024-07-28 08:08:00,CNR8796987502,Success,CID589352,Bike,JP Nagar,Chickpet,112.0,50.0,Not Applicable,Not Applicable,No,Not Applicable,254,UPI,13,3.7,3.4
2024-07-28 19:15:00,CNR4272590560,Success,CID228225,Mini,Varthur,Indiranagar,161.0,135.0,Not Applicable,Not Applicable,No,Not Applicable,142,UPI,14,3.8,4.2
2024-07-02 07:49:00,CNR6091016952,Success,CID457867,Bike,Koramangala,Marathahalli,231.0,25.0,Not Applicable,Not Applicable,No,Not Applicable,254,Cash,3,4.9,4.5
2024-07-24 00:32:00,CNR5589410061,Driver Not Found,CID418816,Mini,Kengeri,Bannerghatta Road,,,Not Applicable,Not Applicable,Not Applicable,Not Applicable,124,Not Applicable,0,,
2024-07-17 15:28:00,CNR2477523636,Success,CID474480,eBike,KR Puram,Rajarajeshwari Nagar,301.0,70.0,Not Applicable,Not Applicable,No,Not Applicable,1428,Cash,36,3.4,4.9
2024-07-29 05:39:00,CNR1943543836,Canceled by Driver,CID244139,Prime Sedan,Shantinagar,Chickpet,,,Not Applicable,More than permitted people in there,Not Applicable,Not Applicable,763,Not Applicable,0,,
2024-07-18 09:27:00,CNR7980861170,Success,CID808862,Mini,Rajajinagar,Hulimavu,189.0,45.0,Not Applicable,Not Applicable,No,Not Applicable,193,Cash,10,3.9,3.9
2024-07-25 14:02:00,CNR7472189126,Driver Not Found,CID920681,Prime Sedan,Bellandur,Rajarajeshwari Nagar,,,Not Applicable,Not Applicable,Not Applicable,Not Applicable,423,Not Applicable,0,,
2024-07-18 00:11:00,CNR4168570286,Success,CID967803,Prime Plus,Yelahanka,Rajajinagar,84.0,90.0,Not Applicable,Not Applicable,No,Not Applicable,772,UPI,14,4.3,4.5
2024-07-13 22:22:00,CNR7392005729,Success,CID726440,Prime Plus,Whitefield,Cox Town,196.0,110.0,Not Applicable,Not Applicable,No,Not Applicable,517,UPI,28,3.8,4.9
2024-07-16 08:23:00,CNR4764878289,Canceled by Driver,CID273425,Mini,Chickpet,Whitefield,,,Not Applicable,Personal & Car related issue,Not Applicable,Not Applicable,562,Not Applicable,0,,
2024-07-06 20:57:00,CNR3767194763,Canceled by Driver,CID787328,Mini,KR Puram,Frazer Town,,,Not Applicable,Customer related issue,Not Applicable,Not Applicable,462,Not Applicable,0,,
2024-07-15 21:05:00,CNR1436147904,Canceled by Customer,CID548084,Mini,Shivajinagar,Kammanahalli,,,Driver asked to cancel,Not Applicable,Not Applicable,Not Applicable,498,Not Applicable,0,,
2024-07-21 17:51:00,CNR9156758009,Success,CID666392,Prime Sedan,HSR Layout,Vijayanagar,231.0,80.0,Not Applicable,Not Applicable,No,Not Applicable,115,Cash,34,4.4,4.3
2024-07-18 02:09:00,CNR2069122696,Success,CID721870,Bike,Marathahalli,Devanahalli,182.0,35.0,Not Applicable,Not Applicable,No,Not Applicable,450,Cash,38,4.4,3.5
2024-07-08 00:49:00,CNR9710897380,Canceled by Driver,CID121741,Prime Sedan,Padmanabhanagar,Devanahalli,,,Not Applicable,More than permitted people in there,Not Applicable,Not Applicable,146,Not Applicable,0,,
2024-07-05 11:27:00,CNR5200666535,Success,CID838202,eBike,Jayanagar,Ulsoor,105.0,25.0,Not Applicable,Not Applicable,No,Not Applicable,397,Cash,15,3.9,3.7
2024-07-30 04:20:00,CNR6618207004,Success,CID845134,Bike,Chickpet,Majestic,273.0,90.0,Not Applicable,Not Applicable,No,Not Applicable,258,Cash,41,4.7,3.9
2024-07-24 01:09:00,CNR4829417506,Success,CID170217,Bike,Cox Town,Shivajinagar,84.0,125.0,Not Applicable,Not Applicable,No,Not Applicable,303,UPI,36,4.2,4.3
2024-07-07 12:48:00,CNR7826889528,Success,CID201118,Bike,Bellandur,Tumkur Road,238.0,80.0,Not Applicable,Not Applicable,Yes,Customer Demand,420,UPI,3,4.7,4.8
2024-07-14 09:23:00,CNR5188438652,Success,CID455823,Prime SUV,Banashankari,Varthur,119.0,35.0,Not Applicable,Not Applicable,No,Not Applicable,946,Cash,26,3.8,3.3
2024-07-21 16:37:00,CNR4393730951,Canceled by Driver,CID716926,Bike,Majestic,RT Nagar,,,Not Applicable,Personal & Car related issue,Not Applicable,Not Applicable,478,Not Applicable,0,,
2024-07-15 14:02:00,CNR6450376866,Success,CID607907,Bike,Basavanagudi,RT Nagar,63.0,135.0,Not Applicable,Not Applicable,No,Not Applicable,426,Cash,28,4.7,4.5
2024-07-22 16:30:00,CNR9563147267,Canceled by Driver,CID876375,Prime Plus,Sahakar Nagar,Devanahalli,,,Not Applicable,More than permitted people in there,Not Applicable,Not Applicable,2376,Not Applicable,0,,
2024-07-10 07:12:00,CNR3232377584,Success,CID512865,Mini,Padmanabhanagar,Marathahalli,273.0,40.0,Not Applicable,Not Applicable,No,Not Applicable,480,UPI,39,3.9,3.6
2024-07-26 18:56:00,CNR4447283649,Success,CID541152,Bike,Frazer Town,Ramamurthy Nagar,238.0,40.0,Not Applicable,Not Applicable,No,Not Applicable,419,Cash,34,4.9,3.6
2024-07-18 17:34:00,CNR7686466284,Success,CID721984,Prime Sedan,Hosur Road,Banashankari,273.0,125.0,Not Applicable,Not Applicable,No,Not Applicable,443,UPI,40,4.3,3.3
2024-07-21 22:03:00,CNR5430497924,Success,CID513737,Mini,Cox Town,Vijayanagar,259.0,95.0,Not Applicable,Not Applicable,No,Not Applicable,440,Cash,18,4.4,4.7
2024-07-05 15:22:00,CNR2730214838,Canceled by Customer,CID728065,Mini,Ulsoor,Electronic City,,,Wrong Address,Not Applicable,Not Applicable,Not Applicable,209,Not Applicable,0,,
2024-07-02 20:26:00,CNR3164827972,Success,CID416741,Prime Sedan,Devanahalli,Varthur,77.0,40.0,Not Applicable,Not Applicable,No,Not Applicable,992,Cash,44,4.1,4.8
2024-07-17 10:57:00,CNR6001829434,Driver Not Found,CID464289,Prime Sedan,HSR Layout,KR Puram,,,Not Applicable,Not Applicable,Not Applicable,Not Applicable,273,Not Applicable,0,,
2024-07-02 02:07:00,CNR3840223920,Success,CID406893,Prime Plus,Mysore Road,Kammanahalli,217.0,35.0,Not Applicable,Not Applicable,No,Not Applicable,743,UPI,5,3.0,3.6
2024-07-05 17:28:00,CNR6805041713,Canceled by Driver,CID652164,Prime Sedan,KR Puram,KR Puram,,,Not Applicable,Personal & Car related issue,Not Applicable,Not Applicable,258,Not Applicable,0,,
2024-07-10 13:49:00,CNR8564919280,Driver Not Found,CID251052,Prime SUV,BTM Layout,Ramamurthy Nagar,,,Not Applicable,Not Applicable,Not Applicable,Not Applicable,547,Not Applicable,0,,
2024-07-24 16:45:00,CNR2360095944,Success,CID743473,eBike,Kadugodi,Banashankari,126.0,135.0,Not Applicable,Not Applicable,No,Not Applicable,276,Cash,38,4.6,5.0
2024-07-22 03:51:00,CNR1355360033,Success,CID663478,Bike,RT Nagar,Yeshwanthpur,133.0,70.0,Not Applicable,Not Applicable,No,Not Applicable,173,Cash,42,3.1,3.5
2024-07-17 01:51:00,CNR9067376417,Canceled by Customer,CID378513,Bike,Bellandur,Sarjapur Road,,,AC is Not working,Not Applicable,Not Applicable,Not Applicable,163,Not Applicable,0,,
2024-07-26 06:35:00,CNR2750767603,Success,CID160481,eBike,Hulimavu,Majestic,119.0,105.0,Not Applicable,Not Applicable,No,Not Applicable,124,UPI,8,4.9,3.7
2024-07-09 08:49:00,CNR5697661504,Success,CID487687,Bike,Bellandur,Marathahalli,126.0,55.0,Not Applicable,Not Applicable,No,Not Applicable,211,Cash,48,3.0,3.7
2024-07-10 05:00:00,CNR4130458417,Success,CID783918,Bike,Langford Town,Shivajinagar,231.0,105.0,Not Applicable,Not Applicable,No,Not Applicable,279,Cash,31,3.2,4.7
2024-07-06 13:46:00,CNR3833723678,Success,CID797466,Prime Plus,HSR Layout,Devanahalli,308.0,60.0,Not Applicable,Not Applicable,Yes,Other Issue,894,Cash,10,4.1,3.0
2024-07-12 23:14:00,CNR2625048382,Canceled by Driver,CID654013,Auto,Ramamurthy Nagar,Koramangala,,,Not Applicable,Customer related issue,Not Applicable,Not Applicable,127,Not Applicable,0,,
2024-07-05 02:10:00,CNR9680157224,Canceled by Driver,CID518640,Bike,Bannerghatta Road,KR Puram,,,Not Applicable,Customer was coughing/sick,Not Applicable,Not Applicable,226,Not Applicable,0,,
2024-07-29 09:39:00,CNR3474071886,Success,CID420324,Bike,Shivajinagar,Kadugodi,259.0,65.0,Not Applicable,Not Applicable,No,Not Applicable,158,UPI,7,4.2,4.5
2024-07-26 06:46:00,CNR5802617303,Success,CID578534,eBike,Mysore Road,Ramamurthy Nagar,224.0,60.0,Not Applicable,Not Applicable,No,Not Applicable,474,Cash,24,4.0,4.0
2024-07-20 05:34:00,CNR5571958639,Canceled by Driver,CID221035,Auto,Rajarajeshwari Nagar,Chickpet,,,Not Applicable,Personal & Car related issue,Not Applicable,Not Applicable,330,Not Applicable,0,,
2024-07-24 05:58:00,CNR5571493547,Success,CID206361,Mini,Bannerghatta Road,Tumkur Road,266.0,95.0,Not Applicable,Not Applicable,No,Not Applicable,355,Cash,26,4.6,4.6
2024-07-12 06:55:00,CNR9970627647,Success,CID838825,Prime SUV,Tumkur Road,Magadi Road,161.0,85.0,Not Applicable,Not Applicable,No,Not Applicable,334,Cash,3,4.8,3.6
2024-07-26 06:41:00,CNR9743994598,Success,CID229562,Bike,Frazer Town,Varthur,133.0,45.0,Not Applicable,Not Applicable,No,Not Applicable,388,UPI,49,3.4,4.3
2024-07-25 22:09:00,CNR6447699800,Success,CID743165,Auto,Sahakar Nagar,Chickpet,63.0,30.0,Not Applicable,Not Applicable,No,Not Applicable,453,UPI,2,4.5,4.4
2024-07-25 03:51:00,CNR4536112396,Success,CID623237,Auto,Padmanabhanagar,Varthur,98.0,90.0,Not Applicable,Not Applicable,No,Not Applicable,356,UPI,4,3.7,3.7
2024-07-25 15:22:00,CNR2982210988,Success,CID170360,Auto,Frazer Town,MG Road,49.0,110.0,Not Applicable,Not Applicable,No,Not Applicable,421,Cash,10,3.4,4.8
2024-07-29 11:48:00,CNR1640086618,Success,CID712257,Mini,Kadugodi,Nagarbhavi,196.0,135.0,Not Applicable,Not Applicable,No,Not Applicable,695,Cash,15,3.0,4.5
2024-07-15 05:59:00,CNR3685375702,Success,CID157777,Prime Sedan,Cox Town,Yelahanka,70.0,75.0,Not Applicable,Not Applicable,No,Not Applicable,2266,UPI,49,3.2,4.3
2024-07-08 12:24:00,CNR2921108233,Success,CID135437,Mini,Padmanabhanagar,Devanahalli,182.0,95.0,Not Applicable,Not Applicable,No,Not Applicable,763,UPI,18,3.5,3.1
2024-07-14 04:34:00,CNR2953896911,Success,CID194862,Mini,Yeshwanthpur,Basavanagudi,175.0,90.0,Not Applicable,Not Applicable,No,Not Applicable,134,UPI,7,4.4,3.7
2024-07-13 14:34:00,CNR9209323896,Success,CID427943,Prime Sedan,Hulimavu,Kadugodi,105.0,90.0,Not Applicable,Not Applicable,Yes,Other Issue,467,Credit Card,15,4.9,4.5
2024-07-28 15:04:00,CNR6731408384,Success,CID996341,Prime Sedan,Hennur,Bellandur,63.0,60.0,Not Applicable,Not Applicable,No,Not Applicable,387,UPI,18,3.6,4.5
2024-07-26 03:33:00,CNR9246456516,Driver Not Found,CID183764,Prime Sedan,Chickpet,Whitefield,,,Not Applicable,Not Applicable,Not Applicable,Not Applicable,525,Not Applicable,0,,
2024-07-30 16:49:00,CNR2684160778,Canceled by Driver,CID325597,eBike,HSR Layout,Basavanagudi,,,Not Applicable,Personal & Car related issue,Not Applicable,Not Applicable,129,Not Applicable,0,,
2024-07-08 11:09:00,CNR3469231794,Success,CID178289,Bike,Malleshwaram,Bellandur,259.0,45.0,Not Applicable,Not Applicable,No,Not Applicable,637,Cash,24,3.2,5.0
2024-07-22 12:44:00,CNR4666016966,Canceled by Customer,CID229542,Mini,Magadi Road,RT Nagar,,,AC is Not working,Not Applicable,Not Applicable,Not Applicable,1422,Not Applicable,0,,
2024-07-10 13:14:00,CNR8555835555,Canceled by Driver,CID873570,eBike,Nagarbhavi,Basavanagudi,,,Not Applicable,Customer related issue,Not Applicable,Not Applicable,486,Not Applicable,0,,
2024-07-04 12:50:00,CNR1737522330,Driver Not Found,CID927973,Mini,Rajajinagar,Chamarajpet,,,Not Applicable,Not Applicable,Not Applicable,Not Applicable,229,Not Applicable,0,,
2024-07-22 03:28:00,CNR6274504382,Canceled by Customer,CID183953,Bike,Peenya,Vijayanagar,,,Change of plans,Not Applicable,Not Applicable,Not Applicable,368,Not Applicable,0,,
2024-07-28 02:54:00,CNR5858996696,Success,CID220865,Prime Sedan,Chamarajpet,Marathahalli,308.0,110.0,Not Applicable,Not Applicable,No,Not Applicable,219,Cash,23,3.4,3.2
2024-07-09 15:18:00,CNR5887882994,Success,CID862758,Auto,Sarjapur Road,Malleshwaram,49.0,65.0,Not Applicable,Not Applicable,No,Not Applicable,2752,UPI,11,3.5,3.6
2024-07-08 15:24:00,CNR6871344790,Success,CID820483,Mini,Basavanagudi,Banashankari,126.0,50.0,Not Applicable,Not Applicable,No,Not Applicable,475,UPI,39,5.0,3.7
2024-07-01 02:56:00,CNR4483059400,Success,CID291124,Mini,KR Puram,RT Nagar,238.0,55.0,Not Applicable,Not Applicable,No,Not Applicable,114,Cash,49,3.2,4.8
2024-07-19 00:58:00,CNR8786451788,Success,CID555544,Auto,Yelahanka,Rajajinagar,266.0,30.0,Not Applicable,Not Applicable,No,Not Applicable,124,Cash,12,4.9,3.8
2024-07-18 17:17:00,CNR5314813853,Success,CID892568,Prime Sedan,Hennur,Yeshwanthpur,287.0,125.0,Not Applicable,Not Applicable,No,Not Applicable,864,UPI,26,3.5,3.6
2024-07-30 21:01:00,CNR3057441535,Success,CID397969,Auto,Kammanahalli,Peenya,140.0,70.0,Not Applicable,Not Applicable,No,Not Applicable,475,UPI,13,3.5,3.1
2024-07-08 04:42:00,CNR2822968526,Success,CID133171,Mini,Shantinagar,Sahakar Nagar,42.0,30.0,Not Applicable,Not Applicable,No,Not Applicable,102,UPI,12,3.2,3.8
2024-07-01 11:39:00,CNR8491556052,Success,CID519160,Mini,Majestic,Sahakar Nagar,133.0,105.0,Not Applicable,Not Applicable,No,Not Applicable,130,Cash,19,3.7,3.1
2024-07-26 02:14:00,CNR7383586663,Success,CID602860,Auto,Yelahanka,Sarjapur Road,308.0,65.0,Not Applicable,Not Applicable,Yes,Vehicle Breakdown,174,Cash,9,4.7,4.7
2024-07-15 15:51:00,CNR3852267059,Driver Not Found,CID329836,Prime Plus,Hosur Road,Frazer Town,,,Not Applicable,Not Applicable,Not Applicable,Not Applicable,471,Not Applicable,0,,
2024-07-02 06:17:00,CNR2174327699,Canceled by Customer,CID488275,Bike,Tumkur Road,Vijayanagar,,,Driver is not moving towards pickup location,Not Applicable,Not Applicable,Not Applicable,564,Not Applicable,0,,
2024-07-07 08:23:00,CNR5186820616,Canceled by Customer,CID969504,Auto,Indiranagar,Chamarajpet,,,Change of plans,Not Applicable,Not Applicable,Not Applicable,694,Not Applicable,0,,
2024-07-30 16:57:00,CNR6913681615,Success,CID159544,Prime Sedan,KR Puram,Shantinagar,91.0,110.0,Not Applicable,Not Applicable,No,Not Applicable,2998,UPI,27,3.6,3.0
2024-07-24 18:13:00,CNR5742870688,Success,CID661675,Mini,Vijayanagar,Devanahalli,56.0,45.0,Not Applicable,Not Applicable,No,Not Applicable,1696,UPI,43,3.9,3.0
2024-07-14 10:35:00,CNR5559046954,Driver Not Found,CID188368,Prime SUV,Bannerghatta Road,MG Road,,,Not Applicable,Not Applicable,Not Applicable,Not Applicable,235,Not Applicable,0,,
2024-07-11 00:49:00,CNR6574571144,Success,CID989683,Prime Sedan,Hulimavu,Mysore Road,189.0,40.0,Not Applicable,Not Applicable,Yes,Customer Demand,193,UPI,24,3.2,3.0
2024-07-02 17:35:00,CNR2270203138,Driver Not Found,CID821102,Auto,Chamarajpet,Majestic,,,Not Applicable,Not Applicable,Not Applicable,Not Applicable,476,Not Applicable,0,,
2024-07-28 12:48:00,CNR4134249434,Success,CID626286,Prime Plus,Electronic City,Banashankari,308.0,125.0,Not Applicable,Not Applicable,No,Not Applicable,405,UPI,39,3.3,4.7
2024-07-26 04:42:00,CNR8003051524,Canceled by Customer,CID368412,Prime Sedan,Chickpet,Electronic City,,,AC is Not working,Not Applicable,Not Applicable,Not Applicable,365,Not Applicable,0,,
2024-07-19 18:24:00,CNR3727588219,Success,CID189007,Prime SUV,Nagarbhavi,KR Puram,196.0,25.0,Not Applicable,Not Applicable,No,Not Applicable,489,Cash,17,3.7,4.2
2024-07-09 20:31:00,CNR3846767917,Canceled by Customer,CID870267,Mini,Indiranagar,Sahakar Nagar,,,Driver asked to cancel,Not Applicable,Not Applicable,Not Applicable,482,Not Applicable,0,,
2024-07-04 14:33:00,CNR5498736668,Success,CID282144,Mini,Devanahalli,Hosur Road,154.0,80.0,Not Applicable,Not Applicable,No,Not Applicable,394,UPI,35,3.6,3.2
2024-07-19 21:10:00,CNR5962226541,Success,CID817117,Prime SUV,Hulimavu,Chickpet,189.0,70.0,Not Applicable,Not Applicable,No,Not Applicable,845,UPI,45,3.2,4.7
2024-07-11 12:24:00,CNR6065742190,Canceled by Customer,CID164103,Bike,Marathahalli,Vijayanagar,,,Change of plans,Not Applicable,Not Applicable,Not Applicable,419,Not Applicable,0,,
2024-07-29 18:11:00,CNR9605218615,Canceled by Driver,CID895495,Prime Sedan,Whitefield,HSR Layout,,,Not Applicable,Customer related issue,Not Applicable,Not Applicable,440,Not Applicable,0,,
2024-07-02 21:18:00,CNR9968144505,Success,CID303415,Bike,Ramamurthy Nagar,Magadi Road,154.0,135.0,Not Applicable,Not Applicable,No,Not Applicable,997,Cash,23,4.0,4.2
2024-07-16 10:13:00,CNR1542180030,Success,CID713347,Prime SUV,MG Road,MG Road,231.0,60.0,Not Applicable,Not Applicable,No,Not Applicable,397,Cash,20,3.5,3.9
2024-07-22 08:11:00,CNR8429487920,Canceled by Customer,CID296646,Bike,Sarjapur Road,Bellandur,,,Wrong Address,Not Applicable,Not Applicable,Not Applicable,2684,Not Applicable,0,,
2024-07-16 20:06:00,CNR1188973993,Success,CID800673,Prime Plus,Hulimavu,Majestic,84.0,130.0,Not Applicable,Not Applicable,No,Not Applicable,243,Credit Card,41,4.3,4.1
2024-07-14 14:10:00,CNR3206847512,Driver Not Found,CID945240,Prime Plus,RT Nagar,Hosur Road,,,Not Applicable,Not Applicable,Not Applicable,Not Applicable,273,Not Applicable,0,,
2024-07-22 23:06:00,CNR9095876146,Canceled by Customer,CID170063,Prime SUV,Devanahalli,Marathahalli,,,Change of plans,Not Applicable,Not Applicable,Not Applicable,481,Not Applicable,0,,
2024-07-25 17:48:00,CNR5945363734,Success,CID724547,Auto,HSR Layout,MG Road,42.0,130.0,Not Applicable,Not Applicable,No,Not Applicable,337,UPI,16,3.9,3.6
2024-07-16 08:39:00,CNR7030771185,Success,CID583180,Prime Plus,Sahakar Nagar,Yelahanka,63.0,105.0,Not Applicable,Not Applicable,No,Not Applicable,917,Cash,41,4.5,3.1
2024-07-27 15:28:00,CNR5045421697,Success,CID894867,Mini,Hulimavu,Ramamurthy Nagar,70.0,85.0,Not Applicable,Not Applicable,No,Not Applicable,137,UPI,24,3.2,3.3
2024-07-27 23:16:00,CNR1147589561,Success,CID475661,eBike,KR Puram,Electronic City,245.0,140.0,Not Applicable,Not Applicable,No,Not Applicable,340,Cash,29,3.4,3.8
2024-07-20 04:13:00,CNR1720389074,Success,CID499119,Prime SUV,Marathahalli,Hosur Road,147.0,75.0,Not Applicable,Not Applicable,No,Not Applicable,491,Cash,39,3.2,4.8
2024-07-27 10:06:00,CNR1154520415,Success,CID271500,Bike,Langford Town,MG Road,259.0,135.0,Not Applicable,Not Applicable,No,Not Applicable,451,Cash,28,3.7,3.9
2024-07-30 01:51:00,CNR5216946562,Canceled by Driver,CID373891,Prime Plus,Magadi Road,Varthur,,,Not Applicable,More than permitted people in there,Not Applicable,Not Applicable,729,Not Applicable,0,,
2024-07-25 13:50:00,CNR8197381960,Success,CID870934,Auto,Varthur,Ulsoor,133.0,135.0,Not Applicable,Not Applicable,No,Not Applicable,548,Cash,7,4.8,3.0
2024-07-18 18:52:00,CNR4176628913,Canceled by Driver,CID985127,Prime Plus,Ulsoor,Chamarajpet,,,Not Applicable,Personal & Car related issue,Not Applicable,Not Applicable,421,Not Applicable,0,,
2024-07-11 23:59:00,CNR3783716326,Success,CID851062,Prime Sedan,Indiranagar,Kadugodi,35.0,60.0,Not Applicable,Not Applicable,No,Not Applicable,188,Cash,36,3.4,3.4
2024-07-15 17:12:00,CNR8627942219,Driver Not Found,CID908796,Prime Plus,Basavanagudi,Malleshwaram,,,Not Applicable,Not Applicable,Not Applicable,Not Applicable,202,Not Applicable,0,,
2024-07-12 17:43:00,CNR4697850986,Driver Not Found,CID228498,Bike,Mysore Road,Hulimavu,,,Not Applicable,Not Applicable,Not Applicable,Not Applicable,277,Not Applicable,0,,
2024-07-15 07:07:00,CNR5382714811,Success,CID442308,Prime Plus,Whitefield,Yeshwanthpur,49.0,90.0,Not Applicable,Not Applicable,No,Not Applicable,124,Cash,37,4.4,4.7
2024-07-29 20:01:00,CNR7161193927,Canceled by Customer,CID728892,Prime SUV,Kammanahalli,Peenya,,,Change of plans,Not Applicable,Not Applicable,Not Applicable,2367,Not Applicable,0,,
2024-07-08 11:09:00,CNR5315573312,Driver Not Found,CID683309,Mini,Magadi Road,Majestic,,,Not Applicable,Not Applicable,Not Applicable,Not Applicable,692,Not Applicable,0,,
2024-07-16 20:28:00,CNR8522439021,Success,CID317486,Mini,Hebbal,JP Nagar,168.0,115.0,Not Applicable,Not Applicable,No,Not Applicable,196,UPI,18,3.0,4.6
2024-07-13 03:35:00,CNR2182869138,Success,CID667317,Prime Plus,Ulsoor,Hosur Road,161.0,145.0,Not Applicable,Not Applicable,No,Not Applicable,487,Cash,9,4.0,3.4
2024-07-01 08:42:00,CNR9534260993,Success,CID713016,Prime Sedan,Bannerghatta Road,Tumkur Road,294.0,75.0,Not Applicable,Not Applicable,No,Not Applicable,427,UPI,36,4.4,3.9
2024-07-27 20:39:00,CNR6424217570,Driver Not Found,CID771626,Bike,MG Road,Electronic City,,,Not Applicable,Not Applicable,Not Applicable,Not Applicable,105,Not Applicable,0,,
2024-07-23 07:53:00,CNR1425336444,Success,CID558895,Prime Sedan,Mysore Road,JP Nagar,105.0,145.0,Not Applicable,Not Applicable,No,Not Applicable,454,UPI,38,4.8,3.8
2024-07-15 00:25:00,CNR6315620338,Success,CID838610,Bike,Hennur,Hosur Road,119.0,65.0,Not Applicable,Not Applicable,No,Not Applicable,373,UPI,13,3.7,3.4
2024-07-07 08:59:00,CNR8704783497,Canceled by Customer,CID664916,Bike,Rajarajeshwari Nagar,Bannerghatta Road,,,Driver is not moving towards pickup location,Not Applicable,Not Applicable,Not Applicable,351,Not Applicable,0,,
2024-07-27 09:30:00,CNR4165743896,Success,CID776230,Auto,Electronic City,MG Road,224.0,80.0,Not Applicable,Not Applicable,No,Not Applicable,597,Cash,11,3.0,3.6
2024-07-19 21:21:00,CNR7237193740,Canceled by Driver,CID390759,Auto,HSR Layout,KR Puram,,,Not Applicable,Personal & Car related issue,Not Applicable,Not Applicable,164,Not Applicable,0,,
2024-07-18 06:56:00,CNR5169677461,Canceled by Driver,CID777125,Prime Sedan,Marathahalli,Kengeri,,,Not Applicable,Customer related issue,Not Applicable,Not Applicable,320,Not Applicable,0,,
2024-07-14 12:54:00,CNR9772387944,Success,CID536451,Auto,Chickpet,Basavanagudi,49.0,130.0,Not Applicable,Not Applicable,No,Not Applicable,467,UPI,4,3.7,4.0
2024-07-23 22:58:00,CNR5686870552,Driver Not Found,CID677220,Auto,Devanahalli,Sahakar Nagar,,,Not Applicable,Not Applicable,Not Applicable,Not Applicable,409,Not Applicable,0,,
2024-07-08 02:05:00,CNR1082745689,Success,CID682780,Bike,BTM Layout,Hulimavu,196.0,125.0,Not Applicable,Not Applicable,No,Not Applicable,138,UPI,49,4.0,4.4
2024-07-17 22:08:00,CNR8486286533,Canceled by Driver,CID177806,Prime Plus,Indiranagar,Vijayanagar,,,Not Applicable,Customer was coughing/sick,Not Applicable,Not Applicable,232,Not Applicable,0,,
2024-07-08 06:22:00,CNR1933491262,Success,CID737716,Auto,Bellandur,Bellandur,49.0,90.0,Not Applicable,Not Applicable,No,Not Applicable,599,UPI,15,4.3,4.4
2024-07-07 17:42:00,CNR8723564325,Canceled by Driver,CID837450,Prime Plus,Hulimavu,Kammanahalli,,,Not Applicable,Personal & Car related issue,Not Applicable,Not Applicable,235,Not Applicable,0,,
2024-07-04 05:39:00,CNR8233249913,Success,CID444764,Mini,Basavanagudi,Bellandur,154.0,130.0,Not Applicable,Not Applicable,No,Not Applicable,1773,Cash,26,4.7,3.5
2024-07-23 03:46:00,CNR7707771976,Driver Not Found,CID549664,Prime SUV,Chamarajpet,Richmond Town,,,Not Applicable,Not Applicable,Not Applicable,Not Applicable,681,Not Applicable,0,,
2024-07-01 14:42:00,CNR1839070734,Canceled by Customer,CID893502,Prime SUV,Rajajinagar,Devanahalli,,,Driver asked to cancel,Not Applicable,Not Applicable,Not Applicable,790,Not Applicable,0,,
2024-07-11 14:09:00,CNR9312614726,Canceled by Driver,CID508760,Mini,Jayanagar,Frazer Town,,,Not Applicable,Customer was coughing/sick,Not Applicable,Not Applicable,1824,Not Applicable,0,,
2024-07-12 21:18:00,CNR4883989423,Success,CID470368,Bike,Padmanabhanagar,Sarjapur Road,161.0,130.0,Not Applicable,Not Applicable,No,Not Applicable,230,Cash,21,3.7,4.0
2024-07-19 13:04:00,CNR1008401222,Canceled by Driver,CID511554,Auto,Hosur Road,Chamarajpet,,,Not Applicable,Customer was coughing/sick,Not Applicable,Not Applicable,405,Not Applicable,0,,
2024-07-12 19:45:00,CNR7209772116,Success,CID804638,Bike,Malleshwaram,Mysore Road,252.0,120.0,Not Applicable,Not Applicable,No,Not Applicable,414,Cash,17,3.3,4.9
2024-07-03 14:43:00,CNR9163690954,Canceled by Driver,CID489555,Prime Plus,Indiranagar,Bannerghatta Road,,,Not Applicable,More than permitted people in there,Not Applicable,Not Applicable,470,Not Applicable,0,,
2024-07-13 01:09:00,CNR9744576364,Canceled by Customer,CID693586,Prime Sedan,Frazer Town,Hennur,,,Change of plans,Not Applicable,Not Applicable,Not Applicable,364,Not Applicable,0,,
2024-07-19 08:39:00,CNR6691512763,Success,CID730322,Bike,Ramamurthy Nagar,Mysore Road,63.0,130.0,Not Applicable,Not Applicable,No,Not Applicable,363,UPI,41,4.4,3.5
2024-07-25 23:06:00,CNR4040863144,Canceled by Driver,CID388497,Bike,Yelahanka,Indiranagar,,,Not Applicable,Customer related issue,Not Applicable,Not Applicable,180,Not Applicable,0,,
2024-07-04 07:10:00,CNR7587648543,Success,CID848773,Bike,Nagarbhavi,Kadugodi,175.0,70.0,Not Applicable,Not Applicable,No,Not Applicable,422,Cash,20,4.2,3.9
2024-07-03 13:19:00,CNR5940885953,Success,CID420843,Mini,MG Road,Devanahalli,112.0,80.0,Not Applicable,Not Applicable,Yes,Other Issue,2843,Cash,9,5.0,3.5
2024-07-27 08:59:00,CNR4892863300,Success,CID475709,Auto,Kengeri,BTM Layout,126.0,40.0,Not Applicable,Not Applicable,No,Not Applicable,494,Credit Card,3,3.3,4.2
2024-07-27 10:31:00,CNR3566403324,Success,CID421059,Auto,Kammanahalli,Varthur,245.0,60.0,Not Applicable,Not Applicable,No,Not Applicable,475,UPI,9,3.6,4.6
2024-07-13 23:21:00,CNR9369909943,Canceled by Driver,CID101159,Prime SUV,HSR Layout,Shantinagar,,,Not Applicable,Personal & Car related issue,Not Applicable,Not Applicable,703,Not Applicable,0,,
2024-07-06 17:23:00,CNR2145343790,Success,CID833211,Auto,Majestic,Shivajinagar,252.0,130.0,Not Applicable,Not Applicable,No,Not Applicable,961,Credit Card,10,3.2,4.9
2024-07-02 07:02:00,CNR5035804225,Canceled by Customer,CID735194,eBike,Padmanabhanagar,Sahakar Nagar,,,Driver is not moving towards pickup location,Not Applicable,Not Applicable,Not Applicable,825,Not Applicable,0,,
2024-07-02 23:59:00,CNR8844415950,Success,CID659923,Bike,Majestic,RT Nagar,280.0,70.0,Not Applicable,Not Applicable,No,Not Applicable,671,UPI,43,4.2,4.1
2024-07-17 17:07:00,CNR6802495466,Canceled by Driver,CID188187,Auto,Electronic City,BTM Layout,,,Not Applicable,Customer was coughing/sick,Not Applicable,Not Applicable,235,Not Applicable,0,,
2024-07-06 13:53:00,CNR9058458502,Driver Not Found,CID398855,Bike,JP Nagar,Chamarajpet,,,Not Applicable,Not Applicable,Not Applicable,Not Applicable,191,Not Applicable,0,,
2024-07-28 14:04:00,CNR6820555720,Success,CID814027,Prime Sedan,HSR Layout,Kammanahalli,196.0,55.0,Not Applicable,Not Applicable,No,Not Applicable,424,Cash,6,4.0,3.9
2024-07-24 08:11:00,CNR3373187192,Success,CID200260,eBike,Koramangala,Padmanabhanagar,105.0,115.0,Not Applicable,Not Applicable,No,Not Applicable,798,Cash,5,3.9,4.2
2024-07-28 00:35:00,CNR8191507888,Success,CID358563,Bike,Yelahanka,Padmanabhanagar,84.0,120.0,Not Applicable,Not Applicable,No,Not Applicable,899,Cash,39,4.8,3.7
2024-07-27 06:28:00,CNR7523702388,Success,CID337839,Auto,Rajajinagar,Bannerghatta Road,133.0,40.0,Not Applicable,Not Applicable,No,Not Applicable,143,Cash,6,4.5,4.1
2024-07-26 12:30:00,CNR1438434993,Success,CID952153,Bike,MG Road,Frazer Town,203.0,120.0,Not Applicable,Not Applicable,No,Not Applicable,234,Cash,35,4.4,3.2
2024-07-09 05:38:00,CNR1910287120,Canceled by Driver,CID406120,Bike,Devanahalli,Rajajinagar,,,Not Applicable,Customer was coughing/sick,Not Applicable,Not Applicable,434,Not Applicable,0,,
2024-07-02 21:31:00,CNR1756764780,Canceled by Driver,CID864890,Prime SUV,Cox Town,Shantinagar,,,Not Applicable,Personal & Car related issue,Not Applicable,Not Applicable,313,Not Applicable,0,,
2024-07-18 07:32:00,CNR8652768368,Canceled by Driver,CID835305,Prime SUV,Banashankari,Rajarajeshwari Nagar,,,Not Applicable,Personal & Car related issue,Not Applicable,Not Applicable,519,Not Applicable,0,,
2024-07-21 14:14:00,CNR6223996830,Driver Not Found,CID661631,eBike,Malleshwaram,Majestic,,,Not Applicable,Not Applicable,Not Applicable,Not Applicable,1703,Not Applicable,0,,
2024-07-11 22:30:00,CNR5872102275,Success,CID784832,Prime Sedan,Hosur Road,Kengeri,105.0,145.0,Not Applicable,Not Applicable,No,Not Applicable,145,UPI,22,3.8,4.7
2024-07-08 07:48:00,CNR1666057153,Success,CID290969,Prime SUV,Kammanahalli,Whitefield,133.0,125.0,Not Applicable,Not Applicable,No,Not Applicable,586,UPI,6,3.4,4.2
2024-07-19 21:49:00,CNR3107173490,Success,CID641685,Auto,Yeshwanthpur,Cox Town,77.0,105.0,Not Applicable,Not Applicable,No,Not Applicable,443,Cash,7,4.5,4.4
2024-07-30 04:14:00,CNR5632341275,Canceled by Customer,CID198424,Mini,Magadi Road,Banashankari,,,Change of plans,Not Applicable,Not Applicable,Not Applicable,677,Not Applicable,0,,
2024-07-11 18:24:00,CNR6690509849,Canceled by Customer,CID764401,Prime Plus,Shivajinagar,Electronic City,,,Driver asked to cancel,Not Applicable,Not Applicable,Not Applicable,217,Not Applicable,0,,
2024-07-11 10:55:00,CNR9537931178,Success,CID364107,Prime SUV,Shantinagar,JP Nagar,210.0,125.0,Not Applicable,Not Applicable,No,Not Applicable,469,Cash,44,4.0,4.5
2024-07-16 10:23:00,CNR1963117160,Canceled by Customer,CID922431,Prime Plus,Koramangala,Marathahalli,,,Driver is not moving towards pickup location,Not Applicable,Not Applicable,Not Applicable,1276,Not Applicable,0,,
2024-07-26 01:24:00,CNR2723392666,Success,CID674689,Prime SUV,HSR Layout,Padmanabhanagar,161.0,80.0,Not Applicable,Not Applicable,No,Not Applicable,761,UPI,15,3.2,4.2
2024-07-02 23:48:00,CNR5791197094,Success,CID625634,eBike,Bannerghatta Road,Rajarajeshwari Nagar,49.0,135.0,Not Applicable,Not Applicable,No,Not Applicable,146,Cash,34,4.5,4.5
2024-07-29 03:44:00,CNR5369208150,Success,CID603045,Prime Sedan,Malleshwaram,Sarjapur Road,182.0,25.0,Not Applicable,Not Applicable,No,Not Applicable,174,UPI,8,4.6,4.3
2024-07-05 18:27:00,CNR9780691752,Success,CID108146,Auto,Richmond Town,JP Nagar,252.0,120.0,Not Applicable,Not Applicable,No,Not Applicable,195,Cash,19,4.4,4.4
2024-07-08 09:29:00,CNR3860694783,Success,CID710753,Prime Sedan,Rajajinagar,Vijayanagar,49.0,35.0,Not Applicable,Not Applicable,No,Not Applicable,195,Cash,21,4.3,3.7
2024-07-29 09:31:00,CNR4228061995,Driver Not Found,CID378700,Auto,Richmond Town,Hennur,,,Not Applicable,Not Applicable,Not Applicable,Not Applicable,373,Not Applicable,0,,
2024-07-30 09:43:00,CNR5265272882,Success,CID378082,Prime Plus,Majestic,JP Nagar,301.0,55.0,Not Applicable,Not Applicable,No,Not Applicable,627,UPI,25,3.5,4.7
2024-07-09 23:06:00,CNR2731122809,Canceled by Driver,CID853334,Auto,Ulsoor,Mysore Road,,,Not Applicable,Personal & Car related issue,Not Applicable,Not Applicable,764,Not Applicable,0,,
2024-07-26 14:26:00,CNR2684993731,Success,CID653705,Prime Plus,Hennur,Mysore Road,224.0,140.0,Not Applicable,Not Applicable,No,Not Applicable,213,UPI,38,4.8,3.0
2024-07-02 14:02:00,CNR5760158074,Success,CID987227,eBike,Peenya,Shivajinagar,210.0,75.0,Not Applicable,Not Applicable,No,Not Applicable,134,Cash,28,4.4,4.8
2024-07-29 03:12:00,CNR8052285011,Canceled by Driver,CID176238,Prime SUV,JP Nagar,Majestic,,,Not Applicable,Personal & Car related issue,Not Applicable,Not Applicable,1207,Not Applicable,0,,
2024-07-05 08:51:00,CNR3085074835,Driver Not Found,CID631387,Auto,HSR Layout,Padmanabhanagar,,,Not Applicable,Not Applicable,Not Applicable,Not Applicable,204,Not Applicable,0,,
2024-07-20 10:44:00,CNR8851208067,Canceled by Driver,CID574420,Mini,Sarjapur Road,Hennur,,,Not Applicable,Customer related issue,Not Applicable,Not Applicable,457,Not Applicable,0,,
2024-07-28 22:41:00,CNR1410545631,Success,CID955714,Prime Sedan,Varthur,Ramamurthy Nagar,49.0,60.0,Not Applicable,Not Applicable,No,Not Applicable,352,UPI,6,4.5,3.4
2024-07-23 12:47:00,CNR6076028030,Success,CID918446,Prime Plus,Sahakar Nagar,Devanahalli,224.0,85.0,Not Applicable,Not Applicable,No,Not Applicable,364,Cash,46,4.3,4.3
2024-07-01 22:07:00,CNR7462025264,Canceled by Customer,CID326827,Prime SUV,Ulsoor,Ramamurthy Nagar,,,Driver asked to cancel,Not Applicable,Not Applicable,Not Applicable,647,Not Applicable,0,,
2024-07-08 13:23:00,CNR5667523421,Driver Not Found,CID304246,Prime Plus,Majestic,Kadugodi,,,Not Applicable,Not Applicable,Not Applicable,Not Applicable,385,Not Applicable,0,,
2024-07-28 16:57:00,CNR2890532236,Driver Not Found,CID488161,Bike,MG Road,Basavanagudi,,,Not Applicable,Not Applicable,Not Applicable,Not Applicable,313,Not Applicable,0,,
2024-07-06 03:08:00,CNR4277961844,Success,CID552472,Prime Plus,Electronic City,Ulsoor,126.0,60.0,Not Applicable,Not Applicable,No,Not Applicable,855,UPI,30,4.6,3.8
2024-07-25 21:34:00,CNR8870997123,Success,CID254433,Mini,KR Puram,KR Puram,266.0,90.0,Not Applicable,Not Applicable,Yes,Vehicle Breakdown,2402,Cash,46,3.4,3.9
2024-07-22 22:22:00,CNR9722096963,Canceled by Driver,CID454589,Prime SUV,Malleshwaram,Ulsoor,,,Not Applicable,Customer related issue,Not Applicable,Not Applicable,194,Not Applicable,0,,
2024-07-17 10:19:00,CNR9630426974,Canceled by Customer,CID896552,Mini,Majestic,Jayanagar,,,Change of plans,Not Applicable,Not Applicable,Not Applicable,341,Not Applicable,0,,
2024-07-14 06:34:00,CNR2975594366,Canceled by Customer,CID280876,Prime Sedan,Rajarajeshwari Nagar,JP Nagar,,,Driver is not moving towards pickup location,Not Applicable,Not Applicable,Not Applicable,2404,Not Applicable,0,,
2024-07-01 07:54:00,CNR1814370124,Success,CID670541,eBike,Majestic,Padmanabhanagar,266.0,125.0,Not Applicable,Not Applicable,No,Not Applicable,625,UPI,31,4.5,3.6
2024-07-19 08:26:00,CNR6942063921,Canceled by Driver,CID458177,Auto,Electronic City,Langford Town,,,Not Applicable,Customer related issue,Not Applicable,Not Applicable,570,Not Applicable,0,,
2024-07-04 17:44:00,CNR8832022034,Driver Not Found,CID326654,Bike,KR Puram,MG Road,,,Not Applicable,Not Applicable,Not Applicable,Not Applicable,412,Not Applicable,0,,
2024-07-29 15:51:00,CNR4415220182,Success,CID281424,Bike,Tumkur Road,Varthur,49.0,85.0,Not Applicable,Not Applicable,No,Not Applicable,290,UPI,18,4.8,4.6
2024-07-13 16:58:00,CNR3152911114,Success,CID256580,Auto,Basavanagudi,JP Nagar,287.0,120.0,Not Applicable,Not Applicable,No,Not Applicable,395,UPI,9,4.7,3.5
2024-07-19 03:52:00,CNR5922901745,Success,CID217081,Prime SUV,Hulimavu,Cox Town,133.0,30.0,Not Applicable,Not Applicable,No,Not Applicable,318,Cash,21,3.0,4.7
2024-07-03 19:47:00,CNR3810688901,Success,CID448936,Bike,Yelahanka,Magadi Road,259.0,40.0,Not Applicable,Not Applicable,No,Not Applicable,445,Cash,27,4.1,3.4
2024-07-25 04:08:00,CNR4609424982,Canceled by Driver,CID787386,Bike,Cox Town,Hennur,,,Not Applicable,Personal & Car related issue,Not Applicable,Not Applicable,235,Not Applicable,0,,
2024-07-18 10:40:00,CNR2948640941,Success,CID545159,Mini,RT Nagar,Indiranagar,224.0,50.0,Not Applicable,Not Applicable,No,Not Applicable,495,Cash,7,4.6,3.2
2024-07-29 19:04:00,CNR9489720049,Success,CID581842,Prime Sedan,Kammanahalli,Shantinagar,133.0,130.0,Not Applicable,Not Applicable,No,Not Applicable,267,Debit Card,23,4.9,3.8
2024-07-01 02:37:00,CNR3933524051,Success,CID373911,Auto,Cox Town,Whitefield,280.0,90.0,Not Applicable,Not Applicable,No,Not Applicable,144,Cash,5,3.4,4.4
2024-07-10 18:15:00,CNR4847201498,Canceled by Driver,CID932268,Prime Sedan,Hennur,Malleshwaram,,,Not Applicable,Personal & Car related issue,Not Applicable,Not Applicable,1156,Not Applicable,0,,
2024-07-25 11:59:00,CNR3232053774,Success,CID504500,Mini,Yeshwanthpur,Kadugodi,182.0,30.0,Not Applicable,Not Applicable,No,Not Applicable,486,Cash,47,4.1,4.2
2024-07-17 12:01:00,CNR3062823640,Success,CID862218,Mini,Shivajinagar,Rajajinagar,49.0,140.0,Not Applicable,Not Applicable,No,Not Applicable,239,Credit Card,23,3.2,4.5
2024-07-27 07:24:00,CNR3134389062,Success,CID261838,eBike,Nagarbhavi,Mysore Road,140.0,125.0,Not Applicable,Not Applicable,No,Not Applicable,545,UPI,13,4.8,3.9
2024-07-20 23:02:00,CNR5874543178,Success,CID622267,Auto,Rajajinagar,Tumkur Road,98.0,125.0,Not Applicable,Not Applicable,No,Not Applicable,330,Cash,10,3.7,3.8
2024-07-11 09:41:00,CNR5966115947,Canceled by Customer,CID344182,Prime Plus,Majestic,Banashankari,,,Driver asked to cancel,Not Applicable,Not Applicable,Not Applicable,224,Not Applicable,0,,
2024-07-08 21:16:00,CNR1287404294,Success,CID254792,Prime SUV,Cox Town,Mysore Road,147.0,55.0,Not Applicable,Not Applicable,No,Not Applicable,160,Credit Card,26,3.8,4.9
2024-07-11 17:40:00,CNR5616880199,Success,CID872430,Auto,Ramamurthy Nagar,Ulsoor,217.0,25.0,Not Applicable,Not Applicable,No,Not Applicable,273,UPI,13,4.2,4.2
2024-07-09 00:19:00,CNR9497817678,Success,CID725724,Prime Plus,Jayanagar,Rajajinagar,259.0,95.0,Not Applicable,Not Applicable,No,Not Applicable,185,UPI,24,4.1,4.1
2024-07-10 16:47:00,CNR5148078290,Success,CID880959,Bike,Basavanagudi,Tumkur Road,105.0,105.0,Not Applicable,Not Applicable,No,Not Applicable,453,Cash,37,3.2,4.9
2024-07-01 05:42:00,CNR5741842318,Success,CID131193,Mini,JP Nagar,Majestic,182.0,90.0,Not Applicable,Not Applicable,No,Not Applicable,676,UPI,14,4.0,4.0
2024-07-20 01:07:00,CNR2852034436,Canceled by Driver,CID174556,Mini,Padmanabhanagar,Kadugodi,,,Not Applicable,Customer related issue,Not Applicable,Not Applicable,484,Not Applicable,0,,
2024-07-01 05:44:00,CNR5387677718,Success,CID881748,Bike,Kengeri,MG Road,308.0,35.0,Not Applicable,Not Applicable,No,Not Applicable,184,UPI,2,3.6,5.0
2024-07-21 09:58:00,CNR6695535082,Canceled by Driver,CID348755,Bike,Ramamurthy Nagar,Kengeri,,,Not Applicable,Customer was coughing/sick,Not Applicable,Not Applicable,717,Not Applicable,0,,
2024-07-12 13:50:00,CNR3986573572,Success,CID600142,eBike,Koramangala,Hebbal,98.0,45.0,Not Applicable,Not Applicable,No,Not Applicable,442,Cash,1,5.0,4.6
2024-07-19 16:05:00,CNR5368895056,Success,CID196597,eBike,Whitefield,Majestic,147.0,130.0,Not Applicable,Not Applicable,No,Not Applicable,183,Cash,39,3.4,3.4
2024-07-23 16:14:00,CNR2282573638,Canceled by Driver,CID446437,Bike,Electronic City,Nagarbhavi,,,Not Applicable,Customer was coughing/sick,Not Applicable,Not Applicable,1866,Not Applicable,0,,
2024-07-15 19:48:00,CNR4731620289,Success,CID397608,Mini,Shivajinagar,Shantinagar,70.0,100.0,Not Applicable,Not Applicable,No,Not Applicable,978,Cash,11,4.3,4.3
2024-07-23 23:13:00,CNR9005445727,Success,CID146445,Auto,Jayanagar,Ulsoor,182.0,65.0,Not Applicable,Not Applicable,No,Not Applicable,213,Cash,3,3.5,4.0
2024-07-12 21:52:00,CNR5025734710,Driver Not Found,CID297278,Prime Plus,Basavanagudi,Koramangala,,,Not Applicable,Not Applicable,Not Applicable,Not Applicable,727,Not Applicable,0,,
2024-07-30 07:04:00,CNR1319886587,Canceled by Driver,CID858902,Prime Plus,Basavanagudi,Hosur Road,,,Not Applicable,Customer was coughing/sick,Not Applicable,Not Applicable,153,Not Applicable,0,,
2024-07-10 04:36:00,CNR1965270152,Success,CID807136,Prime Plus,Marathahalli,Mysore Road,63.0,85.0,Not Applicable,Not Applicable,No,Not Applicable,508,Cash,45,3.9,4.0
2024-07-08 17:40:00,CNR2408468186,Success,CID271504,Prime Sedan,Nagarbhavi,Hulimavu,84.0,125.0,Not Applicable,Not Applicable,No,Not Applicable,2929,Cash,28,3.7,4.7
2024-07-22 18:15:00,CNR1896642972,Success,CID895028,Bike,HSR Layout,Hennur,294.0,55.0,Not Applicable,Not Applicable,No,Not Applicable,359,UPI,36,4.0,4.8
2024-07-24 20:20:00,CNR6590204334,Success,CID927686,Prime Sedan,Richmond Town,JP Nagar,70.0,110.0,Not Applicable,Not Applicable,No,Not Applicable,660,Credit Card,13,4.1,4.1
2024-07-22 10:42:00,CNR2847869670,Success,CID129255,Auto,Kengeri,Koramangala,154.0,40.0,Not Applicable,Not Applicable,No,Not Applicable,335,Cash,12,5.0,4.6
2024-07-20 15:51:00,CNR1413837181,Success,CID689484,Mini,HSR Layout,Yeshwanthpur,154.0,65.0,Not Applicable,Not Applicable,No,Not Applicable,443,Cash,48,3.2,3.8
2024-07-06 23:56:00,CNR8567213994,Success,CID407871,Auto,Hebbal,Cox Town,182.0,60.0,Not Applicable,Not Applicable,No,Not Applicable,496,Cash,15,3.4,4.4
2024-07-23 07:11:00,CNR3505403691,Success,CID927526,Mini,Majestic,Ramamurthy Nagar,161.0,30.0,Not Applicable,Not Applicable,No,Not Applicable,313,UPI,9,4.6,3.4
2024-07-22 08:46:00,CNR8756736153,Success,CID263346,Auto,RT Nagar,Nagarbhavi,266.0,75.0,Not Applicable,Not Applicable,Yes,Customer Demand,366,UPI,3,5.0,3.3
2024-07-02 13:23:00,CNR5803133786,Canceled by Driver,CID604448,eBike,Ulsoor,Kadugodi,,,Not Applicable,Personal & Car related issue,Not Applicable,Not Applicable,302,Not Applicable,0,,
2024-07-19 21:51:00,CNR3269410711,Driver Not Found,CID195457,Prime Plus,Basavanagudi,Yelahanka,,,Not Applicable,Not Applicable,Not Applicable,Not Applicable,101,Not Applicable,0,,
2024-07-27 23:56:00,CNR5438630521,Success,CID504035,Auto,Shantinagar,BTM Layout,287.0,85.0,Not Applicable,Not Applicable,No,Not Applicable,980,Cash,10,3.2,3.9
2024-07-01 23:39:00,CNR3448597473,Driver Not Found,CID284106,Prime Plus,Tumkur Road,Hennur,,,Not Applicable,Not Applicable,Not Applicable,Not Applicable,417,Not Applicable,0,,
2024-07-18 20:29:00,CNR3880781707,Canceled by Driver,CID799730,Bike,Ramamurthy Nagar,Chamarajpet,,,Not Applicable,More than permitted people in there,Not Applicable,Not Applicable,287,Not Applicable,0,,
2024-07-25 01:07:00,CNR2756473173,Success,CID314531,Prime SUV,Padmanabhanagar,Kammanahalli,189.0,70.0,Not Applicable,Not Applicable,No,Not Applicable,398,Cash,45,4.7,4.7
2024-07-29 14:37:00,CNR6820424156,Success,CID174311,Mini,Langford Town,Hulimavu,119.0,90.0,Not Applicable,Not Applicable,No,Not Applicable,364,UPI,1,4.9,4.3
2024-07-01 02:23:00,CNR1109173101,Success,CID130633,Mini,MG Road,Bannerghatta Road,112.0,25.0,Not Applicable,Not Applicable,No,Not Applicable,174,Cash,45,4.9,4.5
2024-07-04 05:24:00,CNR3264470933,Canceled by Driver,CID259647,Bike,Malleshwaram,Banashankari,,,Not Applicable,Personal & Car related issue,Not Applicable,Not Applicable,460,Not Applicable,0,,
2024-07-12 21:12:00,CNR6019547397,Success,CID125000,Bike,Peenya,Shivajinagar,49.0,140.0,Not Applicable,Not Applicable,No,Not Applicable,376,UPI,39,3.4,3.7
2024-07-29 22:21:00,CNR2111020891,Success,CID655487,Mini,Basavanagudi,Cox Town,308.0,115.0,Not Applicable,Not Applicable,No,Not Applicable,465,Cash,31,4.2,4.0
2024-07-17 15:24:00,CNR8494813950,Success,CID289745,Prime Plus,Yeshwanthpur,Shantinagar,182.0,55.0,Not Applicable,Not Applicable,No,Not Applicable,428,Cash,33,3.6,4.8
2024-07-09 05:49:00,CNR4553762115,Success,CID325717,Prime Plus,Kammanahalli,Hosur Road,133.0,110.0,Not Applicable,Not Applicable,No,Not Applicable,1527,UPI,4,3.5,3.1
2024-07-30 19:46:00,CNR8446968362,Success,CID823868,Prime SUV,RT Nagar,Peenya,238.0,40.0,Not Applicable,Not Applicable,No,Not Applicable,237,UPI,10,3.4,3.9
2024-07-06 21:39:00,CNR6644901640,Canceled by Customer,CID114996,eBike,Frazer Town,Marathahalli,,,Driver asked to cancel,Not Applicable,Not Applicable,Not Applicable,207,Not Applicable,0,,
2024-07-26 14:40:00,CNR8520536670,Success,CID254383,Prime Plus,Rajajinagar,Kengeri,238.0,60.0,Not Applicable,Not Applicable,No,Not Applicable,325,UPI,42,4.5,4.2
2024-07-04 13:21:00,CNR5547923316,Success,CID757690,Prime SUV,HSR Layout,Peenya,245.0,115.0,Not Applicable,Not Applicable,No,Not Applicable,445,Cash,8,3.4,4.4
2024-07-07 19:30:00,CNR2849216184,Success,CID412422,Prime Sedan,Bannerghatta Road,Mysore Road,294.0,125.0,Not Applicable,Not Applicable,No,Not Applicable,393,Cash,30,3.1,3.3
2024-07-15 16:30:00,CNR6538915597,Success,CID355295,Mini,KR Puram,Hebbal,266.0,80.0,Not Applicable,Not Applicable,No,Not Applicable,341,Cash,28,3.4,4.1
2024-07-27 18:23:00,CNR8619213265,Canceled by Customer,CID126621,eBike,Bellandur,Rajajinagar,,,Change of plans,Not Applicable,Not Applicable,Not Applicable,969,Not Applicable,0,,
2024-07-23 17:47:00,CNR4487613662,Canceled by Driver,CID788175,Mini,Magadi Road,Majestic,,,Not Applicable,Personal & Car related issue,Not Applicable,Not Applicable,367,Not Applicable,0,,
2024-07-07 15:04:00,CNR3340205401,Canceled by Driver,CID510352,Bike,Varthur,Malleshwaram,,,Not Applicable,Customer related issue,Not Applicable,Not Applicable,200,Not Applicable,0,,
2024-07-11 22:51:00,CNR4237630748,Success,CID653548,Prime Plus,Varthur,Kengeri,266.0,115.0,Not Applicable,Not Applicable,No,Not Applicable,366,Cash,32,4.5,4.8
2024-07-09 09:10:00,CNR1633974237,Success,CID815559,Auto,Langford Town,Hulimavu,70.0,75.0,Not Applicable,Not Applicable,No,Not Applicable,319,Cash,10,4.7,4.5
2024-07-03 20:50:00,CNR9442458842,Canceled by Driver,CID778156,Prime Plus,Ramamurthy Nagar,Nagarbhavi,,,Not Applicable,Customer was coughing/sick,Not Applicable,Not Applicable,177,Not Applicable,0,,
2024-07-19 09:19:00,CNR4329317788,Success,CID588153,Mini,Shivajinagar,Nagarbhavi,231.0,110.0,Not Applicable,Not Applicable,No,Not Applicable,493,UPI,16,4.5,3.7
2024-07-14 01:33:00,CNR8737233105,Success,CID457823,Prime SUV,Magadi Road,Hebbal,301.0,100.0,Not Applicable,Not Applicable,No,Not Applicable,291,Cash,19,3.7,4.7
2024-07-13 08:29:00,CNR4553210322,Success,CID666129,Prime Plus,JP Nagar,KR Puram,98.0,110.0,Not Applicable,Not Applicable,No,Not Applicable,329,Cash,17,3.8,3.2
2024-07-26 22:40:00,CNR4593573026,Success,CID857057,Prime SUV,Vijayanagar,JP Nagar,238.0,25.0,Not Applicable,Not Applicable,No,Not Applicable,444,Cash,27,3.4,3.9
2024-07-01 21:16:00,CNR9637027806,Driver Not Found,CID894793,Prime SUV,Yeshwanthpur,Majestic,,,Not Applicable,Not Applicable,Not Applicable,Not Applicable,415,Not Applicable,0,,
2024-07-20 03:55:00,CNR6133957969,Driver Not Found,CID730108,Auto,Magadi Road,BTM Layout,,,Not Applicable,Not Applicable,Not Applicable,Not Applicable,332,Not Applicable,0,,
2024-07-10 21:46:00,CNR2742825111,Success,CID284248,eBike,Basavanagudi,Hebbal,196.0,90.0,Not Applicable,Not Applicable,No,Not Applicable,403,Cash,13,3.4,4.8
2024-07-14 08:49:00,CNR5404314089,Canceled by Driver,CID121987,Prime Sedan,Kammanahalli,Hennur,,,Not Applicable,Personal & Car related issue,Not Applicable,Not Applicable,955,Not Applicable,0,,
2024-07-05 09:30:00,CNR3669162068,Success,CID270130,Auto,Hulimavu,BTM Layout,42.0,140.0,Not Applicable,Not Applicable,No,Not Applicable,213,Cash,10,4.1,3.9
2024-07-14 10:37:00,CNR6959365970,Success,CID631973,eBike,Bannerghatta Road,Ramamurthy Nagar,119.0,65.0,Not Applicable,Not Applicable,No,Not Applicable,136,UPI,34,3.0,4.1
2024-07-09 10:19:00,CNR6156372807,Success,CID349411,Prime SUV,Yeshwanthpur,Hulimavu,203.0,115.0,Not Applicable,Not Applicable,No,Not Applicable,594,Cash,26,3.9,4.0
2024-07-17 02:55:00,CNR9635864163,Success,CID797272,Prime Plus,Whitefield,Richmond Town,154.0,145.0,Not Applicable,Not Applicable,No,Not Applicable,162,Cash,49,3.9,3.3
2024-07-26 12:29:00,CNR2765645497,Canceled by Driver,CID771379,Auto,Kengeri,Majestic,,,Not Applicable,Personal & Car related issue,Not Applicable,Not Applicable,1310,Not Applicable,0,,
2024-07-09 01:26:00,CNR8822979782,Success,CID829215,Prime Sedan,Ramamurthy Nagar,Majestic,112.0,125.0,Not Applicable,Not Applicable,No,Not Applicable,885,UPI,39,4.2,3.5
2024-07-20 06:35:00,CNR5766426576,Canceled by Customer,CID633234,Auto,Malleshwaram,Basavanagudi,,,Driver asked to cancel,Not Applicable,Not Applicable,Not Applicable,423,Not Applicable,0,,
2024-07-26 15:23:00,CNR8543627414,Success,CID765538,Bike,Chamarajpet,Jayanagar,175.0,140.0,Not Applicable,Not Applicable,No,Not Applicable,351,Cash,5,4.1,3.0
2024-07-10 04:00:00,CNR3453039313,Success,CID160492,Bike,Yeshwanthpur,KR Puram,56.0,30.0,Not Applicable,Not Applicable,No,Not Applicable,2540,Cash,49,4.7,3.1
2024-07-13 08:03:00,CNR8997226138,Canceled by Driver,CID215695,Prime Plus,Chamarajpet,Langford Town,,,Not Applicable,Customer related issue,Not Applicable,Not Applicable,255,Not Applicable,0,,
2024-07-15 10:39:00,CNR9044323319,Driver Not Found,CID195042,eBike,Chickpet,Peenya,,,Not Applicable,Not Applicable,Not Applicable,Not Applicable,841,Not Applicable,0,,
2024-07-29 05:52:00,CNR6857994184,Canceled by Driver,CID339958,Bike,Hosur Road,Vijayanagar,,,Not Applicable,Customer related issue,Not Applicable,Not Applicable,127,Not Applicable,0,,
2024-07-04 23:45:00,CNR7986160255,Driver Not Found,CID663872,Prime Sedan,Shivajinagar,Padmanabhanagar,,,Not Applicable,Not Applicable,Not Applicable,Not Applicable,843,Not Applicable,0,,
2024-07-23 04:59:00,CNR6287830119,Canceled by Driver,CID740856,Prime SUV,Indiranagar,Koramangala,,,Not Applicable,More than permitted people in there,Not Applicable,Not Applicable,653,Not Applicable,0,,
2024-07-29 07:15:00,CNR9278141614,Canceled by Driver,CID142737,Bike,Magadi Road,Rajarajeshwari Nagar,,,Not Applicable,Customer related issue,Not Applicable,Not Applicable,2015,Not Applicable,0,,
2024-07-29 18:15:00,CNR7869557529,Success,CID530835,Bike,Banashankari,Padmanabhanagar,112.0,115.0,Not Applicable,Not Applicable,No,Not Applicable,471,Cash,25,3.7,3.3
2024-07-08 04:30:00,CNR1704174425,Canceled by Driver,CID765645,Mini,Hebbal,Kengeri,,,Not Applicable,Customer related issue,Not Applicable,Not Applicable,389,Not Applicable,0,,
2024-07-24 17:07:00,CNR7022785424,Canceled by Driver,CID598191,Mini,Cox Town,Mysore Road,,,Not Applicable,Customer was coughing/sick,Not Applicable,Not Applicable,467,Not Applicable,0,,
2024-07-11 02:02:00,CNR3071439784,Success,CID950144,Prime Sedan,Yelahanka,Varthur,147.0,55.0,Not Applicable,Not Applicable,No,Not Applicable,475,Cash,11,3.4,5.0
2024-07-26 23:40:00,CNR9194222271,Success,CID432513,Auto,Yelahanka,Padmanabhanagar,245.0,40.0,Not Applicable,Not Applicable,No,Not Applicable,158,Cash,14,3.1,4.0
2024-07-02 14:24:00,CNR2544010599,Canceled by Customer,CID536054,Mini,BTM Layout,Shantinagar,,,AC is Not working,Not Applicable,Not Applicable,Not Applicable,467,Not Applicable,0,,
2024-07-10 19:38:00,CNR4937426885,Success,CID863539,Auto,BTM Layout,MG Road,259.0,100.0,Not Applicable,Not Applicable,No,Not Applicable,771,Cash,11,4.7,4.9
2024-07-24 17:24:00,CNR2608446628,Success,CID431473,Bike,Yelahanka,MG Road,63.0,115.0,Not Applicable,Not Applicable,No,Not Applicable,299,Cash,10,4.8,4.7
2024-07-19 14:10:00,CNR4075793459,Driver Not Found,CID583412,Prime SUV,Sarjapur Road,Hulimavu,,,Not Applicable,Not Applicable,Not Applicable,Not Applicable,455,Not Applicable,0,,
2024-07-30 06:34:00,CNR6298044239,Success,CID327645,eBike,Shivajinagar,Rajajinagar,287.0,40.0,Not Applicable,Not Applicable,No,Not Applicable,191,Cash,43,4.5,4.8
2024-07-06 15:20:00,CNR5683490543,Canceled by Customer,CID883474,Prime SUV,Yelahanka,Vijayanagar,,,Change of plans,Not Applicable,Not Applicable,Not Applicable,121,Not Applicable,0,,
2024-07-05 18:01:00,CNR7043764410,Canceled by Driver,CID144735,Prime SUV,Shantinagar,Vijayanagar,,,Not Applicable,Customer was coughing/sick,Not Applicable,Not Applicable,179,Not Applicable,0,,
2024-07-17 14:54:00,CNR5605040260,Success,CID433166,Auto,Shivajinagar,HSR Layout,91.0,100.0,Not Applicable,Not Applicable,No,Not Applicable,912,Cash,6,3.6,5.0
2024-07-16 16:45:00,CNR9826772298,Success,CID412327,Bike,Kadugodi,Shivajinagar,56.0,60.0,Not Applicable,Not Applicable,Yes,Vehicle Breakdown,309,Cash,42,3.4,4.0
2024-07-27 10:33:00,CNR5218678082,Canceled by Driver,CID483275,Prime Plus,Yeshwanthpur,Banashankari,,,Not Applicable,More than permitted people in there,Not Applicable,Not Applicable,2081,Not Applicable,0,,
2024-07-01 15:07:00,CNR3560499851,Success,CID538027,Prime SUV,Hosur Road,Kengeri,189.0,135.0,Not Applicable,Not Applicable,No,Not Applicable,233,Cash,43,4.9,3.9
2024-07-08 08:21:00,CNR3432945772,Canceled by Driver,CID499400,Mini,KR Puram,Chickpet,,,Not Applicable,Personal & Car related issue,Not Applicable,Not Applicable,1918,Not Applicable,0,,
2024-07-28 23:02:00,CNR7432858651,Success,CID201977,Prime Sedan,Shivajinagar,Whitefield,126.0,55.0,Not Applicable,Not Applicable,Yes,Other Issue,333,Cash,11,3.6,4.1
2024-07-07 10:30:00,CNR2819170934,Success,CID189420,Prime SUV,JP Nagar,Majestic,154.0,130.0,Not Applicable,Not Applicable,No,Not Applicable,346,Credit Card,46,3.6,4.6
2024-07-22 07:34:00,CNR6827243617,Canceled by Driver,CID280164,Auto,Indiranagar,Padmanabhanagar,,,Not Applicable,Personal & Car related issue,Not Applicable,Not Applicable,106,Not Applicable,0,,
2024-07-03 12:37:00,CNR1017297364,Success,CID438451,Prime SUV,Chickpet,BTM Layout,245.0,145.0,Not Applicable,Not Applicable,Yes,Vehicle Breakdown,1038,UPI,32,4.4,3.7
2024-07-12 19:17:00,CNR5029278986,Success,CID588516,eBike,Shivajinagar,Electronic City,119.0,115.0,Not Applicable,Not Applicable,No,Not Applicable,141,Cash,29,3.8,4.5
2024-07-20 01:22:00,CNR3212774273,Success,CID100378,Prime Plus,Kengeri,Richmond Town,105.0,115.0,Not Applicable,Not Applicable,No,Not Applicable,723,UPI,2,5.0,3.2
2024-07-19 10:01:00,CNR4154290790,Canceled by Driver,CID486118,Mini,Frazer Town,Frazer Town,,,Not Applicable,Personal & Car related issue,Not Applicable,Not Applicable,290,Not Applicable,0,,
2024-07-25 16:20:00,CNR2825518774,Driver Not Found,CID420715,Mini,Basavanagudi,Indiranagar,,,Not Applicable,Not Applicable,Not Applicable,Not Applicable,282,Not Applicable,0,,
2024-07-21 10:44:00,CNR6217349968,Success,CID599381,eBike,Hennur,Majestic,231.0,55.0,Not Applicable,Not Applicable,No,Not Applicable,415,UPI,36,4.1,3.5
2024-07-07 02:31:00,CNR3305581646,Canceled by Driver,CID399035,Prime Sedan,KR Puram,Bellandur,,,Not Applicable,Customer was coughing/sick,Not Applicable,Not Applicable,612,Not Applicable,0,,
2024-07-03 21:17:00,CNR6579440715,Success,CID600043,Bike,Shantinagar,Electronic City,126.0,85.0,Not Applicable,Not Applicable,No,Not Applicable,478,UPI,28,3.1,4.1
2024-07-08 13:06:00,CNR6558507582,Canceled by Driver,CID664135,Prime Plus,Rajarajeshwari Nagar,Whitefield,,,Not Applicable,Personal & Car related issue,Not Applicable,Not Applicable,102,Not Applicable,0,,
2024-07-09 09:29:00,CNR9199801776,Success,CID448702,Mini,Ramamurthy Nagar,Devanahalli,301.0,70.0,Not Applicable,Not Applicable,No,Not Applicable,316,UPI,4,4.9,3.5
2024-07-27 02:41:00,CNR8075149838,Success,CID557877,Prime Sedan,Yelahanka,Mysore Road,203.0,65.0,Not Applicable,Not Applicable,No,Not Applicable,248,UPI,36,4.0,3.8
2024-07-19 12:01:00,CNR9371150374,Success,CID675633,Mini,Peenya,Kadugodi,140.0,85.0,Not Applicable,Not Applicable,No,Not Applicable,728,UPI,31,3.9,4.1
2024-07-29 14:55:00,CNR6466543368,Canceled by Customer,CID664246,Prime Plus,Hulimavu,Yeshwanthpur,,,Driver asked to cancel,Not Applicable,Not Applicable,Not Applicable,248,Not Applicable,0,,
2024-07-26 08:29:00,CNR7681061705,Success,CID601685,Bike,Hosur Road,Shivajinagar,70.0,120.0,Not Applicable,Not Applicable,No,Not Applicable,1578,UPI,16,4.6,4.0
2024-07-18 16:57:00,CNR1746639872,Success,CID399243,Mini,Rajajinagar,Basavanagudi,287.0,105.0,Not Applicable,Not Applicable,No,Not Applicable,298,UPI,21,4.4,4.7
2024-07-06 20:47:00,CNR1770337729,Success,CID633129,eBike,Hebbal,Richmond Town,112.0,65.0,Not Applicable,Not Applicable,No,Not Applicable,322,Cash,24,5.0,4.9
2024-07-19 22:33:00,CNR4714737076,Driver Not Found,CID446405,eBike,Devanahalli,Vijayanagar,,,Not Applicable,Not Applicable,Not Applicable,Not Applicable,291,Not Applicable,0,,
2024-07-06 08:14:00,CNR8936778089,Success,CID664288,Prime SUV,Kammanahalli,JP Nagar,168.0,115.0,Not Applicable,Not Applicable,No,Not Applicable,438,Cash,19,4.1,4.0
2024-07-06 09:38:00,CNR8038594543,Driver Not Found,CID866544,Auto,Rajarajeshwari Nagar,Ramamurthy Nagar,,,Not Applicable,Not Applicable,Not Applicable,Not Applicable,395,Not Applicable,0,,
2024-07-27 21:02:00,CNR2736774954,Canceled by Customer,CID968867,Auto,Bellandur,Tumkur Road,,,Driver is not moving towards pickup location,Not Applicable,Not Applicable,Not Applicable,2627,Not Applicable,0,,
2024-07-02 19:33:00,CNR5154953342,Success,CID908108,Bike,Jayanagar,Magadi Road,231.0,75.0,Not Applicable,Not Applicable,No,Not Applicable,374,UPI,13,3.7,4.5
2024-07-21 09:45:00,CNR2161719355,Driver Not Found,CID939414,Auto,Yeshwanthpur,Indiranagar,,,Not Applicable,Not Applicable,Not Applicable,Not Applicable,407,Not Applicable,0,,
2024-07-05 03:33:00,CNR1714003116,Canceled by Customer,CID348900,eBike,Peenya,Vijayanagar,,,Driver is not moving towards pickup location,Not Applicable,Not Applicable,Not Applicable,147,Not Applicable,0,,
2024-07-09 01:22:00,CNR9538047976,Success,CID491511,Auto,Mysore Road,Mysore Road,266.0,30.0,Not Applicable,Not Applicable,No,Not Applicable,472,Credit Card,7,3.9,3.8
2024-07-26 14:55:00,CNR5888254886,Driver Not Found,CID730138,Prime Sedan,Padmanabhanagar,Tumkur Road,,,Not Applicable,Not Applicable,Not Applicable,Not Applicable,354,Not Applicable,0,,
2024-07-15 20:42:00,CNR8202004012,Success,CID258276,Bike,Hennur,Kammanahalli,63.0,115.0,Not Applicable,Not Applicable,No,Not Applicable,219,Cash,24,4.3,4.2
2024-07-04 03:09:00,CNR5477914225,Success,CID881789,Auto,Shantinagar,Padmanabhanagar,189.0,120.0,Not Applicable,Not Applicable,No,Not Applicable,133,UPI,18,3.7,3.8
2024-07-24 22:43:00,CNR4448030629,Success,CID483743,Mini,Yeshwanthpur,JP Nagar,266.0,50.0,Not Applicable,Not Applicable,No,Not Applicable,2609,Cash,41,4.7,4.9
2024-07-16 06:10:00,CNR5843075111,Driver Not Found,CID306757,Prime Plus,Tumkur Road,Tumkur Road,,,Not Applicable,Not Applicable,Not Applicable,Not Applicable,317,Not Applicable,0,,
2024-07-06 05:47:00,CNR2002039674,Canceled by Driver,CID788248,Bike,Electronic City,Nagarbhavi,,,Not Applicable,Personal & Car related issue,Not Applicable,Not Applicable,436,Not Applicable,0,,
2024-07-01 23:37:00,CNR2335242570,Success,CID695180,Prime Sedan,Rajarajeshwari Nagar,Richmond Town,35.0,85.0,Not Applicable,Not Applicable,No,Not Applicable,403,Cash,44,4.9,3.5
2024-07-12 19:53:00,CNR3776367381,Success,CID646011,Prime Sedan,Rajajinagar,RT Nagar,203.0,75.0,Not Applicable,Not Applicable,No,Not Applicable,370,UPI,10,3.6,4.0
2024-07-12 02:42:00,CNR6654901022,Canceled by Customer,CID377143,Prime Plus,Bellandur,Hennur,,,Driver asked to cancel,Not Applicable,Not Applicable,Not Applicable,430,Not Applicable,0,,
2024-07-20 11:33:00,CNR8631028029,Canceled by Customer,CID529277,Prime SUV,Vijayanagar,Frazer Town,,,Driver asked to cancel,Not Applicable,Not Applicable,Not Applicable,262,Not Applicable,0,,
2024-07-27 09:48:00,CNR3798819160,Success,CID121723,Prime Sedan,Vijayanagar,Hulimavu,56.0,40.0,Not Applicable,Not Applicable,No,Not Applicable,917,Cash,16,5.0,4.5
2024-07-08 12:35:00,CNR2737354732,Canceled by Driver,CID159533,Auto,Kengeri,Whitefield,,,Not Applicable,Customer was coughing/sick,Not Applicable,Not Applicable,228,Not Applicable,0,,
2024-07-16 22:02:00,CNR1508207203,Success,CID662411,Mini,HSR Layout,Hennur,210.0,105.0,Not Applicable,Not Applicable,No,Not Applicable,339,Cash,39,3.8,3.6
2024-07-15 05:13:00,CNR8183328609,Driver Not Found,CID844569,Prime SUV,Majestic,Yeshwanthpur,,,Not Applicable,Not Applicable,Not Applicable,Not Applicable,331,Not Applicable,0,,
2024-07-10 11:11:00,CNR9487117667,Success,CID794061,Mini,Vijayanagar,HSR Layout,273.0,30.0,Not Applicable,Not Applicable,No,Not Applicable,2950,Cash,14,3.5,3.3
2024-07-14 16:02:00,CNR5030530651,Success,CID972930,Mini,Cox Town,Vijayanagar,231.0,125.0,Not Applicable,Not Applicable,No,Not Applicable,240,UPI,20,3.4,4.5
2024-07-26 10:01:00,CNR2465080288,Canceled by Driver,CID487688,Prime SUV,MG Road,Chamarajpet,,,Not Applicable,Personal & Car related issue,Not Applicable,Not Applicable,842,Not Applicable,0,,
2024-07-13 16:39:00,CNR3714731339,Canceled by Driver,CID613090,Bike,Rajajinagar,Vijayanagar,,,Not Applicable,Personal & Car related issue,Not Applicable,Not Applicable,185,Not Applicable,0,,
2024-07-17 14:17:00,CNR1217484824,Canceled by Driver,CID471491,eBike,Hosur Road,Basavanagudi,,,Not Applicable,Customer related issue,Not Applicable,Not Applicable,302,Not Applicable,0,,
2024-07-28 22:27:00,CNR5241165311,Canceled by Driver,CID522173,Prime Plus,Tumkur Road,Cox Town,,,Not Applicable,Personal & Car related issue,Not Applicable,Not Applicable,572,Not Applicable,0,,
2024-07-05 14:30:00,CNR5862008771,Success,CID813514,Prime SUV,Banashankari,Shivajinagar,182.0,90.0,Not Applicable,Not Applicable,No,Not Applicable,844,Cash,38,3.8,4.6
2024-07-06 07:41:00,CNR8661493726,Success,CID318337,Prime Sedan,Whitefield,Indiranagar,98.0,115.0,Not Applicable,Not Applicable,No,Not Applicable,179,Credit Card,21,3.6,4.7
2024-07-16 13:27:00,CNR2377119397,Success,CID762378,eBike,Hennur,Koramangala,252.0,25.0,Not Applicable,Not Applicable,No,Not Applicable,980,UPI,5,4.1,3.1
2024-07-06 18:27:00,CNR4397521387,Success,CID333232,Mini,Hebbal,Vijayanagar,231.0,110.0,Not Applicable,Not Applicable,No,Not Applicable,411,UPI,27,3.5,3.1
2024-07-19 22:56:00,CNR6794467233,Success,CID185659,eBike,Hebbal,Padmanabhanagar,280.0,25.0,Not Applicable,Not Applicable,No,Not Applicable,527,Cash,19,3.8,3.2
2024-07-21 06:22:00,CNR7725385390,Success,CID565589,eBike,KR Puram,Richmond Town,203.0,105.0,Not Applicable,Not Applicable,No,Not Applicable,422,Cash,20,3.7,4.3
2024-07-15 01:44:00,CNR6549411969,Success,CID406812,Auto,HSR Layout,Richmond Town,259.0,135.0,Not Applicable,Not Applicable,No,Not Applicable,998,UPI,13,3.6,3.6
2024-07-30 12:32:00,CNR2258436372,Success,CID976596,Prime Sedan,Shivajinagar,Bannerghatta Road,105.0,115.0,Not Applicable,Not Applicable,No,Not Applicable,493,UPI,34,4.0,4.4
2024-07-15 11:07:00,CNR5913459034,Success,CID154231,Bike,Kadugodi,Basavanagudi,210.0,95.0,Not Applicable,Not Applicable,No,Not Applicable,268,Cash,33,3.9,3.1
2024-07-13 03:36:00,CNR1170048627,Success,CID652254,Prime Sedan,Yeshwanthpur,Varthur,119.0,75.0,Not Applicable,Not Applicable,No,Not Applicable,970,Cash,2,4.3,4.4
2024-07-25 03:56:00,CNR7466739771,Success,CID310829,Prime Plus,Majestic,Basavanagudi,252.0,135.0,Not Applicable,Not Applicable,No,Not Applicable,577,UPI,11,3.1,4.7
2024-07-27 17:33:00,CNR7739153794,Driver Not Found,CID634282,Auto,Hebbal,Yelahanka,,,Not Applicable,Not Applicable,Not Applicable,Not Applicable,2886,Not Applicable,0,,
2024-07-30 08:07:00,CNR3287014715,Success,CID432099,Mini,Peenya,Indiranagar,245.0,135.0,Not Applicable,Not Applicable,No,Not Applicable,257,UPI,34,4.1,3.8
2024-07-14 21:35:00,CNR8811433154,Success,CID857032,Prime Plus,Indiranagar,BTM Layout,203.0,90.0,Not Applicable,Not Applicable,No,Not Applicable,322,Credit Card,7,4.3,3.8
2024-07-28 09:36:00,CNR1470511232,Success,CID497364,Prime Plus,Ulsoor,Majestic,189.0,115.0,Not Applicable,Not Applicable,No,Not Applicable,430,UPI,11,3.2,3.8
2024-07-26 18:00:00,CNR9130407146,Success,CID473371,Bike,Langford Town,JP Nagar,203.0,80.0,Not Applicable,Not Applicable,No,Not Applicable,240,Cash,7,3.1,4.1
2024-07-29 21:15:00,CNR8716482533,Success,CID226453,Prime Plus,Hulimavu,Varthur,42.0,25.0,Not Applicable,Not Applicable,No,Not Applicable,2154,Cash,30,3.4,3.4
2024-07-23 19:30:00,CNR7695285058,Canceled by Driver,CID126324,Mini,Majestic,Magadi Road,,,Not Applicable,Personal & Car related issue,Not Applicable,Not Applicable,116,Not Applicable,0,,
2024-07-25 12:57:00,CNR4963041570,Success,CID537546,Mini,Sahakar Nagar,Ramamurthy Nagar,133.0,80.0,Not Applicable,Not Applicable,No,Not Applicable,279,UPI,37,3.5,3.4
2024-07-11 11:13:00,CNR1872153863,Success,CID108043,Mini,Mysore Road,KR Puram,280.0,130.0,Not Applicable,Not Applicable,No,Not Applicable,198,Cash,43,3.2,4.2
2024-07-11 19:00:00,CNR8447032164,Driver Not Found,CID935309,Prime Sedan,Malleshwaram,Padmanabhanagar,,,Not Applicable,Not Applicable,Not Applicable,Not Applicable,725,Not Applicable,0,,
2024-07-26 15:11:00,CNR1911651079,Canceled by Customer,CID318793,Mini,Majestic,Ramamurthy Nagar,,,AC is Not working,Not Applicable,Not Applicable,Not Applicable,999,Not Applicable,0,,
2024-07-27 19:53:00,CNR9803489453,Driver Not Found,CID654984,Mini,Hulimavu,RT Nagar,,,Not Applicable,Not Applicable,Not Applicable,Not Applicable,446,Not Applicable,0,,
2024-07-16 06:27:00,CNR7836198013,Driver Not Found,CID186574,Bike,Hosur Road,RT Nagar,,,Not Applicable,Not Applicable,Not Applicable,Not Applicable,2972,Not Applicable,0,,
2024-07-21 09:36:00,CNR5423207878,Success,CID576595,Mini,Devanahalli,Richmond Town,105.0,45.0,Not Applicable,Not Applicable,No,Not Applicable,459,UPI,3,3.9,3.5
2024-07-18 17:20:00,CNR4602352654,Success,CID177289,Prime Plus,Peenya,Chickpet,182.0,130.0,Not Applicable,Not Applicable,No,Not Applicable,123,Cash,4,4.5,3.9
2024-07-08 20:53:00,CNR4323090320,Success,CID847720,Mini,Devanahalli,Padmanabhanagar,189.0,115.0,Not Applicable,Not Applicable,No,Not Applicable,111,Cash,5,4.0,4.0
2024-07-24 17:54:00,CNR8912695211,Success,CID746692,Bike,Bellandur,Cox Town,301.0,30.0,Not Applicable,Not Applicable,No,Not Applicable,256,Cash,12,3.3,3.5
2024-07-01 10:11:00,CNR3724336759,Canceled by Driver,CID752484,Prime Plus,HSR Layout,KR Puram,,,Not Applicable,Personal & Car related issue,Not Applicable,Not Applicable,404,Not Applicable,0,,
2024-07-21 04:15:00,CNR9555644377,Success,CID776410,Mini,Hennur,Koramangala,259.0,125.0,Not Applicable,Not Applicable,No,Not Applicable,390,UPI,11,3.1,4.9
2024-07-30 16:21:00,CNR6868734464,Canceled by Customer,CID526265,Prime Plus,Malleshwaram,Malleshwaram,,,Driver is not moving towards pickup location,Not Applicable,Not Applicable,Not Applicable,267,Not Applicable,0,,
2024-07-02 11:06:00,CNR4205241303,Canceled by Customer,CID890925,Mini,Kadugodi,Jayanagar,,,Driver is not moving towards pickup location,Not Applicable,Not Applicable,Not Applicable,311,Not Applicable,0,,
2024-07-24 22:38:00,CNR3543373059,Canceled by Driver,CID947131,Auto,Richmond Town,Koramangala,,,Not Applicable,Customer related issue,Not Applicable,Not Applicable,354,Not Applicable,0,,
2024-07-25 22:10:00,CNR6494326695,Success,CID821067,eBike,Shantinagar,Yeshwanthpur,168.0,80.0,Not Applicable,Not Applicable,No,Not Applicable,248,Cash,12,4.5,3.3
2024-07-27 16:14:00,CNR7207850588,Success,CID812404,Bike,MG Road,Padmanabhanagar,56.0,140.0,Not Applicable,Not Applicable,No,Not Applicable,481,Cash,2,3.5,4.6
2024-07-25 05:45:00,CNR5077587035,Success,CID647324,Auto,Ulsoor,Rajajinagar,238.0,125.0,Not Applicable,Not Applicable,No,Not Applicable,488,Credit Card,18,4.4,4.5
2024-07-23 20:52:00,CNR3180967520,Canceled by Driver,CID471073,Prime SUV,Kammanahalli,Malleshwaram,,,Not Applicable,Personal & Car related issue,Not Applicable,Not Applicable,156,Not Applicable,0,,
2024-07-01 04:19:00,CNR2191557238,Driver Not Found,CID600172,eBike,Cox Town,Nagarbhavi,,,Not Applicable,Not Applicable,Not Applicable,Not Applicable,2937,Not Applicable,0,,
2024-07-24 22:19:00,CNR4187732395,Canceled by Driver,CID313960,eBike,Magadi Road,RT Nagar,,,Not Applicable,Personal & Car related issue,Not Applicable,Not Applicable,253,Not Applicable,0,,
2024-07-28 10:49:00,CNR5739265287,Success,CID894657,eBike,Richmond Town,Nagarbhavi,91.0,125.0,Not Applicable,Not Applicable,No,Not Applicable,475,UPI,32,3.0,3.8
2024-07-01 13:20:00,CNR7561361564,Success,CID110877,Prime Sedan,Indiranagar,Yeshwanthpur,252.0,115.0,Not Applicable,Not Applicable,No,Not Applicable,335,Debit Card,22,4.8,4.3
2024-07-15 10:07:00,CNR1088550137,Success,CID130465,Prime Sedan,Sarjapur Road,Koramangala,280.0,140.0,Not Applicable,Not Applicable,No,Not Applicable,998,UPI,24,4.5,4.1
2024-07-23 13:43:00,CNR2603818639,Success,CID617996,Prime Sedan,Electronic City,RT Nagar,189.0,40.0,Not Applicable,Not Applicable,No,Not Applicable,864,Cash,23,3.8,4.3
2024-07-30 00:45:00,CNR5642304188,Success,CID215091,Prime Sedan,Chickpet,Rajajinagar,105.0,65.0,Not Applicable,Not Applicable,No,Not Applicable,391,Cash,45,4.7,4.0
2024-07-12 04:11:00,CNR6754741555,Success,CID692713,Prime Plus,Rajajinagar,Rajajinagar,42.0,25.0,Not Applicable,Not Applicable,No,Not Applicable,539,Cash,14,4.2,4.9
2024-07-29 15:01:00,CNR6799626568,Driver Not Found,CID939867,Prime SUV,Ulsoor,HSR Layout,,,Not Applicable,Not Applicable,Not Applicable,Not Applicable,160,Not Applicable,0,,
2024-07-21 05:27:00,CNR5069363601,Canceled by Driver,CID131311,Bike,Sahakar Nagar,Shantinagar,,,Not Applicable,Customer related issue,Not Applicable,Not Applicable,954,Not Applicable,0,,
2024-07-23 18:57:00,CNR2547721135,Driver Not Found,CID739421,Auto,Rajarajeshwari Nagar,Peenya,,,Not Applicable,Not Applicable,Not Applicable,Not Applicable,152,Not Applicable,0,,
2024-07-07 08:48:00,CNR3468072597,Success,CID963242,Auto,Jayanagar,Hosur Road,70.0,115.0,Not Applicable,Not Applicable,No,Not Applicable,559,Cash,9,3.5,5.0
2024-07-18 09:57:00,CNR4567039783,Canceled by Customer,CID224853,Prime Sedan,Bannerghatta Road,Kengeri,,,Driver asked to cancel,Not Applicable,Not Applicable,Not Applicable,396,Not Applicable,0,,
2024-07-14 20:48:00,CNR2588129221,Canceled by Driver,CID605326,Auto,Ulsoor,Rajajinagar,,,Not Applicable,Customer related issue,Not Applicable,Not Applicable,294,Not Applicable,0,,
2024-07-24 01:53:00,CNR1833163626,Success,CID794853,eBike,Kadugodi,Hulimavu,126.0,60.0,Not Applicable,Not Applicable,No,Not Applicable,475,UPI,2,4.5,3.0
2024-07-04 23:56:00,CNR4966912349,Canceled by Customer,CID570214,Auto,Cox Town,Hulimavu,,,AC is Not working,Not Applicable,Not Applicable,Not Applicable,168,Not Applicable,0,,
2024-07-03 13:34:00,CNR2689796406,Success,CID129044,Mini,Magadi Road,Sahakar Nagar,133.0,85.0,Not Applicable,Not Applicable,No,Not Applicable,229,UPI,6,4.6,3.5
2024-07-06 00:25:00,CNR9595283127,Success,CID583339,Prime SUV,Vijayanagar,Rajarajeshwari Nagar,259.0,100.0,Not Applicable,Not Applicable,No,Not Applicable,100,UPI,28,3.0,4.9
2024-07-02 19:45:00,CNR6363840756,Success,CID414902,Prime SUV,Kengeri,Padmanabhanagar,196.0,45.0,Not Applicable,Not Applicable,No,Not Applicable,2528,Cash,26,4.5,4.7
2024-07-16 17:42:00,CNR6923012071,Canceled by Driver,CID904397,Prime Plus,Marathahalli,Varthur,,,Not Applicable,Personal & Car related issue,Not Applicable,Not Applicable,223,Not Applicable,0,,
2024-07-26 20:09:00,CNR2867843570,Success,CID566172,Prime Plus,Bannerghatta Road,MG Road,91.0,30.0,Not Applicable,Not Applicable,No,Not Applicable,1940,UPI,42,4.6,3.2
2024-07-04 00:14:00,CNR4095748084,Success,CID194547,Prime SUV,Ramamurthy Nagar,Vijayanagar,238.0,90.0,Not Applicable,Not Applicable,No,Not Applicable,874,Cash,41,4.5,3.5
2024-07-24 04:44:00,CNR7657391512,Success,CID381883,Mini,Sarjapur Road,Varthur,77.0,30.0,Not Applicable,Not Applicable,No,Not Applicable,169,UPI,19,3.4,3.9
2024-07-24 08:37:00,CNR1800658218,Success,CID804565,eBike,Hebbal,Whitefield,287.0,105.0,Not Applicable,Not Applicable,No,Not Applicable,279,Cash,10,4.9,4.7
2024-07-06 13:52:00,CNR8709412988,Success,CID216025,Prime SUV,KR Puram,Malleshwaram,231.0,25.0,Not Applicable,Not Applicable,No,Not Applicable,540,Cash,46,4.1,3.4
2024-07-28 11:12:00,CNR4082710522,Success,CID241484,Prime SUV,Marathahalli,Koramangala,266.0,85.0,Not Applicable,Not Applicable,No,Not Applicable,1055,UPI,8,4.6,4.0
2024-07-13 06:46:00,CNR7590872526,Success,CID718353,Bike,Cox Town,Richmond Town,84.0,100.0,Not Applicable,Not Applicable,No,Not Applicable,312,Cash,4,3.7,3.0
2024-07-24 07:49:00,CNR1588975608,Success,CID197093,eBike,Indiranagar,Padmanabhanagar,140.0,135.0,Not Applicable,Not Applicable,No,Not Applicable,348,UPI,12,3.1,4.0
2024-07-22 11:36:00,CNR8037616679,Success,CID706865,Prime Sedan,Cox Town,Shantinagar,147.0,110.0,Not Applicable,Not Applicable,No,Not Applicable,192,Cash,16,3.4,3.1
2024-07-02 10:00:00,CNR4835765199,Canceled by Customer,CID426743,Auto,Padmanabhanagar,Yeshwanthpur,,,AC is Not working,Not Applicable,Not Applicable,Not Applicable,605,Not Applicable,0,,
2024-07-21 02:31:00,CNR8070206482,Canceled by Driver,CID147028,Prime Plus,Bellandur,Yeshwanthpur,,,Not Applicable,Customer related issue,Not Applicable,Not Applicable,401,Not Applicable,0,,
2024-07-23 02:01:00,CNR8750822327,Success,CID486839,Mini,HSR Layout,Devanahalli,168.0,105.0,Not Applicable,Not Applicable,No,Not Applicable,1935,Cash,11,4.4,3.3
2024-07-27 16:46:00,CNR7031256558,Success,CID587793,Auto,Chamarajpet,Electronic City,245.0,140.0,Not Applicable,Not Applicable,No,Not Applicable,497,UPI,7,3.2,4.0
2024-07-21 22:35:00,CNR1221672270,Success,CID810263,Mini,Bellandur,Bannerghatta Road,84.0,105.0,Not Applicable,Not Applicable,Yes,Vehicle Breakdown,736,Cash,7,3.0,4.0
2024-07-10 03:12:00,CNR1423881326,Canceled by Driver,CID948317,Auto,Rajarajeshwari Nagar,MG Road,,,Not Applicable,Customer related issue,Not Applicable,Not Applicable,283,Not Applicable,0,,
2024-07-28 11:39:00,CNR2322223151,Canceled by Driver,CID678757,Prime SUV,Sarjapur Road,Shivajinagar,,,Not Applicable,Personal & Car related issue,Not Applicable,Not Applicable,932,Not Applicable,0,,
2024-07-03 00:05:00,CNR6697725735,Success,CID933492,Prime Sedan,Peenya,Whitefield,231.0,125.0,Not Applicable,Not Applicable,No,Not Applicable,485,UPI,24,4.1,4.9
2024-07-19 20:15:00,CNR7062029839,Canceled by Driver,CID990397,Bike,Whitefield,Kengeri,,,Not Applicable,Personal & Car related issue,Not Applicable,Not Applicable,1200,Not Applicable,0,,
2024-07-13 10:47:00,CNR4373698769,Success,CID861584,Bike,Vijayanagar,Marathahalli,273.0,120.0,Not Applicable,Not Applicable,No,Not Applicable,141,Debit Card,12,3.5,3.3
2024-07-22 21:26:00,CNR8236877561,Success,CID435249,eBike,RT Nagar,Rajajinagar,175.0,145.0,Not Applicable,Not Applicable,No,Not Applicable,862,Credit Card,38,4.3,3.3
2024-07-24 23:23:00,CNR2377257461,Driver Not Found,CID963412,Auto,BTM Layout,BTM Layout,,,Not Applicable,Not Applicable,Not Applicable,Not Applicable,274,Not Applicable,0,,
2024-07-09 12:16:00,CNR5491262709,Success,CID335426,eBike,Indiranagar,Hennur,280.0,25.0,Not Applicable,Not Applicable,Yes,Customer Demand,100,Credit Card,2,4.4,4.5
2024-07-16 05:53:00,CNR1875974752,Canceled by Customer,CID182948,Prime Sedan,JP Nagar,KR Puram,,,Driver is not moving towards pickup location,Not Applicable,Not Applicable,Not Applicable,166,Not Applicable,0,,
2024-07-13 16:29:00,CNR6530326906,Success,CID787074,Mini,Varthur,Hennur,105.0,95.0,Not Applicable,Not Applicable,No,Not Applicable,126,Cash,20,4.5,4.1
2024-07-16 08:20:00,CNR9611228983,Success,CID302227,Mini,Devanahalli,JP Nagar,84.0,75.0,Not Applicable,Not Applicable,No,Not Applicable,229,UPI,45,3.1,5.0
2024-07-10 19:21:00,CNR7233552583,Success,CID225902,eBike,Electronic City,Peenya,91.0,55.0,Not Applicable,Not Applicable,No,Not Applicable,165,Cash,3,3.3,4.8
2024-07-14 00:34:00,CNR2804718798,Canceled by Customer,CID553396,eBike,Bellandur,Basavanagudi,,,Driver asked to cancel,Not Applicable,Not Applicable,Not Applicable,472,Not Applicable,0,,
2024-07-22 11:11:00,CNR8852960776,Success,CID935354,Prime SUV,MG Road,Kengeri,70.0,75.0,Not Applicable,Not Applicable,No,Not Applicable,926,UPI,39,3.4,3.7
2024-07-28 22:07:00,CNR1856644469,Canceled by Customer,CID586221,Prime SUV,KR Puram,Ulsoor,,,AC is Not working,Not Applicable,Not Applicable,Not Applicable,713,Not Applicable,0,,
2024-07-02 03:52:00,CNR9969696439,Success,CID371796,Prime Sedan,Peenya,Sahakar Nagar,210.0,55.0,Not Applicable,Not Applicable,No,Not Applicable,414,Cash,3,3.5,4.3
2024-07-04 06:08:00,CNR1792079255,Canceled by Customer,CID232307,Prime SUV,Shantinagar,Hulimavu,,,Driver asked to cancel,Not Applicable,Not Applicable,Not Applicable,2465,Not Applicable,0,,
2024-07-05 01:52:00,CNR3713429089,Success,CID915301,Auto,Tumkur Road,Kengeri,287.0,135.0,Not Applicable,Not Applicable,No,Not Applicable,450,Cash,7,4.6,3.2
2024-07-14 13:14:00,CNR3031697834,Success,CID359788,Prime Sedan,Hennur,Hosur Road,224.0,105.0,Not Applicable,Not Applicable,No,Not Applicable,946,Cash,5,3.4,4.2
2024-07-04 23:42:00,CNR5657969202,Canceled by Customer,CID447461,Mini,Banashankari,Shantinagar,,,Driver is not moving towards pickup location,Not Applicable,Not Applicable,Not Applicable,1995,Not Applicable,0,,
2024-07-18 05:10:00,CNR3798835244,Success,CID118696,Auto,Frazer Town,JP Nagar,308.0,80.0,Not Applicable,Not Applicable,No,Not Applicable,975,Cash,3,3.9,3.2
2024-07-22 10:16:00,CNR4601781466,Success,CID862749,Prime Plus,Cox Town,Ramamurthy Nagar,259.0,90.0,Not Applicable,Not Applicable,No,Not Applicable,2535,UPI,36,3.5,4.3
2024-07-14 10:10:00,CNR9442288574,Success,CID781966,Mini,Shivajinagar,MG Road,42.0,115.0,Not Applicable,Not Applicable,No,Not Applicable,146,Cash,11,4.0,4.1
2024-07-11 04:35:00,CNR7173828692,Success,CID951332,Prime SUV,Yeshwanthpur,Ramamurthy Nagar,119.0,85.0,Not Applicable,Not Applicable,No,Not Applicable,329,UPI,20,3.5,4.9
2024-07-27 05:46:00,CNR3285360206,Success,CID267813,Prime Sedan,Ramamurthy Nagar,Shantinagar,140.0,90.0,Not Applicable,Not Applicable,No,Not Applicable,398,UPI,39,4.1,3.4
2024-07-09 02:24:00,CNR7085786115,Success,CID643160,Prime Sedan,Jayanagar,Cox Town,294.0,35.0,Not Applicable,Not Applicable,No,Not Applicable,285,Cash,30,3.7,4.6
2024-07-04 07:30:00,CNR9157677784,Canceled by Customer,CID857695,eBike,Magadi Road,Whitefield,,,Driver asked to cancel,Not Applicable,Not Applicable,Not Applicable,437,Not Applicable,0,,
2024-07-26 05:40:00,CNR8557205772,Canceled by Driver,CID768677,Mini,Rajajinagar,Chickpet,,,Not Applicable,Personal & Car related issue,Not Applicable,Not Applicable,423,Not Applicable,0,,
2024-07-13 13:34:00,CNR6506617521,Canceled by Customer,CID365116,Mini,Hulimavu,Padmanabhanagar,,,Driver asked to cancel,Not Applicable,Not Applicable,Not Applicable,160,Not Applicable,0,,
2024-07-13 02:27:00,CNR5532707200,Success,CID292228,Mini,Yelahanka,Nagarbhavi,294.0,125.0,Not Applicable,Not Applicable,No,Not Applicable,1263,Cash,10,3.8,3.3
2024-07-06 01:36:00,CNR9482668836,Success,CID245954,Prime Plus,BTM Layout,Kammanahalli,252.0,80.0,Not Applicable,Not Applicable,No,Not Applicable,231,Cash,33,4.5,4.9
2024-07-15 09:50:00,CNR7343163507,Success,CID605509,Prime Plus,Peenya,Shivajinagar,182.0,35.0,Not Applicable,Not Applicable,No,Not Applicable,358,UPI,19,4.5,4.2
2024-07-27 12:11:00,CNR5787138691,Success,CID306069,Bike,Padmanabhanagar,Rajajinagar,301.0,145.0,Not Applicable,Not Applicable,No,Not Applicable,462,UPI,33,4.2,3.6
2024-07-08 03:26:00,CNR8376142547,Success,CID672807,Auto,Nagarbhavi,KR Puram,84.0,145.0,Not Applicable,Not Applicable,No,Not Applicable,920,UPI,3,3.2,3.1
2024-07-14 19:29:00,CNR2166205010,Success,CID763862,Auto,Vijayanagar,Magadi Road,84.0,120.0,Not Applicable,Not Applicable,No,Not Applicable,553,UPI,19,3.2,4.0
2024-07-29 15:50:00,CNR1823167929,Success,CID779016,Prime Plus,BTM Layout,Koramangala,77.0,110.0,Not Applicable,Not Applicable,No,Not Applicable,181,UPI,14,3.3,3.1
2024-07-22 05:55:00,CNR9686463670,Success,CID799692,Prime Sedan,Mysore Road,Indiranagar,245.0,65.0,Not Applicable,Not Applicable,No,Not Applicable,200,Debit Card,25,4.3,4.9
2024-07-12 06:01:00,CNR4476351353,Driver Not Found,CID798013,Mini,Nagarbhavi,Nagarbhavi,,,Not Applicable,Not Applicable,Not Applicable,Not Applicable,850,Not Applicable,0,,
2024-07-20 15:15:00,CNR1699930357,Success,CID150366,Prime SUV,Kengeri,Kammanahalli,301.0,65.0,Not Applicable,Not Applicable,No,Not Applicable,508,UPI,43,5.0,4.4
2024-07-14 05:35:00,CNR3780793262,Driver Not Found,CID217002,Bike,Devanahalli,Majestic,,,Not Applicable,Not Applicable,Not Applicable,Not Applicable,866,Not Applicable,0,,
2024-07-13 11:20:00,CNR6605248688,Success,CID870155,Bike,Whitefield,Chamarajpet,126.0,110.0,Not Applicable,Not Applicable,No,Not Applicable,391,UPI,38,4.9,3.3
2024-07-30 12:44:00,CNR6296455280,Canceled by Driver,CID696949,Bike,Koramangala,Hennur,,,Not Applicable,Customer related issue,Not Applicable,Not Applicable,314,Not Applicable,0,,
2024-07-26 15:28:00,CNR4810994482,Canceled by Customer,CID819223,Bike,Padmanabhanagar,Rajarajeshwari Nagar,,,Change of plans,Not Applicable,Not Applicable,Not Applicable,235,Not Applicable,0,,
2024-07-22 05:49:00,CNR8745831778,Driver Not Found,CID882328,Auto,Hulimavu,Bannerghatta Road,,,Not Applicable,Not Applicable,Not Applicable,Not Applicable,183,Not Applicable,0,,
2024-07-08 13:46:00,CNR3802223792,Canceled by Driver,CID469977,Prime SUV,RT Nagar,Hennur,,,Not Applicable,Personal & Car related issue,Not Applicable,Not Applicable,249,Not Applicable,0,,
2024-07-03 02:08:00,CNR7016275383,Canceled by Driver,CID189087,Prime Sedan,Hulimavu,Rajarajeshwari Nagar,,,Not Applicable,Personal & Car related issue,Not Applicable,Not Applicable,453,Not Applicable,0,,
2024-07-23 17:36:00,CNR2613272854,Success,CID289350,Prime Sedan,Malleshwaram,Rajajinagar,84.0,30.0,Not Applicable,Not Applicable,No,Not Applicable,282,Cash,15,4.5,3.2
2024-07-15 02:00:00,CNR8949886808,Success,CID646593,Prime SUV,Cox Town,KR Puram,56.0,90.0,Not Applicable,Not Applicable,No,Not Applicable,2345,Cash,32,3.1,4.9
2024-07-10 16:13:00,CNR3797100011,Success,CID304799,Prime Sedan,Kadugodi,Indiranagar,91.0,90.0,Not Applicable,Not Applicable,No,Not Applicable,396,Cash,16,4.2,3.5
2024-07-23 15:58:00,CNR5644793462,Success,CID192058,eBike,Peenya,Vijayanagar,168.0,55.0,Not Applicable,Not Applicable,No,Not Applicable,816,Cash,22,4.3,4.6
2024-07-09 03:55:00,CNR3614872770,Success,CID662113,eBike,BTM Layout,KR Puram,49.0,140.0,Not Applicable,Not Applicable,No,Not Applicable,257,Cash,31,3.4,3.9
2024-07-16 03:02:00,CNR5040966215,Success,CID302494,Prime SUV,Shivajinagar,Shivajinagar,70.0,50.0,Not Applicable,Not Applicable,No,Not Applicable,476,Cash,29,3.8,3.5
2024-07-27 07:22:00,CNR1121108740,Success,CID644391,Mini,Kadugodi,Tumkur Road,182.0,125.0,Not Applicable,Not Applicable,No,Not Applicable,330,Cash,10,4.3,3.1
2024-07-29 17:19:00,CNR9544144074,Success,CID688949,Prime SUV,Hebbal,Yeshwanthpur,49.0,75.0,Not Applicable,Not Applicable,No,Not Applicable,357,Cash,37,4.7,3.3
2024-07-15 17:29:00,CNR2745617532,Canceled by Driver,CID811319,Prime Sedan,Mysore Road,Frazer Town,,,Not Applicable,Customer was coughing/sick,Not Applicable,Not Applicable,702,Not Applicable,0,,
2024-07-20 23:11:00,CNR1884213429,Success,CID680269,Mini,JP Nagar,Ulsoor,280.0,130.0,Not Applicable,Not Applicable,No,Not Applicable,344,UPI,13,4.5,3.3
2024-07-22 14:05:00,CNR3609783511,Success,CID335953,Prime SUV,Bannerghatta Road,Whitefield,238.0,90.0,Not Applicable,Not Applicable,No,Not Applicable,885,UPI,37,4.0,4.6
2024-07-19 06:32:00,CNR9213187914,Success,CID967104,eBike,Hosur Road,Ulsoor,210.0,35.0,Not Applicable,Not Applicable,No,Not Applicable,271,Cash,10,4.2,4.3
2024-07-04 10:19:00,CNR6845349553,Canceled by Driver,CID190127,eBike,Tumkur Road,Shantinagar,,,Not Applicable,Customer related issue,Not Applicable,Not Applicable,328,Not Applicable,0,,
2024-07-29 00:08:00,CNR7557290788,Canceled by Driver,CID419983,Auto,Cox Town,Hosur Road,,,Not Applicable,Customer was coughing/sick,Not Applicable,Not Applicable,878,Not Applicable,0,,
2024-07-22 10:24:00,CNR7352248944,Success,CID582668,Mini,Majestic,Richmond Town,203.0,85.0,Not Applicable,Not Applicable,No,Not Applicable,655,Cash,7,4.5,4.1
2024-07-19 13:57:00,CNR7830130849,Success,CID907708,Prime Sedan,Frazer Town,Bannerghatta Road,84.0,65.0,Not Applicable,Not Applicable,Yes,Customer Demand,212,Cash,24,3.9,4.0
2024-07-05 10:53:00,CNR1314862603,Canceled by Driver,CID545972,Bike,Rajajinagar,Shivajinagar,,,Not Applicable,Customer was coughing/sick,Not Applicable,Not Applicable,173,Not Applicable,0,,
2024-07-04 11:54:00,CNR8288998829,Success,CID131517,Bike,Cox Town,Marathahalli,189.0,145.0,Not Applicable,Not Applicable,Yes,Customer Demand,278,UPI,32,4.1,4.9
2024-07-07 00:09:00,CNR4737646668,Success,CID993501,Mini,Sahakar Nagar,Hulimavu,196.0,110.0,Not Applicable,Not Applicable,No,Not Applicable,166,UPI,22,4.3,3.3
2024-07-17 21:50:00,CNR1419900212,Success,CID238552,Prime Sedan,Hebbal,Mysore Road,42.0,105.0,Not Applicable,Not Applicable,No,Not Applicable,151,UPI,32,4.6,3.9
2024-07-08 17:35:00,CNR2132755957,Success,CID298309,Prime SUV,Varthur,Indiranagar,189.0,85.0,Not Applicable,Not Applicable,Yes,Vehicle Breakdown,995,Cash,2,4.4,3.6
2024-07-21 08:51:00,CNR5068061796,Success,CID686222,eBike,BTM Layout,Ramamurthy Nagar,119.0,90.0,Not Applicable,Not Applicable,No,Not Applicable,537,Cash,8,4.4,3.1
2024-07-02 16:08:00,CNR7550300138,Canceled by Driver,CID730890,Bike,Hebbal,Hebbal,,,Not Applicable,More than permitted people in there,Not Applicable,Not Applicable,993,Not Applicable,0,,
2024-07-04 22:14:00,CNR5252597699,Success,CID527778,Bike,Hosur Road,Bellandur,245.0,95.0,Not Applicable,Not Applicable,No,Not Applicable,798,Cash,5,3.3,3.2
2024-07-10 03:49:00,CNR6456677276,Driver Not Found,CID774922,Prime Sedan,Kengeri,Indiranagar,,,Not Applicable,Not Applicable,Not Applicable,Not Applicable,472,Not Applicable,0,,
2024-07-12 09:36:00,CNR1801097384,Success,CID668593,Prime Sedan,Magadi Road,Bannerghatta Road,105.0,45.0,Not Applicable,Not Applicable,No,Not Applicable,170,UPI,41,3.4,3.5
2024-07-24 15:20:00,CNR8421881537,Success,CID734211,eBike,Malleshwaram,Chickpet,35.0,125.0,Not Applicable,Not Applicable,No,Not Applicable,128,UPI,42,4.7,3.3
2024-07-03 03:46:00,CNR2379886756,Success,CID120840,Auto,Frazer Town,Sahakar Nagar,161.0,35.0,Not Applicable,Not Applicable,No,Not Applicable,355,Credit Card,6,4.9,3.1
2024-07-15 17:50:00,CNR7683057567,Success,CID104774,Prime Sedan,Whitefield,Ramamurthy Nagar,280.0,105.0,Not Applicable,Not Applicable,No,Not Applicable,269,UPI,47,4.7,4.9
2024-07-05 21:56:00,CNR1853941176,Canceled by Driver,CID422648,Bike,Indiranagar,Sahakar Nagar,,,Not Applicable,Personal & Car related issue,Not Applicable,Not Applicable,306,Not Applicable,0,,
2024-07-14 07:52:00,CNR7865770411,Success,CID867235,eBike,Whitefield,Shivajinagar,84.0,145.0,Not Applicable,Not Applicable,No,Not Applicable,267,Cash,43,4.0,4.7
2024-07-28 16:30:00,CNR5224718380,Success,CID862583,Auto,Rajajinagar,Ulsoor,231.0,125.0,Not Applicable,Not Applicable,No,Not Applicable,197,UPI,13,4.0,4.8
2024-07-27 16:30:00,CNR7020582886,Canceled by Driver,CID727298,Prime SUV,Nagarbhavi,Kammanahalli,,,Not Applicable,Customer related issue,Not Applicable,Not Applicable,2695,Not Applicable,0,,
2024-07-19 14:39:00,CNR2256281866,Canceled by Driver,CID679498,Bike,Kammanahalli,Langford Town,,,Not Applicable,Customer related issue,Not Applicable,Not Applicable,322,Not Applicable,0,,
2024-07-28 07:00:00,CNR4766522064,Canceled by Driver,CID512381,Prime Sedan,Devanahalli,Mysore Road,,,Not Applicable,Customer was coughing/sick,Not Applicable,Not Applicable,435,Not Applicable,0,,
2024-07-10 06:11:00,CNR4020591134,Canceled by Driver,CID509687,Bike,Rajajinagar,Sarjapur Road,,,Not Applicable,More than permitted people in there,Not Applicable,Not Applicable,168,Not Applicable,0,,
2024-07-26 12:09:00,CNR3837684738,Success,CID905102,Prime Plus,Chickpet,Langford Town,63.0,40.0,Not Applicable,Not Applicable,No,Not Applicable,477,Cash,3,4.3,4.1
2024-07-27 20:56:00,CNR5479452451,Success,CID471081,Prime SUV,Whitefield,Majestic,189.0,135.0,Not Applicable,Not Applicable,No,Not Applicable,999,Cash,8,3.9,4.7
2024-07-26 15:50:00,CNR6386613991,Success,CID169360,Prime Plus,Shantinagar,Padmanabhanagar,126.0,50.0,Not Applicable,Not Applicable,No,Not Applicable,2091,UPI,27,3.5,3.9
2024-07-22 22:20:00,CNR8708976817,Success,CID663944,Prime Sedan,Kadugodi,Devanahalli,245.0,40.0,Not Applicable,Not Applicable,No,Not Applicable,116,UPI,39,4.2,3.6
2024-07-27 13:03:00,CNR9147580732,Success,CID532410,Prime SUV,Sarjapur Road,Basavanagudi,126.0,25.0,Not Applicable,Not Applicable,No,Not Applicable,342,UPI,11,3.0,4.0
2024-07-02 08:37:00,CNR2824053028,Driver Not Found,CID785249,Prime Sedan,Frazer Town,Malleshwaram,,,Not Applicable,Not Applicable,Not Applicable,Not Applicable,326,Not Applicable,0,,
2024-07-16 18:08:00,CNR8279140553,Canceled by Driver,CID478872,Bike,Basavanagudi,Magadi Road,,,Not Applicable,Customer related issue,Not Applicable,Not Applicable,977,Not Applicable,0,,
2024-07-11 07:34:00,CNR8832522596,Success,CID225876,Prime Sedan,Hennur,Electronic City,133.0,120.0,Not Applicable,Not Applicable,No,Not Applicable,332,UPI,36,4.9,4.5
2024-07-17 07:11:00,CNR4367520387,Success,CID566825,Prime Plus,Richmond Town,Bannerghatta Road,301.0,135.0,Not Applicable,Not Applicable,No,Not Applicable,404,Cash,44,4.9,3.4
2024-07-13 11:05:00,CNR3115405109,Canceled by Driver,CID283243,eBike,Hosur Road,Mysore Road,,,Not Applicable,Personal & Car related issue,Not Applicable,Not Applicable,559,Not Applicable,0,,
2024-07-16 22:51:00,CNR2231443657,Canceled by Driver,CID419080,Prime Sedan,Ulsoor,Whitefield,,,Not Applicable,Customer was coughing/sick,Not Applicable,Not Applicable,557,Not Applicable,0,,
2024-07-08 20:03:00,CNR5052870917,Success,CID995437,Bike,HSR Layout,Padmanabhanagar,245.0,70.0,Not Applicable,Not Applicable,No,Not Applicable,179,Cash,41,3.9,4.7
2024-07-06 07:39:00,CNR1257466611,Success,CID997713,Prime Sedan,Padmanabhanagar,RT Nagar,238.0,30.0,Not Applicable,Not Applicable,No,Not Applicable,250,Cash,3,4.8,4.9
2024-07-07 13:21:00,CNR1610128978,Canceled by Customer,CID132877,Prime Plus,Hosur Road,Langford Town,,,Driver asked to cancel,Not Applicable,Not Applicable,Not Applicable,333,Not Applicable,0,,
2024-07-16 09:18:00,CNR5531389883,Canceled by Driver,CID886645,Auto,Chamarajpet,Langford Town,,,Not Applicable,Customer related issue,Not Applicable,Not Applicable,318,Not Applicable,0,,
2024-07-16 19:40:00,CNR3927137688,Success,CID458069,Mini,Bellandur,Shantinagar,196.0,35.0,Not Applicable,Not Applicable,No,Not Applicable,168,Credit Card,27,4.8,3.1
2024-07-22 09:49:00,CNR3364605193,Success,CID818676,eBike,Koramangala,Yelahanka,203.0,55.0,Not Applicable,Not Applicable,No,Not Applicable,311,Cash,12,4.1,3.6
2024-07-10 22:35:00,CNR8133208370,Canceled by Customer,CID306697,Prime Sedan,Devanahalli,Chamarajpet,,,Driver asked to cancel,Not Applicable,Not Applicable,Not Applicable,2226,Not Applicable,0,,
2024-07-22 15:00:00,CNR1839258000,Success,CID814602,Prime Sedan,Shivajinagar,KR Puram,63.0,85.0,Not Applicable,Not Applicable,No,Not Applicable,415,Cash,30,4.5,3.3
2024-07-23 08:47:00,CNR6901049669,Driver Not Found,CID581101,Prime SUV,Yelahanka,KR Puram,,,Not Applicable,Not Applicable,Not Applicable,Not Applicable,121,Not Applicable,0,,
2024-07-08 13:28:00,CNR6213113789,Success,CID883387,Prime Sedan,Rajarajeshwari Nagar,Kadugodi,70.0,125.0,Not Applicable,Not Applicable,No,Not Applicable,828,UPI,18,5.0,3.3
2024-07-12 22:55:00,CNR8498594705,Canceled by Driver,CID339279,Prime Plus,Whitefield,Marathahalli,,,Not Applicable,Customer was coughing/sick,Not Applicable,Not Applicable,224,Not Applicable,0,,
2024-07-21 16:52:00,CNR2468403359,Canceled by Driver,CID365693,eBike,Hulimavu,Sahakar Nagar,,,Not Applicable,Customer related issue,Not Applicable,Not Applicable,820,Not Applicable,0,,
2024-07-22 05:50:00,CNR4047829032,Canceled by Driver,CID744325,Auto,Basavanagudi,Bellandur,,,Not Applicable,Customer was coughing/sick,Not Applicable,Not Applicable,179,Not Applicable,0,,
2024-07-13 17:40:00,CNR4980123695,Canceled by Driver,CID413118,Mini,Padmanabhanagar,Sahakar Nagar,,,Not Applicable,Customer was coughing/sick,Not Applicable,Not Applicable,229,Not Applicable,0,,
2024-07-24 08:43:00,CNR4005636670,Canceled by Driver,CID135656,Auto,Varthur,Kammanahalli,,,Not Applicable,Personal & Car related issue,Not Applicable,Not Applicable,491,Not Applicable,0,,
2024-07-17 05:57:00,CNR6333064040,Success,CID138675,eBike,Electronic City,Kadugodi,112.0,125.0,Not Applicable,Not Applicable,No,Not Applicable,325,Cash,46,4.0,3.4
2024-07-17 17:10:00,CNR5948201009,Canceled by Customer,CID702647,Prime SUV,Malleshwaram,Kadugodi,,,Driver asked to cancel,Not Applicable,Not Applicable,Not Applicable,350,Not Applicable,0,,
2024-07-18 12:21:00,CNR6470303007,Success,CID529891,eBike,Basavanagudi,Hosur Road,49.0,45.0,Not Applicable,Not Applicable,No,Not Applicable,230,Cash,6,3.3,3.1
2024-07-14 07:37:00,CNR5367668783,Success,CID723711,Prime Plus,Yeshwanthpur,MG Road,98.0,90.0,Not Applicable,Not Applicable,No,Not Applicable,221,Cash,8,3.6,3.8
2024-07-06 13:56:00,CNR7388733406,Canceled by Customer,CID307591,eBike,Hulimavu,Whitefield,,,Driver asked to cancel,Not Applicable,Not Applicable,Not Applicable,202,Not Applicable,0,,
2024-07-01 06:42:00,CNR1035116085,Success,CID648338,Auto,Hosur Road,Nagarbhavi,49.0,135.0,Not Applicable,Not Applicable,No,Not Applicable,284,Cash,17,4.2,4.8
2024-07-23 13:01:00,CNR2951275136,Success,CID238100,Prime Plus,Kammanahalli,BTM Layout,161.0,35.0,Not Applicable,Not Applicable,No,Not Applicable,959,UPI,39,4.1,3.7
2024-07-29 03:12:00,CNR8069696099,Success,CID660436,Prime Plus,Rajarajeshwari Nagar,Peenya,273.0,85.0,Not Applicable,Not Applicable,No,Not Applicable,1062,Cash,38,3.8,4.2
2024-07-17 01:07:00,CNR7080242398,Driver Not Found,CID879005,Prime SUV,Chickpet,Shivajinagar,,,Not Applicable,Not Applicable,Not Applicable,Not Applicable,616,Not Applicable,0,,
2024-07-10 19:24:00,CNR9118491203,Canceled by Customer,CID797354,Prime Plus,Nagarbhavi,Malleshwaram,,,Wrong Address,Not Applicable,Not Applicable,Not Applicable,484,Not Applicable,0,,
2024-07-20 05:24:00,CNR6260767724,Driver Not Found,CID157962,Prime SUV,JP Nagar,Varthur,,,Not Applicable,Not Applicable,Not Applicable,Not Applicable,307,Not Applicable,0,,
2024-07-17 07:42:00,CNR5379325389,Success,CID487498,Bike,Varthur,KR Puram,287.0,85.0,Not Applicable,Not Applicable,No,Not Applicable,179,UPI,43,3.6,4.8
2024-07-10 03:50:00,CNR4870250824,Canceled by Driver,CID611033,Prime Plus,BTM Layout,Koramangala,,,Not Applicable,Personal & Car related issue,Not Applicable,Not Applicable,866,Not Applicable,0,,
2024-07-23 01:51:00,CNR7555843149,Canceled by Customer,CID891672,Prime Plus,Langford Town,Bellandur,,,Driver asked to cancel,Not Applicable,Not Applicable,Not Applicable,201,Not Applicable,0,,
2024-07-22 18:48:00,CNR3350770404,Success,CID415711,Prime Sedan,Tumkur Road,Hennur,63.0,145.0,Not Applicable,Not Applicable,No,Not Applicable,158,Cash,6,5.0,3.0
2024-07-28 20:23:00,CNR5496836738,Success,CID751616,Mini,Malleshwaram,Rajajinagar,49.0,125.0,Not Applicable,Not Applicable,Yes,Customer Demand,629,UPI,20,3.7,4.0
2024-07-10 21:22:00,CNR3014846077,Canceled by Driver,CID684794,eBike,BTM Layout,Vijayanagar,,,Not Applicable,Customer related issue,Not Applicable,Not Applicable,315,Not Applicable,0,,
2024-07-02 06:41:00,CNR9052097329,Success,CID252241,Auto,Bannerghatta Road,Langford Town,245.0,145.0,Not Applicable,Not Applicable,No,Not Applicable,466,Cash,1,3.4,3.2
2024-07-15 18:35:00,CNR4103524344,Success,CID307579,Prime SUV,KR Puram,Indiranagar,273.0,130.0,Not Applicable,Not Applicable,No,Not Applicable,131,Cash,27,4.0,4.8
2024-07-03 17:36:00,CNR6336364875,Success,CID395386,Prime SUV,Rajarajeshwari Nagar,Peenya,112.0,90.0,Not Applicable,Not Applicable,No,Not Applicable,491,Cash,36,4.1,4.3
2024-07-30 05:56:00,CNR1185384927,Driver Not Found,CID716517,eBike,Bannerghatta Road,Devanahalli,,,Not Applicable,Not Applicable,Not Applicable,Not Applicable,163,Not Applicable,0,,
2024-07-22 00:59:00,CNR5292484896,Success,CID654126,Prime Sedan,Whitefield,Majestic,280.0,130.0,Not Applicable,Not Applicable,No,Not Applicable,378,UPI,49,4.1,5.0
2024-07-28 07:56:00,CNR7416379157,Success,CID892810,Bike,Whitefield,BTM Layout,308.0,80.0,Not Applicable,Not Applicable,No,Not Applicable,137,UPI,24,4.9,4.5
2024-07-10 22:20:00,CNR7781692841,Success,CID672464,eBike,Rajarajeshwari Nagar,Marathahalli,119.0,35.0,Not Applicable,Not Applicable,Yes,Vehicle Breakdown,237,Cash,27,3.3,3.6
2024-07-05 12:42:00,CNR5515981477,Success,CID805139,Auto,Kengeri,Bellandur,126.0,60.0,Not Applicable,Not Applicable,No,Not Applicable,135,Cash,19,4.1,4.5
2024-07-13 02:39:00,CNR2829475410,Success,CID569430,Prime Sedan,Kammanahalli,Mysore Road,238.0,100.0,Not Applicable,Not Applicable,No,Not Applicable,215,Credit Card,21,4.6,3.1
2024-07-16 06:22:00,CNR2438549430,Success,CID162219,Prime Sedan,JP Nagar,Yelahanka,63.0,80.0,Not Applicable,Not Applicable,No,Not Applicable,548,Cash,46,3.4,3.5
2024-07-08 07:13:00,CNR1239698787,Canceled by Driver,CID908113,Bike,Kammanahalli,Hulimavu,,,Not Applicable,Customer was coughing/sick,Not Applicable,Not Applicable,108,Not Applicable,0,,
2024-07-09 18:14:00,CNR1274516806,Canceled by Driver,CID877207,Mini,Hennur,Bannerghatta Road,,,Not Applicable,Customer was coughing/sick,Not Applicable,Not Applicable,268,Not Applicable,0,,
2024-07-04 10:35:00,CNR1600399935,Success,CID523787,Auto,Bellandur,Devanahalli,56.0,55.0,Not Applicable,Not Applicable,No,Not Applicable,332,UPI,19,4.2,3.8
2024-07-20 22:00:00,CNR9902899489,Canceled by Driver,CID833834,Prime Plus,Kengeri,RT Nagar,,,Not Applicable,Personal & Car related issue,Not Applicable,Not Applicable,857,Not Applicable,0,,
2024-07-02 05:57:00,CNR7445057047,Success,CID546697,Prime Sedan,Chickpet,Shantinagar,203.0,35.0,Not Applicable,Not Applicable,No,Not Applicable,1277,Cash,6,3.9,3.5
2024-07-30 07:53:00,CNR1975058384,Driver Not Found,CID915853,Bike,Whitefield,Bannerghatta Road,,,Not Applicable,Not Applicable,Not Applicable,Not Applicable,756,Not Applicable,0,,
2024-07-15 09:38:00,CNR8995755789,Success,CID336567,Mini,Hebbal,Hebbal,301.0,40.0,Not Applicable,Not Applicable,No,Not Applicable,412,Credit Card,17,3.6,4.3
2024-07-25 00:30:00,CNR1294771720,Success,CID533703,eBike,Tumkur Road,Langford Town,294.0,100.0,Not Applicable,Not Applicable,Yes,Vehicle Breakdown,2463,UPI,37,4.1,3.2
2024-07-23 16:24:00,CNR8938678001,Success,CID942872,Auto,Yeshwanthpur,Hebbal,287.0,100.0,Not Applicable,Not Applicable,No,Not Applicable,1856,Cash,18,4.0,4.6
2024-07-12 15:24:00,CNR7417942503,Canceled by Driver,CID430915,Bike,Kadugodi,Hulimavu,,,Not Applicable,More than permitted people in there,Not Applicable,Not Applicable,799,Not Applicable,0,,
2024-07-24 09:06:00,CNR8491718693,Canceled by Driver,CID667401,Prime Sedan,Yelahanka,Koramangala,,,Not Applicable,More than permitted people in there,Not Applicable,Not Applicable,269,Not Applicable,0,,
2024-07-09 20:39:00,CNR1280419092,Driver Not Found,CID556571,eBike,Ulsoor,Marathahalli,,,Not Applicable,Not Applicable,Not Applicable,Not Applicable,335,Not Applicable,0,,
2024-07-30 21:29:00,CNR7454887028,Success,CID420998,eBike,Hennur,Malleshwaram,154.0,55.0,Not Applicable,Not Applicable,No,Not Applicable,253,Cash,48,4.6,4.8
2024-07-22 09:31:00,CNR3524665776,Success,CID974288,Prime SUV,Cox Town,Langford Town,119.0,115.0,Not Applicable,Not Applicable,No,Not Applicable,178,UPI,25,3.7,3.8
2024-07-27 17:31:00,CNR1755535610,Success,CID241763,Bike,Ramamurthy Nagar,Kammanahalli,259.0,50.0,Not Applicable,Not Applicable,No,Not Applicable,427,Cash,34,3.7,4.3
2024-07-07 11:51:00,CNR6454742211,Success,CID375336,eBike,Padmanabhanagar,Majestic,56.0,120.0,Not Applicable,Not Applicable,No,Not Applicable,330,Cash,47,3.0,4.7
2024-07-30 22:56:00,CNR2738676791,Success,CID436671,Prime Sedan,Indiranagar,Kadugodi,63.0,140.0,Not Applicable,Not Applicable,No,Not Applicable,115,UPI,37,4.3,3.5
2024-07-29 00:26:00,CNR4679029459,Success,CID947810,Bike,Ulsoor,Marathahalli,301.0,105.0,Not Applicable,Not Applicable,No,Not Applicable,483,UPI,17,4.2,3.0
2024-07-21 20:56:00,CNR9616564966,Success,CID902411,Prime Plus,JP Nagar,Cox Town,217.0,50.0,Not Applicable,Not Applicable,No,Not Applicable,947,UPI,13,4.1,3.2
2024-07-30 23:27:00,CNR3977520467,Success,CID140767,Prime Sedan,Varthur,Cox Town,154.0,35.0,Not Applicable,Not Applicable,No,Not Applicable,274,Cash,22,3.3,4.6
2024-07-05 22:40:00,CNR7253473212,Canceled by Customer,CID210572,Prime SUV,Indiranagar,JP Nagar,,,Driver is not moving towards pickup location,Not Applicable,Not Applicable,Not Applicable,233,Not Applicable,0,,
2024-07-01 06:25:00,CNR6442549698,Success,CID938121,Auto,Mysore Road,Kammanahalli,210.0,75.0,Not Applicable,Not Applicable,No,Not Applicable,381,Cash,18,4.7,3.9
2024-07-02 08:18:00,CNR9211922033,Success,CID516845,eBike,Malleshwaram,Langford Town,168.0,35.0,Not Applicable,Not Applicable,No,Not Applicable,345,Cash,26,4.9,4.3
2024-07-01 11:09:00,CNR1239579064,Driver Not Found,CID866210,Auto,Nagarbhavi,Magadi Road,,,Not Applicable,Not Applicable,Not Applicable,Not Applicable,444,Not Applicable,0,,
2024-07-16 22:49:00,CNR6102043411,Success,CID886682,eBike,Mysore Road,Devanahalli,112.0,115.0,Not Applicable,Not Applicable,No,Not Applicable,243,Cash,26,4.4,4.2
2024-07-18 08:01:00,CNR4169132124,Success,CID208319,Prime Plus,BTM Layout,HSR Layout,266.0,40.0,Not Applicable,Not Applicable,No,Not Applicable,426,Cash,47,4.4,3.0
2024-07-24 07:35:00,CNR4679414382,Success,CID568335,Prime SUV,Peenya,Sahakar Nagar,294.0,80.0,Not Applicable,Not Applicable,No,Not Applicable,836,UPI,34,4.5,4.1
2024-07-25 21:59:00,CNR8683938501,Success,CID613306,eBike,Rajarajeshwari Nagar,Malleshwaram,70.0,70.0,Not Applicable,Not Applicable,No,Not Applicable,249,Cash,37,4.3,3.2
2024-07-25 03:12:00,CNR5554914037,Canceled by Driver,CID470685,Prime SUV,KR Puram,Kadugodi,,,Not Applicable,Personal & Car related issue,Not Applicable,Not Applicable,375,Not Applicable,0,,
2024-07-20 17:25:00,CNR1146160177,Success,CID829278,Prime Sedan,Majestic,MG Road,287.0,55.0,Not Applicable,Not Applicable,No,Not Applicable,157,UPI,10,4.4,4.1
2024-07-13 23:39:00,CNR2638022434,Success,CID997792,Bike,Rajajinagar,Hennur,294.0,55.0,Not Applicable,Not Applicable,No,Not Applicable,768,UPI,2,3.9,3.7
2024-07-26 12:41:00,CNR4014855219,Driver Not Found,CID992425,Prime Plus,Kadugodi,Frazer Town,,,Not Applicable,Not Applicable,Not Applicable,Not Applicable,1194,Not Applicable,0,,
2024-07-25 02:17:00,CNR8335094022,Success,CID463275,Bike,JP Nagar,RT Nagar,154.0,140.0,Not Applicable,Not Applicable,No,Not Applicable,2983,Cash,47,4.5,4.2
2024-07-20 19:17:00,CNR6175097899,Success,CID361986,Prime Plus,MG Road,Hennur,259.0,105.0,Not Applicable,Not Applicable,No,Not Applicable,341,Cash,35,3.1,3.9
2024-07-02 23:56:00,CNR5673309363,Success,CID348148,eBike,Electronic City,Padmanabhanagar,49.0,125.0,Not Applicable,Not Applicable,No,Not Applicable,493,Cash,36,3.9,3.9
2024-07-14 06:46:00,CNR3167473327,Canceled by Customer,CID798816,Prime SUV,JP Nagar,Majestic,,,Driver asked to cancel,Not Applicable,Not Applicable,Not Applicable,392,Not Applicable,0,,
2024-07-06 14:21:00,CNR7763041999,Canceled by Customer,CID361197,Prime Plus,Yeshwanthpur,BTM Layout,,,Driver asked to cancel,Not Applicable,Not Applicable,Not Applicable,100,Not Applicable,0,,
2024-07-25 03:24:00,CNR9854837161,Success,CID883545,Prime SUV,MG Road,Peenya,98.0,95.0,Not Applicable,Not Applicable,No,Not Applicable,147,Cash,12,4.6,4.5
2024-07-07 06:29:00,CNR8766179553,Canceled by Driver,CID801299,Mini,Varthur,Banashankari,,,Not Applicable,Personal & Car related issue,Not Applicable,Not Applicable,415,Not Applicable,0,,
2024-07-09 23:26:00,CNR3473811937,Success,CID841406,Bike,Nagarbhavi,Padmanabhanagar,203.0,50.0,Not Applicable,Not Applicable,No,Not Applicable,280,UPI,35,3.5,3.1
2024-07-05 04:39:00,CNR6005478736,Canceled by Customer,CID729938,Auto,Yelahanka,Ulsoor,,,Change of plans,Not Applicable,Not Applicable,Not Applicable,362,Not Applicable,0,,
2024-07-17 04:04:00,CNR2589057568,Success,CID845118,eBike,Shivajinagar,Kammanahalli,56.0,100.0,Not Applicable,Not Applicable,No,Not Applicable,429,Cash,10,3.2,4.4
2024-07-09 21:42:00,CNR1065433979,Success,CID945439,Bike,Koramangala,Tumkur Road,35.0,115.0,Not Applicable,Not Applicable,No,Not Applicable,367,UPI,46,4.7,3.1
2024-07-20 13:34:00,CNR5236696936,Success,CID230590,Prime Sedan,Tumkur Road,Varthur,224.0,95.0,Not Applicable,Not Applicable,No,Not Applicable,130,Cash,13,3.3,4.1
2024-07-06 01:52:00,CNR5179731196,Canceled by Driver,CID834642,Prime Plus,Kadugodi,Magadi Road,,,Not Applicable,Personal & Car related issue,Not Applicable,Not Applicable,424,Not Applicable,0,,
2024-07-02 11:37:00,CNR7458646154,Canceled by Customer,CID774664,Prime SUV,Peenya,Rajarajeshwari Nagar,,,Driver asked to cancel,Not Applicable,Not Applicable,Not Applicable,355,Not Applicable,0,,
2024-07-28 09:48:00,CNR5131535803,Success,CID799585,Bike,Mysore Road,Devanahalli,35.0,70.0,Not Applicable,Not Applicable,No,Not Applicable,334,UPI,9,3.8,3.6
2024-07-02 02:16:00,CNR9189934293,Success,CID991916,Mini,Peenya,Bannerghatta Road,70.0,140.0,Not Applicable,Not Applicable,No,Not Applicable,313,Cash,33,4.0,4.0
2024-07-04 14:19:00,CNR5871861803,Success,CID941994,Auto,Sahakar Nagar,Ulsoor,259.0,35.0,Not Applicable,Not Applicable,No,Not Applicable,663,UPI,9,3.8,3.3
2024-07-07 04:44:00,CNR5531671874,Success,CID661713,Prime Plus,Nagarbhavi,Chickpet,182.0,120.0,Not Applicable,Not Applicable,No,Not Applicable,137,Cash,40,4.2,3.4
2024-07-02 01:56:00,CNR1593013114,Success,CID672062,Bike,JP Nagar,Yeshwanthpur,175.0,80.0,Not Applicable,Not Applicable,No,Not Applicable,2143,Cash,22,4.8,3.6
2024-07-17 08:59:00,CNR2543201360,Driver Not Found,CID130588,Auto,Yeshwanthpur,KR Puram,,,Not Applicable,Not Applicable,Not Applicable,Not Applicable,233,Not Applicable,0,,
2024-07-08 23:12:00,CNR9452482243,Success,CID220625,Prime SUV,Chickpet,Kengeri,266.0,140.0,Not Applicable,Not Applicable,No,Not Applicable,314,Cash,45,3.1,4.3
2024-07-23 06:37:00,CNR9940804324,Success,CID777590,eBike,Magadi Road,KR Puram,126.0,90.0,Not Applicable,Not Applicable,No,Not Applicable,436,UPI,25,4.3,3.5
2024-07-23 17:15:00,CNR6661459238,Success,CID463999,Prime SUV,Majestic,Koramangala,35.0,25.0,Not Applicable,Not Applicable,No,Not Applicable,195,Cash,24,4.1,3.8
2024-07-11 04:58:00,CNR5216470036,Success,CID195805,Bike,Vijayanagar,Bannerghatta Road,273.0,40.0,Not Applicable,Not Applicable,No,Not Applicable,228,Cash,20,4.3,4.0
2024-07-24 14:52:00,CNR5336778600,Success,CID165695,eBike,Yelahanka,Chickpet,203.0,35.0,Not Applicable,Not Applicable,No,Not Applicable,321,UPI,21,3.3,4.1
2024-07-23 01:24:00,CNR5475578787,Success,CID402573,Prime Sedan,HSR Layout,KR Puram,301.0,30.0,Not Applicable,Not Applicable,No,Not Applicable,292,Cash,36,3.8,4.8
2024-07-27 20:21:00,CNR9510533794,Driver Not Found,CID900524,eBike,Langford Town,Hulimavu,,,Not Applicable,Not Applicable,Not Applicable,Not Applicable,2025,Not Applicable,0,,
2024-07-12 07:52:00,CNR8932144943,Success,CID962464,Bike,Padmanabhanagar,Yeshwanthpur,196.0,25.0,Not Applicable,Not Applicable,No,Not Applicable,130,Cash,17,3.1,3.5
2024-07-28 15:28:00,CNR2903048877,Canceled by Driver,CID701483,Mini,Yelahanka,Richmond Town,,,Not Applicable,Customer related issue,Not Applicable,Not Applicable,851,Not Applicable,0,,
2024-07-19 13:27:00,CNR5621387410,Success,CID849379,Prime Plus,Varthur,Hulimavu,168.0,110.0,Not Applicable,Not Applicable,No,Not Applicable,344,Cash,17,4.0,4.2
2024-07-24 20:24:00,CNR3371085450,Success,CID618361,Auto,Marathahalli,Jayanagar,280.0,130.0,Not Applicable,Not Applicable,No,Not Applicable,411,Cash,15,3.4,3.1
2024-07-23 06:57:00,CNR4947298814,Success,CID440070,eBike,Tumkur Road,Yeshwanthpur,175.0,55.0,Not Applicable,Not Applicable,No,Not Applicable,168,UPI,19,4.7,3.7
2024-07-28 20:12:00,CNR7478254949,Success,CID826559,Bike,Frazer Town,Sarjapur Road,42.0,45.0,Not Applicable,Not Applicable,No,Not Applicable,402,Cash,46,3.2,4.4
2024-07-29 14:49:00,CNR2802569346,Success,CID759230,Prime SUV,Rajarajeshwari Nagar,Ulsoor,98.0,50.0,Not Applicable,Not Applicable,Yes,Customer Demand,862,Cash,39,3.8,3.2
2024-07-18 05:01:00,CNR1482277519,Success,CID149958,Prime Plus,BTM Layout,Frazer Town,77.0,25.0,Not Applicable,Not Applicable,Yes,Vehicle Breakdown,440,UPI,31,3.2,3.7
2024-07-05 10:46:00,CNR2131978240,Success,CID463350,Prime Sedan,Kammanahalli,Frazer Town,294.0,55.0,Not Applicable,Not Applicable,No,Not Applicable,298,Cash,13,3.5,3.5
2024-07-10 09:55:00,CNR4601547349,Success,CID535628,Mini,Chamarajpet,BTM Layout,259.0,70.0,Not Applicable,Not Applicable,No,Not Applicable,857,UPI,31,4.7,4.9
2024-07-17 04:55:00,CNR2016952781,Driver Not Found,CID325986,Prime SUV,JP Nagar,Shivajinagar,,,Not Applicable,Not Applicable,Not Applicable,Not Applicable,494,Not Applicable,0,,
2024-07-17 16:05:00,CNR8261464815,Success,CID714833,Mini,Langford Town,Langford Town,140.0,100.0,Not Applicable,Not Applicable,No,Not Applicable,495,Cash,30,3.1,4.5
2024-07-01 00:24:00,CNR9143514480,Success,CID573276,Bike,Malleshwaram,Kammanahalli,231.0,65.0,Not Applicable,Not Applicable,No,Not Applicable,366,Cash,26,4.5,3.1
2024-07-19 18:49:00,CNR2651570150,Canceled by Customer,CID933489,eBike,Frazer Town,Basavanagudi,,,Driver is not moving towards pickup location,Not Applicable,Not Applicable,Not Applicable,241,Not Applicable,0,,
2024-07-03 16:09:00,CNR9244138570,Canceled by Driver,CID435990,Bike,Electronic City,Ulsoor,,,Not Applicable,Customer was coughing/sick,Not Applicable,Not Applicable,222,Not Applicable,0,,
2024-07-19 23:14:00,CNR9671138532,Success,CID403139,Prime SUV,Yelahanka,RT Nagar,140.0,45.0,Not Applicable,Not Applicable,No,Not Applicable,401,Cash,23,4.6,4.8
2024-07-23 15:44:00,CNR8030967043,Success,CID100909,Mini,Hennur,HSR Layout,217.0,125.0,Not Applicable,Not Applicable,No,Not Applicable,422,Cash,12,4.5,4.0
2024-07-15 22:10:00,CNR4576928324,Success,CID978443,Prime Plus,HSR Layout,Richmond Town,77.0,105.0,Not Applicable,Not Applicable,No,Not Applicable,981,Cash,47,3.2,3.1
2024-07-04 14:31:00,CNR1621937548,Success,CID406535,Bike,Yeshwanthpur,Malleshwaram,119.0,45.0,Not Applicable,Not Applicable,Yes,Customer Demand,2692,UPI,29,4.5,4.9
2024-07-02 00:00:00,CNR3359940767,Success,CID603483,eBike,Sahakar Nagar,Whitefield,35.0,45.0,Not Applicable,Not Applicable,No,Not Applicable,940,Cash,33,3.5,3.6
2024-07-27 22:20:00,CNR4955989259,Driver Not Found,CID180714,Prime Plus,Kengeri,Langford Town,,,Not Applicable,Not Applicable,Not Applicable,Not Applicable,666,Not Applicable,0,,
2024-07-20 11:05:00,CNR5469530653,Success,CID150713,Prime Sedan,Ramamurthy Nagar,Chickpet,182.0,80.0,Not Applicable,Not Applicable,No,Not Applicable,145,Cash,22,3.2,3.8
2024-07-12 13:59:00,CNR4759129364,Success,CID338698,eBike,Tumkur Road,Tumkur Road,252.0,25.0,Not Applicable,Not Applicable,No,Not Applicable,889,UPI,20,4.1,3.3
2024-07-17 06:08:00,CNR4953874122,Success,CID862268,eBike,Peenya,Rajarajeshwari Nagar,175.0,50.0,Not Applicable,Not Applicable,No,Not Applicable,365,UPI,38,4.5,3.4
2024-07-01 09:09:00,CNR3825555624,Canceled by Driver,CID386345,eBike,Koramangala,Malleshwaram,,,Not Applicable,More than permitted people in there,Not Applicable,Not Applicable,420,Not Applicable,0,,
2024-07-05 21:33:00,CNR2875140425,Canceled by Driver,CID545555,Prime Plus,MG Road,Chamarajpet,,,Not Applicable,Customer related issue,Not Applicable,Not Applicable,265,Not Applicable,0,,
2024-07-08 21:24:00,CNR8971444367,Success,CID271376,Prime Plus,Bellandur,Nagarbhavi,105.0,125.0,Not Applicable,Not Applicable,No,Not Applicable,457,UPI,32,4.4,4.9
2024-07-26 18:54:00,CNR4986318906,Canceled by Driver,CID206346,Prime Plus,Tumkur Road,Kadugodi,,,Not Applicable,Customer was coughing/sick,Not Applicable,Not Applicable,432,Not Applicable,0,,
2024-07-18 05:23:00,CNR2007999169,Canceled by Driver,CID513267,eBike,Koramangala,MG Road,,,Not Applicable,Customer was coughing/sick,Not Applicable,Not Applicable,307,Not Applicable,0,,
2024-07-13 09:29:00,CNR4633974296,Canceled by Customer,CID829179,eBike,Frazer Town,Devanahalli,,,Driver asked to cancel,Not Applicable,Not Applicable,Not Applicable,936,Not Applicable,0,,
2024-07-24 19:45:00,CNR6370142467,Success,CID330861,Mini,Ramamurthy Nagar,Marathahalli,70.0,110.0,Not Applicable,Not Applicable,No,Not Applicable,348,Debit Card,7,3.0,4.2
2024-07-19 07:22:00,CNR6885733170,Success,CID293453,Mini,Malleshwaram,BTM Layout,259.0,25.0,Not Applicable,Not Applicable,No,Not Applicable,803,Cash,15,4.1,3.0
2024-07-07 02:41:00,CNR2539619441,Success,CID683593,Prime Sedan,JP Nagar,Bellandur,126.0,100.0,Not Applicable,Not Applicable,No,Not Applicable,110,UPI,25,3.4,3.0
2024-07-21 12:00:00,CNR9704196587,Driver Not Found,CID444599,Auto,Rajarajeshwari Nagar,Marathahalli,,,Not Applicable,Not Applicable,Not Applicable,Not Applicable,1565,Not Applicable,0,,
2024-07-08 03:41:00,CNR3477253794,Canceled by Driver,CID301952,Auto,Nagarbhavi,Hulimavu,,,Not Applicable,Customer related issue,Not Applicable,Not Applicable,206,Not Applicable,0,,
2024-07-26 08:35:00,CNR9228490018,Canceled by Driver,CID987568,Mini,Indiranagar,BTM Layout,,,Not Applicable,Customer related issue,Not Applicable,Not Applicable,652,Not Applicable,0,,
2024-07-16 13:53:00,CNR1455777381,Success,CID679869,Auto,BTM Layout,Hebbal,105.0,35.0,Not Applicable,Not Applicable,No,Not Applicable,174,UPI,14,3.6,3.0
2024-07-14 10:07:00,CNR1845226105,Success,CID709900,Prime Plus,Koramangala,Kammanahalli,98.0,60.0,Not Applicable,Not Applicable,No,Not Applicable,841,UPI,9,4.9,3.9
2024-07-10 14:38:00,CNR5018207915,Success,CID787830,Auto,Kadugodi,Shantinagar,280.0,70.0,Not Applicable,Not Applicable,No,Not Applicable,899,UPI,15,4.7,3.6
2024-07-01 21:37:00,CNR9800796197,Canceled by Customer,CID664911,eBike,Indiranagar,Shantinagar,,,Change of plans,Not Applicable,Not Applicable,Not Applicable,271,Not Applicable,0,,
2024-07-22 23:51:00,CNR9873351533,Success,CID279825,eBike,Basavanagudi,Chickpet,224.0,130.0,Not Applicable,Not Applicable,No,Not Applicable,472,Cash,9,3.9,3.9
2024-07-16 07:53:00,CNR1848010411,Success,CID651511,Bike,Kadugodi,Whitefield,175.0,120.0,Not Applicable,Not Applicable,No,Not Applicable,481,Cash,44,3.1,4.9
2024-07-23 17:22:00,CNR2640509495,Success,CID752664,Bike,Ulsoor,Electronic City,308.0,140.0,Not Applicable,Not Applicable,No,Not Applicable,262,Cash,40,3.7,3.6
2024-07-05 22:24:00,CNR4336997836,Success,CID565222,Mini,Bellandur,Indiranagar,301.0,120.0,Not Applicable,Not Applicable,No,Not Applicable,197,UPI,23,4.2,3.5
2024-07-24 09:59:00,CNR3560525679,Canceled by Driver,CID743241,Mini,RT Nagar,Cox Town,,,Not Applicable,Personal & Car related issue,Not Applicable,Not Applicable,431,Not Applicable,0,,
2024-07-17 13:02:00,CNR9567814910,Canceled by Driver,CID441851,Bike,Peenya,Hosur Road,,,Not Applicable,Customer related issue,Not Applicable,Not Applicable,369,Not Applicable,0,,
2024-07-09 11:51:00,CNR5971705322,Success,CID838803,Prime Sedan,HSR Layout,Rajarajeshwari Nagar,294.0,115.0,Not Applicable,Not Applicable,No,Not Applicable,126,UPI,45,4.1,3.6
2024-07-01 14:30:00,CNR9413790100,Success,CID933983,Bike,Nagarbhavi,Koramangala,280.0,90.0,Not Applicable,Not Applicable,No,Not Applicable,312,UPI,20,3.5,4.5
2024-07-22 13:01:00,CNR2669148849,Success,CID989186,eBike,RT Nagar,Frazer Town,231.0,145.0,Not Applicable,Not Applicable,No,Not Applicable,893,Cash,38,4.8,4.5
2024-07-04 12:49:00,CNR4504011441,Success,CID535975,Bike,Hosur Road,Kammanahalli,168.0,95.0,Not Applicable,Not Applicable,No,Not Applicable,430,UPI,37,3.8,3.1
2024-07-04 16:04:00,CNR1034391184,Canceled by Customer,CID857557,Mini,Banashankari,Chickpet,,,AC is Not working,Not Applicable,Not Applicable,Not Applicable,619,Not Applicable,0,,
2024-07-10 03:07:00,CNR5064305111,Driver Not Found,CID374462,eBike,Peenya,RT Nagar,,,Not Applicable,Not Applicable,Not Applicable,Not Applicable,760,Not Applicable,0,,
2024-07-03 15:39:00,CNR9251636400,Canceled by Driver,CID853655,Prime SUV,Magadi Road,Hulimavu,,,Not Applicable,Personal & Car related issue,Not Applicable,Not Applicable,245,Not Applicable,0,,
2024-07-12 21:42:00,CNR3816996936,Success,CID431960,Mini,Majestic,Majestic,287.0,140.0,Not Applicable,Not Applicable,No,Not Applicable,945,UPI,46,4.1,5.0
2024-07-20 17:33:00,CNR7536835503,Success,CID312167,Auto,Yeshwanthpur,Electronic City,70.0,120.0,Not Applicable,Not Applicable,No,Not Applicable,322,UPI,12,3.2,4.1
2024-07-12 11:37:00,CNR8162304066,Canceled by Driver,CID697785,Auto,Hennur,KR Puram,,,Not Applicable,Customer related issue,Not Applicable,Not Applicable,461,Not Applicable,0,,
2024-07-11 06:33:00,CNR3914575990,Success,CID236296,Prime Sedan,Indiranagar,Sahakar Nagar,238.0,120.0,Not Applicable,Not Applicable,No,Not Applicable,231,UPI,23,4.3,3.3
2024-07-14 12:28:00,CNR3005304320,Success,CID429356,Prime Sedan,Shantinagar,Sahakar Nagar,91.0,55.0,Not Applicable,Not Applicable,No,Not Applicable,943,UPI,16,4.4,4.9
2024-07-27 15:16:00,CNR4050863083,Success,CID162471,Prime SUV,Kadugodi,Langford Town,119.0,70.0,Not Applicable,Not Applicable,No,Not Applicable,1437,UPI,44,4.6,3.6
2024-07-30 14:08:00,CNR2411064664,Success,CID272158,Auto,Rajajinagar,Bannerghatta Road,126.0,115.0,Not Applicable,Not Applicable,No,Not Applicable,244,Cash,15,5.0,4.3
2024-07-25 19:48:00,CNR5217300585,Success,CID934500,Auto,KR Puram,Cox Town,119.0,75.0,Not Applicable,Not Applicable,Yes,Vehicle Breakdown,480,UPI,16,5.0,4.9
2024-07-23 16:13:00,CNR8388324687,Success,CID505960,eBike,Sarjapur Road,Bannerghatta Road,98.0,45.0,Not Applicable,Not Applicable,No,Not Applicable,1953,UPI,48,3.1,4.5
2024-07-19 19:28:00,CNR7946609062,Canceled by Customer,CID748152,Prime SUV,Sahakar Nagar,BTM Layout,,,Driver is not moving towards pickup location,Not Applicable,Not Applicable,Not Applicable,489,Not Applicable,0,,
2024-07-11 20:44:00,CNR6956210524,Success,CID260268,Prime Plus,Chamarajpet,Hulimavu,203.0,140.0,Not Applicable,Not Applicable,No,Not Applicable,395,UPI,40,3.7,5.0
2024-07-14 21:27:00,CNR2376623665,Canceled by Driver,CID517608,Auto,Tumkur Road,RT Nagar,,,Not Applicable,More than permitted people in there,Not Applicable,Not Applicable,172,Not Applicable,0,,
2024-07-22 14:32:00,CNR6606594434,Success,CID685670,Bike,Chickpet,Kengeri,119.0,65.0,Not Applicable,Not Applicable,No,Not Applicable,761,UPI,4,4.9,4.6
2024-07-30 07:31:00,CNR8944075412,Success,CID868387,Auto,Jayanagar,Bellandur,49.0,125.0,Not Applicable,Not Applicable,No,Not Applicable,120,Cash,17,3.9,4.8
2024-07-14 22:08:00,CNR7311493653,Canceled by Customer,CID334209,Prime Plus,Bellandur,BTM Layout,,,Driver is not moving towards pickup location,Not Applicable,Not Applicable,Not Applicable,628,Not Applicable,0,,
2024-07-23 02:53:00,CNR1483050756,Success,CID221078,eBike,Nagarbhavi,Yeshwanthpur,189.0,110.0,Not Applicable,Not Applicable,No,Not Applicable,190,UPI,45,3.5,3.4
2024-07-09 22:28:00,CNR3855254792,Canceled by Driver,CID316533,Prime Plus,RT Nagar,Langford Town,,,Not Applicable,Customer related issue,Not Applicable,Not Applicable,250,Not Applicable,0,,
2024-07-21 16:31:00,CNR5523130167,Canceled by Driver,CID423256,Prime SUV,Banashankari,Bannerghatta Road,,,Not Applicable,Personal & Car related issue,Not Applicable,Not Applicable,117,Not Applicable,0,,
2024-07-21 19:22:00,CNR3054796104,Canceled by Driver,CID135246,eBike,Sarjapur Road,Hosur Road,,,Not Applicable,Personal & Car related issue,Not Applicable,Not Applicable,335,Not Applicable,0,,
2024-07-11 14:54:00,CNR1008711605,Success,CID560094,Prime Sedan,Devanahalli,Chamarajpet,147.0,115.0,Not Applicable,Not Applicable,No,Not Applicable,273,Cash,19,4.5,3.2
2024-07-08 04:31:00,CNR3725151807,Success,CID540839,Prime Sedan,Nagarbhavi,Chickpet,217.0,125.0,Not Applicable,Not Applicable,Yes,Other Issue,257,UPI,40,3.6,4.9
2024-07-20 07:16:00,CNR2206592108,Success,CID828937,Prime Plus,Shivajinagar,Rajajinagar,63.0,95.0,Not Applicable,Not Applicable,No,Not Applicable,444,Credit Card,32,4.0,4.9
2024-07-14 07:32:00,CNR5903102256,Success,CID606768,Prime SUV,Chamarajpet,BTM Layout,287.0,30.0,Not Applicable,Not Applicable,No,Not Applicable,489,UPI,49,3.7,3.4
2024-07-16 04:10:00,CNR6170833300,Canceled by Driver,CID569931,Prime SUV,Whitefield,Hebbal,,,Not Applicable,More than permitted people in there,Not Applicable,Not Applicable,430,Not Applicable,0,,
2024-07-04 17:20:00,CNR4810570279,Success,CID121863,Bike,Hebbal,Cox Town,245.0,60.0,Not Applicable,Not Applicable,No,Not Applicable,850,UPI,39,4.3,4.1
2024-07-23 22:56:00,CNR8366624065,Success,CID169083,Prime Plus,KR Puram,Sahakar Nagar,252.0,120.0,Not Applicable,Not Applicable,No,Not Applicable,232,Cash,46,4.8,3.1
2024-07-17 11:36:00,CNR8323686531,Driver Not Found,CID986477,Prime Plus,Electronic City,Chamarajpet,,,Not Applicable,Not Applicable,Not Applicable,Not Applicable,120,Not Applicable,0,,
2024-07-22 08:54:00,CNR7421237413,Success,CID875580,Mini,Chickpet,Ramamurthy Nagar,182.0,115.0,Not Applicable,Not Applicable,No,Not Applicable,346,UPI,21,3.2,4.1
2024-07-09 21:34:00,CNR4139288867,Success,CID604702,Prime Sedan,Mysore Road,Jayanagar,70.0,115.0,Not Applicable,Not Applicable,No,Not Applicable,719,UPI,7,4.0,4.9
2024-07-11 04:38:00,CNR4882992683,Driver Not Found,CID105625,Prime Sedan,Whitefield,Sahakar Nagar,,,Not Applicable,Not Applicable,Not Applicable,Not Applicable,910,Not Applicable,0,,
2024-07-03 20:02:00,CNR6480385661,Canceled by Customer,CID230534,Prime SUV,Langford Town,Kengeri,,,AC is Not working,Not Applicable,Not Applicable,Not Applicable,224,Not Applicable,0,,
2024-07-15 19:53:00,CNR8287885768,Success,CID818841,Mini,BTM Layout,Banashankari,98.0,45.0,Not Applicable,Not Applicable,No,Not Applicable,2021,UPI,28,3.9,4.5
2024-07-26 19:51:00,CNR3947835737,Canceled by Customer,CID817831,eBike,Bannerghatta Road,Yeshwanthpur,,,Change of plans,Not Applicable,Not Applicable,Not Applicable,449,Not Applicable,0,,
2024-07-29 21:08:00,CNR1328269003,Success,CID359164,eBike,Marathahalli,Peenya,112.0,50.0,Not Applicable,Not Applicable,No,Not Applicable,337,Cash,32,4.2,3.0
2024-07-17 23:31:00,CNR3264798086,Success,CID338659,Prime Sedan,Varthur,KR Puram,252.0,70.0,Not Applicable,Not Applicable,No,Not Applicable,781,UPI,15,3.9,4.1
2024-07-30 21:23:00,CNR1592592946,Canceled by Driver,CID349457,Prime SUV,Frazer Town,Varthur,,,Not Applicable,Personal & Car related issue,Not Applicable,Not Applicable,459,Not Applicable,0,,
2024-07-22 11:17:00,CNR4435878179,Success,CID581108,Mini,Cox Town,Hebbal,112.0,35.0,Not Applicable,Not Applicable,No,Not Applicable,280,UPI,31,4.6,4.2
2024-07-04 12:15:00,CNR1993902920,Driver Not Found,CID805432,Bike,JP Nagar,HSR Layout,,,Not Applicable,Not Applicable,Not Applicable,Not Applicable,469,Not Applicable,0,,
2024-07-03 04:05:00,CNR7660228598,Success,CID470184,Prime Plus,KR Puram,Hebbal,210.0,65.0,Not Applicable,Not Applicable,No,Not Applicable,200,Cash,21,4.6,4.3
2024-07-01 00:43:00,CNR3984932448,Success,CID609934,Prime SUV,Banashankari,Hosur Road,140.0,45.0,Not Applicable,Not Applicable,No,Not Applicable,200,Cash,11,4.8,4.3
2024-07-07 04:33:00,CNR4615235930,Success,CID740790,Bike,Hosur Road,Tumkur Road,42.0,40.0,Not Applicable,Not Applicable,No,Not Applicable,430,UPI,1,3.9,3.1
2024-07-25 18:32:00,CNR6097775490,Success,CID120899,eBike,Shivajinagar,Malleshwaram,77.0,80.0,Not Applicable,Not Applicable,No,Not Applicable,308,UPI,21,4.1,3.7
2024-07-11 14:00:00,CNR5321175777,Success,CID273766,Bike,RT Nagar,KR Puram,91.0,45.0,Not Applicable,Not Applicable,Yes,Other Issue,363,Cash,21,4.9,3.5
2024-07-28 18:51:00,CNR3583754710,Success,CID924832,Prime SUV,Marathahalli,HSR Layout,140.0,110.0,Not Applicable,Not Applicable,No,Not Applicable,971,UPI,21,4.4,3.1
2024-07-16 04:53:00,CNR1133842249,Success,CID660178,Mini,Jayanagar,Hosur Road,112.0,105.0,Not Applicable,Not Applicable,No,Not Applicable,101,Cash,19,4.6,4.4
2024-07-03 13:08:00,CNR7255867228,Success,CID248946,Prime Sedan,Varthur,Indiranagar,119.0,40.0,Not Applicable,Not Applicable,No,Not Applicable,212,Cash,35,3.5,5.0
2024-07-05 03:57:00,CNR6302743296,Success,CID261863,Bike,Bellandur,Indiranagar,133.0,75.0,Not Applicable,Not Applicable,No,Not Applicable,187,Credit Card,41,4.4,4.4
2024-07-02 12:05:00,CNR8592345942,Success,CID519690,Prime Sedan,Ramamurthy Nagar,JP Nagar,154.0,100.0,Not Applicable,Not Applicable,No,Not Applicable,2868,Cash,18,4.6,3.3
2024-07-03 03:58:00,CNR9533426905,Success,CID599090,Prime Plus,Electronic City,Kadugodi,224.0,120.0,Not Applicable,Not Applicable,No,Not Applicable,634,Cash,15,4.2,4.1
2024-07-29 01:45:00,CNR1988985306,Canceled by Customer,CID621642,Prime Plus,Yeshwanthpur,Vijayanagar,,,Driver asked to cancel,Not Applicable,Not Applicable,Not Applicable,100,Not Applicable,0,,
2024-07-29 07:34:00,CNR8608839481,Canceled by Driver,CID493369,Auto,Hebbal,Banashankari,,,Not Applicable,Personal & Car related issue,Not Applicable,Not Applicable,615,Not Applicable,0,,
2024-07-13 03:00:00,CNR6699219891,Success,CID749948,Prime Plus,Sahakar Nagar,Yelahanka,84.0,110.0,Not Applicable,Not Applicable,No,Not Applicable,176,Cash,31,3.7,4.2
2024-07-18 17:16:00,CNR1797359883,Success,CID663264,Prime Sedan,KR Puram,Peenya,140.0,120.0,Not Applicable,Not Applicable,No,Not Applicable,250,UPI,11,4.4,3.5
2024-07-25 22:29:00,CNR3744496265,Success,CID613670,Mini,Yeshwanthpur,Kengeri,49.0,125.0,Not Applicable,Not Applicable,No,Not Applicable,280,Cash,48,3.9,4.9
2024-07-14 06:23:00,CNR1410417813,Driver Not Found,CID115937,Prime Sedan,Padmanabhanagar,JP Nagar,,,Not Applicable,Not Applicable,Not Applicable,Not Applicable,438,Not Applicable,0,,
2024-07-02 12:01:00,CNR9465275100,Success,CID741389,Mini,Magadi Road,Bellandur,42.0,50.0,Not Applicable,Not Applicable,No,Not Applicable,462,UPI,5,3.2,4.2
2024-07-25 12:05:00,CNR3763554596,Canceled by Driver,CID769588,Mini,Kammanahalli,Nagarbhavi,,,Not Applicable,Customer was coughing/sick,Not Applicable,Not Applicable,483,Not Applicable,0,,
2024-07-12 10:44:00,CNR7838566313,Canceled by Driver,CID609659,Bike,Shantinagar,Shantinagar,,,Not Applicable,Customer was coughing/sick,Not Applicable,Not Applicable,359,Not Applicable,0,,
2024-07-04 21:44:00,CNR6431242862,Success,CID478237,Auto,Peenya,Shantinagar,259.0,110.0,Not Applicable,Not Applicable,No,Not Applicable,193,Credit Card,15,3.4,4.5
2024-07-23 22:06:00,CNR4469889468,Driver Not Found,CID599163,Mini,Electronic City,Whitefield,,,Not Applicable,Not Applicable,Not Applicable,Not Applicable,425,Not Applicable,0,,
2024-07-20 04:21:00,CNR9125472011,Canceled by Customer,CID481662,Bike,Yelahanka,Banashankari,,,Driver is not moving towards pickup location,Not Applicable,Not Applicable,Not Applicable,257,Not Applicable,0,,
2024-07-09 23:55:00,CNR2217207863,Success,CID604843,Prime Sedan,Banashankari,Ramamurthy Nagar,84.0,130.0,Not Applicable,Not Applicable,No,Not Applicable,374,Cash,28,5.0,4.7
2024-07-29 05:33:00,CNR4866452175,Canceled by Customer,CID206134,Prime Plus,Hennur,Chickpet,,,Driver asked to cancel,Not Applicable,Not Applicable,Not Applicable,556,Not Applicable,0,,
2024-07-08 06:59:00,CNR3618050405,Success,CID170475,Prime SUV,Padmanabhanagar,Indiranagar,35.0,40.0,Not Applicable,Not Applicable,No,Not Applicable,379,Cash,22,4.1,3.9
2024-07-04 20:18:00,CNR8008202119,Success,CID211313,Auto,RT Nagar,Sahakar Nagar,126.0,115.0,Not Applicable,Not Applicable,No,Not Applicable,237,Cash,18,4.2,4.1
2024-07-16 22:26:00,CNR7049881334,Success,CID942249,eBike,Vijayanagar,Ramamurthy Nagar,259.0,145.0,Not Applicable,Not Applicable,No,Not Applicable,453,UPI,25,3.3,3.6
2024-07-03 12:39:00,CNR9263570505,Canceled by Customer,CID792904,Auto,Peenya,Hennur,,,AC is Not working,Not Applicable,Not Applicable,Not Applicable,279,Not Applicable,0,,
2024-07-22 10:58:00,CNR6179910250,Canceled by Customer,CID839941,Mini,Electronic City,Electronic City,,,Driver is not moving towards pickup location,Not Applicable,Not Applicable,Not Applicable,144,Not Applicable,0,,
2024-07-07 04:35:00,CNR6247487966,Canceled by Driver,CID185087,Bike,Nagarbhavi,Peenya,,,Not Applicable,Customer was coughing/sick,Not Applicable,Not Applicable,598,Not Applicable,0,,
2024-07-27 08:04:00,CNR7362200685,Canceled by Customer,CID667189,Bike,Peenya,Tumkur Road,,,AC is Not working,Not Applicable,Not Applicable,Not Applicable,175,Not Applicable,0,,
2024-07-14 04:12:00,CNR1442813794,Success,CID721561,Bike,Yelahanka,MG Road,63.0,115.0,Not Applicable,Not Applicable,No,Not Applicable,662,Credit Card,27,4.3,3.8
2024-07-28 16:59:00,CNR7085299357,Success,CID173016,Prime Plus,Ulsoor,Ramamurthy Nagar,182.0,95.0,Not Applicable,Not Applicable,No,Not Applicable,2731,Cash,23,3.7,3.6
2024-07-25 14:42:00,CNR6003130549,Success,CID542002,Prime Sedan,Magadi Road,Banashankari,245.0,50.0,Not Applicable,Not Applicable,No,Not Applicable,261,Cash,7,3.2,3.2
2024-07-19 09:12:00,CNR5406663282,Success,CID807304,Prime Plus,Shivajinagar,Hulimavu,154.0,120.0,Not Applicable,Not Applicable,No,Not Applicable,2663,Cash,13,4.1,3.8
2024-07-30 09:36:00,CNR4751240926,Success,CID693425,eBike,Chickpet,Rajarajeshwari Nagar,84.0,130.0,Not Applicable,Not Applicable,No,Not Applicable,362,Cash,26,4.9,3.2
2024-07-15 20:01:00,CNR1394998414,Success,CID644069,Prime SUV,Indiranagar,Yelahanka,126.0,135.0,Not Applicable,Not Applicable,No,Not Applicable,442,UPI,2,4.7,3.8
2024-07-30 00:09:00,CNR4597739392,Driver Not Found,CID996832,eBike,Hennur,Majestic,,,Not Applicable,Not Applicable,Not Applicable,Not Applicable,379,Not Applicable,0,,
2024-07-11 04:58:00,CNR3612799048,Success,CID806036,Mini,Mysore Road,JP Nagar,182.0,50.0,Not Applicable,Not Applicable,No,Not Applicable,543,Debit Card,12,4.0,4.2
2024-07-26 02:19:00,CNR4065030804,Success,CID834121,Bike,Tumkur Road,Vijayanagar,56.0,125.0,Not Applicable,Not Applicable,No,Not Applicable,801,Cash,12,4.5,3.9
2024-07-24 21:21:00,CNR7661220148,Success,CID975412,Prime SUV,Tumkur Road,Basavanagudi,203.0,70.0,Not Applicable,Not Applicable,No,Not Applicable,781,UPI,37,3.4,4.5
2024-07-04 05:27:00,CNR2507676039,Success,CID912969,Bike,Electronic City,Banashankari,189.0,25.0,Not Applicable,Not Applicable,No,Not Applicable,175,UPI,12,4.7,5.0
2024-07-30 19:24:00,CNR8853347531,Canceled by Customer,CID915108,Prime Sedan,Bannerghatta Road,Peenya,,,Change of plans,Not Applicable,Not Applicable,Not Applicable,657,Not Applicable,0,,
2024-07-06 12:27:00,CNR4492558277,Success,CID640726,Prime Sedan,Nagarbhavi,RT Nagar,210.0,140.0,Not Applicable,Not Applicable,No,Not Applicable,727,Cash,5,3.3,3.3
2024-07-14 21:45:00,CNR9695539321,Success,CID134168,Bike,Frazer Town,Rajajinagar,182.0,85.0,Not Applicable,Not Applicable,No,Not Applicable,512,Cash,46,4.7,3.1
2024-07-12 23:34:00,CNR4842203348,Success,CID714747,Prime Sedan,MG Road,Yeshwanthpur,224.0,100.0,Not Applicable,Not Applicable,No,Not Applicable,963,UPI,20,3.1,3.9
2024-07-16 20:58:00,CNR1916695021,Success,CID496925,Auto,Shivajinagar,HSR Layout,259.0,30.0,Not Applicable,Not Applicable,No,Not Applicable,771,Cash,13,4.0,3.4
2024-07-29 15:56:00,CNR5817725733,Success,CID251581,Prime Plus,Chickpet,Kadugodi,91.0,105.0,Not Applicable,Not Applicable,Yes,Vehicle Breakdown,165,Credit Card,45,4.8,3.1
2024-07-06 12:12:00,CNR8225455003,Success,CID345820,Prime SUV,Shantinagar,Rajajinagar,231.0,140.0,Not Applicable,Not Applicable,No,Not Applicable,477,UPI,12,3.0,4.2
2024-07-03 03:27:00,CNR6312541740,Success,CID722682,Mini,Malleshwaram,Ulsoor,301.0,75.0,Not Applicable,Not Applicable,No,Not Applicable,352,UPI,14,3.1,4.4
2024-07-09 05:37:00,CNR3660061665,Success,CID603919,Bike,Sarjapur Road,Basavanagudi,42.0,115.0,Not Applicable,Not Applicable,No,Not Applicable,189,Cash,42,4.7,4.7
2024-07-13 19:49:00,CNR8030594236,Driver Not Found,CID399074,eBike,Banashankari,Devanahalli,,,Not Applicable,Not Applicable,Not Applicable,Not Applicable,641,Not Applicable,0,,
2024-07-19 00:05:00,CNR4083757209,Success,CID512651,Auto,Rajajinagar,HSR Layout,224.0,90.0,Not Applicable,Not Applicable,No,Not Applicable,439,Cash,7,3.5,3.7
2024-07-29 08:16:00,CNR1602784427,Success,CID438055,Auto,Devanahalli,Marathahalli,175.0,125.0,Not Applicable,Not Applicable,No,Not Applicable,332,Cash,15,3.5,4.2
2024-07-20 08:13:00,CNR3612880858,Success,CID639663,Bike,Majestic,Kengeri,301.0,120.0,Not Applicable,Not Applicable,No,Not Applicable,892,Cash,40,5.0,3.9
2024-07-30 12:14:00,CNR9267725861,Success,CID750881,Prime Sedan,Koramangala,Padmanabhanagar,182.0,90.0,Not Applicable,Not Applicable,No,Not Applicable,374,Cash,34,4.2,3.4
2024-07-27 10:13:00,CNR5221973712,Success,CID272491,Bike,Richmond Town,Langford Town,217.0,135.0,Not Applicable,Not Applicable,Yes,Customer Demand,344,Cash,39,3.9,4.9
2024-07-26 00:54:00,CNR6386191709,Success,CID318392,Auto,Majestic,Kengeri,119.0,105.0,Not Applicable,Not Applicable,No,Not Applicable,386,UPI,9,4.5,4.7
2024-07-25 11:54:00,CNR7247390618,Success,CID967348,Mini,Padmanabhanagar,JP Nagar,147.0,120.0,Not Applicable,Not Applicable,No,Not Applicable,411,Cash,5,4.2,3.7
2024-07-14 15:15:00,CNR1172877341,Success,CID457918,Prime Sedan,Kengeri,Nagarbhavi,168.0,35.0,Not Applicable,Not Applicable,No,Not Applicable,2366,UPI,6,3.5,4.8
2024-07-16 19:23:00,CNR1197126014,Success,CID806323,Bike,Langford Town,Varthur,161.0,125.0,Not Applicable,Not Applicable,Yes,Other Issue,437,Cash,31,4.1,4.5
2024-07-03 08:17:00,CNR7946498375,Canceled by Customer,CID674493,eBike,Electronic City,Frazer Town,,,Change of plans,Not Applicable,Not Applicable,Not Applicable,370,Not Applicable,0,,
2024-07-10 23:11:00,CNR9632828719,Success,CID659632,Mini,Yelahanka,Rajarajeshwari Nagar,91.0,70.0,Not Applicable,Not Applicable,No,Not Applicable,730,UPI,30,4.3,4.0
2024-07-24 18:56:00,CNR3599684409,Canceled by Driver,CID242213,eBike,RT Nagar,Sarjapur Road,,,Not Applicable,Customer was coughing/sick,Not Applicable,Not Applicable,539,Not Applicable,0,,
2024-07-14 11:40:00,CNR2675781411,Success,CID327776,Mini,Yeshwanthpur,Ramamurthy Nagar,231.0,55.0,Not Applicable,Not Applicable,No,Not Applicable,953,Cash,35,3.7,5.0
2024-07-27 12:30:00,CNR9655448120,Success,CID375129,Mini,Magadi Road,Ulsoor,126.0,30.0,Not Applicable,Not Applicable,No,Not Applicable,434,UPI,45,3.3,4.7
2024-07-25 11:24:00,CNR5528699639,Success,CID588109,Mini,Magadi Road,Hennur,252.0,55.0,Not Applicable,Not Applicable,No,Not Applicable,257,Cash,13,4.3,3.0
2024-07-14 02:09:00,CNR8381125368,Success,CID666258,Auto,Chickpet,Ramamurthy Nagar,119.0,45.0,Not Applicable,Not Applicable,No,Not Applicable,533,Cash,15,4.9,3.1
2024-07-15 01:32:00,CNR9629101809,Success,CID963254,Prime SUV,Banashankari,Chamarajpet,112.0,95.0,Not Applicable,Not Applicable,No,Not Applicable,303,UPI,43,4.3,4.4
2024-07-16 16:28:00,CNR5007616851,Success,CID121297,Prime SUV,Cox Town,Yelahanka,175.0,100.0,Not Applicable,Not Applicable,No,Not Applicable,399,Cash,38,4.1,4.4
2024-07-15 04:03:00,CNR7132363741,Success,CID638311,Prime Sedan,HSR Layout,Rajarajeshwari Nagar,294.0,95.0,Not Applicable,Not Applicable,No,Not Applicable,265,Cash,40,4.6,4.5
2024-07-08 00:12:00,CNR9264264278,Canceled by Driver,CID753150,Prime SUV,Chamarajpet,BTM Layout,,,Not Applicable,Personal & Car related issue,Not Applicable,Not Applicable,1410,Not Applicable,0,,
2024-07-30 06:10:00,CNR7177518783,Success,CID130981,Prime SUV,Chamarajpet,MG Road,56.0,95.0,Not Applicable,Not Applicable,No,Not Applicable,204,UPI,1,3.2,3.7
2024-07-07 21:04:00,CNR2372689288,Canceled by Driver,CID107678,eBike,Hulimavu,Tumkur Road,,,Not Applicable,Customer related issue,Not Applicable,Not Applicable,208,Not Applicable,0,,
2024-07-20 17:03:00,CNR7113695323,Success,CID410936,Prime Plus,Langford Town,Hennur,224.0,60.0,Not Applicable,Not Applicable,No,Not Applicable,288,UPI,25,3.7,4.9
2024-07-23 03:49:00,CNR3425284914,Success,CID789862,Auto,Chickpet,Vijayanagar,266.0,30.0,Not Applicable,Not Applicable,No,Not Applicable,108,Cash,13,4.4,5.0
2024-07-30 15:21:00,CNR7440170738,Canceled by Driver,CID289503,Prime SUV,Mysore Road,Kengeri,,,Not Applicable,Customer was coughing/sick,Not Applicable,Not Applicable,181,Not Applicable,0,,
2024-07-19 13:34:00,CNR9135138835,Success,CID903575,Auto,Kadugodi,Langford Town,182.0,120.0,Not Applicable,Not Applicable,No,Not Applicable,124,UPI,4,4.2,4.9
2024-07-05 23:46:00,CNR4803552942,Success,CID374064,Bike,JP Nagar,Cox Town,126.0,65.0,Not Applicable,Not Applicable,No,Not Applicable,2100,Cash,25,4.9,4.6
2024-07-30 20:41:00,CNR7980098247,Canceled by Customer,CID469436,Prime SUV,Chickpet,Frazer Town,,,Change of plans,Not Applicable,Not Applicable,Not Applicable,414,Not Applicable,0,,
2024-07-29 17:31:00,CNR4181127199,Success,CID465756,eBike,Marathahalli,Hennur,266.0,110.0,Not Applicable,Not Applicable,No,Not Applicable,389,Cash,17,4.0,3.2
2024-07-23 21:14:00,CNR3202752058,Success,CID287256,Prime SUV,Shantinagar,Mysore Road,224.0,130.0,Not Applicable,Not Applicable,No,Not Applicable,2897,UPI,44,4.9,4.4
2024-07-18 18:30:00,CNR9230018415,Canceled by Driver,CID937990,Prime SUV,Electronic City,Tumkur Road,,,Not Applicable,Customer was coughing/sick,Not Applicable,Not Applicable,274,Not Applicable,0,,
2024-07-16 00:32:00,CNR9913580831,Canceled by Customer,CID592610,Prime Plus,Hennur,Majestic,,,Driver is not moving towards pickup location,Not Applicable,Not Applicable,Not Applicable,299,Not Applicable,0,,
2024-07-23 12:30:00,CNR5738965577,Success,CID599895,Bike,Shantinagar,Malleshwaram,175.0,120.0,Not Applicable,Not Applicable,No,Not Applicable,952,Cash,37,4.1,3.3
2024-07-13 00:07:00,CNR8734195989,Success,CID733060,Prime Sedan,Kadugodi,Peenya,91.0,55.0,Not Applicable,Not Applicable,No,Not Applicable,356,UPI,45,4.5,4.4
2024-07-13 08:37:00,CNR3584814103,Canceled by Driver,CID655630,eBike,JP Nagar,Cox Town,,,Not Applicable,Personal & Car related issue,Not Applicable,Not Applicable,410,Not Applicable,0,,
2024-07-26 09:56:00,CNR4793184218,Canceled by Driver,CID788897,Mini,Indiranagar,Koramangala,,,Not Applicable,More than permitted people in there,Not Applicable,Not Applicable,948,Not Applicable,0,,
2024-07-26 12:30:00,CNR8987442853,Success,CID101898,Bike,Majestic,Shantinagar,42.0,25.0,Not Applicable,Not Applicable,No,Not Applicable,478,Cash,13,4.9,4.4
2024-07-29 16:37:00,CNR1092534199,Success,CID800882,eBike,Langford Town,Tumkur Road,245.0,100.0,Not Applicable,Not Applicable,No,Not Applicable,154,UPI,8,3.5,4.4
2024-07-28 20:08:00,CNR7737795455,Success,CID302903,Auto,Jayanagar,Devanahalli,273.0,110.0,Not Applicable,Not Applicable,No,Not Applicable,910,UPI,11,4.5,3.6
2024-07-30 13:29:00,CNR4621155848,Success,CID261096,Prime Plus,Rajarajeshwari Nagar,Cox Town,49.0,45.0,Not Applicable,Not Applicable,No,Not Applicable,427,Cash,37,3.4,3.7
2024-07-15 01:54:00,CNR4348346605,Canceled by Driver,CID211992,Prime Sedan,Magadi Road,Peenya,,,Not Applicable,Personal & Car related issue,Not Applicable,Not Applicable,193,Not Applicable,0,,
2024-07-15 17:19:00,CNR8663305989,Success,CID966188,eBike,Sarjapur Road,JP Nagar,161.0,55.0,Not Applicable,Not Applicable,No,Not Applicable,749,Cash,41,3.2,3.5
2024-07-28 13:35:00,CNR5793949336,Success,CID761188,eBike,Hebbal,Tumkur Road,112.0,50.0,Not Applicable,Not Applicable,No,Not Applicable,348,Cash,15,3.8,4.0
2024-07-19 02:15:00,CNR3120167251,Canceled by Driver,CID373953,eBike,Chamarajpet,Indiranagar,,,Not Applicable,Personal & Car related issue,Not Applicable,Not Applicable,313,Not Applicable,0,,
2024-07-03 08:31:00,CNR4030602131,Success,CID174444,Prime Sedan,Koramangala,Jayanagar,210.0,120.0,Not Applicable,Not Applicable,Yes,Other Issue,486,Cash,47,3.0,4.3
2024-07-28 14:13:00,CNR6360852669,Success,CID754961,Bike,Vijayanagar,Hebbal,140.0,65.0,Not Applicable,Not Applicable,No,Not Applicable,453,Cash,22,4.1,4.3
2024-07-26 20:39:00,CNR7562093153,Driver Not Found,CID920613,Mini,Yeshwanthpur,Nagarbhavi,,,Not Applicable,Not Applicable,Not Applicable,Not Applicable,800,Not Applicable,0,,
2024-07-16 10:47:00,CNR8859561942,Success,CID506110,Bike,Kammanahalli,RT Nagar,238.0,110.0,Not Applicable,Not Applicable,No,Not Applicable,340,Cash,25,4.1,4.5
2024-07-18 04:06:00,CNR7540354655,Success,CID632974,Bike,Hulimavu,Varthur,231.0,65.0,Not Applicable,Not Applicable,No,Not Applicable,1323,Cash,2,4.8,3.8
2024-07-16 04:22:00,CNR1775124002,Canceled by Customer,CID918258,Prime Plus,Bellandur,Tumkur Road,,,Change of plans,Not Applicable,Not Applicable,Not Applicable,733,Not Applicable,0,,
2024-07-25 11:57:00,CNR2635902441,Success,CID904654,Prime SUV,Devanahalli,Sahakar Nagar,294.0,85.0,Not Applicable,Not Applicable,No,Not Applicable,211,UPI,2,3.5,4.7
2024-07-06 13:05:00,CNR4964660725,Canceled by Customer,CID311693,eBike,Frazer Town,Whitefield,,,AC is Not working,Not Applicable,Not Applicable,Not Applicable,310,Not Applicable,0,,
2024-07-07 06:08:00,CNR7531985087,Success,CID309040,Prime Sedan,Bannerghatta Road,Kengeri,196.0,145.0,Not Applicable,Not Applicable,No,Not Applicable,124,UPI,6,4.4,4.5
2024-07-06 21:49:00,CNR1167216905,Canceled by Customer,CID902445,Auto,Magadi Road,Kengeri,,,Driver asked to cancel,Not Applicable,Not Applicable,Not Applicable,155,Not Applicable,0,,
2024-07-18 08:33:00,CNR1746319377,Canceled by Driver,CID979405,Bike,Magadi Road,Indiranagar,,,Not Applicable,Personal & Car related issue,Not Applicable,Not Applicable,328,Not Applicable,0,,
2024-07-08 12:44:00,CNR4812387601,Success,CID556054,Mini,JP Nagar,Chickpet,49.0,70.0,Not Applicable,Not Applicable,No,Not Applicable,236,UPI,41,4.1,3.5
2024-07-02 04:15:00,CNR3137764061,Canceled by Driver,CID730808,Prime Sedan,Vijayanagar,Whitefield,,,Not Applicable,Customer was coughing/sick,Not Applicable,Not Applicable,956,Not Applicable,0,,
2024-07-07 09:16:00,CNR2572250566,Success,CID672094,Mini,Kadugodi,Sahakar Nagar,287.0,95.0,Not Applicable,Not Applicable,No,Not Applicable,386,UPI,10,4.2,3.2
2024-07-20 23:27:00,CNR9405193530,Canceled by Customer,CID455795,Prime Plus,Devanahalli,Hulimavu,,,Driver asked to cancel,Not Applicable,Not Applicable,Not Applicable,805,Not Applicable,0,,
2024-07-24 01:20:00,CNR1407646124,Success,CID677687,eBike,Jayanagar,Kengeri,231.0,80.0,Not Applicable,Not Applicable,No,Not Applicable,192,UPI,47,4.4,4.5
2024-07-14 23:06:00,CNR2004559238,Success,CID583659,Auto,Shivajinagar,Banashankari,42.0,90.0,Not Applicable,Not Applicable,No,Not Applicable,292,Cash,16,4.9,3.6
2024-07-07 10:47:00,CNR9175546088,Success,CID281942,Prime SUV,Ulsoor,Shantinagar,147.0,135.0,Not Applicable,Not Applicable,Yes,Vehicle Breakdown,314,UPI,33,3.6,4.8
2024-07-17 12:58:00,CNR2712293267,Success,CID624812,Prime Sedan,Peenya,Hosur Road,112.0,130.0,Not Applicable,Not Applicable,No,Not Applicable,583,Cash,39,3.3,3.9
2024-07-29 03:15:00,CNR9567215947,Driver Not Found,CID505607,Auto,Kadugodi,Ramamurthy Nagar,,,Not Applicable,Not Applicable,Not Applicable,Not Applicable,203,Not Applicable,0,,
2024-07-24 18:11:00,CNR7479462329,Success,CID694023,Bike,Majestic,Kadugodi,133.0,145.0,Not Applicable,Not Applicable,No,Not Applicable,443,UPI,42,3.6,3.4
2024-07-19 01:42:00,CNR9622824703,Driver Not Found,CID402677,Mini,Kammanahalli,Nagarbhavi,,,Not Applicable,Not Applicable,Not Applicable,Not Applicable,1998,Not Applicable,0,,
2024-07-18 02:43:00,CNR8426787055,Canceled by Customer,CID726798,Prime Plus,Bellandur,Kengeri,,,AC is Not working,Not Applicable,Not Applicable,Not Applicable,1391,Not Applicable,0,,
2024-07-10 21:34:00,CNR6682848802,Success,CID415229,Mini,Bannerghatta Road,Hosur Road,210.0,60.0,Not Applicable,Not Applicable,No,Not Applicable,491,Cash,22,3.8,3.3
2024-07-30 22:53:00,CNR4257114341,Success,CID247599,Auto,Tumkur Road,Hennur,147.0,90.0,Not Applicable,Not Applicable,No,Not Applicable,399,Cash,11,4.3,3.9
2024-07-24 04:58:00,CNR4543167057,Canceled by Driver,CID625044,eBike,BTM Layout,Kadugodi,,,Not Applicable,Customer related issue,Not Applicable,Not Applicable,163,Not Applicable,0,,
2024-07-26 21:27:00,CNR9389266620,Canceled by Driver,CID472471,eBike,Basavanagudi,Ulsoor,,,Not Applicable,Personal & Car related issue,Not Applicable,Not Applicable,393,Not Applicable,0,,
2024-07-05 16:43:00,CNR3473148698,Success,CID968359,Auto,Chamarajpet,Marathahalli,35.0,130.0,Not Applicable,Not Applicable,No,Not Applicable,330,Cash,16,3.3,3.4
2024-07-18 14:59:00,CNR8247404456,Driver Not Found,CID956664,eBike,Tumkur Road,Ulsoor,,,Not Applicable,Not Applicable,Not Applicable,Not Applicable,304,Not Applicable,0,,
2024-07-13 08:33:00,CNR9028565891,Success,CID811591,Mini,BTM Layout,Chamarajpet,189.0,60.0,Not Applicable,Not Applicable,No,Not Applicable,861,UPI,45,3.2,4.0
2024-07-11 03:11:00,CNR6811866938,Success,CID566573,Prime Sedan,Basavanagudi,Chickpet,203.0,35.0,Not Applicable,Not Applicable,No,Not Applicable,200,Cash,4,4.2,3.9
2024-07-14 19:10:00,CNR4578606393,Canceled by Driver,CID536645,Prime SUV,Marathahalli,JP Nagar,,,Not Applicable,Customer related issue,Not Applicable,Not Applicable,468,Not Applicable,0,,
2024-07-17 02:06:00,CNR4339562104,Success,CID976625,eBike,Nagarbhavi,Shantinagar,140.0,45.0,Not Applicable,Not Applicable,No,Not Applicable,634,Cash,21,3.9,3.6
2024-07-17 22:15:00,CNR7620174431,Canceled by Customer,CID525577,Bike,Padmanabhanagar,Yeshwanthpur,,,Change of plans,Not Applicable,Not Applicable,Not Applicable,298,Not Applicable,0,,
2024-07-23 12:18:00,CNR7377357488,Canceled by Customer,CID648775,Mini,Banashankari,Frazer Town,,,Driver is not moving towards pickup location,Not Applicable,Not Applicable,Not Applicable,161,Not Applicable,0,,
2024-07-06 15:51:00,CNR5118171345,Success,CID527851,Prime Plus,Whitefield,Hebbal,273.0,95.0,Not Applicable,Not Applicable,No,Not Applicable,292,Cash,5,4.8,4.7
2024-07-23 17:55:00,CNR1184543409,Success,CID601632,Prime Plus,Devanahalli,Marathahalli,259.0,125.0,Not Applicable,Not Applicable,No,Not Applicable,944,UPI,10,3.4,4.5
2024-07-30 21:07:00,CNR1326077375,Success,CID915195,Mini,Rajajinagar,Kadugodi,273.0,135.0,Not Applicable,Not Applicable,Yes,Vehicle Breakdown,629,Cash,31,4.0,4.6
2024-07-04 10:31:00,CNR7301985467,Canceled by Driver,CID334427,Prime Sedan,Vijayanagar,Padmanabhanagar,,,Not Applicable,Personal & Car related issue,Not Applicable,Not Applicable,521,Not Applicable,0,,
2024-07-15 14:19:00,CNR2952125760,Success,CID978699,Prime Plus,KR Puram,Malleshwaram,189.0,25.0,Not Applicable,Not Applicable,No,Not Applicable,495,Cash,14,3.5,3.1
2024-07-14 21:54:00,CNR4722721469,Success,CID431451,eBike,MG Road,Hebbal,189.0,115.0,Not Applicable,Not Applicable,Yes,Vehicle Breakdown,726,UPI,23,3.6,3.9
2024-07-12 22:18:00,CNR3151888691,Canceled by Driver,CID596557,Prime Plus,Basavanagudi,Malleshwaram,,,Not Applicable,Personal & Car related issue,Not Applicable,Not Applicable,446,Not Applicable,0,,
2024-07-17 14:02:00,CNR8517329413,Success,CID351648,Prime Sedan,Richmond Town,Rajarajeshwari Nagar,98.0,80.0,Not Applicable,Not Applicable,No,Not Applicable,186,Cash,43,4.9,4.8
2024-07-26 23:27:00,CNR2791706011,Success,CID764355,Bike,Kengeri,HSR Layout,259.0,90.0,Not Applicable,Not Applicable,No,Not Applicable,159,UPI,44,3.1,4.1
2024-07-16 23:20:00,CNR4498959684,Success,CID685902,Auto,Banashankari,Mysore Road,182.0,140.0,Not Applicable,Not Applicable,No,Not Applicable,316,Cash,6,3.4,3.1
2024-07-05 00:12:00,CNR1749195476,Success,CID591959,Prime Sedan,Indiranagar,Jayanagar,98.0,30.0,Not Applicable,Not Applicable,No,Not Applicable,365,Cash,18,4.4,4.3
2024-07-14 23:21:00,CNR7931571936,Canceled by Driver,CID888734,Prime SUV,Padmanabhanagar,Nagarbhavi,,,Not Applicable,More than permitted people in there,Not Applicable,Not Applicable,488,Not Applicable,0,,
2024-07-15 15:23:00,CNR6114934824,Driver Not Found,CID169713,Prime SUV,Peenya,Peenya,,,Not Applicable,Not Applicable,Not Applicable,Not Applicable,275,Not Applicable,0,,
2024-07-05 16:13:00,CNR6301880937,Success,CID764347,Prime Plus,Cox Town,Yelahanka,161.0,115.0,Not Applicable,Not Applicable,No,Not Applicable,177,UPI,10,3.4,3.4
2024-07-07 15:11:00,CNR4339271311,Success,CID479807,Prime Plus,Electronic City,Cox Town,175.0,135.0,Not Applicable,Not Applicable,Yes,Customer Demand,318,UPI,12,4.7,3.9
2024-07-04 09:48:00,CNR1897607895,Canceled by Customer,CID964083,eBike,Kengeri,Yeshwanthpur,,,Driver asked to cancel,Not Applicable,Not Applicable,Not Applicable,223,Not Applicable,0,,
2024-07-24 21:47:00,CNR5241521561,Success,CID932501,Prime SUV,Whitefield,Hebbal,126.0,35.0,Not Applicable,Not Applicable,No,Not Applicable,271,Cash,30,4.0,3.2
2024-07-02 01:20:00,CNR1655372621,Success,CID312114,eBike,Bannerghatta Road,Peenya,105.0,105.0,Not Applicable,Not Applicable,No,Not Applicable,245,Cash,34,3.4,4.0
2024-07-30 05:17:00,CNR6108878401,Canceled by Driver,CID878610,Auto,Tumkur Road,Marathahalli,,,Not Applicable,Personal & Car related issue,Not Applicable,Not Applicable,655,Not Applicable,0,,
2024-07-09 03:22:00,CNR4594088142,Driver Not Found,CID625857,Bike,Yelahanka,Hennur,,,Not Applicable,Not Applicable,Not Applicable,Not Applicable,496,Not Applicable,0,,
2024-07-23 11:15:00,CNR5871756670,Success,CID804047,Prime Plus,Shantinagar,Kadugodi,189.0,125.0,Not Applicable,Not Applicable,No,Not Applicable,304,UPI,25,4.4,4.1
2024-07-09 09:27:00,CNR7741091227,Success,CID326835,eBike,Mysore Road,Bannerghatta Road,91.0,90.0,Not Applicable,Not Applicable,No,Not Applicable,2089,UPI,41,4.9,3.4
2024-07-01 13:49:00,CNR7057363011,Success,CID996723,Mini,Richmond Town,Tumkur Road,252.0,75.0,Not Applicable,Not Applicable,No,Not Applicable,710,Cash,14,4.2,3.6
2024-07-10 22:51:00,CNR8216371515,Success,CID550794,Prime Plus,Richmond Town,Malleshwaram,161.0,70.0,Not Applicable,Not Applicable,No,Not Applicable,348,Cash,40,4.6,3.3
2024-07-20 05:26:00,CNR8897357405,Canceled by Driver,CID188399,Auto,Malleshwaram,Chickpet,,,Not Applicable,Personal & Car related issue,Not Applicable,Not Applicable,1093,Not Applicable,0,,
2024-07-27 23:06:00,CNR4169726165,Success,CID379093,eBike,Electronic City,JP Nagar,287.0,100.0,Not Applicable,Not Applicable,No,Not Applicable,312,UPI,40,4.8,4.6
2024-07-26 02:52:00,CNR8433847126,Canceled by Driver,CID332209,Auto,Richmond Town,Nagarbhavi,,,Not Applicable,Personal & Car related issue,Not Applicable,Not Applicable,285,Not Applicable,0,,
2024-07-09 00:23:00,CNR2572388214,Success,CID623260,Mini,Malleshwaram,Hebbal,252.0,130.0,Not Applicable,Not Applicable,No,Not Applicable,486,UPI,14,3.8,4.8
2024-07-10 07:49:00,CNR2209338924,Success,CID275811,Prime SUV,Richmond Town,Jayanagar,217.0,85.0,Not Applicable,Not Applicable,No,Not Applicable,281,Cash,27,3.3,4.6
2024-07-01 09:47:00,CNR7786350145,Driver Not Found,CID358778,Prime SUV,Cox Town,Ramamurthy Nagar,,,Not Applicable,Not Applicable,Not Applicable,Not Applicable,427,Not Applicable,0,,
2024-07-01 01:27:00,CNR9386247161,Success,CID940541,Auto,Richmond Town,Marathahalli,112.0,40.0,Not Applicable,Not Applicable,No,Not Applicable,988,Cash,19,4.0,3.6
2024-07-14 12:29:00,CNR5060581275,Success,CID316695,Bike,Varthur,Kammanahalli,238.0,35.0,Not Applicable,Not Applicable,No,Not Applicable,280,Cash,1,3.5,3.1
2024-07-24 04:39:00,CNR6056771031,Success,CID186413,Prime Plus,Ulsoor,Nagarbhavi,84.0,130.0,Not Applicable,Not Applicable,Yes,Vehicle Breakdown,245,Cash,32,4.5,4.1
2024-07-24 21:07:00,CNR8967661701,Success,CID177625,Bike,Mysore Road,Koramangala,273.0,105.0,Not Applicable,Not Applicable,No,Not Applicable,376,UPI,41,4.3,3.1
2024-07-01 17:40:00,CNR5755650925,Success,CID858484,eBike,Nagarbhavi,Bannerghatta Road,147.0,50.0,Not Applicable,Not Applicable,No,Not Applicable,1836,Cash,43,4.9,5.0
2024-07-04 10:37:00,CNR9585520919,Canceled by Driver,CID160001,eBike,Langford Town,KR Puram,,,Not Applicable,Personal & Car related issue,Not Applicable,Not Applicable,466,Not Applicable,0,,
2024-07-19 05:14:00,CNR2372286726,Driver Not Found,CID599006,Prime SUV,Sahakar Nagar,Chamarajpet,,,Not Applicable,Not Applicable,Not Applicable,Not Applicable,290,Not Applicable,0,,
2024-07-07 06:37:00,CNR6760035550,Success,CID297649,Prime Plus,Bannerghatta Road,Jayanagar,273.0,145.0,Not Applicable,Not Applicable,No,Not Applicable,842,Cash,47,3.7,3.7
2024-07-06 12:59:00,CNR2735787584,Success,CID884354,Auto,Padmanabhanagar,Jayanagar,224.0,75.0,Not Applicable,Not Applicable,No,Not Applicable,128,UPI,10,4.5,3.5
2024-07-30 12:51:00,CNR3863926079,Success,CID734900,Auto,Yeshwanthpur,Rajajinagar,49.0,140.0,Not Applicable,Not Applicable,No,Not Applicable,252,UPI,9,4.7,4.3
2024-07-27 07:22:00,CNR4395101031,Canceled by Customer,CID671679,Bike,Koramangala,Bannerghatta Road,,,Driver is not moving towards pickup location,Not Applicable,Not Applicable,Not Applicable,871,Not Applicable,0,,
2024-07-21 17:34:00,CNR7422722765,Canceled by Customer,CID410654,Prime Plus,Bellandur,Rajajinagar,,,Driver asked to cancel,Not Applicable,Not Applicable,Not Applicable,882,Not Applicable,0,,
2024-07-27 22:47:00,CNR7827380369,Canceled by Customer,CID607792,Bike,Kammanahalli,Devanahalli,,,Wrong Address,Not Applicable,Not Applicable,Not Applicable,394,Not Applicable,0,,
2024-07-18 04:11:00,CNR4365228130,Success,CID253393,Bike,Ramamurthy Nagar,Sarjapur Road,147.0,65.0,Not Applicable,Not Applicable,No,Not Applicable,392,Cash,19,3.2,4.7
2024-07-22 13:03:00,CNR3051048911,Success,CID259235,Bike,Peenya,Electronic City,84.0,110.0,Not Applicable,Not Applicable,No,Not Applicable,353,Cash,47,3.3,4.8
2024-07-08 21:52:00,CNR5318592386,Success,CID946138,Prime Sedan,Yeshwanthpur,Sahakar Nagar,182.0,75.0,Not Applicable,Not Applicable,No,Not Applicable,364,UPI,8,3.1,3.7
2024-07-03 21:29:00,CNR9358744169,Canceled by Driver,CID462601,Prime Plus,HSR Layout,Hebbal,,,Not Applicable,Personal & Car related issue,Not Applicable,Not Applicable,327,Not Applicable,0,,
2024-07-02 17:20:00,CNR2835273635,Success,CID316470,Prime Sedan,Hennur,Sarjapur Road,168.0,115.0,Not Applicable,Not Applicable,No,Not Applicable,1237,UPI,19,3.6,3.7
2024-07-10 18:59:00,CNR5897089245,Success,CID684218,Prime Plus,Tumkur Road,Frazer Town,35.0,35.0,Not Applicable,Not Applicable,No,Not Applicable,171,UPI,6,3.1,4.2
2024-07-14 06:01:00,CNR2267369294,Canceled by Driver,CID881141,Prime Plus,RT Nagar,Whitefield,,,Not Applicable,Personal & Car related issue,Not Applicable,Not Applicable,363,Not Applicable,0,,
2024-07-22 17:40:00,CNR4620276114,Success,CID705981,Prime Plus,Cox Town,Yelahanka,63.0,65.0,Not Applicable,Not Applicable,No,Not Applicable,119,Cash,39,4.7,4.0
2024-07-04 01:05:00,CNR3465175708,Success,CID564278,Prime SUV,Yeshwanthpur,Chamarajpet,182.0,65.0,Not Applicable,Not Applicable,No,Not Applicable,116,Debit Card,49,4.6,4.5
2024-07-24 17:49:00,CNR9150622541,Success,CID991395,Bike,Chamarajpet,Bannerghatta Road,273.0,115.0,Not Applicable,Not Applicable,No,Not Applicable,334,UPI,19,3.4,3.7
2024-07-07 07:12:00,CNR5465406782,Success,CID761700,Prime SUV,RT Nagar,Hosur Road,280.0,45.0,Not Applicable,Not Applicable,No,Not Applicable,2021,Cash,35,4.2,4.5
2024-07-17 04:08:00,CNR1698555183,Canceled by Driver,CID507693,Auto,Hosur Road,Yelahanka,,,Not Applicable,Customer related issue,Not Applicable,Not Applicable,233,Not Applicable,0,,
2024-07-08 09:31:00,CNR8558986116,Success,CID562646,Mini,MG Road,Yelahanka,231.0,75.0,Not Applicable,Not Applicable,No,Not Applicable,2337,Cash,43,3.0,4.9
2024-07-17 13:25:00,CNR9887374333,Driver Not Found,CID133454,eBike,Bannerghatta Road,MG Road,,,Not Applicable,Not Applicable,Not Applicable,Not Applicable,1631,Not Applicable,0,,
2024-07-30 14:32:00,CNR5974417608,Success,CID342085,Bike,Tumkur Road,Richmond Town,161.0,35.0,Not Applicable,Not Applicable,No,Not Applicable,455,UPI,44,4.4,4.9
2024-07-26 18:30:00,CNR2899058512,Success,CID788402,Prime Sedan,Chamarajpet,Shivajinagar,308.0,90.0,Not Applicable,Not Applicable,No,Not Applicable,225,Credit Card,20,4.7,3.6
2024-07-02 23:43:00,CNR1177858712,Success,CID761759,Mini,Banashankari,Varthur,189.0,70.0,Not Applicable,Not Applicable,No,Not Applicable,384,Cash,49,3.3,4.1
2024-07-02 03:47:00,CNR6639992370,Driver Not Found,CID122556,Mini,Richmond Town,Indiranagar,,,Not Applicable,Not Applicable,Not Applicable,Not Applicable,399,Not Applicable,0,,
2024-07-28 07:59:00,CNR6316555713,Success,CID855034,Prime Sedan,Devanahalli,Shivajinagar,42.0,35.0,Not Applicable,Not Applicable,No,Not Applicable,863,UPI,28,4.8,3.4
2024-07-17 14:05:00,CNR8915662704,Success,CID198556,Prime Sedan,Ramamurthy Nagar,BTM Layout,238.0,60.0,Not Applicable,Not Applicable,Yes,Customer Demand,684,UPI,11,4.7,3.4
2024-07-02 20:06:00,CNR2076447870,Success,CID426811,Prime Sedan,Hosur Road,Chamarajpet,252.0,120.0,Not Applicable,Not Applicable,No,Not Applicable,947,Cash,17,3.3,3.4
2024-07-21 04:00:00,CNR7873866207,Success,CID726714,Mini,RT Nagar,Malleshwaram,252.0,25.0,Not Applicable,Not Applicable,No,Not Applicable,894,UPI,13,3.3,4.6
2024-07-01 12:29:00,CNR4741744512,Success,CID191713,Auto,Nagarbhavi,Frazer Town,182.0,115.0,Not Applicable,Not Applicable,No,Not Applicable,332,UPI,15,4.5,3.8
2024-07-16 02:48:00,CNR8049513545,Canceled by Driver,CID136904,Prime Sedan,Hennur,KR Puram,,,Not Applicable,Customer related issue,Not Applicable,Not Applicable,213,Not Applicable,0,,
2024-07-05 18:19:00,CNR6898159429,Success,CID753502,Bike,Yelahanka,Hebbal,259.0,65.0,Not Applicable,Not Applicable,No,Not Applicable,444,UPI,1,3.7,3.9
2024-07-17 22:43:00,CNR2356102615,Success,CID906333,Bike,Kadugodi,Richmond Town,154.0,25.0,Not Applicable,Not Applicable,No,Not Applicable,156,Cash,7,4.0,3.9
2024-07-17 21:05:00,CNR9414899538,Success,CID563852,Auto,Kengeri,Cox Town,294.0,105.0,Not Applicable,Not Applicable,No,Not Applicable,2204,UPI,17,3.6,4.1
2024-07-11 12:04:00,CNR3435621611,Success,CID308048,Prime SUV,Magadi Road,Banashankari,42.0,120.0,Not Applicable,Not Applicable,No,Not Applicable,549,Cash,26,4.9,3.3
2024-07-29 04:46:00,CNR7128031060,Driver Not Found,CID875217,eBike,BTM Layout,Sahakar Nagar,,,Not Applicable,Not Applicable,Not Applicable,Not Applicable,194,Not Applicable,0,,
2024-07-28 11:02:00,CNR9140429965,Canceled by Customer,CID646021,Bike,Sahakar Nagar,HSR Layout,,,Wrong Address,Not Applicable,Not Applicable,Not Applicable,483,Not Applicable,0,,
2024-07-14 22:26:00,CNR6801250146,Success,CID128389,eBike,Ulsoor,Chickpet,245.0,60.0,Not Applicable,Not Applicable,No,Not Applicable,323,UPI,45,3.5,4.7
2024-07-12 04:09:00,CNR6301417844,Success,CID418837,Prime Sedan,Basavanagudi,Ramamurthy Nagar,49.0,35.0,Not Applicable,Not Applicable,No,Not Applicable,352,Cash,27,4.8,4.4
2024-07-25 18:06:00,CNR9411114114,Canceled by Customer,CID920643,Auto,Shivajinagar,Electronic City,,,Driver is not moving towards pickup location,Not Applicable,Not Applicable,Not Applicable,661,Not Applicable,0,,
2024-07-18 01:03:00,CNR3037725956,Success,CID736277,Auto,Frazer Town,Langford Town,259.0,125.0,Not Applicable,Not Applicable,No,Not Applicable,187,Cash,3,4.4,3.6
2024-07-04 22:37:00,CNR2936854622,Canceled by Driver,CID554308,Prime Plus,Indiranagar,Sarjapur Road,,,Not Applicable,Personal & Car related issue,Not Applicable,Not Applicable,854,Not Applicable,0,,
2024-07-17 06:53:00,CNR6006240971,Canceled by Customer,CID289984,Prime SUV,Cox Town,Sarjapur Road,,,Change of plans,Not Applicable,Not Applicable,Not Applicable,185,Not Applicable,0,,
2024-07-01 06:43:00,CNR1766274511,Canceled by Driver,CID410862,Mini,Bellandur,Peenya,,,Not Applicable,Customer was coughing/sick,Not Applicable,Not Applicable,441,Not Applicable,0,,
2024-07-26 23:06:00,CNR5971026587,Success,CID725452,Prime Plus,Koramangala,Hosur Road,140.0,130.0,Not Applicable,Not Applicable,No,Not Applicable,285,UPI,8,3.8,3.3
2024-07-03 00:19:00,CNR7279057939,Success,CID862445,Bike,Shivajinagar,BTM Layout,252.0,60.0,Not Applicable,Not Applicable,No,Not Applicable,791,Credit Card,39,4.2,3.1
2024-07-05 00:58:00,CNR2119856536,Success,CID674806,Bike,Banashankari,Magadi Road,287.0,70.0,Not Applicable,Not Applicable,No,Not Applicable,244,Cash,11,3.8,4.3
2024-07-28 11:53:00,CNR4421724901,Canceled by Driver,CID160163,Prime SUV,Peenya,Devanahalli,,,Not Applicable,Personal & Car related issue,Not Applicable,Not Applicable,419,Not Applicable,0,,
2024-07-08 16:27:00,CNR8203280415,Success,CID986574,eBike,Bannerghatta Road,Mysore Road,308.0,120.0,Not Applicable,Not Applicable,Yes,Vehicle Breakdown,530,Cash,9,4.8,3.4
2024-07-18 07:13:00,CNR1917233145,Success,CID120985,eBike,Jayanagar,Vijayanagar,42.0,25.0,Not Applicable,Not Applicable,No,Not Applicable,699,Credit Card,32,3.2,4.4
2024-07-02 23:29:00,CNR4954905109,Driver Not Found,CID688234,Prime Plus,Frazer Town,Sarjapur Road,,,Not Applicable,Not Applicable,Not Applicable,Not Applicable,287,Not Applicable,0,,
2024-07-11 00:52:00,CNR8148307201,Success,CID558424,Mini,HSR Layout,BTM Layout,287.0,80.0,Not Applicable,Not Applicable,No,Not Applicable,354,Cash,21,4.1,3.6
2024-07-23 08:57:00,CNR2188061851,Success,CID325618,Auto,Sahakar Nagar,Hosur Road,126.0,55.0,Not Applicable,Not Applicable,No,Not Applicable,168,Cash,2,4.5,3.1
2024-07-22 17:26:00,CNR5145128340,Success,CID995361,Bike,Peenya,Rajajinagar,217.0,25.0,Not Applicable,Not Applicable,No,Not Applicable,420,UPI,32,5.0,3.2
2024-07-28 00:17:00,CNR7158545895,Success,CID844279,Auto,Kadugodi,Basavanagudi,259.0,30.0,Not Applicable,Not Applicable,No,Not Applicable,223,UPI,13,4.2,3.0
2024-07-19 01:10:00,CNR9173107597,Success,CID522747,Bike,Shivajinagar,Yeshwanthpur,91.0,140.0,Not Applicable,Not Applicable,No,Not Applicable,981,Cash,16,3.2,4.4
2024-07-06 13:09:00,CNR6393562358,Success,CID785115,Auto,Sahakar Nagar,Hosur Road,126.0,65.0,Not Applicable,Not Applicable,No,Not Applicable,787,Cash,17,4.8,3.9
2024-07-13 10:40:00,CNR8232247249,Success,CID793446,Prime SUV,Kammanahalli,BTM Layout,301.0,85.0,Not Applicable,Not Applicable,No,Not Applicable,482,UPI,39,3.6,4.3
2024-07-27 12:50:00,CNR9168317010,Canceled by Customer,CID232161,Prime Sedan,Devanahalli,Rajajinagar,,,Driver asked to cancel,Not Applicable,Not Applicable,Not Applicable,477,Not Applicable,0,,
2024-07-16 21:09:00,CNR6663429218,Success,CID791885,Auto,BTM Layout,Peenya,98.0,95.0,Not Applicable,Not Applicable,No,Not Applicable,368,UPI,15,4.1,4.7
2024-07-12 12:18:00,CNR7548762097,Success,CID602521,Prime SUV,Peenya,Hulimavu,182.0,90.0,Not Applicable,Not Applicable,No,Not Applicable,2630,Cash,23,4.7,3.5
2024-07-11 02:49:00,CNR9729131880,Canceled by Customer,CID204941,Prime Plus,Whitefield,Jayanagar,,,Driver is not moving towards pickup location,Not Applicable,Not Applicable,Not Applicable,223,Not Applicable,0,,
2024-07-26 03:46:00,CNR5294128823,Success,CID459433,Auto,Nagarbhavi,Sarjapur Road,224.0,75.0,Not Applicable,Not Applicable,No,Not Applicable,723,Credit Card,13,4.4,4.2
2024-07-14 19:17:00,CNR3206112487,Success,CID396565,Auto,Hennur,Kengeri,280.0,35.0,Not Applicable,Not Applicable,Yes,Customer Demand,263,UPI,5,4.3,3.8
2024-07-08 08:22:00,CNR1566940024,Canceled by Driver,CID549889,Auto,BTM Layout,Ramamurthy Nagar,,,Not Applicable,Customer related issue,Not Applicable,Not Applicable,178,Not Applicable,0,,
2024-07-07 09:53:00,CNR5315297238,Canceled by Driver,CID338366,Prime SUV,Sarjapur Road,Ramamurthy Nagar,,,Not Applicable,Personal & Car related issue,Not Applicable,Not Applicable,249,Not Applicable,0,,
2024-07-01 16:54:00,CNR1006922120,Success,CID852504,Auto,Whitefield,Hennur,77.0,60.0,Not Applicable,Not Applicable,No,Not Applicable,476,UPI,2,4.7,3.2
2024-07-12 16:46:00,CNR5544597949,Success,CID761496,eBike,Cox Town,KR Puram,203.0,95.0,Not Applicable,Not Applicable,No,Not Applicable,259,Cash,32,4.9,4.1
2024-07-18 16:50:00,CNR9885501466,Canceled by Driver,CID713457,Mini,Cox Town,JP Nagar,,,Not Applicable,Personal & Car related issue,Not Applicable,Not Applicable,184,Not Applicable,0,,
2024-07-10 22:36:00,CNR2577290630,Success,CID587486,Mini,Indiranagar,Varthur,168.0,25.0,Not Applicable,Not Applicable,No,Not Applicable,166,Debit Card,4,4.5,3.5
2024-07-13 08:27:00,CNR2189358103,Canceled by Customer,CID206579,Mini,Electronic City,Malleshwaram,,,Change of plans,Not Applicable,Not Applicable,Not Applicable,234,Not Applicable,0,,
2024-07-20 03:13:00,CNR5878296662,Canceled by Driver,CID531606,Prime SUV,Rajarajeshwari Nagar,MG Road,,,Not Applicable,Customer was coughing/sick,Not Applicable,Not Applicable,2207,Not Applicable,0,,
2024-07-08 20:49:00,CNR5407767059,Success,CID961280,Bike,Kadugodi,Bellandur,147.0,105.0,Not Applicable,Not Applicable,No,Not Applicable,492,Debit Card,38,4.4,5.0
2024-07-29 11:37:00,CNR3858879331,Success,CID130793,Mini,Chamarajpet,Majestic,126.0,30.0,Not Applicable,Not Applicable,No,Not Applicable,257,UPI,39,3.4,3.4
2024-07-04 08:26:00,CNR3946189236,Canceled by Driver,CID976608,Prime SUV,Bannerghatta Road,Padmanabhanagar,,,Not Applicable,Personal & Car related issue,Not Applicable,Not Applicable,188,Not Applicable,0,,
2024-07-18 02:54:00,CNR3884085149,Success,CID817565,eBike,JP Nagar,Bannerghatta Road,168.0,115.0,Not Applicable,Not Applicable,No,Not Applicable,1197,UPI,14,4.9,3.7
2024-07-15 01:39:00,CNR5160900451,Canceled by Driver,CID534579,Prime Plus,HSR Layout,Banashankari,,,Not Applicable,Personal & Car related issue,Not Applicable,Not Applicable,372,Not Applicable,0,,
2024-07-26 10:33:00,CNR5594173531,Canceled by Driver,CID842728,Mini,Marathahalli,Marathahalli,,,Not Applicable,More than permitted people in there,Not Applicable,Not Applicable,2873,Not Applicable,0,,
2024-07-03 06:14:00,CNR1747570490,Success,CID738770,Prime Sedan,Hebbal,Electronic City,217.0,110.0,Not Applicable,Not Applicable,No,Not Applicable,308,Cash,40,4.2,3.1
2024-07-07 05:58:00,CNR4175222294,Canceled by Driver,CID842175,Prime Plus,Hosur Road,Hosur Road,,,Not Applicable,Personal & Car related issue,Not Applicable,Not Applicable,460,Not Applicable,0,,
2024-07-10 17:04:00,CNR5011050582,Success,CID314963,eBike,Basavanagudi,Ramamurthy Nagar,98.0,55.0,Not Applicable,Not Applicable,No,Not Applicable,229,UPI,30,4.4,3.4
2024-07-18 19:21:00,CNR6903541832,Canceled by Driver,CID704855,eBike,Sarjapur Road,BTM Layout,,,Not Applicable,More than permitted people in there,Not Applicable,Not Applicable,252,Not Applicable,0,,
2024-07-12 10:44:00,CNR2134630697,Canceled by Customer,CID260270,eBike,Banashankari,BTM Layout,,,Change of plans,Not Applicable,Not Applicable,Not Applicable,464,Not Applicable,0,,
2024-07-25 09:22:00,CNR6084131375,Success,CID417409,Mini,Peenya,RT Nagar,196.0,25.0,Not Applicable,Not Applicable,No,Not Applicable,925,Cash,20,3.3,4.9
2024-07-16 04:47:00,CNR8877537383,Canceled by Driver,CID899351,Prime Sedan,Jayanagar,Magadi Road,,,Not Applicable,More than permitted people in there,Not Applicable,Not Applicable,388,Not Applicable,0,,
2024-07-13 10:00:00,CNR7162634847,Driver Not Found,CID238610,Mini,Mysore Road,Majestic,,,Not Applicable,Not Applicable,Not Applicable,Not Applicable,366,Not Applicable,0,,
2024-07-07 06:42:00,CNR2171469019,Canceled by Customer,CID750161,Auto,Ramamurthy Nagar,Bellandur,,,Change of plans,Not Applicable,Not Applicable,Not Applicable,376,Not Applicable,0,,
2024-07-19 05:07:00,CNR5371898305,Canceled by Driver,CID979531,Bike,Kammanahalli,RT Nagar,,,Not Applicable,Customer related issue,Not Applicable,Not Applicable,267,Not Applicable,0,,
2024-07-10 11:19:00,CNR8898869737,Canceled by Driver,CID950981,Bike,Hennur,Tumkur Road,,,Not Applicable,Personal & Car related issue,Not Applicable,Not Applicable,1350,Not Applicable,0,,
2024-07-08 16:57:00,CNR1874926517,Success,CID425133,Bike,Koramangala,Electronic City,42.0,85.0,Not Applicable,Not Applicable,No,Not Applicable,236,Cash,26,3.7,4.9
2024-07-28 19:42:00,CNR3588435791,Driver Not Found,CID640198,Auto,Whitefield,Malleshwaram,,,Not Applicable,Not Applicable,Not Applicable,Not Applicable,751,Not Applicable,0,,
2024-07-19 22:35:00,CNR6139659832,Success,CID996415,Prime Sedan,RT Nagar,Peenya,273.0,125.0,Not Applicable,Not Applicable,No,Not Applicable,416,UPI,9,3.9,3.3
2024-07-26 16:37:00,CNR2718253920,Success,CID549923,eBike,Hosur Road,Frazer Town,161.0,60.0,Not Applicable,Not Applicable,No,Not Applicable,416,Cash,42,3.7,4.6
2024-07-28 16:34:00,CNR3829501096,Canceled by Customer,CID604474,Prime Sedan,Devanahalli,Padmanabhanagar,,,Change of plans,Not Applicable,Not Applicable,Not Applicable,865,Not Applicable,0,,
2024-07-08 07:35:00,CNR8151088175,Canceled by Driver,CID906367,eBike,Mysore Road,Cox Town,,,Not Applicable,Personal & Car related issue,Not Applicable,Not Applicable,220,Not Applicable,0,,
2024-07-25 18:02:00,CNR2510555900,Success,CID684528,Prime Plus,Frazer Town,Malleshwaram,77.0,85.0,Not Applicable,Not Applicable,No,Not Applicable,975,UPI,2,4.9,3.8
2024-07-20 01:54:00,CNR1957059848,Canceled by Driver,CID244273,Auto,Shivajinagar,Chickpet,,,Not Applicable,Customer was coughing/sick,Not Applicable,Not Applicable,352,Not Applicable,0,,
2024-07-30 18:00:00,CNR3395446674,Success,CID828780,Mini,Sarjapur Road,Kengeri,70.0,70.0,Not Applicable,Not Applicable,No,Not Applicable,228,UPI,30,5.0,4.7
2024-07-24 11:54:00,CNR1267572346,Success,CID872108,eBike,Banashankari,RT Nagar,308.0,50.0,Not Applicable,Not Applicable,Yes,Other Issue,400,UPI,31,3.5,4.9
2024-07-14 07:06:00,CNR7686071361,Success,CID450739,eBike,Ramamurthy Nagar,Kadugodi,308.0,65.0,Not Applicable,Not Applicable,No,Not Applicable,773,Cash,6,4.0,3.3
2024-07-06 10:08:00,CNR9226393759,Canceled by Driver,CID448016,Prime Sedan,Basavanagudi,BTM Layout,,,Not Applicable,Personal & Car related issue,Not Applicable,Not Applicable,943,Not Applicable,0,,
2024-07-27 00:25:00,CNR3968834178,Driver Not Found,CID628244,Mini,Yelahanka,Indiranagar,,,Not Applicable,Not Applicable,Not Applicable,Not Applicable,428,Not Applicable,0,,
2024-07-28 21:20:00,CNR7185041413,Driver Not Found,CID583235,Prime Sedan,Shivajinagar,Varthur,,,Not Applicable,Not Applicable,Not Applicable,Not Applicable,269,Not Applicable,0,,
2024-07-05 21:31:00,CNR9404161396,Canceled by Customer,CID211022,Prime Plus,Sahakar Nagar,Nagarbhavi,,,Driver is not moving towards pickup location,Not Applicable,Not Applicable,Not Applicable,130,Not Applicable,0,,
2024-07-29 07:44:00,CNR5145996802,Success,CID413392,eBike,Ramamurthy Nagar,KR Puram,280.0,115.0,Not Applicable,Not Applicable,No,Not Applicable,901,Cash,43,3.1,4.2
2024-07-23 05:45:00,CNR2076331691,Success,CID234500,eBike,KR Puram,Langford Town,98.0,35.0,Not Applicable,Not Applicable,No,Not Applicable,165,Cash,14,4.0,3.3
2024-07-30 17:55:00,CNR3717366408,Success,CID257218,Auto,BTM Layout,Kengeri,217.0,115.0,Not Applicable,Not Applicable,No,Not Applicable,645,UPI,9,3.4,3.1
2024-07-02 04:18:00,CNR3358440210,Success,CID327927,eBike,Ramamurthy Nagar,Rajarajeshwari Nagar,49.0,40.0,Not Applicable,Not Applicable,No,Not Applicable,2379,Cash,16,3.9,4.8
2024-07-22 03:00:00,CNR9719235595,Driver Not Found,CID488142,Prime SUV,Kengeri,Padmanabhanagar,,,Not Applicable,Not Applicable,Not Applicable,Not Applicable,229,Not Applicable,0,,
2024-07-29 12:13:00,CNR6504527145,Driver Not Found,CID967235,Prime Plus,Bellandur,Mysore Road,,,Not Applicable,Not Applicable,Not Applicable,Not Applicable,131,Not Applicable,0,,
2024-07-22 05:31:00,CNR6170095340,Canceled by Customer,CID703117,Mini,Chamarajpet,Malleshwaram,,,AC is Not working,Not Applicable,Not Applicable,Not Applicable,298,Not Applicable,0,,
2024-07-16 04:01:00,CNR9040256112,Success,CID398210,Auto,Whitefield,Koramangala,238.0,125.0,Not Applicable,Not Applicable,No,Not Applicable,687,UPI,3,3.8,3.1
2024-07-14 09:01:00,CNR7055404543,Canceled by Customer,CID275116,eBike,HSR Layout,Mysore Road,,,Change of plans,Not Applicable,Not Applicable,Not Applicable,655,Not Applicable,0,,
2024-07-10 20:10:00,CNR4720528546,Success,CID385929,eBike,Padmanabhanagar,Hennur,161.0,35.0,Not Applicable,Not Applicable,No,Not Applicable,331,UPI,45,4.2,3.2
2024-07-12 20:20:00,CNR5128133901,Success,CID124344,Prime Plus,Indiranagar,Marathahalli,189.0,140.0,Not Applicable,Not Applicable,No,Not Applicable,160,Cash,35,4.3,3.0
2024-07-06 04:47:00,CNR4329846503,Success,CID187639,Auto,Varthur,Jayanagar,189.0,90.0,Not Applicable,Not Applicable,No,Not Applicable,671,UPI,7,3.3,3.6
2024-07-22 17:03:00,CNR2820104363,Success,CID448413,Prime Sedan,Bellandur,Koramangala,203.0,50.0,Not Applicable,Not Applicable,No,Not Applicable,877,Cash,42,4.8,4.9
2024-07-11 10:15:00,CNR8120267984,Success,CID320367,Prime Plus,Hulimavu,Vijayanagar,252.0,130.0,Not Applicable,Not Applicable,No,Not Applicable,524,Debit Card,34,4.4,4.6
2024-07-03 05:20:00,CNR6886878963,Success,CID467826,Mini,RT Nagar,Frazer Town,224.0,60.0,Not Applicable,Not Applicable,No,Not Applicable,496,Cash,43,4.0,4.4
2024-07-30 23:09:00,CNR8864077337,Success,CID734439,Auto,BTM Layout,Langford Town,126.0,25.0,Not Applicable,Not Applicable,No,Not Applicable,842,UPI,3,4.4,3.8
2024-07-09 09:59:00,CNR6732976155,Success,CID518770,Bike,Vijayanagar,Vijayanagar,196.0,105.0,Not Applicable,Not Applicable,No,Not Applicable,254,UPI,19,3.4,3.9
2024-07-07 15:18:00,CNR2998341877,Canceled by Driver,CID455392,Bike,Yeshwanthpur,Shantinagar,,,Not Applicable,Personal & Car related issue,Not Applicable,Not Applicable,404,Not Applicable,0,,
2024-07-11 20:39:00,CNR5536449864,Success,CID367391,Bike,Chickpet,Kammanahalli,266.0,60.0,Not Applicable,Not Applicable,No,Not Applicable,414,Cash,15,3.7,3.7
2024-07-04 08:11:00,CNR3240622342,Canceled by Customer,CID409504,Auto,Banashankari,Hebbal,,,Driver is not moving towards pickup location,Not Applicable,Not Applicable,Not Applicable,378,Not Applicable,0,,
2024-07-13 18:26:00,CNR1062745632,Success,CID826953,Prime Plus,JP Nagar,Ulsoor,126.0,125.0,Not Applicable,Not Applicable,No,Not Applicable,289,Cash,44,4.0,3.1
2024-07-29 04:45:00,CNR9853586627,Canceled by Driver,CID146525,Prime Sedan,Nagarbhavi,Chamarajpet,,,Not Applicable,Customer related issue,Not Applicable,Not Applicable,493,Not Applicable,0,,
2024-07-28 22:09:00,CNR9669845028,Driver Not Found,CID391409,Mini,Jayanagar,BTM Layout,,,Not Applicable,Not Applicable,Not Applicable,Not Applicable,120,Not Applicable,0,,
2024-07-30 17:03:00,CNR7251977817,Canceled by Driver,CID384996,Auto,Yelahanka,Basavanagudi,,,Not Applicable,Personal & Car related issue,Not Applicable,Not Applicable,176,Not Applicable,0,,
2024-07-14 16:47:00,CNR9241186044,Success,CID227002,Prime Plus,Jayanagar,Kadugodi,196.0,135.0,Not Applicable,Not Applicable,Yes,Customer Demand,465,Cash,33,3.1,4.8
2024-07-11 19:49:00,CNR2306141265,Success,CID647471,Auto,Majestic,HSR Layout,175.0,85.0,Not Applicable,Not Applicable,No,Not Applicable,175,Cash,6,3.5,4.5
2024-07-12 04:50:00,CNR8814888424,Canceled by Customer,CID262351,Prime SUV,Electronic City,Varthur,,,Driver is not moving towards pickup location,Not Applicable,Not Applicable,Not Applicable,118,Not Applicable,0,,
2024-07-25 19:44:00,CNR9115658446,Success,CID954063,Bike,Magadi Road,RT Nagar,238.0,135.0,Not Applicable,Not Applicable,No,Not Applicable,116,Cash,42,3.0,4.8
2024-07-11 18:34:00,CNR9536377772,Canceled by Driver,CID135587,Prime SUV,Chamarajpet,Koramangala,,,Not Applicable,Customer related issue,Not Applicable,Not Applicable,135,Not Applicable,0,,
2024-07-15 06:18:00,CNR2059335643,Success,CID369568,Prime Sedan,Kengeri,MG Road,287.0,80.0,Not Applicable,Not Applicable,No,Not Applicable,308,UPI,10,3.8,4.9
2024-07-19 18:55:00,CNR2971424591,Canceled by Customer,CID755720,Auto,Kengeri,Jayanagar,,,AC is Not working,Not Applicable,Not Applicable,Not Applicable,948,Not Applicable,0,,
2024-07-30 12:45:00,CNR5005011849,Success,CID244061,eBike,Sarjapur Road,Mysore Road,301.0,80.0,Not Applicable,Not Applicable,No,Not Applicable,1362,Cash,47,3.7,3.1
2024-07-17 15:41:00,CNR8842400080,Success,CID519899,Bike,MG Road,Hulimavu,147.0,35.0,Not Applicable,Not Applicable,Yes,Vehicle Breakdown,261,Cash,19,4.4,4.7
2024-07-04 15:02:00,CNR2801883483,Canceled by Driver,CID642521,Bike,Marathahalli,Majestic,,,Not Applicable,Personal & Car related issue,Not Applicable,Not Applicable,310,Not Applicable,0,,
2024-07-10 11:56:00,CNR8595318828,Success,CID689227,Bike,Majestic,Sarjapur Road,217.0,145.0,Not Applicable,Not Applicable,Yes,Vehicle Breakdown,340,UPI,1,3.7,3.3
2024-07-22 23:39:00,CNR6740554979,Canceled by Driver,CID812738,eBike,Chamarajpet,Malleshwaram,,,Not Applicable,More than permitted people in there,Not Applicable,Not Applicable,378,Not Applicable,0,,
2024-07-01 00:35:00,CNR3392851231,Success,CID907188,Prime SUV,Bannerghatta Road,Indiranagar,210.0,85.0,Not Applicable,Not Applicable,No,Not Applicable,237,Cash,22,4.6,3.9
2024-07-28 13:05:00,CNR1157651333,Success,CID598412,Auto,Malleshwaram,Devanahalli,210.0,35.0,Not Applicable,Not Applicable,No,Not Applicable,176,Cash,10,3.0,4.5
2024-07-18 07:32:00,CNR1063105961,Success,CID250417,Bike,Kengeri,BTM Layout,308.0,135.0,Not Applicable,Not Applicable,No,Not Applicable,2529,Cash,17,3.7,3.4
2024-07-16 10:49:00,CNR1683244527,Success,CID737325,eBike,Sarjapur Road,HSR Layout,301.0,25.0,Not Applicable,Not Applicable,No,Not Applicable,415,UPI,17,3.6,3.8
2024-07-23 21:02:00,CNR7501799257,Success,CID667436,Prime Plus,Koramangala,Koramangala,119.0,135.0,Not Applicable,Not Applicable,No,Not Applicable,439,UPI,3,3.8,4.7
2024-07-10 10:22:00,CNR2779677468,Driver Not Found,CID205115,Prime Sedan,Hosur Road,Yeshwanthpur,,,Not Applicable,Not Applicable,Not Applicable,Not Applicable,2536,Not Applicable,0,,
2024-07-02 07:42:00,CNR9374491196,Success,CID578002,eBike,Sahakar Nagar,Ulsoor,196.0,140.0,Not Applicable,Not Applicable,Yes,Customer Demand,240,Cash,14,3.6,3.9
2024-07-19 17:04:00,CNR7657871087,Success,CID914135,Auto,Langford Town,Hosur Road,49.0,65.0,Not Applicable,Not Applicable,No,Not Applicable,815,Cash,8,4.4,4.5
2024-07-03 08:48:00,CNR8521640267,Success,CID319842,Bike,Chickpet,Marathahalli,168.0,95.0,Not Applicable,Not Applicable,No,Not Applicable,769,Cash,49,3.3,3.4
2024-07-17 09:35:00,CNR3338987261,Canceled by Customer,CID834182,eBike,Indiranagar,JP Nagar,,,Wrong Address,Not Applicable,Not Applicable,Not Applicable,365,Not Applicable,0,,
2024-07-26 02:03:00,CNR1597820282,Success,CID857878,Prime Sedan,Nagarbhavi,Sahakar Nagar,105.0,65.0,Not Applicable,Not Applicable,No,Not Applicable,995,Cash,36,4.0,3.7
2024-07-14 15:08:00,CNR7300771305,Canceled by Driver,CID366770,Prime Sedan,Yelahanka,Electronic City,,,Not Applicable,Customer was coughing/sick,Not Applicable,Not Applicable,455,Not Applicable,0,,
2024-07-27 00:44:00,CNR5086093347,Success,CID120408,Prime Plus,Tumkur Road,Sarjapur Road,63.0,130.0,Not Applicable,Not Applicable,No,Not Applicable,354,UPI,49,4.3,4.1
2024-07-08 17:24:00,CNR2405659063,Success,CID836718,Prime SUV,Hulimavu,Indiranagar,238.0,45.0,Not Applicable,Not Applicable,No,Not Applicable,253,Cash,44,3.6,4.5
2024-07-25 20:36:00,CNR5420241523,Canceled by Driver,CID584698,Prime Sedan,Koramangala,Shivajinagar,,,Not Applicable,Customer was coughing/sick,Not Applicable,Not Applicable,461,Not Applicable,0,,
2024-07-24 12:26:00,CNR5296001121,Success,CID835021,Mini,Chickpet,Hosur Road,308.0,130.0,Not Applicable,Not Applicable,No,Not Applicable,474,UPI,34,3.5,4.7
2024-07-10 07:31:00,CNR8092395558,Success,CID547390,Prime Plus,Richmond Town,Bannerghatta Road,231.0,90.0,Not Applicable,Not Applicable,No,Not Applicable,367,UPI,19,4.0,4.9
2024-07-13 02:35:00,CNR2277488276,Canceled by Customer,CID480727,eBike,Hennur,Sahakar Nagar,,,Wrong Address,Not Applicable,Not Applicable,Not Applicable,222,Not Applicable,0,,
2024-07-11 16:17:00,CNR4903580567,Success,CID815682,Prime SUV,Mysore Road,HSR Layout,147.0,45.0,Not Applicable,Not Applicable,No,Not Applicable,380,UPI,3,3.6,4.9
2024-07-25 21:22:00,CNR3025157297,Canceled by Driver,CID394894,Prime SUV,Mysore Road,Indiranagar,,,Not Applicable,Customer related issue,Not Applicable,Not Applicable,181,Not Applicable,0,,
2024-07-10 07:11:00,CNR1183396471,Success,CID198936,Mini,Basavanagudi,Marathahalli,224.0,115.0,Not Applicable,Not Applicable,No,Not Applicable,152,Cash,31,4.6,3.8
2024-07-11 08:09:00,CNR5590749566,Success,CID812616,Prime Plus,Malleshwaram,Vijayanagar,91.0,40.0,Not Applicable,Not Applicable,No,Not Applicable,547,Cash,4,4.6,4.3
2024-07-17 19:31:00,CNR5300929613,Canceled by Driver,CID124400,Auto,Hulimavu,Vijayanagar,,,Not Applicable,Customer related issue,Not Applicable,Not Applicable,459,Not Applicable,0,,
2024-07-23 08:57:00,CNR9748415666,Success,CID407213,Prime Sedan,Tumkur Road,Sahakar Nagar,84.0,145.0,Not Applicable,Not Applicable,No,Not Applicable,153,Cash,5,4.1,3.5
2024-07-16 03:22:00,CNR1725276992,Driver Not Found,CID234920,Auto,Basavanagudi,Koramangala,,,Not Applicable,Not Applicable,Not Applicable,Not Applicable,943,Not Applicable,0,,
2024-07-02 09:57:00,CNR2482996042,Success,CID885443,Prime SUV,Ramamurthy Nagar,Yeshwanthpur,35.0,110.0,Not Applicable,Not Applicable,Yes,Vehicle Breakdown,205,Cash,40,3.2,3.6
2024-07-09 23:52:00,CNR8415916654,Canceled by Driver,CID819251,eBike,Hosur Road,Devanahalli,,,Not Applicable,Personal & Car related issue,Not Applicable,Not Applicable,321,Not Applicable,0,,
2024-07-26 10:51:00,CNR1052418862,Success,CID885421,Bike,Hennur,Nagarbhavi,168.0,70.0,Not Applicable,Not Applicable,No,Not Applicable,294,Cash,31,3.2,3.8
2024-07-23 06:19:00,CNR4931383088,Success,CID140735,Prime SUV,Yelahanka,Frazer Town,161.0,125.0,Not Applicable,Not Applicable,No,Not Applicable,113,UPI,34,4.0,3.8
2024-07-10 05:20:00,CNR6591815679,Canceled by Driver,CID964514,Prime Sedan,Rajarajeshwari Nagar,Jayanagar,,,Not Applicable,Customer related issue,Not Applicable,Not Applicable,946,Not Applicable,0,,
2024-07-30 06:41:00,CNR6500981968,Canceled by Driver,CID589634,eBike,Sarjapur Road,Hennur,,,Not Applicable,Customer related issue,Not Applicable,Not Applicable,160,Not Applicable,0,,
2024-07-09 04:59:00,CNR8507485506,Success,CID778771,Mini,Yeshwanthpur,Mysore Road,182.0,75.0,Not Applicable,Not Applicable,No,Not Applicable,661,Cash,9,3.6,3.4
2024-07-09 20:33:00,CNR1287678437,Success,CID336043,Mini,Shivajinagar,Majestic,273.0,70.0,Not Applicable,Not Applicable,No,Not Applicable,625,Cash,13,4.6,4.3
2024-07-03 15:05:00,CNR4153621385,Success,CID218615,Bike,Basavanagudi,Frazer Town,182.0,80.0,Not Applicable,Not Applicable,No,Not Applicable,300,UPI,1,3.2,4.5
2024-07-28 04:07:00,CNR2587658469,Canceled by Driver,CID212521,Prime SUV,Ramamurthy Nagar,Cox Town,,,Not Applicable,Customer was coughing/sick,Not Applicable,Not Applicable,216,Not Applicable,0,,
2024-07-29 02:29:00,CNR8986223970,Success,CID483790,Mini,HSR Layout,Majestic,147.0,130.0,Not Applicable,Not Applicable,No,Not Applicable,870,UPI,39,3.5,4.8
2024-07-04 07:30:00,CNR6132333783,Canceled by Customer,CID897717,Mini,Rajajinagar,BTM Layout,,,AC is Not working,Not Applicable,Not Applicable,Not Applicable,407,Not Applicable,0,,
2024-07-14 06:32:00,CNR5153024085,Success,CID409099,Auto,Yeshwanthpur,Rajarajeshwari Nagar,210.0,45.0,Not Applicable,Not Applicable,No,Not Applicable,249,Cash,8,3.0,3.1
2024-07-25 16:51:00,CNR5248536358,Success,CID371554,eBike,RT Nagar,Electronic City,287.0,75.0,Not Applicable,Not Applicable,No,Not Applicable,126,UPI,38,3.7,4.5
2024-07-18 22:58:00,CNR7837556997,Canceled by Driver,CID623297,Bike,KR Puram,Hebbal,,,Not Applicable,Customer related issue,Not Applicable,Not Applicable,203,Not Applicable,0,,
2024-07-16 12:44:00,CNR4305880487,Success,CID571350,Bike,Hulimavu,Bellandur,119.0,130.0,Not Applicable,Not Applicable,No,Not Applicable,420,UPI,48,4.6,3.8
2024-07-02 18:37:00,CNR8667584551,Success,CID161691,Auto,Peenya,Hulimavu,70.0,120.0,Not Applicable,Not Applicable,No,Not Applicable,507,Credit Card,4,4.1,3.8
2024-07-03 02:57:00,CNR4973860154,Success,CID154177,Bike,Chickpet,Varthur,42.0,55.0,Not Applicable,Not Applicable,No,Not Applicable,297,Cash,30,4.9,3.9
2024-07-11 13:14:00,CNR3215797107,Success,CID627908,Prime Plus,Tumkur Road,Indiranagar,210.0,105.0,Not Applicable,Not Applicable,No,Not Applicable,966,Cash,25,3.3,3.3
2024-07-19 22:24:00,CNR3580612502,Driver Not Found,CID458947,Prime Plus,Cox Town,Rajajinagar,,,Not Applicable,Not Applicable,Not Applicable,Not Applicable,421,Not Applicable,0,,
2024-07-28 08:20:00,CNR7152379310,Success,CID818273,eBike,Hulimavu,Hebbal,91.0,45.0,Not Applicable,Not Applicable,No,Not Applicable,220,UPI,24,4.1,4.1
2024-07-12 10:43:00,CNR3952048459,Success,CID345057,Prime SUV,Electronic City,Mysore Road,189.0,110.0,Not Applicable,Not Applicable,No,Not Applicable,297,UPI,26,3.6,3.3
2024-07-28 07:52:00,CNR5549546413,Canceled by Driver,CID583705,Prime Plus,Bellandur,Jayanagar,,,Not Applicable,Personal & Car related issue,Not Applicable,Not Applicable,290,Not Applicable,0,,
2024-07-13 22:48:00,CNR5390528221,Success,CID576240,Bike,Yeshwanthpur,Ramamurthy Nagar,294.0,75.0,Not Applicable,Not Applicable,No,Not Applicable,816,UPI,26,4.7,3.7
2024-07-20 07:24:00,CNR9420691804,Driver Not Found,CID101197,Auto,Devanahalli,Vijayanagar,,,Not Applicable,Not Applicable,Not Applicable,Not Applicable,211,Not Applicable,0,,
2024-07-25 01:26:00,CNR2391106466,Success,CID762865,Auto,Sahakar Nagar,Yeshwanthpur,217.0,70.0,Not Applicable,Not Applicable,No,Not Applicable,275,Cash,15,3.3,3.0
2024-07-25 19:01:00,CNR1136069120,Driver Not Found,CID715223,Auto,Langford Town,Cox Town,,,Not Applicable,Not Applicable,Not Applicable,Not Applicable,486,Not Applicable,0,,
2024-07-07 00:58:00,CNR4100767524,Canceled by Driver,CID332476,Prime Plus,Marathahalli,BTM Layout,,,Not Applicable,Customer related issue,Not Applicable,Not Applicable,284,Not Applicable,0,,
2024-07-01 04:48:00,CNR2340544308,Success,CID852551,Prime SUV,Kadugodi,Padmanabhanagar,49.0,95.0,Not Applicable,Not Applicable,No,Not Applicable,175,Cash,9,3.3,3.5
2024-07-25 14:50:00,CNR4740708556,Canceled by Driver,CID587840,Prime SUV,Richmond Town,Koramangala,,,Not Applicable,Customer related issue,Not Applicable,Not Applicable,217,Not Applicable,0,,
2024-07-14 21:43:00,CNR7823303390,Success,CID555424,Auto,Yeshwanthpur,Hebbal,238.0,105.0,Not Applicable,Not Applicable,No,Not Applicable,430,UPI,8,4.8,3.7
2024-07-15 04:23:00,CNR4006717148,Success,CID841569,Bike,Hosur Road,Chamarajpet,126.0,105.0,Not Applicable,Not Applicable,No,Not Applicable,136,Cash,47,3.3,3.9
2024-07-16 06:44:00,CNR5178780027,Success,CID716129,Prime Sedan,Tumkur Road,BTM Layout,56.0,45.0,Not Applicable,Not Applicable,No,Not Applicable,472,Cash,47,4.8,4.7
2024-07-13 22:37:00,CNR3378198145,Canceled by Customer,CID945493,Bike,Hebbal,Ulsoor,,,Change of plans,Not Applicable,Not Applicable,Not Applicable,464,Not Applicable,0,,
2024-07-02 22:24:00,CNR9347787730,Success,CID171998,Bike,Kengeri,Richmond Town,91.0,25.0,Not Applicable,Not Applicable,No,Not Applicable,139,Credit Card,46,3.9,5.0
2024-07-26 12:01:00,CNR9180488038,Success,CID254049,Auto,Frazer Town,Jayanagar,238.0,40.0,Not Applicable,Not Applicable,No,Not Applicable,187,UPI,1,4.8,4.7
2024-07-27 02:04:00,CNR8653174607,Canceled by Driver,CID677687,Mini,Hosur Road,Basavanagudi,,,Not Applicable,More than permitted people in there,Not Applicable,Not Applicable,104,Not Applicable,0,,
2024-07-14 22:59:00,CNR7833708355,Canceled by Driver,CID964864,Bike,Hennur,HSR Layout,,,Not Applicable,Customer related issue,Not Applicable,Not Applicable,301,Not Applicable,0,,
2024-07-09 20:00:00,CNR9102605880,Success,CID523868,eBike,BTM Layout,KR Puram,154.0,140.0,Not Applicable,Not Applicable,No,Not Applicable,464,Debit Card,45,3.6,3.3
2024-07-12 15:24:00,CNR9390947863,Driver Not Found,CID208050,eBike,Majestic,Cox Town,,,Not Applicable,Not Applicable,Not Applicable,Not Applicable,103,Not Applicable,0,,
2024-07-14 04:02:00,CNR5197375258,Success,CID353931,Mini,Tumkur Road,MG Road,154.0,145.0,Not Applicable,Not Applicable,No,Not Applicable,666,Cash,34,4.2,3.8
2024-07-09 04:30:00,CNR3386584446,Success,CID459207,Auto,Cox Town,Rajarajeshwari Nagar,294.0,80.0,Not Applicable,Not Applicable,No,Not Applicable,196,Cash,19,4.4,3.7
2024-07-29 15:15:00,CNR6388601712,Canceled by Driver,CID199876,Auto,Rajarajeshwari Nagar,Sarjapur Road,,,Not Applicable,More than permitted people in there,Not Applicable,Not Applicable,247,Not Applicable,0,,
2024-07-04 07:18:00,CNR4544909345,Success,CID195846,eBike,Chamarajpet,Shivajinagar,140.0,40.0,Not Applicable,Not Applicable,No,Not Applicable,850,Cash,19,4.8,3.3
2024-07-25 00:32:00,CNR8243631690,Success,CID456518,Prime Plus,Sahakar Nagar,Richmond Town,259.0,35.0,Not Applicable,Not Applicable,No,Not Applicable,808,Cash,44,3.3,4.0
2024-07-27 10:38:00,CNR5913321332,Canceled by Driver,CID710476,Auto,Yeshwanthpur,Ulsoor,,,Not Applicable,More than permitted people in there,Not Applicable,Not Applicable,100,Not Applicable,0,,
2024-07-13 02:10:00,CNR2566668460,Success,CID883099,Prime Sedan,HSR Layout,JP Nagar,231.0,115.0,Not Applicable,Not Applicable,No,Not Applicable,259,Cash,14,3.5,3.3
2024-07-03 23:40:00,CNR3605063846,Success,CID862851,Prime Plus,Devanahalli,Yelahanka,35.0,120.0,Not Applicable,Not Applicable,No,Not Applicable,232,Cash,43,3.3,3.6
2024-07-24 06:03:00,CNR5404658265,Success,CID600676,Auto,Kadugodi,Kammanahalli,259.0,80.0,Not Applicable,Not Applicable,No,Not Applicable,329,Cash,16,4.4,3.4
2024-07-15 16:08:00,CNR3389750581,Success,CID409858,eBike,Majestic,Padmanabhanagar,49.0,70.0,Not Applicable,Not Applicable,Yes,Other Issue,484,Cash,38,3.9,4.0
2024-07-26 14:15:00,CNR4533890682,Success,CID323675,eBike,Ulsoor,Sahakar Nagar,308.0,100.0,Not Applicable,Not Applicable,No,Not Applicable,232,UPI,37,4.7,4.5
2024-07-18 23:51:00,CNR3505011274,Canceled by Customer,CID184020,Bike,Tumkur Road,Chamarajpet,,,Driver is not moving towards pickup location,Not Applicable,Not Applicable,Not Applicable,374,Not Applicable,0,,
2024-07-09 19:28:00,CNR1755186441,Canceled by Driver,CID105223,Mini,Hulimavu,Bellandur,,,Not Applicable,Customer was coughing/sick,Not Applicable,Not Applicable,298,Not Applicable,0,,
2024-07-22 03:20:00,CNR7947206920,Success,CID366600,Prime Plus,Devanahalli,Malleshwaram,252.0,125.0,Not Applicable,Not Applicable,No,Not Applicable,387,Cash,36,3.6,3.6
2024-07-11 01:30:00,CNR4085771445,Driver Not Found,CID270190,eBike,Bannerghatta Road,Whitefield,,,Not Applicable,Not Applicable,Not Applicable,Not Applicable,167,Not Applicable,0,,
2024-07-05 00:54:00,CNR9076399239,Canceled by Driver,CID543520,Bike,Sahakar Nagar,Magadi Road,,,Not Applicable,Personal & Car related issue,Not Applicable,Not Applicable,358,Not Applicable,0,,
2024-07-18 19:21:00,CNR1932355861,Success,CID586139,Prime Sedan,Shantinagar,Shivajinagar,42.0,135.0,Not Applicable,Not Applicable,No,Not Applicable,905,Cash,21,3.9,4.7
2024-07-02 16:39:00,CNR3850150497,Success,CID165144,Mini,Shivajinagar,HSR Layout,294.0,80.0,Not Applicable,Not Applicable,No,Not Applicable,255,UPI,23,3.1,4.2
2024-07-05 23:44:00,CNR3325664550,Driver Not Found,CID241276,Bike,Yelahanka,Nagarbhavi,,,Not Applicable,Not Applicable,Not Applicable,Not Applicable,276,Not Applicable,0,,
2024-07-28 08:53:00,CNR2388929050,Success,CID836942,Auto,Whitefield,Padmanabhanagar,196.0,85.0,Not Applicable,Not Applicable,No,Not Applicable,1856,Cash,19,3.4,4.1
2024-07-21 00:55:00,CNR7153281636,Success,CID297254,eBike,Bannerghatta Road,Tumkur Road,154.0,110.0,Not Applicable,Not Applicable,No,Not Applicable,305,Cash,23,3.7,4.2
2024-07-13 17:13:00,CNR5621469819,Canceled by Driver,CID548834,Bike,Devanahalli,Banashankari,,,Not Applicable,Customer was coughing/sick,Not Applicable,Not Applicable,236,Not Applicable,0,,
2024-07-16 18:29:00,CNR5147085223,Success,CID245278,Auto,Hebbal,Rajajinagar,70.0,40.0,Not Applicable,Not Applicable,No,Not Applicable,459,UPI,19,3.9,4.4
2024-07-28 21:45:00,CNR8114520527,Success,CID363868,Bike,Devanahalli,Varthur,203.0,90.0,Not Applicable,Not Applicable,No,Not Applicable,206,UPI,35,3.5,3.2
2024-07-27 14:43:00,CNR9136370006,Success,CID380428,Auto,Electronic City,Whitefield,126.0,25.0,Not Applicable,Not Applicable,No,Not Applicable,923,UPI,18,3.2,4.0
2024-07-29 22:15:00,CNR1628038114,Canceled by Driver,CID563014,Prime SUV,Kammanahalli,HSR Layout,,,Not Applicable,Customer related issue,Not Applicable,Not Applicable,167,Not Applicable,0,,
2024-07-19 01:03:00,CNR7038970126,Canceled by Driver,CID881254,Prime SUV,Ulsoor,Shivajinagar,,,Not Applicable,Personal & Car related issue,Not Applicable,Not Applicable,862,Not Applicable,0,,
2024-07-16 22:10:00,CNR4724828712,Driver Not Found,CID552965,Prime Sedan,Magadi Road,Mysore Road,,,Not Applicable,Not Applicable,Not Applicable,Not Applicable,188,Not Applicable,0,,
2024-07-20 18:04:00,CNR5076758837,Success,CID988751,eBike,Sarjapur Road,Chickpet,98.0,60.0,Not Applicable,Not Applicable,No,Not Applicable,141,Cash,14,4.6,3.6
2024-07-11 09:09:00,CNR4868694647,Canceled by Customer,CID246652,Prime SUV,Langford Town,Hosur Road,,,Driver is not moving towards pickup location,Not Applicable,Not Applicable,Not Applicable,447,Not Applicable,0,,
2024-07-30 09:58:00,CNR4032240013,Success,CID957894,Prime Plus,KR Puram,Devanahalli,210.0,95.0,Not Applicable,Not Applicable,No,Not Applicable,421,UPI,4,4.0,4.5
2024-07-25 11:35:00,CNR1062429458,Driver Not Found,CID838030,Bike,BTM Layout,Hulimavu,,,Not Applicable,Not Applicable,Not Applicable,Not Applicable,479,Not Applicable,0,,
2024-07-01 21:16:00,CNR5354505495,Success,CID203345,Bike,Kadugodi,Langford Town,287.0,45.0,Not Applicable,Not Applicable,No,Not Applicable,322,UPI,14,5.0,4.3
2024-07-18 14:35:00,CNR7413987034,Canceled by Driver,CID260197,Auto,Padmanabhanagar,Padmanabhanagar,,,Not Applicable,More than permitted people in there,Not Applicable,Not Applicable,347,Not Applicable,0,,
2024-07-09 15:20:00,CNR4168666173,Canceled by Customer,CID667200,eBike,Jayanagar,Rajarajeshwari Nagar,,,Driver asked to cancel,Not Applicable,Not Applicable,Not Applicable,412,Not Applicable,0,,
2024-07-03 23:08:00,CNR9815413494,Success,CID236427,Bike,Magadi Road,Mysore Road,266.0,95.0,Not Applicable,Not Applicable,No,Not Applicable,309,Cash,34,3.4,3.5
2024-07-24 00:53:00,CNR1401487928,Success,CID501230,Bike,Ramamurthy Nagar,Jayanagar,294.0,140.0,Not Applicable,Not Applicable,No,Not Applicable,381,UPI,11,3.3,4.7
2024-07-08 17:01:00,CNR4026283559,Success,CID610078,eBike,Frazer Town,Whitefield,98.0,130.0,Not Applicable,Not Applicable,Yes,Vehicle Breakdown,417,UPI,31,3.8,3.4
2024-07-06 18:09:00,CNR4371859143,Driver Not Found,CID220136,Prime Plus,Frazer Town,Rajajinagar,,,Not Applicable,Not Applicable,Not Applicable,Not Applicable,851,Not Applicable,0,,
2024-07-07 07:09:00,CNR2218215611,Success,CID198026,Prime SUV,Ulsoor,Basavanagudi,280.0,45.0,Not Applicable,Not Applicable,No,Not Applicable,376,UPI,38,4.5,3.5
2024-07-02 06:34:00,CNR1105210926,Driver Not Found,CID158370,Mini,Chamarajpet,Padmanabhanagar,,,Not Applicable,Not Applicable,Not Applicable,Not Applicable,1404,Not Applicable,0,,
2024-07-16 19:23:00,CNR2819221776,Success,CID197100,Bike,Magadi Road,Electronic City,196.0,40.0,Not Applicable,Not Applicable,No,Not Applicable,177,Cash,12,3.6,4.3
2024-07-25 01:35:00,CNR7677114033,Driver Not Found,CID862530,Prime Plus,Koramangala,Peenya,,,Not Applicable,Not Applicable,Not Applicable,Not Applicable,862,Not Applicable,0,,
2024-07-10 14:31:00,CNR7641034911,Success,CID553033,Bike,Hebbal,MG Road,91.0,30.0,Not Applicable,Not Applicable,No,Not Applicable,164,Cash,37,3.7,3.9
2024-07-21 14:09:00,CNR1161951977,Success,CID215599,Prime Plus,Shivajinagar,Nagarbhavi,217.0,85.0,Not Applicable,Not Applicable,No,Not Applicable,405,Cash,26,3.0,3.7
2024-07-20 03:24:00,CNR6650823628,Success,CID721137,Mini,Sahakar Nagar,Indiranagar,98.0,90.0,Not Applicable,Not Applicable,No,Not Applicable,242,Credit Card,43,3.6,3.2
2024-07-24 14:12:00,CNR8387817092,Success,CID550443,Auto,Hennur,Frazer Town,42.0,135.0,Not Applicable,Not Applicable,No,Not Applicable,258,UPI,19,4.3,4.1
2024-07-18 14:54:00,CNR7992768738,Canceled by Customer,CID492368,eBike,Majestic,Hebbal,,,Driver asked to cancel,Not Applicable,Not Applicable,Not Applicable,2989,Not Applicable,0,,
2024-07-23 02:40:00,CNR3844139417,Canceled by Driver,CID241280,Prime Sedan,Hennur,Padmanabhanagar,,,Not Applicable,Customer related issue,Not Applicable,Not Applicable,748,Not Applicable,0,,
2024-07-01 21:42:00,CNR2955769673,Success,CID619653,Bike,Chickpet,Electronic City,35.0,105.0,Not Applicable,Not Applicable,No,Not Applicable,589,UPI,30,3.9,3.6
2024-07-30 14:25:00,CNR8401874204,Success,CID351767,Bike,Mysore Road,Frazer Town,266.0,120.0,Not Applicable,Not Applicable,No,Not Applicable,485,Cash,8,4.4,3.5
2024-07-24 21:11:00,CNR8516565559,Driver Not Found,CID485276,Bike,JP Nagar,Tumkur Road,,,Not Applicable,Not Applicable,Not Applicable,Not Applicable,631,Not Applicable,0,,
2024-07-02 07:21:00,CNR9151788621,Success,CID131167,Prime Sedan,JP Nagar,Ulsoor,245.0,40.0,Not Applicable,Not Applicable,No,Not Applicable,680,Cash,49,4.1,3.5
2024-07-10 18:03:00,CNR1470954299,Success,CID110493,Prime SUV,Hulimavu,Richmond Town,252.0,90.0,Not Applicable,Not Applicable,No,Not Applicable,963,Cash,19,3.8,4.2
2024-07-07 19:27:00,CNR6919891969,Driver Not Found,CID454992,Auto,Vijayanagar,Jayanagar,,,Not Applicable,Not Applicable,Not Applicable,Not Applicable,283,Not Applicable,0,,
2024-07-05 17:06:00,CNR2773175496,Success,CID608589,Bike,Bannerghatta Road,RT Nagar,154.0,120.0,Not Applicable,Not Applicable,No,Not Applicable,478,UPI,23,4.8,3.2
2024-07-09 00:38:00,CNR2560780731,Success,CID461282,Prime Plus,Electronic City,Ramamurthy Nagar,77.0,135.0,Not Applicable,Not Applicable,No,Not Applicable,704,Cash,46,3.0,3.2
2024-07-26 14:05:00,CNR6527959565,Success,CID407713,Mini,Hebbal,Vijayanagar,84.0,95.0,Not Applicable,Not Applicable,No,Not Applicable,380,Cash,4,4.3,3.0
2024-07-29 15:07:00,CNR6277212277,Canceled by Driver,CID651068,eBike,Frazer Town,Cox Town,,,Not Applicable,Customer related issue,Not Applicable,Not Applicable,185,Not Applicable,0,,
2024-07-23 05:42:00,CNR7186000840,Driver Not Found,CID377103,Prime SUV,Bannerghatta Road,Padmanabhanagar,,,Not Applicable,Not Applicable,Not Applicable,Not Applicable,748,Not Applicable,0,,
2024-07-16 19:31:00,CNR3973525786,Driver Not Found,CID407979,Prime Sedan,Tumkur Road,Rajarajeshwari Nagar,,,Not Applicable,Not Applicable,Not Applicable,Not Applicable,471,Not Applicable,0,,
2024-07-09 11:09:00,CNR6054538908,Canceled by Driver,CID430068,Bike,Sarjapur Road,Majestic,,,Not Applicable,Personal & Car related issue,Not Applicable,Not Applicable,522,Not Applicable,0,,
2024-07-01 19:25:00,CNR2924235055,Success,CID619744,Prime Sedan,Hulimavu,Ulsoor,63.0,135.0,Not Applicable,Not Applicable,No,Not Applicable,635,Cash,38,4.7,3.7
2024-07-27 19:10:00,CNR1261260841,Canceled by Customer,CID257452,Prime Sedan,Tumkur Road,Jayanagar,,,Driver asked to cancel,Not Applicable,Not Applicable,Not Applicable,106,Not Applicable,0,,
2024-07-21 10:10:00,CNR3041527307,Driver Not Found,CID707753,eBike,Cox Town,Shivajinagar,,,Not Applicable,Not Applicable,Not Applicable,Not Applicable,267,Not Applicable,0,,
2024-07-29 01:29:00,CNR5902085237,Success,CID806057,Prime Sedan,Marathahalli,Chickpet,294.0,130.0,Not Applicable,Not Applicable,No,Not Applicable,398,Cash,25,3.4,3.8
2024-07-25 22:52:00,CNR6613391834,Success,CID651232,Prime Sedan,Hosur Road,Yeshwanthpur,266.0,50.0,Not Applicable,Not Applicable,No,Not Applicable,456,Cash,5,4.5,3.6
2024-07-04 16:13:00,CNR2123549733,Driver Not Found,CID935686,Mini,Bannerghatta Road,JP Nagar,,,Not Applicable,Not Applicable,Not Applicable,Not Applicable,475,Not Applicable,0,,
2024-07-13 05:19:00,CNR6688709719,Driver Not Found,CID802442,Prime Plus,Sahakar Nagar,Rajajinagar,,,Not Applicable,Not Applicable,Not Applicable,Not Applicable,288,Not Applicable,0,,
2024-07-28 14:53:00,CNR6672231876,Success,CID268305,Bike,Whitefield,Electronic City,140.0,120.0,Not Applicable,Not Applicable,No,Not Applicable,372,Cash,43,3.8,3.8
2024-07-11 17:46:00,CNR8590533136,Success,CID113823,Prime Sedan,Cox Town,Yelahanka,154.0,75.0,Not Applicable,Not Applicable,No,Not Applicable,158,UPI,12,3.4,3.7
2024-07-02 14:38:00,CNR1895529425,Canceled by Driver,CID369514,eBike,Bannerghatta Road,Malleshwaram,,,Not Applicable,More than permitted people in there,Not Applicable,Not Applicable,186,Not Applicable,0,,
2024-07-29 01:27:00,CNR4573093073,Success,CID738372,Mini,Yeshwanthpur,Sarjapur Road,252.0,120.0,Not Applicable,Not Applicable,No,Not Applicable,395,Cash,28,4.9,3.1
2024-07-15 02:32:00,CNR6377870835,Driver Not Found,CID647805,Auto,Electronic City,Magadi Road,,,Not Applicable,Not Applicable,Not Applicable,Not Applicable,351,Not Applicable,0,,
2024-07-17 09:27:00,CNR8711682860,Success,CID274618,Prime Plus,Kammanahalli,HSR Layout,203.0,115.0,Not Applicable,Not Applicable,No,Not Applicable,537,Cash,43,4.1,3.3
2024-07-11 11:26:00,CNR1223664851,Success,CID137368,eBike,JP Nagar,Electronic City,189.0,60.0,Not Applicable,Not Applicable,No,Not Applicable,369,Credit Card,48,3.8,3.5
2024-07-06 16:39:00,CNR6328389635,Success,CID427723,Prime Plus,Ramamurthy Nagar,Indiranagar,245.0,75.0,Not Applicable,Not Applicable,Yes,Vehicle Breakdown,169,Cash,43,4.2,4.2
2024-07-23 11:33:00,CNR9126679080,Success,CID403729,Prime Plus,Ramamurthy Nagar,Chamarajpet,210.0,135.0,Not Applicable,Not Applicable,No,Not Applicable,158,Cash,1,3.3,3.9
2024-07-17 09:17:00,CNR4796039448,Success,CID633007,Bike,Hosur Road,HSR Layout,294.0,145.0,Not Applicable,Not Applicable,No,Not Applicable,311,UPI,13,4.8,5.0
2024-07-09 03:13:00,CNR5568064962,Success,CID752468,Prime Sedan,Bellandur,Mysore Road,147.0,95.0,Not Applicable,Not Applicable,No,Not Applicable,402,Cash,23,5.0,3.2
2024-07-13 16:59:00,CNR1202955451,Canceled by Driver,CID281479,Mini,Ulsoor,Hennur,,,Not Applicable,Customer related issue,Not Applicable,Not Applicable,476,Not Applicable,0,,
2024-07-06 07:25:00,CNR9289426828,Driver Not Found,CID764860,Prime SUV,Ramamurthy Nagar,Tumkur Road,,,Not Applicable,Not Applicable,Not Applicable,Not Applicable,1166,Not Applicable,0,,
2024-07-02 23:55:00,CNR4499555591,Success,CID148770,Mini,Richmond Town,Shantinagar,91.0,100.0,Not Applicable,Not Applicable,No,Not Applicable,537,UPI,46,4.0,4.6
2024-07-27 16:03:00,CNR2900013628,Driver Not Found,CID737210,Prime SUV,Sahakar Nagar,Hebbal,,,Not Applicable,Not Applicable,Not Applicable,Not Applicable,370,Not Applicable,0,,
2024-07-26 13:11:00,CNR8185959832,Success,CID930706,Mini,Hosur Road,Shivajinagar,273.0,85.0,Not Applicable,Not Applicable,Yes,Customer Demand,318,UPI,32,5.0,3.7
2024-07-26 04:55:00,CNR5472454751,Canceled by Driver,CID496484,Mini,Bannerghatta Road,Ulsoor,,,Not Applicable,Customer related issue,Not Applicable,Not Applicable,906,Not Applicable,0,,
2024-07-02 12:47:00,CNR5037780731,Success,CID371818,eBike,Malleshwaram,Hennur,266.0,45.0,Not Applicable,Not Applicable,No,Not Applicable,147,UPI,5,3.6,3.0
2024-07-12 11:30:00,CNR2091019349,Success,CID448512,Prime Sedan,Malleshwaram,Vijayanagar,259.0,95.0,Not Applicable,Not Applicable,No,Not Applicable,171,UPI,34,3.4,3.8
2024-07-02 04:53:00,CNR1909261630,Success,CID215913,Mini,Cox Town,Sarjapur Road,140.0,110.0,Not Applicable,Not Applicable,No,Not Applicable,549,UPI,36,3.6,4.9
2024-07-30 07:51:00,CNR9678924758,Canceled by Driver,CID841632,Prime Plus,Hebbal,MG Road,,,Not Applicable,Personal & Car related issue,Not Applicable,Not Applicable,230,Not Applicable,0,,
2024-07-28 10:31:00,CNR4781351408,Canceled by Customer,CID312945,Mini,Vijayanagar,Devanahalli,,,Driver asked to cancel,Not Applicable,Not Applicable,Not Applicable,393,Not Applicable,0,,
2024-07-30 09:52:00,CNR3240851359,Success,CID568187,eBike,Banashankari,Peenya,294.0,80.0,Not Applicable,Not Applicable,No,Not Applicable,184,Cash,45,4.9,4.1
2024-07-27 04:09:00,CNR3191297566,Success,CID228877,Prime SUV,Shivajinagar,Padmanabhanagar,245.0,60.0,Not Applicable,Not Applicable,No,Not Applicable,889,UPI,18,4.8,3.2
2024-07-24 06:18:00,CNR7691992241,Canceled by Customer,CID193479,Prime SUV,Basavanagudi,Mysore Road,,,Driver asked to cancel,Not Applicable,Not Applicable,Not Applicable,519,Not Applicable,0,,
2024-07-06 07:47:00,CNR8841426475,Success,CID516280,eBike,Banashankari,Padmanabhanagar,49.0,115.0,Not Applicable,Not Applicable,No,Not Applicable,186,UPI,8,4.0,4.9
2024-07-17 15:06:00,CNR1465089658,Success,CID288234,Prime SUV,Tumkur Road,Sahakar Nagar,126.0,110.0,Not Applicable,Not Applicable,No,Not Applicable,120,UPI,19,4.1,4.0
2024-07-18 22:38:00,CNR8001195907,Success,CID252201,Bike,Indiranagar,Padmanabhanagar,126.0,85.0,Not Applicable,Not Applicable,No,Not Applicable,232,UPI,7,3.6,3.0
2024-07-08 00:17:00,CNR5117640926,Canceled by Customer,CID394534,Prime SUV,Malleshwaram,Majestic,,,AC is Not working,Not Applicable,Not Applicable,Not Applicable,478,Not Applicable,0,,
2024-07-13 08:16:00,CNR8584747668,Success,CID777126,Mini,BTM Layout,Bellandur,203.0,90.0,Not Applicable,Not Applicable,No,Not Applicable,326,Cash,14,4.4,3.6
2024-07-13 06:01:00,CNR8863014431,Canceled by Driver,CID157039,Mini,Rajarajeshwari Nagar,Rajajinagar,,,Not Applicable,More than permitted people in there,Not Applicable,Not Applicable,186,Not Applicable,0,,
2024-07-07 16:24:00,CNR9635552792,Success,CID200612,Prime Plus,Jayanagar,RT Nagar,91.0,35.0,Not Applicable,Not Applicable,No,Not Applicable,508,Cash,4,4.5,3.1
2024-07-04 09:13:00,CNR6793432310,Canceled by Driver,CID894426,Prime Plus,Magadi Road,Bellandur,,,Not Applicable,Personal & Car related issue,Not Applicable,Not Applicable,382,Not Applicable,0,,
2024-07-08 00:29:00,CNR4930768063,Success,CID237580,Prime Sedan,Indiranagar,Banashankari,133.0,145.0,Not Applicable,Not Applicable,Yes,Customer Demand,275,Cash,3,4.2,4.8
2024-07-06 15:42:00,CNR9649164083,Success,CID673490,eBike,Indiranagar,Magadi Road,119.0,40.0,Not Applicable,Not Applicable,No,Not Applicable,497,Cash,24,3.3,3.5
2024-07-19 13:05:00,CNR6809360346,Success,CID906538,Mini,Hennur,Mysore Road,140.0,110.0,Not Applicable,Not Applicable,No,Not Applicable,560,UPI,20,3.9,5.0
2024-07-19 17:51:00,CNR8005267409,Canceled by Driver,CID218289,Prime Plus,Jayanagar,Majestic,,,Not Applicable,Customer related issue,Not Applicable,Not Applicable,344,Not Applicable,0,,
2024-07-26 23:35:00,CNR3446441521,Success,CID933679,eBike,Kammanahalli,Marathahalli,119.0,85.0,Not Applicable,Not Applicable,No,Not Applicable,190,Cash,49,4.5,3.2
2024-07-14 04:55:00,CNR4840128673,Success,CID668370,Mini,Electronic City,Langford Town,154.0,40.0,Not Applicable,Not Applicable,No,Not Applicable,643,Cash,27,4.2,3.9
2024-07-28 14:13:00,CNR8956406388,Canceled by Driver,CID640740,Prime Sedan,Devanahalli,RT Nagar,,,Not Applicable,Customer was coughing/sick,Not Applicable,Not Applicable,178,Not Applicable,0,,
2024-07-08 02:18:00,CNR3126619956,Success,CID995599,Prime SUV,Whitefield,Nagarbhavi,210.0,40.0,Not Applicable,Not Applicable,No,Not Applicable,206,Cash,9,3.1,4.0
2024-07-01 00:22:00,CNR9519457313,Canceled by Driver,CID650693,Prime SUV,Kammanahalli,Hennur,,,Not Applicable,Customer was coughing/sick,Not Applicable,Not Applicable,475,Not Applicable,0,,
2024-07-09 11:10:00,CNR8664973762,Canceled by Customer,CID941035,Prime SUV,Richmond Town,Nagarbhavi,,,Change of plans,Not Applicable,Not Applicable,Not Applicable,853,Not Applicable,0,,
2024-07-29 06:05:00,CNR5797943515,Success,CID726147,Bike,Shantinagar,Rajarajeshwari Nagar,154.0,25.0,Not Applicable,Not Applicable,No,Not Applicable,261,Cash,48,4.2,3.8
2024-07-15 15:55:00,CNR1448485250,Canceled by Customer,CID353624,Auto,Bellandur,Yelahanka,,,Driver is not moving towards pickup location,Not Applicable,Not Applicable,Not Applicable,235,Not Applicable,0,,
2024-07-19 04:38:00,CNR6995148308,Success,CID113413,Mini,Rajajinagar,JP Nagar,56.0,75.0,Not Applicable,Not Applicable,No,Not Applicable,107,Cash,11,4.5,4.0
2024-07-29 13:54:00,CNR9071647863,Success,CID196724,Bike,MG Road,Kengeri,91.0,145.0,Not Applicable,Not Applicable,No,Not Applicable,835,Cash,42,3.2,3.9
2024-07-30 04:35:00,CNR4672628239,Canceled by Driver,CID142591,Prime SUV,Sarjapur Road,Whitefield,,,Not Applicable,Personal & Car related issue,Not Applicable,Not Applicable,268,Not Applicable,0,,
2024-07-27 18:38:00,CNR6027735806,Success,CID986734,Prime Plus,Kengeri,MG Road,168.0,110.0,Not Applicable,Not Applicable,No,Not Applicable,467,UPI,38,3.0,4.5
2024-07-15 11:11:00,CNR8987672454,Canceled by Driver,CID148094,Prime Plus,Rajarajeshwari Nagar,Chickpet,,,Not Applicable,Personal & Car related issue,Not Applicable,Not Applicable,267,Not Applicable,0,,
2024-07-17 05:56:00,CNR6245818372,Success,CID465789,Prime Sedan,Hennur,Yelahanka,294.0,80.0,Not Applicable,Not Applicable,No,Not Applicable,499,Cash,25,3.5,4.6
2024-07-29 15:21:00,CNR7552392022,Canceled by Driver,CID655640,Prime Sedan,Magadi Road,Shivajinagar,,,Not Applicable,Personal & Car related issue,Not Applicable,Not Applicable,285,Not Applicable,0,,
2024-07-27 07:46:00,CNR5104543087,Driver Not Found,CID339660,Mini,Tumkur Road,Kammanahalli,,,Not Applicable,Not Applicable,Not Applicable,Not Applicable,2401,Not Applicable,0,,
2024-07-10 06:42:00,CNR9230514695,Canceled by Customer,CID570123,Bike,Malleshwaram,Hulimavu,,,Driver asked to cancel,Not Applicable,Not Applicable,Not Applicable,114,Not Applicable,0,,
2024-07-17 08:43:00,CNR9949794777,Success,CID640133,Prime SUV,BTM Layout,Shantinagar,231.0,140.0,Not Applicable,Not Applicable,No,Not Applicable,341,UPI,38,3.7,3.1
2024-07-24 07:35:00,CNR6805867898,Success,CID132037,Prime Plus,Kengeri,BTM Layout,245.0,55.0,Not Applicable,Not Applicable,No,Not Applicable,701,UPI,40,5.0,3.4
2024-07-16 10:10:00,CNR1365385068,Success,CID414134,Bike,Bellandur,Hennur,259.0,120.0,Not Applicable,Not Applicable,No,Not Applicable,752,UPI,17,4.5,3.1
2024-07-03 14:11:00,CNR8849707227,Canceled by Driver,CID696283,Auto,JP Nagar,Magadi Road,,,Not Applicable,Personal & Car related issue,Not Applicable,Not Applicable,442,Not Applicable,0,,
2024-07-29 08:16:00,CNR2748890928,Success,CID405119,Prime Sedan,Basavanagudi,Indiranagar,182.0,105.0,Not Applicable,Not Applicable,No,Not Applicable,423,Cash,27,4.1,3.5
2024-07-06 09:32:00,CNR5977920150,Driver Not Found,CID714679,eBike,Bellandur,Yelahanka,,,Not Applicable,Not Applicable,Not Applicable,Not Applicable,2674,Not Applicable,0,,
2024-07-14 09:34:00,CNR5403187535,Canceled by Driver,CID309405,Prime Plus,BTM Layout,Hosur Road,,,Not Applicable,Customer was coughing/sick,Not Applicable,Not Applicable,172,Not Applicable,0,,
2024-07-16 15:04:00,CNR4967055783,Success,CID159175,Prime SUV,Yeshwanthpur,Langford Town,70.0,45.0,Not Applicable,Not Applicable,No,Not Applicable,751,UPI,24,4.5,3.2
2024-07-06 16:58:00,CNR7181504756,Success,CID482369,eBike,Bellandur,Jayanagar,273.0,55.0,Not Applicable,Not Applicable,No,Not Applicable,755,Cash,22,3.8,4.6
2024-07-13 11:59:00,CNR9749493689,Success,CID352206,Prime Plus,Cox Town,BTM Layout,280.0,70.0,Not Applicable,Not Applicable,No,Not Applicable,1156,UPI,44,4.6,3.3
2024-07-19 03:07:00,CNR7920926484,Success,CID834320,Prime Sedan,Rajarajeshwari Nagar,Peenya,105.0,135.0,Not Applicable,Not Applicable,No,Not Applicable,200,Cash,45,3.1,4.9
2024-07-29 19:11:00,CNR3721524947,Success,CID783159,Auto,MG Road,Peenya,217.0,140.0,Not Applicable,Not Applicable,No,Not Applicable,469,UPI,11,4.5,3.3
2024-07-17 17:20:00,CNR9265534635,Canceled by Driver,CID514655,Prime Plus,Kammanahalli,Devanahalli,,,Not Applicable,Personal & Car related issue,Not Applicable,Not Applicable,318,Not Applicable,0,,
2024-07-09 03:55:00,CNR1440439346,Success,CID127262,Auto,Hennur,Kengeri,266.0,85.0,Not Applicable,Not Applicable,No,Not Applicable,869,Cash,9,4.8,4.1
2024-07-26 12:17:00,CNR4913562934,Success,CID355334,Prime SUV,Koramangala,Nagarbhavi,175.0,135.0,Not Applicable,Not Applicable,No,Not Applicable,939,Cash,19,4.1,3.3
2024-07-20 01:09:00,CNR6785770384,Success,CID663774,Prime SUV,Kengeri,Mysore Road,238.0,35.0,Not Applicable,Not Applicable,No,Not Applicable,447,Cash,5,3.4,3.6
2024-07-06 20:38:00,CNR4011974079,Success,CID654175,Prime SUV,Richmond Town,Yelahanka,217.0,40.0,Not Applicable,Not Applicable,Yes,Vehicle Breakdown,356,Cash,3,3.5,3.2
2024-07-20 13:29:00,CNR1933125733,Canceled by Customer,CID502617,Mini,RT Nagar,Hebbal,,,Driver asked to cancel,Not Applicable,Not Applicable,Not Applicable,461,Not Applicable,0,,
2024-07-07 01:34:00,CNR4789256921,Driver Not Found,CID648129,Bike,Chamarajpet,Tumkur Road,,,Not Applicable,Not Applicable,Not Applicable,Not Applicable,430,Not Applicable,0,,
2024-07-24 23:31:00,CNR8253679656,Canceled by Customer,CID814551,Prime Plus,Kammanahalli,Padmanabhanagar,,,Change of plans,Not Applicable,Not Applicable,Not Applicable,427,Not Applicable,0,,
2024-07-24 14:47:00,CNR1749065098,Success,CID961639,Prime Plus,Ramamurthy Nagar,Yelahanka,154.0,140.0,Not Applicable,Not Applicable,No,Not Applicable,288,Cash,49,3.7,3.4
2024-07-30 09:49:00,CNR5035063846,Canceled by Driver,CID971961,Prime Plus,Magadi Road,Shivajinagar,,,Not Applicable,Customer was coughing/sick,Not Applicable,Not Applicable,383,Not Applicable,0,,
2024-07-27 23:40:00,CNR8699692695,Success,CID135480,Prime SUV,Kammanahalli,Chickpet,189.0,35.0,Not Applicable,Not Applicable,No,Not Applicable,2295,Credit Card,26,3.6,4.7
2024-07-27 15:56:00,CNR4450566068,Canceled by Driver,CID572778,eBike,Banashankari,Cox Town,,,Not Applicable,Customer was coughing/sick,Not Applicable,Not Applicable,312,Not Applicable,0,,
2024-07-08 05:49:00,CNR3632709981,Success,CID755291,Bike,RT Nagar,Padmanabhanagar,119.0,120.0,Not Applicable,Not Applicable,No,Not Applicable,124,Cash,38,3.2,4.4
2024-07-03 04:02:00,CNR2014949750,Canceled by Driver,CID478254,Mini,Sahakar Nagar,KR Puram,,,Not Applicable,Customer related issue,Not Applicable,Not Applicable,466,Not Applicable,0,,
2024-07-19 03:41:00,CNR7987575311,Canceled by Driver,CID995546,Prime SUV,Indiranagar,Yelahanka,,,Not Applicable,Personal & Car related issue,Not Applicable,Not Applicable,229,Not Applicable,0,,
2024-07-01 18:34:00,CNR5859329477,Success,CID634265,Prime Sedan,Indiranagar,Bellandur,294.0,25.0,Not Applicable,Not Applicable,No,Not Applicable,365,Credit Card,42,4.0,3.0
2024-07-10 06:23:00,CNR1006636125,Canceled by Customer,CID710758,Prime Sedan,Basavanagudi,Rajajinagar,,,Driver is not moving towards pickup location,Not Applicable,Not Applicable,Not Applicable,366,Not Applicable,0,,
2024-07-28 01:43:00,CNR3400053442,Canceled by Customer,CID104075,Mini,Frazer Town,Indiranagar,,,Driver is not moving towards pickup location,Not Applicable,Not Applicable,Not Applicable,769,Not Applicable,0,,
2024-07-06 20:34:00,CNR6077613575,Success,CID279675,Prime Plus,Shantinagar,Richmond Town,105.0,60.0,Not Applicable,Not Applicable,No,Not Applicable,784,UPI,5,4.0,3.3
2024-07-09 10:13:00,CNR3165460628,Driver Not Found,CID167327,Auto,Sahakar Nagar,Shantinagar,,,Not Applicable,Not Applicable,Not Applicable,Not Applicable,200,Not Applicable,0,,
2024-07-26 10:14:00,CNR2310173155,Canceled by Driver,CID144653,Prime Sedan,Hebbal,Banashankari,,,Not Applicable,More than permitted people in there,Not Applicable,Not Applicable,2556,Not Applicable,0,,
2024-07-07 22:02:00,CNR1034507645,Canceled by Driver,CID149388,Prime Plus,Hosur Road,Whitefield,,,Not Applicable,Customer was coughing/sick,Not Applicable,Not Applicable,616,Not Applicable,0,,
2024-07-15 09:23:00,CNR8279121432,Success,CID249330,Prime SUV,Devanahalli,KR Puram,259.0,60.0,Not Applicable,Not Applicable,No,Not Applicable,230,Cash,28,3.2,3.1
2024-07-10 13:33:00,CNR7983369166,Success,CID157180,Bike,Chamarajpet,Basavanagudi,56.0,110.0,Not Applicable,Not Applicable,No,Not Applicable,161,Cash,42,4.4,4.1
2024-07-15 21:13:00,CNR7137967543,Driver Not Found,CID452475,Mini,Jayanagar,Cox Town,,,Not Applicable,Not Applicable,Not Applicable,Not Applicable,2586,Not Applicable,0,,
2024-07-06 08:14:00,CNR9307469359,Success,CID256964,Mini,Tumkur Road,KR Puram,203.0,50.0,Not Applicable,Not Applicable,No,Not Applicable,246,UPI,26,4.9,3.1
2024-07-13 06:16:00,CNR2122710881,Success,CID137809,Prime Plus,Varthur,KR Puram,231.0,140.0,Not Applicable,Not Applicable,No,Not Applicable,310,Cash,13,4.6,4.1
2024-07-02 03:43:00,CNR8110394917,Canceled by Driver,CID950864,Auto,MG Road,Vijayanagar,,,Not Applicable,Customer was coughing/sick,Not Applicable,Not Applicable,668,Not Applicable,0,,
2024-07-13 11:28:00,CNR7576836831,Success,CID644902,Prime SUV,Chickpet,Yeshwanthpur,42.0,130.0,Not Applicable,Not Applicable,No,Not Applicable,198,Cash,10,4.2,4.5
2024-07-24 09:02:00,CNR7830580529,Success,CID737741,Auto,Bellandur,Marathahalli,105.0,35.0,Not Applicable,Not Applicable,No,Not Applicable,1177,UPI,14,3.9,3.5
2024-07-01 09:26:00,CNR9037867700,Success,CID206796,Auto,Indiranagar,Basavanagudi,91.0,35.0,Not Applicable,Not Applicable,No,Not Applicable,834,Cash,6,4.3,4.6
2024-07-01 20:18:00,CNR2810266071,Success,CID932767,Prime Sedan,KR Puram,Rajarajeshwari Nagar,231.0,80.0,Not Applicable,Not Applicable,No,Not Applicable,811,Cash,40,3.2,3.6
2024-07-05 20:46:00,CNR7953138914,Success,CID719290,Mini,Devanahalli,Magadi Road,210.0,40.0,Not Applicable,Not Applicable,No,Not Applicable,184,UPI,26,3.8,3.1
2024-07-02 15:47:00,CNR6143625759,Success,CID224815,Mini,Vijayanagar,JP Nagar,105.0,145.0,Not Applicable,Not Applicable,No,Not Applicable,468,Cash,37,4.0,4.8
2024-07-11 12:12:00,CNR2791351943,Success,CID495034,Prime Sedan,Electronic City,Bellandur,49.0,40.0,Not Applicable,Not Applicable,No,Not Applicable,386,UPI,23,3.7,4.3
2024-07-17 15:35:00,CNR4495420649,Canceled by Customer,CID502783,Bike,BTM Layout,Basavanagudi,,,Change of plans,Not Applicable,Not Applicable,Not Applicable,1312,Not Applicable,0,,
2024-07-30 15:32:00,CNR4039769484,Success,CID699902,Bike,Electronic City,Sahakar Nagar,203.0,65.0,Not Applicable,Not Applicable,No,Not Applicable,280,Credit Card,32,4.8,3.3
2024-07-15 23:03:00,CNR1549866081,Success,CID906238,Bike,Richmond Town,Peenya,196.0,75.0,Not Applicable,Not Applicable,No,Not Applicable,362,UPI,40,4.0,4.8
2024-07-06 05:52:00,CNR4351745053,Success,CID542756,Mini,Yelahanka,Basavanagudi,266.0,55.0,Not Applicable,Not Applicable,No,Not Applicable,171,UPI,17,4.0,4.9
2024-07-22 06:17:00,CNR9023282886,Canceled by Customer,CID904298,Mini,Koramangala,MG Road,,,Driver asked to cancel,Not Applicable,Not Applicable,Not Applicable,493,Not Applicable,0,,
2024-07-28 21:16:00,CNR5337888093,Canceled by Driver,CID337203,Prime SUV,Chamarajpet,Peenya,,,Not Applicable,Personal & Car related issue,Not Applicable,Not Applicable,421,Not Applicable,0,,
2024-07-21 04:54:00,CNR9292705174,Success,CID888973,Prime Sedan,Hosur Road,Banashankari,252.0,95.0,Not Applicable,Not Applicable,No,Not Applicable,303,Cash,40,4.8,3.7
2024-07-25 18:00:00,CNR7088429990,Success,CID752253,eBike,Varthur,Hennur,301.0,65.0,Not Applicable,Not Applicable,No,Not Applicable,205,Cash,1,3.3,4.2
2024-07-09 13:54:00,CNR5461057253,Canceled by Driver,CID126201,Prime SUV,BTM Layout,Marathahalli,,,Not Applicable,Customer related issue,Not Applicable,Not Applicable,328,Not Applicable,0,,
2024-07-07 12:03:00,CNR2796393510,Success,CID233240,eBike,Chamarajpet,Magadi Road,175.0,115.0,Not Applicable,Not Applicable,No,Not Applicable,366,Cash,25,3.8,4.4
2024-07-09 10:38:00,CNR1803996207,Success,CID721202,Auto,Chickpet,Cox Town,252.0,125.0,Not Applicable,Not Applicable,No,Not Applicable,112,UPI,16,3.7,3.8
2024-07-26 00:10:00,CNR1894308909,Success,CID168575,Mini,Hosur Road,Kengeri,63.0,120.0,Not Applicable,Not Applicable,No,Not Applicable,1666,Credit Card,17,4.3,4.7
2024-07-17 21:47:00,CNR6879913109,Canceled by Driver,CID631975,Prime SUV,Mysore Road,Vijayanagar,,,Not Applicable,Customer related issue,Not Applicable,Not Applicable,1928,Not Applicable,0,,
2024-07-24 10:54:00,CNR6360007117,Success,CID264850,Prime Sedan,Vijayanagar,Majestic,245.0,55.0,Not Applicable,Not Applicable,No,Not Applicable,186,Cash,35,3.0,3.3
2024-07-23 20:09:00,CNR5386160906,Driver Not Found,CID972833,Prime SUV,Cox Town,Kammanahalli,,,Not Applicable,Not Applicable,Not Applicable,Not Applicable,192,Not Applicable,0,,
2024-07-17 16:09:00,CNR7961457965,Success,CID507170,eBike,Frazer Town,Padmanabhanagar,273.0,140.0,Not Applicable,Not Applicable,No,Not Applicable,227,UPI,20,3.6,4.9
2024-07-17 00:56:00,CNR5287915375,Canceled by Driver,CID450964,Bike,Electronic City,Majestic,,,Not Applicable,Customer was coughing/sick,Not Applicable,Not Applicable,182,Not Applicable,0,,
2024-07-14 11:14:00,CNR2537900045,Success,CID503612,Bike,Sarjapur Road,Cox Town,203.0,25.0,Not Applicable,Not Applicable,No,Not Applicable,201,Cash,17,4.6,3.5
2024-07-04 06:23:00,CNR6669257171,Success,CID850000,Bike,Hosur Road,Magadi Road,224.0,80.0,Not Applicable,Not Applicable,No,Not Applicable,286,Cash,25,3.1,3.7
2024-07-01 13:24:00,CNR1688033262,Success,CID423556,Prime SUV,Cox Town,Jayanagar,203.0,85.0,Not Applicable,Not Applicable,No,Not Applicable,238,Cash,7,3.2,3.8
2024-07-07 00:15:00,CNR9350405030,Success,CID691064,Bike,Banashankari,Ramamurthy Nagar,301.0,35.0,Not Applicable,Not Applicable,No,Not Applicable,634,Cash,11,4.5,3.5
2024-07-04 10:01:00,CNR6115573411,Success,CID723897,Mini,Banashankari,JP Nagar,294.0,135.0,Not Applicable,Not Applicable,No,Not Applicable,449,UPI,45,4.4,3.4
2024-07-11 16:26:00,CNR1403259281,Canceled by Customer,CID803696,eBike,Magadi Road,Magadi Road,,,Driver asked to cancel,Not Applicable,Not Applicable,Not Applicable,170,Not Applicable,0,,
2024-07-26 10:01:00,CNR4617267019,Canceled by Driver,CID966144,Prime SUV,Shivajinagar,Koramangala,,,Not Applicable,Customer related issue,Not Applicable,Not Applicable,559,Not Applicable,0,,
2024-07-19 20:44:00,CNR4697466345,Driver Not Found,CID739627,Prime Sedan,Padmanabhanagar,Rajajinagar,,,Not Applicable,Not Applicable,Not Applicable,Not Applicable,443,Not Applicable,0,,
2024-07-01 12:47:00,CNR9211366777,Canceled by Driver,CID760474,Prime SUV,Rajarajeshwari Nagar,Jayanagar,,,Not Applicable,Customer was coughing/sick,Not Applicable,Not Applicable,329,Not Applicable,0,,
2024-07-17 18:14:00,CNR5450826389,Canceled by Driver,CID334258,Mini,Mysore Road,Mysore Road,,,Not Applicable,More than permitted people in there,Not Applicable,Not Applicable,428,Not Applicable,0,,
2024-07-15 21:01:00,CNR4115084053,Driver Not Found,CID516449,Auto,Devanahalli,Hulimavu,,,Not Applicable,Not Applicable,Not Applicable,Not Applicable,1651,Not Applicable,0,,
2024-07-09 00:17:00,CNR7960905577,Success,CID586078,Prime Plus,Chickpet,Indiranagar,49.0,40.0,Not Applicable,Not Applicable,No,Not Applicable,444,UPI,40,4.3,3.6
2024-07-16 03:27:00,CNR3195409425,Canceled by Customer,CID801250,eBike,Frazer Town,Hebbal,,,Change of plans,Not Applicable,Not Applicable,Not Applicable,2255,Not Applicable,0,,
2024-07-09 14:37:00,CNR3232477849,Canceled by Customer,CID806714,Prime Sedan,Tumkur Road,Banashankari,,,Driver is not moving towards pickup location,Not Applicable,Not Applicable,Not Applicable,866,Not Applicable,0,,
2024-07-29 09:57:00,CNR2829994984,Canceled by Driver,CID515636,Prime SUV,Ramamurthy Nagar,Malleshwaram,,,Not Applicable,Personal & Car related issue,Not Applicable,Not Applicable,181,Not Applicable,0,,
2024-07-16 08:47:00,CNR2752406165,Success,CID279076,Prime SUV,Yelahanka,Chamarajpet,175.0,25.0,Not Applicable,Not Applicable,No,Not Applicable,492,UPI,32,3.2,4.6
2024-07-02 01:50:00,CNR8702261402,Success,CID446883,Auto,Rajajinagar,Majestic,182.0,125.0,Not Applicable,Not Applicable,No,Not Applicable,480,Cash,7,4.9,3.2
2024-07-22 00:33:00,CNR3165683823,Success,CID773872,Auto,Indiranagar,Hebbal,112.0,110.0,Not Applicable,Not Applicable,No,Not Applicable,499,UPI,6,3.7,3.9
2024-07-02 01:32:00,CNR6055251569,Success,CID347584,Mini,Malleshwaram,BTM Layout,182.0,35.0,Not Applicable,Not Applicable,No,Not Applicable,991,UPI,13,3.4,4.3
2024-07-08 14:19:00,CNR2355261216,Success,CID992550,Mini,Devanahalli,Kengeri,70.0,70.0,Not Applicable,Not Applicable,No,Not Applicable,263,Cash,12,4.5,4.5
2024-07-13 07:16:00,CNR7831711225,Canceled by Customer,CID749751,Auto,Yelahanka,BTM Layout,,,Driver is not moving towards pickup location,Not Applicable,Not Applicable,Not Applicable,497,Not Applicable,0,,
2024-07-24 07:16:00,CNR9999653059,Success,CID969443,Bike,KR Puram,Marathahalli,49.0,25.0,Not Applicable,Not Applicable,Yes,Customer Demand,1234,UPI,30,4.5,3.3
2024-07-29 16:11:00,CNR4245829562,Success,CID331369,Mini,Tumkur Road,Devanahalli,280.0,130.0,Not Applicable,Not Applicable,No,Not Applicable,1884,Cash,3,3.0,4.8
2024-07-05 13:27:00,CNR6625049500,Success,CID684588,Prime SUV,Shantinagar,Vijayanagar,140.0,80.0,Not Applicable,Not Applicable,No,Not Applicable,434,Cash,32,4.2,4.9
2024-07-11 09:21:00,CNR1872888296,Canceled by Driver,CID480003,Auto,Kadugodi,JP Nagar,,,Not Applicable,Customer related issue,Not Applicable,Not Applicable,483,Not Applicable,0,,
2024-07-19 02:54:00,CNR3336372764,Success,CID848547,Prime SUV,Marathahalli,Basavanagudi,175.0,60.0,Not Applicable,Not Applicable,No,Not Applicable,340,Cash,1,3.1,4.4
2024-07-20 01:15:00,CNR8358896369,Success,CID316171,Prime SUV,Kadugodi,RT Nagar,77.0,130.0,Not Applicable,Not Applicable,No,Not Applicable,355,Cash,16,4.3,4.8
2024-07-02 20:07:00,CNR5034543843,Success,CID946000,Prime Plus,Peenya,HSR Layout,35.0,125.0,Not Applicable,Not Applicable,No,Not Applicable,226,UPI,2,3.9,3.6
2024-07-09 17:38:00,CNR1757169587,Success,CID744819,Prime Sedan,Peenya,Cox Town,238.0,65.0,Not Applicable,Not Applicable,No,Not Applicable,442,UPI,7,4.9,3.6
2024-07-19 19:00:00,CNR9219127215,Driver Not Found,CID485843,Auto,Kengeri,Tumkur Road,,,Not Applicable,Not Applicable,Not Applicable,Not Applicable,498,Not Applicable,0,,
2024-07-14 22:57:00,CNR5343191245,Success,CID587556,Prime SUV,Marathahalli,Hosur Road,56.0,145.0,Not Applicable,Not Applicable,No,Not Applicable,144,UPI,9,3.7,3.2
2024-07-26 16:10:00,CNR2906883317,Canceled by Customer,CID921652,Prime Plus,Langford Town,Sarjapur Road,,,Driver asked to cancel,Not Applicable,Not Applicable,Not Applicable,321,Not Applicable,0,,
2024-07-01 15:43:00,CNR9306436442,Canceled by Customer,CID800685,eBike,Hosur Road,Langford Town,,,Driver asked to cancel,Not Applicable,Not Applicable,Not Applicable,993,Not Applicable,0,,
2024-07-01 15:43:00,CNR3548026997,Driver Not Found,CID363109,Prime Plus,Whitefield,Magadi Road,,,Not Applicable,Not Applicable,Not Applicable,Not Applicable,418,Not Applicable,0,,
2024-07-28 01:22:00,CNR5893224660,Success,CID988584,Auto,Vijayanagar,Yeshwanthpur,56.0,30.0,Not Applicable,Not Applicable,No,Not Applicable,408,Cash,15,3.4,3.9
2024-07-22 12:31:00,CNR1803861994,Success,CID638726,Bike,Shivajinagar,Mysore Road,189.0,140.0,Not Applicable,Not Applicable,No,Not Applicable,550,UPI,31,3.6,3.5
2024-07-14 02:15:00,CNR9879837532,Success,CID462160,Auto,Hennur,Bannerghatta Road,301.0,90.0,Not Applicable,Not Applicable,No,Not Applicable,329,Cash,1,4.8,3.3
2024-07-10 10:58:00,CNR7507852907,Success,CID917496,Prime SUV,Hosur Road,Indiranagar,147.0,30.0,Not Applicable,Not Applicable,No,Not Applicable,131,UPI,42,3.9,4.5
2024-07-14 08:27:00,CNR8179047828,Driver Not Found,CID233369,Prime Plus,Padmanabhanagar,KR Puram,,,Not Applicable,Not Applicable,Not Applicable,Not Applicable,403,Not Applicable,0,,
2024-07-04 21:53:00,CNR8864272921,Success,CID738381,eBike,Malleshwaram,Banashankari,42.0,30.0,Not Applicable,Not Applicable,No,Not Applicable,299,Cash,27,3.6,3.8
2024-07-20 05:02:00,CNR9451677845,Success,CID674716,Prime Sedan,Sarjapur Road,Padmanabhanagar,238.0,55.0,Not Applicable,Not Applicable,No,Not Applicable,338,UPI,41,4.3,3.8
2024-07-13 17:44:00,CNR3521734450,Success,CID755390,Auto,Hennur,Yeshwanthpur,224.0,75.0,Not Applicable,Not Applicable,No,Not Applicable,341,Credit Card,2,3.8,4.4
2024-07-29 12:55:00,CNR5699690772,Success,CID662971,Mini,Magadi Road,Chamarajpet,42.0,95.0,Not Applicable,Not Applicable,No,Not Applicable,382,Cash,18,4.0,3.3
2024-07-29 09:48:00,CNR8053698838,Success,CID214799,eBike,Padmanabhanagar,Rajarajeshwari Nagar,49.0,30.0,Not Applicable,Not Applicable,No,Not Applicable,315,Cash,33,3.3,4.6
2024-07-24 05:09:00,CNR1909290120,Success,CID908561,Prime Sedan,JP Nagar,Frazer Town,42.0,100.0,Not Applicable,Not Applicable,No,Not Applicable,389,Cash,17,3.0,3.6
2024-07-11 00:21:00,CNR6267280229,Canceled by Driver,CID945366,Prime Sedan,Bannerghatta Road,Mysore Road,,,Not Applicable,Personal & Car related issue,Not Applicable,Not Applicable,190,Not Applicable,0,,
2024-07-23 23:07:00,CNR6265269219,Success,CID388500,Prime Plus,Hebbal,Rajarajeshwari Nagar,273.0,100.0,Not Applicable,Not Applicable,No,Not Applicable,1748,Cash,10,4.6,4.4
2024-07-23 16:15:00,CNR3817314626,Canceled by Customer,CID452673,Bike,Frazer Town,JP Nagar,,,AC is Not working,Not Applicable,Not Applicable,Not Applicable,227,Not Applicable,0,,
2024-07-20 08:01:00,CNR9840474754,Success,CID431783,Mini,Banashankari,Rajarajeshwari Nagar,49.0,110.0,Not Applicable,Not Applicable,No,Not Applicable,438,Cash,29,3.1,4.2
2024-07-13 02:55:00,CNR7373030787,Canceled by Driver,CID173429,Prime Sedan,Kengeri,Langford Town,,,Not Applicable,Customer related issue,Not Applicable,Not Applicable,2700,Not Applicable,0,,
2024-07-21 20:10:00,CNR2544251935,Canceled by Customer,CID245974,Prime Plus,Shivajinagar,Magadi Road,,,Driver asked to cancel,Not Applicable,Not Applicable,Not Applicable,135,Not Applicable,0,,
2024-07-10 14:27:00,CNR7905386110,Canceled by Customer,CID341287,Prime Plus,Chamarajpet,Shivajinagar,,,Driver asked to cancel,Not Applicable,Not Applicable,Not Applicable,145,Not Applicable,0,,
2024-07-16 20:28:00,CNR1837554134,Success,CID941864,Prime Sedan,Indiranagar,Tumkur Road,280.0,130.0,Not Applicable,Not Applicable,No,Not Applicable,467,UPI,8,3.9,4.3
2024-07-12 11:07:00,CNR4561248917,Canceled by Customer,CID173090,Prime Plus,Magadi Road,Langford Town,,,Wrong Address,Not Applicable,Not Applicable,Not Applicable,618,Not Applicable,0,,
2024-07-14 03:45:00,CNR8207106729,Success,CID183264,Prime Sedan,Bellandur,Rajajinagar,189.0,125.0,Not Applicable,Not Applicable,Yes,Other Issue,914,Cash,34,3.7,3.1
2024-07-25 11:31:00,CNR8372650662,Success,CID572840,Auto,Sarjapur Road,RT Nagar,35.0,110.0,Not Applicable,Not Applicable,No,Not Applicable,182,UPI,13,3.8,3.1
2024-07-20 21:44:00,CNR7473627270,Success,CID167054,Prime Sedan,Basavanagudi,Marathahalli,147.0,125.0,Not Applicable,Not Applicable,No,Not Applicable,368,Cash,16,4.4,4.7
2024-07-01 22:54:00,CNR7638406017,Success,CID409424,Mini,Marathahalli,Hebbal,147.0,145.0,Not Applicable,Not Applicable,No,Not Applicable,922,Cash,31,4.2,4.7
2024-07-25 06:50:00,CNR9486328774,Success,CID155940,Prime Sedan,Bellandur,Indiranagar,91.0,105.0,Not Applicable,Not Applicable,No,Not Applicable,539,Cash,45,3.7,3.9
2024-07-11 04:19:00,CNR4269705328,Success,CID167307,Bike,Devanahalli,Shivajinagar,147.0,25.0,Not Applicable,Not Applicable,No,Not Applicable,315,Cash,32,3.1,3.1
2024-07-10 02:42:00,CNR3533521967,Canceled by Customer,CID328887,Prime SUV,RT Nagar,Hosur Road,,,Driver asked to cancel,Not Applicable,Not Applicable,Not Applicable,328,Not Applicable,0,,
2024-07-24 04:18:00,CNR5743318299,Success,CID910540,eBike,Koramangala,Jayanagar,35.0,145.0,Not Applicable,Not Applicable,No,Not Applicable,323,UPI,37,5.0,3.8
2024-07-24 03:01:00,CNR3003202754,Success,CID884183,Prime Sedan,Padmanabhanagar,Jayanagar,308.0,25.0,Not Applicable,Not Applicable,No,Not Applicable,298,UPI,1,3.8,4.7
2024-07-27 20:51:00,CNR1399654494,Driver Not Found,CID620490,Bike,Jayanagar,Varthur,,,Not Applicable,Not Applicable,Not Applicable,Not Applicable,438,Not Applicable,0,,
2024-07-09 16:02:00,CNR8105276129,Success,CID845130,eBike,Chamarajpet,Kadugodi,182.0,90.0,Not Applicable,Not Applicable,No,Not Applicable,2468,Cash,15,3.8,4.7
2024-07-22 12:32:00,CNR4342204060,Canceled by Customer,CID717040,Prime Sedan,Hennur,KR Puram,,,Wrong Address,Not Applicable,Not Applicable,Not Applicable,345,Not Applicable,0,,
2024-07-17 16:40:00,CNR5234757126,Success,CID671672,Mini,Padmanabhanagar,Hosur Road,140.0,140.0,Not Applicable,Not Applicable,No,Not Applicable,312,UPI,36,4.1,3.9
2024-07-12 14:12:00,CNR3429764013,Driver Not Found,CID680257,Bike,Shivajinagar,Marathahalli,,,Not Applicable,Not Applicable,Not Applicable,Not Applicable,418,Not Applicable,0,,
2024-07-18 20:27:00,CNR9336060415,Success,CID427847,eBike,Kengeri,Sarjapur Road,56.0,25.0,Not Applicable,Not Applicable,No,Not Applicable,195,Cash,33,3.1,3.6
2024-07-27 10:29:00,CNR9284051828,Success,CID135344,eBike,Yeshwanthpur,RT Nagar,56.0,35.0,Not Applicable,Not Applicable,No,Not Applicable,730,UPI,41,4.7,4.7
2024-07-24 22:24:00,CNR4731889085,Success,CID967089,Auto,Malleshwaram,Shivajinagar,217.0,95.0,Not Applicable,Not Applicable,No,Not Applicable,922,UPI,4,4.9,4.9
2024-07-04 01:11:00,CNR1780980665,Canceled by Customer,CID828181,Mini,Sahakar Nagar,BTM Layout,,,Change of plans,Not Applicable,Not Applicable,Not Applicable,667,Not Applicable,0,,
2024-07-03 08:35:00,CNR9809138704,Success,CID316088,Mini,Kengeri,Basavanagudi,119.0,135.0,Not Applicable,Not Applicable,No,Not Applicable,486,UPI,45,4.0,3.2
2024-07-10 09:18:00,CNR6629293684,Success,CID423028,eBike,Majestic,Koramangala,182.0,95.0,Not Applicable,Not Applicable,No,Not Applicable,744,UPI,9,3.4,3.1
2024-07-07 03:23:00,CNR2003756791,Canceled by Customer,CID972778,eBike,Richmond Town,Bannerghatta Road,,,Driver is not moving towards pickup location,Not Applicable,Not Applicable,Not Applicable,2626,Not Applicable,0,,
2024-07-09 14:06:00,CNR3731352144,Success,CID361834,Auto,Langford Town,Bannerghatta Road,105.0,80.0,Not Applicable,Not Applicable,Yes,Customer Demand,480,UPI,18,3.8,3.9
2024-07-11 05:15:00,CNR7752514154,Canceled by Customer,CID767904,eBike,Marathahalli,MG Road,,,Driver asked to cancel,Not Applicable,Not Applicable,Not Applicable,442,Not Applicable,0,,
2024-07-06 04:44:00,CNR5125983994,Success,CID440895,Prime Plus,Jayanagar,Kadugodi,238.0,145.0,Not Applicable,Not Applicable,No,Not Applicable,947,UPI,42,3.2,3.6
2024-07-05 10:32:00,CNR4133769129,Driver Not Found,CID219634,Prime Plus,Devanahalli,Langford Town,,,Not Applicable,Not Applicable,Not Applicable,Not Applicable,437,Not Applicable,0,,
2024-07-10 00:28:00,CNR5842384636,Canceled by Driver,CID720154,Prime SUV,Sarjapur Road,BTM Layout,,,Not Applicable,Personal & Car related issue,Not Applicable,Not Applicable,729,Not Applicable,0,,
2024-07-23 11:00:00,CNR4262952289,Canceled by Driver,CID735649,Bike,Marathahalli,Richmond Town,,,Not Applicable,Customer was coughing/sick,Not Applicable,Not Applicable,599,Not Applicable,0,,
2024-07-03 07:19:00,CNR7617441570,Success,CID887372,Bike,Bellandur,Hosur Road,224.0,65.0,Not Applicable,Not Applicable,No,Not Applicable,289,UPI,43,3.9,3.2
2024-07-03 23:37:00,CNR5908986304,Success,CID395533,Prime SUV,Sarjapur Road,MG Road,119.0,125.0,Not Applicable,Not Applicable,No,Not Applicable,1000,Cash,11,3.3,3.2
2024-07-05 22:52:00,CNR8461079200,Canceled by Driver,CID103714,eBike,Majestic,Padmanabhanagar,,,Not Applicable,Customer related issue,Not Applicable,Not Applicable,454,Not Applicable,0,,
2024-07-22 14:04:00,CNR2549077064,Canceled by Driver,CID834110,Prime Sedan,Hennur,Marathahalli,,,Not Applicable,Personal & Car related issue,Not Applicable,Not Applicable,623,Not Applicable,0,,
2024-07-17 01:40:00,CNR9985505530,Success,CID208764,Prime Sedan,Chamarajpet,Basavanagudi,98.0,40.0,Not Applicable,Not Applicable,No,Not Applicable,174,Cash,1,4.2,4.8
2024-07-17 11:12:00,CNR2450732448,Success,CID871138,Auto,Chamarajpet,Mysore Road,217.0,120.0,Not Applicable,Not Applicable,No,Not Applicable,923,UPI,12,4.2,3.4
2024-07-24 18:52:00,CNR3364795320,Canceled by Customer,CID231516,Mini,Bellandur,Sahakar Nagar,,,AC is Not working,Not Applicable,Not Applicable,Not Applicable,357,Not Applicable,0,,
2024-07-04 19:56:00,CNR4657872143,Canceled by Driver,CID629219,Mini,Vijayanagar,Basavanagudi,,,Not Applicable,Customer was coughing/sick,Not Applicable,Not Applicable,769,Not Applicable,0,,
2024-07-14 13:09:00,CNR4383815863,Canceled by Driver,CID118113,Prime SUV,Devanahalli,Mysore Road,,,Not Applicable,Customer related issue,Not Applicable,Not Applicable,503,Not Applicable,0,,
2024-07-24 10:31:00,CNR7024132589,Success,CID996005,Mini,Hennur,Nagarbhavi,105.0,85.0,Not Applicable,Not Applicable,No,Not Applicable,340,UPI,42,3.8,3.4
2024-07-08 09:22:00,CNR3010395750,Success,CID610251,Prime Plus,Yeshwanthpur,Nagarbhavi,196.0,145.0,Not Applicable,Not Applicable,No,Not Applicable,256,UPI,32,4.1,3.5
2024-07-09 02:11:00,CNR6987403387,Success,CID195660,eBike,Cox Town,Koramangala,119.0,30.0,Not Applicable,Not Applicable,Yes,Customer Demand,2833,UPI,11,4.9,4.0
2024-07-09 20:22:00,CNR5918579674,Driver Not Found,CID365955,Auto,Hennur,Malleshwaram,,,Not Applicable,Not Applicable,Not Applicable,Not Applicable,469,Not Applicable,0,,
2024-07-14 05:14:00,CNR4215230164,Success,CID225943,Prime SUV,Cox Town,Kammanahalli,112.0,140.0,Not Applicable,Not Applicable,No,Not Applicable,464,UPI,47,3.3,3.1
2024-07-16 22:57:00,CNR7122199423,Canceled by Customer,CID108103,Prime Plus,Shantinagar,Padmanabhanagar,,,Driver asked to cancel,Not Applicable,Not Applicable,Not Applicable,491,Not Applicable,0,,
2024-07-23 13:07:00,CNR9319666266,Canceled by Driver,CID614868,Prime SUV,Indiranagar,Ulsoor,,,Not Applicable,Personal & Car related issue,Not Applicable,Not Applicable,468,Not Applicable,0,,
2024-07-01 11:24:00,CNR3536681325,Canceled by Driver,CID649836,Auto,Majestic,Rajarajeshwari Nagar,,,Not Applicable,Customer was coughing/sick,Not Applicable,Not Applicable,428,Not Applicable,0,,
2024-07-07 16:59:00,CNR4799063942,Success,CID674489,Prime Sedan,Shantinagar,Marathahalli,294.0,40.0,Not Applicable,Not Applicable,No,Not Applicable,323,Cash,35,3.9,4.0
2024-07-06 05:13:00,CNR7590079942,Driver Not Found,CID595597,Prime SUV,Nagarbhavi,Nagarbhavi,,,Not Applicable,Not Applicable,Not Applicable,Not Applicable,184,Not Applicable,0,,
2024-07-27 21:05:00,CNR8515372619,Canceled by Customer,CID776753,eBike,Magadi Road,Mysore Road,,,Driver asked to cancel,Not Applicable,Not Applicable,Not Applicable,343,Not Applicable,0,,
2024-07-06 08:55:00,CNR4645630444,Success,CID482844,eBike,RT Nagar,Mysore Road,126.0,85.0,Not Applicable,Not Applicable,No,Not Applicable,551,Cash,14,3.2,4.0
2024-07-10 00:28:00,CNR2931079852,Success,CID245801,Mini,KR Puram,Koramangala,140.0,145.0,Not Applicable,Not Applicable,No,Not Applicable,806,UPI,40,4.8,4.6
2024-07-30 22:57:00,CNR2204835282,Success,CID248155,eBike,Magadi Road,Rajarajeshwari Nagar,42.0,75.0,Not Applicable,Not Applicable,No,Not Applicable,806,UPI,2,4.2,4.0
2024-07-18 16:52:00,CNR9610430843,Success,CID755224,eBike,Electronic City,Richmond Town,105.0,45.0,Not Applicable,Not Applicable,No,Not Applicable,298,Cash,31,4.4,4.3
2024-07-05 17:23:00,CNR4795754833,Canceled by Customer,CID638073,Mini,Jayanagar,Shivajinagar,,,AC is Not working,Not Applicable,Not Applicable,Not Applicable,118,Not Applicable,0,,
2024-07-30 16:19:00,CNR2826882968,Canceled by Driver,CID865262,Prime SUV,Basavanagudi,MG Road,,,Not Applicable,Customer was coughing/sick,Not Applicable,Not Applicable,269,Not Applicable,0,,
2024-07-02 00:11:00,CNR5476945285,Canceled by Driver,CID878478,Prime Sedan,Malleshwaram,Chickpet,,,Not Applicable,Customer related issue,Not Applicable,Not Applicable,107,Not Applicable,0,,
2024-07-25 19:19:00,CNR4505998262,Success,CID950591,Prime SUV,KR Puram,Hosur Road,140.0,60.0,Not Applicable,Not Applicable,No,Not Applicable,466,UPI,24,4.0,4.8
2024-07-27 07:41:00,CNR4961876317,Success,CID738366,Mini,Hosur Road,Tumkur Road,210.0,35.0,Not Applicable,Not Applicable,No,Not Applicable,146,UPI,3,3.4,4.8
2024-07-16 14:48:00,CNR5869928711,Success,CID331801,eBike,Hennur,Vijayanagar,126.0,140.0,Not Applicable,Not Applicable,No,Not Applicable,382,UPI,4,3.8,3.2
2024-07-25 17:16:00,CNR5000010167,Success,CID348400,Mini,Varthur,Vijayanagar,35.0,55.0,Not Applicable,Not Applicable,No,Not Applicable,632,Cash,24,3.6,3.5
2024-07-01 14:28:00,CNR8491876405,Canceled by Customer,CID752598,eBike,Malleshwaram,Basavanagudi,,,Change of plans,Not Applicable,Not Applicable,Not Applicable,228,Not Applicable,0,,
2024-07-02 18:48:00,CNR7518752554,Success,CID248490,Auto,Hosur Road,Varthur,112.0,125.0,Not Applicable,Not Applicable,No,Not Applicable,449,Cash,11,3.8,4.0
2024-07-26 03:52:00,CNR9628616892,Success,CID858486,Bike,Vijayanagar,HSR Layout,273.0,95.0,Not Applicable,Not Applicable,No,Not Applicable,193,UPI,22,4.8,4.1
2024-07-10 12:59:00,CNR9257795422,Success,CID836164,Prime Plus,Ramamurthy Nagar,BTM Layout,252.0,120.0,Not Applicable,Not Applicable,No,Not Applicable,484,Cash,47,3.8,3.4
2024-07-19 20:03:00,CNR2384271361,Success,CID731586,Mini,Kadugodi,Hosur Road,294.0,45.0,Not Applicable,Not Applicable,No,Not Applicable,336,UPI,16,3.4,3.5
2024-07-01 04:46:00,CNR7829275506,Driver Not Found,CID217663,Prime Plus,Chamarajpet,Varthur,,,Not Applicable,Not Applicable,Not Applicable,Not Applicable,307,Not Applicable,0,,
2024-07-29 05:22:00,CNR3493292925,Success,CID222600,Prime Sedan,Chamarajpet,Banashankari,84.0,30.0,Not Applicable,Not Applicable,No,Not Applicable,164,Cash,10,4.9,4.2
2024-07-10 00:59:00,CNR2336777304,Canceled by Driver,CID722641,eBike,Whitefield,Kammanahalli,,,Not Applicable,Customer was coughing/sick,Not Applicable,Not Applicable,926,Not Applicable,0,,
2024-07-10 06:09:00,CNR1191159586,Canceled by Driver,CID223881,Prime SUV,Sahakar Nagar,Rajajinagar,,,Not Applicable,Customer related issue,Not Applicable,Not Applicable,933,Not Applicable,0,,
2024-07-05 15:29:00,CNR3757165540,Canceled by Customer,CID266677,Prime Sedan,Hebbal,Basavanagudi,,,AC is Not working,Not Applicable,Not Applicable,Not Applicable,122,Not Applicable,0,,
2024-07-27 23:43:00,CNR6741394673,Canceled by Driver,CID845252,Auto,Koramangala,Tumkur Road,,,Not Applicable,Customer related issue,Not Applicable,Not Applicable,150,Not Applicable,0,,
2024-07-23 23:41:00,CNR2559904362,Canceled by Driver,CID700853,eBike,Electronic City,HSR Layout,,,Not Applicable,Customer was coughing/sick,Not Applicable,Not Applicable,151,Not Applicable,0,,
2024-07-09 16:39:00,CNR2609915658,Canceled by Driver,CID717912,Prime Plus,Shivajinagar,JP Nagar,,,Not Applicable,Customer was coughing/sick,Not Applicable,Not Applicable,636,Not Applicable,0,,
2024-07-27 03:14:00,CNR9153800484,Canceled by Driver,CID154343,Mini,Marathahalli,Malleshwaram,,,Not Applicable,More than permitted people in there,Not Applicable,Not Applicable,547,Not Applicable,0,,
2024-07-16 19:33:00,CNR9089605526,Canceled by Driver,CID119520,Prime Sedan,Vijayanagar,Devanahalli,,,Not Applicable,Customer related issue,Not Applicable,Not Applicable,327,Not Applicable,0,,
2024-07-27 11:45:00,CNR6962978597,Success,CID878230,Auto,Jayanagar,RT Nagar,231.0,130.0,Not Applicable,Not Applicable,No,Not Applicable,389,UPI,16,4.6,4.8
2024-07-08 14:42:00,CNR5622478838,Success,CID439751,eBike,Electronic City,Mysore Road,161.0,50.0,Not Applicable,Not Applicable,Yes,Vehicle Breakdown,511,UPI,47,4.7,4.9
2024-07-09 05:40:00,CNR7596593832,Canceled by Driver,CID885616,Auto,Koramangala,Frazer Town,,,Not Applicable,More than permitted people in there,Not Applicable,Not Applicable,478,Not Applicable,0,,
2024-07-10 03:55:00,CNR8500332819,Success,CID968316,Prime Sedan,Shivajinagar,Richmond Town,98.0,80.0,Not Applicable,Not Applicable,No,Not Applicable,230,Cash,20,3.7,3.8
2024-07-04 04:25:00,CNR9013435049,Success,CID288328,Prime Sedan,Electronic City,Padmanabhanagar,189.0,50.0,Not Applicable,Not Applicable,No,Not Applicable,122,Cash,13,4.3,4.4
2024-07-13 00:56:00,CNR8952841970,Success,CID407004,Mini,JP Nagar,Ulsoor,273.0,40.0,Not Applicable,Not Applicable,No,Not Applicable,308,Cash,39,4.2,4.9
2024-07-17 21:58:00,CNR8975292452,Success,CID762130,Bike,Cox Town,JP Nagar,154.0,35.0,Not Applicable,Not Applicable,No,Not Applicable,738,Cash,9,3.6,3.1
2024-07-30 18:56:00,CNR1457342904,Success,CID983566,Prime Sedan,Peenya,Shivajinagar,112.0,130.0,Not Applicable,Not Applicable,No,Not Applicable,632,Credit Card,37,4.9,3.4
2024-07-08 17:43:00,CNR8120523388,Success,CID137458,Mini,Sarjapur Road,Vijayanagar,140.0,30.0,Not Applicable,Not Applicable,No,Not Applicable,295,Cash,4,3.4,3.6
2024-07-02 07:36:00,CNR9505354480,Driver Not Found,CID172764,Bike,Sarjapur Road,Richmond Town,,,Not Applicable,Not Applicable,Not Applicable,Not Applicable,283,Not Applicable,0,,
2024-07-07 23:01:00,CNR1785393535,Success,CID537302,eBike,Mysore Road,Rajajinagar,273.0,80.0,Not Applicable,Not Applicable,No,Not Applicable,332,UPI,19,3.3,3.6
2024-07-01 10:00:00,CNR8813291484,Canceled by Driver,CID381407,Bike,Jayanagar,Peenya,,,Not Applicable,Personal & Car related issue,Not Applicable,Not Applicable,2797,Not Applicable,0,,
2024-07-15 13:05:00,CNR5027055473,Success,CID683844,Prime Plus,Bellandur,Langford Town,259.0,125.0,Not Applicable,Not Applicable,No,Not Applicable,2412,Cash,2,4.6,3.1
2024-07-22 17:25:00,CNR5589164287,Canceled by Customer,CID255823,Bike,Marathahalli,Hulimavu,,,Driver asked to cancel,Not Applicable,Not Applicable,Not Applicable,451,Not Applicable,0,,
2024-07-10 21:07:00,CNR8579008178,Success,CID364003,Prime SUV,Jayanagar,Nagarbhavi,182.0,60.0,Not Applicable,Not Applicable,Yes,Customer Demand,256,Cash,22,4.1,4.1
2024-07-03 16:36:00,CNR9510107976,Success,CID201598,Prime Plus,Marathahalli,Kengeri,77.0,140.0,Not Applicable,Not Applicable,No,Not Applicable,1388,Cash,38,5.0,3.1
2024-07-06 06:44:00,CNR3718024857,Success,CID800003,Prime Plus,Sarjapur Road,Frazer Town,56.0,120.0,Not Applicable,Not Applicable,No,Not Applicable,435,UPI,19,4.9,4.1
2024-07-13 08:54:00,CNR9466707889,Success,CID817917,Bike,Hulimavu,Devanahalli,308.0,80.0,Not Applicable,Not Applicable,No,Not Applicable,491,Cash,3,4.3,3.0
2024-07-02 05:55:00,CNR5472805351,Canceled by Driver,CID312088,Prime Sedan,Tumkur Road,Hebbal,,,Not Applicable,Customer was coughing/sick,Not Applicable,Not Applicable,323,Not Applicable,0,,
2024-07-25 16:38:00,CNR5784475330,Canceled by Driver,CID473447,Auto,Majestic,Rajajinagar,,,Not Applicable,Customer was coughing/sick,Not Applicable,Not Applicable,976,Not Applicable,0,,
2024-07-06 07:52:00,CNR4247571885,Canceled by Customer,CID951604,Prime Sedan,Malleshwaram,Hosur Road,,,Driver asked to cancel,Not Applicable,Not Applicable,Not Applicable,153,Not Applicable,0,,
2024-07-19 19:41:00,CNR3271597087,Success,CID540667,Auto,Ulsoor,MG Road,161.0,25.0,Not Applicable,Not Applicable,No,Not Applicable,352,Cash,17,3.4,3.1
2024-07-03 02:17:00,CNR3363333963,Canceled by Driver,CID376671,Prime Plus,Bellandur,Hulimavu,,,Not Applicable,Personal & Car related issue,Not Applicable,Not Applicable,2105,Not Applicable,0,,
2024-07-09 21:20:00,CNR9843060697,Canceled by Driver,CID110227,Prime Plus,Basavanagudi,Jayanagar,,,Not Applicable,Customer related issue,Not Applicable,Not Applicable,430,Not Applicable,0,,
2024-07-22 15:30:00,CNR6007179472,Success,CID973594,Prime SUV,Chickpet,Yelahanka,224.0,30.0,Not Applicable,Not Applicable,No,Not Applicable,414,Cash,43,4.5,3.5
2024-07-27 16:40:00,CNR9413263093,Success,CID890230,Prime SUV,Kengeri,Rajarajeshwari Nagar,168.0,60.0,Not Applicable,Not Applicable,No,Not Applicable,620,UPI,12,4.2,4.9
2024-07-17 18:04:00,CNR9868907043,Success,CID171621,Prime Plus,Marathahalli,Richmond Town,168.0,105.0,Not Applicable,Not Applicable,No,Not Applicable,2672,UPI,41,3.4,4.0
2024-07-23 09:15:00,CNR8067132969,Canceled by Driver,CID247129,Bike,Mysore Road,Cox Town,,,Not Applicable,More than permitted people in there,Not Applicable,Not Applicable,244,Not Applicable,0,,
2024-07-01 06:30:00,CNR6284650888,Success,CID433316,Prime SUV,Mysore Road,Tumkur Road,154.0,35.0,Not Applicable,Not Applicable,No,Not Applicable,169,Cash,7,3.8,3.0
2024-07-04 15:35:00,CNR9995097171,Success,CID110311,Prime SUV,Whitefield,Jayanagar,161.0,135.0,Not Applicable,Not Applicable,Yes,Vehicle Breakdown,478,UPI,5,4.1,4.5
2024-07-04 04:37:00,CNR1653000128,Success,CID721232,Prime Plus,Kammanahalli,Vijayanagar,175.0,140.0,Not Applicable,Not Applicable,No,Not Applicable,377,Cash,13,5.0,4.4
2024-07-06 09:42:00,CNR7674026403,Success,CID323146,Bike,Nagarbhavi,Chickpet,196.0,50.0,Not Applicable,Not Applicable,No,Not Applicable,176,Cash,3,4.9,4.1
2024-07-16 08:04:00,CNR5294192069,Success,CID217751,eBike,Chamarajpet,Bannerghatta Road,42.0,25.0,Not Applicable,Not Applicable,No,Not Applicable,749,Cash,43,3.2,3.8
2024-07-14 07:02:00,CNR1744778976,Success,CID702344,Bike,Mysore Road,Basavanagudi,63.0,110.0,Not Applicable,Not Applicable,No,Not Applicable,170,Cash,48,3.8,3.5
2024-07-14 07:04:00,CNR9219466090,Success,CID567559,Prime SUV,Hulimavu,Nagarbhavi,196.0,50.0,Not Applicable,Not Applicable,No,Not Applicable,225,UPI,49,3.3,4.7
2024-07-04 21:50:00,CNR9489241539,Success,CID903120,Bike,Marathahalli,Kadugodi,238.0,60.0,Not Applicable,Not Applicable,No,Not Applicable,282,UPI,29,3.1,3.9
2024-07-24 22:55:00,CNR5160683790,Success,CID174816,eBike,Sahakar Nagar,Richmond Town,119.0,50.0,Not Applicable,Not Applicable,No,Not Applicable,291,UPI,20,4.3,3.1
2024-07-12 10:59:00,CNR6630269694,Canceled by Driver,CID260529,Bike,Rajajinagar,Hebbal,,,Not Applicable,Customer related issue,Not Applicable,Not Applicable,271,Not Applicable,0,,
2024-07-03 00:36:00,CNR3681275775,Success,CID655881,Prime SUV,RT Nagar,Sarjapur Road,168.0,55.0,Not Applicable,Not Applicable,No,Not Applicable,487,UPI,20,4.3,4.4
2024-07-04 03:42:00,CNR2680493421,Success,CID291225,Mini,Shantinagar,HSR Layout,119.0,50.0,Not Applicable,Not Applicable,No,Not Applicable,478,UPI,46,4.2,3.7
2024-07-05 17:52:00,CNR1170756447,Success,CID576015,Prime Sedan,Shantinagar,Langford Town,175.0,90.0,Not Applicable,Not Applicable,No,Not Applicable,261,Cash,37,4.8,3.9
2024-07-16 01:00:00,CNR2941443616,Canceled by Customer,CID820410,Prime Plus,Peenya,JP Nagar,,,Driver asked to cancel,Not Applicable,Not Applicable,Not Applicable,308,Not Applicable,0,,
2024-07-15 23:58:00,CNR7874396953,Canceled by Driver,CID345309,Prime SUV,Koramangala,Shantinagar,,,Not Applicable,Personal & Car related issue,Not Applicable,Not Applicable,357,Not Applicable,0,,
2024-07-07 11:30:00,CNR4213684370,Canceled by Customer,CID763719,Auto,Mysore Road,Langford Town,,,Driver is not moving towards pickup location,Not Applicable,Not Applicable,Not Applicable,266,Not Applicable,0,,
2024-07-10 18:31:00,CNR8245657093,Canceled by Driver,CID835118,Prime SUV,Whitefield,JP Nagar,,,Not Applicable,Customer related issue,Not Applicable,Not Applicable,355,Not Applicable,0,,
2024-07-10 21:09:00,CNR4956916274,Success,CID162858,Bike,Langford Town,Kadugodi,231.0,35.0,Not Applicable,Not Applicable,No,Not Applicable,315,UPI,43,3.7,3.4
2024-07-16 18:37:00,CNR5493591095,Success,CID677418,Mini,Chickpet,Mysore Road,210.0,90.0,Not Applicable,Not Applicable,Yes,Vehicle Breakdown,277,Cash,22,3.5,4.1
2024-07-19 07:16:00,CNR4190966312,Success,CID149990,Bike,Richmond Town,Nagarbhavi,77.0,50.0,Not Applicable,Not Applicable,No,Not Applicable,586,UPI,43,3.3,3.5
2024-07-22 10:01:00,CNR3879377815,Canceled by Driver,CID801643,Bike,Whitefield,Hennur,,,Not Applicable,Customer related issue,Not Applicable,Not Applicable,608,Not Applicable,0,,
2024-07-27 08:42:00,CNR8573260697,Canceled by Driver,CID318264,Bike,Chamarajpet,Nagarbhavi,,,Not Applicable,Personal & Car related issue,Not Applicable,Not Applicable,316,Not Applicable,0,,
2024-07-08 08:57:00,CNR3459483182,Success,CID440904,eBike,Mysore Road,Marathahalli,77.0,135.0,Not Applicable,Not Applicable,No,Not Applicable,355,Cash,26,4.1,3.1
2024-07-26 22:27:00,CNR8302554522,Success,CID340486,Mini,Rajajinagar,Hulimavu,210.0,95.0,Not Applicable,Not Applicable,No,Not Applicable,552,UPI,9,3.9,3.7
2024-07-27 11:52:00,CNR7250395568,Success,CID926158,Prime Sedan,Shivajinagar,Hennur,273.0,85.0,Not Applicable,Not Applicable,No,Not Applicable,638,UPI,6,3.5,4.8
2024-07-15 19:42:00,CNR9736155521,Success,CID582088,Prime Plus,Frazer Town,Kadugodi,133.0,130.0,Not Applicable,Not Applicable,No,Not Applicable,716,Cash,22,3.9,3.4
2024-07-16 20:03:00,CNR2309354053,Success,CID999418,Mini,Rajarajeshwari Nagar,Yelahanka,161.0,70.0,Not Applicable,Not Applicable,No,Not Applicable,196,UPI,22,3.3,4.8
2024-07-21 05:25:00,CNR5610544520,Success,CID177665,Auto,MG Road,Jayanagar,49.0,140.0,Not Applicable,Not Applicable,No,Not Applicable,386,Cash,10,3.9,3.2
2024-07-30 19:57:00,CNR4816662716,Driver Not Found,CID144137,Prime Sedan,Whitefield,Shantinagar,,,Not Applicable,Not Applicable,Not Applicable,Not Applicable,313,Not Applicable,0,,
2024-07-16 19:54:00,CNR4712470581,Driver Not Found,CID897284,Prime Plus,Yelahanka,Whitefield,,,Not Applicable,Not Applicable,Not Applicable,Not Applicable,561,Not Applicable,0,,
2024-07-27 19:11:00,CNR5986535270,Canceled by Customer,CID415667,Prime Plus,Langford Town,Malleshwaram,,,Driver is not moving towards pickup location,Not Applicable,Not Applicable,Not Applicable,564,Not Applicable,0,,
2024-07-22 05:00:00,CNR1892504885,Success,CID746810,Bike,Varthur,Hebbal,140.0,60.0,Not Applicable,Not Applicable,No,Not Applicable,2560,UPI,46,4.4,3.4
2024-07-16 11:41:00,CNR1688994846,Success,CID406242,Prime Sedan,Vijayanagar,BTM Layout,77.0,95.0,Not Applicable,Not Applicable,No,Not Applicable,2034,UPI,28,3.0,4.5
2024-07-21 19:00:00,CNR5784980933,Success,CID144981,Prime Sedan,Sahakar Nagar,Tumkur Road,245.0,70.0,Not Applicable,Not Applicable,No,Not Applicable,194,Cash,16,4.4,3.6
2024-07-08 08:04:00,CNR1567175619,Canceled by Driver,CID923088,Auto,Shivajinagar,BTM Layout,,,Not Applicable,Personal & Car related issue,Not Applicable,Not Applicable,383,Not Applicable,0,,
2024-07-02 22:57:00,CNR5057865552,Driver Not Found,CID235691,Mini,Bellandur,Whitefield,,,Not Applicable,Not Applicable,Not Applicable,Not Applicable,181,Not Applicable,0,,
2024-07-21 21:44:00,CNR1015342235,Success,CID604294,Prime SUV,Sarjapur Road,Yeshwanthpur,287.0,65.0,Not Applicable,Not Applicable,No,Not Applicable,128,UPI,37,3.2,3.8
2024-07-29 05:21:00,CNR1933087629,Success,CID306240,Prime Sedan,Yelahanka,Magadi Road,77.0,115.0,Not Applicable,Not Applicable,No,Not Applicable,330,UPI,39,3.8,3.4
2024-07-20 16:23:00,CNR4986922781,Success,CID638026,Mini,Bannerghatta Road,Ulsoor,231.0,95.0,Not Applicable,Not Applicable,No,Not Applicable,279,Cash,6,4.7,3.4
2024-07-11 05:47:00,CNR3500313406,Success,CID372013,Mini,Rajajinagar,Indiranagar,196.0,85.0,Not Applicable,Not Applicable,No,Not Applicable,847,UPI,45,4.9,4.0
2024-07-12 06:41:00,CNR2013398290,Canceled by Driver,CID144283,Prime Plus,HSR Layout,Hebbal,,,Not Applicable,Customer related issue,Not Applicable,Not Applicable,278,Not Applicable,0,,
2024-07-24 18:28:00,CNR3126690507,Canceled by Driver,CID405176,Auto,Vijayanagar,Devanahalli,,,Not Applicable,More than permitted people in there,Not Applicable,Not Applicable,174,Not Applicable,0,,
2024-07-15 01:37:00,CNR6671792493,Canceled by Driver,CID692666,Bike,Sahakar Nagar,Cox Town,,,Not Applicable,More than permitted people in there,Not Applicable,Not Applicable,408,Not Applicable,0,,
2024-07-26 02:10:00,CNR3478520745,Success,CID682995,Prime Plus,Nagarbhavi,Yeshwanthpur,91.0,70.0,Not Applicable,Not Applicable,No,Not Applicable,564,Cash,3,3.9,3.5
2024-07-26 15:51:00,CNR1033219989,Success,CID793848,Prime Sedan,Nagarbhavi,Hulimavu,217.0,95.0,Not Applicable,Not Applicable,No,Not Applicable,693,Cash,12,3.8,3.5
2024-07-11 09:43:00,CNR2402118525,Canceled by Driver,CID507449,eBike,Ulsoor,Ramamurthy Nagar,,,Not Applicable,Customer was coughing/sick,Not Applicable,Not Applicable,269,Not Applicable,0,,
2024-07-29 04:17:00,CNR4748167562,Canceled by Driver,CID753685,Prime SUV,Hebbal,Ramamurthy Nagar,,,Not Applicable,Personal & Car related issue,Not Applicable,Not Applicable,762,Not Applicable,0,,
2024-07-09 11:05:00,CNR6827028874,Canceled by Customer,CID642168,Prime SUV,Mysore Road,Sahakar Nagar,,,Driver asked to cancel,Not Applicable,Not Applicable,Not Applicable,179,Not Applicable,0,,
2024-07-01 15:19:00,CNR3392769769,Driver Not Found,CID750010,Prime Sedan,HSR Layout,Shivajinagar,,,Not Applicable,Not Applicable,Not Applicable,Not Applicable,124,Not Applicable,0,,
2024-07-29 21:07:00,CNR7393819836,Success,CID476790,Auto,Hebbal,Yelahanka,105.0,120.0,Not Applicable,Not Applicable,No,Not Applicable,197,Cash,18,3.9,4.1
2024-07-06 11:07:00,CNR4321503694,Success,CID558163,Prime Sedan,MG Road,Varthur,91.0,70.0,Not Applicable,Not Applicable,No,Not Applicable,109,Cash,15,3.3,3.9
2024-07-13 18:17:00,CNR2145856834,Canceled by Driver,CID853780,Bike,RT Nagar,Majestic,,,Not Applicable,Personal & Car related issue,Not Applicable,Not Applicable,154,Not Applicable,0,,
2024-07-06 07:30:00,CNR7917581235,Success,CID167306,Prime SUV,Kengeri,Shantinagar,91.0,65.0,Not Applicable,Not Applicable,No,Not Applicable,290,Cash,32,4.7,3.2
2024-07-30 01:56:00,CNR6781593793,Success,CID365544,eBike,Rajajinagar,Sahakar Nagar,119.0,60.0,Not Applicable,Not Applicable,No,Not Applicable,306,Cash,34,4.2,3.8
2024-07-27 01:11:00,CNR7534998633,Success,CID730861,Auto,Richmond Town,Yeshwanthpur,259.0,120.0,Not Applicable,Not Applicable,No,Not Applicable,202,Cash,1,3.1,3.3
2024-07-24 10:12:00,CNR9722184645,Success,CID815589,Prime SUV,Chickpet,Tumkur Road,35.0,135.0,Not Applicable,Not Applicable,No,Not Applicable,283,UPI,1,3.1,4.2
2024-07-08 12:14:00,CNR3400840679,Success,CID144484,Mini,Hosur Road,Whitefield,63.0,140.0,Not Applicable,Not Applicable,Yes,Vehicle Breakdown,653,Cash,44,3.4,3.7
2024-07-23 04:40:00,CNR8554154933,Canceled by Customer,CID886782,Mini,Shivajinagar,Langford Town,,,AC is Not working,Not Applicable,Not Applicable,Not Applicable,455,Not Applicable,0,,
2024-07-13 22:09:00,CNR1431053163,Canceled by Driver,CID456719,Mini,Yeshwanthpur,Yeshwanthpur,,,Not Applicable,Customer was coughing/sick,Not Applicable,Not Applicable,384,Not Applicable,0,,
2024-07-13 10:40:00,CNR4238590385,Canceled by Driver,CID762093,Bike,Basavanagudi,Shantinagar,,,Not Applicable,Personal & Car related issue,Not Applicable,Not Applicable,303,Not Applicable,0,,
2024-07-26 23:51:00,CNR8957830466,Canceled by Customer,CID387753,Auto,JP Nagar,Cox Town,,,Driver asked to cancel,Not Applicable,Not Applicable,Not Applicable,340,Not Applicable,0,,
2024-07-11 07:50:00,CNR7282201451,Success,CID798795,Prime Sedan,Ulsoor,Kadugodi,280.0,30.0,Not Applicable,Not Applicable,No,Not Applicable,531,UPI,44,3.1,4.2
2024-07-02 22:28:00,CNR6318619420,Success,CID519761,eBike,Hulimavu,Shantinagar,112.0,45.0,Not Applicable,Not Applicable,No,Not Applicable,459,UPI,45,4.7,3.3
2024-07-02 19:38:00,CNR7300016247,Success,CID857908,Auto,Ramamurthy Nagar,Vijayanagar,175.0,95.0,Not Applicable,Not Applicable,No,Not Applicable,416,UPI,5,3.1,3.7
2024-07-04 06:09:00,CNR6987587396,Success,CID137173,Bike,Sarjapur Road,HSR Layout,77.0,70.0,Not Applicable,Not Applicable,No,Not Applicable,498,Cash,36,4.8,3.4
2024-07-30 00:11:00,CNR1860247543,Canceled by Customer,CID209617,Mini,Chamarajpet,MG Road,,,Change of plans,Not Applicable,Not Applicable,Not Applicable,214,Not Applicable,0,,
2024-07-10 10:42:00,CNR4310872956,Canceled by Driver,CID939011,Prime Plus,Bellandur,Hebbal,,,Not Applicable,Customer related issue,Not Applicable,Not Applicable,875,Not Applicable,0,,
2024-07-07 20:07:00,CNR5397612199,Canceled by Driver,CID885999,eBike,Chamarajpet,Koramangala,,,Not Applicable,Personal & Car related issue,Not Applicable,Not Applicable,950,Not Applicable,0,,
2024-07-25 14:28:00,CNR5140915039,Success,CID371075,Prime SUV,Malleshwaram,Langford Town,266.0,50.0,Not Applicable,Not Applicable,No,Not Applicable,515,UPI,23,4.7,4.3
2024-07-20 10:38:00,CNR3089513546,Driver Not Found,CID948902,eBike,Hulimavu,Hosur Road,,,Not Applicable,Not Applicable,Not Applicable,Not Applicable,210,Not Applicable,0,,
2024-07-09 02:54:00,CNR5690570637,Success,CID822299,eBike,Bellandur,Koramangala,84.0,140.0,Not Applicable,Not Applicable,No,Not Applicable,406,Cash,13,4.5,4.5
2024-07-15 14:42:00,CNR2728562299,Canceled by Customer,CID684235,Prime Sedan,Ulsoor,HSR Layout,,,Change of plans,Not Applicable,Not Applicable,Not Applicable,1256,Not Applicable,0,,
2024-07-03 05:38:00,CNR6342714506,Success,CID921902,Bike,Kengeri,Devanahalli,252.0,60.0,Not Applicable,Not Applicable,No,Not Applicable,895,UPI,29,4.6,4.4
2024-07-12 03:59:00,CNR4067828702,Driver Not Found,CID585106,Auto,Bellandur,KR Puram,,,Not Applicable,Not Applicable,Not Applicable,Not Applicable,641,Not Applicable,0,,
2024-07-04 02:00:00,CNR6741956928,Success,CID585830,Prime Sedan,Indiranagar,KR Puram,301.0,40.0,Not Applicable,Not Applicable,No,Not Applicable,730,Cash,37,3.7,4.3
2024-07-02 10:50:00,CNR1846486769,Success,CID963111,Prime Plus,RT Nagar,Yeshwanthpur,140.0,75.0,Not Applicable,Not Applicable,No,Not Applicable,930,UPI,8,4.6,3.2
2024-07-14 21:13:00,CNR7213281790,Success,CID725758,Auto,JP Nagar,Indiranagar,294.0,140.0,Not Applicable,Not Applicable,No,Not Applicable,828,UPI,4,4.3,3.0
2024-07-19 18:50:00,CNR8798062224,Canceled by Customer,CID797172,Auto,Basavanagudi,Sahakar Nagar,,,Wrong Address,Not Applicable,Not Applicable,Not Applicable,1148,Not Applicable,0,,
2024-07-14 11:04:00,CNR8321212761,Success,CID794383,Prime Plus,Mysore Road,Richmond Town,252.0,80.0,Not Applicable,Not Applicable,No,Not Applicable,895,Cash,33,4.7,3.2
2024-07-10 22:28:00,CNR8435826163,Driver Not Found,CID638172,Prime SUV,Devanahalli,Shantinagar,,,Not Applicable,Not Applicable,Not Applicable,Not Applicable,654,Not Applicable,0,,
2024-07-20 19:23:00,CNR3302606217,Success,CID544636,Bike,RT Nagar,Yeshwanthpur,301.0,105.0,Not Applicable,Not Applicable,No,Not Applicable,540,UPI,28,4.6,3.8
2024-07-11 13:26:00,CNR8207592132,Canceled by Driver,CID641015,Bike,Hulimavu,Banashankari,,,Not Applicable,More than permitted people in there,Not Applicable,Not Applicable,489,Not Applicable,0,,
2024-07-15 18:53:00,CNR1304663855,Success,CID351407,Auto,Kengeri,Chickpet,84.0,105.0,Not Applicable,Not Applicable,No,Not Applicable,213,Cash,14,3.2,3.4
2024-07-04 12:18:00,CNR4570580737,Canceled by Customer,CID805673,Auto,Jayanagar,Tumkur Road,,,Change of plans,Not Applicable,Not Applicable,Not Applicable,154,Not Applicable,0,,
2024-07-27 09:46:00,CNR6374861085,Success,CID562195,eBike,RT Nagar,Koramangala,126.0,45.0,Not Applicable,Not Applicable,No,Not Applicable,446,Cash,49,3.0,4.6
2024-07-01 03:56:00,CNR8151122944,Success,CID132984,Mini,Ulsoor,HSR Layout,245.0,130.0,Not Applicable,Not Applicable,No,Not Applicable,393,Cash,48,3.3,4.2
2024-07-28 10:20:00,CNR1280362026,Canceled by Driver,CID350390,Prime Sedan,Jayanagar,Majestic,,,Not Applicable,Customer related issue,Not Applicable,Not Applicable,983,Not Applicable,0,,
2024-07-26 15:36:00,CNR6931416168,Success,CID616318,Prime Sedan,Basavanagudi,Hosur Road,238.0,135.0,Not Applicable,Not Applicable,No,Not Applicable,340,Cash,41,4.3,3.5
2024-07-08 22:02:00,CNR2711335129,Success,CID164741,Auto,Padmanabhanagar,BTM Layout,161.0,125.0,Not Applicable,Not Applicable,No,Not Applicable,402,Cash,13,4.2,3.5
2024-07-12 00:11:00,CNR7530468120,Success,CID643078,Prime SUV,Mysore Road,Hulimavu,210.0,90.0,Not Applicable,Not Applicable,No,Not Applicable,178,UPI,34,4.6,3.3
2024-07-12 07:47:00,CNR6321589179,Success,CID264538,Prime SUV,Bellandur,Langford Town,287.0,120.0,Not Applicable,Not Applicable,No,Not Applicable,584,Cash,31,4.1,3.2
2024-07-13 22:14:00,CNR4723116925,Success,CID951999,Mini,Bannerghatta Road,RT Nagar,266.0,50.0,Not Applicable,Not Applicable,No,Not Applicable,543,UPI,32,4.2,4.5
2024-07-18 09:47:00,CNR7799026165,Success,CID329817,Prime Plus,Basavanagudi,Peenya,84.0,90.0,Not Applicable,Not Applicable,No,Not Applicable,261,Cash,24,4.4,4.1
2024-07-04 17:12:00,CNR4442404706,Success,CID196287,Prime SUV,Mysore Road,Ulsoor,91.0,120.0,Not Applicable,Not Applicable,No,Not Applicable,177,Cash,27,4.1,4.6
2024-07-07 08:44:00,CNR5466193617,Success,CID895403,Bike,Mysore Road,Mysore Road,49.0,35.0,Not Applicable,Not Applicable,No,Not Applicable,443,Cash,27,5.0,4.8
2024-07-15 16:34:00,CNR3212598575,Success,CID966047,Mini,Kadugodi,Padmanabhanagar,154.0,140.0,Not Applicable,Not Applicable,No,Not Applicable,102,Cash,25,3.3,3.8
2024-07-15 02:26:00,CNR5496858749,Success,CID787993,Auto,Magadi Road,Hulimavu,175.0,145.0,Not Applicable,Not Applicable,No,Not Applicable,109,Cash,19,4.1,3.9
2024-07-13 20:33:00,CNR2527311229,Canceled by Driver,CID217098,Auto,Magadi Road,Varthur,,,Not Applicable,More than permitted people in there,Not Applicable,Not Applicable,443,Not Applicable,0,,
2024-07-27 19:21:00,CNR5510005908,Canceled by Customer,CID547012,Prime SUV,Shivajinagar,Peenya,,,Wrong Address,Not Applicable,Not Applicable,Not Applicable,412,Not Applicable,0,,
2024-07-16 09:57:00,CNR2459610873,Driver Not Found,CID197268,Mini,Rajajinagar,Majestic,,,Not Applicable,Not Applicable,Not Applicable,Not Applicable,104,Not Applicable,0,,
2024-07-14 06:22:00,CNR6189823610,Success,CID345548,Prime SUV,Mysore Road,Chickpet,161.0,145.0,Not Applicable,Not Applicable,No,Not Applicable,179,Credit Card,24,3.2,4.2
2024-07-05 19:06:00,CNR8857647476,Canceled by Driver,CID371540,Auto,Padmanabhanagar,Bellandur,,,Not Applicable,More than permitted people in there,Not Applicable,Not Applicable,261,Not Applicable,0,,
2024-07-16 21:01:00,CNR3807926935,Success,CID832774,eBike,Vijayanagar,Frazer Town,266.0,75.0,Not Applicable,Not Applicable,No,Not Applicable,2822,UPI,3,4.5,4.0
2024-07-19 05:32:00,CNR9515457636,Success,CID807398,Prime Plus,Sahakar Nagar,HSR Layout,280.0,125.0,Not Applicable,Not Applicable,No,Not Applicable,348,Cash,28,4.9,4.0
2024-07-27 15:41:00,CNR8789674625,Driver Not Found,CID906406,Prime Plus,Richmond Town,Hosur Road,,,Not Applicable,Not Applicable,Not Applicable,Not Applicable,453,Not Applicable,0,,
2024-07-01 09:32:00,CNR7695780529,Success,CID125251,Auto,Ulsoor,Mysore Road,259.0,55.0,Not Applicable,Not Applicable,No,Not Applicable,298,UPI,3,4.3,3.2
2024-07-28 00:29:00,CNR7680327039,Canceled by Driver,CID461068,Mini,Majestic,Chickpet,,,Not Applicable,Personal & Car related issue,Not Applicable,Not Applicable,270,Not Applicable,0,,
2024-07-30 22:43:00,CNR2347946955,Success,CID733325,eBike,Majestic,Varthur,259.0,55.0,Not Applicable,Not Applicable,No,Not Applicable,134,UPI,39,4.4,4.8
2024-07-06 14:51:00,CNR4713446607,Success,CID528223,Auto,Jayanagar,Varthur,217.0,45.0,Not Applicable,Not Applicable,No,Not Applicable,687,UPI,3,4.7,4.3
2024-07-15 10:14:00,CNR5816591382,Driver Not Found,CID156548,Prime SUV,Kengeri,Magadi Road,,,Not Applicable,Not Applicable,Not Applicable,Not Applicable,317,Not Applicable,0,,
2024-07-08 02:11:00,CNR4507158271,Canceled by Driver,CID543851,Prime SUV,Hebbal,Kammanahalli,,,Not Applicable,Customer related issue,Not Applicable,Not Applicable,881,Not Applicable,0,,
2024-07-20 14:08:00,CNR7258112303,Success,CID867498,Prime Plus,Chickpet,Shivajinagar,259.0,140.0,Not Applicable,Not Applicable,No,Not Applicable,243,Cash,47,3.5,3.1
2024-07-01 08:57:00,CNR6842610950,Success,CID566415,Auto,Chamarajpet,Rajajinagar,238.0,115.0,Not Applicable,Not Applicable,No,Not Applicable,179,Cash,14,3.8,3.3
2024-07-28 10:36:00,CNR3807958238,Driver Not Found,CID944050,Prime Sedan,Jayanagar,Bannerghatta Road,,,Not Applicable,Not Applicable,Not Applicable,Not Applicable,129,Not Applicable,0,,
2024-07-30 19:13:00,CNR3196777531,Canceled by Driver,CID420008,Prime SUV,Vijayanagar,Kengeri,,,Not Applicable,Customer was coughing/sick,Not Applicable,Not Applicable,160,Not Applicable,0,,
2024-07-08 02:04:00,CNR5700731163,Success,CID451365,Bike,Hosur Road,Rajajinagar,140.0,80.0,Not Applicable,Not Applicable,No,Not Applicable,1369,Cash,42,3.3,3.5
2024-07-15 04:43:00,CNR2594365517,Driver Not Found,CID618112,eBike,Rajarajeshwari Nagar,Chickpet,,,Not Applicable,Not Applicable,Not Applicable,Not Applicable,337,Not Applicable,0,,
2024-07-17 08:39:00,CNR6162245392,Success,CID317977,Mini,Majestic,Tumkur Road,98.0,140.0,Not Applicable,Not Applicable,No,Not Applicable,105,UPI,10,3.5,4.3
2024-07-09 17:23:00,CNR6616204385,Success,CID166451,eBike,Yelahanka,Nagarbhavi,189.0,75.0,Not Applicable,Not Applicable,No,Not Applicable,398,Cash,49,3.1,4.9
2024-07-08 19:42:00,CNR7426712903,Canceled by Driver,CID916093,Auto,BTM Layout,RT Nagar,,,Not Applicable,More than permitted people in there,Not Applicable,Not Applicable,313,Not Applicable,0,,
2024-07-04 21:02:00,CNR6841519963,Success,CID427033,Auto,Chamarajpet,Hosur Road,175.0,110.0,Not Applicable,Not Applicable,No,Not Applicable,500,Cash,2,4.2,4.5
2024-07-16 05:31:00,CNR9017247381,Success,CID962537,Auto,Nagarbhavi,Shantinagar,98.0,25.0,Not Applicable,Not Applicable,No,Not Applicable,273,Cash,13,3.1,3.6
2024-07-26 08:47:00,CNR8459321913,Canceled by Customer,CID199102,Bike,HSR Layout,Ramamurthy Nagar,,,Change of plans,Not Applicable,Not Applicable,Not Applicable,203,Not Applicable,0,,
2024-07-23 00:13:00,CNR3372677546,Driver Not Found,CID982857,Mini,Peenya,Langford Town,,,Not Applicable,Not Applicable,Not Applicable,Not Applicable,231,Not Applicable,0,,
2024-07-26 01:35:00,CNR9127123403,Success,CID813776,Prime Sedan,Ramamurthy Nagar,Mysore Road,105.0,55.0,Not Applicable,Not Applicable,No,Not Applicable,720,UPI,14,4.6,4.7
2024-07-19 14:24:00,CNR1328978408,Success,CID361736,Prime Sedan,Chamarajpet,Hennur,133.0,135.0,Not Applicable,Not Applicable,No,Not Applicable,242,Cash,48,4.3,4.7
2024-07-03 09:10:00,CNR8388085805,Canceled by Customer,CID159024,Prime Plus,Chickpet,RT Nagar,,,Change of plans,Not Applicable,Not Applicable,Not Applicable,769,Not Applicable,0,,
2024-07-28 01:43:00,CNR1005035605,Success,CID780772,eBike,Jayanagar,Kengeri,287.0,65.0,Not Applicable,Not Applicable,No,Not Applicable,1465,UPI,17,3.2,4.6
2024-07-08 01:29:00,CNR2148396726,Canceled by Customer,CID750379,Bike,Indiranagar,Cox Town,,,Wrong Address,Not Applicable,Not Applicable,Not Applicable,221,Not Applicable,0,,
2024-07-24 14:56:00,CNR8841024197,Success,CID719382,Auto,Yeshwanthpur,Kammanahalli,77.0,70.0,Not Applicable,Not Applicable,No,Not Applicable,322,Cash,13,3.8,4.0
2024-07-08 01:49:00,CNR5806939065,Success,CID467260,Prime Sedan,Banashankari,Hennur,105.0,115.0,Not Applicable,Not Applicable,No,Not Applicable,586,Cash,6,4.0,4.2
2024-07-12 12:38:00,CNR2600728932,Success,CID185100,Prime SUV,Peenya,Frazer Town,203.0,35.0,Not Applicable,Not Applicable,No,Not Applicable,420,UPI,7,4.0,4.2
2024-07-14 08:31:00,CNR1107209049,Success,CID122273,Prime Plus,Bellandur,Kadugodi,224.0,25.0,Not Applicable,Not Applicable,No,Not Applicable,453,UPI,39,3.7,3.0
2024-07-21 21:42:00,CNR8589619931,Success,CID528403,Auto,Hulimavu,Peenya,231.0,75.0,Not Applicable,Not Applicable,No,Not Applicable,403,Cash,13,4.8,4.4
2024-07-02 21:47:00,CNR6484290711,Success,CID673439,Auto,JP Nagar,Rajarajeshwari Nagar,217.0,110.0,Not Applicable,Not Applicable,No,Not Applicable,101,UPI,5,4.7,4.2
2024-07-08 05:57:00,CNR2860545768,Success,CID961428,Auto,Malleshwaram,Jayanagar,98.0,80.0,Not Applicable,Not Applicable,No,Not Applicable,2966,UPI,19,3.8,3.4
2024-07-05 14:49:00,CNR8329248178,Driver Not Found,CID579080,eBike,Ulsoor,Basavanagudi,,,Not Applicable,Not Applicable,Not Applicable,Not Applicable,255,Not Applicable,0,,
2024-07-12 09:33:00,CNR7570067384,Canceled by Driver,CID220000,eBike,Vijayanagar,Hosur Road,,,Not Applicable,More than permitted people in there,Not Applicable,Not Applicable,409,Not Applicable,0,,
2024-07-29 08:35:00,CNR4406758781,Success,CID891477,Prime SUV,Ulsoor,Hulimavu,133.0,55.0,Not Applicable,Not Applicable,No,Not Applicable,310,Cash,46,4.7,3.7
2024-07-25 18:54:00,CNR3787458315,Driver Not Found,CID294940,Prime Plus,Rajarajeshwari Nagar,Shantinagar,,,Not Applicable,Not Applicable,Not Applicable,Not Applicable,339,Not Applicable,0,,
2024-07-08 07:48:00,CNR3226106529,Success,CID455863,Mini,Mysore Road,Cox Town,175.0,145.0,Not Applicable,Not Applicable,No,Not Applicable,423,UPI,10,3.5,4.5
2024-07-05 23:28:00,CNR4643017471,Success,CID357954,Prime Sedan,Devanahalli,Banashankari,224.0,60.0,Not Applicable,Not Applicable,No,Not Applicable,440,UPI,37,4.5,3.4
2024-07-24 17:35:00,CNR8105467035,Success,CID599399,Auto,Rajarajeshwari Nagar,Sahakar Nagar,105.0,145.0,Not Applicable,Not Applicable,No,Not Applicable,256,UPI,6,4.2,4.6
2024-07-24 00:08:00,CNR3771390543,Success,CID223347,Bike,Banashankari,Kengeri,175.0,105.0,Not Applicable,Not Applicable,No,Not Applicable,210,Cash,36,3.7,3.3
2024-07-10 13:22:00,CNR1460548351,Success,CID208358,eBike,Padmanabhanagar,Tumkur Road,126.0,130.0,Not Applicable,Not Applicable,No,Not Applicable,157,Cash,43,4.6,4.2
2024-07-21 17:15:00,CNR2322386700,Success,CID749853,Prime Plus,Electronic City,Cox Town,91.0,80.0,Not Applicable,Not Applicable,No,Not Applicable,2544,Cash,13,4.8,4.6
2024-07-19 00:28:00,CNR9780353877,Driver Not Found,CID239509,Prime SUV,Marathahalli,Bannerghatta Road,,,Not Applicable,Not Applicable,Not Applicable,Not Applicable,193,Not Applicable,0,,
2024-07-22 12:22:00,CNR4335809849,Success,CID413952,Prime Sedan,Vijayanagar,Yelahanka,119.0,120.0,Not Applicable,Not Applicable,No,Not Applicable,227,UPI,30,3.8,4.6
2024-07-25 12:47:00,CNR2069831660,Canceled by Driver,CID141447,Prime Sedan,Shantinagar,Langford Town,,,Not Applicable,Personal & Car related issue,Not Applicable,Not Applicable,245,Not Applicable,0,,
2024-07-17 10:07:00,CNR7572155598,Success,CID716743,Prime Plus,Chamarajpet,Hosur Road,147.0,120.0,Not Applicable,Not Applicable,No,Not Applicable,376,UPI,1,4.6,5.0
2024-07-23 12:39:00,CNR6573249844,Success,CID937899,Bike,Kadugodi,MG Road,196.0,120.0,Not Applicable,Not Applicable,No,Not Applicable,126,UPI,15,4.1,4.1
2024-07-19 04:10:00,CNR8468156596,Success,CID895063,Prime Sedan,Jayanagar,Chamarajpet,56.0,45.0,Not Applicable,Not Applicable,No,Not Applicable,380,Cash,13,3.4,4.4
2024-07-03 07:16:00,CNR9456527015,Success,CID301818,Prime SUV,Devanahalli,Shivajinagar,147.0,125.0,Not Applicable,Not Applicable,No,Not Applicable,334,Cash,7,3.3,3.6
2024-07-13 03:50:00,CNR2031949894,Success,CID556289,eBike,Koramangala,KR Puram,112.0,120.0,Not Applicable,Not Applicable,No,Not Applicable,132,Cash,7,4.6,3.2
2024-07-15 13:48:00,CNR4982110197,Canceled by Driver,CID119605,Mini,KR Puram,Frazer Town,,,Not Applicable,Personal & Car related issue,Not Applicable,Not Applicable,563,Not Applicable,0,,
2024-07-18 04:56:00,CNR3028638456,Success,CID943266,Prime Sedan,Banashankari,Rajajinagar,252.0,85.0,Not Applicable,Not Applicable,No,Not Applicable,189,Cash,22,3.5,3.2
2024-07-18 00:46:00,CNR5082689096,Success,CID137651,Prime Plus,Peenya,BTM Layout,189.0,135.0,Not Applicable,Not Applicable,No,Not Applicable,488,Cash,10,3.3,4.9
2024-07-02 06:35:00,CNR8436310282,Success,CID301116,eBike,Hennur,Ulsoor,252.0,95.0,Not Applicable,Not Applicable,No,Not Applicable,783,UPI,22,4.9,3.2
2024-07-24 06:37:00,CNR9469353321,Success,CID197660,Prime SUV,Sarjapur Road,Jayanagar,245.0,35.0,Not Applicable,Not Applicable,No,Not Applicable,187,Cash,14,4.8,4.6
2024-07-05 17:19:00,CNR7716247275,Canceled by Driver,CID932311,Bike,Varthur,Hebbal,,,Not Applicable,Customer was coughing/sick,Not Applicable,Not Applicable,159,Not Applicable,0,,
2024-07-09 11:58:00,CNR6990578999,Success,CID518731,Mini,Electronic City,Mysore Road,119.0,40.0,Not Applicable,Not Applicable,No,Not Applicable,322,Cash,36,4.2,3.5
2024-07-07 06:16:00,CNR5330238867,Canceled by Customer,CID797704,Prime Plus,Chickpet,Varthur,,,Driver is not moving towards pickup location,Not Applicable,Not Applicable,Not Applicable,212,Not Applicable,0,,
2024-07-12 12:55:00,CNR2786018052,Success,CID202341,Bike,Sarjapur Road,Kengeri,301.0,125.0,Not Applicable,Not Applicable,No,Not Applicable,360,Cash,11,4.8,4.6
2024-07-14 08:21:00,CNR4606351494,Canceled by Customer,CID905017,Prime Plus,Varthur,Whitefield,,,AC is Not working,Not Applicable,Not Applicable,Not Applicable,2290,Not Applicable,0,,
2024-07-03 12:49:00,CNR5474362929,Success,CID866077,eBike,Hennur,Chamarajpet,231.0,100.0,Not Applicable,Not Applicable,No,Not Applicable,1950,UPI,10,3.2,3.9
2024-07-23 19:47:00,CNR3847772652,Canceled by Driver,CID867478,Prime Plus,Vijayanagar,Frazer Town,,,Not Applicable,Customer was coughing/sick,Not Applicable,Not Applicable,2883,Not Applicable,0,,
2024-07-29 06:34:00,CNR6465342973,Canceled by Customer,CID581076,Mini,Shantinagar,Rajajinagar,,,Change of plans,Not Applicable,Not Applicable,Not Applicable,2271,Not Applicable,0,,
2024-07-20 10:04:00,CNR9612508099,Driver Not Found,CID246966,Prime Sedan,Marathahalli,Yelahanka,,,Not Applicable,Not Applicable,Not Applicable,Not Applicable,207,Not Applicable,0,,
2024-07-22 16:09:00,CNR9724998654,Success,CID905226,eBike,Hulimavu,Electronic City,77.0,100.0,Not Applicable,Not Applicable,No,Not Applicable,248,Cash,10,4.3,3.7
2024-07-04 15:55:00,CNR7722887756,Success,CID429800,Mini,Yelahanka,Chickpet,140.0,40.0,Not Applicable,Not Applicable,No,Not Applicable,404,Cash,13,4.2,4.0
2024-07-04 23:33:00,CNR3810825290,Canceled by Customer,CID423856,Bike,Kammanahalli,Chickpet,,,Wrong Address,Not Applicable,Not Applicable,Not Applicable,2951,Not Applicable,0,,
2024-07-05 17:48:00,CNR4365785367,Success,CID449606,Prime Plus,Marathahalli,Richmond Town,147.0,105.0,Not Applicable,Not Applicable,Yes,Customer Demand,664,Cash,29,3.6,3.4
2024-07-02 14:33:00,CNR4929903791,Success,CID422122,Mini,HSR Layout,Ulsoor,77.0,130.0,Not Applicable,Not Applicable,No,Not Applicable,755,UPI,35,4.9,3.7
2024-07-12 12:24:00,CNR9767880962,Success,CID595179,Prime Plus,Banashankari,Electronic City,91.0,70.0,Not Applicable,Not Applicable,No,Not Applicable,444,Cash,38,3.6,3.6
2024-07-28 03:40:00,CNR5150482595,Success,CID183902,Prime SUV,JP Nagar,Cox Town,140.0,130.0,Not Applicable,Not Applicable,No,Not Applicable,157,Cash,2,4.8,3.7
2024-07-18 11:39:00,CNR6595838184,Success,CID199443,Prime Plus,Ramamurthy Nagar,Yeshwanthpur,259.0,30.0,Not Applicable,Not Applicable,No,Not Applicable,251,Cash,10,4.7,3.1
2024-07-12 14:34:00,CNR4388907259,Canceled by Driver,CID542338,Prime Sedan,Devanahalli,Basavanagudi,,,Not Applicable,More than permitted people in there,Not Applicable,Not Applicable,493,Not Applicable,0,,
2024-07-18 13:10:00,CNR7784974469,Success,CID200582,Bike,Cox Town,Sarjapur Road,70.0,45.0,Not Applicable,Not Applicable,No,Not Applicable,557,Cash,38,3.5,4.7
2024-07-18 03:35:00,CNR1850631909,Success,CID180445,Mini,Mysore Road,Peenya,217.0,130.0,Not Applicable,Not Applicable,No,Not Applicable,1701,Cash,29,4.5,3.4
2024-07-18 09:22:00,CNR8926759998,Canceled by Driver,CID875758,eBike,Ulsoor,Mysore Road,,,Not Applicable,Customer was coughing/sick,Not Applicable,Not Applicable,157,Not Applicable,0,,
2024-07-05 08:22:00,CNR7354858257,Canceled by Driver,CID908181,Auto,HSR Layout,Richmond Town,,,Not Applicable,Customer related issue,Not Applicable,Not Applicable,390,Not Applicable,0,,
2024-07-24 00:40:00,CNR6262581216,Canceled by Driver,CID209811,eBike,Peenya,HSR Layout,,,Not Applicable,Customer related issue,Not Applicable,Not Applicable,1586,Not Applicable,0,,
2024-07-03 07:16:00,CNR6153249650,Success,CID156021,eBike,Electronic City,Sarjapur Road,63.0,90.0,Not Applicable,Not Applicable,No,Not Applicable,280,Cash,1,3.8,4.9
2024-07-13 07:55:00,CNR7236135953,Success,CID931639,Bike,Richmond Town,Tumkur Road,217.0,120.0,Not Applicable,Not Applicable,No,Not Applicable,289,Cash,45,3.2,4.8
2024-07-16 16:22:00,CNR9812517513,Success,CID622929,Prime SUV,Devanahalli,Shivajinagar,175.0,90.0,Not Applicable,Not Applicable,No,Not Applicable,342,Cash,41,3.6,3.6
2024-07-11 08:40:00,CNR3896702677,Success,CID369172,eBike,Sahakar Nagar,KR Puram,217.0,60.0,Not Applicable,Not Applicable,No,Not Applicable,653,Cash,45,4.1,4.9
2024-07-13 21:48:00,CNR1697622595,Success,CID902383,Prime Sedan,Mysore Road,Jayanagar,140.0,45.0,Not Applicable,Not Applicable,No,Not Applicable,266,Credit Card,10,4.2,3.7
2024-07-11 10:52:00,CNR9225229907,Success,CID593555,eBike,Hosur Road,Tumkur Road,189.0,95.0,Not Applicable,Not Applicable,No,Not Applicable,191,UPI,28,4.0,3.2
2024-07-16 00:31:00,CNR8007799254,Success,CID385880,Prime Sedan,Kammanahalli,Sarjapur Road,252.0,125.0,Not Applicable,Not Applicable,No,Not Applicable,2888,UPI,4,3.8,3.2
2024-07-03 02:48:00,CNR5497422713,Canceled by Customer,CID827879,Prime Sedan,Nagarbhavi,Hebbal,,,Driver is not moving towards pickup location,Not Applicable,Not Applicable,Not Applicable,405,Not Applicable,0,,
2024-07-12 15:06:00,CNR7418644314,Canceled by Customer,CID898308,Mini,Frazer Town,Yelahanka,,,Driver is not moving towards pickup location,Not Applicable,Not Applicable,Not Applicable,262,Not Applicable,0,,
2024-07-09 15:29:00,CNR5999425279,Canceled by Customer,CID222764,Prime Plus,Whitefield,BTM Layout,,,Wrong Address,Not Applicable,Not Applicable,Not Applicable,829,Not Applicable,0,,
2024-07-27 16:19:00,CNR7744846751,Canceled by Customer,CID142236,eBike,Langford Town,HSR Layout,,,Driver is not moving towards pickup location,Not Applicable,Not Applicable,Not Applicable,395,Not Applicable,0,,
2024-07-08 20:32:00,CNR4013721779,Success,CID277065,Prime Sedan,Majestic,Vijayanagar,98.0,30.0,Not Applicable,Not Applicable,No,Not Applicable,106,UPI,38,3.9,3.1
2024-07-11 17:19:00,CNR7948386887,Success,CID550394,Bike,HSR Layout,Rajajinagar,294.0,125.0,Not Applicable,Not Applicable,No,Not Applicable,283,UPI,43,3.4,3.8
2024-07-19 17:28:00,CNR9254911104,Success,CID849533,Prime Sedan,Hennur,Bannerghatta Road,182.0,125.0,Not Applicable,Not Applicable,No,Not Applicable,334,Cash,22,4.3,3.5
2024-07-24 15:53:00,CNR5059307045,Success,CID175483,Prime SUV,Rajarajeshwari Nagar,Padmanabhanagar,56.0,120.0,Not Applicable,Not Applicable,Yes,Vehicle Breakdown,425,Cash,31,3.7,4.0
2024-07-26 11:42:00,CNR4354386420,Success,CID129650,Prime SUV,Ulsoor,KR Puram,238.0,70.0,Not Applicable,Not Applicable,No,Not Applicable,198,UPI,18,4.3,4.8
2024-07-19 16:04:00,CNR5404569889,Success,CID120931,Prime Plus,RT Nagar,Bannerghatta Road,70.0,65.0,Not Applicable,Not Applicable,No,Not Applicable,278,Cash,34,3.4,3.1
2024-07-18 19:40:00,CNR4139367441,Success,CID350682,Prime SUV,Sarjapur Road,Jayanagar,182.0,30.0,Not Applicable,Not Applicable,No,Not Applicable,608,UPI,26,4.2,3.2
2024-07-08 19:36:00,CNR3009800854,Driver Not Found,CID707150,Prime Sedan,Chamarajpet,Bellandur,,,Not Applicable,Not Applicable,Not Applicable,Not Applicable,261,Not Applicable,0,,
2024-07-29 19:14:00,CNR5234599328,Driver Not Found,CID386863,Mini,Hebbal,Richmond Town,,,Not Applicable,Not Applicable,Not Applicable,Not Applicable,275,Not Applicable,0,,
2024-07-15 23:35:00,CNR2772006321,Success,CID997352,Auto,Koramangala,Majestic,63.0,105.0,Not Applicable,Not Applicable,No,Not Applicable,436,Cash,3,3.5,4.5
2024-07-04 08:28:00,CNR1849363256,Success,CID738432,Bike,Electronic City,MG Road,308.0,95.0,Not Applicable,Not Applicable,No,Not Applicable,708,Cash,14,4.3,3.1
2024-07-16 11:52:00,CNR8735101729,Canceled by Customer,CID352119,Bike,Chamarajpet,Malleshwaram,,,Driver asked to cancel,Not Applicable,Not Applicable,Not Applicable,2093,Not Applicable,0,,
2024-07-17 14:16:00,CNR1557916245,Success,CID614767,Bike,Yelahanka,Rajarajeshwari Nagar,224.0,115.0,Not Applicable,Not Applicable,No,Not Applicable,2397,Cash,40,4.3,4.1
2024-07-18 11:38:00,CNR2584736018,Canceled by Driver,CID603881,Bike,Electronic City,Hosur Road,,,Not Applicable,Customer related issue,Not Applicable,Not Applicable,598,Not Applicable,0,,
2024-07-05 23:05:00,CNR1770151218,Success,CID193865,Mini,Indiranagar,Nagarbhavi,259.0,115.0,Not Applicable,Not Applicable,No,Not Applicable,232,UPI,4,4.3,4.6
2024-07-23 15:53:00,CNR2228524240,Success,CID505598,Bike,Chamarajpet,Bellandur,203.0,105.0,Not Applicable,Not Applicable,Yes,Vehicle Breakdown,139,Cash,14,4.0,3.9
2024-07-20 11:12:00,CNR6143434184,Driver Not Found,CID340595,Auto,Shivajinagar,Frazer Town,,,Not Applicable,Not Applicable,Not Applicable,Not Applicable,116,Not Applicable,0,,
2024-07-11 05:18:00,CNR3346617232,Success,CID588677,Prime Sedan,JP Nagar,Malleshwaram,175.0,90.0,Not Applicable,Not Applicable,Yes,Vehicle Breakdown,1239,UPI,8,3.1,3.4
2024-07-09 22:23:00,CNR5378816544,Canceled by Customer,CID574785,Mini,Whitefield,Bellandur,,,Driver asked to cancel,Not Applicable,Not Applicable,Not Applicable,182,Not Applicable,0,,
2024-07-23 20:23:00,CNR8151030975,Canceled by Customer,CID807106,Bike,Tumkur Road,Malleshwaram,,,AC is Not working,Not Applicable,Not Applicable,Not Applicable,491,Not Applicable,0,,
2024-07-01 11:29:00,CNR1638745306,Success,CID575612,Bike,Tumkur Road,Nagarbhavi,294.0,30.0,Not Applicable,Not Applicable,No,Not Applicable,474,Cash,5,4.6,4.4
2024-07-07 19:18:00,CNR4908955882,Success,CID312411,Prime Plus,Sahakar Nagar,Nagarbhavi,133.0,135.0,Not Applicable,Not Applicable,No,Not Applicable,457,UPI,23,3.8,3.2
2024-07-06 01:05:00,CNR6093783503,Success,CID560283,Auto,Tumkur Road,Sarjapur Road,112.0,25.0,Not Applicable,Not Applicable,No,Not Applicable,781,Cash,13,4.9,3.3
2024-07-16 22:45:00,CNR7079785600,Success,CID156502,Auto,Kammanahalli,HSR Layout,35.0,120.0,Not Applicable,Not Applicable,No,Not Applicable,701,Cash,6,3.4,3.5
2024-07-09 08:12:00,CNR6142234970,Success,CID964176,Auto,Malleshwaram,Sahakar Nagar,91.0,120.0,Not Applicable,Not Applicable,No,Not Applicable,378,UPI,15,4.1,4.9
2024-07-12 11:30:00,CNR5922553036,Canceled by Driver,CID859163,Mini,Mysore Road,Ulsoor,,,Not Applicable,Customer related issue,Not Applicable,Not Applicable,121,Not Applicable,0,,
2024-07-04 14:33:00,CNR9569739691,Success,CID276319,Mini,Kammanahalli,Mysore Road,91.0,90.0,Not Applicable,Not Applicable,No,Not Applicable,405,Cash,42,3.8,3.3
2024-07-29 09:00:00,CNR5732356437,Canceled by Driver,CID374564,Prime SUV,Jayanagar,Sarjapur Road,,,Not Applicable,Customer was coughing/sick,Not Applicable,Not Applicable,730,Not Applicable,0,,
2024-07-16 20:54:00,CNR6985192045,Success,CID391636,Prime Sedan,Cox Town,BTM Layout,105.0,70.0,Not Applicable,Not Applicable,No,Not Applicable,158,Credit Card,33,3.7,4.0
2024-07-11 01:21:00,CNR5395522128,Success,CID912594,Prime Sedan,Kadugodi,MG Road,273.0,60.0,Not Applicable,Not Applicable,No,Not Applicable,779,Cash,41,4.8,4.6
2024-07-27 06:13:00,CNR1378085956,Success,CID725478,Auto,Bellandur,KR Puram,196.0,90.0,Not Applicable,Not Applicable,No,Not Applicable,178,UPI,13,4.2,4.4
2024-07-10 17:00:00,CNR9783634369,Success,CID392023,Auto,Indiranagar,Cox Town,140.0,130.0,Not Applicable,Not Applicable,No,Not Applicable,117,Cash,6,3.1,3.1
2024-07-30 06:29:00,CNR6989325523,Success,CID846494,Prime Plus,Rajajinagar,Tumkur Road,238.0,140.0,Not Applicable,Not Applicable,No,Not Applicable,458,UPI,5,4.7,3.5
2024-07-30 10:28:00,CNR7007848425,Canceled by Customer,CID173576,Prime Sedan,Rajarajeshwari Nagar,HSR Layout,,,Driver asked to cancel,Not Applicable,Not Applicable,Not Applicable,250,Not Applicable,0,,
2024-07-21 01:33:00,CNR5596704418,Success,CID462536,eBike,Bannerghatta Road,Peenya,147.0,130.0,Not Applicable,Not Applicable,No,Not Applicable,486,Cash,40,4.4,4.1
2024-07-25 19:54:00,CNR8440685736,Driver Not Found,CID314547,Bike,Sahakar Nagar,MG Road,,,Not Applicable,Not Applicable,Not Applicable,Not Applicable,331,Not Applicable,0,,
2024-07-12 22:03:00,CNR6934544320,Canceled by Driver,CID592798,Bike,Vijayanagar,Koramangala,,,Not Applicable,Customer was coughing/sick,Not Applicable,Not Applicable,474,Not Applicable,0,,
2024-07-21 09:57:00,CNR1619978464,Success,CID676763,Auto,Koramangala,MG Road,49.0,130.0,Not Applicable,Not Applicable,No,Not Applicable,998,UPI,16,3.8,4.8
2024-07-13 00:31:00,CNR7829073275,Canceled by Driver,CID810935,Auto,Rajarajeshwari Nagar,Peenya,,,Not Applicable,Customer related issue,Not Applicable,Not Applicable,463,Not Applicable,0,,
2024-07-25 03:24:00,CNR6112523007,Success,CID688146,Mini,JP Nagar,Yeshwanthpur,196.0,30.0,Not Applicable,Not Applicable,No,Not Applicable,236,Credit Card,1,4.7,4.6
2024-07-18 10:38:00,CNR2036148804,Success,CID500473,Prime Sedan,Peenya,Shantinagar,161.0,145.0,Not Applicable,Not Applicable,No,Not Applicable,486,Cash,15,4.4,3.4
2024-07-12 10:22:00,CNR2817842206,Driver Not Found,CID942678,Prime Plus,Ulsoor,Kammanahalli,,,Not Applicable,Not Applicable,Not Applicable,Not Applicable,286,Not Applicable,0,,
2024-07-18 13:08:00,CNR4033194631,Canceled by Driver,CID823546,Mini,Shantinagar,Ramamurthy Nagar,,,Not Applicable,Personal & Car related issue,Not Applicable,Not Applicable,202,Not Applicable,0,,
2024-07-10 17:34:00,CNR6512329571,Success,CID835353,Mini,Koramangala,Ramamurthy Nagar,203.0,50.0,Not Applicable,Not Applicable,No,Not Applicable,1343,Cash,34,4.9,4.7
2024-07-17 00:30:00,CNR5167760845,Success,CID964296,Mini,Majestic,MG Road,238.0,40.0,Not Applicable,Not Applicable,No,Not Applicable,381,Cash,37,3.9,4.2
2024-07-28 00:51:00,CNR4340424716,Canceled by Driver,CID154084,Auto,Indiranagar,Varthur,,,Not Applicable,Customer was coughing/sick,Not Applicable,Not Applicable,412,Not Applicable,0,,
2024-07-03 10:02:00,CNR9923595994,Canceled by Driver,CID375963,Prime Plus,Kammanahalli,Kengeri,,,Not Applicable,Personal & Car related issue,Not Applicable,Not Applicable,984,Not Applicable,0,,
2024-07-12 18:38:00,CNR9113907377,Success,CID495628,Bike,Ulsoor,Cox Town,301.0,95.0,Not Applicable,Not Applicable,No,Not Applicable,454,Cash,1,3.5,3.6
2024-07-18 02:38:00,CNR7682224289,Success,CID775403,Mini,Ramamurthy Nagar,RT Nagar,77.0,25.0,Not Applicable,Not Applicable,No,Not Applicable,154,UPI,6,3.2,3.3
2024-07-12 22:00:00,CNR4641024244,Canceled by Driver,CID433057,Bike,Sarjapur Road,Hosur Road,,,Not Applicable,Personal & Car related issue,Not Applicable,Not Applicable,665,Not Applicable,0,,
2024-07-16 15:48:00,CNR3423128891,Success,CID973506,Prime Plus,MG Road,Shantinagar,98.0,140.0,Not Applicable,Not Applicable,No,Not Applicable,829,UPI,14,3.2,4.8
2024-07-09 03:33:00,CNR3218924039,Success,CID360375,Bike,Bannerghatta Road,Chickpet,126.0,30.0,Not Applicable,Not Applicable,No,Not Applicable,999,Credit Card,25,4.8,3.1
2024-07-09 05:42:00,CNR3718083728,Canceled by Customer,CID602114,eBike,Basavanagudi,Hosur Road,,,Change of plans,Not Applicable,Not Applicable,Not Applicable,409,Not Applicable,0,,
2024-07-23 07:02:00,CNR1809536269,Canceled by Customer,CID258200,Auto,Jayanagar,Cox Town,,,AC is Not working,Not Applicable,Not Applicable,Not Applicable,2735,Not Applicable,0,,
2024-07-23 15:28:00,CNR7403255945,Success,CID255992,Bike,Chickpet,Rajajinagar,49.0,45.0,Not Applicable,Not Applicable,No,Not Applicable,104,UPI,10,4.7,3.8
2024-07-24 02:33:00,CNR8130726585,Success,CID657644,Prime SUV,Koramangala,Frazer Town,35.0,140.0,Not Applicable,Not Applicable,No,Not Applicable,300,Cash,8,4.4,3.8
2024-07-20 06:15:00,CNR3314340880,Driver Not Found,CID968684,Auto,Sahakar Nagar,Hebbal,,,Not Applicable,Not Applicable,Not Applicable,Not Applicable,829,Not Applicable,0,,
2024-07-05 22:16:00,CNR3128120847,Canceled by Customer,CID888554,Bike,Bellandur,Langford Town,,,Driver is not moving towards pickup location,Not Applicable,Not Applicable,Not Applicable,221,Not Applicable,0,,
2024-07-17 03:12:00,CNR4170147840,Success,CID321737,Bike,Rajajinagar,Shivajinagar,84.0,40.0,Not Applicable,Not Applicable,No,Not Applicable,199,Cash,46,4.1,4.7
2024-07-01 01:42:00,CNR4230434796,Success,CID826396,Auto,Marathahalli,Banashankari,84.0,60.0,Not Applicable,Not Applicable,No,Not Applicable,336,UPI,14,3.4,4.2
2024-07-28 02:34:00,CNR6280041776,Canceled by Driver,CID704116,eBike,Hebbal,Jayanagar,,,Not Applicable,Personal & Car related issue,Not Applicable,Not Applicable,320,Not Applicable,0,,
2024-07-27 20:21:00,CNR9299650118,Success,CID403679,Auto,Indiranagar,Bannerghatta Road,42.0,90.0,Not Applicable,Not Applicable,No,Not Applicable,583,UPI,16,4.3,3.4
2024-07-24 14:24:00,CNR7117643360,Success,CID642317,Prime Plus,Frazer Town,Indiranagar,196.0,80.0,Not Applicable,Not Applicable,No,Not Applicable,110,Cash,29,3.6,4.6
2024-07-14 04:22:00,CNR4009186111,Success,CID498964,eBike,Ulsoor,Bannerghatta Road,273.0,140.0,Not Applicable,Not Applicable,No,Not Applicable,366,UPI,32,4.9,3.6
2024-07-14 09:25:00,CNR5804856117,Success,CID785764,Prime Sedan,Magadi Road,Chickpet,224.0,70.0,Not Applicable,Not Applicable,Yes,Vehicle Breakdown,385,Cash,47,4.2,3.6
2024-07-28 13:52:00,CNR7370222628,Success,CID624045,eBike,Nagarbhavi,Majestic,147.0,80.0,Not Applicable,Not Applicable,No,Not Applicable,111,Cash,41,3.3,3.2
2024-07-17 01:26:00,CNR7690404542,Canceled by Driver,CID862567,Prime Plus,Nagarbhavi,Sahakar Nagar,,,Not Applicable,More than permitted people in there,Not Applicable,Not Applicable,139,Not Applicable,0,,
2024-07-13 22:55:00,CNR3447802103,Success,CID140588,Auto,Frazer Town,Padmanabhanagar,189.0,75.0,Not Applicable,Not Applicable,No,Not Applicable,163,Cash,15,3.7,4.2
2024-07-29 12:00:00,CNR7890510630,Canceled by Driver,CID436047,Mini,Kengeri,Chamarajpet,,,Not Applicable,Customer related issue,Not Applicable,Not Applicable,921,Not Applicable,0,,
2024-07-03 11:04:00,CNR4761683422,Success,CID135820,Bike,Electronic City,Hosur Road,266.0,75.0,Not Applicable,Not Applicable,No,Not Applicable,351,UPI,43,3.2,4.0
2024-07-02 01:48:00,CNR5345796214,Canceled by Driver,CID684743,Prime SUV,Kengeri,Kammanahalli,,,Not Applicable,Personal & Car related issue,Not Applicable,Not Applicable,448,Not Applicable,0,,
2024-07-12 21:14:00,CNR6550348043,Canceled by Customer,CID951717,Mini,Nagarbhavi,Nagarbhavi,,,Driver asked to cancel,Not Applicable,Not Applicable,Not Applicable,915,Not Applicable,0,,
2024-07-30 11:08:00,CNR7263625005,Success,CID392440,Prime SUV,MG Road,Richmond Town,182.0,35.0,Not Applicable,Not Applicable,No,Not Applicable,464,UPI,2,3.3,3.5
2024-07-16 19:36:00,CNR1250725147,Success,CID139373,Prime SUV,Kadugodi,Langford Town,140.0,45.0,Not Applicable,Not Applicable,No,Not Applicable,432,Cash,12,3.9,4.9
2024-07-28 01:32:00,CNR8298010855,Success,CID615917,Mini,Whitefield,Chickpet,98.0,30.0,Not Applicable,Not Applicable,No,Not Applicable,337,Cash,41,4.5,3.2
2024-07-21 05:40:00,CNR1680701892,Success,CID188340,eBike,Hennur,Rajajinagar,210.0,135.0,Not Applicable,Not Applicable,No,Not Applicable,431,Cash,18,3.8,3.2
2024-07-08 13:33:00,CNR6317351269,Success,CID746740,Prime SUV,Devanahalli,Hulimavu,49.0,85.0,Not Applicable,Not Applicable,No,Not Applicable,322,UPI,21,4.0,4.9
2024-07-25 00:18:00,CNR4426847278,Success,CID748279,Mini,JP Nagar,BTM Layout,238.0,105.0,Not Applicable,Not Applicable,No,Not Applicable,240,Cash,25,4.4,3.5
2024-07-11 10:40:00,CNR4042134256,Canceled by Customer,CID681655,Prime SUV,Kengeri,Jayanagar,,,Driver asked to cancel,Not Applicable,Not Applicable,Not Applicable,457,Not Applicable,0,,
2024-07-12 00:25:00,CNR9618268577,Success,CID770896,Prime SUV,Sarjapur Road,Magadi Road,91.0,105.0,Not Applicable,Not Applicable,No,Not Applicable,309,Cash,41,4.8,4.9
2024-07-08 20:33:00,CNR1838621238,Canceled by Driver,CID993763,Prime SUV,Kadugodi,Mysore Road,,,Not Applicable,More than permitted people in there,Not Applicable,Not Applicable,227,Not Applicable,0,,
2024-07-09 08:45:00,CNR8787152067,Success,CID291728,Auto,BTM Layout,Vijayanagar,70.0,70.0,Not Applicable,Not Applicable,No,Not Applicable,188,Cash,14,3.3,4.5
2024-07-06 11:09:00,CNR9224411541,Driver Not Found,CID626302,eBike,Marathahalli,Hosur Road,,,Not Applicable,Not Applicable,Not Applicable,Not Applicable,166,Not Applicable,0,,
2024-07-27 00:53:00,CNR3290136090,Success,CID964692,Mini,MG Road,MG Road,203.0,75.0,Not Applicable,Not Applicable,No,Not Applicable,318,Cash,47,4.7,3.6
2024-07-06 19:11:00,CNR3998643675,Success,CID213391,Mini,MG Road,KR Puram,63.0,75.0,Not Applicable,Not Applicable,No,Not Applicable,389,Cash,21,4.8,3.1
2024-07-29 06:02:00,CNR9279477444,Success,CID420911,eBike,Indiranagar,Langford Town,133.0,45.0,Not Applicable,Not Applicable,No,Not Applicable,562,UPI,1,3.8,4.2
2024-07-28 21:45:00,CNR8438960430,Success,CID424671,Bike,RT Nagar,Vijayanagar,98.0,45.0,Not Applicable,Not Applicable,No,Not Applicable,436,UPI,34,4.5,3.9
2024-07-12 19:21:00,CNR4680973701,Success,CID413019,Auto,BTM Layout,MG Road,140.0,60.0,Not Applicable,Not Applicable,No,Not Applicable,165,Cash,5,4.7,3.5
2024-07-03 11:14:00,CNR5313575343,Canceled by Driver,CID360910,eBike,Richmond Town,Rajarajeshwari Nagar,,,Not Applicable,Customer related issue,Not Applicable,Not Applicable,806,Not Applicable,0,,
2024-07-22 20:38:00,CNR6142269810,Success,CID574192,Prime Plus,Mysore Road,Koramangala,112.0,125.0,Not Applicable,Not Applicable,No,Not Applicable,905,UPI,27,3.8,4.7
2024-07-12 21:21:00,CNR7108296543,Driver Not Found,CID576271,eBike,Whitefield,Yeshwanthpur,,,Not Applicable,Not Applicable,Not Applicable,Not Applicable,265,Not Applicable,0,,
2024-07-11 02:02:00,CNR9956608780,Canceled by Driver,CID415800,Prime SUV,Chickpet,Sahakar Nagar,,,Not Applicable,Personal & Car related issue,Not Applicable,Not Applicable,444,Not Applicable,0,,
2024-07-18 06:47:00,CNR9040027753,Success,CID305968,Prime Sedan,Bannerghatta Road,Shantinagar,77.0,70.0,Not Applicable,Not Applicable,No,Not Applicable,446,Cash,19,3.8,3.3
2024-07-11 05:52:00,CNR1334233215,Success,CID461320,eBike,Ulsoor,Yeshwanthpur,252.0,100.0,Not Applicable,Not Applicable,No,Not Applicable,371,UPI,26,4.2,4.0
2024-07-27 15:52:00,CNR5480230092,Success,CID261210,Prime Sedan,Whitefield,Shantinagar,266.0,140.0,Not Applicable,Not Applicable,No,Not Applicable,764,UPI,44,3.1,4.1
2024-07-14 12:52:00,CNR6118014371,Success,CID788080,Auto,Magadi Road,Malleshwaram,63.0,90.0,Not Applicable,Not Applicable,No,Not Applicable,450,Cash,2,4.5,4.2
2024-07-28 15:12:00,CNR7254597312,Driver Not Found,CID958174,Auto,Hulimavu,Rajarajeshwari Nagar,,,Not Applicable,Not Applicable,Not Applicable,Not Applicable,118,Not Applicable,0,,
2024-07-09 15:13:00,CNR8248277798,Success,CID829747,Prime Plus,Padmanabhanagar,Bannerghatta Road,112.0,85.0,Not Applicable,Not Applicable,No,Not Applicable,423,UPI,11,5.0,4.8
2024-07-21 03:12:00,CNR7211122851,Success,CID553515,Prime Sedan,Cox Town,Sahakar Nagar,35.0,85.0,Not Applicable,Not Applicable,No,Not Applicable,454,Cash,20,4.5,4.0
2024-07-21 04:26:00,CNR1252340821,Success,CID935061,Auto,Shivajinagar,Hennur,35.0,25.0,Not Applicable,Not Applicable,No,Not Applicable,189,UPI,6,4.5,4.2
2024-07-30 19:03:00,CNR3968244078,Success,CID809702,eBike,Yelahanka,JP Nagar,70.0,130.0,Not Applicable,Not Applicable,No,Not Applicable,508,UPI,18,3.2,3.7
2024-07-25 13:55:00,CNR5828413373,Canceled by Driver,CID584952,Prime Sedan,Sarjapur Road,Majestic,,,Not Applicable,Personal & Car related issue,Not Applicable,Not Applicable,285,Not Applicable,0,,
2024-07-06 05:47:00,CNR8364123947,Canceled by Driver,CID286435,Auto,KR Puram,JP Nagar,,,Not Applicable,Customer related issue,Not Applicable,Not Applicable,451,Not Applicable,0,,
2024-07-18 15:37:00,CNR4978890567,Success,CID391450,Auto,Bannerghatta Road,Malleshwaram,140.0,120.0,Not Applicable,Not Applicable,No,Not Applicable,766,Credit Card,15,3.6,4.6
2024-07-04 03:57:00,CNR6206435148,Success,CID571501,Prime Plus,Tumkur Road,Electronic City,63.0,30.0,Not Applicable,Not Applicable,No,Not Applicable,564,Cash,22,4.6,4.3
2024-07-30 05:44:00,CNR7298058160,Success,CID991635,Prime Sedan,Kammanahalli,Peenya,210.0,75.0,Not Applicable,Not Applicable,No,Not Applicable,292,Cash,46,3.5,4.5
2024-07-10 22:32:00,CNR7150698573,Success,CID354027,eBike,Malleshwaram,Ramamurthy Nagar,35.0,105.0,Not Applicable,Not Applicable,No,Not Applicable,2168,UPI,8,3.9,3.2
2024-07-24 12:00:00,CNR5071642633,Canceled by Driver,CID849325,eBike,Rajajinagar,Rajajinagar,,,Not Applicable,Personal & Car related issue,Not Applicable,Not Applicable,280,Not Applicable,0,,
2024-07-01 06:37:00,CNR9464069318,Success,CID148569,Prime Plus,Shantinagar,Whitefield,112.0,115.0,Not Applicable,Not Applicable,No,Not Applicable,200,UPI,7,3.4,3.6
2024-07-05 07:46:00,CNR3713040755,Success,CID910065,Bike,Mysore Road,Ulsoor,105.0,65.0,Not Applicable,Not Applicable,No,Not Applicable,367,UPI,36,4.7,4.0
2024-07-29 07:38:00,CNR2871549461,Canceled by Driver,CID898431,Prime Plus,Rajarajeshwari Nagar,Varthur,,,Not Applicable,More than permitted people in there,Not Applicable,Not Applicable,331,Not Applicable,0,,
2024-07-06 03:17:00,CNR5039006254,Success,CID183913,Prime Plus,Basavanagudi,Ramamurthy Nagar,301.0,35.0,Not Applicable,Not Applicable,No,Not Applicable,148,Cash,30,4.2,4.0
2024-07-12 08:32:00,CNR9552454205,Canceled by Customer,CID249469,Prime Plus,Tumkur Road,Hosur Road,,,AC is Not working,Not Applicable,Not Applicable,Not Applicable,157,Not Applicable,0,,
2024-07-21 23:47:00,CNR5710455339,Success,CID776945,eBike,Rajajinagar,Sarjapur Road,133.0,145.0,Not Applicable,Not Applicable,No,Not Applicable,311,Cash,45,3.6,3.8
2024-07-03 07:16:00,CNR7952503792,Success,CID760481,Prime Plus,Shantinagar,Bannerghatta Road,140.0,110.0,Not Applicable,Not Applicable,No,Not Applicable,889,UPI,48,4.3,3.4
2024-07-18 20:33:00,CNR3485889604,Success,CID798868,Prime SUV,Tumkur Road,Kammanahalli,273.0,45.0,Not Applicable,Not Applicable,No,Not Applicable,105,Cash,12,4.1,3.9
2024-07-10 04:33:00,CNR2871983972,Success,CID843699,Prime SUV,KR Puram,Whitefield,63.0,115.0,Not Applicable,Not Applicable,No,Not Applicable,1136,Credit Card,28,3.3,3.6
2024-07-25 00:27:00,CNR2550015150,Canceled by Driver,CID443864,Prime Sedan,HSR Layout,Marathahalli,,,Not Applicable,More than permitted people in there,Not Applicable,Not Applicable,270,Not Applicable,0,,
2024-07-12 23:05:00,CNR2225359457,Success,CID687928,Prime Sedan,Electronic City,Ulsoor,189.0,85.0,Not Applicable,Not Applicable,No,Not Applicable,297,Cash,19,4.2,4.9
2024-07-11 07:47:00,CNR7604296054,Success,CID335833,Prime SUV,Kammanahalli,Shivajinagar,175.0,40.0,Not Applicable,Not Applicable,No,Not Applicable,366,UPI,28,3.6,4.7
2024-07-27 05:56:00,CNR2168293175,Success,CID160226,Prime Plus,Kadugodi,Ulsoor,294.0,120.0,Not Applicable,Not Applicable,No,Not Applicable,253,UPI,35,4.4,3.1
2024-07-23 09:11:00,CNR5739271939,Canceled by Customer,CID321725,Auto,Jayanagar,Varthur,,,Driver asked to cancel,Not Applicable,Not Applicable,Not Applicable,436,Not Applicable,0,,
2024-07-01 12:13:00,CNR6007784951,Success,CID940391,Prime Sedan,Whitefield,Hebbal,63.0,40.0,Not Applicable,Not Applicable,No,Not Applicable,258,Cash,19,4.7,3.5
2024-07-20 16:50:00,CNR9206770398,Canceled by Driver,CID438118,Prime Sedan,Nagarbhavi,Electronic City,,,Not Applicable,More than permitted people in there,Not Applicable,Not Applicable,944,Not Applicable,0,,
2024-07-14 21:36:00,CNR8369047544,Success,CID113141,eBike,Magadi Road,Mysore Road,168.0,135.0,Not Applicable,Not Applicable,No,Not Applicable,184,Cash,16,3.8,4.5
2024-07-27 17:19:00,CNR7501658831,Success,CID911906,Prime Sedan,Peenya,Whitefield,119.0,120.0,Not Applicable,Not Applicable,No,Not Applicable,759,Cash,14,3.6,3.8
2024-07-07 15:41:00,CNR2541409762,Success,CID739464,Prime SUV,HSR Layout,Frazer Town,49.0,145.0,Not Applicable,Not Applicable,No,Not Applicable,357,UPI,46,3.5,4.1
2024-07-20 04:27:00,CNR7944477878,Canceled by Customer,CID574965,eBike,Kammanahalli,Padmanabhanagar,,,Driver is not moving towards pickup location,Not Applicable,Not Applicable,Not Applicable,456,Not Applicable,0,,
2024-07-12 05:39:00,CNR4767970396,Canceled by Driver,CID197362,Prime SUV,Vijayanagar,Marathahalli,,,Not Applicable,More than permitted people in there,Not Applicable,Not Applicable,849,Not Applicable,0,,
2024-07-05 11:36:00,CNR2423138866,Canceled by Driver,CID674098,Mini,Marathahalli,Magadi Road,,,Not Applicable,Customer was coughing/sick,Not Applicable,Not Applicable,386,Not Applicable,0,,
2024-07-29 17:17:00,CNR8603135517,Canceled by Customer,CID702456,eBike,Cox Town,Malleshwaram,,,Driver asked to cancel,Not Applicable,Not Applicable,Not Applicable,387,Not Applicable,0,,
2024-07-17 22:29:00,CNR5174646418,Success,CID397191,Prime Sedan,Hebbal,Padmanabhanagar,147.0,35.0,Not Applicable,Not Applicable,No,Not Applicable,331,UPI,30,4.0,4.5
2024-07-12 19:49:00,CNR4527210091,Canceled by Customer,CID358828,Mini,Majestic,Vijayanagar,,,Change of plans,Not Applicable,Not Applicable,Not Applicable,275,Not Applicable,0,,
2024-07-11 07:11:00,CNR5743370326,Success,CID771236,Bike,Yeshwanthpur,Jayanagar,294.0,135.0,Not Applicable,Not Applicable,No,Not Applicable,227,Cash,13,3.3,4.8
2024-07-12 09:45:00,CNR4692145092,Success,CID484339,Bike,Varthur,RT Nagar,154.0,35.0,Not Applicable,Not Applicable,No,Not Applicable,277,UPI,33,4.2,3.8
2024-07-13 21:16:00,CNR8237484039,Success,CID294792,eBike,Malleshwaram,Koramangala,161.0,65.0,Not Applicable,Not Applicable,No,Not Applicable,553,Cash,38,3.3,4.2
2024-07-06 16:02:00,CNR2214147558,Canceled by Driver,CID789431,Prime Plus,Rajajinagar,Hulimavu,,,Not Applicable,Customer related issue,Not Applicable,Not Applicable,368,Not Applicable,0,,
2024-07-05 09:11:00,CNR8553082952,Success,CID810175,Mini,Devanahalli,Hosur Road,189.0,130.0,Not Applicable,Not Applicable,No,Not Applicable,340,Cash,37,3.5,3.3
2024-07-04 02:34:00,CNR4378040218,Canceled by Customer,CID387931,Prime SUV,HSR Layout,Electronic City,,,Driver is not moving towards pickup location,Not Applicable,Not Applicable,Not Applicable,184,Not Applicable,0,,
2024-07-17 12:34:00,CNR4607432675,Success,CID929606,Bike,Devanahalli,Hulimavu,266.0,55.0,Not Applicable,Not Applicable,No,Not Applicable,2068,Cash,19,4.7,3.0
2024-07-08 19:11:00,CNR4337856940,Canceled by Driver,CID846553,eBike,Kengeri,HSR Layout,,,Not Applicable,Customer related issue,Not Applicable,Not Applicable,304,Not Applicable,0,,
2024-07-19 13:31:00,CNR7172288053,Driver Not Found,CID880354,Auto,Basavanagudi,Malleshwaram,,,Not Applicable,Not Applicable,Not Applicable,Not Applicable,421,Not Applicable,0,,
2024-07-29 11:40:00,CNR4511943470,Success,CID501725,eBike,Padmanabhanagar,Kammanahalli,112.0,60.0,Not Applicable,Not Applicable,No,Not Applicable,1712,UPI,29,3.1,4.0
2024-07-03 06:04:00,CNR7476024942,Success,CID957374,Mini,Padmanabhanagar,Yeshwanthpur,70.0,50.0,Not Applicable,Not Applicable,No,Not Applicable,360,Cash,7,5.0,4.8
2024-07-21 06:48:00,CNR2741730893,Canceled by Driver,CID701169,eBike,Banashankari,HSR Layout,,,Not Applicable,Personal & Car related issue,Not Applicable,Not Applicable,357,Not Applicable,0,,
2024-07-27 02:53:00,CNR2556068948,Success,CID235117,Auto,Chickpet,Rajarajeshwari Nagar,70.0,55.0,Not Applicable,Not Applicable,No,Not Applicable,454,Cash,3,4.5,3.6
2024-07-02 17:25:00,CNR8373558020,Success,CID993658,eBike,Ramamurthy Nagar,Chamarajpet,273.0,70.0,Not Applicable,Not Applicable,No,Not Applicable,373,Cash,4,5.0,4.7
2024-07-01 23:37:00,CNR8931226052,Success,CID107752,Bike,Hennur,Rajarajeshwari Nagar,84.0,55.0,Not Applicable,Not Applicable,No,Not Applicable,561,UPI,30,4.1,5.0
2024-07-11 01:05:00,CNR1784757449,Success,CID330661,Prime SUV,Hosur Road,Hennur,217.0,85.0,Not Applicable,Not Applicable,No,Not Applicable,107,UPI,7,3.4,4.5
2024-07-03 23:02:00,CNR2440888633,Success,CID398629,Mini,Sahakar Nagar,Rajarajeshwari Nagar,210.0,130.0,Not Applicable,Not Applicable,No,Not Applicable,130,UPI,25,4.3,4.4
2024-07-13 15:42:00,CNR2247359506,Success,CID770912,Mini,Koramangala,Indiranagar,273.0,35.0,Not Applicable,Not Applicable,No,Not Applicable,2419,UPI,38,4.5,4.4
2024-07-07 16:15:00,CNR1410650616,Success,CID632098,Mini,Majestic,Hosur Road,119.0,60.0,Not Applicable,Not Applicable,No,Not Applicable,457,Cash,13,4.8,3.5
2024-07-22 23:14:00,CNR9361637101,Success,CID915567,Bike,Frazer Town,Vijayanagar,154.0,25.0,Not Applicable,Not Applicable,No,Not Applicable,439,UPI,40,3.9,4.5
2024-07-03 07:56:00,CNR8204576109,Success,CID849838,Prime Plus,Nagarbhavi,Basavanagudi,224.0,25.0,Not Applicable,Not Applicable,No,Not Applicable,124,UPI,29,4.7,3.2
2024-07-03 00:22:00,CNR1533736849,Success,CID553247,Prime SUV,Whitefield,Hebbal,196.0,140.0,Not Applicable,Not Applicable,Yes,Other Issue,697,UPI,40,4.9,4.4
2024-07-07 06:02:00,CNR3602418396,Success,CID511269,Mini,Shivajinagar,Magadi Road,35.0,80.0,Not Applicable,Not Applicable,No,Not Applicable,942,Cash,17,3.9,3.5
2024-07-16 13:07:00,CNR5096900284,Success,CID499438,Prime Sedan,Kammanahalli,Marathahalli,35.0,85.0,Not Applicable,Not Applicable,No,Not Applicable,286,Cash,2,3.3,3.0
2024-07-20 20:57:00,CNR4822547459,Success,CID480358,Auto,Frazer Town,Kammanahalli,245.0,100.0,Not Applicable,Not Applicable,No,Not Applicable,262,Cash,6,4.8,3.3
2024-07-08 14:56:00,CNR8514067874,Success,CID130933,eBike,RT Nagar,Shantinagar,133.0,65.0,Not Applicable,Not Applicable,No,Not Applicable,286,UPI,34,3.1,4.7
2024-07-15 17:15:00,CNR3719949398,Canceled by Driver,CID873972,Auto,Kadugodi,Vijayanagar,,,Not Applicable,Customer was coughing/sick,Not Applicable,Not Applicable,328,Not Applicable,0,,
2024-07-06 18:44:00,CNR3155389413,Driver Not Found,CID254396,Auto,Sarjapur Road,Hennur,,,Not Applicable,Not Applicable,Not Applicable,Not Applicable,139,Not Applicable,0,,
2024-07-18 12:16:00,CNR6219603784,Canceled by Driver,CID170040,Prime Sedan,Bellandur,JP Nagar,,,Not Applicable,Customer was coughing/sick,Not Applicable,Not Applicable,463,Not Applicable,0,,
2024-07-19 11:20:00,CNR9096244500,Success,CID416372,Auto,Padmanabhanagar,Basavanagudi,273.0,35.0,Not Applicable,Not Applicable,No,Not Applicable,474,Cash,19,4.9,3.7
2024-07-20 10:09:00,CNR8430194731,Canceled by Customer,CID324054,Prime Plus,Whitefield,Varthur,,,Driver is not moving towards pickup location,Not Applicable,Not Applicable,Not Applicable,389,Not Applicable,0,,
2024-07-23 20:49:00,CNR4866747724,Success,CID272201,Mini,Kammanahalli,Hulimavu,259.0,50.0,Not Applicable,Not Applicable,No,Not Applicable,439,Cash,8,4.8,3.1
2024-07-06 03:16:00,CNR8615204426,Canceled by Driver,CID679553,Prime Sedan,BTM Layout,Varthur,,,Not Applicable,Customer was coughing/sick,Not Applicable,Not Applicable,509,Not Applicable,0,,
2024-07-22 17:11:00,CNR7258199660,Success,CID269571,Auto,Frazer Town,Shivajinagar,77.0,30.0,Not Applicable,Not Applicable,No,Not Applicable,108,Cash,2,3.7,3.2
2024-07-11 06:50:00,CNR5980976418,Canceled by Driver,CID429195,Prime Plus,Shivajinagar,Whitefield,,,Not Applicable,Personal & Car related issue,Not Applicable,Not Applicable,561,Not Applicable,0,,
2024-07-01 22:51:00,CNR2783205329,Success,CID646823,Prime SUV,Chamarajpet,Nagarbhavi,280.0,115.0,Not Applicable,Not Applicable,No,Not Applicable,824,UPI,19,4.5,4.3
2024-07-16 04:32:00,CNR4910243524,Success,CID484858,Prime SUV,Majestic,Rajajinagar,308.0,50.0,Not Applicable,Not Applicable,No,Not Applicable,446,UPI,49,3.6,4.5
2024-07-30 17:37:00,CNR9085056078,Success,CID889882,Bike,Cox Town,Padmanabhanagar,112.0,145.0,Not Applicable,Not Applicable,No,Not Applicable,116,UPI,27,3.8,3.7
2024-07-03 11:42:00,CNR6540205381,Canceled by Driver,CID922813,Prime Sedan,Whitefield,Magadi Road,,,Not Applicable,Customer related issue,Not Applicable,Not Applicable,170,Not Applicable,0,,
2024-07-17 02:53:00,CNR7473911013,Canceled by Customer,CID623800,Mini,Cox Town,Banashankari,,,AC is Not working,Not Applicable,Not Applicable,Not Applicable,122,Not Applicable,0,,
2024-07-22 12:29:00,CNR1949304002,Success,CID940561,Mini,Vijayanagar,Sarjapur Road,217.0,25.0,Not Applicable,Not Applicable,No,Not Applicable,144,UPI,40,4.0,4.4
2024-07-09 09:18:00,CNR4040716997,Success,CID489722,eBike,Hosur Road,Malleshwaram,168.0,85.0,Not Applicable,Not Applicable,No,Not Applicable,429,Cash,27,4.8,4.0
2024-07-25 18:26:00,CNR4379163735,Success,CID693200,Prime SUV,Peenya,Peenya,35.0,85.0,Not Applicable,Not Applicable,No,Not Applicable,756,Cash,45,4.1,3.1
2024-07-06 03:03:00,CNR1005800896,Success,CID539744,Prime Sedan,Bellandur,Nagarbhavi,42.0,55.0,Not Applicable,Not Applicable,No,Not Applicable,102,UPI,49,3.2,3.3
2024-07-03 17:48:00,CNR6100830200,Success,CID197204,Bike,Chickpet,Sahakar Nagar,196.0,110.0,Not Applicable,Not Applicable,No,Not Applicable,781,UPI,10,4.9,3.0
2024-07-24 21:53:00,CNR8290582797,Success,CID494269,Prime Plus,Sarjapur Road,Hosur Road,266.0,35.0,Not Applicable,Not Applicable,No,Not Applicable,438,Cash,34,3.8,4.0
2024-07-18 08:01:00,CNR1206949455,Success,CID575037,Prime Plus,Shivajinagar,Malleshwaram,70.0,140.0,Not Applicable,Not Applicable,No,Not Applicable,699,UPI,26,3.1,4.1
2024-07-07 12:30:00,CNR5981970124,Success,CID202511,Auto,HSR Layout,Electronic City,35.0,120.0,Not Applicable,Not Applicable,No,Not Applicable,351,Credit Card,3,3.6,3.0
2024-07-06 11:30:00,CNR1522491827,Canceled by Driver,CID208580,Prime Plus,Ramamurthy Nagar,JP Nagar,,,Not Applicable,Customer was coughing/sick,Not Applicable,Not Applicable,2092,Not Applicable,0,,
2024-07-28 11:11:00,CNR8445036060,Canceled by Driver,CID241710,Prime Sedan,Majestic,Langford Town,,,Not Applicable,More than permitted people in there,Not Applicable,Not Applicable,256,Not Applicable,0,,
2024-07-30 16:26:00,CNR4335335753,Success,CID666034,Auto,Kengeri,Bellandur,161.0,125.0,Not Applicable,Not Applicable,No,Not Applicable,149,Credit Card,2,3.2,4.4
2024-07-27 00:06:00,CNR9500563919,Success,CID401185,Bike,Koramangala,Rajajinagar,308.0,80.0,Not Applicable,Not Applicable,No,Not Applicable,337,Cash,34,4.6,4.5
2024-07-24 16:43:00,CNR5653873003,Driver Not Found,CID952416,Mini,Sarjapur Road,Richmond Town,,,Not Applicable,Not Applicable,Not Applicable,Not Applicable,465,Not Applicable,0,,
2024-07-24 00:48:00,CNR6454651124,Success,CID890630,Bike,Mysore Road,Kengeri,77.0,135.0,Not Applicable,Not Applicable,No,Not Applicable,367,Cash,46,4.9,4.1
2024-07-20 18:49:00,CNR3196964751,Success,CID961030,Mini,Nagarbhavi,Electronic City,273.0,75.0,Not Applicable,Not Applicable,No,Not Applicable,228,UPI,44,4.5,3.5
2024-07-21 06:52:00,CNR3022863980,Success,CID420135,Prime Sedan,Richmond Town,Koramangala,210.0,130.0,Not Applicable,Not Applicable,No,Not Applicable,725,UPI,25,3.2,4.1
2024-07-30 09:24:00,CNR6509067711,Success,CID863414,eBike,Shantinagar,Padmanabhanagar,49.0,130.0,Not Applicable,Not Applicable,No,Not Applicable,958,UPI,21,4.0,3.8
2024-07-27 23:43:00,CNR6586683934,Success,CID921974,eBike,Peenya,Nagarbhavi,133.0,60.0,Not Applicable,Not Applicable,No,Not Applicable,362,UPI,41,3.1,4.5
2024-07-14 09:01:00,CNR1073509432,Success,CID614290,Mini,Banashankari,Chamarajpet,224.0,65.0,Not Applicable,Not Applicable,No,Not Applicable,557,Cash,17,4.9,4.5
2024-07-11 17:03:00,CNR2358126670,Canceled by Driver,CID613715,Prime Plus,Nagarbhavi,Ulsoor,,,Not Applicable,Personal & Car related issue,Not Applicable,Not Applicable,354,Not Applicable,0,,
2024-07-28 09:50:00,CNR2546657243,Success,CID366798,Bike,KR Puram,Tumkur Road,203.0,90.0,Not Applicable,Not Applicable,No,Not Applicable,773,UPI,37,4.4,4.7
2024-07-28 04:20:00,CNR7495466366,Driver Not Found,CID717485,Mini,Yeshwanthpur,Langford Town,,,Not Applicable,Not Applicable,Not Applicable,Not Applicable,2578,Not Applicable,0,,
2024-07-16 21:51:00,CNR9649141125,Canceled by Driver,CID225971,Prime Plus,Peenya,Padmanabhanagar,,,Not Applicable,Customer related issue,Not Applicable,Not Applicable,2369,Not Applicable,0,,
2024-07-11 18:41:00,CNR8140570638,Success,CID723299,Prime SUV,Magadi Road,Yelahanka,210.0,70.0,Not Applicable,Not Applicable,No,Not Applicable,554,Cash,29,3.9,4.7
2024-07-05 17:33:00,CNR7604414663,Canceled by Driver,CID727227,Prime SUV,KR Puram,Magadi Road,,,Not Applicable,More than permitted people in there,Not Applicable,Not Applicable,628,Not Applicable,0,,
2024-07-27 23:34:00,CNR7495024337,Success,CID443078,Prime SUV,Richmond Town,Rajajinagar,133.0,65.0,Not Applicable,Not Applicable,No,Not Applicable,840,Cash,47,3.1,3.4
2024-07-20 18:05:00,CNR1057562586,Success,CID229222,Mini,Electronic City,MG Road,238.0,45.0,Not Applicable,Not Applicable,No,Not Applicable,1203,Cash,24,3.3,4.2
2024-07-13 10:39:00,CNR4568934724,Success,CID945471,Prime Sedan,Bannerghatta Road,Shantinagar,280.0,95.0,Not Applicable,Not Applicable,No,Not Applicable,255,UPI,31,4.0,3.2
2024-07-08 05:46:00,CNR4469386656,Success,CID794380,Auto,Varthur,Kammanahalli,217.0,25.0,Not Applicable,Not Applicable,No,Not Applicable,126,UPI,8,3.9,4.2
2024-07-18 10:33:00,CNR9264880497,Success,CID372612,Bike,Bellandur,Tumkur Road,273.0,65.0,Not Applicable,Not Applicable,Yes,Vehicle Breakdown,838,UPI,11,3.9,3.1
2024-07-23 15:52:00,CNR2678868477,Success,CID562431,eBike,BTM Layout,Jayanagar,245.0,105.0,Not Applicable,Not Applicable,No,Not Applicable,173,Cash,2,4.3,3.4
2024-07-11 08:58:00,CNR7779289645,Canceled by Driver,CID473572,eBike,Rajarajeshwari Nagar,Bannerghatta Road,,,Not Applicable,Customer related issue,Not Applicable,Not Applicable,908,Not Applicable,0,,
2024-07-16 15:36:00,CNR8069989710,Canceled by Driver,CID159399,Mini,Shantinagar,Peenya,,,Not Applicable,More than permitted people in there,Not Applicable,Not Applicable,227,Not Applicable,0,,
2024-07-24 13:41:00,CNR2525167054,Success,CID392371,Mini,Devanahalli,Hennur,224.0,40.0,Not Applicable,Not Applicable,No,Not Applicable,363,UPI,34,4.8,5.0
2024-07-30 15:06:00,CNR4744926696,Canceled by Customer,CID559208,Auto,Chamarajpet,Chamarajpet,,,Driver is not moving towards pickup location,Not Applicable,Not Applicable,Not Applicable,1825,Not Applicable,0,,
2024-07-05 00:01:00,CNR1449744525,Success,CID946246,Prime Plus,Ramamurthy Nagar,Richmond Town,301.0,105.0,Not Applicable,Not Applicable,No,Not Applicable,456,Cash,24,4.0,3.7
2024-07-12 05:13:00,CNR4366183008,Success,CID853963,eBike,Tumkur Road,Magadi Road,91.0,115.0,Not Applicable,Not Applicable,No,Not Applicable,436,Cash,47,3.2,4.7
2024-07-30 23:31:00,CNR3486617312,Canceled by Driver,CID167420,Prime Sedan,KR Puram,Langford Town,,,Not Applicable,Personal & Car related issue,Not Applicable,Not Applicable,316,Not Applicable,0,,
2024-07-29 22:43:00,CNR4680333894,Canceled by Customer,CID804345,Prime Sedan,Bellandur,Padmanabhanagar,,,Change of plans,Not Applicable,Not Applicable,Not Applicable,361,Not Applicable,0,,
2024-07-12 20:30:00,CNR5556709991,Success,CID920622,Prime SUV,Langford Town,Hennur,224.0,140.0,Not Applicable,Not Applicable,No,Not Applicable,348,Cash,30,3.0,4.2
2024-07-12 04:15:00,CNR4433213045,Success,CID346274,Prime Sedan,Shantinagar,Rajajinagar,203.0,55.0,Not Applicable,Not Applicable,No,Not Applicable,2976,Cash,47,3.9,3.4
2024-07-15 04:09:00,CNR7019809951,Success,CID591890,eBike,Rajarajeshwari Nagar,Bellandur,231.0,110.0,Not Applicable,Not Applicable,No,Not Applicable,638,Cash,30,4.9,3.6
2024-07-24 10:51:00,CNR3377495937,Driver Not Found,CID449691,Prime Sedan,Yelahanka,Ramamurthy Nagar,,,Not Applicable,Not Applicable,Not Applicable,Not Applicable,506,Not Applicable,0,,
2024-07-13 10:35:00,CNR3271209273,Success,CID353118,Prime Plus,Sahakar Nagar,Tumkur Road,84.0,75.0,Not Applicable,Not Applicable,No,Not Applicable,907,Cash,36,4.0,3.1
2024-07-04 23:38:00,CNR3812475292,Driver Not Found,CID185146,Bike,Hebbal,Peenya,,,Not Applicable,Not Applicable,Not Applicable,Not Applicable,153,Not Applicable,0,,
2024-07-04 07:02:00,CNR9746246702,Success,CID251332,Bike,Yeshwanthpur,Basavanagudi,49.0,135.0,Not Applicable,Not Applicable,Yes,Customer Demand,264,Credit Card,9,3.1,3.9
2024-07-06 19:50:00,CNR8044374012,Success,CID396007,Prime SUV,Bellandur,Nagarbhavi,294.0,140.0,Not Applicable,Not Applicable,No,Not Applicable,636,Cash,19,3.2,4.6
2024-07-19 04:35:00,CNR3022620650,Canceled by Driver,CID585999,Auto,Rajarajeshwari Nagar,Peenya,,,Not Applicable,Customer related issue,Not Applicable,Not Applicable,108,Not Applicable,0,,
2024-07-23 21:25:00,CNR8412133296,Canceled by Driver,CID418079,Mini,Marathahalli,Marathahalli,,,Not Applicable,More than permitted people in there,Not Applicable,Not Applicable,222,Not Applicable,0,,
2024-07-01 09:48:00,CNR7816858966,Success,CID219584,Prime SUV,Koramangala,Hosur Road,42.0,50.0,Not Applicable,Not Applicable,No,Not Applicable,228,UPI,5,3.8,3.5
2024-07-13 16:29:00,CNR7285020645,Success,CID968993,Mini,Chickpet,Shivajinagar,161.0,75.0,Not Applicable,Not Applicable,No,Not Applicable,618,Cash,26,4.7,4.2
2024-07-24 04:29:00,CNR7638107390,Canceled by Driver,CID340200,eBike,Hulimavu,Rajajinagar,,,Not Applicable,More than permitted people in there,Not Applicable,Not Applicable,493,Not Applicable,0,,
2024-07-30 11:48:00,CNR3599504818,Success,CID960846,Bike,Kadugodi,Malleshwaram,70.0,65.0,Not Applicable,Not Applicable,No,Not Applicable,649,UPI,6,3.5,3.5
2024-07-09 01:10:00,CNR7998948473,Success,CID221580,Prime Plus,Whitefield,Electronic City,266.0,40.0,Not Applicable,Not Applicable,No,Not Applicable,974,UPI,20,3.8,4.7
2024-07-05 17:30:00,CNR8031909066,Success,CID215630,Auto,Vijayanagar,Hennur,133.0,45.0,Not Applicable,Not Applicable,No,Not Applicable,246,Cash,7,3.4,4.6
2024-07-17 01:55:00,CNR7871234085,Canceled by Driver,CID781702,Prime Sedan,Rajarajeshwari Nagar,Rajarajeshwari Nagar,,,Not Applicable,Personal & Car related issue,Not Applicable,Not Applicable,923,Not Applicable,0,,
2024-07-25 02:24:00,CNR9974638506,Success,CID862578,eBike,Kammanahalli,Marathahalli,42.0,25.0,Not Applicable,Not Applicable,No,Not Applicable,350,Cash,34,4.6,4.1
2024-07-06 03:41:00,CNR1698062692,Canceled by Driver,CID929502,Auto,Marathahalli,Shivajinagar,,,Not Applicable,More than permitted people in there,Not Applicable,Not Applicable,117,Not Applicable,0,,
2024-07-02 08:11:00,CNR9758009624,Success,CID772976,Bike,KR Puram,Indiranagar,294.0,110.0,Not Applicable,Not Applicable,No,Not Applicable,329,UPI,11,4.3,4.6
2024-07-04 07:20:00,CNR5914531280,Driver Not Found,CID833206,Bike,Indiranagar,MG Road,,,Not Applicable,Not Applicable,Not Applicable,Not Applicable,347,Not Applicable,0,,
2024-07-09 12:51:00,CNR5813906160,Success,CID697729,Prime Plus,Marathahalli,Devanahalli,56.0,95.0,Not Applicable,Not Applicable,No,Not Applicable,448,Cash,36,4.9,4.3
2024-07-11 02:38:00,CNR7679821233,Canceled by Driver,CID122509,Bike,JP Nagar,Hosur Road,,,Not Applicable,Customer related issue,Not Applicable,Not Applicable,231,Not Applicable,0,,
2024-07-19 03:01:00,CNR8490882473,Success,CID651406,Prime SUV,Bellandur,BTM Layout,196.0,45.0,Not Applicable,Not Applicable,Yes,Other Issue,138,UPI,44,3.4,4.1
2024-07-26 20:09:00,CNR3724171069,Success,CID778349,Bike,MG Road,Banashankari,119.0,50.0,Not Applicable,Not Applicable,No,Not Applicable,425,Cash,39,3.8,3.7
2024-07-01 16:12:00,CNR6064905224,Success,CID747385,Mini,KR Puram,Hulimavu,140.0,125.0,Not Applicable,Not Applicable,No,Not Applicable,943,Cash,8,3.4,4.2
2024-07-19 04:23:00,CNR7129988971,Success,CID932521,Bike,Basavanagudi,KR Puram,231.0,65.0,Not Applicable,Not Applicable,No,Not Applicable,230,Cash,36,3.3,3.1
2024-07-19 22:40:00,CNR5904784552,Success,CID989029,Mini,Majestic,Hulimavu,49.0,30.0,Not Applicable,Not Applicable,No,Not Applicable,834,Credit Card,5,3.9,3.5
2024-07-01 07:42:00,CNR2333748145,Success,CID452400,Prime Plus,Ramamurthy Nagar,BTM Layout,133.0,40.0,Not Applicable,Not Applicable,Yes,Customer Demand,1212,UPI,24,4.1,4.1
2024-07-19 10:53:00,CNR1191611094,Success,CID326934,Prime SUV,Magadi Road,Shantinagar,84.0,40.0,Not Applicable,Not Applicable,No,Not Applicable,429,Cash,7,4.3,4.6
2024-07-29 23:00:00,CNR6330906769,Driver Not Found,CID318720,Prime Sedan,Richmond Town,Electronic City,,,Not Applicable,Not Applicable,Not Applicable,Not Applicable,480,Not Applicable,0,,
2024-07-25 07:48:00,CNR8610489675,Success,CID108583,Auto,BTM Layout,Hosur Road,91.0,25.0,Not Applicable,Not Applicable,No,Not Applicable,207,UPI,12,4.7,4.9
2024-07-13 21:30:00,CNR6612384384,Success,CID729858,eBike,Basavanagudi,Rajajinagar,70.0,40.0,Not Applicable,Not Applicable,No,Not Applicable,317,UPI,23,4.4,4.6
2024-07-28 01:45:00,CNR6773734291,Success,CID314103,Prime Plus,Bellandur,Majestic,273.0,90.0,Not Applicable,Not Applicable,No,Not Applicable,342,Cash,48,4.9,4.2
2024-07-17 19:53:00,CNR6942641820,Success,CID852504,eBike,Yelahanka,Frazer Town,308.0,70.0,Not Applicable,Not Applicable,No,Not Applicable,485,Cash,27,3.8,4.5
2024-07-10 06:22:00,CNR4568851231,Canceled by Customer,CID610721,eBike,Nagarbhavi,Koramangala,,,Driver asked to cancel,Not Applicable,Not Applicable,Not Applicable,325,Not Applicable,0,,
2024-07-01 18:12:00,CNR9718788678,Success,CID298527,eBike,Hennur,Marathahalli,182.0,120.0,Not Applicable,Not Applicable,No,Not Applicable,945,Credit Card,26,3.3,4.0
2024-07-25 18:48:00,CNR8210002642,Canceled by Driver,CID746234,Auto,Nagarbhavi,Kammanahalli,,,Not Applicable,Customer related issue,Not Applicable,Not Applicable,436,Not Applicable,0,,
2024-07-30 19:36:00,CNR2253355297,Success,CID360951,Auto,HSR Layout,Tumkur Road,203.0,130.0,Not Applicable,Not Applicable,No,Not Applicable,783,UPI,10,3.6,4.9
2024-07-11 10:32:00,CNR4338753600,Driver Not Found,CID941077,eBike,Yelahanka,Langford Town,,,Not Applicable,Not Applicable,Not Applicable,Not Applicable,354,Not Applicable,0,,
2024-07-09 21:27:00,CNR7274306593,Canceled by Customer,CID829062,Prime SUV,Frazer Town,Kammanahalli,,,Driver asked to cancel,Not Applicable,Not Applicable,Not Applicable,299,Not Applicable,0,,
2024-07-12 20:58:00,CNR4965757588,Canceled by Driver,CID475750,Mini,Shivajinagar,Yeshwanthpur,,,Not Applicable,Customer was coughing/sick,Not Applicable,Not Applicable,282,Not Applicable,0,,
2024-07-05 10:02:00,CNR9370528148,Canceled by Customer,CID473171,Prime SUV,Whitefield,Cox Town,,,AC is Not working,Not Applicable,Not Applicable,Not Applicable,653,Not Applicable,0,,
2024-07-21 11:01:00,CNR2386057548,Canceled by Driver,CID237244,Prime Plus,Chamarajpet,Yeshwanthpur,,,Not Applicable,Customer was coughing/sick,Not Applicable,Not Applicable,316,Not Applicable,0,,
2024-07-29 11:14:00,CNR1481320415,Success,CID966549,Bike,Frazer Town,Sarjapur Road,119.0,65.0,Not Applicable,Not Applicable,No,Not Applicable,757,UPI,35,4.0,3.5
2024-07-11 22:41:00,CNR1530884881,Success,CID840877,Auto,JP Nagar,Sahakar Nagar,105.0,75.0,Not Applicable,Not Applicable,No,Not Applicable,396,Cash,5,3.0,4.1
2024-07-26 02:00:00,CNR9719529446,Success,CID374385,Prime Plus,MG Road,Electronic City,91.0,85.0,Not Applicable,Not Applicable,No,Not Applicable,341,UPI,11,3.6,3.8
2024-07-20 02:51:00,CNR4970292062,Canceled by Driver,CID404487,Auto,Kammanahalli,Rajajinagar,,,Not Applicable,More than permitted people in there,Not Applicable,Not Applicable,519,Not Applicable,0,,
2024-07-06 17:25:00,CNR3868701009,Canceled by Driver,CID933841,Bike,Peenya,HSR Layout,,,Not Applicable,Customer was coughing/sick,Not Applicable,Not Applicable,295,Not Applicable,0,,
2024-07-15 16:16:00,CNR6856685098,Success,CID951496,Prime Plus,Devanahalli,Shivajinagar,133.0,80.0,Not Applicable,Not Applicable,Yes,Vehicle Breakdown,133,Cash,15,3.7,3.5
2024-07-14 14:29:00,CNR8266585232,Success,CID598051,Prime Sedan,Whitefield,Rajarajeshwari Nagar,238.0,65.0,Not Applicable,Not Applicable,No,Not Applicable,473,Cash,39,3.9,3.6
2024-07-25 17:49:00,CNR8843612775,Success,CID204093,Mini,Chamarajpet,Richmond Town,301.0,80.0,Not Applicable,Not Applicable,No,Not Applicable,945,Cash,11,3.2,4.1
2024-07-12 07:18:00,CNR2261013246,Canceled by Customer,CID355229,Bike,Nagarbhavi,JP Nagar,,,Change of plans,Not Applicable,Not Applicable,Not Applicable,840,Not Applicable,0,,
2024-07-03 22:45:00,CNR5003455080,Success,CID764799,Bike,Hebbal,Koramangala,84.0,115.0,Not Applicable,Not Applicable,No,Not Applicable,346,Cash,44,3.6,3.4
2024-07-09 16:05:00,CNR7401845301,Canceled by Customer,CID253937,Auto,Rajarajeshwari Nagar,BTM Layout,,,AC is Not working,Not Applicable,Not Applicable,Not Applicable,251,Not Applicable,0,,
2024-07-19 14:13:00,CNR6678564552,Success,CID248748,Prime Sedan,Shivajinagar,KR Puram,84.0,65.0,Not Applicable,Not Applicable,No,Not Applicable,396,UPI,22,4.5,4.4
2024-07-25 01:46:00,CNR4142170534,Driver Not Found,CID955118,Prime SUV,Mysore Road,Cox Town,,,Not Applicable,Not Applicable,Not Applicable,Not Applicable,340,Not Applicable,0,,
2024-07-30 05:40:00,CNR1222689900,Success,CID906714,eBike,JP Nagar,Ulsoor,252.0,110.0,Not Applicable,Not Applicable,No,Not Applicable,516,Cash,13,3.5,3.8
2024-07-06 13:11:00,CNR9540830684,Driver Not Found,CID358320,Prime Sedan,Koramangala,Ramamurthy Nagar,,,Not Applicable,Not Applicable,Not Applicable,Not Applicable,317,Not Applicable,0,,
2024-07-27 18:46:00,CNR3291565784,Success,CID508170,Prime Plus,Basavanagudi,Hulimavu,70.0,80.0,Not Applicable,Not Applicable,No,Not Applicable,286,UPI,3,4.6,3.9
2024-07-04 13:15:00,CNR4761119126,Canceled by Driver,CID430701,Prime SUV,Magadi Road,Devanahalli,,,Not Applicable,Personal & Car related issue,Not Applicable,Not Applicable,371,Not Applicable,0,,
2024-07-07 23:41:00,CNR1461934215,Canceled by Customer,CID428599,Prime SUV,Rajajinagar,Frazer Town,,,Driver asked to cancel,Not Applicable,Not Applicable,Not Applicable,317,Not Applicable,0,,
2024-07-02 23:55:00,CNR6790174971,Success,CID441250,Mini,Padmanabhanagar,RT Nagar,70.0,65.0,Not Applicable,Not Applicable,No,Not Applicable,1394,UPI,2,4.4,4.9
2024-07-08 15:20:00,CNR8594705680,Success,CID554617,Auto,Mysore Road,Tumkur Road,280.0,140.0,Not Applicable,Not Applicable,No,Not Applicable,305,UPI,15,4.4,4.7
2024-07-08 12:50:00,CNR7579412447,Canceled by Driver,CID335121,eBike,Sahakar Nagar,Electronic City,,,Not Applicable,Personal & Car related issue,Not Applicable,Not Applicable,290,Not Applicable,0,,
2024-07-25 10:33:00,CNR2822059177,Success,CID696968,Mini,Hulimavu,Varthur,105.0,100.0,Not Applicable,Not Applicable,Yes,Customer Demand,2045,Cash,3,4.1,4.9
2024-07-15 18:22:00,CNR1602000509,Success,CID515686,Prime Sedan,BTM Layout,Padmanabhanagar,294.0,120.0,Not Applicable,Not Applicable,Yes,Vehicle Breakdown,256,Cash,2,3.4,4.2
2024-07-10 09:50:00,CNR6151684424,Canceled by Customer,CID256011,Prime Plus,KR Puram,Ramamurthy Nagar,,,AC is Not working,Not Applicable,Not Applicable,Not Applicable,104,Not Applicable,0,,
2024-07-20 04:10:00,CNR2262162826,Success,CID555284,Auto,Richmond Town,Ramamurthy Nagar,84.0,75.0,Not Applicable,Not Applicable,No,Not Applicable,493,UPI,9,3.7,5.0
2024-07-14 23:43:00,CNR3216339354,Canceled by Customer,CID448739,Prime SUV,Devanahalli,Vijayanagar,,,Driver is not moving towards pickup location,Not Applicable,Not Applicable,Not Applicable,379,Not Applicable,0,,
2024-07-08 04:26:00,CNR1449611615,Success,CID617261,Bike,Whitefield,Ramamurthy Nagar,287.0,145.0,Not Applicable,Not Applicable,Yes,Customer Demand,594,Cash,14,4.1,3.6
2024-07-14 01:58:00,CNR6701512620,Success,CID334889,Prime SUV,JP Nagar,Whitefield,189.0,80.0,Not Applicable,Not Applicable,No,Not Applicable,191,Cash,21,4.0,3.2
2024-07-19 03:21:00,CNR2235670541,Success,CID297742,Mini,Hulimavu,Sarjapur Road,35.0,115.0,Not Applicable,Not Applicable,No,Not Applicable,228,Cash,48,3.4,3.5
2024-07-02 08:20:00,CNR2174983516,Success,CID559867,Prime SUV,Mysore Road,Padmanabhanagar,147.0,95.0,Not Applicable,Not Applicable,No,Not Applicable,893,UPI,8,3.9,3.7
2024-07-12 22:54:00,CNR2597768005,Success,CID297009,eBike,Sarjapur Road,RT Nagar,35.0,120.0,Not Applicable,Not Applicable,No,Not Applicable,221,Cash,28,4.5,4.1
2024-07-09 20:49:00,CNR7431205384,Driver Not Found,CID540919,Bike,Richmond Town,Magadi Road,,,Not Applicable,Not Applicable,Not Applicable,Not Applicable,134,Not Applicable,0,,
2024-07-16 09:35:00,CNR1841490308,Canceled by Driver,CID575294,eBike,Marathahalli,Vijayanagar,,,Not Applicable,Personal & Car related issue,Not Applicable,Not Applicable,182,Not Applicable,0,,
2024-07-29 03:53:00,CNR2793112107,Success,CID214878,Auto,Chamarajpet,Jayanagar,196.0,140.0,Not Applicable,Not Applicable,No,Not Applicable,499,Cash,17,4.6,4.9
2024-07-07 10:59:00,CNR8509124391,Success,CID839365,Prime Plus,Hebbal,Malleshwaram,259.0,40.0,Not Applicable,Not Applicable,Yes,Customer Demand,464,Cash,4,3.8,4.3
2024-07-21 07:35:00,CNR7063055782,Success,CID125755,Prime Sedan,Varthur,Sahakar Nagar,245.0,45.0,Not Applicable,Not Applicable,No,Not Applicable,263,UPI,11,3.6,4.2
2024-07-11 11:10:00,CNR1401438082,Success,CID170933,Prime SUV,Kadugodi,Peenya,84.0,140.0,Not Applicable,Not Applicable,No,Not Applicable,489,Cash,6,4.3,4.1
2024-07-08 06:35:00,CNR3868875826,Canceled by Driver,CID192245,Mini,Cox Town,Ramamurthy Nagar,,,Not Applicable,Customer was coughing/sick,Not Applicable,Not Applicable,525,Not Applicable,0,,
2024-07-09 02:57:00,CNR5812602675,Success,CID894211,Prime Plus,Shantinagar,Koramangala,105.0,40.0,Not Applicable,Not Applicable,No,Not Applicable,106,Cash,22,4.1,4.4
2024-07-23 10:37:00,CNR9344476338,Canceled by Driver,CID445328,Mini,Whitefield,Malleshwaram,,,Not Applicable,More than permitted people in there,Not Applicable,Not Applicable,297,Not Applicable,0,,
2024-07-12 11:42:00,CNR3992306718,Success,CID924452,Prime Plus,JP Nagar,Kadugodi,210.0,140.0,Not Applicable,Not Applicable,No,Not Applicable,429,Cash,23,3.2,5.0
2024-07-27 09:20:00,CNR2117308084,Success,CID650109,Mini,Ulsoor,BTM Layout,266.0,75.0,Not Applicable,Not Applicable,Yes,Customer Demand,753,Cash,36,3.1,3.2
2024-07-24 00:45:00,CNR4798540186,Success,CID114402,Prime Plus,RT Nagar,HSR Layout,77.0,115.0,Not Applicable,Not Applicable,No,Not Applicable,259,Credit Card,3,3.3,4.6
2024-07-25 03:38:00,CNR1806762411,Success,CID276366,Prime SUV,KR Puram,Whitefield,84.0,55.0,Not Applicable,Not Applicable,No,Not Applicable,453,Cash,30,4.5,4.7
2024-07-25 10:08:00,CNR9844369444,Success,CID373383,Bike,Hulimavu,Whitefield,154.0,50.0,Not Applicable,Not Applicable,No,Not Applicable,1071,Cash,35,3.8,3.2
2024-07-06 07:06:00,CNR8585671950,Canceled by Customer,CID159775,Mini,KR Puram,Peenya,,,Wrong Address,Not Applicable,Not Applicable,Not Applicable,344,Not Applicable,0,,
2024-07-14 10:07:00,CNR8564173981,Success,CID205330,Mini,Kengeri,Ulsoor,280.0,105.0,Not Applicable,Not Applicable,No,Not Applicable,197,Cash,24,3.5,4.2
2024-07-28 20:07:00,CNR7425004685,Success,CID391923,eBike,HSR Layout,KR Puram,70.0,130.0,Not Applicable,Not Applicable,No,Not Applicable,230,UPI,28,4.9,3.4
2024-07-13 01:31:00,CNR7165354394,Success,CID771891,Mini,Shantinagar,Chickpet,70.0,125.0,Not Applicable,Not Applicable,No,Not Applicable,451,UPI,15,4.6,3.3
2024-07-27 04:53:00,CNR3411081154,Canceled by Customer,CID933815,Prime Plus,Rajarajeshwari Nagar,Richmond Town,,,Driver asked to cancel,Not Applicable,Not Applicable,Not Applicable,472,Not Applicable,0,,
2024-07-24 12:24:00,CNR7940807599,Driver Not Found,CID966403,Bike,Peenya,Kengeri,,,Not Applicable,Not Applicable,Not Applicable,Not Applicable,126,Not Applicable,0,,
2024-07-03 21:09:00,CNR2287324106,Success,CID209577,Prime Sedan,Hennur,Shantinagar,119.0,65.0,Not Applicable,Not Applicable,No,Not Applicable,214,Cash,3,4.9,3.2
2024-07-20 22:53:00,CNR7544087998,Success,CID227701,Prime SUV,Shantinagar,Tumkur Road,77.0,110.0,Not Applicable,Not Applicable,Yes,Vehicle Breakdown,135,Cash,4,4.4,3.7
2024-07-07 23:06:00,CNR2218084881,Success,CID329656,Auto,Frazer Town,Koramangala,161.0,60.0,Not Applicable,Not Applicable,No,Not Applicable,192,UPI,11,3.7,4.0
2024-07-20 00:28:00,CNR5078923638,Success,CID481092,Mini,Shantinagar,Chamarajpet,231.0,45.0,Not Applicable,Not Applicable,No,Not Applicable,341,Cash,18,4.0,4.6
2024-07-06 12:09:00,CNR9198521440,Success,CID886347,eBike,Kammanahalli,Cox Town,91.0,75.0,Not Applicable,Not Applicable,No,Not Applicable,335,Cash,22,4.8,3.4
2024-07-11 13:12:00,CNR1661275232,Success,CID840763,Prime Plus,Tumkur Road,HSR Layout,210.0,60.0,Not Applicable,Not Applicable,No,Not Applicable,158,UPI,2,4.7,3.0
2024-07-14 07:21:00,CNR6869901025,Success,CID866372,eBike,Malleshwaram,Frazer Town,154.0,75.0,Not Applicable,Not Applicable,No,Not Applicable,313,Cash,30,4.5,3.5
2024-07-04 10:49:00,CNR6774718977,Canceled by Driver,CID152967,eBike,Langford Town,Chamarajpet,,,Not Applicable,Customer was coughing/sick,Not Applicable,Not Applicable,486,Not Applicable,0,,
2024-07-22 08:04:00,CNR4512844641,Canceled by Driver,CID811754,Bike,Cox Town,Ramamurthy Nagar,,,Not Applicable,Customer was coughing/sick,Not Applicable,Not Applicable,175,Not Applicable,0,,
2024-07-19 11:08:00,CNR8664746000,Canceled by Driver,CID542118,Mini,Basavanagudi,Yeshwanthpur,,,Not Applicable,Personal & Car related issue,Not Applicable,Not Applicable,2677,Not Applicable,0,,
2024-07-21 22:02:00,CNR7814746654,Driver Not Found,CID861236,Prime SUV,Hosur Road,Peenya,,,Not Applicable,Not Applicable,Not Applicable,Not Applicable,558,Not Applicable,0,,
2024-07-07 19:38:00,CNR6512522547,Canceled by Driver,CID174876,Bike,Shivajinagar,Electronic City,,,Not Applicable,Personal & Car related issue,Not Applicable,Not Applicable,126,Not Applicable,0,,
2024-07-20 23:55:00,CNR1896056551,Canceled by Driver,CID150780,Mini,Frazer Town,Frazer Town,,,Not Applicable,Personal & Car related issue,Not Applicable,Not Applicable,1711,Not Applicable,0,,
2024-07-04 13:47:00,CNR1213379397,Canceled by Driver,CID734495,Bike,Nagarbhavi,Yelahanka,,,Not Applicable,More than permitted people in there,Not Applicable,Not Applicable,451,Not Applicable,0,,
2024-07-03 02:45:00,CNR3183788399,Success,CID701929,Mini,Marathahalli,Richmond Town,147.0,90.0,Not Applicable,Not Applicable,No,Not Applicable,675,Cash,27,3.3,4.8
2024-07-15 03:21:00,CNR7042190509,Success,CID444122,Prime Sedan,Shivajinagar,Kammanahalli,105.0,70.0,Not Applicable,Not Applicable,No,Not Applicable,378,Cash,4,3.1,3.7
2024-07-12 13:52:00,CNR7739122366,Canceled by Driver,CID634243,eBike,Hennur,Magadi Road,,,Not Applicable,Personal & Car related issue,Not Applicable,Not Applicable,241,Not Applicable,0,,
2024-07-01 00:14:00,CNR6305551338,Success,CID512943,Prime Sedan,Nagarbhavi,Richmond Town,70.0,125.0,Not Applicable,Not Applicable,No,Not Applicable,468,Cash,28,4.3,3.8
2024-07-26 19:22:00,CNR2676371118,Canceled by Customer,CID549179,eBike,Cox Town,Tumkur Road,,,Wrong Address,Not Applicable,Not Applicable,Not Applicable,269,Not Applicable,0,,
2024-07-20 19:28:00,CNR3382175312,Canceled by Driver,CID554882,Bike,Langford Town,Basavanagudi,,,Not Applicable,Personal & Car related issue,Not Applicable,Not Applicable,477,Not Applicable,0,,
2024-07-01 06:50:00,CNR6552397221,Success,CID619265,Auto,Bannerghatta Road,Hulimavu,56.0,135.0,Not Applicable,Not Applicable,No,Not Applicable,332,UPI,7,3.6,3.4
2024-07-16 21:37:00,CNR9630463495,Success,CID234121,Prime SUV,Cox Town,Langford Town,245.0,90.0,Not Applicable,Not Applicable,Yes,Other Issue,788,UPI,45,3.5,4.6
2024-07-08 22:58:00,CNR1358129405,Success,CID993162,eBike,MG Road,Malleshwaram,294.0,40.0,Not Applicable,Not Applicable,No,Not Applicable,684,Cash,11,4.0,3.6
2024-07-19 01:29:00,CNR4327317092,Success,CID194158,Auto,Kammanahalli,Marathahalli,91.0,145.0,Not Applicable,Not Applicable,No,Not Applicable,277,Cash,6,3.8,4.9
2024-07-11 02:52:00,CNR3639278737,Canceled by Customer,CID436666,Auto,Indiranagar,Indiranagar,,,Wrong Address,Not Applicable,Not Applicable,Not Applicable,431,Not Applicable,0,,
2024-07-21 06:24:00,CNR7138119689,Canceled by Driver,CID363718,Bike,KR Puram,Ramamurthy Nagar,,,Not Applicable,Personal & Car related issue,Not Applicable,Not Applicable,225,Not Applicable,0,,
2024-07-07 15:16:00,CNR4222205698,Success,CID647089,Prime Sedan,RT Nagar,Hosur Road,154.0,140.0,Not Applicable,Not Applicable,No,Not Applicable,570,UPI,10,4.4,3.8
2024-07-01 14:26:00,CNR9174901429,Success,CID478092,eBike,Electronic City,MG Road,42.0,130.0,Not Applicable,Not Applicable,No,Not Applicable,318,UPI,25,3.0,4.1
2024-07-26 05:30:00,CNR7473984004,Success,CID248547,Auto,Yelahanka,Yelahanka,259.0,30.0,Not Applicable,Not Applicable,No,Not Applicable,785,Cash,15,3.2,3.2
2024-07-28 07:09:00,CNR5927723845,Success,CID777354,Prime Plus,Whitefield,Langford Town,84.0,35.0,Not Applicable,Not Applicable,No,Not Applicable,344,Cash,13,5.0,4.0
2024-07-20 15:09:00,CNR9189428636,Success,CID124158,eBike,Whitefield,Yelahanka,140.0,60.0,Not Applicable,Not Applicable,Yes,Other Issue,1304,Cash,37,3.5,4.8
2024-07-16 21:32:00,CNR7616960663,Success,CID198493,Bike,Richmond Town,Frazer Town,133.0,135.0,Not Applicable,Not Applicable,No,Not Applicable,736,UPI,18,4.8,3.7
2024-07-09 09:06:00,CNR5528300350,Canceled by Driver,CID623279,Mini,Hosur Road,Sahakar Nagar,,,Not Applicable,Customer related issue,Not Applicable,Not Applicable,487,Not Applicable,0,,
2024-07-24 07:17:00,CNR6161849531,Canceled by Customer,CID110550,Prime Plus,HSR Layout,Varthur,,,Change of plans,Not Applicable,Not Applicable,Not Applicable,389,Not Applicable,0,,
2024-07-25 11:49:00,CNR3241535848,Success,CID598975,Mini,Vijayanagar,BTM Layout,266.0,65.0,Not Applicable,Not Applicable,No,Not Applicable,674,UPI,8,3.4,3.1
2024-07-13 15:23:00,CNR3506647563,Success,CID739995,eBike,Nagarbhavi,Kengeri,119.0,90.0,Not Applicable,Not Applicable,No,Not Applicable,145,Cash,8,4.8,3.1
2024-07-05 06:17:00,CNR1399331223,Canceled by Customer,CID885453,Prime Sedan,Yelahanka,Yelahanka,,,Wrong Address,Not Applicable,Not Applicable,Not Applicable,408,Not Applicable,0,,
2024-07-30 18:15:00,CNR6382089234,Canceled by Driver,CID285601,Mini,Banashankari,Whitefield,,,Not Applicable,Customer related issue,Not Applicable,Not Applicable,483,Not Applicable,0,,
2024-07-25 17:34:00,CNR5091777235,Canceled by Driver,CID873165,Prime Sedan,Bannerghatta Road,Yeshwanthpur,,,Not Applicable,Personal & Car related issue,Not Applicable,Not Applicable,190,Not Applicable,0,,
2024-07-19 23:48:00,CNR5532311776,Driver Not Found,CID667983,Bike,Marathahalli,Mysore Road,,,Not Applicable,Not Applicable,Not Applicable,Not Applicable,204,Not Applicable,0,,
2024-07-02 16:01:00,CNR4954629111,Success,CID487527,Prime Plus,Chickpet,Peenya,70.0,145.0,Not Applicable,Not Applicable,No,Not Applicable,538,Cash,46,3.2,3.7
2024-07-24 15:21:00,CNR2133303970,Canceled by Customer,CID213091,Prime SUV,Koramangala,Malleshwaram,,,Driver is not moving towards pickup location,Not Applicable,Not Applicable,Not Applicable,126,Not Applicable,0,,
2024-07-13 13:03:00,CNR3873343867,Canceled by Driver,CID405996,Prime Sedan,Hosur Road,Chickpet,,,Not Applicable,Personal & Car related issue,Not Applicable,Not Applicable,130,Not Applicable,0,,
2024-07-22 02:05:00,CNR1916170869,Success,CID728594,Auto,Vijayanagar,Shantinagar,287.0,95.0,Not Applicable,Not Applicable,No,Not Applicable,235,UPI,16,3.7,4.2
2024-07-06 13:01:00,CNR6774354412,Success,CID556532,Bike,Bannerghatta Road,Frazer Town,161.0,35.0,Not Applicable,Not Applicable,No,Not Applicable,177,UPI,27,4.1,4.6
2024-07-17 05:29:00,CNR4935894427,Success,CID481982,Prime SUV,Bellandur,Indiranagar,77.0,85.0,Not Applicable,Not Applicable,No,Not Applicable,327,UPI,35,4.1,4.7
2024-07-25 07:29:00,CNR1193265073,Success,CID100070,Bike,Ulsoor,Majestic,294.0,75.0,Not Applicable,Not Applicable,No,Not Applicable,491,Cash,13,4.9,3.4
2024-07-03 17:09:00,CNR5945262287,Success,CID138231,Bike,Basavanagudi,Shantinagar,203.0,115.0,Not Applicable,Not Applicable,No,Not Applicable,168,UPI,35,4.5,3.4
2024-07-07 16:43:00,CNR2865540398,Success,CID197998,Auto,Basavanagudi,HSR Layout,245.0,130.0,Not Applicable,Not Applicable,No,Not Applicable,475,UPI,19,4.9,3.8
2024-07-24 09:08:00,CNR4073979087,Driver Not Found,CID662462,Prime Plus,Sarjapur Road,Peenya,,,Not Applicable,Not Applicable,Not Applicable,Not Applicable,306,Not Applicable,0,,
2024-07-23 03:49:00,CNR6475924773,Success,CID517680,Bike,Jayanagar,Bannerghatta Road,217.0,120.0,Not Applicable,Not Applicable,No,Not Applicable,477,UPI,16,5.0,3.4
2024-07-09 14:02:00,CNR4893966445,Success,CID978679,eBike,MG Road,BTM Layout,147.0,30.0,Not Applicable,Not Applicable,No,Not Applicable,172,UPI,33,4.2,3.3
2024-07-18 13:10:00,CNR5189316700,Success,CID634877,Prime Plus,Shivajinagar,MG Road,133.0,90.0,Not Applicable,Not Applicable,No,Not Applicable,292,UPI,14,3.2,4.1
2024-07-01 15:56:00,CNR2824155195,Canceled by Customer,CID542115,eBike,Nagarbhavi,Marathahalli,,,Change of plans,Not Applicable,Not Applicable,Not Applicable,366,Not Applicable,0,,
2024-07-04 11:15:00,CNR6244661580,Success,CID983701,eBike,Kengeri,Yeshwanthpur,105.0,65.0,Not Applicable,Not Applicable,No,Not Applicable,382,Cash,49,3.1,4.4
2024-07-29 09:30:00,CNR3283253909,Driver Not Found,CID381926,Prime Plus,Varthur,Hulimavu,,,Not Applicable,Not Applicable,Not Applicable,Not Applicable,219,Not Applicable,0,,
2024-07-07 22:11:00,CNR9355659402,Success,CID263810,Bike,Mysore Road,Sahakar Nagar,182.0,95.0,Not Applicable,Not Applicable,No,Not Applicable,624,Credit Card,18,4.4,3.7
2024-07-16 17:22:00,CNR8408092981,Canceled by Customer,CID287504,Prime SUV,Rajajinagar,Tumkur Road,,,Driver asked to cancel,Not Applicable,Not Applicable,Not Applicable,430,Not Applicable,0,,
2024-07-25 00:33:00,CNR6227506080,Success,CID833206,Bike,Hosur Road,Shivajinagar,168.0,45.0,Not Applicable,Not Applicable,No,Not Applicable,835,Cash,6,3.7,4.1
2024-07-14 00:38:00,CNR5398508232,Success,CID451407,eBike,MG Road,Chickpet,217.0,90.0,Not Applicable,Not Applicable,No,Not Applicable,765,Cash,10,3.3,4.3
2024-07-01 01:33:00,CNR1384262835,Success,CID734106,Mini,Shantinagar,Richmond Town,175.0,135.0,Not Applicable,Not Applicable,No,Not Applicable,852,UPI,41,4.9,4.1
2024-07-26 00:55:00,CNR8077002511,Driver Not Found,CID723549,eBike,Hosur Road,Koramangala,,,Not Applicable,Not Applicable,Not Applicable,Not Applicable,289,Not Applicable,0,,
2024-07-06 03:41:00,CNR6435910042,Success,CID943888,Auto,Nagarbhavi,Hebbal,105.0,130.0,Not Applicable,Not Applicable,No,Not Applicable,493,UPI,8,3.6,3.5
2024-07-29 19:41:00,CNR3904093598,Success,CID125801,Bike,Ulsoor,HSR Layout,154.0,50.0,Not Applicable,Not Applicable,Yes,Vehicle Breakdown,114,UPI,1,3.8,4.4
2024-07-28 12:09:00,CNR1770969805,Canceled by Customer,CID259009,Prime SUV,Bellandur,Yeshwanthpur,,,AC is Not working,Not Applicable,Not Applicable,Not Applicable,1139,Not Applicable,0,,
2024-07-26 08:45:00,CNR5315586422,Canceled by Customer,CID250898,eBike,Whitefield,Frazer Town,,,Driver asked to cancel,Not Applicable,Not Applicable,Not Applicable,521,Not Applicable,0,,
2024-07-14 14:45:00,CNR6420665034,Success,CID646633,Prime Plus,MG Road,JP Nagar,210.0,120.0,Not Applicable,Not Applicable,No,Not Applicable,209,UPI,26,4.7,3.8
2024-07-27 04:51:00,CNR2123414651,Success,CID568711,Prime SUV,Bellandur,Kengeri,301.0,85.0,Not Applicable,Not Applicable,No,Not Applicable,390,UPI,18,4.7,4.0
2024-07-27 19:22:00,CNR6441202137,Success,CID435208,Prime Sedan,Basavanagudi,Ulsoor,217.0,115.0,Not Applicable,Not Applicable,No,Not Applicable,702,Cash,1,4.2,4.4
2024-07-28 10:20:00,CNR7406214659,Canceled by Driver,CID506984,Mini,Vijayanagar,Sahakar Nagar,,,Not Applicable,Customer related issue,Not Applicable,Not Applicable,485,Not Applicable,0,,
2024-07-03 16:58:00,CNR5418385100,Success,CID585366,Auto,Hulimavu,Tumkur Road,91.0,30.0,Not Applicable,Not Applicable,No,Not Applicable,535,UPI,18,3.1,4.3
2024-07-01 12:47:00,CNR3761846072,Canceled by Driver,CID255347,Mini,Tumkur Road,Shantinagar,,,Not Applicable,Personal & Car related issue,Not Applicable,Not Applicable,201,Not Applicable,0,,
2024-07-15 16:13:00,CNR1715479060,Success,CID234241,eBike,Chickpet,Hennur,196.0,130.0,Not Applicable,Not Applicable,No,Not Applicable,426,Cash,47,3.8,3.1
2024-07-29 05:33:00,CNR5236947917,Success,CID665164,Prime SUV,Rajarajeshwari Nagar,Vijayanagar,154.0,30.0,Not Applicable,Not Applicable,No,Not Applicable,433,UPI,17,3.8,4.9
2024-07-16 19:51:00,CNR3536313643,Success,CID419053,Auto,Chickpet,Shivajinagar,182.0,120.0,Not Applicable,Not Applicable,No,Not Applicable,385,UPI,7,4.0,4.4
2024-07-22 07:42:00,CNR1060022887,Canceled by Driver,CID305774,Mini,Magadi Road,Kadugodi,,,Not Applicable,Customer related issue,Not Applicable,Not Applicable,398,Not Applicable,0,,
2024-07-13 12:39:00,CNR3328030103,Success,CID669280,Bike,Sahakar Nagar,Jayanagar,273.0,90.0,Not Applicable,Not Applicable,No,Not Applicable,241,UPI,37,4.8,3.0
2024-07-18 05:33:00,CNR7474293324,Driver Not Found,CID664895,Mini,Koramangala,Mysore Road,,,Not Applicable,Not Applicable,Not Applicable,Not Applicable,929,Not Applicable,0,,
2024-07-19 17:48:00,CNR8569608370,Success,CID302913,Mini,Devanahalli,Yelahanka,126.0,140.0,Not Applicable,Not Applicable,No,Not Applicable,110,Cash,37,3.4,3.5
2024-07-15 11:58:00,CNR2576723012,Driver Not Found,CID791016,Auto,Richmond Town,Bellandur,,,Not Applicable,Not Applicable,Not Applicable,Not Applicable,1518,Not Applicable,0,,
2024-07-25 21:16:00,CNR7868713611,Driver Not Found,CID273501,Bike,Devanahalli,Kadugodi,,,Not Applicable,Not Applicable,Not Applicable,Not Applicable,414,Not Applicable,0,,
2024-07-08 04:22:00,CNR6742367313,Success,CID104635,Prime SUV,Sahakar Nagar,Ramamurthy Nagar,133.0,65.0,Not Applicable,Not Applicable,No,Not Applicable,397,UPI,15,3.3,4.6
2024-07-07 19:33:00,CNR9272147396,Canceled by Driver,CID517342,eBike,Ramamurthy Nagar,Richmond Town,,,Not Applicable,Personal & Car related issue,Not Applicable,Not Applicable,240,Not Applicable,0,,
2024-07-15 01:03:00,CNR9143535311,Success,CID851949,Bike,Electronic City,Sarjapur Road,294.0,145.0,Not Applicable,Not Applicable,No,Not Applicable,101,Cash,48,3.8,3.1
2024-07-23 00:33:00,CNR7545683136,Canceled by Driver,CID512720,Bike,Jayanagar,Padmanabhanagar,,,Not Applicable,Customer was coughing/sick,Not Applicable,Not Applicable,254,Not Applicable,0,,
2024-07-20 12:04:00,CNR1335058396,Success,CID890278,Bike,Kammanahalli,Devanahalli,238.0,135.0,Not Applicable,Not Applicable,No,Not Applicable,332,Cash,47,3.9,3.6
2024-07-07 11:37:00,CNR9501123224,Driver Not Found,CID895358,Prime Sedan,Vijayanagar,Devanahalli,,,Not Applicable,Not Applicable,Not Applicable,Not Applicable,245,Not Applicable,0,,
2024-07-09 10:26:00,CNR2453633774,Success,CID466854,Auto,Hebbal,Richmond Town,126.0,80.0,Not Applicable,Not Applicable,No,Not Applicable,935,Cash,11,4.6,4.2
2024-07-26 07:05:00,CNR2553080617,Canceled by Driver,CID531344,Mini,Kadugodi,Kadugodi,,,Not Applicable,More than permitted people in there,Not Applicable,Not Applicable,176,Not Applicable,0,,
2024-07-04 19:24:00,CNR1097362487,Success,CID508231,Mini,Nagarbhavi,Kadugodi,119.0,120.0,Not Applicable,Not Applicable,Yes,Vehicle Breakdown,957,UPI,37,4.0,4.7
2024-07-19 11:25:00,CNR7597169326,Success,CID425959,Prime Plus,HSR Layout,Ramamurthy Nagar,273.0,125.0,Not Applicable,Not Applicable,No,Not Applicable,315,UPI,39,4.4,3.1
2024-07-23 15:37:00,CNR7909104745,Success,CID178271,Auto,Whitefield,Bellandur,77.0,140.0,Not Applicable,Not Applicable,No,Not Applicable,126,UPI,14,4.2,3.7
2024-07-02 18:56:00,CNR8793866121,Success,CID772614,Mini,Hebbal,Nagarbhavi,238.0,70.0,Not Applicable,Not Applicable,No,Not Applicable,105,UPI,36,4.4,4.8
2024-07-29 01:11:00,CNR5068986650,Canceled by Customer,CID480101,Prime Sedan,KR Puram,Padmanabhanagar,,,Driver asked to cancel,Not Applicable,Not Applicable,Not Applicable,183,Not Applicable,0,,
2024-07-23 22:24:00,CNR4826069880,Canceled by Driver,CID380396,Mini,Magadi Road,Mysore Road,,,Not Applicable,Customer was coughing/sick,Not Applicable,Not Applicable,487,Not Applicable,0,,
2024-07-15 12:30:00,CNR5990592196,Driver Not Found,CID499074,Prime Sedan,Chamarajpet,Rajajinagar,,,Not Applicable,Not Applicable,Not Applicable,Not Applicable,973,Not Applicable,0,,
2024-07-02 01:04:00,CNR6354629322,Success,CID216262,Mini,Chickpet,Majestic,273.0,140.0,Not Applicable,Not Applicable,No,Not Applicable,103,UPI,16,4.8,4.7
2024-07-12 02:16:00,CNR6497660853,Success,CID650756,Auto,Indiranagar,Shivajinagar,70.0,60.0,Not Applicable,Not Applicable,No,Not Applicable,291,Cash,5,4.6,3.1
2024-07-25 23:00:00,CNR2979397162,Success,CID238365,Mini,JP Nagar,Basavanagudi,252.0,135.0,Not Applicable,Not Applicable,No,Not Applicable,327,Debit Card,26,4.0,4.1
2024-07-04 10:47:00,CNR7449099766,Success,CID996778,Prime SUV,Shantinagar,Ulsoor,147.0,100.0,Not Applicable,Not Applicable,No,Not Applicable,452,UPI,34,4.5,3.5
2024-07-28 15:18:00,CNR7910232787,Canceled by Driver,CID655351,Prime SUV,Magadi Road,Hebbal,,,Not Applicable,Personal & Car related issue,Not Applicable,Not Applicable,315,Not Applicable,0,,
2024-07-20 04:28:00,CNR7461286102,Success,CID543890,eBike,Electronic City,Whitefield,91.0,50.0,Not Applicable,Not Applicable,No,Not Applicable,307,Cash,32,4.6,4.4
2024-07-16 18:13:00,CNR8253212925,Canceled by Driver,CID927894,Prime SUV,Chickpet,Devanahalli,,,Not Applicable,Customer related issue,Not Applicable,Not Applicable,416,Not Applicable,0,,
2024-07-21 21:01:00,CNR8442032446,Success,CID774462,Bike,Malleshwaram,KR Puram,105.0,135.0,Not Applicable,Not Applicable,No,Not Applicable,861,UPI,4,3.5,4.9
2024-07-14 23:00:00,CNR7454712089,Success,CID187437,Auto,Hennur,Nagarbhavi,259.0,140.0,Not Applicable,Not Applicable,No,Not Applicable,329,UPI,2,3.2,3.8
2024-07-17 01:12:00,CNR5258386073,Canceled by Driver,CID243968,eBike,Jayanagar,Rajajinagar,,,Not Applicable,Personal & Car related issue,Not Applicable,Not Applicable,269,Not Applicable,0,,
2024-07-01 11:50:00,CNR8495973232,Canceled by Driver,CID790616,Mini,Shantinagar,Kadugodi,,,Not Applicable,Customer was coughing/sick,Not Applicable,Not Applicable,437,Not Applicable,0,,
2024-07-11 00:22:00,CNR7492378644,Canceled by Driver,CID512562,Prime SUV,Kammanahalli,Yelahanka,,,Not Applicable,Customer related issue,Not Applicable,Not Applicable,338,Not Applicable,0,,
2024-07-11 21:18:00,CNR5372531069,Canceled by Customer,CID866672,Prime SUV,Mysore Road,Electronic City,,,Driver is not moving towards pickup location,Not Applicable,Not Applicable,Not Applicable,1578,Not Applicable,0,,
2024-07-08 01:24:00,CNR5606671620,Success,CID893494,Prime Plus,Marathahalli,Hennur,70.0,70.0,Not Applicable,Not Applicable,No,Not Applicable,233,Cash,12,4.3,4.4
2024-07-28 15:41:00,CNR8945070753,Driver Not Found,CID204566,Prime Plus,Hebbal,Banashankari,,,Not Applicable,Not Applicable,Not Applicable,Not Applicable,298,Not Applicable,0,,
2024-07-23 21:51:00,CNR1092906717,Canceled by Driver,CID112397,Prime Sedan,BTM Layout,Basavanagudi,,,Not Applicable,Personal & Car related issue,Not Applicable,Not Applicable,1067,Not Applicable,0,,
2024-07-01 09:41:00,CNR4393897188,Success,CID829858,Mini,Ramamurthy Nagar,Richmond Town,168.0,40.0,Not Applicable,Not Applicable,No,Not Applicable,323,UPI,25,3.9,3.4
2024-07-02 02:40:00,CNR7054031726,Success,CID846912,Auto,Hebbal,Bannerghatta Road,147.0,65.0,Not Applicable,Not Applicable,No,Not Applicable,135,UPI,11,4.3,3.3
2024-07-30 07:03:00,CNR7928768825,Success,CID951745,Bike,Bannerghatta Road,Sahakar Nagar,105.0,115.0,Not Applicable,Not Applicable,No,Not Applicable,139,UPI,41,5.0,3.5
2024-07-26 07:31:00,CNR2462993360,Canceled by Driver,CID877267,Prime Plus,Majestic,KR Puram,,,Not Applicable,Customer related issue,Not Applicable,Not Applicable,205,Not Applicable,0,,
2024-07-14 02:51:00,CNR9518847198,Success,CID878593,Prime Plus,Sarjapur Road,KR Puram,210.0,90.0,Not Applicable,Not Applicable,No,Not Applicable,391,Credit Card,38,3.5,4.0
2024-07-03 01:01:00,CNR2269694258,Canceled by Driver,CID307404,Bike,Bellandur,Tumkur Road,,,Not Applicable,Personal & Car related issue,Not Applicable,Not Applicable,733,Not Applicable,0,,
2024-07-08 14:34:00,CNR3666756052,Success,CID218442,Bike,Basavanagudi,Sarjapur Road,224.0,55.0,Not Applicable,Not Applicable,No,Not Applicable,410,Cash,44,3.1,4.0
2024-07-01 22:28:00,CNR2999501893,Success,CID464250,Prime Sedan,RT Nagar,MG Road,294.0,95.0,Not Applicable,Not Applicable,No,Not Applicable,161,UPI,2,4.2,4.8
2024-07-10 05:21:00,CNR4650510655,Success,CID131289,Bike,Mysore Road,Langford Town,105.0,50.0,Not Applicable,Not Applicable,Yes,Customer Demand,292,Cash,32,3.5,3.3
2024-07-30 22:33:00,CNR5362961757,Canceled by Driver,CID595072,eBike,Kammanahalli,Devanahalli,,,Not Applicable,Customer related issue,Not Applicable,Not Applicable,491,Not Applicable,0,,
2024-07-23 12:31:00,CNR4651026212,Success,CID551415,Prime Sedan,Sahakar Nagar,Varthur,245.0,95.0,Not Applicable,Not Applicable,No,Not Applicable,791,Cash,4,4.9,4.2
2024-07-09 09:50:00,CNR2502072343,Canceled by Customer,CID822094,Prime Sedan,Rajarajeshwari Nagar,Mysore Road,,,Driver asked to cancel,Not Applicable,Not Applicable,Not Applicable,1868,Not Applicable,0,,
2024-07-27 01:38:00,CNR2213959398,Success,CID428470,Mini,Bannerghatta Road,Richmond Town,273.0,100.0,Not Applicable,Not Applicable,No,Not Applicable,497,Cash,7,3.9,5.0
2024-07-13 00:55:00,CNR5399293711,Canceled by Driver,CID317484,Prime SUV,Frazer Town,Ulsoor,,,Not Applicable,Personal & Car related issue,Not Applicable,Not Applicable,224,Not Applicable,0,,
2024-07-03 15:10:00,CNR7014567358,Success,CID454414,eBike,Chickpet,Nagarbhavi,259.0,110.0,Not Applicable,Not Applicable,No,Not Applicable,2665,Cash,10,3.7,5.0
2024-07-07 15:44:00,CNR5642058259,Driver Not Found,CID893590,eBike,JP Nagar,Peenya,,,Not Applicable,Not Applicable,Not Applicable,Not Applicable,2514,Not Applicable,0,,
2024-07-07 19:38:00,CNR4275986979,Success,CID199382,Prime Sedan,Bellandur,Kengeri,84.0,55.0,Not Applicable,Not Applicable,No,Not Applicable,278,Cash,4,3.7,3.0
2024-07-22 16:49:00,CNR6385048557,Canceled by Customer,CID713754,eBike,Electronic City,Malleshwaram,,,AC is Not working,Not Applicable,Not Applicable,Not Applicable,386,Not Applicable,0,,
2024-07-06 05:36:00,CNR9614509397,Success,CID134413,Bike,Electronic City,Ulsoor,168.0,85.0,Not Applicable,Not Applicable,No,Not Applicable,364,Cash,1,4.2,3.1
2024-07-26 02:10:00,CNR6777496787,Canceled by Driver,CID890195,Bike,RT Nagar,MG Road,,,Not Applicable,Customer related issue,Not Applicable,Not Applicable,218,Not Applicable,0,,
2024-07-21 03:46:00,CNR5372227730,Success,CID437702,Mini,Yelahanka,HSR Layout,224.0,120.0,Not Applicable,Not Applicable,No,Not Applicable,465,UPI,26,4.9,4.4
2024-07-13 09:35:00,CNR7595572049,Success,CID629430,Prime Plus,Devanahalli,Hennur,56.0,135.0,Not Applicable,Not Applicable,No,Not Applicable,208,Debit Card,40,3.5,4.8
2024-07-08 03:50:00,CNR3400287864,Canceled by Driver,CID529601,Prime Plus,Richmond Town,Hennur,,,Not Applicable,Customer was coughing/sick,Not Applicable,Not Applicable,138,Not Applicable,0,,
2024-07-30 23:09:00,CNR6835619199,Success,CID134993,eBike,Koramangala,Kadugodi,98.0,75.0,Not Applicable,Not Applicable,No,Not Applicable,438,UPI,30,4.5,3.9
2024-07-22 03:30:00,CNR3718652307,Success,CID174878,Prime SUV,Mysore Road,Ramamurthy Nagar,189.0,120.0,Not Applicable,Not Applicable,No,Not Applicable,162,UPI,28,4.9,3.3
2024-07-06 04:11:00,CNR3632169023,Canceled by Customer,CID731408,Prime SUV,Chickpet,Majestic,,,Change of plans,Not Applicable,Not Applicable,Not Applicable,147,Not Applicable,0,,
2024-07-20 06:56:00,CNR5695016553,Canceled by Driver,CID175980,Prime Plus,Majestic,Devanahalli,,,Not Applicable,Customer related issue,Not Applicable,Not Applicable,174,Not Applicable,0,,
2024-07-16 06:42:00,CNR2700990058,Canceled by Driver,CID960159,Mini,Mysore Road,Langford Town,,,Not Applicable,Personal & Car related issue,Not Applicable,Not Applicable,408,Not Applicable,0,,
2024-07-01 18:54:00,CNR8915669345,Canceled by Driver,CID753071,Prime Sedan,Hebbal,Hebbal,,,Not Applicable,Customer related issue,Not Applicable,Not Applicable,340,Not Applicable,0,,
2024-07-23 21:46:00,CNR9429929321,Canceled by Driver,CID985894,Bike,Hebbal,Yeshwanthpur,,,Not Applicable,Customer related issue,Not Applicable,Not Applicable,447,Not Applicable,0,,
2024-07-14 03:16:00,CNR9511553706,Success,CID563992,Auto,Tumkur Road,Frazer Town,168.0,135.0,Not Applicable,Not Applicable,No,Not Applicable,250,Cash,11,3.8,4.3
2024-07-04 15:10:00,CNR2794728209,Success,CID995733,Prime SUV,Jayanagar,Rajajinagar,280.0,100.0,Not Applicable,Not Applicable,No,Not Applicable,431,Cash,26,4.0,3.3
2024-07-12 17:13:00,CNR4275960132,Success,CID328827,eBike,RT Nagar,Yelahanka,294.0,115.0,Not Applicable,Not Applicable,No,Not Applicable,417,Cash,22,3.2,4.5
2024-07-23 08:36:00,CNR3876833239,Canceled by Driver,CID282856,Prime SUV,Rajarajeshwari Nagar,Kadugodi,,,Not Applicable,Personal & Car related issue,Not Applicable,Not Applicable,253,Not Applicable,0,,
2024-07-04 01:28:00,CNR3848606591,Canceled by Driver,CID451968,eBike,Marathahalli,Rajarajeshwari Nagar,,,Not Applicable,Personal & Car related issue,Not Applicable,Not Applicable,203,Not Applicable,0,,
2024-07-04 06:51:00,CNR9007660945,Success,CID220514,Mini,Hebbal,Whitefield,224.0,25.0,Not Applicable,Not Applicable,No,Not Applicable,288,Cash,22,3.8,4.0
2024-07-17 07:04:00,CNR3189154524,Canceled by Driver,CID935860,Prime Plus,Banashankari,Richmond Town,,,Not Applicable,Personal & Car related issue,Not Applicable,Not Applicable,1122,Not Applicable,0,,
2024-07-10 20:16:00,CNR7855183096,Success,CID498178,Prime SUV,Frazer Town,Kadugodi,56.0,50.0,Not Applicable,Not Applicable,No,Not Applicable,195,UPI,38,5.0,3.2
2024-07-11 13:57:00,CNR8762265220,Success,CID705959,Auto,Basavanagudi,Electronic City,105.0,30.0,Not Applicable,Not Applicable,No,Not Applicable,677,UPI,16,3.9,3.6
2024-07-27 07:18:00,CNR9304404684,Success,CID372820,Prime SUV,Peenya,Kadugodi,133.0,40.0,Not Applicable,Not Applicable,No,Not Applicable,449,Cash,2,4.5,4.0
2024-07-24 02:25:00,CNR7155269634,Success,CID535582,Mini,Rajajinagar,Chamarajpet,126.0,40.0,Not Applicable,Not Applicable,No,Not Applicable,395,UPI,31,4.5,3.8
2024-07-25 03:01:00,CNR7178877730,Driver Not Found,CID750854,Prime Sedan,Peenya,Kengeri,,,Not Applicable,Not Applicable,Not Applicable,Not Applicable,827,Not Applicable,0,,
2024-07-12 16:19:00,CNR6590087559,Success,CID371867,Auto,Chickpet,Ulsoor,252.0,135.0,Not Applicable,Not Applicable,No,Not Applicable,672,Cash,5,3.9,4.9
2024-07-22 01:05:00,CNR2933833050,Success,CID629744,Mini,MG Road,Marathahalli,259.0,60.0,Not Applicable,Not Applicable,No,Not Applicable,143,UPI,26,3.2,3.0
2024-07-04 11:46:00,CNR3958533711,Success,CID544728,Auto,Malleshwaram,Magadi Road,217.0,100.0,Not Applicable,Not Applicable,No,Not Applicable,467,UPI,15,4.1,4.1
2024-07-16 17:47:00,CNR2381442178,Success,CID639843,Prime SUV,Tumkur Road,Bannerghatta Road,70.0,145.0,Not Applicable,Not Applicable,No,Not Applicable,298,Cash,9,4.3,3.5
2024-07-21 19:01:00,CNR6576265791,Success,CID476194,Prime SUV,Hulimavu,Basavanagudi,175.0,45.0,Not Applicable,Not Applicable,No,Not Applicable,836,UPI,15,3.4,4.2
2024-07-24 21:46:00,CNR1147267728,Success,CID791977,Bike,Majestic,Kammanahalli,91.0,110.0,Not Applicable,Not Applicable,No,Not Applicable,314,Cash,20,3.5,4.4
2024-07-20 16:50:00,CNR1151899457,Success,CID673004,Prime Plus,KR Puram,JP Nagar,91.0,75.0,Not Applicable,Not Applicable,No,Not Applicable,118,UPI,3,3.8,3.4
2024-07-24 08:31:00,CNR3457978770,Canceled by Customer,CID310584,Mini,Marathahalli,Vijayanagar,,,AC is Not working,Not Applicable,Not Applicable,Not Applicable,305,Not Applicable,0,,
2024-07-18 00:17:00,CNR2922598252,Success,CID745466,Bike,Richmond Town,Banashankari,91.0,115.0,Not Applicable,Not Applicable,No,Not Applicable,1976,Cash,41,3.1,3.1
2024-07-17 02:46:00,CNR6714007125,Success,CID118327,Prime Plus,Ramamurthy Nagar,Tumkur Road,126.0,120.0,Not Applicable,Not Applicable,No,Not Applicable,1359,Cash,46,4.5,4.4
2024-07-26 00:09:00,CNR8252556234,Success,CID613530,Mini,Whitefield,Rajarajeshwari Nagar,196.0,50.0,Not Applicable,Not Applicable,No,Not Applicable,582,UPI,30,4.8,3.5
2024-07-26 00:29:00,CNR1795290466,Success,CID193520,Mini,Chamarajpet,Sarjapur Road,280.0,85.0,Not Applicable,Not Applicable,No,Not Applicable,814,Cash,21,4.3,4.9
2024-07-30 12:26:00,CNR2599333444,Success,CID601098,Bike,Ulsoor,Ramamurthy Nagar,42.0,110.0,Not Applicable,Not Applicable,No,Not Applicable,128,Cash,44,4.3,4.3
2024-07-15 03:27:00,CNR5170918985,Canceled by Customer,CID275724,Auto,Richmond Town,Rajajinagar,,,Driver is not moving towards pickup location,Not Applicable,Not Applicable,Not Applicable,733,Not Applicable,0,,
2024-07-16 18:13:00,CNR4387979123,Success,CID532896,Prime SUV,Ramamurthy Nagar,Frazer Town,175.0,115.0,Not Applicable,Not Applicable,No,Not Applicable,369,Cash,38,4.7,3.5
2024-07-30 07:53:00,CNR3735074525,Success,CID369225,Auto,Basavanagudi,JP Nagar,168.0,65.0,Not Applicable,Not Applicable,No,Not Applicable,622,Cash,15,3.4,4.8
2024-07-18 01:02:00,CNR8221247806,Canceled by Customer,CID905244,Bike,Yeshwanthpur,JP Nagar,,,Driver is not moving towards pickup location,Not Applicable,Not Applicable,Not Applicable,311,Not Applicable,0,,
2024-07-14 14:34:00,CNR2942536632,Success,CID705563,Auto,Shantinagar,Malleshwaram,105.0,65.0,Not Applicable,Not Applicable,No,Not Applicable,169,UPI,15,3.4,3.9
2024-07-22 00:45:00,CNR7153013640,Success,CID538505,Prime SUV,JP Nagar,RT Nagar,77.0,85.0,Not Applicable,Not Applicable,No,Not Applicable,886,UPI,43,3.5,3.2
2024-07-22 21:16:00,CNR6483647027,Success,CID158441,Prime Sedan,Whitefield,Chamarajpet,182.0,100.0,Not Applicable,Not Applicable,No,Not Applicable,154,Cash,12,3.8,3.9
2024-07-17 14:33:00,CNR1700951524,Success,CID838919,Auto,KR Puram,Jayanagar,224.0,135.0,Not Applicable,Not Applicable,No,Not Applicable,328,UPI,2,4.6,4.7
2024-07-23 10:59:00,CNR6809299904,Driver Not Found,CID416365,Prime SUV,Rajarajeshwari Nagar,Tumkur Road,,,Not Applicable,Not Applicable,Not Applicable,Not Applicable,227,Not Applicable,0,,
2024-07-22 15:09:00,CNR7512959535,Success,CID320511,Bike,Bellandur,Malleshwaram,98.0,55.0,Not Applicable,Not Applicable,No,Not Applicable,346,UPI,20,3.8,4.2
2024-07-13 03:41:00,CNR5151799856,Canceled by Customer,CID706436,Prime Sedan,Basavanagudi,BTM Layout,,,Driver is not moving towards pickup location,Not Applicable,Not Applicable,Not Applicable,153,Not Applicable,0,,
2024-07-01 19:31:00,CNR6601346323,Success,CID537511,Prime Plus,Chamarajpet,Koramangala,133.0,60.0,Not Applicable,Not Applicable,No,Not Applicable,431,Cash,20,4.7,3.6
2024-07-28 01:50:00,CNR3507661717,Success,CID496362,Auto,Majestic,Shivajinagar,112.0,60.0,Not Applicable,Not Applicable,No,Not Applicable,491,Cash,1,4.7,4.7
2024-07-12 16:52:00,CNR8045408119,Success,CID913470,Prime Sedan,Kadugodi,Majestic,147.0,100.0,Not Applicable,Not Applicable,No,Not Applicable,632,Cash,32,4.7,4.3
2024-07-08 07:40:00,CNR3499328454,Canceled by Driver,CID641033,Prime SUV,Sarjapur Road,KR Puram,,,Not Applicable,Customer related issue,Not Applicable,Not Applicable,215,Not Applicable,0,,
2024-07-28 00:23:00,CNR2674562227,Canceled by Driver,CID428884,Mini,BTM Layout,Langford Town,,,Not Applicable,Customer was coughing/sick,Not Applicable,Not Applicable,256,Not Applicable,0,,
2024-07-01 23:10:00,CNR5081839334,Success,CID705449,eBike,Koramangala,Tumkur Road,224.0,80.0,Not Applicable,Not Applicable,No,Not Applicable,962,Credit Card,7,3.6,3.5
2024-07-23 06:40:00,CNR8139729784,Success,CID268506,eBike,Varthur,Magadi Road,217.0,80.0,Not Applicable,Not Applicable,No,Not Applicable,368,UPI,43,4.6,3.4
2024-07-05 05:52:00,CNR1546980629,Canceled by Driver,CID318377,Prime SUV,Magadi Road,BTM Layout,,,Not Applicable,Personal & Car related issue,Not Applicable,Not Applicable,804,Not Applicable,0,,
2024-07-07 01:40:00,CNR4871619213,Success,CID466757,eBike,Chickpet,Malleshwaram,259.0,90.0,Not Applicable,Not Applicable,No,Not Applicable,463,UPI,43,3.1,4.0
2024-07-28 18:35:00,CNR7980492197,Canceled by Driver,CID502349,Prime Plus,JP Nagar,Cox Town,,,Not Applicable,Customer related issue,Not Applicable,Not Applicable,824,Not Applicable,0,,
2024-07-05 09:15:00,CNR4132615564,Canceled by Customer,CID180008,eBike,Rajarajeshwari Nagar,Padmanabhanagar,,,Driver asked to cancel,Not Applicable,Not Applicable,Not Applicable,905,Not Applicable,0,,
2024-07-05 08:28:00,CNR4651303444,Success,CID571766,eBike,Rajarajeshwari Nagar,KR Puram,252.0,95.0,Not Applicable,Not Applicable,No,Not Applicable,459,Cash,23,3.9,4.0
2024-07-20 01:10:00,CNR1127513354,Success,CID796887,Bike,Koramangala,Koramangala,189.0,75.0,Not Applicable,Not Applicable,No,Not Applicable,262,UPI,33,4.3,4.9
2024-07-11 21:44:00,CNR4573017926,Success,CID424942,Bike,Yelahanka,Sahakar Nagar,119.0,145.0,Not Applicable,Not Applicable,No,Not Applicable,413,Cash,33,4.9,3.7
2024-07-08 06:28:00,CNR1652509800,Driver Not Found,CID221504,Prime Sedan,Hosur Road,Langford Town,,,Not Applicable,Not Applicable,Not Applicable,Not Applicable,108,Not Applicable,0,,
2024-07-28 21:37:00,CNR2116891847,Driver Not Found,CID225175,Bike,Vijayanagar,HSR Layout,,,Not Applicable,Not Applicable,Not Applicable,Not Applicable,367,Not Applicable,0,,
2024-07-27 00:22:00,CNR3184599211,Success,CID516024,Prime SUV,Hosur Road,Peenya,140.0,75.0,Not Applicable,Not Applicable,No,Not Applicable,191,Cash,15,3.9,4.7
2024-07-15 12:37:00,CNR2356432057,Success,CID532972,Mini,Nagarbhavi,Mysore Road,49.0,35.0,Not Applicable,Not Applicable,No,Not Applicable,873,UPI,22,4.7,3.9
2024-07-19 18:16:00,CNR7605139368,Canceled by Driver,CID502942,Prime SUV,Hulimavu,Ramamurthy Nagar,,,Not Applicable,Personal & Car related issue,Not Applicable,Not Applicable,399,Not Applicable,0,,
2024-07-01 15:31:00,CNR5225789596,Driver Not Found,CID304268,Prime Plus,Sarjapur Road,Majestic,,,Not Applicable,Not Applicable,Not Applicable,Not Applicable,274,Not Applicable,0,,
2024-07-25 04:14:00,CNR8653182934,Success,CID415078,Prime Sedan,Mysore Road,Ramamurthy Nagar,168.0,145.0,Not Applicable,Not Applicable,No,Not Applicable,711,UPI,18,3.3,4.8
2024-07-16 03:39:00,CNR9047576539,Canceled by Driver,CID679195,Bike,Chickpet,Jayanagar,,,Not Applicable,Customer related issue,Not Applicable,Not Applicable,147,Not Applicable,0,,
2024-07-06 13:04:00,CNR5036826675,Success,CID137224,Mini,Basavanagudi,Basavanagudi,161.0,130.0,Not Applicable,Not Applicable,No,Not Applicable,271,Credit Card,38,4.3,4.0
2024-07-20 00:04:00,CNR5721443560,Canceled by Driver,CID467019,Mini,Varthur,Rajarajeshwari Nagar,,,Not Applicable,Personal & Car related issue,Not Applicable,Not Applicable,552,Not Applicable,0,,
2024-07-10 18:43:00,CNR7794365930,Success,CID766101,Bike,Kammanahalli,Indiranagar,301.0,75.0,Not Applicable,Not Applicable,No,Not Applicable,162,UPI,25,4.4,3.9
2024-07-04 17:20:00,CNR6047967807,Canceled by Customer,CID545464,Bike,Shantinagar,Varthur,,,Driver asked to cancel,Not Applicable,Not Applicable,Not Applicable,481,Not Applicable,0,,
2024-07-20 05:55:00,CNR3724636107,Success,CID188211,Mini,Kammanahalli,Nagarbhavi,105.0,115.0,Not Applicable,Not Applicable,No,Not Applicable,435,Cash,18,3.9,4.2
2024-07-14 05:09:00,CNR4754926800,Canceled by Driver,CID212625,Prime Plus,Chamarajpet,Nagarbhavi,,,Not Applicable,Personal & Car related issue,Not Applicable,Not Applicable,270,Not Applicable,0,,
2024-07-02 22:39:00,CNR8773308382,Canceled by Driver,CID252080,Mini,Sarjapur Road,Kammanahalli,,,Not Applicable,Customer related issue,Not Applicable,Not Applicable,325,Not Applicable,0,,
2024-07-28 17:26:00,CNR4526301615,Canceled by Customer,CID813749,Mini,Mysore Road,Padmanabhanagar,,,Driver asked to cancel,Not Applicable,Not Applicable,Not Applicable,562,Not Applicable,0,,
2024-07-14 01:59:00,CNR7511901748,Success,CID871635,eBike,Electronic City,Ulsoor,266.0,80.0,Not Applicable,Not Applicable,No,Not Applicable,219,UPI,26,4.1,4.0
2024-07-07 08:42:00,CNR4163518827,Canceled by Driver,CID946441,Bike,Padmanabhanagar,Indiranagar,,,Not Applicable,Customer related issue,Not Applicable,Not Applicable,285,Not Applicable,0,,
2024-07-10 02:41:00,CNR6098718203,Success,CID764593,Mini,Sarjapur Road,Hennur,70.0,80.0,Not Applicable,Not Applicable,No,Not Applicable,282,UPI,41,4.8,4.7
2024-07-29 23:01:00,CNR3227890850,Canceled by Driver,CID292131,eBike,MG Road,Hosur Road,,,Not Applicable,Personal & Car related issue,Not Applicable,Not Applicable,279,Not Applicable,0,,
2024-07-27 11:26:00,CNR6975820706,Canceled by Customer,CID810594,eBike,Vijayanagar,Marathahalli,,,Driver is not moving towards pickup location,Not Applicable,Not Applicable,Not Applicable,226,Not Applicable,0,,
2024-07-07 04:31:00,CNR5126488830,Success,CID393630,Prime SUV,Kengeri,Hulimavu,238.0,55.0,Not Applicable,Not Applicable,No,Not Applicable,129,Credit Card,6,4.8,3.3
2024-07-08 05:22:00,CNR6110197784,Canceled by Driver,CID842434,eBike,Frazer Town,Jayanagar,,,Not Applicable,Customer was coughing/sick,Not Applicable,Not Applicable,499,Not Applicable,0,,
2024-07-06 02:28:00,CNR6021807673,Success,CID463688,Prime Plus,HSR Layout,Indiranagar,210.0,145.0,Not Applicable,Not Applicable,No,Not Applicable,261,UPI,11,3.3,4.1
2024-07-03 11:27:00,CNR3065809198,Success,CID698983,Prime Plus,Hennur,Sahakar Nagar,35.0,100.0,Not Applicable,Not Applicable,No,Not Applicable,581,UPI,47,4.6,3.6
2024-07-15 18:23:00,CNR5619820818,Success,CID497536,Prime Plus,Jayanagar,Hebbal,133.0,145.0,Not Applicable,Not Applicable,No,Not Applicable,719,Debit Card,31,4.4,4.4
2024-07-13 02:39:00,CNR1824543873,Success,CID391082,Prime Sedan,Koramangala,Hebbal,133.0,35.0,Not Applicable,Not Applicable,No,Not Applicable,370,Cash,45,4.1,3.5
2024-07-22 18:46:00,CNR5092844916,Success,CID192551,Auto,Chickpet,Ramamurthy Nagar,56.0,35.0,Not Applicable,Not Applicable,No,Not Applicable,146,Cash,5,4.8,3.4
2024-07-28 04:17:00,CNR1006056964,Success,CID605171,Mini,Indiranagar,BTM Layout,259.0,75.0,Not Applicable,Not Applicable,No,Not Applicable,174,Cash,21,4.2,3.7
2024-07-10 12:32:00,CNR7337018952,Success,CID350085,Bike,BTM Layout,Cox Town,63.0,140.0,Not Applicable,Not Applicable,No,Not Applicable,877,UPI,21,3.7,3.7
2024-07-29 12:12:00,CNR7945974515,Success,CID230040,Prime SUV,Shivajinagar,Rajajinagar,133.0,125.0,Not Applicable,Not Applicable,No,Not Applicable,490,Cash,1,3.7,4.0
2024-07-04 15:35:00,CNR7274513859,Success,CID841927,Bike,RT Nagar,Frazer Town,189.0,45.0,Not Applicable,Not Applicable,No,Not Applicable,281,Cash,43,3.6,4.2
2024-07-27 01:38:00,CNR2749066134,Canceled by Driver,CID272900,Mini,Tumkur Road,BTM Layout,,,Not Applicable,Personal & Car related issue,Not Applicable,Not Applicable,2739,Not Applicable,0,,
2024-07-19 16:57:00,CNR8741252035,Driver Not Found,CID396843,Prime Plus,Rajarajeshwari Nagar,Varthur,,,Not Applicable,Not Applicable,Not Applicable,Not Applicable,2130,Not Applicable,0,,
2024-07-08 13:42:00,CNR6013277267,Success,CID304466,Prime Sedan,Bellandur,Tumkur Road,175.0,60.0,Not Applicable,Not Applicable,No,Not Applicable,286,Cash,1,4.4,3.5
2024-07-01 10:26:00,CNR6323681428,Canceled by Customer,CID612324,Mini,RT Nagar,Rajajinagar,,,Driver is not moving towards pickup location,Not Applicable,Not Applicable,Not Applicable,401,Not Applicable,0,,
2024-07-16 09:15:00,CNR2925468050,Success,CID595306,Bike,Devanahalli,MG Road,308.0,110.0,Not Applicable,Not Applicable,No,Not Applicable,147,Cash,29,4.8,4.7
2024-07-09 04:32:00,CNR9984899864,Success,CID896969,eBike,Banashankari,Hebbal,84.0,45.0,Not Applicable,Not Applicable,No,Not Applicable,150,UPI,43,3.1,3.5
2024-07-24 09:27:00,CNR2064922914,Canceled by Driver,CID446085,eBike,Basavanagudi,Kengeri,,,Not Applicable,Personal & Car related issue,Not Applicable,Not Applicable,791,Not Applicable,0,,
2024-07-01 15:24:00,CNR9468845044,Canceled by Customer,CID506069,Mini,Kammanahalli,Richmond Town,,,Wrong Address,Not Applicable,Not Applicable,Not Applicable,437,Not Applicable,0,,
2024-07-27 11:14:00,CNR7621165578,Success,CID737413,Prime Plus,Banashankari,Kengeri,133.0,55.0,Not Applicable,Not Applicable,No,Not Applicable,378,UPI,46,4.3,3.8
2024-07-15 13:54:00,CNR8072804611,Success,CID696261,eBike,Indiranagar,Vijayanagar,112.0,60.0,Not Applicable,Not Applicable,No,Not Applicable,642,UPI,30,4.9,3.6
2024-07-17 08:41:00,CNR1133883341,Success,CID615835,Prime SUV,Ulsoor,Malleshwaram,175.0,130.0,Not Applicable,Not Applicable,Yes,Customer Demand,338,UPI,10,4.1,4.8
2024-07-07 01:22:00,CNR6015667322,Driver Not Found,CID434264,Prime SUV,Shivajinagar,Chamarajpet,,,Not Applicable,Not Applicable,Not Applicable,Not Applicable,205,Not Applicable,0,,
2024-07-30 23:37:00,CNR9626713715,Canceled by Driver,CID429074,Bike,Nagarbhavi,RT Nagar,,,Not Applicable,Personal & Car related issue,Not Applicable,Not Applicable,564,Not Applicable,0,,
2024-07-09 04:06:00,CNR3668979002,Success,CID579614,eBike,Sahakar Nagar,Chickpet,182.0,95.0,Not Applicable,Not Applicable,No,Not Applicable,179,UPI,13,3.2,3.3
2024-07-23 15:08:00,CNR1278953813,Success,CID363273,Prime Plus,Kammanahalli,Hebbal,140.0,70.0,Not Applicable,Not Applicable,No,Not Applicable,208,UPI,4,3.6,4.3
2024-07-19 19:15:00,CNR9727562095,Canceled by Customer,CID446078,Prime SUV,Malleshwaram,Shivajinagar,,,AC is Not working,Not Applicable,Not Applicable,Not Applicable,968,Not Applicable,0,,
2024-07-02 01:49:00,CNR7404906302,Driver Not Found,CID136738,Prime Sedan,Jayanagar,Malleshwaram,,,Not Applicable,Not Applicable,Not Applicable,Not Applicable,266,Not Applicable,0,,
2024-07-01 11:35:00,CNR7767285756,Success,CID699852,Mini,Kengeri,Yeshwanthpur,301.0,55.0,Not Applicable,Not Applicable,No,Not Applicable,988,UPI,12,3.6,3.4
2024-07-04 11:23:00,CNR9718334218,Success,CID753546,Prime SUV,Whitefield,Nagarbhavi,98.0,55.0,Not Applicable,Not Applicable,No,Not Applicable,255,UPI,34,4.3,3.1
2024-07-08 23:40:00,CNR4996800402,Success,CID131225,eBike,Rajarajeshwari Nagar,Kammanahalli,140.0,65.0,Not Applicable,Not Applicable,No,Not Applicable,216,Cash,7,4.8,4.4
2024-07-01 15:20:00,CNR9821597642,Success,CID407533,Prime Plus,Tumkur Road,Ramamurthy Nagar,287.0,30.0,Not Applicable,Not Applicable,No,Not Applicable,307,UPI,20,4.4,5.0
2024-07-10 00:38:00,CNR6021132598,Success,CID966293,Prime SUV,Indiranagar,Devanahalli,154.0,135.0,Not Applicable,Not Applicable,No,Not Applicable,246,Cash,36,3.2,3.9
2024-07-02 15:32:00,CNR8819100567,Success,CID121785,Prime Plus,Hennur,Electronic City,203.0,45.0,Not Applicable,Not Applicable,No,Not Applicable,996,Credit Card,8,3.2,3.1
2024-07-08 08:37:00,CNR3423860565,Canceled by Driver,CID760108,Prime Plus,JP Nagar,BTM Layout,,,Not Applicable,More than permitted people in there,Not Applicable,Not Applicable,115,Not Applicable,0,,
2024-07-22 02:56:00,CNR4509280052,Success,CID167547,Prime Sedan,Frazer Town,Hebbal,105.0,25.0,Not Applicable,Not Applicable,No,Not Applicable,225,Cash,49,3.9,4.6
2024-07-13 22:26:00,CNR8825578916,Success,CID714147,Mini,JP Nagar,Marathahalli,294.0,105.0,Not Applicable,Not Applicable,No,Not Applicable,556,UPI,27,4.4,3.0
2024-07-28 00:21:00,CNR9911034894,Success,CID139969,Bike,Kengeri,Kengeri,203.0,135.0,Not Applicable,Not Applicable,No,Not Applicable,113,Cash,24,3.5,4.2
2024-07-22 10:26:00,CNR9381861262,Success,CID159765,Prime SUV,Peenya,Frazer Town,203.0,40.0,Not Applicable,Not Applicable,No,Not Applicable,155,Credit Card,36,3.9,4.7
2024-07-28 19:28:00,CNR6511202414,Success,CID942392,eBike,Shivajinagar,Langford Town,112.0,90.0,Not Applicable,Not Applicable,No,Not Applicable,396,UPI,11,4.6,4.9
2024-07-03 15:47:00,CNR3580795435,Success,CID652033,Prime Sedan,Cox Town,Yelahanka,231.0,70.0,Not Applicable,Not Applicable,No,Not Applicable,320,Cash,24,4.8,3.6
2024-07-10 03:12:00,CNR9003695387,Success,CID675147,Mini,JP Nagar,Hennur,161.0,110.0,Not Applicable,Not Applicable,No,Not Applicable,2370,UPI,8,3.6,3.1
2024-07-24 06:04:00,CNR2014351831,Canceled by Customer,CID956087,Auto,Electronic City,Banashankari,,,Change of plans,Not Applicable,Not Applicable,Not Applicable,1457,Not Applicable,0,,
2024-07-16 14:26:00,CNR5282162215,Success,CID975094,Prime SUV,Magadi Road,Chamarajpet,35.0,140.0,Not Applicable,Not Applicable,No,Not Applicable,201,Cash,44,3.5,3.2
2024-07-14 08:10:00,CNR6871314723,Success,CID883531,eBike,JP Nagar,Majestic,308.0,50.0,Not Applicable,Not Applicable,No,Not Applicable,456,Cash,39,4.2,3.3
2024-07-11 05:20:00,CNR4137900568,Driver Not Found,CID496309,Prime Plus,Hosur Road,Rajajinagar,,,Not Applicable,Not Applicable,Not Applicable,Not Applicable,995,Not Applicable,0,,
2024-07-10 13:54:00,CNR1446659164,Success,CID966084,eBike,Chamarajpet,Sahakar Nagar,203.0,75.0,Not Applicable,Not Applicable,No,Not Applicable,279,Cash,48,3.2,4.4
2024-07-04 09:57:00,CNR9745597415,Canceled by Customer,CID419326,Prime Sedan,Electronic City,Peenya,,,Driver asked to cancel,Not Applicable,Not Applicable,Not Applicable,764,Not Applicable,0,,
2024-07-26 01:14:00,CNR9142483095,Success,CID212605,Prime Plus,Devanahalli,Cox Town,84.0,50.0,Not Applicable,Not Applicable,No,Not Applicable,999,Cash,20,4.3,3.7
2024-07-07 08:48:00,CNR4855596434,Canceled by Driver,CID249639,Auto,Shivajinagar,Mysore Road,,,Not Applicable,Customer related issue,Not Applicable,Not Applicable,202,Not Applicable,0,,
2024-07-27 23:16:00,CNR1524139309,Success,CID642195,Prime Sedan,Kadugodi,MG Road,63.0,80.0,Not Applicable,Not Applicable,No,Not Applicable,398,UPI,18,4.7,4.9
2024-07-18 01:34:00,CNR6197191948,Canceled by Customer,CID756149,Prime SUV,Kammanahalli,Kengeri,,,Driver is not moving towards pickup location,Not Applicable,Not Applicable,Not Applicable,538,Not Applicable,0,,
2024-07-26 12:15:00,CNR1438315225,Success,CID930826,Prime SUV,Sarjapur Road,Kengeri,280.0,105.0,Not Applicable,Not Applicable,No,Not Applicable,311,UPI,39,3.9,4.9
2024-07-23 03:33:00,CNR5254443066,Driver Not Found,CID545619,Prime Plus,Malleshwaram,Yeshwanthpur,,,Not Applicable,Not Applicable,Not Applicable,Not Applicable,151,Not Applicable,0,,
2024-07-13 18:53:00,CNR3812423082,Success,CID417075,Mini,Tumkur Road,Varthur,210.0,65.0,Not Applicable,Not Applicable,No,Not Applicable,217,Cash,26,3.1,4.7
2024-07-20 00:36:00,CNR9261919049,Canceled by Customer,CID956941,Prime Plus,Sarjapur Road,HSR Layout,,,Driver asked to cancel,Not Applicable,Not Applicable,Not Applicable,490,Not Applicable,0,,
2024-07-13 19:20:00,CNR6506779371,Success,CID854278,Prime SUV,Varthur,Electronic City,252.0,90.0,Not Applicable,Not Applicable,No,Not Applicable,316,Cash,47,4.7,3.5
2024-07-18 18:56:00,CNR1043070456,Success,CID358294,eBike,Richmond Town,Jayanagar,140.0,130.0,Not Applicable,Not Applicable,No,Not Applicable,159,Cash,9,3.5,3.6
2024-07-11 07:34:00,CNR3494654591,Success,CID659247,eBike,KR Puram,Yelahanka,133.0,100.0,Not Applicable,Not Applicable,No,Not Applicable,226,UPI,47,3.7,3.6
2024-07-13 17:31:00,CNR1259051555,Success,CID511326,Prime Sedan,Jayanagar,Bellandur,35.0,105.0,Not Applicable,Not Applicable,No,Not Applicable,263,UPI,1,3.4,4.6
2024-07-23 13:19:00,CNR7877656240,Success,CID260943,Prime Plus,Magadi Road,Marathahalli,175.0,145.0,Not Applicable,Not Applicable,No,Not Applicable,809,Cash,14,3.8,3.5
2024-07-08 22:52:00,CNR5227763677,Driver Not Found,CID751819,eBike,JP Nagar,Kadugodi,,,Not Applicable,Not Applicable,Not Applicable,Not Applicable,425,Not Applicable,0,,
2024-07-26 23:34:00,CNR6838973008,Success,CID376868,Prime Sedan,Rajarajeshwari Nagar,KR Puram,273.0,105.0,Not Applicable,Not Applicable,No,Not Applicable,440,Cash,9,3.5,3.6
2024-07-04 21:08:00,CNR8340246512,Success,CID353908,Auto,Sahakar Nagar,HSR Layout,245.0,35.0,Not Applicable,Not Applicable,No,Not Applicable,111,UPI,12,3.6,4.9
2024-07-27 20:00:00,CNR1224788042,Canceled by Customer,CID286454,Mini,Tumkur Road,Hennur,,,Driver asked to cancel,Not Applicable,Not Applicable,Not Applicable,281,Not Applicable,0,,
2024-07-18 04:46:00,CNR8592501729,Driver Not Found,CID893553,Prime SUV,Marathahalli,Kadugodi,,,Not Applicable,Not Applicable,Not Applicable,Not Applicable,105,Not Applicable,0,,
2024-07-21 12:40:00,CNR3225214020,Success,CID756376,Mini,JP Nagar,Peenya,224.0,130.0,Not Applicable,Not Applicable,No,Not Applicable,192,Cash,45,4.0,4.4
2024-07-18 23:48:00,CNR1827472430,Success,CID792252,Prime Sedan,Ramamurthy Nagar,Bellandur,98.0,80.0,Not Applicable,Not Applicable,No,Not Applicable,150,UPI,24,4.5,3.8
2024-07-15 14:27:00,CNR6527030861,Canceled by Customer,CID277041,eBike,Kengeri,Yeshwanthpur,,,Driver asked to cancel,Not Applicable,Not Applicable,Not Applicable,445,Not Applicable,0,,
2024-07-11 19:24:00,CNR3735076272,Success,CID809394,Prime Sedan,Mysore Road,Banashankari,203.0,60.0,Not Applicable,Not Applicable,No,Not Applicable,357,UPI,18,3.8,4.4
2024-07-06 04:37:00,CNR2199089234,Driver Not Found,CID433440,eBike,Majestic,Chickpet,,,Not Applicable,Not Applicable,Not Applicable,Not Applicable,1093,Not Applicable,0,,
2024-07-28 07:21:00,CNR9550150540,Canceled by Driver,CID991938,eBike,Hennur,Varthur,,,Not Applicable,Personal & Car related issue,Not Applicable,Not Applicable,157,Not Applicable,0,,
2024-07-21 20:44:00,CNR2692217545,Driver Not Found,CID443421,Prime SUV,Peenya,BTM Layout,,,Not Applicable,Not Applicable,Not Applicable,Not Applicable,557,Not Applicable,0,,
2024-07-22 17:10:00,CNR4992236651,Canceled by Driver,CID197607,Mini,Tumkur Road,Cox Town,,,Not Applicable,Customer related issue,Not Applicable,Not Applicable,162,Not Applicable,0,,
2024-07-29 14:59:00,CNR9778407664,Success,CID718328,Mini,Malleshwaram,Indiranagar,238.0,40.0,Not Applicable,Not Applicable,No,Not Applicable,493,Cash,46,3.3,4.5
2024-07-18 09:52:00,CNR2222132685,Success,CID490627,Auto,Ramamurthy Nagar,Bannerghatta Road,49.0,75.0,Not Applicable,Not Applicable,No,Not Applicable,134,Cash,13,3.3,3.7
2024-07-25 03:28:00,CNR1150707814,Success,CID253586,Mini,Jayanagar,Koramangala,56.0,95.0,Not Applicable,Not Applicable,No,Not Applicable,139,Cash,22,3.2,4.8
2024-07-11 12:41:00,CNR4502739481,Success,CID434131,eBike,Rajarajeshwari Nagar,Cox Town,175.0,40.0,Not Applicable,Not Applicable,No,Not Applicable,319,Cash,32,4.8,4.9
2024-07-27 16:18:00,CNR5472553876,Canceled by Customer,CID442525,eBike,Nagarbhavi,BTM Layout,,,AC is Not working,Not Applicable,Not Applicable,Not Applicable,254,Not Applicable,0,,
2024-07-01 04:09:00,CNR5227658995,Success,CID446892,Mini,Chamarajpet,Kammanahalli,245.0,145.0,Not Applicable,Not Applicable,No,Not Applicable,1007,UPI,24,3.4,4.4
2024-07-14 13:31:00,CNR7209670279,Success,CID425999,eBike,Sahakar Nagar,KR Puram,217.0,30.0,Not Applicable,Not Applicable,No,Not Applicable,411,UPI,15,4.4,3.9
2024-07-05 00:00:00,CNR4711116731,Canceled by Driver,CID653355,eBike,Basavanagudi,Sahakar Nagar,,,Not Applicable,Customer related issue,Not Applicable,Not Applicable,507,Not Applicable,0,,
2024-07-01 16:24:00,CNR4568695084,Canceled by Driver,CID899757,Prime Plus,Banashankari,Mysore Road,,,Not Applicable,Customer related issue,Not Applicable,Not Applicable,354,Not Applicable,0,,
2024-07-05 15:50:00,CNR7674563759,Success,CID454126,eBike,Hosur Road,Kammanahalli,196.0,100.0,Not Applicable,Not Applicable,No,Not Applicable,239,Cash,21,4.7,3.9
2024-07-06 07:10:00,CNR2342299187,Success,CID430714,Prime Sedan,Chamarajpet,Richmond Town,259.0,95.0,Not Applicable,Not Applicable,No,Not Applicable,316,Cash,17,3.1,4.5
2024-07-03 21:50:00,CNR6496525497,Success,CID716546,Mini,Jayanagar,Ulsoor,287.0,45.0,Not Applicable,Not Applicable,No,Not Applicable,708,Cash,4,3.2,4.8
2024-07-16 20:54:00,CNR7882054065,Success,CID669358,Prime Plus,BTM Layout,Richmond Town,133.0,40.0,Not Applicable,Not Applicable,No,Not Applicable,172,Cash,1,4.5,4.7
2024-07-05 23:43:00,CNR9670190954,Driver Not Found,CID981770,Auto,Langford Town,Peenya,,,Not Applicable,Not Applicable,Not Applicable,Not Applicable,203,Not Applicable,0,,
2024-07-08 02:57:00,CNR7606319361,Success,CID355081,Bike,Malleshwaram,Shivajinagar,105.0,140.0,Not Applicable,Not Applicable,Yes,Other Issue,669,UPI,19,4.5,4.7
2024-07-22 23:48:00,CNR8515664860,Success,CID694231,Prime SUV,HSR Layout,Vijayanagar,175.0,40.0,Not Applicable,Not Applicable,No,Not Applicable,2705,Cash,14,4.7,3.5
2024-07-26 02:38:00,CNR3420469643,Success,CID827811,Prime Sedan,Bellandur,Ulsoor,217.0,125.0,Not Applicable,Not Applicable,No,Not Applicable,358,Cash,2,4.7,4.6
2024-07-23 18:24:00,CNR9807840754,Success,CID191289,Prime SUV,Tumkur Road,Frazer Town,70.0,25.0,Not Applicable,Not Applicable,No,Not Applicable,453,UPI,37,3.0,3.7
2024-07-08 03:08:00,CNR4263215323,Canceled by Customer,CID952510,Prime Sedan,Frazer Town,Richmond Town,,,Wrong Address,Not Applicable,Not Applicable,Not Applicable,321,Not Applicable,0,,
2024-07-30 23:22:00,CNR1005983045,Success,CID414924,Mini,Nagarbhavi,JP Nagar,287.0,90.0,Not Applicable,Not Applicable,No,Not Applicable,741,UPI,19,4.5,3.7
2024-07-17 01:19:00,CNR1124613015,Success,CID649308,Auto,Hulimavu,KR Puram,252.0,100.0,Not Applicable,Not Applicable,No,Not Applicable,267,Cash,1,4.7,5.0
2024-07-16 13:57:00,CNR1302159395,Success,CID286590,Prime Sedan,Hebbal,Hulimavu,70.0,145.0,Not Applicable,Not Applicable,No,Not Applicable,279,UPI,28,3.1,3.0
2024-07-28 16:04:00,CNR5621455951,Success,CID801183,Auto,Cox Town,Yelahanka,168.0,120.0,Not Applicable,Not Applicable,Yes,Vehicle Breakdown,234,UPI,18,3.9,3.3
2024-07-22 17:17:00,CNR5534660267,Success,CID833767,eBike,Mysore Road,KR Puram,98.0,105.0,Not Applicable,Not Applicable,No,Not Applicable,605,Cash,39,4.4,3.1
2024-07-08 18:18:00,CNR2330728471,Success,CID369026,Auto,Padmanabhanagar,Padmanabhanagar,217.0,85.0,Not Applicable,Not Applicable,No,Not Applicable,402,UPI,17,5.0,4.6
2024-07-05 07:21:00,CNR6878075192,Success,CID404672,Auto,Bannerghatta Road,Richmond Town,105.0,55.0,Not Applicable,Not Applicable,No,Not Applicable,382,Cash,14,4.6,4.3
2024-07-24 00:59:00,CNR5259950688,Success,CID547310,Prime Sedan,Kammanahalli,Rajarajeshwari Nagar,133.0,50.0,Not Applicable,Not Applicable,No,Not Applicable,592,UPI,40,3.4,3.7
2024-07-25 08:16:00,CNR2670241958,Success,CID884456,Auto,Peenya,Sarjapur Road,308.0,60.0,Not Applicable,Not Applicable,No,Not Applicable,441,UPI,4,4.0,3.8
2024-07-30 06:06:00,CNR6459012011,Canceled by Driver,CID894352,Prime SUV,Kammanahalli,Magadi Road,,,Not Applicable,Personal & Car related issue,Not Applicable,Not Applicable,205,Not Applicable,0,,
2024-07-02 04:14:00,CNR3010092179,Success,CID775965,eBike,Ramamurthy Nagar,HSR Layout,147.0,55.0,Not Applicable,Not Applicable,No,Not Applicable,273,Cash,7,4.9,3.4
2024-07-30 17:07:00,CNR4585377773,Canceled by Driver,CID348146,Mini,Padmanabhanagar,Langford Town,,,Not Applicable,Customer was coughing/sick,Not Applicable,Not Applicable,298,Not Applicable,0,,
2024-07-17 21:07:00,CNR9489589472,Success,CID115636,Prime Sedan,Hennur,Yelahanka,168.0,55.0,Not Applicable,Not Applicable,No,Not Applicable,488,Cash,14,3.2,4.2
2024-07-08 10:52:00,CNR6441985163,Success,CID612767,Prime Plus,Hulimavu,Electronic City,203.0,30.0,Not Applicable,Not Applicable,No,Not Applicable,428,UPI,30,4.8,4.6
2024-07-06 16:09:00,CNR1344919350,Canceled by Customer,CID713230,Prime Sedan,Sarjapur Road,Jayanagar,,,Driver asked to cancel,Not Applicable,Not Applicable,Not Applicable,999,Not Applicable,0,,
2024-07-30 02:32:00,CNR3616464521,Canceled by Customer,CID900830,Auto,Kammanahalli,Yeshwanthpur,,,Change of plans,Not Applicable,Not Applicable,Not Applicable,431,Not Applicable,0,,
2024-07-21 22:05:00,CNR5084428954,Success,CID834084,eBike,Jayanagar,KR Puram,245.0,140.0,Not Applicable,Not Applicable,No,Not Applicable,105,Cash,20,4.5,3.6
2024-07-24 08:32:00,CNR5706071348,Success,CID482421,Prime Sedan,Chickpet,Kengeri,182.0,140.0,Not Applicable,Not Applicable,No,Not Applicable,679,Cash,38,3.0,3.3
2024-07-17 16:40:00,CNR7058279629,Success,CID342847,Auto,Banashankari,Malleshwaram,56.0,95.0,Not Applicable,Not Applicable,No,Not Applicable,279,UPI,19,3.1,5.0
2024-07-22 13:38:00,CNR8386560929,Canceled by Driver,CID181585,Bike,Hosur Road,Shantinagar,,,Not Applicable,Customer related issue,Not Applicable,Not Applicable,225,Not Applicable,0,,
2024-07-25 20:18:00,CNR3301425676,Canceled by Customer,CID176337,Prime SUV,Hosur Road,Devanahalli,,,Driver is not moving towards pickup location,Not Applicable,Not Applicable,Not Applicable,435,Not Applicable,0,,
2024-07-07 10:27:00,CNR4002339105,Driver Not Found,CID292435,Mini,Sahakar Nagar,Bellandur,,,Not Applicable,Not Applicable,Not Applicable,Not Applicable,366,Not Applicable,0,,
2024-07-07 16:05:00,CNR7222881597,Canceled by Customer,CID232520,Auto,Banashankari,Magadi Road,,,Change of plans,Not Applicable,Not Applicable,Not Applicable,692,Not Applicable,0,,
2024-07-04 21:57:00,CNR4927035910,Success,CID756173,Bike,Malleshwaram,Hebbal,77.0,75.0,Not Applicable,Not Applicable,No,Not Applicable,141,UPI,46,4.7,3.0
2024-07-17 11:35:00,CNR9550268696,Success,CID378461,Auto,Jayanagar,Varthur,189.0,120.0,Not Applicable,Not Applicable,No,Not Applicable,100,UPI,18,4.4,4.1
2024-07-26 18:24:00,CNR2575986813,Canceled by Customer,CID300591,eBike,Cox Town,Shantinagar,,,Wrong Address,Not Applicable,Not Applicable,Not Applicable,929,Not Applicable,0,,
2024-07-18 19:29:00,CNR4178082752,Canceled by Customer,CID387969,Prime Sedan,Sahakar Nagar,Peenya,,,AC is Not working,Not Applicable,Not Applicable,Not Applicable,389,Not Applicable,0,,
2024-07-13 18:01:00,CNR1179346547,Success,CID499291,Prime SUV,BTM Layout,Shantinagar,168.0,120.0,Not Applicable,Not Applicable,No,Not Applicable,300,Cash,3,4.5,4.1
2024-07-07 18:49:00,CNR3147587898,Canceled by Driver,CID997746,Prime SUV,Kammanahalli,Cox Town,,,Not Applicable,Personal & Car related issue,Not Applicable,Not Applicable,188,Not Applicable,0,,
2024-07-18 23:56:00,CNR8798342192,Canceled by Driver,CID698977,Prime SUV,Hosur Road,Richmond Town,,,Not Applicable,Customer was coughing/sick,Not Applicable,Not Applicable,173,Not Applicable,0,,
2024-07-28 10:49:00,CNR1682509651,Success,CID434179,Auto,Jayanagar,Shantinagar,175.0,30.0,Not Applicable,Not Applicable,No,Not Applicable,313,UPI,15,3.7,3.3
2024-07-03 04:28:00,CNR3832513099,Success,CID114387,Prime Sedan,Kengeri,Jayanagar,224.0,65.0,Not Applicable,Not Applicable,No,Not Applicable,319,Cash,43,4.4,3.3
2024-07-09 19:36:00,CNR6197343089,Canceled by Driver,CID672119,Prime Plus,Sahakar Nagar,Padmanabhanagar,,,Not Applicable,More than permitted people in there,Not Applicable,Not Applicable,316,Not Applicable,0,,
2024-07-09 00:22:00,CNR6551505460,Driver Not Found,CID596706,Prime SUV,Shivajinagar,Ramamurthy Nagar,,,Not Applicable,Not Applicable,Not Applicable,Not Applicable,475,Not Applicable,0,,
2024-07-20 20:21:00,CNR4946228161,Driver Not Found,CID696370,Bike,Banashankari,Majestic,,,Not Applicable,Not Applicable,Not Applicable,Not Applicable,214,Not Applicable,0,,
2024-07-30 08:46:00,CNR4229505840,Driver Not Found,CID614930,Prime SUV,Shivajinagar,Shivajinagar,,,Not Applicable,Not Applicable,Not Applicable,Not Applicable,519,Not Applicable,0,,
2024-07-15 08:05:00,CNR8040933341,Success,CID680704,eBike,RT Nagar,Ramamurthy Nagar,35.0,95.0,Not Applicable,Not Applicable,No,Not Applicable,391,Cash,42,4.6,4.9
2024-07-01 20:09:00,CNR3093610673,Canceled by Driver,CID532639,Auto,Yeshwanthpur,Mysore Road,,,Not Applicable,Personal & Car related issue,Not Applicable,Not Applicable,138,Not Applicable,0,,
2024-07-07 13:09:00,CNR1064826122,Driver Not Found,CID188774,Prime Sedan,Bellandur,Basavanagudi,,,Not Applicable,Not Applicable,Not Applicable,Not Applicable,413,Not Applicable,0,,
2024-07-27 06:46:00,CNR1025185409,Success,CID780471,Mini,Richmond Town,Richmond Town,196.0,65.0,Not Applicable,Not Applicable,No,Not Applicable,484,Cash,5,3.4,4.0
2024-07-28 00:19:00,CNR6590045569,Success,CID469625,Prime Sedan,Langford Town,Bannerghatta Road,210.0,90.0,Not Applicable,Not Applicable,No,Not Applicable,283,Cash,45,3.2,3.9
2024-07-16 04:13:00,CNR3132299523,Success,CID382993,Auto,Basavanagudi,Whitefield,203.0,85.0,Not Applicable,Not Applicable,No,Not Applicable,468,UPI,4,4.7,3.8
2024-07-03 12:56:00,CNR5345637621,Success,CID689194,Prime Sedan,Hebbal,Banashankari,140.0,95.0,Not Applicable,Not Applicable,No,Not Applicable,331,UPI,38,3.8,3.9
2024-07-14 00:39:00,CNR5175676427,Success,CID964057,eBike,HSR Layout,Hennur,119.0,75.0,Not Applicable,Not Applicable,No,Not Applicable,386,Cash,4,4.8,3.5
2024-07-04 23:41:00,CNR7422496570,Success,CID798774,Bike,Nagarbhavi,Rajarajeshwari Nagar,273.0,140.0,Not Applicable,Not Applicable,No,Not Applicable,464,Cash,16,4.7,4.4
2024-07-21 03:00:00,CNR8484043524,Success,CID348609,Prime Sedan,Hosur Road,Shantinagar,133.0,115.0,Not Applicable,Not Applicable,No,Not Applicable,149,Cash,42,4.9,4.4
2024-07-18 01:32:00,CNR8408361381,Success,CID968019,Bike,HSR Layout,Padmanabhanagar,224.0,90.0,Not Applicable,Not Applicable,No,Not Applicable,368,UPI,34,4.3,4.1
2024-07-11 10:02:00,CNR9308417117,Success,CID651492,Prime Sedan,BTM Layout,Marathahalli,280.0,45.0,Not Applicable,Not Applicable,No,Not Applicable,444,UPI,5,4.6,4.8
2024-07-01 17:15:00,CNR7304645844,Canceled by Customer,CID813320,Prime SUV,Hebbal,Peenya,,,Driver asked to cancel,Not Applicable,Not Applicable,Not Applicable,221,Not Applicable,0,,
2024-07-20 05:03:00,CNR8462929033,Success,CID182057,Prime Sedan,Langford Town,Magadi Road,189.0,140.0,Not Applicable,Not Applicable,No,Not Applicable,562,Cash,19,3.2,3.1
2024-07-22 15:28:00,CNR9811690361,Success,CID662263,eBike,Ulsoor,Hebbal,84.0,55.0,Not Applicable,Not Applicable,No,Not Applicable,372,UPI,45,4.6,4.4
2024-07-01 16:14:00,CNR6195443729,Success,CID347706,Mini,Kadugodi,Kengeri,126.0,45.0,Not Applicable,Not Applicable,No,Not Applicable,460,Credit Card,42,3.5,5.0
2024-07-28 11:41:00,CNR5038286424,Canceled by Customer,CID667940,Bike,RT Nagar,MG Road,,,AC is Not working,Not Applicable,Not Applicable,Not Applicable,425,Not Applicable,0,,
2024-07-02 23:13:00,CNR4420082270,Success,CID614446,Bike,JP Nagar,Richmond Town,224.0,85.0,Not Applicable,Not Applicable,No,Not Applicable,474,UPI,47,4.6,3.6
2024-07-23 10:20:00,CNR7996327197,Canceled by Driver,CID769731,Prime Plus,Whitefield,Tumkur Road,,,Not Applicable,Customer related issue,Not Applicable,Not Applicable,309,Not Applicable,0,,
2024-07-14 09:02:00,CNR7160360185,Success,CID509620,Prime Plus,Hennur,Hulimavu,105.0,85.0,Not Applicable,Not Applicable,No,Not Applicable,217,Cash,25,4.5,3.9
2024-07-07 20:48:00,CNR3035723880,Canceled by Driver,CID971664,Auto,MG Road,Kengeri,,,Not Applicable,Personal & Car related issue,Not Applicable,Not Applicable,563,Not Applicable,0,,
2024-07-03 15:41:00,CNR5062916589,Success,CID673016,Auto,Banashankari,Vijayanagar,105.0,105.0,Not Applicable,Not Applicable,No,Not Applicable,498,Cash,15,4.4,4.9
2024-07-16 18:08:00,CNR1645020568,Success,CID989966,eBike,Hosur Road,Chickpet,105.0,75.0,Not Applicable,Not Applicable,No,Not Applicable,425,Cash,2,4.1,4.3
2024-07-03 16:22:00,CNR2899932376,Success,CID257378,Prime Sedan,Chamarajpet,Ulsoor,112.0,40.0,Not Applicable,Not Applicable,No,Not Applicable,448,UPI,15,4.7,4.0
2024-07-23 02:08:00,CNR4414690528,Success,CID775969,Prime SUV,MG Road,Majestic,98.0,105.0,Not Applicable,Not Applicable,No,Not Applicable,251,Cash,20,4.9,3.3
2024-07-01 13:15:00,CNR8963277804,Success,CID480360,Prime SUV,Jayanagar,Magadi Road,217.0,90.0,Not Applicable,Not Applicable,Yes,Other Issue,2960,Cash,22,5.0,5.0
2024-07-25 02:32:00,CNR6834823987,Canceled by Driver,CID434026,Mini,Devanahalli,Magadi Road,,,Not Applicable,Customer related issue,Not Applicable,Not Applicable,386,Not Applicable,0,,
2024-07-20 07:25:00,CNR8076470903,Success,CID119114,Prime Sedan,Richmond Town,Tumkur Road,140.0,90.0,Not Applicable,Not Applicable,No,Not Applicable,2611,UPI,43,3.5,4.0
2024-07-04 13:20:00,CNR3024204079,Canceled by Driver,CID641893,Bike,JP Nagar,Cox Town,,,Not Applicable,Personal & Car related issue,Not Applicable,Not Applicable,942,Not Applicable,0,,
2024-07-17 13:03:00,CNR2616585545,Success,CID359003,Prime Sedan,Marathahalli,Padmanabhanagar,35.0,55.0,Not Applicable,Not Applicable,No,Not Applicable,202,Cash,16,4.6,4.4
2024-07-12 06:36:00,CNR3383265906,Success,CID510722,Mini,Whitefield,Hebbal,259.0,110.0,Not Applicable,Not Applicable,No,Not Applicable,451,Cash,19,3.5,3.4
2024-07-01 11:27:00,CNR2471887728,Success,CID270919,Mini,Kammanahalli,Yelahanka,112.0,45.0,Not Applicable,Not Applicable,No,Not Applicable,156,Cash,32,3.7,3.3
2024-07-17 15:04:00,CNR4687449017,Success,CID120497,Prime Sedan,Ramamurthy Nagar,Chickpet,133.0,105.0,Not Applicable,Not Applicable,No,Not Applicable,727,UPI,7,4.8,3.2
2024-07-30 11:05:00,CNR9075954036,Driver Not Found,CID991364,Bike,Whitefield,Peenya,,,Not Applicable,Not Applicable,Not Applicable,Not Applicable,378,Not Applicable,0,,
2024-07-22 12:26:00,CNR9464623782,Success,CID246522,Prime Plus,Shivajinagar,Hebbal,203.0,60.0,Not Applicable,Not Applicable,No,Not Applicable,306,Cash,11,4.3,3.7
2024-07-26 13:57:00,CNR5885352166,Success,CID129504,Bike,Jayanagar,Vijayanagar,161.0,25.0,Not Applicable,Not Applicable,No,Not Applicable,899,UPI,1,3.2,4.5
2024-07-29 06:36:00,CNR4586994934,Driver Not Found,CID391905,Mini,Sahakar Nagar,BTM Layout,,,Not Applicable,Not Applicable,Not Applicable,Not Applicable,208,Not Applicable,0,,
2024-07-14 09:28:00,CNR1290275522,Canceled by Driver,CID460569,Mini,HSR Layout,Yelahanka,,,Not Applicable,More than permitted people in there,Not Applicable,Not Applicable,149,Not Applicable,0,,
2024-07-26 18:09:00,CNR3102173734,Canceled by Customer,CID613437,Prime Plus,Magadi Road,Chickpet,,,Driver is not moving towards pickup location,Not Applicable,Not Applicable,Not Applicable,2811,Not Applicable,0,,
2024-07-13 08:47:00,CNR7938032896,Success,CID952408,Mini,Hennur,Koramangala,56.0,100.0,Not Applicable,Not Applicable,No,Not Applicable,986,Cash,35,4.4,4.2
2024-07-24 03:59:00,CNR7990772476,Success,CID266072,Bike,RT Nagar,Kadugodi,245.0,55.0,Not Applicable,Not Applicable,No,Not Applicable,305,Cash,13,4.5,4.3
2024-07-26 02:45:00,CNR9579507038,Success,CID880432,Prime Plus,Bellandur,Electronic City,84.0,95.0,Not Applicable,Not Applicable,No,Not Applicable,534,UPI,48,4.8,3.9
2024-07-10 18:29:00,CNR5574275056,Canceled by Driver,CID959313,Prime SUV,BTM Layout,Langford Town,,,Not Applicable,Personal & Car related issue,Not Applicable,Not Applicable,1505,Not Applicable,0,,
2024-07-01 15:51:00,CNR3675182074,Success,CID771014,Prime SUV,JP Nagar,RT Nagar,238.0,40.0,Not Applicable,Not Applicable,No,Not Applicable,411,Cash,7,3.0,3.5
2024-07-21 07:50:00,CNR8560912451,Canceled by Customer,CID807063,Auto,BTM Layout,Sarjapur Road,,,Change of plans,Not Applicable,Not Applicable,Not Applicable,529,Not Applicable,0,,
2024-07-19 01:35:00,CNR4439576305,Success,CID482975,Prime Plus,Bannerghatta Road,Kadugodi,35.0,115.0,Not Applicable,Not Applicable,Yes,Other Issue,2137,UPI,8,3.1,3.0
2024-07-16 22:02:00,CNR9533897170,Canceled by Customer,CID655449,Prime Plus,Vijayanagar,JP Nagar,,,Driver asked to cancel,Not Applicable,Not Applicable,Not Applicable,369,Not Applicable,0,,
2024-07-23 02:14:00,CNR7423761147,Driver Not Found,CID725519,Mini,RT Nagar,Malleshwaram,,,Not Applicable,Not Applicable,Not Applicable,Not Applicable,168,Not Applicable,0,,
2024-07-06 02:12:00,CNR4333489748,Success,CID448416,Prime Plus,Majestic,Majestic,42.0,25.0,Not Applicable,Not Applicable,No,Not Applicable,755,Cash,25,4.0,4.8
2024-07-17 21:21:00,CNR8907523395,Success,CID903277,eBike,Langford Town,Nagarbhavi,245.0,30.0,Not Applicable,Not Applicable,No,Not Applicable,294,Cash,9,4.0,4.6
2024-07-03 03:02:00,CNR9528888639,Success,CID509716,eBike,Bannerghatta Road,Chamarajpet,84.0,60.0,Not Applicable,Not Applicable,No,Not Applicable,777,UPI,2,5.0,4.4
2024-07-16 13:03:00,CNR2883884061,Canceled by Driver,CID705179,Prime Sedan,Kengeri,Yeshwanthpur,,,Not Applicable,Customer related issue,Not Applicable,Not Applicable,248,Not Applicable,0,,
2024-07-28 08:19:00,CNR8019087877,Success,CID508755,Prime SUV,Magadi Road,Langford Town,42.0,45.0,Not Applicable,Not Applicable,No,Not Applicable,249,Cash,4,3.1,3.4
2024-07-15 03:16:00,CNR7647442600,Success,CID452979,Mini,Kammanahalli,KR Puram,252.0,130.0,Not Applicable,Not Applicable,Yes,Customer Demand,317,Cash,14,4.2,3.6
2024-07-14 07:53:00,CNR9493776419,Success,CID116031,Mini,MG Road,Malleshwaram,147.0,145.0,Not Applicable,Not Applicable,No,Not Applicable,2521,Cash,26,4.1,4.9
2024-07-15 06:08:00,CNR5543958323,Success,CID192453,Mini,MG Road,Hulimavu,231.0,55.0,Not Applicable,Not Applicable,No,Not Applicable,101,UPI,13,3.6,3.5
2024-07-30 02:11:00,CNR2976531825,Driver Not Found,CID340408,Prime SUV,Chamarajpet,Sarjapur Road,,,Not Applicable,Not Applicable,Not Applicable,Not Applicable,728,Not Applicable,0,,
2024-07-01 10:48:00,CNR9378486237,Success,CID232138,Prime SUV,JP Nagar,Richmond Town,56.0,80.0,Not Applicable,Not Applicable,No,Not Applicable,200,Credit Card,27,3.8,4.7
2024-07-11 04:20:00,CNR5136524686,Canceled by Customer,CID585721,Prime Sedan,Chickpet,Banashankari,,,Wrong Address,Not Applicable,Not Applicable,Not Applicable,442,Not Applicable,0,,
2024-07-15 15:13:00,CNR9466029038,Success,CID560909,Auto,Majestic,Sarjapur Road,168.0,60.0,Not Applicable,Not Applicable,No,Not Applicable,226,Debit Card,3,4.7,3.9
2024-07-25 02:41:00,CNR8753559165,Success,CID162506,Prime Plus,Electronic City,Kengeri,308.0,95.0,Not Applicable,Not Applicable,No,Not Applicable,194,Cash,17,4.0,3.4
2024-07-06 13:57:00,CNR7165074336,Success,CID215342,Prime SUV,Kammanahalli,Tumkur Road,126.0,70.0,Not Applicable,Not Applicable,No,Not Applicable,157,Cash,14,3.4,4.1
2024-07-06 02:13:00,CNR3402059255,Success,CID784801,eBike,KR Puram,Vijayanagar,77.0,45.0,Not Applicable,Not Applicable,No,Not Applicable,186,UPI,37,3.7,3.2
2024-07-03 22:31:00,CNR9030496410,Success,CID868933,Prime SUV,Sahakar Nagar,Hennur,70.0,40.0,Not Applicable,Not Applicable,No,Not Applicable,813,Cash,28,4.9,3.2
2024-07-24 12:18:00,CNR9318116704,Canceled by Customer,CID553921,Prime Plus,Chamarajpet,Jayanagar,,,Driver is not moving towards pickup location,Not Applicable,Not Applicable,Not Applicable,759,Not Applicable,0,,
2024-07-06 06:06:00,CNR5822639160,Canceled by Driver,CID718715,Prime Plus,Malleshwaram,Majestic,,,Not Applicable,Personal & Car related issue,Not Applicable,Not Applicable,207,Not Applicable,0,,
2024-07-16 03:54:00,CNR8059964071,Success,CID757277,Prime SUV,Devanahalli,Hebbal,217.0,95.0,Not Applicable,Not Applicable,No,Not Applicable,119,UPI,27,3.4,3.1
2024-07-25 20:19:00,CNR8490302416,Canceled by Customer,CID533292,eBike,Yelahanka,Cox Town,,,Driver asked to cancel,Not Applicable,Not Applicable,Not Applicable,279,Not Applicable,0,,
2024-07-07 18:55:00,CNR5745272963,Driver Not Found,CID867936,Prime SUV,Hebbal,Electronic City,,,Not Applicable,Not Applicable,Not Applicable,Not Applicable,529,Not Applicable,0,,
2024-07-24 15:23:00,CNR1427854862,Success,CID681040,Prime SUV,Magadi Road,Electronic City,210.0,95.0,Not Applicable,Not Applicable,No,Not Applicable,846,Cash,21,3.8,3.3
2024-07-29 10:41:00,CNR5618234590,Success,CID745855,Prime SUV,Padmanabhanagar,Marathahalli,231.0,70.0,Not Applicable,Not Applicable,No,Not Applicable,263,Cash,41,4.9,3.5
2024-07-16 19:43:00,CNR6586501847,Success,CID978810,Prime SUV,Rajajinagar,Padmanabhanagar,273.0,140.0,Not Applicable,Not Applicable,No,Not Applicable,496,Cash,29,3.2,3.1
2024-07-26 14:50:00,CNR9733222636,Canceled by Driver,CID151868,Mini,MG Road,Yelahanka,,,Not Applicable,Personal & Car related issue,Not Applicable,Not Applicable,211,Not Applicable,0,,
2024-07-12 08:35:00,CNR2440866459,Success,CID525958,Prime Plus,Kadugodi,Yelahanka,252.0,110.0,Not Applicable,Not Applicable,No,Not Applicable,322,Cash,11,3.1,3.8
2024-07-17 19:16:00,CNR2358241189,Success,CID617230,eBike,BTM Layout,Banashankari,308.0,135.0,Not Applicable,Not Applicable,No,Not Applicable,334,UPI,39,3.9,3.3
2024-07-14 04:28:00,CNR7382965932,Success,CID202841,Prime SUV,Peenya,Vijayanagar,168.0,25.0,Not Applicable,Not Applicable,No,Not Applicable,1497,Cash,49,3.0,3.7
2024-07-10 05:35:00,CNR1095590930,Success,CID965871,Bike,Electronic City,Hebbal,98.0,30.0,Not Applicable,Not Applicable,Yes,Vehicle Breakdown,347,Cash,12,3.8,4.1
2024-07-23 21:40:00,CNR5006147479,Success,CID333609,Bike,Richmond Town,Richmond Town,245.0,140.0,Not Applicable,Not Applicable,No,Not Applicable,250,UPI,30,4.4,4.7
2024-07-30 05:09:00,CNR7400147191,Canceled by Customer,CID630077,Prime Plus,RT Nagar,Koramangala,,,Wrong Address,Not Applicable,Not Applicable,Not Applicable,829,Not Applicable,0,,
2024-07-16 07:06:00,CNR5991979318,Canceled by Customer,CID487077,Auto,Ramamurthy Nagar,Shivajinagar,,,Change of plans,Not Applicable,Not Applicable,Not Applicable,124,Not Applicable,0,,
2024-07-26 03:40:00,CNR8245062189,Canceled by Customer,CID664249,Bike,Kadugodi,Hennur,,,Driver is not moving towards pickup location,Not Applicable,Not Applicable,Not Applicable,704,Not Applicable,0,,
2024-07-27 06:32:00,CNR5097635712,Success,CID596941,Prime SUV,Mysore Road,Magadi Road,182.0,30.0,Not Applicable,Not Applicable,No,Not Applicable,1096,Cash,15,4.4,4.8
2024-07-16 16:55:00,CNR2377122219,Success,CID254775,Auto,Sarjapur Road,Rajajinagar,245.0,100.0,Not Applicable,Not Applicable,No,Not Applicable,938,Cash,8,3.4,3.0
2024-07-25 12:05:00,CNR3872610652,Success,CID397187,Prime Plus,Magadi Road,KR Puram,77.0,25.0,Not Applicable,Not Applicable,No,Not Applicable,2410,Cash,15,3.8,3.9
2024-07-15 13:01:00,CNR1163088764,Canceled by Driver,CID964042,Prime Plus,Malleshwaram,Shivajinagar,,,Not Applicable,Personal & Car related issue,Not Applicable,Not Applicable,603,Not Applicable,0,,
2024-07-10 23:36:00,CNR7123130731,Canceled by Customer,CID586502,Mini,Rajajinagar,Chamarajpet,,,Driver is not moving towards pickup location,Not Applicable,Not Applicable,Not Applicable,446,Not Applicable,0,,
2024-07-07 16:01:00,CNR7225427197,Canceled by Driver,CID722565,Mini,Rajarajeshwari Nagar,Koramangala,,,Not Applicable,Customer related issue,Not Applicable,Not Applicable,188,Not Applicable,0,,
2024-07-22 15:41:00,CNR5458341607,Driver Not Found,CID579327,Mini,Devanahalli,Kengeri,,,Not Applicable,Not Applicable,Not Applicable,Not Applicable,130,Not Applicable,0,,
2024-07-06 13:50:00,CNR7227905826,Canceled by Driver,CID331726,Prime SUV,Langford Town,Yeshwanthpur,,,Not Applicable,Customer was coughing/sick,Not Applicable,Not Applicable,128,Not Applicable,0,,
2024-07-22 12:39:00,CNR8883450613,Success,CID269405,Prime SUV,Hosur Road,Mysore Road,49.0,135.0,Not Applicable,Not Applicable,No,Not Applicable,963,Debit Card,43,4.8,3.8
2024-07-13 11:40:00,CNR5770381191,Driver Not Found,CID224536,Prime Plus,Padmanabhanagar,Hennur,,,Not Applicable,Not Applicable,Not Applicable,Not Applicable,117,Not Applicable,0,,
2024-07-22 13:03:00,CNR6302183291,Canceled by Driver,CID396466,Prime SUV,Marathahalli,KR Puram,,,Not Applicable,Personal & Car related issue,Not Applicable,Not Applicable,340,Not Applicable,0,,
2024-07-22 06:41:00,CNR3968247363,Success,CID946637,Prime Sedan,Banashankari,Sarjapur Road,161.0,45.0,Not Applicable,Not Applicable,No,Not Applicable,366,UPI,2,3.1,3.7
2024-07-11 08:24:00,CNR8773570900,Canceled by Driver,CID632750,Mini,Hulimavu,Sahakar Nagar,,,Not Applicable,More than permitted people in there,Not Applicable,Not Applicable,541,Not Applicable,0,,
2024-07-30 08:45:00,CNR1096708011,Success,CID219868,Prime Plus,BTM Layout,Peenya,63.0,70.0,Not Applicable,Not Applicable,No,Not Applicable,474,Cash,4,4.2,4.9
2024-07-30 21:41:00,CNR7591592385,Canceled by Customer,CID209438,Prime Plus,Whitefield,JP Nagar,,,Driver is not moving towards pickup location,Not Applicable,Not Applicable,Not Applicable,192,Not Applicable,0,,
2024-07-15 17:17:00,CNR5835727189,Canceled by Customer,CID117514,Bike,Yelahanka,Kengeri,,,Wrong Address,Not Applicable,Not Applicable,Not Applicable,703,Not Applicable,0,,
2024-07-12 12:56:00,CNR8243858049,Driver Not Found,CID418614,Auto,Nagarbhavi,Majestic,,,Not Applicable,Not Applicable,Not Applicable,Not Applicable,510,Not Applicable,0,,
2024-07-08 03:53:00,CNR5885945546,Driver Not Found,CID710923,eBike,Richmond Town,Bellandur,,,Not Applicable,Not Applicable,Not Applicable,Not Applicable,253,Not Applicable,0,,
2024-07-18 00:48:00,CNR8569637870,Canceled by Driver,CID760390,Bike,Nagarbhavi,Kammanahalli,,,Not Applicable,Personal & Car related issue,Not Applicable,Not Applicable,1354,Not Applicable,0,,
2024-07-20 15:15:00,CNR6818283965,Success,CID911226,eBike,Richmond Town,Cox Town,112.0,30.0,Not Applicable,Not Applicable,No,Not Applicable,237,Cash,31,3.6,4.0
2024-07-21 14:34:00,CNR7679166932,Canceled by Driver,CID911961,Prime SUV,Magadi Road,RT Nagar,,,Not Applicable,Customer related issue,Not Applicable,Not Applicable,432,Not Applicable,0,,
2024-07-12 01:19:00,CNR8564736709,Canceled by Driver,CID368215,Auto,HSR Layout,Rajarajeshwari Nagar,,,Not Applicable,Customer was coughing/sick,Not Applicable,Not Applicable,448,Not Applicable,0,,
2024-07-13 11:04:00,CNR1368311611,Success,CID749304,eBike,Chickpet,Hebbal,203.0,90.0,Not Applicable,Not Applicable,No,Not Applicable,184,UPI,19,3.5,3.2
2024-07-02 04:37:00,CNR9325120258,Success,CID450893,eBike,BTM Layout,Rajarajeshwari Nagar,189.0,120.0,Not Applicable,Not Applicable,No,Not Applicable,474,Cash,48,4.7,3.4
2024-07-04 17:45:00,CNR1857646210,Driver Not Found,CID205637,Prime Sedan,Kammanahalli,BTM Layout,,,Not Applicable,Not Applicable,Not Applicable,Not Applicable,238,Not Applicable,0,,
2024-07-08 09:16:00,CNR4557221905,Success,CID888608,Bike,Hebbal,Hulimavu,259.0,35.0,Not Applicable,Not Applicable,No,Not Applicable,468,UPI,40,4.2,3.6
2024-07-23 15:58:00,CNR4341375340,Driver Not Found,CID763919,eBike,Malleshwaram,Indiranagar,,,Not Applicable,Not Applicable,Not Applicable,Not Applicable,379,Not Applicable,0,,
2024-07-22 21:14:00,CNR3517640946,Success,CID147688,Bike,MG Road,JP Nagar,210.0,55.0,Not Applicable,Not Applicable,No,Not Applicable,823,UPI,18,4.0,3.9
2024-07-08 05:14:00,CNR8375857751,Success,CID703322,Auto,KR Puram,RT Nagar,231.0,30.0,Not Applicable,Not Applicable,No,Not Applicable,280,UPI,6,3.4,4.7
2024-07-08 03:44:00,CNR2325629958,Canceled by Customer,CID793947,Mini,Vijayanagar,Tumkur Road,,,Driver is not moving towards pickup location,Not Applicable,Not Applicable,Not Applicable,169,Not Applicable,0,,
2024-07-29 12:53:00,CNR9995380279,Success,CID795267,Bike,JP Nagar,JP Nagar,210.0,45.0,Not Applicable,Not Applicable,No,Not Applicable,989,Cash,22,4.1,4.0
2024-07-29 08:07:00,CNR6393972398,Canceled by Driver,CID418855,Prime Plus,Nagarbhavi,Bellandur,,,Not Applicable,Customer was coughing/sick,Not Applicable,Not Applicable,376,Not Applicable,0,,
2024-07-03 18:11:00,CNR1688875158,Driver Not Found,CID955042,Mini,Indiranagar,Varthur,,,Not Applicable,Not Applicable,Not Applicable,Not Applicable,1459,Not Applicable,0,,
2024-07-18 16:32:00,CNR9419594548,Canceled by Driver,CID624961,Prime SUV,Yelahanka,BTM Layout,,,Not Applicable,Personal & Car related issue,Not Applicable,Not Applicable,409,Not Applicable,0,,
2024-07-18 02:35:00,CNR3074626325,Canceled by Customer,CID105010,Prime SUV,Hennur,Rajarajeshwari Nagar,,,Wrong Address,Not Applicable,Not Applicable,Not Applicable,360,Not Applicable,0,,
2024-07-05 22:52:00,CNR4861829652,Canceled by Driver,CID143403,Prime Plus,Ramamurthy Nagar,Peenya,,,Not Applicable,Customer was coughing/sick,Not Applicable,Not Applicable,986,Not Applicable,0,,
2024-07-14 12:30:00,CNR3267618026,Canceled by Driver,CID981605,eBike,Bannerghatta Road,Vijayanagar,,,Not Applicable,Customer was coughing/sick,Not Applicable,Not Applicable,459,Not Applicable,0,,
2024-07-30 14:18:00,CNR1787364206,Canceled by Driver,CID544380,Auto,Indiranagar,Malleshwaram,,,Not Applicable,Customer was coughing/sick,Not Applicable,Not Applicable,1261,Not Applicable,0,,
2024-07-14 03:30:00,CNR5733407607,Success,CID839230,Prime Plus,KR Puram,Hulimavu,98.0,85.0,Not Applicable,Not Applicable,No,Not Applicable,2876,Cash,34,3.8,3.1
2024-07-14 15:50:00,CNR5745915504,Success,CID315796,Prime Plus,Nagarbhavi,Yelahanka,294.0,120.0,Not Applicable,Not Applicable,No,Not Applicable,1714,UPI,43,4.9,4.2
2024-07-01 01:14:00,CNR8334130184,Success,CID659560,Bike,Tumkur Road,Sarjapur Road,84.0,135.0,Not Applicable,Not Applicable,No,Not Applicable,330,UPI,35,3.8,4.2
2024-07-24 02:20:00,CNR2664066370,Driver Not Found,CID640494,Prime Plus,Whitefield,Bannerghatta Road,,,Not Applicable,Not Applicable,Not Applicable,Not Applicable,215,Not Applicable,0,,
2024-07-04 23:51:00,CNR4521613100,Success,CID489649,Bike,KR Puram,Hennur,126.0,40.0,Not Applicable,Not Applicable,No,Not Applicable,327,UPI,34,4.3,3.2
2024-07-06 21:40:00,CNR7389519958,Canceled by Customer,CID733858,Auto,Hennur,Langford Town,,,Change of plans,Not Applicable,Not Applicable,Not Applicable,340,Not Applicable,0,,
2024-07-11 17:53:00,CNR4728829928,Canceled by Customer,CID583113,Auto,Richmond Town,RT Nagar,,,Change of plans,Not Applicable,Not Applicable,Not Applicable,387,Not Applicable,0,,
2024-07-28 17:07:00,CNR7343227796,Canceled by Driver,CID996935,Auto,Varthur,Chamarajpet,,,Not Applicable,More than permitted people in there,Not Applicable,Not Applicable,932,Not Applicable,0,,
2024-07-10 09:06:00,CNR2416804984,Success,CID970363,eBike,Jayanagar,Nagarbhavi,294.0,105.0,Not Applicable,Not Applicable,No,Not Applicable,415,UPI,2,4.2,3.7
2024-07-11 15:24:00,CNR3014542180,Driver Not Found,CID455219,eBike,Koramangala,Bannerghatta Road,,,Not Applicable,Not Applicable,Not Applicable,Not Applicable,326,Not Applicable,0,,
2024-07-15 05:23:00,CNR7663138367,Canceled by Driver,CID508342,Prime Plus,Chickpet,Koramangala,,,Not Applicable,Personal & Car related issue,Not Applicable,Not Applicable,878,Not Applicable,0,,
2024-07-16 23:57:00,CNR3961210734,Success,CID589257,eBike,Kengeri,Whitefield,210.0,120.0,Not Applicable,Not Applicable,No,Not Applicable,112,UPI,12,3.7,3.1
2024-07-22 09:00:00,CNR6185717138,Canceled by Driver,CID844402,eBike,Vijayanagar,Indiranagar,,,Not Applicable,Customer was coughing/sick,Not Applicable,Not Applicable,173,Not Applicable,0,,
2024-07-08 09:52:00,CNR6937778637,Success,CID280702,eBike,Hennur,Hebbal,308.0,110.0,Not Applicable,Not Applicable,No,Not Applicable,854,Cash,33,4.8,3.7
2024-07-11 00:47:00,CNR2919804061,Success,CID847069,Mini,Hebbal,Nagarbhavi,287.0,60.0,Not Applicable,Not Applicable,Yes,Customer Demand,489,UPI,17,4.5,4.5
2024-07-02 16:13:00,CNR8671804472,Driver Not Found,CID123154,Auto,MG Road,Kammanahalli,,,Not Applicable,Not Applicable,Not Applicable,Not Applicable,110,Not Applicable,0,,
2024-07-12 16:50:00,CNR2908563597,Driver Not Found,CID601243,Prime Plus,Whitefield,MG Road,,,Not Applicable,Not Applicable,Not Applicable,Not Applicable,993,Not Applicable,0,,
2024-07-20 23:37:00,CNR7570268951,Success,CID191552,Prime Sedan,Peenya,KR Puram,133.0,135.0,Not Applicable,Not Applicable,No,Not Applicable,931,Cash,34,4.8,4.7
2024-07-03 06:03:00,CNR7801953914,Canceled by Driver,CID122416,Auto,Shantinagar,KR Puram,,,Not Applicable,Personal & Car related issue,Not Applicable,Not Applicable,591,Not Applicable,0,,
2024-07-22 23:16:00,CNR1409318668,Success,CID729000,Bike,Yelahanka,Shantinagar,308.0,120.0,Not Applicable,Not Applicable,No,Not Applicable,130,UPI,49,4.0,3.2
2024-07-21 17:27:00,CNR8030087306,Success,CID822056,Bike,Bellandur,MG Road,77.0,105.0,Not Applicable,Not Applicable,No,Not Applicable,2069,UPI,1,4.2,3.8
2024-07-26 00:35:00,CNR1149023331,Success,CID873906,Prime Plus,Shantinagar,Magadi Road,231.0,75.0,Not Applicable,Not Applicable,No,Not Applicable,327,UPI,4,4.7,4.7
2024-07-20 09:09:00,CNR6723226276,Driver Not Found,CID871816,eBike,Kammanahalli,Koramangala,,,Not Applicable,Not Applicable,Not Applicable,Not Applicable,139,Not Applicable,0,,
2024-07-02 12:59:00,CNR6602701017,Canceled by Driver,CID297104,Prime Plus,Cox Town,Kammanahalli,,,Not Applicable,More than permitted people in there,Not Applicable,Not Applicable,128,Not Applicable,0,,
2024-07-21 22:41:00,CNR6760008335,Success,CID628953,Auto,HSR Layout,Kammanahalli,203.0,60.0,Not Applicable,Not Applicable,No,Not Applicable,244,UPI,3,4.0,4.5
2024-07-30 04:59:00,CNR5836306585,Success,CID828264,Bike,Kammanahalli,Yeshwanthpur,63.0,80.0,Not Applicable,Not Applicable,No,Not Applicable,262,Cash,36,3.5,3.1
2024-07-25 20:54:00,CNR4720627600,Success,CID592625,Mini,Peenya,Yelahanka,112.0,50.0,Not Applicable,Not Applicable,No,Not Applicable,371,Cash,29,4.0,4.0
2024-07-09 01:55:00,CNR3225870877,Canceled by Customer,CID181793,Mini,Hulimavu,Sarjapur Road,,,Change of plans,Not Applicable,Not Applicable,Not Applicable,417,Not Applicable,0,,
2024-07-05 18:18:00,CNR5044705414,Success,CID781671,eBike,Majestic,Hosur Road,252.0,45.0,Not Applicable,Not Applicable,Yes,Customer Demand,1917,Cash,35,3.1,3.3
2024-07-14 22:59:00,CNR8511718815,Canceled by Customer,CID984493,Prime Plus,Hennur,Majestic,,,AC is Not working,Not Applicable,Not Applicable,Not Applicable,445,Not Applicable,0,,
2024-07-26 07:10:00,CNR8361586062,Success,CID958263,Prime Plus,Electronic City,Padmanabhanagar,147.0,80.0,Not Applicable,Not Applicable,No,Not Applicable,395,UPI,30,3.2,3.6
2024-07-07 22:42:00,CNR7158330959,Success,CID252845,Mini,Varthur,MG Road,308.0,130.0,Not Applicable,Not Applicable,No,Not Applicable,1934,UPI,17,4.4,3.1
2024-07-13 04:14:00,CNR5781599579,Success,CID823577,Mini,Hulimavu,Vijayanagar,266.0,115.0,Not Applicable,Not Applicable,No,Not Applicable,448,UPI,1,4.4,3.6
2024-07-21 07:40:00,CNR6064848144,Canceled by Driver,CID627113,Prime Plus,Kadugodi,Shantinagar,,,Not Applicable,Customer was coughing/sick,Not Applicable,Not Applicable,224,Not Applicable,0,,
2024-07-29 08:54:00,CNR4687732280,Success,CID822713,Mini,Sarjapur Road,Varthur,245.0,115.0,Not Applicable,Not Applicable,No,Not Applicable,387,Cash,16,4.8,3.2
2024-07-14 22:16:00,CNR9792631773,Canceled by Customer,CID301054,eBike,Bellandur,Jayanagar,,,Driver is not moving towards pickup location,Not Applicable,Not Applicable,Not Applicable,322,Not Applicable,0,,
2024-07-03 21:23:00,CNR7818322930,Canceled by Driver,CID836242,Mini,Richmond Town,Magadi Road,,,Not Applicable,Customer was coughing/sick,Not Applicable,Not Applicable,681,Not Applicable,0,,
2024-07-03 19:11:00,CNR7045602072,Success,CID240457,Bike,Yeshwanthpur,Whitefield,112.0,110.0,Not Applicable,Not Applicable,No,Not Applicable,371,Cash,13,5.0,4.7
2024-07-17 03:56:00,CNR9774754827,Canceled by Customer,CID638847,eBike,Chamarajpet,Yelahanka,,,Wrong Address,Not Applicable,Not Applicable,Not Applicable,487,Not Applicable,0,,
2024-07-08 23:47:00,CNR3653117218,Canceled by Driver,CID426514,Prime Plus,Chamarajpet,RT Nagar,,,Not Applicable,Personal & Car related issue,Not Applicable,Not Applicable,468,Not Applicable,0,,
2024-07-03 19:35:00,CNR9823040598,Canceled by Driver,CID796671,Auto,Magadi Road,Electronic City,,,Not Applicable,Customer was coughing/sick,Not Applicable,Not Applicable,149,Not Applicable,0,,
2024-07-01 01:02:00,CNR2260887339,Success,CID577118,eBike,Shantinagar,Langford Town,147.0,75.0,Not Applicable,Not Applicable,No,Not Applicable,202,Cash,22,4.3,4.1
2024-07-25 09:09:00,CNR8821163847,Success,CID465978,Prime Plus,Electronic City,Ramamurthy Nagar,63.0,100.0,Not Applicable,Not Applicable,No,Not Applicable,141,Cash,2,4.9,4.8
2024-07-06 08:52:00,CNR6506951837,Canceled by Customer,CID163233,Mini,Banashankari,Frazer Town,,,Driver asked to cancel,Not Applicable,Not Applicable,Not Applicable,191,Not Applicable,0,,
2024-07-29 22:21:00,CNR2130252092,Driver Not Found,CID832988,Auto,Hennur,Chickpet,,,Not Applicable,Not Applicable,Not Applicable,Not Applicable,586,Not Applicable,0,,
2024-07-27 09:40:00,CNR2704232719,Canceled by Driver,CID659618,Prime Sedan,Electronic City,Hulimavu,,,Not Applicable,Personal & Car related issue,Not Applicable,Not Applicable,405,Not Applicable,0,,
2024-07-07 05:25:00,CNR1146215662,Canceled by Driver,CID537471,Bike,Whitefield,Langford Town,,,Not Applicable,Customer related issue,Not Applicable,Not Applicable,388,Not Applicable,0,,
2024-07-08 10:36:00,CNR6461663533,Success,CID998511,Auto,Sarjapur Road,Langford Town,231.0,35.0,Not Applicable,Not Applicable,No,Not Applicable,442,UPI,10,3.7,5.0
2024-07-17 16:38:00,CNR5718567603,Driver Not Found,CID422952,Prime SUV,Frazer Town,Kengeri,,,Not Applicable,Not Applicable,Not Applicable,Not Applicable,264,Not Applicable,0,,
2024-07-22 01:07:00,CNR9429317389,Success,CID599353,eBike,Koramangala,JP Nagar,70.0,110.0,Not Applicable,Not Applicable,No,Not Applicable,383,Cash,42,4.4,4.4
2024-07-01 15:32:00,CNR7987547536,Success,CID757953,Bike,Ulsoor,Banashankari,175.0,30.0,Not Applicable,Not Applicable,No,Not Applicable,167,Cash,36,4.3,3.6
2024-07-22 01:51:00,CNR4322108334,Success,CID837744,Prime Plus,Malleshwaram,Chamarajpet,119.0,65.0,Not Applicable,Not Applicable,No,Not Applicable,200,UPI,15,3.9,4.1
2024-07-20 18:09:00,CNR4266406751,Canceled by Customer,CID709016,Bike,Bannerghatta Road,BTM Layout,,,Driver is not moving towards pickup location,Not Applicable,Not Applicable,Not Applicable,678,Not Applicable,0,,
2024-07-15 15:40:00,CNR8934594286,Success,CID325250,eBike,Electronic City,Bellandur,70.0,70.0,Not Applicable,Not Applicable,No,Not Applicable,270,Cash,14,3.3,4.4
2024-07-03 06:33:00,CNR4156254993,Canceled by Driver,CID458065,Bike,Hulimavu,Chamarajpet,,,Not Applicable,Customer related issue,Not Applicable,Not Applicable,211,Not Applicable,0,,
2024-07-05 10:07:00,CNR1907987452,Driver Not Found,CID125836,Mini,Chamarajpet,Hebbal,,,Not Applicable,Not Applicable,Not Applicable,Not Applicable,393,Not Applicable,0,,
2024-07-24 20:39:00,CNR8695130150,Canceled by Driver,CID300859,Mini,Mysore Road,Kengeri,,,Not Applicable,Customer related issue,Not Applicable,Not Applicable,411,Not Applicable,0,,
2024-07-23 14:58:00,CNR4948729531,Canceled by Driver,CID497587,Prime Plus,Whitefield,Vijayanagar,,,Not Applicable,Customer related issue,Not Applicable,Not Applicable,2406,Not Applicable,0,,
2024-07-13 05:02:00,CNR4730204522,Success,CID111263,Bike,Kengeri,Cox Town,56.0,75.0,Not Applicable,Not Applicable,No,Not Applicable,302,Cash,33,4.8,4.6
2024-07-16 04:30:00,CNR8507987183,Canceled by Driver,CID182542,Prime Sedan,Langford Town,JP Nagar,,,Not Applicable,Personal & Car related issue,Not Applicable,Not Applicable,738,Not Applicable,0,,
2024-07-23 11:31:00,CNR2192350506,Success,CID425239,eBike,Kadugodi,Langford Town,84.0,95.0,Not Applicable,Not Applicable,No,Not Applicable,321,Cash,48,4.7,3.6
2024-07-28 21:22:00,CNR4952621644,Success,CID442971,eBike,Sahakar Nagar,Marathahalli,42.0,140.0,Not Applicable,Not Applicable,No,Not Applicable,155,UPI,36,3.7,3.8
2024-07-03 10:11:00,CNR6052890497,Success,CID483485,Prime Plus,Varthur,Malleshwaram,231.0,85.0,Not Applicable,Not Applicable,No,Not Applicable,708,Cash,24,4.4,4.9
2024-07-11 04:03:00,CNR1063630418,Canceled by Driver,CID854675,Prime SUV,HSR Layout,Shantinagar,,,Not Applicable,Customer related issue,Not Applicable,Not Applicable,462,Not Applicable,0,,
2024-07-17 07:19:00,CNR6527077784,Success,CID375325,Bike,Varthur,Yelahanka,70.0,100.0,Not Applicable,Not Applicable,No,Not Applicable,614,UPI,34,4.3,4.2
2024-07-12 18:22:00,CNR8690153876,Canceled by Driver,CID171890,eBike,Chamarajpet,RT Nagar,,,Not Applicable,Personal & Car related issue,Not Applicable,Not Applicable,401,Not Applicable,0,,
2024-07-24 16:50:00,CNR9501319868,Canceled by Driver,CID259889,Prime Sedan,Magadi Road,Hosur Road,,,Not Applicable,Personal & Car related issue,Not Applicable,Not Applicable,179,Not Applicable,0,,
2024-07-13 01:20:00,CNR8916545753,Canceled by Driver,CID657475,Prime Sedan,Malleshwaram,Sahakar Nagar,,,Not Applicable,Customer was coughing/sick,Not Applicable,Not Applicable,509,Not Applicable,0,,
2024-07-04 12:18:00,CNR3625859808,Success,CID856170,Prime SUV,Frazer Town,Hennur,56.0,120.0,Not Applicable,Not Applicable,No,Not Applicable,160,UPI,48,4.9,4.3
2024-07-28 03:44:00,CNR6450868965,Success,CID264199,Bike,Nagarbhavi,Kammanahalli,98.0,50.0,Not Applicable,Not Applicable,No,Not Applicable,558,UPI,31,3.9,3.9
2024-07-30 16:24:00,CNR8711873982,Canceled by Driver,CID546153,Bike,Chickpet,Langford Town,,,Not Applicable,Personal & Car related issue,Not Applicable,Not Applicable,117,Not Applicable,0,,
2024-07-18 02:57:00,CNR6853692684,Success,CID565870,Mini,Shantinagar,Malleshwaram,301.0,75.0,Not Applicable,Not Applicable,No,Not Applicable,391,Cash,46,3.5,4.1
2024-07-20 19:34:00,CNR9113928552,Success,CID548897,Bike,Frazer Town,Langford Town,196.0,120.0,Not Applicable,Not Applicable,No,Not Applicable,115,Credit Card,33,3.5,5.0
2024-07-04 04:09:00,CNR2858687090,Canceled by Driver,CID840570,Prime Plus,Tumkur Road,Sarjapur Road,,,Not Applicable,Customer related issue,Not Applicable,Not Applicable,182,Not Applicable,0,,
2024-07-12 17:58:00,CNR7664999496,Success,CID849243,eBike,KR Puram,Hulimavu,301.0,125.0,Not Applicable,Not Applicable,No,Not Applicable,131,Cash,16,4.0,3.6
2024-07-15 19:49:00,CNR1143728499,Canceled by Customer,CID276193,eBike,Hulimavu,Bannerghatta Road,,,Wrong Address,Not Applicable,Not Applicable,Not Applicable,115,Not Applicable,0,,
2024-07-20 01:02:00,CNR1029828643,Success,CID175791,eBike,Rajarajeshwari Nagar,Banashankari,119.0,115.0,Not Applicable,Not Applicable,No,Not Applicable,706,UPI,4,3.2,4.0
2024-07-30 19:23:00,CNR7882979143,Driver Not Found,CID399068,eBike,Koramangala,Rajajinagar,,,Not Applicable,Not Applicable,Not Applicable,Not Applicable,256,Not Applicable,0,,
2024-07-24 13:54:00,CNR4209567583,Success,CID144713,eBike,Jayanagar,Peenya,119.0,35.0,Not Applicable,Not Applicable,No,Not Applicable,2620,UPI,34,3.1,4.7
2024-07-13 00:44:00,CNR4719347244,Driver Not Found,CID261373,Mini,Hebbal,Bannerghatta Road,,,Not Applicable,Not Applicable,Not Applicable,Not Applicable,141,Not Applicable,0,,
2024-07-13 20:58:00,CNR7061257130,Success,CID833148,Mini,Whitefield,Langford Town,91.0,50.0,Not Applicable,Not Applicable,No,Not Applicable,353,Cash,2,4.0,3.8
2024-07-11 16:49:00,CNR9795679404,Success,CID374233,Bike,Nagarbhavi,RT Nagar,259.0,60.0,Not Applicable,Not Applicable,No,Not Applicable,2238,UPI,4,4.1,3.6
2024-07-05 11:35:00,CNR5653008186,Success,CID906761,Prime Plus,Hebbal,Marathahalli,63.0,80.0,Not Applicable,Not Applicable,No,Not Applicable,186,UPI,26,4.5,4.2
2024-07-05 10:49:00,CNR2035370000,Success,CID794324,Prime SUV,Malleshwaram,Kadugodi,98.0,135.0,Not Applicable,Not Applicable,No,Not Applicable,193,Cash,21,4.9,3.9
2024-07-09 09:13:00,CNR9818569011,Success,CID247316,Prime SUV,Chickpet,Magadi Road,287.0,95.0,Not Applicable,Not Applicable,No,Not Applicable,296,UPI,34,3.9,4.5
2024-07-15 13:13:00,CNR2735793935,Success,CID947789,Prime Plus,Sarjapur Road,RT Nagar,259.0,35.0,Not Applicable,Not Applicable,No,Not Applicable,231,UPI,2,4.8,4.9
2024-07-27 12:02:00,CNR2650173593,Success,CID394728,eBike,Nagarbhavi,MG Road,294.0,75.0,Not Applicable,Not Applicable,No,Not Applicable,450,Cash,23,4.8,3.9
2024-07-26 17:02:00,CNR3969262506,Canceled by Driver,CID423480,Auto,Whitefield,Majestic,,,Not Applicable,Customer related issue,Not Applicable,Not Applicable,395,Not Applicable,0,,
2024-07-10 08:33:00,CNR4859322680,Success,CID676353,Auto,Marathahalli,Kengeri,294.0,130.0,Not Applicable,Not Applicable,No,Not Applicable,275,UPI,9,4.9,3.2
2024-07-22 15:41:00,CNR2172847308,Success,CID156010,Mini,Marathahalli,Tumkur Road,126.0,90.0,Not Applicable,Not Applicable,No,Not Applicable,1661,UPI,4,3.8,4.4
2024-07-20 02:07:00,CNR7154718839,Driver Not Found,CID553403,Bike,Shivajinagar,Koramangala,,,Not Applicable,Not Applicable,Not Applicable,Not Applicable,453,Not Applicable,0,,
2024-07-13 13:17:00,CNR4509707605,Success,CID718815,Prime Sedan,Devanahalli,Nagarbhavi,259.0,140.0,Not Applicable,Not Applicable,No,Not Applicable,165,UPI,6,4.8,5.0
2024-07-26 00:15:00,CNR7848928733,Success,CID446796,Prime Plus,Kadugodi,Marathahalli,280.0,100.0,Not Applicable,Not Applicable,No,Not Applicable,293,Cash,32,5.0,3.2
2024-07-28 08:51:00,CNR6555857552,Driver Not Found,CID100124,Prime SUV,Jayanagar,Electronic City,,,Not Applicable,Not Applicable,Not Applicable,Not Applicable,300,Not Applicable,0,,
2024-07-08 06:51:00,CNR4027480118,Canceled by Driver,CID351896,eBike,Jayanagar,Sarjapur Road,,,Not Applicable,Customer related issue,Not Applicable,Not Applicable,1149,Not Applicable,0,,
2024-07-13 11:03:00,CNR6030890330,Success,CID555731,Bike,Jayanagar,Frazer Town,77.0,30.0,Not Applicable,Not Applicable,No,Not Applicable,431,Cash,25,4.7,3.5
2024-07-19 04:14:00,CNR2899454975,Canceled by Driver,CID898111,Prime Plus,RT Nagar,Sahakar Nagar,,,Not Applicable,Personal & Car related issue,Not Applicable,Not Applicable,516,Not Applicable,0,,
2024-07-19 11:43:00,CNR3471538734,Canceled by Customer,CID220939,Auto,Frazer Town,Chickpet,,,Driver is not moving towards pickup location,Not Applicable,Not Applicable,Not Applicable,115,Not Applicable,0,,
2024-07-05 10:24:00,CNR4220193757,Canceled by Driver,CID546940,Auto,Tumkur Road,Malleshwaram,,,Not Applicable,Personal & Car related issue,Not Applicable,Not Applicable,2163,Not Applicable,0,,
2024-07-19 02:56:00,CNR6263725627,Canceled by Driver,CID650101,eBike,Sarjapur Road,Chamarajpet,,,Not Applicable,Customer was coughing/sick,Not Applicable,Not Applicable,876,Not Applicable,0,,
2024-07-07 15:45:00,CNR4001012237,Canceled by Customer,CID504417,Prime Plus,RT Nagar,Banashankari,,,Wrong Address,Not Applicable,Not Applicable,Not Applicable,226,Not Applicable,0,,
2024-07-19 01:06:00,CNR3630418223,Success,CID952403,eBike,JP Nagar,Majestic,49.0,145.0,Not Applicable,Not Applicable,No,Not Applicable,191,Cash,29,4.5,3.1
2024-07-23 17:27:00,CNR3918293714,Success,CID459707,eBike,Tumkur Road,Hebbal,273.0,75.0,Not Applicable,Not Applicable,Yes,Other Issue,300,UPI,40,4.6,4.2
2024-07-27 15:16:00,CNR5648313796,Success,CID966118,Bike,Ramamurthy Nagar,Banashankari,280.0,110.0,Not Applicable,Not Applicable,Yes,Customer Demand,2016,UPI,26,4.4,3.4
2024-07-19 19:29:00,CNR6534151748,Canceled by Driver,CID774443,Prime Plus,Magadi Road,Bannerghatta Road,,,Not Applicable,More than permitted people in there,Not Applicable,Not Applicable,372,Not Applicable,0,,
2024-07-14 12:32:00,CNR5467893798,Canceled by Customer,CID715684,Mini,Sarjapur Road,Sarjapur Road,,,Driver asked to cancel,Not Applicable,Not Applicable,Not Applicable,297,Not Applicable,0,,
2024-07-23 23:11:00,CNR3942826633,Success,CID574995,Auto,Malleshwaram,Tumkur Road,140.0,40.0,Not Applicable,Not Applicable,No,Not Applicable,367,UPI,18,4.7,3.3
2024-07-02 22:22:00,CNR3052473625,Success,CID214466,Bike,Bannerghatta Road,BTM Layout,245.0,105.0,Not Applicable,Not Applicable,No,Not Applicable,498,UPI,28,4.2,3.4
2024-07-08 23:10:00,CNR8808263580,Canceled by Customer,CID351829,Prime Sedan,Yelahanka,HSR Layout,,,Driver is not moving towards pickup location,Not Applicable,Not Applicable,Not Applicable,497,Not Applicable,0,,
2024-07-24 02:45:00,CNR1254677430,Canceled by Driver,CID758352,Prime Sedan,Hebbal,Sahakar Nagar,,,Not Applicable,Personal & Car related issue,Not Applicable,Not Applicable,831,Not Applicable,0,,
2024-07-11 07:08:00,CNR7279470910,Success,CID837055,Prime SUV,Frazer Town,Rajajinagar,77.0,25.0,Not Applicable,Not Applicable,No,Not Applicable,744,Cash,37,3.1,4.9
2024-07-23 17:23:00,CNR6553923547,Success,CID705112,Prime Plus,Hulimavu,Malleshwaram,231.0,65.0,Not Applicable,Not Applicable,No,Not Applicable,446,Cash,29,3.5,3.1
2024-07-10 09:27:00,CNR5333623284,Canceled by Customer,CID467735,Mini,Magadi Road,BTM Layout,,,Driver is not moving towards pickup location,Not Applicable,Not Applicable,Not Applicable,407,Not Applicable,0,,
2024-07-16 12:08:00,CNR6852425415,Canceled by Driver,CID948805,eBike,Jayanagar,Yelahanka,,,Not Applicable,Personal & Car related issue,Not Applicable,Not Applicable,670,Not Applicable,0,,
2024-07-21 01:43:00,CNR5431686724,Canceled by Driver,CID483456,Bike,Kadugodi,HSR Layout,,,Not Applicable,Customer was coughing/sick,Not Applicable,Not Applicable,905,Not Applicable,0,,
2024-07-26 17:32:00,CNR8543185261,Success,CID291471,eBike,Frazer Town,Jayanagar,168.0,70.0,Not Applicable,Not Applicable,No,Not Applicable,2595,Cash,45,3.1,3.6
2024-07-03 20:56:00,CNR4562887328,Canceled by Customer,CID600005,eBike,Tumkur Road,HSR Layout,,,Driver asked to cancel,Not Applicable,Not Applicable,Not Applicable,1094,Not Applicable,0,,
2024-07-21 19:51:00,CNR2123603265,Success,CID474782,Mini,Kadugodi,RT Nagar,168.0,60.0,Not Applicable,Not Applicable,No,Not Applicable,252,Cash,37,3.6,4.7
2024-07-17 08:03:00,CNR3308057072,Canceled by Driver,CID995991,eBike,Hulimavu,Kammanahalli,,,Not Applicable,Customer related issue,Not Applicable,Not Applicable,722,Not Applicable,0,,
2024-07-26 06:27:00,CNR7815994562,Success,CID956690,Bike,Hulimavu,JP Nagar,126.0,85.0,Not Applicable,Not Applicable,No,Not Applicable,193,UPI,26,3.3,3.5
2024-07-08 08:43:00,CNR7834058670,Success,CID742046,Prime SUV,Sarjapur Road,Rajarajeshwari Nagar,119.0,115.0,Not Applicable,Not Applicable,No,Not Applicable,928,UPI,19,4.5,3.9
2024-07-24 00:59:00,CNR8506676558,Success,CID367808,Mini,Frazer Town,Shantinagar,301.0,45.0,Not Applicable,Not Applicable,No,Not Applicable,1762,Credit Card,19,4.5,3.2
2024-07-05 22:27:00,CNR1880499336,Driver Not Found,CID999236,Mini,Padmanabhanagar,Ulsoor,,,Not Applicable,Not Applicable,Not Applicable,Not Applicable,671,Not Applicable,0,,
2024-07-04 14:34:00,CNR3898758231,Success,CID382630,Bike,Chickpet,Koramangala,105.0,135.0,Not Applicable,Not Applicable,No,Not Applicable,132,UPI,17,3.5,3.7
2024-07-14 07:53:00,CNR6138903215,Canceled by Customer,CID568246,Bike,KR Puram,Nagarbhavi,,,Driver asked to cancel,Not Applicable,Not Applicable,Not Applicable,178,Not Applicable,0,,
2024-07-01 01:31:00,CNR7604457100,Canceled by Driver,CID183273,Prime Plus,Magadi Road,Langford Town,,,Not Applicable,Customer related issue,Not Applicable,Not Applicable,224,Not Applicable,0,,
2024-07-26 02:51:00,CNR4545236640,Success,CID234743,eBike,JP Nagar,Jayanagar,119.0,105.0,Not Applicable,Not Applicable,No,Not Applicable,369,Cash,38,3.0,3.6
2024-07-01 03:54:00,CNR2135161401,Canceled by Driver,CID368385,Prime Plus,Banashankari,Hulimavu,,,Not Applicable,Personal & Car related issue,Not Applicable,Not Applicable,437,Not Applicable,0,,
2024-07-18 13:38:00,CNR2575859033,Driver Not Found,CID145837,Auto,Banashankari,Nagarbhavi,,,Not Applicable,Not Applicable,Not Applicable,Not Applicable,315,Not Applicable,0,,
2024-07-19 16:44:00,CNR9726811914,Success,CID247070,eBike,Varthur,MG Road,308.0,85.0,Not Applicable,Not Applicable,No,Not Applicable,600,Cash,36,3.8,4.6
2024-07-11 21:37:00,CNR9241227501,Canceled by Customer,CID342963,Mini,Rajajinagar,JP Nagar,,,Driver asked to cancel,Not Applicable,Not Applicable,Not Applicable,250,Not Applicable,0,,
2024-07-23 19:45:00,CNR5881259494,Driver Not Found,CID706470,Prime Plus,Basavanagudi,Hosur Road,,,Not Applicable,Not Applicable,Not Applicable,Not Applicable,198,Not Applicable,0,,
2024-07-18 16:59:00,CNR7435520207,Canceled by Customer,CID433266,Auto,Shivajinagar,Padmanabhanagar,,,Driver is not moving towards pickup location,Not Applicable,Not Applicable,Not Applicable,108,Not Applicable,0,,
2024-07-18 09:26:00,CNR9130383842,Success,CID986006,Mini,Shivajinagar,Frazer Town,301.0,140.0,Not Applicable,Not Applicable,No,Not Applicable,411,Cash,42,4.2,4.0
2024-07-26 23:26:00,CNR7847844915,Success,CID270422,Bike,Kengeri,Chickpet,189.0,60.0,Not Applicable,Not Applicable,No,Not Applicable,345,Cash,2,3.9,3.3
2024-07-22 09:15:00,CNR9266659177,Success,CID574946,Prime SUV,Indiranagar,Magadi Road,294.0,75.0,Not Applicable,Not Applicable,Yes,Other Issue,145,Cash,4,4.7,3.6
2024-07-07 10:24:00,CNR3541868311,Canceled by Customer,CID815191,Prime SUV,Majestic,BTM Layout,,,Driver asked to cancel,Not Applicable,Not Applicable,Not Applicable,217,Not Applicable,0,,
2024-07-23 23:48:00,CNR2148765428,Success,CID425443,Mini,Chamarajpet,Basavanagudi,217.0,130.0,Not Applicable,Not Applicable,No,Not Applicable,469,UPI,10,4.2,3.8
2024-07-09 06:17:00,CNR9556962929,Canceled by Driver,CID211562,Prime Plus,Kammanahalli,Marathahalli,,,Not Applicable,Personal & Car related issue,Not Applicable,Not Applicable,689,Not Applicable,0,,
2024-07-12 22:52:00,CNR8205991264,Success,CID668313,Prime SUV,Kammanahalli,Hosur Road,217.0,70.0,Not Applicable,Not Applicable,No,Not Applicable,152,Cash,49,3.3,4.7
2024-07-08 22:52:00,CNR8216903531,Driver Not Found,CID124961,Prime SUV,Hosur Road,Banashankari,,,Not Applicable,Not Applicable,Not Applicable,Not Applicable,728,Not Applicable,0,,
2024-07-30 23:01:00,CNR2916139991,Driver Not Found,CID347967,Prime Plus,Magadi Road,Magadi Road,,,Not Applicable,Not Applicable,Not Applicable,Not Applicable,769,Not Applicable,0,,
2024-07-13 03:03:00,CNR1625794065,Success,CID836407,Auto,Ramamurthy Nagar,Richmond Town,308.0,50.0,Not Applicable,Not Applicable,No,Not Applicable,293,UPI,19,4.6,3.9
2024-07-15 11:27:00,CNR8965616179,Canceled by Driver,CID274872,Prime SUV,BTM Layout,Devanahalli,,,Not Applicable,Personal & Car related issue,Not Applicable,Not Applicable,683,Not Applicable,0,,
2024-07-27 19:30:00,CNR1592840462,Success,CID545487,Mini,Peenya,Tumkur Road,119.0,125.0,Not Applicable,Not Applicable,No,Not Applicable,293,Cash,16,3.6,3.4
2024-07-25 10:12:00,CNR8481799748,Success,CID175296,Mini,Majestic,Devanahalli,140.0,125.0,Not Applicable,Not Applicable,No,Not Applicable,1104,Cash,44,3.2,3.2
2024-07-01 03:47:00,CNR2216045664,Success,CID691556,Prime SUV,Electronic City,Hulimavu,168.0,50.0,Not Applicable,Not Applicable,No,Not Applicable,558,Cash,9,3.0,3.6
2024-07-26 18:31:00,CNR1850386282,Success,CID772116,Auto,Varthur,BTM Layout,105.0,130.0,Not Applicable,Not Applicable,No,Not Applicable,282,Credit Card,12,3.7,3.9
2024-07-20 00:56:00,CNR7847235798,Success,CID855201,Auto,BTM Layout,Yelahanka,210.0,80.0,Not Applicable,Not Applicable,No,Not Applicable,584,Cash,18,4.2,3.5
2024-07-22 01:26:00,CNR4650720089,Success,CID577449,Prime SUV,Sahakar Nagar,Magadi Road,203.0,50.0,Not Applicable,Not Applicable,No,Not Applicable,733,Cash,38,3.4,4.6
2024-07-08 13:03:00,CNR7151924537,Success,CID926912,Prime Plus,Richmond Town,Majestic,56.0,45.0,Not Applicable,Not Applicable,No,Not Applicable,365,Cash,31,3.8,3.7
2024-07-27 14:29:00,CNR6156996787,Success,CID551459,Auto,Hebbal,Kengeri,70.0,95.0,Not Applicable,Not Applicable,No,Not Applicable,652,Credit Card,3,3.9,4.0
2024-07-17 04:11:00,CNR5225595602,Driver Not Found,CID783325,Mini,Yelahanka,Sarjapur Road,,,Not Applicable,Not Applicable,Not Applicable,Not Applicable,256,Not Applicable,0,,
2024-07-19 22:28:00,CNR5545820301,Success,CID645557,Auto,Rajarajeshwari Nagar,Mysore Road,49.0,50.0,Not Applicable,Not Applicable,No,Not Applicable,313,UPI,13,3.1,4.9
2024-07-11 11:23:00,CNR6883292476,Success,CID273139,Bike,Malleshwaram,Malleshwaram,56.0,140.0,Not Applicable,Not Applicable,No,Not Applicable,714,Cash,12,4.5,4.6
2024-07-19 10:53:00,CNR1764805081,Success,CID395342,eBike,Rajarajeshwari Nagar,Rajajinagar,301.0,115.0,Not Applicable,Not Applicable,No,Not Applicable,2187,Cash,43,5.0,4.0
2024-07-25 17:12:00,CNR4203146474,Success,CID330060,Prime Plus,Bannerghatta Road,Padmanabhanagar,49.0,145.0,Not Applicable,Not Applicable,No,Not Applicable,1705,Cash,16,4.6,3.7
2024-07-27 20:33:00,CNR6086599655,Success,CID155417,Prime Sedan,Indiranagar,HSR Layout,280.0,125.0,Not Applicable,Not Applicable,No,Not Applicable,486,Cash,8,3.0,3.1
2024-07-02 00:21:00,CNR2161474099,Success,CID425541,eBike,Yelahanka,Kengeri,35.0,145.0,Not Applicable,Not Applicable,No,Not Applicable,223,Cash,15,4.2,4.2
2024-07-22 11:19:00,CNR1860365012,Success,CID343036,Prime SUV,Koramangala,KR Puram,308.0,70.0,Not Applicable,Not Applicable,No,Not Applicable,928,Cash,49,4.8,3.5
2024-07-11 11:41:00,CNR4714900440,Driver Not Found,CID745370,Bike,MG Road,Chamarajpet,,,Not Applicable,Not Applicable,Not Applicable,Not Applicable,275,Not Applicable,0,,
2024-07-20 03:26:00,CNR8558089251,Canceled by Driver,CID821082,Prime Plus,MG Road,Chickpet,,,Not Applicable,More than permitted people in there,Not Applicable,Not Applicable,2173,Not Applicable,0,,
2024-07-14 00:22:00,CNR9266511858,Canceled by Driver,CID231994,Prime Sedan,Langford Town,Richmond Town,,,Not Applicable,Personal & Car related issue,Not Applicable,Not Applicable,335,Not Applicable,0,,
2024-07-10 01:02:00,CNR7243796592,Canceled by Driver,CID477700,Auto,Basavanagudi,Varthur,,,Not Applicable,Personal & Car related issue,Not Applicable,Not Applicable,623,Not Applicable,0,,
2024-07-13 18:57:00,CNR4080242172,Success,CID513163,Bike,RT Nagar,Langford Town,175.0,120.0,Not Applicable,Not Applicable,No,Not Applicable,415,Cash,16,4.9,4.8
2024-07-27 11:29:00,CNR8715132288,Canceled by Driver,CID494987,Auto,Shivajinagar,Majestic,,,Not Applicable,Personal & Car related issue,Not Applicable,Not Applicable,489,Not Applicable,0,,
2024-07-27 18:04:00,CNR6623477149,Success,CID437233,Prime Plus,Rajajinagar,JP Nagar,63.0,125.0,Not Applicable,Not Applicable,No,Not Applicable,178,Cash,43,3.2,4.9
2024-07-27 05:46:00,CNR1827510928,Driver Not Found,CID596666,Mini,Yelahanka,Whitefield,,,Not Applicable,Not Applicable,Not Applicable,Not Applicable,134,Not Applicable,0,,
2024-07-02 23:24:00,CNR8336430946,Driver Not Found,CID506633,Prime SUV,MG Road,Vijayanagar,,,Not Applicable,Not Applicable,Not Applicable,Not Applicable,438,Not Applicable,0,,
2024-07-11 09:21:00,CNR1399563346,Canceled by Customer,CID636344,Mini,Hosur Road,Bannerghatta Road,,,Change of plans,Not Applicable,Not Applicable,Not Applicable,760,Not Applicable,0,,
2024-07-01 23:37:00,CNR5378018019,Success,CID290041,Prime Plus,Varthur,Sahakar Nagar,273.0,80.0,Not Applicable,Not Applicable,No,Not Applicable,350,Cash,27,4.3,3.9
2024-07-15 05:46:00,CNR8873641643,Canceled by Customer,CID589428,eBike,Whitefield,Chamarajpet,,,AC is Not working,Not Applicable,Not Applicable,Not Applicable,444,Not Applicable,0,,
2024-07-05 08:22:00,CNR1203792150,Canceled by Customer,CID592498,Prime Sedan,Yeshwanthpur,Vijayanagar,,,Wrong Address,Not Applicable,Not Applicable,Not Applicable,386,Not Applicable,0,,
2024-07-05 06:24:00,CNR8358758489,Success,CID630473,Bike,KR Puram,Jayanagar,35.0,75.0,Not Applicable,Not Applicable,No,Not Applicable,431,Cash,14,4.9,3.7
2024-07-04 09:21:00,CNR3783156830,Canceled by Customer,CID702642,eBike,Richmond Town,Yelahanka,,,Driver is not moving towards pickup location,Not Applicable,Not Applicable,Not Applicable,123,Not Applicable,0,,
2024-07-07 06:11:00,CNR3324120387,Success,CID661551,Bike,Ramamurthy Nagar,Banashankari,105.0,30.0,Not Applicable,Not Applicable,No,Not Applicable,184,Cash,8,3.5,4.9
2024-07-22 00:59:00,CNR1640613984,Driver Not Found,CID759334,Prime Sedan,Jayanagar,Chamarajpet,,,Not Applicable,Not Applicable,Not Applicable,Not Applicable,1105,Not Applicable,0,,
2024-07-24 00:56:00,CNR1219334211,Success,CID424404,Prime Plus,Rajarajeshwari Nagar,KR Puram,119.0,115.0,Not Applicable,Not Applicable,Yes,Customer Demand,274,UPI,34,4.9,4.7
2024-07-14 18:30:00,CNR8294135722,Success,CID411357,eBike,Hennur,Hebbal,301.0,40.0,Not Applicable,Not Applicable,No,Not Applicable,143,UPI,23,3.5,4.4
2024-07-24 14:36:00,CNR5126049831,Canceled by Driver,CID393399,Bike,Varthur,Yeshwanthpur,,,Not Applicable,Customer was coughing/sick,Not Applicable,Not Applicable,369,Not Applicable,0,,
2024-07-04 07:34:00,CNR4709751010,Success,CID800123,Mini,Kengeri,Sahakar Nagar,238.0,65.0,Not Applicable,Not Applicable,No,Not Applicable,378,UPI,31,3.3,4.3
2024-07-27 07:29:00,CNR8593584179,Driver Not Found,CID748017,Prime Plus,Mysore Road,Tumkur Road,,,Not Applicable,Not Applicable,Not Applicable,Not Applicable,444,Not Applicable,0,,
2024-07-14 00:11:00,CNR9534396757,Success,CID209929,eBike,Banashankari,Yeshwanthpur,42.0,140.0,Not Applicable,Not Applicable,No,Not Applicable,872,Cash,15,3.3,3.8
2024-07-30 17:14:00,CNR9879192781,Driver Not Found,CID722359,Auto,Hennur,Mysore Road,,,Not Applicable,Not Applicable,Not Applicable,Not Applicable,499,Not Applicable,0,,
2024-07-01 12:33:00,CNR2344375298,Success,CID480772,Auto,Banashankari,Bellandur,301.0,135.0,Not Applicable,Not Applicable,No,Not Applicable,484,UPI,10,3.7,3.6
2024-07-17 19:13:00,CNR2248648125,Success,CID567178,Mini,Frazer Town,Langford Town,154.0,105.0,Not Applicable,Not Applicable,No,Not Applicable,406,Cash,33,4.6,4.8
2024-07-20 08:52:00,CNR8512162104,Canceled by Driver,CID712723,Prime Plus,Peenya,Jayanagar,,,Not Applicable,Customer related issue,Not Applicable,Not Applicable,166,Not Applicable,0,,
2024-07-22 01:27:00,CNR6603810276,Success,CID650443,Bike,Hulimavu,Peenya,84.0,90.0,Not Applicable,Not Applicable,No,Not Applicable,367,Credit Card,46,4.1,4.8
2024-07-28 11:33:00,CNR4670691860,Canceled by Driver,CID729535,Auto,Padmanabhanagar,Kengeri,,,Not Applicable,Customer related issue,Not Applicable,Not Applicable,670,Not Applicable,0,,
2024-07-20 00:15:00,CNR7046283728,Success,CID309149,Bike,Ramamurthy Nagar,Yeshwanthpur,259.0,125.0,Not Applicable,Not Applicable,No,Not Applicable,307,UPI,16,4.5,4.8
2024-07-28 02:42:00,CNR5324212922,Canceled by Customer,CID232336,Prime Plus,Marathahalli,Majestic,,,Change of plans,Not Applicable,Not Applicable,Not Applicable,683,Not Applicable,0,,
2024-07-22 02:53:00,CNR2441170106,Canceled by Driver,CID768510,Prime SUV,Sahakar Nagar,Padmanabhanagar,,,Not Applicable,Personal & Car related issue,Not Applicable,Not Applicable,330,Not Applicable,0,,
2024-07-17 21:08:00,CNR2170660897,Canceled by Driver,CID791470,Bike,Hosur Road,Richmond Town,,,Not Applicable,More than permitted people in there,Not Applicable,Not Applicable,173,Not Applicable,0,,
2024-07-25 05:03:00,CNR4154985331,Success,CID391939,Bike,Bannerghatta Road,Padmanabhanagar,126.0,60.0,Not Applicable,Not Applicable,No,Not Applicable,882,Cash,16,4.2,4.2
2024-07-06 03:14:00,CNR4510407016,Success,CID156748,Mini,Nagarbhavi,Ramamurthy Nagar,84.0,35.0,Not Applicable,Not Applicable,No,Not Applicable,255,Cash,36,3.2,3.2
2024-07-25 14:32:00,CNR3177833843,Success,CID583756,eBike,Richmond Town,Hennur,203.0,100.0,Not Applicable,Not Applicable,No,Not Applicable,270,UPI,32,4.9,3.6
2024-07-15 17:30:00,CNR2475098284,Canceled by Driver,CID622965,Prime SUV,Kengeri,RT Nagar,,,Not Applicable,Personal & Car related issue,Not Applicable,Not Applicable,467,Not Applicable,0,,
2024-07-12 04:57:00,CNR1248441681,Success,CID129297,Prime Plus,Padmanabhanagar,Basavanagudi,105.0,130.0,Not Applicable,Not Applicable,Yes,Other Issue,108,UPI,31,3.9,4.5
2024-07-29 04:29:00,CNR5907123482,Driver Not Found,CID409510,Prime Sedan,Yelahanka,Shivajinagar,,,Not Applicable,Not Applicable,Not Applicable,Not Applicable,270,Not Applicable,0,,
2024-07-05 02:48:00,CNR9648392671,Success,CID518512,Auto,Peenya,Koramangala,161.0,105.0,Not Applicable,Not Applicable,No,Not Applicable,425,UPI,9,4.5,3.7
2024-07-18 00:50:00,CNR3092698432,Success,CID315873,eBike,Hulimavu,JP Nagar,77.0,110.0,Not Applicable,Not Applicable,No,Not Applicable,406,Cash,10,5.0,3.3
2024-07-09 02:29:00,CNR1220715699,Success,CID515801,Prime Plus,Yeshwanthpur,Basavanagudi,161.0,25.0,Not Applicable,Not Applicable,No,Not Applicable,106,UPI,46,3.9,3.5
2024-07-03 02:35:00,CNR2956798934,Driver Not Found,CID262053,Auto,Bannerghatta Road,JP Nagar,,,Not Applicable,Not Applicable,Not Applicable,Not Applicable,2006,Not Applicable,0,,
2024-07-22 06:39:00,CNR1401406968,Success,CID893387,Prime Sedan,Ulsoor,Ulsoor,112.0,35.0,Not Applicable,Not Applicable,No,Not Applicable,536,UPI,21,3.5,4.4
2024-07-30 06:19:00,CNR3162765160,Success,CID149959,Auto,Hennur,Koramangala,63.0,55.0,Not Applicable,Not Applicable,No,Not Applicable,174,Cash,13,4.5,4.0
2024-07-24 00:05:00,CNR1771045406,Success,CID831319,eBike,Shivajinagar,Banashankari,91.0,145.0,Not Applicable,Not Applicable,No,Not Applicable,157,Cash,37,4.4,4.1
2024-07-03 21:34:00,CNR8504382593,Driver Not Found,CID431074,Mini,Electronic City,Marathahalli,,,Not Applicable,Not Applicable,Not Applicable,Not Applicable,860,Not Applicable,0,,
2024-07-14 23:21:00,CNR9896096799,Success,CID957781,Prime Sedan,Mysore Road,Hennur,147.0,125.0,Not Applicable,Not Applicable,No,Not Applicable,650,UPI,24,3.5,4.8
2024-07-19 02:09:00,CNR5585081216,Success,CID528842,Auto,Varthur,HSR Layout,189.0,140.0,Not Applicable,Not Applicable,No,Not Applicable,706,UPI,18,3.1,4.6
2024-07-03 17:59:00,CNR5546486907,Canceled by Customer,CID356044,Bike,Rajarajeshwari Nagar,Banashankari,,,Driver is not moving towards pickup location,Not Applicable,Not Applicable,Not Applicable,399,Not Applicable,0,,
2024-07-26 07:39:00,CNR8472371104,Success,CID741261,Mini,Malleshwaram,Vijayanagar,266.0,110.0,Not Applicable,Not Applicable,No,Not Applicable,528,Cash,1,3.3,3.9
2024-07-24 03:09:00,CNR4756256788,Canceled by Driver,CID786897,Prime Plus,Chickpet,Indiranagar,,,Not Applicable,Personal & Car related issue,Not Applicable,Not Applicable,129,Not Applicable,0,,
2024-07-09 04:25:00,CNR1120490368,Success,CID784548,eBike,MG Road,Majestic,133.0,50.0,Not Applicable,Not Applicable,No,Not Applicable,1681,UPI,33,3.5,3.8
2024-07-26 12:05:00,CNR7618658101,Success,CID903862,Auto,Frazer Town,Nagarbhavi,217.0,135.0,Not Applicable,Not Applicable,No,Not Applicable,363,Cash,12,3.1,4.0
2024-07-24 03:32:00,CNR6579017099,Driver Not Found,CID877309,eBike,Chickpet,Nagarbhavi,,,Not Applicable,Not Applicable,Not Applicable,Not Applicable,129,Not Applicable,0,,
2024-07-09 23:35:00,CNR6616482156,Success,CID147671,eBike,Rajarajeshwari Nagar,Langford Town,273.0,140.0,Not Applicable,Not Applicable,No,Not Applicable,477,Cash,36,3.7,3.0
2024-07-18 17:17:00,CNR3163382401,Driver Not Found,CID677318,Bike,Varthur,Nagarbhavi,,,Not Applicable,Not Applicable,Not Applicable,Not Applicable,339,Not Applicable,0,,
2024-07-29 09:32:00,CNR4804403429,Canceled by Customer,CID880175,Prime Plus,Magadi Road,Bellandur,,,Driver is not moving towards pickup location,Not Applicable,Not Applicable,Not Applicable,753,Not Applicable,0,,
2024-07-01 15:40:00,CNR5334574034,Success,CID457440,Bike,Koramangala,JP Nagar,203.0,55.0,Not Applicable,Not Applicable,No,Not Applicable,615,Cash,21,3.5,3.7
2024-07-26 12:48:00,CNR2331982907,Canceled by Customer,CID839654,Mini,Electronic City,Sarjapur Road,,,Wrong Address,Not Applicable,Not Applicable,Not Applicable,298,Not Applicable,0,,
2024-07-05 20:11:00,CNR8817871700,Success,CID274045,Prime Plus,Vijayanagar,Cox Town,238.0,130.0,Not Applicable,Not Applicable,No,Not Applicable,240,Cash,22,3.1,4.4
2024-07-26 19:04:00,CNR6034054513,Success,CID637802,Prime Plus,Vijayanagar,Kengeri,238.0,90.0,Not Applicable,Not Applicable,No,Not Applicable,274,UPI,21,4.4,4.6
2024-07-07 05:48:00,CNR4451107703,Success,CID830383,Prime Plus,Frazer Town,Shantinagar,287.0,60.0,Not Applicable,Not Applicable,No,Not Applicable,772,Cash,49,4.8,4.1
2024-07-05 21:45:00,CNR1961349483,Canceled by Customer,CID346323,Auto,Rajarajeshwari Nagar,Kadugodi,,,Driver is not moving towards pickup location,Not Applicable,Not Applicable,Not Applicable,719,Not Applicable,0,,
2024-07-18 03:41:00,CNR4212897655,Driver Not Found,CID612866,Auto,Rajarajeshwari Nagar,Shantinagar,,,Not Applicable,Not Applicable,Not Applicable,Not Applicable,469,Not Applicable,0,,
2024-07-06 08:24:00,CNR9848232822,Success,CID302323,Prime Sedan,Electronic City,Banashankari,224.0,75.0,Not Applicable,Not Applicable,No,Not Applicable,466,UPI,33,4.6,4.1
2024-07-15 09:16:00,CNR6566433683,Success,CID957048,Prime SUV,Sarjapur Road,Chickpet,63.0,105.0,Not Applicable,Not Applicable,No,Not Applicable,807,Credit Card,2,4.5,4.2
2024-07-30 12:56:00,CNR3946951987,Success,CID198233,Auto,Ramamurthy Nagar,Kadugodi,98.0,130.0,Not Applicable,Not Applicable,No,Not Applicable,546,Cash,4,4.4,4.0
2024-07-25 21:54:00,CNR2340943722,Canceled by Driver,CID627185,Bike,Rajajinagar,MG Road,,,Not Applicable,Customer related issue,Not Applicable,Not Applicable,581,Not Applicable,0,,
2024-07-20 04:47:00,CNR5039189236,Driver Not Found,CID622671,Bike,MG Road,Nagarbhavi,,,Not Applicable,Not Applicable,Not Applicable,Not Applicable,335,Not Applicable,0,,
2024-07-21 00:10:00,CNR1911339471,Canceled by Driver,CID981511,Prime SUV,Devanahalli,KR Puram,,,Not Applicable,Customer related issue,Not Applicable,Not Applicable,282,Not Applicable,0,,
2024-07-29 06:27:00,CNR4680605906,Canceled by Driver,CID425948,eBike,Hennur,Kengeri,,,Not Applicable,More than permitted people in there,Not Applicable,Not Applicable,351,Not Applicable,0,,
2024-07-19 04:17:00,CNR4191031843,Driver Not Found,CID665741,Prime Sedan,Sarjapur Road,Devanahalli,,,Not Applicable,Not Applicable,Not Applicable,Not Applicable,780,Not Applicable,0,,
2024-07-20 12:48:00,CNR6058056281,Success,CID631740,eBike,Cox Town,Ulsoor,287.0,135.0,Not Applicable,Not Applicable,No,Not Applicable,660,Cash,21,4.5,3.6
2024-07-08 20:23:00,CNR2923886000,Canceled by Driver,CID768420,Bike,Shivajinagar,Bellandur,,,Not Applicable,Personal & Car related issue,Not Applicable,Not Applicable,210,Not Applicable,0,,
2024-07-29 04:29:00,CNR1823742298,Success,CID479119,Mini,Chamarajpet,Kammanahalli,196.0,80.0,Not Applicable,Not Applicable,No,Not Applicable,305,Cash,27,4.4,4.5
2024-07-22 22:28:00,CNR6455603365,Driver Not Found,CID194305,Auto,Banashankari,Devanahalli,,,Not Applicable,Not Applicable,Not Applicable,Not Applicable,1879,Not Applicable,0,,
2024-07-16 17:11:00,CNR6077905281,Success,CID839938,Mini,Rajajinagar,RT Nagar,70.0,25.0,Not Applicable,Not Applicable,No,Not Applicable,164,Cash,35,3.2,4.3
2024-07-22 03:50:00,CNR8595417064,Canceled by Driver,CID616003,eBike,Whitefield,Marathahalli,,,Not Applicable,Customer was coughing/sick,Not Applicable,Not Applicable,331,Not Applicable,0,,
2024-07-05 12:14:00,CNR2214600621,Success,CID527665,Bike,Marathahalli,Shivajinagar,168.0,105.0,Not Applicable,Not Applicable,No,Not Applicable,262,Cash,42,4.6,4.4
2024-07-18 18:10:00,CNR2644235950,Canceled by Driver,CID902461,Prime SUV,Magadi Road,Malleshwaram,,,Not Applicable,Customer was coughing/sick,Not Applicable,Not Applicable,277,Not Applicable,0,,
2024-07-09 17:34:00,CNR7776337099,Success,CID597386,Prime Sedan,Hennur,Mysore Road,294.0,130.0,Not Applicable,Not Applicable,No,Not Applicable,853,Cash,14,4.7,4.2
2024-07-23 01:12:00,CNR6284027287,Success,CID611143,Auto,Magadi Road,Malleshwaram,287.0,100.0,Not Applicable,Not Applicable,No,Not Applicable,292,Cash,5,4.0,3.4
2024-07-17 04:48:00,CNR9384544059,Driver Not Found,CID516886,Mini,Nagarbhavi,Varthur,,,Not Applicable,Not Applicable,Not Applicable,Not Applicable,227,Not Applicable,0,,
2024-07-24 20:39:00,CNR6640691771,Driver Not Found,CID923863,Bike,Indiranagar,Kammanahalli,,,Not Applicable,Not Applicable,Not Applicable,Not Applicable,1612,Not Applicable,0,,
2024-07-22 21:20:00,CNR6104261552,Success,CID598837,eBike,Koramangala,Cox Town,56.0,70.0,Not Applicable,Not Applicable,No,Not Applicable,362,UPI,44,3.6,3.6
2024-07-18 08:40:00,CNR1885136144,Success,CID632301,Prime Sedan,Yeshwanthpur,Kammanahalli,91.0,50.0,Not Applicable,Not Applicable,No,Not Applicable,188,Cash,23,3.0,4.3
2024-07-01 14:28:00,CNR8020875508,Success,CID522743,eBike,BTM Layout,Cox Town,140.0,130.0,Not Applicable,Not Applicable,No,Not Applicable,525,UPI,7,4.0,4.9
2024-07-07 20:28:00,CNR5683862058,Driver Not Found,CID202213,Auto,Chickpet,Shivajinagar,,,Not Applicable,Not Applicable,Not Applicable,Not Applicable,564,Not Applicable,0,,
2024-07-13 17:28:00,CNR8414457581,Success,CID435132,Prime SUV,Hulimavu,Banashankari,56.0,60.0,Not Applicable,Not Applicable,No,Not Applicable,181,UPI,16,4.0,3.4
2024-07-19 07:29:00,CNR6643326019,Success,CID441041,Prime Sedan,Banashankari,Mysore Road,77.0,135.0,Not Applicable,Not Applicable,No,Not Applicable,411,Cash,6,3.7,3.9
2024-07-24 03:22:00,CNR4045842363,Canceled by Driver,CID228795,eBike,Peenya,Bellandur,,,Not Applicable,Personal & Car related issue,Not Applicable,Not Applicable,570,Not Applicable,0,,
2024-07-02 15:50:00,CNR1482321498,Success,CID592528,Mini,Bannerghatta Road,Marathahalli,259.0,55.0,Not Applicable,Not Applicable,No,Not Applicable,224,UPI,8,3.4,3.9
2024-07-04 10:55:00,CNR5559134176,Success,CID235972,Prime SUV,Yelahanka,Kengeri,168.0,115.0,Not Applicable,Not Applicable,No,Not Applicable,615,Cash,2,3.4,3.3
2024-07-17 18:10:00,CNR8183786434,Canceled by Driver,CID110235,eBike,Malleshwaram,Richmond Town,,,Not Applicable,More than permitted people in there,Not Applicable,Not Applicable,172,Not Applicable,0,,
2024-07-24 15:18:00,CNR8521864339,Success,CID467793,Auto,Tumkur Road,Sarjapur Road,238.0,120.0,Not Applicable,Not Applicable,No,Not Applicable,1071,Cash,9,3.2,3.1
2024-07-26 18:26:00,CNR8371964387,Success,CID339961,Prime Plus,Chamarajpet,Jayanagar,301.0,125.0,Not Applicable,Not Applicable,No,Not Applicable,541,Cash,46,4.6,3.9
2024-07-17 12:35:00,CNR1802642965,Success,CID528971,Auto,RT Nagar,JP Nagar,147.0,55.0,Not Applicable,Not Applicable,Yes,Vehicle Breakdown,111,Credit Card,15,3.3,4.3
2024-07-10 02:57:00,CNR1096400671,Success,CID894558,Prime Plus,Chickpet,Peenya,77.0,100.0,Not Applicable,Not Applicable,No,Not Applicable,245,UPI,29,4.7,3.8
2024-07-30 14:35:00,CNR6998166978,Success,CID704384,Mini,Yeshwanthpur,Richmond Town,147.0,145.0,Not Applicable,Not Applicable,No,Not Applicable,405,Credit Card,40,4.4,3.7
2024-07-15 17:34:00,CNR3397377196,Success,CID944048,Mini,Banashankari,Ramamurthy Nagar,273.0,120.0,Not Applicable,Not Applicable,No,Not Applicable,539,Cash,8,4.2,3.0
2024-07-24 20:02:00,CNR8691540778,Success,CID617040,Prime SUV,Kammanahalli,Bellandur,259.0,120.0,Not Applicable,Not Applicable,No,Not Applicable,303,Cash,26,4.7,3.3
2024-07-09 09:57:00,CNR1144162294,Success,CID994242,Prime Sedan,Peenya,KR Puram,217.0,120.0,Not Applicable,Not Applicable,No,Not Applicable,483,UPI,33,5.0,3.7
2024-07-01 14:51:00,CNR7955559114,Success,CID448322,Mini,Kammanahalli,Kengeri,210.0,110.0,Not Applicable,Not Applicable,No,Not Applicable,187,Cash,32,4.2,4.6
2024-07-16 02:37:00,CNR1143119530,Success,CID160980,Prime Sedan,Majestic,JP Nagar,35.0,75.0,Not Applicable,Not Applicable,No,Not Applicable,261,UPI,15,3.5,4.6
2024-07-21 14:14:00,CNR3384253888,Success,CID746491,Mini,Nagarbhavi,Electronic City,210.0,85.0,Not Applicable,Not Applicable,No,Not Applicable,1672,UPI,18,3.1,4.5
2024-07-05 09:03:00,CNR4319055970,Driver Not Found,CID651009,Prime SUV,Whitefield,Kengeri,,,Not Applicable,Not Applicable,Not Applicable,Not Applicable,219,Not Applicable,0,,
2024-07-01 03:38:00,CNR3712001848,Canceled by Customer,CID287564,Prime Sedan,Langford Town,Banashankari,,,Change of plans,Not Applicable,Not Applicable,Not Applicable,173,Not Applicable,0,,
2024-07-27 12:06:00,CNR3146270091,Success,CID986934,eBike,Marathahalli,KR Puram,105.0,65.0,Not Applicable,Not Applicable,No,Not Applicable,395,Cash,34,4.5,3.4
2024-07-02 19:48:00,CNR3641625328,Success,CID903822,Prime Plus,Sahakar Nagar,Yelahanka,77.0,70.0,Not Applicable,Not Applicable,No,Not Applicable,2471,UPI,22,3.3,4.0
2024-07-24 16:07:00,CNR1648175367,Driver Not Found,CID920886,Prime Plus,HSR Layout,Rajarajeshwari Nagar,,,Not Applicable,Not Applicable,Not Applicable,Not Applicable,219,Not Applicable,0,,
2024-07-26 08:05:00,CNR9120153844,Canceled by Driver,CID676227,Prime SUV,Magadi Road,Ulsoor,,,Not Applicable,Customer was coughing/sick,Not Applicable,Not Applicable,194,Not Applicable,0,,
2024-07-23 23:19:00,CNR8503553295,Canceled by Driver,CID457226,Bike,Shantinagar,Hosur Road,,,Not Applicable,Customer related issue,Not Applicable,Not Applicable,380,Not Applicable,0,,
2024-07-21 18:24:00,CNR4017817073,Canceled by Driver,CID259770,eBike,JP Nagar,Sarjapur Road,,,Not Applicable,Personal & Car related issue,Not Applicable,Not Applicable,163,Not Applicable,0,,
2024-07-03 03:43:00,CNR2866642957,Success,CID309884,Bike,Rajajinagar,JP Nagar,70.0,130.0,Not Applicable,Not Applicable,No,Not Applicable,118,Cash,3,3.5,3.6
2024-07-25 07:29:00,CNR5080342615,Success,CID201110,Prime SUV,Basavanagudi,Banashankari,91.0,45.0,Not Applicable,Not Applicable,No,Not Applicable,965,Cash,21,3.7,4.2
2024-07-06 19:13:00,CNR2716754009,Driver Not Found,CID941538,Prime Sedan,Kammanahalli,MG Road,,,Not Applicable,Not Applicable,Not Applicable,Not Applicable,966,Not Applicable,0,,
2024-07-17 04:08:00,CNR7418210742,Success,CID531150,Auto,Chickpet,Jayanagar,189.0,95.0,Not Applicable,Not Applicable,No,Not Applicable,482,UPI,14,4.1,3.9
2024-07-09 22:32:00,CNR7947817691,Canceled by Driver,CID304846,eBike,MG Road,Kadugodi,,,Not Applicable,Customer related issue,Not Applicable,Not Applicable,2389,Not Applicable,0,,
2024-07-13 21:18:00,CNR6819005420,Success,CID306177,Auto,Kadugodi,Chickpet,35.0,100.0,Not Applicable,Not Applicable,No,Not Applicable,102,Cash,5,3.7,3.7
2024-07-28 16:09:00,CNR6027713999,Canceled by Driver,CID771951,Prime Sedan,Tumkur Road,Rajarajeshwari Nagar,,,Not Applicable,Customer was coughing/sick,Not Applicable,Not Applicable,435,Not Applicable,0,,
2024-07-15 17:54:00,CNR1673214280,Success,CID302664,Prime Plus,Vijayanagar,Chamarajpet,301.0,130.0,Not Applicable,Not Applicable,No,Not Applicable,390,UPI,23,3.1,3.5
2024-07-29 15:28:00,CNR3319117629,Canceled by Driver,CID348848,eBike,HSR Layout,Magadi Road,,,Not Applicable,More than permitted people in there,Not Applicable,Not Applicable,445,Not Applicable,0,,
2024-07-12 00:25:00,CNR4063027025,Canceled by Driver,CID687937,Prime Sedan,Richmond Town,Kammanahalli,,,Not Applicable,Personal & Car related issue,Not Applicable,Not Applicable,533,Not Applicable,0,,
2024-07-13 22:12:00,CNR1315576920,Driver Not Found,CID519576,Auto,Jayanagar,Shivajinagar,,,Not Applicable,Not Applicable,Not Applicable,Not Applicable,667,Not Applicable,0,,
2024-07-22 21:12:00,CNR6093849908,Success,CID709650,Prime SUV,Yelahanka,Indiranagar,56.0,85.0,Not Applicable,Not Applicable,No,Not Applicable,2782,Cash,9,3.3,3.0
2024-07-15 02:32:00,CNR8679438105,Success,CID282292,Mini,Hosur Road,Cox Town,266.0,55.0,Not Applicable,Not Applicable,No,Not Applicable,168,Cash,45,4.9,3.5
2024-07-02 12:07:00,CNR7681908431,Success,CID276547,Prime Plus,Hosur Road,JP Nagar,175.0,60.0,Not Applicable,Not Applicable,No,Not Applicable,701,UPI,5,3.0,4.8
2024-07-04 08:56:00,CNR6690876174,Success,CID124356,Prime Sedan,Hebbal,Hulimavu,196.0,85.0,Not Applicable,Not Applicable,No,Not Applicable,391,Cash,23,4.5,3.8
2024-07-04 19:46:00,CNR9560875398,Success,CID790915,Auto,Peenya,Richmond Town,147.0,50.0,Not Applicable,Not Applicable,Yes,Customer Demand,606,Cash,1,3.6,4.8
2024-07-05 00:41:00,CNR1158391716,Success,CID199001,Mini,MG Road,Richmond Town,210.0,30.0,Not Applicable,Not Applicable,No,Not Applicable,298,Cash,4,4.8,3.5
2024-07-15 08:18:00,CNR3126290762,Driver Not Found,CID924597,Mini,Peenya,Magadi Road,,,Not Applicable,Not Applicable,Not Applicable,Not Applicable,267,Not Applicable,0,,
2024-07-21 03:33:00,CNR1218284592,Success,CID210154,Bike,Kammanahalli,Hosur Road,35.0,35.0,Not Applicable,Not Applicable,No,Not Applicable,307,Cash,25,4.6,3.2
2024-07-07 20:33:00,CNR7315474718,Success,CID234509,Mini,Malleshwaram,Varthur,238.0,110.0,Not Applicable,Not Applicable,No,Not Applicable,1827,Cash,5,4.8,3.7
2024-07-26 23:57:00,CNR6505309981,Success,CID360298,Prime Sedan,Kengeri,Hebbal,63.0,100.0,Not Applicable,Not Applicable,Yes,Customer Demand,235,UPI,34,3.3,4.3
2024-07-01 14:54:00,CNR7846276028,Success,CID942218,eBike,Kadugodi,Sahakar Nagar,112.0,100.0,Not Applicable,Not Applicable,No,Not Applicable,388,UPI,34,3.6,4.2
2024-07-26 07:50:00,CNR2073124055,Canceled by Customer,CID220220,Prime Sedan,Cox Town,Hulimavu,,,AC is Not working,Not Applicable,Not Applicable,Not Applicable,449,Not Applicable,0,,
2024-07-03 01:10:00,CNR3779327161,Canceled by Driver,CID558784,Auto,MG Road,Chamarajpet,,,Not Applicable,Personal & Car related issue,Not Applicable,Not Applicable,901,Not Applicable,0,,
2024-07-22 21:05:00,CNR6545249188,Success,CID259532,Bike,Shivajinagar,Magadi Road,154.0,65.0,Not Applicable,Not Applicable,No,Not Applicable,110,UPI,14,4.5,3.8
2024-07-02 13:40:00,CNR3778999527,Canceled by Driver,CID657837,Bike,KR Puram,Ramamurthy Nagar,,,Not Applicable,Personal & Car related issue,Not Applicable,Not Applicable,2417,Not Applicable,0,,
2024-07-18 17:51:00,CNR9310036678,Success,CID506603,Bike,Richmond Town,Hebbal,112.0,120.0,Not Applicable,Not Applicable,No,Not Applicable,212,Cash,40,4.1,3.4
2024-07-07 23:54:00,CNR3346611441,Success,CID758652,Prime Plus,Bellandur,Kengeri,252.0,140.0,Not Applicable,Not Applicable,No,Not Applicable,695,UPI,49,4.8,3.2
2024-07-08 02:02:00,CNR1289713872,Success,CID455197,Prime Plus,Jayanagar,Yelahanka,70.0,145.0,Not Applicable,Not Applicable,No,Not Applicable,355,Cash,13,4.1,4.7
2024-07-08 07:44:00,CNR1438089050,Canceled by Customer,CID997264,Mini,Sahakar Nagar,Nagarbhavi,,,AC is Not working,Not Applicable,Not Applicable,Not Applicable,365,Not Applicable,0,,
2024-07-15 20:10:00,CNR7928810792,Success,CID384733,eBike,Hennur,Yeshwanthpur,231.0,90.0,Not Applicable,Not Applicable,No,Not Applicable,274,UPI,46,4.4,3.8
2024-07-25 20:16:00,CNR6466436239,Success,CID774542,Auto,Richmond Town,Electronic City,217.0,100.0,Not Applicable,Not Applicable,No,Not Applicable,2928,Cash,1,4.6,4.4
2024-07-01 13:17:00,CNR2054947518,Success,CID432812,Prime Sedan,Chickpet,Majestic,119.0,120.0,Not Applicable,Not Applicable,No,Not Applicable,343,Credit Card,1,3.0,3.7
2024-07-05 19:44:00,CNR4387321315,Canceled by Driver,CID700178,Mini,Nagarbhavi,Majestic,,,Not Applicable,Personal & Car related issue,Not Applicable,Not Applicable,340,Not Applicable,0,,
2024-07-12 05:16:00,CNR8985432207,Canceled by Driver,CID960981,Prime Plus,Electronic City,RT Nagar,,,Not Applicable,Customer related issue,Not Applicable,Not Applicable,384,Not Applicable,0,,
2024-07-17 00:45:00,CNR9673481471,Canceled by Customer,CID279356,Prime Plus,Padmanabhanagar,Tumkur Road,,,Change of plans,Not Applicable,Not Applicable,Not Applicable,344,Not Applicable,0,,
2024-07-25 11:27:00,CNR7456279786,Driver Not Found,CID102918,eBike,Chamarajpet,Electronic City,,,Not Applicable,Not Applicable,Not Applicable,Not Applicable,496,Not Applicable,0,,
2024-07-20 08:37:00,CNR5953401146,Success,CID405337,eBike,Hennur,HSR Layout,35.0,95.0,Not Applicable,Not Applicable,Yes,Vehicle Breakdown,244,Cash,26,4.0,3.4
2024-07-25 21:27:00,CNR4991985708,Success,CID894436,Prime Plus,Frazer Town,Hosur Road,196.0,30.0,Not Applicable,Not Applicable,No,Not Applicable,472,UPI,35,3.1,4.3
2024-07-09 20:41:00,CNR4240837860,Success,CID217448,eBike,Varthur,Bannerghatta Road,56.0,125.0,Not Applicable,Not Applicable,Yes,Vehicle Breakdown,294,UPI,33,3.3,4.2
2024-07-05 23:58:00,CNR7199612629,Canceled by Driver,CID123643,eBike,Hosur Road,Cox Town,,,Not Applicable,Customer was coughing/sick,Not Applicable,Not Applicable,258,Not Applicable,0,,
2024-07-15 05:31:00,CNR2230160842,Canceled by Driver,CID517956,Bike,Malleshwaram,Cox Town,,,Not Applicable,Personal & Car related issue,Not Applicable,Not Applicable,105,Not Applicable,0,,
2024-07-19 03:35:00,CNR1194489272,Canceled by Driver,CID172284,Auto,Electronic City,Yeshwanthpur,,,Not Applicable,Customer related issue,Not Applicable,Not Applicable,410,Not Applicable,0,,
2024-07-29 22:52:00,CNR2816095903,Canceled by Customer,CID707938,Bike,Chickpet,Bellandur,,,Driver asked to cancel,Not Applicable,Not Applicable,Not Applicable,252,Not Applicable,0,,
2024-07-27 06:06:00,CNR9108423066,Success,CID233365,Auto,Peenya,Vijayanagar,98.0,125.0,Not Applicable,Not Applicable,Yes,Vehicle Breakdown,286,UPI,4,4.6,4.2
2024-07-09 08:28:00,CNR1037812492,Canceled by Driver,CID179340,Prime SUV,Hulimavu,Sahakar Nagar,,,Not Applicable,More than permitted people in there,Not Applicable,Not Applicable,229,Not Applicable,0,,
2024-07-12 13:42:00,CNR8944471473,Success,CID742234,Prime Plus,Kammanahalli,Rajarajeshwari Nagar,224.0,65.0,Not Applicable,Not Applicable,No,Not Applicable,245,Cash,24,4.8,3.9
2024-07-08 22:19:00,CNR6882311709,Success,CID335936,Bike,Varthur,Malleshwaram,308.0,105.0,Not Applicable,Not Applicable,No,Not Applicable,149,Cash,24,4.1,4.8
2024-07-14 07:38:00,CNR1549608735,Success,CID712928,Prime Sedan,Varthur,Peenya,196.0,85.0,Not Applicable,Not Applicable,No,Not Applicable,451,UPI,48,3.5,4.2
2024-07-24 04:05:00,CNR9348766941,Driver Not Found,CID804095,Prime SUV,Varthur,Hulimavu,,,Not Applicable,Not Applicable,Not Applicable,Not Applicable,2080,Not Applicable,0,,
2024-07-14 17:44:00,CNR8587230002,Driver Not Found,CID318365,Auto,Cox Town,Shivajinagar,,,Not Applicable,Not Applicable,Not Applicable,Not Applicable,128,Not Applicable,0,,
2024-07-26 14:41:00,CNR7056744572,Canceled by Driver,CID445015,Prime SUV,Magadi Road,Yelahanka,,,Not Applicable,Customer was coughing/sick,Not Applicable,Not Applicable,322,Not Applicable,0,,
2024-07-16 17:03:00,CNR9343499894,Success,CID360588,Auto,Marathahalli,Peenya,105.0,70.0,Not Applicable,Not Applicable,No,Not Applicable,334,UPI,10,3.9,4.5
2024-07-06 10:16:00,CNR1459371964,Success,CID820629,Prime Plus,Hebbal,KR Puram,56.0,145.0,Not Applicable,Not Applicable,No,Not Applicable,740,Cash,27,4.1,4.0
2024-07-06 03:36:00,CNR9016244353,Success,CID632589,Bike,Kadugodi,Indiranagar,259.0,45.0,Not Applicable,Not Applicable,No,Not Applicable,370,Cash,12,3.3,4.3
2024-07-05 05:32:00,CNR7203720770,Canceled by Customer,CID873008,Bike,KR Puram,Jayanagar,,,AC is Not working,Not Applicable,Not Applicable,Not Applicable,316,Not Applicable,0,,
2024-07-23 12:59:00,CNR7589857607,Canceled by Customer,CID102516,Auto,Koramangala,Rajarajeshwari Nagar,,,Driver is not moving towards pickup location,Not Applicable,Not Applicable,Not Applicable,218,Not Applicable,0,,
2024-07-01 13:04:00,CNR3207705918,Canceled by Driver,CID242136,Bike,Hosur Road,Rajarajeshwari Nagar,,,Not Applicable,Personal & Car related issue,Not Applicable,Not Applicable,188,Not Applicable,0,,
2024-07-20 02:38:00,CNR7414405736,Canceled by Driver,CID508638,eBike,Sarjapur Road,Nagarbhavi,,,Not Applicable,Customer related issue,Not Applicable,Not Applicable,175,Not Applicable,0,,
2024-07-11 09:43:00,CNR2498912542,Success,CID240330,Bike,Peenya,Sarjapur Road,119.0,25.0,Not Applicable,Not Applicable,No,Not Applicable,383,UPI,8,3.8,4.8
2024-07-17 07:49:00,CNR4263725208,Success,CID807838,Bike,HSR Layout,Kengeri,217.0,55.0,Not Applicable,Not Applicable,No,Not Applicable,195,Cash,11,3.8,3.4
2024-07-15 03:20:00,CNR1474034091,Success,CID313385,Prime Sedan,Cox Town,Kammanahalli,273.0,25.0,Not Applicable,Not Applicable,No,Not Applicable,491,Cash,41,4.0,4.8
2024-07-21 16:20:00,CNR7200976931,Success,CID637140,Bike,Whitefield,BTM Layout,203.0,115.0,Not Applicable,Not Applicable,No,Not Applicable,626,Cash,49,4.5,4.4
2024-07-20 23:43:00,CNR2547564090,Success,CID372131,Mini,Bannerghatta Road,Frazer Town,91.0,100.0,Not Applicable,Not Applicable,No,Not Applicable,381,Credit Card,13,3.8,4.4
2024-07-30 08:55:00,CNR9857023467,Success,CID225210,eBike,Shivajinagar,Bellandur,42.0,60.0,Not Applicable,Not Applicable,No,Not Applicable,257,Credit Card,29,4.4,3.5
2024-07-20 08:57:00,CNR6441134095,Canceled by Driver,CID484189,Bike,Yelahanka,Richmond Town,,,Not Applicable,Customer related issue,Not Applicable,Not Applicable,1263,Not Applicable,0,,
2024-07-06 10:08:00,CNR3340619202,Canceled by Driver,CID483370,eBike,Shantinagar,HSR Layout,,,Not Applicable,Personal & Car related issue,Not Applicable,Not Applicable,394,Not Applicable,0,,
2024-07-23 15:13:00,CNR6813763791,Success,CID921761,Auto,Peenya,Jayanagar,203.0,80.0,Not Applicable,Not Applicable,No,Not Applicable,327,Cash,3,3.6,4.0
2024-07-06 20:18:00,CNR2455874262,Success,CID219168,eBike,Nagarbhavi,Magadi Road,238.0,85.0,Not Applicable,Not Applicable,No,Not Applicable,1500,Credit Card,26,4.2,4.5
2024-07-11 12:11:00,CNR1276097913,Canceled by Customer,CID316661,Bike,Magadi Road,Tumkur Road,,,Driver is not moving towards pickup location,Not Applicable,Not Applicable,Not Applicable,435,Not Applicable,0,,
2024-07-01 14:33:00,CNR5832148161,Success,CID684676,Prime Plus,Chickpet,Basavanagudi,56.0,120.0,Not Applicable,Not Applicable,No,Not Applicable,407,Cash,9,4.6,3.7
2024-07-11 10:05:00,CNR6811997483,Driver Not Found,CID545623,Prime Sedan,RT Nagar,Shantinagar,,,Not Applicable,Not Applicable,Not Applicable,Not Applicable,659,Not Applicable,0,,
2024-07-21 14:10:00,CNR2682103576,Success,CID678935,Mini,Nagarbhavi,Koramangala,308.0,60.0,Not Applicable,Not Applicable,No,Not Applicable,614,UPI,49,3.5,4.6
2024-07-26 21:47:00,CNR9226221569,Success,CID784545,Bike,RT Nagar,Varthur,98.0,30.0,Not Applicable,Not Applicable,No,Not Applicable,913,Cash,23,3.1,4.7
2024-07-17 07:07:00,CNR3979330337,Canceled by Customer,CID425321,Prime Sedan,Whitefield,MG Road,,,Driver asked to cancel,Not Applicable,Not Applicable,Not Applicable,290,Not Applicable,0,,
2024-07-29 21:17:00,CNR6561306253,Canceled by Customer,CID585207,Mini,Bannerghatta Road,HSR Layout,,,Driver asked to cancel,Not Applicable,Not Applicable,Not Applicable,457,Not Applicable,0,,
2024-07-26 10:14:00,CNR5599201395,Success,CID961625,Prime SUV,Hebbal,Rajarajeshwari Nagar,280.0,65.0,Not Applicable,Not Applicable,No,Not Applicable,235,UPI,49,4.5,3.6
2024-07-18 10:22:00,CNR5648445521,Success,CID495387,eBike,Sarjapur Road,Electronic City,245.0,115.0,Not Applicable,Not Applicable,No,Not Applicable,107,UPI,27,3.1,4.2
2024-07-30 13:40:00,CNR8375837361,Canceled by Customer,CID690619,eBike,Padmanabhanagar,Koramangala,,,Driver asked to cancel,Not Applicable,Not Applicable,Not Applicable,363,Not Applicable,0,,
2024-07-10 00:29:00,CNR5901020528,Canceled by Customer,CID140571,Prime Plus,Banashankari,Bannerghatta Road,,,Change of plans,Not Applicable,Not Applicable,Not Applicable,301,Not Applicable,0,,
2024-07-08 21:29:00,CNR9572404349,Success,CID197098,eBike,Rajarajeshwari Nagar,Basavanagudi,42.0,35.0,Not Applicable,Not Applicable,No,Not Applicable,333,Cash,43,3.5,4.8
2024-07-01 21:18:00,CNR4264054580,Success,CID979091,eBike,Chickpet,Yelahanka,273.0,95.0,Not Applicable,Not Applicable,No,Not Applicable,367,UPI,43,3.7,3.1
2024-07-28 10:22:00,CNR3436269842,Driver Not Found,CID306578,Prime SUV,Hulimavu,Electronic City,,,Not Applicable,Not Applicable,Not Applicable,Not Applicable,152,Not Applicable,0,,
2024-07-03 15:39:00,CNR2525693882,Success,CID910877,Auto,Magadi Road,Vijayanagar,217.0,50.0,Not Applicable,Not Applicable,No,Not Applicable,1127,UPI,3,4.0,3.8
2024-07-01 16:42:00,CNR3074206333,Success,CID118243,eBike,Shantinagar,Sarjapur Road,308.0,50.0,Not Applicable,Not Applicable,No,Not Applicable,427,Cash,29,4.7,3.7
2024-07-11 19:00:00,CNR8638664032,Canceled by Customer,CID190140,Prime SUV,Electronic City,HSR Layout,,,AC is Not working,Not Applicable,Not Applicable,Not Applicable,413,Not Applicable,0,,
2024-07-11 23:58:00,CNR6716801531,Success,CID766226,Prime Sedan,Yelahanka,Bellandur,287.0,75.0,Not Applicable,Not Applicable,No,Not Applicable,924,Cash,28,4.3,4.0
2024-07-11 00:59:00,CNR5759075963,Success,CID855614,Bike,Koramangala,Ulsoor,210.0,135.0,Not Applicable,Not Applicable,No,Not Applicable,444,UPI,14,4.9,3.3
2024-07-26 15:10:00,CNR8722514874,Success,CID245015,Prime Sedan,Rajarajeshwari Nagar,Yeshwanthpur,259.0,120.0,Not Applicable,Not Applicable,No,Not Applicable,344,Cash,38,3.5,3.2
2024-07-03 06:06:00,CNR9239007261,Canceled by Driver,CID586379,Prime Plus,Frazer Town,Sahakar Nagar,,,Not Applicable,Personal & Car related issue,Not Applicable,Not Applicable,244,Not Applicable,0,,
2024-07-02 07:24:00,CNR7089254821,Success,CID931853,Prime Plus,KR Puram,Kengeri,224.0,80.0,Not Applicable,Not Applicable,No,Not Applicable,975,UPI,24,4.2,4.9
2024-07-28 23:51:00,CNR6891434365,Success,CID619041,eBike,Sarjapur Road,Hebbal,161.0,120.0,Not Applicable,Not Applicable,No,Not Applicable,248,Cash,46,3.2,4.7
2024-07-19 15:33:00,CNR5634029296,Success,CID142342,Mini,Shantinagar,Malleshwaram,63.0,120.0,Not Applicable,Not Applicable,No,Not Applicable,887,Cash,34,3.9,4.7
2024-07-03 12:32:00,CNR4006401124,Driver Not Found,CID819718,Prime SUV,Kadugodi,Rajarajeshwari Nagar,,,Not Applicable,Not Applicable,Not Applicable,Not Applicable,254,Not Applicable,0,,
2024-07-04 04:04:00,CNR3955184761,Success,CID415813,Bike,Mysore Road,Shivajinagar,168.0,70.0,Not Applicable,Not Applicable,No,Not Applicable,456,UPI,12,3.1,3.1
2024-07-07 11:40:00,CNR8441865166,Canceled by Driver,CID651514,Auto,Kammanahalli,Yelahanka,,,Not Applicable,Personal & Car related issue,Not Applicable,Not Applicable,446,Not Applicable,0,,
2024-07-26 07:37:00,CNR7948245730,Success,CID547743,Prime Plus,Bannerghatta Road,HSR Layout,301.0,25.0,Not Applicable,Not Applicable,No,Not Applicable,485,Cash,3,3.2,4.7
2024-07-19 03:03:00,CNR7062451331,Driver Not Found,CID696480,Prime SUV,Ramamurthy Nagar,Chamarajpet,,,Not Applicable,Not Applicable,Not Applicable,Not Applicable,921,Not Applicable,0,,
2024-07-22 15:19:00,CNR3766588707,Driver Not Found,CID689743,Bike,BTM Layout,Shivajinagar,,,Not Applicable,Not Applicable,Not Applicable,Not Applicable,467,Not Applicable,0,,
2024-07-26 05:20:00,CNR4441404651,Success,CID231755,Prime SUV,Nagarbhavi,Marathahalli,280.0,75.0,Not Applicable,Not Applicable,No,Not Applicable,497,Debit Card,17,3.3,4.6
2024-07-03 10:31:00,CNR3408809140,Driver Not Found,CID678678,Mini,Richmond Town,Shantinagar,,,Not Applicable,Not Applicable,Not Applicable,Not Applicable,826,Not Applicable,0,,
2024-07-25 22:32:00,CNR4880423838,Canceled by Driver,CID477433,Prime Sedan,BTM Layout,Frazer Town,,,Not Applicable,More than permitted people in there,Not Applicable,Not Applicable,305,Not Applicable,0,,
2024-07-23 11:23:00,CNR8153918611,Success,CID394400,Prime SUV,Ramamurthy Nagar,Hulimavu,301.0,75.0,Not Applicable,Not Applicable,Yes,Customer Demand,868,Cash,42,3.6,3.6
2024-07-14 15:04:00,CNR6149351611,Canceled by Customer,CID243027,Auto,Hulimavu,Rajarajeshwari Nagar,,,Change of plans,Not Applicable,Not Applicable,Not Applicable,136,Not Applicable,0,,
2024-07-26 04:55:00,CNR3019885577,Driver Not Found,CID807198,Prime Sedan,Cox Town,Ulsoor,,,Not Applicable,Not Applicable,Not Applicable,Not Applicable,100,Not Applicable,0,,
2024-07-28 05:23:00,CNR1355391986,Success,CID292257,Prime Plus,Rajarajeshwari Nagar,Kammanahalli,182.0,90.0,Not Applicable,Not Applicable,No,Not Applicable,328,UPI,26,3.6,4.2
2024-07-26 17:10:00,CNR5183876528,Canceled by Driver,CID500982,eBike,Kadugodi,Magadi Road,,,Not Applicable,Personal & Car related issue,Not Applicable,Not Applicable,896,Not Applicable,0,,
2024-07-19 02:59:00,CNR5042328814,Canceled by Driver,CID290759,Prime Plus,Koramangala,Bellandur,,,Not Applicable,Customer related issue,Not Applicable,Not Applicable,298,Not Applicable,0,,
2024-07-30 10:48:00,CNR6120563500,Success,CID825360,Prime SUV,Shivajinagar,MG Road,287.0,145.0,Not Applicable,Not Applicable,No,Not Applicable,383,UPI,23,3.4,3.8
2024-07-17 00:47:00,CNR4887256509,Canceled by Driver,CID514149,eBike,Cox Town,Tumkur Road,,,Not Applicable,Customer was coughing/sick,Not Applicable,Not Applicable,644,Not Applicable,0,,
2024-07-11 23:24:00,CNR6145478655,Canceled by Driver,CID998865,Prime Plus,Mysore Road,Devanahalli,,,Not Applicable,Personal & Car related issue,Not Applicable,Not Applicable,2190,Not Applicable,0,,
2024-07-13 13:12:00,CNR8366283002,Success,CID355590,Prime Plus,Chamarajpet,Tumkur Road,294.0,65.0,Not Applicable,Not Applicable,No,Not Applicable,801,UPI,7,3.3,4.5
2024-07-13 01:56:00,CNR4372377336,Success,CID689501,Mini,MG Road,Marathahalli,210.0,110.0,Not Applicable,Not Applicable,No,Not Applicable,430,UPI,24,4.1,4.7
2024-07-08 14:17:00,CNR8992062126,Driver Not Found,CID574300,Mini,Yeshwanthpur,Yelahanka,,,Not Applicable,Not Applicable,Not Applicable,Not Applicable,317,Not Applicable,0,,
2024-07-07 14:27:00,CNR4322457233,Success,CID779085,Prime SUV,Kammanahalli,JP Nagar,259.0,65.0,Not Applicable,Not Applicable,No,Not Applicable,213,UPI,11,4.4,4.8
2024-07-16 18:40:00,CNR1028567838,Success,CID275783,Bike,MG Road,Frazer Town,105.0,100.0,Not Applicable,Not Applicable,No,Not Applicable,853,UPI,37,4.6,3.6
2024-07-18 10:55:00,CNR3966236339,Success,CID376722,Mini,Electronic City,Rajajinagar,252.0,140.0,Not Applicable,Not Applicable,Yes,Customer Demand,566,Cash,47,4.8,4.9
2024-07-28 02:19:00,CNR9637896047,Canceled by Driver,CID643787,Prime SUV,Sarjapur Road,Vijayanagar,,,Not Applicable,Customer related issue,Not Applicable,Not Applicable,186,Not Applicable,0,,
2024-07-14 03:02:00,CNR5622112633,Success,CID470803,eBike,Yelahanka,Indiranagar,168.0,140.0,Not Applicable,Not Applicable,No,Not Applicable,237,Cash,21,4.0,4.2
2024-07-10 10:10:00,CNR9318952319,Success,CID603856,Prime SUV,HSR Layout,Hennur,49.0,120.0,Not Applicable,Not Applicable,No,Not Applicable,412,UPI,1,3.1,4.8
2024-07-23 11:14:00,CNR4946408569,Success,CID115178,Auto,Malleshwaram,Hennur,168.0,65.0,Not Applicable,Not Applicable,No,Not Applicable,266,UPI,6,3.6,3.3
2024-07-16 08:16:00,CNR9961807395,Canceled by Driver,CID464158,Auto,Basavanagudi,HSR Layout,,,Not Applicable,Customer related issue,Not Applicable,Not Applicable,313,Not Applicable,0,,
2024-07-06 07:17:00,CNR3869410797,Success,CID634051,Mini,Varthur,Indiranagar,161.0,145.0,Not Applicable,Not Applicable,No,Not Applicable,644,Cash,30,4.1,3.8
2024-07-11 01:57:00,CNR9561819612,Canceled by Customer,CID640720,Prime Sedan,Rajajinagar,Langford Town,,,Change of plans,Not Applicable,Not Applicable,Not Applicable,495,Not Applicable,0,,
2024-07-21 06:25:00,CNR7559580593,Success,CID223589,Prime Plus,Malleshwaram,Marathahalli,119.0,135.0,Not Applicable,Not Applicable,No,Not Applicable,400,Cash,3,4.1,4.3
2024-07-28 19:58:00,CNR3105153067,Success,CID664779,Prime Sedan,Padmanabhanagar,Banashankari,126.0,65.0,Not Applicable,Not Applicable,No,Not Applicable,333,UPI,11,3.8,4.2
2024-07-04 14:30:00,CNR2475499870,Success,CID521507,Bike,Chickpet,Yeshwanthpur,203.0,85.0,Not Applicable,Not Applicable,No,Not Applicable,382,UPI,25,3.6,3.0
2024-07-08 19:11:00,CNR9283331742,Success,CID630696,Prime Sedan,Hennur,Sahakar Nagar,126.0,115.0,Not Applicable,Not Applicable,No,Not Applicable,298,UPI,13,4.6,4.7
2024-07-20 15:59:00,CNR1833357763,Success,CID769908,Prime SUV,Shantinagar,Bellandur,189.0,45.0,Not Applicable,Not Applicable,No,Not Applicable,483,Cash,1,3.8,4.8
2024-07-28 16:31:00,CNR3539010691,Canceled by Driver,CID654565,Prime SUV,Richmond Town,Mysore Road,,,Not Applicable,Personal & Car related issue,Not Applicable,Not Applicable,611,Not Applicable,0,,
2024-07-17 17:51:00,CNR6873090189,Success,CID363701,Auto,Devanahalli,Shivajinagar,196.0,80.0,Not Applicable,Not Applicable,No,Not Applicable,246,Cash,11,3.7,4.6
2024-07-10 03:34:00,CNR5283451028,Canceled by Driver,CID291326,Mini,Padmanabhanagar,Yelahanka,,,Not Applicable,Customer was coughing/sick,Not Applicable,Not Applicable,251,Not Applicable,0,,
2024-07-10 17:36:00,CNR5867028618,Success,CID547333,Auto,Cox Town,Vijayanagar,273.0,65.0,Not Applicable,Not Applicable,No,Not Applicable,447,Cash,12,3.0,4.4
2024-07-14 09:38:00,CNR2892228927,Canceled by Customer,CID390729,Prime Plus,Frazer Town,Varthur,,,Driver asked to cancel,Not Applicable,Not Applicable,Not Applicable,385,Not Applicable,0,,
2024-07-15 18:05:00,CNR1455545604,Success,CID827745,Prime Plus,Nagarbhavi,KR Puram,168.0,60.0,Not Applicable,Not Applicable,No,Not Applicable,376,Cash,2,3.1,4.9
2024-07-12 05:01:00,CNR4487932993,Success,CID442122,Prime SUV,BTM Layout,Bannerghatta Road,259.0,65.0,Not Applicable,Not Applicable,No,Not Applicable,449,UPI,20,3.8,3.2
2024-07-04 20:46:00,CNR1523390571,Success,CID254709,eBike,Vijayanagar,Chickpet,238.0,125.0,Not Applicable,Not Applicable,No,Not Applicable,105,UPI,35,4.2,4.2
2024-07-21 01:50:00,CNR4296561501,Success,CID161275,Auto,Hosur Road,Vijayanagar,42.0,40.0,Not Applicable,Not Applicable,Yes,Vehicle Breakdown,160,Cash,2,4.2,3.7
2024-07-19 13:59:00,CNR2552079411,Success,CID515392,Auto,Ramamurthy Nagar,Basavanagudi,210.0,75.0,Not Applicable,Not Applicable,No,Not Applicable,116,Cash,8,4.1,3.1
2024-07-13 04:49:00,CNR8118590762,Canceled by Driver,CID412834,Mini,Banashankari,Richmond Town,,,Not Applicable,Personal & Car related issue,Not Applicable,Not Applicable,965,Not Applicable,0,,
2024-07-02 10:42:00,CNR1820713955,Canceled by Customer,CID853705,Bike,Vijayanagar,Rajajinagar,,,Driver asked to cancel,Not Applicable,Not Applicable,Not Applicable,805,Not Applicable,0,,
2024-07-06 22:59:00,CNR3681361581,Success,CID422200,Bike,Richmond Town,Hennur,105.0,115.0,Not Applicable,Not Applicable,No,Not Applicable,416,Cash,16,3.1,3.3
2024-07-03 17:32:00,CNR5381237499,Canceled by Driver,CID513288,Auto,Kammanahalli,Malleshwaram,,,Not Applicable,Personal & Car related issue,Not Applicable,Not Applicable,362,Not Applicable,0,,
2024-07-16 23:51:00,CNR6662144734,Success,CID227727,Auto,KR Puram,Marathahalli,140.0,125.0,Not Applicable,Not Applicable,No,Not Applicable,406,UPI,1,3.2,3.7
2024-07-20 19:55:00,CNR7546852672,Success,CID268931,Prime SUV,Frazer Town,Rajarajeshwari Nagar,140.0,80.0,Not Applicable,Not Applicable,No,Not Applicable,765,Cash,29,4.8,4.5
2024-07-05 01:15:00,CNR5121550259,Success,CID872179,Mini,BTM Layout,Shantinagar,84.0,45.0,Not Applicable,Not Applicable,No,Not Applicable,746,UPI,34,4.2,4.4
2024-07-19 04:40:00,CNR8566040000,Success,CID237896,Prime Plus,Shivajinagar,JP Nagar,84.0,60.0,Not Applicable,Not Applicable,No,Not Applicable,218,Cash,46,3.2,4.3
2024-07-25 15:00:00,CNR9929477855,Canceled by Driver,CID557648,Prime Sedan,MG Road,Electronic City,,,Not Applicable,More than permitted people in there,Not Applicable,Not Applicable,330,Not Applicable,0,,
2024-07-01 23:53:00,CNR7400109352,Canceled by Driver,CID642930,Mini,Koramangala,Devanahalli,,,Not Applicable,Customer was coughing/sick,Not Applicable,Not Applicable,181,Not Applicable,0,,
2024-07-09 06:52:00,CNR2126364813,Driver Not Found,CID232675,Auto,Cox Town,Cox Town,,,Not Applicable,Not Applicable,Not Applicable,Not Applicable,1735,Not Applicable,0,,
2024-07-02 12:59:00,CNR7345719395,Success,CID758665,Auto,Hennur,Rajajinagar,266.0,60.0,Not Applicable,Not Applicable,No,Not Applicable,409,Cash,2,3.9,3.8
2024-07-01 02:28:00,CNR8951811839,Canceled by Driver,CID853488,Prime Sedan,Vijayanagar,Vijayanagar,,,Not Applicable,More than permitted people in there,Not Applicable,Not Applicable,275,Not Applicable,0,,
2024-07-29 20:54:00,CNR8456905465,Success,CID461624,Auto,Hulimavu,Varthur,210.0,145.0,Not Applicable,Not Applicable,No,Not Applicable,319,Cash,2,3.7,3.8
2024-07-16 14:20:00,CNR9234089834,Canceled by Driver,CID532420,Mini,Nagarbhavi,Bellandur,,,Not Applicable,Customer was coughing/sick,Not Applicable,Not Applicable,211,Not Applicable,0,,
2024-07-22 14:53:00,CNR4294060770,Success,CID620587,Bike,Hulimavu,Frazer Town,287.0,75.0,Not Applicable,Not Applicable,No,Not Applicable,100,UPI,7,3.4,4.4
2024-07-30 08:02:00,CNR6067510090,Success,CID236017,eBike,Sahakar Nagar,Langford Town,35.0,75.0,Not Applicable,Not Applicable,No,Not Applicable,405,Cash,7,4.4,3.5
2024-07-28 18:39:00,CNR7611704093,Success,CID403953,Bike,Bellandur,Yeshwanthpur,259.0,40.0,Not Applicable,Not Applicable,No,Not Applicable,470,UPI,28,4.6,4.3
2024-07-19 00:18:00,CNR4968074724,Canceled by Driver,CID446790,Mini,Marathahalli,Ulsoor,,,Not Applicable,More than permitted people in there,Not Applicable,Not Applicable,335,Not Applicable,0,,
2024-07-30 00:15:00,CNR8062686134,Success,CID116304,Prime SUV,Whitefield,Sahakar Nagar,196.0,90.0,Not Applicable,Not Applicable,No,Not Applicable,421,UPI,49,4.4,4.3
2024-07-10 19:02:00,CNR7758792343,Canceled by Driver,CID136469,Auto,Rajarajeshwari Nagar,BTM Layout,,,Not Applicable,More than permitted people in there,Not Applicable,Not Applicable,480,Not Applicable,0,,
2024-07-16 03:18:00,CNR5111383898,Canceled by Driver,CID614068,eBike,Indiranagar,Jayanagar,,,Not Applicable,Customer was coughing/sick,Not Applicable,Not Applicable,484,Not Applicable,0,,
2024-07-17 17:24:00,CNR3502551351,Success,CID998828,eBike,Shantinagar,Yeshwanthpur,217.0,120.0,Not Applicable,Not Applicable,No,Not Applicable,656,Cash,26,3.6,3.2
2024-07-16 19:54:00,CNR8461637554,Success,CID684053,Prime SUV,Banashankari,Whitefield,84.0,30.0,Not Applicable,Not Applicable,No,Not Applicable,887,Cash,38,3.7,3.8
2024-07-27 10:06:00,CNR7478968405,Success,CID108946,Prime SUV,Indiranagar,Koramangala,98.0,90.0,Not Applicable,Not Applicable,No,Not Applicable,135,UPI,34,4.9,3.1
2024-07-26 23:35:00,CNR1194507605,Driver Not Found,CID108414,Prime Sedan,Koramangala,HSR Layout,,,Not Applicable,Not Applicable,Not Applicable,Not Applicable,431,Not Applicable,0,,
2024-07-26 12:47:00,CNR4172633796,Driver Not Found,CID689525,Auto,JP Nagar,Hennur,,,Not Applicable,Not Applicable,Not Applicable,Not Applicable,365,Not Applicable,0,,
2024-07-09 15:06:00,CNR9619630555,Success,CID595128,Prime SUV,Shivajinagar,BTM Layout,273.0,105.0,Not Applicable,Not Applicable,No,Not Applicable,294,Cash,33,4.7,4.0
2024-07-27 07:27:00,CNR8446611966,Success,CID241476,Auto,Bellandur,Sarjapur Road,175.0,75.0,Not Applicable,Not Applicable,No,Not Applicable,429,UPI,5,3.4,4.4
2024-07-06 18:47:00,CNR1314339556,Canceled by Driver,CID876658,Auto,Kengeri,Yeshwanthpur,,,Not Applicable,More than permitted people in there,Not Applicable,Not Applicable,381,Not Applicable,0,,
2024-07-14 09:23:00,CNR6792644254,Success,CID573166,Auto,Majestic,Marathahalli,112.0,145.0,Not Applicable,Not Applicable,Yes,Vehicle Breakdown,463,Cash,18,3.3,5.0
2024-07-25 02:56:00,CNR3070840097,Success,CID960872,Auto,Koramangala,Electronic City,308.0,105.0,Not Applicable,Not Applicable,No,Not Applicable,124,Cash,17,4.9,3.4
2024-07-25 23:11:00,CNR1640859259,Success,CID886959,Auto,Kadugodi,Nagarbhavi,287.0,110.0,Not Applicable,Not Applicable,No,Not Applicable,766,Cash,10,3.7,3.9
2024-07-16 09:08:00,CNR7342444011,Success,CID822095,Mini,Kengeri,KR Puram,35.0,55.0,Not Applicable,Not Applicable,No,Not Applicable,336,Cash,36,3.6,4.2
2024-07-12 16:55:00,CNR5343295170,Success,CID748743,Prime Plus,Yelahanka,Cox Town,175.0,85.0,Not Applicable,Not Applicable,No,Not Applicable,734,Cash,33,3.0,4.4
2024-07-07 00:27:00,CNR6610997179,Success,CID887195,Auto,Yeshwanthpur,Devanahalli,203.0,40.0,Not Applicable,Not Applicable,No,Not Applicable,472,Cash,5,4.7,3.2
2024-07-16 09:10:00,CNR1451282016,Canceled by Driver,CID566488,eBike,HSR Layout,Whitefield,,,Not Applicable,More than permitted people in there,Not Applicable,Not Applicable,206,Not Applicable,0,,
2024-07-11 14:42:00,CNR6500102076,Success,CID885855,Prime Plus,Sarjapur Road,Bellandur,105.0,105.0,Not Applicable,Not Applicable,No,Not Applicable,844,UPI,30,3.2,3.3
2024-07-06 09:31:00,CNR3555927930,Success,CID110986,Auto,Langford Town,Indiranagar,161.0,70.0,Not Applicable,Not Applicable,No,Not Applicable,160,UPI,17,4.6,4.7
2024-07-11 23:38:00,CNR6454712646,Success,CID223643,eBike,Nagarbhavi,Cox Town,252.0,55.0,Not Applicable,Not Applicable,No,Not Applicable,176,Cash,9,4.9,3.5
2024-07-05 00:38:00,CNR5445245980,Success,CID171405,Mini,Whitefield,Indiranagar,308.0,35.0,Not Applicable,Not Applicable,No,Not Applicable,298,Cash,38,3.1,3.4
2024-07-08 16:27:00,CNR7972469059,Success,CID752120,Prime Plus,Marathahalli,Sarjapur Road,266.0,35.0,Not Applicable,Not Applicable,Yes,Vehicle Breakdown,1832,Cash,12,4.6,3.3
2024-07-25 01:45:00,CNR7711885186,Driver Not Found,CID826214,Prime SUV,Langford Town,Jayanagar,,,Not Applicable,Not Applicable,Not Applicable,Not Applicable,280,Not Applicable,0,,
2024-07-24 08:07:00,CNR5552823272,Success,CID125815,Mini,HSR Layout,Sahakar Nagar,280.0,110.0,Not Applicable,Not Applicable,No,Not Applicable,378,Cash,35,4.8,4.3
2024-07-06 17:42:00,CNR7580711724,Success,CID189265,Auto,Indiranagar,Chickpet,112.0,70.0,Not Applicable,Not Applicable,No,Not Applicable,246,Cash,9,4.4,3.8
2024-07-08 19:37:00,CNR3173627692,Success,CID349868,Auto,Banashankari,Mysore Road,84.0,125.0,Not Applicable,Not Applicable,No,Not Applicable,1583,Cash,4,3.1,3.6
2024-07-17 04:45:00,CNR3572700663,Success,CID999712,Prime Sedan,Mysore Road,Kammanahalli,287.0,145.0,Not Applicable,Not Applicable,No,Not Applicable,420,Cash,11,3.8,4.6
2024-07-09 01:19:00,CNR8862908888,Success,CID609121,Mini,Koramangala,Shivajinagar,147.0,35.0,Not Applicable,Not Applicable,No,Not Applicable,664,Cash,10,3.5,3.4
2024-07-04 16:42:00,CNR8757002543,Success,CID360791,Prime Sedan,Chamarajpet,Indiranagar,112.0,110.0,Not Applicable,Not Applicable,No,Not Applicable,151,UPI,27,3.1,3.8
2024-07-13 07:10:00,CNR4582096454,Canceled by Customer,CID779206,Prime Sedan,Shivajinagar,Sahakar Nagar,,,Driver is not moving towards pickup location,Not Applicable,Not Applicable,Not Applicable,253,Not Applicable,0,,
2024-07-26 04:31:00,CNR4463622877,Success,CID375403,eBike,Banashankari,Yeshwanthpur,217.0,140.0,Not Applicable,Not Applicable,No,Not Applicable,1819,Cash,11,3.7,3.6
2024-07-09 18:16:00,CNR6895344143,Success,CID971044,Auto,Kengeri,Bannerghatta Road,161.0,35.0,Not Applicable,Not Applicable,No,Not Applicable,274,UPI,11,4.6,4.4
2024-07-16 00:51:00,CNR9142832229,Success,CID107137,eBike,Marathahalli,HSR Layout,161.0,110.0,Not Applicable,Not Applicable,No,Not Applicable,163,UPI,4,4.6,4.4
2024-07-06 21:31:00,CNR9894050399,Success,CID310578,eBike,Mysore Road,Langford Town,196.0,95.0,Not Applicable,Not Applicable,No,Not Applicable,275,UPI,34,4.5,3.5
2024-07-20 07:49:00,CNR5188052248,Canceled by Driver,CID836006,Prime Plus,Malleshwaram,MG Road,,,Not Applicable,Personal & Car related issue,Not Applicable,Not Applicable,148,Not Applicable,0,,
2024-07-13 11:05:00,CNR4199364736,Success,CID524002,Prime Sedan,Electronic City,Hosur Road,126.0,100.0,Not Applicable,Not Applicable,Yes,Vehicle Breakdown,316,UPI,3,4.6,3.5
2024-07-16 07:48:00,CNR3017486432,Canceled by Customer,CID129457,Auto,JP Nagar,BTM Layout,,,Driver asked to cancel,Not Applicable,Not Applicable,Not Applicable,381,Not Applicable,0,,
2024-07-07 15:10:00,CNR5725401101,Canceled by Driver,CID176194,Prime Sedan,Magadi Road,Majestic,,,Not Applicable,Personal & Car related issue,Not Applicable,Not Applicable,379,Not Applicable,0,,
2024-07-29 05:15:00,CNR9242752052,Success,CID651489,Prime Sedan,Tumkur Road,Ulsoor,112.0,105.0,Not Applicable,Not Applicable,No,Not Applicable,387,Cash,6,4.1,3.3
2024-07-29 15:13:00,CNR7353306955,Success,CID779045,Prime Plus,Tumkur Road,Richmond Town,273.0,85.0,Not Applicable,Not Applicable,No,Not Applicable,539,Cash,47,4.5,3.0
2024-07-02 08:27:00,CNR5286020359,Success,CID688542,Mini,Chickpet,Magadi Road,70.0,65.0,Not Applicable,Not Applicable,Yes,Customer Demand,413,UPI,30,4.4,4.9
2024-07-30 01:57:00,CNR1382702743,Success,CID360616,Auto,Basavanagudi,Langford Town,119.0,95.0,Not Applicable,Not Applicable,No,Not Applicable,424,Debit Card,9,4.4,4.8
2024-07-05 17:34:00,CNR1398651351,Driver Not Found,CID101054,Prime Plus,Richmond Town,Cox Town,,,Not Applicable,Not Applicable,Not Applicable,Not Applicable,224,Not Applicable,0,,
2024-07-08 08:32:00,CNR9409218771,Success,CID698437,Auto,Sarjapur Road,Ulsoor,77.0,140.0,Not Applicable,Not Applicable,No,Not Applicable,282,Cash,18,4.3,4.3
2024-07-03 11:57:00,CNR4630162740,Success,CID987811,Prime SUV,Langford Town,BTM Layout,77.0,70.0,Not Applicable,Not Applicable,No,Not Applicable,720,Credit Card,37,3.8,3.1
2024-07-23 11:54:00,CNR3710480157,Success,CID112299,Auto,Ulsoor,Hulimavu,203.0,120.0,Not Applicable,Not Applicable,No,Not Applicable,482,Cash,16,4.4,4.7
2024-07-02 18:38:00,CNR1160136151,Driver Not Found,CID513205,Prime Sedan,Varthur,Padmanabhanagar,,,Not Applicable,Not Applicable,Not Applicable,Not Applicable,247,Not Applicable,0,,
2024-07-11 05:53:00,CNR7227823802,Success,CID120341,Mini,Kengeri,Magadi Road,196.0,55.0,Not Applicable,Not Applicable,No,Not Applicable,241,UPI,44,3.2,4.4
2024-07-21 12:22:00,CNR2274676678,Success,CID676194,Auto,Marathahalli,Banashankari,133.0,120.0,Not Applicable,Not Applicable,No,Not Applicable,317,UPI,8,4.5,3.3
2024-07-30 07:52:00,CNR6194104731,Canceled by Customer,CID144712,Bike,Shivajinagar,Hulimavu,,,Driver asked to cancel,Not Applicable,Not Applicable,Not Applicable,942,Not Applicable,0,,
2024-07-09 16:28:00,CNR2674986994,Success,CID518202,Prime Sedan,JP Nagar,Richmond Town,273.0,85.0,Not Applicable,Not Applicable,No,Not Applicable,762,UPI,48,3.8,3.4
2024-07-11 22:35:00,CNR5685823217,Success,CID402299,Auto,Vijayanagar,Frazer Town,196.0,140.0,Not Applicable,Not Applicable,No,Not Applicable,300,UPI,15,4.2,4.8
2024-07-13 17:47:00,CNR4564410813,Driver Not Found,CID313441,Prime Sedan,Whitefield,Kammanahalli,,,Not Applicable,Not Applicable,Not Applicable,Not Applicable,431,Not Applicable,0,,
2024-07-20 03:08:00,CNR5625265642,Success,CID742051,Mini,Yelahanka,HSR Layout,287.0,75.0,Not Applicable,Not Applicable,No,Not Applicable,186,Credit Card,41,3.5,3.2
2024-07-14 14:28:00,CNR1444626078,Success,CID948997,Prime Plus,Ramamurthy Nagar,Nagarbhavi,154.0,55.0,Not Applicable,Not Applicable,No,Not Applicable,408,Cash,6,4.8,3.0
2024-07-09 10:15:00,CNR5888993898,Canceled by Driver,CID132733,Bike,Sarjapur Road,Kadugodi,,,Not Applicable,More than permitted people in there,Not Applicable,Not Applicable,466,Not Applicable,0,,
2024-07-25 11:02:00,CNR1213906231,Success,CID542090,eBike,Hebbal,Bellandur,266.0,130.0,Not Applicable,Not Applicable,No,Not Applicable,429,Cash,29,4.2,4.5
2024-07-18 20:53:00,CNR9110785678,Success,CID440019,Prime Plus,Indiranagar,Marathahalli,259.0,140.0,Not Applicable,Not Applicable,No,Not Applicable,1524,Cash,25,4.0,4.0
2024-07-22 15:56:00,CNR9909716202,Success,CID993848,Auto,Rajajinagar,Kammanahalli,196.0,75.0,Not Applicable,Not Applicable,No,Not Applicable,128,Cash,7,3.4,4.3
2024-07-16 03:12:00,CNR9175725736,Success,CID776339,Prime Sedan,Magadi Road,Sahakar Nagar,301.0,100.0,Not Applicable,Not Applicable,No,Not Applicable,167,UPI,38,3.8,4.6
2024-07-19 21:26:00,CNR9756942617,Driver Not Found,CID511801,Prime Plus,Mysore Road,Nagarbhavi,,,Not Applicable,Not Applicable,Not Applicable,Not Applicable,455,Not Applicable,0,,
2024-07-22 04:37:00,CNR8083299222,Canceled by Driver,CID559916,eBike,Peenya,Kadugodi,,,Not Applicable,Personal & Car related issue,Not Applicable,Not Applicable,217,Not Applicable,0,,
2024-07-15 22:12:00,CNR6600269930,Canceled by Driver,CID591711,Prime Plus,Peenya,Marathahalli,,,Not Applicable,Customer related issue,Not Applicable,Not Applicable,111,Not Applicable,0,,
2024-07-25 04:47:00,CNR1130412596,Canceled by Driver,CID346241,Prime Sedan,Richmond Town,Sahakar Nagar,,,Not Applicable,Customer related issue,Not Applicable,Not Applicable,217,Not Applicable,0,,
2024-07-04 14:39:00,CNR5021228216,Success,CID883160,Prime Plus,Koramangala,HSR Layout,161.0,115.0,Not Applicable,Not Applicable,No,Not Applicable,940,UPI,1,4.2,4.2
2024-07-27 19:10:00,CNR7009987036,Success,CID752275,Auto,Shantinagar,Whitefield,245.0,70.0,Not Applicable,Not Applicable,No,Not Applicable,143,Cash,12,3.3,3.6
2024-07-15 11:23:00,CNR2198747096,Success,CID304680,Prime SUV,Nagarbhavi,Chamarajpet,112.0,35.0,Not Applicable,Not Applicable,No,Not Applicable,473,UPI,1,3.3,4.2
2024-07-04 11:45:00,CNR7000475582,Success,CID504711,Mini,KR Puram,Shivajinagar,168.0,130.0,Not Applicable,Not Applicable,No,Not Applicable,374,Cash,43,3.9,3.7
2024-07-17 16:48:00,CNR6823929207,Canceled by Customer,CID618492,Mini,MG Road,Peenya,,,Driver is not moving towards pickup location,Not Applicable,Not Applicable,Not Applicable,725,Not Applicable,0,,
2024-07-28 12:20:00,CNR5739954359,Success,CID169857,Bike,Koramangala,KR Puram,245.0,45.0,Not Applicable,Not Applicable,Yes,Vehicle Breakdown,371,Cash,35,4.8,3.5
2024-07-15 19:31:00,CNR1158792426,Driver Not Found,CID618993,Mini,Koramangala,Majestic,,,Not Applicable,Not Applicable,Not Applicable,Not Applicable,313,Not Applicable,0,,
2024-07-17 08:16:00,CNR8551150716,Driver Not Found,CID771983,Prime SUV,Varthur,Hulimavu,,,Not Applicable,Not Applicable,Not Applicable,Not Applicable,172,Not Applicable,0,,
2024-07-12 12:03:00,CNR4101809835,Success,CID716177,Bike,Chamarajpet,Rajarajeshwari Nagar,140.0,30.0,Not Applicable,Not Applicable,No,Not Applicable,442,Cash,42,4.3,3.4
2024-07-09 19:36:00,CNR6434227453,Canceled by Driver,CID204398,Auto,Rajarajeshwari Nagar,Tumkur Road,,,Not Applicable,Customer related issue,Not Applicable,Not Applicable,491,Not Applicable,0,,
2024-07-04 19:14:00,CNR7269386334,Success,CID659870,Auto,Bannerghatta Road,Rajajinagar,91.0,120.0,Not Applicable,Not Applicable,No,Not Applicable,436,Cash,12,4.1,4.0
2024-07-16 08:12:00,CNR2709323083,Success,CID583383,Prime SUV,Frazer Town,Bannerghatta Road,203.0,125.0,Not Applicable,Not Applicable,No,Not Applicable,119,Cash,34,4.7,3.7
2024-07-26 16:42:00,CNR3126482091,Success,CID809774,Mini,Majestic,Whitefield,105.0,135.0,Not Applicable,Not Applicable,No,Not Applicable,148,Cash,2,3.8,3.1
2024-07-16 11:00:00,CNR5694734420,Success,CID597434,Prime Sedan,Hosur Road,Shantinagar,189.0,45.0,Not Applicable,Not Applicable,No,Not Applicable,131,Cash,34,4.9,4.9
2024-07-08 08:22:00,CNR9101564229,Success,CID315405,Prime Sedan,Richmond Town,Nagarbhavi,42.0,90.0,Not Applicable,Not Applicable,No,Not Applicable,399,Cash,49,3.5,3.9
2024-07-29 13:55:00,CNR6300643650,Success,CID316555,Bike,Shivajinagar,Kammanahalli,42.0,120.0,Not Applicable,Not Applicable,No,Not Applicable,204,Cash,46,3.6,4.5
2024-07-27 03:56:00,CNR9145899525,Success,CID588543,Prime Sedan,Devanahalli,Hennur,203.0,100.0,Not Applicable,Not Applicable,Yes,Vehicle Breakdown,2819,Cash,26,3.3,4.2
2024-07-17 19:19:00,CNR9404849281,Canceled by Driver,CID425034,Prime SUV,Chamarajpet,Ulsoor,,,Not Applicable,Customer related issue,Not Applicable,Not Applicable,306,Not Applicable,0,,
2024-07-27 18:16:00,CNR9085413577,Success,CID597074,Prime Plus,Cox Town,Sarjapur Road,294.0,55.0,Not Applicable,Not Applicable,No,Not Applicable,157,Credit Card,15,4.9,4.7
2024-07-23 16:39:00,CNR8929178165,Success,CID608205,eBike,BTM Layout,Hennur,224.0,45.0,Not Applicable,Not Applicable,No,Not Applicable,845,Cash,49,4.3,3.5
2024-07-06 17:21:00,CNR9140850549,Canceled by Customer,CID305582,Auto,Langford Town,Koramangala,,,Driver is not moving towards pickup location,Not Applicable,Not Applicable,Not Applicable,862,Not Applicable,0,,
2024-07-03 09:01:00,CNR7058208251,Canceled by Customer,CID368588,Bike,Kammanahalli,Kadugodi,,,Driver asked to cancel,Not Applicable,Not Applicable,Not Applicable,959,Not Applicable,0,,
2024-07-16 09:02:00,CNR4122863204,Success,CID320996,Mini,Magadi Road,Cox Town,280.0,100.0,Not Applicable,Not Applicable,No,Not Applicable,243,UPI,34,4.0,4.0
2024-07-14 10:00:00,CNR4569471884,Success,CID132916,Bike,Frazer Town,Koramangala,70.0,30.0,Not Applicable,Not Applicable,Yes,Vehicle Breakdown,364,UPI,6,3.7,4.7
2024-07-09 12:43:00,CNR1727602065,Success,CID362712,Prime Sedan,Vijayanagar,Sarjapur Road,168.0,145.0,Not Applicable,Not Applicable,No,Not Applicable,1384,UPI,44,3.2,4.4
2024-07-14 19:50:00,CNR4824900242,Success,CID722980,eBike,Yeshwanthpur,Sarjapur Road,98.0,50.0,Not Applicable,Not Applicable,No,Not Applicable,988,Cash,44,4.2,4.3
2024-07-01 23:38:00,CNR3432691936,Success,CID603665,Prime Sedan,HSR Layout,Mysore Road,63.0,30.0,Not Applicable,Not Applicable,No,Not Applicable,172,UPI,32,4.1,4.0
2024-07-16 18:22:00,CNR8824155197,Canceled by Customer,CID972876,Prime Sedan,Kengeri,Peenya,,,AC is Not working,Not Applicable,Not Applicable,Not Applicable,114,Not Applicable,0,,
2024-07-11 01:10:00,CNR2674533890,Success,CID232681,Prime Sedan,HSR Layout,HSR Layout,98.0,60.0,Not Applicable,Not Applicable,No,Not Applicable,507,UPI,41,3.3,4.8
2024-07-23 05:57:00,CNR4739374856,Success,CID603173,Prime SUV,Chamarajpet,Vijayanagar,126.0,130.0,Not Applicable,Not Applicable,No,Not Applicable,219,Cash,40,4.9,4.3
2024-07-28 04:46:00,CNR9542610946,Success,CID896571,Prime Sedan,BTM Layout,Tumkur Road,77.0,140.0,Not Applicable,Not Applicable,No,Not Applicable,412,Cash,42,3.1,4.2
2024-07-20 08:19:00,CNR9028422590,Canceled by Customer,CID479407,Prime SUV,Magadi Road,KR Puram,,,Driver is not moving towards pickup location,Not Applicable,Not Applicable,Not Applicable,132,Not Applicable,0,,
2024-07-16 14:21:00,CNR1920733661,Success,CID608582,Prime Plus,Vijayanagar,Rajajinagar,210.0,125.0,Not Applicable,Not Applicable,No,Not Applicable,254,Cash,25,4.3,4.3
2024-07-30 05:16:00,CNR2702851159,Driver Not Found,CID283357,Mini,Hosur Road,Frazer Town,,,Not Applicable,Not Applicable,Not Applicable,Not Applicable,342,Not Applicable,0,,
2024-07-29 00:46:00,CNR9991837096,Canceled by Customer,CID115328,Prime SUV,Mysore Road,Ulsoor,,,Driver asked to cancel,Not Applicable,Not Applicable,Not Applicable,593,Not Applicable,0,,
2024-07-11 17:01:00,CNR4154974261,Success,CID550982,Prime Plus,Rajarajeshwari Nagar,Frazer Town,98.0,145.0,Not Applicable,Not Applicable,No,Not Applicable,702,UPI,20,4.6,3.7
2024-07-25 17:42:00,CNR9663491731,Success,CID510035,Bike,Electronic City,Peenya,245.0,30.0,Not Applicable,Not Applicable,No,Not Applicable,274,Cash,21,3.3,4.7
2024-07-23 12:26:00,CNR9955573708,Canceled by Driver,CID485851,Prime Plus,Marathahalli,Indiranagar,,,Not Applicable,More than permitted people in there,Not Applicable,Not Applicable,744,Not Applicable,0,,
2024-07-14 13:49:00,CNR2848038403,Canceled by Driver,CID119077,Bike,Hebbal,Kengeri,,,Not Applicable,Personal & Car related issue,Not Applicable,Not Applicable,964,Not Applicable,0,,
2024-07-25 18:17:00,CNR2562011017,Success,CID378411,Prime Plus,Ramamurthy Nagar,Ulsoor,98.0,95.0,Not Applicable,Not Applicable,No,Not Applicable,280,Cash,22,4.2,4.5
2024-07-03 06:19:00,CNR4562108183,Success,CID324367,Bike,Kadugodi,Langford Town,42.0,25.0,Not Applicable,Not Applicable,No,Not Applicable,139,UPI,21,4.6,3.9
2024-07-05 16:19:00,CNR2457700332,Canceled by Driver,CID661091,Prime Sedan,Kengeri,Kengeri,,,Not Applicable,Personal & Car related issue,Not Applicable,Not Applicable,999,Not Applicable,0,,
2024-07-07 11:29:00,CNR2875227525,Canceled by Driver,CID946529,Auto,Shivajinagar,Kadugodi,,,Not Applicable,Personal & Car related issue,Not Applicable,Not Applicable,347,Not Applicable,0,,
2024-07-28 16:19:00,CNR8357593454,Canceled by Customer,CID382684,Prime Plus,Langford Town,Indiranagar,,,Driver is not moving towards pickup location,Not Applicable,Not Applicable,Not Applicable,110,Not Applicable,0,,
2024-07-06 12:21:00,CNR6800273182,Success,CID855989,Prime SUV,Hebbal,MG Road,182.0,35.0,Not Applicable,Not Applicable,No,Not Applicable,189,UPI,1,4.9,4.6
2024-07-18 18:02:00,CNR1831499644,Success,CID782295,Mini,Chickpet,Hosur Road,112.0,95.0,Not Applicable,Not Applicable,No,Not Applicable,465,UPI,4,4.5,4.3
2024-07-06 02:08:00,CNR4674968444,Success,CID898884,Auto,JP Nagar,Mysore Road,273.0,75.0,Not Applicable,Not Applicable,No,Not Applicable,154,UPI,18,3.5,3.7
2024-07-28 16:32:00,CNR5555835002,Success,CID431342,Auto,Devanahalli,Tumkur Road,105.0,85.0,Not Applicable,Not Applicable,No,Not Applicable,1895,Credit Card,5,4.3,4.0
2024-07-15 10:03:00,CNR9426465154,Success,CID557785,Bike,RT Nagar,Bannerghatta Road,56.0,120.0,Not Applicable,Not Applicable,No,Not Applicable,129,Cash,12,4.9,3.0
2024-07-27 10:15:00,CNR8997519650,Success,CID690649,Bike,Nagarbhavi,Bannerghatta Road,133.0,30.0,Not Applicable,Not Applicable,No,Not Applicable,557,Cash,49,3.2,4.5
2024-07-23 21:26:00,CNR4155141543,Success,CID520845,Auto,Sahakar Nagar,Bellandur,147.0,100.0,Not Applicable,Not Applicable,No,Not Applicable,588,Cash,15,3.3,3.5
2024-07-21 19:21:00,CNR8976151655,Canceled by Customer,CID164559,Mini,Bellandur,Shantinagar,,,Change of plans,Not Applicable,Not Applicable,Not Applicable,172,Not Applicable,0,,
2024-07-29 04:26:00,CNR6688484634,Canceled by Driver,CID966804,Bike,HSR Layout,HSR Layout,,,Not Applicable,Customer was coughing/sick,Not Applicable,Not Applicable,252,Not Applicable,0,,
2024-07-09 16:44:00,CNR4168027080,Canceled by Customer,CID230487,Mini,KR Puram,Jayanagar,,,Change of plans,Not Applicable,Not Applicable,Not Applicable,154,Not Applicable,0,,
2024-07-10 13:53:00,CNR8624440061,Success,CID239404,Bike,Sahakar Nagar,Indiranagar,70.0,80.0,Not Applicable,Not Applicable,No,Not Applicable,347,UPI,42,4.0,3.9
2024-07-17 16:04:00,CNR1653091987,Success,CID700944,Bike,Langford Town,Tumkur Road,308.0,35.0,Not Applicable,Not Applicable,No,Not Applicable,451,Cash,17,5.0,4.7
2024-07-06 03:26:00,CNR1727967898,Driver Not Found,CID217720,Bike,Hebbal,Vijayanagar,,,Not Applicable,Not Applicable,Not Applicable,Not Applicable,359,Not Applicable,0,,
2024-07-10 07:19:00,CNR6332707555,Success,CID380152,Bike,Cox Town,Chickpet,189.0,140.0,Not Applicable,Not Applicable,Yes,Other Issue,495,UPI,25,3.5,4.8
2024-07-29 14:07:00,CNR5063548362,Success,CID812958,Mini,Devanahalli,Majestic,196.0,40.0,Not Applicable,Not Applicable,No,Not Applicable,228,UPI,46,4.7,4.9
2024-07-10 05:29:00,CNR3239758559,Success,CID138022,Prime SUV,Ramamurthy Nagar,BTM Layout,210.0,35.0,Not Applicable,Not Applicable,No,Not Applicable,131,UPI,17,4.8,4.1
2024-07-21 23:14:00,CNR8399414078,Success,CID577358,Prime SUV,Peenya,MG Road,126.0,30.0,Not Applicable,Not Applicable,No,Not Applicable,210,UPI,30,3.1,3.6
2024-07-18 23:27:00,CNR2402692638,Success,CID784343,Bike,Sarjapur Road,Banashankari,273.0,25.0,Not Applicable,Not Applicable,No,Not Applicable,289,Cash,24,4.7,4.4
2024-07-07 20:04:00,CNR6640608004,Canceled by Customer,CID922048,eBike,KR Puram,Ulsoor,,,Change of plans,Not Applicable,Not Applicable,Not Applicable,759,Not Applicable,0,,
2024-07-08 06:00:00,CNR7457555336,Success,CID895301,Prime Sedan,Tumkur Road,Yeshwanthpur,161.0,70.0,Not Applicable,Not Applicable,No,Not Applicable,332,UPI,21,4.1,3.5
2024-07-17 04:12:00,CNR1320188545,Canceled by Driver,CID387914,Prime Sedan,Bannerghatta Road,JP Nagar,,,Not Applicable,More than permitted people in there,Not Applicable,Not Applicable,666,Not Applicable,0,,
2024-07-22 20:10:00,CNR5435518339,Success,CID760778,Prime SUV,Frazer Town,Whitefield,105.0,115.0,Not Applicable,Not Applicable,No,Not Applicable,130,Cash,14,4.6,3.8
2024-07-08 23:21:00,CNR2217489593,Canceled by Customer,CID616323,Auto,Hebbal,Koramangala,,,Driver is not moving towards pickup location,Not Applicable,Not Applicable,Not Applicable,665,Not Applicable,0,,
2024-07-14 08:16:00,CNR3185878759,Success,CID654692,Mini,Shantinagar,Frazer Town,98.0,70.0,Not Applicable,Not Applicable,No,Not Applicable,550,Cash,2,4.6,3.8
2024-07-19 17:34:00,CNR1465208222,Success,CID962640,eBike,KR Puram,Kammanahalli,189.0,125.0,Not Applicable,Not Applicable,No,Not Applicable,398,Cash,6,3.9,4.8
2024-07-18 13:03:00,CNR2754642933,Success,CID325352,Prime Sedan,Rajarajeshwari Nagar,Jayanagar,203.0,120.0,Not Applicable,Not Applicable,No,Not Applicable,1189,Cash,9,3.3,4.1
2024-07-16 22:39:00,CNR6757877950,Canceled by Driver,CID430146,Prime SUV,Hosur Road,Ulsoor,,,Not Applicable,Customer related issue,Not Applicable,Not Applicable,747,Not Applicable,0,,
2024-07-02 00:30:00,CNR8472112131,Success,CID705002,eBike,Langford Town,KR Puram,126.0,50.0,Not Applicable,Not Applicable,No,Not Applicable,278,Cash,34,4.0,4.0
2024-07-12 14:36:00,CNR9193064919,Canceled by Driver,CID546680,Mini,Hebbal,Malleshwaram,,,Not Applicable,Customer was coughing/sick,Not Applicable,Not Applicable,224,Not Applicable,0,,
2024-07-22 08:33:00,CNR8912965932,Success,CID670269,Bike,Tumkur Road,RT Nagar,294.0,120.0,Not Applicable,Not Applicable,No,Not Applicable,176,UPI,23,4.1,3.5
2024-07-26 07:41:00,CNR4271328782,Success,CID392828,Bike,Bannerghatta Road,Shivajinagar,224.0,145.0,Not Applicable,Not Applicable,No,Not Applicable,824,Cash,36,3.0,4.7
2024-07-18 20:15:00,CNR6625731288,Canceled by Customer,CID285632,Prime SUV,Magadi Road,Whitefield,,,Change of plans,Not Applicable,Not Applicable,Not Applicable,336,Not Applicable,0,,
2024-07-30 10:23:00,CNR7487573390,Canceled by Driver,CID187843,Prime Sedan,Majestic,Hulimavu,,,Not Applicable,Customer related issue,Not Applicable,Not Applicable,345,Not Applicable,0,,
2024-07-30 03:20:00,CNR9193795244,Success,CID856471,Bike,Whitefield,Yeshwanthpur,280.0,30.0,Not Applicable,Not Applicable,No,Not Applicable,2834,Cash,39,4.5,3.4
2024-07-29 12:26:00,CNR7635003338,Success,CID110010,Prime Sedan,MG Road,JP Nagar,154.0,140.0,Not Applicable,Not Applicable,No,Not Applicable,486,Cash,7,4.8,4.9
2024-07-07 08:15:00,CNR8076147329,Success,CID978137,Prime Sedan,Yeshwanthpur,Kengeri,238.0,55.0,Not Applicable,Not Applicable,No,Not Applicable,166,Cash,37,4.2,4.4
2024-07-03 13:22:00,CNR6387760963,Success,CID601479,eBike,Kammanahalli,Hebbal,287.0,115.0,Not Applicable,Not Applicable,No,Not Applicable,358,UPI,7,3.7,4.8
2024-07-06 11:11:00,CNR3351405413,Canceled by Driver,CID543025,Prime Plus,HSR Layout,Cox Town,,,Not Applicable,Customer related issue,Not Applicable,Not Applicable,476,Not Applicable,0,,
2024-07-23 19:38:00,CNR1230671214,Success,CID108056,Prime Sedan,Rajajinagar,Hebbal,182.0,75.0,Not Applicable,Not Applicable,No,Not Applicable,321,Cash,17,3.1,4.3
2024-07-11 21:28:00,CNR2013166577,Success,CID280931,eBike,Yelahanka,Kammanahalli,70.0,110.0,Not Applicable,Not Applicable,Yes,Other Issue,346,UPI,6,5.0,4.9
2024-07-27 11:20:00,CNR7438376099,Success,CID775022,Prime Plus,Padmanabhanagar,Vijayanagar,35.0,60.0,Not Applicable,Not Applicable,No,Not Applicable,325,UPI,29,3.7,4.4
2024-07-19 01:30:00,CNR6157002281,Success,CID460794,Prime Sedan,Ramamurthy Nagar,Bannerghatta Road,98.0,90.0,Not Applicable,Not Applicable,No,Not Applicable,106,Cash,22,3.8,4.0
2024-07-15 06:52:00,CNR5817272111,Success,CID344046,Bike,Whitefield,Vijayanagar,182.0,135.0,Not Applicable,Not Applicable,No,Not Applicable,374,Cash,25,4.4,4.3
2024-07-30 07:35:00,CNR8566483101,Success,CID582130,Prime Sedan,JP Nagar,Bellandur,252.0,45.0,Not Applicable,Not Applicable,No,Not Applicable,471,Credit Card,10,3.5,4.0
2024-07-11 12:36:00,CNR5228743976,Canceled by Driver,CID915146,Mini,Padmanabhanagar,Yelahanka,,,Not Applicable,Customer related issue,Not Applicable,Not Applicable,187,Not Applicable,0,,
2024-07-13 22:39:00,CNR5477457895,Canceled by Driver,CID387364,Prime SUV,Koramangala,Indiranagar,,,Not Applicable,More than permitted people in there,Not Applicable,Not Applicable,347,Not Applicable,0,,
2024-07-20 18:43:00,CNR4776514591,Success,CID915721,Auto,Sarjapur Road,Marathahalli,280.0,100.0,Not Applicable,Not Applicable,No,Not Applicable,404,UPI,5,4.0,3.3
2024-07-30 13:35:00,CNR2754564509,Success,CID524622,Prime Sedan,Whitefield,Kammanahalli,70.0,55.0,Not Applicable,Not Applicable,No,Not Applicable,2913,UPI,46,4.9,3.3
2024-07-23 10:00:00,CNR4873276209,Driver Not Found,CID161007,Bike,Peenya,Mysore Road,,,Not Applicable,Not Applicable,Not Applicable,Not Applicable,258,Not Applicable,0,,
2024-07-27 10:23:00,CNR8011453630,Canceled by Driver,CID254083,Mini,Jayanagar,Langford Town,,,Not Applicable,Customer related issue,Not Applicable,Not Applicable,310,Not Applicable,0,,
2024-07-02 19:15:00,CNR6009708068,Canceled by Driver,CID701389,Bike,KR Puram,Chamarajpet,,,Not Applicable,More than permitted people in there,Not Applicable,Not Applicable,1659,Not Applicable,0,,
2024-07-02 22:09:00,CNR1741245298,Success,CID588147,Bike,Indiranagar,Majestic,77.0,55.0,Not Applicable,Not Applicable,No,Not Applicable,619,Cash,13,3.4,4.4
2024-07-29 14:48:00,CNR2040026386,Success,CID700544,Mini,Marathahalli,KR Puram,189.0,35.0,Not Applicable,Not Applicable,No,Not Applicable,128,UPI,37,4.7,3.7
2024-07-17 01:26:00,CNR4137544172,Success,CID179663,Prime Sedan,Richmond Town,Sarjapur Road,147.0,40.0,Not Applicable,Not Applicable,No,Not Applicable,320,Cash,17,4.7,4.1
2024-07-09 11:45:00,CNR8388452418,Success,CID667141,Mini,Magadi Road,Shivajinagar,287.0,25.0,Not Applicable,Not Applicable,No,Not Applicable,465,UPI,31,4.2,4.3
2024-07-26 22:07:00,CNR8711598394,Success,CID886733,Auto,Kammanahalli,Devanahalli,91.0,115.0,Not Applicable,Not Applicable,No,Not Applicable,159,Cash,6,3.2,4.6
2024-07-26 13:02:00,CNR1603564468,Success,CID772307,Bike,JP Nagar,Shantinagar,98.0,30.0,Not Applicable,Not Applicable,No,Not Applicable,1199,UPI,49,3.4,3.8
2024-07-08 14:50:00,CNR1399889805,Canceled by Driver,CID769065,Mini,Majestic,Chickpet,,,Not Applicable,More than permitted people in there,Not Applicable,Not Applicable,676,Not Applicable,0,,
2024-07-22 05:09:00,CNR9359727928,Success,CID639634,Bike,Whitefield,Rajajinagar,84.0,105.0,Not Applicable,Not Applicable,No,Not Applicable,444,UPI,31,3.5,3.9
2024-07-01 01:40:00,CNR2080723656,Success,CID513416,Bike,Rajajinagar,Hosur Road,119.0,55.0,Not Applicable,Not Applicable,No,Not Applicable,161,UPI,24,3.9,4.5
2024-07-10 11:22:00,CNR8023767650,Canceled by Driver,CID686618,Prime Sedan,Devanahalli,JP Nagar,,,Not Applicable,Personal & Car related issue,Not Applicable,Not Applicable,155,Not Applicable,0,,
2024-07-15 17:03:00,CNR3491837783,Canceled by Customer,CID434519,Auto,HSR Layout,Yelahanka,,,AC is Not working,Not Applicable,Not Applicable,Not Applicable,223,Not Applicable,0,,
2024-07-22 21:49:00,CNR2694051907,Driver Not Found,CID946662,eBike,Frazer Town,RT Nagar,,,Not Applicable,Not Applicable,Not Applicable,Not Applicable,438,Not Applicable,0,,
2024-07-29 17:29:00,CNR5908152127,Success,CID945073,eBike,Magadi Road,Sahakar Nagar,84.0,90.0,Not Applicable,Not Applicable,No,Not Applicable,346,UPI,25,4.5,4.9
2024-07-06 03:40:00,CNR3964829656,Success,CID996429,Prime Plus,KR Puram,Richmond Town,77.0,90.0,Not Applicable,Not Applicable,No,Not Applicable,349,UPI,5,4.8,4.5
2024-07-06 16:04:00,CNR7974875744,Success,CID595058,eBike,BTM Layout,RT Nagar,42.0,105.0,Not Applicable,Not Applicable,No,Not Applicable,441,UPI,14,3.5,4.8
2024-07-22 08:33:00,CNR4840191875,Success,CID673233,Mini,Yelahanka,Banashankari,245.0,115.0,Not Applicable,Not Applicable,No,Not Applicable,477,Cash,15,4.2,4.1
2024-07-05 04:31:00,CNR7407207770,Success,CID108320,Auto,Tumkur Road,KR Puram,140.0,80.0,Not Applicable,Not Applicable,No,Not Applicable,429,Cash,6,3.8,4.4
2024-07-08 11:32:00,CNR5463671119,Success,CID811538,Auto,KR Puram,Rajajinagar,273.0,45.0,Not Applicable,Not Applicable,No,Not Applicable,144,UPI,7,3.5,3.5
2024-07-12 18:57:00,CNR9561284222,Success,CID418482,Prime Plus,Rajajinagar,Frazer Town,91.0,125.0,Not Applicable,Not Applicable,No,Not Applicable,460,UPI,19,4.5,4.1
2024-07-06 06:54:00,CNR7773170384,Success,CID355917,Prime SUV,Cox Town,Cox Town,231.0,30.0,Not Applicable,Not Applicable,No,Not Applicable,382,Debit Card,10,4.1,3.7
2024-07-12 16:07:00,CNR6941730595,Success,CID459317,Prime SUV,Shantinagar,Shivajinagar,126.0,55.0,Not Applicable,Not Applicable,No,Not Applicable,379,Cash,8,4.2,3.8
2024-07-06 14:02:00,CNR2026857126,Success,CID685688,Auto,Hennur,Ramamurthy Nagar,182.0,85.0,Not Applicable,Not Applicable,No,Not Applicable,395,Cash,17,3.2,4.6
2024-07-23 18:47:00,CNR6803142565,Success,CID886676,Prime Plus,Hebbal,Frazer Town,252.0,40.0,Not Applicable,Not Applicable,No,Not Applicable,254,Cash,18,4.5,3.8
2024-07-27 13:45:00,CNR9664101983,Success,CID129302,Prime Plus,Koramangala,Padmanabhanagar,98.0,60.0,Not Applicable,Not Applicable,No,Not Applicable,220,UPI,23,3.7,4.6
2024-07-05 09:36:00,CNR4044794521,Success,CID168343,Auto,Koramangala,Mysore Road,196.0,100.0,Not Applicable,Not Applicable,No,Not Applicable,104,UPI,3,4.8,3.7
2024-07-03 21:35:00,CNR8554794913,Success,CID695488,Prime Sedan,Rajarajeshwari Nagar,Hennur,189.0,60.0,Not Applicable,Not Applicable,No,Not Applicable,117,Cash,48,3.8,4.7
2024-07-15 08:04:00,CNR4913166095,Canceled by Driver,CID932195,eBike,Cox Town,Bellandur,,,Not Applicable,Customer was coughing/sick,Not Applicable,Not Applicable,829,Not Applicable,0,,
2024-07-28 14:22:00,CNR5087476782,Success,CID403341,Auto,Yelahanka,Ulsoor,112.0,120.0,Not Applicable,Not Applicable,No,Not Applicable,415,Cash,13,3.6,4.5
2024-07-15 14:19:00,CNR3773469525,Success,CID833271,Prime Sedan,Magadi Road,Yelahanka,161.0,65.0,Not Applicable,Not Applicable,No,Not Applicable,425,UPI,49,4.3,4.9
2024-07-01 13:24:00,CNR9213682030,Canceled by Customer,CID448271,eBike,Hennur,KR Puram,,,AC is Not working,Not Applicable,Not Applicable,Not Applicable,179,Not Applicable,0,,
2024-07-27 20:03:00,CNR7936643213,Success,CID112948,Prime Sedan,Hulimavu,Richmond Town,287.0,60.0,Not Applicable,Not Applicable,No,Not Applicable,367,UPI,30,4.2,4.8
2024-07-14 14:38:00,CNR2883038278,Canceled by Driver,CID457745,Bike,Vijayanagar,Rajajinagar,,,Not Applicable,Personal & Car related issue,Not Applicable,Not Applicable,267,Not Applicable,0,,
2024-07-27 23:44:00,CNR2825932712,Canceled by Driver,CID459896,Prime Plus,Electronic City,Marathahalli,,,Not Applicable,Personal & Car related issue,Not Applicable,Not Applicable,312,Not Applicable,0,,
2024-07-08 04:47:00,CNR6923132057,Canceled by Driver,CID568949,Auto,Vijayanagar,Nagarbhavi,,,Not Applicable,Personal & Car related issue,Not Applicable,Not Applicable,487,Not Applicable,0,,
2024-07-05 15:46:00,CNR2233129894,Success,CID755435,eBike,Shantinagar,Bannerghatta Road,224.0,125.0,Not Applicable,Not Applicable,No,Not Applicable,623,Debit Card,24,3.9,4.8
2024-07-27 19:56:00,CNR9672274839,Success,CID613732,eBike,Yelahanka,Devanahalli,147.0,60.0,Not Applicable,Not Applicable,No,Not Applicable,157,Credit Card,3,3.9,3.9
2024-07-08 14:08:00,CNR9926222984,Success,CID248284,Bike,Chamarajpet,Majestic,245.0,95.0,Not Applicable,Not Applicable,No,Not Applicable,943,UPI,20,3.2,4.0
2024-07-09 11:21:00,CNR9288067894,Success,CID754897,Prime SUV,Frazer Town,Whitefield,56.0,50.0,Not Applicable,Not Applicable,No,Not Applicable,295,Cash,28,3.1,3.4
2024-07-17 22:30:00,CNR5590535968,Success,CID293581,Bike,Frazer Town,Banashankari,245.0,55.0,Not Applicable,Not Applicable,No,Not Applicable,213,Cash,1,3.4,4.9
2024-07-07 09:56:00,CNR3263110970,Canceled by Driver,CID232571,Auto,Chamarajpet,Sarjapur Road,,,Not Applicable,Personal & Car related issue,Not Applicable,Not Applicable,319,Not Applicable,0,,
2024-07-28 16:39:00,CNR8671924740,Success,CID960689,Bike,Yelahanka,Peenya,161.0,55.0,Not Applicable,Not Applicable,No,Not Applicable,274,UPI,32,3.9,3.6
2024-07-28 11:10:00,CNR2867571851,Success,CID521167,Prime Plus,Magadi Road,Chickpet,70.0,120.0,Not Applicable,Not Applicable,No,Not Applicable,279,UPI,16,4.4,3.8
2024-07-20 11:50:00,CNR9694426673,Success,CID511140,Prime Sedan,Malleshwaram,Mysore Road,98.0,45.0,Not Applicable,Not Applicable,No,Not Applicable,477,Cash,38,3.1,3.7
2024-07-14 22:22:00,CNR1044267113,Canceled by Driver,CID618829,eBike,Majestic,RT Nagar,,,Not Applicable,Customer was coughing/sick,Not Applicable,Not Applicable,467,Not Applicable,0,,
2024-07-20 20:03:00,CNR4288251034,Canceled by Driver,CID474570,eBike,Ulsoor,Peenya,,,Not Applicable,Customer was coughing/sick,Not Applicable,Not Applicable,305,Not Applicable,0,,
2024-07-02 02:35:00,CNR5817279015,Success,CID444054,Mini,Whitefield,Devanahalli,308.0,105.0,Not Applicable,Not Applicable,No,Not Applicable,340,Cash,40,4.8,3.1
2024-07-19 18:11:00,CNR8879423450,Driver Not Found,CID700672,Auto,Majestic,Shantinagar,,,Not Applicable,Not Applicable,Not Applicable,Not Applicable,305,Not Applicable,0,,
2024-07-05 09:26:00,CNR6544389495,Success,CID299901,Bike,Yeshwanthpur,Shantinagar,161.0,115.0,Not Applicable,Not Applicable,No,Not Applicable,268,Cash,12,3.6,3.8
2024-07-14 12:18:00,CNR3912811642,Success,CID369785,Prime Sedan,Malleshwaram,BTM Layout,112.0,40.0,Not Applicable,Not Applicable,No,Not Applicable,883,UPI,44,3.3,4.1
2024-07-04 18:05:00,CNR5381956976,Success,CID427198,Prime SUV,Varthur,Hosur Road,42.0,55.0,Not Applicable,Not Applicable,No,Not Applicable,412,UPI,2,3.4,3.3
2024-07-21 17:15:00,CNR8827507556,Success,CID810409,Prime Plus,Magadi Road,Kadugodi,161.0,75.0,Not Applicable,Not Applicable,No,Not Applicable,320,Cash,22,3.4,4.1
2024-07-21 06:21:00,CNR5573611963,Success,CID959412,Prime Plus,Devanahalli,Cox Town,196.0,140.0,Not Applicable,Not Applicable,No,Not Applicable,318,UPI,6,4.5,3.3
2024-07-25 15:29:00,CNR9029965741,Success,CID520348,Prime SUV,Mysore Road,Hulimavu,196.0,145.0,Not Applicable,Not Applicable,No,Not Applicable,402,Cash,49,3.1,4.0
2024-07-07 03:32:00,CNR6980731038,Canceled by Driver,CID412749,Auto,Ramamurthy Nagar,Koramangala,,,Not Applicable,Customer was coughing/sick,Not Applicable,Not Applicable,186,Not Applicable,0,,
2024-07-04 05:39:00,CNR5101771424,Driver Not Found,CID339387,Prime SUV,Varthur,Hosur Road,,,Not Applicable,Not Applicable,Not Applicable,Not Applicable,110,Not Applicable,0,,
2024-07-06 07:58:00,CNR5481818473,Canceled by Customer,CID789235,Bike,Sahakar Nagar,Malleshwaram,,,Driver asked to cancel,Not Applicable,Not Applicable,Not Applicable,387,Not Applicable,0,,
2024-07-20 12:17:00,CNR7754434872,Success,CID289573,Bike,JP Nagar,Kengeri,98.0,135.0,Not Applicable,Not Applicable,No,Not Applicable,260,Cash,28,4.7,3.6
2024-07-29 12:13:00,CNR2121231820,Success,CID285002,eBike,Bannerghatta Road,Hosur Road,210.0,100.0,Not Applicable,Not Applicable,No,Not Applicable,768,Cash,36,3.6,3.3
2024-07-12 03:14:00,CNR8867461012,Success,CID283291,Prime Plus,Rajajinagar,KR Puram,273.0,80.0,Not Applicable,Not Applicable,No,Not Applicable,473,Cash,7,4.8,3.3
2024-07-04 09:33:00,CNR6584407850,Success,CID858509,Prime SUV,RT Nagar,Sahakar Nagar,126.0,100.0,Not Applicable,Not Applicable,No,Not Applicable,893,Cash,28,4.8,4.8
2024-07-03 08:26:00,CNR9679942334,Canceled by Driver,CID201483,Bike,Hosur Road,Vijayanagar,,,Not Applicable,Customer related issue,Not Applicable,Not Applicable,181,Not Applicable,0,,
2024-07-03 23:49:00,CNR6102650017,Success,CID505684,Mini,Kengeri,Mysore Road,56.0,50.0,Not Applicable,Not Applicable,No,Not Applicable,443,UPI,42,3.9,3.8
2024-07-17 03:27:00,CNR9699806618,Success,CID589012,Mini,Rajarajeshwari Nagar,Bannerghatta Road,182.0,65.0,Not Applicable,Not Applicable,No,Not Applicable,262,Cash,36,5.0,4.9
2024-07-12 04:07:00,CNR1728467075,Success,CID787190,Prime Sedan,Chickpet,Ramamurthy Nagar,140.0,65.0,Not Applicable,Not Applicable,No,Not Applicable,429,Cash,14,3.2,3.8
2024-07-09 14:53:00,CNR6081809748,Success,CID787514,Prime SUV,HSR Layout,Magadi Road,308.0,50.0,Not Applicable,Not Applicable,No,Not Applicable,174,UPI,45,3.9,4.5
2024-07-18 01:53:00,CNR6867836104,Success,CID782224,Auto,Rajarajeshwari Nagar,Whitefield,133.0,140.0,Not Applicable,Not Applicable,No,Not Applicable,472,Cash,4,4.8,4.2
2024-07-18 06:18:00,CNR3441628214,Canceled by Driver,CID874651,Prime Sedan,Kengeri,Majestic,,,Not Applicable,More than permitted people in there,Not Applicable,Not Applicable,833,Not Applicable,0,,
2024-07-08 18:17:00,CNR3298102089,Canceled by Customer,CID904525,eBike,Malleshwaram,Electronic City,,,Driver asked to cancel,Not Applicable,Not Applicable,Not Applicable,444,Not Applicable,0,,
2024-07-19 23:11:00,CNR5216070731,Canceled by Customer,CID781019,Prime Sedan,Sahakar Nagar,Ramamurthy Nagar,,,Driver is not moving towards pickup location,Not Applicable,Not Applicable,Not Applicable,311,Not Applicable,0,,
2024-07-29 07:03:00,CNR6945730846,Success,CID685807,Mini,RT Nagar,Hosur Road,126.0,60.0,Not Applicable,Not Applicable,Yes,Vehicle Breakdown,201,Cash,39,3.9,3.9
2024-07-24 03:12:00,CNR6556577732,Canceled by Customer,CID500826,Prime Sedan,Jayanagar,Vijayanagar,,,Driver is not moving towards pickup location,Not Applicable,Not Applicable,Not Applicable,1209,Not Applicable,0,,
2024-07-03 05:51:00,CNR8207361211,Canceled by Customer,CID509493,Prime Sedan,Hebbal,RT Nagar,,,Wrong Address,Not Applicable,Not Applicable,Not Applicable,453,Not Applicable,0,,
2024-07-07 02:59:00,CNR3169577986,Success,CID845540,Auto,Kengeri,Shantinagar,105.0,80.0,Not Applicable,Not Applicable,No,Not Applicable,898,UPI,15,4.2,5.0
2024-07-19 02:18:00,CNR5446213868,Success,CID215178,Bike,Bannerghatta Road,Kengeri,308.0,25.0,Not Applicable,Not Applicable,No,Not Applicable,326,UPI,45,4.2,4.9
2024-07-08 15:17:00,CNR9679159897,Success,CID739025,Prime SUV,RT Nagar,Ulsoor,84.0,95.0,Not Applicable,Not Applicable,No,Not Applicable,504,UPI,40,3.0,3.9
2024-07-07 01:46:00,CNR2063975132,Driver Not Found,CID518869,Prime SUV,Peenya,Devanahalli,,,Not Applicable,Not Applicable,Not Applicable,Not Applicable,1053,Not Applicable,0,,
2024-07-24 12:16:00,CNR6406788795,Success,CID360281,Mini,Varthur,Sarjapur Road,56.0,90.0,Not Applicable,Not Applicable,No,Not Applicable,202,Cash,49,3.1,3.9
2024-07-10 07:36:00,CNR8712334054,Success,CID154819,eBike,Peenya,HSR Layout,70.0,55.0,Not Applicable,Not Applicable,No,Not Applicable,148,Cash,24,4.3,5.0
2024-07-14 22:14:00,CNR6565958622,Success,CID233027,Mini,Cox Town,Shantinagar,35.0,30.0,Not Applicable,Not Applicable,No,Not Applicable,481,Cash,20,3.9,4.8
2024-07-14 03:20:00,CNR2154732379,Success,CID248702,Prime SUV,Mysore Road,Langford Town,294.0,40.0,Not Applicable,Not Applicable,No,Not Applicable,441,Cash,26,4.3,4.4
2024-07-17 20:00:00,CNR9421966105,Success,CID929776,Bike,Hebbal,Bannerghatta Road,196.0,105.0,Not Applicable,Not Applicable,No,Not Applicable,623,Cash,31,4.9,4.4
2024-07-15 14:00:00,CNR8104468137,Success,CID692486,Prime Sedan,Frazer Town,Nagarbhavi,294.0,110.0,Not Applicable,Not Applicable,No,Not Applicable,141,UPI,15,4.5,4.0
2024-07-29 13:59:00,CNR5951969135,Canceled by Driver,CID416033,Bike,Kengeri,Hosur Road,,,Not Applicable,Personal & Car related issue,Not Applicable,Not Applicable,128,Not Applicable,0,,
2024-07-07 17:01:00,CNR1060157567,Success,CID575784,Mini,Frazer Town,Bannerghatta Road,133.0,75.0,Not Applicable,Not Applicable,No,Not Applicable,907,UPI,25,4.4,4.4
2024-07-21 21:09:00,CNR1441086018,Canceled by Driver,CID414602,eBike,KR Puram,Devanahalli,,,Not Applicable,Personal & Car related issue,Not Applicable,Not Applicable,959,Not Applicable,0,,
2024-07-13 00:37:00,CNR9876895139,Success,CID403090,Prime SUV,Vijayanagar,Magadi Road,210.0,55.0,Not Applicable,Not Applicable,Yes,Customer Demand,348,Cash,23,4.1,4.5
2024-07-01 13:15:00,CNR5610415239,Canceled by Driver,CID786417,Prime SUV,Yeshwanthpur,Vijayanagar,,,Not Applicable,Personal & Car related issue,Not Applicable,Not Applicable,902,Not Applicable,0,,
2024-07-25 23:42:00,CNR2848571634,Canceled by Driver,CID814886,Mini,Varthur,Cox Town,,,Not Applicable,Customer was coughing/sick,Not Applicable,Not Applicable,488,Not Applicable,0,,
2024-07-15 23:51:00,CNR6844230756,Success,CID272870,Auto,Koramangala,HSR Layout,301.0,45.0,Not Applicable,Not Applicable,No,Not Applicable,384,Cash,9,4.2,3.9
2024-07-02 19:08:00,CNR7971723371,Canceled by Driver,CID477869,eBike,Peenya,Whitefield,,,Not Applicable,Customer related issue,Not Applicable,Not Applicable,346,Not Applicable,0,,
2024-07-06 07:11:00,CNR1176759551,Success,CID170774,Auto,Chickpet,Koramangala,224.0,90.0,Not Applicable,Not Applicable,No,Not Applicable,242,Cash,3,3.3,4.1
2024-07-02 04:28:00,CNR4587041444,Canceled by Customer,CID411887,Prime Sedan,Bellandur,Jayanagar,,,Driver asked to cancel,Not Applicable,Not Applicable,Not Applicable,412,Not Applicable,0,,
2024-07-09 13:14:00,CNR2694122579,Canceled by Driver,CID679952,Prime Sedan,HSR Layout,Tumkur Road,,,Not Applicable,Customer was coughing/sick,Not Applicable,Not Applicable,185,Not Applicable,0,,
2024-07-11 20:45:00,CNR4018608892,Success,CID770317,Prime SUV,Indiranagar,Basavanagudi,280.0,30.0,Not Applicable,Not Applicable,Yes,Vehicle Breakdown,2695,UPI,20,3.4,4.0
2024-07-29 22:50:00,CNR5515227792,Canceled by Customer,CID231532,Prime Sedan,Peenya,Shantinagar,,,AC is Not working,Not Applicable,Not Applicable,Not Applicable,416,Not Applicable,0,,
2024-07-01 01:37:00,CNR7109663590,Success,CID406305,Auto,Kengeri,Whitefield,119.0,115.0,Not Applicable,Not Applicable,No,Not Applicable,243,Cash,5,3.2,4.3
2024-07-17 04:11:00,CNR3771977697,Success,CID498315,Mini,Hosur Road,Magadi Road,238.0,90.0,Not Applicable,Not Applicable,No,Not Applicable,281,Cash,24,4.5,3.4
2024-07-18 13:02:00,CNR5870717930,Success,CID740659,Bike,Devanahalli,Yelahanka,252.0,55.0,Not Applicable,Not Applicable,No,Not Applicable,834,UPI,47,3.7,4.6
2024-07-05 21:14:00,CNR8442219702,Success,CID445489,eBike,Shantinagar,Jayanagar,231.0,30.0,Not Applicable,Not Applicable,No,Not Applicable,512,Cash,13,4.8,3.4
2024-07-03 23:26:00,CNR4875435644,Driver Not Found,CID108894,Bike,Peenya,Ulsoor,,,Not Applicable,Not Applicable,Not Applicable,Not Applicable,409,Not Applicable,0,,
2024-07-25 20:38:00,CNR7961493788,Driver Not Found,CID712004,Prime SUV,Kengeri,KR Puram,,,Not Applicable,Not Applicable,Not Applicable,Not Applicable,325,Not Applicable,0,,
2024-07-13 13:07:00,CNR9833490868,Success,CID793433,Prime SUV,Jayanagar,Whitefield,259.0,80.0,Not Applicable,Not Applicable,Yes,Customer Demand,514,Cash,39,4.1,4.3
2024-07-09 22:28:00,CNR5916458798,Success,CID293863,Auto,Shivajinagar,Langford Town,112.0,75.0,Not Applicable,Not Applicable,No,Not Applicable,858,Cash,10,4.7,3.1
2024-07-07 18:32:00,CNR2421719126,Canceled by Customer,CID803188,Auto,Sahakar Nagar,Koramangala,,,AC is Not working,Not Applicable,Not Applicable,Not Applicable,443,Not Applicable,0,,
2024-07-14 11:43:00,CNR2248749216,Canceled by Driver,CID802843,eBike,Tumkur Road,Varthur,,,Not Applicable,Customer was coughing/sick,Not Applicable,Not Applicable,113,Not Applicable,0,,
2024-07-08 13:10:00,CNR3326417016,Success,CID858570,Prime SUV,Malleshwaram,Whitefield,231.0,130.0,Not Applicable,Not Applicable,No,Not Applicable,209,UPI,48,4.6,4.0
2024-07-28 06:58:00,CNR2316438486,Success,CID776158,Prime Sedan,Kammanahalli,Indiranagar,70.0,120.0,Not Applicable,Not Applicable,No,Not Applicable,727,Credit Card,26,3.5,4.9
2024-07-21 07:34:00,CNR4868466012,Success,CID991140,Bike,Ramamurthy Nagar,Rajajinagar,35.0,45.0,Not Applicable,Not Applicable,No,Not Applicable,298,UPI,48,4.1,4.6
2024-07-29 19:22:00,CNR3914210517,Success,CID517741,Prime SUV,Chickpet,Langford Town,56.0,85.0,Not Applicable,Not Applicable,Yes,Customer Demand,486,UPI,6,3.5,4.3
2024-07-15 06:53:00,CNR5828549455,Success,CID602461,Bike,Devanahalli,Magadi Road,231.0,65.0,Not Applicable,Not Applicable,No,Not Applicable,297,Cash,35,3.4,5.0
2024-07-16 11:12:00,CNR2470216036,Canceled by Customer,CID959792,Prime Plus,Hosur Road,Frazer Town,,,AC is Not working,Not Applicable,Not Applicable,Not Applicable,956,Not Applicable,0,,
2024-07-03 09:13:00,CNR1286194966,Driver Not Found,CID130383,Auto,Varthur,Shivajinagar,,,Not Applicable,Not Applicable,Not Applicable,Not Applicable,772,Not Applicable,0,,
2024-07-01 03:20:00,CNR7106552966,Success,CID446069,Auto,RT Nagar,Varthur,210.0,65.0,Not Applicable,Not Applicable,No,Not Applicable,340,Cash,13,3.6,3.7
2024-07-05 12:30:00,CNR5584410304,Success,CID958478,Auto,Cox Town,Banashankari,119.0,55.0,Not Applicable,Not Applicable,No,Not Applicable,384,UPI,3,4.2,3.4
2024-07-17 20:00:00,CNR1385807097,Success,CID117180,Prime Sedan,Yeshwanthpur,Shivajinagar,175.0,80.0,Not Applicable,Not Applicable,No,Not Applicable,191,Cash,47,5.0,4.6
2024-07-20 05:27:00,CNR5156451680,Success,CID932635,Prime SUV,Varthur,Magadi Road,84.0,130.0,Not Applicable,Not Applicable,No,Not Applicable,786,UPI,17,4.5,3.7
2024-07-15 14:26:00,CNR2447588328,Success,CID306647,Prime Sedan,Ulsoor,Devanahalli,119.0,60.0,Not Applicable,Not Applicable,No,Not Applicable,815,Debit Card,27,3.3,3.6
2024-07-03 05:47:00,CNR1476989688,Canceled by Driver,CID113867,Prime SUV,Hosur Road,Marathahalli,,,Not Applicable,Personal & Car related issue,Not Applicable,Not Applicable,169,Not Applicable,0,,
2024-07-28 12:45:00,CNR2741526340,Success,CID583443,Mini,Hebbal,Majestic,98.0,80.0,Not Applicable,Not Applicable,No,Not Applicable,372,Cash,12,3.2,4.2
2024-07-19 10:59:00,CNR8029209489,Success,CID470586,Bike,Padmanabhanagar,Ulsoor,294.0,45.0,Not Applicable,Not Applicable,No,Not Applicable,128,UPI,1,3.5,3.2
2024-07-18 05:59:00,CNR9589017935,Canceled by Customer,CID481526,Bike,Hennur,MG Road,,,Driver is not moving towards pickup location,Not Applicable,Not Applicable,Not Applicable,330,Not Applicable,0,,
2024-07-26 22:44:00,CNR8123681984,Success,CID113605,Prime SUV,Electronic City,Shivajinagar,56.0,90.0,Not Applicable,Not Applicable,No,Not Applicable,397,Cash,32,3.3,3.8
2024-07-09 22:13:00,CNR1416545203,Success,CID171140,Prime Sedan,Bellandur,Langford Town,210.0,95.0,Not Applicable,Not Applicable,No,Not Applicable,149,UPI,26,3.6,4.6
2024-07-15 19:24:00,CNR7550029198,Success,CID430572,Mini,Banashankari,Marathahalli,133.0,80.0,Not Applicable,Not Applicable,No,Not Applicable,301,UPI,13,4.8,4.2
2024-07-05 20:52:00,CNR5011150284,Canceled by Customer,CID735658,Auto,KR Puram,Banashankari,,,Driver asked to cancel,Not Applicable,Not Applicable,Not Applicable,865,Not Applicable,0,,
2024-07-08 19:57:00,CNR4083081262,Canceled by Driver,CID668074,Prime Sedan,Koramangala,Chamarajpet,,,Not Applicable,Customer was coughing/sick,Not Applicable,Not Applicable,409,Not Applicable,0,,
2024-07-24 18:00:00,CNR7872966942,Canceled by Driver,CID485498,Bike,Magadi Road,Yelahanka,,,Not Applicable,More than permitted people in there,Not Applicable,Not Applicable,826,Not Applicable,0,,
2024-07-24 05:01:00,CNR1166098870,Success,CID624424,Prime SUV,KR Puram,Electronic City,91.0,105.0,Not Applicable,Not Applicable,No,Not Applicable,352,UPI,16,4.0,4.1
2024-07-19 19:52:00,CNR5756874991,Success,CID977981,Mini,Bannerghatta Road,Rajarajeshwari Nagar,287.0,50.0,Not Applicable,Not Applicable,No,Not Applicable,369,Cash,21,4.5,3.5
2024-07-18 09:17:00,CNR3066778230,Success,CID249381,Auto,Hulimavu,Rajarajeshwari Nagar,231.0,80.0,Not Applicable,Not Applicable,No,Not Applicable,835,Cash,8,4.3,3.7
2024-07-12 03:37:00,CNR6234652437,Success,CID485187,Prime Sedan,Tumkur Road,Banashankari,126.0,100.0,Not Applicable,Not Applicable,No,Not Applicable,167,UPI,20,4.4,4.0
2024-07-25 21:28:00,CNR1150773018,Success,CID304638,Bike,Sahakar Nagar,Ulsoor,182.0,45.0,Not Applicable,Not Applicable,No,Not Applicable,267,Cash,42,3.9,4.9
2024-07-23 18:22:00,CNR7547028405,Success,CID443980,eBike,Koramangala,Indiranagar,126.0,55.0,Not Applicable,Not Applicable,No,Not Applicable,189,Cash,46,4.6,4.6
2024-07-18 05:36:00,CNR5932111651,Canceled by Driver,CID524792,Prime Sedan,Bellandur,Shivajinagar,,,Not Applicable,Customer was coughing/sick,Not Applicable,Not Applicable,470,Not Applicable,0,,
2024-07-14 11:27:00,CNR7460686266,Success,CID982814,Prime Plus,Hulimavu,Hebbal,308.0,80.0,Not Applicable,Not Applicable,No,Not Applicable,2106,UPI,17,3.8,4.5
2024-07-22 08:32:00,CNR6840550358,Canceled by Customer,CID866843,Prime Plus,Marathahalli,Yelahanka,,,Driver asked to cancel,Not Applicable,Not Applicable,Not Applicable,917,Not Applicable,0,,
2024-07-19 08:40:00,CNR8102146289,Canceled by Customer,CID229789,Auto,Langford Town,Whitefield,,,Driver asked to cancel,Not Applicable,Not Applicable,Not Applicable,275,Not Applicable,0,,
2024-07-10 08:19:00,CNR2675291662,Success,CID292252,Mini,Kengeri,Yeshwanthpur,217.0,40.0,Not Applicable,Not Applicable,No,Not Applicable,273,UPI,10,4.0,4.0
2024-07-07 03:39:00,CNR6099520409,Success,CID889403,Prime SUV,Hennur,Malleshwaram,119.0,90.0,Not Applicable,Not Applicable,No,Not Applicable,1888,UPI,44,4.0,4.4
2024-07-02 23:13:00,CNR4354386754,Canceled by Customer,CID951074,Prime Sedan,Yeshwanthpur,Langford Town,,,Driver asked to cancel,Not Applicable,Not Applicable,Not Applicable,356,Not Applicable,0,,
2024-07-14 13:05:00,CNR7749203282,Canceled by Customer,CID117168,Prime Plus,Yeshwanthpur,Electronic City,,,Driver is not moving towards pickup location,Not Applicable,Not Applicable,Not Applicable,212,Not Applicable,0,,
2024-07-05 05:41:00,CNR2223460959,Success,CID109165,eBike,Varthur,Indiranagar,175.0,70.0,Not Applicable,Not Applicable,No,Not Applicable,141,UPI,21,4.4,4.8
2024-07-21 20:49:00,CNR6837297804,Driver Not Found,CID947219,Auto,Magadi Road,Rajarajeshwari Nagar,,,Not Applicable,Not Applicable,Not Applicable,Not Applicable,464,Not Applicable,0,,
2024-07-26 10:00:00,CNR5208711178,Success,CID789194,Prime Sedan,Frazer Town,Varthur,189.0,75.0,Not Applicable,Not Applicable,No,Not Applicable,735,Cash,15,4.4,4.0
2024-07-07 02:22:00,CNR6638625099,Canceled by Driver,CID519316,Mini,BTM Layout,JP Nagar,,,Not Applicable,Customer was coughing/sick,Not Applicable,Not Applicable,419,Not Applicable,0,,
2024-07-27 02:46:00,CNR8208965832,Canceled by Driver,CID964719,Prime Plus,Magadi Road,Sarjapur Road,,,Not Applicable,Customer was coughing/sick,Not Applicable,Not Applicable,789,Not Applicable,0,,
2024-07-18 19:26:00,CNR8130315333,Driver Not Found,CID864674,Mini,BTM Layout,Tumkur Road,,,Not Applicable,Not Applicable,Not Applicable,Not Applicable,568,Not Applicable,0,,
2024-07-05 18:51:00,CNR2229314674,Canceled by Customer,CID745758,eBike,Rajajinagar,Varthur,,,Wrong Address,Not Applicable,Not Applicable,Not Applicable,402,Not Applicable,0,,
2024-07-28 16:22:00,CNR3051141445,Success,CID777750,Mini,Malleshwaram,BTM Layout,189.0,120.0,Not Applicable,Not Applicable,No,Not Applicable,168,Cash,10,3.9,4.8
2024-07-26 04:30:00,CNR1341660514,Success,CID530227,Mini,Nagarbhavi,Kengeri,175.0,130.0,Not Applicable,Not Applicable,No,Not Applicable,872,Cash,29,3.9,3.4
2024-07-20 23:04:00,CNR3949709258,Success,CID941625,Bike,Chickpet,Ulsoor,56.0,55.0,Not Applicable,Not Applicable,No,Not Applicable,903,Cash,32,3.3,4.5
2024-07-15 15:27:00,CNR3566673679,Success,CID729335,Bike,Jayanagar,Shantinagar,154.0,115.0,Not Applicable,Not Applicable,No,Not Applicable,475,Cash,3,3.3,4.7
2024-07-13 17:51:00,CNR2665507351,Success,CID362126,Prime SUV,Marathahalli,Koramangala,182.0,45.0,Not Applicable,Not Applicable,No,Not Applicable,376,Cash,7,3.7,3.6
2024-07-18 14:18:00,CNR5837310631,Success,CID800744,Mini,Cox Town,Bellandur,217.0,105.0,Not Applicable,Not Applicable,No,Not Applicable,101,UPI,6,3.9,4.6
2024-07-10 08:53:00,CNR4048320292,Success,CID963471,eBike,Vijayanagar,KR Puram,91.0,135.0,Not Applicable,Not Applicable,No,Not Applicable,143,Credit Card,33,3.5,4.9
2024-07-08 08:50:00,CNR3968046650,Success,CID254669,Mini,Devanahalli,Shantinagar,189.0,80.0,Not Applicable,Not Applicable,No,Not Applicable,604,UPI,33,4.7,3.9
2024-07-30 11:13:00,CNR4532462323,Canceled by Driver,CID261383,Prime Sedan,Padmanabhanagar,Yeshwanthpur,,,Not Applicable,Personal & Car related issue,Not Applicable,Not Applicable,544,Not Applicable,0,,
2024-07-20 03:37:00,CNR2976801073,Success,CID576228,eBike,JP Nagar,Electronic City,189.0,110.0,Not Applicable,Not Applicable,No,Not Applicable,946,UPI,38,4.8,4.9
2024-07-25 08:52:00,CNR5201215371,Success,CID495478,Bike,Kengeri,Malleshwaram,98.0,30.0,Not Applicable,Not Applicable,No,Not Applicable,100,UPI,4,4.3,4.8
2024-07-14 11:34:00,CNR7643058378,Success,CID327074,Prime Plus,Yelahanka,HSR Layout,126.0,135.0,Not Applicable,Not Applicable,No,Not Applicable,435,Cash,27,3.8,5.0
2024-07-12 09:19:00,CNR9965397363,Canceled by Driver,CID137340,Bike,Kengeri,JP Nagar,,,Not Applicable,Customer related issue,Not Applicable,Not Applicable,167,Not Applicable,0,,
2024-07-02 03:31:00,CNR1649717682,Success,CID311218,Bike,Hebbal,Kengeri,231.0,35.0,Not Applicable,Not Applicable,No,Not Applicable,419,Debit Card,18,3.5,4.5
2024-07-20 19:12:00,CNR1334385943,Success,CID159965,Prime Sedan,Vijayanagar,Hebbal,301.0,135.0,Not Applicable,Not Applicable,No,Not Applicable,275,UPI,1,4.3,3.9
2024-07-03 23:21:00,CNR9463061024,Canceled by Driver,CID647212,Mini,JP Nagar,Majestic,,,Not Applicable,Personal & Car related issue,Not Applicable,Not Applicable,421,Not Applicable,0,,
2024-07-01 04:24:00,CNR2502818106,Success,CID991616,Prime Sedan,Banashankari,Nagarbhavi,210.0,130.0,Not Applicable,Not Applicable,No,Not Applicable,164,Cash,14,5.0,3.9
2024-07-19 18:38:00,CNR9892242123,Canceled by Driver,CID606573,Bike,Frazer Town,Tumkur Road,,,Not Applicable,Customer related issue,Not Applicable,Not Applicable,761,Not Applicable,0,,
2024-07-25 19:06:00,CNR1549930417,Success,CID807187,eBike,Electronic City,Rajajinagar,238.0,145.0,Not Applicable,Not Applicable,No,Not Applicable,101,Cash,36,4.1,4.6
2024-07-30 01:18:00,CNR6433467442,Canceled by Driver,CID351256,Prime Sedan,Chickpet,Langford Town,,,Not Applicable,Personal & Car related issue,Not Applicable,Not Applicable,840,Not Applicable,0,,
2024-07-30 23:18:00,CNR3337793855,Success,CID655406,Prime Plus,Devanahalli,Hebbal,63.0,105.0,Not Applicable,Not Applicable,No,Not Applicable,469,UPI,21,3.3,4.9
2024-07-05 09:30:00,CNR1371748068,Canceled by Driver,CID499263,Bike,Whitefield,Shantinagar,,,Not Applicable,Customer was coughing/sick,Not Applicable,Not Applicable,324,Not Applicable,0,,
2024-07-13 14:43:00,CNR8048757953,Success,CID965571,Mini,Sahakar Nagar,Chamarajpet,231.0,80.0,Not Applicable,Not Applicable,No,Not Applicable,918,UPI,1,3.8,3.8
2024-07-15 22:56:00,CNR4117241946,Success,CID858449,Prime Plus,Kengeri,Ramamurthy Nagar,231.0,50.0,Not Applicable,Not Applicable,No,Not Applicable,330,UPI,21,3.0,4.3
2024-07-13 13:02:00,CNR2929661340,Success,CID144326,Bike,Hennur,Basavanagudi,203.0,100.0,Not Applicable,Not Applicable,Yes,Customer Demand,278,Cash,32,3.2,4.3
2024-07-22 21:31:00,CNR1069506748,Success,CID348224,Prime Sedan,MG Road,RT Nagar,154.0,45.0,Not Applicable,Not Applicable,No,Not Applicable,524,Cash,43,4.6,3.9
2024-07-25 04:31:00,CNR5658428081,Canceled by Customer,CID996563,Prime Sedan,Hulimavu,Padmanabhanagar,,,AC is Not working,Not Applicable,Not Applicable,Not Applicable,1740,Not Applicable,0,,
2024-07-26 16:56:00,CNR4769178911,Success,CID486911,Mini,Jayanagar,Electronic City,56.0,145.0,Not Applicable,Not Applicable,No,Not Applicable,258,Credit Card,8,4.5,3.2
2024-07-12 03:25:00,CNR9195995369,Success,CID638858,Mini,Ramamurthy Nagar,Padmanabhanagar,147.0,65.0,Not Applicable,Not Applicable,No,Not Applicable,913,Cash,37,3.9,4.6
2024-07-09 19:20:00,CNR5875227614,Success,CID445941,eBike,Ulsoor,Shantinagar,140.0,80.0,Not Applicable,Not Applicable,No,Not Applicable,889,UPI,14,3.9,3.2
2024-07-10 18:30:00,CNR3080845637,Success,CID189471,eBike,MG Road,Varthur,210.0,35.0,Not Applicable,Not Applicable,No,Not Applicable,555,Cash,29,4.5,4.3
2024-07-15 14:16:00,CNR5523090869,Canceled by Driver,CID703176,Mini,Magadi Road,Ramamurthy Nagar,,,Not Applicable,Customer related issue,Not Applicable,Not Applicable,792,Not Applicable,0,,
2024-07-29 04:55:00,CNR3023911648,Success,CID170580,Mini,Varthur,Chamarajpet,112.0,25.0,Not Applicable,Not Applicable,No,Not Applicable,717,UPI,37,3.4,3.6
2024-07-23 11:37:00,CNR1035193709,Success,CID602852,Prime Plus,BTM Layout,MG Road,238.0,75.0,Not Applicable,Not Applicable,No,Not Applicable,345,Cash,4,4.4,4.1
2024-07-08 20:01:00,CNR6804006450,Canceled by Driver,CID263009,Mini,Chickpet,BTM Layout,,,Not Applicable,Customer related issue,Not Applicable,Not Applicable,498,Not Applicable,0,,
2024-07-17 14:02:00,CNR6962821674,Canceled by Driver,CID546267,Bike,Shantinagar,Kengeri,,,Not Applicable,Customer was coughing/sick,Not Applicable,Not Applicable,385,Not Applicable,0,,
2024-07-01 21:16:00,CNR8994226961,Canceled by Driver,CID373733,Prime Sedan,Cox Town,Vijayanagar,,,Not Applicable,Personal & Car related issue,Not Applicable,Not Applicable,456,Not Applicable,0,,
2024-07-11 19:32:00,CNR9006110272,Driver Not Found,CID914070,Bike,Rajajinagar,Banashankari,,,Not Applicable,Not Applicable,Not Applicable,Not Applicable,824,Not Applicable,0,,
2024-07-12 11:20:00,CNR6974623556,Success,CID719564,Prime Plus,Varthur,Yelahanka,287.0,140.0,Not Applicable,Not Applicable,No,Not Applicable,759,Cash,42,4.1,3.7
2024-07-25 20:58:00,CNR9751541435,Success,CID665206,Prime SUV,Whitefield,BTM Layout,112.0,145.0,Not Applicable,Not Applicable,No,Not Applicable,395,Cash,6,4.9,4.4
2024-07-16 07:33:00,CNR4253486923,Success,CID690720,Auto,Indiranagar,Electronic City,140.0,100.0,Not Applicable,Not Applicable,No,Not Applicable,2911,Cash,16,3.5,4.4
2024-07-08 19:35:00,CNR9765653171,Canceled by Driver,CID834088,Prime SUV,Varthur,Chamarajpet,,,Not Applicable,Customer was coughing/sick,Not Applicable,Not Applicable,459,Not Applicable,0,,
2024-07-03 02:22:00,CNR5131377330,Canceled by Customer,CID344788,Prime Sedan,Ramamurthy Nagar,Chickpet,,,Driver is not moving towards pickup location,Not Applicable,Not Applicable,Not Applicable,346,Not Applicable,0,,
2024-07-23 21:09:00,CNR2350442380,Success,CID709375,Prime SUV,Bannerghatta Road,Chickpet,210.0,40.0,Not Applicable,Not Applicable,No,Not Applicable,193,Cash,12,3.7,4.9
2024-07-15 22:08:00,CNR2790780899,Canceled by Driver,CID572430,Prime SUV,Kammanahalli,Electronic City,,,Not Applicable,Customer related issue,Not Applicable,Not Applicable,877,Not Applicable,0,,
2024-07-06 09:17:00,CNR1519897462,Success,CID700355,Bike,Frazer Town,Hosur Road,42.0,120.0,Not Applicable,Not Applicable,No,Not Applicable,499,UPI,24,4.1,3.4
2024-07-09 03:40:00,CNR2115831111,Success,CID625991,Prime Sedan,Langford Town,Peenya,266.0,130.0,Not Applicable,Not Applicable,No,Not Applicable,227,Cash,39,3.3,4.0
2024-07-16 23:23:00,CNR5617548601,Success,CID393608,Auto,Malleshwaram,Hebbal,84.0,30.0,Not Applicable,Not Applicable,No,Not Applicable,121,Cash,7,4.3,3.9
2024-07-22 08:00:00,CNR8001482285,Canceled by Driver,CID837541,Bike,RT Nagar,Basavanagudi,,,Not Applicable,Customer was coughing/sick,Not Applicable,Not Applicable,214,Not Applicable,0,,
2024-07-18 04:09:00,CNR7955349806,Success,CID408044,Auto,Basavanagudi,Kengeri,77.0,135.0,Not Applicable,Not Applicable,No,Not Applicable,885,Cash,11,3.5,3.4
2024-07-30 22:31:00,CNR2684198148,Success,CID548676,eBike,Whitefield,Chamarajpet,168.0,50.0,Not Applicable,Not Applicable,No,Not Applicable,272,Cash,47,4.0,3.9
2024-07-21 22:57:00,CNR1359392459,Driver Not Found,CID966256,Bike,Kammanahalli,Indiranagar,,,Not Applicable,Not Applicable,Not Applicable,Not Applicable,657,Not Applicable,0,,
2024-07-24 08:19:00,CNR1574674696,Success,CID594358,Mini,Kammanahalli,RT Nagar,238.0,120.0,Not Applicable,Not Applicable,No,Not Applicable,304,Cash,3,4.5,4.8
2024-07-07 04:49:00,CNR5212578327,Success,CID290695,Prime SUV,Yeshwanthpur,Shantinagar,63.0,55.0,Not Applicable,Not Applicable,No,Not Applicable,318,Cash,30,3.5,5.0
2024-07-18 17:05:00,CNR7859898438,Success,CID434442,Prime Plus,Shantinagar,Chamarajpet,77.0,50.0,Not Applicable,Not Applicable,No,Not Applicable,231,UPI,6,4.0,3.4
2024-07-26 14:44:00,CNR4344880970,Success,CID209865,eBike,Frazer Town,Electronic City,308.0,85.0,Not Applicable,Not Applicable,No,Not Applicable,384,Cash,46,4.4,3.4
2024-07-07 16:05:00,CNR6200360642,Canceled by Driver,CID860444,Mini,Electronic City,Bellandur,,,Not Applicable,Customer related issue,Not Applicable,Not Applicable,353,Not Applicable,0,,
2024-07-17 09:43:00,CNR8337901730,Success,CID817767,Mini,JP Nagar,Sarjapur Road,189.0,105.0,Not Applicable,Not Applicable,No,Not Applicable,427,Cash,27,3.1,3.8
2024-07-21 08:42:00,CNR1609929402,Success,CID618259,eBike,Indiranagar,Vijayanagar,217.0,125.0,Not Applicable,Not Applicable,No,Not Applicable,427,Cash,23,4.6,3.3
2024-07-04 18:16:00,CNR1793078122,Success,CID591451,Auto,Hulimavu,Chamarajpet,238.0,30.0,Not Applicable,Not Applicable,No,Not Applicable,2300,UPI,14,3.0,4.7
2024-07-13 00:38:00,CNR4525294279,Success,CID238949,Bike,Richmond Town,Varthur,133.0,80.0,Not Applicable,Not Applicable,No,Not Applicable,203,UPI,14,3.4,4.5
2024-07-09 18:12:00,CNR9492849254,Canceled by Driver,CID767254,Auto,Malleshwaram,Padmanabhanagar,,,Not Applicable,Customer related issue,Not Applicable,Not Applicable,440,Not Applicable,0,,
2024-07-30 17:43:00,CNR3606946042,Success,CID739771,Prime SUV,Devanahalli,Peenya,56.0,80.0,Not Applicable,Not Applicable,No,Not Applicable,316,Cash,11,3.5,3.0
2024-07-06 14:15:00,CNR8306447631,Success,CID474128,Prime Sedan,Bannerghatta Road,Kadugodi,84.0,110.0,Not Applicable,Not Applicable,No,Not Applicable,1136,UPI,10,4.8,4.7
2024-07-20 11:51:00,CNR9848902165,Success,CID793475,Prime SUV,Bannerghatta Road,Peenya,112.0,45.0,Not Applicable,Not Applicable,No,Not Applicable,883,Cash,15,4.3,3.9
2024-07-21 05:21:00,CNR8077438827,Canceled by Driver,CID334167,Auto,Cox Town,Chamarajpet,,,Not Applicable,More than permitted people in there,Not Applicable,Not Applicable,2653,Not Applicable,0,,
2024-07-19 11:36:00,CNR5047245427,Success,CID196442,Prime Plus,Ulsoor,HSR Layout,63.0,60.0,Not Applicable,Not Applicable,No,Not Applicable,437,UPI,10,3.9,4.8
2024-07-12 12:11:00,CNR5720392801,Success,CID172777,Prime SUV,RT Nagar,Ulsoor,259.0,75.0,Not Applicable,Not Applicable,No,Not Applicable,413,UPI,8,5.0,4.5
2024-07-08 08:38:00,CNR5391972552,Canceled by Customer,CID809271,Bike,Hennur,Rajarajeshwari Nagar,,,Change of plans,Not Applicable,Not Applicable,Not Applicable,270,Not Applicable,0,,
2024-07-18 07:36:00,CNR4716606399,Success,CID936298,Prime SUV,Shantinagar,Magadi Road,238.0,140.0,Not Applicable,Not Applicable,No,Not Applicable,746,UPI,47,4.5,4.2
2024-07-03 19:08:00,CNR6282261120,Success,CID938533,Prime Sedan,BTM Layout,Magadi Road,77.0,75.0,Not Applicable,Not Applicable,No,Not Applicable,632,Cash,29,3.5,3.1
2024-07-16 00:47:00,CNR9581615524,Canceled by Driver,CID358556,Mini,RT Nagar,Cox Town,,,Not Applicable,Personal & Car related issue,Not Applicable,Not Applicable,1523,Not Applicable,0,,
2024-07-11 02:59:00,CNR3982947360,Driver Not Found,CID276984,Bike,Sahakar Nagar,Hulimavu,,,Not Applicable,Not Applicable,Not Applicable,Not Applicable,278,Not Applicable,0,,
2024-07-27 14:17:00,CNR6205286062,Success,CID788486,Prime Sedan,Sarjapur Road,Yeshwanthpur,189.0,70.0,Not Applicable,Not Applicable,No,Not Applicable,891,UPI,3,3.8,3.0
2024-07-23 14:24:00,CNR2632925371,Canceled by Customer,CID574007,Prime Plus,Shantinagar,Mysore Road,,,Driver is not moving towards pickup location,Not Applicable,Not Applicable,Not Applicable,366,Not Applicable,0,,
2024-07-08 06:26:00,CNR4389140805,Success,CID592116,Auto,Majestic,Kadugodi,161.0,115.0,Not Applicable,Not Applicable,No,Not Applicable,115,Cash,14,4.4,4.2
2024-07-20 06:07:00,CNR5992582154,Success,CID302438,Prime Sedan,RT Nagar,Jayanagar,70.0,60.0,Not Applicable,Not Applicable,No,Not Applicable,1530,UPI,24,4.5,4.3
2024-07-29 04:00:00,CNR4959154623,Success,CID718294,Prime Sedan,HSR Layout,Ulsoor,84.0,45.0,Not Applicable,Not Applicable,Yes,Customer Demand,247,Cash,34,3.7,4.6
2024-07-17 10:49:00,CNR7983493760,Canceled by Driver,CID905665,Prime Plus,Cox Town,MG Road,,,Not Applicable,Customer was coughing/sick,Not Applicable,Not Applicable,778,Not Applicable,0,,
2024-07-13 11:05:00,CNR8288888891,Driver Not Found,CID427492,Prime SUV,Nagarbhavi,Ulsoor,,,Not Applicable,Not Applicable,Not Applicable,Not Applicable,868,Not Applicable,0,,
2024-07-26 18:11:00,CNR9675383980,Success,CID159020,eBike,Magadi Road,Ulsoor,287.0,115.0,Not Applicable,Not Applicable,No,Not Applicable,472,UPI,1,3.8,4.9
2024-07-14 18:47:00,CNR3819598576,Success,CID430509,eBike,Banashankari,Rajarajeshwari Nagar,196.0,40.0,Not Applicable,Not Applicable,No,Not Applicable,265,Cash,20,4.9,4.0
2024-07-13 08:13:00,CNR4803020884,Canceled by Driver,CID412921,Prime Plus,Yeshwanthpur,Indiranagar,,,Not Applicable,Customer related issue,Not Applicable,Not Applicable,2620,Not Applicable,0,,
2024-07-19 11:52:00,CNR1079492967,Success,CID281373,Mini,KR Puram,Bannerghatta Road,140.0,100.0,Not Applicable,Not Applicable,No,Not Applicable,368,UPI,48,3.0,4.6
2024-07-15 12:55:00,CNR9964218582,Success,CID797904,Auto,Bannerghatta Road,Cox Town,224.0,55.0,Not Applicable,Not Applicable,No,Not Applicable,279,UPI,4,4.4,4.8
2024-07-25 19:58:00,CNR6636431194,Canceled by Driver,CID156924,eBike,Rajajinagar,Hosur Road,,,Not Applicable,Customer related issue,Not Applicable,Not Applicable,819,Not Applicable,0,,
2024-07-19 17:09:00,CNR7313294387,Canceled by Customer,CID795957,Prime Plus,Vijayanagar,Ulsoor,,,AC is Not working,Not Applicable,Not Applicable,Not Applicable,349,Not Applicable,0,,
2024-07-01 08:32:00,CNR9577401796,Success,CID802001,Prime SUV,Marathahalli,Magadi Road,161.0,50.0,Not Applicable,Not Applicable,No,Not Applicable,352,UPI,34,5.0,4.0
2024-07-30 04:51:00,CNR1840852752,Driver Not Found,CID725132,Bike,Rajarajeshwari Nagar,Frazer Town,,,Not Applicable,Not Applicable,Not Applicable,Not Applicable,462,Not Applicable,0,,
2024-07-11 23:36:00,CNR6213256980,Success,CID796931,Prime Plus,Magadi Road,BTM Layout,196.0,30.0,Not Applicable,Not Applicable,No,Not Applicable,417,Cash,15,3.0,3.7
2024-07-26 04:44:00,CNR6874414659,Success,CID551546,Prime Sedan,Bellandur,Indiranagar,63.0,130.0,Not Applicable,Not Applicable,No,Not Applicable,774,UPI,26,4.7,4.4
2024-07-17 12:00:00,CNR3664735346,Canceled by Customer,CID269464,eBike,Rajarajeshwari Nagar,Hosur Road,,,Wrong Address,Not Applicable,Not Applicable,Not Applicable,384,Not Applicable,0,,
2024-07-30 09:18:00,CNR8939395912,Canceled by Customer,CID665221,Auto,Padmanabhanagar,Padmanabhanagar,,,Change of plans,Not Applicable,Not Applicable,Not Applicable,177,Not Applicable,0,,
2024-07-27 05:01:00,CNR1225198883,Success,CID759014,Bike,Majestic,Bannerghatta Road,245.0,115.0,Not Applicable,Not Applicable,No,Not Applicable,340,UPI,35,3.8,4.3
2024-07-29 08:20:00,CNR8081933498,Success,CID292740,Mini,Magadi Road,Yeshwanthpur,189.0,90.0,Not Applicable,Not Applicable,No,Not Applicable,429,Cash,13,4.7,4.7
2024-07-23 16:03:00,CNR3635641795,Success,CID358337,Prime SUV,Rajajinagar,Hosur Road,280.0,70.0,Not Applicable,Not Applicable,No,Not Applicable,266,UPI,14,3.6,5.0
2024-07-12 09:32:00,CNR9784125650,Success,CID991911,Bike,Peenya,Yeshwanthpur,105.0,60.0,Not Applicable,Not Applicable,No,Not Applicable,259,Cash,12,3.8,4.3
2024-07-29 21:56:00,CNR3435646163,Success,CID917537,Auto,Kengeri,Indiranagar,91.0,95.0,Not Applicable,Not Applicable,No,Not Applicable,462,UPI,18,3.8,4.3
2024-07-24 22:52:00,CNR5560794311,Driver Not Found,CID250944,Bike,Hebbal,Rajarajeshwari Nagar,,,Not Applicable,Not Applicable,Not Applicable,Not Applicable,137,Not Applicable,0,,
2024-07-15 17:12:00,CNR3363111368,Success,CID644287,Prime Plus,Whitefield,Hebbal,231.0,125.0,Not Applicable,Not Applicable,No,Not Applicable,264,Cash,37,3.5,3.3
2024-07-29 14:24:00,CNR1995617235,Success,CID987464,Auto,Malleshwaram,Rajarajeshwari Nagar,168.0,55.0,Not Applicable,Not Applicable,No,Not Applicable,298,Debit Card,5,3.3,3.5
2024-07-01 02:26:00,CNR6324410023,Success,CID286925,Prime Plus,Sarjapur Road,Cox Town,84.0,30.0,Not Applicable,Not Applicable,No,Not Applicable,151,UPI,1,4.8,4.5
2024-07-26 11:40:00,CNR5391997660,Success,CID581113,Auto,Kengeri,Marathahalli,175.0,140.0,Not Applicable,Not Applicable,No,Not Applicable,342,UPI,13,3.8,5.0
2024-07-26 02:29:00,CNR8484680530,Driver Not Found,CID419661,Prime SUV,Nagarbhavi,Yeshwanthpur,,,Not Applicable,Not Applicable,Not Applicable,Not Applicable,636,Not Applicable,0,,
2024-07-03 19:27:00,CNR3314487054,Canceled by Driver,CID317588,Mini,JP Nagar,Whitefield,,,Not Applicable,Personal & Car related issue,Not Applicable,Not Applicable,140,Not Applicable,0,,
2024-07-01 15:00:00,CNR7857441300,Success,CID120059,Prime Sedan,Hennur,Vijayanagar,63.0,55.0,Not Applicable,Not Applicable,No,Not Applicable,287,UPI,6,3.4,3.5
2024-07-03 03:37:00,CNR8531184328,Success,CID411296,Prime Plus,Padmanabhanagar,Rajajinagar,105.0,25.0,Not Applicable,Not Applicable,No,Not Applicable,849,UPI,14,3.3,3.7
2024-07-23 19:27:00,CNR1687727757,Success,CID170487,eBike,Basavanagudi,Shantinagar,56.0,145.0,Not Applicable,Not Applicable,No,Not Applicable,289,Cash,29,3.9,4.5
2024-07-14 13:14:00,CNR8932529921,Canceled by Driver,CID494293,Prime SUV,Richmond Town,Varthur,,,Not Applicable,Personal & Car related issue,Not Applicable,Not Applicable,981,Not Applicable,0,,
2024-07-22 20:41:00,CNR7778316168,Success,CID199220,Auto,Sarjapur Road,Hosur Road,217.0,135.0,Not Applicable,Not Applicable,No,Not Applicable,321,Cash,11,4.2,4.3
2024-07-27 19:12:00,CNR2888863041,Success,CID892659,Prime SUV,Langford Town,Whitefield,224.0,80.0,Not Applicable,Not Applicable,Yes,Vehicle Breakdown,684,UPI,3,3.4,4.3
2024-07-01 15:19:00,CNR6238608218,Success,CID805920,Mini,MG Road,Devanahalli,168.0,30.0,Not Applicable,Not Applicable,No,Not Applicable,156,Cash,10,3.1,3.9
2024-07-19 16:01:00,CNR7678599044,Success,CID137590,Prime SUV,Bannerghatta Road,Langford Town,70.0,55.0,Not Applicable,Not Applicable,No,Not Applicable,363,Cash,37,4.1,3.7
2024-07-17 10:03:00,CNR9854504542,Canceled by Driver,CID207847,Prime Sedan,Basavanagudi,Magadi Road,,,Not Applicable,Customer related issue,Not Applicable,Not Applicable,416,Not Applicable,0,,
2024-07-12 19:09:00,CNR2576443483,Success,CID627583,Bike,Basavanagudi,Jayanagar,63.0,60.0,Not Applicable,Not Applicable,No,Not Applicable,423,UPI,49,3.9,4.8
2024-07-28 15:22:00,CNR3721227102,Success,CID269650,eBike,Rajarajeshwari Nagar,Mysore Road,35.0,30.0,Not Applicable,Not Applicable,No,Not Applicable,289,UPI,40,4.6,4.4
2024-07-13 13:50:00,CNR7646456771,Success,CID125057,eBike,Sarjapur Road,MG Road,308.0,80.0,Not Applicable,Not Applicable,No,Not Applicable,325,Cash,35,3.3,3.0
2024-07-18 19:55:00,CNR8764480574,Success,CID684675,eBike,Kammanahalli,JP Nagar,182.0,90.0,Not Applicable,Not Applicable,No,Not Applicable,478,Cash,30,4.3,4.5
2024-07-11 07:33:00,CNR1029940863,Canceled by Driver,CID452624,Prime Plus,Nagarbhavi,Kengeri,,,Not Applicable,Personal & Car related issue,Not Applicable,Not Applicable,327,Not Applicable,0,,
2024-07-23 15:00:00,CNR2268849771,Driver Not Found,CID908143,eBike,Basavanagudi,Shivajinagar,,,Not Applicable,Not Applicable,Not Applicable,Not Applicable,371,Not Applicable,0,,
2024-07-18 07:09:00,CNR6289150357,Success,CID216355,Bike,Hulimavu,Langford Town,91.0,115.0,Not Applicable,Not Applicable,No,Not Applicable,731,Cash,27,4.7,5.0
2024-07-05 11:05:00,CNR7458653479,Success,CID251273,Prime Sedan,RT Nagar,Langford Town,266.0,30.0,Not Applicable,Not Applicable,No,Not Applicable,474,Credit Card,10,4.9,3.8
2024-07-08 22:08:00,CNR5010101634,Canceled by Driver,CID360822,Prime Sedan,RT Nagar,Magadi Road,,,Not Applicable,More than permitted people in there,Not Applicable,Not Applicable,273,Not Applicable,0,,
2024-07-10 01:24:00,CNR4881103589,Success,CID411275,Auto,Hosur Road,Richmond Town,70.0,85.0,Not Applicable,Not Applicable,No,Not Applicable,2658,Cash,18,3.6,3.9
2024-07-14 21:33:00,CNR4925588348,Success,CID626296,Prime Plus,Mysore Road,Sahakar Nagar,98.0,50.0,Not Applicable,Not Applicable,No,Not Applicable,363,Cash,2,3.1,4.7
2024-07-09 16:44:00,CNR3179456974,Success,CID393966,Prime Sedan,Bannerghatta Road,Chamarajpet,210.0,45.0,Not Applicable,Not Applicable,No,Not Applicable,631,UPI,10,3.4,4.1
2024-07-03 09:24:00,CNR5076974184,Success,CID413342,Auto,Vijayanagar,RT Nagar,231.0,100.0,Not Applicable,Not Applicable,No,Not Applicable,801,Cash,12,3.4,3.7
2024-07-12 00:49:00,CNR9516632833,Success,CID674831,Prime Sedan,Varthur,Hulimavu,189.0,85.0,Not Applicable,Not Applicable,No,Not Applicable,2207,UPI,12,4.1,3.4
2024-07-21 06:21:00,CNR7582164808,Success,CID121507,Prime SUV,Basavanagudi,Jayanagar,266.0,110.0,Not Applicable,Not Applicable,No,Not Applicable,860,Cash,36,5.0,3.3
2024-07-24 13:12:00,CNR1160518482,Success,CID513671,Prime Plus,Vijayanagar,Shantinagar,140.0,55.0,Not Applicable,Not Applicable,Yes,Customer Demand,368,Cash,46,3.5,3.9
2024-07-07 09:05:00,CNR5501330940,Success,CID985592,Prime Sedan,Yelahanka,Peenya,217.0,135.0,Not Applicable,Not Applicable,No,Not Applicable,100,Cash,9,4.0,3.4
2024-07-04 10:37:00,CNR7502525247,Success,CID187744,Bike,JP Nagar,Langford Town,266.0,130.0,Not Applicable,Not Applicable,No,Not Applicable,249,Credit Card,41,4.5,4.4
2024-07-03 23:16:00,CNR9415577276,Driver Not Found,CID318140,Prime Plus,Indiranagar,Sarjapur Road,,,Not Applicable,Not Applicable,Not Applicable,Not Applicable,164,Not Applicable,0,,
2024-07-30 11:59:00,CNR6436007680,Success,CID950479,eBike,Yeshwanthpur,Tumkur Road,224.0,30.0,Not Applicable,Not Applicable,No,Not Applicable,458,Credit Card,25,5.0,3.6
2024-07-04 13:56:00,CNR8116805711,Canceled by Driver,CID471383,Prime Plus,Frazer Town,RT Nagar,,,Not Applicable,Personal & Car related issue,Not Applicable,Not Applicable,162,Not Applicable,0,,
2024-07-24 18:45:00,CNR2320847268,Success,CID952569,Bike,Hebbal,Shivajinagar,77.0,55.0,Not Applicable,Not Applicable,No,Not Applicable,186,Cash,7,3.3,3.9
2024-07-27 13:11:00,CNR9207093076,Driver Not Found,CID484101,Auto,Majestic,Ramamurthy Nagar,,,Not Applicable,Not Applicable,Not Applicable,Not Applicable,132,Not Applicable,0,,
2024-07-26 17:35:00,CNR2668102682,Driver Not Found,CID529441,Prime SUV,Kadugodi,Kadugodi,,,Not Applicable,Not Applicable,Not Applicable,Not Applicable,379,Not Applicable,0,,
2024-07-17 02:58:00,CNR5428679142,Success,CID246129,Bike,Richmond Town,Koramangala,203.0,135.0,Not Applicable,Not Applicable,No,Not Applicable,289,Cash,9,3.8,3.1
2024-07-23 09:13:00,CNR6965687107,Success,CID409450,Auto,Sarjapur Road,Sahakar Nagar,308.0,40.0,Not Applicable,Not Applicable,No,Not Applicable,570,UPI,10,4.5,3.7
2024-07-09 05:46:00,CNR3123817436,Success,CID387084,Mini,Peenya,Banashankari,42.0,100.0,Not Applicable,Not Applicable,No,Not Applicable,481,Cash,4,4.9,4.2
2024-07-17 04:33:00,CNR3192131471,Success,CID741275,Prime SUV,JP Nagar,Langford Town,35.0,95.0,Not Applicable,Not Applicable,No,Not Applicable,343,UPI,34,4.2,4.3
2024-07-26 02:51:00,CNR2990469303,Success,CID524150,Bike,Marathahalli,Padmanabhanagar,112.0,95.0,Not Applicable,Not Applicable,No,Not Applicable,146,UPI,33,3.1,4.5
2024-07-19 19:46:00,CNR4420629626,Canceled by Driver,CID815265,Mini,JP Nagar,Indiranagar,,,Not Applicable,Customer was coughing/sick,Not Applicable,Not Applicable,145,Not Applicable,0,,
2024-07-06 05:26:00,CNR3842202843,Success,CID509635,Bike,Rajarajeshwari Nagar,Majestic,196.0,105.0,Not Applicable,Not Applicable,No,Not Applicable,262,UPI,24,3.1,4.4
2024-07-21 06:42:00,CNR9947962699,Success,CID242582,Mini,Rajarajeshwari Nagar,HSR Layout,273.0,95.0,Not Applicable,Not Applicable,No,Not Applicable,363,UPI,5,4.6,3.3
2024-07-27 11:45:00,CNR6985180400,Canceled by Customer,CID942911,eBike,Sahakar Nagar,Whitefield,,,Driver is not moving towards pickup location,Not Applicable,Not Applicable,Not Applicable,193,Not Applicable,0,,
2024-07-08 22:36:00,CNR9559352651,Success,CID267258,Prime SUV,Nagarbhavi,Marathahalli,63.0,110.0,Not Applicable,Not Applicable,No,Not Applicable,849,Cash,12,4.5,3.8
2024-07-27 23:08:00,CNR3427519919,Success,CID640565,Prime SUV,Indiranagar,Devanahalli,308.0,90.0,Not Applicable,Not Applicable,No,Not Applicable,314,UPI,49,3.6,3.6
2024-07-06 00:02:00,CNR4398003246,Success,CID566844,Prime Sedan,KR Puram,Richmond Town,168.0,25.0,Not Applicable,Not Applicable,No,Not Applicable,505,UPI,30,4.2,3.2
2024-07-04 08:54:00,CNR9754034850,Success,CID678604,Mini,Majestic,Frazer Town,147.0,45.0,Not Applicable,Not Applicable,No,Not Applicable,1344,UPI,46,3.7,4.8
2024-07-02 08:05:00,CNR1804962066,Success,CID396077,Prime SUV,Hennur,Basavanagudi,287.0,95.0,Not Applicable,Not Applicable,No,Not Applicable,398,Credit Card,6,3.1,5.0
2024-07-19 17:27:00,CNR2835818670,Canceled by Driver,CID259069,Prime Plus,Electronic City,Shantinagar,,,Not Applicable,Customer related issue,Not Applicable,Not Applicable,345,Not Applicable,0,,
2024-07-28 20:57:00,CNR3183682809,Canceled by Driver,CID401820,Mini,Kengeri,Kengeri,,,Not Applicable,Customer was coughing/sick,Not Applicable,Not Applicable,920,Not Applicable,0,,
2024-07-08 21:04:00,CNR8742473874,Canceled by Driver,CID156076,Prime SUV,Langford Town,JP Nagar,,,Not Applicable,More than permitted people in there,Not Applicable,Not Applicable,645,Not Applicable,0,,
2024-07-18 09:31:00,CNR6216945561,Success,CID397382,Auto,Peenya,Kammanahalli,294.0,30.0,Not Applicable,Not Applicable,No,Not Applicable,389,Cash,10,3.9,4.7
2024-07-01 11:27:00,CNR2044114310,Success,CID115983,Auto,Richmond Town,MG Road,196.0,70.0,Not Applicable,Not Applicable,No,Not Applicable,689,Cash,12,4.7,4.3
2024-07-29 04:33:00,CNR3619544430,Success,CID267302,Bike,Bellandur,Whitefield,182.0,110.0,Not Applicable,Not Applicable,No,Not Applicable,432,Cash,39,4.4,4.5
2024-07-21 08:20:00,CNR7742849626,Success,CID484780,Prime Sedan,Nagarbhavi,Shivajinagar,308.0,75.0,Not Applicable,Not Applicable,No,Not Applicable,323,UPI,11,3.3,4.4
2024-07-22 22:21:00,CNR6578332568,Success,CID629788,Bike,Hosur Road,Shivajinagar,231.0,80.0,Not Applicable,Not Applicable,No,Not Applicable,493,UPI,19,4.5,4.7
2024-07-21 10:25:00,CNR7543826447,Success,CID824893,eBike,Rajajinagar,Hosur Road,273.0,40.0,Not Applicable,Not Applicable,No,Not Applicable,460,Cash,26,3.2,3.6
2024-07-02 18:59:00,CNR8085516918,Success,CID150442,Bike,Chamarajpet,Varthur,224.0,115.0,Not Applicable,Not Applicable,No,Not Applicable,2993,UPI,3,3.8,3.4
2024-07-16 13:40:00,CNR4307100541,Success,CID393500,Prime Plus,Electronic City,Kammanahalli,203.0,145.0,Not Applicable,Not Applicable,No,Not Applicable,213,UPI,35,3.4,4.5
2024-07-22 19:36:00,CNR4273860604,Success,CID386747,Prime Plus,KR Puram,Padmanabhanagar,280.0,75.0,Not Applicable,Not Applicable,Yes,Other Issue,418,Cash,39,3.0,4.5
2024-07-18 18:55:00,CNR7614110078,Driver Not Found,CID616023,Prime Sedan,Kengeri,Shivajinagar,,,Not Applicable,Not Applicable,Not Applicable,Not Applicable,303,Not Applicable,0,,
2024-07-22 07:05:00,CNR8084000488,Canceled by Customer,CID352019,Prime SUV,Varthur,Malleshwaram,,,AC is Not working,Not Applicable,Not Applicable,Not Applicable,429,Not Applicable,0,,
2024-07-23 12:43:00,CNR8550874531,Success,CID317743,Prime Sedan,Hennur,Marathahalli,77.0,135.0,Not Applicable,Not Applicable,No,Not Applicable,450,UPI,34,4.3,4.4
2024-07-01 10:01:00,CNR2606622163,Canceled by Driver,CID463543,Auto,Ulsoor,Rajajinagar,,,Not Applicable,Customer was coughing/sick,Not Applicable,Not Applicable,193,Not Applicable,0,,
2024-07-05 10:20:00,CNR9862312091,Success,CID199640,Auto,Magadi Road,Peenya,182.0,110.0,Not Applicable,Not Applicable,No,Not Applicable,433,Cash,10,3.7,4.9
2024-07-24 11:55:00,CNR5693062372,Canceled by Driver,CID100212,Auto,Mysore Road,Banashankari,,,Not Applicable,Customer related issue,Not Applicable,Not Applicable,102,Not Applicable,0,,
2024-07-01 06:08:00,CNR8180251607,Canceled by Driver,CID219981,Prime SUV,Malleshwaram,MG Road,,,Not Applicable,Customer related issue,Not Applicable,Not Applicable,269,Not Applicable,0,,
2024-07-28 20:40:00,CNR2307648286,Success,CID430181,Auto,Peenya,BTM Layout,217.0,70.0,Not Applicable,Not Applicable,No,Not Applicable,570,Cash,17,3.5,4.6
2024-07-10 07:35:00,CNR6508002431,Success,CID898478,Mini,Ramamurthy Nagar,Basavanagudi,259.0,120.0,Not Applicable,Not Applicable,No,Not Applicable,954,Cash,39,4.6,3.8
2024-07-07 06:58:00,CNR2431269886,Canceled by Customer,CID305914,Prime Plus,Cox Town,Bellandur,,,AC is Not working,Not Applicable,Not Applicable,Not Applicable,330,Not Applicable,0,,
2024-07-29 12:14:00,CNR2168721795,Driver Not Found,CID951411,Mini,Magadi Road,Magadi Road,,,Not Applicable,Not Applicable,Not Applicable,Not Applicable,885,Not Applicable,0,,
2024-07-13 16:00:00,CNR1329426411,Canceled by Driver,CID540446,Prime Sedan,Hebbal,Nagarbhavi,,,Not Applicable,Customer was coughing/sick,Not Applicable,Not Applicable,129,Not Applicable,0,,
2024-07-29 04:20:00,CNR4957341521,Success,CID284939,eBike,Peenya,Sarjapur Road,182.0,60.0,Not Applicable,Not Applicable,No,Not Applicable,462,UPI,30,3.3,4.8
2024-07-25 21:16:00,CNR1596776920,Canceled by Customer,CID571625,Auto,Hennur,RT Nagar,,,Driver is not moving towards pickup location,Not Applicable,Not Applicable,Not Applicable,2149,Not Applicable,0,,
2024-07-29 14:52:00,CNR6871930034,Success,CID359692,Mini,Malleshwaram,Peenya,224.0,145.0,Not Applicable,Not Applicable,No,Not Applicable,285,UPI,8,3.3,4.4
2024-07-25 02:31:00,CNR4724899594,Success,CID365330,Bike,Malleshwaram,Hulimavu,42.0,110.0,Not Applicable,Not Applicable,No,Not Applicable,496,Cash,45,3.5,4.7
2024-07-23 02:36:00,CNR2721689822,Success,CID352439,Prime Sedan,BTM Layout,Peenya,273.0,25.0,Not Applicable,Not Applicable,No,Not Applicable,387,Cash,43,3.9,4.0
2024-07-30 01:11:00,CNR2794524273,Success,CID530795,Bike,Rajarajeshwari Nagar,RT Nagar,35.0,135.0,Not Applicable,Not Applicable,No,Not Applicable,265,Cash,6,4.6,3.6
2024-07-18 22:13:00,CNR9102369718,Success,CID613562,Prime Plus,Cox Town,Hulimavu,294.0,145.0,Not Applicable,Not Applicable,No,Not Applicable,327,Cash,28,4.9,3.9
2024-07-12 01:04:00,CNR8041231117,Success,CID233959,Bike,KR Puram,Padmanabhanagar,301.0,135.0,Not Applicable,Not Applicable,No,Not Applicable,1993,Cash,41,4.2,4.0
2024-07-10 08:22:00,CNR7855770897,Success,CID610853,Mini,Malleshwaram,Chamarajpet,294.0,65.0,Not Applicable,Not Applicable,No,Not Applicable,102,Credit Card,22,4.2,3.1
2024-07-24 04:38:00,CNR2211992135,Canceled by Driver,CID535617,Mini,Yeshwanthpur,Cox Town,,,Not Applicable,Personal & Car related issue,Not Applicable,Not Applicable,222,Not Applicable,0,,
2024-07-21 08:19:00,CNR2707263870,Success,CID397922,Auto,Jayanagar,Shivajinagar,189.0,100.0,Not Applicable,Not Applicable,No,Not Applicable,1088,Cash,14,4.3,3.6
2024-07-28 17:21:00,CNR6209575082,Success,CID755730,Auto,Bellandur,Peenya,266.0,80.0,Not Applicable,Not Applicable,No,Not Applicable,207,Cash,19,3.6,4.0
2024-07-03 17:11:00,CNR7099285123,Success,CID379512,eBike,Magadi Road,Electronic City,56.0,145.0,Not Applicable,Not Applicable,No,Not Applicable,211,Cash,24,4.8,4.8
2024-07-13 19:06:00,CNR3872446898,Success,CID539259,Bike,Rajarajeshwari Nagar,Kadugodi,140.0,110.0,Not Applicable,Not Applicable,No,Not Applicable,382,Cash,31,3.5,4.7
2024-07-07 15:52:00,CNR4728065804,Success,CID831500,Mini,Rajarajeshwari Nagar,Mysore Road,63.0,30.0,Not Applicable,Not Applicable,No,Not Applicable,228,Cash,49,4.5,4.8
2024-07-28 07:29:00,CNR1164269556,Canceled by Customer,CID199011,Prime SUV,Kammanahalli,Nagarbhavi,,,Change of plans,Not Applicable,Not Applicable,Not Applicable,738,Not Applicable,0,,
2024-07-02 22:04:00,CNR6037728670,Success,CID938648,Prime Plus,Hulimavu,Electronic City,133.0,80.0,Not Applicable,Not Applicable,Yes,Customer Demand,485,Credit Card,42,4.4,3.3
2024-07-15 14:16:00,CNR7220749604,Canceled by Customer,CID700810,Auto,Hennur,Tumkur Road,,,Change of plans,Not Applicable,Not Applicable,Not Applicable,2967,Not Applicable,0,,
2024-07-30 21:21:00,CNR5000569416,Canceled by Driver,CID433245,Auto,Hosur Road,Hosur Road,,,Not Applicable,Personal & Car related issue,Not Applicable,Not Applicable,406,Not Applicable,0,,
2024-07-28 09:24:00,CNR6772727518,Success,CID764583,Auto,Jayanagar,Ulsoor,70.0,130.0,Not Applicable,Not Applicable,No,Not Applicable,232,Cash,4,3.8,4.6
2024-07-27 23:22:00,CNR1207990898,Canceled by Customer,CID349679,Auto,Kadugodi,Vijayanagar,,,Driver asked to cancel,Not Applicable,Not Applicable,Not Applicable,388,Not Applicable,0,,
2024-07-11 11:58:00,CNR6009030938,Success,CID286909,Prime Sedan,Sahakar Nagar,Vijayanagar,140.0,65.0,Not Applicable,Not Applicable,No,Not Applicable,360,UPI,1,3.4,3.8
2024-07-17 03:24:00,CNR2427100602,Success,CID653323,eBike,Koramangala,JP Nagar,168.0,115.0,Not Applicable,Not Applicable,No,Not Applicable,554,Cash,23,3.1,3.2
2024-07-29 23:35:00,CNR1971372435,Success,CID838844,Mini,Ulsoor,Padmanabhanagar,147.0,140.0,Not Applicable,Not Applicable,No,Not Applicable,455,Cash,43,3.2,4.6
2024-07-23 20:36:00,CNR3530327266,Canceled by Driver,CID368988,Prime SUV,MG Road,Chickpet,,,Not Applicable,More than permitted people in there,Not Applicable,Not Applicable,112,Not Applicable,0,,
2024-07-04 14:47:00,CNR3247971981,Success,CID744808,Prime Plus,Hulimavu,Sarjapur Road,308.0,115.0,Not Applicable,Not Applicable,No,Not Applicable,160,UPI,45,4.4,3.7
2024-07-12 16:27:00,CNR7309997907,Success,CID665945,Bike,Shivajinagar,Rajajinagar,301.0,60.0,Not Applicable,Not Applicable,No,Not Applicable,181,UPI,28,4.5,5.0
2024-07-14 07:15:00,CNR3088504443,Success,CID847356,Bike,Frazer Town,Ramamurthy Nagar,70.0,85.0,Not Applicable,Not Applicable,No,Not Applicable,485,Cash,9,4.1,4.8
2024-07-24 18:12:00,CNR9328290062,Success,CID691502,Prime Plus,Marathahalli,Magadi Road,210.0,115.0,Not Applicable,Not Applicable,Yes,Other Issue,455,Cash,24,3.5,3.4
2024-07-19 09:22:00,CNR9942390651,Success,CID500367,eBike,Hennur,Kengeri,189.0,80.0,Not Applicable,Not Applicable,No,Not Applicable,201,UPI,19,3.0,4.7
2024-07-28 14:39:00,CNR1714301575,Success,CID633896,Mini,Bellandur,Padmanabhanagar,259.0,40.0,Not Applicable,Not Applicable,No,Not Applicable,219,Cash,14,3.2,4.2
2024-07-22 07:01:00,CNR7429255981,Canceled by Driver,CID937981,Auto,RT Nagar,MG Road,,,Not Applicable,More than permitted people in there,Not Applicable,Not Applicable,2811,Not Applicable,0,,
2024-07-03 01:18:00,CNR2832319604,Success,CID428527,Prime Sedan,Whitefield,Nagarbhavi,203.0,40.0,Not Applicable,Not Applicable,No,Not Applicable,1737,Cash,16,4.2,3.6
2024-07-12 06:37:00,CNR8691915565,Driver Not Found,CID115915,Prime SUV,Hebbal,Shivajinagar,,,Not Applicable,Not Applicable,Not Applicable,Not Applicable,280,Not Applicable,0,,
2024-07-25 02:40:00,CNR5265822630,Success,CID983027,Bike,Chickpet,Yelahanka,189.0,75.0,Not Applicable,Not Applicable,No,Not Applicable,202,Cash,35,5.0,4.6
2024-07-11 14:07:00,CNR7217393426,Success,CID235796,eBike,Shivajinagar,Richmond Town,301.0,100.0,Not Applicable,Not Applicable,No,Not Applicable,147,UPI,28,3.9,3.9
2024-07-02 21:17:00,CNR8836466625,Success,CID244883,Auto,Kammanahalli,Peenya,287.0,95.0,Not Applicable,Not Applicable,No,Not Applicable,484,Cash,9,4.1,4.3
2024-07-27 09:00:00,CNR8333262125,Success,CID528782,Mini,JP Nagar,Electronic City,112.0,70.0,Not Applicable,Not Applicable,No,Not Applicable,656,UPI,9,3.3,3.8
2024-07-20 12:53:00,CNR8868592447,Driver Not Found,CID473433,eBike,Nagarbhavi,Hebbal,,,Not Applicable,Not Applicable,Not Applicable,Not Applicable,443,Not Applicable,0,,
2024-07-07 20:53:00,CNR9480062837,Success,CID164618,Mini,JP Nagar,Banashankari,189.0,130.0,Not Applicable,Not Applicable,No,Not Applicable,128,Cash,40,3.4,3.8
2024-07-09 15:47:00,CNR8022166548,Success,CID188859,Bike,JP Nagar,Cox Town,238.0,60.0,Not Applicable,Not Applicable,Yes,Customer Demand,944,UPI,43,3.7,3.9
2024-07-15 17:47:00,CNR7908869523,Canceled by Customer,CID613312,Prime Plus,Hulimavu,Yeshwanthpur,,,Driver is not moving towards pickup location,Not Applicable,Not Applicable,Not Applicable,207,Not Applicable,0,,
2024-07-26 08:44:00,CNR9511324266,Success,CID983366,Prime Sedan,BTM Layout,Bellandur,168.0,100.0,Not Applicable,Not Applicable,No,Not Applicable,993,Cash,44,4.0,3.7
2024-07-08 03:13:00,CNR8571088370,Canceled by Customer,CID115085,eBike,Banashankari,Nagarbhavi,,,Change of plans,Not Applicable,Not Applicable,Not Applicable,400,Not Applicable,0,,
2024-07-19 16:58:00,CNR5734722840,Success,CID234903,Prime Sedan,Chamarajpet,Richmond Town,175.0,55.0,Not Applicable,Not Applicable,No,Not Applicable,100,Credit Card,21,3.5,3.7
2024-07-20 03:56:00,CNR6836828799,Success,CID147940,Mini,Magadi Road,Sahakar Nagar,217.0,85.0,Not Applicable,Not Applicable,No,Not Applicable,727,Cash,10,5.0,3.3
2024-07-01 13:39:00,CNR7668290644,Canceled by Driver,CID747371,Prime Sedan,Kadugodi,Langford Town,,,Not Applicable,Customer related issue,Not Applicable,Not Applicable,191,Not Applicable,0,,
2024-07-22 00:39:00,CNR4203343972,Success,CID408296,Mini,Ramamurthy Nagar,Majestic,175.0,45.0,Not Applicable,Not Applicable,No,Not Applicable,326,UPI,4,4.2,3.3
2024-07-18 08:56:00,CNR3023330308,Canceled by Driver,CID315912,Prime Plus,Kadugodi,Koramangala,,,Not Applicable,More than permitted people in there,Not Applicable,Not Applicable,460,Not Applicable,0,,
2024-07-07 13:58:00,CNR3974837857,Success,CID456058,Prime Plus,Basavanagudi,Basavanagudi,287.0,35.0,Not Applicable,Not Applicable,No,Not Applicable,141,UPI,8,4.9,4.3
2024-07-15 17:49:00,CNR2026344393,Success,CID830833,Mini,Ramamurthy Nagar,Shivajinagar,154.0,80.0,Not Applicable,Not Applicable,No,Not Applicable,203,UPI,37,4.8,4.9
2024-07-10 09:53:00,CNR4712591465,Success,CID130937,Bike,Langford Town,Shivajinagar,49.0,85.0,Not Applicable,Not Applicable,No,Not Applicable,176,Cash,45,4.3,3.8
2024-07-04 13:33:00,CNR4000759155,Success,CID637776,Auto,Mysore Road,Rajajinagar,196.0,55.0,Not Applicable,Not Applicable,No,Not Applicable,587,Cash,3,4.7,4.7
2024-07-01 02:59:00,CNR8903046034,Success,CID236189,Prime SUV,Marathahalli,Malleshwaram,35.0,145.0,Not Applicable,Not Applicable,No,Not Applicable,935,UPI,25,4.7,3.4
2024-07-17 05:29:00,CNR6411101820,Success,CID313190,Prime SUV,Malleshwaram,Hennur,112.0,140.0,Not Applicable,Not Applicable,No,Not Applicable,142,UPI,46,3.2,4.4
2024-07-03 11:53:00,CNR7957755311,Canceled by Driver,CID309718,Prime Plus,Shantinagar,Cox Town,,,Not Applicable,Customer was coughing/sick,Not Applicable,Not Applicable,482,Not Applicable,0,,
2024-07-20 03:37:00,CNR7954881272,Canceled by Customer,CID341395,eBike,Bannerghatta Road,Rajajinagar,,,Driver is not moving towards pickup location,Not Applicable,Not Applicable,Not Applicable,437,Not Applicable,0,,
2024-07-04 18:30:00,CNR8671079806,Success,CID975398,Bike,Hennur,Malleshwaram,280.0,45.0,Not Applicable,Not Applicable,No,Not Applicable,154,UPI,25,3.9,4.4
2024-07-10 03:25:00,CNR8320011425,Success,CID579123,Mini,Banashankari,Frazer Town,217.0,50.0,Not Applicable,Not Applicable,No,Not Applicable,265,Cash,21,3.9,4.7
2024-07-23 11:23:00,CNR1203998565,Canceled by Driver,CID638655,Bike,Malleshwaram,Tumkur Road,,,Not Applicable,Customer related issue,Not Applicable,Not Applicable,172,Not Applicable,0,,
2024-07-20 18:09:00,CNR8833602867,Canceled by Driver,CID607308,Auto,Chamarajpet,Peenya,,,Not Applicable,Customer related issue,Not Applicable,Not Applicable,830,Not Applicable,0,,
2024-07-03 20:15:00,CNR2788124958,Canceled by Customer,CID166649,Prime Sedan,Mysore Road,Chickpet,,,Driver is not moving towards pickup location,Not Applicable,Not Applicable,Not Applicable,240,Not Applicable,0,,
2024-07-23 13:22:00,CNR6716850399,Success,CID165906,Auto,Ulsoor,Vijayanagar,182.0,145.0,Not Applicable,Not Applicable,No,Not Applicable,784,UPI,12,5.0,3.2
2024-07-17 03:53:00,CNR6428328663,Canceled by Customer,CID324201,Prime Plus,Rajajinagar,Shivajinagar,,,AC is Not working,Not Applicable,Not Applicable,Not Applicable,1217,Not Applicable,0,,
2024-07-19 14:16:00,CNR1056767080,Driver Not Found,CID917640,Mini,Hulimavu,Yelahanka,,,Not Applicable,Not Applicable,Not Applicable,Not Applicable,207,Not Applicable,0,,
2024-07-20 19:17:00,CNR2370245738,Success,CID884303,Prime Plus,Malleshwaram,RT Nagar,252.0,105.0,Not Applicable,Not Applicable,Yes,Customer Demand,257,UPI,30,4.3,4.8
2024-07-02 09:57:00,CNR4547559760,Canceled by Driver,CID657290,Prime Sedan,Malleshwaram,Vijayanagar,,,Not Applicable,More than permitted people in there,Not Applicable,Not Applicable,206,Not Applicable,0,,
2024-07-09 02:45:00,CNR6310714400,Success,CID539781,eBike,Kadugodi,Yeshwanthpur,301.0,130.0,Not Applicable,Not Applicable,No,Not Applicable,796,Cash,10,4.3,5.0
2024-07-08 10:30:00,CNR6105274093,Canceled by Driver,CID623435,Prime Plus,Padmanabhanagar,Langford Town,,,Not Applicable,Personal & Car related issue,Not Applicable,Not Applicable,457,Not Applicable,0,,
2024-07-20 13:31:00,CNR7451703994,Success,CID149469,Mini,Kadugodi,Hulimavu,217.0,55.0,Not Applicable,Not Applicable,No,Not Applicable,173,Cash,14,3.1,3.0
2024-07-26 08:08:00,CNR3120413950,Canceled by Customer,CID927990,Mini,JP Nagar,Koramangala,,,Change of plans,Not Applicable,Not Applicable,Not Applicable,425,Not Applicable,0,,
2024-07-04 19:55:00,CNR7522146779,Canceled by Customer,CID178607,Prime Sedan,Ramamurthy Nagar,BTM Layout,,,Driver asked to cancel,Not Applicable,Not Applicable,Not Applicable,595,Not Applicable,0,,
2024-07-03 08:25:00,CNR4439223258,Success,CID437947,Prime SUV,Bannerghatta Road,Banashankari,301.0,60.0,Not Applicable,Not Applicable,No,Not Applicable,177,Cash,19,4.4,3.5
2024-07-21 01:52:00,CNR1457402871,Success,CID162763,Auto,Ulsoor,Frazer Town,308.0,115.0,Not Applicable,Not Applicable,No,Not Applicable,426,Credit Card,7,4.1,3.2
2024-07-07 09:08:00,CNR2591649281,Success,CID683852,Auto,Bannerghatta Road,Kammanahalli,154.0,110.0,Not Applicable,Not Applicable,No,Not Applicable,688,Cash,2,4.3,4.7
2024-07-12 04:18:00,CNR9774315680,Success,CID164524,Auto,MG Road,Jayanagar,35.0,95.0,Not Applicable,Not Applicable,Yes,Vehicle Breakdown,233,UPI,18,3.3,4.6
2024-07-12 14:20:00,CNR2802398614,Success,CID571425,Auto,Cox Town,Kengeri,91.0,95.0,Not Applicable,Not Applicable,No,Not Applicable,875,Cash,1,4.4,5.0
2024-07-11 13:39:00,CNR5247985331,Success,CID423144,Prime Sedan,Sahakar Nagar,Sahakar Nagar,112.0,50.0,Not Applicable,Not Applicable,No,Not Applicable,296,Cash,48,3.6,3.3
2024-07-21 06:29:00,CNR8135455283,Success,CID658915,Mini,Padmanabhanagar,Koramangala,42.0,35.0,Not Applicable,Not Applicable,No,Not Applicable,404,Cash,16,4.1,3.3
2024-07-20 15:26:00,CNR7677192723,Success,CID304241,Prime Sedan,Koramangala,Bannerghatta Road,126.0,55.0,Not Applicable,Not Applicable,No,Not Applicable,317,Cash,40,4.4,3.2
2024-07-29 13:04:00,CNR7065488439,Success,CID356448,Mini,JP Nagar,Langford Town,301.0,85.0,Not Applicable,Not Applicable,Yes,Customer Demand,444,UPI,38,3.3,3.7
2024-07-29 05:37:00,CNR8836441798,Success,CID716357,Prime Sedan,Hosur Road,KR Puram,231.0,115.0,Not Applicable,Not Applicable,No,Not Applicable,231,UPI,33,4.8,3.5
2024-07-19 18:45:00,CNR3635135175,Success,CID332311,Prime SUV,Chamarajpet,Malleshwaram,294.0,95.0,Not Applicable,Not Applicable,No,Not Applicable,472,UPI,31,4.4,3.4
2024-07-13 02:39:00,CNR6401066711,Canceled by Driver,CID808083,Bike,Kammanahalli,Jayanagar,,,Not Applicable,Customer related issue,Not Applicable,Not Applicable,419,Not Applicable,0,,
2024-07-05 23:02:00,CNR1314506717,Canceled by Driver,CID940201,Auto,Kammanahalli,Richmond Town,,,Not Applicable,Customer was coughing/sick,Not Applicable,Not Applicable,460,Not Applicable,0,,
2024-07-22 18:59:00,CNR3224679805,Canceled by Driver,CID597299,eBike,Rajarajeshwari Nagar,Vijayanagar,,,Not Applicable,Customer was coughing/sick,Not Applicable,Not Applicable,302,Not Applicable,0,,
2024-07-18 18:28:00,CNR7005837425,Success,CID177466,eBike,Devanahalli,Vijayanagar,189.0,50.0,Not Applicable,Not Applicable,No,Not Applicable,217,Cash,11,4.1,3.3
2024-07-27 07:17:00,CNR1766772780,Success,CID585095,Prime Plus,Hulimavu,Electronic City,154.0,55.0,Not Applicable,Not Applicable,No,Not Applicable,219,Cash,4,3.8,4.6
2024-07-13 10:37:00,CNR8482287782,Success,CID349768,Auto,Peenya,Banashankari,112.0,50.0,Not Applicable,Not Applicable,No,Not Applicable,357,Cash,1,4.9,4.2
2024-07-17 13:28:00,CNR9810706460,Success,CID305901,eBike,Magadi Road,Whitefield,77.0,35.0,Not Applicable,Not Applicable,No,Not Applicable,165,Cash,22,4.9,3.7
2024-07-02 21:34:00,CNR5954427010,Success,CID299588,Bike,Yeshwanthpur,Richmond Town,266.0,50.0,Not Applicable,Not Applicable,No,Not Applicable,549,UPI,6,3.8,4.3
2024-07-06 11:04:00,CNR2858752608,Success,CID848033,Mini,Jayanagar,Kengeri,273.0,100.0,Not Applicable,Not Applicable,No,Not Applicable,706,Cash,26,4.6,4.7
2024-07-22 21:47:00,CNR7521991887,Success,CID204825,Prime SUV,Sarjapur Road,Chickpet,294.0,105.0,Not Applicable,Not Applicable,Yes,Vehicle Breakdown,471,UPI,35,4.2,4.5
2024-07-05 08:44:00,CNR8370509085,Success,CID856575,Bike,Chickpet,Malleshwaram,182.0,80.0,Not Applicable,Not Applicable,No,Not Applicable,560,Cash,15,3.1,4.7
2024-07-13 00:01:00,CNR3354903198,Canceled by Customer,CID418399,Auto,Kengeri,JP Nagar,,,Driver is not moving towards pickup location,Not Applicable,Not Applicable,Not Applicable,142,Not Applicable,0,,
2024-07-20 03:44:00,CNR6345035666,Canceled by Customer,CID720182,Auto,Chamarajpet,Shivajinagar,,,Wrong Address,Not Applicable,Not Applicable,Not Applicable,446,Not Applicable,0,,
2024-07-09 23:55:00,CNR3090115123,Canceled by Driver,CID440598,eBike,Whitefield,Malleshwaram,,,Not Applicable,More than permitted people in there,Not Applicable,Not Applicable,775,Not Applicable,0,,
2024-07-27 16:13:00,CNR8120852661,Driver Not Found,CID895215,Prime Sedan,Basavanagudi,Hebbal,,,Not Applicable,Not Applicable,Not Applicable,Not Applicable,158,Not Applicable,0,,
2024-07-20 21:46:00,CNR2183273165,Canceled by Customer,CID367589,Prime Plus,Koramangala,Marathahalli,,,AC is Not working,Not Applicable,Not Applicable,Not Applicable,779,Not Applicable,0,,
2024-07-30 19:45:00,CNR1258631716,Success,CID197505,eBike,Varthur,Hennur,231.0,95.0,Not Applicable,Not Applicable,Yes,Customer Demand,307,Cash,28,4.8,4.5
2024-07-21 08:37:00,CNR4821930195,Success,CID915431,Prime Sedan,Chickpet,Nagarbhavi,217.0,145.0,Not Applicable,Not Applicable,No,Not Applicable,248,Cash,7,4.2,4.8
2024-07-09 15:20:00,CNR6010618460,Success,CID548460,Prime SUV,Rajajinagar,Richmond Town,168.0,135.0,Not Applicable,Not Applicable,No,Not Applicable,540,UPI,41,4.5,4.7
2024-07-16 22:14:00,CNR4474168769,Success,CID616215,eBike,RT Nagar,Jayanagar,231.0,65.0,Not Applicable,Not Applicable,No,Not Applicable,134,UPI,40,3.2,3.2
2024-07-22 07:56:00,CNR3134915690,Canceled by Customer,CID719478,Prime Plus,Chickpet,Frazer Town,,,Change of plans,Not Applicable,Not Applicable,Not Applicable,400,Not Applicable,0,,
2024-07-09 02:01:00,CNR9190962907,Success,CID108928,Bike,Bellandur,Shivajinagar,210.0,70.0,Not Applicable,Not Applicable,No,Not Applicable,986,Debit Card,19,4.5,4.3
2024-07-07 15:28:00,CNR2975116880,Success,CID933049,Prime Sedan,Vijayanagar,Chamarajpet,154.0,130.0,Not Applicable,Not Applicable,No,Not Applicable,406,UPI,20,3.3,4.8
2024-07-01 01:20:00,CNR7515996176,Driver Not Found,CID573942,eBike,Hebbal,Richmond Town,,,Not Applicable,Not Applicable,Not Applicable,Not Applicable,219,Not Applicable,0,,
2024-07-11 17:43:00,CNR5830832787,Driver Not Found,CID574678,eBike,Cox Town,Devanahalli,,,Not Applicable,Not Applicable,Not Applicable,Not Applicable,1909,Not Applicable,0,,
2024-07-26 21:11:00,CNR6433638309,Success,CID335219,Bike,Frazer Town,BTM Layout,259.0,80.0,Not Applicable,Not Applicable,No,Not Applicable,174,Cash,35,4.1,3.7
2024-07-28 07:27:00,CNR5512741442,Driver Not Found,CID974350,Prime Sedan,Hebbal,Electronic City,,,Not Applicable,Not Applicable,Not Applicable,Not Applicable,290,Not Applicable,0,,
2024-07-18 11:07:00,CNR6345498060,Success,CID421444,Bike,Shivajinagar,Banashankari,189.0,135.0,Not Applicable,Not Applicable,No,Not Applicable,429,Credit Card,42,3.8,3.1
2024-07-13 12:00:00,CNR4685798429,Canceled by Driver,CID264384,Prime Plus,Banashankari,KR Puram,,,Not Applicable,Personal & Car related issue,Not Applicable,Not Applicable,513,Not Applicable,0,,
2024-07-16 14:25:00,CNR1739747413,Success,CID814490,Prime SUV,Varthur,Shivajinagar,168.0,110.0,Not Applicable,Not Applicable,No,Not Applicable,101,UPI,34,3.7,3.1
2024-07-26 16:42:00,CNR5012719224,Success,CID326340,Prime Sedan,Magadi Road,Sahakar Nagar,217.0,125.0,Not Applicable,Not Applicable,No,Not Applicable,1633,UPI,16,5.0,4.5
2024-07-25 10:04:00,CNR4157957078,Driver Not Found,CID533244,Prime Plus,Hulimavu,Peenya,,,Not Applicable,Not Applicable,Not Applicable,Not Applicable,1316,Not Applicable,0,,
2024-07-18 21:33:00,CNR9050088793,Success,CID524291,Prime Plus,Vijayanagar,Tumkur Road,175.0,70.0,Not Applicable,Not Applicable,No,Not Applicable,798,UPI,13,3.1,3.5
2024-07-02 09:16:00,CNR7297303217,Canceled by Customer,CID222080,eBike,JP Nagar,Nagarbhavi,,,Driver asked to cancel,Not Applicable,Not Applicable,Not Applicable,211,Not Applicable,0,,
2024-07-18 15:21:00,CNR4919232187,Canceled by Customer,CID954735,Prime Plus,Basavanagudi,Yeshwanthpur,,,Driver is not moving towards pickup location,Not Applicable,Not Applicable,Not Applicable,302,Not Applicable,0,,
2024-07-25 23:24:00,CNR9281797463,Success,CID812859,Auto,Devanahalli,Mysore Road,70.0,80.0,Not Applicable,Not Applicable,No,Not Applicable,722,Cash,5,3.1,4.0
2024-07-28 20:38:00,CNR1585578762,Driver Not Found,CID343686,Auto,Nagarbhavi,Ulsoor,,,Not Applicable,Not Applicable,Not Applicable,Not Applicable,2921,Not Applicable,0,,
2024-07-16 08:59:00,CNR6531970086,Canceled by Driver,CID908295,Auto,Langford Town,Kengeri,,,Not Applicable,Customer was coughing/sick,Not Applicable,Not Applicable,233,Not Applicable,0,,
2024-07-18 03:23:00,CNR3170567476,Success,CID797025,Auto,Peenya,Kammanahalli,77.0,135.0,Not Applicable,Not Applicable,No,Not Applicable,339,UPI,17,3.3,4.2
2024-07-22 19:16:00,CNR5722414132,Success,CID941647,Bike,Electronic City,Richmond Town,308.0,70.0,Not Applicable,Not Applicable,No,Not Applicable,249,UPI,31,3.2,3.3
2024-07-25 20:25:00,CNR2757056117,Success,CID815523,Prime SUV,Vijayanagar,JP Nagar,252.0,140.0,Not Applicable,Not Applicable,No,Not Applicable,170,UPI,13,4.4,4.0
2024-07-11 06:54:00,CNR5102308661,Success,CID187477,Mini,Devanahalli,Chamarajpet,63.0,75.0,Not Applicable,Not Applicable,No,Not Applicable,148,Cash,42,3.3,4.7
2024-07-06 13:21:00,CNR5034956858,Success,CID660535,Prime Plus,HSR Layout,Richmond Town,231.0,90.0,Not Applicable,Not Applicable,No,Not Applicable,657,Cash,12,3.8,4.0
2024-07-16 11:09:00,CNR7535681469,Canceled by Customer,CID606078,Bike,Langford Town,Yelahanka,,,AC is Not working,Not Applicable,Not Applicable,Not Applicable,332,Not Applicable,0,,
2024-07-22 02:21:00,CNR4992304687,Success,CID272751,Prime SUV,KR Puram,Malleshwaram,49.0,90.0,Not Applicable,Not Applicable,No,Not Applicable,474,Cash,12,4.3,3.7
2024-07-17 17:25:00,CNR4746450181,Success,CID121408,Prime Sedan,Basavanagudi,Bellandur,63.0,85.0,Not Applicable,Not Applicable,No,Not Applicable,330,UPI,18,4.3,3.7
2024-07-20 21:49:00,CNR7083012618,Success,CID434972,Bike,Varthur,Magadi Road,126.0,105.0,Not Applicable,Not Applicable,No,Not Applicable,825,Cash,44,5.0,4.9
2024-07-15 20:28:00,CNR6356551461,Driver Not Found,CID853718,eBike,JP Nagar,Yeshwanthpur,,,Not Applicable,Not Applicable,Not Applicable,Not Applicable,318,Not Applicable,0,,
2024-07-27 20:45:00,CNR2361556281,Success,CID577897,Mini,Shivajinagar,Jayanagar,217.0,75.0,Not Applicable,Not Applicable,No,Not Applicable,286,UPI,14,4.0,4.2
2024-07-18 22:09:00,CNR5571059771,Success,CID400519,eBike,Ulsoor,Hosur Road,42.0,45.0,Not Applicable,Not Applicable,Yes,Customer Demand,106,Cash,25,4.1,4.2
2024-07-15 06:06:00,CNR5617391707,Success,CID572154,Mini,Cox Town,Sarjapur Road,175.0,60.0,Not Applicable,Not Applicable,No,Not Applicable,730,Cash,3,3.3,4.4
2024-07-04 00:15:00,CNR3734447566,Success,CID405840,Bike,Marathahalli,Koramangala,168.0,95.0,Not Applicable,Not Applicable,No,Not Applicable,103,Cash,14,4.6,3.2
2024-07-14 05:02:00,CNR5420204763,Success,CID990443,Auto,Yelahanka,MG Road,98.0,110.0,Not Applicable,Not Applicable,Yes,Customer Demand,253,Cash,1,3.3,4.8
2024-07-08 20:59:00,CNR2863122640,Success,CID593482,Auto,Hosur Road,Marathahalli,182.0,90.0,Not Applicable,Not Applicable,No,Not Applicable,308,UPI,3,4.9,3.7
2024-07-13 13:12:00,CNR9744146676,Canceled by Customer,CID230251,Bike,JP Nagar,Magadi Road,,,Change of plans,Not Applicable,Not Applicable,Not Applicable,952,Not Applicable,0,,
2024-07-09 03:11:00,CNR1625592976,Success,CID657993,Mini,Chickpet,RT Nagar,112.0,120.0,Not Applicable,Not Applicable,No,Not Applicable,216,UPI,2,4.8,4.5
2024-07-04 16:21:00,CNR4517844462,Success,CID201465,Prime Sedan,KR Puram,Basavanagudi,231.0,50.0,Not Applicable,Not Applicable,No,Not Applicable,308,Cash,48,4.2,4.3
2024-07-10 07:36:00,CNR5276528261,Success,CID427931,Auto,Kammanahalli,Devanahalli,182.0,30.0,Not Applicable,Not Applicable,No,Not Applicable,914,Cash,15,3.2,4.0
2024-07-29 21:25:00,CNR6633055571,Success,CID145735,eBike,Hosur Road,HSR Layout,112.0,140.0,Not Applicable,Not Applicable,Yes,Other Issue,249,UPI,14,4.6,4.3
2024-07-29 09:58:00,CNR8444378467,Success,CID249224,eBike,Tumkur Road,Indiranagar,189.0,35.0,Not Applicable,Not Applicable,No,Not Applicable,1131,UPI,41,4.4,4.3
2024-07-07 03:36:00,CNR2028928666,Driver Not Found,CID585937,Bike,Magadi Road,RT Nagar,,,Not Applicable,Not Applicable,Not Applicable,Not Applicable,2914,Not Applicable,0,,
2024-07-11 14:29:00,CNR1405873140,Success,CID530783,Bike,Hulimavu,Basavanagudi,168.0,60.0,Not Applicable,Not Applicable,No,Not Applicable,231,Cash,31,5.0,3.7
2024-07-27 12:52:00,CNR4027292596,Success,CID328919,Prime Sedan,Rajajinagar,Yelahanka,259.0,110.0,Not Applicable,Not Applicable,No,Not Applicable,263,UPI,9,4.0,4.3
2024-07-01 18:56:00,CNR5305333959,Canceled by Driver,CID421176,Bike,KR Puram,Bellandur,,,Not Applicable,Personal & Car related issue,Not Applicable,Not Applicable,1677,Not Applicable,0,,
2024-07-26 05:56:00,CNR1353470725,Success,CID323297,Prime Sedan,JP Nagar,Shivajinagar,91.0,25.0,Not Applicable,Not Applicable,No,Not Applicable,251,Cash,47,4.3,3.8
2024-07-23 22:33:00,CNR5418252441,Canceled by Customer,CID234747,Prime Plus,Kammanahalli,Frazer Town,,,AC is Not working,Not Applicable,Not Applicable,Not Applicable,1837,Not Applicable,0,,
2024-07-19 10:52:00,CNR7767341814,Success,CID930727,Prime Sedan,Tumkur Road,Kengeri,98.0,100.0,Not Applicable,Not Applicable,No,Not Applicable,382,Cash,21,4.7,3.8
2024-07-15 11:38:00,CNR8397192457,Success,CID788079,Mini,Hennur,Kengeri,294.0,35.0,Not Applicable,Not Applicable,No,Not Applicable,1474,Cash,18,3.8,4.1
2024-07-27 09:36:00,CNR3659094437,Success,CID780015,Prime SUV,Shantinagar,Rajajinagar,70.0,50.0,Not Applicable,Not Applicable,No,Not Applicable,282,Cash,42,4.1,4.1
2024-07-26 13:28:00,CNR3248950349,Success,CID425439,Prime Sedan,Indiranagar,Bannerghatta Road,119.0,140.0,Not Applicable,Not Applicable,No,Not Applicable,2445,UPI,12,4.2,3.7
2024-07-23 06:04:00,CNR2204764251,Canceled by Driver,CID907667,Prime Sedan,JP Nagar,Electronic City,,,Not Applicable,Customer related issue,Not Applicable,Not Applicable,325,Not Applicable,0,,
2024-07-09 15:14:00,CNR8483571315,Driver Not Found,CID535635,Prime SUV,Hennur,Bannerghatta Road,,,Not Applicable,Not Applicable,Not Applicable,Not Applicable,1657,Not Applicable,0,,
2024-07-12 05:44:00,CNR6714666270,Success,CID779779,Mini,Kadugodi,Whitefield,238.0,25.0,Not Applicable,Not Applicable,No,Not Applicable,377,UPI,8,3.6,4.2
2024-07-23 08:19:00,CNR2550821251,Canceled by Customer,CID126548,Mini,Devanahalli,Magadi Road,,,AC is Not working,Not Applicable,Not Applicable,Not Applicable,218,Not Applicable,0,,
2024-07-11 00:23:00,CNR3052664324,Canceled by Driver,CID242621,Prime Plus,Basavanagudi,Bannerghatta Road,,,Not Applicable,Customer related issue,Not Applicable,Not Applicable,132,Not Applicable,0,,
2024-07-19 10:00:00,CNR1846533766,Success,CID547495,eBike,Banashankari,RT Nagar,210.0,110.0,Not Applicable,Not Applicable,No,Not Applicable,316,Cash,7,4.2,3.9
2024-07-13 14:03:00,CNR1708026393,Driver Not Found,CID453926,Mini,Chickpet,JP Nagar,,,Not Applicable,Not Applicable,Not Applicable,Not Applicable,228,Not Applicable,0,,
2024-07-08 17:50:00,CNR6845659068,Driver Not Found,CID332056,Mini,Whitefield,Malleshwaram,,,Not Applicable,Not Applicable,Not Applicable,Not Applicable,324,Not Applicable,0,,
2024-07-30 00:22:00,CNR3527714649,Canceled by Driver,CID163444,Mini,Ulsoor,Chickpet,,,Not Applicable,Personal & Car related issue,Not Applicable,Not Applicable,421,Not Applicable,0,,
2024-07-15 22:50:00,CNR6348183769,Driver Not Found,CID571324,Prime Sedan,Magadi Road,Richmond Town,,,Not Applicable,Not Applicable,Not Applicable,Not Applicable,211,Not Applicable,0,,
2024-07-02 17:05:00,CNR3375398607,Success,CID616985,Prime Plus,Mysore Road,Peenya,147.0,120.0,Not Applicable,Not Applicable,No,Not Applicable,285,Cash,22,4.5,4.7
2024-07-03 19:55:00,CNR9628239821,Success,CID574830,eBike,Langford Town,Rajarajeshwari Nagar,147.0,140.0,Not Applicable,Not Applicable,Yes,Vehicle Breakdown,841,Debit Card,10,3.9,4.0
2024-07-23 21:57:00,CNR4599053451,Success,CID233578,Mini,Langford Town,Kengeri,91.0,130.0,Not Applicable,Not Applicable,No,Not Applicable,464,Cash,33,3.9,4.5
2024-07-03 11:46:00,CNR6808475032,Success,CID343972,Auto,Sarjapur Road,Devanahalli,224.0,45.0,Not Applicable,Not Applicable,No,Not Applicable,327,UPI,11,3.0,4.8
2024-07-19 12:29:00,CNR5410456319,Success,CID747148,eBike,Tumkur Road,Chickpet,56.0,100.0,Not Applicable,Not Applicable,No,Not Applicable,243,Cash,44,4.0,4.7
2024-07-21 06:11:00,CNR4203991218,Canceled by Driver,CID678734,Prime SUV,JP Nagar,Yeshwanthpur,,,Not Applicable,More than permitted people in there,Not Applicable,Not Applicable,946,Not Applicable,0,,
2024-07-21 11:14:00,CNR3039771875,Success,CID519489,Prime Sedan,Rajarajeshwari Nagar,Kadugodi,252.0,105.0,Not Applicable,Not Applicable,No,Not Applicable,105,Cash,2,4.6,4.0
2024-07-27 17:36:00,CNR6146801771,Success,CID611025,eBike,Ulsoor,Shivajinagar,287.0,120.0,Not Applicable,Not Applicable,No,Not Applicable,331,Cash,43,3.9,3.9
2024-07-02 14:18:00,CNR4578289902,Success,CID270152,eBike,BTM Layout,Bellandur,84.0,75.0,Not Applicable,Not Applicable,No,Not Applicable,247,UPI,45,3.3,4.2
2024-07-09 15:21:00,CNR8396636398,Canceled by Driver,CID132089,Prime Sedan,Electronic City,Bellandur,,,Not Applicable,More than permitted people in there,Not Applicable,Not Applicable,327,Not Applicable,0,,
2024-07-06 00:07:00,CNR3777210607,Success,CID233603,Prime Sedan,Bannerghatta Road,Frazer Town,217.0,80.0,Not Applicable,Not Applicable,No,Not Applicable,954,UPI,38,3.7,4.0
2024-07-16 01:15:00,CNR4568799730,Success,CID332154,Prime Sedan,Rajarajeshwari Nagar,Padmanabhanagar,84.0,30.0,Not Applicable,Not Applicable,No,Not Applicable,270,Cash,39,4.7,4.5
2024-07-12 22:15:00,CNR2622600847,Success,CID536143,Mini,Peenya,Electronic City,217.0,45.0,Not Applicable,Not Applicable,No,Not Applicable,364,Credit Card,24,4.3,4.5
2024-07-23 09:08:00,CNR7067473062,Success,CID784185,Prime SUV,Bannerghatta Road,Tumkur Road,98.0,90.0,Not Applicable,Not Applicable,No,Not Applicable,469,UPI,39,4.3,4.1
2024-07-13 01:06:00,CNR1086788593,Driver Not Found,CID507676,eBike,Tumkur Road,Bellandur,,,Not Applicable,Not Applicable,Not Applicable,Not Applicable,438,Not Applicable,0,,
2024-07-06 09:26:00,CNR1860240504,Success,CID776240,Bike,JP Nagar,Hosur Road,77.0,100.0,Not Applicable,Not Applicable,Yes,Customer Demand,387,Cash,37,4.6,3.9
2024-07-30 19:54:00,CNR5866604652,Success,CID389813,eBike,Hulimavu,Sarjapur Road,140.0,140.0,Not Applicable,Not Applicable,No,Not Applicable,340,Cash,16,3.6,4.1
2024-07-28 14:36:00,CNR3439604264,Canceled by Customer,CID415303,Prime Plus,Hennur,Marathahalli,,,Driver is not moving towards pickup location,Not Applicable,Not Applicable,Not Applicable,363,Not Applicable,0,,
2024-07-03 08:05:00,CNR6850659333,Canceled by Driver,CID887693,eBike,Whitefield,Tumkur Road,,,Not Applicable,Customer related issue,Not Applicable,Not Applicable,904,Not Applicable,0,,
2024-07-05 03:50:00,CNR1336402349,Success,CID938361,Prime Sedan,Rajajinagar,Ramamurthy Nagar,35.0,40.0,Not Applicable,Not Applicable,No,Not Applicable,198,Cash,14,4.7,3.2
2024-07-11 10:41:00,CNR9046965847,Canceled by Customer,CID654977,Auto,Mysore Road,Basavanagudi,,,AC is Not working,Not Applicable,Not Applicable,Not Applicable,238,Not Applicable,0,,
2024-07-09 04:44:00,CNR3308959064,Driver Not Found,CID223640,Auto,KR Puram,Langford Town,,,Not Applicable,Not Applicable,Not Applicable,Not Applicable,184,Not Applicable,0,,
2024-07-23 03:12:00,CNR1587623643,Success,CID367098,Bike,Vijayanagar,Peenya,294.0,55.0,Not Applicable,Not Applicable,No,Not Applicable,329,Cash,5,4.7,3.8
2024-07-16 09:19:00,CNR3264633420,Canceled by Customer,CID227700,Prime Plus,Varthur,Hennur,,,Wrong Address,Not Applicable,Not Applicable,Not Applicable,426,Not Applicable,0,,
2024-07-22 02:10:00,CNR8469645419,Success,CID382022,Prime SUV,Yeshwanthpur,Electronic City,238.0,75.0,Not Applicable,Not Applicable,No,Not Applicable,821,Cash,37,3.3,3.2
2024-07-01 14:37:00,CNR8871361679,Success,CID505862,Prime SUV,RT Nagar,Ramamurthy Nagar,210.0,50.0,Not Applicable,Not Applicable,No,Not Applicable,406,UPI,16,3.5,4.7
2024-07-01 11:29:00,CNR1262464323,Success,CID682692,Mini,Hulimavu,Langford Town,196.0,100.0,Not Applicable,Not Applicable,No,Not Applicable,1202,Cash,8,4.9,4.2
2024-07-21 19:13:00,CNR3493482417,Success,CID131331,Prime SUV,Peenya,Peenya,112.0,30.0,Not Applicable,Not Applicable,No,Not Applicable,686,UPI,2,3.4,3.2
2024-07-20 00:21:00,CNR2269128607,Canceled by Customer,CID208386,Prime SUV,Bannerghatta Road,MG Road,,,AC is Not working,Not Applicable,Not Applicable,Not Applicable,580,Not Applicable,0,,
2024-07-30 05:15:00,CNR1079446070,Success,CID969919,Prime SUV,Indiranagar,Kadugodi,84.0,75.0,Not Applicable,Not Applicable,No,Not Applicable,2070,Cash,10,3.9,4.1
2024-07-06 02:01:00,CNR4178750912,Success,CID903877,Bike,Varthur,Chickpet,259.0,30.0,Not Applicable,Not Applicable,No,Not Applicable,987,Cash,28,4.2,3.1
2024-07-07 18:44:00,CNR4045592454,Success,CID473299,Auto,Peenya,Basavanagudi,77.0,75.0,Not Applicable,Not Applicable,No,Not Applicable,100,Cash,13,4.0,4.6
2024-07-17 14:32:00,CNR8817493300,Success,CID979579,Mini,Hebbal,Chamarajpet,84.0,70.0,Not Applicable,Not Applicable,Yes,Vehicle Breakdown,376,UPI,46,4.6,3.7
2024-07-07 02:41:00,CNR1301125882,Success,CID196976,Prime Plus,Banashankari,Langford Town,84.0,105.0,Not Applicable,Not Applicable,No,Not Applicable,345,UPI,43,3.4,3.9
2024-07-15 13:45:00,CNR1223027966,Success,CID923443,Auto,RT Nagar,Magadi Road,224.0,65.0,Not Applicable,Not Applicable,No,Not Applicable,931,Cash,12,3.9,4.4
2024-07-01 02:46:00,CNR6397055656,Success,CID979748,Mini,BTM Layout,Frazer Town,273.0,40.0,Not Applicable,Not Applicable,No,Not Applicable,667,UPI,19,3.6,3.4
2024-07-13 18:58:00,CNR6755440913,Success,CID294396,Auto,HSR Layout,Nagarbhavi,84.0,70.0,Not Applicable,Not Applicable,No,Not Applicable,492,UPI,9,3.2,4.3
2024-07-04 04:20:00,CNR8767835139,Canceled by Driver,CID246239,Prime SUV,KR Puram,Ramamurthy Nagar,,,Not Applicable,Personal & Car related issue,Not Applicable,Not Applicable,443,Not Applicable,0,,
2024-07-11 11:19:00,CNR4690682711,Driver Not Found,CID374302,Mini,HSR Layout,BTM Layout,,,Not Applicable,Not Applicable,Not Applicable,Not Applicable,318,Not Applicable,0,,
2024-07-01 14:41:00,CNR1249863080,Success,CID911730,Prime Plus,Hosur Road,Shantinagar,112.0,95.0,Not Applicable,Not Applicable,No,Not Applicable,459,Credit Card,23,4.4,3.4
2024-07-23 08:53:00,CNR1714143376,Success,CID687863,Bike,BTM Layout,HSR Layout,84.0,55.0,Not Applicable,Not Applicable,No,Not Applicable,824,UPI,14,4.2,4.2
2024-07-22 16:54:00,CNR5529145480,Canceled by Driver,CID112568,Auto,HSR Layout,Ramamurthy Nagar,,,Not Applicable,More than permitted people in there,Not Applicable,Not Applicable,326,Not Applicable,0,,
2024-07-04 18:37:00,CNR4308608147,Success,CID988249,Mini,Kadugodi,Mysore Road,308.0,140.0,Not Applicable,Not Applicable,No,Not Applicable,129,Cash,49,3.2,4.6
2024-07-01 21:15:00,CNR8621714267,Driver Not Found,CID855639,Prime Plus,Mysore Road,Rajarajeshwari Nagar,,,Not Applicable,Not Applicable,Not Applicable,Not Applicable,702,Not Applicable,0,,
2024-07-22 05:22:00,CNR1662341361,Canceled by Customer,CID298629,Prime Sedan,Whitefield,RT Nagar,,,Driver asked to cancel,Not Applicable,Not Applicable,Not Applicable,409,Not Applicable,0,,
2024-07-16 17:05:00,CNR9815827878,Driver Not Found,CID360921,eBike,Padmanabhanagar,Peenya,,,Not Applicable,Not Applicable,Not Applicable,Not Applicable,474,Not Applicable,0,,
2024-07-21 04:41:00,CNR2004181089,Canceled by Driver,CID988210,Mini,Sarjapur Road,JP Nagar,,,Not Applicable,Customer related issue,Not Applicable,Not Applicable,929,Not Applicable,0,,
2024-07-22 15:44:00,CNR9779727421,Success,CID536198,eBike,Chamarajpet,Marathahalli,301.0,125.0,Not Applicable,Not Applicable,No,Not Applicable,571,UPI,12,4.4,3.2
2024-07-27 20:24:00,CNR5234643467,Success,CID677849,Prime SUV,Majestic,Majestic,161.0,130.0,Not Applicable,Not Applicable,No,Not Applicable,1146,UPI,37,3.8,3.6
2024-07-05 11:41:00,CNR5921424405,Success,CID760163,Prime SUV,Mysore Road,Langford Town,91.0,100.0,Not Applicable,Not Applicable,No,Not Applicable,237,UPI,7,3.9,3.4
2024-07-22 10:11:00,CNR4861332750,Success,CID466063,Auto,Vijayanagar,Vijayanagar,147.0,130.0,Not Applicable,Not Applicable,No,Not Applicable,1522,UPI,18,3.3,3.9
2024-07-22 00:38:00,CNR7108710647,Success,CID474440,Prime Sedan,Koramangala,RT Nagar,217.0,100.0,Not Applicable,Not Applicable,No,Not Applicable,378,UPI,29,3.4,4.4
2024-07-19 01:23:00,CNR7739513912,Success,CID558031,Prime SUV,BTM Layout,MG Road,133.0,60.0,Not Applicable,Not Applicable,No,Not Applicable,237,UPI,44,4.1,4.6
2024-07-22 18:48:00,CNR3285159521,Canceled by Driver,CID110691,Prime Sedan,Yeshwanthpur,HSR Layout,,,Not Applicable,Customer related issue,Not Applicable,Not Applicable,962,Not Applicable,0,,
2024-07-08 00:57:00,CNR5232957159,Canceled by Driver,CID469106,Prime SUV,Rajarajeshwari Nagar,Sahakar Nagar,,,Not Applicable,More than permitted people in there,Not Applicable,Not Applicable,1800,Not Applicable,0,,
2024-07-24 06:40:00,CNR3260868668,Canceled by Customer,CID256341,eBike,Devanahalli,Shantinagar,,,Driver is not moving towards pickup location,Not Applicable,Not Applicable,Not Applicable,765,Not Applicable,0,,
2024-07-03 22:22:00,CNR8963125370,Canceled by Driver,CID934413,Prime SUV,Shivajinagar,Tumkur Road,,,Not Applicable,Personal & Car related issue,Not Applicable,Not Applicable,467,Not Applicable,0,,
2024-07-28 09:28:00,CNR2284198943,Canceled by Driver,CID306582,eBike,Langford Town,Yelahanka,,,Not Applicable,Customer related issue,Not Applicable,Not Applicable,461,Not Applicable,0,,
2024-07-17 12:15:00,CNR2228767295,Canceled by Customer,CID919413,Prime Sedan,Mysore Road,Peenya,,,Driver asked to cancel,Not Applicable,Not Applicable,Not Applicable,976,Not Applicable,0,,
2024-07-13 22:04:00,CNR1819807034,Canceled by Customer,CID221471,Prime Plus,Cox Town,Kadugodi,,,Driver asked to cancel,Not Applicable,Not Applicable,Not Applicable,329,Not Applicable,0,,
2024-07-16 04:29:00,CNR5947757718,Driver Not Found,CID640348,Mini,Hebbal,BTM Layout,,,Not Applicable,Not Applicable,Not Applicable,Not Applicable,167,Not Applicable,0,,
2024-07-22 02:25:00,CNR6310603840,Canceled by Driver,CID457065,Prime Sedan,Indiranagar,Shantinagar,,,Not Applicable,More than permitted people in there,Not Applicable,Not Applicable,150,Not Applicable,0,,
2024-07-01 23:32:00,CNR5880735884,Driver Not Found,CID931513,Mini,Banashankari,Kadugodi,,,Not Applicable,Not Applicable,Not Applicable,Not Applicable,596,Not Applicable,0,,
2024-07-01 02:08:00,CNR3447175790,Success,CID824051,Mini,Rajarajeshwari Nagar,Devanahalli,203.0,110.0,Not Applicable,Not Applicable,No,Not Applicable,161,Cash,42,4.1,3.2
2024-07-30 03:53:00,CNR2040308536,Canceled by Customer,CID679465,eBike,Tumkur Road,Frazer Town,,,Driver asked to cancel,Not Applicable,Not Applicable,Not Applicable,1781,Not Applicable,0,,
2024-07-29 09:26:00,CNR5956815416,Canceled by Customer,CID330519,Mini,Hulimavu,Kadugodi,,,AC is Not working,Not Applicable,Not Applicable,Not Applicable,459,Not Applicable,0,,
2024-07-16 10:05:00,CNR2673244027,Canceled by Driver,CID899134,Prime SUV,Tumkur Road,Whitefield,,,Not Applicable,Customer was coughing/sick,Not Applicable,Not Applicable,425,Not Applicable,0,,
2024-07-04 19:32:00,CNR6182876627,Driver Not Found,CID597373,Prime Sedan,RT Nagar,Electronic City,,,Not Applicable,Not Applicable,Not Applicable,Not Applicable,360,Not Applicable,0,,
2024-07-01 16:28:00,CNR1718166892,Driver Not Found,CID918028,Mini,Hosur Road,Rajarajeshwari Nagar,,,Not Applicable,Not Applicable,Not Applicable,Not Applicable,575,Not Applicable,0,,
2024-07-19 14:19:00,CNR3778256610,Driver Not Found,CID684950,Prime Sedan,Padmanabhanagar,Majestic,,,Not Applicable,Not Applicable,Not Applicable,Not Applicable,390,Not Applicable,0,,
2024-07-03 14:51:00,CNR9392431086,Driver Not Found,CID357114,Bike,Mysore Road,Nagarbhavi,,,Not Applicable,Not Applicable,Not Applicable,Not Applicable,1226,Not Applicable,0,,
2024-07-26 01:59:00,CNR2860156749,Success,CID445661,Mini,Koramangala,Whitefield,154.0,60.0,Not Applicable,Not Applicable,No,Not Applicable,336,UPI,21,3.1,4.1
2024-07-16 17:08:00,CNR3423492790,Success,CID305200,Prime Plus,HSR Layout,Richmond Town,119.0,45.0,Not Applicable,Not Applicable,No,Not Applicable,156,Cash,45,5.0,3.3
2024-07-02 21:42:00,CNR2844553048,Success,CID164021,Bike,Mysore Road,Richmond Town,217.0,40.0,Not Applicable,Not Applicable,No,Not Applicable,159,Cash,22,4.7,4.8
2024-07-25 03:53:00,CNR4259470762,Success,CID901474,Auto,Vijayanagar,Rajajinagar,224.0,75.0,Not Applicable,Not Applicable,No,Not Applicable,478,Cash,5,5.0,3.6
2024-07-13 08:28:00,CNR5125829527,Success,CID788229,Mini,HSR Layout,Shivajinagar,56.0,60.0,Not Applicable,Not Applicable,No,Not Applicable,339,Credit Card,45,4.3,4.5
2024-07-13 21:43:00,CNR5636160958,Canceled by Customer,CID520043,Prime Sedan,Kengeri,Banashankari,,,Driver is not moving towards pickup location,Not Applicable,Not Applicable,Not Applicable,301,Not Applicable,0,,
2024-07-05 06:16:00,CNR5443814570,Success,CID513426,eBike,Sarjapur Road,Sahakar Nagar,224.0,75.0,Not Applicable,Not Applicable,No,Not Applicable,219,Cash,36,4.5,4.9
2024-07-24 09:37:00,CNR3876127121,Driver Not Found,CID872918,Prime Plus,Malleshwaram,KR Puram,,,Not Applicable,Not Applicable,Not Applicable,Not Applicable,413,Not Applicable,0,,
2024-07-30 03:40:00,CNR9129756281,Success,CID497109,Auto,Chickpet,Tumkur Road,238.0,70.0,Not Applicable,Not Applicable,No,Not Applicable,298,Cash,16,3.9,4.9
2024-07-10 20:57:00,CNR2028127173,Success,CID375646,Prime Sedan,Mysore Road,Shantinagar,175.0,75.0,Not Applicable,Not Applicable,No,Not Applicable,2032,Cash,40,3.6,4.9
2024-07-23 01:57:00,CNR1043901830,Success,CID389382,eBike,Cox Town,Cox Town,84.0,40.0,Not Applicable,Not Applicable,No,Not Applicable,494,Cash,27,3.8,4.2
2024-07-17 11:58:00,CNR5757019851,Canceled by Customer,CID460482,Prime SUV,Kengeri,Frazer Town,,,Driver asked to cancel,Not Applicable,Not Applicable,Not Applicable,171,Not Applicable,0,,
2024-07-24 16:28:00,CNR9946693854,Success,CID605174,eBike,Electronic City,Hulimavu,182.0,95.0,Not Applicable,Not Applicable,No,Not Applicable,158,Cash,38,4.8,4.0
2024-07-21 03:29:00,CNR3007473522,Driver Not Found,CID780781,Auto,Basavanagudi,Bellandur,,,Not Applicable,Not Applicable,Not Applicable,Not Applicable,452,Not Applicable,0,,
2024-07-20 20:50:00,CNR8793541743,Success,CID593612,Prime Plus,Majestic,Hebbal,294.0,35.0,Not Applicable,Not Applicable,No,Not Applicable,151,Cash,20,3.4,4.8
2024-07-21 13:33:00,CNR2894364072,Success,CID346905,Prime Plus,Rajarajeshwari Nagar,Vijayanagar,280.0,25.0,Not Applicable,Not Applicable,No,Not Applicable,628,Cash,35,3.2,3.9
2024-07-20 19:15:00,CNR6564698369,Success,CID789910,eBike,Hulimavu,Yeshwanthpur,105.0,135.0,Not Applicable,Not Applicable,No,Not Applicable,466,Cash,48,3.9,3.2
2024-07-27 06:14:00,CNR1043923619,Canceled by Customer,CID760372,Bike,Shivajinagar,Chamarajpet,,,Change of plans,Not Applicable,Not Applicable,Not Applicable,304,Not Applicable,0,,
2024-07-29 22:07:00,CNR2179874514,Success,CID393964,Prime SUV,Malleshwaram,Varthur,238.0,70.0,Not Applicable,Not Applicable,No,Not Applicable,348,Cash,24,4.2,3.8
2024-07-20 14:32:00,CNR3832438158,Success,CID974811,Prime Sedan,Koramangala,Langford Town,168.0,95.0,Not Applicable,Not Applicable,No,Not Applicable,221,Cash,16,3.8,4.8
2024-07-18 14:07:00,CNR7462205690,Success,CID841511,eBike,Tumkur Road,Shivajinagar,231.0,60.0,Not Applicable,Not Applicable,No,Not Applicable,157,Cash,36,3.2,3.0
2024-07-20 06:05:00,CNR4072572737,Success,CID295062,Bike,Rajajinagar,Banashankari,112.0,80.0,Not Applicable,Not Applicable,No,Not Applicable,348,Cash,28,4.6,3.4
2024-07-11 22:25:00,CNR8023525172,Success,CID637311,Auto,Chamarajpet,Hosur Road,147.0,60.0,Not Applicable,Not Applicable,No,Not Applicable,2816,Cash,7,3.8,4.9
2024-07-30 19:48:00,CNR1664288695,Canceled by Customer,CID479630,Prime Plus,Marathahalli,Whitefield,,,AC is Not working,Not Applicable,Not Applicable,Not Applicable,238,Not Applicable,0,,
2024-07-14 03:08:00,CNR8474810746,Success,CID109490,eBike,JP Nagar,Magadi Road,224.0,25.0,Not Applicable,Not Applicable,No,Not Applicable,373,UPI,15,3.4,4.4
2024-07-12 22:33:00,CNR9651346466,Success,CID833029,Prime Plus,Jayanagar,MG Road,308.0,40.0,Not Applicable,Not Applicable,Yes,Customer Demand,454,Cash,31,3.9,4.9
2024-07-28 01:02:00,CNR6669349732,Success,CID325124,Auto,Shantinagar,Devanahalli,70.0,100.0,Not Applicable,Not Applicable,No,Not Applicable,172,Cash,12,3.6,4.8
2024-07-25 11:12:00,CNR1594656888,Success,CID290736,Auto,Hennur,Kengeri,35.0,30.0,Not Applicable,Not Applicable,No,Not Applicable,246,Cash,16,3.1,3.6
2024-07-24 08:53:00,CNR9126650863,Canceled by Customer,CID187562,eBike,Sarjapur Road,Peenya,,,Wrong Address,Not Applicable,Not Applicable,Not Applicable,2625,Not Applicable,0,,
2024-07-05 14:23:00,CNR3569634078,Success,CID215992,Prime Plus,Hennur,Hulimavu,147.0,65.0,Not Applicable,Not Applicable,No,Not Applicable,424,Cash,24,4.0,3.1
2024-07-29 21:55:00,CNR6439366940,Success,CID331085,Prime Sedan,Devanahalli,Jayanagar,49.0,55.0,Not Applicable,Not Applicable,No,Not Applicable,295,UPI,34,3.3,4.5
2024-07-09 16:38:00,CNR2185617664,Driver Not Found,CID977293,Prime Plus,Mysore Road,RT Nagar,,,Not Applicable,Not Applicable,Not Applicable,Not Applicable,457,Not Applicable,0,,
2024-07-10 19:33:00,CNR5727355000,Success,CID424239,Prime Sedan,Electronic City,Padmanabhanagar,91.0,120.0,Not Applicable,Not Applicable,Yes,Customer Demand,745,Cash,11,3.7,3.8
2024-07-08 12:27:00,CNR8577100666,Driver Not Found,CID461418,Bike,BTM Layout,Chickpet,,,Not Applicable,Not Applicable,Not Applicable,Not Applicable,485,Not Applicable,0,,
2024-07-07 11:10:00,CNR7752408356,Success,CID473471,eBike,KR Puram,Bannerghatta Road,238.0,110.0,Not Applicable,Not Applicable,No,Not Applicable,968,Cash,38,4.5,4.7
2024-07-24 09:30:00,CNR6492027381,Success,CID336983,Bike,Sarjapur Road,HSR Layout,287.0,85.0,Not Applicable,Not Applicable,No,Not Applicable,365,Cash,34,4.2,4.6
2024-07-28 10:34:00,CNR3994385090,Canceled by Driver,CID666694,eBike,Shivajinagar,Frazer Town,,,Not Applicable,Personal & Car related issue,Not Applicable,Not Applicable,285,Not Applicable,0,,
2024-07-25 12:59:00,CNR9829779303,Canceled by Customer,CID183768,Mini,Whitefield,Basavanagudi,,,Driver asked to cancel,Not Applicable,Not Applicable,Not Applicable,428,Not Applicable,0,,
2024-07-20 12:29:00,CNR9171064604,Success,CID768526,Mini,Peenya,Indiranagar,98.0,135.0,Not Applicable,Not Applicable,No,Not Applicable,937,Cash,37,3.1,5.0
2024-07-15 21:12:00,CNR4000304755,Success,CID715995,Prime Sedan,Sahakar Nagar,Kengeri,217.0,50.0,Not Applicable,Not Applicable,No,Not Applicable,2827,Cash,22,3.6,3.6
2024-07-16 16:06:00,CNR2049313437,Success,CID572682,Prime Sedan,Mysore Road,Banashankari,154.0,30.0,Not Applicable,Not Applicable,No,Not Applicable,444,UPI,30,3.1,4.9
2024-07-24 18:22:00,CNR6402889471,Canceled by Driver,CID702056,eBike,JP Nagar,Whitefield,,,Not Applicable,Personal & Car related issue,Not Applicable,Not Applicable,1946,Not Applicable,0,,
2024-07-08 07:20:00,CNR9167577462,Canceled by Driver,CID371113,eBike,Majestic,Electronic City,,,Not Applicable,Customer was coughing/sick,Not Applicable,Not Applicable,466,Not Applicable,0,,
2024-07-19 19:52:00,CNR4236879746,Success,CID829241,Prime Plus,RT Nagar,Chickpet,91.0,120.0,Not Applicable,Not Applicable,No,Not Applicable,749,UPI,36,5.0,3.9
2024-07-11 08:14:00,CNR2508392322,Canceled by Driver,CID886460,Prime SUV,Devanahalli,Sarjapur Road,,,Not Applicable,Personal & Car related issue,Not Applicable,Not Applicable,337,Not Applicable,0,,
2024-07-30 01:33:00,CNR9662013344,Success,CID883442,eBike,Peenya,Chickpet,175.0,115.0,Not Applicable,Not Applicable,No,Not Applicable,191,UPI,3,3.7,3.3
2024-07-30 21:31:00,CNR3051830798,Success,CID816914,Bike,Indiranagar,Ulsoor,280.0,55.0,Not Applicable,Not Applicable,Yes,Vehicle Breakdown,282,Cash,43,4.9,4.3
2024-07-06 17:28:00,CNR7679008528,Success,CID112904,Auto,Indiranagar,Langford Town,35.0,115.0,Not Applicable,Not Applicable,No,Not Applicable,440,UPI,3,4.4,4.6
2024-07-06 11:57:00,CNR7768390400,Success,CID422982,Prime Plus,Mysore Road,Kadugodi,161.0,85.0,Not Applicable,Not Applicable,No,Not Applicable,133,Debit Card,36,3.3,3.5
2024-07-25 02:25:00,CNR3959187610,Canceled by Customer,CID739504,Mini,Magadi Road,Shantinagar,,,Change of plans,Not Applicable,Not Applicable,Not Applicable,2392,Not Applicable,0,,
2024-07-26 01:34:00,CNR4917005568,Canceled by Driver,CID646379,Prime Sedan,Bellandur,Devanahalli,,,Not Applicable,Personal & Car related issue,Not Applicable,Not Applicable,311,Not Applicable,0,,
2024-07-21 02:12:00,CNR3201106999,Driver Not Found,CID881480,Prime SUV,Malleshwaram,Kengeri,,,Not Applicable,Not Applicable,Not Applicable,Not Applicable,258,Not Applicable,0,,
2024-07-13 13:34:00,CNR6023389772,Canceled by Driver,CID527466,Auto,Ramamurthy Nagar,Marathahalli,,,Not Applicable,Personal & Car related issue,Not Applicable,Not Applicable,350,Not Applicable,0,,
2024-07-26 21:24:00,CNR7854913463,Success,CID512222,Prime Sedan,Majestic,Hennur,245.0,65.0,Not Applicable,Not Applicable,No,Not Applicable,305,Cash,7,4.4,4.8
2024-07-28 03:23:00,CNR5115573726,Success,CID509013,Mini,Frazer Town,Yeshwanthpur,294.0,90.0,Not Applicable,Not Applicable,No,Not Applicable,975,Credit Card,10,3.0,4.0
2024-07-13 17:18:00,CNR3583546904,Success,CID805051,Prime SUV,Yeshwanthpur,Rajarajeshwari Nagar,280.0,55.0,Not Applicable,Not Applicable,No,Not Applicable,255,UPI,31,4.7,3.6
2024-07-12 01:00:00,CNR4443347788,Canceled by Driver,CID654002,Prime Plus,Sarjapur Road,KR Puram,,,Not Applicable,Customer related issue,Not Applicable,Not Applicable,331,Not Applicable,0,,
2024-07-14 17:32:00,CNR2339417999,Success,CID419177,Bike,Shivajinagar,JP Nagar,126.0,95.0,Not Applicable,Not Applicable,No,Not Applicable,868,Cash,29,3.7,4.0
2024-07-07 09:40:00,CNR5091579472,Success,CID655743,Prime Sedan,KR Puram,Rajarajeshwari Nagar,280.0,115.0,Not Applicable,Not Applicable,Yes,Other Issue,1807,UPI,25,3.8,3.7
2024-07-13 09:14:00,CNR7677640756,Success,CID610332,Prime Plus,Yelahanka,Yelahanka,196.0,40.0,Not Applicable,Not Applicable,No,Not Applicable,332,UPI,4,4.8,4.0
2024-07-17 23:12:00,CNR7647494568,Driver Not Found,CID578712,Prime SUV,Mysore Road,Jayanagar,,,Not Applicable,Not Applicable,Not Applicable,Not Applicable,403,Not Applicable,0,,
2024-07-17 03:53:00,CNR8891408104,Success,CID207120,eBike,Ramamurthy Nagar,Majestic,98.0,125.0,Not Applicable,Not Applicable,No,Not Applicable,329,UPI,3,3.6,3.7
2024-07-02 23:35:00,CNR7927956644,Success,CID480757,eBike,Basavanagudi,Langford Town,196.0,105.0,Not Applicable,Not Applicable,No,Not Applicable,195,UPI,3,3.6,3.1
2024-07-20 17:57:00,CNR2956603823,Canceled by Customer,CID835526,Mini,Nagarbhavi,Mysore Road,,,Driver asked to cancel,Not Applicable,Not Applicable,Not Applicable,348,Not Applicable,0,,
2024-07-07 07:46:00,CNR2452177555,Success,CID601737,Mini,Whitefield,Frazer Town,35.0,45.0,Not Applicable,Not Applicable,No,Not Applicable,1554,Cash,46,4.7,3.6
2024-07-22 05:42:00,CNR3761384614,Success,CID527392,Mini,Rajajinagar,Majestic,42.0,55.0,Not Applicable,Not Applicable,No,Not Applicable,118,Cash,15,4.0,4.6
2024-07-08 15:18:00,CNR2312339169,Success,CID249253,Auto,Chickpet,Basavanagudi,301.0,120.0,Not Applicable,Not Applicable,No,Not Applicable,417,Cash,8,3.9,4.9
2024-07-14 16:40:00,CNR7066427849,Canceled by Customer,CID852192,Auto,Yelahanka,Rajajinagar,,,AC is Not working,Not Applicable,Not Applicable,Not Applicable,580,Not Applicable,0,,
2024-07-11 12:19:00,CNR5889117934,Success,CID769841,Prime SUV,Hebbal,Ramamurthy Nagar,287.0,100.0,Not Applicable,Not Applicable,No,Not Applicable,578,Cash,17,3.8,3.5
2024-07-24 19:38:00,CNR9810263385,Success,CID658876,Prime Sedan,Bannerghatta Road,Shivajinagar,238.0,115.0,Not Applicable,Not Applicable,No,Not Applicable,586,Cash,47,3.7,3.7
2024-07-28 05:55:00,CNR2396950188,Canceled by Driver,CID400662,Bike,Kammanahalli,Langford Town,,,Not Applicable,Personal & Car related issue,Not Applicable,Not Applicable,1560,Not Applicable,0,,
2024-07-25 23:24:00,CNR1627446734,Success,CID228291,Prime SUV,Cox Town,Koramangala,217.0,25.0,Not Applicable,Not Applicable,No,Not Applicable,430,Cash,6,4.3,4.3
2024-07-12 13:22:00,CNR4026729608,Canceled by Driver,CID128807,eBike,RT Nagar,Koramangala,,,Not Applicable,Personal & Car related issue,Not Applicable,Not Applicable,270,Not Applicable,0,,
2024-07-15 00:16:00,CNR1005189293,Canceled by Customer,CID226139,Bike,Indiranagar,Nagarbhavi,,,Driver is not moving towards pickup location,Not Applicable,Not Applicable,Not Applicable,446,Not Applicable,0,,
2024-07-01 07:17:00,CNR4246931502,Canceled by Driver,CID589860,Prime Plus,Koramangala,Hosur Road,,,Not Applicable,Personal & Car related issue,Not Applicable,Not Applicable,693,Not Applicable,0,,
2024-07-18 02:51:00,CNR4568429154,Success,CID126587,eBike,MG Road,Hebbal,245.0,35.0,Not Applicable,Not Applicable,No,Not Applicable,2373,UPI,38,3.1,3.7
2024-07-24 19:04:00,CNR1442140102,Success,CID192450,Prime SUV,Koramangala,Ulsoor,168.0,45.0,Not Applicable,Not Applicable,No,Not Applicable,453,Cash,38,4.7,3.9
2024-07-22 05:26:00,CNR3976000556,Success,CID874789,Prime SUV,Cox Town,Cox Town,231.0,125.0,Not Applicable,Not Applicable,No,Not Applicable,265,Cash,14,4.0,3.7
2024-07-01 13:17:00,CNR7704909682,Success,CID984971,Auto,Bellandur,Rajarajeshwari Nagar,119.0,100.0,Not Applicable,Not Applicable,No,Not Applicable,193,Cash,4,3.3,3.1
2024-07-22 10:44:00,CNR5664983548,Success,CID179250,eBike,Marathahalli,Mysore Road,147.0,140.0,Not Applicable,Not Applicable,No,Not Applicable,131,Cash,31,5.0,4.1
2024-07-29 22:49:00,CNR7970001086,Driver Not Found,CID923487,Auto,Rajarajeshwari Nagar,Varthur,,,Not Applicable,Not Applicable,Not Applicable,Not Applicable,857,Not Applicable,0,,
2024-07-02 08:41:00,CNR9583247443,Success,CID747827,Auto,JP Nagar,Bellandur,84.0,70.0,Not Applicable,Not Applicable,No,Not Applicable,403,UPI,8,3.7,3.2
2024-07-08 04:30:00,CNR2806935655,Success,CID957099,eBike,Devanahalli,Langford Town,119.0,135.0,Not Applicable,Not Applicable,No,Not Applicable,902,UPI,6,3.2,4.6
2024-07-21 20:08:00,CNR7965250937,Success,CID381025,Prime SUV,Yelahanka,Marathahalli,49.0,95.0,Not Applicable,Not Applicable,No,Not Applicable,610,Cash,21,4.9,5.0
2024-07-24 23:21:00,CNR3852160174,Canceled by Driver,CID760768,Prime Plus,Koramangala,Electronic City,,,Not Applicable,Personal & Car related issue,Not Applicable,Not Applicable,136,Not Applicable,0,,
2024-07-26 15:15:00,CNR5612185366,Canceled by Customer,CID731769,Prime SUV,Ulsoor,Chamarajpet,,,Driver is not moving towards pickup location,Not Applicable,Not Applicable,Not Applicable,136,Not Applicable,0,,
2024-07-11 11:22:00,CNR8669887114,Success,CID344165,Prime Sedan,Kengeri,Whitefield,259.0,85.0,Not Applicable,Not Applicable,No,Not Applicable,490,Cash,40,3.0,3.6
2024-07-14 05:45:00,CNR5264812872,Success,CID300605,Prime Sedan,Langford Town,Yeshwanthpur,308.0,75.0,Not Applicable,Not Applicable,No,Not Applicable,1231,Cash,35,3.7,4.8
2024-07-24 17:47:00,CNR6160086854,Success,CID471523,Prime Plus,Yelahanka,Kadugodi,98.0,105.0,Not Applicable,Not Applicable,No,Not Applicable,205,Cash,9,3.5,4.2
2024-07-27 18:18:00,CNR9759675322,Success,CID101950,Mini,Langford Town,Nagarbhavi,189.0,95.0,Not Applicable,Not Applicable,No,Not Applicable,207,Credit Card,13,3.5,4.8
2024-07-19 18:12:00,CNR1139633726,Success,CID144910,Prime Sedan,HSR Layout,Electronic City,42.0,95.0,Not Applicable,Not Applicable,No,Not Applicable,109,UPI,36,3.8,3.7
2024-07-02 11:45:00,CNR4359785739,Success,CID382022,eBike,Ramamurthy Nagar,Bannerghatta Road,70.0,110.0,Not Applicable,Not Applicable,No,Not Applicable,307,Cash,17,3.3,3.9
2024-07-23 23:19:00,CNR4515533885,Success,CID641807,Prime SUV,Koramangala,Hosur Road,84.0,95.0,Not Applicable,Not Applicable,No,Not Applicable,417,Cash,22,4.2,3.3
2024-07-29 02:42:00,CNR3155375444,Success,CID833923,Mini,MG Road,Indiranagar,119.0,65.0,Not Applicable,Not Applicable,No,Not Applicable,241,Cash,6,3.8,4.2
2024-07-12 03:48:00,CNR9086446250,Success,CID305126,Prime Plus,Hulimavu,Banashankari,238.0,145.0,Not Applicable,Not Applicable,No,Not Applicable,2930,UPI,34,4.6,3.5
2024-07-01 04:23:00,CNR2265892376,Canceled by Customer,CID415744,Auto,Koramangala,Padmanabhanagar,,,Driver asked to cancel,Not Applicable,Not Applicable,Not Applicable,581,Not Applicable,0,,
2024-07-25 03:26:00,CNR7785059091,Success,CID206531,Auto,Padmanabhanagar,Varthur,35.0,90.0,Not Applicable,Not Applicable,No,Not Applicable,154,UPI,1,4.0,3.4
2024-07-26 11:18:00,CNR3289605228,Success,CID769284,Auto,Shivajinagar,Ramamurthy Nagar,154.0,35.0,Not Applicable,Not Applicable,No,Not Applicable,432,Cash,3,4.2,3.6
2024-07-12 17:44:00,CNR8952106573,Success,CID360389,Prime Sedan,Marathahalli,Magadi Road,294.0,55.0,Not Applicable,Not Applicable,No,Not Applicable,989,UPI,13,4.8,3.2
2024-07-10 15:41:00,CNR1412261852,Success,CID747976,Prime Plus,Banashankari,Shivajinagar,133.0,60.0,Not Applicable,Not Applicable,No,Not Applicable,189,UPI,5,3.2,3.4
2024-07-12 16:32:00,CNR2158916746,Canceled by Driver,CID831372,Mini,Ramamurthy Nagar,Yelahanka,,,Not Applicable,Personal & Car related issue,Not Applicable,Not Applicable,200,Not Applicable,0,,
2024-07-27 15:12:00,CNR9257783014,Success,CID742274,Prime SUV,Magadi Road,Chickpet,252.0,115.0,Not Applicable,Not Applicable,No,Not Applicable,425,Cash,16,4.3,3.7
2024-07-27 06:33:00,CNR8778323839,Canceled by Customer,CID712952,Mini,Electronic City,Jayanagar,,,Wrong Address,Not Applicable,Not Applicable,Not Applicable,482,Not Applicable,0,,
2024-07-10 20:44:00,CNR8360756194,Success,CID938001,Prime SUV,Yelahanka,Magadi Road,210.0,70.0,Not Applicable,Not Applicable,No,Not Applicable,2261,Cash,31,4.4,3.1
2024-07-07 22:04:00,CNR3028768677,Canceled by Customer,CID687541,eBike,Frazer Town,Indiranagar,,,Change of plans,Not Applicable,Not Applicable,Not Applicable,197,Not Applicable,0,,
2024-07-20 03:42:00,CNR9360905742,Driver Not Found,CID188842,Prime SUV,HSR Layout,Mysore Road,,,Not Applicable,Not Applicable,Not Applicable,Not Applicable,953,Not Applicable,0,,
2024-07-19 01:42:00,CNR9780472883,Success,CID283777,Bike,Sarjapur Road,Frazer Town,91.0,45.0,Not Applicable,Not Applicable,Yes,Vehicle Breakdown,407,UPI,45,4.9,3.7
2024-07-26 10:45:00,CNR7399568713,Success,CID129172,Prime SUV,Koramangala,KR Puram,252.0,140.0,Not Applicable,Not Applicable,No,Not Applicable,200,UPI,8,3.1,4.4
2024-07-21 17:37:00,CNR8191706849,Success,CID617244,Prime SUV,Whitefield,Hulimavu,301.0,120.0,Not Applicable,Not Applicable,No,Not Applicable,459,Cash,37,3.4,3.5
2024-07-15 07:33:00,CNR2289889581,Success,CID899247,Prime Sedan,Ramamurthy Nagar,RT Nagar,196.0,45.0,Not Applicable,Not Applicable,No,Not Applicable,275,Cash,46,4.8,3.3
2024-07-09 05:17:00,CNR1587944486,Success,CID929543,Prime SUV,Nagarbhavi,Kadugodi,105.0,130.0,Not Applicable,Not Applicable,No,Not Applicable,2698,Cash,45,4.7,3.1
2024-07-29 19:00:00,CNR2607519751,Driver Not Found,CID918834,Prime Sedan,Banashankari,Koramangala,,,Not Applicable,Not Applicable,Not Applicable,Not Applicable,383,Not Applicable,0,,
2024-07-11 11:58:00,CNR6859529205,Canceled by Driver,CID715347,Prime SUV,HSR Layout,Chickpet,,,Not Applicable,More than permitted people in there,Not Applicable,Not Applicable,480,Not Applicable,0,,
2024-07-22 05:56:00,CNR3415009931,Success,CID819062,Prime SUV,Devanahalli,Devanahalli,210.0,25.0,Not Applicable,Not Applicable,No,Not Applicable,328,UPI,16,3.4,4.5
2024-07-03 23:10:00,CNR3877686007,Canceled by Driver,CID279443,eBike,Kengeri,KR Puram,,,Not Applicable,Personal & Car related issue,Not Applicable,Not Applicable,790,Not Applicable,0,,
2024-07-08 08:25:00,CNR9342674550,Canceled by Driver,CID393956,eBike,Kammanahalli,Padmanabhanagar,,,Not Applicable,Customer was coughing/sick,Not Applicable,Not Applicable,620,Not Applicable,0,,
2024-07-27 11:53:00,CNR1879919343,Success,CID383464,eBike,Hulimavu,Cox Town,224.0,115.0,Not Applicable,Not Applicable,No,Not Applicable,900,UPI,46,4.4,4.8
2024-07-26 06:03:00,CNR4418813111,Success,CID510737,Prime SUV,Varthur,Kadugodi,147.0,110.0,Not Applicable,Not Applicable,No,Not Applicable,447,Debit Card,33,4.5,3.5
2024-07-29 23:18:00,CNR4207232399,Success,CID756372,Bike,Marathahalli,Shivajinagar,280.0,85.0,Not Applicable,Not Applicable,No,Not Applicable,106,Cash,47,3.5,3.6
2024-07-01 01:57:00,CNR8515862109,Success,CID628734,eBike,Mysore Road,Peenya,119.0,105.0,Not Applicable,Not Applicable,No,Not Applicable,104,Cash,22,3.1,3.5
2024-07-27 05:19:00,CNR8649738671,Driver Not Found,CID337178,Bike,Peenya,Malleshwaram,,,Not Applicable,Not Applicable,Not Applicable,Not Applicable,210,Not Applicable,0,,
2024-07-26 00:46:00,CNR8151570659,Success,CID639701,eBike,Richmond Town,Hosur Road,238.0,65.0,Not Applicable,Not Applicable,No,Not Applicable,131,UPI,15,3.9,3.9
2024-07-26 14:00:00,CNR4016633408,Success,CID778135,Prime SUV,Electronic City,Koramangala,49.0,40.0,Not Applicable,Not Applicable,No,Not Applicable,112,UPI,33,4.2,3.4
2024-07-05 20:08:00,CNR2348141323,Canceled by Customer,CID771984,Prime SUV,Magadi Road,Peenya,,,Driver asked to cancel,Not Applicable,Not Applicable,Not Applicable,384,Not Applicable,0,,
2024-07-02 09:53:00,CNR5644822797,Success,CID954702,Auto,Bannerghatta Road,Whitefield,259.0,55.0,Not Applicable,Not Applicable,No,Not Applicable,254,Cash,16,4.1,4.2
2024-07-23 10:21:00,CNR6731370438,Canceled by Driver,CID549353,Prime Sedan,Frazer Town,Rajarajeshwari Nagar,,,Not Applicable,Customer was coughing/sick,Not Applicable,Not Applicable,492,Not Applicable,0,,
2024-07-29 04:24:00,CNR6509889768,Success,CID133993,Prime SUV,Koramangala,Hennur,77.0,145.0,Not Applicable,Not Applicable,No,Not Applicable,112,Cash,13,4.7,3.7
2024-07-23 15:57:00,CNR2329011045,Canceled by Driver,CID960831,Bike,Magadi Road,JP Nagar,,,Not Applicable,Customer related issue,Not Applicable,Not Applicable,1097,Not Applicable,0,,
2024-07-30 01:21:00,CNR2792142399,Success,CID803472,Prime SUV,Jayanagar,Cox Town,105.0,60.0,Not Applicable,Not Applicable,No,Not Applicable,127,UPI,28,3.7,4.8
2024-07-18 17:13:00,CNR4645855572,Success,CID721565,Prime Sedan,Padmanabhanagar,Kadugodi,70.0,75.0,Not Applicable,Not Applicable,No,Not Applicable,125,Cash,36,3.8,4.2
2024-07-21 01:11:00,CNR6297810214,Success,CID871797,Auto,Chamarajpet,HSR Layout,112.0,120.0,Not Applicable,Not Applicable,No,Not Applicable,248,UPI,5,4.0,3.7
2024-07-04 01:10:00,CNR7883102132,Driver Not Found,CID430092,Bike,Hosur Road,Kadugodi,,,Not Applicable,Not Applicable,Not Applicable,Not Applicable,936,Not Applicable,0,,
2024-07-17 20:25:00,CNR1744780131,Success,CID816680,eBike,Kadugodi,Basavanagudi,105.0,80.0,Not Applicable,Not Applicable,No,Not Applicable,469,Credit Card,24,3.2,3.4
2024-07-06 21:40:00,CNR4929379324,Success,CID906347,Auto,RT Nagar,Basavanagudi,266.0,65.0,Not Applicable,Not Applicable,No,Not Applicable,124,Cash,10,4.6,3.5
2024-07-14 22:35:00,CNR1206349969,Success,CID260068,Mini,Whitefield,Indiranagar,63.0,65.0,Not Applicable,Not Applicable,No,Not Applicable,600,Cash,8,4.9,4.0
2024-07-04 00:57:00,CNR1711236636,Success,CID162568,eBike,Chamarajpet,Yelahanka,252.0,135.0,Not Applicable,Not Applicable,No,Not Applicable,933,UPI,6,3.5,3.7
2024-07-07 05:33:00,CNR2248585602,Success,CID927934,Mini,Hennur,Shivajinagar,217.0,130.0,Not Applicable,Not Applicable,No,Not Applicable,476,Cash,13,3.3,4.4
2024-07-09 20:37:00,CNR6032817833,Success,CID484495,Bike,MG Road,Ramamurthy Nagar,154.0,80.0,Not Applicable,Not Applicable,Yes,Vehicle Breakdown,472,Cash,48,4.0,3.2
2024-07-29 10:41:00,CNR4200999612,Success,CID609937,Prime SUV,BTM Layout,Kadugodi,245.0,40.0,Not Applicable,Not Applicable,Yes,Customer Demand,167,Cash,3,3.6,3.2
2024-07-04 03:20:00,CNR5875777411,Canceled by Customer,CID187720,eBike,Hebbal,Whitefield,,,Driver asked to cancel,Not Applicable,Not Applicable,Not Applicable,305,Not Applicable,0,,
2024-07-14 05:39:00,CNR7928173115,Success,CID443101,Prime Plus,Hennur,Devanahalli,259.0,55.0,Not Applicable,Not Applicable,No,Not Applicable,131,Cash,40,5.0,4.7
2024-07-09 09:36:00,CNR7965025601,Driver Not Found,CID472127,Bike,JP Nagar,Rajajinagar,,,Not Applicable,Not Applicable,Not Applicable,Not Applicable,197,Not Applicable,0,,
2024-07-16 13:03:00,CNR6690814286,Success,CID784220,eBike,Padmanabhanagar,HSR Layout,259.0,110.0,Not Applicable,Not Applicable,No,Not Applicable,1201,Cash,37,4.4,4.3
2024-07-25 16:34:00,CNR4339246644,Success,CID337245,Prime Plus,Yelahanka,MG Road,168.0,40.0,Not Applicable,Not Applicable,No,Not Applicable,334,Cash,9,5.0,4.9
2024-07-25 00:09:00,CNR7035416963,Success,CID490110,Auto,Devanahalli,Bannerghatta Road,231.0,80.0,Not Applicable,Not Applicable,No,Not Applicable,562,UPI,2,3.8,4.2
2024-07-28 16:16:00,CNR8108082097,Driver Not Found,CID918993,eBike,Ramamurthy Nagar,Electronic City,,,Not Applicable,Not Applicable,Not Applicable,Not Applicable,902,Not Applicable,0,,
2024-07-10 10:29:00,CNR6021756248,Success,CID833123,eBike,Bannerghatta Road,HSR Layout,140.0,120.0,Not Applicable,Not Applicable,Yes,Customer Demand,673,UPI,36,4.5,4.5
2024-07-08 02:08:00,CNR3355023831,Success,CID200634,Auto,Whitefield,Devanahalli,77.0,110.0,Not Applicable,Not Applicable,No,Not Applicable,255,Cash,10,4.1,3.4
2024-07-23 10:19:00,CNR3930258780,Success,CID953133,Prime Sedan,BTM Layout,Basavanagudi,161.0,45.0,Not Applicable,Not Applicable,No,Not Applicable,523,UPI,46,3.8,3.3
2024-07-13 20:53:00,CNR5307746665,Canceled by Driver,CID368984,eBike,KR Puram,Sahakar Nagar,,,Not Applicable,Customer related issue,Not Applicable,Not Applicable,346,Not Applicable,0,,
2024-07-07 08:21:00,CNR6827527738,Canceled by Driver,CID371923,Bike,Vijayanagar,HSR Layout,,,Not Applicable,Personal & Car related issue,Not Applicable,Not Applicable,416,Not Applicable,0,,
2024-07-22 03:49:00,CNR5061203270,Success,CID783523,Prime Sedan,Magadi Road,Majestic,252.0,95.0,Not Applicable,Not Applicable,No,Not Applicable,125,UPI,13,4.4,3.2
2024-07-05 22:16:00,CNR9040554004,Success,CID368360,Auto,Electronic City,Devanahalli,196.0,105.0,Not Applicable,Not Applicable,No,Not Applicable,406,Cash,6,3.2,4.1
2024-07-24 18:51:00,CNR6261860063,Success,CID435624,eBike,Richmond Town,Jayanagar,168.0,130.0,Not Applicable,Not Applicable,No,Not Applicable,802,Cash,14,3.9,3.1
2024-07-15 14:05:00,CNR8476100378,Success,CID129699,Bike,Indiranagar,Devanahalli,133.0,80.0,Not Applicable,Not Applicable,No,Not Applicable,1773,UPI,8,4.2,4.4
2024-07-20 20:03:00,CNR8923024874,Success,CID170721,Auto,Banashankari,Cox Town,112.0,55.0,Not Applicable,Not Applicable,No,Not Applicable,339,Cash,15,4.2,4.8
2024-07-21 08:02:00,CNR4983144073,Canceled by Customer,CID344484,Bike,Peenya,Yeshwanthpur,,,Driver asked to cancel,Not Applicable,Not Applicable,Not Applicable,616,Not Applicable,0,,
2024-07-01 02:45:00,CNR3100083406,Driver Not Found,CID363766,Prime Sedan,Hebbal,Vijayanagar,,,Not Applicable,Not Applicable,Not Applicable,Not Applicable,241,Not Applicable,0,,
2024-07-02 13:45:00,CNR3862585751,Canceled by Driver,CID641133,Prime SUV,Devanahalli,Shivajinagar,,,Not Applicable,Personal & Car related issue,Not Applicable,Not Applicable,198,Not Applicable,0,,
2024-07-01 02:40:00,CNR2165015756,Driver Not Found,CID745770,Bike,Tumkur Road,Jayanagar,,,Not Applicable,Not Applicable,Not Applicable,Not Applicable,832,Not Applicable,0,,
2024-07-25 14:35:00,CNR4020382259,Success,CID128159,Bike,Cox Town,Cox Town,196.0,35.0,Not Applicable,Not Applicable,No,Not Applicable,2375,UPI,8,4.5,3.7
2024-07-03 13:57:00,CNR1893947651,Success,CID634243,Prime Plus,Sahakar Nagar,Devanahalli,133.0,45.0,Not Applicable,Not Applicable,No,Not Applicable,368,Cash,4,3.7,4.1
2024-07-12 18:04:00,CNR1935462857,Canceled by Driver,CID651044,Auto,BTM Layout,Cox Town,,,Not Applicable,Personal & Car related issue,Not Applicable,Not Applicable,983,Not Applicable,0,,
2024-07-02 00:53:00,CNR9290768798,Success,CID399624,Prime Plus,Banashankari,Langford Town,49.0,60.0,Not Applicable,Not Applicable,No,Not Applicable,813,UPI,23,3.5,4.1
2024-07-11 08:18:00,CNR8465893856,Canceled by Driver,CID332326,Prime SUV,Marathahalli,Cox Town,,,Not Applicable,Customer related issue,Not Applicable,Not Applicable,461,Not Applicable,0,,
2024-07-15 22:37:00,CNR6208931689,Canceled by Driver,CID730138,Prime SUV,Richmond Town,Tumkur Road,,,Not Applicable,Customer related issue,Not Applicable,Not Applicable,227,Not Applicable,0,,
2024-07-17 00:45:00,CNR5584228461,Driver Not Found,CID285488,Prime SUV,Magadi Road,Ulsoor,,,Not Applicable,Not Applicable,Not Applicable,Not Applicable,325,Not Applicable,0,,
2024-07-26 01:10:00,CNR7518134235,Success,CID969206,Auto,Majestic,Shantinagar,35.0,40.0,Not Applicable,Not Applicable,No,Not Applicable,298,Cash,7,3.2,4.6
2024-07-30 17:57:00,CNR5580369167,Driver Not Found,CID902566,Bike,Yelahanka,Kengeri,,,Not Applicable,Not Applicable,Not Applicable,Not Applicable,242,Not Applicable,0,,
2024-07-18 07:56:00,CNR7204016377,Success,CID741696,eBike,Bannerghatta Road,Hennur,119.0,120.0,Not Applicable,Not Applicable,No,Not Applicable,135,UPI,24,3.8,4.1
2024-07-05 09:16:00,CNR6353722794,Success,CID751405,Auto,Indiranagar,Koramangala,140.0,95.0,Not Applicable,Not Applicable,No,Not Applicable,279,Cash,9,3.1,3.0
2024-07-13 16:29:00,CNR6940835682,Success,CID769777,Prime Sedan,Frazer Town,Hennur,77.0,80.0,Not Applicable,Not Applicable,No,Not Applicable,140,Credit Card,38,3.2,4.7
2024-07-02 09:47:00,CNR4535117060,Success,CID462786,Prime SUV,Marathahalli,Indiranagar,273.0,40.0,Not Applicable,Not Applicable,No,Not Applicable,898,UPI,18,4.6,4.1
2024-07-07 16:16:00,CNR9423645086,Success,CID879215,eBike,JP Nagar,Bellandur,98.0,100.0,Not Applicable,Not Applicable,No,Not Applicable,1866,Cash,31,4.7,4.6
2024-07-30 06:57:00,CNR6987610616,Success,CID749119,Prime SUV,JP Nagar,HSR Layout,294.0,60.0,Not Applicable,Not Applicable,No,Not Applicable,117,UPI,46,3.1,4.7
2024-07-18 22:42:00,CNR6657344618,Canceled by Customer,CID343660,Bike,Jayanagar,Yeshwanthpur,,,Driver asked to cancel,Not Applicable,Not Applicable,Not Applicable,208,Not Applicable,0,,
2024-07-03 18:05:00,CNR4437848989,Canceled by Customer,CID685617,Bike,Whitefield,Shivajinagar,,,AC is Not working,Not Applicable,Not Applicable,Not Applicable,301,Not Applicable,0,,
2024-07-23 20:22:00,CNR5262229763,Success,CID806009,eBike,BTM Layout,Whitefield,203.0,30.0,Not Applicable,Not Applicable,No,Not Applicable,296,Cash,47,4.5,4.5
2024-07-17 22:27:00,CNR7802357243,Success,CID278721,Mini,Basavanagudi,Cox Town,105.0,60.0,Not Applicable,Not Applicable,No,Not Applicable,517,UPI,36,4.7,4.3
2024-07-23 12:31:00,CNR5874582759,Canceled by Customer,CID642193,eBike,Yelahanka,Sarjapur Road,,,Driver is not moving towards pickup location,Not Applicable,Not Applicable,Not Applicable,711,Not Applicable,0,,
2024-07-20 13:59:00,CNR9452166677,Success,CID787448,Prime SUV,Rajarajeshwari Nagar,Bellandur,224.0,50.0,Not Applicable,Not Applicable,No,Not Applicable,288,Cash,16,3.7,4.2
2024-07-12 00:44:00,CNR3991369030,Canceled by Driver,CID422995,Mini,Rajarajeshwari Nagar,Sahakar Nagar,,,Not Applicable,Personal & Car related issue,Not Applicable,Not Applicable,361,Not Applicable,0,,
2024-07-19 11:48:00,CNR1624309516,Success,CID971053,eBike,Shantinagar,Bellandur,49.0,60.0,Not Applicable,Not Applicable,No,Not Applicable,1617,UPI,5,3.3,4.4
2024-07-03 17:24:00,CNR3996226883,Success,CID722187,eBike,Malleshwaram,Ulsoor,203.0,25.0,Not Applicable,Not Applicable,No,Not Applicable,288,Cash,32,4.4,3.1
2024-07-05 09:03:00,CNR8275339332,Success,CID324050,Prime Plus,Hebbal,Hennur,182.0,95.0,Not Applicable,Not Applicable,No,Not Applicable,388,UPI,2,3.1,4.2
2024-07-29 08:10:00,CNR7672012181,Canceled by Driver,CID509764,Mini,Frazer Town,Marathahalli,,,Not Applicable,Personal & Car related issue,Not Applicable,Not Applicable,316,Not Applicable,0,,
2024-07-01 12:36:00,CNR9030196642,Success,CID219694,eBike,Ramamurthy Nagar,Rajajinagar,133.0,145.0,Not Applicable,Not Applicable,No,Not Applicable,553,UPI,5,3.8,4.5
2024-07-12 13:29:00,CNR9101256970,Driver Not Found,CID514297,Prime Plus,BTM Layout,Banashankari,,,Not Applicable,Not Applicable,Not Applicable,Not Applicable,569,Not Applicable,0,,
2024-07-17 07:45:00,CNR4114245452,Success,CID792146,Prime SUV,Marathahalli,Nagarbhavi,140.0,125.0,Not Applicable,Not Applicable,No,Not Applicable,441,Cash,1,4.0,3.6
2024-07-24 20:03:00,CNR6898229424,Success,CID420877,Auto,Varthur,Hosur Road,112.0,145.0,Not Applicable,Not Applicable,No,Not Applicable,429,Cash,3,4.3,3.8
2024-07-24 11:34:00,CNR8867239848,Success,CID805838,Bike,Rajajinagar,Ramamurthy Nagar,252.0,135.0,Not Applicable,Not Applicable,No,Not Applicable,170,Cash,33,3.7,4.5
2024-07-08 11:19:00,CNR4957156616,Success,CID124836,Mini,MG Road,JP Nagar,42.0,25.0,Not Applicable,Not Applicable,No,Not Applicable,251,UPI,41,4.3,4.7
2024-07-30 22:06:00,CNR6526991412,Canceled by Customer,CID729064,eBike,Mysore Road,Hennur,,,Driver asked to cancel,Not Applicable,Not Applicable,Not Applicable,397,Not Applicable,0,,
2024-07-22 03:30:00,CNR9602774237,Canceled by Customer,CID252395,Prime SUV,Ramamurthy Nagar,Chickpet,,,AC is Not working,Not Applicable,Not Applicable,Not Applicable,316,Not Applicable,0,,
2024-07-02 22:13:00,CNR9663323802,Canceled by Driver,CID786640,Prime Plus,Hennur,Jayanagar,,,Not Applicable,Customer related issue,Not Applicable,Not Applicable,243,Not Applicable,0,,
2024-07-22 18:32:00,CNR8920313484,Success,CID516608,Prime SUV,Ulsoor,Hennur,308.0,60.0,Not Applicable,Not Applicable,No,Not Applicable,661,UPI,36,4.6,3.7
2024-07-22 18:27:00,CNR3021496106,Driver Not Found,CID939205,Bike,Koramangala,Kadugodi,,,Not Applicable,Not Applicable,Not Applicable,Not Applicable,117,Not Applicable,0,,
2024-07-09 15:03:00,CNR3028710073,Success,CID877481,Prime Sedan,Hennur,Koramangala,112.0,35.0,Not Applicable,Not Applicable,No,Not Applicable,216,Cash,3,3.5,4.1
2024-07-04 14:07:00,CNR2138692025,Success,CID762434,Prime Plus,Ramamurthy Nagar,Malleshwaram,252.0,90.0,Not Applicable,Not Applicable,No,Not Applicable,298,UPI,4,4.9,4.7
2024-07-24 18:29:00,CNR9234823120,Success,CID536223,Mini,Jayanagar,Jayanagar,287.0,90.0,Not Applicable,Not Applicable,No,Not Applicable,390,Cash,24,3.5,4.5
2024-07-01 15:53:00,CNR9905856615,Success,CID203083,Mini,Richmond Town,Bellandur,224.0,95.0,Not Applicable,Not Applicable,No,Not Applicable,902,Cash,35,3.8,4.3
2024-07-03 00:33:00,CNR6188143138,Canceled by Customer,CID150443,Prime Sedan,Banashankari,Chamarajpet,,,Driver asked to cancel,Not Applicable,Not Applicable,Not Applicable,185,Not Applicable,0,,
2024-07-22 14:08:00,CNR6692702663,Driver Not Found,CID619435,Mini,Langford Town,Kengeri,,,Not Applicable,Not Applicable,Not Applicable,Not Applicable,146,Not Applicable,0,,
2024-07-02 04:02:00,CNR3137352238,Canceled by Driver,CID920566,eBike,Peenya,HSR Layout,,,Not Applicable,More than permitted people in there,Not Applicable,Not Applicable,444,Not Applicable,0,,
2024-07-30 22:32:00,CNR9021264849,Success,CID959757,eBike,Magadi Road,Magadi Road,210.0,35.0,Not Applicable,Not Applicable,No,Not Applicable,2920,Cash,1,4.6,4.5
2024-07-24 20:08:00,CNR4877548148,Success,CID450724,eBike,Mysore Road,Chamarajpet,189.0,50.0,Not Applicable,Not Applicable,No,Not Applicable,442,UPI,31,4.6,4.0
2024-07-27 08:59:00,CNR6764657713,Success,CID407033,Bike,Majestic,KR Puram,294.0,115.0,Not Applicable,Not Applicable,No,Not Applicable,450,UPI,8,3.8,3.8
2024-07-21 15:58:00,CNR2294144318,Success,CID502396,Prime Sedan,Hulimavu,Langford Town,147.0,120.0,Not Applicable,Not Applicable,No,Not Applicable,178,UPI,7,4.5,4.1
2024-07-01 14:15:00,CNR6122722894,Canceled by Customer,CID216273,Bike,Shivajinagar,Koramangala,,,Change of plans,Not Applicable,Not Applicable,Not Applicable,2613,Not Applicable,0,,
2024-07-25 23:28:00,CNR7870435858,Success,CID404451,Prime SUV,Bannerghatta Road,Vijayanagar,210.0,30.0,Not Applicable,Not Applicable,No,Not Applicable,426,UPI,7,4.2,4.2
2024-07-24 15:02:00,CNR6290736649,Success,CID433846,Bike,Kadugodi,Kadugodi,196.0,100.0,Not Applicable,Not Applicable,No,Not Applicable,174,UPI,10,4.6,4.1
2024-07-24 23:01:00,CNR3413037365,Success,CID714689,Prime Plus,JP Nagar,Cox Town,231.0,120.0,Not Applicable,Not Applicable,No,Not Applicable,803,UPI,37,4.9,3.4
2024-07-26 20:43:00,CNR8153453329,Success,CID305332,Bike,Devanahalli,Mysore Road,259.0,75.0,Not Applicable,Not Applicable,No,Not Applicable,233,UPI,20,3.5,4.4
2024-07-29 15:40:00,CNR2159189450,Success,CID491977,Prime Plus,Padmanabhanagar,Sahakar Nagar,105.0,120.0,Not Applicable,Not Applicable,Yes,Vehicle Breakdown,1098,Cash,44,3.5,3.7
2024-07-05 22:21:00,CNR8615561360,Driver Not Found,CID706415,Prime Plus,Cox Town,Banashankari,,,Not Applicable,Not Applicable,Not Applicable,Not Applicable,673,Not Applicable,0,,
2024-07-03 09:19:00,CNR1784242983,Success,CID197953,Bike,BTM Layout,Indiranagar,217.0,90.0,Not Applicable,Not Applicable,No,Not Applicable,792,Cash,23,3.1,3.8
2024-07-23 16:48:00,CNR3840385191,Driver Not Found,CID984016,Auto,Bannerghatta Road,Padmanabhanagar,,,Not Applicable,Not Applicable,Not Applicable,Not Applicable,414,Not Applicable,0,,
2024-07-18 19:35:00,CNR8365617916,Canceled by Customer,CID942627,Prime SUV,Cox Town,KR Puram,,,Driver is not moving towards pickup location,Not Applicable,Not Applicable,Not Applicable,1202,Not Applicable,0,,
2024-07-16 19:05:00,CNR5301644284,Canceled by Driver,CID645759,Auto,Bellandur,Indiranagar,,,Not Applicable,Customer was coughing/sick,Not Applicable,Not Applicable,855,Not Applicable,0,,
2024-07-24 19:22:00,CNR1615114359,Canceled by Driver,CID945704,Bike,Kengeri,Yeshwanthpur,,,Not Applicable,Customer related issue,Not Applicable,Not Applicable,340,Not Applicable,0,,
2024-07-23 07:53:00,CNR2705992362,Canceled by Driver,CID144024,Bike,Ramamurthy Nagar,Majestic,,,Not Applicable,Personal & Car related issue,Not Applicable,Not Applicable,106,Not Applicable,0,,
2024-07-16 09:59:00,CNR2102110741,Success,CID169249,Prime SUV,Hennur,JP Nagar,217.0,110.0,Not Applicable,Not Applicable,No,Not Applicable,580,Credit Card,30,4.2,4.7
2024-07-24 12:54:00,CNR9360061961,Success,CID327109,Bike,Kadugodi,MG Road,133.0,55.0,Not Applicable,Not Applicable,No,Not Applicable,248,Cash,25,4.4,4.7
2024-07-13 22:52:00,CNR9312052350,Success,CID350574,Auto,Rajajinagar,Hulimavu,161.0,130.0,Not Applicable,Not Applicable,No,Not Applicable,143,UPI,5,4.3,4.4
2024-07-09 10:03:00,CNR9117384007,Canceled by Driver,CID601269,Prime Sedan,Hulimavu,Varthur,,,Not Applicable,More than permitted people in there,Not Applicable,Not Applicable,380,Not Applicable,0,,
2024-07-10 06:01:00,CNR9933479896,Success,CID838237,Prime Plus,Hebbal,KR Puram,245.0,130.0,Not Applicable,Not Applicable,No,Not Applicable,299,UPI,18,4.5,4.8
2024-07-28 09:47:00,CNR1162433352,Success,CID964787,Prime SUV,Magadi Road,Frazer Town,98.0,115.0,Not Applicable,Not Applicable,No,Not Applicable,140,Cash,26,3.1,4.1
2024-07-27 15:02:00,CNR6966297251,Success,CID264405,Auto,Indiranagar,BTM Layout,126.0,85.0,Not Applicable,Not Applicable,No,Not Applicable,1794,Cash,9,4.4,4.9
2024-07-14 04:38:00,CNR2681589440,Success,CID800015,Prime Sedan,Mysore Road,Varthur,35.0,50.0,Not Applicable,Not Applicable,No,Not Applicable,117,UPI,47,4.8,3.8
2024-07-13 06:31:00,CNR2907015428,Driver Not Found,CID406695,Prime Sedan,Tumkur Road,Koramangala,,,Not Applicable,Not Applicable,Not Applicable,Not Applicable,494,Not Applicable,0,,
2024-07-19 02:54:00,CNR3883768133,Canceled by Driver,CID683157,Mini,BTM Layout,Shantinagar,,,Not Applicable,More than permitted people in there,Not Applicable,Not Applicable,177,Not Applicable,0,,
2024-07-30 15:05:00,CNR5426892168,Success,CID408265,eBike,Yelahanka,HSR Layout,231.0,40.0,Not Applicable,Not Applicable,Yes,Vehicle Breakdown,350,Cash,30,3.2,3.1
2024-07-19 12:20:00,CNR4692925949,Success,CID980767,Prime Sedan,Mysore Road,Tumkur Road,49.0,80.0,Not Applicable,Not Applicable,No,Not Applicable,762,UPI,9,3.6,4.3
2024-07-05 14:21:00,CNR1874381826,Success,CID880336,Mini,Kadugodi,HSR Layout,70.0,125.0,Not Applicable,Not Applicable,No,Not Applicable,122,UPI,25,3.3,4.0
2024-07-09 06:40:00,CNR4208855883,Success,CID658131,Prime SUV,Basavanagudi,HSR Layout,154.0,120.0,Not Applicable,Not Applicable,No,Not Applicable,367,Credit Card,35,4.5,3.7
2024-07-04 23:56:00,CNR9478033573,Success,CID528101,Prime SUV,Sarjapur Road,Tumkur Road,175.0,95.0,Not Applicable,Not Applicable,No,Not Applicable,137,UPI,44,4.6,3.7
2024-07-18 23:07:00,CNR2113323808,Success,CID818915,Auto,BTM Layout,Peenya,238.0,85.0,Not Applicable,Not Applicable,No,Not Applicable,529,Cash,3,4.8,3.9
2024-07-25 11:40:00,CNR9169767037,Success,CID513544,Prime Plus,Indiranagar,Majestic,252.0,40.0,Not Applicable,Not Applicable,No,Not Applicable,180,Cash,45,4.2,4.2
2024-07-17 07:47:00,CNR1906679986,Canceled by Customer,CID271524,eBike,Padmanabhanagar,HSR Layout,,,Driver is not moving towards pickup location,Not Applicable,Not Applicable,Not Applicable,233,Not Applicable,0,,
2024-07-10 00:27:00,CNR5221229996,Canceled by Driver,CID294245,eBike,Kammanahalli,Peenya,,,Not Applicable,Customer related issue,Not Applicable,Not Applicable,151,Not Applicable,0,,
2024-07-03 22:34:00,CNR9269380738,Success,CID446288,Auto,Sarjapur Road,Cox Town,210.0,70.0,Not Applicable,Not Applicable,No,Not Applicable,222,Cash,13,4.8,3.0
2024-07-05 00:24:00,CNR6796023164,Success,CID459121,Prime Sedan,Majestic,Hulimavu,112.0,110.0,Not Applicable,Not Applicable,No,Not Applicable,330,Cash,49,3.5,3.5
2024-07-20 14:51:00,CNR9031356978,Canceled by Customer,CID878365,Auto,Hebbal,Peenya,,,AC is Not working,Not Applicable,Not Applicable,Not Applicable,953,Not Applicable,0,,
2024-07-16 16:21:00,CNR7862209498,Canceled by Driver,CID629289,Prime SUV,Richmond Town,Nagarbhavi,,,Not Applicable,Personal & Car related issue,Not Applicable,Not Applicable,882,Not Applicable,0,,
2024-07-23 07:23:00,CNR3984350347,Success,CID575831,Bike,Nagarbhavi,Hulimavu,105.0,125.0,Not Applicable,Not Applicable,No,Not Applicable,171,UPI,49,3.2,5.0
2024-07-01 00:31:00,CNR4337228057,Canceled by Customer,CID540772,Auto,Hennur,Chamarajpet,,,Change of plans,Not Applicable,Not Applicable,Not Applicable,395,Not Applicable,0,,
2024-07-29 22:26:00,CNR5513109362,Canceled by Driver,CID540759,Prime SUV,Rajajinagar,Rajajinagar,,,Not Applicable,Personal & Car related issue,Not Applicable,Not Applicable,422,Not Applicable,0,,
2024-07-12 15:30:00,CNR8026154417,Success,CID423620,Bike,Bannerghatta Road,Majestic,56.0,65.0,Not Applicable,Not Applicable,No,Not Applicable,483,UPI,36,4.6,4.8
2024-07-30 19:52:00,CNR6148138933,Success,CID574376,Mini,Koramangala,Cox Town,105.0,100.0,Not Applicable,Not Applicable,No,Not Applicable,424,Cash,32,4.8,3.3
2024-07-03 01:25:00,CNR7321376523,Success,CID548106,Prime Sedan,Varthur,Kadugodi,154.0,105.0,Not Applicable,Not Applicable,No,Not Applicable,460,UPI,46,3.1,4.6
2024-07-01 05:48:00,CNR3100797080,Success,CID919655,Prime Sedan,Electronic City,Basavanagudi,280.0,85.0,Not Applicable,Not Applicable,No,Not Applicable,533,Cash,29,3.1,4.9
2024-07-18 18:08:00,CNR9007406240,Canceled by Customer,CID110779,Prime Sedan,Nagarbhavi,Hulimavu,,,Driver is not moving towards pickup location,Not Applicable,Not Applicable,Not Applicable,159,Not Applicable,0,,
2024-07-12 10:20:00,CNR3485223708,Success,CID819896,Prime SUV,Bellandur,Koramangala,147.0,145.0,Not Applicable,Not Applicable,No,Not Applicable,443,UPI,20,4.8,4.8
2024-07-04 07:30:00,CNR3589301125,Success,CID647032,Prime Sedan,Sarjapur Road,RT Nagar,70.0,95.0,Not Applicable,Not Applicable,No,Not Applicable,290,Cash,49,4.9,3.6
2024-07-05 07:55:00,CNR2394906700,Success,CID103524,Bike,Chickpet,Electronic City,84.0,60.0,Not Applicable,Not Applicable,No,Not Applicable,413,Cash,39,4.8,4.5
2024-07-12 00:32:00,CNR7770404049,Canceled by Driver,CID755226,Prime SUV,Whitefield,Sarjapur Road,,,Not Applicable,More than permitted people in there,Not Applicable,Not Applicable,1364,Not Applicable,0,,
2024-07-05 20:02:00,CNR6499117946,Canceled by Driver,CID813363,Prime Plus,Mysore Road,Peenya,,,Not Applicable,Personal & Car related issue,Not Applicable,Not Applicable,207,Not Applicable,0,,
2024-07-01 05:21:00,CNR5879429132,Success,CID280740,Bike,Cox Town,Ramamurthy Nagar,119.0,95.0,Not Applicable,Not Applicable,No,Not Applicable,680,Cash,42,3.1,4.1
2024-07-02 04:48:00,CNR2324596749,Success,CID227704,Prime Plus,Hennur,Magadi Road,231.0,65.0,Not Applicable,Not Applicable,No,Not Applicable,954,UPI,34,3.5,3.0
2024-07-05 03:40:00,CNR8121442508,Driver Not Found,CID144623,Prime SUV,Chickpet,JP Nagar,,,Not Applicable,Not Applicable,Not Applicable,Not Applicable,219,Not Applicable,0,,
2024-07-19 02:21:00,CNR7148331675,Success,CID674745,Prime SUV,Chickpet,Varthur,189.0,30.0,Not Applicable,Not Applicable,No,Not Applicable,192,UPI,44,4.6,5.0
2024-07-29 00:05:00,CNR6781125431,Success,CID369357,Prime Plus,Vijayanagar,Hennur,168.0,145.0,Not Applicable,Not Applicable,No,Not Applicable,855,Cash,28,3.9,4.1
2024-07-18 03:47:00,CNR2854304267,Success,CID998802,Auto,Malleshwaram,Ramamurthy Nagar,189.0,110.0,Not Applicable,Not Applicable,No,Not Applicable,595,Cash,7,3.9,4.0
2024-07-10 11:06:00,CNR2354588981,Success,CID934041,Prime Plus,Jayanagar,Kadugodi,119.0,70.0,Not Applicable,Not Applicable,No,Not Applicable,2498,Cash,43,4.2,4.1
2024-07-16 19:01:00,CNR7703931700,Canceled by Driver,CID756754,Auto,Basavanagudi,HSR Layout,,,Not Applicable,Customer related issue,Not Applicable,Not Applicable,113,Not Applicable,0,,
2024-07-25 09:43:00,CNR6417062253,Driver Not Found,CID521936,Mini,Chickpet,MG Road,,,Not Applicable,Not Applicable,Not Applicable,Not Applicable,476,Not Applicable,0,,
2024-07-22 21:27:00,CNR8923456217,Success,CID610624,Auto,MG Road,Nagarbhavi,112.0,135.0,Not Applicable,Not Applicable,No,Not Applicable,681,UPI,15,3.7,3.3
2024-07-25 01:39:00,CNR9806423677,Success,CID668890,Bike,Vijayanagar,Chickpet,56.0,30.0,Not Applicable,Not Applicable,No,Not Applicable,133,Cash,35,4.7,4.1
2024-07-22 00:09:00,CNR8856275972,Success,CID520129,Prime Plus,Electronic City,Marathahalli,182.0,120.0,Not Applicable,Not Applicable,No,Not Applicable,487,Cash,33,4.3,3.9
2024-07-24 03:44:00,CNR7687469044,Success,CID388899,Prime SUV,Electronic City,Hebbal,161.0,55.0,Not Applicable,Not Applicable,No,Not Applicable,523,Cash,26,4.4,4.7
2024-07-27 19:15:00,CNR2171402084,Success,CID148261,Auto,Yelahanka,Tumkur Road,203.0,145.0,Not Applicable,Not Applicable,No,Not Applicable,143,Cash,15,3.2,3.4
2024-07-16 06:15:00,CNR6198555078,Success,CID892593,Mini,Kammanahalli,RT Nagar,196.0,50.0,Not Applicable,Not Applicable,No,Not Applicable,418,Cash,4,4.4,4.2
2024-07-16 01:39:00,CNR5911304511,Canceled by Driver,CID172195,Prime SUV,Hosur Road,Hebbal,,,Not Applicable,Personal & Car related issue,Not Applicable,Not Applicable,518,Not Applicable,0,,
2024-07-07 13:59:00,CNR6277066135,Success,CID883161,Prime SUV,Chamarajpet,Shivajinagar,154.0,125.0,Not Applicable,Not Applicable,No,Not Applicable,333,Cash,47,4.0,3.7
2024-07-09 11:45:00,CNR9813927791,Success,CID172091,Prime Plus,Sarjapur Road,Electronic City,77.0,25.0,Not Applicable,Not Applicable,No,Not Applicable,2358,UPI,18,3.1,4.1
2024-07-10 14:09:00,CNR5602596246,Success,CID343722,eBike,KR Puram,Bannerghatta Road,56.0,60.0,Not Applicable,Not Applicable,No,Not Applicable,261,UPI,15,4.1,3.7
2024-07-14 04:35:00,CNR9576764852,Canceled by Driver,CID534229,Prime Sedan,Padmanabhanagar,Peenya,,,Not Applicable,Customer related issue,Not Applicable,Not Applicable,350,Not Applicable,0,,
2024-07-04 13:28:00,CNR7861459274,Canceled by Customer,CID722089,Prime Sedan,BTM Layout,Hennur,,,Driver asked to cancel,Not Applicable,Not Applicable,Not Applicable,497,Not Applicable,0,,
2024-07-24 14:26:00,CNR2572786943,Driver Not Found,CID998944,Mini,MG Road,Rajarajeshwari Nagar,,,Not Applicable,Not Applicable,Not Applicable,Not Applicable,382,Not Applicable,0,,
2024-07-02 17:15:00,CNR4029613490,Canceled by Driver,CID350937,Mini,KR Puram,RT Nagar,,,Not Applicable,More than permitted people in there,Not Applicable,Not Applicable,440,Not Applicable,0,,
2024-07-17 02:10:00,CNR3786551977,Success,CID308661,Bike,Padmanabhanagar,Electronic City,238.0,55.0,Not Applicable,Not Applicable,No,Not Applicable,349,Cash,4,3.8,3.2
2024-07-29 18:33:00,CNR6241328073,Canceled by Driver,CID916589,Bike,HSR Layout,Koramangala,,,Not Applicable,Personal & Car related issue,Not Applicable,Not Applicable,880,Not Applicable,0,,
2024-07-23 18:36:00,CNR7796283308,Success,CID165895,eBike,Magadi Road,Peenya,112.0,65.0,Not Applicable,Not Applicable,No,Not Applicable,328,Cash,32,4.7,4.5
2024-07-07 16:35:00,CNR5742470026,Success,CID947374,Bike,RT Nagar,Hennur,294.0,125.0,Not Applicable,Not Applicable,No,Not Applicable,231,Cash,46,3.6,4.2
2024-07-27 12:19:00,CNR8800315822,Success,CID638116,Prime SUV,Sarjapur Road,Indiranagar,98.0,70.0,Not Applicable,Not Applicable,No,Not Applicable,493,Cash,11,4.3,3.6
2024-07-06 02:29:00,CNR3887625332,Success,CID778903,Prime Plus,Whitefield,RT Nagar,49.0,140.0,Not Applicable,Not Applicable,No,Not Applicable,339,Cash,47,4.0,4.7
2024-07-28 08:57:00,CNR9082927091,Canceled by Driver,CID403448,Bike,MG Road,Koramangala,,,Not Applicable,More than permitted people in there,Not Applicable,Not Applicable,536,Not Applicable,0,,
2024-07-04 10:27:00,CNR6563512831,Canceled by Driver,CID260372,Prime SUV,Peenya,Banashankari,,,Not Applicable,Customer was coughing/sick,Not Applicable,Not Applicable,2170,Not Applicable,0,,
2024-07-20 06:34:00,CNR5845941393,Success,CID476569,Auto,Magadi Road,Tumkur Road,35.0,35.0,Not Applicable,Not Applicable,No,Not Applicable,967,UPI,17,3.5,4.5
2024-07-04 21:07:00,CNR2157490672,Canceled by Customer,CID703643,Bike,Shantinagar,Marathahalli,,,Driver is not moving towards pickup location,Not Applicable,Not Applicable,Not Applicable,192,Not Applicable,0,,
2024-07-14 03:10:00,CNR5865232039,Canceled by Customer,CID995858,eBike,Varthur,Rajarajeshwari Nagar,,,Driver is not moving towards pickup location,Not Applicable,Not Applicable,Not Applicable,829,Not Applicable,0,,
2024-07-06 01:42:00,CNR5829363360,Driver Not Found,CID458268,Bike,Marathahalli,Basavanagudi,,,Not Applicable,Not Applicable,Not Applicable,Not Applicable,1273,Not Applicable,0,,
2024-07-01 02:45:00,CNR6009047264,Success,CID868099,Bike,Richmond Town,Cox Town,308.0,135.0,Not Applicable,Not Applicable,Yes,Other Issue,913,Cash,31,3.7,3.9
2024-07-13 06:14:00,CNR3745210228,Canceled by Driver,CID295804,Mini,RT Nagar,Electronic City,,,Not Applicable,Customer was coughing/sick,Not Applicable,Not Applicable,468,Not Applicable,0,,
2024-07-02 17:01:00,CNR2065517633,Success,CID962702,Prime SUV,Chickpet,Padmanabhanagar,49.0,85.0,Not Applicable,Not Applicable,No,Not Applicable,387,Cash,37,4.5,4.4
2024-07-03 09:49:00,CNR9037538281,Success,CID997678,Prime Plus,Banashankari,BTM Layout,70.0,140.0,Not Applicable,Not Applicable,No,Not Applicable,147,UPI,5,3.4,3.9
2024-07-25 00:59:00,CNR7706520181,Canceled by Driver,CID253372,Prime Plus,Tumkur Road,Electronic City,,,Not Applicable,Customer was coughing/sick,Not Applicable,Not Applicable,425,Not Applicable,0,,
2024-07-27 06:19:00,CNR6566262578,Success,CID971158,eBike,RT Nagar,Ulsoor,56.0,145.0,Not Applicable,Not Applicable,Yes,Customer Demand,453,Cash,29,3.0,3.5
2024-07-02 22:12:00,CNR5769106872,Driver Not Found,CID109606,eBike,Ramamurthy Nagar,Basavanagudi,,,Not Applicable,Not Applicable,Not Applicable,Not Applicable,2031,Not Applicable,0,,
2024-07-18 09:51:00,CNR6929306893,Success,CID421814,Prime SUV,Hennur,Sahakar Nagar,154.0,80.0,Not Applicable,Not Applicable,Yes,Customer Demand,381,UPI,31,3.5,3.4
2024-07-25 19:08:00,CNR3772894831,Success,CID729499,Prime Plus,Basavanagudi,Koramangala,252.0,85.0,Not Applicable,Not Applicable,No,Not Applicable,458,Cash,10,3.1,4.8
2024-07-21 07:05:00,CNR2653474212,Success,CID894119,Auto,Kengeri,KR Puram,49.0,75.0,Not Applicable,Not Applicable,No,Not Applicable,181,UPI,1,3.5,4.4
2024-07-03 21:15:00,CNR9559367957,Canceled by Driver,CID778108,Prime Plus,JP Nagar,Shivajinagar,,,Not Applicable,More than permitted people in there,Not Applicable,Not Applicable,299,Not Applicable,0,,
2024-07-16 21:42:00,CNR7008558083,Success,CID309116,Auto,Hosur Road,Jayanagar,119.0,140.0,Not Applicable,Not Applicable,No,Not Applicable,208,Cash,16,3.7,3.7
2024-07-24 12:05:00,CNR1685069731,Canceled by Driver,CID144488,Prime Plus,Tumkur Road,Rajajinagar,,,Not Applicable,Personal & Car related issue,Not Applicable,Not Applicable,337,Not Applicable,0,,
2024-07-05 13:48:00,CNR1036978390,Success,CID880960,Mini,Peenya,HSR Layout,266.0,40.0,Not Applicable,Not Applicable,No,Not Applicable,419,UPI,35,3.8,4.4
2024-07-20 13:09:00,CNR5930299674,Success,CID575218,Prime Plus,RT Nagar,Vijayanagar,105.0,120.0,Not Applicable,Not Applicable,No,Not Applicable,638,Cash,25,3.4,4.5
2024-07-18 05:52:00,CNR9206425262,Success,CID825394,Auto,JP Nagar,Mysore Road,245.0,65.0,Not Applicable,Not Applicable,No,Not Applicable,260,Debit Card,15,4.5,3.4
2024-07-06 06:18:00,CNR8746261766,Success,CID497104,Prime Sedan,KR Puram,Hennur,133.0,50.0,Not Applicable,Not Applicable,No,Not Applicable,876,Credit Card,43,3.4,4.5
2024-07-18 11:49:00,CNR4745586127,Success,CID779746,eBike,Peenya,Padmanabhanagar,42.0,145.0,Not Applicable,Not Applicable,Yes,Customer Demand,184,Cash,46,4.7,5.0
2024-07-18 14:10:00,CNR5778168529,Success,CID629157,eBike,Electronic City,Rajajinagar,245.0,60.0,Not Applicable,Not Applicable,No,Not Applicable,731,Cash,19,4.8,3.4
2024-07-26 09:36:00,CNR2847137443,Success,CID312067,Bike,Hulimavu,Majestic,182.0,35.0,Not Applicable,Not Applicable,No,Not Applicable,124,Cash,24,5.0,3.2
2024-07-25 20:36:00,CNR1470553956,Canceled by Customer,CID413847,eBike,Indiranagar,Koramangala,,,Change of plans,Not Applicable,Not Applicable,Not Applicable,1226,Not Applicable,0,,
2024-07-14 06:53:00,CNR9729628706,Success,CID564938,Mini,MG Road,Chickpet,98.0,75.0,Not Applicable,Not Applicable,No,Not Applicable,457,Cash,11,3.3,4.5
2024-07-21 06:18:00,CNR1627894725,Success,CID653097,Prime Plus,Jayanagar,KR Puram,245.0,145.0,Not Applicable,Not Applicable,No,Not Applicable,489,UPI,38,3.5,4.9
2024-07-24 23:59:00,CNR7570858024,Success,CID304865,Bike,Chickpet,Rajarajeshwari Nagar,133.0,50.0,Not Applicable,Not Applicable,No,Not Applicable,146,Cash,16,3.5,3.1
2024-07-15 11:08:00,CNR5460408780,Success,CID242341,Prime Plus,Ramamurthy Nagar,Peenya,147.0,90.0,Not Applicable,Not Applicable,No,Not Applicable,430,Cash,45,3.3,4.2
2024-07-25 22:37:00,CNR5777447140,Success,CID471022,Bike,Majestic,RT Nagar,189.0,145.0,Not Applicable,Not Applicable,No,Not Applicable,166,Cash,3,4.7,5.0
2024-07-13 03:35:00,CNR8402553807,Success,CID505978,Prime SUV,Magadi Road,Ulsoor,49.0,55.0,Not Applicable,Not Applicable,No,Not Applicable,463,UPI,39,4.0,3.6
2024-07-15 04:18:00,CNR1632423263,Success,CID746310,Bike,Malleshwaram,Bellandur,252.0,115.0,Not Applicable,Not Applicable,No,Not Applicable,587,Cash,33,3.4,3.6
2024-07-15 09:07:00,CNR3047071055,Success,CID388668,Prime Plus,MG Road,Mysore Road,252.0,40.0,Not Applicable,Not Applicable,No,Not Applicable,2932,UPI,1,4.2,3.3
2024-07-19 13:48:00,CNR8819346938,Success,CID137223,Prime SUV,Chickpet,Rajajinagar,273.0,35.0,Not Applicable,Not Applicable,No,Not Applicable,447,UPI,47,3.4,4.5
2024-07-20 02:26:00,CNR9872240242,Canceled by Customer,CID779957,Mini,Magadi Road,Malleshwaram,,,Driver asked to cancel,Not Applicable,Not Applicable,Not Applicable,250,Not Applicable,0,,
2024-07-22 10:07:00,CNR4541989796,Canceled by Customer,CID225885,Prime Plus,Banashankari,Sarjapur Road,,,Change of plans,Not Applicable,Not Applicable,Not Applicable,319,Not Applicable,0,,
2024-07-27 21:19:00,CNR6425248405,Success,CID711615,Mini,Chickpet,Koramangala,266.0,95.0,Not Applicable,Not Applicable,Yes,Other Issue,253,Cash,44,4.7,3.9
2024-07-04 12:09:00,CNR4784366342,Success,CID924968,Mini,Varthur,Indiranagar,294.0,130.0,Not Applicable,Not Applicable,No,Not Applicable,396,Cash,6,3.1,4.9
2024-07-01 14:42:00,CNR6295169097,Canceled by Driver,CID287912,Prime Sedan,MG Road,Padmanabhanagar,,,Not Applicable,Customer was coughing/sick,Not Applicable,Not Applicable,331,Not Applicable,0,,
2024-07-16 12:01:00,CNR7095287655,Success,CID365028,eBike,Electronic City,Shivajinagar,203.0,75.0,Not Applicable,Not Applicable,No,Not Applicable,534,Cash,13,3.4,3.5
2024-07-01 15:46:00,CNR3349337488,Success,CID250384,Prime Plus,Hennur,Nagarbhavi,140.0,135.0,Not Applicable,Not Applicable,No,Not Applicable,1210,UPI,22,3.9,4.9
2024-07-05 10:33:00,CNR2748622982,Success,CID644394,Bike,Hulimavu,Malleshwaram,287.0,115.0,Not Applicable,Not Applicable,No,Not Applicable,901,Cash,47,4.6,3.8
2024-07-02 05:58:00,CNR6828977456,Canceled by Customer,CID753459,Prime Plus,Jayanagar,Kammanahalli,,,Driver is not moving towards pickup location,Not Applicable,Not Applicable,Not Applicable,147,Not Applicable,0,,
2024-07-16 01:24:00,CNR3101755592,Success,CID407345,Prime Plus,Kengeri,Jayanagar,119.0,30.0,Not Applicable,Not Applicable,No,Not Applicable,222,Cash,2,4.7,3.9
2024-07-26 08:37:00,CNR9886431388,Canceled by Driver,CID147525,Prime Sedan,Vijayanagar,Devanahalli,,,Not Applicable,More than permitted people in there,Not Applicable,Not Applicable,126,Not Applicable,0,,
2024-07-08 07:46:00,CNR7329654011,Success,CID504900,Prime Sedan,Marathahalli,Cox Town,133.0,110.0,Not Applicable,Not Applicable,No,Not Applicable,528,Cash,29,4.9,4.1
2024-07-19 09:31:00,CNR5581714042,Canceled by Customer,CID908946,Prime SUV,BTM Layout,Kadugodi,,,Driver is not moving towards pickup location,Not Applicable,Not Applicable,Not Applicable,182,Not Applicable,0,,
2024-07-22 10:46:00,CNR3633931909,Canceled by Driver,CID596827,Mini,KR Puram,Sahakar Nagar,,,Not Applicable,More than permitted people in there,Not Applicable,Not Applicable,296,Not Applicable,0,,
2024-07-02 17:27:00,CNR9045676104,Success,CID813512,Bike,Kammanahalli,Mysore Road,133.0,85.0,Not Applicable,Not Applicable,No,Not Applicable,1222,Cash,47,3.4,5.0
2024-07-10 15:27:00,CNR6600180077,Success,CID204118,Prime SUV,Mysore Road,Mysore Road,252.0,100.0,Not Applicable,Not Applicable,No,Not Applicable,113,Cash,45,4.0,4.5
2024-07-25 02:25:00,CNR5818495882,Success,CID318815,Auto,Bannerghatta Road,Hulimavu,154.0,35.0,Not Applicable,Not Applicable,No,Not Applicable,134,UPI,3,3.1,4.8
2024-07-15 15:56:00,CNR7041673815,Driver Not Found,CID722785,Prime Plus,Rajajinagar,Padmanabhanagar,,,Not Applicable,Not Applicable,Not Applicable,Not Applicable,256,Not Applicable,0,,
2024-07-17 11:06:00,CNR7094435052,Success,CID147466,Prime Sedan,Padmanabhanagar,Shivajinagar,140.0,75.0,Not Applicable,Not Applicable,No,Not Applicable,2322,Cash,44,3.8,3.1
2024-07-27 21:27:00,CNR4386593235,Success,CID985727,Prime SUV,Hennur,Peenya,252.0,60.0,Not Applicable,Not Applicable,No,Not Applicable,386,UPI,34,3.9,4.6
2024-07-26 16:37:00,CNR5046417373,Canceled by Driver,CID225508,eBike,Frazer Town,Bellandur,,,Not Applicable,Personal & Car related issue,Not Applicable,Not Applicable,341,Not Applicable,0,,
2024-07-25 19:47:00,CNR4293484854,Success,CID162057,Prime Sedan,Shantinagar,Shantinagar,245.0,60.0,Not Applicable,Not Applicable,No,Not Applicable,1369,UPI,31,4.1,4.8
2024-07-06 22:31:00,CNR6958820835,Success,CID370114,Mini,Hennur,BTM Layout,182.0,35.0,Not Applicable,Not Applicable,No,Not Applicable,395,Cash,45,4.3,4.6
2024-07-09 23:55:00,CNR4739085893,Canceled by Driver,CID533215,Prime Sedan,Sarjapur Road,Bellandur,,,Not Applicable,Personal & Car related issue,Not Applicable,Not Applicable,432,Not Applicable,0,,
2024-07-29 21:23:00,CNR9104378229,Canceled by Driver,CID546032,Mini,KR Puram,Kengeri,,,Not Applicable,Customer was coughing/sick,Not Applicable,Not Applicable,284,Not Applicable,0,,
2024-07-17 01:28:00,CNR4534863735,Success,CID958854,Prime Sedan,Basavanagudi,Richmond Town,105.0,65.0,Not Applicable,Not Applicable,No,Not Applicable,208,Cash,14,4.9,3.0
2024-07-11 00:52:00,CNR1077663251,Success,CID200462,Prime SUV,Jayanagar,Peenya,42.0,110.0,Not Applicable,Not Applicable,No,Not Applicable,531,Cash,26,3.8,3.1
2024-07-01 03:29:00,CNR6869429274,Success,CID938249,Prime Sedan,Rajajinagar,Indiranagar,252.0,45.0,Not Applicable,Not Applicable,No,Not Applicable,697,UPI,34,4.5,5.0
2024-07-19 09:25:00,CNR8958973082,Success,CID518231,Prime SUV,Sahakar Nagar,Varthur,287.0,100.0,Not Applicable,Not Applicable,No,Not Applicable,377,Cash,15,4.7,3.9
2024-07-20 10:32:00,CNR5288504801,Success,CID242782,Auto,Koramangala,Kadugodi,175.0,25.0,Not Applicable,Not Applicable,No,Not Applicable,239,Credit Card,5,3.2,4.8
2024-07-05 07:23:00,CNR3731033080,Canceled by Customer,CID699887,eBike,Chamarajpet,Devanahalli,,,Wrong Address,Not Applicable,Not Applicable,Not Applicable,181,Not Applicable,0,,
2024-07-21 11:39:00,CNR2058734182,Canceled by Driver,CID223739,Bike,Vijayanagar,Malleshwaram,,,Not Applicable,Customer was coughing/sick,Not Applicable,Not Applicable,356,Not Applicable,0,,
2024-07-26 23:45:00,CNR5004281816,Canceled by Customer,CID251580,Prime SUV,Mysore Road,RT Nagar,,,Driver asked to cancel,Not Applicable,Not Applicable,Not Applicable,620,Not Applicable,0,,
2024-07-30 00:01:00,CNR1019725528,Success,CID370986,Auto,Bannerghatta Road,Malleshwaram,196.0,145.0,Not Applicable,Not Applicable,No,Not Applicable,302,Cash,16,3.1,3.3
2024-07-30 18:29:00,CNR1740611669,Success,CID514470,Bike,Vijayanagar,Majestic,245.0,85.0,Not Applicable,Not Applicable,No,Not Applicable,308,UPI,26,4.3,4.1
2024-07-19 07:54:00,CNR9026899537,Success,CID424697,Prime Sedan,Majestic,Hebbal,35.0,50.0,Not Applicable,Not Applicable,No,Not Applicable,279,Cash,26,4.7,3.0
2024-07-02 17:55:00,CNR1159851195,Success,CID570466,eBike,Rajarajeshwari Nagar,Whitefield,301.0,50.0,Not Applicable,Not Applicable,No,Not Applicable,649,Cash,47,4.4,3.8
2024-07-08 05:13:00,CNR4266854809,Canceled by Customer,CID148998,Auto,Richmond Town,Marathahalli,,,Change of plans,Not Applicable,Not Applicable,Not Applicable,181,Not Applicable,0,,
2024-07-16 02:01:00,CNR6961849860,Success,CID716968,Prime SUV,Bellandur,Hebbal,231.0,80.0,Not Applicable,Not Applicable,No,Not Applicable,361,Cash,20,3.3,3.3
2024-07-23 19:52:00,CNR2585994196,Success,CID620141,Auto,Rajarajeshwari Nagar,Marathahalli,77.0,95.0,Not Applicable,Not Applicable,No,Not Applicable,248,UPI,1,4.4,4.8
2024-07-12 06:19:00,CNR8601188773,Driver Not Found,CID717190,Mini,Ulsoor,Frazer Town,,,Not Applicable,Not Applicable,Not Applicable,Not Applicable,791,Not Applicable,0,,
2024-07-15 09:32:00,CNR3472637240,Driver Not Found,CID284011,Prime SUV,Kammanahalli,Malleshwaram,,,Not Applicable,Not Applicable,Not Applicable,Not Applicable,342,Not Applicable,0,,
2024-07-16 00:10:00,CNR3152234394,Success,CID519277,eBike,KR Puram,Vijayanagar,70.0,145.0,Not Applicable,Not Applicable,No,Not Applicable,335,Cash,8,4.4,3.2
2024-07-25 16:29:00,CNR9362334566,Driver Not Found,CID715107,Bike,Devanahalli,Langford Town,,,Not Applicable,Not Applicable,Not Applicable,Not Applicable,402,Not Applicable,0,,
2024-07-12 09:33:00,CNR7028452587,Success,CID637040,Bike,Tumkur Road,Mysore Road,245.0,105.0,Not Applicable,Not Applicable,Yes,Vehicle Breakdown,577,UPI,25,3.9,4.2
2024-07-23 11:10:00,CNR3579063873,Success,CID226442,Bike,Langford Town,Marathahalli,70.0,70.0,Not Applicable,Not Applicable,No,Not Applicable,267,Cash,12,5.0,4.5
2024-07-23 16:35:00,CNR7315290710,Success,CID593924,Prime SUV,Langford Town,Rajarajeshwari Nagar,140.0,130.0,Not Applicable,Not Applicable,No,Not Applicable,237,UPI,28,3.9,4.0
2024-07-12 12:44:00,CNR1197071751,Driver Not Found,CID117471,Prime Sedan,Rajarajeshwari Nagar,Chamarajpet,,,Not Applicable,Not Applicable,Not Applicable,Not Applicable,117,Not Applicable,0,,
2024-07-02 01:00:00,CNR5345070563,Success,CID554391,Bike,Malleshwaram,Tumkur Road,77.0,105.0,Not Applicable,Not Applicable,No,Not Applicable,137,Cash,36,4.2,3.2
2024-07-30 15:17:00,CNR7896676863,Success,CID471511,Prime Sedan,Rajajinagar,Kadugodi,266.0,115.0,Not Applicable,Not Applicable,No,Not Applicable,432,Cash,45,4.7,4.0
2024-07-12 20:13:00,CNR5071851514,Success,CID485213,Prime Plus,Rajajinagar,Whitefield,280.0,30.0,Not Applicable,Not Applicable,No,Not Applicable,128,Cash,7,3.4,4.9
2024-07-28 13:22:00,CNR2331965514,Success,CID777364,Auto,Ulsoor,HSR Layout,161.0,65.0,Not Applicable,Not Applicable,No,Not Applicable,429,UPI,8,4.4,4.7
2024-07-29 03:52:00,CNR1500897902,Success,CID631657,eBike,Shivajinagar,Langford Town,245.0,55.0,Not Applicable,Not Applicable,No,Not Applicable,444,Cash,41,4.9,3.9
2024-07-01 17:12:00,CNR2870348821,Success,CID418120,Prime Sedan,Koramangala,Chickpet,301.0,135.0,Not Applicable,Not Applicable,No,Not Applicable,206,UPI,42,3.8,3.8
2024-07-04 18:29:00,CNR5382924871,Success,CID736399,Bike,Whitefield,Shivajinagar,231.0,70.0,Not Applicable,Not Applicable,No,Not Applicable,362,Cash,29,4.5,3.3
2024-07-30 20:13:00,CNR9699901966,Canceled by Driver,CID646468,eBike,Ulsoor,Varthur,,,Not Applicable,Customer related issue,Not Applicable,Not Applicable,409,Not Applicable,0,,
2024-07-26 20:14:00,CNR2369888759,Driver Not Found,CID978594,Bike,Marathahalli,Ramamurthy Nagar,,,Not Applicable,Not Applicable,Not Applicable,Not Applicable,476,Not Applicable,0,,
2024-07-11 22:04:00,CNR3070985317,Canceled by Driver,CID249607,Auto,Ulsoor,Shivajinagar,,,Not Applicable,Personal & Car related issue,Not Applicable,Not Applicable,141,Not Applicable,0,,
2024-07-21 13:00:00,CNR9937231449,Canceled by Customer,CID918531,eBike,Tumkur Road,Majestic,,,Driver is not moving towards pickup location,Not Applicable,Not Applicable,Not Applicable,443,Not Applicable,0,,
2024-07-23 09:59:00,CNR5352969514,Success,CID471199,Auto,Kadugodi,Shivajinagar,77.0,90.0,Not Applicable,Not Applicable,Yes,Other Issue,408,Cash,7,4.8,4.9
2024-07-08 06:55:00,CNR5365612115,Success,CID669543,Prime Plus,Shivajinagar,Ramamurthy Nagar,63.0,55.0,Not Applicable,Not Applicable,No,Not Applicable,175,UPI,44,3.4,4.8
2024-07-01 23:20:00,CNR4840279594,Success,CID890936,eBike,Hosur Road,Tumkur Road,231.0,60.0,Not Applicable,Not Applicable,No,Not Applicable,191,Cash,18,4.9,3.1
2024-07-13 15:46:00,CNR3663166212,Success,CID477811,Auto,Whitefield,Chickpet,91.0,145.0,Not Applicable,Not Applicable,No,Not Applicable,506,UPI,18,4.8,4.6
2024-07-18 12:17:00,CNR6244871794,Canceled by Driver,CID954641,Prime Sedan,Indiranagar,Magadi Road,,,Not Applicable,Customer was coughing/sick,Not Applicable,Not Applicable,303,Not Applicable,0,,
2024-07-28 11:08:00,CNR1940907620,Canceled by Driver,CID254000,Auto,Jayanagar,Padmanabhanagar,,,Not Applicable,Customer related issue,Not Applicable,Not Applicable,168,Not Applicable,0,,
2024-07-17 00:53:00,CNR8316414284,Success,CID178925,eBike,Richmond Town,Marathahalli,210.0,105.0,Not Applicable,Not Applicable,No,Not Applicable,743,Cash,16,3.7,3.6
2024-07-24 00:33:00,CNR7882718309,Success,CID682266,Mini,Banashankari,Bannerghatta Road,154.0,30.0,Not Applicable,Not Applicable,No,Not Applicable,255,Cash,31,3.4,4.9
2024-07-27 10:34:00,CNR7415367880,Driver Not Found,CID747950,Bike,Hennur,Vijayanagar,,,Not Applicable,Not Applicable,Not Applicable,Not Applicable,243,Not Applicable,0,,
2024-07-22 20:45:00,CNR4732479543,Canceled by Driver,CID790244,eBike,Ramamurthy Nagar,Tumkur Road,,,Not Applicable,Customer was coughing/sick,Not Applicable,Not Applicable,456,Not Applicable,0,,
2024-07-07 07:10:00,CNR9857225605,Success,CID233801,Prime Sedan,Kammanahalli,RT Nagar,147.0,90.0,Not Applicable,Not Applicable,No,Not Applicable,394,Cash,41,4.7,3.6
2024-07-29 11:15:00,CNR5471427707,Canceled by Customer,CID192067,eBike,Padmanabhanagar,Electronic City,,,Change of plans,Not Applicable,Not Applicable,Not Applicable,817,Not Applicable,0,,
2024-07-09 03:38:00,CNR2666985144,Canceled by Driver,CID628998,Prime Plus,Bellandur,Sahakar Nagar,,,Not Applicable,More than permitted people in there,Not Applicable,Not Applicable,527,Not Applicable,0,,
2024-07-25 12:44:00,CNR8022232507,Success,CID604122,eBike,Nagarbhavi,Indiranagar,210.0,75.0,Not Applicable,Not Applicable,No,Not Applicable,227,Cash,37,4.4,3.7
2024-07-08 11:47:00,CNR6793856057,Canceled by Customer,CID571418,Mini,Chickpet,Bannerghatta Road,,,Driver is not moving towards pickup location,Not Applicable,Not Applicable,Not Applicable,254,Not Applicable,0,,
2024-07-09 08:33:00,CNR1626188196,Driver Not Found,CID332593,Auto,Richmond Town,Bannerghatta Road,,,Not Applicable,Not Applicable,Not Applicable,Not Applicable,552,Not Applicable,0,,
2024-07-17 09:26:00,CNR6582821964,Driver Not Found,CID221400,Auto,Basavanagudi,BTM Layout,,,Not Applicable,Not Applicable,Not Applicable,Not Applicable,109,Not Applicable,0,,
2024-07-01 18:45:00,CNR9198835461,Canceled by Driver,CID403418,Bike,Rajarajeshwari Nagar,Peenya,,,Not Applicable,Customer related issue,Not Applicable,Not Applicable,400,Not Applicable,0,,
2024-07-07 20:35:00,CNR2439442119,Success,CID197315,Auto,HSR Layout,Chickpet,224.0,45.0,Not Applicable,Not Applicable,Yes,Customer Demand,516,UPI,14,4.3,3.7
2024-07-01 14:55:00,CNR8227922139,Success,CID436294,Mini,Kengeri,Langford Town,189.0,100.0,Not Applicable,Not Applicable,No,Not Applicable,279,UPI,37,4.8,3.9
2024-07-16 11:49:00,CNR1850386317,Success,CID132549,Auto,Basavanagudi,Bannerghatta Road,42.0,95.0,Not Applicable,Not Applicable,No,Not Applicable,2966,UPI,19,4.9,4.7
2024-07-14 16:05:00,CNR6173680572,Canceled by Customer,CID166577,Prime Sedan,Ulsoor,Shantinagar,,,Driver is not moving towards pickup location,Not Applicable,Not Applicable,Not Applicable,318,Not Applicable,0,,
2024-07-03 12:41:00,CNR2209821541,Driver Not Found,CID280427,Prime Plus,Malleshwaram,RT Nagar,,,Not Applicable,Not Applicable,Not Applicable,Not Applicable,613,Not Applicable,0,,
2024-07-29 02:43:00,CNR4357466643,Success,CID579582,Prime SUV,Tumkur Road,Padmanabhanagar,196.0,125.0,Not Applicable,Not Applicable,No,Not Applicable,363,Cash,2,4.5,3.3
2024-07-09 17:46:00,CNR4853846148,Success,CID448703,Prime Plus,Kammanahalli,Yelahanka,175.0,145.0,Not Applicable,Not Applicable,No,Not Applicable,2131,Cash,21,3.1,3.5
2024-07-23 04:37:00,CNR3928513321,Success,CID276370,Auto,Chamarajpet,HSR Layout,273.0,90.0,Not Applicable,Not Applicable,No,Not Applicable,441,Cash,3,4.6,4.5
2024-07-23 17:13:00,CNR7541789118,Success,CID972078,Mini,Banashankari,Devanahalli,84.0,80.0,Not Applicable,Not Applicable,No,Not Applicable,754,UPI,37,4.2,3.7
2024-07-23 00:13:00,CNR7235406574,Success,CID751157,Prime Sedan,Hebbal,Sahakar Nagar,105.0,65.0,Not Applicable,Not Applicable,No,Not Applicable,547,UPI,20,3.7,4.6
2024-07-24 01:21:00,CNR2927080915,Success,CID922871,Auto,Majestic,Cox Town,217.0,45.0,Not Applicable,Not Applicable,No,Not Applicable,470,UPI,8,4.2,4.6
2024-07-18 14:30:00,CNR8992478086,Success,CID908018,Bike,Chamarajpet,Chamarajpet,266.0,55.0,Not Applicable,Not Applicable,No,Not Applicable,196,UPI,4,4.1,3.7
2024-07-19 11:47:00,CNR8162381193,Success,CID699881,Prime Plus,JP Nagar,Magadi Road,273.0,95.0,Not Applicable,Not Applicable,Yes,Customer Demand,226,Cash,48,3.3,4.3
2024-07-04 05:01:00,CNR7072801652,Success,CID282279,Mini,Majestic,Richmond Town,308.0,125.0,Not Applicable,Not Applicable,No,Not Applicable,130,UPI,42,3.6,3.3
2024-07-29 20:31:00,CNR9521742426,Success,CID776168,Auto,Mysore Road,HSR Layout,91.0,125.0,Not Applicable,Not Applicable,No,Not Applicable,638,UPI,2,3.9,3.7
2024-07-12 04:28:00,CNR7605740576,Success,CID655871,Bike,Jayanagar,Devanahalli,210.0,35.0,Not Applicable,Not Applicable,No,Not Applicable,332,Cash,4,3.1,4.2
2024-07-05 08:24:00,CNR6839478764,Canceled by Driver,CID774949,Prime SUV,Mysore Road,Shantinagar,,,Not Applicable,Customer related issue,Not Applicable,Not Applicable,247,Not Applicable,0,,
2024-07-24 16:50:00,CNR6571269364,Success,CID200094,Prime Plus,Yelahanka,Shivajinagar,161.0,145.0,Not Applicable,Not Applicable,No,Not Applicable,299,UPI,42,3.9,4.3
2024-07-30 11:23:00,CNR7404218031,Success,CID220889,eBike,Marathahalli,Chickpet,287.0,105.0,Not Applicable,Not Applicable,No,Not Applicable,719,UPI,44,4.8,4.1
2024-07-01 03:15:00,CNR5372151831,Success,CID907710,Bike,JP Nagar,Shantinagar,91.0,95.0,Not Applicable,Not Applicable,No,Not Applicable,969,UPI,37,4.2,4.4
2024-07-25 15:08:00,CNR5496850035,Success,CID669672,Prime Sedan,Rajajinagar,Richmond Town,175.0,35.0,Not Applicable,Not Applicable,No,Not Applicable,394,Cash,38,4.7,4.4
2024-07-07 19:29:00,CNR5965855153,Driver Not Found,CID276960,Bike,Tumkur Road,Hennur,,,Not Applicable,Not Applicable,Not Applicable,Not Applicable,215,Not Applicable,0,,
2024-07-27 13:45:00,CNR9310910635,Canceled by Customer,CID170352,Bike,Vijayanagar,Yelahanka,,,Driver asked to cancel,Not Applicable,Not Applicable,Not Applicable,699,Not Applicable,0,,
2024-07-30 22:21:00,CNR8131877912,Driver Not Found,CID621822,eBike,Tumkur Road,Koramangala,,,Not Applicable,Not Applicable,Not Applicable,Not Applicable,222,Not Applicable,0,,
2024-07-26 16:36:00,CNR1731209919,Success,CID911954,Prime SUV,Ramamurthy Nagar,Frazer Town,266.0,135.0,Not Applicable,Not Applicable,No,Not Applicable,845,Cash,24,3.3,3.7
2024-07-17 21:33:00,CNR3180210609,Success,CID637900,Auto,Jayanagar,Hebbal,301.0,110.0,Not Applicable,Not Applicable,Yes,Customer Demand,1438,UPI,17,4.9,3.8
2024-07-09 04:53:00,CNR3032540824,Success,CID753776,Prime SUV,Whitefield,Shivajinagar,273.0,70.0,Not Applicable,Not Applicable,No,Not Applicable,180,Cash,30,4.8,4.6
2024-07-27 05:43:00,CNR2615935603,Driver Not Found,CID956314,Bike,Sahakar Nagar,Hulimavu,,,Not Applicable,Not Applicable,Not Applicable,Not Applicable,266,Not Applicable,0,,
2024-07-21 13:42:00,CNR9351229680,Canceled by Customer,CID735292,Auto,Mysore Road,Hennur,,,Wrong Address,Not Applicable,Not Applicable,Not Applicable,455,Not Applicable,0,,
2024-07-17 14:49:00,CNR1803174594,Success,CID972865,Prime Sedan,HSR Layout,Malleshwaram,224.0,45.0,Not Applicable,Not Applicable,No,Not Applicable,499,Cash,47,4.1,4.3
2024-07-04 03:09:00,CNR7978024564,Success,CID305991,Auto,Banashankari,Basavanagudi,161.0,30.0,Not Applicable,Not Applicable,No,Not Applicable,958,UPI,16,4.4,3.7
2024-07-25 03:11:00,CNR4851555604,Success,CID726238,eBike,Tumkur Road,Nagarbhavi,280.0,110.0,Not Applicable,Not Applicable,No,Not Applicable,937,Cash,10,5.0,4.2
2024-07-25 20:45:00,CNR2598147959,Success,CID761462,Prime Sedan,Bannerghatta Road,RT Nagar,154.0,120.0,Not Applicable,Not Applicable,No,Not Applicable,253,UPI,45,4.3,4.5
2024-07-01 18:00:00,CNR7209000219,Success,CID880269,Bike,Magadi Road,Yeshwanthpur,203.0,120.0,Not Applicable,Not Applicable,No,Not Applicable,227,Cash,5,4.6,4.8
2024-07-20 22:19:00,CNR5949535092,Driver Not Found,CID502634,eBike,Koramangala,Richmond Town,,,Not Applicable,Not Applicable,Not Applicable,Not Applicable,841,Not Applicable,0,,
2024-07-16 23:28:00,CNR3533655898,Success,CID898490,eBike,Nagarbhavi,Langford Town,126.0,30.0,Not Applicable,Not Applicable,No,Not Applicable,161,Cash,20,4.0,5.0
2024-07-04 19:08:00,CNR1484428881,Success,CID840792,Mini,Jayanagar,HSR Layout,287.0,135.0,Not Applicable,Not Applicable,No,Not Applicable,662,Cash,26,4.6,4.0
2024-07-27 01:42:00,CNR2852568403,Success,CID213065,Auto,Yeshwanthpur,Chickpet,266.0,80.0,Not Applicable,Not Applicable,No,Not Applicable,371,Cash,3,4.4,3.9
2024-07-28 12:51:00,CNR1308879623,Success,CID801630,Prime Sedan,Ramamurthy Nagar,JP Nagar,294.0,140.0,Not Applicable,Not Applicable,No,Not Applicable,1955,UPI,46,4.8,4.5
2024-07-16 18:27:00,CNR8664922075,Success,CID274988,Prime SUV,MG Road,Rajajinagar,133.0,100.0,Not Applicable,Not Applicable,No,Not Applicable,410,UPI,24,4.6,4.5
2024-07-10 17:38:00,CNR2645295144,Success,CID486787,eBike,Sarjapur Road,Chamarajpet,273.0,45.0,Not Applicable,Not Applicable,No,Not Applicable,663,UPI,17,3.4,4.1
2024-07-14 02:35:00,CNR8536957525,Success,CID322328,Prime Plus,Ulsoor,Yeshwanthpur,273.0,45.0,Not Applicable,Not Applicable,No,Not Applicable,491,Cash,46,4.9,3.1
2024-07-19 06:11:00,CNR4913728312,Success,CID515522,Prime SUV,Jayanagar,Padmanabhanagar,245.0,25.0,Not Applicable,Not Applicable,No,Not Applicable,412,Cash,18,4.1,3.7
2024-07-11 03:15:00,CNR5036915108,Success,CID989592,Mini,Kammanahalli,Richmond Town,308.0,110.0,Not Applicable,Not Applicable,No,Not Applicable,971,Cash,23,4.9,3.2
2024-07-16 20:21:00,CNR2530776934,Success,CID312684,Prime Plus,BTM Layout,Hosur Road,35.0,100.0,Not Applicable,Not Applicable,No,Not Applicable,265,Cash,41,3.7,4.7
2024-07-05 18:33:00,CNR6837065921,Success,CID318809,Auto,Yelahanka,BTM Layout,105.0,45.0,Not Applicable,Not Applicable,Yes,Vehicle Breakdown,261,Cash,15,4.4,4.6
2024-07-10 15:24:00,CNR6756014670,Canceled by Customer,CID246612,Bike,Vijayanagar,Nagarbhavi,,,Driver asked to cancel,Not Applicable,Not Applicable,Not Applicable,126,Not Applicable,0,,
2024-07-20 09:45:00,CNR2665253514,Canceled by Driver,CID867424,Bike,Mysore Road,Hulimavu,,,Not Applicable,More than permitted people in there,Not Applicable,Not Applicable,156,Not Applicable,0,,
2024-07-13 03:58:00,CNR2675436545,Success,CID629664,Prime SUV,Banashankari,Vijayanagar,112.0,55.0,Not Applicable,Not Applicable,No,Not Applicable,950,Cash,34,3.9,4.0
2024-07-06 08:24:00,CNR9726234666,Success,CID512640,eBike,Magadi Road,Frazer Town,182.0,130.0,Not Applicable,Not Applicable,No,Not Applicable,457,UPI,28,3.4,3.9
2024-07-21 03:38:00,CNR2173472664,Canceled by Driver,CID367681,Auto,Tumkur Road,Vijayanagar,,,Not Applicable,Customer was coughing/sick,Not Applicable,Not Applicable,415,Not Applicable,0,,
2024-07-24 00:09:00,CNR6458633744,Driver Not Found,CID166996,Mini,Shantinagar,Koramangala,,,Not Applicable,Not Applicable,Not Applicable,Not Applicable,306,Not Applicable,0,,
2024-07-08 00:04:00,CNR9335132039,Driver Not Found,CID893697,Prime Plus,Koramangala,Malleshwaram,,,Not Applicable,Not Applicable,Not Applicable,Not Applicable,895,Not Applicable,0,,
2024-07-29 18:35:00,CNR1722712445,Canceled by Driver,CID593697,Bike,Kengeri,Langford Town,,,Not Applicable,More than permitted people in there,Not Applicable,Not Applicable,344,Not Applicable,0,,
2024-07-25 03:15:00,CNR7334550088,Driver Not Found,CID897863,Auto,Jayanagar,KR Puram,,,Not Applicable,Not Applicable,Not Applicable,Not Applicable,471,Not Applicable,0,,
2024-07-04 03:12:00,CNR9660273804,Canceled by Driver,CID985796,Bike,Richmond Town,Indiranagar,,,Not Applicable,Customer related issue,Not Applicable,Not Applicable,427,Not Applicable,0,,
2024-07-23 18:29:00,CNR2415717408,Success,CID625322,Prime Plus,Chamarajpet,Hulimavu,224.0,95.0,Not Applicable,Not Applicable,No,Not Applicable,108,UPI,15,4.1,4.9
2024-07-27 03:50:00,CNR5648324304,Success,CID443259,Bike,Koramangala,RT Nagar,266.0,115.0,Not Applicable,Not Applicable,Yes,Customer Demand,412,Cash,12,4.8,3.5
2024-07-10 05:11:00,CNR1255226904,Canceled by Driver,CID985833,Bike,Shantinagar,Rajarajeshwari Nagar,,,Not Applicable,Customer related issue,Not Applicable,Not Applicable,409,Not Applicable,0,,
2024-07-22 22:28:00,CNR4644955917,Canceled by Driver,CID845650,Bike,Bannerghatta Road,MG Road,,,Not Applicable,Customer was coughing/sick,Not Applicable,Not Applicable,190,Not Applicable,0,,
2024-07-16 05:57:00,CNR4949695334,Success,CID305138,Prime Plus,Hennur,Varthur,70.0,65.0,Not Applicable,Not Applicable,No,Not Applicable,353,Cash,12,5.0,4.6
2024-07-23 15:53:00,CNR8945133577,Success,CID547028,Bike,Bellandur,Malleshwaram,224.0,75.0,Not Applicable,Not Applicable,No,Not Applicable,488,Cash,12,3.4,3.9
2024-07-21 10:34:00,CNR8629824083,Success,CID501062,eBike,Shantinagar,Koramangala,84.0,25.0,Not Applicable,Not Applicable,No,Not Applicable,596,Cash,43,4.4,4.0
2024-07-18 12:06:00,CNR9510799716,Success,CID441585,eBike,Rajarajeshwari Nagar,Sahakar Nagar,56.0,100.0,Not Applicable,Not Applicable,No,Not Applicable,631,Cash,33,3.2,3.8
2024-07-05 15:23:00,CNR4637342914,Canceled by Driver,CID940779,Prime SUV,Hennur,Banashankari,,,Not Applicable,Personal & Car related issue,Not Applicable,Not Applicable,989,Not Applicable,0,,
2024-07-16 18:58:00,CNR8885895513,Canceled by Driver,CID569693,eBike,Whitefield,Basavanagudi,,,Not Applicable,Personal & Car related issue,Not Applicable,Not Applicable,531,Not Applicable,0,,
2024-07-26 04:26:00,CNR2434479734,Canceled by Driver,CID400540,Mini,Whitefield,Ulsoor,,,Not Applicable,Customer was coughing/sick,Not Applicable,Not Applicable,415,Not Applicable,0,,
2024-07-04 21:03:00,CNR2946215461,Canceled by Driver,CID226445,Prime Sedan,Whitefield,KR Puram,,,Not Applicable,More than permitted people in there,Not Applicable,Not Applicable,291,Not Applicable,0,,
2024-07-20 04:15:00,CNR7527347771,Canceled by Driver,CID247227,Auto,Kengeri,Nagarbhavi,,,Not Applicable,More than permitted people in there,Not Applicable,Not Applicable,205,Not Applicable,0,,
2024-07-20 00:34:00,CNR9699773418,Success,CID296596,eBike,Cox Town,Banashankari,301.0,145.0,Not Applicable,Not Applicable,No,Not Applicable,496,UPI,11,3.5,4.8
2024-07-14 05:07:00,CNR2859526743,Success,CID447713,Mini,Majestic,BTM Layout,189.0,60.0,Not Applicable,Not Applicable,No,Not Applicable,357,Cash,32,3.5,4.7
2024-07-17 14:02:00,CNR8858656562,Canceled by Customer,CID200524,Prime Plus,RT Nagar,JP Nagar,,,Driver asked to cancel,Not Applicable,Not Applicable,Not Applicable,395,Not Applicable,0,,
2024-07-20 09:13:00,CNR5954566024,Canceled by Driver,CID670208,Bike,Jayanagar,Tumkur Road,,,Not Applicable,Personal & Car related issue,Not Applicable,Not Applicable,1813,Not Applicable,0,,
2024-07-13 08:25:00,CNR7865019864,Driver Not Found,CID996955,Prime Sedan,Rajajinagar,Richmond Town,,,Not Applicable,Not Applicable,Not Applicable,Not Applicable,209,Not Applicable,0,,
2024-07-07 18:09:00,CNR9319704803,Success,CID266372,Prime Sedan,Whitefield,Chickpet,133.0,95.0,Not Applicable,Not Applicable,No,Not Applicable,482,Cash,22,3.9,4.6
2024-07-05 09:49:00,CNR5060871621,Canceled by Driver,CID304323,Bike,Ramamurthy Nagar,Banashankari,,,Not Applicable,More than permitted people in there,Not Applicable,Not Applicable,591,Not Applicable,0,,
2024-07-12 15:17:00,CNR5205808174,Success,CID564992,Auto,KR Puram,JP Nagar,294.0,50.0,Not Applicable,Not Applicable,No,Not Applicable,948,Cash,11,4.5,4.7
2024-07-15 15:49:00,CNR2343515105,Canceled by Driver,CID153724,eBike,RT Nagar,Yeshwanthpur,,,Not Applicable,More than permitted people in there,Not Applicable,Not Applicable,427,Not Applicable,0,,
2024-07-30 08:52:00,CNR2403414747,Success,CID728846,Auto,Rajajinagar,Chamarajpet,84.0,130.0,Not Applicable,Not Applicable,No,Not Applicable,210,Cash,4,4.1,4.2
2024-07-10 04:39:00,CNR3547153428,Success,CID158221,Prime Plus,Malleshwaram,Koramangala,63.0,95.0,Not Applicable,Not Applicable,No,Not Applicable,173,UPI,40,3.1,4.5
2024-07-04 05:35:00,CNR6523907234,Success,CID617989,eBike,Nagarbhavi,Chickpet,294.0,50.0,Not Applicable,Not Applicable,No,Not Applicable,708,Cash,36,3.7,4.0
2024-07-20 05:33:00,CNR9149840781,Success,CID402076,Bike,Padmanabhanagar,Hulimavu,42.0,25.0,Not Applicable,Not Applicable,No,Not Applicable,214,Cash,42,4.6,4.3
2024-07-01 02:53:00,CNR5273637865,Success,CID737087,Auto,Hulimavu,Electronic City,280.0,40.0,Not Applicable,Not Applicable,No,Not Applicable,787,UPI,3,3.3,4.0
2024-07-17 22:24:00,CNR8673869372,Success,CID779899,Bike,Whitefield,Hebbal,189.0,95.0,Not Applicable,Not Applicable,Yes,Other Issue,337,UPI,7,4.2,3.9
2024-07-19 14:51:00,CNR5467999099,Canceled by Customer,CID787893,Bike,Chamarajpet,Majestic,,,Change of plans,Not Applicable,Not Applicable,Not Applicable,474,Not Applicable,0,,
2024-07-17 12:40:00,CNR7419563437,Success,CID361911,eBike,Whitefield,Chickpet,308.0,50.0,Not Applicable,Not Applicable,No,Not Applicable,2267,UPI,33,4.6,4.9
2024-07-03 19:00:00,CNR1451507555,Success,CID746050,Bike,Majestic,Basavanagudi,294.0,110.0,Not Applicable,Not Applicable,No,Not Applicable,396,UPI,2,3.2,3.0
2024-07-10 16:19:00,CNR9465516338,Canceled by Driver,CID705056,Prime Sedan,Shantinagar,Yelahanka,,,Not Applicable,Personal & Car related issue,Not Applicable,Not Applicable,1671,Not Applicable,0,,
2024-07-14 06:20:00,CNR8446690892,Driver Not Found,CID596565,Prime Sedan,Yelahanka,Electronic City,,,Not Applicable,Not Applicable,Not Applicable,Not Applicable,452,Not Applicable,0,,
2024-07-07 12:18:00,CNR2064388381,Success,CID580741,Bike,Hebbal,Electronic City,35.0,25.0,Not Applicable,Not Applicable,No,Not Applicable,147,Cash,33,3.9,3.8
2024-07-20 03:50:00,CNR8834187918,Driver Not Found,CID519327,eBike,Mysore Road,Ramamurthy Nagar,,,Not Applicable,Not Applicable,Not Applicable,Not Applicable,708,Not Applicable,0,,
2024-07-23 17:34:00,CNR9902066532,Canceled by Customer,CID937217,Bike,Basavanagudi,Hosur Road,,,Wrong Address,Not Applicable,Not Applicable,Not Applicable,285,Not Applicable,0,,
2024-07-19 11:34:00,CNR3193795667,Success,CID963451,Auto,Electronic City,Shivajinagar,84.0,90.0,Not Applicable,Not Applicable,No,Not Applicable,201,UPI,5,4.1,4.9
2024-07-07 04:44:00,CNR1522402999,Canceled by Driver,CID318395,Mini,Richmond Town,Marathahalli,,,Not Applicable,Personal & Car related issue,Not Applicable,Not Applicable,259,Not Applicable,0,,
2024-07-11 17:53:00,CNR1254375089,Driver Not Found,CID276510,Prime Plus,Marathahalli,Chickpet,,,Not Applicable,Not Applicable,Not Applicable,Not Applicable,379,Not Applicable,0,,
2024-07-25 12:55:00,CNR8646986980,Success,CID879080,Prime SUV,Hosur Road,Tumkur Road,294.0,125.0,Not Applicable,Not Applicable,No,Not Applicable,368,UPI,26,4.1,3.5
2024-07-06 03:50:00,CNR6200546054,Success,CID769345,Prime SUV,Majestic,Hennur,91.0,120.0,Not Applicable,Not Applicable,No,Not Applicable,551,Cash,14,3.2,3.5
2024-07-23 10:26:00,CNR4274098600,Canceled by Customer,CID329278,Auto,Hennur,Majestic,,,Change of plans,Not Applicable,Not Applicable,Not Applicable,1988,Not Applicable,0,,
2024-07-20 15:39:00,CNR3964466606,Success,CID570553,Auto,Kammanahalli,Kammanahalli,252.0,55.0,Not Applicable,Not Applicable,No,Not Applicable,2867,Cash,6,4.6,3.2
2024-07-19 02:45:00,CNR7058900760,Driver Not Found,CID671592,Bike,RT Nagar,Langford Town,,,Not Applicable,Not Applicable,Not Applicable,Not Applicable,216,Not Applicable,0,,
2024-07-11 11:13:00,CNR1167107049,Success,CID745546,Auto,Majestic,Hennur,273.0,80.0,Not Applicable,Not Applicable,No,Not Applicable,288,Cash,2,3.7,4.7
2024-07-11 01:45:00,CNR9908202011,Success,CID685034,Mini,Frazer Town,Kammanahalli,182.0,90.0,Not Applicable,Not Applicable,No,Not Applicable,229,Cash,17,3.5,4.9
2024-07-05 13:48:00,CNR6764941367,Driver Not Found,CID469089,Prime Plus,BTM Layout,Padmanabhanagar,,,Not Applicable,Not Applicable,Not Applicable,Not Applicable,239,Not Applicable,0,,
2024-07-24 07:24:00,CNR4303826190,Success,CID694874,Auto,Bannerghatta Road,Kadugodi,154.0,120.0,Not Applicable,Not Applicable,No,Not Applicable,256,UPI,8,3.0,4.4
2024-07-11 09:17:00,CNR7887254176,Success,CID195041,Prime Plus,Magadi Road,Hulimavu,266.0,125.0,Not Applicable,Not Applicable,Yes,Customer Demand,254,UPI,42,3.9,4.6
2024-07-21 10:20:00,CNR5986990553,Driver Not Found,CID754257,Auto,Varthur,JP Nagar,,,Not Applicable,Not Applicable,Not Applicable,Not Applicable,148,Not Applicable,0,,
2024-07-07 17:15:00,CNR8427933728,Success,CID111328,Auto,Yelahanka,BTM Layout,266.0,145.0,Not Applicable,Not Applicable,No,Not Applicable,775,UPI,14,3.5,3.6
2024-07-19 20:39:00,CNR1472830137,Success,CID521147,Bike,Kammanahalli,MG Road,147.0,145.0,Not Applicable,Not Applicable,No,Not Applicable,232,UPI,5,4.0,4.2
2024-07-22 08:18:00,CNR6495435658,Success,CID496719,Prime SUV,Hennur,Frazer Town,266.0,70.0,Not Applicable,Not Applicable,No,Not Applicable,259,Cash,21,3.5,4.6
2024-07-09 20:54:00,CNR4450256913,Success,CID255900,eBike,Yeshwanthpur,Koramangala,308.0,90.0,Not Applicable,Not Applicable,No,Not Applicable,487,Cash,12,3.3,4.1
2024-07-18 11:06:00,CNR9087942757,Success,CID731178,Prime Plus,Sarjapur Road,Bellandur,140.0,35.0,Not Applicable,Not Applicable,No,Not Applicable,277,UPI,32,3.4,3.1
2024-07-24 13:25:00,CNR1737407445,Canceled by Driver,CID829630,Auto,Banashankari,Bellandur,,,Not Applicable,Customer related issue,Not Applicable,Not Applicable,190,Not Applicable,0,,
2024-07-30 17:53:00,CNR9775823271,Success,CID231584,Prime Sedan,BTM Layout,Basavanagudi,273.0,125.0,Not Applicable,Not Applicable,No,Not Applicable,894,Cash,10,4.0,4.4
2024-07-14 05:04:00,CNR5900559992,Canceled by Customer,CID329418,Auto,Nagarbhavi,Sahakar Nagar,,,AC is Not working,Not Applicable,Not Applicable,Not Applicable,337,Not Applicable,0,,
2024-07-20 12:49:00,CNR4172168697,Success,CID420516,eBike,Cox Town,Basavanagudi,84.0,60.0,Not Applicable,Not Applicable,Yes,Customer Demand,983,UPI,28,3.8,3.2
2024-07-09 00:50:00,CNR6974386027,Canceled by Driver,CID773900,Prime Plus,Rajajinagar,Banashankari,,,Not Applicable,Personal & Car related issue,Not Applicable,Not Applicable,380,Not Applicable,0,,
2024-07-12 13:34:00,CNR2075186535,Success,CID698854,Bike,Tumkur Road,Bannerghatta Road,133.0,90.0,Not Applicable,Not Applicable,No,Not Applicable,136,UPI,33,3.5,3.5
2024-07-25 07:46:00,CNR6471252455,Canceled by Customer,CID419009,Bike,Magadi Road,Banashankari,,,Wrong Address,Not Applicable,Not Applicable,Not Applicable,299,Not Applicable,0,,
2024-07-18 14:12:00,CNR2337653301,Success,CID279101,Bike,Langford Town,Chickpet,112.0,55.0,Not Applicable,Not Applicable,No,Not Applicable,471,UPI,23,3.7,3.7
2024-07-04 14:08:00,CNR6267836202,Success,CID921484,Auto,Sarjapur Road,Chickpet,119.0,110.0,Not Applicable,Not Applicable,No,Not Applicable,484,Cash,3,5.0,3.6
2024-07-15 05:24:00,CNR4151880112,Success,CID727344,Prime Plus,Hosur Road,Richmond Town,35.0,130.0,Not Applicable,Not Applicable,No,Not Applicable,1879,Cash,31,4.2,4.2
2024-07-26 02:54:00,CNR2530516152,Success,CID566466,Prime Plus,MG Road,Kadugodi,126.0,40.0,Not Applicable,Not Applicable,No,Not Applicable,753,UPI,9,3.0,3.3
2024-07-05 20:34:00,CNR3320704608,Success,CID147527,Mini,Devanahalli,Kammanahalli,280.0,80.0,Not Applicable,Not Applicable,No,Not Applicable,317,Cash,17,3.8,3.9
2024-07-14 10:02:00,CNR3246821972,Success,CID463359,Prime SUV,KR Puram,Ramamurthy Nagar,217.0,60.0,Not Applicable,Not Applicable,No,Not Applicable,427,UPI,2,3.4,3.2
2024-07-30 14:40:00,CNR2361746340,Canceled by Customer,CID234824,Prime SUV,Kammanahalli,Tumkur Road,,,Driver is not moving towards pickup location,Not Applicable,Not Applicable,Not Applicable,230,Not Applicable,0,,
2024-07-30 20:34:00,CNR1109955647,Success,CID288589,Prime Sedan,Mysore Road,Koramangala,42.0,105.0,Not Applicable,Not Applicable,No,Not Applicable,343,Credit Card,9,3.8,3.2
2024-07-19 23:18:00,CNR3862499166,Success,CID680144,eBike,Majestic,Yelahanka,294.0,135.0,Not Applicable,Not Applicable,No,Not Applicable,968,UPI,27,3.9,4.5
2024-07-09 15:51:00,CNR7096299112,Canceled by Customer,CID451085,Prime Plus,Sahakar Nagar,Hosur Road,,,Change of plans,Not Applicable,Not Applicable,Not Applicable,394,Not Applicable,0,,
2024-07-04 11:52:00,CNR6544202305,Canceled by Driver,CID540320,Mini,Basavanagudi,Koramangala,,,Not Applicable,Personal & Car related issue,Not Applicable,Not Applicable,386,Not Applicable,0,,
2024-07-13 11:26:00,CNR6292621412,Success,CID373685,Prime SUV,Magadi Road,Padmanabhanagar,119.0,75.0,Not Applicable,Not Applicable,No,Not Applicable,413,Cash,46,3.2,4.0
2024-07-03 01:39:00,CNR6116009311,Canceled by Driver,CID580738,Prime SUV,Whitefield,Shantinagar,,,Not Applicable,Customer was coughing/sick,Not Applicable,Not Applicable,2423,Not Applicable,0,,
2024-07-28 02:33:00,CNR1823281896,Success,CID118156,Prime Sedan,Rajarajeshwari Nagar,Ramamurthy Nagar,168.0,135.0,Not Applicable,Not Applicable,No,Not Applicable,386,Credit Card,29,3.0,3.7
2024-07-11 00:24:00,CNR9848351131,Success,CID719939,eBike,Hennur,Sarjapur Road,126.0,105.0,Not Applicable,Not Applicable,Yes,Vehicle Breakdown,784,Cash,6,3.9,4.2
2024-07-26 13:42:00,CNR1490089352,Success,CID187823,Auto,KR Puram,Electronic City,133.0,50.0,Not Applicable,Not Applicable,No,Not Applicable,468,Cash,3,4.3,4.5
2024-07-25 00:10:00,CNR1013055241,Success,CID658200,Prime Plus,Richmond Town,HSR Layout,84.0,90.0,Not Applicable,Not Applicable,No,Not Applicable,992,Cash,49,3.0,4.5
2024-07-13 04:58:00,CNR4490714233,Success,CID925302,Mini,Cox Town,Hebbal,259.0,45.0,Not Applicable,Not Applicable,Yes,Customer Demand,625,UPI,38,4.0,4.6
2024-07-18 06:51:00,CNR4551899818,Success,CID842405,Prime SUV,Frazer Town,Chamarajpet,308.0,65.0,Not Applicable,Not Applicable,No,Not Applicable,529,Cash,48,3.9,3.1
2024-07-10 21:43:00,CNR1533324416,Canceled by Customer,CID468693,Auto,Yelahanka,Banashankari,,,Driver asked to cancel,Not Applicable,Not Applicable,Not Applicable,119,Not Applicable,0,,
2024-07-01 13:27:00,CNR9418741307,Canceled by Driver,CID472614,Prime Sedan,Chickpet,MG Road,,,Not Applicable,Personal & Car related issue,Not Applicable,Not Applicable,469,Not Applicable,0,,
2024-07-04 23:43:00,CNR1682309374,Success,CID460825,Auto,Shantinagar,Nagarbhavi,203.0,125.0,Not Applicable,Not Applicable,No,Not Applicable,271,Cash,18,4.4,3.5
2024-07-11 10:48:00,CNR8757455605,Success,CID467428,Prime SUV,Ulsoor,Hebbal,84.0,125.0,Not Applicable,Not Applicable,No,Not Applicable,258,UPI,36,4.1,4.9
2024-07-11 16:46:00,CNR7535507007,Canceled by Driver,CID126824,Bike,Koramangala,Vijayanagar,,,Not Applicable,Customer related issue,Not Applicable,Not Applicable,142,Not Applicable,0,,
2024-07-03 15:40:00,CNR7999346508,Success,CID526690,Prime Plus,Malleshwaram,Indiranagar,224.0,105.0,Not Applicable,Not Applicable,No,Not Applicable,150,Cash,27,3.4,4.0
2024-07-27 09:26:00,CNR8783869625,Success,CID648627,eBike,Rajajinagar,Kengeri,56.0,50.0,Not Applicable,Not Applicable,No,Not Applicable,340,UPI,37,4.0,3.4
2024-07-10 13:58:00,CNR2188222862,Success,CID640168,Prime SUV,Kadugodi,Marathahalli,77.0,45.0,Not Applicable,Not Applicable,No,Not Applicable,325,UPI,21,4.1,4.7
2024-07-01 09:41:00,CNR3489531844,Driver Not Found,CID787217,Bike,Chickpet,Electronic City,,,Not Applicable,Not Applicable,Not Applicable,Not Applicable,178,Not Applicable,0,,
2024-07-15 10:33:00,CNR9024628574,Driver Not Found,CID891960,Bike,Bannerghatta Road,KR Puram,,,Not Applicable,Not Applicable,Not Applicable,Not Applicable,479,Not Applicable,0,,
2024-07-12 03:14:00,CNR7096545947,Canceled by Customer,CID810264,Prime Sedan,Bellandur,Devanahalli,,,Driver asked to cancel,Not Applicable,Not Applicable,Not Applicable,2688,Not Applicable,0,,
2024-07-05 19:47:00,CNR4039027531,Success,CID827878,Bike,Shantinagar,MG Road,287.0,80.0,Not Applicable,Not Applicable,No,Not Applicable,801,Cash,47,3.9,3.6
2024-07-12 08:47:00,CNR3438586774,Success,CID512436,Prime SUV,Peenya,Koramangala,91.0,65.0,Not Applicable,Not Applicable,No,Not Applicable,244,UPI,33,3.1,3.1
2024-07-22 06:38:00,CNR4652261915,Driver Not Found,CID271961,Prime SUV,Rajarajeshwari Nagar,Padmanabhanagar,,,Not Applicable,Not Applicable,Not Applicable,Not Applicable,434,Not Applicable,0,,
2024-07-29 10:18:00,CNR7876542890,Canceled by Driver,CID140620,Prime SUV,Sarjapur Road,Kadugodi,,,Not Applicable,Personal & Car related issue,Not Applicable,Not Applicable,737,Not Applicable,0,,
2024-07-17 02:46:00,CNR6373785724,Success,CID224387,Bike,Chamarajpet,Mysore Road,70.0,130.0,Not Applicable,Not Applicable,No,Not Applicable,732,Cash,3,5.0,4.9
2024-07-20 22:15:00,CNR9957370961,Success,CID415730,Prime Plus,Bellandur,Hulimavu,217.0,115.0,Not Applicable,Not Applicable,No,Not Applicable,849,UPI,22,3.9,4.9
2024-07-25 10:27:00,CNR8312507533,Success,CID771098,eBike,HSR Layout,Tumkur Road,238.0,120.0,Not Applicable,Not Applicable,No,Not Applicable,297,Cash,38,3.1,3.5
2024-07-18 16:45:00,CNR8011504758,Canceled by Customer,CID733491,Mini,RT Nagar,RT Nagar,,,Driver asked to cancel,Not Applicable,Not Applicable,Not Applicable,695,Not Applicable,0,,
2024-07-26 21:43:00,CNR8715275932,Canceled by Driver,CID205175,Auto,Nagarbhavi,Yeshwanthpur,,,Not Applicable,Personal & Car related issue,Not Applicable,Not Applicable,258,Not Applicable,0,,
2024-07-03 05:10:00,CNR7520777968,Driver Not Found,CID758372,Bike,JP Nagar,MG Road,,,Not Applicable,Not Applicable,Not Applicable,Not Applicable,863,Not Applicable,0,,
2024-07-13 05:22:00,CNR1549621048,Driver Not Found,CID373900,eBike,Vijayanagar,KR Puram,,,Not Applicable,Not Applicable,Not Applicable,Not Applicable,116,Not Applicable,0,,
2024-07-05 00:50:00,CNR3072801759,Driver Not Found,CID234948,Prime Plus,Kadugodi,Peenya,,,Not Applicable,Not Applicable,Not Applicable,Not Applicable,292,Not Applicable,0,,
2024-07-23 20:12:00,CNR8563401446,Canceled by Customer,CID554030,Auto,Frazer Town,Ramamurthy Nagar,,,Driver is not moving towards pickup location,Not Applicable,Not Applicable,Not Applicable,240,Not Applicable,0,,
2024-07-23 03:07:00,CNR3991101676,Success,CID407062,Mini,Varthur,Rajajinagar,287.0,25.0,Not Applicable,Not Applicable,No,Not Applicable,238,Cash,38,4.3,4.2
2024-07-01 02:06:00,CNR5400165193,Success,CID581743,Bike,Varthur,Majestic,210.0,65.0,Not Applicable,Not Applicable,No,Not Applicable,626,UPI,22,4.9,4.6
2024-07-11 22:24:00,CNR5162427048,Success,CID310028,Prime Plus,Sahakar Nagar,RT Nagar,245.0,140.0,Not Applicable,Not Applicable,No,Not Applicable,309,Cash,3,4.8,3.6
2024-07-02 03:02:00,CNR1279517258,Canceled by Customer,CID242002,Mini,Richmond Town,Richmond Town,,,AC is Not working,Not Applicable,Not Applicable,Not Applicable,416,Not Applicable,0,,
2024-07-01 03:48:00,CNR6470301979,Success,CID816929,Prime Sedan,Shivajinagar,Shivajinagar,175.0,85.0,Not Applicable,Not Applicable,No,Not Applicable,370,UPI,10,3.1,3.4
2024-07-30 04:19:00,CNR1907079762,Success,CID950027,Bike,Chamarajpet,Banashankari,224.0,75.0,Not Applicable,Not Applicable,No,Not Applicable,225,UPI,28,3.1,4.1
2024-07-13 04:37:00,CNR3687796120,Canceled by Driver,CID185523,Mini,Jayanagar,Kadugodi,,,Not Applicable,Personal & Car related issue,Not Applicable,Not Applicable,156,Not Applicable,0,,
2024-07-13 08:04:00,CNR6321387502,Canceled by Driver,CID422443,Bike,Hebbal,Banashankari,,,Not Applicable,Personal & Car related issue,Not Applicable,Not Applicable,398,Not Applicable,0,,
2024-07-26 07:45:00,CNR2163720934,Canceled by Driver,CID563821,Mini,BTM Layout,Rajarajeshwari Nagar,,,Not Applicable,Customer related issue,Not Applicable,Not Applicable,302,Not Applicable,0,,
2024-07-15 20:24:00,CNR6296889369,Canceled by Customer,CID513328,Bike,Koramangala,Kengeri,,,Driver asked to cancel,Not Applicable,Not Applicable,Not Applicable,189,Not Applicable,0,,
2024-07-04 07:55:00,CNR2878171111,Success,CID778529,Prime SUV,Frazer Town,Ulsoor,301.0,30.0,Not Applicable,Not Applicable,No,Not Applicable,330,Cash,27,4.2,4.2
2024-07-22 10:29:00,CNR6601149298,Success,CID696518,Auto,Vijayanagar,Nagarbhavi,175.0,35.0,Not Applicable,Not Applicable,No,Not Applicable,214,Cash,17,4.8,4.7
2024-07-11 04:42:00,CNR5517355932,Success,CID990062,Prime Plus,Bannerghatta Road,MG Road,105.0,110.0,Not Applicable,Not Applicable,No,Not Applicable,286,Cash,47,3.2,4.5
2024-07-25 21:35:00,CNR2659225945,Success,CID413174,Auto,Magadi Road,KR Puram,140.0,85.0,Not Applicable,Not Applicable,No,Not Applicable,415,Credit Card,9,4.1,3.4
2024-07-01 21:17:00,CNR4668375181,Success,CID617122,Prime SUV,Devanahalli,Electronic City,196.0,115.0,Not Applicable,Not Applicable,No,Not Applicable,1170,UPI,9,4.1,4.7
2024-07-06 02:12:00,CNR2663486306,Success,CID891379,Bike,Hebbal,Chamarajpet,182.0,100.0,Not Applicable,Not Applicable,No,Not Applicable,370,UPI,22,4.1,3.1
2024-07-17 12:28:00,CNR7418970224,Canceled by Driver,CID644070,eBike,Hennur,Jayanagar,,,Not Applicable,Customer related issue,Not Applicable,Not Applicable,242,Not Applicable,0,,
2024-07-15 08:54:00,CNR1314906499,Success,CID170128,eBike,Ulsoor,Kammanahalli,203.0,30.0,Not Applicable,Not Applicable,No,Not Applicable,264,Cash,30,4.8,4.9
2024-07-22 12:32:00,CNR7722085710,Success,CID166316,Prime SUV,Rajajinagar,HSR Layout,273.0,140.0,Not Applicable,Not Applicable,No,Not Applicable,135,Cash,4,3.8,3.2
2024-07-21 22:54:00,CNR1087981308,Canceled by Customer,CID995444,Bike,Indiranagar,Indiranagar,,,AC is Not working,Not Applicable,Not Applicable,Not Applicable,216,Not Applicable,0,,
2024-07-01 07:01:00,CNR5342653513,Driver Not Found,CID144164,Bike,Koramangala,Shivajinagar,,,Not Applicable,Not Applicable,Not Applicable,Not Applicable,2906,Not Applicable,0,,
2024-07-17 11:55:00,CNR6019325464,Driver Not Found,CID288799,Auto,Rajajinagar,RT Nagar,,,Not Applicable,Not Applicable,Not Applicable,Not Applicable,439,Not Applicable,0,,
2024-07-18 02:14:00,CNR2931845144,Success,CID609787,Mini,BTM Layout,BTM Layout,280.0,115.0,Not Applicable,Not Applicable,No,Not Applicable,467,UPI,34,4.6,4.8
2024-07-22 00:34:00,CNR5897675004,Success,CID111303,Prime SUV,Kammanahalli,Banashankari,105.0,60.0,Not Applicable,Not Applicable,No,Not Applicable,169,Cash,15,4.0,3.3
2024-07-23 18:29:00,CNR4711764134,Success,CID964259,Bike,Marathahalli,Bannerghatta Road,259.0,135.0,Not Applicable,Not Applicable,No,Not Applicable,883,Cash,41,4.2,3.8
2024-07-01 19:28:00,CNR8597926354,Canceled by Customer,CID528746,Prime Sedan,Shantinagar,Mysore Road,,,Driver is not moving towards pickup location,Not Applicable,Not Applicable,Not Applicable,264,Not Applicable,0,,
2024-07-12 07:06:00,CNR8812701698,Success,CID600437,Mini,Basavanagudi,Rajarajeshwari Nagar,168.0,85.0,Not Applicable,Not Applicable,No,Not Applicable,102,Cash,28,4.4,3.6
2024-07-23 17:12:00,CNR1584707064,Driver Not Found,CID179128,Prime Sedan,Basavanagudi,Nagarbhavi,,,Not Applicable,Not Applicable,Not Applicable,Not Applicable,786,Not Applicable,0,,
2024-07-17 19:03:00,CNR3145376086,Success,CID979130,Mini,Chamarajpet,Rajarajeshwari Nagar,273.0,115.0,Not Applicable,Not Applicable,No,Not Applicable,469,Cash,3,3.2,3.9
2024-07-16 02:44:00,CNR8853978169,Success,CID842870,Prime Sedan,Ramamurthy Nagar,Electronic City,294.0,135.0,Not Applicable,Not Applicable,No,Not Applicable,1259,Credit Card,15,4.2,3.4
2024-07-24 08:46:00,CNR2062577383,Canceled by Customer,CID357696,Prime Plus,Koramangala,Cox Town,,,Wrong Address,Not Applicable,Not Applicable,Not Applicable,319,Not Applicable,0,,
2024-07-17 10:37:00,CNR9739170480,Success,CID335558,Mini,Nagarbhavi,Varthur,84.0,60.0,Not Applicable,Not Applicable,No,Not Applicable,325,UPI,48,4.5,3.6
2024-07-27 00:53:00,CNR2754552843,Success,CID254588,Prime Plus,Jayanagar,RT Nagar,280.0,85.0,Not Applicable,Not Applicable,No,Not Applicable,2963,UPI,26,3.6,3.3
2024-07-15 18:21:00,CNR6025991437,Success,CID798451,Auto,Rajarajeshwari Nagar,Hosur Road,217.0,25.0,Not Applicable,Not Applicable,No,Not Applicable,233,Cash,2,4.9,3.1
2024-07-15 22:49:00,CNR2025023261,Canceled by Customer,CID473327,Auto,Shivajinagar,Koramangala,,,Change of plans,Not Applicable,Not Applicable,Not Applicable,344,Not Applicable,0,,
2024-07-08 19:17:00,CNR6212044191,Driver Not Found,CID942475,eBike,Banashankari,Electronic City,,,Not Applicable,Not Applicable,Not Applicable,Not Applicable,1252,Not Applicable,0,,
2024-07-03 17:00:00,CNR6280103086,Success,CID651856,Auto,Majestic,Ulsoor,280.0,45.0,Not Applicable,Not Applicable,No,Not Applicable,300,Cash,4,3.5,3.5
2024-07-22 05:34:00,CNR3428044809,Success,CID743138,Mini,Shivajinagar,Bellandur,126.0,140.0,Not Applicable,Not Applicable,No,Not Applicable,652,Cash,9,3.1,4.2
2024-07-08 03:46:00,CNR8974504637,Success,CID685012,Prime Sedan,Bellandur,Basavanagudi,98.0,35.0,Not Applicable,Not Applicable,No,Not Applicable,270,UPI,13,3.3,3.2
2024-07-13 22:26:00,CNR5586001459,Success,CID946042,Prime Sedan,Nagarbhavi,Tumkur Road,42.0,80.0,Not Applicable,Not Applicable,No,Not Applicable,296,Cash,29,4.9,4.2
2024-07-27 02:13:00,CNR8553618921,Success,CID922637,Auto,KR Puram,Jayanagar,133.0,145.0,Not Applicable,Not Applicable,No,Not Applicable,758,UPI,14,5.0,3.0
2024-07-07 16:38:00,CNR8859760837,Success,CID507369,Bike,Magadi Road,Hosur Road,308.0,85.0,Not Applicable,Not Applicable,No,Not Applicable,418,Cash,8,3.0,3.7
2024-07-27 14:18:00,CNR4923914731,Canceled by Driver,CID529805,Mini,Bannerghatta Road,Majestic,,,Not Applicable,Personal & Car related issue,Not Applicable,Not Applicable,2379,Not Applicable,0,,
2024-07-03 03:16:00,CNR4404029242,Success,CID478516,Prime Sedan,Bannerghatta Road,Cox Town,84.0,95.0,Not Applicable,Not Applicable,No,Not Applicable,990,UPI,14,3.8,4.8
2024-07-22 22:39:00,CNR2717229168,Success,CID271786,eBike,Majestic,Banashankari,182.0,35.0,Not Applicable,Not Applicable,No,Not Applicable,225,UPI,10,3.9,3.6
2024-07-11 04:52:00,CNR8177299209,Success,CID556000,Mini,Kammanahalli,Whitefield,301.0,30.0,Not Applicable,Not Applicable,No,Not Applicable,183,Cash,43,3.9,4.5
2024-07-25 03:15:00,CNR5542671444,Success,CID191769,Mini,Mysore Road,JP Nagar,119.0,105.0,Not Applicable,Not Applicable,No,Not Applicable,243,Cash,38,3.9,4.0
2024-07-21 19:04:00,CNR6074356125,Canceled by Customer,CID690979,Prime SUV,Sarjapur Road,Vijayanagar,,,Driver is not moving towards pickup location,Not Applicable,Not Applicable,Not Applicable,470,Not Applicable,0,,
2024-07-13 22:40:00,CNR2986783285,Canceled by Driver,CID802952,Auto,Shantinagar,Marathahalli,,,Not Applicable,Customer related issue,Not Applicable,Not Applicable,254,Not Applicable,0,,
2024-07-13 13:28:00,CNR1914269026,Success,CID988498,eBike,Peenya,Yelahanka,259.0,110.0,Not Applicable,Not Applicable,No,Not Applicable,1487,UPI,6,4.1,4.5
2024-07-22 03:45:00,CNR5812275660,Success,CID405313,Prime Plus,Shivajinagar,JP Nagar,294.0,110.0,Not Applicable,Not Applicable,No,Not Applicable,128,UPI,37,3.8,3.6
2024-07-18 20:22:00,CNR9811710944,Success,CID896206,Prime SUV,Majestic,Chickpet,42.0,145.0,Not Applicable,Not Applicable,No,Not Applicable,135,Credit Card,29,3.3,3.9
2024-07-20 00:01:00,CNR2371528917,Canceled by Customer,CID565434,Prime Plus,BTM Layout,Kengeri,,,Driver asked to cancel,Not Applicable,Not Applicable,Not Applicable,450,Not Applicable,0,,
2024-07-02 14:35:00,CNR3638416947,Success,CID206109,Bike,Cox Town,Cox Town,273.0,130.0,Not Applicable,Not Applicable,No,Not Applicable,292,Cash,12,3.7,4.5
2024-07-01 07:03:00,CNR4417361815,Driver Not Found,CID536174,Prime Plus,Indiranagar,Jayanagar,,,Not Applicable,Not Applicable,Not Applicable,Not Applicable,2668,Not Applicable,0,,
2024-07-22 03:27:00,CNR9747226109,Success,CID966788,Prime Sedan,Chickpet,Indiranagar,119.0,105.0,Not Applicable,Not Applicable,No,Not Applicable,161,UPI,10,4.8,3.4
2024-07-15 20:28:00,CNR1651358470,Success,CID280664,Prime Sedan,Peenya,Cox Town,175.0,135.0,Not Applicable,Not Applicable,No,Not Applicable,348,UPI,20,4.1,4.5
2024-07-29 08:10:00,CNR9512590719,Success,CID379428,Prime SUV,Banashankari,Bellandur,168.0,45.0,Not Applicable,Not Applicable,No,Not Applicable,387,UPI,16,3.5,4.0
2024-07-16 21:09:00,CNR8740090330,Success,CID491715,Prime Sedan,Varthur,Hulimavu,182.0,135.0,Not Applicable,Not Applicable,No,Not Applicable,320,UPI,25,3.7,3.1
2024-07-19 08:40:00,CNR4331647455,Canceled by Driver,CID567829,Auto,Basavanagudi,Mysore Road,,,Not Applicable,More than permitted people in there,Not Applicable,Not Applicable,301,Not Applicable,0,,
2024-07-12 11:19:00,CNR2098843829,Success,CID697789,Prime Sedan,Ramamurthy Nagar,Banashankari,112.0,55.0,Not Applicable,Not Applicable,No,Not Applicable,456,UPI,36,4.1,5.0
2024-07-02 23:03:00,CNR3451344470,Driver Not Found,CID798467,Prime Sedan,Mysore Road,Hulimavu,,,Not Applicable,Not Applicable,Not Applicable,Not Applicable,686,Not Applicable,0,,
2024-07-17 16:19:00,CNR3809237836,Success,CID503892,Mini,Tumkur Road,Chickpet,105.0,80.0,Not Applicable,Not Applicable,No,Not Applicable,417,UPI,16,4.9,4.4
2024-07-14 06:20:00,CNR8819399758,Success,CID821180,Prime Plus,Indiranagar,Rajajinagar,203.0,85.0,Not Applicable,Not Applicable,Yes,Other Issue,243,UPI,13,3.1,3.6
2024-07-22 13:07:00,CNR6946157458,Success,CID300083,Prime Plus,Hebbal,Electronic City,84.0,115.0,Not Applicable,Not Applicable,No,Not Applicable,525,Cash,46,3.7,3.4
2024-07-26 05:35:00,CNR2938826599,Canceled by Driver,CID474414,Prime Sedan,Kadugodi,Koramangala,,,Not Applicable,Personal & Car related issue,Not Applicable,Not Applicable,685,Not Applicable,0,,
2024-07-23 02:39:00,CNR7727041509,Success,CID850737,Bike,Yelahanka,Electronic City,238.0,140.0,Not Applicable,Not Applicable,No,Not Applicable,442,Cash,44,4.0,3.1
2024-07-19 08:42:00,CNR7336204626,Success,CID963404,Prime Plus,Ramamurthy Nagar,Kammanahalli,210.0,100.0,Not Applicable,Not Applicable,No,Not Applicable,109,Cash,16,3.1,3.9
2024-07-18 23:23:00,CNR8651791825,Canceled by Customer,CID697926,Prime Plus,Hulimavu,Devanahalli,,,Driver is not moving towards pickup location,Not Applicable,Not Applicable,Not Applicable,681,Not Applicable,0,,
2024-07-04 15:38:00,CNR4041881820,Canceled by Driver,CID220432,Mini,Varthur,Indiranagar,,,Not Applicable,Customer was coughing/sick,Not Applicable,Not Applicable,432,Not Applicable,0,,
2024-07-11 00:33:00,CNR9810682839,Success,CID885272,Auto,Rajarajeshwari Nagar,Rajajinagar,154.0,50.0,Not Applicable,Not Applicable,No,Not Applicable,286,Cash,5,3.9,4.5
2024-07-24 01:22:00,CNR4869134101,Success,CID387538,Prime Sedan,Magadi Road,Sarjapur Road,175.0,30.0,Not Applicable,Not Applicable,No,Not Applicable,209,UPI,41,4.3,3.6
2024-07-03 10:56:00,CNR8517339671,Success,CID772893,Prime SUV,Indiranagar,Marathahalli,49.0,100.0,Not Applicable,Not Applicable,No,Not Applicable,424,UPI,26,4.4,4.0
2024-07-03 18:35:00,CNR8299651041,Success,CID698644,Mini,Richmond Town,MG Road,280.0,40.0,Not Applicable,Not Applicable,Yes,Customer Demand,118,Cash,26,4.7,4.1
2024-07-04 23:50:00,CNR3163472518,Driver Not Found,CID486281,Auto,Hebbal,Devanahalli,,,Not Applicable,Not Applicable,Not Applicable,Not Applicable,483,Not Applicable,0,,
2024-07-25 07:13:00,CNR8645770096,Driver Not Found,CID459615,Auto,Shantinagar,MG Road,,,Not Applicable,Not Applicable,Not Applicable,Not Applicable,490,Not Applicable,0,,
2024-07-24 15:33:00,CNR2923089970,Canceled by Driver,CID545389,Prime Sedan,Rajajinagar,Sarjapur Road,,,Not Applicable,Customer related issue,Not Applicable,Not Applicable,332,Not Applicable,0,,
2024-07-06 18:33:00,CNR3110701658,Success,CID550823,Auto,Sarjapur Road,Rajajinagar,126.0,110.0,Not Applicable,Not Applicable,No,Not Applicable,898,Credit Card,17,3.1,4.0
2024-07-20 16:39:00,CNR7755602504,Success,CID324159,Prime Sedan,Shantinagar,Kammanahalli,217.0,40.0,Not Applicable,Not Applicable,No,Not Applicable,225,UPI,25,3.1,3.7
2024-07-08 22:10:00,CNR1038482751,Success,CID922365,Prime Plus,Ulsoor,HSR Layout,266.0,90.0,Not Applicable,Not Applicable,No,Not Applicable,2465,Cash,6,4.4,4.1
2024-07-19 21:39:00,CNR8788792837,Success,CID622935,Prime Sedan,Padmanabhanagar,Langford Town,154.0,50.0,Not Applicable,Not Applicable,No,Not Applicable,1216,Cash,21,3.9,3.9
2024-07-17 22:26:00,CNR8790719007,Success,CID173625,Prime Plus,Jayanagar,Hebbal,91.0,125.0,Not Applicable,Not Applicable,No,Not Applicable,373,Cash,24,3.1,4.3
2024-07-20 21:55:00,CNR3421312573,Canceled by Driver,CID784228,Bike,Devanahalli,Chamarajpet,,,Not Applicable,Customer related issue,Not Applicable,Not Applicable,282,Not Applicable,0,,
2024-07-10 05:44:00,CNR6853051785,Success,CID644214,eBike,Magadi Road,Cox Town,112.0,55.0,Not Applicable,Not Applicable,No,Not Applicable,462,UPI,41,3.3,3.8
2024-07-30 18:35:00,CNR3867653619,Success,CID837628,Prime SUV,Devanahalli,Peenya,56.0,45.0,Not Applicable,Not Applicable,No,Not Applicable,319,UPI,41,3.6,3.2
2024-07-24 14:32:00,CNR3282382141,Canceled by Driver,CID558950,Prime SUV,Hosur Road,Langford Town,,,Not Applicable,Personal & Car related issue,Not Applicable,Not Applicable,367,Not Applicable,0,,
2024-07-01 11:51:00,CNR5424041443,Success,CID819034,eBike,Majestic,Richmond Town,119.0,35.0,Not Applicable,Not Applicable,No,Not Applicable,824,Cash,38,3.0,4.6
2024-07-02 21:00:00,CNR3786821210,Canceled by Customer,CID837616,Prime SUV,Sahakar Nagar,Kengeri,,,Driver asked to cancel,Not Applicable,Not Applicable,Not Applicable,140,Not Applicable,0,,
2024-07-24 16:57:00,CNR7020241223,Canceled by Driver,CID458319,Bike,Frazer Town,Jayanagar,,,Not Applicable,Customer was coughing/sick,Not Applicable,Not Applicable,220,Not Applicable,0,,
2024-07-16 07:01:00,CNR5348410517,Canceled by Customer,CID259650,Auto,Shantinagar,Marathahalli,,,Driver is not moving towards pickup location,Not Applicable,Not Applicable,Not Applicable,2699,Not Applicable,0,,
2024-07-05 08:26:00,CNR6958217330,Canceled by Customer,CID476869,eBike,Shantinagar,Tumkur Road,,,AC is Not working,Not Applicable,Not Applicable,Not Applicable,457,Not Applicable,0,,
2024-07-22 00:59:00,CNR8068839462,Success,CID390796,Mini,Sahakar Nagar,Mysore Road,287.0,100.0,Not Applicable,Not Applicable,Yes,Customer Demand,389,UPI,37,3.7,4.7
2024-07-20 03:06:00,CNR8705681076,Success,CID376371,Mini,HSR Layout,MG Road,224.0,110.0,Not Applicable,Not Applicable,No,Not Applicable,1687,Cash,3,5.0,3.4
2024-07-10 14:36:00,CNR5581728919,Success,CID113164,Prime Plus,Kadugodi,Vijayanagar,49.0,140.0,Not Applicable,Not Applicable,No,Not Applicable,2309,UPI,37,3.4,3.8
2024-07-06 05:35:00,CNR7874629014,Canceled by Driver,CID659597,Prime Plus,Electronic City,Ulsoor,,,Not Applicable,More than permitted people in there,Not Applicable,Not Applicable,273,Not Applicable,0,,
2024-07-04 10:06:00,CNR3655603930,Success,CID503816,Prime Sedan,Majestic,Rajajinagar,224.0,120.0,Not Applicable,Not Applicable,No,Not Applicable,375,Cash,37,4.6,3.5
2024-07-08 06:41:00,CNR7854738658,Canceled by Driver,CID624422,Auto,RT Nagar,Devanahalli,,,Not Applicable,Customer related issue,Not Applicable,Not Applicable,324,Not Applicable,0,,
2024-07-19 13:23:00,CNR5196282776,Success,CID708279,eBike,Vijayanagar,Sarjapur Road,294.0,130.0,Not Applicable,Not Applicable,No,Not Applicable,145,UPI,42,4.2,3.2
2024-07-25 16:37:00,CNR5631742511,Success,CID272106,eBike,Electronic City,Tumkur Road,49.0,95.0,Not Applicable,Not Applicable,No,Not Applicable,302,Cash,29,4.8,4.8
2024-07-03 20:08:00,CNR7422951854,Success,CID419028,Auto,MG Road,Chamarajpet,105.0,95.0,Not Applicable,Not Applicable,No,Not Applicable,351,Cash,10,4.5,4.4
2024-07-17 06:26:00,CNR9408101278,Canceled by Driver,CID913474,Prime Sedan,Chickpet,Shantinagar,,,Not Applicable,Personal & Car related issue,Not Applicable,Not Applicable,470,Not Applicable,0,,
2024-07-06 19:29:00,CNR1460492351,Driver Not Found,CID354150,Prime SUV,Tumkur Road,Devanahalli,,,Not Applicable,Not Applicable,Not Applicable,Not Applicable,108,Not Applicable,0,,
2024-07-21 18:22:00,CNR5591159392,Canceled by Customer,CID936280,Prime SUV,Majestic,KR Puram,,,Change of plans,Not Applicable,Not Applicable,Not Applicable,980,Not Applicable,0,,
2024-07-08 02:40:00,CNR5059077510,Success,CID912042,Auto,Yeshwanthpur,Peenya,175.0,55.0,Not Applicable,Not Applicable,No,Not Applicable,271,Cash,9,4.4,3.9
2024-07-06 01:30:00,CNR8876063700,Success,CID413360,Bike,Banashankari,Sarjapur Road,196.0,75.0,Not Applicable,Not Applicable,No,Not Applicable,938,Debit Card,39,4.2,3.8
2024-07-15 22:51:00,CNR9128006344,Success,CID982348,Auto,Koramangala,Hennur,154.0,35.0,Not Applicable,Not Applicable,No,Not Applicable,2281,Cash,18,3.7,4.6
2024-07-11 04:51:00,CNR2638928797,Canceled by Customer,CID777468,Prime Plus,Yelahanka,Koramangala,,,Change of plans,Not Applicable,Not Applicable,Not Applicable,331,Not Applicable,0,,
2024-07-05 15:40:00,CNR9240244364,Success,CID491525,Prime Sedan,Sarjapur Road,Jayanagar,224.0,140.0,Not Applicable,Not Applicable,No,Not Applicable,926,Cash,4,4.7,4.1
2024-07-18 16:30:00,CNR5511880218,Driver Not Found,CID111090,Prime SUV,Devanahalli,Rajarajeshwari Nagar,,,Not Applicable,Not Applicable,Not Applicable,Not Applicable,362,Not Applicable,0,,
2024-07-26 02:27:00,CNR1484307441,Success,CID493067,Auto,Marathahalli,Shantinagar,175.0,35.0,Not Applicable,Not Applicable,No,Not Applicable,215,UPI,7,3.6,3.6
2024-07-21 02:10:00,CNR9277142583,Canceled by Driver,CID829006,Bike,Sahakar Nagar,Sarjapur Road,,,Not Applicable,Customer related issue,Not Applicable,Not Applicable,979,Not Applicable,0,,
2024-07-30 22:36:00,CNR5564251558,Canceled by Customer,CID620539,Mini,Bannerghatta Road,Langford Town,,,Change of plans,Not Applicable,Not Applicable,Not Applicable,345,Not Applicable,0,,
2024-07-14 01:26:00,CNR6358418895,Success,CID447872,Bike,Jayanagar,Bannerghatta Road,301.0,115.0,Not Applicable,Not Applicable,No,Not Applicable,286,Cash,21,4.7,4.8
2024-07-01 17:22:00,CNR1681299198,Success,CID883581,Prime SUV,Magadi Road,Varthur,175.0,30.0,Not Applicable,Not Applicable,No,Not Applicable,294,UPI,5,4.6,3.8
2024-07-03 04:57:00,CNR4480393287,Success,CID747113,eBike,Rajarajeshwari Nagar,Hennur,273.0,65.0,Not Applicable,Not Applicable,No,Not Applicable,385,Cash,9,4.9,3.2
2024-07-24 17:07:00,CNR1469818118,Success,CID298222,eBike,Chickpet,HSR Layout,245.0,60.0,Not Applicable,Not Applicable,No,Not Applicable,473,Cash,5,3.8,4.5
2024-07-11 04:49:00,CNR3953130928,Success,CID858455,eBike,Frazer Town,Frazer Town,294.0,120.0,Not Applicable,Not Applicable,No,Not Applicable,337,UPI,49,4.1,3.8
2024-07-12 17:52:00,CNR3882932150,Success,CID889897,Auto,Nagarbhavi,Hennur,182.0,145.0,Not Applicable,Not Applicable,No,Not Applicable,354,Cash,13,4.5,4.2
2024-07-16 05:58:00,CNR9823468072,Success,CID385247,Prime SUV,Mysore Road,MG Road,42.0,45.0,Not Applicable,Not Applicable,No,Not Applicable,320,UPI,47,3.5,4.0
2024-07-17 00:31:00,CNR7902530734,Canceled by Driver,CID404267,Prime Sedan,Langford Town,Banashankari,,,Not Applicable,More than permitted people in there,Not Applicable,Not Applicable,235,Not Applicable,0,,
2024-07-23 18:17:00,CNR1280453874,Success,CID279491,Prime Sedan,Hebbal,Richmond Town,273.0,130.0,Not Applicable,Not Applicable,No,Not Applicable,182,Cash,20,3.5,3.9
2024-07-01 17:03:00,CNR9690450095,Success,CID410410,Mini,Padmanabhanagar,Peenya,175.0,75.0,Not Applicable,Not Applicable,No,Not Applicable,283,Cash,49,4.5,4.8
2024-07-02 21:22:00,CNR5802793674,Canceled by Driver,CID165642,Prime Plus,Vijayanagar,Bannerghatta Road,,,Not Applicable,Customer related issue,Not Applicable,Not Applicable,167,Not Applicable,0,,
2024-07-13 01:54:00,CNR2420588027,Success,CID865171,Prime SUV,Shivajinagar,Basavanagudi,259.0,115.0,Not Applicable,Not Applicable,No,Not Applicable,324,UPI,23,3.9,4.8
2024-07-03 04:00:00,CNR2869955955,Canceled by Customer,CID866166,Prime Sedan,Banashankari,Vijayanagar,,,Driver is not moving towards pickup location,Not Applicable,Not Applicable,Not Applicable,220,Not Applicable,0,,
2024-07-14 13:02:00,CNR6646231312,Success,CID350807,Prime Plus,Whitefield,Nagarbhavi,196.0,65.0,Not Applicable,Not Applicable,No,Not Applicable,296,UPI,7,4.6,4.2
2024-07-07 00:38:00,CNR7105393312,Canceled by Customer,CID183424,Auto,Yeshwanthpur,Marathahalli,,,Driver is not moving towards pickup location,Not Applicable,Not Applicable,Not Applicable,219,Not Applicable,0,,
2024-07-14 00:37:00,CNR9866910970,Success,CID247281,Prime Plus,Bellandur,Chickpet,280.0,25.0,Not Applicable,Not Applicable,No,Not Applicable,463,Cash,49,4.6,3.5
2024-07-17 05:25:00,CNR2931653259,Canceled by Customer,CID428529,Mini,Basavanagudi,Hulimavu,,,Driver is not moving towards pickup location,Not Applicable,Not Applicable,Not Applicable,439,Not Applicable,0,,
2024-07-20 11:12:00,CNR3415664253,Success,CID451168,Bike,Yelahanka,Shantinagar,175.0,140.0,Not Applicable,Not Applicable,Yes,Vehicle Breakdown,345,UPI,26,3.8,4.5
2024-07-14 09:56:00,CNR5344837351,Success,CID432626,Mini,Bannerghatta Road,Kadugodi,301.0,105.0,Not Applicable,Not Applicable,No,Not Applicable,281,Cash,7,3.4,4.9
2024-07-29 05:29:00,CNR1953400097,Canceled by Driver,CID372871,Prime SUV,Electronic City,Kengeri,,,Not Applicable,Customer was coughing/sick,Not Applicable,Not Applicable,328,Not Applicable,0,,
2024-07-28 06:26:00,CNR4446141792,Canceled by Customer,CID219706,Prime Sedan,Sahakar Nagar,Kammanahalli,,,Driver is not moving towards pickup location,Not Applicable,Not Applicable,Not Applicable,496,Not Applicable,0,,
2024-07-02 01:22:00,CNR6550623555,Success,CID203488,Mini,Jayanagar,Basavanagudi,91.0,25.0,Not Applicable,Not Applicable,No,Not Applicable,322,Cash,37,3.3,4.4
2024-07-05 07:26:00,CNR7462709539,Success,CID171370,Prime SUV,Vijayanagar,Basavanagudi,49.0,115.0,Not Applicable,Not Applicable,No,Not Applicable,765,UPI,21,4.1,3.7
2024-07-13 15:03:00,CNR5956832394,Success,CID997841,Auto,Indiranagar,Vijayanagar,301.0,115.0,Not Applicable,Not Applicable,Yes,Customer Demand,412,UPI,7,4.2,4.8
2024-07-15 00:33:00,CNR3150485755,Success,CID127276,Prime SUV,Varthur,Majestic,105.0,25.0,Not Applicable,Not Applicable,No,Not Applicable,147,UPI,32,4.0,4.4
2024-07-07 17:51:00,CNR7611280905,Success,CID203131,Prime Sedan,Yelahanka,Ulsoor,280.0,145.0,Not Applicable,Not Applicable,No,Not Applicable,290,UPI,12,4.2,4.8
2024-07-23 09:20:00,CNR9053369356,Canceled by Customer,CID675152,Prime Plus,Kammanahalli,Shivajinagar,,,AC is Not working,Not Applicable,Not Applicable,Not Applicable,904,Not Applicable,0,,
2024-07-04 19:32:00,CNR3122446174,Success,CID561922,Prime SUV,Kadugodi,Padmanabhanagar,168.0,35.0,Not Applicable,Not Applicable,No,Not Applicable,420,UPI,41,4.4,3.4
2024-07-24 06:43:00,CNR2418085943,Success,CID497162,Prime Plus,BTM Layout,Langford Town,210.0,75.0,Not Applicable,Not Applicable,No,Not Applicable,113,Cash,43,4.4,4.7
2024-07-29 00:57:00,CNR3034367262,Success,CID974456,Prime Sedan,Whitefield,Cox Town,161.0,70.0,Not Applicable,Not Applicable,Yes,Vehicle Breakdown,2175,Cash,24,4.6,3.6
2024-07-25 02:37:00,CNR1279291740,Driver Not Found,CID909585,Bike,Ramamurthy Nagar,Hulimavu,,,Not Applicable,Not Applicable,Not Applicable,Not Applicable,141,Not Applicable,0,,
2024-07-22 01:16:00,CNR7676536262,Success,CID658709,Prime SUV,Basavanagudi,Frazer Town,126.0,125.0,Not Applicable,Not Applicable,No,Not Applicable,631,UPI,28,4.7,4.4
2024-07-30 15:02:00,CNR6095207879,Success,CID704270,Bike,Shantinagar,Nagarbhavi,63.0,75.0,Not Applicable,Not Applicable,No,Not Applicable,383,UPI,42,3.9,4.9
2024-07-10 02:23:00,CNR3949422235,Driver Not Found,CID509400,Bike,Devanahalli,Indiranagar,,,Not Applicable,Not Applicable,Not Applicable,Not Applicable,117,Not Applicable,0,,
2024-07-22 07:05:00,CNR4615195155,Canceled by Driver,CID380224,Prime Plus,Chickpet,Jayanagar,,,Not Applicable,Customer was coughing/sick,Not Applicable,Not Applicable,408,Not Applicable,0,,
2024-07-07 01:32:00,CNR2734129698,Success,CID357578,eBike,Yeshwanthpur,Richmond Town,154.0,65.0,Not Applicable,Not Applicable,No,Not Applicable,360,Cash,11,4.3,3.4
2024-07-02 05:50:00,CNR8125578165,Canceled by Customer,CID715221,Auto,Hennur,Chamarajpet,,,Driver asked to cancel,Not Applicable,Not Applicable,Not Applicable,139,Not Applicable,0,,
2024-07-16 01:08:00,CNR9857477913,Success,CID935310,Bike,Sarjapur Road,Sahakar Nagar,126.0,60.0,Not Applicable,Not Applicable,No,Not Applicable,956,UPI,27,4.6,3.4
2024-07-06 00:44:00,CNR1283856811,Canceled by Driver,CID887563,Mini,Basavanagudi,Hulimavu,,,Not Applicable,Personal & Car related issue,Not Applicable,Not Applicable,238,Not Applicable,0,,
2024-07-12 08:24:00,CNR2166406737,Driver Not Found,CID244507,Prime SUV,Sahakar Nagar,BTM Layout,,,Not Applicable,Not Applicable,Not Applicable,Not Applicable,638,Not Applicable,0,,
2024-07-11 10:08:00,CNR6296464996,Driver Not Found,CID110391,Prime Sedan,Frazer Town,Marathahalli,,,Not Applicable,Not Applicable,Not Applicable,Not Applicable,535,Not Applicable,0,,
2024-07-20 01:26:00,CNR6749322055,Canceled by Driver,CID479636,Auto,Sarjapur Road,Bellandur,,,Not Applicable,Customer related issue,Not Applicable,Not Applicable,380,Not Applicable,0,,
2024-07-01 23:44:00,CNR6955467714,Success,CID467960,Bike,Electronic City,Varthur,231.0,90.0,Not Applicable,Not Applicable,No,Not Applicable,243,Cash,35,3.3,3.0
2024-07-13 01:25:00,CNR8895101476,Canceled by Driver,CID982479,Auto,HSR Layout,Vijayanagar,,,Not Applicable,Personal & Car related issue,Not Applicable,Not Applicable,459,Not Applicable,0,,
2024-07-16 06:56:00,CNR2812160843,Success,CID120829,Prime Plus,Majestic,Vijayanagar,133.0,110.0,Not Applicable,Not Applicable,No,Not Applicable,246,Cash,39,3.4,3.2
2024-07-13 22:06:00,CNR4940266864,Success,CID506411,Bike,KR Puram,Kammanahalli,301.0,130.0,Not Applicable,Not Applicable,No,Not Applicable,167,UPI,37,5.0,3.0
2024-07-15 03:51:00,CNR3165249106,Success,CID118369,eBike,Marathahalli,Basavanagudi,301.0,145.0,Not Applicable,Not Applicable,No,Not Applicable,986,Cash,44,4.2,3.7
2024-07-23 12:01:00,CNR1673050458,Driver Not Found,CID398299,Mini,Shivajinagar,Ramamurthy Nagar,,,Not Applicable,Not Applicable,Not Applicable,Not Applicable,866,Not Applicable,0,,
2024-07-12 20:50:00,CNR2535731324,Success,CID802431,Auto,Rajarajeshwari Nagar,Malleshwaram,210.0,40.0,Not Applicable,Not Applicable,No,Not Applicable,486,Cash,18,4.1,4.7
2024-07-26 14:10:00,CNR6650570625,Canceled by Customer,CID991911,eBike,Malleshwaram,MG Road,,,AC is Not working,Not Applicable,Not Applicable,Not Applicable,1512,Not Applicable,0,,
2024-07-29 21:19:00,CNR2075230132,Success,CID731898,Prime SUV,Hebbal,Rajajinagar,238.0,85.0,Not Applicable,Not Applicable,No,Not Applicable,1785,UPI,6,4.8,4.1
2024-07-20 00:08:00,CNR6133888473,Success,CID164942,eBike,Peenya,Devanahalli,280.0,110.0,Not Applicable,Not Applicable,No,Not Applicable,839,UPI,28,4.6,4.1
2024-07-08 21:05:00,CNR6250232447,Success,CID728124,Prime Plus,Hulimavu,KR Puram,161.0,120.0,Not Applicable,Not Applicable,No,Not Applicable,567,Cash,30,4.5,3.8
2024-07-01 15:52:00,CNR5854350208,Success,CID683801,eBike,Chickpet,RT Nagar,140.0,55.0,Not Applicable,Not Applicable,No,Not Applicable,109,Cash,1,4.0,4.8
2024-07-12 06:31:00,CNR9087982068,Canceled by Driver,CID286243,Prime Sedan,Basavanagudi,Electronic City,,,Not Applicable,Customer related issue,Not Applicable,Not Applicable,863,Not Applicable,0,,
2024-07-24 06:07:00,CNR1871046125,Success,CID940412,Prime SUV,Kengeri,Sarjapur Road,189.0,90.0,Not Applicable,Not Applicable,No,Not Applicable,215,Cash,47,3.8,3.7
2024-07-21 12:57:00,CNR8994728622,Success,CID468369,Mini,Hennur,MG Road,308.0,90.0,Not Applicable,Not Applicable,No,Not Applicable,442,Cash,16,4.0,3.2
2024-07-09 18:12:00,CNR7685159645,Success,CID167203,Mini,Frazer Town,Hebbal,49.0,140.0,Not Applicable,Not Applicable,No,Not Applicable,384,UPI,34,3.0,3.5
2024-07-07 22:01:00,CNR3797724361,Canceled by Customer,CID669336,Mini,Sahakar Nagar,Peenya,,,Change of plans,Not Applicable,Not Applicable,Not Applicable,877,Not Applicable,0,,
2024-07-21 12:31:00,CNR8702102891,Success,CID614106,Prime Sedan,Chickpet,Hebbal,259.0,75.0,Not Applicable,Not Applicable,No,Not Applicable,285,UPI,3,4.1,4.5
2024-07-01 18:32:00,CNR9271131611,Success,CID229327,Auto,Tumkur Road,Magadi Road,126.0,130.0,Not Applicable,Not Applicable,No,Not Applicable,450,UPI,13,4.9,4.5
2024-07-22 23:31:00,CNR7768810074,Success,CID260819,Prime Sedan,Majestic,Varthur,252.0,125.0,Not Applicable,Not Applicable,No,Not Applicable,131,Cash,3,3.7,3.4
2024-07-26 08:26:00,CNR6590611860,Success,CID405109,Auto,Electronic City,Ramamurthy Nagar,140.0,125.0,Not Applicable,Not Applicable,No,Not Applicable,436,Cash,4,4.5,4.2
2024-07-06 00:07:00,CNR2108897005,Success,CID701633,eBike,Indiranagar,Shivajinagar,84.0,115.0,Not Applicable,Not Applicable,No,Not Applicable,132,UPI,17,4.2,4.5
2024-07-01 10:50:00,CNR2144090614,Success,CID738838,eBike,Nagarbhavi,Devanahalli,175.0,120.0,Not Applicable,Not Applicable,No,Not Applicable,162,UPI,24,4.5,3.4
2024-07-06 02:16:00,CNR7539085553,Success,CID374303,Prime Plus,Rajajinagar,Peenya,70.0,110.0,Not Applicable,Not Applicable,No,Not Applicable,230,Cash,41,3.8,4.1
2024-07-10 02:10:00,CNR8830342131,Canceled by Driver,CID297552,Bike,JP Nagar,Ramamurthy Nagar,,,Not Applicable,More than permitted people in there,Not Applicable,Not Applicable,413,Not Applicable,0,,
2024-07-15 11:10:00,CNR3391905237,Success,CID847031,Prime SUV,Rajajinagar,HSR Layout,203.0,65.0,Not Applicable,Not Applicable,No,Not Applicable,440,Cash,26,4.6,4.5
2024-07-01 23:56:00,CNR6204691694,Success,CID756671,Prime Plus,Bannerghatta Road,Kengeri,168.0,120.0,Not Applicable,Not Applicable,No,Not Applicable,508,UPI,21,4.5,3.5
2024-07-04 13:35:00,CNR5278641785,Success,CID592934,Mini,Ramamurthy Nagar,BTM Layout,161.0,90.0,Not Applicable,Not Applicable,No,Not Applicable,2801,UPI,9,3.9,3.5
2024-07-27 10:21:00,CNR5814644864,Success,CID192349,Prime SUV,Hennur,Whitefield,49.0,50.0,Not Applicable,Not Applicable,No,Not Applicable,567,UPI,28,5.0,3.3
2024-07-01 07:31:00,CNR2399135366,Success,CID294459,Bike,Hosur Road,BTM Layout,182.0,90.0,Not Applicable,Not Applicable,No,Not Applicable,1456,UPI,15,4.5,3.6
2024-07-05 05:43:00,CNR5092523511,Success,CID415364,Auto,Yeshwanthpur,Rajajinagar,280.0,45.0,Not Applicable,Not Applicable,No,Not Applicable,245,Cash,19,4.8,4.7
2024-07-08 02:43:00,CNR4914463452,Success,CID323035,eBike,Sahakar Nagar,Marathahalli,280.0,70.0,Not Applicable,Not Applicable,No,Not Applicable,178,Cash,8,4.1,4.5
2024-07-21 09:58:00,CNR8380447041,Canceled by Driver,CID959510,Prime Plus,Hebbal,Kengeri,,,Not Applicable,Customer was coughing/sick,Not Applicable,Not Applicable,1094,Not Applicable,0,,
2024-07-08 20:26:00,CNR4228661085,Canceled by Customer,CID649632,Auto,Yeshwanthpur,Varthur,,,Driver asked to cancel,Not Applicable,Not Applicable,Not Applicable,312,Not Applicable,0,,
2024-07-07 06:16:00,CNR4620063752,Driver Not Found,CID954850,Prime SUV,Yeshwanthpur,Whitefield,,,Not Applicable,Not Applicable,Not Applicable,Not Applicable,422,Not Applicable,0,,
2024-07-02 10:16:00,CNR1812791057,Canceled by Driver,CID530718,Mini,Majestic,Richmond Town,,,Not Applicable,More than permitted people in there,Not Applicable,Not Applicable,158,Not Applicable,0,,
2024-07-29 21:55:00,CNR9784716815,Success,CID480205,Mini,Rajarajeshwari Nagar,Basavanagudi,35.0,115.0,Not Applicable,Not Applicable,No,Not Applicable,212,UPI,28,4.3,4.1
2024-07-10 16:10:00,CNR4369438093,Success,CID698073,eBike,Devanahalli,Sarjapur Road,203.0,145.0,Not Applicable,Not Applicable,No,Not Applicable,790,Credit Card,12,3.6,4.5
2024-07-06 20:17:00,CNR6612394713,Canceled by Customer,CID613540,Auto,Sahakar Nagar,Majestic,,,Driver asked to cancel,Not Applicable,Not Applicable,Not Applicable,106,Not Applicable,0,,
2024-07-04 01:13:00,CNR1669929617,Canceled by Driver,CID196150,Auto,Mysore Road,HSR Layout,,,Not Applicable,Personal & Car related issue,Not Applicable,Not Applicable,321,Not Applicable,0,,
2024-07-22 23:54:00,CNR4273123959,Success,CID196561,Bike,KR Puram,Hennur,210.0,35.0,Not Applicable,Not Applicable,No,Not Applicable,2741,Credit Card,45,3.4,5.0
2024-07-18 09:26:00,CNR1696706830,Success,CID157778,Mini,Bannerghatta Road,Kammanahalli,301.0,125.0,Not Applicable,Not Applicable,No,Not Applicable,949,UPI,4,4.4,4.7
2024-07-16 18:48:00,CNR4594362494,Canceled by Customer,CID918517,Auto,RT Nagar,Shivajinagar,,,Driver asked to cancel,Not Applicable,Not Applicable,Not Applicable,523,Not Applicable,0,,
2024-07-30 12:25:00,CNR9843628385,Success,CID555581,Prime Plus,Nagarbhavi,Kengeri,182.0,130.0,Not Applicable,Not Applicable,No,Not Applicable,130,UPI,11,3.6,3.6
2024-07-18 22:32:00,CNR6250191663,Success,CID465376,eBike,Bellandur,Rajajinagar,252.0,35.0,Not Applicable,Not Applicable,No,Not Applicable,364,UPI,4,4.6,4.2
2024-07-16 05:53:00,CNR1552364263,Success,CID315790,Prime SUV,KR Puram,Ramamurthy Nagar,203.0,135.0,Not Applicable,Not Applicable,No,Not Applicable,584,UPI,26,3.1,4.0
2024-07-06 12:26:00,CNR9004059185,Canceled by Driver,CID480307,Bike,Koramangala,Rajajinagar,,,Not Applicable,Personal & Car related issue,Not Applicable,Not Applicable,281,Not Applicable,0,,
2024-07-16 00:37:00,CNR7652459866,Success,CID735958,Prime Plus,Kadugodi,Bannerghatta Road,196.0,90.0,Not Applicable,Not Applicable,No,Not Applicable,309,UPI,10,4.9,3.5
2024-07-05 20:27:00,CNR9230962984,Success,CID536893,Prime Sedan,Rajajinagar,Shantinagar,112.0,130.0,Not Applicable,Not Applicable,No,Not Applicable,2264,Credit Card,23,4.4,4.5
2024-07-15 14:26:00,CNR3419433369,Canceled by Driver,CID103610,eBike,Bellandur,Vijayanagar,,,Not Applicable,Customer related issue,Not Applicable,Not Applicable,2654,Not Applicable,0,,
2024-07-30 23:17:00,CNR4147125358,Success,CID779532,Bike,KR Puram,Kammanahalli,119.0,100.0,Not Applicable,Not Applicable,No,Not Applicable,566,UPI,22,4.8,3.7
2024-07-30 19:58:00,CNR6336546087,Success,CID766424,Mini,Nagarbhavi,Electronic City,308.0,50.0,Not Applicable,Not Applicable,No,Not Applicable,156,Cash,24,3.9,4.0
2024-07-19 23:34:00,CNR4991690716,Success,CID357946,Mini,Shantinagar,Nagarbhavi,252.0,30.0,Not Applicable,Not Applicable,No,Not Applicable,958,Cash,11,3.2,3.7
2024-07-02 21:54:00,CNR1175053669,Success,CID345649,Bike,Devanahalli,Tumkur Road,308.0,135.0,Not Applicable,Not Applicable,No,Not Applicable,512,Cash,5,5.0,4.2
2024-07-10 22:00:00,CNR1203596111,Canceled by Driver,CID178328,Prime Plus,Ulsoor,Bellandur,,,Not Applicable,Customer related issue,Not Applicable,Not Applicable,110,Not Applicable,0,,
2024-07-22 07:06:00,CNR2173118469,Success,CID716218,Mini,Vijayanagar,Cox Town,287.0,25.0,Not Applicable,Not Applicable,No,Not Applicable,1810,Cash,1,3.9,4.8
2024-07-29 11:32:00,CNR3297012394,Success,CID636204,Prime Plus,Marathahalli,Shantinagar,231.0,55.0,Not Applicable,Not Applicable,No,Not Applicable,459,UPI,28,3.4,3.7
2024-07-09 22:38:00,CNR2954017081,Success,CID764810,Prime Plus,Shantinagar,Rajarajeshwari Nagar,238.0,115.0,Not Applicable,Not Applicable,No,Not Applicable,777,Cash,23,3.9,4.7
2024-07-03 08:24:00,CNR9575770828,Success,CID297554,Auto,Hulimavu,MG Road,112.0,100.0,Not Applicable,Not Applicable,No,Not Applicable,346,UPI,12,3.3,3.0
2024-07-22 10:17:00,CNR3889881340,Canceled by Driver,CID117160,eBike,Varthur,HSR Layout,,,Not Applicable,Personal & Car related issue,Not Applicable,Not Applicable,229,Not Applicable,0,,
2024-07-05 17:23:00,CNR9832810894,Success,CID287426,Mini,Bannerghatta Road,Yelahanka,182.0,75.0,Not Applicable,Not Applicable,No,Not Applicable,148,Cash,31,4.5,3.7
2024-07-25 04:05:00,CNR6975045945,Success,CID934190,Prime Sedan,Bellandur,Ulsoor,280.0,70.0,Not Applicable,Not Applicable,No,Not Applicable,133,Cash,46,3.3,4.2
2024-07-19 21:12:00,CNR5061694293,Success,CID441966,Mini,Kadugodi,Frazer Town,252.0,110.0,Not Applicable,Not Applicable,No,Not Applicable,348,Cash,14,4.9,4.6
2024-07-16 22:36:00,CNR7769692189,Canceled by Customer,CID430234,Bike,Chamarajpet,JP Nagar,,,AC is Not working,Not Applicable,Not Applicable,Not Applicable,158,Not Applicable,0,,
2024-07-16 08:50:00,CNR9213615551,Success,CID169062,Prime Sedan,Chamarajpet,Banashankari,112.0,90.0,Not Applicable,Not Applicable,No,Not Applicable,241,UPI,13,4.2,3.3
2024-07-04 07:54:00,CNR4546979143,Success,CID403672,Prime Sedan,Malleshwaram,Mysore Road,252.0,40.0,Not Applicable,Not Applicable,No,Not Applicable,188,Cash,42,4.3,3.5
2024-07-20 17:51:00,CNR4121196873,Success,CID806372,eBike,Koramangala,Hulimavu,161.0,145.0,Not Applicable,Not Applicable,No,Not Applicable,163,Cash,17,4.8,4.3
2024-07-11 21:48:00,CNR1046586372,Driver Not Found,CID431189,Prime Sedan,Koramangala,RT Nagar,,,Not Applicable,Not Applicable,Not Applicable,Not Applicable,284,Not Applicable,0,,
2024-07-17 15:09:00,CNR1895661413,Success,CID780636,Prime Sedan,Kammanahalli,Kadugodi,224.0,145.0,Not Applicable,Not Applicable,No,Not Applicable,137,Cash,29,4.6,3.3
2024-07-13 03:44:00,CNR7313891770,Canceled by Driver,CID251874,Prime Plus,Tumkur Road,Richmond Town,,,Not Applicable,More than permitted people in there,Not Applicable,Not Applicable,679,Not Applicable,0,,
2024-07-13 19:15:00,CNR9309562681,Canceled by Customer,CID831557,Auto,Banashankari,Magadi Road,,,Driver is not moving towards pickup location,Not Applicable,Not Applicable,Not Applicable,1165,Not Applicable,0,,
2024-07-07 04:54:00,CNR7727526174,Success,CID852696,Prime Sedan,Rajajinagar,MG Road,84.0,110.0,Not Applicable,Not Applicable,No,Not Applicable,702,Cash,43,4.9,3.0
2024-07-15 21:18:00,CNR6948473862,Success,CID237826,eBike,Hennur,JP Nagar,168.0,45.0,Not Applicable,Not Applicable,No,Not Applicable,497,Cash,21,3.0,3.7
2024-07-11 17:35:00,CNR8406688353,Canceled by Customer,CID910687,Bike,Kammanahalli,Frazer Town,,,Driver is not moving towards pickup location,Not Applicable,Not Applicable,Not Applicable,210,Not Applicable,0,,
2024-07-17 23:27:00,CNR3982837523,Success,CID931787,Auto,Bellandur,Hennur,189.0,55.0,Not Applicable,Not Applicable,No,Not Applicable,403,Cash,1,3.7,3.8
2024-07-29 23:54:00,CNR7416089045,Success,CID533074,Auto,Hosur Road,Jayanagar,224.0,100.0,Not Applicable,Not Applicable,No,Not Applicable,442,Cash,19,3.4,4.8
2024-07-21 07:23:00,CNR1830804397,Success,CID614861,Auto,Sarjapur Road,Chamarajpet,217.0,145.0,Not Applicable,Not Applicable,No,Not Applicable,385,UPI,18,5.0,3.8
2024-07-18 00:42:00,CNR8502727214,Canceled by Customer,CID681289,Mini,Yelahanka,Malleshwaram,,,Change of plans,Not Applicable,Not Applicable,Not Applicable,415,Not Applicable,0,,
2024-07-16 16:37:00,CNR7842036809,Driver Not Found,CID601145,eBike,Kengeri,Magadi Road,,,Not Applicable,Not Applicable,Not Applicable,Not Applicable,360,Not Applicable,0,,
2024-07-26 22:33:00,CNR7370531325,Canceled by Customer,CID897741,Prime SUV,BTM Layout,Hosur Road,,,Driver asked to cancel,Not Applicable,Not Applicable,Not Applicable,542,Not Applicable,0,,
2024-07-03 03:16:00,CNR6744468937,Success,CID292686,Auto,Whitefield,Koramangala,147.0,70.0,Not Applicable,Not Applicable,No,Not Applicable,198,Cash,18,4.6,4.9
2024-07-23 15:27:00,CNR7294261924,Canceled by Driver,CID687737,Prime Plus,Shivajinagar,Whitefield,,,Not Applicable,Customer was coughing/sick,Not Applicable,Not Applicable,382,Not Applicable,0,,
2024-07-27 09:10:00,CNR7748498528,Success,CID295569,Prime Plus,HSR Layout,Yelahanka,105.0,85.0,Not Applicable,Not Applicable,No,Not Applicable,555,UPI,13,4.5,3.4
2024-07-20 07:39:00,CNR4094809148,Success,CID700482,Bike,Tumkur Road,Langford Town,63.0,35.0,Not Applicable,Not Applicable,No,Not Applicable,228,UPI,29,3.8,3.4
2024-07-01 08:46:00,CNR4363880091,Success,CID722489,Bike,Vijayanagar,Koramangala,287.0,25.0,Not Applicable,Not Applicable,No,Not Applicable,838,Cash,1,4.4,3.1
2024-07-22 22:17:00,CNR1249652780,Success,CID154204,Mini,Devanahalli,Shantinagar,294.0,50.0,Not Applicable,Not Applicable,No,Not Applicable,452,Cash,24,4.4,4.1
2024-07-18 04:03:00,CNR2086362711,Canceled by Customer,CID410344,Mini,Sarjapur Road,Sarjapur Road,,,Wrong Address,Not Applicable,Not Applicable,Not Applicable,2400,Not Applicable,0,,
2024-07-28 12:41:00,CNR3797185879,Driver Not Found,CID862253,Mini,Tumkur Road,Ramamurthy Nagar,,,Not Applicable,Not Applicable,Not Applicable,Not Applicable,443,Not Applicable,0,,
2024-07-19 05:39:00,CNR5148782417,Success,CID997581,eBike,Peenya,Chamarajpet,154.0,135.0,Not Applicable,Not Applicable,No,Not Applicable,473,Debit Card,23,4.9,3.3
2024-07-14 02:27:00,CNR6034115562,Success,CID520221,Mini,Ulsoor,Banashankari,266.0,105.0,Not Applicable,Not Applicable,No,Not Applicable,2158,UPI,27,4.2,3.3
2024-07-27 10:41:00,CNR1329624324,Canceled by Customer,CID950202,Prime Plus,Padmanabhanagar,MG Road,,,Driver asked to cancel,Not Applicable,Not Applicable,Not Applicable,321,Not Applicable,0,,
2024-07-09 03:34:00,CNR5911180828,Success,CID853101,Prime Plus,Rajarajeshwari Nagar,BTM Layout,308.0,35.0,Not Applicable,Not Applicable,No,Not Applicable,265,Cash,39,4.0,5.0
2024-07-28 18:56:00,CNR7001907347,Success,CID577318,eBike,Cox Town,Chickpet,245.0,65.0,Not Applicable,Not Applicable,No,Not Applicable,253,Cash,27,3.4,4.8
2024-07-14 20:11:00,CNR3423444261,Driver Not Found,CID690409,Auto,Vijayanagar,Yelahanka,,,Not Applicable,Not Applicable,Not Applicable,Not Applicable,362,Not Applicable,0,,
2024-07-26 09:31:00,CNR6223698678,Canceled by Customer,CID452826,Prime Plus,Chickpet,Frazer Town,,,AC is Not working,Not Applicable,Not Applicable,Not Applicable,310,Not Applicable,0,,
2024-07-21 04:00:00,CNR5624695782,Canceled by Driver,CID505026,Bike,Padmanabhanagar,Rajarajeshwari Nagar,,,Not Applicable,Customer was coughing/sick,Not Applicable,Not Applicable,459,Not Applicable,0,,
2024-07-25 13:31:00,CNR7554552023,Success,CID251052,Prime Plus,Chamarajpet,Ramamurthy Nagar,133.0,40.0,Not Applicable,Not Applicable,No,Not Applicable,425,UPI,7,5.0,3.5
2024-07-23 04:53:00,CNR6584397392,Canceled by Driver,CID120446,Mini,Kadugodi,Cox Town,,,Not Applicable,Personal & Car related issue,Not Applicable,Not Applicable,434,Not Applicable,0,,
2024-07-16 11:38:00,CNR2028885548,Success,CID284496,Prime Plus,BTM Layout,Ulsoor,140.0,145.0,Not Applicable,Not Applicable,No,Not Applicable,166,Cash,38,4.1,3.9
2024-07-03 04:05:00,CNR3704691745,Success,CID345613,eBike,HSR Layout,Richmond Town,203.0,70.0,Not Applicable,Not Applicable,No,Not Applicable,398,Cash,16,3.5,3.6
2024-07-03 06:46:00,CNR8980403690,Success,CID201949,Auto,Ulsoor,Koramangala,224.0,110.0,Not Applicable,Not Applicable,No,Not Applicable,2366,Cash,4,5.0,4.9
2024-07-04 01:35:00,CNR9890807833,Success,CID478350,Bike,Kadugodi,Banashankari,266.0,60.0,Not Applicable,Not Applicable,No,Not Applicable,187,Cash,4,3.4,3.2
2024-07-11 07:27:00,CNR5058259636,Success,CID541939,Auto,BTM Layout,Magadi Road,126.0,70.0,Not Applicable,Not Applicable,No,Not Applicable,186,UPI,3,3.6,4.8
2024-07-02 00:00:00,CNR2324219488,Success,CID855779,Bike,Nagarbhavi,Banashankari,140.0,60.0,Not Applicable,Not Applicable,No,Not Applicable,664,Cash,35,5.0,3.4
2024-07-04 00:49:00,CNR6623376407,Success,CID907610,Mini,Chamarajpet,Ramamurthy Nagar,245.0,25.0,Not Applicable,Not Applicable,No,Not Applicable,201,Cash,24,4.6,3.4
2024-07-27 21:21:00,CNR1965004565,Success,CID709099,Mini,JP Nagar,Rajarajeshwari Nagar,168.0,115.0,Not Applicable,Not Applicable,No,Not Applicable,366,UPI,4,3.2,3.3
2024-07-28 18:19:00,CNR3320945631,Canceled by Customer,CID668657,Prime Plus,Yeshwanthpur,Hebbal,,,Driver is not moving towards pickup location,Not Applicable,Not Applicable,Not Applicable,205,Not Applicable,0,,
2024-07-06 00:53:00,CNR9534466698,Success,CID774847,Prime SUV,Varthur,Mysore Road,252.0,80.0,Not Applicable,Not Applicable,No,Not Applicable,263,Cash,32,4.2,4.5
2024-07-12 08:27:00,CNR2262647031,Canceled by Driver,CID336583,Prime Plus,Yeshwanthpur,Whitefield,,,Not Applicable,Customer was coughing/sick,Not Applicable,Not Applicable,374,Not Applicable,0,,
2024-07-15 01:13:00,CNR6885208734,Canceled by Customer,CID130823,Prime SUV,Hulimavu,Whitefield,,,AC is Not working,Not Applicable,Not Applicable,Not Applicable,482,Not Applicable,0,,
2024-07-26 20:07:00,CNR1585823210,Success,CID981983,Mini,Nagarbhavi,Whitefield,63.0,80.0,Not Applicable,Not Applicable,No,Not Applicable,403,UPI,40,4.1,4.4
2024-07-18 10:09:00,CNR5391910655,Success,CID895217,eBike,Cox Town,Rajarajeshwari Nagar,210.0,110.0,Not Applicable,Not Applicable,No,Not Applicable,410,Cash,41,3.7,4.1
2024-07-19 14:24:00,CNR6616968930,Success,CID187238,Bike,Jayanagar,RT Nagar,140.0,90.0,Not Applicable,Not Applicable,No,Not Applicable,332,Cash,35,3.5,5.0
2024-07-14 09:16:00,CNR2561343045,Success,CID606577,Mini,Rajarajeshwari Nagar,RT Nagar,252.0,40.0,Not Applicable,Not Applicable,No,Not Applicable,409,Cash,21,4.1,3.1
2024-07-17 15:59:00,CNR1662280849,Success,CID299650,Prime Plus,Sarjapur Road,Nagarbhavi,301.0,105.0,Not Applicable,Not Applicable,No,Not Applicable,329,Cash,15,4.2,3.0
2024-07-13 09:39:00,CNR6507486370,Canceled by Driver,CID320445,Prime SUV,Sahakar Nagar,Chickpet,,,Not Applicable,Customer was coughing/sick,Not Applicable,Not Applicable,467,Not Applicable,0,,
2024-07-21 21:38:00,CNR1412022279,Success,CID562880,Prime Plus,Electronic City,Electronic City,196.0,75.0,Not Applicable,Not Applicable,No,Not Applicable,133,UPI,12,5.0,3.9
2024-07-13 09:06:00,CNR2990253478,Success,CID416229,Auto,Hebbal,HSR Layout,140.0,95.0,Not Applicable,Not Applicable,No,Not Applicable,315,UPI,13,3.5,4.6
2024-07-11 05:30:00,CNR7929966409,Success,CID227252,Prime Plus,Rajarajeshwari Nagar,Devanahalli,133.0,120.0,Not Applicable,Not Applicable,No,Not Applicable,327,Cash,25,4.3,3.7
2024-07-14 08:38:00,CNR9244366130,Success,CID660757,Bike,Kengeri,Rajajinagar,70.0,100.0,Not Applicable,Not Applicable,No,Not Applicable,104,Cash,17,3.5,4.3
2024-07-13 03:41:00,CNR8274670818,Success,CID651994,Prime SUV,Majestic,KR Puram,161.0,125.0,Not Applicable,Not Applicable,No,Not Applicable,348,Cash,36,3.8,3.1
2024-07-15 05:59:00,CNR3428871912,Canceled by Driver,CID296864,Prime Plus,Shivajinagar,Hulimavu,,,Not Applicable,Customer related issue,Not Applicable,Not Applicable,381,Not Applicable,0,,
2024-07-01 00:03:00,CNR3610392570,Success,CID569014,eBike,JP Nagar,Sarjapur Road,196.0,60.0,Not Applicable,Not Applicable,Yes,Customer Demand,120,Credit Card,26,3.1,4.4
2024-07-04 16:56:00,CNR3906106158,Success,CID180655,Mini,Hulimavu,Sahakar Nagar,203.0,35.0,Not Applicable,Not Applicable,No,Not Applicable,908,Cash,7,3.0,3.4
2024-07-21 20:59:00,CNR2819420122,Success,CID138392,Prime SUV,Hosur Road,Bellandur,56.0,130.0,Not Applicable,Not Applicable,No,Not Applicable,999,UPI,30,3.2,4.6
2024-07-19 14:17:00,CNR8763507886,Canceled by Driver,CID941199,Prime Sedan,Tumkur Road,Marathahalli,,,Not Applicable,More than permitted people in there,Not Applicable,Not Applicable,516,Not Applicable,0,,
2024-07-18 04:55:00,CNR2273364618,Canceled by Driver,CID507760,Prime Sedan,Electronic City,Varthur,,,Not Applicable,More than permitted people in there,Not Applicable,Not Applicable,465,Not Applicable,0,,
2024-07-12 11:32:00,CNR9787687154,Success,CID868218,eBike,Indiranagar,MG Road,161.0,25.0,Not Applicable,Not Applicable,No,Not Applicable,223,Cash,24,4.8,3.2
2024-07-12 02:51:00,CNR9014110347,Success,CID719516,Prime Sedan,HSR Layout,Cox Town,217.0,85.0,Not Applicable,Not Applicable,No,Not Applicable,2018,UPI,41,4.0,4.9
2024-07-06 07:24:00,CNR8573276689,Canceled by Customer,CID506148,Prime SUV,Chickpet,RT Nagar,,,Wrong Address,Not Applicable,Not Applicable,Not Applicable,416,Not Applicable,0,,
2024-07-25 07:56:00,CNR3950024104,Driver Not Found,CID937967,Prime Sedan,Hulimavu,HSR Layout,,,Not Applicable,Not Applicable,Not Applicable,Not Applicable,855,Not Applicable,0,,
2024-07-14 15:56:00,CNR2904885026,Success,CID591094,Mini,Shivajinagar,Langford Town,287.0,45.0,Not Applicable,Not Applicable,No,Not Applicable,252,Cash,39,4.4,5.0
2024-07-06 03:21:00,CNR5597708432,Canceled by Driver,CID753809,Mini,Kadugodi,Bellandur,,,Not Applicable,Customer related issue,Not Applicable,Not Applicable,113,Not Applicable,0,,
2024-07-17 14:30:00,CNR6151941724,Success,CID786253,Prime Plus,Devanahalli,Padmanabhanagar,245.0,85.0,Not Applicable,Not Applicable,No,Not Applicable,186,UPI,43,3.8,4.8
2024-07-29 08:43:00,CNR8139751288,Success,CID339784,Prime Sedan,Cox Town,Richmond Town,119.0,75.0,Not Applicable,Not Applicable,No,Not Applicable,219,Cash,28,3.2,4.6
2024-07-18 01:24:00,CNR3339755731,Driver Not Found,CID585702,eBike,Hebbal,KR Puram,,,Not Applicable,Not Applicable,Not Applicable,Not Applicable,764,Not Applicable,0,,
2024-07-06 04:15:00,CNR4011912695,Success,CID957900,eBike,Chickpet,Koramangala,147.0,140.0,Not Applicable,Not Applicable,No,Not Applicable,915,Credit Card,6,4.4,3.3
2024-07-06 12:55:00,CNR3715558202,Success,CID309336,Auto,Shantinagar,Koramangala,266.0,115.0,Not Applicable,Not Applicable,No,Not Applicable,719,Cash,15,4.7,4.8
2024-07-25 18:39:00,CNR1379389476,Success,CID966600,Prime Sedan,Sarjapur Road,Hebbal,210.0,80.0,Not Applicable,Not Applicable,No,Not Applicable,253,Cash,40,4.8,4.5
2024-07-24 22:07:00,CNR2784061430,Success,CID306147,Prime Sedan,Marathahalli,Yelahanka,210.0,65.0,Not Applicable,Not Applicable,No,Not Applicable,876,UPI,14,3.0,3.7
2024-07-08 10:17:00,CNR5005852939,Success,CID108434,Prime Plus,Bellandur,Shivajinagar,147.0,90.0,Not Applicable,Not Applicable,No,Not Applicable,463,UPI,17,4.7,4.3
2024-07-08 23:00:00,CNR1533973926,Success,CID749455,Prime Plus,MG Road,Cox Town,112.0,110.0,Not Applicable,Not Applicable,No,Not Applicable,212,Cash,48,4.0,4.5
2024-07-30 20:31:00,CNR9551875517,Canceled by Driver,CID337446,Auto,Rajajinagar,Hulimavu,,,Not Applicable,Customer was coughing/sick,Not Applicable,Not Applicable,363,Not Applicable,0,,
2024-07-04 23:17:00,CNR7568533031,Success,CID618613,Mini,Basavanagudi,Yelahanka,98.0,55.0,Not Applicable,Not Applicable,No,Not Applicable,295,UPI,40,4.3,3.2
2024-07-24 07:43:00,CNR8287937499,Success,CID433190,Auto,BTM Layout,KR Puram,301.0,90.0,Not Applicable,Not Applicable,No,Not Applicable,113,UPI,13,3.7,4.3
2024-07-26 20:03:00,CNR1359116763,Driver Not Found,CID513594,Mini,Indiranagar,Mysore Road,,,Not Applicable,Not Applicable,Not Applicable,Not Applicable,2739,Not Applicable,0,,
2024-07-04 04:08:00,CNR4312019383,Canceled by Customer,CID947956,Mini,Chamarajpet,Mysore Road,,,Wrong Address,Not Applicable,Not Applicable,Not Applicable,2061,Not Applicable,0,,
2024-07-14 19:28:00,CNR2272354290,Success,CID134323,Auto,Richmond Town,Magadi Road,231.0,65.0,Not Applicable,Not Applicable,No,Not Applicable,271,UPI,11,3.2,4.5
2024-07-26 13:05:00,CNR9257997362,Success,CID259547,Prime SUV,Indiranagar,Chamarajpet,168.0,120.0,Not Applicable,Not Applicable,No,Not Applicable,213,Cash,35,4.2,3.3
2024-07-11 02:16:00,CNR1628980891,Canceled by Customer,CID230933,Prime Sedan,Frazer Town,Ramamurthy Nagar,,,Driver is not moving towards pickup location,Not Applicable,Not Applicable,Not Applicable,367,Not Applicable,0,,
2024-07-09 21:15:00,CNR6301912986,Success,CID666332,Prime Sedan,Vijayanagar,Nagarbhavi,224.0,55.0,Not Applicable,Not Applicable,Yes,Customer Demand,818,Cash,48,3.6,3.7
2024-07-22 03:24:00,CNR4050071106,Canceled by Driver,CID889221,Prime Sedan,Nagarbhavi,Sahakar Nagar,,,Not Applicable,Personal & Car related issue,Not Applicable,Not Applicable,1805,Not Applicable,0,,
2024-07-11 08:57:00,CNR1382949918,Success,CID999838,Prime SUV,KR Puram,Hosur Road,189.0,35.0,Not Applicable,Not Applicable,No,Not Applicable,257,UPI,1,4.7,4.4
2024-07-22 10:19:00,CNR2183972839,Success,CID865889,Prime Plus,Ramamurthy Nagar,Devanahalli,266.0,65.0,Not Applicable,Not Applicable,Yes,Other Issue,504,Cash,44,3.7,4.6
2024-07-28 19:08:00,CNR2676915647,Success,CID812283,Auto,Rajajinagar,HSR Layout,252.0,70.0,Not Applicable,Not Applicable,No,Not Applicable,162,Cash,16,4.4,4.1
2024-07-21 15:13:00,CNR6991648322,Canceled by Customer,CID515427,eBike,Bannerghatta Road,Malleshwaram,,,Driver is not moving towards pickup location,Not Applicable,Not Applicable,Not Applicable,193,Not Applicable,0,,
2024-07-02 13:12:00,CNR5552919971,Driver Not Found,CID800943,Prime Plus,Sarjapur Road,Basavanagudi,,,Not Applicable,Not Applicable,Not Applicable,Not Applicable,286,Not Applicable,0,,
2024-07-15 19:44:00,CNR5427424701,Success,CID564932,eBike,Kengeri,Marathahalli,35.0,90.0,Not Applicable,Not Applicable,No,Not Applicable,176,Cash,21,4.1,4.8
2024-07-06 20:47:00,CNR6351261226,Success,CID629443,Mini,Kadugodi,MG Road,154.0,85.0,Not Applicable,Not Applicable,No,Not Applicable,554,UPI,8,4.7,3.2
2024-07-14 05:11:00,CNR6536966938,Canceled by Customer,CID530494,Prime SUV,Hosur Road,Hulimavu,,,Driver is not moving towards pickup location,Not Applicable,Not Applicable,Not Applicable,118,Not Applicable,0,,
2024-07-24 21:26:00,CNR9007449246,Success,CID472634,Bike,Hennur,Malleshwaram,203.0,25.0,Not Applicable,Not Applicable,No,Not Applicable,378,Cash,49,4.7,3.1
2024-07-01 16:47:00,CNR8363987774,Success,CID613290,Auto,RT Nagar,Sahakar Nagar,224.0,70.0,Not Applicable,Not Applicable,No,Not Applicable,351,Cash,17,3.5,4.8
2024-07-05 16:29:00,CNR7352467998,Success,CID922102,Prime Plus,Jayanagar,Peenya,84.0,35.0,Not Applicable,Not Applicable,No,Not Applicable,195,Cash,35,4.4,4.9
2024-07-23 08:55:00,CNR3475407647,Success,CID458687,eBike,Ramamurthy Nagar,Magadi Road,70.0,115.0,Not Applicable,Not Applicable,No,Not Applicable,295,Cash,36,3.9,3.7
2024-07-05 17:42:00,CNR6006207201,Success,CID766383,Auto,HSR Layout,KR Puram,266.0,140.0,Not Applicable,Not Applicable,No,Not Applicable,951,UPI,9,3.4,4.9
2024-07-11 23:34:00,CNR9413081757,Success,CID761533,Prime SUV,BTM Layout,Rajarajeshwari Nagar,133.0,35.0,Not Applicable,Not Applicable,No,Not Applicable,168,Credit Card,42,4.8,4.4
2024-07-12 20:19:00,CNR4623804184,Success,CID937231,Mini,Basavanagudi,MG Road,119.0,120.0,Not Applicable,Not Applicable,No,Not Applicable,261,Cash,35,3.6,3.1
2024-07-07 15:26:00,CNR9292850287,Canceled by Driver,CID587127,Prime Sedan,Banashankari,Marathahalli,,,Not Applicable,Customer was coughing/sick,Not Applicable,Not Applicable,863,Not Applicable,0,,
2024-07-14 08:15:00,CNR8491467278,Canceled by Customer,CID878528,Prime Plus,Kadugodi,Jayanagar,,,Driver asked to cancel,Not Applicable,Not Applicable,Not Applicable,491,Not Applicable,0,,
2024-07-22 13:01:00,CNR4151115071,Canceled by Customer,CID748712,Prime Sedan,Yelahanka,Kammanahalli,,,Driver is not moving towards pickup location,Not Applicable,Not Applicable,Not Applicable,156,Not Applicable,0,,
2024-07-20 20:35:00,CNR7002295902,Success,CID515070,Mini,Shivajinagar,Chickpet,266.0,90.0,Not Applicable,Not Applicable,No,Not Applicable,482,UPI,5,4.7,3.6
2024-07-26 16:35:00,CNR6723606403,Success,CID413057,Bike,Devanahalli,Jayanagar,56.0,70.0,Not Applicable,Not Applicable,No,Not Applicable,198,Cash,10,3.1,4.8
2024-07-05 01:29:00,CNR6287062732,Canceled by Driver,CID186252,Bike,Hebbal,Sahakar Nagar,,,Not Applicable,Customer related issue,Not Applicable,Not Applicable,2319,Not Applicable,0,,
2024-07-01 21:05:00,CNR9578391900,Canceled by Driver,CID160543,eBike,Langford Town,Basavanagudi,,,Not Applicable,Personal & Car related issue,Not Applicable,Not Applicable,496,Not Applicable,0,,
2024-07-07 02:54:00,CNR4157417445,Success,CID475724,Bike,Devanahalli,Rajarajeshwari Nagar,49.0,40.0,Not Applicable,Not Applicable,No,Not Applicable,192,Cash,4,4.1,3.7
2024-07-25 20:28:00,CNR8285577127,Success,CID910011,Prime Sedan,Sarjapur Road,Cox Town,98.0,70.0,Not Applicable,Not Applicable,No,Not Applicable,169,Cash,42,5.0,3.9
2024-07-13 21:40:00,CNR7008862933,Success,CID506233,Prime SUV,Shivajinagar,Devanahalli,168.0,125.0,Not Applicable,Not Applicable,No,Not Applicable,236,Cash,12,3.2,3.7
2024-07-04 09:29:00,CNR3727111239,Canceled by Driver,CID268538,Mini,Yelahanka,Nagarbhavi,,,Not Applicable,Personal & Car related issue,Not Applicable,Not Applicable,494,Not Applicable,0,,
2024-07-09 06:07:00,CNR3482120971,Success,CID357255,Prime Sedan,Kengeri,Tumkur Road,77.0,125.0,Not Applicable,Not Applicable,No,Not Applicable,198,Cash,12,4.6,3.4
2024-07-24 04:13:00,CNR3543396123,Success,CID498588,Prime SUV,Jayanagar,Kammanahalli,49.0,115.0,Not Applicable,Not Applicable,Yes,Vehicle Breakdown,115,UPI,4,4.5,3.9
2024-07-18 10:14:00,CNR9160876038,Success,CID169450,Prime Plus,Yeshwanthpur,Hosur Road,259.0,120.0,Not Applicable,Not Applicable,No,Not Applicable,223,UPI,3,4.0,3.7
2024-07-17 10:13:00,CNR6689322774,Canceled by Customer,CID137297,Prime Sedan,Hennur,Devanahalli,,,AC is Not working,Not Applicable,Not Applicable,Not Applicable,212,Not Applicable,0,,
2024-07-01 12:20:00,CNR8468251176,Canceled by Driver,CID423837,Auto,Jayanagar,BTM Layout,,,Not Applicable,Customer related issue,Not Applicable,Not Applicable,245,Not Applicable,0,,
2024-07-20 06:44:00,CNR4216882896,Canceled by Driver,CID208547,Prime SUV,Jayanagar,Yelahanka,,,Not Applicable,Personal & Car related issue,Not Applicable,Not Applicable,464,Not Applicable,0,,
2024-07-09 10:10:00,CNR3564238822,Canceled by Driver,CID289057,Prime SUV,Chamarajpet,Vijayanagar,,,Not Applicable,More than permitted people in there,Not Applicable,Not Applicable,141,Not Applicable,0,,
2024-07-15 14:53:00,CNR3636642798,Canceled by Driver,CID595345,eBike,Rajarajeshwari Nagar,Frazer Town,,,Not Applicable,Customer related issue,Not Applicable,Not Applicable,138,Not Applicable,0,,
2024-07-28 17:28:00,CNR5640207234,Success,CID862053,Prime Plus,Kadugodi,Ramamurthy Nagar,308.0,70.0,Not Applicable,Not Applicable,Yes,Customer Demand,155,UPI,45,3.1,4.4
2024-07-18 11:07:00,CNR8264768134,Canceled by Driver,CID711124,Auto,Jayanagar,Malleshwaram,,,Not Applicable,Personal & Car related issue,Not Applicable,Not Applicable,230,Not Applicable,0,,
2024-07-12 11:51:00,CNR4957226689,Canceled by Driver,CID720270,Prime Plus,Yelahanka,Sarjapur Road,,,Not Applicable,Personal & Car related issue,Not Applicable,Not Applicable,273,Not Applicable,0,,
2024-07-29 03:41:00,CNR3968220006,Success,CID708648,Auto,JP Nagar,Devanahalli,77.0,125.0,Not Applicable,Not Applicable,No,Not Applicable,303,Cash,13,3.5,3.2
2024-07-27 17:04:00,CNR4660833211,Success,CID312331,Prime Sedan,BTM Layout,Sarjapur Road,98.0,95.0,Not Applicable,Not Applicable,Yes,Vehicle Breakdown,1037,Cash,21,3.8,3.6
2024-07-19 09:59:00,CNR2102952681,Driver Not Found,CID608441,Prime Sedan,Kammanahalli,Kengeri,,,Not Applicable,Not Applicable,Not Applicable,Not Applicable,213,Not Applicable,0,,
2024-07-13 09:50:00,CNR6651566058,Success,CID328305,Prime Sedan,Hebbal,Whitefield,105.0,45.0,Not Applicable,Not Applicable,No,Not Applicable,380,Cash,19,3.3,3.5
2024-07-11 19:58:00,CNR2144171347,Success,CID304107,eBike,Vijayanagar,Yeshwanthpur,189.0,140.0,Not Applicable,Not Applicable,No,Not Applicable,465,Cash,39,4.1,4.2
2024-07-08 00:57:00,CNR7006659184,Success,CID685233,Bike,Kammanahalli,Chamarajpet,196.0,95.0,Not Applicable,Not Applicable,No,Not Applicable,333,Cash,34,4.8,5.0
2024-07-22 04:36:00,CNR6390697428,Driver Not Found,CID223825,Bike,Chamarajpet,BTM Layout,,,Not Applicable,Not Applicable,Not Applicable,Not Applicable,1869,Not Applicable,0,,
2024-07-25 21:33:00,CNR9939969327,Success,CID492450,Bike,Basavanagudi,Jayanagar,42.0,115.0,Not Applicable,Not Applicable,No,Not Applicable,895,UPI,42,4.4,3.7
2024-07-22 11:14:00,CNR5991000008,Success,CID523981,Prime Plus,Cox Town,RT Nagar,168.0,120.0,Not Applicable,Not Applicable,No,Not Applicable,196,UPI,8,5.0,3.1
2024-07-11 20:48:00,CNR7163874704,Canceled by Driver,CID968747,eBike,Bellandur,Vijayanagar,,,Not Applicable,More than permitted people in there,Not Applicable,Not Applicable,809,Not Applicable,0,,
2024-07-11 07:39:00,CNR9140857277,Success,CID350536,Bike,BTM Layout,Peenya,238.0,85.0,Not Applicable,Not Applicable,No,Not Applicable,644,UPI,35,4.9,3.1
2024-07-14 08:43:00,CNR2595060088,Success,CID346304,Mini,Marathahalli,RT Nagar,210.0,75.0,Not Applicable,Not Applicable,No,Not Applicable,107,UPI,49,3.7,3.6
2024-07-11 18:42:00,CNR3112663719,Canceled by Driver,CID790303,Mini,Rajarajeshwari Nagar,Varthur,,,Not Applicable,Personal & Car related issue,Not Applicable,Not Applicable,494,Not Applicable,0,,
2024-07-16 03:31:00,CNR4797475797,Success,CID418810,Auto,Indiranagar,Cox Town,203.0,105.0,Not Applicable,Not Applicable,No,Not Applicable,474,Credit Card,1,4.4,3.9
2024-07-09 19:15:00,CNR8385222659,Success,CID830937,Mini,Magadi Road,Yelahanka,98.0,65.0,Not Applicable,Not Applicable,No,Not Applicable,937,Cash,24,4.0,3.4
2024-07-24 14:32:00,CNR2778211577,Success,CID175364,Bike,BTM Layout,HSR Layout,168.0,70.0,Not Applicable,Not Applicable,No,Not Applicable,452,UPI,11,4.3,4.0
2024-07-25 13:25:00,CNR2905157250,Success,CID507002,Prime Sedan,KR Puram,MG Road,196.0,130.0,Not Applicable,Not Applicable,No,Not Applicable,372,Cash,39,4.6,4.0
2024-07-06 08:52:00,CNR6528981603,Success,CID268451,Auto,RT Nagar,Bellandur,238.0,35.0,Not Applicable,Not Applicable,No,Not Applicable,285,UPI,19,3.2,4.8
2024-07-28 12:27:00,CNR2954282815,Success,CID928311,Auto,MG Road,Sarjapur Road,301.0,60.0,Not Applicable,Not Applicable,No,Not Applicable,307,UPI,13,3.2,4.6
2024-07-01 13:07:00,CNR1427593062,Success,CID776379,Bike,Indiranagar,Hosur Road,175.0,80.0,Not Applicable,Not Applicable,No,Not Applicable,346,UPI,47,3.1,3.6
2024-07-07 14:17:00,CNR6936559065,Driver Not Found,CID811138,Bike,Chickpet,Tumkur Road,,,Not Applicable,Not Applicable,Not Applicable,Not Applicable,884,Not Applicable,0,,
2024-07-29 17:34:00,CNR4459703468,Driver Not Found,CID512847,Mini,Ulsoor,HSR Layout,,,Not Applicable,Not Applicable,Not Applicable,Not Applicable,369,Not Applicable,0,,
2024-07-15 13:58:00,CNR5328712039,Success,CID158200,Prime Plus,KR Puram,Shivajinagar,70.0,115.0,Not Applicable,Not Applicable,No,Not Applicable,227,Cash,7,4.4,3.4
2024-07-24 04:26:00,CNR6470739415,Canceled by Customer,CID805286,Auto,MG Road,Magadi Road,,,AC is Not working,Not Applicable,Not Applicable,Not Applicable,374,Not Applicable,0,,
2024-07-20 23:12:00,CNR6792592313,Success,CID686985,eBike,Nagarbhavi,Yelahanka,280.0,50.0,Not Applicable,Not Applicable,No,Not Applicable,467,Cash,42,3.1,4.7
2024-07-06 19:27:00,CNR9850162520,Canceled by Driver,CID331647,Prime Sedan,Langford Town,Peenya,,,Not Applicable,More than permitted people in there,Not Applicable,Not Applicable,455,Not Applicable,0,,
2024-07-12 14:56:00,CNR9215877639,Success,CID264888,eBike,Whitefield,Cox Town,161.0,115.0,Not Applicable,Not Applicable,No,Not Applicable,697,UPI,2,4.5,4.1
2024-07-15 01:11:00,CNR9694147830,Canceled by Driver,CID695637,Prime SUV,Indiranagar,Shantinagar,,,Not Applicable,Personal & Car related issue,Not Applicable,Not Applicable,741,Not Applicable,0,,
2024-07-24 00:18:00,CNR9122433783,Success,CID547105,Prime Sedan,Padmanabhanagar,Basavanagudi,273.0,100.0,Not Applicable,Not Applicable,No,Not Applicable,481,Cash,49,3.7,3.2
2024-07-01 09:28:00,CNR1327803370,Canceled by Driver,CID568675,eBike,Hulimavu,Devanahalli,,,Not Applicable,Customer related issue,Not Applicable,Not Applicable,495,Not Applicable,0,,
2024-07-09 22:34:00,CNR9533663855,Success,CID970670,Auto,Bannerghatta Road,Electronic City,210.0,140.0,Not Applicable,Not Applicable,No,Not Applicable,326,Cash,4,3.8,3.5
2024-07-30 03:14:00,CNR5151279764,Canceled by Driver,CID522348,Bike,Nagarbhavi,Chickpet,,,Not Applicable,Customer was coughing/sick,Not Applicable,Not Applicable,114,Not Applicable,0,,
2024-07-30 10:23:00,CNR9076008559,Canceled by Customer,CID989897,eBike,Marathahalli,Tumkur Road,,,AC is Not working,Not Applicable,Not Applicable,Not Applicable,245,Not Applicable,0,,
2024-07-20 20:22:00,CNR1840932260,Success,CID223516,Mini,Majestic,Hennur,224.0,130.0,Not Applicable,Not Applicable,No,Not Applicable,238,UPI,47,4.2,3.5
2024-07-25 02:54:00,CNR1446289057,Canceled by Driver,CID342867,Auto,Whitefield,Ramamurthy Nagar,,,Not Applicable,Personal & Car related issue,Not Applicable,Not Applicable,290,Not Applicable,0,,
2024-07-01 03:06:00,CNR3277658897,Driver Not Found,CID454543,Prime SUV,Nagarbhavi,Marathahalli,,,Not Applicable,Not Applicable,Not Applicable,Not Applicable,961,Not Applicable,0,,
2024-07-24 13:05:00,CNR8441647550,Success,CID654893,Prime SUV,Cox Town,Sarjapur Road,294.0,145.0,Not Applicable,Not Applicable,Yes,Other Issue,223,UPI,9,3.8,4.1
2024-07-29 13:32:00,CNR4886490322,Success,CID195803,eBike,Chickpet,Sarjapur Road,294.0,80.0,Not Applicable,Not Applicable,No,Not Applicable,904,Cash,40,3.2,3.8
2024-07-04 12:44:00,CNR5727466276,Canceled by Driver,CID470397,Bike,Hosur Road,Marathahalli,,,Not Applicable,Customer was coughing/sick,Not Applicable,Not Applicable,577,Not Applicable,0,,
2024-07-19 12:32:00,CNR8843167246,Success,CID834887,Prime Plus,Richmond Town,Richmond Town,84.0,130.0,Not Applicable,Not Applicable,No,Not Applicable,181,Cash,16,4.6,4.3
2024-07-10 02:29:00,CNR2639272704,Canceled by Driver,CID542525,Auto,Vijayanagar,Yeshwanthpur,,,Not Applicable,More than permitted people in there,Not Applicable,Not Applicable,2929,Not Applicable,0,,
2024-07-30 07:26:00,CNR4692366234,Canceled by Customer,CID286900,Mini,MG Road,Malleshwaram,,,Change of plans,Not Applicable,Not Applicable,Not Applicable,604,Not Applicable,0,,
2024-07-19 19:22:00,CNR9467026719,Canceled by Customer,CID793841,Mini,RT Nagar,Tumkur Road,,,Driver is not moving towards pickup location,Not Applicable,Not Applicable,Not Applicable,793,Not Applicable,0,,
2024-07-11 19:53:00,CNR1273331990,Success,CID723047,Prime Plus,Kengeri,MG Road,182.0,110.0,Not Applicable,Not Applicable,No,Not Applicable,226,UPI,14,3.6,3.2
2024-07-02 02:08:00,CNR7311762276,Success,CID813278,Bike,Cox Town,Langford Town,287.0,50.0,Not Applicable,Not Applicable,No,Not Applicable,619,UPI,26,3.6,4.8
2024-07-05 03:37:00,CNR4084055598,Success,CID637481,eBike,BTM Layout,Hulimavu,182.0,40.0,Not Applicable,Not Applicable,Yes,Vehicle Breakdown,296,Cash,39,4.3,4.4
2024-07-12 12:56:00,CNR7899634503,Success,CID859831,Bike,Devanahalli,Padmanabhanagar,196.0,35.0,Not Applicable,Not Applicable,No,Not Applicable,416,UPI,5,4.8,4.4
2024-07-28 15:30:00,CNR8837806404,Driver Not Found,CID101687,Prime Sedan,Ramamurthy Nagar,HSR Layout,,,Not Applicable,Not Applicable,Not Applicable,Not Applicable,653,Not Applicable,0,,
2024-07-28 06:13:00,CNR6917525811,Success,CID937419,eBike,Rajarajeshwari Nagar,Whitefield,203.0,60.0,Not Applicable,Not Applicable,No,Not Applicable,1496,Cash,32,3.1,3.1
2024-07-30 01:15:00,CNR2491288574,Canceled by Driver,CID724235,Prime SUV,Frazer Town,Chamarajpet,,,Not Applicable,More than permitted people in there,Not Applicable,Not Applicable,350,Not Applicable,0,,
2024-07-23 11:32:00,CNR2400014771,Success,CID480137,Prime Sedan,Sarjapur Road,Kengeri,231.0,90.0,Not Applicable,Not Applicable,No,Not Applicable,637,UPI,13,4.9,3.9
2024-07-09 12:35:00,CNR7838210977,Success,CID715716,Prime SUV,Bellandur,JP Nagar,77.0,25.0,Not Applicable,Not Applicable,No,Not Applicable,267,Cash,45,3.1,3.2
2024-07-06 08:45:00,CNR2690939372,Success,CID558611,Prime SUV,Shantinagar,Whitefield,210.0,115.0,Not Applicable,Not Applicable,No,Not Applicable,573,Cash,26,4.8,3.6
2024-07-03 23:25:00,CNR8332454692,Success,CID899247,Auto,Sarjapur Road,Ramamurthy Nagar,77.0,135.0,Not Applicable,Not Applicable,No,Not Applicable,1114,UPI,5,4.4,4.8
2024-07-14 06:20:00,CNR9081072279,Success,CID311198,eBike,Hulimavu,BTM Layout,287.0,30.0,Not Applicable,Not Applicable,No,Not Applicable,652,Cash,31,4.6,4.7
2024-07-02 16:21:00,CNR3743032601,Success,CID588520,Mini,Whitefield,Kadugodi,77.0,90.0,Not Applicable,Not Applicable,No,Not Applicable,301,Cash,32,4.6,4.6
2024-07-16 15:47:00,CNR1581206413,Success,CID223249,Prime Plus,Vijayanagar,Hosur Road,56.0,25.0,Not Applicable,Not Applicable,No,Not Applicable,742,Cash,11,3.0,3.6
2024-07-05 16:43:00,CNR2043937532,Success,CID826533,Prime SUV,RT Nagar,KR Puram,168.0,85.0,Not Applicable,Not Applicable,No,Not Applicable,438,Cash,2,3.6,3.0
2024-07-22 09:57:00,CNR9416153309,Success,CID891635,Mini,Majestic,Marathahalli,182.0,110.0,Not Applicable,Not Applicable,No,Not Applicable,730,Cash,41,3.8,3.8
2024-07-16 00:02:00,CNR7687968508,Driver Not Found,CID693746,Bike,Tumkur Road,Rajarajeshwari Nagar,,,Not Applicable,Not Applicable,Not Applicable,Not Applicable,329,Not Applicable,0,,
2024-07-02 05:34:00,CNR7086752853,Success,CID529874,Prime Plus,Electronic City,Tumkur Road,175.0,45.0,Not Applicable,Not Applicable,No,Not Applicable,373,Cash,23,4.2,4.8
2024-07-17 08:12:00,CNR4894647106,Success,CID783312,Auto,Sahakar Nagar,JP Nagar,140.0,135.0,Not Applicable,Not Applicable,No,Not Applicable,659,Cash,2,3.4,4.2
2024-07-16 19:14:00,CNR9603683388,Driver Not Found,CID813626,Mini,Ramamurthy Nagar,Cox Town,,,Not Applicable,Not Applicable,Not Applicable,Not Applicable,185,Not Applicable,0,,
2024-07-20 02:09:00,CNR1705809550,Success,CID103225,Bike,Kengeri,Bannerghatta Road,98.0,75.0,Not Applicable,Not Applicable,No,Not Applicable,829,UPI,30,3.9,4.8
2024-07-11 20:42:00,CNR8682559096,Success,CID490801,Prime Plus,Rajarajeshwari Nagar,Chickpet,154.0,45.0,Not Applicable,Not Applicable,No,Not Applicable,1219,Cash,27,5.0,3.0
2024-07-02 06:27:00,CNR1401460353,Canceled by Customer,CID280444,Prime Plus,Basavanagudi,Yelahanka,,,AC is Not working,Not Applicable,Not Applicable,Not Applicable,355,Not Applicable,0,,
2024-07-15 10:14:00,CNR9481984921,Success,CID859731,Prime SUV,Peenya,Chamarajpet,154.0,100.0,Not Applicable,Not Applicable,No,Not Applicable,2315,Cash,31,4.7,3.5
2024-07-13 14:08:00,CNR4160760910,Success,CID262441,Prime Sedan,Tumkur Road,Malleshwaram,98.0,70.0,Not Applicable,Not Applicable,No,Not Applicable,367,Cash,1,3.2,4.3
2024-07-08 20:01:00,CNR2235574366,Success,CID834501,Bike,Ulsoor,Sahakar Nagar,238.0,130.0,Not Applicable,Not Applicable,No,Not Applicable,300,UPI,29,3.5,4.3
2024-07-16 00:56:00,CNR4128380703,Success,CID286151,Auto,Kengeri,Bannerghatta Road,224.0,105.0,Not Applicable,Not Applicable,No,Not Applicable,329,Cash,6,4.6,3.1
2024-07-04 00:45:00,CNR4883839081,Success,CID256170,Mini,Rajajinagar,Devanahalli,49.0,30.0,Not Applicable,Not Applicable,No,Not Applicable,501,Cash,20,3.7,3.6
2024-07-13 14:37:00,CNR1034730255,Canceled by Driver,CID372876,Prime SUV,Banashankari,Hulimavu,,,Not Applicable,Personal & Car related issue,Not Applicable,Not Applicable,262,Not Applicable,0,,
2024-07-03 15:21:00,CNR6175713971,Driver Not Found,CID406349,Prime Sedan,Jayanagar,Indiranagar,,,Not Applicable,Not Applicable,Not Applicable,Not Applicable,457,Not Applicable,0,,
2024-07-10 12:08:00,CNR8945965055,Success,CID257396,Bike,Yelahanka,Rajajinagar,119.0,30.0,Not Applicable,Not Applicable,No,Not Applicable,1699,UPI,9,4.5,4.1
2024-07-05 14:45:00,CNR1817516905,Success,CID126142,Prime Plus,Devanahalli,HSR Layout,119.0,60.0,Not Applicable,Not Applicable,No,Not Applicable,219,Cash,43,3.9,3.1
2024-07-28 01:01:00,CNR9218351830,Canceled by Driver,CID795464,Prime Sedan,Chamarajpet,Bannerghatta Road,,,Not Applicable,Personal & Car related issue,Not Applicable,Not Applicable,2019,Not Applicable,0,,
2024-07-29 23:51:00,CNR4634254985,Canceled by Driver,CID986667,eBike,Sarjapur Road,Tumkur Road,,,Not Applicable,Customer related issue,Not Applicable,Not Applicable,389,Not Applicable,0,,
2024-07-10 03:31:00,CNR5845256049,Driver Not Found,CID464720,Auto,Bellandur,Malleshwaram,,,Not Applicable,Not Applicable,Not Applicable,Not Applicable,462,Not Applicable,0,,
2024-07-20 12:16:00,CNR8902386680,Driver Not Found,CID554877,Bike,Devanahalli,Majestic,,,Not Applicable,Not Applicable,Not Applicable,Not Applicable,254,Not Applicable,0,,
2024-07-08 07:01:00,CNR7561645467,Driver Not Found,CID670070,Prime SUV,Peenya,Padmanabhanagar,,,Not Applicable,Not Applicable,Not Applicable,Not Applicable,684,Not Applicable,0,,
2024-07-07 13:53:00,CNR8403152139,Success,CID607722,Bike,Shivajinagar,Sarjapur Road,280.0,30.0,Not Applicable,Not Applicable,No,Not Applicable,228,Cash,48,3.4,4.0
2024-07-14 09:05:00,CNR2747210931,Success,CID534845,Prime Plus,Jayanagar,Malleshwaram,168.0,50.0,Not Applicable,Not Applicable,No,Not Applicable,352,UPI,24,4.3,4.6
2024-07-05 22:14:00,CNR9265721049,Success,CID352966,eBike,Magadi Road,Hosur Road,196.0,75.0,Not Applicable,Not Applicable,Yes,Other Issue,789,UPI,34,3.4,4.8
2024-07-01 14:49:00,CNR6237809723,Success,CID538113,Bike,Sarjapur Road,Koramangala,154.0,110.0,Not Applicable,Not Applicable,No,Not Applicable,531,UPI,18,5.0,3.6
2024-07-03 09:45:00,CNR5777900353,Success,CID769599,Prime Sedan,Banashankari,Hennur,70.0,125.0,Not Applicable,Not Applicable,No,Not Applicable,130,Cash,17,4.4,4.6
2024-07-24 19:55:00,CNR3994616798,Success,CID701603,Prime Plus,Devanahalli,Langford Town,154.0,135.0,Not Applicable,Not Applicable,No,Not Applicable,609,Cash,35,3.1,4.4
2024-07-16 09:19:00,CNR1180151153,Driver Not Found,CID584549,Bike,Nagarbhavi,Whitefield,,,Not Applicable,Not Applicable,Not Applicable,Not Applicable,890,Not Applicable,0,,
2024-07-03 21:20:00,CNR9724956560,Canceled by Driver,CID342707,Mini,Chamarajpet,BTM Layout,,,Not Applicable,Customer was coughing/sick,Not Applicable,Not Applicable,254,Not Applicable,0,,
2024-07-15 11:30:00,CNR5541081234,Canceled by Customer,CID190020,Auto,Hosur Road,BTM Layout,,,Driver is not moving towards pickup location,Not Applicable,Not Applicable,Not Applicable,437,Not Applicable,0,,
2024-07-10 19:39:00,CNR6924100129,Success,CID117123,Prime Plus,Majestic,Ulsoor,112.0,95.0,Not Applicable,Not Applicable,No,Not Applicable,214,Cash,37,5.0,4.8
2024-07-20 01:11:00,CNR7574595616,Success,CID191216,Prime Plus,Koramangala,Shivajinagar,140.0,65.0,Not Applicable,Not Applicable,No,Not Applicable,208,Cash,13,4.2,3.5
2024-07-16 14:56:00,CNR6295998043,Success,CID546969,Bike,Padmanabhanagar,Chickpet,217.0,100.0,Not Applicable,Not Applicable,No,Not Applicable,250,Cash,36,4.4,4.8
2024-07-13 13:12:00,CNR6595227213,Success,CID917176,Prime Sedan,Rajarajeshwari Nagar,Hennur,294.0,115.0,Not Applicable,Not Applicable,No,Not Applicable,1824,UPI,31,4.8,4.4
2024-07-07 21:24:00,CNR9992612495,Success,CID939742,Auto,Frazer Town,Jayanagar,105.0,120.0,Not Applicable,Not Applicable,Yes,Vehicle Breakdown,658,Cash,10,4.4,4.3
2024-07-07 04:06:00,CNR8150044280,Driver Not Found,CID283771,Prime Sedan,Koramangala,Varthur,,,Not Applicable,Not Applicable,Not Applicable,Not Applicable,390,Not Applicable,0,,
2024-07-21 01:34:00,CNR2250962017,Success,CID589405,Auto,Ramamurthy Nagar,Kadugodi,133.0,65.0,Not Applicable,Not Applicable,No,Not Applicable,812,Cash,14,5.0,3.6
2024-07-07 10:26:00,CNR2849445673,Success,CID178779,eBike,Sahakar Nagar,Bannerghatta Road,63.0,140.0,Not Applicable,Not Applicable,No,Not Applicable,791,Credit Card,37,3.7,3.9
2024-07-02 19:13:00,CNR3839755990,Success,CID539990,Bike,Basavanagudi,Devanahalli,77.0,105.0,Not Applicable,Not Applicable,No,Not Applicable,344,Cash,25,3.6,4.3
2024-07-11 10:53:00,CNR9316666954,Success,CID447495,Prime SUV,Shantinagar,Peenya,56.0,115.0,Not Applicable,Not Applicable,No,Not Applicable,1347,Cash,7,3.7,3.8
2024-07-23 18:48:00,CNR8067134309,Success,CID672302,Bike,Shivajinagar,KR Puram,154.0,145.0,Not Applicable,Not Applicable,No,Not Applicable,386,UPI,28,4.7,3.4
2024-07-28 04:30:00,CNR9861458144,Driver Not Found,CID977805,Bike,Jayanagar,Ramamurthy Nagar,,,Not Applicable,Not Applicable,Not Applicable,Not Applicable,483,Not Applicable,0,,
2024-07-17 14:07:00,CNR5677379740,Canceled by Driver,CID350754,Prime Plus,Varthur,Cox Town,,,Not Applicable,Customer related issue,Not Applicable,Not Applicable,2587,Not Applicable,0,,
2024-07-02 10:23:00,CNR7559507005,Success,CID458189,Prime Sedan,Cox Town,Hebbal,224.0,95.0,Not Applicable,Not Applicable,No,Not Applicable,996,Cash,49,3.4,4.3
2024-07-22 04:38:00,CNR9672511746,Canceled by Customer,CID251451,Prime Sedan,Indiranagar,Rajarajeshwari Nagar,,,AC is Not working,Not Applicable,Not Applicable,Not Applicable,164,Not Applicable,0,,
2024-07-18 02:44:00,CNR1070132410,Canceled by Customer,CID718782,eBike,Kengeri,Peenya,,,Wrong Address,Not Applicable,Not Applicable,Not Applicable,938,Not Applicable,0,,
2024-07-23 19:50:00,CNR7711497073,Success,CID422832,eBike,Ulsoor,Richmond Town,217.0,95.0,Not Applicable,Not Applicable,Yes,Vehicle Breakdown,820,UPI,22,4.9,3.2
2024-07-21 02:22:00,CNR6104737188,Success,CID221875,Bike,Majestic,Electronic City,203.0,105.0,Not Applicable,Not Applicable,No,Not Applicable,250,UPI,38,4.7,4.0
2024-07-25 21:31:00,CNR4816531502,Success,CID506703,Mini,RT Nagar,BTM Layout,70.0,55.0,Not Applicable,Not Applicable,No,Not Applicable,357,Cash,13,3.1,3.3
2024-07-10 21:47:00,CNR7729669323,Success,CID193263,Bike,Mysore Road,Koramangala,266.0,45.0,Not Applicable,Not Applicable,No,Not Applicable,259,UPI,29,3.1,3.7
2024-07-18 09:23:00,CNR5289000825,Success,CID821036,eBike,BTM Layout,Varthur,175.0,135.0,Not Applicable,Not Applicable,No,Not Applicable,2293,UPI,10,4.2,4.3
2024-07-07 07:35:00,CNR7815556733,Success,CID431149,Prime SUV,Kammanahalli,Hulimavu,203.0,40.0,Not Applicable,Not Applicable,Yes,Vehicle Breakdown,902,UPI,28,4.7,3.6
2024-07-23 05:33:00,CNR5065108414,Success,CID610910,Bike,Sahakar Nagar,Tumkur Road,49.0,80.0,Not Applicable,Not Applicable,No,Not Applicable,165,Cash,24,3.3,3.7
2024-07-16 03:10:00,CNR3880578494,Success,CID369509,Prime SUV,Basavanagudi,Kengeri,175.0,130.0,Not Applicable,Not Applicable,No,Not Applicable,498,Cash,48,4.9,4.2
2024-07-10 17:44:00,CNR2525198384,Success,CID814627,eBike,Magadi Road,Koramangala,217.0,45.0,Not Applicable,Not Applicable,No,Not Applicable,1822,UPI,5,4.8,4.5
2024-07-08 06:33:00,CNR3764747228,Driver Not Found,CID381912,Prime Plus,Nagarbhavi,Richmond Town,,,Not Applicable,Not Applicable,Not Applicable,Not Applicable,152,Not Applicable,0,,
2024-07-25 20:30:00,CNR6723929682,Success,CID908898,eBike,Rajarajeshwari Nagar,Chickpet,147.0,40.0,Not Applicable,Not Applicable,No,Not Applicable,151,UPI,41,3.0,3.5
2024-07-29 11:35:00,CNR4910427979,Driver Not Found,CID507426,Prime SUV,Kengeri,Hosur Road,,,Not Applicable,Not Applicable,Not Applicable,Not Applicable,397,Not Applicable,0,,
2024-07-02 10:58:00,CNR3653625416,Canceled by Customer,CID987359,Bike,Richmond Town,Hennur,,,Driver asked to cancel,Not Applicable,Not Applicable,Not Applicable,669,Not Applicable,0,,
2024-07-15 14:07:00,CNR5331670789,Canceled by Driver,CID417626,Auto,MG Road,Tumkur Road,,,Not Applicable,Personal & Car related issue,Not Applicable,Not Applicable,223,Not Applicable,0,,
2024-07-05 00:23:00,CNR8994715775,Canceled by Customer,CID767509,Prime Sedan,Varthur,Majestic,,,Driver is not moving towards pickup location,Not Applicable,Not Applicable,Not Applicable,228,Not Applicable,0,,
2024-07-08 18:08:00,CNR2071578679,Canceled by Customer,CID926886,Prime Sedan,HSR Layout,Yeshwanthpur,,,Change of plans,Not Applicable,Not Applicable,Not Applicable,479,Not Applicable,0,,
2024-07-24 01:50:00,CNR2987602774,Success,CID841925,eBike,Shivajinagar,Koramangala,49.0,110.0,Not Applicable,Not Applicable,No,Not Applicable,884,Cash,18,4.8,4.0
2024-07-06 20:55:00,CNR1518269044,Success,CID710871,Bike,Padmanabhanagar,Varthur,217.0,70.0,Not Applicable,Not Applicable,No,Not Applicable,111,UPI,35,3.1,4.0
2024-07-15 01:26:00,CNR8788271767,Success,CID106494,Prime SUV,Sahakar Nagar,Peenya,63.0,110.0,Not Applicable,Not Applicable,No,Not Applicable,153,UPI,2,4.7,3.9
2024-07-03 13:18:00,CNR2198567852,Success,CID528427,Prime SUV,Yeshwanthpur,BTM Layout,238.0,135.0,Not Applicable,Not Applicable,No,Not Applicable,537,Cash,44,3.2,3.5
2024-07-21 06:40:00,CNR1403647431,Success,CID768216,Mini,Kadugodi,Kadugodi,105.0,70.0,Not Applicable,Not Applicable,No,Not Applicable,217,UPI,14,4.4,4.0
2024-07-12 16:12:00,CNR8791845677,Driver Not Found,CID293583,Bike,JP Nagar,Magadi Road,,,Not Applicable,Not Applicable,Not Applicable,Not Applicable,487,Not Applicable,0,,
2024-07-18 23:14:00,CNR3947822671,Success,CID964576,eBike,HSR Layout,Indiranagar,280.0,85.0,Not Applicable,Not Applicable,No,Not Applicable,581,Cash,29,3.5,3.1
2024-07-02 06:05:00,CNR2219174477,Success,CID849636,Mini,Hulimavu,Whitefield,168.0,145.0,Not Applicable,Not Applicable,No,Not Applicable,300,Cash,41,3.7,4.2
2024-07-11 05:44:00,CNR3343146413,Success,CID166785,Mini,Sarjapur Road,Vijayanagar,154.0,70.0,Not Applicable,Not Applicable,No,Not Applicable,205,UPI,15,4.6,4.9
2024-07-01 11:34:00,CNR9919372585,Canceled by Driver,CID843112,Auto,Jayanagar,Koramangala,,,Not Applicable,Customer was coughing/sick,Not Applicable,Not Applicable,458,Not Applicable,0,,
2024-07-08 23:12:00,CNR8544458416,Success,CID807180,Auto,Indiranagar,Padmanabhanagar,161.0,100.0,Not Applicable,Not Applicable,No,Not Applicable,392,UPI,1,3.7,4.2
2024-07-23 15:01:00,CNR7724054218,Canceled by Customer,CID575164,Mini,Whitefield,Marathahalli,,,Change of plans,Not Applicable,Not Applicable,Not Applicable,266,Not Applicable,0,,
2024-07-27 07:10:00,CNR8373647023,Driver Not Found,CID591839,Bike,Magadi Road,Padmanabhanagar,,,Not Applicable,Not Applicable,Not Applicable,Not Applicable,464,Not Applicable,0,,
2024-07-14 19:57:00,CNR4208350664,Success,CID117684,Prime Plus,MG Road,Hulimavu,56.0,90.0,Not Applicable,Not Applicable,No,Not Applicable,207,UPI,33,4.8,3.4
2024-07-10 16:00:00,CNR1559781922,Driver Not Found,CID480820,Prime Plus,Chamarajpet,Shivajinagar,,,Not Applicable,Not Applicable,Not Applicable,Not Applicable,384,Not Applicable,0,,
2024-07-26 08:54:00,CNR7636271979,Canceled by Driver,CID126882,Prime Sedan,Koramangala,Shivajinagar,,,Not Applicable,Customer was coughing/sick,Not Applicable,Not Applicable,889,Not Applicable,0,,
2024-07-03 19:57:00,CNR5642549964,Canceled by Customer,CID650124,Auto,Kammanahalli,Peenya,,,Driver asked to cancel,Not Applicable,Not Applicable,Not Applicable,328,Not Applicable,0,,
2024-07-04 01:09:00,CNR5699656215,Success,CID720645,Prime Plus,Rajarajeshwari Nagar,Indiranagar,280.0,95.0,Not Applicable,Not Applicable,No,Not Applicable,121,Cash,23,4.0,3.0
2024-07-20 18:38:00,CNR6903912288,Success,CID781112,Bike,Langford Town,Basavanagudi,196.0,55.0,Not Applicable,Not Applicable,No,Not Applicable,156,UPI,17,3.6,3.8
2024-07-08 09:09:00,CNR7563936743,Driver Not Found,CID853744,Prime SUV,Hulimavu,Whitefield,,,Not Applicable,Not Applicable,Not Applicable,Not Applicable,437,Not Applicable,0,,
2024-07-24 17:57:00,CNR4381005666,Success,CID922270,Mini,Shivajinagar,Peenya,196.0,40.0,Not Applicable,Not Applicable,No,Not Applicable,581,UPI,19,4.4,3.8
2024-07-20 02:14:00,CNR6590554347,Success,CID497986,Auto,Jayanagar,Rajarajeshwari Nagar,245.0,145.0,Not Applicable,Not Applicable,No,Not Applicable,478,UPI,1,3.4,4.9
2024-07-27 16:12:00,CNR2671114176,Canceled by Driver,CID616031,eBike,KR Puram,Marathahalli,,,Not Applicable,Customer was coughing/sick,Not Applicable,Not Applicable,300,Not Applicable,0,,
2024-07-17 16:39:00,CNR2765706485,Canceled by Driver,CID173855,Bike,Jayanagar,Sahakar Nagar,,,Not Applicable,Personal & Car related issue,Not Applicable,Not Applicable,691,Not Applicable,0,,
2024-07-14 03:16:00,CNR6702404767,Success,CID627236,Mini,Basavanagudi,Majestic,35.0,85.0,Not Applicable,Not Applicable,No,Not Applicable,173,UPI,20,4.6,4.5
2024-07-25 10:41:00,CNR8964675466,Success,CID310757,Mini,Padmanabhanagar,Rajajinagar,119.0,135.0,Not Applicable,Not Applicable,No,Not Applicable,892,Credit Card,22,3.7,4.9
2024-07-24 22:44:00,CNR3590304465,Success,CID622279,Bike,Kammanahalli,MG Road,189.0,60.0,Not Applicable,Not Applicable,Yes,Vehicle Breakdown,178,UPI,4,4.9,3.2
2024-07-07 12:19:00,CNR3946240728,Canceled by Driver,CID375375,eBike,Sarjapur Road,Malleshwaram,,,Not Applicable,Customer related issue,Not Applicable,Not Applicable,240,Not Applicable,0,,
2024-07-20 02:09:00,CNR3515875736,Success,CID631070,Prime SUV,Banashankari,Chamarajpet,140.0,55.0,Not Applicable,Not Applicable,No,Not Applicable,871,Cash,26,3.1,4.7
2024-07-22 01:57:00,CNR4403231332,Canceled by Driver,CID732065,Prime Plus,Kammanahalli,Chickpet,,,Not Applicable,Personal & Car related issue,Not Applicable,Not Applicable,1307,Not Applicable,0,,
2024-07-05 21:18:00,CNR8184904186,Success,CID814187,Mini,Koramangala,JP Nagar,98.0,95.0,Not Applicable,Not Applicable,Yes,Other Issue,279,Cash,27,3.7,3.0
2024-07-29 15:03:00,CNR5264652974,Success,CID768303,Auto,Whitefield,Hebbal,168.0,145.0,Not Applicable,Not Applicable,No,Not Applicable,346,Cash,13,3.8,3.5
2024-07-29 22:02:00,CNR9138919116,Canceled by Customer,CID411880,Prime SUV,Hulimavu,Koramangala,,,AC is Not working,Not Applicable,Not Applicable,Not Applicable,439,Not Applicable,0,,
2024-07-27 02:54:00,CNR3154076391,Success,CID262489,Prime Plus,Tumkur Road,Padmanabhanagar,301.0,45.0,Not Applicable,Not Applicable,No,Not Applicable,810,Cash,22,3.7,4.3
2024-07-25 13:33:00,CNR6774187753,Success,CID725565,Prime SUV,Devanahalli,Majestic,56.0,130.0,Not Applicable,Not Applicable,No,Not Applicable,814,UPI,47,4.1,3.0
2024-07-10 13:29:00,CNR2119272226,Success,CID995290,Prime Sedan,Hosur Road,Devanahalli,238.0,140.0,Not Applicable,Not Applicable,No,Not Applicable,476,Cash,6,4.5,4.1
2024-07-10 03:03:00,CNR7530730293,Success,CID464954,Prime Sedan,BTM Layout,Kammanahalli,287.0,50.0,Not Applicable,Not Applicable,No,Not Applicable,298,UPI,37,4.0,4.2
2024-07-15 15:27:00,CNR5769057612,Success,CID127473,Mini,Tumkur Road,Jayanagar,294.0,145.0,Not Applicable,Not Applicable,No,Not Applicable,222,UPI,26,3.8,4.9
2024-07-22 20:56:00,CNR9465684722,Success,CID391024,Mini,Devanahalli,Cox Town,273.0,80.0,Not Applicable,Not Applicable,No,Not Applicable,342,UPI,49,4.5,3.7
2024-07-19 23:46:00,CNR3876829578,Success,CID906411,Auto,Rajarajeshwari Nagar,Varthur,126.0,35.0,Not Applicable,Not Applicable,No,Not Applicable,905,UPI,6,3.5,4.2
2024-07-05 14:16:00,CNR5222391496,Success,CID611096,Prime Sedan,Kammanahalli,Kammanahalli,266.0,55.0,Not Applicable,Not Applicable,No,Not Applicable,738,Cash,11,4.1,4.1
2024-07-28 14:31:00,CNR4042353816,Success,CID480601,eBike,Chickpet,RT Nagar,35.0,30.0,Not Applicable,Not Applicable,No,Not Applicable,410,Cash,34,3.7,4.9
2024-07-03 21:27:00,CNR8220575594,Success,CID688805,Prime Plus,Cox Town,Yelahanka,294.0,100.0,Not Applicable,Not Applicable,No,Not Applicable,1973,UPI,33,3.1,4.6
2024-07-12 04:06:00,CNR2164263923,Success,CID917159,Bike,Yelahanka,BTM Layout,245.0,110.0,Not Applicable,Not Applicable,No,Not Applicable,324,Cash,34,4.0,3.2
2024-07-25 08:54:00,CNR5317001787,Canceled by Customer,CID336048,Mini,Banashankari,Rajarajeshwari Nagar,,,Driver asked to cancel,Not Applicable,Not Applicable,Not Applicable,394,Not Applicable,0,,
2024-07-22 09:38:00,CNR6121960728,Driver Not Found,CID959365,Prime Plus,Mysore Road,Mysore Road,,,Not Applicable,Not Applicable,Not Applicable,Not Applicable,378,Not Applicable,0,,
2024-07-08 08:01:00,CNR6496126998,Success,CID851254,Mini,KR Puram,Yeshwanthpur,35.0,135.0,Not Applicable,Not Applicable,No,Not Applicable,394,UPI,16,4.6,3.3
2024-07-20 12:38:00,CNR2684503923,Success,CID355800,Prime SUV,Koramangala,Whitefield,147.0,60.0,Not Applicable,Not Applicable,No,Not Applicable,1146,Cash,45,3.9,4.7
2024-07-18 12:25:00,CNR3799468340,Canceled by Customer,CID814227,Prime SUV,MG Road,Chickpet,,,Change of plans,Not Applicable,Not Applicable,Not Applicable,669,Not Applicable,0,,
2024-07-22 07:51:00,CNR2691284418,Success,CID683153,Mini,Kadugodi,Ramamurthy Nagar,182.0,130.0,Not Applicable,Not Applicable,No,Not Applicable,242,Cash,10,4.1,4.8
2024-07-18 17:15:00,CNR3572429584,Canceled by Driver,CID557256,Bike,Bellandur,Peenya,,,Not Applicable,Customer related issue,Not Applicable,Not Applicable,157,Not Applicable,0,,
2024-07-17 18:52:00,CNR9098996200,Driver Not Found,CID669637,Prime Sedan,Ulsoor,Devanahalli,,,Not Applicable,Not Applicable,Not Applicable,Not Applicable,964,Not Applicable,0,,
2024-07-28 17:14:00,CNR6124249548,Canceled by Customer,CID975584,Prime Plus,Basavanagudi,Hosur Road,,,AC is Not working,Not Applicable,Not Applicable,Not Applicable,444,Not Applicable,0,,
2024-07-11 02:03:00,CNR6086361164,Success,CID202253,eBike,Yeshwanthpur,Chickpet,308.0,120.0,Not Applicable,Not Applicable,No,Not Applicable,474,Cash,20,3.6,3.9
2024-07-10 10:25:00,CNR2227562138,Success,CID643876,Prime Plus,Marathahalli,Rajajinagar,252.0,125.0,Not Applicable,Not Applicable,No,Not Applicable,341,UPI,23,4.7,3.3
2024-07-10 13:32:00,CNR1585051441,Canceled by Driver,CID334644,Prime Plus,Ulsoor,Whitefield,,,Not Applicable,Customer was coughing/sick,Not Applicable,Not Applicable,1114,Not Applicable,0,,
2024-07-24 00:21:00,CNR8310072209,Canceled by Customer,CID717725,eBike,Hulimavu,Shivajinagar,,,Driver is not moving towards pickup location,Not Applicable,Not Applicable,Not Applicable,1587,Not Applicable,0,,
2024-07-22 18:42:00,CNR5468596628,Success,CID606194,Prime Plus,Banashankari,Rajarajeshwari Nagar,119.0,50.0,Not Applicable,Not Applicable,No,Not Applicable,428,Credit Card,10,4.4,4.6
2024-07-08 09:49:00,CNR4420429639,Canceled by Customer,CID587385,Mini,Cox Town,Hulimavu,,,Driver asked to cancel,Not Applicable,Not Applicable,Not Applicable,257,Not Applicable,0,,
2024-07-23 12:50:00,CNR9621878792,Success,CID436562,Prime SUV,Shantinagar,Yelahanka,294.0,145.0,Not Applicable,Not Applicable,No,Not Applicable,420,Cash,6,4.8,4.0
2024-07-21 11:06:00,CNR5023266748,Success,CID798727,Prime Plus,Vijayanagar,Rajarajeshwari Nagar,77.0,40.0,Not Applicable,Not Applicable,No,Not Applicable,200,UPI,21,4.7,4.2
2024-07-04 03:58:00,CNR1835275052,Success,CID871340,Prime SUV,Ramamurthy Nagar,Chamarajpet,98.0,35.0,Not Applicable,Not Applicable,No,Not Applicable,128,UPI,32,4.8,3.1
2024-07-30 05:14:00,CNR9522319665,Success,CID733590,Mini,Kadugodi,Bannerghatta Road,35.0,85.0,Not Applicable,Not Applicable,No,Not Applicable,197,UPI,18,3.1,4.9
2024-07-25 14:38:00,CNR4775402560,Canceled by Driver,CID186991,eBike,Shivajinagar,Tumkur Road,,,Not Applicable,Customer related issue,Not Applicable,Not Applicable,217,Not Applicable,0,,
2024-07-30 13:06:00,CNR7324961413,Success,CID884009,Prime Sedan,BTM Layout,Electronic City,49.0,55.0,Not Applicable,Not Applicable,No,Not Applicable,490,Cash,32,3.1,4.6
2024-07-04 20:38:00,CNR4043697187,Success,CID872291,Prime Sedan,Tumkur Road,Magadi Road,63.0,130.0,Not Applicable,Not Applicable,No,Not Applicable,562,Cash,14,3.8,3.3
2024-07-29 20:39:00,CNR5291611368,Driver Not Found,CID687242,Prime SUV,Rajajinagar,Whitefield,,,Not Applicable,Not Applicable,Not Applicable,Not Applicable,476,Not Applicable,0,,
2024-07-11 06:08:00,CNR7472727676,Success,CID848702,Mini,Frazer Town,MG Road,301.0,30.0,Not Applicable,Not Applicable,No,Not Applicable,386,UPI,40,3.4,3.5
2024-07-05 16:27:00,CNR4967539920,Success,CID663717,Bike,RT Nagar,Kammanahalli,294.0,140.0,Not Applicable,Not Applicable,No,Not Applicable,456,UPI,18,4.2,4.1
2024-07-25 22:43:00,CNR3697667063,Success,CID928705,Bike,Electronic City,Koramangala,70.0,115.0,Not Applicable,Not Applicable,No,Not Applicable,295,Cash,1,3.1,3.4
2024-07-14 03:20:00,CNR7236106287,Success,CID247779,Bike,Mysore Road,Padmanabhanagar,70.0,35.0,Not Applicable,Not Applicable,No,Not Applicable,142,Cash,13,3.8,4.3
2024-07-03 19:16:00,CNR9525905140,Driver Not Found,CID178007,eBike,Koramangala,Richmond Town,,,Not Applicable,Not Applicable,Not Applicable,Not Applicable,450,Not Applicable,0,,
2024-07-27 17:53:00,CNR4809164768,Driver Not Found,CID868240,Prime Sedan,Sahakar Nagar,Rajajinagar,,,Not Applicable,Not Applicable,Not Applicable,Not Applicable,492,Not Applicable,0,,
2024-07-01 11:05:00,CNR9785755514,Driver Not Found,CID595308,Bike,Padmanabhanagar,Banashankari,,,Not Applicable,Not Applicable,Not Applicable,Not Applicable,124,Not Applicable,0,,
2024-07-17 09:06:00,CNR3662571725,Canceled by Driver,CID906961,eBike,Marathahalli,Yeshwanthpur,,,Not Applicable,Customer was coughing/sick,Not Applicable,Not Applicable,384,Not Applicable,0,,
2024-07-28 13:58:00,CNR1981924497,Success,CID774210,Prime SUV,Basavanagudi,RT Nagar,252.0,30.0,Not Applicable,Not Applicable,No,Not Applicable,623,Cash,9,4.2,4.1
2024-07-04 23:21:00,CNR8000187202,Success,CID980201,Auto,Rajajinagar,Yeshwanthpur,203.0,115.0,Not Applicable,Not Applicable,No,Not Applicable,413,Cash,6,3.9,4.6
2024-07-05 04:46:00,CNR2845163370,Canceled by Driver,CID409676,Prime Plus,Yelahanka,HSR Layout,,,Not Applicable,Personal & Car related issue,Not Applicable,Not Applicable,449,Not Applicable,0,,
2024-07-04 02:26:00,CNR7532050747,Driver Not Found,CID256612,eBike,Devanahalli,Yelahanka,,,Not Applicable,Not Applicable,Not Applicable,Not Applicable,354,Not Applicable,0,,
2024-07-30 05:29:00,CNR5690199031,Canceled by Customer,CID303140,Prime SUV,Mysore Road,Marathahalli,,,Driver asked to cancel,Not Applicable,Not Applicable,Not Applicable,286,Not Applicable,0,,
2024-07-26 09:48:00,CNR3039022984,Canceled by Customer,CID203013,Mini,RT Nagar,Indiranagar,,,Driver asked to cancel,Not Applicable,Not Applicable,Not Applicable,868,Not Applicable,0,,
2024-07-15 00:50:00,CNR8723616152,Success,CID373445,Prime Plus,HSR Layout,Nagarbhavi,112.0,80.0,Not Applicable,Not Applicable,No,Not Applicable,390,Cash,10,3.8,4.9
2024-07-13 06:38:00,CNR3013065637,Canceled by Customer,CID556371,Mini,RT Nagar,Padmanabhanagar,,,Driver is not moving towards pickup location,Not Applicable,Not Applicable,Not Applicable,471,Not Applicable,0,,
2024-07-17 18:04:00,CNR5826546760,Success,CID159576,Prime SUV,JP Nagar,Ramamurthy Nagar,259.0,75.0,Not Applicable,Not Applicable,No,Not Applicable,914,Cash,10,4.4,4.5
2024-07-05 06:59:00,CNR3248785599,Success,CID794318,Auto,Basavanagudi,Marathahalli,280.0,110.0,Not Applicable,Not Applicable,No,Not Applicable,334,UPI,2,4.3,4.7
2024-07-22 16:51:00,CNR1080918352,Canceled by Customer,CID577584,Bike,Indiranagar,Bannerghatta Road,,,Driver is not moving towards pickup location,Not Applicable,Not Applicable,Not Applicable,547,Not Applicable,0,,
2024-07-14 22:21:00,CNR2798495224,Canceled by Customer,CID321757,Mini,Cox Town,Koramangala,,,Driver asked to cancel,Not Applicable,Not Applicable,Not Applicable,2390,Not Applicable,0,,
2024-07-28 19:39:00,CNR7934577225,Canceled by Driver,CID762919,Prime Plus,Frazer Town,Magadi Road,,,Not Applicable,Customer related issue,Not Applicable,Not Applicable,198,Not Applicable,0,,
2024-07-12 09:41:00,CNR9938403747,Success,CID750613,Prime Sedan,Sahakar Nagar,Richmond Town,70.0,135.0,Not Applicable,Not Applicable,No,Not Applicable,128,UPI,16,4.1,4.1
2024-07-17 00:30:00,CNR8865104285,Success,CID907389,Prime Plus,KR Puram,Indiranagar,105.0,55.0,Not Applicable,Not Applicable,No,Not Applicable,319,Cash,37,3.7,3.4
2024-07-08 20:30:00,CNR7812601819,Canceled by Driver,CID185837,Prime SUV,Padmanabhanagar,Basavanagudi,,,Not Applicable,Personal & Car related issue,Not Applicable,Not Applicable,2973,Not Applicable,0,,
2024-07-02 18:10:00,CNR3860950502,Success,CID756238,Prime SUV,Kadugodi,Yeshwanthpur,231.0,80.0,Not Applicable,Not Applicable,No,Not Applicable,2358,UPI,26,4.1,3.2
2024-07-09 01:56:00,CNR8672920450,Success,CID430683,Mini,Magadi Road,Magadi Road,154.0,35.0,Not Applicable,Not Applicable,No,Not Applicable,215,Cash,22,4.3,4.0
2024-07-27 21:05:00,CNR9812338292,Success,CID667147,Prime Sedan,Shivajinagar,Ramamurthy Nagar,231.0,110.0,Not Applicable,Not Applicable,No,Not Applicable,349,Cash,22,3.3,4.4
2024-07-22 23:32:00,CNR3518157204,Driver Not Found,CID394701,Prime Plus,Electronic City,Frazer Town,,,Not Applicable,Not Applicable,Not Applicable,Not Applicable,1452,Not Applicable,0,,
2024-07-08 20:14:00,CNR5525643119,Success,CID715636,Bike,Marathahalli,Kengeri,266.0,40.0,Not Applicable,Not Applicable,Yes,Customer Demand,428,UPI,15,4.4,4.1
2024-07-07 09:40:00,CNR4003224821,Success,CID595387,Mini,Kadugodi,Chickpet,154.0,45.0,Not Applicable,Not Applicable,No,Not Applicable,310,Cash,2,3.4,4.1
2024-07-14 21:03:00,CNR2227847846,Driver Not Found,CID231882,Prime SUV,Marathahalli,Basavanagudi,,,Not Applicable,Not Applicable,Not Applicable,Not Applicable,2791,Not Applicable,0,,
2024-07-06 23:22:00,CNR9973613808,Canceled by Driver,CID888722,Prime Sedan,Kadugodi,Vijayanagar,,,Not Applicable,Personal & Car related issue,Not Applicable,Not Applicable,182,Not Applicable,0,,
2024-07-25 02:27:00,CNR7552522156,Success,CID644281,Bike,Marathahalli,Hebbal,287.0,130.0,Not Applicable,Not Applicable,No,Not Applicable,370,UPI,19,4.3,4.0
2024-07-10 02:49:00,CNR2577744454,Success,CID234030,Prime SUV,Hebbal,KR Puram,224.0,80.0,Not Applicable,Not Applicable,No,Not Applicable,230,UPI,6,4.2,3.6
2024-07-09 05:45:00,CNR9230880023,Success,CID550814,Bike,Banashankari,Chickpet,161.0,75.0,Not Applicable,Not Applicable,No,Not Applicable,494,Cash,40,3.7,4.9
2024-07-17 12:47:00,CNR8147525752,Success,CID448037,Auto,Basavanagudi,Kengeri,168.0,130.0,Not Applicable,Not Applicable,No,Not Applicable,907,UPI,17,4.0,4.6
2024-07-22 21:16:00,CNR4908142904,Success,CID600890,Prime Plus,Malleshwaram,Kadugodi,217.0,125.0,Not Applicable,Not Applicable,No,Not Applicable,295,Cash,22,3.4,3.1
2024-07-17 20:54:00,CNR3137495711,Driver Not Found,CID524587,eBike,Hulimavu,BTM Layout,,,Not Applicable,Not Applicable,Not Applicable,Not Applicable,2983,Not Applicable,0,,
2024-07-25 23:02:00,CNR8066019941,Success,CID124515,Bike,Majestic,Magadi Road,273.0,95.0,Not Applicable,Not Applicable,No,Not Applicable,929,UPI,7,4.9,3.7
2024-07-19 14:21:00,CNR5366346227,Success,CID529284,Mini,Yeshwanthpur,Whitefield,133.0,135.0,Not Applicable,Not Applicable,No,Not Applicable,348,UPI,10,4.0,3.5
2024-07-15 09:02:00,CNR6696702889,Success,CID229032,Prime Plus,Hennur,Majestic,154.0,55.0,Not Applicable,Not Applicable,No,Not Applicable,284,Cash,43,3.1,4.7
2024-07-23 19:53:00,CNR6267590563,Canceled by Customer,CID207723,Prime SUV,Ulsoor,Varthur,,,Driver is not moving towards pickup location,Not Applicable,Not Applicable,Not Applicable,313,Not Applicable,0,,
2024-07-16 17:28:00,CNR4196243894,Success,CID745874,Prime SUV,Langford Town,Rajarajeshwari Nagar,217.0,70.0,Not Applicable,Not Applicable,No,Not Applicable,172,Cash,14,3.5,3.7
2024-07-07 15:21:00,CNR6494904660,Success,CID221262,Mini,Bannerghatta Road,Cox Town,126.0,130.0,Not Applicable,Not Applicable,No,Not Applicable,166,UPI,6,3.9,4.9
2024-07-19 07:48:00,CNR7140474896,Success,CID661936,Prime SUV,Langford Town,Mysore Road,287.0,115.0,Not Applicable,Not Applicable,No,Not Applicable,127,UPI,20,4.2,3.5
2024-07-28 22:44:00,CNR7869480209,Success,CID981778,Prime SUV,Rajarajeshwari Nagar,Shivajinagar,308.0,55.0,Not Applicable,Not Applicable,No,Not Applicable,913,Cash,37,4.5,5.0
2024-07-28 08:51:00,CNR6328438960,Driver Not Found,CID857855,Bike,MG Road,Nagarbhavi,,,Not Applicable,Not Applicable,Not Applicable,Not Applicable,193,Not Applicable,0,,
2024-07-26 12:18:00,CNR9514074247,Canceled by Driver,CID388254,Prime Sedan,Bannerghatta Road,Hebbal,,,Not Applicable,Customer was coughing/sick,Not Applicable,Not Applicable,381,Not Applicable,0,,
2024-07-25 06:13:00,CNR7682134258,Driver Not Found,CID254786,Prime Sedan,Chamarajpet,BTM Layout,,,Not Applicable,Not Applicable,Not Applicable,Not Applicable,166,Not Applicable,0,,
2024-07-06 09:17:00,CNR4799968166,Success,CID957641,Prime Plus,Shivajinagar,Bellandur,154.0,25.0,Not Applicable,Not Applicable,No,Not Applicable,767,UPI,42,3.2,4.8
2024-07-20 13:59:00,CNR3981726410,Success,CID987430,Prime Sedan,Malleshwaram,Basavanagudi,98.0,45.0,Not Applicable,Not Applicable,No,Not Applicable,2109,UPI,12,3.6,4.7
2024-07-06 18:35:00,CNR6376554061,Driver Not Found,CID537965,Prime SUV,BTM Layout,Frazer Town,,,Not Applicable,Not Applicable,Not Applicable,Not Applicable,298,Not Applicable,0,,
2024-07-12 05:15:00,CNR8094230363,Success,CID209633,Prime Sedan,Devanahalli,Varthur,35.0,105.0,Not Applicable,Not Applicable,No,Not Applicable,474,Cash,35,4.8,4.4
2024-07-11 18:41:00,CNR9493508164,Success,CID761758,Auto,Yeshwanthpur,Rajarajeshwari Nagar,126.0,45.0,Not Applicable,Not Applicable,No,Not Applicable,621,Cash,10,3.6,4.2
2024-07-15 02:14:00,CNR7680003825,Success,CID131874,Prime SUV,Magadi Road,Mysore Road,84.0,110.0,Not Applicable,Not Applicable,No,Not Applicable,158,Cash,24,3.5,4.2
2024-07-28 00:30:00,CNR3582804230,Success,CID520408,eBike,Chamarajpet,Cox Town,147.0,90.0,Not Applicable,Not Applicable,No,Not Applicable,414,Cash,48,3.4,3.1
2024-07-22 05:56:00,CNR7563328083,Success,CID960229,Prime Sedan,Indiranagar,Ulsoor,238.0,145.0,Not Applicable,Not Applicable,No,Not Applicable,240,Cash,12,4.1,3.4
2024-07-02 13:03:00,CNR5674816873,Success,CID892808,Prime SUV,Sarjapur Road,Kammanahalli,147.0,55.0,Not Applicable,Not Applicable,No,Not Applicable,197,Cash,9,3.4,3.1
2024-07-03 07:59:00,CNR7210100292,Success,CID774579,Prime Sedan,Banashankari,Indiranagar,224.0,95.0,Not Applicable,Not Applicable,No,Not Applicable,998,UPI,38,4.6,4.3
2024-07-30 03:03:00,CNR4938655389,Canceled by Driver,CID162788,Prime Sedan,Hulimavu,RT Nagar,,,Not Applicable,Personal & Car related issue,Not Applicable,Not Applicable,356,Not Applicable,0,,
2024-07-13 04:20:00,CNR3899418446,Canceled by Driver,CID167696,Bike,Basavanagudi,Sarjapur Road,,,Not Applicable,Customer related issue,Not Applicable,Not Applicable,215,Not Applicable,0,,
2024-07-25 04:37:00,CNR3454367319,Success,CID141551,Prime Plus,Bellandur,Sarjapur Road,70.0,55.0,Not Applicable,Not Applicable,No,Not Applicable,1127,Cash,14,4.6,3.2
2024-07-17 16:09:00,CNR2422838541,Success,CID373434,Auto,Hennur,Sarjapur Road,203.0,85.0,Not Applicable,Not Applicable,No,Not Applicable,1511,Cash,17,4.3,4.8
2024-07-24 22:44:00,CNR9700558317,Success,CID925596,Bike,Mysore Road,Kammanahalli,238.0,35.0,Not Applicable,Not Applicable,No,Not Applicable,135,UPI,12,3.1,3.3
2024-07-08 04:44:00,CNR8325565904,Success,CID711763,Mini,Marathahalli,Marathahalli,273.0,105.0,Not Applicable,Not Applicable,No,Not Applicable,368,Cash,23,4.2,3.2
2024-07-08 18:31:00,CNR1625316724,Success,CID367191,Prime SUV,Rajajinagar,RT Nagar,175.0,65.0,Not Applicable,Not Applicable,No,Not Applicable,486,Cash,45,4.4,4.0
2024-07-22 16:52:00,CNR4667893352,Success,CID794123,Bike,Banashankari,Rajajinagar,189.0,135.0,Not Applicable,Not Applicable,No,Not Applicable,339,Cash,41,4.0,3.4
2024-07-11 21:39:00,CNR8080790229,Success,CID964188,Bike,Shivajinagar,Bannerghatta Road,245.0,85.0,Not Applicable,Not Applicable,No,Not Applicable,2017,UPI,24,3.1,3.7
2024-07-04 01:08:00,CNR4174979968,Success,CID472422,Mini,Yeshwanthpur,Langford Town,42.0,80.0,Not Applicable,Not Applicable,No,Not Applicable,312,Cash,17,3.4,4.0
2024-07-04 07:37:00,CNR4028513762,Success,CID280813,Prime Plus,Jayanagar,Banashankari,35.0,70.0,Not Applicable,Not Applicable,No,Not Applicable,1211,Cash,31,4.2,3.3
2024-07-29 01:46:00,CNR7033060394,Success,CID289240,Auto,Shivajinagar,Hebbal,133.0,115.0,Not Applicable,Not Applicable,No,Not Applicable,888,UPI,10,4.7,3.9
2024-07-24 19:27:00,CNR2185841220,Driver Not Found,CID898675,Bike,Jayanagar,Cox Town,,,Not Applicable,Not Applicable,Not Applicable,Not Applicable,433,Not Applicable,0,,
2024-07-23 22:53:00,CNR1220587550,Canceled by Driver,CID685183,Prime Plus,Rajarajeshwari Nagar,Bannerghatta Road,,,Not Applicable,Customer related issue,Not Applicable,Not Applicable,406,Not Applicable,0,,
2024-07-23 12:23:00,CNR7630915736,Success,CID621561,Auto,JP Nagar,Majestic,196.0,25.0,Not Applicable,Not Applicable,No,Not Applicable,463,Cash,15,3.6,3.1
2024-07-08 12:43:00,CNR5459287832,Success,CID788486,Prime Sedan,Vijayanagar,Sarjapur Road,245.0,100.0,Not Applicable,Not Applicable,No,Not Applicable,548,Cash,32,4.9,4.6
2024-07-01 05:41:00,CNR1755080548,Success,CID288711,Prime Plus,Hulimavu,Jayanagar,133.0,115.0,Not Applicable,Not Applicable,No,Not Applicable,908,UPI,45,3.6,3.0
2024-07-06 21:14:00,CNR4979580902,Success,CID144269,Prime Sedan,Indiranagar,Hulimavu,119.0,95.0,Not Applicable,Not Applicable,No,Not Applicable,1891,UPI,48,3.9,3.1
2024-07-04 05:21:00,CNR2568634045,Canceled by Driver,CID716437,Mini,KR Puram,Rajarajeshwari Nagar,,,Not Applicable,More than permitted people in there,Not Applicable,Not Applicable,232,Not Applicable,0,,
2024-07-28 05:54:00,CNR8643442201,Driver Not Found,CID378896,Prime Sedan,Sahakar Nagar,Indiranagar,,,Not Applicable,Not Applicable,Not Applicable,Not Applicable,1242,Not Applicable,0,,
2024-07-28 03:29:00,CNR9998356574,Success,CID460211,Prime Sedan,Yelahanka,Ulsoor,49.0,135.0,Not Applicable,Not Applicable,No,Not Applicable,845,Debit Card,26,3.4,4.7
2024-07-09 08:57:00,CNR4683554946,Driver Not Found,CID565270,Mini,Yeshwanthpur,Sarjapur Road,,,Not Applicable,Not Applicable,Not Applicable,Not Applicable,276,Not Applicable,0,,
2024-07-29 04:16:00,CNR5902737021,Success,CID851909,eBike,BTM Layout,Kengeri,49.0,50.0,Not Applicable,Not Applicable,No,Not Applicable,510,Cash,1,3.2,4.5
2024-07-05 14:10:00,CNR8486544816,Success,CID753533,Mini,Rajarajeshwari Nagar,Tumkur Road,105.0,50.0,Not Applicable,Not Applicable,No,Not Applicable,378,UPI,8,4.3,4.1
2024-07-23 08:49:00,CNR3146116392,Canceled by Customer,CID691170,Prime Sedan,Shantinagar,MG Road,,,Change of plans,Not Applicable,Not Applicable,Not Applicable,2216,Not Applicable,0,,
2024-07-03 09:47:00,CNR1411206582,Success,CID111314,Bike,Varthur,Chamarajpet,301.0,115.0,Not Applicable,Not Applicable,No,Not Applicable,122,UPI,49,3.2,3.5
2024-07-11 04:33:00,CNR6635268635,Success,CID735467,eBike,Hosur Road,RT Nagar,189.0,140.0,Not Applicable,Not Applicable,No,Not Applicable,137,Cash,46,4.9,3.1
2024-07-19 15:44:00,CNR7827238323,Success,CID214284,Auto,Ulsoor,Varthur,49.0,25.0,Not Applicable,Not Applicable,No,Not Applicable,558,Cash,14,3.8,3.4
2024-07-18 01:10:00,CNR7109939195,Success,CID250983,Prime Plus,BTM Layout,Peenya,252.0,65.0,Not Applicable,Not Applicable,No,Not Applicable,1183,Cash,9,4.8,4.0
2024-07-09 21:02:00,CNR8257472889,Success,CID861353,Prime Sedan,Sahakar Nagar,Marathahalli,119.0,120.0,Not Applicable,Not Applicable,No,Not Applicable,732,Cash,3,4.4,3.5
2024-07-26 10:02:00,CNR5345871593,Canceled by Driver,CID353539,Prime SUV,Sahakar Nagar,Nagarbhavi,,,Not Applicable,Personal & Car related issue,Not Applicable,Not Applicable,652,Not Applicable,0,,
2024-07-03 06:51:00,CNR3591613069,Success,CID197306,Bike,Shivajinagar,Koramangala,182.0,90.0,Not Applicable,Not Applicable,No,Not Applicable,2827,Cash,20,4.7,4.9
2024-07-06 17:43:00,CNR6870746297,Driver Not Found,CID422326,Mini,Peenya,Tumkur Road,,,Not Applicable,Not Applicable,Not Applicable,Not Applicable,706,Not Applicable,0,,
2024-07-27 10:48:00,CNR2429194731,Success,CID319776,Prime SUV,Ramamurthy Nagar,Malleshwaram,70.0,65.0,Not Applicable,Not Applicable,No,Not Applicable,238,Cash,46,3.5,4.7
2024-07-16 00:58:00,CNR9299898459,Success,CID427547,eBike,Bellandur,Hennur,126.0,40.0,Not Applicable,Not Applicable,No,Not Applicable,323,Cash,31,3.6,3.9
2024-07-07 04:24:00,CNR2798469172,Success,CID271864,Prime Plus,Basavanagudi,Frazer Town,133.0,70.0,Not Applicable,Not Applicable,No,Not Applicable,103,Cash,37,4.1,4.5
2024-07-05 01:22:00,CNR5992897949,Success,CID692351,Auto,Basavanagudi,Chickpet,301.0,70.0,Not Applicable,Not Applicable,No,Not Applicable,327,Cash,17,3.6,3.7
2024-07-30 05:25:00,CNR5074638935,Success,CID470406,Prime Sedan,Bellandur,Basavanagudi,287.0,130.0,Not Applicable,Not Applicable,No,Not Applicable,148,Cash,41,4.0,4.7
2024-07-02 20:18:00,CNR3459542488,Success,CID500078,Mini,Chamarajpet,Koramangala,252.0,110.0,Not Applicable,Not Applicable,No,Not Applicable,802,UPI,5,4.5,4.1
2024-07-17 01:53:00,CNR3409478865,Success,CID374684,Prime SUV,Rajajinagar,Mysore Road,273.0,40.0,Not Applicable,Not Applicable,No,Not Applicable,2132,Cash,39,3.2,3.1
2024-07-29 05:24:00,CNR5645717601,Success,CID870929,Mini,Magadi Road,Frazer Town,273.0,105.0,Not Applicable,Not Applicable,No,Not Applicable,488,Cash,44,3.5,3.4
2024-07-24 00:09:00,CNR8340669733,Driver Not Found,CID810673,Bike,Sarjapur Road,Koramangala,,,Not Applicable,Not Applicable,Not Applicable,Not Applicable,283,Not Applicable,0,,
2024-07-09 13:14:00,CNR9404040500,Canceled by Customer,CID743563,Prime SUV,Sarjapur Road,JP Nagar,,,Change of plans,Not Applicable,Not Applicable,Not Applicable,525,Not Applicable,0,,
2024-07-27 13:16:00,CNR1423501781,Success,CID173932,Auto,Hosur Road,Bannerghatta Road,56.0,90.0,Not Applicable,Not Applicable,No,Not Applicable,623,Cash,10,4.0,4.2
2024-07-19 00:31:00,CNR1415714180,Canceled by Driver,CID140139,Auto,Yeshwanthpur,Shantinagar,,,Not Applicable,Customer related issue,Not Applicable,Not Applicable,157,Not Applicable,0,,
2024-07-10 08:26:00,CNR3204726578,Success,CID957958,Prime SUV,JP Nagar,RT Nagar,119.0,120.0,Not Applicable,Not Applicable,Yes,Vehicle Breakdown,120,Cash,42,4.2,3.1
2024-07-18 16:50:00,CNR6784415984,Canceled by Customer,CID911508,eBike,Rajajinagar,Bannerghatta Road,,,Driver is not moving towards pickup location,Not Applicable,Not Applicable,Not Applicable,751,Not Applicable,0,,
2024-07-01 22:29:00,CNR8552468372,Canceled by Customer,CID108561,Auto,Ramamurthy Nagar,RT Nagar,,,AC is Not working,Not Applicable,Not Applicable,Not Applicable,114,Not Applicable,0,,
2024-07-03 23:50:00,CNR4596189378,Success,CID651770,Mini,Sahakar Nagar,Rajajinagar,126.0,90.0,Not Applicable,Not Applicable,Yes,Vehicle Breakdown,346,Cash,16,3.8,4.7
2024-07-08 17:13:00,CNR1901521166,Canceled by Driver,CID202691,eBike,Yeshwanthpur,Jayanagar,,,Not Applicable,Personal & Car related issue,Not Applicable,Not Applicable,275,Not Applicable,0,,
2024-07-15 16:40:00,CNR5116854570,Driver Not Found,CID815444,eBike,Banashankari,Hebbal,,,Not Applicable,Not Applicable,Not Applicable,Not Applicable,723,Not Applicable,0,,
2024-07-24 11:12:00,CNR3243561207,Driver Not Found,CID535545,Prime Sedan,Rajajinagar,Varthur,,,Not Applicable,Not Applicable,Not Applicable,Not Applicable,306,Not Applicable,0,,
2024-07-16 08:45:00,CNR8678293965,Canceled by Driver,CID546238,Prime Sedan,Jayanagar,Hosur Road,,,Not Applicable,Customer was coughing/sick,Not Applicable,Not Applicable,585,Not Applicable,0,,
2024-07-01 19:42:00,CNR4305516943,Success,CID766009,Bike,Nagarbhavi,Koramangala,56.0,75.0,Not Applicable,Not Applicable,No,Not Applicable,356,Cash,8,4.3,4.9
2024-07-28 21:01:00,CNR5568224914,Success,CID683664,Mini,Varthur,Frazer Town,273.0,90.0,Not Applicable,Not Applicable,Yes,Vehicle Breakdown,580,UPI,49,4.5,4.8
2024-07-01 17:35:00,CNR8242498601,Canceled by Customer,CID644133,Prime Sedan,Varthur,Varthur,,,Change of plans,Not Applicable,Not Applicable,Not Applicable,1350,Not Applicable,0,,
2024-07-28 21:47:00,CNR5563227973,Canceled by Driver,CID674767,Prime Plus,Langford Town,Mysore Road,,,Not Applicable,Customer was coughing/sick,Not Applicable,Not Applicable,1155,Not Applicable,0,,
2024-07-09 18:29:00,CNR7099095556,Success,CID538531,Prime SUV,Frazer Town,Shivajinagar,245.0,90.0,Not Applicable,Not Applicable,No,Not Applicable,497,Cash,22,4.7,3.8
2024-07-12 12:11:00,CNR5568198685,Canceled by Driver,CID977531,Bike,Jayanagar,Tumkur Road,,,Not Applicable,Personal & Car related issue,Not Applicable,Not Applicable,436,Not Applicable,0,,
2024-07-17 00:55:00,CNR1637834451,Canceled by Driver,CID196529,Mini,MG Road,Magadi Road,,,Not Applicable,Customer related issue,Not Applicable,Not Applicable,392,Not Applicable,0,,
2024-07-19 10:24:00,CNR8639647531,Canceled by Driver,CID154650,Bike,Peenya,Richmond Town,,,Not Applicable,Customer related issue,Not Applicable,Not Applicable,242,Not Applicable,0,,
2024-07-07 06:04:00,CNR2890910146,Success,CID776505,Mini,Banashankari,Hosur Road,105.0,30.0,Not Applicable,Not Applicable,No,Not Applicable,448,UPI,44,3.5,4.7
2024-07-29 11:46:00,CNR6450051398,Success,CID990421,Mini,Sahakar Nagar,Hosur Road,168.0,140.0,Not Applicable,Not Applicable,No,Not Applicable,135,UPI,23,4.7,4.5
2024-07-03 08:56:00,CNR7264606438,Canceled by Driver,CID603215,Prime Plus,Tumkur Road,Varthur,,,Not Applicable,Customer related issue,Not Applicable,Not Applicable,467,Not Applicable,0,,
2024-07-23 23:08:00,CNR5096289584,Canceled by Customer,CID126987,Prime SUV,Marathahalli,Kadugodi,,,Driver is not moving towards pickup location,Not Applicable,Not Applicable,Not Applicable,554,Not Applicable,0,,
2024-07-18 16:16:00,CNR5765588815,Success,CID133009,Prime Plus,MG Road,Peenya,231.0,50.0,Not Applicable,Not Applicable,No,Not Applicable,1226,Cash,35,4.4,4.4
2024-07-10 20:11:00,CNR4821814261,Success,CID110683,Prime Sedan,Malleshwaram,Chamarajpet,259.0,40.0,Not Applicable,Not Applicable,No,Not Applicable,470,Cash,35,4.2,3.2
2024-07-18 04:56:00,CNR2951577881,Success,CID484632,Prime Sedan,Majestic,Shantinagar,301.0,110.0,Not Applicable,Not Applicable,No,Not Applicable,256,UPI,10,3.4,4.8
2024-07-26 17:59:00,CNR1907081072,Canceled by Customer,CID914346,eBike,Electronic City,Peenya,,,Change of plans,Not Applicable,Not Applicable,Not Applicable,307,Not Applicable,0,,
2024-07-23 17:01:00,CNR4230902281,Canceled by Driver,CID774982,Prime Plus,Varthur,Nagarbhavi,,,Not Applicable,Personal & Car related issue,Not Applicable,Not Applicable,274,Not Applicable,0,,
2024-07-01 16:24:00,CNR8642663717,Canceled by Driver,CID642649,Prime SUV,Tumkur Road,Shivajinagar,,,Not Applicable,Personal & Car related issue,Not Applicable,Not Applicable,141,Not Applicable,0,,
2024-07-13 19:59:00,CNR1597052841,Canceled by Customer,CID654003,Mini,Kammanahalli,Whitefield,,,AC is Not working,Not Applicable,Not Applicable,Not Applicable,248,Not Applicable,0,,
2024-07-28 02:20:00,CNR8435278251,Driver Not Found,CID128388,Prime SUV,Ramamurthy Nagar,Hulimavu,,,Not Applicable,Not Applicable,Not Applicable,Not Applicable,132,Not Applicable,0,,
2024-07-18 07:48:00,CNR2217037472,Success,CID521155,eBike,Sarjapur Road,Majestic,175.0,145.0,Not Applicable,Not Applicable,No,Not Applicable,477,Cash,3,4.1,3.3
2024-07-12 08:33:00,CNR2436998652,Canceled by Driver,CID774529,Prime Sedan,Frazer Town,Shivajinagar,,,Not Applicable,Customer was coughing/sick,Not Applicable,Not Applicable,260,Not Applicable,0,,
2024-07-06 00:14:00,CNR3465864487,Success,CID566014,Bike,KR Puram,Rajajinagar,49.0,145.0,Not Applicable,Not Applicable,No,Not Applicable,963,Cash,47,4.2,4.6
2024-07-01 17:01:00,CNR6511146710,Success,CID274676,Prime Plus,Richmond Town,Malleshwaram,210.0,85.0,Not Applicable,Not Applicable,No,Not Applicable,1079,Debit Card,29,4.9,4.7
2024-07-19 18:45:00,CNR3849074841,Success,CID112251,Prime Plus,Devanahalli,Yeshwanthpur,140.0,65.0,Not Applicable,Not Applicable,No,Not Applicable,585,UPI,33,4.8,3.9
2024-07-27 04:50:00,CNR5723091218,Success,CID729277,Mini,Kengeri,HSR Layout,280.0,40.0,Not Applicable,Not Applicable,No,Not Applicable,159,UPI,43,4.4,3.6
2024-07-12 15:18:00,CNR2221468390,Canceled by Customer,CID940106,Prime Sedan,Basavanagudi,Magadi Road,,,Driver asked to cancel,Not Applicable,Not Applicable,Not Applicable,443,Not Applicable,0,,
2024-07-08 04:38:00,CNR6181368465,Success,CID492452,eBike,Langford Town,Indiranagar,112.0,135.0,Not Applicable,Not Applicable,No,Not Applicable,198,UPI,20,4.8,4.5
2024-07-16 20:21:00,CNR3335954242,Success,CID264297,Auto,Marathahalli,Richmond Town,266.0,130.0,Not Applicable,Not Applicable,No,Not Applicable,478,Cash,9,4.2,3.7
2024-07-27 21:21:00,CNR4202104009,Success,CID543265,Auto,Magadi Road,Chickpet,224.0,30.0,Not Applicable,Not Applicable,No,Not Applicable,911,Cash,17,3.3,4.1
2024-07-15 13:13:00,CNR7309960343,Success,CID604375,Prime SUV,BTM Layout,Rajarajeshwari Nagar,301.0,105.0,Not Applicable,Not Applicable,No,Not Applicable,405,Cash,28,4.9,3.5
2024-07-23 05:53:00,CNR1795470737,Success,CID382391,Bike,KR Puram,Kengeri,168.0,85.0,Not Applicable,Not Applicable,No,Not Applicable,138,Cash,23,3.5,3.3
2024-07-05 17:15:00,CNR5698081062,Success,CID692471,Prime Plus,KR Puram,Chickpet,294.0,25.0,Not Applicable,Not Applicable,No,Not Applicable,985,Cash,5,4.0,4.3
2024-07-16 21:26:00,CNR2308063462,Canceled by Driver,CID234890,Mini,Whitefield,Tumkur Road,,,Not Applicable,Personal & Car related issue,Not Applicable,Not Applicable,132,Not Applicable,0,,
2024-07-20 02:20:00,CNR4442662113,Success,CID993005,eBike,Whitefield,Basavanagudi,266.0,30.0,Not Applicable,Not Applicable,No,Not Applicable,1360,UPI,16,4.8,3.9
2024-07-12 14:53:00,CNR4540471674,Canceled by Driver,CID579990,Prime Sedan,Langford Town,Malleshwaram,,,Not Applicable,Customer related issue,Not Applicable,Not Applicable,419,Not Applicable,0,,
2024-07-21 03:57:00,CNR3802932860,Success,CID384958,Mini,Yelahanka,Richmond Town,98.0,140.0,Not Applicable,Not Applicable,No,Not Applicable,458,Cash,9,4.3,4.5
2024-07-16 18:04:00,CNR6784092787,Canceled by Driver,CID930634,Prime Plus,Tumkur Road,Shantinagar,,,Not Applicable,Personal & Car related issue,Not Applicable,Not Applicable,405,Not Applicable,0,,
2024-07-06 12:04:00,CNR5162218487,Success,CID202455,Mini,Chamarajpet,Kadugodi,35.0,120.0,Not Applicable,Not Applicable,No,Not Applicable,305,Cash,28,4.2,4.4
2024-07-13 09:04:00,CNR5655045242,Success,CID405440,Bike,Cox Town,Hebbal,280.0,40.0,Not Applicable,Not Applicable,No,Not Applicable,196,Cash,14,3.6,3.0
2024-07-04 05:48:00,CNR8449141457,Success,CID788531,Prime Sedan,Basavanagudi,BTM Layout,154.0,135.0,Not Applicable,Not Applicable,No,Not Applicable,182,Cash,37,4.6,4.0
2024-07-19 11:13:00,CNR4235155987,Success,CID585401,Prime Plus,Indiranagar,Shivajinagar,182.0,40.0,Not Applicable,Not Applicable,No,Not Applicable,323,UPI,6,4.2,4.0
2024-07-18 03:52:00,CNR2419978109,Canceled by Driver,CID886012,Prime SUV,Chickpet,Hebbal,,,Not Applicable,Personal & Car related issue,Not Applicable,Not Applicable,974,Not Applicable,0,,
2024-07-19 23:53:00,CNR9679783984,Canceled by Customer,CID609942,Prime Plus,Bellandur,Malleshwaram,,,Change of plans,Not Applicable,Not Applicable,Not Applicable,271,Not Applicable,0,,
2024-07-14 20:32:00,CNR7793037554,Success,CID815325,Prime Plus,Sahakar Nagar,RT Nagar,224.0,95.0,Not Applicable,Not Applicable,No,Not Applicable,323,Cash,46,4.8,3.9
2024-07-27 04:16:00,CNR3681189537,Success,CID348355,Prime Plus,Kammanahalli,KR Puram,161.0,105.0,Not Applicable,Not Applicable,No,Not Applicable,154,Cash,23,4.1,3.9
2024-07-07 02:13:00,CNR2796197231,Driver Not Found,CID422436,Bike,Chickpet,Kadugodi,,,Not Applicable,Not Applicable,Not Applicable,Not Applicable,2004,Not Applicable,0,,
2024-07-18 22:23:00,CNR1988786642,Success,CID935630,Mini,Richmond Town,MG Road,287.0,140.0,Not Applicable,Not Applicable,No,Not Applicable,795,UPI,41,4.5,3.4
2024-07-15 16:16:00,CNR2747219908,Canceled by Driver,CID673240,Mini,Majestic,Kadugodi,,,Not Applicable,Personal & Car related issue,Not Applicable,Not Applicable,264,Not Applicable,0,,
2024-07-27 04:36:00,CNR3150887238,Success,CID203361,Prime SUV,Varthur,Frazer Town,140.0,60.0,Not Applicable,Not Applicable,No,Not Applicable,366,Cash,49,4.2,3.3
2024-07-20 12:10:00,CNR1541052768,Canceled by Driver,CID246549,Prime SUV,Yeshwanthpur,MG Road,,,Not Applicable,Personal & Car related issue,Not Applicable,Not Applicable,306,Not Applicable,0,,
2024-07-26 00:53:00,CNR2922547332,Driver Not Found,CID545354,Auto,Hennur,Varthur,,,Not Applicable,Not Applicable,Not Applicable,Not Applicable,294,Not Applicable,0,,
2024-07-14 05:47:00,CNR2983593633,Success,CID895315,eBike,Hulimavu,Vijayanagar,294.0,50.0,Not Applicable,Not Applicable,No,Not Applicable,284,UPI,15,4.5,3.9
2024-07-08 05:39:00,CNR6350976707,Success,CID345151,Prime Plus,Richmond Town,Devanahalli,308.0,75.0,Not Applicable,Not Applicable,No,Not Applicable,407,UPI,45,3.6,3.8
2024-07-03 03:35:00,CNR6277775567,Success,CID487035,Bike,Peenya,HSR Layout,98.0,130.0,Not Applicable,Not Applicable,No,Not Applicable,121,Cash,4,4.6,3.7
2024-07-18 20:27:00,CNR4525009277,Canceled by Driver,CID868973,Auto,Tumkur Road,Frazer Town,,,Not Applicable,Customer related issue,Not Applicable,Not Applicable,273,Not Applicable,0,,
2024-07-07 00:12:00,CNR1515808936,Driver Not Found,CID800658,Prime Plus,Chickpet,Rajajinagar,,,Not Applicable,Not Applicable,Not Applicable,Not Applicable,139,Not Applicable,0,,
2024-07-14 16:39:00,CNR1788975206,Success,CID453198,Mini,Padmanabhanagar,Hebbal,301.0,135.0,Not Applicable,Not Applicable,No,Not Applicable,511,UPI,19,4.1,4.8
2024-07-23 13:44:00,CNR8284587337,Success,CID933771,Prime Plus,Kammanahalli,RT Nagar,287.0,40.0,Not Applicable,Not Applicable,No,Not Applicable,476,Cash,46,4.2,4.7
2024-07-13 22:24:00,CNR5037662746,Canceled by Driver,CID265384,Mini,Kengeri,Yeshwanthpur,,,Not Applicable,More than permitted people in there,Not Applicable,Not Applicable,912,Not Applicable,0,,
2024-07-15 17:03:00,CNR7067622192,Success,CID919853,Bike,Richmond Town,Indiranagar,161.0,95.0,Not Applicable,Not Applicable,No,Not Applicable,174,Cash,37,4.0,4.9
2024-07-25 10:18:00,CNR2218245775,Success,CID679697,Prime SUV,Indiranagar,Hennur,196.0,105.0,Not Applicable,Not Applicable,Yes,Vehicle Breakdown,328,Cash,44,4.1,3.7
2024-07-09 20:29:00,CNR1035329170,Success,CID897176,Bike,Jayanagar,Bannerghatta Road,238.0,25.0,Not Applicable,Not Applicable,No,Not Applicable,692,Cash,29,4.3,3.3
2024-07-04 23:04:00,CNR5486363958,Success,CID529613,Prime SUV,Hulimavu,Sahakar Nagar,175.0,55.0,Not Applicable,Not Applicable,No,Not Applicable,241,UPI,49,3.8,3.0
2024-07-14 10:37:00,CNR7655034179,Success,CID971525,Prime Sedan,Ramamurthy Nagar,Ulsoor,196.0,105.0,Not Applicable,Not Applicable,No,Not Applicable,122,UPI,14,3.4,3.5
2024-07-16 17:48:00,CNR3472893181,Driver Not Found,CID629233,Bike,Kammanahalli,Majestic,,,Not Applicable,Not Applicable,Not Applicable,Not Applicable,2848,Not Applicable,0,,
2024-07-27 09:36:00,CNR1197268763,Canceled by Customer,CID420160,Bike,JP Nagar,Majestic,,,Driver asked to cancel,Not Applicable,Not Applicable,Not Applicable,984,Not Applicable,0,,
2024-07-02 00:25:00,CNR4298595866,Success,CID744330,Bike,Koramangala,Hennur,252.0,40.0,Not Applicable,Not Applicable,No,Not Applicable,108,Credit Card,28,3.5,4.3
2024-07-20 10:13:00,CNR2183134179,Success,CID209735,Mini,Mysore Road,Sarjapur Road,203.0,65.0,Not Applicable,Not Applicable,No,Not Applicable,161,UPI,24,3.9,4.8
2024-07-29 03:43:00,CNR7285751237,Success,CID819184,Auto,Malleshwaram,KR Puram,63.0,30.0,Not Applicable,Not Applicable,No,Not Applicable,406,UPI,4,4.0,3.6
2024-07-15 07:17:00,CNR1478671941,Canceled by Driver,CID562338,Prime Plus,Ramamurthy Nagar,Hennur,,,Not Applicable,Personal & Car related issue,Not Applicable,Not Applicable,100,Not Applicable,0,,
2024-07-01 11:05:00,CNR5698149000,Success,CID136232,Bike,Shantinagar,Rajarajeshwari Nagar,280.0,60.0,Not Applicable,Not Applicable,No,Not Applicable,284,Cash,24,4.5,4.7
2024-07-07 04:42:00,CNR4755315470,Success,CID802461,Prime Plus,Rajarajeshwari Nagar,Hosur Road,105.0,70.0,Not Applicable,Not Applicable,No,Not Applicable,143,UPI,9,3.0,3.6
2024-07-25 13:02:00,CNR4504096708,Canceled by Driver,CID557307,Bike,Kengeri,Peenya,,,Not Applicable,Customer related issue,Not Applicable,Not Applicable,113,Not Applicable,0,,
2024-07-16 02:43:00,CNR9155530959,Success,CID523926,eBike,Shantinagar,Shantinagar,70.0,55.0,Not Applicable,Not Applicable,No,Not Applicable,841,Cash,41,4.3,4.5
2024-07-10 13:04:00,CNR6212986882,Success,CID782308,Mini,Sarjapur Road,MG Road,98.0,60.0,Not Applicable,Not Applicable,No,Not Applicable,130,Cash,28,4.6,3.5
2024-07-28 05:11:00,CNR5807196828,Success,CID351047,Auto,Vijayanagar,Varthur,63.0,140.0,Not Applicable,Not Applicable,No,Not Applicable,2295,UPI,11,4.8,4.5
2024-07-02 14:40:00,CNR8863376533,Success,CID210263,Prime SUV,Koramangala,Bannerghatta Road,35.0,80.0,Not Applicable,Not Applicable,No,Not Applicable,602,Cash,34,3.9,4.7
2024-07-28 19:53:00,CNR3795687580,Success,CID816990,Prime Sedan,MG Road,Bannerghatta Road,273.0,45.0,Not Applicable,Not Applicable,No,Not Applicable,2898,UPI,21,4.3,3.1
2024-07-09 16:26:00,CNR1926705604,Success,CID187098,Mini,Kadugodi,Electronic City,133.0,100.0,Not Applicable,Not Applicable,No,Not Applicable,863,Cash,44,3.3,3.9
2024-07-22 01:02:00,CNR9668243444,Success,CID175758,Mini,BTM Layout,Sahakar Nagar,273.0,70.0,Not Applicable,Not Applicable,No,Not Applicable,2899,Cash,2,4.0,4.8
2024-07-21 11:34:00,CNR9686356638,Success,CID777549,Prime Plus,Varthur,Peenya,273.0,135.0,Not Applicable,Not Applicable,No,Not Applicable,696,Cash,49,4.6,4.7
2024-07-03 18:10:00,CNR2182824279,Success,CID655768,Prime Sedan,Whitefield,Kengeri,259.0,120.0,Not Applicable,Not Applicable,No,Not Applicable,2115,UPI,37,3.8,4.7
2024-07-26 22:52:00,CNR5346814211,Success,CID990738,Prime Sedan,Rajarajeshwari Nagar,Banashankari,287.0,135.0,Not Applicable,Not Applicable,No,Not Applicable,609,Cash,48,3.9,3.7
2024-07-11 12:18:00,CNR2184557419,Success,CID905856,Prime Plus,Magadi Road,Majestic,56.0,60.0,Not Applicable,Not Applicable,No,Not Applicable,524,Cash,3,4.0,4.2
2024-07-03 11:30:00,CNR2387655335,Success,CID340029,Mini,JP Nagar,Sahakar Nagar,273.0,80.0,Not Applicable,Not Applicable,No,Not Applicable,320,UPI,29,3.6,4.5
2024-07-08 21:54:00,CNR6855081744,Success,CID597679,Auto,HSR Layout,Kammanahalli,259.0,135.0,Not Applicable,Not Applicable,No,Not Applicable,321,Cash,13,4.2,3.2
2024-07-25 02:43:00,CNR1325286569,Driver Not Found,CID291023,Prime SUV,Bannerghatta Road,Padmanabhanagar,,,Not Applicable,Not Applicable,Not Applicable,Not Applicable,514,Not Applicable,0,,
2024-07-04 03:22:00,CNR5475595069,Canceled by Customer,CID902105,Prime Plus,Hulimavu,Rajarajeshwari Nagar,,,Driver is not moving towards pickup location,Not Applicable,Not Applicable,Not Applicable,449,Not Applicable,0,,
2024-07-16 10:08:00,CNR6310236272,Success,CID566944,eBike,KR Puram,Bellandur,259.0,60.0,Not Applicable,Not Applicable,No,Not Applicable,535,UPI,40,4.6,4.5
2024-07-05 20:09:00,CNR8250914590,Success,CID358881,Bike,Kammanahalli,Yeshwanthpur,154.0,60.0,Not Applicable,Not Applicable,No,Not Applicable,580,Cash,18,3.2,4.2
2024-07-25 09:05:00,CNR3875017523,Success,CID700074,Bike,RT Nagar,Basavanagudi,301.0,45.0,Not Applicable,Not Applicable,No,Not Applicable,139,Cash,46,4.0,3.5
2024-07-06 17:50:00,CNR2334054241,Success,CID522766,eBike,Majestic,Nagarbhavi,252.0,85.0,Not Applicable,Not Applicable,No,Not Applicable,172,UPI,24,4.4,3.1
2024-07-09 13:17:00,CNR9051090910,Success,CID928883,eBike,Ulsoor,Richmond Town,126.0,135.0,Not Applicable,Not Applicable,No,Not Applicable,259,UPI,44,4.5,3.1
2024-07-11 20:40:00,CNR7037207459,Canceled by Customer,CID349998,Bike,Nagarbhavi,Hebbal,,,Driver asked to cancel,Not Applicable,Not Applicable,Not Applicable,313,Not Applicable,0,,
2024-07-06 08:44:00,CNR4911318210,Canceled by Customer,CID778288,Bike,Cox Town,Mysore Road,,,Driver asked to cancel,Not Applicable,Not Applicable,Not Applicable,406,Not Applicable,0,,
2024-07-22 17:43:00,CNR9135361166,Success,CID445671,Prime SUV,Padmanabhanagar,Rajarajeshwari Nagar,182.0,40.0,Not Applicable,Not Applicable,No,Not Applicable,482,Cash,11,3.9,3.2
2024-07-28 07:05:00,CNR8189160692,Canceled by Driver,CID390070,Bike,Mysore Road,Ramamurthy Nagar,,,Not Applicable,Customer related issue,Not Applicable,Not Applicable,853,Not Applicable,0,,
2024-07-17 04:53:00,CNR4099799726,Success,CID351916,Mini,Chickpet,Bellandur,294.0,100.0,Not Applicable,Not Applicable,No,Not Applicable,381,UPI,47,4.8,3.4
2024-07-20 20:48:00,CNR3756630107,Success,CID118141,Bike,Cox Town,Richmond Town,98.0,35.0,Not Applicable,Not Applicable,No,Not Applicable,347,Cash,7,5.0,3.5
2024-07-28 23:56:00,CNR6538030614,Canceled by Driver,CID166864,eBike,Koramangala,Yelahanka,,,Not Applicable,Personal & Car related issue,Not Applicable,Not Applicable,469,Not Applicable,0,,
2024-07-22 13:35:00,CNR8300007457,Success,CID309435,eBike,Kengeri,Sarjapur Road,196.0,115.0,Not Applicable,Not Applicable,No,Not Applicable,157,UPI,21,3.3,3.4
2024-07-09 17:20:00,CNR8633436012,Canceled by Driver,CID154849,Auto,KR Puram,Kadugodi,,,Not Applicable,Customer was coughing/sick,Not Applicable,Not Applicable,261,Not Applicable,0,,
2024-07-23 23:31:00,CNR5679571375,Success,CID604660,Mini,Tumkur Road,JP Nagar,119.0,55.0,Not Applicable,Not Applicable,No,Not Applicable,472,Cash,29,3.5,4.1
2024-07-01 15:46:00,CNR5111100236,Canceled by Customer,CID184662,Mini,Hennur,Jayanagar,,,Driver is not moving towards pickup location,Not Applicable,Not Applicable,Not Applicable,258,Not Applicable,0,,
2024-07-05 19:36:00,CNR9822494179,Success,CID672534,Bike,Marathahalli,BTM Layout,161.0,125.0,Not Applicable,Not Applicable,No,Not Applicable,165,Cash,12,3.3,3.6
2024-07-02 15:30:00,CNR1090915214,Driver Not Found,CID514048,Mini,Kammanahalli,Bannerghatta Road,,,Not Applicable,Not Applicable,Not Applicable,Not Applicable,759,Not Applicable,0,,
2024-07-17 05:45:00,CNR7549611340,Canceled by Driver,CID768927,Prime Plus,Hennur,Devanahalli,,,Not Applicable,Personal & Car related issue,Not Applicable,Not Applicable,101,Not Applicable,0,,
2024-07-16 14:19:00,CNR4087203080,Success,CID193010,Bike,Hebbal,Kadugodi,168.0,115.0,Not Applicable,Not Applicable,No,Not Applicable,267,Cash,22,3.4,3.1
2024-07-30 00:18:00,CNR1501055312,Success,CID942796,eBike,BTM Layout,Devanahalli,161.0,85.0,Not Applicable,Not Applicable,No,Not Applicable,2118,Cash,7,3.0,4.2
2024-07-28 12:27:00,CNR6549309709,Success,CID241759,Prime Plus,Majestic,Sarjapur Road,301.0,70.0,Not Applicable,Not Applicable,No,Not Applicable,151,Cash,16,4.8,4.8
2024-07-25 06:27:00,CNR5696391496,Success,CID348482,Prime Sedan,Yeshwanthpur,Indiranagar,70.0,125.0,Not Applicable,Not Applicable,No,Not Applicable,584,UPI,19,4.6,4.3
2024-07-05 10:41:00,CNR6768511618,Success,CID129665,Prime Sedan,Cox Town,Nagarbhavi,161.0,120.0,Not Applicable,Not Applicable,No,Not Applicable,939,Cash,23,3.2,3.1
2024-07-26 01:27:00,CNR9164125945,Success,CID652117,Auto,Electronic City,Basavanagudi,196.0,115.0,Not Applicable,Not Applicable,Yes,Vehicle Breakdown,457,Cash,19,3.8,3.8
2024-07-19 04:00:00,CNR7163108066,Success,CID134182,eBike,Ulsoor,Ulsoor,238.0,45.0,Not Applicable,Not Applicable,No,Not Applicable,174,UPI,21,4.4,3.0
2024-07-17 22:04:00,CNR4226680849,Canceled by Customer,CID166821,Prime Sedan,Hosur Road,Tumkur Road,,,Driver asked to cancel,Not Applicable,Not Applicable,Not Applicable,284,Not Applicable,0,,
2024-07-19 05:35:00,CNR8907262799,Canceled by Customer,CID340580,Prime Sedan,Yeshwanthpur,Yelahanka,,,Wrong Address,Not Applicable,Not Applicable,Not Applicable,174,Not Applicable,0,,
2024-07-02 22:02:00,CNR3107750986,Canceled by Driver,CID989959,Auto,Yeshwanthpur,Electronic City,,,Not Applicable,Personal & Car related issue,Not Applicable,Not Applicable,293,Not Applicable,0,,
2024-07-10 00:46:00,CNR3302621591,Driver Not Found,CID879112,Prime Sedan,Varthur,MG Road,,,Not Applicable,Not Applicable,Not Applicable,Not Applicable,337,Not Applicable,0,,
2024-07-24 18:20:00,CNR1798311509,Driver Not Found,CID986369,Prime Plus,Cox Town,Frazer Town,,,Not Applicable,Not Applicable,Not Applicable,Not Applicable,289,Not Applicable,0,,
2024-07-13 03:01:00,CNR9219611149,Driver Not Found,CID950756,Auto,Shivajinagar,Sahakar Nagar,,,Not Applicable,Not Applicable,Not Applicable,Not Applicable,836,Not Applicable,0,,
2024-07-21 01:45:00,CNR7603424886,Success,CID159993,Auto,Cox Town,Padmanabhanagar,189.0,85.0,Not Applicable,Not Applicable,No,Not Applicable,442,UPI,9,3.6,4.7
2024-07-26 08:25:00,CNR3697497700,Driver Not Found,CID952825,Prime SUV,Koramangala,Kengeri,,,Not Applicable,Not Applicable,Not Applicable,Not Applicable,348,Not Applicable,0,,
2024-07-21 13:38:00,CNR2353334347,Canceled by Driver,CID100470,Prime SUV,RT Nagar,Padmanabhanagar,,,Not Applicable,More than permitted people in there,Not Applicable,Not Applicable,423,Not Applicable,0,,
2024-07-03 11:18:00,CNR5387600744,Canceled by Customer,CID165326,eBike,Padmanabhanagar,Chamarajpet,,,Driver asked to cancel,Not Applicable,Not Applicable,Not Applicable,333,Not Applicable,0,,
2024-07-05 06:57:00,CNR2055411369,Driver Not Found,CID798954,eBike,Frazer Town,Mysore Road,,,Not Applicable,Not Applicable,Not Applicable,Not Applicable,251,Not Applicable,0,,
2024-07-29 20:15:00,CNR9248134022,Success,CID757695,Bike,Magadi Road,Chickpet,189.0,110.0,Not Applicable,Not Applicable,No,Not Applicable,211,UPI,39,3.7,3.2
2024-07-29 02:56:00,CNR7777383355,Success,CID177800,Prime Plus,Devanahalli,Magadi Road,105.0,40.0,Not Applicable,Not Applicable,No,Not Applicable,489,UPI,23,4.7,3.4
2024-07-15 04:43:00,CNR1159366943,Success,CID909464,Mini,Kadugodi,Whitefield,112.0,100.0,Not Applicable,Not Applicable,No,Not Applicable,166,UPI,41,3.9,4.7
2024-07-26 08:52:00,CNR8260719235,Success,CID991956,eBike,Magadi Road,Hosur Road,224.0,135.0,Not Applicable,Not Applicable,No,Not Applicable,307,UPI,22,3.5,4.0
2024-07-02 20:57:00,CNR2496038344,Success,CID469322,Auto,Banashankari,BTM Layout,77.0,90.0,Not Applicable,Not Applicable,No,Not Applicable,332,UPI,11,3.7,4.6
2024-07-06 14:50:00,CNR8535097840,Driver Not Found,CID789557,eBike,Kammanahalli,Jayanagar,,,Not Applicable,Not Applicable,Not Applicable,Not Applicable,218,Not Applicable,0,,
2024-07-20 12:52:00,CNR7332907510,Success,CID593818,Prime SUV,Hulimavu,Cox Town,112.0,130.0,Not Applicable,Not Applicable,No,Not Applicable,646,Cash,44,3.1,4.2
2024-07-24 21:42:00,CNR2634057346,Canceled by Driver,CID146318,Prime Plus,Yelahanka,RT Nagar,,,Not Applicable,Personal & Car related issue,Not Applicable,Not Applicable,244,Not Applicable,0,,
2024-07-09 14:27:00,CNR3972859855,Driver Not Found,CID282083,Prime Sedan,Rajarajeshwari Nagar,Malleshwaram,,,Not Applicable,Not Applicable,Not Applicable,Not Applicable,204,Not Applicable,0,,
2024-07-09 02:40:00,CNR2217614791,Success,CID982010,Bike,Nagarbhavi,Electronic City,77.0,60.0,Not Applicable,Not Applicable,No,Not Applicable,409,UPI,16,4.1,4.5
2024-07-10 10:54:00,CNR3692627890,Driver Not Found,CID807791,Prime SUV,Rajajinagar,Chickpet,,,Not Applicable,Not Applicable,Not Applicable,Not Applicable,238,Not Applicable,0,,
2024-07-21 14:34:00,CNR3729958417,Success,CID329960,Prime SUV,KR Puram,Indiranagar,301.0,100.0,Not Applicable,Not Applicable,No,Not Applicable,598,Cash,36,4.6,3.1
2024-07-25 06:11:00,CNR3774016270,Success,CID543882,Bike,Tumkur Road,Rajarajeshwari Nagar,308.0,115.0,Not Applicable,Not Applicable,Yes,Other Issue,2424,Cash,42,4.8,3.2
2024-07-25 00:54:00,CNR3703050984,Canceled by Driver,CID806714,Bike,Whitefield,Nagarbhavi,,,Not Applicable,Personal & Car related issue,Not Applicable,Not Applicable,456,Not Applicable,0,,
2024-07-14 02:03:00,CNR5702323403,Canceled by Customer,CID529327,Bike,Majestic,Rajarajeshwari Nagar,,,Driver asked to cancel,Not Applicable,Not Applicable,Not Applicable,238,Not Applicable,0,,
2024-07-18 03:59:00,CNR3565058836,Success,CID474999,Prime SUV,Rajajinagar,Basavanagudi,140.0,40.0,Not Applicable,Not Applicable,No,Not Applicable,859,UPI,17,3.7,3.9
2024-07-14 04:22:00,CNR9475791494,Canceled by Driver,CID517704,Bike,Magadi Road,Vijayanagar,,,Not Applicable,Personal & Car related issue,Not Applicable,Not Applicable,704,Not Applicable,0,,
2024-07-26 06:56:00,CNR2221016338,Success,CID975331,Prime Sedan,Basavanagudi,Electronic City,217.0,140.0,Not Applicable,Not Applicable,No,Not Applicable,342,UPI,35,4.8,4.9
2024-07-10 14:48:00,CNR7345762146,Success,CID815175,eBike,Chickpet,Padmanabhanagar,147.0,85.0,Not Applicable,Not Applicable,No,Not Applicable,402,UPI,16,4.5,4.9
2024-07-03 11:09:00,CNR5728862143,Success,CID274877,Prime Sedan,BTM Layout,Koramangala,168.0,130.0,Not Applicable,Not Applicable,No,Not Applicable,506,Credit Card,37,3.3,3.3
2024-07-27 04:29:00,CNR8657948113,Canceled by Driver,CID272673,Prime Plus,Bannerghatta Road,Langford Town,,,Not Applicable,Customer related issue,Not Applicable,Not Applicable,888,Not Applicable,0,,
2024-07-08 22:27:00,CNR1446817137,Success,CID247932,Prime SUV,KR Puram,Electronic City,294.0,105.0,Not Applicable,Not Applicable,No,Not Applicable,424,Cash,26,4.6,4.5
2024-07-27 04:58:00,CNR3992469216,Success,CID855723,Prime Sedan,MG Road,Yelahanka,287.0,35.0,Not Applicable,Not Applicable,No,Not Applicable,793,Cash,3,4.0,4.0
2024-07-05 20:44:00,CNR5227620282,Canceled by Driver,CID321060,eBike,Malleshwaram,JP Nagar,,,Not Applicable,Personal & Car related issue,Not Applicable,Not Applicable,2392,Not Applicable,0,,
2024-07-28 15:09:00,CNR2392894113,Canceled by Driver,CID511353,Auto,Devanahalli,Ulsoor,,,Not Applicable,Personal & Car related issue,Not Applicable,Not Applicable,228,Not Applicable,0,,
2024-07-25 12:43:00,CNR3613637077,Success,CID543556,eBike,Kammanahalli,Indiranagar,112.0,105.0,Not Applicable,Not Applicable,No,Not Applicable,267,Cash,20,4.2,3.2
2024-07-21 12:23:00,CNR5867585624,Driver Not Found,CID271187,eBike,Bannerghatta Road,Hennur,,,Not Applicable,Not Applicable,Not Applicable,Not Applicable,578,Not Applicable,0,,
2024-07-12 08:43:00,CNR2689920728,Canceled by Driver,CID337139,Auto,Mysore Road,Marathahalli,,,Not Applicable,Personal & Car related issue,Not Applicable,Not Applicable,444,Not Applicable,0,,
2024-07-10 23:23:00,CNR2323195100,Canceled by Driver,CID365562,Prime SUV,Hosur Road,Bellandur,,,Not Applicable,Customer related issue,Not Applicable,Not Applicable,486,Not Applicable,0,,
2024-07-06 14:46:00,CNR8532368379,Success,CID732418,Prime SUV,Tumkur Road,Kengeri,91.0,70.0,Not Applicable,Not Applicable,No,Not Applicable,688,Cash,8,3.1,4.2
2024-07-22 15:18:00,CNR4554903894,Canceled by Customer,CID969296,Prime SUV,Peenya,Shantinagar,,,Driver asked to cancel,Not Applicable,Not Applicable,Not Applicable,273,Not Applicable,0,,
2024-07-19 10:44:00,CNR8846795220,Success,CID192892,Prime Sedan,Magadi Road,Peenya,56.0,55.0,Not Applicable,Not Applicable,Yes,Vehicle Breakdown,2654,UPI,34,4.7,3.5
2024-07-29 21:36:00,CNR4535049473,Canceled by Customer,CID619636,Prime SUV,Richmond Town,Electronic City,,,AC is Not working,Not Applicable,Not Applicable,Not Applicable,269,Not Applicable,0,,
2024-07-21 21:08:00,CNR5620612152,Driver Not Found,CID961139,Mini,HSR Layout,Cox Town,,,Not Applicable,Not Applicable,Not Applicable,Not Applicable,348,Not Applicable,0,,
2024-07-15 19:40:00,CNR9353067933,Success,CID231203,Prime Plus,Kengeri,Langford Town,238.0,100.0,Not Applicable,Not Applicable,No,Not Applicable,1362,Cash,13,3.4,3.3
2024-07-27 11:29:00,CNR3085290133,Success,CID558561,Mini,Vijayanagar,Sahakar Nagar,49.0,115.0,Not Applicable,Not Applicable,No,Not Applicable,246,Cash,18,4.1,3.9
2024-07-05 18:53:00,CNR1105670524,Canceled by Driver,CID689324,Bike,Hosur Road,Chamarajpet,,,Not Applicable,Customer was coughing/sick,Not Applicable,Not Applicable,356,Not Applicable,0,,
2024-07-26 02:30:00,CNR7350644372,Success,CID494109,Prime SUV,Marathahalli,Mysore Road,294.0,110.0,Not Applicable,Not Applicable,No,Not Applicable,447,Cash,48,3.7,4.5
2024-07-20 09:23:00,CNR8240867040,Success,CID518667,eBike,Yelahanka,Shivajinagar,35.0,105.0,Not Applicable,Not Applicable,Yes,Vehicle Breakdown,259,Cash,42,4.5,3.8
2024-07-20 17:05:00,CNR9404815540,Driver Not Found,CID665635,Bike,Padmanabhanagar,Sahakar Nagar,,,Not Applicable,Not Applicable,Not Applicable,Not Applicable,281,Not Applicable,0,,
2024-07-27 09:22:00,CNR1823395628,Success,CID205900,Mini,Nagarbhavi,RT Nagar,280.0,115.0,Not Applicable,Not Applicable,No,Not Applicable,481,UPI,40,4.7,4.7
2024-07-13 01:38:00,CNR5431498400,Success,CID775423,eBike,Bannerghatta Road,Kammanahalli,35.0,75.0,Not Applicable,Not Applicable,No,Not Applicable,301,UPI,42,3.5,3.3
2024-07-10 08:11:00,CNR7243435756,Success,CID182558,Auto,Whitefield,Magadi Road,308.0,80.0,Not Applicable,Not Applicable,No,Not Applicable,251,Cash,15,3.1,4.9
2024-07-13 09:06:00,CNR5188353089,Success,CID102663,Mini,Indiranagar,Langford Town,182.0,85.0,Not Applicable,Not Applicable,Yes,Customer Demand,211,Cash,28,4.1,4.4
2024-07-18 04:56:00,CNR5732102461,Canceled by Driver,CID330293,Prime SUV,Hennur,Majestic,,,Not Applicable,Personal & Car related issue,Not Applicable,Not Applicable,1499,Not Applicable,0,,
2024-07-29 19:32:00,CNR6157830638,Driver Not Found,CID406912,Prime Sedan,Whitefield,Magadi Road,,,Not Applicable,Not Applicable,Not Applicable,Not Applicable,293,Not Applicable,0,,
2024-07-14 19:54:00,CNR8471784627,Canceled by Customer,CID527335,Prime SUV,Devanahalli,Basavanagudi,,,Driver asked to cancel,Not Applicable,Not Applicable,Not Applicable,113,Not Applicable,0,,
2024-07-10 17:12:00,CNR5679394271,Success,CID592936,eBike,JP Nagar,Varthur,210.0,25.0,Not Applicable,Not Applicable,No,Not Applicable,1148,UPI,37,3.0,3.0
2024-07-27 04:18:00,CNR5467922806,Success,CID501069,Prime SUV,HSR Layout,Banashankari,154.0,95.0,Not Applicable,Not Applicable,No,Not Applicable,866,Cash,6,3.8,3.1
2024-07-15 02:13:00,CNR9992568044,Canceled by Driver,CID975122,Bike,Rajajinagar,Yelahanka,,,Not Applicable,Customer was coughing/sick,Not Applicable,Not Applicable,361,Not Applicable,0,,
2024-07-21 00:02:00,CNR1412658139,Success,CID449104,Auto,Bannerghatta Road,KR Puram,252.0,125.0,Not Applicable,Not Applicable,No,Not Applicable,375,Cash,9,3.5,3.9
2024-07-25 10:38:00,CNR1371060920,Canceled by Customer,CID728976,eBike,Chickpet,Vijayanagar,,,Driver is not moving towards pickup location,Not Applicable,Not Applicable,Not Applicable,496,Not Applicable,0,,
2024-07-08 04:38:00,CNR3301255500,Success,CID607269,Prime SUV,Bellandur,Vijayanagar,266.0,60.0,Not Applicable,Not Applicable,No,Not Applicable,367,Cash,18,3.4,3.5
2024-07-02 10:17:00,CNR8602713107,Canceled by Driver,CID223000,eBike,Shantinagar,Padmanabhanagar,,,Not Applicable,Customer was coughing/sick,Not Applicable,Not Applicable,157,Not Applicable,0,,
2024-07-20 08:56:00,CNR1581302044,Success,CID907389,Prime Sedan,Varthur,Tumkur Road,287.0,140.0,Not Applicable,Not Applicable,No,Not Applicable,420,UPI,1,3.7,5.0
2024-07-26 08:30:00,CNR3507801464,Success,CID585528,Prime Sedan,Yeshwanthpur,Frazer Town,252.0,115.0,Not Applicable,Not Applicable,No,Not Applicable,788,Cash,8,3.6,3.3
2024-07-08 17:00:00,CNR5507757203,Canceled by Driver,CID331372,Prime Plus,Electronic City,Sahakar Nagar,,,Not Applicable,Personal & Car related issue,Not Applicable,Not Applicable,234,Not Applicable,0,,
2024-07-03 02:37:00,CNR7995020845,Canceled by Driver,CID816035,eBike,BTM Layout,Majestic,,,Not Applicable,Customer related issue,Not Applicable,Not Applicable,352,Not Applicable,0,,
2024-07-18 15:43:00,CNR6068716236,Canceled by Customer,CID131247,Auto,Kengeri,Basavanagudi,,,AC is Not working,Not Applicable,Not Applicable,Not Applicable,459,Not Applicable,0,,
2024-07-19 09:43:00,CNR2866819120,Success,CID545542,Prime Sedan,Varthur,Ulsoor,70.0,125.0,Not Applicable,Not Applicable,No,Not Applicable,356,UPI,20,3.3,4.1
2024-07-01 16:02:00,CNR7524067429,Success,CID467937,Prime Plus,Langford Town,RT Nagar,161.0,70.0,Not Applicable,Not Applicable,No,Not Applicable,337,Cash,38,3.3,3.2
2024-07-19 00:26:00,CNR3167010417,Success,CID702366,Mini,Frazer Town,Devanahalli,84.0,85.0,Not Applicable,Not Applicable,No,Not Applicable,297,Cash,23,4.0,3.6
2024-07-11 06:16:00,CNR2788375391,Success,CID887580,Bike,Rajarajeshwari Nagar,Vijayanagar,294.0,100.0,Not Applicable,Not Applicable,No,Not Applicable,229,Cash,19,3.3,4.9
2024-07-15 06:03:00,CNR8459480724,Success,CID961439,eBike,Marathahalli,Majestic,119.0,130.0,Not Applicable,Not Applicable,No,Not Applicable,160,Cash,3,3.1,3.6
2024-07-17 14:38:00,CNR2811895590,Success,CID786688,Prime Sedan,Hulimavu,RT Nagar,154.0,100.0,Not Applicable,Not Applicable,No,Not Applicable,260,UPI,46,4.6,4.0
2024-07-06 13:43:00,CNR7571817039,Success,CID627539,eBike,RT Nagar,Kammanahalli,294.0,35.0,Not Applicable,Not Applicable,No,Not Applicable,727,UPI,34,3.5,3.1
2024-07-27 16:28:00,CNR3373433420,Canceled by Customer,CID533764,Mini,Nagarbhavi,Sahakar Nagar,,,Driver is not moving towards pickup location,Not Applicable,Not Applicable,Not Applicable,381,Not Applicable,0,,
2024-07-18 01:33:00,CNR6581395268,Canceled by Driver,CID374556,Prime Sedan,BTM Layout,Hennur,,,Not Applicable,More than permitted people in there,Not Applicable,Not Applicable,178,Not Applicable,0,,
2024-07-03 10:12:00,CNR8509901642,Success,CID528228,Prime Sedan,Hulimavu,Peenya,126.0,70.0,Not Applicable,Not Applicable,No,Not Applicable,2226,Cash,4,3.9,3.4
2024-07-06 22:09:00,CNR6797520410,Success,CID641081,Prime Plus,Shivajinagar,Sarjapur Road,161.0,65.0,Not Applicable,Not Applicable,No,Not Applicable,435,Cash,40,3.9,3.9
2024-07-12 15:24:00,CNR1958976666,Success,CID207699,eBike,Ramamurthy Nagar,RT Nagar,301.0,140.0,Not Applicable,Not Applicable,No,Not Applicable,273,UPI,37,3.4,3.2
2024-07-12 22:26:00,CNR9156977650,Canceled by Driver,CID112129,Prime Sedan,Peenya,Varthur,,,Not Applicable,Personal & Car related issue,Not Applicable,Not Applicable,319,Not Applicable,0,,
2024-07-04 17:51:00,CNR4139745465,Success,CID253790,Prime Plus,Yelahanka,Magadi Road,63.0,50.0,Not Applicable,Not Applicable,No,Not Applicable,1647,Cash,13,4.7,4.5
2024-07-07 17:05:00,CNR8581689740,Success,CID729808,Bike,Sarjapur Road,Richmond Town,196.0,60.0,Not Applicable,Not Applicable,No,Not Applicable,217,Cash,2,4.0,3.6
2024-07-05 09:37:00,CNR2871799742,Success,CID424828,Mini,Koramangala,KR Puram,238.0,120.0,Not Applicable,Not Applicable,No,Not Applicable,422,Cash,21,4.7,3.4
2024-07-19 07:11:00,CNR3575948415,Canceled by Customer,CID882346,Prime Sedan,Nagarbhavi,Cox Town,,,AC is Not working,Not Applicable,Not Applicable,Not Applicable,335,Not Applicable,0,,
2024-07-25 06:13:00,CNR1485772216,Success,CID940408,Auto,Kengeri,Padmanabhanagar,49.0,115.0,Not Applicable,Not Applicable,No,Not Applicable,318,UPI,15,4.7,4.9
2024-07-23 02:33:00,CNR3978966399,Driver Not Found,CID148738,Prime Sedan,Bannerghatta Road,Sahakar Nagar,,,Not Applicable,Not Applicable,Not Applicable,Not Applicable,1177,Not Applicable,0,,
2024-07-15 10:23:00,CNR3906751011,Success,CID389738,Prime SUV,Jayanagar,Varthur,70.0,130.0,Not Applicable,Not Applicable,No,Not Applicable,528,UPI,36,3.7,3.6
2024-07-09 05:55:00,CNR1532212366,Success,CID529773,Prime Sedan,Ramamurthy Nagar,Richmond Town,217.0,55.0,Not Applicable,Not Applicable,No,Not Applicable,159,Cash,31,4.4,3.6
2024-07-09 07:03:00,CNR8306765948,Success,CID758277,Bike,Yelahanka,Rajarajeshwari Nagar,63.0,125.0,Not Applicable,Not Applicable,No,Not Applicable,274,UPI,4,4.4,3.5
2024-07-27 07:07:00,CNR8628526885,Driver Not Found,CID504143,eBike,Marathahalli,JP Nagar,,,Not Applicable,Not Applicable,Not Applicable,Not Applicable,375,Not Applicable,0,,
2024-07-02 20:15:00,CNR8138086706,Success,CID880299,Mini,BTM Layout,Richmond Town,154.0,30.0,Not Applicable,Not Applicable,No,Not Applicable,326,Credit Card,28,3.0,3.2
2024-07-05 10:55:00,CNR3224929567,Canceled by Driver,CID734792,Bike,Varthur,Kammanahalli,,,Not Applicable,Customer related issue,Not Applicable,Not Applicable,2668,Not Applicable,0,,
2024-07-03 18:54:00,CNR1757819544,Canceled by Driver,CID183621,Prime Plus,Devanahalli,Cox Town,,,Not Applicable,Personal & Car related issue,Not Applicable,Not Applicable,715,Not Applicable,0,,
2024-07-18 02:21:00,CNR6388162508,Canceled by Driver,CID456815,Prime SUV,Langford Town,KR Puram,,,Not Applicable,Customer was coughing/sick,Not Applicable,Not Applicable,232,Not Applicable,0,,
2024-07-30 19:31:00,CNR1394449988,Success,CID145819,Bike,Kammanahalli,Indiranagar,175.0,145.0,Not Applicable,Not Applicable,No,Not Applicable,513,UPI,39,4.1,3.5
2024-07-19 00:48:00,CNR6905892667,Success,CID346688,Prime SUV,Magadi Road,Yelahanka,224.0,125.0,Not Applicable,Not Applicable,No,Not Applicable,146,UPI,10,3.1,3.1
2024-07-14 11:51:00,CNR1313721997,Success,CID547420,eBike,Langford Town,Sahakar Nagar,238.0,120.0,Not Applicable,Not Applicable,No,Not Applicable,479,UPI,37,4.9,4.2
2024-07-01 13:09:00,CNR5992333952,Success,CID995821,Prime SUV,JP Nagar,RT Nagar,119.0,80.0,Not Applicable,Not Applicable,No,Not Applicable,234,UPI,7,5.0,4.4
2024-07-27 10:04:00,CNR4215773381,Success,CID537088,Prime SUV,Devanahalli,Marathahalli,189.0,80.0,Not Applicable,Not Applicable,No,Not Applicable,276,Cash,25,3.4,3.6
2024-07-30 10:32:00,CNR7335516667,Success,CID403016,Prime Plus,Chickpet,Marathahalli,231.0,30.0,Not Applicable,Not Applicable,No,Not Applicable,224,Cash,11,3.5,3.8
2024-07-16 14:11:00,CNR8797193929,Canceled by Driver,CID249010,eBike,JP Nagar,Majestic,,,Not Applicable,Customer was coughing/sick,Not Applicable,Not Applicable,878,Not Applicable,0,,
2024-07-17 23:33:00,CNR9971259169,Driver Not Found,CID786587,Prime SUV,Ramamurthy Nagar,Tumkur Road,,,Not Applicable,Not Applicable,Not Applicable,Not Applicable,476,Not Applicable,0,,
2024-07-29 02:40:00,CNR6842810635,Success,CID667410,Prime SUV,Majestic,Nagarbhavi,119.0,90.0,Not Applicable,Not Applicable,No,Not Applicable,227,Cash,9,3.7,5.0
2024-07-22 05:02:00,CNR1095203470,Canceled by Driver,CID554886,Prime Sedan,Kadugodi,Rajarajeshwari Nagar,,,Not Applicable,Customer related issue,Not Applicable,Not Applicable,2178,Not Applicable,0,,
2024-07-26 01:46:00,CNR7316494880,Success,CID357051,Mini,BTM Layout,Hosur Road,126.0,25.0,Not Applicable,Not Applicable,No,Not Applicable,201,Cash,15,4.5,3.6
2024-07-14 07:56:00,CNR3386898532,Success,CID730594,Auto,Yelahanka,MG Road,70.0,60.0,Not Applicable,Not Applicable,No,Not Applicable,330,UPI,13,3.1,4.9
2024-07-17 07:36:00,CNR5038496351,Success,CID691487,Bike,Hulimavu,Majestic,35.0,125.0,Not Applicable,Not Applicable,No,Not Applicable,2860,UPI,21,4.3,3.3
2024-07-19 02:15:00,CNR8602102956,Success,CID298871,eBike,Kammanahalli,RT Nagar,231.0,55.0,Not Applicable,Not Applicable,No,Not Applicable,335,UPI,41,3.3,4.3
2024-07-28 19:43:00,CNR6031824990,Success,CID138622,eBike,Hebbal,Kengeri,259.0,55.0,Not Applicable,Not Applicable,No,Not Applicable,406,Credit Card,9,4.9,4.9
2024-07-17 06:04:00,CNR1331120741,Success,CID190565,Auto,Vijayanagar,HSR Layout,280.0,55.0,Not Applicable,Not Applicable,No,Not Applicable,1181,Cash,5,4.0,4.9
2024-07-22 22:43:00,CNR2137060823,Success,CID502308,Auto,RT Nagar,BTM Layout,147.0,90.0,Not Applicable,Not Applicable,No,Not Applicable,144,UPI,17,4.4,3.2
2024-07-01 02:13:00,CNR9639105936,Canceled by Driver,CID706371,Prime Plus,Vijayanagar,Sarjapur Road,,,Not Applicable,Personal & Car related issue,Not Applicable,Not Applicable,1880,Not Applicable,0,,
2024-07-29 08:13:00,CNR3671165430,Success,CID183316,Prime Plus,Kammanahalli,KR Puram,161.0,35.0,Not Applicable,Not Applicable,No,Not Applicable,145,Cash,34,3.4,4.2
2024-07-18 20:22:00,CNR9773795247,Success,CID182342,Prime Sedan,Marathahalli,Devanahalli,287.0,60.0,Not Applicable,Not Applicable,No,Not Applicable,275,Cash,24,3.8,4.3
2024-07-05 10:19:00,CNR9288899841,Success,CID255236,Prime Sedan,Sarjapur Road,Frazer Town,266.0,50.0,Not Applicable,Not Applicable,No,Not Applicable,835,Credit Card,26,3.7,4.0
2024-07-26 12:53:00,CNR4589986533,Success,CID958434,Prime SUV,Electronic City,Yelahanka,196.0,105.0,Not Applicable,Not Applicable,No,Not Applicable,1498,Credit Card,16,4.8,5.0
2024-07-13 08:34:00,CNR8738990755,Success,CID195972,Bike,KR Puram,BTM Layout,70.0,45.0,Not Applicable,Not Applicable,No,Not Applicable,281,UPI,15,3.9,4.8
2024-07-18 04:16:00,CNR3708966177,Canceled by Driver,CID232950,Prime SUV,Sarjapur Road,Hebbal,,,Not Applicable,Customer related issue,Not Applicable,Not Applicable,599,Not Applicable,0,,
2024-07-27 04:09:00,CNR2348263751,Success,CID184974,Prime Sedan,Tumkur Road,Kengeri,42.0,55.0,Not Applicable,Not Applicable,No,Not Applicable,1370,Cash,6,4.2,4.0
2024-07-16 20:24:00,CNR1246716691,Success,CID360549,Prime SUV,Sahakar Nagar,Langford Town,259.0,125.0,Not Applicable,Not Applicable,No,Not Applicable,313,Cash,19,4.3,3.1
2024-07-29 05:48:00,CNR2219323086,Success,CID565043,Auto,Ulsoor,Hosur Road,245.0,135.0,Not Applicable,Not Applicable,No,Not Applicable,732,Cash,4,4.0,3.0
2024-07-13 02:51:00,CNR9615452155,Success,CID486877,Mini,Koramangala,RT Nagar,224.0,25.0,Not Applicable,Not Applicable,No,Not Applicable,688,UPI,16,4.0,4.1
2024-07-25 13:28:00,CNR4793581779,Canceled by Customer,CID324115,eBike,Sarjapur Road,Bannerghatta Road,,,Change of plans,Not Applicable,Not Applicable,Not Applicable,2153,Not Applicable,0,,
2024-07-02 15:00:00,CNR7387627386,Success,CID753192,Mini,RT Nagar,Langford Town,70.0,85.0,Not Applicable,Not Applicable,No,Not Applicable,979,UPI,7,4.5,3.5
2024-07-26 16:45:00,CNR5513461012,Success,CID680092,Bike,Padmanabhanagar,Cox Town,168.0,75.0,Not Applicable,Not Applicable,No,Not Applicable,270,Cash,39,3.9,3.0
2024-07-01 22:50:00,CNR4222360610,Success,CID541159,Prime SUV,Frazer Town,Tumkur Road,210.0,95.0,Not Applicable,Not Applicable,No,Not Applicable,207,UPI,7,4.0,4.7
2024-07-25 21:48:00,CNR2280628616,Driver Not Found,CID943217,Prime Sedan,Richmond Town,Indiranagar,,,Not Applicable,Not Applicable,Not Applicable,Not Applicable,198,Not Applicable,0,,
2024-07-02 14:30:00,CNR4659668670,Success,CID745481,Prime Plus,Koramangala,Nagarbhavi,147.0,55.0,Not Applicable,Not Applicable,No,Not Applicable,319,Cash,39,3.8,3.3
2024-07-10 15:21:00,CNR2650854550,Success,CID743253,Prime Sedan,Tumkur Road,Cox Town,133.0,130.0,Not Applicable,Not Applicable,No,Not Applicable,1579,Cash,39,4.8,4.0
2024-07-20 06:08:00,CNR7553714060,Success,CID176724,Prime Plus,KR Puram,Bellandur,154.0,25.0,Not Applicable,Not Applicable,No,Not Applicable,391,Debit Card,16,4.1,3.6
2024-07-13 14:20:00,CNR8924167055,Success,CID958006,Prime SUV,Langford Town,Hosur Road,98.0,50.0,Not Applicable,Not Applicable,No,Not Applicable,1946,UPI,44,3.5,3.6
2024-07-05 12:01:00,CNR9339026934,Success,CID646215,eBike,Malleshwaram,Richmond Town,266.0,30.0,Not Applicable,Not Applicable,No,Not Applicable,105,Cash,26,3.8,3.4
2024-07-04 22:53:00,CNR8524028893,Canceled by Driver,CID275168,Mini,Kadugodi,Padmanabhanagar,,,Not Applicable,More than permitted people in there,Not Applicable,Not Applicable,401,Not Applicable,0,,
2024-07-20 07:46:00,CNR7977310818,Success,CID543931,Bike,Kammanahalli,Varthur,224.0,80.0,Not Applicable,Not Applicable,No,Not Applicable,739,Cash,43,4.6,3.8
2024-07-26 03:37:00,CNR5887875177,Driver Not Found,CID848208,Prime Sedan,Rajajinagar,Rajajinagar,,,Not Applicable,Not Applicable,Not Applicable,Not Applicable,351,Not Applicable,0,,
2024-07-27 11:58:00,CNR9898138621,Driver Not Found,CID724389,eBike,Bellandur,Basavanagudi,,,Not Applicable,Not Applicable,Not Applicable,Not Applicable,410,Not Applicable,0,,
2024-07-22 03:40:00,CNR5107405292,Success,CID533991,Prime Plus,Hosur Road,Kammanahalli,56.0,80.0,Not Applicable,Not Applicable,No,Not Applicable,157,Cash,46,4.1,4.7
2024-07-07 23:01:00,CNR3178839354,Success,CID914427,Prime Sedan,Ulsoor,Frazer Town,63.0,30.0,Not Applicable,Not Applicable,No,Not Applicable,380,Cash,46,3.1,3.1
2024-07-03 23:51:00,CNR8517562154,Canceled by Customer,CID475518,Prime Plus,Kammanahalli,Majestic,,,Driver is not moving towards pickup location,Not Applicable,Not Applicable,Not Applicable,152,Not Applicable,0,,
2024-07-13 06:49:00,CNR8068210130,Success,CID125949,Mini,Indiranagar,Varthur,196.0,30.0,Not Applicable,Not Applicable,No,Not Applicable,302,Cash,30,3.3,4.3
2024-07-17 16:22:00,CNR8366993625,Success,CID791962,Prime SUV,Yelahanka,Kengeri,126.0,145.0,Not Applicable,Not Applicable,Yes,Vehicle Breakdown,149,UPI,11,4.9,3.8
2024-07-30 04:57:00,CNR4803963845,Success,CID289582,Prime Plus,Mysore Road,Ramamurthy Nagar,147.0,100.0,Not Applicable,Not Applicable,No,Not Applicable,2685,UPI,18,4.6,3.1
2024-07-06 14:33:00,CNR8591926144,Success,CID762698,Prime SUV,Kengeri,Whitefield,56.0,110.0,Not Applicable,Not Applicable,Yes,Customer Demand,912,UPI,38,4.1,4.7
2024-07-14 03:12:00,CNR9365242211,Success,CID572243,Bike,Tumkur Road,Sarjapur Road,168.0,120.0,Not Applicable,Not Applicable,No,Not Applicable,168,UPI,41,3.1,4.7
2024-07-07 05:05:00,CNR4636487800,Success,CID802421,Prime Plus,Banashankari,Malleshwaram,301.0,85.0,Not Applicable,Not Applicable,No,Not Applicable,130,Cash,17,3.9,4.9
2024-07-17 00:24:00,CNR4136575670,Success,CID820578,eBike,Ulsoor,Hebbal,231.0,130.0,Not Applicable,Not Applicable,No,Not Applicable,430,UPI,6,4.8,3.2
2024-07-26 09:26:00,CNR7558590122,Success,CID728744,Mini,Yeshwanthpur,Varthur,308.0,40.0,Not Applicable,Not Applicable,No,Not Applicable,225,UPI,5,4.8,3.5
2024-07-13 21:23:00,CNR7383413243,Success,CID294150,Auto,Hebbal,Richmond Town,63.0,55.0,Not Applicable,Not Applicable,No,Not Applicable,443,UPI,18,4.7,3.1
2024-07-07 20:04:00,CNR8703320313,Success,CID722130,Prime SUV,Ramamurthy Nagar,Mysore Road,203.0,125.0,Not Applicable,Not Applicable,No,Not Applicable,991,Cash,1,3.4,4.5
2024-07-06 09:52:00,CNR7611104667,Success,CID697509,eBike,Malleshwaram,Hebbal,42.0,135.0,Not Applicable,Not Applicable,Yes,Vehicle Breakdown,246,UPI,19,4.1,4.3
2024-07-11 10:00:00,CNR2359086837,Success,CID390753,Prime Plus,Indiranagar,Basavanagudi,287.0,130.0,Not Applicable,Not Applicable,No,Not Applicable,109,UPI,34,4.5,3.2
2024-07-19 03:16:00,CNR1696042267,Success,CID979785,Mini,Yeshwanthpur,Hosur Road,112.0,100.0,Not Applicable,Not Applicable,No,Not Applicable,181,Cash,16,3.7,4.5
2024-07-24 19:57:00,CNR4989273106,Success,CID778032,Prime Sedan,RT Nagar,Chamarajpet,112.0,25.0,Not Applicable,Not Applicable,No,Not Applicable,111,UPI,30,4.1,3.5
2024-07-29 10:18:00,CNR2465324072,Success,CID174047,Mini,Yeshwanthpur,Jayanagar,182.0,65.0,Not Applicable,Not Applicable,No,Not Applicable,153,UPI,40,3.7,4.9
2024-07-19 08:26:00,CNR1715568108,Success,CID759512,Prime Plus,Magadi Road,Shivajinagar,119.0,30.0,Not Applicable,Not Applicable,No,Not Applicable,173,Cash,21,4.7,3.1
2024-07-16 11:22:00,CNR8471729146,Canceled by Driver,CID755811,Auto,Nagarbhavi,Marathahalli,,,Not Applicable,More than permitted people in there,Not Applicable,Not Applicable,269,Not Applicable,0,,
2024-07-13 10:34:00,CNR6072785492,Success,CID559774,Prime SUV,Hebbal,Basavanagudi,266.0,35.0,Not Applicable,Not Applicable,No,Not Applicable,105,Cash,44,4.9,3.4
2024-07-24 20:00:00,CNR9781976319,Success,CID611942,eBike,Ulsoor,Kadugodi,196.0,75.0,Not Applicable,Not Applicable,No,Not Applicable,369,UPI,27,4.2,3.1
2024-07-24 01:33:00,CNR6772854421,Success,CID280501,Prime Plus,Koramangala,Magadi Road,168.0,90.0,Not Applicable,Not Applicable,No,Not Applicable,422,Cash,3,4.3,3.8
2024-07-15 00:14:00,CNR8959580650,Success,CID424242,eBike,Marathahalli,Ramamurthy Nagar,63.0,90.0,Not Applicable,Not Applicable,No,Not Applicable,838,UPI,46,4.3,4.6
2024-07-17 03:39:00,CNR7942941051,Success,CID272597,Mini,Banashankari,Electronic City,189.0,115.0,Not Applicable,Not Applicable,No,Not Applicable,928,Cash,5,3.3,4.5
2024-07-27 21:49:00,CNR7700283609,Success,CID693664,Prime Sedan,Ulsoor,Richmond Town,203.0,75.0,Not Applicable,Not Applicable,No,Not Applicable,417,Cash,41,3.5,4.3
2024-07-09 21:33:00,CNR8430341794,Canceled by Driver,CID504443,Bike,Jayanagar,Sahakar Nagar,,,Not Applicable,Customer was coughing/sick,Not Applicable,Not Applicable,848,Not Applicable,0,,
2024-07-21 15:21:00,CNR5880364706,Success,CID335580,Prime Sedan,Malleshwaram,Ramamurthy Nagar,245.0,140.0,Not Applicable,Not Applicable,No,Not Applicable,142,Cash,32,3.2,4.4
2024-07-15 21:56:00,CNR9949660160,Success,CID689662,Prime Sedan,Kengeri,HSR Layout,77.0,130.0,Not Applicable,Not Applicable,No,Not Applicable,313,UPI,44,5.0,4.2
2024-07-13 07:00:00,CNR1172659363,Success,CID829746,Bike,Mysore Road,Kammanahalli,63.0,125.0,Not Applicable,Not Applicable,No,Not Applicable,329,UPI,22,4.9,4.2
2024-07-07 03:36:00,CNR9845432290,Success,CID513429,Bike,Marathahalli,BTM Layout,224.0,115.0,Not Applicable,Not Applicable,No,Not Applicable,352,Cash,1,4.3,4.4
2024-07-10 23:59:00,CNR4267059838,Success,CID410527,Bike,BTM Layout,Koramangala,175.0,100.0,Not Applicable,Not Applicable,No,Not Applicable,2605,Debit Card,3,3.6,3.4
2024-07-11 17:39:00,CNR9552644309,Success,CID130805,Prime Sedan,BTM Layout,Hosur Road,308.0,80.0,Not Applicable,Not Applicable,No,Not Applicable,328,UPI,26,3.6,3.7
2024-07-04 03:24:00,CNR2058156875,Success,CID335017,Mini,Jayanagar,Kammanahalli,77.0,115.0,Not Applicable,Not Applicable,No,Not Applicable,466,Cash,32,4.7,3.4
2024-07-20 23:01:00,CNR2653414085,Success,CID224600,Prime Sedan,Bellandur,Tumkur Road,133.0,145.0,Not Applicable,Not Applicable,Yes,Other Issue,257,UPI,43,4.2,4.8
2024-07-14 15:29:00,CNR4454305498,Success,CID421204,Auto,Sahakar Nagar,Richmond Town,168.0,95.0,Not Applicable,Not Applicable,No,Not Applicable,130,UPI,17,3.4,3.7
2024-07-28 11:49:00,CNR1453345115,Success,CID176586,Mini,Hebbal,Mysore Road,168.0,75.0,Not Applicable,Not Applicable,No,Not Applicable,317,Cash,34,3.4,4.5
2024-07-10 12:48:00,CNR7079606369,Success,CID916561,Prime SUV,Jayanagar,Ramamurthy Nagar,119.0,95.0,Not Applicable,Not Applicable,No,Not Applicable,186,Debit Card,6,4.7,4.3
2024-07-07 22:08:00,CNR4328813330,Success,CID894813,Mini,Kammanahalli,Shantinagar,35.0,40.0,Not Applicable,Not Applicable,Yes,Vehicle Breakdown,175,Cash,9,3.1,3.3
2024-07-01 18:19:00,CNR5062667829,Success,CID288025,Prime Plus,Chamarajpet,Magadi Road,224.0,35.0,Not Applicable,Not Applicable,No,Not Applicable,2682,UPI,24,4.0,4.3
2024-07-12 09:21:00,CNR8007607550,Success,CID599646,Mini,Shivajinagar,Indiranagar,84.0,50.0,Not Applicable,Not Applicable,No,Not Applicable,224,Cash,13,3.0,3.9
2024-07-13 07:07:00,CNR9453154118,Driver Not Found,CID391268,eBike,Bellandur,MG Road,,,Not Applicable,Not Applicable,Not Applicable,Not Applicable,298,Not Applicable,0,,
2024-07-16 12:32:00,CNR2533840084,Success,CID376905,Auto,RT Nagar,Malleshwaram,238.0,110.0,Not Applicable,Not Applicable,No,Not Applicable,596,Cash,19,3.9,4.9
2024-07-11 05:38:00,CNR7170117432,Success,CID648249,Prime Sedan,Sarjapur Road,Devanahalli,280.0,100.0,Not Applicable,Not Applicable,No,Not Applicable,744,UPI,28,3.1,4.5
2024-07-09 15:08:00,CNR9259065679,Success,CID518783,Auto,RT Nagar,MG Road,42.0,75.0,Not Applicable,Not Applicable,No,Not Applicable,413,Credit Card,5,4.6,4.8
2024-07-12 14:15:00,CNR4024297725,Success,CID914988,Prime SUV,Sarjapur Road,Sahakar Nagar,154.0,30.0,Not Applicable,Not Applicable,No,Not Applicable,479,UPI,11,3.6,4.5
2024-07-20 18:23:00,CNR9114169129,Success,CID573786,Prime Sedan,Ulsoor,Yeshwanthpur,161.0,45.0,Not Applicable,Not Applicable,No,Not Applicable,596,Cash,6,4.3,4.1
2024-07-05 10:23:00,CNR9180382961,Success,CID284152,Mini,Whitefield,Hosur Road,98.0,95.0,Not Applicable,Not Applicable,No,Not Applicable,739,Cash,47,4.2,4.6
2024-07-26 01:44:00,CNR8154002382,Driver Not Found,CID669135,Prime SUV,HSR Layout,Ulsoor,,,Not Applicable,Not Applicable,Not Applicable,Not Applicable,961,Not Applicable,0,,
2024-07-19 13:57:00,CNR5052167687,Success,CID162761,Prime Sedan,Shantinagar,Langford Town,168.0,65.0,Not Applicable,Not Applicable,No,Not Applicable,155,UPI,1,4.4,4.9
2024-07-01 03:43:00,CNR6007593627,Success,CID960116,Bike,BTM Layout,Marathahalli,133.0,30.0,Not Applicable,Not Applicable,No,Not Applicable,126,UPI,2,4.4,3.2
2024-07-19 08:03:00,CNR6342333951,Driver Not Found,CID281668,Auto,Majestic,Chamarajpet,,,Not Applicable,Not Applicable,Not Applicable,Not Applicable,2764,Not Applicable,0,,
2024-07-29 16:16:00,CNR5158609736,Canceled by Driver,CID908073,Prime Sedan,Whitefield,Koramangala,,,Not Applicable,Customer related issue,Not Applicable,Not Applicable,204,Not Applicable,0,,
2024-07-28 08:02:00,CNR3395806981,Success,CID201733,Prime Sedan,Electronic City,Rajajinagar,196.0,95.0,Not Applicable,Not Applicable,No,Not Applicable,308,Cash,27,4.2,3.4
2024-07-01 18:22:00,CNR9254971023,Success,CID779726,Bike,Hennur,Electronic City,294.0,60.0,Not Applicable,Not Applicable,No,Not Applicable,344,Cash,12,4.2,3.7
2024-07-17 05:11:00,CNR7289738521,Success,CID668642,Bike,KR Puram,Rajajinagar,84.0,110.0,Not Applicable,Not Applicable,No,Not Applicable,821,Cash,9,4.6,3.4
2024-07-27 12:15:00,CNR3258551735,Success,CID168709,Prime Plus,Kadugodi,Mysore Road,273.0,30.0,Not Applicable,Not Applicable,No,Not Applicable,961,Cash,21,3.6,4.3
2024-07-13 18:06:00,CNR8185320716,Success,CID714524,Prime Sedan,Hebbal,Varthur,147.0,125.0,Not Applicable,Not Applicable,No,Not Applicable,458,Cash,24,4.3,3.7
2024-07-12 06:18:00,CNR2871885642,Success,CID709700,Bike,Richmond Town,Chamarajpet,42.0,110.0,Not Applicable,Not Applicable,No,Not Applicable,437,Cash,17,4.9,4.5
2024-07-29 02:47:00,CNR2401312228,Success,CID816011,Prime Plus,Kengeri,Koramangala,112.0,40.0,Not Applicable,Not Applicable,No,Not Applicable,295,UPI,10,3.9,4.5
2024-07-14 22:01:00,CNR3208388696,Success,CID314116,Mini,Shivajinagar,Shivajinagar,98.0,135.0,Not Applicable,Not Applicable,No,Not Applicable,178,Cash,43,4.7,4.8
2024-07-16 03:49:00,CNR1310339881,Success,CID520944,Prime Plus,Magadi Road,Banashankari,280.0,30.0,Not Applicable,Not Applicable,No,Not Applicable,169,UPI,11,3.5,4.4
2024-07-14 21:53:00,CNR8856257713,Success,CID444715,Bike,Langford Town,Hennur,301.0,50.0,Not Applicable,Not Applicable,No,Not Applicable,387,Cash,17,4.2,5.0
2024-07-17 12:40:00,CNR9251162834,Driver Not Found,CID459298,eBike,Basavanagudi,Bannerghatta Road,,,Not Applicable,Not Applicable,Not Applicable,Not Applicable,498,Not Applicable,0,,
2024-07-21 20:27:00,CNR2807756151,Driver Not Found,CID891495,eBike,Chamarajpet,Yeshwanthpur,,,Not Applicable,Not Applicable,Not Applicable,Not Applicable,109,Not Applicable,0,,
2024-07-04 14:44:00,CNR4839110327,Success,CID625295,Auto,Chamarajpet,RT Nagar,301.0,50.0,Not Applicable,Not Applicable,No,Not Applicable,2980,Cash,15,3.7,3.6
2024-07-02 04:00:00,CNR5355281142,Canceled by Driver,CID170894,Prime Plus,Magadi Road,Rajarajeshwari Nagar,,,Not Applicable,Customer related issue,Not Applicable,Not Applicable,412,Not Applicable,0,,
2024-07-06 19:17:00,CNR6027083957,Success,CID436831,Mini,Marathahalli,Langford Town,224.0,30.0,Not Applicable,Not Applicable,No,Not Applicable,1810,UPI,12,3.6,4.4
2024-07-24 15:16:00,CNR5273089369,Canceled by Driver,CID263608,Bike,Mysore Road,Tumkur Road,,,Not Applicable,Customer related issue,Not Applicable,Not Applicable,271,Not Applicable,0,,
2024-07-19 04:05:00,CNR4049078843,Canceled by Customer,CID158925,Auto,Hosur Road,MG Road,,,Driver is not moving towards pickup location,Not Applicable,Not Applicable,Not Applicable,204,Not Applicable,0,,
2024-07-24 16:17:00,CNR4045796396,Success,CID921524,Bike,Marathahalli,Whitefield,182.0,25.0,Not Applicable,Not Applicable,No,Not Applicable,258,Cash,7,4.0,4.3
2024-07-05 16:25:00,CNR9993571305,Canceled by Driver,CID871473,Bike,Kengeri,MG Road,,,Not Applicable,Customer related issue,Not Applicable,Not Applicable,271,Not Applicable,0,,
2024-07-23 18:07:00,CNR9849132240,Success,CID392429,Prime Plus,Malleshwaram,RT Nagar,245.0,130.0,Not Applicable,Not Applicable,No,Not Applicable,1027,Debit Card,38,4.2,4.5
2024-07-19 08:05:00,CNR6131556492,Canceled by Driver,CID996409,Bike,Mysore Road,Tumkur Road,,,Not Applicable,Personal & Car related issue,Not Applicable,Not Applicable,392,Not Applicable,0,,
2024-07-21 13:57:00,CNR6511293931,Success,CID230212,Prime SUV,Rajajinagar,Chickpet,105.0,135.0,Not Applicable,Not Applicable,No,Not Applicable,277,Cash,3,3.9,3.6
2024-07-04 12:07:00,CNR1830440550,Success,CID627045,Prime Sedan,Hebbal,Hulimavu,126.0,50.0,Not Applicable,Not Applicable,No,Not Applicable,998,Cash,2,3.7,4.1
2024-07-21 10:59:00,CNR8987532881,Canceled by Driver,CID456310,Prime SUV,Cox Town,Sarjapur Road,,,Not Applicable,Personal & Car related issue,Not Applicable,Not Applicable,356,Not Applicable,0,,
2024-07-03 17:12:00,CNR4113371611,Success,CID712731,Prime Sedan,JP Nagar,Koramangala,161.0,75.0,Not Applicable,Not Applicable,No,Not Applicable,326,UPI,23,3.5,4.9
2024-07-16 06:34:00,CNR6761339980,Success,CID802967,Prime Sedan,Majestic,Sarjapur Road,98.0,70.0,Not Applicable,Not Applicable,No,Not Applicable,1470,UPI,48,4.6,4.1
2024-07-15 20:05:00,CNR8416240629,Success,CID517934,Auto,Kadugodi,Marathahalli,273.0,65.0,Not Applicable,Not Applicable,No,Not Applicable,1426,Cash,8,3.6,4.8
2024-07-28 09:58:00,CNR3393396581,Driver Not Found,CID906130,Prime SUV,Shantinagar,RT Nagar,,,Not Applicable,Not Applicable,Not Applicable,Not Applicable,286,Not Applicable,0,,
2024-07-10 05:11:00,CNR8388507914,Canceled by Customer,CID385920,Mini,Malleshwaram,Frazer Town,,,Driver asked to cancel,Not Applicable,Not Applicable,Not Applicable,855,Not Applicable,0,,
2024-07-29 20:52:00,CNR9592639748,Canceled by Driver,CID100953,Bike,Langford Town,Malleshwaram,,,Not Applicable,Customer related issue,Not Applicable,Not Applicable,272,Not Applicable,0,,
2024-07-13 23:13:00,CNR5130683256,Success,CID705237,Mini,Koramangala,Chickpet,175.0,45.0,Not Applicable,Not Applicable,No,Not Applicable,167,UPI,15,5.0,4.9
2024-07-09 08:27:00,CNR2715507322,Canceled by Customer,CID763231,Prime Sedan,Sahakar Nagar,Sahakar Nagar,,,Driver asked to cancel,Not Applicable,Not Applicable,Not Applicable,213,Not Applicable,0,,
2024-07-08 07:54:00,CNR7818921716,Success,CID754102,Bike,Langford Town,Mysore Road,182.0,85.0,Not Applicable,Not Applicable,No,Not Applicable,120,UPI,40,4.6,3.6
2024-07-09 10:58:00,CNR4240365883,Canceled by Customer,CID169019,eBike,Devanahalli,Rajarajeshwari Nagar,,,Driver asked to cancel,Not Applicable,Not Applicable,Not Applicable,455,Not Applicable,0,,
2024-07-09 02:43:00,CNR5476321319,Success,CID304268,Bike,Kengeri,Shantinagar,224.0,85.0,Not Applicable,Not Applicable,No,Not Applicable,380,Cash,44,4.1,3.0
2024-07-25 07:24:00,CNR2934842451,Success,CID475800,Auto,Electronic City,Peenya,273.0,30.0,Not Applicable,Not Applicable,Yes,Customer Demand,368,Debit Card,5,3.7,4.6
2024-07-28 11:51:00,CNR6240123676,Success,CID334326,Prime Sedan,BTM Layout,Shantinagar,266.0,40.0,Not Applicable,Not Applicable,No,Not Applicable,194,Cash,26,3.1,3.3
2024-07-29 23:23:00,CNR4857774552,Success,CID597438,Prime SUV,Padmanabhanagar,Ramamurthy Nagar,301.0,135.0,Not Applicable,Not Applicable,No,Not Applicable,719,UPI,44,3.1,4.6
2024-07-21 19:51:00,CNR2191666109,Canceled by Driver,CID867023,Auto,Rajajinagar,Tumkur Road,,,Not Applicable,Customer was coughing/sick,Not Applicable,Not Applicable,353,Not Applicable,0,,
2024-07-27 18:38:00,CNR6353593386,Canceled by Driver,CID618669,Auto,HSR Layout,Jayanagar,,,Not Applicable,Customer related issue,Not Applicable,Not Applicable,200,Not Applicable,0,,
2024-07-13 12:36:00,CNR4691581156,Success,CID415008,eBike,Chamarajpet,Electronic City,133.0,55.0,Not Applicable,Not Applicable,No,Not Applicable,902,Cash,23,3.8,4.6
2024-07-24 01:05:00,CNR7716149211,Success,CID919577,Prime Sedan,Ulsoor,BTM Layout,175.0,55.0,Not Applicable,Not Applicable,No,Not Applicable,477,UPI,10,3.2,4.0
2024-07-27 07:18:00,CNR2105863214,Canceled by Driver,CID793520,Prime Sedan,Basavanagudi,HSR Layout,,,Not Applicable,Customer related issue,Not Applicable,Not Applicable,277,Not Applicable,0,,
2024-07-26 06:06:00,CNR9425002336,Success,CID397407,Bike,Rajajinagar,Shantinagar,189.0,30.0,Not Applicable,Not Applicable,No,Not Applicable,1524,UPI,49,4.2,3.3
2024-07-04 19:54:00,CNR8487846604,Success,CID286238,Prime SUV,Hosur Road,Banashankari,98.0,65.0,Not Applicable,Not Applicable,No,Not Applicable,306,Credit Card,12,3.0,4.2
2024-07-20 06:32:00,CNR4371386066,Success,CID276966,Auto,Sahakar Nagar,Richmond Town,161.0,25.0,Not Applicable,Not Applicable,No,Not Applicable,125,Cash,3,4.2,3.9
2024-07-29 11:45:00,CNR4892630536,Canceled by Driver,CID446136,Prime Sedan,Marathahalli,Yelahanka,,,Not Applicable,Personal & Car related issue,Not Applicable,Not Applicable,117,Not Applicable,0,,
2024-07-17 17:01:00,CNR3584821113,Success,CID288515,Prime SUV,Ramamurthy Nagar,BTM Layout,175.0,100.0,Not Applicable,Not Applicable,No,Not Applicable,423,Cash,32,4.4,3.7
2024-07-12 19:19:00,CNR6664805668,Success,CID873791,eBike,Jayanagar,Malleshwaram,63.0,85.0,Not Applicable,Not Applicable,No,Not Applicable,143,UPI,49,3.8,4.3
2024-07-16 11:31:00,CNR8893328116,Success,CID325449,Auto,Mysore Road,Bannerghatta Road,287.0,100.0,Not Applicable,Not Applicable,Yes,Customer Demand,488,Cash,4,4.3,4.9
2024-07-10 12:15:00,CNR8137111533,Canceled by Customer,CID548463,Mini,Rajajinagar,HSR Layout,,,Driver is not moving towards pickup location,Not Applicable,Not Applicable,Not Applicable,391,Not Applicable,0,,
2024-07-02 16:59:00,CNR5820999723,Success,CID950599,Prime SUV,Hosur Road,KR Puram,231.0,75.0,Not Applicable,Not Applicable,No,Not Applicable,366,Cash,31,3.3,3.8
2024-07-25 01:12:00,CNR2306621822,Canceled by Customer,CID168889,Bike,Cox Town,Kammanahalli,,,Driver asked to cancel,Not Applicable,Not Applicable,Not Applicable,959,Not Applicable,0,,
2024-07-25 05:32:00,CNR1317065602,Success,CID364220,Prime Plus,Kadugodi,Marathahalli,266.0,45.0,Not Applicable,Not Applicable,No,Not Applicable,2921,UPI,35,3.9,4.9
2024-07-21 09:10:00,CNR8109056277,Success,CID515459,Mini,Basavanagudi,Shantinagar,224.0,125.0,Not Applicable,Not Applicable,No,Not Applicable,668,Cash,35,4.6,3.3
2024-07-14 20:26:00,CNR9748509650,Success,CID433437,Mini,Hebbal,Whitefield,84.0,135.0,Not Applicable,Not Applicable,No,Not Applicable,485,UPI,38,3.4,4.0
2024-07-16 15:20:00,CNR3910431622,Success,CID802650,Bike,Hebbal,Devanahalli,301.0,130.0,Not Applicable,Not Applicable,No,Not Applicable,476,UPI,26,3.3,4.7
2024-07-07 05:52:00,CNR2815000110,Success,CID520929,Mini,Sahakar Nagar,RT Nagar,56.0,95.0,Not Applicable,Not Applicable,No,Not Applicable,1346,UPI,49,3.3,3.3
2024-07-06 13:54:00,CNR9682495987,Canceled by Driver,CID382712,Prime Plus,Mysore Road,Sahakar Nagar,,,Not Applicable,Customer was coughing/sick,Not Applicable,Not Applicable,468,Not Applicable,0,,
2024-07-27 10:41:00,CNR9546255964,Success,CID894167,Prime Sedan,Rajajinagar,HSR Layout,224.0,125.0,Not Applicable,Not Applicable,No,Not Applicable,387,UPI,33,3.7,4.5
2024-07-02 15:00:00,CNR8782298655,Canceled by Customer,CID581706,Mini,Richmond Town,Hosur Road,,,Driver is not moving towards pickup location,Not Applicable,Not Applicable,Not Applicable,2883,Not Applicable,0,,
2024-07-28 21:03:00,CNR3348869817,Success,CID602088,Prime Sedan,Hebbal,Kadugodi,126.0,35.0,Not Applicable,Not Applicable,No,Not Applicable,159,UPI,25,4.8,3.7
2024-07-13 01:57:00,CNR9123712140,Success,CID163091,Mini,Jayanagar,Chickpet,98.0,85.0,Not Applicable,Not Applicable,No,Not Applicable,110,UPI,27,4.6,3.5
2024-07-21 02:58:00,CNR6294148299,Success,CID273929,Prime Plus,Peenya,Nagarbhavi,252.0,100.0,Not Applicable,Not Applicable,No,Not Applicable,125,UPI,46,4.2,3.5
2024-07-06 09:05:00,CNR5616404183,Canceled by Customer,CID240088,Mini,Shantinagar,Jayanagar,,,Driver is not moving towards pickup location,Not Applicable,Not Applicable,Not Applicable,895,Not Applicable,0,,
2024-07-27 03:18:00,CNR5460978884,Success,CID384509,Auto,Malleshwaram,Langford Town,56.0,25.0,Not Applicable,Not Applicable,No,Not Applicable,782,Cash,19,4.6,3.9
2024-07-22 00:10:00,CNR4594140636,Canceled by Customer,CID955405,Auto,Chickpet,Hennur,,,Change of plans,Not Applicable,Not Applicable,Not Applicable,253,Not Applicable,0,,
2024-07-11 17:07:00,CNR8374897857,Success,CID195841,eBike,RT Nagar,Sarjapur Road,301.0,145.0,Not Applicable,Not Applicable,No,Not Applicable,485,Cash,36,4.3,4.6
2024-07-27 08:09:00,CNR6941650547,Success,CID708649,Bike,Rajarajeshwari Nagar,Bannerghatta Road,154.0,130.0,Not Applicable,Not Applicable,No,Not Applicable,171,Cash,32,3.2,3.4
2024-07-11 06:42:00,CNR7002369546,Success,CID862432,eBike,Varthur,Langford Town,294.0,60.0,Not Applicable,Not Applicable,No,Not Applicable,158,Cash,19,3.5,4.5
2024-07-09 15:35:00,CNR8480298152,Success,CID139550,eBike,Rajarajeshwari Nagar,Ramamurthy Nagar,182.0,65.0,Not Applicable,Not Applicable,No,Not Applicable,1180,UPI,26,4.9,4.8
2024-07-19 01:22:00,CNR1045341689,Canceled by Driver,CID568913,Prime Plus,Magadi Road,JP Nagar,,,Not Applicable,Personal & Car related issue,Not Applicable,Not Applicable,128,Not Applicable,0,,
2024-07-29 04:28:00,CNR8269890521,Success,CID933656,eBike,Electronic City,Bannerghatta Road,56.0,70.0,Not Applicable,Not Applicable,No,Not Applicable,833,UPI,17,3.6,3.5
2024-07-24 07:12:00,CNR6200342831,Success,CID132670,Prime Sedan,Basavanagudi,Hennur,42.0,105.0,Not Applicable,Not Applicable,No,Not Applicable,222,UPI,40,4.8,3.4
2024-07-05 00:12:00,CNR7043563773,Success,CID403318,Auto,Jayanagar,Ulsoor,210.0,125.0,Not Applicable,Not Applicable,No,Not Applicable,135,UPI,6,3.1,3.7
2024-07-21 21:23:00,CNR9874204682,Success,CID954334,Bike,Kadugodi,Yeshwanthpur,35.0,80.0,Not Applicable,Not Applicable,No,Not Applicable,2522,Cash,8,3.3,4.4
2024-07-07 19:51:00,CNR8443956249,Success,CID463956,Prime Plus,Vijayanagar,Ramamurthy Nagar,301.0,80.0,Not Applicable,Not Applicable,No,Not Applicable,487,UPI,33,3.2,3.9
2024-07-06 11:47:00,CNR4059151879,Canceled by Driver,CID976491,eBike,Banashankari,Peenya,,,Not Applicable,Personal & Car related issue,Not Applicable,Not Applicable,107,Not Applicable,0,,
2024-07-30 21:05:00,CNR6051134780,Success,CID134715,Mini,Yeshwanthpur,Yeshwanthpur,133.0,145.0,Not Applicable,Not Applicable,No,Not Applicable,389,Cash,1,4.8,4.3
2024-07-13 16:16:00,CNR6483735489,Canceled by Driver,CID288388,Mini,Jayanagar,Basavanagudi,,,Not Applicable,Customer related issue,Not Applicable,Not Applicable,1474,Not Applicable,0,,
2024-07-19 16:37:00,CNR7043687870,Success,CID974711,eBike,Rajarajeshwari Nagar,Yeshwanthpur,252.0,95.0,Not Applicable,Not Applicable,No,Not Applicable,454,Cash,47,3.6,3.2
2024-07-23 08:21:00,CNR4166971709,Success,CID950953,Prime SUV,Banashankari,Whitefield,77.0,50.0,Not Applicable,Not Applicable,No,Not Applicable,111,Cash,42,4.8,4.4
2024-07-04 20:33:00,CNR9541741683,Success,CID564799,Prime Plus,Malleshwaram,Peenya,238.0,120.0,Not Applicable,Not Applicable,No,Not Applicable,150,Cash,41,4.3,4.1
2024-07-19 12:11:00,CNR6476615505,Canceled by Driver,CID124003,Prime SUV,Magadi Road,Hosur Road,,,Not Applicable,Personal & Car related issue,Not Applicable,Not Applicable,380,Not Applicable,0,,
2024-07-30 21:36:00,CNR2753666419,Driver Not Found,CID753117,Prime Sedan,Cox Town,Majestic,,,Not Applicable,Not Applicable,Not Applicable,Not Applicable,313,Not Applicable,0,,
2024-07-19 08:37:00,CNR2451022419,Success,CID116386,Prime Sedan,Koramangala,Ulsoor,63.0,105.0,Not Applicable,Not Applicable,No,Not Applicable,320,UPI,11,4.5,3.3
2024-07-01 03:10:00,CNR5238275736,Success,CID551281,Prime Plus,Marathahalli,Kengeri,252.0,115.0,Not Applicable,Not Applicable,No,Not Applicable,122,Cash,38,4.7,4.0
2024-07-15 22:33:00,CNR2883717296,Success,CID782968,Prime Sedan,Hulimavu,KR Puram,154.0,95.0,Not Applicable,Not Applicable,No,Not Applicable,896,Cash,20,4.0,3.2
2024-07-22 05:55:00,CNR6018309767,Driver Not Found,CID153417,Bike,Ramamurthy Nagar,Yeshwanthpur,,,Not Applicable,Not Applicable,Not Applicable,Not Applicable,243,Not Applicable,0,,
2024-07-07 02:37:00,CNR9689499121,Success,CID432922,Prime SUV,Devanahalli,Koramangala,119.0,135.0,Not Applicable,Not Applicable,Yes,Customer Demand,441,Cash,18,3.8,3.8
2024-07-28 23:41:00,CNR1688505142,Success,CID800671,Auto,RT Nagar,Langford Town,210.0,95.0,Not Applicable,Not Applicable,No,Not Applicable,279,UPI,19,4.2,4.3
2024-07-23 16:43:00,CNR9619774824,Success,CID829701,Prime Sedan,Majestic,Marathahalli,259.0,125.0,Not Applicable,Not Applicable,No,Not Applicable,454,Cash,44,3.1,4.5
2024-07-03 22:16:00,CNR5373146913,Success,CID514050,Prime Sedan,Shantinagar,Hulimavu,217.0,90.0,Not Applicable,Not Applicable,No,Not Applicable,115,UPI,33,3.3,4.0
2024-07-21 02:41:00,CNR5706325109,Success,CID206062,Prime Sedan,Banashankari,Kengeri,245.0,90.0,Not Applicable,Not Applicable,No,Not Applicable,343,Cash,24,5.0,4.7
2024-07-10 11:08:00,CNR2379703924,Canceled by Driver,CID898173,eBike,Hosur Road,Hebbal,,,Not Applicable,Personal & Car related issue,Not Applicable,Not Applicable,2390,Not Applicable,0,,
2024-07-09 09:22:00,CNR7631562123,Success,CID328417,Auto,Bannerghatta Road,Richmond Town,140.0,60.0,Not Applicable,Not Applicable,No,Not Applicable,694,Cash,5,3.3,3.1
2024-07-03 14:51:00,CNR3041799615,Success,CID509579,Mini,Chamarajpet,Nagarbhavi,84.0,130.0,Not Applicable,Not Applicable,No,Not Applicable,448,Credit Card,38,3.1,3.9
2024-07-26 08:38:00,CNR9614702690,Success,CID415009,Auto,Majestic,Kammanahalli,147.0,135.0,Not Applicable,Not Applicable,No,Not Applicable,375,Cash,9,3.5,3.5
2024-07-13 00:44:00,CNR9910495267,Success,CID433442,Mini,Hosur Road,Richmond Town,49.0,75.0,Not Applicable,Not Applicable,No,Not Applicable,855,Cash,10,4.5,4.8
2024-07-10 18:44:00,CNR7838667087,Driver Not Found,CID520868,Prime Sedan,Chickpet,Bannerghatta Road,,,Not Applicable,Not Applicable,Not Applicable,Not Applicable,677,Not Applicable,0,,
2024-07-18 10:26:00,CNR6776073155,Canceled by Customer,CID589360,Prime Sedan,Sarjapur Road,Shantinagar,,,AC is Not working,Not Applicable,Not Applicable,Not Applicable,441,Not Applicable,0,,
2024-07-25 17:43:00,CNR3883455146,Success,CID769629,Auto,Nagarbhavi,Tumkur Road,98.0,40.0,Not Applicable,Not Applicable,No,Not Applicable,321,UPI,14,3.6,3.9
2024-07-09 22:58:00,CNR1617435790,Success,CID949310,Prime Plus,Koramangala,Cox Town,133.0,95.0,Not Applicable,Not Applicable,No,Not Applicable,341,UPI,27,3.1,4.6
2024-07-03 02:41:00,CNR9021911571,Canceled by Driver,CID909171,Prime Plus,Ramamurthy Nagar,MG Road,,,Not Applicable,Personal & Car related issue,Not Applicable,Not Applicable,490,Not Applicable,0,,
2024-07-03 15:49:00,CNR3355748009,Success,CID365756,Mini,Tumkur Road,JP Nagar,210.0,45.0,Not Applicable,Not Applicable,No,Not Applicable,285,UPI,31,4.4,3.5
2024-07-19 07:36:00,CNR9962251490,Canceled by Driver,CID454568,Bike,Indiranagar,Richmond Town,,,Not Applicable,Personal & Car related issue,Not Applicable,Not Applicable,972,Not Applicable,0,,
2024-07-22 06:33:00,CNR6330267656,Success,CID212473,Prime Sedan,Majestic,Ulsoor,203.0,120.0,Not Applicable,Not Applicable,No,Not Applicable,135,Cash,7,4.0,3.4
2024-07-08 06:48:00,CNR4579343196,Canceled by Driver,CID334172,Prime Plus,Hulimavu,Chamarajpet,,,Not Applicable,More than permitted people in there,Not Applicable,Not Applicable,411,Not Applicable,0,,
2024-07-06 09:48:00,CNR5277548632,Success,CID309906,eBike,Kammanahalli,Tumkur Road,308.0,145.0,Not Applicable,Not Applicable,No,Not Applicable,202,Cash,15,4.8,4.7
2024-07-19 12:15:00,CNR8000218462,Success,CID747740,Mini,Banashankari,Jayanagar,238.0,100.0,Not Applicable,Not Applicable,No,Not Applicable,271,Cash,6,3.1,3.8
2024-07-22 04:13:00,CNR1705108789,Success,CID888270,Prime Plus,Marathahalli,RT Nagar,70.0,25.0,Not Applicable,Not Applicable,No,Not Applicable,246,Cash,41,4.9,3.3
2024-07-03 11:30:00,CNR9047033724,Success,CID311226,Bike,Varthur,Hennur,259.0,115.0,Not Applicable,Not Applicable,No,Not Applicable,928,Cash,20,4.7,4.1
2024-07-03 08:31:00,CNR5252716501,Canceled by Driver,CID599346,Prime Plus,Banashankari,HSR Layout,,,Not Applicable,More than permitted people in there,Not Applicable,Not Applicable,947,Not Applicable,0,,
2024-07-01 03:52:00,CNR9391530593,Success,CID256823,Auto,Kammanahalli,Sarjapur Road,105.0,40.0,Not Applicable,Not Applicable,No,Not Applicable,493,UPI,12,4.0,3.4
2024-07-04 21:20:00,CNR6595357704,Success,CID599199,Auto,Koramangala,Koramangala,294.0,25.0,Not Applicable,Not Applicable,No,Not Applicable,437,Cash,10,3.7,3.7
2024-07-07 14:43:00,CNR2536585648,Driver Not Found,CID314750,Prime SUV,Basavanagudi,Hosur Road,,,Not Applicable,Not Applicable,Not Applicable,Not Applicable,111,Not Applicable,0,,
2024-07-21 23:45:00,CNR6697045058,Success,CID537763,Bike,Nagarbhavi,HSR Layout,203.0,95.0,Not Applicable,Not Applicable,No,Not Applicable,242,Cash,36,4.9,3.4
2024-07-24 14:36:00,CNR4286523271,Canceled by Driver,CID184240,Mini,Electronic City,Hulimavu,,,Not Applicable,Customer related issue,Not Applicable,Not Applicable,623,Not Applicable,0,,
2024-07-16 02:08:00,CNR3649646593,Success,CID101071,Prime Plus,HSR Layout,RT Nagar,203.0,85.0,Not Applicable,Not Applicable,No,Not Applicable,181,Cash,27,3.9,3.6
2024-07-06 10:18:00,CNR1630920247,Success,CID894377,Prime Sedan,JP Nagar,Vijayanagar,91.0,25.0,Not Applicable,Not Applicable,No,Not Applicable,365,Credit Card,21,3.9,3.7
2024-07-24 00:24:00,CNR9868113338,Canceled by Driver,CID319190,eBike,Chickpet,Nagarbhavi,,,Not Applicable,Personal & Car related issue,Not Applicable,Not Applicable,1878,Not Applicable,0,,
2024-07-09 01:11:00,CNR2901839383,Success,CID949560,Prime SUV,Hosur Road,JP Nagar,182.0,90.0,Not Applicable,Not Applicable,No,Not Applicable,272,Cash,41,3.8,3.5
2024-07-06 07:00:00,CNR7887191442,Canceled by Customer,CID802663,Prime Plus,Malleshwaram,Malleshwaram,,,Change of plans,Not Applicable,Not Applicable,Not Applicable,427,Not Applicable,0,,
2024-07-10 12:33:00,CNR9124744230,Success,CID661456,Prime Sedan,Kammanahalli,Bannerghatta Road,224.0,30.0,Not Applicable,Not Applicable,Yes,Other Issue,1998,Cash,47,4.6,3.0
2024-07-22 12:21:00,CNR3240740168,Success,CID468675,Mini,Bannerghatta Road,Vijayanagar,168.0,100.0,Not Applicable,Not Applicable,No,Not Applicable,155,Credit Card,32,3.6,4.3
2024-07-26 09:27:00,CNR1389536342,Success,CID924017,Prime Sedan,Padmanabhanagar,Kengeri,168.0,25.0,Not Applicable,Not Applicable,No,Not Applicable,368,Cash,1,4.6,4.2
2024-07-12 18:17:00,CNR8748445701,Success,CID808076,Prime Sedan,Majestic,Yelahanka,196.0,120.0,Not Applicable,Not Applicable,No,Not Applicable,304,Cash,28,3.2,4.0
2024-07-27 05:57:00,CNR1492792150,Success,CID395522,Prime SUV,Cox Town,Indiranagar,161.0,45.0,Not Applicable,Not Applicable,No,Not Applicable,170,UPI,19,4.8,3.8
2024-07-05 21:01:00,CNR8826279753,Success,CID504886,Prime SUV,Ulsoor,Kadugodi,168.0,95.0,Not Applicable,Not Applicable,No,Not Applicable,395,Cash,38,4.0,4.5
2024-07-03 15:18:00,CNR1156903423,Canceled by Customer,CID804584,eBike,Devanahalli,Sahakar Nagar,,,AC is Not working,Not Applicable,Not Applicable,Not Applicable,189,Not Applicable,0,,
2024-07-13 17:57:00,CNR9134550932,Canceled by Customer,CID677446,Prime Sedan,Sahakar Nagar,HSR Layout,,,AC is Not working,Not Applicable,Not Applicable,Not Applicable,236,Not Applicable,0,,
2024-07-02 17:52:00,CNR8532385744,Canceled by Driver,CID692393,Bike,Rajarajeshwari Nagar,Ulsoor,,,Not Applicable,Customer was coughing/sick,Not Applicable,Not Applicable,2033,Not Applicable,0,,
2024-07-29 02:28:00,CNR2086128905,Success,CID232074,Prime Sedan,Hulimavu,MG Road,56.0,30.0,Not Applicable,Not Applicable,No,Not Applicable,638,Cash,28,3.8,4.0
2024-07-17 16:52:00,CNR7349150170,Success,CID567080,Bike,Koramangala,Hebbal,154.0,35.0,Not Applicable,Not Applicable,No,Not Applicable,366,Cash,28,4.8,4.5
2024-07-20 18:28:00,CNR4474826747,Success,CID756181,Prime Plus,Cox Town,Majestic,56.0,50.0,Not Applicable,Not Applicable,No,Not Applicable,319,Cash,25,3.5,5.0
2024-07-29 14:12:00,CNR5127953824,Success,CID198177,eBike,Mysore Road,Varthur,231.0,100.0,Not Applicable,Not Applicable,No,Not Applicable,426,Cash,36,4.9,3.8
2024-07-16 23:06:00,CNR7172691544,Success,CID942422,Prime Plus,MG Road,Magadi Road,91.0,30.0,Not Applicable,Not Applicable,No,Not Applicable,114,Cash,38,4.5,3.2
2024-07-20 07:46:00,CNR6518489322,Success,CID856367,Bike,Sahakar Nagar,Rajajinagar,126.0,125.0,Not Applicable,Not Applicable,No,Not Applicable,524,Cash,14,3.9,3.2
2024-07-19 04:02:00,CNR9353595788,Success,CID571260,eBike,Electronic City,BTM Layout,182.0,115.0,Not Applicable,Not Applicable,No,Not Applicable,470,Cash,33,3.5,3.2
2024-07-18 12:11:00,CNR7984238441,Canceled by Driver,CID202550,Auto,Banashankari,Malleshwaram,,,Not Applicable,More than permitted people in there,Not Applicable,Not Applicable,347,Not Applicable,0,,
2024-07-27 10:30:00,CNR4111531590,Canceled by Driver,CID420690,Auto,JP Nagar,Frazer Town,,,Not Applicable,Personal & Car related issue,Not Applicable,Not Applicable,849,Not Applicable,0,,
2024-07-17 17:47:00,CNR4078816624,Success,CID683328,Bike,Banashankari,Bellandur,63.0,115.0,Not Applicable,Not Applicable,No,Not Applicable,334,Cash,48,4.7,3.5
2024-07-04 00:05:00,CNR1174362303,Success,CID200264,Auto,Chickpet,Bannerghatta Road,196.0,45.0,Not Applicable,Not Applicable,No,Not Applicable,323,UPI,19,4.1,4.4
2024-07-05 11:35:00,CNR2331302020,Canceled by Driver,CID162196,Prime Sedan,Basavanagudi,Nagarbhavi,,,Not Applicable,More than permitted people in there,Not Applicable,Not Applicable,248,Not Applicable,0,,
2024-07-30 14:04:00,CNR2069221101,Success,CID837610,eBike,Chamarajpet,Tumkur Road,196.0,25.0,Not Applicable,Not Applicable,No,Not Applicable,136,Cash,18,3.7,4.1
2024-07-29 12:36:00,CNR2696399044,Canceled by Driver,CID585338,Prime SUV,Tumkur Road,BTM Layout,,,Not Applicable,More than permitted people in there,Not Applicable,Not Applicable,179,Not Applicable,0,,
2024-07-26 07:56:00,CNR7201028725,Success,CID512276,Prime Plus,Mysore Road,Ulsoor,210.0,125.0,Not Applicable,Not Applicable,No,Not Applicable,370,Cash,16,4.1,4.1
2024-07-13 04:54:00,CNR1818059080,Success,CID210118,Bike,Langford Town,Varthur,238.0,45.0,Not Applicable,Not Applicable,Yes,Vehicle Breakdown,2555,Cash,12,3.7,3.9
2024-07-29 03:19:00,CNR4645828493,Success,CID319133,Mini,Kengeri,Bannerghatta Road,224.0,70.0,Not Applicable,Not Applicable,No,Not Applicable,485,UPI,48,3.6,4.2
2024-07-06 16:44:00,CNR6211946022,Success,CID425977,Auto,Bannerghatta Road,Bannerghatta Road,231.0,30.0,Not Applicable,Not Applicable,No,Not Applicable,358,Cash,15,4.8,4.9
2024-07-16 15:52:00,CNR8789817149,Canceled by Customer,CID590165,Bike,Indiranagar,Rajajinagar,,,Change of plans,Not Applicable,Not Applicable,Not Applicable,691,Not Applicable,0,,
2024-07-19 13:49:00,CNR3870094743,Success,CID174061,Mini,Richmond Town,Shantinagar,287.0,75.0,Not Applicable,Not Applicable,No,Not Applicable,829,Cash,38,4.7,3.2
2024-07-22 20:30:00,CNR5946078356,Canceled by Customer,CID938418,Prime Plus,Mysore Road,Frazer Town,,,Wrong Address,Not Applicable,Not Applicable,Not Applicable,683,Not Applicable,0,,
2024-07-23 05:22:00,CNR5406925596,Success,CID658163,Mini,Rajarajeshwari Nagar,Hulimavu,161.0,145.0,Not Applicable,Not Applicable,No,Not Applicable,127,UPI,45,4.8,3.9
2024-07-24 18:52:00,CNR2644259418,Success,CID328185,Auto,Chamarajpet,Ramamurthy Nagar,308.0,50.0,Not Applicable,Not Applicable,No,Not Applicable,355,Cash,7,3.7,5.0
2024-07-16 21:37:00,CNR4441513188,Success,CID602182,Prime Plus,Banashankari,Sahakar Nagar,287.0,70.0,Not Applicable,Not Applicable,No,Not Applicable,346,Cash,28,4.3,4.5
2024-07-10 22:37:00,CNR8923851644,Success,CID701492,Bike,Majestic,JP Nagar,140.0,90.0,Not Applicable,Not Applicable,No,Not Applicable,757,Cash,41,3.8,4.8
2024-07-30 22:28:00,CNR8456002202,Success,CID274467,Prime Sedan,Ramamurthy Nagar,Malleshwaram,238.0,80.0,Not Applicable,Not Applicable,No,Not Applicable,943,UPI,28,3.6,3.6
2024-07-23 12:14:00,CNR7641894392,Canceled by Driver,CID306990,Prime Sedan,Frazer Town,Peenya,,,Not Applicable,Customer was coughing/sick,Not Applicable,Not Applicable,336,Not Applicable,0,,
2024-07-05 04:23:00,CNR7747835388,Success,CID548699,eBike,JP Nagar,Tumkur Road,168.0,105.0,Not Applicable,Not Applicable,No,Not Applicable,350,Cash,14,3.0,3.0
2024-07-05 00:52:00,CNR2764805230,Success,CID202024,Mini,MG Road,Marathahalli,203.0,90.0,Not Applicable,Not Applicable,No,Not Applicable,795,Cash,43,4.4,3.2
2024-07-15 04:11:00,CNR9008607143,Success,CID500258,Prime Sedan,Marathahalli,BTM Layout,168.0,75.0,Not Applicable,Not Applicable,Yes,Vehicle Breakdown,493,UPI,13,3.5,4.2
2024-07-15 18:26:00,CNR8284423090,Canceled by Driver,CID363305,Prime SUV,Kengeri,Frazer Town,,,Not Applicable,Personal & Car related issue,Not Applicable,Not Applicable,371,Not Applicable,0,,
2024-07-29 01:24:00,CNR3965162572,Success,CID898864,Prime Plus,Kadugodi,Hebbal,238.0,85.0,Not Applicable,Not Applicable,No,Not Applicable,399,Cash,15,3.6,4.9
2024-07-14 07:51:00,CNR1270998792,Driver Not Found,CID758521,Prime SUV,Shivajinagar,Hulimavu,,,Not Applicable,Not Applicable,Not Applicable,Not Applicable,610,Not Applicable,0,,
2024-07-24 11:47:00,CNR1195437468,Success,CID492977,Prime Sedan,Peenya,Chickpet,49.0,65.0,Not Applicable,Not Applicable,No,Not Applicable,470,Cash,4,3.1,3.7
2024-07-19 13:56:00,CNR8036448109,Canceled by Driver,CID797382,Prime SUV,Marathahalli,Banashankari,,,Not Applicable,Customer related issue,Not Applicable,Not Applicable,1543,Not Applicable,0,,
2024-07-05 06:56:00,CNR7564136601,Canceled by Customer,CID299176,Prime SUV,Basavanagudi,Jayanagar,,,Change of plans,Not Applicable,Not Applicable,Not Applicable,449,Not Applicable,0,,
2024-07-26 23:56:00,CNR5753344833,Canceled by Driver,CID310765,Prime SUV,Hennur,Shivajinagar,,,Not Applicable,Personal & Car related issue,Not Applicable,Not Applicable,322,Not Applicable,0,,
2024-07-25 16:08:00,CNR1618786111,Success,CID938521,Mini,Bannerghatta Road,Chickpet,42.0,85.0,Not Applicable,Not Applicable,No,Not Applicable,264,UPI,17,4.9,3.2
2024-07-05 21:04:00,CNR7637493235,Canceled by Customer,CID463295,eBike,Chickpet,Chickpet,,,Driver is not moving towards pickup location,Not Applicable,Not Applicable,Not Applicable,359,Not Applicable,0,,
2024-07-11 16:21:00,CNR9733081318,Success,CID276807,Mini,Hosur Road,Hennur,168.0,70.0,Not Applicable,Not Applicable,No,Not Applicable,480,UPI,5,3.7,3.5
2024-07-17 14:46:00,CNR4350430287,Canceled by Driver,CID223180,Prime SUV,Shivajinagar,Hebbal,,,Not Applicable,Customer related issue,Not Applicable,Not Applicable,855,Not Applicable,0,,
2024-07-29 15:08:00,CNR9350857449,Canceled by Customer,CID374704,Auto,BTM Layout,Hebbal,,,Driver asked to cancel,Not Applicable,Not Applicable,Not Applicable,690,Not Applicable,0,,
2024-07-26 07:55:00,CNR2208798145,Success,CID486567,Bike,Banashankari,KR Puram,294.0,110.0,Not Applicable,Not Applicable,No,Not Applicable,160,UPI,12,4.0,3.3
2024-07-13 17:24:00,CNR7026149535,Canceled by Customer,CID724944,Auto,Kengeri,Richmond Town,,,Wrong Address,Not Applicable,Not Applicable,Not Applicable,489,Not Applicable,0,,
2024-07-26 22:09:00,CNR5865069714,Success,CID914513,Prime Plus,Shantinagar,Jayanagar,301.0,75.0,Not Applicable,Not Applicable,No,Not Applicable,196,Cash,3,4.5,4.7
2024-07-01 06:03:00,CNR9147929066,Canceled by Driver,CID577404,Prime Plus,Banashankari,Shantinagar,,,Not Applicable,Customer related issue,Not Applicable,Not Applicable,176,Not Applicable,0,,
2024-07-22 22:14:00,CNR2907275935,Success,CID201733,Auto,Bannerghatta Road,MG Road,35.0,145.0,Not Applicable,Not Applicable,No,Not Applicable,168,UPI,5,4.3,4.6
2024-07-20 18:21:00,CNR9080990197,Success,CID401901,Bike,BTM Layout,Chickpet,224.0,40.0,Not Applicable,Not Applicable,No,Not Applicable,260,UPI,22,3.7,4.5
2024-07-20 03:15:00,CNR2647697175,Success,CID820279,Prime Sedan,Ramamurthy Nagar,KR Puram,294.0,85.0,Not Applicable,Not Applicable,No,Not Applicable,292,UPI,16,4.0,4.2
2024-07-16 04:21:00,CNR5320933894,Driver Not Found,CID959985,Prime Plus,Sarjapur Road,BTM Layout,,,Not Applicable,Not Applicable,Not Applicable,Not Applicable,229,Not Applicable,0,,
2024-07-21 03:12:00,CNR8912113028,Canceled by Driver,CID109277,Auto,BTM Layout,Hennur,,,Not Applicable,Personal & Car related issue,Not Applicable,Not Applicable,171,Not Applicable,0,,
2024-07-18 05:26:00,CNR4862564240,Driver Not Found,CID210780,Bike,Ulsoor,Chamarajpet,,,Not Applicable,Not Applicable,Not Applicable,Not Applicable,427,Not Applicable,0,,
2024-07-06 17:19:00,CNR8932767807,Driver Not Found,CID911536,Prime Sedan,Whitefield,Nagarbhavi,,,Not Applicable,Not Applicable,Not Applicable,Not Applicable,369,Not Applicable,0,,
2024-07-09 07:23:00,CNR6277306760,Canceled by Driver,CID869792,Prime Plus,Sahakar Nagar,BTM Layout,,,Not Applicable,Personal & Car related issue,Not Applicable,Not Applicable,277,Not Applicable,0,,
2024-07-05 08:37:00,CNR4077028386,Success,CID739167,Bike,Rajarajeshwari Nagar,Rajajinagar,217.0,40.0,Not Applicable,Not Applicable,No,Not Applicable,705,Cash,11,3.1,3.1
2024-07-27 00:23:00,CNR9777135801,Success,CID418159,Prime Sedan,Rajajinagar,Hulimavu,224.0,125.0,Not Applicable,Not Applicable,No,Not Applicable,800,UPI,16,4.7,4.5
2024-07-23 23:43:00,CNR7566506821,Success,CID590607,Prime Sedan,Hosur Road,Sahakar Nagar,210.0,145.0,Not Applicable,Not Applicable,No,Not Applicable,279,UPI,6,3.2,4.4
2024-07-07 05:35:00,CNR8013242084,Success,CID346495,Mini,Kadugodi,HSR Layout,224.0,125.0,Not Applicable,Not Applicable,No,Not Applicable,354,Cash,12,3.1,4.8
2024-07-29 09:26:00,CNR1267339523,Success,CID872205,Prime Plus,Rajajinagar,Sarjapur Road,301.0,35.0,Not Applicable,Not Applicable,Yes,Vehicle Breakdown,983,Cash,42,4.8,4.8
2024-07-28 15:44:00,CNR5119712221,Canceled by Customer,CID105524,Prime Sedan,RT Nagar,Peenya,,,Driver asked to cancel,Not Applicable,Not Applicable,Not Applicable,146,Not Applicable,0,,
2024-07-02 15:50:00,CNR9818076516,Success,CID646530,Auto,Sahakar Nagar,Peenya,98.0,50.0,Not Applicable,Not Applicable,No,Not Applicable,424,UPI,9,3.2,3.1
2024-07-18 02:23:00,CNR3563594675,Success,CID349716,eBike,Richmond Town,Shivajinagar,126.0,60.0,Not Applicable,Not Applicable,No,Not Applicable,108,Cash,28,3.1,4.4
2024-07-15 06:38:00,CNR7071460761,Canceled by Driver,CID702524,Mini,Sahakar Nagar,Nagarbhavi,,,Not Applicable,Customer related issue,Not Applicable,Not Applicable,407,Not Applicable,0,,
2024-07-17 08:06:00,CNR2012915822,Success,CID312778,Auto,Malleshwaram,Frazer Town,294.0,30.0,Not Applicable,Not Applicable,No,Not Applicable,131,Cash,2,3.5,3.6
2024-07-12 00:19:00,CNR9752537680,Canceled by Customer,CID236208,eBike,Nagarbhavi,Basavanagudi,,,Driver asked to cancel,Not Applicable,Not Applicable,Not Applicable,490,Not Applicable,0,,
2024-07-26 12:43:00,CNR3368485926,Success,CID320459,Bike,Indiranagar,Malleshwaram,238.0,90.0,Not Applicable,Not Applicable,No,Not Applicable,278,Cash,31,3.1,3.5
2024-07-07 00:13:00,CNR3245768462,Success,CID162775,Prime Sedan,Varthur,Chamarajpet,308.0,90.0,Not Applicable,Not Applicable,No,Not Applicable,493,UPI,34,3.5,3.5
2024-07-14 21:46:00,CNR1912026513,Canceled by Driver,CID328353,Mini,Magadi Road,Koramangala,,,Not Applicable,More than permitted people in there,Not Applicable,Not Applicable,491,Not Applicable,0,,
2024-07-22 04:47:00,CNR9805931901,Canceled by Customer,CID751697,Prime SUV,Sarjapur Road,Mysore Road,,,AC is Not working,Not Applicable,Not Applicable,Not Applicable,173,Not Applicable,0,,
2024-07-03 00:52:00,CNR4686642426,Success,CID159124,Mini,Marathahalli,Malleshwaram,182.0,105.0,Not Applicable,Not Applicable,No,Not Applicable,176,Cash,29,4.1,4.4
2024-07-12 04:08:00,CNR8664800185,Canceled by Customer,CID551863,Prime SUV,Hosur Road,BTM Layout,,,AC is Not working,Not Applicable,Not Applicable,Not Applicable,782,Not Applicable,0,,
2024-07-14 03:30:00,CNR3276885102,Canceled by Driver,CID753419,Prime Sedan,Hosur Road,Malleshwaram,,,Not Applicable,More than permitted people in there,Not Applicable,Not Applicable,188,Not Applicable,0,,
2024-07-02 01:53:00,CNR3718716849,Driver Not Found,CID895849,Auto,Nagarbhavi,Yelahanka,,,Not Applicable,Not Applicable,Not Applicable,Not Applicable,1236,Not Applicable,0,,
2024-07-21 19:28:00,CNR4337326397,Success,CID810692,Mini,Hennur,Basavanagudi,252.0,75.0,Not Applicable,Not Applicable,Yes,Customer Demand,456,UPI,42,3.5,3.2
2024-07-29 14:14:00,CNR8064686294,Success,CID251826,Auto,Shantinagar,Richmond Town,49.0,25.0,Not Applicable,Not Applicable,No,Not Applicable,184,UPI,5,3.7,3.6
2024-07-30 19:58:00,CNR6987336859,Success,CID137123,Prime Sedan,Kadugodi,Indiranagar,245.0,105.0,Not Applicable,Not Applicable,No,Not Applicable,787,UPI,35,4.7,3.5
2024-07-30 07:48:00,CNR1219131188,Success,CID222917,Bike,Richmond Town,Shivajinagar,217.0,95.0,Not Applicable,Not Applicable,No,Not Applicable,230,Cash,46,3.8,4.7
2024-07-09 18:17:00,CNR4605642207,Success,CID302673,Mini,Magadi Road,Sahakar Nagar,119.0,50.0,Not Applicable,Not Applicable,No,Not Applicable,113,UPI,30,4.3,3.3
2024-07-10 11:43:00,CNR1471066728,Success,CID853695,Prime SUV,Rajarajeshwari Nagar,Indiranagar,308.0,35.0,Not Applicable,Not Applicable,No,Not Applicable,458,Cash,44,4.3,4.5
2024-07-06 21:08:00,CNR6030882729,Success,CID258047,eBike,Whitefield,Jayanagar,168.0,140.0,Not Applicable,Not Applicable,No,Not Applicable,431,Cash,30,4.0,3.1
2024-07-16 04:56:00,CNR2092947540,Success,CID983278,Prime Plus,Rajarajeshwari Nagar,Nagarbhavi,217.0,55.0,Not Applicable,Not Applicable,No,Not Applicable,293,UPI,31,5.0,4.8
2024-07-20 00:30:00,CNR4519646625,Success,CID138666,Auto,Malleshwaram,Hebbal,70.0,30.0,Not Applicable,Not Applicable,No,Not Applicable,606,Cash,10,4.4,4.7
2024-07-17 06:24:00,CNR9636762039,Success,CID580918,eBike,Bannerghatta Road,Bannerghatta Road,168.0,85.0,Not Applicable,Not Applicable,No,Not Applicable,1444,UPI,26,4.2,3.7
2024-07-20 07:43:00,CNR2482920675,Canceled by Driver,CID736219,Prime Sedan,Cox Town,BTM Layout,,,Not Applicable,Customer related issue,Not Applicable,Not Applicable,2386,Not Applicable,0,,
2024-07-11 03:28:00,CNR5687735950,Success,CID786160,Mini,Hebbal,Ramamurthy Nagar,49.0,125.0,Not Applicable,Not Applicable,No,Not Applicable,672,Cash,29,4.0,4.6
2024-07-05 10:18:00,CNR7868372598,Success,CID413696,Mini,Yelahanka,HSR Layout,56.0,50.0,Not Applicable,Not Applicable,No,Not Applicable,390,Cash,22,3.9,3.9
2024-07-05 00:04:00,CNR2197389236,Success,CID312495,Bike,Langford Town,Peenya,91.0,95.0,Not Applicable,Not Applicable,No,Not Applicable,327,Cash,10,3.1,3.7
2024-07-10 07:22:00,CNR4634973713,Success,CID823207,Prime Sedan,Varthur,Yelahanka,294.0,40.0,Not Applicable,Not Applicable,No,Not Applicable,897,Cash,17,4.1,3.9
2024-07-29 04:48:00,CNR6728393955,Success,CID460627,Prime Plus,Hebbal,Kengeri,154.0,130.0,Not Applicable,Not Applicable,No,Not Applicable,352,Cash,46,3.3,3.3
2024-07-15 16:54:00,CNR1948835944,Success,CID490822,Auto,Kengeri,Hebbal,42.0,75.0,Not Applicable,Not Applicable,No,Not Applicable,975,Cash,5,3.9,4.3
2024-07-10 00:17:00,CNR6766554532,Success,CID185245,eBike,Sarjapur Road,Mysore Road,245.0,45.0,Not Applicable,Not Applicable,Yes,Vehicle Breakdown,263,Credit Card,1,3.6,4.4
2024-07-17 13:14:00,CNR3637310732,Success,CID801667,Bike,MG Road,Rajarajeshwari Nagar,210.0,95.0,Not Applicable,Not Applicable,No,Not Applicable,446,Cash,19,3.2,3.6
2024-07-25 00:05:00,CNR5965178610,Success,CID867337,Prime Plus,Peenya,Langford Town,224.0,45.0,Not Applicable,Not Applicable,No,Not Applicable,109,Cash,7,4.1,3.4
2024-07-16 08:35:00,CNR2496658543,Success,CID345629,Auto,Ramamurthy Nagar,Richmond Town,259.0,115.0,Not Applicable,Not Applicable,No,Not Applicable,273,Cash,7,4.8,3.9
2024-07-10 05:15:00,CNR5068815558,Success,CID404550,Prime Plus,Cox Town,Shivajinagar,287.0,85.0,Not Applicable,Not Applicable,No,Not Applicable,579,Cash,25,4.2,4.6
2024-07-21 07:38:00,CNR7716463031,Success,CID286193,Auto,Banashankari,Chickpet,49.0,85.0,Not Applicable,Not Applicable,No,Not Applicable,444,UPI,5,4.0,3.6
2024-07-09 06:24:00,CNR1279544567,Driver Not Found,CID741152,eBike,Shantinagar,Tumkur Road,,,Not Applicable,Not Applicable,Not Applicable,Not Applicable,179,Not Applicable,0,,
2024-07-12 16:10:00,CNR9022957424,Canceled by Customer,CID495709,Bike,Banashankari,Sahakar Nagar,,,Wrong Address,Not Applicable,Not Applicable,Not Applicable,163,Not Applicable,0,,
2024-07-27 07:55:00,CNR9339615464,Canceled by Driver,CID277146,eBike,Ramamurthy Nagar,Kammanahalli,,,Not Applicable,Customer was coughing/sick,Not Applicable,Not Applicable,377,Not Applicable,0,,
2024-07-15 13:19:00,CNR3792783262,Success,CID237057,eBike,Yeshwanthpur,Padmanabhanagar,175.0,50.0,Not Applicable,Not Applicable,No,Not Applicable,470,Cash,37,4.5,3.8
2024-07-16 06:22:00,CNR8496742242,Driver Not Found,CID942162,Prime Plus,Malleshwaram,Electronic City,,,Not Applicable,Not Applicable,Not Applicable,Not Applicable,2764,Not Applicable,0,,
2024-07-15 15:21:00,CNR7848450076,Success,CID481164,Bike,Yeshwanthpur,Chickpet,70.0,145.0,Not Applicable,Not Applicable,No,Not Applicable,148,Cash,44,4.3,4.7
2024-07-07 01:24:00,CNR7983956171,Success,CID842967,Bike,Padmanabhanagar,Basavanagudi,189.0,55.0,Not Applicable,Not Applicable,No,Not Applicable,721,UPI,38,5.0,4.1
2024-07-15 12:42:00,CNR7225255185,Success,CID616073,eBike,Hosur Road,Rajajinagar,126.0,130.0,Not Applicable,Not Applicable,No,Not Applicable,380,Cash,46,3.9,3.2
2024-07-12 00:54:00,CNR5747871552,Driver Not Found,CID291095,eBike,RT Nagar,Cox Town,,,Not Applicable,Not Applicable,Not Applicable,Not Applicable,386,Not Applicable,0,,
2024-07-19 21:31:00,CNR3767666191,Canceled by Driver,CID249382,Bike,Padmanabhanagar,Banashankari,,,Not Applicable,Personal & Car related issue,Not Applicable,Not Applicable,469,Not Applicable,0,,
2024-07-07 00:27:00,CNR4039230685,Canceled by Driver,CID789996,Mini,Langford Town,Ulsoor,,,Not Applicable,Customer was coughing/sick,Not Applicable,Not Applicable,198,Not Applicable,0,,
2024-07-14 12:39:00,CNR1368359843,Canceled by Driver,CID275130,Prime SUV,Vijayanagar,Hosur Road,,,Not Applicable,Customer was coughing/sick,Not Applicable,Not Applicable,178,Not Applicable,0,,
2024-07-02 07:47:00,CNR5622165826,Success,CID559451,eBike,Nagarbhavi,Hennur,77.0,120.0,Not Applicable,Not Applicable,No,Not Applicable,117,UPI,9,3.8,3.8
2024-07-30 16:48:00,CNR7490148520,Success,CID412090,Prime Sedan,Chamarajpet,Koramangala,245.0,65.0,Not Applicable,Not Applicable,Yes,Vehicle Breakdown,226,Cash,8,3.5,4.5
2024-07-21 11:15:00,CNR6405975148,Driver Not Found,CID335390,Mini,Ramamurthy Nagar,Hennur,,,Not Applicable,Not Applicable,Not Applicable,Not Applicable,438,Not Applicable,0,,
2024-07-28 10:57:00,CNR5926133261,Canceled by Customer,CID463946,Auto,Yeshwanthpur,Whitefield,,,Change of plans,Not Applicable,Not Applicable,Not Applicable,380,Not Applicable,0,,
2024-07-30 22:17:00,CNR6554937296,Success,CID242660,Prime Plus,Mysore Road,JP Nagar,238.0,70.0,Not Applicable,Not Applicable,No,Not Applicable,675,UPI,32,3.4,3.1
2024-07-28 19:41:00,CNR8721653727,Success,CID585100,Auto,Banashankari,Jayanagar,126.0,95.0,Not Applicable,Not Applicable,No,Not Applicable,218,UPI,4,4.2,3.3
2024-07-04 07:38:00,CNR4988636112,Canceled by Driver,CID538141,Prime Sedan,Koramangala,Kadugodi,,,Not Applicable,Personal & Car related issue,Not Applicable,Not Applicable,309,Not Applicable,0,,
2024-07-16 17:08:00,CNR3961136510,Success,CID349718,Mini,Tumkur Road,Chickpet,126.0,60.0,Not Applicable,Not Applicable,No,Not Applicable,845,Cash,3,4.0,3.8
2024-07-30 19:10:00,CNR3137013130,Success,CID112940,Prime Plus,Nagarbhavi,Hosur Road,238.0,85.0,Not Applicable,Not Applicable,No,Not Applicable,408,Cash,47,3.1,3.0
2024-07-29 17:44:00,CNR3181742739,Success,CID554356,Mini,Sahakar Nagar,Kadugodi,154.0,135.0,Not Applicable,Not Applicable,No,Not Applicable,278,UPI,13,4.5,3.5
2024-07-07 12:40:00,CNR3552204666,Success,CID622844,Auto,Marathahalli,Ulsoor,259.0,30.0,Not Applicable,Not Applicable,No,Not Applicable,271,Cash,18,4.4,4.6
2024-07-30 16:21:00,CNR9456142417,Success,CID717094,Bike,KR Puram,Chickpet,273.0,55.0,Not Applicable,Not Applicable,No,Not Applicable,251,UPI,37,3.6,4.6
2024-07-03 06:40:00,CNR7367517737,Canceled by Customer,CID623159,Prime Sedan,Nagarbhavi,Rajarajeshwari Nagar,,,Driver is not moving towards pickup location,Not Applicable,Not Applicable,Not Applicable,2592,Not Applicable,0,,
2024-07-26 13:41:00,CNR4362718394,Canceled by Customer,CID865110,eBike,Rajarajeshwari Nagar,Mysore Road,,,Driver is not moving towards pickup location,Not Applicable,Not Applicable,Not Applicable,188,Not Applicable,0,,
2024-07-01 10:51:00,CNR8209840791,Success,CID230256,Prime Sedan,RT Nagar,Nagarbhavi,119.0,30.0,Not Applicable,Not Applicable,No,Not Applicable,174,Cash,42,5.0,5.0
2024-07-01 05:46:00,CNR3769283785,Driver Not Found,CID380825,Auto,Padmanabhanagar,Indiranagar,,,Not Applicable,Not Applicable,Not Applicable,Not Applicable,236,Not Applicable,0,,
2024-07-09 10:08:00,CNR5002363377,Success,CID495901,Auto,RT Nagar,Rajarajeshwari Nagar,238.0,75.0,Not Applicable,Not Applicable,No,Not Applicable,795,Cash,5,3.2,4.5
2024-07-18 20:31:00,CNR4791329820,Canceled by Driver,CID841915,Prime Sedan,Chamarajpet,HSR Layout,,,Not Applicable,Customer related issue,Not Applicable,Not Applicable,2001,Not Applicable,0,,
2024-07-07 11:52:00,CNR9450774628,Success,CID234548,eBike,Nagarbhavi,Sahakar Nagar,266.0,115.0,Not Applicable,Not Applicable,Yes,Other Issue,275,Cash,23,3.7,3.5
2024-07-12 09:31:00,CNR4453469850,Success,CID692942,Mini,Marathahalli,Frazer Town,98.0,120.0,Not Applicable,Not Applicable,No,Not Applicable,347,Cash,12,3.9,3.6
2024-07-03 10:38:00,CNR5718925360,Success,CID659061,eBike,Magadi Road,Hebbal,168.0,55.0,Not Applicable,Not Applicable,No,Not Applicable,1289,Cash,5,3.6,3.3
2024-07-05 02:43:00,CNR3224582460,Driver Not Found,CID802440,Prime SUV,Hosur Road,Mysore Road,,,Not Applicable,Not Applicable,Not Applicable,Not Applicable,162,Not Applicable,0,,
2024-07-16 07:17:00,CNR3413338220,Success,CID952184,Auto,Hebbal,MG Road,238.0,100.0,Not Applicable,Not Applicable,Yes,Vehicle Breakdown,293,UPI,2,4.6,3.6
2024-07-15 20:40:00,CNR1193762567,Success,CID746310,Prime Sedan,Sahakar Nagar,Cox Town,266.0,55.0,Not Applicable,Not Applicable,No,Not Applicable,737,Cash,2,3.8,3.5
2024-07-27 00:57:00,CNR3410353272,Success,CID487092,eBike,Shantinagar,Varthur,161.0,140.0,Not Applicable,Not Applicable,No,Not Applicable,1312,Cash,11,4.0,4.4
2024-07-25 18:22:00,CNR3509609930,Success,CID802135,Bike,Tumkur Road,Kengeri,294.0,125.0,Not Applicable,Not Applicable,Yes,Vehicle Breakdown,161,UPI,31,4.3,4.7
2024-07-15 08:26:00,CNR5239569099,Success,CID509347,Auto,MG Road,Ramamurthy Nagar,56.0,90.0,Not Applicable,Not Applicable,No,Not Applicable,347,UPI,10,5.0,4.6
2024-07-23 11:48:00,CNR2270956385,Canceled by Driver,CID410028,Auto,Rajarajeshwari Nagar,Shivajinagar,,,Not Applicable,Customer related issue,Not Applicable,Not Applicable,289,Not Applicable,0,,
2024-07-28 10:11:00,CNR4607388627,Canceled by Driver,CID168946,Prime Plus,Chickpet,JP Nagar,,,Not Applicable,Personal & Car related issue,Not Applicable,Not Applicable,655,Not Applicable,0,,
2024-07-29 01:05:00,CNR6128846019,Success,CID260569,Prime Plus,Vijayanagar,Banashankari,287.0,100.0,Not Applicable,Not Applicable,No,Not Applicable,477,Cash,20,3.4,3.9
2024-07-21 14:11:00,CNR9967000692,Canceled by Driver,CID757394,Prime SUV,Sahakar Nagar,Shantinagar,,,Not Applicable,Customer related issue,Not Applicable,Not Applicable,106,Not Applicable,0,,
2024-07-23 02:37:00,CNR6942861313,Success,CID801782,eBike,Mysore Road,Majestic,140.0,105.0,Not Applicable,Not Applicable,No,Not Applicable,455,UPI,45,3.0,4.9
2024-07-16 22:30:00,CNR1667320957,Success,CID551562,Prime SUV,Yelahanka,Basavanagudi,154.0,55.0,Not Applicable,Not Applicable,No,Not Applicable,678,Cash,2,4.1,4.9
2024-07-27 05:20:00,CNR4230513322,Success,CID749222,eBike,Bannerghatta Road,Chickpet,133.0,130.0,Not Applicable,Not Applicable,No,Not Applicable,796,UPI,28,4.8,4.7
2024-07-24 01:45:00,CNR4837938688,Success,CID404083,Prime SUV,Yeshwanthpur,Devanahalli,217.0,40.0,Not Applicable,Not Applicable,No,Not Applicable,480,Cash,40,4.9,3.9
2024-07-20 14:13:00,CNR6893762807,Success,CID113768,Auto,Frazer Town,Sarjapur Road,231.0,65.0,Not Applicable,Not Applicable,No,Not Applicable,464,Cash,12,4.0,3.7
2024-07-07 19:03:00,CNR4952574240,Success,CID805978,Prime Sedan,Hennur,JP Nagar,252.0,145.0,Not Applicable,Not Applicable,No,Not Applicable,421,UPI,15,3.3,4.0
2024-07-21 06:19:00,CNR4533977095,Canceled by Driver,CID861692,Prime SUV,Banashankari,Jayanagar,,,Not Applicable,Personal & Car related issue,Not Applicable,Not Applicable,373,Not Applicable,0,,
2024-07-21 09:52:00,CNR7740697258,Canceled by Driver,CID865936,Auto,Tumkur Road,Kammanahalli,,,Not Applicable,Customer was coughing/sick,Not Applicable,Not Applicable,658,Not Applicable,0,,
2024-07-07 04:31:00,CNR1692821248,Success,CID712401,Prime Sedan,Hulimavu,Vijayanagar,175.0,50.0,Not Applicable,Not Applicable,No,Not Applicable,111,Cash,5,3.6,4.2
2024-07-27 03:52:00,CNR5443347556,Success,CID754965,Prime SUV,Tumkur Road,Devanahalli,49.0,115.0,Not Applicable,Not Applicable,No,Not Applicable,457,Cash,20,4.1,3.1
2024-07-19 04:18:00,CNR6221092019,Success,CID897203,Bike,MG Road,Chickpet,182.0,35.0,Not Applicable,Not Applicable,No,Not Applicable,366,Cash,27,3.4,4.3
2024-07-16 00:15:00,CNR9949878193,Success,CID471277,Mini,JP Nagar,Peenya,224.0,25.0,Not Applicable,Not Applicable,No,Not Applicable,525,Cash,38,3.0,3.1
2024-07-29 08:20:00,CNR4165313597,Success,CID723501,eBike,JP Nagar,BTM Layout,147.0,135.0,Not Applicable,Not Applicable,No,Not Applicable,393,Cash,43,3.2,4.1
2024-07-20 21:59:00,CNR7448917805,Success,CID493561,Bike,Padmanabhanagar,Malleshwaram,203.0,45.0,Not Applicable,Not Applicable,No,Not Applicable,510,UPI,21,4.8,4.5
2024-07-18 17:00:00,CNR1694492331,Canceled by Driver,CID649521,eBike,Sarjapur Road,Mysore Road,,,Not Applicable,More than permitted people in there,Not Applicable,Not Applicable,994,Not Applicable,0,,
2024-07-25 23:15:00,CNR1111945197,Success,CID313344,Prime Plus,Jayanagar,KR Puram,133.0,90.0,Not Applicable,Not Applicable,No,Not Applicable,292,Cash,2,4.7,3.1
2024-07-14 03:34:00,CNR9246249145,Driver Not Found,CID410690,Prime SUV,Richmond Town,Rajarajeshwari Nagar,,,Not Applicable,Not Applicable,Not Applicable,Not Applicable,718,Not Applicable,0,,
2024-07-30 05:52:00,CNR9182059041,Driver Not Found,CID720813,Prime SUV,Ulsoor,Chickpet,,,Not Applicable,Not Applicable,Not Applicable,Not Applicable,491,Not Applicable,0,,
2024-07-18 09:09:00,CNR7632073533,Success,CID230579,eBike,JP Nagar,Marathahalli,210.0,35.0,Not Applicable,Not Applicable,No,Not Applicable,2700,UPI,24,5.0,3.8
2024-07-21 13:46:00,CNR2772916184,Success,CID775761,Mini,Rajajinagar,HSR Layout,98.0,95.0,Not Applicable,Not Applicable,No,Not Applicable,2676,UPI,24,4.1,3.7
2024-07-07 10:11:00,CNR8314085166,Success,CID171990,Prime Sedan,Yelahanka,KR Puram,49.0,75.0,Not Applicable,Not Applicable,No,Not Applicable,487,Debit Card,27,4.5,3.3
2024-07-25 15:38:00,CNR7752619907,Canceled by Driver,CID834211,Auto,Ramamurthy Nagar,Koramangala,,,Not Applicable,Personal & Car related issue,Not Applicable,Not Applicable,188,Not Applicable,0,,
2024-07-28 05:26:00,CNR6542394608,Success,CID688712,Prime Plus,Vijayanagar,Tumkur Road,168.0,80.0,Not Applicable,Not Applicable,No,Not Applicable,2333,Cash,11,4.9,4.9
2024-07-11 04:29:00,CNR6573710762,Canceled by Customer,CID288404,Bike,Cox Town,Sarjapur Road,,,Driver asked to cancel,Not Applicable,Not Applicable,Not Applicable,333,Not Applicable,0,,
2024-07-11 16:23:00,CNR3761814913,Canceled by Customer,CID201846,Prime Plus,Bannerghatta Road,Frazer Town,,,AC is Not working,Not Applicable,Not Applicable,Not Applicable,290,Not Applicable,0,,
2024-07-24 07:57:00,CNR6299579059,Canceled by Driver,CID154073,Prime SUV,Malleshwaram,Nagarbhavi,,,Not Applicable,Personal & Car related issue,Not Applicable,Not Applicable,151,Not Applicable,0,,
2024-07-27 06:58:00,CNR1520736554,Canceled by Customer,CID581892,Prime Plus,Shantinagar,Hosur Road,,,Driver asked to cancel,Not Applicable,Not Applicable,Not Applicable,131,Not Applicable,0,,
2024-07-14 00:57:00,CNR2905811104,Canceled by Customer,CID657509,Prime Sedan,Kengeri,Kammanahalli,,,AC is Not working,Not Applicable,Not Applicable,Not Applicable,1788,Not Applicable,0,,
2024-07-03 15:14:00,CNR5564628935,Success,CID258657,Prime Plus,Padmanabhanagar,Sarjapur Road,308.0,130.0,Not Applicable,Not Applicable,No,Not Applicable,206,Cash,46,4.4,3.9
2024-07-25 23:01:00,CNR6941331954,Success,CID914965,Mini,Yeshwanthpur,Banashankari,224.0,135.0,Not Applicable,Not Applicable,No,Not Applicable,1095,UPI,6,4.3,3.6
2024-07-18 13:43:00,CNR5905494387,Success,CID726227,Prime SUV,Richmond Town,Sahakar Nagar,119.0,130.0,Not Applicable,Not Applicable,No,Not Applicable,102,Cash,5,3.8,4.2
2024-07-18 10:55:00,CNR7669721323,Success,CID487826,Prime SUV,Koramangala,RT Nagar,308.0,80.0,Not Applicable,Not Applicable,No,Not Applicable,279,Cash,11,4.2,3.9
2024-07-10 11:15:00,CNR3827770347,Success,CID290779,Prime SUV,Magadi Road,Magadi Road,273.0,40.0,Not Applicable,Not Applicable,No,Not Applicable,206,UPI,24,3.7,3.9
2024-07-26 19:47:00,CNR4352717425,Canceled by Driver,CID493062,Auto,RT Nagar,HSR Layout,,,Not Applicable,Customer related issue,Not Applicable,Not Applicable,221,Not Applicable,0,,
2024-07-13 04:43:00,CNR6762748288,Success,CID896215,Auto,Kammanahalli,Langford Town,77.0,80.0,Not Applicable,Not Applicable,No,Not Applicable,291,Cash,18,3.9,4.2
2024-07-16 08:36:00,CNR5594343711,Canceled by Driver,CID120985,Auto,Sarjapur Road,Devanahalli,,,Not Applicable,Customer was coughing/sick,Not Applicable,Not Applicable,226,Not Applicable,0,,
2024-07-07 12:57:00,CNR2013134078,Success,CID634627,eBike,Whitefield,Mysore Road,84.0,95.0,Not Applicable,Not Applicable,No,Not Applicable,719,UPI,12,3.3,4.2
2024-07-10 08:02:00,CNR1401818659,Canceled by Driver,CID481759,Prime Plus,Bannerghatta Road,JP Nagar,,,Not Applicable,Customer was coughing/sick,Not Applicable,Not Applicable,2116,Not Applicable,0,,
2024-07-07 12:56:00,CNR9715330186,Canceled by Customer,CID285786,eBike,Rajajinagar,Indiranagar,,,Wrong Address,Not Applicable,Not Applicable,Not Applicable,416,Not Applicable,0,,
2024-07-25 05:49:00,CNR1803232467,Driver Not Found,CID576140,Bike,Banashankari,Hosur Road,,,Not Applicable,Not Applicable,Not Applicable,Not Applicable,308,Not Applicable,0,,
2024-07-07 05:45:00,CNR6984212692,Success,CID583445,Prime SUV,Magadi Road,Devanahalli,126.0,60.0,Not Applicable,Not Applicable,Yes,Other Issue,832,Cash,33,3.6,3.9
2024-07-08 22:56:00,CNR8645315518,Success,CID572038,Mini,Sahakar Nagar,Sarjapur Road,189.0,60.0,Not Applicable,Not Applicable,No,Not Applicable,189,Cash,1,4.6,3.4
2024-07-06 04:51:00,CNR7959921666,Success,CID450329,eBike,Shivajinagar,Peenya,189.0,95.0,Not Applicable,Not Applicable,No,Not Applicable,345,UPI,33,3.4,4.4
2024-07-14 15:15:00,CNR2910128343,Success,CID279381,Prime Plus,Indiranagar,Banashankari,217.0,35.0,Not Applicable,Not Applicable,No,Not Applicable,243,Cash,46,4.8,3.8
2024-07-23 08:02:00,CNR5101524271,Success,CID875742,Bike,Hebbal,Kengeri,42.0,65.0,Not Applicable,Not Applicable,No,Not Applicable,216,Cash,27,3.9,4.6
2024-07-21 00:03:00,CNR5523424793,Success,CID894626,Bike,Yeshwanthpur,Rajarajeshwari Nagar,175.0,65.0,Not Applicable,Not Applicable,No,Not Applicable,404,UPI,22,4.3,3.0
2024-07-19 20:30:00,CNR9462743126,Success,CID764005,Prime SUV,Majestic,Bannerghatta Road,91.0,30.0,Not Applicable,Not Applicable,No,Not Applicable,433,Cash,36,3.6,3.7
2024-07-02 19:53:00,CNR9541265046,Success,CID967698,eBike,Hosur Road,Bannerghatta Road,196.0,25.0,Not Applicable,Not Applicable,No,Not Applicable,545,UPI,6,4.7,5.0
2024-07-09 11:18:00,CNR8433870337,Success,CID332523,Prime Plus,Chickpet,Electronic City,35.0,140.0,Not Applicable,Not Applicable,No,Not Applicable,217,Cash,35,3.1,3.7
2024-07-16 03:00:00,CNR6337562796,Driver Not Found,CID421748,Prime Sedan,Indiranagar,Marathahalli,,,Not Applicable,Not Applicable,Not Applicable,Not Applicable,296,Not Applicable,0,,
2024-07-13 00:06:00,CNR3023782768,Success,CID821487,Prime Sedan,Mysore Road,Rajarajeshwari Nagar,35.0,110.0,Not Applicable,Not Applicable,No,Not Applicable,208,UPI,9,4.1,3.7
2024-07-04 10:51:00,CNR8058086848,Canceled by Driver,CID704949,Auto,Kengeri,Hennur,,,Not Applicable,Customer related issue,Not Applicable,Not Applicable,309,Not Applicable,0,,
2024-07-24 21:43:00,CNR5970162500,Success,CID723632,Bike,Banashankari,Majestic,238.0,140.0,Not Applicable,Not Applicable,No,Not Applicable,296,UPI,20,3.3,3.5
2024-07-01 18:54:00,CNR9651015263,Success,CID595206,Bike,Majestic,Chickpet,98.0,125.0,Not Applicable,Not Applicable,No,Not Applicable,492,Cash,3,4.3,3.0
2024-07-24 07:15:00,CNR5079059906,Success,CID134922,eBike,Langford Town,Sarjapur Road,280.0,25.0,Not Applicable,Not Applicable,No,Not Applicable,440,Cash,15,3.6,3.1
2024-07-12 19:35:00,CNR5682044392,Success,CID280124,Prime Plus,Chickpet,Magadi Road,308.0,75.0,Not Applicable,Not Applicable,No,Not Applicable,2551,Cash,47,4.9,3.8
2024-07-29 10:43:00,CNR5139659923,Success,CID351247,Bike,Majestic,Banashankari,294.0,60.0,Not Applicable,Not Applicable,No,Not Applicable,283,UPI,29,3.7,4.0
2024-07-05 17:39:00,CNR4504113871,Canceled by Driver,CID544409,Prime Sedan,Indiranagar,Langford Town,,,Not Applicable,Personal & Car related issue,Not Applicable,Not Applicable,930,Not Applicable,0,,
2024-07-08 19:40:00,CNR4175068679,Success,CID230360,Bike,Hennur,Varthur,280.0,100.0,Not Applicable,Not Applicable,No,Not Applicable,205,Cash,48,3.3,3.4
2024-07-18 16:25:00,CNR2080799265,Success,CID997840,Prime Sedan,Bannerghatta Road,Yelahanka,280.0,105.0,Not Applicable,Not Applicable,No,Not Applicable,857,UPI,17,3.7,3.7
2024-07-15 18:59:00,CNR5750347623,Success,CID324455,eBike,Langford Town,Magadi Road,287.0,65.0,Not Applicable,Not Applicable,No,Not Applicable,808,Cash,22,4.6,4.8
2024-07-03 13:38:00,CNR5732708761,Success,CID566035,Prime Sedan,Rajarajeshwari Nagar,Indiranagar,308.0,95.0,Not Applicable,Not Applicable,No,Not Applicable,454,Cash,17,3.5,4.5
2024-07-01 13:54:00,CNR9606874528,Success,CID116785,Auto,Yeshwanthpur,Tumkur Road,189.0,50.0,Not Applicable,Not Applicable,No,Not Applicable,270,Cash,13,3.3,3.3
2024-07-06 10:17:00,CNR5018342113,Canceled by Customer,CID784108,Mini,Richmond Town,Ramamurthy Nagar,,,Driver asked to cancel,Not Applicable,Not Applicable,Not Applicable,267,Not Applicable,0,,
2024-07-15 03:07:00,CNR4477156367,Success,CID925846,Mini,Kadugodi,Indiranagar,133.0,135.0,Not Applicable,Not Applicable,No,Not Applicable,857,Cash,38,3.7,4.1
2024-07-29 10:08:00,CNR7238377534,Canceled by Driver,CID717961,Prime Plus,Nagarbhavi,Marathahalli,,,Not Applicable,Personal & Car related issue,Not Applicable,Not Applicable,204,Not Applicable,0,,
2024-07-07 15:21:00,CNR3563211775,Success,CID342180,Auto,BTM Layout,Nagarbhavi,238.0,95.0,Not Applicable,Not Applicable,No,Not Applicable,260,Cash,10,3.8,4.5
2024-07-10 16:08:00,CNR4207689066,Success,CID770235,Prime SUV,Kengeri,Banashankari,161.0,30.0,Not Applicable,Not Applicable,No,Not Applicable,127,UPI,5,3.0,3.4
2024-07-19 15:17:00,CNR3239892073,Success,CID802309,Bike,Nagarbhavi,Mysore Road,140.0,140.0,Not Applicable,Not Applicable,No,Not Applicable,339,UPI,45,3.7,4.7
2024-07-01 22:59:00,CNR7100284244,Canceled by Driver,CID289021,Prime Plus,Ulsoor,KR Puram,,,Not Applicable,Customer was coughing/sick,Not Applicable,Not Applicable,415,Not Applicable,0,,
2024-07-02 15:19:00,CNR1554494037,Success,CID529054,Prime Sedan,Varthur,Sarjapur Road,210.0,75.0,Not Applicable,Not Applicable,No,Not Applicable,400,Cash,24,4.6,3.9
2024-07-11 01:55:00,CNR1266701075,Success,CID441151,eBike,Koramangala,Ramamurthy Nagar,119.0,90.0,Not Applicable,Not Applicable,No,Not Applicable,138,UPI,44,4.1,4.0
2024-07-25 17:04:00,CNR9965169967,Success,CID775786,Prime Sedan,Majestic,Hebbal,217.0,125.0,Not Applicable,Not Applicable,No,Not Applicable,260,UPI,18,4.5,4.7
2024-07-05 23:47:00,CNR8630960995,Success,CID970483,Prime SUV,Vijayanagar,Marathahalli,252.0,35.0,Not Applicable,Not Applicable,No,Not Applicable,283,UPI,36,4.2,3.9
2024-07-22 16:27:00,CNR3147017188,Success,CID234005,Bike,Nagarbhavi,Kadugodi,308.0,145.0,Not Applicable,Not Applicable,No,Not Applicable,1937,Cash,48,4.6,3.9
2024-07-12 08:21:00,CNR8935534535,Canceled by Driver,CID175293,Mini,Electronic City,Marathahalli,,,Not Applicable,More than permitted people in there,Not Applicable,Not Applicable,1162,Not Applicable,0,,
2024-07-29 21:20:00,CNR4118796100,Success,CID894509,Prime SUV,Jayanagar,Banashankari,252.0,35.0,Not Applicable,Not Applicable,No,Not Applicable,524,Cash,28,4.2,4.2
2024-07-29 20:55:00,CNR5336057065,Driver Not Found,CID950226,Mini,Bannerghatta Road,Basavanagudi,,,Not Applicable,Not Applicable,Not Applicable,Not Applicable,997,Not Applicable,0,,
2024-07-19 02:47:00,CNR6467936733,Success,CID704398,Auto,Kammanahalli,HSR Layout,280.0,140.0,Not Applicable,Not Applicable,Yes,Vehicle Breakdown,141,Cash,8,4.7,3.3
2024-07-24 09:16:00,CNR5072133052,Canceled by Driver,CID243844,eBike,Hulimavu,Hebbal,,,Not Applicable,Personal & Car related issue,Not Applicable,Not Applicable,699,Not Applicable,0,,
2024-07-29 21:07:00,CNR7174937782,Canceled by Driver,CID906895,Prime SUV,Ulsoor,Hulimavu,,,Not Applicable,Personal & Car related issue,Not Applicable,Not Applicable,247,Not Applicable,0,,
2024-07-14 18:35:00,CNR1901859764,Canceled by Driver,CID130300,Prime Sedan,Frazer Town,Rajarajeshwari Nagar,,,Not Applicable,Personal & Car related issue,Not Applicable,Not Applicable,862,Not Applicable,0,,
2024-07-16 21:18:00,CNR8155619497,Success,CID671805,Auto,Nagarbhavi,Rajarajeshwari Nagar,49.0,25.0,Not Applicable,Not Applicable,No,Not Applicable,764,Cash,18,3.2,3.6
2024-07-26 07:27:00,CNR2511661083,Success,CID388823,eBike,HSR Layout,Yelahanka,280.0,45.0,Not Applicable,Not Applicable,No,Not Applicable,124,UPI,2,4.4,4.3
2024-07-15 16:58:00,CNR3517900123,Canceled by Driver,CID722969,Auto,Malleshwaram,Sarjapur Road,,,Not Applicable,Customer related issue,Not Applicable,Not Applicable,1465,Not Applicable,0,,
2024-07-20 21:02:00,CNR2783823906,Success,CID808605,Auto,Bellandur,Cox Town,259.0,95.0,Not Applicable,Not Applicable,No,Not Applicable,194,UPI,3,3.3,4.6
2024-07-04 05:43:00,CNR6136525355,Canceled by Customer,CID923166,Prime SUV,JP Nagar,Nagarbhavi,,,Driver asked to cancel,Not Applicable,Not Applicable,Not Applicable,145,Not Applicable,0,,
2024-07-26 09:52:00,CNR5853313638,Canceled by Customer,CID192438,Mini,Sahakar Nagar,Bannerghatta Road,,,AC is Not working,Not Applicable,Not Applicable,Not Applicable,217,Not Applicable,0,,
2024-07-10 19:11:00,CNR3335739981,Success,CID538370,Prime SUV,Vijayanagar,Bellandur,84.0,115.0,Not Applicable,Not Applicable,No,Not Applicable,431,Cash,28,4.0,4.7
2024-07-09 04:16:00,CNR2816301428,Canceled by Driver,CID342872,Auto,Magadi Road,Tumkur Road,,,Not Applicable,Customer related issue,Not Applicable,Not Applicable,400,Not Applicable,0,,
2024-07-07 17:26:00,CNR6288744600,Canceled by Customer,CID958805,Bike,Vijayanagar,Hebbal,,,Driver is not moving towards pickup location,Not Applicable,Not Applicable,Not Applicable,182,Not Applicable,0,,
2024-07-19 18:07:00,CNR9370967090,Canceled by Customer,CID227466,eBike,Ulsoor,Rajarajeshwari Nagar,,,Driver is not moving towards pickup location,Not Applicable,Not Applicable,Not Applicable,418,Not Applicable,0,,
2024-07-09 19:09:00,CNR7394835221,Canceled by Driver,CID536385,Prime SUV,RT Nagar,Ulsoor,,,Not Applicable,Customer was coughing/sick,Not Applicable,Not Applicable,863,Not Applicable,0,,
2024-07-18 19:42:00,CNR4444173383,Success,CID528835,eBike,Jayanagar,HSR Layout,203.0,145.0,Not Applicable,Not Applicable,No,Not Applicable,153,Cash,34,4.4,4.3
2024-07-19 12:08:00,CNR6966083489,Canceled by Driver,CID198589,eBike,Vijayanagar,Marathahalli,,,Not Applicable,More than permitted people in there,Not Applicable,Not Applicable,118,Not Applicable,0,,
2024-07-01 22:55:00,CNR4259223419,Canceled by Driver,CID206187,Prime SUV,Peenya,KR Puram,,,Not Applicable,Customer related issue,Not Applicable,Not Applicable,503,Not Applicable,0,,
2024-07-20 11:41:00,CNR3842457027,Success,CID891469,Bike,Padmanabhanagar,Basavanagudi,105.0,135.0,Not Applicable,Not Applicable,No,Not Applicable,534,UPI,1,3.7,3.0
2024-07-09 02:57:00,CNR2750992804,Canceled by Driver,CID418251,Auto,Rajajinagar,Hulimavu,,,Not Applicable,Customer related issue,Not Applicable,Not Applicable,543,Not Applicable,0,,
2024-07-02 06:07:00,CNR2687250794,Success,CID261145,Auto,Ulsoor,Hulimavu,133.0,135.0,Not Applicable,Not Applicable,No,Not Applicable,404,Cash,8,3.6,4.8
2024-07-21 01:24:00,CNR7462437386,Success,CID472984,Prime Plus,BTM Layout,Vijayanagar,105.0,145.0,Not Applicable,Not Applicable,No,Not Applicable,783,Cash,41,3.7,3.1
2024-07-15 03:25:00,CNR6840302144,Driver Not Found,CID321791,Auto,Ulsoor,Yeshwanthpur,,,Not Applicable,Not Applicable,Not Applicable,Not Applicable,766,Not Applicable,0,,
2024-07-04 21:33:00,CNR7369630372,Success,CID868733,Auto,HSR Layout,Bannerghatta Road,42.0,115.0,Not Applicable,Not Applicable,No,Not Applicable,404,Cash,3,3.2,4.3
2024-07-02 04:05:00,CNR4108393736,Success,CID330020,eBike,Frazer Town,RT Nagar,245.0,145.0,Not Applicable,Not Applicable,No,Not Applicable,367,UPI,5,4.3,3.4
2024-07-14 20:33:00,CNR5197139815,Success,CID207156,eBike,Shantinagar,Chickpet,168.0,110.0,Not Applicable,Not Applicable,No,Not Applicable,244,Cash,46,4.8,4.4
2024-07-08 17:23:00,CNR5614105129,Success,CID369084,Mini,Sahakar Nagar,Nagarbhavi,203.0,95.0,Not Applicable,Not Applicable,No,Not Applicable,681,Cash,6,4.5,4.1
2024-07-11 19:36:00,CNR2291669155,Success,CID272940,Auto,Padmanabhanagar,Ulsoor,308.0,30.0,Not Applicable,Not Applicable,No,Not Applicable,2550,UPI,3,4.5,4.1
2024-07-26 19:06:00,CNR8650609662,Canceled by Driver,CID861243,Prime Sedan,Banashankari,Frazer Town,,,Not Applicable,Personal & Car related issue,Not Applicable,Not Applicable,162,Not Applicable,0,,
2024-07-01 06:59:00,CNR6912604116,Success,CID995644,Prime Sedan,Shivajinagar,Magadi Road,56.0,25.0,Not Applicable,Not Applicable,No,Not Applicable,378,Cash,12,3.6,3.9
2024-07-27 17:20:00,CNR4297715780,Success,CID648698,eBike,Yeshwanthpur,Sahakar Nagar,231.0,80.0,Not Applicable,Not Applicable,No,Not Applicable,324,Cash,18,4.9,4.7
2024-07-06 10:42:00,CNR4504643875,Canceled by Driver,CID892098,Prime Plus,Banashankari,Marathahalli,,,Not Applicable,Personal & Car related issue,Not Applicable,Not Applicable,292,Not Applicable,0,,
2024-07-15 09:20:00,CNR7947803425,Canceled by Customer,CID156280,Prime SUV,HSR Layout,Marathahalli,,,Change of plans,Not Applicable,Not Applicable,Not Applicable,146,Not Applicable,0,,
2024-07-28 15:43:00,CNR4591012461,Canceled by Driver,CID538071,Auto,Varthur,MG Road,,,Not Applicable,Personal & Car related issue,Not Applicable,Not Applicable,2000,Not Applicable,0,,
2024-07-29 01:26:00,CNR2989257453,Success,CID608062,Mini,Padmanabhanagar,Nagarbhavi,56.0,140.0,Not Applicable,Not Applicable,No,Not Applicable,170,Cash,15,4.4,4.2
2024-07-12 08:18:00,CNR3275866443,Success,CID645286,eBike,Banashankari,Indiranagar,98.0,80.0,Not Applicable,Not Applicable,No,Not Applicable,285,Cash,17,4.2,3.0
2024-07-30 14:40:00,CNR2324784371,Success,CID487725,eBike,Electronic City,Bannerghatta Road,98.0,140.0,Not Applicable,Not Applicable,No,Not Applicable,191,UPI,39,3.1,3.4
2024-07-26 14:17:00,CNR4364397190,Success,CID296793,Prime SUV,Kadugodi,Ramamurthy Nagar,119.0,30.0,Not Applicable,Not Applicable,No,Not Applicable,400,Cash,9,4.8,4.5
2024-07-20 04:19:00,CNR8175959761,Canceled by Customer,CID371140,Bike,Varthur,Peenya,,,Driver asked to cancel,Not Applicable,Not Applicable,Not Applicable,263,Not Applicable,0,,
2024-07-13 13:48:00,CNR8959345848,Success,CID977351,Prime Sedan,Langford Town,Whitefield,42.0,110.0,Not Applicable,Not Applicable,No,Not Applicable,342,UPI,45,4.8,3.0
2024-07-06 11:02:00,CNR1669268221,Success,CID560955,Prime SUV,Sarjapur Road,Basavanagudi,168.0,25.0,Not Applicable,Not Applicable,No,Not Applicable,471,UPI,21,3.3,3.6
2024-07-06 11:45:00,CNR2499103236,Driver Not Found,CID748737,Mini,Bellandur,Jayanagar,,,Not Applicable,Not Applicable,Not Applicable,Not Applicable,116,Not Applicable,0,,
2024-07-12 16:01:00,CNR5083389830,Driver Not Found,CID193656,Mini,Kadugodi,Kammanahalli,,,Not Applicable,Not Applicable,Not Applicable,Not Applicable,2430,Not Applicable,0,,
2024-07-03 16:52:00,CNR8568973329,Canceled by Customer,CID465378,Prime SUV,Rajajinagar,Sahakar Nagar,,,AC is Not working,Not Applicable,Not Applicable,Not Applicable,402,Not Applicable,0,,
2024-07-14 07:55:00,CNR4176233671,Canceled by Customer,CID219606,Bike,Kammanahalli,Vijayanagar,,,AC is Not working,Not Applicable,Not Applicable,Not Applicable,147,Not Applicable,0,,
2024-07-28 18:06:00,CNR7592376699,Canceled by Customer,CID882949,Auto,Bannerghatta Road,Kadugodi,,,AC is Not working,Not Applicable,Not Applicable,Not Applicable,319,Not Applicable,0,,
2024-07-26 05:38:00,CNR1841496031,Success,CID627597,Prime Plus,Mysore Road,Langford Town,301.0,80.0,Not Applicable,Not Applicable,No,Not Applicable,221,Cash,11,4.0,4.9
2024-07-22 13:53:00,CNR9037517458,Driver Not Found,CID970424,Bike,Basavanagudi,Hebbal,,,Not Applicable,Not Applicable,Not Applicable,Not Applicable,660,Not Applicable,0,,
2024-07-03 11:40:00,CNR5834606652,Success,CID902665,Prime Sedan,Hulimavu,Sahakar Nagar,84.0,80.0,Not Applicable,Not Applicable,No,Not Applicable,413,Cash,2,4.9,4.2
2024-07-16 01:50:00,CNR1738752390,Success,CID828534,Prime SUV,Rajajinagar,Majestic,224.0,115.0,Not Applicable,Not Applicable,No,Not Applicable,2219,Cash,21,3.7,4.8
2024-07-08 19:25:00,CNR1039974970,Success,CID792577,Bike,Padmanabhanagar,Koramangala,238.0,130.0,Not Applicable,Not Applicable,No,Not Applicable,458,Cash,45,3.7,3.5
2024-07-12 00:07:00,CNR4554910955,Success,CID246973,Prime Sedan,HSR Layout,Sahakar Nagar,126.0,95.0,Not Applicable,Not Applicable,No,Not Applicable,327,Cash,32,4.0,4.1
2024-07-04 21:52:00,CNR3465480629,Success,CID359550,Prime SUV,KR Puram,Langford Town,182.0,45.0,Not Applicable,Not Applicable,No,Not Applicable,332,Cash,7,3.4,4.6
2024-07-17 00:03:00,CNR9481145443,Success,CID104613,eBike,Kengeri,Mysore Road,182.0,145.0,Not Applicable,Not Applicable,Yes,Vehicle Breakdown,260,Cash,14,4.1,3.2
2024-07-10 21:43:00,CNR7443796849,Canceled by Customer,CID505870,Mini,Electronic City,Sarjapur Road,,,Driver asked to cancel,Not Applicable,Not Applicable,Not Applicable,439,Not Applicable,0,,
2024-07-16 14:09:00,CNR9802477555,Canceled by Customer,CID774546,Prime Plus,Indiranagar,HSR Layout,,,AC is Not working,Not Applicable,Not Applicable,Not Applicable,224,Not Applicable,0,,
2024-07-13 14:30:00,CNR6792493845,Success,CID517587,Bike,Magadi Road,HSR Layout,301.0,105.0,Not Applicable,Not Applicable,No,Not Applicable,240,UPI,42,3.2,3.6
2024-07-08 19:19:00,CNR6911387051,Success,CID742174,Mini,Yeshwanthpur,Richmond Town,287.0,70.0,Not Applicable,Not Applicable,No,Not Applicable,423,Cash,26,3.5,3.6
2024-07-29 13:24:00,CNR1024262827,Success,CID955411,Prime SUV,Sarjapur Road,Koramangala,77.0,85.0,Not Applicable,Not Applicable,No,Not Applicable,313,Cash,17,4.7,3.7
2024-07-05 08:34:00,CNR2186927046,Driver Not Found,CID498237,Prime Sedan,JP Nagar,Yeshwanthpur,,,Not Applicable,Not Applicable,Not Applicable,Not Applicable,993,Not Applicable,0,,
2024-07-01 13:52:00,CNR3316891701,Canceled by Driver,CID158950,Bike,Kengeri,Shivajinagar,,,Not Applicable,Customer was coughing/sick,Not Applicable,Not Applicable,376,Not Applicable,0,,
2024-07-21 09:11:00,CNR9898065166,Success,CID442740,Auto,Varthur,Sahakar Nagar,70.0,125.0,Not Applicable,Not Applicable,No,Not Applicable,166,UPI,1,3.1,4.1
2024-07-05 00:00:00,CNR7618055534,Success,CID139273,Prime Sedan,Shivajinagar,Ulsoor,245.0,35.0,Not Applicable,Not Applicable,No,Not Applicable,227,Cash,43,3.9,4.9
2024-07-15 12:08:00,CNR6695334380,Success,CID466173,Prime Plus,Ulsoor,Yeshwanthpur,252.0,90.0,Not Applicable,Not Applicable,No,Not Applicable,456,Cash,44,3.6,4.2
2024-07-07 18:19:00,CNR3657408570,Canceled by Driver,CID259346,Mini,Sarjapur Road,Ramamurthy Nagar,,,Not Applicable,More than permitted people in there,Not Applicable,Not Applicable,425,Not Applicable,0,,
2024-07-27 18:49:00,CNR7702294940,Success,CID464357,Auto,Chickpet,Ulsoor,154.0,90.0,Not Applicable,Not Applicable,No,Not Applicable,172,Credit Card,14,4.4,4.2
2024-07-17 15:15:00,CNR4965464168,Success,CID243676,Prime Sedan,Kengeri,Kadugodi,147.0,40.0,Not Applicable,Not Applicable,No,Not Applicable,151,Cash,38,4.3,5.0
2024-07-09 09:32:00,CNR2218279286,Driver Not Found,CID842354,Prime SUV,Hosur Road,Kengeri,,,Not Applicable,Not Applicable,Not Applicable,Not Applicable,431,Not Applicable,0,,
2024-07-18 08:40:00,CNR3326590952,Success,CID964658,Auto,Jayanagar,Shantinagar,308.0,80.0,Not Applicable,Not Applicable,No,Not Applicable,981,UPI,13,3.4,3.8
2024-07-12 13:17:00,CNR1001007967,Canceled by Driver,CID761581,Mini,Banashankari,Rajarajeshwari Nagar,,,Not Applicable,Personal & Car related issue,Not Applicable,Not Applicable,745,Not Applicable,0,,
2024-07-01 05:05:00,CNR2277300815,Driver Not Found,CID517808,eBike,Sahakar Nagar,Rajajinagar,,,Not Applicable,Not Applicable,Not Applicable,Not Applicable,1738,Not Applicable,0,,
2024-07-27 20:06:00,CNR1302565371,Success,CID830084,eBike,Whitefield,Koramangala,224.0,30.0,Not Applicable,Not Applicable,No,Not Applicable,324,UPI,33,3.2,4.2
2024-07-20 11:57:00,CNR8350252204,Success,CID481722,Auto,Peenya,Bellandur,42.0,80.0,Not Applicable,Not Applicable,No,Not Applicable,113,Cash,4,3.4,3.6
2024-07-29 05:00:00,CNR5793728266,Success,CID906511,Prime Sedan,Yeshwanthpur,Rajarajeshwari Nagar,154.0,40.0,Not Applicable,Not Applicable,No,Not Applicable,343,UPI,32,4.9,3.5
2024-07-07 03:48:00,CNR8580290923,Success,CID294927,eBike,Tumkur Road,Whitefield,266.0,50.0,Not Applicable,Not Applicable,No,Not Applicable,282,UPI,13,4.7,3.4
2024-07-10 20:40:00,CNR6889570246,Success,CID690991,Mini,Electronic City,Kammanahalli,126.0,95.0,Not Applicable,Not Applicable,No,Not Applicable,185,Cash,3,3.1,4.2
2024-07-22 10:16:00,CNR3315985803,Canceled by Driver,CID589879,Bike,Cox Town,Tumkur Road,,,Not Applicable,Customer related issue,Not Applicable,Not Applicable,131,Not Applicable,0,,
2024-07-28 08:44:00,CNR2142245885,Success,CID366758,Mini,Bellandur,Ramamurthy Nagar,49.0,70.0,Not Applicable,Not Applicable,No,Not Applicable,443,Cash,18,3.0,3.1
2024-07-06 00:24:00,CNR4721271192,Canceled by Driver,CID878811,Prime Sedan,Ulsoor,Hebbal,,,Not Applicable,Personal & Car related issue,Not Applicable,Not Applicable,332,Not Applicable,0,,
2024-07-16 02:58:00,CNR1657931941,Success,CID892391,Mini,Electronic City,Hulimavu,98.0,125.0,Not Applicable,Not Applicable,No,Not Applicable,463,Cash,1,4.0,4.0
2024-07-02 23:40:00,CNR9819126037,Canceled by Driver,CID358668,Auto,Ulsoor,Cox Town,,,Not Applicable,Personal & Car related issue,Not Applicable,Not Applicable,626,Not Applicable,0,,
2024-07-12 02:32:00,CNR6976933791,Success,CID431809,Prime Sedan,Chamarajpet,Varthur,70.0,120.0,Not Applicable,Not Applicable,No,Not Applicable,170,Cash,5,3.2,4.2
2024-07-22 05:45:00,CNR1154355542,Success,CID143813,Prime SUV,Mysore Road,Basavanagudi,77.0,45.0,Not Applicable,Not Applicable,No,Not Applicable,111,UPI,10,3.7,4.2
2024-07-28 03:18:00,CNR8772609049,Success,CID427146,Auto,Shivajinagar,HSR Layout,126.0,65.0,Not Applicable,Not Applicable,No,Not Applicable,459,Cash,2,3.5,4.6
2024-07-23 15:10:00,CNR4914608729,Success,CID545116,Mini,Varthur,Chamarajpet,217.0,145.0,Not Applicable,Not Applicable,No,Not Applicable,397,UPI,28,3.9,3.1
2024-07-15 05:41:00,CNR3660438522,Success,CID829841,Auto,KR Puram,Yelahanka,63.0,115.0,Not Applicable,Not Applicable,Yes,Customer Demand,427,UPI,12,4.3,3.4
2024-07-26 09:22:00,CNR8617749113,Success,CID909630,eBike,Malleshwaram,Kadugodi,203.0,65.0,Not Applicable,Not Applicable,No,Not Applicable,339,Cash,11,3.1,4.2
2024-07-21 14:56:00,CNR7964010114,Canceled by Driver,CID987109,eBike,HSR Layout,Sahakar Nagar,,,Not Applicable,Personal & Car related issue,Not Applicable,Not Applicable,295,Not Applicable,0,,
2024-07-27 16:20:00,CNR9898503776,Canceled by Customer,CID106488,Mini,Marathahalli,Yeshwanthpur,,,Change of plans,Not Applicable,Not Applicable,Not Applicable,241,Not Applicable,0,,
2024-07-19 07:08:00,CNR9170866307,Success,CID525943,Mini,Cox Town,Mysore Road,189.0,50.0,Not Applicable,Not Applicable,No,Not Applicable,476,Cash,34,3.3,4.9
2024-07-19 23:02:00,CNR8391351352,Canceled by Driver,CID780452,Prime SUV,Marathahalli,Vijayanagar,,,Not Applicable,Personal & Car related issue,Not Applicable,Not Applicable,143,Not Applicable,0,,
2024-07-06 00:08:00,CNR9069582149,Success,CID342389,Auto,Nagarbhavi,Langford Town,245.0,95.0,Not Applicable,Not Applicable,No,Not Applicable,259,Cash,7,4.6,3.0
2024-07-12 09:11:00,CNR7667904013,Canceled by Customer,CID972919,Prime Plus,Yelahanka,Hebbal,,,Change of plans,Not Applicable,Not Applicable,Not Applicable,957,Not Applicable,0,,
2024-07-01 22:06:00,CNR2643835957,Success,CID332913,Prime Sedan,Whitefield,Majestic,119.0,95.0,Not Applicable,Not Applicable,No,Not Applicable,171,UPI,20,4.1,4.8
2024-07-19 22:13:00,CNR8148329094,Success,CID581678,Mini,Vijayanagar,Electronic City,63.0,110.0,Not Applicable,Not Applicable,No,Not Applicable,765,Cash,37,4.1,4.0
2024-07-07 05:00:00,CNR4331362734,Driver Not Found,CID514164,Prime Sedan,Mysore Road,HSR Layout,,,Not Applicable,Not Applicable,Not Applicable,Not Applicable,164,Not Applicable,0,,
2024-07-30 05:54:00,CNR7523293998,Success,CID734806,Prime Sedan,KR Puram,Peenya,259.0,115.0,Not Applicable,Not Applicable,No,Not Applicable,109,Cash,22,4.3,3.2
2024-07-05 18:18:00,CNR6181213277,Canceled by Customer,CID951700,eBike,Vijayanagar,Electronic City,,,Change of plans,Not Applicable,Not Applicable,Not Applicable,225,Not Applicable,0,,
2024-07-21 08:21:00,CNR2934653670,Success,CID848489,Auto,Kammanahalli,Electronic City,56.0,45.0,Not Applicable,Not Applicable,No,Not Applicable,949,UPI,16,3.9,3.6
2024-07-30 18:53:00,CNR9034242434,Success,CID391231,Bike,Frazer Town,Electronic City,245.0,140.0,Not Applicable,Not Applicable,No,Not Applicable,138,Cash,36,3.2,4.5
2024-07-24 10:39:00,CNR4428156932,Canceled by Driver,CID206959,Prime SUV,JP Nagar,Richmond Town,,,Not Applicable,Customer was coughing/sick,Not Applicable,Not Applicable,787,Not Applicable,0,,
2024-07-30 15:08:00,CNR4991570008,Driver Not Found,CID111151,eBike,Yeshwanthpur,Koramangala,,,Not Applicable,Not Applicable,Not Applicable,Not Applicable,263,Not Applicable,0,,
2024-07-02 23:12:00,CNR6844316626,Driver Not Found,CID136791,Prime Plus,Cox Town,Kadugodi,,,Not Applicable,Not Applicable,Not Applicable,Not Applicable,349,Not Applicable,0,,
2024-07-26 07:33:00,CNR5964326327,Success,CID523814,Auto,Sahakar Nagar,Hosur Road,91.0,85.0,Not Applicable,Not Applicable,No,Not Applicable,183,Credit Card,18,3.8,3.8
2024-07-05 15:58:00,CNR3586028646,Success,CID332447,Mini,Marathahalli,HSR Layout,49.0,50.0,Not Applicable,Not Applicable,No,Not Applicable,348,UPI,20,4.2,3.7
2024-07-30 16:23:00,CNR1037361129,Success,CID289258,Prime Plus,Sarjapur Road,Majestic,161.0,100.0,Not Applicable,Not Applicable,No,Not Applicable,319,Cash,37,3.4,3.1
2024-07-10 12:15:00,CNR6332505123,Canceled by Driver,CID942015,Auto,Rajarajeshwari Nagar,Hennur,,,Not Applicable,Customer related issue,Not Applicable,Not Applicable,145,Not Applicable,0,,
2024-07-13 21:41:00,CNR3444451327,Success,CID851790,eBike,Yeshwanthpur,Electronic City,259.0,45.0,Not Applicable,Not Applicable,Yes,Customer Demand,175,UPI,44,3.4,3.0
2024-07-14 14:59:00,CNR1680480658,Success,CID416590,Bike,Devanahalli,Kengeri,168.0,75.0,Not Applicable,Not Applicable,No,Not Applicable,479,UPI,9,4.8,4.6
2024-07-23 19:52:00,CNR3499509749,Success,CID534444,Prime SUV,Richmond Town,Shantinagar,224.0,130.0,Not Applicable,Not Applicable,No,Not Applicable,252,Cash,48,4.3,4.1
2024-07-23 12:38:00,CNR4077966253,Canceled by Customer,CID707959,Prime Plus,Richmond Town,Magadi Road,,,Driver asked to cancel,Not Applicable,Not Applicable,Not Applicable,656,Not Applicable,0,,
2024-07-06 08:22:00,CNR5403608007,Canceled by Driver,CID970167,Prime Sedan,Chamarajpet,Whitefield,,,Not Applicable,Personal & Car related issue,Not Applicable,Not Applicable,106,Not Applicable,0,,
2024-07-26 18:35:00,CNR1040671311,Canceled by Customer,CID376138,eBike,Whitefield,Bannerghatta Road,,,AC is Not working,Not Applicable,Not Applicable,Not Applicable,115,Not Applicable,0,,
2024-07-08 12:41:00,CNR1694631050,Success,CID591907,Auto,Electronic City,Majestic,119.0,110.0,Not Applicable,Not Applicable,No,Not Applicable,259,UPI,12,3.4,3.6
2024-07-16 17:00:00,CNR1757628268,Success,CID718126,Prime Sedan,JP Nagar,MG Road,35.0,60.0,Not Applicable,Not Applicable,No,Not Applicable,331,UPI,16,4.2,3.6
2024-07-10 19:06:00,CNR9241378300,Success,CID721231,Mini,Devanahalli,Ramamurthy Nagar,231.0,105.0,Not Applicable,Not Applicable,No,Not Applicable,273,UPI,3,3.6,3.4
2024-07-23 08:54:00,CNR9135043577,Success,CID608525,eBike,Shivajinagar,Bannerghatta Road,189.0,55.0,Not Applicable,Not Applicable,No,Not Applicable,447,Credit Card,3,3.7,4.3
2024-07-22 19:28:00,CNR9392508747,Canceled by Driver,CID858063,Mini,Vijayanagar,HSR Layout,,,Not Applicable,Customer was coughing/sick,Not Applicable,Not Applicable,113,Not Applicable,0,,
2024-07-17 20:39:00,CNR8731359050,Success,CID892264,eBike,Malleshwaram,Peenya,84.0,40.0,Not Applicable,Not Applicable,No,Not Applicable,170,Cash,48,4.1,4.8
2024-07-04 16:57:00,CNR4404582789,Success,CID358277,Prime Sedan,BTM Layout,Cox Town,245.0,125.0,Not Applicable,Not Applicable,No,Not Applicable,1544,UPI,43,4.8,3.7
2024-07-10 18:26:00,CNR3301253231,Success,CID923338,Mini,Sahakar Nagar,Hennur,301.0,40.0,Not Applicable,Not Applicable,No,Not Applicable,270,UPI,16,4.0,4.0
2024-07-09 01:53:00,CNR7762168635,Success,CID300717,eBike,Marathahalli,Ramamurthy Nagar,210.0,30.0,Not Applicable,Not Applicable,No,Not Applicable,337,UPI,19,3.1,3.6
2024-07-08 01:09:00,CNR9080307225,Canceled by Customer,CID173553,Prime Sedan,Shivajinagar,RT Nagar,,,Change of plans,Not Applicable,Not Applicable,Not Applicable,399,Not Applicable,0,,
2024-07-11 10:47:00,CNR3542186740,Success,CID707102,Prime Plus,Magadi Road,Peenya,287.0,80.0,Not Applicable,Not Applicable,No,Not Applicable,165,Cash,49,3.9,4.0
2024-07-05 21:50:00,CNR6425065608,Success,CID856011,Prime SUV,Majestic,Ulsoor,182.0,55.0,Not Applicable,Not Applicable,No,Not Applicable,264,UPI,32,3.8,3.8
2024-07-04 03:45:00,CNR1068408471,Canceled by Driver,CID192147,Mini,Hebbal,Rajarajeshwari Nagar,,,Not Applicable,Personal & Car related issue,Not Applicable,Not Applicable,289,Not Applicable,0,,
2024-07-10 13:20:00,CNR3053764181,Success,CID333639,Prime Sedan,Indiranagar,Koramangala,287.0,105.0,Not Applicable,Not Applicable,No,Not Applicable,856,Cash,30,3.4,3.8
2024-07-12 15:01:00,CNR5597202932,Success,CID943093,Prime Sedan,Chickpet,Frazer Town,126.0,40.0,Not Applicable,Not Applicable,No,Not Applicable,218,Cash,7,4.9,5.0
2024-07-05 23:51:00,CNR3163926494,Success,CID111716,Prime SUV,Rajarajeshwari Nagar,HSR Layout,105.0,70.0,Not Applicable,Not Applicable,No,Not Applicable,349,UPI,4,4.3,3.2
2024-07-04 09:10:00,CNR1441702290,Success,CID457375,Mini,Frazer Town,Hennur,91.0,135.0,Not Applicable,Not Applicable,No,Not Applicable,499,Cash,21,4.9,3.4
2024-07-02 11:41:00,CNR5554189554,Canceled by Driver,CID795787,Prime SUV,Jayanagar,Hebbal,,,Not Applicable,Customer related issue,Not Applicable,Not Applicable,410,Not Applicable,0,,
2024-07-15 19:13:00,CNR9716580571,Success,CID746581,Auto,HSR Layout,Malleshwaram,154.0,45.0,Not Applicable,Not Applicable,No,Not Applicable,242,Cash,9,4.8,3.6
2024-07-09 13:25:00,CNR3975263203,Success,CID366143,Bike,Vijayanagar,Malleshwaram,287.0,145.0,Not Applicable,Not Applicable,Yes,Vehicle Breakdown,171,Cash,13,4.7,4.6
2024-07-10 03:59:00,CNR4678403372,Driver Not Found,CID988332,Bike,Cox Town,Tumkur Road,,,Not Applicable,Not Applicable,Not Applicable,Not Applicable,166,Not Applicable,0,,
2024-07-28 08:51:00,CNR8696806228,Canceled by Driver,CID996648,Auto,Kadugodi,Chickpet,,,Not Applicable,More than permitted people in there,Not Applicable,Not Applicable,363,Not Applicable,0,,
2024-07-25 04:03:00,CNR7465760410,Success,CID620164,Prime Plus,Majestic,Kammanahalli,294.0,115.0,Not Applicable,Not Applicable,No,Not Applicable,208,UPI,3,4.8,3.5
2024-07-23 07:28:00,CNR5802158463,Success,CID741706,Prime SUV,Ulsoor,Chickpet,84.0,140.0,Not Applicable,Not Applicable,No,Not Applicable,363,Cash,29,3.5,3.0
2024-07-24 07:32:00,CNR8612790303,Success,CID302153,Prime Sedan,Hennur,Peenya,168.0,95.0,Not Applicable,Not Applicable,No,Not Applicable,352,UPI,34,3.4,3.8
2024-07-03 14:08:00,CNR6590884366,Driver Not Found,CID621353,Prime Plus,Vijayanagar,Hennur,,,Not Applicable,Not Applicable,Not Applicable,Not Applicable,2516,Not Applicable,0,,
2024-07-10 17:22:00,CNR9642351676,Success,CID394316,Prime SUV,Kengeri,Kadugodi,140.0,45.0,Not Applicable,Not Applicable,No,Not Applicable,154,UPI,26,3.2,3.2
2024-07-14 21:41:00,CNR3708544585,Success,CID909882,Prime Sedan,Devanahalli,Kadugodi,259.0,125.0,Not Applicable,Not Applicable,No,Not Applicable,433,Cash,28,4.5,4.1
2024-07-29 22:31:00,CNR8218843462,Success,CID295340,Prime SUV,Mysore Road,Magadi Road,238.0,130.0,Not Applicable,Not Applicable,No,Not Applicable,270,UPI,2,3.1,5.0
2024-07-29 07:49:00,CNR8721905226,Driver Not Found,CID347336,Bike,Langford Town,Ramamurthy Nagar,,,Not Applicable,Not Applicable,Not Applicable,Not Applicable,320,Not Applicable,0,,
2024-07-06 09:37:00,CNR7559527621,Driver Not Found,CID206400,Mini,HSR Layout,Yeshwanthpur,,,Not Applicable,Not Applicable,Not Applicable,Not Applicable,488,Not Applicable,0,,
2024-07-24 02:08:00,CNR8875262011,Canceled by Driver,CID843313,Mini,Hebbal,Sahakar Nagar,,,Not Applicable,More than permitted people in there,Not Applicable,Not Applicable,448,Not Applicable,0,,
2024-07-11 05:01:00,CNR2810743119,Canceled by Customer,CID791064,eBike,Devanahalli,Magadi Road,,,Wrong Address,Not Applicable,Not Applicable,Not Applicable,1042,Not Applicable,0,,
2024-07-05 10:07:00,CNR3727004946,Success,CID110175,Prime SUV,Electronic City,Majestic,280.0,145.0,Not Applicable,Not Applicable,No,Not Applicable,243,Cash,1,4.8,4.6
2024-07-12 20:58:00,CNR3702659258,Success,CID248739,Mini,Banashankari,Bannerghatta Road,49.0,55.0,Not Applicable,Not Applicable,No,Not Applicable,474,Cash,46,3.9,3.7
2024-07-28 12:50:00,CNR2312818380,Success,CID786790,Mini,Mysore Road,Cox Town,280.0,65.0,Not Applicable,Not Applicable,No,Not Applicable,464,Cash,46,4.9,4.5
2024-07-08 01:17:00,CNR8560067231,Success,CID189821,Mini,Indiranagar,Padmanabhanagar,175.0,85.0,Not Applicable,Not Applicable,No,Not Applicable,136,UPI,4,3.4,4.6
2024-07-30 07:38:00,CNR9002353572,Success,CID190147,Prime Plus,Padmanabhanagar,Bannerghatta Road,224.0,90.0,Not Applicable,Not Applicable,No,Not Applicable,358,UPI,27,3.2,3.9
2024-07-27 12:45:00,CNR6887436714,Success,CID110530,Mini,Hosur Road,Richmond Town,84.0,80.0,Not Applicable,Not Applicable,No,Not Applicable,2028,Cash,38,3.2,4.2
2024-07-29 15:23:00,CNR6570108165,Success,CID146767,Prime Plus,Yeshwanthpur,Chickpet,49.0,145.0,Not Applicable,Not Applicable,No,Not Applicable,675,Cash,5,4.2,3.2
2024-07-21 08:00:00,CNR5466019995,Success,CID348463,Prime Sedan,Jayanagar,Majestic,154.0,70.0,Not Applicable,Not Applicable,No,Not Applicable,200,UPI,15,5.0,3.7
2024-07-15 18:01:00,CNR2736455459,Canceled by Customer,CID188024,Prime Sedan,Nagarbhavi,Yelahanka,,,Driver asked to cancel,Not Applicable,Not Applicable,Not Applicable,723,Not Applicable,0,,
2024-07-07 21:40:00,CNR5079389259,Success,CID374443,Mini,Chickpet,Kadugodi,266.0,25.0,Not Applicable,Not Applicable,No,Not Applicable,2354,UPI,29,3.7,4.3
2024-07-13 16:17:00,CNR9571606840,Canceled by Driver,CID394067,eBike,Varthur,Vijayanagar,,,Not Applicable,Customer related issue,Not Applicable,Not Applicable,431,Not Applicable,0,,
2024-07-27 06:59:00,CNR8975406874,Success,CID330103,Auto,Chamarajpet,Kengeri,189.0,60.0,Not Applicable,Not Applicable,No,Not Applicable,253,UPI,18,3.9,3.0
2024-07-23 08:47:00,CNR8518439340,Canceled by Driver,CID879387,Bike,Yelahanka,Magadi Road,,,Not Applicable,Personal & Car related issue,Not Applicable,Not Applicable,426,Not Applicable,0,,
2024-07-04 10:42:00,CNR6258531221,Canceled by Driver,CID176791,Prime SUV,Peenya,Varthur,,,Not Applicable,Customer was coughing/sick,Not Applicable,Not Applicable,2409,Not Applicable,0,,
2024-07-15 02:26:00,CNR4539664091,Canceled by Customer,CID847921,Mini,Majestic,Shivajinagar,,,Change of plans,Not Applicable,Not Applicable,Not Applicable,1738,Not Applicable,0,,
2024-07-24 01:33:00,CNR4937086934,Canceled by Driver,CID290203,Mini,Ulsoor,Banashankari,,,Not Applicable,Personal & Car related issue,Not Applicable,Not Applicable,489,Not Applicable,0,,
2024-07-03 01:33:00,CNR1054683951,Canceled by Customer,CID985481,Auto,Chamarajpet,Marathahalli,,,AC is Not working,Not Applicable,Not Applicable,Not Applicable,199,Not Applicable,0,,
2024-07-19 23:09:00,CNR6411009466,Success,CID761289,eBike,Koramangala,Kengeri,196.0,145.0,Not Applicable,Not Applicable,No,Not Applicable,1894,Cash,36,3.1,3.8
2024-07-23 17:22:00,CNR5125810240,Canceled by Customer,CID679410,eBike,Majestic,Rajarajeshwari Nagar,,,Change of plans,Not Applicable,Not Applicable,Not Applicable,467,Not Applicable,0,,
2024-07-28 11:00:00,CNR8773886592,Canceled by Driver,CID395994,Mini,Ulsoor,Basavanagudi,,,Not Applicable,Personal & Car related issue,Not Applicable,Not Applicable,572,Not Applicable,0,,
2024-07-24 20:02:00,CNR1757891106,Success,CID657937,Mini,Shantinagar,Whitefield,280.0,115.0,Not Applicable,Not Applicable,No,Not Applicable,2752,UPI,42,4.3,3.7
2024-07-23 19:13:00,CNR8254154732,Driver Not Found,CID450704,Mini,Kengeri,Electronic City,,,Not Applicable,Not Applicable,Not Applicable,Not Applicable,829,Not Applicable,0,,
2024-07-19 06:39:00,CNR6710827279,Success,CID818391,Bike,Basavanagudi,Majestic,182.0,30.0,Not Applicable,Not Applicable,No,Not Applicable,1730,Cash,41,4.5,4.2
2024-07-25 02:37:00,CNR5313319209,Success,CID656872,eBike,HSR Layout,Hebbal,259.0,115.0,Not Applicable,Not Applicable,No,Not Applicable,364,Cash,37,3.8,3.6
2024-07-04 06:07:00,CNR4547485192,Canceled by Customer,CID294468,Prime Plus,Kengeri,Frazer Town,,,Driver is not moving towards pickup location,Not Applicable,Not Applicable,Not Applicable,323,Not Applicable,0,,
2024-07-19 05:11:00,CNR3439512629,Canceled by Driver,CID497815,Auto,Sahakar Nagar,Jayanagar,,,Not Applicable,Customer related issue,Not Applicable,Not Applicable,452,Not Applicable,0,,
2024-07-19 00:36:00,CNR3517367590,Success,CID596850,Prime Plus,Jayanagar,Sahakar Nagar,273.0,45.0,Not Applicable,Not Applicable,No,Not Applicable,216,Cash,26,3.1,3.4
2024-07-11 12:41:00,CNR6497718799,Driver Not Found,CID846210,Auto,JP Nagar,Rajarajeshwari Nagar,,,Not Applicable,Not Applicable,Not Applicable,Not Applicable,924,Not Applicable,0,,
2024-07-24 09:14:00,CNR8167010307,Success,CID947264,Prime Sedan,Shivajinagar,Chickpet,91.0,115.0,Not Applicable,Not Applicable,No,Not Applicable,110,UPI,11,4.3,3.5
2024-07-29 04:40:00,CNR1305271807,Success,CID946289,Prime SUV,Peenya,Padmanabhanagar,140.0,80.0,Not Applicable,Not Applicable,No,Not Applicable,100,UPI,27,4.5,4.4
2024-07-15 12:37:00,CNR5464358235,Success,CID890615,Prime SUV,Hulimavu,Langford Town,280.0,140.0,Not Applicable,Not Applicable,No,Not Applicable,695,Cash,29,3.9,4.0
2024-07-02 12:35:00,CNR5544031827,Success,CID653181,Prime Plus,Mysore Road,Vijayanagar,203.0,120.0,Not Applicable,Not Applicable,No,Not Applicable,193,Cash,5,4.4,4.5
2024-07-26 14:00:00,CNR1225919287,Success,CID186612,Mini,Malleshwaram,Hennur,259.0,25.0,Not Applicable,Not Applicable,Yes,Other Issue,131,UPI,39,3.1,4.8
2024-07-19 13:35:00,CNR8637077912,Canceled by Driver,CID977611,Prime Plus,Sarjapur Road,Electronic City,,,Not Applicable,More than permitted people in there,Not Applicable,Not Applicable,455,Not Applicable,0,,
2024-07-09 20:24:00,CNR9791593950,Canceled by Driver,CID459890,Bike,Frazer Town,Magadi Road,,,Not Applicable,Customer related issue,Not Applicable,Not Applicable,410,Not Applicable,0,,
2024-07-12 20:29:00,CNR8528188513,Success,CID968015,Bike,Shivajinagar,Malleshwaram,105.0,60.0,Not Applicable,Not Applicable,No,Not Applicable,185,UPI,33,3.6,4.8
2024-07-01 15:21:00,CNR9355478469,Canceled by Driver,CID550144,Prime Sedan,Koramangala,Electronic City,,,Not Applicable,Customer was coughing/sick,Not Applicable,Not Applicable,1536,Not Applicable,0,,
2024-07-19 03:17:00,CNR6491013171,Success,CID341045,Mini,Hebbal,Nagarbhavi,182.0,25.0,Not Applicable,Not Applicable,No,Not Applicable,261,Cash,2,3.6,4.6
2024-07-07 16:29:00,CNR1375668422,Success,CID860317,eBike,Basavanagudi,Cox Town,210.0,60.0,Not Applicable,Not Applicable,No,Not Applicable,252,Cash,13,3.1,3.3
2024-07-14 23:12:00,CNR6865021459,Canceled by Driver,CID726899,eBike,Electronic City,Mysore Road,,,Not Applicable,Customer was coughing/sick,Not Applicable,Not Applicable,473,Not Applicable,0,,
2024-07-01 00:02:00,CNR7037451850,Canceled by Driver,CID159762,Mini,Padmanabhanagar,Magadi Road,,,Not Applicable,More than permitted people in there,Not Applicable,Not Applicable,1985,Not Applicable,0,,
2024-07-05 02:46:00,CNR9688873242,Success,CID795403,Prime Sedan,Langford Town,Rajajinagar,287.0,50.0,Not Applicable,Not Applicable,Yes,Customer Demand,771,UPI,5,4.6,3.1
2024-07-22 07:50:00,CNR5569897822,Success,CID959956,eBike,Padmanabhanagar,Mysore Road,294.0,145.0,Not Applicable,Not Applicable,No,Not Applicable,977,UPI,3,3.2,4.9
2024-07-16 04:28:00,CNR4040011932,Success,CID411308,eBike,Koramangala,Langford Town,35.0,35.0,Not Applicable,Not Applicable,No,Not Applicable,846,Cash,49,4.2,4.1
2024-07-22 19:12:00,CNR4298399705,Success,CID653280,eBike,Langford Town,Kengeri,42.0,80.0,Not Applicable,Not Applicable,No,Not Applicable,280,UPI,11,3.8,4.3
2024-07-20 17:25:00,CNR9422497910,Success,CID952067,Prime Sedan,Sarjapur Road,Bannerghatta Road,196.0,60.0,Not Applicable,Not Applicable,No,Not Applicable,143,UPI,7,3.9,4.9
2024-07-02 18:09:00,CNR8412139932,Success,CID327427,Prime Sedan,Majestic,Vijayanagar,175.0,80.0,Not Applicable,Not Applicable,No,Not Applicable,968,UPI,36,3.2,3.6
2024-07-02 11:49:00,CNR2037505717,Canceled by Driver,CID333997,Bike,Langford Town,Electronic City,,,Not Applicable,Customer related issue,Not Applicable,Not Applicable,288,Not Applicable,0,,
2024-07-02 01:18:00,CNR8307300183,Driver Not Found,CID816336,Bike,Tumkur Road,Richmond Town,,,Not Applicable,Not Applicable,Not Applicable,Not Applicable,232,Not Applicable,0,,
2024-07-23 18:20:00,CNR3878363157,Success,CID997066,Prime SUV,Kengeri,Shivajinagar,175.0,95.0,Not Applicable,Not Applicable,No,Not Applicable,297,UPI,24,3.9,4.3
2024-07-04 09:14:00,CNR8913525956,Success,CID853336,Prime SUV,Nagarbhavi,Kengeri,35.0,80.0,Not Applicable,Not Applicable,No,Not Applicable,494,Cash,38,4.8,4.5
2024-07-07 11:42:00,CNR7746251163,Success,CID201777,Mini,Shantinagar,Koramangala,280.0,35.0,Not Applicable,Not Applicable,No,Not Applicable,137,UPI,18,4.9,4.5
2024-07-15 20:24:00,CNR6397785753,Canceled by Driver,CID813968,Prime SUV,Jayanagar,KR Puram,,,Not Applicable,More than permitted people in there,Not Applicable,Not Applicable,423,Not Applicable,0,,
2024-07-24 11:03:00,CNR9906242936,Success,CID840522,Prime SUV,Hosur Road,Basavanagudi,217.0,65.0,Not Applicable,Not Applicable,No,Not Applicable,278,UPI,25,4.9,4.7
2024-07-05 21:44:00,CNR9961252426,Canceled by Driver,CID217827,Prime SUV,Frazer Town,Mysore Road,,,Not Applicable,Personal & Car related issue,Not Applicable,Not Applicable,179,Not Applicable,0,,
2024-07-25 04:31:00,CNR8527043586,Success,CID554188,Auto,Kammanahalli,Kammanahalli,77.0,55.0,Not Applicable,Not Applicable,No,Not Applicable,487,Cash,4,4.5,3.7
2024-07-28 18:11:00,CNR3887243107,Success,CID480342,eBike,RT Nagar,Marathahalli,245.0,100.0,Not Applicable,Not Applicable,No,Not Applicable,427,UPI,7,4.8,4.1
2024-07-25 11:59:00,CNR9623663468,Success,CID177352,Auto,Hosur Road,Padmanabhanagar,189.0,105.0,Not Applicable,Not Applicable,No,Not Applicable,417,Cash,13,4.6,3.6
2024-07-01 01:57:00,CNR8687133568,Driver Not Found,CID717238,Prime Sedan,JP Nagar,Malleshwaram,,,Not Applicable,Not Applicable,Not Applicable,Not Applicable,208,Not Applicable,0,,
2024-07-24 02:12:00,CNR9030072724,Driver Not Found,CID962705,Prime Sedan,Indiranagar,KR Puram,,,Not Applicable,Not Applicable,Not Applicable,Not Applicable,327,Not Applicable,0,,
2024-07-08 20:14:00,CNR3998779344,Canceled by Driver,CID717394,eBike,JP Nagar,Ramamurthy Nagar,,,Not Applicable,Customer related issue,Not Applicable,Not Applicable,397,Not Applicable,0,,
2024-07-20 11:05:00,CNR9822495070,Success,CID945030,Prime SUV,Ulsoor,Banashankari,119.0,85.0,Not Applicable,Not Applicable,Yes,Vehicle Breakdown,412,UPI,30,4.9,4.8
2024-07-09 13:03:00,CNR5932944037,Success,CID657626,Bike,Tumkur Road,Tumkur Road,217.0,140.0,Not Applicable,Not Applicable,No,Not Applicable,159,Credit Card,32,4.5,3.9
2024-07-17 00:58:00,CNR1158032749,Success,CID647868,eBike,Devanahalli,Richmond Town,63.0,90.0,Not Applicable,Not Applicable,No,Not Applicable,636,Credit Card,3,3.6,3.5
2024-07-09 22:20:00,CNR5231742430,Success,CID561852,Bike,Padmanabhanagar,Varthur,119.0,105.0,Not Applicable,Not Applicable,No,Not Applicable,456,UPI,28,4.2,4.2
2024-07-23 11:27:00,CNR2824270314,Canceled by Customer,CID644111,Prime SUV,Chamarajpet,HSR Layout,,,Driver asked to cancel,Not Applicable,Not Applicable,Not Applicable,231,Not Applicable,0,,
2024-07-25 08:06:00,CNR1230219527,Success,CID572261,Mini,Majestic,Whitefield,175.0,60.0,Not Applicable,Not Applicable,No,Not Applicable,389,Cash,31,3.1,4.9
2024-07-30 03:49:00,CNR7644433193,Canceled by Driver,CID322107,eBike,HSR Layout,Bannerghatta Road,,,Not Applicable,More than permitted people in there,Not Applicable,Not Applicable,487,Not Applicable,0,,
2024-07-15 16:10:00,CNR6015186029,Success,CID843931,Mini,BTM Layout,BTM Layout,189.0,130.0,Not Applicable,Not Applicable,No,Not Applicable,137,UPI,40,3.7,4.5
2024-07-07 05:22:00,CNR5346261538,Success,CID231964,Bike,Shivajinagar,Langford Town,280.0,45.0,Not Applicable,Not Applicable,No,Not Applicable,983,Credit Card,24,4.6,3.7
2024-07-25 20:51:00,CNR3513740110,Success,CID622307,Prime Plus,Koramangala,Magadi Road,112.0,55.0,Not Applicable,Not Applicable,No,Not Applicable,744,Cash,17,4.6,4.4
2024-07-01 21:03:00,CNR6307630211,Driver Not Found,CID795722,Prime SUV,Yeshwanthpur,Hulimavu,,,Not Applicable,Not Applicable,Not Applicable,Not Applicable,889,Not Applicable,0,,
2024-07-12 17:05:00,CNR1615223597,Canceled by Driver,CID613944,Bike,Yelahanka,Yelahanka,,,Not Applicable,Customer related issue,Not Applicable,Not Applicable,382,Not Applicable,0,,
2024-07-14 18:13:00,CNR7066370869,Success,CID915710,Prime Sedan,Kammanahalli,Nagarbhavi,294.0,50.0,Not Applicable,Not Applicable,No,Not Applicable,235,Cash,42,4.6,3.5
2024-07-07 08:05:00,CNR5603889168,Success,CID164422,Auto,Malleshwaram,Banashankari,49.0,120.0,Not Applicable,Not Applicable,No,Not Applicable,505,Cash,14,3.1,4.0
2024-07-01 04:28:00,CNR9170182636,Success,CID234789,Prime SUV,Chickpet,Rajarajeshwari Nagar,175.0,100.0,Not Applicable,Not Applicable,No,Not Applicable,273,Cash,15,4.0,3.7
2024-07-04 04:33:00,CNR9760576679,Success,CID356559,Prime SUV,Frazer Town,KR Puram,245.0,65.0,Not Applicable,Not Applicable,No,Not Applicable,266,Cash,32,3.2,3.1
2024-07-12 08:35:00,CNR7431807866,Canceled by Driver,CID642807,Prime Plus,BTM Layout,Vijayanagar,,,Not Applicable,Customer was coughing/sick,Not Applicable,Not Applicable,2259,Not Applicable,0,,
2024-07-12 08:45:00,CNR7778892165,Success,CID995948,Bike,Malleshwaram,Indiranagar,126.0,100.0,Not Applicable,Not Applicable,No,Not Applicable,200,UPI,11,5.0,4.1
2024-07-25 09:53:00,CNR2915606972,Canceled by Customer,CID304692,eBike,Malleshwaram,Chamarajpet,,,Driver asked to cancel,Not Applicable,Not Applicable,Not Applicable,1977,Not Applicable,0,,
2024-07-13 19:30:00,CNR8720717866,Canceled by Driver,CID760750,Bike,Devanahalli,Shantinagar,,,Not Applicable,More than permitted people in there,Not Applicable,Not Applicable,321,Not Applicable,0,,
2024-07-18 19:33:00,CNR7727899261,Success,CID869598,Prime Sedan,Yelahanka,JP Nagar,308.0,50.0,Not Applicable,Not Applicable,No,Not Applicable,321,Cash,4,3.2,4.8
2024-07-25 12:37:00,CNR8401095527,Success,CID293193,Prime Sedan,Peenya,Electronic City,98.0,40.0,Not Applicable,Not Applicable,No,Not Applicable,226,UPI,47,3.2,3.8
2024-07-05 04:26:00,CNR8044233504,Success,CID274217,Prime SUV,Bellandur,Kengeri,294.0,70.0,Not Applicable,Not Applicable,No,Not Applicable,162,UPI,4,4.2,4.9
2024-07-15 21:58:00,CNR9174290666,Canceled by Customer,CID618252,Mini,Kengeri,Cox Town,,,Change of plans,Not Applicable,Not Applicable,Not Applicable,324,Not Applicable,0,,
2024-07-02 04:02:00,CNR1973286063,Success,CID349750,Prime Sedan,Devanahalli,Koramangala,231.0,120.0,Not Applicable,Not Applicable,No,Not Applicable,2600,Cash,40,3.8,4.4
2024-07-04 11:23:00,CNR9590718760,Driver Not Found,CID172654,Mini,Yelahanka,HSR Layout,,,Not Applicable,Not Applicable,Not Applicable,Not Applicable,408,Not Applicable,0,,
2024-07-11 14:28:00,CNR2921019237,Success,CID374053,Prime SUV,Rajarajeshwari Nagar,Hulimavu,224.0,40.0,Not Applicable,Not Applicable,No,Not Applicable,171,Debit Card,23,4.3,3.7
2024-07-13 17:55:00,CNR2186859252,Success,CID604273,eBike,Shivajinagar,Shantinagar,161.0,105.0,Not Applicable,Not Applicable,No,Not Applicable,172,Cash,9,3.6,3.9
2024-07-08 05:51:00,CNR4807787316,Success,CID574988,eBike,Yelahanka,KR Puram,126.0,130.0,Not Applicable,Not Applicable,No,Not Applicable,211,UPI,12,4.2,4.0
2024-07-15 04:45:00,CNR1151850232,Canceled by Driver,CID111960,Prime Plus,HSR Layout,Electronic City,,,Not Applicable,More than permitted people in there,Not Applicable,Not Applicable,431,Not Applicable,0,,
2024-07-15 18:32:00,CNR5421997545,Canceled by Customer,CID792398,eBike,Richmond Town,Vijayanagar,,,Driver asked to cancel,Not Applicable,Not Applicable,Not Applicable,128,Not Applicable,0,,
2024-07-12 03:45:00,CNR1578349714,Canceled by Driver,CID513944,Prime Sedan,JP Nagar,Banashankari,,,Not Applicable,Personal & Car related issue,Not Applicable,Not Applicable,201,Not Applicable,0,,
2024-07-07 17:38:00,CNR7941700208,Driver Not Found,CID933428,Prime SUV,Bellandur,Kadugodi,,,Not Applicable,Not Applicable,Not Applicable,Not Applicable,557,Not Applicable,0,,
2024-07-12 18:28:00,CNR5048689426,Success,CID455026,Auto,Shivajinagar,Indiranagar,189.0,105.0,Not Applicable,Not Applicable,Yes,Vehicle Breakdown,474,Debit Card,1,4.8,3.2
2024-07-11 17:15:00,CNR5016594539,Success,CID408617,Mini,Padmanabhanagar,Padmanabhanagar,308.0,140.0,Not Applicable,Not Applicable,No,Not Applicable,450,Cash,37,3.5,3.9
2024-07-28 06:16:00,CNR8552894185,Success,CID687158,Prime SUV,Bellandur,RT Nagar,133.0,100.0,Not Applicable,Not Applicable,No,Not Applicable,254,Cash,25,3.4,4.9
2024-07-29 06:34:00,CNR6772792356,Success,CID632034,Prime SUV,Koramangala,Yeshwanthpur,42.0,60.0,Not Applicable,Not Applicable,No,Not Applicable,733,Cash,29,3.9,4.7
2024-07-07 03:32:00,CNR3689034403,Canceled by Driver,CID253306,Prime Plus,RT Nagar,Hennur,,,Not Applicable,Customer related issue,Not Applicable,Not Applicable,258,Not Applicable,0,,
2024-07-07 12:03:00,CNR1117049855,Driver Not Found,CID468872,Bike,Cox Town,Shantinagar,,,Not Applicable,Not Applicable,Not Applicable,Not Applicable,944,Not Applicable,0,,
2024-07-02 09:52:00,CNR7853857833,Success,CID425823,Mini,Mysore Road,Richmond Town,168.0,50.0,Not Applicable,Not Applicable,No,Not Applicable,257,UPI,47,3.3,3.8
2024-07-03 13:02:00,CNR2249666398,Canceled by Driver,CID411767,Prime SUV,Jayanagar,Ramamurthy Nagar,,,Not Applicable,More than permitted people in there,Not Applicable,Not Applicable,450,Not Applicable,0,,
2024-07-13 15:06:00,CNR4115652732,Success,CID254961,Auto,Kadugodi,Marathahalli,133.0,80.0,Not Applicable,Not Applicable,Yes,Vehicle Breakdown,236,UPI,14,4.3,4.9
2024-07-15 22:28:00,CNR3690217556,Success,CID509851,Prime SUV,RT Nagar,Jayanagar,287.0,115.0,Not Applicable,Not Applicable,No,Not Applicable,391,Cash,32,3.3,4.9
2024-07-09 03:16:00,CNR2638876488,Success,CID983094,Prime SUV,Malleshwaram,Kadugodi,280.0,60.0,Not Applicable,Not Applicable,No,Not Applicable,263,UPI,20,4.5,3.3
2024-07-23 19:49:00,CNR9398076121,Canceled by Driver,CID550033,Auto,Bannerghatta Road,Ramamurthy Nagar,,,Not Applicable,Customer was coughing/sick,Not Applicable,Not Applicable,223,Not Applicable,0,,
2024-07-15 08:40:00,CNR8846931289,Success,CID801351,eBike,Whitefield,RT Nagar,35.0,145.0,Not Applicable,Not Applicable,No,Not Applicable,898,UPI,49,3.6,5.0
2024-07-09 21:10:00,CNR5562922611,Success,CID151736,Auto,Langford Town,Padmanabhanagar,161.0,25.0,Not Applicable,Not Applicable,No,Not Applicable,1960,UPI,7,3.8,5.0
2024-07-29 18:33:00,CNR6640502104,Success,CID633242,Bike,Peenya,Malleshwaram,203.0,140.0,Not Applicable,Not Applicable,No,Not Applicable,2690,Credit Card,29,4.8,3.1
2024-07-26 09:50:00,CNR9794311720,Success,CID741144,eBike,Magadi Road,Indiranagar,238.0,80.0,Not Applicable,Not Applicable,No,Not Applicable,394,Cash,3,3.4,4.7
2024-07-09 14:18:00,CNR8283238003,Success,CID685598,Mini,BTM Layout,BTM Layout,119.0,85.0,Not Applicable,Not Applicable,No,Not Applicable,354,Cash,2,4.5,3.1
2024-07-01 15:30:00,CNR6632811203,Success,CID745209,Prime Plus,Peenya,Devanahalli,98.0,115.0,Not Applicable,Not Applicable,No,Not Applicable,207,UPI,45,4.0,3.2
2024-07-30 06:31:00,CNR3413621783,Canceled by Driver,CID657768,Bike,Yelahanka,Electronic City,,,Not Applicable,Customer related issue,Not Applicable,Not Applicable,445,Not Applicable,0,,
2024-07-09 02:08:00,CNR4314326485,Driver Not Found,CID472430,Mini,Magadi Road,KR Puram,,,Not Applicable,Not Applicable,Not Applicable,Not Applicable,701,Not Applicable,0,,
2024-07-24 08:30:00,CNR3256183295,Canceled by Customer,CID362714,eBike,Marathahalli,RT Nagar,,,Driver is not moving towards pickup location,Not Applicable,Not Applicable,Not Applicable,102,Not Applicable,0,,
2024-07-10 15:58:00,CNR6391693800,Driver Not Found,CID770511,Prime Plus,Kadugodi,Shivajinagar,,,Not Applicable,Not Applicable,Not Applicable,Not Applicable,198,Not Applicable,0,,
2024-07-13 13:57:00,CNR8334972492,Canceled by Driver,CID214558,Prime Sedan,Langford Town,Kengeri,,,Not Applicable,Personal & Car related issue,Not Applicable,Not Applicable,105,Not Applicable,0,,
2024-07-17 21:03:00,CNR7403636755,Canceled by Driver,CID671941,Auto,Yelahanka,Nagarbhavi,,,Not Applicable,Customer related issue,Not Applicable,Not Applicable,392,Not Applicable,0,,
2024-07-20 18:58:00,CNR2556058559,Success,CID918776,Prime Plus,Indiranagar,JP Nagar,56.0,35.0,Not Applicable,Not Applicable,No,Not Applicable,274,UPI,29,4.2,4.6
2024-07-29 20:32:00,CNR6958570718,Success,CID161077,Auto,Banashankari,Padmanabhanagar,224.0,105.0,Not Applicable,Not Applicable,No,Not Applicable,122,UPI,2,4.7,3.6
2024-07-09 06:36:00,CNR4520875461,Canceled by Driver,CID406484,Auto,Ramamurthy Nagar,Malleshwaram,,,Not Applicable,Personal & Car related issue,Not Applicable,Not Applicable,217,Not Applicable,0,,
2024-07-04 15:58:00,CNR5288739121,Success,CID549281,Prime Sedan,Chickpet,Koramangala,245.0,40.0,Not Applicable,Not Applicable,No,Not Applicable,997,Cash,33,4.5,4.3
2024-07-10 03:58:00,CNR7124194848,Success,CID251407,Prime Sedan,Mysore Road,Shantinagar,224.0,145.0,Not Applicable,Not Applicable,No,Not Applicable,378,UPI,8,4.1,3.8
2024-07-29 08:35:00,CNR4731042042,Success,CID620411,Prime SUV,Jayanagar,MG Road,35.0,45.0,Not Applicable,Not Applicable,No,Not Applicable,256,UPI,33,3.4,3.3
2024-07-14 22:33:00,CNR6223936686,Canceled by Customer,CID737783,Auto,Hulimavu,Frazer Town,,,Driver asked to cancel,Not Applicable,Not Applicable,Not Applicable,439,Not Applicable,0,,
2024-07-24 19:46:00,CNR7288339579,Canceled by Driver,CID820890,Auto,BTM Layout,Tumkur Road,,,Not Applicable,Personal & Car related issue,Not Applicable,Not Applicable,495,Not Applicable,0,,
2024-07-14 06:57:00,CNR5531122057,Success,CID671003,Prime SUV,Magadi Road,Hebbal,56.0,125.0,Not Applicable,Not Applicable,No,Not Applicable,431,Cash,26,4.9,3.2
2024-07-02 23:06:00,CNR9682170990,Success,CID692138,Prime Sedan,Yeshwanthpur,Chamarajpet,175.0,65.0,Not Applicable,Not Applicable,No,Not Applicable,156,Cash,25,4.7,4.4
2024-07-12 08:08:00,CNR5862976811,Success,CID578920,eBike,Hosur Road,Hosur Road,259.0,35.0,Not Applicable,Not Applicable,No,Not Applicable,350,Credit Card,36,3.1,4.6
2024-07-23 19:35:00,CNR2926038261,Driver Not Found,CID136155,Prime Sedan,Kengeri,Tumkur Road,,,Not Applicable,Not Applicable,Not Applicable,Not Applicable,500,Not Applicable,0,,
2024-07-07 16:02:00,CNR2510841958,Success,CID267197,Mini,Chamarajpet,Hennur,308.0,55.0,Not Applicable,Not Applicable,No,Not Applicable,134,UPI,16,3.5,3.7
2024-07-14 03:49:00,CNR5418512309,Success,CID144696,Prime Sedan,Hosur Road,Nagarbhavi,56.0,50.0,Not Applicable,Not Applicable,No,Not Applicable,157,Cash,41,4.4,4.0
2024-07-28 10:51:00,CNR3560790363,Success,CID499343,Prime Plus,Hulimavu,Richmond Town,133.0,45.0,Not Applicable,Not Applicable,No,Not Applicable,369,Cash,41,4.9,3.5
2024-07-26 17:23:00,CNR5349442503,Canceled by Driver,CID766949,Bike,Basavanagudi,Indiranagar,,,Not Applicable,Customer related issue,Not Applicable,Not Applicable,403,Not Applicable,0,,
2024-07-19 08:15:00,CNR9507656827,Canceled by Customer,CID140344,Bike,Shantinagar,Cox Town,,,Driver is not moving towards pickup location,Not Applicable,Not Applicable,Not Applicable,200,Not Applicable,0,,
2024-07-25 21:38:00,CNR6380674295,Success,CID187317,Bike,Majestic,Richmond Town,280.0,65.0,Not Applicable,Not Applicable,No,Not Applicable,470,Cash,41,3.7,3.6
2024-07-20 12:19:00,CNR5359152857,Success,CID815486,Auto,Majestic,Jayanagar,238.0,95.0,Not Applicable,Not Applicable,No,Not Applicable,1863,Cash,18,4.6,4.8
2024-07-06 05:42:00,CNR3765566952,Canceled by Driver,CID205343,Bike,MG Road,HSR Layout,,,Not Applicable,Customer related issue,Not Applicable,Not Applicable,968,Not Applicable,0,,
2024-07-27 02:25:00,CNR9874391527,Success,CID588779,Prime Plus,HSR Layout,Nagarbhavi,91.0,125.0,Not Applicable,Not Applicable,No,Not Applicable,171,UPI,17,3.5,4.5
2024-07-04 15:51:00,CNR9628862263,Canceled by Driver,CID660407,Prime Sedan,Peenya,Shantinagar,,,Not Applicable,Customer related issue,Not Applicable,Not Applicable,364,Not Applicable,0,,
2024-07-12 14:26:00,CNR4291586533,Success,CID254419,Bike,Yelahanka,Tumkur Road,196.0,90.0,Not Applicable,Not Applicable,No,Not Applicable,300,Cash,3,4.1,3.2
2024-07-01 17:30:00,CNR2082988803,Canceled by Customer,CID102372,Prime Plus,JP Nagar,Rajarajeshwari Nagar,,,Driver is not moving towards pickup location,Not Applicable,Not Applicable,Not Applicable,268,Not Applicable,0,,
2024-07-19 20:23:00,CNR8431654845,Canceled by Driver,CID791153,Prime SUV,KR Puram,Nagarbhavi,,,Not Applicable,More than permitted people in there,Not Applicable,Not Applicable,171,Not Applicable,0,,
2024-07-26 10:54:00,CNR8680006638,Success,CID565488,Mini,Bannerghatta Road,Shantinagar,280.0,40.0,Not Applicable,Not Applicable,No,Not Applicable,151,UPI,5,3.8,4.2
2024-07-23 23:34:00,CNR6927761986,Success,CID136343,Prime Sedan,Varthur,Chickpet,301.0,120.0,Not Applicable,Not Applicable,No,Not Applicable,2326,Cash,2,4.9,3.7
2024-07-15 20:46:00,CNR4926938651,Success,CID632021,Prime Plus,Langford Town,Shantinagar,203.0,30.0,Not Applicable,Not Applicable,No,Not Applicable,616,Cash,15,4.0,3.0
2024-07-15 22:56:00,CNR4640843300,Success,CID159034,Auto,Kammanahalli,Kengeri,210.0,80.0,Not Applicable,Not Applicable,No,Not Applicable,196,UPI,1,4.0,3.8
2024-07-10 05:17:00,CNR9107548096,Canceled by Driver,CID919344,Prime Sedan,Bellandur,Rajajinagar,,,Not Applicable,Personal & Car related issue,Not Applicable,Not Applicable,395,Not Applicable,0,,
2024-07-24 07:10:00,CNR9501337376,Canceled by Driver,CID375254,Mini,Hulimavu,Electronic City,,,Not Applicable,Customer was coughing/sick,Not Applicable,Not Applicable,121,Not Applicable,0,,
2024-07-13 03:47:00,CNR7994852936,Success,CID561638,Prime Plus,Sarjapur Road,Rajarajeshwari Nagar,245.0,55.0,Not Applicable,Not Applicable,No,Not Applicable,239,UPI,10,3.5,3.9
2024-07-24 22:59:00,CNR6593071205,Success,CID329693,Mini,Shantinagar,Magadi Road,182.0,55.0,Not Applicable,Not Applicable,No,Not Applicable,299,Cash,7,3.5,3.6
2024-07-19 19:24:00,CNR9153075509,Canceled by Driver,CID940478,Auto,Bannerghatta Road,Sahakar Nagar,,,Not Applicable,More than permitted people in there,Not Applicable,Not Applicable,515,Not Applicable,0,,
2024-07-02 09:08:00,CNR2294830397,Success,CID503762,Mini,MG Road,Jayanagar,301.0,105.0,Not Applicable,Not Applicable,No,Not Applicable,1113,UPI,37,3.7,3.6
2024-07-18 13:43:00,CNR6962674730,Success,CID428189,eBike,KR Puram,Kengeri,301.0,75.0,Not Applicable,Not Applicable,No,Not Applicable,367,UPI,9,3.4,3.7
2024-07-11 06:13:00,CNR4238536614,Success,CID365319,Mini,Basavanagudi,Ulsoor,224.0,95.0,Not Applicable,Not Applicable,No,Not Applicable,300,Cash,49,3.2,4.3
2024-07-14 18:00:00,CNR8527694907,Driver Not Found,CID107784,Auto,Richmond Town,Hosur Road,,,Not Applicable,Not Applicable,Not Applicable,Not Applicable,208,Not Applicable,0,,
2024-07-07 11:31:00,CNR1241153496,Success,CID696951,Bike,Hennur,Hosur Road,189.0,90.0,Not Applicable,Not Applicable,No,Not Applicable,418,UPI,42,4.1,4.3
2024-07-10 18:23:00,CNR7908240115,Canceled by Driver,CID748573,Bike,Peenya,Peenya,,,Not Applicable,More than permitted people in there,Not Applicable,Not Applicable,253,Not Applicable,0,,
2024-07-22 19:26:00,CNR5986159764,Driver Not Found,CID747765,Prime Sedan,Cox Town,Hosur Road,,,Not Applicable,Not Applicable,Not Applicable,Not Applicable,1268,Not Applicable,0,,
2024-07-24 10:04:00,CNR4122054859,Canceled by Driver,CID812426,Mini,Malleshwaram,Basavanagudi,,,Not Applicable,Customer was coughing/sick,Not Applicable,Not Applicable,264,Not Applicable,0,,
2024-07-25 04:41:00,CNR3881856904,Success,CID402275,eBike,Bellandur,Indiranagar,105.0,145.0,Not Applicable,Not Applicable,No,Not Applicable,564,UPI,15,3.1,4.6
2024-07-13 09:16:00,CNR4573512017,Canceled by Driver,CID498143,Mini,Yeshwanthpur,Marathahalli,,,Not Applicable,Personal & Car related issue,Not Applicable,Not Applicable,332,Not Applicable,0,,
2024-07-27 10:28:00,CNR2747426513,Success,CID813045,Bike,Shantinagar,Ulsoor,182.0,90.0,Not Applicable,Not Applicable,No,Not Applicable,281,Cash,23,3.6,4.6
2024-07-15 02:18:00,CNR7170435875,Success,CID588823,Mini,Bannerghatta Road,Vijayanagar,70.0,50.0,Not Applicable,Not Applicable,No,Not Applicable,264,UPI,19,4.8,3.3
2024-07-11 05:49:00,CNR1301162276,Success,CID867336,Mini,Indiranagar,Marathahalli,70.0,70.0,Not Applicable,Not Applicable,No,Not Applicable,192,Credit Card,35,3.6,3.6
2024-07-13 14:32:00,CNR1503657417,Success,CID987467,eBike,Langford Town,Yelahanka,112.0,35.0,Not Applicable,Not Applicable,No,Not Applicable,793,Cash,30,4.0,3.6
2024-07-01 13:30:00,CNR5935491607,Success,CID305813,Auto,Yeshwanthpur,Sarjapur Road,49.0,145.0,Not Applicable,Not Applicable,No,Not Applicable,767,UPI,4,4.7,4.5
2024-07-11 05:10:00,CNR5625334959,Success,CID707875,eBike,Nagarbhavi,Majestic,91.0,70.0,Not Applicable,Not Applicable,Yes,Vehicle Breakdown,843,UPI,39,4.2,4.3
2024-07-28 13:33:00,CNR7533976288,Success,CID546742,Bike,KR Puram,Shantinagar,56.0,110.0,Not Applicable,Not Applicable,Yes,Vehicle Breakdown,294,UPI,46,4.1,3.2
2024-07-03 19:38:00,CNR8548418387,Success,CID859938,eBike,Hennur,Magadi Road,231.0,125.0,Not Applicable,Not Applicable,No,Not Applicable,968,UPI,39,4.1,4.9
2024-07-22 06:08:00,CNR2121139175,Success,CID743649,Prime SUV,Chickpet,Langford Town,196.0,25.0,Not Applicable,Not Applicable,No,Not Applicable,182,UPI,21,3.4,3.8
2024-07-21 20:50:00,CNR7360348725,Canceled by Driver,CID988192,Mini,Shantinagar,Bellandur,,,Not Applicable,Customer related issue,Not Applicable,Not Applicable,327,Not Applicable,0,,
2024-07-04 19:20:00,CNR9318816376,Canceled by Driver,CID719602,eBike,Peenya,HSR Layout,,,Not Applicable,Customer related issue,Not Applicable,Not Applicable,174,Not Applicable,0,,
2024-07-26 14:34:00,CNR2140958207,Success,CID963106,Prime Sedan,Varthur,Hennur,35.0,105.0,Not Applicable,Not Applicable,Yes,Customer Demand,1784,Cash,46,4.8,4.5
2024-07-12 20:11:00,CNR7249454064,Success,CID235370,Mini,Chamarajpet,Padmanabhanagar,42.0,70.0,Not Applicable,Not Applicable,No,Not Applicable,223,UPI,39,4.7,3.0
2024-07-11 01:39:00,CNR7642555827,Success,CID351515,eBike,Peenya,Langford Town,42.0,65.0,Not Applicable,Not Applicable,No,Not Applicable,442,UPI,21,3.6,4.5
2024-07-03 15:12:00,CNR1363573137,Success,CID234225,eBike,Varthur,Hulimavu,245.0,35.0,Not Applicable,Not Applicable,No,Not Applicable,259,Cash,30,3.1,4.9
2024-07-15 03:50:00,CNR7099723649,Success,CID402097,Prime Plus,Sarjapur Road,Banashankari,112.0,40.0,Not Applicable,Not Applicable,No,Not Applicable,241,UPI,13,5.0,3.7
2024-07-05 03:15:00,CNR2412183445,Success,CID866861,eBike,Langford Town,Chamarajpet,294.0,70.0,Not Applicable,Not Applicable,No,Not Applicable,351,Cash,29,4.8,4.6
2024-07-24 08:50:00,CNR6500239066,Success,CID834683,Prime SUV,Jayanagar,Shantinagar,245.0,100.0,Not Applicable,Not Applicable,No,Not Applicable,478,Cash,18,4.6,4.5
2024-07-29 07:56:00,CNR1451151428,Success,CID717462,Bike,HSR Layout,Ulsoor,161.0,60.0,Not Applicable,Not Applicable,No,Not Applicable,2954,Cash,42,3.0,4.7
2024-07-26 14:39:00,CNR4016915474,Success,CID696746,Mini,Cox Town,RT Nagar,147.0,135.0,Not Applicable,Not Applicable,No,Not Applicable,380,Cash,18,4.4,4.4
2024-07-13 05:12:00,CNR3177973791,Canceled by Driver,CID452988,Prime SUV,Cox Town,Yeshwanthpur,,,Not Applicable,Customer related issue,Not Applicable,Not Applicable,467,Not Applicable,0,,
2024-07-25 16:38:00,CNR6575862258,Canceled by Driver,CID946604,Mini,Indiranagar,Hennur,,,Not Applicable,Personal & Car related issue,Not Applicable,Not Applicable,275,Not Applicable,0,,
2024-07-06 09:46:00,CNR2811278043,Success,CID226194,Prime Plus,Magadi Road,Indiranagar,182.0,110.0,Not Applicable,Not Applicable,No,Not Applicable,483,Cash,9,4.2,3.3
2024-07-22 04:14:00,CNR2175339857,Success,CID313647,Prime Sedan,Rajarajeshwari Nagar,Devanahalli,259.0,25.0,Not Applicable,Not Applicable,No,Not Applicable,537,Cash,14,4.5,3.3
2024-07-02 00:53:00,CNR8417715348,Canceled by Driver,CID604984,Auto,Banashankari,Tumkur Road,,,Not Applicable,Personal & Car related issue,Not Applicable,Not Applicable,330,Not Applicable,0,,
2024-07-25 06:22:00,CNR3207180827,Success,CID928479,eBike,Kadugodi,Chamarajpet,84.0,60.0,Not Applicable,Not Applicable,No,Not Applicable,176,Cash,23,4.5,3.8
2024-07-20 13:31:00,CNR4913021099,Canceled by Driver,CID404135,Prime Sedan,Yelahanka,Padmanabhanagar,,,Not Applicable,Customer related issue,Not Applicable,Not Applicable,572,Not Applicable,0,,
2024-07-01 06:38:00,CNR1436250652,Canceled by Driver,CID650791,Auto,Ulsoor,Ulsoor,,,Not Applicable,Customer was coughing/sick,Not Applicable,Not Applicable,1549,Not Applicable,0,,
2024-07-06 08:53:00,CNR5853071058,Success,CID748200,Prime Sedan,Hosur Road,Padmanabhanagar,273.0,85.0,Not Applicable,Not Applicable,No,Not Applicable,2771,UPI,36,3.3,4.9
2024-07-05 06:58:00,CNR6000059207,Driver Not Found,CID929442,eBike,Sahakar Nagar,Frazer Town,,,Not Applicable,Not Applicable,Not Applicable,Not Applicable,711,Not Applicable,0,,
2024-07-22 13:25:00,CNR9720655351,Driver Not Found,CID313058,eBike,Malleshwaram,Ramamurthy Nagar,,,Not Applicable,Not Applicable,Not Applicable,Not Applicable,957,Not Applicable,0,,
2024-07-11 09:07:00,CNR6675335391,Success,CID974849,Prime Plus,Hebbal,Kengeri,294.0,45.0,Not Applicable,Not Applicable,No,Not Applicable,833,Cash,25,3.9,4.1
2024-07-27 17:21:00,CNR3807567773,Success,CID787599,eBike,KR Puram,Nagarbhavi,126.0,135.0,Not Applicable,Not Applicable,No,Not Applicable,327,UPI,39,4.7,3.7
2024-07-07 11:51:00,CNR5027689241,Canceled by Driver,CID248526,Prime Plus,Shantinagar,RT Nagar,,,Not Applicable,Customer was coughing/sick,Not Applicable,Not Applicable,401,Not Applicable,0,,
2024-07-29 01:52:00,CNR1515969429,Canceled by Customer,CID948785,eBike,Vijayanagar,KR Puram,,,Driver asked to cancel,Not Applicable,Not Applicable,Not Applicable,188,Not Applicable,0,,
2024-07-10 07:41:00,CNR1268004868,Canceled by Customer,CID746786,Auto,Peenya,Hebbal,,,Change of plans,Not Applicable,Not Applicable,Not Applicable,135,Not Applicable,0,,
2024-07-10 18:50:00,CNR1033929354,Success,CID731890,Auto,Basavanagudi,Whitefield,231.0,30.0,Not Applicable,Not Applicable,No,Not Applicable,187,UPI,5,4.2,4.1
2024-07-07 09:30:00,CNR4186150113,Success,CID572008,Prime Plus,Basavanagudi,Frazer Town,308.0,65.0,Not Applicable,Not Applicable,No,Not Applicable,105,Cash,15,3.4,3.5
2024-07-05 18:49:00,CNR6852931364,Canceled by Driver,CID138044,Prime SUV,MG Road,RT Nagar,,,Not Applicable,Personal & Car related issue,Not Applicable,Not Applicable,553,Not Applicable,0,,
2024-07-13 15:53:00,CNR1610059748,Canceled by Driver,CID742785,Bike,HSR Layout,Basavanagudi,,,Not Applicable,More than permitted people in there,Not Applicable,Not Applicable,391,Not Applicable,0,,
2024-07-23 01:59:00,CNR9987156465,Success,CID551102,Prime SUV,Kammanahalli,Malleshwaram,112.0,55.0,Not Applicable,Not Applicable,No,Not Applicable,881,UPI,22,4.2,3.5
2024-07-03 23:41:00,CNR7505055959,Canceled by Driver,CID394565,Mini,Hebbal,Kammanahalli,,,Not Applicable,Customer was coughing/sick,Not Applicable,Not Applicable,212,Not Applicable,0,,
2024-07-02 06:47:00,CNR4475519498,Success,CID690978,Prime Sedan,KR Puram,Kadugodi,84.0,105.0,Not Applicable,Not Applicable,No,Not Applicable,349,Cash,1,3.0,4.7
2024-07-12 06:27:00,CNR8556105717,Canceled by Driver,CID322688,Bike,Chickpet,Kammanahalli,,,Not Applicable,Personal & Car related issue,Not Applicable,Not Applicable,282,Not Applicable,0,,
2024-07-27 04:58:00,CNR6011740467,Driver Not Found,CID496579,Bike,Devanahalli,Marathahalli,,,Not Applicable,Not Applicable,Not Applicable,Not Applicable,850,Not Applicable,0,,
2024-07-18 15:59:00,CNR4414176736,Driver Not Found,CID555613,Prime Sedan,Rajajinagar,Koramangala,,,Not Applicable,Not Applicable,Not Applicable,Not Applicable,444,Not Applicable,0,,
2024-07-03 09:24:00,CNR7638836680,Canceled by Driver,CID626831,eBike,Basavanagudi,Shantinagar,,,Not Applicable,More than permitted people in there,Not Applicable,Not Applicable,318,Not Applicable,0,,
2024-07-11 07:16:00,CNR3452857465,Success,CID504531,Mini,Majestic,Nagarbhavi,168.0,130.0,Not Applicable,Not Applicable,No,Not Applicable,309,Cash,22,3.1,3.0
2024-07-24 17:10:00,CNR9592069812,Success,CID812836,Prime Plus,Varthur,Kengeri,161.0,140.0,Not Applicable,Not Applicable,No,Not Applicable,497,UPI,3,4.9,4.7
2024-07-15 09:44:00,CNR3299883445,Success,CID640900,Prime SUV,RT Nagar,Langford Town,294.0,140.0,Not Applicable,Not Applicable,No,Not Applicable,302,Cash,5,3.5,4.8
2024-07-07 06:52:00,CNR2569642974,Success,CID318940,Bike,Frazer Town,Hennur,238.0,120.0,Not Applicable,Not Applicable,No,Not Applicable,447,Cash,42,3.3,3.9
2024-07-30 07:53:00,CNR4668233825,Success,CID220992,eBike,Basavanagudi,Mysore Road,203.0,85.0,Not Applicable,Not Applicable,No,Not Applicable,906,Cash,42,4.0,3.2
2024-07-22 12:51:00,CNR6540386216,Driver Not Found,CID734597,Auto,Richmond Town,Basavanagudi,,,Not Applicable,Not Applicable,Not Applicable,Not Applicable,235,Not Applicable,0,,
2024-07-19 18:24:00,CNR8663381426,Success,CID231839,Prime Plus,Varthur,Indiranagar,105.0,60.0,Not Applicable,Not Applicable,Yes,Other Issue,1577,Cash,26,4.3,3.0
2024-07-24 15:05:00,CNR5994266097,Canceled by Driver,CID337476,Mini,Padmanabhanagar,Shivajinagar,,,Not Applicable,Personal & Car related issue,Not Applicable,Not Applicable,387,Not Applicable,0,,
2024-07-02 17:52:00,CNR8060271933,Success,CID158836,Auto,Yeshwanthpur,Rajarajeshwari Nagar,252.0,60.0,Not Applicable,Not Applicable,No,Not Applicable,2891,Cash,17,3.0,3.9
2024-07-08 17:33:00,CNR7816906268,Success,CID969541,Prime SUV,Langford Town,JP Nagar,210.0,75.0,Not Applicable,Not Applicable,No,Not Applicable,246,Cash,44,4.1,3.7
2024-07-14 15:12:00,CNR3870280088,Driver Not Found,CID286798,Prime Sedan,Majestic,Yelahanka,,,Not Applicable,Not Applicable,Not Applicable,Not Applicable,550,Not Applicable,0,,
2024-07-13 12:08:00,CNR9418151005,Success,CID620356,Prime Sedan,Ramamurthy Nagar,BTM Layout,210.0,45.0,Not Applicable,Not Applicable,No,Not Applicable,361,Cash,25,3.1,3.8
2024-07-28 17:26:00,CNR3354977507,Success,CID481296,Prime Sedan,Mysore Road,Padmanabhanagar,294.0,125.0,Not Applicable,Not Applicable,No,Not Applicable,370,Cash,47,4.4,4.2
2024-07-16 18:22:00,CNR6982014825,Driver Not Found,CID559470,Auto,Vijayanagar,KR Puram,,,Not Applicable,Not Applicable,Not Applicable,Not Applicable,189,Not Applicable,0,,
2024-07-02 04:38:00,CNR4723528203,Success,CID130760,Prime Plus,Devanahalli,Langford Town,35.0,80.0,Not Applicable,Not Applicable,No,Not Applicable,446,Cash,48,5.0,4.9
2024-07-25 12:52:00,CNR3259871157,Canceled by Driver,CID648735,Prime Plus,Whitefield,JP Nagar,,,Not Applicable,Customer related issue,Not Applicable,Not Applicable,364,Not Applicable,0,,
2024-07-02 05:14:00,CNR8409633372,Canceled by Driver,CID541758,eBike,HSR Layout,Kadugodi,,,Not Applicable,Customer was coughing/sick,Not Applicable,Not Applicable,487,Not Applicable,0,,
2024-07-12 18:14:00,CNR7646891250,Success,CID641708,Prime SUV,Hosur Road,Kadugodi,175.0,35.0,Not Applicable,Not Applicable,No,Not Applicable,114,Cash,27,4.9,3.6
2024-07-27 00:24:00,CNR1163011960,Success,CID401429,Mini,Devanahalli,Padmanabhanagar,98.0,70.0,Not Applicable,Not Applicable,No,Not Applicable,440,UPI,38,3.9,3.3
2024-07-27 08:33:00,CNR3518399672,Success,CID211934,Prime SUV,Peenya,BTM Layout,133.0,125.0,Not Applicable,Not Applicable,No,Not Applicable,520,Cash,23,4.9,4.6
2024-07-19 18:13:00,CNR2572342356,Canceled by Driver,CID178810,Prime Sedan,Tumkur Road,RT Nagar,,,Not Applicable,More than permitted people in there,Not Applicable,Not Applicable,619,Not Applicable,0,,
2024-07-18 17:19:00,CNR1678792110,Success,CID897029,Prime Plus,Kadugodi,Ramamurthy Nagar,168.0,85.0,Not Applicable,Not Applicable,No,Not Applicable,261,Cash,27,4.7,3.3
2024-07-15 13:58:00,CNR8826796446,Success,CID558247,eBike,Kadugodi,Majestic,98.0,45.0,Not Applicable,Not Applicable,No,Not Applicable,246,Cash,17,4.2,4.4
2024-07-03 09:22:00,CNR9260564057,Success,CID964048,Auto,Varthur,Chamarajpet,91.0,45.0,Not Applicable,Not Applicable,No,Not Applicable,290,UPI,18,4.6,4.5
2024-07-11 17:58:00,CNR8537530896,Success,CID350119,Bike,BTM Layout,Rajajinagar,119.0,75.0,Not Applicable,Not Applicable,No,Not Applicable,486,UPI,28,3.4,4.0
2024-07-23 12:31:00,CNR5724973363,Success,CID146196,Mini,Koramangala,Langford Town,196.0,40.0,Not Applicable,Not Applicable,No,Not Applicable,904,Cash,49,3.5,4.2
2024-07-13 02:27:00,CNR6882109832,Driver Not Found,CID104418,Prime Sedan,Rajajinagar,Shivajinagar,,,Not Applicable,Not Applicable,Not Applicable,Not Applicable,1576,Not Applicable,0,,
2024-07-30 04:42:00,CNR1926634419,Canceled by Driver,CID451331,Prime Sedan,Chickpet,Richmond Town,,,Not Applicable,Personal & Car related issue,Not Applicable,Not Applicable,192,Not Applicable,0,,
2024-07-17 00:16:00,CNR7433465424,Success,CID668820,eBike,Banashankari,Hebbal,203.0,30.0,Not Applicable,Not Applicable,No,Not Applicable,2418,UPI,14,3.1,3.2
2024-07-29 18:51:00,CNR1245525568,Canceled by Driver,CID929864,Prime Plus,Ulsoor,Hebbal,,,Not Applicable,Customer related issue,Not Applicable,Not Applicable,198,Not Applicable,0,,
2024-07-25 21:37:00,CNR6345116675,Success,CID912775,Mini,Hebbal,Varthur,189.0,25.0,Not Applicable,Not Applicable,No,Not Applicable,505,Cash,33,4.9,3.2
2024-07-15 21:14:00,CNR8932477934,Driver Not Found,CID799207,Prime Plus,Nagarbhavi,Koramangala,,,Not Applicable,Not Applicable,Not Applicable,Not Applicable,186,Not Applicable,0,,
2024-07-05 11:03:00,CNR6375009284,Canceled by Driver,CID774321,Prime SUV,Majestic,Kadugodi,,,Not Applicable,More than permitted people in there,Not Applicable,Not Applicable,133,Not Applicable,0,,
2024-07-07 02:24:00,CNR4444802368,Success,CID468129,Mini,Chamarajpet,Sarjapur Road,189.0,130.0,Not Applicable,Not Applicable,No,Not Applicable,502,UPI,1,3.1,3.6
2024-07-26 11:01:00,CNR2543983321,Canceled by Driver,CID412729,Prime Sedan,Ulsoor,Jayanagar,,,Not Applicable,Customer was coughing/sick,Not Applicable,Not Applicable,357,Not Applicable,0,,
2024-07-17 11:33:00,CNR6278003235,Driver Not Found,CID111906,Prime Plus,Kengeri,BTM Layout,,,Not Applicable,Not Applicable,Not Applicable,Not Applicable,518,Not Applicable,0,,
2024-07-09 20:50:00,CNR4011078992,Success,CID762965,Mini,Indiranagar,Shivajinagar,238.0,100.0,Not Applicable,Not Applicable,No,Not Applicable,307,UPI,38,4.2,3.0
2024-07-13 17:58:00,CNR4394931759,Success,CID108740,Prime SUV,Frazer Town,Bannerghatta Road,168.0,40.0,Not Applicable,Not Applicable,No,Not Applicable,832,UPI,26,3.2,3.8
2024-07-02 07:16:00,CNR6617330690,Driver Not Found,CID177311,eBike,Ulsoor,HSR Layout,,,Not Applicable,Not Applicable,Not Applicable,Not Applicable,155,Not Applicable,0,,
2024-07-24 23:02:00,CNR8466756737,Canceled by Driver,CID354045,Prime SUV,MG Road,Bellandur,,,Not Applicable,Personal & Car related issue,Not Applicable,Not Applicable,390,Not Applicable,0,,
2024-07-28 18:00:00,CNR3858211809,Success,CID358299,Prime Plus,Hebbal,Magadi Road,126.0,75.0,Not Applicable,Not Applicable,No,Not Applicable,157,UPI,16,3.3,3.4
2024-07-17 07:19:00,CNR1657136093,Success,CID963128,Auto,Padmanabhanagar,Tumkur Road,189.0,110.0,Not Applicable,Not Applicable,No,Not Applicable,366,UPI,12,4.5,4.4
2024-07-01 12:52:00,CNR9599775169,Success,CID422313,Mini,Varthur,Peenya,35.0,125.0,Not Applicable,Not Applicable,No,Not Applicable,667,UPI,9,3.4,3.5
2024-07-11 18:32:00,CNR8250217837,Canceled by Customer,CID563788,Prime SUV,Bellandur,Marathahalli,,,Change of plans,Not Applicable,Not Applicable,Not Applicable,155,Not Applicable,0,,
2024-07-26 19:59:00,CNR4614950236,Canceled by Driver,CID676961,eBike,Langford Town,Rajarajeshwari Nagar,,,Not Applicable,Customer related issue,Not Applicable,Not Applicable,136,Not Applicable,0,,
2024-07-12 18:14:00,CNR6822722333,Success,CID364047,Bike,Majestic,Koramangala,294.0,45.0,Not Applicable,Not Applicable,No,Not Applicable,327,Cash,16,3.2,3.2
2024-07-13 01:16:00,CNR5597207665,Success,CID506940,Mini,Jayanagar,Padmanabhanagar,42.0,115.0,Not Applicable,Not Applicable,No,Not Applicable,179,UPI,36,4.1,4.3
2024-07-17 00:47:00,CNR8232367113,Canceled by Driver,CID596617,Prime Plus,Varthur,Malleshwaram,,,Not Applicable,Customer related issue,Not Applicable,Not Applicable,211,Not Applicable,0,,
2024-07-16 03:44:00,CNR8539623811,Success,CID686344,Bike,Bellandur,Varthur,112.0,40.0,Not Applicable,Not Applicable,No,Not Applicable,149,Credit Card,15,4.9,4.2
2024-07-30 11:04:00,CNR9429433572,Canceled by Customer,CID622481,Prime SUV,Banashankari,Shantinagar,,,Wrong Address,Not Applicable,Not Applicable,Not Applicable,963,Not Applicable,0,,
2024-07-27 22:32:00,CNR7846010998,Success,CID356084,Prime Plus,Whitefield,Indiranagar,168.0,70.0,Not Applicable,Not Applicable,No,Not Applicable,399,Cash,30,3.0,4.4
2024-07-02 14:29:00,CNR4120239587,Success,CID177697,Auto,Marathahalli,Hennur,77.0,30.0,Not Applicable,Not Applicable,No,Not Applicable,2377,Cash,3,3.1,4.4
2024-07-23 14:23:00,CNR4377510578,Success,CID539536,Auto,Basavanagudi,Jayanagar,259.0,75.0,Not Applicable,Not Applicable,No,Not Applicable,332,UPI,4,4.3,3.9
2024-07-26 08:17:00,CNR7061152526,Success,CID853214,Prime SUV,Nagarbhavi,Mysore Road,273.0,60.0,Not Applicable,Not Applicable,No,Not Applicable,669,Cash,34,4.9,4.6
2024-07-26 09:50:00,CNR3001011714,Success,CID440482,Bike,Chamarajpet,Bellandur,147.0,110.0,Not Applicable,Not Applicable,No,Not Applicable,371,UPI,35,3.9,3.2
2024-07-15 14:06:00,CNR5010675215,Success,CID525737,Bike,Shantinagar,JP Nagar,70.0,65.0,Not Applicable,Not Applicable,No,Not Applicable,234,UPI,13,3.7,3.4
2024-07-05 09:18:00,CNR8717202067,Success,CID533261,Mini,Malleshwaram,Ulsoor,56.0,75.0,Not Applicable,Not Applicable,Yes,Other Issue,2347,Cash,37,3.2,3.1
2024-07-07 00:44:00,CNR2099516953,Canceled by Driver,CID999154,Prime Plus,Malleshwaram,Cox Town,,,Not Applicable,Personal & Car related issue,Not Applicable,Not Applicable,2594,Not Applicable,0,,
2024-07-29 19:50:00,CNR1478722479,Canceled by Driver,CID307729,Mini,Koramangala,Hebbal,,,Not Applicable,Customer related issue,Not Applicable,Not Applicable,195,Not Applicable,0,,
2024-07-28 15:59:00,CNR5851858262,Success,CID568622,Prime SUV,Tumkur Road,Vijayanagar,252.0,50.0,Not Applicable,Not Applicable,No,Not Applicable,771,Cash,19,4.1,4.6
2024-07-25 00:03:00,CNR1648029636,Success,CID526862,eBike,Kammanahalli,Kengeri,126.0,105.0,Not Applicable,Not Applicable,No,Not Applicable,460,Cash,34,3.8,4.5
2024-07-16 04:10:00,CNR5511693115,Success,CID246127,eBike,Sahakar Nagar,Shantinagar,168.0,100.0,Not Applicable,Not Applicable,No,Not Applicable,160,Cash,32,4.9,5.0
2024-07-23 12:03:00,CNR5674571210,Success,CID522396,Bike,Padmanabhanagar,Yelahanka,126.0,80.0,Not Applicable,Not Applicable,No,Not Applicable,345,Cash,20,4.7,3.2
2024-07-18 21:57:00,CNR3935532453,Success,CID311617,Mini,Whitefield,RT Nagar,196.0,110.0,Not Applicable,Not Applicable,No,Not Applicable,144,Cash,10,4.5,4.0
2024-07-14 11:34:00,CNR2392544707,Success,CID882457,Bike,Magadi Road,RT Nagar,119.0,80.0,Not Applicable,Not Applicable,No,Not Applicable,169,UPI,5,3.8,3.5
2024-07-28 21:56:00,CNR2271463214,Success,CID599071,Prime Sedan,Majestic,MG Road,175.0,115.0,Not Applicable,Not Applicable,No,Not Applicable,414,UPI,9,3.9,5.0
2024-07-05 14:57:00,CNR5118480718,Driver Not Found,CID338855,Prime Sedan,Hulimavu,Ulsoor,,,Not Applicable,Not Applicable,Not Applicable,Not Applicable,101,Not Applicable,0,,
2024-07-20 18:54:00,CNR8602414822,Success,CID749991,Bike,Hebbal,Jayanagar,140.0,60.0,Not Applicable,Not Applicable,No,Not Applicable,127,Cash,39,3.4,3.7
2024-07-04 14:25:00,CNR2157726983,Success,CID838467,Bike,Banashankari,Rajarajeshwari Nagar,63.0,35.0,Not Applicable,Not Applicable,No,Not Applicable,137,UPI,40,4.4,3.3
2024-07-27 14:26:00,CNR7699321539,Success,CID285079,eBike,Padmanabhanagar,Kengeri,168.0,145.0,Not Applicable,Not Applicable,No,Not Applicable,764,Cash,32,4.5,3.6
2024-07-09 00:01:00,CNR9895951697,Success,CID752433,Prime SUV,Frazer Town,Indiranagar,294.0,55.0,Not Applicable,Not Applicable,No,Not Applicable,1687,UPI,26,3.5,3.0
2024-07-24 07:32:00,CNR4934474605,Success,CID153324,Prime Sedan,Devanahalli,Shivajinagar,56.0,50.0,Not Applicable,Not Applicable,No,Not Applicable,124,Cash,20,4.1,4.3
2024-07-26 00:19:00,CNR4582644372,Success,CID766819,Mini,Nagarbhavi,Hebbal,56.0,55.0,Not Applicable,Not Applicable,No,Not Applicable,270,UPI,9,3.4,3.8
2024-07-04 09:18:00,CNR2044546003,Canceled by Driver,CID935706,Prime Sedan,Shivajinagar,Bannerghatta Road,,,Not Applicable,Personal & Car related issue,Not Applicable,Not Applicable,1363,Not Applicable,0,,
2024-07-26 16:59:00,CNR4079882585,Canceled by Customer,CID112627,Mini,Magadi Road,Majestic,,,Wrong Address,Not Applicable,Not Applicable,Not Applicable,215,Not Applicable,0,,
2024-07-20 20:26:00,CNR9713030837,Success,CID437480,Mini,Hebbal,Bannerghatta Road,161.0,95.0,Not Applicable,Not Applicable,No,Not Applicable,741,Cash,34,4.3,4.8
2024-07-27 01:12:00,CNR9844146914,Driver Not Found,CID804009,Prime SUV,Hulimavu,Nagarbhavi,,,Not Applicable,Not Applicable,Not Applicable,Not Applicable,367,Not Applicable,0,,
2024-07-30 15:55:00,CNR5460571675,Success,CID618095,Prime Plus,Hennur,Cox Town,56.0,75.0,Not Applicable,Not Applicable,Yes,Other Issue,240,Cash,36,3.3,3.8
2024-07-24 14:36:00,CNR4056547149,Driver Not Found,CID241088,Auto,Koramangala,Banashankari,,,Not Applicable,Not Applicable,Not Applicable,Not Applicable,1417,Not Applicable,0,,
2024-07-16 15:22:00,CNR5861631112,Success,CID253091,Prime SUV,Hosur Road,Basavanagudi,231.0,140.0,Not Applicable,Not Applicable,No,Not Applicable,379,Cash,18,4.6,4.0
2024-07-09 10:07:00,CNR3274428644,Canceled by Driver,CID614928,Prime SUV,Jayanagar,Richmond Town,,,Not Applicable,Customer was coughing/sick,Not Applicable,Not Applicable,326,Not Applicable,0,,
2024-07-23 17:57:00,CNR5929260418,Success,CID542720,eBike,Yelahanka,Sarjapur Road,42.0,70.0,Not Applicable,Not Applicable,No,Not Applicable,368,Cash,16,3.8,4.8
2024-07-13 00:00:00,CNR7946943575,Success,CID880059,Prime SUV,Basavanagudi,Frazer Town,210.0,65.0,Not Applicable,Not Applicable,No,Not Applicable,1414,UPI,43,4.2,4.3
2024-07-10 06:04:00,CNR5671764644,Driver Not Found,CID160657,Prime Sedan,Electronic City,Richmond Town,,,Not Applicable,Not Applicable,Not Applicable,Not Applicable,354,Not Applicable,0,,
2024-07-23 00:28:00,CNR5051759117,Success,CID261522,Mini,Jayanagar,Richmond Town,294.0,50.0,Not Applicable,Not Applicable,No,Not Applicable,138,UPI,14,3.9,4.0
2024-07-05 02:39:00,CNR1324424152,Success,CID720191,Prime SUV,Electronic City,KR Puram,294.0,80.0,Not Applicable,Not Applicable,No,Not Applicable,122,Credit Card,49,3.9,4.1
2024-07-18 16:11:00,CNR8750503827,Driver Not Found,CID967033,Prime Sedan,Hosur Road,Padmanabhanagar,,,Not Applicable,Not Applicable,Not Applicable,Not Applicable,363,Not Applicable,0,,
2024-07-16 10:04:00,CNR7946462164,Canceled by Customer,CID380316,Prime Sedan,Padmanabhanagar,Devanahalli,,,Driver is not moving towards pickup location,Not Applicable,Not Applicable,Not Applicable,742,Not Applicable,0,,
2024-07-01 21:03:00,CNR3405639114,Driver Not Found,CID116839,Auto,Varthur,Majestic,,,Not Applicable,Not Applicable,Not Applicable,Not Applicable,130,Not Applicable,0,,
2024-07-11 14:24:00,CNR6537665057,Canceled by Customer,CID627746,Prime Plus,RT Nagar,Hosur Road,,,Wrong Address,Not Applicable,Not Applicable,Not Applicable,989,Not Applicable,0,,
2024-07-05 08:58:00,CNR8326737862,Success,CID840465,eBike,HSR Layout,Majestic,147.0,125.0,Not Applicable,Not Applicable,No,Not Applicable,979,Cash,37,4.4,4.8
2024-07-28 20:33:00,CNR9970801459,Success,CID815134,Mini,Padmanabhanagar,Nagarbhavi,35.0,55.0,Not Applicable,Not Applicable,No,Not Applicable,571,Cash,33,4.6,4.2
2024-07-14 11:20:00,CNR4074303974,Success,CID253631,Prime Sedan,Richmond Town,Cox Town,140.0,80.0,Not Applicable,Not Applicable,No,Not Applicable,257,UPI,14,4.1,4.4
2024-07-22 04:41:00,CNR5886991233,Canceled by Driver,CID367261,Prime Plus,Vijayanagar,Vijayanagar,,,Not Applicable,Customer related issue,Not Applicable,Not Applicable,348,Not Applicable,0,,
2024-07-03 18:07:00,CNR8824450001,Success,CID928075,Bike,Marathahalli,HSR Layout,196.0,135.0,Not Applicable,Not Applicable,No,Not Applicable,211,Cash,47,4.5,3.7
2024-07-04 14:34:00,CNR5880891253,Canceled by Customer,CID478679,Bike,Frazer Town,Tumkur Road,,,Wrong Address,Not Applicable,Not Applicable,Not Applicable,780,Not Applicable,0,,
2024-07-09 05:37:00,CNR3607133751,Success,CID354493,Prime Sedan,Chamarajpet,Kadugodi,119.0,25.0,Not Applicable,Not Applicable,No,Not Applicable,496,Debit Card,1,3.3,3.8
2024-07-04 09:48:00,CNR2387810449,Driver Not Found,CID897391,Prime Plus,Electronic City,Electronic City,,,Not Applicable,Not Applicable,Not Applicable,Not Applicable,731,Not Applicable,0,,
2024-07-18 20:19:00,CNR5028905981,Success,CID397913,Auto,Koramangala,RT Nagar,210.0,30.0,Not Applicable,Not Applicable,No,Not Applicable,302,Cash,13,4.0,3.6
2024-07-24 22:41:00,CNR2982017931,Success,CID914929,eBike,Hebbal,JP Nagar,266.0,25.0,Not Applicable,Not Applicable,No,Not Applicable,297,Cash,3,4.0,4.2
2024-07-17 10:45:00,CNR8221861944,Success,CID653475,Mini,Langford Town,Whitefield,252.0,125.0,Not Applicable,Not Applicable,No,Not Applicable,407,UPI,40,4.1,4.2
2024-07-24 20:26:00,CNR1309001244,Success,CID113610,Prime Plus,Sahakar Nagar,Ulsoor,77.0,125.0,Not Applicable,Not Applicable,No,Not Applicable,921,Cash,17,3.6,4.9
2024-07-17 04:41:00,CNR6993030378,Canceled by Driver,CID578349,Prime Plus,Yeshwanthpur,Chamarajpet,,,Not Applicable,Personal & Car related issue,Not Applicable,Not Applicable,1872,Not Applicable,0,,
2024-07-03 08:53:00,CNR1821101510,Success,CID898125,Bike,Nagarbhavi,Rajajinagar,273.0,35.0,Not Applicable,Not Applicable,No,Not Applicable,264,UPI,19,3.6,4.5
2024-07-02 06:53:00,CNR4018176842,Success,CID354824,Bike,MG Road,Malleshwaram,182.0,100.0,Not Applicable,Not Applicable,No,Not Applicable,542,Cash,21,3.4,5.0
2024-07-20 09:02:00,CNR4720040316,Canceled by Customer,CID161524,eBike,Mysore Road,Hulimavu,,,Change of plans,Not Applicable,Not Applicable,Not Applicable,599,Not Applicable,0,,
2024-07-16 02:48:00,CNR5210593343,Success,CID529358,Prime SUV,Majestic,JP Nagar,224.0,95.0,Not Applicable,Not Applicable,No,Not Applicable,278,Credit Card,1,3.5,4.4
2024-07-12 18:58:00,CNR8339033992,Canceled by Driver,CID712261,Mini,Hennur,Magadi Road,,,Not Applicable,More than permitted people in there,Not Applicable,Not Applicable,959,Not Applicable,0,,
2024-07-10 22:10:00,CNR1159682289,Success,CID247367,Mini,Magadi Road,Banashankari,224.0,95.0,Not Applicable,Not Applicable,No,Not Applicable,315,Cash,17,4.5,4.7
2024-07-13 15:53:00,CNR8248748609,Driver Not Found,CID998673,Mini,Shantinagar,Frazer Town,,,Not Applicable,Not Applicable,Not Applicable,Not Applicable,869,Not Applicable,0,,
2024-07-02 05:08:00,CNR2691528740,Success,CID824241,Prime SUV,Kengeri,Banashankari,112.0,105.0,Not Applicable,Not Applicable,No,Not Applicable,655,UPI,43,4.9,3.6
2024-07-25 06:29:00,CNR8598174625,Driver Not Found,CID543739,Prime Plus,JP Nagar,Hennur,,,Not Applicable,Not Applicable,Not Applicable,Not Applicable,112,Not Applicable,0,,
2024-07-19 03:53:00,CNR8315651360,Canceled by Customer,CID466807,Auto,Chamarajpet,Jayanagar,,,Driver asked to cancel,Not Applicable,Not Applicable,Not Applicable,116,Not Applicable,0,,
2024-07-26 22:18:00,CNR5162807371,Success,CID432260,Prime Sedan,Ulsoor,Shantinagar,280.0,100.0,Not Applicable,Not Applicable,No,Not Applicable,392,Cash,48,4.5,4.0
2024-07-16 05:17:00,CNR8415084145,Driver Not Found,CID511695,Prime SUV,Vijayanagar,Jayanagar,,,Not Applicable,Not Applicable,Not Applicable,Not Applicable,116,Not Applicable,0,,
2024-07-11 13:13:00,CNR7306486573,Success,CID301570,Prime Plus,Majestic,Nagarbhavi,245.0,80.0,Not Applicable,Not Applicable,No,Not Applicable,170,Cash,9,3.7,3.6
2024-07-10 10:34:00,CNR8654107455,Success,CID857765,Mini,RT Nagar,Kammanahalli,35.0,120.0,Not Applicable,Not Applicable,No,Not Applicable,340,UPI,36,4.2,4.6
2024-07-01 06:36:00,CNR3819557579,Canceled by Customer,CID483914,Prime SUV,Peenya,Vijayanagar,,,Driver is not moving towards pickup location,Not Applicable,Not Applicable,Not Applicable,252,Not Applicable,0,,
2024-07-12 08:17:00,CNR8279776422,Canceled by Driver,CID675674,Auto,Frazer Town,Kammanahalli,,,Not Applicable,Customer related issue,Not Applicable,Not Applicable,319,Not Applicable,0,,
2024-07-05 00:54:00,CNR2400819336,Success,CID234852,Mini,Chickpet,Sarjapur Road,280.0,80.0,Not Applicable,Not Applicable,No,Not Applicable,931,UPI,14,4.8,4.9
2024-07-23 21:42:00,CNR4482505232,Success,CID757905,Bike,Yelahanka,Devanahalli,77.0,60.0,Not Applicable,Not Applicable,No,Not Applicable,229,Cash,31,3.3,3.8
2024-07-03 15:55:00,CNR8557572100,Success,CID918267,Bike,Bellandur,Majestic,133.0,120.0,Not Applicable,Not Applicable,No,Not Applicable,199,UPI,46,4.3,4.2
2024-07-28 01:10:00,CNR6883644943,Canceled by Customer,CID875398,Bike,Bannerghatta Road,KR Puram,,,AC is Not working,Not Applicable,Not Applicable,Not Applicable,106,Not Applicable,0,,
2024-07-11 10:52:00,CNR4480638757,Driver Not Found,CID343352,Prime Sedan,Devanahalli,Nagarbhavi,,,Not Applicable,Not Applicable,Not Applicable,Not Applicable,331,Not Applicable,0,,
2024-07-11 18:14:00,CNR7462705533,Canceled by Driver,CID877124,Prime SUV,Rajajinagar,KR Puram,,,Not Applicable,More than permitted people in there,Not Applicable,Not Applicable,2971,Not Applicable,0,,
2024-07-18 17:07:00,CNR9214764352,Success,CID782675,Mini,Majestic,Basavanagudi,196.0,120.0,Not Applicable,Not Applicable,No,Not Applicable,496,UPI,12,3.2,4.5
2024-07-28 07:08:00,CNR5661448423,Driver Not Found,CID786581,Prime SUV,Marathahalli,Ramamurthy Nagar,,,Not Applicable,Not Applicable,Not Applicable,Not Applicable,223,Not Applicable,0,,
2024-07-25 00:06:00,CNR6510208927,Success,CID263205,Bike,Yelahanka,RT Nagar,231.0,110.0,Not Applicable,Not Applicable,No,Not Applicable,675,Cash,40,4.3,3.0
2024-07-09 11:16:00,CNR8959734432,Canceled by Driver,CID450073,Prime Plus,HSR Layout,Indiranagar,,,Not Applicable,Personal & Car related issue,Not Applicable,Not Applicable,1004,Not Applicable,0,,
2024-07-15 19:04:00,CNR3949194946,Driver Not Found,CID367670,Prime Plus,Cox Town,Rajajinagar,,,Not Applicable,Not Applicable,Not Applicable,Not Applicable,142,Not Applicable,0,,
2024-07-30 10:05:00,CNR5880204642,Success,CID693873,Bike,HSR Layout,Ulsoor,266.0,90.0,Not Applicable,Not Applicable,No,Not Applicable,428,Cash,15,4.6,3.4
2024-07-07 02:03:00,CNR1223137625,Success,CID678963,Bike,Koramangala,Chamarajpet,266.0,35.0,Not Applicable,Not Applicable,No,Not Applicable,803,Debit Card,33,4.7,4.5
2024-07-22 08:07:00,CNR9582810851,Success,CID222114,Mini,Marathahalli,Tumkur Road,42.0,100.0,Not Applicable,Not Applicable,No,Not Applicable,231,Credit Card,23,3.9,4.4
2024-07-12 22:47:00,CNR2770634960,Canceled by Driver,CID237134,eBike,Indiranagar,Kadugodi,,,Not Applicable,Personal & Car related issue,Not Applicable,Not Applicable,416,Not Applicable,0,,
2024-07-05 01:56:00,CNR1761538771,Success,CID145324,Bike,Hosur Road,Marathahalli,259.0,70.0,Not Applicable,Not Applicable,No,Not Applicable,140,UPI,47,5.0,3.1
2024-07-28 08:18:00,CNR3340779324,Success,CID505045,Prime SUV,Hebbal,Vijayanagar,56.0,30.0,Not Applicable,Not Applicable,No,Not Applicable,467,UPI,5,3.6,3.5
2024-07-25 22:40:00,CNR1725191122,Success,CID354724,Prime Sedan,BTM Layout,Chickpet,112.0,125.0,Not Applicable,Not Applicable,No,Not Applicable,813,UPI,30,4.8,3.9
2024-07-24 17:41:00,CNR4623301490,Canceled by Customer,CID148236,Prime SUV,Bannerghatta Road,MG Road,,,Driver asked to cancel,Not Applicable,Not Applicable,Not Applicable,453,Not Applicable,0,,
2024-07-07 16:26:00,CNR4526803996,Success,CID134033,eBike,Banashankari,Rajajinagar,63.0,30.0,Not Applicable,Not Applicable,Yes,Vehicle Breakdown,341,Cash,5,4.1,3.5
2024-07-13 14:24:00,CNR9180505755,Success,CID592658,Prime Plus,Varthur,Koramangala,42.0,125.0,Not Applicable,Not Applicable,No,Not Applicable,417,Cash,26,3.2,3.6
2024-07-02 20:52:00,CNR9884688260,Success,CID852261,Prime Sedan,Devanahalli,Sarjapur Road,189.0,90.0,Not Applicable,Not Applicable,No,Not Applicable,165,Cash,19,3.1,3.4
2024-07-07 06:56:00,CNR6074381039,Canceled by Customer,CID815298,Mini,Sahakar Nagar,KR Puram,,,Wrong Address,Not Applicable,Not Applicable,Not Applicable,493,Not Applicable,0,,
2024-07-20 10:33:00,CNR5226376643,Success,CID933617,Prime SUV,Magadi Road,Hennur,91.0,80.0,Not Applicable,Not Applicable,No,Not Applicable,254,Cash,6,4.9,3.1
2024-07-23 07:37:00,CNR8385492718,Success,CID430715,Mini,BTM Layout,Sahakar Nagar,308.0,120.0,Not Applicable,Not Applicable,No,Not Applicable,488,UPI,48,3.2,4.0
2024-07-22 17:22:00,CNR3114544472,Success,CID523267,Bike,Tumkur Road,Kengeri,203.0,130.0,Not Applicable,Not Applicable,No,Not Applicable,183,Cash,40,4.0,3.4
2024-07-11 12:36:00,CNR6710975905,Driver Not Found,CID297621,Prime Sedan,Tumkur Road,Shantinagar,,,Not Applicable,Not Applicable,Not Applicable,Not Applicable,189,Not Applicable,0,,
2024-07-05 06:48:00,CNR8468456061,Success,CID772855,Prime SUV,HSR Layout,Shantinagar,119.0,125.0,Not Applicable,Not Applicable,No,Not Applicable,457,UPI,39,3.6,4.1
2024-07-27 20:44:00,CNR2121848971,Success,CID269779,Prime Plus,KR Puram,Bannerghatta Road,77.0,45.0,Not Applicable,Not Applicable,No,Not Applicable,296,Cash,1,3.9,4.8
2024-07-24 05:15:00,CNR2140944967,Success,CID849709,Prime Sedan,Kammanahalli,Banashankari,105.0,65.0,Not Applicable,Not Applicable,No,Not Applicable,482,Cash,14,3.9,4.0
2024-07-30 11:36:00,CNR6155829849,Success,CID240276,Prime SUV,Electronic City,JP Nagar,196.0,115.0,Not Applicable,Not Applicable,No,Not Applicable,492,UPI,19,4.5,4.5
2024-07-27 10:45:00,CNR3781433308,Success,CID704767,Bike,Kammanahalli,Hulimavu,238.0,145.0,Not Applicable,Not Applicable,No,Not Applicable,453,Cash,21,3.1,4.4
2024-07-02 13:39:00,CNR6423706370,Canceled by Customer,CID971863,Prime Sedan,Varthur,RT Nagar,,,Driver asked to cancel,Not Applicable,Not Applicable,Not Applicable,102,Not Applicable,0,,
2024-07-24 15:11:00,CNR5391912649,Canceled by Customer,CID976664,Auto,Indiranagar,Ulsoor,,,Change of plans,Not Applicable,Not Applicable,Not Applicable,414,Not Applicable,0,,
2024-07-02 09:04:00,CNR6946335995,Driver Not Found,CID735935,eBike,Kadugodi,Ulsoor,,,Not Applicable,Not Applicable,Not Applicable,Not Applicable,661,Not Applicable,0,,
2024-07-29 15:52:00,CNR8263023781,Canceled by Driver,CID429458,Auto,Mysore Road,Sarjapur Road,,,Not Applicable,Customer related issue,Not Applicable,Not Applicable,125,Not Applicable,0,,
2024-07-03 09:29:00,CNR3743248409,Success,CID529952,Mini,Devanahalli,Shivajinagar,252.0,45.0,Not Applicable,Not Applicable,No,Not Applicable,729,Cash,20,3.9,3.8
2024-07-30 06:37:00,CNR1776236998,Canceled by Driver,CID328300,Prime Sedan,Bannerghatta Road,Peenya,,,Not Applicable,More than permitted people in there,Not Applicable,Not Applicable,183,Not Applicable,0,,
2024-07-17 21:47:00,CNR6892967523,Canceled by Driver,CID165488,Auto,Peenya,Hennur,,,Not Applicable,Personal & Car related issue,Not Applicable,Not Applicable,484,Not Applicable,0,,
2024-07-11 12:54:00,CNR2008394856,Success,CID751742,Mini,Richmond Town,Jayanagar,63.0,70.0,Not Applicable,Not Applicable,No,Not Applicable,961,Cash,26,3.3,3.5
2024-07-14 12:32:00,CNR1995456346,Success,CID278721,Bike,Sahakar Nagar,Nagarbhavi,182.0,120.0,Not Applicable,Not Applicable,Yes,Customer Demand,936,Cash,34,4.6,4.4
2024-07-16 11:45:00,CNR5891093886,Success,CID572551,Mini,Varthur,Devanahalli,252.0,75.0,Not Applicable,Not Applicable,No,Not Applicable,147,UPI,33,3.5,4.6
2024-07-15 01:57:00,CNR5429444599,Success,CID308668,Bike,Richmond Town,Koramangala,273.0,105.0,Not Applicable,Not Applicable,No,Not Applicable,829,Cash,9,4.2,4.7
2024-07-17 17:56:00,CNR6958707021,Driver Not Found,CID859399,Prime Sedan,Varthur,Kengeri,,,Not Applicable,Not Applicable,Not Applicable,Not Applicable,176,Not Applicable,0,,
2024-07-30 22:59:00,CNR6232950822,Canceled by Driver,CID161908,Prime Plus,Sarjapur Road,Shantinagar,,,Not Applicable,More than permitted people in there,Not Applicable,Not Applicable,747,Not Applicable,0,,
2024-07-19 16:49:00,CNR9125436257,Success,CID298378,Prime Sedan,JP Nagar,JP Nagar,238.0,75.0,Not Applicable,Not Applicable,No,Not Applicable,147,UPI,35,3.1,3.5
2024-07-27 06:42:00,CNR9952995301,Canceled by Customer,CID945428,Prime SUV,Indiranagar,Rajarajeshwari Nagar,,,Wrong Address,Not Applicable,Not Applicable,Not Applicable,103,Not Applicable,0,,
2024-07-27 09:56:00,CNR4597076171,Success,CID736687,Prime Sedan,Mysore Road,Hulimavu,42.0,110.0,Not Applicable,Not Applicable,No,Not Applicable,284,Cash,21,4.8,3.4
2024-07-23 07:46:00,CNR9582943174,Success,CID812194,Mini,Cox Town,Malleshwaram,147.0,75.0,Not Applicable,Not Applicable,No,Not Applicable,130,Cash,12,3.6,3.9
2024-07-11 04:01:00,CNR6133920943,Success,CID924932,Auto,Vijayanagar,RT Nagar,245.0,50.0,Not Applicable,Not Applicable,No,Not Applicable,459,Cash,18,3.5,4.7
2024-07-26 04:54:00,CNR2019230222,Canceled by Driver,CID742104,Prime Sedan,Sahakar Nagar,Kengeri,,,Not Applicable,Customer was coughing/sick,Not Applicable,Not Applicable,437,Not Applicable,0,,
2024-07-08 11:45:00,CNR2189297183,Success,CID753949,Mini,Peenya,Ramamurthy Nagar,98.0,25.0,Not Applicable,Not Applicable,No,Not Applicable,915,Cash,12,3.2,4.7
2024-07-12 07:13:00,CNR2788309329,Success,CID487872,Auto,Padmanabhanagar,Kammanahalli,266.0,145.0,Not Applicable,Not Applicable,No,Not Applicable,201,UPI,3,4.7,3.0
2024-07-20 13:52:00,CNR5377340120,Canceled by Driver,CID492057,Prime Plus,Frazer Town,Malleshwaram,,,Not Applicable,Personal & Car related issue,Not Applicable,Not Applicable,1370,Not Applicable,0,,
2024-07-24 12:22:00,CNR1270206348,Success,CID283710,Prime SUV,Hosur Road,Cox Town,70.0,120.0,Not Applicable,Not Applicable,No,Not Applicable,344,Cash,9,4.5,3.5
2024-07-05 20:50:00,CNR9590342883,Canceled by Driver,CID740367,Auto,Mysore Road,HSR Layout,,,Not Applicable,Customer related issue,Not Applicable,Not Applicable,312,Not Applicable,0,,
2024-07-03 09:58:00,CNR4701219615,Success,CID804635,Prime Sedan,Kadugodi,Chickpet,287.0,95.0,Not Applicable,Not Applicable,No,Not Applicable,437,Cash,9,4.2,3.2
2024-07-30 15:34:00,CNR7811238759,Canceled by Driver,CID748581,Auto,Devanahalli,Sarjapur Road,,,Not Applicable,Customer related issue,Not Applicable,Not Applicable,182,Not Applicable,0,,
2024-07-29 04:23:00,CNR1168213135,Canceled by Customer,CID468550,Prime SUV,Shivajinagar,Kadugodi,,,AC is Not working,Not Applicable,Not Applicable,Not Applicable,501,Not Applicable,0,,
2024-07-29 12:58:00,CNR1002425933,Success,CID305239,Prime Sedan,Koramangala,Vijayanagar,91.0,110.0,Not Applicable,Not Applicable,No,Not Applicable,978,Cash,17,3.9,3.6
2024-07-29 13:53:00,CNR6457422616,Success,CID640112,Prime SUV,Richmond Town,Chamarajpet,259.0,55.0,Not Applicable,Not Applicable,No,Not Applicable,1291,UPI,28,4.0,4.7
2024-07-18 02:12:00,CNR8696181141,Success,CID681783,eBike,Vijayanagar,Chamarajpet,294.0,40.0,Not Applicable,Not Applicable,No,Not Applicable,404,Cash,41,3.4,3.4
2024-07-12 08:01:00,CNR6576468368,Success,CID328205,Bike,Kengeri,Indiranagar,210.0,60.0,Not Applicable,Not Applicable,No,Not Applicable,315,UPI,42,4.3,4.2
2024-07-15 07:31:00,CNR3256373898,Success,CID286572,Bike,Whitefield,HSR Layout,35.0,60.0,Not Applicable,Not Applicable,Yes,Customer Demand,203,UPI,34,3.9,4.8
2024-07-27 10:31:00,CNR1219085257,Success,CID914789,Auto,Marathahalli,Bellandur,56.0,140.0,Not Applicable,Not Applicable,No,Not Applicable,1489,Cash,1,4.5,3.9
2024-07-19 17:11:00,CNR8379714455,Canceled by Customer,CID400554,Prime Sedan,Hennur,Langford Town,,,Change of plans,Not Applicable,Not Applicable,Not Applicable,206,Not Applicable,0,,
2024-07-17 03:03:00,CNR9383857162,Success,CID287572,eBike,Yelahanka,Padmanabhanagar,154.0,30.0,Not Applicable,Not Applicable,No,Not Applicable,329,Cash,24,4.0,4.3
2024-07-14 16:41:00,CNR3442543610,Canceled by Driver,CID797737,Mini,Whitefield,Shivajinagar,,,Not Applicable,More than permitted people in there,Not Applicable,Not Applicable,650,Not Applicable,0,,
2024-07-11 23:35:00,CNR9858108206,Success,CID411998,Mini,Kadugodi,Malleshwaram,203.0,110.0,Not Applicable,Not Applicable,No,Not Applicable,956,UPI,10,4.3,3.2
2024-07-25 02:41:00,CNR2932583900,Canceled by Customer,CID743759,Prime SUV,JP Nagar,Chickpet,,,Driver is not moving towards pickup location,Not Applicable,Not Applicable,Not Applicable,812,Not Applicable,0,,
2024-07-12 10:44:00,CNR5457969005,Success,CID597407,Bike,Chamarajpet,Richmond Town,259.0,50.0,Not Applicable,Not Applicable,No,Not Applicable,2647,Cash,2,3.3,3.1
2024-07-26 16:15:00,CNR6459292636,Success,CID199266,eBike,Richmond Town,Ramamurthy Nagar,98.0,130.0,Not Applicable,Not Applicable,No,Not Applicable,412,UPI,43,4.0,3.8
2024-07-13 17:30:00,CNR2744046702,Driver Not Found,CID946656,Prime SUV,JP Nagar,Majestic,,,Not Applicable,Not Applicable,Not Applicable,Not Applicable,869,Not Applicable,0,,
2024-07-30 16:24:00,CNR4931937708,Success,CID712244,Prime Sedan,Yeshwanthpur,Yelahanka,70.0,55.0,Not Applicable,Not Applicable,Yes,Vehicle Breakdown,1376,Cash,42,3.2,3.6
2024-07-17 03:31:00,CNR6974985262,Canceled by Driver,CID284626,Prime SUV,Indiranagar,Varthur,,,Not Applicable,Customer related issue,Not Applicable,Not Applicable,208,Not Applicable,0,,
2024-07-04 05:31:00,CNR4842050759,Success,CID965997,eBike,Kammanahalli,Whitefield,35.0,35.0,Not Applicable,Not Applicable,No,Not Applicable,192,UPI,47,4.5,3.8
2024-07-28 17:18:00,CNR3539975502,Success,CID689191,Bike,Mysore Road,Kammanahalli,266.0,90.0,Not Applicable,Not Applicable,No,Not Applicable,866,Cash,6,3.4,3.4
2024-07-15 02:48:00,CNR4580649553,Success,CID697311,eBike,HSR Layout,Yeshwanthpur,224.0,125.0,Not Applicable,Not Applicable,No,Not Applicable,120,Credit Card,47,4.5,4.6
2024-07-13 15:04:00,CNR8545917296,Success,CID738391,eBike,Bannerghatta Road,Banashankari,49.0,125.0,Not Applicable,Not Applicable,No,Not Applicable,401,Cash,17,3.1,4.2
2024-07-22 08:39:00,CNR7880963894,Success,CID978854,Bike,Mysore Road,Majestic,168.0,100.0,Not Applicable,Not Applicable,No,Not Applicable,280,UPI,45,4.2,3.3
2024-07-18 10:34:00,CNR5851560426,Success,CID341845,Bike,Peenya,Padmanabhanagar,266.0,60.0,Not Applicable,Not Applicable,No,Not Applicable,300,Cash,29,4.1,3.2
2024-07-23 21:16:00,CNR3296944045,Success,CID687328,Mini,Magadi Road,Rajajinagar,210.0,60.0,Not Applicable,Not Applicable,Yes,Vehicle Breakdown,747,Cash,18,4.1,3.5
2024-07-03 00:30:00,CNR3381500081,Success,CID415326,Prime Plus,Kengeri,Kadugodi,308.0,140.0,Not Applicable,Not Applicable,No,Not Applicable,844,UPI,38,4.2,3.2
2024-07-19 03:51:00,CNR3504814556,Canceled by Customer,CID346258,eBike,Electronic City,Cox Town,,,Driver asked to cancel,Not Applicable,Not Applicable,Not Applicable,768,Not Applicable,0,,
2024-07-07 09:04:00,CNR4970567626,Canceled by Customer,CID802623,Prime Plus,Kadugodi,Sahakar Nagar,,,Change of plans,Not Applicable,Not Applicable,Not Applicable,191,Not Applicable,0,,
2024-07-25 21:18:00,CNR2469891787,Success,CID809632,Bike,Electronic City,Hosur Road,287.0,75.0,Not Applicable,Not Applicable,No,Not Applicable,154,Cash,34,4.1,4.6
2024-07-02 00:33:00,CNR5066467496,Success,CID626813,Auto,Chickpet,Bannerghatta Road,126.0,55.0,Not Applicable,Not Applicable,No,Not Applicable,1422,Credit Card,15,3.9,3.6
2024-07-13 20:59:00,CNR2078666797,Canceled by Customer,CID103035,Prime Sedan,Vijayanagar,MG Road,,,Change of plans,Not Applicable,Not Applicable,Not Applicable,282,Not Applicable,0,,
2024-07-22 15:06:00,CNR7635013316,Success,CID286239,Mini,Bellandur,Devanahalli,63.0,140.0,Not Applicable,Not Applicable,No,Not Applicable,122,UPI,6,4.8,3.3
2024-07-29 03:45:00,CNR8490201066,Canceled by Driver,CID576402,Prime Sedan,Electronic City,Tumkur Road,,,Not Applicable,More than permitted people in there,Not Applicable,Not Applicable,308,Not Applicable,0,,
2024-07-26 07:00:00,CNR3453856215,Success,CID666538,Auto,Langford Town,Devanahalli,63.0,120.0,Not Applicable,Not Applicable,No,Not Applicable,361,Cash,18,3.4,4.5
2024-07-12 06:15:00,CNR7489725374,Canceled by Driver,CID901018,eBike,Chickpet,Kengeri,,,Not Applicable,Personal & Car related issue,Not Applicable,Not Applicable,134,Not Applicable,0,,
2024-07-30 03:51:00,CNR4951255828,Success,CID575746,Bike,Marathahalli,Basavanagudi,217.0,95.0,Not Applicable,Not Applicable,No,Not Applicable,103,Credit Card,29,3.4,3.3
2024-07-20 00:38:00,CNR3804864450,Canceled by Customer,CID585148,Mini,Basavanagudi,Basavanagudi,,,Driver is not moving towards pickup location,Not Applicable,Not Applicable,Not Applicable,209,Not Applicable,0,,
2024-07-10 13:07:00,CNR6916636585,Success,CID532083,eBike,Koramangala,Padmanabhanagar,280.0,90.0,Not Applicable,Not Applicable,No,Not Applicable,208,Cash,28,4.4,4.2
2024-07-19 15:45:00,CNR7081030721,Success,CID314107,Prime SUV,BTM Layout,Mysore Road,84.0,35.0,Not Applicable,Not Applicable,No,Not Applicable,940,UPI,49,4.4,3.6
2024-07-23 21:57:00,CNR3799833733,Driver Not Found,CID654655,Prime Sedan,BTM Layout,Marathahalli,,,Not Applicable,Not Applicable,Not Applicable,Not Applicable,284,Not Applicable,0,,
2024-07-01 18:16:00,CNR1755421861,Success,CID711202,Auto,Frazer Town,Chamarajpet,224.0,135.0,Not Applicable,Not Applicable,No,Not Applicable,361,Cash,8,3.7,4.7
2024-07-11 11:06:00,CNR4500393616,Success,CID791349,eBike,Padmanabhanagar,Ramamurthy Nagar,175.0,125.0,Not Applicable,Not Applicable,No,Not Applicable,443,UPI,26,4.2,3.3
2024-07-06 09:27:00,CNR8083590284,Success,CID895995,eBike,RT Nagar,HSR Layout,301.0,70.0,Not Applicable,Not Applicable,No,Not Applicable,362,UPI,23,3.7,4.7
2024-07-11 15:20:00,CNR6305430613,Driver Not Found,CID634064,Auto,Whitefield,Shantinagar,,,Not Applicable,Not Applicable,Not Applicable,Not Applicable,2525,Not Applicable,0,,
2024-07-10 17:07:00,CNR1491096639,Success,CID988485,Prime Plus,Cox Town,JP Nagar,161.0,145.0,Not Applicable,Not Applicable,No,Not Applicable,268,UPI,19,4.5,3.5
2024-07-27 17:23:00,CNR2982161910,Success,CID925367,Mini,Kammanahalli,Varthur,210.0,85.0,Not Applicable,Not Applicable,No,Not Applicable,899,UPI,26,3.7,4.8
2024-07-22 06:13:00,CNR1914711885,Canceled by Driver,CID374473,Prime SUV,Devanahalli,Basavanagudi,,,Not Applicable,Personal & Car related issue,Not Applicable,Not Applicable,900,Not Applicable,0,,
2024-07-24 00:15:00,CNR6743076863,Success,CID786232,Prime Plus,Ramamurthy Nagar,Vijayanagar,161.0,140.0,Not Applicable,Not Applicable,No,Not Applicable,1343,Cash,16,3.2,3.7
2024-07-07 06:38:00,CNR5430371034,Canceled by Driver,CID240294,Bike,Koramangala,Banashankari,,,Not Applicable,Customer related issue,Not Applicable,Not Applicable,181,Not Applicable,0,,
2024-07-15 14:26:00,CNR6113433222,Success,CID792902,eBike,BTM Layout,Sarjapur Road,140.0,145.0,Not Applicable,Not Applicable,No,Not Applicable,135,Cash,11,4.9,3.7
2024-07-03 00:36:00,CNR3771380298,Success,CID740687,Prime Plus,Cox Town,Devanahalli,63.0,95.0,Not Applicable,Not Applicable,No,Not Applicable,137,Debit Card,16,3.9,3.5
2024-07-20 15:11:00,CNR8114130797,Canceled by Driver,CID828860,Bike,Bannerghatta Road,Padmanabhanagar,,,Not Applicable,Customer was coughing/sick,Not Applicable,Not Applicable,159,Not Applicable,0,,
2024-07-26 07:15:00,CNR9750220209,Success,CID983858,eBike,Shantinagar,Cox Town,84.0,50.0,Not Applicable,Not Applicable,No,Not Applicable,300,UPI,27,4.6,4.9
2024-07-30 14:52:00,CNR1669418368,Success,CID918457,Auto,Hosur Road,Padmanabhanagar,287.0,30.0,Not Applicable,Not Applicable,No,Not Applicable,968,UPI,13,3.5,4.6
2024-07-04 11:50:00,CNR6775552227,Success,CID957230,Prime Sedan,Indiranagar,Tumkur Road,238.0,95.0,Not Applicable,Not Applicable,Yes,Other Issue,729,Cash,36,4.3,4.2
2024-07-10 21:57:00,CNR2090612385,Success,CID846251,eBike,Malleshwaram,Yeshwanthpur,126.0,50.0,Not Applicable,Not Applicable,No,Not Applicable,292,Cash,12,3.8,3.1
2024-07-10 03:18:00,CNR3198061809,Canceled by Driver,CID590291,Prime Plus,Bannerghatta Road,Chamarajpet,,,Not Applicable,Customer was coughing/sick,Not Applicable,Not Applicable,349,Not Applicable,0,,
2024-07-09 11:37:00,CNR2226302243,Success,CID957789,Mini,Shantinagar,Kammanahalli,308.0,45.0,Not Applicable,Not Applicable,No,Not Applicable,488,Cash,39,4.7,4.6
2024-07-08 00:01:00,CNR5488611826,Canceled by Driver,CID662621,Prime SUV,Sahakar Nagar,Majestic,,,Not Applicable,Customer related issue,Not Applicable,Not Applicable,191,Not Applicable,0,,
2024-07-23 08:32:00,CNR7490550454,Canceled by Driver,CID662889,Prime Sedan,JP Nagar,Varthur,,,Not Applicable,More than permitted people in there,Not Applicable,Not Applicable,237,Not Applicable,0,,
2024-07-08 01:46:00,CNR4978683466,Success,CID477853,Mini,KR Puram,Electronic City,308.0,90.0,Not Applicable,Not Applicable,No,Not Applicable,500,Cash,5,4.4,4.4
2024-07-01 07:18:00,CNR2239758272,Canceled by Driver,CID963881,Auto,Hulimavu,Banashankari,,,Not Applicable,More than permitted people in there,Not Applicable,Not Applicable,558,Not Applicable,0,,
2024-07-23 23:51:00,CNR3513928902,Canceled by Driver,CID438291,Auto,JP Nagar,BTM Layout,,,Not Applicable,Personal & Car related issue,Not Applicable,Not Applicable,742,Not Applicable,0,,
2024-07-17 15:05:00,CNR8718145701,Success,CID656887,Mini,Jayanagar,Mysore Road,154.0,65.0,Not Applicable,Not Applicable,No,Not Applicable,898,UPI,1,3.3,3.1
2024-07-30 06:47:00,CNR2960292921,Canceled by Driver,CID598591,Prime Plus,Rajajinagar,Hulimavu,,,Not Applicable,Customer was coughing/sick,Not Applicable,Not Applicable,280,Not Applicable,0,,
2024-07-03 20:49:00,CNR2483463339,Success,CID392887,eBike,Kammanahalli,Electronic City,119.0,60.0,Not Applicable,Not Applicable,No,Not Applicable,382,Cash,13,3.5,4.8
2024-07-17 05:13:00,CNR7315597410,Success,CID975584,Bike,Tumkur Road,Yelahanka,56.0,100.0,Not Applicable,Not Applicable,No,Not Applicable,951,Cash,9,4.0,4.3
2024-07-26 11:44:00,CNR3492098331,Success,CID973566,Auto,Shivajinagar,RT Nagar,161.0,60.0,Not Applicable,Not Applicable,No,Not Applicable,259,Cash,17,3.3,3.1
2024-07-25 15:32:00,CNR9115150187,Success,CID654410,Prime Sedan,Kammanahalli,Jayanagar,182.0,50.0,Not Applicable,Not Applicable,Yes,Other Issue,2510,UPI,38,4.5,3.9
2024-07-21 03:30:00,CNR4113382235,Canceled by Driver,CID371502,Auto,Langford Town,Frazer Town,,,Not Applicable,Customer was coughing/sick,Not Applicable,Not Applicable,185,Not Applicable,0,,
2024-07-02 00:42:00,CNR9730587337,Driver Not Found,CID956343,Mini,Chamarajpet,Bellandur,,,Not Applicable,Not Applicable,Not Applicable,Not Applicable,459,Not Applicable,0,,
2024-07-04 22:15:00,CNR9800842295,Success,CID790091,Prime SUV,Hosur Road,Langford Town,154.0,55.0,Not Applicable,Not Applicable,No,Not Applicable,189,Cash,41,4.0,4.1
2024-07-06 04:58:00,CNR3104416099,Canceled by Customer,CID229718,Prime Sedan,Kadugodi,Sarjapur Road,,,Driver asked to cancel,Not Applicable,Not Applicable,Not Applicable,321,Not Applicable,0,,
2024-07-03 10:19:00,CNR5118519158,Canceled by Customer,CID528821,Bike,Sarjapur Road,Sarjapur Road,,,Driver is not moving towards pickup location,Not Applicable,Not Applicable,Not Applicable,1199,Not Applicable,0,,
2024-07-06 09:04:00,CNR8090283509,Success,CID123452,Bike,Hosur Road,RT Nagar,196.0,30.0,Not Applicable,Not Applicable,No,Not Applicable,2728,Cash,37,3.1,3.5
2024-07-02 11:21:00,CNR2210935922,Canceled by Driver,CID797946,Auto,Vijayanagar,Padmanabhanagar,,,Not Applicable,Customer related issue,Not Applicable,Not Applicable,699,Not Applicable,0,,
2024-07-25 16:14:00,CNR8723735103,Success,CID489241,Prime SUV,Peenya,Whitefield,56.0,100.0,Not Applicable,Not Applicable,No,Not Applicable,577,UPI,7,4.0,4.5
2024-07-19 13:30:00,CNR8225042519,Success,CID136370,Auto,Kadugodi,Banashankari,231.0,120.0,Not Applicable,Not Applicable,No,Not Applicable,563,UPI,1,4.4,3.8
2024-07-16 04:51:00,CNR9860697846,Canceled by Customer,CID619658,eBike,Varthur,Sarjapur Road,,,AC is Not working,Not Applicable,Not Applicable,Not Applicable,207,Not Applicable,0,,
2024-07-08 18:19:00,CNR2802864071,Success,CID345527,Prime Sedan,Majestic,Koramangala,231.0,90.0,Not Applicable,Not Applicable,No,Not Applicable,167,UPI,49,3.5,3.1
2024-07-21 05:53:00,CNR8695942246,Driver Not Found,CID180268,Prime SUV,Ulsoor,Frazer Town,,,Not Applicable,Not Applicable,Not Applicable,Not Applicable,789,Not Applicable,0,,
2024-07-04 02:56:00,CNR3357444256,Success,CID240396,Prime SUV,Mysore Road,Richmond Town,245.0,105.0,Not Applicable,Not Applicable,No,Not Applicable,2270,UPI,42,3.4,4.3
2024-07-04 11:41:00,CNR5408278778,Driver Not Found,CID502798,Auto,Marathahalli,BTM Layout,,,Not Applicable,Not Applicable,Not Applicable,Not Applicable,122,Not Applicable,0,,
2024-07-10 18:23:00,CNR9543630401,Success,CID456246,Prime Plus,Jayanagar,Sahakar Nagar,224.0,35.0,Not Applicable,Not Applicable,No,Not Applicable,609,Cash,41,4.4,5.0
2024-07-20 21:48:00,CNR2946608503,Canceled by Driver,CID208672,Mini,Vijayanagar,Electronic City,,,Not Applicable,Customer related issue,Not Applicable,Not Applicable,233,Not Applicable,0,,
2024-07-10 20:27:00,CNR5932315714,Success,CID427448,eBike,Vijayanagar,Koramangala,84.0,95.0,Not Applicable,Not Applicable,No,Not Applicable,423,Cash,17,3.3,4.7
2024-07-13 12:26:00,CNR6276687969,Success,CID937535,Prime Sedan,Hebbal,Ramamurthy Nagar,238.0,105.0,Not Applicable,Not Applicable,No,Not Applicable,277,Cash,1,4.7,4.0
2024-07-04 01:17:00,CNR4119727948,Success,CID644316,Prime SUV,Shivajinagar,Peenya,105.0,140.0,Not Applicable,Not Applicable,Yes,Customer Demand,952,UPI,17,3.3,4.5
2024-07-27 15:01:00,CNR7155655318,Canceled by Customer,CID115120,Bike,Ulsoor,Devanahalli,,,Driver is not moving towards pickup location,Not Applicable,Not Applicable,Not Applicable,243,Not Applicable,0,,
2024-07-13 17:11:00,CNR6088141229,Driver Not Found,CID786525,Bike,Hulimavu,Whitefield,,,Not Applicable,Not Applicable,Not Applicable,Not Applicable,243,Not Applicable,0,,
2024-07-12 09:28:00,CNR5660313242,Success,CID308653,Auto,Indiranagar,Varthur,98.0,120.0,Not Applicable,Not Applicable,No,Not Applicable,497,UPI,13,4.8,3.5
2024-07-04 00:53:00,CNR5120368353,Success,CID244650,eBike,Kengeri,Jayanagar,133.0,85.0,Not Applicable,Not Applicable,No,Not Applicable,475,Cash,6,4.5,4.6
2024-07-09 19:23:00,CNR7345220838,Success,CID668171,Bike,Magadi Road,Bannerghatta Road,91.0,135.0,Not Applicable,Not Applicable,No,Not Applicable,334,Cash,34,4.4,4.8
2024-07-01 23:10:00,CNR5299626744,Canceled by Driver,CID635647,Prime SUV,Electronic City,BTM Layout,,,Not Applicable,Customer related issue,Not Applicable,Not Applicable,156,Not Applicable,0,,
2024-07-23 01:49:00,CNR8173860028,Success,CID702192,Bike,Basavanagudi,RT Nagar,147.0,110.0,Not Applicable,Not Applicable,No,Not Applicable,407,Cash,7,4.3,3.6
2024-07-22 20:59:00,CNR4052588110,Success,CID588220,Prime Sedan,Magadi Road,HSR Layout,42.0,130.0,Not Applicable,Not Applicable,No,Not Applicable,377,UPI,45,3.0,4.2
2024-07-07 13:50:00,CNR2434079877,Success,CID730798,Prime SUV,Marathahalli,Sarjapur Road,308.0,100.0,Not Applicable,Not Applicable,No,Not Applicable,101,Cash,22,3.9,3.3
2024-07-11 07:43:00,CNR5325202542,Canceled by Customer,CID131557,Prime Plus,Basavanagudi,Sarjapur Road,,,Driver asked to cancel,Not Applicable,Not Applicable,Not Applicable,304,Not Applicable,0,,
2024-07-20 05:49:00,CNR2284387654,Success,CID495504,Bike,HSR Layout,Mysore Road,189.0,115.0,Not Applicable,Not Applicable,No,Not Applicable,285,UPI,29,4.2,3.4
2024-07-15 20:21:00,CNR8507418183,Success,CID523602,eBike,Malleshwaram,Electronic City,56.0,85.0,Not Applicable,Not Applicable,No,Not Applicable,948,Cash,29,3.4,4.5
2024-07-19 16:59:00,CNR3324408841,Success,CID502713,Prime SUV,Koramangala,Tumkur Road,126.0,120.0,Not Applicable,Not Applicable,No,Not Applicable,202,Cash,13,4.4,3.1
2024-07-21 02:33:00,CNR8523796522,Success,CID880558,Mini,Shantinagar,Tumkur Road,133.0,65.0,Not Applicable,Not Applicable,No,Not Applicable,419,Cash,49,3.6,3.9
2024-07-13 18:14:00,CNR9002428177,Success,CID111402,eBike,Bannerghatta Road,Yeshwanthpur,245.0,80.0,Not Applicable,Not Applicable,No,Not Applicable,652,Cash,46,4.5,4.0
2024-07-09 06:59:00,CNR8868586713,Canceled by Driver,CID916802,Prime Sedan,Bannerghatta Road,Richmond Town,,,Not Applicable,Personal & Car related issue,Not Applicable,Not Applicable,1449,Not Applicable,0,,
2024-07-16 03:20:00,CNR6383754055,Success,CID440575,Mini,Nagarbhavi,Padmanabhanagar,266.0,75.0,Not Applicable,Not Applicable,No,Not Applicable,2997,UPI,19,4.4,3.7
2024-07-12 23:13:00,CNR9657173652,Success,CID825927,eBike,Ulsoor,Mysore Road,182.0,25.0,Not Applicable,Not Applicable,No,Not Applicable,136,Cash,48,4.5,3.8
2024-07-29 12:19:00,CNR8978485293,Canceled by Driver,CID401001,Prime Plus,Malleshwaram,JP Nagar,,,Not Applicable,Personal & Car related issue,Not Applicable,Not Applicable,215,Not Applicable,0,,
2024-07-29 03:41:00,CNR3532383040,Canceled by Customer,CID147444,Prime SUV,Cox Town,Jayanagar,,,Driver is not moving towards pickup location,Not Applicable,Not Applicable,Not Applicable,292,Not Applicable,0,,
2024-07-14 20:22:00,CNR4773320755,Driver Not Found,CID629057,Mini,KR Puram,Langford Town,,,Not Applicable,Not Applicable,Not Applicable,Not Applicable,601,Not Applicable,0,,
2024-07-23 15:42:00,CNR4911056451,Canceled by Customer,CID659226,eBike,Kadugodi,Rajajinagar,,,Driver asked to cancel,Not Applicable,Not Applicable,Not Applicable,1181,Not Applicable,0,,
2024-07-16 19:55:00,CNR9701936443,Success,CID704875,eBike,Richmond Town,Majestic,77.0,145.0,Not Applicable,Not Applicable,No,Not Applicable,349,UPI,38,3.2,4.5
2024-07-08 05:21:00,CNR7557621965,Canceled by Customer,CID713573,Bike,Langford Town,Frazer Town,,,Driver asked to cancel,Not Applicable,Not Applicable,Not Applicable,128,Not Applicable,0,,
2024-07-26 07:18:00,CNR9173333278,Success,CID158993,Auto,Kadugodi,Hulimavu,280.0,85.0,Not Applicable,Not Applicable,No,Not Applicable,388,Cash,2,3.5,5.0
2024-07-08 19:35:00,CNR7420916552,Success,CID440941,Prime Plus,Richmond Town,Richmond Town,147.0,110.0,Not Applicable,Not Applicable,No,Not Applicable,321,UPI,5,3.2,3.1
2024-07-18 15:33:00,CNR6732091807,Success,CID216935,Prime SUV,Rajarajeshwari Nagar,Indiranagar,140.0,125.0,Not Applicable,Not Applicable,No,Not Applicable,349,UPI,41,4.3,4.6
2024-07-12 04:14:00,CNR9992967151,Success,CID419834,Bike,Chickpet,Koramangala,231.0,35.0,Not Applicable,Not Applicable,No,Not Applicable,248,UPI,19,4.0,3.8
2024-07-15 22:37:00,CNR7959938216,Success,CID633030,Auto,Whitefield,Hulimavu,266.0,55.0,Not Applicable,Not Applicable,No,Not Applicable,934,Cash,1,4.9,4.5
2024-07-04 15:44:00,CNR2798898425,Success,CID585766,Prime SUV,Electronic City,Jayanagar,238.0,145.0,Not Applicable,Not Applicable,No,Not Applicable,312,UPI,34,3.1,4.1
2024-07-17 23:37:00,CNR6498136574,Success,CID353027,Auto,Banashankari,Langford Town,140.0,125.0,Not Applicable,Not Applicable,No,Not Applicable,193,UPI,18,4.6,4.2
2024-07-23 05:54:00,CNR5125579225,Driver Not Found,CID909018,Mini,Vijayanagar,Devanahalli,,,Not Applicable,Not Applicable,Not Applicable,Not Applicable,433,Not Applicable,0,,
2024-07-13 20:19:00,CNR2993426301,Success,CID711435,Prime Sedan,Rajarajeshwari Nagar,RT Nagar,70.0,30.0,Not Applicable,Not Applicable,No,Not Applicable,1374,UPI,12,4.9,3.0
2024-07-16 15:28:00,CNR1673106883,Success,CID801601,Bike,Devanahalli,Devanahalli,91.0,80.0,Not Applicable,Not Applicable,No,Not Applicable,310,Cash,18,4.6,4.3
2024-07-24 23:12:00,CNR2934454144,Canceled by Customer,CID694122,Mini,Sahakar Nagar,Kadugodi,,,Driver is not moving towards pickup location,Not Applicable,Not Applicable,Not Applicable,1836,Not Applicable,0,,
2024-07-03 14:58:00,CNR1658193293,Success,CID612690,Auto,BTM Layout,Kengeri,238.0,120.0,Not Applicable,Not Applicable,No,Not Applicable,303,Cash,18,4.3,4.4
2024-07-30 03:33:00,CNR5222698658,Driver Not Found,CID830360,Prime SUV,Magadi Road,Cox Town,,,Not Applicable,Not Applicable,Not Applicable,Not Applicable,1210,Not Applicable,0,,
2024-07-12 05:13:00,CNR6688391445,Canceled by Customer,CID163240,Prime Plus,RT Nagar,Sahakar Nagar,,,Driver asked to cancel,Not Applicable,Not Applicable,Not Applicable,265,Not Applicable,0,,
2024-07-21 22:53:00,CNR2547353427,Success,CID670295,Mini,Ulsoor,Shantinagar,308.0,45.0,Not Applicable,Not Applicable,No,Not Applicable,338,UPI,13,4.3,3.1
2024-07-16 16:07:00,CNR8475833901,Success,CID375226,eBike,Shantinagar,Nagarbhavi,280.0,80.0,Not Applicable,Not Applicable,No,Not Applicable,143,UPI,30,3.6,4.9
2024-07-30 15:32:00,CNR1151175554,Success,CID200907,Prime Sedan,KR Puram,Langford Town,224.0,45.0,Not Applicable,Not Applicable,No,Not Applicable,503,UPI,42,4.5,3.8
2024-07-16 03:39:00,CNR1803952653,Success,CID423169,Prime Plus,Frazer Town,Sarjapur Road,196.0,145.0,Not Applicable,Not Applicable,No,Not Applicable,237,Cash,47,3.0,3.2
2024-07-30 04:55:00,CNR1045883532,Driver Not Found,CID709206,Prime SUV,Malleshwaram,Hosur Road,,,Not Applicable,Not Applicable,Not Applicable,Not Applicable,219,Not Applicable,0,,
2024-07-12 18:20:00,CNR5627750743,Success,CID610601,eBike,Shivajinagar,Banashankari,182.0,75.0,Not Applicable,Not Applicable,No,Not Applicable,1520,Cash,22,4.9,4.5
2024-07-26 09:25:00,CNR2935621742,Driver Not Found,CID577196,Bike,Hebbal,Marathahalli,,,Not Applicable,Not Applicable,Not Applicable,Not Applicable,374,Not Applicable,0,,
2024-07-23 16:09:00,CNR1688103754,Success,CID951541,Prime SUV,Chamarajpet,Vijayanagar,140.0,85.0,Not Applicable,Not Applicable,No,Not Applicable,242,Cash,11,3.4,4.9
2024-07-10 15:04:00,CNR2158293286,Driver Not Found,CID445267,Prime SUV,Majestic,Magadi Road,,,Not Applicable,Not Applicable,Not Applicable,Not Applicable,416,Not Applicable,0,,
2024-07-02 16:50:00,CNR5120542602,Canceled by Customer,CID916357,Prime SUV,Banashankari,Chamarajpet,,,Driver asked to cancel,Not Applicable,Not Applicable,Not Applicable,574,Not Applicable,0,,
2024-07-09 02:11:00,CNR3576135364,Canceled by Customer,CID345668,eBike,Kammanahalli,Kammanahalli,,,Driver is not moving towards pickup location,Not Applicable,Not Applicable,Not Applicable,324,Not Applicable,0,,
2024-07-11 22:57:00,CNR6477276259,Success,CID211063,Mini,BTM Layout,RT Nagar,63.0,90.0,Not Applicable,Not Applicable,No,Not Applicable,252,Cash,33,3.9,3.9
2024-07-08 18:18:00,CNR1565291804,Success,CID508609,eBike,Malleshwaram,Padmanabhanagar,301.0,35.0,Not Applicable,Not Applicable,No,Not Applicable,404,Cash,31,3.4,4.6
2024-07-11 20:20:00,CNR6500747463,Canceled by Driver,CID126285,Bike,Ulsoor,Peenya,,,Not Applicable,Personal & Car related issue,Not Applicable,Not Applicable,639,Not Applicable,0,,
2024-07-03 01:10:00,CNR7080776006,Success,CID817463,Prime Plus,Banashankari,Hulimavu,70.0,120.0,Not Applicable,Not Applicable,No,Not Applicable,467,UPI,18,4.3,3.8
2024-07-26 03:44:00,CNR7418534273,Canceled by Customer,CID935464,Auto,Shivajinagar,Malleshwaram,,,Driver is not moving towards pickup location,Not Applicable,Not Applicable,Not Applicable,246,Not Applicable,0,,
2024-07-26 18:31:00,CNR6684669272,Success,CID555246,Prime Plus,Majestic,Bellandur,294.0,85.0,Not Applicable,Not Applicable,No,Not Applicable,927,Cash,16,4.6,4.3
2024-07-28 05:51:00,CNR7837617655,Success,CID785597,Prime Sedan,Rajajinagar,RT Nagar,182.0,90.0,Not Applicable,Not Applicable,No,Not Applicable,380,Cash,31,4.8,4.8
2024-07-06 17:14:00,CNR1832156869,Success,CID659879,Prime SUV,RT Nagar,Sahakar Nagar,84.0,25.0,Not Applicable,Not Applicable,No,Not Applicable,876,Cash,9,4.1,3.2
2024-07-23 22:46:00,CNR7771521271,Canceled by Customer,CID788380,Prime Plus,Indiranagar,Yelahanka,,,Change of plans,Not Applicable,Not Applicable,Not Applicable,210,Not Applicable,0,,
2024-07-15 19:46:00,CNR1810686933,Driver Not Found,CID971240,Auto,Electronic City,Vijayanagar,,,Not Applicable,Not Applicable,Not Applicable,Not Applicable,246,Not Applicable,0,,
2024-07-05 16:37:00,CNR2251738457,Success,CID274960,Bike,Devanahalli,Richmond Town,245.0,50.0,Not Applicable,Not Applicable,No,Not Applicable,960,UPI,11,3.3,3.5
2024-07-23 10:20:00,CNR9146575552,Driver Not Found,CID246845,Prime SUV,BTM Layout,Electronic City,,,Not Applicable,Not Applicable,Not Applicable,Not Applicable,870,Not Applicable,0,,
2024-07-15 23:20:00,CNR7112416858,Success,CID850853,Auto,Bellandur,Electronic City,98.0,65.0,Not Applicable,Not Applicable,No,Not Applicable,941,Cash,10,4.7,3.5
2024-07-17 08:11:00,CNR4632910179,Success,CID116178,Prime Sedan,Bellandur,Mysore Road,154.0,35.0,Not Applicable,Not Applicable,No,Not Applicable,631,UPI,29,4.4,3.5
2024-07-13 01:47:00,CNR9004328241,Success,CID173224,Prime Sedan,Kammanahalli,Hebbal,56.0,50.0,Not Applicable,Not Applicable,No,Not Applicable,199,Cash,27,4.7,3.3
2024-07-08 13:05:00,CNR9832214381,Canceled by Driver,CID855401,Auto,Majestic,Magadi Road,,,Not Applicable,Personal & Car related issue,Not Applicable,Not Applicable,324,Not Applicable,0,,
2024-07-12 10:53:00,CNR4539756348,Canceled by Driver,CID763810,Prime SUV,Tumkur Road,Vijayanagar,,,Not Applicable,Personal & Car related issue,Not Applicable,Not Applicable,235,Not Applicable,0,,
2024-07-24 05:36:00,CNR9292376748,Canceled by Driver,CID939801,Mini,Richmond Town,Shivajinagar,,,Not Applicable,Customer was coughing/sick,Not Applicable,Not Applicable,472,Not Applicable,0,,
2024-07-28 02:31:00,CNR9404702949,Success,CID925827,Mini,Hulimavu,Vijayanagar,301.0,70.0,Not Applicable,Not Applicable,No,Not Applicable,130,Cash,45,3.9,3.6
2024-07-16 18:20:00,CNR3980236675,Success,CID208824,Auto,Koramangala,Hennur,56.0,80.0,Not Applicable,Not Applicable,No,Not Applicable,232,Cash,5,4.1,3.8
2024-07-22 18:46:00,CNR5074852068,Driver Not Found,CID834785,Bike,Chickpet,Whitefield,,,Not Applicable,Not Applicable,Not Applicable,Not Applicable,305,Not Applicable,0,,
2024-07-18 03:11:00,CNR4526130820,Canceled by Customer,CID287093,eBike,Kammanahalli,Kammanahalli,,,AC is Not working,Not Applicable,Not Applicable,Not Applicable,333,Not Applicable,0,,
2024-07-03 12:48:00,CNR7245638034,Driver Not Found,CID606355,Prime SUV,Chamarajpet,Koramangala,,,Not Applicable,Not Applicable,Not Applicable,Not Applicable,443,Not Applicable,0,,
2024-07-19 03:01:00,CNR4386111445,Canceled by Customer,CID151703,Auto,Chickpet,Sahakar Nagar,,,Driver is not moving towards pickup location,Not Applicable,Not Applicable,Not Applicable,232,Not Applicable,0,,
2024-07-09 03:35:00,CNR2925051306,Success,CID864609,Auto,Cox Town,Frazer Town,280.0,85.0,Not Applicable,Not Applicable,No,Not Applicable,407,Cash,6,3.1,4.1
2024-07-08 18:27:00,CNR1235545128,Success,CID754309,Auto,Frazer Town,Rajarajeshwari Nagar,35.0,145.0,Not Applicable,Not Applicable,No,Not Applicable,269,UPI,4,3.1,3.8
2024-07-24 21:15:00,CNR9638362672,Success,CID552111,Bike,JP Nagar,Tumkur Road,112.0,110.0,Not Applicable,Not Applicable,No,Not Applicable,389,Cash,2,3.3,3.0
2024-07-26 13:23:00,CNR6259098469,Success,CID229977,Mini,Rajajinagar,BTM Layout,245.0,115.0,Not Applicable,Not Applicable,No,Not Applicable,278,Cash,3,4.3,3.8
2024-07-23 20:07:00,CNR2167672441,Canceled by Driver,CID361867,Bike,Hulimavu,Yelahanka,,,Not Applicable,More than permitted people in there,Not Applicable,Not Applicable,357,Not Applicable,0,,
2024-07-18 00:04:00,CNR3938189552,Success,CID144073,Prime Plus,Hennur,Richmond Town,175.0,130.0,Not Applicable,Not Applicable,No,Not Applicable,913,UPI,25,3.7,4.7
2024-07-19 12:25:00,CNR7128446553,Success,CID416896,Auto,Malleshwaram,KR Puram,203.0,95.0,Not Applicable,Not Applicable,No,Not Applicable,232,Cash,4,3.0,5.0
2024-07-09 05:44:00,CNR8518121286,Success,CID427318,eBike,Basavanagudi,KR Puram,84.0,50.0,Not Applicable,Not Applicable,No,Not Applicable,378,Cash,35,3.6,3.5
2024-07-23 12:10:00,CNR2743620965,Success,CID546535,Bike,BTM Layout,Ramamurthy Nagar,287.0,125.0,Not Applicable,Not Applicable,No,Not Applicable,768,Cash,36,3.8,4.8
2024-07-14 04:21:00,CNR3793979225,Canceled by Driver,CID449869,Mini,Electronic City,Yelahanka,,,Not Applicable,Customer related issue,Not Applicable,Not Applicable,131,Not Applicable,0,,
2024-07-16 23:51:00,CNR3501545697,Success,CID316552,Prime SUV,Bellandur,Majestic,224.0,35.0,Not Applicable,Not Applicable,No,Not Applicable,383,UPI,28,4.6,4.6
2024-07-05 17:32:00,CNR8230417822,Success,CID843325,Prime SUV,Kammanahalli,Basavanagudi,196.0,40.0,Not Applicable,Not Applicable,No,Not Applicable,235,UPI,7,3.1,4.7
2024-07-25 10:40:00,CNR7680102611,Success,CID703939,Prime SUV,Nagarbhavi,KR Puram,133.0,95.0,Not Applicable,Not Applicable,No,Not Applicable,290,Cash,25,3.3,4.8
2024-07-13 20:02:00,CNR4524427262,Canceled by Driver,CID480628,eBike,Sarjapur Road,Cox Town,,,Not Applicable,Customer was coughing/sick,Not Applicable,Not Applicable,221,Not Applicable,0,,
2024-07-01 07:52:00,CNR7137003335,Success,CID305662,Bike,Tumkur Road,Whitefield,105.0,85.0,Not Applicable,Not Applicable,No,Not Applicable,131,UPI,23,4.8,4.3
2024-07-26 22:02:00,CNR3777291553,Canceled by Driver,CID613821,Bike,Bellandur,Ramamurthy Nagar,,,Not Applicable,Customer was coughing/sick,Not Applicable,Not Applicable,443,Not Applicable,0,,
2024-07-25 11:12:00,CNR5303316657,Driver Not Found,CID451284,Prime Sedan,Chickpet,Hebbal,,,Not Applicable,Not Applicable,Not Applicable,Not Applicable,226,Not Applicable,0,,
2024-07-11 21:13:00,CNR4010804417,Driver Not Found,CID173895,Prime Sedan,Kadugodi,Kengeri,,,Not Applicable,Not Applicable,Not Applicable,Not Applicable,388,Not Applicable,0,,
2024-07-23 15:03:00,CNR1193004877,Canceled by Driver,CID338581,eBike,Richmond Town,Malleshwaram,,,Not Applicable,Personal & Car related issue,Not Applicable,Not Applicable,315,Not Applicable,0,,
2024-07-17 17:23:00,CNR6790358154,Canceled by Customer,CID756953,Bike,Peenya,Electronic City,,,Driver asked to cancel,Not Applicable,Not Applicable,Not Applicable,649,Not Applicable,0,,
2024-07-22 10:10:00,CNR3659048084,Success,CID712564,Mini,Magadi Road,BTM Layout,119.0,115.0,Not Applicable,Not Applicable,No,Not Applicable,683,Cash,33,3.7,4.1
2024-07-04 10:56:00,CNR1004398406,Success,CID138998,Bike,Frazer Town,Kammanahalli,294.0,105.0,Not Applicable,Not Applicable,No,Not Applicable,574,UPI,49,4.6,3.2
2024-07-14 08:03:00,CNR4821813939,Success,CID302290,Prime SUV,MG Road,Vijayanagar,154.0,45.0,Not Applicable,Not Applicable,No,Not Applicable,227,Cash,7,4.6,3.4
2024-07-19 11:16:00,CNR6144812654,Success,CID453804,Prime Sedan,Kammanahalli,Hosur Road,91.0,135.0,Not Applicable,Not Applicable,No,Not Applicable,193,Cash,23,3.4,4.6
2024-07-26 11:34:00,CNR4869303165,Success,CID299243,Prime SUV,Mysore Road,Whitefield,77.0,145.0,Not Applicable,Not Applicable,No,Not Applicable,2128,UPI,25,4.5,3.8
2024-07-24 03:15:00,CNR1328735682,Success,CID892339,Prime Plus,Shivajinagar,Malleshwaram,217.0,95.0,Not Applicable,Not Applicable,No,Not Applicable,954,UPI,22,3.8,4.0
2024-07-25 23:52:00,CNR6862481979,Success,CID171626,Mini,Kadugodi,Electronic City,280.0,40.0,Not Applicable,Not Applicable,No,Not Applicable,229,UPI,12,3.7,4.1
2024-07-25 01:45:00,CNR3440739456,Success,CID254073,eBike,HSR Layout,Bellandur,119.0,85.0,Not Applicable,Not Applicable,Yes,Customer Demand,587,Cash,20,4.0,4.2
2024-07-14 13:00:00,CNR5482743134,Success,CID561525,Prime SUV,MG Road,Sarjapur Road,259.0,100.0,Not Applicable,Not Applicable,No,Not Applicable,296,UPI,14,4.3,3.0
2024-07-21 15:26:00,CNR1886090704,Success,CID543583,Mini,BTM Layout,Electronic City,42.0,145.0,Not Applicable,Not Applicable,No,Not Applicable,482,Cash,48,4.4,3.2
2024-07-24 13:48:00,CNR9671937591,Success,CID209085,Prime Plus,Hennur,Electronic City,203.0,50.0,Not Applicable,Not Applicable,No,Not Applicable,273,UPI,28,4.1,4.3
2024-07-10 18:08:00,CNR2037091094,Success,CID766515,Prime Plus,Rajajinagar,Frazer Town,238.0,110.0,Not Applicable,Not Applicable,No,Not Applicable,487,UPI,3,4.7,3.6
2024-07-06 18:37:00,CNR6021897405,Driver Not Found,CID754095,Bike,Padmanabhanagar,Varthur,,,Not Applicable,Not Applicable,Not Applicable,Not Applicable,233,Not Applicable,0,,
2024-07-22 22:54:00,CNR5421740103,Success,CID578968,Prime Plus,Indiranagar,Basavanagudi,126.0,60.0,Not Applicable,Not Applicable,No,Not Applicable,502,UPI,19,3.5,3.4
2024-07-30 06:42:00,CNR6523727519,Success,CID331264,Auto,Chickpet,Marathahalli,35.0,50.0,Not Applicable,Not Applicable,No,Not Applicable,938,Cash,2,4.9,3.9
2024-07-07 12:56:00,CNR6369018670,Canceled by Driver,CID703497,Prime Plus,Malleshwaram,Ulsoor,,,Not Applicable,Personal & Car related issue,Not Applicable,Not Applicable,2711,Not Applicable,0,,
2024-07-29 22:42:00,CNR9132138678,Driver Not Found,CID795035,Bike,Langford Town,Cox Town,,,Not Applicable,Not Applicable,Not Applicable,Not Applicable,470,Not Applicable,0,,
2024-07-18 20:11:00,CNR8836299361,Canceled by Driver,CID216849,Auto,Rajajinagar,Varthur,,,Not Applicable,Customer was coughing/sick,Not Applicable,Not Applicable,2456,Not Applicable,0,,
2024-07-04 22:13:00,CNR4317719070,Success,CID145566,Prime SUV,Magadi Road,Kengeri,112.0,85.0,Not Applicable,Not Applicable,No,Not Applicable,131,UPI,5,3.9,5.0
2024-07-27 08:42:00,CNR4033614196,Driver Not Found,CID528294,Prime Plus,Kammanahalli,Kadugodi,,,Not Applicable,Not Applicable,Not Applicable,Not Applicable,441,Not Applicable,0,,
2024-07-29 23:38:00,CNR3455580579,Success,CID486080,Auto,Koramangala,Hennur,168.0,140.0,Not Applicable,Not Applicable,No,Not Applicable,392,Cash,1,3.4,3.6
2024-07-12 23:15:00,CNR8573591008,Success,CID128616,Bike,RT Nagar,Hebbal,126.0,80.0,Not Applicable,Not Applicable,No,Not Applicable,278,Cash,44,3.9,4.2
2024-07-09 13:18:00,CNR9742206549,Success,CID172260,Prime Sedan,Shivajinagar,Kammanahalli,154.0,60.0,Not Applicable,Not Applicable,No,Not Applicable,167,UPI,25,4.6,4.0
2024-07-12 01:35:00,CNR7184565566,Canceled by Driver,CID292431,Mini,Kadugodi,Jayanagar,,,Not Applicable,Personal & Car related issue,Not Applicable,Not Applicable,186,Not Applicable,0,,
2024-07-15 19:34:00,CNR1861759257,Driver Not Found,CID791180,Auto,RT Nagar,Shantinagar,,,Not Applicable,Not Applicable,Not Applicable,Not Applicable,161,Not Applicable,0,,
2024-07-05 02:27:00,CNR3014840671,Driver Not Found,CID723161,Prime SUV,Malleshwaram,Ulsoor,,,Not Applicable,Not Applicable,Not Applicable,Not Applicable,650,Not Applicable,0,,
2024-07-09 06:32:00,CNR3952148920,Canceled by Driver,CID181700,Mini,Chickpet,Yeshwanthpur,,,Not Applicable,More than permitted people in there,Not Applicable,Not Applicable,306,Not Applicable,0,,
2024-07-03 15:58:00,CNR5962938125,Success,CID898731,Prime Plus,Peenya,Chamarajpet,287.0,100.0,Not Applicable,Not Applicable,No,Not Applicable,138,UPI,10,4.1,5.0
2024-07-04 18:50:00,CNR5641044085,Canceled by Driver,CID919537,Mini,MG Road,Hennur,,,Not Applicable,Customer related issue,Not Applicable,Not Applicable,404,Not Applicable,0,,
2024-07-20 05:17:00,CNR6889838580,Driver Not Found,CID387000,Auto,Cox Town,Ulsoor,,,Not Applicable,Not Applicable,Not Applicable,Not Applicable,566,Not Applicable,0,,
2024-07-24 13:59:00,CNR1852350112,Success,CID425309,Prime Sedan,Hulimavu,Ramamurthy Nagar,105.0,130.0,Not Applicable,Not Applicable,No,Not Applicable,260,UPI,25,4.4,3.2
2024-07-30 11:24:00,CNR2480917438,Driver Not Found,CID522338,Auto,Shantinagar,BTM Layout,,,Not Applicable,Not Applicable,Not Applicable,Not Applicable,309,Not Applicable,0,,
2024-07-08 08:54:00,CNR5899147852,Success,CID509622,eBike,MG Road,Banashankari,42.0,100.0,Not Applicable,Not Applicable,Yes,Other Issue,971,Cash,49,4.8,5.0
2024-07-19 02:32:00,CNR1500386078,Success,CID731730,eBike,MG Road,Richmond Town,245.0,120.0,Not Applicable,Not Applicable,No,Not Applicable,220,Cash,23,5.0,3.2
2024-07-12 21:21:00,CNR2111574495,Driver Not Found,CID391671,Prime SUV,Sahakar Nagar,Rajarajeshwari Nagar,,,Not Applicable,Not Applicable,Not Applicable,Not Applicable,323,Not Applicable,0,,
2024-07-21 11:26:00,CNR3273656124,Canceled by Customer,CID559362,Bike,Hennur,HSR Layout,,,Change of plans,Not Applicable,Not Applicable,Not Applicable,269,Not Applicable,0,,
2024-07-11 13:22:00,CNR6425937838,Success,CID172655,Bike,Vijayanagar,Rajarajeshwari Nagar,105.0,60.0,Not Applicable,Not Applicable,Yes,Vehicle Breakdown,184,Cash,23,3.4,3.9
2024-07-30 16:46:00,CNR9784010511,Success,CID799062,Prime Sedan,Bellandur,Varthur,161.0,65.0,Not Applicable,Not Applicable,No,Not Applicable,110,UPI,36,4.2,4.4
2024-07-12 10:45:00,CNR9179779625,Success,CID916340,eBike,Tumkur Road,Frazer Town,84.0,130.0,Not Applicable,Not Applicable,No,Not Applicable,543,UPI,47,3.3,3.6
2024-07-04 23:43:00,CNR2332496487,Success,CID736060,Bike,Kammanahalli,Kengeri,280.0,55.0,Not Applicable,Not Applicable,No,Not Applicable,235,Credit Card,49,4.7,3.1
2024-07-05 13:37:00,CNR8147978828,Success,CID322014,Mini,Peenya,Yeshwanthpur,308.0,45.0,Not Applicable,Not Applicable,No,Not Applicable,1355,UPI,26,4.9,3.3
2024-07-25 17:56:00,CNR3759954505,Success,CID163281,Prime Plus,Malleshwaram,Basavanagudi,112.0,70.0,Not Applicable,Not Applicable,No,Not Applicable,237,Cash,38,3.8,4.1
2024-07-11 14:51:00,CNR8956817051,Canceled by Driver,CID125181,Prime Plus,Kammanahalli,Rajarajeshwari Nagar,,,Not Applicable,Personal & Car related issue,Not Applicable,Not Applicable,231,Not Applicable,0,,
2024-07-16 19:16:00,CNR3876193579,Canceled by Driver,CID395163,Prime Sedan,BTM Layout,Majestic,,,Not Applicable,Personal & Car related issue,Not Applicable,Not Applicable,391,Not Applicable,0,,
2024-07-16 14:30:00,CNR3065357532,Success,CID869874,eBike,BTM Layout,Majestic,91.0,65.0,Not Applicable,Not Applicable,No,Not Applicable,390,UPI,43,4.0,3.2
2024-07-18 09:24:00,CNR3082528844,Success,CID913516,Prime SUV,Kengeri,Varthur,77.0,25.0,Not Applicable,Not Applicable,No,Not Applicable,312,UPI,15,3.2,4.4
2024-07-05 20:51:00,CNR6753308565,Success,CID846319,eBike,Chickpet,Richmond Town,84.0,110.0,Not Applicable,Not Applicable,No,Not Applicable,413,Cash,20,3.5,3.9
2024-07-19 17:19:00,CNR3109858276,Success,CID513694,Prime SUV,Marathahalli,Padmanabhanagar,126.0,120.0,Not Applicable,Not Applicable,No,Not Applicable,140,Cash,23,4.4,4.2
2024-07-18 13:05:00,CNR4666452012,Canceled by Driver,CID743020,Prime SUV,Majestic,Nagarbhavi,,,Not Applicable,Customer was coughing/sick,Not Applicable,Not Applicable,110,Not Applicable,0,,
2024-07-14 19:53:00,CNR3312050935,Driver Not Found,CID554091,eBike,Ulsoor,Padmanabhanagar,,,Not Applicable,Not Applicable,Not Applicable,Not Applicable,200,Not Applicable,0,,
2024-07-30 18:50:00,CNR4881913717,Success,CID701786,Bike,Cox Town,Sahakar Nagar,308.0,40.0,Not Applicable,Not Applicable,No,Not Applicable,532,UPI,37,4.0,4.4
2024-07-24 21:17:00,CNR3128210556,Canceled by Driver,CID860475,Prime Plus,Varthur,Kengeri,,,Not Applicable,Customer related issue,Not Applicable,Not Applicable,551,Not Applicable,0,,
2024-07-03 02:12:00,CNR1954992161,Canceled by Customer,CID398991,eBike,Chickpet,Electronic City,,,Change of plans,Not Applicable,Not Applicable,Not Applicable,248,Not Applicable,0,,
2024-07-21 15:15:00,CNR2261799688,Success,CID645866,Prime Plus,Bellandur,Hebbal,154.0,45.0,Not Applicable,Not Applicable,No,Not Applicable,280,Cash,20,5.0,3.2
2024-07-20 17:28:00,CNR9441582227,Canceled by Customer,CID275798,eBike,Nagarbhavi,Cox Town,,,Change of plans,Not Applicable,Not Applicable,Not Applicable,392,Not Applicable,0,,
2024-07-09 03:36:00,CNR1003170189,Success,CID326402,Mini,Sarjapur Road,Chamarajpet,35.0,145.0,Not Applicable,Not Applicable,No,Not Applicable,217,UPI,31,4.1,4.8
2024-07-22 23:36:00,CNR4059534052,Canceled by Customer,CID427387,Prime Plus,KR Puram,Koramangala,,,Driver asked to cancel,Not Applicable,Not Applicable,Not Applicable,259,Not Applicable,0,,
2024-07-05 01:28:00,CNR6761484785,Success,CID774851,Bike,Rajarajeshwari Nagar,Marathahalli,154.0,125.0,Not Applicable,Not Applicable,No,Not Applicable,107,Cash,43,4.4,4.1
2024-07-27 17:04:00,CNR8645365587,Success,CID673172,eBike,Banashankari,Tumkur Road,245.0,110.0,Not Applicable,Not Applicable,No,Not Applicable,138,Cash,29,3.2,3.6
2024-07-22 14:05:00,CNR8372373292,Success,CID262101,Mini,Bellandur,Langford Town,308.0,35.0,Not Applicable,Not Applicable,No,Not Applicable,518,Cash,11,3.2,3.8
2024-07-14 16:00:00,CNR3350613641,Canceled by Customer,CID448443,Auto,Hebbal,Devanahalli,,,Driver is not moving towards pickup location,Not Applicable,Not Applicable,Not Applicable,735,Not Applicable,0,,
2024-07-12 23:10:00,CNR9856179187,Success,CID486897,Bike,Varthur,Shivajinagar,280.0,145.0,Not Applicable,Not Applicable,No,Not Applicable,476,UPI,9,3.1,4.9
2024-07-04 19:53:00,CNR1416019195,Success,CID302928,Mini,Chickpet,Bellandur,252.0,135.0,Not Applicable,Not Applicable,No,Not Applicable,340,UPI,5,3.1,3.6
2024-07-25 05:54:00,CNR9561979385,Driver Not Found,CID573124,Prime Plus,Nagarbhavi,Sarjapur Road,,,Not Applicable,Not Applicable,Not Applicable,Not Applicable,333,Not Applicable,0,,
2024-07-20 11:55:00,CNR3387183556,Success,CID729082,Bike,JP Nagar,Tumkur Road,175.0,65.0,Not Applicable,Not Applicable,No,Not Applicable,963,UPI,10,4.2,4.0
2024-07-03 16:40:00,CNR4384066221,Success,CID352464,Auto,Indiranagar,Tumkur Road,245.0,110.0,Not Applicable,Not Applicable,No,Not Applicable,367,UPI,15,4.1,3.9
2024-07-07 09:36:00,CNR8793401087,Canceled by Driver,CID854678,Bike,Indiranagar,Electronic City,,,Not Applicable,Personal & Car related issue,Not Applicable,Not Applicable,2624,Not Applicable,0,,
2024-07-06 13:09:00,CNR1722148544,Driver Not Found,CID332049,Mini,Chickpet,MG Road,,,Not Applicable,Not Applicable,Not Applicable,Not Applicable,195,Not Applicable,0,,
2024-07-29 08:13:00,CNR4181356398,Success,CID989001,Bike,Langford Town,Bellandur,49.0,60.0,Not Applicable,Not Applicable,No,Not Applicable,378,UPI,12,3.1,4.6
2024-07-03 11:42:00,CNR2379321824,Canceled by Driver,CID218284,Prime SUV,Banashankari,Ramamurthy Nagar,,,Not Applicable,Personal & Car related issue,Not Applicable,Not Applicable,334,Not Applicable,0,,
2024-07-26 01:47:00,CNR6114622720,Success,CID724913,eBike,Shantinagar,Yeshwanthpur,77.0,35.0,Not Applicable,Not Applicable,No,Not Applicable,126,Cash,12,4.6,3.5
2024-07-21 18:10:00,CNR8157025968,Canceled by Driver,CID336483,Prime Plus,Bannerghatta Road,Chickpet,,,Not Applicable,Personal & Car related issue,Not Applicable,Not Applicable,260,Not Applicable,0,,
2024-07-19 06:23:00,CNR9183193435,Success,CID294025,Prime Plus,Sarjapur Road,Richmond Town,308.0,85.0,Not Applicable,Not Applicable,No,Not Applicable,998,UPI,13,3.5,4.4
2024-07-14 03:41:00,CNR1791244466,Driver Not Found,CID271358,Auto,Whitefield,Hebbal,,,Not Applicable,Not Applicable,Not Applicable,Not Applicable,238,Not Applicable,0,,
2024-07-23 15:46:00,CNR5745757207,Success,CID467481,Bike,Hennur,Whitefield,70.0,40.0,Not Applicable,Not Applicable,No,Not Applicable,371,Credit Card,17,5.0,4.6
2024-07-04 20:28:00,CNR8297235455,Canceled by Driver,CID137190,Auto,Majestic,RT Nagar,,,Not Applicable,Personal & Car related issue,Not Applicable,Not Applicable,113,Not Applicable,0,,
2024-07-23 18:50:00,CNR3666965875,Success,CID885481,eBike,Kadugodi,Malleshwaram,259.0,55.0,Not Applicable,Not Applicable,No,Not Applicable,269,Cash,5,3.8,4.4
2024-07-29 11:18:00,CNR6258853860,Driver Not Found,CID116220,Prime Plus,Yeshwanthpur,Electronic City,,,Not Applicable,Not Applicable,Not Applicable,Not Applicable,431,Not Applicable,0,,
2024-07-27 03:19:00,CNR7139663601,Success,CID953729,Bike,Hennur,Electronic City,224.0,135.0,Not Applicable,Not Applicable,No,Not Applicable,171,UPI,41,4.9,4.0
2024-07-25 00:25:00,CNR5426697358,Success,CID165663,Prime Sedan,Bellandur,Hosur Road,56.0,70.0,Not Applicable,Not Applicable,No,Not Applicable,427,Cash,32,3.3,3.0
2024-07-26 10:36:00,CNR8401795337,Canceled by Driver,CID118267,Auto,Cox Town,RT Nagar,,,Not Applicable,Customer related issue,Not Applicable,Not Applicable,760,Not Applicable,0,,
2024-07-18 03:07:00,CNR2380424380,Driver Not Found,CID237363,Mini,Yeshwanthpur,RT Nagar,,,Not Applicable,Not Applicable,Not Applicable,Not Applicable,186,Not Applicable,0,,
2024-07-09 17:30:00,CNR2028095193,Success,CID173792,eBike,Shivajinagar,Langford Town,133.0,70.0,Not Applicable,Not Applicable,No,Not Applicable,323,Cash,35,3.8,4.0
2024-07-05 19:53:00,CNR7709615983,Driver Not Found,CID946151,eBike,Banashankari,Whitefield,,,Not Applicable,Not Applicable,Not Applicable,Not Applicable,217,Not Applicable,0,,
2024-07-03 03:37:00,CNR9976514976,Success,CID725475,Prime Sedan,Hennur,Majestic,119.0,100.0,Not Applicable,Not Applicable,No,Not Applicable,173,UPI,39,4.4,3.2
2024-07-23 04:04:00,CNR6443706320,Canceled by Customer,CID744566,Prime Plus,Marathahalli,Vijayanagar,,,Change of plans,Not Applicable,Not Applicable,Not Applicable,334,Not Applicable,0,,
2024-07-20 06:30:00,CNR1505171043,Success,CID500231,Prime Plus,Richmond Town,Kadugodi,175.0,140.0,Not Applicable,Not Applicable,No,Not Applicable,992,Cash,29,4.1,4.3
2024-07-05 08:56:00,CNR8453841940,Success,CID189735,Prime Sedan,Kammanahalli,Majestic,252.0,145.0,Not Applicable,Not Applicable,No,Not Applicable,2385,Cash,12,3.8,3.8
2024-07-29 06:30:00,CNR3859046373,Canceled by Driver,CID821562,Mini,Hulimavu,Nagarbhavi,,,Not Applicable,Personal & Car related issue,Not Applicable,Not Applicable,1506,Not Applicable,0,,
2024-07-13 09:44:00,CNR3263103757,Canceled by Customer,CID706509,Mini,Langford Town,Majestic,,,Driver asked to cancel,Not Applicable,Not Applicable,Not Applicable,340,Not Applicable,0,,
2024-07-09 19:10:00,CNR4751739168,Success,CID782033,Auto,Tumkur Road,Rajajinagar,105.0,30.0,Not Applicable,Not Applicable,No,Not Applicable,193,UPI,5,3.3,4.0
2024-07-05 20:11:00,CNR8043312415,Driver Not Found,CID983945,eBike,Jayanagar,Kadugodi,,,Not Applicable,Not Applicable,Not Applicable,Not Applicable,592,Not Applicable,0,,
2024-07-11 01:51:00,CNR2325677002,Success,CID597430,eBike,Kengeri,Basavanagudi,217.0,45.0,Not Applicable,Not Applicable,No,Not Applicable,117,UPI,2,4.7,3.5
2024-07-02 07:56:00,CNR7664942454,Canceled by Driver,CID757048,Prime Plus,Ulsoor,Frazer Town,,,Not Applicable,More than permitted people in there,Not Applicable,Not Applicable,698,Not Applicable,0,,
2024-07-07 05:25:00,CNR2769699225,Success,CID168591,Prime SUV,Hosur Road,Rajajinagar,168.0,140.0,Not Applicable,Not Applicable,No,Not Applicable,190,UPI,5,3.1,4.0
2024-07-15 14:39:00,CNR7501374584,Canceled by Driver,CID459074,Prime Sedan,Hulimavu,Nagarbhavi,,,Not Applicable,Personal & Car related issue,Not Applicable,Not Applicable,545,Not Applicable,0,,
2024-07-04 06:04:00,CNR6650304531,Success,CID466337,Prime SUV,Kammanahalli,Rajajinagar,77.0,65.0,Not Applicable,Not Applicable,No,Not Applicable,423,UPI,46,4.6,4.5
2024-07-18 17:03:00,CNR4785444707,Canceled by Customer,CID567923,Prime SUV,KR Puram,Hennur,,,Driver is not moving towards pickup location,Not Applicable,Not Applicable,Not Applicable,922,Not Applicable,0,,
2024-07-15 04:41:00,CNR5977398464,Canceled by Driver,CID447919,eBike,Jayanagar,Shivajinagar,,,Not Applicable,Customer related issue,Not Applicable,Not Applicable,551,Not Applicable,0,,
2024-07-04 03:47:00,CNR6414699306,Canceled by Customer,CID617271,Prime Sedan,Mysore Road,Hulimavu,,,Driver is not moving towards pickup location,Not Applicable,Not Applicable,Not Applicable,401,Not Applicable,0,,
2024-07-28 07:49:00,CNR2598673642,Driver Not Found,CID521042,Bike,Hennur,Jayanagar,,,Not Applicable,Not Applicable,Not Applicable,Not Applicable,217,Not Applicable,0,,
2024-07-21 14:55:00,CNR9404100600,Success,CID111744,Prime SUV,Magadi Road,Yeshwanthpur,77.0,90.0,Not Applicable,Not Applicable,No,Not Applicable,187,UPI,6,3.7,3.7
2024-07-18 05:54:00,CNR1328167212,Canceled by Driver,CID897880,Prime Sedan,Koramangala,Yelahanka,,,Not Applicable,Personal & Car related issue,Not Applicable,Not Applicable,279,Not Applicable,0,,
2024-07-08 02:58:00,CNR7424806528,Success,CID225210,eBike,Ulsoor,Marathahalli,280.0,90.0,Not Applicable,Not Applicable,No,Not Applicable,144,UPI,27,3.1,3.5
2024-07-10 02:59:00,CNR1014982452,Success,CID230415,Mini,Ramamurthy Nagar,Yelahanka,63.0,130.0,Not Applicable,Not Applicable,Yes,Vehicle Breakdown,996,Cash,28,4.4,4.9
2024-07-27 06:04:00,CNR6290498725,Success,CID670365,Auto,RT Nagar,Malleshwaram,245.0,45.0,Not Applicable,Not Applicable,No,Not Applicable,412,Cash,19,4.3,4.8
2024-07-29 23:02:00,CNR7697151815,Canceled by Driver,CID912033,Prime SUV,Bannerghatta Road,Banashankari,,,Not Applicable,Customer was coughing/sick,Not Applicable,Not Applicable,906,Not Applicable,0,,
2024-07-21 08:07:00,CNR5553524633,Success,CID790578,Auto,Malleshwaram,Bellandur,161.0,55.0,Not Applicable,Not Applicable,No,Not Applicable,154,Cash,19,4.2,3.7
2024-07-19 17:47:00,CNR7901379759,Success,CID928609,Mini,Padmanabhanagar,Basavanagudi,168.0,25.0,Not Applicable,Not Applicable,No,Not Applicable,470,Cash,37,4.3,4.1
2024-07-06 13:56:00,CNR4772049998,Success,CID786802,Bike,Padmanabhanagar,Majestic,182.0,145.0,Not Applicable,Not Applicable,No,Not Applicable,131,Cash,32,3.2,3.9
2024-07-15 05:40:00,CNR7461357183,Canceled by Driver,CID278845,eBike,Magadi Road,Hulimavu,,,Not Applicable,Personal & Car related issue,Not Applicable,Not Applicable,137,Not Applicable,0,,
2024-07-16 09:34:00,CNR7866044440,Success,CID323566,Bike,KR Puram,Richmond Town,259.0,35.0,Not Applicable,Not Applicable,No,Not Applicable,826,UPI,12,3.9,3.7
2024-07-17 12:30:00,CNR1069651429,Success,CID133719,Prime SUV,Malleshwaram,Kadugodi,154.0,85.0,Not Applicable,Not Applicable,No,Not Applicable,327,Cash,2,4.4,4.2
2024-07-14 06:23:00,CNR7400460892,Success,CID738561,Prime Sedan,Shantinagar,Jayanagar,49.0,95.0,Not Applicable,Not Applicable,No,Not Applicable,125,Cash,17,4.2,4.7
2024-07-29 13:01:00,CNR1231759504,Success,CID723440,Bike,Tumkur Road,Shantinagar,112.0,135.0,Not Applicable,Not Applicable,No,Not Applicable,108,Cash,48,3.7,3.1
2024-07-30 03:43:00,CNR9641135042,Success,CID529752,eBike,Sahakar Nagar,Nagarbhavi,280.0,90.0,Not Applicable,Not Applicable,Yes,Vehicle Breakdown,339,Cash,6,3.4,4.9
2024-07-08 09:40:00,CNR5104333121,Canceled by Driver,CID868651,Prime Plus,Padmanabhanagar,Chickpet,,,Not Applicable,Personal & Car related issue,Not Applicable,Not Applicable,956,Not Applicable,0,,
2024-07-09 06:45:00,CNR1734957417,Canceled by Driver,CID424431,Bike,Hennur,Peenya,,,Not Applicable,Personal & Car related issue,Not Applicable,Not Applicable,2323,Not Applicable,0,,
2024-07-06 01:19:00,CNR2922768744,Success,CID475969,Bike,Shivajinagar,Whitefield,35.0,125.0,Not Applicable,Not Applicable,Yes,Other Issue,1802,Cash,36,3.2,3.1
2024-07-06 15:10:00,CNR7807389494,Driver Not Found,CID247079,Prime Plus,Frazer Town,Sarjapur Road,,,Not Applicable,Not Applicable,Not Applicable,Not Applicable,410,Not Applicable,0,,
2024-07-13 04:16:00,CNR6625129199,Canceled by Driver,CID825254,Bike,Frazer Town,Bannerghatta Road,,,Not Applicable,Customer related issue,Not Applicable,Not Applicable,133,Not Applicable,0,,
2024-07-07 06:18:00,CNR8042256949,Success,CID587041,Prime Plus,Sarjapur Road,Mysore Road,266.0,85.0,Not Applicable,Not Applicable,No,Not Applicable,364,UPI,2,3.6,3.0
2024-07-18 12:48:00,CNR2598608186,Canceled by Customer,CID429017,Bike,Tumkur Road,Ulsoor,,,Driver asked to cancel,Not Applicable,Not Applicable,Not Applicable,261,Not Applicable,0,,
2024-07-12 00:56:00,CNR4995007029,Canceled by Customer,CID529740,Mini,Shivajinagar,Vijayanagar,,,Change of plans,Not Applicable,Not Applicable,Not Applicable,317,Not Applicable,0,,
2024-07-26 02:47:00,CNR6188211053,Success,CID263334,eBike,Nagarbhavi,Vijayanagar,210.0,100.0,Not Applicable,Not Applicable,No,Not Applicable,1342,Cash,42,4.0,4.2
2024-07-30 06:55:00,CNR7698659069,Canceled by Driver,CID180947,eBike,Whitefield,Whitefield,,,Not Applicable,Customer was coughing/sick,Not Applicable,Not Applicable,159,Not Applicable,0,,
2024-07-07 14:12:00,CNR8451700476,Canceled by Driver,CID415757,Bike,Padmanabhanagar,Majestic,,,Not Applicable,Customer related issue,Not Applicable,Not Applicable,427,Not Applicable,0,,
2024-07-13 02:38:00,CNR7743162541,Success,CID801611,Auto,Shantinagar,Ramamurthy Nagar,161.0,55.0,Not Applicable,Not Applicable,No,Not Applicable,572,UPI,5,3.5,4.6
2024-07-06 09:16:00,CNR7821091553,Success,CID384022,Prime Plus,Bannerghatta Road,Devanahalli,126.0,85.0,Not Applicable,Not Applicable,No,Not Applicable,278,Cash,9,4.8,3.9
2024-07-23 02:42:00,CNR6218558081,Success,CID805285,Bike,Sahakar Nagar,Indiranagar,196.0,35.0,Not Applicable,Not Applicable,No,Not Applicable,2345,UPI,43,3.8,3.5
2024-07-17 21:16:00,CNR3072584431,Canceled by Customer,CID234710,Prime Sedan,Padmanabhanagar,Peenya,,,AC is Not working,Not Applicable,Not Applicable,Not Applicable,783,Not Applicable,0,,
2024-07-15 05:12:00,CNR6934556260,Success,CID271417,Prime Plus,Kadugodi,Whitefield,287.0,95.0,Not Applicable,Not Applicable,No,Not Applicable,408,UPI,37,4.8,4.8
2024-07-04 03:42:00,CNR3749222535,Success,CID760208,Prime SUV,Sarjapur Road,Rajarajeshwari Nagar,189.0,75.0,Not Applicable,Not Applicable,No,Not Applicable,260,Cash,13,4.5,4.1
2024-07-15 08:47:00,CNR9137800854,Success,CID189063,Prime SUV,Shivajinagar,Varthur,189.0,105.0,Not Applicable,Not Applicable,No,Not Applicable,346,Cash,23,4.4,4.6
2024-07-03 05:12:00,CNR9571444971,Canceled by Driver,CID115357,Prime Sedan,Chickpet,Tumkur Road,,,Not Applicable,Personal & Car related issue,Not Applicable,Not Applicable,331,Not Applicable,0,,
2024-07-07 22:37:00,CNR3832995640,Canceled by Driver,CID242133,Auto,Peenya,BTM Layout,,,Not Applicable,Customer related issue,Not Applicable,Not Applicable,163,Not Applicable,0,,
2024-07-29 04:16:00,CNR7567155593,Success,CID540711,Mini,Majestic,Chickpet,133.0,45.0,Not Applicable,Not Applicable,No,Not Applicable,236,UPI,47,3.2,3.1
2024-07-05 02:49:00,CNR8219064163,Canceled by Driver,CID647215,eBike,Jayanagar,Banashankari,,,Not Applicable,Personal & Car related issue,Not Applicable,Not Applicable,264,Not Applicable,0,,
2024-07-01 10:25:00,CNR9842612124,Canceled by Driver,CID511545,Prime SUV,Kengeri,BTM Layout,,,Not Applicable,Customer related issue,Not Applicable,Not Applicable,305,Not Applicable,0,,
2024-07-19 01:25:00,CNR4761208523,Success,CID270340,Prime SUV,RT Nagar,Shivajinagar,168.0,130.0,Not Applicable,Not Applicable,No,Not Applicable,315,Cash,28,4.2,3.6
2024-07-05 19:18:00,CNR7784122529,Success,CID680488,Auto,Yelahanka,Chamarajpet,147.0,80.0,Not Applicable,Not Applicable,No,Not Applicable,272,Cash,2,4.3,4.2
2024-07-07 01:41:00,CNR2848903422,Canceled by Driver,CID729449,Bike,Koramangala,Sahakar Nagar,,,Not Applicable,More than permitted people in there,Not Applicable,Not Applicable,166,Not Applicable,0,,
2024-07-13 22:50:00,CNR1000967649,Success,CID603728,eBike,Cox Town,Koramangala,147.0,135.0,Not Applicable,Not Applicable,No,Not Applicable,460,UPI,11,4.7,3.2
2024-07-15 21:12:00,CNR8746490197,Success,CID553454,Prime Plus,Hennur,Chickpet,245.0,120.0,Not Applicable,Not Applicable,No,Not Applicable,116,UPI,20,3.1,4.9
2024-07-13 12:16:00,CNR8590553926,Success,CID446420,Auto,Frazer Town,RT Nagar,154.0,40.0,Not Applicable,Not Applicable,No,Not Applicable,380,UPI,1,4.1,4.2
2024-07-01 01:09:00,CNR1701496490,Driver Not Found,CID868313,Prime Plus,Kengeri,Ramamurthy Nagar,,,Not Applicable,Not Applicable,Not Applicable,Not Applicable,276,Not Applicable,0,,
2024-07-23 01:55:00,CNR6246458586,Success,CID706941,eBike,MG Road,Chamarajpet,280.0,85.0,Not Applicable,Not Applicable,No,Not Applicable,1504,UPI,14,3.3,3.1
2024-07-10 07:40:00,CNR5461324204,Success,CID405467,Auto,Langford Town,Ulsoor,49.0,60.0,Not Applicable,Not Applicable,No,Not Applicable,137,UPI,19,4.6,4.4
2024-07-06 05:00:00,CNR8228452352,Canceled by Driver,CID479491,eBike,Indiranagar,Bannerghatta Road,,,Not Applicable,Customer was coughing/sick,Not Applicable,Not Applicable,324,Not Applicable,0,,
2024-07-17 10:21:00,CNR7928791017,Success,CID572973,Prime Sedan,Hebbal,Vijayanagar,147.0,145.0,Not Applicable,Not Applicable,Yes,Vehicle Breakdown,394,Cash,7,4.3,4.8
2024-07-30 12:07:00,CNR6844161474,Success,CID667288,Auto,MG Road,Tumkur Road,280.0,55.0,Not Applicable,Not Applicable,No,Not Applicable,167,Credit Card,10,4.0,3.8
2024-07-02 11:01:00,CNR3621158856,Success,CID988175,eBike,Majestic,Yelahanka,294.0,30.0,Not Applicable,Not Applicable,No,Not Applicable,351,UPI,39,3.7,4.6
2024-07-05 09:04:00,CNR1816239655,Success,CID770288,Bike,Hennur,BTM Layout,266.0,115.0,Not Applicable,Not Applicable,No,Not Applicable,127,UPI,37,3.3,4.9
2024-07-24 01:24:00,CNR6383598263,Success,CID223737,Prime Sedan,Yelahanka,Magadi Road,126.0,75.0,Not Applicable,Not Applicable,No,Not Applicable,2527,Cash,48,3.9,4.8
2024-07-29 01:51:00,CNR5119551099,Success,CID142198,eBike,Tumkur Road,RT Nagar,35.0,65.0,Not Applicable,Not Applicable,No,Not Applicable,404,UPI,44,4.5,3.6
2024-07-24 09:21:00,CNR7472434803,Success,CID673630,eBike,Rajarajeshwari Nagar,Kengeri,119.0,105.0,Not Applicable,Not Applicable,No,Not Applicable,378,UPI,12,3.4,4.0
2024-07-15 11:33:00,CNR9150434599,Success,CID417141,eBike,Cox Town,Padmanabhanagar,35.0,75.0,Not Applicable,Not Applicable,No,Not Applicable,407,UPI,44,3.2,4.6
2024-07-16 03:40:00,CNR7354265460,Success,CID608934,Prime SUV,Koramangala,Basavanagudi,112.0,35.0,Not Applicable,Not Applicable,No,Not Applicable,418,UPI,11,3.2,3.4
2024-07-10 09:16:00,CNR7666123860,Success,CID506777,Prime SUV,Shivajinagar,Frazer Town,49.0,50.0,Not Applicable,Not Applicable,No,Not Applicable,843,Cash,1,3.9,3.4
2024-07-25 17:44:00,CNR1596602491,Canceled by Customer,CID313675,eBike,KR Puram,Rajajinagar,,,Driver asked to cancel,Not Applicable,Not Applicable,Not Applicable,358,Not Applicable,0,,
2024-07-10 21:48:00,CNR8665230105,Canceled by Driver,CID906991,Auto,Cox Town,Chickpet,,,Not Applicable,Customer was coughing/sick,Not Applicable,Not Applicable,520,Not Applicable,0,,
2024-07-28 12:30:00,CNR9237706563,Canceled by Driver,CID960362,Prime Plus,Richmond Town,Rajajinagar,,,Not Applicable,Customer related issue,Not Applicable,Not Applicable,437,Not Applicable,0,,
2024-07-10 05:36:00,CNR9775970965,Success,CID901043,Prime SUV,Shantinagar,KR Puram,140.0,30.0,Not Applicable,Not Applicable,No,Not Applicable,454,UPI,49,4.8,3.2
2024-07-22 21:17:00,CNR6001803160,Success,CID522352,Auto,HSR Layout,Indiranagar,189.0,120.0,Not Applicable,Not Applicable,No,Not Applicable,145,Cash,3,4.9,3.5
2024-07-18 08:50:00,CNR1529511622,Canceled by Customer,CID233519,eBike,Kengeri,Richmond Town,,,AC is Not working,Not Applicable,Not Applicable,Not Applicable,312,Not Applicable,0,,
2024-07-05 21:31:00,CNR6283975220,Success,CID192294,eBike,Hebbal,Banashankari,161.0,125.0,Not Applicable,Not Applicable,No,Not Applicable,175,UPI,8,4.9,5.0
2024-07-02 17:05:00,CNR9500064939,Success,CID445020,Prime Plus,Chickpet,Frazer Town,266.0,130.0,Not Applicable,Not Applicable,No,Not Applicable,310,Cash,20,3.6,4.3
2024-07-16 03:40:00,CNR4606650274,Canceled by Customer,CID839370,Bike,Richmond Town,Kadugodi,,,Driver asked to cancel,Not Applicable,Not Applicable,Not Applicable,335,Not Applicable,0,,
2024-07-06 17:52:00,CNR5346313582,Canceled by Driver,CID287415,Auto,Kengeri,Koramangala,,,Not Applicable,Personal & Car related issue,Not Applicable,Not Applicable,474,Not Applicable,0,,
2024-07-06 05:44:00,CNR8562429796,Success,CID790025,Prime Sedan,Rajajinagar,Langford Town,140.0,135.0,Not Applicable,Not Applicable,No,Not Applicable,711,Cash,28,4.4,4.0
2024-07-23 20:51:00,CNR6607883676,Canceled by Driver,CID211118,Prime Plus,Malleshwaram,Kammanahalli,,,Not Applicable,Personal & Car related issue,Not Applicable,Not Applicable,354,Not Applicable,0,,
2024-07-15 03:16:00,CNR8966939650,Success,CID787190,Prime Sedan,Sarjapur Road,Hosur Road,126.0,90.0,Not Applicable,Not Applicable,Yes,Customer Demand,464,Cash,13,4.1,4.0
2024-07-10 06:28:00,CNR5156913655,Success,CID481218,eBike,Sarjapur Road,Hosur Road,182.0,90.0,Not Applicable,Not Applicable,No,Not Applicable,339,UPI,3,3.5,4.5
2024-07-19 08:55:00,CNR1073405697,Success,CID515202,Prime SUV,Kadugodi,Hennur,105.0,110.0,Not Applicable,Not Applicable,No,Not Applicable,308,Cash,21,4.1,3.5
2024-07-16 19:11:00,CNR1581589400,Success,CID820605,eBike,Mysore Road,Mysore Road,105.0,95.0,Not Applicable,Not Applicable,No,Not Applicable,256,UPI,1,4.0,3.4
2024-07-17 00:25:00,CNR7542303919,Canceled by Driver,CID905592,eBike,Indiranagar,Basavanagudi,,,Not Applicable,Personal & Car related issue,Not Applicable,Not Applicable,208,Not Applicable,0,,
2024-07-05 16:37:00,CNR2990069134,Canceled by Customer,CID171844,Prime SUV,Kammanahalli,Ulsoor,,,AC is Not working,Not Applicable,Not Applicable,Not Applicable,846,Not Applicable,0,,
2024-07-29 19:39:00,CNR7617732249,Success,CID830624,Prime Plus,Nagarbhavi,HSR Layout,126.0,75.0,Not Applicable,Not Applicable,No,Not Applicable,489,Cash,4,4.3,3.4
2024-07-04 19:46:00,CNR5599916227,Canceled by Driver,CID353371,Auto,Tumkur Road,Yeshwanthpur,,,Not Applicable,Personal & Car related issue,Not Applicable,Not Applicable,561,Not Applicable,0,,
2024-07-02 22:31:00,CNR2842254419,Canceled by Customer,CID926501,Prime Plus,Peenya,Kammanahalli,,,Change of plans,Not Applicable,Not Applicable,Not Applicable,2841,Not Applicable,0,,
2024-07-12 17:19:00,CNR2972620723,Success,CID514014,Auto,Cox Town,Chickpet,42.0,135.0,Not Applicable,Not Applicable,No,Not Applicable,863,Cash,12,3.8,3.0
2024-07-06 11:05:00,CNR1126558644,Success,CID480877,Prime Sedan,Cox Town,JP Nagar,140.0,60.0,Not Applicable,Not Applicable,No,Not Applicable,921,UPI,17,3.7,3.5
2024-07-13 19:29:00,CNR9745495430,Driver Not Found,CID555528,Prime SUV,Basavanagudi,Tumkur Road,,,Not Applicable,Not Applicable,Not Applicable,Not Applicable,461,Not Applicable,0,,
2024-07-21 10:37:00,CNR3291721713,Driver Not Found,CID997690,Mini,Hosur Road,Shantinagar,,,Not Applicable,Not Applicable,Not Applicable,Not Applicable,840,Not Applicable,0,,
2024-07-01 07:18:00,CNR4990955580,Success,CID591021,Prime Sedan,Bannerghatta Road,Rajajinagar,126.0,95.0,Not Applicable,Not Applicable,No,Not Applicable,119,Cash,2,3.5,4.0
2024-07-17 23:49:00,CNR7628191962,Success,CID755090,Prime Plus,Kadugodi,Majestic,42.0,115.0,Not Applicable,Not Applicable,Yes,Customer Demand,305,UPI,32,3.7,3.6
2024-07-21 01:19:00,CNR3727146709,Success,CID229006,Mini,Hennur,Bellandur,182.0,75.0,Not Applicable,Not Applicable,No,Not Applicable,519,Cash,10,3.2,3.9
2024-07-28 02:28:00,CNR1286541486,Success,CID593348,Prime Plus,Malleshwaram,Frazer Town,70.0,80.0,Not Applicable,Not Applicable,No,Not Applicable,172,UPI,31,4.9,3.2
2024-07-29 07:05:00,CNR9811614248,Canceled by Customer,CID589823,Auto,Richmond Town,Kadugodi,,,Driver is not moving towards pickup location,Not Applicable,Not Applicable,Not Applicable,955,Not Applicable,0,,
2024-07-14 10:35:00,CNR4263784051,Success,CID532028,eBike,Nagarbhavi,Yelahanka,231.0,85.0,Not Applicable,Not Applicable,No,Not Applicable,418,Cash,45,3.3,3.7
2024-07-06 00:59:00,CNR8040965463,Success,CID166780,Auto,Magadi Road,Yeshwanthpur,42.0,85.0,Not Applicable,Not Applicable,No,Not Applicable,1869,Cash,4,3.9,3.1
2024-07-26 03:55:00,CNR1822404098,Canceled by Customer,CID687108,Bike,Frazer Town,Rajarajeshwari Nagar,,,Driver is not moving towards pickup location,Not Applicable,Not Applicable,Not Applicable,318,Not Applicable,0,,
2024-07-23 00:21:00,CNR4361739910,Success,CID761596,eBike,Nagarbhavi,Devanahalli,252.0,40.0,Not Applicable,Not Applicable,Yes,Other Issue,139,Cash,28,4.5,4.3
2024-07-11 04:10:00,CNR7643902344,Success,CID498868,Prime SUV,Devanahalli,JP Nagar,280.0,30.0,Not Applicable,Not Applicable,No,Not Applicable,2094,UPI,20,3.3,3.3
2024-07-18 23:33:00,CNR1305359178,Success,CID445810,Bike,Nagarbhavi,Malleshwaram,112.0,40.0,Not Applicable,Not Applicable,No,Not Applicable,175,Cash,47,4.1,3.5
2024-07-25 11:37:00,CNR5879439139,Success,CID328480,Bike,Yelahanka,Varthur,35.0,30.0,Not Applicable,Not Applicable,No,Not Applicable,292,Cash,5,4.9,3.3
2024-07-17 07:34:00,CNR8162098964,Success,CID247341,eBike,Electronic City,BTM Layout,224.0,30.0,Not Applicable,Not Applicable,No,Not Applicable,1435,Cash,33,3.7,3.4
2024-07-07 16:34:00,CNR7730298662,Success,CID242756,Bike,Hennur,Chickpet,266.0,120.0,Not Applicable,Not Applicable,Yes,Customer Demand,271,UPI,20,4.6,4.4
2024-07-19 00:49:00,CNR4970188306,Success,CID766346,Mini,HSR Layout,Sarjapur Road,161.0,130.0,Not Applicable,Not Applicable,No,Not Applicable,413,Cash,4,3.5,3.4
2024-07-07 17:58:00,CNR8217628109,Success,CID511300,Prime SUV,Electronic City,JP Nagar,133.0,145.0,Not Applicable,Not Applicable,No,Not Applicable,469,Cash,21,3.4,4.6
2024-07-18 01:29:00,CNR6650942218,Success,CID354945,Prime Plus,Langford Town,Hosur Road,112.0,70.0,Not Applicable,Not Applicable,No,Not Applicable,258,UPI,8,3.6,3.7
2024-07-10 07:07:00,CNR3126937299,Driver Not Found,CID100625,Prime SUV,Shantinagar,Sarjapur Road,,,Not Applicable,Not Applicable,Not Applicable,Not Applicable,779,Not Applicable,0,,
2024-07-11 21:05:00,CNR9638836007,Canceled by Driver,CID102590,Bike,Shantinagar,Jayanagar,,,Not Applicable,Personal & Car related issue,Not Applicable,Not Applicable,469,Not Applicable,0,,
2024-07-02 21:02:00,CNR7736350931,Driver Not Found,CID861818,Prime SUV,Tumkur Road,Shivajinagar,,,Not Applicable,Not Applicable,Not Applicable,Not Applicable,977,Not Applicable,0,,
2024-07-07 09:50:00,CNR4705176615,Success,CID627924,Mini,Tumkur Road,Varthur,161.0,95.0,Not Applicable,Not Applicable,No,Not Applicable,709,Cash,46,4.0,3.4
2024-07-07 05:04:00,CNR4584378120,Success,CID932182,Bike,Yeshwanthpur,Bannerghatta Road,105.0,140.0,Not Applicable,Not Applicable,No,Not Applicable,668,Cash,23,4.9,4.9
2024-07-26 21:03:00,CNR8500000607,Canceled by Customer,CID525517,eBike,Peenya,Shivajinagar,,,Driver asked to cancel,Not Applicable,Not Applicable,Not Applicable,203,Not Applicable,0,,
2024-07-26 04:49:00,CNR2401353351,Success,CID921065,Auto,Jayanagar,Sarjapur Road,56.0,80.0,Not Applicable,Not Applicable,No,Not Applicable,309,Cash,2,4.5,3.1
2024-07-02 15:35:00,CNR5596575120,Success,CID364382,Auto,Cox Town,Magadi Road,56.0,115.0,Not Applicable,Not Applicable,No,Not Applicable,317,Cash,2,4.4,4.8
2024-07-26 19:05:00,CNR4989037269,Success,CID415974,Prime SUV,Magadi Road,RT Nagar,147.0,50.0,Not Applicable,Not Applicable,No,Not Applicable,161,Cash,25,3.5,3.6
2024-07-08 08:35:00,CNR8678936335,Canceled by Customer,CID934378,Auto,Kammanahalli,Nagarbhavi,,,Change of plans,Not Applicable,Not Applicable,Not Applicable,462,Not Applicable,0,,
2024-07-04 22:22:00,CNR3380194627,Success,CID584819,Prime Sedan,Yeshwanthpur,Bannerghatta Road,203.0,45.0,Not Applicable,Not Applicable,No,Not Applicable,422,Cash,43,4.2,3.0
2024-07-01 09:46:00,CNR8052803618,Driver Not Found,CID739793,Prime SUV,Majestic,Basavanagudi,,,Not Applicable,Not Applicable,Not Applicable,Not Applicable,932,Not Applicable,0,,
2024-07-09 10:34:00,CNR5829939847,Success,CID640403,Mini,Chickpet,Ulsoor,294.0,35.0,Not Applicable,Not Applicable,No,Not Applicable,1029,UPI,18,3.6,3.9
2024-07-27 12:49:00,CNR9879735564,Success,CID686105,Prime Sedan,Richmond Town,Devanahalli,273.0,35.0,Not Applicable,Not Applicable,No,Not Applicable,216,UPI,2,3.6,4.1
2024-07-05 14:15:00,CNR4403306456,Success,CID375582,Prime Sedan,Kengeri,KR Puram,210.0,115.0,Not Applicable,Not Applicable,No,Not Applicable,1516,Cash,22,3.9,3.3
2024-07-13 09:16:00,CNR6829218520,Canceled by Driver,CID403061,Auto,Peenya,Sarjapur Road,,,Not Applicable,Personal & Car related issue,Not Applicable,Not Applicable,387,Not Applicable,0,,
2024-07-10 23:37:00,CNR9507283409,Canceled by Driver,CID491299,Mini,BTM Layout,Banashankari,,,Not Applicable,Customer related issue,Not Applicable,Not Applicable,104,Not Applicable,0,,
2024-07-19 12:20:00,CNR4915404545,Canceled by Driver,CID699741,Prime Plus,Rajarajeshwari Nagar,Basavanagudi,,,Not Applicable,Customer related issue,Not Applicable,Not Applicable,1767,Not Applicable,0,,
2024-07-20 17:08:00,CNR1021645590,Success,CID155651,Prime SUV,Chamarajpet,Sahakar Nagar,126.0,85.0,Not Applicable,Not Applicable,No,Not Applicable,342,Cash,9,4.6,3.6
2024-07-13 07:38:00,CNR1297768291,Canceled by Customer,CID243516,Prime Sedan,Kammanahalli,Yeshwanthpur,,,Driver is not moving towards pickup location,Not Applicable,Not Applicable,Not Applicable,180,Not Applicable,0,,
2024-07-27 13:05:00,CNR6957002179,Success,CID973451,Bike,Peenya,Majestic,238.0,80.0,Not Applicable,Not Applicable,No,Not Applicable,541,Cash,30,3.9,4.0
2024-07-21 19:36:00,CNR7030806479,Success,CID275774,Prime SUV,Rajajinagar,Sahakar Nagar,189.0,30.0,Not Applicable,Not Applicable,No,Not Applicable,997,UPI,7,5.0,3.9
2024-07-07 20:28:00,CNR2568968193,Success,CID426744,Auto,Jayanagar,Bannerghatta Road,203.0,75.0,Not Applicable,Not Applicable,No,Not Applicable,289,UPI,9,4.0,4.8
2024-07-14 00:02:00,CNR4505468733,Success,CID659167,Prime SUV,Indiranagar,Koramangala,238.0,80.0,Not Applicable,Not Applicable,Yes,Customer Demand,116,Cash,24,5.0,4.9
2024-07-25 19:34:00,CNR9917250554,Success,CID236250,Prime Sedan,Basavanagudi,Chickpet,84.0,30.0,Not Applicable,Not Applicable,No,Not Applicable,383,Cash,46,3.4,3.3
2024-07-03 19:22:00,CNR1390974455,Driver Not Found,CID599789,Prime SUV,Bellandur,Tumkur Road,,,Not Applicable,Not Applicable,Not Applicable,Not Applicable,299,Not Applicable,0,,
2024-07-23 17:16:00,CNR1305780116,Success,CID724182,Prime SUV,JP Nagar,Padmanabhanagar,154.0,115.0,Not Applicable,Not Applicable,No,Not Applicable,321,Cash,32,4.1,4.6
2024-07-26 15:44:00,CNR8112658690,Canceled by Customer,CID692523,Prime Sedan,Langford Town,Rajajinagar,,,Driver is not moving towards pickup location,Not Applicable,Not Applicable,Not Applicable,1340,Not Applicable,0,,
2024-07-21 12:45:00,CNR3111090062,Success,CID589499,Prime Sedan,Rajajinagar,Sahakar Nagar,147.0,75.0,Not Applicable,Not Applicable,No,Not Applicable,828,Cash,25,3.6,4.6
2024-07-19 04:29:00,CNR3873537636,Success,CID681829,Bike,HSR Layout,Sahakar Nagar,301.0,85.0,Not Applicable,Not Applicable,No,Not Applicable,445,Cash,31,3.4,4.4
2024-07-02 23:21:00,CNR3948793091,Success,CID657931,Prime SUV,Shivajinagar,Ramamurthy Nagar,238.0,105.0,Not Applicable,Not Applicable,No,Not Applicable,414,Cash,34,3.1,4.4
2024-07-30 20:59:00,CNR3718436003,Success,CID401072,Mini,Hennur,Richmond Town,112.0,35.0,Not Applicable,Not Applicable,No,Not Applicable,103,Cash,21,3.7,4.3
2024-07-04 00:24:00,CNR4073583211,Canceled by Driver,CID470790,Prime SUV,Kengeri,Ramamurthy Nagar,,,Not Applicable,Customer related issue,Not Applicable,Not Applicable,1018,Not Applicable,0,,
2024-07-23 22:00:00,CNR6603315254,Success,CID739576,Prime SUV,Majestic,Mysore Road,35.0,55.0,Not Applicable,Not Applicable,No,Not Applicable,102,UPI,17,3.5,4.5
2024-07-28 13:47:00,CNR3550425601,Success,CID710350,Prime SUV,HSR Layout,Indiranagar,224.0,55.0,Not Applicable,Not Applicable,No,Not Applicable,1467,Cash,47,3.5,4.3
2024-07-11 07:58:00,CNR3910173211,Success,CID718716,Mini,Marathahalli,Kadugodi,91.0,145.0,Not Applicable,Not Applicable,No,Not Applicable,231,Cash,37,3.1,4.8
2024-07-26 22:50:00,CNR5540804270,Success,CID748090,Auto,Hennur,Yelahanka,126.0,80.0,Not Applicable,Not Applicable,No,Not Applicable,1366,Cash,18,4.5,3.4
2024-07-24 01:51:00,CNR9927962770,Success,CID194277,Prime Sedan,Peenya,Shivajinagar,49.0,115.0,Not Applicable,Not Applicable,No,Not Applicable,858,UPI,8,4.4,3.7
2024-07-17 18:50:00,CNR8183185480,Canceled by Customer,CID280644,Prime SUV,Koramangala,Chickpet,,,AC is Not working,Not Applicable,Not Applicable,Not Applicable,894,Not Applicable,0,,
2024-07-15 09:30:00,CNR8619331236,Canceled by Driver,CID266146,Prime Plus,Varthur,Basavanagudi,,,Not Applicable,Customer related issue,Not Applicable,Not Applicable,296,Not Applicable,0,,
2024-07-22 00:39:00,CNR9984833015,Canceled by Driver,CID531119,Bike,Hulimavu,Magadi Road,,,Not Applicable,Personal & Car related issue,Not Applicable,Not Applicable,1540,Not Applicable,0,,
2024-07-13 12:16:00,CNR6477173485,Success,CID776003,Auto,Kammanahalli,Shivajinagar,119.0,130.0,Not Applicable,Not Applicable,No,Not Applicable,951,UPI,11,4.1,4.8
2024-07-20 13:42:00,CNR8525152989,Success,CID229481,Prime Plus,Cox Town,Ulsoor,133.0,115.0,Not Applicable,Not Applicable,No,Not Applicable,128,UPI,27,3.8,3.1
2024-07-06 04:13:00,CNR4733332466,Canceled by Driver,CID575031,Auto,JP Nagar,Shantinagar,,,Not Applicable,More than permitted people in there,Not Applicable,Not Applicable,343,Not Applicable,0,,
2024-07-24 04:51:00,CNR4746819444,Success,CID788327,Mini,KR Puram,Whitefield,238.0,95.0,Not Applicable,Not Applicable,No,Not Applicable,376,Cash,12,3.8,5.0
2024-07-20 00:40:00,CNR3926395425,Success,CID910928,eBike,Bellandur,Electronic City,98.0,35.0,Not Applicable,Not Applicable,No,Not Applicable,239,UPI,38,3.6,3.9
2024-07-04 14:19:00,CNR2560187968,Success,CID661147,Bike,Kengeri,Bannerghatta Road,175.0,60.0,Not Applicable,Not Applicable,No,Not Applicable,261,UPI,24,4.4,4.7
2024-07-09 03:25:00,CNR7273650125,Canceled by Customer,CID656774,Auto,Tumkur Road,Indiranagar,,,AC is Not working,Not Applicable,Not Applicable,Not Applicable,171,Not Applicable,0,,
2024-07-19 01:48:00,CNR1631904055,Success,CID219252,eBike,Varthur,Kadugodi,112.0,30.0,Not Applicable,Not Applicable,No,Not Applicable,473,Cash,47,4.9,4.5
2024-07-27 14:00:00,CNR9847936663,Success,CID570494,eBike,Electronic City,Varthur,147.0,55.0,Not Applicable,Not Applicable,No,Not Applicable,384,Cash,43,4.1,3.6
2024-07-26 19:55:00,CNR3028169502,Canceled by Driver,CID782375,Auto,Shivajinagar,Chickpet,,,Not Applicable,Personal & Car related issue,Not Applicable,Not Applicable,1915,Not Applicable,0,,
2024-07-06 10:28:00,CNR6106991832,Success,CID758571,Mini,JP Nagar,Kammanahalli,63.0,50.0,Not Applicable,Not Applicable,No,Not Applicable,645,Cash,28,4.7,4.2
2024-07-19 00:58:00,CNR2360888806,Canceled by Driver,CID959423,Prime Sedan,Sarjapur Road,Whitefield,,,Not Applicable,Customer related issue,Not Applicable,Not Applicable,382,Not Applicable,0,,
2024-07-28 16:02:00,CNR7053159339,Canceled by Driver,CID905706,Prime Plus,Kammanahalli,MG Road,,,Not Applicable,Personal & Car related issue,Not Applicable,Not Applicable,2284,Not Applicable,0,,
2024-07-21 09:02:00,CNR3040574073,Success,CID591742,Prime Sedan,Rajarajeshwari Nagar,Tumkur Road,112.0,65.0,Not Applicable,Not Applicable,No,Not Applicable,879,Cash,39,3.9,3.8
2024-07-14 14:19:00,CNR7204302569,Canceled by Driver,CID235500,Prime Sedan,Majestic,Bellandur,,,Not Applicable,Personal & Car related issue,Not Applicable,Not Applicable,282,Not Applicable,0,,
2024-07-10 21:41:00,CNR6228561734,Success,CID705967,eBike,Hulimavu,MG Road,112.0,70.0,Not Applicable,Not Applicable,No,Not Applicable,119,Cash,18,3.8,3.5
2024-07-10 13:48:00,CNR5715901195,Success,CID220478,eBike,Electronic City,Kengeri,42.0,125.0,Not Applicable,Not Applicable,No,Not Applicable,987,Debit Card,49,4.4,5.0
2024-07-21 17:12:00,CNR4125507208,Success,CID114386,Bike,Yelahanka,Kadugodi,147.0,55.0,Not Applicable,Not Applicable,No,Not Applicable,440,Cash,27,3.9,4.7
2024-07-15 16:04:00,CNR5687920140,Driver Not Found,CID354400,eBike,Bellandur,Hennur,,,Not Applicable,Not Applicable,Not Applicable,Not Applicable,410,Not Applicable,0,,
2024-07-06 20:03:00,CNR7014507393,Success,CID400125,Auto,Hennur,Kadugodi,273.0,105.0,Not Applicable,Not Applicable,No,Not Applicable,276,Cash,12,4.2,3.8
2024-07-03 18:07:00,CNR2895842224,Success,CID422895,Auto,Magadi Road,Rajarajeshwari Nagar,154.0,55.0,Not Applicable,Not Applicable,No,Not Applicable,242,Cash,15,4.9,4.4
2024-07-15 04:13:00,CNR5099586560,Canceled by Driver,CID107684,Mini,Shivajinagar,Jayanagar,,,Not Applicable,Personal & Car related issue,Not Applicable,Not Applicable,112,Not Applicable,0,,
2024-07-21 22:14:00,CNR1405431321,Success,CID680407,Prime SUV,Electronic City,Bellandur,287.0,105.0,Not Applicable,Not Applicable,No,Not Applicable,613,Credit Card,25,4.4,3.4
2024-07-20 09:24:00,CNR9277769483,Success,CID291465,Prime SUV,Chamarajpet,RT Nagar,77.0,85.0,Not Applicable,Not Applicable,No,Not Applicable,817,Cash,48,4.8,3.4
2024-07-05 15:45:00,CNR2388617184,Success,CID116668,eBike,RT Nagar,Peenya,98.0,120.0,Not Applicable,Not Applicable,No,Not Applicable,450,Credit Card,37,4.6,4.3
2024-07-04 07:49:00,CNR7554550069,Success,CID665272,Prime SUV,Sahakar Nagar,Cox Town,154.0,130.0,Not Applicable,Not Applicable,No,Not Applicable,523,Cash,33,4.8,4.9
2024-07-19 05:49:00,CNR5907018716,Success,CID153804,Bike,Tumkur Road,Koramangala,70.0,90.0,Not Applicable,Not Applicable,No,Not Applicable,182,UPI,1,4.6,3.0
2024-07-16 21:10:00,CNR2019475827,Success,CID436483,eBike,Malleshwaram,Marathahalli,252.0,135.0,Not Applicable,Not Applicable,No,Not Applicable,919,Cash,31,3.2,3.1
2024-07-29 04:57:00,CNR5013548914,Canceled by Customer,CID405848,eBike,Hosur Road,Kadugodi,,,Driver is not moving towards pickup location,Not Applicable,Not Applicable,Not Applicable,273,Not Applicable,0,,
2024-07-03 04:00:00,CNR9418620541,Success,CID158748,Prime Sedan,MG Road,Sahakar Nagar,210.0,95.0,Not Applicable,Not Applicable,No,Not Applicable,605,Cash,1,3.3,3.0
2024-07-08 19:56:00,CNR2557158907,Canceled by Driver,CID412743,Prime Plus,Tumkur Road,Marathahalli,,,Not Applicable,Customer was coughing/sick,Not Applicable,Not Applicable,185,Not Applicable,0,,
2024-07-30 03:02:00,CNR3813375011,Driver Not Found,CID509710,Prime Sedan,Electronic City,Chamarajpet,,,Not Applicable,Not Applicable,Not Applicable,Not Applicable,692,Not Applicable,0,,
2024-07-30 11:20:00,CNR8152640208,Success,CID991601,Bike,Banashankari,Hebbal,294.0,70.0,Not Applicable,Not Applicable,No,Not Applicable,2204,Credit Card,45,3.7,3.7
2024-07-24 11:04:00,CNR3531828063,Driver Not Found,CID732068,Prime Sedan,Kadugodi,Devanahalli,,,Not Applicable,Not Applicable,Not Applicable,Not Applicable,112,Not Applicable,0,,
2024-07-21 12:11:00,CNR1774752376,Success,CID605828,Bike,KR Puram,Banashankari,280.0,145.0,Not Applicable,Not Applicable,No,Not Applicable,147,UPI,26,4.2,3.1
2024-07-15 03:31:00,CNR9556698835,Success,CID234306,Prime SUV,Ulsoor,Hebbal,245.0,25.0,Not Applicable,Not Applicable,No,Not Applicable,2792,UPI,11,3.9,3.3
2024-07-04 19:37:00,CNR5363486414,Success,CID523451,Prime SUV,Majestic,Kadugodi,189.0,75.0,Not Applicable,Not Applicable,No,Not Applicable,330,Cash,36,4.4,3.7
2024-07-04 22:16:00,CNR7349222308,Success,CID119376,Mini,Electronic City,Majestic,210.0,120.0,Not Applicable,Not Applicable,No,Not Applicable,216,Cash,26,4.6,4.3
2024-07-20 22:21:00,CNR4343053536,Driver Not Found,CID334501,Bike,Vijayanagar,JP Nagar,,,Not Applicable,Not Applicable,Not Applicable,Not Applicable,200,Not Applicable,0,,
2024-07-21 01:56:00,CNR8431112471,Success,CID617543,eBike,KR Puram,Basavanagudi,105.0,55.0,Not Applicable,Not Applicable,No,Not Applicable,486,Credit Card,10,4.8,3.2
2024-07-06 02:42:00,CNR2363104866,Success,CID607094,Prime SUV,KR Puram,Kengeri,119.0,90.0,Not Applicable,Not Applicable,No,Not Applicable,200,Cash,8,4.9,4.8
2024-07-30 02:34:00,CNR9098853337,Success,CID320003,Prime Plus,Richmond Town,Koramangala,217.0,105.0,Not Applicable,Not Applicable,No,Not Applicable,2742,Cash,17,4.8,4.6
2024-07-05 10:03:00,CNR1573706109,Driver Not Found,CID451533,Prime SUV,Peenya,Majestic,,,Not Applicable,Not Applicable,Not Applicable,Not Applicable,2233,Not Applicable,0,,
2024-07-29 23:26:00,CNR9472762135,Driver Not Found,CID927697,Prime Sedan,Tumkur Road,Bellandur,,,Not Applicable,Not Applicable,Not Applicable,Not Applicable,491,Not Applicable,0,,
2024-07-18 07:56:00,CNR5743050006,Success,CID912681,Bike,Frazer Town,JP Nagar,231.0,75.0,Not Applicable,Not Applicable,No,Not Applicable,418,Cash,13,3.3,3.6
2024-07-23 08:02:00,CNR3446931828,Success,CID244949,Prime Plus,KR Puram,Devanahalli,280.0,60.0,Not Applicable,Not Applicable,No,Not Applicable,2231,UPI,5,3.4,3.0
2024-07-09 09:42:00,CNR2132496805,Success,CID644093,Auto,Bellandur,Marathahalli,77.0,140.0,Not Applicable,Not Applicable,No,Not Applicable,297,Credit Card,11,3.4,4.1
2024-07-12 14:58:00,CNR3054681633,Canceled by Customer,CID489595,Mini,Vijayanagar,Sarjapur Road,,,Change of plans,Not Applicable,Not Applicable,Not Applicable,213,Not Applicable,0,,
2024-07-25 14:51:00,CNR5914587916,Success,CID367718,Prime Sedan,Jayanagar,Malleshwaram,203.0,60.0,Not Applicable,Not Applicable,No,Not Applicable,117,Cash,28,4.9,3.9
2024-07-25 06:18:00,CNR1817866974,Success,CID324603,Mini,Mysore Road,Sahakar Nagar,168.0,80.0,Not Applicable,Not Applicable,No,Not Applicable,315,Cash,8,3.2,4.7
2024-07-18 04:49:00,CNR8631753708,Canceled by Customer,CID642418,Auto,HSR Layout,Chickpet,,,Change of plans,Not Applicable,Not Applicable,Not Applicable,455,Not Applicable,0,,
2024-07-20 21:48:00,CNR8003270810,Success,CID729731,eBike,Chamarajpet,Frazer Town,245.0,75.0,Not Applicable,Not Applicable,No,Not Applicable,142,Cash,15,4.8,3.1
2024-07-06 02:11:00,CNR7171597886,Success,CID485537,Mini,Varthur,Malleshwaram,280.0,30.0,Not Applicable,Not Applicable,No,Not Applicable,374,Cash,19,3.1,3.1
2024-07-19 09:42:00,CNR7122779156,Success,CID267614,Auto,Bannerghatta Road,KR Puram,140.0,95.0,Not Applicable,Not Applicable,No,Not Applicable,2941,Cash,12,3.7,4.5
2024-07-05 16:37:00,CNR7516368741,Success,CID585982,Prime SUV,Bannerghatta Road,HSR Layout,49.0,45.0,Not Applicable,Not Applicable,No,Not Applicable,2151,Cash,16,3.9,4.3
2024-07-01 08:39:00,CNR6793896758,Success,CID782247,Bike,RT Nagar,Richmond Town,126.0,135.0,Not Applicable,Not Applicable,No,Not Applicable,105,UPI,2,3.7,4.3
2024-07-27 14:08:00,CNR1075563649,Success,CID253422,Prime Plus,Whitefield,Banashankari,105.0,70.0,Not Applicable,Not Applicable,No,Not Applicable,228,Cash,23,3.8,3.4
2024-07-29 12:04:00,CNR8633282829,Success,CID804162,Prime Plus,JP Nagar,Ramamurthy Nagar,280.0,145.0,Not Applicable,Not Applicable,No,Not Applicable,307,UPI,9,4.8,3.1
2024-07-08 15:36:00,CNR3015401288,Driver Not Found,CID111136,Auto,KR Puram,Ramamurthy Nagar,,,Not Applicable,Not Applicable,Not Applicable,Not Applicable,438,Not Applicable,0,,
2024-07-03 22:15:00,CNR3609898233,Success,CID869023,Prime Sedan,Basavanagudi,Peenya,154.0,40.0,Not Applicable,Not Applicable,No,Not Applicable,384,Debit Card,32,4.3,4.3
2024-07-15 10:55:00,CNR7268094095,Driver Not Found,CID390395,Mini,Peenya,Sahakar Nagar,,,Not Applicable,Not Applicable,Not Applicable,Not Applicable,199,Not Applicable,0,,
2024-07-30 16:01:00,CNR7475047733,Success,CID248704,Prime SUV,Hulimavu,Richmond Town,70.0,140.0,Not Applicable,Not Applicable,No,Not Applicable,313,UPI,9,5.0,4.5
2024-07-12 14:24:00,CNR8421997344,Canceled by Customer,CID406568,Mini,Magadi Road,JP Nagar,,,Driver is not moving towards pickup location,Not Applicable,Not Applicable,Not Applicable,759,Not Applicable,0,,
2024-07-19 19:40:00,CNR2951687902,Success,CID988292,Mini,Richmond Town,Sarjapur Road,224.0,85.0,Not Applicable,Not Applicable,No,Not Applicable,455,UPI,21,4.8,5.0
2024-07-29 04:41:00,CNR3990832830,Success,CID967407,Mini,KR Puram,Magadi Road,35.0,135.0,Not Applicable,Not Applicable,No,Not Applicable,671,UPI,24,3.1,4.2
2024-07-16 22:46:00,CNR4427127212,Driver Not Found,CID538449,Bike,BTM Layout,Rajarajeshwari Nagar,,,Not Applicable,Not Applicable,Not Applicable,Not Applicable,471,Not Applicable,0,,
2024-07-04 00:08:00,CNR2830368395,Canceled by Driver,CID681264,Mini,Chickpet,Sahakar Nagar,,,Not Applicable,Customer was coughing/sick,Not Applicable,Not Applicable,2977,Not Applicable,0,,
2024-07-19 12:36:00,CNR3863600436,Success,CID636976,Prime Sedan,Hosur Road,Hebbal,252.0,145.0,Not Applicable,Not Applicable,No,Not Applicable,693,Cash,36,4.3,4.8
2024-07-23 15:43:00,CNR3748198416,Success,CID420512,Mini,Majestic,JP Nagar,147.0,25.0,Not Applicable,Not Applicable,No,Not Applicable,398,Cash,12,4.8,3.5
2024-07-07 22:48:00,CNR4763890977,Success,CID677710,Mini,Sahakar Nagar,Bellandur,154.0,55.0,Not Applicable,Not Applicable,No,Not Applicable,207,Cash,27,3.4,3.3
2024-07-09 10:02:00,CNR7709357113,Canceled by Driver,CID628980,Auto,Malleshwaram,Kammanahalli,,,Not Applicable,Customer related issue,Not Applicable,Not Applicable,506,Not Applicable,0,,
2024-07-23 04:12:00,CNR6945452448,Canceled by Customer,CID887797,Prime Plus,MG Road,Malleshwaram,,,Change of plans,Not Applicable,Not Applicable,Not Applicable,421,Not Applicable,0,,
2024-07-12 23:46:00,CNR3755049401,Success,CID543265,eBike,Kammanahalli,Malleshwaram,98.0,110.0,Not Applicable,Not Applicable,Yes,Vehicle Breakdown,214,UPI,12,3.5,4.7
2024-07-13 00:38:00,CNR5432488621,Success,CID814109,Auto,Vijayanagar,Banashankari,294.0,120.0,Not Applicable,Not Applicable,No,Not Applicable,316,UPI,3,4.0,3.3
2024-07-10 00:24:00,CNR9987589909,Canceled by Driver,CID393495,Prime SUV,Sarjapur Road,Malleshwaram,,,Not Applicable,Customer related issue,Not Applicable,Not Applicable,385,Not Applicable,0,,
2024-07-14 19:18:00,CNR2377147889,Canceled by Driver,CID781742,eBike,Koramangala,Jayanagar,,,Not Applicable,Customer related issue,Not Applicable,Not Applicable,286,Not Applicable,0,,
2024-07-13 11:04:00,CNR3334134321,Success,CID740970,Prime SUV,Sahakar Nagar,Whitefield,161.0,30.0,Not Applicable,Not Applicable,No,Not Applicable,675,Cash,2,3.1,4.3
2024-07-08 05:30:00,CNR1312508744,Driver Not Found,CID771240,Prime Plus,Chamarajpet,Kengeri,,,Not Applicable,Not Applicable,Not Applicable,Not Applicable,401,Not Applicable,0,,
2024-07-20 14:31:00,CNR6477999851,Canceled by Driver,CID476743,eBike,Yelahanka,Jayanagar,,,Not Applicable,More than permitted people in there,Not Applicable,Not Applicable,157,Not Applicable,0,,
2024-07-05 20:16:00,CNR9366145491,Canceled by Driver,CID264001,Prime SUV,Electronic City,Sarjapur Road,,,Not Applicable,Personal & Car related issue,Not Applicable,Not Applicable,423,Not Applicable,0,,
2024-07-02 11:28:00,CNR4308972119,Canceled by Driver,CID340599,Auto,Magadi Road,HSR Layout,,,Not Applicable,Personal & Car related issue,Not Applicable,Not Applicable,149,Not Applicable,0,,
2024-07-30 00:21:00,CNR8000338807,Success,CID467598,Bike,Kammanahalli,Sarjapur Road,56.0,35.0,Not Applicable,Not Applicable,No,Not Applicable,278,Cash,2,4.4,3.5
2024-07-24 04:23:00,CNR9517694618,Canceled by Driver,CID545533,eBike,Hennur,Magadi Road,,,Not Applicable,Personal & Car related issue,Not Applicable,Not Applicable,499,Not Applicable,0,,
2024-07-10 10:14:00,CNR9115640255,Success,CID338566,Prime SUV,Whitefield,Mysore Road,231.0,80.0,Not Applicable,Not Applicable,No,Not Applicable,250,Cash,5,4.1,3.2
2024-07-30 01:35:00,CNR4350713450,Driver Not Found,CID716544,Auto,Malleshwaram,Cox Town,,,Not Applicable,Not Applicable,Not Applicable,Not Applicable,760,Not Applicable,0,,
2024-07-19 05:33:00,CNR2814516404,Success,CID186636,Mini,Indiranagar,Majestic,287.0,50.0,Not Applicable,Not Applicable,No,Not Applicable,199,Cash,16,4.8,3.0
2024-07-27 05:07:00,CNR9044052998,Canceled by Driver,CID883087,Prime Plus,Marathahalli,Chamarajpet,,,Not Applicable,Customer related issue,Not Applicable,Not Applicable,402,Not Applicable,0,,
2024-07-08 14:24:00,CNR4287606713,Success,CID473459,Prime Plus,Hebbal,Kadugodi,231.0,100.0,Not Applicable,Not Applicable,No,Not Applicable,318,Cash,11,4.0,3.1
2024-07-14 06:43:00,CNR7130423901,Success,CID704610,Bike,Magadi Road,Padmanabhanagar,301.0,80.0,Not Applicable,Not Applicable,No,Not Applicable,667,Cash,15,4.7,4.8
2024-07-08 04:09:00,CNR4227009019,Success,CID305785,Prime Plus,Hosur Road,Langford Town,280.0,135.0,Not Applicable,Not Applicable,No,Not Applicable,247,Cash,45,3.0,4.4
2024-07-13 15:36:00,CNR6476217096,Canceled by Driver,CID441810,Auto,Hosur Road,Sarjapur Road,,,Not Applicable,Personal & Car related issue,Not Applicable,Not Applicable,125,Not Applicable,0,,
2024-07-22 03:35:00,CNR2079596932,Canceled by Customer,CID543037,Prime Plus,Rajarajeshwari Nagar,Shivajinagar,,,Driver is not moving towards pickup location,Not Applicable,Not Applicable,Not Applicable,320,Not Applicable,0,,
2024-07-24 01:51:00,CNR6359701547,Success,CID986339,Mini,Cox Town,MG Road,56.0,130.0,Not Applicable,Not Applicable,No,Not Applicable,184,Cash,42,3.3,4.2
2024-07-22 15:23:00,CNR5097158670,Success,CID357550,Bike,Magadi Road,Mysore Road,245.0,85.0,Not Applicable,Not Applicable,No,Not Applicable,253,Cash,48,4.0,3.4
2024-07-10 21:31:00,CNR2769975279,Success,CID598690,eBike,Electronic City,Koramangala,182.0,85.0,Not Applicable,Not Applicable,No,Not Applicable,391,Cash,21,4.8,3.6
2024-07-11 21:28:00,CNR4509810019,Canceled by Customer,CID954820,Bike,Kadugodi,Yeshwanthpur,,,Driver asked to cancel,Not Applicable,Not Applicable,Not Applicable,259,Not Applicable,0,,
2024-07-15 16:27:00,CNR2140017918,Success,CID213624,Prime Sedan,RT Nagar,Chamarajpet,63.0,145.0,Not Applicable,Not Applicable,No,Not Applicable,252,Cash,40,4.3,3.0
2024-07-08 10:28:00,CNR5201098542,Success,CID802994,eBike,Richmond Town,Padmanabhanagar,140.0,80.0,Not Applicable,Not Applicable,No,Not Applicable,492,Cash,20,3.7,4.0
2024-07-02 19:34:00,CNR8687696008,Driver Not Found,CID994393,Prime Sedan,Banashankari,Devanahalli,,,Not Applicable,Not Applicable,Not Applicable,Not Applicable,469,Not Applicable,0,,
2024-07-11 13:34:00,CNR9335617898,Success,CID725538,Prime Plus,Bannerghatta Road,Kengeri,147.0,90.0,Not Applicable,Not Applicable,No,Not Applicable,655,UPI,1,4.6,3.8
2024-07-16 09:07:00,CNR8474913202,Canceled by Driver,CID372188,Prime SUV,Richmond Town,Padmanabhanagar,,,Not Applicable,Personal & Car related issue,Not Applicable,Not Applicable,826,Not Applicable,0,,
2024-07-25 21:19:00,CNR7367402676,Success,CID639008,eBike,Jayanagar,Rajajinagar,77.0,145.0,Not Applicable,Not Applicable,No,Not Applicable,140,Cash,37,4.7,3.4
2024-07-01 15:48:00,CNR2522430092,Success,CID223277,Bike,BTM Layout,Vijayanagar,154.0,65.0,Not Applicable,Not Applicable,No,Not Applicable,146,Cash,39,3.4,3.5
2024-07-19 14:11:00,CNR2883259191,Canceled by Driver,CID743895,Prime SUV,Shivajinagar,Bellandur,,,Not Applicable,Customer was coughing/sick,Not Applicable,Not Applicable,201,Not Applicable,0,,
2024-07-15 18:28:00,CNR3311452613,Canceled by Driver,CID659744,Prime Sedan,HSR Layout,BTM Layout,,,Not Applicable,Personal & Car related issue,Not Applicable,Not Applicable,183,Not Applicable,0,,
2024-07-12 19:13:00,CNR3039740689,Success,CID621128,Prime Plus,Ulsoor,MG Road,112.0,25.0,Not Applicable,Not Applicable,No,Not Applicable,432,Cash,30,3.4,3.7
2024-07-27 22:54:00,CNR8182237645,Success,CID399161,Bike,Vijayanagar,Hennur,70.0,100.0,Not Applicable,Not Applicable,No,Not Applicable,297,Cash,1,3.9,4.7
2024-07-13 10:22:00,CNR8418053156,Success,CID118463,Prime Plus,Shantinagar,Padmanabhanagar,273.0,135.0,Not Applicable,Not Applicable,No,Not Applicable,292,UPI,28,3.7,3.3
2024-07-07 22:59:00,CNR3115625921,Success,CID426505,Prime SUV,Devanahalli,Shivajinagar,42.0,105.0,Not Applicable,Not Applicable,No,Not Applicable,275,UPI,36,3.1,4.3
2024-07-12 02:26:00,CNR3960827796,Success,CID261517,Bike,Ramamurthy Nagar,Malleshwaram,259.0,25.0,Not Applicable,Not Applicable,No,Not Applicable,169,Cash,10,3.9,4.2
2024-07-11 04:25:00,CNR7369723342,Canceled by Driver,CID640719,Prime Plus,Devanahalli,Basavanagudi,,,Not Applicable,Customer was coughing/sick,Not Applicable,Not Applicable,265,Not Applicable,0,,
2024-07-06 03:23:00,CNR6356760131,Success,CID651311,Bike,Yelahanka,Kadugodi,280.0,135.0,Not Applicable,Not Applicable,No,Not Applicable,305,Cash,1,4.3,3.2
2024-07-16 08:19:00,CNR7306627190,Success,CID471147,Prime Plus,Langford Town,MG Road,259.0,100.0,Not Applicable,Not Applicable,No,Not Applicable,202,Cash,42,4.9,3.1
2024-07-20 23:18:00,CNR3631059702,Success,CID706466,Prime Plus,Banashankari,Banashankari,49.0,65.0,Not Applicable,Not Applicable,No,Not Applicable,173,UPI,26,4.3,3.6
2024-07-27 10:30:00,CNR6511666163,Success,CID341016,Prime SUV,Peenya,Shantinagar,182.0,120.0,Not Applicable,Not Applicable,Yes,Customer Demand,596,UPI,4,4.8,4.6
2024-07-29 13:54:00,CNR1993394420,Success,CID938768,Prime Sedan,Ramamurthy Nagar,BTM Layout,140.0,85.0,Not Applicable,Not Applicable,No,Not Applicable,2835,Cash,30,3.5,3.3
2024-07-16 23:03:00,CNR5453182288,Success,CID455908,Mini,BTM Layout,Magadi Road,231.0,110.0,Not Applicable,Not Applicable,No,Not Applicable,764,Cash,2,3.6,5.0
2024-07-09 00:56:00,CNR1718877040,Success,CID373233,Bike,Indiranagar,Mysore Road,84.0,55.0,Not Applicable,Not Applicable,No,Not Applicable,491,Cash,19,3.0,3.7
2024-07-03 03:38:00,CNR5768126918,Success,CID334875,Prime SUV,Rajajinagar,Chamarajpet,231.0,75.0,Not Applicable,Not Applicable,No,Not Applicable,375,UPI,10,4.0,4.1
2024-07-10 05:39:00,CNR8878300621,Success,CID708008,Auto,Cox Town,Rajajinagar,98.0,115.0,Not Applicable,Not Applicable,No,Not Applicable,458,Cash,7,3.6,4.4
2024-07-10 14:31:00,CNR6358535531,Success,CID820413,Prime Plus,Banashankari,JP Nagar,35.0,115.0,Not Applicable,Not Applicable,No,Not Applicable,236,UPI,20,3.4,3.9
2024-07-16 13:31:00,CNR1546067817,Success,CID736864,Prime Plus,Langford Town,Frazer Town,196.0,55.0,Not Applicable,Not Applicable,No,Not Applicable,504,Credit Card,35,3.9,3.6
2024-07-22 17:20:00,CNR1942887695,Success,CID662838,Prime SUV,Devanahalli,Nagarbhavi,245.0,85.0,Not Applicable,Not Applicable,No,Not Applicable,135,Cash,16,4.6,4.0
2024-07-03 05:32:00,CNR9055646082,Driver Not Found,CID680168,eBike,Bannerghatta Road,Bannerghatta Road,,,Not Applicable,Not Applicable,Not Applicable,Not Applicable,2417,Not Applicable,0,,
2024-07-17 15:15:00,CNR1384833953,Success,CID665988,Mini,Jayanagar,Koramangala,140.0,25.0,Not Applicable,Not Applicable,No,Not Applicable,388,UPI,28,4.4,4.0
2024-07-24 15:36:00,CNR1184744240,Success,CID885236,Bike,Malleshwaram,Magadi Road,84.0,55.0,Not Applicable,Not Applicable,No,Not Applicable,280,Cash,21,3.6,4.8
2024-07-22 09:05:00,CNR8337348274,Success,CID804880,eBike,HSR Layout,Langford Town,175.0,60.0,Not Applicable,Not Applicable,No,Not Applicable,318,Credit Card,47,4.7,3.7
2024-07-02 02:20:00,CNR7294967348,Success,CID164166,Prime Plus,Mysore Road,Bannerghatta Road,231.0,130.0,Not Applicable,Not Applicable,No,Not Applicable,198,Cash,16,4.3,4.3
2024-07-12 14:03:00,CNR9009320566,Success,CID847749,Mini,Bannerghatta Road,Indiranagar,224.0,75.0,Not Applicable,Not Applicable,Yes,Vehicle Breakdown,492,UPI,45,4.4,3.8
2024-07-28 09:09:00,CNR1289544882,Success,CID736627,Bike,Bellandur,Chamarajpet,203.0,75.0,Not Applicable,Not Applicable,No,Not Applicable,212,Cash,10,4.6,4.4
2024-07-18 00:51:00,CNR4509493613,Canceled by Customer,CID718125,Bike,Bellandur,JP Nagar,,,AC is Not working,Not Applicable,Not Applicable,Not Applicable,163,Not Applicable,0,,
2024-07-12 07:26:00,CNR4629344516,Success,CID170695,Auto,Kammanahalli,Langford Town,119.0,145.0,Not Applicable,Not Applicable,No,Not Applicable,670,Cash,13,3.4,4.0
2024-07-15 03:48:00,CNR8472303011,Success,CID677269,Mini,Shantinagar,Peenya,259.0,55.0,Not Applicable,Not Applicable,No,Not Applicable,665,Cash,19,4.8,3.1
2024-07-26 14:58:00,CNR3911821844,Success,CID346361,Bike,Richmond Town,Magadi Road,154.0,60.0,Not Applicable,Not Applicable,No,Not Applicable,2804,Cash,38,3.5,4.1
2024-07-30 18:58:00,CNR1405565282,Canceled by Customer,CID504830,Bike,Marathahalli,Cox Town,,,Driver asked to cancel,Not Applicable,Not Applicable,Not Applicable,494,Not Applicable,0,,
2024-07-03 09:45:00,CNR6073348624,Success,CID803157,Prime SUV,Ramamurthy Nagar,Peenya,112.0,60.0,Not Applicable,Not Applicable,No,Not Applicable,153,Cash,1,3.3,4.3
2024-07-18 19:37:00,CNR2394020328,Canceled by Driver,CID742459,Auto,BTM Layout,Rajarajeshwari Nagar,,,Not Applicable,Customer related issue,Not Applicable,Not Applicable,742,Not Applicable,0,,
2024-07-06 16:06:00,CNR2801491121,Driver Not Found,CID243091,Bike,HSR Layout,Magadi Road,,,Not Applicable,Not Applicable,Not Applicable,Not Applicable,397,Not Applicable,0,,
2024-07-15 12:43:00,CNR1386626596,Success,CID724336,Prime Plus,RT Nagar,Varthur,154.0,50.0,Not Applicable,Not Applicable,No,Not Applicable,182,UPI,44,4.9,4.3
2024-07-17 18:44:00,CNR4012880321,Driver Not Found,CID138728,Prime SUV,Yelahanka,Bellandur,,,Not Applicable,Not Applicable,Not Applicable,Not Applicable,448,Not Applicable,0,,
2024-07-01 14:33:00,CNR2788070007,Canceled by Driver,CID476707,Prime Sedan,Whitefield,Padmanabhanagar,,,Not Applicable,Customer related issue,Not Applicable,Not Applicable,741,Not Applicable,0,,
2024-07-17 05:05:00,CNR5117766841,Success,CID100686,Prime Sedan,Koramangala,Frazer Town,84.0,120.0,Not Applicable,Not Applicable,No,Not Applicable,392,UPI,27,4.8,4.1
2024-07-17 23:53:00,CNR4664143086,Canceled by Driver,CID678266,Prime Plus,BTM Layout,Jayanagar,,,Not Applicable,Customer was coughing/sick,Not Applicable,Not Applicable,765,Not Applicable,0,,
2024-07-01 01:26:00,CNR1800233803,Success,CID232916,Prime Sedan,Indiranagar,Peenya,154.0,30.0,Not Applicable,Not Applicable,No,Not Applicable,752,UPI,4,4.1,3.8
2024-07-14 09:55:00,CNR5456952031,Success,CID706447,eBike,RT Nagar,Rajajinagar,112.0,120.0,Not Applicable,Not Applicable,No,Not Applicable,314,Cash,26,4.3,4.1
2024-07-01 18:42:00,CNR9115334758,Canceled by Customer,CID519585,Prime Plus,Indiranagar,Sarjapur Road,,,Change of plans,Not Applicable,Not Applicable,Not Applicable,306,Not Applicable,0,,
2024-07-02 11:31:00,CNR9510234825,Success,CID736038,Prime Sedan,Sarjapur Road,Peenya,161.0,115.0,Not Applicable,Not Applicable,No,Not Applicable,282,UPI,4,3.2,3.5
2024-07-04 18:41:00,CNR8207186606,Canceled by Customer,CID975002,Bike,Varthur,Hosur Road,,,Driver is not moving towards pickup location,Not Applicable,Not Applicable,Not Applicable,626,Not Applicable,0,,
2024-07-10 02:03:00,CNR9408185849,Success,CID587562,eBike,Koramangala,HSR Layout,175.0,45.0,Not Applicable,Not Applicable,No,Not Applicable,196,Cash,26,4.7,4.0
2024-07-12 23:03:00,CNR4696629790,Success,CID758800,eBike,HSR Layout,Magadi Road,35.0,90.0,Not Applicable,Not Applicable,No,Not Applicable,479,Cash,12,4.9,3.9
2024-07-16 09:57:00,CNR3929377283,Canceled by Customer,CID759770,Prime SUV,KR Puram,Ulsoor,,,Driver is not moving towards pickup location,Not Applicable,Not Applicable,Not Applicable,790,Not Applicable,0,,
2024-07-14 13:11:00,CNR3985612326,Canceled by Customer,CID581510,Bike,Koramangala,Ramamurthy Nagar,,,Driver is not moving towards pickup location,Not Applicable,Not Applicable,Not Applicable,888,Not Applicable,0,,
2024-07-03 17:02:00,CNR2765037034,Canceled by Customer,CID273513,Prime SUV,Ulsoor,JP Nagar,,,AC is Not working,Not Applicable,Not Applicable,Not Applicable,879,Not Applicable,0,,
2024-07-07 18:47:00,CNR8850171998,Driver Not Found,CID489189,Prime SUV,KR Puram,Rajajinagar,,,Not Applicable,Not Applicable,Not Applicable,Not Applicable,881,Not Applicable,0,,
2024-07-13 12:09:00,CNR6383357366,Canceled by Customer,CID944715,Bike,Jayanagar,Basavanagudi,,,Driver is not moving towards pickup location,Not Applicable,Not Applicable,Not Applicable,910,Not Applicable,0,,
2024-07-27 17:36:00,CNR6822020670,Success,CID940626,Prime SUV,Yelahanka,Indiranagar,231.0,30.0,Not Applicable,Not Applicable,No,Not Applicable,493,UPI,19,4.3,3.6
2024-07-24 01:33:00,CNR5059615459,Success,CID704115,Mini,Ramamurthy Nagar,Mysore Road,119.0,110.0,Not Applicable,Not Applicable,No,Not Applicable,427,Cash,12,4.2,4.5
2024-07-10 07:34:00,CNR8095565932,Success,CID907726,eBike,Devanahalli,Peenya,49.0,100.0,Not Applicable,Not Applicable,No,Not Applicable,284,Cash,7,3.7,3.7
2024-07-05 21:25:00,CNR1521434843,Canceled by Driver,CID332113,eBike,Bannerghatta Road,Hulimavu,,,Not Applicable,Personal & Car related issue,Not Applicable,Not Applicable,335,Not Applicable,0,,
2024-07-03 06:35:00,CNR8133513174,Canceled by Customer,CID549960,Bike,Electronic City,Sarjapur Road,,,Wrong Address,Not Applicable,Not Applicable,Not Applicable,445,Not Applicable,0,,
2024-07-21 18:06:00,CNR1407757555,Success,CID929274,Mini,Vijayanagar,Hosur Road,119.0,55.0,Not Applicable,Not Applicable,No,Not Applicable,1918,Cash,49,4.6,3.8
2024-07-14 12:38:00,CNR9241674877,Success,CID880228,Mini,Sahakar Nagar,Padmanabhanagar,168.0,135.0,Not Applicable,Not Applicable,No,Not Applicable,331,UPI,22,4.7,4.3
2024-07-13 03:28:00,CNR7329826614,Canceled by Driver,CID117934,eBike,Malleshwaram,Hennur,,,Not Applicable,Personal & Car related issue,Not Applicable,Not Applicable,209,Not Applicable,0,,
2024-07-10 09:04:00,CNR1029517968,Success,CID708260,Prime Plus,Sarjapur Road,Peenya,119.0,30.0,Not Applicable,Not Applicable,No,Not Applicable,436,Cash,20,4.6,4.2
2024-07-13 03:39:00,CNR6862200170,Driver Not Found,CID762897,Prime Sedan,Basavanagudi,Basavanagudi,,,Not Applicable,Not Applicable,Not Applicable,Not Applicable,2343,Not Applicable,0,,
2024-07-30 14:31:00,CNR4973793974,Success,CID863643,Prime Plus,Shivajinagar,Marathahalli,308.0,80.0,Not Applicable,Not Applicable,No,Not Applicable,221,Cash,29,3.2,4.8
2024-07-21 06:27:00,CNR7964689650,Canceled by Customer,CID921638,Prime Plus,Ramamurthy Nagar,Kammanahalli,,,Driver asked to cancel,Not Applicable,Not Applicable,Not Applicable,302,Not Applicable,0,,
2024-07-01 12:50:00,CNR2409491655,Success,CID762271,Auto,Padmanabhanagar,Tumkur Road,119.0,50.0,Not Applicable,Not Applicable,No,Not Applicable,1909,Cash,11,4.0,3.4
2024-07-05 08:13:00,CNR2035786779,Success,CID544032,Mini,Mysore Road,Basavanagudi,245.0,115.0,Not Applicable,Not Applicable,No,Not Applicable,345,UPI,48,3.9,5.0
2024-07-19 17:18:00,CNR7302723129,Success,CID380784,Mini,Mysore Road,Tumkur Road,175.0,105.0,Not Applicable,Not Applicable,No,Not Applicable,214,Cash,20,4.1,3.2
2024-07-30 23:34:00,CNR4323368801,Success,CID389746,Bike,Indiranagar,Yelahanka,126.0,50.0,Not Applicable,Not Applicable,No,Not Applicable,198,Cash,30,3.2,4.9
2024-07-23 05:27:00,CNR2324712347,Success,CID997548,Mini,Chamarajpet,Mysore Road,56.0,130.0,Not Applicable,Not Applicable,No,Not Applicable,2858,Cash,43,4.0,4.3
2024-07-18 04:01:00,CNR1992642205,Success,CID244365,Prime Sedan,Rajarajeshwari Nagar,Varthur,63.0,105.0,Not Applicable,Not Applicable,No,Not Applicable,474,Cash,15,4.6,3.0
2024-07-30 00:00:00,CNR5408299530,Driver Not Found,CID118344,eBike,KR Puram,Shantinagar,,,Not Applicable,Not Applicable,Not Applicable,Not Applicable,952,Not Applicable,0,,
2024-07-27 15:51:00,CNR3665217394,Success,CID865474,Prime Plus,Whitefield,RT Nagar,196.0,135.0,Not Applicable,Not Applicable,No,Not Applicable,455,Cash,47,3.8,4.5
2024-07-25 05:00:00,CNR5602864379,Success,CID964561,Prime Sedan,Majestic,Majestic,63.0,145.0,Not Applicable,Not Applicable,No,Not Applicable,165,UPI,2,3.5,3.3
2024-07-01 03:04:00,CNR8203314526,Canceled by Customer,CID115314,Bike,Bellandur,MG Road,,,Driver is not moving towards pickup location,Not Applicable,Not Applicable,Not Applicable,802,Not Applicable,0,,
2024-07-13 11:10:00,CNR9991439156,Success,CID631185,Prime Sedan,Mysore Road,Yelahanka,196.0,25.0,Not Applicable,Not Applicable,Yes,Customer Demand,718,Cash,31,3.9,4.5
2024-07-14 22:16:00,CNR5496658036,Success,CID468924,Prime SUV,Koramangala,Mysore Road,245.0,50.0,Not Applicable,Not Applicable,No,Not Applicable,477,Cash,41,3.7,3.6
2024-07-02 01:10:00,CNR9715088421,Success,CID527305,Prime SUV,Langford Town,HSR Layout,252.0,80.0,Not Applicable,Not Applicable,No,Not Applicable,308,UPI,27,4.1,3.4
2024-07-06 14:22:00,CNR3240353234,Canceled by Driver,CID723271,Auto,Padmanabhanagar,Bellandur,,,Not Applicable,Customer related issue,Not Applicable,Not Applicable,538,Not Applicable,0,,
2024-07-03 10:08:00,CNR9225517030,Success,CID200959,Prime SUV,Bellandur,Yeshwanthpur,238.0,75.0,Not Applicable,Not Applicable,No,Not Applicable,2644,Cash,46,4.9,4.1
2024-07-07 17:46:00,CNR2856998040,Canceled by Driver,CID918723,Bike,JP Nagar,Marathahalli,,,Not Applicable,Customer related issue,Not Applicable,Not Applicable,689,Not Applicable,0,,
2024-07-10 02:58:00,CNR9094194712,Canceled by Driver,CID489109,Prime Sedan,Cox Town,KR Puram,,,Not Applicable,Customer was coughing/sick,Not Applicable,Not Applicable,258,Not Applicable,0,,
2024-07-17 08:09:00,CNR8331842697,Success,CID497361,Prime Sedan,Hebbal,Nagarbhavi,231.0,125.0,Not Applicable,Not Applicable,No,Not Applicable,209,UPI,44,3.9,4.7
2024-07-02 20:06:00,CNR8455697800,Canceled by Driver,CID367548,Prime Plus,Shivajinagar,JP Nagar,,,Not Applicable,More than permitted people in there,Not Applicable,Not Applicable,827,Not Applicable,0,,
2024-07-17 00:53:00,CNR7042636396,Success,CID626734,Prime Sedan,Peenya,Magadi Road,140.0,90.0,Not Applicable,Not Applicable,Yes,Customer Demand,285,Cash,26,4.8,4.4
2024-07-04 14:45:00,CNR9101338052,Success,CID615935,Prime Sedan,Hennur,Ramamurthy Nagar,182.0,135.0,Not Applicable,Not Applicable,No,Not Applicable,141,Cash,17,4.3,4.0
2024-07-06 21:57:00,CNR2902669994,Success,CID201104,Bike,Ulsoor,Ulsoor,98.0,75.0,Not Applicable,Not Applicable,No,Not Applicable,584,UPI,23,4.6,4.4
2024-07-16 19:27:00,CNR4570983823,Success,CID192133,Prime SUV,Shivajinagar,Chamarajpet,98.0,25.0,Not Applicable,Not Applicable,Yes,Other Issue,232,Cash,3,4.2,3.5
2024-07-25 12:14:00,CNR1680409076,Success,CID536763,eBike,Rajarajeshwari Nagar,Shantinagar,140.0,55.0,Not Applicable,Not Applicable,No,Not Applicable,908,UPI,32,3.7,3.8
2024-07-11 02:27:00,CNR3344012704,Canceled by Customer,CID138313,Prime Sedan,Peenya,Kammanahalli,,,Driver is not moving towards pickup location,Not Applicable,Not Applicable,Not Applicable,330,Not Applicable,0,,
2024-07-13 12:21:00,CNR4364665447,Success,CID371286,Bike,Yeshwanthpur,Devanahalli,238.0,80.0,Not Applicable,Not Applicable,No,Not Applicable,162,Cash,6,4.6,4.9
2024-07-12 06:27:00,CNR8670099369,Success,CID494858,Prime Sedan,Koramangala,Rajajinagar,84.0,90.0,Not Applicable,Not Applicable,No,Not Applicable,112,UPI,35,4.1,3.6
2024-07-18 21:16:00,CNR8540988798,Success,CID150177,Auto,Kadugodi,Jayanagar,182.0,25.0,Not Applicable,Not Applicable,No,Not Applicable,1861,Credit Card,4,3.4,3.5
2024-07-14 13:44:00,CNR6016398691,Canceled by Customer,CID906222,Prime SUV,BTM Layout,Padmanabhanagar,,,Change of plans,Not Applicable,Not Applicable,Not Applicable,185,Not Applicable,0,,
2024-07-17 11:46:00,CNR1073445134,Canceled by Customer,CID918936,Prime SUV,Chickpet,Bannerghatta Road,,,Wrong Address,Not Applicable,Not Applicable,Not Applicable,730,Not Applicable,0,,
2024-07-08 20:20:00,CNR4316242673,Success,CID508403,Prime Plus,Langford Town,Nagarbhavi,175.0,75.0,Not Applicable,Not Applicable,No,Not Applicable,216,UPI,1,3.4,4.4
2024-07-12 02:24:00,CNR2522385532,Success,CID237311,eBike,Nagarbhavi,Hennur,77.0,110.0,Not Applicable,Not Applicable,No,Not Applicable,541,Cash,45,4.4,3.7
2024-07-23 06:29:00,CNR6679621987,Success,CID833164,Bike,KR Puram,Shivajinagar,70.0,35.0,Not Applicable,Not Applicable,No,Not Applicable,388,Cash,37,3.2,4.4
2024-07-15 15:20:00,CNR9967963579,Success,CID538772,Mini,Shivajinagar,Malleshwaram,210.0,75.0,Not Applicable,Not Applicable,No,Not Applicable,184,Cash,43,3.7,3.4
2024-07-18 05:56:00,CNR8810272750,Canceled by Customer,CID964371,Prime SUV,BTM Layout,Chickpet,,,Driver is not moving towards pickup location,Not Applicable,Not Applicable,Not Applicable,2229,Not Applicable,0,,
2024-07-25 23:41:00,CNR2327683280,Success,CID657724,eBike,Yeshwanthpur,Rajarajeshwari Nagar,105.0,25.0,Not Applicable,Not Applicable,No,Not Applicable,241,UPI,10,3.2,3.7
2024-07-26 13:48:00,CNR7403450816,Success,CID603830,Bike,Tumkur Road,Vijayanagar,189.0,55.0,Not Applicable,Not Applicable,No,Not Applicable,440,Cash,33,4.0,4.2
2024-07-28 03:21:00,CNR2371632580,Driver Not Found,CID215646,Mini,Mysore Road,Devanahalli,,,Not Applicable,Not Applicable,Not Applicable,Not Applicable,165,Not Applicable,0,,
2024-07-14 20:45:00,CNR3774211283,Success,CID876562,Bike,Electronic City,Rajarajeshwari Nagar,168.0,140.0,Not Applicable,Not Applicable,No,Not Applicable,384,Cash,19,3.1,4.0
2024-07-21 02:23:00,CNR1233620061,Success,CID285390,Auto,Bannerghatta Road,Sahakar Nagar,154.0,85.0,Not Applicable,Not Applicable,No,Not Applicable,475,Cash,15,4.8,3.7
2024-07-01 12:32:00,CNR6603330200,Canceled by Driver,CID364093,Bike,KR Puram,Tumkur Road,,,Not Applicable,Personal & Car related issue,Not Applicable,Not Applicable,140,Not Applicable,0,,
2024-07-20 03:08:00,CNR4530372938,Canceled by Driver,CID872467,Prime Sedan,Banashankari,HSR Layout,,,Not Applicable,Customer related issue,Not Applicable,Not Applicable,380,Not Applicable,0,,
2024-07-12 08:41:00,CNR1014567183,Driver Not Found,CID981043,Prime Plus,Kengeri,Whitefield,,,Not Applicable,Not Applicable,Not Applicable,Not Applicable,313,Not Applicable,0,,
2024-07-04 21:09:00,CNR6818451449,Canceled by Driver,CID568737,Prime SUV,Vijayanagar,Banashankari,,,Not Applicable,Personal & Car related issue,Not Applicable,Not Applicable,276,Not Applicable,0,,
2024-07-23 16:55:00,CNR6331352992,Success,CID441998,Mini,Banashankari,Magadi Road,203.0,25.0,Not Applicable,Not Applicable,No,Not Applicable,124,Cash,7,3.7,4.9
2024-07-21 20:46:00,CNR8228352485,Success,CID278281,eBike,Hennur,Whitefield,119.0,135.0,Not Applicable,Not Applicable,No,Not Applicable,333,UPI,16,4.7,4.3
2024-07-07 03:19:00,CNR7574203904,Success,CID178568,Bike,Ramamurthy Nagar,RT Nagar,70.0,60.0,Not Applicable,Not Applicable,No,Not Applicable,798,UPI,20,4.1,3.2
2024-07-26 09:37:00,CNR4218924085,Canceled by Driver,CID903740,Prime Sedan,Devanahalli,Langford Town,,,Not Applicable,Customer related issue,Not Applicable,Not Applicable,477,Not Applicable,0,,
2024-07-09 21:21:00,CNR5291360059,Canceled by Driver,CID457276,Prime Sedan,Yelahanka,Bannerghatta Road,,,Not Applicable,Customer was coughing/sick,Not Applicable,Not Applicable,278,Not Applicable,0,,
2024-07-03 15:53:00,CNR8930017349,Success,CID611456,Auto,Jayanagar,Peenya,112.0,45.0,Not Applicable,Not Applicable,No,Not Applicable,140,Cash,1,3.6,3.8
2024-07-15 13:41:00,CNR5989211586,Success,CID109817,eBike,Banashankari,Cox Town,91.0,95.0,Not Applicable,Not Applicable,No,Not Applicable,772,Cash,23,4.6,4.3
2024-07-09 03:48:00,CNR5672002079,Success,CID358690,eBike,RT Nagar,Yeshwanthpur,56.0,135.0,Not Applicable,Not Applicable,No,Not Applicable,768,UPI,32,3.8,3.0
2024-07-28 18:42:00,CNR9107875972,Success,CID491404,Prime Sedan,Nagarbhavi,BTM Layout,168.0,75.0,Not Applicable,Not Applicable,No,Not Applicable,161,Cash,40,4.5,4.1
2024-07-06 02:53:00,CNR3139376081,Success,CID845247,Mini,Hebbal,Kadugodi,210.0,25.0,Not Applicable,Not Applicable,No,Not Applicable,342,UPI,11,3.7,4.2
2024-07-23 19:30:00,CNR6339864762,Driver Not Found,CID778705,Prime SUV,Richmond Town,Chickpet,,,Not Applicable,Not Applicable,Not Applicable,Not Applicable,165,Not Applicable,0,,
2024-07-06 01:32:00,CNR3950067005,Success,CID223973,Mini,Kammanahalli,MG Road,224.0,75.0,Not Applicable,Not Applicable,No,Not Applicable,231,Cash,10,3.6,4.9
2024-07-14 09:17:00,CNR9134960771,Driver Not Found,CID635083,Prime SUV,Hebbal,Yeshwanthpur,,,Not Applicable,Not Applicable,Not Applicable,Not Applicable,486,Not Applicable,0,,
2024-07-27 13:07:00,CNR2436448028,Success,CID355283,Prime Plus,Jayanagar,Kengeri,308.0,65.0,Not Applicable,Not Applicable,No,Not Applicable,303,UPI,48,3.8,3.2
2024-07-10 10:39:00,CNR8522859205,Canceled by Driver,CID797589,Bike,Banashankari,JP Nagar,,,Not Applicable,Customer related issue,Not Applicable,Not Applicable,628,Not Applicable,0,,
2024-07-10 04:22:00,CNR1984318146,Canceled by Driver,CID639144,Auto,Marathahalli,Mysore Road,,,Not Applicable,Personal & Car related issue,Not Applicable,Not Applicable,2106,Not Applicable,0,,
2024-07-02 21:23:00,CNR4774606819,Success,CID447913,eBike,Kengeri,Langford Town,238.0,105.0,Not Applicable,Not Applicable,Yes,Vehicle Breakdown,1887,Cash,32,4.4,4.6
2024-07-07 18:19:00,CNR1319600049,Success,CID514730,Prime Plus,Koramangala,Sarjapur Road,245.0,135.0,Not Applicable,Not Applicable,No,Not Applicable,1989,Cash,42,3.7,4.8
2024-07-06 04:39:00,CNR6505367638,Success,CID952743,Prime Sedan,Frazer Town,Yelahanka,126.0,80.0,Not Applicable,Not Applicable,No,Not Applicable,466,Cash,16,3.7,3.8
2024-07-10 06:20:00,CNR1343889943,Success,CID958041,Prime SUV,Kammanahalli,Rajarajeshwari Nagar,301.0,140.0,Not Applicable,Not Applicable,No,Not Applicable,189,UPI,49,3.2,3.3
2024-07-05 16:34:00,CNR2860127161,Success,CID732408,Prime Plus,Rajarajeshwari Nagar,Chickpet,140.0,140.0,Not Applicable,Not Applicable,No,Not Applicable,370,UPI,37,4.5,3.4
2024-07-08 14:16:00,CNR7601243246,Success,CID101840,Auto,Cox Town,Rajajinagar,56.0,55.0,Not Applicable,Not Applicable,No,Not Applicable,223,Cash,12,4.4,4.4
2024-07-03 10:37:00,CNR9431633990,Success,CID237127,Mini,KR Puram,Marathahalli,35.0,125.0,Not Applicable,Not Applicable,Yes,Vehicle Breakdown,800,Cash,32,4.2,3.1
2024-07-13 22:58:00,CNR8583155062,Driver Not Found,CID650396,Auto,BTM Layout,Bannerghatta Road,,,Not Applicable,Not Applicable,Not Applicable,Not Applicable,356,Not Applicable,0,,
2024-07-02 07:26:00,CNR8998683226,Canceled by Driver,CID450586,Mini,Chamarajpet,Bannerghatta Road,,,Not Applicable,Customer related issue,Not Applicable,Not Applicable,944,Not Applicable,0,,
2024-07-22 00:52:00,CNR3847149359,Success,CID557375,Auto,Hennur,Shivajinagar,91.0,35.0,Not Applicable,Not Applicable,No,Not Applicable,305,UPI,2,4.1,3.1
2024-07-02 19:16:00,CNR9171925313,Canceled by Customer,CID322154,Bike,Basavanagudi,HSR Layout,,,Driver asked to cancel,Not Applicable,Not Applicable,Not Applicable,836,Not Applicable,0,,
2024-07-08 01:14:00,CNR6972348233,Success,CID440834,Prime Plus,Indiranagar,MG Road,266.0,140.0,Not Applicable,Not Applicable,No,Not Applicable,410,Cash,17,3.9,5.0
2024-07-11 21:57:00,CNR6576663161,Canceled by Driver,CID230141,Prime SUV,Sahakar Nagar,Rajarajeshwari Nagar,,,Not Applicable,Personal & Car related issue,Not Applicable,Not Applicable,608,Not Applicable,0,,
2024-07-26 04:35:00,CNR1466757617,Success,CID832482,Prime SUV,Tumkur Road,Bellandur,196.0,110.0,Not Applicable,Not Applicable,No,Not Applicable,1155,UPI,10,4.2,4.8
2024-07-29 11:22:00,CNR4472596564,Success,CID517715,Prime SUV,RT Nagar,RT Nagar,98.0,85.0,Not Applicable,Not Applicable,No,Not Applicable,120,UPI,47,3.3,3.3
2024-07-28 11:09:00,CNR4846866585,Success,CID287101,eBike,Vijayanagar,Shantinagar,154.0,145.0,Not Applicable,Not Applicable,No,Not Applicable,427,Cash,25,3.6,4.9
2024-07-25 13:15:00,CNR2311295372,Success,CID299605,Prime SUV,Ulsoor,Hebbal,252.0,35.0,Not Applicable,Not Applicable,No,Not Applicable,299,Cash,7,3.2,3.1
2024-07-24 19:52:00,CNR9876272617,Success,CID676516,Auto,Hosur Road,Yelahanka,238.0,105.0,Not Applicable,Not Applicable,No,Not Applicable,816,Cash,1,4.3,4.0
2024-07-21 23:10:00,CNR6842656355,Driver Not Found,CID691413,Prime Sedan,Hosur Road,Koramangala,,,Not Applicable,Not Applicable,Not Applicable,Not Applicable,182,Not Applicable,0,,
2024-07-03 17:24:00,CNR4114017334,Driver Not Found,CID627605,Prime SUV,Varthur,Richmond Town,,,Not Applicable,Not Applicable,Not Applicable,Not Applicable,412,Not Applicable,0,,
2024-07-26 02:06:00,CNR3117324875,Success,CID245034,Prime SUV,MG Road,BTM Layout,266.0,90.0,Not Applicable,Not Applicable,No,Not Applicable,311,UPI,26,3.1,3.6
2024-07-10 02:04:00,CNR1492236214,Success,CID170357,eBike,Chamarajpet,Vijayanagar,210.0,40.0,Not Applicable,Not Applicable,No,Not Applicable,396,Cash,41,4.3,3.2
2024-07-27 22:29:00,CNR7853947514,Canceled by Driver,CID399134,Auto,Ulsoor,Indiranagar,,,Not Applicable,More than permitted people in there,Not Applicable,Not Applicable,327,Not Applicable,0,,
2024-07-27 15:01:00,CNR3780258576,Success,CID586740,Prime Sedan,Varthur,Mysore Road,35.0,95.0,Not Applicable,Not Applicable,No,Not Applicable,274,UPI,12,3.9,3.5
2024-07-05 06:21:00,CNR6692114462,Canceled by Driver,CID338177,eBike,Vijayanagar,Chamarajpet,,,Not Applicable,More than permitted people in there,Not Applicable,Not Applicable,335,Not Applicable,0,,
2024-07-29 13:59:00,CNR7607194795,Driver Not Found,CID403068,eBike,Kengeri,Kengeri,,,Not Applicable,Not Applicable,Not Applicable,Not Applicable,432,Not Applicable,0,,
2024-07-16 17:07:00,CNR8376865930,Canceled by Driver,CID976865,Prime Sedan,Whitefield,Mysore Road,,,Not Applicable,Personal & Car related issue,Not Applicable,Not Applicable,957,Not Applicable,0,,
2024-07-23 19:31:00,CNR5056789913,Canceled by Driver,CID490262,Auto,Devanahalli,Koramangala,,,Not Applicable,Personal & Car related issue,Not Applicable,Not Applicable,195,Not Applicable,0,,
2024-07-23 14:25:00,CNR8448517623,Success,CID336851,Prime SUV,Langford Town,Majestic,56.0,75.0,Not Applicable,Not Applicable,No,Not Applicable,470,Cash,36,3.4,4.9
2024-07-26 09:24:00,CNR3228193056,Success,CID630172,Prime Sedan,Tumkur Road,Tumkur Road,301.0,25.0,Not Applicable,Not Applicable,No,Not Applicable,281,Cash,46,5.0,5.0
2024-07-04 07:38:00,CNR9301568726,Success,CID410874,Mini,Banashankari,Electronic City,133.0,115.0,Not Applicable,Not Applicable,No,Not Applicable,521,Cash,38,3.3,3.0
2024-07-18 23:53:00,CNR5505995346,Canceled by Driver,CID379736,Prime SUV,BTM Layout,Sarjapur Road,,,Not Applicable,More than permitted people in there,Not Applicable,Not Applicable,468,Not Applicable,0,,
2024-07-16 18:38:00,CNR4662132511,Canceled by Driver,CID725781,Mini,Jayanagar,RT Nagar,,,Not Applicable,Personal & Car related issue,Not Applicable,Not Applicable,708,Not Applicable,0,,
2024-07-13 06:20:00,CNR3911435553,Success,CID369932,Prime Sedan,MG Road,Marathahalli,105.0,145.0,Not Applicable,Not Applicable,No,Not Applicable,401,Cash,46,3.7,3.9
2024-07-27 07:12:00,CNR1743997840,Success,CID768341,Auto,Basavanagudi,Devanahalli,238.0,90.0,Not Applicable,Not Applicable,No,Not Applicable,333,Cash,19,3.1,4.5
2024-07-09 20:19:00,CNR8493620838,Success,CID960463,Mini,Chamarajpet,MG Road,63.0,45.0,Not Applicable,Not Applicable,No,Not Applicable,567,Cash,23,3.1,3.4
2024-07-10 13:23:00,CNR9363434249,Canceled by Driver,CID555375,Bike,Hebbal,Sarjapur Road,,,Not Applicable,More than permitted people in there,Not Applicable,Not Applicable,225,Not Applicable,0,,
2024-07-13 02:06:00,CNR8523119378,Success,CID480962,Prime SUV,Tumkur Road,Kammanahalli,294.0,55.0,Not Applicable,Not Applicable,No,Not Applicable,806,Cash,4,4.7,3.5
2024-07-11 15:08:00,CNR8448236744,Success,CID777900,eBike,Shivajinagar,Whitefield,140.0,65.0,Not Applicable,Not Applicable,No,Not Applicable,112,UPI,10,4.1,3.8
2024-07-12 10:39:00,CNR2229575879,Success,CID825893,Bike,Whitefield,Sarjapur Road,245.0,105.0,Not Applicable,Not Applicable,No,Not Applicable,349,Cash,31,3.4,3.5
2024-07-30 03:49:00,CNR6415700090,Driver Not Found,CID462059,Bike,Cox Town,Hulimavu,,,Not Applicable,Not Applicable,Not Applicable,Not Applicable,718,Not Applicable,0,,
2024-07-11 17:13:00,CNR7512859554,Success,CID809333,Bike,Hennur,Ulsoor,189.0,100.0,Not Applicable,Not Applicable,No,Not Applicable,294,UPI,18,4.9,3.5
2024-07-12 18:36:00,CNR4388596843,Driver Not Found,CID621298,Prime Plus,Sarjapur Road,Bannerghatta Road,,,Not Applicable,Not Applicable,Not Applicable,Not Applicable,123,Not Applicable,0,,
2024-07-25 11:46:00,CNR3111186043,Success,CID601904,Prime Sedan,Chickpet,Bannerghatta Road,231.0,40.0,Not Applicable,Not Applicable,No,Not Applicable,919,Cash,33,4.6,3.9
2024-07-29 16:26:00,CNR6192437301,Driver Not Found,CID503956,Prime Plus,Frazer Town,Magadi Road,,,Not Applicable,Not Applicable,Not Applicable,Not Applicable,246,Not Applicable,0,,
2024-07-30 16:26:00,CNR5408747139,Canceled by Driver,CID352389,Mini,HSR Layout,Basavanagudi,,,Not Applicable,Personal & Car related issue,Not Applicable,Not Applicable,983,Not Applicable,0,,
2024-07-10 10:05:00,CNR2694248602,Success,CID267844,eBike,Varthur,HSR Layout,168.0,115.0,Not Applicable,Not Applicable,No,Not Applicable,465,Cash,43,3.2,4.9
2024-07-30 03:55:00,CNR4686421425,Success,CID866049,Prime Sedan,Yeshwanthpur,Magadi Road,238.0,80.0,Not Applicable,Not Applicable,No,Not Applicable,198,UPI,27,3.1,4.1
2024-07-10 09:23:00,CNR7565414628,Success,CID546418,Prime Plus,Rajarajeshwari Nagar,Cox Town,224.0,85.0,Not Applicable,Not Applicable,No,Not Applicable,2739,Cash,35,3.7,4.9
2024-07-14 05:17:00,CNR1601802486,Canceled by Customer,CID377851,eBike,JP Nagar,Ulsoor,,,Change of plans,Not Applicable,Not Applicable,Not Applicable,153,Not Applicable,0,,
2024-07-23 07:20:00,CNR7055627272,Driver Not Found,CID339019,Prime SUV,Sahakar Nagar,MG Road,,,Not Applicable,Not Applicable,Not Applicable,Not Applicable,2380,Not Applicable,0,,
2024-07-14 03:11:00,CNR3702880259,Success,CID849747,Auto,Malleshwaram,Rajajinagar,175.0,55.0,Not Applicable,Not Applicable,No,Not Applicable,162,Credit Card,4,4.7,4.2
2024-07-10 11:06:00,CNR4714361034,Success,CID506991,Prime Sedan,Electronic City,BTM Layout,119.0,30.0,Not Applicable,Not Applicable,No,Not Applicable,139,UPI,21,4.1,3.5
2024-07-29 07:42:00,CNR1637728464,Success,CID930142,Prime Plus,Bellandur,Malleshwaram,119.0,50.0,Not Applicable,Not Applicable,No,Not Applicable,178,UPI,14,4.1,3.5
2024-07-14 00:16:00,CNR6591878486,Success,CID206433,Auto,Hulimavu,Sahakar Nagar,91.0,35.0,Not Applicable,Not Applicable,No,Not Applicable,684,Cash,14,4.2,4.3
2024-07-26 18:42:00,CNR4435988097,Success,CID464783,Prime SUV,Shantinagar,Varthur,308.0,90.0,Not Applicable,Not Applicable,No,Not Applicable,394,Cash,8,3.3,3.6
2024-07-20 06:41:00,CNR9326761610,Success,CID716397,Mini,Marathahalli,Richmond Town,238.0,135.0,Not Applicable,Not Applicable,No,Not Applicable,205,UPI,46,4.7,3.2
2024-07-15 03:56:00,CNR4693788215,Success,CID768017,Mini,Banashankari,Varthur,259.0,30.0,Not Applicable,Not Applicable,No,Not Applicable,324,Cash,9,4.2,4.4
2024-07-10 19:57:00,CNR4600856389,Success,CID104579,Bike,Tumkur Road,JP Nagar,217.0,65.0,Not Applicable,Not Applicable,No,Not Applicable,2971,Cash,28,4.3,4.5
2024-07-29 18:30:00,CNR4462007311,Success,CID371663,eBike,Bannerghatta Road,JP Nagar,231.0,70.0,Not Applicable,Not Applicable,No,Not Applicable,784,UPI,29,4.2,3.6
2024-07-21 19:46:00,CNR5508214610,Canceled by Driver,CID133526,Bike,Hulimavu,Devanahalli,,,Not Applicable,Personal & Car related issue,Not Applicable,Not Applicable,557,Not Applicable,0,,
2024-07-04 02:43:00,CNR6985510447,Success,CID187630,eBike,MG Road,Ramamurthy Nagar,189.0,35.0,Not Applicable,Not Applicable,No,Not Applicable,171,UPI,33,3.1,4.1
2024-07-02 01:50:00,CNR2859711410,Success,CID999638,Bike,HSR Layout,Langford Town,259.0,130.0,Not Applicable,Not Applicable,No,Not Applicable,474,Credit Card,33,4.6,3.6
2024-07-18 15:51:00,CNR7761610889,Success,CID466309,Prime Plus,Langford Town,Langford Town,231.0,30.0,Not Applicable,Not Applicable,No,Not Applicable,267,Cash,28,3.4,4.4
2024-07-15 00:53:00,CNR7674745640,Success,CID561535,Auto,Shantinagar,RT Nagar,189.0,65.0,Not Applicable,Not Applicable,No,Not Applicable,328,UPI,8,4.2,3.3
2024-07-28 04:41:00,CNR4187942668,Driver Not Found,CID975110,Prime SUV,Electronic City,Kadugodi,,,Not Applicable,Not Applicable,Not Applicable,Not Applicable,383,Not Applicable,0,,
2024-07-03 10:00:00,CNR1050127028,Canceled by Driver,CID156595,Mini,Shantinagar,Basavanagudi,,,Not Applicable,More than permitted people in there,Not Applicable,Not Applicable,272,Not Applicable,0,,
2024-07-16 12:17:00,CNR4664539628,Success,CID505860,Prime SUV,Kammanahalli,Bellandur,105.0,105.0,Not Applicable,Not Applicable,No,Not Applicable,122,UPI,29,3.6,4.0
2024-07-17 10:11:00,CNR5843906942,Success,CID166322,Prime SUV,Marathahalli,JP Nagar,168.0,135.0,Not Applicable,Not Applicable,No,Not Applicable,862,Cash,42,3.3,3.3
2024-07-27 21:38:00,CNR2153215546,Success,CID240558,eBike,Vijayanagar,Hosur Road,301.0,60.0,Not Applicable,Not Applicable,No,Not Applicable,184,Cash,37,4.1,4.8
2024-07-21 16:59:00,CNR9045177675,Success,CID704866,Auto,Kengeri,Hennur,245.0,85.0,Not Applicable,Not Applicable,No,Not Applicable,447,UPI,13,3.4,3.5
2024-07-01 00:09:00,CNR9184474251,Success,CID979150,eBike,KR Puram,Mysore Road,154.0,45.0,Not Applicable,Not Applicable,No,Not Applicable,393,UPI,42,4.2,5.0
2024-07-07 10:45:00,CNR5097600507,Success,CID990800,Mini,Ramamurthy Nagar,Chickpet,273.0,35.0,Not Applicable,Not Applicable,No,Not Applicable,829,Cash,43,3.3,3.5
2024-07-19 03:39:00,CNR8303840528,Success,CID390417,Bike,Sarjapur Road,Bannerghatta Road,259.0,30.0,Not Applicable,Not Applicable,No,Not Applicable,124,Cash,2,3.1,4.7
2024-07-15 04:30:00,CNR1217443910,Success,CID217189,Bike,Nagarbhavi,BTM Layout,245.0,135.0,Not Applicable,Not Applicable,No,Not Applicable,421,Cash,45,3.5,4.3
2024-07-28 17:09:00,CNR8145048617,Success,CID166611,Bike,Magadi Road,Banashankari,56.0,30.0,Not Applicable,Not Applicable,No,Not Applicable,456,Cash,9,3.8,3.2
2024-07-23 02:47:00,CNR4910934029,Driver Not Found,CID120136,Prime SUV,Devanahalli,JP Nagar,,,Not Applicable,Not Applicable,Not Applicable,Not Applicable,201,Not Applicable,0,,
2024-07-21 15:36:00,CNR1479696044,Success,CID429823,Bike,JP Nagar,Richmond Town,196.0,75.0,Not Applicable,Not Applicable,No,Not Applicable,203,Cash,48,3.7,5.0
2024-07-19 00:18:00,CNR6982999611,Success,CID682645,Auto,Nagarbhavi,Langford Town,189.0,140.0,Not Applicable,Not Applicable,No,Not Applicable,213,Cash,18,3.5,3.3
2024-07-20 07:33:00,CNR4016926787,Canceled by Driver,CID598031,Auto,Kammanahalli,Electronic City,,,Not Applicable,Customer was coughing/sick,Not Applicable,Not Applicable,158,Not Applicable,0,,
2024-07-10 12:19:00,CNR1356279436,Canceled by Customer,CID533115,Mini,Ulsoor,Rajajinagar,,,Driver asked to cancel,Not Applicable,Not Applicable,Not Applicable,351,Not Applicable,0,,
2024-07-08 19:20:00,CNR3765727397,Canceled by Driver,CID119345,eBike,Frazer Town,Basavanagudi,,,Not Applicable,Personal & Car related issue,Not Applicable,Not Applicable,806,Not Applicable,0,,
2024-07-14 12:03:00,CNR8571486724,Success,CID964412,Auto,Rajajinagar,Electronic City,147.0,135.0,Not Applicable,Not Applicable,No,Not Applicable,718,UPI,7,3.5,4.3
2024-07-15 19:08:00,CNR9265643246,Success,CID499955,Bike,Hebbal,Ramamurthy Nagar,308.0,50.0,Not Applicable,Not Applicable,No,Not Applicable,180,Cash,1,4.3,3.9
2024-07-10 08:40:00,CNR7455613205,Success,CID935513,Prime Sedan,Yeshwanthpur,JP Nagar,175.0,35.0,Not Applicable,Not Applicable,No,Not Applicable,772,UPI,8,3.5,3.5
2024-07-28 04:36:00,CNR2480395082,Success,CID200170,Auto,HSR Layout,Yeshwanthpur,112.0,40.0,Not Applicable,Not Applicable,No,Not Applicable,271,UPI,11,4.8,4.6
2024-07-01 07:26:00,CNR2510958957,Driver Not Found,CID774237,Prime Plus,Langford Town,BTM Layout,,,Not Applicable,Not Applicable,Not Applicable,Not Applicable,200,Not Applicable,0,,
2024-07-17 22:19:00,CNR8531229195,Driver Not Found,CID783089,Prime SUV,Rajajinagar,Peenya,,,Not Applicable,Not Applicable,Not Applicable,Not Applicable,214,Not Applicable,0,,
2024-07-04 20:46:00,CNR4777637499,Canceled by Driver,CID504229,Prime SUV,Padmanabhanagar,Frazer Town,,,Not Applicable,Personal & Car related issue,Not Applicable,Not Applicable,133,Not Applicable,0,,
2024-07-06 10:31:00,CNR5337657628,Driver Not Found,CID200761,eBike,Cox Town,Basavanagudi,,,Not Applicable,Not Applicable,Not Applicable,Not Applicable,335,Not Applicable,0,,
2024-07-27 01:05:00,CNR3808162044,Success,CID802819,Bike,Peenya,Magadi Road,42.0,135.0,Not Applicable,Not Applicable,No,Not Applicable,328,Credit Card,7,4.2,4.8
2024-07-07 05:53:00,CNR3566738427,Success,CID454212,Prime SUV,Vijayanagar,HSR Layout,273.0,25.0,Not Applicable,Not Applicable,No,Not Applicable,636,Cash,30,4.7,4.2
2024-07-20 21:39:00,CNR3265822153,Canceled by Customer,CID505135,Prime Sedan,Kengeri,Padmanabhanagar,,,Driver is not moving towards pickup location,Not Applicable,Not Applicable,Not Applicable,155,Not Applicable,0,,
2024-07-18 01:12:00,CNR8699526935,Success,CID707962,Mini,Jayanagar,Whitefield,266.0,135.0,Not Applicable,Not Applicable,No,Not Applicable,887,UPI,17,4.7,3.7
2024-07-07 17:21:00,CNR7311076246,Success,CID417795,Mini,Koramangala,Banashankari,35.0,50.0,Not Applicable,Not Applicable,No,Not Applicable,253,Cash,7,4.9,4.3
2024-07-02 01:22:00,CNR8280540023,Success,CID356580,Mini,Devanahalli,Yelahanka,112.0,120.0,Not Applicable,Not Applicable,No,Not Applicable,346,Debit Card,46,3.5,4.7
2024-07-13 04:07:00,CNR7777919797,Canceled by Customer,CID737976,Prime SUV,Hulimavu,Nagarbhavi,,,AC is Not working,Not Applicable,Not Applicable,Not Applicable,431,Not Applicable,0,,
2024-07-19 15:50:00,CNR6573514646,Canceled by Driver,CID960075,Prime Plus,Ulsoor,Jayanagar,,,Not Applicable,Customer was coughing/sick,Not Applicable,Not Applicable,932,Not Applicable,0,,
2024-07-12 06:07:00,CNR8620620689,Canceled by Driver,CID613034,Prime SUV,Basavanagudi,Mysore Road,,,Not Applicable,More than permitted people in there,Not Applicable,Not Applicable,148,Not Applicable,0,,
2024-07-16 02:37:00,CNR3936395884,Success,CID345195,Prime SUV,Indiranagar,Chickpet,273.0,105.0,Not Applicable,Not Applicable,No,Not Applicable,732,Cash,33,3.9,5.0
2024-07-19 09:33:00,CNR5409780484,Canceled by Customer,CID280993,eBike,Electronic City,Hosur Road,,,AC is Not working,Not Applicable,Not Applicable,Not Applicable,217,Not Applicable,0,,
2024-07-22 19:14:00,CNR4549061045,Success,CID416979,Auto,Shivajinagar,Peenya,196.0,75.0,Not Applicable,Not Applicable,No,Not Applicable,408,Cash,12,4.7,3.1
2024-07-27 02:57:00,CNR3430098012,Canceled by Driver,CID392780,Auto,Chickpet,Langford Town,,,Not Applicable,Personal & Car related issue,Not Applicable,Not Applicable,213,Not Applicable,0,,
2024-07-14 10:47:00,CNR9531683564,Success,CID130986,eBike,Kammanahalli,Kammanahalli,98.0,105.0,Not Applicable,Not Applicable,No,Not Applicable,131,Credit Card,5,4.8,4.8
2024-07-28 08:12:00,CNR5047205140,Success,CID210860,Prime Sedan,MG Road,Devanahalli,35.0,60.0,Not Applicable,Not Applicable,No,Not Applicable,850,UPI,44,4.6,4.1
2024-07-26 07:41:00,CNR7161989083,Success,CID431020,Prime Sedan,Mysore Road,Rajarajeshwari Nagar,84.0,45.0,Not Applicable,Not Applicable,No,Not Applicable,505,Cash,7,3.8,3.8
2024-07-29 08:22:00,CNR6804219274,Success,CID392819,Prime Plus,Nagarbhavi,Shantinagar,119.0,130.0,Not Applicable,Not Applicable,No,Not Applicable,2289,Cash,24,3.3,4.2
2024-07-20 22:38:00,CNR6402062504,Success,CID334176,Prime Plus,Malleshwaram,Kammanahalli,168.0,55.0,Not Applicable,Not Applicable,No,Not Applicable,410,Cash,12,3.2,3.1
2024-07-03 17:22:00,CNR4676468706,Canceled by Driver,CID780547,Prime Sedan,RT Nagar,Chickpet,,,Not Applicable,Customer related issue,Not Applicable,Not Applicable,401,Not Applicable,0,,
2024-07-26 10:19:00,CNR8406445969,Canceled by Customer,CID952770,eBike,RT Nagar,Ramamurthy Nagar,,,Driver asked to cancel,Not Applicable,Not Applicable,Not Applicable,445,Not Applicable,0,,
2024-07-24 20:48:00,CNR3200891061,Canceled by Driver,CID644274,Auto,Devanahalli,Majestic,,,Not Applicable,Personal & Car related issue,Not Applicable,Not Applicable,165,Not Applicable,0,,
2024-07-22 23:46:00,CNR2851739863,Canceled by Driver,CID578798,Prime Sedan,Vijayanagar,Langford Town,,,Not Applicable,Customer related issue,Not Applicable,Not Applicable,738,Not Applicable,0,,
2024-07-10 02:49:00,CNR6230488259,Success,CID179878,Prime SUV,HSR Layout,Bellandur,70.0,100.0,Not Applicable,Not Applicable,No,Not Applicable,369,UPI,31,3.4,4.8
2024-07-06 19:01:00,CNR5363673493,Canceled by Customer,CID199258,Auto,HSR Layout,Vijayanagar,,,Driver is not moving towards pickup location,Not Applicable,Not Applicable,Not Applicable,104,Not Applicable,0,,
2024-07-24 14:38:00,CNR7594996275,Success,CID101318,Bike,RT Nagar,Marathahalli,77.0,75.0,Not Applicable,Not Applicable,No,Not Applicable,586,Cash,33,3.2,3.8
2024-07-11 18:41:00,CNR2010991046,Success,CID190648,Auto,Padmanabhanagar,Hennur,238.0,85.0,Not Applicable,Not Applicable,No,Not Applicable,725,UPI,12,3.1,4.0
2024-07-09 11:44:00,CNR8384499407,Driver Not Found,CID901930,Prime SUV,Shantinagar,Sarjapur Road,,,Not Applicable,Not Applicable,Not Applicable,Not Applicable,905,Not Applicable,0,,
2024-07-07 23:46:00,CNR8776708594,Success,CID919899,Prime Sedan,Yeshwanthpur,Majestic,252.0,25.0,Not Applicable,Not Applicable,No,Not Applicable,1249,UPI,31,5.0,3.4
2024-07-25 15:44:00,CNR1662085707,Success,CID294152,Bike,Vijayanagar,Frazer Town,189.0,125.0,Not Applicable,Not Applicable,No,Not Applicable,378,Cash,44,3.0,3.4
2024-07-18 09:29:00,CNR4481407482,Success,CID951199,Prime Plus,Bellandur,MG Road,133.0,140.0,Not Applicable,Not Applicable,No,Not Applicable,615,UPI,42,3.5,4.8
2024-07-24 16:28:00,CNR2848129612,Success,CID863602,Bike,Shantinagar,Frazer Town,49.0,75.0,Not Applicable,Not Applicable,No,Not Applicable,2851,UPI,42,5.0,3.4
2024-07-15 03:25:00,CNR9850290243,Success,CID886422,Auto,Electronic City,Yeshwanthpur,126.0,70.0,Not Applicable,Not Applicable,No,Not Applicable,140,UPI,8,4.8,4.1
2024-07-10 23:27:00,CNR3947740189,Success,CID494631,Prime Plus,Hebbal,HSR Layout,77.0,60.0,Not Applicable,Not Applicable,No,Not Applicable,467,UPI,20,4.9,4.5
2024-07-06 09:11:00,CNR7197181818,Driver Not Found,CID377049,Prime Sedan,Ramamurthy Nagar,Marathahalli,,,Not Applicable,Not Applicable,Not Applicable,Not Applicable,329,Not Applicable,0,,
2024-07-21 19:55:00,CNR5290535821,Success,CID598475,Prime SUV,Indiranagar,Indiranagar,133.0,145.0,Not Applicable,Not Applicable,No,Not Applicable,483,Cash,5,3.1,4.7
2024-07-03 11:56:00,CNR2734253347,Driver Not Found,CID377320,Prime Sedan,Mysore Road,RT Nagar,,,Not Applicable,Not Applicable,Not Applicable,Not Applicable,110,Not Applicable,0,,
2024-07-03 01:02:00,CNR2233580989,Success,CID946359,Prime SUV,Vijayanagar,Malleshwaram,217.0,105.0,Not Applicable,Not Applicable,No,Not Applicable,265,Cash,34,4.1,3.8
2024-07-30 06:35:00,CNR8128315968,Canceled by Driver,CID604082,Mini,Basavanagudi,Frazer Town,,,Not Applicable,Customer related issue,Not Applicable,Not Applicable,1680,Not Applicable,0,,
2024-07-02 05:51:00,CNR5784454562,Success,CID138461,eBike,Ramamurthy Nagar,Hebbal,154.0,135.0,Not Applicable,Not Applicable,No,Not Applicable,434,Cash,12,3.4,4.3
2024-07-17 23:29:00,CNR6805524151,Driver Not Found,CID692324,Auto,Rajajinagar,Malleshwaram,,,Not Applicable,Not Applicable,Not Applicable,Not Applicable,247,Not Applicable,0,,
2024-07-22 15:50:00,CNR3634898572,Canceled by Driver,CID184327,Prime Sedan,Peenya,RT Nagar,,,Not Applicable,Customer was coughing/sick,Not Applicable,Not Applicable,181,Not Applicable,0,,
2024-07-24 11:27:00,CNR7189110110,Success,CID802611,Prime Sedan,Chickpet,Basavanagudi,77.0,35.0,Not Applicable,Not Applicable,No,Not Applicable,716,UPI,44,3.0,3.5
2024-07-23 05:00:00,CNR1181539996,Success,CID260484,Prime SUV,Shantinagar,Ulsoor,168.0,80.0,Not Applicable,Not Applicable,No,Not Applicable,472,Credit Card,5,4.0,3.3
2024-07-29 19:56:00,CNR9438547841,Canceled by Customer,CID991523,eBike,Koramangala,Jayanagar,,,Wrong Address,Not Applicable,Not Applicable,Not Applicable,750,Not Applicable,0,,
2024-07-13 05:54:00,CNR2070787287,Success,CID749196,Bike,Chickpet,Whitefield,294.0,130.0,Not Applicable,Not Applicable,No,Not Applicable,264,UPI,5,4.1,4.4
2024-07-23 09:16:00,CNR3822091797,Success,CID412595,Prime Sedan,Indiranagar,Bannerghatta Road,210.0,55.0,Not Applicable,Not Applicable,No,Not Applicable,463,UPI,44,3.3,4.6
2024-07-02 18:30:00,CNR7615399872,Canceled by Driver,CID136907,Prime Plus,Sahakar Nagar,Yelahanka,,,Not Applicable,Customer related issue,Not Applicable,Not Applicable,110,Not Applicable,0,,
2024-07-21 21:54:00,CNR2096123810,Success,CID783955,Prime Plus,Frazer Town,Jayanagar,224.0,25.0,Not Applicable,Not Applicable,No,Not Applicable,439,Cash,20,5.0,4.5
2024-07-15 10:37:00,CNR8714765029,Success,CID694205,Prime Plus,Banashankari,Mysore Road,182.0,25.0,Not Applicable,Not Applicable,No,Not Applicable,244,UPI,22,3.9,4.9
2024-07-24 08:32:00,CNR7898403589,Success,CID706172,Bike,Banashankari,Hennur,210.0,45.0,Not Applicable,Not Applicable,No,Not Applicable,238,UPI,47,4.3,4.2
2024-07-22 02:13:00,CNR4365217670,Success,CID131895,Bike,Indiranagar,Basavanagudi,112.0,135.0,Not Applicable,Not Applicable,No,Not Applicable,191,UPI,31,3.1,4.7
2024-07-23 19:17:00,CNR3105474996,Success,CID593166,Prime Sedan,BTM Layout,Basavanagudi,294.0,115.0,Not Applicable,Not Applicable,No,Not Applicable,1751,UPI,16,3.1,3.6
2024-07-26 19:05:00,CNR5077100029,Success,CID376765,Mini,Vijayanagar,Shantinagar,98.0,105.0,Not Applicable,Not Applicable,No,Not Applicable,522,Cash,15,4.2,4.4
2024-07-30 00:35:00,CNR5218046647,Success,CID394352,eBike,RT Nagar,Yeshwanthpur,252.0,30.0,Not Applicable,Not Applicable,No,Not Applicable,379,UPI,26,3.3,3.7
2024-07-18 13:17:00,CNR6544472351,Success,CID481142,Auto,Ulsoor,Kengeri,273.0,115.0,Not Applicable,Not Applicable,No,Not Applicable,300,Cash,7,4.8,4.5
2024-07-20 04:02:00,CNR9399007933,Success,CID579303,Mini,Rajajinagar,Rajarajeshwari Nagar,266.0,125.0,Not Applicable,Not Applicable,No,Not Applicable,215,UPI,11,3.9,3.9
2024-07-17 11:30:00,CNR1616861617,Success,CID176856,Bike,Malleshwaram,Chamarajpet,196.0,55.0,Not Applicable,Not Applicable,No,Not Applicable,1961,UPI,18,3.9,4.1
2024-07-26 22:31:00,CNR9063768923,Success,CID141083,Bike,Vijayanagar,Langford Town,161.0,85.0,Not Applicable,Not Applicable,No,Not Applicable,154,UPI,35,4.5,3.6
2024-07-03 12:35:00,CNR2274425563,Canceled by Driver,CID172265,Auto,Ramamurthy Nagar,Kengeri,,,Not Applicable,Customer related issue,Not Applicable,Not Applicable,598,Not Applicable,0,,
2024-07-19 01:46:00,CNR5324519428,Canceled by Driver,CID786273,Mini,Sahakar Nagar,Langford Town,,,Not Applicable,Customer was coughing/sick,Not Applicable,Not Applicable,804,Not Applicable,0,,
2024-07-27 13:53:00,CNR5837509618,Success,CID368366,Mini,Electronic City,Nagarbhavi,154.0,70.0,Not Applicable,Not Applicable,Yes,Vehicle Breakdown,305,Cash,19,4.3,3.6
2024-07-16 04:28:00,CNR8218135951,Success,CID954949,Prime Sedan,Rajarajeshwari Nagar,Hennur,119.0,145.0,Not Applicable,Not Applicable,No,Not Applicable,2759,Cash,37,3.2,3.9
2024-07-30 22:37:00,CNR7248991907,Success,CID945058,eBike,Cox Town,RT Nagar,63.0,115.0,Not Applicable,Not Applicable,No,Not Applicable,849,UPI,34,4.2,3.6
2024-07-03 20:53:00,CNR1315958044,Success,CID709850,Prime Plus,Kammanahalli,Cox Town,98.0,80.0,Not Applicable,Not Applicable,Yes,Customer Demand,302,Cash,19,3.7,4.6
2024-07-09 04:20:00,CNR1491808733,Success,CID486036,Prime Sedan,Indiranagar,Hebbal,182.0,80.0,Not Applicable,Not Applicable,No,Not Applicable,399,Cash,8,4.8,4.2
2024-07-18 14:19:00,CNR8460579380,Success,CID375105,Prime Sedan,Peenya,Kadugodi,70.0,115.0,Not Applicable,Not Applicable,No,Not Applicable,463,UPI,4,3.2,4.9
2024-07-23 15:34:00,CNR4827847302,Success,CID296726,Prime Sedan,Ulsoor,Koramangala,91.0,145.0,Not Applicable,Not Applicable,No,Not Applicable,242,Cash,10,3.3,3.3
2024-07-21 15:10:00,CNR3493814230,Canceled by Customer,CID221336,Prime SUV,Yeshwanthpur,Yelahanka,,,Wrong Address,Not Applicable,Not Applicable,Not Applicable,459,Not Applicable,0,,
2024-07-16 23:19:00,CNR1141579991,Success,CID915074,Mini,Shantinagar,Ulsoor,266.0,85.0,Not Applicable,Not Applicable,No,Not Applicable,496,Cash,8,4.0,4.6
2024-07-20 22:15:00,CNR6319844023,Canceled by Driver,CID965568,Prime Plus,Kammanahalli,Kengeri,,,Not Applicable,Customer was coughing/sick,Not Applicable,Not Applicable,793,Not Applicable,0,,
2024-07-16 07:06:00,CNR1422877205,Driver Not Found,CID102955,Prime Plus,Ulsoor,Langford Town,,,Not Applicable,Not Applicable,Not Applicable,Not Applicable,207,Not Applicable,0,,
2024-07-03 19:55:00,CNR8284758686,Canceled by Customer,CID566143,Mini,Mysore Road,Magadi Road,,,Driver is not moving towards pickup location,Not Applicable,Not Applicable,Not Applicable,229,Not Applicable,0,,
2024-07-30 02:17:00,CNR3748370477,Success,CID696419,Prime SUV,Ulsoor,Langford Town,161.0,120.0,Not Applicable,Not Applicable,No,Not Applicable,987,UPI,28,4.7,4.8
2024-07-20 20:32:00,CNR8854396095,Canceled by Driver,CID425351,Auto,Shivajinagar,Kengeri,,,Not Applicable,Personal & Car related issue,Not Applicable,Not Applicable,215,Not Applicable,0,,
2024-07-23 18:49:00,CNR1919699026,Canceled by Driver,CID632868,Mini,Yelahanka,MG Road,,,Not Applicable,More than permitted people in there,Not Applicable,Not Applicable,225,Not Applicable,0,,
2024-07-17 17:51:00,CNR1457691754,Success,CID195709,Prime Plus,Malleshwaram,Kadugodi,252.0,115.0,Not Applicable,Not Applicable,No,Not Applicable,202,UPI,38,3.1,4.7
2024-07-21 03:59:00,CNR2601182317,Driver Not Found,CID841728,Prime SUV,Electronic City,Majestic,,,Not Applicable,Not Applicable,Not Applicable,Not Applicable,179,Not Applicable,0,,
2024-07-05 00:33:00,CNR1596128735,Success,CID569809,eBike,Hennur,Padmanabhanagar,161.0,30.0,Not Applicable,Not Applicable,No,Not Applicable,449,Cash,45,4.7,4.2
2024-07-03 01:37:00,CNR3100967101,Canceled by Driver,CID688326,Prime Plus,Frazer Town,Majestic,,,Not Applicable,More than permitted people in there,Not Applicable,Not Applicable,164,Not Applicable,0,,
2024-07-03 11:12:00,CNR8967352749,Success,CID834669,Prime SUV,Magadi Road,Devanahalli,49.0,50.0,Not Applicable,Not Applicable,No,Not Applicable,899,Cash,15,4.0,3.2
2024-07-05 09:31:00,CNR4773319260,Success,CID724027,Bike,Peenya,Bannerghatta Road,301.0,45.0,Not Applicable,Not Applicable,No,Not Applicable,770,Cash,40,5.0,3.3
2024-07-01 18:26:00,CNR6305035267,Success,CID448386,Auto,Devanahalli,Indiranagar,259.0,105.0,Not Applicable,Not Applicable,No,Not Applicable,343,UPI,16,4.3,4.9
2024-07-03 19:04:00,CNR9324400983,Success,CID493669,Prime Sedan,MG Road,Frazer Town,105.0,120.0,Not Applicable,Not Applicable,Yes,Customer Demand,289,Cash,32,4.0,4.1
2024-07-13 19:22:00,CNR2005794204,Canceled by Driver,CID890353,Prime Sedan,Chamarajpet,Banashankari,,,Not Applicable,Personal & Car related issue,Not Applicable,Not Applicable,2962,Not Applicable,0,,
2024-07-23 04:44:00,CNR8519316277,Canceled by Customer,CID344892,Prime Plus,Jayanagar,Basavanagudi,,,Wrong Address,Not Applicable,Not Applicable,Not Applicable,857,Not Applicable,0,,
2024-07-11 10:13:00,CNR5097734548,Success,CID757334,Prime Sedan,Hebbal,Malleshwaram,105.0,60.0,Not Applicable,Not Applicable,No,Not Applicable,500,Cash,40,3.2,4.1
2024-07-14 09:56:00,CNR8784673449,Canceled by Customer,CID761662,eBike,Chickpet,Padmanabhanagar,,,Driver is not moving towards pickup location,Not Applicable,Not Applicable,Not Applicable,274,Not Applicable,0,,
2024-07-11 03:09:00,CNR5001759929,Driver Not Found,CID930643,Prime Plus,Yelahanka,Marathahalli,,,Not Applicable,Not Applicable,Not Applicable,Not Applicable,243,Not Applicable,0,,
2024-07-05 14:46:00,CNR3250126876,Canceled by Driver,CID333286,Mini,Chamarajpet,JP Nagar,,,Not Applicable,Customer related issue,Not Applicable,Not Applicable,696,Not Applicable,0,,
2024-07-16 02:46:00,CNR9987374132,Canceled by Driver,CID718979,Prime Sedan,Peenya,RT Nagar,,,Not Applicable,Personal & Car related issue,Not Applicable,Not Applicable,1609,Not Applicable,0,,
2024-07-29 17:38:00,CNR3862027806,Success,CID363510,Prime Sedan,Ramamurthy Nagar,Varthur,217.0,95.0,Not Applicable,Not Applicable,No,Not Applicable,748,Cash,36,3.5,4.3
2024-07-30 13:35:00,CNR3891709451,Success,CID934954,Prime Plus,Sahakar Nagar,Hosur Road,252.0,85.0,Not Applicable,Not Applicable,No,Not Applicable,196,UPI,49,3.2,3.9
2024-07-18 06:31:00,CNR6469511716,Canceled by Customer,CID321906,eBike,Bellandur,Shivajinagar,,,Change of plans,Not Applicable,Not Applicable,Not Applicable,419,Not Applicable,0,,
2024-07-21 01:27:00,CNR6120740401,Canceled by Driver,CID213333,eBike,Ramamurthy Nagar,HSR Layout,,,Not Applicable,Customer related issue,Not Applicable,Not Applicable,854,Not Applicable,0,,
2024-07-14 18:50:00,CNR4618383094,Success,CID797291,eBike,MG Road,Shivajinagar,259.0,60.0,Not Applicable,Not Applicable,No,Not Applicable,344,Cash,46,4.3,3.3
2024-07-05 11:28:00,CNR7400390758,Success,CID234541,eBike,Banashankari,Kengeri,154.0,55.0,Not Applicable,Not Applicable,No,Not Applicable,454,UPI,41,4.4,4.1
2024-07-25 21:31:00,CNR4532266569,Driver Not Found,CID727314,eBike,Yeshwanthpur,Vijayanagar,,,Not Applicable,Not Applicable,Not Applicable,Not Applicable,335,Not Applicable,0,,
2024-07-08 14:06:00,CNR3602301552,Success,CID191065,Mini,MG Road,Sarjapur Road,98.0,125.0,Not Applicable,Not Applicable,No,Not Applicable,1995,Cash,17,3.5,4.6
2024-07-28 06:31:00,CNR7321798189,Success,CID896638,Mini,Sarjapur Road,Langford Town,259.0,45.0,Not Applicable,Not Applicable,No,Not Applicable,371,UPI,41,4.2,3.2
2024-07-11 13:21:00,CNR7390060910,Driver Not Found,CID911522,Prime Sedan,Kadugodi,Ulsoor,,,Not Applicable,Not Applicable,Not Applicable,Not Applicable,121,Not Applicable,0,,
2024-07-06 01:32:00,CNR8324337672,Success,CID352304,Bike,Sahakar Nagar,Yeshwanthpur,217.0,30.0,Not Applicable,Not Applicable,No,Not Applicable,765,UPI,7,4.8,4.3
2024-07-19 02:19:00,CNR5006352882,Canceled by Driver,CID781459,Auto,Shantinagar,Tumkur Road,,,Not Applicable,Personal & Car related issue,Not Applicable,Not Applicable,648,Not Applicable,0,,
2024-07-07 16:13:00,CNR1241746416,Success,CID572655,Prime Sedan,Magadi Road,Hebbal,245.0,120.0,Not Applicable,Not Applicable,No,Not Applicable,976,Cash,11,4.1,4.7
2024-07-10 19:32:00,CNR2885427857,Success,CID875874,Prime SUV,KR Puram,Basavanagudi,77.0,100.0,Not Applicable,Not Applicable,No,Not Applicable,769,UPI,28,4.2,4.4
2024-07-15 11:59:00,CNR5772992257,Success,CID250632,Auto,Marathahalli,Rajajinagar,84.0,125.0,Not Applicable,Not Applicable,No,Not Applicable,515,UPI,10,3.7,4.3
2024-07-12 00:44:00,CNR3383652241,Driver Not Found,CID986634,Prime Sedan,Cox Town,Kadugodi,,,Not Applicable,Not Applicable,Not Applicable,Not Applicable,425,Not Applicable,0,,
2024-07-15 10:09:00,CNR3837349406,Canceled by Driver,CID368746,eBike,Cox Town,Chickpet,,,Not Applicable,Customer was coughing/sick,Not Applicable,Not Applicable,203,Not Applicable,0,,
2024-07-06 12:44:00,CNR1707305122,Success,CID121130,Bike,Devanahalli,Padmanabhanagar,84.0,95.0,Not Applicable,Not Applicable,No,Not Applicable,373,Cash,43,5.0,4.1
2024-07-26 15:56:00,CNR2598969420,Canceled by Customer,CID957089,Prime SUV,Kadugodi,Varthur,,,Driver asked to cancel,Not Applicable,Not Applicable,Not Applicable,1639,Not Applicable,0,,
2024-07-25 11:07:00,CNR9873999438,Canceled by Driver,CID610484,Auto,Banashankari,Padmanabhanagar,,,Not Applicable,Personal & Car related issue,Not Applicable,Not Applicable,116,Not Applicable,0,,
2024-07-20 05:37:00,CNR5985993966,Success,CID248813,Mini,Peenya,Peenya,126.0,90.0,Not Applicable,Not Applicable,No,Not Applicable,387,Cash,37,3.1,3.2
2024-07-10 05:35:00,CNR4410015334,Canceled by Driver,CID531110,Mini,Bellandur,Shivajinagar,,,Not Applicable,More than permitted people in there,Not Applicable,Not Applicable,197,Not Applicable,0,,
2024-07-22 01:40:00,CNR7917395219,Canceled by Customer,CID720071,Prime Sedan,Rajajinagar,Hennur,,,Change of plans,Not Applicable,Not Applicable,Not Applicable,142,Not Applicable,0,,
2024-07-30 12:04:00,CNR9376856582,Canceled by Customer,CID405052,Mini,Bellandur,Devanahalli,,,Driver is not moving towards pickup location,Not Applicable,Not Applicable,Not Applicable,2625,Not Applicable,0,,
2024-07-01 18:10:00,CNR3400563316,Success,CID839778,eBike,JP Nagar,Bellandur,294.0,110.0,Not Applicable,Not Applicable,No,Not Applicable,260,Cash,24,4.5,3.6
2024-07-24 07:19:00,CNR3235868382,Success,CID196306,eBike,Kammanahalli,Shivajinagar,42.0,80.0,Not Applicable,Not Applicable,No,Not Applicable,1079,Credit Card,46,3.7,4.0
2024-07-09 03:51:00,CNR4276051360,Success,CID259184,Bike,Richmond Town,Ulsoor,154.0,40.0,Not Applicable,Not Applicable,No,Not Applicable,296,Cash,47,3.4,4.4
2024-07-28 10:56:00,CNR1570748167,Canceled by Driver,CID475899,Bike,Nagarbhavi,Peenya,,,Not Applicable,Customer was coughing/sick,Not Applicable,Not Applicable,691,Not Applicable,0,,
2024-07-08 22:04:00,CNR7694899192,Canceled by Driver,CID934782,Prime Plus,JP Nagar,MG Road,,,Not Applicable,Personal & Car related issue,Not Applicable,Not Applicable,2070,Not Applicable,0,,
2024-07-01 01:44:00,CNR5663885363,Canceled by Customer,CID807644,Mini,Electronic City,Rajajinagar,,,Driver is not moving towards pickup location,Not Applicable,Not Applicable,Not Applicable,208,Not Applicable,0,,
2024-07-15 19:22:00,CNR6495402099,Success,CID555704,Bike,Devanahalli,Kadugodi,301.0,70.0,Not Applicable,Not Applicable,No,Not Applicable,775,UPI,47,3.9,4.2
2024-07-02 06:01:00,CNR7357738249,Success,CID962050,Prime SUV,Vijayanagar,Ramamurthy Nagar,112.0,35.0,Not Applicable,Not Applicable,No,Not Applicable,173,Cash,32,4.9,3.8
2024-07-10 11:40:00,CNR4444647055,Success,CID893102,Prime Sedan,Peenya,RT Nagar,231.0,45.0,Not Applicable,Not Applicable,No,Not Applicable,322,Cash,18,3.3,4.0
2024-07-15 05:49:00,CNR3493557437,Success,CID622284,eBike,Varthur,Varthur,287.0,30.0,Not Applicable,Not Applicable,No,Not Applicable,270,Cash,28,4.4,4.4
2024-07-29 19:19:00,CNR5400316647,Success,CID849118,eBike,Jayanagar,Rajajinagar,63.0,105.0,Not Applicable,Not Applicable,No,Not Applicable,446,Cash,29,3.3,3.9
2024-07-18 08:05:00,CNR3430920010,Success,CID242824,Prime Plus,Koramangala,Marathahalli,217.0,55.0,Not Applicable,Not Applicable,No,Not Applicable,325,UPI,22,3.5,3.1
2024-07-03 17:30:00,CNR1270113578,Success,CID705014,eBike,Jayanagar,Devanahalli,266.0,120.0,Not Applicable,Not Applicable,No,Not Applicable,674,UPI,5,3.3,3.1
2024-07-04 14:27:00,CNR1142134425,Canceled by Driver,CID862076,Auto,Kengeri,Yelahanka,,,Not Applicable,Customer was coughing/sick,Not Applicable,Not Applicable,1585,Not Applicable,0,,
2024-07-13 22:08:00,CNR2282600646,Success,CID817413,Prime Plus,Shantinagar,Frazer Town,182.0,55.0,Not Applicable,Not Applicable,No,Not Applicable,249,Cash,30,3.1,4.8
2024-07-05 00:47:00,CNR2995667569,Driver Not Found,CID449218,eBike,Koramangala,Yeshwanthpur,,,Not Applicable,Not Applicable,Not Applicable,Not Applicable,167,Not Applicable,0,,
2024-07-24 05:38:00,CNR5968823375,Success,CID194170,Prime SUV,Whitefield,Richmond Town,112.0,50.0,Not Applicable,Not Applicable,No,Not Applicable,521,Cash,44,3.7,3.2
2024-07-05 18:17:00,CNR3079867426,Canceled by Driver,CID581588,Prime SUV,JP Nagar,MG Road,,,Not Applicable,Customer related issue,Not Applicable,Not Applicable,593,Not Applicable,0,,
2024-07-04 13:58:00,CNR3036093823,Success,CID190481,Prime Plus,JP Nagar,Ulsoor,238.0,55.0,Not Applicable,Not Applicable,No,Not Applicable,280,Cash,18,3.8,4.7
2024-07-06 15:08:00,CNR1954203446,Success,CID983056,Prime SUV,Vijayanagar,Chickpet,84.0,125.0,Not Applicable,Not Applicable,No,Not Applicable,235,Cash,10,4.4,4.9
2024-07-24 06:31:00,CNR7118638045,Success,CID433511,eBike,Frazer Town,Varthur,70.0,35.0,Not Applicable,Not Applicable,No,Not Applicable,171,Cash,16,3.3,4.6
2024-07-06 18:00:00,CNR3985963458,Success,CID201693,Prime Sedan,Langford Town,Magadi Road,308.0,120.0,Not Applicable,Not Applicable,No,Not Applicable,494,UPI,36,4.2,3.4
2024-07-12 17:32:00,CNR2668905824,Success,CID534810,eBike,Bellandur,JP Nagar,154.0,75.0,Not Applicable,Not Applicable,No,Not Applicable,2593,Cash,17,3.1,4.3
2024-07-03 05:35:00,CNR8077716676,Success,CID669760,Mini,Magadi Road,Rajarajeshwari Nagar,147.0,115.0,Not Applicable,Not Applicable,No,Not Applicable,325,Cash,35,4.6,4.8
2024-07-19 02:38:00,CNR7972398731,Driver Not Found,CID603522,Prime SUV,Bellandur,Mysore Road,,,Not Applicable,Not Applicable,Not Applicable,Not Applicable,318,Not Applicable,0,,
2024-07-20 06:38:00,CNR4076367681,Success,CID645156,eBike,Yeshwanthpur,Shantinagar,140.0,25.0,Not Applicable,Not Applicable,No,Not Applicable,960,UPI,42,3.5,3.9
2024-07-30 18:35:00,CNR4859409249,Success,CID798406,Mini,Shivajinagar,Mysore Road,147.0,140.0,Not Applicable,Not Applicable,No,Not Applicable,160,Cash,33,3.9,4.4
2024-07-09 07:02:00,CNR3083082058,Canceled by Driver,CID181872,Prime Sedan,BTM Layout,Bannerghatta Road,,,Not Applicable,Customer was coughing/sick,Not Applicable,Not Applicable,730,Not Applicable,0,,
2024-07-21 07:57:00,CNR8450698376,Success,CID221489,Auto,BTM Layout,Basavanagudi,308.0,145.0,Not Applicable,Not Applicable,No,Not Applicable,158,Cash,4,3.7,4.1
2024-07-30 04:41:00,CNR4289745941,Success,CID894706,Mini,Hulimavu,Frazer Town,154.0,115.0,Not Applicable,Not Applicable,No,Not Applicable,932,UPI,14,4.1,3.4
2024-07-04 20:24:00,CNR1824303977,Success,CID421944,Auto,Peenya,Jayanagar,273.0,95.0,Not Applicable,Not Applicable,No,Not Applicable,614,UPI,7,3.7,3.6
2024-07-12 19:13:00,CNR2386174422,Canceled by Customer,CID487151,Prime SUV,Kammanahalli,Rajarajeshwari Nagar,,,AC is Not working,Not Applicable,Not Applicable,Not Applicable,468,Not Applicable,0,,
2024-07-25 06:32:00,CNR7699776110,Success,CID364169,Auto,Kengeri,Peenya,301.0,105.0,Not Applicable,Not Applicable,No,Not Applicable,142,UPI,7,3.2,4.4
2024-07-28 23:06:00,CNR8723717708,Success,CID561186,Auto,Vijayanagar,BTM Layout,217.0,60.0,Not Applicable,Not Applicable,No,Not Applicable,271,Cash,18,4.6,3.7
2024-07-01 23:18:00,CNR7703896141,Success,CID643888,Bike,Malleshwaram,Kammanahalli,119.0,55.0,Not Applicable,Not Applicable,No,Not Applicable,938,UPI,47,3.7,3.0
2024-07-24 03:52:00,CNR8427152089,Driver Not Found,CID462998,Auto,Basavanagudi,Yeshwanthpur,,,Not Applicable,Not Applicable,Not Applicable,Not Applicable,468,Not Applicable,0,,
2024-07-22 18:17:00,CNR2426835054,Canceled by Customer,CID301784,Prime SUV,Langford Town,Padmanabhanagar,,,Driver is not moving towards pickup location,Not Applicable,Not Applicable,Not Applicable,816,Not Applicable,0,,
2024-07-09 07:07:00,CNR1557223381,Canceled by Driver,CID186147,Prime SUV,Richmond Town,Chickpet,,,Not Applicable,Customer was coughing/sick,Not Applicable,Not Applicable,931,Not Applicable,0,,
2024-07-18 12:26:00,CNR5377582474,Success,CID707468,Mini,Magadi Road,Yelahanka,105.0,50.0,Not Applicable,Not Applicable,Yes,Other Issue,2775,Cash,36,4.4,4.3
2024-07-04 09:19:00,CNR4485176786,Success,CID334332,Prime Sedan,HSR Layout,HSR Layout,175.0,125.0,Not Applicable,Not Applicable,No,Not Applicable,430,Cash,14,4.1,3.5
2024-07-08 11:31:00,CNR5047265674,Canceled by Customer,CID329489,Mini,RT Nagar,Whitefield,,,Driver asked to cancel,Not Applicable,Not Applicable,Not Applicable,428,Not Applicable,0,,
2024-07-21 10:42:00,CNR7155861220,Canceled by Customer,CID672979,eBike,Padmanabhanagar,Bellandur,,,Driver asked to cancel,Not Applicable,Not Applicable,Not Applicable,126,Not Applicable,0,,
2024-07-07 12:58:00,CNR8394486681,Driver Not Found,CID540847,Prime SUV,Rajarajeshwari Nagar,Hosur Road,,,Not Applicable,Not Applicable,Not Applicable,Not Applicable,339,Not Applicable,0,,
2024-07-22 11:39:00,CNR4934679637,Success,CID923643,Prime Sedan,Bellandur,Banashankari,182.0,95.0,Not Applicable,Not Applicable,No,Not Applicable,939,Cash,45,4.7,5.0
2024-07-14 21:09:00,CNR4256188695,Driver Not Found,CID131944,Auto,Electronic City,Vijayanagar,,,Not Applicable,Not Applicable,Not Applicable,Not Applicable,326,Not Applicable,0,,
2024-07-02 12:31:00,CNR2996079717,Success,CID772747,Prime Plus,JP Nagar,Banashankari,203.0,25.0,Not Applicable,Not Applicable,No,Not Applicable,437,Cash,47,4.1,4.2
2024-07-16 00:03:00,CNR4239527229,Canceled by Customer,CID554162,Bike,MG Road,Shantinagar,,,Driver is not moving towards pickup location,Not Applicable,Not Applicable,Not Applicable,1553,Not Applicable,0,,
2024-07-19 04:38:00,CNR3248851611,Success,CID478756,Bike,Tumkur Road,Shivajinagar,35.0,45.0,Not Applicable,Not Applicable,No,Not Applicable,292,UPI,30,4.4,3.7
2024-07-03 14:34:00,CNR9638434284,Success,CID798217,Prime Plus,Nagarbhavi,Chamarajpet,280.0,60.0,Not Applicable,Not Applicable,No,Not Applicable,226,Cash,11,3.5,4.7
2024-07-06 01:30:00,CNR7583401451,Driver Not Found,CID803650,Prime Plus,Bannerghatta Road,Whitefield,,,Not Applicable,Not Applicable,Not Applicable,Not Applicable,414,Not Applicable,0,,
2024-07-09 03:39:00,CNR7612716533,Canceled by Driver,CID316547,Mini,Shivajinagar,Magadi Road,,,Not Applicable,Customer was coughing/sick,Not Applicable,Not Applicable,513,Not Applicable,0,,
2024-07-20 02:18:00,CNR6707253799,Success,CID715182,Prime Plus,Padmanabhanagar,Indiranagar,140.0,130.0,Not Applicable,Not Applicable,No,Not Applicable,1489,Cash,27,5.0,4.2
2024-07-02 21:47:00,CNR1863002436,Success,CID551388,Auto,Richmond Town,Sarjapur Road,294.0,60.0,Not Applicable,Not Applicable,No,Not Applicable,596,Credit Card,7,3.7,3.1
2024-07-16 16:34:00,CNR5984319830,Driver Not Found,CID911596,Prime SUV,RT Nagar,Whitefield,,,Not Applicable,Not Applicable,Not Applicable,Not Applicable,457,Not Applicable,0,,
2024-07-07 21:58:00,CNR2928091006,Success,CID904681,Prime Plus,Jayanagar,Whitefield,224.0,140.0,Not Applicable,Not Applicable,No,Not Applicable,294,UPI,29,4.3,3.4
2024-07-10 06:01:00,CNR6620091034,Success,CID860973,Bike,Mysore Road,Kammanahalli,70.0,55.0,Not Applicable,Not Applicable,No,Not Applicable,451,Cash,28,3.3,3.7
2024-07-22 21:25:00,CNR1170815665,Driver Not Found,CID374663,Prime Sedan,Sarjapur Road,Magadi Road,,,Not Applicable,Not Applicable,Not Applicable,Not Applicable,339,Not Applicable,0,,
2024-07-23 07:30:00,CNR4042089744,Success,CID328061,Prime Sedan,KR Puram,Varthur,70.0,25.0,Not Applicable,Not Applicable,No,Not Applicable,859,Cash,8,4.2,3.0
2024-07-04 10:29:00,CNR4364991232,Success,CID714254,eBike,Richmond Town,Yeshwanthpur,98.0,125.0,Not Applicable,Not Applicable,No,Not Applicable,391,Cash,30,3.2,4.6
2024-07-24 20:53:00,CNR4832397480,Canceled by Driver,CID248032,eBike,Bannerghatta Road,Hebbal,,,Not Applicable,Customer related issue,Not Applicable,Not Applicable,368,Not Applicable,0,,
2024-07-13 03:03:00,CNR3441492482,Success,CID293947,eBike,Rajarajeshwari Nagar,Whitefield,112.0,145.0,Not Applicable,Not Applicable,No,Not Applicable,294,Cash,45,4.2,5.0
2024-07-28 16:55:00,CNR2553538842,Success,CID490169,Prime SUV,Hosur Road,Richmond Town,133.0,75.0,Not Applicable,Not Applicable,No,Not Applicable,125,UPI,20,3.1,3.6
2024-07-16 10:00:00,CNR2591297830,Success,CID906852,eBike,Bannerghatta Road,Rajarajeshwari Nagar,105.0,135.0,Not Applicable,Not Applicable,No,Not Applicable,185,Cash,46,4.6,3.6
2024-07-12 13:08:00,CNR3637097942,Canceled by Driver,CID253326,Mini,Vijayanagar,Basavanagudi,,,Not Applicable,More than permitted people in there,Not Applicable,Not Applicable,245,Not Applicable,0,,
2024-07-28 03:55:00,CNR7970415355,Success,CID331536,Auto,Yeshwanthpur,Majestic,210.0,50.0,Not Applicable,Not Applicable,No,Not Applicable,254,Credit Card,12,4.4,4.3
2024-07-21 00:26:00,CNR9236397599,Success,CID361134,Prime Plus,Rajajinagar,Yelahanka,196.0,45.0,Not Applicable,Not Applicable,No,Not Applicable,404,Cash,29,3.9,3.5
2024-07-12 18:36:00,CNR5031362354,Success,CID380208,Prime SUV,Chamarajpet,Sarjapur Road,154.0,70.0,Not Applicable,Not Applicable,No,Not Applicable,210,Cash,35,4.2,3.8
2024-07-03 10:22:00,CNR2728011819,Canceled by Driver,CID544919,Prime Plus,Richmond Town,Malleshwaram,,,Not Applicable,Customer related issue,Not Applicable,Not Applicable,930,Not Applicable,0,,
2024-07-01 22:11:00,CNR6022296869,Canceled by Customer,CID257272,eBike,Richmond Town,Rajajinagar,,,Wrong Address,Not Applicable,Not Applicable,Not Applicable,412,Not Applicable,0,,
2024-07-21 01:50:00,CNR2765360552,Success,CID378899,Prime SUV,Basavanagudi,Marathahalli,49.0,100.0,Not Applicable,Not Applicable,No,Not Applicable,248,Cash,39,3.8,3.4
2024-07-25 07:56:00,CNR9570508005,Success,CID406277,Prime Plus,RT Nagar,Banashankari,280.0,105.0,Not Applicable,Not Applicable,No,Not Applicable,970,Cash,46,3.1,4.3
2024-07-04 10:47:00,CNR2548281004,Canceled by Customer,CID427893,Bike,Kadugodi,Richmond Town,,,AC is Not working,Not Applicable,Not Applicable,Not Applicable,2010,Not Applicable,0,,
2024-07-24 20:18:00,CNR7584307155,Success,CID951173,Mini,Chickpet,Mysore Road,168.0,25.0,Not Applicable,Not Applicable,No,Not Applicable,587,Credit Card,49,3.1,4.5
2024-07-25 08:07:00,CNR2755186717,Canceled by Driver,CID185923,Auto,Devanahalli,Ramamurthy Nagar,,,Not Applicable,Personal & Car related issue,Not Applicable,Not Applicable,406,Not Applicable,0,,
2024-07-19 09:00:00,CNR2991407407,Canceled by Driver,CID245305,Bike,Yeshwanthpur,Ramamurthy Nagar,,,Not Applicable,Customer related issue,Not Applicable,Not Applicable,995,Not Applicable,0,,
2024-07-28 12:12:00,CNR5385321201,Success,CID478200,Prime Sedan,Shantinagar,Sahakar Nagar,266.0,65.0,Not Applicable,Not Applicable,No,Not Applicable,145,Cash,4,3.9,3.1
2024-07-01 03:53:00,CNR5320818922,Success,CID713280,Prime Plus,Hulimavu,Malleshwaram,252.0,60.0,Not Applicable,Not Applicable,No,Not Applicable,608,Cash,46,4.9,4.9
2024-07-11 15:13:00,CNR3654566895,Success,CID453089,Prime Sedan,Magadi Road,KR Puram,231.0,90.0,Not Applicable,Not Applicable,No,Not Applicable,487,Cash,34,4.9,3.2
2024-07-09 11:08:00,CNR8779608674,Success,CID532454,Prime Sedan,Frazer Town,Bannerghatta Road,189.0,120.0,Not Applicable,Not Applicable,No,Not Applicable,294,Credit Card,14,3.9,3.5
2024-07-12 22:50:00,CNR4057907712,Success,CID443331,Prime SUV,Padmanabhanagar,Banashankari,308.0,40.0,Not Applicable,Not Applicable,No,Not Applicable,794,Cash,45,3.1,4.0
2024-07-08 18:04:00,CNR4424753443,Success,CID435806,eBike,Basavanagudi,BTM Layout,147.0,45.0,Not Applicable,Not Applicable,No,Not Applicable,2642,Cash,21,4.0,4.2
2024-07-02 19:27:00,CNR5175090393,Canceled by Driver,CID633136,eBike,Vijayanagar,Hennur,,,Not Applicable,Personal & Car related issue,Not Applicable,Not Applicable,247,Not Applicable,0,,
2024-07-28 17:45:00,CNR8779014558,Success,CID539499,Auto,Peenya,Mysore Road,175.0,35.0,Not Applicable,Not Applicable,No,Not Applicable,620,UPI,6,4.5,4.7
2024-07-09 02:12:00,CNR3912098868,Canceled by Driver,CID135883,Bike,Vijayanagar,Marathahalli,,,Not Applicable,Customer related issue,Not Applicable,Not Applicable,477,Not Applicable,0,,
2024-07-16 07:50:00,CNR6166270691,Success,CID833022,Prime Sedan,Mysore Road,Banashankari,161.0,120.0,Not Applicable,Not Applicable,No,Not Applicable,212,UPI,18,4.7,4.2
2024-07-30 20:53:00,CNR3032528547,Canceled by Customer,CID288796,Prime Plus,MG Road,Langford Town,,,Driver asked to cancel,Not Applicable,Not Applicable,Not Applicable,244,Not Applicable,0,,
2024-07-03 05:47:00,CNR5055093805,Success,CID588746,Prime Sedan,Kengeri,Shantinagar,252.0,105.0,Not Applicable,Not Applicable,No,Not Applicable,273,Cash,7,4.1,3.5
2024-07-20 20:59:00,CNR3288311909,Canceled by Driver,CID644940,Prime Sedan,Kadugodi,Vijayanagar,,,Not Applicable,Personal & Car related issue,Not Applicable,Not Applicable,728,Not Applicable,0,,
2024-07-20 23:27:00,CNR5672706887,Success,CID895838,Prime SUV,Chamarajpet,Electronic City,224.0,70.0,Not Applicable,Not Applicable,No,Not Applicable,394,UPI,16,4.2,3.9
2024-07-02 07:37:00,CNR8469997838,Success,CID776172,Bike,Peenya,Hosur Road,189.0,130.0,Not Applicable,Not Applicable,No,Not Applicable,124,UPI,31,4.5,3.9
2024-07-08 19:15:00,CNR3608482188,Success,CID609336,eBike,Hulimavu,HSR Layout,203.0,45.0,Not Applicable,Not Applicable,No,Not Applicable,2159,Cash,23,4.2,3.2
2024-07-30 09:27:00,CNR1400876436,Canceled by Driver,CID858141,Prime SUV,RT Nagar,Koramangala,,,Not Applicable,Personal & Car related issue,Not Applicable,Not Applicable,592,Not Applicable,0,,
2024-07-19 14:55:00,CNR4164624134,Success,CID829058,Prime Sedan,RT Nagar,KR Puram,238.0,45.0,Not Applicable,Not Applicable,No,Not Applicable,839,UPI,17,4.1,3.1
2024-07-04 00:09:00,CNR5141219273,Canceled by Driver,CID584323,Bike,Tumkur Road,Hennur,,,Not Applicable,Personal & Car related issue,Not Applicable,Not Applicable,2308,Not Applicable,0,,
2024-07-15 08:20:00,CNR4439454799,Success,CID148364,Bike,Koramangala,Yeshwanthpur,287.0,45.0,Not Applicable,Not Applicable,No,Not Applicable,465,Cash,16,3.0,4.0
2024-07-10 12:26:00,CNR2247073618,Success,CID789907,Mini,Koramangala,Peenya,224.0,115.0,Not Applicable,Not Applicable,No,Not Applicable,270,Cash,13,4.4,3.5
2024-07-15 17:15:00,CNR1072960181,Success,CID459342,eBike,Shivajinagar,Cox Town,126.0,60.0,Not Applicable,Not Applicable,No,Not Applicable,906,UPI,18,4.7,4.4
2024-07-21 02:07:00,CNR9912927747,Success,CID442735,Prime Sedan,BTM Layout,Tumkur Road,133.0,25.0,Not Applicable,Not Applicable,No,Not Applicable,918,Cash,33,4.6,3.8
2024-07-09 05:30:00,CNR3483781288,Success,CID640490,Mini,Peenya,Banashankari,98.0,65.0,Not Applicable,Not Applicable,No,Not Applicable,452,Cash,19,4.4,4.2
2024-07-20 00:50:00,CNR5895624252,Canceled by Driver,CID398837,Prime SUV,Cox Town,Kammanahalli,,,Not Applicable,Personal & Car related issue,Not Applicable,Not Applicable,394,Not Applicable,0,,
2024-07-21 16:01:00,CNR4847649080,Success,CID184689,Mini,JP Nagar,Nagarbhavi,140.0,110.0,Not Applicable,Not Applicable,No,Not Applicable,1365,UPI,36,3.6,4.9
2024-07-28 03:10:00,CNR9451174641,Success,CID873207,Prime Sedan,Basavanagudi,Bannerghatta Road,49.0,90.0,Not Applicable,Not Applicable,No,Not Applicable,336,Cash,7,4.1,4.1
2024-07-25 09:44:00,CNR1637592504,Canceled by Driver,CID267234,Auto,Electronic City,Jayanagar,,,Not Applicable,Customer related issue,Not Applicable,Not Applicable,1076,Not Applicable,0,,
2024-07-12 19:13:00,CNR2313114770,Success,CID705663,Mini,KR Puram,Malleshwaram,91.0,30.0,Not Applicable,Not Applicable,No,Not Applicable,346,Cash,23,4.0,3.7
2024-07-19 23:36:00,CNR2309153316,Success,CID247490,eBike,Yelahanka,Yeshwanthpur,154.0,95.0,Not Applicable,Not Applicable,No,Not Applicable,2826,Cash,14,3.5,4.3
2024-07-19 00:06:00,CNR5353780472,Success,CID944507,Prime Plus,Bellandur,Kengeri,126.0,75.0,Not Applicable,Not Applicable,No,Not Applicable,148,Cash,1,4.5,4.9
2024-07-01 04:27:00,CNR3332036092,Success,CID195260,Prime Sedan,Frazer Town,Chamarajpet,217.0,70.0,Not Applicable,Not Applicable,No,Not Applicable,320,Cash,10,3.5,3.5
2024-07-24 04:45:00,CNR4714688862,Success,CID642854,Prime SUV,Varthur,BTM Layout,189.0,90.0,Not Applicable,Not Applicable,No,Not Applicable,2301,Cash,43,3.6,3.6
2024-07-17 02:31:00,CNR8156838973,Success,CID278507,Prime Plus,Rajajinagar,Hebbal,77.0,125.0,Not Applicable,Not Applicable,No,Not Applicable,446,UPI,37,3.5,4.9
2024-07-14 17:41:00,CNR8250129875,Success,CID533669,Prime Sedan,Peenya,Bellandur,112.0,45.0,Not Applicable,Not Applicable,No,Not Applicable,828,UPI,15,3.1,3.4
2024-07-28 17:01:00,CNR5246193368,Success,CID134749,Prime SUV,Malleshwaram,Shantinagar,231.0,60.0,Not Applicable,Not Applicable,No,Not Applicable,164,Cash,41,4.0,4.6
2024-07-15 17:30:00,CNR2224708802,Success,CID340060,Auto,Indiranagar,Tumkur Road,245.0,55.0,Not Applicable,Not Applicable,No,Not Applicable,337,Cash,19,3.8,3.4
2024-07-27 00:51:00,CNR5063774093,Canceled by Driver,CID489981,Prime Sedan,Hennur,RT Nagar,,,Not Applicable,Customer related issue,Not Applicable,Not Applicable,451,Not Applicable,0,,
2024-07-25 07:01:00,CNR4669459292,Driver Not Found,CID980120,Mini,Rajajinagar,Electronic City,,,Not Applicable,Not Applicable,Not Applicable,Not Applicable,385,Not Applicable,0,,
2024-07-29 05:18:00,CNR7979498166,Success,CID188679,Mini,MG Road,Bellandur,70.0,35.0,Not Applicable,Not Applicable,No,Not Applicable,225,UPI,38,4.3,4.3
2024-07-13 23:39:00,CNR4777857316,Success,CID234140,Prime SUV,Kengeri,Bannerghatta Road,245.0,40.0,Not Applicable,Not Applicable,No,Not Applicable,312,Credit Card,26,3.4,4.1
2024-07-12 15:00:00,CNR2021170996,Success,CID963896,Prime Sedan,Richmond Town,Bannerghatta Road,63.0,145.0,Not Applicable,Not Applicable,No,Not Applicable,185,Cash,48,4.0,3.4
2024-07-17 08:54:00,CNR6936493635,Driver Not Found,CID315438,Mini,HSR Layout,Kammanahalli,,,Not Applicable,Not Applicable,Not Applicable,Not Applicable,437,Not Applicable,0,,
2024-07-13 13:57:00,CNR3236405382,Canceled by Customer,CID122231,Prime SUV,Peenya,Hebbal,,,Driver asked to cancel,Not Applicable,Not Applicable,Not Applicable,2041,Not Applicable,0,,
2024-07-13 22:44:00,CNR1370919270,Canceled by Driver,CID173271,Bike,Vijayanagar,BTM Layout,,,Not Applicable,More than permitted people in there,Not Applicable,Not Applicable,433,Not Applicable,0,,
2024-07-09 22:27:00,CNR3263288881,Success,CID527874,Prime Sedan,Banashankari,KR Puram,91.0,60.0,Not Applicable,Not Applicable,No,Not Applicable,409,UPI,26,3.7,4.4
2024-07-21 08:46:00,CNR9506645927,Success,CID918201,Prime Sedan,BTM Layout,RT Nagar,49.0,40.0,Not Applicable,Not Applicable,No,Not Applicable,428,Cash,8,4.2,3.7
2024-07-16 01:23:00,CNR1301289023,Success,CID742613,Auto,Indiranagar,BTM Layout,63.0,40.0,Not Applicable,Not Applicable,No,Not Applicable,475,Cash,14,3.8,4.4
2024-07-26 03:35:00,CNR9388839389,Success,CID472615,Mini,Rajarajeshwari Nagar,Indiranagar,70.0,65.0,Not Applicable,Not Applicable,No,Not Applicable,894,Cash,18,3.0,3.7
2024-07-05 23:52:00,CNR1020189892,Success,CID879371,Prime Sedan,Sarjapur Road,Ramamurthy Nagar,147.0,120.0,Not Applicable,Not Applicable,No,Not Applicable,480,Cash,23,4.5,3.3
2024-07-01 07:12:00,CNR2349170978,Success,CID123353,Mini,Rajajinagar,JP Nagar,63.0,80.0,Not Applicable,Not Applicable,No,Not Applicable,203,Cash,49,4.4,4.5
2024-07-02 09:17:00,CNR2746190258,Success,CID539310,Bike,Yeshwanthpur,Magadi Road,175.0,70.0,Not Applicable,Not Applicable,Yes,Vehicle Breakdown,242,UPI,6,3.2,4.9
2024-07-18 08:01:00,CNR9528722169,Canceled by Customer,CID546382,Bike,Malleshwaram,Kadugodi,,,Change of plans,Not Applicable,Not Applicable,Not Applicable,171,Not Applicable,0,,
2024-07-05 00:17:00,CNR6957208108,Canceled by Driver,CID247113,eBike,Malleshwaram,Shantinagar,,,Not Applicable,Personal & Car related issue,Not Applicable,Not Applicable,356,Not Applicable,0,,
2024-07-01 09:24:00,CNR9751310060,Canceled by Driver,CID529216,Prime Plus,JP Nagar,Hennur,,,Not Applicable,Customer was coughing/sick,Not Applicable,Not Applicable,635,Not Applicable,0,,
2024-07-05 20:23:00,CNR3476501708,Success,CID922893,Prime Plus,Electronic City,Ulsoor,126.0,95.0,Not Applicable,Not Applicable,No,Not Applicable,308,Cash,4,4.8,4.3
2024-07-29 09:57:00,CNR7747778033,Success,CID773983,Mini,Hosur Road,Nagarbhavi,203.0,120.0,Not Applicable,Not Applicable,No,Not Applicable,807,UPI,24,3.1,4.6
2024-07-11 17:15:00,CNR9414660781,Success,CID700754,Prime SUV,Langford Town,Sarjapur Road,140.0,70.0,Not Applicable,Not Applicable,No,Not Applicable,199,UPI,3,3.8,3.3
2024-07-24 22:08:00,CNR5474389677,Driver Not Found,CID206684,Prime Sedan,Cox Town,Varthur,,,Not Applicable,Not Applicable,Not Applicable,Not Applicable,192,Not Applicable,0,,
2024-07-15 20:38:00,CNR6777210548,Success,CID312446,Bike,Hennur,Kammanahalli,35.0,75.0,Not Applicable,Not Applicable,No,Not Applicable,354,Cash,44,4.7,4.0
2024-07-02 19:02:00,CNR9214062031,Canceled by Driver,CID724627,Bike,Indiranagar,Basavanagudi,,,Not Applicable,Customer was coughing/sick,Not Applicable,Not Applicable,969,Not Applicable,0,,
2024-07-11 07:02:00,CNR5003692434,Canceled by Driver,CID115654,Prime SUV,Malleshwaram,Langford Town,,,Not Applicable,Customer related issue,Not Applicable,Not Applicable,324,Not Applicable,0,,
2024-07-05 09:05:00,CNR3464363268,Success,CID197314,Mini,Hulimavu,Banashankari,77.0,65.0,Not Applicable,Not Applicable,No,Not Applicable,102,UPI,19,4.9,3.8
2024-07-24 16:22:00,CNR4487531326,Canceled by Driver,CID353025,Prime Plus,Chickpet,Nagarbhavi,,,Not Applicable,Customer was coughing/sick,Not Applicable,Not Applicable,2743,Not Applicable,0,,
2024-07-18 10:42:00,CNR5916127591,Canceled by Driver,CID658942,Prime SUV,Yelahanka,Richmond Town,,,Not Applicable,More than permitted people in there,Not Applicable,Not Applicable,170,Not Applicable,0,,
2024-07-22 20:27:00,CNR3444111228,Success,CID242301,Prime Sedan,Hulimavu,Kengeri,119.0,100.0,Not Applicable,Not Applicable,No,Not Applicable,2670,Cash,6,4.8,4.1
2024-07-22 09:40:00,CNR1655358428,Success,CID633339,Prime SUV,Whitefield,Kadugodi,224.0,95.0,Not Applicable,Not Applicable,No,Not Applicable,927,Debit Card,30,4.7,4.7
2024-07-18 20:17:00,CNR8872659677,Success,CID421527,Prime Sedan,Frazer Town,Kammanahalli,196.0,40.0,Not Applicable,Not Applicable,No,Not Applicable,138,Cash,21,3.9,5.0
2024-07-10 11:54:00,CNR7170996385,Canceled by Driver,CID718357,Prime SUV,Kengeri,HSR Layout,,,Not Applicable,Personal & Car related issue,Not Applicable,Not Applicable,159,Not Applicable,0,,
2024-07-22 19:16:00,CNR4497075675,Canceled by Driver,CID149132,Mini,Kadugodi,Rajarajeshwari Nagar,,,Not Applicable,More than permitted people in there,Not Applicable,Not Applicable,459,Not Applicable,0,,
2024-07-14 08:52:00,CNR7449728283,Success,CID132867,eBike,Rajajinagar,Ulsoor,259.0,95.0,Not Applicable,Not Applicable,No,Not Applicable,334,UPI,46,4.6,3.7
2024-07-24 00:57:00,CNR5083715014,Success,CID125512,Prime SUV,Langford Town,Mysore Road,56.0,30.0,Not Applicable,Not Applicable,No,Not Applicable,821,Cash,4,4.5,4.0
2024-07-10 00:35:00,CNR3136683983,Success,CID107382,eBike,Hosur Road,Kengeri,252.0,120.0,Not Applicable,Not Applicable,No,Not Applicable,191,Cash,44,4.1,4.3
2024-07-26 00:48:00,CNR1334452847,Success,CID850178,Mini,Chickpet,Frazer Town,56.0,75.0,Not Applicable,Not Applicable,No,Not Applicable,623,Cash,43,4.9,4.3
2024-07-07 10:47:00,CNR3511228303,Success,CID233462,eBike,Malleshwaram,Sahakar Nagar,266.0,45.0,Not Applicable,Not Applicable,No,Not Applicable,254,UPI,2,3.8,3.4
2024-07-06 11:31:00,CNR6531590585,Success,CID849099,Prime SUV,Chamarajpet,Marathahalli,42.0,65.0,Not Applicable,Not Applicable,No,Not Applicable,279,Cash,24,3.9,3.6
2024-07-19 02:12:00,CNR8304396520,Success,CID441734,Mini,Whitefield,Cox Town,189.0,145.0,Not Applicable,Not Applicable,No,Not Applicable,775,Cash,20,3.4,3.9
2024-07-13 13:37:00,CNR5316877552,Success,CID597415,Prime Sedan,Indiranagar,Vijayanagar,273.0,85.0,Not Applicable,Not Applicable,No,Not Applicable,777,Cash,4,3.1,3.1
2024-07-12 12:22:00,CNR4033026953,Canceled by Customer,CID964017,Mini,Shantinagar,Rajarajeshwari Nagar,,,Change of plans,Not Applicable,Not Applicable,Not Applicable,749,Not Applicable,0,,
2024-07-26 10:00:00,CNR8002660835,Success,CID414897,Mini,Bellandur,Hennur,273.0,130.0,Not Applicable,Not Applicable,No,Not Applicable,139,Cash,20,4.8,4.2
2024-07-25 18:29:00,CNR5197575744,Driver Not Found,CID453969,Bike,Devanahalli,Devanahalli,,,Not Applicable,Not Applicable,Not Applicable,Not Applicable,402,Not Applicable,0,,
2024-07-12 21:31:00,CNR2301026710,Success,CID498623,Mini,Kengeri,Padmanabhanagar,154.0,110.0,Not Applicable,Not Applicable,No,Not Applicable,488,UPI,39,3.1,4.6
2024-07-21 14:45:00,CNR6731315928,Success,CID154227,eBike,Kammanahalli,Cox Town,126.0,35.0,Not Applicable,Not Applicable,No,Not Applicable,855,Cash,17,4.7,3.3
2024-07-20 23:51:00,CNR5508757551,Success,CID329937,Prime Sedan,Chickpet,Magadi Road,168.0,125.0,Not Applicable,Not Applicable,No,Not Applicable,123,Cash,17,3.3,3.0
2024-07-13 16:01:00,CNR9197549028,Canceled by Driver,CID128714,Bike,Hosur Road,Shantinagar,,,Not Applicable,Personal & Car related issue,Not Applicable,Not Applicable,575,Not Applicable,0,,
2024-07-19 23:17:00,CNR8512315678,Success,CID775930,Prime SUV,Chickpet,Electronic City,147.0,45.0,Not Applicable,Not Applicable,No,Not Applicable,280,UPI,32,4.4,4.7
2024-07-02 08:37:00,CNR7569560600,Driver Not Found,CID591798,Mini,Marathahalli,Ramamurthy Nagar,,,Not Applicable,Not Applicable,Not Applicable,Not Applicable,783,Not Applicable,0,,
2024-07-24 05:32:00,CNR6279745498,Canceled by Driver,CID491057,eBike,Majestic,MG Road,,,Not Applicable,Personal & Car related issue,Not Applicable,Not Applicable,134,Not Applicable,0,,
2024-07-28 22:20:00,CNR9475965579,Success,CID419226,Prime Plus,Magadi Road,Sarjapur Road,266.0,145.0,Not Applicable,Not Applicable,No,Not Applicable,652,Cash,37,4.4,4.2
2024-07-25 20:47:00,CNR4222027592,Canceled by Driver,CID361979,Bike,Hebbal,Hennur,,,Not Applicable,Customer related issue,Not Applicable,Not Applicable,188,Not Applicable,0,,
2024-07-18 22:02:00,CNR7529759217,Success,CID811609,eBike,RT Nagar,Richmond Town,42.0,35.0,Not Applicable,Not Applicable,No,Not Applicable,494,UPI,9,4.0,4.9
2024-07-08 02:42:00,CNR4160833821,Success,CID235412,Prime Plus,Richmond Town,Sarjapur Road,70.0,75.0,Not Applicable,Not Applicable,No,Not Applicable,537,UPI,26,4.7,4.3
2024-07-23 23:10:00,CNR9431366465,Success,CID412446,Bike,Koramangala,Langford Town,70.0,35.0,Not Applicable,Not Applicable,No,Not Applicable,425,Credit Card,6,4.1,3.3
2024-07-29 02:13:00,CNR2158759282,Success,CID168682,Prime SUV,Marathahalli,Kammanahalli,259.0,25.0,Not Applicable,Not Applicable,No,Not Applicable,312,UPI,43,4.2,3.6
2024-07-28 16:37:00,CNR6512371895,Success,CID620089,Prime Plus,BTM Layout,MG Road,203.0,110.0,Not Applicable,Not Applicable,No,Not Applicable,406,UPI,17,4.0,3.9
2024-07-02 14:53:00,CNR2246683958,Canceled by Driver,CID179544,Bike,Indiranagar,Mysore Road,,,Not Applicable,Personal & Car related issue,Not Applicable,Not Applicable,375,Not Applicable,0,,
2024-07-13 11:21:00,CNR8116485840,Success,CID776377,Prime SUV,Padmanabhanagar,Nagarbhavi,154.0,45.0,Not Applicable,Not Applicable,No,Not Applicable,1398,Cash,42,3.5,4.0
2024-07-25 10:27:00,CNR1297022984,Success,CID100941,eBike,Yelahanka,Hulimavu,273.0,30.0,Not Applicable,Not Applicable,No,Not Applicable,435,Cash,25,3.7,3.8
2024-07-27 05:48:00,CNR8248200969,Canceled by Customer,CID473650,Prime Plus,Chamarajpet,Banashankari,,,Driver is not moving towards pickup location,Not Applicable,Not Applicable,Not Applicable,862,Not Applicable,0,,
2024-07-09 12:38:00,CNR5854375398,Success,CID474614,Bike,Hebbal,Richmond Town,154.0,90.0,Not Applicable,Not Applicable,No,Not Applicable,401,UPI,35,4.5,4.9
2024-07-10 04:54:00,CNR7859241909,Success,CID837439,Prime Plus,RT Nagar,Vijayanagar,252.0,60.0,Not Applicable,Not Applicable,No,Not Applicable,353,Cash,22,4.2,3.6
2024-07-04 01:26:00,CNR3965495648,Driver Not Found,CID368479,Mini,Varthur,Hulimavu,,,Not Applicable,Not Applicable,Not Applicable,Not Applicable,163,Not Applicable,0,,
2024-07-09 13:07:00,CNR9933479054,Success,CID248930,Bike,Magadi Road,HSR Layout,280.0,105.0,Not Applicable,Not Applicable,No,Not Applicable,169,Cash,10,4.0,3.9
2024-07-26 06:18:00,CNR7072501308,Driver Not Found,CID889305,Prime Sedan,Langford Town,Bannerghatta Road,,,Not Applicable,Not Applicable,Not Applicable,Not Applicable,205,Not Applicable,0,,
2024-07-24 13:37:00,CNR9575981632,Driver Not Found,CID644495,Prime Sedan,Bellandur,Varthur,,,Not Applicable,Not Applicable,Not Applicable,Not Applicable,280,Not Applicable,0,,
2024-07-09 05:09:00,CNR9437160514,Success,CID754257,Prime Sedan,Sahakar Nagar,Yelahanka,252.0,90.0,Not Applicable,Not Applicable,No,Not Applicable,462,UPI,34,3.1,3.7
2024-07-11 04:28:00,CNR4931485923,Success,CID826883,eBike,Banashankari,Rajarajeshwari Nagar,154.0,110.0,Not Applicable,Not Applicable,No,Not Applicable,368,Cash,23,4.9,4.3
2024-07-11 07:44:00,CNR7267742964,Success,CID660311,eBike,Hosur Road,Shantinagar,126.0,35.0,Not Applicable,Not Applicable,No,Not Applicable,154,Cash,37,4.2,4.2
2024-07-26 22:58:00,CNR1731227232,Success,CID461196,Bike,Basavanagudi,JP Nagar,112.0,60.0,Not Applicable,Not Applicable,No,Not Applicable,203,Cash,14,3.8,4.9
2024-07-21 15:13:00,CNR2811284234,Canceled by Driver,CID211966,Mini,Mysore Road,Hebbal,,,Not Applicable,Customer related issue,Not Applicable,Not Applicable,2994,Not Applicable,0,,
2024-07-13 03:21:00,CNR4759314933,Canceled by Driver,CID964058,Mini,Nagarbhavi,Nagarbhavi,,,Not Applicable,Customer was coughing/sick,Not Applicable,Not Applicable,264,Not Applicable,0,,
2024-07-22 07:12:00,CNR6121188698,Success,CID608082,Prime Plus,KR Puram,Hulimavu,63.0,60.0,Not Applicable,Not Applicable,No,Not Applicable,192,UPI,34,3.5,4.3
2024-07-07 22:09:00,CNR3451956277,Success,CID458570,Prime Plus,Magadi Road,MG Road,119.0,120.0,Not Applicable,Not Applicable,No,Not Applicable,898,UPI,8,3.4,4.7
2024-07-23 13:10:00,CNR9406766463,Driver Not Found,CID618392,Prime Sedan,Kengeri,Ulsoor,,,Not Applicable,Not Applicable,Not Applicable,Not Applicable,447,Not Applicable,0,,
2024-07-15 15:49:00,CNR2896792810,Success,CID267139,Mini,Mysore Road,Sarjapur Road,224.0,135.0,Not Applicable,Not Applicable,No,Not Applicable,336,Cash,48,3.3,4.1
2024-07-28 15:52:00,CNR9457420350,Canceled by Driver,CID771172,Prime SUV,Langford Town,Devanahalli,,,Not Applicable,Customer was coughing/sick,Not Applicable,Not Applicable,463,Not Applicable,0,,
2024-07-18 22:53:00,CNR6793396926,Success,CID133332,Prime Plus,RT Nagar,Banashankari,266.0,140.0,Not Applicable,Not Applicable,No,Not Applicable,133,UPI,23,4.2,3.7
2024-07-14 08:19:00,CNR8007563563,Success,CID536824,Prime SUV,Bellandur,Chamarajpet,70.0,120.0,Not Applicable,Not Applicable,No,Not Applicable,344,UPI,21,3.3,3.2
2024-07-06 00:47:00,CNR3882963361,Success,CID387893,Auto,JP Nagar,Indiranagar,224.0,70.0,Not Applicable,Not Applicable,No,Not Applicable,1284,Cash,9,4.5,4.0
2024-07-22 18:31:00,CNR2765070733,Success,CID972846,Prime Sedan,Rajajinagar,Cox Town,224.0,25.0,Not Applicable,Not Applicable,No,Not Applicable,292,Cash,4,3.4,3.4
2024-07-05 01:36:00,CNR2285243776,Driver Not Found,CID328115,eBike,Padmanabhanagar,Sahakar Nagar,,,Not Applicable,Not Applicable,Not Applicable,Not Applicable,245,Not Applicable,0,,
2024-07-14 03:40:00,CNR3890716182,Success,CID768333,Bike,Marathahalli,Tumkur Road,105.0,130.0,Not Applicable,Not Applicable,No,Not Applicable,497,UPI,6,3.5,3.5
2024-07-12 08:36:00,CNR6410167951,Success,CID488032,Prime Sedan,Cox Town,Kadugodi,63.0,100.0,Not Applicable,Not Applicable,No,Not Applicable,465,Cash,26,4.4,3.3
2024-07-18 18:10:00,CNR4189222346,Success,CID524772,Mini,Shantinagar,BTM Layout,56.0,30.0,Not Applicable,Not Applicable,No,Not Applicable,429,Cash,40,3.3,4.1
2024-07-09 22:52:00,CNR3605074401,Canceled by Driver,CID383171,Bike,Chickpet,Whitefield,,,Not Applicable,Personal & Car related issue,Not Applicable,Not Applicable,386,Not Applicable,0,,
2024-07-14 20:20:00,CNR6534115031,Success,CID547942,Prime Plus,Tumkur Road,Padmanabhanagar,294.0,25.0,Not Applicable,Not Applicable,Yes,Customer Demand,678,Cash,13,3.4,3.6
2024-07-07 18:39:00,CNR9095100526,Success,CID595323,Bike,Rajarajeshwari Nagar,Shivajinagar,154.0,100.0,Not Applicable,Not Applicable,No,Not Applicable,805,UPI,1,4.1,4.5
2024-07-13 11:33:00,CNR7237141552,Success,CID505823,Prime Sedan,Hebbal,MG Road,252.0,85.0,Not Applicable,Not Applicable,No,Not Applicable,225,UPI,46,3.9,3.0
2024-07-15 00:53:00,CNR7873898403,Success,CID691901,eBike,KR Puram,Tumkur Road,161.0,115.0,Not Applicable,Not Applicable,No,Not Applicable,362,Credit Card,41,3.4,3.3
2024-07-04 21:16:00,CNR5197490548,Canceled by Customer,CID101047,eBike,Rajarajeshwari Nagar,Chickpet,,,Wrong Address,Not Applicable,Not Applicable,Not Applicable,988,Not Applicable,0,,
2024-07-22 08:34:00,CNR1588257258,Success,CID820547,eBike,Ulsoor,Yeshwanthpur,112.0,145.0,Not Applicable,Not Applicable,No,Not Applicable,711,UPI,25,3.4,3.7
2024-07-11 04:34:00,CNR7505699336,Success,CID876042,Prime SUV,Sahakar Nagar,Shantinagar,154.0,25.0,Not Applicable,Not Applicable,No,Not Applicable,247,Cash,36,3.3,3.5
2024-07-10 21:01:00,CNR1125562910,Success,CID638725,Bike,Hulimavu,Electronic City,84.0,95.0,Not Applicable,Not Applicable,No,Not Applicable,751,Cash,27,4.2,4.6
2024-07-29 12:18:00,CNR5489688172,Driver Not Found,CID113964,Prime Sedan,RT Nagar,Bellandur,,,Not Applicable,Not Applicable,Not Applicable,Not Applicable,364,Not Applicable,0,,
2024-07-07 10:32:00,CNR7550376670,Success,CID209330,eBike,Basavanagudi,Kengeri,70.0,70.0,Not Applicable,Not Applicable,No,Not Applicable,492,Cash,9,5.0,3.2
2024-07-08 00:22:00,CNR2909272017,Canceled by Driver,CID434952,Prime SUV,Sahakar Nagar,Mysore Road,,,Not Applicable,More than permitted people in there,Not Applicable,Not Applicable,413,Not Applicable,0,,
2024-07-14 12:21:00,CNR8233755175,Canceled by Driver,CID985143,Auto,Yelahanka,Devanahalli,,,Not Applicable,More than permitted people in there,Not Applicable,Not Applicable,1913,Not Applicable,0,,
2024-07-13 21:14:00,CNR3875114025,Canceled by Customer,CID557712,Prime Sedan,RT Nagar,Indiranagar,,,Driver is not moving towards pickup location,Not Applicable,Not Applicable,Not Applicable,427,Not Applicable,0,,
2024-07-07 06:01:00,CNR7154612239,Success,CID983107,Bike,Electronic City,Rajarajeshwari Nagar,154.0,125.0,Not Applicable,Not Applicable,No,Not Applicable,237,Cash,11,4.1,4.5
2024-07-11 01:14:00,CNR2301026787,Success,CID384721,Prime Sedan,Shantinagar,Sarjapur Road,140.0,30.0,Not Applicable,Not Applicable,No,Not Applicable,722,Cash,8,3.9,3.2
2024-07-08 09:50:00,CNR8018593318,Canceled by Driver,CID593444,eBike,Hosur Road,Sahakar Nagar,,,Not Applicable,Customer related issue,Not Applicable,Not Applicable,292,Not Applicable,0,,
2024-07-12 00:41:00,CNR3672645638,Canceled by Driver,CID777475,Mini,BTM Layout,Sahakar Nagar,,,Not Applicable,Customer was coughing/sick,Not Applicable,Not Applicable,418,Not Applicable,0,,
2024-07-11 12:47:00,CNR1007722874,Success,CID257931,Prime Sedan,Majestic,Bannerghatta Road,231.0,35.0,Not Applicable,Not Applicable,No,Not Applicable,452,UPI,11,3.3,3.8
2024-07-14 06:25:00,CNR2609948744,Canceled by Driver,CID515544,Prime Sedan,Jayanagar,Kadugodi,,,Not Applicable,Customer was coughing/sick,Not Applicable,Not Applicable,251,Not Applicable,0,,
2024-07-13 22:45:00,CNR6938191805,Success,CID235638,Prime Plus,Peenya,Bellandur,140.0,110.0,Not Applicable,Not Applicable,No,Not Applicable,395,Cash,11,4.0,3.2
2024-07-30 10:55:00,CNR4252252554,Driver Not Found,CID912847,Mini,RT Nagar,Ramamurthy Nagar,,,Not Applicable,Not Applicable,Not Applicable,Not Applicable,727,Not Applicable,0,,
2024-07-28 15:42:00,CNR5763432325,Success,CID810060,Prime Plus,Hulimavu,Indiranagar,63.0,115.0,Not Applicable,Not Applicable,No,Not Applicable,484,Cash,46,4.9,5.0
2024-07-12 08:56:00,CNR9056033418,Success,CID795459,Auto,Richmond Town,Electronic City,175.0,135.0,Not Applicable,Not Applicable,No,Not Applicable,179,Credit Card,9,3.2,4.2
2024-07-02 02:15:00,CNR4991210304,Driver Not Found,CID908044,eBike,Varthur,Yeshwanthpur,,,Not Applicable,Not Applicable,Not Applicable,Not Applicable,286,Not Applicable,0,,
2024-07-18 10:23:00,CNR2745399311,Driver Not Found,CID480126,Bike,Sahakar Nagar,Sarjapur Road,,,Not Applicable,Not Applicable,Not Applicable,Not Applicable,213,Not Applicable,0,,
2024-07-20 09:44:00,CNR5341851721,Success,CID607758,Prime SUV,Shivajinagar,Marathahalli,196.0,85.0,Not Applicable,Not Applicable,No,Not Applicable,191,Cash,12,4.0,3.0
2024-07-08 09:18:00,CNR1862015447,Success,CID926826,Bike,Ramamurthy Nagar,KR Puram,217.0,95.0,Not Applicable,Not Applicable,No,Not Applicable,180,UPI,5,3.9,4.2
2024-07-02 12:55:00,CNR9438547901,Driver Not Found,CID182210,Prime Sedan,Bellandur,Yelahanka,,,Not Applicable,Not Applicable,Not Applicable,Not Applicable,112,Not Applicable,0,,
2024-07-08 03:55:00,CNR7007900148,Canceled by Driver,CID167243,Prime Sedan,Langford Town,Cox Town,,,Not Applicable,Customer was coughing/sick,Not Applicable,Not Applicable,835,Not Applicable,0,,
2024-07-21 12:07:00,CNR7544080082,Success,CID616484,Prime Sedan,Sarjapur Road,Koramangala,161.0,80.0,Not Applicable,Not Applicable,No,Not Applicable,415,UPI,46,4.4,4.7
2024-07-12 19:56:00,CNR9717347406,Driver Not Found,CID708052,eBike,Jayanagar,Chickpet,,,Not Applicable,Not Applicable,Not Applicable,Not Applicable,703,Not Applicable,0,,
2024-07-03 16:23:00,CNR7848408511,Canceled by Driver,CID623543,eBike,Shantinagar,MG Road,,,Not Applicable,More than permitted people in there,Not Applicable,Not Applicable,218,Not Applicable,0,,
2024-07-16 09:25:00,CNR2765960844,Success,CID986736,Auto,Majestic,Chickpet,203.0,125.0,Not Applicable,Not Applicable,No,Not Applicable,993,Cash,4,4.3,3.7
2024-07-12 09:34:00,CNR8719488133,Success,CID794703,Prime Plus,Yeshwanthpur,Peenya,294.0,145.0,Not Applicable,Not Applicable,No,Not Applicable,699,Cash,13,4.1,3.3
2024-07-19 04:33:00,CNR3759927469,Canceled by Driver,CID329867,eBike,Cox Town,Chickpet,,,Not Applicable,More than permitted people in there,Not Applicable,Not Applicable,142,Not Applicable,0,,
2024-07-12 03:42:00,CNR5637273829,Canceled by Driver,CID665376,Prime Plus,Ramamurthy Nagar,Cox Town,,,Not Applicable,Customer was coughing/sick,Not Applicable,Not Applicable,2237,Not Applicable,0,,
2024-07-25 18:12:00,CNR6276631847,Canceled by Customer,CID831549,Prime Sedan,Shivajinagar,Yelahanka,,,Change of plans,Not Applicable,Not Applicable,Not Applicable,356,Not Applicable,0,,
2024-07-03 22:11:00,CNR5720061159,Canceled by Customer,CID287403,Prime SUV,Kengeri,Malleshwaram,,,Driver is not moving towards pickup location,Not Applicable,Not Applicable,Not Applicable,235,Not Applicable,0,,
2024-07-30 11:38:00,CNR8224768638,Success,CID761513,Mini,Basavanagudi,Basavanagudi,203.0,85.0,Not Applicable,Not Applicable,No,Not Applicable,2647,Cash,4,4.8,3.0
2024-07-17 11:52:00,CNR5384064830,Success,CID589881,Prime SUV,Yeshwanthpur,Mysore Road,231.0,85.0,Not Applicable,Not Applicable,No,Not Applicable,420,UPI,41,4.5,4.8
2024-07-21 23:41:00,CNR2575352694,Canceled by Driver,CID375286,Auto,Shantinagar,JP Nagar,,,Not Applicable,Customer was coughing/sick,Not Applicable,Not Applicable,229,Not Applicable,0,,
2024-07-18 06:57:00,CNR3429708937,Success,CID643277,Prime Plus,Electronic City,Cox Town,147.0,30.0,Not Applicable,Not Applicable,No,Not Applicable,131,UPI,9,3.4,4.1
2024-07-26 12:49:00,CNR4248683053,Driver Not Found,CID718176,eBike,Kadugodi,Hosur Road,,,Not Applicable,Not Applicable,Not Applicable,Not Applicable,397,Not Applicable,0,,
2024-07-06 01:06:00,CNR2696522449,Canceled by Driver,CID405700,eBike,Langford Town,HSR Layout,,,Not Applicable,More than permitted people in there,Not Applicable,Not Applicable,325,Not Applicable,0,,
2024-07-23 08:39:00,CNR8875736010,Success,CID546435,Prime Plus,Electronic City,Kammanahalli,231.0,135.0,Not Applicable,Not Applicable,No,Not Applicable,473,Cash,40,3.0,3.7
2024-07-01 18:57:00,CNR5354482722,Success,CID743547,Mini,Langford Town,Rajarajeshwari Nagar,77.0,130.0,Not Applicable,Not Applicable,Yes,Vehicle Breakdown,188,UPI,7,4.8,3.5
2024-07-28 15:00:00,CNR7348776081,Success,CID258480,eBike,Majestic,Cox Town,154.0,100.0,Not Applicable,Not Applicable,No,Not Applicable,443,Credit Card,24,4.2,4.1
2024-07-18 08:57:00,CNR1620728581,Success,CID866385,Bike,Kengeri,Hennur,56.0,60.0,Not Applicable,Not Applicable,No,Not Applicable,225,Cash,37,3.5,3.2
2024-07-30 14:55:00,CNR1716326435,Success,CID824048,Prime Plus,HSR Layout,KR Puram,98.0,40.0,Not Applicable,Not Applicable,No,Not Applicable,491,Cash,12,4.5,4.3
2024-07-06 05:42:00,CNR5293100004,Success,CID572773,Prime Plus,Indiranagar,Jayanagar,224.0,110.0,Not Applicable,Not Applicable,No,Not Applicable,141,UPI,6,4.1,3.9
2024-07-25 07:30:00,CNR7385681872,Canceled by Customer,CID605606,Mini,Electronic City,Basavanagudi,,,Driver asked to cancel,Not Applicable,Not Applicable,Not Applicable,179,Not Applicable,0,,
2024-07-02 20:57:00,CNR4260062721,Success,CID141335,eBike,Ulsoor,Nagarbhavi,161.0,110.0,Not Applicable,Not Applicable,No,Not Applicable,501,Cash,28,4.0,3.3
2024-07-07 22:07:00,CNR5353267039,Canceled by Customer,CID695581,Prime Sedan,Shantinagar,Majestic,,,Wrong Address,Not Applicable,Not Applicable,Not Applicable,662,Not Applicable,0,,
2024-07-21 23:42:00,CNR5834128586,Success,CID661240,Prime Sedan,Chamarajpet,Richmond Town,217.0,40.0,Not Applicable,Not Applicable,No,Not Applicable,402,Cash,24,3.1,5.0
2024-07-05 00:36:00,CNR2689788157,Success,CID728842,eBike,Richmond Town,Kadugodi,238.0,65.0,Not Applicable,Not Applicable,No,Not Applicable,257,Cash,15,4.6,3.1
2024-07-05 07:05:00,CNR8308180729,Success,CID918254,eBike,Bannerghatta Road,Sarjapur Road,105.0,125.0,Not Applicable,Not Applicable,No,Not Applicable,150,UPI,33,4.1,3.8
2024-07-11 06:48:00,CNR1861776369,Canceled by Driver,CID847924,Bike,Ramamurthy Nagar,Tumkur Road,,,Not Applicable,Personal & Car related issue,Not Applicable,Not Applicable,326,Not Applicable,0,,
2024-07-25 08:04:00,CNR9080925179,Success,CID244519,Mini,Nagarbhavi,Bellandur,266.0,125.0,Not Applicable,Not Applicable,No,Not Applicable,395,UPI,28,4.3,4.1
2024-07-04 08:56:00,CNR4992517191,Success,CID688426,eBike,Majestic,Bellandur,231.0,140.0,Not Applicable,Not Applicable,No,Not Applicable,2820,Cash,5,3.8,4.4
2024-07-16 17:19:00,CNR3387702076,Success,CID673105,Prime SUV,MG Road,Padmanabhanagar,42.0,30.0,Not Applicable,Not Applicable,No,Not Applicable,948,Cash,3,3.4,3.3
2024-07-12 08:38:00,CNR1623458714,Success,CID654887,eBike,Malleshwaram,HSR Layout,287.0,25.0,Not Applicable,Not Applicable,Yes,Customer Demand,207,UPI,33,3.9,4.7
2024-07-07 23:55:00,CNR2221698882,Canceled by Driver,CID303325,Prime Sedan,Hennur,Majestic,,,Not Applicable,Customer related issue,Not Applicable,Not Applicable,270,Not Applicable,0,,
2024-07-29 15:26:00,CNR5385910040,Success,CID104986,Prime Plus,KR Puram,Mysore Road,42.0,140.0,Not Applicable,Not Applicable,No,Not Applicable,828,Cash,26,4.4,4.7
2024-07-29 03:05:00,CNR9138633894,Driver Not Found,CID694053,eBike,Jayanagar,Banashankari,,,Not Applicable,Not Applicable,Not Applicable,Not Applicable,132,Not Applicable,0,,
2024-07-25 06:37:00,CNR2798082327,Success,CID874840,Prime Sedan,Hulimavu,Chickpet,98.0,45.0,Not Applicable,Not Applicable,No,Not Applicable,1220,UPI,13,3.1,3.5
2024-07-12 04:23:00,CNR8975760887,Success,CID894959,Mini,Peenya,Yeshwanthpur,301.0,120.0,Not Applicable,Not Applicable,Yes,Vehicle Breakdown,994,Cash,37,3.9,3.7
2024-07-23 17:38:00,CNR9757346152,Success,CID690507,Prime SUV,Shantinagar,JP Nagar,133.0,115.0,Not Applicable,Not Applicable,No,Not Applicable,930,UPI,20,3.6,4.2
2024-07-14 05:37:00,CNR3474215131,Success,CID967559,Prime SUV,Devanahalli,Mysore Road,112.0,95.0,Not Applicable,Not Applicable,No,Not Applicable,241,Cash,23,4.0,4.0
2024-07-26 06:17:00,CNR4149994866,Success,CID947964,Prime Sedan,Majestic,Nagarbhavi,231.0,85.0,Not Applicable,Not Applicable,No,Not Applicable,1594,UPI,12,4.2,4.3
2024-07-28 12:41:00,CNR9929704877,Success,CID199406,eBike,Magadi Road,Hulimavu,112.0,75.0,Not Applicable,Not Applicable,No,Not Applicable,2042,Cash,29,4.9,3.0
2024-07-03 19:26:00,CNR8990953148,Success,CID692096,eBike,Rajarajeshwari Nagar,Indiranagar,189.0,145.0,Not Applicable,Not Applicable,Yes,Customer Demand,2990,UPI,14,4.6,4.5
2024-07-19 14:16:00,CNR4247155429,Canceled by Driver,CID382798,Bike,Shantinagar,Bannerghatta Road,,,Not Applicable,Personal & Car related issue,Not Applicable,Not Applicable,176,Not Applicable,0,,
2024-07-01 23:29:00,CNR1361080513,Canceled by Customer,CID962914,Prime Plus,Rajajinagar,Kammanahalli,,,Driver asked to cancel,Not Applicable,Not Applicable,Not Applicable,135,Not Applicable,0,,
2024-07-19 21:56:00,CNR8507069195,Success,CID361795,Bike,Kengeri,Vijayanagar,168.0,50.0,Not Applicable,Not Applicable,No,Not Applicable,824,Cash,41,3.3,4.2
2024-07-04 20:26:00,CNR7623310608,Success,CID440266,Auto,Hennur,Frazer Town,56.0,105.0,Not Applicable,Not Applicable,No,Not Applicable,631,UPI,16,4.1,3.2
2024-07-18 20:14:00,CNR1013736020,Success,CID949561,Prime SUV,Sahakar Nagar,Koramangala,189.0,100.0,Not Applicable,Not Applicable,No,Not Applicable,979,Cash,8,4.1,3.6
2024-07-16 17:17:00,CNR8857175450,Success,CID448644,Prime SUV,Ulsoor,Kengeri,294.0,85.0,Not Applicable,Not Applicable,No,Not Applicable,806,UPI,2,3.3,4.7
2024-07-06 02:38:00,CNR6626580395,Success,CID115698,Bike,Mysore Road,Chamarajpet,119.0,25.0,Not Applicable,Not Applicable,No,Not Applicable,596,Cash,46,4.0,4.2
2024-07-25 16:10:00,CNR8941561833,Driver Not Found,CID521491,Bike,JP Nagar,Magadi Road,,,Not Applicable,Not Applicable,Not Applicable,Not Applicable,121,Not Applicable,0,,
2024-07-22 14:32:00,CNR3903503676,Canceled by Driver,CID780815,Prime Plus,Vijayanagar,Vijayanagar,,,Not Applicable,Customer related issue,Not Applicable,Not Applicable,326,Not Applicable,0,,
2024-07-20 02:50:00,CNR1018670318,Driver Not Found,CID287688,eBike,Basavanagudi,Bellandur,,,Not Applicable,Not Applicable,Not Applicable,Not Applicable,107,Not Applicable,0,,
2024-07-19 10:30:00,CNR2376301376,Success,CID254563,Prime Plus,RT Nagar,Koramangala,63.0,120.0,Not Applicable,Not Applicable,No,Not Applicable,2588,UPI,29,4.4,4.0
2024-07-08 18:41:00,CNR8423207161,Success,CID447058,eBike,Banashankari,Tumkur Road,182.0,90.0,Not Applicable,Not Applicable,No,Not Applicable,446,Cash,41,4.7,4.8
2024-07-26 01:00:00,CNR5094887797,Success,CID164144,Auto,Yeshwanthpur,Yeshwanthpur,147.0,25.0,Not Applicable,Not Applicable,No,Not Applicable,112,UPI,5,4.2,4.8
2024-07-22 14:27:00,CNR7060687333,Success,CID809174,Prime SUV,Chamarajpet,Bannerghatta Road,35.0,35.0,Not Applicable,Not Applicable,No,Not Applicable,164,UPI,33,3.4,3.4
2024-07-28 16:51:00,CNR9323723776,Canceled by Driver,CID407275,Mini,Langford Town,Padmanabhanagar,,,Not Applicable,Customer was coughing/sick,Not Applicable,Not Applicable,211,Not Applicable,0,,
2024-07-01 16:49:00,CNR2515949679,Success,CID114380,eBike,Indiranagar,Yeshwanthpur,252.0,145.0,Not Applicable,Not Applicable,No,Not Applicable,208,UPI,44,3.5,4.5
2024-07-14 03:02:00,CNR7692757758,Success,CID997623,Mini,Magadi Road,Sarjapur Road,210.0,80.0,Not Applicable,Not Applicable,No,Not Applicable,426,Cash,43,4.7,4.7
2024-07-01 03:35:00,CNR6099848327,Success,CID530648,Bike,Peenya,Sahakar Nagar,273.0,95.0,Not Applicable,Not Applicable,No,Not Applicable,242,Cash,14,4.6,3.3
2024-07-07 01:26:00,CNR7745955968,Driver Not Found,CID740040,Prime SUV,KR Puram,Indiranagar,,,Not Applicable,Not Applicable,Not Applicable,Not Applicable,250,Not Applicable,0,,
2024-07-08 21:58:00,CNR1461114850,Driver Not Found,CID586677,Prime SUV,Hulimavu,KR Puram,,,Not Applicable,Not Applicable,Not Applicable,Not Applicable,429,Not Applicable,0,,
2024-07-30 08:54:00,CNR1149730577,Canceled by Customer,CID958172,eBike,Rajarajeshwari Nagar,Bannerghatta Road,,,AC is Not working,Not Applicable,Not Applicable,Not Applicable,800,Not Applicable,0,,
2024-07-03 15:03:00,CNR4627674047,Success,CID536498,Prime Plus,Banashankari,Shivajinagar,308.0,65.0,Not Applicable,Not Applicable,No,Not Applicable,349,Cash,3,4.4,4.2
2024-07-29 08:21:00,CNR8478815785,Canceled by Driver,CID360294,Bike,Sahakar Nagar,Padmanabhanagar,,,Not Applicable,Customer related issue,Not Applicable,Not Applicable,275,Not Applicable,0,,
2024-07-09 01:30:00,CNR4113604755,Canceled by Driver,CID917475,Prime Plus,KR Puram,Kammanahalli,,,Not Applicable,Customer related issue,Not Applicable,Not Applicable,918,Not Applicable,0,,
2024-07-09 20:10:00,CNR5361041299,Canceled by Driver,CID860864,Prime Sedan,Chickpet,Electronic City,,,Not Applicable,Personal & Car related issue,Not Applicable,Not Applicable,517,Not Applicable,0,,
2024-07-17 16:08:00,CNR5540256415,Success,CID180187,Auto,Ramamurthy Nagar,Ulsoor,105.0,130.0,Not Applicable,Not Applicable,No,Not Applicable,759,UPI,18,4.4,4.6
2024-07-08 12:26:00,CNR5345970476,Success,CID880209,eBike,Majestic,Kengeri,280.0,55.0,Not Applicable,Not Applicable,No,Not Applicable,415,Credit Card,29,4.0,4.4
2024-07-01 21:17:00,CNR3294936806,Success,CID502796,Bike,Bellandur,JP Nagar,119.0,115.0,Not Applicable,Not Applicable,No,Not Applicable,2432,Cash,46,3.6,3.8
2024-07-30 21:34:00,CNR8820601602,Canceled by Customer,CID660791,Prime SUV,Shantinagar,Electronic City,,,Driver is not moving towards pickup location,Not Applicable,Not Applicable,Not Applicable,542,Not Applicable,0,,
2024-07-30 12:58:00,CNR3855311565,Success,CID966724,Mini,Kammanahalli,Kadugodi,217.0,110.0,Not Applicable,Not Applicable,No,Not Applicable,477,Cash,20,3.4,3.3
2024-07-26 05:54:00,CNR4963914811,Success,CID545917,Prime Sedan,Yeshwanthpur,Chickpet,301.0,40.0,Not Applicable,Not Applicable,No,Not Applicable,239,Cash,10,4.1,3.6
2024-07-16 20:26:00,CNR2945697061,Success,CID991026,Prime Sedan,Rajarajeshwari Nagar,Koramangala,245.0,50.0,Not Applicable,Not Applicable,No,Not Applicable,241,Cash,15,5.0,4.5
2024-07-06 10:06:00,CNR5079235511,Success,CID281593,Bike,HSR Layout,Kengeri,203.0,25.0,Not Applicable,Not Applicable,No,Not Applicable,903,UPI,20,3.8,3.1
2024-07-19 05:48:00,CNR3323385211,Driver Not Found,CID217994,Prime Plus,Electronic City,Yelahanka,,,Not Applicable,Not Applicable,Not Applicable,Not Applicable,128,Not Applicable,0,,
2024-07-08 15:33:00,CNR5253631099,Success,CID445881,Mini,Nagarbhavi,Hulimavu,77.0,100.0,Not Applicable,Not Applicable,No,Not Applicable,470,Cash,6,3.0,4.6
2024-07-04 17:15:00,CNR2746851908,Driver Not Found,CID408556,Prime Sedan,Yelahanka,Banashankari,,,Not Applicable,Not Applicable,Not Applicable,Not Applicable,359,Not Applicable,0,,
2024-07-12 12:29:00,CNR5500088561,Canceled by Driver,CID785734,Prime SUV,Indiranagar,Basavanagudi,,,Not Applicable,More than permitted people in there,Not Applicable,Not Applicable,845,Not Applicable,0,,
2024-07-20 12:49:00,CNR6070434918,Canceled by Driver,CID102832,Mini,Rajajinagar,MG Road,,,Not Applicable,Customer related issue,Not Applicable,Not Applicable,643,Not Applicable,0,,
2024-07-02 10:02:00,CNR3919043744,Success,CID891652,Auto,Hulimavu,JP Nagar,168.0,40.0,Not Applicable,Not Applicable,No,Not Applicable,231,UPI,6,4.7,3.9
2024-07-22 08:28:00,CNR5605324280,Success,CID944343,Bike,Rajajinagar,Hosur Road,231.0,100.0,Not Applicable,Not Applicable,No,Not Applicable,462,UPI,16,4.3,3.6
2024-07-12 12:25:00,CNR1482834267,Success,CID155211,Bike,Padmanabhanagar,Bannerghatta Road,287.0,115.0,Not Applicable,Not Applicable,No,Not Applicable,206,Cash,36,3.9,3.5
2024-07-22 18:48:00,CNR3999626903,Success,CID251087,Bike,RT Nagar,JP Nagar,238.0,40.0,Not Applicable,Not Applicable,No,Not Applicable,466,Cash,17,4.5,3.5
2024-07-10 05:05:00,CNR3884007076,Success,CID312245,Prime SUV,Ramamurthy Nagar,Padmanabhanagar,126.0,55.0,Not Applicable,Not Applicable,No,Not Applicable,442,Cash,47,3.4,4.0
2024-07-27 22:43:00,CNR3142457709,Success,CID440571,Bike,Kadugodi,Banashankari,175.0,120.0,Not Applicable,Not Applicable,No,Not Applicable,110,Debit Card,48,3.3,3.6
2024-07-13 08:12:00,CNR2894058186,Canceled by Customer,CID450642,Prime Plus,Koramangala,Basavanagudi,,,Change of plans,Not Applicable,Not Applicable,Not Applicable,195,Not Applicable,0,,
2024-07-03 09:42:00,CNR9699563368,Success,CID828159,Prime SUV,Banashankari,HSR Layout,210.0,55.0,Not Applicable,Not Applicable,No,Not Applicable,357,UPI,1,3.6,4.7
2024-07-28 23:18:00,CNR2099849780,Success,CID704708,Bike,Ulsoor,Nagarbhavi,49.0,55.0,Not Applicable,Not Applicable,No,Not Applicable,364,UPI,27,3.4,3.9
2024-07-09 16:33:00,CNR4180712091,Success,CID909728,eBike,Kadugodi,Bannerghatta Road,252.0,75.0,Not Applicable,Not Applicable,No,Not Applicable,766,Cash,3,3.1,3.1
2024-07-27 07:11:00,CNR5937967102,Canceled by Driver,CID491614,Prime Plus,Mysore Road,Peenya,,,Not Applicable,Customer was coughing/sick,Not Applicable,Not Applicable,405,Not Applicable,0,,
2024-07-06 23:11:00,CNR9379485289,Success,CID784522,Prime Sedan,Basavanagudi,Peenya,133.0,30.0,Not Applicable,Not Applicable,No,Not Applicable,424,Cash,23,3.5,4.2
2024-07-06 12:31:00,CNR4496362204,Success,CID817716,Prime Plus,Peenya,Devanahalli,42.0,115.0,Not Applicable,Not Applicable,No,Not Applicable,418,Cash,36,3.6,3.4
2024-07-05 18:21:00,CNR9016752692,Driver Not Found,CID136794,Prime Sedan,Sahakar Nagar,Kadugodi,,,Not Applicable,Not Applicable,Not Applicable,Not Applicable,646,Not Applicable,0,,
2024-07-03 23:20:00,CNR4893537281,Driver Not Found,CID805582,Prime Plus,Yeshwanthpur,Sahakar Nagar,,,Not Applicable,Not Applicable,Not Applicable,Not Applicable,738,Not Applicable,0,,
2024-07-08 23:41:00,CNR5686190628,Success,CID284086,Bike,Hosur Road,Hulimavu,294.0,80.0,Not Applicable,Not Applicable,No,Not Applicable,182,Cash,11,4.2,3.7
2024-07-03 15:57:00,CNR2749938283,Success,CID625222,eBike,Cox Town,Nagarbhavi,98.0,50.0,Not Applicable,Not Applicable,No,Not Applicable,365,Cash,44,4.4,4.1
2024-07-07 10:22:00,CNR7610275679,Success,CID882522,Prime SUV,Hennur,Varthur,294.0,50.0,Not Applicable,Not Applicable,No,Not Applicable,237,Cash,4,3.1,4.3
2024-07-07 18:02:00,CNR4628514387,Canceled by Driver,CID866878,eBike,Bellandur,Cox Town,,,Not Applicable,Personal & Car related issue,Not Applicable,Not Applicable,424,Not Applicable,0,,
2024-07-09 23:15:00,CNR6147314841,Success,CID105335,Auto,Sahakar Nagar,MG Road,203.0,90.0,Not Applicable,Not Applicable,No,Not Applicable,834,UPI,17,4.6,4.8
2024-07-26 03:04:00,CNR3470682221,Driver Not Found,CID774062,Prime Sedan,Kammanahalli,Malleshwaram,,,Not Applicable,Not Applicable,Not Applicable,Not Applicable,368,Not Applicable,0,,
2024-07-11 05:08:00,CNR4209562396,Success,CID141288,Prime SUV,KR Puram,KR Puram,238.0,130.0,Not Applicable,Not Applicable,No,Not Applicable,856,UPI,14,3.8,4.0
2024-07-04 15:30:00,CNR1701874484,Success,CID922942,Bike,Peenya,Ramamurthy Nagar,49.0,45.0,Not Applicable,Not Applicable,No,Not Applicable,467,Cash,32,3.7,4.5
2024-07-06 13:35:00,CNR4226041934,Canceled by Driver,CID190194,Bike,Tumkur Road,Ulsoor,,,Not Applicable,More than permitted people in there,Not Applicable,Not Applicable,437,Not Applicable,0,,
2024-07-13 12:09:00,CNR2851178324,Success,CID535396,Prime SUV,Bannerghatta Road,Vijayanagar,245.0,70.0,Not Applicable,Not Applicable,No,Not Applicable,570,Cash,17,3.6,4.6
2024-07-21 06:38:00,CNR4231211653,Driver Not Found,CID854709,eBike,Sahakar Nagar,Kadugodi,,,Not Applicable,Not Applicable,Not Applicable,Not Applicable,416,Not Applicable,0,,
2024-07-15 10:17:00,CNR7221576382,Success,CID285102,eBike,Nagarbhavi,Hebbal,189.0,145.0,Not Applicable,Not Applicable,No,Not Applicable,953,Cash,48,3.5,4.6
2024-07-18 14:06:00,CNR9696757215,Success,CID234811,Prime SUV,Bellandur,Hosur Road,84.0,90.0,Not Applicable,Not Applicable,No,Not Applicable,152,UPI,45,3.1,4.5
2024-07-12 22:49:00,CNR8547213373,Canceled by Customer,CID382324,Mini,Devanahalli,Sarjapur Road,,,Driver is not moving towards pickup location,Not Applicable,Not Applicable,Not Applicable,1146,Not Applicable,0,,
2024-07-16 19:12:00,CNR3685906683,Success,CID867675,eBike,Ramamurthy Nagar,HSR Layout,84.0,65.0,Not Applicable,Not Applicable,No,Not Applicable,253,Cash,44,3.0,4.1
2024-07-22 08:37:00,CNR3005916037,Canceled by Driver,CID802126,Bike,KR Puram,Mysore Road,,,Not Applicable,More than permitted people in there,Not Applicable,Not Applicable,394,Not Applicable,0,,
2024-07-10 06:48:00,CNR1011590682,Driver Not Found,CID778001,Mini,Vijayanagar,Shivajinagar,,,Not Applicable,Not Applicable,Not Applicable,Not Applicable,311,Not Applicable,0,,
2024-07-12 16:38:00,CNR7423858117,Canceled by Customer,CID912323,Prime Plus,Ulsoor,Bellandur,,,Driver is not moving towards pickup location,Not Applicable,Not Applicable,Not Applicable,121,Not Applicable,0,,
2024-07-23 21:44:00,CNR6822822384,Driver Not Found,CID259205,Prime Plus,Kengeri,Banashankari,,,Not Applicable,Not Applicable,Not Applicable,Not Applicable,432,Not Applicable,0,,
2024-07-14 16:14:00,CNR6259188709,Success,CID236235,Prime Plus,Hebbal,Padmanabhanagar,210.0,105.0,Not Applicable,Not Applicable,No,Not Applicable,449,Cash,3,3.5,3.8
2024-07-21 09:15:00,CNR6683817193,Canceled by Customer,CID855897,Auto,Hosur Road,Malleshwaram,,,Driver is not moving towards pickup location,Not Applicable,Not Applicable,Not Applicable,156,Not Applicable,0,,
2024-07-24 00:36:00,CNR8853531142,Success,CID268079,Auto,Devanahalli,Magadi Road,140.0,120.0,Not Applicable,Not Applicable,Yes,Vehicle Breakdown,959,Cash,1,4.3,4.1
2024-07-16 02:37:00,CNR1339446105,Canceled by Driver,CID609969,eBike,Sahakar Nagar,MG Road,,,Not Applicable,Personal & Car related issue,Not Applicable,Not Applicable,127,Not Applicable,0,,
2024-07-30 12:18:00,CNR7592812724,Success,CID494065,eBike,Sarjapur Road,Malleshwaram,301.0,75.0,Not Applicable,Not Applicable,No,Not Applicable,261,Cash,3,4.3,3.6
2024-07-30 17:27:00,CNR1496811468,Success,CID994486,Prime SUV,Malleshwaram,Yelahanka,77.0,75.0,Not Applicable,Not Applicable,No,Not Applicable,254,UPI,40,4.8,3.3
2024-07-08 01:49:00,CNR7392859777,Success,CID200194,eBike,Chickpet,Tumkur Road,259.0,115.0,Not Applicable,Not Applicable,Yes,Other Issue,493,UPI,49,3.6,3.6
2024-07-03 00:24:00,CNR5786906087,Driver Not Found,CID237789,Prime Plus,Yelahanka,Ulsoor,,,Not Applicable,Not Applicable,Not Applicable,Not Applicable,234,Not Applicable,0,,
2024-07-16 07:48:00,CNR8458327612,Success,CID788115,Prime Sedan,Majestic,Richmond Town,224.0,50.0,Not Applicable,Not Applicable,No,Not Applicable,837,UPI,36,3.7,4.1
2024-07-10 00:06:00,CNR6952406743,Canceled by Customer,CID432857,Prime Plus,Kengeri,Hosur Road,,,Driver is not moving towards pickup location,Not Applicable,Not Applicable,Not Applicable,563,Not Applicable,0,,
2024-07-19 11:28:00,CNR5584778379,Success,CID608824,Prime Sedan,Hulimavu,KR Puram,308.0,85.0,Not Applicable,Not Applicable,Yes,Vehicle Breakdown,171,Cash,30,4.2,4.8
2024-07-15 20:36:00,CNR4162687704,Success,CID475216,Prime Plus,Varthur,MG Road,245.0,45.0,Not Applicable,Not Applicable,No,Not Applicable,158,Cash,33,4.9,3.4
2024-07-15 20:12:00,CNR1121349271,Driver Not Found,CID806454,Prime Sedan,KR Puram,Nagarbhavi,,,Not Applicable,Not Applicable,Not Applicable,Not Applicable,351,Not Applicable,0,,
2024-07-17 04:46:00,CNR1731124744,Canceled by Driver,CID867278,Bike,Ulsoor,Shantinagar,,,Not Applicable,Customer related issue,Not Applicable,Not Applicable,143,Not Applicable,0,,
2024-07-18 22:29:00,CNR4263982557,Success,CID743064,Auto,Hebbal,Indiranagar,259.0,100.0,Not Applicable,Not Applicable,No,Not Applicable,912,Cash,7,3.5,3.9
2024-07-29 19:57:00,CNR2626940577,Success,CID453083,Bike,Hulimavu,Kengeri,287.0,80.0,Not Applicable,Not Applicable,No,Not Applicable,106,Cash,23,4.9,4.4
2024-07-17 16:54:00,CNR9904038900,Success,CID542736,eBike,Ramamurthy Nagar,Majestic,182.0,140.0,Not Applicable,Not Applicable,No,Not Applicable,378,Cash,39,4.3,3.3
2024-07-23 06:37:00,CNR3613484184,Success,CID558854,Prime Plus,Sahakar Nagar,HSR Layout,175.0,75.0,Not Applicable,Not Applicable,No,Not Applicable,2599,UPI,32,4.0,3.7
2024-07-03 22:13:00,CNR5321380838,Canceled by Driver,CID617973,Prime Sedan,Bannerghatta Road,Shivajinagar,,,Not Applicable,Customer related issue,Not Applicable,Not Applicable,956,Not Applicable,0,,
2024-07-26 04:55:00,CNR1464071310,Driver Not Found,CID124396,Mini,Chamarajpet,Malleshwaram,,,Not Applicable,Not Applicable,Not Applicable,Not Applicable,909,Not Applicable,0,,
2024-07-08 06:15:00,CNR2706060744,Success,CID263112,Prime Sedan,MG Road,Ulsoor,98.0,70.0,Not Applicable,Not Applicable,No,Not Applicable,465,UPI,9,4.8,4.5
2024-07-08 20:43:00,CNR9758961771,Success,CID758465,Mini,Cox Town,Bellandur,273.0,80.0,Not Applicable,Not Applicable,No,Not Applicable,267,Cash,14,4.1,4.9
2024-07-15 16:52:00,CNR1402407583,Success,CID705940,Auto,Hebbal,Kammanahalli,245.0,115.0,Not Applicable,Not Applicable,No,Not Applicable,214,Cash,19,4.9,4.9
2024-07-09 13:21:00,CNR5648242112,Success,CID221906,Mini,Cox Town,Shivajinagar,196.0,140.0,Not Applicable,Not Applicable,No,Not Applicable,128,Cash,39,4.7,3.3
2024-07-20 11:01:00,CNR5689838990,Success,CID583011,Bike,Sahakar Nagar,Marathahalli,252.0,135.0,Not Applicable,Not Applicable,No,Not Applicable,140,Cash,42,3.6,4.5
2024-07-04 05:05:00,CNR6888541386,Success,CID839599,Prime SUV,Shivajinagar,Yeshwanthpur,42.0,145.0,Not Applicable,Not Applicable,No,Not Applicable,643,UPI,46,5.0,4.8
2024-07-07 23:16:00,CNR7846451020,Success,CID439301,Prime Plus,Whitefield,Malleshwaram,203.0,55.0,Not Applicable,Not Applicable,No,Not Applicable,194,Cash,38,3.8,3.2
2024-07-09 06:21:00,CNR9614951399,Success,CID729793,Mini,KR Puram,Malleshwaram,189.0,45.0,Not Applicable,Not Applicable,No,Not Applicable,427,Cash,24,3.3,3.2
2024-07-22 23:47:00,CNR1066671923,Driver Not Found,CID629327,Mini,Sahakar Nagar,Langford Town,,,Not Applicable,Not Applicable,Not Applicable,Not Applicable,777,Not Applicable,0,,
2024-07-05 10:33:00,CNR7724057143,Success,CID500031,eBike,Kadugodi,Bellandur,189.0,30.0,Not Applicable,Not Applicable,No,Not Applicable,2031,UPI,41,4.1,4.2
2024-07-08 11:04:00,CNR9974088894,Canceled by Customer,CID196771,Prime Plus,Majestic,Vijayanagar,,,Driver is not moving towards pickup location,Not Applicable,Not Applicable,Not Applicable,396,Not Applicable,0,,
2024-07-23 20:27:00,CNR7929184301,Canceled by Customer,CID451095,Prime Plus,Hebbal,Ulsoor,,,AC is Not working,Not Applicable,Not Applicable,Not Applicable,333,Not Applicable,0,,
2024-07-11 10:30:00,CNR2722404673,Success,CID514993,Auto,Vijayanagar,Kadugodi,112.0,85.0,Not Applicable,Not Applicable,No,Not Applicable,233,Cash,7,4.1,4.4
2024-07-01 00:50:00,CNR6356888822,Success,CID245998,eBike,Yelahanka,Peenya,245.0,60.0,Not Applicable,Not Applicable,No,Not Applicable,355,Cash,43,4.2,4.3
2024-07-10 09:21:00,CNR8021106938,Success,CID426652,Prime SUV,Chickpet,Hebbal,168.0,35.0,Not Applicable,Not Applicable,No,Not Applicable,676,Cash,33,4.4,5.0
2024-07-04 08:52:00,CNR3088422044,Canceled by Driver,CID469391,Prime Plus,Kammanahalli,Langford Town,,,Not Applicable,Customer was coughing/sick,Not Applicable,Not Applicable,200,Not Applicable,0,,
2024-07-19 07:08:00,CNR7834841597,Success,CID983176,Prime Sedan,Shivajinagar,Tumkur Road,294.0,35.0,Not Applicable,Not Applicable,No,Not Applicable,189,Cash,36,3.3,4.9
2024-07-22 19:15:00,CNR7271324189,Success,CID673702,Prime Sedan,Kadugodi,Magadi Road,126.0,125.0,Not Applicable,Not Applicable,No,Not Applicable,895,Cash,24,3.5,4.4
2024-07-14 23:29:00,CNR6748075370,Success,CID796946,Bike,Whitefield,Chickpet,140.0,140.0,Not Applicable,Not Applicable,No,Not Applicable,814,Cash,39,4.6,3.6
2024-07-17 00:09:00,CNR3595533320,Success,CID805775,Mini,Indiranagar,HSR Layout,238.0,30.0,Not Applicable,Not Applicable,No,Not Applicable,465,UPI,42,4.0,3.4
2024-07-17 08:04:00,CNR1520355916,Success,CID972970,Prime SUV,Whitefield,Rajajinagar,168.0,85.0,Not Applicable,Not Applicable,No,Not Applicable,1399,Cash,18,3.9,3.7
2024-07-14 18:46:00,CNR2529258657,Success,CID172396,Prime SUV,Vijayanagar,Sarjapur Road,231.0,25.0,Not Applicable,Not Applicable,No,Not Applicable,330,Cash,27,4.1,3.8
2024-07-08 15:04:00,CNR7174422271,Success,CID476641,Prime SUV,Magadi Road,Sarjapur Road,196.0,130.0,Not Applicable,Not Applicable,No,Not Applicable,535,Cash,24,3.4,3.9
2024-07-10 17:37:00,CNR3055058581,Success,CID650893,Prime Plus,Indiranagar,Sahakar Nagar,252.0,80.0,Not Applicable,Not Applicable,No,Not Applicable,431,UPI,27,3.1,3.3
2024-07-20 10:48:00,CNR8492347517,Success,CID875916,Mini,Tumkur Road,Koramangala,63.0,135.0,Not Applicable,Not Applicable,No,Not Applicable,212,Cash,36,3.4,3.9
2024-07-25 05:46:00,CNR8784154069,Success,CID421712,Prime SUV,Yeshwanthpur,Basavanagudi,196.0,105.0,Not Applicable,Not Applicable,No,Not Applicable,305,UPI,31,3.0,4.0
2024-07-22 15:39:00,CNR2444046939,Success,CID233677,Auto,Ulsoor,Mysore Road,112.0,120.0,Not Applicable,Not Applicable,No,Not Applicable,704,Cash,11,3.3,4.0
2024-07-26 00:04:00,CNR2712549136,Driver Not Found,CID231356,Bike,Mysore Road,MG Road,,,Not Applicable,Not Applicable,Not Applicable,Not Applicable,308,Not Applicable,0,,
2024-07-27 10:17:00,CNR2611496212,Success,CID279818,Auto,Bellandur,Mysore Road,70.0,65.0,Not Applicable,Not Applicable,No,Not Applicable,616,UPI,9,3.4,3.9
2024-07-25 08:14:00,CNR2784374413,Canceled by Driver,CID909731,Auto,Richmond Town,RT Nagar,,,Not Applicable,Customer was coughing/sick,Not Applicable,Not Applicable,512,Not Applicable,0,,
2024-07-14 03:55:00,CNR6979030119,Success,CID743680,Prime Sedan,Varthur,Yeshwanthpur,301.0,55.0,Not Applicable,Not Applicable,No,Not Applicable,808,Cash,27,3.0,3.2
2024-07-15 19:37:00,CNR8779052104,Success,CID410673,Prime Sedan,Chamarajpet,RT Nagar,112.0,95.0,Not Applicable,Not Applicable,No,Not Applicable,324,Cash,34,3.1,4.6
2024-07-13 08:53:00,CNR9052270104,Success,CID978564,Prime Plus,Cox Town,Indiranagar,112.0,55.0,Not Applicable,Not Applicable,No,Not Applicable,232,UPI,32,5.0,3.1
2024-07-08 03:51:00,CNR7496669552,Canceled by Driver,CID745482,Auto,BTM Layout,Sahakar Nagar,,,Not Applicable,Customer was coughing/sick,Not Applicable,Not Applicable,387,Not Applicable,0,,
2024-07-27 06:30:00,CNR1479227240,Success,CID123050,Mini,Mysore Road,Peenya,77.0,90.0,Not Applicable,Not Applicable,No,Not Applicable,238,UPI,37,4.4,3.5
2024-07-01 13:22:00,CNR7850620248,Success,CID160488,Prime Plus,Hebbal,Magadi Road,280.0,145.0,Not Applicable,Not Applicable,No,Not Applicable,191,Cash,39,4.6,4.5
2024-07-27 02:03:00,CNR2505118585,Success,CID821181,Prime SUV,Mysore Road,Cox Town,245.0,25.0,Not Applicable,Not Applicable,No,Not Applicable,265,UPI,36,4.4,4.7
2024-07-16 13:46:00,CNR8016493001,Success,CID179958,Bike,Hebbal,Cox Town,308.0,110.0,Not Applicable,Not Applicable,No,Not Applicable,157,Cash,8,3.3,4.3
2024-07-05 20:58:00,CNR7137843387,Success,CID318879,Prime SUV,Nagarbhavi,Electronic City,266.0,60.0,Not Applicable,Not Applicable,No,Not Applicable,792,Cash,36,3.2,3.7
2024-07-19 21:53:00,CNR6725489548,Canceled by Driver,CID615482,Prime Plus,Kengeri,Mysore Road,,,Not Applicable,Personal & Car related issue,Not Applicable,Not Applicable,312,Not Applicable,0,,
2024-07-10 09:28:00,CNR5542046288,Canceled by Driver,CID490202,Prime Sedan,Chickpet,Electronic City,,,Not Applicable,Customer was coughing/sick,Not Applicable,Not Applicable,699,Not Applicable,0,,
2024-07-02 20:36:00,CNR9657632563,Success,CID201853,Prime Sedan,Peenya,RT Nagar,287.0,35.0,Not Applicable,Not Applicable,Yes,Vehicle Breakdown,126,Cash,7,4.3,4.7
2024-07-10 00:05:00,CNR1842061423,Success,CID449589,Bike,Yeshwanthpur,Tumkur Road,210.0,135.0,Not Applicable,Not Applicable,No,Not Applicable,482,Cash,42,4.1,3.1
2024-07-05 05:32:00,CNR7964517765,Success,CID907949,eBike,Bellandur,Electronic City,49.0,135.0,Not Applicable,Not Applicable,No,Not Applicable,987,Credit Card,18,4.8,3.6
2024-07-03 13:13:00,CNR4712747764,Canceled by Driver,CID931256,eBike,Mysore Road,Whitefield,,,Not Applicable,Personal & Car related issue,Not Applicable,Not Applicable,287,Not Applicable,0,,
2024-07-06 18:46:00,CNR6672302763,Success,CID958358,eBike,BTM Layout,KR Puram,98.0,60.0,Not Applicable,Not Applicable,No,Not Applicable,300,Cash,19,3.3,3.2
2024-07-26 03:19:00,CNR3735826158,Success,CID190696,eBike,Marathahalli,Padmanabhanagar,91.0,130.0,Not Applicable,Not Applicable,No,Not Applicable,297,UPI,11,4.5,3.9
2024-07-28 17:57:00,CNR2374060488,Success,CID486719,Auto,Richmond Town,Tumkur Road,140.0,100.0,Not Applicable,Not Applicable,No,Not Applicable,324,Cash,8,4.8,3.1
2024-07-17 18:21:00,CNR7871504969,Success,CID350855,Mini,RT Nagar,Cox Town,154.0,95.0,Not Applicable,Not Applicable,No,Not Applicable,1318,Cash,27,3.8,3.9
2024-07-15 11:30:00,CNR7889360705,Success,CID906486,Prime Plus,Basavanagudi,BTM Layout,175.0,125.0,Not Applicable,Not Applicable,No,Not Applicable,757,Cash,7,4.4,3.2
2024-07-14 01:17:00,CNR9997856485,Success,CID464065,Prime SUV,Hebbal,Yeshwanthpur,280.0,40.0,Not Applicable,Not Applicable,Yes,Vehicle Breakdown,165,Cash,34,4.3,4.9
2024-07-08 10:56:00,CNR6861079802,Success,CID755132,Mini,Kadugodi,RT Nagar,63.0,145.0,Not Applicable,Not Applicable,No,Not Applicable,277,Credit Card,37,3.1,4.7
2024-07-12 03:50:00,CNR6304527858,Success,CID402542,Mini,Rajajinagar,Peenya,238.0,25.0,Not Applicable,Not Applicable,No,Not Applicable,1360,UPI,46,4.1,3.7
2024-07-15 03:56:00,CNR8091733444,Canceled by Driver,CID301812,Mini,Langford Town,Whitefield,,,Not Applicable,More than permitted people in there,Not Applicable,Not Applicable,442,Not Applicable,0,,
2024-07-13 23:14:00,CNR2016420473,Canceled by Driver,CID383422,eBike,Jayanagar,Frazer Town,,,Not Applicable,Personal & Car related issue,Not Applicable,Not Applicable,344,Not Applicable,0,,
2024-07-13 11:58:00,CNR4917631432,Success,CID969272,Prime SUV,HSR Layout,Malleshwaram,182.0,60.0,Not Applicable,Not Applicable,No,Not Applicable,503,Cash,4,4.0,4.5
2024-07-10 03:14:00,CNR9308113778,Success,CID479854,Prime SUV,Malleshwaram,Bannerghatta Road,98.0,80.0,Not Applicable,Not Applicable,No,Not Applicable,669,Cash,9,4.9,4.0
2024-07-14 02:30:00,CNR7584702433,Success,CID928988,Prime Plus,Varthur,Kammanahalli,182.0,85.0,Not Applicable,Not Applicable,No,Not Applicable,216,Cash,11,3.6,3.1
2024-07-15 10:45:00,CNR9777781007,Canceled by Driver,CID414987,Auto,Nagarbhavi,Ulsoor,,,Not Applicable,Personal & Car related issue,Not Applicable,Not Applicable,415,Not Applicable,0,,
2024-07-02 02:06:00,CNR1048039540,Success,CID799728,Prime SUV,Hulimavu,Padmanabhanagar,112.0,105.0,Not Applicable,Not Applicable,No,Not Applicable,383,Cash,13,4.8,3.5
2024-07-05 10:55:00,CNR3521677338,Success,CID160061,Prime SUV,Marathahalli,Sarjapur Road,182.0,130.0,Not Applicable,Not Applicable,No,Not Applicable,169,Credit Card,35,3.1,4.9
2024-07-13 21:50:00,CNR2580652705,Success,CID650344,Prime SUV,MG Road,Banashankari,301.0,30.0,Not Applicable,Not Applicable,No,Not Applicable,869,Cash,22,4.0,3.0
2024-07-24 04:21:00,CNR7789693799,Success,CID921584,Prime SUV,JP Nagar,Peenya,70.0,85.0,Not Applicable,Not Applicable,No,Not Applicable,305,Cash,16,3.8,3.5
2024-07-28 15:24:00,CNR4055831617,Success,CID987866,Auto,Magadi Road,Electronic City,217.0,25.0,Not Applicable,Not Applicable,No,Not Applicable,363,Cash,14,4.9,3.5
2024-07-02 02:11:00,CNR9548545868,Success,CID340013,Prime Sedan,Ulsoor,Ulsoor,273.0,65.0,Not Applicable,Not Applicable,No,Not Applicable,764,Cash,34,3.1,3.5
2024-07-26 20:48:00,CNR2839378399,Canceled by Driver,CID539507,Mini,Majestic,Varthur,,,Not Applicable,Customer was coughing/sick,Not Applicable,Not Applicable,176,Not Applicable,0,,
2024-07-25 00:26:00,CNR2407143541,Success,CID485425,Mini,Langford Town,Padmanabhanagar,189.0,65.0,Not Applicable,Not Applicable,No,Not Applicable,628,UPI,7,3.3,4.8
2024-07-15 12:47:00,CNR4013913010,Canceled by Driver,CID489674,Prime Sedan,Hosur Road,Varthur,,,Not Applicable,Customer was coughing/sick,Not Applicable,Not Applicable,329,Not Applicable,0,,
2024-07-05 18:57:00,CNR4355741810,Canceled by Driver,CID425927,Prime Plus,Electronic City,Cox Town,,,Not Applicable,Customer was coughing/sick,Not Applicable,Not Applicable,696,Not Applicable,0,,
2024-07-21 21:07:00,CNR9424261951,Canceled by Customer,CID967772,Bike,Sahakar Nagar,Tumkur Road,,,AC is Not working,Not Applicable,Not Applicable,Not Applicable,172,Not Applicable,0,,
2024-07-30 17:21:00,CNR4407449665,Success,CID900290,Prime Plus,Kengeri,Banashankari,224.0,65.0,Not Applicable,Not Applicable,No,Not Applicable,202,UPI,49,4.5,3.0
2024-07-18 05:02:00,CNR5003500995,Success,CID320607,eBike,Magadi Road,Ramamurthy Nagar,56.0,85.0,Not Applicable,Not Applicable,No,Not Applicable,331,Cash,37,4.4,4.0
2024-07-06 07:46:00,CNR7285606208,Success,CID168932,Mini,Whitefield,HSR Layout,147.0,85.0,Not Applicable,Not Applicable,No,Not Applicable,658,Cash,32,4.5,4.0
2024-07-06 04:30:00,CNR8085942166,Driver Not Found,CID913682,Prime Sedan,Kadugodi,Hulimavu,,,Not Applicable,Not Applicable,Not Applicable,Not Applicable,457,Not Applicable,0,,
2024-07-13 01:26:00,CNR2129513946,Canceled by Driver,CID869620,Prime Plus,BTM Layout,Sahakar Nagar,,,Not Applicable,Personal & Car related issue,Not Applicable,Not Applicable,212,Not Applicable,0,,
2024-07-14 07:17:00,CNR2827530972,Canceled by Driver,CID275653,Bike,Kengeri,Langford Town,,,Not Applicable,Personal & Car related issue,Not Applicable,Not Applicable,1849,Not Applicable,0,,
2024-07-18 06:00:00,CNR5993996575,Success,CID679236,eBike,RT Nagar,Hebbal,175.0,45.0,Not Applicable,Not Applicable,No,Not Applicable,380,UPI,5,4.9,3.3
2024-07-06 02:48:00,CNR8449000306,Canceled by Customer,CID317315,Prime SUV,Malleshwaram,Frazer Town,,,AC is Not working,Not Applicable,Not Applicable,Not Applicable,112,Not Applicable,0,,
2024-07-10 18:10:00,CNR4594319899,Success,CID709011,Mini,Vijayanagar,Hulimavu,280.0,120.0,Not Applicable,Not Applicable,No,Not Applicable,256,Cash,21,3.9,3.7
2024-07-29 05:57:00,CNR9012082021,Success,CID930225,Auto,Ulsoor,Shivajinagar,119.0,65.0,Not Applicable,Not Applicable,No,Not Applicable,873,Cash,19,3.3,3.5
2024-07-30 16:43:00,CNR9622609136,Success,CID306575,Bike,Hosur Road,Shantinagar,49.0,55.0,Not Applicable,Not Applicable,No,Not Applicable,420,UPI,48,4.1,4.3
2024-07-18 23:04:00,CNR4850514268,Success,CID475619,Bike,Bellandur,RT Nagar,63.0,95.0,Not Applicable,Not Applicable,No,Not Applicable,289,Cash,38,4.0,3.2
2024-07-29 07:13:00,CNR4411858842,Canceled by Customer,CID831256,eBike,Marathahalli,Magadi Road,,,Change of plans,Not Applicable,Not Applicable,Not Applicable,456,Not Applicable,0,,
2024-07-06 23:03:00,CNR5158981270,Success,CID243779,eBike,Rajajinagar,Koramangala,161.0,115.0,Not Applicable,Not Applicable,Yes,Customer Demand,679,Cash,45,3.8,5.0
2024-07-30 06:04:00,CNR8226165814,Canceled by Driver,CID974300,Prime Plus,Yelahanka,Frazer Town,,,Not Applicable,Personal & Car related issue,Not Applicable,Not Applicable,705,Not Applicable,0,,
2024-07-30 15:01:00,CNR7983496196,Canceled by Driver,CID499226,Auto,Electronic City,Sarjapur Road,,,Not Applicable,Personal & Car related issue,Not Applicable,Not Applicable,491,Not Applicable,0,,
2024-07-18 00:09:00,CNR3832803988,Success,CID173001,Prime Plus,Richmond Town,Rajajinagar,245.0,40.0,Not Applicable,Not Applicable,No,Not Applicable,311,Cash,11,3.4,4.5
2024-07-19 21:50:00,CNR3326890054,Canceled by Customer,CID914038,Bike,Hennur,MG Road,,,Driver is not moving towards pickup location,Not Applicable,Not Applicable,Not Applicable,429,Not Applicable,0,,
2024-07-06 14:38:00,CNR8314562550,Canceled by Driver,CID542682,Prime Sedan,Magadi Road,MG Road,,,Not Applicable,Customer related issue,Not Applicable,Not Applicable,492,Not Applicable,0,,
2024-07-28 06:03:00,CNR5260714972,Canceled by Driver,CID148612,Prime Sedan,HSR Layout,RT Nagar,,,Not Applicable,More than permitted people in there,Not Applicable,Not Applicable,938,Not Applicable,0,,
2024-07-16 11:33:00,CNR7481423466,Success,CID145776,eBike,Ulsoor,Electronic City,42.0,145.0,Not Applicable,Not Applicable,No,Not Applicable,216,UPI,1,3.5,4.9
2024-07-17 02:07:00,CNR2516040659,Success,CID896997,Mini,Mysore Road,Banashankari,70.0,45.0,Not Applicable,Not Applicable,No,Not Applicable,2355,UPI,39,3.7,4.7
2024-07-14 12:45:00,CNR8343927230,Success,CID640127,Prime SUV,Vijayanagar,Cox Town,91.0,85.0,Not Applicable,Not Applicable,No,Not Applicable,100,UPI,7,3.2,3.8
2024-07-24 06:02:00,CNR7154333546,Success,CID741446,Prime Sedan,Basavanagudi,Langford Town,35.0,130.0,Not Applicable,Not Applicable,Yes,Customer Demand,1708,UPI,41,3.7,4.6
2024-07-29 03:50:00,CNR4826008322,Success,CID282838,Bike,Indiranagar,KR Puram,112.0,50.0,Not Applicable,Not Applicable,No,Not Applicable,354,Cash,47,4.3,4.6
2024-07-28 17:09:00,CNR9225225882,Success,CID839675,Prime Plus,Hosur Road,Malleshwaram,182.0,25.0,Not Applicable,Not Applicable,No,Not Applicable,451,Cash,9,4.6,4.3
2024-07-01 08:42:00,CNR7582371917,Success,CID209696,Prime Sedan,Indiranagar,Hulimavu,133.0,120.0,Not Applicable,Not Applicable,No,Not Applicable,216,UPI,10,3.5,3.8
2024-07-01 04:09:00,CNR3722879910,Success,CID294151,Prime SUV,Rajarajeshwari Nagar,Padmanabhanagar,203.0,60.0,Not Applicable,Not Applicable,No,Not Applicable,347,Cash,36,4.4,4.8
2024-07-21 07:23:00,CNR3671438635,Canceled by Customer,CID432220,Prime Plus,Bellandur,Indiranagar,,,Driver asked to cancel,Not Applicable,Not Applicable,Not Applicable,329,Not Applicable,0,,
2024-07-04 22:06:00,CNR8278313721,Canceled by Customer,CID359863,Prime SUV,Sahakar Nagar,Langford Town,,,Driver is not moving towards pickup location,Not Applicable,Not Applicable,Not Applicable,432,Not Applicable,0,,
2024-07-01 19:08:00,CNR7800350511,Success,CID626113,Prime Sedan,Hebbal,Banashankari,49.0,130.0,Not Applicable,Not Applicable,No,Not Applicable,260,Cash,11,3.2,3.9
2024-07-07 15:35:00,CNR8971777039,Success,CID581981,Prime Sedan,Kammanahalli,Marathahalli,154.0,120.0,Not Applicable,Not Applicable,No,Not Applicable,583,Cash,37,3.8,4.4
2024-07-16 09:30:00,CNR4960737931,Success,CID753862,Mini,Bannerghatta Road,Yelahanka,280.0,100.0,Not Applicable,Not Applicable,No,Not Applicable,797,Cash,18,3.6,3.2
2024-07-30 05:31:00,CNR8288448391,Canceled by Driver,CID911705,Prime Sedan,Majestic,Marathahalli,,,Not Applicable,Personal & Car related issue,Not Applicable,Not Applicable,124,Not Applicable,0,,
2024-07-02 18:50:00,CNR8657444853,Canceled by Driver,CID344004,Prime Plus,MG Road,Koramangala,,,Not Applicable,Personal & Car related issue,Not Applicable,Not Applicable,214,Not Applicable,0,,
2024-07-20 02:58:00,CNR1353470251,Driver Not Found,CID495098,Bike,Majestic,Sahakar Nagar,,,Not Applicable,Not Applicable,Not Applicable,Not Applicable,662,Not Applicable,0,,
2024-07-21 05:44:00,CNR3097675425,Success,CID481324,Mini,Chickpet,Majestic,280.0,145.0,Not Applicable,Not Applicable,No,Not Applicable,833,Credit Card,29,5.0,4.6
2024-07-01 18:28:00,CNR8782325023,Canceled by Customer,CID543221,Auto,Chickpet,Cox Town,,,AC is Not working,Not Applicable,Not Applicable,Not Applicable,716,Not Applicable,0,,
2024-07-11 05:26:00,CNR4029200380,Success,CID339598,eBike,Kammanahalli,Electronic City,119.0,85.0,Not Applicable,Not Applicable,No,Not Applicable,221,UPI,5,3.1,3.2
2024-07-05 07:22:00,CNR4031179310,Canceled by Customer,CID792592,Prime SUV,Whitefield,Peenya,,,Driver is not moving towards pickup location,Not Applicable,Not Applicable,Not Applicable,426,Not Applicable,0,,
2024-07-23 03:59:00,CNR6206120752,Canceled by Customer,CID340895,Prime Sedan,JP Nagar,RT Nagar,,,AC is Not working,Not Applicable,Not Applicable,Not Applicable,392,Not Applicable,0,,
2024-07-22 14:40:00,CNR7136196790,Success,CID925664,Auto,KR Puram,Hulimavu,70.0,60.0,Not Applicable,Not Applicable,No,Not Applicable,327,UPI,4,5.0,3.3
2024-07-28 05:28:00,CNR7543043654,Driver Not Found,CID571611,Bike,Hennur,Peenya,,,Not Applicable,Not Applicable,Not Applicable,Not Applicable,711,Not Applicable,0,,
2024-07-10 06:26:00,CNR1823037225,Success,CID194637,Bike,Langford Town,Hennur,301.0,75.0,Not Applicable,Not Applicable,No,Not Applicable,787,Cash,24,3.9,4.9
2024-07-08 14:17:00,CNR5925271990,Success,CID652897,eBike,Rajarajeshwari Nagar,Richmond Town,203.0,45.0,Not Applicable,Not Applicable,No,Not Applicable,585,Cash,39,3.3,3.9
2024-07-03 07:06:00,CNR8302102719,Canceled by Driver,CID858966,Prime SUV,Malleshwaram,Chamarajpet,,,Not Applicable,Customer was coughing/sick,Not Applicable,Not Applicable,352,Not Applicable,0,,
2024-07-21 21:13:00,CNR3446684958,Success,CID259960,Prime Sedan,KR Puram,Electronic City,77.0,80.0,Not Applicable,Not Applicable,No,Not Applicable,386,Cash,37,4.2,3.3
2024-07-25 07:09:00,CNR3040455451,Canceled by Customer,CID450509,Prime SUV,Ramamurthy Nagar,Jayanagar,,,Driver asked to cancel,Not Applicable,Not Applicable,Not Applicable,229,Not Applicable,0,,
2024-07-13 12:53:00,CNR4218304598,Canceled by Driver,CID697987,Prime Sedan,Kadugodi,Shantinagar,,,Not Applicable,Customer related issue,Not Applicable,Not Applicable,103,Not Applicable,0,,
2024-07-22 03:50:00,CNR5923010200,Success,CID345583,eBike,JP Nagar,Rajajinagar,98.0,30.0,Not Applicable,Not Applicable,No,Not Applicable,315,UPI,37,3.8,4.0
2024-07-10 11:20:00,CNR5650136722,Driver Not Found,CID438148,Mini,Ulsoor,RT Nagar,,,Not Applicable,Not Applicable,Not Applicable,Not Applicable,2349,Not Applicable,0,,
2024-07-16 04:02:00,CNR2905935092,Canceled by Driver,CID108177,Bike,Yelahanka,Kammanahalli,,,Not Applicable,Customer related issue,Not Applicable,Not Applicable,310,Not Applicable,0,,
2024-07-05 14:18:00,CNR6851610732,Canceled by Customer,CID958286,Prime Sedan,RT Nagar,Kengeri,,,Change of plans,Not Applicable,Not Applicable,Not Applicable,254,Not Applicable,0,,
2024-07-16 19:11:00,CNR3595809639,Success,CID332515,eBike,Rajarajeshwari Nagar,Vijayanagar,35.0,85.0,Not Applicable,Not Applicable,No,Not Applicable,424,UPI,3,4.2,3.2
2024-07-05 23:47:00,CNR6682626195,Driver Not Found,CID924532,Bike,Bellandur,Indiranagar,,,Not Applicable,Not Applicable,Not Applicable,Not Applicable,351,Not Applicable,0,,
2024-07-24 12:07:00,CNR9017657626,Canceled by Customer,CID866688,Prime Plus,Magadi Road,Hebbal,,,Driver asked to cancel,Not Applicable,Not Applicable,Not Applicable,865,Not Applicable,0,,
2024-07-23 03:27:00,CNR6146453374,Canceled by Driver,CID988495,Bike,KR Puram,Cox Town,,,Not Applicable,Customer related issue,Not Applicable,Not Applicable,215,Not Applicable,0,,
2024-07-13 18:36:00,CNR9457579910,Success,CID141705,Mini,Ramamurthy Nagar,Jayanagar,224.0,60.0,Not Applicable,Not Applicable,No,Not Applicable,437,UPI,44,4.3,3.9
2024-07-19 08:21:00,CNR1240327187,Success,CID189965,Mini,Koramangala,Yeshwanthpur,203.0,105.0,Not Applicable,Not Applicable,No,Not Applicable,325,UPI,45,3.8,4.2
2024-07-10 19:15:00,CNR2370403261,Success,CID428248,Prime SUV,Kadugodi,Ulsoor,280.0,105.0,Not Applicable,Not Applicable,No,Not Applicable,496,Cash,28,4.6,3.7
2024-07-18 23:58:00,CNR1979604278,Success,CID716768,Auto,JP Nagar,Tumkur Road,84.0,30.0,Not Applicable,Not Applicable,No,Not Applicable,2153,Cash,18,3.7,4.5
2024-07-06 05:35:00,CNR3275369276,Success,CID974142,Prime SUV,Ulsoor,HSR Layout,49.0,35.0,Not Applicable,Not Applicable,No,Not Applicable,161,Cash,25,4.8,4.5
2024-07-26 18:53:00,CNR1381998357,Driver Not Found,CID121427,eBike,JP Nagar,Ramamurthy Nagar,,,Not Applicable,Not Applicable,Not Applicable,Not Applicable,995,Not Applicable,0,,
2024-07-14 19:27:00,CNR3924733360,Success,CID214610,Auto,Chamarajpet,Sahakar Nagar,77.0,55.0,Not Applicable,Not Applicable,No,Not Applicable,380,Cash,14,4.6,4.4
2024-07-15 22:00:00,CNR6342785869,Success,CID833251,Prime SUV,Indiranagar,Devanahalli,63.0,75.0,Not Applicable,Not Applicable,No,Not Applicable,144,Cash,12,4.8,4.7
2024-07-09 02:06:00,CNR7054665162,Canceled by Driver,CID192339,eBike,Frazer Town,Marathahalli,,,Not Applicable,More than permitted people in there,Not Applicable,Not Applicable,235,Not Applicable,0,,
2024-07-01 11:07:00,CNR8129735691,Success,CID631594,Auto,Hosur Road,Frazer Town,168.0,95.0,Not Applicable,Not Applicable,No,Not Applicable,2598,Cash,5,3.5,3.9
2024-07-13 06:55:00,CNR2945790827,Success,CID725011,Auto,Mysore Road,Rajajinagar,175.0,115.0,Not Applicable,Not Applicable,No,Not Applicable,492,UPI,4,3.7,4.7
2024-07-20 13:13:00,CNR8059754036,Success,CID591585,Prime SUV,Richmond Town,HSR Layout,77.0,125.0,Not Applicable,Not Applicable,No,Not Applicable,429,UPI,28,4.4,3.7
2024-07-14 22:12:00,CNR3283438059,Success,CID580122,eBike,Kadugodi,Sahakar Nagar,42.0,25.0,Not Applicable,Not Applicable,No,Not Applicable,177,UPI,7,5.0,4.2
2024-07-06 15:43:00,CNR1405917052,Canceled by Driver,CID914060,Prime SUV,Cox Town,Nagarbhavi,,,Not Applicable,Customer related issue,Not Applicable,Not Applicable,126,Not Applicable,0,,
2024-07-17 10:39:00,CNR3416744548,Canceled by Driver,CID364706,Prime Sedan,Bannerghatta Road,Vijayanagar,,,Not Applicable,Customer related issue,Not Applicable,Not Applicable,336,Not Applicable,0,,
2024-07-22 23:11:00,CNR7977100739,Canceled by Driver,CID336063,Mini,Shantinagar,Cox Town,,,Not Applicable,More than permitted people in there,Not Applicable,Not Applicable,365,Not Applicable,0,,
2024-07-30 20:21:00,CNR8184343810,Success,CID548805,eBike,BTM Layout,Bannerghatta Road,140.0,45.0,Not Applicable,Not Applicable,No,Not Applicable,2688,Cash,31,4.6,4.2
2024-07-05 10:50:00,CNR7231538133,Success,CID679026,Bike,Yelahanka,Chamarajpet,301.0,130.0,Not Applicable,Not Applicable,No,Not Applicable,180,UPI,30,3.1,4.5
2024-07-14 04:38:00,CNR7893437233,Canceled by Driver,CID458365,Prime Plus,Banashankari,Tumkur Road,,,Not Applicable,Personal & Car related issue,Not Applicable,Not Applicable,417,Not Applicable,0,,
2024-07-10 00:00:00,CNR5348965689,Canceled by Driver,CID656519,Prime Plus,Tumkur Road,MG Road,,,Not Applicable,Customer related issue,Not Applicable,Not Applicable,122,Not Applicable,0,,
2024-07-26 06:44:00,CNR5415178387,Success,CID656396,Prime Sedan,Kengeri,Padmanabhanagar,203.0,115.0,Not Applicable,Not Applicable,No,Not Applicable,2819,Cash,24,3.4,5.0
2024-07-30 05:09:00,CNR3430973569,Success,CID258989,Mini,Shantinagar,Whitefield,105.0,90.0,Not Applicable,Not Applicable,No,Not Applicable,111,Cash,42,3.8,4.7
2024-07-05 22:21:00,CNR7280870786,Canceled by Customer,CID551579,eBike,Magadi Road,Sarjapur Road,,,Driver asked to cancel,Not Applicable,Not Applicable,Not Applicable,254,Not Applicable,0,,
2024-07-09 16:03:00,CNR6230738910,Success,CID800696,Bike,Jayanagar,Basavanagudi,147.0,145.0,Not Applicable,Not Applicable,No,Not Applicable,238,UPI,8,4.6,3.8
2024-07-11 07:11:00,CNR3004086693,Success,CID367461,Auto,Mysore Road,Varthur,175.0,100.0,Not Applicable,Not Applicable,No,Not Applicable,350,UPI,8,5.0,3.8
2024-07-15 20:10:00,CNR2602397248,Success,CID499300,Prime Plus,RT Nagar,Varthur,196.0,65.0,Not Applicable,Not Applicable,No,Not Applicable,201,UPI,15,3.5,3.6
2024-07-06 05:12:00,CNR8059361119,Success,CID889903,Mini,MG Road,Kadugodi,119.0,105.0,Not Applicable,Not Applicable,No,Not Applicable,186,Credit Card,31,3.6,3.5
2024-07-19 16:35:00,CNR4289317847,Canceled by Customer,CID108213,Mini,Whitefield,Basavanagudi,,,AC is Not working,Not Applicable,Not Applicable,Not Applicable,168,Not Applicable,0,,
2024-07-29 13:26:00,CNR7172313632,Success,CID951303,Bike,BTM Layout,Langford Town,133.0,60.0,Not Applicable,Not Applicable,Yes,Other Issue,210,Cash,34,4.9,4.0
2024-07-12 06:22:00,CNR6865801331,Success,CID625561,Prime SUV,Yelahanka,Kammanahalli,266.0,140.0,Not Applicable,Not Applicable,No,Not Applicable,748,Cash,41,4.7,4.1
2024-07-29 18:22:00,CNR2352038652,Success,CID783436,Auto,HSR Layout,Banashankari,231.0,50.0,Not Applicable,Not Applicable,No,Not Applicable,793,Cash,5,3.7,3.9
2024-07-10 03:36:00,CNR2578767835,Canceled by Customer,CID569008,Mini,Varthur,Frazer Town,,,AC is Not working,Not Applicable,Not Applicable,Not Applicable,192,Not Applicable,0,,
2024-07-22 11:13:00,CNR4046172805,Success,CID272892,Mini,Hosur Road,Yelahanka,175.0,145.0,Not Applicable,Not Applicable,No,Not Applicable,775,UPI,21,3.5,4.6
2024-07-11 00:17:00,CNR1921948513,Success,CID956780,Prime SUV,Majestic,Langford Town,245.0,70.0,Not Applicable,Not Applicable,No,Not Applicable,312,UPI,9,4.6,3.3
2024-07-17 18:33:00,CNR2887660642,Success,CID873890,Prime Plus,BTM Layout,Langford Town,203.0,60.0,Not Applicable,Not Applicable,No,Not Applicable,191,UPI,48,4.6,4.3
2024-07-30 14:34:00,CNR3218722061,Success,CID402212,Bike,Nagarbhavi,Sarjapur Road,301.0,75.0,Not Applicable,Not Applicable,No,Not Applicable,300,UPI,30,3.8,3.2
2024-07-06 03:50:00,CNR1338344429,Success,CID256183,Mini,Richmond Town,Frazer Town,98.0,115.0,Not Applicable,Not Applicable,No,Not Applicable,236,UPI,20,4.9,4.1
2024-07-30 00:17:00,CNR1993375133,Success,CID799472,Bike,KR Puram,Malleshwaram,203.0,70.0,Not Applicable,Not Applicable,Yes,Customer Demand,570,Cash,5,3.5,3.6
2024-07-05 10:14:00,CNR9882854803,Success,CID473521,Auto,Bellandur,Basavanagudi,287.0,115.0,Not Applicable,Not Applicable,No,Not Applicable,206,Cash,13,3.9,4.1
2024-07-10 08:53:00,CNR8256559150,Success,CID993688,Bike,Bellandur,Marathahalli,259.0,25.0,Not Applicable,Not Applicable,No,Not Applicable,412,Cash,36,3.8,4.4
2024-07-01 20:04:00,CNR3299928544,Success,CID692649,Auto,Varthur,Vijayanagar,105.0,100.0,Not Applicable,Not Applicable,No,Not Applicable,2090,Cash,2,5.0,3.1
2024-07-18 03:59:00,CNR9015767272,Success,CID609789,Prime SUV,Jayanagar,Chamarajpet,161.0,65.0,Not Applicable,Not Applicable,No,Not Applicable,176,Cash,47,3.8,4.9
2024-07-22 04:39:00,CNR4806991489,Canceled by Customer,CID111338,Auto,Varthur,Marathahalli,,,Driver asked to cancel,Not Applicable,Not Applicable,Not Applicable,296,Not Applicable,0,,
2024-07-16 19:21:00,CNR7157525514,Canceled by Driver,CID356460,eBike,Peenya,Marathahalli,,,Not Applicable,Personal & Car related issue,Not Applicable,Not Applicable,401,Not Applicable,0,,
2024-07-06 11:47:00,CNR5733109360,Success,CID935758,Prime Sedan,Hosur Road,HSR Layout,119.0,90.0,Not Applicable,Not Applicable,No,Not Applicable,151,Cash,32,4.5,4.5
2024-07-04 14:31:00,CNR2561605964,Success,CID330221,Auto,Whitefield,Rajajinagar,175.0,45.0,Not Applicable,Not Applicable,No,Not Applicable,1909,Cash,4,4.9,3.8
2024-07-12 04:17:00,CNR3463702432,Success,CID287842,Prime Plus,Bellandur,Tumkur Road,182.0,90.0,Not Applicable,Not Applicable,No,Not Applicable,239,UPI,27,4.7,3.2
2024-07-01 17:32:00,CNR5634249979,Success,CID231420,eBike,Indiranagar,Nagarbhavi,203.0,60.0,Not Applicable,Not Applicable,No,Not Applicable,2543,Cash,8,4.5,3.7
2024-07-07 07:17:00,CNR7948205887,Success,CID977195,Bike,Mysore Road,Tumkur Road,217.0,115.0,Not Applicable,Not Applicable,No,Not Applicable,992,Cash,34,4.0,4.5
2024-07-06 06:41:00,CNR5821316917,Success,CID568584,Mini,Vijayanagar,Hennur,119.0,135.0,Not Applicable,Not Applicable,No,Not Applicable,524,Cash,36,4.9,3.8
2024-07-18 19:26:00,CNR3438788395,Success,CID362596,Bike,Frazer Town,Kengeri,238.0,80.0,Not Applicable,Not Applicable,No,Not Applicable,412,UPI,25,4.4,4.7
2024-07-06 06:48:00,CNR6665096309,Canceled by Driver,CID526082,Auto,BTM Layout,Peenya,,,Not Applicable,Personal & Car related issue,Not Applicable,Not Applicable,214,Not Applicable,0,,
2024-07-08 03:13:00,CNR4848633048,Success,CID657147,Prime Plus,Kengeri,RT Nagar,126.0,65.0,Not Applicable,Not Applicable,No,Not Applicable,1954,Cash,36,4.0,3.9
2024-07-30 03:09:00,CNR2113850057,Driver Not Found,CID293397,Prime Sedan,Rajajinagar,Indiranagar,,,Not Applicable,Not Applicable,Not Applicable,Not Applicable,1047,Not Applicable,0,,
2024-07-07 04:20:00,CNR1418458233,Success,CID172058,eBike,Vijayanagar,Kammanahalli,147.0,100.0,Not Applicable,Not Applicable,No,Not Applicable,649,Cash,43,4.4,3.6
2024-07-18 16:15:00,CNR6706825542,Driver Not Found,CID182409,Mini,Basavanagudi,MG Road,,,Not Applicable,Not Applicable,Not Applicable,Not Applicable,181,Not Applicable,0,,
2024-07-24 02:26:00,CNR8663245949,Success,CID626653,eBike,RT Nagar,Rajajinagar,91.0,35.0,Not Applicable,Not Applicable,No,Not Applicable,478,UPI,5,4.7,4.6
2024-07-30 16:49:00,CNR1761442455,Driver Not Found,CID654816,Auto,Yeshwanthpur,Jayanagar,,,Not Applicable,Not Applicable,Not Applicable,Not Applicable,394,Not Applicable,0,,
2024-07-17 07:38:00,CNR3640392499,Success,CID253983,Bike,Majestic,KR Puram,133.0,95.0,Not Applicable,Not Applicable,No,Not Applicable,197,Cash,17,3.2,4.7
2024-07-05 23:19:00,CNR3972232793,Canceled by Driver,CID145669,Prime Plus,Ramamurthy Nagar,Chamarajpet,,,Not Applicable,Customer related issue,Not Applicable,Not Applicable,267,Not Applicable,0,,
2024-07-02 03:40:00,CNR7212557070,Driver Not Found,CID878674,Prime Plus,Magadi Road,Majestic,,,Not Applicable,Not Applicable,Not Applicable,Not Applicable,119,Not Applicable,0,,
2024-07-06 15:38:00,CNR8601391286,Success,CID828559,Prime Plus,Chickpet,Varthur,280.0,35.0,Not Applicable,Not Applicable,Yes,Vehicle Breakdown,155,Cash,15,3.1,4.1
2024-07-04 18:11:00,CNR5927075448,Success,CID586289,Bike,Peenya,Devanahalli,77.0,115.0,Not Applicable,Not Applicable,No,Not Applicable,386,UPI,23,3.1,3.5
2024-07-03 23:49:00,CNR2607012180,Success,CID466731,Auto,Ulsoor,Hebbal,231.0,55.0,Not Applicable,Not Applicable,No,Not Applicable,496,UPI,9,3.2,3.3
2024-07-20 02:02:00,CNR8393661912,Canceled by Driver,CID266537,Mini,Whitefield,HSR Layout,,,Not Applicable,Personal & Car related issue,Not Applicable,Not Applicable,465,Not Applicable,0,,
2024-07-18 08:00:00,CNR8714849265,Canceled by Driver,CID251414,Prime Sedan,Kammanahalli,Devanahalli,,,Not Applicable,Personal & Car related issue,Not Applicable,Not Applicable,1722,Not Applicable,0,,
2024-07-19 13:08:00,CNR7796989393,Driver Not Found,CID736294,Auto,Mysore Road,Langford Town,,,Not Applicable,Not Applicable,Not Applicable,Not Applicable,258,Not Applicable,0,,
2024-07-23 20:21:00,CNR8645916224,Canceled by Driver,CID662508,Prime Plus,Chickpet,RT Nagar,,,Not Applicable,Personal & Car related issue,Not Applicable,Not Applicable,271,Not Applicable,0,,
2024-07-09 11:47:00,CNR8479354549,Success,CID798599,Prime Sedan,Vijayanagar,Frazer Town,161.0,35.0,Not Applicable,Not Applicable,No,Not Applicable,169,Cash,5,3.4,4.8
2024-07-09 14:48:00,CNR1508329771,Driver Not Found,CID628685,Prime SUV,Hennur,Yeshwanthpur,,,Not Applicable,Not Applicable,Not Applicable,Not Applicable,305,Not Applicable,0,,
2024-07-11 09:44:00,CNR1987499284,Success,CID643357,eBike,Vijayanagar,RT Nagar,140.0,80.0,Not Applicable,Not Applicable,No,Not Applicable,185,Cash,36,3.5,3.5
2024-07-28 05:08:00,CNR7438756400,Canceled by Customer,CID461628,Mini,JP Nagar,Vijayanagar,,,Driver is not moving towards pickup location,Not Applicable,Not Applicable,Not Applicable,958,Not Applicable,0,,
2024-07-02 11:26:00,CNR1786801606,Success,CID517633,Bike,Padmanabhanagar,MG Road,203.0,50.0,Not Applicable,Not Applicable,No,Not Applicable,354,Cash,16,4.6,4.1
2024-07-10 02:27:00,CNR4556606637,Canceled by Driver,CID485787,Mini,Frazer Town,Ulsoor,,,Not Applicable,Customer related issue,Not Applicable,Not Applicable,428,Not Applicable,0,,
2024-07-18 00:27:00,CNR5855671656,Driver Not Found,CID373763,Auto,HSR Layout,Rajajinagar,,,Not Applicable,Not Applicable,Not Applicable,Not Applicable,650,Not Applicable,0,,
2024-07-27 18:16:00,CNR9100659843,Driver Not Found,CID382492,Prime Sedan,Indiranagar,KR Puram,,,Not Applicable,Not Applicable,Not Applicable,Not Applicable,267,Not Applicable,0,,
2024-07-24 09:53:00,CNR3494648217,Success,CID870483,Prime Sedan,Hebbal,Jayanagar,126.0,30.0,Not Applicable,Not Applicable,No,Not Applicable,137,UPI,46,3.3,3.1
2024-07-08 19:55:00,CNR9220886651,Success,CID555783,Mini,Yeshwanthpur,Malleshwaram,140.0,40.0,Not Applicable,Not Applicable,No,Not Applicable,325,UPI,49,4.8,4.3
2024-07-09 21:57:00,CNR2254284435,Canceled by Driver,CID861088,Prime SUV,Sarjapur Road,Frazer Town,,,Not Applicable,Customer was coughing/sick,Not Applicable,Not Applicable,488,Not Applicable,0,,
2024-07-01 05:32:00,CNR8831088340,Canceled by Driver,CID363934,Prime Plus,JP Nagar,Rajarajeshwari Nagar,,,Not Applicable,Personal & Car related issue,Not Applicable,Not Applicable,595,Not Applicable,0,,
2024-07-22 23:59:00,CNR3098430291,Success,CID970754,Auto,Kengeri,Varthur,35.0,115.0,Not Applicable,Not Applicable,No,Not Applicable,246,Cash,4,3.4,3.8
2024-07-09 11:29:00,CNR1228244124,Success,CID259113,eBike,Kammanahalli,Malleshwaram,133.0,90.0,Not Applicable,Not Applicable,No,Not Applicable,903,Cash,34,4.1,4.2
2024-07-19 06:40:00,CNR6590920218,Success,CID904289,Mini,Hosur Road,Majestic,126.0,140.0,Not Applicable,Not Applicable,No,Not Applicable,305,Credit Card,23,3.7,3.5
2024-07-17 01:26:00,CNR6088370032,Canceled by Customer,CID769820,Prime Plus,Ramamurthy Nagar,Basavanagudi,,,Driver asked to cancel,Not Applicable,Not Applicable,Not Applicable,160,Not Applicable,0,,
2024-07-06 15:02:00,CNR1301852498,Success,CID850853,Prime Sedan,HSR Layout,Mysore Road,105.0,130.0,Not Applicable,Not Applicable,No,Not Applicable,571,Cash,46,3.1,3.1
2024-07-04 20:01:00,CNR3891999996,Success,CID956801,Prime Sedan,Shantinagar,Ulsoor,140.0,95.0,Not Applicable,Not Applicable,No,Not Applicable,444,UPI,46,4.6,4.8
2024-07-15 17:35:00,CNR5261127477,Canceled by Driver,CID778538,Prime SUV,Banashankari,Sarjapur Road,,,Not Applicable,Customer related issue,Not Applicable,Not Applicable,146,Not Applicable,0,,
2024-07-23 01:05:00,CNR8050978653,Success,CID758897,eBike,Mysore Road,Sarjapur Road,308.0,60.0,Not Applicable,Not Applicable,No,Not Applicable,328,Cash,3,3.1,4.3
2024-07-25 12:09:00,CNR7177022313,Success,CID728539,Auto,Banashankari,Hennur,280.0,130.0,Not Applicable,Not Applicable,No,Not Applicable,327,Cash,6,3.5,3.3
2024-07-23 18:24:00,CNR6791334913,Success,CID523352,Prime SUV,Jayanagar,Tumkur Road,147.0,85.0,Not Applicable,Not Applicable,No,Not Applicable,384,UPI,20,5.0,3.2
2024-07-10 07:12:00,CNR4303870380,Canceled by Customer,CID594493,Prime Sedan,Ulsoor,Frazer Town,,,Driver is not moving towards pickup location,Not Applicable,Not Applicable,Not Applicable,243,Not Applicable,0,,
2024-07-13 09:06:00,CNR6299036756,Driver Not Found,CID685356,Mini,Bannerghatta Road,Hennur,,,Not Applicable,Not Applicable,Not Applicable,Not Applicable,213,Not Applicable,0,,
2024-07-12 22:28:00,CNR6083351781,Success,CID329665,Prime SUV,Sahakar Nagar,KR Puram,189.0,65.0,Not Applicable,Not Applicable,No,Not Applicable,640,UPI,32,4.4,4.0
2024-07-08 16:16:00,CNR2019475400,Canceled by Driver,CID657299,Auto,Peenya,Chamarajpet,,,Not Applicable,Customer was coughing/sick,Not Applicable,Not Applicable,243,Not Applicable,0,,
2024-07-17 05:30:00,CNR2082528526,Success,CID650213,Bike,Malleshwaram,Banashankari,119.0,50.0,Not Applicable,Not Applicable,No,Not Applicable,371,UPI,8,4.6,3.9
2024-07-10 20:50:00,CNR6340109236,Success,CID418559,Auto,RT Nagar,Hebbal,63.0,45.0,Not Applicable,Not Applicable,No,Not Applicable,109,Cash,11,4.1,3.1
2024-07-24 22:27:00,CNR8616119967,Driver Not Found,CID699343,Bike,Kengeri,Shantinagar,,,Not Applicable,Not Applicable,Not Applicable,Not Applicable,173,Not Applicable,0,,
2024-07-08 22:44:00,CNR2245188046,Success,CID625587,Bike,Varthur,Electronic City,161.0,25.0,Not Applicable,Not Applicable,Yes,Vehicle Breakdown,539,UPI,22,4.3,3.4
2024-07-15 06:10:00,CNR3601672922,Canceled by Driver,CID886775,eBike,Langford Town,Marathahalli,,,Not Applicable,Customer related issue,Not Applicable,Not Applicable,312,Not Applicable,0,,
2024-07-01 04:41:00,CNR4488994959,Canceled by Customer,CID835582,Prime Plus,Langford Town,Indiranagar,,,Change of plans,Not Applicable,Not Applicable,Not Applicable,128,Not Applicable,0,,
2024-07-01 17:52:00,CNR9168395342,Success,CID384681,Mini,Tumkur Road,Mysore Road,273.0,50.0,Not Applicable,Not Applicable,Yes,Vehicle Breakdown,988,UPI,42,3.3,4.9
2024-07-07 10:39:00,CNR8543599625,Success,CID418822,Prime Plus,Kengeri,Tumkur Road,308.0,65.0,Not Applicable,Not Applicable,No,Not Applicable,192,Cash,16,3.0,4.9
2024-07-28 05:07:00,CNR6129698101,Success,CID941922,eBike,Yelahanka,Cox Town,105.0,55.0,Not Applicable,Not Applicable,No,Not Applicable,253,Cash,12,3.6,4.1
2024-07-30 01:50:00,CNR9928797566,Success,CID636399,Auto,Bannerghatta Road,Mysore Road,308.0,85.0,Not Applicable,Not Applicable,Yes,Vehicle Breakdown,1081,Cash,4,4.2,3.0
2024-07-11 10:08:00,CNR8239703022,Success,CID880880,Auto,Majestic,Tumkur Road,84.0,60.0,Not Applicable,Not Applicable,No,Not Applicable,469,Cash,9,3.4,3.6
2024-07-24 06:45:00,CNR3985455247,Success,CID246956,Bike,Magadi Road,Electronic City,133.0,50.0,Not Applicable,Not Applicable,No,Not Applicable,692,Cash,17,3.2,4.4
2024-07-01 12:45:00,CNR7514971502,Success,CID142010,Bike,Whitefield,Banashankari,280.0,90.0,Not Applicable,Not Applicable,No,Not Applicable,214,UPI,24,3.1,3.2
2024-07-12 20:25:00,CNR3988708782,Success,CID917653,Bike,Mysore Road,BTM Layout,154.0,85.0,Not Applicable,Not Applicable,No,Not Applicable,395,Credit Card,29,4.4,4.1
2024-07-02 06:38:00,CNR4848398936,Canceled by Driver,CID121454,Prime Sedan,Basavanagudi,MG Road,,,Not Applicable,Customer related issue,Not Applicable,Not Applicable,586,Not Applicable,0,,
2024-07-15 17:44:00,CNR1269622227,Success,CID529139,Auto,Varthur,Chamarajpet,287.0,135.0,Not Applicable,Not Applicable,No,Not Applicable,199,UPI,10,4.0,3.3
2024-07-11 09:48:00,CNR9516678007,Canceled by Customer,CID477368,Mini,Nagarbhavi,Nagarbhavi,,,Driver is not moving towards pickup location,Not Applicable,Not Applicable,Not Applicable,451,Not Applicable,0,,
2024-07-03 13:48:00,CNR1822881810,Driver Not Found,CID633527,Auto,Sarjapur Road,Marathahalli,,,Not Applicable,Not Applicable,Not Applicable,Not Applicable,456,Not Applicable,0,,
2024-07-20 04:03:00,CNR4163936064,Success,CID619090,Prime SUV,Bellandur,KR Puram,238.0,125.0,Not Applicable,Not Applicable,No,Not Applicable,2258,Cash,35,3.7,4.6
2024-07-23 12:13:00,CNR7633589561,Canceled by Driver,CID451561,Mini,Hosur Road,Koramangala,,,Not Applicable,More than permitted people in there,Not Applicable,Not Applicable,1952,Not Applicable,0,,
2024-07-05 08:54:00,CNR8822800358,Success,CID674008,eBike,Richmond Town,Ramamurthy Nagar,301.0,110.0,Not Applicable,Not Applicable,No,Not Applicable,448,Cash,26,4.2,3.6
2024-07-19 03:52:00,CNR7144595369,Success,CID848839,Prime SUV,Malleshwaram,Kengeri,91.0,130.0,Not Applicable,Not Applicable,No,Not Applicable,267,Cash,17,4.8,4.1
2024-07-01 16:32:00,CNR9978247551,Driver Not Found,CID798115,Bike,Magadi Road,Vijayanagar,,,Not Applicable,Not Applicable,Not Applicable,Not Applicable,629,Not Applicable,0,,
2024-07-21 01:49:00,CNR7170430789,Success,CID355284,Mini,Banashankari,Banashankari,238.0,140.0,Not Applicable,Not Applicable,No,Not Applicable,227,Cash,49,4.8,4.3
2024-07-16 22:05:00,CNR4936363567,Success,CID938144,eBike,Bellandur,Varthur,77.0,85.0,Not Applicable,Not Applicable,No,Not Applicable,510,Cash,6,4.7,3.9
2024-07-25 17:22:00,CNR2641543150,Canceled by Driver,CID959506,eBike,Rajajinagar,Cox Town,,,Not Applicable,Personal & Car related issue,Not Applicable,Not Applicable,2291,Not Applicable,0,,
2024-07-19 07:22:00,CNR6866225700,Success,CID688140,Auto,Majestic,Kammanahalli,273.0,100.0,Not Applicable,Not Applicable,No,Not Applicable,810,Cash,13,4.1,3.9
2024-07-02 00:33:00,CNR6294842759,Canceled by Driver,CID913887,Bike,Jayanagar,Hulimavu,,,Not Applicable,Customer was coughing/sick,Not Applicable,Not Applicable,649,Not Applicable,0,,
2024-07-10 01:54:00,CNR9788718235,Success,CID640124,Mini,Sarjapur Road,Hosur Road,301.0,35.0,Not Applicable,Not Applicable,No,Not Applicable,368,Cash,40,3.4,3.1
2024-07-22 06:38:00,CNR1458295296,Canceled by Customer,CID573981,Mini,Kammanahalli,MG Road,,,Driver asked to cancel,Not Applicable,Not Applicable,Not Applicable,221,Not Applicable,0,,
2024-07-21 06:42:00,CNR9633586058,Canceled by Driver,CID270685,Mini,Hebbal,Ulsoor,,,Not Applicable,Customer was coughing/sick,Not Applicable,Not Applicable,169,Not Applicable,0,,
2024-07-05 17:44:00,CNR6472768951,Driver Not Found,CID816685,Bike,Kengeri,Hosur Road,,,Not Applicable,Not Applicable,Not Applicable,Not Applicable,488,Not Applicable,0,,
2024-07-23 10:04:00,CNR1786268700,Success,CID297791,Prime SUV,Rajajinagar,Langford Town,252.0,55.0,Not Applicable,Not Applicable,Yes,Vehicle Breakdown,353,Cash,7,3.8,4.1
2024-07-17 08:18:00,CNR6683006662,Success,CID769124,Mini,Ulsoor,Hennur,140.0,140.0,Not Applicable,Not Applicable,Yes,Other Issue,221,UPI,30,3.1,3.4
2024-07-10 21:22:00,CNR9680254847,Success,CID519000,Prime SUV,Kadugodi,Langford Town,147.0,95.0,Not Applicable,Not Applicable,No,Not Applicable,399,UPI,9,3.7,4.9
2024-07-17 17:43:00,CNR2709050621,Success,CID807528,Mini,Hennur,Ulsoor,98.0,105.0,Not Applicable,Not Applicable,No,Not Applicable,817,Cash,8,4.1,3.7
2024-07-26 09:04:00,CNR4292977036,Success,CID167334,Bike,Tumkur Road,Kengeri,42.0,25.0,Not Applicable,Not Applicable,No,Not Applicable,432,Cash,17,3.1,4.2
2024-07-20 06:49:00,CNR3310368138,Canceled by Driver,CID290516,Prime Sedan,Vijayanagar,Malleshwaram,,,Not Applicable,Customer was coughing/sick,Not Applicable,Not Applicable,359,Not Applicable,0,,
2024-07-21 08:12:00,CNR5674925318,Success,CID162714,Prime Sedan,KR Puram,Devanahalli,231.0,115.0,Not Applicable,Not Applicable,No,Not Applicable,2057,UPI,35,4.4,4.9
2024-07-06 08:36:00,CNR3619666084,Success,CID398272,Prime Plus,Varthur,Shivajinagar,119.0,25.0,Not Applicable,Not Applicable,Yes,Vehicle Breakdown,968,Cash,16,3.5,3.4
2024-07-05 07:49:00,CNR8170743615,Canceled by Driver,CID211808,Mini,Sahakar Nagar,Hulimavu,,,Not Applicable,Personal & Car related issue,Not Applicable,Not Applicable,199,Not Applicable,0,,
2024-07-07 16:15:00,CNR4466937857,Driver Not Found,CID212581,Prime Plus,Frazer Town,Shivajinagar,,,Not Applicable,Not Applicable,Not Applicable,Not Applicable,646,Not Applicable,0,,
2024-07-13 16:18:00,CNR8112766113,Success,CID103034,Auto,Chickpet,Basavanagudi,119.0,110.0,Not Applicable,Not Applicable,No,Not Applicable,467,UPI,3,4.4,3.2
2024-07-14 06:16:00,CNR4151825348,Success,CID643183,eBike,Hulimavu,Kadugodi,140.0,100.0,Not Applicable,Not Applicable,No,Not Applicable,217,Cash,38,4.0,4.9
2024-07-30 10:45:00,CNR1924463068,Canceled by Driver,CID492415,eBike,Kadugodi,Banashankari,,,Not Applicable,Customer was coughing/sick,Not Applicable,Not Applicable,474,Not Applicable,0,,
2024-07-11 00:50:00,CNR6964508421,Success,CID228085,Prime Plus,Mysore Road,Kadugodi,119.0,115.0,Not Applicable,Not Applicable,No,Not Applicable,956,UPI,25,3.2,3.4
2024-07-24 07:10:00,CNR5537227386,Success,CID231228,Auto,Banashankari,Electronic City,77.0,115.0,Not Applicable,Not Applicable,No,Not Applicable,231,Cash,4,3.1,3.2
2024-07-30 09:30:00,CNR4289947045,Canceled by Driver,CID374965,Mini,Bannerghatta Road,Devanahalli,,,Not Applicable,Personal & Car related issue,Not Applicable,Not Applicable,315,Not Applicable,0,,
2024-07-08 14:37:00,CNR9832678268,Success,CID253207,eBike,Rajajinagar,Bannerghatta Road,154.0,95.0,Not Applicable,Not Applicable,No,Not Applicable,408,Cash,47,4.7,3.1
2024-07-05 23:18:00,CNR1591959636,Driver Not Found,CID851709,Mini,Nagarbhavi,Hennur,,,Not Applicable,Not Applicable,Not Applicable,Not Applicable,285,Not Applicable,0,,
2024-07-29 21:41:00,CNR4590451750,Success,CID775296,Prime SUV,Varthur,Tumkur Road,238.0,35.0,Not Applicable,Not Applicable,No,Not Applicable,421,Cash,33,3.3,3.3
2024-07-27 20:58:00,CNR7250051547,Canceled by Driver,CID660709,Prime Sedan,Langford Town,Hosur Road,,,Not Applicable,Personal & Car related issue,Not Applicable,Not Applicable,333,Not Applicable,0,,
2024-07-30 13:27:00,CNR7867170291,Success,CID443540,Bike,Hennur,Magadi Road,63.0,45.0,Not Applicable,Not Applicable,No,Not Applicable,392,Cash,31,4.5,4.1
2024-07-08 19:12:00,CNR7888232733,Success,CID911141,Mini,Kengeri,Mysore Road,161.0,95.0,Not Applicable,Not Applicable,No,Not Applicable,523,UPI,29,3.2,4.7
2024-07-28 19:01:00,CNR5978660621,Canceled by Driver,CID806124,Bike,Sarjapur Road,JP Nagar,,,Not Applicable,Customer related issue,Not Applicable,Not Applicable,111,Not Applicable,0,,
2024-07-30 01:10:00,CNR1082261754,Canceled by Customer,CID864803,Bike,Hulimavu,Richmond Town,,,AC is Not working,Not Applicable,Not Applicable,Not Applicable,783,Not Applicable,0,,
2024-07-21 07:58:00,CNR8886763136,Success,CID812296,Bike,Frazer Town,Hebbal,140.0,75.0,Not Applicable,Not Applicable,No,Not Applicable,218,Cash,33,3.5,3.9
2024-07-25 18:53:00,CNR2975237391,Success,CID591817,Prime Sedan,Mysore Road,BTM Layout,224.0,60.0,Not Applicable,Not Applicable,No,Not Applicable,407,UPI,7,4.6,4.0
2024-07-04 09:11:00,CNR6467750869,Canceled by Driver,CID518361,Bike,Sarjapur Road,Marathahalli,,,Not Applicable,Customer related issue,Not Applicable,Not Applicable,337,Not Applicable,0,,
2024-07-20 21:28:00,CNR4143870290,Success,CID530706,Prime SUV,Banashankari,Richmond Town,217.0,120.0,Not Applicable,Not Applicable,No,Not Applicable,709,UPI,22,3.6,4.6
2024-07-16 22:20:00,CNR4758956154,Success,CID299284,Auto,Rajajinagar,Shivajinagar,49.0,120.0,Not Applicable,Not Applicable,No,Not Applicable,677,UPI,16,4.7,3.1
2024-07-11 04:38:00,CNR2987102573,Success,CID411942,Mini,Vijayanagar,Hennur,168.0,75.0,Not Applicable,Not Applicable,Yes,Customer Demand,286,Cash,4,3.8,3.2
2024-07-21 08:29:00,CNR4066627323,Success,CID660690,eBike,Shivajinagar,Yelahanka,49.0,135.0,Not Applicable,Not Applicable,No,Not Applicable,207,UPI,48,4.0,3.8
2024-07-21 07:47:00,CNR5634062566,Canceled by Customer,CID987533,Prime Sedan,Ulsoor,BTM Layout,,,Driver is not moving towards pickup location,Not Applicable,Not Applicable,Not Applicable,300,Not Applicable,0,,
2024-07-08 04:35:00,CNR7222381891,Success,CID756472,Mini,Kammanahalli,Yeshwanthpur,182.0,30.0,Not Applicable,Not Applicable,No,Not Applicable,289,Cash,49,3.8,3.8
2024-07-27 19:51:00,CNR3171310573,Success,CID927113,Mini,Bannerghatta Road,Hulimavu,224.0,125.0,Not Applicable,Not Applicable,No,Not Applicable,541,Cash,22,4.6,3.0
2024-07-25 21:31:00,CNR6299295191,Success,CID839521,Mini,Electronic City,Ulsoor,252.0,65.0,Not Applicable,Not Applicable,No,Not Applicable,336,Cash,14,3.2,4.1
2024-07-25 13:14:00,CNR6688416188,Canceled by Customer,CID354564,Bike,Indiranagar,Ulsoor,,,Driver asked to cancel,Not Applicable,Not Applicable,Not Applicable,267,Not Applicable,0,,
2024-07-27 14:31:00,CNR5879484774,Driver Not Found,CID555203,Prime Plus,Jayanagar,Ulsoor,,,Not Applicable,Not Applicable,Not Applicable,Not Applicable,256,Not Applicable,0,,
2024-07-05 23:36:00,CNR8550886147,Success,CID239656,Mini,Cox Town,Bellandur,161.0,100.0,Not Applicable,Not Applicable,No,Not Applicable,329,UPI,23,3.4,4.7
2024-07-03 11:18:00,CNR2684624571,Success,CID313363,Auto,Bannerghatta Road,Yelahanka,217.0,120.0,Not Applicable,Not Applicable,No,Not Applicable,797,Cash,8,4.8,3.6
2024-07-01 00:04:00,CNR8282131599,Success,CID332553,Auto,Langford Town,JP Nagar,259.0,140.0,Not Applicable,Not Applicable,No,Not Applicable,170,Cash,5,4.3,3.5
2024-07-11 04:45:00,CNR8436328039,Success,CID603599,eBike,Indiranagar,Mysore Road,280.0,40.0,Not Applicable,Not Applicable,No,Not Applicable,327,Cash,6,4.2,3.8
2024-07-14 04:16:00,CNR9413909882,Canceled by Customer,CID730013,eBike,Chickpet,Indiranagar,,,Driver asked to cancel,Not Applicable,Not Applicable,Not Applicable,765,Not Applicable,0,,
2024-07-14 15:09:00,CNR4713718177,Success,CID444417,Bike,Shivajinagar,Richmond Town,189.0,100.0,Not Applicable,Not Applicable,No,Not Applicable,490,UPI,44,3.9,3.4
2024-07-28 21:10:00,CNR9513008346,Canceled by Driver,CID274671,Auto,Ramamurthy Nagar,Mysore Road,,,Not Applicable,Customer was coughing/sick,Not Applicable,Not Applicable,241,Not Applicable,0,,
2024-07-24 19:31:00,CNR5110038842,Canceled by Customer,CID663160,Prime Plus,Ramamurthy Nagar,Sarjapur Road,,,Driver is not moving towards pickup location,Not Applicable,Not Applicable,Not Applicable,593,Not Applicable,0,,
2024-07-29 10:31:00,CNR1369242284,Success,CID306368,Bike,Devanahalli,Kengeri,35.0,30.0,Not Applicable,Not Applicable,No,Not Applicable,179,UPI,45,3.8,4.3
2024-07-23 15:53:00,CNR4893023187,Success,CID929041,Auto,Marathahalli,Magadi Road,91.0,95.0,Not Applicable,Not Applicable,No,Not Applicable,830,UPI,4,3.1,3.1
2024-07-29 03:37:00,CNR9216162237,Success,CID797264,Auto,Hulimavu,Basavanagudi,175.0,130.0,Not Applicable,Not Applicable,No,Not Applicable,346,Cash,16,4.4,3.4
2024-07-05 16:16:00,CNR7528492632,Success,CID622220,Prime SUV,Ramamurthy Nagar,JP Nagar,133.0,110.0,Not Applicable,Not Applicable,No,Not Applicable,366,UPI,18,4.3,4.1
2024-07-14 17:26:00,CNR6471347877,Success,CID499327,Auto,Sahakar Nagar,Jayanagar,35.0,60.0,Not Applicable,Not Applicable,No,Not Applicable,2060,Cash,18,3.6,4.8
2024-07-04 19:19:00,CNR3090266728,Success,CID223139,Prime Plus,Varthur,Kammanahalli,224.0,105.0,Not Applicable,Not Applicable,No,Not Applicable,2342,Cash,5,3.8,3.4
2024-07-26 10:34:00,CNR2278330715,Success,CID718180,eBike,Vijayanagar,Kammanahalli,294.0,75.0,Not Applicable,Not Applicable,No,Not Applicable,454,UPI,27,3.6,4.9
2024-07-06 08:14:00,CNR2249517308,Canceled by Driver,CID881794,eBike,Hosur Road,Whitefield,,,Not Applicable,Customer related issue,Not Applicable,Not Applicable,642,Not Applicable,0,,
2024-07-14 20:44:00,CNR3300091546,Canceled by Customer,CID242034,Prime SUV,BTM Layout,RT Nagar,,,Driver is not moving towards pickup location,Not Applicable,Not Applicable,Not Applicable,592,Not Applicable,0,,
2024-07-18 19:40:00,CNR7214802419,Success,CID670375,eBike,Yelahanka,Padmanabhanagar,126.0,125.0,Not Applicable,Not Applicable,No,Not Applicable,404,Cash,5,4.2,3.7
2024-07-12 09:58:00,CNR8709217339,Driver Not Found,CID500484,Prime Sedan,Sahakar Nagar,Yeshwanthpur,,,Not Applicable,Not Applicable,Not Applicable,Not Applicable,207,Not Applicable,0,,
2024-07-23 04:44:00,CNR8058008473,Success,CID888429,eBike,Electronic City,Sahakar Nagar,168.0,25.0,Not Applicable,Not Applicable,No,Not Applicable,327,UPI,17,3.0,4.7
2024-07-04 17:19:00,CNR8898117051,Driver Not Found,CID429478,Prime SUV,Shantinagar,Rajarajeshwari Nagar,,,Not Applicable,Not Applicable,Not Applicable,Not Applicable,666,Not Applicable,0,,
2024-07-03 12:54:00,CNR2986616395,Canceled by Customer,CID632717,eBike,Kengeri,Chickpet,,,Driver is not moving towards pickup location,Not Applicable,Not Applicable,Not Applicable,989,Not Applicable,0,,
2024-07-30 15:24:00,CNR5124584110,Driver Not Found,CID140138,Mini,KR Puram,Bellandur,,,Not Applicable,Not Applicable,Not Applicable,Not Applicable,649,Not Applicable,0,,
2024-07-03 14:18:00,CNR1183401303,Canceled by Driver,CID480475,Prime Sedan,Electronic City,MG Road,,,Not Applicable,More than permitted people in there,Not Applicable,Not Applicable,167,Not Applicable,0,,
2024-07-10 19:14:00,CNR7166497038,Canceled by Driver,CID302246,Prime SUV,Sarjapur Road,Indiranagar,,,Not Applicable,Personal & Car related issue,Not Applicable,Not Applicable,238,Not Applicable,0,,
2024-07-18 22:02:00,CNR5156160468,Canceled by Customer,CID119508,Auto,Shantinagar,HSR Layout,,,Driver asked to cancel,Not Applicable,Not Applicable,Not Applicable,2595,Not Applicable,0,,
2024-07-06 04:17:00,CNR6452023181,Success,CID327121,Prime Plus,Bellandur,Magadi Road,105.0,100.0,Not Applicable,Not Applicable,No,Not Applicable,305,Cash,2,3.2,3.4
2024-07-04 04:35:00,CNR6057639161,Success,CID915982,Prime Plus,Banashankari,Basavanagudi,252.0,140.0,Not Applicable,Not Applicable,No,Not Applicable,657,UPI,35,3.3,4.6
2024-07-28 06:06:00,CNR9708713742,Driver Not Found,CID873206,eBike,Tumkur Road,Banashankari,,,Not Applicable,Not Applicable,Not Applicable,Not Applicable,612,Not Applicable,0,,
2024-07-15 22:32:00,CNR6346234931,Success,CID912424,Bike,Sahakar Nagar,Hulimavu,175.0,75.0,Not Applicable,Not Applicable,No,Not Applicable,637,UPI,48,3.7,3.4
2024-07-29 07:22:00,CNR3575552491,Success,CID656266,Prime SUV,Kengeri,Bannerghatta Road,119.0,95.0,Not Applicable,Not Applicable,No,Not Applicable,735,Cash,5,3.9,3.9
2024-07-01 05:39:00,CNR7129192164,Canceled by Customer,CID489091,Prime Plus,Richmond Town,Indiranagar,,,AC is Not working,Not Applicable,Not Applicable,Not Applicable,295,Not Applicable,0,,
2024-07-06 04:32:00,CNR8070889736,Canceled by Driver,CID525237,Auto,JP Nagar,BTM Layout,,,Not Applicable,Customer related issue,Not Applicable,Not Applicable,221,Not Applicable,0,,
2024-07-22 15:39:00,CNR7899551991,Canceled by Driver,CID513860,Prime Sedan,Rajarajeshwari Nagar,Hulimavu,,,Not Applicable,More than permitted people in there,Not Applicable,Not Applicable,143,Not Applicable,0,,
2024-07-22 12:52:00,CNR8754584716,Success,CID419559,eBike,Tumkur Road,Langford Town,105.0,130.0,Not Applicable,Not Applicable,No,Not Applicable,334,UPI,1,4.9,3.4
2024-07-29 04:24:00,CNR5157111288,Success,CID926454,Auto,Malleshwaram,Jayanagar,203.0,90.0,Not Applicable,Not Applicable,No,Not Applicable,460,UPI,4,3.0,3.4
2024-07-10 00:55:00,CNR3683499760,Driver Not Found,CID702168,eBike,Richmond Town,Rajarajeshwari Nagar,,,Not Applicable,Not Applicable,Not Applicable,Not Applicable,518,Not Applicable,0,,
2024-07-07 11:59:00,CNR9996743617,Success,CID516156,eBike,MG Road,Langford Town,245.0,135.0,Not Applicable,Not Applicable,No,Not Applicable,445,Cash,5,4.8,4.6
2024-07-14 20:59:00,CNR6324747762,Canceled by Driver,CID329527,Prime Sedan,Electronic City,Marathahalli,,,Not Applicable,More than permitted people in there,Not Applicable,Not Applicable,114,Not Applicable,0,,
2024-07-20 08:13:00,CNR1562704636,Driver Not Found,CID227487,Auto,Mysore Road,Chamarajpet,,,Not Applicable,Not Applicable,Not Applicable,Not Applicable,324,Not Applicable,0,,
2024-07-09 01:47:00,CNR6657249103,Canceled by Driver,CID481035,Auto,Bellandur,Yeshwanthpur,,,Not Applicable,Personal & Car related issue,Not Applicable,Not Applicable,896,Not Applicable,0,,
2024-07-07 07:31:00,CNR1647323842,Canceled by Customer,CID452010,Bike,Hulimavu,Ulsoor,,,Change of plans,Not Applicable,Not Applicable,Not Applicable,230,Not Applicable,0,,
2024-07-01 18:48:00,CNR6659585667,Canceled by Driver,CID319161,Prime SUV,Kammanahalli,BTM Layout,,,Not Applicable,Personal & Car related issue,Not Applicable,Not Applicable,534,Not Applicable,0,,
2024-07-05 08:22:00,CNR3845609510,Canceled by Customer,CID880815,Mini,Vijayanagar,Bannerghatta Road,,,Driver asked to cancel,Not Applicable,Not Applicable,Not Applicable,480,Not Applicable,0,,
2024-07-13 03:07:00,CNR6348244437,Canceled by Driver,CID524421,Auto,MG Road,Bellandur,,,Not Applicable,Customer was coughing/sick,Not Applicable,Not Applicable,191,Not Applicable,0,,
2024-07-21 02:19:00,CNR7778581431,Success,CID242405,Prime SUV,Ramamurthy Nagar,Electronic City,308.0,130.0,Not Applicable,Not Applicable,No,Not Applicable,192,Cash,17,4.6,4.3
2024-07-11 19:26:00,CNR3774355136,Canceled by Driver,CID121497,Mini,Cox Town,Frazer Town,,,Not Applicable,Customer related issue,Not Applicable,Not Applicable,427,Not Applicable,0,,
2024-07-16 08:07:00,CNR2753006704,Driver Not Found,CID149277,Mini,Ulsoor,Koramangala,,,Not Applicable,Not Applicable,Not Applicable,Not Applicable,131,Not Applicable,0,,
2024-07-15 12:28:00,CNR8707558363,Canceled by Customer,CID895589,Prime Plus,Richmond Town,Hosur Road,,,Wrong Address,Not Applicable,Not Applicable,Not Applicable,233,Not Applicable,0,,
2024-07-18 06:46:00,CNR4909315195,Canceled by Customer,CID845911,Prime Plus,RT Nagar,Rajajinagar,,,Wrong Address,Not Applicable,Not Applicable,Not Applicable,305,Not Applicable,0,,
2024-07-25 12:09:00,CNR3445389837,Success,CID453622,eBike,JP Nagar,Kammanahalli,231.0,60.0,Not Applicable,Not Applicable,No,Not Applicable,805,UPI,8,3.2,4.0
2024-07-30 15:18:00,CNR1176949681,Canceled by Customer,CID962311,Prime Sedan,RT Nagar,Chickpet,,,Driver is not moving towards pickup location,Not Applicable,Not Applicable,Not Applicable,179,Not Applicable,0,,
2024-07-05 05:52:00,CNR2210692716,Success,CID831485,Mini,Peenya,Cox Town,252.0,50.0,Not Applicable,Not Applicable,No,Not Applicable,396,UPI,21,3.0,4.5
2024-07-27 11:58:00,CNR1261573423,Canceled by Driver,CID134840,eBike,Vijayanagar,Kammanahalli,,,Not Applicable,Customer related issue,Not Applicable,Not Applicable,414,Not Applicable,0,,
2024-07-18 17:04:00,CNR9508969996,Success,CID407299,eBike,Kadugodi,Sahakar Nagar,161.0,130.0,Not Applicable,Not Applicable,No,Not Applicable,568,Credit Card,9,4.1,4.3
2024-07-08 14:31:00,CNR3814571257,Driver Not Found,CID176922,Mini,KR Puram,Basavanagudi,,,Not Applicable,Not Applicable,Not Applicable,Not Applicable,218,Not Applicable,0,,
2024-07-06 10:43:00,CNR6875503535,Success,CID803405,Prime Sedan,Padmanabhanagar,Hennur,56.0,85.0,Not Applicable,Not Applicable,No,Not Applicable,174,UPI,46,4.5,4.4
2024-07-04 12:37:00,CNR8978841613,Success,CID790247,Prime Plus,Sahakar Nagar,JP Nagar,266.0,40.0,Not Applicable,Not Applicable,No,Not Applicable,235,Cash,17,3.6,3.5
2024-07-11 20:39:00,CNR9593526606,Success,CID269321,eBike,Koramangala,BTM Layout,154.0,25.0,Not Applicable,Not Applicable,No,Not Applicable,204,Cash,28,3.3,3.6
2024-07-28 21:13:00,CNR6753936536,Canceled by Driver,CID367225,Bike,Indiranagar,Basavanagudi,,,Not Applicable,Customer related issue,Not Applicable,Not Applicable,449,Not Applicable,0,,
2024-07-16 11:12:00,CNR9491743945,Success,CID177885,Prime Plus,KR Puram,Varthur,182.0,65.0,Not Applicable,Not Applicable,No,Not Applicable,927,Cash,30,4.9,3.2
2024-07-01 10:53:00,CNR6931417094,Driver Not Found,CID364279,Prime SUV,KR Puram,RT Nagar,,,Not Applicable,Not Applicable,Not Applicable,Not Applicable,378,Not Applicable,0,,
2024-07-29 09:52:00,CNR3524590488,Driver Not Found,CID711718,Bike,Bellandur,Peenya,,,Not Applicable,Not Applicable,Not Applicable,Not Applicable,247,Not Applicable,0,,
2024-07-28 17:31:00,CNR1880249812,Driver Not Found,CID933984,Prime SUV,JP Nagar,Chickpet,,,Not Applicable,Not Applicable,Not Applicable,Not Applicable,1103,Not Applicable,0,,
2024-07-06 10:07:00,CNR3437695959,Canceled by Driver,CID719256,Prime Sedan,Ramamurthy Nagar,Indiranagar,,,Not Applicable,Personal & Car related issue,Not Applicable,Not Applicable,401,Not Applicable,0,,
2024-07-01 21:12:00,CNR8786623183,Success,CID362879,Prime Sedan,Devanahalli,Chamarajpet,252.0,145.0,Not Applicable,Not Applicable,No,Not Applicable,301,Cash,33,3.7,3.6
2024-07-02 23:34:00,CNR5971456226,Canceled by Driver,CID649381,Auto,Hosur Road,Basavanagudi,,,Not Applicable,Personal & Car related issue,Not Applicable,Not Applicable,611,Not Applicable,0,,
2024-07-02 07:20:00,CNR3906028581,Success,CID552557,eBike,Vijayanagar,Varthur,301.0,105.0,Not Applicable,Not Applicable,No,Not Applicable,970,UPI,21,3.6,3.3
2024-07-11 16:51:00,CNR8446813224,Canceled by Customer,CID937876,Prime Sedan,Kadugodi,Bellandur,,,Driver is not moving towards pickup location,Not Applicable,Not Applicable,Not Applicable,618,Not Applicable,0,,
2024-07-19 03:13:00,CNR4966377445,Success,CID999996,Bike,BTM Layout,Cox Town,98.0,75.0,Not Applicable,Not Applicable,No,Not Applicable,178,Cash,20,4.6,5.0
2024-07-28 21:12:00,CNR8386698395,Canceled by Customer,CID308078,eBike,Varthur,Basavanagudi,,,Driver is not moving towards pickup location,Not Applicable,Not Applicable,Not Applicable,458,Not Applicable,0,,
2024-07-06 02:45:00,CNR5077833040,Canceled by Customer,CID361548,Auto,Marathahalli,Sarjapur Road,,,Change of plans,Not Applicable,Not Applicable,Not Applicable,1252,Not Applicable,0,,
2024-07-28 14:14:00,CNR3132705775,Success,CID499014,Auto,Electronic City,Malleshwaram,308.0,40.0,Not Applicable,Not Applicable,No,Not Applicable,2403,Cash,15,3.0,3.5
2024-07-28 23:45:00,CNR3214499113,Canceled by Driver,CID548665,Prime Sedan,Nagarbhavi,Yeshwanthpur,,,Not Applicable,Customer related issue,Not Applicable,Not Applicable,140,Not Applicable,0,,
2024-07-26 17:36:00,CNR6965108666,Canceled by Customer,CID809686,Prime Sedan,Nagarbhavi,Shivajinagar,,,Driver is not moving towards pickup location,Not Applicable,Not Applicable,Not Applicable,209,Not Applicable,0,,
2024-07-21 19:43:00,CNR3092854032,Canceled by Driver,CID773364,Prime SUV,Frazer Town,RT Nagar,,,Not Applicable,Customer related issue,Not Applicable,Not Applicable,347,Not Applicable,0,,
2024-07-10 03:19:00,CNR2801201967,Success,CID173178,Prime Sedan,Bellandur,KR Puram,133.0,60.0,Not Applicable,Not Applicable,No,Not Applicable,112,Cash,18,3.3,3.6
2024-07-07 12:58:00,CNR2283347996,Success,CID465165,Auto,Yelahanka,Majestic,189.0,100.0,Not Applicable,Not Applicable,No,Not Applicable,1628,Cash,16,3.5,4.5
2024-07-05 09:07:00,CNR9751388102,Driver Not Found,CID437008,Mini,Electronic City,Shantinagar,,,Not Applicable,Not Applicable,Not Applicable,Not Applicable,175,Not Applicable,0,,
2024-07-24 13:01:00,CNR1409393032,Canceled by Driver,CID470013,Auto,Whitefield,Varthur,,,Not Applicable,Customer related issue,Not Applicable,Not Applicable,233,Not Applicable,0,,
2024-07-09 23:34:00,CNR6337363031,Success,CID697514,Mini,Magadi Road,Whitefield,168.0,50.0,Not Applicable,Not Applicable,No,Not Applicable,256,UPI,49,4.5,4.3
2024-07-22 13:14:00,CNR6653914868,Canceled by Customer,CID290831,Prime SUV,Electronic City,Richmond Town,,,Driver asked to cancel,Not Applicable,Not Applicable,Not Applicable,426,Not Applicable,0,,
2024-07-05 23:12:00,CNR6787530019,Success,CID724546,Prime SUV,Cox Town,Whitefield,91.0,125.0,Not Applicable,Not Applicable,No,Not Applicable,416,Cash,41,4.7,4.2
2024-07-26 14:22:00,CNR1380188094,Success,CID873893,Mini,Nagarbhavi,BTM Layout,259.0,70.0,Not Applicable,Not Applicable,No,Not Applicable,340,Cash,48,4.0,3.1
2024-07-28 23:56:00,CNR3323636923,Success,CID746772,Auto,Shivajinagar,Bannerghatta Road,126.0,45.0,Not Applicable,Not Applicable,No,Not Applicable,632,Cash,10,4.1,3.9
2024-07-05 05:19:00,CNR1212961471,Success,CID793312,Bike,Marathahalli,Indiranagar,91.0,120.0,Not Applicable,Not Applicable,Yes,Vehicle Breakdown,626,UPI,47,4.5,3.3
2024-07-20 03:39:00,CNR8378881830,Success,CID815964,Mini,Peenya,Hebbal,42.0,30.0,Not Applicable,Not Applicable,No,Not Applicable,1394,UPI,39,4.3,3.7
2024-07-25 11:03:00,CNR2257283282,Success,CID260616,Prime Plus,Electronic City,Hennur,112.0,125.0,Not Applicable,Not Applicable,No,Not Applicable,986,Cash,46,4.3,4.2
2024-07-29 21:46:00,CNR8590149397,Success,CID533940,eBike,Yeshwanthpur,Tumkur Road,280.0,95.0,Not Applicable,Not Applicable,No,Not Applicable,127,UPI,30,3.5,4.9
2024-07-19 16:16:00,CNR4914773450,Success,CID927952,Mini,Koramangala,Nagarbhavi,245.0,55.0,Not Applicable,Not Applicable,No,Not Applicable,333,UPI,47,4.4,3.7
2024-07-15 01:07:00,CNR5029221616,Success,CID747891,Prime Plus,Kammanahalli,Bannerghatta Road,301.0,55.0,Not Applicable,Not Applicable,Yes,Vehicle Breakdown,293,Cash,17,3.3,3.1
2024-07-10 07:49:00,CNR3721800605,Driver Not Found,CID198114,Prime SUV,Chickpet,Magadi Road,,,Not Applicable,Not Applicable,Not Applicable,Not Applicable,716,Not Applicable,0,,
2024-07-02 05:47:00,CNR5894934939,Canceled by Customer,CID261685,eBike,Peenya,Mysore Road,,,Change of plans,Not Applicable,Not Applicable,Not Applicable,572,Not Applicable,0,,
2024-07-19 11:03:00,CNR4102414610,Success,CID319177,Bike,Langford Town,Bellandur,42.0,100.0,Not Applicable,Not Applicable,No,Not Applicable,485,Cash,47,4.4,4.8
2024-07-06 01:57:00,CNR2839349701,Success,CID521699,Mini,Cox Town,Vijayanagar,49.0,30.0,Not Applicable,Not Applicable,No,Not Applicable,220,Cash,35,4.9,5.0
2024-07-23 08:55:00,CNR8431774048,Success,CID394255,Prime Plus,RT Nagar,Frazer Town,133.0,90.0,Not Applicable,Not Applicable,No,Not Applicable,118,Cash,20,4.3,4.2
2024-07-15 16:04:00,CNR1767231458,Canceled by Driver,CID426510,Prime Sedan,JP Nagar,Hennur,,,Not Applicable,Customer was coughing/sick,Not Applicable,Not Applicable,572,Not Applicable,0,,
2024-07-14 04:06:00,CNR2889658556,Success,CID689498,Auto,Kengeri,Malleshwaram,63.0,60.0,Not Applicable,Not Applicable,No,Not Applicable,360,Cash,7,4.6,3.8
2024-07-28 17:25:00,CNR7506763947,Success,CID388731,Prime Plus,Ulsoor,Chickpet,77.0,55.0,Not Applicable,Not Applicable,No,Not Applicable,314,UPI,12,4.6,3.8
2024-07-05 22:08:00,CNR9089625540,Success,CID550784,Mini,HSR Layout,Jayanagar,84.0,145.0,Not Applicable,Not Applicable,No,Not Applicable,2723,Cash,14,4.5,4.7
2024-07-09 16:21:00,CNR6079292692,Canceled by Driver,CID597012,Mini,Basavanagudi,KR Puram,,,Not Applicable,Personal & Car related issue,Not Applicable,Not Applicable,444,Not Applicable,0,,
2024-07-14 10:25:00,CNR9331394431,Success,CID337429,Mini,Ramamurthy Nagar,Richmond Town,77.0,25.0,Not Applicable,Not Applicable,No,Not Applicable,2546,Cash,33,3.9,5.0
2024-07-06 03:46:00,CNR2381245744,Canceled by Driver,CID219042,Prime Sedan,Devanahalli,Hennur,,,Not Applicable,Personal & Car related issue,Not Applicable,Not Applicable,287,Not Applicable,0,,
2024-07-11 09:01:00,CNR8253127371,Success,CID577566,Prime SUV,Sahakar Nagar,Richmond Town,245.0,65.0,Not Applicable,Not Applicable,No,Not Applicable,1333,UPI,49,4.4,4.0
2024-07-12 02:52:00,CNR2320866153,Canceled by Driver,CID419887,Mini,RT Nagar,Kengeri,,,Not Applicable,More than permitted people in there,Not Applicable,Not Applicable,750,Not Applicable,0,,
2024-07-07 03:44:00,CNR5838281168,Success,CID771292,Prime Plus,Padmanabhanagar,HSR Layout,294.0,60.0,Not Applicable,Not Applicable,No,Not Applicable,308,Cash,32,3.6,3.9
2024-07-09 20:01:00,CNR4930966332,Success,CID654718,Auto,Devanahalli,Kadugodi,84.0,40.0,Not Applicable,Not Applicable,No,Not Applicable,420,Cash,10,4.3,3.8
2024-07-24 17:09:00,CNR7528707457,Success,CID726751,Prime Plus,Bannerghatta Road,Sahakar Nagar,84.0,100.0,Not Applicable,Not Applicable,No,Not Applicable,440,UPI,46,3.4,4.1
2024-07-30 15:45:00,CNR9537975194,Driver Not Found,CID617318,Prime Sedan,Mysore Road,RT Nagar,,,Not Applicable,Not Applicable,Not Applicable,Not Applicable,578,Not Applicable,0,,
2024-07-10 02:51:00,CNR3032130402,Success,CID388242,Mini,HSR Layout,Kadugodi,133.0,75.0,Not Applicable,Not Applicable,No,Not Applicable,879,UPI,3,4.2,3.2
2024-07-08 16:03:00,CNR5351917690,Success,CID158838,eBike,Kadugodi,Indiranagar,49.0,80.0,Not Applicable,Not Applicable,No,Not Applicable,186,UPI,7,3.6,4.7
2024-07-28 20:55:00,CNR7101617042,Canceled by Driver,CID215572,Bike,Chamarajpet,Tumkur Road,,,Not Applicable,Customer related issue,Not Applicable,Not Applicable,492,Not Applicable,0,,
2024-07-21 18:11:00,CNR5841077622,Success,CID618568,Prime Sedan,Bellandur,Indiranagar,252.0,125.0,Not Applicable,Not Applicable,No,Not Applicable,714,UPI,7,3.2,3.9
2024-07-28 20:02:00,CNR9413896492,Canceled by Customer,CID798272,Prime Plus,Bellandur,Hosur Road,,,Driver asked to cancel,Not Applicable,Not Applicable,Not Applicable,454,Not Applicable,0,,
2024-07-22 08:17:00,CNR5905150408,Canceled by Driver,CID831274,Prime Sedan,Bellandur,Rajajinagar,,,Not Applicable,Personal & Car related issue,Not Applicable,Not Applicable,338,Not Applicable,0,,
2024-07-27 15:26:00,CNR9452745357,Success,CID412753,Auto,Yeshwanthpur,Hosur Road,175.0,80.0,Not Applicable,Not Applicable,No,Not Applicable,506,UPI,5,3.8,3.1
2024-07-10 17:34:00,CNR4469528360,Success,CID140901,Prime Sedan,Yelahanka,Yeshwanthpur,280.0,40.0,Not Applicable,Not Applicable,No,Not Applicable,380,UPI,26,3.6,3.1
2024-07-16 04:47:00,CNR2636678440,Success,CID945818,Auto,Varthur,Varthur,294.0,135.0,Not Applicable,Not Applicable,No,Not Applicable,161,UPI,7,3.8,3.2
2024-07-28 05:24:00,CNR6505457273,Success,CID178253,Prime Sedan,Ramamurthy Nagar,Rajajinagar,63.0,55.0,Not Applicable,Not Applicable,No,Not Applicable,255,Cash,34,3.1,4.9
2024-07-19 02:13:00,CNR7173213929,Driver Not Found,CID495528,Auto,MG Road,Banashankari,,,Not Applicable,Not Applicable,Not Applicable,Not Applicable,326,Not Applicable,0,,
2024-07-25 13:46:00,CNR8355279410,Canceled by Driver,CID779332,Mini,KR Puram,Indiranagar,,,Not Applicable,Personal & Car related issue,Not Applicable,Not Applicable,832,Not Applicable,0,,
2024-07-12 01:51:00,CNR9083207706,Success,CID384486,Mini,Basavanagudi,Yelahanka,168.0,45.0,Not Applicable,Not Applicable,No,Not Applicable,430,UPI,15,3.2,4.2
2024-07-05 04:17:00,CNR1341935961,Success,CID177964,Prime Sedan,Whitefield,Kammanahalli,119.0,100.0,Not Applicable,Not Applicable,No,Not Applicable,306,UPI,38,4.6,4.0
2024-07-11 18:45:00,CNR8580562939,Success,CID386030,eBike,Cox Town,Shivajinagar,133.0,145.0,Not Applicable,Not Applicable,No,Not Applicable,372,UPI,3,3.1,4.8
2024-07-05 22:38:00,CNR8629759245,Success,CID396759,Bike,RT Nagar,Ramamurthy Nagar,280.0,90.0,Not Applicable,Not Applicable,No,Not Applicable,368,UPI,29,3.8,4.2
2024-07-10 12:10:00,CNR6824966512,Success,CID164475,Auto,Padmanabhanagar,RT Nagar,175.0,95.0,Not Applicable,Not Applicable,No,Not Applicable,768,Cash,9,3.2,3.4
2024-07-10 06:10:00,CNR9609806178,Driver Not Found,CID876311,Prime Sedan,Devanahalli,Varthur,,,Not Applicable,Not Applicable,Not Applicable,Not Applicable,369,Not Applicable,0,,
2024-07-03 10:39:00,CNR9121597474,Success,CID453123,eBike,HSR Layout,Basavanagudi,133.0,135.0,Not Applicable,Not Applicable,No,Not Applicable,1637,Cash,23,4.8,3.3
2024-07-07 07:39:00,CNR9491929219,Driver Not Found,CID163319,Prime Sedan,Peenya,Jayanagar,,,Not Applicable,Not Applicable,Not Applicable,Not Applicable,285,Not Applicable,0,,
2024-07-11 12:22:00,CNR8407547875,Success,CID847882,Prime Sedan,Tumkur Road,JP Nagar,63.0,125.0,Not Applicable,Not Applicable,No,Not Applicable,2665,Credit Card,40,3.1,3.7
2024-07-02 00:43:00,CNR8792844920,Canceled by Driver,CID314817,Auto,Yelahanka,Langford Town,,,Not Applicable,Personal & Car related issue,Not Applicable,Not Applicable,992,Not Applicable,0,,
2024-07-19 01:38:00,CNR7204452606,Canceled by Driver,CID788641,Prime Plus,Kammanahalli,BTM Layout,,,Not Applicable,Customer was coughing/sick,Not Applicable,Not Applicable,146,Not Applicable,0,,
2024-07-01 07:39:00,CNR3117444217,Success,CID705475,Auto,JP Nagar,HSR Layout,91.0,70.0,Not Applicable,Not Applicable,No,Not Applicable,417,Cash,9,4.4,4.5
2024-07-07 19:12:00,CNR1816949391,Success,CID338083,Bike,Yeshwanthpur,Basavanagudi,245.0,110.0,Not Applicable,Not Applicable,No,Not Applicable,955,Cash,3,4.2,4.8
2024-07-02 19:22:00,CNR3746897920,Success,CID927105,Prime Plus,Kadugodi,Peenya,126.0,145.0,Not Applicable,Not Applicable,No,Not Applicable,142,UPI,41,5.0,3.3
2024-07-27 11:17:00,CNR4674804966,Canceled by Driver,CID333247,Prime Sedan,Banashankari,Hebbal,,,Not Applicable,Personal & Car related issue,Not Applicable,Not Applicable,211,Not Applicable,0,,
2024-07-02 06:28:00,CNR3557058682,Driver Not Found,CID204824,Auto,Sarjapur Road,Shantinagar,,,Not Applicable,Not Applicable,Not Applicable,Not Applicable,146,Not Applicable,0,,
2024-07-28 20:01:00,CNR2904098219,Success,CID600577,Auto,Peenya,Mysore Road,91.0,145.0,Not Applicable,Not Applicable,No,Not Applicable,175,UPI,1,4.8,3.2
2024-07-03 13:35:00,CNR2155585003,Canceled by Driver,CID127863,Prime Sedan,Majestic,Yelahanka,,,Not Applicable,Customer related issue,Not Applicable,Not Applicable,1870,Not Applicable,0,,
2024-07-20 22:27:00,CNR4925462702,Success,CID355871,eBike,Chamarajpet,Padmanabhanagar,119.0,25.0,Not Applicable,Not Applicable,No,Not Applicable,453,Cash,20,3.3,3.2
2024-07-15 07:30:00,CNR1564756972,Driver Not Found,CID396122,Bike,Hulimavu,Bellandur,,,Not Applicable,Not Applicable,Not Applicable,Not Applicable,446,Not Applicable,0,,
2024-07-06 02:50:00,CNR8783817560,Driver Not Found,CID133217,Auto,Hosur Road,Frazer Town,,,Not Applicable,Not Applicable,Not Applicable,Not Applicable,419,Not Applicable,0,,
2024-07-19 07:17:00,CNR9709329858,Success,CID309244,eBike,Whitefield,Koramangala,84.0,95.0,Not Applicable,Not Applicable,Yes,Vehicle Breakdown,760,UPI,28,4.2,3.2
2024-07-15 19:02:00,CNR8426499354,Success,CID243467,Bike,Kammanahalli,Basavanagudi,112.0,75.0,Not Applicable,Not Applicable,No,Not Applicable,470,Cash,19,3.7,4.4
2024-07-02 19:58:00,CNR3828044737,Canceled by Driver,CID554303,Prime Sedan,Malleshwaram,Shivajinagar,,,Not Applicable,More than permitted people in there,Not Applicable,Not Applicable,885,Not Applicable,0,,
2024-07-21 14:05:00,CNR9110224873,Canceled by Driver,CID299616,Prime Sedan,Sahakar Nagar,RT Nagar,,,Not Applicable,Customer was coughing/sick,Not Applicable,Not Applicable,155,Not Applicable,0,,
2024-07-26 03:52:00,CNR8240794278,Success,CID555836,Auto,Rajajinagar,Marathahalli,77.0,45.0,Not Applicable,Not Applicable,Yes,Vehicle Breakdown,1911,UPI,7,4.3,4.1
2024-07-28 00:31:00,CNR3302483910,Success,CID137953,Mini,Indiranagar,Devanahalli,84.0,140.0,Not Applicable,Not Applicable,No,Not Applicable,177,Debit Card,17,3.3,3.1
2024-07-09 04:56:00,CNR3805038201,Canceled by Driver,CID451136,Prime SUV,Yeshwanthpur,Richmond Town,,,Not Applicable,Personal & Car related issue,Not Applicable,Not Applicable,559,Not Applicable,0,,
2024-07-29 13:28:00,CNR5993453233,Success,CID788714,Auto,Bellandur,Tumkur Road,70.0,55.0,Not Applicable,Not Applicable,No,Not Applicable,351,UPI,10,5.0,3.8
2024-07-24 16:36:00,CNR3891340743,Success,CID728416,Prime SUV,Marathahalli,Rajarajeshwari Nagar,42.0,120.0,Not Applicable,Not Applicable,No,Not Applicable,355,Cash,36,4.0,4.6
2024-07-21 18:06:00,CNR2010311191,Canceled by Driver,CID410865,Prime Plus,JP Nagar,Koramangala,,,Not Applicable,Customer was coughing/sick,Not Applicable,Not Applicable,457,Not Applicable,0,,
2024-07-03 04:30:00,CNR1846997446,Success,CID440538,Prime Plus,Bellandur,Cox Town,140.0,80.0,Not Applicable,Not Applicable,No,Not Applicable,354,UPI,34,3.7,3.9
2024-07-25 17:00:00,CNR1027879103,Canceled by Customer,CID901699,Prime SUV,Basavanagudi,Hennur,,,Driver is not moving towards pickup location,Not Applicable,Not Applicable,Not Applicable,444,Not Applicable,0,,
2024-07-14 09:02:00,CNR1153021831,Driver Not Found,CID819908,Prime SUV,Magadi Road,Cox Town,,,Not Applicable,Not Applicable,Not Applicable,Not Applicable,310,Not Applicable,0,,
2024-07-07 01:05:00,CNR6749969338,Success,CID765347,Prime SUV,Malleshwaram,BTM Layout,49.0,120.0,Not Applicable,Not Applicable,No,Not Applicable,132,Credit Card,29,4.2,3.4
2024-07-20 00:46:00,CNR4887119139,Success,CID407509,Prime SUV,Rajajinagar,Indiranagar,301.0,45.0,Not Applicable,Not Applicable,No,Not Applicable,121,UPI,47,4.2,3.9
2024-07-21 05:19:00,CNR2246939292,Success,CID648792,Auto,JP Nagar,Marathahalli,189.0,85.0,Not Applicable,Not Applicable,No,Not Applicable,227,Cash,5,3.5,3.4
2024-07-11 05:08:00,CNR2053478879,Success,CID720673,eBike,Whitefield,Basavanagudi,70.0,35.0,Not Applicable,Not Applicable,No,Not Applicable,320,UPI,36,3.8,3.4
2024-07-25 14:19:00,CNR2613314026,Canceled by Driver,CID849633,Mini,Kadugodi,Hennur,,,Not Applicable,Customer was coughing/sick,Not Applicable,Not Applicable,344,Not Applicable,0,,
2024-07-08 18:18:00,CNR2620255063,Canceled by Driver,CID597476,Prime Plus,Hulimavu,Tumkur Road,,,Not Applicable,Personal & Car related issue,Not Applicable,Not Applicable,322,Not Applicable,0,,
2024-07-16 05:24:00,CNR8338289154,Success,CID807705,Auto,Rajarajeshwari Nagar,Yelahanka,182.0,45.0,Not Applicable,Not Applicable,No,Not Applicable,489,Cash,19,4.1,4.8
2024-07-14 06:57:00,CNR4169880183,Success,CID370354,Mini,Ramamurthy Nagar,JP Nagar,42.0,105.0,Not Applicable,Not Applicable,No,Not Applicable,656,UPI,37,4.1,4.5
2024-07-02 17:06:00,CNR5768418560,Driver Not Found,CID930978,Prime Plus,Chamarajpet,Jayanagar,,,Not Applicable,Not Applicable,Not Applicable,Not Applicable,215,Not Applicable,0,,
2024-07-25 22:11:00,CNR5461048852,Success,CID731587,Prime Plus,Whitefield,Sahakar Nagar,119.0,120.0,Not Applicable,Not Applicable,No,Not Applicable,406,Cash,33,4.7,4.6
2024-07-29 18:12:00,CNR3510709022,Success,CID985657,Prime Sedan,JP Nagar,Hennur,210.0,140.0,Not Applicable,Not Applicable,No,Not Applicable,774,Cash,4,3.3,4.6
2024-07-27 18:37:00,CNR4016569889,Success,CID178879,Prime Plus,Magadi Road,KR Puram,126.0,35.0,Not Applicable,Not Applicable,No,Not Applicable,207,Cash,42,4.5,4.7
2024-07-13 23:17:00,CNR3014333167,Canceled by Driver,CID865115,Prime SUV,Chamarajpet,Peenya,,,Not Applicable,More than permitted people in there,Not Applicable,Not Applicable,686,Not Applicable,0,,
2024-07-11 13:17:00,CNR8372771152,Canceled by Driver,CID375046,Bike,Shivajinagar,Ulsoor,,,Not Applicable,More than permitted people in there,Not Applicable,Not Applicable,347,Not Applicable,0,,
2024-07-28 20:41:00,CNR5585007726,Canceled by Customer,CID124759,Prime Plus,Langford Town,KR Puram,,,Driver is not moving towards pickup location,Not Applicable,Not Applicable,Not Applicable,859,Not Applicable,0,,
2024-07-13 03:08:00,CNR8874805205,Success,CID124876,Mini,Shivajinagar,Frazer Town,133.0,135.0,Not Applicable,Not Applicable,No,Not Applicable,907,UPI,49,4.3,4.8
2024-07-18 23:35:00,CNR4884605185,Driver Not Found,CID958527,Prime Plus,Jayanagar,MG Road,,,Not Applicable,Not Applicable,Not Applicable,Not Applicable,217,Not Applicable,0,,
2024-07-08 19:40:00,CNR7982827867,Success,CID765318,eBike,Rajarajeshwari Nagar,Sarjapur Road,217.0,135.0,Not Applicable,Not Applicable,No,Not Applicable,514,UPI,21,4.2,3.6
2024-07-07 16:08:00,CNR4456685839,Canceled by Driver,CID236584,Prime Plus,Chickpet,Hosur Road,,,Not Applicable,More than permitted people in there,Not Applicable,Not Applicable,114,Not Applicable,0,,
2024-07-10 07:21:00,CNR4203672249,Success,CID872111,Prime Plus,Sahakar Nagar,HSR Layout,147.0,30.0,Not Applicable,Not Applicable,No,Not Applicable,450,UPI,1,3.7,4.4
2024-07-24 17:20:00,CNR9451297398,Driver Not Found,CID907910,Prime SUV,Sarjapur Road,Sahakar Nagar,,,Not Applicable,Not Applicable,Not Applicable,Not Applicable,139,Not Applicable,0,,
2024-07-13 23:29:00,CNR4778467753,Success,CID430687,Mini,Kadugodi,Padmanabhanagar,49.0,50.0,Not Applicable,Not Applicable,No,Not Applicable,157,UPI,27,3.8,3.7
2024-07-27 15:25:00,CNR9618573257,Canceled by Customer,CID341002,Prime Sedan,KR Puram,Kengeri,,,Change of plans,Not Applicable,Not Applicable,Not Applicable,106,Not Applicable,0,,
2024-07-06 14:57:00,CNR8874676226,Canceled by Driver,CID100747,Mini,Devanahalli,Basavanagudi,,,Not Applicable,Personal & Car related issue,Not Applicable,Not Applicable,261,Not Applicable,0,,
2024-07-18 09:33:00,CNR4567332752,Canceled by Driver,CID588815,Prime Plus,Shantinagar,Kadugodi,,,Not Applicable,More than permitted people in there,Not Applicable,Not Applicable,396,Not Applicable,0,,
2024-07-17 18:27:00,CNR4239412396,Success,CID453225,eBike,Electronic City,Rajarajeshwari Nagar,252.0,140.0,Not Applicable,Not Applicable,No,Not Applicable,522,Cash,35,3.6,4.4
2024-07-28 00:28:00,CNR1683650933,Success,CID919976,Prime Sedan,JP Nagar,Hennur,154.0,110.0,Not Applicable,Not Applicable,Yes,Vehicle Breakdown,2887,Cash,10,4.9,4.4
2024-07-12 22:05:00,CNR9856157596,Success,CID897750,Prime SUV,Majestic,Basavanagudi,140.0,65.0,Not Applicable,Not Applicable,No,Not Applicable,388,Cash,46,3.1,4.4
2024-07-15 03:11:00,CNR4922597793,Canceled by Driver,CID883399,Prime SUV,Rajajinagar,Majestic,,,Not Applicable,Personal & Car related issue,Not Applicable,Not Applicable,645,Not Applicable,0,,
2024-07-19 09:14:00,CNR2798294010,Driver Not Found,CID479440,Prime Sedan,Nagarbhavi,Hennur,,,Not Applicable,Not Applicable,Not Applicable,Not Applicable,1959,Not Applicable,0,,
2024-07-11 12:52:00,CNR7355266704,Canceled by Customer,CID621780,Auto,Bellandur,Varthur,,,AC is Not working,Not Applicable,Not Applicable,Not Applicable,116,Not Applicable,0,,
2024-07-07 05:38:00,CNR2917196762,Driver Not Found,CID851272,Bike,Mysore Road,Devanahalli,,,Not Applicable,Not Applicable,Not Applicable,Not Applicable,250,Not Applicable,0,,
2024-07-27 02:34:00,CNR3071987927,Success,CID968108,eBike,Langford Town,Varthur,175.0,65.0,Not Applicable,Not Applicable,No,Not Applicable,239,UPI,20,4.2,3.5
2024-07-23 16:06:00,CNR9572068125,Success,CID711295,Prime Sedan,Rajajinagar,Rajarajeshwari Nagar,70.0,120.0,Not Applicable,Not Applicable,No,Not Applicable,335,Cash,35,3.8,3.4
2024-07-09 23:58:00,CNR8732709811,Canceled by Driver,CID866336,Prime Sedan,Bellandur,Chamarajpet,,,Not Applicable,Customer related issue,Not Applicable,Not Applicable,487,Not Applicable,0,,
2024-07-22 05:23:00,CNR5039251945,Canceled by Customer,CID375555,Bike,Nagarbhavi,Nagarbhavi,,,Change of plans,Not Applicable,Not Applicable,Not Applicable,565,Not Applicable,0,,
2024-07-02 19:25:00,CNR4972504784,Success,CID675115,Mini,Rajarajeshwari Nagar,Basavanagudi,35.0,95.0,Not Applicable,Not Applicable,Yes,Vehicle Breakdown,719,UPI,35,3.4,4.0
2024-07-27 03:26:00,CNR3481835303,Driver Not Found,CID997761,eBike,JP Nagar,Shantinagar,,,Not Applicable,Not Applicable,Not Applicable,Not Applicable,172,Not Applicable,0,,
2024-07-07 15:57:00,CNR4117171135,Success,CID880480,Prime SUV,Magadi Road,Tumkur Road,238.0,45.0,Not Applicable,Not Applicable,No,Not Applicable,321,UPI,13,3.2,4.1
2024-07-03 13:44:00,CNR3795610313,Driver Not Found,CID768443,Mini,Frazer Town,JP Nagar,,,Not Applicable,Not Applicable,Not Applicable,Not Applicable,536,Not Applicable,0,,
2024-07-05 08:31:00,CNR5437995386,Success,CID383935,eBike,Padmanabhanagar,Koramangala,119.0,70.0,Not Applicable,Not Applicable,No,Not Applicable,419,Cash,12,3.6,3.8
2024-07-22 00:54:00,CNR9087812918,Success,CID566646,Mini,Hulimavu,Jayanagar,266.0,50.0,Not Applicable,Not Applicable,No,Not Applicable,118,UPI,25,4.9,4.0
2024-07-09 12:26:00,CNR9582069927,Driver Not Found,CID505675,Prime Sedan,Whitefield,Hennur,,,Not Applicable,Not Applicable,Not Applicable,Not Applicable,660,Not Applicable,0,,
2024-07-09 08:35:00,CNR8681169734,Success,CID884019,Bike,Langford Town,Devanahalli,210.0,55.0,Not Applicable,Not Applicable,No,Not Applicable,564,Cash,15,3.7,4.5
2024-07-08 12:26:00,CNR4476281617,Driver Not Found,CID711512,Mini,Kammanahalli,Tumkur Road,,,Not Applicable,Not Applicable,Not Applicable,Not Applicable,220,Not Applicable,0,,
2024-07-06 03:51:00,CNR2791640072,Success,CID604549,Mini,Nagarbhavi,Sarjapur Road,245.0,60.0,Not Applicable,Not Applicable,No,Not Applicable,341,UPI,25,4.5,4.1
2024-07-18 07:29:00,CNR9475351449,Success,CID638770,Prime Sedan,Varthur,Banashankari,273.0,130.0,Not Applicable,Not Applicable,No,Not Applicable,386,Cash,12,3.0,3.4
2024-07-26 04:44:00,CNR7372599591,Success,CID870156,Prime Sedan,Magadi Road,Hebbal,245.0,45.0,Not Applicable,Not Applicable,No,Not Applicable,1872,Cash,48,4.8,4.1
2024-07-25 06:11:00,CNR3061596480,Canceled by Driver,CID535144,Prime Plus,Kammanahalli,Richmond Town,,,Not Applicable,Personal & Car related issue,Not Applicable,Not Applicable,347,Not Applicable,0,,
2024-07-16 23:05:00,CNR7769581322,Success,CID295924,Prime Plus,Rajarajeshwari Nagar,Whitefield,84.0,35.0,Not Applicable,Not Applicable,No,Not Applicable,529,UPI,23,3.2,4.7
2024-07-10 05:14:00,CNR3702844904,Canceled by Customer,CID639598,Mini,Ulsoor,Nagarbhavi,,,Change of plans,Not Applicable,Not Applicable,Not Applicable,164,Not Applicable,0,,
2024-07-17 03:19:00,CNR4277253935,Success,CID419149,Prime SUV,Tumkur Road,Kadugodi,308.0,105.0,Not Applicable,Not Applicable,No,Not Applicable,180,Cash,32,4.7,3.5
2024-07-14 21:34:00,CNR3339849646,Success,CID369625,Bike,Koramangala,Vijayanagar,280.0,110.0,Not Applicable,Not Applicable,No,Not Applicable,356,Cash,20,4.1,4.2
2024-07-21 19:49:00,CNR3913435809,Success,CID335669,Mini,Ramamurthy Nagar,Basavanagudi,308.0,80.0,Not Applicable,Not Applicable,No,Not Applicable,130,Cash,20,4.8,4.4
2024-07-13 08:27:00,CNR3620584972,Success,CID175344,Auto,MG Road,Marathahalli,98.0,140.0,Not Applicable,Not Applicable,No,Not Applicable,228,UPI,9,3.0,4.7
2024-07-16 04:12:00,CNR5017815229,Success,CID630493,eBike,Bellandur,Ulsoor,301.0,135.0,Not Applicable,Not Applicable,No,Not Applicable,536,UPI,17,4.3,4.3
2024-07-23 04:24:00,CNR1257381256,Success,CID441274,Prime Plus,JP Nagar,Chamarajpet,182.0,45.0,Not Applicable,Not Applicable,No,Not Applicable,617,UPI,34,4.5,4.8
2024-07-14 04:21:00,CNR3707780492,Success,CID776221,Mini,Richmond Town,Frazer Town,273.0,125.0,Not Applicable,Not Applicable,Yes,Vehicle Breakdown,171,UPI,32,3.3,3.3
2024-07-11 15:26:00,CNR1690609794,Canceled by Customer,CID749265,eBike,Sahakar Nagar,Whitefield,,,Driver is not moving towards pickup location,Not Applicable,Not Applicable,Not Applicable,2434,Not Applicable,0,,
2024-07-24 21:09:00,CNR2842194285,Success,CID713557,Prime Sedan,Vijayanagar,Koramangala,210.0,95.0,Not Applicable,Not Applicable,No,Not Applicable,134,Cash,45,4.2,4.6
2024-07-28 00:21:00,CNR7303251285,Success,CID890101,Prime Sedan,Frazer Town,Banashankari,224.0,25.0,Not Applicable,Not Applicable,No,Not Applicable,399,Cash,25,4.5,4.6
2024-07-10 00:45:00,CNR8205017557,Success,CID584711,Auto,Bellandur,RT Nagar,196.0,60.0,Not Applicable,Not Applicable,No,Not Applicable,214,UPI,15,3.7,4.7
2024-07-16 15:53:00,CNR3331140391,Success,CID383934,Prime Sedan,Varthur,Basavanagudi,238.0,75.0,Not Applicable,Not Applicable,No,Not Applicable,265,Cash,11,4.3,5.0
2024-07-20 03:17:00,CNR6618560251,Success,CID235981,Prime Plus,Basavanagudi,Chamarajpet,105.0,55.0,Not Applicable,Not Applicable,No,Not Applicable,421,Cash,17,3.9,4.7
2024-07-29 23:18:00,CNR8903159034,Success,CID982308,Prime Plus,Ulsoor,Hennur,84.0,130.0,Not Applicable,Not Applicable,No,Not Applicable,468,Cash,45,4.3,4.5
2024-07-07 22:59:00,CNR5781052193,Success,CID895994,Bike,Whitefield,HSR Layout,119.0,45.0,Not Applicable,Not Applicable,No,Not Applicable,930,Cash,4,3.2,4.5
2024-07-26 20:21:00,CNR9164098452,Success,CID582853,Auto,Nagarbhavi,Hosur Road,91.0,55.0,Not Applicable,Not Applicable,No,Not Applicable,390,UPI,11,4.9,4.9
2024-07-02 01:47:00,CNR4651267789,Success,CID708407,Prime Plus,Banashankari,Kadugodi,273.0,145.0,Not Applicable,Not Applicable,No,Not Applicable,287,UPI,30,4.7,4.1
2024-07-12 07:39:00,CNR1432047138,Success,CID233091,Bike,KR Puram,Bellandur,224.0,120.0,Not Applicable,Not Applicable,Yes,Vehicle Breakdown,451,Cash,23,4.9,4.5
2024-07-25 07:44:00,CNR9579422467,Success,CID348563,eBike,Peenya,Koramangala,168.0,135.0,Not Applicable,Not Applicable,Yes,Vehicle Breakdown,433,Cash,18,4.5,3.8
2024-07-23 05:18:00,CNR6375815794,Driver Not Found,CID524503,eBike,Indiranagar,Majestic,,,Not Applicable,Not Applicable,Not Applicable,Not Applicable,628,Not Applicable,0,,
2024-07-25 09:06:00,CNR7253543566,Driver Not Found,CID578873,eBike,Rajajinagar,Sahakar Nagar,,,Not Applicable,Not Applicable,Not Applicable,Not Applicable,152,Not Applicable,0,,
2024-07-09 12:26:00,CNR5472989045,Success,CID713740,Prime SUV,Malleshwaram,RT Nagar,287.0,45.0,Not Applicable,Not Applicable,No,Not Applicable,114,UPI,42,3.8,4.8
2024-07-19 15:52:00,CNR4344027365,Success,CID280379,Prime Plus,Marathahalli,Malleshwaram,238.0,35.0,Not Applicable,Not Applicable,No,Not Applicable,957,Cash,5,3.1,3.1
2024-07-20 01:01:00,CNR5171919773,Success,CID351932,Bike,Malleshwaram,Varthur,259.0,105.0,Not Applicable,Not Applicable,No,Not Applicable,161,UPI,12,3.1,3.1
2024-07-23 14:49:00,CNR4252777449,Success,CID171538,Prime Plus,Indiranagar,Cox Town,98.0,110.0,Not Applicable,Not Applicable,No,Not Applicable,232,Cash,15,3.1,5.0
2024-07-18 14:03:00,CNR2182133294,Canceled by Driver,CID477836,Prime Plus,Sarjapur Road,Sarjapur Road,,,Not Applicable,Personal & Car related issue,Not Applicable,Not Applicable,717,Not Applicable,0,,
2024-07-29 11:21:00,CNR2790916395,Canceled by Customer,CID999251,Prime Plus,Yelahanka,Shantinagar,,,AC is Not working,Not Applicable,Not Applicable,Not Applicable,209,Not Applicable,0,,
2024-07-12 11:32:00,CNR3963054158,Success,CID916148,Prime Sedan,Rajajinagar,Hennur,63.0,35.0,Not Applicable,Not Applicable,No,Not Applicable,298,Cash,39,3.4,3.2
2024-07-20 10:43:00,CNR1006822297,Canceled by Driver,CID198635,Bike,Shantinagar,Padmanabhanagar,,,Not Applicable,Customer related issue,Not Applicable,Not Applicable,184,Not Applicable,0,,
2024-07-06 11:28:00,CNR8648670821,Driver Not Found,CID958407,Auto,Sarjapur Road,Langford Town,,,Not Applicable,Not Applicable,Not Applicable,Not Applicable,241,Not Applicable,0,,
2024-07-09 04:18:00,CNR4166286411,Success,CID321611,Mini,Shantinagar,Nagarbhavi,266.0,40.0,Not Applicable,Not Applicable,No,Not Applicable,374,Cash,35,4.2,4.6
2024-07-08 03:30:00,CNR5364800506,Success,CID960328,Prime Plus,Kammanahalli,Rajarajeshwari Nagar,168.0,80.0,Not Applicable,Not Applicable,No,Not Applicable,327,UPI,35,3.5,3.3
2024-07-12 17:04:00,CNR6305292026,Canceled by Customer,CID572303,Prime Sedan,JP Nagar,JP Nagar,,,Wrong Address,Not Applicable,Not Applicable,Not Applicable,176,Not Applicable,0,,
2024-07-28 14:22:00,CNR6198799861,Canceled by Driver,CID211930,Mini,Sahakar Nagar,Tumkur Road,,,Not Applicable,Customer was coughing/sick,Not Applicable,Not Applicable,565,Not Applicable,0,,
2024-07-30 12:45:00,CNR7478028695,Success,CID704992,Prime Sedan,KR Puram,Kadugodi,231.0,25.0,Not Applicable,Not Applicable,No,Not Applicable,341,Cash,19,3.9,3.3
2024-07-21 13:09:00,CNR3003010505,Success,CID108783,Bike,RT Nagar,Malleshwaram,161.0,35.0,Not Applicable,Not Applicable,No,Not Applicable,408,UPI,44,3.9,4.4
2024-07-09 23:34:00,CNR7254455495,Success,CID277982,Mini,Kammanahalli,KR Puram,154.0,65.0,Not Applicable,Not Applicable,No,Not Applicable,266,Debit Card,33,3.6,3.2
2024-07-18 23:08:00,CNR8879540518,Canceled by Driver,CID173884,Auto,JP Nagar,Kammanahalli,,,Not Applicable,Customer was coughing/sick,Not Applicable,Not Applicable,1698,Not Applicable,0,,
2024-07-20 01:11:00,CNR4807179584,Success,CID485601,Prime Sedan,Koramangala,Tumkur Road,63.0,60.0,Not Applicable,Not Applicable,No,Not Applicable,268,UPI,18,3.1,4.2
2024-07-01 08:43:00,CNR9590879026,Driver Not Found,CID561860,Prime Plus,Hosur Road,Hebbal,,,Not Applicable,Not Applicable,Not Applicable,Not Applicable,431,Not Applicable,0,,
2024-07-29 09:57:00,CNR6019994245,Success,CID315534,Auto,Hebbal,Shivajinagar,266.0,145.0,Not Applicable,Not Applicable,Yes,Vehicle Breakdown,377,Cash,9,4.9,3.8
2024-07-03 00:28:00,CNR6259739918,Success,CID318978,Prime SUV,HSR Layout,Hennur,49.0,70.0,Not Applicable,Not Applicable,No,Not Applicable,1745,Cash,30,3.7,4.9
2024-07-18 21:01:00,CNR5224192789,Canceled by Driver,CID273635,Mini,Hulimavu,Majestic,,,Not Applicable,Personal & Car related issue,Not Applicable,Not Applicable,147,Not Applicable,0,,
2024-07-11 21:12:00,CNR3100943565,Success,CID845590,Mini,Bannerghatta Road,Malleshwaram,266.0,70.0,Not Applicable,Not Applicable,No,Not Applicable,201,Cash,41,3.8,4.2
2024-07-13 17:02:00,CNR6672926227,Canceled by Customer,CID653159,Prime Sedan,Indiranagar,Chamarajpet,,,Driver is not moving towards pickup location,Not Applicable,Not Applicable,Not Applicable,713,Not Applicable,0,,
2024-07-12 22:32:00,CNR5930155935,Success,CID148750,eBike,Sarjapur Road,Kammanahalli,105.0,105.0,Not Applicable,Not Applicable,No,Not Applicable,992,UPI,1,4.6,4.2
2024-07-29 08:36:00,CNR4650886070,Success,CID587999,eBike,Electronic City,Bellandur,196.0,80.0,Not Applicable,Not Applicable,No,Not Applicable,495,Cash,31,3.0,4.5
2024-07-24 15:11:00,CNR7036983972,Success,CID793162,eBike,Shivajinagar,Kengeri,280.0,135.0,Not Applicable,Not Applicable,No,Not Applicable,271,Credit Card,15,4.1,4.2
2024-07-13 06:20:00,CNR3882129787,Success,CID177358,Prime SUV,Electronic City,Magadi Road,210.0,70.0,Not Applicable,Not Applicable,No,Not Applicable,536,Cash,6,3.5,4.5
2024-07-24 21:04:00,CNR8894814652,Canceled by Customer,CID475273,Prime Plus,Richmond Town,Basavanagudi,,,Driver asked to cancel,Not Applicable,Not Applicable,Not Applicable,288,Not Applicable,0,,
2024-07-25 20:57:00,CNR6362943063,Canceled by Driver,CID188227,Auto,Vijayanagar,MG Road,,,Not Applicable,Personal & Car related issue,Not Applicable,Not Applicable,300,Not Applicable,0,,
2024-07-19 21:21:00,CNR8454280660,Success,CID897881,eBike,Basavanagudi,Basavanagudi,196.0,70.0,Not Applicable,Not Applicable,No,Not Applicable,405,Cash,39,4.9,4.1
2024-07-06 16:07:00,CNR1410427464,Canceled by Driver,CID123781,Auto,Nagarbhavi,Rajajinagar,,,Not Applicable,Personal & Car related issue,Not Applicable,Not Applicable,952,Not Applicable,0,,
2024-07-07 00:47:00,CNR5387570307,Canceled by Customer,CID832852,Bike,Chickpet,Rajajinagar,,,Driver is not moving towards pickup location,Not Applicable,Not Applicable,Not Applicable,596,Not Applicable,0,,
2024-07-12 22:33:00,CNR2267165600,Canceled by Driver,CID377531,Prime Sedan,Cox Town,Cox Town,,,Not Applicable,Customer related issue,Not Applicable,Not Applicable,833,Not Applicable,0,,
2024-07-30 16:13:00,CNR5442441493,Success,CID850185,Mini,Bannerghatta Road,JP Nagar,98.0,135.0,Not Applicable,Not Applicable,No,Not Applicable,342,UPI,46,3.7,3.2
2024-07-05 10:34:00,CNR9561102504,Driver Not Found,CID567434,Bike,Bellandur,Rajarajeshwari Nagar,,,Not Applicable,Not Applicable,Not Applicable,Not Applicable,142,Not Applicable,0,,
2024-07-17 09:24:00,CNR9966740650,Success,CID355637,Prime SUV,Vijayanagar,Rajajinagar,42.0,95.0,Not Applicable,Not Applicable,No,Not Applicable,539,Cash,38,4.9,4.1
2024-07-14 17:10:00,CNR7817566219,Canceled by Customer,CID422965,Bike,Tumkur Road,MG Road,,,Change of plans,Not Applicable,Not Applicable,Not Applicable,389,Not Applicable,0,,
2024-07-29 01:20:00,CNR1369708913,Canceled by Driver,CID165258,Prime SUV,Rajarajeshwari Nagar,Padmanabhanagar,,,Not Applicable,Customer was coughing/sick,Not Applicable,Not Applicable,188,Not Applicable,0,,
2024-07-17 01:25:00,CNR6404356688,Success,CID672197,Prime Sedan,Whitefield,Marathahalli,49.0,120.0,Not Applicable,Not Applicable,Yes,Other Issue,750,Cash,38,4.4,3.7
2024-07-19 11:33:00,CNR8806303586,Success,CID837087,Mini,RT Nagar,KR Puram,105.0,145.0,Not Applicable,Not Applicable,No,Not Applicable,456,Cash,13,3.2,4.0
2024-07-21 15:09:00,CNR5598403185,Success,CID298262,Prime Plus,Hennur,Padmanabhanagar,294.0,80.0,Not Applicable,Not Applicable,No,Not Applicable,2373,Cash,44,4.7,4.2
2024-07-05 20:30:00,CNR2001356040,Driver Not Found,CID615414,Bike,Padmanabhanagar,Peenya,,,Not Applicable,Not Applicable,Not Applicable,Not Applicable,148,Not Applicable,0,,
2024-07-22 14:37:00,CNR9837382187,Success,CID759360,Prime SUV,Peenya,Cox Town,126.0,125.0,Not Applicable,Not Applicable,No,Not Applicable,164,Cash,40,4.9,4.6
2024-07-22 12:16:00,CNR7237758254,Success,CID542239,Auto,Malleshwaram,Sarjapur Road,168.0,75.0,Not Applicable,Not Applicable,No,Not Applicable,229,UPI,1,3.3,3.3
2024-07-21 13:58:00,CNR1319033580,Success,CID448955,Mini,Bellandur,Sarjapur Road,70.0,115.0,Not Applicable,Not Applicable,No,Not Applicable,289,Credit Card,24,4.0,4.4
2024-07-03 10:22:00,CNR6265569416,Success,CID910161,Auto,Koramangala,Peenya,245.0,65.0,Not Applicable,Not Applicable,No,Not Applicable,291,Cash,11,3.5,3.9
2024-07-12 21:50:00,CNR5698851917,Canceled by Driver,CID333293,Prime Sedan,Shantinagar,Indiranagar,,,Not Applicable,Customer was coughing/sick,Not Applicable,Not Applicable,391,Not Applicable,0,,
2024-07-17 01:44:00,CNR7445165700,Success,CID755478,Mini,Peenya,RT Nagar,63.0,70.0,Not Applicable,Not Applicable,No,Not Applicable,333,Credit Card,16,4.9,3.9
2024-07-27 06:24:00,CNR6517426232,Canceled by Driver,CID713537,eBike,Padmanabhanagar,Chamarajpet,,,Not Applicable,Personal & Car related issue,Not Applicable,Not Applicable,927,Not Applicable,0,,
2024-07-30 21:21:00,CNR8454756737,Success,CID426691,eBike,BTM Layout,BTM Layout,98.0,140.0,Not Applicable,Not Applicable,No,Not Applicable,849,UPI,29,4.4,3.9
2024-07-30 15:32:00,CNR8042404748,Success,CID462077,Prime Plus,Chamarajpet,Bellandur,49.0,45.0,Not Applicable,Not Applicable,No,Not Applicable,849,Cash,31,4.2,3.2
2024-07-02 07:22:00,CNR6428163828,Success,CID874273,eBike,Basavanagudi,Kengeri,126.0,80.0,Not Applicable,Not Applicable,No,Not Applicable,724,UPI,13,4.7,3.5
2024-07-06 04:22:00,CNR2833712683,Success,CID537448,eBike,Ramamurthy Nagar,Shivajinagar,203.0,95.0,Not Applicable,Not Applicable,No,Not Applicable,285,UPI,34,3.5,3.7
2024-07-05 02:52:00,CNR6982501202,Canceled by Customer,CID603864,Prime Plus,Hebbal,Kengeri,,,AC is Not working,Not Applicable,Not Applicable,Not Applicable,379,Not Applicable,0,,
2024-07-27 03:00:00,CNR5809707217,Success,CID900822,Mini,Magadi Road,Banashankari,287.0,30.0,Not Applicable,Not Applicable,No,Not Applicable,1155,UPI,13,3.4,4.5
2024-07-17 04:25:00,CNR7034825430,Canceled by Customer,CID585776,Bike,BTM Layout,Koramangala,,,Change of plans,Not Applicable,Not Applicable,Not Applicable,664,Not Applicable,0,,
2024-07-03 05:11:00,CNR8340250050,Success,CID744134,Bike,Bannerghatta Road,Padmanabhanagar,294.0,100.0,Not Applicable,Not Applicable,No,Not Applicable,286,UPI,20,4.6,3.9
2024-07-15 03:18:00,CNR1551065302,Canceled by Driver,CID610750,Prime SUV,Langford Town,Shantinagar,,,Not Applicable,Customer related issue,Not Applicable,Not Applicable,271,Not Applicable,0,,
2024-07-03 18:30:00,CNR5831318858,Success,CID497631,Prime SUV,Indiranagar,Banashankari,252.0,100.0,Not Applicable,Not Applicable,No,Not Applicable,296,UPI,1,4.2,4.2
2024-07-04 05:29:00,CNR2755283015,Success,CID111345,eBike,Rajajinagar,Langford Town,133.0,115.0,Not Applicable,Not Applicable,No,Not Applicable,814,UPI,21,3.3,4.7
2024-07-04 19:29:00,CNR9106926651,Success,CID873935,Auto,Majestic,Malleshwaram,168.0,145.0,Not Applicable,Not Applicable,No,Not Applicable,146,Cash,17,3.2,3.3
2024-07-04 19:36:00,CNR6770585472,Driver Not Found,CID286839,Bike,Langford Town,Mysore Road,,,Not Applicable,Not Applicable,Not Applicable,Not Applicable,719,Not Applicable,0,,
2024-07-04 00:01:00,CNR5709528559,Canceled by Driver,CID439579,Prime SUV,Yelahanka,Cox Town,,,Not Applicable,Customer was coughing/sick,Not Applicable,Not Applicable,383,Not Applicable,0,,
2024-07-28 09:27:00,CNR4840651799,Success,CID972540,Prime Sedan,Hebbal,Nagarbhavi,224.0,120.0,Not Applicable,Not Applicable,No,Not Applicable,322,Debit Card,20,3.6,3.6
2024-07-18 17:45:00,CNR7316173247,Success,CID322595,eBike,Devanahalli,Richmond Town,280.0,115.0,Not Applicable,Not Applicable,No,Not Applicable,188,Credit Card,26,4.5,4.0
2024-07-08 18:43:00,CNR5960420980,Canceled by Customer,CID182482,Auto,Bellandur,Tumkur Road,,,Driver asked to cancel,Not Applicable,Not Applicable,Not Applicable,830,Not Applicable,0,,
2024-07-26 04:19:00,CNR4189424185,Success,CID136858,Prime Plus,Indiranagar,JP Nagar,84.0,30.0,Not Applicable,Not Applicable,No,Not Applicable,283,Cash,25,3.9,4.9
2024-07-16 06:40:00,CNR1400763912,Canceled by Driver,CID435292,eBike,Devanahalli,Marathahalli,,,Not Applicable,Customer related issue,Not Applicable,Not Applicable,443,Not Applicable,0,,
2024-07-18 22:14:00,CNR2144380867,Canceled by Customer,CID626426,Auto,Yelahanka,Sarjapur Road,,,Change of plans,Not Applicable,Not Applicable,Not Applicable,290,Not Applicable,0,,
2024-07-09 22:06:00,CNR8647411034,Canceled by Customer,CID209510,Prime SUV,Vijayanagar,Frazer Town,,,Driver is not moving towards pickup location,Not Applicable,Not Applicable,Not Applicable,266,Not Applicable,0,,
2024-07-03 22:06:00,CNR3114646257,Success,CID190628,Prime SUV,Padmanabhanagar,RT Nagar,56.0,65.0,Not Applicable,Not Applicable,No,Not Applicable,1669,Cash,11,3.3,3.3
2024-07-15 11:12:00,CNR2373577586,Driver Not Found,CID142775,Bike,Mysore Road,Banashankari,,,Not Applicable,Not Applicable,Not Applicable,Not Applicable,117,Not Applicable,0,,
2024-07-07 04:46:00,CNR8716106061,Success,CID520062,Prime Plus,Koramangala,Kadugodi,140.0,35.0,Not Applicable,Not Applicable,No,Not Applicable,488,Cash,2,4.5,4.4
2024-07-19 05:22:00,CNR8780384083,Success,CID883383,Prime SUV,Malleshwaram,Frazer Town,287.0,125.0,Not Applicable,Not Applicable,No,Not Applicable,321,UPI,3,3.0,3.0
2024-07-14 02:48:00,CNR1445452068,Success,CID889252,Prime SUV,Bellandur,Shivajinagar,168.0,145.0,Not Applicable,Not Applicable,No,Not Applicable,306,Cash,48,3.9,3.6
2024-07-21 19:51:00,CNR5972525154,Success,CID975229,eBike,Shivajinagar,Koramangala,210.0,145.0,Not Applicable,Not Applicable,No,Not Applicable,898,UPI,23,4.8,3.6
2024-07-05 05:24:00,CNR4276983707,Success,CID540564,Prime Plus,Banashankari,HSR Layout,161.0,25.0,Not Applicable,Not Applicable,No,Not Applicable,103,Cash,40,3.7,4.6
2024-07-09 08:30:00,CNR9254228643,Canceled by Driver,CID142413,Prime Sedan,Indiranagar,BTM Layout,,,Not Applicable,More than permitted people in there,Not Applicable,Not Applicable,354,Not Applicable,0,,
2024-07-23 13:53:00,CNR2324484791,Canceled by Customer,CID348856,eBike,Rajarajeshwari Nagar,JP Nagar,,,AC is Not working,Not Applicable,Not Applicable,Not Applicable,308,Not Applicable,0,,
2024-07-16 20:36:00,CNR3563625937,Canceled by Driver,CID871655,Auto,Yeshwanthpur,Richmond Town,,,Not Applicable,Customer was coughing/sick,Not Applicable,Not Applicable,474,Not Applicable,0,,
2024-07-05 22:45:00,CNR7657779513,Success,CID463279,Mini,KR Puram,Kengeri,105.0,35.0,Not Applicable,Not Applicable,No,Not Applicable,706,Cash,13,4.6,4.0
2024-07-02 05:20:00,CNR9053102731,Success,CID599471,Prime Sedan,Majestic,Chickpet,231.0,75.0,Not Applicable,Not Applicable,No,Not Applicable,574,UPI,39,4.9,3.8
2024-07-09 15:55:00,CNR3252781940,Success,CID108731,Prime Sedan,Marathahalli,Electronic City,98.0,55.0,Not Applicable,Not Applicable,No,Not Applicable,767,UPI,27,3.4,4.9
2024-07-12 07:57:00,CNR1677648863,Canceled by Customer,CID682729,Prime SUV,Yeshwanthpur,Frazer Town,,,AC is Not working,Not Applicable,Not Applicable,Not Applicable,551,Not Applicable,0,,
2024-07-25 17:47:00,CNR3646799810,Driver Not Found,CID684732,eBike,Vijayanagar,Cox Town,,,Not Applicable,Not Applicable,Not Applicable,Not Applicable,328,Not Applicable,0,,
2024-07-02 20:06:00,CNR4072709333,Success,CID409091,Auto,Hulimavu,Marathahalli,196.0,90.0,Not Applicable,Not Applicable,No,Not Applicable,623,Cash,9,4.0,3.1
2024-07-25 05:26:00,CNR7773284358,Success,CID136944,Prime Sedan,Peenya,HSR Layout,112.0,115.0,Not Applicable,Not Applicable,No,Not Applicable,664,Credit Card,6,4.9,4.1
2024-07-20 21:41:00,CNR8589045038,Canceled by Customer,CID610658,Prime Plus,Hulimavu,Kengeri,,,Driver asked to cancel,Not Applicable,Not Applicable,Not Applicable,2552,Not Applicable,0,,
2024-07-07 15:00:00,CNR5355489551,Success,CID953379,Prime Sedan,Nagarbhavi,MG Road,259.0,100.0,Not Applicable,Not Applicable,No,Not Applicable,2394,UPI,37,4.8,4.5
2024-07-19 21:06:00,CNR2669755890,Success,CID609045,Bike,Nagarbhavi,Mysore Road,126.0,30.0,Not Applicable,Not Applicable,No,Not Applicable,156,UPI,14,3.6,4.4
2024-07-23 20:28:00,CNR9955403172,Success,CID619117,Prime Plus,Marathahalli,Electronic City,231.0,125.0,Not Applicable,Not Applicable,No,Not Applicable,597,UPI,35,4.6,3.5
2024-07-20 14:31:00,CNR9342652743,Success,CID949965,Auto,Malleshwaram,BTM Layout,98.0,110.0,Not Applicable,Not Applicable,No,Not Applicable,900,Cash,16,4.5,4.8
2024-07-25 07:32:00,CNR8120114579,Driver Not Found,CID622078,Prime Sedan,Langford Town,Chamarajpet,,,Not Applicable,Not Applicable,Not Applicable,Not Applicable,270,Not Applicable,0,,
2024-07-17 12:07:00,CNR2536788396,Success,CID178653,Mini,Yeshwanthpur,Hosur Road,203.0,135.0,Not Applicable,Not Applicable,No,Not Applicable,111,Cash,11,4.7,4.4
2024-07-30 12:16:00,CNR6465158089,Success,CID378465,Prime Plus,Chickpet,BTM Layout,49.0,60.0,Not Applicable,Not Applicable,No,Not Applicable,113,UPI,7,3.4,4.9
2024-07-11 23:10:00,CNR4355352112,Driver Not Found,CID414423,eBike,Malleshwaram,Langford Town,,,Not Applicable,Not Applicable,Not Applicable,Not Applicable,158,Not Applicable,0,,
2024-07-26 04:49:00,CNR6028079914,Success,CID396846,Prime SUV,JP Nagar,HSR Layout,140.0,35.0,Not Applicable,Not Applicable,No,Not Applicable,454,Cash,35,3.1,4.0
2024-07-18 12:04:00,CNR2762301375,Canceled by Driver,CID305196,Prime Sedan,Hosur Road,Devanahalli,,,Not Applicable,Customer related issue,Not Applicable,Not Applicable,453,Not Applicable,0,,
2024-07-02 11:41:00,CNR8201878307,Success,CID740069,Auto,Hebbal,Hulimavu,287.0,115.0,Not Applicable,Not Applicable,No,Not Applicable,378,UPI,2,3.6,3.9
2024-07-06 02:38:00,CNR5495501075,Canceled by Driver,CID291546,Prime SUV,BTM Layout,Bellandur,,,Not Applicable,Customer related issue,Not Applicable,Not Applicable,751,Not Applicable,0,,
2024-07-02 13:26:00,CNR4275688864,Success,CID724953,Mini,KR Puram,Jayanagar,77.0,145.0,Not Applicable,Not Applicable,No,Not Applicable,315,UPI,40,3.5,3.3
2024-07-19 03:47:00,CNR2615378629,Success,CID841839,Prime SUV,Jayanagar,Bellandur,301.0,55.0,Not Applicable,Not Applicable,No,Not Applicable,112,Cash,11,3.4,4.3
2024-07-20 04:17:00,CNR2053675386,Success,CID724949,Mini,Ulsoor,Majestic,301.0,35.0,Not Applicable,Not Applicable,No,Not Applicable,210,UPI,34,3.6,4.8
2024-07-13 09:05:00,CNR4317262000,Success,CID780009,Prime SUV,Jayanagar,Sarjapur Road,217.0,110.0,Not Applicable,Not Applicable,No,Not Applicable,146,Debit Card,25,4.0,3.3
2024-07-11 10:12:00,CNR2753084365,Canceled by Driver,CID732671,Bike,Basavanagudi,Richmond Town,,,Not Applicable,Customer related issue,Not Applicable,Not Applicable,108,Not Applicable,0,,
2024-07-17 11:02:00,CNR5989612932,Success,CID522452,Auto,Devanahalli,Ramamurthy Nagar,168.0,75.0,Not Applicable,Not Applicable,No,Not Applicable,188,UPI,17,3.1,3.4
2024-07-30 00:49:00,CNR6426504450,Success,CID592034,Prime SUV,Magadi Road,Bannerghatta Road,203.0,110.0,Not Applicable,Not Applicable,No,Not Applicable,416,UPI,10,4.3,4.6
2024-07-09 21:36:00,CNR6148426494,Success,CID120204,Prime SUV,Sarjapur Road,Richmond Town,182.0,115.0,Not Applicable,Not Applicable,No,Not Applicable,139,UPI,6,4.2,3.4
2024-07-10 07:06:00,CNR2992569363,Canceled by Customer,CID121488,Prime SUV,Koramangala,Kengeri,,,Driver is not moving towards pickup location,Not Applicable,Not Applicable,Not Applicable,199,Not Applicable,0,,
2024-07-08 19:50:00,CNR3966964601,Success,CID344816,Auto,Rajajinagar,Shantinagar,196.0,50.0,Not Applicable,Not Applicable,No,Not Applicable,393,UPI,3,4.7,4.6
2024-07-01 14:52:00,CNR5279721527,Canceled by Customer,CID465398,Mini,Sarjapur Road,Devanahalli,,,Change of plans,Not Applicable,Not Applicable,Not Applicable,584,Not Applicable,0,,
2024-07-10 15:53:00,CNR5530467979,Success,CID836093,Prime SUV,Mysore Road,BTM Layout,217.0,85.0,Not Applicable,Not Applicable,No,Not Applicable,200,Cash,47,4.6,3.3
2024-07-29 06:06:00,CNR8442043709,Canceled by Driver,CID734590,Prime Plus,Tumkur Road,Basavanagudi,,,Not Applicable,More than permitted people in there,Not Applicable,Not Applicable,403,Not Applicable,0,,
2024-07-04 10:17:00,CNR4469634099,Canceled by Customer,CID566724,Prime Plus,Ramamurthy Nagar,Bannerghatta Road,,,Wrong Address,Not Applicable,Not Applicable,Not Applicable,265,Not Applicable,0,,
2024-07-06 17:12:00,CNR8160261382,Driver Not Found,CID822774,Auto,Jayanagar,Cox Town,,,Not Applicable,Not Applicable,Not Applicable,Not Applicable,106,Not Applicable,0,,
2024-07-15 23:44:00,CNR4397302248,Success,CID215853,eBike,Hennur,Magadi Road,189.0,55.0,Not Applicable,Not Applicable,No,Not Applicable,188,Cash,4,4.2,3.9
2024-07-24 07:08:00,CNR8670189366,Success,CID143412,Auto,KR Puram,Kadugodi,63.0,95.0,Not Applicable,Not Applicable,No,Not Applicable,693,Cash,12,4.1,4.2
2024-07-24 13:43:00,CNR9639500853,Success,CID569595,Prime Sedan,Hosur Road,Bellandur,238.0,135.0,Not Applicable,Not Applicable,No,Not Applicable,2709,UPI,21,4.4,5.0
2024-07-23 18:30:00,CNR6158075066,Success,CID135692,Prime Plus,Yeshwanthpur,Bannerghatta Road,56.0,100.0,Not Applicable,Not Applicable,Yes,Customer Demand,472,Cash,25,3.3,4.4
2024-07-11 18:59:00,CNR3877474989,Success,CID929636,Prime Plus,KR Puram,Hosur Road,112.0,95.0,Not Applicable,Not Applicable,No,Not Applicable,106,Cash,10,3.5,4.9
2024-07-13 19:44:00,CNR1644494833,Canceled by Customer,CID834546,Bike,Hosur Road,Cox Town,,,AC is Not working,Not Applicable,Not Applicable,Not Applicable,886,Not Applicable,0,,
2024-07-26 04:37:00,CNR5041306790,Success,CID655574,Bike,Malleshwaram,Malleshwaram,196.0,100.0,Not Applicable,Not Applicable,No,Not Applicable,318,Cash,21,3.6,3.6
2024-07-14 21:50:00,CNR7890978480,Canceled by Driver,CID924566,Auto,Varthur,BTM Layout,,,Not Applicable,More than permitted people in there,Not Applicable,Not Applicable,478,Not Applicable,0,,
2024-07-27 08:33:00,CNR2132546198,Success,CID498349,Auto,Koramangala,RT Nagar,161.0,45.0,Not Applicable,Not Applicable,No,Not Applicable,157,UPI,5,4.5,4.0
2024-07-15 11:48:00,CNR6980443855,Success,CID605405,Prime Sedan,Whitefield,Sarjapur Road,140.0,120.0,Not Applicable,Not Applicable,No,Not Applicable,162,UPI,20,3.5,3.1
2024-07-08 13:02:00,CNR2560957534,Success,CID884172,Auto,Sarjapur Road,Sarjapur Road,238.0,75.0,Not Applicable,Not Applicable,No,Not Applicable,269,Cash,9,3.2,3.7
2024-07-30 14:35:00,CNR8313423513,Canceled by Driver,CID184764,Prime Plus,Hennur,Marathahalli,,,Not Applicable,Customer related issue,Not Applicable,Not Applicable,327,Not Applicable,0,,
2024-07-27 00:59:00,CNR7730732715,Canceled by Customer,CID498069,Prime Plus,Mysore Road,Hosur Road,,,Change of plans,Not Applicable,Not Applicable,Not Applicable,164,Not Applicable,0,,
2024-07-21 18:29:00,CNR9652277311,Canceled by Driver,CID960285,Auto,Sahakar Nagar,Ulsoor,,,Not Applicable,More than permitted people in there,Not Applicable,Not Applicable,275,Not Applicable,0,,
2024-07-12 20:51:00,CNR4891841709,Success,CID632725,Mini,Chickpet,Yelahanka,203.0,125.0,Not Applicable,Not Applicable,No,Not Applicable,2903,UPI,12,3.5,3.3
2024-07-04 06:29:00,CNR6038519707,Canceled by Driver,CID813784,Auto,Bellandur,Richmond Town,,,Not Applicable,Personal & Car related issue,Not Applicable,Not Applicable,380,Not Applicable,0,,
2024-07-11 19:16:00,CNR4897987941,Success,CID416321,eBike,Malleshwaram,Cox Town,294.0,35.0,Not Applicable,Not Applicable,No,Not Applicable,1888,Cash,37,3.6,3.7
2024-07-30 14:10:00,CNR4988760057,Canceled by Driver,CID146228,eBike,Majestic,Whitefield,,,Not Applicable,Personal & Car related issue,Not Applicable,Not Applicable,594,Not Applicable,0,,
2024-07-20 02:02:00,CNR3595124892,Success,CID780813,Prime Sedan,Kammanahalli,Majestic,287.0,85.0,Not Applicable,Not Applicable,No,Not Applicable,205,UPI,19,3.3,4.1
2024-07-13 22:29:00,CNR8784167196,Canceled by Driver,CID526620,Auto,Yelahanka,Bannerghatta Road,,,Not Applicable,Personal & Car related issue,Not Applicable,Not Applicable,720,Not Applicable,0,,
2024-07-23 22:23:00,CNR5825137541,Success,CID906279,Prime Plus,Shivajinagar,MG Road,203.0,60.0,Not Applicable,Not Applicable,No,Not Applicable,1866,Cash,5,4.6,4.2
2024-07-01 05:38:00,CNR9457241473,Success,CID321277,Prime SUV,Rajarajeshwari Nagar,Ulsoor,294.0,80.0,Not Applicable,Not Applicable,Yes,Vehicle Breakdown,313,Cash,2,4.0,3.9
2024-07-08 15:06:00,CNR6560329093,Success,CID131154,Mini,Hebbal,Basavanagudi,294.0,110.0,Not Applicable,Not Applicable,No,Not Applicable,983,UPI,39,3.0,5.0
2024-07-14 13:45:00,CNR6787499249,Canceled by Driver,CID834515,Prime Plus,Cox Town,Hebbal,,,Not Applicable,Personal & Car related issue,Not Applicable,Not Applicable,153,Not Applicable,0,,
2024-07-23 01:38:00,CNR7751515533,Success,CID315808,Auto,JP Nagar,Hulimavu,308.0,65.0,Not Applicable,Not Applicable,No,Not Applicable,2380,Cash,6,4.2,4.3
2024-07-24 18:23:00,CNR3409178630,Success,CID827966,Prime Plus,Marathahalli,Langford Town,126.0,60.0,Not Applicable,Not Applicable,No,Not Applicable,470,UPI,40,3.6,3.0
2024-07-27 20:54:00,CNR5105259899,Success,CID966942,Prime Sedan,Shivajinagar,Ulsoor,161.0,70.0,Not Applicable,Not Applicable,No,Not Applicable,303,UPI,1,3.2,5.0
2024-07-05 21:45:00,CNR8864309203,Success,CID246449,eBike,Koramangala,Magadi Road,147.0,60.0,Not Applicable,Not Applicable,Yes,Other Issue,479,UPI,20,4.6,3.4
2024-07-05 13:15:00,CNR9131563819,Success,CID391955,Bike,Hebbal,BTM Layout,133.0,80.0,Not Applicable,Not Applicable,No,Not Applicable,157,Credit Card,44,4.4,3.3
2024-07-24 21:24:00,CNR2437156010,Success,CID439188,eBike,Marathahalli,HSR Layout,266.0,130.0,Not Applicable,Not Applicable,No,Not Applicable,484,UPI,46,3.4,4.9
2024-07-28 18:44:00,CNR1200693217,Success,CID104459,Prime SUV,KR Puram,Varthur,203.0,145.0,Not Applicable,Not Applicable,No,Not Applicable,172,Cash,39,4.5,5.0
2024-07-13 19:45:00,CNR2423273746,Success,CID478262,Prime Plus,Kadugodi,HSR Layout,224.0,50.0,Not Applicable,Not Applicable,No,Not Applicable,436,Cash,27,3.1,4.1
2024-07-25 13:48:00,CNR9563928695,Success,CID941688,Mini,Magadi Road,Jayanagar,63.0,145.0,Not Applicable,Not Applicable,No,Not Applicable,308,UPI,41,3.9,3.8
2024-07-10 11:42:00,CNR1705426966,Success,CID148580,Bike,JP Nagar,Vijayanagar,238.0,70.0,Not Applicable,Not Applicable,No,Not Applicable,336,UPI,1,3.7,4.7
2024-07-11 03:30:00,CNR5036539073,Success,CID554317,Prime SUV,Malleshwaram,Vijayanagar,168.0,80.0,Not Applicable,Not Applicable,No,Not Applicable,367,Cash,40,3.4,4.4
2024-07-10 17:04:00,CNR7750454966,Success,CID798754,Prime Plus,Chamarajpet,Kadugodi,49.0,90.0,Not Applicable,Not Applicable,No,Not Applicable,228,Cash,11,4.8,4.6
2024-07-24 12:28:00,CNR7712281282,Success,CID499203,Prime Plus,KR Puram,Shantinagar,42.0,105.0,Not Applicable,Not Applicable,No,Not Applicable,447,Cash,2,3.3,3.4
2024-07-09 16:46:00,CNR6250385073,Driver Not Found,CID577177,Mini,KR Puram,Vijayanagar,,,Not Applicable,Not Applicable,Not Applicable,Not Applicable,393,Not Applicable,0,,
2024-07-08 14:03:00,CNR5435750558,Success,CID467407,Auto,BTM Layout,Rajarajeshwari Nagar,98.0,105.0,Not Applicable,Not Applicable,No,Not Applicable,196,Cash,3,4.9,3.4
2024-07-02 19:27:00,CNR7506640773,Success,CID854792,Prime Sedan,JP Nagar,BTM Layout,217.0,50.0,Not Applicable,Not Applicable,No,Not Applicable,543,UPI,2,4.6,4.4
2024-07-07 23:45:00,CNR4671396558,Canceled by Driver,CID549043,Mini,Kadugodi,Rajajinagar,,,Not Applicable,More than permitted people in there,Not Applicable,Not Applicable,389,Not Applicable,0,,
2024-07-24 09:31:00,CNR4628616780,Driver Not Found,CID653239,Prime SUV,Indiranagar,Ramamurthy Nagar,,,Not Applicable,Not Applicable,Not Applicable,Not Applicable,168,Not Applicable,0,,
2024-07-02 14:31:00,CNR3382022593,Success,CID644016,eBike,Richmond Town,HSR Layout,273.0,140.0,Not Applicable,Not Applicable,No,Not Applicable,153,UPI,45,4.9,4.6
2024-07-08 04:34:00,CNR4059411681,Canceled by Customer,CID161797,Bike,Hebbal,HSR Layout,,,Driver asked to cancel,Not Applicable,Not Applicable,Not Applicable,1036,Not Applicable,0,,
2024-07-20 12:58:00,CNR9684031781,Canceled by Customer,CID179589,eBike,Hulimavu,Chickpet,,,Wrong Address,Not Applicable,Not Applicable,Not Applicable,324,Not Applicable,0,,
2024-07-22 18:01:00,CNR2397770790,Canceled by Driver,CID976898,Bike,Banashankari,Rajarajeshwari Nagar,,,Not Applicable,Customer was coughing/sick,Not Applicable,Not Applicable,489,Not Applicable,0,,
2024-07-25 22:57:00,CNR8054824497,Success,CID260736,eBike,Electronic City,Chickpet,252.0,115.0,Not Applicable,Not Applicable,No,Not Applicable,320,UPI,15,3.3,3.3
2024-07-08 12:39:00,CNR1655896213,Canceled by Driver,CID910160,Prime Sedan,Hennur,JP Nagar,,,Not Applicable,Customer related issue,Not Applicable,Not Applicable,297,Not Applicable,0,,
2024-07-13 07:00:00,CNR9151511243,Success,CID117728,Prime Plus,Vijayanagar,Padmanabhanagar,49.0,80.0,Not Applicable,Not Applicable,No,Not Applicable,567,Cash,44,3.9,3.3
2024-07-08 18:04:00,CNR2832712879,Canceled by Driver,CID779595,Prime SUV,Rajajinagar,Whitefield,,,Not Applicable,Customer related issue,Not Applicable,Not Applicable,131,Not Applicable,0,,
2024-07-03 07:55:00,CNR4160868721,Success,CID990184,Auto,Padmanabhanagar,Cox Town,203.0,125.0,Not Applicable,Not Applicable,No,Not Applicable,422,Cash,7,3.3,4.4
2024-07-28 13:08:00,CNR5148951308,Canceled by Driver,CID247671,eBike,Rajajinagar,Koramangala,,,Not Applicable,Customer related issue,Not Applicable,Not Applicable,188,Not Applicable,0,,
2024-07-27 15:25:00,CNR3067239058,Canceled by Customer,CID138234,Prime Plus,BTM Layout,MG Road,,,Driver is not moving towards pickup location,Not Applicable,Not Applicable,Not Applicable,450,Not Applicable,0,,
2024-07-26 08:43:00,CNR7178207483,Driver Not Found,CID820980,Prime Sedan,Marathahalli,Hulimavu,,,Not Applicable,Not Applicable,Not Applicable,Not Applicable,964,Not Applicable,0,,
2024-07-24 01:38:00,CNR3304853463,Success,CID198071,Mini,Mysore Road,RT Nagar,42.0,125.0,Not Applicable,Not Applicable,No,Not Applicable,425,Cash,39,3.3,3.5
2024-07-27 07:29:00,CNR5724561264,Driver Not Found,CID875121,Prime SUV,Chickpet,Varthur,,,Not Applicable,Not Applicable,Not Applicable,Not Applicable,171,Not Applicable,0,,
2024-07-13 00:30:00,CNR3857891899,Canceled by Driver,CID342868,Prime Sedan,Malleshwaram,Tumkur Road,,,Not Applicable,Personal & Car related issue,Not Applicable,Not Applicable,649,Not Applicable,0,,
2024-07-18 02:45:00,CNR9043375994,Success,CID620872,Prime Plus,RT Nagar,Whitefield,175.0,25.0,Not Applicable,Not Applicable,Yes,Vehicle Breakdown,324,Cash,9,4.8,4.5
2024-07-15 08:04:00,CNR4938947818,Success,CID287550,Prime Sedan,Nagarbhavi,Kammanahalli,280.0,105.0,Not Applicable,Not Applicable,No,Not Applicable,354,UPI,5,4.6,3.4
2024-07-21 09:42:00,CNR3310863109,Canceled by Driver,CID642325,Auto,Hennur,Frazer Town,,,Not Applicable,Customer was coughing/sick,Not Applicable,Not Applicable,869,Not Applicable,0,,
2024-07-13 05:00:00,CNR1482959419,Success,CID621480,Prime Plus,Chamarajpet,Shivajinagar,196.0,120.0,Not Applicable,Not Applicable,No,Not Applicable,186,Cash,10,4.4,3.8
2024-07-29 23:09:00,CNR7974874745,Driver Not Found,CID452179,Bike,Vijayanagar,Rajarajeshwari Nagar,,,Not Applicable,Not Applicable,Not Applicable,Not Applicable,928,Not Applicable,0,,
2024-07-17 19:16:00,CNR6104288340,Driver Not Found,CID231518,Prime Plus,Kengeri,Marathahalli,,,Not Applicable,Not Applicable,Not Applicable,Not Applicable,334,Not Applicable,0,,
2024-07-20 04:15:00,CNR4390203692,Success,CID819225,Prime SUV,Koramangala,Hennur,140.0,75.0,Not Applicable,Not Applicable,No,Not Applicable,1155,Cash,1,3.7,3.8
2024-07-02 02:41:00,CNR4660729284,Canceled by Driver,CID197954,Auto,Kadugodi,Rajarajeshwari Nagar,,,Not Applicable,Personal & Car related issue,Not Applicable,Not Applicable,622,Not Applicable,0,,
2024-07-11 10:42:00,CNR7075647036,Success,CID916714,Prime Sedan,Rajajinagar,Bellandur,266.0,80.0,Not Applicable,Not Applicable,No,Not Applicable,121,UPI,37,3.3,3.1
2024-07-29 12:56:00,CNR8909479183,Success,CID273292,Prime Plus,Bellandur,Bannerghatta Road,140.0,110.0,Not Applicable,Not Applicable,No,Not Applicable,250,Cash,44,4.6,3.3
2024-07-12 15:38:00,CNR7181001008,Canceled by Customer,CID977701,Prime Plus,Hebbal,Marathahalli,,,AC is Not working,Not Applicable,Not Applicable,Not Applicable,2660,Not Applicable,0,,
2024-07-17 12:13:00,CNR1286384894,Driver Not Found,CID251089,Bike,Varthur,Langford Town,,,Not Applicable,Not Applicable,Not Applicable,Not Applicable,442,Not Applicable,0,,
2024-07-17 02:07:00,CNR8727459937,Canceled by Driver,CID377002,Mini,Bellandur,Shivajinagar,,,Not Applicable,Personal & Car related issue,Not Applicable,Not Applicable,130,Not Applicable,0,,
2024-07-11 13:20:00,CNR3121679950,Success,CID754045,Prime SUV,Rajarajeshwari Nagar,Malleshwaram,189.0,110.0,Not Applicable,Not Applicable,Yes,Vehicle Breakdown,417,UPI,3,4.4,4.7
2024-07-16 02:00:00,CNR9350789041,Success,CID715614,Bike,Devanahalli,Mysore Road,105.0,55.0,Not Applicable,Not Applicable,No,Not Applicable,110,UPI,42,4.1,3.2
2024-07-13 09:36:00,CNR3059085062,Success,CID907357,Prime Plus,Cox Town,BTM Layout,154.0,110.0,Not Applicable,Not Applicable,Yes,Other Issue,402,Cash,1,5.0,3.4
2024-07-30 22:34:00,CNR8525700851,Canceled by Driver,CID321838,Prime Sedan,Devanahalli,Hebbal,,,Not Applicable,Personal & Car related issue,Not Applicable,Not Applicable,311,Not Applicable,0,,
2024-07-19 10:57:00,CNR1864683151,Success,CID458622,Bike,Mysore Road,Kengeri,147.0,55.0,Not Applicable,Not Applicable,No,Not Applicable,297,Cash,5,4.7,3.7
2024-07-05 22:13:00,CNR7206216777,Success,CID105674,Prime SUV,Hebbal,Shantinagar,84.0,95.0,Not Applicable,Not Applicable,No,Not Applicable,351,UPI,2,3.7,3.1
2024-07-23 23:50:00,CNR6188094638,Success,CID576810,Bike,Rajarajeshwari Nagar,Rajarajeshwari Nagar,259.0,70.0,Not Applicable,Not Applicable,No,Not Applicable,167,UPI,5,4.0,4.9
2024-07-02 16:22:00,CNR3063198837,Canceled by Driver,CID616975,Prime Sedan,Tumkur Road,Hebbal,,,Not Applicable,More than permitted people in there,Not Applicable,Not Applicable,159,Not Applicable,0,,
2024-07-14 07:21:00,CNR1811481666,Success,CID690957,eBike,Kengeri,Magadi Road,56.0,55.0,Not Applicable,Not Applicable,No,Not Applicable,2594,Cash,30,3.4,5.0
2024-07-24 04:34:00,CNR7977679095,Success,CID454753,Prime Sedan,Padmanabhanagar,Indiranagar,189.0,125.0,Not Applicable,Not Applicable,No,Not Applicable,441,Cash,38,4.7,4.7
2024-07-05 11:47:00,CNR8494556566,Success,CID513274,Bike,Tumkur Road,Koramangala,77.0,100.0,Not Applicable,Not Applicable,Yes,Other Issue,303,UPI,20,3.0,4.1
2024-07-24 00:04:00,CNR1075111652,Success,CID720169,Mini,Jayanagar,Rajajinagar,175.0,115.0,Not Applicable,Not Applicable,No,Not Applicable,210,Cash,46,4.9,4.3
2024-07-25 18:38:00,CNR4961325859,Success,CID306166,Prime Sedan,Majestic,Malleshwaram,280.0,35.0,Not Applicable,Not Applicable,No,Not Applicable,675,UPI,41,3.5,4.9
2024-07-27 09:09:00,CNR2263008061,Success,CID647579,Prime Plus,Bellandur,RT Nagar,147.0,80.0,Not Applicable,Not Applicable,No,Not Applicable,107,UPI,27,3.7,3.6
2024-07-27 23:43:00,CNR9986739423,Canceled by Driver,CID935540,eBike,BTM Layout,Chamarajpet,,,Not Applicable,Customer was coughing/sick,Not Applicable,Not Applicable,206,Not Applicable,0,,
2024-07-25 06:58:00,CNR8639401223,Canceled by Customer,CID623773,Bike,Rajarajeshwari Nagar,Cox Town,,,Driver is not moving towards pickup location,Not Applicable,Not Applicable,Not Applicable,264,Not Applicable,0,,
2024-07-26 00:10:00,CNR2054198516,Canceled by Driver,CID282619,Prime Plus,Chamarajpet,Kammanahalli,,,Not Applicable,Customer was coughing/sick,Not Applicable,Not Applicable,320,Not Applicable,0,,
2024-07-08 17:32:00,CNR9175460991,Success,CID226651,Prime SUV,Magadi Road,Peenya,238.0,125.0,Not Applicable,Not Applicable,No,Not Applicable,308,UPI,15,4.0,4.9
2024-07-06 12:47:00,CNR4629088274,Driver Not Found,CID392973,eBike,Peenya,Basavanagudi,,,Not Applicable,Not Applicable,Not Applicable,Not Applicable,464,Not Applicable,0,,
2024-07-02 20:22:00,CNR9486218991,Success,CID744120,Prime Plus,Jayanagar,Ulsoor,280.0,50.0,Not Applicable,Not Applicable,No,Not Applicable,367,Cash,12,4.4,4.6
2024-07-01 21:10:00,CNR2754438376,Success,CID840040,Auto,Sarjapur Road,Rajajinagar,252.0,85.0,Not Applicable,Not Applicable,No,Not Applicable,228,UPI,19,3.2,4.1
2024-07-15 01:27:00,CNR6976797873,Success,CID715783,Prime Sedan,MG Road,HSR Layout,77.0,75.0,Not Applicable,Not Applicable,No,Not Applicable,689,UPI,40,4.9,4.4
2024-07-14 05:29:00,CNR4652072051,Canceled by Driver,CID942939,eBike,Chamarajpet,Marathahalli,,,Not Applicable,Personal & Car related issue,Not Applicable,Not Applicable,481,Not Applicable,0,,
2024-07-25 18:22:00,CNR6178548498,Canceled by Driver,CID229790,Bike,Jayanagar,Kengeri,,,Not Applicable,Personal & Car related issue,Not Applicable,Not Applicable,950,Not Applicable,0,,
2024-07-08 05:45:00,CNR5729504448,Success,CID100433,Prime Sedan,Indiranagar,Marathahalli,203.0,135.0,Not Applicable,Not Applicable,No,Not Applicable,113,UPI,6,4.3,3.6
2024-07-09 22:17:00,CNR6150084202,Success,CID918144,Prime Sedan,Devanahalli,Jayanagar,133.0,25.0,Not Applicable,Not Applicable,No,Not Applicable,550,Cash,41,4.8,4.2
2024-07-07 17:50:00,CNR9673986121,Success,CID927842,Bike,Hennur,Rajajinagar,189.0,75.0,Not Applicable,Not Applicable,No,Not Applicable,541,Cash,48,4.1,3.6
2024-07-04 04:19:00,CNR3294077485,Canceled by Customer,CID933790,Prime Sedan,Whitefield,Bellandur,,,AC is Not working,Not Applicable,Not Applicable,Not Applicable,231,Not Applicable,0,,
2024-07-22 01:46:00,CNR4714468556,Success,CID326828,Prime SUV,JP Nagar,Basavanagudi,168.0,115.0,Not Applicable,Not Applicable,No,Not Applicable,2843,Cash,36,3.9,4.6
2024-07-12 08:50:00,CNR5526121650,Driver Not Found,CID221448,Prime SUV,Malleshwaram,Banashankari,,,Not Applicable,Not Applicable,Not Applicable,Not Applicable,353,Not Applicable,0,,
2024-07-18 00:25:00,CNR5354956528,Success,CID584043,Bike,Rajarajeshwari Nagar,Indiranagar,105.0,115.0,Not Applicable,Not Applicable,No,Not Applicable,388,Cash,44,3.5,4.7
2024-07-05 22:48:00,CNR5314676162,Canceled by Customer,CID238160,Mini,Koramangala,Ramamurthy Nagar,,,Change of plans,Not Applicable,Not Applicable,Not Applicable,111,Not Applicable,0,,
2024-07-25 00:18:00,CNR3406643376,Success,CID960874,Prime SUV,Frazer Town,Varthur,308.0,120.0,Not Applicable,Not Applicable,No,Not Applicable,716,Cash,31,3.2,4.1
2024-07-09 01:39:00,CNR4818490696,Success,CID995807,Auto,Yeshwanthpur,Peenya,252.0,115.0,Not Applicable,Not Applicable,No,Not Applicable,276,UPI,14,3.8,3.0
2024-07-18 06:59:00,CNR4043481253,Success,CID830088,Auto,Bellandur,Kadugodi,238.0,130.0,Not Applicable,Not Applicable,No,Not Applicable,264,UPI,16,3.3,4.8
2024-07-06 08:59:00,CNR8259380406,Success,CID460431,Auto,RT Nagar,Vijayanagar,133.0,65.0,Not Applicable,Not Applicable,No,Not Applicable,421,Cash,19,3.5,4.5
2024-07-17 17:23:00,CNR6014014601,Canceled by Driver,CID920304,Prime SUV,HSR Layout,Marathahalli,,,Not Applicable,More than permitted people in there,Not Applicable,Not Applicable,673,Not Applicable,0,,
2024-07-22 19:07:00,CNR5227306364,Canceled by Driver,CID436806,Prime Sedan,Rajarajeshwari Nagar,Richmond Town,,,Not Applicable,Customer was coughing/sick,Not Applicable,Not Applicable,2494,Not Applicable,0,,
2024-07-26 07:12:00,CNR3287598360,Canceled by Driver,CID415245,Prime Sedan,Frazer Town,JP Nagar,,,Not Applicable,More than permitted people in there,Not Applicable,Not Applicable,615,Not Applicable,0,,
2024-07-23 21:10:00,CNR4087211000,Success,CID596024,Mini,Jayanagar,Kadugodi,98.0,80.0,Not Applicable,Not Applicable,No,Not Applicable,387,Cash,39,3.7,3.3
2024-07-01 17:41:00,CNR5504148400,Canceled by Customer,CID263513,Bike,Rajarajeshwari Nagar,Shantinagar,,,Driver is not moving towards pickup location,Not Applicable,Not Applicable,Not Applicable,257,Not Applicable,0,,
2024-07-08 03:02:00,CNR3995805341,Success,CID686081,Bike,Sarjapur Road,Chamarajpet,35.0,25.0,Not Applicable,Not Applicable,No,Not Applicable,140,Cash,8,3.5,4.9
2024-07-02 05:59:00,CNR2168890659,Canceled by Customer,CID352279,eBike,Kengeri,Ulsoor,,,Driver asked to cancel,Not Applicable,Not Applicable,Not Applicable,372,Not Applicable,0,,
2024-07-03 05:30:00,CNR3237419430,Success,CID263152,Prime Sedan,Yeshwanthpur,Jayanagar,196.0,75.0,Not Applicable,Not Applicable,No,Not Applicable,463,Cash,19,3.6,4.7
2024-07-29 11:21:00,CNR9881545273,Canceled by Customer,CID191545,Auto,Sahakar Nagar,Devanahalli,,,Driver asked to cancel,Not Applicable,Not Applicable,Not Applicable,1383,Not Applicable,0,,
2024-07-25 23:24:00,CNR5512245787,Success,CID773145,Mini,Ulsoor,Rajarajeshwari Nagar,77.0,45.0,Not Applicable,Not Applicable,No,Not Applicable,192,Cash,36,4.9,3.8
2024-07-27 14:58:00,CNR2196041378,Success,CID702375,Prime SUV,Marathahalli,Chickpet,35.0,90.0,Not Applicable,Not Applicable,No,Not Applicable,245,UPI,22,3.6,4.9
2024-07-13 05:01:00,CNR3039813304,Success,CID353903,Auto,Kadugodi,Kammanahalli,308.0,75.0,Not Applicable,Not Applicable,No,Not Applicable,748,Cash,11,4.8,3.9
2024-07-17 12:38:00,CNR6332897337,Success,CID772695,Auto,Kammanahalli,Varthur,105.0,145.0,Not Applicable,Not Applicable,Yes,Vehicle Breakdown,523,Cash,13,3.2,3.9
2024-07-04 13:21:00,CNR1938932061,Success,CID558134,Mini,Bannerghatta Road,Langford Town,266.0,60.0,Not Applicable,Not Applicable,No,Not Applicable,278,UPI,33,3.2,4.5
2024-07-10 06:08:00,CNR8428142179,Driver Not Found,CID501600,eBike,Hebbal,Shivajinagar,,,Not Applicable,Not Applicable,Not Applicable,Not Applicable,393,Not Applicable,0,,
2024-07-13 03:51:00,CNR9049185605,Canceled by Driver,CID665247,Bike,Devanahalli,Frazer Town,,,Not Applicable,Customer was coughing/sick,Not Applicable,Not Applicable,2133,Not Applicable,0,,
2024-07-20 20:32:00,CNR6800103010,Success,CID745659,Bike,Richmond Town,Sahakar Nagar,63.0,130.0,Not Applicable,Not Applicable,No,Not Applicable,900,Cash,32,4.5,3.4
2024-07-20 14:11:00,CNR3926664400,Success,CID798442,eBike,Ulsoor,Basavanagudi,119.0,45.0,Not Applicable,Not Applicable,No,Not Applicable,283,Cash,35,3.5,3.6
2024-07-12 12:05:00,CNR7230035155,Driver Not Found,CID952364,Auto,Devanahalli,Malleshwaram,,,Not Applicable,Not Applicable,Not Applicable,Not Applicable,161,Not Applicable,0,,
2024-07-05 22:27:00,CNR9359684645,Success,CID938457,Prime Sedan,Koramangala,Shantinagar,42.0,75.0,Not Applicable,Not Applicable,No,Not Applicable,218,Cash,1,3.5,4.7
2024-07-04 08:46:00,CNR1717175533,Driver Not Found,CID992165,Bike,Vijayanagar,BTM Layout,,,Not Applicable,Not Applicable,Not Applicable,Not Applicable,1269,Not Applicable,0,,
2024-07-30 21:46:00,CNR4938945272,Success,CID394261,Prime Sedan,Nagarbhavi,Hebbal,196.0,135.0,Not Applicable,Not Applicable,No,Not Applicable,236,Cash,47,3.5,4.9
2024-07-20 13:53:00,CNR9521297053,Success,CID944113,Prime SUV,MG Road,Rajarajeshwari Nagar,77.0,85.0,Not Applicable,Not Applicable,Yes,Other Issue,649,UPI,33,3.4,4.9
2024-07-12 23:19:00,CNR8999028979,Success,CID453036,Prime Sedan,HSR Layout,Hennur,91.0,115.0,Not Applicable,Not Applicable,No,Not Applicable,148,UPI,16,5.0,3.1
2024-07-09 06:17:00,CNR1809006224,Success,CID841953,Mini,Indiranagar,Electronic City,273.0,85.0,Not Applicable,Not Applicable,No,Not Applicable,264,Cash,12,4.0,3.7
2024-07-17 21:56:00,CNR4489065755,Success,CID912082,Auto,Bannerghatta Road,BTM Layout,252.0,25.0,Not Applicable,Not Applicable,No,Not Applicable,2061,Cash,10,3.8,3.9
2024-07-22 08:17:00,CNR2586461246,Success,CID536953,Prime SUV,Majestic,JP Nagar,224.0,135.0,Not Applicable,Not Applicable,No,Not Applicable,478,UPI,22,4.2,3.1
2024-07-25 09:53:00,CNR6351901302,Driver Not Found,CID307285,Prime Sedan,Yelahanka,Bannerghatta Road,,,Not Applicable,Not Applicable,Not Applicable,Not Applicable,431,Not Applicable,0,,
2024-07-10 09:51:00,CNR7135428700,Driver Not Found,CID299160,Mini,Marathahalli,HSR Layout,,,Not Applicable,Not Applicable,Not Applicable,Not Applicable,380,Not Applicable,0,,
2024-07-07 21:24:00,CNR7970658408,Success,CID691712,eBike,Devanahalli,Marathahalli,147.0,135.0,Not Applicable,Not Applicable,No,Not Applicable,606,UPI,23,3.7,3.1
2024-07-27 08:42:00,CNR8739594748,Canceled by Customer,CID504689,Bike,JP Nagar,Electronic City,,,Driver asked to cancel,Not Applicable,Not Applicable,Not Applicable,247,Not Applicable,0,,
2024-07-05 14:53:00,CNR6719137716,Success,CID570597,Prime Sedan,KR Puram,BTM Layout,245.0,25.0,Not Applicable,Not Applicable,No,Not Applicable,404,Cash,32,4.6,3.1
2024-07-03 08:19:00,CNR5641570141,Driver Not Found,CID899596,Auto,Devanahalli,Hosur Road,,,Not Applicable,Not Applicable,Not Applicable,Not Applicable,182,Not Applicable,0,,
2024-07-15 19:20:00,CNR4908156575,Success,CID973238,Mini,Banashankari,Chickpet,308.0,25.0,Not Applicable,Not Applicable,No,Not Applicable,103,Cash,37,4.0,4.5
2024-07-25 17:35:00,CNR5737952316,Success,CID526151,Mini,Langford Town,Yelahanka,98.0,30.0,Not Applicable,Not Applicable,No,Not Applicable,329,Cash,33,4.0,4.8
2024-07-25 16:26:00,CNR8389361913,Success,CID525028,eBike,Chamarajpet,Nagarbhavi,210.0,50.0,Not Applicable,Not Applicable,No,Not Applicable,468,Cash,37,3.5,3.2
2024-07-17 11:22:00,CNR2561477194,Success,CID864905,Auto,Magadi Road,Electronic City,273.0,90.0,Not Applicable,Not Applicable,No,Not Applicable,525,Cash,7,3.1,3.4
2024-07-25 22:46:00,CNR5014578099,Canceled by Customer,CID503439,Prime Sedan,Jayanagar,Rajajinagar,,,Driver asked to cancel,Not Applicable,Not Applicable,Not Applicable,393,Not Applicable,0,,
2024-07-09 19:17:00,CNR2869224912,Canceled by Driver,CID787643,Prime Sedan,Hulimavu,Padmanabhanagar,,,Not Applicable,Personal & Car related issue,Not Applicable,Not Applicable,337,Not Applicable,0,,
2024-07-15 07:31:00,CNR6029597772,Success,CID540241,Prime Plus,Cox Town,Cox Town,168.0,105.0,Not Applicable,Not Applicable,No,Not Applicable,411,Cash,13,4.7,3.2
2024-07-17 00:12:00,CNR9950536060,Canceled by Driver,CID363076,Prime Sedan,Nagarbhavi,Sarjapur Road,,,Not Applicable,Customer related issue,Not Applicable,Not Applicable,421,Not Applicable,0,,
2024-07-06 00:51:00,CNR9564049417,Success,CID151784,Auto,KR Puram,Banashankari,49.0,100.0,Not Applicable,Not Applicable,No,Not Applicable,1336,Cash,13,4.5,4.0
2024-07-16 22:17:00,CNR2442695520,Success,CID998570,Prime Plus,Jayanagar,Jayanagar,294.0,125.0,Not Applicable,Not Applicable,No,Not Applicable,133,UPI,5,4.7,3.1
2024-07-19 23:32:00,CNR2168440614,Success,CID720010,Prime Sedan,Shivajinagar,JP Nagar,224.0,55.0,Not Applicable,Not Applicable,No,Not Applicable,255,UPI,20,3.4,3.5
2024-07-01 02:39:00,CNR5018659844,Success,CID866689,Bike,MG Road,Chamarajpet,280.0,120.0,Not Applicable,Not Applicable,No,Not Applicable,106,Credit Card,8,3.4,3.5
2024-07-25 20:09:00,CNR3388238734,Success,CID705917,Auto,Devanahalli,Bellandur,301.0,95.0,Not Applicable,Not Applicable,No,Not Applicable,331,Cash,11,5.0,3.0
2024-07-05 04:12:00,CNR2764084923,Success,CID879505,eBike,Basavanagudi,Kengeri,224.0,60.0,Not Applicable,Not Applicable,No,Not Applicable,336,Cash,29,4.5,4.5
2024-07-27 12:09:00,CNR1828807534,Success,CID241612,Prime Plus,Ramamurthy Nagar,Bellandur,42.0,75.0,Not Applicable,Not Applicable,No,Not Applicable,379,Cash,32,4.3,3.1
2024-07-17 06:52:00,CNR8402708745,Canceled by Customer,CID697709,Bike,Electronic City,Bannerghatta Road,,,Wrong Address,Not Applicable,Not Applicable,Not Applicable,1923,Not Applicable,0,,
2024-07-09 06:41:00,CNR6240464791,Canceled by Customer,CID452056,Prime SUV,Electronic City,Jayanagar,,,AC is Not working,Not Applicable,Not Applicable,Not Applicable,489,Not Applicable,0,,
2024-07-09 13:21:00,CNR7943476699,Canceled by Customer,CID620782,Prime SUV,Malleshwaram,Hosur Road,,,Wrong Address,Not Applicable,Not Applicable,Not Applicable,351,Not Applicable,0,,
2024-07-04 23:25:00,CNR5200423436,Canceled by Customer,CID164063,Prime Sedan,Magadi Road,Chickpet,,,Driver asked to cancel,Not Applicable,Not Applicable,Not Applicable,245,Not Applicable,0,,
2024-07-19 13:11:00,CNR9551545966,Success,CID781565,Prime SUV,Padmanabhanagar,Hennur,203.0,115.0,Not Applicable,Not Applicable,No,Not Applicable,434,UPI,41,3.6,4.6
2024-07-28 16:46:00,CNR4543173518,Canceled by Customer,CID255472,Mini,Sahakar Nagar,Kengeri,,,Change of plans,Not Applicable,Not Applicable,Not Applicable,2398,Not Applicable,0,,
2024-07-12 12:00:00,CNR3211000432,Canceled by Customer,CID773360,Prime Plus,Majestic,Whitefield,,,AC is Not working,Not Applicable,Not Applicable,Not Applicable,228,Not Applicable,0,,
2024-07-25 14:03:00,CNR2523482547,Success,CID876342,Prime Sedan,Sarjapur Road,HSR Layout,238.0,95.0,Not Applicable,Not Applicable,No,Not Applicable,315,UPI,29,3.1,4.0
2024-07-13 21:26:00,CNR8729000105,Success,CID824873,eBike,Sarjapur Road,KR Puram,140.0,35.0,Not Applicable,Not Applicable,No,Not Applicable,641,Credit Card,20,3.8,4.6
2024-07-16 13:12:00,CNR4297201806,Canceled by Driver,CID445098,Mini,Peenya,MG Road,,,Not Applicable,More than permitted people in there,Not Applicable,Not Applicable,181,Not Applicable,0,,
2024-07-18 20:28:00,CNR8825693857,Success,CID635265,Bike,Kammanahalli,Shivajinagar,105.0,120.0,Not Applicable,Not Applicable,No,Not Applicable,710,UPI,22,3.1,4.2
2024-07-03 02:06:00,CNR7957065013,Success,CID620090,Prime SUV,Ulsoor,RT Nagar,98.0,50.0,Not Applicable,Not Applicable,No,Not Applicable,526,UPI,40,3.7,4.1
2024-07-16 06:39:00,CNR4069736728,Canceled by Customer,CID129436,eBike,JP Nagar,BTM Layout,,,Change of plans,Not Applicable,Not Applicable,Not Applicable,428,Not Applicable,0,,
2024-07-13 11:40:00,CNR2713692301,Success,CID189701,Prime Plus,Hosur Road,Magadi Road,91.0,145.0,Not Applicable,Not Applicable,No,Not Applicable,258,Cash,45,4.2,4.9
2024-07-22 12:31:00,CNR3192381448,Driver Not Found,CID902866,Prime SUV,Chamarajpet,Hebbal,,,Not Applicable,Not Applicable,Not Applicable,Not Applicable,315,Not Applicable,0,,
2024-07-02 05:08:00,CNR9563840054,Canceled by Driver,CID121034,Mini,Sarjapur Road,Shivajinagar,,,Not Applicable,More than permitted people in there,Not Applicable,Not Applicable,481,Not Applicable,0,,
2024-07-09 21:34:00,CNR1421732804,Success,CID472268,Mini,Hosur Road,Ulsoor,287.0,65.0,Not Applicable,Not Applicable,No,Not Applicable,116,UPI,18,4.3,4.1
2024-07-27 09:56:00,CNR3032090254,Canceled by Driver,CID658399,Prime Sedan,Magadi Road,Jayanagar,,,Not Applicable,More than permitted people in there,Not Applicable,Not Applicable,140,Not Applicable,0,,
2024-07-09 06:35:00,CNR4921828569,Success,CID330344,Prime Plus,Ulsoor,Bellandur,280.0,125.0,Not Applicable,Not Applicable,No,Not Applicable,163,UPI,11,4.0,4.4
2024-07-06 09:26:00,CNR4244134912,Canceled by Driver,CID934081,Prime Plus,Varthur,Indiranagar,,,Not Applicable,More than permitted people in there,Not Applicable,Not Applicable,417,Not Applicable,0,,
2024-07-07 01:39:00,CNR6894208434,Canceled by Driver,CID916913,Mini,Ramamurthy Nagar,Langford Town,,,Not Applicable,More than permitted people in there,Not Applicable,Not Applicable,815,Not Applicable,0,,
2024-07-18 00:49:00,CNR3112588830,Success,CID762358,Prime Sedan,Vijayanagar,Devanahalli,203.0,140.0,Not Applicable,Not Applicable,No,Not Applicable,2448,Cash,38,3.7,4.1
2024-07-22 01:58:00,CNR3180527869,Driver Not Found,CID489044,Auto,Yelahanka,Whitefield,,,Not Applicable,Not Applicable,Not Applicable,Not Applicable,450,Not Applicable,0,,
2024-07-07 00:50:00,CNR2454619754,Success,CID641171,Prime Plus,Sarjapur Road,Marathahalli,140.0,40.0,Not Applicable,Not Applicable,No,Not Applicable,2397,Cash,17,4.7,4.4
2024-07-21 13:50:00,CNR3073878731,Success,CID167025,Auto,Cox Town,Frazer Town,301.0,85.0,Not Applicable,Not Applicable,No,Not Applicable,254,Cash,10,4.2,3.3
2024-07-11 17:54:00,CNR4306135452,Success,CID868347,Prime SUV,Whitefield,Chickpet,98.0,75.0,Not Applicable,Not Applicable,No,Not Applicable,1654,UPI,27,3.1,3.4
2024-07-22 18:40:00,CNR3112775968,Success,CID742864,Mini,Shivajinagar,Electronic City,105.0,95.0,Not Applicable,Not Applicable,No,Not Applicable,331,UPI,41,4.3,4.4
2024-07-16 06:07:00,CNR4783573891,Success,CID119419,Prime Sedan,Tumkur Road,Marathahalli,147.0,120.0,Not Applicable,Not Applicable,No,Not Applicable,721,UPI,1,3.7,3.4
2024-07-21 09:32:00,CNR7946363237,Success,CID743989,eBike,Malleshwaram,BTM Layout,224.0,125.0,Not Applicable,Not Applicable,No,Not Applicable,414,UPI,26,4.5,3.1
2024-07-22 07:35:00,CNR3110900371,Success,CID122268,Mini,Yeshwanthpur,Jayanagar,63.0,70.0,Not Applicable,Not Applicable,No,Not Applicable,1708,Credit Card,45,3.2,4.8
2024-07-06 07:11:00,CNR6496534780,Canceled by Customer,CID394886,Auto,Chickpet,Kadugodi,,,Driver is not moving towards pickup location,Not Applicable,Not Applicable,Not Applicable,653,Not Applicable,0,,
2024-07-19 05:51:00,CNR7498095193,Success,CID981802,Mini,Ulsoor,Chamarajpet,217.0,40.0,Not Applicable,Not Applicable,No,Not Applicable,2070,UPI,45,4.8,3.4
2024-07-10 04:55:00,CNR7285675346,Success,CID304412,Auto,Chickpet,Rajarajeshwari Nagar,77.0,30.0,Not Applicable,Not Applicable,No,Not Applicable,203,Cash,5,4.8,3.5
2024-07-09 14:06:00,CNR5734915731,Success,CID733037,Mini,Shantinagar,RT Nagar,294.0,55.0,Not Applicable,Not Applicable,No,Not Applicable,694,Cash,4,3.5,4.6
2024-07-28 15:03:00,CNR6101807794,Success,CID936984,eBike,Sahakar Nagar,Mysore Road,98.0,65.0,Not Applicable,Not Applicable,No,Not Applicable,1299,Cash,27,3.5,3.9
2024-07-09 02:25:00,CNR8591633398,Canceled by Driver,CID608673,Prime Sedan,Koramangala,Majestic,,,Not Applicable,Customer related issue,Not Applicable,Not Applicable,488,Not Applicable,0,,
2024-07-02 01:48:00,CNR8944366310,Success,CID515121,Auto,Shivajinagar,RT Nagar,56.0,35.0,Not Applicable,Not Applicable,No,Not Applicable,891,UPI,11,3.4,3.8
2024-07-21 03:56:00,CNR1984063807,Canceled by Driver,CID949269,Auto,Whitefield,Marathahalli,,,Not Applicable,More than permitted people in there,Not Applicable,Not Applicable,480,Not Applicable,0,,
2024-07-13 18:41:00,CNR3296691801,Canceled by Customer,CID673453,Auto,RT Nagar,Chamarajpet,,,Driver is not moving towards pickup location,Not Applicable,Not Applicable,Not Applicable,263,Not Applicable,0,,
2024-07-08 13:45:00,CNR3884298835,Success,CID527893,Bike,Sahakar Nagar,Rajajinagar,70.0,60.0,Not Applicable,Not Applicable,Yes,Vehicle Breakdown,422,Cash,10,4.8,4.7
2024-07-24 18:26:00,CNR7693231309,Success,CID526665,Mini,Indiranagar,Banashankari,259.0,40.0,Not Applicable,Not Applicable,No,Not Applicable,464,Cash,9,4.7,3.2
2024-07-13 04:23:00,CNR6332640940,Canceled by Customer,CID969040,eBike,Peenya,Rajajinagar,,,Driver asked to cancel,Not Applicable,Not Applicable,Not Applicable,373,Not Applicable,0,,
2024-07-22 19:13:00,CNR5255750892,Success,CID431620,Prime SUV,Hebbal,Hebbal,154.0,55.0,Not Applicable,Not Applicable,Yes,Other Issue,500,Cash,19,4.3,4.4
2024-07-08 03:13:00,CNR9782821147,Success,CID620411,Prime SUV,Majestic,KR Puram,42.0,30.0,Not Applicable,Not Applicable,No,Not Applicable,2355,Cash,30,3.4,4.1
2024-07-08 22:46:00,CNR7260362362,Canceled by Customer,CID509792,Prime Sedan,Varthur,Bannerghatta Road,,,Change of plans,Not Applicable,Not Applicable,Not Applicable,643,Not Applicable,0,,
2024-07-24 01:13:00,CNR5788321131,Success,CID272226,eBike,Hennur,Indiranagar,112.0,145.0,Not Applicable,Not Applicable,No,Not Applicable,333,Cash,1,3.0,3.5
2024-07-20 18:08:00,CNR1322078974,Success,CID629211,Mini,Sahakar Nagar,Hebbal,182.0,140.0,Not Applicable,Not Applicable,No,Not Applicable,504,UPI,49,3.4,4.3
2024-07-09 13:46:00,CNR6591861775,Driver Not Found,CID501599,Bike,Nagarbhavi,Yeshwanthpur,,,Not Applicable,Not Applicable,Not Applicable,Not Applicable,119,Not Applicable,0,,
2024-07-24 13:44:00,CNR3313766841,Canceled by Customer,CID318417,Auto,Indiranagar,Nagarbhavi,,,Change of plans,Not Applicable,Not Applicable,Not Applicable,345,Not Applicable,0,,
2024-07-20 05:00:00,CNR1743664104,Canceled by Driver,CID492293,Prime Plus,RT Nagar,Hebbal,,,Not Applicable,Personal & Car related issue,Not Applicable,Not Applicable,423,Not Applicable,0,,
2024-07-30 01:57:00,CNR2755284193,Success,CID586651,eBike,Rajarajeshwari Nagar,Bellandur,224.0,55.0,Not Applicable,Not Applicable,No,Not Applicable,1162,UPI,12,3.5,3.3
2024-07-21 14:15:00,CNR9518587599,Canceled by Driver,CID438975,eBike,Banashankari,Bellandur,,,Not Applicable,More than permitted people in there,Not Applicable,Not Applicable,773,Not Applicable,0,,
2024-07-08 14:19:00,CNR9062729446,Driver Not Found,CID669597,Auto,Magadi Road,MG Road,,,Not Applicable,Not Applicable,Not Applicable,Not Applicable,142,Not Applicable,0,,
2024-07-02 10:06:00,CNR5798582571,Success,CID219915,Prime Plus,Hebbal,Chickpet,161.0,130.0,Not Applicable,Not Applicable,No,Not Applicable,615,Cash,2,3.1,3.0
2024-07-05 17:27:00,CNR5396731937,Success,CID662887,Mini,Sahakar Nagar,Hebbal,210.0,65.0,Not Applicable,Not Applicable,No,Not Applicable,401,UPI,10,3.7,3.7
2024-07-14 22:59:00,CNR5112613390,Success,CID106737,Auto,Majestic,Indiranagar,217.0,30.0,Not Applicable,Not Applicable,No,Not Applicable,413,Cash,17,3.6,4.8
2024-07-04 07:19:00,CNR1803711287,Success,CID760968,Bike,JP Nagar,HSR Layout,84.0,105.0,Not Applicable,Not Applicable,No,Not Applicable,860,UPI,16,4.5,3.8
2024-07-05 20:10:00,CNR7032906230,Canceled by Driver,CID295491,Auto,Sarjapur Road,Hennur,,,Not Applicable,Personal & Car related issue,Not Applicable,Not Applicable,887,Not Applicable,0,,
2024-07-13 13:19:00,CNR6145985465,Success,CID298459,Auto,Varthur,HSR Layout,238.0,130.0,Not Applicable,Not Applicable,No,Not Applicable,375,Cash,9,3.1,3.9
2024-07-18 20:30:00,CNR5391714867,Success,CID582750,Prime Plus,Whitefield,Indiranagar,112.0,80.0,Not Applicable,Not Applicable,No,Not Applicable,477,Credit Card,45,3.3,3.7
2024-07-29 11:36:00,CNR3090598804,Canceled by Customer,CID673751,Auto,Chickpet,Tumkur Road,,,Driver is not moving towards pickup location,Not Applicable,Not Applicable,Not Applicable,365,Not Applicable,0,,
2024-07-03 03:11:00,CNR5793982791,Success,CID627632,Prime Sedan,Chickpet,Hennur,112.0,85.0,Not Applicable,Not Applicable,No,Not Applicable,189,Cash,12,4.9,4.7
2024-07-14 11:05:00,CNR9282445787,Canceled by Customer,CID621932,Prime Sedan,Vijayanagar,Majestic,,,Wrong Address,Not Applicable,Not Applicable,Not Applicable,303,Not Applicable,0,,
2024-07-06 07:20:00,CNR4085745928,Success,CID290098,Mini,Malleshwaram,Malleshwaram,238.0,60.0,Not Applicable,Not Applicable,No,Not Applicable,129,Credit Card,43,3.5,4.7
2024-07-11 15:17:00,CNR8302650437,Success,CID344605,Mini,Mysore Road,Sahakar Nagar,112.0,40.0,Not Applicable,Not Applicable,No,Not Applicable,475,Cash,16,3.2,4.9
2024-07-25 16:08:00,CNR3965775271,Driver Not Found,CID173897,Prime Sedan,Kengeri,Shantinagar,,,Not Applicable,Not Applicable,Not Applicable,Not Applicable,903,Not Applicable,0,,
2024-07-03 20:27:00,CNR9607642575,Success,CID995974,Prime SUV,Banashankari,Hulimavu,119.0,140.0,Not Applicable,Not Applicable,Yes,Customer Demand,101,Cash,6,4.1,3.1
2024-07-14 09:18:00,CNR1363304674,Success,CID962008,Mini,Kammanahalli,Malleshwaram,63.0,55.0,Not Applicable,Not Applicable,No,Not Applicable,251,Cash,6,3.1,3.5
2024-07-30 08:00:00,CNR7238000636,Canceled by Driver,CID187849,Prime Sedan,Sarjapur Road,BTM Layout,,,Not Applicable,Customer related issue,Not Applicable,Not Applicable,282,Not Applicable,0,,
2024-07-23 01:06:00,CNR6339036666,Driver Not Found,CID800574,Mini,Chickpet,Shivajinagar,,,Not Applicable,Not Applicable,Not Applicable,Not Applicable,387,Not Applicable,0,,
2024-07-21 01:42:00,CNR2940798255,Success,CID378322,Prime Plus,Whitefield,Jayanagar,49.0,125.0,Not Applicable,Not Applicable,No,Not Applicable,1674,UPI,26,4.1,3.9
2024-07-02 19:02:00,CNR6477150582,Success,CID158309,Mini,Chickpet,Cox Town,91.0,110.0,Not Applicable,Not Applicable,No,Not Applicable,732,UPI,17,3.2,3.9
2024-07-04 00:54:00,CNR6625508535,Driver Not Found,CID346531,Auto,KR Puram,Basavanagudi,,,Not Applicable,Not Applicable,Not Applicable,Not Applicable,1735,Not Applicable,0,,
2024-07-13 14:06:00,CNR8445141917,Success,CID959232,Prime SUV,Hosur Road,Ulsoor,77.0,95.0,Not Applicable,Not Applicable,No,Not Applicable,110,Cash,22,4.1,3.0
2024-07-01 16:38:00,CNR3292006052,Canceled by Driver,CID923519,Auto,Padmanabhanagar,Marathahalli,,,Not Applicable,Customer related issue,Not Applicable,Not Applicable,195,Not Applicable,0,,
2024-07-29 01:00:00,CNR8827701795,Success,CID746968,Auto,Majestic,Marathahalli,119.0,50.0,Not Applicable,Not Applicable,No,Not Applicable,966,UPI,4,3.0,3.6
2024-07-19 15:02:00,CNR9975583593,Canceled by Driver,CID357534,Auto,MG Road,Padmanabhanagar,,,Not Applicable,Customer was coughing/sick,Not Applicable,Not Applicable,884,Not Applicable,0,,
2024-07-23 20:20:00,CNR3256078124,Success,CID353634,Bike,JP Nagar,Yeshwanthpur,63.0,40.0,Not Applicable,Not Applicable,No,Not Applicable,198,Cash,26,4.6,3.4
2024-07-06 11:26:00,CNR2391673214,Success,CID938399,eBike,JP Nagar,Ramamurthy Nagar,231.0,120.0,Not Applicable,Not Applicable,No,Not Applicable,301,Credit Card,8,3.9,3.3
2024-07-11 17:15:00,CNR5439931562,Success,CID476892,Prime Plus,Electronic City,Sarjapur Road,252.0,55.0,Not Applicable,Not Applicable,No,Not Applicable,1114,UPI,19,3.1,3.2
2024-07-24 11:37:00,CNR3696744485,Success,CID442524,Prime Plus,Hulimavu,Basavanagudi,84.0,85.0,Not Applicable,Not Applicable,No,Not Applicable,176,Cash,2,4.3,4.3
2024-07-27 23:16:00,CNR5636167923,Success,CID788772,Prime SUV,Tumkur Road,RT Nagar,196.0,60.0,Not Applicable,Not Applicable,No,Not Applicable,144,Cash,19,4.2,4.1
2024-07-26 22:13:00,CNR1454299584,Success,CID133866,Prime Sedan,Hebbal,Jayanagar,294.0,105.0,Not Applicable,Not Applicable,Yes,Vehicle Breakdown,164,Cash,31,4.5,4.4
2024-07-24 00:54:00,CNR8296575148,Success,CID336154,Auto,Padmanabhanagar,Kengeri,77.0,110.0,Not Applicable,Not Applicable,No,Not Applicable,137,Cash,10,4.6,4.7
2024-07-28 21:30:00,CNR3023368179,Success,CID336052,eBike,Mysore Road,Magadi Road,112.0,120.0,Not Applicable,Not Applicable,No,Not Applicable,127,UPI,11,3.9,4.8
2024-07-12 01:40:00,CNR8887124902,Canceled by Driver,CID314662,Auto,Yelahanka,Bannerghatta Road,,,Not Applicable,Customer related issue,Not Applicable,Not Applicable,741,Not Applicable,0,,
2024-07-19 23:27:00,CNR3876266307,Canceled by Driver,CID216514,Mini,Frazer Town,Koramangala,,,Not Applicable,Personal & Car related issue,Not Applicable,Not Applicable,470,Not Applicable,0,,
2024-07-10 07:45:00,CNR7810630107,Success,CID436792,Prime Plus,Hennur,Basavanagudi,49.0,120.0,Not Applicable,Not Applicable,No,Not Applicable,481,UPI,26,3.2,3.9
2024-07-12 02:14:00,CNR5788679099,Canceled by Driver,CID835114,Prime Sedan,Nagarbhavi,Chamarajpet,,,Not Applicable,More than permitted people in there,Not Applicable,Not Applicable,298,Not Applicable,0,,
2024-07-30 04:48:00,CNR6692307146,Success,CID625747,Prime Sedan,Shantinagar,MG Road,49.0,90.0,Not Applicable,Not Applicable,No,Not Applicable,159,Cash,14,4.9,4.7
2024-07-08 18:17:00,CNR8804606500,Success,CID123822,Prime Sedan,Hebbal,Hebbal,308.0,140.0,Not Applicable,Not Applicable,No,Not Applicable,429,Cash,47,4.3,4.9
2024-07-13 16:10:00,CNR4731367532,Success,CID513590,eBike,Yelahanka,MG Road,35.0,115.0,Not Applicable,Not Applicable,No,Not Applicable,916,Credit Card,39,4.4,4.9
2024-07-09 10:19:00,CNR4910734023,Driver Not Found,CID592977,Mini,Sarjapur Road,Banashankari,,,Not Applicable,Not Applicable,Not Applicable,Not Applicable,432,Not Applicable,0,,
2024-07-22 08:07:00,CNR8473066024,Canceled by Driver,CID905003,Prime Plus,Hebbal,Electronic City,,,Not Applicable,Customer related issue,Not Applicable,Not Applicable,859,Not Applicable,0,,
2024-07-21 06:01:00,CNR1622533278,Canceled by Driver,CID640241,Bike,Majestic,Nagarbhavi,,,Not Applicable,Customer related issue,Not Applicable,Not Applicable,207,Not Applicable,0,,
2024-07-23 10:06:00,CNR5616893795,Driver Not Found,CID311793,Prime Plus,Cox Town,Cox Town,,,Not Applicable,Not Applicable,Not Applicable,Not Applicable,168,Not Applicable,0,,
2024-07-07 23:09:00,CNR4526387627,Success,CID769093,Mini,Hennur,Chamarajpet,182.0,25.0,Not Applicable,Not Applicable,No,Not Applicable,337,UPI,14,4.2,3.8
2024-07-01 18:11:00,CNR2785220734,Success,CID768530,Prime Plus,Malleshwaram,Nagarbhavi,224.0,140.0,Not Applicable,Not Applicable,No,Not Applicable,421,Cash,41,3.5,3.5
2024-07-30 20:54:00,CNR5370435224,Success,CID707218,Prime Sedan,Cox Town,Whitefield,224.0,35.0,Not Applicable,Not Applicable,No,Not Applicable,228,Cash,39,4.6,3.6
2024-07-06 22:27:00,CNR5816772513,Success,CID423000,Prime Sedan,Tumkur Road,Hosur Road,147.0,95.0,Not Applicable,Not Applicable,No,Not Applicable,188,Cash,33,4.1,4.0
2024-07-07 12:41:00,CNR5782352955,Success,CID439787,Prime Sedan,Ulsoor,Jayanagar,273.0,65.0,Not Applicable,Not Applicable,Yes,Customer Demand,645,Credit Card,7,3.3,4.3
2024-07-02 05:48:00,CNR2829487504,Canceled by Driver,CID881431,Bike,Padmanabhanagar,Sarjapur Road,,,Not Applicable,Customer was coughing/sick,Not Applicable,Not Applicable,190,Not Applicable,0,,
2024-07-27 01:28:00,CNR5483718696,Canceled by Driver,CID254322,Prime SUV,Yeshwanthpur,Richmond Town,,,Not Applicable,Customer related issue,Not Applicable,Not Applicable,2232,Not Applicable,0,,
2024-07-12 09:27:00,CNR1824470053,Canceled by Customer,CID654566,Auto,Kengeri,Peenya,,,Driver is not moving towards pickup location,Not Applicable,Not Applicable,Not Applicable,452,Not Applicable,0,,
2024-07-14 15:30:00,CNR5619609331,Canceled by Customer,CID431524,Prime Sedan,Nagarbhavi,Kadugodi,,,Driver is not moving towards pickup location,Not Applicable,Not Applicable,Not Applicable,510,Not Applicable,0,,
2024-07-11 18:53:00,CNR4067368997,Success,CID279421,Auto,Bannerghatta Road,Tumkur Road,42.0,100.0,Not Applicable,Not Applicable,No,Not Applicable,244,Cash,13,3.4,3.6
2024-07-16 04:51:00,CNR4656696991,Success,CID230167,eBike,Jayanagar,RT Nagar,91.0,100.0,Not Applicable,Not Applicable,No,Not Applicable,218,Cash,15,4.8,3.6
2024-07-20 06:40:00,CNR7404491669,Canceled by Customer,CID477084,Mini,Langford Town,Kengeri,,,Driver is not moving towards pickup location,Not Applicable,Not Applicable,Not Applicable,541,Not Applicable,0,,
2024-07-07 13:17:00,CNR5589968456,Driver Not Found,CID687621,Bike,Chickpet,Sahakar Nagar,,,Not Applicable,Not Applicable,Not Applicable,Not Applicable,784,Not Applicable,0,,
2024-07-07 08:31:00,CNR1199408757,Success,CID280134,Mini,Kammanahalli,Sarjapur Road,287.0,30.0,Not Applicable,Not Applicable,No,Not Applicable,753,Cash,44,4.5,3.3
2024-07-15 15:02:00,CNR4722989957,Success,CID706246,eBike,Mysore Road,Hennur,84.0,40.0,Not Applicable,Not Applicable,No,Not Applicable,398,UPI,25,4.4,3.6
2024-07-30 16:42:00,CNR3048905657,Canceled by Driver,CID911707,Bike,Kadugodi,Hebbal,,,Not Applicable,Personal & Car related issue,Not Applicable,Not Applicable,209,Not Applicable,0,,
2024-07-28 17:55:00,CNR7278218444,Success,CID575953,Prime Plus,Richmond Town,Yelahanka,203.0,95.0,Not Applicable,Not Applicable,Yes,Customer Demand,697,Cash,8,4.9,3.8
2024-07-11 11:26:00,CNR6420494133,Success,CID847512,Mini,JP Nagar,HSR Layout,224.0,30.0,Not Applicable,Not Applicable,No,Not Applicable,453,Cash,38,4.1,5.0
2024-07-22 22:15:00,CNR4731428757,Success,CID680570,Prime Plus,Electronic City,Nagarbhavi,105.0,110.0,Not Applicable,Not Applicable,No,Not Applicable,862,Cash,38,4.1,4.8
2024-07-14 11:19:00,CNR3511462820,Success,CID312525,eBike,Hennur,Sahakar Nagar,224.0,110.0,Not Applicable,Not Applicable,No,Not Applicable,654,UPI,8,4.9,3.1
2024-07-25 11:44:00,CNR8077897447,Success,CID851430,Mini,Kadugodi,Basavanagudi,210.0,70.0,Not Applicable,Not Applicable,No,Not Applicable,2881,Cash,15,3.8,4.6
2024-07-30 09:25:00,CNR9014541418,Canceled by Driver,CID338927,eBike,MG Road,Tumkur Road,,,Not Applicable,More than permitted people in there,Not Applicable,Not Applicable,110,Not Applicable,0,,
2024-07-01 22:36:00,CNR2124657972,Success,CID893815,Prime Sedan,Malleshwaram,Nagarbhavi,56.0,115.0,Not Applicable,Not Applicable,No,Not Applicable,776,UPI,44,3.4,4.1
2024-07-14 03:24:00,CNR7717189334,Success,CID334588,eBike,Indiranagar,Basavanagudi,42.0,140.0,Not Applicable,Not Applicable,No,Not Applicable,519,Cash,5,3.0,4.7
2024-07-10 08:27:00,CNR8823802019,Driver Not Found,CID118320,Prime Plus,Sahakar Nagar,Malleshwaram,,,Not Applicable,Not Applicable,Not Applicable,Not Applicable,2823,Not Applicable,0,,
2024-07-09 01:30:00,CNR6259969253,Driver Not Found,CID772717,Auto,Langford Town,Shivajinagar,,,Not Applicable,Not Applicable,Not Applicable,Not Applicable,835,Not Applicable,0,,
2024-07-05 19:28:00,CNR7210038627,Success,CID242296,Prime Plus,Basavanagudi,Mysore Road,231.0,105.0,Not Applicable,Not Applicable,No,Not Applicable,207,Cash,31,3.2,3.5
2024-07-07 01:31:00,CNR3036569617,Success,CID305513,Bike,Sarjapur Road,Shivajinagar,56.0,70.0,Not Applicable,Not Applicable,No,Not Applicable,158,Cash,18,3.7,3.5
2024-07-18 10:09:00,CNR5823081223,Success,CID471757,Auto,Kengeri,Whitefield,203.0,130.0,Not Applicable,Not Applicable,No,Not Applicable,169,Cash,18,3.8,3.7
2024-07-19 10:26:00,CNR4266488121,Driver Not Found,CID486987,Prime SUV,Peenya,Marathahalli,,,Not Applicable,Not Applicable,Not Applicable,Not Applicable,121,Not Applicable,0,,
2024-07-17 12:01:00,CNR8705036157,Success,CID541263,Prime Sedan,Basavanagudi,Kadugodi,70.0,35.0,Not Applicable,Not Applicable,No,Not Applicable,643,UPI,26,4.3,3.1
2024-07-02 09:00:00,CNR2483656338,Canceled by Driver,CID314097,Prime Sedan,Rajajinagar,Shivajinagar,,,Not Applicable,Customer was coughing/sick,Not Applicable,Not Applicable,2770,Not Applicable,0,,
2024-07-05 00:54:00,CNR7266589559,Driver Not Found,CID819469,Prime Plus,HSR Layout,Shivajinagar,,,Not Applicable,Not Applicable,Not Applicable,Not Applicable,291,Not Applicable,0,,
2024-07-26 12:10:00,CNR7575908885,Success,CID779072,eBike,Ramamurthy Nagar,Electronic City,280.0,115.0,Not Applicable,Not Applicable,No,Not Applicable,230,UPI,47,4.7,3.7
2024-07-26 17:43:00,CNR3438487551,Canceled by Customer,CID797670,Mini,Bannerghatta Road,Padmanabhanagar,,,Driver is not moving towards pickup location,Not Applicable,Not Applicable,Not Applicable,346,Not Applicable,0,,
2024-07-19 02:24:00,CNR7195407403,Success,CID835563,Prime SUV,Electronic City,Shivajinagar,280.0,125.0,Not Applicable,Not Applicable,No,Not Applicable,263,UPI,43,3.9,3.9
2024-07-15 15:11:00,CNR2665876442,Success,CID925219,Bike,Langford Town,Electronic City,112.0,125.0,Not Applicable,Not Applicable,No,Not Applicable,411,UPI,24,4.1,3.7
2024-07-25 19:45:00,CNR9258715322,Canceled by Driver,CID401460,Mini,Sarjapur Road,Jayanagar,,,Not Applicable,Customer related issue,Not Applicable,Not Applicable,404,Not Applicable,0,,
2024-07-06 14:44:00,CNR1505802523,Success,CID792197,Mini,KR Puram,Cox Town,49.0,130.0,Not Applicable,Not Applicable,No,Not Applicable,447,UPI,45,4.6,4.7
2024-07-03 23:37:00,CNR5720035511,Driver Not Found,CID789642,Auto,Banashankari,KR Puram,,,Not Applicable,Not Applicable,Not Applicable,Not Applicable,102,Not Applicable,0,,
2024-07-05 03:04:00,CNR7418996933,Success,CID661658,Mini,Shantinagar,Kammanahalli,168.0,60.0,Not Applicable,Not Applicable,No,Not Applicable,248,UPI,48,3.3,3.7
2024-07-22 08:57:00,CNR9081432778,Canceled by Customer,CID961723,Bike,Kadugodi,Basavanagudi,,,AC is Not working,Not Applicable,Not Applicable,Not Applicable,121,Not Applicable,0,,
2024-07-14 04:19:00,CNR1904958025,Success,CID492517,Prime SUV,BTM Layout,BTM Layout,112.0,105.0,Not Applicable,Not Applicable,No,Not Applicable,148,UPI,3,4.2,3.1
2024-07-21 09:41:00,CNR2249784226,Canceled by Customer,CID979729,Mini,Sarjapur Road,Cox Town,,,Change of plans,Not Applicable,Not Applicable,Not Applicable,888,Not Applicable,0,,
2024-07-24 09:49:00,CNR4654418382,Success,CID400781,Mini,MG Road,Bellandur,252.0,105.0,Not Applicable,Not Applicable,No,Not Applicable,145,Cash,43,3.0,4.1
2024-07-02 21:22:00,CNR3511318931,Success,CID676117,Prime SUV,Langford Town,Electronic City,91.0,30.0,Not Applicable,Not Applicable,Yes,Customer Demand,418,Cash,20,4.9,3.8
2024-07-04 23:46:00,CNR7877734105,Success,CID440988,Bike,Basavanagudi,Electronic City,245.0,75.0,Not Applicable,Not Applicable,No,Not Applicable,793,UPI,15,4.2,4.4
2024-07-01 22:21:00,CNR2101004238,Success,CID378526,Prime Sedan,Kadugodi,Jayanagar,189.0,65.0,Not Applicable,Not Applicable,No,Not Applicable,819,Cash,20,4.4,3.0
2024-07-28 20:27:00,CNR2932049551,Canceled by Driver,CID207366,eBike,Yeshwanthpur,Langford Town,,,Not Applicable,More than permitted people in there,Not Applicable,Not Applicable,896,Not Applicable,0,,
2024-07-04 15:48:00,CNR2955789410,Success,CID196290,Auto,Shivajinagar,Nagarbhavi,63.0,105.0,Not Applicable,Not Applicable,No,Not Applicable,283,Cash,16,3.6,3.6
2024-07-11 08:44:00,CNR1962065432,Success,CID745954,Bike,Rajarajeshwari Nagar,Richmond Town,56.0,80.0,Not Applicable,Not Applicable,No,Not Applicable,2695,Cash,7,3.6,4.2
2024-07-12 05:36:00,CNR2205531097,Driver Not Found,CID966180,Prime Plus,Hennur,Kengeri,,,Not Applicable,Not Applicable,Not Applicable,Not Applicable,464,Not Applicable,0,,
2024-07-26 09:01:00,CNR5909046488,Canceled by Driver,CID539542,eBike,Rajajinagar,Chamarajpet,,,Not Applicable,Personal & Car related issue,Not Applicable,Not Applicable,182,Not Applicable,0,,
2024-07-13 04:15:00,CNR5219034113,Success,CID997447,Prime SUV,Richmond Town,Ulsoor,147.0,140.0,Not Applicable,Not Applicable,No,Not Applicable,2786,Cash,34,4.4,3.2
2024-07-14 05:59:00,CNR5845817958,Success,CID625515,Prime SUV,HSR Layout,Cox Town,266.0,75.0,Not Applicable,Not Applicable,Yes,Vehicle Breakdown,450,UPI,28,5.0,3.9
2024-07-19 14:54:00,CNR7263276165,Success,CID290034,Prime Plus,Shivajinagar,JP Nagar,245.0,110.0,Not Applicable,Not Applicable,No,Not Applicable,810,Cash,42,3.6,3.5
2024-07-30 04:59:00,CNR4417113094,Success,CID941067,Prime SUV,Yeshwanthpur,Padmanabhanagar,63.0,40.0,Not Applicable,Not Applicable,No,Not Applicable,972,Cash,24,3.5,4.1
2024-07-08 06:27:00,CNR3258490856,Success,CID884131,Bike,Koramangala,Ulsoor,182.0,70.0,Not Applicable,Not Applicable,No,Not Applicable,2858,UPI,40,4.5,3.5
2024-07-26 11:01:00,CNR8908530784,Canceled by Customer,CID321408,Auto,Devanahalli,Hosur Road,,,Driver is not moving towards pickup location,Not Applicable,Not Applicable,Not Applicable,171,Not Applicable,0,,
2024-07-07 14:13:00,CNR3014705331,Success,CID677889,Prime Sedan,Hosur Road,Rajarajeshwari Nagar,112.0,30.0,Not Applicable,Not Applicable,No,Not Applicable,120,Cash,12,3.3,3.9
2024-07-28 19:27:00,CNR6034120722,Success,CID634855,Bike,Indiranagar,Koramangala,308.0,50.0,Not Applicable,Not Applicable,No,Not Applicable,628,Cash,14,5.0,4.9
2024-07-08 18:23:00,CNR6422728465,Success,CID651243,Prime Plus,Hosur Road,Chickpet,147.0,45.0,Not Applicable,Not Applicable,No,Not Applicable,199,Cash,23,4.1,4.1
2024-07-10 05:59:00,CNR3800000281,Success,CID647344,Bike,Kammanahalli,Indiranagar,175.0,90.0,Not Applicable,Not Applicable,No,Not Applicable,449,UPI,14,4.9,3.3
2024-07-03 10:25:00,CNR9049773722,Success,CID275063,Auto,Koramangala,Shantinagar,91.0,130.0,Not Applicable,Not Applicable,No,Not Applicable,148,Cash,17,3.2,4.6
2024-07-13 09:25:00,CNR3212056731,Success,CID245661,Prime SUV,Kammanahalli,RT Nagar,196.0,60.0,Not Applicable,Not Applicable,No,Not Applicable,365,UPI,17,4.5,4.1
2024-07-16 01:53:00,CNR1203977365,Success,CID111430,Auto,Shantinagar,HSR Layout,112.0,55.0,Not Applicable,Not Applicable,No,Not Applicable,334,UPI,15,4.4,3.8
2024-07-15 09:48:00,CNR2064814951,Success,CID671833,Prime SUV,HSR Layout,Kadugodi,189.0,80.0,Not Applicable,Not Applicable,No,Not Applicable,505,Cash,14,3.4,3.0
2024-07-01 12:57:00,CNR7458283363,Success,CID384881,Prime Sedan,Devanahalli,Rajarajeshwari Nagar,273.0,105.0,Not Applicable,Not Applicable,No,Not Applicable,788,UPI,4,3.5,3.9
2024-07-28 08:46:00,CNR2387060503,Canceled by Customer,CID918307,eBike,Padmanabhanagar,Ramamurthy Nagar,,,Change of plans,Not Applicable,Not Applicable,Not Applicable,208,Not Applicable,0,,
2024-07-11 05:45:00,CNR9375532770,Success,CID740319,Prime SUV,Padmanabhanagar,Tumkur Road,140.0,75.0,Not Applicable,Not Applicable,No,Not Applicable,2513,UPI,16,3.6,3.9
2024-07-29 13:26:00,CNR9395939906,Canceled by Customer,CID976550,eBike,Bellandur,Magadi Road,,,Driver asked to cancel,Not Applicable,Not Applicable,Not Applicable,261,Not Applicable,0,,
2024-07-05 16:10:00,CNR2915655695,Canceled by Customer,CID441396,Prime Sedan,RT Nagar,Electronic City,,,Driver asked to cancel,Not Applicable,Not Applicable,Not Applicable,477,Not Applicable,0,,
2024-07-15 16:37:00,CNR4579308866,Success,CID940408,Prime SUV,Malleshwaram,Whitefield,259.0,40.0,Not Applicable,Not Applicable,No,Not Applicable,2320,Cash,45,3.0,3.4
2024-07-05 11:20:00,CNR4736259569,Canceled by Driver,CID107478,eBike,Hebbal,Hennur,,,Not Applicable,Personal & Car related issue,Not Applicable,Not Applicable,361,Not Applicable,0,,
2024-07-12 02:59:00,CNR2809366487,Success,CID654376,eBike,HSR Layout,Ulsoor,161.0,40.0,Not Applicable,Not Applicable,No,Not Applicable,558,Cash,7,3.3,3.8
2024-07-04 09:49:00,CNR4954911223,Driver Not Found,CID621942,Auto,Banashankari,Sahakar Nagar,,,Not Applicable,Not Applicable,Not Applicable,Not Applicable,709,Not Applicable,0,,
2024-07-13 00:19:00,CNR3954227358,Success,CID900089,Bike,Whitefield,Kammanahalli,175.0,85.0,Not Applicable,Not Applicable,No,Not Applicable,851,Cash,25,4.4,3.2
2024-07-12 00:21:00,CNR4509231579,Success,CID339504,eBike,Sarjapur Road,MG Road,168.0,55.0,Not Applicable,Not Applicable,No,Not Applicable,625,UPI,5,5.0,3.5
2024-07-04 09:13:00,CNR8263026344,Success,CID957752,Auto,Kadugodi,Varthur,63.0,40.0,Not Applicable,Not Applicable,No,Not Applicable,449,Cash,17,4.5,3.3
2024-07-27 23:08:00,CNR8001069562,Success,CID326682,Auto,Chamarajpet,Shivajinagar,182.0,40.0,Not Applicable,Not Applicable,No,Not Applicable,910,Debit Card,4,4.5,4.0
2024-07-01 09:35:00,CNR8343854547,Success,CID937717,Mini,Marathahalli,Yelahanka,231.0,80.0,Not Applicable,Not Applicable,No,Not Applicable,678,UPI,15,4.3,3.9
2024-07-09 21:36:00,CNR7497093713,Success,CID657589,Auto,Kammanahalli,Nagarbhavi,238.0,85.0,Not Applicable,Not Applicable,No,Not Applicable,486,UPI,2,4.7,3.9
2024-07-14 04:02:00,CNR9007780609,Success,CID850098,Prime Sedan,Padmanabhanagar,Electronic City,133.0,105.0,Not Applicable,Not Applicable,No,Not Applicable,217,Cash,39,4.4,3.8
2024-07-05 09:32:00,CNR7436928331,Success,CID945716,Prime Sedan,Kengeri,Bellandur,189.0,120.0,Not Applicable,Not Applicable,No,Not Applicable,449,Cash,33,3.5,4.6
2024-07-19 03:11:00,CNR3504288033,Success,CID795029,Prime SUV,Shantinagar,Marathahalli,77.0,25.0,Not Applicable,Not Applicable,No,Not Applicable,791,UPI,24,3.3,3.2
2024-07-27 19:41:00,CNR5961896586,Success,CID540794,Prime Sedan,Jayanagar,RT Nagar,182.0,70.0,Not Applicable,Not Applicable,Yes,Vehicle Breakdown,218,UPI,20,4.2,3.4
2024-07-20 13:03:00,CNR8064101895,Canceled by Customer,CID795152,eBike,KR Puram,Whitefield,,,AC is Not working,Not Applicable,Not Applicable,Not Applicable,787,Not Applicable,0,,
2024-07-28 15:06:00,CNR1989807986,Success,CID255752,Prime Sedan,Vijayanagar,Rajarajeshwari Nagar,84.0,70.0,Not Applicable,Not Applicable,Yes,Customer Demand,173,Cash,47,3.1,4.4
2024-07-02 14:09:00,CNR7920486936,Success,CID517876,Bike,Langford Town,Kammanahalli,154.0,145.0,Not Applicable,Not Applicable,No,Not Applicable,245,Cash,5,3.9,3.9
2024-07-26 10:05:00,CNR6584124602,Success,CID216885,Mini,Banashankari,Shantinagar,210.0,45.0,Not Applicable,Not Applicable,No,Not Applicable,820,UPI,26,4.0,4.5
2024-07-25 07:04:00,CNR6097847361,Canceled by Customer,CID570068,Prime Sedan,Bannerghatta Road,Sarjapur Road,,,Driver is not moving towards pickup location,Not Applicable,Not Applicable,Not Applicable,696,Not Applicable,0,,
2024-07-30 07:01:00,CNR7374130406,Success,CID461808,Prime Sedan,Ramamurthy Nagar,Peenya,252.0,85.0,Not Applicable,Not Applicable,No,Not Applicable,271,UPI,25,3.2,4.9
2024-07-19 15:33:00,CNR6934890813,Canceled by Driver,CID325428,eBike,Bellandur,Chickpet,,,Not Applicable,Customer was coughing/sick,Not Applicable,Not Applicable,941,Not Applicable,0,,
2024-07-24 08:24:00,CNR6372880146,Success,CID357213,Prime SUV,Banashankari,Banashankari,119.0,115.0,Not Applicable,Not Applicable,No,Not Applicable,304,Cash,43,3.7,3.7
2024-07-27 17:14:00,CNR7227868326,Success,CID613650,Auto,Langford Town,Jayanagar,287.0,25.0,Not Applicable,Not Applicable,No,Not Applicable,130,UPI,9,3.4,4.7
2024-07-01 13:57:00,CNR2186027573,Success,CID154006,eBike,KR Puram,Mysore Road,273.0,30.0,Not Applicable,Not Applicable,No,Not Applicable,417,Cash,20,3.9,3.7
2024-07-14 21:37:00,CNR2158765626,Success,CID131241,Mini,Magadi Road,Marathahalli,245.0,40.0,Not Applicable,Not Applicable,No,Not Applicable,211,Cash,18,4.4,3.0
2024-07-06 02:12:00,CNR9682919880,Success,CID936993,Bike,Langford Town,Electronic City,175.0,40.0,Not Applicable,Not Applicable,No,Not Applicable,241,UPI,25,4.9,4.7
2024-07-07 19:27:00,CNR1939419237,Success,CID769149,Prime SUV,Sahakar Nagar,Yelahanka,203.0,115.0,Not Applicable,Not Applicable,No,Not Applicable,210,UPI,46,4.9,4.9
2024-07-13 04:41:00,CNR6315000178,Canceled by Customer,CID245835,Bike,Kadugodi,Padmanabhanagar,,,Wrong Address,Not Applicable,Not Applicable,Not Applicable,365,Not Applicable,0,,
2024-07-17 21:48:00,CNR5004996252,Canceled by Driver,CID409709,Prime Sedan,Vijayanagar,Electronic City,,,Not Applicable,More than permitted people in there,Not Applicable,Not Applicable,124,Not Applicable,0,,
2024-07-21 08:03:00,CNR9115422212,Canceled by Customer,CID934177,Prime SUV,RT Nagar,Cox Town,,,Change of plans,Not Applicable,Not Applicable,Not Applicable,320,Not Applicable,0,,
2024-07-29 02:31:00,CNR8916563587,Success,CID678999,Prime SUV,Varthur,Chamarajpet,245.0,135.0,Not Applicable,Not Applicable,No,Not Applicable,330,Cash,21,4.8,4.8
2024-07-16 04:45:00,CNR3098197783,Success,CID547579,Prime Plus,Langford Town,JP Nagar,119.0,75.0,Not Applicable,Not Applicable,No,Not Applicable,470,Cash,29,4.3,4.8
2024-07-02 18:37:00,CNR3792297032,Success,CID738953,Mini,JP Nagar,Mysore Road,56.0,135.0,Not Applicable,Not Applicable,No,Not Applicable,948,UPI,19,3.3,4.4
2024-07-24 21:45:00,CNR9706457260,Success,CID805890,Prime Plus,Banashankari,Kammanahalli,238.0,125.0,Not Applicable,Not Applicable,No,Not Applicable,147,Cash,44,3.2,4.6
2024-07-15 08:31:00,CNR9288472254,Success,CID509479,Auto,Sahakar Nagar,Majestic,280.0,135.0,Not Applicable,Not Applicable,No,Not Applicable,374,Cash,19,4.5,4.5
2024-07-23 12:14:00,CNR6699047498,Success,CID540301,Bike,Jayanagar,Rajajinagar,154.0,40.0,Not Applicable,Not Applicable,No,Not Applicable,204,Cash,1,3.6,4.9
2024-07-02 00:10:00,CNR4063963451,Driver Not Found,CID201528,Auto,Shantinagar,Banashankari,,,Not Applicable,Not Applicable,Not Applicable,Not Applicable,447,Not Applicable,0,,
2024-07-21 10:09:00,CNR4625516658,Success,CID286683,Mini,Hennur,Whitefield,105.0,25.0,Not Applicable,Not Applicable,No,Not Applicable,477,UPI,45,3.8,3.6
2024-07-18 16:32:00,CNR4673312043,Success,CID644649,Prime Plus,Ramamurthy Nagar,RT Nagar,126.0,60.0,Not Applicable,Not Applicable,No,Not Applicable,2054,UPI,11,4.3,3.8
2024-07-26 10:24:00,CNR1849959009,Success,CID122595,Auto,Langford Town,Whitefield,98.0,40.0,Not Applicable,Not Applicable,No,Not Applicable,622,Cash,5,4.3,3.5
2024-07-01 00:34:00,CNR1228127232,Canceled by Driver,CID217933,Mini,Hennur,Kengeri,,,Not Applicable,Customer was coughing/sick,Not Applicable,Not Applicable,432,Not Applicable,0,,
2024-07-12 23:12:00,CNR3908911339,Success,CID854235,Prime Plus,JP Nagar,Jayanagar,91.0,105.0,Not Applicable,Not Applicable,Yes,Other Issue,151,Cash,43,3.9,3.6
2024-07-21 13:45:00,CNR6775755706,Canceled by Driver,CID345629,Prime Plus,Padmanabhanagar,Sarjapur Road,,,Not Applicable,Customer related issue,Not Applicable,Not Applicable,405,Not Applicable,0,,
2024-07-30 09:45:00,CNR5094388362,Success,CID127634,Prime Plus,Mysore Road,Shantinagar,252.0,75.0,Not Applicable,Not Applicable,No,Not Applicable,298,UPI,19,3.3,4.5
2024-07-13 19:07:00,CNR7563127998,Success,CID862749,Bike,Whitefield,Electronic City,301.0,140.0,Not Applicable,Not Applicable,No,Not Applicable,422,Cash,40,4.9,4.5
2024-07-27 02:13:00,CNR9853618709,Success,CID291183,Prime Sedan,Peenya,Padmanabhanagar,49.0,70.0,Not Applicable,Not Applicable,No,Not Applicable,267,Cash,36,4.4,4.6
2024-07-25 11:32:00,CNR7267710183,Canceled by Driver,CID300735,Prime Plus,Basavanagudi,Majestic,,,Not Applicable,Customer was coughing/sick,Not Applicable,Not Applicable,607,Not Applicable,0,,
2024-07-09 00:03:00,CNR7090385762,Success,CID607433,Prime SUV,Majestic,MG Road,98.0,85.0,Not Applicable,Not Applicable,No,Not Applicable,269,UPI,34,3.1,4.6
2024-07-17 07:38:00,CNR2324873139,Driver Not Found,CID201804,Mini,Tumkur Road,Chamarajpet,,,Not Applicable,Not Applicable,Not Applicable,Not Applicable,435,Not Applicable,0,,
2024-07-27 06:58:00,CNR2198523676,Success,CID757204,Prime Sedan,Mysore Road,HSR Layout,112.0,85.0,Not Applicable,Not Applicable,No,Not Applicable,440,Cash,26,4.1,4.8
2024-07-17 04:30:00,CNR7579253578,Success,CID772179,Prime Sedan,Sahakar Nagar,Tumkur Road,266.0,105.0,Not Applicable,Not Applicable,No,Not Applicable,211,UPI,44,3.7,3.2
2024-07-08 23:08:00,CNR7474425962,Driver Not Found,CID824622,eBike,KR Puram,Sarjapur Road,,,Not Applicable,Not Applicable,Not Applicable,Not Applicable,1709,Not Applicable,0,,
2024-07-15 13:51:00,CNR1605512451,Success,CID868618,Mini,Malleshwaram,Bannerghatta Road,133.0,95.0,Not Applicable,Not Applicable,No,Not Applicable,484,Cash,14,4.4,4.0
2024-07-03 11:16:00,CNR3940968470,Canceled by Customer,CID950997,Prime SUV,Nagarbhavi,Langford Town,,,Driver is not moving towards pickup location,Not Applicable,Not Applicable,Not Applicable,327,Not Applicable,0,,
2024-07-03 16:00:00,CNR6937032007,Success,CID360722,Prime Sedan,Shivajinagar,Whitefield,175.0,115.0,Not Applicable,Not Applicable,No,Not Applicable,356,Cash,35,3.0,4.0
2024-07-05 01:13:00,CNR7625365312,Canceled by Driver,CID886839,Auto,Jayanagar,Magadi Road,,,Not Applicable,Customer related issue,Not Applicable,Not Applicable,310,Not Applicable,0,,
2024-07-01 20:24:00,CNR3539560979,Driver Not Found,CID393936,Auto,Kengeri,Hulimavu,,,Not Applicable,Not Applicable,Not Applicable,Not Applicable,296,Not Applicable,0,,
2024-07-10 19:56:00,CNR1357976516,Driver Not Found,CID391371,eBike,Majestic,Hosur Road,,,Not Applicable,Not Applicable,Not Applicable,Not Applicable,935,Not Applicable,0,,
2024-07-13 16:17:00,CNR6025922132,Canceled by Driver,CID180607,Auto,Marathahalli,Marathahalli,,,Not Applicable,More than permitted people in there,Not Applicable,Not Applicable,278,Not Applicable,0,,
2024-07-04 08:41:00,CNR5308762598,Driver Not Found,CID105923,Auto,Kengeri,BTM Layout,,,Not Applicable,Not Applicable,Not Applicable,Not Applicable,1088,Not Applicable,0,,
2024-07-21 05:13:00,CNR3973027337,Success,CID217796,Auto,MG Road,Basavanagudi,35.0,140.0,Not Applicable,Not Applicable,No,Not Applicable,252,Cash,4,3.3,4.6
2024-07-07 04:55:00,CNR9741643333,Success,CID525214,Auto,Ramamurthy Nagar,Frazer Town,42.0,70.0,Not Applicable,Not Applicable,No,Not Applicable,338,Cash,8,4.1,4.0
2024-07-11 22:22:00,CNR4546945443,Canceled by Customer,CID978762,Prime Sedan,MG Road,Mysore Road,,,Driver is not moving towards pickup location,Not Applicable,Not Applicable,Not Applicable,742,Not Applicable,0,,
2024-07-22 16:42:00,CNR3802559426,Success,CID268785,Bike,Nagarbhavi,Padmanabhanagar,175.0,95.0,Not Applicable,Not Applicable,No,Not Applicable,443,UPI,43,3.6,4.0
2024-07-22 23:21:00,CNR4655406318,Success,CID835370,Prime SUV,Hennur,Rajajinagar,91.0,80.0,Not Applicable,Not Applicable,No,Not Applicable,794,UPI,38,4.8,3.2
2024-07-30 03:01:00,CNR4028139583,Success,CID107392,eBike,Cox Town,Vijayanagar,259.0,95.0,Not Applicable,Not Applicable,No,Not Applicable,566,Cash,46,4.5,4.4
2024-07-22 04:16:00,CNR4346260145,Canceled by Driver,CID865203,Prime Plus,Rajajinagar,Ulsoor,,,Not Applicable,Customer related issue,Not Applicable,Not Applicable,225,Not Applicable,0,,
2024-07-16 22:22:00,CNR4330257542,Success,CID478724,eBike,MG Road,Hulimavu,42.0,95.0,Not Applicable,Not Applicable,No,Not Applicable,694,UPI,19,4.0,3.8
2024-07-12 01:15:00,CNR6215366780,Success,CID223549,Mini,Yeshwanthpur,Langford Town,49.0,90.0,Not Applicable,Not Applicable,No,Not Applicable,133,Cash,24,3.8,4.8
2024-07-01 02:13:00,CNR8762415167,Success,CID869813,Prime SUV,Marathahalli,BTM Layout,84.0,105.0,Not Applicable,Not Applicable,No,Not Applicable,378,UPI,27,4.0,4.4
2024-07-26 04:05:00,CNR6745752684,Success,CID384571,eBike,Bellandur,Yeshwanthpur,42.0,40.0,Not Applicable,Not Applicable,No,Not Applicable,200,UPI,25,3.3,3.1
2024-07-07 17:40:00,CNR6501374728,Success,CID654740,eBike,Majestic,JP Nagar,224.0,120.0,Not Applicable,Not Applicable,No,Not Applicable,249,Cash,26,4.6,4.5
2024-07-23 11:01:00,CNR2772322543,Success,CID447750,Auto,Marathahalli,MG Road,203.0,80.0,Not Applicable,Not Applicable,No,Not Applicable,818,Cash,2,3.6,4.4
2024-07-12 05:36:00,CNR1053667534,Success,CID402348,Bike,Frazer Town,Cox Town,105.0,30.0,Not Applicable,Not Applicable,No,Not Applicable,2753,UPI,9,4.6,3.3
2024-07-21 09:29:00,CNR4041332708,Success,CID977446,eBike,Whitefield,Nagarbhavi,161.0,120.0,Not Applicable,Not Applicable,No,Not Applicable,246,UPI,45,4.3,4.6
2024-07-23 05:45:00,CNR1671156919,Success,CID881815,Auto,Marathahalli,Electronic City,210.0,125.0,Not Applicable,Not Applicable,No,Not Applicable,148,UPI,16,4.0,4.6
2024-07-22 21:52:00,CNR1621877335,Canceled by Driver,CID646605,Prime SUV,Richmond Town,Frazer Town,,,Not Applicable,Customer was coughing/sick,Not Applicable,Not Applicable,302,Not Applicable,0,,
2024-07-08 13:53:00,CNR5970734380,Canceled by Driver,CID590701,Mini,Shivajinagar,Tumkur Road,,,Not Applicable,Personal & Car related issue,Not Applicable,Not Applicable,483,Not Applicable,0,,
2024-07-29 14:53:00,CNR9376736786,Success,CID529495,eBike,Frazer Town,Shivajinagar,287.0,55.0,Not Applicable,Not Applicable,No,Not Applicable,386,UPI,23,3.9,4.9
2024-07-12 18:00:00,CNR5162308830,Success,CID996316,Prime SUV,Shivajinagar,Majestic,308.0,70.0,Not Applicable,Not Applicable,No,Not Applicable,1635,Cash,45,4.9,3.9
2024-07-09 08:19:00,CNR6101768207,Success,CID309171,Prime Sedan,Hennur,Yeshwanthpur,98.0,55.0,Not Applicable,Not Applicable,No,Not Applicable,1158,Cash,6,4.4,3.8
2024-07-04 14:01:00,CNR1213983300,Success,CID439766,Prime SUV,Marathahalli,Sarjapur Road,245.0,65.0,Not Applicable,Not Applicable,No,Not Applicable,247,UPI,10,4.4,3.1
2024-07-13 14:03:00,CNR4563249516,Success,CID847071,eBike,Whitefield,Magadi Road,308.0,40.0,Not Applicable,Not Applicable,No,Not Applicable,488,Debit Card,6,4.4,4.0
2024-07-18 10:28:00,CNR9478006826,Success,CID189973,Bike,JP Nagar,KR Puram,189.0,105.0,Not Applicable,Not Applicable,Yes,Other Issue,426,UPI,12,3.9,4.4
2024-07-25 02:04:00,CNR3888079493,Success,CID415786,eBike,Langford Town,Frazer Town,147.0,140.0,Not Applicable,Not Applicable,No,Not Applicable,2501,Cash,21,4.2,4.9
2024-07-16 08:09:00,CNR1903980786,Success,CID594227,Prime Sedan,HSR Layout,Richmond Town,49.0,110.0,Not Applicable,Not Applicable,No,Not Applicable,497,UPI,4,4.1,3.0
2024-07-23 14:15:00,CNR6249409458,Canceled by Driver,CID218587,Bike,Sahakar Nagar,BTM Layout,,,Not Applicable,Personal & Car related issue,Not Applicable,Not Applicable,237,Not Applicable,0,,
2024-07-12 08:57:00,CNR9685837007,Canceled by Driver,CID834089,Prime SUV,Magadi Road,Kammanahalli,,,Not Applicable,Customer related issue,Not Applicable,Not Applicable,304,Not Applicable,0,,
2024-07-08 01:59:00,CNR3538362552,Success,CID471917,Auto,MG Road,Majestic,301.0,70.0,Not Applicable,Not Applicable,No,Not Applicable,117,UPI,3,3.0,3.9
2024-07-21 15:04:00,CNR7094400047,Success,CID313885,Auto,Sarjapur Road,Ulsoor,84.0,80.0,Not Applicable,Not Applicable,No,Not Applicable,364,UPI,8,3.7,4.5
2024-07-27 23:37:00,CNR3308082446,Success,CID172886,Prime Plus,Ramamurthy Nagar,Varthur,119.0,80.0,Not Applicable,Not Applicable,No,Not Applicable,344,UPI,22,3.8,4.9
2024-07-21 12:46:00,CNR8585149772,Canceled by Driver,CID862083,Prime Plus,Marathahalli,Vijayanagar,,,Not Applicable,Personal & Car related issue,Not Applicable,Not Applicable,2169,Not Applicable,0,,
2024-07-23 12:04:00,CNR1657817130,Success,CID968011,Mini,Kammanahalli,Ulsoor,140.0,140.0,Not Applicable,Not Applicable,No,Not Applicable,559,Cash,43,4.8,4.9
2024-07-06 17:12:00,CNR1854801038,Success,CID784226,Auto,Electronic City,Bannerghatta Road,161.0,25.0,Not Applicable,Not Applicable,No,Not Applicable,112,Cash,8,3.6,4.7
2024-07-26 22:33:00,CNR1302550901,Success,CID247345,Bike,JP Nagar,Sarjapur Road,77.0,95.0,Not Applicable,Not Applicable,No,Not Applicable,144,UPI,19,4.6,4.8
2024-07-12 06:54:00,CNR2997700010,Success,CID840713,Mini,Tumkur Road,Cox Town,280.0,70.0,Not Applicable,Not Applicable,No,Not Applicable,112,UPI,19,3.9,4.3
2024-07-30 06:36:00,CNR4696105572,Success,CID968678,eBike,Electronic City,Kammanahalli,294.0,35.0,Not Applicable,Not Applicable,Yes,Customer Demand,357,UPI,24,4.8,4.8
2024-07-05 11:54:00,CNR7798884943,Success,CID362943,Prime SUV,Kammanahalli,Shantinagar,98.0,130.0,Not Applicable,Not Applicable,No,Not Applicable,447,Debit Card,29,3.9,4.8
2024-07-02 17:09:00,CNR7293667518,Success,CID426363,Bike,Varthur,KR Puram,238.0,25.0,Not Applicable,Not Applicable,No,Not Applicable,171,UPI,46,4.3,3.6
2024-07-07 18:54:00,CNR1307697110,Driver Not Found,CID235607,Bike,Devanahalli,RT Nagar,,,Not Applicable,Not Applicable,Not Applicable,Not Applicable,385,Not Applicable,0,,
2024-07-03 22:34:00,CNR1196118491,Success,CID880131,Auto,Shantinagar,Chickpet,133.0,125.0,Not Applicable,Not Applicable,No,Not Applicable,643,Cash,7,3.3,4.4
2024-07-26 15:06:00,CNR6215262037,Success,CID722073,eBike,Marathahalli,MG Road,147.0,105.0,Not Applicable,Not Applicable,Yes,Customer Demand,1916,Credit Card,37,4.5,4.7
2024-07-21 15:09:00,CNR1399611151,Success,CID778144,Auto,Chamarajpet,Whitefield,273.0,125.0,Not Applicable,Not Applicable,No,Not Applicable,202,Cash,13,4.2,3.4
2024-07-28 17:08:00,CNR8943992169,Driver Not Found,CID336003,Bike,Sahakar Nagar,Whitefield,,,Not Applicable,Not Applicable,Not Applicable,Not Applicable,374,Not Applicable,0,,
2024-07-28 12:23:00,CNR1185708533,Success,CID101418,Prime Plus,Chickpet,Padmanabhanagar,287.0,90.0,Not Applicable,Not Applicable,No,Not Applicable,292,UPI,31,4.2,4.3
2024-07-13 19:26:00,CNR4563649793,Success,CID448709,Bike,Electronic City,Sahakar Nagar,140.0,140.0,Not Applicable,Not Applicable,No,Not Applicable,369,UPI,45,3.8,3.6
2024-07-20 18:56:00,CNR4350945747,Canceled by Customer,CID278232,Prime Plus,KR Puram,Chamarajpet,,,AC is Not working,Not Applicable,Not Applicable,Not Applicable,116,Not Applicable,0,,
2024-07-11 11:40:00,CNR8625839922,Success,CID763202,eBike,Bellandur,Mysore Road,49.0,50.0,Not Applicable,Not Applicable,No,Not Applicable,108,Cash,37,3.3,4.5
2024-07-09 00:35:00,CNR9967054510,Canceled by Customer,CID279783,Mini,Hennur,Ramamurthy Nagar,,,Driver is not moving towards pickup location,Not Applicable,Not Applicable,Not Applicable,1448,Not Applicable,0,,
2024-07-27 19:20:00,CNR3077101111,Success,CID623381,Bike,KR Puram,Varthur,308.0,80.0,Not Applicable,Not Applicable,No,Not Applicable,191,UPI,43,4.6,4.5
2024-07-06 10:24:00,CNR9366257468,Success,CID605162,Mini,Frazer Town,HSR Layout,70.0,80.0,Not Applicable,Not Applicable,No,Not Applicable,409,UPI,1,3.8,3.5
2024-07-01 14:33:00,CNR5914636698,Success,CID620326,eBike,KR Puram,Bellandur,259.0,125.0,Not Applicable,Not Applicable,No,Not Applicable,202,Cash,20,4.5,3.1
2024-07-01 12:20:00,CNR2405047853,Success,CID499389,eBike,Whitefield,Richmond Town,154.0,110.0,Not Applicable,Not Applicable,No,Not Applicable,391,Cash,34,4.2,4.2
2024-07-25 12:23:00,CNR3772463517,Success,CID656520,Bike,Ramamurthy Nagar,Nagarbhavi,259.0,95.0,Not Applicable,Not Applicable,No,Not Applicable,161,Cash,40,3.3,3.7
2024-07-11 22:16:00,CNR5119042105,Success,CID854032,Auto,Bannerghatta Road,Vijayanagar,161.0,65.0,Not Applicable,Not Applicable,No,Not Applicable,312,Cash,8,3.3,4.9
2024-07-06 08:06:00,CNR7004194143,Success,CID656896,Auto,KR Puram,Marathahalli,252.0,145.0,Not Applicable,Not Applicable,Yes,Customer Demand,878,Cash,19,3.1,3.8
2024-07-06 18:23:00,CNR7713639185,Driver Not Found,CID400596,Bike,Richmond Town,RT Nagar,,,Not Applicable,Not Applicable,Not Applicable,Not Applicable,206,Not Applicable,0,,
2024-07-17 07:35:00,CNR9892340246,Success,CID146461,Prime Sedan,Cox Town,Basavanagudi,182.0,135.0,Not Applicable,Not Applicable,No,Not Applicable,292,UPI,47,4.3,4.0
2024-07-01 16:05:00,CNR3958943987,Success,CID896824,Auto,Varthur,Kengeri,308.0,100.0,Not Applicable,Not Applicable,No,Not Applicable,745,UPI,18,3.1,4.5
2024-07-27 15:26:00,CNR3415505717,Canceled by Driver,CID278496,Auto,MG Road,Bannerghatta Road,,,Not Applicable,Customer related issue,Not Applicable,Not Applicable,198,Not Applicable,0,,
2024-07-10 02:23:00,CNR5879437290,Success,CID199027,Bike,Yelahanka,Richmond Town,175.0,115.0,Not Applicable,Not Applicable,No,Not Applicable,267,Cash,1,3.6,3.8
2024-07-08 06:11:00,CNR8716493462,Success,CID177222,Mini,Majestic,Devanahalli,259.0,55.0,Not Applicable,Not Applicable,No,Not Applicable,481,Cash,45,4.3,4.0
2024-07-27 00:03:00,CNR8420742103,Success,CID533723,Bike,Nagarbhavi,Hosur Road,126.0,115.0,Not Applicable,Not Applicable,No,Not Applicable,402,UPI,20,3.4,3.6
2024-07-04 13:23:00,CNR1280391835,Driver Not Found,CID425876,Bike,Basavanagudi,Peenya,,,Not Applicable,Not Applicable,Not Applicable,Not Applicable,194,Not Applicable,0,,
2024-07-25 02:29:00,CNR5076837111,Success,CID275874,Bike,Chickpet,Magadi Road,84.0,30.0,Not Applicable,Not Applicable,No,Not Applicable,111,Cash,13,3.5,4.0
2024-07-02 23:06:00,CNR4556188827,Success,CID606726,Prime SUV,Sahakar Nagar,Magadi Road,259.0,140.0,Not Applicable,Not Applicable,No,Not Applicable,185,Cash,43,4.0,4.9
2024-07-30 06:53:00,CNR3057859266,Driver Not Found,CID846283,Prime Sedan,Yelahanka,Magadi Road,,,Not Applicable,Not Applicable,Not Applicable,Not Applicable,1065,Not Applicable,0,,
2024-07-14 23:30:00,CNR4775192083,Driver Not Found,CID185813,Prime SUV,Tumkur Road,HSR Layout,,,Not Applicable,Not Applicable,Not Applicable,Not Applicable,194,Not Applicable,0,,
2024-07-23 15:41:00,CNR9154956779,Canceled by Driver,CID608628,Prime SUV,Kadugodi,Sahakar Nagar,,,Not Applicable,More than permitted people in there,Not Applicable,Not Applicable,472,Not Applicable,0,,
2024-07-01 23:47:00,CNR5939009857,Canceled by Customer,CID667506,Auto,Banashankari,Vijayanagar,,,Wrong Address,Not Applicable,Not Applicable,Not Applicable,1271,Not Applicable,0,,
2024-07-20 02:15:00,CNR6187962865,Driver Not Found,CID823836,Prime Plus,Chamarajpet,Koramangala,,,Not Applicable,Not Applicable,Not Applicable,Not Applicable,569,Not Applicable,0,,
2024-07-30 08:56:00,CNR4263650088,Success,CID381076,Mini,Majestic,Tumkur Road,63.0,80.0,Not Applicable,Not Applicable,No,Not Applicable,326,Cash,3,3.4,3.3
2024-07-05 22:02:00,CNR1817091387,Success,CID511357,Bike,Majestic,Chickpet,84.0,25.0,Not Applicable,Not Applicable,No,Not Applicable,336,Cash,16,3.2,4.6
2024-07-29 23:59:00,CNR8902066066,Success,CID604572,Bike,Peenya,MG Road,210.0,45.0,Not Applicable,Not Applicable,No,Not Applicable,2721,Cash,31,4.6,4.1
2024-07-08 12:47:00,CNR1795439165,Canceled by Customer,CID216600,Auto,HSR Layout,KR Puram,,,Driver is not moving towards pickup location,Not Applicable,Not Applicable,Not Applicable,264,Not Applicable,0,,
2024-07-09 03:28:00,CNR6370485040,Canceled by Customer,CID747185,Auto,Hulimavu,Sarjapur Road,,,Change of plans,Not Applicable,Not Applicable,Not Applicable,564,Not Applicable,0,,
2024-07-14 04:42:00,CNR3216001156,Driver Not Found,CID458289,Prime Sedan,Bannerghatta Road,Varthur,,,Not Applicable,Not Applicable,Not Applicable,Not Applicable,130,Not Applicable,0,,
2024-07-17 04:11:00,CNR5710739552,Success,CID359682,Auto,Rajarajeshwari Nagar,KR Puram,259.0,75.0,Not Applicable,Not Applicable,No,Not Applicable,363,UPI,16,4.7,3.9
2024-07-09 18:48:00,CNR6475663382,Success,CID698736,Mini,Tumkur Road,Cox Town,189.0,65.0,Not Applicable,Not Applicable,No,Not Applicable,116,UPI,34,3.9,4.6
2024-07-28 08:28:00,CNR3372446334,Success,CID253484,Bike,Bannerghatta Road,Shantinagar,238.0,40.0,Not Applicable,Not Applicable,No,Not Applicable,607,UPI,39,3.6,3.5
2024-07-03 10:25:00,CNR9254763802,Canceled by Customer,CID692688,Prime Sedan,Whitefield,Majestic,,,AC is Not working,Not Applicable,Not Applicable,Not Applicable,518,Not Applicable,0,,
2024-07-30 00:57:00,CNR9614696553,Success,CID754004,Prime SUV,JP Nagar,Kammanahalli,287.0,105.0,Not Applicable,Not Applicable,No,Not Applicable,501,UPI,1,3.3,3.7
2024-07-11 20:29:00,CNR7061821534,Success,CID185977,Bike,Chickpet,Padmanabhanagar,210.0,55.0,Not Applicable,Not Applicable,No,Not Applicable,138,UPI,37,4.7,4.6
2024-07-26 09:56:00,CNR1372311751,Success,CID590309,Mini,Hosur Road,Jayanagar,105.0,125.0,Not Applicable,Not Applicable,No,Not Applicable,159,Cash,46,3.4,4.8
2024-07-27 19:34:00,CNR7945092451,Success,CID565858,Prime SUV,Kammanahalli,Mysore Road,35.0,40.0,Not Applicable,Not Applicable,No,Not Applicable,231,UPI,34,3.8,4.9
2024-07-09 03:57:00,CNR5137965733,Success,CID495867,Bike,Cox Town,RT Nagar,280.0,30.0,Not Applicable,Not Applicable,No,Not Applicable,822,UPI,30,3.8,4.4
2024-07-01 19:46:00,CNR9692391868,Success,CID412691,Prime Plus,Frazer Town,Nagarbhavi,238.0,35.0,Not Applicable,Not Applicable,Yes,Customer Demand,329,Credit Card,12,3.2,4.4
2024-07-26 10:14:00,CNR9133993197,Driver Not Found,CID901997,Prime SUV,Frazer Town,Varthur,,,Not Applicable,Not Applicable,Not Applicable,Not Applicable,245,Not Applicable,0,,
2024-07-23 13:49:00,CNR6474265117,Canceled by Driver,CID274168,Auto,BTM Layout,Bannerghatta Road,,,Not Applicable,Personal & Car related issue,Not Applicable,Not Applicable,419,Not Applicable,0,,
2024-07-24 14:06:00,CNR4327146521,Canceled by Driver,CID716284,Auto,Chickpet,Majestic,,,Not Applicable,More than permitted people in there,Not Applicable,Not Applicable,186,Not Applicable,0,,
2024-07-01 04:20:00,CNR5667552733,Success,CID776833,Prime Plus,Kengeri,Devanahalli,196.0,30.0,Not Applicable,Not Applicable,No,Not Applicable,455,Cash,2,4.5,3.4
2024-07-03 13:39:00,CNR6371985706,Success,CID203843,Prime Plus,Vijayanagar,Chickpet,147.0,90.0,Not Applicable,Not Applicable,No,Not Applicable,172,UPI,22,4.7,4.3
2024-07-05 18:39:00,CNR8660995174,Canceled by Driver,CID676855,Mini,RT Nagar,Hennur,,,Not Applicable,Personal & Car related issue,Not Applicable,Not Applicable,441,Not Applicable,0,,
2024-07-23 12:11:00,CNR8308901555,Success,CID552598,Prime Sedan,HSR Layout,Vijayanagar,210.0,145.0,Not Applicable,Not Applicable,Yes,Other Issue,927,UPI,13,4.0,3.2
2024-07-11 21:24:00,CNR7074880089,Canceled by Driver,CID691382,Mini,Electronic City,Kammanahalli,,,Not Applicable,Personal & Car related issue,Not Applicable,Not Applicable,243,Not Applicable,0,,
2024-07-30 03:37:00,CNR7556645832,Canceled by Customer,CID540372,eBike,Devanahalli,Banashankari,,,Change of plans,Not Applicable,Not Applicable,Not Applicable,328,Not Applicable,0,,
2024-07-17 13:39:00,CNR9961740406,Canceled by Customer,CID878933,eBike,Devanahalli,JP Nagar,,,Driver is not moving towards pickup location,Not Applicable,Not Applicable,Not Applicable,489,Not Applicable,0,,
2024-07-30 00:53:00,CNR5455385226,Canceled by Driver,CID658033,Prime Plus,Peenya,Varthur,,,Not Applicable,Personal & Car related issue,Not Applicable,Not Applicable,292,Not Applicable,0,,
2024-07-10 10:11:00,CNR5802464052,Canceled by Driver,CID299033,Prime Plus,Banashankari,Frazer Town,,,Not Applicable,Personal & Car related issue,Not Applicable,Not Applicable,463,Not Applicable,0,,
2024-07-05 01:13:00,CNR7073393922,Canceled by Customer,CID488357,Bike,HSR Layout,JP Nagar,,,Driver is not moving towards pickup location,Not Applicable,Not Applicable,Not Applicable,335,Not Applicable,0,,
2024-07-03 09:56:00,CNR7229733653,Success,CID223730,Bike,Shantinagar,Richmond Town,294.0,125.0,Not Applicable,Not Applicable,No,Not Applicable,295,UPI,3,4.5,4.7
2024-07-03 19:53:00,CNR1454312633,Success,CID658529,Bike,Whitefield,Hulimavu,63.0,70.0,Not Applicable,Not Applicable,No,Not Applicable,384,Cash,43,4.6,3.3
2024-07-02 01:08:00,CNR3312671599,Success,CID250809,Auto,Shantinagar,Mysore Road,147.0,70.0,Not Applicable,Not Applicable,No,Not Applicable,386,Cash,9,4.1,4.1
2024-07-11 17:04:00,CNR9144751832,Canceled by Driver,CID265404,Prime SUV,Hebbal,Langford Town,,,Not Applicable,Personal & Car related issue,Not Applicable,Not Applicable,634,Not Applicable,0,,
2024-07-23 08:36:00,CNR5243378034,Canceled by Customer,CID586373,eBike,Marathahalli,Shantinagar,,,Driver asked to cancel,Not Applicable,Not Applicable,Not Applicable,182,Not Applicable,0,,
2024-07-08 17:45:00,CNR3767330670,Canceled by Driver,CID544226,Bike,Padmanabhanagar,MG Road,,,Not Applicable,Customer related issue,Not Applicable,Not Applicable,876,Not Applicable,0,,
2024-07-13 20:58:00,CNR2666752611,Canceled by Driver,CID331828,Prime SUV,Yeshwanthpur,Kengeri,,,Not Applicable,Customer was coughing/sick,Not Applicable,Not Applicable,258,Not Applicable,0,,
2024-07-05 04:34:00,CNR9515647665,Success,CID611074,eBike,Ulsoor,Richmond Town,91.0,115.0,Not Applicable,Not Applicable,No,Not Applicable,729,Cash,28,3.7,3.1
2024-07-25 18:57:00,CNR5499699236,Success,CID387518,eBike,Nagarbhavi,Nagarbhavi,301.0,105.0,Not Applicable,Not Applicable,No,Not Applicable,326,Cash,17,4.8,3.9
2024-07-27 01:07:00,CNR9375944666,Canceled by Driver,CID795747,Prime Plus,Hebbal,Kengeri,,,Not Applicable,Customer related issue,Not Applicable,Not Applicable,221,Not Applicable,0,,
2024-07-26 10:04:00,CNR5894203565,Success,CID468625,Auto,KR Puram,MG Road,203.0,55.0,Not Applicable,Not Applicable,Yes,Vehicle Breakdown,167,Cash,14,3.8,3.2
2024-07-17 23:36:00,CNR5267732023,Canceled by Customer,CID773738,Prime SUV,Rajajinagar,Sahakar Nagar,,,Driver asked to cancel,Not Applicable,Not Applicable,Not Applicable,1351,Not Applicable,0,,
2024-07-01 04:37:00,CNR6728087060,Success,CID930947,Mini,Whitefield,Tumkur Road,147.0,95.0,Not Applicable,Not Applicable,No,Not Applicable,211,UPI,40,3.2,4.9
2024-07-27 01:06:00,CNR2508878745,Success,CID973253,Prime Plus,Marathahalli,Cox Town,273.0,100.0,Not Applicable,Not Applicable,No,Not Applicable,965,UPI,27,4.5,3.4
2024-07-26 16:14:00,CNR8865424528,Canceled by Driver,CID109141,Prime SUV,Kammanahalli,Nagarbhavi,,,Not Applicable,Personal & Car related issue,Not Applicable,Not Applicable,186,Not Applicable,0,,
2024-07-15 17:22:00,CNR2468506039,Success,CID589200,Prime Plus,HSR Layout,Hebbal,98.0,50.0,Not Applicable,Not Applicable,No,Not Applicable,2323,UPI,3,3.2,4.7
2024-07-05 16:11:00,CNR8498720051,Canceled by Driver,CID140406,Auto,Langford Town,HSR Layout,,,Not Applicable,More than permitted people in there,Not Applicable,Not Applicable,894,Not Applicable,0,,
2024-07-14 11:38:00,CNR9795843591,Canceled by Driver,CID890869,Bike,Sahakar Nagar,Shantinagar,,,Not Applicable,Customer related issue,Not Applicable,Not Applicable,123,Not Applicable,0,,
2024-07-29 11:43:00,CNR7456382270,Canceled by Driver,CID331442,Prime Plus,Tumkur Road,Basavanagudi,,,Not Applicable,Personal & Car related issue,Not Applicable,Not Applicable,1020,Not Applicable,0,,
2024-07-13 15:52:00,CNR5171298189,Success,CID452661,Prime Plus,Bellandur,Nagarbhavi,63.0,25.0,Not Applicable,Not Applicable,No,Not Applicable,110,UPI,6,4.7,4.6
2024-07-16 21:27:00,CNR3307257127,Success,CID844585,Prime Plus,Hosur Road,Ramamurthy Nagar,133.0,110.0,Not Applicable,Not Applicable,No,Not Applicable,896,UPI,4,4.3,4.4
2024-07-03 16:32:00,CNR2332330817,Canceled by Customer,CID995523,eBike,BTM Layout,Vijayanagar,,,Driver is not moving towards pickup location,Not Applicable,Not Applicable,Not Applicable,353,Not Applicable,0,,
2024-07-06 16:25:00,CNR2912695165,Success,CID807759,eBike,Kammanahalli,Yeshwanthpur,231.0,65.0,Not Applicable,Not Applicable,No,Not Applicable,499,Debit Card,22,4.8,3.1
2024-07-03 14:21:00,CNR5836041536,Canceled by Customer,CID349675,Mini,Malleshwaram,Kengeri,,,AC is Not working,Not Applicable,Not Applicable,Not Applicable,305,Not Applicable,0,,
2024-07-09 09:00:00,CNR7190605781,Success,CID877363,Prime Sedan,Kengeri,Padmanabhanagar,231.0,60.0,Not Applicable,Not Applicable,No,Not Applicable,168,UPI,6,4.7,4.0
2024-07-20 04:10:00,CNR2067890523,Success,CID443416,Prime Plus,Devanahalli,Basavanagudi,91.0,40.0,Not Applicable,Not Applicable,No,Not Applicable,2075,Cash,21,3.9,4.1
2024-07-02 08:28:00,CNR4824233776,Driver Not Found,CID787935,eBike,Peenya,RT Nagar,,,Not Applicable,Not Applicable,Not Applicable,Not Applicable,217,Not Applicable,0,,
2024-07-03 21:50:00,CNR3139643340,Canceled by Driver,CID538763,eBike,Yelahanka,Indiranagar,,,Not Applicable,Customer related issue,Not Applicable,Not Applicable,110,Not Applicable,0,,
2024-07-05 15:59:00,CNR2908765220,Success,CID413011,Bike,Shivajinagar,Richmond Town,196.0,40.0,Not Applicable,Not Applicable,No,Not Applicable,829,UPI,42,3.8,4.2
2024-07-07 07:35:00,CNR6013219672,Success,CID820601,Mini,Ramamurthy Nagar,JP Nagar,210.0,145.0,Not Applicable,Not Applicable,No,Not Applicable,288,Cash,27,3.1,3.4
2024-07-08 08:10:00,CNR5747963087,Success,CID170619,Bike,Magadi Road,Hosur Road,84.0,130.0,Not Applicable,Not Applicable,No,Not Applicable,263,UPI,15,3.4,4.4
2024-07-20 12:20:00,CNR9209608987,Success,CID929881,eBike,Yeshwanthpur,RT Nagar,210.0,120.0,Not Applicable,Not Applicable,No,Not Applicable,171,Cash,40,3.8,5.0
2024-07-07 17:20:00,CNR1101853661,Success,CID301525,Mini,MG Road,Rajajinagar,140.0,90.0,Not Applicable,Not Applicable,No,Not Applicable,820,Cash,30,3.4,4.4
2024-07-17 12:30:00,CNR2039415479,Success,CID619590,Auto,Chickpet,MG Road,189.0,125.0,Not Applicable,Not Applicable,No,Not Applicable,369,Cash,15,3.3,3.6
2024-07-22 12:44:00,CNR1879269977,Success,CID313610,Prime SUV,Majestic,Padmanabhanagar,133.0,130.0,Not Applicable,Not Applicable,No,Not Applicable,398,UPI,16,3.7,3.4
2024-07-12 23:56:00,CNR4615118163,Canceled by Driver,CID377944,eBike,RT Nagar,Devanahalli,,,Not Applicable,Customer related issue,Not Applicable,Not Applicable,1169,Not Applicable,0,,
2024-07-20 16:45:00,CNR8002913885,Success,CID936481,Auto,Banashankari,Basavanagudi,63.0,30.0,Not Applicable,Not Applicable,No,Not Applicable,169,Cash,18,4.4,3.1
2024-07-21 19:09:00,CNR1468610429,Success,CID555932,Auto,Kadugodi,Electronic City,98.0,100.0,Not Applicable,Not Applicable,No,Not Applicable,1817,UPI,12,4.3,4.2
2024-07-29 21:24:00,CNR3972003025,Canceled by Customer,CID451946,Prime SUV,Cox Town,Whitefield,,,Driver is not moving towards pickup location,Not Applicable,Not Applicable,Not Applicable,230,Not Applicable,0,,
2024-07-01 00:59:00,CNR7652372986,Success,CID458607,Bike,Electronic City,Jayanagar,91.0,50.0,Not Applicable,Not Applicable,Yes,Other Issue,734,UPI,35,3.6,4.4
2024-07-10 18:11:00,CNR8366771615,Success,CID760903,Bike,Cox Town,Bannerghatta Road,70.0,115.0,Not Applicable,Not Applicable,Yes,Customer Demand,418,UPI,16,3.8,3.0
2024-07-29 06:36:00,CNR1101750305,Success,CID193406,Prime Plus,Whitefield,Tumkur Road,105.0,120.0,Not Applicable,Not Applicable,No,Not Applicable,371,Credit Card,6,4.9,3.9
2024-07-12 10:16:00,CNR2331079838,Success,CID934761,Auto,Mysore Road,BTM Layout,77.0,70.0,Not Applicable,Not Applicable,No,Not Applicable,657,UPI,17,4.6,4.1
2024-07-19 20:03:00,CNR2384158892,Canceled by Customer,CID160794,Prime Sedan,Hosur Road,Bannerghatta Road,,,Driver asked to cancel,Not Applicable,Not Applicable,Not Applicable,127,Not Applicable,0,,
2024-07-11 07:39:00,CNR9625830168,Canceled by Customer,CID994285,eBike,Richmond Town,Kengeri,,,Driver asked to cancel,Not Applicable,Not Applicable,Not Applicable,445,Not Applicable,0,,
2024-07-27 12:11:00,CNR4049227760,Success,CID249900,Bike,Shivajinagar,Basavanagudi,217.0,125.0,Not Applicable,Not Applicable,No,Not Applicable,487,Cash,35,4.6,3.8
2024-07-25 20:43:00,CNR3376347248,Canceled by Customer,CID503293,Bike,Magadi Road,Shantinagar,,,Wrong Address,Not Applicable,Not Applicable,Not Applicable,348,Not Applicable,0,,
2024-07-17 05:20:00,CNR5526867835,Driver Not Found,CID294640,Auto,Ulsoor,Mysore Road,,,Not Applicable,Not Applicable,Not Applicable,Not Applicable,354,Not Applicable,0,,
2024-07-27 16:26:00,CNR1090751987,Driver Not Found,CID134542,Auto,Basavanagudi,Jayanagar,,,Not Applicable,Not Applicable,Not Applicable,Not Applicable,399,Not Applicable,0,,
2024-07-24 16:26:00,CNR5679778324,Success,CID274014,Prime Sedan,Kammanahalli,KR Puram,154.0,60.0,Not Applicable,Not Applicable,No,Not Applicable,371,Cash,47,4.0,3.3
2024-07-21 16:23:00,CNR4034749455,Success,CID258450,Auto,Whitefield,Padmanabhanagar,308.0,55.0,Not Applicable,Not Applicable,No,Not Applicable,450,Cash,9,4.4,3.5
2024-07-09 07:46:00,CNR8085057593,Canceled by Driver,CID360450,Bike,Chickpet,Shantinagar,,,Not Applicable,More than permitted people in there,Not Applicable,Not Applicable,277,Not Applicable,0,,
2024-07-07 09:25:00,CNR7183569760,Success,CID288455,Prime Sedan,Padmanabhanagar,Tumkur Road,84.0,145.0,Not Applicable,Not Applicable,No,Not Applicable,430,UPI,32,3.1,4.4
2024-07-02 03:42:00,CNR9373591593,Canceled by Driver,CID636841,Auto,Padmanabhanagar,Langford Town,,,Not Applicable,Personal & Car related issue,Not Applicable,Not Applicable,459,Not Applicable,0,,
2024-07-18 07:57:00,CNR5521079092,Canceled by Driver,CID383072,Bike,Langford Town,Kadugodi,,,Not Applicable,More than permitted people in there,Not Applicable,Not Applicable,539,Not Applicable,0,,
2024-07-19 21:49:00,CNR2416203128,Canceled by Driver,CID150000,eBike,Yelahanka,Nagarbhavi,,,Not Applicable,Customer related issue,Not Applicable,Not Applicable,978,Not Applicable,0,,
2024-07-17 11:52:00,CNR1674316301,Canceled by Driver,CID742415,Mini,Kadugodi,Hosur Road,,,Not Applicable,Customer related issue,Not Applicable,Not Applicable,342,Not Applicable,0,,
2024-07-12 03:23:00,CNR8242716235,Success,CID986152,Auto,Mysore Road,Banashankari,147.0,40.0,Not Applicable,Not Applicable,No,Not Applicable,933,Cash,15,3.6,4.4
2024-07-09 03:36:00,CNR9895777403,Canceled by Driver,CID253574,eBike,Bannerghatta Road,KR Puram,,,Not Applicable,Customer was coughing/sick,Not Applicable,Not Applicable,498,Not Applicable,0,,
2024-07-07 02:19:00,CNR9570711051,Success,CID880659,Bike,Yelahanka,Basavanagudi,203.0,55.0,Not Applicable,Not Applicable,No,Not Applicable,481,Cash,8,3.5,4.5
2024-07-07 01:38:00,CNR8083791053,Success,CID547382,Auto,Richmond Town,Shivajinagar,196.0,35.0,Not Applicable,Not Applicable,No,Not Applicable,637,UPI,7,3.7,3.1
2024-07-08 10:03:00,CNR7231217351,Canceled by Driver,CID524907,Mini,BTM Layout,Kammanahalli,,,Not Applicable,More than permitted people in there,Not Applicable,Not Applicable,922,Not Applicable,0,,
2024-07-29 08:17:00,CNR9156633036,Canceled by Driver,CID355844,Auto,Rajajinagar,Richmond Town,,,Not Applicable,Customer related issue,Not Applicable,Not Applicable,450,Not Applicable,0,,
2024-07-05 08:21:00,CNR6806773925,Canceled by Driver,CID986735,eBike,Vijayanagar,MG Road,,,Not Applicable,Customer was coughing/sick,Not Applicable,Not Applicable,726,Not Applicable,0,,
2024-07-07 08:43:00,CNR5780392457,Canceled by Driver,CID693641,Prime SUV,Basavanagudi,Basavanagudi,,,Not Applicable,Personal & Car related issue,Not Applicable,Not Applicable,365,Not Applicable,0,,
2024-07-22 08:03:00,CNR1495586467,Driver Not Found,CID808817,eBike,Koramangala,Rajajinagar,,,Not Applicable,Not Applicable,Not Applicable,Not Applicable,444,Not Applicable,0,,
2024-07-30 10:10:00,CNR7515538621,Success,CID948529,Prime Sedan,Richmond Town,Shivajinagar,252.0,85.0,Not Applicable,Not Applicable,No,Not Applicable,1969,Cash,29,3.6,3.4
2024-07-10 02:55:00,CNR3438491056,Success,CID962771,Prime Sedan,Peenya,Yelahanka,49.0,125.0,Not Applicable,Not Applicable,No,Not Applicable,425,Cash,15,3.7,4.8
2024-07-10 03:39:00,CNR6354596450,Canceled by Customer,CID578216,Prime Sedan,KR Puram,Magadi Road,,,AC is Not working,Not Applicable,Not Applicable,Not Applicable,361,Not Applicable,0,,
2024-07-07 02:25:00,CNR6582259249,Canceled by Driver,CID976390,Mini,Richmond Town,Yeshwanthpur,,,Not Applicable,Personal & Car related issue,Not Applicable,Not Applicable,211,Not Applicable,0,,
2024-07-21 17:50:00,CNR9828988843,Success,CID854081,Bike,MG Road,Ulsoor,245.0,90.0,Not Applicable,Not Applicable,No,Not Applicable,479,Cash,43,4.7,3.7
2024-07-09 01:35:00,CNR9776573923,Success,CID569401,Mini,Kadugodi,Mysore Road,84.0,60.0,Not Applicable,Not Applicable,No,Not Applicable,1138,Cash,2,3.8,4.8
2024-07-10 01:41:00,CNR7664374367,Driver Not Found,CID764562,eBike,Bellandur,Nagarbhavi,,,Not Applicable,Not Applicable,Not Applicable,Not Applicable,352,Not Applicable,0,,
2024-07-09 03:18:00,CNR5018545867,Success,CID189307,Prime Sedan,Ramamurthy Nagar,JP Nagar,308.0,120.0,Not Applicable,Not Applicable,No,Not Applicable,982,UPI,11,3.6,5.0
2024-07-06 22:36:00,CNR7725362829,Success,CID658656,Bike,RT Nagar,HSR Layout,245.0,25.0,Not Applicable,Not Applicable,No,Not Applicable,871,UPI,24,3.3,3.5
2024-07-17 03:25:00,CNR3692511190,Driver Not Found,CID104684,Auto,Indiranagar,Whitefield,,,Not Applicable,Not Applicable,Not Applicable,Not Applicable,405,Not Applicable,0,,
2024-07-02 23:53:00,CNR8518444027,Driver Not Found,CID173893,Prime Plus,Yeshwanthpur,HSR Layout,,,Not Applicable,Not Applicable,Not Applicable,Not Applicable,303,Not Applicable,0,,
2024-07-30 21:55:00,CNR9546550018,Success,CID440668,Prime Sedan,Hulimavu,Ramamurthy Nagar,196.0,50.0,Not Applicable,Not Applicable,No,Not Applicable,376,Cash,33,3.1,4.2
2024-07-13 05:36:00,CNR8309249471,Success,CID210505,Prime SUV,Majestic,JP Nagar,203.0,55.0,Not Applicable,Not Applicable,No,Not Applicable,393,UPI,26,3.4,3.5
2024-07-17 14:16:00,CNR5025224157,Success,CID187108,Bike,Frazer Town,Whitefield,301.0,65.0,Not Applicable,Not Applicable,No,Not Applicable,2552,Cash,33,3.0,4.8
2024-07-11 08:37:00,CNR6529866279,Success,CID841241,Prime Sedan,Hosur Road,Sarjapur Road,252.0,135.0,Not Applicable,Not Applicable,No,Not Applicable,459,UPI,23,4.0,3.9
2024-07-30 08:12:00,CNR7822844628,Driver Not Found,CID354955,Prime Plus,RT Nagar,Jayanagar,,,Not Applicable,Not Applicable,Not Applicable,Not Applicable,381,Not Applicable,0,,
2024-07-29 16:12:00,CNR6396162973,Canceled by Driver,CID457207,Prime Sedan,Whitefield,Ramamurthy Nagar,,,Not Applicable,Customer related issue,Not Applicable,Not Applicable,112,Not Applicable,0,,
2024-07-07 16:16:00,CNR6360567860,Success,CID414995,Mini,Devanahalli,Devanahalli,182.0,35.0,Not Applicable,Not Applicable,No,Not Applicable,155,Cash,13,3.1,3.7
2024-07-15 15:59:00,CNR9267349185,Success,CID646679,Bike,Indiranagar,Hennur,42.0,125.0,Not Applicable,Not Applicable,No,Not Applicable,581,UPI,23,4.0,3.3
2024-07-02 18:14:00,CNR5319983093,Canceled by Driver,CID619341,Mini,Hennur,Hulimavu,,,Not Applicable,More than permitted people in there,Not Applicable,Not Applicable,342,Not Applicable,0,,
2024-07-07 00:17:00,CNR4945383696,Canceled by Customer,CID642314,Prime Sedan,Shivajinagar,BTM Layout,,,AC is Not working,Not Applicable,Not Applicable,Not Applicable,234,Not Applicable,0,,
2024-07-30 16:06:00,CNR9646554587,Success,CID153752,Prime Sedan,Padmanabhanagar,Bannerghatta Road,49.0,60.0,Not Applicable,Not Applicable,No,Not Applicable,122,Cash,46,4.0,3.0
2024-07-19 11:23:00,CNR9354442203,Success,CID753812,Prime Sedan,Indiranagar,Marathahalli,147.0,100.0,Not Applicable,Not Applicable,No,Not Applicable,353,Cash,38,4.0,3.2
2024-07-11 10:42:00,CNR7769580889,Success,CID374605,Bike,RT Nagar,Hebbal,63.0,80.0,Not Applicable,Not Applicable,No,Not Applicable,389,Credit Card,6,3.9,3.4
2024-07-01 01:54:00,CNR6332121479,Success,CID119523,Prime Sedan,Kammanahalli,Kadugodi,259.0,90.0,Not Applicable,Not Applicable,No,Not Applicable,577,UPI,33,3.3,3.6
2024-07-30 12:46:00,CNR5620047852,Success,CID748129,eBike,Malleshwaram,Nagarbhavi,133.0,120.0,Not Applicable,Not Applicable,No,Not Applicable,827,UPI,30,3.4,3.1
2024-07-01 22:31:00,CNR7732008386,Success,CID430815,Prime Sedan,RT Nagar,Majestic,175.0,45.0,Not Applicable,Not Applicable,Yes,Customer Demand,489,Cash,2,4.1,4.1
2024-07-24 07:48:00,CNR1101406622,Success,CID971193,Prime Plus,Chickpet,Peenya,231.0,125.0,Not Applicable,Not Applicable,No,Not Applicable,151,UPI,21,4.5,4.4
2024-07-29 14:17:00,CNR5960444261,Success,CID211654,Bike,Frazer Town,Chickpet,196.0,145.0,Not Applicable,Not Applicable,No,Not Applicable,339,Cash,45,3.7,3.8
2024-07-17 21:37:00,CNR7243493975,Driver Not Found,CID289148,Prime Plus,Sarjapur Road,Hennur,,,Not Applicable,Not Applicable,Not Applicable,Not Applicable,462,Not Applicable,0,,
2024-07-29 02:22:00,CNR7022626036,Success,CID566282,eBike,Shivajinagar,Frazer Town,84.0,110.0,Not Applicable,Not Applicable,No,Not Applicable,843,UPI,21,3.8,4.8
2024-07-30 22:12:00,CNR9148136007,Success,CID248080,Mini,Yelahanka,Mysore Road,168.0,65.0,Not Applicable,Not Applicable,No,Not Applicable,107,Cash,35,4.1,4.3
2024-07-04 10:18:00,CNR7144733258,Success,CID168037,Mini,Ulsoor,KR Puram,105.0,145.0,Not Applicable,Not Applicable,No,Not Applicable,927,UPI,12,3.4,3.5
2024-07-26 14:33:00,CNR6496184653,Driver Not Found,CID858993,Auto,Banashankari,Basavanagudi,,,Not Applicable,Not Applicable,Not Applicable,Not Applicable,410,Not Applicable,0,,
2024-07-01 16:21:00,CNR9615428600,Success,CID195576,Prime Sedan,Kengeri,Hosur Road,245.0,35.0,Not Applicable,Not Applicable,No,Not Applicable,239,UPI,35,3.7,3.0
2024-07-15 21:39:00,CNR4950604632,Success,CID231660,Prime Sedan,Chickpet,Vijayanagar,147.0,80.0,Not Applicable,Not Applicable,No,Not Applicable,605,Cash,41,3.4,3.2
2024-07-03 01:54:00,CNR1794711273,Driver Not Found,CID874394,Prime Plus,Tumkur Road,Peenya,,,Not Applicable,Not Applicable,Not Applicable,Not Applicable,811,Not Applicable,0,,
2024-07-08 02:56:00,CNR6086050397,Success,CID862299,eBike,Banashankari,Langford Town,147.0,35.0,Not Applicable,Not Applicable,No,Not Applicable,166,Cash,34,3.8,3.6
2024-07-03 12:07:00,CNR7414231205,Canceled by Driver,CID896454,Prime Plus,Marathahalli,Basavanagudi,,,Not Applicable,Personal & Car related issue,Not Applicable,Not Applicable,519,Not Applicable,0,,
2024-07-17 22:13:00,CNR4746536068,Canceled by Driver,CID836735,Prime Sedan,Bannerghatta Road,Magadi Road,,,Not Applicable,More than permitted people in there,Not Applicable,Not Applicable,402,Not Applicable,0,,
2024-07-19 22:54:00,CNR7240848609,Success,CID394377,Bike,Marathahalli,RT Nagar,77.0,55.0,Not Applicable,Not Applicable,No,Not Applicable,207,UPI,42,3.0,3.9
2024-07-11 06:28:00,CNR9654223469,Success,CID173066,Prime Plus,Indiranagar,Mysore Road,154.0,115.0,Not Applicable,Not Applicable,No,Not Applicable,191,Cash,19,3.4,3.2
2024-07-06 02:30:00,CNR9693708041,Driver Not Found,CID107763,eBike,Yelahanka,Electronic City,,,Not Applicable,Not Applicable,Not Applicable,Not Applicable,576,Not Applicable,0,,
2024-07-06 18:24:00,CNR7976563593,Canceled by Driver,CID684936,Mini,Devanahalli,Ramamurthy Nagar,,,Not Applicable,More than permitted people in there,Not Applicable,Not Applicable,335,Not Applicable,0,,
2024-07-26 00:00:00,CNR2869709672,Canceled by Customer,CID886867,eBike,Koramangala,Electronic City,,,Wrong Address,Not Applicable,Not Applicable,Not Applicable,1814,Not Applicable,0,,
2024-07-27 13:53:00,CNR5905760416,Success,CID761033,Auto,HSR Layout,Chamarajpet,294.0,95.0,Not Applicable,Not Applicable,No,Not Applicable,922,Cash,13,3.1,5.0
2024-07-24 20:25:00,CNR5350751118,Success,CID245572,Prime SUV,BTM Layout,Koramangala,56.0,80.0,Not Applicable,Not Applicable,No,Not Applicable,243,Cash,16,3.6,4.6
2024-07-29 02:04:00,CNR4238702776,Canceled by Customer,CID678440,Prime Plus,Bannerghatta Road,Frazer Town,,,Driver asked to cancel,Not Applicable,Not Applicable,Not Applicable,711,Not Applicable,0,,
2024-07-26 01:04:00,CNR4826690883,Success,CID247328,Mini,Peenya,Marathahalli,35.0,140.0,Not Applicable,Not Applicable,Yes,Other Issue,418,UPI,49,4.5,4.0
2024-07-14 14:02:00,CNR8931895915,Success,CID341164,Prime Plus,Magadi Road,Majestic,224.0,75.0,Not Applicable,Not Applicable,No,Not Applicable,220,UPI,40,4.8,3.5
2024-07-04 14:02:00,CNR8395595486,Canceled by Driver,CID398445,Prime Plus,Hulimavu,BTM Layout,,,Not Applicable,More than permitted people in there,Not Applicable,Not Applicable,1494,Not Applicable,0,,
2024-07-08 08:49:00,CNR2990406372,Canceled by Driver,CID956837,Prime Sedan,BTM Layout,Nagarbhavi,,,Not Applicable,Customer was coughing/sick,Not Applicable,Not Applicable,151,Not Applicable,0,,
2024-07-21 02:53:00,CNR3301376697,Success,CID145673,Prime Sedan,Sahakar Nagar,Jayanagar,294.0,40.0,Not Applicable,Not Applicable,No,Not Applicable,290,Cash,10,4.8,3.3
2024-07-22 19:56:00,CNR8819182021,Success,CID139395,Prime SUV,Whitefield,Tumkur Road,245.0,120.0,Not Applicable,Not Applicable,No,Not Applicable,137,Cash,48,5.0,4.4
2024-07-10 20:15:00,CNR5472222150,Driver Not Found,CID659241,Bike,Kengeri,Devanahalli,,,Not Applicable,Not Applicable,Not Applicable,Not Applicable,209,Not Applicable,0,,
2024-07-06 11:13:00,CNR2570752713,Canceled by Driver,CID840162,Mini,Peenya,Vijayanagar,,,Not Applicable,Personal & Car related issue,Not Applicable,Not Applicable,493,Not Applicable,0,,
2024-07-13 11:33:00,CNR1862083076,Success,CID672492,Prime SUV,Shivajinagar,Whitefield,259.0,80.0,Not Applicable,Not Applicable,No,Not Applicable,397,Cash,29,3.2,4.2
2024-07-23 02:49:00,CNR4868166373,Success,CID739936,Bike,Ulsoor,Bannerghatta Road,84.0,145.0,Not Applicable,Not Applicable,No,Not Applicable,477,UPI,44,4.5,3.5
2024-07-25 16:09:00,CNR1044392418,Success,CID602746,Auto,Richmond Town,Basavanagudi,238.0,30.0,Not Applicable,Not Applicable,No,Not Applicable,734,UPI,14,4.9,3.7
2024-07-14 20:56:00,CNR3055169324,Canceled by Driver,CID508808,Prime SUV,Indiranagar,Chickpet,,,Not Applicable,Customer related issue,Not Applicable,Not Applicable,317,Not Applicable,0,,
2024-07-18 18:35:00,CNR5883753274,Canceled by Driver,CID184827,Auto,Magadi Road,KR Puram,,,Not Applicable,Customer related issue,Not Applicable,Not Applicable,321,Not Applicable,0,,
2024-07-13 14:50:00,CNR2495980869,Success,CID356325,Bike,Indiranagar,Shivajinagar,231.0,110.0,Not Applicable,Not Applicable,No,Not Applicable,585,Cash,35,3.1,3.2
2024-07-08 11:43:00,CNR7602186487,Driver Not Found,CID288463,Mini,Kadugodi,Chickpet,,,Not Applicable,Not Applicable,Not Applicable,Not Applicable,1889,Not Applicable,0,,
2024-07-28 23:23:00,CNR2050478668,Driver Not Found,CID915301,Mini,Banashankari,Hulimavu,,,Not Applicable,Not Applicable,Not Applicable,Not Applicable,140,Not Applicable,0,,
2024-07-09 16:37:00,CNR1866202768,Success,CID278868,Prime Plus,Shivajinagar,Hulimavu,105.0,60.0,Not Applicable,Not Applicable,No,Not Applicable,228,UPI,46,3.1,4.6
2024-07-23 22:19:00,CNR5059793933,Success,CID383026,Auto,Rajajinagar,Hennur,63.0,85.0,Not Applicable,Not Applicable,No,Not Applicable,359,Cash,9,4.6,3.7
2024-07-16 08:58:00,CNR8317047809,Canceled by Driver,CID969802,Mini,Electronic City,Indiranagar,,,Not Applicable,Customer was coughing/sick,Not Applicable,Not Applicable,681,Not Applicable,0,,
2024-07-21 22:18:00,CNR4797570160,Driver Not Found,CID173584,Prime SUV,Varthur,Vijayanagar,,,Not Applicable,Not Applicable,Not Applicable,Not Applicable,2700,Not Applicable,0,,
2024-07-09 01:04:00,CNR7255489004,Canceled by Customer,CID743285,eBike,Kengeri,KR Puram,,,Driver is not moving towards pickup location,Not Applicable,Not Applicable,Not Applicable,813,Not Applicable,0,,
2024-07-29 01:30:00,CNR9414396139,Canceled by Driver,CID227717,Mini,BTM Layout,Peenya,,,Not Applicable,Customer related issue,Not Applicable,Not Applicable,235,Not Applicable,0,,
2024-07-04 02:55:00,CNR7436764122,Success,CID834664,Mini,Majestic,Chamarajpet,126.0,65.0,Not Applicable,Not Applicable,No,Not Applicable,1586,Cash,39,3.3,4.7
2024-07-28 14:31:00,CNR8208899138,Success,CID481020,Auto,Yeshwanthpur,JP Nagar,273.0,55.0,Not Applicable,Not Applicable,No,Not Applicable,431,Cash,3,3.3,4.7
2024-07-17 08:45:00,CNR8959712242,Success,CID991144,Auto,Kammanahalli,Electronic City,224.0,100.0,Not Applicable,Not Applicable,No,Not Applicable,972,Cash,7,3.8,4.8
2024-07-13 05:51:00,CNR1184479571,Canceled by Driver,CID337476,Bike,Kengeri,Bannerghatta Road,,,Not Applicable,Customer was coughing/sick,Not Applicable,Not Applicable,113,Not Applicable,0,,
2024-07-11 08:56:00,CNR5251040971,Driver Not Found,CID263825,Prime SUV,Basavanagudi,Devanahalli,,,Not Applicable,Not Applicable,Not Applicable,Not Applicable,472,Not Applicable,0,,
2024-07-24 06:39:00,CNR5916630184,Success,CID339335,Mini,Bannerghatta Road,Hosur Road,273.0,25.0,Not Applicable,Not Applicable,No,Not Applicable,159,UPI,36,3.3,4.2
2024-07-11 09:25:00,CNR4726896061,Canceled by Driver,CID631909,Mini,Rajajinagar,Bellandur,,,Not Applicable,Personal & Car related issue,Not Applicable,Not Applicable,359,Not Applicable,0,,
2024-07-26 11:49:00,CNR2505081131,Success,CID982337,eBike,Basavanagudi,Frazer Town,98.0,95.0,Not Applicable,Not Applicable,No,Not Applicable,307,UPI,37,4.8,4.5
2024-07-03 21:57:00,CNR5448566716,Success,CID975174,Prime Sedan,Peenya,Rajarajeshwari Nagar,77.0,110.0,Not Applicable,Not Applicable,No,Not Applicable,130,UPI,20,3.9,3.4
2024-07-24 01:02:00,CNR1066623618,Driver Not Found,CID382009,Mini,Indiranagar,Marathahalli,,,Not Applicable,Not Applicable,Not Applicable,Not Applicable,312,Not Applicable,0,,
2024-07-17 23:01:00,CNR6781458949,Driver Not Found,CID868662,Mini,KR Puram,Hennur,,,Not Applicable,Not Applicable,Not Applicable,Not Applicable,344,Not Applicable,0,,
2024-07-26 13:49:00,CNR3523374422,Success,CID254634,Prime SUV,Varthur,Yelahanka,168.0,105.0,Not Applicable,Not Applicable,No,Not Applicable,182,Cash,24,4.3,3.7
2024-07-07 15:58:00,CNR6379284342,Canceled by Driver,CID472529,Prime Plus,Frazer Town,Bellandur,,,Not Applicable,Customer was coughing/sick,Not Applicable,Not Applicable,148,Not Applicable,0,,
2024-07-28 02:40:00,CNR3546503807,Success,CID950923,Prime SUV,Sahakar Nagar,Bellandur,217.0,115.0,Not Applicable,Not Applicable,No,Not Applicable,327,UPI,27,4.3,4.3
2024-07-19 00:42:00,CNR3076083722,Canceled by Driver,CID743423,Prime SUV,Yelahanka,Hosur Road,,,Not Applicable,Personal & Car related issue,Not Applicable,Not Applicable,142,Not Applicable,0,,
2024-07-16 18:17:00,CNR9260452379,Canceled by Customer,CID322751,Auto,Hennur,Frazer Town,,,Driver asked to cancel,Not Applicable,Not Applicable,Not Applicable,560,Not Applicable,0,,
2024-07-02 04:14:00,CNR9433330894,Canceled by Driver,CID563932,eBike,Kengeri,Cox Town,,,Not Applicable,Personal & Car related issue,Not Applicable,Not Applicable,875,Not Applicable,0,,
2024-07-02 13:10:00,CNR8642817902,Success,CID983363,Prime SUV,Frazer Town,Shivajinagar,280.0,65.0,Not Applicable,Not Applicable,No,Not Applicable,331,Cash,38,4.7,4.8
2024-07-29 15:30:00,CNR8631131199,Canceled by Customer,CID573315,Prime Sedan,Bellandur,Bannerghatta Road,,,AC is Not working,Not Applicable,Not Applicable,Not Applicable,124,Not Applicable,0,,
2024-07-15 21:34:00,CNR5208940327,Success,CID437399,Prime Sedan,Indiranagar,Marathahalli,35.0,45.0,Not Applicable,Not Applicable,No,Not Applicable,392,Cash,46,4.6,4.9
2024-07-08 21:40:00,CNR4314300819,Success,CID693047,Prime SUV,Hebbal,MG Road,224.0,100.0,Not Applicable,Not Applicable,No,Not Applicable,291,UPI,12,3.8,3.0
2024-07-07 20:44:00,CNR4059463701,Success,CID168318,Auto,Rajarajeshwari Nagar,Padmanabhanagar,175.0,125.0,Not Applicable,Not Applicable,No,Not Applicable,826,UPI,14,5.0,4.7
2024-07-19 18:05:00,CNR2346441273,Success,CID660978,Mini,Cox Town,Tumkur Road,35.0,105.0,Not Applicable,Not Applicable,No,Not Applicable,2334,UPI,28,3.1,3.4
2024-07-18 22:36:00,CNR6935713912,Success,CID578045,eBike,Hennur,Koramangala,98.0,125.0,Not Applicable,Not Applicable,No,Not Applicable,187,UPI,4,3.9,3.5
2024-07-10 12:52:00,CNR1808167633,Success,CID404770,Mini,Shivajinagar,Kadugodi,224.0,25.0,Not Applicable,Not Applicable,No,Not Applicable,358,Cash,24,3.8,4.6
2024-07-01 16:14:00,CNR3842899599,Success,CID833999,eBike,Whitefield,RT Nagar,266.0,145.0,Not Applicable,Not Applicable,No,Not Applicable,319,Cash,26,4.2,4.9
2024-07-12 21:32:00,CNR8731185152,Canceled by Driver,CID310321,Mini,Hulimavu,Chickpet,,,Not Applicable,Customer was coughing/sick,Not Applicable,Not Applicable,284,Not Applicable,0,,
2024-07-10 16:23:00,CNR2710305764,Success,CID898270,Prime SUV,Hebbal,Basavanagudi,287.0,55.0,Not Applicable,Not Applicable,No,Not Applicable,106,Cash,36,3.2,3.2
2024-07-12 16:04:00,CNR2422447749,Success,CID247195,Prime Sedan,MG Road,Basavanagudi,238.0,35.0,Not Applicable,Not Applicable,No,Not Applicable,394,UPI,3,3.6,3.6
2024-07-13 15:13:00,CNR6489150839,Success,CID497251,Prime SUV,Sarjapur Road,Electronic City,238.0,25.0,Not Applicable,Not Applicable,No,Not Applicable,507,UPI,34,4.5,3.7
2024-07-21 16:07:00,CNR1850759664,Driver Not Found,CID676290,Prime Sedan,Shivajinagar,Kadugodi,,,Not Applicable,Not Applicable,Not Applicable,Not Applicable,914,Not Applicable,0,,
2024-07-12 08:54:00,CNR7109473981,Canceled by Customer,CID935072,Prime Plus,Shantinagar,Banashankari,,,Change of plans,Not Applicable,Not Applicable,Not Applicable,135,Not Applicable,0,,
2024-07-26 09:35:00,CNR2038904384,Success,CID933173,Prime SUV,Ulsoor,BTM Layout,147.0,85.0,Not Applicable,Not Applicable,No,Not Applicable,107,UPI,37,3.9,3.4
2024-07-29 03:07:00,CNR2976964203,Driver Not Found,CID796960,eBike,Shivajinagar,Cox Town,,,Not Applicable,Not Applicable,Not Applicable,Not Applicable,190,Not Applicable,0,,
2024-07-28 04:45:00,CNR9809194211,Success,CID307886,Prime Plus,Majestic,Padmanabhanagar,266.0,145.0,Not Applicable,Not Applicable,No,Not Applicable,934,Cash,38,4.5,4.7
2024-07-11 16:51:00,CNR8770025678,Success,CID482307,Prime Plus,Kammanahalli,Langford Town,161.0,30.0,Not Applicable,Not Applicable,No,Not Applicable,527,Cash,33,3.1,3.6
2024-07-18 08:26:00,CNR8320712496,Success,CID463130,Mini,Richmond Town,Shantinagar,266.0,40.0,Not Applicable,Not Applicable,No,Not Applicable,252,Cash,45,3.2,3.2
2024-07-06 05:14:00,CNR4921695412,Canceled by Driver,CID967661,eBike,Cox Town,Koramangala,,,Not Applicable,Customer related issue,Not Applicable,Not Applicable,780,Not Applicable,0,,
2024-07-19 07:36:00,CNR9722460455,Canceled by Driver,CID805777,Prime SUV,Hebbal,Basavanagudi,,,Not Applicable,Customer related issue,Not Applicable,Not Applicable,450,Not Applicable,0,,
2024-07-02 10:39:00,CNR5034561686,Driver Not Found,CID320645,Mini,Hebbal,Varthur,,,Not Applicable,Not Applicable,Not Applicable,Not Applicable,868,Not Applicable,0,,
2024-07-05 23:29:00,CNR9112575958,Success,CID505458,Prime SUV,Varthur,Rajarajeshwari Nagar,245.0,25.0,Not Applicable,Not Applicable,No,Not Applicable,457,UPI,49,4.0,4.5
2024-07-06 16:37:00,CNR3037172806,Success,CID739011,Prime SUV,Koramangala,Hulimavu,56.0,70.0,Not Applicable,Not Applicable,No,Not Applicable,253,Credit Card,49,3.1,5.0
2024-07-07 16:02:00,CNR3811951621,Success,CID734135,Bike,BTM Layout,Ramamurthy Nagar,301.0,40.0,Not Applicable,Not Applicable,No,Not Applicable,942,UPI,17,3.6,3.5
2024-07-24 05:21:00,CNR3438541203,Success,CID713594,Prime Sedan,Padmanabhanagar,Sahakar Nagar,301.0,125.0,Not Applicable,Not Applicable,No,Not Applicable,160,UPI,29,4.4,3.7
2024-07-14 12:33:00,CNR1272488024,Success,CID989514,Prime SUV,Banashankari,Sahakar Nagar,182.0,110.0,Not Applicable,Not Applicable,No,Not Applicable,781,UPI,44,3.6,3.8
2024-07-10 15:26:00,CNR3711997145,Canceled by Driver,CID147430,Mini,HSR Layout,Yeshwanthpur,,,Not Applicable,Customer was coughing/sick,Not Applicable,Not Applicable,174,Not Applicable,0,,
2024-07-03 13:14:00,CNR6609783820,Canceled by Driver,CID164821,Prime SUV,Vijayanagar,BTM Layout,,,Not Applicable,Customer was coughing/sick,Not Applicable,Not Applicable,210,Not Applicable,0,,
2024-07-26 02:14:00,CNR6674730611,Success,CID667583,Prime SUV,Tumkur Road,Peenya,91.0,60.0,Not Applicable,Not Applicable,No,Not Applicable,1506,Cash,45,3.2,3.4
2024-07-04 13:04:00,CNR8701195052,Success,CID256342,Mini,Yeshwanthpur,Chamarajpet,224.0,120.0,Not Applicable,Not Applicable,No,Not Applicable,412,UPI,46,4.9,3.9
2024-07-15 06:22:00,CNR1314875450,Success,CID893163,Bike,Whitefield,Yelahanka,119.0,40.0,Not Applicable,Not Applicable,No,Not Applicable,434,UPI,40,3.9,4.5
2024-07-12 22:08:00,CNR1358479438,Success,CID312791,Prime Sedan,Malleshwaram,Sarjapur Road,49.0,35.0,Not Applicable,Not Applicable,No,Not Applicable,114,UPI,12,4.5,3.9
2024-07-04 09:24:00,CNR4251856080,Success,CID806287,Prime Plus,Marathahalli,Richmond Town,112.0,60.0,Not Applicable,Not Applicable,No,Not Applicable,597,UPI,45,4.9,4.1
2024-07-06 06:57:00,CNR7324718935,Success,CID753137,Bike,Tumkur Road,Sarjapur Road,168.0,40.0,Not Applicable,Not Applicable,No,Not Applicable,140,Cash,3,4.7,4.1
2024-07-30 18:50:00,CNR9040280118,Canceled by Customer,CID782841,Prime Sedan,Hosur Road,Yelahanka,,,Change of plans,Not Applicable,Not Applicable,Not Applicable,479,Not Applicable,0,,
2024-07-08 03:11:00,CNR4798322757,Success,CID479524,Mini,Shivajinagar,Malleshwaram,119.0,130.0,Not Applicable,Not Applicable,No,Not Applicable,573,UPI,27,4.6,3.4
2024-07-17 11:15:00,CNR5299807459,Success,CID301867,eBike,Langford Town,Yelahanka,161.0,90.0,Not Applicable,Not Applicable,No,Not Applicable,175,Cash,34,4.2,3.5
2024-07-05 06:58:00,CNR9409128110,Success,CID771979,Prime Sedan,Chickpet,Ramamurthy Nagar,301.0,80.0,Not Applicable,Not Applicable,No,Not Applicable,481,UPI,17,4.1,4.0
2024-07-04 20:13:00,CNR2981293646,Success,CID555617,Prime Sedan,Hennur,Yeshwanthpur,287.0,135.0,Not Applicable,Not Applicable,Yes,Customer Demand,448,Cash,32,4.0,4.8
2024-07-15 04:11:00,CNR9680989392,Success,CID721793,Prime SUV,KR Puram,Koramangala,175.0,60.0,Not Applicable,Not Applicable,No,Not Applicable,147,UPI,38,4.3,3.8
2024-07-07 16:11:00,CNR9011007577,Success,CID392369,Prime Sedan,RT Nagar,Shantinagar,35.0,65.0,Not Applicable,Not Applicable,No,Not Applicable,477,Cash,41,3.3,4.3
2024-07-30 20:18:00,CNR8302646935,Canceled by Customer,CID853219,Auto,Nagarbhavi,Bannerghatta Road,,,Change of plans,Not Applicable,Not Applicable,Not Applicable,236,Not Applicable,0,,
2024-07-10 21:05:00,CNR3576341722,Canceled by Customer,CID100133,Bike,Kengeri,Banashankari,,,Change of plans,Not Applicable,Not Applicable,Not Applicable,244,Not Applicable,0,,
2024-07-15 11:50:00,CNR9230586296,Canceled by Driver,CID189302,Mini,Kengeri,Yelahanka,,,Not Applicable,Personal & Car related issue,Not Applicable,Not Applicable,205,Not Applicable,0,,
2024-07-14 08:31:00,CNR3360635666,Success,CID862159,Auto,Varthur,Electronic City,196.0,115.0,Not Applicable,Not Applicable,No,Not Applicable,1424,UPI,2,3.5,4.1
2024-07-08 17:54:00,CNR9306170389,Success,CID971206,Mini,Koramangala,Sarjapur Road,210.0,65.0,Not Applicable,Not Applicable,No,Not Applicable,165,UPI,15,4.2,3.6
2024-07-12 07:11:00,CNR4303222775,Success,CID919230,Prime Sedan,Vijayanagar,Sarjapur Road,189.0,110.0,Not Applicable,Not Applicable,No,Not Applicable,974,UPI,6,4.0,3.2
2024-07-19 21:16:00,CNR1261524691,Success,CID610016,Prime SUV,Kammanahalli,Bellandur,224.0,25.0,Not Applicable,Not Applicable,Yes,Vehicle Breakdown,1064,Cash,16,4.5,3.8
2024-07-19 09:54:00,CNR9324066837,Driver Not Found,CID161582,Mini,Jayanagar,Frazer Town,,,Not Applicable,Not Applicable,Not Applicable,Not Applicable,903,Not Applicable,0,,
2024-07-14 00:34:00,CNR8916146075,Canceled by Customer,CID272456,Auto,Mysore Road,Bellandur,,,Change of plans,Not Applicable,Not Applicable,Not Applicable,146,Not Applicable,0,,
2024-07-16 21:04:00,CNR1266115570,Success,CID384327,Prime Plus,Vijayanagar,Mysore Road,203.0,55.0,Not Applicable,Not Applicable,No,Not Applicable,187,UPI,36,3.6,4.8
2024-07-18 14:16:00,CNR8706650098,Driver Not Found,CID235246,Bike,Kadugodi,Bellandur,,,Not Applicable,Not Applicable,Not Applicable,Not Applicable,430,Not Applicable,0,,
2024-07-13 16:36:00,CNR7028038302,Driver Not Found,CID271409,Auto,Varthur,Kengeri,,,Not Applicable,Not Applicable,Not Applicable,Not Applicable,313,Not Applicable,0,,
2024-07-10 21:10:00,CNR8851608001,Driver Not Found,CID915854,Mini,BTM Layout,Hebbal,,,Not Applicable,Not Applicable,Not Applicable,Not Applicable,489,Not Applicable,0,,
2024-07-21 03:03:00,CNR8639914892,Success,CID999511,Prime Sedan,Mysore Road,Rajajinagar,133.0,95.0,Not Applicable,Not Applicable,Yes,Customer Demand,334,UPI,39,4.0,4.5
2024-07-25 10:01:00,CNR6249142209,Canceled by Customer,CID992302,Prime Plus,Bellandur,BTM Layout,,,Driver asked to cancel,Not Applicable,Not Applicable,Not Applicable,117,Not Applicable,0,,
2024-07-05 23:55:00,CNR9589098233,Success,CID220234,Bike,Rajajinagar,Vijayanagar,140.0,30.0,Not Applicable,Not Applicable,Yes,Customer Demand,2709,UPI,38,3.4,4.6
2024-07-24 05:44:00,CNR4864889496,Success,CID331916,Mini,Malleshwaram,Langford Town,63.0,100.0,Not Applicable,Not Applicable,No,Not Applicable,531,UPI,9,3.7,4.0
2024-07-14 19:19:00,CNR9221334163,Success,CID433234,Auto,Varthur,Tumkur Road,77.0,30.0,Not Applicable,Not Applicable,No,Not Applicable,1591,Cash,1,3.2,3.2
2024-07-13 15:45:00,CNR2645470761,Success,CID469826,Prime SUV,MG Road,Richmond Town,308.0,120.0,Not Applicable,Not Applicable,No,Not Applicable,122,Cash,3,4.2,3.7
2024-07-23 01:04:00,CNR6050819622,Success,CID384720,Prime SUV,Tumkur Road,Whitefield,77.0,55.0,Not Applicable,Not Applicable,No,Not Applicable,271,UPI,47,3.9,3.5
2024-07-14 20:07:00,CNR9560969760,Canceled by Customer,CID922021,eBike,KR Puram,Ulsoor,,,Wrong Address,Not Applicable,Not Applicable,Not Applicable,820,Not Applicable,0,,
2024-07-25 10:56:00,CNR3198284520,Success,CID173782,Prime Sedan,Majestic,Frazer Town,56.0,105.0,Not Applicable,Not Applicable,No,Not Applicable,466,Cash,19,4.7,4.6
2024-07-29 06:56:00,CNR5120712813,Driver Not Found,CID609805,Prime Plus,Kadugodi,Kammanahalli,,,Not Applicable,Not Applicable,Not Applicable,Not Applicable,508,Not Applicable,0,,
2024-07-06 16:54:00,CNR1387974339,Driver Not Found,CID660090,Bike,RT Nagar,Kammanahalli,,,Not Applicable,Not Applicable,Not Applicable,Not Applicable,2183,Not Applicable,0,,
2024-07-01 03:17:00,CNR5279959175,Success,CID486486,Bike,Richmond Town,Varthur,245.0,100.0,Not Applicable,Not Applicable,No,Not Applicable,106,UPI,16,4.2,4.8
2024-07-25 00:47:00,CNR7609140616,Driver Not Found,CID621708,Bike,Padmanabhanagar,RT Nagar,,,Not Applicable,Not Applicable,Not Applicable,Not Applicable,417,Not Applicable,0,,
2024-07-10 11:59:00,CNR6349360179,Driver Not Found,CID388733,Mini,Marathahalli,Hulimavu,,,Not Applicable,Not Applicable,Not Applicable,Not Applicable,313,Not Applicable,0,,
2024-07-05 10:05:00,CNR4959805894,Canceled by Driver,CID608010,Prime SUV,Electronic City,Chickpet,,,Not Applicable,More than permitted people in there,Not Applicable,Not Applicable,342,Not Applicable,0,,
2024-07-21 03:02:00,CNR6637955156,Canceled by Driver,CID487736,Prime SUV,Rajarajeshwari Nagar,Tumkur Road,,,Not Applicable,Personal & Car related issue,Not Applicable,Not Applicable,284,Not Applicable,0,,
2024-07-21 21:08:00,CNR2362300926,Success,CID468566,Prime Plus,Sahakar Nagar,Jayanagar,42.0,30.0,Not Applicable,Not Applicable,No,Not Applicable,210,UPI,37,5.0,3.2
2024-07-30 12:36:00,CNR2455403691,Driver Not Found,CID128940,Prime SUV,KR Puram,KR Puram,,,Not Applicable,Not Applicable,Not Applicable,Not Applicable,168,Not Applicable,0,,
2024-07-15 08:56:00,CNR4412756421,Canceled by Driver,CID816591,Prime SUV,Koramangala,Shantinagar,,,Not Applicable,Customer was coughing/sick,Not Applicable,Not Applicable,134,Not Applicable,0,,
2024-07-28 11:00:00,CNR5963346815,Success,CID849724,Bike,JP Nagar,Basavanagudi,77.0,65.0,Not Applicable,Not Applicable,No,Not Applicable,379,UPI,22,4.5,4.7
2024-07-07 06:40:00,CNR8471306342,Driver Not Found,CID178246,Auto,Hulimavu,Ulsoor,,,Not Applicable,Not Applicable,Not Applicable,Not Applicable,159,Not Applicable,0,,
2024-07-11 09:47:00,CNR5987890312,Success,CID692586,eBike,Tumkur Road,Hebbal,245.0,70.0,Not Applicable,Not Applicable,No,Not Applicable,490,Debit Card,36,4.7,3.3
2024-07-16 19:37:00,CNR8777247034,Canceled by Driver,CID314099,eBike,RT Nagar,Ramamurthy Nagar,,,Not Applicable,Customer was coughing/sick,Not Applicable,Not Applicable,205,Not Applicable,0,,
2024-07-06 22:11:00,CNR4691845203,Success,CID642860,Bike,BTM Layout,Whitefield,91.0,50.0,Not Applicable,Not Applicable,No,Not Applicable,253,UPI,43,3.8,4.3
2024-07-05 17:50:00,CNR1214614997,Success,CID610151,Mini,Padmanabhanagar,Hennur,301.0,125.0,Not Applicable,Not Applicable,No,Not Applicable,654,Credit Card,41,4.3,3.3
2024-07-15 02:36:00,CNR3295052699,Success,CID730885,Bike,Kadugodi,Hulimavu,210.0,140.0,Not Applicable,Not Applicable,No,Not Applicable,128,UPI,38,4.3,4.3
2024-07-10 15:35:00,CNR8583156611,Canceled by Driver,CID367197,eBike,Kengeri,Shantinagar,,,Not Applicable,Personal & Car related issue,Not Applicable,Not Applicable,222,Not Applicable,0,,
2024-07-09 23:00:00,CNR7113728084,Canceled by Customer,CID926849,Bike,Banashankari,Whitefield,,,Driver is not moving towards pickup location,Not Applicable,Not Applicable,Not Applicable,384,Not Applicable,0,,
2024-07-27 15:43:00,CNR3555451784,Success,CID901901,Prime SUV,Hosur Road,Koramangala,119.0,70.0,Not Applicable,Not Applicable,No,Not Applicable,385,Cash,26,3.6,4.6
2024-07-08 13:48:00,CNR4640097725,Success,CID615722,Prime Plus,MG Road,Kengeri,126.0,105.0,Not Applicable,Not Applicable,No,Not Applicable,129,UPI,16,3.8,4.0
2024-07-12 16:17:00,CNR7648803182,Canceled by Driver,CID963250,Auto,Nagarbhavi,Varthur,,,Not Applicable,Personal & Car related issue,Not Applicable,Not Applicable,133,Not Applicable,0,,
2024-07-10 03:56:00,CNR4626137014,Success,CID954083,Prime Sedan,Peenya,Magadi Road,287.0,75.0,Not Applicable,Not Applicable,No,Not Applicable,408,Cash,9,4.0,4.5
2024-07-30 15:34:00,CNR5934621680,Canceled by Driver,CID404762,Mini,Chamarajpet,Vijayanagar,,,Not Applicable,Personal & Car related issue,Not Applicable,Not Applicable,483,Not Applicable,0,,
2024-07-02 03:08:00,CNR5447614681,Success,CID131634,Auto,Mysore Road,BTM Layout,196.0,125.0,Not Applicable,Not Applicable,No,Not Applicable,467,UPI,4,4.8,4.4
2024-07-17 14:44:00,CNR1153274519,Success,CID864297,Prime Sedan,KR Puram,Magadi Road,168.0,135.0,Not Applicable,Not Applicable,No,Not Applicable,494,UPI,38,3.7,4.8
2024-07-15 07:13:00,CNR4746060648,Canceled by Driver,CID661943,Auto,Hulimavu,Whitefield,,,Not Applicable,Customer was coughing/sick,Not Applicable,Not Applicable,424,Not Applicable,0,,
2024-07-09 05:33:00,CNR3818104801,Success,CID738949,Mini,Bannerghatta Road,Kengeri,182.0,125.0,Not Applicable,Not Applicable,No,Not Applicable,787,Cash,42,4.5,4.3
2024-07-18 20:31:00,CNR1637618093,Success,CID782351,Mini,Malleshwaram,Marathahalli,238.0,105.0,Not Applicable,Not Applicable,No,Not Applicable,975,Cash,5,3.4,3.9
2024-07-17 07:13:00,CNR6678308159,Success,CID922043,Mini,Mysore Road,Sarjapur Road,245.0,140.0,Not Applicable,Not Applicable,No,Not Applicable,124,Cash,14,4.2,4.4
2024-07-04 04:08:00,CNR1701233333,Success,CID876082,Bike,Tumkur Road,Indiranagar,140.0,145.0,Not Applicable,Not Applicable,No,Not Applicable,1530,Cash,20,3.8,4.9
2024-07-25 10:09:00,CNR2814441242,Driver Not Found,CID305064,Mini,Frazer Town,RT Nagar,,,Not Applicable,Not Applicable,Not Applicable,Not Applicable,249,Not Applicable,0,,
2024-07-11 20:27:00,CNR1623429721,Success,CID985966,Prime SUV,Padmanabhanagar,Ramamurthy Nagar,161.0,120.0,Not Applicable,Not Applicable,No,Not Applicable,980,UPI,3,4.2,3.3
2024-07-20 16:32:00,CNR9590743788,Canceled by Customer,CID786696,Prime Sedan,Vijayanagar,Rajarajeshwari Nagar,,,Wrong Address,Not Applicable,Not Applicable,Not Applicable,234,Not Applicable,0,,
2024-07-15 21:30:00,CNR7454282792,Success,CID909631,Auto,Peenya,Majestic,42.0,125.0,Not Applicable,Not Applicable,No,Not Applicable,741,Cash,8,3.5,3.3
2024-07-22 05:46:00,CNR3764443626,Driver Not Found,CID683838,eBike,Peenya,Jayanagar,,,Not Applicable,Not Applicable,Not Applicable,Not Applicable,1894,Not Applicable,0,,
2024-07-21 12:55:00,CNR5430505459,Canceled by Driver,CID653255,Auto,Sarjapur Road,Yelahanka,,,Not Applicable,Personal & Car related issue,Not Applicable,Not Applicable,2474,Not Applicable,0,,
2024-07-17 06:20:00,CNR9714083756,Success,CID453504,Bike,Shivajinagar,Chamarajpet,154.0,140.0,Not Applicable,Not Applicable,No,Not Applicable,138,Cash,45,4.4,4.7
2024-07-05 22:40:00,CNR9849619806,Success,CID679694,Prime SUV,Chamarajpet,Koramangala,133.0,120.0,Not Applicable,Not Applicable,No,Not Applicable,320,UPI,32,4.1,3.5
2024-07-23 07:36:00,CNR2314463702,Canceled by Customer,CID658619,eBike,Majestic,Indiranagar,,,Change of plans,Not Applicable,Not Applicable,Not Applicable,117,Not Applicable,0,,
2024-07-20 14:57:00,CNR3532411381,Canceled by Driver,CID236090,Bike,KR Puram,Electronic City,,,Not Applicable,Customer related issue,Not Applicable,Not Applicable,309,Not Applicable,0,,
2024-07-26 04:23:00,CNR3562696904,Driver Not Found,CID652837,Prime Sedan,Bellandur,BTM Layout,,,Not Applicable,Not Applicable,Not Applicable,Not Applicable,434,Not Applicable,0,,
2024-07-13 00:41:00,CNR8081823315,Driver Not Found,CID451177,Prime Plus,Indiranagar,Ulsoor,,,Not Applicable,Not Applicable,Not Applicable,Not Applicable,1872,Not Applicable,0,,
2024-07-24 22:36:00,CNR9564835863,Success,CID515780,Prime SUV,Cox Town,Rajarajeshwari Nagar,196.0,140.0,Not Applicable,Not Applicable,No,Not Applicable,285,UPI,28,3.6,3.1
2024-07-24 17:47:00,CNR8689589515,Canceled by Driver,CID396221,eBike,Kengeri,Banashankari,,,Not Applicable,Customer was coughing/sick,Not Applicable,Not Applicable,412,Not Applicable,0,,
2024-07-10 22:30:00,CNR5636621802,Success,CID953327,Bike,JP Nagar,Banashankari,35.0,115.0,Not Applicable,Not Applicable,No,Not Applicable,929,Cash,34,4.4,3.4
2024-07-20 11:45:00,CNR5117475045,Canceled by Driver,CID173674,Bike,Ulsoor,HSR Layout,,,Not Applicable,Customer related issue,Not Applicable,Not Applicable,463,Not Applicable,0,,
2024-07-22 21:47:00,CNR3550565500,Success,CID677844,eBike,Mysore Road,MG Road,280.0,55.0,Not Applicable,Not Applicable,Yes,Customer Demand,295,Cash,24,3.0,3.5
2024-07-11 01:08:00,CNR5853454248,Success,CID894021,Prime SUV,Koramangala,Rajajinagar,182.0,80.0,Not Applicable,Not Applicable,No,Not Applicable,708,Cash,27,4.5,4.0
2024-07-19 20:03:00,CNR3877332727,Canceled by Customer,CID125609,eBike,Hosur Road,Shantinagar,,,Driver is not moving towards pickup location,Not Applicable,Not Applicable,Not Applicable,888,Not Applicable,0,,
2024-07-11 15:08:00,CNR2595544890,Success,CID161209,Auto,Mysore Road,RT Nagar,224.0,45.0,Not Applicable,Not Applicable,No,Not Applicable,137,UPI,14,4.1,4.1
2024-07-01 04:51:00,CNR1522472842,Success,CID241487,eBike,Shantinagar,Padmanabhanagar,175.0,85.0,Not Applicable,Not Applicable,Yes,Other Issue,936,Cash,5,4.9,4.0
2024-07-10 04:53:00,CNR1898064012,Driver Not Found,CID712042,Prime Plus,Whitefield,Peenya,,,Not Applicable,Not Applicable,Not Applicable,Not Applicable,668,Not Applicable,0,,
2024-07-19 01:07:00,CNR9501522681,Success,CID880351,eBike,Bannerghatta Road,KR Puram,105.0,125.0,Not Applicable,Not Applicable,No,Not Applicable,362,Cash,47,3.7,3.9
2024-07-18 22:54:00,CNR1202446815,Success,CID977559,Prime Sedan,Hennur,Kadugodi,252.0,45.0,Not Applicable,Not Applicable,No,Not Applicable,293,UPI,43,3.2,4.4
2024-07-01 07:25:00,CNR5271932576,Success,CID897692,eBike,Yeshwanthpur,Devanahalli,63.0,120.0,Not Applicable,Not Applicable,No,Not Applicable,346,Cash,44,3.4,4.0
2024-07-15 08:41:00,CNR6967557317,Success,CID718458,eBike,Electronic City,MG Road,56.0,90.0,Not Applicable,Not Applicable,No,Not Applicable,418,UPI,41,3.6,3.1
2024-07-22 12:09:00,CNR2997877237,Canceled by Driver,CID632590,Bike,Sarjapur Road,Rajarajeshwari Nagar,,,Not Applicable,More than permitted people in there,Not Applicable,Not Applicable,723,Not Applicable,0,,
2024-07-15 04:57:00,CNR6774728506,Success,CID202957,Bike,Nagarbhavi,Mysore Road,210.0,70.0,Not Applicable,Not Applicable,No,Not Applicable,311,Cash,36,3.6,4.0
2024-07-01 02:41:00,CNR6703069678,Canceled by Customer,CID848507,Prime Plus,Banashankari,Yeshwanthpur,,,Wrong Address,Not Applicable,Not Applicable,Not Applicable,497,Not Applicable,0,,
2024-07-24 18:48:00,CNR9020182677,Success,CID353616,Auto,Padmanabhanagar,Shivajinagar,119.0,90.0,Not Applicable,Not Applicable,No,Not Applicable,425,UPI,4,3.2,4.6
2024-07-28 22:08:00,CNR5580987463,Success,CID808666,Prime SUV,Koramangala,Whitefield,105.0,120.0,Not Applicable,Not Applicable,No,Not Applicable,467,Credit Card,16,4.9,5.0
2024-07-05 01:10:00,CNR1907185081,Success,CID725213,Mini,Majestic,Padmanabhanagar,77.0,120.0,Not Applicable,Not Applicable,No,Not Applicable,380,Cash,47,4.5,3.2
2024-07-19 09:08:00,CNR4296604323,Canceled by Driver,CID632335,Bike,Chamarajpet,Marathahalli,,,Not Applicable,Customer related issue,Not Applicable,Not Applicable,406,Not Applicable,0,,
2024-07-13 05:54:00,CNR9502020055,Success,CID692263,Bike,Tumkur Road,Bannerghatta Road,98.0,80.0,Not Applicable,Not Applicable,No,Not Applicable,509,Cash,20,4.6,3.5
2024-07-18 08:49:00,CNR1431397849,Success,CID323213,Auto,Sahakar Nagar,Whitefield,203.0,120.0,Not Applicable,Not Applicable,No,Not Applicable,493,UPI,8,4.4,3.4
2024-07-03 09:24:00,CNR2953474101,Success,CID173833,Prime SUV,Marathahalli,Electronic City,147.0,50.0,Not Applicable,Not Applicable,No,Not Applicable,475,UPI,28,4.8,4.5
2024-07-29 03:32:00,CNR3057620984,Success,CID896258,Mini,Rajarajeshwari Nagar,Devanahalli,210.0,100.0,Not Applicable,Not Applicable,No,Not Applicable,1904,UPI,1,3.8,4.1
2024-07-17 17:21:00,CNR6881200785,Success,CID174480,Mini,MG Road,Langford Town,70.0,120.0,Not Applicable,Not Applicable,No,Not Applicable,341,UPI,34,3.1,4.9
2024-07-20 03:34:00,CNR1553715025,Success,CID719387,Prime Sedan,Chickpet,HSR Layout,259.0,35.0,Not Applicable,Not Applicable,No,Not Applicable,114,UPI,11,3.4,3.7
2024-07-30 02:21:00,CNR7911601404,Success,CID999487,Prime Sedan,Ulsoor,Cox Town,42.0,135.0,Not Applicable,Not Applicable,No,Not Applicable,387,Cash,13,4.3,4.6
2024-07-13 20:21:00,CNR7930037634,Driver Not Found,CID831205,Mini,Tumkur Road,Kengeri,,,Not Applicable,Not Applicable,Not Applicable,Not Applicable,1386,Not Applicable,0,,
2024-07-05 14:54:00,CNR9793519859,Canceled by Customer,CID782903,Bike,HSR Layout,BTM Layout,,,Driver asked to cancel,Not Applicable,Not Applicable,Not Applicable,393,Not Applicable,0,,
2024-07-05 16:19:00,CNR7961564180,Success,CID894704,Bike,Nagarbhavi,Yeshwanthpur,147.0,135.0,Not Applicable,Not Applicable,No,Not Applicable,440,UPI,16,5.0,3.1
2024-07-18 13:41:00,CNR6381458447,Canceled by Customer,CID753347,Prime SUV,Mysore Road,Hennur,,,Driver is not moving towards pickup location,Not Applicable,Not Applicable,Not Applicable,368,Not Applicable,0,,
2024-07-15 20:41:00,CNR4187085761,Success,CID146824,Bike,Rajajinagar,Kammanahalli,49.0,75.0,Not Applicable,Not Applicable,No,Not Applicable,2941,Cash,34,3.7,4.6
2024-07-01 10:29:00,CNR6702071890,Success,CID306110,Prime Sedan,Cox Town,Ramamurthy Nagar,70.0,145.0,Not Applicable,Not Applicable,No,Not Applicable,197,UPI,8,3.8,3.9
2024-07-17 17:16:00,CNR5658037248,Canceled by Customer,CID843168,Auto,Whitefield,Malleshwaram,,,Driver asked to cancel,Not Applicable,Not Applicable,Not Applicable,126,Not Applicable,0,,
2024-07-21 18:59:00,CNR1314635701,Success,CID536777,Prime Plus,Whitefield,JP Nagar,175.0,70.0,Not Applicable,Not Applicable,No,Not Applicable,1190,UPI,2,3.3,3.8
2024-07-26 10:41:00,CNR1104504567,Success,CID326444,Bike,Whitefield,Jayanagar,42.0,25.0,Not Applicable,Not Applicable,No,Not Applicable,327,UPI,17,4.1,4.7
2024-07-30 13:51:00,CNR3590537546,Canceled by Driver,CID449262,eBike,Ramamurthy Nagar,Ulsoor,,,Not Applicable,Personal & Car related issue,Not Applicable,Not Applicable,192,Not Applicable,0,,
2024-07-29 14:51:00,CNR9069415145,Canceled by Customer,CID989452,Prime Sedan,Rajajinagar,Indiranagar,,,Driver asked to cancel,Not Applicable,Not Applicable,Not Applicable,472,Not Applicable,0,,
2024-07-04 22:59:00,CNR7261184315,Canceled by Driver,CID511062,Bike,Kengeri,Hulimavu,,,Not Applicable,Personal & Car related issue,Not Applicable,Not Applicable,358,Not Applicable,0,,
2024-07-15 07:12:00,CNR2358848978,Driver Not Found,CID894788,Bike,Shivajinagar,Shivajinagar,,,Not Applicable,Not Applicable,Not Applicable,Not Applicable,2836,Not Applicable,0,,
2024-07-06 19:41:00,CNR2327421944,Canceled by Driver,CID880685,Auto,RT Nagar,Tumkur Road,,,Not Applicable,Customer related issue,Not Applicable,Not Applicable,429,Not Applicable,0,,
2024-07-01 09:12:00,CNR3751850674,Success,CID190338,Prime SUV,Peenya,Padmanabhanagar,224.0,135.0,Not Applicable,Not Applicable,No,Not Applicable,329,Cash,35,4.5,4.3
2024-07-02 22:37:00,CNR5123323766,Driver Not Found,CID249535,Prime Sedan,Basavanagudi,Mysore Road,,,Not Applicable,Not Applicable,Not Applicable,Not Applicable,103,Not Applicable,0,,
2024-07-19 20:48:00,CNR7980066492,Success,CID466614,Bike,Indiranagar,JP Nagar,210.0,140.0,Not Applicable,Not Applicable,Yes,Vehicle Breakdown,198,Cash,33,4.2,4.9
2024-07-30 02:17:00,CNR3852225074,Success,CID780055,Bike,Kammanahalli,Majestic,119.0,135.0,Not Applicable,Not Applicable,No,Not Applicable,339,UPI,24,3.7,4.9
2024-07-06 14:27:00,CNR8993534264,Success,CID865461,Auto,Marathahalli,Bellandur,252.0,50.0,Not Applicable,Not Applicable,No,Not Applicable,488,Cash,11,3.7,3.5
2024-07-13 14:39:00,CNR1631585351,Success,CID733002,Mini,Vijayanagar,Hennur,175.0,55.0,Not Applicable,Not Applicable,Yes,Customer Demand,201,UPI,22,3.8,3.1
2024-07-16 07:31:00,CNR5592259188,Success,CID128746,Auto,JP Nagar,Langford Town,259.0,140.0,Not Applicable,Not Applicable,No,Not Applicable,2601,Cash,5,3.4,4.1
2024-07-12 13:14:00,CNR6747745632,Success,CID352311,Auto,Padmanabhanagar,Bannerghatta Road,70.0,55.0,Not Applicable,Not Applicable,No,Not Applicable,105,Cash,19,3.8,4.7
2024-07-18 02:42:00,CNR6147514577,Canceled by Customer,CID685311,eBike,Majestic,Kengeri,,,Driver is not moving towards pickup location,Not Applicable,Not Applicable,Not Applicable,288,Not Applicable,0,,
2024-07-04 10:46:00,CNR9536848679,Success,CID671510,Mini,Mysore Road,BTM Layout,56.0,85.0,Not Applicable,Not Applicable,No,Not Applicable,110,Cash,9,3.1,4.8
2024-07-23 02:46:00,CNR6295194657,Canceled by Driver,CID228724,Prime SUV,Electronic City,Shivajinagar,,,Not Applicable,Customer was coughing/sick,Not Applicable,Not Applicable,286,Not Applicable,0,,
2024-07-16 18:17:00,CNR9605955973,Success,CID249951,eBike,Sahakar Nagar,Bellandur,280.0,70.0,Not Applicable,Not Applicable,No,Not Applicable,290,Cash,7,4.7,4.6
2024-07-08 09:42:00,CNR7316586073,Success,CID325058,Prime Plus,Cox Town,Bellandur,203.0,90.0,Not Applicable,Not Applicable,No,Not Applicable,384,UPI,17,5.0,3.6
2024-07-21 19:32:00,CNR4436402194,Success,CID645530,Bike,Varthur,Kammanahalli,140.0,65.0,Not Applicable,Not Applicable,No,Not Applicable,413,UPI,7,4.0,3.9
2024-07-24 18:09:00,CNR1745762046,Success,CID471370,Prime SUV,Kammanahalli,Shantinagar,126.0,60.0,Not Applicable,Not Applicable,No,Not Applicable,289,UPI,48,4.2,3.1
2024-07-15 12:52:00,CNR8976430486,Success,CID707549,Prime Plus,Hosur Road,Chamarajpet,42.0,115.0,Not Applicable,Not Applicable,No,Not Applicable,329,UPI,8,3.8,3.9
2024-07-27 21:16:00,CNR9072338810,Success,CID360817,Auto,Rajarajeshwari Nagar,Mysore Road,147.0,80.0,Not Applicable,Not Applicable,No,Not Applicable,499,Cash,10,3.6,4.0
2024-07-30 18:44:00,CNR7356149851,Canceled by Driver,CID399422,Bike,Shantinagar,Sarjapur Road,,,Not Applicable,Customer was coughing/sick,Not Applicable,Not Applicable,365,Not Applicable,0,,
2024-07-06 20:03:00,CNR5423666124,Canceled by Driver,CID259785,Auto,Chickpet,Hennur,,,Not Applicable,Personal & Car related issue,Not Applicable,Not Applicable,445,Not Applicable,0,,
2024-07-15 08:44:00,CNR3889031413,Canceled by Customer,CID638657,Prime Plus,Indiranagar,Magadi Road,,,Driver asked to cancel,Not Applicable,Not Applicable,Not Applicable,262,Not Applicable,0,,
2024-07-17 15:49:00,CNR6409143456,Success,CID874167,Prime Plus,Bannerghatta Road,Rajajinagar,161.0,115.0,Not Applicable,Not Applicable,No,Not Applicable,226,Cash,6,4.8,3.6
2024-07-27 00:26:00,CNR3794590146,Success,CID143789,Prime Sedan,Shantinagar,Magadi Road,133.0,85.0,Not Applicable,Not Applicable,Yes,Vehicle Breakdown,163,Cash,46,3.2,3.7
2024-07-01 00:40:00,CNR9343942272,Success,CID866697,Bike,Basavanagudi,Peenya,119.0,95.0,Not Applicable,Not Applicable,No,Not Applicable,422,Cash,11,4.9,3.3
2024-07-11 21:01:00,CNR5460142452,Success,CID832436,Prime SUV,MG Road,Hennur,112.0,105.0,Not Applicable,Not Applicable,No,Not Applicable,478,UPI,18,3.8,3.1
2024-07-12 05:52:00,CNR3733683053,Canceled by Driver,CID174100,eBike,BTM Layout,Banashankari,,,Not Applicable,Customer was coughing/sick,Not Applicable,Not Applicable,292,Not Applicable,0,,
2024-07-02 21:21:00,CNR9477338620,Success,CID120821,Prime Plus,Sarjapur Road,Electronic City,56.0,115.0,Not Applicable,Not Applicable,No,Not Applicable,348,Cash,45,3.5,4.8
2024-07-08 04:17:00,CNR6523186710,Canceled by Driver,CID324214,Bike,Nagarbhavi,MG Road,,,Not Applicable,More than permitted people in there,Not Applicable,Not Applicable,116,Not Applicable,0,,
2024-07-30 05:59:00,CNR1598863104,Canceled by Customer,CID162507,Prime Plus,Ramamurthy Nagar,Langford Town,,,Driver is not moving towards pickup location,Not Applicable,Not Applicable,Not Applicable,399,Not Applicable,0,,
2024-07-30 10:46:00,CNR7392238827,Success,CID847985,Prime Plus,Tumkur Road,Hebbal,273.0,60.0,Not Applicable,Not Applicable,No,Not Applicable,441,UPI,20,3.2,5.0
2024-07-22 02:56:00,CNR1550122759,Canceled by Driver,CID425386,Prime SUV,Richmond Town,Electronic City,,,Not Applicable,Customer related issue,Not Applicable,Not Applicable,138,Not Applicable,0,,
2024-07-11 04:43:00,CNR8103247549,Driver Not Found,CID660176,Mini,Kadugodi,JP Nagar,,,Not Applicable,Not Applicable,Not Applicable,Not Applicable,936,Not Applicable,0,,
2024-07-12 03:51:00,CNR4122186158,Success,CID452723,Prime SUV,Ramamurthy Nagar,RT Nagar,119.0,110.0,Not Applicable,Not Applicable,No,Not Applicable,1065,Cash,39,3.5,3.3
2024-07-01 21:43:00,CNR1151027971,Success,CID892771,eBike,Indiranagar,JP Nagar,252.0,55.0,Not Applicable,Not Applicable,No,Not Applicable,128,Cash,36,3.4,4.2
2024-07-04 23:01:00,CNR2023079510,Canceled by Customer,CID329301,Prime Sedan,Devanahalli,Banashankari,,,Change of plans,Not Applicable,Not Applicable,Not Applicable,450,Not Applicable,0,,
2024-07-08 04:02:00,CNR8867637331,Success,CID849572,Mini,KR Puram,Rajajinagar,161.0,90.0,Not Applicable,Not Applicable,No,Not Applicable,147,Cash,18,3.5,4.8
2024-07-08 18:02:00,CNR9146601538,Canceled by Customer,CID871728,Prime Plus,Yeshwanthpur,Koramangala,,,Driver is not moving towards pickup location,Not Applicable,Not Applicable,Not Applicable,575,Not Applicable,0,,
2024-07-11 19:43:00,CNR1448986122,Success,CID964102,Mini,Bellandur,Yeshwanthpur,35.0,30.0,Not Applicable,Not Applicable,No,Not Applicable,154,Cash,48,4.2,3.6
2024-07-08 02:05:00,CNR8122905405,Success,CID513429,Prime Plus,Ramamurthy Nagar,Malleshwaram,119.0,70.0,Not Applicable,Not Applicable,No,Not Applicable,265,Cash,20,3.3,4.9
2024-07-07 19:54:00,CNR6661271772,Canceled by Driver,CID824953,Prime SUV,Sahakar Nagar,Yelahanka,,,Not Applicable,Customer related issue,Not Applicable,Not Applicable,276,Not Applicable,0,,
2024-07-22 16:17:00,CNR6054367589,Success,CID210113,Bike,HSR Layout,Majestic,140.0,60.0,Not Applicable,Not Applicable,No,Not Applicable,137,Cash,27,3.6,3.3
2024-07-02 07:32:00,CNR4242179199,Success,CID458874,Auto,Nagarbhavi,Rajarajeshwari Nagar,63.0,75.0,Not Applicable,Not Applicable,No,Not Applicable,406,Credit Card,18,3.9,3.5
2024-07-16 21:13:00,CNR5471114931,Success,CID798562,eBike,Ramamurthy Nagar,Rajajinagar,56.0,60.0,Not Applicable,Not Applicable,No,Not Applicable,516,Cash,20,3.1,3.4
2024-07-24 00:49:00,CNR4628354537,Canceled by Customer,CID848643,Bike,Chickpet,Devanahalli,,,AC is Not working,Not Applicable,Not Applicable,Not Applicable,857,Not Applicable,0,,
2024-07-18 12:24:00,CNR5511334089,Success,CID734358,Prime Plus,JP Nagar,Sarjapur Road,168.0,30.0,Not Applicable,Not Applicable,No,Not Applicable,527,Cash,5,3.5,4.9
2024-07-08 04:42:00,CNR1178798095,Success,CID318433,Prime Plus,KR Puram,Sarjapur Road,210.0,145.0,Not Applicable,Not Applicable,No,Not Applicable,450,UPI,48,3.3,4.0
2024-07-07 08:24:00,CNR5501915065,Success,CID881252,Prime Plus,Shivajinagar,Richmond Town,119.0,110.0,Not Applicable,Not Applicable,No,Not Applicable,336,Cash,8,4.9,3.8
2024-07-19 12:22:00,CNR5905404657,Canceled by Customer,CID404410,Prime Sedan,Chickpet,Banashankari,,,Driver is not moving towards pickup location,Not Applicable,Not Applicable,Not Applicable,447,Not Applicable,0,,
2024-07-18 02:41:00,CNR6473540143,Driver Not Found,CID681428,Prime Plus,Ulsoor,Koramangala,,,Not Applicable,Not Applicable,Not Applicable,Not Applicable,346,Not Applicable,0,,
2024-07-24 06:08:00,CNR8075748133,Driver Not Found,CID234374,Bike,Yelahanka,Banashankari,,,Not Applicable,Not Applicable,Not Applicable,Not Applicable,368,Not Applicable,0,,
2024-07-17 13:06:00,CNR6598213857,Driver Not Found,CID968923,Prime Plus,Hennur,KR Puram,,,Not Applicable,Not Applicable,Not Applicable,Not Applicable,431,Not Applicable,0,,
2024-07-17 20:56:00,CNR2045684065,Canceled by Driver,CID466457,Bike,Langford Town,Hennur,,,Not Applicable,Customer related issue,Not Applicable,Not Applicable,840,Not Applicable,0,,
2024-07-03 22:01:00,CNR2821541538,Success,CID536117,Prime SUV,Peenya,Kammanahalli,245.0,105.0,Not Applicable,Not Applicable,No,Not Applicable,425,UPI,13,4.0,3.1
2024-07-13 18:07:00,CNR8564174994,Canceled by Customer,CID172576,Mini,Vijayanagar,Rajajinagar,,,Driver is not moving towards pickup location,Not Applicable,Not Applicable,Not Applicable,362,Not Applicable,0,,
2024-07-22 04:45:00,CNR7315989506,Canceled by Driver,CID870382,Bike,Sahakar Nagar,Rajajinagar,,,Not Applicable,Personal & Car related issue,Not Applicable,Not Applicable,273,Not Applicable,0,,
2024-07-22 12:04:00,CNR9511112238,Success,CID502388,Prime SUV,Hosur Road,Ulsoor,308.0,80.0,Not Applicable,Not Applicable,No,Not Applicable,239,UPI,14,4.9,4.6
2024-07-17 05:30:00,CNR8567796564,Success,CID783047,Prime SUV,Frazer Town,Tumkur Road,301.0,110.0,Not Applicable,Not Applicable,No,Not Applicable,407,UPI,30,3.2,3.4
2024-07-12 01:30:00,CNR9468825524,Canceled by Customer,CID894811,eBike,Yelahanka,Varthur,,,Driver asked to cancel,Not Applicable,Not Applicable,Not Applicable,446,Not Applicable,0,,
2024-07-14 16:05:00,CNR5122879775,Driver Not Found,CID770266,Prime Sedan,Indiranagar,Jayanagar,,,Not Applicable,Not Applicable,Not Applicable,Not Applicable,257,Not Applicable,0,,
2024-07-14 03:51:00,CNR6510852011,Success,CID428118,Auto,Padmanabhanagar,Cox Town,301.0,115.0,Not Applicable,Not Applicable,No,Not Applicable,694,UPI,17,3.6,3.3
2024-07-24 13:48:00,CNR6926284343,Success,CID347438,eBike,Banashankari,Shivajinagar,210.0,85.0,Not Applicable,Not Applicable,No,Not Applicable,239,Cash,29,3.7,3.4
2024-07-23 17:32:00,CNR6689148806,Success,CID301043,Auto,Kammanahalli,Basavanagudi,203.0,115.0,Not Applicable,Not Applicable,No,Not Applicable,869,Cash,13,3.4,3.1
2024-07-29 14:14:00,CNR4703118537,Canceled by Customer,CID556554,Auto,Mysore Road,Peenya,,,AC is Not working,Not Applicable,Not Applicable,Not Applicable,340,Not Applicable,0,,
2024-07-10 13:53:00,CNR6689176222,Success,CID458756,Prime Plus,Bellandur,Peenya,49.0,105.0,Not Applicable,Not Applicable,No,Not Applicable,189,UPI,17,4.2,4.5
2024-07-18 11:28:00,CNR6686132072,Success,CID320477,Bike,Rajarajeshwari Nagar,Padmanabhanagar,252.0,95.0,Not Applicable,Not Applicable,No,Not Applicable,220,UPI,18,4.1,4.4
2024-07-14 05:11:00,CNR3566331201,Canceled by Driver,CID947141,eBike,Frazer Town,Whitefield,,,Not Applicable,Personal & Car related issue,Not Applicable,Not Applicable,374,Not Applicable,0,,
2024-07-17 19:06:00,CNR5893015320,Success,CID160284,Bike,BTM Layout,Varthur,280.0,60.0,Not Applicable,Not Applicable,No,Not Applicable,188,UPI,13,4.7,3.1
2024-07-03 08:17:00,CNR4864090848,Success,CID367314,Prime Plus,Ramamurthy Nagar,BTM Layout,287.0,60.0,Not Applicable,Not Applicable,No,Not Applicable,246,Cash,49,3.3,4.4
2024-07-02 15:00:00,CNR7263564330,Success,CID845187,Prime Sedan,Banashankari,Shantinagar,98.0,80.0,Not Applicable,Not Applicable,No,Not Applicable,944,UPI,16,3.9,3.7
2024-07-16 08:47:00,CNR8418784633,Success,CID487995,eBike,Jayanagar,MG Road,42.0,120.0,Not Applicable,Not Applicable,No,Not Applicable,477,Cash,14,3.4,4.5
2024-07-18 16:02:00,CNR9051933769,Canceled by Driver,CID443002,Prime SUV,Nagarbhavi,Cox Town,,,Not Applicable,Personal & Car related issue,Not Applicable,Not Applicable,119,Not Applicable,0,,
2024-07-09 03:27:00,CNR2831125378,Success,CID602098,Prime SUV,Kengeri,Banashankari,147.0,45.0,Not Applicable,Not Applicable,No,Not Applicable,406,UPI,19,4.3,4.9
2024-07-03 03:33:00,CNR6263345114,Success,CID676912,Mini,Malleshwaram,Vijayanagar,140.0,30.0,Not Applicable,Not Applicable,No,Not Applicable,372,Cash,20,4.6,3.0
2024-07-28 05:59:00,CNR1772040888,Success,CID331784,Mini,Kadugodi,Koramangala,35.0,80.0,Not Applicable,Not Applicable,No,Not Applicable,1052,Credit Card,23,3.6,3.9
2024-07-09 20:44:00,CNR3291482342,Success,CID803555,Prime Plus,BTM Layout,Hebbal,245.0,65.0,Not Applicable,Not Applicable,No,Not Applicable,2274,Cash,3,4.9,4.5
2024-07-01 14:04:00,CNR3135933596,Success,CID985448,eBike,Shivajinagar,Padmanabhanagar,56.0,70.0,Not Applicable,Not Applicable,No,Not Applicable,705,Cash,48,3.4,4.7
2024-07-26 14:24:00,CNR6506499298,Canceled by Driver,CID446939,Mini,KR Puram,HSR Layout,,,Not Applicable,Customer related issue,Not Applicable,Not Applicable,202,Not Applicable,0,,
2024-07-20 15:15:00,CNR4608403057,Driver Not Found,CID642341,Bike,Sarjapur Road,JP Nagar,,,Not Applicable,Not Applicable,Not Applicable,Not Applicable,288,Not Applicable,0,,
2024-07-23 04:48:00,CNR7870451762,Canceled by Driver,CID127810,Prime Sedan,KR Puram,Rajajinagar,,,Not Applicable,More than permitted people in there,Not Applicable,Not Applicable,221,Not Applicable,0,,
2024-07-22 10:44:00,CNR5623276160,Success,CID115668,eBike,Bellandur,Kadugodi,189.0,75.0,Not Applicable,Not Applicable,No,Not Applicable,342,UPI,47,3.1,4.5
2024-07-27 17:54:00,CNR1037618781,Driver Not Found,CID818676,Prime Sedan,RT Nagar,Shantinagar,,,Not Applicable,Not Applicable,Not Applicable,Not Applicable,2216,Not Applicable,0,,
2024-07-19 03:28:00,CNR8436723031,Success,CID432009,Prime SUV,Chickpet,BTM Layout,119.0,95.0,Not Applicable,Not Applicable,No,Not Applicable,370,UPI,44,3.3,3.6
2024-07-07 11:56:00,CNR8386100096,Success,CID871682,Prime Plus,Basavanagudi,Frazer Town,91.0,45.0,Not Applicable,Not Applicable,No,Not Applicable,461,UPI,38,4.8,4.2
2024-07-11 22:02:00,CNR3432461863,Success,CID751600,Prime Plus,Ramamurthy Nagar,Vijayanagar,224.0,85.0,Not Applicable,Not Applicable,No,Not Applicable,397,UPI,1,4.2,4.8
2024-07-03 19:32:00,CNR7154298225,Success,CID599773,Auto,Malleshwaram,HSR Layout,280.0,145.0,Not Applicable,Not Applicable,No,Not Applicable,498,UPI,9,3.7,3.3
2024-07-23 04:38:00,CNR7031880657,Canceled by Driver,CID582328,Mini,RT Nagar,Ulsoor,,,Not Applicable,Customer was coughing/sick,Not Applicable,Not Applicable,202,Not Applicable,0,,
2024-07-05 18:03:00,CNR1381159207,Canceled by Customer,CID922568,Mini,Ramamurthy Nagar,JP Nagar,,,AC is Not working,Not Applicable,Not Applicable,Not Applicable,2884,Not Applicable,0,,
2024-07-14 00:55:00,CNR8977475519,Success,CID683756,Mini,Padmanabhanagar,Jayanagar,217.0,30.0,Not Applicable,Not Applicable,No,Not Applicable,580,UPI,29,4.4,4.5
2024-07-24 22:17:00,CNR1119560315,Success,CID705158,eBike,Basavanagudi,JP Nagar,189.0,85.0,Not Applicable,Not Applicable,No,Not Applicable,319,Cash,34,4.9,4.1
2024-07-23 19:34:00,CNR3043825942,Success,CID379896,Prime Plus,Ramamurthy Nagar,Magadi Road,154.0,75.0,Not Applicable,Not Applicable,No,Not Applicable,175,Cash,17,4.6,3.2
2024-07-03 01:43:00,CNR7719497241,Driver Not Found,CID188699,Mini,Ramamurthy Nagar,Indiranagar,,,Not Applicable,Not Applicable,Not Applicable,Not Applicable,609,Not Applicable,0,,
2024-07-18 11:49:00,CNR5054084179,Canceled by Driver,CID925821,eBike,Yelahanka,Langford Town,,,Not Applicable,Customer related issue,Not Applicable,Not Applicable,115,Not Applicable,0,,
2024-07-10 10:11:00,CNR9830986036,Canceled by Customer,CID165878,Mini,Malleshwaram,Varthur,,,Driver asked to cancel,Not Applicable,Not Applicable,Not Applicable,399,Not Applicable,0,,
2024-07-03 14:31:00,CNR4483983240,Success,CID683425,Bike,Kammanahalli,Whitefield,42.0,50.0,Not Applicable,Not Applicable,No,Not Applicable,380,UPI,5,4.2,4.4
2024-07-17 10:55:00,CNR1979002726,Success,CID248060,Bike,Mysore Road,Langford Town,112.0,100.0,Not Applicable,Not Applicable,No,Not Applicable,865,UPI,29,3.7,4.8
2024-07-08 18:41:00,CNR7224992506,Success,CID990479,Auto,Hennur,Hosur Road,140.0,145.0,Not Applicable,Not Applicable,No,Not Applicable,172,Cash,18,4.6,3.4
2024-07-20 20:01:00,CNR4044413957,Success,CID217226,Prime Sedan,Malleshwaram,Rajarajeshwari Nagar,133.0,80.0,Not Applicable,Not Applicable,No,Not Applicable,842,Cash,33,3.2,3.6
2024-07-06 14:12:00,CNR6773617488,Success,CID903619,Prime Sedan,Sahakar Nagar,Rajarajeshwari Nagar,154.0,75.0,Not Applicable,Not Applicable,No,Not Applicable,361,UPI,10,4.3,4.1
2024-07-30 21:14:00,CNR3257627903,Success,CID466840,Prime Sedan,Vijayanagar,Kengeri,42.0,30.0,Not Applicable,Not Applicable,No,Not Applicable,775,Cash,46,4.1,3.7
2024-07-25 02:52:00,CNR9596979795,Success,CID877791,eBike,Kammanahalli,Malleshwaram,287.0,95.0,Not Applicable,Not Applicable,No,Not Applicable,412,Cash,9,3.9,3.2
2024-07-24 10:05:00,CNR3556598563,Success,CID621838,Mini,Banashankari,Marathahalli,273.0,90.0,Not Applicable,Not Applicable,No,Not Applicable,310,Cash,2,4.1,3.1
2024-07-11 23:40:00,CNR1927314908,Success,CID407901,Bike,Shantinagar,Hulimavu,77.0,95.0,Not Applicable,Not Applicable,No,Not Applicable,156,Cash,49,3.5,4.5
2024-07-18 20:10:00,CNR6102449527,Driver Not Found,CID432807,Prime SUV,Jayanagar,Ramamurthy Nagar,,,Not Applicable,Not Applicable,Not Applicable,Not Applicable,131,Not Applicable,0,,
2024-07-27 11:27:00,CNR3791559999,Success,CID956938,eBike,Nagarbhavi,BTM Layout,112.0,145.0,Not Applicable,Not Applicable,No,Not Applicable,254,Cash,28,3.4,3.8
2024-07-23 22:44:00,CNR7113249304,Canceled by Customer,CID864346,Prime Sedan,Rajarajeshwari Nagar,Cox Town,,,Change of plans,Not Applicable,Not Applicable,Not Applicable,725,Not Applicable,0,,
2024-07-18 19:28:00,CNR6044034611,Success,CID189157,Prime Sedan,Chamarajpet,Peenya,217.0,60.0,Not Applicable,Not Applicable,No,Not Applicable,365,Cash,2,4.6,4.9
2024-07-13 18:49:00,CNR2962911761,Success,CID747120,Prime Sedan,Shivajinagar,Shivajinagar,217.0,95.0,Not Applicable,Not Applicable,No,Not Applicable,477,UPI,18,3.3,3.6
2024-07-29 00:43:00,CNR1380781592,Canceled by Customer,CID871348,Prime Plus,Langford Town,Majestic,,,Driver asked to cancel,Not Applicable,Not Applicable,Not Applicable,874,Not Applicable,0,,
2024-07-01 06:10:00,CNR6131133867,Success,CID902866,Prime Sedan,Whitefield,Indiranagar,273.0,25.0,Not Applicable,Not Applicable,No,Not Applicable,1475,Cash,9,3.8,4.1
2024-07-13 02:24:00,CNR6457417010,Canceled by Driver,CID617771,Prime SUV,Whitefield,Langford Town,,,Not Applicable,Customer was coughing/sick,Not Applicable,Not Applicable,264,Not Applicable,0,,
2024-07-29 10:06:00,CNR6925911273,Success,CID581414,Prime Sedan,Peenya,Tumkur Road,203.0,140.0,Not Applicable,Not Applicable,Yes,Customer Demand,847,Cash,31,4.7,4.2
2024-07-01 19:24:00,CNR7048343040,Canceled by Driver,CID933862,Mini,Indiranagar,Bannerghatta Road,,,Not Applicable,More than permitted people in there,Not Applicable,Not Applicable,368,Not Applicable,0,,
2024-07-23 20:34:00,CNR6610077180,Canceled by Driver,CID336078,Mini,Langford Town,Chickpet,,,Not Applicable,More than permitted people in there,Not Applicable,Not Applicable,363,Not Applicable,0,,
2024-07-14 23:21:00,CNR8058735925,Canceled by Driver,CID901018,Prime Plus,Devanahalli,Tumkur Road,,,Not Applicable,Customer related issue,Not Applicable,Not Applicable,593,Not Applicable,0,,
2024-07-28 22:12:00,CNR6953017538,Success,CID760989,Prime Sedan,Kammanahalli,Devanahalli,280.0,50.0,Not Applicable,Not Applicable,No,Not Applicable,819,Cash,21,4.2,4.6
2024-07-20 01:44:00,CNR1328779674,Canceled by Driver,CID811475,Bike,HSR Layout,Langford Town,,,Not Applicable,Personal & Car related issue,Not Applicable,Not Applicable,395,Not Applicable,0,,
2024-07-29 02:14:00,CNR8769302094,Canceled by Driver,CID645490,Auto,Whitefield,Jayanagar,,,Not Applicable,More than permitted people in there,Not Applicable,Not Applicable,386,Not Applicable,0,,
2024-07-05 18:22:00,CNR7552880328,Driver Not Found,CID438779,Prime Sedan,Banashankari,Electronic City,,,Not Applicable,Not Applicable,Not Applicable,Not Applicable,987,Not Applicable,0,,
2024-07-25 14:19:00,CNR7225279320,Driver Not Found,CID599044,Mini,Koramangala,Bannerghatta Road,,,Not Applicable,Not Applicable,Not Applicable,Not Applicable,116,Not Applicable,0,,
2024-07-29 17:57:00,CNR5675976612,Success,CID423702,Bike,Padmanabhanagar,Hulimavu,161.0,25.0,Not Applicable,Not Applicable,Yes,Customer Demand,367,UPI,9,4.9,4.0
2024-07-17 10:28:00,CNR1567544100,Canceled by Customer,CID800136,eBike,Banashankari,Hosur Road,,,Driver is not moving towards pickup location,Not Applicable,Not Applicable,Not Applicable,106,Not Applicable,0,,
2024-07-27 04:01:00,CNR5390327053,Driver Not Found,CID973720,Prime Sedan,Majestic,Bannerghatta Road,,,Not Applicable,Not Applicable,Not Applicable,Not Applicable,1426,Not Applicable,0,,
2024-07-14 14:08:00,CNR8922855835,Success,CID495845,Prime SUV,Hulimavu,Hennur,266.0,25.0,Not Applicable,Not Applicable,No,Not Applicable,2065,UPI,44,4.5,4.6
2024-07-14 22:32:00,CNR9505578114,Success,CID719555,Mini,Ulsoor,Yelahanka,63.0,25.0,Not Applicable,Not Applicable,No,Not Applicable,510,Cash,49,3.8,3.0
2024-07-14 19:01:00,CNR5815320466,Success,CID370043,Prime Sedan,Hosur Road,Varthur,91.0,100.0,Not Applicable,Not Applicable,No,Not Applicable,169,Cash,45,4.8,4.2
2024-07-18 16:48:00,CNR6158020447,Canceled by Driver,CID696473,Prime Sedan,Rajarajeshwari Nagar,Kadugodi,,,Not Applicable,Personal & Car related issue,Not Applicable,Not Applicable,150,Not Applicable,0,,
2024-07-01 13:12:00,CNR2127339611,Success,CID572340,Auto,Peenya,MG Road,294.0,130.0,Not Applicable,Not Applicable,No,Not Applicable,420,UPI,1,3.7,3.2
2024-07-07 09:51:00,CNR3122996216,Canceled by Driver,CID393236,Mini,Devanahalli,Devanahalli,,,Not Applicable,Personal & Car related issue,Not Applicable,Not Applicable,419,Not Applicable,0,,
2024-07-04 06:51:00,CNR7459445541,Canceled by Driver,CID376509,Prime SUV,Malleshwaram,Cox Town,,,Not Applicable,Personal & Car related issue,Not Applicable,Not Applicable,706,Not Applicable,0,,
2024-07-22 03:41:00,CNR6381099250,Success,CID774968,Auto,Bannerghatta Road,Nagarbhavi,84.0,105.0,Not Applicable,Not Applicable,No,Not Applicable,296,UPI,6,3.5,3.1
2024-07-19 18:05:00,CNR1669551196,Success,CID875782,eBike,Shivajinagar,HSR Layout,70.0,35.0,Not Applicable,Not Applicable,No,Not Applicable,1475,UPI,3,3.6,3.6
2024-07-03 23:10:00,CNR9076402989,Success,CID203098,eBike,Koramangala,Rajarajeshwari Nagar,280.0,40.0,Not Applicable,Not Applicable,No,Not Applicable,366,UPI,30,3.7,3.3
2024-07-17 06:39:00,CNR3549572530,Success,CID676577,Prime Plus,Banashankari,Magadi Road,35.0,95.0,Not Applicable,Not Applicable,No,Not Applicable,205,Cash,47,3.9,4.7
2024-07-22 23:01:00,CNR7700989999,Success,CID572280,Prime Plus,MG Road,Richmond Town,91.0,85.0,Not Applicable,Not Applicable,No,Not Applicable,1216,Cash,25,4.2,4.7
2024-07-14 19:25:00,CNR5695961363,Success,CID775499,Prime SUV,Cox Town,Malleshwaram,294.0,140.0,Not Applicable,Not Applicable,No,Not Applicable,174,Credit Card,4,4.6,3.5
2024-07-29 07:05:00,CNR6737742473,Success,CID698339,eBike,Hosur Road,Sarjapur Road,224.0,115.0,Not Applicable,Not Applicable,Yes,Other Issue,578,Cash,37,4.0,3.6
2024-07-11 10:43:00,CNR1445991992,Success,CID669472,Prime Sedan,Nagarbhavi,BTM Layout,91.0,90.0,Not Applicable,Not Applicable,Yes,Customer Demand,200,UPI,6,3.3,3.5
2024-07-21 03:43:00,CNR3770501819,Success,CID464488,Prime Sedan,Indiranagar,Sahakar Nagar,105.0,140.0,Not Applicable,Not Applicable,No,Not Applicable,796,Cash,21,4.3,3.3
2024-07-07 15:33:00,CNR9484866168,Success,CID627412,eBike,Hebbal,Majestic,217.0,140.0,Not Applicable,Not Applicable,No,Not Applicable,156,Cash,32,3.9,3.9
2024-07-09 22:44:00,CNR9199396944,Canceled by Customer,CID763797,Prime Plus,Tumkur Road,Banashankari,,,Driver asked to cancel,Not Applicable,Not Applicable,Not Applicable,352,Not Applicable,0,,
2024-07-27 12:36:00,CNR8938322445,Success,CID971990,Mini,Richmond Town,Kadugodi,259.0,95.0,Not Applicable,Not Applicable,No,Not Applicable,2779,UPI,28,4.6,3.9
2024-07-10 00:35:00,CNR1468037758,Success,CID810644,Prime SUV,Peenya,Mysore Road,161.0,75.0,Not Applicable,Not Applicable,No,Not Applicable,200,Cash,30,4.8,3.6
2024-07-28 15:09:00,CNR5191001392,Success,CID399981,eBike,Yeshwanthpur,RT Nagar,287.0,135.0,Not Applicable,Not Applicable,No,Not Applicable,428,UPI,34,4.0,3.0
2024-07-23 05:54:00,CNR1137218554,Canceled by Customer,CID145916,Prime SUV,Whitefield,Ulsoor,,,Driver asked to cancel,Not Applicable,Not Applicable,Not Applicable,544,Not Applicable,0,,
2024-07-02 06:21:00,CNR2982724254,Success,CID667085,eBike,Langford Town,Cox Town,168.0,105.0,Not Applicable,Not Applicable,No,Not Applicable,105,UPI,42,3.8,3.1
2024-07-14 12:19:00,CNR3560291391,Success,CID785001,Prime Sedan,Shivajinagar,Nagarbhavi,217.0,70.0,Not Applicable,Not Applicable,No,Not Applicable,373,Cash,7,3.4,4.2
2024-07-16 15:28:00,CNR4491159991,Success,CID825180,Prime Sedan,Hennur,Malleshwaram,273.0,70.0,Not Applicable,Not Applicable,Yes,Vehicle Breakdown,223,Cash,33,3.3,3.9
2024-07-02 01:18:00,CNR7871502817,Success,CID123034,Prime Plus,Majestic,Banashankari,294.0,40.0,Not Applicable,Not Applicable,No,Not Applicable,133,Cash,24,4.1,3.3
2024-07-29 22:09:00,CNR9157828111,Canceled by Customer,CID849286,Prime Plus,Yeshwanthpur,Kadugodi,,,Driver asked to cancel,Not Applicable,Not Applicable,Not Applicable,1384,Not Applicable,0,,
2024-07-05 12:37:00,CNR2983262711,Canceled by Customer,CID239043,eBike,Malleshwaram,Rajarajeshwari Nagar,,,Driver is not moving towards pickup location,Not Applicable,Not Applicable,Not Applicable,857,Not Applicable,0,,
2024-07-20 12:44:00,CNR1276199108,Canceled by Driver,CID253681,Auto,Jayanagar,Vijayanagar,,,Not Applicable,Customer was coughing/sick,Not Applicable,Not Applicable,724,Not Applicable,0,,
2024-07-05 16:43:00,CNR3675908140,Success,CID661735,Auto,Frazer Town,Kengeri,259.0,125.0,Not Applicable,Not Applicable,Yes,Customer Demand,123,Cash,14,4.3,4.6
2024-07-16 11:29:00,CNR9964646405,Success,CID550469,Auto,Yelahanka,Whitefield,217.0,120.0,Not Applicable,Not Applicable,No,Not Applicable,1526,Cash,16,4.8,3.5
2024-07-08 10:51:00,CNR5637617151,Canceled by Driver,CID550655,Prime SUV,Bellandur,Yelahanka,,,Not Applicable,Customer related issue,Not Applicable,Not Applicable,448,Not Applicable,0,,
2024-07-12 10:38:00,CNR9388660278,Success,CID972169,Mini,Bellandur,Malleshwaram,245.0,130.0,Not Applicable,Not Applicable,No,Not Applicable,211,Cash,48,4.9,3.9
2024-07-20 22:21:00,CNR8789505531,Canceled by Driver,CID105125,Prime SUV,Bannerghatta Road,Magadi Road,,,Not Applicable,More than permitted people in there,Not Applicable,Not Applicable,323,Not Applicable,0,,
2024-07-04 11:20:00,CNR5211414908,Success,CID408958,Prime Sedan,MG Road,Hulimavu,175.0,80.0,Not Applicable,Not Applicable,No,Not Applicable,212,Cash,47,4.4,3.8
2024-07-04 08:31:00,CNR4695975911,Canceled by Driver,CID833556,Mini,Cox Town,Jayanagar,,,Not Applicable,Personal & Car related issue,Not Applicable,Not Applicable,595,Not Applicable,0,,
2024-07-26 13:49:00,CNR2737795320,Canceled by Driver,CID732635,Prime Sedan,Hulimavu,Electronic City,,,Not Applicable,Personal & Car related issue,Not Applicable,Not Applicable,403,Not Applicable,0,,
2024-07-06 04:30:00,CNR8948362132,Success,CID637256,Bike,Hennur,Richmond Town,189.0,100.0,Not Applicable,Not Applicable,No,Not Applicable,332,UPI,2,3.3,4.9
2024-07-08 07:54:00,CNR6413249850,Success,CID565630,Prime Plus,Indiranagar,Mysore Road,196.0,60.0,Not Applicable,Not Applicable,No,Not Applicable,740,Cash,41,4.5,4.5
2024-07-17 04:24:00,CNR3527476429,Success,CID279712,eBike,JP Nagar,Kadugodi,280.0,55.0,Not Applicable,Not Applicable,No,Not Applicable,338,Cash,7,3.8,3.6
2024-07-02 11:04:00,CNR1035645079,Success,CID503695,Prime Sedan,Electronic City,Hulimavu,105.0,25.0,Not Applicable,Not Applicable,No,Not Applicable,306,UPI,26,4.4,4.4
2024-07-29 19:26:00,CNR3533207934,Success,CID537867,Auto,Hulimavu,Ulsoor,224.0,50.0,Not Applicable,Not Applicable,No,Not Applicable,625,UPI,6,3.1,4.6
2024-07-27 19:10:00,CNR7794175095,Canceled by Driver,CID545627,Prime Plus,JP Nagar,Ramamurthy Nagar,,,Not Applicable,Personal & Car related issue,Not Applicable,Not Applicable,1246,Not Applicable,0,,
2024-07-15 09:25:00,CNR4320441823,Canceled by Driver,CID499726,Prime SUV,Vijayanagar,HSR Layout,,,Not Applicable,Customer related issue,Not Applicable,Not Applicable,399,Not Applicable,0,,
2024-07-12 08:09:00,CNR6283542556,Success,CID717669,Prime SUV,Devanahalli,Mysore Road,217.0,85.0,Not Applicable,Not Applicable,No,Not Applicable,178,Cash,45,4.3,3.6
2024-07-06 15:01:00,CNR9602617696,Success,CID671694,Auto,Kengeri,BTM Layout,238.0,25.0,Not Applicable,Not Applicable,No,Not Applicable,331,UPI,9,4.8,3.1
2024-07-12 10:26:00,CNR7674915808,Success,CID702110,Mini,Hebbal,Hulimavu,273.0,120.0,Not Applicable,Not Applicable,No,Not Applicable,182,Credit Card,41,3.3,4.2
2024-07-08 02:31:00,CNR4913771687,Success,CID335758,eBike,Hosur Road,KR Puram,203.0,115.0,Not Applicable,Not Applicable,No,Not Applicable,337,Cash,41,4.7,4.4
2024-07-26 15:04:00,CNR8913233510,Success,CID476817,eBike,Tumkur Road,Mysore Road,84.0,135.0,Not Applicable,Not Applicable,Yes,Vehicle Breakdown,332,Cash,40,4.7,4.9
2024-07-26 06:17:00,CNR3586960784,Success,CID860068,Mini,Hulimavu,Nagarbhavi,133.0,100.0,Not Applicable,Not Applicable,No,Not Applicable,393,Cash,22,4.6,4.0
2024-07-10 22:10:00,CNR2248619297,Success,CID704795,eBike,Peenya,MG Road,168.0,55.0,Not Applicable,Not Applicable,No,Not Applicable,238,Cash,10,3.2,4.5
2024-07-22 07:54:00,CNR9087445017,Success,CID409423,Prime SUV,Hulimavu,HSR Layout,238.0,80.0,Not Applicable,Not Applicable,No,Not Applicable,217,Cash,20,3.3,3.0
2024-07-08 12:40:00,CNR3755571329,Canceled by Customer,CID798826,eBike,Basavanagudi,Hebbal,,,AC is Not working,Not Applicable,Not Applicable,Not Applicable,464,Not Applicable,0,,
2024-07-20 22:51:00,CNR2144603487,Success,CID107979,Auto,BTM Layout,Electronic City,147.0,45.0,Not Applicable,Not Applicable,No,Not Applicable,227,Cash,7,4.3,3.9
2024-07-09 21:45:00,CNR4096622995,Success,CID509407,Bike,Peenya,Padmanabhanagar,189.0,85.0,Not Applicable,Not Applicable,No,Not Applicable,295,UPI,16,3.6,4.1
2024-07-19 10:08:00,CNR7781801866,Canceled by Driver,CID143072,Auto,Marathahalli,Ulsoor,,,Not Applicable,Customer was coughing/sick,Not Applicable,Not Applicable,497,Not Applicable,0,,
2024-07-28 03:44:00,CNR1553421689,Success,CID677370,Auto,Cox Town,Sahakar Nagar,273.0,55.0,Not Applicable,Not Applicable,No,Not Applicable,285,Cash,16,4.1,4.8
2024-07-15 06:31:00,CNR2224767545,Driver Not Found,CID614296,Bike,Cox Town,Nagarbhavi,,,Not Applicable,Not Applicable,Not Applicable,Not Applicable,489,Not Applicable,0,,
2024-07-17 04:38:00,CNR8608930914,Canceled by Customer,CID344368,Prime Plus,Banashankari,Cox Town,,,Wrong Address,Not Applicable,Not Applicable,Not Applicable,198,Not Applicable,0,,
2024-07-04 22:35:00,CNR7345206084,Success,CID205805,Prime Sedan,MG Road,Ulsoor,189.0,40.0,Not Applicable,Not Applicable,No,Not Applicable,598,Cash,49,4.3,3.8
2024-07-10 04:10:00,CNR3060729242,Success,CID237131,Prime Plus,Cox Town,Sahakar Nagar,224.0,55.0,Not Applicable,Not Applicable,No,Not Applicable,428,Cash,5,3.0,4.1
2024-07-16 21:51:00,CNR6314479190,Success,CID864057,Prime Sedan,Koramangala,Yeshwanthpur,112.0,130.0,Not Applicable,Not Applicable,No,Not Applicable,565,Cash,20,3.4,4.7
2024-07-20 19:38:00,CNR5164451468,Success,CID690667,Mini,HSR Layout,Richmond Town,91.0,115.0,Not Applicable,Not Applicable,No,Not Applicable,693,Cash,25,3.4,3.4
2024-07-27 01:36:00,CNR1919364970,Driver Not Found,CID265978,Mini,Banashankari,Yelahanka,,,Not Applicable,Not Applicable,Not Applicable,Not Applicable,833,Not Applicable,0,,
2024-07-05 17:06:00,CNR1663460325,Canceled by Driver,CID451237,Prime SUV,Nagarbhavi,Ulsoor,,,Not Applicable,Customer related issue,Not Applicable,Not Applicable,909,Not Applicable,0,,
2024-07-08 14:18:00,CNR6493438026,Success,CID644534,Auto,Koramangala,Hosur Road,238.0,145.0,Not Applicable,Not Applicable,No,Not Applicable,287,UPI,5,3.9,3.3
2024-07-27 04:06:00,CNR7428560956,Canceled by Customer,CID861860,eBike,Shantinagar,Chickpet,,,Driver asked to cancel,Not Applicable,Not Applicable,Not Applicable,334,Not Applicable,0,,
2024-07-09 08:39:00,CNR8402387237,Driver Not Found,CID332560,Auto,Whitefield,BTM Layout,,,Not Applicable,Not Applicable,Not Applicable,Not Applicable,177,Not Applicable,0,,
2024-07-10 15:50:00,CNR1854706484,Success,CID220878,eBike,Rajarajeshwari Nagar,Bellandur,294.0,115.0,Not Applicable,Not Applicable,No,Not Applicable,355,Cash,23,4.4,4.1
2024-07-02 02:26:00,CNR3689698028,Canceled by Driver,CID480236,Auto,Majestic,Malleshwaram,,,Not Applicable,Personal & Car related issue,Not Applicable,Not Applicable,315,Not Applicable,0,,
2024-07-11 22:58:00,CNR1635010672,Success,CID145824,Mini,Yeshwanthpur,Magadi Road,140.0,85.0,Not Applicable,Not Applicable,No,Not Applicable,1477,UPI,22,4.9,3.7
2024-07-21 07:15:00,CNR9437106580,Success,CID447991,Prime Sedan,Richmond Town,BTM Layout,287.0,35.0,Not Applicable,Not Applicable,No,Not Applicable,141,UPI,27,4.0,4.1
2024-07-21 01:11:00,CNR6592887546,Success,CID765795,Prime SUV,Chamarajpet,HSR Layout,231.0,145.0,Not Applicable,Not Applicable,No,Not Applicable,734,UPI,44,4.4,3.6
2024-07-29 06:29:00,CNR9213473226,Driver Not Found,CID456975,eBike,Hulimavu,Shantinagar,,,Not Applicable,Not Applicable,Not Applicable,Not Applicable,239,Not Applicable,0,,
2024-07-07 10:10:00,CNR9722164059,Canceled by Driver,CID422482,Prime Sedan,Peenya,Cox Town,,,Not Applicable,More than permitted people in there,Not Applicable,Not Applicable,404,Not Applicable,0,,
2024-07-23 00:43:00,CNR4735130211,Canceled by Driver,CID920189,Bike,Varthur,Hebbal,,,Not Applicable,Customer related issue,Not Applicable,Not Applicable,433,Not Applicable,0,,
2024-07-25 18:18:00,CNR4941165618,Canceled by Customer,CID691102,eBike,Electronic City,Nagarbhavi,,,Driver asked to cancel,Not Applicable,Not Applicable,Not Applicable,455,Not Applicable,0,,
2024-07-05 23:00:00,CNR7617484773,Success,CID174115,Bike,Banashankari,BTM Layout,105.0,140.0,Not Applicable,Not Applicable,No,Not Applicable,382,Cash,36,3.1,3.4
2024-07-04 13:11:00,CNR3153265378,Success,CID876373,Prime Plus,Devanahalli,Rajarajeshwari Nagar,105.0,110.0,Not Applicable,Not Applicable,No,Not Applicable,2765,Cash,41,3.9,3.5
2024-07-16 20:32:00,CNR6004755840,Canceled by Customer,CID731477,Mini,Nagarbhavi,Rajajinagar,,,Change of plans,Not Applicable,Not Applicable,Not Applicable,197,Not Applicable,0,,
2024-07-03 20:39:00,CNR1807970343,Success,CID335444,Prime Plus,Sarjapur Road,Vijayanagar,112.0,65.0,Not Applicable,Not Applicable,No,Not Applicable,229,UPI,8,4.6,4.4
2024-07-13 13:00:00,CNR2291377122,Success,CID442741,Prime Plus,Vijayanagar,KR Puram,189.0,50.0,Not Applicable,Not Applicable,No,Not Applicable,116,UPI,9,3.8,4.0
2024-07-14 16:29:00,CNR4695776042,Driver Not Found,CID553038,Auto,Shantinagar,Mysore Road,,,Not Applicable,Not Applicable,Not Applicable,Not Applicable,435,Not Applicable,0,,
2024-07-18 01:20:00,CNR7170346050,Canceled by Customer,CID889787,Bike,Hosur Road,Magadi Road,,,Driver is not moving towards pickup location,Not Applicable,Not Applicable,Not Applicable,174,Not Applicable,0,,
2024-07-13 01:41:00,CNR1548651990,Canceled by Customer,CID416048,Mini,Shivajinagar,Peenya,,,Driver asked to cancel,Not Applicable,Not Applicable,Not Applicable,737,Not Applicable,0,,
2024-07-07 02:07:00,CNR2935468616,Success,CID600862,Prime SUV,Banashankari,Banashankari,203.0,130.0,Not Applicable,Not Applicable,No,Not Applicable,920,Cash,18,3.3,3.5
2024-07-30 15:02:00,CNR2041547416,Canceled by Driver,CID699004,Bike,Varthur,Ramamurthy Nagar,,,Not Applicable,Personal & Car related issue,Not Applicable,Not Applicable,251,Not Applicable,0,,
2024-07-14 17:49:00,CNR5722540560,Success,CID665195,Prime SUV,Cox Town,Rajajinagar,154.0,65.0,Not Applicable,Not Applicable,No,Not Applicable,114,Cash,31,4.1,3.9
2024-07-20 01:09:00,CNR9572114188,Success,CID104680,Mini,Marathahalli,MG Road,42.0,135.0,Not Applicable,Not Applicable,No,Not Applicable,476,Cash,26,3.5,4.6
2024-07-20 12:52:00,CNR4925511822,Success,CID812407,Auto,Sarjapur Road,Hebbal,91.0,45.0,Not Applicable,Not Applicable,No,Not Applicable,389,UPI,11,4.5,4.6
2024-07-10 21:40:00,CNR1487976170,Success,CID201148,Mini,Frazer Town,Jayanagar,56.0,35.0,Not Applicable,Not Applicable,No,Not Applicable,942,UPI,22,3.1,3.4
2024-07-03 12:51:00,CNR5890068244,Success,CID211235,Auto,Sahakar Nagar,Langford Town,91.0,35.0,Not Applicable,Not Applicable,No,Not Applicable,489,UPI,11,3.0,3.9
2024-07-01 18:40:00,CNR5847255645,Success,CID394071,Prime Sedan,Hosur Road,Frazer Town,63.0,35.0,Not Applicable,Not Applicable,Yes,Customer Demand,185,Cash,4,4.3,4.3
2024-07-28 15:57:00,CNR9112615080,Success,CID732719,Prime Sedan,Langford Town,Rajarajeshwari Nagar,42.0,80.0,Not Applicable,Not Applicable,No,Not Applicable,511,Cash,44,3.7,3.1
2024-07-16 00:02:00,CNR4741608359,Driver Not Found,CID592545,Bike,Marathahalli,Bellandur,,,Not Applicable,Not Applicable,Not Applicable,Not Applicable,454,Not Applicable,0,,
2024-07-05 08:46:00,CNR7237533991,Driver Not Found,CID236231,Prime SUV,Mysore Road,Chamarajpet,,,Not Applicable,Not Applicable,Not Applicable,Not Applicable,629,Not Applicable,0,,
2024-07-25 03:14:00,CNR2806652969,Driver Not Found,CID303731,Prime Plus,Varthur,Majestic,,,Not Applicable,Not Applicable,Not Applicable,Not Applicable,163,Not Applicable,0,,
2024-07-12 08:05:00,CNR8513710374,Success,CID875695,Prime Sedan,Ulsoor,Majestic,77.0,45.0,Not Applicable,Not Applicable,No,Not Applicable,219,Cash,36,3.8,4.5
2024-07-27 16:06:00,CNR6114734211,Success,CID788999,Prime Plus,Kammanahalli,JP Nagar,168.0,90.0,Not Applicable,Not Applicable,No,Not Applicable,777,UPI,44,3.2,4.7
2024-07-20 21:05:00,CNR2948922562,Canceled by Driver,CID488926,Mini,Whitefield,Sahakar Nagar,,,Not Applicable,Customer was coughing/sick,Not Applicable,Not Applicable,427,Not Applicable,0,,
2024-07-24 10:49:00,CNR2127463618,Driver Not Found,CID306438,Bike,Sarjapur Road,Hennur,,,Not Applicable,Not Applicable,Not Applicable,Not Applicable,1582,Not Applicable,0,,
2024-07-21 22:17:00,CNR1066817099,Success,CID860552,Mini,Vijayanagar,Varthur,196.0,55.0,Not Applicable,Not Applicable,Yes,Customer Demand,969,Debit Card,4,3.2,4.4
2024-07-15 18:13:00,CNR4473802623,Canceled by Customer,CID372705,Prime Sedan,Kengeri,Ramamurthy Nagar,,,Change of plans,Not Applicable,Not Applicable,Not Applicable,392,Not Applicable,0,,
2024-07-26 22:39:00,CNR7399429548,Success,CID806651,Prime SUV,Hebbal,Ramamurthy Nagar,63.0,75.0,Not Applicable,Not Applicable,No,Not Applicable,1575,UPI,8,4.1,3.1
2024-07-24 05:51:00,CNR5613703248,Success,CID602258,Auto,Kengeri,Hennur,161.0,145.0,Not Applicable,Not Applicable,No,Not Applicable,231,Cash,3,3.0,4.3
2024-07-05 02:14:00,CNR8788324197,Canceled by Driver,CID660694,eBike,Langford Town,Padmanabhanagar,,,Not Applicable,Personal & Car related issue,Not Applicable,Not Applicable,237,Not Applicable,0,,
2024-07-12 22:51:00,CNR2616262306,Canceled by Customer,CID523803,Auto,Hosur Road,JP Nagar,,,Driver asked to cancel,Not Applicable,Not Applicable,Not Applicable,740,Not Applicable,0,,
2024-07-15 20:40:00,CNR4828086195,Success,CID369559,eBike,Hennur,Tumkur Road,133.0,55.0,Not Applicable,Not Applicable,No,Not Applicable,296,Cash,23,3.1,3.7
2024-07-26 19:49:00,CNR5966440606,Canceled by Driver,CID587693,Prime Sedan,Sarjapur Road,Ulsoor,,,Not Applicable,Customer was coughing/sick,Not Applicable,Not Applicable,1895,Not Applicable,0,,
2024-07-01 03:19:00,CNR4592435556,Canceled by Driver,CID436252,Mini,Kadugodi,Richmond Town,,,Not Applicable,More than permitted people in there,Not Applicable,Not Applicable,2007,Not Applicable,0,,
2024-07-02 23:39:00,CNR6672538824,Success,CID732912,Bike,Peenya,Cox Town,273.0,85.0,Not Applicable,Not Applicable,No,Not Applicable,283,UPI,1,3.1,3.6
2024-07-16 06:09:00,CNR4519234773,Driver Not Found,CID991572,Prime SUV,Varthur,Electronic City,,,Not Applicable,Not Applicable,Not Applicable,Not Applicable,126,Not Applicable,0,,
2024-07-04 19:38:00,CNR4111260317,Success,CID310420,Mini,Koramangala,Sarjapur Road,77.0,30.0,Not Applicable,Not Applicable,No,Not Applicable,154,UPI,1,3.8,4.0
2024-07-23 18:36:00,CNR5893284516,Canceled by Customer,CID771481,Prime Sedan,RT Nagar,Hulimavu,,,Wrong Address,Not Applicable,Not Applicable,Not Applicable,573,Not Applicable,0,,
2024-07-25 17:51:00,CNR8555747234,Canceled by Customer,CID437108,Prime Sedan,Padmanabhanagar,Majestic,,,Change of plans,Not Applicable,Not Applicable,Not Applicable,366,Not Applicable,0,,
2024-07-25 20:03:00,CNR9515715380,Success,CID956076,Prime SUV,Rajarajeshwari Nagar,Padmanabhanagar,105.0,30.0,Not Applicable,Not Applicable,No,Not Applicable,466,Cash,21,3.2,3.7
2024-07-10 02:20:00,CNR2624789146,Canceled by Driver,CID946269,Auto,Rajajinagar,Kammanahalli,,,Not Applicable,Customer was coughing/sick,Not Applicable,Not Applicable,207,Not Applicable,0,,
2024-07-21 09:12:00,CNR9150023259,Success,CID977381,Prime Sedan,Shivajinagar,Langford Town,252.0,65.0,Not Applicable,Not Applicable,No,Not Applicable,314,UPI,35,4.0,3.9
2024-07-12 16:40:00,CNR7712125558,Canceled by Driver,CID638471,Auto,Jayanagar,Basavanagudi,,,Not Applicable,Personal & Car related issue,Not Applicable,Not Applicable,212,Not Applicable,0,,
2024-07-05 12:40:00,CNR2771661859,Success,CID688113,Prime SUV,Indiranagar,Cox Town,224.0,125.0,Not Applicable,Not Applicable,No,Not Applicable,825,Cash,14,3.8,3.8
2024-07-14 18:15:00,CNR4698284523,Success,CID936753,eBike,Langford Town,Kadugodi,126.0,30.0,Not Applicable,Not Applicable,No,Not Applicable,277,Cash,17,3.5,4.4
2024-07-30 01:07:00,CNR8142001059,Success,CID128677,Prime SUV,Malleshwaram,Padmanabhanagar,140.0,75.0,Not Applicable,Not Applicable,No,Not Applicable,737,Cash,22,4.9,4.2
2024-07-01 02:27:00,CNR3174286292,Success,CID824055,Mini,RT Nagar,Peenya,133.0,90.0,Not Applicable,Not Applicable,No,Not Applicable,124,Cash,43,4.5,4.8
2024-07-15 08:25:00,CNR3618363694,Success,CID626789,eBike,Hulimavu,Magadi Road,98.0,75.0,Not Applicable,Not Applicable,No,Not Applicable,369,UPI,13,3.2,3.8
2024-07-01 18:23:00,CNR4916686632,Canceled by Customer,CID533368,Auto,Ramamurthy Nagar,Frazer Town,,,Driver is not moving towards pickup location,Not Applicable,Not Applicable,Not Applicable,497,Not Applicable,0,,
2024-07-16 12:11:00,CNR9639536433,Success,CID991425,Auto,Nagarbhavi,Richmond Town,91.0,135.0,Not Applicable,Not Applicable,No,Not Applicable,543,Cash,13,4.4,4.5
2024-07-24 18:45:00,CNR2818008475,Success,CID456463,Prime SUV,Varthur,BTM Layout,42.0,115.0,Not Applicable,Not Applicable,No,Not Applicable,154,UPI,42,3.3,3.2
2024-07-25 12:14:00,CNR9241297881,Canceled by Driver,CID425063,eBike,Malleshwaram,Shantinagar,,,Not Applicable,Customer related issue,Not Applicable,Not Applicable,416,Not Applicable,0,,
2024-07-03 03:39:00,CNR9028614688,Canceled by Customer,CID588063,Prime SUV,Padmanabhanagar,Bannerghatta Road,,,Driver is not moving towards pickup location,Not Applicable,Not Applicable,Not Applicable,111,Not Applicable,0,,
2024-07-13 21:39:00,CNR3388881014,Success,CID528219,eBike,Shantinagar,Kengeri,210.0,105.0,Not Applicable,Not Applicable,No,Not Applicable,171,Cash,38,4.6,4.0
2024-07-27 19:05:00,CNR1647857799,Driver Not Found,CID834331,Prime Plus,Malleshwaram,Padmanabhanagar,,,Not Applicable,Not Applicable,Not Applicable,Not Applicable,403,Not Applicable,0,,
2024-07-04 21:40:00,CNR7081668820,Canceled by Customer,CID315337,Auto,Langford Town,Hulimavu,,,Driver asked to cancel,Not Applicable,Not Applicable,Not Applicable,296,Not Applicable,0,,
2024-07-30 10:28:00,CNR7927213978,Success,CID233128,Prime Sedan,Padmanabhanagar,Shivajinagar,105.0,130.0,Not Applicable,Not Applicable,No,Not Applicable,396,UPI,14,3.6,3.3
2024-07-28 10:30:00,CNR6371089983,Canceled by Customer,CID733007,Auto,Bellandur,Langford Town,,,Driver asked to cancel,Not Applicable,Not Applicable,Not Applicable,400,Not Applicable,0,,
2024-07-16 09:45:00,CNR5904883406,Success,CID160776,Auto,Kadugodi,Richmond Town,147.0,110.0,Not Applicable,Not Applicable,Yes,Other Issue,919,Cash,10,4.6,4.4
2024-07-04 05:52:00,CNR9570241888,Success,CID571061,Prime SUV,Sarjapur Road,Sahakar Nagar,77.0,70.0,Not Applicable,Not Applicable,No,Not Applicable,400,Cash,10,3.6,4.9
2024-07-16 10:02:00,CNR6919899929,Canceled by Driver,CID426771,eBike,Peenya,Basavanagudi,,,Not Applicable,More than permitted people in there,Not Applicable,Not Applicable,251,Not Applicable,0,,
2024-07-26 17:15:00,CNR4744161600,Canceled by Driver,CID705285,Prime Sedan,Hosur Road,Richmond Town,,,Not Applicable,Customer related issue,Not Applicable,Not Applicable,337,Not Applicable,0,,
2024-07-02 15:59:00,CNR8372035551,Canceled by Customer,CID463914,Prime SUV,MG Road,HSR Layout,,,Change of plans,Not Applicable,Not Applicable,Not Applicable,376,Not Applicable,0,,
2024-07-25 21:10:00,CNR7867375111,Success,CID242446,Auto,Kadugodi,Indiranagar,119.0,135.0,Not Applicable,Not Applicable,No,Not Applicable,162,Cash,18,4.1,4.3
2024-07-09 23:27:00,CNR8226302961,Success,CID884765,eBike,Yeshwanthpur,Rajarajeshwari Nagar,273.0,70.0,Not Applicable,Not Applicable,No,Not Applicable,600,Debit Card,2,3.8,4.4
2024-07-04 04:38:00,CNR4648237647,Success,CID867402,Mini,Jayanagar,Malleshwaram,133.0,85.0,Not Applicable,Not Applicable,No,Not Applicable,330,Cash,9,3.7,4.8
2024-07-06 10:45:00,CNR9915498420,Success,CID682488,eBike,Electronic City,HSR Layout,217.0,45.0,Not Applicable,Not Applicable,No,Not Applicable,2881,Cash,34,3.2,4.4
2024-07-13 01:47:00,CNR7705870469,Success,CID996241,Prime SUV,Hennur,Hosur Road,168.0,25.0,Not Applicable,Not Applicable,No,Not Applicable,787,UPI,6,3.8,3.6
2024-07-29 17:48:00,CNR5721053430,Canceled by Customer,CID893232,Prime SUV,Malleshwaram,Majestic,,,Driver is not moving towards pickup location,Not Applicable,Not Applicable,Not Applicable,666,Not Applicable,0,,
2024-07-02 19:14:00,CNR9637010082,Canceled by Driver,CID756568,Prime Sedan,Jayanagar,Hosur Road,,,Not Applicable,Customer was coughing/sick,Not Applicable,Not Applicable,1857,Not Applicable,0,,
2024-07-27 23:26:00,CNR7614259729,Success,CID645328,Prime Plus,Electronic City,Sahakar Nagar,168.0,115.0,Not Applicable,Not Applicable,No,Not Applicable,323,Cash,14,3.2,4.6
2024-07-20 21:40:00,CNR2448140673,Canceled by Driver,CID396523,Mini,Varthur,Whitefield,,,Not Applicable,Customer related issue,Not Applicable,Not Applicable,312,Not Applicable,0,,
2024-07-15 01:04:00,CNR8128334773,Success,CID640901,eBike,Kengeri,Kengeri,119.0,35.0,Not Applicable,Not Applicable,No,Not Applicable,234,Cash,29,4.7,3.9
2024-07-20 21:56:00,CNR5625761545,Canceled by Customer,CID939974,Prime Sedan,Marathahalli,Whitefield,,,Driver asked to cancel,Not Applicable,Not Applicable,Not Applicable,177,Not Applicable,0,,
2024-07-17 11:34:00,CNR3340944927,Success,CID987109,Prime Plus,KR Puram,Peenya,119.0,80.0,Not Applicable,Not Applicable,No,Not Applicable,344,UPI,13,4.1,3.8
2024-07-19 17:27:00,CNR6463651608,Canceled by Customer,CID843491,Prime SUV,KR Puram,Cox Town,,,Driver is not moving towards pickup location,Not Applicable,Not Applicable,Not Applicable,1930,Not Applicable,0,,
2024-07-13 14:55:00,CNR5763521696,Success,CID653348,Bike,RT Nagar,Kadugodi,56.0,50.0,Not Applicable,Not Applicable,No,Not Applicable,856,UPI,1,3.5,3.8
2024-07-15 23:24:00,CNR4881297226,Success,CID666494,eBike,Bellandur,Chamarajpet,217.0,90.0,Not Applicable,Not Applicable,No,Not Applicable,263,Cash,11,3.0,4.1
2024-07-25 16:40:00,CNR2091904627,Success,CID468796,Auto,Marathahalli,Malleshwaram,189.0,105.0,Not Applicable,Not Applicable,No,Not Applicable,424,Cash,7,4.3,3.6
2024-07-26 16:11:00,CNR5239528389,Success,CID224077,Bike,Rajarajeshwari Nagar,Koramangala,259.0,55.0,Not Applicable,Not Applicable,No,Not Applicable,301,UPI,44,3.9,3.0
2024-07-11 05:14:00,CNR6610639600,Canceled by Customer,CID668419,Auto,Yeshwanthpur,Rajajinagar,,,Change of plans,Not Applicable,Not Applicable,Not Applicable,442,Not Applicable,0,,
2024-07-25 15:01:00,CNR8639274485,Success,CID576965,Prime SUV,Devanahalli,Rajarajeshwari Nagar,49.0,50.0,Not Applicable,Not Applicable,No,Not Applicable,102,Credit Card,25,3.1,4.1
2024-07-12 14:57:00,CNR2309199434,Canceled by Customer,CID980037,Prime SUV,Whitefield,Peenya,,,Driver asked to cancel,Not Applicable,Not Applicable,Not Applicable,160,Not Applicable,0,,
2024-07-29 02:08:00,CNR8712070597,Success,CID604964,eBike,Tumkur Road,RT Nagar,175.0,75.0,Not Applicable,Not Applicable,No,Not Applicable,543,UPI,9,3.1,3.9
2024-07-29 00:26:00,CNR6105619185,Success,CID715690,Mini,Sahakar Nagar,Yelahanka,259.0,120.0,Not Applicable,Not Applicable,No,Not Applicable,458,UPI,48,4.2,3.6
2024-07-30 05:07:00,CNR9767571441,Canceled by Driver,CID407086,Prime Plus,Whitefield,Devanahalli,,,Not Applicable,Customer related issue,Not Applicable,Not Applicable,181,Not Applicable,0,,
2024-07-02 18:52:00,CNR8898148369,Canceled by Customer,CID859675,Mini,Shivajinagar,Devanahalli,,,Driver asked to cancel,Not Applicable,Not Applicable,Not Applicable,534,Not Applicable,0,,
2024-07-13 06:24:00,CNR9715466724,Driver Not Found,CID740000,Prime Sedan,Devanahalli,Hosur Road,,,Not Applicable,Not Applicable,Not Applicable,Not Applicable,122,Not Applicable,0,,
2024-07-11 05:36:00,CNR3160181687,Success,CID623207,Auto,Shantinagar,Tumkur Road,182.0,100.0,Not Applicable,Not Applicable,No,Not Applicable,1972,Cash,15,4.5,3.2
2024-07-10 13:51:00,CNR8138825155,Canceled by Customer,CID576054,Mini,Rajarajeshwari Nagar,Varthur,,,Driver is not moving towards pickup location,Not Applicable,Not Applicable,Not Applicable,951,Not Applicable,0,,
2024-07-22 08:57:00,CNR7974804973,Canceled by Customer,CID421361,Prime Plus,Kengeri,MG Road,,,Wrong Address,Not Applicable,Not Applicable,Not Applicable,487,Not Applicable,0,,
2024-07-27 04:13:00,CNR1849295952,Canceled by Driver,CID532446,Prime Sedan,Sarjapur Road,Nagarbhavi,,,Not Applicable,Customer was coughing/sick,Not Applicable,Not Applicable,681,Not Applicable,0,,
2024-07-04 08:54:00,CNR5143575474,Success,CID283389,Bike,Padmanabhanagar,Marathahalli,56.0,115.0,Not Applicable,Not Applicable,No,Not Applicable,270,Cash,17,4.2,3.7
2024-07-15 00:52:00,CNR1806967169,Canceled by Driver,CID891251,Bike,Kammanahalli,BTM Layout,,,Not Applicable,Personal & Car related issue,Not Applicable,Not Applicable,348,Not Applicable,0,,
2024-07-02 06:06:00,CNR6743007163,Success,CID933303,eBike,MG Road,Bannerghatta Road,49.0,55.0,Not Applicable,Not Applicable,No,Not Applicable,196,Cash,4,3.8,3.0
2024-07-27 04:58:00,CNR2410553066,Success,CID617246,Mini,Ramamurthy Nagar,Kadugodi,182.0,125.0,Not Applicable,Not Applicable,Yes,Customer Demand,435,Cash,49,3.3,3.8
2024-07-17 07:11:00,CNR4006223521,Canceled by Customer,CID258559,Bike,Hennur,Tumkur Road,,,AC is Not working,Not Applicable,Not Applicable,Not Applicable,847,Not Applicable,0,,
2024-07-04 23:56:00,CNR8337766364,Success,CID963585,Prime Plus,Tumkur Road,Shivajinagar,49.0,30.0,Not Applicable,Not Applicable,No,Not Applicable,379,UPI,11,4.7,3.5
2024-07-22 03:43:00,CNR5105982739,Success,CID877560,eBike,Hebbal,Kengeri,273.0,95.0,Not Applicable,Not Applicable,No,Not Applicable,353,UPI,32,4.8,4.6
2024-07-21 07:23:00,CNR4181915992,Success,CID612386,Prime Sedan,Devanahalli,Magadi Road,294.0,135.0,Not Applicable,Not Applicable,Yes,Vehicle Breakdown,846,UPI,5,4.1,3.0
2024-07-13 23:38:00,CNR8745736124,Canceled by Driver,CID455123,Prime Plus,Cox Town,Rajajinagar,,,Not Applicable,Personal & Car related issue,Not Applicable,Not Applicable,198,Not Applicable,0,,
2024-07-03 17:35:00,CNR5454330313,Success,CID831094,Prime Sedan,Chickpet,Chamarajpet,105.0,95.0,Not Applicable,Not Applicable,No,Not Applicable,213,Cash,22,4.2,4.8
2024-07-17 15:40:00,CNR7585150110,Success,CID564911,Auto,Hennur,Kengeri,231.0,30.0,Not Applicable,Not Applicable,No,Not Applicable,408,Cash,18,4.1,4.1
2024-07-18 13:41:00,CNR4485317607,Canceled by Customer,CID465195,Prime Sedan,Frazer Town,Frazer Town,,,Driver is not moving towards pickup location,Not Applicable,Not Applicable,Not Applicable,367,Not Applicable,0,,
2024-07-28 06:45:00,CNR9528332003,Success,CID258047,Prime Plus,Frazer Town,Langford Town,196.0,90.0,Not Applicable,Not Applicable,No,Not Applicable,479,Cash,17,4.1,3.0
2024-07-30 14:58:00,CNR1325883470,Driver Not Found,CID269718,Bike,Jayanagar,Varthur,,,Not Applicable,Not Applicable,Not Applicable,Not Applicable,220,Not Applicable,0,,
2024-07-08 11:29:00,CNR7015072620,Success,CID332164,Prime Plus,Cox Town,Hulimavu,175.0,60.0,Not Applicable,Not Applicable,No,Not Applicable,216,UPI,35,3.4,3.9
2024-07-02 06:28:00,CNR4589527436,Success,CID390291,Prime Sedan,Shantinagar,Sarjapur Road,196.0,90.0,Not Applicable,Not Applicable,Yes,Customer Demand,625,UPI,24,4.3,4.0
2024-07-14 07:39:00,CNR7243013645,Canceled by Customer,CID681016,eBike,Marathahalli,Kengeri,,,Change of plans,Not Applicable,Not Applicable,Not Applicable,300,Not Applicable,0,,
2024-07-05 01:36:00,CNR8096007388,Success,CID831418,Prime Plus,Padmanabhanagar,Malleshwaram,77.0,55.0,Not Applicable,Not Applicable,No,Not Applicable,311,Credit Card,18,4.1,4.8
2024-07-29 10:26:00,CNR8630868630,Success,CID479177,Bike,Koramangala,Frazer Town,182.0,115.0,Not Applicable,Not Applicable,No,Not Applicable,328,UPI,28,4.5,3.9
2024-07-26 15:41:00,CNR2663257773,Success,CID966144,Bike,Shantinagar,Hebbal,35.0,95.0,Not Applicable,Not Applicable,No,Not Applicable,388,UPI,5,4.5,3.2
2024-07-21 03:48:00,CNR4301593690,Canceled by Driver,CID767840,Prime SUV,KR Puram,MG Road,,,Not Applicable,Personal & Car related issue,Not Applicable,Not Applicable,390,Not Applicable,0,,
2024-07-05 01:19:00,CNR1276175558,Success,CID507749,Mini,JP Nagar,Jayanagar,308.0,135.0,Not Applicable,Not Applicable,No,Not Applicable,398,Cash,34,3.4,3.9
2024-07-27 07:17:00,CNR3375535391,Success,CID937010,Prime Sedan,Basavanagudi,KR Puram,70.0,85.0,Not Applicable,Not Applicable,No,Not Applicable,1563,Cash,9,4.7,3.6
2024-07-08 18:11:00,CNR3570072591,Canceled by Driver,CID460109,Prime Sedan,Peenya,Jayanagar,,,Not Applicable,Personal & Car related issue,Not Applicable,Not Applicable,256,Not Applicable,0,,
2024-07-11 16:11:00,CNR1914017014,Success,CID811875,Bike,Electronic City,Chickpet,154.0,25.0,Not Applicable,Not Applicable,No,Not Applicable,233,Cash,29,3.7,3.0
2024-07-27 04:40:00,CNR2207270327,Success,CID382907,Mini,Kengeri,Magadi Road,217.0,90.0,Not Applicable,Not Applicable,No,Not Applicable,736,UPI,46,3.8,4.9
2024-07-02 03:39:00,CNR7507218920,Success,CID741094,Prime Plus,Jayanagar,Ulsoor,280.0,55.0,Not Applicable,Not Applicable,No,Not Applicable,346,Cash,8,3.0,4.8
2024-07-08 14:25:00,CNR4799795044,Canceled by Driver,CID187781,Auto,HSR Layout,HSR Layout,,,Not Applicable,Personal & Car related issue,Not Applicable,Not Applicable,105,Not Applicable,0,,
2024-07-06 00:19:00,CNR7031971643,Success,CID295602,Mini,Hulimavu,JP Nagar,133.0,70.0,Not Applicable,Not Applicable,No,Not Applicable,186,UPI,33,4.5,4.9
2024-07-23 12:05:00,CNR2912738893,Success,CID886803,eBike,Kadugodi,Kadugodi,252.0,30.0,Not Applicable,Not Applicable,No,Not Applicable,138,Cash,34,3.0,4.8
2024-07-26 13:01:00,CNR6251151777,Success,CID215333,eBike,Electronic City,RT Nagar,203.0,95.0,Not Applicable,Not Applicable,No,Not Applicable,255,UPI,16,3.5,3.7
2024-07-10 08:31:00,CNR9251148873,Canceled by Customer,CID716976,Prime Plus,Hennur,BTM Layout,,,Driver is not moving towards pickup location,Not Applicable,Not Applicable,Not Applicable,151,Not Applicable,0,,
2024-07-24 06:59:00,CNR4084451330,Success,CID847588,Prime Plus,Magadi Road,Marathahalli,77.0,130.0,Not Applicable,Not Applicable,No,Not Applicable,196,Cash,7,3.5,4.6
2024-07-25 15:04:00,CNR9127011634,Success,CID114234,Mini,Richmond Town,Majestic,273.0,35.0,Not Applicable,Not Applicable,No,Not Applicable,2425,UPI,40,3.7,5.0
2024-07-10 08:07:00,CNR6150987792,Success,CID892384,eBike,Richmond Town,Banashankari,217.0,110.0,Not Applicable,Not Applicable,No,Not Applicable,111,Cash,38,4.1,4.8
2024-07-14 19:15:00,CNR9945025887,Success,CID561983,Mini,Langford Town,Jayanagar,245.0,50.0,Not Applicable,Not Applicable,No,Not Applicable,2750,UPI,43,4.3,3.4
2024-07-26 22:07:00,CNR4525673525,Success,CID503565,Prime Sedan,Marathahalli,Marathahalli,287.0,30.0,Not Applicable,Not Applicable,No,Not Applicable,2352,Cash,26,3.2,4.1
2024-07-14 08:14:00,CNR9376460540,Success,CID269576,Prime Plus,Shantinagar,Chickpet,112.0,120.0,Not Applicable,Not Applicable,No,Not Applicable,162,UPI,38,4.4,4.0
2024-07-12 10:16:00,CNR2604366452,Canceled by Customer,CID131974,Auto,Shivajinagar,HSR Layout,,,Change of plans,Not Applicable,Not Applicable,Not Applicable,108,Not Applicable,0,,
2024-07-18 19:28:00,CNR2594973068,Success,CID608389,Mini,Magadi Road,Vijayanagar,77.0,35.0,Not Applicable,Not Applicable,No,Not Applicable,410,UPI,27,3.7,4.6
2024-07-06 11:36:00,CNR2248021454,Driver Not Found,CID506856,Prime Sedan,Kadugodi,Shantinagar,,,Not Applicable,Not Applicable,Not Applicable,Not Applicable,202,Not Applicable,0,,
2024-07-22 02:13:00,CNR6443030839,Success,CID319472,Mini,Chickpet,Hosur Road,280.0,65.0,Not Applicable,Not Applicable,No,Not Applicable,489,UPI,7,3.2,4.7
2024-07-03 21:48:00,CNR4171541403,Success,CID621745,Prime Plus,Banashankari,Frazer Town,273.0,115.0,Not Applicable,Not Applicable,No,Not Applicable,267,UPI,31,4.9,4.8
2024-07-14 13:30:00,CNR3985366445,Canceled by Customer,CID697045,eBike,Basavanagudi,Shivajinagar,,,Wrong Address,Not Applicable,Not Applicable,Not Applicable,186,Not Applicable,0,,
2024-07-16 04:22:00,CNR9392844462,Success,CID741505,Mini,Yelahanka,Frazer Town,280.0,110.0,Not Applicable,Not Applicable,No,Not Applicable,1032,Cash,8,3.6,4.7
2024-07-12 08:34:00,CNR2641311337,Success,CID710454,Prime Sedan,Shantinagar,Peenya,175.0,125.0,Not Applicable,Not Applicable,No,Not Applicable,555,Cash,35,3.6,5.0
2024-07-21 14:53:00,CNR1751483395,Success,CID844661,Prime SUV,HSR Layout,Shivajinagar,231.0,85.0,Not Applicable,Not Applicable,No,Not Applicable,892,UPI,30,4.7,4.5
2024-07-08 07:01:00,CNR9472891151,Driver Not Found,CID970054,Prime Sedan,Chamarajpet,Vijayanagar,,,Not Applicable,Not Applicable,Not Applicable,Not Applicable,311,Not Applicable,0,,
2024-07-08 20:42:00,CNR6558848470,Success,CID758265,Auto,BTM Layout,Ulsoor,287.0,35.0,Not Applicable,Not Applicable,No,Not Applicable,314,UPI,12,4.2,3.5
2024-07-13 11:43:00,CNR9621189674,Driver Not Found,CID976883,Auto,Bannerghatta Road,Nagarbhavi,,,Not Applicable,Not Applicable,Not Applicable,Not Applicable,129,Not Applicable,0,,
2024-07-20 17:19:00,CNR8600274881,Success,CID424795,Prime SUV,Padmanabhanagar,BTM Layout,98.0,110.0,Not Applicable,Not Applicable,No,Not Applicable,140,UPI,47,3.0,4.8
2024-07-28 13:12:00,CNR1248369769,Canceled by Driver,CID500179,Prime SUV,Langford Town,Hulimavu,,,Not Applicable,Personal & Car related issue,Not Applicable,Not Applicable,416,Not Applicable,0,,
2024-07-09 12:09:00,CNR8195657067,Success,CID555857,Prime Plus,Nagarbhavi,Electronic City,126.0,110.0,Not Applicable,Not Applicable,No,Not Applicable,427,Cash,47,3.9,3.1
2024-07-19 01:15:00,CNR6471672695,Success,CID236076,Bike,Koramangala,RT Nagar,308.0,45.0,Not Applicable,Not Applicable,No,Not Applicable,666,UPI,43,3.5,3.7
2024-07-24 11:56:00,CNR6809393045,Canceled by Driver,CID853119,Auto,Rajarajeshwari Nagar,Kadugodi,,,Not Applicable,Personal & Car related issue,Not Applicable,Not Applicable,403,Not Applicable,0,,
2024-07-14 10:28:00,CNR5089887256,Success,CID641679,Bike,Basavanagudi,Shantinagar,252.0,35.0,Not Applicable,Not Applicable,No,Not Applicable,601,Cash,6,4.0,4.5
2024-07-28 10:14:00,CNR9244184170,Success,CID363125,Mini,Banashankari,Hosur Road,161.0,105.0,Not Applicable,Not Applicable,No,Not Applicable,605,UPI,13,4.5,3.8
2024-07-17 00:07:00,CNR3484366035,Success,CID117031,eBike,Banashankari,Majestic,189.0,110.0,Not Applicable,Not Applicable,No,Not Applicable,764,Cash,35,3.0,3.6
2024-07-15 15:55:00,CNR8031024541,Success,CID458017,Mini,Electronic City,BTM Layout,126.0,120.0,Not Applicable,Not Applicable,No,Not Applicable,159,UPI,48,3.7,3.1
2024-07-28 20:40:00,CNR1430927570,Success,CID165486,Prime Sedan,Hulimavu,Banashankari,273.0,35.0,Not Applicable,Not Applicable,No,Not Applicable,306,Cash,17,5.0,3.9
2024-07-14 08:16:00,CNR8829418236,Success,CID271020,Bike,Sahakar Nagar,Rajarajeshwari Nagar,273.0,30.0,Not Applicable,Not Applicable,No,Not Applicable,123,UPI,16,3.5,3.8
2024-07-01 21:29:00,CNR5390568761,Canceled by Customer,CID134526,Bike,RT Nagar,Chamarajpet,,,AC is Not working,Not Applicable,Not Applicable,Not Applicable,659,Not Applicable,0,,
2024-07-08 00:55:00,CNR1280612901,Success,CID680918,Prime SUV,Mysore Road,Varthur,266.0,130.0,Not Applicable,Not Applicable,No,Not Applicable,517,Cash,4,3.4,3.9
2024-07-28 22:51:00,CNR4866825141,Success,CID410239,Mini,Mysore Road,Basavanagudi,168.0,85.0,Not Applicable,Not Applicable,No,Not Applicable,514,UPI,18,3.5,4.3
2024-07-17 02:27:00,CNR3751810901,Success,CID632205,eBike,Langford Town,Langford Town,224.0,45.0,Not Applicable,Not Applicable,No,Not Applicable,399,UPI,37,3.3,5.0
2024-07-14 12:30:00,CNR9648795233,Success,CID592977,Auto,Shivajinagar,Peenya,217.0,55.0,Not Applicable,Not Applicable,No,Not Applicable,242,UPI,1,4.1,4.6
2024-07-14 05:14:00,CNR3087192289,Canceled by Customer,CID967405,Prime Sedan,Malleshwaram,Rajajinagar,,,Driver asked to cancel,Not Applicable,Not Applicable,Not Applicable,267,Not Applicable,0,,
2024-07-07 13:24:00,CNR8432982787,Success,CID454348,eBike,KR Puram,Koramangala,189.0,85.0,Not Applicable,Not Applicable,No,Not Applicable,330,UPI,17,3.1,4.5
2024-07-17 08:42:00,CNR7257555275,Driver Not Found,CID156428,Auto,Peenya,Rajajinagar,,,Not Applicable,Not Applicable,Not Applicable,Not Applicable,456,Not Applicable,0,,
2024-07-24 02:49:00,CNR5399066969,Success,CID896496,Prime SUV,Shivajinagar,Malleshwaram,210.0,50.0,Not Applicable,Not Applicable,No,Not Applicable,465,UPI,41,4.5,3.1
2024-07-19 11:32:00,CNR6032676848,Canceled by Customer,CID815805,Mini,Sahakar Nagar,Cox Town,,,Driver is not moving towards pickup location,Not Applicable,Not Applicable,Not Applicable,260,Not Applicable,0,,
2024-07-05 18:42:00,CNR4358289196,Success,CID229164,Prime Sedan,Rajajinagar,Hennur,203.0,75.0,Not Applicable,Not Applicable,No,Not Applicable,553,Cash,44,3.1,5.0
2024-07-14 03:24:00,CNR6672497971,Success,CID646906,Prime SUV,Sarjapur Road,Hulimavu,63.0,115.0,Not Applicable,Not Applicable,No,Not Applicable,186,Cash,16,4.2,4.9
2024-07-13 01:51:00,CNR3644270225,Canceled by Customer,CID238603,eBike,KR Puram,Peenya,,,Wrong Address,Not Applicable,Not Applicable,Not Applicable,243,Not Applicable,0,,
2024-07-26 02:31:00,CNR3074117635,Success,CID452639,Bike,Hulimavu,Devanahalli,112.0,105.0,Not Applicable,Not Applicable,No,Not Applicable,2562,Cash,37,4.9,4.3
2024-07-30 18:15:00,CNR4237406790,Success,CID178238,Auto,Tumkur Road,Whitefield,84.0,125.0,Not Applicable,Not Applicable,No,Not Applicable,205,Cash,11,3.0,4.2
2024-07-15 06:04:00,CNR1003318617,Driver Not Found,CID341253,Auto,Varthur,Langford Town,,,Not Applicable,Not Applicable,Not Applicable,Not Applicable,438,Not Applicable,0,,
2024-07-12 06:50:00,CNR1756508107,Success,CID477173,Bike,Yeshwanthpur,Devanahalli,119.0,95.0,Not Applicable,Not Applicable,No,Not Applicable,319,Cash,36,4.7,4.4
2024-07-23 04:34:00,CNR4030802875,Success,CID280355,Prime Plus,Basavanagudi,Sarjapur Road,245.0,125.0,Not Applicable,Not Applicable,No,Not Applicable,273,Cash,26,4.1,4.6
2024-07-02 13:31:00,CNR9907098861,Canceled by Driver,CID513750,Auto,Majestic,Richmond Town,,,Not Applicable,Customer was coughing/sick,Not Applicable,Not Applicable,588,Not Applicable,0,,
2024-07-01 09:10:00,CNR2074235944,Success,CID710475,Prime SUV,Kadugodi,Malleshwaram,35.0,115.0,Not Applicable,Not Applicable,No,Not Applicable,128,Cash,29,3.2,3.4
2024-07-18 07:09:00,CNR4912259080,Success,CID132535,Bike,Ulsoor,Banashankari,77.0,65.0,Not Applicable,Not Applicable,No,Not Applicable,235,Cash,31,3.9,4.1
2024-07-20 04:41:00,CNR3033816533,Success,CID992732,eBike,Marathahalli,Malleshwaram,140.0,85.0,Not Applicable,Not Applicable,No,Not Applicable,189,Cash,31,4.3,3.3
2024-07-24 03:56:00,CNR1254726085,Canceled by Driver,CID505275,Auto,Chickpet,Bellandur,,,Not Applicable,Personal & Car related issue,Not Applicable,Not Applicable,305,Not Applicable,0,,
2024-07-21 03:10:00,CNR9355386229,Success,CID950960,Prime Plus,Devanahalli,Chamarajpet,63.0,110.0,Not Applicable,Not Applicable,No,Not Applicable,115,UPI,37,3.4,4.9
2024-07-25 20:32:00,CNR5018116606,Canceled by Driver,CID719148,Prime SUV,Langford Town,Chickpet,,,Not Applicable,More than permitted people in there,Not Applicable,Not Applicable,114,Not Applicable,0,,
2024-07-08 02:20:00,CNR3494589205,Success,CID781520,Bike,Shantinagar,Vijayanagar,189.0,135.0,Not Applicable,Not Applicable,No,Not Applicable,228,Cash,41,3.7,4.6
2024-07-16 23:06:00,CNR3969770153,Driver Not Found,CID706495,Prime Sedan,Ulsoor,Nagarbhavi,,,Not Applicable,Not Applicable,Not Applicable,Not Applicable,706,Not Applicable,0,,
2024-07-16 14:01:00,CNR1926348702,Success,CID123446,Mini,Richmond Town,Peenya,231.0,85.0,Not Applicable,Not Applicable,No,Not Applicable,553,UPI,27,4.6,3.0
2024-07-17 09:15:00,CNR6945353705,Success,CID181369,Prime SUV,Rajarajeshwari Nagar,Bannerghatta Road,147.0,100.0,Not Applicable,Not Applicable,No,Not Applicable,111,UPI,44,3.5,3.2
2024-07-07 10:11:00,CNR2528967227,Canceled by Driver,CID509766,Prime SUV,BTM Layout,Hulimavu,,,Not Applicable,Customer related issue,Not Applicable,Not Applicable,776,Not Applicable,0,,
2024-07-22 12:38:00,CNR2260899024,Success,CID108471,Prime SUV,Rajajinagar,Frazer Town,175.0,75.0,Not Applicable,Not Applicable,No,Not Applicable,394,Cash,1,3.5,4.9
2024-07-07 08:26:00,CNR4586056006,Canceled by Driver,CID686615,Prime SUV,Sarjapur Road,Malleshwaram,,,Not Applicable,More than permitted people in there,Not Applicable,Not Applicable,392,Not Applicable,0,,
2024-07-06 01:25:00,CNR5233847514,Success,CID193982,Bike,Ramamurthy Nagar,Nagarbhavi,35.0,40.0,Not Applicable,Not Applicable,No,Not Applicable,2067,Cash,39,3.7,4.0
2024-07-15 22:06:00,CNR6994862436,Success,CID834188,Prime Plus,Padmanabhanagar,Marathahalli,280.0,130.0,Not Applicable,Not Applicable,No,Not Applicable,268,Cash,2,3.1,4.3
2024-07-04 14:14:00,CNR9950840506,Canceled by Driver,CID714704,Auto,Yeshwanthpur,Mysore Road,,,Not Applicable,More than permitted people in there,Not Applicable,Not Applicable,589,Not Applicable,0,,
2024-07-17 18:57:00,CNR5068428993,Success,CID343487,Prime SUV,Marathahalli,Malleshwaram,196.0,140.0,Not Applicable,Not Applicable,No,Not Applicable,464,Cash,40,4.9,3.2
2024-07-09 09:54:00,CNR2797773888,Canceled by Driver,CID592954,eBike,Ulsoor,Mysore Road,,,Not Applicable,Personal & Car related issue,Not Applicable,Not Applicable,162,Not Applicable,0,,
2024-07-06 19:07:00,CNR1514717704,Success,CID922680,eBike,Marathahalli,Chamarajpet,175.0,120.0,Not Applicable,Not Applicable,No,Not Applicable,390,UPI,15,3.4,4.8
2024-07-24 11:41:00,CNR8275197266,Success,CID728925,Prime Plus,HSR Layout,Chickpet,175.0,100.0,Not Applicable,Not Applicable,No,Not Applicable,118,UPI,34,3.9,3.2
2024-07-25 23:38:00,CNR1970119772,Success,CID793074,Mini,JP Nagar,Kammanahalli,182.0,45.0,Not Applicable,Not Applicable,No,Not Applicable,301,Cash,31,3.2,3.4
2024-07-25 12:33:00,CNR8305581247,Canceled by Customer,CID492772,Mini,Majestic,Hebbal,,,Change of plans,Not Applicable,Not Applicable,Not Applicable,247,Not Applicable,0,,
2024-07-20 06:43:00,CNR6961100943,Success,CID570349,Auto,Malleshwaram,JP Nagar,70.0,140.0,Not Applicable,Not Applicable,No,Not Applicable,673,UPI,3,3.8,3.7
2024-07-05 15:29:00,CNR8526041418,Success,CID844491,Bike,Kengeri,Yeshwanthpur,126.0,115.0,Not Applicable,Not Applicable,No,Not Applicable,204,UPI,17,4.2,3.8
2024-07-15 10:23:00,CNR4228903157,Success,CID112549,eBike,Kadugodi,Hennur,266.0,45.0,Not Applicable,Not Applicable,No,Not Applicable,484,Credit Card,24,3.3,4.3
2024-07-28 08:30:00,CNR8290625699,Driver Not Found,CID726881,eBike,Majestic,Magadi Road,,,Not Applicable,Not Applicable,Not Applicable,Not Applicable,229,Not Applicable,0,,
2024-07-29 18:02:00,CNR3530625085,Driver Not Found,CID123921,eBike,Sahakar Nagar,Indiranagar,,,Not Applicable,Not Applicable,Not Applicable,Not Applicable,419,Not Applicable,0,,
2024-07-12 09:18:00,CNR7853533260,Success,CID661766,Mini,JP Nagar,Hulimavu,126.0,50.0,Not Applicable,Not Applicable,No,Not Applicable,337,UPI,38,3.1,5.0
2024-07-15 13:35:00,CNR7145660169,Success,CID733535,eBike,HSR Layout,BTM Layout,119.0,100.0,Not Applicable,Not Applicable,No,Not Applicable,966,Cash,9,3.4,4.2
2024-07-13 02:24:00,CNR2701236889,Canceled by Customer,CID365476,Auto,Mysore Road,Shivajinagar,,,AC is Not working,Not Applicable,Not Applicable,Not Applicable,117,Not Applicable,0,,
2024-07-02 23:40:00,CNR6239596915,Success,CID421417,Prime Sedan,Indiranagar,Shantinagar,273.0,95.0,Not Applicable,Not Applicable,No,Not Applicable,117,Cash,4,4.6,3.9
2024-07-08 05:14:00,CNR3788140365,Success,CID984156,eBike,Yeshwanthpur,Malleshwaram,210.0,95.0,Not Applicable,Not Applicable,No,Not Applicable,481,Cash,34,4.5,4.8
2024-07-30 07:43:00,CNR8940836605,Success,CID636440,Prime Sedan,Richmond Town,Hebbal,280.0,35.0,Not Applicable,Not Applicable,No,Not Applicable,462,UPI,28,3.6,3.7
2024-07-23 21:57:00,CNR2056079552,Canceled by Driver,CID576231,Prime Sedan,Banashankari,Cox Town,,,Not Applicable,More than permitted people in there,Not Applicable,Not Applicable,114,Not Applicable,0,,
2024-07-30 23:04:00,CNR8413989077,Success,CID765232,Bike,Ramamurthy Nagar,Hennur,308.0,120.0,Not Applicable,Not Applicable,No,Not Applicable,483,UPI,27,3.8,4.9
2024-07-18 05:14:00,CNR2190965007,Driver Not Found,CID653843,eBike,Electronic City,Kadugodi,,,Not Applicable,Not Applicable,Not Applicable,Not Applicable,430,Not Applicable,0,,
2024-07-25 18:33:00,CNR7668373143,Success,CID226429,Mini,Padmanabhanagar,Richmond Town,168.0,145.0,Not Applicable,Not Applicable,No,Not Applicable,626,Cash,11,3.7,4.5
2024-07-24 18:34:00,CNR3240681828,Success,CID736423,Auto,Varthur,Kadugodi,175.0,85.0,Not Applicable,Not Applicable,No,Not Applicable,387,UPI,18,3.2,5.0
2024-07-23 17:11:00,CNR4397290626,Success,CID950771,Prime Sedan,Sarjapur Road,Ramamurthy Nagar,126.0,135.0,Not Applicable,Not Applicable,No,Not Applicable,202,Cash,40,3.9,4.4
2024-07-12 05:03:00,CNR2145281788,Canceled by Customer,CID408836,Mini,BTM Layout,Ulsoor,,,Driver asked to cancel,Not Applicable,Not Applicable,Not Applicable,329,Not Applicable,0,,
2024-07-26 02:18:00,CNR5135022733,Success,CID962781,Bike,Whitefield,Frazer Town,245.0,45.0,Not Applicable,Not Applicable,No,Not Applicable,592,UPI,26,3.9,4.5
2024-07-16 01:28:00,CNR2371117709,Success,CID503593,Auto,Electronic City,Sahakar Nagar,210.0,65.0,Not Applicable,Not Applicable,No,Not Applicable,443,UPI,13,3.5,4.4
2024-07-11 11:49:00,CNR6155895248,Success,CID713264,Bike,Ulsoor,Mysore Road,63.0,75.0,Not Applicable,Not Applicable,No,Not Applicable,388,UPI,3,4.2,3.7
2024-07-05 01:30:00,CNR4005346728,Success,CID146504,Prime Plus,HSR Layout,Padmanabhanagar,49.0,80.0,Not Applicable,Not Applicable,No,Not Applicable,401,Cash,36,4.6,3.4
2024-07-30 10:50:00,CNR3585886390,Success,CID394880,Prime Plus,Tumkur Road,Bannerghatta Road,105.0,65.0,Not Applicable,Not Applicable,No,Not Applicable,342,UPI,25,4.6,4.4
2024-07-07 02:07:00,CNR4923923283,Driver Not Found,CID542396,Prime SUV,Nagarbhavi,Hosur Road,,,Not Applicable,Not Applicable,Not Applicable,Not Applicable,754,Not Applicable,0,,
2024-07-04 02:42:00,CNR2879306412,Success,CID421646,Prime Plus,Yeshwanthpur,Nagarbhavi,126.0,125.0,Not Applicable,Not Applicable,No,Not Applicable,576,Cash,45,3.3,4.8
2024-07-23 20:03:00,CNR8385619342,Success,CID684623,Mini,Kammanahalli,Electronic City,77.0,120.0,Not Applicable,Not Applicable,No,Not Applicable,246,Cash,43,3.1,4.2
2024-07-11 22:37:00,CNR9740339260,Success,CID471334,Prime Plus,Yelahanka,RT Nagar,70.0,120.0,Not Applicable,Not Applicable,No,Not Applicable,192,Cash,41,4.6,4.6
2024-07-16 19:13:00,CNR6721407820,Success,CID878070,eBike,Basavanagudi,Langford Town,119.0,145.0,Not Applicable,Not Applicable,Yes,Customer Demand,252,Cash,47,3.0,4.1
2024-07-08 21:58:00,CNR2127647073,Driver Not Found,CID214644,Bike,Whitefield,Yeshwanthpur,,,Not Applicable,Not Applicable,Not Applicable,Not Applicable,453,Not Applicable,0,,
2024-07-09 04:06:00,CNR1857575198,Canceled by Driver,CID887797,eBike,Hulimavu,Bannerghatta Road,,,Not Applicable,Customer related issue,Not Applicable,Not Applicable,198,Not Applicable,0,,
2024-07-07 01:55:00,CNR2626651578,Success,CID443397,Auto,JP Nagar,Tumkur Road,154.0,95.0,Not Applicable,Not Applicable,No,Not Applicable,203,Cash,6,3.5,3.1
2024-07-21 21:08:00,CNR8301501119,Success,CID383945,Bike,Chamarajpet,MG Road,133.0,45.0,Not Applicable,Not Applicable,No,Not Applicable,462,UPI,36,3.7,4.8
2024-07-06 01:30:00,CNR8178469344,Success,CID489005,Bike,Banashankari,RT Nagar,35.0,45.0,Not Applicable,Not Applicable,No,Not Applicable,703,Cash,3,3.0,4.0
2024-07-05 18:39:00,CNR8301089759,Success,CID504332,eBike,Chickpet,Kammanahalli,49.0,35.0,Not Applicable,Not Applicable,No,Not Applicable,900,UPI,10,3.0,3.9
2024-07-23 09:39:00,CNR3260228526,Canceled by Driver,CID152274,Prime SUV,Yeshwanthpur,Kengeri,,,Not Applicable,More than permitted people in there,Not Applicable,Not Applicable,173,Not Applicable,0,,
2024-07-30 08:11:00,CNR7043687041,Success,CID878508,Prime SUV,Frazer Town,Hennur,294.0,135.0,Not Applicable,Not Applicable,No,Not Applicable,306,Cash,22,4.4,3.8
2024-07-05 10:48:00,CNR4876645262,Canceled by Driver,CID892945,Prime Plus,BTM Layout,Shivajinagar,,,Not Applicable,Personal & Car related issue,Not Applicable,Not Applicable,469,Not Applicable,0,,
2024-07-07 09:55:00,CNR3229073812,Success,CID633664,Bike,Magadi Road,Kadugodi,273.0,45.0,Not Applicable,Not Applicable,No,Not Applicable,196,Cash,13,3.6,3.0
2024-07-27 10:41:00,CNR5010950187,Canceled by Driver,CID533257,Auto,Koramangala,Yeshwanthpur,,,Not Applicable,Personal & Car related issue,Not Applicable,Not Applicable,238,Not Applicable,0,,
2024-07-17 11:16:00,CNR3023301874,Success,CID419985,Prime SUV,JP Nagar,Jayanagar,91.0,45.0,Not Applicable,Not Applicable,No,Not Applicable,604,Cash,6,3.8,3.2
2024-07-01 03:16:00,CNR5101333970,Success,CID733544,Prime Plus,Yeshwanthpur,Bannerghatta Road,287.0,70.0,Not Applicable,Not Applicable,No,Not Applicable,955,Cash,26,3.8,4.6
2024-07-02 20:10:00,CNR9245186544,Success,CID162508,Prime Sedan,Frazer Town,Mysore Road,308.0,90.0,Not Applicable,Not Applicable,No,Not Applicable,989,UPI,32,4.6,4.4
2024-07-30 03:38:00,CNR1529484717,Success,CID438833,Prime SUV,Ramamurthy Nagar,Nagarbhavi,280.0,60.0,Not Applicable,Not Applicable,No,Not Applicable,812,Cash,17,4.9,3.8
2024-07-07 22:34:00,CNR3207166257,Success,CID405279,Prime Plus,Devanahalli,Tumkur Road,196.0,65.0,Not Applicable,Not Applicable,No,Not Applicable,109,UPI,34,3.8,3.1
2024-07-08 01:41:00,CNR3174789456,Canceled by Driver,CID745834,Mini,Peenya,Shantinagar,,,Not Applicable,Customer was coughing/sick,Not Applicable,Not Applicable,357,Not Applicable,0,,
2024-07-29 07:13:00,CNR4202571375,Canceled by Driver,CID332309,Mini,Shivajinagar,Hebbal,,,Not Applicable,More than permitted people in there,Not Applicable,Not Applicable,333,Not Applicable,0,,
2024-07-29 19:06:00,CNR7984417419,Success,CID336341,Bike,Hebbal,Malleshwaram,210.0,125.0,Not Applicable,Not Applicable,No,Not Applicable,450,Cash,47,4.1,4.4
2024-07-20 22:13:00,CNR1379587604,Canceled by Driver,CID514966,Prime Sedan,Tumkur Road,Nagarbhavi,,,Not Applicable,Customer related issue,Not Applicable,Not Applicable,174,Not Applicable,0,,
2024-07-01 09:43:00,CNR2800282993,Success,CID484401,Bike,Frazer Town,Mysore Road,217.0,65.0,Not Applicable,Not Applicable,No,Not Applicable,266,Cash,41,3.3,4.7
2024-07-06 02:35:00,CNR6916430156,Success,CID869461,Bike,Whitefield,JP Nagar,210.0,70.0,Not Applicable,Not Applicable,No,Not Applicable,2942,UPI,31,4.9,3.7
2024-07-30 13:18:00,CNR7668207727,Success,CID564559,Bike,Rajarajeshwari Nagar,Padmanabhanagar,182.0,135.0,Not Applicable,Not Applicable,No,Not Applicable,766,Cash,3,3.8,4.8
2024-07-25 08:00:00,CNR4199859427,Driver Not Found,CID673825,Prime Sedan,Marathahalli,Chickpet,,,Not Applicable,Not Applicable,Not Applicable,Not Applicable,284,Not Applicable,0,,
2024-07-12 17:59:00,CNR1321836394,Success,CID525697,Auto,Devanahalli,Whitefield,175.0,35.0,Not Applicable,Not Applicable,No,Not Applicable,405,UPI,3,3.2,4.6
2024-07-20 23:13:00,CNR5219761240,Driver Not Found,CID489264,Prime SUV,Padmanabhanagar,Hosur Road,,,Not Applicable,Not Applicable,Not Applicable,Not Applicable,350,Not Applicable,0,,
2024-07-07 04:29:00,CNR6863193415,Success,CID296340,Auto,Chickpet,Basavanagudi,245.0,100.0,Not Applicable,Not Applicable,No,Not Applicable,716,Cash,16,4.8,3.0
2024-07-27 04:30:00,CNR3795175422,Driver Not Found,CID547900,Prime Plus,Sahakar Nagar,Bannerghatta Road,,,Not Applicable,Not Applicable,Not Applicable,Not Applicable,478,Not Applicable,0,,
2024-07-21 01:58:00,CNR7659702768,Success,CID665537,Prime Plus,Majestic,Chickpet,112.0,50.0,Not Applicable,Not Applicable,No,Not Applicable,118,UPI,5,3.2,3.9
2024-07-27 19:34:00,CNR9773545100,Driver Not Found,CID967447,Auto,Kengeri,Ramamurthy Nagar,,,Not Applicable,Not Applicable,Not Applicable,Not Applicable,337,Not Applicable,0,,
2024-07-29 06:15:00,CNR5529382986,Success,CID300682,Auto,Sahakar Nagar,Sarjapur Road,35.0,30.0,Not Applicable,Not Applicable,No,Not Applicable,270,Cash,2,4.4,3.9
2024-07-28 14:38:00,CNR2981543706,Success,CID888941,Prime Sedan,Jayanagar,Whitefield,245.0,30.0,Not Applicable,Not Applicable,No,Not Applicable,410,UPI,45,3.0,3.5
2024-07-24 14:24:00,CNR4654849881,Success,CID812130,Prime SUV,Sahakar Nagar,Magadi Road,245.0,50.0,Not Applicable,Not Applicable,No,Not Applicable,251,Cash,14,4.1,4.6
2024-07-23 02:38:00,CNR2676879676,Success,CID901783,Mini,Hennur,Basavanagudi,224.0,55.0,Not Applicable,Not Applicable,No,Not Applicable,110,Cash,28,4.6,4.6
2024-07-02 00:51:00,CNR3176708358,Success,CID406045,Prime Plus,Padmanabhanagar,Hennur,252.0,90.0,Not Applicable,Not Applicable,No,Not Applicable,344,Cash,21,4.6,4.1
2024-07-01 01:44:00,CNR1494437511,Success,CID397925,eBike,Ramamurthy Nagar,Padmanabhanagar,70.0,80.0,Not Applicable,Not Applicable,No,Not Applicable,265,Cash,17,4.0,4.3
2024-07-13 23:20:00,CNR4199279969,Driver Not Found,CID641737,Prime Sedan,Bellandur,Richmond Town,,,Not Applicable,Not Applicable,Not Applicable,Not Applicable,299,Not Applicable,0,,
2024-07-23 21:23:00,CNR7644725876,Driver Not Found,CID549884,Prime Sedan,Ramamurthy Nagar,Kadugodi,,,Not Applicable,Not Applicable,Not Applicable,Not Applicable,384,Not Applicable,0,,
2024-07-03 09:43:00,CNR2051886396,Success,CID879875,Auto,KR Puram,Rajarajeshwari Nagar,231.0,45.0,Not Applicable,Not Applicable,No,Not Applicable,319,Cash,7,4.5,4.8
2024-07-11 08:26:00,CNR5991721893,Success,CID789775,Prime Plus,Banashankari,Hosur Road,231.0,60.0,Not Applicable,Not Applicable,No,Not Applicable,430,UPI,2,4.0,4.3
2024-07-06 14:09:00,CNR3494445433,Driver Not Found,CID662167,Prime Sedan,Bellandur,Hosur Road,,,Not Applicable,Not Applicable,Not Applicable,Not Applicable,1323,Not Applicable,0,,
2024-07-03 22:37:00,CNR5506357634,Success,CID269259,eBike,Peenya,HSR Layout,182.0,50.0,Not Applicable,Not Applicable,No,Not Applicable,240,Cash,49,4.9,3.5
2024-07-15 10:38:00,CNR6241135447,Success,CID191150,Prime Plus,Kengeri,Varthur,196.0,125.0,Not Applicable,Not Applicable,No,Not Applicable,224,UPI,3,4.6,4.6
2024-07-18 08:22:00,CNR8959059612,Canceled by Driver,CID736680,eBike,Yeshwanthpur,Ramamurthy Nagar,,,Not Applicable,Personal & Car related issue,Not Applicable,Not Applicable,135,Not Applicable,0,,
2024-07-08 03:47:00,CNR3681197178,Driver Not Found,CID479074,Auto,Frazer Town,Hulimavu,,,Not Applicable,Not Applicable,Not Applicable,Not Applicable,923,Not Applicable,0,,
2024-07-17 08:18:00,CNR4140154630,Success,CID328040,Auto,Ulsoor,Bellandur,77.0,95.0,Not Applicable,Not Applicable,No,Not Applicable,432,Cash,15,3.3,3.0
2024-07-30 16:56:00,CNR1726144439,Canceled by Driver,CID508539,Prime Plus,Chamarajpet,Indiranagar,,,Not Applicable,Personal & Car related issue,Not Applicable,Not Applicable,377,Not Applicable,0,,
2024-07-04 22:50:00,CNR6053212493,Driver Not Found,CID214990,Bike,Hulimavu,Yeshwanthpur,,,Not Applicable,Not Applicable,Not Applicable,Not Applicable,173,Not Applicable,0,,
2024-07-14 23:51:00,CNR9681230288,Driver Not Found,CID732259,Prime Plus,Ramamurthy Nagar,Koramangala,,,Not Applicable,Not Applicable,Not Applicable,Not Applicable,152,Not Applicable,0,,
2024-07-04 04:04:00,CNR8650782569,Success,CID300098,Prime Sedan,Yelahanka,Hennur,182.0,125.0,Not Applicable,Not Applicable,No,Not Applicable,414,Cash,27,4.9,4.6
2024-07-23 22:40:00,CNR1253836115,Canceled by Customer,CID194640,Prime Plus,Majestic,Rajarajeshwari Nagar,,,Driver asked to cancel,Not Applicable,Not Applicable,Not Applicable,149,Not Applicable,0,,
2024-07-14 05:31:00,CNR2317940734,Success,CID541888,Prime SUV,Magadi Road,Basavanagudi,196.0,90.0,Not Applicable,Not Applicable,No,Not Applicable,770,Cash,32,3.7,3.7
2024-07-24 16:51:00,CNR4305282800,Success,CID462889,Auto,Kammanahalli,Devanahalli,175.0,30.0,Not Applicable,Not Applicable,No,Not Applicable,454,UPI,4,4.6,3.6
2024-07-11 12:06:00,CNR8984738132,Success,CID326527,eBike,Magadi Road,Bellandur,308.0,110.0,Not Applicable,Not Applicable,No,Not Applicable,1596,Cash,9,3.0,4.4
2024-07-27 13:37:00,CNR9835921116,Success,CID786338,eBike,RT Nagar,Chickpet,140.0,120.0,Not Applicable,Not Applicable,No,Not Applicable,206,UPI,6,3.7,4.2
2024-07-12 08:29:00,CNR6465009551,Success,CID534488,Prime SUV,Kengeri,Nagarbhavi,231.0,55.0,Not Applicable,Not Applicable,Yes,Vehicle Breakdown,281,Cash,16,4.1,4.9
2024-07-15 21:09:00,CNR3810983156,Canceled by Driver,CID460787,Auto,Frazer Town,Banashankari,,,Not Applicable,Personal & Car related issue,Not Applicable,Not Applicable,1772,Not Applicable,0,,
2024-07-14 19:54:00,CNR3224616482,Success,CID208461,Bike,Chickpet,Tumkur Road,105.0,45.0,Not Applicable,Not Applicable,No,Not Applicable,190,Cash,35,4.4,3.3
2024-07-05 20:12:00,CNR1660320229,Success,CID157249,eBike,Rajarajeshwari Nagar,MG Road,287.0,95.0,Not Applicable,Not Applicable,No,Not Applicable,850,UPI,20,3.8,3.5
2024-07-14 07:44:00,CNR1044458277,Driver Not Found,CID598792,Auto,RT Nagar,Koramangala,,,Not Applicable,Not Applicable,Not Applicable,Not Applicable,246,Not Applicable,0,,
2024-07-15 04:52:00,CNR2491729328,Success,CID642573,Prime SUV,Marathahalli,Electronic City,105.0,30.0,Not Applicable,Not Applicable,No,Not Applicable,303,Cash,4,4.3,4.4
2024-07-01 05:34:00,CNR5755653857,Canceled by Customer,CID260678,Prime SUV,Tumkur Road,Indiranagar,,,Change of plans,Not Applicable,Not Applicable,Not Applicable,301,Not Applicable,0,,
2024-07-28 13:50:00,CNR8710400004,Driver Not Found,CID306239,Prime Sedan,Ramamurthy Nagar,Kammanahalli,,,Not Applicable,Not Applicable,Not Applicable,Not Applicable,115,Not Applicable,0,,
2024-07-18 02:22:00,CNR6470812066,Success,CID922915,Mini,Nagarbhavi,Kammanahalli,140.0,125.0,Not Applicable,Not Applicable,No,Not Applicable,349,UPI,28,4.1,3.2
2024-07-25 17:12:00,CNR5122910051,Success,CID291135,Mini,Basavanagudi,BTM Layout,259.0,120.0,Not Applicable,Not Applicable,No,Not Applicable,783,Cash,34,3.1,3.1
2024-07-28 10:39:00,CNR7885243372,Canceled by Customer,CID793849,Prime SUV,Padmanabhanagar,JP Nagar,,,Driver is not moving towards pickup location,Not Applicable,Not Applicable,Not Applicable,857,Not Applicable,0,,
2024-07-08 20:12:00,CNR9915329111,Success,CID299697,Mini,Tumkur Road,Padmanabhanagar,35.0,90.0,Not Applicable,Not Applicable,Yes,Vehicle Breakdown,487,Cash,14,3.2,3.6
2024-07-10 10:19:00,CNR6424724481,Success,CID357120,Bike,HSR Layout,JP Nagar,161.0,115.0,Not Applicable,Not Applicable,No,Not Applicable,461,UPI,10,4.9,3.6
2024-07-28 12:05:00,CNR8950688616,Success,CID335906,eBike,Banashankari,Hennur,42.0,25.0,Not Applicable,Not Applicable,No,Not Applicable,395,Cash,38,4.3,3.6
2024-07-27 17:08:00,CNR3911146110,Canceled by Driver,CID422041,Bike,RT Nagar,Magadi Road,,,Not Applicable,More than permitted people in there,Not Applicable,Not Applicable,283,Not Applicable,0,,
2024-07-24 05:37:00,CNR7780675626,Canceled by Customer,CID981927,eBike,Hosur Road,Ulsoor,,,Driver is not moving towards pickup location,Not Applicable,Not Applicable,Not Applicable,576,Not Applicable,0,,
2024-07-22 02:49:00,CNR5277937481,Success,CID762872,eBike,Rajarajeshwari Nagar,Sahakar Nagar,224.0,90.0,Not Applicable,Not Applicable,No,Not Applicable,317,UPI,11,3.6,3.8
2024-07-22 18:24:00,CNR3983561348,Canceled by Driver,CID586371,Prime Plus,Mysore Road,Hulimavu,,,Not Applicable,Customer related issue,Not Applicable,Not Applicable,1473,Not Applicable,0,,
2024-07-10 23:17:00,CNR1836206171,Success,CID789170,Prime SUV,Banashankari,Chamarajpet,49.0,30.0,Not Applicable,Not Applicable,No,Not Applicable,426,Cash,35,4.2,3.4
2024-07-22 06:32:00,CNR7735903645,Success,CID376035,Prime Sedan,Malleshwaram,Sarjapur Road,154.0,45.0,Not Applicable,Not Applicable,No,Not Applicable,1779,Cash,40,4.8,3.6
2024-07-07 02:36:00,CNR6237765854,Success,CID239894,Mini,Marathahalli,Hosur Road,301.0,25.0,Not Applicable,Not Applicable,No,Not Applicable,981,UPI,35,3.4,3.7
2024-07-10 18:49:00,CNR1922832819,Canceled by Customer,CID524695,Mini,Hennur,Padmanabhanagar,,,Wrong Address,Not Applicable,Not Applicable,Not Applicable,419,Not Applicable,0,,
2024-07-17 21:15:00,CNR1823787731,Success,CID783389,Prime Plus,Chamarajpet,Peenya,273.0,70.0,Not Applicable,Not Applicable,No,Not Applicable,460,Cash,1,4.1,4.0
2024-07-18 13:16:00,CNR9986463839,Driver Not Found,CID366550,Prime Sedan,Jayanagar,Hosur Road,,,Not Applicable,Not Applicable,Not Applicable,Not Applicable,868,Not Applicable,0,,
2024-07-01 22:44:00,CNR3071531785,Success,CID961137,Prime Plus,Yelahanka,Padmanabhanagar,238.0,130.0,Not Applicable,Not Applicable,No,Not Applicable,607,Cash,11,4.7,4.9
2024-07-06 20:45:00,CNR4548030612,Canceled by Customer,CID141956,Prime Plus,BTM Layout,Rajajinagar,,,Wrong Address,Not Applicable,Not Applicable,Not Applicable,221,Not Applicable,0,,
2024-07-06 13:53:00,CNR6340528757,Driver Not Found,CID595659,Prime Plus,Koramangala,Mysore Road,,,Not Applicable,Not Applicable,Not Applicable,Not Applicable,419,Not Applicable,0,,
2024-07-27 18:47:00,CNR8072620279,Success,CID228950,Prime Plus,Peenya,Majestic,126.0,70.0,Not Applicable,Not Applicable,No,Not Applicable,110,Cash,36,3.7,4.5
2024-07-23 01:06:00,CNR2418637103,Success,CID778548,Prime Sedan,HSR Layout,Shantinagar,224.0,95.0,Not Applicable,Not Applicable,No,Not Applicable,773,Cash,36,3.3,3.4
2024-07-25 21:24:00,CNR7381178250,Success,CID405259,Prime Sedan,Jayanagar,Tumkur Road,203.0,145.0,Not Applicable,Not Applicable,No,Not Applicable,2474,UPI,45,4.5,3.8
2024-07-25 10:56:00,CNR3870012090,Success,CID481975,Auto,Varthur,Kadugodi,259.0,35.0,Not Applicable,Not Applicable,No,Not Applicable,2715,Cash,13,4.6,3.3
2024-07-15 07:02:00,CNR1449092765,Driver Not Found,CID149483,Bike,Shantinagar,Padmanabhanagar,,,Not Applicable,Not Applicable,Not Applicable,Not Applicable,759,Not Applicable,0,,
2024-07-17 02:53:00,CNR6471232011,Success,CID800530,Prime Plus,Richmond Town,Hebbal,77.0,35.0,Not Applicable,Not Applicable,No,Not Applicable,247,Cash,13,4.7,5.0
2024-07-07 22:47:00,CNR3920068536,Success,CID412121,Mini,Nagarbhavi,Ulsoor,91.0,50.0,Not Applicable,Not Applicable,Yes,Customer Demand,875,Cash,32,3.8,4.3
2024-07-19 03:20:00,CNR4189352823,Success,CID115488,eBike,BTM Layout,Hosur Road,217.0,75.0,Not Applicable,Not Applicable,No,Not Applicable,275,Cash,39,3.5,4.2
2024-07-07 12:59:00,CNR8155819816,Canceled by Customer,CID607780,Prime Plus,Shantinagar,KR Puram,,,AC is Not working,Not Applicable,Not Applicable,Not Applicable,2458,Not Applicable,0,,
2024-07-21 13:30:00,CNR9460206898,Success,CID500873,Auto,Frazer Town,RT Nagar,182.0,25.0,Not Applicable,Not Applicable,No,Not Applicable,285,Cash,7,3.3,3.7
2024-07-30 09:47:00,CNR5056666648,Success,CID363751,Auto,Electronic City,Rajarajeshwari Nagar,224.0,125.0,Not Applicable,Not Applicable,No,Not Applicable,233,Cash,1,4.3,3.7
2024-07-22 05:45:00,CNR7030107514,Driver Not Found,CID788471,eBike,Hulimavu,Magadi Road,,,Not Applicable,Not Applicable,Not Applicable,Not Applicable,375,Not Applicable,0,,
2024-07-23 02:13:00,CNR5666395928,Success,CID709204,Bike,Chickpet,RT Nagar,175.0,100.0,Not Applicable,Not Applicable,No,Not Applicable,192,UPI,18,3.5,5.0
2024-07-08 01:09:00,CNR2808446309,Success,CID406519,Auto,Padmanabhanagar,Cox Town,189.0,135.0,Not Applicable,Not Applicable,No,Not Applicable,866,Cash,15,5.0,4.6
2024-07-30 11:15:00,CNR2092416967,Success,CID676943,Prime SUV,Padmanabhanagar,JP Nagar,56.0,40.0,Not Applicable,Not Applicable,No,Not Applicable,492,Cash,28,3.4,3.4
2024-07-20 03:30:00,CNR6229845524,Success,CID881766,Bike,Frazer Town,Hennur,273.0,105.0,Not Applicable,Not Applicable,No,Not Applicable,214,Cash,45,4.1,3.0
2024-07-22 07:36:00,CNR2785967907,Success,CID728772,Prime Sedan,Bellandur,Koramangala,112.0,105.0,Not Applicable,Not Applicable,No,Not Applicable,729,UPI,40,4.5,3.1
2024-07-21 20:21:00,CNR5016211627,Success,CID814158,Prime SUV,Shivajinagar,Hennur,266.0,60.0,Not Applicable,Not Applicable,No,Not Applicable,699,UPI,31,4.1,4.7
2024-07-30 02:58:00,CNR5409328054,Canceled by Customer,CID563363,eBike,Shivajinagar,Yeshwanthpur,,,Driver is not moving towards pickup location,Not Applicable,Not Applicable,Not Applicable,484,Not Applicable,0,,
2024-07-23 03:30:00,CNR7742955021,Success,CID704133,eBike,Koramangala,Cox Town,140.0,125.0,Not Applicable,Not Applicable,No,Not Applicable,199,Cash,6,3.5,3.5
2024-07-06 14:38:00,CNR7699027399,Driver Not Found,CID994928,Prime Plus,JP Nagar,Hennur,,,Not Applicable,Not Applicable,Not Applicable,Not Applicable,504,Not Applicable,0,,
2024-07-01 02:02:00,CNR9469343586,Canceled by Customer,CID178799,eBike,Shantinagar,Peenya,,,AC is Not working,Not Applicable,Not Applicable,Not Applicable,109,Not Applicable,0,,
2024-07-30 16:44:00,CNR9204090709,Success,CID414823,Auto,BTM Layout,Shantinagar,91.0,115.0,Not Applicable,Not Applicable,No,Not Applicable,145,Cash,9,3.7,4.4
2024-07-10 08:29:00,CNR4099849354,Canceled by Customer,CID226368,eBike,Hulimavu,Mysore Road,,,Change of plans,Not Applicable,Not Applicable,Not Applicable,485,Not Applicable,0,,
2024-07-03 18:37:00,CNR8860603057,Success,CID771493,Prime SUV,Tumkur Road,Indiranagar,224.0,90.0,Not Applicable,Not Applicable,No,Not Applicable,2471,Cash,37,4.8,3.4
2024-07-05 15:59:00,CNR2261604582,Success,CID949396,Auto,Bellandur,Bellandur,49.0,120.0,Not Applicable,Not Applicable,Yes,Other Issue,364,Cash,9,4.8,3.3
2024-07-17 01:14:00,CNR5601538140,Success,CID674859,Prime Plus,KR Puram,Nagarbhavi,189.0,130.0,Not Applicable,Not Applicable,No,Not Applicable,226,Cash,29,4.6,3.0
2024-07-15 14:40:00,CNR8945645287,Success,CID830686,Prime SUV,Kadugodi,MG Road,266.0,115.0,Not Applicable,Not Applicable,No,Not Applicable,271,Cash,18,3.5,3.3
2024-07-12 14:55:00,CNR5412115132,Canceled by Customer,CID802409,Mini,Hulimavu,Yelahanka,,,Driver is not moving towards pickup location,Not Applicable,Not Applicable,Not Applicable,458,Not Applicable,0,,
2024-07-07 09:04:00,CNR6156436171,Success,CID601099,Mini,BTM Layout,Yeshwanthpur,175.0,125.0,Not Applicable,Not Applicable,No,Not Applicable,118,Credit Card,22,3.8,3.6
2024-07-09 09:27:00,CNR5934853847,Driver Not Found,CID649553,Auto,Ramamurthy Nagar,Padmanabhanagar,,,Not Applicable,Not Applicable,Not Applicable,Not Applicable,472,Not Applicable,0,,
2024-07-19 04:24:00,CNR5747935556,Canceled by Driver,CID467205,eBike,Peenya,MG Road,,,Not Applicable,Customer related issue,Not Applicable,Not Applicable,458,Not Applicable,0,,
2024-07-08 17:58:00,CNR8126974969,Success,CID381742,Prime SUV,Vijayanagar,Rajajinagar,126.0,60.0,Not Applicable,Not Applicable,No,Not Applicable,272,UPI,1,4.1,3.8
2024-07-23 17:33:00,CNR1457202573,Canceled by Customer,CID624039,Prime Sedan,BTM Layout,Kadugodi,,,Change of plans,Not Applicable,Not Applicable,Not Applicable,154,Not Applicable,0,,
2024-07-09 18:36:00,CNR4670593146,Success,CID748574,Bike,Sahakar Nagar,Vijayanagar,63.0,30.0,Not Applicable,Not Applicable,Yes,Customer Demand,519,Cash,48,3.9,3.6
2024-07-06 00:12:00,CNR2121156477,Success,CID491358,Prime Sedan,Sarjapur Road,Malleshwaram,147.0,85.0,Not Applicable,Not Applicable,No,Not Applicable,344,Cash,30,3.5,4.2
2024-07-08 04:32:00,CNR4124280113,Canceled by Customer,CID724432,Prime Plus,Yeshwanthpur,Hosur Road,,,Driver asked to cancel,Not Applicable,Not Applicable,Not Applicable,156,Not Applicable,0,,
2024-07-24 03:36:00,CNR6761852298,Success,CID687913,Prime SUV,JP Nagar,Chickpet,42.0,115.0,Not Applicable,Not Applicable,No,Not Applicable,384,UPI,20,4.1,4.4
2024-07-02 09:32:00,CNR1924789205,Driver Not Found,CID169046,Mini,Electronic City,Peenya,,,Not Applicable,Not Applicable,Not Applicable,Not Applicable,238,Not Applicable,0,,
2024-07-17 08:35:00,CNR8272191419,Success,CID687095,Auto,Chamarajpet,Hebbal,84.0,130.0,Not Applicable,Not Applicable,No,Not Applicable,848,Cash,17,4.4,4.5
2024-07-08 12:10:00,CNR3077767851,Success,CID752678,Prime Sedan,Hennur,Tumkur Road,161.0,75.0,Not Applicable,Not Applicable,Yes,Vehicle Breakdown,499,Cash,14,3.9,3.5
2024-07-05 07:47:00,CNR4317948937,Success,CID224862,Prime Sedan,BTM Layout,JP Nagar,301.0,25.0,Not Applicable,Not Applicable,No,Not Applicable,649,Cash,23,3.9,4.2
2024-07-30 03:19:00,CNR2076795441,Success,CID240922,Prime Plus,Hennur,Vijayanagar,56.0,145.0,Not Applicable,Not Applicable,No,Not Applicable,433,UPI,10,3.7,3.5
2024-07-12 17:29:00,CNR1934577718,Success,CID963201,Bike,Vijayanagar,Whitefield,140.0,125.0,Not Applicable,Not Applicable,No,Not Applicable,451,Cash,47,3.4,3.9
2024-07-13 11:16:00,CNR8725089318,Canceled by Driver,CID440492,Mini,Marathahalli,Richmond Town,,,Not Applicable,Personal & Car related issue,Not Applicable,Not Applicable,310,Not Applicable,0,,
2024-07-22 11:42:00,CNR4440804672,Canceled by Driver,CID848344,Bike,Sahakar Nagar,Mysore Road,,,Not Applicable,Customer was coughing/sick,Not Applicable,Not Applicable,949,Not Applicable,0,,
2024-07-04 03:48:00,CNR1665449902,Success,CID620258,Mini,Hulimavu,Langford Town,266.0,105.0,Not Applicable,Not Applicable,No,Not Applicable,341,UPI,18,4.9,3.7
2024-07-20 13:32:00,CNR8913026975,Success,CID903047,Prime Sedan,JP Nagar,HSR Layout,245.0,80.0,Not Applicable,Not Applicable,Yes,Other Issue,517,Cash,42,3.9,3.8
2024-07-11 22:09:00,CNR8364439529,Canceled by Customer,CID950135,Prime Sedan,Koramangala,Kadugodi,,,Driver asked to cancel,Not Applicable,Not Applicable,Not Applicable,477,Not Applicable,0,,
2024-07-07 08:56:00,CNR1527427270,Canceled by Driver,CID813909,Mini,Yeshwanthpur,Banashankari,,,Not Applicable,Customer related issue,Not Applicable,Not Applicable,306,Not Applicable,0,,
2024-07-08 10:36:00,CNR5218306559,Success,CID649466,Mini,Bannerghatta Road,Nagarbhavi,154.0,140.0,Not Applicable,Not Applicable,No,Not Applicable,109,Cash,10,3.9,3.6
2024-07-20 20:34:00,CNR2852750800,Success,CID856736,Prime SUV,MG Road,Shantinagar,168.0,70.0,Not Applicable,Not Applicable,No,Not Applicable,428,UPI,46,3.9,4.4
2024-07-30 08:22:00,CNR7489563394,Canceled by Customer,CID463997,Prime Sedan,Indiranagar,Yelahanka,,,Change of plans,Not Applicable,Not Applicable,Not Applicable,370,Not Applicable,0,,
2024-07-24 02:59:00,CNR2564315098,Success,CID848378,Auto,Yeshwanthpur,MG Road,217.0,85.0,Not Applicable,Not Applicable,No,Not Applicable,491,Cash,19,3.8,3.3
2024-07-28 19:52:00,CNR5249658865,Canceled by Customer,CID454595,Bike,Hulimavu,Shantinagar,,,Driver is not moving towards pickup location,Not Applicable,Not Applicable,Not Applicable,564,Not Applicable,0,,
2024-07-18 00:49:00,CNR3074911052,Canceled by Driver,CID661242,Prime SUV,Marathahalli,Hennur,,,Not Applicable,Personal & Car related issue,Not Applicable,Not Applicable,150,Not Applicable,0,,
2024-07-07 16:11:00,CNR3738126635,Success,CID492669,Auto,Tumkur Road,Bannerghatta Road,112.0,55.0,Not Applicable,Not Applicable,No,Not Applicable,356,Cash,16,4.7,3.8
2024-07-23 15:41:00,CNR4597427100,Success,CID823790,eBike,Sahakar Nagar,BTM Layout,294.0,115.0,Not Applicable,Not Applicable,No,Not Applicable,335,Cash,14,4.7,3.2
2024-07-08 04:43:00,CNR1236807879,Canceled by Driver,CID416758,Prime Sedan,Basavanagudi,Yelahanka,,,Not Applicable,Customer related issue,Not Applicable,Not Applicable,498,Not Applicable,0,,
2024-07-20 13:00:00,CNR8422535823,Success,CID711345,Prime Sedan,Ramamurthy Nagar,RT Nagar,56.0,125.0,Not Applicable,Not Applicable,No,Not Applicable,104,UPI,22,3.0,4.4
2024-07-04 11:59:00,CNR7060608110,Canceled by Driver,CID384917,Auto,Shantinagar,Ulsoor,,,Not Applicable,Customer was coughing/sick,Not Applicable,Not Applicable,647,Not Applicable,0,,
2024-07-15 14:26:00,CNR1221619050,Canceled by Customer,CID703180,Mini,Banashankari,Rajajinagar,,,Change of plans,Not Applicable,Not Applicable,Not Applicable,105,Not Applicable,0,,
2024-07-15 17:30:00,CNR9368090959,Success,CID598581,eBike,Mysore Road,Langford Town,147.0,50.0,Not Applicable,Not Applicable,No,Not Applicable,419,Cash,37,3.1,3.7
2024-07-09 20:31:00,CNR2761351141,Success,CID864683,Prime Plus,Sahakar Nagar,Frazer Town,161.0,120.0,Not Applicable,Not Applicable,No,Not Applicable,845,UPI,10,4.9,4.3
2024-07-26 01:33:00,CNR3981378819,Success,CID977957,Mini,Hulimavu,Hebbal,140.0,135.0,Not Applicable,Not Applicable,No,Not Applicable,820,Cash,35,3.5,4.5
2024-07-06 14:12:00,CNR9552421463,Success,CID834198,Prime Plus,Hennur,RT Nagar,259.0,40.0,Not Applicable,Not Applicable,No,Not Applicable,467,Credit Card,1,3.2,3.2
2024-07-10 01:53:00,CNR2731352207,Success,CID532463,Mini,Malleshwaram,Koramangala,84.0,75.0,Not Applicable,Not Applicable,No,Not Applicable,623,UPI,46,3.2,3.5
2024-07-15 12:13:00,CNR2605169844,Canceled by Driver,CID312129,eBike,Devanahalli,Richmond Town,,,Not Applicable,Customer related issue,Not Applicable,Not Applicable,172,Not Applicable,0,,
2024-07-26 06:03:00,CNR5424384473,Success,CID277060,Prime SUV,Yelahanka,Ramamurthy Nagar,84.0,135.0,Not Applicable,Not Applicable,No,Not Applicable,2314,Cash,30,4.2,3.5
2024-07-18 05:24:00,CNR6409364142,Success,CID997654,Mini,Kadugodi,Hennur,161.0,75.0,Not Applicable,Not Applicable,No,Not Applicable,936,Cash,39,3.2,3.9
2024-07-06 12:31:00,CNR1853037926,Success,CID287135,eBike,Bannerghatta Road,Vijayanagar,133.0,55.0,Not Applicable,Not Applicable,No,Not Applicable,339,Cash,33,4.8,4.7
2024-07-20 12:16:00,CNR1594619702,Success,CID799766,eBike,Sahakar Nagar,Cox Town,245.0,135.0,Not Applicable,Not Applicable,No,Not Applicable,235,Cash,22,3.0,4.3
2024-07-26 18:20:00,CNR1410920500,Canceled by Customer,CID834117,Bike,Sahakar Nagar,Yeshwanthpur,,,AC is Not working,Not Applicable,Not Applicable,Not Applicable,419,Not Applicable,0,,
2024-07-13 00:54:00,CNR6195399943,Success,CID844460,Auto,Frazer Town,HSR Layout,140.0,50.0,Not Applicable,Not Applicable,No,Not Applicable,225,Cash,8,4.3,3.8
2024-07-28 06:17:00,CNR1240081589,Success,CID184796,Prime Plus,Devanahalli,Cox Town,126.0,50.0,Not Applicable,Not Applicable,No,Not Applicable,282,Cash,31,4.9,4.9
2024-07-10 01:57:00,CNR5351123668,Success,CID700947,Prime Plus,Magadi Road,Jayanagar,112.0,120.0,Not Applicable,Not Applicable,No,Not Applicable,103,Cash,4,4.0,3.0
2024-07-26 17:15:00,CNR6544288115,Driver Not Found,CID370110,eBike,Rajarajeshwari Nagar,Bellandur,,,Not Applicable,Not Applicable,Not Applicable,Not Applicable,374,Not Applicable,0,,
2024-07-11 01:29:00,CNR5546902028,Canceled by Driver,CID548309,Mini,Langford Town,Kammanahalli,,,Not Applicable,Customer related issue,Not Applicable,Not Applicable,975,Not Applicable,0,,
2024-07-11 01:54:00,CNR5295777526,Success,CID815754,Auto,Yelahanka,Langford Town,35.0,140.0,Not Applicable,Not Applicable,No,Not Applicable,203,UPI,6,3.9,3.7
2024-07-12 19:12:00,CNR1313318590,Success,CID800453,Mini,Majestic,Ramamurthy Nagar,42.0,140.0,Not Applicable,Not Applicable,No,Not Applicable,289,Cash,20,4.8,4.0
2024-07-27 19:21:00,CNR3054760310,Success,CID998186,eBike,Shivajinagar,HSR Layout,217.0,120.0,Not Applicable,Not Applicable,No,Not Applicable,363,UPI,11,4.9,3.1
2024-07-04 02:38:00,CNR2499498530,Canceled by Driver,CID803536,Prime Plus,HSR Layout,Padmanabhanagar,,,Not Applicable,Customer related issue,Not Applicable,Not Applicable,265,Not Applicable,0,,
2024-07-28 03:14:00,CNR9967935583,Success,CID515229,Prime Plus,Kammanahalli,Malleshwaram,231.0,100.0,Not Applicable,Not Applicable,No,Not Applicable,904,UPI,12,4.2,4.2
2024-07-25 23:53:00,CNR6742828958,Success,CID121394,Prime SUV,Yeshwanthpur,Langford Town,140.0,110.0,Not Applicable,Not Applicable,No,Not Applicable,203,UPI,8,4.3,3.2
2024-07-09 23:43:00,CNR5630576727,Canceled by Driver,CID596638,eBike,Devanahalli,Cox Town,,,Not Applicable,More than permitted people in there,Not Applicable,Not Applicable,999,Not Applicable,0,,
2024-07-14 23:08:00,CNR7081497899,Success,CID957395,Auto,Peenya,Mysore Road,133.0,95.0,Not Applicable,Not Applicable,No,Not Applicable,259,UPI,17,4.8,4.7
2024-07-21 12:36:00,CNR3366005116,Success,CID418202,Auto,Malleshwaram,Marathahalli,119.0,110.0,Not Applicable,Not Applicable,No,Not Applicable,922,UPI,7,4.2,4.7
2024-07-07 05:38:00,CNR9515953551,Canceled by Driver,CID247735,eBike,MG Road,Chickpet,,,Not Applicable,Personal & Car related issue,Not Applicable,Not Applicable,438,Not Applicable,0,,
2024-07-30 15:09:00,CNR5634603179,Canceled by Driver,CID682865,Bike,KR Puram,RT Nagar,,,Not Applicable,More than permitted people in there,Not Applicable,Not Applicable,347,Not Applicable,0,,
2024-07-09 05:24:00,CNR6676153250,Canceled by Customer,CID539337,Prime SUV,Kengeri,Whitefield,,,Driver is not moving towards pickup location,Not Applicable,Not Applicable,Not Applicable,597,Not Applicable,0,,
2024-07-14 07:01:00,CNR4362904700,Success,CID267570,Prime Plus,Shivajinagar,Peenya,266.0,80.0,Not Applicable,Not Applicable,No,Not Applicable,460,Cash,48,3.5,3.2
2024-07-22 15:32:00,CNR8260960745,Canceled by Driver,CID628208,Mini,Kammanahalli,Hulimavu,,,Not Applicable,More than permitted people in there,Not Applicable,Not Applicable,755,Not Applicable,0,,
2024-07-10 13:20:00,CNR5310227449,Canceled by Driver,CID628458,Prime Plus,MG Road,Mysore Road,,,Not Applicable,Customer related issue,Not Applicable,Not Applicable,263,Not Applicable,0,,
2024-07-04 05:15:00,CNR5396545464,Success,CID981668,Auto,Indiranagar,Peenya,77.0,135.0,Not Applicable,Not Applicable,No,Not Applicable,119,Cash,16,4.7,3.7
2024-07-19 21:47:00,CNR9882203995,Success,CID915087,eBike,Indiranagar,Varthur,203.0,135.0,Not Applicable,Not Applicable,No,Not Applicable,271,UPI,7,4.0,3.5
2024-07-16 12:32:00,CNR3808593994,Success,CID385436,Mini,Rajajinagar,Richmond Town,63.0,125.0,Not Applicable,Not Applicable,No,Not Applicable,607,Cash,23,4.8,4.8
2024-07-19 08:13:00,CNR9538628824,Success,CID541632,Prime Plus,Rajarajeshwari Nagar,Sahakar Nagar,301.0,120.0,Not Applicable,Not Applicable,No,Not Applicable,313,Cash,8,3.2,3.3
2024-07-03 22:51:00,CNR6010493496,Success,CID457835,eBike,Devanahalli,BTM Layout,126.0,55.0,Not Applicable,Not Applicable,No,Not Applicable,1040,Cash,2,3.7,4.7
2024-07-24 11:52:00,CNR5019561838,Success,CID395695,Bike,KR Puram,Kengeri,196.0,135.0,Not Applicable,Not Applicable,No,Not Applicable,454,Cash,28,3.4,3.6
2024-07-28 18:34:00,CNR3040317116,Canceled by Customer,CID728034,Mini,Rajarajeshwari Nagar,Nagarbhavi,,,Driver asked to cancel,Not Applicable,Not Applicable,Not Applicable,133,Not Applicable,0,,
2024-07-13 13:17:00,CNR3459647245,Canceled by Driver,CID201376,Prime SUV,Yelahanka,Marathahalli,,,Not Applicable,Personal & Car related issue,Not Applicable,Not Applicable,167,Not Applicable,0,,
2024-07-18 00:48:00,CNR3542585589,Success,CID978016,Prime Sedan,Yeshwanthpur,Vijayanagar,84.0,120.0,Not Applicable,Not Applicable,No,Not Applicable,112,Cash,10,3.7,3.8
2024-07-25 13:51:00,CNR3706503333,Success,CID237928,eBike,Magadi Road,Basavanagudi,126.0,30.0,Not Applicable,Not Applicable,No,Not Applicable,447,Cash,2,5.0,4.4
2024-07-25 14:31:00,CNR4335291766,Success,CID150401,Prime SUV,Richmond Town,Indiranagar,252.0,85.0,Not Applicable,Not Applicable,Yes,Vehicle Breakdown,1846,UPI,5,4.6,4.0
2024-07-21 02:09:00,CNR6606143251,Canceled by Driver,CID845564,Prime Sedan,Varthur,Banashankari,,,Not Applicable,Personal & Car related issue,Not Applicable,Not Applicable,241,Not Applicable,0,,
2024-07-21 10:47:00,CNR9294067127,Success,CID548212,Prime Plus,Electronic City,Richmond Town,217.0,140.0,Not Applicable,Not Applicable,No,Not Applicable,387,UPI,32,4.8,3.7
2024-07-13 01:56:00,CNR1815524115,Success,CID916896,Bike,Marathahalli,Ulsoor,182.0,90.0,Not Applicable,Not Applicable,No,Not Applicable,132,Cash,38,3.3,4.6
2024-07-08 18:47:00,CNR3037442341,Success,CID591638,Prime Sedan,Chamarajpet,RT Nagar,56.0,130.0,Not Applicable,Not Applicable,No,Not Applicable,498,UPI,4,3.1,4.0
2024-07-18 10:38:00,CNR9767465243,Success,CID213018,Prime SUV,Whitefield,Padmanabhanagar,91.0,70.0,Not Applicable,Not Applicable,Yes,Vehicle Breakdown,957,UPI,14,4.4,5.0
2024-07-30 17:23:00,CNR4908474474,Success,CID885540,Mini,Hebbal,Padmanabhanagar,35.0,145.0,Not Applicable,Not Applicable,No,Not Applicable,221,UPI,23,4.0,4.5
2024-07-12 02:04:00,CNR9332113952,Canceled by Driver,CID834732,Prime SUV,Kengeri,Majestic,,,Not Applicable,Personal & Car related issue,Not Applicable,Not Applicable,257,Not Applicable,0,,
2024-07-26 00:50:00,CNR4463400312,Success,CID834336,Prime Plus,KR Puram,Langford Town,91.0,120.0,Not Applicable,Not Applicable,No,Not Applicable,320,UPI,30,4.9,4.2
2024-07-24 06:29:00,CNR8118227250,Success,CID912766,Mini,Chamarajpet,Hulimavu,259.0,100.0,Not Applicable,Not Applicable,Yes,Vehicle Breakdown,638,Cash,24,3.1,4.1
2024-07-28 18:39:00,CNR5491188040,Success,CID762491,Prime Sedan,Malleshwaram,HSR Layout,105.0,35.0,Not Applicable,Not Applicable,No,Not Applicable,375,UPI,27,4.7,3.9
2024-07-16 20:24:00,CNR8209152795,Success,CID508213,eBike,Padmanabhanagar,Richmond Town,126.0,50.0,Not Applicable,Not Applicable,No,Not Applicable,425,UPI,27,4.7,4.3
2024-07-18 04:30:00,CNR4446845391,Success,CID692979,Mini,Basavanagudi,Mysore Road,182.0,35.0,Not Applicable,Not Applicable,No,Not Applicable,329,UPI,2,4.7,3.2
2024-07-11 10:38:00,CNR6567382648,Canceled by Customer,CID389791,Prime Sedan,MG Road,Peenya,,,Driver is not moving towards pickup location,Not Applicable,Not Applicable,Not Applicable,206,Not Applicable,0,,
2024-07-12 11:00:00,CNR8627489068,Success,CID900247,eBike,Richmond Town,JP Nagar,98.0,135.0,Not Applicable,Not Applicable,No,Not Applicable,146,Cash,44,4.6,4.0
2024-07-07 12:30:00,CNR6019912852,Success,CID177417,Bike,Rajarajeshwari Nagar,Padmanabhanagar,91.0,35.0,Not Applicable,Not Applicable,Yes,Customer Demand,437,UPI,42,3.2,3.4
2024-07-01 14:37:00,CNR1718835171,Success,CID321184,Mini,Yeshwanthpur,Kadugodi,189.0,30.0,Not Applicable,Not Applicable,No,Not Applicable,292,UPI,35,3.9,4.2
2024-07-12 04:33:00,CNR8797710209,Success,CID215911,Prime Plus,Mysore Road,Hulimavu,91.0,45.0,Not Applicable,Not Applicable,No,Not Applicable,493,UPI,11,4.0,3.2
2024-07-17 03:35:00,CNR8070686095,Success,CID582175,Prime SUV,Mysore Road,Yelahanka,140.0,140.0,Not Applicable,Not Applicable,No,Not Applicable,221,Cash,21,3.9,3.7
2024-07-25 17:20:00,CNR2685749868,Success,CID447897,Prime Plus,Whitefield,Electronic City,154.0,130.0,Not Applicable,Not Applicable,No,Not Applicable,425,Debit Card,20,4.7,4.7
2024-07-08 20:03:00,CNR9518067704,Success,CID131879,Bike,Rajajinagar,JP Nagar,210.0,35.0,Not Applicable,Not Applicable,No,Not Applicable,601,Cash,33,3.6,3.5
2024-07-11 13:11:00,CNR8008771492,Driver Not Found,CID197936,Prime Sedan,HSR Layout,Sahakar Nagar,,,Not Applicable,Not Applicable,Not Applicable,Not Applicable,318,Not Applicable,0,,
2024-07-25 06:42:00,CNR5410487414,Success,CID615859,Prime Plus,Rajajinagar,Electronic City,189.0,90.0,Not Applicable,Not Applicable,No,Not Applicable,673,Cash,35,3.4,4.4
2024-07-20 23:45:00,CNR8730854945,Driver Not Found,CID237075,Mini,Shivajinagar,Whitefield,,,Not Applicable,Not Applicable,Not Applicable,Not Applicable,978,Not Applicable,0,,
2024-07-30 15:26:00,CNR5220248232,Driver Not Found,CID628111,Prime Sedan,Majestic,Indiranagar,,,Not Applicable,Not Applicable,Not Applicable,Not Applicable,264,Not Applicable,0,,
2024-07-22 01:23:00,CNR8615601854,Success,CID254865,Prime Sedan,Peenya,Marathahalli,119.0,55.0,Not Applicable,Not Applicable,No,Not Applicable,308,UPI,46,4.4,3.6
2024-07-06 02:36:00,CNR2019569368,Success,CID709846,Auto,Padmanabhanagar,Indiranagar,105.0,45.0,Not Applicable,Not Applicable,No,Not Applicable,311,Cash,8,4.2,4.6
2024-07-05 12:32:00,CNR2188224812,Driver Not Found,CID103405,Mini,Kammanahalli,KR Puram,,,Not Applicable,Not Applicable,Not Applicable,Not Applicable,190,Not Applicable,0,,
2024-07-17 17:31:00,CNR5691552001,Canceled by Driver,CID573025,Bike,Yelahanka,Kammanahalli,,,Not Applicable,Customer related issue,Not Applicable,Not Applicable,310,Not Applicable,0,,
2024-07-18 07:01:00,CNR4380477732,Success,CID496868,Auto,JP Nagar,Varthur,259.0,80.0,Not Applicable,Not Applicable,Yes,Customer Demand,761,Cash,3,4.1,3.5
2024-07-25 18:14:00,CNR1903496825,Canceled by Customer,CID971008,Bike,Rajarajeshwari Nagar,Basavanagudi,,,Driver is not moving towards pickup location,Not Applicable,Not Applicable,Not Applicable,172,Not Applicable,0,,
2024-07-07 16:20:00,CNR9948581701,Canceled by Customer,CID614386,Prime SUV,HSR Layout,Hebbal,,,Driver is not moving towards pickup location,Not Applicable,Not Applicable,Not Applicable,432,Not Applicable,0,,
2024-07-29 04:14:00,CNR9797290105,Success,CID915811,Prime Plus,Majestic,Sarjapur Road,238.0,75.0,Not Applicable,Not Applicable,No,Not Applicable,312,Credit Card,44,3.9,4.0
2024-07-29 13:58:00,CNR1684443414,Success,CID566100,eBike,Magadi Road,Chickpet,161.0,135.0,Not Applicable,Not Applicable,No,Not Applicable,581,Credit Card,35,4.7,4.6
2024-07-28 00:48:00,CNR7907568648,Canceled by Driver,CID317398,Mini,Kammanahalli,Indiranagar,,,Not Applicable,Personal & Car related issue,Not Applicable,Not Applicable,198,Not Applicable,0,,
2024-07-30 23:02:00,CNR8401015542,Canceled by Driver,CID141419,Prime SUV,Padmanabhanagar,Richmond Town,,,Not Applicable,Personal & Car related issue,Not Applicable,Not Applicable,239,Not Applicable,0,,
2024-07-09 11:22:00,CNR4511275888,Success,CID591693,Mini,Rajajinagar,Indiranagar,189.0,60.0,Not Applicable,Not Applicable,No,Not Applicable,169,Cash,48,5.0,3.8
2024-07-02 02:34:00,CNR9378597085,Success,CID735032,Prime Plus,KR Puram,Kadugodi,273.0,60.0,Not Applicable,Not Applicable,No,Not Applicable,249,Cash,5,3.7,4.1
2024-07-24 15:38:00,CNR8139242482,Canceled by Driver,CID384607,eBike,Chickpet,Hebbal,,,Not Applicable,Customer related issue,Not Applicable,Not Applicable,464,Not Applicable,0,,
2024-07-16 03:29:00,CNR4138267310,Success,CID340917,Mini,Yelahanka,Hulimavu,161.0,85.0,Not Applicable,Not Applicable,No,Not Applicable,275,Cash,12,4.3,3.3
2024-07-16 13:49:00,CNR2496526517,Canceled by Customer,CID604795,eBike,Chickpet,Mysore Road,,,AC is Not working,Not Applicable,Not Applicable,Not Applicable,721,Not Applicable,0,,
2024-07-06 13:37:00,CNR7383346420,Success,CID868363,Prime Sedan,Hosur Road,Shivajinagar,245.0,140.0,Not Applicable,Not Applicable,No,Not Applicable,456,Credit Card,14,4.2,3.1
2024-07-06 12:03:00,CNR7001914749,Success,CID397599,Mini,Kengeri,Bellandur,294.0,45.0,Not Applicable,Not Applicable,No,Not Applicable,126,Cash,29,4.8,4.7
2024-07-30 02:07:00,CNR9116171416,Success,CID814263,Mini,Electronic City,MG Road,140.0,40.0,Not Applicable,Not Applicable,No,Not Applicable,144,Cash,26,4.1,4.4
2024-07-23 21:42:00,CNR7738016810,Success,CID604351,Prime SUV,Electronic City,Yelahanka,252.0,80.0,Not Applicable,Not Applicable,No,Not Applicable,402,UPI,34,4.0,3.5
2024-07-14 22:56:00,CNR1574043568,Success,CID190368,eBike,Shivajinagar,HSR Layout,91.0,145.0,Not Applicable,Not Applicable,No,Not Applicable,404,UPI,39,3.2,5.0
2024-07-12 18:07:00,CNR5299347524,Driver Not Found,CID285364,Bike,Shivajinagar,Langford Town,,,Not Applicable,Not Applicable,Not Applicable,Not Applicable,485,Not Applicable,0,,
2024-07-08 14:33:00,CNR8961272570,Success,CID540967,Prime SUV,Hosur Road,Hebbal,287.0,125.0,Not Applicable,Not Applicable,No,Not Applicable,486,UPI,49,3.5,3.3
2024-07-12 06:21:00,CNR5990809243,Success,CID760611,Mini,Shivajinagar,Electronic City,189.0,145.0,Not Applicable,Not Applicable,No,Not Applicable,345,Cash,18,4.7,3.0
2024-07-11 08:42:00,CNR3408994918,Driver Not Found,CID552819,Prime SUV,Hebbal,Frazer Town,,,Not Applicable,Not Applicable,Not Applicable,Not Applicable,130,Not Applicable,0,,
2024-07-18 15:41:00,CNR2490121320,Success,CID988618,Prime Sedan,Nagarbhavi,Malleshwaram,189.0,75.0,Not Applicable,Not Applicable,No,Not Applicable,298,Credit Card,16,4.0,4.8
2024-07-08 00:45:00,CNR9011896411,Driver Not Found,CID154894,eBike,HSR Layout,Sarjapur Road,,,Not Applicable,Not Applicable,Not Applicable,Not Applicable,480,Not Applicable,0,,
2024-07-30 16:05:00,CNR1036713696,Canceled by Customer,CID156700,Prime SUV,Langford Town,Rajarajeshwari Nagar,,,AC is Not working,Not Applicable,Not Applicable,Not Applicable,446,Not Applicable,0,,
2024-07-19 18:59:00,CNR1632026517,Success,CID777676,Auto,Varthur,Hebbal,273.0,90.0,Not Applicable,Not Applicable,No,Not Applicable,311,Credit Card,7,3.7,3.6
2024-07-03 07:54:00,CNR2125155596,Success,CID717149,Prime Plus,Shivajinagar,Banashankari,84.0,85.0,Not Applicable,Not Applicable,No,Not Applicable,772,UPI,45,4.9,3.4
2024-07-29 02:43:00,CNR1970008907,Driver Not Found,CID186002,Mini,Marathahalli,Cox Town,,,Not Applicable,Not Applicable,Not Applicable,Not Applicable,430,Not Applicable,0,,
2024-07-01 22:59:00,CNR7319462644,Canceled by Driver,CID530804,Mini,Nagarbhavi,Padmanabhanagar,,,Not Applicable,More than permitted people in there,Not Applicable,Not Applicable,495,Not Applicable,0,,
2024-07-06 18:30:00,CNR3630484053,Success,CID628263,eBike,Tumkur Road,Mysore Road,70.0,80.0,Not Applicable,Not Applicable,No,Not Applicable,363,Cash,6,4.2,3.1
2024-07-10 16:32:00,CNR7267213933,Success,CID599130,eBike,KR Puram,Yelahanka,273.0,30.0,Not Applicable,Not Applicable,No,Not Applicable,413,Cash,8,4.7,3.4
2024-07-05 14:31:00,CNR6766003263,Canceled by Driver,CID461497,Auto,Electronic City,Indiranagar,,,Not Applicable,Customer was coughing/sick,Not Applicable,Not Applicable,301,Not Applicable,0,,
2024-07-23 14:12:00,CNR9980300906,Canceled by Customer,CID460353,eBike,Vijayanagar,Peenya,,,Driver asked to cancel,Not Applicable,Not Applicable,Not Applicable,240,Not Applicable,0,,
2024-07-08 21:54:00,CNR5860070820,Driver Not Found,CID983645,Prime SUV,Kadugodi,Vijayanagar,,,Not Applicable,Not Applicable,Not Applicable,Not Applicable,412,Not Applicable,0,,
2024-07-25 16:53:00,CNR2459134141,Canceled by Driver,CID775732,Bike,Langford Town,Nagarbhavi,,,Not Applicable,More than permitted people in there,Not Applicable,Not Applicable,101,Not Applicable,0,,
2024-07-13 22:17:00,CNR3613967674,Canceled by Driver,CID406667,Prime Sedan,Jayanagar,Vijayanagar,,,Not Applicable,Personal & Car related issue,Not Applicable,Not Applicable,607,Not Applicable,0,,
2024-07-29 05:53:00,CNR3849862473,Success,CID627969,Mini,Kadugodi,Hennur,210.0,135.0,Not Applicable,Not Applicable,No,Not Applicable,215,UPI,14,3.3,4.1
2024-07-27 17:24:00,CNR4990465269,Success,CID691329,Bike,Chickpet,Magadi Road,273.0,70.0,Not Applicable,Not Applicable,No,Not Applicable,196,UPI,47,4.3,4.8
2024-07-18 15:50:00,CNR3723638315,Canceled by Customer,CID659581,eBike,Hebbal,Jayanagar,,,Driver asked to cancel,Not Applicable,Not Applicable,Not Applicable,291,Not Applicable,0,,
2024-07-05 23:20:00,CNR7647220355,Canceled by Driver,CID842964,Auto,Hebbal,MG Road,,,Not Applicable,Customer was coughing/sick,Not Applicable,Not Applicable,191,Not Applicable,0,,
2024-07-12 21:41:00,CNR6662354034,Canceled by Customer,CID289827,eBike,Hennur,BTM Layout,,,Wrong Address,Not Applicable,Not Applicable,Not Applicable,246,Not Applicable,0,,
2024-07-06 23:04:00,CNR6283650698,Success,CID950566,eBike,Jayanagar,Majestic,287.0,95.0,Not Applicable,Not Applicable,No,Not Applicable,292,Cash,41,4.9,4.8
2024-07-03 16:48:00,CNR4419086569,Success,CID719087,Mini,Magadi Road,Majestic,273.0,135.0,Not Applicable,Not Applicable,No,Not Applicable,230,UPI,9,4.9,3.4
2024-07-09 10:37:00,CNR9255079681,Canceled by Customer,CID386930,Prime Sedan,Vijayanagar,Varthur,,,AC is Not working,Not Applicable,Not Applicable,Not Applicable,304,Not Applicable,0,,
2024-07-07 08:45:00,CNR1606893268,Canceled by Customer,CID612131,eBike,BTM Layout,MG Road,,,Change of plans,Not Applicable,Not Applicable,Not Applicable,464,Not Applicable,0,,
2024-07-13 11:12:00,CNR8805408265,Canceled by Driver,CID776161,Prime Plus,Majestic,Hulimavu,,,Not Applicable,Customer related issue,Not Applicable,Not Applicable,472,Not Applicable,0,,
2024-07-22 19:32:00,CNR7609390272,Canceled by Driver,CID462214,Bike,Shantinagar,Sarjapur Road,,,Not Applicable,Customer related issue,Not Applicable,Not Applicable,223,Not Applicable,0,,
2024-07-15 09:09:00,CNR9228589240,Success,CID704054,Prime SUV,Padmanabhanagar,Bellandur,259.0,40.0,Not Applicable,Not Applicable,No,Not Applicable,363,Credit Card,12,4.5,4.4
2024-07-06 04:18:00,CNR5337141000,Success,CID392344,Bike,Electronic City,Sahakar Nagar,56.0,75.0,Not Applicable,Not Applicable,No,Not Applicable,795,UPI,14,4.1,4.8
2024-07-04 09:04:00,CNR4123668352,Success,CID753249,Auto,Ulsoor,Rajajinagar,280.0,100.0,Not Applicable,Not Applicable,No,Not Applicable,385,Cash,8,4.9,4.3
2024-07-06 00:15:00,CNR6950399296,Success,CID486032,Mini,Magadi Road,Kammanahalli,42.0,145.0,Not Applicable,Not Applicable,No,Not Applicable,625,Credit Card,26,4.0,4.8
2024-07-07 14:48:00,CNR2718169771,Success,CID721254,Prime Plus,Yelahanka,Marathahalli,98.0,35.0,Not Applicable,Not Applicable,No,Not Applicable,358,Cash,4,3.2,3.6
2024-07-14 10:22:00,CNR8587867483,Success,CID703148,Prime SUV,KR Puram,HSR Layout,35.0,50.0,Not Applicable,Not Applicable,No,Not Applicable,408,UPI,3,4.5,4.5
2024-07-11 22:41:00,CNR4253753617,Driver Not Found,CID606109,Prime Plus,KR Puram,Hulimavu,,,Not Applicable,Not Applicable,Not Applicable,Not Applicable,1633,Not Applicable,0,,
2024-07-22 17:38:00,CNR5665297501,Success,CID716453,Auto,Magadi Road,Yeshwanthpur,168.0,70.0,Not Applicable,Not Applicable,No,Not Applicable,1198,Cash,9,4.6,4.8
2024-07-14 12:21:00,CNR3452937265,Success,CID477086,Mini,Chickpet,Cox Town,168.0,55.0,Not Applicable,Not Applicable,No,Not Applicable,884,Cash,37,3.7,4.2
2024-07-13 07:41:00,CNR8561091174,Success,CID872304,Prime Sedan,Ramamurthy Nagar,Basavanagudi,224.0,50.0,Not Applicable,Not Applicable,No,Not Applicable,1454,Cash,7,4.4,3.8
2024-07-14 20:41:00,CNR9913738420,Canceled by Driver,CID309019,eBike,Bannerghatta Road,Magadi Road,,,Not Applicable,More than permitted people in there,Not Applicable,Not Applicable,487,Not Applicable,0,,
2024-07-04 20:42:00,CNR2958680519,Success,CID133084,Mini,Koramangala,Kengeri,154.0,90.0,Not Applicable,Not Applicable,No,Not Applicable,222,Cash,16,3.5,3.7
2024-07-04 12:02:00,CNR4914587158,Success,CID177670,Prime SUV,Tumkur Road,Whitefield,70.0,125.0,Not Applicable,Not Applicable,No,Not Applicable,230,Cash,16,3.8,4.3
2024-07-22 23:40:00,CNR2498826154,Success,CID283592,Prime SUV,HSR Layout,Indiranagar,252.0,55.0,Not Applicable,Not Applicable,No,Not Applicable,201,Cash,9,4.6,4.9
2024-07-25 12:22:00,CNR5460447862,Success,CID822727,Prime Plus,Richmond Town,Kammanahalli,119.0,130.0,Not Applicable,Not Applicable,No,Not Applicable,206,UPI,11,3.1,4.2
2024-07-06 20:12:00,CNR2505466398,Canceled by Driver,CID795825,Auto,Hosur Road,Rajajinagar,,,Not Applicable,Customer related issue,Not Applicable,Not Applicable,781,Not Applicable,0,,
2024-07-05 11:59:00,CNR8889571593,Canceled by Driver,CID766774,Prime Sedan,Tumkur Road,Majestic,,,Not Applicable,Personal & Car related issue,Not Applicable,Not Applicable,155,Not Applicable,0,,
2024-07-22 11:54:00,CNR8438746225,Success,CID604848,Prime Sedan,Kadugodi,Magadi Road,70.0,115.0,Not Applicable,Not Applicable,No,Not Applicable,921,UPI,30,4.5,4.0
2024-07-04 17:52:00,CNR7074063059,Success,CID790040,Prime Plus,BTM Layout,Shivajinagar,301.0,100.0,Not Applicable,Not Applicable,No,Not Applicable,231,Cash,22,3.5,4.5
2024-07-12 06:46:00,CNR8509424271,Success,CID497292,Mini,Kammanahalli,Devanahalli,217.0,60.0,Not Applicable,Not Applicable,No,Not Applicable,171,Cash,31,3.1,4.0
2024-07-10 01:49:00,CNR3932090579,Success,CID313036,Prime Sedan,Magadi Road,Rajarajeshwari Nagar,259.0,125.0,Not Applicable,Not Applicable,No,Not Applicable,343,UPI,1,3.2,3.2
2024-07-27 01:13:00,CNR5992358552,Canceled by Driver,CID227414,Prime Sedan,Ramamurthy Nagar,Yelahanka,,,Not Applicable,More than permitted people in there,Not Applicable,Not Applicable,140,Not Applicable,0,,
2024-07-17 03:26:00,CNR8570753050,Success,CID704180,Prime Plus,MG Road,Shivajinagar,210.0,110.0,Not Applicable,Not Applicable,No,Not Applicable,624,Cash,11,4.4,3.9
2024-07-20 06:32:00,CNR1782015759,Driver Not Found,CID944701,Auto,Rajarajeshwari Nagar,Marathahalli,,,Not Applicable,Not Applicable,Not Applicable,Not Applicable,129,Not Applicable,0,,
2024-07-19 17:37:00,CNR7378684833,Driver Not Found,CID562409,eBike,BTM Layout,Frazer Town,,,Not Applicable,Not Applicable,Not Applicable,Not Applicable,408,Not Applicable,0,,
2024-07-23 13:51:00,CNR9453451815,Canceled by Driver,CID766181,eBike,Vijayanagar,Hebbal,,,Not Applicable,Personal & Car related issue,Not Applicable,Not Applicable,167,Not Applicable,0,,
2024-07-09 06:16:00,CNR8002880945,Canceled by Driver,CID214273,Prime Plus,Kammanahalli,Varthur,,,Not Applicable,Customer was coughing/sick,Not Applicable,Not Applicable,444,Not Applicable,0,,
2024-07-25 14:56:00,CNR2849575571,Driver Not Found,CID900681,Auto,RT Nagar,Rajajinagar,,,Not Applicable,Not Applicable,Not Applicable,Not Applicable,234,Not Applicable,0,,
2024-07-09 05:45:00,CNR9577739427,Canceled by Driver,CID334632,eBike,Bellandur,Shivajinagar,,,Not Applicable,More than permitted people in there,Not Applicable,Not Applicable,425,Not Applicable,0,,
2024-07-19 19:13:00,CNR7330198949,Canceled by Driver,CID516548,Bike,Frazer Town,Ulsoor,,,Not Applicable,More than permitted people in there,Not Applicable,Not Applicable,376,Not Applicable,0,,
2024-07-09 05:01:00,CNR1259411624,Success,CID272029,Prime Plus,MG Road,Ulsoor,63.0,140.0,Not Applicable,Not Applicable,No,Not Applicable,319,Cash,7,3.4,4.7
2024-07-29 04:46:00,CNR8994273543,Canceled by Driver,CID951384,Auto,Hebbal,HSR Layout,,,Not Applicable,Customer related issue,Not Applicable,Not Applicable,177,Not Applicable,0,,
2024-07-20 08:05:00,CNR2388222866,Canceled by Driver,CID838166,Mini,Electronic City,Koramangala,,,Not Applicable,Customer related issue,Not Applicable,Not Applicable,227,Not Applicable,0,,
2024-07-15 14:11:00,CNR2681534078,Success,CID779215,Bike,Peenya,Frazer Town,112.0,100.0,Not Applicable,Not Applicable,No,Not Applicable,207,UPI,12,3.1,4.8
2024-07-09 15:56:00,CNR9266865638,Success,CID165729,Auto,Chickpet,MG Road,210.0,85.0,Not Applicable,Not Applicable,No,Not Applicable,944,UPI,12,5.0,4.3
2024-07-24 16:50:00,CNR9197329378,Success,CID633484,eBike,Shivajinagar,Kadugodi,91.0,135.0,Not Applicable,Not Applicable,No,Not Applicable,378,Cash,24,4.0,3.9
2024-07-25 01:27:00,CNR7522877292,Success,CID682921,eBike,Richmond Town,Kadugodi,42.0,145.0,Not Applicable,Not Applicable,No,Not Applicable,190,Cash,21,3.6,3.1
2024-07-03 23:22:00,CNR6052796182,Driver Not Found,CID650301,Prime SUV,Ulsoor,Kadugodi,,,Not Applicable,Not Applicable,Not Applicable,Not Applicable,401,Not Applicable,0,,
2024-07-16 22:55:00,CNR1741698711,Success,CID620867,Auto,Devanahalli,Devanahalli,203.0,125.0,Not Applicable,Not Applicable,No,Not Applicable,182,UPI,1,4.4,4.0
2024-07-20 06:45:00,CNR7134740727,Driver Not Found,CID765392,Prime Sedan,Malleshwaram,Bannerghatta Road,,,Not Applicable,Not Applicable,Not Applicable,Not Applicable,725,Not Applicable,0,,
2024-07-22 20:17:00,CNR5328808104,Success,CID999003,eBike,Shivajinagar,Hosur Road,133.0,35.0,Not Applicable,Not Applicable,No,Not Applicable,1301,Cash,29,4.4,4.3
2024-07-03 23:18:00,CNR9633031628,Success,CID306852,Mini,Sarjapur Road,Tumkur Road,119.0,45.0,Not Applicable,Not Applicable,No,Not Applicable,357,UPI,6,4.8,4.9
2024-07-02 00:43:00,CNR4443383286,Canceled by Driver,CID925401,Prime Sedan,Frazer Town,Ramamurthy Nagar,,,Not Applicable,More than permitted people in there,Not Applicable,Not Applicable,461,Not Applicable,0,,
2024-07-12 00:11:00,CNR8611366314,Success,CID445209,Prime Plus,Hebbal,JP Nagar,112.0,50.0,Not Applicable,Not Applicable,Yes,Other Issue,248,Debit Card,49,3.2,4.8
2024-07-03 10:49:00,CNR3508991449,Success,CID982623,Prime Plus,Kengeri,Bellandur,35.0,25.0,Not Applicable,Not Applicable,No,Not Applicable,687,UPI,27,3.3,4.6
2024-07-04 05:43:00,CNR6078803829,Canceled by Customer,CID901130,Bike,Peenya,HSR Layout,,,Change of plans,Not Applicable,Not Applicable,Not Applicable,415,Not Applicable,0,,
2024-07-02 13:41:00,CNR1155712057,Canceled by Driver,CID301651,eBike,Bannerghatta Road,Bannerghatta Road,,,Not Applicable,Customer related issue,Not Applicable,Not Applicable,1401,Not Applicable,0,,
2024-07-18 14:22:00,CNR5306087328,Success,CID909699,eBike,Frazer Town,Chamarajpet,203.0,95.0,Not Applicable,Not Applicable,No,Not Applicable,215,UPI,35,5.0,4.3
2024-07-12 11:53:00,CNR1114779878,Success,CID590134,Prime SUV,Whitefield,Magadi Road,245.0,95.0,Not Applicable,Not Applicable,No,Not Applicable,972,Cash,36,4.1,4.4
2024-07-03 15:34:00,CNR3062659206,Success,CID966808,Bike,Yelahanka,Hulimavu,252.0,40.0,Not Applicable,Not Applicable,No,Not Applicable,354,Cash,36,4.0,4.4
2024-07-10 20:13:00,CNR1996135615,Success,CID671750,eBike,Shantinagar,Shivajinagar,294.0,30.0,Not Applicable,Not Applicable,Yes,Other Issue,267,Cash,40,4.5,4.1
2024-07-25 21:46:00,CNR9101171184,Canceled by Driver,CID573805,eBike,Hebbal,Banashankari,,,Not Applicable,Customer related issue,Not Applicable,Not Applicable,146,Not Applicable,0,,
2024-07-12 13:55:00,CNR5663794436,Canceled by Driver,CID987216,Auto,Padmanabhanagar,Hebbal,,,Not Applicable,More than permitted people in there,Not Applicable,Not Applicable,363,Not Applicable,0,,
2024-07-14 01:41:00,CNR2726264798,Success,CID154945,eBike,Marathahalli,Richmond Town,168.0,35.0,Not Applicable,Not Applicable,No,Not Applicable,124,UPI,27,3.7,4.8
2024-07-02 14:54:00,CNR1679989255,Canceled by Driver,CID395558,Auto,Hebbal,Padmanabhanagar,,,Not Applicable,Customer was coughing/sick,Not Applicable,Not Applicable,155,Not Applicable,0,,
2024-07-03 08:34:00,CNR7103312544,Success,CID219102,eBike,Basavanagudi,Koramangala,196.0,40.0,Not Applicable,Not Applicable,No,Not Applicable,246,UPI,32,4.2,4.0
2024-07-19 11:35:00,CNR8459040218,Success,CID409383,eBike,BTM Layout,Ulsoor,161.0,115.0,Not Applicable,Not Applicable,No,Not Applicable,777,Cash,27,4.5,4.8
2024-07-22 22:16:00,CNR1206932907,Success,CID343280,Bike,Bellandur,Whitefield,168.0,95.0,Not Applicable,Not Applicable,No,Not Applicable,718,UPI,24,3.2,3.4
2024-07-08 01:28:00,CNR5754233529,Success,CID127624,Bike,Electronic City,Richmond Town,35.0,45.0,Not Applicable,Not Applicable,Yes,Customer Demand,322,Cash,34,3.8,4.3
2024-07-26 19:26:00,CNR3263118077,Success,CID548839,Mini,Sahakar Nagar,Varthur,168.0,95.0,Not Applicable,Not Applicable,No,Not Applicable,287,Cash,35,4.7,4.4
2024-07-18 22:51:00,CNR6474890209,Success,CID474463,Bike,KR Puram,Basavanagudi,49.0,25.0,Not Applicable,Not Applicable,No,Not Applicable,566,UPI,36,3.2,4.7
2024-07-17 15:45:00,CNR1606936161,Success,CID269333,eBike,Marathahalli,KR Puram,231.0,55.0,Not Applicable,Not Applicable,No,Not Applicable,263,Cash,13,3.8,4.6
2024-07-30 06:00:00,CNR8210176503,Canceled by Driver,CID448989,eBike,Hulimavu,Nagarbhavi,,,Not Applicable,Personal & Car related issue,Not Applicable,Not Applicable,138,Not Applicable,0,,
2024-07-25 13:00:00,CNR7589090231,Success,CID472743,Auto,Chamarajpet,Devanahalli,294.0,75.0,Not Applicable,Not Applicable,No,Not Applicable,104,UPI,9,3.6,4.9
2024-07-14 16:45:00,CNR3405268347,Success,CID254140,Auto,Hennur,Varthur,133.0,105.0,Not Applicable,Not Applicable,No,Not Applicable,2417,Cash,14,3.2,4.4
2024-07-28 23:16:00,CNR8801441740,Success,CID477927,Prime Plus,Jayanagar,Jayanagar,49.0,80.0,Not Applicable,Not Applicable,No,Not Applicable,495,UPI,47,4.7,3.1
2024-07-08 23:18:00,CNR3980472283,Canceled by Driver,CID687770,Auto,Richmond Town,Rajajinagar,,,Not Applicable,Customer was coughing/sick,Not Applicable,Not Applicable,202,Not Applicable,0,,
2024-07-11 06:15:00,CNR5567043757,Canceled by Customer,CID556929,eBike,BTM Layout,Padmanabhanagar,,,Driver asked to cancel,Not Applicable,Not Applicable,Not Applicable,788,Not Applicable,0,,
2024-07-22 05:53:00,CNR5087382824,Success,CID505576,Auto,Mysore Road,Shantinagar,182.0,70.0,Not Applicable,Not Applicable,No,Not Applicable,2910,UPI,8,4.3,3.2
2024-07-13 09:47:00,CNR3835243117,Success,CID451770,eBike,Malleshwaram,Malleshwaram,259.0,125.0,Not Applicable,Not Applicable,No,Not Applicable,2565,Cash,2,4.7,4.7
2024-07-01 19:53:00,CNR7045077628,Success,CID722323,Auto,Hebbal,JP Nagar,112.0,110.0,Not Applicable,Not Applicable,No,Not Applicable,161,Cash,4,4.3,5.0
2024-07-02 16:39:00,CNR3660850619,Canceled by Customer,CID869797,eBike,BTM Layout,Whitefield,,,AC is Not working,Not Applicable,Not Applicable,Not Applicable,182,Not Applicable,0,,
2024-07-15 13:41:00,CNR5887641504,Success,CID573369,Prime Plus,Cox Town,Vijayanagar,196.0,110.0,Not Applicable,Not Applicable,No,Not Applicable,2119,Credit Card,36,4.2,4.6
2024-07-03 14:43:00,CNR9125868896,Success,CID643464,Mini,Kammanahalli,Jayanagar,252.0,130.0,Not Applicable,Not Applicable,No,Not Applicable,760,Cash,1,3.2,3.9
2024-07-18 01:45:00,CNR2541665300,Success,CID933229,Prime SUV,Hennur,Kammanahalli,84.0,35.0,Not Applicable,Not Applicable,No,Not Applicable,148,UPI,40,4.6,3.7
2024-07-24 05:40:00,CNR4536412679,Driver Not Found,CID396907,eBike,Hosur Road,Basavanagudi,,,Not Applicable,Not Applicable,Not Applicable,Not Applicable,346,Not Applicable,0,,
2024-07-07 23:26:00,CNR9880129584,Success,CID109101,Prime Plus,Shantinagar,Vijayanagar,126.0,70.0,Not Applicable,Not Applicable,No,Not Applicable,204,UPI,15,4.2,4.8
2024-07-24 00:52:00,CNR2451402730,Success,CID106609,eBike,Rajajinagar,Rajarajeshwari Nagar,210.0,40.0,Not Applicable,Not Applicable,No,Not Applicable,135,Cash,46,3.0,3.7
2024-07-12 20:10:00,CNR3405643380,Canceled by Driver,CID613538,eBike,Basavanagudi,Shantinagar,,,Not Applicable,Personal & Car related issue,Not Applicable,Not Applicable,140,Not Applicable,0,,
2024-07-05 22:26:00,CNR7702254637,Canceled by Customer,CID810585,eBike,Kengeri,Electronic City,,,Change of plans,Not Applicable,Not Applicable,Not Applicable,190,Not Applicable,0,,
2024-07-25 17:54:00,CNR2772152391,Success,CID839735,eBike,Banashankari,Rajajinagar,161.0,145.0,Not Applicable,Not Applicable,No,Not Applicable,734,Cash,29,3.1,3.6
2024-07-25 03:07:00,CNR8558951056,Canceled by Driver,CID620745,Prime Plus,Malleshwaram,Hulimavu,,,Not Applicable,Customer was coughing/sick,Not Applicable,Not Applicable,204,Not Applicable,0,,
2024-07-08 02:38:00,CNR5431247132,Success,CID684457,Prime Sedan,BTM Layout,Frazer Town,196.0,140.0,Not Applicable,Not Applicable,No,Not Applicable,253,Cash,30,4.1,3.1
2024-07-29 11:08:00,CNR2356035080,Success,CID355690,Bike,JP Nagar,Hebbal,35.0,55.0,Not Applicable,Not Applicable,No,Not Applicable,498,Cash,7,4.6,3.1
2024-07-21 05:54:00,CNR1405455185,Canceled by Driver,CID574399,eBike,Sahakar Nagar,Ramamurthy Nagar,,,Not Applicable,Customer was coughing/sick,Not Applicable,Not Applicable,1733,Not Applicable,0,,
2024-07-09 05:23:00,CNR7247362620,Canceled by Driver,CID230403,Prime Sedan,HSR Layout,Varthur,,,Not Applicable,Personal & Car related issue,Not Applicable,Not Applicable,134,Not Applicable,0,,
2024-07-23 03:13:00,CNR9428620493,Canceled by Driver,CID949605,eBike,Chamarajpet,Shantinagar,,,Not Applicable,Personal & Car related issue,Not Applicable,Not Applicable,429,Not Applicable,0,,
2024-07-02 02:04:00,CNR2290770896,Success,CID144594,eBike,Marathahalli,Rajajinagar,203.0,125.0,Not Applicable,Not Applicable,No,Not Applicable,201,Cash,43,3.8,4.5
2024-07-18 00:58:00,CNR5311439877,Success,CID876711,Prime SUV,Indiranagar,Cox Town,126.0,105.0,Not Applicable,Not Applicable,No,Not Applicable,132,Cash,49,3.4,4.9
2024-07-23 23:46:00,CNR2125783573,Success,CID765301,Prime Sedan,Mysore Road,Bannerghatta Road,238.0,115.0,Not Applicable,Not Applicable,No,Not Applicable,195,Cash,30,3.3,3.0
2024-07-15 00:00:00,CNR7113755379,Canceled by Customer,CID151529,Auto,Majestic,Hennur,,,AC is Not working,Not Applicable,Not Applicable,Not Applicable,218,Not Applicable,0,,
2024-07-19 19:14:00,CNR9692764056,Success,CID817362,Auto,Mysore Road,Ramamurthy Nagar,182.0,100.0,Not Applicable,Not Applicable,No,Not Applicable,231,UPI,12,3.4,4.9
2024-07-24 05:39:00,CNR4838186668,Canceled by Customer,CID877735,eBike,Padmanabhanagar,Ramamurthy Nagar,,,Wrong Address,Not Applicable,Not Applicable,Not Applicable,407,Not Applicable,0,,
2024-07-07 11:12:00,CNR8054731663,Canceled by Customer,CID153739,Prime Plus,JP Nagar,BTM Layout,,,Change of plans,Not Applicable,Not Applicable,Not Applicable,333,Not Applicable,0,,
2024-07-18 14:24:00,CNR8684750149,Driver Not Found,CID535247,Prime Plus,Electronic City,Ulsoor,,,Not Applicable,Not Applicable,Not Applicable,Not Applicable,426,Not Applicable,0,,
2024-07-17 14:38:00,CNR3072646267,Canceled by Customer,CID378104,Auto,Magadi Road,JP Nagar,,,Driver asked to cancel,Not Applicable,Not Applicable,Not Applicable,389,Not Applicable,0,,
2024-07-17 16:54:00,CNR7314695897,Success,CID409544,Prime Plus,Indiranagar,Shivajinagar,77.0,65.0,Not Applicable,Not Applicable,No,Not Applicable,325,Cash,16,3.3,3.0
2024-07-14 04:01:00,CNR2729322716,Success,CID179510,eBike,Yeshwanthpur,Kengeri,259.0,135.0,Not Applicable,Not Applicable,No,Not Applicable,171,UPI,37,4.8,3.9
2024-07-05 08:19:00,CNR3377338340,Success,CID393332,Prime SUV,Kadugodi,Hosur Road,119.0,85.0,Not Applicable,Not Applicable,No,Not Applicable,462,Cash,29,4.2,3.3
2024-07-02 18:56:00,CNR2601732473,Success,CID615666,eBike,Peenya,Magadi Road,98.0,95.0,Not Applicable,Not Applicable,No,Not Applicable,2841,UPI,23,3.5,3.1
2024-07-20 19:40:00,CNR2562957478,Success,CID647088,Bike,Bellandur,Yelahanka,217.0,90.0,Not Applicable,Not Applicable,No,Not Applicable,205,Cash,47,4.1,4.0
2024-07-10 14:34:00,CNR3427339011,Canceled by Driver,CID368523,Bike,Bannerghatta Road,Hosur Road,,,Not Applicable,Customer related issue,Not Applicable,Not Applicable,121,Not Applicable,0,,
2024-07-27 20:02:00,CNR4569331104,Success,CID109069,Bike,KR Puram,Peenya,105.0,120.0,Not Applicable,Not Applicable,No,Not Applicable,2210,Cash,1,3.3,4.3
2024-07-06 06:02:00,CNR1078447846,Success,CID328168,eBike,Shantinagar,Hennur,98.0,135.0,Not Applicable,Not Applicable,No,Not Applicable,427,Cash,16,3.6,4.8
2024-07-09 23:45:00,CNR1421870273,Canceled by Driver,CID968760,Bike,Nagarbhavi,Bellandur,,,Not Applicable,More than permitted people in there,Not Applicable,Not Applicable,285,Not Applicable,0,,
2024-07-23 17:42:00,CNR9050289709,Success,CID126952,Prime SUV,Banashankari,Jayanagar,112.0,30.0,Not Applicable,Not Applicable,No,Not Applicable,549,UPI,49,4.7,4.9
2024-07-25 22:12:00,CNR4452930762,Success,CID362391,Prime SUV,Rajajinagar,Cox Town,98.0,110.0,Not Applicable,Not Applicable,No,Not Applicable,173,Cash,40,4.7,3.2
2024-07-10 20:13:00,CNR9043766031,Success,CID142342,Prime SUV,Magadi Road,Yeshwanthpur,189.0,95.0,Not Applicable,Not Applicable,Yes,Vehicle Breakdown,776,Cash,24,3.6,3.1
2024-07-19 06:30:00,CNR7993284522,Success,CID869546,Prime Sedan,Hebbal,Malleshwaram,189.0,30.0,Not Applicable,Not Applicable,No,Not Applicable,294,UPI,28,3.4,3.4
2024-07-21 21:19:00,CNR5482580564,Driver Not Found,CID797562,Prime Plus,Basavanagudi,Padmanabhanagar,,,Not Applicable,Not Applicable,Not Applicable,Not Applicable,1910,Not Applicable,0,,
2024-07-10 18:54:00,CNR8770906798,Success,CID562309,Prime Sedan,HSR Layout,Peenya,56.0,130.0,Not Applicable,Not Applicable,No,Not Applicable,331,Cash,9,4.8,3.5
2024-07-30 19:54:00,CNR4666110663,Canceled by Driver,CID976474,Prime Sedan,Padmanabhanagar,Chickpet,,,Not Applicable,Customer related issue,Not Applicable,Not Applicable,483,Not Applicable,0,,
2024-07-14 00:36:00,CNR9663323721,Success,CID745202,eBike,Bellandur,Varthur,189.0,85.0,Not Applicable,Not Applicable,No,Not Applicable,715,Cash,49,3.3,4.1
2024-07-14 05:11:00,CNR1262499620,Success,CID337418,Bike,Langford Town,HSR Layout,133.0,145.0,Not Applicable,Not Applicable,No,Not Applicable,489,Cash,35,3.7,4.2
2024-07-21 19:59:00,CNR4129057854,Success,CID298448,Prime Sedan,Yelahanka,Malleshwaram,245.0,120.0,Not Applicable,Not Applicable,No,Not Applicable,292,Cash,39,3.9,4.9
2024-07-26 05:34:00,CNR1828235001,Success,CID908019,Prime Plus,Whitefield,Kengeri,203.0,75.0,Not Applicable,Not Applicable,No,Not Applicable,184,UPI,49,4.8,3.2
2024-07-14 05:56:00,CNR7831092587,Canceled by Driver,CID943380,Auto,Kengeri,Koramangala,,,Not Applicable,Customer related issue,Not Applicable,Not Applicable,354,Not Applicable,0,,
2024-07-29 21:17:00,CNR4687221489,Canceled by Driver,CID684653,eBike,Basavanagudi,Electronic City,,,Not Applicable,Customer related issue,Not Applicable,Not Applicable,623,Not Applicable,0,,
2024-07-09 17:57:00,CNR9400386548,Success,CID528801,Mini,Rajajinagar,Padmanabhanagar,84.0,35.0,Not Applicable,Not Applicable,No,Not Applicable,196,UPI,9,4.6,3.3
2024-07-20 18:16:00,CNR1037396401,Success,CID724293,Prime Sedan,Yeshwanthpur,Frazer Town,119.0,50.0,Not Applicable,Not Applicable,No,Not Applicable,1541,UPI,18,3.4,3.2
2024-07-02 11:36:00,CNR3411241784,Canceled by Driver,CID136279,Bike,Kengeri,Kadugodi,,,Not Applicable,Personal & Car related issue,Not Applicable,Not Applicable,933,Not Applicable,0,,
2024-07-04 15:19:00,CNR5708734479,Driver Not Found,CID914016,Bike,MG Road,Mysore Road,,,Not Applicable,Not Applicable,Not Applicable,Not Applicable,332,Not Applicable,0,,
2024-07-10 05:14:00,CNR5145950562,Success,CID311634,Prime Sedan,Mysore Road,Nagarbhavi,154.0,45.0,Not Applicable,Not Applicable,No,Not Applicable,257,UPI,26,3.3,4.8
2024-07-30 17:30:00,CNR2064528236,Success,CID197662,Mini,Frazer Town,JP Nagar,63.0,75.0,Not Applicable,Not Applicable,No,Not Applicable,274,Cash,46,4.0,3.7
2024-07-05 00:34:00,CNR6366325812,Canceled by Customer,CID873865,Prime Plus,RT Nagar,Frazer Town,,,Wrong Address,Not Applicable,Not Applicable,Not Applicable,939,Not Applicable,0,,
2024-07-08 01:10:00,CNR5095156819,Success,CID524925,Mini,Tumkur Road,Mysore Road,35.0,35.0,Not Applicable,Not Applicable,No,Not Applicable,558,Cash,14,3.2,3.4
2024-07-15 01:27:00,CNR4157708224,Success,CID482588,Mini,JP Nagar,Devanahalli,273.0,60.0,Not Applicable,Not Applicable,No,Not Applicable,404,UPI,34,3.3,3.8
2024-07-26 09:16:00,CNR7234491466,Canceled by Driver,CID766446,Auto,BTM Layout,Malleshwaram,,,Not Applicable,More than permitted people in there,Not Applicable,Not Applicable,279,Not Applicable,0,,
2024-07-07 03:59:00,CNR1862342491,Canceled by Driver,CID257525,Prime SUV,Cox Town,Peenya,,,Not Applicable,Personal & Car related issue,Not Applicable,Not Applicable,771,Not Applicable,0,,
2024-07-28 07:46:00,CNR4240688125,Success,CID913073,Mini,Langford Town,KR Puram,154.0,40.0,Not Applicable,Not Applicable,No,Not Applicable,945,Cash,8,4.9,3.5
2024-07-01 22:23:00,CNR5888167692,Canceled by Driver,CID435980,Bike,HSR Layout,Mysore Road,,,Not Applicable,Customer related issue,Not Applicable,Not Applicable,329,Not Applicable,0,,
2024-07-05 22:39:00,CNR8401058382,Driver Not Found,CID593865,Prime Plus,Langford Town,HSR Layout,,,Not Applicable,Not Applicable,Not Applicable,Not Applicable,200,Not Applicable,0,,
2024-07-19 17:20:00,CNR3659791683,Canceled by Driver,CID893181,Prime Sedan,KR Puram,Vijayanagar,,,Not Applicable,More than permitted people in there,Not Applicable,Not Applicable,360,Not Applicable,0,,
2024-07-30 09:27:00,CNR2076583564,Canceled by Customer,CID816429,Prime Sedan,Banashankari,Rajajinagar,,,Change of plans,Not Applicable,Not Applicable,Not Applicable,774,Not Applicable,0,,
2024-07-18 15:57:00,CNR7831761887,Success,CID380168,Bike,Richmond Town,Rajarajeshwari Nagar,301.0,120.0,Not Applicable,Not Applicable,Yes,Customer Demand,158,Credit Card,28,3.7,3.9
2024-07-29 05:01:00,CNR6433230449,Success,CID914632,eBike,Shantinagar,Langford Town,49.0,40.0,Not Applicable,Not Applicable,No,Not Applicable,978,UPI,47,4.1,3.5
2024-07-03 01:24:00,CNR2530816408,Success,CID100242,Prime SUV,Sahakar Nagar,Electronic City,182.0,50.0,Not Applicable,Not Applicable,No,Not Applicable,115,UPI,13,4.3,4.8
2024-07-12 20:04:00,CNR4423166194,Driver Not Found,CID715069,Prime Sedan,Bellandur,Sarjapur Road,,,Not Applicable,Not Applicable,Not Applicable,Not Applicable,197,Not Applicable,0,,
2024-07-25 06:25:00,CNR3225855149,Driver Not Found,CID191678,Bike,Richmond Town,MG Road,,,Not Applicable,Not Applicable,Not Applicable,Not Applicable,334,Not Applicable,0,,
2024-07-29 21:46:00,CNR5129563123,Success,CID433281,Auto,Rajajinagar,Magadi Road,126.0,55.0,Not Applicable,Not Applicable,No,Not Applicable,304,UPI,10,4.2,3.4
2024-07-10 13:15:00,CNR5963432429,Success,CID290767,Prime Sedan,Electronic City,Yeshwanthpur,119.0,90.0,Not Applicable,Not Applicable,No,Not Applicable,148,Cash,6,3.3,3.8
2024-07-09 03:36:00,CNR5029415989,Success,CID940228,Auto,Rajarajeshwari Nagar,Mysore Road,196.0,40.0,Not Applicable,Not Applicable,No,Not Applicable,426,UPI,10,3.4,4.5
2024-07-09 09:06:00,CNR6496836035,Success,CID925171,Bike,Bannerghatta Road,Jayanagar,238.0,70.0,Not Applicable,Not Applicable,No,Not Applicable,458,UPI,6,3.4,4.2
2024-07-29 22:08:00,CNR6873279550,Success,CID165385,Prime Sedan,Ramamurthy Nagar,Basavanagudi,35.0,95.0,Not Applicable,Not Applicable,No,Not Applicable,478,Cash,35,4.3,3.8
2024-07-19 22:54:00,CNR9226797970,Success,CID637934,Prime Plus,Devanahalli,Hosur Road,133.0,140.0,Not Applicable,Not Applicable,No,Not Applicable,139,Cash,2,4.4,4.3
2024-07-27 17:55:00,CNR5599676678,Success,CID862918,Prime Plus,Langford Town,Jayanagar,91.0,45.0,Not Applicable,Not Applicable,No,Not Applicable,476,Cash,1,3.0,3.3
2024-07-22 19:46:00,CNR7813143305,Success,CID706390,Prime Sedan,Yelahanka,Hosur Road,42.0,145.0,Not Applicable,Not Applicable,No,Not Applicable,219,Cash,26,4.0,4.6
2024-07-14 03:43:00,CNR7505256218,Success,CID659633,Auto,Kammanahalli,Tumkur Road,273.0,115.0,Not Applicable,Not Applicable,No,Not Applicable,825,Cash,9,3.7,3.4
2024-07-03 11:21:00,CNR8524524322,Success,CID114454,Prime Plus,Frazer Town,Jayanagar,154.0,120.0,Not Applicable,Not Applicable,No,Not Applicable,360,UPI,30,4.6,3.3
2024-07-14 19:46:00,CNR8340826040,Success,CID279289,eBike,Chickpet,Yeshwanthpur,273.0,105.0,Not Applicable,Not Applicable,No,Not Applicable,223,UPI,15,3.8,4.1
2024-07-18 16:01:00,CNR9233266171,Success,CID318545,Bike,Ulsoor,Malleshwaram,238.0,130.0,Not Applicable,Not Applicable,No,Not Applicable,1376,UPI,45,3.6,4.9
2024-07-04 21:00:00,CNR4370050386,Canceled by Driver,CID730580,Auto,Shivajinagar,Magadi Road,,,Not Applicable,Personal & Car related issue,Not Applicable,Not Applicable,315,Not Applicable,0,,
2024-07-17 08:00:00,CNR6734628192,Canceled by Customer,CID730481,Prime Sedan,Vijayanagar,Sahakar Nagar,,,Change of plans,Not Applicable,Not Applicable,Not Applicable,266,Not Applicable,0,,
2024-07-15 23:58:00,CNR1161754227,Success,CID101698,eBike,Malleshwaram,Sahakar Nagar,189.0,25.0,Not Applicable,Not Applicable,No,Not Applicable,806,UPI,39,3.2,3.3
2024-07-08 17:38:00,CNR7086554983,Driver Not Found,CID802443,Prime SUV,Sahakar Nagar,Hebbal,,,Not Applicable,Not Applicable,Not Applicable,Not Applicable,141,Not Applicable,0,,
2024-07-02 15:26:00,CNR5274547932,Success,CID869402,eBike,Nagarbhavi,Frazer Town,301.0,95.0,Not Applicable,Not Applicable,No,Not Applicable,1332,Cash,30,3.9,3.0
2024-07-04 03:29:00,CNR5624158697,Success,CID627598,Mini,Malleshwaram,Nagarbhavi,63.0,50.0,Not Applicable,Not Applicable,No,Not Applicable,353,UPI,39,3.2,3.6
2024-07-24 04:01:00,CNR2501114788,Success,CID843648,Bike,RT Nagar,Indiranagar,35.0,60.0,Not Applicable,Not Applicable,No,Not Applicable,125,Cash,17,3.5,4.1
2024-07-16 03:56:00,CNR9727587657,Canceled by Customer,CID373976,Prime Sedan,KR Puram,Malleshwaram,,,Wrong Address,Not Applicable,Not Applicable,Not Applicable,297,Not Applicable,0,,
2024-07-30 22:07:00,CNR2842975395,Canceled by Driver,CID644514,Auto,Hulimavu,Indiranagar,,,Not Applicable,Customer related issue,Not Applicable,Not Applicable,584,Not Applicable,0,,
2024-07-01 23:31:00,CNR3916330323,Success,CID948447,Mini,Electronic City,MG Road,217.0,60.0,Not Applicable,Not Applicable,No,Not Applicable,1830,Cash,23,3.9,4.1
2024-07-12 06:14:00,CNR6580044796,Canceled by Customer,CID299094,Prime Sedan,Malleshwaram,Richmond Town,,,AC is Not working,Not Applicable,Not Applicable,Not Applicable,438,Not Applicable,0,,
2024-07-06 23:43:00,CNR4601196615,Canceled by Driver,CID980392,eBike,Koramangala,Langford Town,,,Not Applicable,Customer related issue,Not Applicable,Not Applicable,331,Not Applicable,0,,
2024-07-21 08:59:00,CNR6604813465,Success,CID694140,Bike,Banashankari,Frazer Town,70.0,90.0,Not Applicable,Not Applicable,No,Not Applicable,449,Cash,11,3.7,3.3
2024-07-24 06:25:00,CNR7130623098,Success,CID653524,Bike,Indiranagar,Whitefield,217.0,55.0,Not Applicable,Not Applicable,Yes,Vehicle Breakdown,226,Cash,21,5.0,4.0
2024-07-05 17:24:00,CNR8910131245,Canceled by Driver,CID856010,Prime Plus,Richmond Town,Shantinagar,,,Not Applicable,Personal & Car related issue,Not Applicable,Not Applicable,957,Not Applicable,0,,
2024-07-15 18:03:00,CNR3132780692,Success,CID313820,eBike,Cox Town,Nagarbhavi,224.0,25.0,Not Applicable,Not Applicable,No,Not Applicable,609,UPI,19,3.6,3.5
2024-07-27 10:00:00,CNR4417806849,Success,CID556006,Prime Sedan,Whitefield,Jayanagar,105.0,80.0,Not Applicable,Not Applicable,No,Not Applicable,148,Cash,8,3.9,3.9
2024-07-14 05:10:00,CNR9544310159,Success,CID460550,eBike,Ulsoor,Hebbal,182.0,70.0,Not Applicable,Not Applicable,No,Not Applicable,834,Cash,14,4.1,4.3
2024-07-22 15:44:00,CNR7870918719,Canceled by Customer,CID946589,Auto,Rajajinagar,Kengeri,,,Driver is not moving towards pickup location,Not Applicable,Not Applicable,Not Applicable,275,Not Applicable,0,,
2024-07-08 11:07:00,CNR8434985113,Canceled by Driver,CID362408,Prime Sedan,Magadi Road,Hennur,,,Not Applicable,Personal & Car related issue,Not Applicable,Not Applicable,411,Not Applicable,0,,
2024-07-12 04:07:00,CNR7890244984,Success,CID403067,eBike,Mysore Road,Rajajinagar,245.0,135.0,Not Applicable,Not Applicable,No,Not Applicable,375,UPI,14,3.3,3.1
2024-07-22 22:27:00,CNR2818143609,Canceled by Customer,CID658115,Prime SUV,Chickpet,Mysore Road,,,Wrong Address,Not Applicable,Not Applicable,Not Applicable,469,Not Applicable,0,,
2024-07-27 04:25:00,CNR8376041495,Success,CID246333,Prime Sedan,Indiranagar,Electronic City,266.0,85.0,Not Applicable,Not Applicable,No,Not Applicable,1281,Cash,19,4.9,3.3
2024-07-18 02:01:00,CNR9228633554,Success,CID190088,Prime SUV,Marathahalli,Rajajinagar,252.0,60.0,Not Applicable,Not Applicable,No,Not Applicable,333,Cash,48,3.3,4.3
2024-07-21 00:59:00,CNR7500887764,Success,CID637869,Prime SUV,Rajajinagar,HSR Layout,308.0,50.0,Not Applicable,Not Applicable,No,Not Applicable,290,Cash,24,4.4,4.8
2024-07-15 12:35:00,CNR3806718001,Driver Not Found,CID249552,eBike,Banashankari,RT Nagar,,,Not Applicable,Not Applicable,Not Applicable,Not Applicable,137,Not Applicable,0,,
2024-07-16 11:08:00,CNR3921208667,Success,CID974165,Mini,Nagarbhavi,Hosur Road,77.0,40.0,Not Applicable,Not Applicable,No,Not Applicable,846,Cash,16,4.8,3.7
2024-07-01 17:32:00,CNR1619601396,Success,CID321234,Prime SUV,Banashankari,Hennur,119.0,90.0,Not Applicable,Not Applicable,No,Not Applicable,286,Cash,22,4.6,4.0
2024-07-29 21:24:00,CNR5827668350,Canceled by Driver,CID591668,Auto,Chickpet,Majestic,,,Not Applicable,Personal & Car related issue,Not Applicable,Not Applicable,2298,Not Applicable,0,,
2024-07-14 19:32:00,CNR1928132367,Canceled by Customer,CID605891,Bike,Yelahanka,Varthur,,,Change of plans,Not Applicable,Not Applicable,Not Applicable,127,Not Applicable,0,,
2024-07-26 01:27:00,CNR5950972993,Success,CID897815,eBike,BTM Layout,Chickpet,84.0,35.0,Not Applicable,Not Applicable,No,Not Applicable,100,Cash,23,3.6,3.5
2024-07-30 12:06:00,CNR9008432628,Success,CID365646,Prime Sedan,Kammanahalli,Kammanahalli,259.0,110.0,Not Applicable,Not Applicable,No,Not Applicable,514,UPI,27,3.7,4.5
2024-07-24 04:28:00,CNR9946373260,Success,CID830238,Prime Sedan,Bellandur,HSR Layout,133.0,75.0,Not Applicable,Not Applicable,No,Not Applicable,152,Cash,2,4.9,4.2
2024-07-03 10:36:00,CNR7836259920,Success,CID682580,Auto,Frazer Town,Hosur Road,147.0,75.0,Not Applicable,Not Applicable,No,Not Applicable,155,UPI,7,3.9,4.5
2024-07-06 16:45:00,CNR5601060338,Success,CID386090,Prime SUV,Hulimavu,Mysore Road,210.0,115.0,Not Applicable,Not Applicable,No,Not Applicable,203,Cash,34,4.6,4.5
2024-07-18 00:06:00,CNR9480147020,Success,CID195557,Prime SUV,Cox Town,Marathahalli,280.0,120.0,Not Applicable,Not Applicable,No,Not Applicable,384,Cash,37,4.7,4.6
2024-07-15 16:44:00,CNR6423312464,Success,CID714075,Prime SUV,Chamarajpet,Bannerghatta Road,133.0,95.0,Not Applicable,Not Applicable,No,Not Applicable,274,Cash,21,3.8,4.3
2024-07-13 01:43:00,CNR1408609109,Canceled by Customer,CID815677,Mini,Padmanabhanagar,Hulimavu,,,Change of plans,Not Applicable,Not Applicable,Not Applicable,2044,Not Applicable,0,,
2024-07-20 04:41:00,CNR5891111087,Success,CID583471,Prime Plus,Rajarajeshwari Nagar,Yeshwanthpur,203.0,60.0,Not Applicable,Not Applicable,No,Not Applicable,1713,UPI,46,4.5,4.7
2024-07-01 07:48:00,CNR3469349526,Driver Not Found,CID924214,Auto,Kengeri,Kadugodi,,,Not Applicable,Not Applicable,Not Applicable,Not Applicable,431,Not Applicable,0,,
2024-07-24 10:09:00,CNR2309395274,Success,CID307099,Bike,Cox Town,Vijayanagar,63.0,90.0,Not Applicable,Not Applicable,Yes,Customer Demand,445,Cash,40,3.0,4.7
2024-07-23 02:47:00,CNR9104977319,Success,CID119343,Prime Plus,Banashankari,Malleshwaram,84.0,100.0,Not Applicable,Not Applicable,No,Not Applicable,377,Cash,41,3.2,3.8
2024-07-22 09:24:00,CNR8564108178,Success,CID991193,Prime Plus,Frazer Town,Sahakar Nagar,189.0,75.0,Not Applicable,Not Applicable,No,Not Applicable,145,Cash,42,4.2,3.4
2024-07-23 19:27:00,CNR1734242596,Success,CID100279,Prime Plus,Hennur,Shantinagar,245.0,85.0,Not Applicable,Not Applicable,No,Not Applicable,301,UPI,4,3.9,4.2
2024-07-24 06:52:00,CNR6498166154,Success,CID926503,Prime Sedan,Sarjapur Road,Electronic City,224.0,85.0,Not Applicable,Not Applicable,No,Not Applicable,1411,Cash,39,3.3,3.8
2024-07-29 02:26:00,CNR4052076818,Canceled by Driver,CID976278,Prime SUV,Magadi Road,Electronic City,,,Not Applicable,Customer related issue,Not Applicable,Not Applicable,221,Not Applicable,0,,
2024-07-26 13:20:00,CNR1958003478,Success,CID632587,Mini,Frazer Town,JP Nagar,252.0,105.0,Not Applicable,Not Applicable,No,Not Applicable,1513,UPI,19,3.2,4.1
2024-07-11 16:03:00,CNR6111085973,Canceled by Driver,CID763040,Prime Plus,Nagarbhavi,Sarjapur Road,,,Not Applicable,More than permitted people in there,Not Applicable,Not Applicable,100,Not Applicable,0,,
2024-07-28 00:56:00,CNR3367735585,Canceled by Customer,CID577097,Mini,Devanahalli,Banashankari,,,AC is Not working,Not Applicable,Not Applicable,Not Applicable,253,Not Applicable,0,,
2024-07-09 02:07:00,CNR1946510399,Success,CID153547,Prime Sedan,KR Puram,Vijayanagar,98.0,95.0,Not Applicable,Not Applicable,No,Not Applicable,485,Cash,13,3.4,3.1
2024-07-25 07:06:00,CNR5315882412,Success,CID281270,Prime SUV,KR Puram,Rajarajeshwari Nagar,280.0,25.0,Not Applicable,Not Applicable,No,Not Applicable,261,UPI,37,4.6,3.9
2024-07-13 18:06:00,CNR6870750892,Success,CID107788,Auto,Banashankari,Chickpet,98.0,110.0,Not Applicable,Not Applicable,No,Not Applicable,421,Credit Card,13,4.7,4.9
2024-07-30 00:03:00,CNR6906336589,Success,CID160272,Bike,Kadugodi,Nagarbhavi,294.0,60.0,Not Applicable,Not Applicable,No,Not Applicable,2824,Cash,15,3.6,4.0
2024-07-10 21:08:00,CNR4039218572,Canceled by Driver,CID663253,Auto,RT Nagar,Mysore Road,,,Not Applicable,Personal & Car related issue,Not Applicable,Not Applicable,483,Not Applicable,0,,
2024-07-01 04:05:00,CNR9484962633,Success,CID314178,Prime Sedan,Hulimavu,Jayanagar,119.0,90.0,Not Applicable,Not Applicable,No,Not Applicable,687,UPI,34,4.5,3.2
2024-07-15 16:26:00,CNR9361451240,Success,CID517065,Prime Sedan,Devanahalli,Peenya,252.0,110.0,Not Applicable,Not Applicable,No,Not Applicable,256,Cash,38,3.6,4.6
2024-07-02 14:50:00,CNR4665890819,Success,CID254961,Prime Plus,Yeshwanthpur,Electronic City,77.0,55.0,Not Applicable,Not Applicable,No,Not Applicable,377,Cash,11,4.8,3.1
2024-07-03 11:33:00,CNR3985000819,Success,CID531494,Prime SUV,Richmond Town,Rajarajeshwari Nagar,112.0,80.0,Not Applicable,Not Applicable,No,Not Applicable,286,Cash,12,4.2,3.3
2024-07-06 08:54:00,CNR7404266047,Success,CID780462,Bike,Kammanahalli,Kadugodi,126.0,65.0,Not Applicable,Not Applicable,No,Not Applicable,170,UPI,10,4.6,3.3
2024-07-11 07:07:00,CNR7141361011,Canceled by Customer,CID591258,Bike,Mysore Road,Hosur Road,,,Wrong Address,Not Applicable,Not Applicable,Not Applicable,821,Not Applicable,0,,
2024-07-26 09:43:00,CNR1961860959,Success,CID496103,Bike,Richmond Town,Electronic City,84.0,60.0,Not Applicable,Not Applicable,No,Not Applicable,462,Credit Card,43,3.9,4.9
2024-07-16 05:23:00,CNR7122619338,Success,CID113083,Bike,MG Road,Rajajinagar,189.0,105.0,Not Applicable,Not Applicable,No,Not Applicable,358,Cash,1,4.4,4.7
2024-07-02 04:34:00,CNR1525155227,Success,CID527794,eBike,Koramangala,Bellandur,98.0,40.0,Not Applicable,Not Applicable,No,Not Applicable,575,Cash,20,3.9,3.3
2024-07-06 19:18:00,CNR3083996350,Driver Not Found,CID674379,Auto,Magadi Road,Hulimavu,,,Not Applicable,Not Applicable,Not Applicable,Not Applicable,261,Not Applicable,0,,
2024-07-07 21:07:00,CNR6747191476,Success,CID231548,Prime Sedan,Ulsoor,Mysore Road,168.0,65.0,Not Applicable,Not Applicable,No,Not Applicable,532,Cash,19,4.0,4.7
2024-07-26 02:47:00,CNR1288512902,Canceled by Driver,CID237989,Auto,Yelahanka,JP Nagar,,,Not Applicable,Customer was coughing/sick,Not Applicable,Not Applicable,2207,Not Applicable,0,,
2024-07-24 04:01:00,CNR6913680039,Success,CID412599,Auto,Varthur,Chickpet,133.0,40.0,Not Applicable,Not Applicable,No,Not Applicable,141,UPI,14,3.1,4.5
2024-07-14 14:06:00,CNR3990098891,Canceled by Driver,CID163362,Mini,Magadi Road,Basavanagudi,,,Not Applicable,Personal & Car related issue,Not Applicable,Not Applicable,170,Not Applicable,0,,
2024-07-22 10:57:00,CNR5086142757,Success,CID533057,Prime SUV,Magadi Road,JP Nagar,175.0,140.0,Not Applicable,Not Applicable,No,Not Applicable,272,Cash,39,4.6,4.5
2024-07-04 04:48:00,CNR7411162550,Success,CID427178,Bike,Shantinagar,Rajarajeshwari Nagar,245.0,35.0,Not Applicable,Not Applicable,No,Not Applicable,593,Cash,35,3.3,4.7
2024-07-16 07:26:00,CNR7627587327,Success,CID202975,Bike,Langford Town,Koramangala,266.0,145.0,Not Applicable,Not Applicable,No,Not Applicable,1431,Cash,49,4.8,3.2
2024-07-26 06:30:00,CNR1960276346,Success,CID794962,Auto,Hosur Road,Majestic,49.0,55.0,Not Applicable,Not Applicable,No,Not Applicable,753,Cash,8,4.2,4.8
2024-07-05 12:10:00,CNR1953950854,Success,CID161647,Auto,Ramamurthy Nagar,Indiranagar,70.0,90.0,Not Applicable,Not Applicable,No,Not Applicable,204,Cash,6,3.6,3.6
2024-07-05 20:01:00,CNR2625523467,Success,CID385362,Bike,Shantinagar,Basavanagudi,168.0,100.0,Not Applicable,Not Applicable,No,Not Applicable,361,Cash,25,4.0,4.2
2024-07-29 09:39:00,CNR6402501963,Canceled by Customer,CID361364,Mini,Vijayanagar,Langford Town,,,Wrong Address,Not Applicable,Not Applicable,Not Applicable,232,Not Applicable,0,,
2024-07-13 22:25:00,CNR2725887691,Canceled by Driver,CID677385,Prime Sedan,Chickpet,Cox Town,,,Not Applicable,Customer related issue,Not Applicable,Not Applicable,364,Not Applicable,0,,
2024-07-26 10:25:00,CNR1035606603,Success,CID147586,Prime SUV,Frazer Town,Rajarajeshwari Nagar,231.0,125.0,Not Applicable,Not Applicable,No,Not Applicable,606,Credit Card,27,4.3,3.4
2024-07-30 10:58:00,CNR7662480995,Success,CID369648,Auto,HSR Layout,Majestic,126.0,115.0,Not Applicable,Not Applicable,No,Not Applicable,2157,Cash,7,4.0,4.9
2024-07-05 16:14:00,CNR2790307120,Success,CID833445,Mini,Rajarajeshwari Nagar,Yelahanka,175.0,80.0,Not Applicable,Not Applicable,No,Not Applicable,381,UPI,9,4.6,3.3
2024-07-30 12:26:00,CNR4330702007,Canceled by Driver,CID452016,Prime Sedan,Sarjapur Road,Rajarajeshwari Nagar,,,Not Applicable,Personal & Car related issue,Not Applicable,Not Applicable,473,Not Applicable,0,,
2024-07-03 04:18:00,CNR1065443735,Driver Not Found,CID532595,Prime Plus,Electronic City,Cox Town,,,Not Applicable,Not Applicable,Not Applicable,Not Applicable,315,Not Applicable,0,,
2024-07-11 05:22:00,CNR1607958788,Success,CID453869,Prime SUV,Bellandur,Chickpet,147.0,100.0,Not Applicable,Not Applicable,No,Not Applicable,786,Cash,29,3.9,4.5
2024-07-14 15:19:00,CNR4531806366,Canceled by Driver,CID114354,Prime Sedan,Hebbal,Electronic City,,,Not Applicable,Personal & Car related issue,Not Applicable,Not Applicable,230,Not Applicable,0,,
2024-07-26 21:19:00,CNR1921163952,Success,CID436428,Prime Sedan,Whitefield,Frazer Town,63.0,140.0,Not Applicable,Not Applicable,No,Not Applicable,669,UPI,37,4.1,3.1
2024-07-05 07:57:00,CNR9174794603,Success,CID302243,eBike,Ramamurthy Nagar,Richmond Town,126.0,135.0,Not Applicable,Not Applicable,No,Not Applicable,492,UPI,35,3.2,3.9
2024-07-05 01:17:00,CNR5467061954,Success,CID332309,eBike,Devanahalli,Kadugodi,182.0,80.0,Not Applicable,Not Applicable,No,Not Applicable,421,Cash,27,3.1,4.0
2024-07-25 23:02:00,CNR4133906927,Success,CID928014,Prime Plus,Cox Town,Chamarajpet,168.0,30.0,Not Applicable,Not Applicable,No,Not Applicable,319,Cash,18,4.9,3.3
2024-07-07 22:53:00,CNR5590704366,Success,CID647967,Mini,Langford Town,Hulimavu,231.0,50.0,Not Applicable,Not Applicable,No,Not Applicable,452,Credit Card,3,4.3,3.3
2024-07-15 14:33:00,CNR7263238057,Canceled by Customer,CID803148,Prime SUV,Shantinagar,Basavanagudi,,,Driver is not moving towards pickup location,Not Applicable,Not Applicable,Not Applicable,483,Not Applicable,0,,
2024-07-13 06:47:00,CNR3950390103,Success,CID109029,Auto,Chickpet,Chickpet,119.0,85.0,Not Applicable,Not Applicable,No,Not Applicable,445,UPI,9,3.6,3.0
2024-07-22 02:15:00,CNR3183249496,Canceled by Driver,CID958545,Mini,Mysore Road,Tumkur Road,,,Not Applicable,Customer related issue,Not Applicable,Not Applicable,257,Not Applicable,0,,
2024-07-11 09:58:00,CNR3600015295,Canceled by Driver,CID779936,eBike,Indiranagar,Hosur Road,,,Not Applicable,Personal & Car related issue,Not Applicable,Not Applicable,2457,Not Applicable,0,,
2024-07-02 12:26:00,CNR2617640913,Success,CID757296,Auto,Cox Town,KR Puram,154.0,30.0,Not Applicable,Not Applicable,No,Not Applicable,1349,Cash,17,3.5,4.3
2024-07-05 02:41:00,CNR4413350640,Success,CID120585,Prime SUV,Electronic City,MG Road,217.0,100.0,Not Applicable,Not Applicable,No,Not Applicable,555,UPI,27,4.8,3.2
2024-07-24 17:25:00,CNR8024743075,Canceled by Customer,CID821518,Mini,RT Nagar,Langford Town,,,Change of plans,Not Applicable,Not Applicable,Not Applicable,2330,Not Applicable,0,,
2024-07-14 07:31:00,CNR1464522263,Success,CID722216,Auto,Chickpet,Padmanabhanagar,210.0,80.0,Not Applicable,Not Applicable,Yes,Vehicle Breakdown,2515,Cash,16,3.5,3.7
2024-07-14 11:12:00,CNR8176288768,Canceled by Driver,CID513637,eBike,JP Nagar,Rajajinagar,,,Not Applicable,Personal & Car related issue,Not Applicable,Not Applicable,417,Not Applicable,0,,
2024-07-29 00:53:00,CNR4852048007,Canceled by Driver,CID840097,Mini,Sahakar Nagar,Tumkur Road,,,Not Applicable,Customer was coughing/sick,Not Applicable,Not Applicable,482,Not Applicable,0,,
2024-07-30 10:27:00,CNR3997331072,Success,CID363582,Prime Sedan,KR Puram,Whitefield,252.0,35.0,Not Applicable,Not Applicable,No,Not Applicable,131,UPI,19,3.9,3.6
2024-07-27 12:17:00,CNR8198981213,Success,CID538878,Auto,Banashankari,Banashankari,252.0,110.0,Not Applicable,Not Applicable,No,Not Applicable,496,UPI,1,4.0,4.9
2024-07-18 14:39:00,CNR8689069663,Success,CID785186,Prime Plus,Koramangala,Kadugodi,112.0,30.0,Not Applicable,Not Applicable,No,Not Applicable,627,Cash,14,4.3,3.0
2024-07-17 11:21:00,CNR4739589189,Canceled by Driver,CID531691,Auto,Magadi Road,Peenya,,,Not Applicable,Customer related issue,Not Applicable,Not Applicable,111,Not Applicable,0,,
2024-07-01 06:05:00,CNR2387145067,Driver Not Found,CID648052,Prime Sedan,Marathahalli,Hennur,,,Not Applicable,Not Applicable,Not Applicable,Not Applicable,861,Not Applicable,0,,
2024-07-17 18:20:00,CNR8039720576,Canceled by Driver,CID401134,Mini,Ramamurthy Nagar,Jayanagar,,,Not Applicable,Customer was coughing/sick,Not Applicable,Not Applicable,433,Not Applicable,0,,
2024-07-25 14:26:00,CNR2857021685,Canceled by Driver,CID432371,Prime SUV,KR Puram,KR Puram,,,Not Applicable,Customer related issue,Not Applicable,Not Applicable,420,Not Applicable,0,,
2024-07-11 08:34:00,CNR4394361707,Success,CID909542,Mini,Kengeri,Marathahalli,56.0,75.0,Not Applicable,Not Applicable,No,Not Applicable,182,Credit Card,12,4.3,4.4
2024-07-27 08:43:00,CNR9210632388,Success,CID406479,eBike,Hosur Road,BTM Layout,245.0,105.0,Not Applicable,Not Applicable,Yes,Vehicle Breakdown,828,Cash,17,4.6,4.9
2024-07-15 16:19:00,CNR1287408270,Success,CID556789,eBike,Shivajinagar,Mysore Road,168.0,105.0,Not Applicable,Not Applicable,No,Not Applicable,462,Debit Card,44,4.1,3.9
2024-07-22 20:37:00,CNR7095897976,Canceled by Customer,CID622940,Mini,Bellandur,Hosur Road,,,Change of plans,Not Applicable,Not Applicable,Not Applicable,141,Not Applicable,0,,
2024-07-28 23:32:00,CNR5055308899,Success,CID723289,Bike,BTM Layout,Hennur,196.0,45.0,Not Applicable,Not Applicable,No,Not Applicable,713,Cash,17,4.4,4.0
2024-07-14 06:04:00,CNR8903512079,Canceled by Customer,CID880664,Bike,Shivajinagar,Shantinagar,,,Change of plans,Not Applicable,Not Applicable,Not Applicable,259,Not Applicable,0,,
2024-07-18 04:10:00,CNR4944916205,Success,CID243826,eBike,Kengeri,RT Nagar,140.0,145.0,Not Applicable,Not Applicable,No,Not Applicable,377,Cash,19,3.1,4.1
2024-07-08 02:54:00,CNR1126890426,Success,CID321266,eBike,Frazer Town,Malleshwaram,70.0,145.0,Not Applicable,Not Applicable,No,Not Applicable,805,Cash,16,3.8,4.4
2024-07-08 05:48:00,CNR2923577802,Success,CID388395,Prime Plus,Sahakar Nagar,Electronic City,287.0,80.0,Not Applicable,Not Applicable,No,Not Applicable,673,Cash,27,3.8,3.0
2024-07-16 07:10:00,CNR1709276664,Success,CID660457,Prime Sedan,HSR Layout,Chamarajpet,70.0,145.0,Not Applicable,Not Applicable,No,Not Applicable,184,Cash,35,3.7,4.1
2024-07-15 20:51:00,CNR5813084058,Success,CID935779,Prime Sedan,Koramangala,Sahakar Nagar,196.0,135.0,Not Applicable,Not Applicable,No,Not Applicable,109,UPI,4,3.6,3.8
2024-07-06 03:11:00,CNR1494392097,Driver Not Found,CID801965,Mini,Sarjapur Road,HSR Layout,,,Not Applicable,Not Applicable,Not Applicable,Not Applicable,380,Not Applicable,0,,
2024-07-04 17:58:00,CNR9919482864,Success,CID413497,eBike,Yelahanka,Kengeri,133.0,35.0,Not Applicable,Not Applicable,No,Not Applicable,237,UPI,35,4.3,4.3
2024-07-01 20:21:00,CNR7340325936,Canceled by Driver,CID725709,Prime Sedan,Basavanagudi,Devanahalli,,,Not Applicable,Personal & Car related issue,Not Applicable,Not Applicable,1735,Not Applicable,0,,
2024-07-06 05:31:00,CNR6388882766,Canceled by Customer,CID283317,Mini,Shantinagar,HSR Layout,,,Driver is not moving towards pickup location,Not Applicable,Not Applicable,Not Applicable,497,Not Applicable,0,,
2024-07-29 08:26:00,CNR7598020866,Success,CID267860,Bike,Varthur,Frazer Town,252.0,125.0,Not Applicable,Not Applicable,No,Not Applicable,426,Cash,39,4.1,3.7
2024-07-06 06:40:00,CNR3779509598,Success,CID629637,Mini,Shantinagar,Ulsoor,273.0,60.0,Not Applicable,Not Applicable,No,Not Applicable,805,UPI,5,4.1,4.6
2024-07-08 18:00:00,CNR9064366502,Success,CID808398,Prime Sedan,Tumkur Road,Rajajinagar,112.0,125.0,Not Applicable,Not Applicable,No,Not Applicable,449,UPI,11,4.4,3.3
2024-07-13 03:54:00,CNR9292935338,Success,CID544369,eBike,Richmond Town,Bannerghatta Road,273.0,100.0,Not Applicable,Not Applicable,No,Not Applicable,164,Cash,3,4.4,4.2
2024-07-21 00:07:00,CNR8819961114,Driver Not Found,CID737741,Bike,Hosur Road,Shivajinagar,,,Not Applicable,Not Applicable,Not Applicable,Not Applicable,332,Not Applicable,0,,
2024-07-05 12:58:00,CNR3336924574,Success,CID624787,Auto,Frazer Town,Padmanabhanagar,273.0,125.0,Not Applicable,Not Applicable,No,Not Applicable,397,Credit Card,3,4.8,4.5
2024-07-21 20:51:00,CNR7056170656,Success,CID804089,Auto,Varthur,Hennur,161.0,65.0,Not Applicable,Not Applicable,No,Not Applicable,350,Credit Card,19,3.3,4.8
2024-07-02 18:56:00,CNR7640642870,Success,CID381300,Prime SUV,Jayanagar,Chickpet,70.0,30.0,Not Applicable,Not Applicable,No,Not Applicable,222,Cash,13,3.0,4.4
2024-07-15 14:58:00,CNR5064237049,Driver Not Found,CID700132,Bike,Tumkur Road,HSR Layout,,,Not Applicable,Not Applicable,Not Applicable,Not Applicable,197,Not Applicable,0,,
2024-07-17 07:48:00,CNR2197689499,Success,CID331754,Prime Plus,Majestic,Mysore Road,175.0,95.0,Not Applicable,Not Applicable,No,Not Applicable,280,Cash,15,4.1,4.0
2024-07-07 10:44:00,CNR9377319773,Success,CID125967,eBike,Sarjapur Road,Peenya,126.0,75.0,Not Applicable,Not Applicable,No,Not Applicable,396,UPI,14,4.8,3.1
2024-07-12 08:02:00,CNR7818249650,Success,CID437169,Mini,Chickpet,Sarjapur Road,84.0,85.0,Not Applicable,Not Applicable,No,Not Applicable,995,UPI,39,4.3,4.9
2024-07-18 13:28:00,CNR5446482723,Success,CID929382,Prime Sedan,Peenya,Banashankari,154.0,85.0,Not Applicable,Not Applicable,No,Not Applicable,704,Cash,38,3.2,4.3
2024-07-24 02:58:00,CNR1116099981,Canceled by Driver,CID362266,Bike,Richmond Town,KR Puram,,,Not Applicable,Personal & Car related issue,Not Applicable,Not Applicable,458,Not Applicable,0,,
2024-07-06 00:06:00,CNR6293358461,Success,CID380010,Mini,JP Nagar,Padmanabhanagar,280.0,115.0,Not Applicable,Not Applicable,No,Not Applicable,1893,Cash,6,3.7,4.1
2024-07-24 19:59:00,CNR9955159367,Driver Not Found,CID941313,Prime Plus,Kengeri,Sahakar Nagar,,,Not Applicable,Not Applicable,Not Applicable,Not Applicable,316,Not Applicable,0,,
2024-07-20 00:39:00,CNR5180900603,Success,CID600077,eBike,Chamarajpet,Majestic,196.0,60.0,Not Applicable,Not Applicable,No,Not Applicable,1345,Cash,15,3.7,3.4
2024-07-15 21:24:00,CNR4632339332,Success,CID461933,Prime SUV,Cox Town,BTM Layout,287.0,25.0,Not Applicable,Not Applicable,No,Not Applicable,218,Cash,21,4.7,3.8
2024-07-14 22:20:00,CNR7232447602,Success,CID479120,eBike,Langford Town,Chamarajpet,63.0,110.0,Not Applicable,Not Applicable,No,Not Applicable,484,UPI,12,3.5,4.8
2024-07-21 21:12:00,CNR6019104909,Canceled by Driver,CID117448,Mini,Tumkur Road,Hulimavu,,,Not Applicable,More than permitted people in there,Not Applicable,Not Applicable,332,Not Applicable,0,,
2024-07-23 10:31:00,CNR7568315712,Success,CID989482,Prime Sedan,Malleshwaram,Ramamurthy Nagar,154.0,70.0,Not Applicable,Not Applicable,No,Not Applicable,383,UPI,27,4.1,3.9
2024-07-03 05:53:00,CNR6763454359,Success,CID880260,Bike,RT Nagar,Hosur Road,252.0,65.0,Not Applicable,Not Applicable,No,Not Applicable,406,UPI,48,4.5,4.9
2024-07-28 08:31:00,CNR6462730903,Success,CID782211,Prime Sedan,Mysore Road,Basavanagudi,91.0,25.0,Not Applicable,Not Applicable,No,Not Applicable,385,UPI,29,4.8,3.3
2024-07-19 00:03:00,CNR5223549154,Driver Not Found,CID648356,Bike,Hosur Road,Hebbal,,,Not Applicable,Not Applicable,Not Applicable,Not Applicable,428,Not Applicable,0,,
2024-07-29 21:40:00,CNR1686983450,Success,CID464481,Mini,Mysore Road,Ramamurthy Nagar,182.0,65.0,Not Applicable,Not Applicable,No,Not Applicable,992,Cash,37,3.4,4.0
2024-07-14 05:47:00,CNR1632660974,Success,CID578307,Prime SUV,Nagarbhavi,Sahakar Nagar,105.0,30.0,Not Applicable,Not Applicable,No,Not Applicable,159,UPI,40,4.1,3.2
2024-07-08 14:45:00,CNR9701784076,Success,CID525035,eBike,Richmond Town,Hebbal,175.0,140.0,Not Applicable,Not Applicable,No,Not Applicable,109,UPI,11,4.6,3.2
2024-07-07 12:13:00,CNR9095270681,Success,CID492161,Prime Sedan,JP Nagar,Kammanahalli,189.0,50.0,Not Applicable,Not Applicable,No,Not Applicable,438,UPI,23,3.5,3.9
2024-07-10 10:38:00,CNR7444056028,Success,CID432339,Prime Plus,Varthur,Bannerghatta Road,182.0,110.0,Not Applicable,Not Applicable,No,Not Applicable,291,UPI,23,3.3,4.5
2024-07-07 19:17:00,CNR1946255249,Canceled by Driver,CID115018,Bike,Sarjapur Road,Indiranagar,,,Not Applicable,Personal & Car related issue,Not Applicable,Not Applicable,143,Not Applicable,0,,
2024-07-01 19:59:00,CNR1714408178,Success,CID352510,Prime SUV,Sahakar Nagar,RT Nagar,210.0,135.0,Not Applicable,Not Applicable,No,Not Applicable,593,Cash,22,3.8,3.8
2024-07-03 13:11:00,CNR8657460714,Canceled by Driver,CID241448,Bike,Devanahalli,Basavanagudi,,,Not Applicable,Customer related issue,Not Applicable,Not Applicable,567,Not Applicable,0,,
2024-07-03 13:12:00,CNR6158057441,Success,CID647647,Prime Plus,Nagarbhavi,RT Nagar,49.0,105.0,Not Applicable,Not Applicable,No,Not Applicable,355,UPI,6,3.6,4.7
2024-07-21 17:25:00,CNR3706482632,Canceled by Driver,CID107010,eBike,RT Nagar,Rajajinagar,,,Not Applicable,Personal & Car related issue,Not Applicable,Not Applicable,442,Not Applicable,0,,
2024-07-21 07:20:00,CNR4401335937,Driver Not Found,CID508748,Auto,Devanahalli,BTM Layout,,,Not Applicable,Not Applicable,Not Applicable,Not Applicable,670,Not Applicable,0,,
2024-07-21 11:47:00,CNR1304508583,Canceled by Driver,CID756049,Prime SUV,Hosur Road,Jayanagar,,,Not Applicable,Customer related issue,Not Applicable,Not Applicable,120,Not Applicable,0,,
2024-07-23 05:11:00,CNR6549568036,Success,CID610672,Auto,Shivajinagar,Mysore Road,147.0,45.0,Not Applicable,Not Applicable,No,Not Applicable,325,Cash,4,4.5,4.7
2024-07-03 20:24:00,CNR1587392675,Success,CID727743,Prime Plus,KR Puram,Devanahalli,273.0,45.0,Not Applicable,Not Applicable,No,Not Applicable,411,Cash,34,3.7,3.8
2024-07-16 03:20:00,CNR2210437057,Success,CID326390,Mini,HSR Layout,Chickpet,252.0,55.0,Not Applicable,Not Applicable,No,Not Applicable,905,UPI,15,4.7,3.9
2024-07-08 19:32:00,CNR9313479120,Success,CID294917,Prime SUV,Banashankari,Kammanahalli,196.0,90.0,Not Applicable,Not Applicable,No,Not Applicable,180,UPI,41,4.6,3.5
2024-07-16 13:00:00,CNR7158011081,Driver Not Found,CID482833,Prime SUV,BTM Layout,Marathahalli,,,Not Applicable,Not Applicable,Not Applicable,Not Applicable,2267,Not Applicable,0,,
2024-07-23 03:37:00,CNR4180902818,Canceled by Driver,CID703220,Prime SUV,Yeshwanthpur,Shivajinagar,,,Not Applicable,Personal & Car related issue,Not Applicable,Not Applicable,241,Not Applicable,0,,
2024-07-14 19:39:00,CNR3182843523,Canceled by Driver,CID500080,Bike,Koramangala,Sahakar Nagar,,,Not Applicable,Customer related issue,Not Applicable,Not Applicable,506,Not Applicable,0,,
2024-07-14 11:31:00,CNR4723780769,Driver Not Found,CID299829,Auto,Whitefield,Frazer Town,,,Not Applicable,Not Applicable,Not Applicable,Not Applicable,133,Not Applicable,0,,
2024-07-07 05:16:00,CNR5430420162,Success,CID944207,eBike,Bellandur,Yeshwanthpur,56.0,130.0,Not Applicable,Not Applicable,No,Not Applicable,433,Cash,45,3.1,4.7
2024-07-17 00:36:00,CNR5648941589,Success,CID870826,Prime Sedan,Hosur Road,KR Puram,189.0,40.0,Not Applicable,Not Applicable,No,Not Applicable,643,UPI,26,3.7,3.6
2024-07-24 13:29:00,CNR6177124981,Driver Not Found,CID987913,Prime Plus,Langford Town,Langford Town,,,Not Applicable,Not Applicable,Not Applicable,Not Applicable,246,Not Applicable,0,,
2024-07-06 07:14:00,CNR7331046500,Success,CID251807,Prime SUV,Bellandur,BTM Layout,308.0,105.0,Not Applicable,Not Applicable,No,Not Applicable,1737,Cash,30,3.3,3.0
2024-07-17 09:55:00,CNR1603677271,Success,CID158293,Auto,Bannerghatta Road,Rajarajeshwari Nagar,210.0,40.0,Not Applicable,Not Applicable,No,Not Applicable,280,UPI,9,4.2,4.0
2024-07-14 08:46:00,CNR8763676152,Success,CID205690,Prime SUV,Marathahalli,Frazer Town,133.0,30.0,Not Applicable,Not Applicable,No,Not Applicable,194,Credit Card,10,4.4,4.9
2024-07-02 12:22:00,CNR5136595633,Success,CID105448,Bike,Yeshwanthpur,Peenya,133.0,85.0,Not Applicable,Not Applicable,No,Not Applicable,936,Cash,7,3.5,3.7
2024-07-28 14:10:00,CNR5604534564,Canceled by Driver,CID758134,Prime SUV,Yeshwanthpur,Shivajinagar,,,Not Applicable,Customer was coughing/sick,Not Applicable,Not Applicable,588,Not Applicable,0,,
2024-07-11 18:36:00,CNR3932422845,Driver Not Found,CID473103,Prime Plus,Padmanabhanagar,Whitefield,,,Not Applicable,Not Applicable,Not Applicable,Not Applicable,196,Not Applicable,0,,
2024-07-24 10:09:00,CNR4529087626,Canceled by Driver,CID300408,eBike,Yelahanka,BTM Layout,,,Not Applicable,Customer related issue,Not Applicable,Not Applicable,252,Not Applicable,0,,
2024-07-13 04:40:00,CNR2714573181,Canceled by Customer,CID383556,eBike,Yelahanka,Hennur,,,Driver is not moving towards pickup location,Not Applicable,Not Applicable,Not Applicable,150,Not Applicable,0,,
2024-07-19 12:29:00,CNR8402914974,Driver Not Found,CID597153,Prime Sedan,Bannerghatta Road,Devanahalli,,,Not Applicable,Not Applicable,Not Applicable,Not Applicable,145,Not Applicable,0,,
2024-07-21 09:05:00,CNR9055226286,Success,CID264630,Mini,MG Road,Kammanahalli,175.0,40.0,Not Applicable,Not Applicable,No,Not Applicable,208,Cash,44,4.8,3.8
2024-07-13 22:11:00,CNR6779966810,Success,CID268980,Prime SUV,Ulsoor,Rajarajeshwari Nagar,259.0,125.0,Not Applicable,Not Applicable,No,Not Applicable,141,Cash,2,4.6,3.3
2024-07-12 02:20:00,CNR6571233648,Success,CID578155,Prime SUV,Hosur Road,Frazer Town,112.0,30.0,Not Applicable,Not Applicable,No,Not Applicable,496,UPI,47,4.5,4.3
2024-07-28 12:54:00,CNR9515359052,Success,CID458350,Prime Plus,KR Puram,Rajajinagar,182.0,105.0,Not Applicable,Not Applicable,No,Not Applicable,234,UPI,8,3.5,3.5
2024-07-01 15:55:00,CNR6428702528,Success,CID826913,Prime Plus,Hennur,Hulimavu,35.0,25.0,Not Applicable,Not Applicable,No,Not Applicable,233,UPI,40,3.6,3.5
2024-07-26 16:48:00,CNR1999163819,Success,CID377877,Prime Plus,Vijayanagar,Rajajinagar,196.0,50.0,Not Applicable,Not Applicable,No,Not Applicable,512,Cash,29,4.9,4.6
2024-07-23 06:00:00,CNR5059370544,Success,CID489748,Bike,Marathahalli,Rajajinagar,294.0,80.0,Not Applicable,Not Applicable,No,Not Applicable,673,Cash,12,3.4,5.0
2024-07-17 09:43:00,CNR8964919884,Canceled by Driver,CID689865,Auto,RT Nagar,Vijayanagar,,,Not Applicable,Customer related issue,Not Applicable,Not Applicable,405,Not Applicable,0,,
2024-07-02 13:55:00,CNR4842621387,Success,CID285202,eBike,BTM Layout,Kammanahalli,154.0,120.0,Not Applicable,Not Applicable,No,Not Applicable,172,Cash,21,3.4,4.3
2024-07-17 13:35:00,CNR6491875957,Success,CID951459,eBike,Langford Town,Shivajinagar,133.0,90.0,Not Applicable,Not Applicable,No,Not Applicable,312,UPI,25,4.3,3.1
2024-07-03 04:11:00,CNR2214430751,Canceled by Driver,CID576935,Bike,Sahakar Nagar,Jayanagar,,,Not Applicable,More than permitted people in there,Not Applicable,Not Applicable,198,Not Applicable,0,,
2024-07-27 05:37:00,CNR2502852392,Success,CID474850,Mini,MG Road,JP Nagar,119.0,120.0,Not Applicable,Not Applicable,No,Not Applicable,1600,Cash,28,4.2,4.9
2024-07-12 11:29:00,CNR6921721146,Success,CID695090,Prime Plus,Shantinagar,Nagarbhavi,196.0,115.0,Not Applicable,Not Applicable,No,Not Applicable,356,Cash,2,3.5,3.4
2024-07-24 22:58:00,CNR9197627307,Success,CID468006,Prime Sedan,Frazer Town,BTM Layout,301.0,45.0,Not Applicable,Not Applicable,No,Not Applicable,332,Cash,6,4.8,3.5
2024-07-19 00:57:00,CNR2920329725,Success,CID943395,Prime Sedan,Hennur,Banashankari,133.0,115.0,Not Applicable,Not Applicable,No,Not Applicable,143,Cash,21,4.7,4.4
2024-07-16 23:00:00,CNR4100484931,Success,CID869456,Mini,Bellandur,Kadugodi,252.0,75.0,Not Applicable,Not Applicable,No,Not Applicable,175,Cash,42,4.4,4.3
2024-07-25 20:25:00,CNR2461939969,Success,CID940408,Prime SUV,Shantinagar,Ramamurthy Nagar,63.0,90.0,Not Applicable,Not Applicable,No,Not Applicable,544,Cash,9,3.8,4.8
2024-07-15 03:29:00,CNR5470707680,Success,CID109662,Prime SUV,RT Nagar,HSR Layout,259.0,60.0,Not Applicable,Not Applicable,No,Not Applicable,1626,UPI,29,4.1,4.2
2024-07-11 13:43:00,CNR6780929949,Driver Not Found,CID387279,Bike,KR Puram,Hosur Road,,,Not Applicable,Not Applicable,Not Applicable,Not Applicable,157,Not Applicable,0,,
2024-07-23 03:39:00,CNR9722181624,Driver Not Found,CID340622,Mini,Jayanagar,Vijayanagar,,,Not Applicable,Not Applicable,Not Applicable,Not Applicable,572,Not Applicable,0,,
2024-07-09 00:43:00,CNR7624567110,Canceled by Driver,CID946499,Bike,Peenya,Frazer Town,,,Not Applicable,Personal & Car related issue,Not Applicable,Not Applicable,398,Not Applicable,0,,
2024-07-14 02:19:00,CNR4590252311,Canceled by Driver,CID238655,Prime SUV,Varthur,Shantinagar,,,Not Applicable,More than permitted people in there,Not Applicable,Not Applicable,223,Not Applicable,0,,
2024-07-29 18:55:00,CNR5694173883,Canceled by Driver,CID770678,Prime Sedan,Hebbal,Bellandur,,,Not Applicable,More than permitted people in there,Not Applicable,Not Applicable,142,Not Applicable,0,,
2024-07-11 23:15:00,CNR1102215124,Driver Not Found,CID238435,Mini,Sarjapur Road,Shivajinagar,,,Not Applicable,Not Applicable,Not Applicable,Not Applicable,149,Not Applicable,0,,
2024-07-08 14:44:00,CNR5164736254,Success,CID606563,Prime Sedan,Peenya,Rajajinagar,301.0,125.0,Not Applicable,Not Applicable,No,Not Applicable,2904,Cash,23,3.1,4.2
2024-07-13 02:41:00,CNR4596036170,Canceled by Driver,CID936445,Auto,Yelahanka,Ramamurthy Nagar,,,Not Applicable,Personal & Car related issue,Not Applicable,Not Applicable,979,Not Applicable,0,,
2024-07-13 06:14:00,CNR4299924204,Success,CID532168,Bike,Peenya,Ulsoor,49.0,45.0,Not Applicable,Not Applicable,No,Not Applicable,292,UPI,31,4.0,3.2
2024-07-11 18:41:00,CNR1360776618,Canceled by Driver,CID206277,Prime Plus,Hosur Road,Shivajinagar,,,Not Applicable,Personal & Car related issue,Not Applicable,Not Applicable,441,Not Applicable,0,,
2024-07-28 08:36:00,CNR9091871879,Success,CID819628,Prime Sedan,Kengeri,Yelahanka,98.0,125.0,Not Applicable,Not Applicable,No,Not Applicable,157,Cash,21,3.4,3.7
2024-07-08 19:20:00,CNR6435857814,Success,CID981349,Auto,Hosur Road,Bellandur,63.0,135.0,Not Applicable,Not Applicable,No,Not Applicable,417,UPI,17,4.3,4.0
2024-07-24 14:08:00,CNR5222040339,Success,CID277975,Prime Sedan,Kengeri,Frazer Town,301.0,125.0,Not Applicable,Not Applicable,No,Not Applicable,113,Cash,24,3.4,3.7
2024-07-08 10:56:00,CNR4262038777,Success,CID530529,Prime Sedan,Hulimavu,Hebbal,168.0,90.0,Not Applicable,Not Applicable,No,Not Applicable,977,Cash,48,3.4,4.2
2024-07-04 19:23:00,CNR3664409517,Canceled by Driver,CID645206,Bike,Cox Town,Marathahalli,,,Not Applicable,Customer was coughing/sick,Not Applicable,Not Applicable,2068,Not Applicable,0,,
2024-07-01 18:42:00,CNR4785734937,Canceled by Driver,CID669076,Mini,Majestic,Chamarajpet,,,Not Applicable,Personal & Car related issue,Not Applicable,Not Applicable,773,Not Applicable,0,,
2024-07-08 10:59:00,CNR8236240039,Canceled by Customer,CID602463,Bike,Whitefield,Kammanahalli,,,AC is Not working,Not Applicable,Not Applicable,Not Applicable,357,Not Applicable,0,,
2024-07-29 08:02:00,CNR9357721333,Success,CID991866,Auto,Chickpet,KR Puram,301.0,75.0,Not Applicable,Not Applicable,No,Not Applicable,805,UPI,15,4.5,4.1
2024-07-10 22:37:00,CNR6489112348,Canceled by Driver,CID277851,Bike,KR Puram,Yelahanka,,,Not Applicable,Customer related issue,Not Applicable,Not Applicable,261,Not Applicable,0,,
2024-07-21 09:20:00,CNR1228725556,Success,CID528954,Auto,Peenya,BTM Layout,224.0,145.0,Not Applicable,Not Applicable,No,Not Applicable,164,Cash,17,4.7,3.7
2024-07-27 04:10:00,CNR9382759261,Success,CID844185,Prime Plus,Sarjapur Road,Nagarbhavi,56.0,125.0,Not Applicable,Not Applicable,No,Not Applicable,1681,Cash,27,4.4,4.7
2024-07-30 00:09:00,CNR5563472324,Success,CID915524,Mini,Varthur,Hebbal,49.0,65.0,Not Applicable,Not Applicable,No,Not Applicable,1959,Cash,40,4.6,4.9
2024-07-15 20:30:00,CNR3816919492,Success,CID666632,Bike,Devanahalli,Peenya,70.0,30.0,Not Applicable,Not Applicable,No,Not Applicable,789,Cash,32,3.3,3.1
2024-07-21 02:22:00,CNR3008391766,Driver Not Found,CID596171,Prime Sedan,Tumkur Road,Sahakar Nagar,,,Not Applicable,Not Applicable,Not Applicable,Not Applicable,347,Not Applicable,0,,
2024-07-02 10:29:00,CNR2612296880,Canceled by Driver,CID691300,Prime Plus,Marathahalli,Hulimavu,,,Not Applicable,Personal & Car related issue,Not Applicable,Not Applicable,167,Not Applicable,0,,
2024-07-11 22:23:00,CNR2341622542,Success,CID260815,Bike,Mysore Road,Chickpet,224.0,80.0,Not Applicable,Not Applicable,Yes,Other Issue,366,UPI,29,3.5,4.4
2024-07-04 07:31:00,CNR5503896900,Success,CID576603,eBike,Rajajinagar,Frazer Town,280.0,90.0,Not Applicable,Not Applicable,No,Not Applicable,413,Credit Card,41,3.7,4.6
2024-07-16 00:37:00,CNR3178612901,Driver Not Found,CID332129,Prime Sedan,Koramangala,Hosur Road,,,Not Applicable,Not Applicable,Not Applicable,Not Applicable,2347,Not Applicable,0,,
2024-07-05 15:52:00,CNR4023666939,Success,CID840028,eBike,Cox Town,Hennur,112.0,50.0,Not Applicable,Not Applicable,No,Not Applicable,473,Cash,36,3.7,3.8
2024-07-07 19:45:00,CNR9644063022,Success,CID888001,Prime Plus,Kengeri,Magadi Road,98.0,100.0,Not Applicable,Not Applicable,No,Not Applicable,305,Credit Card,12,3.9,3.5
2024-07-18 11:20:00,CNR1056748515,Success,CID925796,eBike,Whitefield,Cox Town,70.0,95.0,Not Applicable,Not Applicable,Yes,Vehicle Breakdown,454,UPI,31,4.6,3.2
2024-07-19 09:59:00,CNR3486264312,Success,CID995698,eBike,Shantinagar,Tumkur Road,301.0,35.0,Not Applicable,Not Applicable,No,Not Applicable,249,UPI,42,3.0,3.9
2024-07-22 20:38:00,CNR3191550663,Canceled by Driver,CID118041,Bike,Padmanabhanagar,KR Puram,,,Not Applicable,Customer related issue,Not Applicable,Not Applicable,278,Not Applicable,0,,
2024-07-12 16:00:00,CNR9938685465,Success,CID236149,eBike,Hosur Road,Electronic City,77.0,115.0,Not Applicable,Not Applicable,No,Not Applicable,342,UPI,4,4.4,3.2
2024-07-10 10:33:00,CNR1039956474,Success,CID893226,Mini,Shantinagar,Peenya,245.0,95.0,Not Applicable,Not Applicable,No,Not Applicable,294,Cash,38,3.6,5.0
2024-07-25 06:58:00,CNR3035641396,Success,CID520328,Prime Sedan,Bellandur,Ulsoor,245.0,115.0,Not Applicable,Not Applicable,No,Not Applicable,493,UPI,4,4.8,4.4
2024-07-26 10:26:00,CNR3477891257,Canceled by Driver,CID662507,Prime Plus,Rajarajeshwari Nagar,Tumkur Road,,,Not Applicable,Personal & Car related issue,Not Applicable,Not Applicable,147,Not Applicable,0,,
2024-07-28 13:21:00,CNR6646380039,Success,CID433305,Prime Plus,Banashankari,Mysore Road,119.0,100.0,Not Applicable,Not Applicable,No,Not Applicable,196,Cash,49,3.6,4.5
2024-07-19 20:40:00,CNR6713862132,Success,CID105991,Bike,Nagarbhavi,Rajarajeshwari Nagar,35.0,140.0,Not Applicable,Not Applicable,No,Not Applicable,304,Cash,15,4.0,3.2
2024-07-01 15:32:00,CNR1882154212,Success,CID956028,eBike,Peenya,Hennur,161.0,65.0,Not Applicable,Not Applicable,No,Not Applicable,464,Cash,41,4.4,4.5
2024-07-24 11:36:00,CNR5354369021,Success,CID538280,Mini,Frazer Town,Rajajinagar,133.0,75.0,Not Applicable,Not Applicable,No,Not Applicable,210,UPI,7,4.7,3.5
2024-07-25 02:14:00,CNR4066631480,Canceled by Driver,CID481280,Bike,Richmond Town,MG Road,,,Not Applicable,Customer related issue,Not Applicable,Not Applicable,482,Not Applicable,0,,
2024-07-18 22:44:00,CNR1981460412,Canceled by Driver,CID677992,Bike,Marathahalli,Padmanabhanagar,,,Not Applicable,Customer related issue,Not Applicable,Not Applicable,505,Not Applicable,0,,
2024-07-05 19:54:00,CNR1008526413,Success,CID322023,Prime SUV,Shivajinagar,Marathahalli,245.0,110.0,Not Applicable,Not Applicable,No,Not Applicable,369,Cash,11,4.6,4.1
2024-07-11 18:01:00,CNR4680224839,Driver Not Found,CID127137,Prime SUV,Nagarbhavi,Rajajinagar,,,Not Applicable,Not Applicable,Not Applicable,Not Applicable,170,Not Applicable,0,,
2024-07-16 20:22:00,CNR7870651355,Driver Not Found,CID449318,Bike,Ulsoor,Magadi Road,,,Not Applicable,Not Applicable,Not Applicable,Not Applicable,389,Not Applicable,0,,
2024-07-11 04:44:00,CNR1400407507,Canceled by Driver,CID808919,eBike,Shivajinagar,Electronic City,,,Not Applicable,More than permitted people in there,Not Applicable,Not Applicable,313,Not Applicable,0,,
2024-07-26 12:59:00,CNR1247639984,Canceled by Customer,CID837268,Prime Plus,Chamarajpet,Marathahalli,,,Change of plans,Not Applicable,Not Applicable,Not Applicable,702,Not Applicable,0,,
2024-07-01 08:44:00,CNR5875490630,Success,CID654254,Prime Sedan,Kadugodi,Kammanahalli,35.0,60.0,Not Applicable,Not Applicable,No,Not Applicable,389,Cash,5,3.5,4.7
2024-07-30 11:31:00,CNR5973769090,Success,CID953509,Mini,Shivajinagar,JP Nagar,154.0,85.0,Not Applicable,Not Applicable,No,Not Applicable,426,Cash,36,3.1,4.7
2024-07-06 21:18:00,CNR2533925558,Success,CID733569,eBike,Padmanabhanagar,Padmanabhanagar,287.0,115.0,Not Applicable,Not Applicable,No,Not Applicable,1678,UPI,14,3.9,3.5
2024-07-24 09:33:00,CNR3878488533,Driver Not Found,CID496598,eBike,Langford Town,Marathahalli,,,Not Applicable,Not Applicable,Not Applicable,Not Applicable,243,Not Applicable,0,,
2024-07-26 03:13:00,CNR2816099962,Success,CID493215,Prime Sedan,Shivajinagar,Padmanabhanagar,147.0,40.0,Not Applicable,Not Applicable,No,Not Applicable,429,Cash,21,5.0,3.5
2024-07-01 10:10:00,CNR4706287350,Success,CID452406,Auto,Yelahanka,Nagarbhavi,126.0,45.0,Not Applicable,Not Applicable,No,Not Applicable,470,Cash,19,3.3,4.3
2024-07-17 10:18:00,CNR8506592863,Success,CID567754,Mini,Frazer Town,Majestic,238.0,95.0,Not Applicable,Not Applicable,Yes,Vehicle Breakdown,289,Credit Card,30,3.5,3.0
2024-07-30 01:02:00,CNR6060406050,Success,CID891947,eBike,Sahakar Nagar,Yeshwanthpur,63.0,30.0,Not Applicable,Not Applicable,No,Not Applicable,256,UPI,18,4.4,3.2
2024-07-18 23:44:00,CNR7163006223,Success,CID513376,Mini,Malleshwaram,KR Puram,238.0,145.0,Not Applicable,Not Applicable,No,Not Applicable,1755,UPI,31,3.3,3.4
2024-07-11 02:41:00,CNR9951073860,Success,CID252944,Auto,Jayanagar,Frazer Town,126.0,100.0,Not Applicable,Not Applicable,No,Not Applicable,1670,UPI,11,3.6,4.4
2024-07-20 14:30:00,CNR7697818800,Success,CID135864,Mini,Bannerghatta Road,Devanahalli,189.0,80.0,Not Applicable,Not Applicable,No,Not Applicable,193,UPI,31,4.2,3.7
2024-07-07 10:36:00,CNR4528093504,Success,CID194133,Prime Plus,Varthur,Electronic City,63.0,90.0,Not Applicable,Not Applicable,No,Not Applicable,639,UPI,42,4.4,3.1
2024-07-12 21:59:00,CNR1015879654,Success,CID692710,eBike,Frazer Town,Hulimavu,189.0,115.0,Not Applicable,Not Applicable,Yes,Vehicle Breakdown,129,Cash,28,4.2,3.6
2024-07-15 15:04:00,CNR2976413964,Canceled by Customer,CID109757,Prime SUV,Kengeri,Rajarajeshwari Nagar,,,Wrong Address,Not Applicable,Not Applicable,Not Applicable,1698,Not Applicable,0,,
2024-07-28 05:11:00,CNR8626108460,Canceled by Customer,CID298715,eBike,Yeshwanthpur,Sarjapur Road,,,Driver is not moving towards pickup location,Not Applicable,Not Applicable,Not Applicable,307,Not Applicable,0,,
2024-07-09 02:04:00,CNR8383877669,Success,CID585782,Mini,Devanahalli,JP Nagar,126.0,95.0,Not Applicable,Not Applicable,No,Not Applicable,1215,UPI,12,4.8,3.4
2024-07-04 04:13:00,CNR5789512057,Canceled by Customer,CID809153,Bike,Malleshwaram,Frazer Town,,,Driver is not moving towards pickup location,Not Applicable,Not Applicable,Not Applicable,192,Not Applicable,0,,
2024-07-30 09:30:00,CNR5213378525,Success,CID383189,eBike,HSR Layout,Majestic,112.0,45.0,Not Applicable,Not Applicable,No,Not Applicable,244,Cash,26,3.3,3.6
2024-07-19 21:36:00,CNR9428576951,Canceled by Driver,CID386789,Prime SUV,Ulsoor,Indiranagar,,,Not Applicable,Customer was coughing/sick,Not Applicable,Not Applicable,586,Not Applicable,0,,
2024-07-15 04:55:00,CNR2562222401,Success,CID889884,Auto,Kadugodi,Varthur,294.0,140.0,Not Applicable,Not Applicable,No,Not Applicable,314,Cash,5,3.0,3.6
2024-07-27 07:27:00,CNR4165032108,Success,CID944383,Prime SUV,Sarjapur Road,Jayanagar,35.0,110.0,Not Applicable,Not Applicable,Yes,Vehicle Breakdown,178,Cash,32,3.1,4.4
2024-07-30 06:11:00,CNR2777266658,Success,CID476109,Prime SUV,Bellandur,Bellandur,266.0,95.0,Not Applicable,Not Applicable,No,Not Applicable,130,Cash,30,4.8,4.9
2024-07-04 07:57:00,CNR1496981933,Success,CID579931,Mini,Banashankari,Ramamurthy Nagar,224.0,85.0,Not Applicable,Not Applicable,No,Not Applicable,1527,UPI,38,3.5,4.8
2024-07-14 21:56:00,CNR5769068250,Driver Not Found,CID249243,Mini,Tumkur Road,Sarjapur Road,,,Not Applicable,Not Applicable,Not Applicable,Not Applicable,356,Not Applicable,0,,
2024-07-12 19:04:00,CNR6304630347,Success,CID199923,Prime Sedan,Langford Town,Hosur Road,84.0,130.0,Not Applicable,Not Applicable,No,Not Applicable,964,UPI,32,5.0,3.3
2024-07-14 00:34:00,CNR1571515475,Canceled by Customer,CID121707,Prime Sedan,Koramangala,Rajarajeshwari Nagar,,,Change of plans,Not Applicable,Not Applicable,Not Applicable,475,Not Applicable,0,,
2024-07-03 11:32:00,CNR5758069803,Success,CID186633,Prime Plus,Cox Town,Majestic,119.0,110.0,Not Applicable,Not Applicable,No,Not Applicable,304,Cash,12,4.7,4.0
2024-07-29 19:31:00,CNR7080714607,Success,CID702035,Mini,Rajajinagar,Shivajinagar,63.0,40.0,Not Applicable,Not Applicable,No,Not Applicable,383,Credit Card,42,4.5,4.7
2024-07-26 05:06:00,CNR2348203013,Success,CID200621,Auto,Peenya,Kengeri,119.0,125.0,Not Applicable,Not Applicable,No,Not Applicable,250,UPI,10,4.9,4.6
2024-07-25 22:32:00,CNR5826819190,Success,CID681738,eBike,BTM Layout,MG Road,259.0,105.0,Not Applicable,Not Applicable,No,Not Applicable,162,Cash,40,3.2,4.3
2024-07-29 07:46:00,CNR9246918750,Success,CID712446,Mini,Sahakar Nagar,Kammanahalli,63.0,45.0,Not Applicable,Not Applicable,No,Not Applicable,177,UPI,25,4.5,4.9
2024-07-06 02:09:00,CNR4019250598,Driver Not Found,CID802477,Prime Plus,Langford Town,Hennur,,,Not Applicable,Not Applicable,Not Applicable,Not Applicable,2886,Not Applicable,0,,
2024-07-23 08:30:00,CNR4175572246,Success,CID841678,Prime SUV,Mysore Road,Bannerghatta Road,56.0,130.0,Not Applicable,Not Applicable,No,Not Applicable,927,UPI,33,3.8,4.8
2024-07-26 12:17:00,CNR9283920708,Canceled by Driver,CID809802,eBike,Nagarbhavi,Sahakar Nagar,,,Not Applicable,Customer was coughing/sick,Not Applicable,Not Applicable,306,Not Applicable,0,,
2024-07-11 13:49:00,CNR2136935633,Success,CID605800,Bike,BTM Layout,Devanahalli,91.0,40.0,Not Applicable,Not Applicable,No,Not Applicable,150,Cash,18,4.1,4.1
2024-07-26 11:42:00,CNR4648257168,Canceled by Driver,CID920607,Prime Sedan,Rajarajeshwari Nagar,Padmanabhanagar,,,Not Applicable,Customer related issue,Not Applicable,Not Applicable,335,Not Applicable,0,,
2024-07-01 15:39:00,CNR2821044984,Canceled by Driver,CID258780,eBike,Basavanagudi,Padmanabhanagar,,,Not Applicable,Customer related issue,Not Applicable,Not Applicable,884,Not Applicable,0,,
2024-07-03 17:20:00,CNR8165747902,Success,CID556038,Prime Sedan,MG Road,BTM Layout,91.0,70.0,Not Applicable,Not Applicable,No,Not Applicable,147,Cash,5,4.4,5.0
2024-07-17 04:37:00,CNR3806900015,Success,CID409205,Bike,Basavanagudi,Banashankari,266.0,45.0,Not Applicable,Not Applicable,No,Not Applicable,320,Cash,48,3.8,4.6
2024-07-05 19:13:00,CNR4534465106,Canceled by Customer,CID823845,Bike,Vijayanagar,Vijayanagar,,,AC is Not working,Not Applicable,Not Applicable,Not Applicable,471,Not Applicable,0,,
2024-07-14 20:18:00,CNR3308762832,Success,CID756412,Prime Plus,Koramangala,Marathahalli,189.0,100.0,Not Applicable,Not Applicable,No,Not Applicable,949,Cash,25,4.0,4.4
2024-07-26 02:47:00,CNR7603687859,Success,CID675413,Auto,Koramangala,Mysore Road,133.0,40.0,Not Applicable,Not Applicable,No,Not Applicable,368,UPI,1,4.7,3.4
2024-07-06 05:55:00,CNR4766360681,Driver Not Found,CID399403,eBike,Rajajinagar,Langford Town,,,Not Applicable,Not Applicable,Not Applicable,Not Applicable,487,Not Applicable,0,,
2024-07-06 09:25:00,CNR6204690320,Canceled by Customer,CID271399,Mini,Langford Town,RT Nagar,,,Driver asked to cancel,Not Applicable,Not Applicable,Not Applicable,452,Not Applicable,0,,
2024-07-03 19:02:00,CNR3629019916,Success,CID140615,Auto,HSR Layout,Devanahalli,196.0,70.0,Not Applicable,Not Applicable,No,Not Applicable,237,Cash,18,3.0,4.9
2024-07-10 22:31:00,CNR7603283637,Canceled by Driver,CID404039,Mini,Langford Town,Sarjapur Road,,,Not Applicable,Personal & Car related issue,Not Applicable,Not Applicable,412,Not Applicable,0,,
2024-07-13 07:22:00,CNR1005776442,Success,CID741101,Prime Sedan,Peenya,Hosur Road,119.0,40.0,Not Applicable,Not Applicable,No,Not Applicable,2620,UPI,9,3.8,4.3
2024-07-15 16:28:00,CNR2265566199,Driver Not Found,CID566419,Bike,Ulsoor,Shantinagar,,,Not Applicable,Not Applicable,Not Applicable,Not Applicable,1908,Not Applicable,0,,
2024-07-25 18:08:00,CNR4925229687,Success,CID634228,eBike,Sarjapur Road,Varthur,273.0,135.0,Not Applicable,Not Applicable,No,Not Applicable,274,Credit Card,36,3.7,4.1
2024-07-04 13:00:00,CNR3087575548,Success,CID481599,Bike,Frazer Town,Ramamurthy Nagar,98.0,145.0,Not Applicable,Not Applicable,No,Not Applicable,175,UPI,3,4.8,4.2
2024-07-24 05:52:00,CNR7897293666,Success,CID596510,eBike,Richmond Town,Rajarajeshwari Nagar,161.0,65.0,Not Applicable,Not Applicable,Yes,Customer Demand,331,Cash,8,3.0,4.5
2024-07-02 18:10:00,CNR6605591762,Success,CID141701,Auto,Ulsoor,RT Nagar,301.0,80.0,Not Applicable,Not Applicable,No,Not Applicable,489,UPI,17,4.0,4.9
2024-07-01 10:18:00,CNR5386402252,Success,CID456949,Prime Plus,Yelahanka,Marathahalli,175.0,115.0,Not Applicable,Not Applicable,No,Not Applicable,862,UPI,43,3.3,3.0
2024-07-21 12:06:00,CNR1487206985,Canceled by Customer,CID451881,Prime SUV,Banashankari,Langford Town,,,Driver asked to cancel,Not Applicable,Not Applicable,Not Applicable,141,Not Applicable,0,,
2024-07-02 05:43:00,CNR9392502902,Success,CID970588,Bike,Bannerghatta Road,Chickpet,266.0,110.0,Not Applicable,Not Applicable,No,Not Applicable,346,Cash,35,3.3,3.9
2024-07-21 21:34:00,CNR6036971855,Canceled by Customer,CID812219,Prime Sedan,Richmond Town,Marathahalli,,,Driver asked to cancel,Not Applicable,Not Applicable,Not Applicable,222,Not Applicable,0,,
2024-07-30 07:01:00,CNR4414954078,Canceled by Customer,CID673549,Prime SUV,Banashankari,HSR Layout,,,Driver is not moving towards pickup location,Not Applicable,Not Applicable,Not Applicable,302,Not Applicable,0,,
2024-07-01 21:00:00,CNR2130861361,Success,CID855188,Auto,Cox Town,Sarjapur Road,301.0,75.0,Not Applicable,Not Applicable,No,Not Applicable,165,UPI,15,4.3,4.7
2024-07-21 01:01:00,CNR3133490813,Canceled by Customer,CID198678,Prime Sedan,Shivajinagar,Electronic City,,,Driver asked to cancel,Not Applicable,Not Applicable,Not Applicable,213,Not Applicable,0,,
2024-07-09 19:27:00,CNR8512620815,Success,CID575160,Prime Plus,Hennur,Tumkur Road,147.0,105.0,Not Applicable,Not Applicable,Yes,Vehicle Breakdown,846,UPI,4,4.4,3.4
2024-07-22 14:14:00,CNR6542568769,Success,CID232503,Prime Sedan,Vijayanagar,Cox Town,70.0,60.0,Not Applicable,Not Applicable,No,Not Applicable,491,Cash,37,4.9,3.2
2024-07-17 14:02:00,CNR8747931096,Canceled by Customer,CID149681,Prime Plus,Magadi Road,Banashankari,,,Driver is not moving towards pickup location,Not Applicable,Not Applicable,Not Applicable,262,Not Applicable,0,,
2024-07-15 14:42:00,CNR2788015815,Success,CID691669,Bike,Kadugodi,Magadi Road,189.0,135.0,Not Applicable,Not Applicable,No,Not Applicable,914,Cash,24,3.3,4.4
2024-07-01 21:33:00,CNR2103048146,Success,CID847247,Mini,Malleshwaram,Frazer Town,196.0,135.0,Not Applicable,Not Applicable,No,Not Applicable,443,Cash,30,3.5,3.8
2024-07-15 10:13:00,CNR8752778589,Canceled by Driver,CID816409,Prime SUV,Peenya,Hebbal,,,Not Applicable,Customer was coughing/sick,Not Applicable,Not Applicable,113,Not Applicable,0,,
2024-07-14 11:22:00,CNR9696376515,Success,CID686517,Auto,Mysore Road,JP Nagar,140.0,95.0,Not Applicable,Not Applicable,No,Not Applicable,251,Cash,10,4.3,4.7
2024-07-19 05:16:00,CNR1361837575,Canceled by Customer,CID551573,Mini,Sarjapur Road,HSR Layout,,,Change of plans,Not Applicable,Not Applicable,Not Applicable,318,Not Applicable,0,,
2024-07-16 21:34:00,CNR2694169748,Success,CID459705,Prime Sedan,Banashankari,Yelahanka,91.0,45.0,Not Applicable,Not Applicable,No,Not Applicable,1086,UPI,49,4.5,4.9
2024-07-03 10:21:00,CNR1172924332,Success,CID655146,Prime Sedan,Vijayanagar,HSR Layout,308.0,140.0,Not Applicable,Not Applicable,No,Not Applicable,1440,Cash,4,3.2,3.2
2024-07-28 00:31:00,CNR6501687180,Success,CID755751,Auto,Tumkur Road,HSR Layout,245.0,130.0,Not Applicable,Not Applicable,No,Not Applicable,149,Cash,18,3.8,3.4
2024-07-23 10:05:00,CNR8687967595,Driver Not Found,CID559069,Bike,Tumkur Road,Marathahalli,,,Not Applicable,Not Applicable,Not Applicable,Not Applicable,262,Not Applicable,0,,
2024-07-21 18:47:00,CNR8819474024,Success,CID602186,eBike,Hebbal,Hebbal,84.0,85.0,Not Applicable,Not Applicable,No,Not Applicable,608,Cash,6,3.3,3.4
2024-07-08 17:31:00,CNR4029413558,Canceled by Driver,CID897703,Mini,Bannerghatta Road,Hulimavu,,,Not Applicable,Customer related issue,Not Applicable,Not Applicable,472,Not Applicable,0,,
2024-07-03 20:39:00,CNR8656571190,Success,CID292601,Prime Sedan,HSR Layout,Bannerghatta Road,203.0,130.0,Not Applicable,Not Applicable,No,Not Applicable,438,Cash,7,4.5,4.7
2024-07-06 05:03:00,CNR2897327154,Canceled by Driver,CID825115,Prime SUV,RT Nagar,Ramamurthy Nagar,,,Not Applicable,Personal & Car related issue,Not Applicable,Not Applicable,461,Not Applicable,0,,
2024-07-19 19:26:00,CNR9412362495,Canceled by Customer,CID453127,eBike,Rajarajeshwari Nagar,Devanahalli,,,Change of plans,Not Applicable,Not Applicable,Not Applicable,685,Not Applicable,0,,
2024-07-16 20:44:00,CNR9559606339,Success,CID261373,Prime Plus,Hulimavu,Magadi Road,56.0,50.0,Not Applicable,Not Applicable,No,Not Applicable,289,UPI,41,3.4,4.5
2024-07-05 01:30:00,CNR5261233484,Success,CID113621,Auto,Richmond Town,Hennur,56.0,100.0,Not Applicable,Not Applicable,No,Not Applicable,190,UPI,19,4.4,3.5
2024-07-15 04:07:00,CNR1158239945,Canceled by Customer,CID145209,Prime Sedan,HSR Layout,Chamarajpet,,,Change of plans,Not Applicable,Not Applicable,Not Applicable,517,Not Applicable,0,,
2024-07-26 00:04:00,CNR8899595471,Canceled by Customer,CID271305,Auto,Basavanagudi,Shantinagar,,,Driver is not moving towards pickup location,Not Applicable,Not Applicable,Not Applicable,505,Not Applicable,0,,
2024-07-21 14:53:00,CNR9827172893,Canceled by Customer,CID383751,eBike,Hulimavu,Whitefield,,,Change of plans,Not Applicable,Not Applicable,Not Applicable,659,Not Applicable,0,,
2024-07-30 13:40:00,CNR1183030340,Canceled by Driver,CID407970,Bike,Hennur,Hulimavu,,,Not Applicable,Customer related issue,Not Applicable,Not Applicable,149,Not Applicable,0,,
2024-07-18 19:32:00,CNR3758237122,Success,CID676813,Mini,Marathahalli,Langford Town,42.0,70.0,Not Applicable,Not Applicable,No,Not Applicable,897,UPI,28,5.0,3.2
2024-07-22 21:02:00,CNR4433279121,Success,CID574621,eBike,HSR Layout,Whitefield,161.0,125.0,Not Applicable,Not Applicable,No,Not Applicable,2649,UPI,8,3.6,4.1
2024-07-11 19:45:00,CNR9928958514,Canceled by Customer,CID530443,Prime Sedan,Sahakar Nagar,Majestic,,,Wrong Address,Not Applicable,Not Applicable,Not Applicable,270,Not Applicable,0,,
2024-07-15 12:32:00,CNR2266926129,Success,CID870483,Prime Sedan,Hosur Road,Bannerghatta Road,210.0,140.0,Not Applicable,Not Applicable,No,Not Applicable,263,Cash,47,3.1,4.0
2024-07-14 20:58:00,CNR7686358435,Success,CID399477,Prime Sedan,Vijayanagar,Shantinagar,42.0,130.0,Not Applicable,Not Applicable,Yes,Vehicle Breakdown,632,Cash,21,3.1,4.3
2024-07-27 02:50:00,CNR4681773601,Driver Not Found,CID803918,Prime Sedan,Jayanagar,Malleshwaram,,,Not Applicable,Not Applicable,Not Applicable,Not Applicable,458,Not Applicable,0,,
2024-07-20 12:01:00,CNR8194876610,Success,CID672025,eBike,Frazer Town,Indiranagar,287.0,95.0,Not Applicable,Not Applicable,Yes,Customer Demand,104,Cash,30,3.4,3.7
2024-07-06 05:53:00,CNR9283054203,Success,CID331021,Auto,Bellandur,Shivajinagar,105.0,45.0,Not Applicable,Not Applicable,No,Not Applicable,125,Cash,18,3.4,3.4
2024-07-30 01:46:00,CNR7756278175,Success,CID185302,Prime Sedan,Malleshwaram,Whitefield,133.0,120.0,Not Applicable,Not Applicable,No,Not Applicable,233,Cash,4,3.6,4.2
2024-07-02 06:27:00,CNR1785853037,Driver Not Found,CID279585,Prime SUV,Bellandur,Nagarbhavi,,,Not Applicable,Not Applicable,Not Applicable,Not Applicable,922,Not Applicable,0,,
2024-07-24 01:05:00,CNR2847885536,Success,CID651995,eBike,Varthur,Hosur Road,280.0,50.0,Not Applicable,Not Applicable,No,Not Applicable,380,Cash,42,4.6,3.6
2024-07-04 02:49:00,CNR1053943514,Success,CID460894,Auto,Yeshwanthpur,Mysore Road,238.0,35.0,Not Applicable,Not Applicable,No,Not Applicable,218,Cash,10,4.9,3.6
2024-07-16 04:20:00,CNR8253036796,Success,CID674213,Bike,Bannerghatta Road,Hulimavu,168.0,30.0,Not Applicable,Not Applicable,No,Not Applicable,278,UPI,28,3.4,4.5
2024-07-24 10:52:00,CNR5747219870,Canceled by Driver,CID152186,Prime Sedan,Hosur Road,Sahakar Nagar,,,Not Applicable,Personal & Car related issue,Not Applicable,Not Applicable,828,Not Applicable,0,,
2024-07-19 17:41:00,CNR5497216579,Success,CID303842,Bike,Chamarajpet,Richmond Town,147.0,30.0,Not Applicable,Not Applicable,No,Not Applicable,558,UPI,37,4.3,4.5
2024-07-29 06:58:00,CNR6450989183,Success,CID297470,Prime Sedan,Whitefield,Indiranagar,231.0,120.0,Not Applicable,Not Applicable,No,Not Applicable,340,Credit Card,48,4.9,4.8
2024-07-16 03:45:00,CNR1332879386,Success,CID602800,Prime SUV,Banashankari,Basavanagudi,35.0,125.0,Not Applicable,Not Applicable,No,Not Applicable,229,Cash,8,4.0,3.7
2024-07-14 21:13:00,CNR9506915994,Canceled by Driver,CID158010,Prime Sedan,Vijayanagar,Kammanahalli,,,Not Applicable,Customer related issue,Not Applicable,Not Applicable,267,Not Applicable,0,,
2024-07-25 14:49:00,CNR2576136584,Driver Not Found,CID363842,Auto,Kammanahalli,Koramangala,,,Not Applicable,Not Applicable,Not Applicable,Not Applicable,465,Not Applicable,0,,
2024-07-10 13:18:00,CNR7421819680,Canceled by Driver,CID412020,Prime Sedan,Kammanahalli,Ramamurthy Nagar,,,Not Applicable,Customer was coughing/sick,Not Applicable,Not Applicable,430,Not Applicable,0,,
2024-07-02 07:53:00,CNR3238771546,Driver Not Found,CID313621,Mini,Koramangala,Jayanagar,,,Not Applicable,Not Applicable,Not Applicable,Not Applicable,2088,Not Applicable,0,,
2024-07-10 00:23:00,CNR2826764829,Canceled by Driver,CID210151,eBike,Shantinagar,Kadugodi,,,Not Applicable,More than permitted people in there,Not Applicable,Not Applicable,419,Not Applicable,0,,
2024-07-17 21:44:00,CNR9918508934,Canceled by Driver,CID906362,Prime Sedan,Langford Town,HSR Layout,,,Not Applicable,Customer was coughing/sick,Not Applicable,Not Applicable,381,Not Applicable,0,,
2024-07-07 10:03:00,CNR1796784227,Success,CID935699,Prime SUV,Ulsoor,Hebbal,147.0,100.0,Not Applicable,Not Applicable,No,Not Applicable,310,UPI,46,4.8,5.0
2024-07-25 13:50:00,CNR6002920682,Success,CID656587,Auto,Kadugodi,JP Nagar,217.0,115.0,Not Applicable,Not Applicable,No,Not Applicable,1169,UPI,16,4.6,4.6
2024-07-08 08:55:00,CNR7943510180,Success,CID228250,eBike,Shivajinagar,Ramamurthy Nagar,308.0,120.0,Not Applicable,Not Applicable,No,Not Applicable,144,Cash,37,3.5,5.0
2024-07-18 23:01:00,CNR2802967068,Canceled by Customer,CID306781,Mini,Devanahalli,Vijayanagar,,,Driver is not moving towards pickup location,Not Applicable,Not Applicable,Not Applicable,242,Not Applicable,0,,
2024-07-18 20:46:00,CNR7800052012,Canceled by Customer,CID841189,Prime SUV,Hulimavu,Magadi Road,,,Change of plans,Not Applicable,Not Applicable,Not Applicable,186,Not Applicable,0,,
2024-07-26 05:20:00,CNR6738633657,Driver Not Found,CID572607,Prime Plus,Chickpet,Devanahalli,,,Not Applicable,Not Applicable,Not Applicable,Not Applicable,960,Not Applicable,0,,
2024-07-28 22:39:00,CNR2198032218,Canceled by Driver,CID623073,Auto,Basavanagudi,Basavanagudi,,,Not Applicable,Customer was coughing/sick,Not Applicable,Not Applicable,110,Not Applicable,0,,
2024-07-25 00:12:00,CNR2539685657,Success,CID746239,Prime SUV,Rajajinagar,Koramangala,287.0,85.0,Not Applicable,Not Applicable,No,Not Applicable,2156,Cash,33,4.9,4.5
2024-07-23 13:05:00,CNR7998660465,Success,CID125837,Auto,JP Nagar,Kengeri,91.0,65.0,Not Applicable,Not Applicable,No,Not Applicable,976,UPI,9,3.4,4.7
2024-07-08 11:37:00,CNR5225820828,Canceled by Customer,CID872148,Prime Sedan,Electronic City,Malleshwaram,,,Driver asked to cancel,Not Applicable,Not Applicable,Not Applicable,625,Not Applicable,0,,
2024-07-04 16:17:00,CNR6345570097,Driver Not Found,CID278052,Prime SUV,BTM Layout,Padmanabhanagar,,,Not Applicable,Not Applicable,Not Applicable,Not Applicable,463,Not Applicable,0,,
2024-07-05 08:22:00,CNR8711581287,Canceled by Driver,CID167231,Auto,Ramamurthy Nagar,JP Nagar,,,Not Applicable,Personal & Car related issue,Not Applicable,Not Applicable,125,Not Applicable,0,,
2024-07-21 06:29:00,CNR5823341883,Driver Not Found,CID800738,Prime Sedan,Yeshwanthpur,Tumkur Road,,,Not Applicable,Not Applicable,Not Applicable,Not Applicable,661,Not Applicable,0,,
2024-07-28 04:55:00,CNR9775996233,Success,CID902703,eBike,Sahakar Nagar,Shantinagar,287.0,45.0,Not Applicable,Not Applicable,No,Not Applicable,225,Credit Card,47,3.3,4.9
2024-07-19 09:32:00,CNR2470012739,Success,CID547883,Auto,Kengeri,Banashankari,49.0,115.0,Not Applicable,Not Applicable,No,Not Applicable,2686,Cash,8,3.6,3.7
2024-07-17 03:24:00,CNR3037499369,Canceled by Driver,CID548645,eBike,RT Nagar,BTM Layout,,,Not Applicable,Customer was coughing/sick,Not Applicable,Not Applicable,106,Not Applicable,0,,
2024-07-07 05:51:00,CNR3031755862,Success,CID632467,Auto,Malleshwaram,BTM Layout,119.0,50.0,Not Applicable,Not Applicable,No,Not Applicable,265,UPI,9,4.6,4.2
2024-07-26 16:30:00,CNR9497056118,Success,CID389436,Prime Sedan,Nagarbhavi,Rajarajeshwari Nagar,35.0,105.0,Not Applicable,Not Applicable,No,Not Applicable,760,Cash,13,3.1,3.1
2024-07-22 17:39:00,CNR5271799992,Canceled by Driver,CID675384,Prime SUV,Ulsoor,Shivajinagar,,,Not Applicable,More than permitted people in there,Not Applicable,Not Applicable,259,Not Applicable,0,,
2024-07-24 11:21:00,CNR2972188261,Canceled by Driver,CID238424,Bike,Nagarbhavi,Peenya,,,Not Applicable,More than permitted people in there,Not Applicable,Not Applicable,859,Not Applicable,0,,
2024-07-20 02:00:00,CNR5044682745,Canceled by Customer,CID860351,Bike,Rajajinagar,Whitefield,,,AC is Not working,Not Applicable,Not Applicable,Not Applicable,403,Not Applicable,0,,
2024-07-26 03:56:00,CNR2315180805,Canceled by Driver,CID110302,Prime Sedan,Banashankari,Whitefield,,,Not Applicable,Customer related issue,Not Applicable,Not Applicable,136,Not Applicable,0,,
2024-07-11 18:59:00,CNR3497031395,Canceled by Driver,CID373952,Bike,Varthur,Shantinagar,,,Not Applicable,More than permitted people in there,Not Applicable,Not Applicable,451,Not Applicable,0,,
2024-07-14 04:15:00,CNR5412958763,Canceled by Driver,CID914644,Prime Plus,Majestic,Hosur Road,,,Not Applicable,Customer was coughing/sick,Not Applicable,Not Applicable,278,Not Applicable,0,,
2024-07-06 20:40:00,CNR1302077245,Success,CID238731,eBike,Electronic City,Magadi Road,147.0,45.0,Not Applicable,Not Applicable,No,Not Applicable,316,Cash,19,3.0,3.1
2024-07-30 15:12:00,CNR8816564862,Success,CID352309,Mini,Frazer Town,Shivajinagar,91.0,95.0,Not Applicable,Not Applicable,No,Not Applicable,334,Cash,44,4.5,4.6
2024-07-03 20:45:00,CNR1653200635,Canceled by Driver,CID430312,eBike,MG Road,Devanahalli,,,Not Applicable,Customer was coughing/sick,Not Applicable,Not Applicable,119,Not Applicable,0,,
2024-07-07 03:04:00,CNR3316554679,Success,CID360938,Prime Plus,Vijayanagar,Richmond Town,266.0,90.0,Not Applicable,Not Applicable,No,Not Applicable,692,Cash,42,4.8,3.1
2024-07-23 20:31:00,CNR8459799339,Success,CID398061,Mini,Chickpet,MG Road,42.0,85.0,Not Applicable,Not Applicable,No,Not Applicable,169,Cash,32,4.6,3.8
2024-07-14 17:52:00,CNR4569973464,Success,CID235604,eBike,Jayanagar,Hebbal,77.0,120.0,Not Applicable,Not Applicable,No,Not Applicable,165,Cash,21,3.5,4.9
2024-07-19 03:03:00,CNR9650013134,Canceled by Customer,CID370583,Bike,Jayanagar,Frazer Town,,,Driver is not moving towards pickup location,Not Applicable,Not Applicable,Not Applicable,331,Not Applicable,0,,
2024-07-18 17:47:00,CNR6513895745,Success,CID138513,Auto,Banashankari,Sarjapur Road,84.0,40.0,Not Applicable,Not Applicable,No,Not Applicable,330,Cash,15,4.5,4.4
2024-07-06 08:00:00,CNR7951297375,Driver Not Found,CID911682,Auto,Hennur,Kammanahalli,,,Not Applicable,Not Applicable,Not Applicable,Not Applicable,451,Not Applicable,0,,
2024-07-08 08:54:00,CNR7405392338,Success,CID174451,eBike,Langford Town,Tumkur Road,210.0,40.0,Not Applicable,Not Applicable,No,Not Applicable,118,UPI,44,3.7,4.0
2024-07-28 13:32:00,CNR1581598696,Success,CID345413,Prime Plus,Bannerghatta Road,Malleshwaram,126.0,50.0,Not Applicable,Not Applicable,No,Not Applicable,129,Cash,16,3.4,3.9
2024-07-11 11:34:00,CNR3931699438,Success,CID349125,Prime Plus,Chickpet,Yeshwanthpur,56.0,65.0,Not Applicable,Not Applicable,No,Not Applicable,445,Cash,14,3.3,4.8
2024-07-24 06:38:00,CNR8305743844,Driver Not Found,CID805472,Prime SUV,Banashankari,MG Road,,,Not Applicable,Not Applicable,Not Applicable,Not Applicable,388,Not Applicable,0,,
2024-07-05 04:47:00,CNR6062828906,Driver Not Found,CID911524,Auto,Frazer Town,Bellandur,,,Not Applicable,Not Applicable,Not Applicable,Not Applicable,305,Not Applicable,0,,
2024-07-14 11:30:00,CNR7329085561,Success,CID114489,Prime Sedan,Mysore Road,Frazer Town,98.0,45.0,Not Applicable,Not Applicable,No,Not Applicable,1424,Cash,18,3.5,4.6
2024-07-05 19:24:00,CNR4023892671,Success,CID829797,Bike,Magadi Road,Mysore Road,49.0,60.0,Not Applicable,Not Applicable,No,Not Applicable,312,UPI,45,3.0,3.2
2024-07-28 17:59:00,CNR6349445280,Success,CID104818,Auto,Kengeri,Majestic,245.0,105.0,Not Applicable,Not Applicable,No,Not Applicable,1807,Cash,11,4.3,4.3
2024-07-19 06:06:00,CNR4399017071,Success,CID894822,Prime Plus,KR Puram,BTM Layout,210.0,145.0,Not Applicable,Not Applicable,No,Not Applicable,458,Cash,46,3.4,4.9
2024-07-30 03:20:00,CNR4866219529,Success,CID135909,Prime Sedan,Ramamurthy Nagar,Kengeri,210.0,65.0,Not Applicable,Not Applicable,No,Not Applicable,406,Cash,29,3.1,4.6
2024-07-20 17:22:00,CNR5034058676,Canceled by Driver,CID902507,Auto,Mysore Road,Banashankari,,,Not Applicable,Customer related issue,Not Applicable,Not Applicable,112,Not Applicable,0,,
2024-07-11 11:13:00,CNR4307966147,Success,CID545336,Prime Sedan,Richmond Town,Koramangala,112.0,135.0,Not Applicable,Not Applicable,No,Not Applicable,328,Cash,13,3.9,3.2
2024-07-29 05:37:00,CNR8518320790,Success,CID778605,Prime SUV,Yelahanka,Kadugodi,238.0,45.0,Not Applicable,Not Applicable,No,Not Applicable,112,Cash,8,3.9,3.4
2024-07-24 15:07:00,CNR8527978699,Success,CID709227,Prime Sedan,Rajarajeshwari Nagar,Jayanagar,105.0,90.0,Not Applicable,Not Applicable,No,Not Applicable,493,UPI,36,4.4,3.9
2024-07-13 15:13:00,CNR4376505535,Success,CID500704,Prime Plus,Yeshwanthpur,Whitefield,175.0,30.0,Not Applicable,Not Applicable,No,Not Applicable,392,Cash,44,3.2,4.7
2024-07-30 11:18:00,CNR5271708552,Success,CID873950,eBike,HSR Layout,Banashankari,140.0,110.0,Not Applicable,Not Applicable,No,Not Applicable,2094,Cash,14,4.5,3.8
2024-07-15 18:51:00,CNR6491844257,Canceled by Customer,CID687122,Auto,Bellandur,Bellandur,,,Driver asked to cancel,Not Applicable,Not Applicable,Not Applicable,524,Not Applicable,0,,
2024-07-13 12:37:00,CNR9018916101,Success,CID435582,Prime Plus,Tumkur Road,Kadugodi,119.0,25.0,Not Applicable,Not Applicable,No,Not Applicable,118,Cash,39,4.1,3.8
2024-07-22 01:49:00,CNR7663456597,Success,CID207663,Prime Sedan,Sarjapur Road,Cox Town,287.0,95.0,Not Applicable,Not Applicable,No,Not Applicable,396,Cash,18,3.2,3.8
2024-07-26 16:22:00,CNR6128807783,Canceled by Customer,CID994127,Prime Sedan,Kengeri,Richmond Town,,,Driver asked to cancel,Not Applicable,Not Applicable,Not Applicable,434,Not Applicable,0,,
2024-07-11 16:50:00,CNR2705435683,Success,CID958099,Bike,Richmond Town,Ramamurthy Nagar,196.0,95.0,Not Applicable,Not Applicable,No,Not Applicable,262,Cash,35,3.1,4.1
2024-07-16 11:04:00,CNR3274686129,Canceled by Customer,CID925272,Prime Plus,Hebbal,Rajarajeshwari Nagar,,,Driver asked to cancel,Not Applicable,Not Applicable,Not Applicable,410,Not Applicable,0,,
2024-07-19 04:24:00,CNR5213009591,Canceled by Customer,CID882613,Bike,Richmond Town,Richmond Town,,,AC is Not working,Not Applicable,Not Applicable,Not Applicable,446,Not Applicable,0,,
2024-07-11 16:33:00,CNR9870586614,Success,CID949086,Auto,Hebbal,JP Nagar,266.0,90.0,Not Applicable,Not Applicable,No,Not Applicable,916,Cash,14,4.2,3.2
2024-07-01 18:09:00,CNR3547270809,Success,CID524982,Prime Plus,Padmanabhanagar,Ramamurthy Nagar,259.0,65.0,Not Applicable,Not Applicable,No,Not Applicable,717,UPI,3,4.5,3.4
2024-07-05 01:40:00,CNR2518067749,Success,CID451315,Prime Sedan,Yeshwanthpur,Shivajinagar,49.0,50.0,Not Applicable,Not Applicable,No,Not Applicable,422,Cash,49,4.4,3.3
2024-07-29 15:55:00,CNR3696459477,Driver Not Found,CID808562,Mini,Sarjapur Road,MG Road,,,Not Applicable,Not Applicable,Not Applicable,Not Applicable,782,Not Applicable,0,,
2024-07-14 23:26:00,CNR9019673358,Canceled by Customer,CID872344,Auto,Indiranagar,Koramangala,,,Driver asked to cancel,Not Applicable,Not Applicable,Not Applicable,372,Not Applicable,0,,
2024-07-16 03:26:00,CNR7827198078,Success,CID994155,Mini,Mysore Road,Peenya,203.0,85.0,Not Applicable,Not Applicable,Yes,Vehicle Breakdown,114,UPI,9,4.0,4.1
2024-07-16 02:56:00,CNR1284370813,Success,CID961100,Mini,RT Nagar,Hebbal,49.0,115.0,Not Applicable,Not Applicable,No,Not Applicable,589,Cash,38,4.7,4.1
2024-07-13 19:47:00,CNR8168915338,Canceled by Customer,CID261315,Auto,Yeshwanthpur,Devanahalli,,,Change of plans,Not Applicable,Not Applicable,Not Applicable,266,Not Applicable,0,,
2024-07-20 15:55:00,CNR6097259810,Success,CID835582,Prime Plus,Banashankari,Tumkur Road,161.0,70.0,Not Applicable,Not Applicable,No,Not Applicable,409,Cash,39,4.8,3.8
2024-07-12 03:54:00,CNR5087854001,Driver Not Found,CID614923,Mini,Mysore Road,Rajarajeshwari Nagar,,,Not Applicable,Not Applicable,Not Applicable,Not Applicable,340,Not Applicable,0,,
2024-07-24 08:18:00,CNR4135651801,Canceled by Customer,CID641360,Prime Sedan,Sahakar Nagar,Hennur,,,Driver asked to cancel,Not Applicable,Not Applicable,Not Applicable,265,Not Applicable,0,,
2024-07-30 14:24:00,CNR5032771458,Success,CID422220,Prime Plus,Ramamurthy Nagar,Yeshwanthpur,175.0,135.0,Not Applicable,Not Applicable,No,Not Applicable,447,UPI,32,4.1,3.6
2024-07-03 15:16:00,CNR6935197031,Success,CID654679,Mini,Hosur Road,HSR Layout,126.0,95.0,Not Applicable,Not Applicable,No,Not Applicable,897,Cash,37,3.9,4.4
2024-07-21 16:02:00,CNR2537751656,Success,CID400203,Auto,Magadi Road,Malleshwaram,280.0,105.0,Not Applicable,Not Applicable,No,Not Applicable,338,UPI,3,4.5,4.2
2024-07-06 01:07:00,CNR3112579923,Success,CID964697,Bike,JP Nagar,RT Nagar,203.0,90.0,Not Applicable,Not Applicable,No,Not Applicable,923,Cash,9,3.8,4.0
2024-07-06 04:48:00,CNR8349278874,Driver Not Found,CID219074,Bike,Yeshwanthpur,Bannerghatta Road,,,Not Applicable,Not Applicable,Not Applicable,Not Applicable,490,Not Applicable,0,,
2024-07-21 01:06:00,CNR7379928327,Success,CID223608,Prime Plus,Langford Town,Marathahalli,98.0,100.0,Not Applicable,Not Applicable,No,Not Applicable,2707,UPI,31,3.8,4.8
2024-07-01 20:00:00,CNR3139389796,Canceled by Driver,CID211578,Prime Plus,Marathahalli,Whitefield,,,Not Applicable,Customer related issue,Not Applicable,Not Applicable,482,Not Applicable,0,,
2024-07-06 15:14:00,CNR6728917895,Driver Not Found,CID357914,Bike,RT Nagar,Shivajinagar,,,Not Applicable,Not Applicable,Not Applicable,Not Applicable,1414,Not Applicable,0,,
2024-07-08 13:56:00,CNR8907962323,Success,CID116124,Auto,Vijayanagar,Hosur Road,210.0,35.0,Not Applicable,Not Applicable,No,Not Applicable,2738,UPI,5,4.4,3.8
2024-07-02 16:20:00,CNR8897236000,Success,CID152407,Auto,Shantinagar,Frazer Town,259.0,125.0,Not Applicable,Not Applicable,No,Not Applicable,495,Cash,11,3.1,3.5
2024-07-21 19:01:00,CNR2900012802,Success,CID712023,Bike,Bellandur,Yeshwanthpur,105.0,25.0,Not Applicable,Not Applicable,No,Not Applicable,352,Cash,7,4.9,3.2
2024-07-10 17:36:00,CNR6002028361,Canceled by Customer,CID259415,eBike,Whitefield,Yeshwanthpur,,,Driver asked to cancel,Not Applicable,Not Applicable,Not Applicable,149,Not Applicable,0,,
2024-07-22 09:43:00,CNR5099299346,Success,CID476693,Prime Sedan,Kadugodi,Ramamurthy Nagar,63.0,45.0,Not Applicable,Not Applicable,No,Not Applicable,683,Cash,17,3.0,4.6
2024-07-06 05:54:00,CNR1197441992,Success,CID444728,Bike,Indiranagar,BTM Layout,280.0,30.0,Not Applicable,Not Applicable,No,Not Applicable,374,Cash,32,4.4,3.4
2024-07-10 06:48:00,CNR8488758918,Success,CID199643,Mini,Varthur,Shantinagar,294.0,75.0,Not Applicable,Not Applicable,No,Not Applicable,421,Cash,26,4.7,4.9
2024-07-17 16:17:00,CNR5309330930,Success,CID639043,Prime Plus,Electronic City,Chamarajpet,273.0,45.0,Not Applicable,Not Applicable,No,Not Applicable,244,UPI,30,4.0,3.2
2024-07-03 20:09:00,CNR9096263212,Success,CID473760,Bike,Kadugodi,Sarjapur Road,252.0,50.0,Not Applicable,Not Applicable,No,Not Applicable,352,UPI,24,4.4,3.9
2024-07-01 22:55:00,CNR1497871682,Success,CID557498,eBike,Marathahalli,Hosur Road,252.0,120.0,Not Applicable,Not Applicable,Yes,Vehicle Breakdown,276,Cash,45,3.6,3.5
2024-07-13 14:07:00,CNR8355361445,Success,CID866552,Prime SUV,Vijayanagar,Langford Town,140.0,45.0,Not Applicable,Not Applicable,No,Not Applicable,234,UPI,13,4.1,3.7
2024-07-05 03:00:00,CNR6390277645,Canceled by Driver,CID820752,Auto,Chickpet,Indiranagar,,,Not Applicable,Personal & Car related issue,Not Applicable,Not Applicable,344,Not Applicable,0,,
2024-07-27 09:21:00,CNR1876809848,Canceled by Driver,CID501768,eBike,Peenya,Vijayanagar,,,Not Applicable,Customer was coughing/sick,Not Applicable,Not Applicable,1311,Not Applicable,0,,
2024-07-13 03:38:00,CNR5585949853,Canceled by Customer,CID768780,Prime SUV,Sahakar Nagar,Hosur Road,,,Driver is not moving towards pickup location,Not Applicable,Not Applicable,Not Applicable,697,Not Applicable,0,,
2024-07-26 12:37:00,CNR2546607710,Success,CID591321,Auto,Cox Town,Marathahalli,245.0,60.0,Not Applicable,Not Applicable,No,Not Applicable,149,Cash,17,4.5,4.6
2024-07-12 14:12:00,CNR3597240980,Canceled by Customer,CID186474,Mini,Kengeri,Ulsoor,,,Driver is not moving towards pickup location,Not Applicable,Not Applicable,Not Applicable,172,Not Applicable,0,,
2024-07-03 01:30:00,CNR6922712465,Success,CID545351,Mini,Nagarbhavi,Sahakar Nagar,182.0,130.0,Not Applicable,Not Applicable,No,Not Applicable,2073,Cash,46,4.3,4.5
2024-07-13 06:44:00,CNR2961605232,Success,CID838237,Prime SUV,Langford Town,Devanahalli,77.0,120.0,Not Applicable,Not Applicable,No,Not Applicable,856,Cash,17,4.8,3.0
2024-07-09 18:47:00,CNR7792680199,Success,CID323001,Auto,Vijayanagar,Rajarajeshwari Nagar,245.0,90.0,Not Applicable,Not Applicable,No,Not Applicable,247,Cash,1,3.5,4.6
2024-07-23 07:39:00,CNR8439576298,Success,CID344562,Prime SUV,Jayanagar,Richmond Town,154.0,115.0,Not Applicable,Not Applicable,No,Not Applicable,167,Cash,46,3.4,3.5
2024-07-05 15:46:00,CNR6310388826,Canceled by Driver,CID621054,Prime SUV,Rajajinagar,Yeshwanthpur,,,Not Applicable,Personal & Car related issue,Not Applicable,Not Applicable,356,Not Applicable,0,,
2024-07-22 00:44:00,CNR4333456609,Success,CID293992,Bike,Ramamurthy Nagar,Nagarbhavi,280.0,85.0,Not Applicable,Not Applicable,No,Not Applicable,369,Credit Card,42,4.5,4.1
2024-07-10 20:16:00,CNR5981293422,Success,CID512300,Prime Plus,JP Nagar,Nagarbhavi,245.0,80.0,Not Applicable,Not Applicable,No,Not Applicable,410,UPI,31,3.6,4.9
2024-07-06 14:17:00,CNR3790008313,Success,CID741600,Bike,Chamarajpet,Frazer Town,287.0,70.0,Not Applicable,Not Applicable,Yes,Customer Demand,431,Cash,36,4.5,3.5
2024-07-10 16:09:00,CNR9637257897,Success,CID999102,Mini,Chickpet,Malleshwaram,217.0,90.0,Not Applicable,Not Applicable,No,Not Applicable,134,Cash,40,3.5,3.4
2024-07-03 06:34:00,CNR9959829093,Driver Not Found,CID173834,Auto,Sarjapur Road,Sahakar Nagar,,,Not Applicable,Not Applicable,Not Applicable,Not Applicable,414,Not Applicable,0,,
2024-07-05 05:45:00,CNR2899761264,Success,CID895541,eBike,Hennur,Kadugodi,301.0,140.0,Not Applicable,Not Applicable,No,Not Applicable,476,Cash,18,4.5,3.5
2024-07-17 13:34:00,CNR4936478051,Canceled by Customer,CID679342,Auto,Indiranagar,Sarjapur Road,,,Driver asked to cancel,Not Applicable,Not Applicable,Not Applicable,103,Not Applicable,0,,
2024-07-10 10:43:00,CNR2246753997,Success,CID791911,Bike,Chamarajpet,Kengeri,112.0,30.0,Not Applicable,Not Applicable,No,Not Applicable,260,Cash,45,4.0,3.8
2024-07-15 12:57:00,CNR7870443489,Success,CID928292,Prime SUV,Jayanagar,Sahakar Nagar,56.0,130.0,Not Applicable,Not Applicable,No,Not Applicable,390,Cash,37,3.5,4.7
2024-07-27 02:31:00,CNR6934319439,Success,CID479796,Mini,Nagarbhavi,Devanahalli,280.0,60.0,Not Applicable,Not Applicable,No,Not Applicable,278,Cash,4,3.3,4.3
2024-07-04 08:37:00,CNR8906712530,Success,CID387725,Mini,Padmanabhanagar,KR Puram,294.0,140.0,Not Applicable,Not Applicable,No,Not Applicable,104,UPI,16,4.8,4.6
2024-07-30 23:17:00,CNR8287251584,Canceled by Driver,CID450967,Bike,Sarjapur Road,Vijayanagar,,,Not Applicable,Personal & Car related issue,Not Applicable,Not Applicable,318,Not Applicable,0,,
2024-07-14 03:13:00,CNR5630909599,Success,CID272947,Prime Sedan,Ulsoor,Ulsoor,84.0,110.0,Not Applicable,Not Applicable,No,Not Applicable,313,Cash,23,4.4,3.3
2024-07-12 07:56:00,CNR6174814223,Success,CID214122,Mini,Kengeri,Bannerghatta Road,56.0,105.0,Not Applicable,Not Applicable,No,Not Applicable,121,UPI,24,4.2,4.9
2024-07-23 22:20:00,CNR6385805452,Success,CID804131,eBike,Electronic City,Ramamurthy Nagar,112.0,50.0,Not Applicable,Not Applicable,No,Not Applicable,305,UPI,43,3.7,4.3
2024-07-08 18:20:00,CNR1495175604,Success,CID510852,Prime Plus,Vijayanagar,RT Nagar,224.0,115.0,Not Applicable,Not Applicable,No,Not Applicable,574,Cash,8,4.3,3.0
2024-07-02 10:48:00,CNR5905313520,Canceled by Driver,CID178385,Prime Plus,Nagarbhavi,Kadugodi,,,Not Applicable,Personal & Car related issue,Not Applicable,Not Applicable,366,Not Applicable,0,,
2024-07-02 19:17:00,CNR3091617524,Canceled by Driver,CID125093,Prime Sedan,Whitefield,Bannerghatta Road,,,Not Applicable,Personal & Car related issue,Not Applicable,Not Applicable,323,Not Applicable,0,,
2024-07-08 23:57:00,CNR8643128953,Canceled by Driver,CID458632,Bike,Shantinagar,Kengeri,,,Not Applicable,More than permitted people in there,Not Applicable,Not Applicable,535,Not Applicable,0,,
2024-07-15 17:30:00,CNR6252475816,Driver Not Found,CID335902,eBike,Devanahalli,Kadugodi,,,Not Applicable,Not Applicable,Not Applicable,Not Applicable,2858,Not Applicable,0,,
2024-07-11 01:32:00,CNR3485985746,Success,CID716840,eBike,Ulsoor,Hennur,35.0,145.0,Not Applicable,Not Applicable,No,Not Applicable,185,Cash,42,3.2,3.4
2024-07-27 10:29:00,CNR1005362423,Driver Not Found,CID164454,Mini,JP Nagar,MG Road,,,Not Applicable,Not Applicable,Not Applicable,Not Applicable,141,Not Applicable,0,,
2024-07-18 02:23:00,CNR5412070072,Success,CID487868,Auto,Frazer Town,Shivajinagar,273.0,40.0,Not Applicable,Not Applicable,No,Not Applicable,435,Cash,8,4.3,4.1
2024-07-25 07:15:00,CNR5184268039,Success,CID528507,Prime SUV,Jayanagar,Padmanabhanagar,189.0,115.0,Not Applicable,Not Applicable,No,Not Applicable,400,Cash,47,4.3,3.5
2024-07-01 20:09:00,CNR3716503968,Canceled by Driver,CID551587,eBike,HSR Layout,Devanahalli,,,Not Applicable,Personal & Car related issue,Not Applicable,Not Applicable,174,Not Applicable,0,,
2024-07-15 07:56:00,CNR6402155527,Success,CID554773,eBike,Chamarajpet,Sahakar Nagar,42.0,105.0,Not Applicable,Not Applicable,Yes,Customer Demand,224,Cash,43,3.8,4.3
2024-07-07 03:20:00,CNR1425119200,Success,CID326152,Prime SUV,Devanahalli,Rajarajeshwari Nagar,161.0,140.0,Not Applicable,Not Applicable,No,Not Applicable,258,UPI,28,4.8,4.8
2024-07-16 10:36:00,CNR8965144658,Canceled by Driver,CID448148,Prime SUV,Malleshwaram,Indiranagar,,,Not Applicable,Customer was coughing/sick,Not Applicable,Not Applicable,202,Not Applicable,0,,
2024-07-03 19:24:00,CNR5001949633,Success,CID292097,Auto,Nagarbhavi,Kengeri,161.0,25.0,Not Applicable,Not Applicable,No,Not Applicable,702,UPI,14,3.2,3.1
2024-07-05 09:57:00,CNR7527838579,Success,CID201820,Prime Plus,Malleshwaram,Kengeri,56.0,120.0,Not Applicable,Not Applicable,No,Not Applicable,125,Cash,38,3.3,4.9
2024-07-17 14:06:00,CNR2098149466,Canceled by Customer,CID575396,Mini,KR Puram,Kengeri,,,Wrong Address,Not Applicable,Not Applicable,Not Applicable,918,Not Applicable,0,,
2024-07-08 05:29:00,CNR5572755082,Driver Not Found,CID272829,Auto,Sarjapur Road,KR Puram,,,Not Applicable,Not Applicable,Not Applicable,Not Applicable,117,Not Applicable,0,,
2024-07-08 09:45:00,CNR5782284262,Success,CID457943,Prime Sedan,Tumkur Road,Frazer Town,266.0,130.0,Not Applicable,Not Applicable,No,Not Applicable,485,UPI,41,4.0,3.1
2024-07-20 09:37:00,CNR6868742152,Success,CID596873,eBike,Mysore Road,Kammanahalli,203.0,30.0,Not Applicable,Not Applicable,No,Not Applicable,351,UPI,40,3.0,3.7
2024-07-13 17:21:00,CNR4172690040,Success,CID807635,eBike,Shantinagar,Hulimavu,126.0,40.0,Not Applicable,Not Applicable,No,Not Applicable,349,Cash,30,4.0,4.3
2024-07-03 08:33:00,CNR2858270814,Success,CID817853,Mini,Hebbal,KR Puram,133.0,25.0,Not Applicable,Not Applicable,No,Not Applicable,458,Cash,3,4.2,4.5
2024-07-11 12:04:00,CNR5948559342,Canceled by Driver,CID244988,Prime SUV,Nagarbhavi,Majestic,,,Not Applicable,Personal & Car related issue,Not Applicable,Not Applicable,320,Not Applicable,0,,
2024-07-13 13:09:00,CNR7304912451,Canceled by Customer,CID270784,Auto,Shivajinagar,Whitefield,,,Change of plans,Not Applicable,Not Applicable,Not Applicable,324,Not Applicable,0,,
2024-07-17 23:50:00,CNR1643257013,Success,CID181467,Auto,Kengeri,Langford Town,154.0,145.0,Not Applicable,Not Applicable,No,Not Applicable,1056,Cash,1,3.2,5.0
2024-07-30 07:36:00,CNR9109958972,Success,CID602806,Bike,RT Nagar,Bellandur,308.0,140.0,Not Applicable,Not Applicable,No,Not Applicable,336,UPI,34,3.3,4.6
2024-07-30 09:42:00,CNR8879227296,Success,CID885811,Auto,Whitefield,Hebbal,49.0,130.0,Not Applicable,Not Applicable,No,Not Applicable,1760,Cash,16,3.1,4.4
2024-07-19 19:56:00,CNR8261276524,Canceled by Driver,CID248684,Prime Sedan,Hosur Road,Hulimavu,,,Not Applicable,Customer was coughing/sick,Not Applicable,Not Applicable,579,Not Applicable,0,,
2024-07-26 04:44:00,CNR7375111110,Canceled by Driver,CID534371,Auto,Hulimavu,Chamarajpet,,,Not Applicable,Personal & Car related issue,Not Applicable,Not Applicable,494,Not Applicable,0,,
2024-07-06 03:26:00,CNR1775132913,Canceled by Driver,CID440029,Prime Plus,Tumkur Road,Bellandur,,,Not Applicable,Customer related issue,Not Applicable,Not Applicable,291,Not Applicable,0,,
2024-07-26 12:15:00,CNR8138930104,Success,CID240846,Auto,Nagarbhavi,Magadi Road,63.0,65.0,Not Applicable,Not Applicable,No,Not Applicable,485,UPI,17,4.4,3.7
2024-07-03 06:25:00,CNR7775198476,Success,CID550638,Prime Sedan,Mysore Road,Hennur,196.0,115.0,Not Applicable,Not Applicable,No,Not Applicable,425,UPI,14,4.7,4.2
2024-07-16 16:48:00,CNR4531073740,Success,CID339076,Mini,Kammanahalli,Basavanagudi,238.0,25.0,Not Applicable,Not Applicable,No,Not Applicable,803,Cash,4,4.4,4.3
2024-07-28 10:56:00,CNR4234127575,Success,CID873448,eBike,Nagarbhavi,Sahakar Nagar,266.0,65.0,Not Applicable,Not Applicable,No,Not Applicable,1937,Credit Card,41,4.7,4.3
2024-07-22 22:32:00,CNR3213088119,Driver Not Found,CID110029,Auto,Basavanagudi,HSR Layout,,,Not Applicable,Not Applicable,Not Applicable,Not Applicable,2089,Not Applicable,0,,
2024-07-07 19:43:00,CNR5554863043,Success,CID683575,Auto,Padmanabhanagar,Hosur Road,133.0,45.0,Not Applicable,Not Applicable,No,Not Applicable,198,UPI,1,4.6,3.1
2024-07-11 00:29:00,CNR1422632954,Success,CID375383,Prime Plus,Yeshwanthpur,Nagarbhavi,112.0,125.0,Not Applicable,Not Applicable,Yes,Vehicle Breakdown,347,Cash,9,4.9,4.2
2024-07-28 20:25:00,CNR9963933915,Canceled by Customer,CID618866,eBike,Malleshwaram,Shivajinagar,,,Driver is not moving towards pickup location,Not Applicable,Not Applicable,Not Applicable,116,Not Applicable,0,,
2024-07-05 01:06:00,CNR7411117108,Success,CID755681,Prime Sedan,Jayanagar,Ulsoor,189.0,35.0,Not Applicable,Not Applicable,No,Not Applicable,241,Cash,39,3.7,4.6
2024-07-18 19:02:00,CNR4477917792,Canceled by Customer,CID615491,eBike,Hennur,Hosur Road,,,Driver is not moving towards pickup location,Not Applicable,Not Applicable,Not Applicable,132,Not Applicable,0,,
2024-07-06 09:19:00,CNR9155035507,Success,CID566732,Auto,Chickpet,Whitefield,273.0,100.0,Not Applicable,Not Applicable,No,Not Applicable,127,UPI,18,3.8,3.9
2024-07-14 12:56:00,CNR2818389856,Canceled by Customer,CID296488,eBike,Jayanagar,Yelahanka,,,AC is Not working,Not Applicable,Not Applicable,Not Applicable,371,Not Applicable,0,,
2024-07-04 07:37:00,CNR6780885793,Driver Not Found,CID450016,Auto,Hosur Road,Bellandur,,,Not Applicable,Not Applicable,Not Applicable,Not Applicable,759,Not Applicable,0,,
2024-07-05 17:25:00,CNR5148682541,Canceled by Driver,CID703094,Prime SUV,Whitefield,Yeshwanthpur,,,Not Applicable,More than permitted people in there,Not Applicable,Not Applicable,195,Not Applicable,0,,
2024-07-15 15:50:00,CNR1461907647,Canceled by Driver,CID543143,Prime Plus,Bannerghatta Road,Ramamurthy Nagar,,,Not Applicable,Customer related issue,Not Applicable,Not Applicable,569,Not Applicable,0,,
2024-07-02 14:25:00,CNR5169470714,Success,CID607130,Auto,Tumkur Road,BTM Layout,126.0,100.0,Not Applicable,Not Applicable,No,Not Applicable,393,UPI,16,3.2,4.2
2024-07-08 18:20:00,CNR2695100949,Driver Not Found,CID477114,Auto,Tumkur Road,Basavanagudi,,,Not Applicable,Not Applicable,Not Applicable,Not Applicable,590,Not Applicable,0,,
2024-07-05 01:22:00,CNR2760752000,Canceled by Customer,CID827466,Bike,JP Nagar,Kadugodi,,,Driver is not moving towards pickup location,Not Applicable,Not Applicable,Not Applicable,2046,Not Applicable,0,,
2024-07-10 02:51:00,CNR3892464512,Driver Not Found,CID568750,Prime Plus,Indiranagar,Hulimavu,,,Not Applicable,Not Applicable,Not Applicable,Not Applicable,117,Not Applicable,0,,
2024-07-16 16:13:00,CNR8843714721,Canceled by Customer,CID831518,eBike,Yeshwanthpur,Rajajinagar,,,Driver asked to cancel,Not Applicable,Not Applicable,Not Applicable,497,Not Applicable,0,,
2024-07-14 01:16:00,CNR3666510177,Success,CID301857,Prime Plus,Jayanagar,Bellandur,119.0,130.0,Not Applicable,Not Applicable,No,Not Applicable,284,Cash,19,3.7,3.5
2024-07-15 21:04:00,CNR8768519950,Success,CID601281,Prime Plus,Hennur,Nagarbhavi,105.0,55.0,Not Applicable,Not Applicable,No,Not Applicable,120,Cash,28,3.8,4.9
2024-07-10 04:10:00,CNR8610109128,Success,CID968232,eBike,Bannerghatta Road,Peenya,63.0,50.0,Not Applicable,Not Applicable,No,Not Applicable,571,UPI,10,4.6,3.4
2024-07-06 00:13:00,CNR3640174477,Success,CID380909,Bike,Kammanahalli,JP Nagar,126.0,80.0,Not Applicable,Not Applicable,No,Not Applicable,2774,Credit Card,12,3.3,3.0
2024-07-30 15:29:00,CNR2438275890,Success,CID629297,Bike,Electronic City,Bannerghatta Road,49.0,25.0,Not Applicable,Not Applicable,No,Not Applicable,242,Cash,37,4.4,4.5
2024-07-09 03:46:00,CNR5955653964,Canceled by Driver,CID956679,eBike,Ramamurthy Nagar,Mysore Road,,,Not Applicable,More than permitted people in there,Not Applicable,Not Applicable,710,Not Applicable,0,,
2024-07-30 23:00:00,CNR1849797113,Success,CID997630,Prime SUV,Chickpet,MG Road,189.0,80.0,Not Applicable,Not Applicable,No,Not Applicable,1899,Cash,12,4.9,3.5
2024-07-29 09:20:00,CNR7756095104,Canceled by Driver,CID509063,Auto,Chamarajpet,Majestic,,,Not Applicable,Customer was coughing/sick,Not Applicable,Not Applicable,716,Not Applicable,0,,
2024-07-23 07:09:00,CNR3408783137,Canceled by Driver,CID379233,Prime Plus,Hulimavu,Frazer Town,,,Not Applicable,Customer related issue,Not Applicable,Not Applicable,261,Not Applicable,0,,
2024-07-08 03:37:00,CNR9961688714,Success,CID450476,Bike,Hosur Road,Padmanabhanagar,273.0,110.0,Not Applicable,Not Applicable,No,Not Applicable,405,Cash,5,3.5,3.8
2024-07-24 04:59:00,CNR4236776174,Success,CID536716,Prime Sedan,Hennur,Padmanabhanagar,112.0,120.0,Not Applicable,Not Applicable,No,Not Applicable,360,Cash,26,4.9,4.7
2024-07-08 15:07:00,CNR4596245411,Canceled by Driver,CID831247,eBike,Hebbal,Hebbal,,,Not Applicable,Personal & Car related issue,Not Applicable,Not Applicable,731,Not Applicable,0,,
2024-07-13 10:09:00,CNR2689214221,Canceled by Driver,CID151655,Prime SUV,HSR Layout,Malleshwaram,,,Not Applicable,Customer was coughing/sick,Not Applicable,Not Applicable,174,Not Applicable,0,,
2024-07-06 23:33:00,CNR8887675416,Canceled by Driver,CID667645,Bike,Chamarajpet,Yelahanka,,,Not Applicable,More than permitted people in there,Not Applicable,Not Applicable,1094,Not Applicable,0,,
2024-07-02 10:05:00,CNR1772105643,Success,CID381121,Auto,Rajarajeshwari Nagar,Peenya,154.0,135.0,Not Applicable,Not Applicable,No,Not Applicable,463,Cash,18,3.3,3.1
2024-07-26 22:10:00,CNR9757268368,Canceled by Driver,CID802159,Prime Plus,Tumkur Road,Vijayanagar,,,Not Applicable,Customer related issue,Not Applicable,Not Applicable,1874,Not Applicable,0,,
2024-07-26 22:12:00,CNR7315900338,Canceled by Driver,CID456180,Prime Sedan,Frazer Town,Sahakar Nagar,,,Not Applicable,Customer was coughing/sick,Not Applicable,Not Applicable,552,Not Applicable,0,,
2024-07-10 20:11:00,CNR8928025152,Canceled by Driver,CID507461,eBike,Indiranagar,Cox Town,,,Not Applicable,More than permitted people in there,Not Applicable,Not Applicable,847,Not Applicable,0,,
2024-07-09 07:24:00,CNR1839176740,Success,CID993383,Prime Plus,Varthur,Shantinagar,126.0,80.0,Not Applicable,Not Applicable,No,Not Applicable,156,Cash,37,4.7,3.6
2024-07-01 05:45:00,CNR3015755111,Driver Not Found,CID951959,Bike,Rajarajeshwari Nagar,Banashankari,,,Not Applicable,Not Applicable,Not Applicable,Not Applicable,194,Not Applicable,0,,
2024-07-13 21:10:00,CNR4876222275,Canceled by Driver,CID492191,Prime Sedan,Langford Town,Whitefield,,,Not Applicable,More than permitted people in there,Not Applicable,Not Applicable,276,Not Applicable,0,,
2024-07-28 04:58:00,CNR1680258377,Success,CID693464,Prime Sedan,HSR Layout,Indiranagar,42.0,65.0,Not Applicable,Not Applicable,No,Not Applicable,112,Credit Card,11,4.9,4.0
2024-07-09 02:00:00,CNR2924055192,Success,CID899075,Prime SUV,Padmanabhanagar,Mysore Road,140.0,135.0,Not Applicable,Not Applicable,No,Not Applicable,666,Cash,32,4.9,4.3
2024-07-24 19:08:00,CNR3103931056,Canceled by Customer,CID107221,Prime Plus,Hulimavu,Cox Town,,,AC is Not working,Not Applicable,Not Applicable,Not Applicable,1004,Not Applicable,0,,
2024-07-08 04:31:00,CNR9789070183,Canceled by Driver,CID419221,Mini,Indiranagar,Bannerghatta Road,,,Not Applicable,Customer was coughing/sick,Not Applicable,Not Applicable,461,Not Applicable,0,,
2024-07-20 06:39:00,CNR3606984885,Canceled by Driver,CID183262,Prime SUV,Hennur,Varthur,,,Not Applicable,Customer was coughing/sick,Not Applicable,Not Applicable,354,Not Applicable,0,,
2024-07-16 10:21:00,CNR8695932599,Success,CID448772,Prime Sedan,Yelahanka,JP Nagar,308.0,40.0,Not Applicable,Not Applicable,Yes,Vehicle Breakdown,817,Cash,5,3.3,4.8
2024-07-04 11:13:00,CNR4538168081,Canceled by Customer,CID706925,Prime SUV,KR Puram,Shivajinagar,,,Driver asked to cancel,Not Applicable,Not Applicable,Not Applicable,171,Not Applicable,0,,
2024-07-28 15:55:00,CNR7027277921,Canceled by Driver,CID962321,Bike,Yelahanka,Hebbal,,,Not Applicable,More than permitted people in there,Not Applicable,Not Applicable,514,Not Applicable,0,,
2024-07-06 07:05:00,CNR2571781847,Success,CID158525,Prime SUV,Bannerghatta Road,Shantinagar,133.0,40.0,Not Applicable,Not Applicable,Yes,Customer Demand,212,Cash,34,4.0,4.6
2024-07-25 19:10:00,CNR6463590605,Success,CID959804,Mini,Hosur Road,Marathahalli,294.0,40.0,Not Applicable,Not Applicable,No,Not Applicable,224,UPI,47,4.2,4.7
2024-07-21 02:16:00,CNR5377613589,Success,CID769029,eBike,Banashankari,Hulimavu,182.0,115.0,Not Applicable,Not Applicable,No,Not Applicable,361,UPI,13,3.5,3.7
2024-07-28 15:28:00,CNR8724200738,Success,CID495186,Prime Sedan,Nagarbhavi,MG Road,112.0,60.0,Not Applicable,Not Applicable,No,Not Applicable,222,Cash,1,3.6,3.1
2024-07-15 22:51:00,CNR5828032734,Success,CID432870,Prime Sedan,Malleshwaram,Majestic,140.0,135.0,Not Applicable,Not Applicable,No,Not Applicable,793,Cash,47,4.0,4.9
2024-07-05 09:12:00,CNR3210257115,Success,CID691189,Auto,RT Nagar,Hosur Road,238.0,145.0,Not Applicable,Not Applicable,No,Not Applicable,231,UPI,19,3.1,3.4
2024-07-03 23:34:00,CNR1764327219,Canceled by Customer,CID815018,Prime Plus,Hosur Road,Hebbal,,,Wrong Address,Not Applicable,Not Applicable,Not Applicable,1920,Not Applicable,0,,
2024-07-14 23:05:00,CNR4615096586,Success,CID754318,Prime SUV,Sarjapur Road,HSR Layout,119.0,145.0,Not Applicable,Not Applicable,No,Not Applicable,299,Cash,47,3.4,4.2
2024-07-20 21:09:00,CNR5642708425,Success,CID102976,Bike,Majestic,Cox Town,224.0,30.0,Not Applicable,Not Applicable,No,Not Applicable,364,Cash,46,4.8,4.9
2024-07-22 20:51:00,CNR3515459773,Success,CID614522,Mini,Tumkur Road,Sahakar Nagar,203.0,120.0,Not Applicable,Not Applicable,No,Not Applicable,510,UPI,18,4.8,3.1
2024-07-17 10:42:00,CNR8355807352,Success,CID446299,eBike,Nagarbhavi,Nagarbhavi,196.0,55.0,Not Applicable,Not Applicable,No,Not Applicable,142,UPI,48,3.3,3.0
2024-07-22 18:07:00,CNR8171876574,Success,CID354370,Auto,Banashankari,KR Puram,301.0,45.0,Not Applicable,Not Applicable,No,Not Applicable,459,UPI,3,4.3,3.8
2024-07-04 19:33:00,CNR8889211518,Success,CID801948,Mini,Hebbal,Majestic,91.0,90.0,Not Applicable,Not Applicable,No,Not Applicable,611,UPI,38,4.8,3.8
2024-07-04 19:42:00,CNR9810131509,Canceled by Driver,CID732144,Bike,Yelahanka,Peenya,,,Not Applicable,Personal & Car related issue,Not Applicable,Not Applicable,334,Not Applicable,0,,
2024-07-29 03:38:00,CNR8467365482,Canceled by Driver,CID125895,Auto,Nagarbhavi,Sarjapur Road,,,Not Applicable,Customer related issue,Not Applicable,Not Applicable,173,Not Applicable,0,,
2024-07-27 12:55:00,CNR9290543397,Success,CID501334,Mini,Yeshwanthpur,MG Road,126.0,50.0,Not Applicable,Not Applicable,No,Not Applicable,787,UPI,44,3.8,3.4
2024-07-02 18:55:00,CNR1949013865,Canceled by Driver,CID661121,Bike,Hosur Road,Sarjapur Road,,,Not Applicable,Personal & Car related issue,Not Applicable,Not Applicable,446,Not Applicable,0,,
2024-07-05 04:40:00,CNR6855017482,Canceled by Customer,CID303499,Bike,Padmanabhanagar,Peenya,,,Driver is not moving towards pickup location,Not Applicable,Not Applicable,Not Applicable,983,Not Applicable,0,,
2024-07-05 21:48:00,CNR3662908746,Canceled by Driver,CID955162,Prime Plus,Nagarbhavi,Chamarajpet,,,Not Applicable,Personal & Car related issue,Not Applicable,Not Applicable,400,Not Applicable,0,,
2024-07-04 06:41:00,CNR8215414929,Canceled by Driver,CID239355,eBike,Cox Town,Indiranagar,,,Not Applicable,More than permitted people in there,Not Applicable,Not Applicable,1619,Not Applicable,0,,
2024-07-19 20:59:00,CNR9547488466,Canceled by Driver,CID692773,Mini,BTM Layout,Koramangala,,,Not Applicable,Customer related issue,Not Applicable,Not Applicable,446,Not Applicable,0,,
2024-07-05 16:39:00,CNR4200235836,Success,CID198148,Prime Plus,Electronic City,Yelahanka,182.0,60.0,Not Applicable,Not Applicable,No,Not Applicable,650,UPI,4,4.9,4.7
2024-07-25 14:20:00,CNR9953527974,Success,CID851693,eBike,Cox Town,Bannerghatta Road,168.0,145.0,Not Applicable,Not Applicable,No,Not Applicable,408,Cash,23,3.2,4.2
2024-07-28 04:33:00,CNR4696502804,Canceled by Customer,CID820857,Mini,Malleshwaram,Chickpet,,,Wrong Address,Not Applicable,Not Applicable,Not Applicable,543,Not Applicable,0,,
2024-07-19 12:36:00,CNR9081083193,Canceled by Driver,CID582282,Bike,Banashankari,Bellandur,,,Not Applicable,Customer related issue,Not Applicable,Not Applicable,189,Not Applicable,0,,
2024-07-25 11:24:00,CNR3828909066,Success,CID244222,Prime SUV,Tumkur Road,Tumkur Road,217.0,135.0,Not Applicable,Not Applicable,Yes,Vehicle Breakdown,123,Cash,33,3.1,3.4
2024-07-14 10:53:00,CNR7224004996,Canceled by Driver,CID376546,Prime Plus,Varthur,MG Road,,,Not Applicable,Personal & Car related issue,Not Applicable,Not Applicable,456,Not Applicable,0,,
2024-07-07 10:05:00,CNR5141391375,Success,CID509521,Prime Sedan,RT Nagar,Frazer Town,210.0,110.0,Not Applicable,Not Applicable,No,Not Applicable,438,Cash,19,4.0,3.5
2024-07-27 18:11:00,CNR8816036126,Success,CID110398,Prime SUV,Vijayanagar,Majestic,119.0,90.0,Not Applicable,Not Applicable,No,Not Applicable,984,Credit Card,27,3.9,3.8
2024-07-24 21:47:00,CNR8971831548,Canceled by Driver,CID970638,eBike,Shivajinagar,Varthur,,,Not Applicable,Customer related issue,Not Applicable,Not Applicable,196,Not Applicable,0,,
2024-07-06 11:58:00,CNR5991690202,Driver Not Found,CID324529,Auto,Rajajinagar,Yelahanka,,,Not Applicable,Not Applicable,Not Applicable,Not Applicable,731,Not Applicable,0,,
2024-07-08 01:19:00,CNR5133300343,Success,CID771017,eBike,RT Nagar,Kammanahalli,308.0,120.0,Not Applicable,Not Applicable,No,Not Applicable,332,Cash,10,4.9,4.8
2024-07-24 00:35:00,CNR7303808443,Success,CID416511,Auto,Malleshwaram,Richmond Town,35.0,65.0,Not Applicable,Not Applicable,No,Not Applicable,822,UPI,4,3.7,3.1
2024-07-29 01:57:00,CNR9744321707,Driver Not Found,CID336398,eBike,Malleshwaram,Koramangala,,,Not Applicable,Not Applicable,Not Applicable,Not Applicable,320,Not Applicable,0,,
2024-07-28 17:49:00,CNR8261883051,Success,CID202514,Prime Plus,Vijayanagar,Electronic City,91.0,25.0,Not Applicable,Not Applicable,No,Not Applicable,116,Cash,10,3.5,4.5
2024-07-14 03:12:00,CNR3744350179,Driver Not Found,CID773516,Mini,Richmond Town,Sarjapur Road,,,Not Applicable,Not Applicable,Not Applicable,Not Applicable,301,Not Applicable,0,,
2024-07-22 23:24:00,CNR6945831976,Success,CID983186,Prime Plus,Vijayanagar,Nagarbhavi,252.0,145.0,Not Applicable,Not Applicable,No,Not Applicable,226,Cash,38,4.2,4.9
2024-07-06 09:21:00,CNR8609892708,Success,CID375914,Mini,Mysore Road,Ulsoor,126.0,85.0,Not Applicable,Not Applicable,No,Not Applicable,468,Cash,48,3.5,4.4
2024-07-12 22:56:00,CNR7924117815,Success,CID228323,eBike,Hulimavu,Yeshwanthpur,147.0,125.0,Not Applicable,Not Applicable,No,Not Applicable,731,UPI,39,4.5,4.9
2024-07-14 03:06:00,CNR7114164915,Success,CID837838,Mini,Jayanagar,Peenya,245.0,60.0,Not Applicable,Not Applicable,No,Not Applicable,402,Cash,35,3.2,3.5
2024-07-06 16:38:00,CNR9492992157,Success,CID249951,Prime Sedan,Magadi Road,Malleshwaram,91.0,30.0,Not Applicable,Not Applicable,No,Not Applicable,320,Cash,2,3.9,3.8
2024-07-28 20:36:00,CNR7221892827,Success,CID864236,Prime SUV,Varthur,Jayanagar,252.0,90.0,Not Applicable,Not Applicable,No,Not Applicable,140,UPI,5,4.8,4.1
2024-07-24 10:49:00,CNR3342907753,Success,CID780267,Bike,Jayanagar,Kammanahalli,42.0,80.0,Not Applicable,Not Applicable,Yes,Other Issue,426,Cash,9,3.0,4.3
2024-07-29 14:11:00,CNR5523476722,Success,CID918781,Bike,Peenya,Chickpet,98.0,65.0,Not Applicable,Not Applicable,No,Not Applicable,975,UPI,5,3.2,3.8
2024-07-10 09:57:00,CNR6184512662,Success,CID838860,eBike,Richmond Town,Sahakar Nagar,196.0,50.0,Not Applicable,Not Applicable,No,Not Applicable,352,Cash,8,3.9,4.4
2024-07-18 16:19:00,CNR9811338482,Canceled by Driver,CID412426,Prime SUV,Yelahanka,Electronic City,,,Not Applicable,Customer was coughing/sick,Not Applicable,Not Applicable,417,Not Applicable,0,,
2024-07-13 05:22:00,CNR1844562792,Success,CID893998,Auto,Peenya,Jayanagar,154.0,140.0,Not Applicable,Not Applicable,No,Not Applicable,182,Cash,8,3.4,3.3
2024-07-25 21:00:00,CNR7170673177,Success,CID416752,Auto,Vijayanagar,Yelahanka,287.0,120.0,Not Applicable,Not Applicable,No,Not Applicable,2389,UPI,6,3.9,3.9
2024-07-20 18:30:00,CNR3095062480,Canceled by Driver,CID559985,Mini,Yelahanka,Peenya,,,Not Applicable,More than permitted people in there,Not Applicable,Not Applicable,680,Not Applicable,0,,
2024-07-08 07:31:00,CNR5676567092,Success,CID455417,Mini,BTM Layout,Nagarbhavi,77.0,105.0,Not Applicable,Not Applicable,No,Not Applicable,197,Cash,37,3.2,4.1
2024-07-05 06:06:00,CNR2874184184,Success,CID545849,eBike,Bannerghatta Road,Padmanabhanagar,245.0,95.0,Not Applicable,Not Applicable,No,Not Applicable,2659,Cash,5,4.8,3.4
2024-07-02 10:00:00,CNR9393199828,Success,CID319852,Bike,Peenya,Chamarajpet,63.0,30.0,Not Applicable,Not Applicable,No,Not Applicable,275,Cash,38,5.0,4.5
2024-07-13 17:26:00,CNR2392437265,Canceled by Driver,CID906010,Prime Plus,Sarjapur Road,Devanahalli,,,Not Applicable,Customer related issue,Not Applicable,Not Applicable,989,Not Applicable,0,,
2024-07-08 10:01:00,CNR9738448118,Canceled by Driver,CID521160,Prime SUV,Bannerghatta Road,RT Nagar,,,Not Applicable,Personal & Car related issue,Not Applicable,Not Applicable,878,Not Applicable,0,,
2024-07-02 21:08:00,CNR8297557286,Driver Not Found,CID176888,Prime Sedan,JP Nagar,Ulsoor,,,Not Applicable,Not Applicable,Not Applicable,Not Applicable,165,Not Applicable,0,,
2024-07-04 03:03:00,CNR1086082859,Success,CID189234,Bike,Hosur Road,Koramangala,231.0,70.0,Not Applicable,Not Applicable,No,Not Applicable,191,Cash,43,4.9,3.4
2024-07-25 11:05:00,CNR7809793994,Driver Not Found,CID678986,Mini,Cox Town,Richmond Town,,,Not Applicable,Not Applicable,Not Applicable,Not Applicable,131,Not Applicable,0,,
2024-07-25 22:00:00,CNR8032761725,Success,CID856270,Prime SUV,Langford Town,Banashankari,63.0,100.0,Not Applicable,Not Applicable,No,Not Applicable,360,UPI,27,4.5,3.1
2024-07-20 03:55:00,CNR6675331203,Success,CID671483,Prime Sedan,Nagarbhavi,Nagarbhavi,42.0,70.0,Not Applicable,Not Applicable,Yes,Vehicle Breakdown,169,Cash,3,4.3,4.5
2024-07-02 09:36:00,CNR8061032770,Success,CID811355,Auto,Marathahalli,KR Puram,84.0,105.0,Not Applicable,Not Applicable,No,Not Applicable,744,Cash,7,4.6,4.0
2024-07-25 14:57:00,CNR1799621155,Canceled by Driver,CID860477,Prime Sedan,Magadi Road,Basavanagudi,,,Not Applicable,Customer related issue,Not Applicable,Not Applicable,276,Not Applicable,0,,
2024-07-27 12:43:00,CNR6777954732,Success,CID452263,Prime Sedan,RT Nagar,Vijayanagar,84.0,65.0,Not Applicable,Not Applicable,No,Not Applicable,475,Credit Card,5,4.0,4.0
2024-07-06 05:01:00,CNR7701244303,Success,CID751742,Auto,Peenya,Majestic,56.0,115.0,Not Applicable,Not Applicable,No,Not Applicable,282,Cash,4,3.0,4.4
2024-07-18 13:31:00,CNR3512330285,Canceled by Driver,CID662445,Bike,MG Road,Jayanagar,,,Not Applicable,Customer related issue,Not Applicable,Not Applicable,256,Not Applicable,0,,
2024-07-04 17:03:00,CNR3094927611,Success,CID250901,Bike,Ulsoor,Mysore Road,182.0,70.0,Not Applicable,Not Applicable,No,Not Applicable,487,Cash,41,4.5,4.3
2024-07-25 19:07:00,CNR2845938037,Canceled by Customer,CID611909,Prime SUV,Devanahalli,Majestic,,,Driver asked to cancel,Not Applicable,Not Applicable,Not Applicable,226,Not Applicable,0,,
2024-07-15 02:39:00,CNR2590508323,Success,CID701863,eBike,Koramangala,Sahakar Nagar,70.0,50.0,Not Applicable,Not Applicable,No,Not Applicable,775,Cash,18,4.3,3.6
2024-07-17 13:18:00,CNR3754234522,Canceled by Customer,CID283694,Auto,Ulsoor,Varthur,,,Driver is not moving towards pickup location,Not Applicable,Not Applicable,Not Applicable,2859,Not Applicable,0,,
2024-07-23 11:33:00,CNR3345739873,Success,CID177912,Prime Sedan,Peenya,Magadi Road,217.0,65.0,Not Applicable,Not Applicable,No,Not Applicable,225,Cash,46,4.1,4.0
2024-07-09 07:50:00,CNR3289238820,Success,CID120556,Prime Sedan,Mysore Road,Kengeri,266.0,140.0,Not Applicable,Not Applicable,No,Not Applicable,2422,Cash,1,3.3,3.6
2024-07-11 07:32:00,CNR4358220359,Success,CID361259,Auto,Hulimavu,Majestic,217.0,90.0,Not Applicable,Not Applicable,No,Not Applicable,648,Cash,18,4.9,3.8
2024-07-18 21:13:00,CNR4668181911,Success,CID754090,Prime Sedan,Ulsoor,Malleshwaram,238.0,110.0,Not Applicable,Not Applicable,No,Not Applicable,529,Cash,40,3.8,4.7
2024-07-13 20:14:00,CNR9869210146,Success,CID581731,Mini,BTM Layout,Chamarajpet,217.0,25.0,Not Applicable,Not Applicable,No,Not Applicable,143,Cash,8,3.4,3.9
2024-07-19 06:30:00,CNR8419258195,Success,CID420470,eBike,Sahakar Nagar,Marathahalli,161.0,50.0,Not Applicable,Not Applicable,No,Not Applicable,279,UPI,14,4.7,4.8
2024-07-24 05:24:00,CNR6690185882,Success,CID329193,Prime Plus,Chickpet,Indiranagar,140.0,50.0,Not Applicable,Not Applicable,No,Not Applicable,426,Credit Card,43,3.7,4.6
2024-07-28 01:58:00,CNR6246853725,Success,CID912035,Bike,Hennur,Kengeri,105.0,125.0,Not Applicable,Not Applicable,No,Not Applicable,289,UPI,47,4.9,3.5
2024-07-23 03:38:00,CNR2320067285,Success,CID225769,eBike,Marathahalli,Banashankari,259.0,85.0,Not Applicable,Not Applicable,No,Not Applicable,200,UPI,7,4.2,4.8
2024-07-01 15:03:00,CNR5856320796,Success,CID118525,Auto,MG Road,JP Nagar,231.0,35.0,Not Applicable,Not Applicable,No,Not Applicable,316,Cash,1,3.7,3.7
2024-07-25 00:32:00,CNR4350468999,Canceled by Driver,CID490830,Bike,Vijayanagar,Electronic City,,,Not Applicable,Personal & Car related issue,Not Applicable,Not Applicable,192,Not Applicable,0,,
2024-07-11 12:45:00,CNR3089793221,Canceled by Driver,CID611991,Mini,Cox Town,Vijayanagar,,,Not Applicable,Customer related issue,Not Applicable,Not Applicable,113,Not Applicable,0,,
2024-07-10 14:10:00,CNR6872689093,Success,CID411600,Auto,KR Puram,Electronic City,168.0,65.0,Not Applicable,Not Applicable,No,Not Applicable,895,Cash,8,3.4,4.7
2024-07-28 17:15:00,CNR7676299376,Success,CID423334,Bike,Varthur,Electronic City,182.0,35.0,Not Applicable,Not Applicable,No,Not Applicable,393,UPI,15,4.7,4.8
2024-07-01 18:02:00,CNR6185910728,Success,CID900189,Prime Sedan,Sarjapur Road,Ulsoor,259.0,40.0,Not Applicable,Not Applicable,No,Not Applicable,329,Cash,9,4.2,3.3
2024-07-21 22:28:00,CNR7992531505,Success,CID770424,Prime Plus,Vijayanagar,Mysore Road,175.0,90.0,Not Applicable,Not Applicable,No,Not Applicable,138,Cash,14,3.1,3.1
2024-07-08 14:10:00,CNR9616186196,Success,CID762485,Mini,Varthur,Chamarajpet,91.0,130.0,Not Applicable,Not Applicable,No,Not Applicable,386,Cash,41,4.4,3.4
2024-07-30 10:25:00,CNR1907895434,Success,CID337839,eBike,Hosur Road,Magadi Road,301.0,55.0,Not Applicable,Not Applicable,No,Not Applicable,2712,Cash,9,3.3,3.5
2024-07-24 00:22:00,CNR7294389940,Success,CID784111,Mini,Koramangala,Malleshwaram,273.0,100.0,Not Applicable,Not Applicable,No,Not Applicable,434,UPI,24,4.2,3.1
2024-07-08 17:08:00,CNR1805523226,Canceled by Customer,CID471022,Bike,Sahakar Nagar,Chickpet,,,Wrong Address,Not Applicable,Not Applicable,Not Applicable,668,Not Applicable,0,,
2024-07-19 19:03:00,CNR2215579982,Success,CID484834,Mini,Banashankari,Sahakar Nagar,231.0,75.0,Not Applicable,Not Applicable,No,Not Applicable,362,UPI,16,4.2,4.1
2024-07-27 14:37:00,CNR2416556662,Canceled by Driver,CID494781,Auto,Magadi Road,Shivajinagar,,,Not Applicable,Customer related issue,Not Applicable,Not Applicable,340,Not Applicable,0,,
2024-07-17 05:26:00,CNR4519340956,Success,CID235895,Prime Plus,Vijayanagar,Nagarbhavi,280.0,100.0,Not Applicable,Not Applicable,No,Not Applicable,656,UPI,42,3.4,4.8
2024-07-30 00:07:00,CNR6468873277,Driver Not Found,CID679902,Prime SUV,Hosur Road,Kadugodi,,,Not Applicable,Not Applicable,Not Applicable,Not Applicable,208,Not Applicable,0,,
2024-07-16 21:11:00,CNR3730311547,Canceled by Customer,CID206906,Prime Sedan,Electronic City,Magadi Road,,,Wrong Address,Not Applicable,Not Applicable,Not Applicable,1597,Not Applicable,0,,
2024-07-05 00:54:00,CNR3374003053,Success,CID935831,Prime Plus,Shantinagar,Hennur,154.0,120.0,Not Applicable,Not Applicable,No,Not Applicable,287,UPI,48,3.6,3.0
2024-07-22 01:03:00,CNR2853433534,Canceled by Driver,CID413975,Prime Sedan,Cox Town,Shivajinagar,,,Not Applicable,Customer was coughing/sick,Not Applicable,Not Applicable,2348,Not Applicable,0,,
2024-07-09 08:12:00,CNR2436319606,Success,CID689889,Auto,Basavanagudi,Richmond Town,119.0,75.0,Not Applicable,Not Applicable,No,Not Applicable,470,Cash,10,5.0,4.5
2024-07-12 13:45:00,CNR1670286784,Success,CID556466,Prime Sedan,Sarjapur Road,Banashankari,133.0,70.0,Not Applicable,Not Applicable,Yes,Vehicle Breakdown,310,UPI,30,3.1,3.7
2024-07-07 05:47:00,CNR5881753664,Success,CID794225,Bike,Frazer Town,Vijayanagar,245.0,100.0,Not Applicable,Not Applicable,No,Not Applicable,436,UPI,45,4.3,5.0
2024-07-29 10:38:00,CNR5015163316,Success,CID847843,Prime Plus,Richmond Town,Cox Town,140.0,70.0,Not Applicable,Not Applicable,No,Not Applicable,445,Debit Card,15,3.3,4.1
2024-07-23 03:44:00,CNR9908141927,Success,CID416892,Prime Sedan,Electronic City,Hulimavu,35.0,55.0,Not Applicable,Not Applicable,No,Not Applicable,142,UPI,10,4.9,3.2
2024-07-15 07:27:00,CNR2998052226,Success,CID425531,Prime Sedan,Langford Town,Peenya,77.0,110.0,Not Applicable,Not Applicable,No,Not Applicable,498,Cash,39,4.6,4.5
2024-07-10 09:44:00,CNR9666110136,Success,CID188300,Prime Plus,Koramangala,Banashankari,259.0,70.0,Not Applicable,Not Applicable,No,Not Applicable,204,UPI,38,4.4,3.4
2024-07-06 21:43:00,CNR9575125865,Canceled by Customer,CID175116,Bike,Yelahanka,Bannerghatta Road,,,Change of plans,Not Applicable,Not Applicable,Not Applicable,898,Not Applicable,0,,
2024-07-25 13:56:00,CNR6746419691,Canceled by Customer,CID267447,Prime SUV,Sarjapur Road,Hosur Road,,,AC is Not working,Not Applicable,Not Applicable,Not Applicable,694,Not Applicable,0,,
2024-07-10 22:06:00,CNR9637773867,Canceled by Customer,CID479339,Auto,Basavanagudi,Nagarbhavi,,,Driver asked to cancel,Not Applicable,Not Applicable,Not Applicable,180,Not Applicable,0,,
2024-07-30 06:17:00,CNR1518807140,Success,CID502892,Mini,Yelahanka,Kadugodi,154.0,60.0,Not Applicable,Not Applicable,No,Not Applicable,928,Cash,23,4.0,3.3
2024-07-01 11:55:00,CNR9364203697,Success,CID701425,Prime Sedan,Tumkur Road,Frazer Town,196.0,110.0,Not Applicable,Not Applicable,Yes,Vehicle Breakdown,2780,Cash,22,3.9,3.3
2024-07-29 08:13:00,CNR2138628218,Success,CID845996,Prime Plus,Majestic,Ulsoor,175.0,95.0,Not Applicable,Not Applicable,No,Not Applicable,339,Cash,24,3.6,3.2
2024-07-15 04:54:00,CNR9887007046,Success,CID813838,Prime SUV,Mysore Road,Varthur,175.0,65.0,Not Applicable,Not Applicable,No,Not Applicable,268,Cash,20,4.2,3.9
2024-07-10 10:35:00,CNR9773489476,Driver Not Found,CID793574,Bike,Shivajinagar,JP Nagar,,,Not Applicable,Not Applicable,Not Applicable,Not Applicable,855,Not Applicable,0,,
2024-07-11 19:07:00,CNR6734522269,Canceled by Customer,CID976451,eBike,Marathahalli,Basavanagudi,,,Driver asked to cancel,Not Applicable,Not Applicable,Not Applicable,313,Not Applicable,0,,
2024-07-19 13:34:00,CNR7829847226,Canceled by Customer,CID927491,Prime SUV,Shantinagar,Rajajinagar,,,Driver asked to cancel,Not Applicable,Not Applicable,Not Applicable,305,Not Applicable,0,,
2024-07-08 19:42:00,CNR6074384931,Success,CID500167,Mini,Rajajinagar,Hulimavu,35.0,80.0,Not Applicable,Not Applicable,No,Not Applicable,287,Cash,7,3.3,4.1
2024-07-17 00:47:00,CNR5158236169,Success,CID935337,Prime Plus,Kengeri,Tumkur Road,224.0,85.0,Not Applicable,Not Applicable,No,Not Applicable,168,Cash,15,4.4,4.3
2024-07-20 22:12:00,CNR5818484140,Success,CID608133,eBike,Cox Town,Yeshwanthpur,35.0,140.0,Not Applicable,Not Applicable,No,Not Applicable,443,Cash,7,3.8,4.4
2024-07-29 20:56:00,CNR8620523058,Success,CID122222,Prime Sedan,Magadi Road,Yeshwanthpur,140.0,70.0,Not Applicable,Not Applicable,No,Not Applicable,308,UPI,43,5.0,4.5
2024-07-20 06:52:00,CNR5627676092,Canceled by Customer,CID700050,Mini,Shantinagar,KR Puram,,,AC is Not working,Not Applicable,Not Applicable,Not Applicable,503,Not Applicable,0,,
2024-07-14 07:02:00,CNR1102492253,Success,CID840559,Prime Plus,Sarjapur Road,Vijayanagar,231.0,115.0,Not Applicable,Not Applicable,Yes,Customer Demand,116,Cash,43,3.4,3.8
2024-07-12 04:22:00,CNR5027318597,Canceled by Driver,CID453745,Prime SUV,Tumkur Road,Sahakar Nagar,,,Not Applicable,Personal & Car related issue,Not Applicable,Not Applicable,940,Not Applicable,0,,
2024-07-28 17:13:00,CNR1601084867,Success,CID177501,Prime Sedan,Marathahalli,KR Puram,273.0,80.0,Not Applicable,Not Applicable,No,Not Applicable,142,Cash,17,3.5,4.7
2024-07-05 03:01:00,CNR1912317031,Success,CID396989,Prime SUV,Frazer Town,Padmanabhanagar,273.0,70.0,Not Applicable,Not Applicable,No,Not Applicable,965,Cash,24,4.3,3.2
2024-07-14 19:53:00,CNR4813625260,Success,CID885290,eBike,JP Nagar,Hosur Road,175.0,60.0,Not Applicable,Not Applicable,No,Not Applicable,346,UPI,21,4.0,3.1
2024-07-08 16:31:00,CNR8717667042,Driver Not Found,CID726105,Auto,Majestic,Chamarajpet,,,Not Applicable,Not Applicable,Not Applicable,Not Applicable,862,Not Applicable,0,,
2024-07-18 09:02:00,CNR9397898201,Canceled by Driver,CID798989,Auto,Sahakar Nagar,Varthur,,,Not Applicable,Customer was coughing/sick,Not Applicable,Not Applicable,485,Not Applicable,0,,
2024-07-21 04:57:00,CNR9614236560,Success,CID939535,Auto,Kadugodi,Varthur,168.0,100.0,Not Applicable,Not Applicable,No,Not Applicable,210,Cash,6,4.0,3.6
2024-07-28 05:18:00,CNR6013704677,Success,CID503165,Prime Plus,BTM Layout,MG Road,42.0,100.0,Not Applicable,Not Applicable,No,Not Applicable,339,UPI,18,3.9,4.7
2024-07-26 11:24:00,CNR3349819219,Canceled by Driver,CID632986,eBike,Bannerghatta Road,Marathahalli,,,Not Applicable,More than permitted people in there,Not Applicable,Not Applicable,446,Not Applicable,0,,
2024-07-01 16:43:00,CNR3691043940,Success,CID108052,Bike,Shantinagar,Jayanagar,217.0,40.0,Not Applicable,Not Applicable,No,Not Applicable,2611,UPI,30,3.7,4.5
2024-07-19 13:42:00,CNR4590162277,Success,CID104312,Mini,Cox Town,JP Nagar,182.0,75.0,Not Applicable,Not Applicable,No,Not Applicable,933,Cash,34,3.8,4.5
2024-07-27 15:14:00,CNR9579831570,Success,CID600250,Prime SUV,Kammanahalli,Yeshwanthpur,252.0,105.0,Not Applicable,Not Applicable,No,Not Applicable,262,UPI,25,4.5,4.3
2024-07-27 17:59:00,CNR6255509367,Success,CID268195,Prime SUV,Jayanagar,Kadugodi,126.0,70.0,Not Applicable,Not Applicable,No,Not Applicable,438,Cash,17,3.0,3.7
2024-07-23 09:44:00,CNR9011240445,Canceled by Driver,CID730225,Prime Sedan,Vijayanagar,Bannerghatta Road,,,Not Applicable,Customer was coughing/sick,Not Applicable,Not Applicable,178,Not Applicable,0,,
2024-07-30 02:38:00,CNR7537101921,Success,CID139983,Prime SUV,Ulsoor,Varthur,273.0,35.0,Not Applicable,Not Applicable,No,Not Applicable,304,UPI,18,3.2,3.7
2024-07-14 23:37:00,CNR2746296301,Success,CID984130,eBike,Yelahanka,Rajajinagar,231.0,40.0,Not Applicable,Not Applicable,No,Not Applicable,193,UPI,31,4.3,4.2
2024-07-13 21:49:00,CNR2277383773,Success,CID963289,Prime Sedan,Rajajinagar,Indiranagar,280.0,50.0,Not Applicable,Not Applicable,No,Not Applicable,311,UPI,43,4.8,3.5
2024-07-10 01:58:00,CNR1086415255,Driver Not Found,CID728850,Prime Sedan,Magadi Road,MG Road,,,Not Applicable,Not Applicable,Not Applicable,Not Applicable,263,Not Applicable,0,,
2024-07-21 01:04:00,CNR3746842462,Success,CID386407,Prime Sedan,Yelahanka,Yeshwanthpur,168.0,45.0,Not Applicable,Not Applicable,No,Not Applicable,641,UPI,10,3.3,3.9
2024-07-15 02:44:00,CNR1542904320,Canceled by Driver,CID476508,Prime Plus,JP Nagar,Malleshwaram,,,Not Applicable,Customer was coughing/sick,Not Applicable,Not Applicable,357,Not Applicable,0,,
2024-07-09 05:25:00,CNR4356455744,Canceled by Customer,CID847345,Auto,Hennur,Ulsoor,,,Driver is not moving towards pickup location,Not Applicable,Not Applicable,Not Applicable,648,Not Applicable,0,,
2024-07-26 01:14:00,CNR5437534036,Success,CID872147,Prime SUV,Cox Town,Sahakar Nagar,35.0,25.0,Not Applicable,Not Applicable,Yes,Vehicle Breakdown,177,UPI,49,4.8,4.2
2024-07-14 12:52:00,CNR5064962081,Success,CID678741,eBike,Malleshwaram,Banashankari,147.0,85.0,Not Applicable,Not Applicable,No,Not Applicable,833,Cash,40,4.9,4.9
2024-07-24 17:51:00,CNR7073503044,Canceled by Customer,CID806738,Prime Plus,Ramamurthy Nagar,RT Nagar,,,Driver asked to cancel,Not Applicable,Not Applicable,Not Applicable,358,Not Applicable,0,,
2024-07-16 05:37:00,CNR6124443274,Success,CID480867,Auto,Marathahalli,Tumkur Road,189.0,45.0,Not Applicable,Not Applicable,No,Not Applicable,259,UPI,12,3.3,4.2
2024-07-25 12:50:00,CNR5981720911,Success,CID140084,Prime SUV,Basavanagudi,Kengeri,189.0,95.0,Not Applicable,Not Applicable,No,Not Applicable,944,UPI,37,3.9,4.1
2024-07-25 15:54:00,CNR5457682500,Success,CID893093,Prime Plus,MG Road,KR Puram,154.0,110.0,Not Applicable,Not Applicable,No,Not Applicable,208,UPI,39,3.4,3.5
2024-07-12 13:54:00,CNR4945791100,Success,CID432761,Prime Sedan,Peenya,Jayanagar,91.0,95.0,Not Applicable,Not Applicable,No,Not Applicable,871,Cash,44,3.7,4.3
2024-07-16 12:36:00,CNR1000752769,Success,CID112515,Prime SUV,Bellandur,Hosur Road,301.0,115.0,Not Applicable,Not Applicable,No,Not Applicable,455,Cash,27,4.1,4.1
2024-07-29 10:35:00,CNR6956405323,Canceled by Customer,CID352248,Prime Plus,Mysore Road,Ulsoor,,,Driver asked to cancel,Not Applicable,Not Applicable,Not Applicable,204,Not Applicable,0,,
2024-07-07 13:20:00,CNR5038236000,Success,CID816362,Auto,Bellandur,Langford Town,189.0,45.0,Not Applicable,Not Applicable,No,Not Applicable,987,Cash,3,4.4,5.0
2024-07-13 17:51:00,CNR1964270015,Success,CID970737,Prime Sedan,Magadi Road,Indiranagar,196.0,100.0,Not Applicable,Not Applicable,No,Not Applicable,359,Cash,38,4.3,4.6
2024-07-14 08:40:00,CNR8439068987,Driver Not Found,CID685821,Prime Plus,Chamarajpet,Electronic City,,,Not Applicable,Not Applicable,Not Applicable,Not Applicable,235,Not Applicable,0,,
2024-07-15 19:12:00,CNR3153692511,Success,CID974037,Prime Plus,Nagarbhavi,Shantinagar,91.0,140.0,Not Applicable,Not Applicable,No,Not Applicable,2654,Cash,8,3.7,3.2
2024-07-06 08:13:00,CNR5118884171,Canceled by Customer,CID943023,Auto,JP Nagar,Electronic City,,,Driver asked to cancel,Not Applicable,Not Applicable,Not Applicable,274,Not Applicable,0,,
2024-07-21 01:15:00,CNR9199916293,Success,CID242935,eBike,RT Nagar,Rajajinagar,210.0,30.0,Not Applicable,Not Applicable,No,Not Applicable,2638,UPI,9,3.7,3.5
2024-07-21 02:19:00,CNR6904898143,Success,CID744328,Mini,Shivajinagar,Shantinagar,203.0,115.0,Not Applicable,Not Applicable,No,Not Applicable,691,UPI,17,3.2,3.1
2024-07-26 13:12:00,CNR7993237905,Success,CID214279,Bike,Magadi Road,Marathahalli,133.0,60.0,Not Applicable,Not Applicable,No,Not Applicable,1464,UPI,7,3.2,4.2
2024-07-09 10:56:00,CNR8546596551,Success,CID131684,Bike,Jayanagar,Yelahanka,245.0,85.0,Not Applicable,Not Applicable,No,Not Applicable,146,UPI,14,4.3,3.1
2024-07-29 22:11:00,CNR3545283758,Canceled by Driver,CID804197,Prime Sedan,Jayanagar,Mysore Road,,,Not Applicable,Personal & Car related issue,Not Applicable,Not Applicable,164,Not Applicable,0,,
2024-07-08 03:45:00,CNR9459761025,Success,CID172729,Mini,Hebbal,Magadi Road,231.0,30.0,Not Applicable,Not Applicable,No,Not Applicable,303,Cash,40,5.0,4.1
2024-07-20 04:55:00,CNR5437380300,Success,CID878854,Prime Plus,Majestic,Cox Town,42.0,95.0,Not Applicable,Not Applicable,No,Not Applicable,355,UPI,11,3.5,3.6
2024-07-10 18:15:00,CNR3461882574,Success,CID867506,Prime SUV,Langford Town,Hebbal,203.0,90.0,Not Applicable,Not Applicable,No,Not Applicable,358,Cash,3,3.3,3.6
2024-07-12 17:36:00,CNR7914347440,Success,CID280811,Bike,Varthur,KR Puram,294.0,65.0,Not Applicable,Not Applicable,No,Not Applicable,2088,Cash,41,3.3,4.4
2024-07-08 00:23:00,CNR5150243012,Canceled by Driver,CID239284,Auto,Malleshwaram,Richmond Town,,,Not Applicable,Customer related issue,Not Applicable,Not Applicable,850,Not Applicable,0,,
2024-07-10 10:14:00,CNR4493776580,Canceled by Driver,CID483031,eBike,Bannerghatta Road,Electronic City,,,Not Applicable,More than permitted people in there,Not Applicable,Not Applicable,800,Not Applicable,0,,
2024-07-28 09:51:00,CNR5911314996,Driver Not Found,CID176559,Bike,Rajajinagar,Kengeri,,,Not Applicable,Not Applicable,Not Applicable,Not Applicable,242,Not Applicable,0,,
2024-07-25 02:12:00,CNR9564487933,Success,CID452580,Prime Plus,Basavanagudi,Hulimavu,91.0,50.0,Not Applicable,Not Applicable,Yes,Other Issue,139,Cash,35,3.6,4.4
2024-07-04 20:45:00,CNR7220031241,Canceled by Customer,CID451328,Auto,Kammanahalli,Marathahalli,,,Driver asked to cancel,Not Applicable,Not Applicable,Not Applicable,423,Not Applicable,0,,
2024-07-01 17:23:00,CNR1309444474,Canceled by Driver,CID750653,eBike,Shivajinagar,Peenya,,,Not Applicable,Customer related issue,Not Applicable,Not Applicable,362,Not Applicable,0,,
2024-07-22 14:51:00,CNR8354544884,Success,CID585162,Prime Plus,Frazer Town,Peenya,245.0,30.0,Not Applicable,Not Applicable,No,Not Applicable,155,UPI,27,4.0,3.1
2024-07-23 06:14:00,CNR8124061762,Driver Not Found,CID683864,Bike,Kammanahalli,Kadugodi,,,Not Applicable,Not Applicable,Not Applicable,Not Applicable,390,Not Applicable,0,,
2024-07-05 19:07:00,CNR4650289194,Success,CID519691,Auto,Varthur,Langford Town,49.0,140.0,Not Applicable,Not Applicable,No,Not Applicable,795,Cash,12,3.7,4.2
2024-07-02 01:33:00,CNR7805876070,Success,CID879398,Auto,RT Nagar,KR Puram,217.0,70.0,Not Applicable,Not Applicable,No,Not Applicable,163,Cash,12,4.3,4.8
2024-07-21 07:42:00,CNR6711556938,Success,CID170948,Prime SUV,Whitefield,Bellandur,189.0,65.0,Not Applicable,Not Applicable,No,Not Applicable,1777,Cash,23,4.7,4.2
2024-07-24 19:05:00,CNR1896177608,Success,CID288210,Auto,Electronic City,HSR Layout,84.0,115.0,Not Applicable,Not Applicable,No,Not Applicable,226,UPI,3,4.0,4.0
2024-07-09 17:50:00,CNR1958967373,Canceled by Customer,CID355516,eBike,Rajajinagar,KR Puram,,,Driver asked to cancel,Not Applicable,Not Applicable,Not Applicable,146,Not Applicable,0,,
2024-07-27 08:12:00,CNR4854833367,Success,CID997520,Prime Plus,Frazer Town,Kadugodi,161.0,100.0,Not Applicable,Not Applicable,No,Not Applicable,148,UPI,8,4.5,4.3
2024-07-25 09:06:00,CNR6723498189,Success,CID295892,Mini,Yelahanka,JP Nagar,266.0,135.0,Not Applicable,Not Applicable,No,Not Applicable,628,Cash,3,4.5,3.0
2024-07-18 17:21:00,CNR1995994526,Success,CID312685,Mini,Jayanagar,Kengeri,189.0,140.0,Not Applicable,Not Applicable,No,Not Applicable,257,Cash,3,4.5,3.2
2024-07-15 03:01:00,CNR1480112393,Canceled by Customer,CID503512,Mini,Peenya,Varthur,,,Wrong Address,Not Applicable,Not Applicable,Not Applicable,160,Not Applicable,0,,
2024-07-05 05:06:00,CNR1267461689,Success,CID566532,Prime SUV,Chickpet,Electronic City,231.0,130.0,Not Applicable,Not Applicable,No,Not Applicable,485,UPI,10,4.6,4.9
2024-07-13 14:50:00,CNR2717575235,Driver Not Found,CID765122,Prime Plus,Langford Town,Kammanahalli,,,Not Applicable,Not Applicable,Not Applicable,Not Applicable,436,Not Applicable,0,,
2024-07-29 12:51:00,CNR9408967903,Success,CID316449,Prime Sedan,HSR Layout,Kengeri,224.0,65.0,Not Applicable,Not Applicable,No,Not Applicable,888,Cash,47,4.0,4.8
2024-07-15 17:28:00,CNR3024400170,Driver Not Found,CID909596,Bike,MG Road,RT Nagar,,,Not Applicable,Not Applicable,Not Applicable,Not Applicable,2923,Not Applicable,0,,
2024-07-17 07:33:00,CNR4905023481,Success,CID287862,Auto,Bellandur,Bellandur,154.0,115.0,Not Applicable,Not Applicable,No,Not Applicable,750,Cash,14,3.4,4.5
2024-07-11 18:53:00,CNR9989434901,Driver Not Found,CID995533,Prime SUV,Cox Town,Varthur,,,Not Applicable,Not Applicable,Not Applicable,Not Applicable,299,Not Applicable,0,,
2024-07-08 22:47:00,CNR2350992889,Success,CID700034,eBike,JP Nagar,Banashankari,280.0,135.0,Not Applicable,Not Applicable,No,Not Applicable,201,Cash,6,4.8,3.3
2024-07-08 22:40:00,CNR7706167654,Canceled by Driver,CID257964,Auto,Banashankari,Frazer Town,,,Not Applicable,Customer related issue,Not Applicable,Not Applicable,328,Not Applicable,0,,
2024-07-01 02:34:00,CNR1814815623,Canceled by Driver,CID251039,eBike,Ramamurthy Nagar,Vijayanagar,,,Not Applicable,More than permitted people in there,Not Applicable,Not Applicable,2700,Not Applicable,0,,
2024-07-19 00:05:00,CNR8105234894,Success,CID661745,Prime Sedan,Bannerghatta Road,Peenya,252.0,125.0,Not Applicable,Not Applicable,No,Not Applicable,495,Cash,9,4.9,4.7
2024-07-15 18:26:00,CNR9853972185,Driver Not Found,CID975507,Mini,Bannerghatta Road,Bannerghatta Road,,,Not Applicable,Not Applicable,Not Applicable,Not Applicable,920,Not Applicable,0,,
2024-07-11 09:09:00,CNR9696028640,Success,CID247309,Prime Plus,Whitefield,Langford Town,175.0,145.0,Not Applicable,Not Applicable,Yes,Vehicle Breakdown,233,Credit Card,4,3.8,4.8
2024-07-15 20:44:00,CNR9952663626,Canceled by Driver,CID334639,Auto,Yelahanka,MG Road,,,Not Applicable,More than permitted people in there,Not Applicable,Not Applicable,2260,Not Applicable,0,,
2024-07-08 14:57:00,CNR5475345020,Success,CID127178,Bike,Basavanagudi,Shantinagar,266.0,120.0,Not Applicable,Not Applicable,Yes,Other Issue,360,Cash,12,3.6,4.7
2024-07-02 17:05:00,CNR8479742073,Success,CID130142,Prime Plus,Electronic City,HSR Layout,147.0,125.0,Not Applicable,Not Applicable,No,Not Applicable,439,UPI,19,3.1,3.5
2024-07-22 11:32:00,CNR3098135582,Driver Not Found,CID399851,Mini,Tumkur Road,Ramamurthy Nagar,,,Not Applicable,Not Applicable,Not Applicable,Not Applicable,476,Not Applicable,0,,
2024-07-17 11:02:00,CNR4056865514,Success,CID996487,Auto,Nagarbhavi,Rajajinagar,259.0,90.0,Not Applicable,Not Applicable,No,Not Applicable,325,UPI,3,4.8,4.4
2024-07-11 17:01:00,CNR3695424847,Canceled by Driver,CID251056,Prime SUV,Rajajinagar,Electronic City,,,Not Applicable,Customer was coughing/sick,Not Applicable,Not Applicable,455,Not Applicable,0,,
2024-07-22 02:29:00,CNR9223882264,Canceled by Driver,CID656008,Prime Plus,KR Puram,Yelahanka,,,Not Applicable,Customer related issue,Not Applicable,Not Applicable,564,Not Applicable,0,,
2024-07-04 21:41:00,CNR9205096029,Canceled by Customer,CID859417,Bike,KR Puram,Electronic City,,,Change of plans,Not Applicable,Not Applicable,Not Applicable,241,Not Applicable,0,,
2024-07-21 23:28:00,CNR3776762727,Success,CID725709,Prime Plus,Sahakar Nagar,Electronic City,98.0,140.0,Not Applicable,Not Applicable,No,Not Applicable,121,Cash,33,4.1,4.5
2024-07-18 16:04:00,CNR4505736454,Canceled by Driver,CID792276,eBike,Mysore Road,Ramamurthy Nagar,,,Not Applicable,Personal & Car related issue,Not Applicable,Not Applicable,532,Not Applicable,0,,
2024-07-29 18:00:00,CNR2100509825,Success,CID900829,eBike,Ramamurthy Nagar,Ulsoor,112.0,110.0,Not Applicable,Not Applicable,No,Not Applicable,1323,UPI,36,4.4,4.2
2024-07-17 19:12:00,CNR9213697487,Driver Not Found,CID261500,Prime Sedan,Hulimavu,JP Nagar,,,Not Applicable,Not Applicable,Not Applicable,Not Applicable,195,Not Applicable,0,,
2024-07-12 02:03:00,CNR4575162694,Success,CID299852,Prime Sedan,Chamarajpet,Indiranagar,119.0,95.0,Not Applicable,Not Applicable,No,Not Applicable,690,Cash,13,3.9,4.5
2024-07-28 07:09:00,CNR4873403102,Success,CID421066,Bike,Kammanahalli,Devanahalli,308.0,95.0,Not Applicable,Not Applicable,No,Not Applicable,238,Cash,8,4.4,3.6
2024-07-18 02:37:00,CNR2021453996,Success,CID383068,Prime Sedan,Sarjapur Road,Richmond Town,224.0,25.0,Not Applicable,Not Applicable,No,Not Applicable,393,UPI,7,4.8,3.2
2024-07-14 15:43:00,CNR6622411525,Success,CID268158,Auto,Marathahalli,Koramangala,301.0,145.0,Not Applicable,Not Applicable,No,Not Applicable,987,Cash,9,3.7,4.1
2024-07-01 05:33:00,CNR4968670586,Success,CID306034,Mini,Kadugodi,Vijayanagar,98.0,60.0,Not Applicable,Not Applicable,No,Not Applicable,499,Cash,39,3.7,4.6
2024-07-17 05:16:00,CNR4174114859,Canceled by Driver,CID433337,Prime Sedan,Yelahanka,Bannerghatta Road,,,Not Applicable,Customer related issue,Not Applicable,Not Applicable,423,Not Applicable,0,,
2024-07-28 13:58:00,CNR5065893132,Success,CID910908,Prime Sedan,Nagarbhavi,Yeshwanthpur,140.0,40.0,Not Applicable,Not Applicable,No,Not Applicable,158,UPI,3,3.4,3.4
2024-07-12 22:18:00,CNR4031909065,Success,CID822121,Auto,Rajarajeshwari Nagar,Mysore Road,154.0,100.0,Not Applicable,Not Applicable,Yes,Other Issue,833,UPI,5,3.1,3.2
2024-07-03 12:55:00,CNR8036022018,Canceled by Driver,CID199840,eBike,Cox Town,Yelahanka,,,Not Applicable,More than permitted people in there,Not Applicable,Not Applicable,300,Not Applicable,0,,
2024-07-17 08:22:00,CNR1391106078,Canceled by Driver,CID431894,eBike,Sahakar Nagar,Jayanagar,,,Not Applicable,Personal & Car related issue,Not Applicable,Not Applicable,2125,Not Applicable,0,,
2024-07-15 00:22:00,CNR8960934855,Success,CID596693,Bike,Kadugodi,Yeshwanthpur,280.0,140.0,Not Applicable,Not Applicable,No,Not Applicable,935,UPI,31,4.2,4.4
2024-07-24 06:28:00,CNR7299228025,Success,CID337658,Auto,Koramangala,Majestic,294.0,135.0,Not Applicable,Not Applicable,No,Not Applicable,460,Cash,14,4.3,3.2
2024-07-23 09:27:00,CNR4728704751,Canceled by Driver,CID166217,Prime Plus,Devanahalli,Mysore Road,,,Not Applicable,Customer related issue,Not Applicable,Not Applicable,435,Not Applicable,0,,
2024-07-20 20:26:00,CNR7045489924,Success,CID576583,Bike,Tumkur Road,Banashankari,84.0,45.0,Not Applicable,Not Applicable,No,Not Applicable,470,Cash,1,3.0,3.5
2024-07-06 04:04:00,CNR8263822237,Success,CID364438,Prime Sedan,MG Road,HSR Layout,196.0,100.0,Not Applicable,Not Applicable,No,Not Applicable,827,UPI,45,5.0,4.9
2024-07-18 23:18:00,CNR7418088344,Canceled by Driver,CID737493,Prime SUV,Hosur Road,Hulimavu,,,Not Applicable,More than permitted people in there,Not Applicable,Not Applicable,292,Not Applicable,0,,
2024-07-14 13:42:00,CNR8908449510,Success,CID822650,Bike,Cox Town,Electronic City,224.0,75.0,Not Applicable,Not Applicable,No,Not Applicable,391,UPI,29,3.7,4.9
2024-07-18 06:32:00,CNR3226644300,Canceled by Driver,CID425518,Prime Plus,Shivajinagar,Hebbal,,,Not Applicable,More than permitted people in there,Not Applicable,Not Applicable,372,Not Applicable,0,,
2024-07-18 20:18:00,CNR9802500881,Success,CID203885,Mini,Electronic City,Bellandur,280.0,90.0,Not Applicable,Not Applicable,No,Not Applicable,113,UPI,18,4.5,4.2
2024-07-22 18:01:00,CNR6256144866,Canceled by Customer,CID634684,Mini,Majestic,Hennur,,,Driver is not moving towards pickup location,Not Applicable,Not Applicable,Not Applicable,318,Not Applicable,0,,
2024-07-09 19:57:00,CNR1008453394,Success,CID918919,Prime Plus,Magadi Road,Indiranagar,238.0,80.0,Not Applicable,Not Applicable,No,Not Applicable,306,UPI,12,3.8,3.9
2024-07-26 06:56:00,CNR6086306609,Canceled by Driver,CID122240,Bike,Padmanabhanagar,Padmanabhanagar,,,Not Applicable,Customer was coughing/sick,Not Applicable,Not Applicable,766,Not Applicable,0,,
2024-07-09 12:57:00,CNR2029643320,Success,CID993987,Prime Plus,Nagarbhavi,Peenya,301.0,60.0,Not Applicable,Not Applicable,No,Not Applicable,449,Cash,29,4.8,3.2
2024-07-23 22:29:00,CNR2263096305,Success,CID444720,Prime Sedan,Kammanahalli,Kadugodi,112.0,60.0,Not Applicable,Not Applicable,Yes,Customer Demand,326,Cash,32,3.7,3.4
2024-07-07 08:00:00,CNR2356082055,Success,CID690004,Auto,Hosur Road,Indiranagar,301.0,50.0,Not Applicable,Not Applicable,No,Not Applicable,394,Cash,3,3.6,3.9
2024-07-08 02:02:00,CNR5908056299,Success,CID913256,Auto,Bellandur,Ramamurthy Nagar,140.0,125.0,Not Applicable,Not Applicable,No,Not Applicable,105,UPI,3,4.2,4.0
2024-07-12 05:22:00,CNR9481221528,Driver Not Found,CID731732,Bike,Kengeri,Kengeri,,,Not Applicable,Not Applicable,Not Applicable,Not Applicable,472,Not Applicable,0,,
2024-07-11 03:04:00,CNR8961336292,Driver Not Found,CID955573,Bike,Peenya,KR Puram,,,Not Applicable,Not Applicable,Not Applicable,Not Applicable,412,Not Applicable,0,,
2024-07-05 02:29:00,CNR7359241905,Success,CID775201,Prime Plus,Rajarajeshwari Nagar,Frazer Town,259.0,95.0,Not Applicable,Not Applicable,No,Not Applicable,248,UPI,10,4.4,3.5
2024-07-21 14:32:00,CNR6125376413,Success,CID687242,Bike,Bellandur,Tumkur Road,224.0,40.0,Not Applicable,Not Applicable,No,Not Applicable,652,Cash,28,4.7,4.4
2024-07-03 16:28:00,CNR3343267131,Success,CID702985,Prime SUV,Cox Town,MG Road,175.0,140.0,Not Applicable,Not Applicable,No,Not Applicable,277,Credit Card,20,3.2,3.0
2024-07-25 11:27:00,CNR5241100789,Canceled by Customer,CID658198,eBike,Kammanahalli,Hennur,,,Driver asked to cancel,Not Applicable,Not Applicable,Not Applicable,207,Not Applicable,0,,
2024-07-11 09:38:00,CNR3556363822,Success,CID122128,Prime Sedan,Basavanagudi,Richmond Town,91.0,45.0,Not Applicable,Not Applicable,No,Not Applicable,170,UPI,40,4.9,3.7
2024-07-01 11:41:00,CNR8182312134,Success,CID636364,Bike,Devanahalli,Peenya,266.0,50.0,Not Applicable,Not Applicable,No,Not Applicable,406,UPI,49,4.3,3.1
2024-07-15 19:47:00,CNR5317114224,Success,CID355105,Auto,RT Nagar,Malleshwaram,196.0,130.0,Not Applicable,Not Applicable,No,Not Applicable,279,Cash,9,4.9,4.7
2024-07-19 07:58:00,CNR9505259941,Success,CID801787,Bike,Koramangala,Magadi Road,147.0,30.0,Not Applicable,Not Applicable,No,Not Applicable,367,UPI,11,4.3,3.3
2024-07-20 09:23:00,CNR7273929527,Canceled by Driver,CID381458,Prime Plus,Malleshwaram,Hosur Road,,,Not Applicable,More than permitted people in there,Not Applicable,Not Applicable,164,Not Applicable,0,,
2024-07-09 17:07:00,CNR5252597186,Success,CID690806,Mini,Varthur,Chickpet,133.0,25.0,Not Applicable,Not Applicable,No,Not Applicable,294,Credit Card,11,3.4,4.5
2024-07-14 10:44:00,CNR8469618943,Driver Not Found,CID711934,Bike,Kengeri,Sarjapur Road,,,Not Applicable,Not Applicable,Not Applicable,Not Applicable,247,Not Applicable,0,,
2024-07-01 10:14:00,CNR3097365114,Success,CID717764,Auto,Langford Town,Hulimavu,119.0,115.0,Not Applicable,Not Applicable,No,Not Applicable,198,Cash,12,3.8,4.4
2024-07-11 01:22:00,CNR2605004553,Success,CID207540,Prime Sedan,Sarjapur Road,Ulsoor,259.0,130.0,Not Applicable,Not Applicable,No,Not Applicable,982,Cash,47,3.5,5.0
2024-07-05 06:49:00,CNR6803921321,Success,CID351753,Mini,Ramamurthy Nagar,Bellandur,210.0,40.0,Not Applicable,Not Applicable,Yes,Customer Demand,209,Cash,48,4.0,4.3
2024-07-26 03:39:00,CNR9070013860,Success,CID254572,Bike,HSR Layout,Jayanagar,266.0,90.0,Not Applicable,Not Applicable,No,Not Applicable,373,UPI,44,3.2,3.5
2024-07-29 13:44:00,CNR8606256469,Success,CID515412,Bike,Magadi Road,Langford Town,70.0,100.0,Not Applicable,Not Applicable,No,Not Applicable,469,UPI,25,4.8,3.8
2024-07-02 17:00:00,CNR4953428492,Canceled by Driver,CID297539,Auto,Sahakar Nagar,Whitefield,,,Not Applicable,More than permitted people in there,Not Applicable,Not Applicable,379,Not Applicable,0,,
2024-07-09 19:03:00,CNR3531470040,Canceled by Driver,CID205465,eBike,KR Puram,JP Nagar,,,Not Applicable,Personal & Car related issue,Not Applicable,Not Applicable,417,Not Applicable,0,,
2024-07-06 15:24:00,CNR7213521781,Success,CID180901,Bike,Malleshwaram,Vijayanagar,259.0,70.0,Not Applicable,Not Applicable,No,Not Applicable,2528,UPI,22,3.7,3.2
2024-07-27 11:16:00,CNR1203017496,Success,CID889911,Prime Sedan,Magadi Road,Hebbal,126.0,45.0,Not Applicable,Not Applicable,No,Not Applicable,401,Cash,8,4.3,3.0
2024-07-28 10:20:00,CNR1375243312,Success,CID342461,Prime Plus,Shantinagar,Indiranagar,280.0,125.0,Not Applicable,Not Applicable,No,Not Applicable,312,Cash,20,4.3,4.7
2024-07-04 06:15:00,CNR1455582712,Success,CID459233,Mini,Rajarajeshwari Nagar,Yeshwanthpur,105.0,95.0,Not Applicable,Not Applicable,No,Not Applicable,474,Credit Card,35,3.1,4.6
2024-07-15 06:15:00,CNR4550646462,Success,CID716498,Bike,Devanahalli,Malleshwaram,161.0,30.0,Not Applicable,Not Applicable,No,Not Applicable,918,Cash,38,4.3,3.3
2024-07-02 01:35:00,CNR1847246770,Success,CID861932,Prime SUV,Vijayanagar,Langford Town,77.0,85.0,Not Applicable,Not Applicable,No,Not Applicable,466,UPI,49,4.1,4.7
2024-07-28 01:45:00,CNR4872822977,Success,CID911610,Bike,Shantinagar,Kengeri,280.0,30.0,Not Applicable,Not Applicable,No,Not Applicable,176,UPI,17,5.0,3.0
2024-07-16 00:08:00,CNR8541072202,Canceled by Driver,CID148806,eBike,Hennur,MG Road,,,Not Applicable,Customer related issue,Not Applicable,Not Applicable,354,Not Applicable,0,,
2024-07-05 17:34:00,CNR7793648678,Success,CID479171,Prime SUV,Indiranagar,Basavanagudi,133.0,105.0,Not Applicable,Not Applicable,No,Not Applicable,139,UPI,37,4.1,4.5
2024-07-26 22:47:00,CNR6669711181,Success,CID433056,Prime SUV,Whitefield,Devanahalli,238.0,55.0,Not Applicable,Not Applicable,No,Not Applicable,226,Cash,46,5.0,4.0
2024-07-07 22:03:00,CNR2783517298,Canceled by Driver,CID672693,eBike,Bannerghatta Road,Tumkur Road,,,Not Applicable,Customer related issue,Not Applicable,Not Applicable,475,Not Applicable,0,,
2024-07-13 00:10:00,CNR2746843360,Driver Not Found,CID590474,eBike,Yeshwanthpur,Basavanagudi,,,Not Applicable,Not Applicable,Not Applicable,Not Applicable,422,Not Applicable,0,,
2024-07-28 09:15:00,CNR4607045347,Canceled by Customer,CID627319,Prime Plus,Shantinagar,KR Puram,,,Wrong Address,Not Applicable,Not Applicable,Not Applicable,386,Not Applicable,0,,
2024-07-30 13:41:00,CNR8736796219,Driver Not Found,CID552280,Prime Plus,Yeshwanthpur,Mysore Road,,,Not Applicable,Not Applicable,Not Applicable,Not Applicable,200,Not Applicable,0,,
2024-07-10 14:32:00,CNR1862971902,Canceled by Customer,CID466741,eBike,Ramamurthy Nagar,Mysore Road,,,Driver asked to cancel,Not Applicable,Not Applicable,Not Applicable,105,Not Applicable,0,,
2024-07-07 10:05:00,CNR7033870751,Success,CID506558,Bike,Chamarajpet,Electronic City,238.0,115.0,Not Applicable,Not Applicable,No,Not Applicable,297,Cash,21,4.4,4.5
2024-07-03 06:39:00,CNR2229153736,Driver Not Found,CID920117,Auto,Kammanahalli,Chickpet,,,Not Applicable,Not Applicable,Not Applicable,Not Applicable,1633,Not Applicable,0,,
2024-07-12 18:55:00,CNR7331289080,Driver Not Found,CID832079,Auto,Majestic,MG Road,,,Not Applicable,Not Applicable,Not Applicable,Not Applicable,462,Not Applicable,0,,
2024-07-19 13:27:00,CNR6856157250,Success,CID772538,Mini,Banashankari,Shivajinagar,91.0,90.0,Not Applicable,Not Applicable,No,Not Applicable,1098,UPI,37,4.2,3.4
2024-07-01 22:35:00,CNR2169747300,Driver Not Found,CID171933,Prime SUV,RT Nagar,Hulimavu,,,Not Applicable,Not Applicable,Not Applicable,Not Applicable,169,Not Applicable,0,,
2024-07-25 22:56:00,CNR1756923392,Success,CID266304,Bike,Hulimavu,JP Nagar,294.0,25.0,Not Applicable,Not Applicable,No,Not Applicable,118,UPI,42,3.2,4.1
2024-07-22 12:21:00,CNR7981880569,Success,CID342628,Auto,Indiranagar,Sarjapur Road,224.0,85.0,Not Applicable,Not Applicable,No,Not Applicable,192,Cash,16,4.0,3.1
2024-07-18 16:49:00,CNR6990145548,Canceled by Driver,CID845797,Mini,Yeshwanthpur,BTM Layout,,,Not Applicable,Customer was coughing/sick,Not Applicable,Not Applicable,345,Not Applicable,0,,
2024-07-22 14:10:00,CNR3485298457,Success,CID590543,Bike,BTM Layout,JP Nagar,294.0,40.0,Not Applicable,Not Applicable,No,Not Applicable,310,Cash,32,4.0,3.7
2024-07-06 13:05:00,CNR9986066490,Success,CID155904,eBike,Frazer Town,Chamarajpet,126.0,90.0,Not Applicable,Not Applicable,No,Not Applicable,488,Cash,11,4.2,3.5
2024-07-29 12:17:00,CNR5996620850,Success,CID383475,Auto,Kadugodi,Hulimavu,91.0,85.0,Not Applicable,Not Applicable,No,Not Applicable,899,Cash,9,4.7,3.6
2024-07-13 09:29:00,CNR8556025234,Canceled by Customer,CID995888,Auto,Chamarajpet,Frazer Town,,,AC is Not working,Not Applicable,Not Applicable,Not Applicable,364,Not Applicable,0,,
2024-07-17 06:25:00,CNR4078195330,Success,CID561489,Auto,Yeshwanthpur,Rajarajeshwari Nagar,91.0,120.0,Not Applicable,Not Applicable,No,Not Applicable,470,UPI,12,4.1,4.6
2024-07-29 17:12:00,CNR6775006918,Success,CID826294,Prime SUV,Ramamurthy Nagar,Kadugodi,49.0,125.0,Not Applicable,Not Applicable,No,Not Applicable,444,Cash,13,3.6,4.4
2024-07-19 01:39:00,CNR5966168633,Success,CID537216,Prime Plus,RT Nagar,Whitefield,273.0,60.0,Not Applicable,Not Applicable,No,Not Applicable,2853,Cash,26,3.7,4.8
2024-07-23 05:12:00,CNR7820801240,Success,CID935549,Prime SUV,Frazer Town,Koramangala,133.0,45.0,Not Applicable,Not Applicable,No,Not Applicable,168,Cash,42,4.3,3.9
2024-07-24 17:52:00,CNR8969730392,Canceled by Driver,CID364439,Bike,KR Puram,Whitefield,,,Not Applicable,Personal & Car related issue,Not Applicable,Not Applicable,709,Not Applicable,0,,
2024-07-05 19:47:00,CNR6975262240,Success,CID677285,Auto,Koramangala,Varthur,308.0,25.0,Not Applicable,Not Applicable,No,Not Applicable,149,UPI,13,3.4,3.4
2024-07-30 09:51:00,CNR6717256424,Success,CID779132,Bike,Indiranagar,Banashankari,182.0,120.0,Not Applicable,Not Applicable,No,Not Applicable,217,Credit Card,8,3.2,3.8
2024-07-21 04:07:00,CNR3317898987,Canceled by Driver,CID740393,Bike,Sarjapur Road,Shantinagar,,,Not Applicable,Personal & Car related issue,Not Applicable,Not Applicable,472,Not Applicable,0,,
2024-07-04 04:56:00,CNR3618057311,Success,CID847492,Prime Plus,Tumkur Road,Peenya,210.0,50.0,Not Applicable,Not Applicable,No,Not Applicable,155,Cash,26,4.2,4.8
2024-07-26 18:14:00,CNR5238405860,Success,CID358229,Mini,Frazer Town,Chickpet,42.0,65.0,Not Applicable,Not Applicable,No,Not Applicable,839,UPI,1,4.4,4.2
2024-07-01 13:27:00,CNR3473469027,Canceled by Driver,CID994954,Bike,Sahakar Nagar,Bellandur,,,Not Applicable,Customer was coughing/sick,Not Applicable,Not Applicable,661,Not Applicable,0,,
2024-07-10 04:39:00,CNR2242448272,Success,CID887297,Prime Sedan,Kammanahalli,Peenya,91.0,75.0,Not Applicable,Not Applicable,No,Not Applicable,551,Cash,37,4.7,4.6
2024-07-17 07:31:00,CNR5377766616,Canceled by Driver,CID957625,eBike,Chamarajpet,Hebbal,,,Not Applicable,Customer was coughing/sick,Not Applicable,Not Applicable,313,Not Applicable,0,,
2024-07-23 03:28:00,CNR7260563432,Driver Not Found,CID704168,Auto,Sahakar Nagar,Hulimavu,,,Not Applicable,Not Applicable,Not Applicable,Not Applicable,735,Not Applicable,0,,
2024-07-07 16:06:00,CNR7642575078,Success,CID130731,Bike,Majestic,Jayanagar,161.0,105.0,Not Applicable,Not Applicable,No,Not Applicable,264,UPI,41,4.1,3.1
2024-07-26 14:35:00,CNR4701825887,Canceled by Customer,CID345866,Prime SUV,Bannerghatta Road,Banashankari,,,Driver asked to cancel,Not Applicable,Not Applicable,Not Applicable,351,Not Applicable,0,,
2024-07-06 20:39:00,CNR2795441208,Canceled by Driver,CID205379,Auto,Ulsoor,Frazer Town,,,Not Applicable,Personal & Car related issue,Not Applicable,Not Applicable,275,Not Applicable,0,,
2024-07-25 11:27:00,CNR5910396650,Success,CID469586,Prime SUV,Kammanahalli,Majestic,238.0,80.0,Not Applicable,Not Applicable,Yes,Customer Demand,206,Cash,39,3.3,4.1
2024-07-20 01:08:00,CNR5227003776,Success,CID934054,eBike,HSR Layout,Hebbal,252.0,90.0,Not Applicable,Not Applicable,No,Not Applicable,998,Cash,31,4.8,4.0
2024-07-06 12:04:00,CNR8928193263,Success,CID526570,Prime SUV,RT Nagar,BTM Layout,140.0,45.0,Not Applicable,Not Applicable,No,Not Applicable,239,Cash,38,3.5,4.9
2024-07-09 04:24:00,CNR9353609051,Success,CID175997,Bike,Richmond Town,Yeshwanthpur,84.0,65.0,Not Applicable,Not Applicable,No,Not Applicable,418,Cash,20,3.7,4.2
2024-07-07 21:37:00,CNR5161089431,Success,CID389262,Bike,HSR Layout,Ramamurthy Nagar,175.0,65.0,Not Applicable,Not Applicable,No,Not Applicable,436,UPI,19,3.6,4.5
2024-07-15 08:43:00,CNR9051613364,Success,CID273972,Prime SUV,Yelahanka,Richmond Town,147.0,130.0,Not Applicable,Not Applicable,No,Not Applicable,779,Cash,38,5.0,3.9
2024-07-12 13:48:00,CNR3328042472,Success,CID103197,eBike,Kengeri,JP Nagar,133.0,145.0,Not Applicable,Not Applicable,No,Not Applicable,375,Cash,13,4.0,4.7
2024-07-09 11:05:00,CNR5303286154,Success,CID959299,Prime Sedan,JP Nagar,Nagarbhavi,84.0,75.0,Not Applicable,Not Applicable,No,Not Applicable,644,Cash,20,4.1,3.4
2024-07-19 17:33:00,CNR9766272266,Success,CID113262,Bike,Kammanahalli,Cox Town,84.0,65.0,Not Applicable,Not Applicable,No,Not Applicable,444,Cash,29,3.6,3.7
2024-07-08 11:16:00,CNR2997443286,Success,CID568314,Prime Sedan,HSR Layout,Sarjapur Road,266.0,45.0,Not Applicable,Not Applicable,No,Not Applicable,354,UPI,24,4.5,4.2
2024-07-26 13:04:00,CNR6634338273,Success,CID716407,Prime Sedan,Sahakar Nagar,Devanahalli,126.0,80.0,Not Applicable,Not Applicable,No,Not Applicable,499,UPI,26,4.5,4.3
2024-07-15 09:54:00,CNR1922684262,Canceled by Driver,CID694631,Mini,HSR Layout,Kammanahalli,,,Not Applicable,Personal & Car related issue,Not Applicable,Not Applicable,326,Not Applicable,0,,
2024-07-16 23:24:00,CNR3808898685,Success,CID339453,Prime Sedan,Sahakar Nagar,Whitefield,280.0,25.0,Not Applicable,Not Applicable,No,Not Applicable,194,Cash,26,3.8,3.4
2024-07-16 23:25:00,CNR9453919489,Driver Not Found,CID997003,Prime Plus,Varthur,Hosur Road,,,Not Applicable,Not Applicable,Not Applicable,Not Applicable,492,Not Applicable,0,,
2024-07-22 06:04:00,CNR6664659602,Success,CID101421,eBike,Kengeri,Frazer Town,301.0,40.0,Not Applicable,Not Applicable,No,Not Applicable,384,UPI,41,4.8,3.2
2024-07-29 19:56:00,CNR5833978008,Success,CID339267,Prime Sedan,Hulimavu,Kadugodi,154.0,125.0,Not Applicable,Not Applicable,No,Not Applicable,2871,Cash,40,4.4,3.8
2024-07-28 00:35:00,CNR4907976848,Success,CID511268,Bike,Sarjapur Road,Ramamurthy Nagar,196.0,95.0,Not Applicable,Not Applicable,No,Not Applicable,484,UPI,19,4.9,3.9
2024-07-19 09:36:00,CNR3670662851,Driver Not Found,CID856071,eBike,Hebbal,Sarjapur Road,,,Not Applicable,Not Applicable,Not Applicable,Not Applicable,498,Not Applicable,0,,
2024-07-30 06:25:00,CNR1871902658,Success,CID151804,eBike,Basavanagudi,Sarjapur Road,259.0,105.0,Not Applicable,Not Applicable,No,Not Applicable,454,UPI,48,3.8,3.6
2024-07-03 18:33:00,CNR9726307875,Success,CID900652,Bike,Kammanahalli,Ramamurthy Nagar,196.0,105.0,Not Applicable,Not Applicable,No,Not Applicable,187,UPI,14,3.2,3.5
2024-07-09 04:37:00,CNR3432676477,Success,CID367550,Auto,Yeshwanthpur,Shivajinagar,301.0,100.0,Not Applicable,Not Applicable,No,Not Applicable,150,Cash,16,4.9,3.0
2024-07-21 18:39:00,CNR8522115066,Success,CID442794,eBike,Hennur,Yeshwanthpur,154.0,30.0,Not Applicable,Not Applicable,No,Not Applicable,307,UPI,28,3.7,3.9
2024-07-14 06:14:00,CNR4289158720,Canceled by Customer,CID975080,Prime Sedan,Varthur,Shivajinagar,,,Change of plans,Not Applicable,Not Applicable,Not Applicable,1072,Not Applicable,0,,
2024-07-05 17:12:00,CNR9288564897,Success,CID989415,Prime Sedan,Chickpet,Peenya,273.0,40.0,Not Applicable,Not Applicable,No,Not Applicable,290,Cash,26,4.1,4.0
2024-07-28 13:13:00,CNR1340161682,Driver Not Found,CID580433,Prime SUV,Magadi Road,Hennur,,,Not Applicable,Not Applicable,Not Applicable,Not Applicable,407,Not Applicable,0,,
2024-07-04 10:55:00,CNR7464197388,Success,CID137849,Prime Plus,JP Nagar,Padmanabhanagar,259.0,120.0,Not Applicable,Not Applicable,No,Not Applicable,743,Cash,22,4.6,4.8
2024-07-24 05:13:00,CNR9434396691,Success,CID797584,Bike,Indiranagar,Hebbal,91.0,105.0,Not Applicable,Not Applicable,No,Not Applicable,458,Cash,21,3.5,3.7
2024-07-03 17:18:00,CNR8727794815,Canceled by Customer,CID867863,Prime SUV,HSR Layout,Peenya,,,Driver asked to cancel,Not Applicable,Not Applicable,Not Applicable,443,Not Applicable,0,,
2024-07-17 01:43:00,CNR1955076409,Success,CID523501,Mini,Koramangala,Whitefield,203.0,140.0,Not Applicable,Not Applicable,No,Not Applicable,325,Cash,44,4.2,4.2
2024-07-17 16:46:00,CNR4151657155,Canceled by Driver,CID582182,Prime Plus,Hennur,Majestic,,,Not Applicable,Personal & Car related issue,Not Applicable,Not Applicable,436,Not Applicable,0,,
2024-07-03 13:43:00,CNR7211632739,Success,CID607279,eBike,Bannerghatta Road,Richmond Town,126.0,125.0,Not Applicable,Not Applicable,No,Not Applicable,238,UPI,47,3.3,4.2
2024-07-19 07:03:00,CNR3615680954,Success,CID966188,Prime Plus,Sahakar Nagar,Electronic City,245.0,135.0,Not Applicable,Not Applicable,No,Not Applicable,434,Cash,8,4.3,3.9
2024-07-13 18:48:00,CNR5088600986,Success,CID355615,Mini,MG Road,Bellandur,112.0,60.0,Not Applicable,Not Applicable,No,Not Applicable,1099,UPI,39,3.5,3.7
2024-07-16 19:43:00,CNR1320471748,Canceled by Driver,CID415353,Prime SUV,Padmanabhanagar,Shantinagar,,,Not Applicable,Customer related issue,Not Applicable,Not Applicable,286,Not Applicable,0,,
2024-07-09 03:58:00,CNR4374011113,Success,CID639662,Mini,Hosur Road,Ramamurthy Nagar,119.0,120.0,Not Applicable,Not Applicable,No,Not Applicable,138,Cash,30,4.9,3.2
2024-07-08 17:35:00,CNR3917730909,Canceled by Driver,CID521667,Prime Sedan,Jayanagar,Tumkur Road,,,Not Applicable,Customer was coughing/sick,Not Applicable,Not Applicable,696,Not Applicable,0,,
2024-07-07 23:50:00,CNR6062768818,Success,CID629842,eBike,Rajajinagar,Marathahalli,161.0,25.0,Not Applicable,Not Applicable,No,Not Applicable,237,UPI,34,3.6,4.2
2024-07-05 01:14:00,CNR8062952344,Success,CID621993,eBike,Kammanahalli,Cox Town,210.0,95.0,Not Applicable,Not Applicable,No,Not Applicable,181,UPI,40,3.3,4.9
2024-07-13 16:10:00,CNR4985022286,Success,CID273096,Prime SUV,Kammanahalli,Yeshwanthpur,238.0,130.0,Not Applicable,Not Applicable,Yes,Customer Demand,1344,Cash,12,4.2,4.6
2024-07-29 12:40:00,CNR8157516215,Success,CID689166,Mini,Frazer Town,Tumkur Road,70.0,40.0,Not Applicable,Not Applicable,No,Not Applicable,2898,Credit Card,28,4.2,4.7
2024-07-03 20:44:00,CNR1459257978,Canceled by Customer,CID650143,Prime Plus,Chickpet,Padmanabhanagar,,,Change of plans,Not Applicable,Not Applicable,Not Applicable,2609,Not Applicable,0,,
2024-07-14 19:40:00,CNR8782746808,Success,CID439577,Prime Plus,Shantinagar,Rajarajeshwari Nagar,196.0,35.0,Not Applicable,Not Applicable,No,Not Applicable,121,Credit Card,3,4.8,4.1
2024-07-26 06:57:00,CNR1611189383,Success,CID148584,eBike,Hebbal,Padmanabhanagar,308.0,90.0,Not Applicable,Not Applicable,No,Not Applicable,403,Cash,22,4.3,4.9
2024-07-18 16:37:00,CNR3920926992,Canceled by Driver,CID692742,Prime SUV,JP Nagar,Yelahanka,,,Not Applicable,Customer related issue,Not Applicable,Not Applicable,959,Not Applicable,0,,
2024-07-24 23:44:00,CNR4646856164,Success,CID585305,Prime Plus,Rajajinagar,Koramangala,70.0,35.0,Not Applicable,Not Applicable,No,Not Applicable,292,Credit Card,37,5.0,3.4
2024-07-24 08:05:00,CNR4523638748,Success,CID884905,eBike,Hennur,Shivajinagar,273.0,45.0,Not Applicable,Not Applicable,No,Not Applicable,314,Cash,33,3.2,3.7
2024-07-07 03:01:00,CNR5110174743,Canceled by Customer,CID405468,Bike,MG Road,Rajarajeshwari Nagar,,,Driver asked to cancel,Not Applicable,Not Applicable,Not Applicable,444,Not Applicable,0,,
2024-07-06 03:45:00,CNR6561695317,Success,CID855141,Prime Plus,RT Nagar,Rajarajeshwari Nagar,154.0,45.0,Not Applicable,Not Applicable,No,Not Applicable,440,UPI,18,4.5,4.5
2024-07-24 12:20:00,CNR6474860448,Driver Not Found,CID848142,Prime SUV,Nagarbhavi,Marathahalli,,,Not Applicable,Not Applicable,Not Applicable,Not Applicable,298,Not Applicable,0,,
2024-07-05 06:54:00,CNR3320536607,Success,CID512273,Mini,Tumkur Road,Nagarbhavi,252.0,55.0,Not Applicable,Not Applicable,No,Not Applicable,488,Cash,32,4.6,3.1
2024-07-06 07:04:00,CNR8451045324,Driver Not Found,CID397067,eBike,Chamarajpet,Malleshwaram,,,Not Applicable,Not Applicable,Not Applicable,Not Applicable,114,Not Applicable,0,,
2024-07-21 13:12:00,CNR6866318752,Canceled by Customer,CID538337,Prime SUV,HSR Layout,RT Nagar,,,Change of plans,Not Applicable,Not Applicable,Not Applicable,1699,Not Applicable,0,,
2024-07-11 03:22:00,CNR1845178318,Canceled by Driver,CID593725,Prime Plus,Sahakar Nagar,Whitefield,,,Not Applicable,Customer related issue,Not Applicable,Not Applicable,199,Not Applicable,0,,
2024-07-15 17:12:00,CNR1925551655,Canceled by Customer,CID849331,eBike,Vijayanagar,Kammanahalli,,,Driver is not moving towards pickup location,Not Applicable,Not Applicable,Not Applicable,852,Not Applicable,0,,
2024-07-23 01:48:00,CNR3344261097,Canceled by Driver,CID299544,Prime Plus,Richmond Town,JP Nagar,,,Not Applicable,Customer was coughing/sick,Not Applicable,Not Applicable,147,Not Applicable,0,,
2024-07-03 01:31:00,CNR4181119264,Canceled by Driver,CID558042,Mini,Majestic,Langford Town,,,Not Applicable,Personal & Car related issue,Not Applicable,Not Applicable,653,Not Applicable,0,,
2024-07-21 13:11:00,CNR9236808950,Success,CID343843,Prime SUV,Majestic,Banashankari,154.0,60.0,Not Applicable,Not Applicable,No,Not Applicable,571,Cash,15,4.4,4.3
2024-07-11 04:47:00,CNR3335804548,Success,CID911189,Prime SUV,Hulimavu,Chamarajpet,287.0,100.0,Not Applicable,Not Applicable,No,Not Applicable,336,Cash,36,4.7,3.4
2024-07-09 17:17:00,CNR3465663622,Canceled by Driver,CID741766,Mini,Richmond Town,Hulimavu,,,Not Applicable,Customer related issue,Not Applicable,Not Applicable,267,Not Applicable,0,,
2024-07-13 04:42:00,CNR6868195332,Success,CID388109,Prime SUV,Cox Town,Ulsoor,98.0,60.0,Not Applicable,Not Applicable,No,Not Applicable,313,UPI,46,3.7,3.7
2024-07-03 02:06:00,CNR3625420023,Success,CID633936,Mini,Devanahalli,Bannerghatta Road,154.0,100.0,Not Applicable,Not Applicable,No,Not Applicable,359,Cash,24,4.8,4.8
2024-07-03 15:56:00,CNR3429586919,Success,CID476909,Bike,Rajajinagar,Shivajinagar,252.0,30.0,Not Applicable,Not Applicable,No,Not Applicable,775,UPI,13,3.8,4.4
2024-07-23 18:25:00,CNR1518682658,Success,CID155060,Mini,Electronic City,RT Nagar,147.0,70.0,Not Applicable,Not Applicable,No,Not Applicable,820,UPI,30,3.3,4.6
2024-07-16 17:18:00,CNR9314062468,Canceled by Driver,CID553289,Prime Sedan,Shantinagar,Marathahalli,,,Not Applicable,Personal & Car related issue,Not Applicable,Not Applicable,355,Not Applicable,0,,
2024-07-13 08:13:00,CNR2624005406,Success,CID760023,Mini,Kadugodi,Mysore Road,70.0,140.0,Not Applicable,Not Applicable,No,Not Applicable,126,Cash,45,3.6,3.3
2024-07-26 10:16:00,CNR3428664584,Canceled by Customer,CID199274,Prime Plus,Banashankari,Vijayanagar,,,Driver is not moving towards pickup location,Not Applicable,Not Applicable,Not Applicable,206,Not Applicable,0,,
2024-07-14 12:49:00,CNR2882618774,Success,CID548489,Prime Plus,Richmond Town,Vijayanagar,189.0,25.0,Not Applicable,Not Applicable,No,Not Applicable,340,UPI,34,4.9,3.8
2024-07-17 00:53:00,CNR4389754404,Success,CID826688,Prime SUV,Hosur Road,MG Road,35.0,70.0,Not Applicable,Not Applicable,No,Not Applicable,402,UPI,42,4.2,4.8
2024-07-01 11:04:00,CNR6392543497,Success,CID682584,Prime Sedan,Peenya,Electronic City,308.0,115.0,Not Applicable,Not Applicable,No,Not Applicable,370,Cash,4,4.5,4.6
2024-07-02 23:17:00,CNR1315782125,Driver Not Found,CID886604,eBike,Basavanagudi,Cox Town,,,Not Applicable,Not Applicable,Not Applicable,Not Applicable,329,Not Applicable,0,,
2024-07-08 03:43:00,CNR8299719815,Success,CID914299,Mini,Banashankari,Ramamurthy Nagar,168.0,35.0,Not Applicable,Not Applicable,No,Not Applicable,487,UPI,45,4.7,3.6
2024-07-29 02:30:00,CNR6589576194,Success,CID871327,Auto,Shantinagar,Yeshwanthpur,56.0,85.0,Not Applicable,Not Applicable,Yes,Vehicle Breakdown,593,UPI,10,3.2,4.5
2024-07-13 02:59:00,CNR7373322243,Success,CID553151,Prime SUV,Whitefield,Yelahanka,175.0,110.0,Not Applicable,Not Applicable,No,Not Applicable,173,Cash,46,4.7,4.2
2024-07-22 07:06:00,CNR4541732586,Success,CID830857,eBike,RT Nagar,Majestic,189.0,80.0,Not Applicable,Not Applicable,No,Not Applicable,215,Cash,18,3.9,3.1
2024-07-28 00:10:00,CNR8297357677,Success,CID604052,Prime Sedan,Frazer Town,MG Road,280.0,145.0,Not Applicable,Not Applicable,No,Not Applicable,368,Cash,7,3.6,4.1
2024-07-28 02:25:00,CNR1034719999,Success,CID813135,Prime Plus,JP Nagar,Basavanagudi,280.0,90.0,Not Applicable,Not Applicable,No,Not Applicable,238,Cash,36,4.7,3.8
2024-07-15 01:09:00,CNR3113878862,Canceled by Customer,CID955186,Auto,Electronic City,Hosur Road,,,Driver is not moving towards pickup location,Not Applicable,Not Applicable,Not Applicable,475,Not Applicable,0,,
2024-07-11 13:34:00,CNR2129935315,Success,CID264810,Mini,Peenya,Hosur Road,56.0,45.0,Not Applicable,Not Applicable,No,Not Applicable,170,Cash,3,3.2,4.4
2024-07-19 20:44:00,CNR7707583366,Success,CID517883,Prime Plus,Richmond Town,JP Nagar,182.0,135.0,Not Applicable,Not Applicable,No,Not Applicable,394,Cash,43,3.2,3.4
2024-07-09 06:13:00,CNR3199477153,Success,CID717766,Bike,Ramamurthy Nagar,Rajajinagar,224.0,125.0,Not Applicable,Not Applicable,Yes,Customer Demand,193,Cash,11,4.1,4.9
2024-07-29 19:03:00,CNR5139266926,Success,CID140740,Auto,Kadugodi,Majestic,154.0,105.0,Not Applicable,Not Applicable,No,Not Applicable,2040,Cash,17,3.2,3.3
2024-07-26 12:52:00,CNR8248036468,Canceled by Driver,CID658013,Mini,Varthur,Whitefield,,,Not Applicable,Customer was coughing/sick,Not Applicable,Not Applicable,309,Not Applicable,0,,
2024-07-23 16:36:00,CNR3502426407,Canceled by Driver,CID558634,Bike,KR Puram,Electronic City,,,Not Applicable,Personal & Car related issue,Not Applicable,Not Applicable,146,Not Applicable,0,,
2024-07-13 21:33:00,CNR6139818688,Success,CID407255,Mini,Jayanagar,Rajajinagar,63.0,130.0,Not Applicable,Not Applicable,No,Not Applicable,230,UPI,8,4.1,3.6
2024-07-16 10:48:00,CNR8775833815,Canceled by Driver,CID185813,Prime SUV,Varthur,Indiranagar,,,Not Applicable,Customer related issue,Not Applicable,Not Applicable,2307,Not Applicable,0,,
2024-07-09 22:42:00,CNR8931767444,Driver Not Found,CID507506,Auto,JP Nagar,Hebbal,,,Not Applicable,Not Applicable,Not Applicable,Not Applicable,485,Not Applicable,0,,
2024-07-18 00:30:00,CNR3878737735,Canceled by Customer,CID278753,Prime Sedan,Yeshwanthpur,Chickpet,,,Driver is not moving towards pickup location,Not Applicable,Not Applicable,Not Applicable,134,Not Applicable,0,,
2024-07-01 22:55:00,CNR4905523897,Success,CID379355,Prime Plus,Vijayanagar,Kadugodi,273.0,75.0,Not Applicable,Not Applicable,No,Not Applicable,851,Cash,20,4.4,3.7
2024-07-24 20:30:00,CNR4895927936,Success,CID976888,eBike,Malleshwaram,Tumkur Road,35.0,75.0,Not Applicable,Not Applicable,No,Not Applicable,433,Cash,23,4.5,3.4
2024-07-01 03:08:00,CNR1714329504,Canceled by Driver,CID241659,Bike,Kadugodi,Devanahalli,,,Not Applicable,Customer related issue,Not Applicable,Not Applicable,2699,Not Applicable,0,,
2024-07-04 21:14:00,CNR5182885217,Success,CID843886,Mini,Marathahalli,Cox Town,35.0,60.0,Not Applicable,Not Applicable,No,Not Applicable,258,Cash,41,4.2,3.2
2024-07-25 09:22:00,CNR2855144638,Success,CID659679,Auto,Hulimavu,Majestic,182.0,105.0,Not Applicable,Not Applicable,No,Not Applicable,903,Cash,2,3.6,3.5
2024-07-09 02:07:00,CNR4645034342,Success,CID398223,Prime Sedan,Peenya,Richmond Town,140.0,50.0,Not Applicable,Not Applicable,No,Not Applicable,800,UPI,39,3.7,3.3
2024-07-01 20:28:00,CNR3582368634,Success,CID591104,Bike,Cox Town,HSR Layout,210.0,65.0,Not Applicable,Not Applicable,No,Not Applicable,626,UPI,48,5.0,4.6
2024-07-15 06:07:00,CNR3224778380,Success,CID597933,Prime SUV,Jayanagar,Hennur,70.0,40.0,Not Applicable,Not Applicable,No,Not Applicable,326,Cash,10,4.0,4.5
2024-07-17 15:06:00,CNR3769370667,Driver Not Found,CID756926,Prime Sedan,Mysore Road,MG Road,,,Not Applicable,Not Applicable,Not Applicable,Not Applicable,1411,Not Applicable,0,,
2024-07-16 00:30:00,CNR7117214438,Success,CID209427,Auto,MG Road,JP Nagar,126.0,65.0,Not Applicable,Not Applicable,No,Not Applicable,366,UPI,4,4.1,4.8
2024-07-22 11:59:00,CNR3356729600,Success,CID573209,Prime SUV,Yeshwanthpur,JP Nagar,189.0,120.0,Not Applicable,Not Applicable,No,Not Applicable,391,Cash,12,3.3,4.9
2024-07-11 20:21:00,CNR9462900881,Success,CID927555,Auto,Padmanabhanagar,Richmond Town,182.0,100.0,Not Applicable,Not Applicable,No,Not Applicable,125,UPI,9,3.8,4.6
2024-07-26 17:15:00,CNR9992935410,Success,CID494949,Prime Plus,Frazer Town,Hosur Road,126.0,135.0,Not Applicable,Not Applicable,No,Not Applicable,349,UPI,47,4.7,4.2
2024-07-14 09:04:00,CNR3686139598,Success,CID563980,Prime Plus,Sahakar Nagar,Sahakar Nagar,91.0,100.0,Not Applicable,Not Applicable,No,Not Applicable,362,Cash,38,3.6,4.8
2024-07-01 23:46:00,CNR4544904895,Success,CID591605,Bike,Varthur,Jayanagar,56.0,25.0,Not Applicable,Not Applicable,No,Not Applicable,851,UPI,44,4.1,3.2
2024-07-09 06:17:00,CNR2196582154,Driver Not Found,CID451882,eBike,Majestic,Mysore Road,,,Not Applicable,Not Applicable,Not Applicable,Not Applicable,818,Not Applicable,0,,
2024-07-21 14:02:00,CNR2815940860,Success,CID104013,Auto,Devanahalli,Cox Town,105.0,70.0,Not Applicable,Not Applicable,No,Not Applicable,2073,Cash,18,4.8,4.5
2024-07-05 13:05:00,CNR2573980488,Canceled by Driver,CID981512,eBike,Marathahalli,Cox Town,,,Not Applicable,More than permitted people in there,Not Applicable,Not Applicable,300,Not Applicable,0,,
2024-07-06 18:48:00,CNR4888915906,Success,CID761064,Bike,Ramamurthy Nagar,Basavanagudi,294.0,80.0,Not Applicable,Not Applicable,No,Not Applicable,363,UPI,5,3.4,4.7
2024-07-21 18:31:00,CNR1814644449,Driver Not Found,CID348111,Prime SUV,Sarjapur Road,JP Nagar,,,Not Applicable,Not Applicable,Not Applicable,Not Applicable,296,Not Applicable,0,,
2024-07-01 02:41:00,CNR3430340734,Success,CID678782,Auto,Chamarajpet,Jayanagar,259.0,85.0,Not Applicable,Not Applicable,No,Not Applicable,744,Cash,12,4.1,4.8
2024-07-17 20:43:00,CNR1331541680,Success,CID224375,Mini,Bellandur,Varthur,168.0,65.0,Not Applicable,Not Applicable,No,Not Applicable,237,UPI,13,4.2,3.4
2024-07-29 06:00:00,CNR7298218847,Success,CID282131,eBike,Yelahanka,Yelahanka,196.0,120.0,Not Applicable,Not Applicable,No,Not Applicable,109,Cash,35,3.6,3.9
2024-07-15 15:41:00,CNR8622139425,Success,CID673897,Prime SUV,Basavanagudi,Shivajinagar,259.0,120.0,Not Applicable,Not Applicable,Yes,Customer Demand,317,UPI,2,3.3,4.3
2024-07-22 09:24:00,CNR5380423451,Success,CID889861,Prime SUV,Frazer Town,Hennur,70.0,25.0,Not Applicable,Not Applicable,No,Not Applicable,744,Cash,32,3.4,4.9
2024-07-15 01:34:00,CNR9570177743,Success,CID152733,Prime Plus,Electronic City,Mysore Road,91.0,70.0,Not Applicable,Not Applicable,No,Not Applicable,907,UPI,12,3.6,5.0
2024-07-17 22:02:00,CNR8180794900,Canceled by Customer,CID752326,Mini,Shantinagar,Malleshwaram,,,Driver asked to cancel,Not Applicable,Not Applicable,Not Applicable,855,Not Applicable,0,,
2024-07-23 20:10:00,CNR7487888545,Success,CID938900,Prime Plus,Padmanabhanagar,Rajarajeshwari Nagar,91.0,105.0,Not Applicable,Not Applicable,No,Not Applicable,281,UPI,10,4.7,3.7
2024-07-25 23:47:00,CNR5530145461,Driver Not Found,CID459347,eBike,Majestic,Ulsoor,,,Not Applicable,Not Applicable,Not Applicable,Not Applicable,479,Not Applicable,0,,
2024-07-07 14:05:00,CNR7506262536,Success,CID619331,Mini,BTM Layout,KR Puram,217.0,110.0,Not Applicable,Not Applicable,No,Not Applicable,469,UPI,45,3.6,4.0
2024-07-25 09:31:00,CNR3509528844,Canceled by Driver,CID407325,Mini,Hulimavu,Kengeri,,,Not Applicable,Customer related issue,Not Applicable,Not Applicable,191,Not Applicable,0,,
2024-07-27 19:28:00,CNR4633691437,Success,CID740965,Prime Plus,Basavanagudi,Devanahalli,119.0,45.0,Not Applicable,Not Applicable,No,Not Applicable,331,Cash,39,3.7,4.5
2024-07-18 10:33:00,CNR7313774702,Success,CID743336,Bike,Rajarajeshwari Nagar,Hebbal,77.0,100.0,Not Applicable,Not Applicable,No,Not Applicable,357,Credit Card,28,4.7,3.1
2024-07-05 21:29:00,CNR8282318539,Canceled by Driver,CID921448,Prime SUV,Kammanahalli,Ulsoor,,,Not Applicable,Personal & Car related issue,Not Applicable,Not Applicable,303,Not Applicable,0,,
2024-07-20 15:19:00,CNR4388063165,Success,CID732460,Bike,Peenya,Mysore Road,259.0,135.0,Not Applicable,Not Applicable,No,Not Applicable,265,Cash,11,3.7,3.9
2024-07-20 10:38:00,CNR5685781334,Canceled by Driver,CID242363,Prime SUV,Hosur Road,Sarjapur Road,,,Not Applicable,Customer was coughing/sick,Not Applicable,Not Applicable,137,Not Applicable,0,,
2024-07-11 01:23:00,CNR2153872106,Success,CID913627,Bike,Shantinagar,JP Nagar,35.0,85.0,Not Applicable,Not Applicable,No,Not Applicable,206,UPI,15,3.5,3.5
2024-07-19 06:07:00,CNR1026754415,Canceled by Customer,CID671828,Prime Plus,Yelahanka,Ramamurthy Nagar,,,Driver is not moving towards pickup location,Not Applicable,Not Applicable,Not Applicable,180,Not Applicable,0,,
2024-07-14 20:24:00,CNR2424211736,Canceled by Driver,CID788815,eBike,HSR Layout,Kengeri,,,Not Applicable,More than permitted people in there,Not Applicable,Not Applicable,604,Not Applicable,0,,
2024-07-02 01:50:00,CNR7205624020,Success,CID348188,Mini,Mysore Road,Shantinagar,112.0,105.0,Not Applicable,Not Applicable,No,Not Applicable,396,Cash,4,4.4,3.5
2024-07-20 05:41:00,CNR9046047411,Success,CID135951,Prime SUV,Sarjapur Road,Koramangala,196.0,70.0,Not Applicable,Not Applicable,No,Not Applicable,462,Cash,11,4.9,3.4
2024-07-11 19:10:00,CNR3706056536,Success,CID378064,Bike,Jayanagar,Bannerghatta Road,56.0,110.0,Not Applicable,Not Applicable,No,Not Applicable,417,Cash,7,4.4,4.9
2024-07-14 02:26:00,CNR7789459788,Success,CID352129,Auto,KR Puram,Hulimavu,77.0,30.0,Not Applicable,Not Applicable,No,Not Applicable,254,UPI,7,4.9,3.4
2024-07-12 17:06:00,CNR7412943658,Success,CID737579,Auto,Sahakar Nagar,Bannerghatta Road,231.0,110.0,Not Applicable,Not Applicable,No,Not Applicable,207,Cash,15,4.1,4.8
2024-07-11 08:57:00,CNR4030424044,Success,CID691199,Prime Sedan,Rajajinagar,Whitefield,210.0,115.0,Not Applicable,Not Applicable,No,Not Applicable,814,UPI,15,4.8,3.3
2024-07-06 13:07:00,CNR7011185542,Success,CID920376,Prime Sedan,Chamarajpet,Bellandur,287.0,140.0,Not Applicable,Not Applicable,Yes,Customer Demand,199,Cash,21,3.5,4.6
2024-07-19 07:40:00,CNR3684600963,Driver Not Found,CID427029,Bike,Padmanabhanagar,Yeshwanthpur,,,Not Applicable,Not Applicable,Not Applicable,Not Applicable,185,Not Applicable,0,,
2024-07-28 23:33:00,CNR9400654641,Success,CID440011,Auto,Yelahanka,Rajajinagar,266.0,85.0,Not Applicable,Not Applicable,No,Not Applicable,402,Credit Card,10,3.3,4.9
2024-07-01 03:38:00,CNR2396022814,Success,CID575793,Mini,Hennur,Indiranagar,133.0,95.0,Not Applicable,Not Applicable,No,Not Applicable,705,UPI,36,3.3,4.6
2024-07-10 02:27:00,CNR7876859491,Driver Not Found,CID843345,Prime SUV,JP Nagar,Whitefield,,,Not Applicable,Not Applicable,Not Applicable,Not Applicable,305,Not Applicable,0,,
2024-07-16 21:33:00,CNR4682608685,Success,CID741971,Prime Sedan,Kadugodi,Hebbal,238.0,65.0,Not Applicable,Not Applicable,Yes,Vehicle Breakdown,640,Cash,36,3.3,4.2
2024-07-21 03:20:00,CNR1018041625,Success,CID825550,eBike,Kammanahalli,Shantinagar,203.0,90.0,Not Applicable,Not Applicable,No,Not Applicable,436,Cash,7,4.1,3.4
2024-07-07 01:43:00,CNR3585165704,Success,CID936041,Prime Plus,Kengeri,Marathahalli,168.0,60.0,Not Applicable,Not Applicable,No,Not Applicable,452,UPI,14,3.3,4.4
2024-07-05 02:44:00,CNR6895342494,Success,CID141750,Auto,Indiranagar,Basavanagudi,84.0,75.0,Not Applicable,Not Applicable,No,Not Applicable,224,UPI,2,3.5,3.5
2024-07-17 14:18:00,CNR6706178712,Success,CID239944,Auto,Shivajinagar,Tumkur Road,245.0,50.0,Not Applicable,Not Applicable,No,Not Applicable,240,UPI,17,3.3,3.7
2024-07-12 06:03:00,CNR9875801929,Success,CID122742,Auto,Tumkur Road,Malleshwaram,273.0,130.0,Not Applicable,Not Applicable,No,Not Applicable,491,Cash,18,3.9,4.6
2024-07-02 22:08:00,CNR1972566575,Canceled by Driver,CID378494,Prime Plus,JP Nagar,Koramangala,,,Not Applicable,Personal & Car related issue,Not Applicable,Not Applicable,291,Not Applicable,0,,
2024-07-12 19:07:00,CNR5311684988,Success,CID937620,Prime Sedan,Hulimavu,Koramangala,308.0,75.0,Not Applicable,Not Applicable,No,Not Applicable,416,UPI,13,4.5,3.2
2024-07-11 02:57:00,CNR5669197921,Success,CID893636,Bike,Jayanagar,Shivajinagar,245.0,85.0,Not Applicable,Not Applicable,Yes,Vehicle Breakdown,661,Cash,34,3.4,3.4
2024-07-14 19:17:00,CNR4022391309,Canceled by Driver,CID796551,eBike,Tumkur Road,Cox Town,,,Not Applicable,More than permitted people in there,Not Applicable,Not Applicable,207,Not Applicable,0,,
2024-07-29 11:25:00,CNR6514132314,Success,CID420846,Prime Sedan,Rajarajeshwari Nagar,RT Nagar,154.0,95.0,Not Applicable,Not Applicable,No,Not Applicable,868,Cash,28,4.0,4.2
2024-07-16 06:24:00,CNR8953563768,Success,CID812394,Bike,Malleshwaram,Hosur Road,217.0,85.0,Not Applicable,Not Applicable,No,Not Applicable,492,UPI,49,4.6,4.3
2024-07-21 22:12:00,CNR4627294840,Success,CID431393,Mini,Rajajinagar,Mysore Road,280.0,55.0,Not Applicable,Not Applicable,No,Not Applicable,326,Cash,49,3.7,4.1
2024-07-08 09:03:00,CNR4498711394,Success,CID557852,Mini,Tumkur Road,Hennur,196.0,40.0,Not Applicable,Not Applicable,No,Not Applicable,370,Cash,34,3.1,4.1
2024-07-29 12:46:00,CNR7009330105,Success,CID279517,Mini,Shivajinagar,Sahakar Nagar,70.0,55.0,Not Applicable,Not Applicable,No,Not Applicable,130,Cash,31,3.3,4.0
2024-07-14 16:50:00,CNR3452696186,Success,CID811153,Auto,Majestic,Koramangala,203.0,95.0,Not Applicable,Not Applicable,No,Not Applicable,404,Cash,1,3.2,4.3
2024-07-02 19:32:00,CNR4346824644,Success,CID385714,eBike,Langford Town,MG Road,147.0,50.0,Not Applicable,Not Applicable,No,Not Applicable,583,Cash,9,3.9,4.2
2024-07-12 05:56:00,CNR9881337521,Success,CID288402,Prime Sedan,Chickpet,Mysore Road,168.0,75.0,Not Applicable,Not Applicable,No,Not Applicable,310,UPI,1,4.8,4.2
2024-07-22 19:24:00,CNR3317031356,Canceled by Driver,CID234126,eBike,Majestic,Sarjapur Road,,,Not Applicable,Personal & Car related issue,Not Applicable,Not Applicable,1240,Not Applicable,0,,
2024-07-08 19:54:00,CNR6343154032,Canceled by Customer,CID963013,Auto,RT Nagar,Bellandur,,,Driver asked to cancel,Not Applicable,Not Applicable,Not Applicable,2487,Not Applicable,0,,
2024-07-07 07:13:00,CNR7079169363,Success,CID862939,Auto,Indiranagar,Bannerghatta Road,168.0,45.0,Not Applicable,Not Applicable,No,Not Applicable,416,UPI,19,4.7,3.0
2024-07-23 03:09:00,CNR5886797722,Success,CID250219,Prime Sedan,HSR Layout,Hulimavu,301.0,105.0,Not Applicable,Not Applicable,No,Not Applicable,443,Cash,16,4.3,3.5
2024-07-16 01:18:00,CNR8635576257,Canceled by Driver,CID232471,Bike,Ramamurthy Nagar,Electronic City,,,Not Applicable,Personal & Car related issue,Not Applicable,Not Applicable,137,Not Applicable,0,,
2024-07-24 09:49:00,CNR3355799867,Success,CID787001,Prime Sedan,Yeshwanthpur,Vijayanagar,224.0,95.0,Not Applicable,Not Applicable,No,Not Applicable,1558,UPI,45,4.5,4.5
2024-07-10 21:18:00,CNR3899391986,Success,CID998986,Prime Sedan,RT Nagar,Bannerghatta Road,287.0,100.0,Not Applicable,Not Applicable,No,Not Applicable,755,UPI,48,3.8,3.5
2024-07-01 06:46:00,CNR5207023922,Success,CID624673,Auto,Varthur,Kammanahalli,42.0,70.0,Not Applicable,Not Applicable,No,Not Applicable,343,Cash,6,5.0,3.4
2024-07-22 22:40:00,CNR1586796954,Success,CID406294,Prime Sedan,Cox Town,Yeshwanthpur,294.0,65.0,Not Applicable,Not Applicable,No,Not Applicable,886,Cash,10,4.0,5.0
2024-07-13 04:33:00,CNR6089963246,Canceled by Driver,CID748831,eBike,Indiranagar,BTM Layout,,,Not Applicable,Customer related issue,Not Applicable,Not Applicable,167,Not Applicable,0,,
2024-07-11 23:19:00,CNR8291557625,Success,CID503862,Bike,RT Nagar,KR Puram,231.0,120.0,Not Applicable,Not Applicable,No,Not Applicable,2218,Credit Card,1,3.3,4.0
2024-07-09 20:45:00,CNR1037636671,Canceled by Driver,CID358117,Prime Plus,Tumkur Road,HSR Layout,,,Not Applicable,Customer related issue,Not Applicable,Not Applicable,403,Not Applicable,0,,
2024-07-17 14:32:00,CNR7968805869,Success,CID332796,Prime Sedan,Hebbal,Chickpet,77.0,70.0,Not Applicable,Not Applicable,No,Not Applicable,122,UPI,17,3.3,3.9
2024-07-12 00:06:00,CNR6117579636,Canceled by Customer,CID166028,Prime Sedan,Varthur,Cox Town,,,Driver is not moving towards pickup location,Not Applicable,Not Applicable,Not Applicable,2635,Not Applicable,0,,
2024-07-04 20:43:00,CNR8377200934,Canceled by Driver,CID579023,Mini,Kengeri,Bellandur,,,Not Applicable,More than permitted people in there,Not Applicable,Not Applicable,133,Not Applicable,0,,
2024-07-26 16:06:00,CNR1159710199,Success,CID888256,Prime Plus,Chickpet,Cox Town,273.0,140.0,Not Applicable,Not Applicable,No,Not Applicable,178,Cash,46,4.6,3.4
2024-07-12 04:58:00,CNR2265666415,Success,CID277277,Prime Sedan,Magadi Road,Malleshwaram,119.0,45.0,Not Applicable,Not Applicable,No,Not Applicable,370,UPI,12,4.7,4.5
2024-07-27 07:21:00,CNR3343217123,Success,CID456044,Bike,Majestic,Marathahalli,308.0,90.0,Not Applicable,Not Applicable,No,Not Applicable,299,UPI,3,4.5,4.0
2024-07-07 08:22:00,CNR9566303288,Canceled by Driver,CID931365,Auto,Richmond Town,Richmond Town,,,Not Applicable,More than permitted people in there,Not Applicable,Not Applicable,2694,Not Applicable,0,,
2024-07-28 00:36:00,CNR9315368347,Success,CID732520,Prime Sedan,Sarjapur Road,Hulimavu,266.0,110.0,Not Applicable,Not Applicable,No,Not Applicable,404,Cash,29,4.3,4.2
2024-07-26 15:27:00,CNR8669758164,Canceled by Driver,CID109714,Auto,Devanahalli,Padmanabhanagar,,,Not Applicable,Customer was coughing/sick,Not Applicable,Not Applicable,497,Not Applicable,0,,
2024-07-26 02:48:00,CNR4215891317,Success,CID332017,Prime Plus,Sarjapur Road,Koramangala,266.0,90.0,Not Applicable,Not Applicable,No,Not Applicable,361,Cash,7,3.8,4.5
2024-07-09 06:39:00,CNR2350964519,Success,CID802509,Prime SUV,Sarjapur Road,Kadugodi,147.0,35.0,Not Applicable,Not Applicable,No,Not Applicable,356,Cash,20,4.7,4.7
2024-07-19 15:04:00,CNR7883715991,Canceled by Customer,CID169205,eBike,Hennur,Nagarbhavi,,,Driver asked to cancel,Not Applicable,Not Applicable,Not Applicable,929,Not Applicable,0,,
2024-07-21 18:22:00,CNR1600515920,Driver Not Found,CID611248,Auto,Banashankari,Richmond Town,,,Not Applicable,Not Applicable,Not Applicable,Not Applicable,200,Not Applicable,0,,
2024-07-13 13:11:00,CNR3124079058,Driver Not Found,CID953456,Prime Sedan,Magadi Road,Padmanabhanagar,,,Not Applicable,Not Applicable,Not Applicable,Not Applicable,1788,Not Applicable,0,,
2024-07-09 06:07:00,CNR7052446843,Canceled by Driver,CID855637,Prime Sedan,HSR Layout,Tumkur Road,,,Not Applicable,Customer related issue,Not Applicable,Not Applicable,172,Not Applicable,0,,
2024-07-16 07:20:00,CNR4555030959,Driver Not Found,CID485608,Auto,Majestic,Sahakar Nagar,,,Not Applicable,Not Applicable,Not Applicable,Not Applicable,110,Not Applicable,0,,
2024-07-15 16:20:00,CNR3821828004,Success,CID245023,eBike,Shantinagar,Shantinagar,98.0,105.0,Not Applicable,Not Applicable,No,Not Applicable,652,UPI,35,3.5,4.1
2024-07-06 19:21:00,CNR3259904831,Driver Not Found,CID286626,Prime Plus,Mysore Road,HSR Layout,,,Not Applicable,Not Applicable,Not Applicable,Not Applicable,502,Not Applicable,0,,
2024-07-25 01:22:00,CNR3475013656,Success,CID738584,Auto,Hulimavu,Sahakar Nagar,140.0,105.0,Not Applicable,Not Applicable,No,Not Applicable,856,UPI,9,4.5,3.3
2024-07-05 04:32:00,CNR4984017040,Canceled by Driver,CID460186,Prime Plus,Mysore Road,Hosur Road,,,Not Applicable,Personal & Car related issue,Not Applicable,Not Applicable,2131,Not Applicable,0,,
2024-07-08 16:02:00,CNR2609650394,Success,CID605877,Prime Sedan,Marathahalli,Richmond Town,203.0,145.0,Not Applicable,Not Applicable,No,Not Applicable,293,UPI,24,3.8,4.5
2024-07-20 16:45:00,CNR6578511609,Driver Not Found,CID187827,Prime Sedan,Sahakar Nagar,Jayanagar,,,Not Applicable,Not Applicable,Not Applicable,Not Applicable,281,Not Applicable,0,,
2024-07-18 17:43:00,CNR9901295322,Canceled by Driver,CID713100,Bike,Ramamurthy Nagar,Chamarajpet,,,Not Applicable,Customer was coughing/sick,Not Applicable,Not Applicable,406,Not Applicable,0,,
2024-07-09 05:07:00,CNR6590779299,Canceled by Driver,CID738523,Prime SUV,Jayanagar,Shivajinagar,,,Not Applicable,Customer was coughing/sick,Not Applicable,Not Applicable,496,Not Applicable,0,,
2024-07-06 13:31:00,CNR9005101931,Driver Not Found,CID465070,Prime Sedan,HSR Layout,Hebbal,,,Not Applicable,Not Applicable,Not Applicable,Not Applicable,344,Not Applicable,0,,
2024-07-30 08:35:00,CNR4217572132,Success,CID212378,Auto,Cox Town,Banashankari,245.0,90.0,Not Applicable,Not Applicable,No,Not Applicable,394,Cash,7,4.5,3.7
2024-07-18 12:03:00,CNR9072439040,Success,CID528195,Prime Sedan,Majestic,Rajajinagar,252.0,75.0,Not Applicable,Not Applicable,No,Not Applicable,405,UPI,32,4.8,3.3
2024-07-21 14:01:00,CNR8838638033,Canceled by Customer,CID346461,Prime Sedan,Magadi Road,MG Road,,,Driver asked to cancel,Not Applicable,Not Applicable,Not Applicable,191,Not Applicable,0,,
2024-07-25 17:41:00,CNR7009477315,Success,CID502190,Prime Sedan,Indiranagar,JP Nagar,133.0,85.0,Not Applicable,Not Applicable,No,Not Applicable,881,Cash,41,4.4,5.0
2024-07-21 17:11:00,CNR2566246251,Canceled by Customer,CID392547,Prime Sedan,JP Nagar,JP Nagar,,,Driver asked to cancel,Not Applicable,Not Applicable,Not Applicable,265,Not Applicable,0,,
2024-07-01 00:42:00,CNR1177332199,Success,CID207214,Mini,Nagarbhavi,Yeshwanthpur,266.0,110.0,Not Applicable,Not Applicable,No,Not Applicable,101,UPI,10,3.5,4.9
2024-07-14 21:56:00,CNR3669548348,Success,CID273391,eBike,Kammanahalli,Hulimavu,126.0,45.0,Not Applicable,Not Applicable,No,Not Applicable,2148,Cash,18,3.4,4.2
2024-07-12 05:48:00,CNR5042162926,Success,CID890129,eBike,Jayanagar,Sahakar Nagar,294.0,80.0,Not Applicable,Not Applicable,No,Not Applicable,490,UPI,33,3.4,3.4
2024-07-05 14:46:00,CNR1385442321,Success,CID614838,Mini,Rajajinagar,Hosur Road,224.0,55.0,Not Applicable,Not Applicable,No,Not Applicable,444,Cash,1,3.3,4.2
2024-07-08 17:01:00,CNR6719184660,Canceled by Customer,CID890290,eBike,Varthur,Hennur,,,Driver asked to cancel,Not Applicable,Not Applicable,Not Applicable,688,Not Applicable,0,,
2024-07-02 20:20:00,CNR1265928591,Canceled by Driver,CID438152,Bike,Rajajinagar,Mysore Road,,,Not Applicable,Customer was coughing/sick,Not Applicable,Not Applicable,378,Not Applicable,0,,
2024-07-25 15:58:00,CNR8874983039,Success,CID477318,Prime Plus,Chamarajpet,Majestic,161.0,115.0,Not Applicable,Not Applicable,No,Not Applicable,647,Cash,8,4.7,3.7
2024-07-28 01:47:00,CNR1568680782,Canceled by Driver,CID458075,Auto,KR Puram,Chickpet,,,Not Applicable,Personal & Car related issue,Not Applicable,Not Applicable,340,Not Applicable,0,,
2024-07-05 20:35:00,CNR7060508282,Success,CID785134,Prime Sedan,Jayanagar,Sarjapur Road,105.0,110.0,Not Applicable,Not Applicable,Yes,Vehicle Breakdown,183,Cash,48,4.1,4.8
2024-07-25 12:49:00,CNR1731792909,Success,CID455912,eBike,KR Puram,Hulimavu,168.0,120.0,Not Applicable,Not Applicable,No,Not Applicable,451,Cash,13,3.9,3.6
2024-07-15 13:03:00,CNR2899918499,Success,CID726713,Mini,Shivajinagar,Banashankari,245.0,55.0,Not Applicable,Not Applicable,No,Not Applicable,408,Cash,49,3.6,4.8
2024-07-06 21:38:00,CNR5353458882,Driver Not Found,CID690905,eBike,Peenya,Magadi Road,,,Not Applicable,Not Applicable,Not Applicable,Not Applicable,335,Not Applicable,0,,
2024-07-11 18:38:00,CNR1757911296,Success,CID616400,Prime Plus,Whitefield,Kammanahalli,287.0,130.0,Not Applicable,Not Applicable,No,Not Applicable,340,Cash,23,4.4,3.7
2024-07-08 00:28:00,CNR9025572743,Success,CID870396,Bike,Mysore Road,RT Nagar,126.0,35.0,Not Applicable,Not Applicable,No,Not Applicable,250,Cash,44,3.1,3.7
2024-07-11 14:50:00,CNR3911223509,Driver Not Found,CID641088,Prime SUV,Sarjapur Road,Tumkur Road,,,Not Applicable,Not Applicable,Not Applicable,Not Applicable,364,Not Applicable,0,,
2024-07-04 22:12:00,CNR6896266120,Canceled by Driver,CID943512,eBike,Hosur Road,Kammanahalli,,,Not Applicable,More than permitted people in there,Not Applicable,Not Applicable,411,Not Applicable,0,,
2024-07-13 11:22:00,CNR1534225402,Success,CID854996,eBike,Jayanagar,Kammanahalli,126.0,35.0,Not Applicable,Not Applicable,No,Not Applicable,957,UPI,41,4.0,4.1
2024-07-10 17:59:00,CNR7538909859,Canceled by Customer,CID231739,Prime Plus,Yeshwanthpur,Kadugodi,,,Wrong Address,Not Applicable,Not Applicable,Not Applicable,453,Not Applicable,0,,
2024-07-29 00:26:00,CNR1020116127,Canceled by Driver,CID856831,Prime SUV,Chickpet,Electronic City,,,Not Applicable,More than permitted people in there,Not Applicable,Not Applicable,431,Not Applicable,0,,
2024-07-05 13:20:00,CNR9199174537,Success,CID190345,Prime Sedan,MG Road,Chickpet,266.0,60.0,Not Applicable,Not Applicable,No,Not Applicable,195,UPI,2,3.5,4.5
2024-07-06 06:27:00,CNR9108538059,Success,CID213409,Auto,Malleshwaram,Peenya,112.0,145.0,Not Applicable,Not Applicable,No,Not Applicable,599,Cash,2,4.9,4.7
2024-07-02 14:45:00,CNR7228406040,Canceled by Driver,CID708009,eBike,JP Nagar,Yeshwanthpur,,,Not Applicable,More than permitted people in there,Not Applicable,Not Applicable,743,Not Applicable,0,,
2024-07-06 19:57:00,CNR5575747383,Success,CID803641,Auto,Varthur,HSR Layout,140.0,125.0,Not Applicable,Not Applicable,No,Not Applicable,918,Cash,11,3.6,4.3
2024-07-14 09:58:00,CNR5202965153,Success,CID118613,Mini,Nagarbhavi,Richmond Town,189.0,120.0,Not Applicable,Not Applicable,No,Not Applicable,160,UPI,18,4.7,3.7
2024-07-02 02:07:00,CNR6821853770,Success,CID112920,Auto,Kengeri,Kammanahalli,175.0,140.0,Not Applicable,Not Applicable,No,Not Applicable,785,Cash,19,4.8,3.2
2024-07-14 23:58:00,CNR3270290209,Driver Not Found,CID280062,Prime SUV,Padmanabhanagar,HSR Layout,,,Not Applicable,Not Applicable,Not Applicable,Not Applicable,2367,Not Applicable,0,,
2024-07-30 05:15:00,CNR2876648025,Success,CID591067,eBike,BTM Layout,Chickpet,238.0,90.0,Not Applicable,Not Applicable,No,Not Applicable,924,Cash,43,4.3,3.8
2024-07-13 02:52:00,CNR9001503724,Success,CID627295,Prime Plus,Richmond Town,RT Nagar,126.0,45.0,Not Applicable,Not Applicable,No,Not Applicable,305,UPI,48,4.1,4.9
2024-07-29 08:34:00,CNR1739751152,Success,CID589568,Prime SUV,Indiranagar,Electronic City,280.0,90.0,Not Applicable,Not Applicable,Yes,Customer Demand,168,Cash,7,4.6,4.1
2024-07-13 01:12:00,CNR8239266295,Success,CID940703,Prime Plus,Shantinagar,Kengeri,112.0,45.0,Not Applicable,Not Applicable,No,Not Applicable,202,Cash,42,4.9,3.9
2024-07-02 12:35:00,CNR4103369214,Success,CID952767,Mini,Kammanahalli,Magadi Road,245.0,120.0,Not Applicable,Not Applicable,No,Not Applicable,2005,Cash,21,4.7,4.1
2024-07-12 22:04:00,CNR7329811177,Canceled by Driver,CID194463,Prime Sedan,Vijayanagar,Nagarbhavi,,,Not Applicable,More than permitted people in there,Not Applicable,Not Applicable,975,Not Applicable,0,,
2024-07-22 20:30:00,CNR3475742019,Success,CID374336,Prime SUV,Jayanagar,Cox Town,182.0,100.0,Not Applicable,Not Applicable,No,Not Applicable,353,UPI,42,4.1,4.9
2024-07-08 12:15:00,CNR3697071035,Success,CID284192,Prime Plus,Chickpet,Cox Town,63.0,120.0,Not Applicable,Not Applicable,No,Not Applicable,829,UPI,26,4.8,4.8
2024-07-21 12:21:00,CNR5425240424,Success,CID945238,Auto,Rajarajeshwari Nagar,Richmond Town,63.0,135.0,Not Applicable,Not Applicable,No,Not Applicable,457,UPI,8,4.8,4.2
2024-07-24 15:00:00,CNR4902545029,Canceled by Customer,CID519455,eBike,Magadi Road,Bannerghatta Road,,,AC is Not working,Not Applicable,Not Applicable,Not Applicable,189,Not Applicable,0,,
2024-07-02 18:42:00,CNR9819034005,Success,CID862731,Bike,Richmond Town,Rajarajeshwari Nagar,140.0,110.0,Not Applicable,Not Applicable,No,Not Applicable,927,Credit Card,13,3.9,3.2
2024-07-04 07:27:00,CNR6470633149,Success,CID569900,Auto,Padmanabhanagar,Basavanagudi,147.0,90.0,Not Applicable,Not Applicable,No,Not Applicable,775,Cash,12,4.5,3.7
2024-07-11 20:48:00,CNR9857070570,Success,CID814745,Auto,Hennur,Malleshwaram,252.0,25.0,Not Applicable,Not Applicable,No,Not Applicable,2217,UPI,9,4.0,4.1
2024-07-07 10:26:00,CNR8507052268,Success,CID598880,Prime Sedan,Sarjapur Road,Malleshwaram,196.0,80.0,Not Applicable,Not Applicable,No,Not Applicable,430,Cash,12,3.8,4.7
2024-07-10 12:43:00,CNR1860423273,Success,CID350596,Prime SUV,Basavanagudi,Whitefield,252.0,115.0,Not Applicable,Not Applicable,No,Not Applicable,227,Cash,3,3.7,3.8
2024-07-12 09:16:00,CNR6046682491,Success,CID951413,Prime SUV,Tumkur Road,Mysore Road,84.0,60.0,Not Applicable,Not Applicable,No,Not Applicable,647,Cash,5,3.5,4.7
2024-07-28 11:46:00,CNR1615534262,Driver Not Found,CID994015,Mini,Cox Town,Kammanahalli,,,Not Applicable,Not Applicable,Not Applicable,Not Applicable,845,Not Applicable,0,,
2024-07-23 16:19:00,CNR8281229105,Driver Not Found,CID546339,eBike,Kengeri,Yelahanka,,,Not Applicable,Not Applicable,Not Applicable,Not Applicable,724,Not Applicable,0,,
2024-07-07 21:40:00,CNR9133043335,Success,CID279830,Prime Sedan,Richmond Town,Shivajinagar,56.0,130.0,Not Applicable,Not Applicable,No,Not Applicable,113,UPI,12,4.0,3.2
2024-07-03 01:32:00,CNR7033031025,Success,CID817997,Prime SUV,BTM Layout,MG Road,175.0,120.0,Not Applicable,Not Applicable,No,Not Applicable,1982,Cash,23,4.5,3.4
2024-07-13 20:43:00,CNR1438955069,Success,CID866627,Auto,Chickpet,Sarjapur Road,147.0,100.0,Not Applicable,Not Applicable,No,Not Applicable,984,UPI,1,3.6,3.5
2024-07-13 04:05:00,CNR3572517560,Success,CID162038,Prime SUV,Devanahalli,Nagarbhavi,161.0,60.0,Not Applicable,Not Applicable,No,Not Applicable,486,UPI,33,3.1,3.7
2024-07-13 03:55:00,CNR2896937572,Success,CID199073,Auto,MG Road,Banashankari,273.0,75.0,Not Applicable,Not Applicable,No,Not Applicable,152,Cash,18,3.7,4.8
2024-07-16 20:35:00,CNR7696156838,Canceled by Driver,CID472689,eBike,JP Nagar,Marathahalli,,,Not Applicable,Customer related issue,Not Applicable,Not Applicable,624,Not Applicable,0,,
2024-07-02 05:20:00,CNR9221809484,Success,CID209473,Prime Sedan,Cox Town,Richmond Town,77.0,85.0,Not Applicable,Not Applicable,No,Not Applicable,479,UPI,24,3.5,4.5
2024-07-25 05:19:00,CNR9173324446,Canceled by Driver,CID666882,Bike,Padmanabhanagar,Langford Town,,,Not Applicable,Customer related issue,Not Applicable,Not Applicable,330,Not Applicable,0,,
2024-07-10 01:21:00,CNR8234080691,Success,CID225015,Auto,Nagarbhavi,Rajajinagar,196.0,75.0,Not Applicable,Not Applicable,No,Not Applicable,1005,Cash,12,4.4,3.8
2024-07-16 06:15:00,CNR6761611666,Success,CID763540,Prime Plus,Tumkur Road,Vijayanagar,140.0,130.0,Not Applicable,Not Applicable,No,Not Applicable,306,Credit Card,29,4.5,3.7
2024-07-10 17:06:00,CNR1214638688,Success,CID838971,Bike,Varthur,Banashankari,280.0,115.0,Not Applicable,Not Applicable,No,Not Applicable,551,Cash,20,4.6,3.6
2024-07-24 18:13:00,CNR1488863989,Success,CID499955,Prime SUV,Majestic,Shantinagar,119.0,60.0,Not Applicable,Not Applicable,No,Not Applicable,353,UPI,19,3.3,4.8
2024-07-21 16:53:00,CNR2787686494,Success,CID127456,eBike,JP Nagar,Yelahanka,224.0,100.0,Not Applicable,Not Applicable,No,Not Applicable,222,UPI,36,4.4,3.9
2024-07-20 21:13:00,CNR7781714201,Canceled by Driver,CID994165,Prime Plus,Kengeri,Rajajinagar,,,Not Applicable,Personal & Car related issue,Not Applicable,Not Applicable,656,Not Applicable,0,,
2024-07-03 05:31:00,CNR7174837751,Canceled by Driver,CID361358,Prime Sedan,Tumkur Road,KR Puram,,,Not Applicable,More than permitted people in there,Not Applicable,Not Applicable,907,Not Applicable,0,,
2024-07-07 18:37:00,CNR9927341285,Canceled by Driver,CID518071,Auto,Shivajinagar,MG Road,,,Not Applicable,Customer was coughing/sick,Not Applicable,Not Applicable,131,Not Applicable,0,,
2024-07-01 04:26:00,CNR6676242399,Success,CID744410,Mini,Hosur Road,Electronic City,210.0,70.0,Not Applicable,Not Applicable,No,Not Applicable,606,UPI,10,4.8,4.9
2024-07-25 14:19:00,CNR1463570450,Success,CID937874,eBike,Hebbal,Yeshwanthpur,287.0,70.0,Not Applicable,Not Applicable,No,Not Applicable,796,Cash,5,3.4,4.8
2024-07-05 04:08:00,CNR1442187068,Success,CID336475,Auto,Chickpet,Varthur,259.0,75.0,Not Applicable,Not Applicable,No,Not Applicable,328,Cash,18,3.1,3.7
2024-07-20 06:09:00,CNR7537182205,Canceled by Customer,CID621605,Prime Plus,Banashankari,RT Nagar,,,Driver is not moving towards pickup location,Not Applicable,Not Applicable,Not Applicable,530,Not Applicable,0,,
2024-07-21 14:34:00,CNR9114091706,Canceled by Driver,CID699043,Auto,Peenya,Langford Town,,,Not Applicable,Customer related issue,Not Applicable,Not Applicable,149,Not Applicable,0,,
2024-07-01 20:31:00,CNR3650165531,Canceled by Customer,CID639905,Prime SUV,Nagarbhavi,Basavanagudi,,,AC is Not working,Not Applicable,Not Applicable,Not Applicable,363,Not Applicable,0,,
2024-07-18 14:32:00,CNR3608976555,Success,CID231932,Auto,Vijayanagar,Sahakar Nagar,49.0,40.0,Not Applicable,Not Applicable,No,Not Applicable,483,Cash,4,3.4,4.4
2024-07-03 19:59:00,CNR7716101178,Canceled by Driver,CID194349,Bike,HSR Layout,Majestic,,,Not Applicable,Personal & Car related issue,Not Applicable,Not Applicable,164,Not Applicable,0,,
2024-07-24 04:59:00,CNR7840986450,Success,CID274903,Bike,Yelahanka,Chamarajpet,119.0,90.0,Not Applicable,Not Applicable,No,Not Applicable,825,UPI,40,3.3,4.9
2024-07-18 13:03:00,CNR7589342592,Success,CID845877,Bike,Bellandur,Hebbal,280.0,30.0,Not Applicable,Not Applicable,No,Not Applicable,578,UPI,6,3.3,3.9
2024-07-25 18:32:00,CNR2251305235,Success,CID975310,Prime SUV,Devanahalli,Padmanabhanagar,196.0,145.0,Not Applicable,Not Applicable,No,Not Applicable,309,UPI,10,3.9,4.8
2024-07-17 04:10:00,CNR4228583899,Canceled by Driver,CID894113,eBike,Sarjapur Road,Padmanabhanagar,,,Not Applicable,Customer related issue,Not Applicable,Not Applicable,372,Not Applicable,0,,
2024-07-13 19:56:00,CNR4636856013,Success,CID669921,Prime Sedan,Magadi Road,Hebbal,273.0,70.0,Not Applicable,Not Applicable,No,Not Applicable,301,UPI,45,4.3,4.0
2024-07-06 06:56:00,CNR5819361821,Success,CID438500,Auto,Basavanagudi,Ramamurthy Nagar,126.0,25.0,Not Applicable,Not Applicable,No,Not Applicable,246,Cash,7,3.7,4.3
2024-07-12 05:40:00,CNR5900391416,Canceled by Customer,CID873400,Mini,Nagarbhavi,Frazer Town,,,Driver asked to cancel,Not Applicable,Not Applicable,Not Applicable,273,Not Applicable,0,,
2024-07-08 23:49:00,CNR6795039513,Driver Not Found,CID562959,Prime SUV,Hulimavu,Malleshwaram,,,Not Applicable,Not Applicable,Not Applicable,Not Applicable,680,Not Applicable,0,,
2024-07-27 07:58:00,CNR8814617355,Canceled by Customer,CID705497,Bike,Magadi Road,Kengeri,,,AC is Not working,Not Applicable,Not Applicable,Not Applicable,664,Not Applicable,0,,
2024-07-30 23:49:00,CNR5118015443,Success,CID592759,Bike,Koramangala,Indiranagar,196.0,40.0,Not Applicable,Not Applicable,No,Not Applicable,246,Cash,40,4.6,3.7
2024-07-02 22:46:00,CNR8852355848,Success,CID352731,Mini,Chamarajpet,Chamarajpet,175.0,80.0,Not Applicable,Not Applicable,No,Not Applicable,195,Cash,7,3.0,3.2
2024-07-15 23:01:00,CNR4226842547,Driver Not Found,CID440210,Prime SUV,Hennur,Kengeri,,,Not Applicable,Not Applicable,Not Applicable,Not Applicable,165,Not Applicable,0,,
2024-07-27 17:05:00,CNR2070923345,Success,CID237018,Prime Plus,Kadugodi,Nagarbhavi,42.0,140.0,Not Applicable,Not Applicable,No,Not Applicable,2507,UPI,13,4.9,4.0
2024-07-29 12:03:00,CNR2191360301,Driver Not Found,CID582245,Bike,Indiranagar,BTM Layout,,,Not Applicable,Not Applicable,Not Applicable,Not Applicable,377,Not Applicable,0,,
2024-07-15 16:19:00,CNR5550638974,Success,CID445102,Mini,Ulsoor,Vijayanagar,56.0,35.0,Not Applicable,Not Applicable,No,Not Applicable,301,Cash,15,4.8,3.4
2024-07-07 19:36:00,CNR2309658519,Success,CID467979,Prime Sedan,Majestic,KR Puram,56.0,30.0,Not Applicable,Not Applicable,No,Not Applicable,140,UPI,5,4.1,4.9
2024-07-29 15:58:00,CNR4333588382,Success,CID850309,Prime Sedan,Indiranagar,Padmanabhanagar,238.0,40.0,Not Applicable,Not Applicable,No,Not Applicable,741,Cash,2,4.5,4.2
2024-07-03 17:27:00,CNR5582021392,Canceled by Driver,CID333273,Prime Plus,Bannerghatta Road,Hennur,,,Not Applicable,More than permitted people in there,Not Applicable,Not Applicable,436,Not Applicable,0,,
2024-07-09 11:57:00,CNR7213076817,Driver Not Found,CID764987,Prime SUV,Shantinagar,Ulsoor,,,Not Applicable,Not Applicable,Not Applicable,Not Applicable,211,Not Applicable,0,,
2024-07-13 16:50:00,CNR6499187893,Success,CID563256,eBike,Jayanagar,Bannerghatta Road,210.0,60.0,Not Applicable,Not Applicable,No,Not Applicable,354,UPI,41,3.9,4.6
2024-07-08 22:44:00,CNR2814540000,Success,CID644155,Prime Sedan,Hulimavu,Kadugodi,119.0,35.0,Not Applicable,Not Applicable,No,Not Applicable,204,UPI,31,3.8,3.5
2024-07-22 07:58:00,CNR3221282186,Success,CID582072,Bike,Magadi Road,Cox Town,252.0,90.0,Not Applicable,Not Applicable,No,Not Applicable,554,UPI,20,3.9,3.3
2024-07-12 20:22:00,CNR5402690549,Driver Not Found,CID187963,Prime Sedan,Cox Town,Magadi Road,,,Not Applicable,Not Applicable,Not Applicable,Not Applicable,262,Not Applicable,0,,
2024-07-12 00:07:00,CNR8164801401,Success,CID374422,Prime SUV,Shantinagar,Malleshwaram,175.0,40.0,Not Applicable,Not Applicable,No,Not Applicable,455,UPI,4,4.3,3.5
2024-07-23 03:34:00,CNR9278290973,Canceled by Driver,CID679722,Prime Plus,Devanahalli,Shantinagar,,,Not Applicable,Customer related issue,Not Applicable,Not Applicable,544,Not Applicable,0,,
2024-07-06 22:18:00,CNR7414673484,Driver Not Found,CID994587,eBike,HSR Layout,MG Road,,,Not Applicable,Not Applicable,Not Applicable,Not Applicable,2270,Not Applicable,0,,
2024-07-14 18:56:00,CNR4110622007,Success,CID910668,Prime Sedan,Langford Town,Peenya,168.0,125.0,Not Applicable,Not Applicable,No,Not Applicable,679,Cash,48,4.9,4.8
2024-07-08 19:35:00,CNR4190343667,Success,CID938071,Auto,Langford Town,Majestic,203.0,130.0,Not Applicable,Not Applicable,No,Not Applicable,335,UPI,10,4.4,3.6
2024-07-03 02:43:00,CNR6929787259,Success,CID654792,eBike,Chickpet,Koramangala,182.0,130.0,Not Applicable,Not Applicable,No,Not Applicable,312,UPI,7,3.8,4.9
2024-07-24 13:11:00,CNR9240235102,Success,CID738520,Prime SUV,Electronic City,Yeshwanthpur,63.0,85.0,Not Applicable,Not Applicable,Yes,Customer Demand,152,Cash,27,3.2,4.0
2024-07-29 14:05:00,CNR7633011611,Success,CID820329,Bike,Nagarbhavi,BTM Layout,273.0,85.0,Not Applicable,Not Applicable,No,Not Applicable,411,Cash,28,4.8,4.8
2024-07-16 11:52:00,CNR4105841789,Canceled by Driver,CID752762,Prime Plus,MG Road,Devanahalli,,,Not Applicable,Customer was coughing/sick,Not Applicable,Not Applicable,1284,Not Applicable,0,,
2024-07-20 19:28:00,CNR7471803402,Success,CID186642,Auto,Bannerghatta Road,HSR Layout,98.0,110.0,Not Applicable,Not Applicable,No,Not Applicable,924,Cash,11,4.4,3.4
2024-07-23 15:34:00,CNR1519506209,Success,CID263002,Prime SUV,Yeshwanthpur,Jayanagar,91.0,140.0,Not Applicable,Not Applicable,Yes,Customer Demand,2530,Cash,24,3.4,4.4
2024-07-18 00:22:00,CNR9654507931,Success,CID503002,Mini,Padmanabhanagar,Ulsoor,245.0,125.0,Not Applicable,Not Applicable,No,Not Applicable,2897,Cash,41,5.0,4.5
2024-07-28 11:49:00,CNR8127181189,Driver Not Found,CID360617,eBike,Hulimavu,KR Puram,,,Not Applicable,Not Applicable,Not Applicable,Not Applicable,303,Not Applicable,0,,
2024-07-13 13:24:00,CNR3313818162,Driver Not Found,CID886534,Prime SUV,Rajarajeshwari Nagar,Hennur,,,Not Applicable,Not Applicable,Not Applicable,Not Applicable,337,Not Applicable,0,,
2024-07-25 07:47:00,CNR2611366220,Success,CID285400,Bike,Hosur Road,Hebbal,168.0,135.0,Not Applicable,Not Applicable,Yes,Vehicle Breakdown,500,Cash,42,3.3,3.0
2024-07-21 16:34:00,CNR3937289893,Success,CID801972,Auto,Kadugodi,Malleshwaram,63.0,100.0,Not Applicable,Not Applicable,No,Not Applicable,881,Cash,16,4.8,3.4
2024-07-12 16:31:00,CNR8376155060,Success,CID525917,Prime Plus,Basavanagudi,Yelahanka,189.0,125.0,Not Applicable,Not Applicable,No,Not Applicable,338,Credit Card,24,4.9,3.0
2024-07-19 09:31:00,CNR9413665417,Driver Not Found,CID853476,Prime Plus,RT Nagar,Chickpet,,,Not Applicable,Not Applicable,Not Applicable,Not Applicable,830,Not Applicable,0,,
2024-07-12 10:53:00,CNR5328122169,Success,CID917779,Prime Plus,KR Puram,Bannerghatta Road,168.0,140.0,Not Applicable,Not Applicable,Yes,Customer Demand,596,UPI,35,3.4,3.4
2024-07-11 22:21:00,CNR3674033138,Success,CID890304,Prime Sedan,Chickpet,Shivajinagar,147.0,120.0,Not Applicable,Not Applicable,No,Not Applicable,751,Cash,16,3.1,4.8
2024-07-15 08:37:00,CNR1414363969,Success,CID840426,Auto,Kadugodi,Jayanagar,154.0,120.0,Not Applicable,Not Applicable,No,Not Applicable,950,Credit Card,4,3.0,4.7
2024-07-05 23:14:00,CNR6985277329,Driver Not Found,CID458302,Auto,Varthur,Langford Town,,,Not Applicable,Not Applicable,Not Applicable,Not Applicable,280,Not Applicable,0,,
2024-07-20 06:03:00,CNR7336115218,Canceled by Driver,CID428820,Auto,RT Nagar,Electronic City,,,Not Applicable,Personal & Car related issue,Not Applicable,Not Applicable,2966,Not Applicable,0,,
2024-07-22 09:05:00,CNR3207531782,Success,CID414135,Auto,Majestic,Jayanagar,42.0,45.0,Not Applicable,Not Applicable,No,Not Applicable,145,Cash,7,4.9,3.9
2024-07-28 23:22:00,CNR7539585146,Success,CID172060,eBike,Hulimavu,Electronic City,287.0,145.0,Not Applicable,Not Applicable,No,Not Applicable,621,UPI,35,3.1,3.5
2024-07-18 11:53:00,CNR5164832354,Canceled by Driver,CID630457,Prime Plus,Devanahalli,Hulimavu,,,Not Applicable,Customer was coughing/sick,Not Applicable,Not Applicable,264,Not Applicable,0,,
2024-07-29 00:36:00,CNR9208590526,Success,CID920208,Auto,Banashankari,Kammanahalli,287.0,50.0,Not Applicable,Not Applicable,No,Not Applicable,285,Cash,12,4.0,3.4
2024-07-01 05:34:00,CNR4793495751,Success,CID668498,Bike,Vijayanagar,Ulsoor,98.0,135.0,Not Applicable,Not Applicable,No,Not Applicable,388,UPI,7,3.6,4.1
2024-07-17 07:30:00,CNR3227051326,Canceled by Driver,CID244568,eBike,Indiranagar,Langford Town,,,Not Applicable,Personal & Car related issue,Not Applicable,Not Applicable,690,Not Applicable,0,,
2024-07-05 20:41:00,CNR4467930508,Canceled by Driver,CID226527,Prime Sedan,Tumkur Road,Sahakar Nagar,,,Not Applicable,Personal & Car related issue,Not Applicable,Not Applicable,445,Not Applicable,0,,
2024-07-20 20:51:00,CNR7029945801,Success,CID271001,Bike,Hulimavu,Cox Town,203.0,65.0,Not Applicable,Not Applicable,No,Not Applicable,958,UPI,8,4.4,5.0
2024-07-06 20:52:00,CNR8591287562,Success,CID815552,Auto,Sarjapur Road,Sahakar Nagar,189.0,45.0,Not Applicable,Not Applicable,No,Not Applicable,381,Cash,16,4.9,4.6
2024-07-29 19:36:00,CNR4144870784,Success,CID590728,Prime SUV,Hulimavu,Hulimavu,238.0,70.0,Not Applicable,Not Applicable,No,Not Applicable,260,Cash,25,4.3,3.5
2024-07-26 17:41:00,CNR8920582000,Success,CID683093,Mini,Devanahalli,Padmanabhanagar,189.0,40.0,Not Applicable,Not Applicable,No,Not Applicable,474,Cash,35,3.9,4.1
2024-07-30 18:16:00,CNR5092804704,Success,CID386251,Bike,Rajajinagar,Shantinagar,168.0,85.0,Not Applicable,Not Applicable,No,Not Applicable,511,UPI,46,3.3,4.0
2024-07-27 09:24:00,CNR3158502751,Canceled by Driver,CID398467,Prime Plus,Ulsoor,HSR Layout,,,Not Applicable,Personal & Car related issue,Not Applicable,Not Applicable,139,Not Applicable,0,,
2024-07-15 10:07:00,CNR4154948671,Driver Not Found,CID196041,Auto,Langford Town,Majestic,,,Not Applicable,Not Applicable,Not Applicable,Not Applicable,2272,Not Applicable,0,,
2024-07-20 13:16:00,CNR9865697983,Driver Not Found,CID344064,Prime SUV,Jayanagar,Hennur,,,Not Applicable,Not Applicable,Not Applicable,Not Applicable,493,Not Applicable,0,,
2024-07-08 16:17:00,CNR7161808758,Success,CID199715,Prime SUV,HSR Layout,Majestic,91.0,95.0,Not Applicable,Not Applicable,No,Not Applicable,266,Credit Card,20,4.6,3.6
2024-07-02 15:41:00,CNR5937482536,Success,CID424657,Bike,Malleshwaram,JP Nagar,287.0,95.0,Not Applicable,Not Applicable,No,Not Applicable,346,Cash,11,4.7,3.7
2024-07-25 04:13:00,CNR6744996811,Success,CID712348,Auto,Kadugodi,Peenya,49.0,105.0,Not Applicable,Not Applicable,No,Not Applicable,343,UPI,17,3.8,4.1
2024-07-25 15:46:00,CNR7636232347,Success,CID387664,eBike,Kadugodi,Kengeri,147.0,140.0,Not Applicable,Not Applicable,No,Not Applicable,370,UPI,33,3.2,3.1
2024-07-10 10:04:00,CNR7685992358,Success,CID125810,eBike,Mysore Road,Mysore Road,182.0,125.0,Not Applicable,Not Applicable,No,Not Applicable,892,Cash,9,4.6,3.5
2024-07-20 13:45:00,CNR5878889067,Success,CID534626,Auto,Varthur,Koramangala,266.0,70.0,Not Applicable,Not Applicable,No,Not Applicable,879,Cash,8,3.4,3.5
2024-07-29 01:19:00,CNR4567080227,Success,CID372457,Prime Plus,Magadi Road,Kadugodi,84.0,130.0,Not Applicable,Not Applicable,No,Not Applicable,302,UPI,47,3.5,5.0
2024-07-02 23:54:00,CNR7445930456,Canceled by Driver,CID428901,eBike,Majestic,Whitefield,,,Not Applicable,Customer was coughing/sick,Not Applicable,Not Applicable,139,Not Applicable,0,,
2024-07-18 15:51:00,CNR5722893215,Success,CID911170,Auto,Rajajinagar,Bannerghatta Road,224.0,30.0,Not Applicable,Not Applicable,No,Not Applicable,384,Debit Card,12,4.0,4.6
2024-07-09 23:02:00,CNR8087565573,Success,CID471526,Prime Sedan,Frazer Town,Banashankari,287.0,45.0,Not Applicable,Not Applicable,No,Not Applicable,238,Cash,21,3.1,5.0
2024-07-25 03:23:00,CNR2579639596,Driver Not Found,CID796567,Prime SUV,Frazer Town,Majestic,,,Not Applicable,Not Applicable,Not Applicable,Not Applicable,1132,Not Applicable,0,,
2024-07-10 05:52:00,CNR6357628528,Driver Not Found,CID128707,eBike,Mysore Road,Hennur,,,Not Applicable,Not Applicable,Not Applicable,Not Applicable,1333,Not Applicable,0,,
2024-07-03 18:54:00,CNR4205799030,Success,CID888436,Prime Sedan,Cox Town,Rajarajeshwari Nagar,294.0,35.0,Not Applicable,Not Applicable,No,Not Applicable,458,Credit Card,48,4.7,4.5
2024-07-26 21:22:00,CNR4867703140,Success,CID200648,Mini,Magadi Road,Hulimavu,49.0,30.0,Not Applicable,Not Applicable,No,Not Applicable,492,Cash,43,4.7,4.8
2024-07-17 23:25:00,CNR4655189695,Success,CID541212,eBike,Mysore Road,Frazer Town,154.0,45.0,Not Applicable,Not Applicable,No,Not Applicable,312,Cash,12,4.9,3.8
2024-07-26 07:17:00,CNR7407782208,Success,CID749631,Prime Plus,Cox Town,Rajarajeshwari Nagar,182.0,125.0,Not Applicable,Not Applicable,No,Not Applicable,219,Cash,46,3.1,4.9
2024-07-28 02:37:00,CNR5535579568,Success,CID398520,Mini,Cox Town,Ulsoor,133.0,30.0,Not Applicable,Not Applicable,No,Not Applicable,968,Cash,44,3.1,4.9
2024-07-26 22:39:00,CNR2839631309,Canceled by Driver,CID382332,Prime Plus,Shantinagar,Yeshwanthpur,,,Not Applicable,Customer was coughing/sick,Not Applicable,Not Applicable,294,Not Applicable,0,,
2024-07-09 04:24:00,CNR7677869350,Success,CID111084,Prime Plus,Peenya,Bannerghatta Road,168.0,95.0,Not Applicable,Not Applicable,No,Not Applicable,207,Cash,30,3.1,3.9
2024-07-15 10:24:00,CNR1466786203,Canceled by Customer,CID813057,Prime SUV,Chickpet,Basavanagudi,,,Driver asked to cancel,Not Applicable,Not Applicable,Not Applicable,698,Not Applicable,0,,
2024-07-09 05:34:00,CNR6691316087,Canceled by Driver,CID744827,Prime SUV,Cox Town,Kadugodi,,,Not Applicable,Customer related issue,Not Applicable,Not Applicable,585,Not Applicable,0,,
2024-07-10 13:55:00,CNR4660151357,Success,CID703240,Bike,Electronic City,Sahakar Nagar,49.0,50.0,Not Applicable,Not Applicable,No,Not Applicable,169,UPI,24,4.1,3.6
2024-07-11 10:32:00,CNR1787476425,Success,CID709613,Bike,Sahakar Nagar,Malleshwaram,70.0,25.0,Not Applicable,Not Applicable,No,Not Applicable,386,UPI,21,3.5,4.3
2024-07-10 05:11:00,CNR2819172776,Driver Not Found,CID535330,Prime Sedan,Hennur,Kengeri,,,Not Applicable,Not Applicable,Not Applicable,Not Applicable,1986,Not Applicable,0,,
2024-07-05 16:09:00,CNR6575759972,Success,CID515752,Bike,BTM Layout,Kammanahalli,98.0,145.0,Not Applicable,Not Applicable,No,Not Applicable,401,UPI,7,3.4,4.1
2024-07-13 05:21:00,CNR8144373794,Success,CID375515,Bike,Sahakar Nagar,Peenya,35.0,145.0,Not Applicable,Not Applicable,No,Not Applicable,144,Cash,35,3.7,4.2
2024-07-07 05:56:00,CNR4550117826,Success,CID798151,eBike,Chamarajpet,Kengeri,161.0,110.0,Not Applicable,Not Applicable,No,Not Applicable,268,Cash,45,3.8,4.5
2024-07-29 08:15:00,CNR6824401658,Success,CID291587,Prime SUV,Kadugodi,BTM Layout,49.0,45.0,Not Applicable,Not Applicable,No,Not Applicable,246,Cash,21,4.0,4.5
2024-07-15 19:46:00,CNR6577437158,Success,CID792428,Bike,Malleshwaram,Majestic,91.0,50.0,Not Applicable,Not Applicable,No,Not Applicable,160,Cash,36,3.9,3.2
2024-07-27 23:32:00,CNR3966920921,Canceled by Customer,CID272799,Auto,Chamarajpet,Hennur,,,Driver is not moving towards pickup location,Not Applicable,Not Applicable,Not Applicable,2109,Not Applicable,0,,
2024-07-02 14:48:00,CNR6047988099,Canceled by Driver,CID912824,Bike,Frazer Town,Shivajinagar,,,Not Applicable,Customer related issue,Not Applicable,Not Applicable,1566,Not Applicable,0,,
2024-07-01 19:11:00,CNR6316898130,Success,CID172933,Auto,Chamarajpet,Hulimavu,161.0,40.0,Not Applicable,Not Applicable,No,Not Applicable,168,Cash,4,3.0,3.5
2024-07-24 22:45:00,CNR2922213241,Success,CID690675,Prime Sedan,Hebbal,Tumkur Road,119.0,45.0,Not Applicable,Not Applicable,No,Not Applicable,449,UPI,16,3.6,3.5
2024-07-02 18:11:00,CNR3890913355,Success,CID140270,eBike,Langford Town,Hulimavu,154.0,50.0,Not Applicable,Not Applicable,No,Not Applicable,221,UPI,28,3.9,4.8
2024-07-22 14:29:00,CNR2105042981,Success,CID366386,eBike,Mysore Road,Rajajinagar,210.0,25.0,Not Applicable,Not Applicable,No,Not Applicable,1885,UPI,6,3.6,4.6
2024-07-16 13:51:00,CNR7365566863,Success,CID119714,Auto,Yeshwanthpur,Jayanagar,154.0,125.0,Not Applicable,Not Applicable,Yes,Vehicle Breakdown,905,Cash,1,3.7,3.4
2024-07-17 22:34:00,CNR4119968996,Success,CID225266,eBike,Mysore Road,Koramangala,259.0,145.0,Not Applicable,Not Applicable,No,Not Applicable,429,UPI,20,3.7,3.7
2024-07-14 00:53:00,CNR9929336047,Canceled by Driver,CID990826,Prime Sedan,Devanahalli,Cox Town,,,Not Applicable,Customer related issue,Not Applicable,Not Applicable,320,Not Applicable,0,,
2024-07-09 18:58:00,CNR1044984855,Success,CID472678,Mini,Rajarajeshwari Nagar,Yelahanka,168.0,45.0,Not Applicable,Not Applicable,No,Not Applicable,469,UPI,6,4.3,4.2
2024-07-11 10:34:00,CNR4273199316,Canceled by Driver,CID625519,Prime Sedan,Nagarbhavi,Banashankari,,,Not Applicable,More than permitted people in there,Not Applicable,Not Applicable,213,Not Applicable,0,,
2024-07-14 23:58:00,CNR9196985319,Success,CID690357,Prime Plus,Ramamurthy Nagar,Malleshwaram,252.0,80.0,Not Applicable,Not Applicable,Yes,Customer Demand,339,UPI,30,3.8,3.7
2024-07-18 08:56:00,CNR7010328591,Canceled by Driver,CID957037,Bike,Hulimavu,Tumkur Road,,,Not Applicable,Personal & Car related issue,Not Applicable,Not Applicable,328,Not Applicable,0,,
2024-07-18 16:24:00,CNR2575328279,Canceled by Driver,CID223313,Prime Plus,Majestic,Vijayanagar,,,Not Applicable,Customer related issue,Not Applicable,Not Applicable,594,Not Applicable,0,,
2024-07-22 19:01:00,CNR5402993894,Success,CID700395,Prime Sedan,Whitefield,Majestic,168.0,100.0,Not Applicable,Not Applicable,No,Not Applicable,429,Cash,38,3.0,4.8
2024-07-10 00:58:00,CNR6168477926,Success,CID882129,Prime Sedan,Sahakar Nagar,Kengeri,133.0,45.0,Not Applicable,Not Applicable,Yes,Vehicle Breakdown,769,UPI,40,4.1,4.4
2024-07-16 01:57:00,CNR6586225422,Canceled by Driver,CID997775,eBike,Majestic,Yeshwanthpur,,,Not Applicable,Customer was coughing/sick,Not Applicable,Not Applicable,433,Not Applicable,0,,
2024-07-22 00:48:00,CNR9976713939,Success,CID280937,Auto,Malleshwaram,BTM Layout,182.0,35.0,Not Applicable,Not Applicable,No,Not Applicable,495,UPI,12,4.8,3.7
2024-07-22 07:39:00,CNR5140342039,Canceled by Driver,CID299526,eBike,Bellandur,Shivajinagar,,,Not Applicable,Customer related issue,Not Applicable,Not Applicable,156,Not Applicable,0,,
2024-07-26 03:22:00,CNR1424047374,Canceled by Driver,CID925887,Mini,Marathahalli,Basavanagudi,,,Not Applicable,Personal & Car related issue,Not Applicable,Not Applicable,275,Not Applicable,0,,
2024-07-30 16:24:00,CNR8454255488,Success,CID768394,Prime Sedan,Nagarbhavi,MG Road,84.0,35.0,Not Applicable,Not Applicable,No,Not Applicable,110,Cash,6,4.1,3.0
2024-07-11 11:05:00,CNR7826884704,Canceled by Driver,CID369138,eBike,JP Nagar,Indiranagar,,,Not Applicable,More than permitted people in there,Not Applicable,Not Applicable,924,Not Applicable,0,,
2024-07-30 20:00:00,CNR3781659296,Success,CID498383,Prime SUV,KR Puram,Cox Town,56.0,115.0,Not Applicable,Not Applicable,No,Not Applicable,225,UPI,24,4.6,3.7
2024-07-23 18:47:00,CNR7819423637,Success,CID729146,Bike,Rajajinagar,Yeshwanthpur,133.0,50.0,Not Applicable,Not Applicable,No,Not Applicable,223,Cash,20,3.5,4.2
2024-07-30 23:33:00,CNR4477145454,Success,CID969650,eBike,Mysore Road,Langford Town,231.0,80.0,Not Applicable,Not Applicable,No,Not Applicable,916,Cash,18,4.1,4.7
2024-07-12 23:39:00,CNR2221349194,Success,CID972941,Auto,Majestic,HSR Layout,217.0,120.0,Not Applicable,Not Applicable,No,Not Applicable,520,UPI,16,4.8,4.5
2024-07-07 09:33:00,CNR9389230084,Success,CID353312,Mini,Richmond Town,Hosur Road,56.0,100.0,Not Applicable,Not Applicable,No,Not Applicable,130,Cash,2,3.5,3.8
2024-07-20 18:37:00,CNR7330534799,Success,CID754168,Prime Sedan,Rajajinagar,HSR Layout,224.0,100.0,Not Applicable,Not Applicable,No,Not Applicable,2684,Cash,26,4.5,4.9
2024-07-12 12:04:00,CNR6700805565,Canceled by Driver,CID618727,Prime Plus,MG Road,Rajarajeshwari Nagar,,,Not Applicable,Customer was coughing/sick,Not Applicable,Not Applicable,236,Not Applicable,0,,
2024-07-28 03:06:00,CNR8763184734,Success,CID128448,Mini,RT Nagar,Kammanahalli,168.0,105.0,Not Applicable,Not Applicable,No,Not Applicable,158,UPI,22,4.1,3.8
2024-07-01 09:05:00,CNR3606634523,Success,CID262245,Prime SUV,Peenya,Jayanagar,35.0,90.0,Not Applicable,Not Applicable,No,Not Applicable,219,Cash,15,4.4,3.0
2024-07-14 13:31:00,CNR2495896675,Success,CID589710,Prime Sedan,Ulsoor,Shivajinagar,147.0,55.0,Not Applicable,Not Applicable,No,Not Applicable,144,Cash,19,4.5,4.6
2024-07-17 18:05:00,CNR7997753895,Success,CID713553,Prime Sedan,JP Nagar,Sarjapur Road,84.0,145.0,Not Applicable,Not Applicable,No,Not Applicable,881,UPI,16,4.9,3.8
2024-07-10 14:00:00,CNR8144451087,Canceled by Driver,CID518345,Bike,Indiranagar,Yeshwanthpur,,,Not Applicable,Customer related issue,Not Applicable,Not Applicable,321,Not Applicable,0,,
2024-07-24 23:13:00,CNR1869623399,Driver Not Found,CID804823,Prime SUV,Rajarajeshwari Nagar,Ulsoor,,,Not Applicable,Not Applicable,Not Applicable,Not Applicable,529,Not Applicable,0,,
2024-07-18 23:06:00,CNR2295961007,Success,CID733333,Prime Sedan,Padmanabhanagar,Sahakar Nagar,294.0,125.0,Not Applicable,Not Applicable,No,Not Applicable,2152,Cash,43,3.1,3.1
2024-07-30 01:31:00,CNR4604820151,Success,CID686865,Prime SUV,Vijayanagar,Shivajinagar,147.0,45.0,Not Applicable,Not Applicable,No,Not Applicable,395,UPI,14,4.8,4.0
2024-07-19 19:59:00,CNR7716188979,Success,CID416504,Prime SUV,Rajarajeshwari Nagar,Kengeri,35.0,55.0,Not Applicable,Not Applicable,No,Not Applicable,210,UPI,1,3.7,3.9
2024-07-17 23:14:00,CNR2493076039,Canceled by Driver,CID777218,Bike,Vijayanagar,Kengeri,,,Not Applicable,Personal & Car related issue,Not Applicable,Not Applicable,533,Not Applicable,0,,
2024-07-23 10:52:00,CNR1123818327,Success,CID137508,Auto,Devanahalli,Kengeri,98.0,60.0,Not Applicable,Not Applicable,No,Not Applicable,2072,Cash,11,4.2,4.0
2024-07-28 08:09:00,CNR3841277862,Success,CID898309,Auto,Cox Town,JP Nagar,49.0,140.0,Not Applicable,Not Applicable,No,Not Applicable,434,Cash,16,3.4,3.0
2024-07-01 18:19:00,CNR7648877882,Driver Not Found,CID235457,Prime Plus,Banashankari,Nagarbhavi,,,Not Applicable,Not Applicable,Not Applicable,Not Applicable,443,Not Applicable,0,,
2024-07-07 16:53:00,CNR7402280701,Success,CID944820,Mini,JP Nagar,Bellandur,140.0,50.0,Not Applicable,Not Applicable,Yes,Other Issue,104,Credit Card,21,4.1,4.0
2024-07-07 09:33:00,CNR9061553074,Success,CID266363,Prime Sedan,Hulimavu,Vijayanagar,210.0,80.0,Not Applicable,Not Applicable,No,Not Applicable,230,UPI,43,4.5,5.0
2024-07-23 23:48:00,CNR8066391004,Canceled by Driver,CID508184,Prime Plus,Rajajinagar,Shivajinagar,,,Not Applicable,Personal & Car related issue,Not Applicable,Not Applicable,143,Not Applicable,0,,
2024-07-26 06:40:00,CNR2996748293,Success,CID700952,Bike,Peenya,Kammanahalli,217.0,135.0,Not Applicable,Not Applicable,No,Not Applicable,699,UPI,30,4.9,4.6
2024-07-03 15:11:00,CNR2145461241,Canceled by Driver,CID571353,Bike,Banashankari,Majestic,,,Not Applicable,Personal & Car related issue,Not Applicable,Not Applicable,343,Not Applicable,0,,
2024-07-13 02:45:00,CNR4751152718,Success,CID893488,Mini,Sarjapur Road,Hulimavu,42.0,75.0,Not Applicable,Not Applicable,No,Not Applicable,149,Credit Card,13,4.7,3.8
2024-07-30 02:52:00,CNR6065220457,Success,CID797948,eBike,Yelahanka,Sarjapur Road,77.0,85.0,Not Applicable,Not Applicable,No,Not Applicable,240,Cash,49,3.7,4.6
2024-07-22 22:57:00,CNR5506638086,Success,CID852778,Auto,Devanahalli,Shantinagar,224.0,115.0,Not Applicable,Not Applicable,No,Not Applicable,461,Cash,9,3.0,3.8
2024-07-10 20:51:00,CNR2215677628,Success,CID545003,Prime Plus,Kengeri,Yeshwanthpur,182.0,90.0,Not Applicable,Not Applicable,No,Not Applicable,1649,UPI,3,4.8,3.5
2024-07-30 07:07:00,CNR4067189546,Success,CID829171,Prime Plus,Kengeri,Electronic City,91.0,75.0,Not Applicable,Not Applicable,No,Not Applicable,417,Cash,41,3.6,3.5
2024-07-17 07:01:00,CNR8078490768,Success,CID865529,Bike,Nagarbhavi,Electronic City,301.0,135.0,Not Applicable,Not Applicable,No,Not Applicable,146,Cash,3,4.2,3.2
2024-07-20 14:42:00,CNR5366502064,Success,CID740314,Mini,Hosur Road,Padmanabhanagar,91.0,75.0,Not Applicable,Not Applicable,No,Not Applicable,251,UPI,46,3.2,3.4
2024-07-27 14:48:00,CNR2546248871,Success,CID227997,Prime SUV,RT Nagar,JP Nagar,84.0,30.0,Not Applicable,Not Applicable,No,Not Applicable,139,Cash,41,3.5,3.7
2024-07-09 06:13:00,CNR8604973252,Success,CID279704,Prime SUV,Indiranagar,HSR Layout,287.0,100.0,Not Applicable,Not Applicable,No,Not Applicable,159,Credit Card,10,4.0,3.6
2024-07-25 06:36:00,CNR4620057158,Success,CID199881,eBike,RT Nagar,Kengeri,140.0,80.0,Not Applicable,Not Applicable,No,Not Applicable,2176,Cash,9,4.0,3.1
2024-07-09 13:23:00,CNR9959014529,Success,CID270626,Prime Plus,Chamarajpet,Hosur Road,182.0,115.0,Not Applicable,Not Applicable,No,Not Applicable,400,Cash,19,3.8,4.4
2024-07-23 10:14:00,CNR7552017545,Canceled by Driver,CID974745,eBike,Marathahalli,Kadugodi,,,Not Applicable,Customer related issue,Not Applicable,Not Applicable,199,Not Applicable,0,,
2024-07-14 10:33:00,CNR7948521538,Success,CID260676,Prime SUV,RT Nagar,RT Nagar,119.0,70.0,Not Applicable,Not Applicable,No,Not Applicable,109,UPI,2,3.6,4.0
2024-07-01 07:01:00,CNR5803264038,Success,CID420015,eBike,Marathahalli,Koramangala,147.0,145.0,Not Applicable,Not Applicable,No,Not Applicable,465,Cash,41,4.2,5.0
2024-07-18 12:39:00,CNR4180544606,Success,CID641956,eBike,Rajajinagar,Banashankari,273.0,100.0,Not Applicable,Not Applicable,No,Not Applicable,244,UPI,16,4.8,3.6
2024-07-24 16:11:00,CNR1290185662,Success,CID313512,Bike,Rajajinagar,Ulsoor,91.0,105.0,Not Applicable,Not Applicable,No,Not Applicable,879,Cash,45,3.8,4.3
2024-07-08 14:19:00,CNR8996835441,Success,CID970174,Prime Sedan,Richmond Town,Ulsoor,42.0,125.0,Not Applicable,Not Applicable,No,Not Applicable,343,Cash,35,4.1,4.5
2024-07-01 06:37:00,CNR6076649239,Success,CID555728,Auto,Whitefield,BTM Layout,91.0,135.0,Not Applicable,Not Applicable,No,Not Applicable,464,UPI,7,3.8,3.4
2024-07-02 08:03:00,CNR4140194623,Canceled by Driver,CID703829,Prime Plus,Rajajinagar,Whitefield,,,Not Applicable,Personal & Car related issue,Not Applicable,Not Applicable,341,Not Applicable,0,,
2024-07-03 10:47:00,CNR8357369548,Success,CID170201,Mini,Langford Town,Hosur Road,224.0,145.0,Not Applicable,Not Applicable,No,Not Applicable,142,UPI,37,4.9,3.8
2024-07-05 07:54:00,CNR1174348336,Canceled by Customer,CID950741,Bike,Devanahalli,Yeshwanthpur,,,Driver is not moving towards pickup location,Not Applicable,Not Applicable,Not Applicable,143,Not Applicable,0,,
2024-07-07 19:20:00,CNR6222990545,Canceled by Driver,CID585309,Mini,Padmanabhanagar,Langford Town,,,Not Applicable,More than permitted people in there,Not Applicable,Not Applicable,267,Not Applicable,0,,
2024-07-08 13:39:00,CNR2216574999,Canceled by Driver,CID284779,Mini,Frazer Town,Shantinagar,,,Not Applicable,Personal & Car related issue,Not Applicable,Not Applicable,141,Not Applicable,0,,
2024-07-24 11:46:00,CNR1549694680,Success,CID411398,Prime SUV,Jayanagar,Kadugodi,98.0,70.0,Not Applicable,Not Applicable,No,Not Applicable,335,Cash,45,4.3,4.9
2024-07-08 15:18:00,CNR4091999308,Canceled by Driver,CID781887,Prime SUV,Hulimavu,Tumkur Road,,,Not Applicable,Personal & Car related issue,Not Applicable,Not Applicable,589,Not Applicable,0,,
2024-07-04 12:54:00,CNR1376987404,Success,CID758788,Bike,Jayanagar,Kadugodi,42.0,105.0,Not Applicable,Not Applicable,No,Not Applicable,382,Cash,4,3.2,4.8
2024-07-26 10:49:00,CNR9034745328,Success,CID971535,Mini,Bannerghatta Road,Sahakar Nagar,35.0,145.0,Not Applicable,Not Applicable,No,Not Applicable,879,UPI,3,4.3,4.7
2024-07-16 03:37:00,CNR2288456719,Canceled by Driver,CID703813,Bike,Majestic,Langford Town,,,Not Applicable,Customer was coughing/sick,Not Applicable,Not Applicable,206,Not Applicable,0,,
2024-07-16 06:41:00,CNR3047749003,Canceled by Driver,CID868645,Prime Sedan,Hosur Road,Richmond Town,,,Not Applicable,Customer related issue,Not Applicable,Not Applicable,365,Not Applicable,0,,
2024-07-24 02:38:00,CNR6579151396,Success,CID475834,Auto,Rajarajeshwari Nagar,Bannerghatta Road,245.0,130.0,Not Applicable,Not Applicable,No,Not Applicable,181,UPI,9,3.4,4.9
2024-07-12 11:35:00,CNR3944242795,Success,CID741868,Mini,RT Nagar,Hebbal,140.0,135.0,Not Applicable,Not Applicable,No,Not Applicable,400,Cash,2,3.6,3.0
2024-07-10 12:09:00,CNR8755415425,Driver Not Found,CID809341,Prime Plus,Hulimavu,Koramangala,,,Not Applicable,Not Applicable,Not Applicable,Not Applicable,175,Not Applicable,0,,
2024-07-07 22:16:00,CNR9223285625,Canceled by Customer,CID567305,Prime Sedan,Varthur,Bellandur,,,Wrong Address,Not Applicable,Not Applicable,Not Applicable,451,Not Applicable,0,,
2024-07-20 05:15:00,CNR8354697290,Driver Not Found,CID367250,eBike,Bannerghatta Road,Kammanahalli,,,Not Applicable,Not Applicable,Not Applicable,Not Applicable,127,Not Applicable,0,,
2024-07-28 14:54:00,CNR4557351969,Success,CID345544,Mini,JP Nagar,Varthur,224.0,110.0,Not Applicable,Not Applicable,No,Not Applicable,483,Cash,21,4.7,3.9
2024-07-29 10:10:00,CNR4583026538,Success,CID270831,Prime Plus,Nagarbhavi,Hebbal,49.0,45.0,Not Applicable,Not Applicable,No,Not Applicable,135,UPI,7,4.3,3.5
2024-07-01 20:03:00,CNR3183062641,Success,CID188542,Prime SUV,Shivajinagar,Kammanahalli,84.0,120.0,Not Applicable,Not Applicable,No,Not Applicable,418,UPI,37,4.5,3.9
2024-07-19 18:31:00,CNR1642745871,Canceled by Driver,CID880737,Prime Plus,Padmanabhanagar,Peenya,,,Not Applicable,Customer related issue,Not Applicable,Not Applicable,907,Not Applicable,0,,
2024-07-04 21:43:00,CNR5638557687,Canceled by Driver,CID758685,Bike,RT Nagar,Whitefield,,,Not Applicable,Customer related issue,Not Applicable,Not Applicable,468,Not Applicable,0,,
2024-07-21 23:44:00,CNR8723958159,Canceled by Driver,CID150746,Auto,Hulimavu,Bannerghatta Road,,,Not Applicable,Customer was coughing/sick,Not Applicable,Not Applicable,128,Not Applicable,0,,
2024-07-03 06:37:00,CNR7527590374,Success,CID456167,Auto,Shantinagar,Mysore Road,203.0,35.0,Not Applicable,Not Applicable,No,Not Applicable,306,Cash,5,4.4,4.9
2024-07-16 22:22:00,CNR5321785647,Success,CID321849,Bike,KR Puram,Indiranagar,245.0,145.0,Not Applicable,Not Applicable,No,Not Applicable,456,UPI,47,4.9,4.2
2024-07-16 08:41:00,CNR1162827218,Driver Not Found,CID988492,Bike,Langford Town,MG Road,,,Not Applicable,Not Applicable,Not Applicable,Not Applicable,357,Not Applicable,0,,
2024-07-28 16:36:00,CNR1958463895,Success,CID597360,Prime Plus,MG Road,Majestic,140.0,60.0,Not Applicable,Not Applicable,No,Not Applicable,829,UPI,34,4.6,3.9
2024-07-16 00:14:00,CNR7667548510,Success,CID434944,eBike,MG Road,Banashankari,70.0,130.0,Not Applicable,Not Applicable,No,Not Applicable,330,UPI,46,3.8,3.4
2024-07-19 12:01:00,CNR8579305776,Success,CID722426,Prime Plus,Devanahalli,Electronic City,133.0,120.0,Not Applicable,Not Applicable,No,Not Applicable,142,Cash,49,4.4,4.4
2024-07-02 20:08:00,CNR6903289947,Success,CID634482,Prime Plus,JP Nagar,Chamarajpet,301.0,100.0,Not Applicable,Not Applicable,No,Not Applicable,2276,UPI,5,4.0,4.9
2024-07-01 17:41:00,CNR4978364134,Success,CID685921,Prime SUV,Nagarbhavi,Chickpet,154.0,65.0,Not Applicable,Not Applicable,Yes,Customer Demand,332,Cash,40,4.3,3.0
2024-07-30 18:00:00,CNR6467088927,Success,CID908184,Prime Sedan,JP Nagar,Rajajinagar,210.0,60.0,Not Applicable,Not Applicable,No,Not Applicable,103,UPI,42,4.5,3.9
2024-07-27 10:46:00,CNR8064268579,Success,CID824915,eBike,Padmanabhanagar,Vijayanagar,161.0,145.0,Not Applicable,Not Applicable,No,Not Applicable,155,Cash,3,3.1,3.1
2024-07-30 18:45:00,CNR1524622905,Success,CID651412,Auto,Chamarajpet,Sarjapur Road,140.0,85.0,Not Applicable,Not Applicable,No,Not Applicable,379,UPI,18,3.8,3.0
2024-07-27 10:54:00,CNR5263798331,Success,CID727296,Prime Plus,Hennur,Hulimavu,259.0,135.0,Not Applicable,Not Applicable,No,Not Applicable,843,Cash,7,4.4,3.5
2024-07-14 23:19:00,CNR1125362163,Canceled by Driver,CID824716,Prime SUV,Koramangala,Hulimavu,,,Not Applicable,More than permitted people in there,Not Applicable,Not Applicable,118,Not Applicable,0,,
2024-07-02 03:32:00,CNR1153362702,Success,CID894778,Prime SUV,Vijayanagar,Koramangala,42.0,60.0,Not Applicable,Not Applicable,No,Not Applicable,285,Cash,20,4.7,3.6
2024-07-20 04:49:00,CNR4055460611,Driver Not Found,CID733359,Prime Plus,Devanahalli,Sarjapur Road,,,Not Applicable,Not Applicable,Not Applicable,Not Applicable,454,Not Applicable,0,,
2024-07-22 04:07:00,CNR7038510428,Canceled by Driver,CID904007,Auto,Chickpet,Kengeri,,,Not Applicable,Personal & Car related issue,Not Applicable,Not Applicable,243,Not Applicable,0,,
2024-07-16 16:33:00,CNR5198742664,Driver Not Found,CID894013,Prime SUV,Bannerghatta Road,KR Puram,,,Not Applicable,Not Applicable,Not Applicable,Not Applicable,321,Not Applicable,0,,
2024-07-27 10:56:00,CNR5560844378,Canceled by Driver,CID698814,Prime Sedan,Koramangala,Rajarajeshwari Nagar,,,Not Applicable,Customer related issue,Not Applicable,Not Applicable,604,Not Applicable,0,,
2024-07-05 07:45:00,CNR5611050962,Success,CID373624,eBike,JP Nagar,Indiranagar,182.0,85.0,Not Applicable,Not Applicable,No,Not Applicable,658,Cash,30,3.4,4.4
2024-07-14 01:21:00,CNR1788113874,Success,CID777033,Mini,RT Nagar,Magadi Road,49.0,105.0,Not Applicable,Not Applicable,No,Not Applicable,284,UPI,44,3.8,3.2
2024-07-02 09:21:00,CNR8533641550,Success,CID609489,Prime Sedan,Cox Town,Shantinagar,35.0,100.0,Not Applicable,Not Applicable,No,Not Applicable,139,UPI,47,3.1,4.4
2024-07-15 23:05:00,CNR9670683221,Success,CID948459,Prime SUV,Whitefield,Ramamurthy Nagar,126.0,60.0,Not Applicable,Not Applicable,No,Not Applicable,334,Cash,12,4.9,4.6
2024-07-02 10:34:00,CNR8869992001,Canceled by Driver,CID279520,Auto,Hebbal,Mysore Road,,,Not Applicable,Customer was coughing/sick,Not Applicable,Not Applicable,210,Not Applicable,0,,
2024-07-04 21:48:00,CNR7451884234,Canceled by Driver,CID526698,Prime SUV,Richmond Town,Tumkur Road,,,Not Applicable,Personal & Car related issue,Not Applicable,Not Applicable,425,Not Applicable,0,,
2024-07-26 04:48:00,CNR2203572136,Canceled by Driver,CID662807,Bike,Langford Town,Rajarajeshwari Nagar,,,Not Applicable,More than permitted people in there,Not Applicable,Not Applicable,965,Not Applicable,0,,
2024-07-14 06:53:00,CNR9296604518,Canceled by Customer,CID430303,eBike,Yelahanka,Chickpet,,,Driver asked to cancel,Not Applicable,Not Applicable,Not Applicable,948,Not Applicable,0,,
2024-07-28 01:34:00,CNR6689595494,Canceled by Customer,CID343868,Prime Sedan,Shantinagar,Varthur,,,Driver asked to cancel,Not Applicable,Not Applicable,Not Applicable,234,Not Applicable,0,,
2024-07-28 03:52:00,CNR1300581604,Success,CID799488,Prime SUV,Jayanagar,Chickpet,217.0,40.0,Not Applicable,Not Applicable,No,Not Applicable,223,UPI,42,4.3,3.9
2024-07-18 09:51:00,CNR2116534471,Success,CID423181,Prime SUV,JP Nagar,Jayanagar,84.0,130.0,Not Applicable,Not Applicable,No,Not Applicable,893,Cash,47,3.3,4.4
2024-07-24 21:33:00,CNR3208289570,Success,CID155678,Mini,Shantinagar,Bellandur,203.0,30.0,Not Applicable,Not Applicable,No,Not Applicable,743,Cash,7,4.4,4.3
2024-07-25 17:09:00,CNR8628287745,Canceled by Driver,CID204652,Mini,Peenya,Jayanagar,,,Not Applicable,Personal & Car related issue,Not Applicable,Not Applicable,507,Not Applicable,0,,
2024-07-26 14:17:00,CNR2169767689,Success,CID735029,Prime SUV,Shantinagar,Chamarajpet,203.0,140.0,Not Applicable,Not Applicable,No,Not Applicable,610,Cash,1,4.0,3.8
2024-07-16 02:02:00,CNR2789562235,Success,CID433711,Bike,Sahakar Nagar,Rajarajeshwari Nagar,126.0,75.0,Not Applicable,Not Applicable,No,Not Applicable,619,Cash,14,3.0,3.9
2024-07-18 06:46:00,CNR5116528146,Success,CID668424,Prime Sedan,Electronic City,Rajarajeshwari Nagar,287.0,70.0,Not Applicable,Not Applicable,No,Not Applicable,968,UPI,13,4.8,3.7
2024-07-28 07:26:00,CNR9474672704,Success,CID303281,Auto,KR Puram,Mysore Road,245.0,105.0,Not Applicable,Not Applicable,No,Not Applicable,810,UPI,8,3.4,3.9
2024-07-27 01:53:00,CNR3281963710,Success,CID354829,eBike,Rajarajeshwari Nagar,Jayanagar,77.0,120.0,Not Applicable,Not Applicable,No,Not Applicable,443,Cash,25,3.5,4.7
2024-07-16 12:47:00,CNR1599608066,Success,CID445914,Auto,Koramangala,Bellandur,77.0,145.0,Not Applicable,Not Applicable,No,Not Applicable,126,UPI,19,3.3,4.0
2024-07-27 03:34:00,CNR4163447532,Success,CID518612,Prime Plus,Kadugodi,Padmanabhanagar,210.0,100.0,Not Applicable,Not Applicable,No,Not Applicable,874,Cash,30,4.2,4.6
2024-07-22 04:40:00,CNR7203803031,Canceled by Customer,CID537927,Mini,Basavanagudi,Kadugodi,,,Change of plans,Not Applicable,Not Applicable,Not Applicable,357,Not Applicable,0,,
2024-07-24 06:34:00,CNR8540975370,Success,CID957707,Prime Sedan,Indiranagar,Peenya,133.0,55.0,Not Applicable,Not Applicable,No,Not Applicable,111,UPI,1,4.6,4.7
2024-07-01 22:01:00,CNR3579953609,Success,CID328075,eBike,Majestic,Vijayanagar,189.0,140.0,Not Applicable,Not Applicable,No,Not Applicable,195,Credit Card,37,3.1,4.1
2024-07-26 13:41:00,CNR5483181925,Driver Not Found,CID533840,Bike,Rajarajeshwari Nagar,Cox Town,,,Not Applicable,Not Applicable,Not Applicable,Not Applicable,279,Not Applicable,0,,
2024-07-23 11:18:00,CNR1684923349,Canceled by Driver,CID261689,Mini,Kengeri,Chickpet,,,Not Applicable,Personal & Car related issue,Not Applicable,Not Applicable,491,Not Applicable,0,,
2024-07-22 12:35:00,CNR6608829317,Driver Not Found,CID446483,eBike,Banashankari,Whitefield,,,Not Applicable,Not Applicable,Not Applicable,Not Applicable,369,Not Applicable,0,,
2024-07-04 21:39:00,CNR8739080075,Canceled by Driver,CID779166,Bike,Yeshwanthpur,JP Nagar,,,Not Applicable,Personal & Car related issue,Not Applicable,Not Applicable,1202,Not Applicable,0,,
2024-07-09 16:38:00,CNR2004434017,Success,CID122207,Prime SUV,Indiranagar,Varthur,294.0,145.0,Not Applicable,Not Applicable,No,Not Applicable,197,Credit Card,29,3.2,3.7
2024-07-07 10:59:00,CNR8309842566,Canceled by Driver,CID108076,Auto,Yelahanka,JP Nagar,,,Not Applicable,Customer was coughing/sick,Not Applicable,Not Applicable,462,Not Applicable,0,,
2024-07-12 07:09:00,CNR9131856511,Canceled by Driver,CID389383,Prime Sedan,Indiranagar,HSR Layout,,,Not Applicable,Personal & Car related issue,Not Applicable,Not Applicable,184,Not Applicable,0,,
2024-07-28 02:31:00,CNR3822105473,Success,CID704008,Prime Sedan,RT Nagar,Peenya,84.0,145.0,Not Applicable,Not Applicable,No,Not Applicable,837,UPI,36,4.3,4.7
2024-07-05 11:38:00,CNR3352896239,Canceled by Driver,CID209274,Prime Sedan,Richmond Town,Rajarajeshwari Nagar,,,Not Applicable,Personal & Car related issue,Not Applicable,Not Applicable,281,Not Applicable,0,,
2024-07-12 02:59:00,CNR4486509845,Success,CID628408,Prime Sedan,Electronic City,Sahakar Nagar,273.0,110.0,Not Applicable,Not Applicable,No,Not Applicable,292,UPI,21,4.8,3.3
2024-07-04 12:52:00,CNR6508808362,Canceled by Driver,CID873955,Prime Plus,Marathahalli,Chamarajpet,,,Not Applicable,Personal & Car related issue,Not Applicable,Not Applicable,977,Not Applicable,0,,
2024-07-18 01:38:00,CNR8728207323,Canceled by Driver,CID269413,Prime SUV,Hulimavu,Indiranagar,,,Not Applicable,Customer related issue,Not Applicable,Not Applicable,307,Not Applicable,0,,
2024-07-19 02:01:00,CNR4253745907,Driver Not Found,CID189497,Prime SUV,Chickpet,Richmond Town,,,Not Applicable,Not Applicable,Not Applicable,Not Applicable,1390,Not Applicable,0,,
2024-07-23 03:52:00,CNR2548064500,Success,CID436125,Auto,Frazer Town,Indiranagar,49.0,90.0,Not Applicable,Not Applicable,No,Not Applicable,2230,Cash,16,3.5,4.6
2024-07-06 13:16:00,CNR2957178069,Success,CID641752,Prime SUV,Shantinagar,Majestic,84.0,135.0,Not Applicable,Not Applicable,No,Not Applicable,256,UPI,18,4.2,4.0
2024-07-11 00:45:00,CNR4843429858,Canceled by Driver,CID933539,eBike,MG Road,Hulimavu,,,Not Applicable,Customer related issue,Not Applicable,Not Applicable,2969,Not Applicable,0,,
2024-07-30 02:30:00,CNR8910721481,Canceled by Customer,CID751381,Bike,Richmond Town,Richmond Town,,,Driver asked to cancel,Not Applicable,Not Applicable,Not Applicable,196,Not Applicable,0,,
2024-07-09 19:13:00,CNR1762883840,Success,CID351544,Prime Sedan,Frazer Town,Koramangala,70.0,85.0,Not Applicable,Not Applicable,No,Not Applicable,392,Cash,5,4.5,3.4
2024-07-16 16:01:00,CNR2394519237,Success,CID392178,Prime Plus,Shivajinagar,Richmond Town,63.0,130.0,Not Applicable,Not Applicable,No,Not Applicable,190,Cash,41,4.1,3.6
2024-07-04 05:50:00,CNR8771117602,Success,CID912540,Prime SUV,Malleshwaram,Richmond Town,196.0,65.0,Not Applicable,Not Applicable,No,Not Applicable,318,Cash,33,3.7,3.8
2024-07-13 12:30:00,CNR9603476053,Canceled by Driver,CID260220,Prime Plus,Cox Town,Majestic,,,Not Applicable,Customer related issue,Not Applicable,Not Applicable,193,Not Applicable,0,,
2024-07-18 12:15:00,CNR1725430932,Success,CID795371,Prime Sedan,Hennur,HSR Layout,133.0,75.0,Not Applicable,Not Applicable,Yes,Customer Demand,253,UPI,45,4.5,4.2
2024-07-26 05:56:00,CNR1983731189,Success,CID557656,Prime Plus,Bellandur,Basavanagudi,245.0,125.0,Not Applicable,Not Applicable,No,Not Applicable,724,Cash,37,4.2,4.4
2024-07-28 23:07:00,CNR1612962083,Canceled by Driver,CID854803,Bike,Whitefield,Kadugodi,,,Not Applicable,More than permitted people in there,Not Applicable,Not Applicable,266,Not Applicable,0,,
2024-07-19 14:25:00,CNR6395483442,Driver Not Found,CID464108,Mini,Hosur Road,Bellandur,,,Not Applicable,Not Applicable,Not Applicable,Not Applicable,230,Not Applicable,0,,
2024-07-24 11:48:00,CNR9380123151,Driver Not Found,CID164057,Mini,Hosur Road,JP Nagar,,,Not Applicable,Not Applicable,Not Applicable,Not Applicable,275,Not Applicable,0,,
2024-07-25 22:59:00,CNR3351202827,Success,CID341046,Prime Plus,Yeshwanthpur,RT Nagar,105.0,105.0,Not Applicable,Not Applicable,No,Not Applicable,245,UPI,6,4.5,4.1
2024-07-14 12:13:00,CNR8454310171,Canceled by Driver,CID703494,Mini,Kadugodi,Kammanahalli,,,Not Applicable,Customer related issue,Not Applicable,Not Applicable,280,Not Applicable,0,,
2024-07-01 22:57:00,CNR2440897442,Success,CID939196,Mini,Shivajinagar,Ramamurthy Nagar,105.0,110.0,Not Applicable,Not Applicable,No,Not Applicable,339,UPI,21,4.2,4.9
2024-07-21 13:31:00,CNR9022829736,Success,CID505954,eBike,Nagarbhavi,HSR Layout,273.0,25.0,Not Applicable,Not Applicable,No,Not Applicable,465,Cash,41,4.0,4.8
2024-07-23 10:19:00,CNR7687675130,Canceled by Customer,CID236719,Prime Plus,Rajarajeshwari Nagar,Kengeri,,,Driver is not moving towards pickup location,Not Applicable,Not Applicable,Not Applicable,230,Not Applicable,0,,
2024-07-21 23:28:00,CNR6346359970,Success,CID176357,Prime Plus,Kadugodi,Bannerghatta Road,77.0,30.0,Not Applicable,Not Applicable,No,Not Applicable,644,UPI,5,3.8,3.8
2024-07-13 14:13:00,CNR7981199198,Success,CID158948,Prime Sedan,KR Puram,Bannerghatta Road,287.0,30.0,Not Applicable,Not Applicable,No,Not Applicable,139,Cash,9,3.2,3.5
2024-07-23 04:07:00,CNR5043975555,Canceled by Customer,CID354045,Prime Sedan,Hennur,Magadi Road,,,Driver asked to cancel,Not Applicable,Not Applicable,Not Applicable,468,Not Applicable,0,,
2024-07-16 17:52:00,CNR9229086605,Canceled by Customer,CID812451,Prime SUV,Malleshwaram,Sahakar Nagar,,,Driver asked to cancel,Not Applicable,Not Applicable,Not Applicable,407,Not Applicable,0,,
2024-07-15 09:24:00,CNR8479672257,Success,CID446238,Auto,RT Nagar,Jayanagar,105.0,70.0,Not Applicable,Not Applicable,No,Not Applicable,968,UPI,9,4.9,4.0
2024-07-13 13:01:00,CNR6173412063,Canceled by Driver,CID899428,Auto,Padmanabhanagar,Hosur Road,,,Not Applicable,More than permitted people in there,Not Applicable,Not Applicable,2875,Not Applicable,0,,
2024-07-12 04:57:00,CNR6741573749,Canceled by Driver,CID276261,Prime SUV,Rajajinagar,Nagarbhavi,,,Not Applicable,Customer related issue,Not Applicable,Not Applicable,340,Not Applicable,0,,
2024-07-05 14:03:00,CNR9371503360,Canceled by Driver,CID899321,Prime SUV,Banashankari,Chickpet,,,Not Applicable,More than permitted people in there,Not Applicable,Not Applicable,458,Not Applicable,0,,
2024-07-26 08:06:00,CNR1646766383,Success,CID823767,Bike,Hebbal,Marathahalli,77.0,95.0,Not Applicable,Not Applicable,No,Not Applicable,285,UPI,46,3.3,3.1
2024-07-17 14:39:00,CNR8017020084,Driver Not Found,CID410271,Prime Plus,Vijayanagar,Nagarbhavi,,,Not Applicable,Not Applicable,Not Applicable,Not Applicable,469,Not Applicable,0,,
2024-07-02 09:49:00,CNR7585274876,Success,CID853897,Prime SUV,Yeshwanthpur,Bannerghatta Road,91.0,110.0,Not Applicable,Not Applicable,No,Not Applicable,117,Cash,34,3.5,3.2
2024-07-22 22:54:00,CNR5208342392,Canceled by Customer,CID867834,Prime SUV,Malleshwaram,Marathahalli,,,Wrong Address,Not Applicable,Not Applicable,Not Applicable,417,Not Applicable,0,,
2024-07-27 19:42:00,CNR2728331194,Success,CID451491,Auto,Richmond Town,HSR Layout,294.0,70.0,Not Applicable,Not Applicable,No,Not Applicable,106,Cash,10,3.3,4.2
2024-07-13 08:44:00,CNR6008956650,Driver Not Found,CID859356,Bike,Banashankari,Mysore Road,,,Not Applicable,Not Applicable,Not Applicable,Not Applicable,332,Not Applicable,0,,
2024-07-10 16:23:00,CNR2390698460,Canceled by Customer,CID819773,Mini,Malleshwaram,Chickpet,,,Driver asked to cancel,Not Applicable,Not Applicable,Not Applicable,657,Not Applicable,0,,
2024-07-09 21:47:00,CNR7287108476,Canceled by Driver,CID977190,Bike,Malleshwaram,MG Road,,,Not Applicable,More than permitted people in there,Not Applicable,Not Applicable,447,Not Applicable,0,,
2024-07-19 13:34:00,CNR5351787167,Success,CID284466,Bike,Mysore Road,Mysore Road,70.0,140.0,Not Applicable,Not Applicable,No,Not Applicable,169,Cash,44,3.7,3.6
2024-07-03 12:07:00,CNR8530536198,Success,CID760122,Prime SUV,Jayanagar,Banashankari,126.0,115.0,Not Applicable,Not Applicable,No,Not Applicable,889,UPI,47,4.2,3.8
2024-07-25 19:53:00,CNR8843078771,Driver Not Found,CID330171,Prime Sedan,Cox Town,Varthur,,,Not Applicable,Not Applicable,Not Applicable,Not Applicable,178,Not Applicable,0,,
2024-07-14 19:33:00,CNR9735258805,Canceled by Driver,CID138391,Prime SUV,Kengeri,Langford Town,,,Not Applicable,Customer related issue,Not Applicable,Not Applicable,142,Not Applicable,0,,
2024-07-25 20:53:00,CNR3423486476,Canceled by Customer,CID366303,Prime Plus,Richmond Town,Vijayanagar,,,Change of plans,Not Applicable,Not Applicable,Not Applicable,152,Not Applicable,0,,
2024-07-20 15:56:00,CNR2402710529,Success,CID529811,Bike,Jayanagar,Rajajinagar,105.0,45.0,Not Applicable,Not Applicable,No,Not Applicable,1069,Cash,44,4.0,3.4
2024-07-06 22:16:00,CNR5917817091,Success,CID914709,Prime SUV,Shantinagar,RT Nagar,210.0,55.0,Not Applicable,Not Applicable,No,Not Applicable,677,UPI,37,3.3,3.5
2024-07-20 19:23:00,CNR6409246460,Canceled by Driver,CID616885,Prime Sedan,Rajarajeshwari Nagar,Basavanagudi,,,Not Applicable,Customer related issue,Not Applicable,Not Applicable,2735,Not Applicable,0,,
2024-07-23 06:00:00,CNR8828825188,Success,CID950785,Mini,Hulimavu,Kammanahalli,91.0,125.0,Not Applicable,Not Applicable,No,Not Applicable,329,Cash,14,4.6,4.9
2024-07-15 17:32:00,CNR2498426148,Success,CID611042,Auto,Devanahalli,Bannerghatta Road,112.0,120.0,Not Applicable,Not Applicable,No,Not Applicable,479,Cash,19,3.1,4.6
2024-07-23 11:05:00,CNR2836947092,Canceled by Driver,CID333100,Mini,Tumkur Road,Yeshwanthpur,,,Not Applicable,Customer related issue,Not Applicable,Not Applicable,273,Not Applicable,0,,
2024-07-18 11:24:00,CNR6160241147,Success,CID900755,Prime Sedan,Nagarbhavi,Nagarbhavi,63.0,100.0,Not Applicable,Not Applicable,No,Not Applicable,368,UPI,36,3.4,4.1
2024-07-23 02:03:00,CNR3367788419,Canceled by Driver,CID397720,Auto,Jayanagar,Rajajinagar,,,Not Applicable,Customer was coughing/sick,Not Applicable,Not Applicable,380,Not Applicable,0,,
2024-07-28 00:45:00,CNR7270571479,Success,CID649695,eBike,Devanahalli,HSR Layout,98.0,70.0,Not Applicable,Not Applicable,No,Not Applicable,355,UPI,35,4.8,4.9
2024-07-15 01:29:00,CNR8972260136,Success,CID992483,eBike,KR Puram,Chickpet,182.0,85.0,Not Applicable,Not Applicable,No,Not Applicable,182,UPI,25,3.4,4.4
2024-07-13 15:06:00,CNR8930143436,Success,CID244086,Prime Plus,Devanahalli,Sarjapur Road,196.0,30.0,Not Applicable,Not Applicable,No,Not Applicable,118,Cash,43,4.7,3.9
2024-07-01 11:36:00,CNR2384043094,Canceled by Customer,CID868525,Bike,Basavanagudi,Chickpet,,,Driver asked to cancel,Not Applicable,Not Applicable,Not Applicable,976,Not Applicable,0,,
2024-07-06 10:59:00,CNR6895932137,Success,CID579797,Auto,KR Puram,Kengeri,308.0,90.0,Not Applicable,Not Applicable,No,Not Applicable,482,Cash,6,4.7,4.7
2024-07-24 12:10:00,CNR1842564894,Success,CID499800,Prime Sedan,Jayanagar,BTM Layout,259.0,115.0,Not Applicable,Not Applicable,No,Not Applicable,399,Cash,1,4.4,4.8
2024-07-27 11:46:00,CNR9187564376,Success,CID463580,Prime Plus,Bellandur,KR Puram,273.0,80.0,Not Applicable,Not Applicable,No,Not Applicable,732,Cash,13,3.3,4.3
2024-07-23 12:52:00,CNR9153101218,Success,CID144868,Mini,Sarjapur Road,Rajarajeshwari Nagar,259.0,140.0,Not Applicable,Not Applicable,No,Not Applicable,2286,Cash,13,3.6,3.3
2024-07-11 22:01:00,CNR1281415480,Canceled by Driver,CID264897,Auto,Jayanagar,Magadi Road,,,Not Applicable,Personal & Car related issue,Not Applicable,Not Applicable,215,Not Applicable,0,,
2024-07-10 09:09:00,CNR1591918859,Success,CID879256,Prime SUV,Shantinagar,Electronic City,259.0,95.0,Not Applicable,Not Applicable,No,Not Applicable,1089,Cash,47,3.2,4.3
2024-07-05 01:28:00,CNR4530370583,Canceled by Customer,CID748675,Mini,Sarjapur Road,Cox Town,,,Driver is not moving towards pickup location,Not Applicable,Not Applicable,Not Applicable,227,Not Applicable,0,,
2024-07-26 15:19:00,CNR1913858627,Canceled by Driver,CID767311,Prime Plus,Rajajinagar,RT Nagar,,,Not Applicable,Customer related issue,Not Applicable,Not Applicable,637,Not Applicable,0,,
2024-07-16 11:58:00,CNR9749558404,Canceled by Driver,CID582481,Prime SUV,Whitefield,Sarjapur Road,,,Not Applicable,Customer related issue,Not Applicable,Not Applicable,913,Not Applicable,0,,
2024-07-28 18:40:00,CNR6638285898,Success,CID762884,Mini,Yeshwanthpur,Magadi Road,35.0,50.0,Not Applicable,Not Applicable,No,Not Applicable,266,UPI,16,4.8,3.6
2024-07-24 15:25:00,CNR5540666945,Success,CID969791,Prime SUV,RT Nagar,Yelahanka,210.0,35.0,Not Applicable,Not Applicable,No,Not Applicable,326,Cash,43,4.5,4.7
2024-07-24 07:46:00,CNR3642403026,Canceled by Driver,CID283480,Mini,Nagarbhavi,Richmond Town,,,Not Applicable,Customer related issue,Not Applicable,Not Applicable,130,Not Applicable,0,,
2024-07-14 13:38:00,CNR3499280676,Canceled by Customer,CID998415,Mini,Peenya,Peenya,,,Driver is not moving towards pickup location,Not Applicable,Not Applicable,Not Applicable,321,Not Applicable,0,,
2024-07-03 22:57:00,CNR6596872877,Driver Not Found,CID348413,Bike,Kadugodi,Sahakar Nagar,,,Not Applicable,Not Applicable,Not Applicable,Not Applicable,332,Not Applicable,0,,
2024-07-30 15:22:00,CNR3185904043,Canceled by Driver,CID951420,eBike,Yelahanka,Bannerghatta Road,,,Not Applicable,Personal & Car related issue,Not Applicable,Not Applicable,421,Not Applicable,0,,
2024-07-18 16:59:00,CNR4070711079,Success,CID184804,Prime SUV,Hebbal,Varthur,126.0,30.0,Not Applicable,Not Applicable,No,Not Applicable,362,Cash,47,3.3,3.3
2024-07-02 17:51:00,CNR8091147080,Driver Not Found,CID793925,Auto,Hulimavu,Hulimavu,,,Not Applicable,Not Applicable,Not Applicable,Not Applicable,162,Not Applicable,0,,
2024-07-21 02:18:00,CNR2617268868,Success,CID250956,Mini,Langford Town,Devanahalli,259.0,115.0,Not Applicable,Not Applicable,No,Not Applicable,164,Cash,24,3.4,3.7
2024-07-03 00:06:00,CNR6430204421,Canceled by Customer,CID574673,Auto,Vijayanagar,Yelahanka,,,Change of plans,Not Applicable,Not Applicable,Not Applicable,306,Not Applicable,0,,
2024-07-22 13:51:00,CNR6387173365,Success,CID848317,Bike,Whitefield,Hosur Road,84.0,120.0,Not Applicable,Not Applicable,No,Not Applicable,546,Cash,2,4.8,4.9
2024-07-22 17:42:00,CNR3501340482,Driver Not Found,CID129750,Prime Sedan,Varthur,Ulsoor,,,Not Applicable,Not Applicable,Not Applicable,Not Applicable,472,Not Applicable,0,,
2024-07-30 07:47:00,CNR8958171467,Driver Not Found,CID797302,Mini,RT Nagar,Magadi Road,,,Not Applicable,Not Applicable,Not Applicable,Not Applicable,463,Not Applicable,0,,
2024-07-21 06:38:00,CNR4771631305,Success,CID976097,Bike,Tumkur Road,Hennur,84.0,80.0,Not Applicable,Not Applicable,No,Not Applicable,658,Cash,31,4.2,3.4
2024-07-03 09:18:00,CNR7348498640,Success,CID371167,Prime SUV,Hosur Road,Langford Town,210.0,45.0,Not Applicable,Not Applicable,No,Not Applicable,119,UPI,14,4.0,3.4
2024-07-01 06:09:00,CNR9747855987,Success,CID708635,Prime Sedan,Vijayanagar,Hulimavu,77.0,50.0,Not Applicable,Not Applicable,No,Not Applicable,462,Cash,45,3.7,3.7
2024-07-12 18:49:00,CNR9350979670,Canceled by Driver,CID960701,Prime SUV,RT Nagar,Yeshwanthpur,,,Not Applicable,Customer was coughing/sick,Not Applicable,Not Applicable,109,Not Applicable,0,,
2024-07-22 13:15:00,CNR1810812876,Success,CID798777,Bike,Richmond Town,Peenya,147.0,65.0,Not Applicable,Not Applicable,No,Not Applicable,939,Cash,47,4.4,4.8
2024-07-19 13:37:00,CNR2997652016,Success,CID152501,Prime Sedan,Bannerghatta Road,Sahakar Nagar,224.0,115.0,Not Applicable,Not Applicable,No,Not Applicable,246,Cash,15,4.1,4.4
2024-07-26 00:43:00,CNR4199943508,Canceled by Driver,CID564959,Prime Sedan,Chickpet,Whitefield,,,Not Applicable,Customer related issue,Not Applicable,Not Applicable,1156,Not Applicable,0,,
2024-07-03 23:28:00,CNR8776963092,Canceled by Driver,CID601313,Prime SUV,HSR Layout,Padmanabhanagar,,,Not Applicable,Personal & Car related issue,Not Applicable,Not Applicable,419,Not Applicable,0,,
2024-07-27 07:32:00,CNR1002946524,Success,CID872918,eBike,Bannerghatta Road,Basavanagudi,273.0,105.0,Not Applicable,Not Applicable,No,Not Applicable,1556,Cash,21,4.6,4.0
2024-07-26 11:19:00,CNR7688356551,Success,CID641193,Prime Sedan,KR Puram,Banashankari,133.0,70.0,Not Applicable,Not Applicable,No,Not Applicable,347,Cash,45,4.5,4.2
2024-07-02 18:48:00,CNR1861487398,Success,CID941812,Mini,Malleshwaram,Yeshwanthpur,217.0,75.0,Not Applicable,Not Applicable,No,Not Applicable,232,Cash,4,4.8,4.1
2024-07-24 04:35:00,CNR9256801851,Success,CID533586,Prime Sedan,Hennur,Whitefield,161.0,60.0,Not Applicable,Not Applicable,No,Not Applicable,118,Cash,20,3.3,4.6
2024-07-30 13:58:00,CNR4918727671,Success,CID267838,Auto,Koramangala,Bellandur,56.0,125.0,Not Applicable,Not Applicable,No,Not Applicable,345,Cash,11,4.4,3.7
2024-07-01 09:56:00,CNR6440430308,Success,CID891970,Mini,Varthur,Banashankari,77.0,50.0,Not Applicable,Not Applicable,No,Not Applicable,426,Cash,32,3.3,4.2
2024-07-04 06:46:00,CNR2830123638,Canceled by Driver,CID407586,Bike,Kammanahalli,Vijayanagar,,,Not Applicable,Personal & Car related issue,Not Applicable,Not Applicable,460,Not Applicable,0,,
2024-07-10 23:21:00,CNR5577861648,Success,CID930843,Auto,Chickpet,Jayanagar,77.0,55.0,Not Applicable,Not Applicable,No,Not Applicable,312,UPI,15,3.7,4.5
2024-07-07 09:33:00,CNR3884883054,Canceled by Customer,CID189772,eBike,Whitefield,Hulimavu,,,Driver asked to cancel,Not Applicable,Not Applicable,Not Applicable,188,Not Applicable,0,,
2024-07-11 15:32:00,CNR8354567933,Success,CID581325,Prime Plus,Rajajinagar,RT Nagar,133.0,125.0,Not Applicable,Not Applicable,No,Not Applicable,321,Credit Card,49,4.8,4.4
2024-07-23 15:29:00,CNR3957127784,Success,CID147951,Bike,Chamarajpet,JP Nagar,175.0,115.0,Not Applicable,Not Applicable,No,Not Applicable,267,Cash,17,4.2,4.1
2024-07-17 21:55:00,CNR9839960171,Success,CID862503,Prime Plus,Shivajinagar,Marathahalli,119.0,140.0,Not Applicable,Not Applicable,No,Not Applicable,281,UPI,45,4.1,3.1
2024-07-29 00:34:00,CNR5887470316,Driver Not Found,CID319914,Prime Plus,Rajajinagar,Magadi Road,,,Not Applicable,Not Applicable,Not Applicable,Not Applicable,418,Not Applicable,0,,
2024-07-30 14:36:00,CNR7718612912,Success,CID951933,Prime Sedan,Chickpet,Yelahanka,49.0,135.0,Not Applicable,Not Applicable,No,Not Applicable,2158,Cash,9,3.1,4.8
2024-07-20 07:05:00,CNR3937570420,Success,CID844644,Prime Sedan,Langford Town,Ramamurthy Nagar,259.0,130.0,Not Applicable,Not Applicable,No,Not Applicable,2501,Cash,15,3.9,3.2
2024-07-01 08:33:00,CNR9271945439,Driver Not Found,CID159056,Bike,Ramamurthy Nagar,Marathahalli,,,Not Applicable,Not Applicable,Not Applicable,Not Applicable,550,Not Applicable,0,,
2024-07-04 14:20:00,CNR4749334803,Success,CID813799,Prime Plus,Jayanagar,Bellandur,147.0,80.0,Not Applicable,Not Applicable,No,Not Applicable,468,Cash,19,3.1,4.9
2024-07-24 17:58:00,CNR7329485743,Success,CID922634,Prime Plus,Kammanahalli,Yelahanka,182.0,110.0,Not Applicable,Not Applicable,No,Not Applicable,987,UPI,49,5.0,3.9
2024-07-29 21:29:00,CNR1011134945,Success,CID744150,Auto,Peenya,Hosur Road,140.0,100.0,Not Applicable,Not Applicable,No,Not Applicable,380,Cash,5,4.0,3.1
2024-07-20 16:25:00,CNR2686220144,Success,CID607957,Prime SUV,Ulsoor,Devanahalli,126.0,60.0,Not Applicable,Not Applicable,No,Not Applicable,2394,UPI,10,4.3,3.8
2024-07-03 09:09:00,CNR7289416305,Success,CID856025,Auto,MG Road,Cox Town,112.0,110.0,Not Applicable,Not Applicable,No,Not Applicable,302,Cash,17,3.7,3.8
2024-07-28 12:45:00,CNR8592990231,Driver Not Found,CID579410,Prime Plus,BTM Layout,Devanahalli,,,Not Applicable,Not Applicable,Not Applicable,Not Applicable,476,Not Applicable,0,,
2024-07-19 02:05:00,CNR6023904616,Canceled by Driver,CID273694,Prime Plus,Devanahalli,Padmanabhanagar,,,Not Applicable,Personal & Car related issue,Not Applicable,Not Applicable,313,Not Applicable,0,,
2024-07-28 05:02:00,CNR5783718193,Success,CID948774,Prime Plus,Rajarajeshwari Nagar,Basavanagudi,154.0,130.0,Not Applicable,Not Applicable,No,Not Applicable,387,UPI,23,3.0,3.7
2024-07-20 19:42:00,CNR1222623441,Success,CID191860,Prime Sedan,Ramamurthy Nagar,Vijayanagar,84.0,120.0,Not Applicable,Not Applicable,No,Not Applicable,457,UPI,45,4.7,3.2
2024-07-22 02:53:00,CNR1825881607,Success,CID456478,Prime Sedan,Bannerghatta Road,Koramangala,154.0,80.0,Not Applicable,Not Applicable,No,Not Applicable,361,Cash,24,4.3,4.0
2024-07-03 18:16:00,CNR9142653583,Success,CID183104,Prime Sedan,Ramamurthy Nagar,Jayanagar,259.0,65.0,Not Applicable,Not Applicable,No,Not Applicable,464,UPI,13,4.4,4.8
2024-07-08 16:44:00,CNR8693255335,Success,CID546918,Auto,HSR Layout,HSR Layout,49.0,30.0,Not Applicable,Not Applicable,No,Not Applicable,394,UPI,9,4.1,3.5
2024-07-20 07:03:00,CNR1305865079,Success,CID263564,Prime Plus,Hosur Road,Rajajinagar,266.0,65.0,Not Applicable,Not Applicable,No,Not Applicable,1538,Cash,16,4.7,3.3
2024-07-07 15:33:00,CNR3378509505,Success,CID756389,Prime SUV,Hosur Road,Yelahanka,56.0,90.0,Not Applicable,Not Applicable,No,Not Applicable,404,UPI,30,4.8,3.0
2024-07-26 16:54:00,CNR3746373222,Success,CID437353,Mini,Whitefield,Padmanabhanagar,98.0,110.0,Not Applicable,Not Applicable,No,Not Applicable,548,UPI,16,4.5,4.1
2024-07-27 08:24:00,CNR2601618217,Success,CID958671,Prime SUV,Magadi Road,Majestic,63.0,135.0,Not Applicable,Not Applicable,No,Not Applicable,384,Cash,47,3.2,4.7
2024-07-17 12:14:00,CNR8077499985,Success,CID958023,Bike,Majestic,Electronic City,287.0,90.0,Not Applicable,Not Applicable,No,Not Applicable,189,UPI,30,3.3,4.8
2024-07-06 09:07:00,CNR8834067023,Success,CID447354,Bike,Bellandur,Chickpet,105.0,90.0,Not Applicable,Not Applicable,No,Not Applicable,429,Cash,41,3.1,3.4
2024-07-04 23:58:00,CNR5569494637,Canceled by Driver,CID674740,Bike,Chamarajpet,KR Puram,,,Not Applicable,Personal & Car related issue,Not Applicable,Not Applicable,2891,Not Applicable,0,,
2024-07-12 21:10:00,CNR9405124983,Driver Not Found,CID149731,Prime Sedan,Kammanahalli,MG Road,,,Not Applicable,Not Applicable,Not Applicable,Not Applicable,190,Not Applicable,0,,
2024-07-07 11:08:00,CNR8723729224,Success,CID409742,Auto,JP Nagar,Kengeri,42.0,145.0,Not Applicable,Not Applicable,No,Not Applicable,350,Cash,17,4.8,4.7
2024-07-01 12:27:00,CNR8438302998,Driver Not Found,CID175940,Prime SUV,RT Nagar,Hebbal,,,Not Applicable,Not Applicable,Not Applicable,Not Applicable,119,Not Applicable,0,,
2024-07-16 06:06:00,CNR7697838228,Success,CID727204,Prime SUV,Hebbal,Hennur,294.0,110.0,Not Applicable,Not Applicable,No,Not Applicable,484,UPI,18,4.0,4.2
2024-07-18 15:17:00,CNR6295468349,Success,CID890308,Mini,Chickpet,HSR Layout,140.0,110.0,Not Applicable,Not Applicable,No,Not Applicable,336,Cash,15,4.7,4.7
2024-07-17 14:52:00,CNR8179790654,Success,CID411716,Prime Sedan,KR Puram,Marathahalli,49.0,110.0,Not Applicable,Not Applicable,No,Not Applicable,148,Cash,12,4.2,3.5
2024-07-27 12:27:00,CNR3675684554,Success,CID812806,Prime SUV,Rajajinagar,Chamarajpet,273.0,135.0,Not Applicable,Not Applicable,No,Not Applicable,404,Cash,7,3.2,3.9
2024-07-22 00:01:00,CNR8846653316,Success,CID772508,Auto,Yeshwanthpur,Rajajinagar,287.0,80.0,Not Applicable,Not Applicable,No,Not Applicable,230,Cash,3,4.3,4.8
2024-07-07 06:25:00,CNR9162433108,Success,CID244352,Prime Sedan,KR Puram,Peenya,224.0,65.0,Not Applicable,Not Applicable,No,Not Applicable,1744,Cash,36,4.4,3.2
2024-07-21 18:34:00,CNR8909152846,Driver Not Found,CID344098,eBike,Tumkur Road,Shantinagar,,,Not Applicable,Not Applicable,Not Applicable,Not Applicable,412,Not Applicable,0,,
2024-07-02 11:51:00,CNR7719190835,Canceled by Driver,CID133593,Mini,Ulsoor,Koramangala,,,Not Applicable,Customer was coughing/sick,Not Applicable,Not Applicable,188,Not Applicable,0,,
2024-07-17 21:28:00,CNR6751036115,Success,CID988261,Bike,Tumkur Road,Langford Town,91.0,145.0,Not Applicable,Not Applicable,No,Not Applicable,134,Cash,33,3.6,3.7
2024-07-23 11:55:00,CNR1019722258,Success,CID412971,Prime Sedan,Yelahanka,Frazer Town,147.0,120.0,Not Applicable,Not Applicable,No,Not Applicable,801,UPI,45,4.4,3.4
2024-07-13 17:05:00,CNR1274638615,Canceled by Customer,CID980928,Auto,Vijayanagar,Devanahalli,,,Change of plans,Not Applicable,Not Applicable,Not Applicable,156,Not Applicable,0,,
2024-07-20 22:43:00,CNR2401488520,Canceled by Driver,CID109933,eBike,Whitefield,Varthur,,,Not Applicable,More than permitted people in there,Not Applicable,Not Applicable,864,Not Applicable,0,,
2024-07-13 21:18:00,CNR8649706653,Success,CID418093,Bike,Hennur,Basavanagudi,175.0,145.0,Not Applicable,Not Applicable,No,Not Applicable,421,Cash,6,3.4,3.2
2024-07-02 03:11:00,CNR1491293492,Success,CID199712,Prime SUV,Cox Town,Jayanagar,98.0,35.0,Not Applicable,Not Applicable,No,Not Applicable,217,UPI,27,3.3,5.0
2024-07-24 16:55:00,CNR5321165491,Success,CID286289,Mini,Bellandur,Malleshwaram,287.0,140.0,Not Applicable,Not Applicable,No,Not Applicable,488,Cash,30,4.4,3.1
2024-07-21 22:05:00,CNR1148535684,Canceled by Driver,CID741699,Prime Plus,Sarjapur Road,Bannerghatta Road,,,Not Applicable,Customer related issue,Not Applicable,Not Applicable,2118,Not Applicable,0,,
2024-07-04 11:32:00,CNR4378518327,Driver Not Found,CID196930,eBike,Banashankari,Basavanagudi,,,Not Applicable,Not Applicable,Not Applicable,Not Applicable,1552,Not Applicable,0,,
2024-07-18 20:33:00,CNR9459407298,Success,CID979278,Mini,Richmond Town,Yeshwanthpur,35.0,105.0,Not Applicable,Not Applicable,No,Not Applicable,253,UPI,7,4.6,4.1
2024-07-26 20:07:00,CNR3127953325,Success,CID199155,Mini,Majestic,Sarjapur Road,182.0,65.0,Not Applicable,Not Applicable,No,Not Applicable,959,UPI,46,4.5,5.0
2024-07-28 07:53:00,CNR1106676796,Canceled by Driver,CID498454,Auto,Nagarbhavi,Bannerghatta Road,,,Not Applicable,Personal & Car related issue,Not Applicable,Not Applicable,498,Not Applicable,0,,
2024-07-27 16:16:00,CNR8556265970,Success,CID800615,eBike,Chickpet,Kammanahalli,189.0,35.0,Not Applicable,Not Applicable,No,Not Applicable,409,Cash,9,3.2,3.4
2024-07-11 06:43:00,CNR1313733699,Success,CID781845,Mini,Malleshwaram,Malleshwaram,133.0,70.0,Not Applicable,Not Applicable,No,Not Applicable,335,UPI,28,4.0,3.9
2024-07-18 18:45:00,CNR4299854586,Canceled by Customer,CID993602,Prime Plus,Hosur Road,Richmond Town,,,AC is Not working,Not Applicable,Not Applicable,Not Applicable,355,Not Applicable,0,,
2024-07-02 04:20:00,CNR6279923283,Canceled by Customer,CID990095,Prime Plus,Magadi Road,Bannerghatta Road,,,AC is Not working,Not Applicable,Not Applicable,Not Applicable,324,Not Applicable,0,,
2024-07-26 11:29:00,CNR6679606508,Success,CID250530,Prime SUV,Marathahalli,Langford Town,112.0,25.0,Not Applicable,Not Applicable,No,Not Applicable,354,Cash,2,3.5,3.8
2024-07-01 15:08:00,CNR8756094542,Canceled by Driver,CID257472,Mini,BTM Layout,Hebbal,,,Not Applicable,Customer related issue,Not Applicable,Not Applicable,148,Not Applicable,0,,
2024-07-02 05:02:00,CNR6625433350,Driver Not Found,CID744065,Prime SUV,Majestic,Hennur,,,Not Applicable,Not Applicable,Not Applicable,Not Applicable,302,Not Applicable,0,,
2024-07-20 22:21:00,CNR2190078588,Canceled by Driver,CID629112,Prime SUV,Rajajinagar,Mysore Road,,,Not Applicable,Personal & Car related issue,Not Applicable,Not Applicable,325,Not Applicable,0,,
2024-07-14 23:42:00,CNR1575480478,Driver Not Found,CID420405,Auto,Kadugodi,BTM Layout,,,Not Applicable,Not Applicable,Not Applicable,Not Applicable,420,Not Applicable,0,,
2024-07-10 21:06:00,CNR9750753736,Success,CID178645,Mini,Majestic,Majestic,245.0,35.0,Not Applicable,Not Applicable,No,Not Applicable,114,UPI,6,3.4,4.4
2024-07-01 21:49:00,CNR2103974494,Canceled by Driver,CID502206,Prime SUV,Kengeri,Magadi Road,,,Not Applicable,Customer was coughing/sick,Not Applicable,Not Applicable,160,Not Applicable,0,,
2024-07-03 22:01:00,CNR6831429706,Success,CID496389,Prime Sedan,Hebbal,RT Nagar,119.0,115.0,Not Applicable,Not Applicable,Yes,Customer Demand,2568,Cash,3,4.5,4.1
2024-07-02 08:54:00,CNR4186842946,Success,CID952749,Auto,Banashankari,Rajajinagar,161.0,50.0,Not Applicable,Not Applicable,No,Not Applicable,336,Cash,14,4.7,4.8
2024-07-24 03:03:00,CNR4317295063,Driver Not Found,CID667740,Prime SUV,Shantinagar,Rajarajeshwari Nagar,,,Not Applicable,Not Applicable,Not Applicable,Not Applicable,226,Not Applicable,0,,
2024-07-02 08:04:00,CNR7360284561,Success,CID732215,Prime Sedan,HSR Layout,JP Nagar,273.0,50.0,Not Applicable,Not Applicable,No,Not Applicable,1052,Cash,39,3.7,4.1
2024-07-03 09:57:00,CNR9391509081,Success,CID387829,Prime Plus,Magadi Road,Chamarajpet,112.0,110.0,Not Applicable,Not Applicable,Yes,Vehicle Breakdown,519,UPI,19,3.6,3.1
2024-07-18 11:20:00,CNR6970539467,Canceled by Driver,CID949911,Prime Plus,Ulsoor,Koramangala,,,Not Applicable,Customer was coughing/sick,Not Applicable,Not Applicable,907,Not Applicable,0,,
2024-07-21 08:18:00,CNR9656657034,Success,CID442460,Prime Plus,Chamarajpet,JP Nagar,182.0,35.0,Not Applicable,Not Applicable,No,Not Applicable,652,UPI,33,3.2,4.0
2024-07-15 22:11:00,CNR6766714207,Success,CID319006,Auto,Electronic City,Ramamurthy Nagar,189.0,90.0,Not Applicable,Not Applicable,No,Not Applicable,264,UPI,12,3.9,3.6
2024-07-01 20:21:00,CNR8470340778,Success,CID167656,eBike,Whitefield,Bellandur,196.0,125.0,Not Applicable,Not Applicable,No,Not Applicable,108,Cash,44,3.5,3.9
2024-07-09 18:22:00,CNR1612919860,Success,CID597857,Prime Plus,Hulimavu,Malleshwaram,196.0,45.0,Not Applicable,Not Applicable,No,Not Applicable,1368,UPI,28,3.7,3.9
2024-07-25 12:14:00,CNR6875405017,Success,CID865768,Prime Sedan,Shivajinagar,Sahakar Nagar,168.0,75.0,Not Applicable,Not Applicable,Yes,Customer Demand,165,UPI,14,4.5,5.0
2024-07-09 22:43:00,CNR4228202306,Canceled by Customer,CID735134,Auto,Shantinagar,Bannerghatta Road,,,Driver is not moving towards pickup location,Not Applicable,Not Applicable,Not Applicable,303,Not Applicable,0,,
2024-07-16 14:51:00,CNR3925639408,Driver Not Found,CID221693,Prime Plus,Hennur,Bellandur,,,Not Applicable,Not Applicable,Not Applicable,Not Applicable,149,Not Applicable,0,,
2024-07-24 21:02:00,CNR6540190434,Canceled by Driver,CID228566,Prime Sedan,BTM Layout,Chickpet,,,Not Applicable,More than permitted people in there,Not Applicable,Not Applicable,400,Not Applicable,0,,
2024-07-03 03:32:00,CNR2764504376,Canceled by Driver,CID214795,eBike,Shivajinagar,Marathahalli,,,Not Applicable,Customer was coughing/sick,Not Applicable,Not Applicable,160,Not Applicable,0,,
2024-07-04 18:22:00,CNR1201009615,Success,CID643131,Prime Sedan,Bellandur,Langford Town,112.0,70.0,Not Applicable,Not Applicable,No,Not Applicable,125,UPI,26,3.3,3.1
2024-07-30 11:29:00,CNR2254305977,Canceled by Driver,CID735781,Bike,Kadugodi,Kengeri,,,Not Applicable,Customer related issue,Not Applicable,Not Applicable,135,Not Applicable,0,,
2024-07-02 16:53:00,CNR6575403354,Success,CID100397,eBike,Kengeri,KR Puram,154.0,35.0,Not Applicable,Not Applicable,No,Not Applicable,429,UPI,19,3.8,4.3
2024-07-01 21:24:00,CNR1534529057,Success,CID282263,Auto,JP Nagar,Richmond Town,91.0,105.0,Not Applicable,Not Applicable,No,Not Applicable,131,Cash,7,5.0,3.0
2024-07-24 00:33:00,CNR8294146347,Success,CID577060,Mini,Ulsoor,Hebbal,196.0,95.0,Not Applicable,Not Applicable,No,Not Applicable,145,Cash,30,4.3,4.1
2024-07-04 07:25:00,CNR1194779932,Success,CID258978,Mini,Yelahanka,Chamarajpet,182.0,105.0,Not Applicable,Not Applicable,No,Not Applicable,150,UPI,7,3.6,3.7
2024-07-06 04:49:00,CNR4752354876,Success,CID756384,Prime Plus,Indiranagar,Rajarajeshwari Nagar,154.0,80.0,Not Applicable,Not Applicable,No,Not Applicable,220,UPI,23,3.7,3.0
2024-07-25 15:02:00,CNR6749333353,Success,CID255759,Auto,Cox Town,Indiranagar,301.0,65.0,Not Applicable,Not Applicable,No,Not Applicable,336,UPI,16,4.8,3.4
2024-07-19 01:49:00,CNR3266589224,Success,CID729282,Bike,Hulimavu,Hennur,126.0,50.0,Not Applicable,Not Applicable,No,Not Applicable,250,Credit Card,16,4.7,3.2
2024-07-18 01:06:00,CNR8986712896,Canceled by Customer,CID651197,Bike,Malleshwaram,Varthur,,,Driver is not moving towards pickup location,Not Applicable,Not Applicable,Not Applicable,788,Not Applicable,0,,
2024-07-06 01:25:00,CNR4614453392,Driver Not Found,CID610568,Prime Plus,Banashankari,Yeshwanthpur,,,Not Applicable,Not Applicable,Not Applicable,Not Applicable,244,Not Applicable,0,,
2024-07-15 13:01:00,CNR6404518957,Success,CID813295,Bike,Richmond Town,Sarjapur Road,105.0,85.0,Not Applicable,Not Applicable,No,Not Applicable,250,UPI,10,3.3,3.0
2024-07-22 18:28:00,CNR5914913209,Success,CID661885,Mini,Hennur,Majestic,203.0,115.0,Not Applicable,Not Applicable,No,Not Applicable,197,Cash,31,5.0,4.0
2024-07-22 14:31:00,CNR8123822733,Canceled by Customer,CID488871,Bike,Basavanagudi,Vijayanagar,,,Driver is not moving towards pickup location,Not Applicable,Not Applicable,Not Applicable,265,Not Applicable,0,,
2024-07-20 09:14:00,CNR9194551804,Success,CID150722,eBike,Ulsoor,Whitefield,133.0,45.0,Not Applicable,Not Applicable,No,Not Applicable,208,Credit Card,13,4.9,3.9
2024-07-19 10:24:00,CNR9515544118,Success,CID294956,Prime Plus,Indiranagar,RT Nagar,119.0,40.0,Not Applicable,Not Applicable,No,Not Applicable,898,Cash,43,3.3,4.2
2024-07-04 09:22:00,CNR8526827893,Success,CID506586,eBike,Langford Town,Shantinagar,175.0,50.0,Not Applicable,Not Applicable,No,Not Applicable,736,UPI,40,4.6,4.0
2024-07-19 02:50:00,CNR5826556799,Success,CID585442,Bike,MG Road,JP Nagar,42.0,125.0,Not Applicable,Not Applicable,No,Not Applicable,355,UPI,21,3.8,3.1
2024-07-03 01:31:00,CNR9391272702,Driver Not Found,CID448250,Prime Sedan,Tumkur Road,Koramangala,,,Not Applicable,Not Applicable,Not Applicable,Not Applicable,983,Not Applicable,0,,
2024-07-05 17:57:00,CNR3749838051,Success,CID769311,Prime SUV,Basavanagudi,Marathahalli,147.0,80.0,Not Applicable,Not Applicable,No,Not Applicable,387,UPI,30,4.5,3.2
2024-07-14 12:22:00,CNR7731868277,Success,CID496770,Prime Plus,Shivajinagar,Majestic,217.0,145.0,Not Applicable,Not Applicable,No,Not Applicable,301,Cash,11,3.2,4.1
2024-07-30 18:56:00,CNR4743285269,Canceled by Customer,CID151285,Bike,Ramamurthy Nagar,Yeshwanthpur,,,AC is Not working,Not Applicable,Not Applicable,Not Applicable,180,Not Applicable,0,,
2024-07-25 09:03:00,CNR9537685013,Success,CID567461,Prime Plus,Whitefield,Marathahalli,98.0,100.0,Not Applicable,Not Applicable,No,Not Applicable,369,UPI,36,4.3,4.7
2024-07-03 04:32:00,CNR3773204166,Success,CID149663,Auto,Frazer Town,Padmanabhanagar,308.0,85.0,Not Applicable,Not Applicable,Yes,Other Issue,1305,UPI,18,3.3,3.5
2024-07-28 00:33:00,CNR7442214749,Success,CID127331,eBike,Banashankari,Marathahalli,308.0,55.0,Not Applicable,Not Applicable,No,Not Applicable,292,Cash,9,3.1,3.5
2024-07-17 17:54:00,CNR2448981084,Canceled by Driver,CID290367,Prime SUV,Indiranagar,Tumkur Road,,,Not Applicable,Customer related issue,Not Applicable,Not Applicable,128,Not Applicable,0,,
2024-07-11 19:47:00,CNR5389422273,Success,CID275442,Prime SUV,HSR Layout,Whitefield,308.0,75.0,Not Applicable,Not Applicable,Yes,Customer Demand,353,Cash,47,3.4,3.7
2024-07-15 10:49:00,CNR7120134637,Success,CID395969,Prime SUV,KR Puram,RT Nagar,49.0,40.0,Not Applicable,Not Applicable,No,Not Applicable,295,UPI,44,3.8,4.0
2024-07-05 05:56:00,CNR3332443809,Success,CID220411,Prime SUV,Devanahalli,Bannerghatta Road,126.0,25.0,Not Applicable,Not Applicable,No,Not Applicable,447,UPI,2,3.3,3.1
2024-07-05 12:05:00,CNR1792987241,Success,CID986195,Mini,Mysore Road,Kadugodi,217.0,85.0,Not Applicable,Not Applicable,No,Not Applicable,496,UPI,16,3.2,4.8
2024-07-08 08:34:00,CNR3142118472,Canceled by Customer,CID600754,Bike,Vijayanagar,Malleshwaram,,,Change of plans,Not Applicable,Not Applicable,Not Applicable,454,Not Applicable,0,,
2024-07-19 00:01:00,CNR4048997241,Success,CID165983,Bike,Cox Town,Jayanagar,133.0,45.0,Not Applicable,Not Applicable,Yes,Customer Demand,605,Cash,35,4.7,4.9
2024-07-05 11:43:00,CNR3523519658,Success,CID942301,eBike,Sarjapur Road,Langford Town,280.0,110.0,Not Applicable,Not Applicable,No,Not Applicable,756,Cash,15,3.1,3.6
2024-07-05 00:24:00,CNR8728339080,Success,CID393970,Prime SUV,Peenya,Malleshwaram,119.0,105.0,Not Applicable,Not Applicable,No,Not Applicable,516,UPI,9,3.9,3.7
2024-07-18 15:58:00,CNR7188840932,Canceled by Driver,CID349784,Prime Plus,Hosur Road,Koramangala,,,Not Applicable,Customer was coughing/sick,Not Applicable,Not Applicable,190,Not Applicable,0,,
2024-07-24 05:23:00,CNR2537510240,Success,CID364608,Prime Plus,Bannerghatta Road,HSR Layout,168.0,135.0,Not Applicable,Not Applicable,No,Not Applicable,614,Cash,36,3.9,4.5
2024-07-28 17:49:00,CNR6822109526,Success,CID433033,Bike,Marathahalli,HSR Layout,301.0,95.0,Not Applicable,Not Applicable,No,Not Applicable,149,UPI,46,3.4,4.1
2024-07-15 09:20:00,CNR1401704999,Success,CID850905,Prime Plus,Ulsoor,Vijayanagar,252.0,85.0,Not Applicable,Not Applicable,No,Not Applicable,683,UPI,8,3.2,4.8
2024-07-01 20:49:00,CNR2850918994,Success,CID452436,Prime Plus,Tumkur Road,Chickpet,168.0,105.0,Not Applicable,Not Applicable,No,Not Applicable,130,UPI,15,4.4,4.3
2024-07-03 00:22:00,CNR9274157766,Canceled by Customer,CID253445,Prime Plus,Basavanagudi,Hebbal,,,Driver asked to cancel,Not Applicable,Not Applicable,Not Applicable,448,Not Applicable,0,,
2024-07-08 16:02:00,CNR6584505358,Canceled by Driver,CID621662,Prime Sedan,Banashankari,Rajajinagar,,,Not Applicable,Customer related issue,Not Applicable,Not Applicable,611,Not Applicable,0,,
2024-07-18 17:20:00,CNR2710680445,Success,CID644269,Bike,Malleshwaram,KR Puram,168.0,25.0,Not Applicable,Not Applicable,No,Not Applicable,298,Cash,31,4.1,3.0
2024-07-26 23:57:00,CNR2511506475,Driver Not Found,CID832227,Prime Sedan,Koramangala,Magadi Road,,,Not Applicable,Not Applicable,Not Applicable,Not Applicable,446,Not Applicable,0,,
2024-07-29 16:21:00,CNR8073017891,Canceled by Customer,CID379431,Auto,Koramangala,Cox Town,,,Driver asked to cancel,Not Applicable,Not Applicable,Not Applicable,200,Not Applicable,0,,
2024-07-06 15:03:00,CNR5097217428,Success,CID667540,Prime SUV,Rajarajeshwari Nagar,BTM Layout,266.0,30.0,Not Applicable,Not Applicable,No,Not Applicable,420,Cash,43,4.2,3.6
2024-07-05 02:25:00,CNR2609284728,Success,CID949676,Prime Sedan,Vijayanagar,RT Nagar,147.0,120.0,Not Applicable,Not Applicable,No,Not Applicable,217,Credit Card,17,4.3,3.4
2024-07-25 16:27:00,CNR5985160290,Success,CID381236,Bike,Jayanagar,Rajajinagar,126.0,25.0,Not Applicable,Not Applicable,No,Not Applicable,208,Cash,5,3.3,4.1
2024-07-22 07:05:00,CNR5575092955,Success,CID348857,Prime SUV,MG Road,Devanahalli,203.0,80.0,Not Applicable,Not Applicable,No,Not Applicable,528,Credit Card,35,4.2,4.6
2024-07-22 20:45:00,CNR5247264335,Canceled by Driver,CID189356,Prime Plus,Kammanahalli,Hennur,,,Not Applicable,Customer related issue,Not Applicable,Not Applicable,145,Not Applicable,0,,
2024-07-12 16:01:00,CNR6566022765,Driver Not Found,CID592148,Prime SUV,Sarjapur Road,Vijayanagar,,,Not Applicable,Not Applicable,Not Applicable,Not Applicable,2067,Not Applicable,0,,
2024-07-30 11:59:00,CNR2215752380,Canceled by Driver,CID721299,Auto,Majestic,Devanahalli,,,Not Applicable,Customer related issue,Not Applicable,Not Applicable,103,Not Applicable,0,,
2024-07-22 23:28:00,CNR7738021720,Success,CID360285,Auto,Rajarajeshwari Nagar,Padmanabhanagar,42.0,100.0,Not Applicable,Not Applicable,No,Not Applicable,263,UPI,15,4.1,4.9
2024-07-21 06:08:00,CNR3453503612,Success,CID433905,Bike,Sahakar Nagar,Sarjapur Road,182.0,85.0,Not Applicable,Not Applicable,No,Not Applicable,606,Cash,11,3.5,4.8
2024-07-10 15:01:00,CNR9308201884,Success,CID538761,Prime Plus,Ramamurthy Nagar,Rajajinagar,154.0,85.0,Not Applicable,Not Applicable,No,Not Applicable,349,Credit Card,17,4.4,4.7
2024-07-20 05:52:00,CNR9529166425,Success,CID805291,Prime SUV,Marathahalli,Whitefield,238.0,55.0,Not Applicable,Not Applicable,No,Not Applicable,640,UPI,45,3.1,3.1
2024-07-06 01:41:00,CNR2046559778,Success,CID963455,Mini,Majestic,Yelahanka,245.0,50.0,Not Applicable,Not Applicable,No,Not Applicable,300,Cash,5,4.6,4.3
2024-07-09 03:39:00,CNR6073626657,Success,CID320150,Auto,KR Puram,Bellandur,245.0,125.0,Not Applicable,Not Applicable,No,Not Applicable,401,UPI,12,4.1,4.4
2024-07-03 04:58:00,CNR9790785461,Success,CID343497,eBike,Jayanagar,Shivajinagar,84.0,45.0,Not Applicable,Not Applicable,No,Not Applicable,269,UPI,45,4.0,3.3
2024-07-17 09:45:00,CNR3100568252,Success,CID155957,Prime SUV,Indiranagar,BTM Layout,189.0,55.0,Not Applicable,Not Applicable,No,Not Applicable,348,Cash,9,4.0,4.2
2024-07-30 17:22:00,CNR1308078786,Success,CID447987,Mini,Basavanagudi,Electronic City,154.0,120.0,Not Applicable,Not Applicable,No,Not Applicable,555,Cash,13,4.8,3.5
2024-07-01 04:23:00,CNR5131473223,Success,CID575409,eBike,Devanahalli,Yeshwanthpur,203.0,70.0,Not Applicable,Not Applicable,No,Not Applicable,117,Cash,5,3.1,4.9
2024-07-18 07:41:00,CNR6176071218,Success,CID265083,Prime Plus,Peenya,Tumkur Road,126.0,25.0,Not Applicable,Not Applicable,No,Not Applicable,118,Cash,4,4.4,3.3
2024-07-16 19:24:00,CNR3086357134,Canceled by Driver,CID833657,eBike,Koramangala,Varthur,,,Not Applicable,Customer related issue,Not Applicable,Not Applicable,114,Not Applicable,0,,
2024-07-03 16:22:00,CNR7854451897,Success,CID451495,Auto,Basavanagudi,Bellandur,182.0,135.0,Not Applicable,Not Applicable,No,Not Applicable,213,Credit Card,12,4.6,3.2
2024-07-15 18:56:00,CNR4546535553,Success,CID845299,Prime SUV,MG Road,Jayanagar,140.0,65.0,Not Applicable,Not Applicable,No,Not Applicable,1941,Cash,8,3.8,4.7
2024-07-25 07:58:00,CNR3163015538,Success,CID875140,Prime Sedan,Kengeri,Banashankari,70.0,105.0,Not Applicable,Not Applicable,No,Not Applicable,381,Cash,29,3.8,4.6
2024-07-01 21:57:00,CNR2635492187,Success,CID115552,Bike,Devanahalli,Varthur,245.0,115.0,Not Applicable,Not Applicable,No,Not Applicable,543,Cash,40,5.0,4.1
2024-07-02 04:26:00,CNR9771096944,Canceled by Driver,CID274469,Prime Sedan,Banashankari,Rajarajeshwari Nagar,,,Not Applicable,Customer related issue,Not Applicable,Not Applicable,2687,Not Applicable,0,,
2024-07-07 20:54:00,CNR6971543773,Success,CID673868,Prime SUV,HSR Layout,Koramangala,301.0,65.0,Not Applicable,Not Applicable,No,Not Applicable,874,Cash,34,4.8,3.6
2024-07-12 16:41:00,CNR3820469608,Success,CID884539,Auto,Ramamurthy Nagar,Hennur,189.0,125.0,Not Applicable,Not Applicable,No,Not Applicable,346,Cash,14,4.3,4.1
2024-07-30 10:15:00,CNR7893980594,Driver Not Found,CID727852,Mini,Sarjapur Road,Hennur,,,Not Applicable,Not Applicable,Not Applicable,Not Applicable,224,Not Applicable,0,,
2024-07-25 04:50:00,CNR1144914860,Canceled by Driver,CID392328,Prime Plus,Banashankari,Rajajinagar,,,Not Applicable,More than permitted people in there,Not Applicable,Not Applicable,330,Not Applicable,0,,
2024-07-05 17:52:00,CNR5521855296,Driver Not Found,CID163207,Auto,Chamarajpet,Kammanahalli,,,Not Applicable,Not Applicable,Not Applicable,Not Applicable,412,Not Applicable,0,,
2024-07-01 03:46:00,CNR5177512864,Canceled by Customer,CID862460,Prime Sedan,Bannerghatta Road,Vijayanagar,,,Driver asked to cancel,Not Applicable,Not Applicable,Not Applicable,703,Not Applicable,0,,
2024-07-05 19:20:00,CNR8239199229,Driver Not Found,CID924090,Prime SUV,Langford Town,Ramamurthy Nagar,,,Not Applicable,Not Applicable,Not Applicable,Not Applicable,466,Not Applicable,0,,
2024-07-06 04:54:00,CNR6870563678,Success,CID285361,Bike,BTM Layout,Jayanagar,196.0,55.0,Not Applicable,Not Applicable,Yes,Vehicle Breakdown,110,Cash,47,4.7,4.2
2024-07-30 02:00:00,CNR4586140623,Canceled by Driver,CID323716,Auto,Banashankari,Magadi Road,,,Not Applicable,Personal & Car related issue,Not Applicable,Not Applicable,1468,Not Applicable,0,,
2024-07-03 02:06:00,CNR2620579092,Success,CID715285,Bike,Ulsoor,Vijayanagar,280.0,60.0,Not Applicable,Not Applicable,No,Not Applicable,1987,Cash,8,3.2,4.0
2024-07-08 00:13:00,CNR2614299965,Success,CID712020,Auto,Kammanahalli,Padmanabhanagar,182.0,40.0,Not Applicable,Not Applicable,No,Not Applicable,318,UPI,9,3.4,4.3
2024-07-24 01:14:00,CNR9782830273,Canceled by Driver,CID748882,Prime Plus,Jayanagar,Varthur,,,Not Applicable,Customer was coughing/sick,Not Applicable,Not Applicable,342,Not Applicable,0,,
2024-07-02 10:41:00,CNR8552359782,Success,CID593018,Auto,Devanahalli,Magadi Road,287.0,105.0,Not Applicable,Not Applicable,No,Not Applicable,486,Cash,10,4.7,4.1
2024-07-30 12:14:00,CNR7781802968,Success,CID531957,Prime SUV,Marathahalli,Jayanagar,147.0,100.0,Not Applicable,Not Applicable,No,Not Applicable,638,Cash,17,3.9,4.4
2024-07-26 23:44:00,CNR4345224671,Success,CID988398,Prime Plus,Jayanagar,Bellandur,112.0,115.0,Not Applicable,Not Applicable,No,Not Applicable,104,UPI,33,4.7,4.5
2024-07-12 16:06:00,CNR3932982560,Canceled by Driver,CID675441,Auto,Electronic City,MG Road,,,Not Applicable,Customer was coughing/sick,Not Applicable,Not Applicable,301,Not Applicable,0,,
2024-07-20 12:56:00,CNR9780971295,Success,CID269566,Auto,Kammanahalli,Shantinagar,203.0,145.0,Not Applicable,Not Applicable,No,Not Applicable,993,UPI,6,3.1,4.4
2024-07-15 05:04:00,CNR3856391801,Success,CID273215,Bike,Vijayanagar,Hulimavu,273.0,140.0,Not Applicable,Not Applicable,No,Not Applicable,113,Cash,27,4.8,3.3
2024-07-13 02:41:00,CNR2401008259,Canceled by Driver,CID627317,eBike,Shantinagar,Peenya,,,Not Applicable,More than permitted people in there,Not Applicable,Not Applicable,216,Not Applicable,0,,
2024-07-30 07:59:00,CNR6650634061,Success,CID796775,eBike,Rajajinagar,Vijayanagar,119.0,110.0,Not Applicable,Not Applicable,No,Not Applicable,317,Cash,23,4.1,4.6
2024-07-09 04:05:00,CNR4952047363,Success,CID517448,Mini,Yeshwanthpur,Marathahalli,161.0,135.0,Not Applicable,Not Applicable,No,Not Applicable,460,Cash,1,3.7,3.3
2024-07-10 07:33:00,CNR9299164899,Canceled by Customer,CID826622,Prime Plus,Peenya,JP Nagar,,,Driver asked to cancel,Not Applicable,Not Applicable,Not Applicable,205,Not Applicable,0,,
2024-07-21 04:05:00,CNR8082497391,Success,CID613995,Prime Sedan,Chamarajpet,HSR Layout,105.0,75.0,Not Applicable,Not Applicable,No,Not Applicable,658,Cash,8,3.7,4.0
2024-07-07 02:45:00,CNR9212784485,Driver Not Found,CID903853,Mini,Sarjapur Road,Bannerghatta Road,,,Not Applicable,Not Applicable,Not Applicable,Not Applicable,441,Not Applicable,0,,
2024-07-10 03:55:00,CNR8076675925,Canceled by Driver,CID167171,Mini,Cox Town,BTM Layout,,,Not Applicable,Personal & Car related issue,Not Applicable,Not Applicable,2063,Not Applicable,0,,
2024-07-19 15:21:00,CNR6310368260,Success,CID752317,Bike,RT Nagar,Tumkur Road,112.0,80.0,Not Applicable,Not Applicable,No,Not Applicable,427,UPI,18,4.1,3.7
2024-07-28 17:16:00,CNR1818750068,Success,CID442759,Prime SUV,Yelahanka,Devanahalli,168.0,145.0,Not Applicable,Not Applicable,No,Not Applicable,362,Cash,18,4.3,3.2
2024-07-10 04:28:00,CNR5229958791,Driver Not Found,CID361485,Prime Sedan,Chamarajpet,Tumkur Road,,,Not Applicable,Not Applicable,Not Applicable,Not Applicable,958,Not Applicable,0,,
2024-07-29 01:50:00,CNR2949607269,Canceled by Driver,CID579070,Prime SUV,KR Puram,Sarjapur Road,,,Not Applicable,Customer related issue,Not Applicable,Not Applicable,976,Not Applicable,0,,
2024-07-11 02:48:00,CNR4033132379,Driver Not Found,CID157379,Bike,Sarjapur Road,Hebbal,,,Not Applicable,Not Applicable,Not Applicable,Not Applicable,499,Not Applicable,0,,
2024-07-03 17:23:00,CNR4257530388,Driver Not Found,CID642176,Auto,Kammanahalli,Rajarajeshwari Nagar,,,Not Applicable,Not Applicable,Not Applicable,Not Applicable,259,Not Applicable,0,,
2024-07-07 01:58:00,CNR6339617766,Canceled by Customer,CID573997,Mini,Frazer Town,HSR Layout,,,Driver is not moving towards pickup location,Not Applicable,Not Applicable,Not Applicable,263,Not Applicable,0,,
2024-07-18 11:01:00,CNR9989814093,Success,CID979678,Prime Plus,Bellandur,Frazer Town,224.0,50.0,Not Applicable,Not Applicable,Yes,Customer Demand,658,UPI,44,4.3,4.2
2024-07-04 00:58:00,CNR8466622563,Canceled by Driver,CID363762,Prime Sedan,Rajarajeshwari Nagar,Magadi Road,,,Not Applicable,Customer related issue,Not Applicable,Not Applicable,496,Not Applicable,0,,
2024-07-06 06:34:00,CNR3343345352,Driver Not Found,CID928110,Mini,Rajajinagar,Peenya,,,Not Applicable,Not Applicable,Not Applicable,Not Applicable,240,Not Applicable,0,,
2024-07-20 15:11:00,CNR4541706813,Driver Not Found,CID545763,Mini,Hennur,Chamarajpet,,,Not Applicable,Not Applicable,Not Applicable,Not Applicable,207,Not Applicable,0,,
2024-07-08 00:02:00,CNR9214847434,Driver Not Found,CID280791,Prime Sedan,Bellandur,Kengeri,,,Not Applicable,Not Applicable,Not Applicable,Not Applicable,199,Not Applicable,0,,
2024-07-30 17:07:00,CNR4943304947,Canceled by Customer,CID468647,Bike,Sahakar Nagar,Sarjapur Road,,,Change of plans,Not Applicable,Not Applicable,Not Applicable,325,Not Applicable,0,,
2024-07-21 10:34:00,CNR4749788595,Success,CID772488,Prime Sedan,Bannerghatta Road,Indiranagar,294.0,100.0,Not Applicable,Not Applicable,No,Not Applicable,451,Cash,23,3.9,4.5
2024-07-07 08:09:00,CNR5868180761,Success,CID862128,Auto,Bannerghatta Road,Electronic City,56.0,140.0,Not Applicable,Not Applicable,No,Not Applicable,961,Cash,12,3.2,4.9
2024-07-15 08:54:00,CNR6654705384,Canceled by Customer,CID822947,Prime SUV,Basavanagudi,Indiranagar,,,Driver is not moving towards pickup location,Not Applicable,Not Applicable,Not Applicable,439,Not Applicable,0,,
2024-07-17 06:05:00,CNR5447276381,Canceled by Driver,CID868082,Mini,Frazer Town,Malleshwaram,,,Not Applicable,Customer was coughing/sick,Not Applicable,Not Applicable,356,Not Applicable,0,,
2024-07-15 22:39:00,CNR7907756859,Success,CID937510,Prime Sedan,Richmond Town,Padmanabhanagar,259.0,60.0,Not Applicable,Not Applicable,No,Not Applicable,2609,Cash,33,4.8,3.8
2024-07-25 21:30:00,CNR3488048767,Canceled by Customer,CID457024,Auto,Hulimavu,Sahakar Nagar,,,Wrong Address,Not Applicable,Not Applicable,Not Applicable,483,Not Applicable,0,,
2024-07-16 14:53:00,CNR3987745433,Driver Not Found,CID412010,eBike,Whitefield,Frazer Town,,,Not Applicable,Not Applicable,Not Applicable,Not Applicable,364,Not Applicable,0,,
2024-07-11 22:37:00,CNR8064634206,Success,CID743025,Mini,Chickpet,Nagarbhavi,35.0,110.0,Not Applicable,Not Applicable,No,Not Applicable,375,UPI,1,4.2,3.6
2024-07-27 12:01:00,CNR3492878680,Canceled by Customer,CID449275,Bike,Yelahanka,Kengeri,,,Wrong Address,Not Applicable,Not Applicable,Not Applicable,689,Not Applicable,0,,
2024-07-04 10:14:00,CNR5353156443,Driver Not Found,CID274895,Prime SUV,Cox Town,Hennur,,,Not Applicable,Not Applicable,Not Applicable,Not Applicable,2383,Not Applicable,0,,
2024-07-12 19:51:00,CNR3694110959,Success,CID172782,Bike,Indiranagar,Varthur,70.0,95.0,Not Applicable,Not Applicable,No,Not Applicable,153,Cash,29,4.7,4.7
2024-07-09 03:56:00,CNR2798451850,Success,CID512894,Prime Sedan,Koramangala,Majestic,203.0,95.0,Not Applicable,Not Applicable,Yes,Other Issue,483,Cash,2,4.0,3.4
2024-07-24 00:59:00,CNR5147589045,Success,CID506787,Prime SUV,Bellandur,Padmanabhanagar,98.0,55.0,Not Applicable,Not Applicable,No,Not Applicable,568,Debit Card,26,4.2,3.8
2024-07-06 14:56:00,CNR7605448469,Success,CID279299,eBike,Mysore Road,Yeshwanthpur,112.0,115.0,Not Applicable,Not Applicable,Yes,Vehicle Breakdown,378,Cash,16,3.5,4.2
2024-07-05 05:17:00,CNR8877095079,Success,CID777468,eBike,Kammanahalli,Langford Town,273.0,30.0,Not Applicable,Not Applicable,No,Not Applicable,119,Cash,7,4.4,4.3
2024-07-14 14:52:00,CNR4390270381,Success,CID252353,Prime Sedan,Malleshwaram,Varthur,273.0,120.0,Not Applicable,Not Applicable,No,Not Applicable,432,Cash,12,4.8,4.4
2024-07-20 20:09:00,CNR4770744391,Success,CID222037,eBike,HSR Layout,Kadugodi,259.0,115.0,Not Applicable,Not Applicable,No,Not Applicable,184,Cash,1,4.0,3.4
2024-07-17 02:43:00,CNR3689476166,Success,CID443826,Auto,Chamarajpet,Kammanahalli,287.0,105.0,Not Applicable,Not Applicable,No,Not Applicable,157,Cash,9,4.5,4.9
2024-07-20 08:22:00,CNR6050475384,Success,CID618266,Bike,Varthur,Langford Town,252.0,130.0,Not Applicable,Not Applicable,No,Not Applicable,163,UPI,9,3.6,4.9
2024-07-02 04:53:00,CNR5632467881,Success,CID659391,Prime Sedan,Shivajinagar,Tumkur Road,266.0,40.0,Not Applicable,Not Applicable,Yes,Vehicle Breakdown,127,Cash,20,3.4,3.2
2024-07-06 14:17:00,CNR5420776247,Canceled by Driver,CID535329,Bike,Rajarajeshwari Nagar,Chamarajpet,,,Not Applicable,Customer related issue,Not Applicable,Not Applicable,436,Not Applicable,0,,
2024-07-15 04:37:00,CNR5260932855,Success,CID758123,Auto,Cox Town,JP Nagar,119.0,30.0,Not Applicable,Not Applicable,No,Not Applicable,195,Cash,8,4.8,3.3
2024-07-14 21:49:00,CNR7344262297,Success,CID992676,Prime Sedan,Cox Town,Marathahalli,49.0,105.0,Not Applicable,Not Applicable,No,Not Applicable,323,UPI,36,4.9,4.7
2024-07-18 01:21:00,CNR1692977771,Canceled by Customer,CID520141,Auto,Vijayanagar,Hulimavu,,,Driver is not moving towards pickup location,Not Applicable,Not Applicable,Not Applicable,766,Not Applicable,0,,
2024-07-04 15:33:00,CNR2647471136,Success,CID956512,eBike,Hennur,Nagarbhavi,280.0,70.0,Not Applicable,Not Applicable,No,Not Applicable,467,UPI,31,3.9,3.2
2024-07-16 04:10:00,CNR5483434934,Success,CID872622,Auto,Chickpet,Ramamurthy Nagar,91.0,145.0,Not Applicable,Not Applicable,No,Not Applicable,238,Cash,13,3.6,4.3
2024-07-05 22:53:00,CNR5509736961,Success,CID980632,Mini,Banashankari,Hosur Road,231.0,30.0,Not Applicable,Not Applicable,No,Not Applicable,450,Cash,9,4.7,4.7
2024-07-26 23:51:00,CNR7316011464,Driver Not Found,CID457530,eBike,Sahakar Nagar,Hebbal,,,Not Applicable,Not Applicable,Not Applicable,Not Applicable,248,Not Applicable,0,,
2024-07-23 01:31:00,CNR8949159007,Driver Not Found,CID462491,Mini,Magadi Road,Rajajinagar,,,Not Applicable,Not Applicable,Not Applicable,Not Applicable,359,Not Applicable,0,,
2024-07-14 08:31:00,CNR7480355279,Canceled by Driver,CID829626,Prime Plus,Kengeri,Peenya,,,Not Applicable,Customer related issue,Not Applicable,Not Applicable,135,Not Applicable,0,,
2024-07-26 05:41:00,CNR5935473003,Success,CID282891,Prime SUV,Basavanagudi,Electronic City,294.0,90.0,Not Applicable,Not Applicable,No,Not Applicable,538,UPI,48,3.8,4.4
2024-07-17 12:13:00,CNR8726544114,Success,CID451527,eBike,Shivajinagar,Devanahalli,133.0,70.0,Not Applicable,Not Applicable,No,Not Applicable,656,UPI,17,4.8,3.7
2024-07-15 01:21:00,CNR4607265287,Canceled by Driver,CID120622,Prime Sedan,Varthur,Marathahalli,,,Not Applicable,Customer related issue,Not Applicable,Not Applicable,342,Not Applicable,0,,
2024-07-27 16:11:00,CNR9472462461,Success,CID942603,Prime SUV,Whitefield,Whitefield,231.0,140.0,Not Applicable,Not Applicable,No,Not Applicable,562,Cash,33,3.9,3.2
2024-07-14 07:14:00,CNR2003337652,Success,CID795440,Auto,Indiranagar,Frazer Town,133.0,95.0,Not Applicable,Not Applicable,No,Not Applicable,341,Cash,19,4.1,4.5
2024-07-18 22:20:00,CNR8990179608,Success,CID480329,Mini,Basavanagudi,Rajarajeshwari Nagar,245.0,110.0,Not Applicable,Not Applicable,No,Not Applicable,398,Cash,19,4.9,3.6
2024-07-09 12:15:00,CNR2348060972,Driver Not Found,CID961654,Prime Plus,Electronic City,Sahakar Nagar,,,Not Applicable,Not Applicable,Not Applicable,Not Applicable,256,Not Applicable,0,,
2024-07-17 14:29:00,CNR8336677731,Success,CID446581,Mini,Ulsoor,Langford Town,175.0,110.0,Not Applicable,Not Applicable,No,Not Applicable,372,UPI,5,4.8,4.8
2024-07-14 02:45:00,CNR1919725757,Success,CID676602,Prime SUV,Rajarajeshwari Nagar,BTM Layout,154.0,100.0,Not Applicable,Not Applicable,No,Not Applicable,650,Cash,11,3.3,4.4
2024-07-24 13:23:00,CNR4959397311,Canceled by Customer,CID570233,Mini,Richmond Town,Koramangala,,,Driver is not moving towards pickup location,Not Applicable,Not Applicable,Not Applicable,642,Not Applicable,0,,
2024-07-08 04:20:00,CNR1924485629,Driver Not Found,CID843073,Prime SUV,Kengeri,Rajajinagar,,,Not Applicable,Not Applicable,Not Applicable,Not Applicable,476,Not Applicable,0,,
2024-07-03 20:15:00,CNR5086268172,Success,CID549299,Prime SUV,Padmanabhanagar,Ulsoor,238.0,90.0,Not Applicable,Not Applicable,No,Not Applicable,557,UPI,23,4.9,3.5
2024-07-20 03:18:00,CNR3390467177,Success,CID358960,Prime Sedan,Richmond Town,Hulimavu,308.0,75.0,Not Applicable,Not Applicable,No,Not Applicable,424,UPI,10,4.8,4.6
2024-07-27 11:19:00,CNR4809263115,Success,CID280348,Auto,Koramangala,Yelahanka,70.0,120.0,Not Applicable,Not Applicable,No,Not Applicable,2630,Cash,2,4.2,4.8
2024-07-16 19:31:00,CNR9146280746,Success,CID519665,Prime SUV,Varthur,Ulsoor,182.0,75.0,Not Applicable,Not Applicable,No,Not Applicable,173,UPI,17,3.3,4.9
2024-07-20 14:23:00,CNR2367772030,Success,CID824398,Mini,Bellandur,Ulsoor,259.0,95.0,Not Applicable,Not Applicable,No,Not Applicable,435,UPI,37,4.5,3.9
2024-07-06 03:51:00,CNR7972836886,Success,CID165789,Prime Plus,Jayanagar,Chickpet,210.0,85.0,Not Applicable,Not Applicable,No,Not Applicable,727,UPI,42,3.8,3.0
2024-07-02 17:55:00,CNR3206357719,Canceled by Driver,CID238704,eBike,Hosur Road,Banashankari,,,Not Applicable,Customer was coughing/sick,Not Applicable,Not Applicable,284,Not Applicable,0,,
2024-07-02 21:40:00,CNR5628944156,Success,CID600137,Mini,Jayanagar,Kammanahalli,301.0,130.0,Not Applicable,Not Applicable,No,Not Applicable,810,UPI,1,4.2,3.8
2024-07-09 00:58:00,CNR8853982776,Canceled by Driver,CID461661,eBike,Ulsoor,KR Puram,,,Not Applicable,Personal & Car related issue,Not Applicable,Not Applicable,793,Not Applicable,0,,
2024-07-14 05:34:00,CNR2273533161,Canceled by Customer,CID962728,Prime Plus,Peenya,Cox Town,,,Driver is not moving towards pickup location,Not Applicable,Not Applicable,Not Applicable,277,Not Applicable,0,,
2024-07-06 09:30:00,CNR1289476431,Driver Not Found,CID125497,Bike,Indiranagar,MG Road,,,Not Applicable,Not Applicable,Not Applicable,Not Applicable,463,Not Applicable,0,,
2024-07-30 23:06:00,CNR2273098498,Success,CID194874,Prime SUV,Rajajinagar,Devanahalli,224.0,80.0,Not Applicable,Not Applicable,No,Not Applicable,307,UPI,22,4.8,3.4
2024-07-12 07:01:00,CNR9105066023,Success,CID355142,Prime Plus,Rajajinagar,KR Puram,147.0,120.0,Not Applicable,Not Applicable,No,Not Applicable,275,Cash,48,4.2,3.7
2024-07-17 06:59:00,CNR7604405829,Success,CID317780,Bike,Kengeri,Hulimavu,42.0,50.0,Not Applicable,Not Applicable,No,Not Applicable,291,UPI,27,4.1,3.4
2024-07-21 03:40:00,CNR8904788647,Driver Not Found,CID361870,Prime SUV,Malleshwaram,Kengeri,,,Not Applicable,Not Applicable,Not Applicable,Not Applicable,517,Not Applicable,0,,
2024-07-21 16:30:00,CNR9029174801,Canceled by Driver,CID645450,Auto,Hulimavu,Hulimavu,,,Not Applicable,More than permitted people in there,Not Applicable,Not Applicable,269,Not Applicable,0,,
2024-07-28 02:23:00,CNR9480519246,Success,CID847713,Prime Sedan,Rajajinagar,Nagarbhavi,140.0,140.0,Not Applicable,Not Applicable,No,Not Applicable,918,Cash,28,4.9,4.4
2024-07-26 23:04:00,CNR9592307658,Success,CID947566,Bike,Sarjapur Road,Vijayanagar,119.0,50.0,Not Applicable,Not Applicable,No,Not Applicable,348,Cash,29,3.8,4.0
2024-07-24 00:43:00,CNR9163447527,Driver Not Found,CID439984,Mini,BTM Layout,Tumkur Road,,,Not Applicable,Not Applicable,Not Applicable,Not Applicable,268,Not Applicable,0,,
2024-07-23 10:27:00,CNR3169766839,Canceled by Driver,CID280752,Mini,JP Nagar,Kadugodi,,,Not Applicable,Customer related issue,Not Applicable,Not Applicable,173,Not Applicable,0,,
2024-07-28 01:18:00,CNR1226216177,Success,CID755943,Auto,Malleshwaram,Shantinagar,154.0,30.0,Not Applicable,Not Applicable,Yes,Customer Demand,2317,Cash,2,3.3,3.4
2024-07-13 06:06:00,CNR9770039072,Canceled by Customer,CID420117,Auto,Indiranagar,Banashankari,,,Wrong Address,Not Applicable,Not Applicable,Not Applicable,2517,Not Applicable,0,,
2024-07-05 23:06:00,CNR8493262534,Success,CID961823,Prime SUV,Majestic,Koramangala,301.0,75.0,Not Applicable,Not Applicable,No,Not Applicable,328,UPI,49,4.3,3.8
2024-07-07 12:57:00,CNR3908247838,Success,CID204719,Auto,Mysore Road,KR Puram,238.0,100.0,Not Applicable,Not Applicable,No,Not Applicable,317,UPI,1,4.7,3.6
2024-07-26 11:05:00,CNR4148627339,Success,CID654448,Prime Plus,HSR Layout,Shivajinagar,280.0,105.0,Not Applicable,Not Applicable,No,Not Applicable,162,UPI,35,3.5,4.0
2024-07-02 00:39:00,CNR9009679271,Driver Not Found,CID311423,Prime Sedan,KR Puram,Koramangala,,,Not Applicable,Not Applicable,Not Applicable,Not Applicable,2756,Not Applicable,0,,
2024-07-27 08:40:00,CNR2862988896,Success,CID267430,Prime Sedan,Electronic City,Shantinagar,182.0,35.0,Not Applicable,Not Applicable,No,Not Applicable,158,Cash,27,3.9,3.2
2024-07-09 13:33:00,CNR7605422713,Driver Not Found,CID677176,Mini,MG Road,Mysore Road,,,Not Applicable,Not Applicable,Not Applicable,Not Applicable,249,Not Applicable,0,,
2024-07-29 16:23:00,CNR2320188453,Canceled by Driver,CID905988,Mini,Kadugodi,Sarjapur Road,,,Not Applicable,Customer was coughing/sick,Not Applicable,Not Applicable,765,Not Applicable,0,,
2024-07-23 07:56:00,CNR4916710627,Success,CID281897,Prime Plus,Marathahalli,Rajajinagar,98.0,120.0,Not Applicable,Not Applicable,No,Not Applicable,140,UPI,1,4.8,4.5
2024-07-13 06:38:00,CNR4696452530,Canceled by Customer,CID602895,Prime Plus,Varthur,Banashankari,,,AC is Not working,Not Applicable,Not Applicable,Not Applicable,195,Not Applicable,0,,
2024-07-21 08:09:00,CNR5762271708,Success,CID640502,Auto,Whitefield,Jayanagar,266.0,75.0,Not Applicable,Not Applicable,No,Not Applicable,672,Cash,15,4.1,4.7
2024-07-10 14:34:00,CNR8270062642,Canceled by Customer,CID967377,Mini,Hennur,Majestic,,,Driver asked to cancel,Not Applicable,Not Applicable,Not Applicable,467,Not Applicable,0,,
2024-07-19 22:36:00,CNR9247166987,Driver Not Found,CID237869,Prime Sedan,Rajajinagar,Yelahanka,,,Not Applicable,Not Applicable,Not Applicable,Not Applicable,860,Not Applicable,0,,
2024-07-06 00:44:00,CNR2054249590,Success,CID224302,Bike,Cox Town,RT Nagar,63.0,115.0,Not Applicable,Not Applicable,No,Not Applicable,903,Cash,32,4.8,3.5
2024-07-17 07:19:00,CNR6095803017,Success,CID174799,Prime SUV,RT Nagar,Rajajinagar,168.0,85.0,Not Applicable,Not Applicable,No,Not Applicable,155,UPI,49,3.3,4.9
2024-07-28 19:57:00,CNR2358049403,Success,CID990115,Prime Sedan,Devanahalli,Cox Town,231.0,55.0,Not Applicable,Not Applicable,No,Not Applicable,645,Cash,38,4.4,3.3
2024-07-10 22:30:00,CNR1017456539,Success,CID223022,Bike,Shivajinagar,Banashankari,266.0,95.0,Not Applicable,Not Applicable,No,Not Applicable,137,Cash,28,3.5,3.5
2024-07-08 19:04:00,CNR5555673638,Success,CID366858,eBike,Majestic,Ramamurthy Nagar,147.0,35.0,Not Applicable,Not Applicable,No,Not Applicable,228,UPI,37,3.2,4.6
2024-07-29 10:09:00,CNR1999389987,Canceled by Driver,CID521068,Prime SUV,Kengeri,Peenya,,,Not Applicable,Customer related issue,Not Applicable,Not Applicable,101,Not Applicable,0,,
2024-07-28 14:31:00,CNR8260663910,Success,CID891175,Auto,Magadi Road,Koramangala,147.0,40.0,Not Applicable,Not Applicable,No,Not Applicable,243,Cash,13,3.0,4.1
2024-07-27 18:38:00,CNR3199980236,Driver Not Found,CID158629,Prime Sedan,Tumkur Road,Jayanagar,,,Not Applicable,Not Applicable,Not Applicable,Not Applicable,260,Not Applicable,0,,
2024-07-27 10:32:00,CNR5375720073,Success,CID688660,Auto,Koramangala,Vijayanagar,266.0,85.0,Not Applicable,Not Applicable,No,Not Applicable,402,UPI,13,4.4,3.0
2024-07-15 19:50:00,CNR1135814588,Driver Not Found,CID489942,Auto,Chickpet,Varthur,,,Not Applicable,Not Applicable,Not Applicable,Not Applicable,461,Not Applicable,0,,
2024-07-12 20:43:00,CNR9032209794,Success,CID444092,eBike,Padmanabhanagar,Bellandur,259.0,110.0,Not Applicable,Not Applicable,No,Not Applicable,1786,Cash,1,4.2,3.7
2024-07-22 03:43:00,CNR3939137878,Success,CID918196,Bike,JP Nagar,Frazer Town,84.0,35.0,Not Applicable,Not Applicable,No,Not Applicable,437,Cash,37,4.0,3.1
2024-07-18 19:06:00,CNR9515685990,Success,CID886202,Prime SUV,Yelahanka,Hulimavu,252.0,45.0,Not Applicable,Not Applicable,No,Not Applicable,358,Cash,14,3.9,3.8
2024-07-10 01:53:00,CNR6546665861,Success,CID951485,Prime Plus,Banashankari,Shantinagar,210.0,85.0,Not Applicable,Not Applicable,Yes,Other Issue,151,Cash,4,4.5,4.9
2024-07-10 18:06:00,CNR7779101345,Canceled by Driver,CID746367,Mini,Banashankari,Devanahalli,,,Not Applicable,More than permitted people in there,Not Applicable,Not Applicable,468,Not Applicable,0,,
2024-07-08 23:46:00,CNR8492364568,Success,CID999137,Auto,Basavanagudi,Vijayanagar,203.0,135.0,Not Applicable,Not Applicable,No,Not Applicable,861,Cash,10,3.7,4.1
2024-07-26 04:26:00,CNR7529322465,Canceled by Driver,CID165979,Bike,Devanahalli,Rajajinagar,,,Not Applicable,Customer was coughing/sick,Not Applicable,Not Applicable,317,Not Applicable,0,,
2024-07-06 14:32:00,CNR4581908559,Canceled by Driver,CID723716,Prime Plus,Hosur Road,Indiranagar,,,Not Applicable,Personal & Car related issue,Not Applicable,Not Applicable,623,Not Applicable,0,,
2024-07-10 22:59:00,CNR3126865833,Success,CID259781,Prime Plus,Kammanahalli,Koramangala,203.0,65.0,Not Applicable,Not Applicable,No,Not Applicable,369,UPI,35,3.4,3.3
2024-07-16 21:43:00,CNR7721808496,Canceled by Driver,CID888973,Auto,Ulsoor,Magadi Road,,,Not Applicable,More than permitted people in there,Not Applicable,Not Applicable,448,Not Applicable,0,,
2024-07-16 09:02:00,CNR7117826845,Success,CID551517,Prime Sedan,Bannerghatta Road,Peenya,168.0,100.0,Not Applicable,Not Applicable,No,Not Applicable,386,UPI,16,4.3,3.8
2024-07-19 22:12:00,CNR8433862667,Canceled by Driver,CID178525,Mini,Shantinagar,HSR Layout,,,Not Applicable,Personal & Car related issue,Not Applicable,Not Applicable,128,Not Applicable,0,,
2024-07-21 20:44:00,CNR5064622391,Success,CID473755,Auto,Yelahanka,Bellandur,259.0,105.0,Not Applicable,Not Applicable,No,Not Applicable,328,UPI,4,3.7,3.6
2024-07-28 15:41:00,CNR4528346009,Success,CID910204,eBike,MG Road,Jayanagar,245.0,120.0,Not Applicable,Not Applicable,No,Not Applicable,444,Cash,7,4.1,3.3
2024-07-18 17:20:00,CNR7499231042,Success,CID340658,Prime Sedan,Richmond Town,Shivajinagar,259.0,115.0,Not Applicable,Not Applicable,Yes,Other Issue,266,Cash,33,4.9,4.9
2024-07-03 09:41:00,CNR6841550490,Canceled by Driver,CID241012,Bike,Bannerghatta Road,Kammanahalli,,,Not Applicable,Customer was coughing/sick,Not Applicable,Not Applicable,283,Not Applicable,0,,
2024-07-12 19:31:00,CNR8554332919,Success,CID905747,Prime Sedan,Basavanagudi,Sahakar Nagar,168.0,140.0,Not Applicable,Not Applicable,No,Not Applicable,324,UPI,23,3.2,4.9
2024-07-30 10:49:00,CNR1742012882,Success,CID183051,Mini,Frazer Town,Hennur,301.0,35.0,Not Applicable,Not Applicable,No,Not Applicable,806,UPI,6,4.6,4.3
2024-07-16 04:27:00,CNR7452347925,Success,CID803101,Mini,Ulsoor,Bannerghatta Road,140.0,70.0,Not Applicable,Not Applicable,No,Not Applicable,491,UPI,30,4.7,3.8
2024-07-12 00:50:00,CNR3112210922,Success,CID619710,Prime SUV,Ramamurthy Nagar,Ulsoor,287.0,40.0,Not Applicable,Not Applicable,No,Not Applicable,101,Cash,49,4.1,4.1
2024-07-30 03:57:00,CNR9341968663,Success,CID557447,Bike,Hosur Road,Shantinagar,196.0,25.0,Not Applicable,Not Applicable,No,Not Applicable,945,UPI,41,4.2,4.7
2024-07-27 13:31:00,CNR8173733264,Success,CID990824,Prime SUV,Yelahanka,Bannerghatta Road,224.0,75.0,Not Applicable,Not Applicable,No,Not Applicable,1534,Cash,49,4.8,3.6
2024-07-22 22:27:00,CNR7266390870,Success,CID420963,Prime SUV,Shantinagar,Hosur Road,147.0,95.0,Not Applicable,Not Applicable,No,Not Applicable,295,UPI,24,3.4,4.7
2024-07-01 01:03:00,CNR3993436428,Canceled by Customer,CID647598,eBike,Richmond Town,Chamarajpet,,,Driver is not moving towards pickup location,Not Applicable,Not Applicable,Not Applicable,108,Not Applicable,0,,
2024-07-14 09:28:00,CNR5443781858,Success,CID739101,Prime Sedan,Chamarajpet,Padmanabhanagar,252.0,85.0,Not Applicable,Not Applicable,No,Not Applicable,759,UPI,30,4.6,3.3
2024-07-13 19:54:00,CNR1740529043,Driver Not Found,CID134438,Mini,Kengeri,Malleshwaram,,,Not Applicable,Not Applicable,Not Applicable,Not Applicable,111,Not Applicable,0,,
2024-07-10 09:55:00,CNR2829656406,Canceled by Driver,CID371910,Prime Sedan,Yelahanka,Rajarajeshwari Nagar,,,Not Applicable,Personal & Car related issue,Not Applicable,Not Applicable,1545,Not Applicable,0,,
2024-07-04 05:26:00,CNR6602649382,Success,CID711681,Prime SUV,Kengeri,Shantinagar,238.0,115.0,Not Applicable,Not Applicable,No,Not Applicable,881,Cash,30,3.5,3.5
2024-07-07 09:37:00,CNR5810396846,Success,CID594031,Prime SUV,Bellandur,Sahakar Nagar,287.0,70.0,Not Applicable,Not Applicable,Yes,Customer Demand,288,Cash,42,3.7,4.6
2024-07-14 08:00:00,CNR8832140827,Success,CID134155,Bike,Rajarajeshwari Nagar,Varthur,231.0,145.0,Not Applicable,Not Applicable,No,Not Applicable,421,Cash,36,4.8,3.3
2024-07-14 17:57:00,CNR9817952778,Canceled by Customer,CID362608,Mini,Frazer Town,Kammanahalli,,,Driver is not moving towards pickup location,Not Applicable,Not Applicable,Not Applicable,208,Not Applicable,0,,
2024-07-10 05:06:00,CNR5630257896,Canceled by Driver,CID457235,Bike,Jayanagar,Electronic City,,,Not Applicable,Personal & Car related issue,Not Applicable,Not Applicable,863,Not Applicable,0,,
2024-07-27 19:20:00,CNR3502070737,Success,CID472235,Prime SUV,Rajarajeshwari Nagar,Chickpet,98.0,85.0,Not Applicable,Not Applicable,No,Not Applicable,873,UPI,34,4.4,4.0
2024-07-16 15:09:00,CNR2780486241,Driver Not Found,CID896212,eBike,Vijayanagar,Magadi Road,,,Not Applicable,Not Applicable,Not Applicable,Not Applicable,358,Not Applicable,0,,
2024-07-30 00:41:00,CNR2984552490,Success,CID646104,Prime Sedan,Padmanabhanagar,Frazer Town,203.0,25.0,Not Applicable,Not Applicable,No,Not Applicable,786,UPI,6,3.7,3.8
2024-07-13 01:07:00,CNR6095973953,Success,CID191067,eBike,Kammanahalli,Shantinagar,266.0,60.0,Not Applicable,Not Applicable,No,Not Applicable,182,UPI,22,3.9,4.2
2024-07-30 13:27:00,CNR4257543474,Success,CID105636,Prime Sedan,Electronic City,Rajajinagar,287.0,60.0,Not Applicable,Not Applicable,No,Not Applicable,302,UPI,7,3.2,3.1
2024-07-22 15:10:00,CNR2511521482,Success,CID204401,Mini,Hennur,Basavanagudi,273.0,65.0,Not Applicable,Not Applicable,No,Not Applicable,181,Cash,25,3.8,3.5
2024-07-22 04:23:00,CNR3998301139,Canceled by Customer,CID782907,Mini,Shantinagar,Devanahalli,,,Driver is not moving towards pickup location,Not Applicable,Not Applicable,Not Applicable,2609,Not Applicable,0,,
2024-07-14 08:56:00,CNR4861985803,Success,CID456843,Mini,Langford Town,Malleshwaram,238.0,95.0,Not Applicable,Not Applicable,No,Not Applicable,181,Cash,36,4.1,4.3
2024-07-06 17:41:00,CNR1034342809,Success,CID721442,Prime Sedan,Koramangala,Hosur Road,280.0,70.0,Not Applicable,Not Applicable,No,Not Applicable,292,UPI,48,4.2,4.4
2024-07-28 22:16:00,CNR1002400486,Success,CID322457,eBike,Peenya,Cox Town,98.0,95.0,Not Applicable,Not Applicable,No,Not Applicable,502,UPI,2,3.6,3.6
2024-07-19 21:20:00,CNR6035913681,Canceled by Driver,CID761483,Auto,Hosur Road,Kadugodi,,,Not Applicable,Personal & Car related issue,Not Applicable,Not Applicable,917,Not Applicable,0,,
2024-07-19 00:06:00,CNR8805137321,Success,CID603617,Bike,Mysore Road,RT Nagar,203.0,75.0,Not Applicable,Not Applicable,No,Not Applicable,1561,Cash,5,4.2,3.4
2024-07-22 11:25:00,CNR5548482722,Canceled by Driver,CID192432,Prime Plus,Magadi Road,Malleshwaram,,,Not Applicable,Customer related issue,Not Applicable,Not Applicable,149,Not Applicable,0,,
2024-07-05 08:52:00,CNR6193007805,Success,CID675135,eBike,BTM Layout,Hebbal,154.0,50.0,Not Applicable,Not Applicable,No,Not Applicable,1437,Cash,32,3.1,3.0
2024-07-18 20:11:00,CNR3209564485,Success,CID163750,Prime Sedan,Bellandur,Peenya,168.0,90.0,Not Applicable,Not Applicable,No,Not Applicable,275,UPI,6,3.8,4.4
2024-07-14 10:54:00,CNR6565224526,Canceled by Driver,CID991654,Mini,MG Road,Hebbal,,,Not Applicable,Personal & Car related issue,Not Applicable,Not Applicable,759,Not Applicable,0,,
2024-07-27 17:05:00,CNR8101156593,Driver Not Found,CID914255,Prime Plus,Chamarajpet,Yeshwanthpur,,,Not Applicable,Not Applicable,Not Applicable,Not Applicable,198,Not Applicable,0,,
2024-07-05 08:41:00,CNR5129983328,Driver Not Found,CID681771,Prime Plus,Rajajinagar,Hosur Road,,,Not Applicable,Not Applicable,Not Applicable,Not Applicable,798,Not Applicable,0,,
2024-07-20 11:10:00,CNR5401727196,Canceled by Driver,CID974579,Mini,Padmanabhanagar,Kengeri,,,Not Applicable,Personal & Car related issue,Not Applicable,Not Applicable,335,Not Applicable,0,,
2024-07-21 20:29:00,CNR5227849488,Success,CID260894,Mini,BTM Layout,Cox Town,161.0,45.0,Not Applicable,Not Applicable,No,Not Applicable,607,UPI,34,3.7,3.6
2024-07-24 22:52:00,CNR9187352002,Success,CID175671,Bike,JP Nagar,Kengeri,294.0,105.0,Not Applicable,Not Applicable,No,Not Applicable,451,UPI,6,4.3,3.4
2024-07-15 11:52:00,CNR2053407692,Driver Not Found,CID552655,Mini,Hebbal,Kengeri,,,Not Applicable,Not Applicable,Not Applicable,Not Applicable,170,Not Applicable,0,,
2024-07-09 11:34:00,CNR5938957917,Success,CID459183,eBike,Rajajinagar,BTM Layout,280.0,100.0,Not Applicable,Not Applicable,No,Not Applicable,342,UPI,41,4.5,3.9
2024-07-15 13:55:00,CNR8158515512,Success,CID202202,Prime Sedan,Marathahalli,Ulsoor,77.0,95.0,Not Applicable,Not Applicable,No,Not Applicable,197,UPI,31,3.6,4.8
2024-07-14 09:19:00,CNR1107648658,Success,CID168237,Prime SUV,RT Nagar,Devanahalli,126.0,120.0,Not Applicable,Not Applicable,No,Not Applicable,398,Cash,5,5.0,4.3
2024-07-26 03:59:00,CNR7734049152,Success,CID895976,Auto,Koramangala,Yelahanka,287.0,35.0,Not Applicable,Not Applicable,No,Not Applicable,653,UPI,17,3.1,4.4
2024-07-03 15:52:00,CNR3054695745,Canceled by Driver,CID137241,Auto,Banashankari,Banashankari,,,Not Applicable,Personal & Car related issue,Not Applicable,Not Applicable,333,Not Applicable,0,,
2024-07-19 14:21:00,CNR7820692052,Success,CID432877,Prime SUV,Magadi Road,Rajarajeshwari Nagar,280.0,40.0,Not Applicable,Not Applicable,No,Not Applicable,523,Cash,15,3.8,5.0
2024-07-30 23:14:00,CNR9938173810,Success,CID969638,Prime Plus,Hosur Road,Padmanabhanagar,140.0,105.0,Not Applicable,Not Applicable,No,Not Applicable,343,Cash,49,3.4,3.5
2024-07-02 18:33:00,CNR7242242051,Driver Not Found,CID535347,Prime SUV,Peenya,Malleshwaram,,,Not Applicable,Not Applicable,Not Applicable,Not Applicable,692,Not Applicable,0,,
2024-07-06 10:11:00,CNR2955861426,Success,CID214458,Prime SUV,Bannerghatta Road,Padmanabhanagar,49.0,60.0,Not Applicable,Not Applicable,No,Not Applicable,393,UPI,36,4.4,3.9
2024-07-08 14:16:00,CNR3420588046,Success,CID967187,Auto,Jayanagar,Jayanagar,231.0,75.0,Not Applicable,Not Applicable,No,Not Applicable,470,UPI,10,3.4,3.5
2024-07-05 14:57:00,CNR8624142700,Success,CID108025,Prime SUV,Bannerghatta Road,BTM Layout,77.0,90.0,Not Applicable,Not Applicable,No,Not Applicable,290,Cash,49,3.1,3.9
2024-07-12 04:55:00,CNR7865607453,Success,CID196172,Auto,Hebbal,HSR Layout,133.0,55.0,Not Applicable,Not Applicable,No,Not Applicable,240,Cash,8,4.3,5.0
2024-07-15 01:05:00,CNR8209957474,Driver Not Found,CID814213,Auto,Vijayanagar,Electronic City,,,Not Applicable,Not Applicable,Not Applicable,Not Applicable,223,Not Applicable,0,,
2024-07-10 22:17:00,CNR6360624945,Canceled by Customer,CID934862,Prime Plus,Jayanagar,Langford Town,,,Driver asked to cancel,Not Applicable,Not Applicable,Not Applicable,249,Not Applicable,0,,
2024-07-29 13:48:00,CNR3014683807,Success,CID813662,Prime Plus,Nagarbhavi,Vijayanagar,77.0,135.0,Not Applicable,Not Applicable,No,Not Applicable,502,Cash,8,4.4,3.7
2024-07-26 05:17:00,CNR3186285836,Success,CID513980,Auto,Basavanagudi,Devanahalli,280.0,90.0,Not Applicable,Not Applicable,No,Not Applicable,146,Cash,2,4.8,3.8
2024-07-28 22:19:00,CNR2461983261,Success,CID127102,Bike,Jayanagar,Rajarajeshwari Nagar,245.0,50.0,Not Applicable,Not Applicable,No,Not Applicable,307,Cash,36,3.1,4.1
2024-07-18 13:51:00,CNR2115782365,Success,CID906992,Prime SUV,Rajarajeshwari Nagar,Hennur,301.0,25.0,Not Applicable,Not Applicable,No,Not Applicable,495,Cash,35,4.7,3.6
2024-07-11 01:31:00,CNR7995720720,Success,CID737893,Prime Sedan,Padmanabhanagar,Ulsoor,224.0,55.0,Not Applicable,Not Applicable,No,Not Applicable,193,Cash,20,4.2,3.8
2024-07-09 23:02:00,CNR9048169973,Canceled by Customer,CID566854,Auto,Majestic,Indiranagar,,,Driver is not moving towards pickup location,Not Applicable,Not Applicable,Not Applicable,282,Not Applicable,0,,
2024-07-20 00:48:00,CNR1580207573,Success,CID314699,Auto,Malleshwaram,Peenya,196.0,50.0,Not Applicable,Not Applicable,No,Not Applicable,303,Cash,15,3.0,4.7
2024-07-21 02:03:00,CNR3082930779,Success,CID651369,Auto,Chickpet,Kadugodi,210.0,90.0,Not Applicable,Not Applicable,No,Not Applicable,422,UPI,19,3.2,4.7
2024-07-14 03:56:00,CNR1240953720,Success,CID786795,Prime Sedan,Shantinagar,Yelahanka,224.0,35.0,Not Applicable,Not Applicable,No,Not Applicable,2233,Cash,20,3.1,4.7
2024-07-21 18:53:00,CNR7738738822,Success,CID131396,Prime Sedan,Sahakar Nagar,Ramamurthy Nagar,308.0,35.0,Not Applicable,Not Applicable,No,Not Applicable,920,Cash,15,4.4,4.4
2024-07-14 21:37:00,CNR8596189861,Success,CID705913,eBike,Rajajinagar,Malleshwaram,105.0,40.0,Not Applicable,Not Applicable,No,Not Applicable,421,Cash,16,4.1,4.9
2024-07-01 06:21:00,CNR1625894084,Success,CID676565,Auto,Cox Town,Richmond Town,231.0,105.0,Not Applicable,Not Applicable,No,Not Applicable,498,Cash,9,4.2,4.7
2024-07-13 12:33:00,CNR1924859856,Canceled by Driver,CID339838,Auto,Bannerghatta Road,Bannerghatta Road,,,Not Applicable,Personal & Car related issue,Not Applicable,Not Applicable,622,Not Applicable,0,,
2024-07-08 18:55:00,CNR1909196768,Success,CID968147,Prime Sedan,Koramangala,Malleshwaram,98.0,70.0,Not Applicable,Not Applicable,No,Not Applicable,1700,UPI,27,4.0,4.0
2024-07-01 18:26:00,CNR8744316302,Success,CID486926,Auto,Basavanagudi,Cox Town,217.0,30.0,Not Applicable,Not Applicable,No,Not Applicable,852,UPI,14,4.8,3.7
2024-07-19 06:46:00,CNR8329056041,Success,CID454946,Auto,Electronic City,Ulsoor,280.0,140.0,Not Applicable,Not Applicable,No,Not Applicable,306,UPI,3,4.5,4.0
2024-07-23 19:19:00,CNR8135082870,Canceled by Customer,CID639484,Prime Plus,Bellandur,Malleshwaram,,,Driver is not moving towards pickup location,Not Applicable,Not Applicable,Not Applicable,475,Not Applicable,0,,
2024-07-17 14:21:00,CNR3384754927,Canceled by Driver,CID501530,Prime Sedan,BTM Layout,Magadi Road,,,Not Applicable,Personal & Car related issue,Not Applicable,Not Applicable,350,Not Applicable,0,,
2024-07-05 10:38:00,CNR1015603835,Success,CID379322,Auto,Nagarbhavi,Whitefield,182.0,75.0,Not Applicable,Not Applicable,No,Not Applicable,343,UPI,14,3.9,4.2
2024-07-23 14:52:00,CNR7211652846,Success,CID533638,Prime Sedan,Yelahanka,Hulimavu,231.0,95.0,Not Applicable,Not Applicable,No,Not Applicable,123,Cash,10,3.9,3.7
2024-07-27 00:29:00,CNR7618413713,Success,CID521783,Prime Sedan,Banashankari,Marathahalli,287.0,105.0,Not Applicable,Not Applicable,No,Not Applicable,383,Cash,30,4.4,3.8
2024-07-16 07:19:00,CNR8707950373,Canceled by Driver,CID353076,Auto,Bannerghatta Road,Yelahanka,,,Not Applicable,Customer was coughing/sick,Not Applicable,Not Applicable,252,Not Applicable,0,,
2024-07-14 00:54:00,CNR8070153099,Success,CID376718,Mini,Padmanabhanagar,Majestic,70.0,125.0,Not Applicable,Not Applicable,No,Not Applicable,447,Cash,5,3.9,4.4
2024-07-26 13:22:00,CNR1689747664,Success,CID916771,Prime SUV,Kadugodi,Ramamurthy Nagar,49.0,120.0,Not Applicable,Not Applicable,No,Not Applicable,196,UPI,34,3.3,3.1
2024-07-09 19:29:00,CNR1302341928,Canceled by Driver,CID382090,Mini,Ramamurthy Nagar,Varthur,,,Not Applicable,Customer related issue,Not Applicable,Not Applicable,163,Not Applicable,0,,
2024-07-28 07:29:00,CNR2533219060,Canceled by Driver,CID129728,Mini,Marathahalli,Shivajinagar,,,Not Applicable,Personal & Car related issue,Not Applicable,Not Applicable,261,Not Applicable,0,,
2024-07-08 11:18:00,CNR4858352972,Success,CID116109,eBike,Mysore Road,Padmanabhanagar,245.0,145.0,Not Applicable,Not Applicable,Yes,Vehicle Breakdown,208,Cash,27,4.8,3.3
2024-07-05 17:21:00,CNR3241438790,Success,CID646789,eBike,Nagarbhavi,Nagarbhavi,308.0,105.0,Not Applicable,Not Applicable,No,Not Applicable,306,UPI,12,3.7,3.6
2024-07-20 12:26:00,CNR1760257700,Success,CID796573,eBike,Cox Town,Shivajinagar,105.0,90.0,Not Applicable,Not Applicable,No,Not Applicable,134,Cash,20,4.3,4.1
2024-07-23 18:34:00,CNR2020640604,Success,CID177046,eBike,Electronic City,Indiranagar,266.0,75.0,Not Applicable,Not Applicable,No,Not Applicable,415,Cash,42,3.5,3.4
2024-07-11 05:20:00,CNR9455054191,Driver Not Found,CID702115,Prime SUV,Chamarajpet,Varthur,,,Not Applicable,Not Applicable,Not Applicable,Not Applicable,439,Not Applicable,0,,
2024-07-19 23:07:00,CNR8894131676,Canceled by Driver,CID701279,eBike,Shantinagar,Kadugodi,,,Not Applicable,Customer related issue,Not Applicable,Not Applicable,705,Not Applicable,0,,
2024-07-21 09:28:00,CNR3753021645,Success,CID392928,Prime SUV,Shantinagar,Varthur,154.0,45.0,Not Applicable,Not Applicable,Yes,Other Issue,199,Cash,23,4.5,4.0
2024-07-03 07:06:00,CNR8637200039,Success,CID322227,Prime Sedan,Ulsoor,Koramangala,301.0,125.0,Not Applicable,Not Applicable,No,Not Applicable,302,Cash,7,3.4,3.8
2024-07-09 22:09:00,CNR3602500962,Success,CID955583,Auto,Yelahanka,Mysore Road,294.0,90.0,Not Applicable,Not Applicable,No,Not Applicable,119,Cash,9,4.0,3.4
2024-07-23 15:10:00,CNR4643358975,Success,CID177462,Prime Sedan,Malleshwaram,Langford Town,308.0,120.0,Not Applicable,Not Applicable,No,Not Applicable,359,Cash,40,3.0,3.5
2024-07-20 14:26:00,CNR7770538568,Success,CID544607,Auto,Electronic City,HSR Layout,259.0,140.0,Not Applicable,Not Applicable,No,Not Applicable,400,Credit Card,10,3.6,4.0
2024-07-07 12:29:00,CNR5654205745,Success,CID772374,Auto,Nagarbhavi,Kengeri,266.0,110.0,Not Applicable,Not Applicable,No,Not Applicable,247,UPI,11,3.7,4.4
2024-07-11 06:39:00,CNR6190229497,Success,CID115862,Prime SUV,Kadugodi,Shantinagar,224.0,70.0,Not Applicable,Not Applicable,No,Not Applicable,964,UPI,39,3.8,3.4
2024-07-25 01:04:00,CNR7901404716,Success,CID947749,Bike,Ramamurthy Nagar,Kammanahalli,147.0,55.0,Not Applicable,Not Applicable,No,Not Applicable,424,UPI,18,3.3,4.4
2024-07-29 11:04:00,CNR7574299002,Canceled by Customer,CID961282,eBike,Shivajinagar,Shantinagar,,,Driver is not moving towards pickup location,Not Applicable,Not Applicable,Not Applicable,353,Not Applicable,0,,
2024-07-18 16:06:00,CNR7227622007,Driver Not Found,CID567425,Mini,Chamarajpet,Banashankari,,,Not Applicable,Not Applicable,Not Applicable,Not Applicable,609,Not Applicable,0,,
2024-07-29 12:08:00,CNR6646264225,Canceled by Driver,CID523082,Prime Plus,Bannerghatta Road,Kengeri,,,Not Applicable,Customer was coughing/sick,Not Applicable,Not Applicable,396,Not Applicable,0,,
2024-07-30 07:48:00,CNR7472641179,Success,CID171381,Bike,Peenya,Sarjapur Road,161.0,130.0,Not Applicable,Not Applicable,No,Not Applicable,125,UPI,35,4.4,3.8
2024-07-01 14:29:00,CNR8836623334,Success,CID862831,Prime SUV,Richmond Town,Hebbal,105.0,60.0,Not Applicable,Not Applicable,No,Not Applicable,819,UPI,32,3.3,4.1
2024-07-16 16:56:00,CNR5557417027,Canceled by Driver,CID947706,Prime SUV,Bellandur,Rajarajeshwari Nagar,,,Not Applicable,Personal & Car related issue,Not Applicable,Not Applicable,228,Not Applicable,0,,
2024-07-17 17:08:00,CNR5624828606,Canceled by Customer,CID116326,Auto,BTM Layout,Shivajinagar,,,Wrong Address,Not Applicable,Not Applicable,Not Applicable,158,Not Applicable,0,,
2024-07-15 23:07:00,CNR9975958137,Success,CID265080,Bike,Yeshwanthpur,Sarjapur Road,77.0,45.0,Not Applicable,Not Applicable,No,Not Applicable,376,UPI,43,3.9,3.5
2024-07-11 09:16:00,CNR7269901062,Driver Not Found,CID694066,Prime SUV,Hulimavu,Varthur,,,Not Applicable,Not Applicable,Not Applicable,Not Applicable,333,Not Applicable,0,,
2024-07-26 10:46:00,CNR4698459649,Driver Not Found,CID936603,Bike,Devanahalli,Nagarbhavi,,,Not Applicable,Not Applicable,Not Applicable,Not Applicable,256,Not Applicable,0,,
2024-07-14 14:08:00,CNR3301387439,Success,CID371416,Bike,Hulimavu,Rajajinagar,56.0,80.0,Not Applicable,Not Applicable,No,Not Applicable,327,UPI,49,3.0,4.3
2024-07-23 10:22:00,CNR7477534705,Success,CID630203,Mini,Chamarajpet,Koramangala,301.0,130.0,Not Applicable,Not Applicable,Yes,Customer Demand,847,UPI,42,4.4,3.3
2024-07-10 10:16:00,CNR8464458658,Success,CID500850,Auto,Sahakar Nagar,Kammanahalli,77.0,120.0,Not Applicable,Not Applicable,No,Not Applicable,318,Cash,9,3.3,4.9
2024-07-03 16:38:00,CNR3835579478,Success,CID947204,Auto,Malleshwaram,Devanahalli,280.0,45.0,Not Applicable,Not Applicable,No,Not Applicable,141,UPI,13,4.1,4.5
2024-07-22 08:54:00,CNR7936511324,Success,CID757882,Bike,Jayanagar,Kammanahalli,259.0,145.0,Not Applicable,Not Applicable,No,Not Applicable,1186,UPI,17,4.4,3.6
2024-07-09 00:06:00,CNR7129345994,Success,CID971284,Prime Sedan,Chickpet,Tumkur Road,112.0,30.0,Not Applicable,Not Applicable,No,Not Applicable,159,Cash,35,3.5,3.9
2024-07-25 11:25:00,CNR3947905293,Canceled by Driver,CID353074,Bike,Vijayanagar,Hebbal,,,Not Applicable,Personal & Car related issue,Not Applicable,Not Applicable,428,Not Applicable,0,,
2024-07-16 20:55:00,CNR4969846124,Success,CID584150,Prime Plus,Kammanahalli,Hosur Road,196.0,105.0,Not Applicable,Not Applicable,No,Not Applicable,224,Debit Card,23,3.7,4.2
2024-07-21 06:13:00,CNR7270381459,Canceled by Driver,CID818896,Auto,Tumkur Road,Basavanagudi,,,Not Applicable,Customer related issue,Not Applicable,Not Applicable,1444,Not Applicable,0,,
2024-07-22 02:08:00,CNR7266307289,Driver Not Found,CID364726,Prime Plus,Bannerghatta Road,Jayanagar,,,Not Applicable,Not Applicable,Not Applicable,Not Applicable,133,Not Applicable,0,,
2024-07-15 05:21:00,CNR9103459176,Success,CID963876,Prime Plus,KR Puram,Hennur,217.0,100.0,Not Applicable,Not Applicable,No,Not Applicable,218,Cash,7,4.6,4.6
2024-07-01 01:39:00,CNR2629532349,Driver Not Found,CID277267,Prime SUV,Chamarajpet,HSR Layout,,,Not Applicable,Not Applicable,Not Applicable,Not Applicable,936,Not Applicable,0,,
2024-07-10 04:08:00,CNR6059435101,Success,CID551980,Bike,JP Nagar,Ulsoor,287.0,55.0,Not Applicable,Not Applicable,No,Not Applicable,498,Cash,8,3.9,3.9
2024-07-10 20:02:00,CNR3548760837,Success,CID748082,Mini,Majestic,Chickpet,35.0,50.0,Not Applicable,Not Applicable,No,Not Applicable,288,Cash,23,4.2,4.7
2024-07-12 14:53:00,CNR3825972587,Success,CID176425,Mini,Sahakar Nagar,Kammanahalli,175.0,105.0,Not Applicable,Not Applicable,No,Not Applicable,263,Cash,11,3.9,4.1
2024-07-07 00:14:00,CNR3514222534,Success,CID934611,eBike,Yelahanka,Shantinagar,140.0,125.0,Not Applicable,Not Applicable,No,Not Applicable,390,UPI,28,4.5,4.4
2024-07-24 18:19:00,CNR2286017464,Driver Not Found,CID960180,Bike,Majestic,Vijayanagar,,,Not Applicable,Not Applicable,Not Applicable,Not Applicable,581,Not Applicable,0,,
2024-07-06 18:19:00,CNR7815511855,Canceled by Driver,CID176542,Mini,BTM Layout,Malleshwaram,,,Not Applicable,Customer was coughing/sick,Not Applicable,Not Applicable,252,Not Applicable,0,,
2024-07-23 01:47:00,CNR2635947042,Success,CID348537,Bike,Kadugodi,Electronic City,294.0,65.0,Not Applicable,Not Applicable,No,Not Applicable,463,Cash,46,3.7,4.4
2024-07-22 17:58:00,CNR7266673553,Success,CID933122,Prime Plus,Frazer Town,BTM Layout,224.0,50.0,Not Applicable,Not Applicable,No,Not Applicable,780,Cash,6,3.7,3.1
2024-07-06 21:02:00,CNR1195122696,Success,CID883556,Bike,Frazer Town,Richmond Town,189.0,110.0,Not Applicable,Not Applicable,No,Not Applicable,257,Credit Card,24,3.2,4.6
2024-07-06 18:03:00,CNR5676497305,Success,CID941448,Mini,HSR Layout,MG Road,91.0,50.0,Not Applicable,Not Applicable,No,Not Applicable,164,Cash,25,4.8,3.8
2024-07-09 18:35:00,CNR3704387219,Canceled by Driver,CID589847,Bike,Hosur Road,Bellandur,,,Not Applicable,Customer related issue,Not Applicable,Not Applicable,420,Not Applicable,0,,
2024-07-19 17:07:00,CNR2278542503,Driver Not Found,CID704463,eBike,Hebbal,Shantinagar,,,Not Applicable,Not Applicable,Not Applicable,Not Applicable,551,Not Applicable,0,,
2024-07-05 06:28:00,CNR1132326701,Success,CID149595,Auto,Padmanabhanagar,Sarjapur Road,70.0,25.0,Not Applicable,Not Applicable,No,Not Applicable,887,Cash,1,3.3,5.0
2024-07-18 02:06:00,CNR1059267365,Success,CID147104,eBike,Ramamurthy Nagar,Richmond Town,126.0,130.0,Not Applicable,Not Applicable,No,Not Applicable,428,Cash,7,3.2,4.3
2024-07-25 03:52:00,CNR3341071201,Success,CID464497,Mini,Bannerghatta Road,Hebbal,154.0,25.0,Not Applicable,Not Applicable,No,Not Applicable,163,UPI,6,4.2,4.1
2024-07-19 17:36:00,CNR1465980133,Canceled by Driver,CID168445,Prime Plus,Langford Town,Bannerghatta Road,,,Not Applicable,Customer related issue,Not Applicable,Not Applicable,432,Not Applicable,0,,
2024-07-11 00:05:00,CNR3508148292,Success,CID848316,Bike,Rajarajeshwari Nagar,Yelahanka,140.0,55.0,Not Applicable,Not Applicable,No,Not Applicable,1180,UPI,30,3.1,4.9
2024-07-17 16:43:00,CNR4963558833,Success,CID128769,eBike,Majestic,Rajarajeshwari Nagar,147.0,140.0,Not Applicable,Not Applicable,No,Not Applicable,2162,Cash,9,4.6,3.1
2024-07-06 01:58:00,CNR4397157981,Success,CID295181,Mini,Malleshwaram,JP Nagar,259.0,105.0,Not Applicable,Not Applicable,No,Not Applicable,449,UPI,20,4.4,3.5
2024-07-03 21:46:00,CNR1517768230,Success,CID144858,Mini,Sarjapur Road,Electronic City,147.0,50.0,Not Applicable,Not Applicable,No,Not Applicable,261,Cash,12,3.9,4.1
2024-07-28 18:18:00,CNR1996892349,Success,CID148321,Auto,Banashankari,Hulimavu,98.0,55.0,Not Applicable,Not Applicable,No,Not Applicable,289,Cash,6,3.2,4.4
2024-07-02 08:21:00,CNR5635965439,Canceled by Driver,CID748390,Prime SUV,Rajarajeshwari Nagar,Koramangala,,,Not Applicable,Customer was coughing/sick,Not Applicable,Not Applicable,494,Not Applicable,0,,
2024-07-20 16:55:00,CNR3318994194,Success,CID498962,Mini,Richmond Town,Yelahanka,280.0,135.0,Not Applicable,Not Applicable,No,Not Applicable,473,Cash,13,4.7,4.1
2024-07-17 00:09:00,CNR4080363191,Success,CID984637,Mini,Jayanagar,RT Nagar,182.0,110.0,Not Applicable,Not Applicable,No,Not Applicable,691,UPI,46,3.5,4.0
2024-07-24 21:07:00,CNR8823367480,Canceled by Driver,CID659328,Bike,Bannerghatta Road,Bannerghatta Road,,,Not Applicable,Customer was coughing/sick,Not Applicable,Not Applicable,202,Not Applicable,0,,
2024-07-01 03:57:00,CNR1104169848,Success,CID468761,Prime SUV,Electronic City,Banashankari,224.0,115.0,Not Applicable,Not Applicable,No,Not Applicable,378,UPI,40,4.6,4.5
2024-07-10 11:36:00,CNR2494342151,Canceled by Customer,CID110719,Prime SUV,Rajarajeshwari Nagar,Banashankari,,,Driver is not moving towards pickup location,Not Applicable,Not Applicable,Not Applicable,687,Not Applicable,0,,
2024-07-04 00:12:00,CNR3262382920,Canceled by Driver,CID912187,Auto,Whitefield,BTM Layout,,,Not Applicable,Personal & Car related issue,Not Applicable,Not Applicable,343,Not Applicable,0,,
2024-07-02 14:35:00,CNR9087103707,Canceled by Driver,CID664309,Prime Plus,Basavanagudi,Peenya,,,Not Applicable,Customer was coughing/sick,Not Applicable,Not Applicable,675,Not Applicable,0,,
2024-07-19 15:57:00,CNR5985648592,Success,CID767555,Prime Sedan,Cox Town,Tumkur Road,70.0,70.0,Not Applicable,Not Applicable,No,Not Applicable,432,Cash,41,3.4,3.6
2024-07-25 13:10:00,CNR2292398901,Canceled by Customer,CID767659,Prime Sedan,Langford Town,Padmanabhanagar,,,Driver is not moving towards pickup location,Not Applicable,Not Applicable,Not Applicable,393,Not Applicable,0,,
2024-07-11 02:35:00,CNR4644938466,Success,CID755864,Mini,Chickpet,Ramamurthy Nagar,77.0,25.0,Not Applicable,Not Applicable,No,Not Applicable,182,UPI,49,4.6,3.0
2024-07-23 00:39:00,CNR6696137002,Canceled by Driver,CID800880,Auto,Vijayanagar,Rajarajeshwari Nagar,,,Not Applicable,More than permitted people in there,Not Applicable,Not Applicable,437,Not Applicable,0,,
2024-07-12 06:35:00,CNR6018086727,Success,CID994990,Prime SUV,Indiranagar,Hebbal,140.0,60.0,Not Applicable,Not Applicable,No,Not Applicable,496,Cash,29,3.7,3.2
2024-07-08 06:36:00,CNR5794881634,Canceled by Customer,CID289832,eBike,Richmond Town,Hulimavu,,,Change of plans,Not Applicable,Not Applicable,Not Applicable,216,Not Applicable,0,,
2024-07-13 21:20:00,CNR6955885516,Success,CID512030,eBike,Koramangala,Hebbal,154.0,75.0,Not Applicable,Not Applicable,No,Not Applicable,912,Cash,6,4.7,3.1
2024-07-16 05:24:00,CNR3921270185,Canceled by Driver,CID605404,Mini,Malleshwaram,Padmanabhanagar,,,Not Applicable,Personal & Car related issue,Not Applicable,Not Applicable,465,Not Applicable,0,,
2024-07-06 01:00:00,CNR8534759749,Canceled by Driver,CID257266,Prime Sedan,Rajajinagar,BTM Layout,,,Not Applicable,Customer related issue,Not Applicable,Not Applicable,614,Not Applicable,0,,
2024-07-05 08:39:00,CNR9743386926,Driver Not Found,CID277476,eBike,Indiranagar,Bellandur,,,Not Applicable,Not Applicable,Not Applicable,Not Applicable,172,Not Applicable,0,,
2024-07-23 13:03:00,CNR3814770608,Success,CID500915,Bike,Sahakar Nagar,Peenya,203.0,50.0,Not Applicable,Not Applicable,No,Not Applicable,724,Cash,6,3.1,4.0
2024-07-12 20:06:00,CNR3634038585,Canceled by Driver,CID856946,eBike,Jayanagar,Electronic City,,,Not Applicable,More than permitted people in there,Not Applicable,Not Applicable,204,Not Applicable,0,,
2024-07-19 13:23:00,CNR5224682159,Canceled by Driver,CID132721,Auto,Indiranagar,Bellandur,,,Not Applicable,Customer related issue,Not Applicable,Not Applicable,499,Not Applicable,0,,
2024-07-13 07:25:00,CNR6456142622,Driver Not Found,CID208676,Prime SUV,Mysore Road,Chamarajpet,,,Not Applicable,Not Applicable,Not Applicable,Not Applicable,405,Not Applicable,0,,
2024-07-21 10:08:00,CNR5105421745,Success,CID385568,eBike,Basavanagudi,HSR Layout,70.0,80.0,Not Applicable,Not Applicable,No,Not Applicable,258,UPI,34,4.5,4.3
2024-07-20 02:16:00,CNR2772169493,Success,CID232570,eBike,MG Road,Tumkur Road,91.0,40.0,Not Applicable,Not Applicable,No,Not Applicable,2534,UPI,21,4.1,4.8
2024-07-14 18:43:00,CNR5238476026,Driver Not Found,CID266594,eBike,Rajarajeshwari Nagar,Whitefield,,,Not Applicable,Not Applicable,Not Applicable,Not Applicable,436,Not Applicable,0,,
2024-07-01 22:58:00,CNR3383432936,Success,CID812694,Auto,RT Nagar,BTM Layout,49.0,105.0,Not Applicable,Not Applicable,No,Not Applicable,602,UPI,13,4.4,3.0
2024-07-15 15:33:00,CNR3268737646,Success,CID591716,Prime Sedan,Rajajinagar,Nagarbhavi,266.0,45.0,Not Applicable,Not Applicable,No,Not Applicable,150,UPI,6,3.7,4.4
2024-07-08 04:56:00,CNR5122190707,Canceled by Driver,CID826146,Prime SUV,Richmond Town,Yelahanka,,,Not Applicable,More than permitted people in there,Not Applicable,Not Applicable,543,Not Applicable,0,,
2024-07-09 13:25:00,CNR5075039739,Canceled by Driver,CID917024,eBike,Indiranagar,Kadugodi,,,Not Applicable,Customer related issue,Not Applicable,Not Applicable,150,Not Applicable,0,,
2024-07-03 08:08:00,CNR9985970788,Success,CID264567,Mini,Whitefield,Marathahalli,287.0,95.0,Not Applicable,Not Applicable,No,Not Applicable,467,UPI,3,3.4,3.4
2024-07-12 01:30:00,CNR9688814118,Success,CID611243,Prime SUV,Hebbal,Basavanagudi,84.0,25.0,Not Applicable,Not Applicable,No,Not Applicable,475,UPI,41,4.5,3.3
2024-07-05 04:07:00,CNR8901211879,Canceled by Driver,CID601110,Prime Plus,Kadugodi,JP Nagar,,,Not Applicable,Customer related issue,Not Applicable,Not Applicable,414,Not Applicable,0,,
2024-07-12 09:51:00,CNR4169356066,Canceled by Driver,CID683189,Bike,Indiranagar,Devanahalli,,,Not Applicable,More than permitted people in there,Not Applicable,Not Applicable,743,Not Applicable,0,,
2024-07-30 06:45:00,CNR1237301459,Success,CID174989,Auto,Ulsoor,Varthur,301.0,110.0,Not Applicable,Not Applicable,No,Not Applicable,403,Cash,5,4.9,3.0
2024-07-16 07:45:00,CNR5368678107,Canceled by Driver,CID305449,Prime Plus,Whitefield,JP Nagar,,,Not Applicable,Personal & Car related issue,Not Applicable,Not Applicable,344,Not Applicable,0,,
2024-07-09 10:29:00,CNR7905112916,Canceled by Driver,CID830488,eBike,Yeshwanthpur,Kengeri,,,Not Applicable,Customer related issue,Not Applicable,Not Applicable,2155,Not Applicable,0,,
2024-07-10 05:26:00,CNR3342150137,Success,CID267494,eBike,Vijayanagar,Magadi Road,42.0,95.0,Not Applicable,Not Applicable,No,Not Applicable,884,Cash,9,3.8,3.9
2024-07-11 20:47:00,CNR7945024902,Success,CID860200,Prime Plus,Richmond Town,MG Road,161.0,60.0,Not Applicable,Not Applicable,No,Not Applicable,761,UPI,4,3.9,3.2
2024-07-21 02:29:00,CNR2713165463,Success,CID269720,Auto,Chickpet,Koramangala,245.0,140.0,Not Applicable,Not Applicable,No,Not Applicable,264,Credit Card,2,3.9,3.6
2024-07-20 20:47:00,CNR2484138202,Success,CID517332,eBike,Malleshwaram,Richmond Town,70.0,90.0,Not Applicable,Not Applicable,No,Not Applicable,365,UPI,46,3.0,3.6
2024-07-11 22:06:00,CNR9331650370,Success,CID972019,Auto,Magadi Road,Hosur Road,98.0,55.0,Not Applicable,Not Applicable,No,Not Applicable,199,Cash,19,3.1,3.0
2024-07-28 06:43:00,CNR1196035144,Success,CID153861,Prime SUV,Richmond Town,Richmond Town,161.0,110.0,Not Applicable,Not Applicable,No,Not Applicable,470,Cash,41,4.6,4.8
2024-07-14 15:52:00,CNR8639992154,Canceled by Driver,CID795025,Prime Plus,Bannerghatta Road,Shantinagar,,,Not Applicable,Customer related issue,Not Applicable,Not Applicable,253,Not Applicable,0,,
2024-07-05 13:52:00,CNR7579681346,Success,CID727801,Prime Sedan,Shantinagar,Cox Town,294.0,65.0,Not Applicable,Not Applicable,No,Not Applicable,218,Cash,4,3.8,3.3
2024-07-23 05:53:00,CNR1548190404,Canceled by Driver,CID235942,Mini,Padmanabhanagar,Frazer Town,,,Not Applicable,Customer was coughing/sick,Not Applicable,Not Applicable,108,Not Applicable,0,,
2024-07-30 13:04:00,CNR6643415830,Success,CID200398,Bike,Ulsoor,Hebbal,84.0,25.0,Not Applicable,Not Applicable,No,Not Applicable,169,UPI,12,4.7,4.4
2024-07-15 12:59:00,CNR1925081360,Success,CID223813,Prime SUV,Rajarajeshwari Nagar,Hebbal,294.0,70.0,Not Applicable,Not Applicable,No,Not Applicable,217,UPI,40,3.1,3.8
2024-07-03 19:12:00,CNR7970040982,Canceled by Driver,CID803881,Auto,Banashankari,Tumkur Road,,,Not Applicable,Customer related issue,Not Applicable,Not Applicable,781,Not Applicable,0,,
2024-07-20 11:31:00,CNR2694553259,Driver Not Found,CID421680,Mini,Chamarajpet,MG Road,,,Not Applicable,Not Applicable,Not Applicable,Not Applicable,2291,Not Applicable,0,,
2024-07-13 19:13:00,CNR8864753315,Success,CID477585,Prime Sedan,Kammanahalli,Banashankari,252.0,115.0,Not Applicable,Not Applicable,No,Not Applicable,718,UPI,2,4.4,3.6
2024-07-19 14:29:00,CNR6355145289,Success,CID368736,Mini,Vijayanagar,Varthur,140.0,105.0,Not Applicable,Not Applicable,No,Not Applicable,345,Cash,43,4.2,3.1
2024-07-06 00:07:00,CNR3754367520,Success,CID958208,Prime Sedan,Koramangala,Marathahalli,84.0,70.0,Not Applicable,Not Applicable,No,Not Applicable,489,UPI,34,3.0,4.1
2024-07-24 06:42:00,CNR9368917181,Success,CID749251,Prime Sedan,Mysore Road,Sahakar Nagar,63.0,95.0,Not Applicable,Not Applicable,No,Not Applicable,551,UPI,42,4.5,3.1
2024-07-22 01:18:00,CNR2094119358,Success,CID262537,Mini,Langford Town,Richmond Town,56.0,100.0,Not Applicable,Not Applicable,No,Not Applicable,394,UPI,40,4.2,4.4
2024-07-17 06:51:00,CNR2861576097,Success,CID858218,Prime Sedan,Richmond Town,Sahakar Nagar,133.0,130.0,Not Applicable,Not Applicable,No,Not Applicable,468,UPI,39,4.8,4.6
2024-07-14 12:02:00,CNR9296460688,Success,CID762109,Mini,Frazer Town,Shantinagar,182.0,75.0,Not Applicable,Not Applicable,No,Not Applicable,580,UPI,9,5.0,3.5
2024-07-08 13:12:00,CNR8114763003,Success,CID564333,eBike,Marathahalli,Sahakar Nagar,35.0,85.0,Not Applicable,Not Applicable,No,Not Applicable,672,Cash,26,4.1,4.7
2024-07-17 18:34:00,CNR2825609551,Success,CID512315,Mini,Ulsoor,RT Nagar,84.0,75.0,Not Applicable,Not Applicable,No,Not Applicable,259,Cash,27,3.4,3.3
2024-07-06 15:54:00,CNR1988351072,Canceled by Driver,CID679411,Bike,BTM Layout,MG Road,,,Not Applicable,Customer related issue,Not Applicable,Not Applicable,163,Not Applicable,0,,
2024-07-19 01:37:00,CNR6882814788,Success,CID793910,eBike,Kammanahalli,Whitefield,168.0,85.0,Not Applicable,Not Applicable,No,Not Applicable,222,Cash,18,4.4,4.5
2024-07-26 12:17:00,CNR3336530086,Success,CID959998,Prime Sedan,Jayanagar,Indiranagar,154.0,120.0,Not Applicable,Not Applicable,No,Not Applicable,472,Cash,34,5.0,3.6
2024-07-05 13:17:00,CNR7971294400,Canceled by Customer,CID890237,Prime Plus,Yeshwanthpur,Hennur,,,AC is Not working,Not Applicable,Not Applicable,Not Applicable,2630,Not Applicable,0,,
2024-07-03 11:03:00,CNR9729682580,Success,CID233331,Mini,Koramangala,Kadugodi,266.0,65.0,Not Applicable,Not Applicable,No,Not Applicable,620,Cash,26,3.8,3.4
2024-07-23 00:59:00,CNR7521590906,Success,CID249665,Prime Sedan,Vijayanagar,RT Nagar,224.0,135.0,Not Applicable,Not Applicable,No,Not Applicable,411,Cash,5,4.6,3.0
2024-07-17 00:13:00,CNR3784191120,Canceled by Driver,CID666607,Prime Sedan,Banashankari,Jayanagar,,,Not Applicable,Personal & Car related issue,Not Applicable,Not Applicable,284,Not Applicable,0,,
2024-07-11 20:35:00,CNR7170314357,Canceled by Customer,CID956045,Prime Sedan,Bannerghatta Road,Sarjapur Road,,,Change of plans,Not Applicable,Not Applicable,Not Applicable,260,Not Applicable,0,,
2024-07-18 20:43:00,CNR8433680064,Success,CID484002,Prime SUV,Tumkur Road,Rajajinagar,112.0,40.0,Not Applicable,Not Applicable,No,Not Applicable,375,Cash,12,4.5,3.0
2024-07-16 09:00:00,CNR8021298726,Success,CID927009,eBike,Shantinagar,Nagarbhavi,308.0,35.0,Not Applicable,Not Applicable,No,Not Applicable,291,Cash,42,4.7,3.4
2024-07-29 00:14:00,CNR8779118188,Success,CID137148,Bike,Hosur Road,Bellandur,77.0,95.0,Not Applicable,Not Applicable,No,Not Applicable,687,Cash,37,4.4,4.9
2024-07-09 04:12:00,CNR4102192198,Canceled by Driver,CID252300,Auto,Hosur Road,Hennur,,,Not Applicable,Personal & Car related issue,Not Applicable,Not Applicable,697,Not Applicable,0,,
2024-07-06 12:46:00,CNR3471968328,Success,CID232938,Bike,Majestic,Banashankari,203.0,80.0,Not Applicable,Not Applicable,No,Not Applicable,427,UPI,42,3.3,3.4
2024-07-21 21:34:00,CNR2510863319,Canceled by Customer,CID211309,Prime Plus,KR Puram,Chickpet,,,Driver is not moving towards pickup location,Not Applicable,Not Applicable,Not Applicable,163,Not Applicable,0,,
2024-07-19 14:58:00,CNR9440723332,Success,CID905243,Bike,Sahakar Nagar,Kammanahalli,63.0,85.0,Not Applicable,Not Applicable,No,Not Applicable,486,Cash,27,3.5,3.5
2024-07-08 20:38:00,CNR6418064613,Success,CID401411,Auto,Hebbal,MG Road,217.0,75.0,Not Applicable,Not Applicable,Yes,Other Issue,131,Cash,11,4.8,4.1
2024-07-05 22:19:00,CNR7396694102,Success,CID488781,Bike,Basavanagudi,Kammanahalli,84.0,145.0,Not Applicable,Not Applicable,No,Not Applicable,137,Cash,49,5.0,3.4
2024-07-28 18:08:00,CNR9210399383,Success,CID145384,Mini,Shantinagar,Bannerghatta Road,77.0,110.0,Not Applicable,Not Applicable,No,Not Applicable,203,UPI,11,4.1,4.6
2024-07-12 23:03:00,CNR2320946253,Canceled by Driver,CID245191,Bike,Hosur Road,Mysore Road,,,Not Applicable,More than permitted people in there,Not Applicable,Not Applicable,346,Not Applicable,0,,
2024-07-29 02:18:00,CNR4238376993,Success,CID386446,Prime Sedan,Yelahanka,RT Nagar,105.0,110.0,Not Applicable,Not Applicable,No,Not Applicable,2810,Cash,46,3.2,3.4
2024-07-02 00:21:00,CNR3847109761,Success,CID236619,Mini,Bellandur,Marathahalli,98.0,50.0,Not Applicable,Not Applicable,No,Not Applicable,880,UPI,28,4.6,4.5
2024-07-10 19:54:00,CNR9640026490,Success,CID101886,Auto,Hulimavu,Rajarajeshwari Nagar,49.0,60.0,Not Applicable,Not Applicable,No,Not Applicable,127,Cash,17,3.6,3.3
2024-07-20 10:09:00,CNR4441405769,Success,CID326099,eBike,Kadugodi,Hebbal,210.0,50.0,Not Applicable,Not Applicable,No,Not Applicable,461,Cash,8,4.9,4.1
2024-07-07 21:13:00,CNR8446075950,Success,CID566025,Bike,Bannerghatta Road,Hebbal,42.0,120.0,Not Applicable,Not Applicable,No,Not Applicable,263,Cash,28,4.0,3.7
2024-07-17 03:59:00,CNR3524919204,Success,CID386887,Prime Sedan,Whitefield,Banashankari,42.0,70.0,Not Applicable,Not Applicable,No,Not Applicable,451,Cash,1,3.0,3.9
2024-07-18 06:49:00,CNR8502465859,Success,CID576870,Prime SUV,Banashankari,Kengeri,112.0,130.0,Not Applicable,Not Applicable,No,Not Applicable,2870,Cash,24,4.2,4.1
2024-07-08 13:13:00,CNR2003981870,Success,CID983400,Prime Plus,Ulsoor,Koramangala,203.0,85.0,Not Applicable,Not Applicable,No,Not Applicable,591,UPI,2,4.9,3.4
2024-07-07 20:31:00,CNR8742200471,Success,CID784197,Auto,Sahakar Nagar,Koramangala,126.0,65.0,Not Applicable,Not Applicable,No,Not Applicable,264,UPI,8,3.5,3.1
2024-07-18 10:56:00,CNR9861870715,Success,CID423879,Auto,Shivajinagar,Cox Town,273.0,30.0,Not Applicable,Not Applicable,No,Not Applicable,331,UPI,12,3.4,3.1
2024-07-10 13:28:00,CNR2107287918,Success,CID922996,eBike,Whitefield,BTM Layout,266.0,30.0,Not Applicable,Not Applicable,No,Not Applicable,415,UPI,5,4.3,3.3
2024-07-18 05:47:00,CNR5744880456,Success,CID966090,Prime Sedan,Shantinagar,Padmanabhanagar,42.0,50.0,Not Applicable,Not Applicable,No,Not Applicable,1667,Cash,39,4.5,3.8
2024-07-02 21:10:00,CNR8155381201,Success,CID485259,Prime SUV,Hennur,Malleshwaram,196.0,75.0,Not Applicable,Not Applicable,No,Not Applicable,118,UPI,35,3.5,3.3
2024-07-17 07:55:00,CNR2409377508,Success,CID249321,Prime Plus,Whitefield,Cox Town,35.0,100.0,Not Applicable,Not Applicable,No,Not Applicable,170,UPI,25,4.1,4.0
2024-07-16 02:21:00,CNR4983991344,Canceled by Driver,CID803225,Prime Sedan,Cox Town,Langford Town,,,Not Applicable,More than permitted people in there,Not Applicable,Not Applicable,521,Not Applicable,0,,
2024-07-03 22:00:00,CNR5303443427,Success,CID273753,eBike,Cox Town,Majestic,112.0,90.0,Not Applicable,Not Applicable,No,Not Applicable,208,UPI,41,3.7,3.6
2024-07-18 06:52:00,CNR5389956200,Success,CID621452,Prime SUV,Cox Town,MG Road,217.0,25.0,Not Applicable,Not Applicable,No,Not Applicable,844,UPI,42,3.7,4.5
2024-07-23 21:32:00,CNR4690149984,Success,CID232486,Prime Sedan,Peenya,RT Nagar,119.0,90.0,Not Applicable,Not Applicable,No,Not Applicable,192,Cash,9,3.4,4.1
2024-07-09 20:53:00,CNR8555387518,Canceled by Driver,CID827204,eBike,Indiranagar,Nagarbhavi,,,Not Applicable,Customer related issue,Not Applicable,Not Applicable,361,Not Applicable,0,,
2024-07-29 14:19:00,CNR5094419097,Success,CID160957,Prime SUV,Indiranagar,Peenya,119.0,30.0,Not Applicable,Not Applicable,No,Not Applicable,321,Cash,1,4.1,3.5
2024-07-18 00:53:00,CNR3151932563,Success,CID462603,Auto,Padmanabhanagar,KR Puram,224.0,60.0,Not Applicable,Not Applicable,No,Not Applicable,486,UPI,10,4.7,4.4
2024-07-21 20:19:00,CNR6858383171,Success,CID603188,Mini,KR Puram,Richmond Town,203.0,145.0,Not Applicable,Not Applicable,No,Not Applicable,729,UPI,38,3.7,4.7
2024-07-16 11:47:00,CNR6223748227,Canceled by Driver,CID876338,Mini,Jayanagar,Vijayanagar,,,Not Applicable,More than permitted people in there,Not Applicable,Not Applicable,2635,Not Applicable,0,,
2024-07-20 08:20:00,CNR9297325133,Success,CID961013,Prime Sedan,Tumkur Road,Koramangala,63.0,25.0,Not Applicable,Not Applicable,No,Not Applicable,852,UPI,38,4.1,4.1
2024-07-23 20:34:00,CNR7823680191,Success,CID724544,Bike,Mysore Road,Mysore Road,273.0,115.0,Not Applicable,Not Applicable,No,Not Applicable,511,Credit Card,17,4.8,4.5
2024-07-28 17:56:00,CNR7405099209,Canceled by Driver,CID234057,Prime SUV,Nagarbhavi,Frazer Town,,,Not Applicable,Customer related issue,Not Applicable,Not Applicable,488,Not Applicable,0,,
2024-07-04 11:02:00,CNR6493772802,Canceled by Driver,CID564408,Bike,Shantinagar,RT Nagar,,,Not Applicable,Personal & Car related issue,Not Applicable,Not Applicable,241,Not Applicable,0,,
2024-07-08 06:50:00,CNR7243428220,Driver Not Found,CID941564,Auto,Kammanahalli,Cox Town,,,Not Applicable,Not Applicable,Not Applicable,Not Applicable,594,Not Applicable,0,,
2024-07-27 06:13:00,CNR4143801550,Success,CID192027,Prime Sedan,Hosur Road,Peenya,273.0,25.0,Not Applicable,Not Applicable,No,Not Applicable,230,Cash,44,4.8,4.2
2024-07-14 22:34:00,CNR3504007728,Driver Not Found,CID259460,Mini,Marathahalli,Magadi Road,,,Not Applicable,Not Applicable,Not Applicable,Not Applicable,903,Not Applicable,0,,
2024-07-18 02:08:00,CNR7230856386,Success,CID301843,Bike,Ramamurthy Nagar,Chickpet,35.0,80.0,Not Applicable,Not Applicable,No,Not Applicable,786,Cash,17,3.2,4.2
2024-07-20 14:20:00,CNR4231007213,Success,CID982103,Auto,Majestic,Richmond Town,287.0,145.0,Not Applicable,Not Applicable,No,Not Applicable,314,Cash,8,4.6,4.7
2024-07-23 23:35:00,CNR9791539585,Success,CID144958,eBike,Hebbal,Varthur,175.0,140.0,Not Applicable,Not Applicable,No,Not Applicable,348,Cash,26,4.7,4.7
2024-07-22 04:38:00,CNR8993834299,Success,CID859612,Prime Plus,Kadugodi,RT Nagar,119.0,100.0,Not Applicable,Not Applicable,No,Not Applicable,336,Cash,11,4.9,3.3
2024-07-30 02:08:00,CNR5207790739,Canceled by Driver,CID775766,Prime Plus,Cox Town,Sarjapur Road,,,Not Applicable,Customer related issue,Not Applicable,Not Applicable,102,Not Applicable,0,,
2024-07-23 20:53:00,CNR8774901841,Success,CID575960,Auto,BTM Layout,Kammanahalli,35.0,115.0,Not Applicable,Not Applicable,No,Not Applicable,1159,Cash,12,4.1,5.0
2024-07-20 15:12:00,CNR3578380850,Success,CID825126,Mini,Varthur,Kadugodi,49.0,110.0,Not Applicable,Not Applicable,No,Not Applicable,193,UPI,38,3.6,3.0
2024-07-28 14:28:00,CNR6360454457,Success,CID579728,Auto,Rajajinagar,HSR Layout,217.0,55.0,Not Applicable,Not Applicable,No,Not Applicable,764,UPI,12,3.7,4.2
2024-07-02 00:35:00,CNR7033974779,Success,CID100084,eBike,Basavanagudi,Koramangala,56.0,100.0,Not Applicable,Not Applicable,No,Not Applicable,473,Cash,45,4.2,3.6
2024-07-05 00:35:00,CNR9990025603,Success,CID750427,Prime SUV,Basavanagudi,Koramangala,84.0,25.0,Not Applicable,Not Applicable,No,Not Applicable,491,UPI,15,4.9,3.4
2024-07-08 05:40:00,CNR3376591585,Success,CID268138,Auto,Cox Town,Hulimavu,301.0,55.0,Not Applicable,Not Applicable,No,Not Applicable,356,Cash,10,4.8,4.6
2024-07-05 14:28:00,CNR9863978631,Driver Not Found,CID234178,Prime SUV,Whitefield,Marathahalli,,,Not Applicable,Not Applicable,Not Applicable,Not Applicable,1845,Not Applicable,0,,
2024-07-17 21:03:00,CNR5245755231,Canceled by Driver,CID689088,Mini,Nagarbhavi,Koramangala,,,Not Applicable,Personal & Car related issue,Not Applicable,Not Applicable,448,Not Applicable,0,,
2024-07-12 21:57:00,CNR6579559751,Success,CID531372,Prime SUV,Chickpet,Chickpet,126.0,100.0,Not Applicable,Not Applicable,No,Not Applicable,1474,UPI,14,4.0,4.6
2024-07-22 01:59:00,CNR4151593274,Success,CID109428,eBike,Basavanagudi,Majestic,77.0,25.0,Not Applicable,Not Applicable,No,Not Applicable,283,Cash,1,3.5,5.0
2024-07-12 21:39:00,CNR6559736298,Success,CID779710,Prime Plus,Chamarajpet,Frazer Town,154.0,95.0,Not Applicable,Not Applicable,No,Not Applicable,394,Cash,41,4.7,3.2
2024-07-05 23:02:00,CNR1055068070,Success,CID335264,Prime Plus,Langford Town,Shivajinagar,182.0,110.0,Not Applicable,Not Applicable,No,Not Applicable,435,Cash,49,3.6,3.8
2024-07-18 02:36:00,CNR2349048435,Canceled by Customer,CID379915,Prime SUV,Whitefield,Sahakar Nagar,,,Driver is not moving towards pickup location,Not Applicable,Not Applicable,Not Applicable,353,Not Applicable,0,,
2024-07-15 10:54:00,CNR7703469285,Success,CID674339,Mini,Malleshwaram,RT Nagar,147.0,70.0,Not Applicable,Not Applicable,No,Not Applicable,450,UPI,6,4.5,3.9
2024-07-23 01:32:00,CNR7110716002,Driver Not Found,CID273033,Prime Sedan,JP Nagar,Banashankari,,,Not Applicable,Not Applicable,Not Applicable,Not Applicable,446,Not Applicable,0,,
2024-07-22 05:12:00,CNR6620056404,Success,CID118372,eBike,Nagarbhavi,Cox Town,154.0,40.0,Not Applicable,Not Applicable,No,Not Applicable,370,Cash,28,3.4,4.0
2024-07-06 12:25:00,CNR2037652423,Canceled by Driver,CID746072,Auto,Koramangala,Indiranagar,,,Not Applicable,Customer related issue,Not Applicable,Not Applicable,271,Not Applicable,0,,
2024-07-10 13:30:00,CNR6226252019,Success,CID638208,Prime SUV,Devanahalli,Chickpet,119.0,95.0,Not Applicable,Not Applicable,No,Not Applicable,283,UPI,45,4.1,3.3
2024-07-04 02:04:00,CNR5171725700,Success,CID782440,Prime SUV,Magadi Road,Kadugodi,294.0,40.0,Not Applicable,Not Applicable,Yes,Customer Demand,231,Credit Card,27,3.4,4.8
2024-07-17 21:27:00,CNR1523475421,Success,CID416990,Auto,Yeshwanthpur,Tumkur Road,238.0,65.0,Not Applicable,Not Applicable,No,Not Applicable,376,UPI,4,4.5,4.1
2024-07-08 03:30:00,CNR4482188366,Success,CID370937,Prime Plus,Sarjapur Road,Majestic,301.0,135.0,Not Applicable,Not Applicable,No,Not Applicable,381,Cash,42,4.5,3.7
2024-07-12 09:15:00,CNR4714551198,Success,CID702842,Mini,Sahakar Nagar,Mysore Road,105.0,90.0,Not Applicable,Not Applicable,No,Not Applicable,731,UPI,25,3.9,4.9
2024-07-22 10:32:00,CNR1979757768,Success,CID669171,Auto,Shivajinagar,Jayanagar,133.0,115.0,Not Applicable,Not Applicable,No,Not Applicable,893,Cash,6,3.1,3.5
2024-07-20 09:49:00,CNR4773977413,Success,CID191102,Prime Sedan,Ulsoor,Hulimavu,140.0,145.0,Not Applicable,Not Applicable,No,Not Applicable,883,Cash,42,4.7,3.0
2024-07-03 07:07:00,CNR7800939239,Canceled by Driver,CID296255,Prime Sedan,Nagarbhavi,Basavanagudi,,,Not Applicable,Personal & Car related issue,Not Applicable,Not Applicable,232,Not Applicable,0,,
2024-07-21 20:02:00,CNR2769248808,Driver Not Found,CID168170,Auto,Cox Town,Indiranagar,,,Not Applicable,Not Applicable,Not Applicable,Not Applicable,381,Not Applicable,0,,
2024-07-17 18:14:00,CNR8067747333,Success,CID560536,Prime Sedan,Sarjapur Road,Chickpet,77.0,35.0,Not Applicable,Not Applicable,No,Not Applicable,163,UPI,36,4.0,3.0
2024-07-26 18:13:00,CNR7064865897,Canceled by Driver,CID735621,Auto,Chamarajpet,Devanahalli,,,Not Applicable,Customer was coughing/sick,Not Applicable,Not Applicable,247,Not Applicable,0,,
2024-07-13 04:52:00,CNR8627886614,Success,CID152285,eBike,BTM Layout,MG Road,231.0,70.0,Not Applicable,Not Applicable,Yes,Vehicle Breakdown,482,Cash,29,4.1,4.4
2024-07-10 21:37:00,CNR7944023471,Success,CID184306,Auto,Chickpet,Bellandur,217.0,40.0,Not Applicable,Not Applicable,Yes,Other Issue,155,UPI,5,3.3,4.8
2024-07-29 20:15:00,CNR3872975708,Canceled by Customer,CID550689,eBike,Banashankari,Rajarajeshwari Nagar,,,Change of plans,Not Applicable,Not Applicable,Not Applicable,1059,Not Applicable,0,,
2024-07-12 11:34:00,CNR2818811630,Canceled by Customer,CID515751,eBike,Magadi Road,Whitefield,,,Wrong Address,Not Applicable,Not Applicable,Not Applicable,307,Not Applicable,0,,
2024-07-20 10:00:00,CNR7353207482,Success,CID725766,eBike,Chickpet,Basavanagudi,161.0,90.0,Not Applicable,Not Applicable,No,Not Applicable,193,Cash,41,3.3,3.1
2024-07-08 02:37:00,CNR2651333107,Success,CID677902,Prime Sedan,Banashankari,KR Puram,231.0,140.0,Not Applicable,Not Applicable,Yes,Customer Demand,934,Cash,3,4.6,3.7
2024-07-27 12:06:00,CNR2443867838,Success,CID901202,Auto,Hulimavu,Peenya,231.0,110.0,Not Applicable,Not Applicable,No,Not Applicable,196,UPI,10,4.0,4.0
2024-07-14 22:14:00,CNR2712177039,Canceled by Customer,CID652156,Prime SUV,Kadugodi,Shantinagar,,,Driver is not moving towards pickup location,Not Applicable,Not Applicable,Not Applicable,308,Not Applicable,0,,
2024-07-30 23:12:00,CNR6742119987,Success,CID745503,Bike,Devanahalli,Yeshwanthpur,189.0,40.0,Not Applicable,Not Applicable,No,Not Applicable,728,UPI,33,4.3,3.2
2024-07-18 16:06:00,CNR1498632048,Success,CID860935,Prime Plus,Mysore Road,Sahakar Nagar,42.0,70.0,Not Applicable,Not Applicable,Yes,Vehicle Breakdown,745,Cash,13,3.5,4.0
2024-07-23 14:48:00,CNR2002946438,Success,CID115536,Auto,Rajarajeshwari Nagar,Rajarajeshwari Nagar,119.0,105.0,Not Applicable,Not Applicable,No,Not Applicable,333,Cash,8,4.3,3.8
2024-07-08 09:35:00,CNR2419549662,Success,CID287573,Prime Plus,Basavanagudi,Peenya,105.0,130.0,Not Applicable,Not Applicable,No,Not Applicable,1373,UPI,42,4.9,3.9
2024-07-21 15:08:00,CNR3452468556,Success,CID181628,Prime Plus,Kammanahalli,Ulsoor,280.0,115.0,Not Applicable,Not Applicable,No,Not Applicable,123,Cash,2,4.7,4.5
2024-07-19 11:11:00,CNR1932216134,Driver Not Found,CID565597,eBike,Sahakar Nagar,Jayanagar,,,Not Applicable,Not Applicable,Not Applicable,Not Applicable,414,Not Applicable,0,,
2024-07-22 10:04:00,CNR6210069452,Driver Not Found,CID358814,Auto,Kammanahalli,Malleshwaram,,,Not Applicable,Not Applicable,Not Applicable,Not Applicable,141,Not Applicable,0,,
2024-07-30 16:45:00,CNR5924309632,Canceled by Driver,CID236012,Bike,Cox Town,Malleshwaram,,,Not Applicable,Personal & Car related issue,Not Applicable,Not Applicable,938,Not Applicable,0,,
2024-07-26 18:48:00,CNR2230166129,Canceled by Driver,CID388770,Prime Plus,Bannerghatta Road,Frazer Town,,,Not Applicable,More than permitted people in there,Not Applicable,Not Applicable,180,Not Applicable,0,,
2024-07-10 19:05:00,CNR3557820792,Success,CID613760,Bike,Peenya,JP Nagar,245.0,80.0,Not Applicable,Not Applicable,Yes,Vehicle Breakdown,2425,Cash,38,4.3,4.0
2024-07-24 23:16:00,CNR4133365867,Success,CID966193,Auto,Kadugodi,Magadi Road,217.0,80.0,Not Applicable,Not Applicable,No,Not Applicable,1644,Cash,14,3.7,3.5
2024-07-23 23:38:00,CNR8647795698,Success,CID815870,eBike,Shantinagar,Kammanahalli,189.0,85.0,Not Applicable,Not Applicable,Yes,Customer Demand,347,Cash,11,4.0,3.2
2024-07-20 11:22:00,CNR4755161757,Success,CID980608,Mini,Basavanagudi,Indiranagar,147.0,45.0,Not Applicable,Not Applicable,No,Not Applicable,876,UPI,21,3.6,3.5
2024-07-28 09:27:00,CNR2102561402,Success,CID812804,Bike,Indiranagar,Kadugodi,217.0,135.0,Not Applicable,Not Applicable,No,Not Applicable,367,Cash,34,5.0,4.5
2024-07-11 18:55:00,CNR1005063364,Success,CID597961,Prime Plus,Ulsoor,Malleshwaram,252.0,25.0,Not Applicable,Not Applicable,No,Not Applicable,141,UPI,25,3.7,4.5
2024-07-22 02:46:00,CNR5359671883,Canceled by Driver,CID628083,Prime Plus,Koramangala,Ulsoor,,,Not Applicable,Customer was coughing/sick,Not Applicable,Not Applicable,248,Not Applicable,0,,
2024-07-21 13:22:00,CNR8758866317,Canceled by Driver,CID778479,Mini,Rajarajeshwari Nagar,Marathahalli,,,Not Applicable,Customer was coughing/sick,Not Applicable,Not Applicable,190,Not Applicable,0,,
2024-07-01 22:01:00,CNR8796752286,Driver Not Found,CID537877,Auto,RT Nagar,Hosur Road,,,Not Applicable,Not Applicable,Not Applicable,Not Applicable,238,Not Applicable,0,,
2024-07-29 14:42:00,CNR1894618094,Success,CID194737,Mini,Magadi Road,Sahakar Nagar,105.0,55.0,Not Applicable,Not Applicable,No,Not Applicable,196,Cash,19,4.7,4.3
2024-07-26 16:59:00,CNR1640612246,Success,CID236131,Auto,Frazer Town,JP Nagar,203.0,145.0,Not Applicable,Not Applicable,No,Not Applicable,239,UPI,15,3.7,3.0
2024-07-14 00:05:00,CNR2506297887,Driver Not Found,CID461906,Auto,Bellandur,Rajajinagar,,,Not Applicable,Not Applicable,Not Applicable,Not Applicable,574,Not Applicable,0,,
2024-07-04 03:52:00,CNR2111954144,Canceled by Driver,CID533293,Prime Plus,Marathahalli,Bellandur,,,Not Applicable,Customer was coughing/sick,Not Applicable,Not Applicable,223,Not Applicable,0,,
2024-07-28 23:05:00,CNR8692603078,Success,CID851484,Mini,Banashankari,JP Nagar,154.0,90.0,Not Applicable,Not Applicable,No,Not Applicable,327,UPI,36,4.2,4.5
2024-07-19 17:43:00,CNR9758725653,Success,CID214707,eBike,Cox Town,JP Nagar,308.0,130.0,Not Applicable,Not Applicable,No,Not Applicable,413,Cash,31,3.4,4.4
2024-07-26 23:52:00,CNR2664190683,Success,CID558008,Prime Sedan,Koramangala,Basavanagudi,119.0,25.0,Not Applicable,Not Applicable,No,Not Applicable,444,Cash,9,4.0,4.6
2024-07-29 12:26:00,CNR1344769333,Success,CID284291,Auto,Richmond Town,Shivajinagar,203.0,145.0,Not Applicable,Not Applicable,No,Not Applicable,422,Cash,8,3.6,4.0
2024-07-18 23:18:00,CNR4823459324,Success,CID179624,Auto,Magadi Road,Shivajinagar,63.0,100.0,Not Applicable,Not Applicable,No,Not Applicable,353,UPI,9,4.4,3.4
2024-07-24 06:18:00,CNR4152419103,Success,CID235057,Prime Sedan,Sarjapur Road,Hennur,273.0,35.0,Not Applicable,Not Applicable,No,Not Applicable,494,Cash,32,5.0,3.0
2024-07-09 15:12:00,CNR5198407468,Success,CID135455,Auto,Padmanabhanagar,Devanahalli,210.0,130.0,Not Applicable,Not Applicable,Yes,Vehicle Breakdown,204,UPI,6,3.1,3.7
2024-07-05 21:24:00,CNR9512733739,Success,CID103571,Prime Sedan,Kammanahalli,Sahakar Nagar,301.0,85.0,Not Applicable,Not Applicable,No,Not Applicable,1939,Cash,29,3.4,3.8
2024-07-12 05:29:00,CNR3450763756,Success,CID370490,Mini,Tumkur Road,Yeshwanthpur,42.0,135.0,Not Applicable,Not Applicable,No,Not Applicable,938,UPI,11,4.2,3.9
2024-07-28 20:08:00,CNR6041409612,Driver Not Found,CID395578,Bike,Kengeri,Hennur,,,Not Applicable,Not Applicable,Not Applicable,Not Applicable,489,Not Applicable,0,,
2024-07-15 18:17:00,CNR4597297948,Canceled by Driver,CID451232,Mini,Indiranagar,BTM Layout,,,Not Applicable,Personal & Car related issue,Not Applicable,Not Applicable,125,Not Applicable,0,,
2024-07-07 07:15:00,CNR6383280804,Success,CID213513,eBike,Shantinagar,Bellandur,84.0,130.0,Not Applicable,Not Applicable,Yes,Vehicle Breakdown,148,Credit Card,5,4.9,4.7
2024-07-17 13:34:00,CNR9924973355,Canceled by Customer,CID672642,Prime Plus,Hulimavu,Hennur,,,Driver asked to cancel,Not Applicable,Not Applicable,Not Applicable,149,Not Applicable,0,,
2024-07-30 08:36:00,CNR9339426042,Driver Not Found,CID841805,Auto,Nagarbhavi,Yelahanka,,,Not Applicable,Not Applicable,Not Applicable,Not Applicable,926,Not Applicable,0,,
2024-07-10 14:38:00,CNR4533373001,Canceled by Driver,CID925365,Prime SUV,Rajarajeshwari Nagar,Padmanabhanagar,,,Not Applicable,Customer was coughing/sick,Not Applicable,Not Applicable,264,Not Applicable,0,,
2024-07-08 16:06:00,CNR3163914914,Success,CID509841,eBike,Devanahalli,Kammanahalli,182.0,135.0,Not Applicable,Not Applicable,No,Not Applicable,258,UPI,22,4.7,4.7
2024-07-07 18:03:00,CNR2324139042,Driver Not Found,CID144403,Auto,Jayanagar,Hebbal,,,Not Applicable,Not Applicable,Not Applicable,Not Applicable,2703,Not Applicable,0,,
2024-07-22 03:33:00,CNR8402803171,Canceled by Driver,CID104615,Prime Sedan,MG Road,Varthur,,,Not Applicable,Personal & Car related issue,Not Applicable,Not Applicable,315,Not Applicable,0,,
2024-07-13 18:49:00,CNR9865786140,Success,CID421256,Bike,Chickpet,Hosur Road,147.0,135.0,Not Applicable,Not Applicable,No,Not Applicable,851,Cash,41,4.2,4.4
2024-07-14 17:20:00,CNR5869260884,Canceled by Customer,CID399195,Prime SUV,Indiranagar,Shivajinagar,,,Wrong Address,Not Applicable,Not Applicable,Not Applicable,230,Not Applicable,0,,
2024-07-29 00:01:00,CNR3930223171,Success,CID582747,Prime Sedan,Shivajinagar,Majestic,154.0,100.0,Not Applicable,Not Applicable,No,Not Applicable,322,Cash,15,3.2,4.2
2024-07-12 14:48:00,CNR5633185052,Success,CID818105,Mini,Frazer Town,Kammanahalli,259.0,145.0,Not Applicable,Not Applicable,No,Not Applicable,1318,Cash,31,3.5,3.6
2024-07-01 11:52:00,CNR8406186807,Success,CID134930,Auto,Magadi Road,Bellandur,63.0,110.0,Not Applicable,Not Applicable,No,Not Applicable,1112,Cash,19,3.3,4.6
2024-07-21 12:31:00,CNR6977209322,Success,CID348197,Prime Plus,Ramamurthy Nagar,Nagarbhavi,77.0,130.0,Not Applicable,Not Applicable,No,Not Applicable,367,UPI,25,4.6,4.9
2024-07-09 05:50:00,CNR3631267108,Success,CID124462,eBike,JP Nagar,Sahakar Nagar,182.0,55.0,Not Applicable,Not Applicable,No,Not Applicable,240,Cash,15,4.9,3.6
2024-07-03 08:10:00,CNR3796068504,Driver Not Found,CID882826,Prime Plus,Vijayanagar,Electronic City,,,Not Applicable,Not Applicable,Not Applicable,Not Applicable,354,Not Applicable,0,,
2024-07-20 15:10:00,CNR6293422925,Canceled by Driver,CID247952,Auto,Mysore Road,Sahakar Nagar,,,Not Applicable,Personal & Car related issue,Not Applicable,Not Applicable,298,Not Applicable,0,,
2024-07-11 07:22:00,CNR7166267811,Canceled by Driver,CID461954,Mini,Electronic City,Shivajinagar,,,Not Applicable,Customer related issue,Not Applicable,Not Applicable,139,Not Applicable,0,,
2024-07-03 01:41:00,CNR6213391282,Success,CID355864,Mini,Frazer Town,Hosur Road,77.0,125.0,Not Applicable,Not Applicable,No,Not Applicable,353,UPI,18,4.9,3.7
2024-07-04 05:12:00,CNR1376560544,Success,CID181575,Mini,Marathahalli,Kammanahalli,238.0,115.0,Not Applicable,Not Applicable,No,Not Applicable,359,UPI,37,4.0,4.0
2024-07-23 05:07:00,CNR8147361434,Success,CID684806,Bike,Rajarajeshwari Nagar,Hennur,49.0,85.0,Not Applicable,Not Applicable,No,Not Applicable,574,Cash,27,3.2,3.1
2024-07-26 01:43:00,CNR5903281781,Driver Not Found,CID489098,Mini,KR Puram,Majestic,,,Not Applicable,Not Applicable,Not Applicable,Not Applicable,294,Not Applicable,0,,
2024-07-07 04:43:00,CNR1839826364,Canceled by Driver,CID906256,eBike,Bellandur,Ramamurthy Nagar,,,Not Applicable,Customer was coughing/sick,Not Applicable,Not Applicable,737,Not Applicable,0,,
2024-07-17 13:06:00,CNR1756806946,Success,CID389552,Prime SUV,Chamarajpet,KR Puram,196.0,145.0,Not Applicable,Not Applicable,No,Not Applicable,109,UPI,19,3.8,3.4
2024-07-22 17:01:00,CNR2807152462,Success,CID282777,Mini,Sahakar Nagar,Tumkur Road,224.0,95.0,Not Applicable,Not Applicable,Yes,Other Issue,326,Cash,2,4.2,3.9
2024-07-09 11:54:00,CNR4205252600,Canceled by Driver,CID677397,Prime Sedan,Kengeri,Devanahalli,,,Not Applicable,More than permitted people in there,Not Applicable,Not Applicable,133,Not Applicable,0,,
2024-07-26 18:03:00,CNR1601652338,Success,CID644698,Prime Plus,Ramamurthy Nagar,Indiranagar,84.0,95.0,Not Applicable,Not Applicable,No,Not Applicable,191,UPI,46,4.6,3.4
2024-07-28 01:49:00,CNR5617571462,Success,CID912065,Prime Plus,Magadi Road,Chamarajpet,91.0,110.0,Not Applicable,Not Applicable,Yes,Vehicle Breakdown,347,UPI,27,4.0,3.3
2024-07-16 16:40:00,CNR9109724090,Canceled by Driver,CID603959,Mini,Langford Town,Koramangala,,,Not Applicable,Personal & Car related issue,Not Applicable,Not Applicable,2492,Not Applicable,0,,
2024-07-16 02:35:00,CNR7276849477,Success,CID481414,Bike,Yeshwanthpur,Electronic City,203.0,140.0,Not Applicable,Not Applicable,No,Not Applicable,969,UPI,37,3.9,3.4
2024-07-25 11:03:00,CNR3817227066,Success,CID552761,Mini,Hulimavu,Electronic City,266.0,65.0,Not Applicable,Not Applicable,No,Not Applicable,218,Cash,49,4.2,4.7
2024-07-25 08:43:00,CNR2245048633,Driver Not Found,CID224362,Mini,Vijayanagar,Bannerghatta Road,,,Not Applicable,Not Applicable,Not Applicable,Not Applicable,204,Not Applicable,0,,
2024-07-23 12:47:00,CNR1045500968,Success,CID408030,Mini,KR Puram,Tumkur Road,280.0,30.0,Not Applicable,Not Applicable,No,Not Applicable,653,Cash,9,4.3,3.2
2024-07-15 15:39:00,CNR5217504140,Success,CID656928,Prime Plus,Indiranagar,Rajarajeshwari Nagar,119.0,90.0,Not Applicable,Not Applicable,No,Not Applicable,2678,Cash,3,4.5,3.1
2024-07-15 00:19:00,CNR5531039118,Canceled by Customer,CID317180,Prime Plus,Vijayanagar,Vijayanagar,,,Driver is not moving towards pickup location,Not Applicable,Not Applicable,Not Applicable,327,Not Applicable,0,,
2024-07-09 05:23:00,CNR9532366836,Success,CID184276,Prime Plus,Kammanahalli,Peenya,126.0,130.0,Not Applicable,Not Applicable,Yes,Vehicle Breakdown,1621,Cash,14,4.6,3.8
2024-07-22 19:58:00,CNR1123367897,Success,CID406552,Prime Plus,Electronic City,Jayanagar,182.0,135.0,Not Applicable,Not Applicable,Yes,Other Issue,322,Cash,38,4.8,3.4
2024-07-09 03:39:00,CNR8338439260,Success,CID359341,Prime Plus,Majestic,Banashankari,238.0,55.0,Not Applicable,Not Applicable,No,Not Applicable,458,Cash,19,3.3,3.3
2024-07-10 08:08:00,CNR8072904538,Success,CID964253,Mini,Hebbal,BTM Layout,56.0,60.0,Not Applicable,Not Applicable,No,Not Applicable,413,Cash,1,4.7,4.0
2024-07-01 16:02:00,CNR7431801773,Driver Not Found,CID215335,eBike,Electronic City,Langford Town,,,Not Applicable,Not Applicable,Not Applicable,Not Applicable,288,Not Applicable,0,,
2024-07-09 09:25:00,CNR3956474727,Canceled by Driver,CID422712,Mini,Frazer Town,Hebbal,,,Not Applicable,Personal & Car related issue,Not Applicable,Not Applicable,312,Not Applicable,0,,
2024-07-07 01:10:00,CNR1608325444,Success,CID929625,Prime Plus,Varthur,Sarjapur Road,161.0,130.0,Not Applicable,Not Applicable,No,Not Applicable,312,UPI,29,3.4,4.3
2024-07-07 12:25:00,CNR4319005255,Canceled by Customer,CID297137,Prime Plus,Jayanagar,Kengeri,,,Driver asked to cancel,Not Applicable,Not Applicable,Not Applicable,553,Not Applicable,0,,
2024-07-24 02:18:00,CNR5699613626,Driver Not Found,CID489144,Bike,Frazer Town,Rajarajeshwari Nagar,,,Not Applicable,Not Applicable,Not Applicable,Not Applicable,266,Not Applicable,0,,
2024-07-24 00:15:00,CNR2981895666,Canceled by Driver,CID522650,Prime SUV,KR Puram,Basavanagudi,,,Not Applicable,Customer related issue,Not Applicable,Not Applicable,380,Not Applicable,0,,
2024-07-02 09:19:00,CNR7211525983,Canceled by Driver,CID342289,eBike,Yeshwanthpur,Rajajinagar,,,Not Applicable,Personal & Car related issue,Not Applicable,Not Applicable,385,Not Applicable,0,,
2024-07-23 13:29:00,CNR2712165833,Canceled by Driver,CID186406,eBike,Yelahanka,Indiranagar,,,Not Applicable,Customer related issue,Not Applicable,Not Applicable,330,Not Applicable,0,,
2024-07-30 20:45:00,CNR7773597313,Success,CID592643,eBike,Sarjapur Road,Rajajinagar,196.0,90.0,Not Applicable,Not Applicable,No,Not Applicable,240,UPI,32,3.4,4.0
2024-07-25 07:59:00,CNR4500588214,Success,CID773252,eBike,Kammanahalli,Langford Town,280.0,110.0,Not Applicable,Not Applicable,No,Not Applicable,343,Cash,32,4.5,4.1
2024-07-05 03:48:00,CNR5200819138,Driver Not Found,CID843433,Auto,Indiranagar,RT Nagar,,,Not Applicable,Not Applicable,Not Applicable,Not Applicable,171,Not Applicable,0,,
2024-07-29 09:32:00,CNR7792437684,Driver Not Found,CID840722,eBike,Langford Town,Whitefield,,,Not Applicable,Not Applicable,Not Applicable,Not Applicable,375,Not Applicable,0,,
2024-07-20 04:33:00,CNR8962682096,Success,CID277988,Bike,Hulimavu,Shivajinagar,210.0,60.0,Not Applicable,Not Applicable,No,Not Applicable,182,Cash,19,3.3,4.9
2024-07-02 02:43:00,CNR8852233611,Success,CID413685,Bike,MG Road,KR Puram,196.0,35.0,Not Applicable,Not Applicable,No,Not Applicable,139,Cash,28,3.3,3.0
2024-07-24 00:24:00,CNR6231556016,Success,CID281118,eBike,Rajarajeshwari Nagar,Rajajinagar,35.0,145.0,Not Applicable,Not Applicable,No,Not Applicable,149,UPI,25,3.8,5.0
2024-07-14 14:37:00,CNR2056773778,Success,CID724006,eBike,Indiranagar,KR Puram,294.0,105.0,Not Applicable,Not Applicable,No,Not Applicable,159,Cash,11,4.5,4.9
2024-07-11 14:22:00,CNR2606246435,Success,CID759623,Mini,Hebbal,Langford Town,189.0,125.0,Not Applicable,Not Applicable,No,Not Applicable,396,Cash,20,4.1,4.9
2024-07-17 20:56:00,CNR6533500692,Success,CID100118,Auto,Hulimavu,Peenya,98.0,115.0,Not Applicable,Not Applicable,No,Not Applicable,230,Cash,7,4.3,3.8
2024-07-13 23:50:00,CNR1132666600,Success,CID658232,Auto,RT Nagar,Langford Town,98.0,145.0,Not Applicable,Not Applicable,No,Not Applicable,984,Cash,1,3.0,4.0
2024-07-20 16:16:00,CNR1138838684,Success,CID787902,eBike,Kadugodi,Majestic,91.0,70.0,Not Applicable,Not Applicable,No,Not Applicable,746,UPI,26,4.8,3.1
2024-07-27 04:27:00,CNR9298840631,Driver Not Found,CID191486,Prime SUV,Padmanabhanagar,Ulsoor,,,Not Applicable,Not Applicable,Not Applicable,Not Applicable,315,Not Applicable,0,,
2024-07-15 03:48:00,CNR2569570948,Success,CID176920,Prime SUV,Malleshwaram,Yeshwanthpur,203.0,140.0,Not Applicable,Not Applicable,No,Not Applicable,1058,Cash,35,3.9,5.0
2024-07-16 23:45:00,CNR7385175309,Success,CID900588,Auto,Frazer Town,Whitefield,161.0,85.0,Not Applicable,Not Applicable,No,Not Applicable,731,UPI,1,3.8,3.2
2024-07-30 07:54:00,CNR3184531159,Canceled by Driver,CID213103,Prime SUV,Chickpet,Richmond Town,,,Not Applicable,More than permitted people in there,Not Applicable,Not Applicable,2610,Not Applicable,0,,
2024-07-18 23:51:00,CNR8791965332,Success,CID728349,Prime Plus,MG Road,Majestic,49.0,95.0,Not Applicable,Not Applicable,Yes,Customer Demand,863,UPI,38,3.5,3.6
2024-07-19 19:02:00,CNR6037166029,Canceled by Driver,CID618993,Auto,Sarjapur Road,KR Puram,,,Not Applicable,Customer related issue,Not Applicable,Not Applicable,490,Not Applicable,0,,
2024-07-25 11:45:00,CNR3336365596,Driver Not Found,CID692770,Bike,Padmanabhanagar,Chamarajpet,,,Not Applicable,Not Applicable,Not Applicable,Not Applicable,103,Not Applicable,0,,
2024-07-14 20:59:00,CNR2787448115,Canceled by Customer,CID524691,Mini,Jayanagar,Kadugodi,,,Driver is not moving towards pickup location,Not Applicable,Not Applicable,Not Applicable,408,Not Applicable,0,,
2024-07-02 13:14:00,CNR8804564022,Success,CID570492,Prime Sedan,Ulsoor,MG Road,182.0,120.0,Not Applicable,Not Applicable,No,Not Applicable,561,Cash,1,3.3,4.7
2024-07-20 07:01:00,CNR7290721162,Success,CID120562,Auto,Banashankari,Whitefield,217.0,100.0,Not Applicable,Not Applicable,Yes,Customer Demand,139,UPI,14,4.6,3.4
2024-07-10 16:23:00,CNR1085914284,Success,CID654147,Bike,Kadugodi,Yeshwanthpur,161.0,70.0,Not Applicable,Not Applicable,No,Not Applicable,2494,Cash,45,3.3,4.3
2024-07-06 16:54:00,CNR6038824335,Success,CID322195,eBike,BTM Layout,Mysore Road,49.0,30.0,Not Applicable,Not Applicable,No,Not Applicable,1124,Cash,30,4.5,4.6
2024-07-26 16:31:00,CNR6005766214,Success,CID858576,Prime Sedan,Hulimavu,HSR Layout,245.0,125.0,Not Applicable,Not Applicable,No,Not Applicable,374,Credit Card,23,3.7,4.6
2024-07-07 04:46:00,CNR6506895457,Success,CID518253,Bike,Ulsoor,Sarjapur Road,203.0,85.0,Not Applicable,Not Applicable,No,Not Applicable,242,Cash,48,4.7,4.1
2024-07-15 02:12:00,CNR8441619660,Success,CID243198,Bike,Magadi Road,Chamarajpet,175.0,60.0,Not Applicable,Not Applicable,No,Not Applicable,485,Cash,45,4.9,4.9
2024-07-13 05:56:00,CNR9112211499,Canceled by Driver,CID489617,Auto,Magadi Road,Nagarbhavi,,,Not Applicable,Customer was coughing/sick,Not Applicable,Not Applicable,262,Not Applicable,0,,
2024-07-07 19:28:00,CNR9832715585,Canceled by Customer,CID406088,Bike,Vijayanagar,Sahakar Nagar,,,Change of plans,Not Applicable,Not Applicable,Not Applicable,362,Not Applicable,0,,
2024-07-12 08:44:00,CNR7771859752,Success,CID127676,Bike,Rajarajeshwari Nagar,Sarjapur Road,161.0,135.0,Not Applicable,Not Applicable,No,Not Applicable,109,Cash,29,5.0,4.0
2024-07-26 04:18:00,CNR7568222009,Success,CID918571,eBike,Kammanahalli,JP Nagar,77.0,70.0,Not Applicable,Not Applicable,No,Not Applicable,352,Cash,10,4.3,4.0
2024-07-01 03:20:00,CNR4190562775,Driver Not Found,CID650745,Bike,Hosur Road,Richmond Town,,,Not Applicable,Not Applicable,Not Applicable,Not Applicable,666,Not Applicable,0,,
2024-07-15 03:48:00,CNR6069512101,Success,CID431998,Prime Plus,Hosur Road,Padmanabhanagar,210.0,90.0,Not Applicable,Not Applicable,No,Not Applicable,218,Cash,31,4.2,3.5
2024-07-30 02:08:00,CNR1991005504,Canceled by Driver,CID496343,Prime SUV,Tumkur Road,Bannerghatta Road,,,Not Applicable,Personal & Car related issue,Not Applicable,Not Applicable,924,Not Applicable,0,,
2024-07-24 13:42:00,CNR2580773349,Canceled by Customer,CID943632,Prime Sedan,Peenya,Shantinagar,,,Driver is not moving towards pickup location,Not Applicable,Not Applicable,Not Applicable,755,Not Applicable,0,,
2024-07-05 11:07:00,CNR1580211219,Success,CID578121,Auto,Ulsoor,Hebbal,189.0,120.0,Not Applicable,Not Applicable,No,Not Applicable,414,Cash,4,3.7,4.0
2024-07-09 16:37:00,CNR2804226351,Driver Not Found,CID535813,Bike,Jayanagar,HSR Layout,,,Not Applicable,Not Applicable,Not Applicable,Not Applicable,337,Not Applicable,0,,
2024-07-18 22:23:00,CNR4076327213,Success,CID331406,Prime Sedan,Ulsoor,Devanahalli,105.0,25.0,Not Applicable,Not Applicable,No,Not Applicable,693,UPI,26,4.4,4.7
2024-07-23 10:06:00,CNR8720667007,Canceled by Driver,CID318760,Prime SUV,Shantinagar,Banashankari,,,Not Applicable,Personal & Car related issue,Not Applicable,Not Applicable,240,Not Applicable,0,,
2024-07-03 05:58:00,CNR6996262324,Success,CID509344,Prime SUV,Hebbal,Kammanahalli,210.0,55.0,Not Applicable,Not Applicable,No,Not Applicable,299,Cash,7,3.9,3.7
2024-07-08 07:41:00,CNR1549994934,Canceled by Driver,CID603680,Auto,Richmond Town,Jayanagar,,,Not Applicable,Personal & Car related issue,Not Applicable,Not Applicable,1178,Not Applicable,0,,
2024-07-14 23:49:00,CNR6624934718,Canceled by Customer,CID986419,Auto,KR Puram,RT Nagar,,,Driver is not moving towards pickup location,Not Applicable,Not Applicable,Not Applicable,499,Not Applicable,0,,
2024-07-28 12:33:00,CNR7976080331,Canceled by Driver,CID482648,eBike,Hulimavu,Rajarajeshwari Nagar,,,Not Applicable,Customer related issue,Not Applicable,Not Applicable,145,Not Applicable,0,,
2024-07-05 17:25:00,CNR4108085890,Success,CID609489,eBike,MG Road,Bellandur,266.0,120.0,Not Applicable,Not Applicable,No,Not Applicable,1852,UPI,3,4.2,4.1
2024-07-25 19:36:00,CNR2005462026,Success,CID719339,eBike,JP Nagar,Hebbal,217.0,120.0,Not Applicable,Not Applicable,Yes,Vehicle Breakdown,182,UPI,19,3.8,3.9
2024-07-07 23:00:00,CNR7978505745,Success,CID822881,Auto,KR Puram,Chickpet,308.0,145.0,Not Applicable,Not Applicable,No,Not Applicable,1840,Cash,8,3.1,3.8
2024-07-03 10:00:00,CNR2700079488,Success,CID585532,eBike,MG Road,Padmanabhanagar,231.0,125.0,Not Applicable,Not Applicable,No,Not Applicable,133,UPI,31,4.7,4.0
2024-07-05 09:27:00,CNR2239842537,Success,CID876446,Auto,Vijayanagar,Koramangala,63.0,105.0,Not Applicable,Not Applicable,No,Not Applicable,483,UPI,16,3.8,3.6
2024-07-04 22:04:00,CNR3635160788,Success,CID270058,Bike,Ramamurthy Nagar,Langford Town,217.0,60.0,Not Applicable,Not Applicable,No,Not Applicable,849,UPI,8,3.6,3.6
2024-07-30 08:17:00,CNR6366364807,Canceled by Driver,CID801508,eBike,Frazer Town,BTM Layout,,,Not Applicable,Customer was coughing/sick,Not Applicable,Not Applicable,107,Not Applicable,0,,
2024-07-14 00:54:00,CNR2230314000,Driver Not Found,CID740227,Prime Sedan,MG Road,Langford Town,,,Not Applicable,Not Applicable,Not Applicable,Not Applicable,454,Not Applicable,0,,
2024-07-18 01:12:00,CNR4466357755,Canceled by Driver,CID918983,Bike,Chickpet,JP Nagar,,,Not Applicable,Customer related issue,Not Applicable,Not Applicable,479,Not Applicable,0,,
2024-07-29 07:58:00,CNR7165433304,Success,CID347844,Bike,Shivajinagar,Electronic City,259.0,50.0,Not Applicable,Not Applicable,No,Not Applicable,2804,Cash,36,5.0,3.3
2024-07-21 16:23:00,CNR8848096198,Canceled by Driver,CID424466,Prime SUV,Langford Town,Ulsoor,,,Not Applicable,Customer was coughing/sick,Not Applicable,Not Applicable,286,Not Applicable,0,,
2024-07-04 06:06:00,CNR2003900492,Success,CID207059,Bike,Sahakar Nagar,BTM Layout,63.0,130.0,Not Applicable,Not Applicable,No,Not Applicable,320,UPI,4,3.6,4.2
2024-07-21 23:19:00,CNR2483367657,Success,CID470405,Prime SUV,Rajajinagar,Hebbal,35.0,120.0,Not Applicable,Not Applicable,No,Not Applicable,306,Credit Card,29,3.5,3.2
2024-07-18 08:44:00,CNR1809015789,Success,CID196882,Bike,Sarjapur Road,Hosur Road,259.0,120.0,Not Applicable,Not Applicable,No,Not Applicable,116,UPI,17,4.6,4.3
2024-07-21 04:33:00,CNR4164232940,Success,CID764708,eBike,Koramangala,Whitefield,252.0,110.0,Not Applicable,Not Applicable,No,Not Applicable,426,Cash,27,4.6,3.3
2024-07-11 16:01:00,CNR1818437438,Driver Not Found,CID765432,Mini,Vijayanagar,Cox Town,,,Not Applicable,Not Applicable,Not Applicable,Not Applicable,227,Not Applicable,0,,
2024-07-20 23:58:00,CNR2343173216,Success,CID939431,Prime Sedan,Ramamurthy Nagar,Langford Town,294.0,40.0,Not Applicable,Not Applicable,No,Not Applicable,135,Cash,47,3.7,3.2
2024-07-13 11:43:00,CNR4562280521,Canceled by Customer,CID846593,Bike,Bannerghatta Road,HSR Layout,,,Change of plans,Not Applicable,Not Applicable,Not Applicable,231,Not Applicable,0,,
2024-07-21 06:40:00,CNR7407901774,Success,CID841364,Prime SUV,Basavanagudi,Jayanagar,266.0,130.0,Not Applicable,Not Applicable,No,Not Applicable,388,Cash,10,3.9,4.6
2024-07-17 03:50:00,CNR3898658408,Success,CID339475,Auto,Majestic,Magadi Road,147.0,85.0,Not Applicable,Not Applicable,No,Not Applicable,301,Cash,19,4.1,3.6
2024-07-07 10:51:00,CNR2302154646,Success,CID859522,Prime SUV,Kengeri,Bellandur,294.0,75.0,Not Applicable,Not Applicable,No,Not Applicable,754,UPI,19,5.0,3.9
2024-07-18 23:21:00,CNR8014034592,Success,CID324052,Auto,Hulimavu,JP Nagar,56.0,115.0,Not Applicable,Not Applicable,Yes,Customer Demand,432,Cash,10,4.0,3.2
2024-07-26 08:34:00,CNR3022204917,Success,CID832933,Prime Sedan,Varthur,Sarjapur Road,42.0,60.0,Not Applicable,Not Applicable,No,Not Applicable,184,Cash,17,3.1,3.5
2024-07-19 20:58:00,CNR3651912293,Success,CID406151,Auto,JP Nagar,Chickpet,35.0,85.0,Not Applicable,Not Applicable,No,Not Applicable,337,UPI,4,4.7,3.2
2024-07-14 05:32:00,CNR8406041924,Canceled by Customer,CID713361,Prime Plus,Basavanagudi,Vijayanagar,,,Change of plans,Not Applicable,Not Applicable,Not Applicable,137,Not Applicable,0,,
2024-07-13 17:51:00,CNR3923866901,Canceled by Driver,CID199977,eBike,BTM Layout,Nagarbhavi,,,Not Applicable,Personal & Car related issue,Not Applicable,Not Applicable,917,Not Applicable,0,,
2024-07-18 18:43:00,CNR8610294571,Success,CID375053,Prime Sedan,Jayanagar,RT Nagar,287.0,50.0,Not Applicable,Not Applicable,No,Not Applicable,474,UPI,31,3.2,3.1
2024-07-04 10:48:00,CNR5890987432,Success,CID567076,Bike,Chickpet,Kadugodi,112.0,60.0,Not Applicable,Not Applicable,No,Not Applicable,445,UPI,22,4.2,4.5
2024-07-09 03:58:00,CNR1278387471,Success,CID510417,Prime Plus,Richmond Town,Sarjapur Road,294.0,40.0,Not Applicable,Not Applicable,No,Not Applicable,250,UPI,31,4.0,4.6
2024-07-11 12:16:00,CNR7282979722,Canceled by Driver,CID418241,Mini,Richmond Town,Rajajinagar,,,Not Applicable,Customer related issue,Not Applicable,Not Applicable,227,Not Applicable,0,,
2024-07-02 07:09:00,CNR3030228511,Success,CID294392,eBike,Shivajinagar,Majestic,252.0,65.0,Not Applicable,Not Applicable,No,Not Applicable,294,UPI,46,4.1,4.2
2024-07-02 13:50:00,CNR2678654254,Success,CID235101,Auto,Hosur Road,KR Puram,238.0,25.0,Not Applicable,Not Applicable,No,Not Applicable,417,Cash,11,4.3,3.7
2024-07-08 03:21:00,CNR3396173403,Success,CID381780,Auto,Frazer Town,Kammanahalli,175.0,135.0,Not Applicable,Not Applicable,No,Not Applicable,559,Cash,3,4.9,4.0
2024-07-25 09:08:00,CNR1454592883,Success,CID799676,Prime Plus,Rajarajeshwari Nagar,Tumkur Road,84.0,125.0,Not Applicable,Not Applicable,No,Not Applicable,230,Cash,33,4.0,4.1
2024-07-01 13:11:00,CNR8314395969,Canceled by Customer,CID743177,Prime SUV,Majestic,Mysore Road,,,Driver asked to cancel,Not Applicable,Not Applicable,Not Applicable,249,Not Applicable,0,,
2024-07-15 04:06:00,CNR5199364035,Success,CID610970,Prime Sedan,Chamarajpet,Richmond Town,56.0,115.0,Not Applicable,Not Applicable,No,Not Applicable,158,Cash,25,4.4,4.3
2024-07-27 04:10:00,CNR4351887034,Driver Not Found,CID539048,Prime SUV,Yelahanka,Vijayanagar,,,Not Applicable,Not Applicable,Not Applicable,Not Applicable,440,Not Applicable,0,,
2024-07-17 21:03:00,CNR1026920118,Success,CID611092,Bike,Electronic City,Kammanahalli,238.0,40.0,Not Applicable,Not Applicable,No,Not Applicable,182,Cash,31,3.9,4.2
2024-07-07 23:18:00,CNR1230106912,Driver Not Found,CID593920,Prime Plus,Malleshwaram,Hebbal,,,Not Applicable,Not Applicable,Not Applicable,Not Applicable,446,Not Applicable,0,,
2024-07-08 12:09:00,CNR2785777185,Success,CID410421,Prime SUV,Rajajinagar,Chamarajpet,140.0,55.0,Not Applicable,Not Applicable,No,Not Applicable,835,Cash,29,4.5,3.8
2024-07-24 08:32:00,CNR2054386650,Canceled by Driver,CID963290,Auto,Hosur Road,Vijayanagar,,,Not Applicable,Customer related issue,Not Applicable,Not Applicable,184,Not Applicable,0,,
2024-07-13 10:56:00,CNR2795124982,Success,CID779685,Prime Sedan,Bellandur,Varthur,308.0,55.0,Not Applicable,Not Applicable,No,Not Applicable,235,Cash,19,4.3,3.1
2024-07-07 05:16:00,CNR6055685135,Success,CID637335,Bike,Shantinagar,Hebbal,42.0,115.0,Not Applicable,Not Applicable,No,Not Applicable,295,UPI,4,3.2,4.9
2024-07-05 06:55:00,CNR4550443311,Driver Not Found,CID607341,Auto,Ramamurthy Nagar,Whitefield,,,Not Applicable,Not Applicable,Not Applicable,Not Applicable,230,Not Applicable,0,,
2024-07-04 05:28:00,CNR4771444641,Success,CID456377,Prime Plus,Cox Town,Hulimavu,49.0,65.0,Not Applicable,Not Applicable,No,Not Applicable,424,Cash,10,3.7,4.0
2024-07-02 17:15:00,CNR3061874758,Canceled by Customer,CID641644,Prime Plus,BTM Layout,Chickpet,,,Driver is not moving towards pickup location,Not Applicable,Not Applicable,Not Applicable,648,Not Applicable,0,,
2024-07-09 12:52:00,CNR8171077809,Success,CID589483,Mini,Sarjapur Road,Sahakar Nagar,154.0,95.0,Not Applicable,Not Applicable,No,Not Applicable,712,UPI,25,3.5,4.6
2024-07-03 08:42:00,CNR5856935731,Success,CID711255,eBike,Hulimavu,Kengeri,140.0,40.0,Not Applicable,Not Applicable,No,Not Applicable,525,UPI,15,3.6,3.8
2024-07-13 09:13:00,CNR5377467292,Success,CID574286,Bike,Padmanabhanagar,Bellandur,140.0,60.0,Not Applicable,Not Applicable,No,Not Applicable,1543,Cash,47,4.0,3.3
2024-07-18 02:14:00,CNR6949993910,Canceled by Customer,CID627692,Prime Plus,Kammanahalli,Jayanagar,,,Driver is not moving towards pickup location,Not Applicable,Not Applicable,Not Applicable,1634,Not Applicable,0,,
2024-07-22 16:34:00,CNR9198053645,Success,CID312849,Prime SUV,Chickpet,Shivajinagar,98.0,50.0,Not Applicable,Not Applicable,No,Not Applicable,1402,Cash,31,4.3,3.6
2024-07-11 03:03:00,CNR3717988380,Success,CID417725,Mini,Hulimavu,Electronic City,112.0,65.0,Not Applicable,Not Applicable,No,Not Applicable,2158,UPI,40,4.2,3.9
2024-07-10 19:31:00,CNR6384504329,Driver Not Found,CID957392,Bike,Mysore Road,Ulsoor,,,Not Applicable,Not Applicable,Not Applicable,Not Applicable,373,Not Applicable,0,,
2024-07-04 12:38:00,CNR2839027693,Success,CID789747,Prime SUV,Sarjapur Road,Rajajinagar,196.0,25.0,Not Applicable,Not Applicable,No,Not Applicable,403,Cash,8,4.2,3.9
2024-07-24 20:24:00,CNR3269074004,Success,CID891780,Prime Plus,Richmond Town,Frazer Town,119.0,25.0,Not Applicable,Not Applicable,No,Not Applicable,364,Cash,12,4.0,3.2
2024-07-30 16:56:00,CNR4127230702,Canceled by Driver,CID794528,Bike,Chickpet,Marathahalli,,,Not Applicable,Customer was coughing/sick,Not Applicable,Not Applicable,145,Not Applicable,0,,
2024-07-23 16:33:00,CNR9627528257,Success,CID899777,Auto,KR Puram,Sahakar Nagar,252.0,65.0,Not Applicable,Not Applicable,No,Not Applicable,337,Cash,11,3.3,4.4
2024-07-26 08:10:00,CNR1485486513,Success,CID493735,Prime Plus,Ramamurthy Nagar,Tumkur Road,49.0,120.0,Not Applicable,Not Applicable,No,Not Applicable,890,UPI,18,3.8,3.9
2024-07-09 12:18:00,CNR6624298849,Canceled by Driver,CID123711,Prime Sedan,Nagarbhavi,Basavanagudi,,,Not Applicable,Customer related issue,Not Applicable,Not Applicable,391,Not Applicable,0,,
2024-07-02 04:25:00,CNR7592507219,Success,CID414656,eBike,Yeshwanthpur,Sahakar Nagar,280.0,90.0,Not Applicable,Not Applicable,No,Not Applicable,960,Cash,4,4.7,4.5
2024-07-21 20:35:00,CNR8359185620,Canceled by Customer,CID565580,Prime SUV,Ulsoor,Bellandur,,,Driver is not moving towards pickup location,Not Applicable,Not Applicable,Not Applicable,419,Not Applicable,0,,
2024-07-30 08:25:00,CNR6226019459,Success,CID252008,Prime Sedan,Cox Town,Whitefield,182.0,135.0,Not Applicable,Not Applicable,No,Not Applicable,301,Cash,40,3.8,4.7
2024-07-10 08:34:00,CNR4359821638,Success,CID246746,Prime SUV,Rajarajeshwari Nagar,Kammanahalli,287.0,35.0,Not Applicable,Not Applicable,No,Not Applicable,222,Cash,42,4.0,3.3
2024-07-22 16:00:00,CNR5301176303,Success,CID112277,Prime Plus,Sahakar Nagar,Padmanabhanagar,210.0,35.0,Not Applicable,Not Applicable,No,Not Applicable,243,UPI,6,4.1,3.5
2024-07-23 17:33:00,CNR6815871656,Success,CID287450,eBike,Richmond Town,KR Puram,175.0,45.0,Not Applicable,Not Applicable,No,Not Applicable,175,UPI,25,3.2,4.6
2024-07-18 21:47:00,CNR5443928984,Canceled by Driver,CID398932,Prime Plus,Padmanabhanagar,Bellandur,,,Not Applicable,Personal & Car related issue,Not Applicable,Not Applicable,297,Not Applicable,0,,
2024-07-25 19:33:00,CNR6864794551,Success,CID916025,Auto,Cox Town,Frazer Town,42.0,50.0,Not Applicable,Not Applicable,No,Not Applicable,111,Cash,13,4.6,4.5
2024-07-08 00:13:00,CNR8409773258,Success,CID240428,Bike,Vijayanagar,Chamarajpet,203.0,135.0,Not Applicable,Not Applicable,No,Not Applicable,2855,UPI,1,4.1,4.0
2024-07-07 04:13:00,CNR1310248900,Success,CID447477,Prime Plus,Chickpet,Koramangala,203.0,140.0,Not Applicable,Not Applicable,No,Not Applicable,554,Cash,32,3.7,4.7
2024-07-21 21:12:00,CNR9888041055,Canceled by Driver,CID248401,Prime Sedan,KR Puram,Kadugodi,,,Not Applicable,Customer was coughing/sick,Not Applicable,Not Applicable,161,Not Applicable,0,,
2024-07-27 16:42:00,CNR6369902459,Canceled by Driver,CID873348,Auto,Tumkur Road,Koramangala,,,Not Applicable,More than permitted people in there,Not Applicable,Not Applicable,276,Not Applicable,0,,
2024-07-05 06:35:00,CNR1710675949,Success,CID503024,Prime SUV,Hosur Road,Padmanabhanagar,182.0,115.0,Not Applicable,Not Applicable,No,Not Applicable,454,Cash,28,4.7,3.2
2024-07-18 07:16:00,CNR4708210192,Success,CID367563,Bike,Chamarajpet,Banashankari,301.0,80.0,Not Applicable,Not Applicable,No,Not Applicable,377,Cash,16,3.1,4.6
2024-07-16 12:08:00,CNR4618121545,Success,CID629494,Mini,Bannerghatta Road,Banashankari,182.0,35.0,Not Applicable,Not Applicable,No,Not Applicable,329,UPI,46,3.9,3.9
2024-07-25 06:56:00,CNR7261916507,Driver Not Found,CID940957,Prime Plus,Malleshwaram,Yeshwanthpur,,,Not Applicable,Not Applicable,Not Applicable,Not Applicable,419,Not Applicable,0,,
2024-07-10 11:23:00,CNR2115651475,Canceled by Driver,CID828198,Prime Plus,Electronic City,Nagarbhavi,,,Not Applicable,Customer related issue,Not Applicable,Not Applicable,396,Not Applicable,0,,
2024-07-21 06:19:00,CNR1761806289,Success,CID348941,Prime Sedan,Varthur,Kengeri,238.0,75.0,Not Applicable,Not Applicable,No,Not Applicable,497,UPI,35,3.2,3.0
2024-07-08 06:58:00,CNR6456312525,Success,CID997971,Prime Plus,Ulsoor,Malleshwaram,280.0,85.0,Not Applicable,Not Applicable,No,Not Applicable,127,Cash,9,3.5,4.5
2024-07-07 22:54:00,CNR4287643431,Canceled by Customer,CID495506,Prime Sedan,BTM Layout,Richmond Town,,,Wrong Address,Not Applicable,Not Applicable,Not Applicable,212,Not Applicable,0,,
2024-07-08 15:00:00,CNR7449711588,Canceled by Driver,CID602204,Auto,Malleshwaram,Hosur Road,,,Not Applicable,Customer related issue,Not Applicable,Not Applicable,450,Not Applicable,0,,
2024-07-08 19:20:00,CNR8033585038,Success,CID431696,Prime SUV,Kammanahalli,Whitefield,84.0,55.0,Not Applicable,Not Applicable,No,Not Applicable,456,Credit Card,42,3.5,3.9
2024-07-29 09:45:00,CNR8294663762,Canceled by Driver,CID368980,Mini,Hebbal,Basavanagudi,,,Not Applicable,Customer related issue,Not Applicable,Not Applicable,1508,Not Applicable,0,,
2024-07-16 00:39:00,CNR8555278190,Canceled by Driver,CID666821,Prime SUV,Sahakar Nagar,Jayanagar,,,Not Applicable,Customer related issue,Not Applicable,Not Applicable,358,Not Applicable,0,,
2024-07-17 00:13:00,CNR7514747565,Success,CID690964,Prime Sedan,Rajarajeshwari Nagar,Yelahanka,161.0,40.0,Not Applicable,Not Applicable,No,Not Applicable,151,UPI,41,4.7,3.5
2024-07-14 18:18:00,CNR6744281602,Success,CID193704,Mini,Chamarajpet,Devanahalli,308.0,45.0,Not Applicable,Not Applicable,No,Not Applicable,388,Cash,24,3.7,3.8
2024-07-03 13:09:00,CNR1031883202,Driver Not Found,CID323445,Bike,Sarjapur Road,Ulsoor,,,Not Applicable,Not Applicable,Not Applicable,Not Applicable,171,Not Applicable,0,,
2024-07-05 09:46:00,CNR9976962373,Success,CID218984,Mini,Sarjapur Road,Hennur,252.0,95.0,Not Applicable,Not Applicable,No,Not Applicable,120,UPI,42,4.4,4.3
2024-07-08 00:55:00,CNR2316479859,Canceled by Driver,CID921821,eBike,Rajarajeshwari Nagar,Devanahalli,,,Not Applicable,Personal & Car related issue,Not Applicable,Not Applicable,174,Not Applicable,0,,
2024-07-13 18:49:00,CNR3171522655,Success,CID704971,Prime Plus,Langford Town,Malleshwaram,119.0,75.0,Not Applicable,Not Applicable,No,Not Applicable,139,UPI,14,4.7,4.5
2024-07-04 09:26:00,CNR8117661718,Success,CID961696,eBike,KR Puram,Majestic,63.0,90.0,Not Applicable,Not Applicable,No,Not Applicable,715,UPI,32,3.4,5.0
2024-07-24 16:53:00,CNR3124296249,Driver Not Found,CID114817,Prime SUV,Frazer Town,Ulsoor,,,Not Applicable,Not Applicable,Not Applicable,Not Applicable,368,Not Applicable,0,,
2024-07-23 20:03:00,CNR4454680772,Canceled by Driver,CID529789,Prime Plus,Kammanahalli,Vijayanagar,,,Not Applicable,Personal & Car related issue,Not Applicable,Not Applicable,411,Not Applicable,0,,
2024-07-26 00:53:00,CNR1504359721,Success,CID448170,Bike,Electronic City,Devanahalli,112.0,55.0,Not Applicable,Not Applicable,No,Not Applicable,815,Cash,26,4.7,3.7
2024-07-06 07:31:00,CNR1671137151,Canceled by Customer,CID339149,eBike,Sarjapur Road,Chamarajpet,,,Driver asked to cancel,Not Applicable,Not Applicable,Not Applicable,446,Not Applicable,0,,
2024-07-24 18:28:00,CNR1280624922,Driver Not Found,CID783623,Prime Plus,HSR Layout,Bannerghatta Road,,,Not Applicable,Not Applicable,Not Applicable,Not Applicable,204,Not Applicable,0,,
2024-07-21 20:34:00,CNR2173439313,Success,CID207818,Bike,Padmanabhanagar,Cox Town,105.0,145.0,Not Applicable,Not Applicable,No,Not Applicable,128,Cash,4,3.7,3.4
2024-07-30 23:55:00,CNR8450622966,Canceled by Driver,CID962254,eBike,MG Road,Tumkur Road,,,Not Applicable,Personal & Car related issue,Not Applicable,Not Applicable,929,Not Applicable,0,,
2024-07-06 15:27:00,CNR2162245675,Success,CID380290,Prime Plus,Varthur,Rajajinagar,168.0,105.0,Not Applicable,Not Applicable,No,Not Applicable,219,Cash,4,3.7,4.3
2024-07-04 04:37:00,CNR1193516945,Canceled by Customer,CID168287,Mini,Vijayanagar,Electronic City,,,Driver is not moving towards pickup location,Not Applicable,Not Applicable,Not Applicable,125,Not Applicable,0,,
2024-07-15 03:49:00,CNR6589726030,Success,CID651028,Prime Plus,Electronic City,HSR Layout,77.0,110.0,Not Applicable,Not Applicable,No,Not Applicable,228,UPI,29,4.3,3.8
2024-07-01 12:54:00,CNR4554517283,Canceled by Customer,CID271497,Mini,Richmond Town,Hosur Road,,,Change of plans,Not Applicable,Not Applicable,Not Applicable,395,Not Applicable,0,,
2024-07-19 03:58:00,CNR4431072702,Success,CID814014,Mini,Shantinagar,Indiranagar,189.0,30.0,Not Applicable,Not Applicable,No,Not Applicable,942,Cash,2,4.4,4.8
2024-07-14 20:51:00,CNR3082548696,Success,CID248947,Prime SUV,RT Nagar,Jayanagar,140.0,50.0,Not Applicable,Not Applicable,No,Not Applicable,283,Cash,36,4.5,3.2
2024-07-13 15:01:00,CNR2579618598,Canceled by Customer,CID653214,Mini,Richmond Town,Rajarajeshwari Nagar,,,AC is Not working,Not Applicable,Not Applicable,Not Applicable,316,Not Applicable,0,,
2024-07-24 09:48:00,CNR8376107123,Canceled by Driver,CID872741,eBike,Varthur,Magadi Road,,,Not Applicable,Customer related issue,Not Applicable,Not Applicable,842,Not Applicable,0,,
2024-07-30 06:47:00,CNR9545221819,Driver Not Found,CID654019,eBike,Kadugodi,Basavanagudi,,,Not Applicable,Not Applicable,Not Applicable,Not Applicable,901,Not Applicable,0,,
2024-07-28 18:03:00,CNR5264140330,Canceled by Driver,CID563624,Mini,Jayanagar,Frazer Town,,,Not Applicable,Personal & Car related issue,Not Applicable,Not Applicable,990,Not Applicable,0,,
2024-07-11 14:00:00,CNR8079837725,Success,CID965889,Mini,JP Nagar,HSR Layout,161.0,130.0,Not Applicable,Not Applicable,No,Not Applicable,2581,UPI,27,4.6,3.6
2024-07-11 03:32:00,CNR2892354212,Driver Not Found,CID536871,Prime Sedan,Majestic,Richmond Town,,,Not Applicable,Not Applicable,Not Applicable,Not Applicable,764,Not Applicable,0,,
2024-07-28 19:32:00,CNR9105679017,Canceled by Customer,CID989996,Prime Sedan,KR Puram,Banashankari,,,Driver asked to cancel,Not Applicable,Not Applicable,Not Applicable,2239,Not Applicable,0,,
2024-07-10 04:51:00,CNR7131393995,Canceled by Driver,CID438789,eBike,Hebbal,Jayanagar,,,Not Applicable,More than permitted people in there,Not Applicable,Not Applicable,205,Not Applicable,0,,
2024-07-14 08:36:00,CNR9028647181,Canceled by Driver,CID149075,Prime Sedan,Frazer Town,Vijayanagar,,,Not Applicable,Customer related issue,Not Applicable,Not Applicable,796,Not Applicable,0,,
2024-07-04 06:19:00,CNR2413750567,Success,CID781118,eBike,Magadi Road,Ulsoor,49.0,80.0,Not Applicable,Not Applicable,No,Not Applicable,332,Cash,38,4.6,3.2
2024-07-04 12:27:00,CNR6934395586,Success,CID601630,Auto,Hulimavu,Shantinagar,308.0,50.0,Not Applicable,Not Applicable,No,Not Applicable,467,UPI,16,4.4,4.4
2024-07-10 09:55:00,CNR2040544595,Success,CID689977,Prime SUV,Electronic City,Padmanabhanagar,147.0,130.0,Not Applicable,Not Applicable,No,Not Applicable,924,Cash,34,4.6,3.8
2024-07-10 18:22:00,CNR2747321533,Success,CID959632,Prime SUV,Bellandur,Richmond Town,301.0,90.0,Not Applicable,Not Applicable,No,Not Applicable,379,Cash,46,3.5,3.8
2024-07-19 08:42:00,CNR9350928721,Success,CID370565,Auto,Varthur,HSR Layout,133.0,65.0,Not Applicable,Not Applicable,No,Not Applicable,739,UPI,9,4.5,4.2
2024-07-30 09:13:00,CNR8427526911,Success,CID673919,Auto,Rajarajeshwari Nagar,Shantinagar,273.0,65.0,Not Applicable,Not Applicable,No,Not Applicable,241,UPI,1,4.1,3.3
2024-07-29 23:47:00,CNR4109337386,Success,CID793679,Prime Plus,Sahakar Nagar,KR Puram,203.0,105.0,Not Applicable,Not Applicable,No,Not Applicable,292,Cash,28,3.7,3.1
2024-07-06 02:52:00,CNR5562931388,Success,CID626039,eBike,BTM Layout,Bellandur,56.0,60.0,Not Applicable,Not Applicable,No,Not Applicable,149,Cash,32,3.1,4.7
2024-07-12 01:34:00,CNR7454048034,Success,CID124087,Prime SUV,Indiranagar,Kadugodi,133.0,80.0,Not Applicable,Not Applicable,No,Not Applicable,108,UPI,26,3.5,4.7
2024-07-14 00:20:00,CNR9106409313,Canceled by Driver,CID801735,Prime Plus,Malleshwaram,Indiranagar,,,Not Applicable,Personal & Car related issue,Not Applicable,Not Applicable,374,Not Applicable,0,,
2024-07-14 20:25:00,CNR1197758844,Canceled by Driver,CID299406,Prime SUV,Padmanabhanagar,Chamarajpet,,,Not Applicable,More than permitted people in there,Not Applicable,Not Applicable,527,Not Applicable,0,,
2024-07-13 06:11:00,CNR1101760443,Success,CID719243,Mini,Malleshwaram,KR Puram,259.0,55.0,Not Applicable,Not Applicable,No,Not Applicable,2008,UPI,30,4.5,4.0
2024-07-13 00:11:00,CNR2990826203,Success,CID787897,eBike,Malleshwaram,Whitefield,273.0,80.0,Not Applicable,Not Applicable,No,Not Applicable,433,Cash,8,3.7,4.8
2024-07-01 02:03:00,CNR8970295909,Success,CID171254,Mini,Nagarbhavi,Bellandur,42.0,95.0,Not Applicable,Not Applicable,No,Not Applicable,2303,UPI,47,4.2,4.0
2024-07-12 01:31:00,CNR9496733796,Success,CID290359,Prime SUV,RT Nagar,KR Puram,238.0,70.0,Not Applicable,Not Applicable,Yes,Vehicle Breakdown,1739,UPI,42,4.4,3.1
2024-07-27 20:16:00,CNR5036568734,Success,CID508583,Prime SUV,Vijayanagar,Jayanagar,140.0,30.0,Not Applicable,Not Applicable,No,Not Applicable,120,UPI,33,3.5,3.8
2024-07-23 13:07:00,CNR8496245323,Success,CID485009,Prime Sedan,MG Road,Peenya,210.0,110.0,Not Applicable,Not Applicable,No,Not Applicable,230,Cash,21,3.8,3.4
2024-07-06 18:42:00,CNR9627353795,Success,CID702261,Bike,JP Nagar,BTM Layout,105.0,70.0,Not Applicable,Not Applicable,No,Not Applicable,341,Cash,21,4.9,4.1
2024-07-11 14:01:00,CNR3898353111,Success,CID513018,Prime Sedan,Frazer Town,Malleshwaram,189.0,120.0,Not Applicable,Not Applicable,No,Not Applicable,1497,Cash,7,4.8,4.3
2024-07-01 12:24:00,CNR4092063336,Canceled by Driver,CID523977,Prime SUV,Shantinagar,Mysore Road,,,Not Applicable,Customer related issue,Not Applicable,Not Applicable,194,Not Applicable,0,,
2024-07-28 04:39:00,CNR2280773159,Canceled by Driver,CID520976,Prime Plus,Yelahanka,Hennur,,,Not Applicable,Customer related issue,Not Applicable,Not Applicable,358,Not Applicable,0,,
2024-07-12 06:58:00,CNR1074194119,Driver Not Found,CID996518,Auto,Rajarajeshwari Nagar,Rajarajeshwari Nagar,,,Not Applicable,Not Applicable,Not Applicable,Not Applicable,329,Not Applicable,0,,
2024-07-15 20:00:00,CNR3085776760,Success,CID346830,Mini,Indiranagar,Shivajinagar,63.0,40.0,Not Applicable,Not Applicable,No,Not Applicable,276,Cash,20,3.1,3.1
2024-07-21 20:48:00,CNR5637251466,Canceled by Driver,CID836177,eBike,Rajarajeshwari Nagar,HSR Layout,,,Not Applicable,Personal & Car related issue,Not Applicable,Not Applicable,478,Not Applicable,0,,
2024-07-20 15:19:00,CNR1460775077,Success,CID782001,Bike,Chamarajpet,Sarjapur Road,273.0,65.0,Not Applicable,Not Applicable,No,Not Applicable,1744,Cash,30,3.9,4.1
2024-07-30 11:27:00,CNR3153166535,Canceled by Driver,CID431033,Prime SUV,Basavanagudi,Chamarajpet,,,Not Applicable,Customer related issue,Not Applicable,Not Applicable,478,Not Applicable,0,,
2024-07-11 05:10:00,CNR1032004984,Canceled by Driver,CID442386,Prime Sedan,Rajajinagar,Whitefield,,,Not Applicable,Customer was coughing/sick,Not Applicable,Not Applicable,180,Not Applicable,0,,
2024-07-27 13:46:00,CNR9464822066,Success,CID114106,Prime Plus,Malleshwaram,Yeshwanthpur,217.0,50.0,Not Applicable,Not Applicable,No,Not Applicable,461,Cash,19,3.7,4.5
2024-07-20 22:51:00,CNR6189701208,Canceled by Customer,CID856574,Prime Plus,Chickpet,Koramangala,,,Change of plans,Not Applicable,Not Applicable,Not Applicable,361,Not Applicable,0,,
2024-07-10 11:57:00,CNR2153784243,Success,CID879072,Prime Plus,Shivajinagar,BTM Layout,294.0,35.0,Not Applicable,Not Applicable,No,Not Applicable,150,Cash,6,4.8,4.5
2024-07-29 17:57:00,CNR7046354791,Canceled by Customer,CID199435,Auto,Kammanahalli,Sahakar Nagar,,,Driver is not moving towards pickup location,Not Applicable,Not Applicable,Not Applicable,399,Not Applicable,0,,
2024-07-22 03:54:00,CNR6960182336,Success,CID318015,eBike,Varthur,Kadugodi,189.0,75.0,Not Applicable,Not Applicable,No,Not Applicable,643,Cash,43,4.0,4.6
2024-07-20 08:57:00,CNR4779770713,Success,CID323602,Auto,Jayanagar,Hennur,147.0,85.0,Not Applicable,Not Applicable,No,Not Applicable,207,Cash,4,3.4,3.8
2024-07-08 03:26:00,CNR6643497265,Canceled by Driver,CID285667,Bike,Chamarajpet,Yelahanka,,,Not Applicable,Personal & Car related issue,Not Applicable,Not Applicable,210,Not Applicable,0,,
2024-07-09 11:59:00,CNR1114971069,Canceled by Driver,CID751596,Prime SUV,Malleshwaram,JP Nagar,,,Not Applicable,Customer related issue,Not Applicable,Not Applicable,133,Not Applicable,0,,
2024-07-13 03:21:00,CNR4808280230,Success,CID194546,Prime Sedan,Kadugodi,Tumkur Road,98.0,80.0,Not Applicable,Not Applicable,No,Not Applicable,1548,Cash,1,4.9,3.6
2024-07-18 09:47:00,CNR5052287920,Success,CID924790,Bike,Devanahalli,Marathahalli,77.0,105.0,Not Applicable,Not Applicable,No,Not Applicable,355,UPI,1,4.4,3.5
2024-07-05 17:20:00,CNR5022136310,Canceled by Driver,CID182420,Prime Sedan,Shivajinagar,Mysore Road,,,Not Applicable,Customer related issue,Not Applicable,Not Applicable,919,Not Applicable,0,,
2024-07-08 16:12:00,CNR9041344451,Success,CID297253,Prime Sedan,MG Road,Frazer Town,217.0,95.0,Not Applicable,Not Applicable,No,Not Applicable,681,Cash,26,3.5,3.6
2024-07-12 18:24:00,CNR4293380697,Success,CID287414,eBike,Malleshwaram,Sarjapur Road,119.0,100.0,Not Applicable,Not Applicable,No,Not Applicable,162,Cash,48,4.8,3.7
2024-07-15 04:44:00,CNR8491041579,Canceled by Driver,CID942440,eBike,Tumkur Road,Hebbal,,,Not Applicable,Personal & Car related issue,Not Applicable,Not Applicable,800,Not Applicable,0,,
2024-07-24 03:21:00,CNR4765832963,Driver Not Found,CID814408,Auto,Sarjapur Road,Vijayanagar,,,Not Applicable,Not Applicable,Not Applicable,Not Applicable,336,Not Applicable,0,,
2024-07-24 21:34:00,CNR3776422808,Canceled by Driver,CID687222,eBike,BTM Layout,Majestic,,,Not Applicable,Customer was coughing/sick,Not Applicable,Not Applicable,318,Not Applicable,0,,
2024-07-22 09:12:00,CNR3092310810,Success,CID687952,eBike,Whitefield,Rajarajeshwari Nagar,84.0,50.0,Not Applicable,Not Applicable,No,Not Applicable,269,UPI,21,4.8,4.5
2024-07-15 12:03:00,CNR2688772800,Success,CID704795,Auto,Yelahanka,JP Nagar,175.0,65.0,Not Applicable,Not Applicable,No,Not Applicable,141,Cash,17,4.5,3.2
2024-07-22 03:43:00,CNR6118710534,Canceled by Driver,CID925978,Prime Sedan,Padmanabhanagar,HSR Layout,,,Not Applicable,Personal & Car related issue,Not Applicable,Not Applicable,438,Not Applicable,0,,
2024-07-23 19:23:00,CNR5118230464,Success,CID178469,Prime Plus,Hosur Road,Rajajinagar,287.0,60.0,Not Applicable,Not Applicable,No,Not Applicable,469,Credit Card,7,4.7,4.6
2024-07-15 15:54:00,CNR6193052417,Driver Not Found,CID662438,eBike,Kammanahalli,Malleshwaram,,,Not Applicable,Not Applicable,Not Applicable,Not Applicable,421,Not Applicable,0,,
2024-07-07 14:32:00,CNR9777400166,Canceled by Driver,CID864082,Prime SUV,Majestic,Kadugodi,,,Not Applicable,Customer related issue,Not Applicable,Not Applicable,182,Not Applicable,0,,
2024-07-17 12:52:00,CNR8707718213,Success,CID573345,Auto,Koramangala,Kammanahalli,84.0,65.0,Not Applicable,Not Applicable,No,Not Applicable,1400,Cash,17,4.4,4.2
2024-07-29 04:16:00,CNR8674354526,Success,CID167643,Prime SUV,Kengeri,Yeshwanthpur,63.0,110.0,Not Applicable,Not Applicable,No,Not Applicable,112,UPI,38,4.1,3.6
2024-07-09 20:13:00,CNR9871494858,Success,CID527643,eBike,JP Nagar,Jayanagar,280.0,65.0,Not Applicable,Not Applicable,No,Not Applicable,224,Cash,23,3.7,4.6
2024-07-22 13:40:00,CNR7414624298,Success,CID759781,Bike,MG Road,Shivajinagar,245.0,135.0,Not Applicable,Not Applicable,No,Not Applicable,212,Cash,47,3.6,3.8
2024-07-20 11:54:00,CNR2385782365,Canceled by Driver,CID863420,Prime SUV,Vijayanagar,KR Puram,,,Not Applicable,Customer was coughing/sick,Not Applicable,Not Applicable,478,Not Applicable,0,,
2024-07-21 03:30:00,CNR2738231799,Success,CID875954,Bike,Varthur,Shantinagar,196.0,125.0,Not Applicable,Not Applicable,No,Not Applicable,466,Cash,27,3.6,3.5
2024-07-05 23:37:00,CNR1975385714,Success,CID865134,Prime SUV,Devanahalli,Frazer Town,140.0,35.0,Not Applicable,Not Applicable,No,Not Applicable,150,Cash,49,4.7,4.9
2024-07-11 13:26:00,CNR1993437268,Canceled by Driver,CID516879,Prime Plus,Electronic City,Shantinagar,,,Not Applicable,Personal & Car related issue,Not Applicable,Not Applicable,193,Not Applicable,0,,
2024-07-14 12:58:00,CNR6591541034,Success,CID750102,Bike,Marathahalli,Rajajinagar,98.0,145.0,Not Applicable,Not Applicable,No,Not Applicable,399,UPI,36,3.8,3.2
2024-07-28 14:45:00,CNR1227518773,Driver Not Found,CID183293,eBike,Rajajinagar,HSR Layout,,,Not Applicable,Not Applicable,Not Applicable,Not Applicable,679,Not Applicable,0,,
2024-07-27 04:26:00,CNR8400952069,Success,CID551896,eBike,Shantinagar,Tumkur Road,91.0,140.0,Not Applicable,Not Applicable,No,Not Applicable,506,UPI,21,3.4,4.1
2024-07-16 16:18:00,CNR6002932400,Canceled by Customer,CID963565,eBike,Bannerghatta Road,Malleshwaram,,,Driver asked to cancel,Not Applicable,Not Applicable,Not Applicable,314,Not Applicable,0,,
2024-07-06 20:15:00,CNR6801571550,Success,CID790207,Prime Sedan,Padmanabhanagar,Chamarajpet,56.0,140.0,Not Applicable,Not Applicable,No,Not Applicable,338,Cash,30,3.9,3.4
2024-07-16 19:38:00,CNR4180084815,Driver Not Found,CID260130,Auto,Devanahalli,Tumkur Road,,,Not Applicable,Not Applicable,Not Applicable,Not Applicable,261,Not Applicable,0,,
2024-07-15 18:35:00,CNR2854162977,Driver Not Found,CID116189,Auto,Langford Town,Padmanabhanagar,,,Not Applicable,Not Applicable,Not Applicable,Not Applicable,400,Not Applicable,0,,
2024-07-27 16:27:00,CNR7773395236,Driver Not Found,CID544151,Auto,Frazer Town,Kengeri,,,Not Applicable,Not Applicable,Not Applicable,Not Applicable,935,Not Applicable,0,,
2024-07-18 10:18:00,CNR4063713002,Driver Not Found,CID673772,eBike,Padmanabhanagar,Kadugodi,,,Not Applicable,Not Applicable,Not Applicable,Not Applicable,646,Not Applicable,0,,
2024-07-20 12:14:00,CNR5720326933,Success,CID332094,Prime SUV,Bannerghatta Road,Langford Town,259.0,135.0,Not Applicable,Not Applicable,No,Not Applicable,278,Cash,29,4.6,3.4
2024-07-25 20:25:00,CNR1688480942,Success,CID330874,Mini,Magadi Road,KR Puram,140.0,75.0,Not Applicable,Not Applicable,No,Not Applicable,212,Cash,33,3.9,4.5
2024-07-24 12:58:00,CNR2891493478,Success,CID871214,eBike,Indiranagar,Whitefield,217.0,115.0,Not Applicable,Not Applicable,No,Not Applicable,301,UPI,26,3.1,4.0
2024-07-23 19:05:00,CNR5949608874,Canceled by Driver,CID243370,Mini,Hennur,Majestic,,,Not Applicable,More than permitted people in there,Not Applicable,Not Applicable,242,Not Applicable,0,,
2024-07-19 08:48:00,CNR5443367782,Success,CID285905,Mini,HSR Layout,BTM Layout,196.0,135.0,Not Applicable,Not Applicable,No,Not Applicable,129,Cash,38,3.6,4.8
2024-07-18 06:54:00,CNR1041878539,Success,CID511374,Prime SUV,Nagarbhavi,Marathahalli,35.0,65.0,Not Applicable,Not Applicable,No,Not Applicable,275,UPI,18,4.4,3.2
2024-07-02 06:49:00,CNR4328607428,Success,CID629507,Prime Sedan,Padmanabhanagar,Bellandur,210.0,135.0,Not Applicable,Not Applicable,No,Not Applicable,829,Credit Card,25,4.2,4.0
2024-07-14 06:49:00,CNR8794686666,Success,CID647793,Auto,BTM Layout,Richmond Town,245.0,65.0,Not Applicable,Not Applicable,No,Not Applicable,757,UPI,10,4.1,3.1
2024-07-02 14:23:00,CNR6473485696,Canceled by Driver,CID712784,Auto,Kammanahalli,Cox Town,,,Not Applicable,Customer related issue,Not Applicable,Not Applicable,166,Not Applicable,0,,
2024-07-21 11:38:00,CNR4753262056,Canceled by Customer,CID245720,Auto,Chamarajpet,Magadi Road,,,Driver asked to cancel,Not Applicable,Not Applicable,Not Applicable,271,Not Applicable,0,,
2024-07-27 19:03:00,CNR1194521622,Canceled by Customer,CID405591,Prime SUV,Sahakar Nagar,Padmanabhanagar,,,Wrong Address,Not Applicable,Not Applicable,Not Applicable,353,Not Applicable,0,,
2024-07-03 12:27:00,CNR6864884118,Canceled by Driver,CID602211,eBike,Ramamurthy Nagar,Ulsoor,,,Not Applicable,Customer related issue,Not Applicable,Not Applicable,114,Not Applicable,0,,
2024-07-15 20:32:00,CNR4119251890,Success,CID777982,Mini,Peenya,Kammanahalli,133.0,130.0,Not Applicable,Not Applicable,Yes,Customer Demand,277,Cash,5,4.6,4.9
2024-07-06 00:09:00,CNR7986680259,Success,CID941333,Mini,Devanahalli,Jayanagar,63.0,145.0,Not Applicable,Not Applicable,No,Not Applicable,224,UPI,43,3.5,3.8
2024-07-09 09:16:00,CNR4719827408,Success,CID272689,Prime SUV,MG Road,Electronic City,119.0,140.0,Not Applicable,Not Applicable,No,Not Applicable,375,Cash,22,3.6,4.1
2024-07-03 03:02:00,CNR1677882366,Success,CID734088,Mini,RT Nagar,Nagarbhavi,175.0,55.0,Not Applicable,Not Applicable,No,Not Applicable,196,Cash,26,3.2,4.7
2024-07-08 03:34:00,CNR8659138494,Success,CID856324,Mini,Kadugodi,Marathahalli,49.0,145.0,Not Applicable,Not Applicable,No,Not Applicable,121,Credit Card,31,4.0,4.5
2024-07-12 13:53:00,CNR8285642179,Success,CID675050,Bike,Hosur Road,MG Road,203.0,45.0,Not Applicable,Not Applicable,No,Not Applicable,477,UPI,2,3.8,4.2
2024-07-22 10:23:00,CNR8066339840,Success,CID625163,Prime Sedan,Shantinagar,MG Road,245.0,80.0,Not Applicable,Not Applicable,No,Not Applicable,462,Cash,13,4.8,3.0
2024-07-28 11:59:00,CNR7173768981,Success,CID307975,Mini,Kengeri,Padmanabhanagar,105.0,100.0,Not Applicable,Not Applicable,No,Not Applicable,488,UPI,38,4.1,4.0
2024-07-11 12:41:00,CNR8708857717,Success,CID866269,Auto,Langford Town,KR Puram,287.0,85.0,Not Applicable,Not Applicable,No,Not Applicable,422,Credit Card,4,3.7,4.2
2024-07-15 01:52:00,CNR2551265912,Canceled by Driver,CID143217,Prime SUV,Mysore Road,Shantinagar,,,Not Applicable,Personal & Car related issue,Not Applicable,Not Applicable,303,Not Applicable,0,,
2024-07-12 23:16:00,CNR1731666009,Success,CID318459,Mini,Rajarajeshwari Nagar,Ramamurthy Nagar,56.0,70.0,Not Applicable,Not Applicable,No,Not Applicable,206,UPI,37,4.0,3.7
2024-07-23 00:53:00,CNR5690759054,Success,CID113618,Mini,BTM Layout,Bellandur,189.0,145.0,Not Applicable,Not Applicable,Yes,Other Issue,880,Cash,23,4.8,4.5
2024-07-02 16:08:00,CNR3788722459,Success,CID974935,Auto,Whitefield,Yelahanka,168.0,40.0,Not Applicable,Not Applicable,No,Not Applicable,1835,Cash,19,3.6,3.6
2024-07-21 17:05:00,CNR6222173847,Canceled by Customer,CID929391,Bike,Bannerghatta Road,Yelahanka,,,Driver asked to cancel,Not Applicable,Not Applicable,Not Applicable,139,Not Applicable,0,,
2024-07-07 15:49:00,CNR3971067089,Success,CID144792,Bike,HSR Layout,Varthur,273.0,35.0,Not Applicable,Not Applicable,No,Not Applicable,180,UPI,49,4.4,4.6
2024-07-01 20:03:00,CNR1350985590,Canceled by Driver,CID287207,Auto,Vijayanagar,Shivajinagar,,,Not Applicable,Customer related issue,Not Applicable,Not Applicable,843,Not Applicable,0,,
2024-07-13 01:02:00,CNR9670672244,Success,CID158224,eBike,Jayanagar,Indiranagar,203.0,95.0,Not Applicable,Not Applicable,Yes,Vehicle Breakdown,136,Cash,7,5.0,4.0
2024-07-25 21:47:00,CNR1625926629,Canceled by Driver,CID474562,Prime Plus,Whitefield,Hulimavu,,,Not Applicable,Personal & Car related issue,Not Applicable,Not Applicable,173,Not Applicable,0,,
2024-07-16 17:10:00,CNR5438275443,Success,CID908444,Auto,Mysore Road,MG Road,126.0,30.0,Not Applicable,Not Applicable,No,Not Applicable,494,UPI,5,4.2,3.8
2024-07-28 14:52:00,CNR6319408654,Success,CID826195,Prime Plus,Magadi Road,Banashankari,308.0,35.0,Not Applicable,Not Applicable,No,Not Applicable,104,Cash,26,4.0,3.2
2024-07-29 04:06:00,CNR6587447165,Canceled by Customer,CID647155,Prime Plus,Basavanagudi,Ramamurthy Nagar,,,AC is Not working,Not Applicable,Not Applicable,Not Applicable,392,Not Applicable,0,,
2024-07-30 05:20:00,CNR2172758259,Success,CID691513,Bike,Marathahalli,Mysore Road,70.0,125.0,Not Applicable,Not Applicable,Yes,Customer Demand,714,Cash,34,3.5,4.1
2024-07-05 21:22:00,CNR3162695417,Success,CID421125,Prime SUV,Vijayanagar,RT Nagar,147.0,140.0,Not Applicable,Not Applicable,No,Not Applicable,238,UPI,17,3.3,3.6
2024-07-25 07:28:00,CNR9537825328,Success,CID862482,Prime SUV,Bannerghatta Road,Banashankari,308.0,120.0,Not Applicable,Not Applicable,No,Not Applicable,742,Cash,31,4.6,5.0
2024-07-26 04:26:00,CNR5208974450,Success,CID662783,Mini,Varthur,Langford Town,273.0,70.0,Not Applicable,Not Applicable,No,Not Applicable,2320,Cash,39,4.9,4.6
2024-07-21 13:32:00,CNR7408836878,Canceled by Driver,CID767047,Mini,Ulsoor,Rajajinagar,,,Not Applicable,Personal & Car related issue,Not Applicable,Not Applicable,404,Not Applicable,0,,
2024-07-25 11:20:00,CNR8209927744,Canceled by Customer,CID340924,Prime SUV,Ulsoor,Chickpet,,,Driver is not moving towards pickup location,Not Applicable,Not Applicable,Not Applicable,803,Not Applicable,0,,
2024-07-12 02:12:00,CNR7329000456,Driver Not Found,CID383999,eBike,Nagarbhavi,Yeshwanthpur,,,Not Applicable,Not Applicable,Not Applicable,Not Applicable,1713,Not Applicable,0,,
2024-07-30 15:50:00,CNR8816860326,Canceled by Driver,CID520703,eBike,Jayanagar,Ulsoor,,,Not Applicable,Personal & Car related issue,Not Applicable,Not Applicable,956,Not Applicable,0,,
2024-07-10 20:59:00,CNR2009513976,Canceled by Driver,CID127267,eBike,Cox Town,Kammanahalli,,,Not Applicable,Customer related issue,Not Applicable,Not Applicable,406,Not Applicable,0,,
2024-07-08 12:18:00,CNR1754107403,Success,CID665049,eBike,Jayanagar,Hebbal,154.0,145.0,Not Applicable,Not Applicable,No,Not Applicable,378,Debit Card,19,3.6,4.5
2024-07-13 12:34:00,CNR5640700862,Success,CID874138,Prime Plus,Koramangala,Hebbal,35.0,125.0,Not Applicable,Not Applicable,No,Not Applicable,287,Cash,47,4.5,4.3
2024-07-13 17:41:00,CNR4120283126,Success,CID794550,Mini,Varthur,Yeshwanthpur,189.0,130.0,Not Applicable,Not Applicable,Yes,Customer Demand,810,UPI,32,4.9,4.5
2024-07-05 10:25:00,CNR6719410927,Success,CID631350,eBike,Nagarbhavi,Basavanagudi,168.0,75.0,Not Applicable,Not Applicable,No,Not Applicable,314,Debit Card,33,3.8,3.5
2024-07-06 01:21:00,CNR6837216911,Canceled by Driver,CID110262,Bike,Mysore Road,Mysore Road,,,Not Applicable,Customer related issue,Not Applicable,Not Applicable,535,Not Applicable,0,,
2024-07-09 20:29:00,CNR2278805924,Success,CID542257,Bike,Hennur,Banashankari,77.0,25.0,Not Applicable,Not Applicable,No,Not Applicable,668,Cash,28,4.2,3.7
2024-07-22 17:22:00,CNR2754208066,Success,CID363875,Prime SUV,Shantinagar,Indiranagar,196.0,125.0,Not Applicable,Not Applicable,No,Not Applicable,182,Cash,27,3.8,3.6
2024-07-23 16:09:00,CNR1091988045,Success,CID283626,Prime Plus,Sarjapur Road,Malleshwaram,231.0,115.0,Not Applicable,Not Applicable,No,Not Applicable,476,Cash,39,4.2,3.3
2024-07-08 04:38:00,CNR7058484048,Canceled by Driver,CID210961,eBike,Koramangala,Marathahalli,,,Not Applicable,Customer was coughing/sick,Not Applicable,Not Applicable,150,Not Applicable,0,,
2024-07-21 18:17:00,CNR7594305352,Success,CID130155,eBike,Sarjapur Road,Langford Town,112.0,115.0,Not Applicable,Not Applicable,No,Not Applicable,183,Cash,19,4.5,3.6
2024-07-02 22:02:00,CNR4131706454,Success,CID947581,Bike,Majestic,Magadi Road,189.0,125.0,Not Applicable,Not Applicable,No,Not Applicable,446,UPI,40,3.8,3.1
2024-07-12 08:23:00,CNR6488464009,Success,CID733986,Bike,Hosur Road,JP Nagar,161.0,95.0,Not Applicable,Not Applicable,No,Not Applicable,230,Cash,17,4.1,3.8
2024-07-02 07:55:00,CNR3739727102,Success,CID493576,Prime Plus,Kengeri,Basavanagudi,77.0,75.0,Not Applicable,Not Applicable,No,Not Applicable,332,Cash,9,3.3,3.0
2024-07-09 12:17:00,CNR5014240912,Success,CID203588,Auto,Tumkur Road,Bellandur,126.0,110.0,Not Applicable,Not Applicable,No,Not Applicable,924,Cash,5,3.4,3.4
2024-07-22 21:44:00,CNR8282025680,Success,CID480807,Prime Plus,Kadugodi,Vijayanagar,238.0,65.0,Not Applicable,Not Applicable,Yes,Customer Demand,374,Cash,39,4.7,4.1
2024-07-11 19:12:00,CNR9220824482,Success,CID599218,Prime Sedan,Rajajinagar,Ramamurthy Nagar,56.0,100.0,Not Applicable,Not Applicable,No,Not Applicable,367,UPI,26,3.9,4.9
2024-07-10 21:51:00,CNR3516906365,Canceled by Driver,CID602946,Bike,Jayanagar,Majestic,,,Not Applicable,More than permitted people in there,Not Applicable,Not Applicable,693,Not Applicable,0,,
2024-07-21 03:01:00,CNR3672636528,Driver Not Found,CID823555,Auto,Frazer Town,Rajarajeshwari Nagar,,,Not Applicable,Not Applicable,Not Applicable,Not Applicable,1173,Not Applicable,0,,
2024-07-07 13:09:00,CNR7932317510,Driver Not Found,CID477566,Mini,Padmanabhanagar,Tumkur Road,,,Not Applicable,Not Applicable,Not Applicable,Not Applicable,142,Not Applicable,0,,
2024-07-09 10:05:00,CNR8161439609,Success,CID275461,Prime Sedan,Kengeri,Hulimavu,112.0,135.0,Not Applicable,Not Applicable,No,Not Applicable,304,Cash,46,4.5,4.1
2024-07-14 08:45:00,CNR9526255995,Success,CID393205,Auto,Banashankari,Bannerghatta Road,210.0,130.0,Not Applicable,Not Applicable,No,Not Applicable,398,UPI,17,4.9,4.7
2024-07-30 14:40:00,CNR5196065294,Driver Not Found,CID492462,Bike,Vijayanagar,Kengeri,,,Not Applicable,Not Applicable,Not Applicable,Not Applicable,925,Not Applicable,0,,
2024-07-05 21:07:00,CNR7685174428,Driver Not Found,CID540613,eBike,Hennur,MG Road,,,Not Applicable,Not Applicable,Not Applicable,Not Applicable,148,Not Applicable,0,,
2024-07-06 15:55:00,CNR6085897631,Success,CID762273,Auto,Ramamurthy Nagar,Rajajinagar,168.0,115.0,Not Applicable,Not Applicable,No,Not Applicable,631,Cash,2,4.1,3.8
2024-07-11 10:37:00,CNR3998721194,Success,CID386045,Mini,Chamarajpet,Rajajinagar,266.0,50.0,Not Applicable,Not Applicable,No,Not Applicable,836,Cash,26,4.3,3.0
2024-07-30 15:34:00,CNR5416429006,Success,CID686605,Prime SUV,Rajarajeshwari Nagar,Rajarajeshwari Nagar,70.0,60.0,Not Applicable,Not Applicable,No,Not Applicable,860,UPI,35,4.6,4.7
2024-07-20 02:33:00,CNR1270229099,Success,CID568097,Prime Plus,Whitefield,Marathahalli,154.0,35.0,Not Applicable,Not Applicable,No,Not Applicable,2931,Cash,36,3.9,5.0
2024-07-11 13:13:00,CNR1868214043,Success,CID146768,Bike,Jayanagar,Kammanahalli,266.0,50.0,Not Applicable,Not Applicable,No,Not Applicable,189,Cash,17,3.1,3.2
2024-07-30 14:02:00,CNR8407363651,Success,CID338248,Auto,Electronic City,Kadugodi,105.0,135.0,Not Applicable,Not Applicable,No,Not Applicable,246,Cash,16,4.9,4.3
2024-07-17 23:43:00,CNR8280545175,Canceled by Customer,CID401165,Bike,Kammanahalli,Sarjapur Road,,,Driver is not moving towards pickup location,Not Applicable,Not Applicable,Not Applicable,777,Not Applicable,0,,
2024-07-23 20:22:00,CNR4388762994,Canceled by Customer,CID859459,Bike,Rajarajeshwari Nagar,Sarjapur Road,,,AC is Not working,Not Applicable,Not Applicable,Not Applicable,440,Not Applicable,0,,
2024-07-16 10:57:00,CNR3963348872,Success,CID242890,Prime Sedan,Frazer Town,MG Road,238.0,95.0,Not Applicable,Not Applicable,No,Not Applicable,106,Cash,1,3.1,3.8
2024-07-27 13:23:00,CNR3386346835,Success,CID241254,Prime Sedan,Langford Town,Hulimavu,140.0,40.0,Not Applicable,Not Applicable,No,Not Applicable,687,Cash,46,4.4,5.0
2024-07-15 15:24:00,CNR8388753687,Canceled by Driver,CID953497,Prime SUV,Hosur Road,Vijayanagar,,,Not Applicable,Customer related issue,Not Applicable,Not Applicable,294,Not Applicable,0,,
2024-07-20 00:13:00,CNR3586643129,Success,CID810443,Bike,Magadi Road,KR Puram,70.0,60.0,Not Applicable,Not Applicable,No,Not Applicable,156,UPI,32,4.4,3.6
2024-07-16 16:11:00,CNR4681941505,Success,CID884379,Mini,Electronic City,Rajajinagar,70.0,40.0,Not Applicable,Not Applicable,No,Not Applicable,386,Cash,8,3.4,4.8
2024-07-08 00:19:00,CNR5714449078,Success,CID968491,Prime Sedan,JP Nagar,Devanahalli,147.0,90.0,Not Applicable,Not Applicable,No,Not Applicable,132,UPI,30,4.4,3.2
2024-07-28 00:10:00,CNR5499120234,Success,CID577655,Auto,Chickpet,Magadi Road,154.0,40.0,Not Applicable,Not Applicable,No,Not Applicable,669,Cash,19,3.4,3.3
2024-07-13 19:08:00,CNR7915205018,Canceled by Customer,CID938771,Bike,Nagarbhavi,Nagarbhavi,,,Driver is not moving towards pickup location,Not Applicable,Not Applicable,Not Applicable,412,Not Applicable,0,,
2024-07-09 16:44:00,CNR8634678628,Success,CID284236,eBike,Peenya,Banashankari,119.0,60.0,Not Applicable,Not Applicable,No,Not Applicable,655,Cash,36,4.7,3.3
2024-07-21 10:06:00,CNR5244631122,Success,CID679696,eBike,Yelahanka,Mysore Road,49.0,100.0,Not Applicable,Not Applicable,No,Not Applicable,299,Cash,44,4.5,4.7
2024-07-01 17:49:00,CNR8547132286,Success,CID249338,Mini,Shantinagar,Banashankari,70.0,145.0,Not Applicable,Not Applicable,No,Not Applicable,216,Cash,10,4.5,4.4
2024-07-14 08:18:00,CNR1910029679,Success,CID245567,Prime Sedan,Yeshwanthpur,Majestic,161.0,90.0,Not Applicable,Not Applicable,No,Not Applicable,601,Cash,33,4.1,3.6
2024-07-09 22:43:00,CNR1259321395,Driver Not Found,CID975124,Prime Plus,Basavanagudi,Hennur,,,Not Applicable,Not Applicable,Not Applicable,Not Applicable,1021,Not Applicable,0,,
2024-07-13 15:26:00,CNR5326416726,Canceled by Driver,CID660522,Mini,RT Nagar,Shivajinagar,,,Not Applicable,Personal & Car related issue,Not Applicable,Not Applicable,271,Not Applicable,0,,
2024-07-08 02:25:00,CNR7482329086,Success,CID674037,Prime Plus,Bellandur,Indiranagar,119.0,60.0,Not Applicable,Not Applicable,No,Not Applicable,2039,UPI,30,4.2,4.9
2024-07-24 18:24:00,CNR8331904171,Canceled by Customer,CID663851,Prime Sedan,Hosur Road,Varthur,,,Driver asked to cancel,Not Applicable,Not Applicable,Not Applicable,681,Not Applicable,0,,
2024-07-17 18:52:00,CNR4925662506,Success,CID291835,Auto,Yelahanka,Hosur Road,63.0,125.0,Not Applicable,Not Applicable,No,Not Applicable,189,Credit Card,13,3.2,3.4
2024-07-11 06:51:00,CNR2019816078,Success,CID822014,Mini,Varthur,Yelahanka,210.0,25.0,Not Applicable,Not Applicable,No,Not Applicable,270,Cash,21,4.7,4.5
2024-07-07 18:52:00,CNR9435591051,Canceled by Driver,CID563626,Mini,Koramangala,Shantinagar,,,Not Applicable,Customer related issue,Not Applicable,Not Applicable,407,Not Applicable,0,,
2024-07-24 23:53:00,CNR2617745566,Canceled by Customer,CID607542,eBike,Chamarajpet,Malleshwaram,,,Driver asked to cancel,Not Applicable,Not Applicable,Not Applicable,424,Not Applicable,0,,
2024-07-16 01:23:00,CNR3866924256,Success,CID676249,Prime Plus,Magadi Road,Varthur,252.0,45.0,Not Applicable,Not Applicable,No,Not Applicable,595,UPI,37,4.6,4.3
2024-07-18 04:22:00,CNR8861754915,Success,CID970043,Auto,Devanahalli,Yeshwanthpur,56.0,115.0,Not Applicable,Not Applicable,Yes,Vehicle Breakdown,884,Cash,10,3.8,3.3
2024-07-16 21:20:00,CNR6419462384,Canceled by Driver,CID869060,Bike,Whitefield,Bannerghatta Road,,,Not Applicable,Personal & Car related issue,Not Applicable,Not Applicable,563,Not Applicable,0,,
2024-07-30 05:06:00,CNR3956807608,Success,CID706918,Prime Plus,Basavanagudi,Malleshwaram,42.0,25.0,Not Applicable,Not Applicable,No,Not Applicable,563,Cash,3,4.0,4.2
2024-07-21 04:22:00,CNR3097242857,Success,CID901423,Prime SUV,Yeshwanthpur,Shantinagar,175.0,55.0,Not Applicable,Not Applicable,No,Not Applicable,2937,UPI,4,4.3,3.8
2024-07-30 18:23:00,CNR3376682847,Canceled by Driver,CID504917,eBike,Hulimavu,JP Nagar,,,Not Applicable,Customer was coughing/sick,Not Applicable,Not Applicable,332,Not Applicable,0,,
2024-07-09 16:01:00,CNR2876131523,Success,CID401987,Prime SUV,Sarjapur Road,Hosur Road,280.0,80.0,Not Applicable,Not Applicable,No,Not Applicable,267,Cash,13,3.3,5.0
2024-07-25 04:53:00,CNR7869740908,Canceled by Driver,CID993778,Auto,Nagarbhavi,HSR Layout,,,Not Applicable,Personal & Car related issue,Not Applicable,Not Applicable,497,Not Applicable,0,,
2024-07-24 20:52:00,CNR6099874716,Driver Not Found,CID417690,Prime SUV,Bellandur,Shantinagar,,,Not Applicable,Not Applicable,Not Applicable,Not Applicable,227,Not Applicable,0,,
2024-07-03 22:16:00,CNR7765360252,Success,CID638680,Bike,Sahakar Nagar,Jayanagar,224.0,105.0,Not Applicable,Not Applicable,No,Not Applicable,144,Cash,30,4.4,4.0
2024-07-10 14:44:00,CNR3559158115,Success,CID275086,Prime SUV,Hebbal,Yelahanka,168.0,45.0,Not Applicable,Not Applicable,No,Not Applicable,1085,Cash,4,3.8,3.9
2024-07-27 15:54:00,CNR5508581969,Canceled by Driver,CID656302,Prime Sedan,RT Nagar,HSR Layout,,,Not Applicable,Personal & Car related issue,Not Applicable,Not Applicable,194,Not Applicable,0,,
2024-07-20 13:28:00,CNR6871071300,Canceled by Driver,CID802346,eBike,BTM Layout,Richmond Town,,,Not Applicable,More than permitted people in there,Not Applicable,Not Applicable,361,Not Applicable,0,,
2024-07-25 04:51:00,CNR9747363746,Driver Not Found,CID612697,Prime Sedan,RT Nagar,Kengeri,,,Not Applicable,Not Applicable,Not Applicable,Not Applicable,577,Not Applicable,0,,
2024-07-14 23:34:00,CNR4774967601,Success,CID758482,Auto,Tumkur Road,Whitefield,49.0,100.0,Not Applicable,Not Applicable,No,Not Applicable,229,Cash,14,4.3,3.5
2024-07-03 17:03:00,CNR1735950141,Success,CID904444,Prime Plus,Indiranagar,Varthur,133.0,95.0,Not Applicable,Not Applicable,No,Not Applicable,378,Cash,17,4.7,4.2
2024-07-26 11:01:00,CNR8746331110,Canceled by Driver,CID572051,Prime SUV,Malleshwaram,Rajarajeshwari Nagar,,,Not Applicable,Customer related issue,Not Applicable,Not Applicable,453,Not Applicable,0,,
2024-07-15 15:56:00,CNR8605189876,Success,CID795151,eBike,Chamarajpet,BTM Layout,77.0,130.0,Not Applicable,Not Applicable,No,Not Applicable,1473,Cash,38,4.6,4.7
2024-07-20 22:14:00,CNR2799031753,Success,CID737366,Prime Plus,Kadugodi,KR Puram,252.0,40.0,Not Applicable,Not Applicable,No,Not Applicable,239,UPI,7,3.5,4.8
2024-07-07 17:07:00,CNR2946992081,Success,CID191756,Prime SUV,Richmond Town,Devanahalli,196.0,65.0,Not Applicable,Not Applicable,No,Not Applicable,739,UPI,18,4.1,3.3
2024-07-12 18:22:00,CNR2285547408,Success,CID857913,eBike,Cox Town,Yelahanka,266.0,30.0,Not Applicable,Not Applicable,Yes,Customer Demand,340,Cash,28,4.8,3.0
2024-07-21 19:18:00,CNR1702923622,Success,CID735446,eBike,Nagarbhavi,Whitefield,252.0,80.0,Not Applicable,Not Applicable,No,Not Applicable,106,UPI,8,4.0,4.1
2024-07-28 23:32:00,CNR1726631370,Success,CID238404,Auto,Ulsoor,Electronic City,105.0,105.0,Not Applicable,Not Applicable,No,Not Applicable,212,Cash,1,4.2,3.4
2024-07-26 03:48:00,CNR3953466409,Success,CID760295,Mini,Hebbal,Whitefield,273.0,50.0,Not Applicable,Not Applicable,No,Not Applicable,349,Cash,39,3.3,3.6
2024-07-07 17:22:00,CNR6232465932,Canceled by Driver,CID260157,Mini,Nagarbhavi,Chickpet,,,Not Applicable,Customer was coughing/sick,Not Applicable,Not Applicable,1276,Not Applicable,0,,
2024-07-02 02:23:00,CNR3132788301,Canceled by Customer,CID459528,Prime SUV,Hulimavu,Kadugodi,,,AC is Not working,Not Applicable,Not Applicable,Not Applicable,284,Not Applicable,0,,
2024-07-26 16:42:00,CNR2324912340,Canceled by Driver,CID608508,Auto,Magadi Road,BTM Layout,,,Not Applicable,Personal & Car related issue,Not Applicable,Not Applicable,659,Not Applicable,0,,
2024-07-23 21:18:00,CNR3139158471,Success,CID857619,eBike,Koramangala,KR Puram,119.0,40.0,Not Applicable,Not Applicable,No,Not Applicable,487,UPI,36,3.9,4.7
2024-07-16 22:26:00,CNR3791739480,Driver Not Found,CID449943,Prime Sedan,Mysore Road,Mysore Road,,,Not Applicable,Not Applicable,Not Applicable,Not Applicable,371,Not Applicable,0,,
2024-07-08 20:17:00,CNR3953108958,Success,CID792384,Prime Sedan,Kammanahalli,Yeshwanthpur,245.0,60.0,Not Applicable,Not Applicable,No,Not Applicable,797,UPI,20,3.1,3.0
2024-07-01 16:44:00,CNR9717147687,Canceled by Customer,CID535997,Prime Sedan,HSR Layout,Rajajinagar,,,Change of plans,Not Applicable,Not Applicable,Not Applicable,960,Not Applicable,0,,
2024-07-09 00:49:00,CNR2857303344,Success,CID731062,Prime Sedan,Peenya,Rajajinagar,196.0,50.0,Not Applicable,Not Applicable,No,Not Applicable,279,UPI,37,5.0,3.0
2024-07-02 06:56:00,CNR8648851450,Success,CID400562,Prime Sedan,Langford Town,Marathahalli,112.0,70.0,Not Applicable,Not Applicable,No,Not Applicable,409,Cash,37,4.5,3.8
2024-07-02 02:06:00,CNR8902408539,Success,CID447549,Bike,Shantinagar,Electronic City,35.0,70.0,Not Applicable,Not Applicable,No,Not Applicable,141,UPI,2,3.7,4.8
2024-07-11 11:32:00,CNR2624101254,Success,CID874429,eBike,Frazer Town,Rajajinagar,252.0,55.0,Not Applicable,Not Applicable,No,Not Applicable,545,UPI,33,4.4,3.5
2024-07-16 09:08:00,CNR6027886193,Success,CID947306,Prime SUV,Koramangala,Chickpet,147.0,60.0,Not Applicable,Not Applicable,No,Not Applicable,116,Cash,34,4.8,3.6
2024-07-01 22:38:00,CNR6950705429,Success,CID647002,Mini,Jayanagar,Frazer Town,280.0,25.0,Not Applicable,Not Applicable,No,Not Applicable,265,Cash,9,4.9,4.9
2024-07-27 02:32:00,CNR7902376344,Canceled by Driver,CID544614,Auto,Magadi Road,Tumkur Road,,,Not Applicable,Customer related issue,Not Applicable,Not Applicable,250,Not Applicable,0,,
2024-07-17 16:46:00,CNR6325340473,Canceled by Driver,CID320440,Prime Plus,BTM Layout,Malleshwaram,,,Not Applicable,Personal & Car related issue,Not Applicable,Not Applicable,142,Not Applicable,0,,
2024-07-27 06:03:00,CNR6532783486,Canceled by Customer,CID382862,Prime Plus,Cox Town,Bannerghatta Road,,,Driver asked to cancel,Not Applicable,Not Applicable,Not Applicable,275,Not Applicable,0,,
2024-07-03 17:38:00,CNR6581549538,Driver Not Found,CID609955,Auto,Malleshwaram,Hebbal,,,Not Applicable,Not Applicable,Not Applicable,Not Applicable,204,Not Applicable,0,,
2024-07-03 17:59:00,CNR1503458248,Success,CID830840,Prime Plus,Marathahalli,Koramangala,154.0,115.0,Not Applicable,Not Applicable,Yes,Vehicle Breakdown,414,Cash,16,3.3,3.2
2024-07-22 22:14:00,CNR1042920574,Success,CID159504,Prime SUV,Cox Town,Malleshwaram,84.0,95.0,Not Applicable,Not Applicable,No,Not Applicable,198,Cash,13,3.1,3.4
2024-07-05 04:18:00,CNR6024482661,Success,CID729990,Prime SUV,Langford Town,Bannerghatta Road,119.0,115.0,Not Applicable,Not Applicable,No,Not Applicable,313,UPI,42,4.7,3.8
2024-07-07 13:47:00,CNR8752068150,Success,CID368069,Auto,Marathahalli,Hosur Road,49.0,70.0,Not Applicable,Not Applicable,No,Not Applicable,2511,Cash,11,3.6,4.1
2024-07-22 10:00:00,CNR5454408869,Success,CID304962,Prime Plus,Rajajinagar,Langford Town,154.0,115.0,Not Applicable,Not Applicable,No,Not Applicable,469,UPI,18,4.3,3.4
2024-07-23 06:49:00,CNR8700618544,Canceled by Customer,CID917879,Auto,Rajajinagar,Jayanagar,,,Driver asked to cancel,Not Applicable,Not Applicable,Not Applicable,152,Not Applicable,0,,
2024-07-27 08:22:00,CNR7983019350,Success,CID554157,Mini,Rajarajeshwari Nagar,KR Puram,147.0,105.0,Not Applicable,Not Applicable,No,Not Applicable,199,UPI,37,3.8,3.3
2024-07-25 19:25:00,CNR3579687527,Success,CID756876,Auto,Yeshwanthpur,Hebbal,119.0,125.0,Not Applicable,Not Applicable,No,Not Applicable,107,Cash,15,3.6,4.3
2024-07-15 08:53:00,CNR4619127160,Success,CID667467,eBike,Nagarbhavi,Whitefield,98.0,115.0,Not Applicable,Not Applicable,No,Not Applicable,265,Cash,11,4.4,4.2
2024-07-19 08:21:00,CNR7887302174,Success,CID698678,Auto,Kengeri,Marathahalli,238.0,35.0,Not Applicable,Not Applicable,No,Not Applicable,744,UPI,11,4.4,4.2
2024-07-02 01:22:00,CNR2394503237,Canceled by Driver,CID860961,Auto,Bannerghatta Road,Whitefield,,,Not Applicable,Customer related issue,Not Applicable,Not Applicable,896,Not Applicable,0,,
2024-07-06 16:53:00,CNR6651563856,Canceled by Driver,CID441262,Bike,Kammanahalli,Whitefield,,,Not Applicable,Personal & Car related issue,Not Applicable,Not Applicable,782,Not Applicable,0,,
2024-07-01 08:48:00,CNR4523108838,Success,CID445414,Prime Plus,Sahakar Nagar,JP Nagar,182.0,55.0,Not Applicable,Not Applicable,No,Not Applicable,1130,UPI,31,4.9,3.8
2024-07-05 20:44:00,CNR5859501820,Canceled by Driver,CID832458,Bike,HSR Layout,Sarjapur Road,,,Not Applicable,Customer related issue,Not Applicable,Not Applicable,407,Not Applicable,0,,
2024-07-09 21:57:00,CNR1303803224,Success,CID650659,Prime SUV,Richmond Town,Kadugodi,161.0,65.0,Not Applicable,Not Applicable,Yes,Vehicle Breakdown,331,Cash,21,3.9,4.0
2024-07-29 06:34:00,CNR9200283547,Canceled by Customer,CID522393,Prime SUV,Koramangala,Langford Town,,,Wrong Address,Not Applicable,Not Applicable,Not Applicable,157,Not Applicable,0,,
2024-07-16 14:55:00,CNR1973188136,Canceled by Customer,CID279283,Mini,Koramangala,Richmond Town,,,Driver asked to cancel,Not Applicable,Not Applicable,Not Applicable,1245,Not Applicable,0,,
2024-07-30 14:42:00,CNR1927555914,Success,CID208420,Prime Plus,Banashankari,Indiranagar,133.0,85.0,Not Applicable,Not Applicable,No,Not Applicable,945,Cash,38,3.6,4.1
2024-07-06 09:55:00,CNR6346308199,Canceled by Customer,CID981401,eBike,MG Road,Yelahanka,,,Change of plans,Not Applicable,Not Applicable,Not Applicable,480,Not Applicable,0,,
2024-07-24 11:37:00,CNR5293267017,Success,CID952829,Auto,Banashankari,Devanahalli,308.0,145.0,Not Applicable,Not Applicable,Yes,Vehicle Breakdown,150,Cash,4,4.7,4.1
2024-07-11 12:34:00,CNR9562632666,Success,CID184073,Auto,KR Puram,Tumkur Road,168.0,55.0,Not Applicable,Not Applicable,No,Not Applicable,527,UPI,2,3.3,3.8
2024-07-23 09:50:00,CNR6240603022,Success,CID298048,Mini,Bellandur,BTM Layout,217.0,135.0,Not Applicable,Not Applicable,No,Not Applicable,297,Cash,12,4.0,4.5
2024-07-27 02:50:00,CNR5298101778,Success,CID825213,Prime Sedan,Majestic,MG Road,105.0,115.0,Not Applicable,Not Applicable,No,Not Applicable,235,Cash,46,3.5,3.8
2024-07-05 00:35:00,CNR8395608700,Canceled by Driver,CID377871,eBike,KR Puram,Cox Town,,,Not Applicable,Personal & Car related issue,Not Applicable,Not Applicable,244,Not Applicable,0,,
2024-07-04 15:45:00,CNR9476831984,Success,CID499090,eBike,Frazer Town,BTM Layout,280.0,75.0,Not Applicable,Not Applicable,No,Not Applicable,218,Cash,46,3.0,3.3
2024-07-27 02:09:00,CNR1430684312,Canceled by Customer,CID191496,Mini,Magadi Road,Malleshwaram,,,Driver asked to cancel,Not Applicable,Not Applicable,Not Applicable,745,Not Applicable,0,,
2024-07-03 01:15:00,CNR5591643598,Success,CID420069,Prime Plus,Vijayanagar,Koramangala,147.0,105.0,Not Applicable,Not Applicable,No,Not Applicable,369,Cash,20,4.5,3.6
2024-07-25 16:51:00,CNR4638935465,Success,CID466985,Prime Sedan,Sarjapur Road,Whitefield,196.0,90.0,Not Applicable,Not Applicable,No,Not Applicable,238,Cash,11,4.7,3.6
2024-07-02 02:14:00,CNR8329179039,Success,CID104797,Prime SUV,Yeshwanthpur,Chamarajpet,161.0,65.0,Not Applicable,Not Applicable,No,Not Applicable,544,UPI,17,3.4,5.0
2024-07-18 00:39:00,CNR5670454705,Driver Not Found,CID999689,Bike,Sahakar Nagar,Hulimavu,,,Not Applicable,Not Applicable,Not Applicable,Not Applicable,186,Not Applicable,0,,
2024-07-08 17:15:00,CNR8261193043,Success,CID518525,Prime Sedan,Ulsoor,Shivajinagar,196.0,120.0,Not Applicable,Not Applicable,No,Not Applicable,1565,UPI,22,3.0,4.3
2024-07-03 12:37:00,CNR2664413490,Success,CID459550,eBike,Frazer Town,Padmanabhanagar,168.0,130.0,Not Applicable,Not Applicable,No,Not Applicable,203,UPI,28,5.0,3.8
2024-07-29 08:39:00,CNR4581825874,Driver Not Found,CID939823,Auto,JP Nagar,Varthur,,,Not Applicable,Not Applicable,Not Applicable,Not Applicable,421,Not Applicable,0,,
2024-07-17 19:42:00,CNR4081181361,Success,CID911266,Prime Plus,Kengeri,Shantinagar,245.0,30.0,Not Applicable,Not Applicable,No,Not Applicable,1231,Cash,32,4.3,3.8
2024-07-16 02:16:00,CNR6104061971,Success,CID897902,eBike,Rajajinagar,Kengeri,266.0,110.0,Not Applicable,Not Applicable,No,Not Applicable,218,Cash,19,3.5,3.9
2024-07-12 07:43:00,CNR7111568540,Canceled by Customer,CID551280,Mini,HSR Layout,Majestic,,,Driver is not moving towards pickup location,Not Applicable,Not Applicable,Not Applicable,471,Not Applicable,0,,
2024-07-28 05:13:00,CNR2456627735,Canceled by Customer,CID727691,Auto,Varthur,Tumkur Road,,,AC is Not working,Not Applicable,Not Applicable,Not Applicable,180,Not Applicable,0,,
2024-07-03 21:45:00,CNR5327153552,Success,CID981297,Auto,Varthur,Indiranagar,266.0,115.0,Not Applicable,Not Applicable,No,Not Applicable,431,Cash,7,4.7,4.3
2024-07-26 16:32:00,CNR6056146240,Driver Not Found,CID438043,Bike,Bellandur,Cox Town,,,Not Applicable,Not Applicable,Not Applicable,Not Applicable,217,Not Applicable,0,,
2024-07-30 15:37:00,CNR2835834397,Success,CID820501,Prime SUV,Ulsoor,Kadugodi,224.0,90.0,Not Applicable,Not Applicable,No,Not Applicable,219,UPI,6,4.6,4.1
2024-07-22 02:57:00,CNR1787411392,Canceled by Driver,CID575420,eBike,MG Road,Rajajinagar,,,Not Applicable,Customer was coughing/sick,Not Applicable,Not Applicable,175,Not Applicable,0,,
2024-07-26 15:16:00,CNR8732713609,Canceled by Driver,CID565865,Prime Sedan,HSR Layout,KR Puram,,,Not Applicable,Customer related issue,Not Applicable,Not Applicable,216,Not Applicable,0,,
2024-07-02 18:34:00,CNR8270765383,Success,CID241650,Prime Plus,Banashankari,Banashankari,133.0,105.0,Not Applicable,Not Applicable,No,Not Applicable,1246,UPI,2,3.6,3.1
2024-07-20 09:38:00,CNR1273646156,Canceled by Customer,CID143869,Auto,JP Nagar,BTM Layout,,,Driver asked to cancel,Not Applicable,Not Applicable,Not Applicable,400,Not Applicable,0,,
2024-07-26 19:41:00,CNR5247254845,Success,CID795239,Auto,Rajarajeshwari Nagar,Nagarbhavi,112.0,100.0,Not Applicable,Not Applicable,No,Not Applicable,481,Cash,7,3.4,4.5
2024-07-19 15:04:00,CNR7446957291,Canceled by Driver,CID186806,Prime Sedan,Vijayanagar,Whitefield,,,Not Applicable,Customer related issue,Not Applicable,Not Applicable,960,Not Applicable,0,,
2024-07-19 18:34:00,CNR6081508208,Canceled by Driver,CID478200,Mini,Marathahalli,Chamarajpet,,,Not Applicable,Customer related issue,Not Applicable,Not Applicable,335,Not Applicable,0,,
2024-07-01 18:33:00,CNR3245671731,Driver Not Found,CID619352,Auto,RT Nagar,HSR Layout,,,Not Applicable,Not Applicable,Not Applicable,Not Applicable,482,Not Applicable,0,,
2024-07-14 05:55:00,CNR6159341681,Success,CID633976,Auto,Chamarajpet,KR Puram,126.0,70.0,Not Applicable,Not Applicable,Yes,Vehicle Breakdown,369,UPI,7,3.9,3.2
2024-07-13 22:03:00,CNR6677340742,Canceled by Driver,CID885079,Auto,Bannerghatta Road,Bannerghatta Road,,,Not Applicable,Personal & Car related issue,Not Applicable,Not Applicable,191,Not Applicable,0,,
2024-07-08 10:12:00,CNR5772914306,Canceled by Customer,CID688862,eBike,Vijayanagar,Koramangala,,,Driver is not moving towards pickup location,Not Applicable,Not Applicable,Not Applicable,493,Not Applicable,0,,
2024-07-23 15:07:00,CNR5996799209,Success,CID203203,eBike,Kadugodi,RT Nagar,70.0,45.0,Not Applicable,Not Applicable,No,Not Applicable,213,UPI,30,3.7,4.7
2024-07-29 02:47:00,CNR2602254187,Canceled by Driver,CID443656,Prime Plus,Shantinagar,Koramangala,,,Not Applicable,Customer was coughing/sick,Not Applicable,Not Applicable,179,Not Applicable,0,,
2024-07-23 06:30:00,CNR5154825090,Success,CID233192,Bike,Peenya,Yelahanka,210.0,75.0,Not Applicable,Not Applicable,No,Not Applicable,318,UPI,23,4.5,3.7
2024-07-14 10:04:00,CNR4668372183,Driver Not Found,CID681184,Prime Sedan,BTM Layout,Bannerghatta Road,,,Not Applicable,Not Applicable,Not Applicable,Not Applicable,217,Not Applicable,0,,
2024-07-30 21:27:00,CNR5045983148,Success,CID408992,Prime SUV,Shivajinagar,Majestic,189.0,70.0,Not Applicable,Not Applicable,No,Not Applicable,2230,Cash,10,4.3,3.9
2024-07-15 16:20:00,CNR3152243643,Success,CID118344,Prime SUV,JP Nagar,BTM Layout,301.0,50.0,Not Applicable,Not Applicable,No,Not Applicable,1881,Cash,8,3.8,4.1
2024-07-03 22:10:00,CNR9465321940,Success,CID452291,Prime Sedan,MG Road,Rajarajeshwari Nagar,91.0,40.0,Not Applicable,Not Applicable,No,Not Applicable,496,Cash,28,3.4,3.9
2024-07-25 12:46:00,CNR9855718110,Success,CID932698,Auto,Yeshwanthpur,Rajajinagar,77.0,30.0,Not Applicable,Not Applicable,No,Not Applicable,237,Cash,7,5.0,3.9
2024-07-20 16:30:00,CNR2491238925,Success,CID434155,Prime Sedan,Majestic,Kammanahalli,70.0,115.0,Not Applicable,Not Applicable,No,Not Applicable,174,Cash,33,3.9,3.9
2024-07-06 22:43:00,CNR8137471729,Success,CID526322,Prime Sedan,Hebbal,Nagarbhavi,245.0,70.0,Not Applicable,Not Applicable,No,Not Applicable,403,Cash,5,4.1,3.0
2024-07-29 05:22:00,CNR3353462461,Canceled by Driver,CID538757,Prime Plus,Ramamurthy Nagar,Kammanahalli,,,Not Applicable,Customer related issue,Not Applicable,Not Applicable,251,Not Applicable,0,,
2024-07-22 21:06:00,CNR8620717957,Driver Not Found,CID708120,Prime SUV,Kadugodi,Frazer Town,,,Not Applicable,Not Applicable,Not Applicable,Not Applicable,313,Not Applicable,0,,
2024-07-21 10:07:00,CNR3531067573,Success,CID349646,Prime Sedan,Electronic City,Vijayanagar,231.0,45.0,Not Applicable,Not Applicable,No,Not Applicable,684,UPI,25,4.9,3.1
2024-07-20 17:00:00,CNR6659502484,Success,CID754056,Mini,Bellandur,Kadugodi,91.0,50.0,Not Applicable,Not Applicable,No,Not Applicable,158,UPI,2,4.0,4.9
2024-07-01 18:31:00,CNR2530155140,Success,CID388062,eBike,Langford Town,Shantinagar,91.0,55.0,Not Applicable,Not Applicable,No,Not Applicable,691,UPI,43,3.8,4.5
2024-07-11 15:07:00,CNR7938920731,Success,CID556928,Prime Plus,Sahakar Nagar,Richmond Town,273.0,130.0,Not Applicable,Not Applicable,No,Not Applicable,131,UPI,7,4.3,3.7
2024-07-27 21:55:00,CNR9516693404,Canceled by Driver,CID498417,Bike,Frazer Town,Marathahalli,,,Not Applicable,Personal & Car related issue,Not Applicable,Not Applicable,340,Not Applicable,0,,
2024-07-20 05:23:00,CNR3702388119,Success,CID496623,eBike,Frazer Town,Koramangala,182.0,110.0,Not Applicable,Not Applicable,No,Not Applicable,2689,UPI,46,3.2,4.2
2024-07-09 02:38:00,CNR5032850369,Success,CID323452,Prime Plus,Padmanabhanagar,Frazer Town,224.0,100.0,Not Applicable,Not Applicable,No,Not Applicable,942,Cash,18,4.8,3.7
2024-07-21 07:19:00,CNR5335007879,Success,CID820966,Mini,Padmanabhanagar,Padmanabhanagar,259.0,70.0,Not Applicable,Not Applicable,No,Not Applicable,109,UPI,18,4.1,4.1
2024-07-15 20:52:00,CNR9554669881,Canceled by Customer,CID766299,Prime SUV,Mysore Road,Ramamurthy Nagar,,,Driver is not moving towards pickup location,Not Applicable,Not Applicable,Not Applicable,219,Not Applicable,0,,
2024-07-10 07:24:00,CNR6542616555,Canceled by Driver,CID375374,Prime Sedan,Richmond Town,Electronic City,,,Not Applicable,Customer related issue,Not Applicable,Not Applicable,1117,Not Applicable,0,,
2024-07-19 14:34:00,CNR5314632581,Canceled by Customer,CID892769,Prime Plus,Indiranagar,Kengeri,,,Driver is not moving towards pickup location,Not Applicable,Not Applicable,Not Applicable,278,Not Applicable,0,,
2024-07-07 07:19:00,CNR7016981811,Success,CID645895,eBike,Magadi Road,Varthur,287.0,45.0,Not Applicable,Not Applicable,No,Not Applicable,281,Cash,39,4.3,4.4
2024-07-13 08:45:00,CNR8259015787,Canceled by Driver,CID796187,eBike,Shantinagar,Frazer Town,,,Not Applicable,Customer related issue,Not Applicable,Not Applicable,297,Not Applicable,0,,
2024-07-17 02:47:00,CNR9351275211,Success,CID167510,eBike,Nagarbhavi,Nagarbhavi,70.0,85.0,Not Applicable,Not Applicable,No,Not Applicable,204,Cash,3,4.5,4.8
2024-07-11 05:07:00,CNR6171620470,Success,CID623458,Bike,Rajajinagar,Hebbal,224.0,90.0,Not Applicable,Not Applicable,No,Not Applicable,405,UPI,17,4.7,4.0
2024-07-05 12:13:00,CNR6176379798,Driver Not Found,CID639690,eBike,JP Nagar,Basavanagudi,,,Not Applicable,Not Applicable,Not Applicable,Not Applicable,2720,Not Applicable,0,,
2024-07-22 08:51:00,CNR4588813834,Canceled by Driver,CID179447,Auto,Malleshwaram,Padmanabhanagar,,,Not Applicable,Personal & Car related issue,Not Applicable,Not Applicable,142,Not Applicable,0,,
2024-07-09 21:44:00,CNR4895003585,Success,CID613257,Mini,KR Puram,Mysore Road,56.0,120.0,Not Applicable,Not Applicable,No,Not Applicable,1533,Cash,42,4.9,4.7
2024-07-30 12:25:00,CNR5101138543,Canceled by Driver,CID346190,Prime SUV,Yelahanka,Nagarbhavi,,,Not Applicable,Personal & Car related issue,Not Applicable,Not Applicable,362,Not Applicable,0,,
2024-07-11 19:52:00,CNR2483040520,Success,CID399224,Auto,Langford Town,Kengeri,273.0,45.0,Not Applicable,Not Applicable,No,Not Applicable,644,Cash,17,4.4,4.9
2024-07-18 22:08:00,CNR2771213097,Canceled by Customer,CID733739,Mini,Richmond Town,Majestic,,,Driver is not moving towards pickup location,Not Applicable,Not Applicable,Not Applicable,950,Not Applicable,0,,
2024-07-05 18:42:00,CNR3719170791,Canceled by Customer,CID159217,eBike,Banashankari,Sarjapur Road,,,Driver is not moving towards pickup location,Not Applicable,Not Applicable,Not Applicable,445,Not Applicable,0,,
2024-07-30 15:46:00,CNR5284296528,Success,CID774627,Prime Plus,Sarjapur Road,BTM Layout,91.0,140.0,Not Applicable,Not Applicable,No,Not Applicable,846,Credit Card,2,4.5,4.0
2024-07-21 13:22:00,CNR7123845001,Canceled by Driver,CID736758,Prime SUV,RT Nagar,Shantinagar,,,Not Applicable,Customer related issue,Not Applicable,Not Applicable,368,Not Applicable,0,,
2024-07-27 07:45:00,CNR5175378231,Success,CID285360,Bike,Ulsoor,Marathahalli,77.0,75.0,Not Applicable,Not Applicable,No,Not Applicable,162,Cash,22,3.1,3.3
2024-07-09 00:47:00,CNR1238360998,Success,CID834534,Auto,Langford Town,Sarjapur Road,266.0,95.0,Not Applicable,Not Applicable,No,Not Applicable,107,Cash,3,3.5,3.6
2024-07-09 14:45:00,CNR3208691843,Canceled by Customer,CID824914,Prime Plus,Yeshwanthpur,JP Nagar,,,AC is Not working,Not Applicable,Not Applicable,Not Applicable,328,Not Applicable,0,,
2024-07-21 09:18:00,CNR8153044312,Success,CID238397,Mini,Jayanagar,Majestic,252.0,135.0,Not Applicable,Not Applicable,No,Not Applicable,494,Cash,17,4.8,4.3
2024-07-10 08:00:00,CNR9219312397,Success,CID111962,Mini,RT Nagar,Kammanahalli,175.0,40.0,Not Applicable,Not Applicable,No,Not Applicable,137,Cash,9,3.8,3.2
2024-07-09 08:42:00,CNR5029170995,Success,CID706099,eBike,Sahakar Nagar,RT Nagar,189.0,140.0,Not Applicable,Not Applicable,No,Not Applicable,296,Cash,13,3.5,4.1
2024-07-10 05:15:00,CNR7938813618,Success,CID899889,Prime Plus,HSR Layout,Malleshwaram,168.0,50.0,Not Applicable,Not Applicable,No,Not Applicable,853,UPI,13,4.3,4.4
2024-07-05 18:48:00,CNR1047071324,Canceled by Customer,CID282814,Auto,Devanahalli,RT Nagar,,,Change of plans,Not Applicable,Not Applicable,Not Applicable,308,Not Applicable,0,,
2024-07-14 23:45:00,CNR7027258081,Success,CID653214,Prime SUV,JP Nagar,Koramangala,238.0,95.0,Not Applicable,Not Applicable,No,Not Applicable,781,UPI,9,4.7,3.5
2024-07-09 00:51:00,CNR3888416967,Success,CID390438,Auto,Yelahanka,Kengeri,98.0,110.0,Not Applicable,Not Applicable,No,Not Applicable,890,Cash,6,3.1,4.7
2024-07-27 15:46:00,CNR4463821906,Success,CID648169,Bike,Chickpet,Basavanagudi,91.0,70.0,Not Applicable,Not Applicable,No,Not Applicable,270,UPI,27,4.1,3.2
2024-07-18 05:28:00,CNR2855784699,Success,CID306953,Mini,Bellandur,Nagarbhavi,224.0,130.0,Not Applicable,Not Applicable,No,Not Applicable,152,Cash,21,3.5,3.0
2024-07-20 01:29:00,CNR6667623653,Canceled by Driver,CID162115,eBike,MG Road,Hebbal,,,Not Applicable,Customer related issue,Not Applicable,Not Applicable,193,Not Applicable,0,,
2024-07-05 10:51:00,CNR7241594005,Driver Not Found,CID211001,Mini,Cox Town,Kammanahalli,,,Not Applicable,Not Applicable,Not Applicable,Not Applicable,542,Not Applicable,0,,
2024-07-28 20:03:00,CNR6505661021,Canceled by Driver,CID113117,Prime SUV,Ramamurthy Nagar,Langford Town,,,Not Applicable,More than permitted people in there,Not Applicable,Not Applicable,459,Not Applicable,0,,
2024-07-20 19:14:00,CNR4565171291,Success,CID372033,Prime SUV,Langford Town,Richmond Town,91.0,65.0,Not Applicable,Not Applicable,Yes,Customer Demand,357,UPI,18,3.0,3.7
2024-07-25 22:41:00,CNR2581011188,Success,CID120041,Prime Plus,Padmanabhanagar,KR Puram,224.0,35.0,Not Applicable,Not Applicable,No,Not Applicable,466,Cash,6,4.7,3.1
2024-07-17 23:15:00,CNR5803207130,Driver Not Found,CID476238,Prime Plus,Jayanagar,Ulsoor,,,Not Applicable,Not Applicable,Not Applicable,Not Applicable,443,Not Applicable,0,,
2024-07-25 07:19:00,CNR8213505047,Success,CID907808,Bike,Langford Town,Yelahanka,224.0,135.0,Not Applicable,Not Applicable,No,Not Applicable,1866,UPI,22,4.6,4.7
2024-07-02 16:51:00,CNR8150564088,Success,CID211511,Prime SUV,Jayanagar,Mysore Road,84.0,125.0,Not Applicable,Not Applicable,No,Not Applicable,427,UPI,4,4.3,3.3
2024-07-27 23:48:00,CNR2247479583,Success,CID488404,Prime Sedan,Hosur Road,Shantinagar,161.0,55.0,Not Applicable,Not Applicable,No,Not Applicable,2054,UPI,39,3.4,3.4
2024-07-26 09:35:00,CNR1834338484,Canceled by Driver,CID658503,Prime Plus,Kadugodi,Jayanagar,,,Not Applicable,Customer was coughing/sick,Not Applicable,Not Applicable,325,Not Applicable,0,,
2024-07-15 12:18:00,CNR3342712643,Success,CID900602,Bike,Jayanagar,Hebbal,98.0,45.0,Not Applicable,Not Applicable,No,Not Applicable,2715,Cash,16,4.6,4.2
2024-07-20 20:08:00,CNR3301930151,Success,CID318134,Bike,Richmond Town,Hebbal,63.0,65.0,Not Applicable,Not Applicable,No,Not Applicable,162,Cash,14,3.6,4.6
2024-07-04 02:26:00,CNR7332240405,Success,CID702847,Prime Plus,MG Road,Sarjapur Road,294.0,145.0,Not Applicable,Not Applicable,No,Not Applicable,428,UPI,3,3.4,3.5
2024-07-26 06:19:00,CNR3294215660,Success,CID569707,Prime SUV,Marathahalli,Cox Town,294.0,75.0,Not Applicable,Not Applicable,No,Not Applicable,175,UPI,7,3.0,3.8
2024-07-04 14:26:00,CNR3843537932,Success,CID215477,Prime SUV,Magadi Road,Whitefield,259.0,90.0,Not Applicable,Not Applicable,No,Not Applicable,449,Cash,36,4.0,3.1
2024-07-24 07:04:00,CNR6806605341,Canceled by Driver,CID814636,eBike,Peenya,JP Nagar,,,Not Applicable,Personal & Car related issue,Not Applicable,Not Applicable,665,Not Applicable,0,,
2024-07-07 11:44:00,CNR8181799454,Success,CID741994,Prime Sedan,Cox Town,Malleshwaram,133.0,30.0,Not Applicable,Not Applicable,No,Not Applicable,164,Cash,31,4.4,3.1
2024-07-16 10:13:00,CNR5563605183,Success,CID912274,Prime Plus,Sahakar Nagar,Hulimavu,189.0,35.0,Not Applicable,Not Applicable,No,Not Applicable,165,UPI,40,3.3,3.8
2024-07-27 04:08:00,CNR6167151696,Success,CID505618,Prime SUV,Hennur,Chamarajpet,252.0,35.0,Not Applicable,Not Applicable,No,Not Applicable,427,Cash,48,4.7,4.0
2024-07-26 23:07:00,CNR1338994085,Success,CID545901,Bike,Kadugodi,Yeshwanthpur,168.0,70.0,Not Applicable,Not Applicable,No,Not Applicable,299,UPI,23,4.3,3.9
2024-07-10 05:54:00,CNR1295993623,Success,CID999396,Bike,Chamarajpet,Kadugodi,308.0,135.0,Not Applicable,Not Applicable,No,Not Applicable,263,UPI,25,3.7,4.5
2024-07-18 01:47:00,CNR6067284346,Success,CID883931,Prime SUV,Tumkur Road,KR Puram,217.0,110.0,Not Applicable,Not Applicable,No,Not Applicable,452,Cash,13,3.7,3.2
2024-07-12 08:22:00,CNR7611518329,Success,CID261223,eBike,Bellandur,Indiranagar,266.0,85.0,Not Applicable,Not Applicable,No,Not Applicable,857,UPI,31,3.6,3.8
2024-07-20 14:38:00,CNR6637165238,Driver Not Found,CID684981,Mini,JP Nagar,Kadugodi,,,Not Applicable,Not Applicable,Not Applicable,Not Applicable,282,Not Applicable,0,,
2024-07-27 01:26:00,CNR9415384470,Driver Not Found,CID435455,Auto,Majestic,Hosur Road,,,Not Applicable,Not Applicable,Not Applicable,Not Applicable,681,Not Applicable,0,,
2024-07-04 18:18:00,CNR1335691495,Success,CID760455,Prime SUV,RT Nagar,Vijayanagar,70.0,65.0,Not Applicable,Not Applicable,No,Not Applicable,405,Cash,4,4.1,4.3
2024-07-16 07:33:00,CNR8436101263,Success,CID708800,Prime SUV,JP Nagar,Devanahalli,266.0,80.0,Not Applicable,Not Applicable,No,Not Applicable,289,Cash,32,3.6,3.8
2024-07-05 09:39:00,CNR4336363907,Success,CID420916,Mini,Peenya,MG Road,42.0,30.0,Not Applicable,Not Applicable,No,Not Applicable,292,UPI,14,3.7,4.0
2024-07-25 13:11:00,CNR4690190908,Success,CID983911,Auto,Varthur,Bellandur,245.0,80.0,Not Applicable,Not Applicable,No,Not Applicable,537,UPI,16,3.3,5.0
2024-07-06 23:38:00,CNR4612929944,Success,CID677924,Bike,Padmanabhanagar,Magadi Road,175.0,50.0,Not Applicable,Not Applicable,No,Not Applicable,276,Cash,32,4.4,4.5
2024-07-17 04:10:00,CNR2257359593,Canceled by Driver,CID126135,Bike,Malleshwaram,Electronic City,,,Not Applicable,Personal & Car related issue,Not Applicable,Not Applicable,171,Not Applicable,0,,
2024-07-17 18:44:00,CNR8442388869,Canceled by Driver,CID511818,Mini,Kengeri,Padmanabhanagar,,,Not Applicable,Personal & Car related issue,Not Applicable,Not Applicable,384,Not Applicable,0,,
2024-07-21 06:18:00,CNR2116447215,Driver Not Found,CID663917,Prime Plus,HSR Layout,Shantinagar,,,Not Applicable,Not Applicable,Not Applicable,Not Applicable,112,Not Applicable,0,,
2024-07-13 14:38:00,CNR1004996603,Canceled by Customer,CID350271,Prime Sedan,Cox Town,Hulimavu,,,Driver asked to cancel,Not Applicable,Not Applicable,Not Applicable,382,Not Applicable,0,,
2024-07-09 17:41:00,CNR1916288087,Success,CID300678,Mini,Frazer Town,KR Puram,280.0,135.0,Not Applicable,Not Applicable,No,Not Applicable,412,Cash,12,3.2,4.2
2024-07-10 22:00:00,CNR7663149913,Success,CID677484,eBike,Jayanagar,HSR Layout,252.0,90.0,Not Applicable,Not Applicable,No,Not Applicable,129,Cash,32,5.0,3.1
2024-07-06 01:54:00,CNR6224648139,Success,CID122878,Prime Plus,Tumkur Road,Langford Town,140.0,90.0,Not Applicable,Not Applicable,No,Not Applicable,119,UPI,39,4.0,3.4
2024-07-17 22:26:00,CNR8984886641,Success,CID655821,Mini,Jayanagar,Kadugodi,301.0,115.0,Not Applicable,Not Applicable,No,Not Applicable,991,Cash,17,4.2,4.7
2024-07-09 10:52:00,CNR8460219736,Driver Not Found,CID595825,Bike,Shivajinagar,HSR Layout,,,Not Applicable,Not Applicable,Not Applicable,Not Applicable,351,Not Applicable,0,,
2024-07-02 21:12:00,CNR5120208203,Driver Not Found,CID487986,eBike,Richmond Town,RT Nagar,,,Not Applicable,Not Applicable,Not Applicable,Not Applicable,179,Not Applicable,0,,
2024-07-08 14:57:00,CNR4117376679,Success,CID884440,Auto,Devanahalli,Rajarajeshwari Nagar,182.0,110.0,Not Applicable,Not Applicable,No,Not Applicable,637,Cash,8,3.5,3.8
2024-07-18 16:55:00,CNR6640827309,Success,CID947470,Auto,Electronic City,Majestic,140.0,125.0,Not Applicable,Not Applicable,No,Not Applicable,470,UPI,1,3.7,4.7
2024-07-18 05:56:00,CNR7098663531,Canceled by Driver,CID484565,eBike,Devanahalli,HSR Layout,,,Not Applicable,Customer was coughing/sick,Not Applicable,Not Applicable,2001,Not Applicable,0,,
2024-07-23 07:19:00,CNR2996269502,Success,CID197864,Prime SUV,Vijayanagar,Frazer Town,105.0,100.0,Not Applicable,Not Applicable,No,Not Applicable,595,UPI,26,4.2,4.3
2024-07-16 02:20:00,CNR9270109896,Canceled by Driver,CID449164,Prime SUV,Rajajinagar,BTM Layout,,,Not Applicable,Personal & Car related issue,Not Applicable,Not Applicable,226,Not Applicable,0,,
2024-07-17 05:34:00,CNR2648283915,Success,CID474991,eBike,Ramamurthy Nagar,Richmond Town,133.0,35.0,Not Applicable,Not Applicable,No,Not Applicable,467,Cash,48,4.0,3.5
2024-07-02 12:33:00,CNR2994838940,Driver Not Found,CID247607,Prime SUV,MG Road,Yeshwanthpur,,,Not Applicable,Not Applicable,Not Applicable,Not Applicable,481,Not Applicable,0,,
2024-07-01 06:14:00,CNR7411712906,Canceled by Customer,CID780773,Prime Sedan,Varthur,Rajajinagar,,,Change of plans,Not Applicable,Not Applicable,Not Applicable,412,Not Applicable,0,,
2024-07-30 20:37:00,CNR8841563241,Success,CID733816,eBike,Peenya,Magadi Road,77.0,60.0,Not Applicable,Not Applicable,No,Not Applicable,147,Cash,27,3.6,4.7
2024-07-20 22:00:00,CNR5264777773,Success,CID542804,eBike,Indiranagar,Peenya,77.0,80.0,Not Applicable,Not Applicable,No,Not Applicable,1774,UPI,20,3.8,3.8
2024-07-10 12:57:00,CNR3610911349,Canceled by Driver,CID246148,Auto,MG Road,Malleshwaram,,,Not Applicable,Customer was coughing/sick,Not Applicable,Not Applicable,162,Not Applicable,0,,
2024-07-21 20:16:00,CNR2714055948,Success,CID581117,Prime SUV,Electronic City,Malleshwaram,91.0,100.0,Not Applicable,Not Applicable,No,Not Applicable,459,Cash,23,3.7,3.2
2024-07-05 03:11:00,CNR7789222617,Canceled by Driver,CID756822,eBike,Devanahalli,Varthur,,,Not Applicable,Customer related issue,Not Applicable,Not Applicable,410,Not Applicable,0,,
2024-07-25 10:48:00,CNR2394361885,Success,CID863925,Auto,Electronic City,Hulimavu,280.0,140.0,Not Applicable,Not Applicable,No,Not Applicable,351,Cash,15,3.2,3.9
2024-07-18 08:44:00,CNR6684510548,Canceled by Customer,CID532013,Auto,MG Road,JP Nagar,,,Change of plans,Not Applicable,Not Applicable,Not Applicable,2665,Not Applicable,0,,
2024-07-27 04:45:00,CNR8883093222,Success,CID309645,Prime Sedan,Nagarbhavi,Malleshwaram,49.0,135.0,Not Applicable,Not Applicable,No,Not Applicable,192,Cash,25,4.2,3.9
2024-07-07 00:50:00,CNR6525362178,Canceled by Driver,CID719590,Auto,Jayanagar,Kengeri,,,Not Applicable,Personal & Car related issue,Not Applicable,Not Applicable,253,Not Applicable,0,,
2024-07-02 11:19:00,CNR1617334856,Success,CID358531,Mini,Peenya,Varthur,203.0,40.0,Not Applicable,Not Applicable,No,Not Applicable,1255,Cash,29,4.5,3.6
2024-07-15 12:18:00,CNR9148637170,Success,CID235380,Mini,Devanahalli,Yelahanka,161.0,90.0,Not Applicable,Not Applicable,No,Not Applicable,399,Cash,20,3.3,4.5
2024-07-25 12:20:00,CNR4847366744,Success,CID798735,Prime Sedan,RT Nagar,Hosur Road,91.0,80.0,Not Applicable,Not Applicable,No,Not Applicable,449,UPI,21,3.2,3.4
2024-07-11 18:15:00,CNR2112634393,Success,CID825744,Bike,Marathahalli,Sahakar Nagar,161.0,70.0,Not Applicable,Not Applicable,No,Not Applicable,622,Cash,33,3.9,3.5
2024-07-05 20:18:00,CNR6208035997,Success,CID674311,Auto,Electronic City,Padmanabhanagar,105.0,45.0,Not Applicable,Not Applicable,No,Not Applicable,391,Cash,11,4.0,3.6
2024-07-28 06:34:00,CNR4283194657,Success,CID901498,Prime Sedan,Padmanabhanagar,Ulsoor,308.0,80.0,Not Applicable,Not Applicable,No,Not Applicable,691,Cash,47,3.5,4.8
2024-07-10 05:05:00,CNR1898841185,Success,CID141818,Auto,Marathahalli,Hennur,56.0,25.0,Not Applicable,Not Applicable,No,Not Applicable,641,Cash,14,3.1,4.0
2024-07-11 15:27:00,CNR6053326039,Canceled by Driver,CID105522,Auto,Peenya,Bellandur,,,Not Applicable,More than permitted people in there,Not Applicable,Not Applicable,227,Not Applicable,0,,
2024-07-04 23:55:00,CNR8530096527,Success,CID921992,Prime Plus,Jayanagar,Shantinagar,238.0,115.0,Not Applicable,Not Applicable,No,Not Applicable,166,UPI,43,4.9,3.7
2024-07-19 02:35:00,CNR5822852533,Success,CID694672,Bike,Malleshwaram,Frazer Town,252.0,90.0,Not Applicable,Not Applicable,No,Not Applicable,415,Cash,39,3.4,4.2
2024-07-27 00:11:00,CNR8155733632,Canceled by Driver,CID983547,Prime Sedan,Chickpet,MG Road,,,Not Applicable,Customer was coughing/sick,Not Applicable,Not Applicable,271,Not Applicable,0,,
2024-07-22 07:10:00,CNR7859026513,Success,CID318084,Mini,Hebbal,Yeshwanthpur,224.0,75.0,Not Applicable,Not Applicable,No,Not Applicable,685,UPI,26,3.9,4.7
2024-07-05 15:44:00,CNR5431701945,Success,CID153913,Bike,Ulsoor,Hebbal,84.0,30.0,Not Applicable,Not Applicable,No,Not Applicable,474,UPI,49,4.8,3.1
2024-07-07 01:17:00,CNR9284965049,Driver Not Found,CID850377,Bike,Cox Town,Bannerghatta Road,,,Not Applicable,Not Applicable,Not Applicable,Not Applicable,492,Not Applicable,0,,
2024-07-15 23:05:00,CNR4012319294,Driver Not Found,CID264114,Bike,Devanahalli,Frazer Town,,,Not Applicable,Not Applicable,Not Applicable,Not Applicable,374,Not Applicable,0,,
2024-07-11 05:21:00,CNR8190714268,Success,CID475948,Prime SUV,Kadugodi,Hebbal,140.0,125.0,Not Applicable,Not Applicable,No,Not Applicable,104,UPI,41,4.1,4.3
2024-07-03 21:51:00,CNR6257787597,Success,CID334930,Prime Sedan,Kengeri,Kadugodi,161.0,60.0,Not Applicable,Not Applicable,No,Not Applicable,638,Cash,31,4.2,3.5
2024-07-07 17:24:00,CNR3799740343,Driver Not Found,CID281342,Bike,Langford Town,Indiranagar,,,Not Applicable,Not Applicable,Not Applicable,Not Applicable,442,Not Applicable,0,,
2024-07-11 16:26:00,CNR4142773018,Success,CID298030,Prime Sedan,HSR Layout,Yeshwanthpur,119.0,35.0,Not Applicable,Not Applicable,No,Not Applicable,494,UPI,34,4.9,4.9
2024-07-29 02:32:00,CNR8616275404,Success,CID489202,Auto,Nagarbhavi,Hosur Road,182.0,140.0,Not Applicable,Not Applicable,No,Not Applicable,395,Cash,11,4.2,3.1
2024-07-25 11:54:00,CNR1541918903,Success,CID662172,Auto,Indiranagar,Whitefield,210.0,110.0,Not Applicable,Not Applicable,No,Not Applicable,130,Credit Card,9,3.5,3.4
2024-07-19 17:11:00,CNR2482896002,Driver Not Found,CID985205,Auto,Sarjapur Road,Electronic City,,,Not Applicable,Not Applicable,Not Applicable,Not Applicable,164,Not Applicable,0,,
2024-07-28 10:12:00,CNR7460083961,Success,CID478770,Prime Plus,Chamarajpet,Frazer Town,56.0,120.0,Not Applicable,Not Applicable,No,Not Applicable,2568,UPI,41,3.3,3.8
2024-07-12 01:12:00,CNR7109971344,Success,CID921136,Prime SUV,Cox Town,Kengeri,196.0,85.0,Not Applicable,Not Applicable,No,Not Applicable,168,Cash,14,3.3,3.4
2024-07-20 14:51:00,CNR1730078921,Success,CID604711,Prime Plus,Ulsoor,Bannerghatta Road,77.0,50.0,Not Applicable,Not Applicable,No,Not Applicable,160,Cash,1,3.6,4.6
2024-07-19 02:12:00,CNR3936628469,Canceled by Driver,CID940559,Prime Sedan,KR Puram,Kammanahalli,,,Not Applicable,Personal & Car related issue,Not Applicable,Not Applicable,142,Not Applicable,0,,
2024-07-11 10:53:00,CNR1733966489,Canceled by Driver,CID281336,Prime Sedan,Rajajinagar,Nagarbhavi,,,Not Applicable,More than permitted people in there,Not Applicable,Not Applicable,358,Not Applicable,0,,
2024-07-10 11:50:00,CNR9144596012,Success,CID788741,Prime Sedan,Padmanabhanagar,Shivajinagar,266.0,130.0,Not Applicable,Not Applicable,No,Not Applicable,851,UPI,16,4.1,3.5
2024-07-04 15:09:00,CNR3075134118,Canceled by Driver,CID499985,Bike,Richmond Town,Shivajinagar,,,Not Applicable,More than permitted people in there,Not Applicable,Not Applicable,961,Not Applicable,0,,
2024-07-01 14:53:00,CNR6189135985,Success,CID338332,Prime Sedan,Magadi Road,Mysore Road,105.0,60.0,Not Applicable,Not Applicable,No,Not Applicable,129,Cash,25,3.9,3.1
2024-07-26 05:02:00,CNR3019613283,Success,CID866734,Bike,Chamarajpet,Shantinagar,70.0,35.0,Not Applicable,Not Applicable,No,Not Applicable,387,UPI,33,4.7,3.1
2024-07-18 06:53:00,CNR1483703145,Canceled by Driver,CID147590,eBike,KR Puram,Padmanabhanagar,,,Not Applicable,Customer related issue,Not Applicable,Not Applicable,398,Not Applicable,0,,
2024-07-24 17:13:00,CNR5575400833,Success,CID634344,Auto,KR Puram,Frazer Town,273.0,40.0,Not Applicable,Not Applicable,No,Not Applicable,136,Cash,13,4.8,3.1
2024-07-01 09:40:00,CNR6867362126,Success,CID900376,Auto,HSR Layout,Kengeri,280.0,40.0,Not Applicable,Not Applicable,No,Not Applicable,280,UPI,2,3.7,4.0
2024-07-24 02:03:00,CNR9138504599,Success,CID214950,Auto,Whitefield,Langford Town,189.0,115.0,Not Applicable,Not Applicable,No,Not Applicable,995,Cash,19,3.7,3.7
2024-07-28 13:13:00,CNR8774949105,Driver Not Found,CID603393,Auto,Ulsoor,Majestic,,,Not Applicable,Not Applicable,Not Applicable,Not Applicable,421,Not Applicable,0,,
2024-07-22 00:42:00,CNR5068559400,Canceled by Driver,CID279487,Bike,Magadi Road,Electronic City,,,Not Applicable,Personal & Car related issue,Not Applicable,Not Applicable,333,Not Applicable,0,,
2024-07-03 18:36:00,CNR7725459164,Canceled by Driver,CID856548,Prime Plus,Malleshwaram,Varthur,,,Not Applicable,Customer related issue,Not Applicable,Not Applicable,124,Not Applicable,0,,
2024-07-12 08:11:00,CNR3840824352,Canceled by Driver,CID416087,Bike,Ramamurthy Nagar,Koramangala,,,Not Applicable,Customer related issue,Not Applicable,Not Applicable,120,Not Applicable,0,,
2024-07-11 12:14:00,CNR6356012284,Success,CID113154,Prime Plus,Chamarajpet,Peenya,56.0,100.0,Not Applicable,Not Applicable,No,Not Applicable,548,UPI,38,4.8,3.8
2024-07-12 12:38:00,CNR7928415785,Success,CID812693,Prime SUV,HSR Layout,Frazer Town,63.0,55.0,Not Applicable,Not Applicable,No,Not Applicable,977,Cash,41,4.1,4.8
2024-07-02 10:59:00,CNR5773358773,Success,CID837482,Prime Sedan,Whitefield,Frazer Town,259.0,130.0,Not Applicable,Not Applicable,No,Not Applicable,286,Cash,3,3.1,3.8
2024-07-21 12:25:00,CNR1071689339,Canceled by Driver,CID386870,eBike,Basavanagudi,JP Nagar,,,Not Applicable,More than permitted people in there,Not Applicable,Not Applicable,1754,Not Applicable,0,,
2024-07-05 03:28:00,CNR5408046200,Canceled by Customer,CID650068,Prime SUV,JP Nagar,Bannerghatta Road,,,Change of plans,Not Applicable,Not Applicable,Not Applicable,2361,Not Applicable,0,,
2024-07-04 22:31:00,CNR1314511119,Success,CID163511,Bike,Banashankari,Devanahalli,252.0,30.0,Not Applicable,Not Applicable,No,Not Applicable,306,UPI,39,3.6,4.5
2024-07-08 16:32:00,CNR3053577882,Success,CID301654,Bike,Bannerghatta Road,Richmond Town,308.0,130.0,Not Applicable,Not Applicable,No,Not Applicable,349,Cash,32,3.1,4.6
2024-07-02 23:18:00,CNR3082842678,Success,CID670233,Auto,Electronic City,Malleshwaram,126.0,100.0,Not Applicable,Not Applicable,No,Not Applicable,246,Cash,14,4.1,4.4
2024-07-30 19:36:00,CNR2056404756,Success,CID826893,Mini,Indiranagar,Hulimavu,273.0,135.0,Not Applicable,Not Applicable,No,Not Applicable,188,Cash,10,4.8,3.2
2024-07-07 23:45:00,CNR7997622524,Success,CID893466,Mini,Rajarajeshwari Nagar,Rajarajeshwari Nagar,112.0,35.0,Not Applicable,Not Applicable,No,Not Applicable,681,Debit Card,8,3.3,4.4
2024-07-29 06:01:00,CNR1654292220,Success,CID479829,Auto,Tumkur Road,Padmanabhanagar,203.0,65.0,Not Applicable,Not Applicable,No,Not Applicable,990,Debit Card,15,3.6,3.1
2024-07-01 21:37:00,CNR7730169693,Success,CID655156,Mini,Ramamurthy Nagar,Langford Town,210.0,110.0,Not Applicable,Not Applicable,No,Not Applicable,390,Cash,29,3.6,4.6
2024-07-11 18:28:00,CNR6830390100,Canceled by Driver,CID495768,eBike,Nagarbhavi,Kammanahalli,,,Not Applicable,Customer was coughing/sick,Not Applicable,Not Applicable,342,Not Applicable,0,,
2024-07-30 02:05:00,CNR2020991172,Success,CID289750,Prime Plus,Marathahalli,Koramangala,266.0,120.0,Not Applicable,Not Applicable,No,Not Applicable,371,Cash,5,4.3,3.2
2024-07-09 15:00:00,CNR2825275414,Success,CID838497,Prime Plus,Rajajinagar,Majestic,210.0,75.0,Not Applicable,Not Applicable,No,Not Applicable,189,Cash,34,3.7,3.2
2024-07-03 21:24:00,CNR4827683423,Driver Not Found,CID456009,Mini,Yelahanka,Ramamurthy Nagar,,,Not Applicable,Not Applicable,Not Applicable,Not Applicable,141,Not Applicable,0,,
2024-07-30 10:45:00,CNR9224446080,Success,CID569939,Mini,Indiranagar,Magadi Road,126.0,145.0,Not Applicable,Not Applicable,No,Not Applicable,318,Cash,1,3.4,3.8
2024-07-07 00:48:00,CNR8580373436,Success,CID454904,eBike,Whitefield,BTM Layout,189.0,95.0,Not Applicable,Not Applicable,No,Not Applicable,382,Cash,30,3.3,3.9
2024-07-13 18:53:00,CNR5780253034,Success,CID550992,Prime SUV,Padmanabhanagar,Nagarbhavi,133.0,100.0,Not Applicable,Not Applicable,No,Not Applicable,247,Cash,10,3.2,4.8
2024-07-04 08:02:00,CNR9320326007,Success,CID161019,Auto,Basavanagudi,Shantinagar,301.0,50.0,Not Applicable,Not Applicable,No,Not Applicable,120,Cash,6,3.2,4.4
2024-07-23 21:28:00,CNR3041933769,Success,CID310476,Bike,Sarjapur Road,BTM Layout,112.0,140.0,Not Applicable,Not Applicable,No,Not Applicable,200,UPI,30,3.1,4.5
2024-07-22 00:44:00,CNR3425120059,Driver Not Found,CID251581,Prime Sedan,Bellandur,Chamarajpet,,,Not Applicable,Not Applicable,Not Applicable,Not Applicable,390,Not Applicable,0,,
2024-07-24 15:03:00,CNR2678727956,Canceled by Driver,CID390816,Prime Plus,Langford Town,Kadugodi,,,Not Applicable,Personal & Car related issue,Not Applicable,Not Applicable,479,Not Applicable,0,,
2024-07-10 09:54:00,CNR1992707944,Success,CID448755,Bike,Magadi Road,Richmond Town,189.0,105.0,Not Applicable,Not Applicable,No,Not Applicable,213,Cash,20,4.1,4.4
2024-07-29 00:40:00,CNR6261461686,Success,CID366240,Auto,Padmanabhanagar,Banashankari,245.0,35.0,Not Applicable,Not Applicable,No,Not Applicable,190,Cash,13,4.9,4.2
2024-07-13 22:00:00,CNR4582196551,Success,CID832036,Bike,Hennur,Jayanagar,112.0,75.0,Not Applicable,Not Applicable,No,Not Applicable,891,UPI,17,4.5,4.5
2024-07-14 06:51:00,CNR8727654935,Success,CID955090,Bike,Malleshwaram,Devanahalli,196.0,85.0,Not Applicable,Not Applicable,No,Not Applicable,356,Cash,34,3.6,4.4
2024-07-15 05:14:00,CNR5262417953,Driver Not Found,CID974209,Prime Plus,Ulsoor,Devanahalli,,,Not Applicable,Not Applicable,Not Applicable,Not Applicable,449,Not Applicable,0,,
2024-07-03 06:21:00,CNR4495114079,Success,CID643955,Prime SUV,Vijayanagar,Peenya,42.0,90.0,Not Applicable,Not Applicable,No,Not Applicable,746,UPI,38,4.8,4.2
2024-07-14 16:54:00,CNR7499726261,Success,CID443786,Prime Sedan,Varthur,Shivajinagar,294.0,105.0,Not Applicable,Not Applicable,No,Not Applicable,433,UPI,10,4.3,3.3
2024-07-06 20:45:00,CNR5817154070,Canceled by Driver,CID799225,Prime Sedan,Sahakar Nagar,Shantinagar,,,Not Applicable,Customer was coughing/sick,Not Applicable,Not Applicable,736,Not Applicable,0,,
2024-07-26 00:00:00,CNR6658843937,Canceled by Customer,CID697318,Bike,Bannerghatta Road,Malleshwaram,,,Driver is not moving towards pickup location,Not Applicable,Not Applicable,Not Applicable,499,Not Applicable,0,,
2024-07-26 19:24:00,CNR1596964582,Success,CID644300,Bike,Varthur,Hulimavu,105.0,60.0,Not Applicable,Not Applicable,No,Not Applicable,211,Cash,23,4.2,4.8
2024-07-21 06:41:00,CNR4038563426,Success,CID680565,Prime Plus,Hulimavu,Sahakar Nagar,126.0,40.0,Not Applicable,Not Applicable,No,Not Applicable,121,Cash,2,4.5,3.9
2024-07-10 21:01:00,CNR3126173564,Success,CID244346,Auto,Malleshwaram,Electronic City,154.0,70.0,Not Applicable,Not Applicable,No,Not Applicable,294,UPI,19,4.7,3.7
2024-07-21 12:31:00,CNR3103309682,Canceled by Driver,CID810980,Bike,Cox Town,Majestic,,,Not Applicable,Customer related issue,Not Applicable,Not Applicable,1584,Not Applicable,0,,
2024-07-09 03:23:00,CNR4702162363,Canceled by Driver,CID112368,Auto,Chickpet,Devanahalli,,,Not Applicable,Customer related issue,Not Applicable,Not Applicable,197,Not Applicable,0,,
2024-07-14 15:12:00,CNR1811489046,Canceled by Customer,CID190755,Prime SUV,Banashankari,MG Road,,,AC is Not working,Not Applicable,Not Applicable,Not Applicable,1778,Not Applicable,0,,
2024-07-08 23:39:00,CNR5092899218,Driver Not Found,CID420055,Prime Sedan,Chamarajpet,Kammanahalli,,,Not Applicable,Not Applicable,Not Applicable,Not Applicable,476,Not Applicable,0,,
2024-07-17 10:31:00,CNR3484767021,Success,CID183132,Prime SUV,Langford Town,Hennur,77.0,105.0,Not Applicable,Not Applicable,No,Not Applicable,315,UPI,48,3.1,3.5
2024-07-30 18:39:00,CNR7611780428,Canceled by Driver,CID732811,Prime Plus,Hulimavu,Bannerghatta Road,,,Not Applicable,Customer was coughing/sick,Not Applicable,Not Applicable,524,Not Applicable,0,,
2024-07-23 18:02:00,CNR8519074063,Success,CID695720,Mini,Bellandur,Cox Town,126.0,100.0,Not Applicable,Not Applicable,No,Not Applicable,983,Cash,22,4.5,4.4
2024-07-10 10:41:00,CNR9429757966,Success,CID844557,Auto,Malleshwaram,Devanahalli,91.0,130.0,Not Applicable,Not Applicable,No,Not Applicable,223,Cash,12,3.1,4.8
2024-07-22 01:51:00,CNR4970536537,Success,CID259277,Prime Sedan,Nagarbhavi,Peenya,91.0,110.0,Not Applicable,Not Applicable,No,Not Applicable,2933,Cash,34,4.4,3.6
2024-07-22 21:31:00,CNR9252731923,Canceled by Driver,CID866857,Prime Plus,Electronic City,Padmanabhanagar,,,Not Applicable,More than permitted people in there,Not Applicable,Not Applicable,368,Not Applicable,0,,
2024-07-16 20:40:00,CNR3778803574,Success,CID691988,Bike,Langford Town,Bellandur,91.0,140.0,Not Applicable,Not Applicable,No,Not Applicable,249,Cash,15,3.2,3.8
2024-07-30 06:34:00,CNR7169063564,Driver Not Found,CID523513,eBike,Koramangala,Vijayanagar,,,Not Applicable,Not Applicable,Not Applicable,Not Applicable,481,Not Applicable,0,,
2024-07-06 09:22:00,CNR7802910930,Success,CID314450,Prime Sedan,Varthur,Kengeri,231.0,25.0,Not Applicable,Not Applicable,No,Not Applicable,848,Cash,21,4.1,3.6
2024-07-28 17:15:00,CNR9799532258,Success,CID359138,eBike,BTM Layout,Kadugodi,224.0,90.0,Not Applicable,Not Applicable,No,Not Applicable,149,Cash,33,4.1,4.9
2024-07-14 13:06:00,CNR8202182179,Canceled by Customer,CID898918,Auto,Basavanagudi,Shantinagar,,,Change of plans,Not Applicable,Not Applicable,Not Applicable,260,Not Applicable,0,,
2024-07-08 13:02:00,CNR7111273920,Success,CID327269,eBike,Indiranagar,Sarjapur Road,91.0,75.0,Not Applicable,Not Applicable,No,Not Applicable,288,Cash,5,4.4,3.5
2024-07-19 09:51:00,CNR7425881969,Canceled by Driver,CID106115,eBike,Hulimavu,Malleshwaram,,,Not Applicable,Customer was coughing/sick,Not Applicable,Not Applicable,135,Not Applicable,0,,
2024-07-18 17:38:00,CNR8550624253,Success,CID200718,Auto,Hulimavu,Bannerghatta Road,154.0,145.0,Not Applicable,Not Applicable,No,Not Applicable,2295,UPI,6,4.6,4.3
2024-07-15 16:28:00,CNR8528612534,Driver Not Found,CID952014,Bike,Whitefield,Devanahalli,,,Not Applicable,Not Applicable,Not Applicable,Not Applicable,681,Not Applicable,0,,
2024-07-03 10:17:00,CNR4611551812,Success,CID799572,Prime Plus,Ulsoor,Indiranagar,63.0,140.0,Not Applicable,Not Applicable,No,Not Applicable,372,Cash,13,3.3,4.6
2024-07-05 13:13:00,CNR9048530023,Canceled by Driver,CID146408,Prime SUV,KR Puram,Cox Town,,,Not Applicable,Customer was coughing/sick,Not Applicable,Not Applicable,272,Not Applicable,0,,
2024-07-22 13:05:00,CNR7624752629,Canceled by Driver,CID116173,Auto,Kengeri,Ulsoor,,,Not Applicable,More than permitted people in there,Not Applicable,Not Applicable,267,Not Applicable,0,,
2024-07-19 11:25:00,CNR8432875409,Success,CID338975,Mini,Chickpet,Hebbal,84.0,90.0,Not Applicable,Not Applicable,No,Not Applicable,148,Credit Card,23,4.6,4.9
2024-07-23 15:36:00,CNR7791303845,Success,CID960398,Bike,Chamarajpet,Yelahanka,294.0,45.0,Not Applicable,Not Applicable,No,Not Applicable,247,UPI,31,3.6,4.1
2024-07-29 10:55:00,CNR2643270106,Success,CID506037,Prime Plus,Whitefield,Bellandur,266.0,130.0,Not Applicable,Not Applicable,No,Not Applicable,450,Cash,23,3.2,4.0
2024-07-02 05:38:00,CNR5443604760,Canceled by Driver,CID927794,Prime SUV,Hennur,Devanahalli,,,Not Applicable,Customer related issue,Not Applicable,Not Applicable,419,Not Applicable,0,,
2024-07-17 03:39:00,CNR2698295643,Success,CID481969,Prime Sedan,Ulsoor,Ramamurthy Nagar,63.0,65.0,Not Applicable,Not Applicable,No,Not Applicable,459,UPI,7,4.0,4.4
2024-07-24 09:29:00,CNR1474256823,Canceled by Customer,CID778266,Prime SUV,Langford Town,Vijayanagar,,,Driver asked to cancel,Not Applicable,Not Applicable,Not Applicable,493,Not Applicable,0,,
2024-07-12 12:53:00,CNR8121366897,Success,CID818326,eBike,MG Road,Ulsoor,217.0,115.0,Not Applicable,Not Applicable,No,Not Applicable,484,UPI,13,3.9,4.8
2024-07-24 22:53:00,CNR9368398245,Canceled by Customer,CID652670,Mini,Nagarbhavi,Tumkur Road,,,Driver asked to cancel,Not Applicable,Not Applicable,Not Applicable,160,Not Applicable,0,,
2024-07-21 20:14:00,CNR9705960760,Canceled by Driver,CID677502,Prime Plus,MG Road,RT Nagar,,,Not Applicable,Personal & Car related issue,Not Applicable,Not Applicable,736,Not Applicable,0,,
2024-07-30 13:52:00,CNR3205533286,Canceled by Customer,CID500147,Auto,Rajajinagar,Malleshwaram,,,Driver asked to cancel,Not Applicable,Not Applicable,Not Applicable,230,Not Applicable,0,,
2024-07-09 23:13:00,CNR2438018708,Canceled by Driver,CID325758,Prime Plus,Nagarbhavi,Frazer Town,,,Not Applicable,Customer was coughing/sick,Not Applicable,Not Applicable,496,Not Applicable,0,,
2024-07-29 23:57:00,CNR4871408328,Success,CID628503,Prime Plus,Ramamurthy Nagar,Tumkur Road,266.0,45.0,Not Applicable,Not Applicable,No,Not Applicable,358,Cash,24,4.3,3.7
2024-07-04 20:14:00,CNR2352683685,Canceled by Driver,CID766494,Prime SUV,Varthur,Peenya,,,Not Applicable,Customer was coughing/sick,Not Applicable,Not Applicable,356,Not Applicable,0,,
2024-07-24 15:59:00,CNR6353053151,Success,CID174460,eBike,Varthur,MG Road,182.0,120.0,Not Applicable,Not Applicable,No,Not Applicable,142,UPI,33,4.1,3.7
2024-07-10 10:22:00,CNR6984825877,Canceled by Customer,CID924370,Prime Plus,Sarjapur Road,Malleshwaram,,,Change of plans,Not Applicable,Not Applicable,Not Applicable,102,Not Applicable,0,,
2024-07-02 20:25:00,CNR3493008140,Success,CID125048,Prime SUV,Peenya,Hosur Road,112.0,25.0,Not Applicable,Not Applicable,Yes,Customer Demand,160,Cash,39,4.0,3.3
2024-07-23 23:36:00,CNR6505821542,Success,CID492981,Prime SUV,Yeshwanthpur,Tumkur Road,63.0,145.0,Not Applicable,Not Applicable,Yes,Customer Demand,229,Cash,14,4.7,3.9
2024-07-16 21:37:00,CNR5922993822,Success,CID797915,Auto,Ramamurthy Nagar,Electronic City,273.0,55.0,Not Applicable,Not Applicable,No,Not Applicable,385,UPI,12,3.2,4.5
2024-07-03 20:35:00,CNR3917397854,Canceled by Driver,CID905378,Prime Sedan,Kengeri,Shivajinagar,,,Not Applicable,Personal & Car related issue,Not Applicable,Not Applicable,316,Not Applicable,0,,
2024-07-13 21:12:00,CNR9798969525,Driver Not Found,CID456880,Prime Sedan,Chickpet,Vijayanagar,,,Not Applicable,Not Applicable,Not Applicable,Not Applicable,269,Not Applicable,0,,
2024-07-20 12:14:00,CNR3027293788,Canceled by Driver,CID616353,Prime Sedan,Frazer Town,Kammanahalli,,,Not Applicable,Customer related issue,Not Applicable,Not Applicable,639,Not Applicable,0,,
2024-07-06 15:05:00,CNR2288246819,Success,CID326056,Auto,Shivajinagar,Ulsoor,238.0,110.0,Not Applicable,Not Applicable,No,Not Applicable,262,Cash,3,3.9,4.2
2024-07-26 17:58:00,CNR1187842498,Success,CID323992,Bike,Sarjapur Road,Yelahanka,126.0,110.0,Not Applicable,Not Applicable,No,Not Applicable,993,Cash,20,3.1,4.8
2024-07-10 11:57:00,CNR2701953113,Success,CID755726,Prime Sedan,Bannerghatta Road,Yeshwanthpur,70.0,85.0,Not Applicable,Not Applicable,No,Not Applicable,139,UPI,8,3.3,4.2
2024-07-09 09:56:00,CNR2914188125,Canceled by Driver,CID643414,Auto,JP Nagar,Yelahanka,,,Not Applicable,Customer related issue,Not Applicable,Not Applicable,990,Not Applicable,0,,
2024-07-02 01:14:00,CNR3734709752,Canceled by Driver,CID192495,eBike,Kadugodi,Whitefield,,,Not Applicable,Customer related issue,Not Applicable,Not Applicable,927,Not Applicable,0,,
2024-07-16 01:11:00,CNR2496097923,Success,CID915064,Bike,HSR Layout,Hosur Road,189.0,30.0,Not Applicable,Not Applicable,No,Not Applicable,307,Cash,42,4.8,4.6
2024-07-11 08:18:00,CNR1504161835,Success,CID939725,Prime Sedan,Cox Town,Kammanahalli,112.0,80.0,Not Applicable,Not Applicable,No,Not Applicable,1180,UPI,1,3.0,3.4
2024-07-19 09:38:00,CNR8843577154,Success,CID780841,Auto,Kammanahalli,Sahakar Nagar,112.0,40.0,Not Applicable,Not Applicable,No,Not Applicable,480,Cash,10,4.2,3.5
2024-07-13 23:00:00,CNR8879206151,Driver Not Found,CID831709,eBike,Richmond Town,HSR Layout,,,Not Applicable,Not Applicable,Not Applicable,Not Applicable,388,Not Applicable,0,,
2024-07-09 05:41:00,CNR5395289900,Canceled by Driver,CID564671,Prime Plus,Ulsoor,Frazer Town,,,Not Applicable,Customer related issue,Not Applicable,Not Applicable,338,Not Applicable,0,,
2024-07-08 03:10:00,CNR9405959350,Success,CID683894,Prime Sedan,Mysore Road,Sahakar Nagar,308.0,50.0,Not Applicable,Not Applicable,No,Not Applicable,650,Cash,39,3.8,3.4
2024-07-18 04:13:00,CNR3932908454,Canceled by Driver,CID274515,eBike,Vijayanagar,Rajajinagar,,,Not Applicable,Personal & Car related issue,Not Applicable,Not Applicable,817,Not Applicable,0,,
2024-07-19 19:29:00,CNR9689796966,Success,CID752375,Bike,Sahakar Nagar,Jayanagar,42.0,65.0,Not Applicable,Not Applicable,Yes,Vehicle Breakdown,292,UPI,21,4.4,4.4
2024-07-08 01:03:00,CNR4591164755,Success,CID376695,Prime Plus,Hosur Road,Kammanahalli,91.0,110.0,Not Applicable,Not Applicable,No,Not Applicable,803,Cash,4,4.8,4.6
2024-07-14 22:59:00,CNR1696857832,Success,CID970048,Bike,Malleshwaram,Mysore Road,56.0,25.0,Not Applicable,Not Applicable,No,Not Applicable,263,Cash,39,4.6,4.1
2024-07-23 08:16:00,CNR3572010733,Success,CID900794,Bike,Vijayanagar,Kadugodi,210.0,130.0,Not Applicable,Not Applicable,No,Not Applicable,598,UPI,2,3.8,4.9
2024-07-29 08:35:00,CNR8439281671,Canceled by Driver,CID377510,Prime Sedan,Bannerghatta Road,Rajajinagar,,,Not Applicable,Personal & Car related issue,Not Applicable,Not Applicable,460,Not Applicable,0,,
2024-07-21 03:17:00,CNR3477437128,Canceled by Customer,CID839975,Mini,Sahakar Nagar,Tumkur Road,,,Driver is not moving towards pickup location,Not Applicable,Not Applicable,Not Applicable,422,Not Applicable,0,,
2024-07-05 11:07:00,CNR5747692720,Success,CID856344,eBike,Chamarajpet,Hennur,133.0,40.0,Not Applicable,Not Applicable,Yes,Other Issue,419,UPI,23,3.9,4.1
2024-07-06 12:49:00,CNR4302440462,Success,CID699688,Prime Sedan,Ulsoor,Bellandur,56.0,105.0,Not Applicable,Not Applicable,No,Not Applicable,653,Cash,33,4.1,4.8
2024-07-13 12:16:00,CNR6294496131,Success,CID571749,Bike,Whitefield,Sahakar Nagar,70.0,115.0,Not Applicable,Not Applicable,No,Not Applicable,1462,Cash,36,4.6,3.9
2024-07-24 20:49:00,CNR6481243597,Canceled by Driver,CID543401,eBike,Richmond Town,Sahakar Nagar,,,Not Applicable,Customer was coughing/sick,Not Applicable,Not Applicable,291,Not Applicable,0,,
2024-07-06 19:08:00,CNR5579159530,Success,CID507112,eBike,Rajajinagar,Basavanagudi,49.0,90.0,Not Applicable,Not Applicable,No,Not Applicable,576,UPI,41,3.5,3.3
2024-07-30 04:27:00,CNR7903573378,Success,CID774650,Prime SUV,Bannerghatta Road,Devanahalli,168.0,140.0,Not Applicable,Not Applicable,No,Not Applicable,194,Cash,21,3.2,3.1
2024-07-09 21:26:00,CNR3036669753,Success,CID777595,eBike,Chamarajpet,Yelahanka,189.0,115.0,Not Applicable,Not Applicable,No,Not Applicable,145,UPI,47,4.9,3.9
2024-07-06 06:56:00,CNR1994703296,Canceled by Customer,CID515409,eBike,Marathahalli,Nagarbhavi,,,Driver is not moving towards pickup location,Not Applicable,Not Applicable,Not Applicable,355,Not Applicable,0,,
2024-07-11 08:02:00,CNR5770529776,Success,CID846769,eBike,MG Road,Hulimavu,217.0,75.0,Not Applicable,Not Applicable,No,Not Applicable,477,Cash,3,3.2,4.1
2024-07-17 11:14:00,CNR9732595424,Canceled by Driver,CID938042,eBike,Shantinagar,Tumkur Road,,,Not Applicable,Personal & Car related issue,Not Applicable,Not Applicable,461,Not Applicable,0,,
2024-07-05 02:51:00,CNR6575479923,Success,CID894446,eBike,Kammanahalli,Chickpet,266.0,105.0,Not Applicable,Not Applicable,No,Not Applicable,104,UPI,10,3.2,3.3
2024-07-07 15:30:00,CNR3113659459,Success,CID436861,Prime Plus,Hennur,Magadi Road,126.0,140.0,Not Applicable,Not Applicable,No,Not Applicable,200,UPI,33,4.2,4.1
2024-07-18 13:45:00,CNR5571389190,Success,CID229252,Prime Plus,Devanahalli,Rajajinagar,252.0,45.0,Not Applicable,Not Applicable,No,Not Applicable,2923,UPI,25,4.0,3.7
2024-07-13 09:15:00,CNR1192683429,Success,CID802885,Prime SUV,Ramamurthy Nagar,Kadugodi,224.0,120.0,Not Applicable,Not Applicable,No,Not Applicable,188,Cash,32,4.8,4.1
2024-07-24 13:42:00,CNR8400768584,Success,CID325157,Bike,Bellandur,Yelahanka,161.0,110.0,Not Applicable,Not Applicable,No,Not Applicable,865,Cash,12,3.7,3.6
2024-07-08 23:19:00,CNR7814140463,Canceled by Customer,CID203379,Prime Sedan,Magadi Road,Rajarajeshwari Nagar,,,AC is Not working,Not Applicable,Not Applicable,Not Applicable,765,Not Applicable,0,,
2024-07-08 07:19:00,CNR6091205704,Success,CID220563,Prime SUV,Tumkur Road,Kengeri,203.0,125.0,Not Applicable,Not Applicable,No,Not Applicable,305,Cash,10,4.3,3.6
2024-07-13 21:18:00,CNR7612825320,Success,CID287795,Prime SUV,Electronic City,Bellandur,35.0,135.0,Not Applicable,Not Applicable,No,Not Applicable,622,Cash,13,3.3,3.7
2024-07-21 11:01:00,CNR9664109635,Success,CID616157,Prime SUV,Majestic,Sahakar Nagar,49.0,30.0,Not Applicable,Not Applicable,No,Not Applicable,378,Cash,10,4.2,4.9
2024-07-23 00:46:00,CNR9457200817,Canceled by Driver,CID698368,Auto,Rajarajeshwari Nagar,Basavanagudi,,,Not Applicable,Customer was coughing/sick,Not Applicable,Not Applicable,193,Not Applicable,0,,
2024-07-13 09:11:00,CNR1321606541,Canceled by Driver,CID852962,Bike,Vijayanagar,Devanahalli,,,Not Applicable,Personal & Car related issue,Not Applicable,Not Applicable,985,Not Applicable,0,,
2024-07-14 09:39:00,CNR8964034631,Driver Not Found,CID518760,Prime SUV,Varthur,Bellandur,,,Not Applicable,Not Applicable,Not Applicable,Not Applicable,679,Not Applicable,0,,
2024-07-09 11:30:00,CNR8546741021,Success,CID324665,Auto,Marathahalli,Malleshwaram,91.0,35.0,Not Applicable,Not Applicable,No,Not Applicable,104,Cash,11,3.6,3.3
2024-07-20 13:37:00,CNR1948116635,Canceled by Customer,CID584335,Prime SUV,HSR Layout,Ramamurthy Nagar,,,Driver is not moving towards pickup location,Not Applicable,Not Applicable,Not Applicable,2176,Not Applicable,0,,
2024-07-14 02:32:00,CNR9981472713,Canceled by Customer,CID822322,Prime SUV,Mysore Road,Kengeri,,,Change of plans,Not Applicable,Not Applicable,Not Applicable,409,Not Applicable,0,,
2024-07-27 22:09:00,CNR2221006679,Success,CID399208,Bike,Bannerghatta Road,Kammanahalli,266.0,25.0,Not Applicable,Not Applicable,No,Not Applicable,348,UPI,43,3.3,4.2
2024-07-29 09:11:00,CNR7998904803,Success,CID969302,Bike,Padmanabhanagar,Bellandur,56.0,50.0,Not Applicable,Not Applicable,No,Not Applicable,181,UPI,17,4.6,4.4
2024-07-20 14:05:00,CNR3342910239,Success,CID774822,Mini,Yeshwanthpur,Jayanagar,98.0,50.0,Not Applicable,Not Applicable,No,Not Applicable,2933,Cash,2,4.4,3.9
2024-07-14 11:42:00,CNR2479885355,Driver Not Found,CID895077,Auto,Shantinagar,HSR Layout,,,Not Applicable,Not Applicable,Not Applicable,Not Applicable,439,Not Applicable,0,,
2024-07-28 22:53:00,CNR6393624366,Canceled by Driver,CID308488,Prime Sedan,BTM Layout,Richmond Town,,,Not Applicable,More than permitted people in there,Not Applicable,Not Applicable,468,Not Applicable,0,,
2024-07-25 12:14:00,CNR7304363710,Success,CID540129,Prime Plus,Kammanahalli,JP Nagar,308.0,50.0,Not Applicable,Not Applicable,Yes,Customer Demand,623,UPI,12,4.6,4.7
2024-07-23 08:22:00,CNR2393417725,Success,CID465739,Bike,Sarjapur Road,RT Nagar,91.0,95.0,Not Applicable,Not Applicable,No,Not Applicable,191,Cash,25,4.7,4.3
2024-07-30 03:53:00,CNR4673896650,Canceled by Customer,CID101036,Prime SUV,Padmanabhanagar,Chickpet,,,AC is Not working,Not Applicable,Not Applicable,Not Applicable,581,Not Applicable,0,,
2024-07-19 22:18:00,CNR2600929124,Success,CID489567,Mini,Kengeri,KR Puram,112.0,25.0,Not Applicable,Not Applicable,No,Not Applicable,221,Cash,14,3.4,4.7
2024-07-17 16:22:00,CNR4799254931,Canceled by Customer,CID615156,eBike,Devanahalli,Koramangala,,,Change of plans,Not Applicable,Not Applicable,Not Applicable,481,Not Applicable,0,,
2024-07-22 16:16:00,CNR2868574816,Success,CID574913,Prime Sedan,Shivajinagar,Rajarajeshwari Nagar,273.0,35.0,Not Applicable,Not Applicable,No,Not Applicable,404,Cash,28,3.6,4.3
2024-07-13 23:22:00,CNR7696022228,Success,CID622377,Prime Sedan,Hennur,KR Puram,294.0,75.0,Not Applicable,Not Applicable,No,Not Applicable,304,Cash,4,3.4,4.9
2024-07-29 20:54:00,CNR7681858203,Success,CID745772,eBike,Electronic City,Hosur Road,294.0,100.0,Not Applicable,Not Applicable,No,Not Applicable,247,UPI,26,3.4,4.2
2024-07-29 11:41:00,CNR8931958902,Canceled by Driver,CID634635,Prime SUV,Bellandur,Yelahanka,,,Not Applicable,More than permitted people in there,Not Applicable,Not Applicable,622,Not Applicable,0,,
2024-07-05 03:31:00,CNR4660146459,Canceled by Driver,CID194427,Prime SUV,Chamarajpet,Mysore Road,,,Not Applicable,Customer was coughing/sick,Not Applicable,Not Applicable,441,Not Applicable,0,,
2024-07-22 01:45:00,CNR3803316312,Success,CID228207,Prime SUV,Cox Town,Vijayanagar,126.0,50.0,Not Applicable,Not Applicable,No,Not Applicable,360,UPI,34,3.6,3.4
2024-07-18 17:59:00,CNR9121814257,Driver Not Found,CID117895,Mini,Shivajinagar,Malleshwaram,,,Not Applicable,Not Applicable,Not Applicable,Not Applicable,2313,Not Applicable,0,,
2024-07-11 10:46:00,CNR1133413012,Success,CID910205,Prime Sedan,Ramamurthy Nagar,Yelahanka,35.0,60.0,Not Applicable,Not Applicable,No,Not Applicable,499,Cash,25,4.4,3.0
2024-07-27 17:23:00,CNR3844467610,Success,CID194884,Prime Plus,HSR Layout,Hulimavu,203.0,130.0,Not Applicable,Not Applicable,No,Not Applicable,363,Cash,24,4.0,4.1
2024-07-25 20:15:00,CNR7061219799,Driver Not Found,CID752342,Prime Plus,Hosur Road,Rajajinagar,,,Not Applicable,Not Applicable,Not Applicable,Not Applicable,1047,Not Applicable,0,,
2024-07-25 15:31:00,CNR9944076550,Success,CID736832,Prime SUV,Sahakar Nagar,Majestic,42.0,40.0,Not Applicable,Not Applicable,No,Not Applicable,312,Cash,20,3.9,3.1
2024-07-18 19:16:00,CNR8530255511,Success,CID382898,Prime SUV,Basavanagudi,Indiranagar,84.0,100.0,Not Applicable,Not Applicable,No,Not Applicable,822,UPI,36,3.4,3.5
2024-07-13 11:56:00,CNR4002998194,Driver Not Found,CID297693,Prime Sedan,Richmond Town,Bannerghatta Road,,,Not Applicable,Not Applicable,Not Applicable,Not Applicable,564,Not Applicable,0,,
2024-07-02 23:13:00,CNR7647236617,Success,CID713617,Prime Plus,Rajarajeshwari Nagar,Mysore Road,189.0,140.0,Not Applicable,Not Applicable,No,Not Applicable,106,Cash,28,4.6,3.8
2024-07-08 06:44:00,CNR8352880537,Success,CID429368,Auto,Varthur,Tumkur Road,91.0,80.0,Not Applicable,Not Applicable,No,Not Applicable,418,Cash,7,3.4,3.8
2024-07-22 22:12:00,CNR1976805588,Success,CID883417,Prime Plus,Shivajinagar,Kadugodi,84.0,125.0,Not Applicable,Not Applicable,No,Not Applicable,205,UPI,29,4.4,4.8
2024-07-10 07:36:00,CNR5890475752,Success,CID410484,Prime SUV,Nagarbhavi,RT Nagar,42.0,45.0,Not Applicable,Not Applicable,No,Not Applicable,1861,Cash,9,3.6,3.2
2024-07-19 16:41:00,CNR7057376202,Canceled by Driver,CID450951,Prime Plus,KR Puram,Shivajinagar,,,Not Applicable,Personal & Car related issue,Not Applicable,Not Applicable,353,Not Applicable,0,,
2024-07-16 11:20:00,CNR1417959524,Success,CID760487,Mini,Chamarajpet,HSR Layout,238.0,30.0,Not Applicable,Not Applicable,No,Not Applicable,305,Cash,49,3.5,4.1
2024-07-20 03:59:00,CNR1544623101,Canceled by Customer,CID436502,Prime Sedan,Rajajinagar,Whitefield,,,Driver asked to cancel,Not Applicable,Not Applicable,Not Applicable,350,Not Applicable,0,,
2024-07-16 17:51:00,CNR1716553847,Canceled by Customer,CID472412,Auto,Banashankari,BTM Layout,,,Driver is not moving towards pickup location,Not Applicable,Not Applicable,Not Applicable,227,Not Applicable,0,,
2024-07-13 08:24:00,CNR6743331407,Canceled by Customer,CID901526,eBike,Malleshwaram,Koramangala,,,Driver asked to cancel,Not Applicable,Not Applicable,Not Applicable,228,Not Applicable,0,,
2024-07-27 21:43:00,CNR6648101606,Success,CID916854,Prime SUV,Hosur Road,Langford Town,105.0,130.0,Not Applicable,Not Applicable,No,Not Applicable,453,Cash,26,4.0,4.9
2024-07-10 18:00:00,CNR3478083825,Driver Not Found,CID731677,Prime Plus,Frazer Town,Tumkur Road,,,Not Applicable,Not Applicable,Not Applicable,Not Applicable,931,Not Applicable,0,,
2024-07-21 06:10:00,CNR8218669623,Success,CID207696,Mini,Banashankari,Rajajinagar,301.0,85.0,Not Applicable,Not Applicable,No,Not Applicable,114,Cash,12,3.4,4.2
2024-07-20 23:09:00,CNR2640565108,Success,CID176480,eBike,Cox Town,Malleshwaram,196.0,90.0,Not Applicable,Not Applicable,No,Not Applicable,182,Cash,20,4.9,3.2
2024-07-22 13:11:00,CNR6677007045,Canceled by Customer,CID222308,Prime Plus,Ulsoor,Frazer Town,,,Driver is not moving towards pickup location,Not Applicable,Not Applicable,Not Applicable,661,Not Applicable,0,,
2024-07-12 03:13:00,CNR4197624394,Success,CID247985,Prime Sedan,Majestic,Tumkur Road,182.0,135.0,Not Applicable,Not Applicable,No,Not Applicable,442,Cash,21,3.9,3.4
2024-07-18 05:01:00,CNR6160256121,Success,CID903830,Prime Sedan,Vijayanagar,Rajajinagar,154.0,25.0,Not Applicable,Not Applicable,No,Not Applicable,204,UPI,3,4.9,4.9
2024-07-08 00:34:00,CNR8318353636,Canceled by Driver,CID410731,eBike,JP Nagar,Hosur Road,,,Not Applicable,Personal & Car related issue,Not Applicable,Not Applicable,120,Not Applicable,0,,
2024-07-22 05:11:00,CNR3628279232,Success,CID272600,Prime Plus,Yeshwanthpur,Devanahalli,287.0,115.0,Not Applicable,Not Applicable,No,Not Applicable,742,Credit Card,22,3.8,4.0
2024-07-21 06:34:00,CNR9749375039,Driver Not Found,CID962866,Prime Plus,Sahakar Nagar,Electronic City,,,Not Applicable,Not Applicable,Not Applicable,Not Applicable,361,Not Applicable,0,,
2024-07-05 16:17:00,CNR9855193776,Driver Not Found,CID880110,Auto,Banashankari,Frazer Town,,,Not Applicable,Not Applicable,Not Applicable,Not Applicable,383,Not Applicable,0,,
2024-07-21 03:54:00,CNR1956850337,Canceled by Driver,CID671180,Prime Sedan,Chickpet,Tumkur Road,,,Not Applicable,Personal & Car related issue,Not Applicable,Not Applicable,730,Not Applicable,0,,
2024-07-16 01:53:00,CNR5157017324,Canceled by Customer,CID203130,Prime Plus,Tumkur Road,Banashankari,,,Change of plans,Not Applicable,Not Applicable,Not Applicable,645,Not Applicable,0,,
2024-07-25 09:36:00,CNR3039285740,Success,CID949971,Prime SUV,Majestic,Marathahalli,238.0,140.0,Not Applicable,Not Applicable,No,Not Applicable,392,Cash,36,4.3,4.0
2024-07-08 15:39:00,CNR1699315503,Success,CID491289,eBike,Kammanahalli,Banashankari,140.0,90.0,Not Applicable,Not Applicable,No,Not Applicable,424,UPI,44,4.4,3.8
2024-07-30 14:24:00,CNR3285725964,Success,CID548089,Prime SUV,Whitefield,BTM Layout,224.0,135.0,Not Applicable,Not Applicable,No,Not Applicable,675,Cash,46,4.6,4.9
2024-07-07 13:51:00,CNR5162717407,Canceled by Customer,CID643213,Prime SUV,Frazer Town,Hosur Road,,,Driver asked to cancel,Not Applicable,Not Applicable,Not Applicable,826,Not Applicable,0,,
2024-07-19 16:04:00,CNR3881436298,Canceled by Driver,CID159194,Prime Sedan,Sarjapur Road,Hebbal,,,Not Applicable,Customer related issue,Not Applicable,Not Applicable,493,Not Applicable,0,,
2024-07-21 08:15:00,CNR8304359903,Canceled by Driver,CID638863,Auto,Chamarajpet,Shantinagar,,,Not Applicable,Customer was coughing/sick,Not Applicable,Not Applicable,151,Not Applicable,0,,
2024-07-21 21:48:00,CNR3606091520,Success,CID555170,Bike,KR Puram,Rajarajeshwari Nagar,91.0,70.0,Not Applicable,Not Applicable,No,Not Applicable,222,Cash,44,3.6,4.6
2024-07-11 22:24:00,CNR7313897533,Success,CID876326,eBike,Ulsoor,RT Nagar,259.0,120.0,Not Applicable,Not Applicable,Yes,Vehicle Breakdown,137,Cash,44,4.9,4.3
2024-07-02 01:51:00,CNR9638919269,Success,CID292932,Bike,Hebbal,Varthur,35.0,45.0,Not Applicable,Not Applicable,No,Not Applicable,854,UPI,39,3.3,4.3
2024-07-19 11:04:00,CNR2820968389,Success,CID477305,Prime Sedan,Frazer Town,Malleshwaram,154.0,30.0,Not Applicable,Not Applicable,No,Not Applicable,300,Cash,9,4.8,3.7
2024-07-16 08:36:00,CNR1511404200,Success,CID181437,Prime Plus,Electronic City,Kammanahalli,105.0,120.0,Not Applicable,Not Applicable,No,Not Applicable,454,Cash,48,3.7,4.6
2024-07-11 17:29:00,CNR8821444393,Canceled by Customer,CID628303,Prime SUV,Padmanabhanagar,Tumkur Road,,,Wrong Address,Not Applicable,Not Applicable,Not Applicable,726,Not Applicable,0,,
2024-07-23 05:38:00,CNR1060372470,Success,CID812527,Bike,Banashankari,Bannerghatta Road,210.0,70.0,Not Applicable,Not Applicable,No,Not Applicable,736,Debit Card,8,4.7,3.3
2024-07-09 16:46:00,CNR4369026400,Canceled by Driver,CID705767,Prime Sedan,Kammanahalli,Vijayanagar,,,Not Applicable,Personal & Car related issue,Not Applicable,Not Applicable,150,Not Applicable,0,,
2024-07-26 18:29:00,CNR2202125799,Success,CID590087,eBike,Shivajinagar,Ramamurthy Nagar,168.0,110.0,Not Applicable,Not Applicable,No,Not Applicable,290,UPI,16,3.0,4.7
2024-07-08 08:53:00,CNR4302664902,Success,CID322474,Mini,Chickpet,Hulimavu,189.0,100.0,Not Applicable,Not Applicable,No,Not Applicable,499,Cash,24,4.4,4.2
2024-07-08 10:28:00,CNR6059318228,Success,CID260864,Prime Sedan,Mysore Road,Rajarajeshwari Nagar,70.0,55.0,Not Applicable,Not Applicable,Yes,Vehicle Breakdown,491,Cash,20,4.3,3.1
2024-07-23 21:55:00,CNR2085036664,Success,CID369523,Auto,Shivajinagar,Bellandur,182.0,125.0,Not Applicable,Not Applicable,No,Not Applicable,702,Cash,14,4.4,3.6
2024-07-09 17:33:00,CNR9484688838,Success,CID985187,Prime SUV,RT Nagar,Jayanagar,161.0,135.0,Not Applicable,Not Applicable,No,Not Applicable,117,UPI,39,4.7,4.0
2024-07-14 18:46:00,CNR8010542866,Success,CID599647,eBike,Kammanahalli,Nagarbhavi,98.0,90.0,Not Applicable,Not Applicable,No,Not Applicable,376,UPI,32,4.4,4.4
2024-07-20 06:14:00,CNR4310965052,Canceled by Driver,CID978219,Prime Plus,Langford Town,Rajarajeshwari Nagar,,,Not Applicable,Customer was coughing/sick,Not Applicable,Not Applicable,465,Not Applicable,0,,
2024-07-11 23:39:00,CNR1752389392,Success,CID753170,Bike,Chickpet,Kengeri,49.0,75.0,Not Applicable,Not Applicable,No,Not Applicable,291,Credit Card,29,3.5,3.3
2024-07-06 11:29:00,CNR6822694743,Canceled by Driver,CID358915,eBike,Devanahalli,Ulsoor,,,Not Applicable,Customer related issue,Not Applicable,Not Applicable,892,Not Applicable,0,,
2024-07-27 09:06:00,CNR5089284622,Success,CID747813,Auto,Rajajinagar,Peenya,91.0,40.0,Not Applicable,Not Applicable,No,Not Applicable,133,Cash,5,3.2,4.5
2024-07-15 14:40:00,CNR3843486220,Success,CID864891,Mini,Indiranagar,Rajarajeshwari Nagar,308.0,40.0,Not Applicable,Not Applicable,No,Not Applicable,341,Cash,23,4.5,4.8
2024-07-27 20:45:00,CNR8116211649,Success,CID654830,Mini,Hebbal,Vijayanagar,287.0,125.0,Not Applicable,Not Applicable,No,Not Applicable,469,UPI,33,3.7,4.5
2024-07-25 11:58:00,CNR4046983991,Canceled by Driver,CID335767,Mini,Mysore Road,Chickpet,,,Not Applicable,Customer was coughing/sick,Not Applicable,Not Applicable,550,Not Applicable,0,,
2024-07-23 08:47:00,CNR7974125749,Driver Not Found,CID701580,Bike,Tumkur Road,Kadugodi,,,Not Applicable,Not Applicable,Not Applicable,Not Applicable,379,Not Applicable,0,,
2024-07-30 00:59:00,CNR1593730869,Driver Not Found,CID435617,Prime SUV,Marathahalli,Kengeri,,,Not Applicable,Not Applicable,Not Applicable,Not Applicable,797,Not Applicable,0,,
2024-07-18 06:35:00,CNR2367591151,Success,CID910105,Prime SUV,Sahakar Nagar,Ulsoor,126.0,105.0,Not Applicable,Not Applicable,No,Not Applicable,357,Cash,49,3.0,4.8
2024-07-26 23:35:00,CNR8356141302,Canceled by Customer,CID955632,Mini,Mysore Road,RT Nagar,,,Driver is not moving towards pickup location,Not Applicable,Not Applicable,Not Applicable,387,Not Applicable,0,,
2024-07-20 08:41:00,CNR1530061564,Canceled by Customer,CID687654,Bike,Tumkur Road,RT Nagar,,,Driver is not moving towards pickup location,Not Applicable,Not Applicable,Not Applicable,371,Not Applicable,0,,
2024-07-10 02:11:00,CNR4557374567,Canceled by Driver,CID144038,Auto,Shantinagar,Chamarajpet,,,Not Applicable,Personal & Car related issue,Not Applicable,Not Applicable,436,Not Applicable,0,,
2024-07-10 02:05:00,CNR9631341922,Driver Not Found,CID149856,Auto,Devanahalli,Frazer Town,,,Not Applicable,Not Applicable,Not Applicable,Not Applicable,258,Not Applicable,0,,
2024-07-14 11:56:00,CNR8479827519,Success,CID354106,Prime Sedan,Chickpet,Electronic City,105.0,70.0,Not Applicable,Not Applicable,No,Not Applicable,386,Cash,49,3.7,3.2
2024-07-18 21:12:00,CNR2623766129,Canceled by Customer,CID715678,Auto,Basavanagudi,Hebbal,,,Driver is not moving towards pickup location,Not Applicable,Not Applicable,Not Applicable,378,Not Applicable,0,,
2024-07-04 18:22:00,CNR8632499539,Canceled by Driver,CID229135,eBike,Jayanagar,Padmanabhanagar,,,Not Applicable,Customer was coughing/sick,Not Applicable,Not Applicable,505,Not Applicable,0,,
2024-07-01 03:20:00,CNR3816142543,Success,CID774753,Prime SUV,Shivajinagar,Kengeri,224.0,25.0,Not Applicable,Not Applicable,Yes,Customer Demand,224,UPI,18,4.3,3.8
2024-07-04 04:08:00,CNR7726607885,Success,CID815695,Prime Sedan,Magadi Road,Magadi Road,70.0,135.0,Not Applicable,Not Applicable,Yes,Vehicle Breakdown,2578,UPI,7,3.8,4.4
2024-07-26 22:23:00,CNR3039594541,Canceled by Driver,CID214400,Bike,Ramamurthy Nagar,Koramangala,,,Not Applicable,Personal & Car related issue,Not Applicable,Not Applicable,366,Not Applicable,0,,
2024-07-02 16:46:00,CNR6471330615,Canceled by Driver,CID785983,Prime Sedan,Indiranagar,Jayanagar,,,Not Applicable,Personal & Car related issue,Not Applicable,Not Applicable,447,Not Applicable,0,,
2024-07-17 14:18:00,CNR2786143765,Success,CID206477,Prime SUV,Chickpet,Hennur,175.0,90.0,Not Applicable,Not Applicable,No,Not Applicable,466,UPI,3,3.4,4.3
2024-07-07 06:18:00,CNR9174901269,Success,CID915516,Prime SUV,Bellandur,Richmond Town,133.0,135.0,Not Applicable,Not Applicable,No,Not Applicable,466,UPI,17,4.3,3.2
2024-07-29 16:23:00,CNR1105229606,Canceled by Customer,CID133910,Auto,Whitefield,Indiranagar,,,Driver asked to cancel,Not Applicable,Not Applicable,Not Applicable,312,Not Applicable,0,,
2024-07-14 07:51:00,CNR4599082335,Success,CID215519,Prime SUV,RT Nagar,Rajarajeshwari Nagar,126.0,145.0,Not Applicable,Not Applicable,No,Not Applicable,611,Cash,36,3.1,3.4
2024-07-19 00:32:00,CNR6631330263,Success,CID905306,Prime SUV,Nagarbhavi,Ulsoor,168.0,100.0,Not Applicable,Not Applicable,No,Not Applicable,1526,Cash,34,4.4,4.9
2024-07-15 02:52:00,CNR9453291306,Success,CID384948,eBike,Jayanagar,Rajajinagar,196.0,80.0,Not Applicable,Not Applicable,No,Not Applicable,689,UPI,9,4.6,3.1
2024-07-26 13:03:00,CNR2184966136,Canceled by Customer,CID946265,Bike,Frazer Town,Shantinagar,,,Driver is not moving towards pickup location,Not Applicable,Not Applicable,Not Applicable,932,Not Applicable,0,,
2024-07-25 21:21:00,CNR8340896149,Success,CID485184,Mini,Koramangala,Ramamurthy Nagar,224.0,80.0,Not Applicable,Not Applicable,No,Not Applicable,841,UPI,36,3.5,4.6
2024-07-29 12:47:00,CNR6269050911,Success,CID119031,Prime SUV,Nagarbhavi,Whitefield,308.0,105.0,Not Applicable,Not Applicable,No,Not Applicable,1554,UPI,11,4.5,3.1
2024-07-07 00:43:00,CNR7109875967,Success,CID716772,eBike,Bellandur,Tumkur Road,287.0,145.0,Not Applicable,Not Applicable,No,Not Applicable,284,Cash,48,4.2,5.0
2024-07-15 23:11:00,CNR8629376542,Success,CID114412,Auto,Shantinagar,Kengeri,266.0,50.0,Not Applicable,Not Applicable,No,Not Applicable,273,UPI,7,4.1,4.5
2024-07-28 15:27:00,CNR6837341764,Success,CID764628,Prime Plus,JP Nagar,Bellandur,154.0,120.0,Not Applicable,Not Applicable,No,Not Applicable,344,UPI,26,4.9,4.4
2024-07-19 10:47:00,CNR4450275112,Canceled by Driver,CID825969,Bike,Richmond Town,Sarjapur Road,,,Not Applicable,Personal & Car related issue,Not Applicable,Not Applicable,160,Not Applicable,0,,
2024-07-13 15:33:00,CNR9815340334,Canceled by Driver,CID264566,Mini,Electronic City,Yeshwanthpur,,,Not Applicable,Personal & Car related issue,Not Applicable,Not Applicable,165,Not Applicable,0,,
2024-07-25 17:39:00,CNR5450071209,Success,CID746625,eBike,Ulsoor,Yelahanka,273.0,105.0,Not Applicable,Not Applicable,No,Not Applicable,910,Cash,10,3.9,3.0
2024-07-29 18:07:00,CNR8861828539,Success,CID722166,eBike,Mysore Road,Frazer Town,35.0,130.0,Not Applicable,Not Applicable,No,Not Applicable,214,Credit Card,20,4.4,4.3
2024-07-13 03:43:00,CNR9140769278,Success,CID570665,eBike,MG Road,Peenya,84.0,75.0,Not Applicable,Not Applicable,No,Not Applicable,2847,Cash,6,3.7,4.2
2024-07-18 11:11:00,CNR3276338603,Canceled by Customer,CID343628,eBike,Richmond Town,Mysore Road,,,Change of plans,Not Applicable,Not Applicable,Not Applicable,362,Not Applicable,0,,
2024-07-26 20:42:00,CNR8601651906,Success,CID108976,Prime Sedan,Chickpet,Rajajinagar,203.0,130.0,Not Applicable,Not Applicable,No,Not Applicable,289,Cash,5,4.7,3.0
2024-07-26 23:38:00,CNR4024483043,Success,CID664183,Bike,MG Road,Cox Town,294.0,50.0,Not Applicable,Not Applicable,No,Not Applicable,469,Cash,13,4.6,3.6
2024-07-25 09:22:00,CNR3389017736,Success,CID926921,Prime Sedan,Electronic City,Chickpet,112.0,65.0,Not Applicable,Not Applicable,No,Not Applicable,290,UPI,28,4.2,4.7
2024-07-15 21:19:00,CNR2496166725,Success,CID809391,Prime Plus,Cox Town,Hulimavu,175.0,110.0,Not Applicable,Not Applicable,No,Not Applicable,414,UPI,13,3.2,3.3
2024-07-29 04:24:00,CNR5777865388,Success,CID195050,eBike,Bannerghatta Road,Nagarbhavi,266.0,135.0,Not Applicable,Not Applicable,No,Not Applicable,474,UPI,14,3.5,4.0
2024-07-28 14:07:00,CNR9260563497,Canceled by Customer,CID454493,Bike,Shantinagar,Hosur Road,,,Driver is not moving towards pickup location,Not Applicable,Not Applicable,Not Applicable,342,Not Applicable,0,,
2024-07-14 18:39:00,CNR4371315057,Success,CID724650,Prime Sedan,MG Road,Bellandur,217.0,55.0,Not Applicable,Not Applicable,Yes,Other Issue,946,UPI,35,3.7,3.3
2024-07-22 23:59:00,CNR5974660678,Canceled by Customer,CID186446,eBike,Rajajinagar,Jayanagar,,,Wrong Address,Not Applicable,Not Applicable,Not Applicable,255,Not Applicable,0,,
2024-07-19 20:10:00,CNR9268331205,Success,CID799470,Auto,Rajajinagar,Majestic,245.0,50.0,Not Applicable,Not Applicable,No,Not Applicable,192,Credit Card,5,4.0,4.6
2024-07-13 09:53:00,CNR7107740186,Canceled by Driver,CID332031,Prime Sedan,Ramamurthy Nagar,KR Puram,,,Not Applicable,Customer related issue,Not Applicable,Not Applicable,2391,Not Applicable,0,,
2024-07-29 17:51:00,CNR7026811798,Canceled by Driver,CID495700,Mini,Devanahalli,Shivajinagar,,,Not Applicable,Customer related issue,Not Applicable,Not Applicable,394,Not Applicable,0,,
2024-07-07 10:40:00,CNR8526858990,Success,CID862729,Mini,Malleshwaram,Chamarajpet,189.0,70.0,Not Applicable,Not Applicable,No,Not Applicable,417,UPI,28,4.3,4.5
2024-07-09 13:47:00,CNR5591469166,Canceled by Customer,CID896816,Prime Plus,BTM Layout,Rajarajeshwari Nagar,,,Driver is not moving towards pickup location,Not Applicable,Not Applicable,Not Applicable,201,Not Applicable,0,,
2024-07-14 23:35:00,CNR4921579076,Success,CID154611,Prime Plus,HSR Layout,RT Nagar,126.0,105.0,Not Applicable,Not Applicable,No,Not Applicable,573,UPI,38,3.5,4.6
2024-07-25 09:20:00,CNR7504001090,Canceled by Customer,CID357434,Prime Sedan,MG Road,MG Road,,,AC is Not working,Not Applicable,Not Applicable,Not Applicable,114,Not Applicable,0,,
2024-07-24 13:01:00,CNR9980871617,Success,CID165101,Prime Sedan,Electronic City,Shantinagar,161.0,55.0,Not Applicable,Not Applicable,No,Not Applicable,288,UPI,13,4.1,3.6
2024-07-20 20:09:00,CNR7336089088,Success,CID357749,Prime SUV,RT Nagar,Chamarajpet,168.0,135.0,Not Applicable,Not Applicable,No,Not Applicable,257,UPI,38,4.0,4.5
2024-07-15 09:46:00,CNR5534045530,Success,CID447240,eBike,Yeshwanthpur,Tumkur Road,133.0,75.0,Not Applicable,Not Applicable,No,Not Applicable,109,UPI,1,4.8,3.2
2024-07-15 16:28:00,CNR8956861484,Canceled by Driver,CID592661,Prime Plus,Frazer Town,Chickpet,,,Not Applicable,Personal & Car related issue,Not Applicable,Not Applicable,2313,Not Applicable,0,,
2024-07-26 00:52:00,CNR8257263048,Success,CID185316,Prime Plus,Nagarbhavi,Majestic,238.0,110.0,Not Applicable,Not Applicable,No,Not Applicable,519,Cash,4,3.3,4.3
2024-07-02 10:39:00,CNR5692462402,Success,CID101112,Prime Sedan,Padmanabhanagar,Rajarajeshwari Nagar,70.0,145.0,Not Applicable,Not Applicable,No,Not Applicable,229,UPI,40,3.1,4.3
2024-07-05 13:29:00,CNR5993946371,Success,CID428823,Prime Plus,Indiranagar,Bellandur,203.0,120.0,Not Applicable,Not Applicable,No,Not Applicable,979,UPI,1,4.6,3.4
2024-07-21 04:29:00,CNR7233993649,Success,CID419530,Prime Plus,Devanahalli,HSR Layout,84.0,60.0,Not Applicable,Not Applicable,No,Not Applicable,161,Cash,27,3.4,3.6
2024-07-06 03:48:00,CNR1897103291,Canceled by Customer,CID272949,Prime Sedan,Nagarbhavi,KR Puram,,,AC is Not working,Not Applicable,Not Applicable,Not Applicable,237,Not Applicable,0,,
2024-07-10 05:34:00,CNR9357869981,Success,CID290671,Prime SUV,Devanahalli,Ramamurthy Nagar,98.0,35.0,Not Applicable,Not Applicable,No,Not Applicable,281,Cash,4,4.1,3.1
2024-07-19 12:40:00,CNR9527429334,Success,CID877292,Prime Plus,Sarjapur Road,Langford Town,189.0,120.0,Not Applicable,Not Applicable,No,Not Applicable,286,Cash,10,3.7,4.6
2024-07-30 02:36:00,CNR9047704787,Success,CID623233,Mini,RT Nagar,Langford Town,182.0,25.0,Not Applicable,Not Applicable,No,Not Applicable,375,UPI,26,4.8,4.2
2024-07-19 13:56:00,CNR2367558137,Success,CID224605,Bike,MG Road,Chickpet,168.0,100.0,Not Applicable,Not Applicable,No,Not Applicable,317,Credit Card,24,3.8,3.4
2024-07-09 23:01:00,CNR2834697939,Success,CID313258,Bike,Yelahanka,Kengeri,161.0,125.0,Not Applicable,Not Applicable,No,Not Applicable,410,UPI,21,3.8,4.9
2024-07-14 05:47:00,CNR4635023538,Success,CID597727,eBike,Basavanagudi,Nagarbhavi,168.0,140.0,Not Applicable,Not Applicable,No,Not Applicable,492,UPI,34,3.7,3.7
2024-07-15 00:19:00,CNR2561393585,Success,CID917520,Bike,Indiranagar,Hulimavu,42.0,140.0,Not Applicable,Not Applicable,No,Not Applicable,403,Cash,11,3.9,5.0
2024-07-16 21:41:00,CNR2178288392,Driver Not Found,CID226144,Mini,HSR Layout,Chickpet,,,Not Applicable,Not Applicable,Not Applicable,Not Applicable,149,Not Applicable,0,,
2024-07-28 01:41:00,CNR1358499242,Driver Not Found,CID746367,Mini,Nagarbhavi,Sahakar Nagar,,,Not Applicable,Not Applicable,Not Applicable,Not Applicable,666,Not Applicable,0,,
2024-07-03 12:15:00,CNR4377532000,Canceled by Customer,CID654939,eBike,Vijayanagar,MG Road,,,Change of plans,Not Applicable,Not Applicable,Not Applicable,114,Not Applicable,0,,
2024-07-16 20:37:00,CNR8697330576,Success,CID278638,Prime Plus,Hennur,Shantinagar,35.0,85.0,Not Applicable,Not Applicable,No,Not Applicable,2735,Cash,18,4.9,4.6
2024-07-03 02:23:00,CNR3267068005,Success,CID410154,eBike,Shantinagar,BTM Layout,119.0,55.0,Not Applicable,Not Applicable,No,Not Applicable,987,UPI,41,4.9,3.1
2024-07-23 17:08:00,CNR4910468303,Canceled by Driver,CID736390,Bike,JP Nagar,Devanahalli,,,Not Applicable,More than permitted people in there,Not Applicable,Not Applicable,263,Not Applicable,0,,
2024-07-27 09:26:00,CNR2055309773,Driver Not Found,CID928587,Auto,Frazer Town,Richmond Town,,,Not Applicable,Not Applicable,Not Applicable,Not Applicable,531,Not Applicable,0,,
2024-07-08 05:33:00,CNR7132863197,Driver Not Found,CID188270,Bike,Magadi Road,Mysore Road,,,Not Applicable,Not Applicable,Not Applicable,Not Applicable,704,Not Applicable,0,,
2024-07-12 02:10:00,CNR7653166087,Canceled by Driver,CID871298,Prime Sedan,Ramamurthy Nagar,Kammanahalli,,,Not Applicable,Customer was coughing/sick,Not Applicable,Not Applicable,719,Not Applicable,0,,
2024-07-23 23:10:00,CNR4719854587,Success,CID596933,Auto,Varthur,Mysore Road,224.0,105.0,Not Applicable,Not Applicable,No,Not Applicable,196,UPI,1,3.6,3.3
2024-07-19 13:22:00,CNR7025249870,Success,CID278198,eBike,HSR Layout,Shantinagar,147.0,40.0,Not Applicable,Not Applicable,No,Not Applicable,497,Cash,29,4.7,3.8
2024-07-10 05:39:00,CNR3566167780,Driver Not Found,CID101637,eBike,Yelahanka,Yeshwanthpur,,,Not Applicable,Not Applicable,Not Applicable,Not Applicable,213,Not Applicable,0,,
2024-07-15 12:22:00,CNR6134494692,Driver Not Found,CID671789,Mini,Richmond Town,Richmond Town,,,Not Applicable,Not Applicable,Not Applicable,Not Applicable,483,Not Applicable,0,,
2024-07-29 08:00:00,CNR5874841821,Canceled by Customer,CID788557,Prime SUV,Kadugodi,Sahakar Nagar,,,Driver asked to cancel,Not Applicable,Not Applicable,Not Applicable,342,Not Applicable,0,,
2024-07-06 04:58:00,CNR9199461158,Success,CID688692,Mini,Ramamurthy Nagar,Hebbal,49.0,110.0,Not Applicable,Not Applicable,No,Not Applicable,394,Credit Card,39,4.7,3.9
2024-07-18 00:53:00,CNR8418346998,Success,CID218199,Prime SUV,Basavanagudi,Peenya,168.0,130.0,Not Applicable,Not Applicable,No,Not Applicable,289,Cash,34,3.4,4.8
2024-07-13 20:34:00,CNR4119203096,Canceled by Driver,CID861507,Prime Sedan,Indiranagar,Tumkur Road,,,Not Applicable,More than permitted people in there,Not Applicable,Not Applicable,167,Not Applicable,0,,
2024-07-21 09:10:00,CNR9413297136,Success,CID905200,Prime SUV,Hebbal,Devanahalli,273.0,95.0,Not Applicable,Not Applicable,No,Not Applicable,195,UPI,34,3.9,4.0
2024-07-14 17:19:00,CNR1540507294,Success,CID439472,eBike,Vijayanagar,Vijayanagar,35.0,95.0,Not Applicable,Not Applicable,No,Not Applicable,861,UPI,38,4.4,4.2
2024-07-13 14:42:00,CNR2631905027,Driver Not Found,CID429791,Prime Plus,Koramangala,Majestic,,,Not Applicable,Not Applicable,Not Applicable,Not Applicable,736,Not Applicable,0,,
2024-07-11 14:13:00,CNR9916512404,Success,CID767599,Prime Sedan,Yeshwanthpur,Langford Town,259.0,100.0,Not Applicable,Not Applicable,No,Not Applicable,138,UPI,29,4.6,4.5
2024-07-23 02:16:00,CNR8310818839,Canceled by Customer,CID350469,Auto,Sarjapur Road,RT Nagar,,,AC is Not working,Not Applicable,Not Applicable,Not Applicable,133,Not Applicable,0,,
2024-07-07 20:37:00,CNR6799281193,Canceled by Customer,CID172399,Bike,Padmanabhanagar,Rajajinagar,,,Driver asked to cancel,Not Applicable,Not Applicable,Not Applicable,444,Not Applicable,0,,
2024-07-01 17:19:00,CNR1167130834,Driver Not Found,CID693297,Prime Plus,Bannerghatta Road,MG Road,,,Not Applicable,Not Applicable,Not Applicable,Not Applicable,451,Not Applicable,0,,
2024-07-09 12:52:00,CNR7762555163,Canceled by Customer,CID421048,Prime Sedan,Padmanabhanagar,Peenya,,,AC is Not working,Not Applicable,Not Applicable,Not Applicable,384,Not Applicable,0,,
2024-07-01 02:47:00,CNR7896965360,Success,CID342012,Prime Sedan,Rajajinagar,Mysore Road,301.0,60.0,Not Applicable,Not Applicable,No,Not Applicable,491,Credit Card,30,4.7,3.1
2024-07-24 06:30:00,CNR6075550973,Success,CID308404,Bike,Indiranagar,Indiranagar,112.0,80.0,Not Applicable,Not Applicable,No,Not Applicable,522,Cash,16,4.4,4.8
2024-07-24 23:46:00,CNR3036073511,Success,CID959675,eBike,KR Puram,Langford Town,252.0,115.0,Not Applicable,Not Applicable,No,Not Applicable,1987,UPI,17,3.1,4.7
2024-07-30 18:54:00,CNR4836850609,Success,CID330882,Bike,BTM Layout,Yeshwanthpur,301.0,115.0,Not Applicable,Not Applicable,No,Not Applicable,182,UPI,30,3.2,3.7
2024-07-02 00:54:00,CNR1669711789,Success,CID613685,Prime Plus,Devanahalli,Chickpet,56.0,45.0,Not Applicable,Not Applicable,Yes,Customer Demand,315,UPI,12,3.8,3.2
2024-07-03 03:42:00,CNR5862184112,Success,CID986348,Bike,Hennur,BTM Layout,147.0,65.0,Not Applicable,Not Applicable,No,Not Applicable,799,UPI,4,4.0,3.2
2024-07-16 07:19:00,CNR8760741673,Canceled by Customer,CID412700,Bike,Vijayanagar,MG Road,,,Change of plans,Not Applicable,Not Applicable,Not Applicable,463,Not Applicable,0,,
2024-07-08 12:25:00,CNR1231099156,Success,CID695363,Prime Plus,Chickpet,Ramamurthy Nagar,133.0,120.0,Not Applicable,Not Applicable,No,Not Applicable,464,UPI,39,4.8,3.5
2024-07-30 05:54:00,CNR9958039737,Canceled by Driver,CID374916,Prime SUV,Sarjapur Road,Peenya,,,Not Applicable,Customer related issue,Not Applicable,Not Applicable,2114,Not Applicable,0,,
2024-07-12 22:20:00,CNR8581433145,Canceled by Driver,CID724144,Prime SUV,Shantinagar,Rajarajeshwari Nagar,,,Not Applicable,Personal & Car related issue,Not Applicable,Not Applicable,342,Not Applicable,0,,
2024-07-22 16:15:00,CNR9233092878,Canceled by Customer,CID473441,Auto,Devanahalli,Yelahanka,,,Change of plans,Not Applicable,Not Applicable,Not Applicable,416,Not Applicable,0,,
2024-07-16 11:52:00,CNR1196729750,Success,CID742254,Mini,Nagarbhavi,Whitefield,161.0,95.0,Not Applicable,Not Applicable,No,Not Applicable,475,UPI,45,3.9,3.4
2024-07-05 11:00:00,CNR9115374985,Canceled by Customer,CID893374,Prime Sedan,Chickpet,Hosur Road,,,Change of plans,Not Applicable,Not Applicable,Not Applicable,309,Not Applicable,0,,
2024-07-05 01:28:00,CNR5512228215,Success,CID760574,Auto,Jayanagar,Yelahanka,49.0,95.0,Not Applicable,Not Applicable,No,Not Applicable,417,Cash,19,4.7,4.0
2024-07-13 13:40:00,CNR9936733477,Success,CID671682,Prime Sedan,Padmanabhanagar,Bellandur,224.0,80.0,Not Applicable,Not Applicable,No,Not Applicable,294,UPI,2,3.0,4.1
2024-07-01 21:22:00,CNR8368036714,Canceled by Driver,CID162634,Mini,Chamarajpet,Rajarajeshwari Nagar,,,Not Applicable,Customer related issue,Not Applicable,Not Applicable,270,Not Applicable,0,,
2024-07-22 04:20:00,CNR9177523656,Canceled by Driver,CID260797,Auto,Banashankari,Langford Town,,,Not Applicable,Customer related issue,Not Applicable,Not Applicable,375,Not Applicable,0,,
2024-07-30 19:02:00,CNR9832370330,Canceled by Driver,CID540918,Prime SUV,Peenya,Kammanahalli,,,Not Applicable,Customer related issue,Not Applicable,Not Applicable,396,Not Applicable,0,,
2024-07-09 07:02:00,CNR9876050512,Success,CID340366,Auto,RT Nagar,Shantinagar,63.0,115.0,Not Applicable,Not Applicable,No,Not Applicable,963,Cash,14,4.5,3.0
2024-07-10 16:19:00,CNR8407710498,Success,CID783702,Prime Sedan,Majestic,Jayanagar,189.0,125.0,Not Applicable,Not Applicable,No,Not Applicable,238,Cash,30,4.1,4.1
2024-07-13 22:36:00,CNR7310178196,Success,CID803117,Prime Sedan,Ramamurthy Nagar,RT Nagar,161.0,50.0,Not Applicable,Not Applicable,No,Not Applicable,323,UPI,41,4.5,4.4
2024-07-09 12:05:00,CNR3478064845,Canceled by Customer,CID134748,Bike,Rajarajeshwari Nagar,Kengeri,,,Driver asked to cancel,Not Applicable,Not Applicable,Not Applicable,1849,Not Applicable,0,,
2024-07-22 11:57:00,CNR8866757382,Success,CID590341,eBike,Langford Town,Tumkur Road,245.0,60.0,Not Applicable,Not Applicable,No,Not Applicable,269,Cash,42,4.8,3.2
2024-07-21 14:20:00,CNR5528303367,Driver Not Found,CID217879,Prime SUV,Ramamurthy Nagar,Langford Town,,,Not Applicable,Not Applicable,Not Applicable,Not Applicable,841,Not Applicable,0,,
2024-07-05 22:05:00,CNR1587286729,Driver Not Found,CID824674,Bike,Devanahalli,Malleshwaram,,,Not Applicable,Not Applicable,Not Applicable,Not Applicable,1195,Not Applicable,0,,
2024-07-16 15:07:00,CNR6636185644,Success,CID243093,Auto,Nagarbhavi,Yeshwanthpur,280.0,70.0,Not Applicable,Not Applicable,No,Not Applicable,369,Cash,14,4.5,4.0
2024-07-10 18:47:00,CNR5251258097,Success,CID641709,eBike,Yeshwanthpur,Chickpet,203.0,30.0,Not Applicable,Not Applicable,No,Not Applicable,903,Cash,14,4.0,4.9
2024-07-11 14:51:00,CNR8020900256,Success,CID115880,Prime Sedan,Mysore Road,Padmanabhanagar,175.0,50.0,Not Applicable,Not Applicable,No,Not Applicable,837,Cash,6,3.7,3.3
2024-07-14 14:27:00,CNR2911044060,Canceled by Driver,CID352282,Prime Plus,Padmanabhanagar,Bellandur,,,Not Applicable,Customer related issue,Not Applicable,Not Applicable,609,Not Applicable,0,,
2024-07-11 18:14:00,CNR1861761556,Driver Not Found,CID393354,eBike,Richmond Town,Shivajinagar,,,Not Applicable,Not Applicable,Not Applicable,Not Applicable,683,Not Applicable,0,,
2024-07-21 00:32:00,CNR7899384381,Success,CID492686,Prime SUV,Padmanabhanagar,Yeshwanthpur,266.0,100.0,Not Applicable,Not Applicable,No,Not Applicable,308,Cash,34,3.2,5.0
2024-07-20 07:51:00,CNR8730488019,Canceled by Driver,CID385414,Auto,Ramamurthy Nagar,Varthur,,,Not Applicable,Customer was coughing/sick,Not Applicable,Not Applicable,2651,Not Applicable,0,,
2024-07-12 12:49:00,CNR7246719387,Success,CID341979,Prime Sedan,Cox Town,Chickpet,231.0,55.0,Not Applicable,Not Applicable,No,Not Applicable,571,Cash,25,3.3,3.8
2024-07-08 08:45:00,CNR7623214873,Canceled by Driver,CID750130,Mini,Rajarajeshwari Nagar,Langford Town,,,Not Applicable,Customer was coughing/sick,Not Applicable,Not Applicable,931,Not Applicable,0,,
2024-07-16 13:51:00,CNR5906049154,Success,CID504386,Mini,Ramamurthy Nagar,Shantinagar,238.0,50.0,Not Applicable,Not Applicable,No,Not Applicable,415,UPI,49,4.6,3.1
2024-07-22 14:33:00,CNR8373450599,Success,CID782118,Bike,JP Nagar,Electronic City,63.0,130.0,Not Applicable,Not Applicable,No,Not Applicable,501,UPI,40,3.1,3.7
2024-07-24 17:38:00,CNR3376738098,Success,CID906190,Mini,Varthur,Frazer Town,63.0,40.0,Not Applicable,Not Applicable,No,Not Applicable,962,Cash,28,4.8,3.8
2024-07-16 17:03:00,CNR4701035899,Success,CID665949,Bike,Magadi Road,JP Nagar,168.0,85.0,Not Applicable,Not Applicable,No,Not Applicable,319,Cash,38,3.4,4.9
2024-07-29 15:04:00,CNR9190952833,Success,CID824917,eBike,Ulsoor,Magadi Road,63.0,85.0,Not Applicable,Not Applicable,No,Not Applicable,155,UPI,22,3.0,3.5
2024-07-25 18:55:00,CNR5262085873,Success,CID529591,Auto,Sahakar Nagar,Hebbal,91.0,140.0,Not Applicable,Not Applicable,No,Not Applicable,640,Cash,17,3.8,4.5
2024-07-04 15:18:00,CNR1768995774,Driver Not Found,CID140408,Prime Plus,Sahakar Nagar,Yelahanka,,,Not Applicable,Not Applicable,Not Applicable,Not Applicable,1141,Not Applicable,0,,
2024-07-15 09:51:00,CNR7349303632,Canceled by Driver,CID232124,Bike,Hebbal,Banashankari,,,Not Applicable,More than permitted people in there,Not Applicable,Not Applicable,215,Not Applicable,0,,
2024-07-18 18:37:00,CNR7598594365,Canceled by Driver,CID218484,Prime Plus,Sahakar Nagar,Hulimavu,,,Not Applicable,Personal & Car related issue,Not Applicable,Not Applicable,179,Not Applicable,0,,
2024-07-22 02:37:00,CNR7603289214,Canceled by Driver,CID194088,Prime Sedan,Jayanagar,MG Road,,,Not Applicable,Customer related issue,Not Applicable,Not Applicable,307,Not Applicable,0,,
2024-07-17 16:55:00,CNR4113228869,Success,CID573854,Prime SUV,Langford Town,BTM Layout,217.0,25.0,Not Applicable,Not Applicable,No,Not Applicable,337,Cash,49,3.9,3.9
2024-07-18 03:02:00,CNR4828916166,Success,CID963150,Prime SUV,Kengeri,Yeshwanthpur,231.0,65.0,Not Applicable,Not Applicable,No,Not Applicable,205,Credit Card,12,4.6,4.1
2024-07-29 01:39:00,CNR5759430281,Driver Not Found,CID472071,Prime Sedan,Kengeri,Langford Town,,,Not Applicable,Not Applicable,Not Applicable,Not Applicable,2138,Not Applicable,0,,
2024-07-25 05:26:00,CNR2817637264,Driver Not Found,CID372989,Prime Plus,Frazer Town,Rajarajeshwari Nagar,,,Not Applicable,Not Applicable,Not Applicable,Not Applicable,236,Not Applicable,0,,
2024-07-11 04:23:00,CNR3738049299,Success,CID432289,eBike,Magadi Road,Hennur,301.0,30.0,Not Applicable,Not Applicable,Yes,Vehicle Breakdown,2106,UPI,45,4.5,4.2
2024-07-25 03:18:00,CNR7791308435,Success,CID503006,Prime Plus,RT Nagar,Hosur Road,189.0,100.0,Not Applicable,Not Applicable,No,Not Applicable,396,Cash,29,4.1,3.2
2024-07-20 00:35:00,CNR3612649776,Success,CID197231,Bike,Electronic City,Banashankari,77.0,70.0,Not Applicable,Not Applicable,No,Not Applicable,2263,Credit Card,26,4.6,4.6
2024-07-25 03:16:00,CNR8797840758,Driver Not Found,CID569330,eBike,Koramangala,Yeshwanthpur,,,Not Applicable,Not Applicable,Not Applicable,Not Applicable,259,Not Applicable,0,,
2024-07-18 20:39:00,CNR2911997738,Success,CID281693,Prime Sedan,BTM Layout,Koramangala,301.0,145.0,Not Applicable,Not Applicable,No,Not Applicable,242,Cash,37,3.0,4.8
2024-07-21 13:05:00,CNR2538850102,Success,CID204633,Auto,Shivajinagar,Magadi Road,231.0,25.0,Not Applicable,Not Applicable,No,Not Applicable,363,UPI,3,3.5,3.3
2024-07-27 10:24:00,CNR9825619613,Canceled by Driver,CID600766,Prime Sedan,Indiranagar,RT Nagar,,,Not Applicable,Customer was coughing/sick,Not Applicable,Not Applicable,1641,Not Applicable,0,,
2024-07-04 18:08:00,CNR4904175763,Success,CID891020,Bike,Hebbal,Varthur,266.0,120.0,Not Applicable,Not Applicable,No,Not Applicable,181,Cash,36,4.5,3.4
2024-07-11 02:20:00,CNR3612069625,Canceled by Driver,CID230662,Mini,Chamarajpet,RT Nagar,,,Not Applicable,Customer related issue,Not Applicable,Not Applicable,349,Not Applicable,0,,
2024-07-16 07:55:00,CNR3031948210,Driver Not Found,CID328582,Prime Sedan,Marathahalli,Cox Town,,,Not Applicable,Not Applicable,Not Applicable,Not Applicable,227,Not Applicable,0,,
2024-07-29 02:22:00,CNR3590041241,Success,CID622065,Mini,JP Nagar,Jayanagar,84.0,40.0,Not Applicable,Not Applicable,No,Not Applicable,997,Cash,42,4.9,3.4
2024-07-21 21:01:00,CNR4253680303,Success,CID185837,eBike,HSR Layout,BTM Layout,49.0,50.0,Not Applicable,Not Applicable,No,Not Applicable,340,Cash,28,4.2,3.7
2024-07-10 15:24:00,CNR4040289307,Canceled by Driver,CID103399,Bike,Sahakar Nagar,Hennur,,,Not Applicable,More than permitted people in there,Not Applicable,Not Applicable,802,Not Applicable,0,,
2024-07-16 02:05:00,CNR3526545870,Canceled by Customer,CID322217,Mini,Marathahalli,Richmond Town,,,Change of plans,Not Applicable,Not Applicable,Not Applicable,255,Not Applicable,0,,
2024-07-22 02:35:00,CNR1783204036,Success,CID808103,Prime SUV,Indiranagar,Varthur,42.0,115.0,Not Applicable,Not Applicable,No,Not Applicable,457,Credit Card,46,4.9,4.4
2024-07-09 15:26:00,CNR9619098526,Canceled by Driver,CID786732,Prime SUV,Ulsoor,Chamarajpet,,,Not Applicable,Customer was coughing/sick,Not Applicable,Not Applicable,2833,Not Applicable,0,,
2024-07-23 15:22:00,CNR5362176772,Success,CID874480,eBike,Chickpet,Marathahalli,98.0,115.0,Not Applicable,Not Applicable,No,Not Applicable,409,UPI,38,5.0,4.2
2024-07-13 04:21:00,CNR1540289235,Canceled by Driver,CID927154,Bike,Nagarbhavi,BTM Layout,,,Not Applicable,More than permitted people in there,Not Applicable,Not Applicable,349,Not Applicable,0,,
2024-07-11 22:01:00,CNR5544839684,Driver Not Found,CID440742,Bike,Malleshwaram,Richmond Town,,,Not Applicable,Not Applicable,Not Applicable,Not Applicable,906,Not Applicable,0,,
2024-07-10 17:22:00,CNR7364261577,Driver Not Found,CID343124,Prime Sedan,Frazer Town,Malleshwaram,,,Not Applicable,Not Applicable,Not Applicable,Not Applicable,493,Not Applicable,0,,
2024-07-15 02:02:00,CNR3736532075,Success,CID653844,Prime Sedan,Bellandur,Shivajinagar,189.0,110.0,Not Applicable,Not Applicable,No,Not Applicable,324,Cash,26,3.9,3.9
2024-07-27 07:15:00,CNR2183308269,Driver Not Found,CID872765,eBike,Malleshwaram,Basavanagudi,,,Not Applicable,Not Applicable,Not Applicable,Not Applicable,286,Not Applicable,0,,
2024-07-06 03:51:00,CNR8648659899,Success,CID782895,Bike,Tumkur Road,Basavanagudi,112.0,50.0,Not Applicable,Not Applicable,Yes,Vehicle Breakdown,540,UPI,40,3.8,4.6
2024-07-03 00:19:00,CNR9445004204,Success,CID695957,Prime Sedan,Chickpet,Kammanahalli,217.0,105.0,Not Applicable,Not Applicable,Yes,Vehicle Breakdown,301,UPI,47,3.5,3.0
2024-07-22 04:33:00,CNR1614405610,Success,CID604492,Prime Sedan,JP Nagar,Shantinagar,105.0,25.0,Not Applicable,Not Applicable,No,Not Applicable,360,UPI,17,3.1,3.3
2024-07-06 10:56:00,CNR5869022014,Success,CID159648,Prime SUV,Devanahalli,Cox Town,224.0,140.0,Not Applicable,Not Applicable,No,Not Applicable,405,Credit Card,26,3.3,3.6
2024-07-30 19:58:00,CNR9436452187,Canceled by Driver,CID769022,eBike,MG Road,Nagarbhavi,,,Not Applicable,Customer related issue,Not Applicable,Not Applicable,743,Not Applicable,0,,
2024-07-15 12:47:00,CNR8370180578,Success,CID847054,Prime SUV,RT Nagar,Ramamurthy Nagar,112.0,50.0,Not Applicable,Not Applicable,No,Not Applicable,170,UPI,2,4.7,4.2
2024-07-21 10:54:00,CNR9561203917,Canceled by Driver,CID422665,Mini,HSR Layout,Jayanagar,,,Not Applicable,Personal & Car related issue,Not Applicable,Not Applicable,215,Not Applicable,0,,
2024-07-12 13:56:00,CNR3672267437,Success,CID177036,Prime SUV,Jayanagar,Shivajinagar,161.0,135.0,Not Applicable,Not Applicable,No,Not Applicable,740,Cash,17,4.8,3.8
2024-07-19 02:14:00,CNR9072092304,Driver Not Found,CID208957,Mini,Hebbal,Indiranagar,,,Not Applicable,Not Applicable,Not Applicable,Not Applicable,198,Not Applicable,0,,
2024-07-16 01:06:00,CNR6783925160,Success,CID664216,eBike,Cox Town,Bannerghatta Road,63.0,45.0,Not Applicable,Not Applicable,No,Not Applicable,2467,Cash,40,4.7,3.0
2024-07-25 01:23:00,CNR5758562087,Success,CID465249,Prime Plus,Kengeri,Yeshwanthpur,112.0,45.0,Not Applicable,Not Applicable,No,Not Applicable,294,UPI,34,4.4,4.6
2024-07-09 21:18:00,CNR2666975630,Driver Not Found,CID814162,Auto,Majestic,Peenya,,,Not Applicable,Not Applicable,Not Applicable,Not Applicable,204,Not Applicable,0,,
2024-07-24 04:34:00,CNR8722989235,Success,CID523649,Auto,Kammanahalli,Devanahalli,231.0,145.0,Not Applicable,Not Applicable,No,Not Applicable,348,Cash,5,4.6,3.8
2024-07-27 04:43:00,CNR7248403034,Success,CID731661,Bike,Malleshwaram,Cox Town,273.0,30.0,Not Applicable,Not Applicable,No,Not Applicable,423,Cash,40,3.1,4.9
2024-07-17 10:16:00,CNR5482846309,Driver Not Found,CID453006,Prime SUV,Hennur,Yelahanka,,,Not Applicable,Not Applicable,Not Applicable,Not Applicable,204,Not Applicable,0,,
2024-07-02 00:26:00,CNR7071182241,Canceled by Driver,CID613740,eBike,RT Nagar,Rajarajeshwari Nagar,,,Not Applicable,More than permitted people in there,Not Applicable,Not Applicable,1265,Not Applicable,0,,
2024-07-13 19:56:00,CNR8810837493,Success,CID268037,Prime SUV,BTM Layout,Frazer Town,273.0,35.0,Not Applicable,Not Applicable,No,Not Applicable,473,UPI,26,4.6,3.5
2024-07-22 08:33:00,CNR6740241629,Success,CID987139,Bike,Tumkur Road,Kammanahalli,168.0,130.0,Not Applicable,Not Applicable,No,Not Applicable,100,Cash,1,4.8,4.4
2024-07-21 03:29:00,CNR6846914148,Driver Not Found,CID681026,Auto,Sahakar Nagar,Hosur Road,,,Not Applicable,Not Applicable,Not Applicable,Not Applicable,754,Not Applicable,0,,
2024-07-01 01:18:00,CNR2494875934,Success,CID352583,Bike,Indiranagar,Koramangala,112.0,140.0,Not Applicable,Not Applicable,No,Not Applicable,433,Cash,7,4.3,3.4
2024-07-12 04:16:00,CNR6729305106,Success,CID208914,eBike,Kengeri,JP Nagar,175.0,125.0,Not Applicable,Not Applicable,No,Not Applicable,262,Cash,18,3.3,4.4
2024-07-07 17:02:00,CNR9800987459,Success,CID924023,Prime Plus,Bellandur,Basavanagudi,119.0,75.0,Not Applicable,Not Applicable,No,Not Applicable,370,Cash,37,4.4,3.9
2024-07-16 17:33:00,CNR5579984722,Success,CID634359,Bike,Kadugodi,Varthur,266.0,70.0,Not Applicable,Not Applicable,No,Not Applicable,176,UPI,11,4.5,4.2
2024-07-01 13:17:00,CNR3525778847,Success,CID346402,Prime SUV,Kengeri,Langford Town,224.0,45.0,Not Applicable,Not Applicable,No,Not Applicable,2633,Cash,35,3.0,3.8
2024-07-30 14:57:00,CNR1852748282,Canceled by Driver,CID401252,Prime SUV,Sarjapur Road,Sarjapur Road,,,Not Applicable,Personal & Car related issue,Not Applicable,Not Applicable,409,Not Applicable,0,,
2024-07-23 03:28:00,CNR5445136579,Canceled by Driver,CID916501,eBike,Banashankari,Magadi Road,,,Not Applicable,Personal & Car related issue,Not Applicable,Not Applicable,307,Not Applicable,0,,
2024-07-21 05:23:00,CNR1346440335,Driver Not Found,CID922598,Mini,KR Puram,Rajarajeshwari Nagar,,,Not Applicable,Not Applicable,Not Applicable,Not Applicable,162,Not Applicable,0,,
2024-07-16 22:50:00,CNR2309713808,Driver Not Found,CID299121,eBike,Malleshwaram,HSR Layout,,,Not Applicable,Not Applicable,Not Applicable,Not Applicable,176,Not Applicable,0,,
2024-07-23 10:33:00,CNR7469001697,Canceled by Driver,CID111408,eBike,Richmond Town,Hulimavu,,,Not Applicable,Customer was coughing/sick,Not Applicable,Not Applicable,593,Not Applicable,0,,
2024-07-13 08:24:00,CNR7198238957,Success,CID732577,Auto,Marathahalli,Electronic City,147.0,45.0,Not Applicable,Not Applicable,No,Not Applicable,265,Cash,8,3.8,4.6
2024-07-17 18:36:00,CNR7674276429,Success,CID725725,eBike,Basavanagudi,BTM Layout,105.0,125.0,Not Applicable,Not Applicable,No,Not Applicable,103,Cash,8,3.5,3.9
2024-07-04 19:59:00,CNR4491208721,Success,CID233155,Auto,Bannerghatta Road,Hulimavu,266.0,30.0,Not Applicable,Not Applicable,No,Not Applicable,286,UPI,16,4.0,3.1
2024-07-08 17:05:00,CNR9386581786,Success,CID799691,Bike,Magadi Road,Kengeri,182.0,115.0,Not Applicable,Not Applicable,No,Not Applicable,205,Cash,44,4.5,4.4
2024-07-22 20:15:00,CNR2007151840,Canceled by Driver,CID313184,Mini,Hennur,Kengeri,,,Not Applicable,Customer related issue,Not Applicable,Not Applicable,644,Not Applicable,0,,
2024-07-24 23:20:00,CNR7218883114,Canceled by Customer,CID899375,Prime SUV,Cox Town,Nagarbhavi,,,AC is Not working,Not Applicable,Not Applicable,Not Applicable,473,Not Applicable,0,,
2024-07-19 02:46:00,CNR1661012854,Success,CID542486,Bike,Peenya,Padmanabhanagar,35.0,80.0,Not Applicable,Not Applicable,No,Not Applicable,2050,Cash,48,3.6,3.0
2024-07-24 01:29:00,CNR9664539429,Canceled by Driver,CID595541,Mini,Kadugodi,Langford Town,,,Not Applicable,Personal & Car related issue,Not Applicable,Not Applicable,2010,Not Applicable,0,,
2024-07-05 21:17:00,CNR9732054811,Canceled by Driver,CID382236,Prime Plus,Ulsoor,Hulimavu,,,Not Applicable,More than permitted people in there,Not Applicable,Not Applicable,258,Not Applicable,0,,
2024-07-21 16:07:00,CNR8853749694,Success,CID190012,Prime SUV,Whitefield,Varthur,56.0,90.0,Not Applicable,Not Applicable,No,Not Applicable,450,Cash,22,4.8,4.7
2024-07-29 17:37:00,CNR7840159279,Success,CID843514,eBike,Kengeri,Electronic City,91.0,65.0,Not Applicable,Not Applicable,No,Not Applicable,118,UPI,3,4.5,3.6
2024-07-02 06:23:00,CNR7715589696,Canceled by Driver,CID232339,Bike,Marathahalli,Shantinagar,,,Not Applicable,Customer was coughing/sick,Not Applicable,Not Applicable,421,Not Applicable,0,,
2024-07-11 11:36:00,CNR3714095760,Canceled by Driver,CID985771,Bike,MG Road,Richmond Town,,,Not Applicable,More than permitted people in there,Not Applicable,Not Applicable,326,Not Applicable,0,,
2024-07-10 19:01:00,CNR3027268059,Canceled by Customer,CID611753,Prime SUV,Indiranagar,Hosur Road,,,Driver is not moving towards pickup location,Not Applicable,Not Applicable,Not Applicable,395,Not Applicable,0,,
2024-07-20 14:17:00,CNR7748692402,Success,CID304221,Bike,Shivajinagar,Malleshwaram,140.0,40.0,Not Applicable,Not Applicable,No,Not Applicable,344,Cash,36,3.4,4.9
2024-07-17 19:53:00,CNR6246483897,Success,CID317235,Prime Plus,Koramangala,MG Road,245.0,55.0,Not Applicable,Not Applicable,No,Not Applicable,413,UPI,28,4.2,3.5
2024-07-30 14:57:00,CNR5690644696,Success,CID900097,Bike,Koramangala,Hennur,140.0,105.0,Not Applicable,Not Applicable,No,Not Applicable,753,Cash,36,4.1,4.9
2024-07-30 09:48:00,CNR3515778640,Success,CID204053,Auto,Malleshwaram,Tumkur Road,266.0,55.0,Not Applicable,Not Applicable,No,Not Applicable,473,Cash,14,4.7,4.5
2024-07-26 23:24:00,CNR5678415266,Canceled by Driver,CID879963,Prime Sedan,Koramangala,Chickpet,,,Not Applicable,Customer related issue,Not Applicable,Not Applicable,121,Not Applicable,0,,
2024-07-28 09:07:00,CNR1356405968,Canceled by Customer,CID187689,Prime Plus,Tumkur Road,Rajajinagar,,,Wrong Address,Not Applicable,Not Applicable,Not Applicable,346,Not Applicable,0,,
2024-07-30 03:45:00,CNR6781169230,Success,CID467270,Prime SUV,JP Nagar,Kadugodi,308.0,105.0,Not Applicable,Not Applicable,No,Not Applicable,407,UPI,20,4.7,3.4
2024-07-02 23:03:00,CNR9169900863,Success,CID130866,Auto,Rajajinagar,Sarjapur Road,210.0,55.0,Not Applicable,Not Applicable,No,Not Applicable,984,UPI,6,3.1,4.2
2024-07-30 06:20:00,CNR2084343939,Driver Not Found,CID839771,Auto,Bannerghatta Road,Rajajinagar,,,Not Applicable,Not Applicable,Not Applicable,Not Applicable,656,Not Applicable,0,,
2024-07-08 00:08:00,CNR1199604656,Success,CID935176,Prime Sedan,Koramangala,Hennur,154.0,65.0,Not Applicable,Not Applicable,No,Not Applicable,573,UPI,32,5.0,3.6
2024-07-08 03:43:00,CNR7412303343,Success,CID191228,Prime Sedan,Marathahalli,Bannerghatta Road,231.0,145.0,Not Applicable,Not Applicable,Yes,Other Issue,437,Cash,11,4.2,3.7
2024-07-01 21:51:00,CNR8211912011,Success,CID580381,Bike,Magadi Road,Devanahalli,182.0,30.0,Not Applicable,Not Applicable,No,Not Applicable,331,UPI,31,4.6,4.4
2024-07-02 08:17:00,CNR6039766515,Success,CID326356,Prime Plus,Ramamurthy Nagar,Richmond Town,210.0,140.0,Not Applicable,Not Applicable,No,Not Applicable,376,UPI,41,4.6,3.9
2024-07-12 14:46:00,CNR5479064784,Success,CID525779,Prime Sedan,Sahakar Nagar,Bellandur,56.0,40.0,Not Applicable,Not Applicable,No,Not Applicable,663,Debit Card,16,3.6,3.5
2024-07-15 16:39:00,CNR6772017408,Success,CID590254,eBike,Jayanagar,Sahakar Nagar,84.0,75.0,Not Applicable,Not Applicable,No,Not Applicable,866,Cash,20,3.4,3.1
2024-07-23 20:09:00,CNR6976335755,Driver Not Found,CID961343,Prime Plus,Marathahalli,Hebbal,,,Not Applicable,Not Applicable,Not Applicable,Not Applicable,195,Not Applicable,0,,
2024-07-30 10:27:00,CNR3325039031,Driver Not Found,CID652505,Prime Plus,Frazer Town,Rajarajeshwari Nagar,,,Not Applicable,Not Applicable,Not Applicable,Not Applicable,497,Not Applicable,0,,
2024-07-11 19:51:00,CNR3771944425,Success,CID313161,Prime Sedan,Tumkur Road,Shantinagar,70.0,120.0,Not Applicable,Not Applicable,No,Not Applicable,355,Cash,42,3.6,4.7
2024-07-26 21:20:00,CNR8793352457,Success,CID404522,eBike,Peenya,Yeshwanthpur,245.0,145.0,Not Applicable,Not Applicable,No,Not Applicable,530,Cash,26,4.4,4.6
2024-07-22 23:19:00,CNR8499369589,Success,CID908801,Prime Sedan,Ulsoor,Padmanabhanagar,196.0,145.0,Not Applicable,Not Applicable,No,Not Applicable,212,UPI,14,4.6,3.3
2024-07-21 13:17:00,CNR4714715830,Success,CID200304,Bike,Sarjapur Road,Langford Town,259.0,130.0,Not Applicable,Not Applicable,No,Not Applicable,299,Cash,35,3.7,4.6
2024-07-07 10:08:00,CNR4934786374,Success,CID208202,Prime SUV,Jayanagar,Bannerghatta Road,98.0,125.0,Not Applicable,Not Applicable,No,Not Applicable,981,UPI,22,4.1,4.5
2024-07-25 19:01:00,CNR8426532925,Success,CID925983,Mini,Vijayanagar,RT Nagar,175.0,130.0,Not Applicable,Not Applicable,No,Not Applicable,434,UPI,18,4.2,3.0
2024-07-10 06:10:00,CNR4519600060,Canceled by Driver,CID868684,Prime Plus,Padmanabhanagar,Vijayanagar,,,Not Applicable,Personal & Car related issue,Not Applicable,Not Applicable,193,Not Applicable,0,,
2024-07-25 14:01:00,CNR5041860501,Canceled by Driver,CID494700,Auto,Chamarajpet,Hulimavu,,,Not Applicable,Customer related issue,Not Applicable,Not Applicable,115,Not Applicable,0,,
2024-07-01 20:27:00,CNR1381318722,Canceled by Driver,CID860886,eBike,Marathahalli,Hebbal,,,Not Applicable,Personal & Car related issue,Not Applicable,Not Applicable,545,Not Applicable,0,,
2024-07-14 12:40:00,CNR4947732411,Success,CID422104,Mini,Hennur,Bannerghatta Road,259.0,50.0,Not Applicable,Not Applicable,No,Not Applicable,302,UPI,10,4.1,4.9
2024-07-23 20:35:00,CNR1632047792,Canceled by Driver,CID474383,Auto,Basavanagudi,Bannerghatta Road,,,Not Applicable,More than permitted people in there,Not Applicable,Not Applicable,156,Not Applicable,0,,
2024-07-02 16:07:00,CNR9012040641,Canceled by Customer,CID655700,eBike,Koramangala,Basavanagudi,,,Driver asked to cancel,Not Applicable,Not Applicable,Not Applicable,415,Not Applicable,0,,
2024-07-15 11:32:00,CNR6483280529,Canceled by Driver,CID913821,Auto,Jayanagar,Rajajinagar,,,Not Applicable,Personal & Car related issue,Not Applicable,Not Applicable,817,Not Applicable,0,,
2024-07-10 16:26:00,CNR8592394134,Success,CID661928,Auto,Malleshwaram,Vijayanagar,259.0,55.0,Not Applicable,Not Applicable,No,Not Applicable,127,Cash,15,3.5,4.7
2024-07-02 20:05:00,CNR8626997199,Canceled by Customer,CID941033,Prime SUV,HSR Layout,Kengeri,,,Driver is not moving towards pickup location,Not Applicable,Not Applicable,Not Applicable,316,Not Applicable,0,,
2024-07-25 05:11:00,CNR2648497372,Canceled by Customer,CID372448,Prime Sedan,Devanahalli,Kengeri,,,Change of plans,Not Applicable,Not Applicable,Not Applicable,204,Not Applicable,0,,
2024-07-03 12:36:00,CNR5489970518,Canceled by Driver,CID629878,Prime Sedan,Mysore Road,Rajajinagar,,,Not Applicable,Customer related issue,Not Applicable,Not Applicable,333,Not Applicable,0,,
2024-07-04 23:13:00,CNR1240562883,Canceled by Driver,CID579622,Mini,Rajarajeshwari Nagar,HSR Layout,,,Not Applicable,Customer was coughing/sick,Not Applicable,Not Applicable,856,Not Applicable,0,,
2024-07-07 13:14:00,CNR8093476723,Success,CID634995,Bike,Kengeri,Varthur,91.0,110.0,Not Applicable,Not Applicable,No,Not Applicable,386,Debit Card,43,4.7,4.8
2024-07-16 15:31:00,CNR7534252596,Success,CID738847,Prime Sedan,Padmanabhanagar,Rajajinagar,245.0,120.0,Not Applicable,Not Applicable,No,Not Applicable,751,Cash,36,3.1,3.8
2024-07-17 08:22:00,CNR6035828259,Success,CID639685,Auto,Devanahalli,Bannerghatta Road,175.0,130.0,Not Applicable,Not Applicable,No,Not Applicable,741,UPI,1,3.7,4.2
2024-07-12 10:45:00,CNR2461637359,Canceled by Driver,CID853374,Auto,Yelahanka,RT Nagar,,,Not Applicable,Customer was coughing/sick,Not Applicable,Not Applicable,498,Not Applicable,0,,
2024-07-25 00:13:00,CNR5637498948,Success,CID769862,Bike,Ulsoor,Shantinagar,147.0,85.0,Not Applicable,Not Applicable,Yes,Other Issue,156,Cash,3,4.5,4.6
2024-07-17 11:53:00,CNR6180505878,Success,CID297395,Bike,Banashankari,Shantinagar,49.0,145.0,Not Applicable,Not Applicable,No,Not Applicable,381,UPI,36,3.2,3.1
2024-07-11 04:35:00,CNR9797659686,Canceled by Customer,CID877810,Prime Sedan,Koramangala,Majestic,,,Change of plans,Not Applicable,Not Applicable,Not Applicable,2073,Not Applicable,0,,
2024-07-19 06:03:00,CNR4055138077,Success,CID381706,Auto,Chamarajpet,Bannerghatta Road,287.0,140.0,Not Applicable,Not Applicable,No,Not Applicable,377,Cash,11,4.1,3.1
2024-07-17 12:13:00,CNR9544884209,Success,CID386767,Auto,Rajarajeshwari Nagar,Nagarbhavi,154.0,125.0,Not Applicable,Not Applicable,No,Not Applicable,549,Credit Card,2,4.5,3.4
2024-07-02 19:01:00,CNR1792367194,Success,CID120156,Prime Plus,Sarjapur Road,Rajajinagar,182.0,50.0,Not Applicable,Not Applicable,No,Not Applicable,188,Cash,45,4.1,4.4
2024-07-21 17:08:00,CNR3840541288,Success,CID326949,Bike,Hulimavu,HSR Layout,301.0,130.0,Not Applicable,Not Applicable,No,Not Applicable,339,Cash,12,4.2,3.7
2024-07-02 21:38:00,CNR4315938289,Success,CID685930,Bike,Kengeri,Yelahanka,217.0,95.0,Not Applicable,Not Applicable,No,Not Applicable,262,UPI,1,3.3,4.6
2024-07-14 06:38:00,CNR4855677456,Canceled by Customer,CID268046,Prime SUV,Rajajinagar,Majestic,,,Wrong Address,Not Applicable,Not Applicable,Not Applicable,958,Not Applicable,0,,
2024-07-07 13:32:00,CNR3751811080,Success,CID277565,Mini,BTM Layout,Devanahalli,182.0,35.0,Not Applicable,Not Applicable,No,Not Applicable,200,Cash,20,4.8,4.0
2024-07-14 18:20:00,CNR6329693403,Success,CID889999,Prime Sedan,Kammanahalli,KR Puram,217.0,70.0,Not Applicable,Not Applicable,No,Not Applicable,268,Cash,35,3.2,4.0
2024-07-09 19:55:00,CNR1322363978,Success,CID139104,Prime Sedan,Devanahalli,Shantinagar,91.0,135.0,Not Applicable,Not Applicable,No,Not Applicable,507,Cash,35,4.7,4.7
2024-07-20 18:27:00,CNR7544910168,Canceled by Customer,CID217416,Prime SUV,Kadugodi,Hebbal,,,Driver is not moving towards pickup location,Not Applicable,Not Applicable,Not Applicable,382,Not Applicable,0,,
2024-07-24 21:21:00,CNR9135234288,Driver Not Found,CID940192,Bike,Langford Town,Bannerghatta Road,,,Not Applicable,Not Applicable,Not Applicable,Not Applicable,958,Not Applicable,0,,
2024-07-10 11:43:00,CNR8982743867,Canceled by Customer,CID630876,Mini,Whitefield,Mysore Road,,,Driver asked to cancel,Not Applicable,Not Applicable,Not Applicable,994,Not Applicable,0,,
2024-07-19 13:10:00,CNR5366219454,Success,CID983540,Mini,Kadugodi,KR Puram,252.0,115.0,Not Applicable,Not Applicable,No,Not Applicable,423,Cash,13,3.0,3.2
2024-07-08 13:03:00,CNR8972165277,Success,CID217158,Mini,Nagarbhavi,Yelahanka,35.0,40.0,Not Applicable,Not Applicable,No,Not Applicable,290,Cash,21,4.1,3.3
2024-07-02 19:18:00,CNR5199662809,Success,CID954413,Prime Plus,Nagarbhavi,Richmond Town,126.0,60.0,Not Applicable,Not Applicable,No,Not Applicable,406,Cash,18,4.3,3.8
2024-07-16 00:15:00,CNR6958522721,Driver Not Found,CID130030,Prime Sedan,Richmond Town,Marathahalli,,,Not Applicable,Not Applicable,Not Applicable,Not Applicable,914,Not Applicable,0,,
2024-07-17 05:17:00,CNR8653429181,Success,CID133312,Prime SUV,Bannerghatta Road,Richmond Town,224.0,80.0,Not Applicable,Not Applicable,No,Not Applicable,120,Cash,7,3.1,4.9
2024-07-16 16:09:00,CNR2287123778,Driver Not Found,CID827143,Prime Plus,KR Puram,Rajarajeshwari Nagar,,,Not Applicable,Not Applicable,Not Applicable,Not Applicable,177,Not Applicable,0,,
2024-07-03 08:15:00,CNR9555219944,Canceled by Driver,CID717596,eBike,Varthur,Rajajinagar,,,Not Applicable,Customer was coughing/sick,Not Applicable,Not Applicable,425,Not Applicable,0,,
2024-07-14 10:42:00,CNR6560123256,Success,CID169233,Bike,JP Nagar,Shantinagar,238.0,25.0,Not Applicable,Not Applicable,No,Not Applicable,364,UPI,28,4.5,3.7
2024-07-21 23:13:00,CNR3000396012,Success,CID467345,Mini,Peenya,Shantinagar,98.0,35.0,Not Applicable,Not Applicable,Yes,Vehicle Breakdown,297,Debit Card,39,3.5,4.4
2024-07-13 10:29:00,CNR9779391233,Canceled by Customer,CID290916,Auto,Ramamurthy Nagar,Electronic City,,,Driver asked to cancel,Not Applicable,Not Applicable,Not Applicable,214,Not Applicable,0,,
2024-07-08 16:33:00,CNR7251420375,Canceled by Customer,CID745945,Mini,Electronic City,Magadi Road,,,Driver asked to cancel,Not Applicable,Not Applicable,Not Applicable,374,Not Applicable,0,,
2024-07-15 22:28:00,CNR7362820031,Success,CID208756,Prime Sedan,Indiranagar,Mysore Road,231.0,60.0,Not Applicable,Not Applicable,No,Not Applicable,1989,Cash,6,3.5,4.5
2024-07-03 21:31:00,CNR2697455835,Success,CID937011,Prime Plus,Tumkur Road,Banashankari,42.0,85.0,Not Applicable,Not Applicable,No,Not Applicable,401,Cash,3,4.6,4.1
2024-07-14 00:10:00,CNR6218060817,Success,CID947796,Prime Plus,Richmond Town,Magadi Road,259.0,40.0,Not Applicable,Not Applicable,No,Not Applicable,448,Cash,45,3.2,4.4
2024-07-18 03:57:00,CNR7006595115,Canceled by Driver,CID800821,Mini,Ramamurthy Nagar,Hebbal,,,Not Applicable,Customer was coughing/sick,Not Applicable,Not Applicable,474,Not Applicable,0,,
2024-07-29 16:46:00,CNR9381405636,Success,CID775678,eBike,Hosur Road,Whitefield,140.0,95.0,Not Applicable,Not Applicable,No,Not Applicable,1656,Cash,23,4.6,4.8
2024-07-08 14:40:00,CNR9640628546,Success,CID832765,Mini,Yelahanka,Ramamurthy Nagar,287.0,130.0,Not Applicable,Not Applicable,No,Not Applicable,102,Cash,18,3.9,4.2
2024-07-09 08:35:00,CNR2630013998,Success,CID491814,Prime SUV,Hennur,Hosur Road,63.0,75.0,Not Applicable,Not Applicable,No,Not Applicable,414,Cash,42,3.9,4.3
2024-07-11 06:23:00,CNR5194591711,Canceled by Driver,CID905007,Prime Sedan,Whitefield,Jayanagar,,,Not Applicable,Customer related issue,Not Applicable,Not Applicable,370,Not Applicable,0,,
2024-07-26 15:40:00,CNR6884129435,Canceled by Driver,CID427946,eBike,Kammanahalli,MG Road,,,Not Applicable,Personal & Car related issue,Not Applicable,Not Applicable,377,Not Applicable,0,,
2024-07-28 23:53:00,CNR7456316740,Canceled by Driver,CID468221,Auto,Sahakar Nagar,MG Road,,,Not Applicable,Customer was coughing/sick,Not Applicable,Not Applicable,843,Not Applicable,0,,
2024-07-03 05:14:00,CNR8341222887,Success,CID160960,Auto,Basavanagudi,Nagarbhavi,294.0,145.0,Not Applicable,Not Applicable,No,Not Applicable,232,UPI,9,3.7,3.1
2024-07-26 00:17:00,CNR9733278812,Canceled by Driver,CID190182,Prime Plus,Banashankari,Rajarajeshwari Nagar,,,Not Applicable,Personal & Car related issue,Not Applicable,Not Applicable,153,Not Applicable,0,,
2024-07-26 16:31:00,CNR5631935097,Success,CID246899,Mini,Electronic City,Rajajinagar,84.0,90.0,Not Applicable,Not Applicable,No,Not Applicable,367,Cash,19,3.9,4.3
2024-07-30 19:30:00,CNR7004222524,Success,CID623287,Auto,Mysore Road,Koramangala,308.0,30.0,Not Applicable,Not Applicable,No,Not Applicable,380,Cash,9,3.7,3.5
2024-07-19 22:47:00,CNR3516328325,Canceled by Driver,CID127445,eBike,Chickpet,Sahakar Nagar,,,Not Applicable,Personal & Car related issue,Not Applicable,Not Applicable,357,Not Applicable,0,,
2024-07-15 17:28:00,CNR9238625970,Success,CID912893,Auto,Yeshwanthpur,Richmond Town,105.0,85.0,Not Applicable,Not Applicable,No,Not Applicable,476,UPI,5,4.1,3.4
2024-07-02 00:15:00,CNR9616284478,Success,CID677217,Mini,Marathahalli,Frazer Town,294.0,25.0,Not Applicable,Not Applicable,No,Not Applicable,930,Credit Card,24,4.2,4.7
2024-07-01 17:51:00,CNR8609646768,Success,CID444022,eBike,Banashankari,Ramamurthy Nagar,112.0,95.0,Not Applicable,Not Applicable,No,Not Applicable,123,Cash,15,3.1,3.6
2024-07-03 08:08:00,CNR7171349636,Driver Not Found,CID721826,eBike,Majestic,Electronic City,,,Not Applicable,Not Applicable,Not Applicable,Not Applicable,420,Not Applicable,0,,
2024-07-06 01:42:00,CNR4276383844,Canceled by Driver,CID281262,Auto,RT Nagar,Vijayanagar,,,Not Applicable,More than permitted people in there,Not Applicable,Not Applicable,607,Not Applicable,0,,
2024-07-25 10:16:00,CNR7123530735,Success,CID521329,eBike,Cox Town,Nagarbhavi,308.0,145.0,Not Applicable,Not Applicable,No,Not Applicable,102,Cash,25,4.6,3.5
2024-07-30 02:26:00,CNR3553846069,Canceled by Driver,CID755728,Auto,Kammanahalli,Bannerghatta Road,,,Not Applicable,Customer related issue,Not Applicable,Not Applicable,183,Not Applicable,0,,
2024-07-18 13:43:00,CNR4805422865,Success,CID333606,Prime Plus,Yeshwanthpur,Chickpet,238.0,60.0,Not Applicable,Not Applicable,No,Not Applicable,313,Cash,21,4.5,4.8
2024-07-05 08:43:00,CNR8797469246,Canceled by Driver,CID647269,eBike,KR Puram,Hulimavu,,,Not Applicable,Customer was coughing/sick,Not Applicable,Not Applicable,1613,Not Applicable,0,,
2024-07-29 21:47:00,CNR3836926215,Success,CID736146,Bike,Mysore Road,HSR Layout,287.0,50.0,Not Applicable,Not Applicable,No,Not Applicable,235,Cash,14,3.9,3.1
2024-07-16 17:53:00,CNR9845786759,Canceled by Customer,CID789421,Prime Sedan,Peenya,Jayanagar,,,Driver is not moving towards pickup location,Not Applicable,Not Applicable,Not Applicable,2901,Not Applicable,0,,
2024-07-22 14:22:00,CNR9978906463,Canceled by Driver,CID394534,eBike,RT Nagar,Hebbal,,,Not Applicable,More than permitted people in there,Not Applicable,Not Applicable,272,Not Applicable,0,,
2024-07-27 16:49:00,CNR3544806806,Success,CID355351,eBike,Banashankari,Padmanabhanagar,231.0,25.0,Not Applicable,Not Applicable,No,Not Applicable,426,Cash,45,4.9,4.2
2024-07-20 20:24:00,CNR6725387392,Canceled by Customer,CID838449,Auto,Richmond Town,Langford Town,,,Driver asked to cancel,Not Applicable,Not Applicable,Not Applicable,100,Not Applicable,0,,
2024-07-11 00:54:00,CNR1379549912,Success,CID131950,Mini,HSR Layout,Richmond Town,147.0,110.0,Not Applicable,Not Applicable,No,Not Applicable,246,UPI,41,3.4,3.1
2024-07-27 07:57:00,CNR5790761870,Canceled by Driver,CID504193,Auto,Rajajinagar,RT Nagar,,,Not Applicable,Customer related issue,Not Applicable,Not Applicable,230,Not Applicable,0,,
2024-07-25 17:41:00,CNR5723011436,Driver Not Found,CID616660,Auto,Koramangala,Peenya,,,Not Applicable,Not Applicable,Not Applicable,Not Applicable,100,Not Applicable,0,,
2024-07-25 07:23:00,CNR5214251625,Success,CID924652,eBike,MG Road,Bannerghatta Road,238.0,110.0,Not Applicable,Not Applicable,No,Not Applicable,148,UPI,35,3.6,3.9
2024-07-12 00:25:00,CNR9307707249,Success,CID655250,Mini,MG Road,Hulimavu,140.0,70.0,Not Applicable,Not Applicable,No,Not Applicable,256,UPI,23,4.3,4.3
2024-07-29 03:31:00,CNR4343610540,Success,CID603583,Mini,Banashankari,Marathahalli,91.0,100.0,Not Applicable,Not Applicable,Yes,Other Issue,1548,Cash,40,4.6,3.9
2024-07-11 18:44:00,CNR7000106251,Canceled by Driver,CID905389,Prime Sedan,Chamarajpet,Hebbal,,,Not Applicable,Customer related issue,Not Applicable,Not Applicable,292,Not Applicable,0,,
2024-07-13 05:16:00,CNR6241685604,Success,CID313407,Mini,Shivajinagar,Devanahalli,126.0,40.0,Not Applicable,Not Applicable,No,Not Applicable,451,Cash,4,4.8,3.2
2024-07-13 09:56:00,CNR9814338456,Success,CID195388,eBike,Kengeri,Ulsoor,252.0,100.0,Not Applicable,Not Applicable,No,Not Applicable,347,UPI,6,4.0,4.1
2024-07-30 04:50:00,CNR8928191594,Canceled by Customer,CID159425,Bike,Hosur Road,Jayanagar,,,Change of plans,Not Applicable,Not Applicable,Not Applicable,453,Not Applicable,0,,
2024-07-05 04:41:00,CNR7565505194,Canceled by Driver,CID955071,eBike,Kadugodi,JP Nagar,,,Not Applicable,More than permitted people in there,Not Applicable,Not Applicable,412,Not Applicable,0,,
2024-07-23 22:45:00,CNR3548013720,Success,CID454817,Prime SUV,Mysore Road,Sarjapur Road,147.0,85.0,Not Applicable,Not Applicable,No,Not Applicable,107,UPI,30,4.9,4.1
2024-07-05 21:35:00,CNR2172809978,Canceled by Customer,CID422218,Mini,Kadugodi,Magadi Road,,,AC is Not working,Not Applicable,Not Applicable,Not Applicable,120,Not Applicable,0,,
2024-07-09 08:04:00,CNR5035121109,Success,CID809412,Prime Sedan,Rajajinagar,Yeshwanthpur,49.0,145.0,Not Applicable,Not Applicable,No,Not Applicable,828,UPI,25,3.2,3.9
2024-07-01 01:36:00,CNR3573858550,Driver Not Found,CID597685,Auto,Nagarbhavi,Chickpet,,,Not Applicable,Not Applicable,Not Applicable,Not Applicable,969,Not Applicable,0,,
2024-07-02 23:15:00,CNR1739827635,Canceled by Driver,CID680579,Prime Plus,Magadi Road,Hulimavu,,,Not Applicable,Personal & Car related issue,Not Applicable,Not Applicable,187,Not Applicable,0,,
2024-07-19 05:18:00,CNR7997805826,Success,CID774194,eBike,Kengeri,Rajarajeshwari Nagar,35.0,145.0,Not Applicable,Not Applicable,No,Not Applicable,785,UPI,1,3.1,3.9
2024-07-05 14:08:00,CNR5569423112,Success,CID635882,Prime Sedan,Hosur Road,Rajajinagar,112.0,105.0,Not Applicable,Not Applicable,No,Not Applicable,430,Cash,12,5.0,3.2
2024-07-18 10:29:00,CNR7665626661,Driver Not Found,CID101381,Mini,Marathahalli,Bannerghatta Road,,,Not Applicable,Not Applicable,Not Applicable,Not Applicable,733,Not Applicable,0,,
2024-07-03 00:25:00,CNR3847710284,Success,CID781632,Auto,MG Road,MG Road,119.0,25.0,Not Applicable,Not Applicable,No,Not Applicable,483,UPI,11,3.0,3.7
2024-07-25 09:43:00,CNR3348163431,Canceled by Driver,CID992131,Auto,Kadugodi,Rajajinagar,,,Not Applicable,Personal & Car related issue,Not Applicable,Not Applicable,439,Not Applicable,0,,
2024-07-11 14:48:00,CNR7603082506,Success,CID261619,Auto,RT Nagar,BTM Layout,301.0,35.0,Not Applicable,Not Applicable,No,Not Applicable,380,Cash,11,4.3,4.8
2024-07-08 14:08:00,CNR4786660438,Driver Not Found,CID858086,Prime Sedan,MG Road,Koramangala,,,Not Applicable,Not Applicable,Not Applicable,Not Applicable,367,Not Applicable,0,,
2024-07-11 06:27:00,CNR1045518395,Success,CID182777,Prime Sedan,Chamarajpet,Chamarajpet,175.0,55.0,Not Applicable,Not Applicable,No,Not Applicable,309,Cash,15,4.6,3.8
2024-07-13 17:59:00,CNR1695529135,Success,CID712357,Mini,Devanahalli,Kengeri,56.0,75.0,Not Applicable,Not Applicable,No,Not Applicable,873,Cash,45,3.9,4.2
2024-07-18 22:24:00,CNR5527232558,Canceled by Driver,CID381234,eBike,RT Nagar,Ramamurthy Nagar,,,Not Applicable,Customer related issue,Not Applicable,Not Applicable,350,Not Applicable,0,,
2024-07-06 08:51:00,CNR1801322538,Canceled by Driver,CID917924,Bike,Varthur,Devanahalli,,,Not Applicable,Customer related issue,Not Applicable,Not Applicable,452,Not Applicable,0,,
2024-07-02 23:20:00,CNR3233777874,Canceled by Driver,CID492411,eBike,Kadugodi,Yelahanka,,,Not Applicable,Customer was coughing/sick,Not Applicable,Not Applicable,167,Not Applicable,0,,
2024-07-28 22:55:00,CNR3348030776,Canceled by Customer,CID670133,Mini,Sarjapur Road,Basavanagudi,,,AC is Not working,Not Applicable,Not Applicable,Not Applicable,166,Not Applicable,0,,
2024-07-04 06:35:00,CNR2299729701,Success,CID779800,Bike,Nagarbhavi,Ramamurthy Nagar,238.0,110.0,Not Applicable,Not Applicable,No,Not Applicable,1670,UPI,8,4.3,3.3
2024-07-14 09:37:00,CNR1999008392,Success,CID951156,Prime Plus,Sahakar Nagar,Sahakar Nagar,70.0,85.0,Not Applicable,Not Applicable,No,Not Applicable,1264,Cash,20,3.7,4.9
2024-07-21 13:54:00,CNR3513674941,Success,CID203690,Auto,KR Puram,Peenya,126.0,145.0,Not Applicable,Not Applicable,No,Not Applicable,884,UPI,8,3.7,4.3
2024-07-21 10:22:00,CNR1573239395,Success,CID933821,Prime Sedan,Basavanagudi,Koramangala,56.0,105.0,Not Applicable,Not Applicable,No,Not Applicable,660,UPI,38,4.3,4.1
2024-07-24 11:48:00,CNR2248116800,Success,CID786030,Bike,Tumkur Road,Chamarajpet,77.0,70.0,Not Applicable,Not Applicable,No,Not Applicable,954,UPI,45,3.6,4.3
2024-07-09 09:26:00,CNR6051377001,Canceled by Customer,CID450623,Bike,Hulimavu,Langford Town,,,AC is Not working,Not Applicable,Not Applicable,Not Applicable,152,Not Applicable,0,,
2024-07-16 02:48:00,CNR2353196591,Canceled by Driver,CID336958,eBike,Rajarajeshwari Nagar,Bellandur,,,Not Applicable,Customer related issue,Not Applicable,Not Applicable,219,Not Applicable,0,,
2024-07-08 08:31:00,CNR4708276085,Success,CID420195,Prime Plus,Electronic City,Tumkur Road,98.0,35.0,Not Applicable,Not Applicable,No,Not Applicable,103,Cash,19,3.3,3.0
2024-07-28 15:27:00,CNR1319797603,Driver Not Found,CID197106,eBike,KR Puram,RT Nagar,,,Not Applicable,Not Applicable,Not Applicable,Not Applicable,2689,Not Applicable,0,,
2024-07-19 13:39:00,CNR6476056018,Success,CID887023,Prime Sedan,Hennur,Kengeri,252.0,75.0,Not Applicable,Not Applicable,Yes,Vehicle Breakdown,927,UPI,1,3.2,3.4
2024-07-12 05:56:00,CNR4142382644,Success,CID462694,Prime SUV,Hennur,Rajajinagar,308.0,60.0,Not Applicable,Not Applicable,No,Not Applicable,291,UPI,18,4.7,3.3
2024-07-28 21:56:00,CNR8692693554,Success,CID785322,Bike,Hulimavu,Frazer Town,273.0,80.0,Not Applicable,Not Applicable,No,Not Applicable,1115,UPI,8,4.1,3.5
2024-07-23 08:41:00,CNR7919532401,Success,CID796850,Bike,HSR Layout,Jayanagar,70.0,50.0,Not Applicable,Not Applicable,No,Not Applicable,332,Cash,49,3.1,3.1
2024-07-29 19:19:00,CNR2410941506,Canceled by Customer,CID262115,Mini,Kadugodi,HSR Layout,,,Change of plans,Not Applicable,Not Applicable,Not Applicable,345,Not Applicable,0,,
2024-07-08 23:27:00,CNR6147912824,Success,CID678127,Prime Plus,Shivajinagar,Langford Town,98.0,35.0,Not Applicable,Not Applicable,No,Not Applicable,506,UPI,6,4.3,4.2
2024-07-18 19:14:00,CNR7418754199,Success,CID144825,eBike,Yelahanka,Sahakar Nagar,112.0,130.0,Not Applicable,Not Applicable,No,Not Applicable,644,Cash,18,4.6,3.4
2024-07-16 02:40:00,CNR7450850707,Success,CID975363,Prime Plus,Devanahalli,Banashankari,119.0,120.0,Not Applicable,Not Applicable,No,Not Applicable,338,UPI,46,4.4,3.6
2024-07-22 15:25:00,CNR3084305453,Canceled by Driver,CID576727,eBike,Chickpet,Hosur Road,,,Not Applicable,Customer was coughing/sick,Not Applicable,Not Applicable,923,Not Applicable,0,,
2024-07-19 09:10:00,CNR2393468563,Success,CID949338,Prime Sedan,Hosur Road,Bannerghatta Road,112.0,50.0,Not Applicable,Not Applicable,No,Not Applicable,979,Cash,5,4.2,3.7
2024-07-25 16:34:00,CNR1506633781,Success,CID409604,Bike,Mysore Road,Sarjapur Road,161.0,80.0,Not Applicable,Not Applicable,No,Not Applicable,334,Cash,22,3.9,4.4
2024-07-07 07:52:00,CNR3064877742,Success,CID415096,Auto,Langford Town,Mysore Road,140.0,125.0,Not Applicable,Not Applicable,Yes,Customer Demand,302,UPI,17,4.1,4.1
2024-07-11 23:40:00,CNR7551097026,Success,CID779782,Prime Plus,Vijayanagar,Whitefield,252.0,40.0,Not Applicable,Not Applicable,No,Not Applicable,2193,UPI,48,4.7,3.8
2024-07-15 01:01:00,CNR5989398699,Success,CID174648,eBike,Devanahalli,Frazer Town,49.0,140.0,Not Applicable,Not Applicable,No,Not Applicable,393,UPI,2,3.6,3.5
2024-07-11 00:53:00,CNR3472911424,Success,CID394950,Bike,Basavanagudi,Magadi Road,49.0,60.0,Not Applicable,Not Applicable,No,Not Applicable,431,Cash,21,3.3,3.3
2024-07-28 15:02:00,CNR5020407143,Canceled by Customer,CID340048,Auto,JP Nagar,Padmanabhanagar,,,Change of plans,Not Applicable,Not Applicable,Not Applicable,231,Not Applicable,0,,
2024-07-10 01:27:00,CNR7051734682,Canceled by Driver,CID819424,Prime SUV,Whitefield,Shivajinagar,,,Not Applicable,Personal & Car related issue,Not Applicable,Not Applicable,303,Not Applicable,0,,
2024-07-30 19:19:00,CNR6710650849,Success,CID347837,Prime SUV,Whitefield,Padmanabhanagar,35.0,65.0,Not Applicable,Not Applicable,No,Not Applicable,321,Cash,3,3.2,4.8
2024-07-11 20:13:00,CNR9292634213,Success,CID249381,Auto,Vijayanagar,Shivajinagar,301.0,60.0,Not Applicable,Not Applicable,No,Not Applicable,363,Cash,9,3.6,4.6
2024-07-22 13:10:00,CNR9537941163,Canceled by Customer,CID467520,Prime Sedan,Electronic City,Shivajinagar,,,Driver is not moving towards pickup location,Not Applicable,Not Applicable,Not Applicable,117,Not Applicable,0,,
2024-07-01 17:57:00,CNR2039572334,Success,CID285801,Prime Sedan,Rajajinagar,Hulimavu,252.0,130.0,Not Applicable,Not Applicable,No,Not Applicable,470,UPI,47,3.8,3.7
2024-07-23 05:46:00,CNR4658125428,Success,CID889182,Prime Plus,Langford Town,Hebbal,77.0,105.0,Not Applicable,Not Applicable,No,Not Applicable,360,UPI,48,4.7,3.9
2024-07-28 11:58:00,CNR9928378769,Canceled by Driver,CID186626,Prime Plus,Hennur,JP Nagar,,,Not Applicable,Customer was coughing/sick,Not Applicable,Not Applicable,355,Not Applicable,0,,
2024-07-13 21:04:00,CNR3145784980,Success,CID159677,Auto,Yeshwanthpur,JP Nagar,105.0,25.0,Not Applicable,Not Applicable,No,Not Applicable,323,Credit Card,12,4.4,4.1
2024-07-07 18:50:00,CNR6043277631,Success,CID704182,Prime Sedan,Nagarbhavi,Hulimavu,203.0,35.0,Not Applicable,Not Applicable,No,Not Applicable,216,Cash,12,3.5,4.2
2024-07-30 19:37:00,CNR9184310690,Success,CID209265,Bike,JP Nagar,MG Road,49.0,145.0,Not Applicable,Not Applicable,No,Not Applicable,206,Cash,33,4.9,3.5
2024-07-20 05:48:00,CNR2766219111,Driver Not Found,CID514964,Mini,KR Puram,Yeshwanthpur,,,Not Applicable,Not Applicable,Not Applicable,Not Applicable,115,Not Applicable,0,,
2024-07-06 02:10:00,CNR9413686548,Success,CID502186,Mini,Vijayanagar,Kengeri,266.0,75.0,Not Applicable,Not Applicable,No,Not Applicable,425,Cash,21,3.1,4.2
2024-07-14 13:01:00,CNR4563964256,Canceled by Driver,CID797253,eBike,Padmanabhanagar,Nagarbhavi,,,Not Applicable,Customer was coughing/sick,Not Applicable,Not Applicable,2485,Not Applicable,0,,
2024-07-23 19:08:00,CNR6582952459,Success,CID860099,Prime SUV,Yeshwanthpur,Whitefield,252.0,65.0,Not Applicable,Not Applicable,No,Not Applicable,465,Cash,47,5.0,3.8
2024-07-08 18:29:00,CNR8154053088,Success,CID361606,Mini,Kengeri,Hulimavu,105.0,70.0,Not Applicable,Not Applicable,No,Not Applicable,420,UPI,11,4.3,4.6
2024-07-03 01:14:00,CNR5206875323,Success,CID618850,Bike,Magadi Road,Ulsoor,35.0,75.0,Not Applicable,Not Applicable,No,Not Applicable,141,Cash,3,3.0,4.6
2024-07-12 03:38:00,CNR1840624707,Success,CID246587,Auto,Basavanagudi,Shivajinagar,308.0,140.0,Not Applicable,Not Applicable,No,Not Applicable,421,UPI,18,4.8,4.8
2024-07-10 15:07:00,CNR8002426118,Success,CID745371,eBike,Banashankari,Sarjapur Road,287.0,40.0,Not Applicable,Not Applicable,No,Not Applicable,127,Cash,7,4.3,4.6
2024-07-30 07:08:00,CNR7168970643,Success,CID475883,Prime Sedan,MG Road,Electronic City,175.0,145.0,Not Applicable,Not Applicable,No,Not Applicable,110,Cash,24,4.1,4.7
2024-07-06 14:00:00,CNR4902370629,Success,CID130905,Bike,Vijayanagar,Peenya,217.0,60.0,Not Applicable,Not Applicable,No,Not Applicable,376,UPI,24,3.5,3.4
2024-07-11 03:39:00,CNR6011820890,Canceled by Customer,CID903252,eBike,Mysore Road,Langford Town,,,Change of plans,Not Applicable,Not Applicable,Not Applicable,231,Not Applicable,0,,
2024-07-22 15:19:00,CNR6369293483,Canceled by Driver,CID253964,eBike,Bannerghatta Road,Peenya,,,Not Applicable,Personal & Car related issue,Not Applicable,Not Applicable,384,Not Applicable,0,,
2024-07-11 21:25:00,CNR9816380712,Success,CID949145,Mini,Chamarajpet,Jayanagar,224.0,75.0,Not Applicable,Not Applicable,No,Not Applicable,343,Cash,36,4.7,4.1
2024-07-25 01:22:00,CNR8143059776,Canceled by Customer,CID770892,Prime SUV,Kadugodi,Hebbal,,,Driver asked to cancel,Not Applicable,Not Applicable,Not Applicable,273,Not Applicable,0,,
2024-07-05 22:05:00,CNR7968213884,Success,CID445851,eBike,Varthur,MG Road,217.0,110.0,Not Applicable,Not Applicable,No,Not Applicable,246,Cash,8,3.6,4.3
2024-07-03 01:18:00,CNR3181197204,Success,CID118648,Prime Plus,Kengeri,Shivajinagar,105.0,70.0,Not Applicable,Not Applicable,Yes,Vehicle Breakdown,267,Cash,40,3.1,3.9
2024-07-19 15:39:00,CNR4274363772,Success,CID244633,eBike,HSR Layout,Hebbal,56.0,85.0,Not Applicable,Not Applicable,No,Not Applicable,443,UPI,7,4.0,3.0
2024-07-15 22:24:00,CNR1149264829,Canceled by Customer,CID172535,Prime Plus,BTM Layout,Mysore Road,,,Driver is not moving towards pickup location,Not Applicable,Not Applicable,Not Applicable,801,Not Applicable,0,,
2024-07-27 14:02:00,CNR8218764718,Success,CID592539,Mini,Shivajinagar,Cox Town,42.0,55.0,Not Applicable,Not Applicable,No,Not Applicable,246,Cash,45,4.1,3.6
2024-07-27 17:04:00,CNR1409481635,Success,CID800404,Prime SUV,BTM Layout,Kengeri,77.0,45.0,Not Applicable,Not Applicable,No,Not Applicable,213,UPI,45,4.7,4.9
2024-07-25 07:58:00,CNR3447090547,Driver Not Found,CID649105,Prime Sedan,Whitefield,Shantinagar,,,Not Applicable,Not Applicable,Not Applicable,Not Applicable,764,Not Applicable,0,,
2024-07-15 12:06:00,CNR5407475476,Success,CID900624,Bike,Peenya,Banashankari,252.0,80.0,Not Applicable,Not Applicable,No,Not Applicable,120,UPI,31,4.0,3.4
2024-07-28 20:11:00,CNR5427550245,Success,CID461053,Mini,Whitefield,Peenya,168.0,135.0,Not Applicable,Not Applicable,No,Not Applicable,186,UPI,25,3.2,3.6
2024-07-16 21:59:00,CNR5938977412,Success,CID803280,Prime Plus,RT Nagar,Malleshwaram,63.0,125.0,Not Applicable,Not Applicable,No,Not Applicable,138,Cash,42,4.9,3.1
2024-07-17 00:19:00,CNR4599560473,Driver Not Found,CID235211,Auto,Whitefield,Padmanabhanagar,,,Not Applicable,Not Applicable,Not Applicable,Not Applicable,2371,Not Applicable,0,,
2024-07-26 18:56:00,CNR9128750199,Canceled by Driver,CID829354,Prime Plus,Devanahalli,Indiranagar,,,Not Applicable,More than permitted people in there,Not Applicable,Not Applicable,622,Not Applicable,0,,
2024-07-25 08:42:00,CNR5097047056,Driver Not Found,CID361058,Prime SUV,Majestic,Bannerghatta Road,,,Not Applicable,Not Applicable,Not Applicable,Not Applicable,990,Not Applicable,0,,
2024-07-02 00:42:00,CNR2010245011,Canceled by Driver,CID833233,Bike,Padmanabhanagar,Jayanagar,,,Not Applicable,Personal & Car related issue,Not Applicable,Not Applicable,254,Not Applicable,0,,
2024-07-10 04:25:00,CNR3582255819,Canceled by Driver,CID794492,Prime SUV,Hulimavu,Banashankari,,,Not Applicable,Personal & Car related issue,Not Applicable,Not Applicable,452,Not Applicable,0,,
2024-07-30 13:15:00,CNR3502527200,Success,CID517599,Bike,Rajarajeshwari Nagar,Majestic,112.0,125.0,Not Applicable,Not Applicable,No,Not Applicable,2520,UPI,19,5.0,3.7
2024-07-12 07:41:00,CNR2023890671,Canceled by Customer,CID154899,eBike,Hebbal,Majestic,,,Driver is not moving towards pickup location,Not Applicable,Not Applicable,Not Applicable,443,Not Applicable,0,,
2024-07-13 22:46:00,CNR9880645493,Success,CID140464,Mini,Hennur,Shantinagar,245.0,100.0,Not Applicable,Not Applicable,No,Not Applicable,428,UPI,20,3.5,4.2
2024-07-15 15:43:00,CNR2386695873,Success,CID171564,Prime Plus,Ramamurthy Nagar,JP Nagar,252.0,85.0,Not Applicable,Not Applicable,No,Not Applicable,406,Debit Card,1,3.5,4.2
2024-07-28 01:11:00,CNR2330736209,Driver Not Found,CID388142,Prime Plus,Majestic,BTM Layout,,,Not Applicable,Not Applicable,Not Applicable,Not Applicable,347,Not Applicable,0,,
2024-07-28 09:38:00,CNR1871552486,Success,CID567591,Mini,Ulsoor,Cox Town,56.0,35.0,Not Applicable,Not Applicable,No,Not Applicable,585,Cash,30,4.3,4.5
2024-07-20 20:58:00,CNR7998702220,Canceled by Driver,CID138204,Auto,Chamarajpet,Chickpet,,,Not Applicable,More than permitted people in there,Not Applicable,Not Applicable,762,Not Applicable,0,,
2024-07-12 15:08:00,CNR8155798667,Driver Not Found,CID678821,Mini,Malleshwaram,Sahakar Nagar,,,Not Applicable,Not Applicable,Not Applicable,Not Applicable,429,Not Applicable,0,,
2024-07-26 15:00:00,CNR8566234665,Success,CID954568,eBike,HSR Layout,Bellandur,140.0,80.0,Not Applicable,Not Applicable,No,Not Applicable,888,Cash,43,4.8,3.3
2024-07-12 06:05:00,CNR4769853879,Success,CID367690,eBike,Koramangala,Mysore Road,56.0,120.0,Not Applicable,Not Applicable,No,Not Applicable,1319,UPI,14,4.7,3.9
2024-07-22 10:36:00,CNR4969402880,Canceled by Driver,CID296864,eBike,Varthur,Hennur,,,Not Applicable,More than permitted people in there,Not Applicable,Not Applicable,2379,Not Applicable,0,,
2024-07-25 12:30:00,CNR4680788221,Success,CID266016,Auto,BTM Layout,BTM Layout,147.0,120.0,Not Applicable,Not Applicable,No,Not Applicable,399,UPI,10,4.5,4.1
2024-07-15 08:41:00,CNR2877150726,Success,CID538662,Prime Plus,BTM Layout,Padmanabhanagar,168.0,60.0,Not Applicable,Not Applicable,No,Not Applicable,463,UPI,2,3.5,4.6
2024-07-29 16:57:00,CNR1524441797,Canceled by Customer,CID417599,Bike,Rajajinagar,Rajarajeshwari Nagar,,,Driver is not moving towards pickup location,Not Applicable,Not Applicable,Not Applicable,471,Not Applicable,0,,
2024-07-21 03:24:00,CNR6257855589,Success,CID759576,Prime Sedan,Cox Town,Padmanabhanagar,105.0,25.0,Not Applicable,Not Applicable,No,Not Applicable,2247,UPI,36,3.2,4.1
2024-07-26 08:17:00,CNR3056183251,Canceled by Customer,CID774211,eBike,Whitefield,Majestic,,,Wrong Address,Not Applicable,Not Applicable,Not Applicable,418,Not Applicable,0,,
2024-07-29 03:05:00,CNR6186531663,Canceled by Driver,CID673748,Prime Plus,Hulimavu,Nagarbhavi,,,Not Applicable,Personal & Car related issue,Not Applicable,Not Applicable,2878,Not Applicable,0,,
2024-07-16 04:44:00,CNR7518561583,Success,CID500984,Mini,Indiranagar,HSR Layout,217.0,80.0,Not Applicable,Not Applicable,No,Not Applicable,294,Cash,14,4.2,3.2
2024-07-25 08:56:00,CNR8702953496,Success,CID532107,Prime SUV,Bannerghatta Road,Hulimavu,63.0,40.0,Not Applicable,Not Applicable,No,Not Applicable,728,Cash,16,3.3,4.7
2024-07-30 00:45:00,CNR9177067649,Success,CID855423,Prime Sedan,Basavanagudi,Hebbal,42.0,120.0,Not Applicable,Not Applicable,No,Not Applicable,411,UPI,7,4.2,4.9
2024-07-04 18:35:00,CNR8134587472,Canceled by Driver,CID887781,Auto,Majestic,Rajarajeshwari Nagar,,,Not Applicable,Customer was coughing/sick,Not Applicable,Not Applicable,150,Not Applicable,0,,
2024-07-27 19:10:00,CNR2217679410,Canceled by Driver,CID268773,eBike,Rajajinagar,Langford Town,,,Not Applicable,Personal & Car related issue,Not Applicable,Not Applicable,617,Not Applicable,0,,
2024-07-07 17:47:00,CNR8983279072,Success,CID668296,Prime SUV,Varthur,Jayanagar,98.0,105.0,Not Applicable,Not Applicable,No,Not Applicable,218,Cash,42,3.1,3.4
2024-07-14 06:18:00,CNR6000963612,Driver Not Found,CID813034,eBike,HSR Layout,Kadugodi,,,Not Applicable,Not Applicable,Not Applicable,Not Applicable,883,Not Applicable,0,,
2024-07-30 01:20:00,CNR2773285950,Driver Not Found,CID871006,Prime Sedan,MG Road,Mysore Road,,,Not Applicable,Not Applicable,Not Applicable,Not Applicable,427,Not Applicable,0,,
2024-07-28 11:42:00,CNR4868337940,Success,CID401114,Prime SUV,Frazer Town,Shivajinagar,35.0,100.0,Not Applicable,Not Applicable,No,Not Applicable,805,UPI,35,4.3,3.4
2024-07-30 09:51:00,CNR7018554054,Driver Not Found,CID833769,Prime Plus,Frazer Town,Richmond Town,,,Not Applicable,Not Applicable,Not Applicable,Not Applicable,195,Not Applicable,0,,
2024-07-28 04:21:00,CNR7340505592,Success,CID443915,Mini,Kadugodi,KR Puram,112.0,105.0,Not Applicable,Not Applicable,No,Not Applicable,263,Debit Card,20,4.0,3.4
2024-07-01 07:22:00,CNR4028495142,Canceled by Driver,CID723799,eBike,Ramamurthy Nagar,Nagarbhavi,,,Not Applicable,More than permitted people in there,Not Applicable,Not Applicable,405,Not Applicable,0,,
2024-07-13 05:46:00,CNR7284566470,Success,CID470445,Mini,Chamarajpet,Devanahalli,70.0,135.0,Not Applicable,Not Applicable,No,Not Applicable,348,UPI,15,4.7,3.8
2024-07-22 06:48:00,CNR1314028560,Success,CID250283,Prime Plus,JP Nagar,Vijayanagar,259.0,105.0,Not Applicable,Not Applicable,No,Not Applicable,406,Cash,47,3.0,3.4
2024-07-03 00:20:00,CNR4437476115,Success,CID763138,eBike,Rajarajeshwari Nagar,Marathahalli,112.0,105.0,Not Applicable,Not Applicable,No,Not Applicable,447,Cash,13,4.4,4.0
2024-07-14 13:50:00,CNR9107522546,Canceled by Driver,CID883869,Prime Sedan,Richmond Town,Hosur Road,,,Not Applicable,Customer related issue,Not Applicable,Not Applicable,162,Not Applicable,0,,
2024-07-23 05:20:00,CNR5165988977,Canceled by Customer,CID258279,Prime Plus,Langford Town,Peenya,,,Change of plans,Not Applicable,Not Applicable,Not Applicable,464,Not Applicable,0,,
2024-07-07 06:52:00,CNR7761643170,Canceled by Customer,CID952272,Bike,Chickpet,Richmond Town,,,Driver is not moving towards pickup location,Not Applicable,Not Applicable,Not Applicable,953,Not Applicable,0,,
2024-07-21 19:20:00,CNR6610631299,Success,CID424990,Prime Plus,Kengeri,Frazer Town,182.0,130.0,Not Applicable,Not Applicable,No,Not Applicable,583,Cash,33,4.1,4.8
2024-07-20 23:45:00,CNR4807809063,Canceled by Customer,CID685578,eBike,Ulsoor,Majestic,,,AC is Not working,Not Applicable,Not Applicable,Not Applicable,847,Not Applicable,0,,
2024-07-25 06:32:00,CNR1769557084,Canceled by Driver,CID271434,eBike,Rajajinagar,Kammanahalli,,,Not Applicable,Customer was coughing/sick,Not Applicable,Not Applicable,151,Not Applicable,0,,
2024-07-14 04:18:00,CNR3682381907,Driver Not Found,CID318383,eBike,Indiranagar,Hulimavu,,,Not Applicable,Not Applicable,Not Applicable,Not Applicable,569,Not Applicable,0,,
2024-07-22 20:22:00,CNR6045429865,Canceled by Driver,CID361929,Prime SUV,Jayanagar,Marathahalli,,,Not Applicable,Customer was coughing/sick,Not Applicable,Not Applicable,499,Not Applicable,0,,
2024-07-13 09:00:00,CNR1656214903,Driver Not Found,CID626071,Prime SUV,Peenya,Hosur Road,,,Not Applicable,Not Applicable,Not Applicable,Not Applicable,247,Not Applicable,0,,
2024-07-30 06:08:00,CNR8564145343,Success,CID825062,Mini,HSR Layout,Indiranagar,35.0,110.0,Not Applicable,Not Applicable,No,Not Applicable,584,Cash,42,3.1,3.9
2024-07-09 03:25:00,CNR5054294299,Success,CID440544,Prime SUV,HSR Layout,Padmanabhanagar,154.0,45.0,Not Applicable,Not Applicable,No,Not Applicable,446,UPI,44,4.0,4.0
2024-07-29 02:20:00,CNR5492378427,Success,CID124592,Auto,Marathahalli,Vijayanagar,217.0,70.0,Not Applicable,Not Applicable,No,Not Applicable,784,Cash,6,3.8,3.2
2024-07-27 15:27:00,CNR4644112027,Driver Not Found,CID923822,eBike,Shantinagar,Ulsoor,,,Not Applicable,Not Applicable,Not Applicable,Not Applicable,2972,Not Applicable,0,,
2024-07-06 03:16:00,CNR9231768641,Success,CID263778,Auto,Sahakar Nagar,Chickpet,168.0,55.0,Not Applicable,Not Applicable,No,Not Applicable,2190,UPI,9,3.7,4.2
2024-07-22 21:49:00,CNR7268252980,Driver Not Found,CID547765,Bike,JP Nagar,Marathahalli,,,Not Applicable,Not Applicable,Not Applicable,Not Applicable,258,Not Applicable,0,,
2024-07-04 11:26:00,CNR6599221339,Driver Not Found,CID292391,eBike,Peenya,Rajarajeshwari Nagar,,,Not Applicable,Not Applicable,Not Applicable,Not Applicable,435,Not Applicable,0,,
2024-07-07 02:18:00,CNR2245727996,Canceled by Driver,CID111343,Prime Sedan,Malleshwaram,Indiranagar,,,Not Applicable,Customer was coughing/sick,Not Applicable,Not Applicable,662,Not Applicable,0,,
2024-07-20 05:04:00,CNR6921986618,Canceled by Driver,CID768041,Mini,Sarjapur Road,Langford Town,,,Not Applicable,Customer related issue,Not Applicable,Not Applicable,333,Not Applicable,0,,
2024-07-14 10:37:00,CNR5306002203,Success,CID592621,Mini,RT Nagar,Shivajinagar,49.0,85.0,Not Applicable,Not Applicable,No,Not Applicable,462,UPI,15,3.3,3.2
2024-07-15 05:22:00,CNR5463220603,Canceled by Customer,CID196205,Prime Plus,Kammanahalli,Chickpet,,,Driver asked to cancel,Not Applicable,Not Applicable,Not Applicable,213,Not Applicable,0,,
2024-07-14 01:44:00,CNR9915349856,Canceled by Customer,CID262003,Mini,Langford Town,Peenya,,,AC is Not working,Not Applicable,Not Applicable,Not Applicable,395,Not Applicable,0,,
2024-07-12 10:54:00,CNR6715569688,Canceled by Customer,CID159661,Auto,Rajajinagar,BTM Layout,,,AC is Not working,Not Applicable,Not Applicable,Not Applicable,208,Not Applicable,0,,
2024-07-27 01:10:00,CNR2307429054,Success,CID260065,Mini,Rajajinagar,Whitefield,56.0,120.0,Not Applicable,Not Applicable,No,Not Applicable,1789,Cash,47,3.9,4.9
2024-07-17 17:12:00,CNR8400056923,Success,CID618987,Prime Plus,Devanahalli,MG Road,175.0,125.0,Not Applicable,Not Applicable,No,Not Applicable,697,Cash,26,4.0,4.2
2024-07-28 11:12:00,CNR2622250205,Driver Not Found,CID828154,Bike,Hennur,Rajarajeshwari Nagar,,,Not Applicable,Not Applicable,Not Applicable,Not Applicable,129,Not Applicable,0,,
2024-07-22 16:28:00,CNR4614935943,Success,CID296638,eBike,Vijayanagar,Malleshwaram,273.0,125.0,Not Applicable,Not Applicable,No,Not Applicable,497,UPI,23,3.9,4.3
2024-07-05 06:49:00,CNR7480805538,Canceled by Driver,CID143006,eBike,Peenya,Richmond Town,,,Not Applicable,Customer related issue,Not Applicable,Not Applicable,468,Not Applicable,0,,
2024-07-08 10:06:00,CNR4601228930,Success,CID716584,Mini,Indiranagar,Jayanagar,238.0,65.0,Not Applicable,Not Applicable,No,Not Applicable,383,Cash,27,3.6,4.8
2024-07-19 23:41:00,CNR4447113110,Canceled by Customer,CID118126,Prime Sedan,RT Nagar,Devanahalli,,,Change of plans,Not Applicable,Not Applicable,Not Applicable,419,Not Applicable,0,,
2024-07-05 20:28:00,CNR1140889222,Driver Not Found,CID222598,eBike,Jayanagar,Langford Town,,,Not Applicable,Not Applicable,Not Applicable,Not Applicable,360,Not Applicable,0,,
2024-07-03 19:38:00,CNR9449878593,Driver Not Found,CID879285,Mini,Jayanagar,Chickpet,,,Not Applicable,Not Applicable,Not Applicable,Not Applicable,180,Not Applicable,0,,
2024-07-01 05:39:00,CNR7514480303,Success,CID413627,Prime Sedan,Hulimavu,Yelahanka,280.0,90.0,Not Applicable,Not Applicable,No,Not Applicable,244,Cash,20,4.1,3.7
2024-07-28 19:07:00,CNR6600218373,Canceled by Customer,CID126494,Auto,HSR Layout,MG Road,,,Driver is not moving towards pickup location,Not Applicable,Not Applicable,Not Applicable,169,Not Applicable,0,,
2024-07-28 12:59:00,CNR4989661268,Canceled by Driver,CID783219,Mini,Tumkur Road,Yelahanka,,,Not Applicable,More than permitted people in there,Not Applicable,Not Applicable,2740,Not Applicable,0,,
2024-07-04 06:31:00,CNR1537784393,Success,CID976029,Prime Plus,Vijayanagar,Sahakar Nagar,189.0,100.0,Not Applicable,Not Applicable,No,Not Applicable,366,UPI,10,4.0,4.7
2024-07-19 04:15:00,CNR6504235472,Success,CID997002,Prime SUV,RT Nagar,Cox Town,42.0,60.0,Not Applicable,Not Applicable,No,Not Applicable,293,UPI,29,4.8,3.5
2024-07-22 02:30:00,CNR5661649061,Driver Not Found,CID305188,Prime Sedan,Yelahanka,Hennur,,,Not Applicable,Not Applicable,Not Applicable,Not Applicable,124,Not Applicable,0,,
2024-07-14 09:15:00,CNR9864317493,Success,CID512033,Mini,Bannerghatta Road,Chickpet,161.0,115.0,Not Applicable,Not Applicable,No,Not Applicable,314,UPI,35,3.6,4.3
2024-07-22 07:21:00,CNR3241349099,Success,CID934578,Prime Plus,Hennur,Shivajinagar,49.0,75.0,Not Applicable,Not Applicable,No,Not Applicable,439,UPI,12,3.4,3.6
2024-07-16 07:45:00,CNR7420521615,Success,CID940222,Prime SUV,Hennur,Electronic City,210.0,55.0,Not Applicable,Not Applicable,No,Not Applicable,253,UPI,36,4.3,5.0
2024-07-04 04:29:00,CNR3381395885,Success,CID108789,Mini,Ramamurthy Nagar,Mysore Road,301.0,110.0,Not Applicable,Not Applicable,No,Not Applicable,922,Cash,3,4.8,4.9
2024-07-03 12:18:00,CNR8240539170,Success,CID787715,Auto,KR Puram,Hennur,140.0,140.0,Not Applicable,Not Applicable,No,Not Applicable,279,UPI,11,5.0,3.2
2024-07-30 23:39:00,CNR2943400769,Canceled by Driver,CID942840,Prime Sedan,Rajarajeshwari Nagar,Marathahalli,,,Not Applicable,Customer was coughing/sick,Not Applicable,Not Applicable,465,Not Applicable,0,,
2024-07-25 00:04:00,CNR9082095945,Success,CID832985,eBike,Electronic City,Devanahalli,98.0,65.0,Not Applicable,Not Applicable,No,Not Applicable,478,Cash,2,3.4,4.2
2024-07-13 22:46:00,CNR7889779438,Success,CID406650,Auto,Shivajinagar,Sahakar Nagar,238.0,95.0,Not Applicable,Not Applicable,No,Not Applicable,133,UPI,11,3.1,3.6
2024-07-24 15:28:00,CNR9739345132,Canceled by Driver,CID436590,Prime Plus,Marathahalli,Padmanabhanagar,,,Not Applicable,Customer related issue,Not Applicable,Not Applicable,371,Not Applicable,0,,
2024-07-18 05:17:00,CNR3040569642,Canceled by Driver,CID949289,Prime SUV,HSR Layout,Majestic,,,Not Applicable,Personal & Car related issue,Not Applicable,Not Applicable,161,Not Applicable,0,,
2024-07-02 11:19:00,CNR8252534129,Success,CID658141,Prime Plus,KR Puram,Ramamurthy Nagar,189.0,40.0,Not Applicable,Not Applicable,No,Not Applicable,232,UPI,31,4.3,4.1
2024-07-29 13:39:00,CNR1162531297,Success,CID335565,Prime Sedan,HSR Layout,Devanahalli,294.0,60.0,Not Applicable,Not Applicable,No,Not Applicable,132,Cash,41,4.6,3.0
2024-07-16 05:07:00,CNR2255026505,Success,CID371318,Bike,Sarjapur Road,Jayanagar,175.0,120.0,Not Applicable,Not Applicable,Yes,Vehicle Breakdown,105,UPI,45,3.0,4.3
2024-07-04 00:08:00,CNR9050202656,Success,CID462307,eBike,Sarjapur Road,Hennur,287.0,40.0,Not Applicable,Not Applicable,No,Not Applicable,315,Cash,15,4.3,4.6
2024-07-10 21:39:00,CNR6399690075,Driver Not Found,CID324281,Mini,Marathahalli,KR Puram,,,Not Applicable,Not Applicable,Not Applicable,Not Applicable,752,Not Applicable,0,,
2024-07-01 01:13:00,CNR3268483994,Canceled by Driver,CID255746,Prime SUV,Kengeri,Rajajinagar,,,Not Applicable,Personal & Car related issue,Not Applicable,Not Applicable,919,Not Applicable,0,,
2024-07-22 02:47:00,CNR5317811250,Success,CID399930,Auto,Sahakar Nagar,Ramamurthy Nagar,77.0,60.0,Not Applicable,Not Applicable,No,Not Applicable,437,Cash,16,3.4,3.7
2024-07-03 01:52:00,CNR3923313206,Success,CID554554,Bike,Shantinagar,Sarjapur Road,63.0,100.0,Not Applicable,Not Applicable,No,Not Applicable,245,UPI,38,4.4,3.1
2024-07-27 07:52:00,CNR6343762679,Success,CID970727,Prime Plus,Jayanagar,Koramangala,133.0,125.0,Not Applicable,Not Applicable,No,Not Applicable,537,UPI,22,3.7,3.0
2024-07-07 17:45:00,CNR4267954597,Success,CID889273,Bike,Devanahalli,Koramangala,35.0,125.0,Not Applicable,Not Applicable,No,Not Applicable,395,Cash,29,3.3,4.0
2024-07-07 19:15:00,CNR1682211533,Canceled by Driver,CID864070,Bike,Devanahalli,Kadugodi,,,Not Applicable,More than permitted people in there,Not Applicable,Not Applicable,457,Not Applicable,0,,
2024-07-03 15:45:00,CNR4906764022,Success,CID868566,eBike,Langford Town,Hosur Road,119.0,135.0,Not Applicable,Not Applicable,No,Not Applicable,453,UPI,47,4.3,4.7
2024-07-11 05:39:00,CNR6575779705,Success,CID558346,Prime SUV,KR Puram,Kammanahalli,308.0,130.0,Not Applicable,Not Applicable,No,Not Applicable,168,Cash,44,3.8,3.1
2024-07-14 10:22:00,CNR5653267750,Success,CID748738,eBike,Marathahalli,JP Nagar,294.0,100.0,Not Applicable,Not Applicable,No,Not Applicable,214,Credit Card,1,4.3,3.4
2024-07-29 05:33:00,CNR6410368157,Success,CID262789,Prime SUV,Mysore Road,Majestic,168.0,100.0,Not Applicable,Not Applicable,No,Not Applicable,127,Cash,22,3.8,4.8
2024-07-22 13:22:00,CNR7767130177,Success,CID473713,eBike,Bellandur,HSR Layout,287.0,100.0,Not Applicable,Not Applicable,Yes,Customer Demand,341,Cash,3,4.6,3.8
2024-07-15 07:37:00,CNR7829345241,Success,CID602840,eBike,Chamarajpet,Mysore Road,224.0,105.0,Not Applicable,Not Applicable,No,Not Applicable,428,UPI,6,3.9,4.6
2024-07-30 14:00:00,CNR2678480439,Success,CID908877,Bike,HSR Layout,BTM Layout,49.0,75.0,Not Applicable,Not Applicable,No,Not Applicable,454,UPI,11,3.9,4.7
2024-07-10 03:58:00,CNR9715913972,Canceled by Driver,CID265213,Mini,Hulimavu,Chamarajpet,,,Not Applicable,Customer related issue,Not Applicable,Not Applicable,621,Not Applicable,0,,
2024-07-05 09:19:00,CNR6241121323,Success,CID579120,Auto,Nagarbhavi,Koramangala,308.0,105.0,Not Applicable,Not Applicable,No,Not Applicable,478,Cash,16,4.4,4.5
2024-07-09 18:38:00,CNR5634395333,Canceled by Driver,CID119694,eBike,Varthur,Yelahanka,,,Not Applicable,More than permitted people in there,Not Applicable,Not Applicable,787,Not Applicable,0,,
2024-07-16 19:41:00,CNR4752572665,Success,CID621889,Auto,Kammanahalli,Hebbal,42.0,95.0,Not Applicable,Not Applicable,No,Not Applicable,439,Cash,6,3.7,3.7
2024-07-10 20:05:00,CNR1436301754,Canceled by Driver,CID521994,Auto,Majestic,JP Nagar,,,Not Applicable,Customer related issue,Not Applicable,Not Applicable,399,Not Applicable,0,,
2024-07-07 10:54:00,CNR9394247677,Canceled by Customer,CID220499,Prime SUV,Shantinagar,Varthur,,,Driver is not moving towards pickup location,Not Applicable,Not Applicable,Not Applicable,215,Not Applicable,0,,
2024-07-03 09:05:00,CNR8586756444,Success,CID456325,Bike,Ramamurthy Nagar,Jayanagar,196.0,40.0,Not Applicable,Not Applicable,No,Not Applicable,327,UPI,8,4.8,4.2
2024-07-26 07:12:00,CNR5424829360,Success,CID282394,Prime Sedan,Kengeri,Langford Town,35.0,120.0,Not Applicable,Not Applicable,No,Not Applicable,439,Cash,40,4.4,4.8
2024-07-18 13:19:00,CNR9918169576,Success,CID602106,eBike,Kadugodi,Majestic,308.0,85.0,Not Applicable,Not Applicable,No,Not Applicable,154,UPI,34,4.9,5.0
2024-07-24 02:09:00,CNR6251266638,Success,CID711563,Prime Plus,RT Nagar,Koramangala,56.0,135.0,Not Applicable,Not Applicable,No,Not Applicable,349,Cash,13,3.9,4.7
2024-07-20 21:33:00,CNR2355652725,Canceled by Customer,CID928423,Prime Sedan,JP Nagar,Hebbal,,,Driver asked to cancel,Not Applicable,Not Applicable,Not Applicable,834,Not Applicable,0,,
2024-07-15 05:04:00,CNR5587783399,Canceled by Driver,CID403212,Bike,Varthur,Indiranagar,,,Not Applicable,Personal & Car related issue,Not Applicable,Not Applicable,438,Not Applicable,0,,
2024-07-16 02:10:00,CNR1609656985,Canceled by Customer,CID265834,Mini,BTM Layout,Hulimavu,,,Change of plans,Not Applicable,Not Applicable,Not Applicable,160,Not Applicable,0,,
2024-07-09 23:09:00,CNR9592438206,Success,CID951944,Mini,Basavanagudi,RT Nagar,189.0,50.0,Not Applicable,Not Applicable,No,Not Applicable,199,Cash,35,4.0,3.2
2024-07-01 09:15:00,CNR1315542497,Canceled by Customer,CID916459,Bike,HSR Layout,MG Road,,,Driver asked to cancel,Not Applicable,Not Applicable,Not Applicable,967,Not Applicable,0,,
2024-07-07 02:58:00,CNR7969200272,Canceled by Driver,CID786100,Prime Sedan,Tumkur Road,Peenya,,,Not Applicable,Personal & Car related issue,Not Applicable,Not Applicable,780,Not Applicable,0,,
2024-07-21 01:04:00,CNR1287166417,Canceled by Driver,CID704545,Prime Sedan,Cox Town,Devanahalli,,,Not Applicable,Customer related issue,Not Applicable,Not Applicable,108,Not Applicable,0,,
2024-07-27 03:12:00,CNR8472599085,Canceled by Customer,CID337473,Auto,Langford Town,Vijayanagar,,,Change of plans,Not Applicable,Not Applicable,Not Applicable,305,Not Applicable,0,,
2024-07-05 07:26:00,CNR8500134316,Success,CID165358,Bike,MG Road,Mysore Road,182.0,145.0,Not Applicable,Not Applicable,No,Not Applicable,156,Cash,36,3.8,3.6
2024-07-26 05:18:00,CNR3877616690,Canceled by Driver,CID905062,Auto,Sarjapur Road,Bannerghatta Road,,,Not Applicable,Customer was coughing/sick,Not Applicable,Not Applicable,638,Not Applicable,0,,
2024-07-10 01:24:00,CNR5934066107,Success,CID790467,Mini,Marathahalli,Yelahanka,119.0,35.0,Not Applicable,Not Applicable,No,Not Applicable,2539,UPI,11,4.1,4.7
2024-07-11 03:03:00,CNR1234923774,Success,CID448876,Mini,Langford Town,Banashankari,49.0,65.0,Not Applicable,Not Applicable,No,Not Applicable,256,UPI,30,3.7,4.0
2024-07-03 06:44:00,CNR8770297960,Success,CID259342,Prime Sedan,Hosur Road,Hennur,168.0,70.0,Not Applicable,Not Applicable,No,Not Applicable,449,Cash,12,3.8,3.7
2024-07-01 19:19:00,CNR2459391769,Success,CID298277,Prime Sedan,Ulsoor,Tumkur Road,140.0,25.0,Not Applicable,Not Applicable,No,Not Applicable,355,Cash,16,4.5,3.9
2024-07-14 23:43:00,CNR8811094479,Canceled by Driver,CID490674,Prime Sedan,Tumkur Road,MG Road,,,Not Applicable,Personal & Car related issue,Not Applicable,Not Applicable,237,Not Applicable,0,,
2024-07-20 15:07:00,CNR3227057497,Success,CID297581,Prime Plus,Devanahalli,Shivajinagar,147.0,90.0,Not Applicable,Not Applicable,No,Not Applicable,475,Cash,31,3.3,4.1
2024-07-20 20:52:00,CNR9389316566,Canceled by Customer,CID405974,Prime Plus,MG Road,Chamarajpet,,,Driver is not moving towards pickup location,Not Applicable,Not Applicable,Not Applicable,1446,Not Applicable,0,,
2024-07-10 04:17:00,CNR1867114377,Canceled by Driver,CID237238,Prime Plus,Kammanahalli,MG Road,,,Not Applicable,Personal & Car related issue,Not Applicable,Not Applicable,741,Not Applicable,0,,
2024-07-21 10:09:00,CNR6678078378,Success,CID813246,Mini,Hulimavu,Malleshwaram,126.0,30.0,Not Applicable,Not Applicable,No,Not Applicable,203,Cash,26,4.9,4.0
2024-07-02 21:29:00,CNR7934346886,Success,CID957880,Prime SUV,Peenya,HSR Layout,182.0,30.0,Not Applicable,Not Applicable,No,Not Applicable,494,Cash,18,4.2,3.9
2024-07-29 01:29:00,CNR4555698213,Success,CID579370,eBike,Yeshwanthpur,Shantinagar,280.0,90.0,Not Applicable,Not Applicable,No,Not Applicable,2317,UPI,34,3.8,4.4
2024-07-19 23:10:00,CNR4177583220,Canceled by Customer,CID229299,Mini,HSR Layout,Cox Town,,,Driver is not moving towards pickup location,Not Applicable,Not Applicable,Not Applicable,1683,Not Applicable,0,,
2024-07-26 06:16:00,CNR7328570152,Success,CID507774,Bike,Padmanabhanagar,Yeshwanthpur,112.0,55.0,Not Applicable,Not Applicable,No,Not Applicable,430,Cash,23,4.4,3.5
2024-07-23 05:35:00,CNR2612077704,Canceled by Customer,CID702995,Auto,Whitefield,BTM Layout,,,Change of plans,Not Applicable,Not Applicable,Not Applicable,943,Not Applicable,0,,
2024-07-01 13:09:00,CNR7770900207,Success,CID792154,Bike,Sarjapur Road,Marathahalli,231.0,70.0,Not Applicable,Not Applicable,No,Not Applicable,331,UPI,37,4.7,3.2
2024-07-19 02:05:00,CNR6387836322,Canceled by Driver,CID881902,Prime SUV,Kadugodi,Cox Town,,,Not Applicable,Customer was coughing/sick,Not Applicable,Not Applicable,258,Not Applicable,0,,
2024-07-03 12:19:00,CNR8435004246,Success,CID766882,Prime Plus,Chamarajpet,Hosur Road,84.0,65.0,Not Applicable,Not Applicable,No,Not Applicable,258,Cash,2,3.1,4.2
2024-07-17 00:28:00,CNR1691128351,Driver Not Found,CID132207,Prime Sedan,Varthur,Majestic,,,Not Applicable,Not Applicable,Not Applicable,Not Applicable,227,Not Applicable,0,,
2024-07-14 16:14:00,CNR8897981007,Success,CID948231,Prime Sedan,Tumkur Road,Hosur Road,42.0,70.0,Not Applicable,Not Applicable,No,Not Applicable,771,UPI,47,4.4,4.6
2024-07-09 12:12:00,CNR3232197798,Success,CID373952,Bike,Ramamurthy Nagar,Hennur,273.0,25.0,Not Applicable,Not Applicable,No,Not Applicable,491,UPI,23,3.9,3.5
2024-07-25 23:22:00,CNR3532978518,Success,CID963599,Mini,Kammanahalli,Vijayanagar,56.0,95.0,Not Applicable,Not Applicable,No,Not Applicable,204,UPI,22,3.9,3.3
2024-07-03 12:46:00,CNR2436567332,Success,CID399034,Prime Sedan,Ramamurthy Nagar,Devanahalli,245.0,145.0,Not Applicable,Not Applicable,No,Not Applicable,321,UPI,7,4.3,4.0
2024-07-04 09:52:00,CNR5448269589,Success,CID398284,Bike,Nagarbhavi,Varthur,196.0,40.0,Not Applicable,Not Applicable,Yes,Vehicle Breakdown,383,Cash,25,4.6,3.1
2024-07-27 03:01:00,CNR9092400836,Success,CID489785,eBike,Sahakar Nagar,Hosur Road,133.0,25.0,Not Applicable,Not Applicable,No,Not Applicable,338,Cash,17,3.1,4.0
2024-07-15 05:58:00,CNR8659226033,Success,CID491602,Prime Plus,Yeshwanthpur,Varthur,231.0,75.0,Not Applicable,Not Applicable,No,Not Applicable,349,Cash,45,3.4,3.5
2024-07-04 02:52:00,CNR3644626025,Success,CID418084,eBike,Kengeri,Chamarajpet,217.0,50.0,Not Applicable,Not Applicable,No,Not Applicable,1753,UPI,29,4.1,4.4
2024-07-10 02:48:00,CNR8563047222,Canceled by Driver,CID887787,Auto,HSR Layout,Mysore Road,,,Not Applicable,Customer related issue,Not Applicable,Not Applicable,129,Not Applicable,0,,
2024-07-28 15:45:00,CNR4703281291,Canceled by Driver,CID278977,eBike,RT Nagar,Malleshwaram,,,Not Applicable,Personal & Car related issue,Not Applicable,Not Applicable,979,Not Applicable,0,,
2024-07-06 14:32:00,CNR1330409239,Success,CID246842,Prime Plus,Bellandur,Hennur,189.0,135.0,Not Applicable,Not Applicable,No,Not Applicable,489,Cash,27,4.9,3.9
2024-07-15 19:46:00,CNR8136324366,Canceled by Customer,CID294605,Prime Sedan,Cox Town,Basavanagudi,,,Driver asked to cancel,Not Applicable,Not Applicable,Not Applicable,432,Not Applicable,0,,
2024-07-22 20:04:00,CNR4865900438,Canceled by Customer,CID376267,Auto,Yelahanka,Majestic,,,Driver asked to cancel,Not Applicable,Not Applicable,Not Applicable,490,Not Applicable,0,,
2024-07-08 03:08:00,CNR6543503931,Success,CID389976,Mini,Jayanagar,Cox Town,77.0,55.0,Not Applicable,Not Applicable,No,Not Applicable,1265,UPI,24,3.6,4.9
2024-07-19 16:28:00,CNR8796108477,Canceled by Customer,CID568725,Prime Sedan,Bellandur,Sarjapur Road,,,Change of plans,Not Applicable,Not Applicable,Not Applicable,967,Not Applicable,0,,
2024-07-26 19:41:00,CNR5318526667,Success,CID604229,Bike,Magadi Road,Rajarajeshwari Nagar,252.0,115.0,Not Applicable,Not Applicable,No,Not Applicable,484,UPI,25,4.8,4.6
2024-07-12 14:37:00,CNR4606202106,Canceled by Driver,CID210421,Bike,Jayanagar,Kadugodi,,,Not Applicable,Customer related issue,Not Applicable,Not Applicable,154,Not Applicable,0,,
2024-07-17 10:05:00,CNR2190521191,Canceled by Driver,CID654159,eBike,Shivajinagar,Magadi Road,,,Not Applicable,Personal & Car related issue,Not Applicable,Not Applicable,699,Not Applicable,0,,
2024-07-30 01:05:00,CNR7105799412,Success,CID772580,Prime Plus,Langford Town,Ulsoor,294.0,120.0,Not Applicable,Not Applicable,No,Not Applicable,279,UPI,1,3.8,3.3
2024-07-20 00:49:00,CNR4155340283,Canceled by Driver,CID323619,Auto,Indiranagar,Shivajinagar,,,Not Applicable,Customer related issue,Not Applicable,Not Applicable,342,Not Applicable,0,,
2024-07-17 01:31:00,CNR1873446997,Success,CID852729,Prime Plus,Shivajinagar,Hennur,203.0,115.0,Not Applicable,Not Applicable,No,Not Applicable,421,Cash,19,3.8,4.7
2024-07-17 05:43:00,CNR2810930169,Success,CID637487,Prime Plus,Kammanahalli,JP Nagar,294.0,115.0,Not Applicable,Not Applicable,Yes,Vehicle Breakdown,569,Cash,21,3.0,4.6
2024-07-05 13:01:00,CNR9937165976,Canceled by Driver,CID633945,eBike,Indiranagar,Sahakar Nagar,,,Not Applicable,Customer was coughing/sick,Not Applicable,Not Applicable,470,Not Applicable,0,,
2024-07-26 01:17:00,CNR9159645748,Success,CID282110,eBike,Koramangala,HSR Layout,238.0,70.0,Not Applicable,Not Applicable,No,Not Applicable,267,UPI,19,3.9,4.8
2024-07-28 11:55:00,CNR4050235963,Success,CID499617,Prime Sedan,Chamarajpet,Langford Town,259.0,140.0,Not Applicable,Not Applicable,No,Not Applicable,279,Cash,19,3.2,3.6
2024-07-27 02:16:00,CNR5896727597,Success,CID159493,Mini,Nagarbhavi,Mysore Road,287.0,50.0,Not Applicable,Not Applicable,No,Not Applicable,2821,Cash,12,3.5,4.4
2024-07-07 02:08:00,CNR5712637378,Canceled by Customer,CID445586,Mini,Ramamurthy Nagar,Mysore Road,,,AC is Not working,Not Applicable,Not Applicable,Not Applicable,453,Not Applicable,0,,
2024-07-10 19:13:00,CNR2185393989,Success,CID423804,Prime SUV,Electronic City,Tumkur Road,56.0,95.0,Not Applicable,Not Applicable,No,Not Applicable,1165,Cash,41,3.9,3.1
2024-07-12 14:23:00,CNR9910141156,Canceled by Driver,CID793528,Prime Plus,BTM Layout,Marathahalli,,,Not Applicable,Customer related issue,Not Applicable,Not Applicable,487,Not Applicable,0,,
2024-07-01 21:13:00,CNR3446214287,Success,CID608828,Auto,Kengeri,MG Road,126.0,75.0,Not Applicable,Not Applicable,No,Not Applicable,454,Cash,6,4.4,3.4
2024-07-10 12:43:00,CNR2025874830,Success,CID814936,Auto,Bellandur,Majestic,133.0,35.0,Not Applicable,Not Applicable,No,Not Applicable,457,Cash,5,4.6,3.1
2024-07-08 15:30:00,CNR8930501481,Success,CID308790,Prime Sedan,Padmanabhanagar,Yeshwanthpur,217.0,120.0,Not Applicable,Not Applicable,No,Not Applicable,308,Cash,9,3.1,4.9
2024-07-23 03:37:00,CNR3724917999,Canceled by Driver,CID779515,eBike,Banashankari,Rajarajeshwari Nagar,,,Not Applicable,Personal & Car related issue,Not Applicable,Not Applicable,663,Not Applicable,0,,
2024-07-25 16:14:00,CNR9820845112,Canceled by Driver,CID250339,Prime SUV,Richmond Town,Chickpet,,,Not Applicable,Personal & Car related issue,Not Applicable,Not Applicable,387,Not Applicable,0,,
2024-07-16 06:52:00,CNR4336257219,Canceled by Driver,CID581930,Bike,Yeshwanthpur,KR Puram,,,Not Applicable,Personal & Car related issue,Not Applicable,Not Applicable,501,Not Applicable,0,,
2024-07-16 07:27:00,CNR1716498473,Success,CID721370,Bike,Bannerghatta Road,Hosur Road,189.0,135.0,Not Applicable,Not Applicable,No,Not Applicable,401,UPI,43,3.7,4.6
2024-07-23 22:31:00,CNR1367326566,Success,CID261974,Auto,Chamarajpet,HSR Layout,42.0,30.0,Not Applicable,Not Applicable,No,Not Applicable,1201,UPI,14,4.9,3.1
2024-07-01 23:11:00,CNR4754843481,Success,CID837934,Prime SUV,Kengeri,Ulsoor,210.0,80.0,Not Applicable,Not Applicable,Yes,Other Issue,714,Cash,31,3.9,3.7
2024-07-17 04:55:00,CNR1193686807,Success,CID521384,Mini,Hebbal,Yeshwanthpur,266.0,85.0,Not Applicable,Not Applicable,No,Not Applicable,757,Credit Card,43,4.3,4.8
2024-07-22 09:45:00,CNR7019647215,Success,CID564342,Auto,Yeshwanthpur,Electronic City,70.0,110.0,Not Applicable,Not Applicable,No,Not Applicable,314,UPI,16,4.3,4.0
2024-07-06 00:58:00,CNR6463388594,Driver Not Found,CID830628,Auto,Peenya,Ulsoor,,,Not Applicable,Not Applicable,Not Applicable,Not Applicable,141,Not Applicable,0,,
2024-07-02 15:23:00,CNR7490553222,Success,CID282643,Auto,KR Puram,Yelahanka,252.0,70.0,Not Applicable,Not Applicable,No,Not Applicable,721,UPI,10,3.5,3.3
2024-07-11 12:32:00,CNR2435936413,Success,CID647140,Bike,Nagarbhavi,Banashankari,84.0,85.0,Not Applicable,Not Applicable,No,Not Applicable,402,Cash,8,3.9,3.9
2024-07-17 08:43:00,CNR1377375643,Canceled by Customer,CID500196,Prime SUV,Varthur,Jayanagar,,,Driver is not moving towards pickup location,Not Applicable,Not Applicable,Not Applicable,305,Not Applicable,0,,
2024-07-20 14:52:00,CNR8154774201,Success,CID843791,Prime SUV,Basavanagudi,Rajajinagar,280.0,110.0,Not Applicable,Not Applicable,No,Not Applicable,231,Cash,46,3.5,4.8
2024-07-13 19:13:00,CNR9009615241,Canceled by Driver,CID146439,Prime SUV,Hennur,Bellandur,,,Not Applicable,Personal & Car related issue,Not Applicable,Not Applicable,440,Not Applicable,0,,
2024-07-24 16:54:00,CNR3176946392,Success,CID409301,Prime Sedan,Basavanagudi,Kadugodi,112.0,60.0,Not Applicable,Not Applicable,Yes,Customer Demand,459,UPI,22,4.7,3.9
2024-07-21 21:04:00,CNR4989960967,Success,CID888598,Prime SUV,Yelahanka,Nagarbhavi,63.0,65.0,Not Applicable,Not Applicable,No,Not Applicable,484,Cash,41,3.9,3.6
2024-07-29 11:14:00,CNR5610285152,Canceled by Customer,CID499761,Prime Sedan,RT Nagar,Vijayanagar,,,Driver asked to cancel,Not Applicable,Not Applicable,Not Applicable,754,Not Applicable,0,,
2024-07-20 14:46:00,CNR6498127830,Canceled by Customer,CID280232,Prime Sedan,Kengeri,Marathahalli,,,Change of plans,Not Applicable,Not Applicable,Not Applicable,304,Not Applicable,0,,
2024-07-30 07:35:00,CNR8617993620,Success,CID608893,Bike,Kengeri,Basavanagudi,42.0,110.0,Not Applicable,Not Applicable,No,Not Applicable,641,Cash,21,3.2,3.4
2024-07-15 18:10:00,CNR3694545840,Success,CID428535,Prime Plus,HSR Layout,Ramamurthy Nagar,119.0,25.0,Not Applicable,Not Applicable,No,Not Applicable,1757,Cash,44,3.2,3.9
2024-07-08 08:48:00,CNR8463791828,Success,CID479912,Bike,Langford Town,Nagarbhavi,231.0,35.0,Not Applicable,Not Applicable,No,Not Applicable,969,UPI,22,3.0,4.2
2024-07-02 20:04:00,CNR5475623205,Canceled by Driver,CID720157,Mini,JP Nagar,MG Road,,,Not Applicable,Personal & Car related issue,Not Applicable,Not Applicable,122,Not Applicable,0,,
2024-07-19 17:09:00,CNR4612799786,Success,CID746804,Prime SUV,Jayanagar,Banashankari,35.0,90.0,Not Applicable,Not Applicable,No,Not Applicable,1749,Cash,43,4.9,4.3
2024-07-25 07:57:00,CNR5580150945,Success,CID353161,Prime Plus,Shivajinagar,Banashankari,105.0,85.0,Not Applicable,Not Applicable,No,Not Applicable,2866,UPI,5,3.9,3.1
2024-07-22 12:25:00,CNR1598358959,Success,CID976181,Prime SUV,Chickpet,Yelahanka,168.0,120.0,Not Applicable,Not Applicable,No,Not Applicable,2801,Cash,34,4.9,4.9
2024-07-14 19:57:00,CNR4046607498,Success,CID745238,Mini,Basavanagudi,Nagarbhavi,266.0,70.0,Not Applicable,Not Applicable,No,Not Applicable,449,Cash,39,3.5,3.1
2024-07-24 17:24:00,CNR6463993109,Success,CID118411,Mini,Hennur,Kengeri,98.0,90.0,Not Applicable,Not Applicable,No,Not Applicable,379,UPI,1,3.7,3.7
2024-07-04 23:22:00,CNR8151080461,Canceled by Driver,CID272367,eBike,Ramamurthy Nagar,Malleshwaram,,,Not Applicable,Customer was coughing/sick,Not Applicable,Not Applicable,398,Not Applicable,0,,
2024-07-13 02:03:00,CNR9897817132,Driver Not Found,CID324054,Auto,Chamarajpet,Shantinagar,,,Not Applicable,Not Applicable,Not Applicable,Not Applicable,105,Not Applicable,0,,
2024-07-15 02:33:00,CNR7667878111,Canceled by Driver,CID336259,Prime Plus,Langford Town,Magadi Road,,,Not Applicable,Personal & Car related issue,Not Applicable,Not Applicable,315,Not Applicable,0,,
2024-07-08 07:24:00,CNR3889055307,Success,CID612342,Prime Sedan,Ramamurthy Nagar,Kengeri,70.0,45.0,Not Applicable,Not Applicable,No,Not Applicable,356,UPI,45,4.7,5.0
2024-07-15 04:36:00,CNR2410650486,Success,CID948081,Prime Plus,HSR Layout,Devanahalli,301.0,90.0,Not Applicable,Not Applicable,No,Not Applicable,2171,UPI,24,3.7,4.9
2024-07-20 04:22:00,CNR6072993044,Canceled by Driver,CID396259,Prime Sedan,Hennur,KR Puram,,,Not Applicable,Customer was coughing/sick,Not Applicable,Not Applicable,146,Not Applicable,0,,
2024-07-05 09:08:00,CNR9272462848,Driver Not Found,CID516522,eBike,Vijayanagar,Kammanahalli,,,Not Applicable,Not Applicable,Not Applicable,Not Applicable,807,Not Applicable,0,,
2024-07-30 00:29:00,CNR9571710976,Success,CID708163,eBike,Rajajinagar,Sarjapur Road,42.0,70.0,Not Applicable,Not Applicable,No,Not Applicable,475,UPI,29,4.0,4.7
2024-07-08 15:10:00,CNR4119270320,Success,CID981009,eBike,BTM Layout,Indiranagar,175.0,25.0,Not Applicable,Not Applicable,No,Not Applicable,384,Cash,1,3.2,4.9
2024-07-14 15:27:00,CNR6867895771,Canceled by Customer,CID999310,Auto,Jayanagar,Devanahalli,,,Wrong Address,Not Applicable,Not Applicable,Not Applicable,165,Not Applicable,0,,
2024-07-17 01:46:00,CNR4553473301,Success,CID627307,eBike,RT Nagar,Majestic,294.0,65.0,Not Applicable,Not Applicable,No,Not Applicable,248,UPI,24,4.6,4.7
2024-07-10 21:01:00,CNR3131694949,Success,CID880335,Prime SUV,Bannerghatta Road,Shivajinagar,112.0,90.0,Not Applicable,Not Applicable,No,Not Applicable,216,Cash,10,3.2,3.1
2024-07-09 12:18:00,CNR7043406596,Driver Not Found,CID157556,Auto,KR Puram,Sarjapur Road,,,Not Applicable,Not Applicable,Not Applicable,Not Applicable,112,Not Applicable,0,,
2024-07-25 14:05:00,CNR4157201517,Success,CID949312,Prime Sedan,Koramangala,Indiranagar,105.0,40.0,Not Applicable,Not Applicable,No,Not Applicable,1437,UPI,10,3.0,3.3
2024-07-06 02:57:00,CNR8300540639,Success,CID946837,eBike,Shantinagar,Kadugodi,301.0,40.0,Not Applicable,Not Applicable,No,Not Applicable,331,Cash,5,4.4,3.4
2024-07-20 22:05:00,CNR1379228320,Success,CID766522,Mini,Hebbal,Kadugodi,210.0,65.0,Not Applicable,Not Applicable,No,Not Applicable,262,Credit Card,23,3.2,3.1
2024-07-01 06:25:00,CNR5664147498,Success,CID125920,eBike,Malleshwaram,Hulimavu,70.0,45.0,Not Applicable,Not Applicable,No,Not Applicable,306,Cash,35,4.2,3.3
2024-07-23 08:04:00,CNR8759529002,Canceled by Driver,CID211324,Mini,Rajarajeshwari Nagar,Rajarajeshwari Nagar,,,Not Applicable,Customer related issue,Not Applicable,Not Applicable,868,Not Applicable,0,,
2024-07-19 20:48:00,CNR4131259427,Success,CID339071,eBike,Nagarbhavi,MG Road,203.0,75.0,Not Applicable,Not Applicable,No,Not Applicable,111,UPI,46,3.4,3.1
2024-07-01 03:24:00,CNR4380524668,Success,CID935735,Bike,Ulsoor,Bannerghatta Road,231.0,70.0,Not Applicable,Not Applicable,No,Not Applicable,187,Cash,14,3.1,4.0
2024-07-24 05:16:00,CNR6618070664,Success,CID825659,eBike,Shivajinagar,Hennur,203.0,135.0,Not Applicable,Not Applicable,No,Not Applicable,629,UPI,27,4.7,3.3
2024-07-22 18:25:00,CNR1333707939,Canceled by Driver,CID394519,Mini,Banashankari,Peenya,,,Not Applicable,Personal & Car related issue,Not Applicable,Not Applicable,205,Not Applicable,0,,
2024-07-22 04:53:00,CNR4320357331,Driver Not Found,CID859860,eBike,Electronic City,Yeshwanthpur,,,Not Applicable,Not Applicable,Not Applicable,Not Applicable,2519,Not Applicable,0,,
2024-07-04 13:41:00,CNR6940263965,Success,CID775975,Prime Sedan,Yelahanka,Peenya,98.0,140.0,Not Applicable,Not Applicable,No,Not Applicable,294,UPI,6,3.4,4.3
2024-07-07 08:56:00,CNR2963054182,Driver Not Found,CID379885,eBike,BTM Layout,Electronic City,,,Not Applicable,Not Applicable,Not Applicable,Not Applicable,241,Not Applicable,0,,
2024-07-19 17:02:00,CNR2542724843,Success,CID663836,Bike,Frazer Town,Indiranagar,217.0,115.0,Not Applicable,Not Applicable,No,Not Applicable,278,Cash,43,3.9,3.6
2024-07-27 02:19:00,CNR6836144662,Canceled by Driver,CID738299,Auto,Bannerghatta Road,HSR Layout,,,Not Applicable,Personal & Car related issue,Not Applicable,Not Applicable,176,Not Applicable,0,,
2024-07-13 09:54:00,CNR1085103888,Success,CID132567,Auto,BTM Layout,Basavanagudi,301.0,25.0,Not Applicable,Not Applicable,No,Not Applicable,296,Cash,5,3.0,5.0
2024-07-20 08:38:00,CNR7776725610,Success,CID355337,Prime SUV,Bannerghatta Road,Yeshwanthpur,294.0,80.0,Not Applicable,Not Applicable,No,Not Applicable,111,UPI,11,4.6,4.6
2024-07-07 05:09:00,CNR9426445451,Canceled by Customer,CID803740,Auto,Shantinagar,Varthur,,,Driver is not moving towards pickup location,Not Applicable,Not Applicable,Not Applicable,666,Not Applicable,0,,
2024-07-30 07:58:00,CNR9142498978,Success,CID439628,eBike,Ulsoor,Shivajinagar,217.0,35.0,Not Applicable,Not Applicable,No,Not Applicable,365,UPI,33,3.5,4.9
2024-07-16 20:55:00,CNR2368596118,Success,CID562288,eBike,Hulimavu,Sarjapur Road,56.0,40.0,Not Applicable,Not Applicable,No,Not Applicable,164,Cash,39,4.5,3.4
2024-07-30 06:25:00,CNR6566809404,Driver Not Found,CID886795,Bike,Peenya,Majestic,,,Not Applicable,Not Applicable,Not Applicable,Not Applicable,274,Not Applicable,0,,
2024-07-18 12:06:00,CNR9313923688,Canceled by Driver,CID269735,eBike,Devanahalli,Shivajinagar,,,Not Applicable,More than permitted people in there,Not Applicable,Not Applicable,381,Not Applicable,0,,
2024-07-02 08:30:00,CNR9050511386,Success,CID249104,Auto,BTM Layout,Bellandur,182.0,65.0,Not Applicable,Not Applicable,No,Not Applicable,355,Cash,11,3.3,4.9
2024-07-09 20:29:00,CNR1072296269,Canceled by Customer,CID697049,Prime Plus,Peenya,KR Puram,,,Driver is not moving towards pickup location,Not Applicable,Not Applicable,Not Applicable,402,Not Applicable,0,,
2024-07-14 06:11:00,CNR3439395761,Success,CID526188,Prime Plus,Frazer Town,Langford Town,35.0,90.0,Not Applicable,Not Applicable,No,Not Applicable,122,UPI,28,4.9,4.5
2024-07-15 08:50:00,CNR9415492203,Canceled by Customer,CID389398,eBike,JP Nagar,Banashankari,,,Driver is not moving towards pickup location,Not Applicable,Not Applicable,Not Applicable,270,Not Applicable,0,,
2024-07-09 10:10:00,CNR2095572109,Success,CID879267,Bike,Hebbal,Koramangala,133.0,100.0,Not Applicable,Not Applicable,No,Not Applicable,182,Cash,5,3.8,3.7
2024-07-13 02:23:00,CNR4776676831,Canceled by Driver,CID112221,Auto,BTM Layout,Ulsoor,,,Not Applicable,Personal & Car related issue,Not Applicable,Not Applicable,287,Not Applicable,0,,
2024-07-10 08:27:00,CNR7307768847,Success,CID233800,eBike,BTM Layout,HSR Layout,154.0,95.0,Not Applicable,Not Applicable,Yes,Vehicle Breakdown,853,Cash,11,3.0,3.8
2024-07-26 22:51:00,CNR3458108329,Success,CID786410,eBike,Nagarbhavi,Frazer Town,168.0,45.0,Not Applicable,Not Applicable,No,Not Applicable,185,Cash,21,3.3,4.8
2024-07-17 18:25:00,CNR6514126761,Success,CID153044,eBike,Richmond Town,Yeshwanthpur,252.0,95.0,Not Applicable,Not Applicable,No,Not Applicable,248,UPI,47,4.0,4.2
2024-07-02 00:06:00,CNR7411653710,Canceled by Customer,CID513148,eBike,Whitefield,Koramangala,,,Driver is not moving towards pickup location,Not Applicable,Not Applicable,Not Applicable,2140,Not Applicable,0,,
2024-07-28 09:39:00,CNR3136132995,Success,CID485385,Prime Sedan,Basavanagudi,Marathahalli,77.0,140.0,Not Applicable,Not Applicable,No,Not Applicable,675,Cash,49,4.0,4.3
2024-07-30 01:22:00,CNR2845239049,Success,CID938475,Mini,Cox Town,Chickpet,56.0,85.0,Not Applicable,Not Applicable,No,Not Applicable,138,Cash,17,4.3,3.6
2024-07-02 20:44:00,CNR5362989312,Success,CID190536,Prime SUV,Malleshwaram,Majestic,133.0,105.0,Not Applicable,Not Applicable,Yes,Customer Demand,1142,Cash,31,4.3,4.7
2024-07-17 16:03:00,CNR8371314480,Driver Not Found,CID735794,Prime SUV,Cox Town,Peenya,,,Not Applicable,Not Applicable,Not Applicable,Not Applicable,636,Not Applicable,0,,
2024-07-21 14:13:00,CNR9167080058,Success,CID320925,Prime Plus,Hennur,Chickpet,119.0,125.0,Not Applicable,Not Applicable,No,Not Applicable,116,Cash,20,4.3,4.3
2024-07-13 16:31:00,CNR9796594932,Success,CID611247,Prime SUV,Rajarajeshwari Nagar,BTM Layout,112.0,70.0,Not Applicable,Not Applicable,No,Not Applicable,417,UPI,49,4.0,3.9
2024-07-02 06:10:00,CNR8933303671,Success,CID807743,Auto,Kadugodi,Kengeri,189.0,105.0,Not Applicable,Not Applicable,No,Not Applicable,428,Cash,13,4.2,3.8
2024-07-18 22:34:00,CNR4165036251,Canceled by Driver,CID451406,Mini,Sarjapur Road,Richmond Town,,,Not Applicable,More than permitted people in there,Not Applicable,Not Applicable,371,Not Applicable,0,,
2024-07-24 12:48:00,CNR5020571542,Success,CID886445,Prime Plus,Banashankari,Sarjapur Road,112.0,85.0,Not Applicable,Not Applicable,No,Not Applicable,126,UPI,9,3.1,3.3
2024-07-22 10:52:00,CNR8024275809,Canceled by Driver,CID690401,Bike,Peenya,Sahakar Nagar,,,Not Applicable,Customer was coughing/sick,Not Applicable,Not Applicable,125,Not Applicable,0,,
2024-07-08 22:16:00,CNR1111287027,Success,CID976233,Prime Plus,Cox Town,Chickpet,210.0,90.0,Not Applicable,Not Applicable,No,Not Applicable,371,UPI,27,4.5,4.2
2024-07-19 11:48:00,CNR2400040565,Success,CID365592,Prime Plus,Bellandur,Ulsoor,231.0,40.0,Not Applicable,Not Applicable,No,Not Applicable,890,Cash,2,3.8,4.7
2024-07-27 10:59:00,CNR7799692329,Driver Not Found,CID831353,Bike,Chamarajpet,Magadi Road,,,Not Applicable,Not Applicable,Not Applicable,Not Applicable,540,Not Applicable,0,,
2024-07-19 20:54:00,CNR1962582908,Canceled by Customer,CID890100,Prime SUV,Kammanahalli,Whitefield,,,Driver is not moving towards pickup location,Not Applicable,Not Applicable,Not Applicable,350,Not Applicable,0,,
2024-07-23 10:51:00,CNR5552337566,Success,CID959946,eBike,Hosur Road,JP Nagar,105.0,90.0,Not Applicable,Not Applicable,No,Not Applicable,149,Cash,27,3.5,4.0
2024-07-06 15:13:00,CNR9306550224,Success,CID414024,Prime Sedan,Mysore Road,Jayanagar,231.0,105.0,Not Applicable,Not Applicable,No,Not Applicable,608,UPI,3,5.0,4.4
2024-07-25 20:22:00,CNR5614358210,Success,CID546709,Prime SUV,Magadi Road,MG Road,266.0,70.0,Not Applicable,Not Applicable,No,Not Applicable,227,UPI,4,3.2,3.4
2024-07-04 18:20:00,CNR5062124755,Success,CID167324,Mini,Cox Town,Chickpet,196.0,35.0,Not Applicable,Not Applicable,No,Not Applicable,221,UPI,5,4.3,3.6
2024-07-26 07:18:00,CNR2397453003,Canceled by Driver,CID955169,Mini,Tumkur Road,Sarjapur Road,,,Not Applicable,More than permitted people in there,Not Applicable,Not Applicable,361,Not Applicable,0,,
2024-07-14 14:27:00,CNR3509572277,Canceled by Driver,CID355469,Bike,BTM Layout,Ulsoor,,,Not Applicable,Customer was coughing/sick,Not Applicable,Not Applicable,334,Not Applicable,0,,
2024-07-22 18:54:00,CNR3533776305,Canceled by Customer,CID385084,eBike,Whitefield,Vijayanagar,,,Driver asked to cancel,Not Applicable,Not Applicable,Not Applicable,247,Not Applicable,0,,
2024-07-01 01:21:00,CNR8056614235,Success,CID677242,eBike,Majestic,Hennur,287.0,35.0,Not Applicable,Not Applicable,No,Not Applicable,684,UPI,34,4.6,4.8
2024-07-24 06:44:00,CNR5121850481,Canceled by Customer,CID429236,Prime SUV,Malleshwaram,Chickpet,,,Change of plans,Not Applicable,Not Applicable,Not Applicable,457,Not Applicable,0,,
2024-07-29 08:12:00,CNR4400602078,Driver Not Found,CID380079,Prime Plus,Magadi Road,Rajarajeshwari Nagar,,,Not Applicable,Not Applicable,Not Applicable,Not Applicable,429,Not Applicable,0,,
2024-07-25 16:51:00,CNR4714055241,Success,CID840266,Bike,Devanahalli,MG Road,175.0,65.0,Not Applicable,Not Applicable,No,Not Applicable,184,UPI,22,3.2,4.1
2024-07-12 13:04:00,CNR6961746041,Success,CID581648,Bike,Sahakar Nagar,Yelahanka,231.0,75.0,Not Applicable,Not Applicable,No,Not Applicable,702,Cash,24,3.9,3.0
2024-07-01 19:08:00,CNR4504823084,Canceled by Driver,CID454362,Mini,Electronic City,Sarjapur Road,,,Not Applicable,Personal & Car related issue,Not Applicable,Not Applicable,349,Not Applicable,0,,
2024-07-22 02:35:00,CNR7579309260,Success,CID944444,Mini,Ramamurthy Nagar,Indiranagar,308.0,115.0,Not Applicable,Not Applicable,No,Not Applicable,267,UPI,42,4.3,3.2
2024-07-13 22:49:00,CNR1079565580,Success,CID542801,Mini,Malleshwaram,Magadi Road,273.0,140.0,Not Applicable,Not Applicable,No,Not Applicable,279,UPI,25,3.8,4.7
2024-07-07 00:44:00,CNR4991063474,Success,CID161066,Bike,Hebbal,Jayanagar,119.0,120.0,Not Applicable,Not Applicable,No,Not Applicable,347,Credit Card,9,5.0,3.4
2024-07-02 10:44:00,CNR7197846945,Canceled by Driver,CID195163,Mini,Bannerghatta Road,BTM Layout,,,Not Applicable,Customer was coughing/sick,Not Applicable,Not Applicable,428,Not Applicable,0,,
2024-07-18 07:04:00,CNR5484957656,Canceled by Driver,CID859912,Prime SUV,Yelahanka,Vijayanagar,,,Not Applicable,Customer related issue,Not Applicable,Not Applicable,415,Not Applicable,0,,
2024-07-18 10:16:00,CNR5268644862,Canceled by Customer,CID913622,Bike,MG Road,Yeshwanthpur,,,Driver is not moving towards pickup location,Not Applicable,Not Applicable,Not Applicable,188,Not Applicable,0,,
2024-07-30 17:58:00,CNR9376769109,Success,CID803472,eBike,Vijayanagar,Electronic City,175.0,80.0,Not Applicable,Not Applicable,No,Not Applicable,456,UPI,4,3.2,4.0
2024-07-17 02:03:00,CNR9244928463,Success,CID132126,Auto,Hosur Road,Bellandur,301.0,50.0,Not Applicable,Not Applicable,No,Not Applicable,329,Cash,7,3.8,3.5
2024-07-02 11:43:00,CNR6721874469,Success,CID164862,Mini,Peenya,Hulimavu,287.0,120.0,Not Applicable,Not Applicable,No,Not Applicable,322,Cash,46,4.7,3.8
2024-07-20 05:52:00,CNR4034226431,Success,CID668101,Prime Sedan,Malleshwaram,Langford Town,210.0,55.0,Not Applicable,Not Applicable,No,Not Applicable,290,Cash,3,4.7,4.1
2024-07-14 23:05:00,CNR9574295416,Canceled by Driver,CID434454,Prime SUV,Devanahalli,Marathahalli,,,Not Applicable,Personal & Car related issue,Not Applicable,Not Applicable,289,Not Applicable,0,,
2024-07-26 06:27:00,CNR5050920972,Canceled by Driver,CID159403,Bike,MG Road,RT Nagar,,,Not Applicable,Customer related issue,Not Applicable,Not Applicable,158,Not Applicable,0,,
2024-07-03 07:22:00,CNR5565354808,Canceled by Driver,CID895219,Prime Sedan,Shivajinagar,Basavanagudi,,,Not Applicable,Customer related issue,Not Applicable,Not Applicable,1379,Not Applicable,0,,
2024-07-02 19:05:00,CNR1064675657,Canceled by Driver,CID557556,eBike,MG Road,Koramangala,,,Not Applicable,Customer related issue,Not Applicable,Not Applicable,125,Not Applicable,0,,
2024-07-13 23:18:00,CNR7565213302,Canceled by Customer,CID964609,Mini,Bannerghatta Road,Kadugodi,,,Driver is not moving towards pickup location,Not Applicable,Not Applicable,Not Applicable,167,Not Applicable,0,,
2024-07-18 11:18:00,CNR5604074848,Canceled by Customer,CID488990,Auto,JP Nagar,Electronic City,,,Change of plans,Not Applicable,Not Applicable,Not Applicable,422,Not Applicable,0,,
2024-07-05 05:39:00,CNR5325351215,Success,CID190012,Prime Plus,RT Nagar,Rajajinagar,294.0,35.0,Not Applicable,Not Applicable,No,Not Applicable,462,UPI,14,3.8,4.1
2024-07-10 18:25:00,CNR3289341763,Success,CID797653,Prime Sedan,RT Nagar,Hennur,203.0,35.0,Not Applicable,Not Applicable,No,Not Applicable,403,Cash,7,4.0,4.9
2024-07-01 00:42:00,CNR9029405938,Success,CID857108,Prime SUV,Basavanagudi,Vijayanagar,154.0,60.0,Not Applicable,Not Applicable,No,Not Applicable,277,Cash,5,4.2,4.0
2024-07-18 11:26:00,CNR7274633668,Canceled by Driver,CID904905,Prime Sedan,Vijayanagar,Malleshwaram,,,Not Applicable,More than permitted people in there,Not Applicable,Not Applicable,511,Not Applicable,0,,
2024-07-25 04:07:00,CNR4920705463,Success,CID466227,eBike,Peenya,Peenya,217.0,125.0,Not Applicable,Not Applicable,No,Not Applicable,106,Cash,31,3.7,3.3
2024-07-18 02:50:00,CNR5505524333,Success,CID205185,Bike,Richmond Town,Malleshwaram,70.0,95.0,Not Applicable,Not Applicable,No,Not Applicable,140,UPI,4,3.2,3.6
2024-07-26 01:35:00,CNR8876397888,Success,CID205809,Auto,Tumkur Road,Rajajinagar,56.0,35.0,Not Applicable,Not Applicable,No,Not Applicable,399,UPI,4,4.5,3.1
2024-07-14 23:52:00,CNR6292894069,Canceled by Customer,CID355040,Mini,Mysore Road,MG Road,,,Driver is not moving towards pickup location,Not Applicable,Not Applicable,Not Applicable,101,Not Applicable,0,,
2024-07-01 15:20:00,CNR4020593114,Driver Not Found,CID388721,Prime Plus,Rajarajeshwari Nagar,MG Road,,,Not Applicable,Not Applicable,Not Applicable,Not Applicable,226,Not Applicable,0,,
2024-07-25 10:43:00,CNR7766430015,Canceled by Customer,CID424600,Prime Sedan,Malleshwaram,Tumkur Road,,,Change of plans,Not Applicable,Not Applicable,Not Applicable,179,Not Applicable,0,,
2024-07-11 00:00:00,CNR9607142990,Success,CID233878,Prime SUV,Ramamurthy Nagar,MG Road,42.0,110.0,Not Applicable,Not Applicable,No,Not Applicable,714,Cash,38,5.0,4.0
2024-07-04 19:04:00,CNR8379991726,Canceled by Driver,CID300675,Prime Sedan,JP Nagar,MG Road,,,Not Applicable,Customer related issue,Not Applicable,Not Applicable,154,Not Applicable,0,,
2024-07-29 22:07:00,CNR3031592062,Driver Not Found,CID850161,Prime SUV,Tumkur Road,KR Puram,,,Not Applicable,Not Applicable,Not Applicable,Not Applicable,193,Not Applicable,0,,
2024-07-27 10:03:00,CNR2471427266,Canceled by Driver,CID508704,Prime SUV,HSR Layout,BTM Layout,,,Not Applicable,More than permitted people in there,Not Applicable,Not Applicable,126,Not Applicable,0,,
2024-07-25 09:45:00,CNR7280982000,Success,CID568291,Prime Sedan,HSR Layout,Rajajinagar,266.0,105.0,Not Applicable,Not Applicable,No,Not Applicable,326,Cash,48,3.2,4.2
2024-07-10 18:01:00,CNR5554769689,Success,CID226354,Prime SUV,Rajajinagar,Shivajinagar,91.0,110.0,Not Applicable,Not Applicable,No,Not Applicable,357,UPI,29,3.1,3.0
2024-07-05 17:59:00,CNR7374532870,Canceled by Customer,CID614839,Auto,Malleshwaram,Chamarajpet,,,AC is Not working,Not Applicable,Not Applicable,Not Applicable,1877,Not Applicable,0,,
2024-07-11 04:35:00,CNR3852977406,Canceled by Driver,CID667508,Prime Plus,Marathahalli,Chamarajpet,,,Not Applicable,Customer was coughing/sick,Not Applicable,Not Applicable,256,Not Applicable,0,,
2024-07-23 09:53:00,CNR7853655189,Success,CID469857,Bike,Indiranagar,Electronic City,231.0,125.0,Not Applicable,Not Applicable,Yes,Other Issue,142,Cash,7,3.7,4.4
2024-07-10 15:40:00,CNR7049171320,Success,CID120427,Prime Plus,Varthur,Yelahanka,70.0,85.0,Not Applicable,Not Applicable,No,Not Applicable,451,Cash,6,3.1,3.8
2024-07-28 23:43:00,CNR3780688845,Success,CID260201,Bike,Jayanagar,Magadi Road,77.0,140.0,Not Applicable,Not Applicable,No,Not Applicable,315,Credit Card,19,4.3,3.1
2024-07-20 21:59:00,CNR4881180687,Canceled by Driver,CID577260,eBike,Hosur Road,Bellandur,,,Not Applicable,Customer related issue,Not Applicable,Not Applicable,501,Not Applicable,0,,
2024-07-01 04:54:00,CNR4054651864,Success,CID848966,Prime Sedan,Majestic,Magadi Road,182.0,115.0,Not Applicable,Not Applicable,No,Not Applicable,484,Cash,41,4.9,5.0
2024-07-28 12:11:00,CNR4612712391,Success,CID663412,eBike,Cox Town,BTM Layout,189.0,25.0,Not Applicable,Not Applicable,No,Not Applicable,402,Cash,49,4.1,3.9
2024-07-16 18:37:00,CNR4293925974,Canceled by Driver,CID813537,eBike,Hulimavu,Peenya,,,Not Applicable,Customer related issue,Not Applicable,Not Applicable,317,Not Applicable,0,,
2024-07-15 11:41:00,CNR7161336161,Driver Not Found,CID882007,Bike,Devanahalli,JP Nagar,,,Not Applicable,Not Applicable,Not Applicable,Not Applicable,173,Not Applicable,0,,
2024-07-21 15:54:00,CNR5177058896,Success,CID647365,Prime Plus,Hulimavu,Magadi Road,133.0,120.0,Not Applicable,Not Applicable,No,Not Applicable,354,Cash,16,4.9,5.0
2024-07-19 18:47:00,CNR1539329296,Success,CID302770,Prime Sedan,Hulimavu,MG Road,77.0,130.0,Not Applicable,Not Applicable,No,Not Applicable,214,Cash,3,4.2,3.4
2024-07-09 05:56:00,CNR9573569945,Success,CID285560,Prime SUV,Mysore Road,Koramangala,63.0,140.0,Not Applicable,Not Applicable,No,Not Applicable,259,UPI,7,4.1,3.4
2024-07-10 10:34:00,CNR2949577039,Success,CID672086,Mini,JP Nagar,Chickpet,168.0,75.0,Not Applicable,Not Applicable,No,Not Applicable,681,Cash,42,4.8,5.0
2024-07-16 15:09:00,CNR8950591350,Canceled by Driver,CID768463,Prime Sedan,Devanahalli,Kengeri,,,Not Applicable,More than permitted people in there,Not Applicable,Not Applicable,434,Not Applicable,0,,
2024-07-11 02:23:00,CNR9417407857,Success,CID895554,Auto,Sarjapur Road,Chamarajpet,182.0,110.0,Not Applicable,Not Applicable,No,Not Applicable,446,Cash,8,3.8,4.3
2024-07-08 22:41:00,CNR1485819578,Canceled by Customer,CID972259,Auto,Mysore Road,Mysore Road,,,AC is Not working,Not Applicable,Not Applicable,Not Applicable,991,Not Applicable,0,,
2024-07-25 11:57:00,CNR9853987760,Canceled by Driver,CID959333,Prime SUV,BTM Layout,Rajajinagar,,,Not Applicable,Personal & Car related issue,Not Applicable,Not Applicable,486,Not Applicable,0,,
2024-07-30 17:09:00,CNR1869988906,Driver Not Found,CID162273,Bike,Rajarajeshwari Nagar,Cox Town,,,Not Applicable,Not Applicable,Not Applicable,Not Applicable,213,Not Applicable,0,,
2024-07-02 12:24:00,CNR9292168995,Success,CID229491,Bike,Frazer Town,Tumkur Road,42.0,25.0,Not Applicable,Not Applicable,No,Not Applicable,436,Cash,22,3.6,4.6
2024-07-22 20:57:00,CNR9227299082,Driver Not Found,CID419600,Bike,HSR Layout,Peenya,,,Not Applicable,Not Applicable,Not Applicable,Not Applicable,359,Not Applicable,0,,
2024-07-02 18:01:00,CNR2274397193,Success,CID242940,Prime SUV,Kadugodi,Marathahalli,301.0,60.0,Not Applicable,Not Applicable,No,Not Applicable,1128,Cash,39,3.1,4.7
2024-07-21 14:03:00,CNR5924837643,Success,CID794954,Prime Plus,Langford Town,Hebbal,70.0,120.0,Not Applicable,Not Applicable,No,Not Applicable,175,UPI,32,4.3,3.9
2024-07-15 09:51:00,CNR6362498963,Success,CID927698,Prime SUV,JP Nagar,Rajarajeshwari Nagar,182.0,65.0,Not Applicable,Not Applicable,No,Not Applicable,568,Cash,34,4.5,4.6
2024-07-12 09:25:00,CNR9986456409,Driver Not Found,CID129248,Bike,Varthur,Jayanagar,,,Not Applicable,Not Applicable,Not Applicable,Not Applicable,141,Not Applicable,0,,
2024-07-25 18:20:00,CNR2289513937,Canceled by Customer,CID333654,Prime Plus,Ulsoor,Chickpet,,,Driver asked to cancel,Not Applicable,Not Applicable,Not Applicable,218,Not Applicable,0,,
2024-07-23 04:15:00,CNR8949548880,Success,CID393551,Prime Sedan,Hulimavu,Langford Town,112.0,145.0,Not Applicable,Not Applicable,No,Not Applicable,270,Cash,25,4.1,4.8
2024-07-10 13:05:00,CNR7157909803,Driver Not Found,CID189756,Prime Plus,Bellandur,Kammanahalli,,,Not Applicable,Not Applicable,Not Applicable,Not Applicable,482,Not Applicable,0,,
2024-07-02 11:16:00,CNR7112037000,Driver Not Found,CID960362,Bike,Langford Town,Mysore Road,,,Not Applicable,Not Applicable,Not Applicable,Not Applicable,447,Not Applicable,0,,
2024-07-01 10:41:00,CNR8642040680,Success,CID291304,Bike,Padmanabhanagar,Bellandur,42.0,85.0,Not Applicable,Not Applicable,No,Not Applicable,388,UPI,36,3.7,3.1
2024-07-30 04:49:00,CNR1826665213,Canceled by Driver,CID563277,Prime SUV,Sahakar Nagar,Yeshwanthpur,,,Not Applicable,Personal & Car related issue,Not Applicable,Not Applicable,316,Not Applicable,0,,
2024-07-04 23:50:00,CNR9712899288,Success,CID504835,Prime Sedan,Chickpet,Hennur,161.0,60.0,Not Applicable,Not Applicable,No,Not Applicable,515,UPI,20,3.6,3.8
2024-07-17 19:35:00,CNR5607766058,Success,CID184653,Bike,Tumkur Road,Cox Town,308.0,50.0,Not Applicable,Not Applicable,No,Not Applicable,337,Cash,23,4.1,4.1
2024-07-12 09:16:00,CNR7400131669,Driver Not Found,CID692418,Bike,Magadi Road,Ulsoor,,,Not Applicable,Not Applicable,Not Applicable,Not Applicable,154,Not Applicable,0,,
2024-07-20 16:57:00,CNR3007415639,Canceled by Driver,CID997469,Auto,Electronic City,Hosur Road,,,Not Applicable,More than permitted people in there,Not Applicable,Not Applicable,282,Not Applicable,0,,
2024-07-10 00:50:00,CNR5521596149,Success,CID604600,Mini,Mysore Road,Frazer Town,252.0,50.0,Not Applicable,Not Applicable,No,Not Applicable,286,Cash,29,4.7,5.0
2024-07-10 05:09:00,CNR1310149904,Success,CID787220,Auto,Varthur,Cox Town,112.0,115.0,Not Applicable,Not Applicable,No,Not Applicable,356,Debit Card,19,3.4,4.7
2024-07-15 21:51:00,CNR3959556485,Canceled by Customer,CID571349,Bike,Shantinagar,Hulimavu,,,Change of plans,Not Applicable,Not Applicable,Not Applicable,115,Not Applicable,0,,
2024-07-14 14:40:00,CNR6080609156,Success,CID544867,Prime Plus,Electronic City,Mysore Road,70.0,90.0,Not Applicable,Not Applicable,No,Not Applicable,834,UPI,43,3.9,3.0
2024-07-07 20:23:00,CNR1660307316,Success,CID352470,Prime SUV,Kammanahalli,Shivajinagar,42.0,50.0,Not Applicable,Not Applicable,No,Not Applicable,462,Cash,17,3.7,4.2
2024-07-24 17:21:00,CNR3818151476,Success,CID628137,Prime Sedan,Koramangala,Frazer Town,266.0,100.0,Not Applicable,Not Applicable,Yes,Customer Demand,475,Cash,14,3.6,5.0
2024-07-18 02:12:00,CNR7368142667,Success,CID580455,Prime SUV,Ramamurthy Nagar,Varthur,91.0,40.0,Not Applicable,Not Applicable,No,Not Applicable,2766,Cash,17,4.0,3.0
2024-07-27 15:17:00,CNR7285843249,Success,CID553495,Auto,Shivajinagar,Rajajinagar,147.0,100.0,Not Applicable,Not Applicable,No,Not Applicable,562,Cash,5,4.6,3.9
2024-07-25 09:16:00,CNR1570912892,Success,CID913500,Auto,BTM Layout,Rajajinagar,56.0,75.0,Not Applicable,Not Applicable,No,Not Applicable,414,UPI,13,3.2,4.9
2024-07-24 15:51:00,CNR6757770296,Canceled by Driver,CID371492,Mini,Shantinagar,Sarjapur Road,,,Not Applicable,Customer related issue,Not Applicable,Not Applicable,337,Not Applicable,0,,
2024-07-13 07:01:00,CNR4648275722,Success,CID712809,Prime SUV,Richmond Town,Nagarbhavi,133.0,60.0,Not Applicable,Not Applicable,No,Not Applicable,357,Cash,3,3.9,3.7
2024-07-01 07:21:00,CNR5488923655,Success,CID290538,Mini,Sarjapur Road,Mysore Road,119.0,80.0,Not Applicable,Not Applicable,No,Not Applicable,401,UPI,31,4.5,3.2
2024-07-20 04:08:00,CNR6046594994,Canceled by Driver,CID320306,Mini,Devanahalli,Richmond Town,,,Not Applicable,Personal & Car related issue,Not Applicable,Not Applicable,156,Not Applicable,0,,
2024-07-18 05:07:00,CNR2994216201,Success,CID620241,Prime Sedan,Chickpet,Kammanahalli,42.0,35.0,Not Applicable,Not Applicable,No,Not Applicable,1159,Credit Card,27,3.3,5.0
2024-07-24 04:30:00,CNR2488395819,Success,CID138670,Prime Sedan,Richmond Town,Ulsoor,70.0,140.0,Not Applicable,Not Applicable,No,Not Applicable,353,Debit Card,3,3.7,3.2
2024-07-01 12:21:00,CNR2862177306,Success,CID109606,Prime SUV,Sahakar Nagar,Padmanabhanagar,161.0,110.0,Not Applicable,Not Applicable,No,Not Applicable,378,UPI,43,3.1,4.2
2024-07-03 09:27:00,CNR7513417186,Canceled by Driver,CID362956,Bike,Malleshwaram,Basavanagudi,,,Not Applicable,Customer related issue,Not Applicable,Not Applicable,2424,Not Applicable,0,,
2024-07-27 13:44:00,CNR4415891383,Canceled by Driver,CID257599,Bike,Devanahalli,Magadi Road,,,Not Applicable,Customer related issue,Not Applicable,Not Applicable,2942,Not Applicable,0,,
2024-07-02 15:17:00,CNR6315126396,Success,CID954771,Prime Plus,Richmond Town,Malleshwaram,266.0,130.0,Not Applicable,Not Applicable,No,Not Applicable,2246,Cash,45,4.8,4.9
2024-07-28 09:02:00,CNR3407779584,Canceled by Driver,CID338329,Prime Sedan,Electronic City,MG Road,,,Not Applicable,Customer related issue,Not Applicable,Not Applicable,373,Not Applicable,0,,
2024-07-06 16:33:00,CNR4463126503,Success,CID924781,Prime Sedan,Kadugodi,Padmanabhanagar,161.0,140.0,Not Applicable,Not Applicable,No,Not Applicable,183,UPI,42,3.2,3.4
2024-07-18 20:48:00,CNR5233544137,Success,CID389169,eBike,Bannerghatta Road,Frazer Town,308.0,140.0,Not Applicable,Not Applicable,No,Not Applicable,365,Cash,28,3.1,4.5
2024-07-26 18:14:00,CNR2817755716,Canceled by Driver,CID895023,Prime SUV,Koramangala,Hennur,,,Not Applicable,Customer was coughing/sick,Not Applicable,Not Applicable,432,Not Applicable,0,,
2024-07-30 11:22:00,CNR5230513438,Driver Not Found,CID781608,Auto,JP Nagar,Kammanahalli,,,Not Applicable,Not Applicable,Not Applicable,Not Applicable,174,Not Applicable,0,,
2024-07-27 00:43:00,CNR7420035090,Canceled by Driver,CID425241,Auto,Bellandur,Tumkur Road,,,Not Applicable,Customer related issue,Not Applicable,Not Applicable,268,Not Applicable,0,,
2024-07-17 23:46:00,CNR9171934580,Driver Not Found,CID945711,Prime SUV,Basavanagudi,Yeshwanthpur,,,Not Applicable,Not Applicable,Not Applicable,Not Applicable,469,Not Applicable,0,,
2024-07-20 12:30:00,CNR7645019616,Driver Not Found,CID123708,Prime SUV,Langford Town,Sahakar Nagar,,,Not Applicable,Not Applicable,Not Applicable,Not Applicable,435,Not Applicable,0,,
2024-07-03 14:50:00,CNR5787797030,Success,CID525439,Prime Sedan,Koramangala,Yelahanka,161.0,35.0,Not Applicable,Not Applicable,No,Not Applicable,212,Credit Card,1,4.2,4.6
2024-07-24 17:13:00,CNR4318393661,Success,CID909721,Mini,Electronic City,Chamarajpet,56.0,75.0,Not Applicable,Not Applicable,No,Not Applicable,255,UPI,9,4.6,5.0
2024-07-14 05:36:00,CNR3738019617,Canceled by Driver,CID595775,Mini,Devanahalli,KR Puram,,,Not Applicable,Customer related issue,Not Applicable,Not Applicable,684,Not Applicable,0,,
2024-07-18 12:07:00,CNR9931197905,Success,CID502366,Bike,Devanahalli,Sarjapur Road,35.0,40.0,Not Applicable,Not Applicable,No,Not Applicable,392,UPI,4,4.1,3.4
2024-07-26 13:52:00,CNR9414504524,Success,CID484934,Prime Sedan,Koramangala,Rajajinagar,238.0,130.0,Not Applicable,Not Applicable,No,Not Applicable,344,UPI,12,3.4,3.8
2024-07-26 09:46:00,CNR3280618336,Driver Not Found,CID791008,Mini,Hennur,Malleshwaram,,,Not Applicable,Not Applicable,Not Applicable,Not Applicable,407,Not Applicable,0,,
2024-07-29 06:30:00,CNR7193115887,Success,CID579824,Prime SUV,Padmanabhanagar,Jayanagar,63.0,45.0,Not Applicable,Not Applicable,No,Not Applicable,831,Cash,1,3.8,4.6
2024-07-24 01:29:00,CNR8533065171,Driver Not Found,CID468429,Prime SUV,JP Nagar,Tumkur Road,,,Not Applicable,Not Applicable,Not Applicable,Not Applicable,220,Not Applicable,0,,
2024-07-06 18:50:00,CNR4305844809,Success,CID837911,Prime SUV,MG Road,Tumkur Road,175.0,110.0,Not Applicable,Not Applicable,No,Not Applicable,359,UPI,32,4.1,3.9
2024-07-28 08:54:00,CNR4408635975,Success,CID385998,Prime Sedan,Nagarbhavi,Hosur Road,238.0,45.0,Not Applicable,Not Applicable,No,Not Applicable,1823,UPI,40,3.1,4.1
2024-07-18 12:15:00,CNR8746297983,Success,CID937538,Auto,MG Road,Majestic,91.0,25.0,Not Applicable,Not Applicable,No,Not Applicable,374,Cash,13,4.9,4.9
2024-07-16 13:39:00,CNR2963315919,Canceled by Customer,CID107440,Prime Plus,Kadugodi,Cox Town,,,AC is Not working,Not Applicable,Not Applicable,Not Applicable,206,Not Applicable,0,,
2024-07-14 02:49:00,CNR3582219617,Success,CID973774,eBike,Shantinagar,Devanahalli,238.0,65.0,Not Applicable,Not Applicable,No,Not Applicable,110,Cash,11,3.4,3.3
2024-07-04 19:48:00,CNR2451766828,Driver Not Found,CID248609,Auto,Cox Town,Basavanagudi,,,Not Applicable,Not Applicable,Not Applicable,Not Applicable,311,Not Applicable,0,,
2024-07-14 13:52:00,CNR8299995380,Success,CID485780,Prime SUV,Sarjapur Road,Rajarajeshwari Nagar,252.0,120.0,Not Applicable,Not Applicable,No,Not Applicable,189,Cash,20,3.3,3.0
2024-07-20 16:57:00,CNR6707570139,Success,CID334909,Bike,MG Road,HSR Layout,161.0,135.0,Not Applicable,Not Applicable,No,Not Applicable,141,UPI,47,3.4,4.1
2024-07-20 18:27:00,CNR8598290918,Success,CID599836,Prime Sedan,Bellandur,HSR Layout,224.0,135.0,Not Applicable,Not Applicable,No,Not Applicable,2370,Cash,12,4.6,4.2
2024-07-10 02:19:00,CNR5064987735,Success,CID989514,Mini,Rajarajeshwari Nagar,Hulimavu,196.0,35.0,Not Applicable,Not Applicable,No,Not Applicable,454,Debit Card,44,3.3,4.8
2024-07-30 22:02:00,CNR6095673041,Success,CID438769,Prime Sedan,Rajarajeshwari Nagar,Tumkur Road,98.0,125.0,Not Applicable,Not Applicable,No,Not Applicable,889,UPI,41,3.0,4.5
2024-07-05 11:17:00,CNR4371152749,Success,CID449284,Mini,Cox Town,Bellandur,126.0,95.0,Not Applicable,Not Applicable,No,Not Applicable,2999,Cash,12,3.2,4.5
2024-07-04 11:43:00,CNR6760314731,Success,CID232350,Prime Plus,MG Road,Hosur Road,238.0,75.0,Not Applicable,Not Applicable,No,Not Applicable,346,Cash,2,4.7,3.4
2024-07-16 12:24:00,CNR7044146112,Canceled by Driver,CID401828,Auto,Basavanagudi,Chamarajpet,,,Not Applicable,More than permitted people in there,Not Applicable,Not Applicable,754,Not Applicable,0,,
2024-07-22 07:59:00,CNR9239807929,Success,CID334350,Auto,Magadi Road,Koramangala,301.0,60.0,Not Applicable,Not Applicable,No,Not Applicable,216,Cash,16,4.4,3.2
2024-07-28 14:54:00,CNR7542352163,Canceled by Driver,CID385046,eBike,Sahakar Nagar,Ramamurthy Nagar,,,Not Applicable,More than permitted people in there,Not Applicable,Not Applicable,446,Not Applicable,0,,
2024-07-15 11:33:00,CNR2146610771,Canceled by Customer,CID800124,Bike,KR Puram,Bannerghatta Road,,,Driver asked to cancel,Not Applicable,Not Applicable,Not Applicable,478,Not Applicable,0,,
2024-07-12 21:21:00,CNR6465219333,Success,CID166856,eBike,Tumkur Road,Mysore Road,70.0,105.0,Not Applicable,Not Applicable,No,Not Applicable,1647,Cash,23,4.4,4.0
2024-07-07 04:43:00,CNR6990605185,Success,CID665167,eBike,Whitefield,Yeshwanthpur,231.0,120.0,Not Applicable,Not Applicable,No,Not Applicable,189,Cash,30,4.3,4.3
2024-07-07 23:44:00,CNR3691542111,Success,CID452626,Prime SUV,Yeshwanthpur,Yeshwanthpur,217.0,115.0,Not Applicable,Not Applicable,No,Not Applicable,275,UPI,7,3.1,4.4
2024-07-14 18:58:00,CNR7615311876,Canceled by Customer,CID487993,Prime SUV,Ramamurthy Nagar,Koramangala,,,Driver is not moving towards pickup location,Not Applicable,Not Applicable,Not Applicable,1911,Not Applicable,0,,
2024-07-30 04:47:00,CNR1700265628,Success,CID106852,Mini,Chickpet,Sarjapur Road,301.0,125.0,Not Applicable,Not Applicable,No,Not Applicable,384,UPI,7,4.4,3.4
2024-07-05 09:18:00,CNR1208294301,Success,CID248255,Auto,Whitefield,Cox Town,294.0,55.0,Not Applicable,Not Applicable,No,Not Applicable,186,Cash,2,3.4,3.5
2024-07-12 00:15:00,CNR7127659158,Success,CID896451,Prime SUV,KR Puram,Tumkur Road,287.0,120.0,Not Applicable,Not Applicable,No,Not Applicable,431,Cash,45,4.4,3.4
2024-07-19 01:14:00,CNR5909045585,Success,CID853604,eBike,Yelahanka,Padmanabhanagar,147.0,140.0,Not Applicable,Not Applicable,No,Not Applicable,733,Cash,11,4.6,3.8
2024-07-23 23:59:00,CNR7759516230,Success,CID754550,Bike,Indiranagar,Peenya,182.0,135.0,Not Applicable,Not Applicable,No,Not Applicable,423,UPI,43,3.4,3.7
2024-07-08 16:34:00,CNR7530787399,Success,CID103572,eBike,Yeshwanthpur,Varthur,238.0,65.0,Not Applicable,Not Applicable,Yes,Customer Demand,306,UPI,20,4.3,4.5
2024-07-30 22:15:00,CNR7685860161,Success,CID992300,Bike,RT Nagar,Basavanagudi,70.0,55.0,Not Applicable,Not Applicable,No,Not Applicable,684,UPI,12,3.1,4.2
2024-07-12 21:29:00,CNR8888413328,Canceled by Driver,CID829729,Mini,Bannerghatta Road,MG Road,,,Not Applicable,Customer was coughing/sick,Not Applicable,Not Applicable,2070,Not Applicable,0,,
2024-07-14 18:42:00,CNR7783775245,Driver Not Found,CID535474,Prime Sedan,Cox Town,Sahakar Nagar,,,Not Applicable,Not Applicable,Not Applicable,Not Applicable,219,Not Applicable,0,,
2024-07-21 15:39:00,CNR6756900054,Success,CID319335,Auto,Marathahalli,Shivajinagar,182.0,90.0,Not Applicable,Not Applicable,No,Not Applicable,351,UPI,18,4.4,3.6
2024-07-07 21:37:00,CNR7055185724,Success,CID694721,Bike,Hebbal,Marathahalli,147.0,120.0,Not Applicable,Not Applicable,No,Not Applicable,468,Cash,29,3.6,3.8
2024-07-25 03:34:00,CNR8743968410,Success,CID198537,eBike,Kengeri,Whitefield,175.0,110.0,Not Applicable,Not Applicable,No,Not Applicable,912,Cash,18,3.9,4.7
2024-07-16 22:08:00,CNR6540729566,Success,CID862241,Prime SUV,Richmond Town,Ulsoor,42.0,75.0,Not Applicable,Not Applicable,No,Not Applicable,276,Cash,16,3.9,3.8
2024-07-20 10:32:00,CNR8253658689,Success,CID159725,Prime SUV,Padmanabhanagar,Bellandur,84.0,40.0,Not Applicable,Not Applicable,No,Not Applicable,313,UPI,8,3.0,3.2
2024-07-05 11:32:00,CNR5118928646,Success,CID383109,Mini,Banashankari,Vijayanagar,70.0,110.0,Not Applicable,Not Applicable,No,Not Applicable,349,Credit Card,40,4.7,3.5
2024-07-16 17:24:00,CNR5279706756,Canceled by Driver,CID692324,Auto,Mysore Road,Nagarbhavi,,,Not Applicable,Personal & Car related issue,Not Applicable,Not Applicable,296,Not Applicable,0,,
2024-07-26 13:36:00,CNR6234642075,Canceled by Driver,CID487400,Prime Sedan,Hosur Road,MG Road,,,Not Applicable,More than permitted people in there,Not Applicable,Not Applicable,102,Not Applicable,0,,
2024-07-29 07:24:00,CNR6944345748,Success,CID773224,Prime SUV,Kammanahalli,KR Puram,42.0,100.0,Not Applicable,Not Applicable,No,Not Applicable,224,Cash,15,3.8,3.4
2024-07-15 10:12:00,CNR5633381363,Success,CID199139,Prime Plus,BTM Layout,Frazer Town,49.0,145.0,Not Applicable,Not Applicable,No,Not Applicable,473,Cash,9,4.6,3.7
2024-07-08 15:16:00,CNR8546770164,Canceled by Driver,CID427936,eBike,Rajarajeshwari Nagar,Sahakar Nagar,,,Not Applicable,Personal & Car related issue,Not Applicable,Not Applicable,118,Not Applicable,0,,
2024-07-20 00:57:00,CNR7411077034,Success,CID261595,Bike,Langford Town,Kadugodi,182.0,145.0,Not Applicable,Not Applicable,No,Not Applicable,276,UPI,42,3.4,4.8
2024-07-10 01:14:00,CNR3918195141,Driver Not Found,CID365281,Mini,Peenya,Chickpet,,,Not Applicable,Not Applicable,Not Applicable,Not Applicable,216,Not Applicable,0,,
2024-07-08 06:17:00,CNR6013926902,Success,CID307511,Prime Sedan,Electronic City,JP Nagar,70.0,105.0,Not Applicable,Not Applicable,No,Not Applicable,466,Cash,33,3.3,3.1
2024-07-26 00:13:00,CNR8309370232,Canceled by Driver,CID181368,Prime Plus,RT Nagar,Electronic City,,,Not Applicable,Customer related issue,Not Applicable,Not Applicable,925,Not Applicable,0,,
2024-07-25 21:43:00,CNR5324811521,Driver Not Found,CID306045,Prime SUV,Ulsoor,Majestic,,,Not Applicable,Not Applicable,Not Applicable,Not Applicable,330,Not Applicable,0,,
2024-07-07 19:56:00,CNR1598914487,Success,CID379512,eBike,Sarjapur Road,Malleshwaram,98.0,70.0,Not Applicable,Not Applicable,No,Not Applicable,442,Cash,7,4.9,4.0
2024-07-08 15:34:00,CNR9889517273,Success,CID581576,Auto,Hebbal,Indiranagar,105.0,40.0,Not Applicable,Not Applicable,Yes,Customer Demand,372,Cash,2,4.5,4.9
2024-07-16 03:18:00,CNR8780718122,Canceled by Driver,CID192516,Prime Plus,Sahakar Nagar,Nagarbhavi,,,Not Applicable,Customer related issue,Not Applicable,Not Applicable,182,Not Applicable,0,,
2024-07-19 06:15:00,CNR9914083804,Success,CID449485,Prime Sedan,Shantinagar,MG Road,273.0,95.0,Not Applicable,Not Applicable,No,Not Applicable,286,UPI,20,4.3,3.4
2024-07-26 16:06:00,CNR1296560807,Success,CID234562,Mini,Mysore Road,Kadugodi,112.0,110.0,Not Applicable,Not Applicable,No,Not Applicable,121,Cash,34,4.7,3.2
2024-07-18 10:33:00,CNR5294231794,Canceled by Driver,CID543105,Mini,Shantinagar,Banashankari,,,Not Applicable,Personal & Car related issue,Not Applicable,Not Applicable,132,Not Applicable,0,,
2024-07-18 15:02:00,CNR9359711732,Canceled by Customer,CID831987,Bike,Ulsoor,Kadugodi,,,AC is Not working,Not Applicable,Not Applicable,Not Applicable,445,Not Applicable,0,,
2024-07-11 08:33:00,CNR5001290039,Success,CID716654,Mini,Ulsoor,Bellandur,245.0,95.0,Not Applicable,Not Applicable,No,Not Applicable,307,UPI,26,3.7,3.7
2024-07-08 12:08:00,CNR3584858761,Canceled by Driver,CID539316,Prime SUV,Sarjapur Road,Ulsoor,,,Not Applicable,Customer was coughing/sick,Not Applicable,Not Applicable,483,Not Applicable,0,,
2024-07-30 15:58:00,CNR6675000871,Canceled by Driver,CID625575,Prime SUV,Ramamurthy Nagar,RT Nagar,,,Not Applicable,Personal & Car related issue,Not Applicable,Not Applicable,933,Not Applicable,0,,
2024-07-24 18:11:00,CNR9855702623,Success,CID512143,eBike,Vijayanagar,Magadi Road,91.0,105.0,Not Applicable,Not Applicable,No,Not Applicable,402,UPI,6,3.5,3.3
2024-07-12 01:07:00,CNR9572730599,Driver Not Found,CID640252,Prime Plus,Malleshwaram,Majestic,,,Not Applicable,Not Applicable,Not Applicable,Not Applicable,119,Not Applicable,0,,
2024-07-16 10:14:00,CNR9862767720,Success,CID693899,Bike,RT Nagar,Frazer Town,238.0,140.0,Not Applicable,Not Applicable,No,Not Applicable,262,UPI,19,4.9,4.9
2024-07-24 19:04:00,CNR3280499660,Success,CID388159,Bike,MG Road,Jayanagar,273.0,45.0,Not Applicable,Not Applicable,No,Not Applicable,452,Credit Card,38,3.7,4.8
2024-07-21 19:57:00,CNR9921333618,Canceled by Driver,CID415121,Mini,Hulimavu,Koramangala,,,Not Applicable,Personal & Car related issue,Not Applicable,Not Applicable,702,Not Applicable,0,,
2024-07-05 02:29:00,CNR2601326733,Canceled by Customer,CID756940,Prime Plus,Koramangala,Padmanabhanagar,,,Driver is not moving towards pickup location,Not Applicable,Not Applicable,Not Applicable,187,Not Applicable,0,,
2024-07-18 13:18:00,CNR8758298870,Success,CID127208,Prime Plus,Kengeri,RT Nagar,154.0,90.0,Not Applicable,Not Applicable,No,Not Applicable,384,UPI,13,3.0,3.0
2024-07-04 01:09:00,CNR1157127390,Success,CID483215,eBike,Tumkur Road,Shivajinagar,112.0,85.0,Not Applicable,Not Applicable,No,Not Applicable,795,Cash,39,3.4,4.0
2024-07-26 05:47:00,CNR3958414028,Success,CID109582,Bike,Shantinagar,Bellandur,182.0,95.0,Not Applicable,Not Applicable,No,Not Applicable,403,UPI,3,4.3,4.5
2024-07-14 06:11:00,CNR5843102419,Success,CID976541,Mini,Hulimavu,RT Nagar,231.0,50.0,Not Applicable,Not Applicable,No,Not Applicable,173,Debit Card,11,4.8,3.9
2024-07-15 02:50:00,CNR4572340343,Success,CID349821,Prime SUV,Sahakar Nagar,Majestic,203.0,125.0,Not Applicable,Not Applicable,No,Not Applicable,926,UPI,9,3.9,3.4
2024-07-27 03:10:00,CNR5243681357,Success,CID733096,Prime Sedan,Ulsoor,Sahakar Nagar,84.0,50.0,Not Applicable,Not Applicable,No,Not Applicable,186,Cash,41,4.2,4.9
2024-07-20 14:31:00,CNR5881646760,Success,CID300885,Auto,RT Nagar,Cox Town,147.0,105.0,Not Applicable,Not Applicable,Yes,Customer Demand,273,Cash,9,4.5,5.0
2024-07-09 14:49:00,CNR1021391727,Success,CID422910,Prime SUV,Rajajinagar,Cox Town,126.0,90.0,Not Applicable,Not Applicable,No,Not Applicable,411,UPI,3,3.6,4.1
2024-07-30 21:55:00,CNR3067518826,Canceled by Driver,CID726762,Bike,Kengeri,Frazer Town,,,Not Applicable,Personal & Car related issue,Not Applicable,Not Applicable,663,Not Applicable,0,,
2024-07-03 08:03:00,CNR9058126747,Success,CID143820,Mini,Hosur Road,Yeshwanthpur,287.0,95.0,Not Applicable,Not Applicable,No,Not Applicable,192,Cash,19,3.2,3.8
2024-07-18 23:31:00,CNR9079433156,Success,CID367557,Prime SUV,Yelahanka,Whitefield,147.0,145.0,Not Applicable,Not Applicable,No,Not Applicable,270,UPI,24,4.1,4.4
2024-07-12 22:46:00,CNR3001608315,Canceled by Customer,CID473910,Prime Plus,Bannerghatta Road,Ramamurthy Nagar,,,Driver is not moving towards pickup location,Not Applicable,Not Applicable,Not Applicable,215,Not Applicable,0,,
2024-07-15 09:16:00,CNR1760860519,Canceled by Customer,CID717310,Prime Sedan,Sarjapur Road,Banashankari,,,Change of plans,Not Applicable,Not Applicable,Not Applicable,311,Not Applicable,0,,
2024-07-15 17:54:00,CNR5014515669,Success,CID225819,Bike,RT Nagar,Whitefield,217.0,25.0,Not Applicable,Not Applicable,No,Not Applicable,403,Cash,24,3.9,4.9
2024-07-04 13:39:00,CNR7668606939,Canceled by Driver,CID408495,Prime Sedan,Marathahalli,Cox Town,,,Not Applicable,Personal & Car related issue,Not Applicable,Not Applicable,258,Not Applicable,0,,
2024-07-14 17:15:00,CNR5951744436,Driver Not Found,CID636635,Mini,Devanahalli,Kadugodi,,,Not Applicable,Not Applicable,Not Applicable,Not Applicable,123,Not Applicable,0,,
2024-07-08 12:15:00,CNR5621901057,Success,CID143098,Mini,Malleshwaram,JP Nagar,70.0,65.0,Not Applicable,Not Applicable,No,Not Applicable,316,Cash,30,4.8,3.6
2024-07-12 12:43:00,CNR1863176924,Canceled by Driver,CID528305,Auto,Sarjapur Road,MG Road,,,Not Applicable,Personal & Car related issue,Not Applicable,Not Applicable,877,Not Applicable,0,,
2024-07-24 10:45:00,CNR7061769752,Canceled by Driver,CID739447,Prime Plus,Banashankari,Kengeri,,,Not Applicable,Personal & Car related issue,Not Applicable,Not Applicable,739,Not Applicable,0,,
2024-07-16 22:26:00,CNR4217118870,Success,CID268760,Prime SUV,Shantinagar,JP Nagar,231.0,55.0,Not Applicable,Not Applicable,No,Not Applicable,379,Cash,19,4.0,4.4
2024-07-02 10:40:00,CNR3759335055,Success,CID298378,Prime Sedan,Chickpet,Chickpet,112.0,40.0,Not Applicable,Not Applicable,Yes,Customer Demand,615,Cash,33,3.1,3.7
2024-07-04 10:55:00,CNR5228400065,Canceled by Driver,CID219122,Mini,Devanahalli,Indiranagar,,,Not Applicable,Personal & Car related issue,Not Applicable,Not Applicable,489,Not Applicable,0,,
2024-07-12 15:32:00,CNR8429809616,Success,CID953502,Bike,Banashankari,Electronic City,91.0,45.0,Not Applicable,Not Applicable,No,Not Applicable,113,UPI,11,4.9,3.4
2024-07-04 11:23:00,CNR3944937706,Success,CID337658,Auto,Mysore Road,Cox Town,182.0,35.0,Not Applicable,Not Applicable,No,Not Applicable,360,UPI,14,3.8,4.5
2024-07-07 03:21:00,CNR1610665593,Success,CID258704,Mini,HSR Layout,Richmond Town,140.0,55.0,Not Applicable,Not Applicable,No,Not Applicable,930,Cash,35,3.5,3.3
2024-07-04 01:02:00,CNR2689497184,Success,CID200353,Auto,Rajarajeshwari Nagar,Varthur,42.0,80.0,Not Applicable,Not Applicable,No,Not Applicable,679,UPI,2,5.0,4.6
2024-07-27 03:50:00,CNR7784074532,Canceled by Customer,CID964336,Prime Plus,HSR Layout,Banashankari,,,Driver is not moving towards pickup location,Not Applicable,Not Applicable,Not Applicable,319,Not Applicable,0,,
2024-07-19 13:33:00,CNR3199153816,Canceled by Customer,CID654911,Bike,Padmanabhanagar,Nagarbhavi,,,AC is Not working,Not Applicable,Not Applicable,Not Applicable,302,Not Applicable,0,,
2024-07-05 09:15:00,CNR1027576743,Driver Not Found,CID445314,Prime Sedan,JP Nagar,HSR Layout,,,Not Applicable,Not Applicable,Not Applicable,Not Applicable,222,Not Applicable,0,,
2024-07-09 00:37:00,CNR4295281066,Success,CID949186,Prime Sedan,Kadugodi,Frazer Town,35.0,135.0,Not Applicable,Not Applicable,No,Not Applicable,392,Cash,34,4.6,3.0
2024-07-13 22:23:00,CNR4023446735,Success,CID207270,Prime Sedan,Banashankari,Bannerghatta Road,70.0,55.0,Not Applicable,Not Applicable,No,Not Applicable,357,Cash,49,4.1,4.6
2024-07-21 07:45:00,CNR8307259397,Success,CID215639,Prime SUV,Varthur,Nagarbhavi,70.0,45.0,Not Applicable,Not Applicable,No,Not Applicable,687,UPI,5,4.4,3.7
2024-07-12 15:12:00,CNR2211225251,Driver Not Found,CID819226,Prime Plus,Koramangala,Frazer Town,,,Not Applicable,Not Applicable,Not Applicable,Not Applicable,2608,Not Applicable,0,,
2024-07-26 18:52:00,CNR2396439668,Success,CID385346,Bike,Shantinagar,Vijayanagar,49.0,80.0,Not Applicable,Not Applicable,No,Not Applicable,518,UPI,40,3.9,3.0
2024-07-23 12:26:00,CNR3425290143,Success,CID159747,Bike,KR Puram,HSR Layout,203.0,65.0,Not Applicable,Not Applicable,Yes,Customer Demand,551,UPI,31,3.4,3.2
2024-07-19 20:58:00,CNR7258684842,Canceled by Driver,CID360643,Mini,Vijayanagar,HSR Layout,,,Not Applicable,Customer related issue,Not Applicable,Not Applicable,1354,Not Applicable,0,,
2024-07-17 22:24:00,CNR6228153418,Canceled by Driver,CID390051,eBike,JP Nagar,Devanahalli,,,Not Applicable,Customer related issue,Not Applicable,Not Applicable,158,Not Applicable,0,,
2024-07-22 01:33:00,CNR5664765068,Success,CID786435,eBike,Electronic City,Rajarajeshwari Nagar,56.0,110.0,Not Applicable,Not Applicable,No,Not Applicable,804,Cash,47,4.8,4.8
2024-07-13 08:42:00,CNR9228515250,Success,CID318218,Bike,Mysore Road,Shivajinagar,49.0,140.0,Not Applicable,Not Applicable,No,Not Applicable,656,Cash,39,4.6,3.6
2024-07-12 05:07:00,CNR4633244295,Canceled by Customer,CID648304,Bike,Kammanahalli,Yeshwanthpur,,,Change of plans,Not Applicable,Not Applicable,Not Applicable,622,Not Applicable,0,,
2024-07-23 10:40:00,CNR4562732211,Success,CID532060,eBike,Marathahalli,Sarjapur Road,140.0,140.0,Not Applicable,Not Applicable,Yes,Customer Demand,815,UPI,19,4.3,4.6
2024-07-17 23:48:00,CNR4731034256,Success,CID198739,Mini,MG Road,Sahakar Nagar,84.0,95.0,Not Applicable,Not Applicable,No,Not Applicable,1607,UPI,44,4.1,4.4
2024-07-26 03:17:00,CNR7750422414,Success,CID384105,Prime Sedan,HSR Layout,Kammanahalli,91.0,60.0,Not Applicable,Not Applicable,No,Not Applicable,153,UPI,33,4.8,4.6
2024-07-25 00:42:00,CNR5881093172,Success,CID609578,eBike,Chickpet,Whitefield,105.0,120.0,Not Applicable,Not Applicable,No,Not Applicable,376,Cash,33,3.7,3.8
2024-07-23 08:40:00,CNR8605222182,Success,CID720369,Auto,Sarjapur Road,Electronic City,91.0,105.0,Not Applicable,Not Applicable,No,Not Applicable,362,UPI,19,3.8,3.3
2024-07-12 19:51:00,CNR5378829777,Success,CID805533,Prime SUV,Varthur,Hosur Road,301.0,140.0,Not Applicable,Not Applicable,No,Not Applicable,2390,Cash,42,4.9,3.3
2024-07-25 22:16:00,CNR5718763589,Success,CID820282,Bike,Indiranagar,Chickpet,273.0,95.0,Not Applicable,Not Applicable,No,Not Applicable,500,Cash,12,4.6,4.7
2024-07-07 07:36:00,CNR4356105699,Canceled by Driver,CID594402,Prime Plus,Whitefield,Peenya,,,Not Applicable,Customer related issue,Not Applicable,Not Applicable,116,Not Applicable,0,,
2024-07-03 23:27:00,CNR8096148983,Success,CID888898,Prime SUV,Vijayanagar,Marathahalli,56.0,125.0,Not Applicable,Not Applicable,No,Not Applicable,144,UPI,11,3.6,4.3
2024-07-10 19:38:00,CNR8896996612,Success,CID347396,Prime SUV,Varthur,Hosur Road,84.0,60.0,Not Applicable,Not Applicable,No,Not Applicable,193,Cash,37,4.0,3.4
2024-07-29 12:39:00,CNR1309852140,Canceled by Customer,CID942304,Mini,MG Road,Nagarbhavi,,,Wrong Address,Not Applicable,Not Applicable,Not Applicable,2177,Not Applicable,0,,
2024-07-03 19:36:00,CNR9920301666,Driver Not Found,CID414787,Prime SUV,Koramangala,Kammanahalli,,,Not Applicable,Not Applicable,Not Applicable,Not Applicable,213,Not Applicable,0,,
2024-07-16 17:28:00,CNR2662090144,Success,CID645525,Prime SUV,Mysore Road,Marathahalli,245.0,50.0,Not Applicable,Not Applicable,No,Not Applicable,328,UPI,13,4.1,3.0
2024-07-15 08:53:00,CNR9832961128,Success,CID445875,Auto,Indiranagar,Jayanagar,77.0,115.0,Not Applicable,Not Applicable,No,Not Applicable,378,UPI,19,4.0,4.6
2024-07-18 10:32:00,CNR4295244555,Success,CID983257,Prime Plus,Sahakar Nagar,Ulsoor,154.0,145.0,Not Applicable,Not Applicable,No,Not Applicable,1954,Cash,33,3.1,4.4
2024-07-25 23:43:00,CNR2355173572,Success,CID199143,Bike,Hennur,Mysore Road,49.0,30.0,Not Applicable,Not Applicable,No,Not Applicable,163,Cash,49,4.7,3.4
2024-07-16 13:25:00,CNR6322912372,Success,CID131745,Prime SUV,Tumkur Road,Nagarbhavi,308.0,130.0,Not Applicable,Not Applicable,No,Not Applicable,243,Cash,25,3.1,3.6
2024-07-30 05:34:00,CNR9882384878,Success,CID788894,Auto,Vijayanagar,Peenya,182.0,85.0,Not Applicable,Not Applicable,No,Not Applicable,2682,UPI,18,4.4,3.5
2024-07-16 06:31:00,CNR1210504214,Success,CID369128,Bike,HSR Layout,Mysore Road,287.0,90.0,Not Applicable,Not Applicable,No,Not Applicable,1126,Cash,12,3.9,4.7
2024-07-04 15:20:00,CNR5101471369,Success,CID829289,Bike,Kengeri,BTM Layout,140.0,35.0,Not Applicable,Not Applicable,No,Not Applicable,1955,UPI,5,3.8,3.8
2024-07-20 23:04:00,CNR6536346844,Success,CID612978,Bike,BTM Layout,Majestic,217.0,140.0,Not Applicable,Not Applicable,No,Not Applicable,649,UPI,47,3.1,4.1
2024-07-18 14:20:00,CNR3519487343,Canceled by Driver,CID902236,Prime SUV,Devanahalli,Basavanagudi,,,Not Applicable,Customer related issue,Not Applicable,Not Applicable,2351,Not Applicable,0,,
2024-07-25 23:18:00,CNR5762134185,Success,CID607970,Bike,Koramangala,Indiranagar,308.0,70.0,Not Applicable,Not Applicable,No,Not Applicable,361,Cash,29,5.0,4.5
2024-07-22 11:02:00,CNR5277049476,Success,CID174014,Prime Plus,Indiranagar,Electronic City,280.0,25.0,Not Applicable,Not Applicable,No,Not Applicable,458,UPI,10,3.6,4.9
2024-07-24 06:54:00,CNR5444589532,Success,CID175917,Bike,Yelahanka,Mysore Road,231.0,35.0,Not Applicable,Not Applicable,No,Not Applicable,362,UPI,32,4.4,4.1
2024-07-24 16:39:00,CNR4966094886,Success,CID509572,Bike,Hosur Road,Sarjapur Road,154.0,65.0,Not Applicable,Not Applicable,No,Not Applicable,179,UPI,4,4.0,4.2
2024-07-21 18:53:00,CNR3536148998,Success,CID313792,Prime Sedan,Yelahanka,Malleshwaram,182.0,120.0,Not Applicable,Not Applicable,No,Not Applicable,116,Credit Card,43,3.2,5.0
2024-07-01 09:42:00,CNR6265484594,Driver Not Found,CID280359,Auto,Chickpet,HSR Layout,,,Not Applicable,Not Applicable,Not Applicable,Not Applicable,494,Not Applicable,0,,
2024-07-22 12:57:00,CNR4477156454,Canceled by Customer,CID820929,Prime SUV,BTM Layout,Ulsoor,,,AC is Not working,Not Applicable,Not Applicable,Not Applicable,506,Not Applicable,0,,
2024-07-06 16:01:00,CNR2510980814,Canceled by Customer,CID549982,Auto,Cox Town,Indiranagar,,,Driver asked to cancel,Not Applicable,Not Applicable,Not Applicable,1861,Not Applicable,0,,
2024-07-21 11:22:00,CNR6917987878,Success,CID562922,Bike,Rajarajeshwari Nagar,Langford Town,105.0,95.0,Not Applicable,Not Applicable,No,Not Applicable,374,Cash,14,4.2,4.7
2024-07-26 20:38:00,CNR8528290704,Canceled by Customer,CID995669,Bike,Banashankari,Kadugodi,,,Driver is not moving towards pickup location,Not Applicable,Not Applicable,Not Applicable,936,Not Applicable,0,,
2024-07-02 02:40:00,CNR7361245936,Success,CID213655,Prime Plus,Tumkur Road,Hennur,154.0,90.0,Not Applicable,Not Applicable,No,Not Applicable,193,UPI,41,3.3,3.4
2024-07-23 09:26:00,CNR3666979961,Canceled by Driver,CID793616,Auto,Bannerghatta Road,RT Nagar,,,Not Applicable,More than permitted people in there,Not Applicable,Not Applicable,343,Not Applicable,0,,
2024-07-27 06:23:00,CNR3805614970,Success,CID257818,Mini,Rajajinagar,BTM Layout,70.0,100.0,Not Applicable,Not Applicable,Yes,Customer Demand,413,Cash,19,3.4,3.9
2024-07-29 06:56:00,CNR8475896261,Success,CID243031,Prime SUV,Rajarajeshwari Nagar,Nagarbhavi,238.0,95.0,Not Applicable,Not Applicable,No,Not Applicable,246,UPI,40,4.5,3.2
2024-07-09 05:05:00,CNR7986031683,Success,CID763396,Prime Sedan,Chickpet,KR Puram,42.0,105.0,Not Applicable,Not Applicable,No,Not Applicable,2661,Cash,8,4.1,3.7
2024-07-28 07:37:00,CNR2972115292,Canceled by Customer,CID986148,Mini,Malleshwaram,Jayanagar,,,Driver is not moving towards pickup location,Not Applicable,Not Applicable,Not Applicable,122,Not Applicable,0,,
2024-07-17 04:26:00,CNR4113323183,Success,CID825793,eBike,Tumkur Road,Marathahalli,105.0,115.0,Not Applicable,Not Applicable,No,Not Applicable,371,Cash,23,4.8,4.4
2024-07-15 10:27:00,CNR8973693186,Driver Not Found,CID868219,Auto,Ulsoor,Langford Town,,,Not Applicable,Not Applicable,Not Applicable,Not Applicable,141,Not Applicable,0,,
2024-07-21 20:25:00,CNR8453131630,Success,CID864561,Auto,Yeshwanthpur,Rajajinagar,147.0,25.0,Not Applicable,Not Applicable,Yes,Other Issue,1448,UPI,6,3.4,4.8
2024-07-11 18:38:00,CNR6379421939,Success,CID236967,Mini,Marathahalli,Yeshwanthpur,133.0,90.0,Not Applicable,Not Applicable,No,Not Applicable,247,Cash,42,3.3,4.5
2024-07-30 02:34:00,CNR3818643199,Canceled by Driver,CID937770,Prime Sedan,Marathahalli,Rajarajeshwari Nagar,,,Not Applicable,More than permitted people in there,Not Applicable,Not Applicable,324,Not Applicable,0,,
2024-07-25 15:15:00,CNR9076281385,Canceled by Driver,CID811093,Auto,Peenya,Vijayanagar,,,Not Applicable,Customer related issue,Not Applicable,Not Applicable,394,Not Applicable,0,,
2024-07-01 04:02:00,CNR7679370551,Canceled by Driver,CID630018,Bike,Rajarajeshwari Nagar,Hosur Road,,,Not Applicable,Personal & Car related issue,Not Applicable,Not Applicable,911,Not Applicable,0,,
2024-07-23 03:05:00,CNR7308514133,Success,CID517323,eBike,Malleshwaram,KR Puram,63.0,25.0,Not Applicable,Not Applicable,No,Not Applicable,164,Cash,19,4.5,3.3
2024-07-05 09:55:00,CNR8652368748,Canceled by Customer,CID390645,Prime Sedan,MG Road,Yeshwanthpur,,,Driver is not moving towards pickup location,Not Applicable,Not Applicable,Not Applicable,227,Not Applicable,0,,
2024-07-13 04:03:00,CNR8401083339,Success,CID741463,Prime Plus,BTM Layout,Jayanagar,168.0,140.0,Not Applicable,Not Applicable,No,Not Applicable,477,Cash,18,3.6,3.7
2024-07-21 10:59:00,CNR5957026909,Canceled by Customer,CID866179,Mini,Marathahalli,Sahakar Nagar,,,Driver asked to cancel,Not Applicable,Not Applicable,Not Applicable,495,Not Applicable,0,,
2024-07-26 06:45:00,CNR1260680313,Canceled by Driver,CID542839,Prime Plus,Indiranagar,HSR Layout,,,Not Applicable,Customer related issue,Not Applicable,Not Applicable,240,Not Applicable,0,,
2024-07-12 07:19:00,CNR3694690181,Canceled by Customer,CID934593,Prime Sedan,Ulsoor,Vijayanagar,,,Change of plans,Not Applicable,Not Applicable,Not Applicable,1986,Not Applicable,0,,
2024-07-29 23:55:00,CNR4442988250,Canceled by Driver,CID398495,Bike,Devanahalli,Mysore Road,,,Not Applicable,More than permitted people in there,Not Applicable,Not Applicable,201,Not Applicable,0,,
2024-07-24 07:48:00,CNR7518602456,Success,CID852619,Bike,Hebbal,Mysore Road,217.0,65.0,Not Applicable,Not Applicable,No,Not Applicable,266,UPI,19,4.3,3.9
2024-07-25 02:16:00,CNR8072830009,Canceled by Driver,CID120072,Prime Sedan,Frazer Town,Magadi Road,,,Not Applicable,Personal & Car related issue,Not Applicable,Not Applicable,2991,Not Applicable,0,,
2024-07-16 12:42:00,CNR9936369280,Success,CID449800,Prime Sedan,Rajarajeshwari Nagar,Rajarajeshwari Nagar,98.0,145.0,Not Applicable,Not Applicable,No,Not Applicable,611,Cash,46,3.7,3.8
2024-07-19 07:06:00,CNR4387014364,Canceled by Customer,CID930766,Prime Sedan,Langford Town,Shivajinagar,,,Change of plans,Not Applicable,Not Applicable,Not Applicable,340,Not Applicable,0,,
2024-07-06 23:42:00,CNR5398711693,Driver Not Found,CID959863,Mini,KR Puram,Frazer Town,,,Not Applicable,Not Applicable,Not Applicable,Not Applicable,129,Not Applicable,0,,
2024-07-13 13:30:00,CNR4056899244,Success,CID461272,Auto,Malleshwaram,Yeshwanthpur,224.0,80.0,Not Applicable,Not Applicable,No,Not Applicable,228,Cash,19,4.3,3.7
2024-07-12 17:04:00,CNR6511937074,Canceled by Driver,CID206798,Prime Plus,Jayanagar,HSR Layout,,,Not Applicable,Customer was coughing/sick,Not Applicable,Not Applicable,100,Not Applicable,0,,
2024-07-01 00:32:00,CNR5249798089,Canceled by Driver,CID327391,Auto,Rajajinagar,Bannerghatta Road,,,Not Applicable,Customer was coughing/sick,Not Applicable,Not Applicable,236,Not Applicable,0,,
2024-07-01 02:59:00,CNR1842359580,Success,CID628682,Mini,Magadi Road,RT Nagar,154.0,145.0,Not Applicable,Not Applicable,No,Not Applicable,288,Cash,4,4.1,4.3
2024-07-02 09:11:00,CNR4108930743,Success,CID453236,Prime Plus,Cox Town,Kadugodi,49.0,85.0,Not Applicable,Not Applicable,No,Not Applicable,426,UPI,23,3.5,3.6
2024-07-07 09:21:00,CNR2234796842,Driver Not Found,CID392355,Bike,Padmanabhanagar,Malleshwaram,,,Not Applicable,Not Applicable,Not Applicable,Not Applicable,309,Not Applicable,0,,
2024-07-30 20:56:00,CNR7095742344,Success,CID623795,Mini,Chickpet,Shivajinagar,245.0,135.0,Not Applicable,Not Applicable,No,Not Applicable,693,Cash,15,4.3,3.3
2024-07-23 14:37:00,CNR3945459969,Success,CID976488,Prime Sedan,Kammanahalli,Vijayanagar,210.0,60.0,Not Applicable,Not Applicable,Yes,Other Issue,983,UPI,4,4.5,4.4
2024-07-02 21:06:00,CNR6908835477,Canceled by Customer,CID713360,Prime Plus,Bannerghatta Road,Kammanahalli,,,Driver asked to cancel,Not Applicable,Not Applicable,Not Applicable,363,Not Applicable,0,,
2024-07-16 03:18:00,CNR9790748129,Driver Not Found,CID302989,Mini,Ramamurthy Nagar,RT Nagar,,,Not Applicable,Not Applicable,Not Applicable,Not Applicable,976,Not Applicable,0,,
2024-07-29 09:17:00,CNR5287774345,Success,CID430464,Prime Sedan,Langford Town,Marathahalli,84.0,95.0,Not Applicable,Not Applicable,No,Not Applicable,253,Cash,24,4.5,4.0
2024-07-30 20:09:00,CNR7098913390,Success,CID946508,Prime Sedan,Yeshwanthpur,BTM Layout,161.0,130.0,Not Applicable,Not Applicable,No,Not Applicable,1669,Cash,14,4.6,3.2
2024-07-22 23:07:00,CNR1720809059,Success,CID406081,eBike,KR Puram,Banashankari,224.0,130.0,Not Applicable,Not Applicable,No,Not Applicable,133,UPI,22,4.1,4.7
2024-07-01 06:07:00,CNR5086341147,Success,CID266018,Auto,Bannerghatta Road,Hebbal,35.0,105.0,Not Applicable,Not Applicable,No,Not Applicable,107,Cash,13,4.1,3.2
2024-07-11 11:32:00,CNR5419064642,Success,CID365991,Bike,Hosur Road,KR Puram,133.0,90.0,Not Applicable,Not Applicable,No,Not Applicable,223,Cash,40,4.0,4.2
2024-07-18 23:20:00,CNR9878047432,Success,CID412558,eBike,BTM Layout,Padmanabhanagar,35.0,105.0,Not Applicable,Not Applicable,No,Not Applicable,488,Cash,15,4.1,4.5
2024-07-20 22:30:00,CNR6603173235,Success,CID549107,Auto,Padmanabhanagar,Varthur,273.0,90.0,Not Applicable,Not Applicable,No,Not Applicable,193,UPI,12,3.1,3.8
2024-07-29 08:43:00,CNR3345166112,Canceled by Driver,CID323896,Bike,Padmanabhanagar,Hulimavu,,,Not Applicable,Customer related issue,Not Applicable,Not Applicable,1006,Not Applicable,0,,
2024-07-06 23:26:00,CNR2885021317,Success,CID872934,Prime SUV,Varthur,Whitefield,231.0,120.0,Not Applicable,Not Applicable,No,Not Applicable,989,Cash,10,4.1,4.0
2024-07-23 14:11:00,CNR7175933149,Canceled by Customer,CID992486,Prime SUV,Whitefield,Banashankari,,,Driver is not moving towards pickup location,Not Applicable,Not Applicable,Not Applicable,399,Not Applicable,0,,
2024-07-25 14:37:00,CNR3317237324,Success,CID590212,Bike,MG Road,Majestic,266.0,50.0,Not Applicable,Not Applicable,No,Not Applicable,899,Cash,35,3.1,3.1
2024-07-09 17:31:00,CNR7361239432,Canceled by Customer,CID942450,Auto,Sarjapur Road,RT Nagar,,,Change of plans,Not Applicable,Not Applicable,Not Applicable,362,Not Applicable,0,,
2024-07-16 16:10:00,CNR1540518419,Canceled by Customer,CID761261,Prime Plus,KR Puram,Bellandur,,,AC is Not working,Not Applicable,Not Applicable,Not Applicable,436,Not Applicable,0,,
2024-07-25 12:14:00,CNR8316446547,Canceled by Customer,CID455845,eBike,Malleshwaram,Bannerghatta Road,,,Wrong Address,Not Applicable,Not Applicable,Not Applicable,454,Not Applicable,0,,
2024-07-03 21:10:00,CNR3004464317,Success,CID595468,Auto,BTM Layout,Shivajinagar,231.0,50.0,Not Applicable,Not Applicable,No,Not Applicable,472,Cash,5,4.9,3.5
2024-07-21 13:13:00,CNR8850008366,Success,CID497280,Prime SUV,Rajarajeshwari Nagar,Mysore Road,154.0,120.0,Not Applicable,Not Applicable,No,Not Applicable,820,Cash,5,3.4,3.1
2024-07-11 22:22:00,CNR2256062733,Success,CID274125,Mini,Ulsoor,Frazer Town,147.0,80.0,Not Applicable,Not Applicable,No,Not Applicable,311,Cash,41,4.9,3.2
2024-07-06 10:02:00,CNR1352189985,Success,CID567291,Bike,Kengeri,Yeshwanthpur,63.0,125.0,Not Applicable,Not Applicable,No,Not Applicable,495,Cash,19,3.6,3.7
2024-07-02 06:22:00,CNR8205877562,Success,CID593860,Prime Sedan,Yelahanka,Koramangala,147.0,85.0,Not Applicable,Not Applicable,No,Not Applicable,2802,Cash,46,3.8,3.1
2024-07-27 09:41:00,CNR8862820806,Success,CID750532,Bike,Whitefield,Mysore Road,280.0,50.0,Not Applicable,Not Applicable,No,Not Applicable,264,Cash,22,4.7,3.1
2024-07-10 11:44:00,CNR4242785995,Success,CID878615,Bike,Devanahalli,MG Road,56.0,145.0,Not Applicable,Not Applicable,No,Not Applicable,430,UPI,41,3.1,4.7
2024-07-16 22:25:00,CNR7852089301,Canceled by Driver,CID818035,Prime Plus,Chickpet,Chamarajpet,,,Not Applicable,Customer related issue,Not Applicable,Not Applicable,451,Not Applicable,0,,
2024-07-12 13:48:00,CNR1500226574,Success,CID314897,Prime Sedan,Rajajinagar,Devanahalli,112.0,90.0,Not Applicable,Not Applicable,No,Not Applicable,1174,Cash,8,4.7,4.3
2024-07-10 13:16:00,CNR7347341345,Success,CID229638,Auto,Chamarajpet,Nagarbhavi,231.0,100.0,Not Applicable,Not Applicable,No,Not Applicable,989,UPI,2,4.2,3.1
2024-07-17 00:25:00,CNR2938062506,Canceled by Customer,CID156312,Prime Sedan,Peenya,Marathahalli,,,Driver asked to cancel,Not Applicable,Not Applicable,Not Applicable,514,Not Applicable,0,,
2024-07-01 13:18:00,CNR3833334990,Success,CID839918,Mini,Langford Town,Marathahalli,56.0,130.0,Not Applicable,Not Applicable,No,Not Applicable,479,Cash,48,3.7,3.4
2024-07-16 04:22:00,CNR9773673236,Canceled by Driver,CID101049,eBike,Banashankari,Chamarajpet,,,Not Applicable,Personal & Car related issue,Not Applicable,Not Applicable,452,Not Applicable,0,,
2024-07-04 21:34:00,CNR8449070770,Success,CID390041,Auto,MG Road,Kammanahalli,63.0,145.0,Not Applicable,Not Applicable,No,Not Applicable,458,UPI,19,5.0,5.0
2024-07-03 07:10:00,CNR1682618398,Canceled by Driver,CID854622,Auto,MG Road,JP Nagar,,,Not Applicable,Customer related issue,Not Applicable,Not Applicable,974,Not Applicable,0,,
2024-07-24 06:33:00,CNR2341842175,Canceled by Customer,CID119467,Bike,BTM Layout,Sahakar Nagar,,,Driver asked to cancel,Not Applicable,Not Applicable,Not Applicable,274,Not Applicable,0,,
2024-07-10 05:15:00,CNR5248147226,Canceled by Driver,CID205527,Auto,Banashankari,Sahakar Nagar,,,Not Applicable,Personal & Car related issue,Not Applicable,Not Applicable,184,Not Applicable,0,,
2024-07-18 11:21:00,CNR6667475499,Success,CID930475,eBike,Shantinagar,Rajajinagar,294.0,135.0,Not Applicable,Not Applicable,No,Not Applicable,327,UPI,1,4.3,4.8
2024-07-09 21:32:00,CNR3816561337,Canceled by Customer,CID958897,eBike,Kengeri,MG Road,,,Driver is not moving towards pickup location,Not Applicable,Not Applicable,Not Applicable,192,Not Applicable,0,,
2024-07-23 03:01:00,CNR1137931551,Success,CID550754,eBike,Koramangala,Chickpet,252.0,30.0,Not Applicable,Not Applicable,No,Not Applicable,171,UPI,5,4.3,4.2
2024-07-18 17:20:00,CNR8003254882,Driver Not Found,CID760180,Auto,Bannerghatta Road,Malleshwaram,,,Not Applicable,Not Applicable,Not Applicable,Not Applicable,254,Not Applicable,0,,
2024-07-27 22:56:00,CNR3564784280,Canceled by Driver,CID313599,Prime SUV,Basavanagudi,Sarjapur Road,,,Not Applicable,Customer related issue,Not Applicable,Not Applicable,770,Not Applicable,0,,
2024-07-26 06:35:00,CNR7298240160,Success,CID506619,eBike,Ramamurthy Nagar,Kengeri,147.0,45.0,Not Applicable,Not Applicable,No,Not Applicable,800,Cash,9,4.4,3.1
2024-07-25 11:49:00,CNR3377326838,Canceled by Customer,CID162134,Prime Plus,Marathahalli,KR Puram,,,Driver asked to cancel,Not Applicable,Not Applicable,Not Applicable,441,Not Applicable,0,,
2024-07-28 05:14:00,CNR4508058837,Driver Not Found,CID188273,Auto,Koramangala,Electronic City,,,Not Applicable,Not Applicable,Not Applicable,Not Applicable,2413,Not Applicable,0,,
2024-07-04 12:13:00,CNR2050210172,Success,CID434164,Prime SUV,Magadi Road,Hebbal,84.0,100.0,Not Applicable,Not Applicable,Yes,Vehicle Breakdown,2921,Debit Card,40,4.9,3.0
2024-07-24 07:26:00,CNR5276968630,Success,CID908990,Prime Plus,Hennur,MG Road,203.0,50.0,Not Applicable,Not Applicable,No,Not Applicable,241,Credit Card,27,3.8,3.5
2024-07-18 18:35:00,CNR9181338047,Success,CID365645,Bike,Yeshwanthpur,Hebbal,105.0,120.0,Not Applicable,Not Applicable,No,Not Applicable,158,Cash,32,3.1,3.3
2024-07-09 11:07:00,CNR1637455366,Canceled by Driver,CID712480,Auto,RT Nagar,Kadugodi,,,Not Applicable,Customer was coughing/sick,Not Applicable,Not Applicable,1063,Not Applicable,0,,
2024-07-01 07:54:00,CNR9966884226,Driver Not Found,CID807970,Mini,Bannerghatta Road,Kadugodi,,,Not Applicable,Not Applicable,Not Applicable,Not Applicable,148,Not Applicable,0,,
2024-07-18 14:35:00,CNR3574408923,Success,CID169587,Auto,Tumkur Road,Ramamurthy Nagar,147.0,80.0,Not Applicable,Not Applicable,No,Not Applicable,246,UPI,8,4.7,3.2
2024-07-14 21:29:00,CNR5599288191,Canceled by Customer,CID642097,Bike,Bannerghatta Road,Shivajinagar,,,Driver is not moving towards pickup location,Not Applicable,Not Applicable,Not Applicable,162,Not Applicable,0,,
2024-07-04 03:57:00,CNR1699225814,Success,CID876179,eBike,Chickpet,Peenya,210.0,135.0,Not Applicable,Not Applicable,No,Not Applicable,991,Cash,43,3.1,4.2
2024-07-08 14:26:00,CNR3129360445,Canceled by Driver,CID677873,Prime Sedan,Yelahanka,Majestic,,,Not Applicable,Customer related issue,Not Applicable,Not Applicable,105,Not Applicable,0,,
2024-07-13 11:10:00,CNR5122005162,Success,CID120540,Auto,Whitefield,Kadugodi,245.0,90.0,Not Applicable,Not Applicable,No,Not Applicable,780,Cash,8,5.0,5.0
2024-07-24 19:48:00,CNR2257563893,Success,CID588951,Mini,Chamarajpet,MG Road,266.0,130.0,Not Applicable,Not Applicable,No,Not Applicable,692,UPI,1,3.7,4.0
2024-07-12 10:32:00,CNR8993712334,Success,CID936085,Bike,Cox Town,RT Nagar,161.0,30.0,Not Applicable,Not Applicable,No,Not Applicable,177,UPI,13,4.2,4.5
2024-07-22 13:21:00,CNR9608272844,Success,CID329480,Prime Plus,Richmond Town,Majestic,280.0,75.0,Not Applicable,Not Applicable,No,Not Applicable,367,Cash,1,3.0,3.9
2024-07-27 16:38:00,CNR8515109815,Canceled by Customer,CID443118,Bike,Malleshwaram,Rajajinagar,,,Driver is not moving towards pickup location,Not Applicable,Not Applicable,Not Applicable,334,Not Applicable,0,,
2024-07-09 08:51:00,CNR7039246707,Success,CID765606,Prime Plus,Varthur,Kengeri,280.0,80.0,Not Applicable,Not Applicable,No,Not Applicable,440,UPI,33,4.1,3.2
2024-07-24 22:53:00,CNR7974688396,Canceled by Customer,CID354299,Bike,Yelahanka,Hosur Road,,,AC is Not working,Not Applicable,Not Applicable,Not Applicable,389,Not Applicable,0,,
2024-07-15 18:30:00,CNR4377536026,Success,CID134893,Prime Plus,Shivajinagar,Frazer Town,308.0,135.0,Not Applicable,Not Applicable,No,Not Applicable,618,Cash,21,5.0,3.9
2024-07-18 00:30:00,CNR6705679170,Success,CID944728,Auto,Hulimavu,Kengeri,238.0,140.0,Not Applicable,Not Applicable,No,Not Applicable,465,Cash,19,3.7,4.6
2024-07-08 09:10:00,CNR9919253393,Success,CID907811,Bike,Chamarajpet,Richmond Town,210.0,130.0,Not Applicable,Not Applicable,No,Not Applicable,238,Cash,41,3.8,3.3
2024-07-01 20:07:00,CNR8617148857,Canceled by Customer,CID872400,Auto,Electronic City,Kammanahalli,,,Change of plans,Not Applicable,Not Applicable,Not Applicable,332,Not Applicable,0,,
2024-07-30 12:16:00,CNR3715422227,Success,CID485621,Prime SUV,Banashankari,Hebbal,168.0,95.0,Not Applicable,Not Applicable,No,Not Applicable,420,Cash,49,5.0,3.9
2024-07-18 12:13:00,CNR5784933800,Canceled by Driver,CID998079,Prime SUV,JP Nagar,Chamarajpet,,,Not Applicable,Personal & Car related issue,Not Applicable,Not Applicable,730,Not Applicable,0,,
2024-07-21 18:17:00,CNR4669433792,Success,CID703139,Prime SUV,Hulimavu,KR Puram,63.0,70.0,Not Applicable,Not Applicable,No,Not Applicable,329,Cash,12,3.3,3.8
2024-07-05 18:59:00,CNR4325507698,Driver Not Found,CID872071,Prime Plus,Banashankari,Whitefield,,,Not Applicable,Not Applicable,Not Applicable,Not Applicable,896,Not Applicable,0,,
2024-07-17 18:22:00,CNR6226595644,Success,CID147128,Bike,Kengeri,Jayanagar,210.0,110.0,Not Applicable,Not Applicable,No,Not Applicable,239,Cash,3,3.4,4.4
2024-07-30 09:49:00,CNR1786065957,Success,CID434307,Bike,Hebbal,BTM Layout,273.0,110.0,Not Applicable,Not Applicable,No,Not Applicable,258,UPI,1,4.5,4.2
2024-07-21 18:22:00,CNR8810634833,Success,CID429816,Prime Sedan,Whitefield,Jayanagar,301.0,105.0,Not Applicable,Not Applicable,No,Not Applicable,198,Cash,43,4.5,3.3
2024-07-21 22:05:00,CNR5842199943,Success,CID391555,Prime Plus,Hosur Road,Indiranagar,280.0,75.0,Not Applicable,Not Applicable,No,Not Applicable,400,Cash,46,3.7,4.4
2024-07-02 04:05:00,CNR6486800539,Canceled by Driver,CID798472,Prime SUV,Banashankari,Shivajinagar,,,Not Applicable,Customer related issue,Not Applicable,Not Applicable,936,Not Applicable,0,,
2024-07-23 05:22:00,CNR9929057210,Success,CID885607,Mini,Devanahalli,Cox Town,42.0,95.0,Not Applicable,Not Applicable,No,Not Applicable,296,UPI,31,4.4,3.5
2024-07-26 13:29:00,CNR4087971261,Success,CID583521,Prime Sedan,Koramangala,Shantinagar,126.0,135.0,Not Applicable,Not Applicable,No,Not Applicable,974,Cash,36,4.5,3.0
2024-07-12 06:16:00,CNR6765428817,Success,CID430903,Bike,MG Road,Magadi Road,105.0,50.0,Not Applicable,Not Applicable,No,Not Applicable,364,Cash,24,4.5,4.4
2024-07-10 03:57:00,CNR5512535765,Canceled by Driver,CID169521,eBike,Banashankari,MG Road,,,Not Applicable,Customer was coughing/sick,Not Applicable,Not Applicable,171,Not Applicable,0,,
2024-07-10 15:41:00,CNR6952289038,Canceled by Driver,CID570563,Mini,Bannerghatta Road,Rajarajeshwari Nagar,,,Not Applicable,Customer related issue,Not Applicable,Not Applicable,674,Not Applicable,0,,
2024-07-09 06:13:00,CNR2984133114,Success,CID748290,Prime Plus,Majestic,Shantinagar,84.0,145.0,Not Applicable,Not Applicable,No,Not Applicable,196,Cash,35,4.6,3.2
2024-07-15 05:10:00,CNR8357342527,Success,CID245871,eBike,Whitefield,Ulsoor,77.0,135.0,Not Applicable,Not Applicable,No,Not Applicable,472,Cash,47,3.4,3.3
2024-07-09 06:39:00,CNR4191553361,Driver Not Found,CID265052,Bike,Kengeri,Vijayanagar,,,Not Applicable,Not Applicable,Not Applicable,Not Applicable,141,Not Applicable,0,,
2024-07-10 19:17:00,CNR1995788457,Canceled by Driver,CID377262,Mini,Langford Town,KR Puram,,,Not Applicable,Personal & Car related issue,Not Applicable,Not Applicable,893,Not Applicable,0,,
2024-07-06 07:59:00,CNR9722767468,Driver Not Found,CID665769,Prime Sedan,Malleshwaram,Koramangala,,,Not Applicable,Not Applicable,Not Applicable,Not Applicable,433,Not Applicable,0,,
2024-07-02 16:09:00,CNR8694381265,Canceled by Customer,CID464870,eBike,Sahakar Nagar,Majestic,,,AC is Not working,Not Applicable,Not Applicable,Not Applicable,167,Not Applicable,0,,
2024-07-04 11:20:00,CNR3322463331,Success,CID608248,Prime Sedan,Shantinagar,Kadugodi,217.0,45.0,Not Applicable,Not Applicable,No,Not Applicable,131,Cash,20,3.9,3.4
2024-07-24 20:42:00,CNR4598720499,Success,CID599899,Mini,Kammanahalli,Cox Town,182.0,60.0,Not Applicable,Not Applicable,Yes,Other Issue,106,UPI,29,5.0,3.8
2024-07-21 08:08:00,CNR2150433380,Success,CID401384,Auto,Banashankari,Richmond Town,259.0,45.0,Not Applicable,Not Applicable,No,Not Applicable,684,Cash,14,4.5,3.1
2024-07-24 12:16:00,CNR2920088491,Canceled by Customer,CID434763,eBike,Banashankari,Shantinagar,,,AC is Not working,Not Applicable,Not Applicable,Not Applicable,202,Not Applicable,0,,
2024-07-06 10:51:00,CNR5786306099,Success,CID521074,Prime Sedan,Devanahalli,Yeshwanthpur,112.0,50.0,Not Applicable,Not Applicable,No,Not Applicable,911,Cash,45,5.0,4.2
2024-07-21 05:25:00,CNR6703649579,Success,CID845776,Auto,Ramamurthy Nagar,Whitefield,259.0,130.0,Not Applicable,Not Applicable,No,Not Applicable,415,UPI,19,3.2,4.6
2024-07-28 14:12:00,CNR9203125547,Driver Not Found,CID170441,Auto,Nagarbhavi,Kengeri,,,Not Applicable,Not Applicable,Not Applicable,Not Applicable,2403,Not Applicable,0,,
2024-07-12 20:44:00,CNR3053713019,Success,CID193703,Prime SUV,Peenya,Malleshwaram,112.0,60.0,Not Applicable,Not Applicable,No,Not Applicable,431,Cash,14,3.8,3.9
2024-07-08 04:46:00,CNR4057090943,Success,CID348699,Prime SUV,Hosur Road,Malleshwaram,119.0,35.0,Not Applicable,Not Applicable,Yes,Other Issue,886,Cash,5,4.1,4.8
2024-07-14 01:49:00,CNR4962521873,Canceled by Driver,CID151082,Prime Sedan,Kadugodi,Chamarajpet,,,Not Applicable,Customer was coughing/sick,Not Applicable,Not Applicable,193,Not Applicable,0,,
2024-07-14 22:16:00,CNR5058908975,Success,CID257864,Prime Plus,Langford Town,Bellandur,245.0,55.0,Not Applicable,Not Applicable,No,Not Applicable,102,UPI,6,4.3,4.3
2024-07-11 11:16:00,CNR9454725533,Success,CID948118,Prime SUV,Chamarajpet,Bellandur,210.0,65.0,Not Applicable,Not Applicable,Yes,Other Issue,295,Cash,15,3.6,4.0
2024-07-06 15:34:00,CNR1255853200,Canceled by Customer,CID360532,Auto,Hulimavu,Hennur,,,Driver asked to cancel,Not Applicable,Not Applicable,Not Applicable,128,Not Applicable,0,,
2024-07-12 07:08:00,CNR7520309167,Success,CID582479,Mini,Varthur,Indiranagar,308.0,45.0,Not Applicable,Not Applicable,No,Not Applicable,136,UPI,29,4.9,4.3
2024-07-18 23:25:00,CNR1776788162,Success,CID226514,Prime Plus,Marathahalli,Bellandur,133.0,80.0,Not Applicable,Not Applicable,No,Not Applicable,264,Cash,9,4.9,3.1
2024-07-12 19:35:00,CNR9718726212,Success,CID901072,Bike,Ramamurthy Nagar,Varthur,259.0,60.0,Not Applicable,Not Applicable,No,Not Applicable,349,UPI,49,4.9,3.4
2024-07-29 23:44:00,CNR3935235492,Success,CID451953,Prime Sedan,Hosur Road,Kadugodi,252.0,25.0,Not Applicable,Not Applicable,No,Not Applicable,400,UPI,19,4.7,4.6
2024-07-06 04:25:00,CNR5774469569,Success,CID654711,eBike,JP Nagar,Vijayanagar,259.0,60.0,Not Applicable,Not Applicable,No,Not Applicable,489,Cash,25,3.6,3.1
2024-07-29 16:38:00,CNR8278409723,Driver Not Found,CID392431,Auto,Vijayanagar,Koramangala,,,Not Applicable,Not Applicable,Not Applicable,Not Applicable,103,Not Applicable,0,,
2024-07-27 07:22:00,CNR7918260713,Canceled by Customer,CID651548,Auto,Langford Town,Sahakar Nagar,,,Change of plans,Not Applicable,Not Applicable,Not Applicable,647,Not Applicable,0,,
2024-07-15 12:46:00,CNR3754191079,Success,CID565889,Prime SUV,Kadugodi,Hebbal,84.0,140.0,Not Applicable,Not Applicable,No,Not Applicable,2730,Cash,42,4.5,3.9
2024-07-27 12:00:00,CNR9081040859,Success,CID394316,Prime SUV,Shantinagar,Richmond Town,287.0,40.0,Not Applicable,Not Applicable,No,Not Applicable,118,Cash,31,3.4,3.5
2024-07-10 14:05:00,CNR5528474596,Success,CID713702,Prime Plus,Magadi Road,Hulimavu,203.0,50.0,Not Applicable,Not Applicable,No,Not Applicable,642,Cash,20,4.9,4.1
2024-07-16 09:55:00,CNR2700446670,Canceled by Driver,CID925011,Prime Plus,Richmond Town,MG Road,,,Not Applicable,Customer related issue,Not Applicable,Not Applicable,374,Not Applicable,0,,
2024-07-08 08:16:00,CNR7076130303,Driver Not Found,CID808573,Prime SUV,Majestic,Mysore Road,,,Not Applicable,Not Applicable,Not Applicable,Not Applicable,122,Not Applicable,0,,
2024-07-15 03:33:00,CNR7758004784,Driver Not Found,CID827146,Prime SUV,BTM Layout,Hosur Road,,,Not Applicable,Not Applicable,Not Applicable,Not Applicable,468,Not Applicable,0,,
2024-07-24 22:01:00,CNR6862638763,Canceled by Customer,CID208691,Prime Plus,Hebbal,Marathahalli,,,AC is Not working,Not Applicable,Not Applicable,Not Applicable,289,Not Applicable,0,,
2024-07-17 21:00:00,CNR2889822315,Driver Not Found,CID275258,eBike,Bellandur,Shantinagar,,,Not Applicable,Not Applicable,Not Applicable,Not Applicable,2934,Not Applicable,0,,
2024-07-29 18:19:00,CNR3392036827,Driver Not Found,CID626907,Prime Plus,Frazer Town,Devanahalli,,,Not Applicable,Not Applicable,Not Applicable,Not Applicable,1312,Not Applicable,0,,
2024-07-18 19:02:00,CNR1000612160,Success,CID677211,Prime SUV,Mysore Road,Varthur,42.0,120.0,Not Applicable,Not Applicable,No,Not Applicable,240,Cash,24,4.0,3.2
2024-07-19 17:53:00,CNR2215509805,Canceled by Driver,CID656621,Mini,Basavanagudi,Bannerghatta Road,,,Not Applicable,Customer was coughing/sick,Not Applicable,Not Applicable,277,Not Applicable,0,,
2024-07-25 14:02:00,CNR3664425124,Canceled by Driver,CID676436,Mini,Kammanahalli,Hosur Road,,,Not Applicable,Customer was coughing/sick,Not Applicable,Not Applicable,2854,Not Applicable,0,,
2024-07-29 18:33:00,CNR9755189003,Success,CID607167,Prime Plus,KR Puram,Electronic City,91.0,30.0,Not Applicable,Not Applicable,No,Not Applicable,222,Cash,26,4.9,3.5
2024-07-21 07:45:00,CNR7346546539,Success,CID570298,Prime Sedan,Ulsoor,Magadi Road,189.0,35.0,Not Applicable,Not Applicable,No,Not Applicable,538,Cash,8,3.5,4.3
2024-07-14 21:38:00,CNR7199683643,Driver Not Found,CID229638,Prime SUV,Mysore Road,Rajarajeshwari Nagar,,,Not Applicable,Not Applicable,Not Applicable,Not Applicable,197,Not Applicable,0,,
2024-07-08 17:52:00,CNR9917046111,Canceled by Driver,CID526356,eBike,Whitefield,Bannerghatta Road,,,Not Applicable,Customer related issue,Not Applicable,Not Applicable,1228,Not Applicable,0,,
2024-07-25 04:21:00,CNR8070665441,Success,CID672366,Mini,KR Puram,Shivajinagar,168.0,55.0,Not Applicable,Not Applicable,Yes,Customer Demand,509,UPI,2,4.2,4.1
2024-07-12 11:09:00,CNR4264213482,Success,CID863713,Prime Sedan,Banashankari,Majestic,210.0,35.0,Not Applicable,Not Applicable,No,Not Applicable,440,UPI,47,4.9,3.6
2024-07-09 09:22:00,CNR9099540554,Canceled by Customer,CID431421,eBike,Whitefield,Peenya,,,AC is Not working,Not Applicable,Not Applicable,Not Applicable,115,Not Applicable,0,,
2024-07-08 01:17:00,CNR6680080555,Success,CID732433,Prime Sedan,Banashankari,Shantinagar,231.0,35.0,Not Applicable,Not Applicable,No,Not Applicable,218,UPI,10,4.8,4.7
2024-07-17 17:56:00,CNR4504531816,Success,CID475535,Bike,Richmond Town,Chamarajpet,252.0,95.0,Not Applicable,Not Applicable,No,Not Applicable,750,Cash,10,4.0,3.8
2024-07-19 10:47:00,CNR9633072187,Success,CID590212,eBike,Jayanagar,Majestic,161.0,125.0,Not Applicable,Not Applicable,No,Not Applicable,535,Cash,4,4.8,3.3
2024-07-11 07:02:00,CNR4906305779,Success,CID228887,Bike,Sarjapur Road,KR Puram,133.0,105.0,Not Applicable,Not Applicable,No,Not Applicable,278,Cash,49,4.5,4.5
2024-07-23 15:34:00,CNR1744603940,Success,CID119642,Auto,RT Nagar,Vijayanagar,259.0,85.0,Not Applicable,Not Applicable,No,Not Applicable,537,Cash,12,3.1,4.7
2024-07-29 18:46:00,CNR9707094899,Driver Not Found,CID925925,Auto,Langford Town,Banashankari,,,Not Applicable,Not Applicable,Not Applicable,Not Applicable,812,Not Applicable,0,,
2024-07-13 09:27:00,CNR3687271140,Canceled by Driver,CID496569,Prime SUV,Indiranagar,Basavanagudi,,,Not Applicable,Customer related issue,Not Applicable,Not Applicable,1738,Not Applicable,0,,
2024-07-07 18:40:00,CNR3514737924,Success,CID978570,eBike,Malleshwaram,Richmond Town,49.0,140.0,Not Applicable,Not Applicable,Yes,Vehicle Breakdown,249,UPI,21,3.3,4.5
2024-07-12 04:13:00,CNR1266854400,Success,CID147338,eBike,Hennur,Hennur,217.0,100.0,Not Applicable,Not Applicable,No,Not Applicable,164,Cash,44,4.1,3.5
2024-07-11 15:29:00,CNR3317374525,Canceled by Driver,CID972834,Prime SUV,Tumkur Road,Malleshwaram,,,Not Applicable,Personal & Car related issue,Not Applicable,Not Applicable,188,Not Applicable,0,,
2024-07-03 04:23:00,CNR1180778722,Success,CID429643,eBike,Koramangala,Bannerghatta Road,266.0,90.0,Not Applicable,Not Applicable,No,Not Applicable,342,Cash,30,3.6,3.9
2024-07-11 15:44:00,CNR8210781937,Canceled by Driver,CID394088,Prime Plus,Richmond Town,Malleshwaram,,,Not Applicable,More than permitted people in there,Not Applicable,Not Applicable,286,Not Applicable,0,,
2024-07-15 08:13:00,CNR4091845006,Success,CID720427,Prime Plus,Electronic City,Sahakar Nagar,70.0,100.0,Not Applicable,Not Applicable,No,Not Applicable,313,Cash,30,4.4,4.0
2024-07-19 12:57:00,CNR5319328167,Success,CID824651,Prime Sedan,Shantinagar,Majestic,105.0,125.0,Not Applicable,Not Applicable,No,Not Applicable,314,Cash,47,4.9,3.9
2024-07-07 09:29:00,CNR7806144381,Success,CID803805,Bike,Vijayanagar,Yelahanka,182.0,110.0,Not Applicable,Not Applicable,No,Not Applicable,136,Cash,38,3.4,4.7
2024-07-03 15:13:00,CNR1778902924,Success,CID919714,Bike,JP Nagar,HSR Layout,273.0,120.0,Not Applicable,Not Applicable,Yes,Customer Demand,306,Debit Card,32,3.9,3.8
2024-07-03 16:58:00,CNR1581939208,Success,CID236099,Bike,Kadugodi,Ramamurthy Nagar,154.0,35.0,Not Applicable,Not Applicable,No,Not Applicable,246,UPI,47,3.4,4.2
2024-07-30 11:22:00,CNR1181898972,Success,CID550888,Prime Plus,JP Nagar,Electronic City,105.0,125.0,Not Applicable,Not Applicable,No,Not Applicable,692,UPI,42,3.0,5.0
2024-07-21 22:08:00,CNR2903172473,Success,CID935861,eBike,Vijayanagar,Bannerghatta Road,168.0,70.0,Not Applicable,Not Applicable,No,Not Applicable,459,UPI,14,3.9,4.1
2024-07-12 10:49:00,CNR8918665096,Canceled by Driver,CID494031,Mini,Marathahalli,Hennur,,,Not Applicable,Customer was coughing/sick,Not Applicable,Not Applicable,362,Not Applicable,0,,
2024-07-06 16:22:00,CNR4700851846,Success,CID719081,eBike,Bellandur,Basavanagudi,287.0,70.0,Not Applicable,Not Applicable,No,Not Applicable,354,Credit Card,22,3.4,3.1
2024-07-25 19:04:00,CNR5036729070,Driver Not Found,CID511461,Prime SUV,JP Nagar,JP Nagar,,,Not Applicable,Not Applicable,Not Applicable,Not Applicable,194,Not Applicable,0,,
2024-07-22 06:44:00,CNR7723100423,Canceled by Driver,CID478048,Bike,Vijayanagar,Yelahanka,,,Not Applicable,Customer related issue,Not Applicable,Not Applicable,219,Not Applicable,0,,
2024-07-03 08:01:00,CNR5663071273,Canceled by Driver,CID792710,Mini,RT Nagar,Langford Town,,,Not Applicable,Customer related issue,Not Applicable,Not Applicable,232,Not Applicable,0,,
2024-07-13 15:49:00,CNR6498270234,Driver Not Found,CID699865,Auto,Malleshwaram,Majestic,,,Not Applicable,Not Applicable,Not Applicable,Not Applicable,356,Not Applicable,0,,
2024-07-10 07:38:00,CNR9703151919,Canceled by Driver,CID309604,eBike,Chickpet,Magadi Road,,,Not Applicable,Customer related issue,Not Applicable,Not Applicable,1898,Not Applicable,0,,
2024-07-23 17:47:00,CNR2914508861,Driver Not Found,CID194041,Auto,Varthur,Marathahalli,,,Not Applicable,Not Applicable,Not Applicable,Not Applicable,197,Not Applicable,0,,
2024-07-11 14:28:00,CNR8883830299,Success,CID327749,Bike,Marathahalli,Hennur,231.0,40.0,Not Applicable,Not Applicable,No,Not Applicable,237,Cash,45,3.9,4.4
2024-07-10 04:24:00,CNR3012688851,Success,CID550310,eBike,KR Puram,Rajajinagar,84.0,40.0,Not Applicable,Not Applicable,No,Not Applicable,432,UPI,37,3.4,4.4
2024-07-06 02:26:00,CNR7626824139,Canceled by Driver,CID226673,Auto,Jayanagar,Yelahanka,,,Not Applicable,Customer related issue,Not Applicable,Not Applicable,215,Not Applicable,0,,
2024-07-09 04:57:00,CNR5082849161,Success,CID115118,eBike,Ramamurthy Nagar,Bellandur,56.0,90.0,Not Applicable,Not Applicable,Yes,Vehicle Breakdown,983,UPI,11,4.9,4.8
2024-07-01 14:30:00,CNR2396538468,Success,CID249021,Auto,Vijayanagar,BTM Layout,175.0,135.0,Not Applicable,Not Applicable,No,Not Applicable,757,Cash,12,4.3,3.3
2024-07-19 03:00:00,CNR7094027184,Success,CID670408,Bike,Langford Town,Peenya,273.0,145.0,Not Applicable,Not Applicable,No,Not Applicable,492,Cash,6,3.0,3.2
2024-07-20 09:57:00,CNR3774320165,Success,CID588494,eBike,Yeshwanthpur,Basavanagudi,161.0,25.0,Not Applicable,Not Applicable,No,Not Applicable,2651,Cash,26,4.2,4.1
2024-07-26 08:46:00,CNR3913007228,Success,CID752420,eBike,Ulsoor,Ramamurthy Nagar,238.0,70.0,Not Applicable,Not Applicable,No,Not Applicable,401,UPI,35,4.2,3.2
2024-07-09 13:31:00,CNR2349169339,Success,CID734937,Bike,Langford Town,Marathahalli,210.0,130.0,Not Applicable,Not Applicable,No,Not Applicable,891,UPI,16,4.8,3.3
2024-07-07 02:39:00,CNR4565746862,Success,CID334865,Bike,Chamarajpet,Richmond Town,119.0,60.0,Not Applicable,Not Applicable,No,Not Applicable,425,Cash,25,3.2,4.7
2024-07-02 18:47:00,CNR3653007756,Success,CID678510,Bike,Magadi Road,Hennur,140.0,135.0,Not Applicable,Not Applicable,No,Not Applicable,343,UPI,46,4.8,3.1
2024-07-01 11:19:00,CNR7458429936,Canceled by Driver,CID834022,Auto,MG Road,Kammanahalli,,,Not Applicable,Personal & Car related issue,Not Applicable,Not Applicable,2124,Not Applicable,0,,
2024-07-02 08:03:00,CNR8590201993,Success,CID163150,eBike,Basavanagudi,Nagarbhavi,35.0,95.0,Not Applicable,Not Applicable,No,Not Applicable,270,UPI,39,4.7,3.3
2024-07-16 01:15:00,CNR9821437400,Success,CID123950,Auto,Indiranagar,Whitefield,259.0,55.0,Not Applicable,Not Applicable,No,Not Applicable,100,UPI,13,3.4,3.6
2024-07-11 16:57:00,CNR4286147773,Success,CID749612,eBike,Hebbal,Shantinagar,168.0,140.0,Not Applicable,Not Applicable,No,Not Applicable,434,UPI,23,4.5,4.0
2024-07-30 03:59:00,CNR9702585228,Success,CID715785,Prime Sedan,Peenya,Rajarajeshwari Nagar,231.0,45.0,Not Applicable,Not Applicable,No,Not Applicable,336,Cash,6,4.8,3.0
2024-07-20 21:44:00,CNR8959472965,Success,CID728330,Mini,Devanahalli,Padmanabhanagar,182.0,105.0,Not Applicable,Not Applicable,No,Not Applicable,458,UPI,5,3.2,4.2
2024-07-19 20:58:00,CNR7970769303,Canceled by Driver,CID554062,eBike,Basavanagudi,BTM Layout,,,Not Applicable,Customer related issue,Not Applicable,Not Applicable,763,Not Applicable,0,,
2024-07-21 20:02:00,CNR6662340771,Canceled by Driver,CID805979,eBike,Electronic City,Hosur Road,,,Not Applicable,Personal & Car related issue,Not Applicable,Not Applicable,2813,Not Applicable,0,,
2024-07-25 19:37:00,CNR5844476934,Success,CID426845,Prime Plus,Sarjapur Road,BTM Layout,35.0,140.0,Not Applicable,Not Applicable,Yes,Vehicle Breakdown,400,Cash,23,3.6,4.9
2024-07-03 23:02:00,CNR6906508540,Success,CID212064,Bike,Tumkur Road,Hebbal,126.0,90.0,Not Applicable,Not Applicable,No,Not Applicable,329,UPI,40,4.8,4.0
2024-07-17 00:03:00,CNR9503537392,Success,CID823312,Mini,Yeshwanthpur,Kadugodi,42.0,125.0,Not Applicable,Not Applicable,No,Not Applicable,453,Cash,6,4.6,3.1
2024-07-27 00:22:00,CNR1276211171,Success,CID956099,Prime Sedan,Padmanabhanagar,Majestic,91.0,55.0,Not Applicable,Not Applicable,No,Not Applicable,2624,Cash,9,3.7,4.9
2024-07-22 23:57:00,CNR5811576042,Success,CID359308,Mini,Peenya,Richmond Town,168.0,130.0,Not Applicable,Not Applicable,No,Not Applicable,565,Cash,13,4.1,4.0
2024-07-29 09:09:00,CNR3391237204,Success,CID871063,Prime Sedan,Malleshwaram,Rajajinagar,308.0,95.0,Not Applicable,Not Applicable,No,Not Applicable,223,Credit Card,15,4.2,3.5
2024-07-24 22:55:00,CNR5990547900,Success,CID874274,eBike,Chamarajpet,Mysore Road,259.0,120.0,Not Applicable,Not Applicable,No,Not Applicable,911,Credit Card,37,4.1,3.4
2024-07-27 03:02:00,CNR4009630926,Success,CID187782,Prime Plus,Vijayanagar,Hebbal,238.0,110.0,Not Applicable,Not Applicable,No,Not Applicable,479,Cash,43,3.8,4.1
2024-07-04 19:20:00,CNR6057652086,Success,CID890132,eBike,Bellandur,Padmanabhanagar,294.0,145.0,Not Applicable,Not Applicable,Yes,Customer Demand,680,Cash,16,4.4,3.5
2024-07-25 04:44:00,CNR9311370250,Canceled by Customer,CID564574,Auto,Kengeri,Sahakar Nagar,,,Driver is not moving towards pickup location,Not Applicable,Not Applicable,Not Applicable,673,Not Applicable,0,,
2024-07-14 21:50:00,CNR2403464889,Success,CID496371,Bike,HSR Layout,Ulsoor,56.0,70.0,Not Applicable,Not Applicable,Yes,Customer Demand,407,Cash,41,3.9,4.1
2024-07-22 11:22:00,CNR5454208988,Canceled by Driver,CID775202,Prime Plus,Yelahanka,Sahakar Nagar,,,Not Applicable,Personal & Car related issue,Not Applicable,Not Applicable,409,Not Applicable,0,,
2024-07-28 07:46:00,CNR8302667732,Canceled by Customer,CID611912,Mini,Tumkur Road,MG Road,,,Driver is not moving towards pickup location,Not Applicable,Not Applicable,Not Applicable,928,Not Applicable,0,,
2024-07-08 00:19:00,CNR5043406554,Canceled by Customer,CID179069,Prime SUV,Bannerghatta Road,Ramamurthy Nagar,,,Driver is not moving towards pickup location,Not Applicable,Not Applicable,Not Applicable,168,Not Applicable,0,,
2024-07-02 00:32:00,CNR3417148297,Success,CID145678,eBike,Majestic,Sahakar Nagar,175.0,115.0,Not Applicable,Not Applicable,No,Not Applicable,622,UPI,17,3.2,4.9
2024-07-13 12:38:00,CNR5747767831,Success,CID257390,Bike,Tumkur Road,JP Nagar,266.0,85.0,Not Applicable,Not Applicable,No,Not Applicable,387,Credit Card,7,3.5,3.8
2024-07-20 10:54:00,CNR2776813996,Success,CID773343,Prime Sedan,Majestic,Hebbal,273.0,70.0,Not Applicable,Not Applicable,No,Not Applicable,419,Cash,6,3.9,4.0
2024-07-30 13:36:00,CNR4623888914,Success,CID886464,Prime SUV,Peenya,Frazer Town,49.0,60.0,Not Applicable,Not Applicable,No,Not Applicable,351,Cash,44,3.2,4.2
2024-07-25 09:58:00,CNR4184561131,Success,CID426023,Prime Sedan,Chickpet,Varthur,203.0,125.0,Not Applicable,Not Applicable,No,Not Applicable,774,Cash,37,4.2,4.0
2024-07-19 08:10:00,CNR5147015922,Success,CID582985,Prime Sedan,Frazer Town,Basavanagudi,273.0,110.0,Not Applicable,Not Applicable,No,Not Applicable,434,UPI,21,4.6,4.7
2024-07-12 04:38:00,CNR3757572606,Canceled by Customer,CID223572,Bike,Varthur,Ulsoor,,,Driver is not moving towards pickup location,Not Applicable,Not Applicable,Not Applicable,241,Not Applicable,0,,
2024-07-26 11:23:00,CNR9717459484,Success,CID761648,Prime SUV,Hulimavu,JP Nagar,147.0,115.0,Not Applicable,Not Applicable,No,Not Applicable,367,Cash,17,4.1,3.6
2024-07-14 07:42:00,CNR2941451576,Success,CID546074,eBike,Kadugodi,Bannerghatta Road,84.0,50.0,Not Applicable,Not Applicable,No,Not Applicable,2594,Cash,49,4.1,3.9
2024-07-29 00:29:00,CNR2092989915,Success,CID727879,Bike,Malleshwaram,Mysore Road,259.0,70.0,Not Applicable,Not Applicable,No,Not Applicable,2168,Cash,26,3.0,3.8
2024-07-20 13:41:00,CNR7511655366,Success,CID108122,Auto,Vijayanagar,Shivajinagar,154.0,75.0,Not Applicable,Not Applicable,No,Not Applicable,333,UPI,9,3.8,3.6
2024-07-27 06:10:00,CNR9498795766,Canceled by Driver,CID187560,Mini,Peenya,Indiranagar,,,Not Applicable,More than permitted people in there,Not Applicable,Not Applicable,1065,Not Applicable,0,,
2024-07-16 05:41:00,CNR4917518987,Success,CID428893,Auto,Rajarajeshwari Nagar,Devanahalli,49.0,80.0,Not Applicable,Not Applicable,No,Not Applicable,464,UPI,6,4.5,4.6
2024-07-28 21:20:00,CNR9205738870,Success,CID481565,Bike,Marathahalli,Ulsoor,224.0,50.0,Not Applicable,Not Applicable,No,Not Applicable,797,UPI,4,4.0,3.4
2024-07-22 09:31:00,CNR5795408161,Success,CID378714,Prime Plus,Bannerghatta Road,Peenya,189.0,85.0,Not Applicable,Not Applicable,No,Not Applicable,2860,UPI,31,3.7,3.8
2024-07-02 03:24:00,CNR8827449571,Canceled by Driver,CID299250,Prime Plus,Yeshwanthpur,HSR Layout,,,Not Applicable,Customer was coughing/sick,Not Applicable,Not Applicable,949,Not Applicable,0,,
2024-07-01 08:04:00,CNR2603572232,Canceled by Customer,CID119999,Prime SUV,JP Nagar,Hulimavu,,,Change of plans,Not Applicable,Not Applicable,Not Applicable,219,Not Applicable,0,,
2024-07-02 04:30:00,CNR9176933899,Driver Not Found,CID210731,Mini,Kammanahalli,Mysore Road,,,Not Applicable,Not Applicable,Not Applicable,Not Applicable,748,Not Applicable,0,,
2024-07-07 22:57:00,CNR1568264211,Canceled by Driver,CID682150,eBike,Devanahalli,Electronic City,,,Not Applicable,Customer was coughing/sick,Not Applicable,Not Applicable,133,Not Applicable,0,,
2024-07-05 22:50:00,CNR1229362212,Success,CID114100,Bike,Bannerghatta Road,Whitefield,91.0,115.0,Not Applicable,Not Applicable,Yes,Vehicle Breakdown,828,Cash,11,3.1,4.8
2024-07-01 21:18:00,CNR4658248139,Canceled by Driver,CID886469,eBike,Sahakar Nagar,Varthur,,,Not Applicable,Customer related issue,Not Applicable,Not Applicable,258,Not Applicable,0,,
2024-07-13 21:04:00,CNR2523498510,Driver Not Found,CID463148,Bike,Hennur,Mysore Road,,,Not Applicable,Not Applicable,Not Applicable,Not Applicable,696,Not Applicable,0,,
2024-07-01 11:44:00,CNR5887072904,Canceled by Customer,CID446347,Auto,Richmond Town,Magadi Road,,,Change of plans,Not Applicable,Not Applicable,Not Applicable,371,Not Applicable,0,,
2024-07-29 11:39:00,CNR2408740838,Success,CID926231,Prime Plus,Padmanabhanagar,Ramamurthy Nagar,63.0,130.0,Not Applicable,Not Applicable,No,Not Applicable,218,Cash,41,4.3,5.0
2024-07-23 05:04:00,CNR3404133642,Success,CID464907,Prime Sedan,Kadugodi,Mysore Road,196.0,120.0,Not Applicable,Not Applicable,No,Not Applicable,670,Cash,7,4.5,3.9
2024-07-24 18:40:00,CNR9944367416,Success,CID122668,Prime SUV,Kengeri,Peenya,147.0,145.0,Not Applicable,Not Applicable,No,Not Applicable,269,Cash,2,3.7,4.7
2024-07-08 00:43:00,CNR6554800976,Driver Not Found,CID934074,Prime Plus,Rajarajeshwari Nagar,Peenya,,,Not Applicable,Not Applicable,Not Applicable,Not Applicable,446,Not Applicable,0,,
2024-07-07 20:53:00,CNR8817142823,Canceled by Driver,CID890191,Prime SUV,Nagarbhavi,JP Nagar,,,Not Applicable,More than permitted people in there,Not Applicable,Not Applicable,227,Not Applicable,0,,
2024-07-17 07:58:00,CNR2305337598,Canceled by Driver,CID784354,Bike,Majestic,Kadugodi,,,Not Applicable,Personal & Car related issue,Not Applicable,Not Applicable,352,Not Applicable,0,,
2024-07-24 13:10:00,CNR5631274916,Canceled by Driver,CID369349,Mini,Peenya,Kammanahalli,,,Not Applicable,Personal & Car related issue,Not Applicable,Not Applicable,426,Not Applicable,0,,
2024-07-14 13:16:00,CNR1734283261,Success,CID455961,Prime Plus,Ramamurthy Nagar,Banashankari,154.0,135.0,Not Applicable,Not Applicable,No,Not Applicable,317,UPI,36,3.5,3.2
2024-07-20 10:15:00,CNR7977355369,Canceled by Customer,CID568302,Prime Plus,Koramangala,Kammanahalli,,,AC is Not working,Not Applicable,Not Applicable,Not Applicable,275,Not Applicable,0,,
2024-07-22 02:33:00,CNR1972893519,Success,CID514907,Prime SUV,Chickpet,HSR Layout,217.0,35.0,Not Applicable,Not Applicable,No,Not Applicable,135,Cash,43,3.1,4.6
2024-07-09 19:27:00,CNR6167077802,Success,CID115274,Auto,Nagarbhavi,Whitefield,231.0,100.0,Not Applicable,Not Applicable,No,Not Applicable,270,Cash,2,3.4,4.5
2024-07-16 12:10:00,CNR7774832874,Canceled by Customer,CID200225,Prime Plus,Yeshwanthpur,Ulsoor,,,Driver is not moving towards pickup location,Not Applicable,Not Applicable,Not Applicable,1566,Not Applicable,0,,
2024-07-15 15:57:00,CNR7061832587,Canceled by Customer,CID375000,Prime SUV,Chickpet,Ulsoor,,,Driver asked to cancel,Not Applicable,Not Applicable,Not Applicable,402,Not Applicable,0,,
2024-07-15 13:03:00,CNR9103821406,Success,CID940445,Mini,HSR Layout,Majestic,147.0,35.0,Not Applicable,Not Applicable,No,Not Applicable,468,Cash,46,4.8,3.3
2024-07-26 15:18:00,CNR9525923821,Canceled by Driver,CID432817,Mini,Shantinagar,Malleshwaram,,,Not Applicable,Customer related issue,Not Applicable,Not Applicable,141,Not Applicable,0,,
2024-07-01 12:13:00,CNR8237499503,Driver Not Found,CID561185,Prime Sedan,Rajajinagar,Bannerghatta Road,,,Not Applicable,Not Applicable,Not Applicable,Not Applicable,411,Not Applicable,0,,
2024-07-10 18:02:00,CNR4235746207,Canceled by Driver,CID157476,Prime Sedan,Electronic City,Shantinagar,,,Not Applicable,Customer related issue,Not Applicable,Not Applicable,441,Not Applicable,0,,
2024-07-18 17:46:00,CNR2936592580,Driver Not Found,CID269856,Auto,Banashankari,Jayanagar,,,Not Applicable,Not Applicable,Not Applicable,Not Applicable,757,Not Applicable,0,,
2024-07-30 11:15:00,CNR6649665317,Success,CID309231,Auto,Hebbal,Tumkur Road,217.0,100.0,Not Applicable,Not Applicable,No,Not Applicable,206,Cash,2,3.3,3.2
2024-07-05 04:42:00,CNR4468389132,Success,CID266093,Bike,Vijayanagar,Richmond Town,112.0,75.0,Not Applicable,Not Applicable,No,Not Applicable,929,UPI,12,4.5,4.1
2024-07-22 19:05:00,CNR5867488436,Success,CID713289,Prime Plus,Hosur Road,Langford Town,238.0,125.0,Not Applicable,Not Applicable,No,Not Applicable,453,Cash,15,5.0,4.2
2024-07-12 09:03:00,CNR2715846705,Success,CID397261,eBike,Magadi Road,Chickpet,266.0,135.0,Not Applicable,Not Applicable,No,Not Applicable,349,Cash,37,4.1,4.6
2024-07-09 00:47:00,CNR3533014194,Success,CID656798,Prime SUV,Cox Town,Kengeri,77.0,120.0,Not Applicable,Not Applicable,No,Not Applicable,276,UPI,39,3.2,3.2
2024-07-02 20:17:00,CNR6580648034,Success,CID884176,Prime Plus,Frazer Town,Hennur,84.0,130.0,Not Applicable,Not Applicable,No,Not Applicable,308,Cash,6,3.2,3.1
2024-07-11 04:17:00,CNR8283751904,Driver Not Found,CID140853,Bike,Tumkur Road,RT Nagar,,,Not Applicable,Not Applicable,Not Applicable,Not Applicable,453,Not Applicable,0,,
2024-07-18 06:56:00,CNR6383548571,Canceled by Driver,CID500707,Auto,Hulimavu,BTM Layout,,,Not Applicable,Customer related issue,Not Applicable,Not Applicable,433,Not Applicable,0,,
2024-07-23 17:27:00,CNR5112467693,Canceled by Driver,CID761887,Mini,HSR Layout,Rajajinagar,,,Not Applicable,Customer related issue,Not Applicable,Not Applicable,227,Not Applicable,0,,
2024-07-07 09:49:00,CNR4404184014,Canceled by Driver,CID227016,Prime SUV,Richmond Town,Kengeri,,,Not Applicable,Personal & Car related issue,Not Applicable,Not Applicable,494,Not Applicable,0,,
2024-07-16 23:16:00,CNR9221587595,Canceled by Driver,CID808603,Bike,Tumkur Road,Mysore Road,,,Not Applicable,Customer was coughing/sick,Not Applicable,Not Applicable,688,Not Applicable,0,,
2024-07-18 22:42:00,CNR4918655271,Canceled by Driver,CID336364,Prime Sedan,Varthur,Malleshwaram,,,Not Applicable,Customer related issue,Not Applicable,Not Applicable,817,Not Applicable,0,,
2024-07-12 19:41:00,CNR7660409902,Success,CID381239,Mini,Hennur,BTM Layout,56.0,110.0,Not Applicable,Not Applicable,No,Not Applicable,147,UPI,49,3.8,3.2
2024-07-21 00:37:00,CNR2421527369,Canceled by Customer,CID466335,Prime Sedan,Shivajinagar,MG Road,,,Driver is not moving towards pickup location,Not Applicable,Not Applicable,Not Applicable,409,Not Applicable,0,,
2024-07-22 04:32:00,CNR6063014445,Success,CID328810,Prime Plus,Koramangala,JP Nagar,308.0,85.0,Not Applicable,Not Applicable,No,Not Applicable,947,Cash,1,3.3,3.3
2024-07-12 00:33:00,CNR7134790686,Success,CID857467,Prime Plus,Indiranagar,Malleshwaram,119.0,45.0,Not Applicable,Not Applicable,No,Not Applicable,465,Cash,12,4.1,5.0
2024-07-09 09:36:00,CNR4779371263,Success,CID652257,Prime SUV,Indiranagar,JP Nagar,273.0,40.0,Not Applicable,Not Applicable,No,Not Applicable,405,Cash,38,4.4,4.3
2024-07-15 13:34:00,CNR4120887022,Canceled by Customer,CID923411,eBike,BTM Layout,Cox Town,,,Driver is not moving towards pickup location,Not Applicable,Not Applicable,Not Applicable,894,Not Applicable,0,,
2024-07-28 12:53:00,CNR4272635631,Success,CID442406,Prime Plus,Electronic City,Varthur,119.0,50.0,Not Applicable,Not Applicable,No,Not Applicable,625,UPI,33,4.2,3.9
2024-07-08 17:54:00,CNR5136116180,Success,CID219886,Prime Plus,Shivajinagar,Basavanagudi,42.0,85.0,Not Applicable,Not Applicable,No,Not Applicable,1752,Cash,39,4.4,5.0
2024-07-24 10:15:00,CNR8777738589,Canceled by Driver,CID101639,eBike,Basavanagudi,Electronic City,,,Not Applicable,Customer was coughing/sick,Not Applicable,Not Applicable,1960,Not Applicable,0,,
2024-07-30 11:13:00,CNR8501940515,Success,CID620829,eBike,Shantinagar,MG Road,161.0,30.0,Not Applicable,Not Applicable,No,Not Applicable,337,Credit Card,48,3.1,3.3
2024-07-12 06:44:00,CNR7359079389,Canceled by Driver,CID484415,Prime Sedan,Malleshwaram,Vijayanagar,,,Not Applicable,More than permitted people in there,Not Applicable,Not Applicable,504,Not Applicable,0,,
2024-07-04 19:03:00,CNR7577215996,Success,CID277520,Prime Plus,Kammanahalli,Rajarajeshwari Nagar,154.0,130.0,Not Applicable,Not Applicable,No,Not Applicable,404,UPI,32,4.7,4.6
2024-07-14 00:00:00,CNR9003408985,Success,CID951739,Mini,Whitefield,Hosur Road,35.0,115.0,Not Applicable,Not Applicable,No,Not Applicable,656,Cash,3,3.1,4.0
2024-07-24 20:38:00,CNR6632636156,Success,CID968047,Auto,KR Puram,Yeshwanthpur,98.0,60.0,Not Applicable,Not Applicable,Yes,Customer Demand,268,Cash,5,4.7,4.2
2024-07-10 21:46:00,CNR3761482841,Driver Not Found,CID357150,eBike,Rajajinagar,Majestic,,,Not Applicable,Not Applicable,Not Applicable,Not Applicable,372,Not Applicable,0,,
2024-07-18 10:00:00,CNR7103797201,Success,CID560777,Mini,Kammanahalli,Cox Town,210.0,75.0,Not Applicable,Not Applicable,No,Not Applicable,302,Cash,9,3.4,3.4
2024-07-11 21:35:00,CNR8590664041,Canceled by Customer,CID352738,Prime Plus,Basavanagudi,Hosur Road,,,Wrong Address,Not Applicable,Not Applicable,Not Applicable,938,Not Applicable,0,,
2024-07-15 03:36:00,CNR3030452111,Canceled by Driver,CID749639,Prime Plus,Langford Town,Bellandur,,,Not Applicable,Customer related issue,Not Applicable,Not Applicable,224,Not Applicable,0,,
2024-07-07 22:36:00,CNR6422383632,Canceled by Driver,CID610883,Prime Sedan,Langford Town,Electronic City,,,Not Applicable,Customer was coughing/sick,Not Applicable,Not Applicable,318,Not Applicable,0,,
2024-07-24 19:48:00,CNR3233489457,Canceled by Driver,CID537520,Prime SUV,Chamarajpet,Chickpet,,,Not Applicable,Personal & Car related issue,Not Applicable,Not Applicable,2413,Not Applicable,0,,
2024-07-08 23:02:00,CNR7370368188,Driver Not Found,CID984833,Prime SUV,MG Road,Vijayanagar,,,Not Applicable,Not Applicable,Not Applicable,Not Applicable,233,Not Applicable,0,,
2024-07-14 01:15:00,CNR9644167822,Success,CID788216,Auto,Hulimavu,Frazer Town,56.0,65.0,Not Applicable,Not Applicable,No,Not Applicable,213,UPI,11,4.1,3.4
2024-07-22 07:15:00,CNR6444064207,Success,CID193361,Prime Sedan,Nagarbhavi,Padmanabhanagar,42.0,50.0,Not Applicable,Not Applicable,No,Not Applicable,625,Cash,19,4.7,3.7
2024-07-21 06:57:00,CNR9923530146,Success,CID457444,eBike,Marathahalli,Bannerghatta Road,287.0,45.0,Not Applicable,Not Applicable,No,Not Applicable,180,UPI,3,4.7,4.6
2024-07-17 05:57:00,CNR2008888003,Success,CID141886,Mini,Kengeri,Devanahalli,56.0,115.0,Not Applicable,Not Applicable,No,Not Applicable,228,Cash,15,3.0,3.2
2024-07-02 06:35:00,CNR2110823542,Canceled by Driver,CID763290,Bike,Hulimavu,Indiranagar,,,Not Applicable,Customer was coughing/sick,Not Applicable,Not Applicable,176,Not Applicable,0,,
2024-07-11 22:27:00,CNR1237154110,Canceled by Driver,CID864590,Prime Plus,BTM Layout,Sahakar Nagar,,,Not Applicable,Customer was coughing/sick,Not Applicable,Not Applicable,744,Not Applicable,0,,
2024-07-16 20:45:00,CNR1428140856,Canceled by Driver,CID904786,eBike,Shantinagar,Peenya,,,Not Applicable,Customer related issue,Not Applicable,Not Applicable,446,Not Applicable,0,,
2024-07-23 09:13:00,CNR2536201361,Canceled by Customer,CID704416,Mini,Hennur,Hebbal,,,Driver is not moving towards pickup location,Not Applicable,Not Applicable,Not Applicable,110,Not Applicable,0,,
2024-07-18 12:12:00,CNR6332167439,Success,CID734938,Auto,Shivajinagar,Vijayanagar,105.0,115.0,Not Applicable,Not Applicable,No,Not Applicable,153,Cash,5,4.5,3.0
2024-07-30 06:33:00,CNR3962693145,Success,CID153411,eBike,Frazer Town,Rajajinagar,91.0,145.0,Not Applicable,Not Applicable,No,Not Applicable,301,UPI,39,4.2,3.7
2024-07-19 00:11:00,CNR7771346023,Success,CID542658,Auto,Marathahalli,Marathahalli,91.0,130.0,Not Applicable,Not Applicable,No,Not Applicable,453,UPI,7,4.6,3.1
2024-07-13 21:20:00,CNR5240817777,Success,CID518299,eBike,Devanahalli,Devanahalli,49.0,75.0,Not Applicable,Not Applicable,No,Not Applicable,171,UPI,21,3.8,4.5
2024-07-28 08:32:00,CNR9088289987,Success,CID197495,Prime Sedan,Koramangala,Cox Town,105.0,100.0,Not Applicable,Not Applicable,No,Not Applicable,735,Cash,4,3.3,4.1
2024-07-21 02:10:00,CNR6260310068,Success,CID857611,Auto,Marathahalli,Magadi Road,287.0,95.0,Not Applicable,Not Applicable,No,Not Applicable,233,Cash,11,4.4,3.7
2024-07-12 23:37:00,CNR5779820083,Success,CID607080,Bike,Malleshwaram,Tumkur Road,301.0,130.0,Not Applicable,Not Applicable,No,Not Applicable,985,Cash,33,4.9,4.8
2024-07-27 15:05:00,CNR1815493476,Success,CID968324,Bike,Padmanabhanagar,Mysore Road,70.0,65.0,Not Applicable,Not Applicable,No,Not Applicable,372,UPI,49,3.3,4.4
2024-07-21 20:38:00,CNR1927898084,Success,CID577979,Prime Plus,Majestic,Hebbal,287.0,75.0,Not Applicable,Not Applicable,No,Not Applicable,490,Cash,29,4.7,3.6
2024-07-06 06:44:00,CNR3294662877,Driver Not Found,CID941478,Bike,Ulsoor,Frazer Town,,,Not Applicable,Not Applicable,Not Applicable,Not Applicable,666,Not Applicable,0,,
2024-07-12 02:05:00,CNR5698434675,Canceled by Driver,CID953724,Bike,Rajarajeshwari Nagar,Richmond Town,,,Not Applicable,Customer related issue,Not Applicable,Not Applicable,150,Not Applicable,0,,
2024-07-18 05:38:00,CNR7714358692,Canceled by Driver,CID709142,Mini,Ulsoor,Ramamurthy Nagar,,,Not Applicable,Customer related issue,Not Applicable,Not Applicable,430,Not Applicable,0,,
2024-07-24 22:07:00,CNR5659108387,Success,CID299234,Auto,Majestic,Kammanahalli,77.0,75.0,Not Applicable,Not Applicable,No,Not Applicable,418,Cash,14,3.2,4.0
2024-07-19 22:32:00,CNR9058616447,Success,CID895553,Mini,Nagarbhavi,Yeshwanthpur,147.0,100.0,Not Applicable,Not Applicable,No,Not Applicable,1336,UPI,26,4.1,4.6
2024-07-23 19:24:00,CNR4961819347,Success,CID936776,Prime SUV,Rajarajeshwari Nagar,Hosur Road,259.0,75.0,Not Applicable,Not Applicable,No,Not Applicable,444,Cash,11,4.2,3.8
2024-07-05 08:49:00,CNR8507231955,Success,CID926586,Prime Plus,HSR Layout,Chamarajpet,189.0,55.0,Not Applicable,Not Applicable,No,Not Applicable,443,UPI,35,3.8,3.3
2024-07-10 12:03:00,CNR8961412372,Success,CID115208,Mini,Sarjapur Road,Chickpet,287.0,40.0,Not Applicable,Not Applicable,No,Not Applicable,109,Cash,30,4.4,4.5
2024-07-24 20:04:00,CNR5463653991,Success,CID637049,Auto,Rajajinagar,MG Road,49.0,110.0,Not Applicable,Not Applicable,Yes,Vehicle Breakdown,279,Cash,8,4.4,4.0
2024-07-25 07:17:00,CNR3549153731,Canceled by Customer,CID142580,Prime SUV,Marathahalli,Nagarbhavi,,,Wrong Address,Not Applicable,Not Applicable,Not Applicable,842,Not Applicable,0,,
2024-07-24 11:32:00,CNR2643766151,Canceled by Driver,CID570110,Prime SUV,Yelahanka,Basavanagudi,,,Not Applicable,Customer related issue,Not Applicable,Not Applicable,116,Not Applicable,0,,
2024-07-19 15:06:00,CNR2589576052,Success,CID942456,Prime Plus,MG Road,Kengeri,112.0,30.0,Not Applicable,Not Applicable,No,Not Applicable,598,Cash,39,3.9,4.3
2024-07-28 19:00:00,CNR4440498428,Success,CID400782,Bike,Frazer Town,Koramangala,175.0,125.0,Not Applicable,Not Applicable,No,Not Applicable,986,Cash,35,3.1,3.7
2024-07-06 11:55:00,CNR1536943538,Success,CID895664,Prime Sedan,Hebbal,Bannerghatta Road,56.0,135.0,Not Applicable,Not Applicable,No,Not Applicable,770,Cash,14,3.4,3.6
2024-07-01 04:16:00,CNR5761869230,Canceled by Driver,CID824491,Prime Plus,Rajarajeshwari Nagar,Kammanahalli,,,Not Applicable,Customer was coughing/sick,Not Applicable,Not Applicable,482,Not Applicable,0,,
2024-07-23 00:26:00,CNR3975359094,Canceled by Driver,CID121202,Bike,Koramangala,Rajajinagar,,,Not Applicable,Personal & Car related issue,Not Applicable,Not Applicable,2439,Not Applicable,0,,
2024-07-09 04:12:00,CNR9807199982,Success,CID515203,eBike,Basavanagudi,Sarjapur Road,140.0,60.0,Not Applicable,Not Applicable,No,Not Applicable,289,Cash,14,3.7,3.2
2024-07-20 08:17:00,CNR8367123465,Success,CID514327,Prime Plus,Shantinagar,Hennur,280.0,130.0,Not Applicable,Not Applicable,No,Not Applicable,445,Credit Card,25,3.0,5.0
2024-07-13 12:50:00,CNR7586250666,Canceled by Customer,CID108152,eBike,Yeshwanthpur,Koramangala,,,Driver is not moving towards pickup location,Not Applicable,Not Applicable,Not Applicable,371,Not Applicable,0,,
2024-07-18 15:14:00,CNR5453724591,Success,CID706010,Prime SUV,Rajajinagar,Indiranagar,224.0,120.0,Not Applicable,Not Applicable,No,Not Applicable,186,UPI,38,4.8,4.4
2024-07-30 00:40:00,CNR1755074940,Success,CID896370,Prime Sedan,Sarjapur Road,Shantinagar,217.0,75.0,Not Applicable,Not Applicable,No,Not Applicable,2738,Cash,42,3.6,4.3
2024-07-04 23:34:00,CNR1270335871,Success,CID234192,Bike,JP Nagar,Kengeri,147.0,145.0,Not Applicable,Not Applicable,No,Not Applicable,199,Cash,44,4.0,4.9
2024-07-22 10:33:00,CNR1148696624,Success,CID515434,Auto,Magadi Road,Rajarajeshwari Nagar,245.0,40.0,Not Applicable,Not Applicable,No,Not Applicable,199,UPI,16,4.4,4.7
2024-07-30 13:33:00,CNR4244200887,Success,CID669735,Mini,Mysore Road,Basavanagudi,35.0,135.0,Not Applicable,Not Applicable,No,Not Applicable,372,Cash,18,3.6,3.6
2024-07-02 15:52:00,CNR5083388450,Canceled by Driver,CID388374,Mini,Peenya,Devanahalli,,,Not Applicable,Customer was coughing/sick,Not Applicable,Not Applicable,305,Not Applicable,0,,
2024-07-09 06:40:00,CNR9937230493,Success,CID394596,Mini,Banashankari,BTM Layout,70.0,30.0,Not Applicable,Not Applicable,No,Not Applicable,1661,UPI,5,3.3,4.2
2024-07-09 12:49:00,CNR1856807735,Canceled by Driver,CID972346,Prime SUV,Richmond Town,Hennur,,,Not Applicable,Customer related issue,Not Applicable,Not Applicable,339,Not Applicable,0,,
2024-07-21 05:02:00,CNR6195266543,Success,CID233920,Auto,Bannerghatta Road,Hulimavu,224.0,120.0,Not Applicable,Not Applicable,No,Not Applicable,255,UPI,2,4.0,3.9
2024-07-06 08:20:00,CNR8192038793,Success,CID729995,Prime SUV,Hebbal,Marathahalli,154.0,60.0,Not Applicable,Not Applicable,No,Not Applicable,211,UPI,7,4.3,3.7
2024-07-10 23:15:00,CNR7961427831,Success,CID131194,eBike,Shantinagar,Shivajinagar,63.0,110.0,Not Applicable,Not Applicable,No,Not Applicable,110,UPI,25,3.9,4.9
2024-07-10 04:14:00,CNR4621971281,Driver Not Found,CID436606,Mini,RT Nagar,Frazer Town,,,Not Applicable,Not Applicable,Not Applicable,Not Applicable,373,Not Applicable,0,,
2024-07-18 14:42:00,CNR5100331639,Canceled by Customer,CID163352,Prime SUV,Tumkur Road,Rajarajeshwari Nagar,,,Change of plans,Not Applicable,Not Applicable,Not Applicable,205,Not Applicable,0,,
2024-07-30 22:32:00,CNR2115650272,Driver Not Found,CID187193,Auto,Yelahanka,KR Puram,,,Not Applicable,Not Applicable,Not Applicable,Not Applicable,767,Not Applicable,0,,
2024-07-16 17:31:00,CNR4878137568,Success,CID617371,Prime SUV,Mysore Road,Hebbal,224.0,30.0,Not Applicable,Not Applicable,No,Not Applicable,246,Cash,3,4.6,4.7
2024-07-02 21:19:00,CNR4937375761,Canceled by Driver,CID824067,Prime SUV,Kengeri,Indiranagar,,,Not Applicable,Personal & Car related issue,Not Applicable,Not Applicable,117,Not Applicable,0,,
2024-07-06 07:49:00,CNR7820351139,Success,CID686698,Mini,Majestic,Rajarajeshwari Nagar,308.0,45.0,Not Applicable,Not Applicable,No,Not Applicable,149,Cash,29,3.5,4.9
2024-07-07 23:49:00,CNR7376748025,Success,CID614963,Prime Sedan,Mysore Road,Shivajinagar,280.0,110.0,Not Applicable,Not Applicable,No,Not Applicable,343,Cash,27,4.3,4.2
2024-07-27 03:03:00,CNR7891293169,Canceled by Driver,CID622208,Mini,Bannerghatta Road,Richmond Town,,,Not Applicable,Customer was coughing/sick,Not Applicable,Not Applicable,227,Not Applicable,0,,
2024-07-23 15:22:00,CNR2943940228,Success,CID770011,Mini,Yelahanka,Electronic City,119.0,35.0,Not Applicable,Not Applicable,No,Not Applicable,946,UPI,9,4.9,3.1
2024-07-26 02:59:00,CNR3547549763,Canceled by Driver,CID684687,Prime SUV,Hosur Road,Hebbal,,,Not Applicable,Personal & Car related issue,Not Applicable,Not Applicable,200,Not Applicable,0,,
2024-07-02 10:41:00,CNR4498002636,Success,CID614459,Prime Sedan,Langford Town,RT Nagar,196.0,65.0,Not Applicable,Not Applicable,No,Not Applicable,430,UPI,41,3.6,4.9
2024-07-21 21:07:00,CNR2089674963,Canceled by Driver,CID618557,Prime Plus,Magadi Road,Electronic City,,,Not Applicable,Personal & Car related issue,Not Applicable,Not Applicable,115,Not Applicable,0,,
2024-07-03 06:18:00,CNR3092027947,Success,CID962047,Prime Sedan,Chamarajpet,Shivajinagar,126.0,70.0,Not Applicable,Not Applicable,No,Not Applicable,272,Cash,7,3.3,3.9
2024-07-03 05:36:00,CNR3579551644,Success,CID434616,Prime SUV,Yelahanka,JP Nagar,182.0,135.0,Not Applicable,Not Applicable,No,Not Applicable,398,Cash,18,3.2,3.5
2024-07-17 02:56:00,CNR6105294827,Success,CID816334,Prime SUV,Tumkur Road,Tumkur Road,91.0,60.0,Not Applicable,Not Applicable,No,Not Applicable,1103,UPI,35,4.8,3.5
2024-07-16 10:07:00,CNR7617578736,Canceled by Customer,CID962783,eBike,Bannerghatta Road,Magadi Road,,,Change of plans,Not Applicable,Not Applicable,Not Applicable,262,Not Applicable,0,,
2024-07-28 06:57:00,CNR6620311877,Success,CID693691,Auto,Jayanagar,Padmanabhanagar,42.0,55.0,Not Applicable,Not Applicable,No,Not Applicable,2701,UPI,4,3.3,4.7
2024-07-23 21:54:00,CNR2776360629,Success,CID471505,Auto,Vijayanagar,Devanahalli,63.0,35.0,Not Applicable,Not Applicable,No,Not Applicable,266,UPI,16,3.0,3.3
2024-07-28 02:28:00,CNR5785600961,Canceled by Driver,CID437218,Auto,Ulsoor,Shivajinagar,,,Not Applicable,Customer was coughing/sick,Not Applicable,Not Applicable,369,Not Applicable,0,,
2024-07-17 08:15:00,CNR6050437064,Driver Not Found,CID732557,Bike,Shantinagar,Magadi Road,,,Not Applicable,Not Applicable,Not Applicable,Not Applicable,1141,Not Applicable,0,,
2024-07-01 20:09:00,CNR9775565332,Canceled by Driver,CID908989,Prime SUV,Basavanagudi,Chamarajpet,,,Not Applicable,Customer was coughing/sick,Not Applicable,Not Applicable,423,Not Applicable,0,,
2024-07-21 03:24:00,CNR7729590679,Success,CID813107,Auto,Richmond Town,Mysore Road,308.0,45.0,Not Applicable,Not Applicable,Yes,Vehicle Breakdown,254,Cash,14,4.5,3.9
2024-07-19 20:31:00,CNR8432120344,Success,CID343179,eBike,KR Puram,Hosur Road,245.0,140.0,Not Applicable,Not Applicable,No,Not Applicable,2556,UPI,41,4.9,4.7
2024-07-03 06:31:00,CNR1589490895,Success,CID529014,Mini,Bellandur,BTM Layout,98.0,45.0,Not Applicable,Not Applicable,No,Not Applicable,2085,Credit Card,43,4.7,3.9
2024-07-23 17:15:00,CNR3990397361,Canceled by Driver,CID656889,Mini,Whitefield,Hebbal,,,Not Applicable,Personal & Car related issue,Not Applicable,Not Applicable,275,Not Applicable,0,,
2024-07-20 16:54:00,CNR3146311230,Success,CID513954,Prime Sedan,Yeshwanthpur,Electronic City,308.0,125.0,Not Applicable,Not Applicable,No,Not Applicable,420,UPI,41,4.0,4.5
2024-07-23 23:14:00,CNR4354651237,Canceled by Customer,CID704053,Prime SUV,Mysore Road,Banashankari,,,Driver asked to cancel,Not Applicable,Not Applicable,Not Applicable,312,Not Applicable,0,,
2024-07-27 17:35:00,CNR3168968841,Canceled by Customer,CID432372,Prime SUV,RT Nagar,Majestic,,,AC is Not working,Not Applicable,Not Applicable,Not Applicable,199,Not Applicable,0,,
2024-07-28 22:20:00,CNR8623807988,Success,CID563573,Prime Sedan,Vijayanagar,MG Road,63.0,105.0,Not Applicable,Not Applicable,No,Not Applicable,286,Cash,23,3.9,3.1
2024-07-22 03:41:00,CNR4993617885,Success,CID708732,eBike,Koramangala,Banashankari,301.0,115.0,Not Applicable,Not Applicable,No,Not Applicable,140,Cash,14,3.5,3.2
2024-07-08 03:47:00,CNR3936183691,Success,CID360213,Bike,Whitefield,Yelahanka,266.0,115.0,Not Applicable,Not Applicable,No,Not Applicable,1914,UPI,49,3.1,3.6
2024-07-25 21:45:00,CNR1698498572,Success,CID232563,Bike,Indiranagar,Rajarajeshwari Nagar,175.0,135.0,Not Applicable,Not Applicable,No,Not Applicable,391,Cash,49,4.1,3.5
2024-07-06 00:17:00,CNR5548924880,Success,CID147492,Prime Plus,Chickpet,Magadi Road,308.0,25.0,Not Applicable,Not Applicable,No,Not Applicable,923,Cash,33,3.5,4.9
2024-07-28 05:17:00,CNR5511433092,Canceled by Driver,CID424616,Bike,Yelahanka,Hebbal,,,Not Applicable,Personal & Car related issue,Not Applicable,Not Applicable,346,Not Applicable,0,,
2024-07-29 11:24:00,CNR9936982051,Success,CID393517,Mini,Sahakar Nagar,Bannerghatta Road,308.0,115.0,Not Applicable,Not Applicable,No,Not Applicable,2389,UPI,31,4.0,3.3
2024-07-21 18:57:00,CNR4638459232,Canceled by Driver,CID412213,Prime Plus,Cox Town,Shantinagar,,,Not Applicable,Customer related issue,Not Applicable,Not Applicable,1246,Not Applicable,0,,
2024-07-17 06:11:00,CNR8641858049,Canceled by Customer,CID486477,Prime SUV,Ramamurthy Nagar,Ramamurthy Nagar,,,Change of plans,Not Applicable,Not Applicable,Not Applicable,155,Not Applicable,0,,
2024-07-30 00:38:00,CNR2318100443,Success,CID293657,Mini,KR Puram,Devanahalli,35.0,60.0,Not Applicable,Not Applicable,No,Not Applicable,505,Cash,49,4.3,4.0
2024-07-13 06:38:00,CNR4739284109,Canceled by Customer,CID139947,Bike,KR Puram,Yelahanka,,,Wrong Address,Not Applicable,Not Applicable,Not Applicable,644,Not Applicable,0,,
2024-07-30 04:32:00,CNR1155744934,Canceled by Driver,CID122954,Prime Sedan,Frazer Town,Indiranagar,,,Not Applicable,Personal & Car related issue,Not Applicable,Not Applicable,343,Not Applicable,0,,
2024-07-23 10:28:00,CNR7484732491,Success,CID772657,eBike,Cox Town,Chickpet,140.0,50.0,Not Applicable,Not Applicable,No,Not Applicable,126,Cash,39,4.7,4.7
2024-07-15 15:29:00,CNR3606276506,Success,CID949331,eBike,Richmond Town,Padmanabhanagar,301.0,95.0,Not Applicable,Not Applicable,No,Not Applicable,1947,Cash,1,4.9,3.5
2024-07-16 21:26:00,CNR8963160782,Success,CID998480,Mini,MG Road,Koramangala,287.0,135.0,Not Applicable,Not Applicable,No,Not Applicable,203,UPI,45,3.0,4.7
2024-07-25 13:15:00,CNR4741740790,Success,CID789161,Prime SUV,BTM Layout,Peenya,189.0,145.0,Not Applicable,Not Applicable,No,Not Applicable,1185,Cash,28,4.8,3.7
2024-07-17 11:19:00,CNR6035439869,Driver Not Found,CID917684,Bike,Hosur Road,HSR Layout,,,Not Applicable,Not Applicable,Not Applicable,Not Applicable,2590,Not Applicable,0,,
2024-07-19 02:35:00,CNR2436334359,Success,CID922664,Bike,Mysore Road,Rajajinagar,217.0,130.0,Not Applicable,Not Applicable,No,Not Applicable,962,Cash,19,4.0,4.4
2024-07-03 04:07:00,CNR5461437468,Success,CID292750,Prime Plus,Ramamurthy Nagar,Jayanagar,301.0,25.0,Not Applicable,Not Applicable,No,Not Applicable,187,UPI,3,3.8,4.1
2024-07-19 17:02:00,CNR5278332239,Success,CID690003,Prime SUV,Sahakar Nagar,Tumkur Road,203.0,70.0,Not Applicable,Not Applicable,No,Not Applicable,310,Cash,7,3.4,3.2
2024-07-12 18:26:00,CNR9286719012,Success,CID936305,Bike,Ramamurthy Nagar,Ramamurthy Nagar,231.0,115.0,Not Applicable,Not Applicable,No,Not Applicable,405,Cash,17,4.7,3.3
2024-07-17 11:15:00,CNR2994982302,Canceled by Driver,CID792448,Bike,Kammanahalli,Langford Town,,,Not Applicable,Personal & Car related issue,Not Applicable,Not Applicable,2849,Not Applicable,0,,
2024-07-17 03:52:00,CNR8047946951,Success,CID690914,Bike,Kadugodi,Indiranagar,161.0,135.0,Not Applicable,Not Applicable,No,Not Applicable,558,Cash,9,3.7,3.7
2024-07-15 14:20:00,CNR2073926063,Canceled by Driver,CID783419,eBike,Rajarajeshwari Nagar,KR Puram,,,Not Applicable,Customer was coughing/sick,Not Applicable,Not Applicable,2450,Not Applicable,0,,
2024-07-02 06:28:00,CNR4652178517,Success,CID694806,Mini,Rajajinagar,HSR Layout,105.0,115.0,Not Applicable,Not Applicable,No,Not Applicable,2330,UPI,35,3.6,3.8
2024-07-24 11:17:00,CNR6920441971,Success,CID782067,Prime SUV,Chickpet,Chamarajpet,56.0,140.0,Not Applicable,Not Applicable,No,Not Applicable,425,Cash,27,4.2,4.4
2024-07-16 18:33:00,CNR9965571781,Success,CID671726,Prime Sedan,Chickpet,Bannerghatta Road,217.0,145.0,Not Applicable,Not Applicable,No,Not Applicable,223,Cash,5,3.3,3.7
2024-07-01 12:44:00,CNR7342252034,Driver Not Found,CID236549,Auto,Marathahalli,Cox Town,,,Not Applicable,Not Applicable,Not Applicable,Not Applicable,842,Not Applicable,0,,
2024-07-22 10:45:00,CNR6463388417,Canceled by Driver,CID333497,Bike,Hosur Road,Kengeri,,,Not Applicable,Customer related issue,Not Applicable,Not Applicable,220,Not Applicable,0,,
2024-07-24 03:30:00,CNR8308230542,Success,CID360323,Bike,Jayanagar,Ramamurthy Nagar,266.0,140.0,Not Applicable,Not Applicable,No,Not Applicable,597,UPI,32,3.1,4.5
2024-07-28 14:52:00,CNR6770460608,Success,CID838081,Prime Sedan,Kengeri,MG Road,112.0,40.0,Not Applicable,Not Applicable,No,Not Applicable,1647,Cash,7,3.2,4.3
2024-07-10 07:48:00,CNR7715190718,Success,CID291717,Mini,Hosur Road,Hennur,287.0,115.0,Not Applicable,Not Applicable,No,Not Applicable,340,UPI,34,3.1,4.8
2024-07-25 16:16:00,CNR5535213557,Driver Not Found,CID212987,Prime SUV,Kadugodi,Yeshwanthpur,,,Not Applicable,Not Applicable,Not Applicable,Not Applicable,357,Not Applicable,0,,
2024-07-01 14:08:00,CNR6921515158,Success,CID257429,Auto,Ramamurthy Nagar,BTM Layout,147.0,125.0,Not Applicable,Not Applicable,No,Not Applicable,348,Cash,10,3.0,3.3
2024-07-07 20:57:00,CNR6048878430,Success,CID825855,Mini,Marathahalli,Bannerghatta Road,63.0,105.0,Not Applicable,Not Applicable,No,Not Applicable,318,UPI,21,4.1,3.4
2024-07-26 22:59:00,CNR8294153553,Success,CID859592,Prime Plus,Hennur,Hennur,56.0,145.0,Not Applicable,Not Applicable,No,Not Applicable,118,Cash,49,4.5,3.5
2024-07-22 05:31:00,CNR5352643410,Canceled by Driver,CID742276,Auto,Bellandur,Ramamurthy Nagar,,,Not Applicable,Customer related issue,Not Applicable,Not Applicable,238,Not Applicable,0,,
2024-07-04 11:21:00,CNR9121664449,Success,CID777741,Mini,Jayanagar,Sahakar Nagar,91.0,80.0,Not Applicable,Not Applicable,No,Not Applicable,897,Cash,12,3.3,3.2
2024-07-15 06:30:00,CNR5851396409,Success,CID674995,Prime SUV,Chamarajpet,Bannerghatta Road,308.0,95.0,Not Applicable,Not Applicable,No,Not Applicable,1821,UPI,43,3.2,3.9
2024-07-12 00:10:00,CNR6874283898,Canceled by Driver,CID642846,Prime Sedan,Bellandur,Chickpet,,,Not Applicable,Customer related issue,Not Applicable,Not Applicable,167,Not Applicable,0,,
2024-07-07 07:53:00,CNR1078397233,Success,CID734020,Prime Plus,Whitefield,Basavanagudi,119.0,100.0,Not Applicable,Not Applicable,No,Not Applicable,178,UPI,35,3.0,3.2
2024-07-16 23:23:00,CNR5696298979,Success,CID390145,Bike,Tumkur Road,Koramangala,224.0,70.0,Not Applicable,Not Applicable,No,Not Applicable,429,Cash,20,3.1,3.9
2024-07-13 10:17:00,CNR4697736807,Success,CID435555,eBike,Sarjapur Road,Tumkur Road,189.0,130.0,Not Applicable,Not Applicable,No,Not Applicable,710,UPI,37,4.3,4.1
2024-07-24 17:37:00,CNR3210652822,Success,CID376027,Prime SUV,HSR Layout,Tumkur Road,49.0,30.0,Not Applicable,Not Applicable,No,Not Applicable,182,Cash,40,4.6,3.2
2024-07-16 02:45:00,CNR4292693143,Success,CID576546,Bike,Tumkur Road,Bellandur,77.0,50.0,Not Applicable,Not Applicable,No,Not Applicable,547,Cash,44,4.2,5.0
2024-07-30 19:29:00,CNR2890456928,Success,CID706415,Prime SUV,RT Nagar,Kadugodi,168.0,110.0,Not Applicable,Not Applicable,No,Not Applicable,871,Cash,33,4.7,3.9
2024-07-05 00:04:00,CNR5774402477,Success,CID905643,Bike,Rajajinagar,Devanahalli,105.0,120.0,Not Applicable,Not Applicable,No,Not Applicable,409,UPI,16,4.0,3.6
2024-07-29 18:39:00,CNR3291502701,Canceled by Driver,CID551729,Prime Plus,Shivajinagar,Jayanagar,,,Not Applicable,Personal & Car related issue,Not Applicable,Not Applicable,315,Not Applicable,0,,
2024-07-01 09:29:00,CNR5631328869,Driver Not Found,CID709896,Prime Sedan,Jayanagar,Bannerghatta Road,,,Not Applicable,Not Applicable,Not Applicable,Not Applicable,285,Not Applicable,0,,
2024-07-15 18:43:00,CNR1003635449,Success,CID613653,eBike,RT Nagar,Langford Town,147.0,125.0,Not Applicable,Not Applicable,No,Not Applicable,908,UPI,12,5.0,3.1
2024-07-14 05:35:00,CNR5723092159,Success,CID530180,Prime Plus,Varthur,Jayanagar,287.0,125.0,Not Applicable,Not Applicable,No,Not Applicable,496,UPI,4,3.5,3.3
2024-07-04 02:08:00,CNR2841325397,Success,CID953114,Prime Plus,Tumkur Road,Yeshwanthpur,49.0,130.0,Not Applicable,Not Applicable,No,Not Applicable,424,Cash,12,3.8,4.7
2024-07-06 01:54:00,CNR7252401154,Canceled by Driver,CID567628,Auto,Koramangala,Basavanagudi,,,Not Applicable,Customer related issue,Not Applicable,Not Applicable,374,Not Applicable,0,,
2024-07-07 11:54:00,CNR9820754890,Success,CID139850,Prime Plus,Hebbal,Ulsoor,196.0,95.0,Not Applicable,Not Applicable,No,Not Applicable,367,UPI,5,3.8,3.9
2024-07-05 07:09:00,CNR9849223647,Success,CID623122,Prime Plus,KR Puram,Shivajinagar,119.0,25.0,Not Applicable,Not Applicable,No,Not Applicable,224,UPI,8,4.8,3.3
2024-07-21 16:02:00,CNR7937154887,Canceled by Customer,CID153513,eBike,Tumkur Road,Jayanagar,,,Change of plans,Not Applicable,Not Applicable,Not Applicable,643,Not Applicable,0,,
2024-07-02 22:56:00,CNR1462281083,Success,CID254370,Bike,Padmanabhanagar,KR Puram,70.0,100.0,Not Applicable,Not Applicable,No,Not Applicable,410,UPI,42,4.4,4.5
2024-07-05 13:48:00,CNR1161393715,Driver Not Found,CID506539,Prime SUV,Rajajinagar,Indiranagar,,,Not Applicable,Not Applicable,Not Applicable,Not Applicable,410,Not Applicable,0,,
2024-07-16 01:52:00,CNR4489810677,Canceled by Driver,CID933715,Mini,Bellandur,Marathahalli,,,Not Applicable,Personal & Car related issue,Not Applicable,Not Applicable,693,Not Applicable,0,,
2024-07-02 12:59:00,CNR5751452289,Success,CID907615,Prime Plus,Yelahanka,Nagarbhavi,224.0,115.0,Not Applicable,Not Applicable,No,Not Applicable,650,Cash,42,4.0,3.5
2024-07-30 03:52:00,CNR1540134080,Success,CID466861,eBike,Sarjapur Road,Chamarajpet,245.0,85.0,Not Applicable,Not Applicable,No,Not Applicable,383,Cash,30,3.3,3.6
2024-07-13 21:25:00,CNR7601210609,Canceled by Driver,CID807915,Prime Sedan,Banashankari,Tumkur Road,,,Not Applicable,Customer related issue,Not Applicable,Not Applicable,2398,Not Applicable,0,,
2024-07-16 10:24:00,CNR4655427337,Canceled by Driver,CID858533,Auto,Banashankari,Indiranagar,,,Not Applicable,Personal & Car related issue,Not Applicable,Not Applicable,567,Not Applicable,0,,
2024-07-05 15:31:00,CNR9877976012,Success,CID629556,Prime SUV,JP Nagar,Ulsoor,154.0,140.0,Not Applicable,Not Applicable,No,Not Applicable,435,UPI,19,4.2,4.9
2024-07-26 07:24:00,CNR9415858879,Success,CID944093,Auto,RT Nagar,Mysore Road,98.0,95.0,Not Applicable,Not Applicable,No,Not Applicable,859,Cash,10,3.5,3.5
2024-07-11 04:06:00,CNR7881249287,Canceled by Customer,CID106851,Prime Sedan,Majestic,Shivajinagar,,,Driver is not moving towards pickup location,Not Applicable,Not Applicable,Not Applicable,319,Not Applicable,0,,
2024-07-02 01:33:00,CNR2694668679,Canceled by Customer,CID226379,eBike,Sarjapur Road,MG Road,,,Driver is not moving towards pickup location,Not Applicable,Not Applicable,Not Applicable,407,Not Applicable,0,,
2024-07-24 20:47:00,CNR2932985910,Success,CID684828,Mini,MG Road,Banashankari,98.0,135.0,Not Applicable,Not Applicable,No,Not Applicable,410,UPI,28,4.6,3.4
2024-07-04 22:14:00,CNR4282383199,Success,CID641691,Prime Sedan,Bannerghatta Road,Shivajinagar,280.0,50.0,Not Applicable,Not Applicable,No,Not Applicable,244,Cash,3,4.9,4.3
2024-07-18 16:53:00,CNR7789193180,Canceled by Driver,CID708603,eBike,Jayanagar,Chickpet,,,Not Applicable,Customer related issue,Not Applicable,Not Applicable,1117,Not Applicable,0,,
2024-07-05 01:06:00,CNR4267048570,Success,CID160118,Prime Sedan,Whitefield,Kengeri,147.0,45.0,Not Applicable,Not Applicable,No,Not Applicable,835,Cash,29,3.4,4.5
2024-07-04 17:49:00,CNR9800889125,Canceled by Driver,CID550192,Auto,Cox Town,Richmond Town,,,Not Applicable,Personal & Car related issue,Not Applicable,Not Applicable,230,Not Applicable,0,,
2024-07-10 20:09:00,CNR6613486758,Success,CID432839,Mini,Marathahalli,Majestic,203.0,30.0,Not Applicable,Not Applicable,No,Not Applicable,654,UPI,10,3.7,4.4
2024-07-20 14:41:00,CNR2641651295,Success,CID493257,Prime SUV,Hosur Road,Basavanagudi,133.0,115.0,Not Applicable,Not Applicable,No,Not Applicable,702,UPI,40,3.4,4.8
2024-07-17 06:10:00,CNR7227478387,Driver Not Found,CID518529,Prime Sedan,Majestic,Ramamurthy Nagar,,,Not Applicable,Not Applicable,Not Applicable,Not Applicable,100,Not Applicable,0,,
2024-07-05 17:57:00,CNR6633553330,Success,CID699978,eBike,Frazer Town,Shantinagar,259.0,100.0,Not Applicable,Not Applicable,No,Not Applicable,415,Cash,1,3.7,4.7
2024-07-18 13:59:00,CNR9357821823,Success,CID628865,Bike,Magadi Road,Kammanahalli,231.0,80.0,Not Applicable,Not Applicable,No,Not Applicable,292,Cash,45,3.9,4.1
2024-07-19 15:20:00,CNR4396867697,Canceled by Driver,CID398187,eBike,Kadugodi,Magadi Road,,,Not Applicable,Personal & Car related issue,Not Applicable,Not Applicable,405,Not Applicable,0,,
2024-07-18 04:21:00,CNR6331488850,Success,CID528906,Mini,Varthur,Richmond Town,70.0,100.0,Not Applicable,Not Applicable,No,Not Applicable,956,Cash,23,4.6,3.0
2024-07-18 02:29:00,CNR4450905342,Success,CID928227,eBike,Frazer Town,Majestic,161.0,140.0,Not Applicable,Not Applicable,No,Not Applicable,350,Cash,39,4.9,4.9
2024-07-01 13:12:00,CNR7654490112,Success,CID613464,Bike,Koramangala,Kadugodi,308.0,25.0,Not Applicable,Not Applicable,No,Not Applicable,901,Cash,35,3.4,3.4
2024-07-02 21:17:00,CNR8019423940,Success,CID108621,Bike,Bellandur,Marathahalli,56.0,100.0,Not Applicable,Not Applicable,No,Not Applicable,624,UPI,41,3.1,4.5
2024-07-12 13:56:00,CNR1030064156,Success,CID628215,Mini,Kadugodi,Indiranagar,217.0,145.0,Not Applicable,Not Applicable,No,Not Applicable,335,UPI,10,3.3,4.3
2024-07-02 17:48:00,CNR5626918461,Success,CID920948,Prime Plus,Chamarajpet,Richmond Town,91.0,80.0,Not Applicable,Not Applicable,No,Not Applicable,260,Cash,29,3.4,3.7
2024-07-30 06:03:00,CNR4506723026,Canceled by Driver,CID910237,eBike,Padmanabhanagar,Malleshwaram,,,Not Applicable,More than permitted people in there,Not Applicable,Not Applicable,511,Not Applicable,0,,
2024-07-29 14:59:00,CNR2632421752,Canceled by Driver,CID242296,Mini,Sahakar Nagar,Varthur,,,Not Applicable,More than permitted people in there,Not Applicable,Not Applicable,958,Not Applicable,0,,
2024-07-12 21:14:00,CNR9158873643,Driver Not Found,CID365747,Auto,Mysore Road,Chamarajpet,,,Not Applicable,Not Applicable,Not Applicable,Not Applicable,280,Not Applicable,0,,
2024-07-20 09:28:00,CNR4744592655,Success,CID289403,Prime SUV,Hulimavu,Electronic City,147.0,60.0,Not Applicable,Not Applicable,No,Not Applicable,568,Cash,48,3.7,4.5
2024-07-29 15:58:00,CNR1014156139,Success,CID911602,Prime SUV,Basavanagudi,Mysore Road,231.0,140.0,Not Applicable,Not Applicable,No,Not Applicable,302,Cash,3,4.1,4.3
2024-07-24 02:29:00,CNR2373158784,Success,CID398166,eBike,Hebbal,Sarjapur Road,84.0,130.0,Not Applicable,Not Applicable,No,Not Applicable,565,Cash,38,4.6,3.2
2024-07-04 06:46:00,CNR6238974089,Canceled by Driver,CID723093,Mini,Nagarbhavi,Langford Town,,,Not Applicable,Customer related issue,Not Applicable,Not Applicable,386,Not Applicable,0,,
2024-07-04 14:15:00,CNR4706176655,Success,CID854925,eBike,Ulsoor,RT Nagar,77.0,100.0,Not Applicable,Not Applicable,No,Not Applicable,956,Cash,42,4.8,4.0
2024-07-27 18:27:00,CNR2330048971,Driver Not Found,CID337838,Mini,HSR Layout,Nagarbhavi,,,Not Applicable,Not Applicable,Not Applicable,Not Applicable,748,Not Applicable,0,,
2024-07-01 06:00:00,CNR5674019811,Canceled by Driver,CID153977,Prime Sedan,Kengeri,Bellandur,,,Not Applicable,Personal & Car related issue,Not Applicable,Not Applicable,1437,Not Applicable,0,,
2024-07-14 02:57:00,CNR3553404294,Success,CID883445,Auto,Koramangala,Magadi Road,273.0,40.0,Not Applicable,Not Applicable,No,Not Applicable,363,UPI,11,4.0,4.9
2024-07-29 05:23:00,CNR5705626458,Canceled by Driver,CID237204,Prime Plus,HSR Layout,Frazer Town,,,Not Applicable,More than permitted people in there,Not Applicable,Not Applicable,125,Not Applicable,0,,
2024-07-20 23:24:00,CNR5632430028,Success,CID352137,Prime Sedan,Banashankari,Hennur,231.0,50.0,Not Applicable,Not Applicable,No,Not Applicable,329,UPI,22,5.0,4.3
2024-07-15 19:37:00,CNR4593618957,Driver Not Found,CID319653,Prime Plus,Hosur Road,Bannerghatta Road,,,Not Applicable,Not Applicable,Not Applicable,Not Applicable,327,Not Applicable,0,,
2024-07-15 23:39:00,CNR4589161770,Success,CID808433,Mini,Bannerghatta Road,Basavanagudi,84.0,75.0,Not Applicable,Not Applicable,No,Not Applicable,118,UPI,40,3.3,3.8
2024-07-03 11:08:00,CNR6349703302,Success,CID546400,Prime Plus,Chamarajpet,Chickpet,56.0,85.0,Not Applicable,Not Applicable,No,Not Applicable,820,Cash,20,3.2,4.5
2024-07-18 07:42:00,CNR9712432858,Success,CID274505,Auto,BTM Layout,Hosur Road,210.0,140.0,Not Applicable,Not Applicable,No,Not Applicable,428,Cash,10,3.5,3.4
2024-07-23 04:49:00,CNR6185160946,Success,CID784080,Prime SUV,Magadi Road,Majestic,133.0,80.0,Not Applicable,Not Applicable,No,Not Applicable,2530,Cash,16,3.6,4.1
2024-07-03 03:18:00,CNR3152816356,Success,CID807666,eBike,Devanahalli,Yeshwanthpur,238.0,145.0,Not Applicable,Not Applicable,No,Not Applicable,451,Cash,41,3.8,3.5
2024-07-09 12:49:00,CNR5242762616,Canceled by Customer,CID842863,Bike,Kadugodi,Mysore Road,,,Driver asked to cancel,Not Applicable,Not Applicable,Not Applicable,338,Not Applicable,0,,
2024-07-04 12:57:00,CNR1031778692,Driver Not Found,CID165883,Auto,Basavanagudi,Padmanabhanagar,,,Not Applicable,Not Applicable,Not Applicable,Not Applicable,658,Not Applicable,0,,
2024-07-22 20:58:00,CNR7484592608,Success,CID900658,Prime SUV,Hebbal,Hosur Road,168.0,75.0,Not Applicable,Not Applicable,No,Not Applicable,340,Cash,25,4.3,4.7
2024-07-08 20:36:00,CNR5358372509,Success,CID752696,Auto,Ulsoor,Kengeri,91.0,90.0,Not Applicable,Not Applicable,No,Not Applicable,171,Cash,16,3.7,4.1
2024-07-25 07:36:00,CNR3686431732,Success,CID207038,Auto,BTM Layout,Yeshwanthpur,119.0,110.0,Not Applicable,Not Applicable,No,Not Applicable,1019,UPI,18,4.1,5.0
2024-07-25 10:26:00,CNR9559111115,Canceled by Driver,CID141567,Prime Sedan,JP Nagar,Frazer Town,,,Not Applicable,Customer was coughing/sick,Not Applicable,Not Applicable,195,Not Applicable,0,,
2024-07-21 17:34:00,CNR2772963921,Canceled by Driver,CID507204,Prime Plus,Bannerghatta Road,Koramangala,,,Not Applicable,Customer related issue,Not Applicable,Not Applicable,420,Not Applicable,0,,
2024-07-01 10:38:00,CNR8646481469,Canceled by Driver,CID331554,Prime Sedan,Peenya,Shivajinagar,,,Not Applicable,Personal & Car related issue,Not Applicable,Not Applicable,126,Not Applicable,0,,
2024-07-26 14:30:00,CNR8587310077,Canceled by Driver,CID619667,Mini,MG Road,Malleshwaram,,,Not Applicable,Customer was coughing/sick,Not Applicable,Not Applicable,598,Not Applicable,0,,
2024-07-28 15:30:00,CNR5572871716,Canceled by Customer,CID860733,Prime Sedan,Richmond Town,Nagarbhavi,,,Driver is not moving towards pickup location,Not Applicable,Not Applicable,Not Applicable,390,Not Applicable,0,,
2024-07-09 16:33:00,CNR4426701276,Success,CID610372,Prime Plus,Bannerghatta Road,Peenya,119.0,45.0,Not Applicable,Not Applicable,No,Not Applicable,459,Cash,37,4.8,3.6
2024-07-05 23:39:00,CNR3257714544,Success,CID709064,Prime Sedan,Yeshwanthpur,Ramamurthy Nagar,63.0,95.0,Not Applicable,Not Applicable,No,Not Applicable,416,Cash,6,4.0,4.0
2024-07-08 16:34:00,CNR3690207143,Success,CID591128,eBike,Langford Town,Banashankari,70.0,85.0,Not Applicable,Not Applicable,No,Not Applicable,274,UPI,49,3.5,4.5
2024-07-13 06:52:00,CNR9210885992,Canceled by Driver,CID460050,Mini,Kengeri,Shivajinagar,,,Not Applicable,More than permitted people in there,Not Applicable,Not Applicable,218,Not Applicable,0,,
2024-07-10 18:49:00,CNR5387499267,Success,CID493254,Auto,Mysore Road,Banashankari,189.0,95.0,Not Applicable,Not Applicable,No,Not Applicable,470,UPI,11,4.4,4.1
2024-07-19 00:45:00,CNR2128256374,Success,CID333008,Prime Sedan,Majestic,RT Nagar,56.0,45.0,Not Applicable,Not Applicable,Yes,Customer Demand,392,UPI,25,4.8,3.1
2024-07-25 11:57:00,CNR3909144519,Driver Not Found,CID120426,Prime Plus,Cox Town,Sahakar Nagar,,,Not Applicable,Not Applicable,Not Applicable,Not Applicable,1065,Not Applicable,0,,
2024-07-19 19:05:00,CNR7279577740,Success,CID190893,Mini,HSR Layout,Marathahalli,245.0,110.0,Not Applicable,Not Applicable,No,Not Applicable,830,Cash,7,3.8,3.7
2024-07-14 03:47:00,CNR3383909922,Success,CID435685,Prime Sedan,JP Nagar,Tumkur Road,154.0,25.0,Not Applicable,Not Applicable,Yes,Customer Demand,768,Cash,38,4.1,4.9
2024-07-25 16:12:00,CNR4491258203,Canceled by Driver,CID967676,Prime SUV,Kammanahalli,Peenya,,,Not Applicable,Personal & Car related issue,Not Applicable,Not Applicable,757,Not Applicable,0,,
2024-07-21 05:19:00,CNR7086044682,Success,CID246452,Auto,HSR Layout,Yelahanka,161.0,25.0,Not Applicable,Not Applicable,No,Not Applicable,102,UPI,6,4.4,3.5
2024-07-11 23:38:00,CNR3741877846,Success,CID569875,eBike,HSR Layout,Richmond Town,196.0,135.0,Not Applicable,Not Applicable,No,Not Applicable,191,UPI,26,3.2,4.0
2024-07-12 00:12:00,CNR8771469079,Success,CID649869,eBike,Rajarajeshwari Nagar,Hebbal,308.0,60.0,Not Applicable,Not Applicable,No,Not Applicable,484,UPI,18,4.7,3.4
2024-07-21 06:19:00,CNR3225117829,Success,CID930220,Prime Plus,Nagarbhavi,HSR Layout,231.0,95.0,Not Applicable,Not Applicable,No,Not Applicable,442,UPI,13,3.1,4.4
2024-07-09 06:01:00,CNR8612604170,Canceled by Customer,CID291435,Prime SUV,MG Road,KR Puram,,,AC is Not working,Not Applicable,Not Applicable,Not Applicable,700,Not Applicable,0,,
2024-07-06 03:07:00,CNR8155826025,Success,CID949746,Prime Plus,RT Nagar,Magadi Road,266.0,25.0,Not Applicable,Not Applicable,No,Not Applicable,394,Credit Card,22,3.6,4.6
2024-07-10 21:30:00,CNR1523397467,Canceled by Driver,CID434377,Prime Plus,Indiranagar,Rajarajeshwari Nagar,,,Not Applicable,Personal & Car related issue,Not Applicable,Not Applicable,739,Not Applicable,0,,
2024-07-27 00:47:00,CNR6120463941,Success,CID475078,Mini,Chickpet,Banashankari,98.0,95.0,Not Applicable,Not Applicable,No,Not Applicable,293,UPI,29,4.6,4.8
2024-07-25 01:51:00,CNR3060463456,Canceled by Driver,CID693929,Prime Sedan,Richmond Town,Devanahalli,,,Not Applicable,Personal & Car related issue,Not Applicable,Not Applicable,416,Not Applicable,0,,
2024-07-24 03:25:00,CNR9810391367,Canceled by Driver,CID252148,Prime SUV,Hosur Road,Frazer Town,,,Not Applicable,Personal & Car related issue,Not Applicable,Not Applicable,662,Not Applicable,0,,
2024-07-29 03:28:00,CNR1254665253,Success,CID893841,Bike,KR Puram,Ramamurthy Nagar,224.0,30.0,Not Applicable,Not Applicable,No,Not Applicable,113,UPI,13,3.2,4.3
2024-07-16 23:00:00,CNR3101782612,Success,CID932862,Prime Plus,Rajarajeshwari Nagar,Banashankari,231.0,75.0,Not Applicable,Not Applicable,No,Not Applicable,361,UPI,23,4.6,3.4
2024-07-09 16:46:00,CNR3517859679,Canceled by Customer,CID349921,Prime Sedan,RT Nagar,Whitefield,,,Change of plans,Not Applicable,Not Applicable,Not Applicable,394,Not Applicable,0,,
2024-07-23 06:59:00,CNR9723741114,Canceled by Driver,CID697226,Prime SUV,Cox Town,Shantinagar,,,Not Applicable,Customer related issue,Not Applicable,Not Applicable,416,Not Applicable,0,,
2024-07-24 22:00:00,CNR8720346874,Success,CID522392,Bike,RT Nagar,Sarjapur Road,35.0,145.0,Not Applicable,Not Applicable,No,Not Applicable,798,Cash,7,4.1,3.1
2024-07-17 18:21:00,CNR6115998284,Success,CID811426,eBike,Sarjapur Road,Electronic City,287.0,60.0,Not Applicable,Not Applicable,No,Not Applicable,497,Debit Card,39,3.8,4.7
2024-07-18 13:10:00,CNR7749085694,Canceled by Driver,CID864494,Prime Sedan,Hosur Road,Jayanagar,,,Not Applicable,More than permitted people in there,Not Applicable,Not Applicable,604,Not Applicable,0,,
2024-07-16 13:02:00,CNR7227540633,Canceled by Driver,CID329477,Mini,Whitefield,Rajarajeshwari Nagar,,,Not Applicable,Customer related issue,Not Applicable,Not Applicable,191,Not Applicable,0,,
2024-07-14 06:02:00,CNR1101678383,Success,CID313184,Prime Plus,Hulimavu,Shivajinagar,245.0,110.0,Not Applicable,Not Applicable,No,Not Applicable,366,Cash,43,3.6,3.6
2024-07-19 02:24:00,CNR2876267966,Success,CID809092,Prime SUV,Basavanagudi,Malleshwaram,168.0,75.0,Not Applicable,Not Applicable,No,Not Applicable,374,Cash,31,4.3,4.7
2024-07-03 23:14:00,CNR2420626844,Success,CID857094,Bike,Ulsoor,Magadi Road,70.0,60.0,Not Applicable,Not Applicable,No,Not Applicable,421,UPI,37,4.9,3.7
2024-07-22 09:48:00,CNR9933180983,Success,CID405983,Prime Sedan,Devanahalli,Sahakar Nagar,56.0,125.0,Not Applicable,Not Applicable,No,Not Applicable,462,UPI,41,3.3,4.8
2024-07-12 12:27:00,CNR3124051484,Success,CID537184,Mini,Rajajinagar,Devanahalli,91.0,80.0,Not Applicable,Not Applicable,No,Not Applicable,288,UPI,35,3.3,4.4
2024-07-27 15:13:00,CNR4612164217,Success,CID455887,Auto,Rajajinagar,Whitefield,259.0,140.0,Not Applicable,Not Applicable,No,Not Applicable,642,Cash,16,4.3,4.3
2024-07-02 07:39:00,CNR7314816977,Success,CID865568,Prime Plus,Chickpet,Hulimavu,154.0,115.0,Not Applicable,Not Applicable,No,Not Applicable,257,Cash,5,4.0,5.0
2024-07-05 23:54:00,CNR1332151799,Success,CID314197,Auto,Indiranagar,Banashankari,133.0,45.0,Not Applicable,Not Applicable,No,Not Applicable,458,UPI,2,4.3,4.4
2024-07-18 04:20:00,CNR6538453051,Canceled by Customer,CID123608,Mini,Kadugodi,Shantinagar,,,Driver asked to cancel,Not Applicable,Not Applicable,Not Applicable,127,Not Applicable,0,,
2024-07-09 06:43:00,CNR4420392215,Success,CID898117,Auto,Chickpet,Chickpet,259.0,40.0,Not Applicable,Not Applicable,No,Not Applicable,2829,Cash,13,4.2,4.6
2024-07-03 16:43:00,CNR6070418600,Success,CID597584,Prime Plus,Tumkur Road,Sarjapur Road,210.0,110.0,Not Applicable,Not Applicable,No,Not Applicable,129,UPI,10,3.4,3.9
2024-07-11 21:08:00,CNR8685682945,Success,CID566906,Auto,Ulsoor,Hulimavu,147.0,65.0,Not Applicable,Not Applicable,No,Not Applicable,165,Credit Card,16,3.7,4.1
2024-07-27 17:21:00,CNR6551846709,Success,CID170412,Prime SUV,Kammanahalli,Padmanabhanagar,280.0,45.0,Not Applicable,Not Applicable,No,Not Applicable,168,Cash,4,4.8,3.4
2024-07-21 16:57:00,CNR2919497205,Canceled by Customer,CID141684,eBike,Marathahalli,Padmanabhanagar,,,Driver is not moving towards pickup location,Not Applicable,Not Applicable,Not Applicable,491,Not Applicable,0,,
2024-07-18 01:34:00,CNR2467000144,Driver Not Found,CID681289,Mini,Basavanagudi,Majestic,,,Not Applicable,Not Applicable,Not Applicable,Not Applicable,167,Not Applicable,0,,
2024-07-09 04:41:00,CNR2699472239,Driver Not Found,CID980767,Prime SUV,Varthur,Rajajinagar,,,Not Applicable,Not Applicable,Not Applicable,Not Applicable,437,Not Applicable,0,,
2024-07-13 03:11:00,CNR6376385090,Success,CID668157,Prime Plus,Mysore Road,KR Puram,77.0,140.0,Not Applicable,Not Applicable,No,Not Applicable,177,Cash,24,3.1,4.6
2024-07-30 00:12:00,CNR4115982089,Success,CID854642,Bike,Majestic,Frazer Town,154.0,40.0,Not Applicable,Not Applicable,No,Not Applicable,823,UPI,2,3.9,4.6
2024-07-08 00:12:00,CNR3271154737,Driver Not Found,CID665470,eBike,Ramamurthy Nagar,Marathahalli,,,Not Applicable,Not Applicable,Not Applicable,Not Applicable,674,Not Applicable,0,,
2024-07-11 17:10:00,CNR8853714098,Success,CID470702,eBike,Jayanagar,Shivajinagar,301.0,60.0,Not Applicable,Not Applicable,No,Not Applicable,737,UPI,46,4.8,4.6
2024-07-15 22:44:00,CNR9940002777,Success,CID641598,Prime Plus,Koramangala,Cox Town,245.0,140.0,Not Applicable,Not Applicable,No,Not Applicable,150,Cash,1,3.2,4.5
2024-07-23 07:20:00,CNR5423813616,Canceled by Driver,CID162682,eBike,Mysore Road,Shantinagar,,,Not Applicable,Customer was coughing/sick,Not Applicable,Not Applicable,504,Not Applicable,0,,
2024-07-06 13:43:00,CNR2110318339,Driver Not Found,CID567945,Bike,Malleshwaram,Devanahalli,,,Not Applicable,Not Applicable,Not Applicable,Not Applicable,2680,Not Applicable,0,,
2024-07-13 03:28:00,CNR8137576726,Canceled by Driver,CID258599,Prime Plus,Hosur Road,Devanahalli,,,Not Applicable,Customer related issue,Not Applicable,Not Applicable,417,Not Applicable,0,,
2024-07-23 04:54:00,CNR5349251303,Driver Not Found,CID728222,Mini,HSR Layout,Ulsoor,,,Not Applicable,Not Applicable,Not Applicable,Not Applicable,181,Not Applicable,0,,
2024-07-06 07:48:00,CNR8302715856,Canceled by Customer,CID215679,eBike,Basavanagudi,Ramamurthy Nagar,,,Wrong Address,Not Applicable,Not Applicable,Not Applicable,177,Not Applicable,0,,
2024-07-09 07:51:00,CNR7412655262,Success,CID456315,eBike,Magadi Road,Whitefield,210.0,55.0,Not Applicable,Not Applicable,No,Not Applicable,429,UPI,1,3.8,3.3
2024-07-30 15:27:00,CNR3814150148,Canceled by Driver,CID211416,Auto,Peenya,BTM Layout,,,Not Applicable,Customer related issue,Not Applicable,Not Applicable,162,Not Applicable,0,,
2024-07-20 02:32:00,CNR6609079905,Success,CID728490,Prime SUV,Cox Town,KR Puram,175.0,40.0,Not Applicable,Not Applicable,No,Not Applicable,114,Cash,19,4.5,4.2
2024-07-12 17:58:00,CNR8197880074,Success,CID966726,Mini,Sahakar Nagar,Langford Town,63.0,60.0,Not Applicable,Not Applicable,No,Not Applicable,944,UPI,48,3.5,4.0
2024-07-23 17:16:00,CNR4400979392,Success,CID743813,eBike,Banashankari,Rajarajeshwari Nagar,63.0,135.0,Not Applicable,Not Applicable,No,Not Applicable,223,UPI,49,3.4,4.9
2024-07-16 16:04:00,CNR9487693791,Success,CID590600,Auto,Peenya,BTM Layout,98.0,145.0,Not Applicable,Not Applicable,No,Not Applicable,216,UPI,7,3.3,3.7
2024-07-05 18:46:00,CNR3145412738,Canceled by Driver,CID698011,eBike,Shivajinagar,RT Nagar,,,Not Applicable,Customer was coughing/sick,Not Applicable,Not Applicable,306,Not Applicable,0,,
2024-07-22 21:51:00,CNR1723493791,Success,CID639683,Mini,Ulsoor,Vijayanagar,133.0,145.0,Not Applicable,Not Applicable,No,Not Applicable,451,UPI,10,4.1,3.9
2024-07-10 12:03:00,CNR5483464179,Success,CID887784,Prime Sedan,Vijayanagar,Marathahalli,224.0,90.0,Not Applicable,Not Applicable,No,Not Applicable,994,Cash,22,4.5,4.9
2024-07-28 19:49:00,CNR8423252459,Success,CID936094,Auto,Kadugodi,Devanahalli,63.0,25.0,Not Applicable,Not Applicable,No,Not Applicable,887,Cash,1,4.2,5.0
2024-07-07 00:51:00,CNR3751010133,Success,CID520927,Prime SUV,Varthur,Hebbal,308.0,80.0,Not Applicable,Not Applicable,No,Not Applicable,405,UPI,23,3.7,3.9
2024-07-25 07:00:00,CNR7185501732,Success,CID213806,Bike,Kengeri,Varthur,308.0,95.0,Not Applicable,Not Applicable,No,Not Applicable,375,UPI,48,4.4,3.9
2024-07-30 16:53:00,CNR5414229988,Success,CID505148,Prime Plus,Rajarajeshwari Nagar,Basavanagudi,196.0,145.0,Not Applicable,Not Applicable,No,Not Applicable,124,Credit Card,48,4.8,3.4
2024-07-07 09:12:00,CNR8332199675,Success,CID283407,Mini,Shantinagar,Indiranagar,175.0,25.0,Not Applicable,Not Applicable,No,Not Applicable,348,UPI,8,4.9,4.0
2024-07-12 03:55:00,CNR3319402435,Success,CID761362,Prime Sedan,RT Nagar,Banashankari,98.0,120.0,Not Applicable,Not Applicable,No,Not Applicable,123,UPI,40,4.2,4.7
2024-07-12 11:36:00,CNR2711381619,Driver Not Found,CID763728,Prime Sedan,Ramamurthy Nagar,Marathahalli,,,Not Applicable,Not Applicable,Not Applicable,Not Applicable,642,Not Applicable,0,,
2024-07-06 05:13:00,CNR1268938520,Driver Not Found,CID797925,Prime Sedan,Majestic,Bellandur,,,Not Applicable,Not Applicable,Not Applicable,Not Applicable,212,Not Applicable,0,,
2024-07-01 23:51:00,CNR2755378995,Success,CID360496,Prime Sedan,Bannerghatta Road,Ramamurthy Nagar,49.0,30.0,Not Applicable,Not Applicable,Yes,Vehicle Breakdown,1323,UPI,23,4.5,4.2
2024-07-07 20:16:00,CNR5947892391,Success,CID486445,Mini,Hennur,Rajajinagar,42.0,120.0,Not Applicable,Not Applicable,No,Not Applicable,267,Cash,11,4.0,3.9
2024-07-27 22:17:00,CNR3087025637,Success,CID581094,eBike,Rajajinagar,Cox Town,168.0,110.0,Not Applicable,Not Applicable,No,Not Applicable,103,UPI,7,4.4,4.7
2024-07-30 20:55:00,CNR6345508381,Driver Not Found,CID692362,Prime SUV,Padmanabhanagar,Langford Town,,,Not Applicable,Not Applicable,Not Applicable,Not Applicable,191,Not Applicable,0,,
2024-07-21 10:10:00,CNR8683843640,Success,CID713131,Mini,Chickpet,BTM Layout,84.0,50.0,Not Applicable,Not Applicable,No,Not Applicable,1674,UPI,7,4.3,3.0
2024-07-16 22:48:00,CNR7317196032,Success,CID357631,Auto,Rajajinagar,Devanahalli,112.0,80.0,Not Applicable,Not Applicable,No,Not Applicable,118,UPI,18,3.2,4.1
2024-07-08 04:16:00,CNR5739363781,Success,CID569086,Prime SUV,Indiranagar,Hosur Road,77.0,95.0,Not Applicable,Not Applicable,No,Not Applicable,443,UPI,8,4.6,3.6
2024-07-04 13:52:00,CNR9864240679,Canceled by Driver,CID916692,Prime Plus,Yeshwanthpur,Tumkur Road,,,Not Applicable,Personal & Car related issue,Not Applicable,Not Applicable,325,Not Applicable,0,,
2024-07-19 21:29:00,CNR2998260418,Success,CID793411,Prime SUV,Sahakar Nagar,Padmanabhanagar,238.0,100.0,Not Applicable,Not Applicable,No,Not Applicable,333,Cash,28,4.5,3.3
2024-07-13 10:13:00,CNR6075909570,Driver Not Found,CID592923,Prime Sedan,HSR Layout,Hosur Road,,,Not Applicable,Not Applicable,Not Applicable,Not Applicable,433,Not Applicable,0,,
2024-07-24 12:54:00,CNR8049359505,Canceled by Driver,CID781807,Auto,Whitefield,Mysore Road,,,Not Applicable,Customer related issue,Not Applicable,Not Applicable,202,Not Applicable,0,,
2024-07-21 11:34:00,CNR9500815339,Success,CID312229,Auto,Richmond Town,Nagarbhavi,49.0,110.0,Not Applicable,Not Applicable,No,Not Applicable,250,Cash,12,3.9,3.6
2024-07-06 07:03:00,CNR6995313428,Success,CID850308,Mini,Peenya,Marathahalli,161.0,145.0,Not Applicable,Not Applicable,No,Not Applicable,434,UPI,18,4.8,3.7
2024-07-14 05:07:00,CNR6053129674,Canceled by Driver,CID860722,Mini,Rajarajeshwari Nagar,Magadi Road,,,Not Applicable,Customer related issue,Not Applicable,Not Applicable,146,Not Applicable,0,,
2024-07-29 07:41:00,CNR3419424408,Success,CID634958,Bike,Rajajinagar,MG Road,224.0,85.0,Not Applicable,Not Applicable,No,Not Applicable,142,UPI,31,4.1,4.9
2024-07-12 02:55:00,CNR8783823685,Canceled by Driver,CID250478,Bike,Padmanabhanagar,Bellandur,,,Not Applicable,Customer was coughing/sick,Not Applicable,Not Applicable,171,Not Applicable,0,,
2024-07-21 23:18:00,CNR6734633945,Success,CID371369,Mini,JP Nagar,Nagarbhavi,84.0,70.0,Not Applicable,Not Applicable,No,Not Applicable,224,Cash,25,3.9,4.0
2024-07-11 08:36:00,CNR2674589337,Success,CID590770,eBike,Shivajinagar,Sahakar Nagar,49.0,75.0,Not Applicable,Not Applicable,No,Not Applicable,895,UPI,18,4.6,3.7
2024-07-29 16:52:00,CNR2549894157,Canceled by Driver,CID769564,Prime SUV,Kengeri,Peenya,,,Not Applicable,Personal & Car related issue,Not Applicable,Not Applicable,988,Not Applicable,0,,
2024-07-01 11:15:00,CNR2576515860,Success,CID398757,Prime SUV,Whitefield,Rajarajeshwari Nagar,70.0,130.0,Not Applicable,Not Applicable,No,Not Applicable,988,Cash,33,3.8,4.7
2024-07-23 05:22:00,CNR8502048321,Success,CID326092,Prime SUV,Marathahalli,Ulsoor,231.0,35.0,Not Applicable,Not Applicable,No,Not Applicable,692,UPI,43,3.1,4.3
2024-07-18 13:31:00,CNR5327015963,Canceled by Driver,CID359991,Prime SUV,Indiranagar,Kammanahalli,,,Not Applicable,Personal & Car related issue,Not Applicable,Not Applicable,2068,Not Applicable,0,,
2024-07-23 12:59:00,CNR8004985711,Success,CID467068,Auto,Hebbal,Bannerghatta Road,287.0,110.0,Not Applicable,Not Applicable,No,Not Applicable,695,UPI,13,3.2,3.5
2024-07-21 09:33:00,CNR2990779992,Success,CID126749,Mini,Rajarajeshwari Nagar,Rajarajeshwari Nagar,238.0,145.0,Not Applicable,Not Applicable,No,Not Applicable,164,Cash,3,3.6,3.2
2024-07-20 23:15:00,CNR8431056746,Driver Not Found,CID572563,Prime SUV,Ramamurthy Nagar,Hulimavu,,,Not Applicable,Not Applicable,Not Applicable,Not Applicable,466,Not Applicable,0,,
2024-07-19 19:53:00,CNR3761596069,Success,CID971006,Mini,Ramamurthy Nagar,Shantinagar,217.0,125.0,Not Applicable,Not Applicable,No,Not Applicable,238,UPI,13,4.0,3.4
2024-07-19 18:25:00,CNR3411069068,Success,CID260834,Mini,Malleshwaram,RT Nagar,35.0,135.0,Not Applicable,Not Applicable,No,Not Applicable,134,UPI,12,3.5,4.7
2024-07-08 00:32:00,CNR5508932910,Success,CID992936,Mini,Rajarajeshwari Nagar,Hebbal,147.0,145.0,Not Applicable,Not Applicable,No,Not Applicable,269,UPI,9,3.0,3.4
2024-07-20 23:53:00,CNR4185111041,Success,CID493389,Auto,Frazer Town,Kengeri,245.0,145.0,Not Applicable,Not Applicable,No,Not Applicable,724,Cash,16,5.0,4.9
2024-07-16 22:45:00,CNR7072238217,Success,CID818669,eBike,Malleshwaram,MG Road,280.0,30.0,Not Applicable,Not Applicable,No,Not Applicable,353,Cash,16,3.2,3.5
2024-07-10 13:46:00,CNR1732724759,Canceled by Customer,CID205290,Mini,BTM Layout,Langford Town,,,Driver asked to cancel,Not Applicable,Not Applicable,Not Applicable,313,Not Applicable,0,,
2024-07-04 12:33:00,CNR7437288940,Success,CID219522,Prime Plus,Marathahalli,Indiranagar,210.0,120.0,Not Applicable,Not Applicable,No,Not Applicable,222,Cash,5,5.0,3.7
2024-07-28 03:22:00,CNR7600742062,Success,CID524788,Prime SUV,Yeshwanthpur,Jayanagar,98.0,70.0,Not Applicable,Not Applicable,No,Not Applicable,325,Credit Card,41,3.8,3.2
2024-07-27 01:15:00,CNR1356170283,Success,CID147846,Auto,Rajarajeshwari Nagar,Kengeri,301.0,115.0,Not Applicable,Not Applicable,No,Not Applicable,700,Cash,17,3.7,3.7
2024-07-05 19:30:00,CNR1542022208,Canceled by Driver,CID653384,Prime Sedan,Chamarajpet,Kammanahalli,,,Not Applicable,Customer related issue,Not Applicable,Not Applicable,237,Not Applicable,0,,
2024-07-20 19:34:00,CNR6906416073,Canceled by Customer,CID854799,Bike,Shivajinagar,Sarjapur Road,,,Driver is not moving towards pickup location,Not Applicable,Not Applicable,Not Applicable,360,Not Applicable,0,,
2024-07-28 21:51:00,CNR3767688817,Driver Not Found,CID884215,Bike,Indiranagar,Majestic,,,Not Applicable,Not Applicable,Not Applicable,Not Applicable,262,Not Applicable,0,,
2024-07-24 13:32:00,CNR8693749448,Canceled by Customer,CID156829,eBike,Banashankari,Shivajinagar,,,Driver is not moving towards pickup location,Not Applicable,Not Applicable,Not Applicable,222,Not Applicable,0,,
2024-07-02 13:52:00,CNR7330232955,Canceled by Customer,CID471131,Prime Sedan,Kengeri,Banashankari,,,AC is Not working,Not Applicable,Not Applicable,Not Applicable,888,Not Applicable,0,,
2024-07-04 16:13:00,CNR3414724790,Success,CID271993,Auto,Langford Town,MG Road,98.0,85.0,Not Applicable,Not Applicable,No,Not Applicable,302,UPI,5,4.2,4.1
2024-07-08 21:25:00,CNR4010271902,Success,CID992239,Bike,Sarjapur Road,Nagarbhavi,119.0,90.0,Not Applicable,Not Applicable,No,Not Applicable,307,Cash,25,3.9,3.1
2024-07-26 23:03:00,CNR6592352036,Success,CID474125,Bike,Marathahalli,Marathahalli,259.0,100.0,Not Applicable,Not Applicable,Yes,Other Issue,476,Cash,12,4.3,4.8
2024-07-15 20:11:00,CNR6282016586,Success,CID221191,Prime SUV,BTM Layout,Mysore Road,126.0,50.0,Not Applicable,Not Applicable,No,Not Applicable,457,UPI,18,3.5,3.0
2024-07-22 04:25:00,CNR6446585722,Canceled by Driver,CID953715,Auto,Hosur Road,Mysore Road,,,Not Applicable,More than permitted people in there,Not Applicable,Not Applicable,167,Not Applicable,0,,
2024-07-18 13:57:00,CNR5754698752,Driver Not Found,CID872588,Bike,Tumkur Road,Peenya,,,Not Applicable,Not Applicable,Not Applicable,Not Applicable,415,Not Applicable,0,,
2024-07-22 18:57:00,CNR7962160295,Success,CID297189,eBike,Rajarajeshwari Nagar,Shantinagar,42.0,60.0,Not Applicable,Not Applicable,No,Not Applicable,163,Cash,12,4.4,5.0
2024-07-09 18:13:00,CNR5619831238,Success,CID392184,Prime SUV,Magadi Road,Hennur,196.0,40.0,Not Applicable,Not Applicable,No,Not Applicable,232,Cash,4,4.4,4.4
2024-07-22 08:52:00,CNR1695556966,Success,CID968452,Auto,Marathahalli,Hennur,266.0,115.0,Not Applicable,Not Applicable,Yes,Vehicle Breakdown,555,Cash,3,5.0,3.1
2024-07-14 06:02:00,CNR8150092907,Success,CID604444,Prime Sedan,Padmanabhanagar,Varthur,182.0,50.0,Not Applicable,Not Applicable,No,Not Applicable,439,Cash,36,4.1,4.5
2024-07-23 01:04:00,CNR1409166872,Success,CID107750,Bike,Koramangala,Padmanabhanagar,42.0,135.0,Not Applicable,Not Applicable,No,Not Applicable,970,Cash,49,3.0,4.8
2024-07-17 05:58:00,CNR6766985638,Success,CID387112,eBike,Magadi Road,Hennur,161.0,115.0,Not Applicable,Not Applicable,No,Not Applicable,421,UPI,13,3.5,3.1
2024-07-09 18:21:00,CNR1235514935,Success,CID775571,Auto,Cox Town,Kammanahalli,91.0,95.0,Not Applicable,Not Applicable,No,Not Applicable,209,Cash,7,3.7,3.8
2024-07-10 20:05:00,CNR5527149658,Driver Not Found,CID187104,Prime Sedan,Padmanabhanagar,Devanahalli,,,Not Applicable,Not Applicable,Not Applicable,Not Applicable,2552,Not Applicable,0,,
2024-07-12 02:46:00,CNR7489312383,Canceled by Driver,CID741470,Mini,Langford Town,Indiranagar,,,Not Applicable,More than permitted people in there,Not Applicable,Not Applicable,413,Not Applicable,0,,
2024-07-03 12:16:00,CNR5253198635,Success,CID899879,Prime SUV,Yeshwanthpur,Kadugodi,308.0,130.0,Not Applicable,Not Applicable,No,Not Applicable,126,Cash,30,4.0,4.5
2024-07-09 21:42:00,CNR6172634536,Success,CID677354,Mini,Mysore Road,Nagarbhavi,294.0,85.0,Not Applicable,Not Applicable,No,Not Applicable,155,Cash,8,4.5,3.1
2024-07-20 19:51:00,CNR3362305101,Success,CID737745,Mini,Hennur,HSR Layout,56.0,105.0,Not Applicable,Not Applicable,No,Not Applicable,356,UPI,13,4.4,3.6
2024-07-07 17:50:00,CNR9571582112,Canceled by Customer,CID823643,Prime Sedan,JP Nagar,Banashankari,,,Driver is not moving towards pickup location,Not Applicable,Not Applicable,Not Applicable,210,Not Applicable,0,,
2024-07-05 14:50:00,CNR3510614441,Success,CID974569,Auto,Shivajinagar,HSR Layout,105.0,40.0,Not Applicable,Not Applicable,No,Not Applicable,158,Cash,4,3.3,3.2
2024-07-10 22:09:00,CNR9687687865,Success,CID801764,Bike,Basavanagudi,Yelahanka,140.0,95.0,Not Applicable,Not Applicable,No,Not Applicable,343,Credit Card,32,3.2,3.3
2024-07-01 21:30:00,CNR4861526123,Canceled by Customer,CID755668,eBike,JP Nagar,Yelahanka,,,Driver asked to cancel,Not Applicable,Not Applicable,Not Applicable,172,Not Applicable,0,,
2024-07-13 17:50:00,CNR2441482091,Success,CID671605,Prime Plus,Sarjapur Road,Peenya,280.0,50.0,Not Applicable,Not Applicable,Yes,Other Issue,488,Cash,38,4.2,4.0
2024-07-22 06:33:00,CNR3044333210,Canceled by Customer,CID619183,eBike,KR Puram,Koramangala,,,Driver asked to cancel,Not Applicable,Not Applicable,Not Applicable,706,Not Applicable,0,,
2024-07-09 04:14:00,CNR4483315554,Success,CID573533,Auto,Ulsoor,Yelahanka,49.0,145.0,Not Applicable,Not Applicable,No,Not Applicable,402,Cash,18,3.0,3.1
2024-07-22 16:31:00,CNR6146668535,Success,CID847246,Auto,Hennur,Magadi Road,133.0,115.0,Not Applicable,Not Applicable,No,Not Applicable,230,Cash,14,3.3,3.1
2024-07-30 19:21:00,CNR5054039194,Success,CID518915,Prime Sedan,Ulsoor,Kammanahalli,168.0,75.0,Not Applicable,Not Applicable,No,Not Applicable,108,Cash,22,4.4,3.1
2024-07-17 06:47:00,CNR7955865062,Success,CID455968,Prime SUV,Richmond Town,Marathahalli,238.0,130.0,Not Applicable,Not Applicable,No,Not Applicable,101,UPI,24,3.8,4.5
2024-07-02 18:18:00,CNR4729487006,Canceled by Driver,CID255901,eBike,Nagarbhavi,Varthur,,,Not Applicable,Personal & Car related issue,Not Applicable,Not Applicable,1752,Not Applicable,0,,
2024-07-04 08:22:00,CNR2632583170,Canceled by Driver,CID338647,Bike,Padmanabhanagar,Rajarajeshwari Nagar,,,Not Applicable,More than permitted people in there,Not Applicable,Not Applicable,1056,Not Applicable,0,,
2024-07-17 21:21:00,CNR3646372364,Success,CID915862,eBike,Padmanabhanagar,Rajarajeshwari Nagar,147.0,25.0,Not Applicable,Not Applicable,Yes,Vehicle Breakdown,987,UPI,27,4.1,3.5
2024-07-26 21:04:00,CNR4744387940,Success,CID918900,eBike,Tumkur Road,Richmond Town,196.0,80.0,Not Applicable,Not Applicable,No,Not Applicable,323,UPI,35,4.0,4.5
2024-07-01 08:29:00,CNR9481803349,Success,CID113733,Auto,HSR Layout,Varthur,119.0,125.0,Not Applicable,Not Applicable,No,Not Applicable,170,UPI,19,3.6,4.3
2024-07-25 09:44:00,CNR5629561698,Canceled by Customer,CID128806,eBike,Yelahanka,JP Nagar,,,Driver is not moving towards pickup location,Not Applicable,Not Applicable,Not Applicable,160,Not Applicable,0,,
2024-07-14 00:23:00,CNR1912140621,Success,CID152141,Bike,Sahakar Nagar,Vijayanagar,189.0,115.0,Not Applicable,Not Applicable,No,Not Applicable,330,UPI,2,4.0,4.5
2024-07-30 09:03:00,CNR8890189338,Success,CID207576,Bike,Nagarbhavi,Bellandur,217.0,115.0,Not Applicable,Not Applicable,No,Not Applicable,428,Cash,8,3.9,4.7
2024-07-03 18:09:00,CNR6685132372,Canceled by Driver,CID239890,Prime Plus,Hebbal,Hulimavu,,,Not Applicable,Customer related issue,Not Applicable,Not Applicable,383,Not Applicable,0,,
2024-07-19 23:31:00,CNR3423989155,Success,CID134676,Prime SUV,Richmond Town,Hennur,112.0,80.0,Not Applicable,Not Applicable,No,Not Applicable,519,Cash,15,4.6,4.7
2024-07-15 06:19:00,CNR7393126405,Success,CID256690,Prime Plus,KR Puram,Tumkur Road,119.0,65.0,Not Applicable,Not Applicable,No,Not Applicable,321,Cash,44,4.4,4.3
2024-07-01 10:15:00,CNR6272571313,Success,CID941145,Mini,MG Road,Kammanahalli,175.0,75.0,Not Applicable,Not Applicable,No,Not Applicable,545,UPI,38,4.1,4.6
2024-07-30 05:55:00,CNR7836244727,Success,CID495664,Mini,Rajarajeshwari Nagar,Vijayanagar,266.0,125.0,Not Applicable,Not Applicable,No,Not Applicable,160,Credit Card,21,3.3,4.8
2024-07-12 23:32:00,CNR9933278252,Canceled by Driver,CID999226,Mini,Peenya,Kadugodi,,,Not Applicable,Customer was coughing/sick,Not Applicable,Not Applicable,232,Not Applicable,0,,
2024-07-29 07:43:00,CNR9152354869,Success,CID105158,Mini,Chamarajpet,Vijayanagar,252.0,135.0,Not Applicable,Not Applicable,No,Not Applicable,158,Debit Card,43,3.1,3.6
2024-07-25 21:08:00,CNR9315987750,Success,CID677932,Auto,Devanahalli,Ulsoor,308.0,130.0,Not Applicable,Not Applicable,No,Not Applicable,372,Cash,11,4.7,3.4
2024-07-03 16:58:00,CNR4731591430,Success,CID590377,Prime SUV,Kammanahalli,Hebbal,238.0,95.0,Not Applicable,Not Applicable,Yes,Customer Demand,685,Cash,3,4.0,3.9
2024-07-13 12:59:00,CNR3665968474,Driver Not Found,CID695367,Prime SUV,Shivajinagar,Rajarajeshwari Nagar,,,Not Applicable,Not Applicable,Not Applicable,Not Applicable,258,Not Applicable,0,,
2024-07-04 12:15:00,CNR3049570552,Success,CID614731,Prime SUV,Chickpet,HSR Layout,147.0,65.0,Not Applicable,Not Applicable,No,Not Applicable,143,Credit Card,47,4.1,3.9
2024-07-04 05:59:00,CNR6894424240,Canceled by Customer,CID113574,Prime Sedan,Tumkur Road,Tumkur Road,,,Driver is not moving towards pickup location,Not Applicable,Not Applicable,Not Applicable,268,Not Applicable,0,,
2024-07-28 01:13:00,CNR3634860969,Driver Not Found,CID456414,eBike,Basavanagudi,Rajarajeshwari Nagar,,,Not Applicable,Not Applicable,Not Applicable,Not Applicable,372,Not Applicable,0,,
2024-07-26 09:29:00,CNR2655767679,Success,CID768377,Prime SUV,Chamarajpet,Hebbal,301.0,100.0,Not Applicable,Not Applicable,No,Not Applicable,720,Cash,31,3.9,4.9
2024-07-30 07:40:00,CNR6607741739,Canceled by Customer,CID554038,Bike,Bellandur,Yelahanka,,,Driver asked to cancel,Not Applicable,Not Applicable,Not Applicable,254,Not Applicable,0,,
2024-07-13 23:07:00,CNR7048429793,Success,CID536867,Prime Plus,Koramangala,Koramangala,56.0,140.0,Not Applicable,Not Applicable,No,Not Applicable,2338,Cash,9,3.9,4.5
2024-07-13 05:01:00,CNR4547554455,Canceled by Customer,CID251623,Mini,Ramamurthy Nagar,Hennur,,,Driver asked to cancel,Not Applicable,Not Applicable,Not Applicable,474,Not Applicable,0,,
2024-07-14 23:11:00,CNR3266762649,Success,CID325597,eBike,Chamarajpet,Hosur Road,224.0,120.0,Not Applicable,Not Applicable,No,Not Applicable,288,UPI,8,3.8,3.2
2024-07-09 03:55:00,CNR8665708387,Success,CID563892,Auto,Frazer Town,RT Nagar,140.0,70.0,Not Applicable,Not Applicable,No,Not Applicable,847,Cash,15,3.4,3.9
2024-07-23 04:47:00,CNR9392901840,Canceled by Customer,CID286974,Auto,Kengeri,JP Nagar,,,AC is Not working,Not Applicable,Not Applicable,Not Applicable,805,Not Applicable,0,,
2024-07-18 21:35:00,CNR8809618682,Success,CID212677,Prime SUV,Ulsoor,Peenya,203.0,115.0,Not Applicable,Not Applicable,No,Not Applicable,146,UPI,23,4.4,4.9
2024-07-13 17:59:00,CNR5129575585,Success,CID866349,Bike,Koramangala,MG Road,273.0,140.0,Not Applicable,Not Applicable,No,Not Applicable,155,UPI,1,3.5,3.3
2024-07-06 03:33:00,CNR9540125286,Canceled by Customer,CID855294,Prime SUV,Mysore Road,Shantinagar,,,Change of plans,Not Applicable,Not Applicable,Not Applicable,771,Not Applicable,0,,
2024-07-02 07:56:00,CNR7342837826,Success,CID233918,Bike,Langford Town,Shivajinagar,154.0,135.0,Not Applicable,Not Applicable,No,Not Applicable,109,Cash,47,4.5,4.3
2024-07-29 06:25:00,CNR7284375887,Canceled by Driver,CID782183,Auto,Frazer Town,Whitefield,,,Not Applicable,Personal & Car related issue,Not Applicable,Not Applicable,128,Not Applicable,0,,
2024-07-21 19:28:00,CNR9136548968,Success,CID804128,Bike,Shivajinagar,Sahakar Nagar,56.0,110.0,Not Applicable,Not Applicable,No,Not Applicable,430,UPI,18,4.3,4.3
2024-07-26 06:55:00,CNR2493914062,Success,CID582293,Prime Sedan,Kadugodi,Bannerghatta Road,126.0,95.0,Not Applicable,Not Applicable,No,Not Applicable,477,Cash,37,4.3,4.9
2024-07-24 00:37:00,CNR5982284724,Canceled by Driver,CID986932,eBike,Yeshwanthpur,Chamarajpet,,,Not Applicable,Customer related issue,Not Applicable,Not Applicable,193,Not Applicable,0,,
2024-07-14 22:51:00,CNR6787415595,Canceled by Driver,CID603477,Prime Plus,Banashankari,Whitefield,,,Not Applicable,Customer related issue,Not Applicable,Not Applicable,280,Not Applicable,0,,
2024-07-02 08:30:00,CNR1190195039,Driver Not Found,CID306737,eBike,Kengeri,Yeshwanthpur,,,Not Applicable,Not Applicable,Not Applicable,Not Applicable,340,Not Applicable,0,,
2024-07-17 07:09:00,CNR8502084130,Success,CID746596,Bike,Yeshwanthpur,Mysore Road,154.0,85.0,Not Applicable,Not Applicable,No,Not Applicable,615,UPI,40,5.0,4.4
2024-07-15 13:58:00,CNR9077941992,Driver Not Found,CID418142,Mini,Rajajinagar,BTM Layout,,,Not Applicable,Not Applicable,Not Applicable,Not Applicable,379,Not Applicable,0,,
2024-07-07 15:46:00,CNR2059845511,Success,CID461050,eBike,MG Road,MG Road,168.0,45.0,Not Applicable,Not Applicable,No,Not Applicable,821,Cash,16,4.8,4.6
2024-07-27 15:01:00,CNR4304265603,Canceled by Customer,CID578741,eBike,HSR Layout,BTM Layout,,,Driver asked to cancel,Not Applicable,Not Applicable,Not Applicable,190,Not Applicable,0,,
2024-07-02 14:40:00,CNR1362834164,Success,CID586449,Prime Plus,RT Nagar,Langford Town,252.0,100.0,Not Applicable,Not Applicable,No,Not Applicable,113,Cash,43,4.6,4.3
2024-07-01 04:36:00,CNR9975111692,Success,CID613909,Bike,Rajajinagar,Hulimavu,77.0,70.0,Not Applicable,Not Applicable,No,Not Applicable,304,Cash,43,3.5,3.8
2024-07-10 02:28:00,CNR4935087235,Driver Not Found,CID322592,eBike,Yelahanka,Ulsoor,,,Not Applicable,Not Applicable,Not Applicable,Not Applicable,492,Not Applicable,0,,
2024-07-12 13:29:00,CNR8858702824,Success,CID374011,Prime Plus,Sarjapur Road,Sahakar Nagar,252.0,55.0,Not Applicable,Not Applicable,No,Not Applicable,395,Cash,17,3.3,3.6
2024-07-12 20:27:00,CNR4669411251,Success,CID170878,Mini,Koramangala,Devanahalli,105.0,100.0,Not Applicable,Not Applicable,No,Not Applicable,848,UPI,11,4.5,4.8
2024-07-24 21:19:00,CNR2944584951,Canceled by Customer,CID419592,Mini,Cox Town,Mysore Road,,,Driver asked to cancel,Not Applicable,Not Applicable,Not Applicable,298,Not Applicable,0,,
2024-07-03 22:14:00,CNR1007480625,Success,CID468411,Bike,Hebbal,RT Nagar,217.0,65.0,Not Applicable,Not Applicable,No,Not Applicable,175,Cash,5,3.4,4.1
2024-07-10 17:46:00,CNR3518599631,Success,CID385711,Mini,JP Nagar,KR Puram,252.0,125.0,Not Applicable,Not Applicable,Yes,Customer Demand,702,Cash,30,3.4,3.9
2024-07-16 23:36:00,CNR9831512882,Driver Not Found,CID149357,Bike,Malleshwaram,Devanahalli,,,Not Applicable,Not Applicable,Not Applicable,Not Applicable,509,Not Applicable,0,,
2024-07-15 22:13:00,CNR1126558709,Driver Not Found,CID925439,Prime Plus,Electronic City,Rajarajeshwari Nagar,,,Not Applicable,Not Applicable,Not Applicable,Not Applicable,294,Not Applicable,0,,
2024-07-17 06:40:00,CNR9824284357,Success,CID227405,Auto,Marathahalli,Kengeri,91.0,90.0,Not Applicable,Not Applicable,No,Not Applicable,751,Cash,5,4.0,3.6
2024-07-28 04:35:00,CNR4524452313,Canceled by Customer,CID542804,Prime SUV,Mysore Road,Basavanagudi,,,AC is Not working,Not Applicable,Not Applicable,Not Applicable,196,Not Applicable,0,,
2024-07-10 22:01:00,CNR3462118145,Canceled by Customer,CID786172,Bike,Langford Town,Majestic,,,Driver is not moving towards pickup location,Not Applicable,Not Applicable,Not Applicable,493,Not Applicable,0,,
2024-07-12 22:55:00,CNR8672041405,Success,CID620093,Prime SUV,Yeshwanthpur,Langford Town,238.0,80.0,Not Applicable,Not Applicable,No,Not Applicable,491,UPI,19,3.7,4.4
2024-07-02 09:56:00,CNR4084431439,Success,CID470162,eBike,RT Nagar,Shivajinagar,35.0,100.0,Not Applicable,Not Applicable,No,Not Applicable,462,Cash,8,3.4,4.7
2024-07-17 07:40:00,CNR5731919411,Success,CID708256,Mini,RT Nagar,Langford Town,91.0,55.0,Not Applicable,Not Applicable,No,Not Applicable,211,UPI,35,3.2,3.1
2024-07-10 00:17:00,CNR9316747626,Success,CID277734,Auto,Magadi Road,Banashankari,140.0,50.0,Not Applicable,Not Applicable,No,Not Applicable,101,Debit Card,10,4.7,3.4
2024-07-16 09:00:00,CNR1312580913,Success,CID968531,Prime Plus,Ulsoor,Shantinagar,154.0,90.0,Not Applicable,Not Applicable,No,Not Applicable,104,UPI,12,3.2,3.6
2024-07-25 08:19:00,CNR4747321710,Success,CID802887,Mini,Banashankari,BTM Layout,196.0,80.0,Not Applicable,Not Applicable,No,Not Applicable,487,UPI,25,4.1,4.0
2024-07-04 01:39:00,CNR9024836665,Success,CID242118,Bike,Frazer Town,Vijayanagar,42.0,40.0,Not Applicable,Not Applicable,No,Not Applicable,265,UPI,45,3.7,3.1
2024-07-15 08:13:00,CNR3066623976,Canceled by Driver,CID278128,Mini,Bellandur,Mysore Road,,,Not Applicable,Personal & Car related issue,Not Applicable,Not Applicable,715,Not Applicable,0,,
2024-07-29 08:51:00,CNR5476444683,Canceled by Driver,CID899109,Prime Sedan,RT Nagar,Hulimavu,,,Not Applicable,Personal & Car related issue,Not Applicable,Not Applicable,2493,Not Applicable,0,,
2024-07-16 17:35:00,CNR8119572320,Canceled by Driver,CID658272,Mini,Ulsoor,Electronic City,,,Not Applicable,Personal & Car related issue,Not Applicable,Not Applicable,597,Not Applicable,0,,
2024-07-20 07:39:00,CNR5885452512,Success,CID331818,Bike,Kammanahalli,RT Nagar,245.0,135.0,Not Applicable,Not Applicable,No,Not Applicable,366,Cash,34,3.3,3.2
2024-07-16 19:47:00,CNR7082724240,Success,CID375233,Auto,KR Puram,Rajajinagar,112.0,130.0,Not Applicable,Not Applicable,No,Not Applicable,323,UPI,19,4.2,4.9
2024-07-18 08:25:00,CNR6178089555,Success,CID610235,Prime Sedan,Hosur Road,Indiranagar,175.0,55.0,Not Applicable,Not Applicable,No,Not Applicable,237,UPI,29,3.3,4.5
2024-07-24 08:16:00,CNR3778123675,Canceled by Customer,CID851273,Prime SUV,Bannerghatta Road,Ulsoor,,,Driver is not moving towards pickup location,Not Applicable,Not Applicable,Not Applicable,386,Not Applicable,0,,
2024-07-20 02:54:00,CNR1556687113,Canceled by Customer,CID940423,Auto,KR Puram,Whitefield,,,Wrong Address,Not Applicable,Not Applicable,Not Applicable,306,Not Applicable,0,,
2024-07-04 06:13:00,CNR5355207317,Driver Not Found,CID869772,eBike,Magadi Road,Vijayanagar,,,Not Applicable,Not Applicable,Not Applicable,Not Applicable,1871,Not Applicable,0,,
2024-07-14 18:12:00,CNR6128754504,Success,CID732051,eBike,MG Road,Ramamurthy Nagar,182.0,110.0,Not Applicable,Not Applicable,No,Not Applicable,281,Cash,42,4.7,4.7
2024-07-28 02:42:00,CNR8808753693,Driver Not Found,CID129476,Auto,Hosur Road,Koramangala,,,Not Applicable,Not Applicable,Not Applicable,Not Applicable,430,Not Applicable,0,,
2024-07-14 07:46:00,CNR3391821947,Canceled by Driver,CID498785,Bike,Kengeri,Vijayanagar,,,Not Applicable,Customer related issue,Not Applicable,Not Applicable,2182,Not Applicable,0,,
2024-07-13 00:59:00,CNR4783106846,Success,CID456645,Prime Plus,Chickpet,Rajarajeshwari Nagar,308.0,140.0,Not Applicable,Not Applicable,No,Not Applicable,340,Debit Card,43,3.9,4.3
2024-07-14 08:24:00,CNR4628021708,Driver Not Found,CID846410,Auto,Indiranagar,Bellandur,,,Not Applicable,Not Applicable,Not Applicable,Not Applicable,461,Not Applicable,0,,
2024-07-26 17:00:00,CNR6142926872,Success,CID529549,Bike,MG Road,BTM Layout,308.0,120.0,Not Applicable,Not Applicable,No,Not Applicable,194,Cash,9,3.2,4.4
2024-07-12 21:44:00,CNR1169546714,Canceled by Customer,CID858012,Prime Plus,Shivajinagar,Magadi Road,,,Change of plans,Not Applicable,Not Applicable,Not Applicable,799,Not Applicable,0,,
2024-07-16 01:00:00,CNR9348232391,Success,CID960165,Mini,Sahakar Nagar,BTM Layout,294.0,145.0,Not Applicable,Not Applicable,Yes,Customer Demand,177,Cash,49,4.2,4.9
2024-07-25 21:43:00,CNR7680690833,Success,CID387774,Prime Sedan,Majestic,Mysore Road,168.0,105.0,Not Applicable,Not Applicable,No,Not Applicable,764,UPI,15,4.4,4.5
2024-07-29 18:21:00,CNR4884026030,Success,CID655961,Bike,Chickpet,Yeshwanthpur,42.0,65.0,Not Applicable,Not Applicable,Yes,Customer Demand,105,UPI,21,4.0,4.9
2024-07-09 08:21:00,CNR8917357994,Success,CID199712,Auto,Peenya,RT Nagar,63.0,85.0,Not Applicable,Not Applicable,No,Not Applicable,249,UPI,11,3.9,4.9
2024-07-07 09:36:00,CNR8492761379,Canceled by Driver,CID263548,Auto,Malleshwaram,Mysore Road,,,Not Applicable,More than permitted people in there,Not Applicable,Not Applicable,127,Not Applicable,0,,
2024-07-11 17:01:00,CNR2213210276,Success,CID944501,Mini,Bellandur,Bellandur,168.0,50.0,Not Applicable,Not Applicable,No,Not Applicable,270,UPI,38,4.4,3.6
2024-07-14 06:39:00,CNR2238183634,Success,CID869119,Mini,Vijayanagar,Koramangala,35.0,50.0,Not Applicable,Not Applicable,No,Not Applicable,338,Cash,43,4.7,3.6
2024-07-24 12:19:00,CNR7950480583,Success,CID474055,Prime SUV,Shantinagar,KR Puram,175.0,140.0,Not Applicable,Not Applicable,Yes,Vehicle Breakdown,162,Cash,46,3.0,3.8
2024-07-21 23:47:00,CNR1406551298,Success,CID543194,Prime Sedan,Sarjapur Road,Rajajinagar,154.0,40.0,Not Applicable,Not Applicable,No,Not Applicable,266,Credit Card,9,3.9,4.6
2024-07-22 03:55:00,CNR8095315372,Success,CID146082,Prime SUV,Koramangala,Electronic City,56.0,85.0,Not Applicable,Not Applicable,No,Not Applicable,121,Cash,14,3.9,4.1
2024-07-22 10:56:00,CNR7192197994,Success,CID451104,Prime Sedan,MG Road,JP Nagar,154.0,25.0,Not Applicable,Not Applicable,No,Not Applicable,318,Cash,21,4.3,3.9
2024-07-27 21:52:00,CNR3457087045,Driver Not Found,CID348793,Prime SUV,JP Nagar,Yelahanka,,,Not Applicable,Not Applicable,Not Applicable,Not Applicable,471,Not Applicable,0,,
2024-07-22 16:33:00,CNR2616476169,Success,CID847107,Prime Sedan,Malleshwaram,Vijayanagar,49.0,145.0,Not Applicable,Not Applicable,No,Not Applicable,566,UPI,14,3.2,3.2
2024-07-19 08:01:00,CNR7839246936,Success,CID544477,Prime SUV,HSR Layout,BTM Layout,161.0,70.0,Not Applicable,Not Applicable,No,Not Applicable,153,UPI,34,4.7,4.4
2024-07-11 05:20:00,CNR5040642079,Canceled by Driver,CID172868,eBike,JP Nagar,Hosur Road,,,Not Applicable,More than permitted people in there,Not Applicable,Not Applicable,747,Not Applicable,0,,
2024-07-16 18:47:00,CNR6070438975,Success,CID282758,Prime Sedan,Magadi Road,Mysore Road,56.0,105.0,Not Applicable,Not Applicable,No,Not Applicable,324,Debit Card,33,4.2,3.2
2024-07-28 07:19:00,CNR3462108189,Success,CID155321,Prime SUV,Ramamurthy Nagar,Peenya,49.0,45.0,Not Applicable,Not Applicable,No,Not Applicable,693,Cash,45,3.1,4.4
2024-07-30 23:45:00,CNR7651561349,Driver Not Found,CID265955,Prime SUV,Indiranagar,Rajarajeshwari Nagar,,,Not Applicable,Not Applicable,Not Applicable,Not Applicable,797,Not Applicable,0,,
2024-07-07 23:46:00,CNR1843658612,Success,CID859574,Prime SUV,Electronic City,Basavanagudi,70.0,40.0,Not Applicable,Not Applicable,No,Not Applicable,550,Cash,1,4.3,3.4
2024-07-07 10:52:00,CNR8455707674,Success,CID565603,Bike,Peenya,Kammanahalli,168.0,70.0,Not Applicable,Not Applicable,No,Not Applicable,737,Cash,43,4.0,4.7
2024-07-16 15:14:00,CNR4270428522,Driver Not Found,CID102835,Prime Sedan,Mysore Road,Shantinagar,,,Not Applicable,Not Applicable,Not Applicable,Not Applicable,246,Not Applicable,0,,
2024-07-09 21:26:00,CNR8764764767,Canceled by Driver,CID734463,Prime SUV,Peenya,Mysore Road,,,Not Applicable,Personal & Car related issue,Not Applicable,Not Applicable,714,Not Applicable,0,,
2024-07-10 08:09:00,CNR5716474017,Driver Not Found,CID324276,Bike,MG Road,BTM Layout,,,Not Applicable,Not Applicable,Not Applicable,Not Applicable,356,Not Applicable,0,,
2024-07-02 04:26:00,CNR6861921688,Success,CID739345,Bike,MG Road,Devanahalli,182.0,130.0,Not Applicable,Not Applicable,No,Not Applicable,330,UPI,6,3.0,3.2
2024-07-29 08:01:00,CNR3775513706,Driver Not Found,CID593880,Prime Sedan,Banashankari,Whitefield,,,Not Applicable,Not Applicable,Not Applicable,Not Applicable,499,Not Applicable,0,,
2024-07-17 23:32:00,CNR2285079274,Canceled by Driver,CID277150,Prime Plus,Cox Town,Hennur,,,Not Applicable,Customer was coughing/sick,Not Applicable,Not Applicable,800,Not Applicable,0,,
2024-07-09 04:58:00,CNR5943481989,Canceled by Driver,CID171659,eBike,Bannerghatta Road,Yelahanka,,,Not Applicable,Customer was coughing/sick,Not Applicable,Not Applicable,337,Not Applicable,0,,
2024-07-23 09:07:00,CNR4081672245,Success,CID824341,Bike,Kammanahalli,Hosur Road,182.0,140.0,Not Applicable,Not Applicable,No,Not Applicable,697,Cash,49,3.8,3.5
2024-07-14 10:11:00,CNR2350890223,Success,CID427645,eBike,Richmond Town,Kadugodi,196.0,35.0,Not Applicable,Not Applicable,No,Not Applicable,437,Cash,32,3.5,3.6
2024-07-29 07:21:00,CNR5102135239,Success,CID314638,Mini,Nagarbhavi,Koramangala,210.0,85.0,Not Applicable,Not Applicable,No,Not Applicable,235,Cash,19,3.3,3.7
2024-07-07 09:44:00,CNR8847851753,Canceled by Customer,CID319338,Auto,Magadi Road,Marathahalli,,,Driver asked to cancel,Not Applicable,Not Applicable,Not Applicable,290,Not Applicable,0,,
2024-07-03 15:08:00,CNR3217531321,Canceled by Customer,CID803240,Bike,Malleshwaram,Malleshwaram,,,Change of plans,Not Applicable,Not Applicable,Not Applicable,150,Not Applicable,0,,
2024-07-26 14:48:00,CNR1409944404,Canceled by Driver,CID977650,Mini,Ulsoor,Jayanagar,,,Not Applicable,Personal & Car related issue,Not Applicable,Not Applicable,170,Not Applicable,0,,
2024-07-14 21:18:00,CNR8329688120,Canceled by Customer,CID588943,Bike,Hosur Road,MG Road,,,Driver is not moving towards pickup location,Not Applicable,Not Applicable,Not Applicable,410,Not Applicable,0,,
2024-07-26 00:07:00,CNR6464485003,Canceled by Customer,CID713124,eBike,BTM Layout,Frazer Town,,,Driver is not moving towards pickup location,Not Applicable,Not Applicable,Not Applicable,291,Not Applicable,0,,
2024-07-19 07:55:00,CNR3888243472,Success,CID420036,Prime SUV,Padmanabhanagar,Frazer Town,56.0,135.0,Not Applicable,Not Applicable,No,Not Applicable,495,Cash,8,4.8,4.3
2024-07-01 04:05:00,CNR2292825015,Success,CID779767,Prime Sedan,Majestic,HSR Layout,77.0,90.0,Not Applicable,Not Applicable,No,Not Applicable,227,Cash,45,4.3,4.2
2024-07-15 09:53:00,CNR2376545176,Success,CID723791,Prime SUV,KR Puram,BTM Layout,189.0,75.0,Not Applicable,Not Applicable,Yes,Customer Demand,263,Cash,24,4.2,3.4
2024-07-08 07:25:00,CNR5586352222,Success,CID237782,eBike,Hulimavu,Bannerghatta Road,49.0,50.0,Not Applicable,Not Applicable,No,Not Applicable,816,Cash,12,4.2,4.4
2024-07-24 08:46:00,CNR9339656843,Success,CID737711,Prime Sedan,Hennur,KR Puram,259.0,35.0,Not Applicable,Not Applicable,No,Not Applicable,177,Cash,2,3.7,3.8
2024-07-19 13:56:00,CNR2978763657,Canceled by Customer,CID995203,Auto,Cox Town,Padmanabhanagar,,,AC is Not working,Not Applicable,Not Applicable,Not Applicable,358,Not Applicable,0,,
2024-07-24 01:02:00,CNR5782130693,Success,CID486941,Auto,Rajajinagar,Rajarajeshwari Nagar,301.0,110.0,Not Applicable,Not Applicable,No,Not Applicable,304,Cash,2,4.4,4.3
2024-07-11 11:17:00,CNR6959038623,Success,CID771880,Auto,Nagarbhavi,Kengeri,238.0,85.0,Not Applicable,Not Applicable,No,Not Applicable,267,UPI,17,4.0,3.8
2024-07-25 15:31:00,CNR1360148882,Canceled by Driver,CID508179,Mini,Mysore Road,Electronic City,,,Not Applicable,Customer related issue,Not Applicable,Not Applicable,498,Not Applicable,0,,
2024-07-25 12:36:00,CNR7128078178,Success,CID522565,Prime SUV,Yelahanka,MG Road,308.0,125.0,Not Applicable,Not Applicable,No,Not Applicable,923,Cash,46,3.8,3.7
2024-07-22 21:20:00,CNR3084314184,Success,CID120183,Auto,Electronic City,Richmond Town,112.0,25.0,Not Applicable,Not Applicable,No,Not Applicable,349,UPI,3,4.2,3.4
2024-07-17 13:03:00,CNR1150294884,Success,CID796940,Auto,Chamarajpet,Magadi Road,224.0,45.0,Not Applicable,Not Applicable,No,Not Applicable,490,UPI,9,3.0,4.2
2024-07-22 11:05:00,CNR4097431486,Success,CID797132,Auto,Tumkur Road,Magadi Road,133.0,120.0,Not Applicable,Not Applicable,No,Not Applicable,238,Cash,13,4.3,4.9
2024-07-01 18:01:00,CNR2492446571,Success,CID604309,Prime SUV,Indiranagar,Bannerghatta Road,245.0,120.0,Not Applicable,Not Applicable,No,Not Applicable,355,UPI,36,3.9,4.2
2024-07-04 07:52:00,CNR6701525046,Success,CID437474,Prime Plus,Whitefield,KR Puram,231.0,50.0,Not Applicable,Not Applicable,No,Not Applicable,451,Cash,22,4.7,3.3
2024-07-18 16:15:00,CNR3737228870,Canceled by Driver,CID619595,eBike,Rajarajeshwari Nagar,Ramamurthy Nagar,,,Not Applicable,Customer was coughing/sick,Not Applicable,Not Applicable,774,Not Applicable,0,,
2024-07-17 14:27:00,CNR9180111637,Canceled by Customer,CID174774,Prime Sedan,Chamarajpet,Chamarajpet,,,Change of plans,Not Applicable,Not Applicable,Not Applicable,281,Not Applicable,0,,
2024-07-21 04:23:00,CNR8982616126,Driver Not Found,CID691624,Mini,Shivajinagar,Devanahalli,,,Not Applicable,Not Applicable,Not Applicable,Not Applicable,225,Not Applicable,0,,
2024-07-09 16:08:00,CNR9694552797,Success,CID357794,eBike,Ramamurthy Nagar,BTM Layout,154.0,140.0,Not Applicable,Not Applicable,No,Not Applicable,837,Cash,39,4.2,4.7
2024-07-27 10:19:00,CNR3484871041,Canceled by Driver,CID827709,Prime Sedan,BTM Layout,Sarjapur Road,,,Not Applicable,More than permitted people in there,Not Applicable,Not Applicable,2241,Not Applicable,0,,
2024-07-26 23:23:00,CNR5813198464,Success,CID340557,Prime SUV,Devanahalli,Devanahalli,168.0,90.0,Not Applicable,Not Applicable,No,Not Applicable,269,Cash,18,4.7,3.7
2024-07-05 01:11:00,CNR2446345937,Success,CID604832,Prime Sedan,Marathahalli,Ramamurthy Nagar,70.0,65.0,Not Applicable,Not Applicable,No,Not Applicable,288,UPI,2,3.8,4.8
2024-07-10 07:06:00,CNR2123087430,Success,CID842287,Mini,Varthur,Hulimavu,63.0,75.0,Not Applicable,Not Applicable,No,Not Applicable,180,UPI,11,3.7,4.6
2024-07-07 00:18:00,CNR1726892719,Success,CID609287,eBike,Koramangala,Shantinagar,168.0,105.0,Not Applicable,Not Applicable,No,Not Applicable,385,UPI,4,3.0,3.2
2024-07-06 21:28:00,CNR1463717344,Driver Not Found,CID190887,Bike,Bannerghatta Road,Hebbal,,,Not Applicable,Not Applicable,Not Applicable,Not Applicable,115,Not Applicable,0,,
2024-07-20 09:18:00,CNR3426316326,Canceled by Customer,CID864223,Prime SUV,Rajajinagar,Varthur,,,AC is Not working,Not Applicable,Not Applicable,Not Applicable,131,Not Applicable,0,,
2024-07-19 08:21:00,CNR9223893700,Success,CID427214,Mini,Koramangala,Frazer Town,119.0,60.0,Not Applicable,Not Applicable,No,Not Applicable,111,Cash,24,4.0,5.0
2024-07-28 18:47:00,CNR6805888505,Success,CID480246,Prime SUV,Majestic,Marathahalli,98.0,105.0,Not Applicable,Not Applicable,No,Not Applicable,433,Cash,48,4.9,4.0
2024-07-27 23:35:00,CNR4596627114,Driver Not Found,CID422291,Bike,Varthur,Bellandur,,,Not Applicable,Not Applicable,Not Applicable,Not Applicable,337,Not Applicable,0,,
2024-07-15 19:03:00,CNR7724950277,Success,CID267046,Prime Sedan,Electronic City,Ramamurthy Nagar,112.0,120.0,Not Applicable,Not Applicable,No,Not Applicable,2511,Cash,31,4.8,4.7
2024-07-15 21:05:00,CNR1639278486,Driver Not Found,CID327334,Prime Plus,Kadugodi,Hebbal,,,Not Applicable,Not Applicable,Not Applicable,Not Applicable,986,Not Applicable,0,,
2024-07-06 23:29:00,CNR5665330704,Driver Not Found,CID139033,Auto,BTM Layout,Yeshwanthpur,,,Not Applicable,Not Applicable,Not Applicable,Not Applicable,980,Not Applicable,0,,
2024-07-05 01:59:00,CNR3057789651,Success,CID665697,Auto,Ramamurthy Nagar,Cox Town,56.0,95.0,Not Applicable,Not Applicable,No,Not Applicable,163,Cash,1,3.3,4.3
2024-07-24 05:22:00,CNR1469285886,Driver Not Found,CID375413,Auto,Kadugodi,Kengeri,,,Not Applicable,Not Applicable,Not Applicable,Not Applicable,229,Not Applicable,0,,
2024-07-05 12:25:00,CNR5783972124,Success,CID770043,Mini,Magadi Road,Langford Town,238.0,95.0,Not Applicable,Not Applicable,No,Not Applicable,444,Cash,18,4.5,3.7
2024-07-01 15:45:00,CNR5454072001,Success,CID260005,Prime Plus,Richmond Town,Padmanabhanagar,56.0,55.0,Not Applicable,Not Applicable,No,Not Applicable,786,Cash,41,3.2,4.4
2024-07-01 10:28:00,CNR5969282409,Canceled by Driver,CID521178,Prime SUV,Sarjapur Road,Tumkur Road,,,Not Applicable,Customer related issue,Not Applicable,Not Applicable,919,Not Applicable,0,,
2024-07-29 16:19:00,CNR8439613417,Success,CID270879,Prime Sedan,Kengeri,Padmanabhanagar,175.0,100.0,Not Applicable,Not Applicable,No,Not Applicable,538,Credit Card,19,3.7,3.8
2024-07-17 15:58:00,CNR8391040164,Canceled by Customer,CID274030,Prime Sedan,Shivajinagar,Hebbal,,,Change of plans,Not Applicable,Not Applicable,Not Applicable,287,Not Applicable,0,,
2024-07-10 01:44:00,CNR9756925306,Success,CID382496,Prime SUV,Devanahalli,Magadi Road,112.0,95.0,Not Applicable,Not Applicable,No,Not Applicable,357,UPI,49,3.1,3.5
2024-07-13 16:34:00,CNR5898923467,Success,CID424018,Prime SUV,RT Nagar,Chickpet,231.0,120.0,Not Applicable,Not Applicable,No,Not Applicable,209,UPI,1,4.7,3.9
2024-07-25 12:54:00,CNR2726090807,Success,CID487919,Prime Sedan,Yeshwanthpur,Shivajinagar,189.0,55.0,Not Applicable,Not Applicable,No,Not Applicable,211,UPI,3,4.9,3.1
2024-07-13 00:08:00,CNR7366283226,Canceled by Customer,CID620942,eBike,Rajarajeshwari Nagar,Chickpet,,,Change of plans,Not Applicable,Not Applicable,Not Applicable,388,Not Applicable,0,,
2024-07-08 18:50:00,CNR7694329632,Canceled by Driver,CID971008,Auto,Kammanahalli,Koramangala,,,Not Applicable,Customer related issue,Not Applicable,Not Applicable,265,Not Applicable,0,,
2024-07-14 23:51:00,CNR1166919022,Canceled by Driver,CID662218,Bike,Electronic City,Nagarbhavi,,,Not Applicable,More than permitted people in there,Not Applicable,Not Applicable,1223,Not Applicable,0,,
2024-07-17 07:53:00,CNR6464619001,Success,CID878177,Bike,Sarjapur Road,RT Nagar,189.0,90.0,Not Applicable,Not Applicable,No,Not Applicable,409,Cash,5,3.9,3.8
2024-07-19 10:18:00,CNR4929034014,Success,CID612883,eBike,Electronic City,Rajarajeshwari Nagar,140.0,65.0,Not Applicable,Not Applicable,No,Not Applicable,660,UPI,24,3.1,4.0
2024-07-29 20:46:00,CNR7581037643,Driver Not Found,CID160521,Bike,Shantinagar,Majestic,,,Not Applicable,Not Applicable,Not Applicable,Not Applicable,423,Not Applicable,0,,
2024-07-15 20:39:00,CNR5004861166,Canceled by Customer,CID908936,Bike,Chickpet,Yelahanka,,,Driver is not moving towards pickup location,Not Applicable,Not Applicable,Not Applicable,184,Not Applicable,0,,
2024-07-17 04:31:00,CNR9955027370,Success,CID283740,Prime SUV,Jayanagar,MG Road,252.0,30.0,Not Applicable,Not Applicable,No,Not Applicable,725,Cash,10,4.0,4.0
2024-07-22 03:36:00,CNR2373495199,Success,CID644107,Mini,Tumkur Road,Tumkur Road,217.0,30.0,Not Applicable,Not Applicable,No,Not Applicable,210,UPI,33,4.0,3.9
2024-07-24 16:09:00,CNR9006390082,Success,CID260655,Auto,Tumkur Road,Tumkur Road,77.0,45.0,Not Applicable,Not Applicable,No,Not Applicable,129,Cash,18,4.7,4.4
2024-07-10 08:58:00,CNR6104806205,Success,CID157014,Prime Sedan,Vijayanagar,Koramangala,105.0,85.0,Not Applicable,Not Applicable,No,Not Applicable,192,UPI,19,4.8,4.1
2024-07-16 22:17:00,CNR1893970718,Driver Not Found,CID853245,Prime SUV,Yelahanka,Chamarajpet,,,Not Applicable,Not Applicable,Not Applicable,Not Applicable,247,Not Applicable,0,,
2024-07-15 20:25:00,CNR2792140020,Success,CID156405,Prime Sedan,Vijayanagar,Marathahalli,126.0,40.0,Not Applicable,Not Applicable,No,Not Applicable,161,Cash,10,3.1,4.2
2024-07-15 08:17:00,CNR6385885570,Canceled by Customer,CID349462,Mini,Nagarbhavi,Shantinagar,,,AC is Not working,Not Applicable,Not Applicable,Not Applicable,398,Not Applicable,0,,
2024-07-14 00:11:00,CNR9848725638,Success,CID617461,eBike,Yeshwanthpur,Basavanagudi,308.0,45.0,Not Applicable,Not Applicable,No,Not Applicable,323,Cash,27,4.9,4.8
2024-07-25 18:18:00,CNR9703081715,Driver Not Found,CID746129,Prime Sedan,Majestic,Rajarajeshwari Nagar,,,Not Applicable,Not Applicable,Not Applicable,Not Applicable,2237,Not Applicable,0,,
2024-07-01 18:39:00,CNR5483720472,Canceled by Driver,CID857421,Prime Sedan,Majestic,Frazer Town,,,Not Applicable,Customer related issue,Not Applicable,Not Applicable,295,Not Applicable,0,,
2024-07-14 03:55:00,CNR4269197548,Success,CID343915,Prime Plus,KR Puram,Cox Town,280.0,95.0,Not Applicable,Not Applicable,No,Not Applicable,296,UPI,25,4.8,4.9
2024-07-04 20:24:00,CNR2994932491,Canceled by Driver,CID762017,Prime Plus,Majestic,Kammanahalli,,,Not Applicable,More than permitted people in there,Not Applicable,Not Applicable,120,Not Applicable,0,,
2024-07-26 08:33:00,CNR2475778362,Success,CID338324,Bike,Bellandur,Magadi Road,217.0,105.0,Not Applicable,Not Applicable,No,Not Applicable,242,Cash,24,4.3,4.1
2024-07-09 23:27:00,CNR1774760497,Success,CID140092,Mini,Sahakar Nagar,Devanahalli,308.0,25.0,Not Applicable,Not Applicable,No,Not Applicable,330,UPI,18,4.3,4.0
2024-07-02 17:04:00,CNR4818277278,Success,CID867482,Prime Sedan,Rajarajeshwari Nagar,Hosur Road,301.0,130.0,Not Applicable,Not Applicable,No,Not Applicable,474,UPI,38,4.2,4.7
2024-07-08 23:32:00,CNR4156747913,Driver Not Found,CID893973,Prime SUV,Ramamurthy Nagar,Sarjapur Road,,,Not Applicable,Not Applicable,Not Applicable,Not Applicable,200,Not Applicable,0,,
2024-07-04 09:52:00,CNR5882087520,Canceled by Driver,CID542136,Prime Plus,Tumkur Road,Whitefield,,,Not Applicable,Customer was coughing/sick,Not Applicable,Not Applicable,751,Not Applicable,0,,
2024-07-09 05:19:00,CNR8481561238,Canceled by Driver,CID254124,Prime Sedan,Yelahanka,Chamarajpet,,,Not Applicable,Personal & Car related issue,Not Applicable,Not Applicable,280,Not Applicable,0,,
2024-07-17 05:04:00,CNR2786734443,Success,CID651356,Prime Sedan,Indiranagar,Yeshwanthpur,63.0,50.0,Not Applicable,Not Applicable,No,Not Applicable,359,Cash,49,4.9,3.8
2024-07-05 07:56:00,CNR6749146671,Success,CID645411,Prime SUV,Jayanagar,Koramangala,189.0,95.0,Not Applicable,Not Applicable,No,Not Applicable,408,Cash,44,3.6,3.2
2024-07-07 01:31:00,CNR6383029025,Driver Not Found,CID439510,Bike,Nagarbhavi,Vijayanagar,,,Not Applicable,Not Applicable,Not Applicable,Not Applicable,819,Not Applicable,0,,
2024-07-30 07:16:00,CNR8819803978,Success,CID101501,Auto,MG Road,Kammanahalli,56.0,80.0,Not Applicable,Not Applicable,No,Not Applicable,1054,Cash,3,3.1,3.6
2024-07-25 05:46:00,CNR4934081103,Success,CID366247,Prime Plus,Ramamurthy Nagar,Majestic,112.0,50.0,Not Applicable,Not Applicable,No,Not Applicable,194,Cash,4,4.2,3.8
2024-07-27 08:57:00,CNR6665134922,Driver Not Found,CID994388,eBike,Yeshwanthpur,Basavanagudi,,,Not Applicable,Not Applicable,Not Applicable,Not Applicable,170,Not Applicable,0,,
2024-07-16 17:30:00,CNR1001719750,Success,CID962164,Prime Sedan,Yeshwanthpur,Hebbal,168.0,75.0,Not Applicable,Not Applicable,No,Not Applicable,224,Cash,24,3.4,4.6
2024-07-07 07:54:00,CNR2780881727,Success,CID935523,Prime SUV,Mysore Road,Rajarajeshwari Nagar,301.0,70.0,Not Applicable,Not Applicable,No,Not Applicable,128,UPI,32,4.7,4.6
2024-07-17 17:25:00,CNR1567106479,Canceled by Driver,CID583529,eBike,Hebbal,Hosur Road,,,Not Applicable,Personal & Car related issue,Not Applicable,Not Applicable,369,Not Applicable,0,,
2024-07-09 20:45:00,CNR7999009234,Success,CID554971,eBike,Banashankari,Marathahalli,49.0,100.0,Not Applicable,Not Applicable,No,Not Applicable,196,UPI,35,4.7,3.3
2024-07-23 13:36:00,CNR6547712847,Success,CID569469,Prime Sedan,BTM Layout,Jayanagar,259.0,125.0,Not Applicable,Not Applicable,No,Not Applicable,1649,UPI,3,3.3,4.2
2024-07-17 02:24:00,CNR3076600098,Success,CID435373,Prime SUV,Shivajinagar,Basavanagudi,84.0,100.0,Not Applicable,Not Applicable,No,Not Applicable,275,UPI,25,4.8,3.6
2024-07-20 11:55:00,CNR1604300583,Success,CID679381,Prime Sedan,Hosur Road,Hulimavu,175.0,90.0,Not Applicable,Not Applicable,No,Not Applicable,852,Cash,23,3.8,4.8
2024-07-01 06:00:00,CNR6212131086,Success,CID378582,Prime SUV,Langford Town,Yeshwanthpur,238.0,25.0,Not Applicable,Not Applicable,No,Not Applicable,446,UPI,42,3.7,3.6
2024-07-12 17:49:00,CNR3618964839,Driver Not Found,CID939124,Auto,Yeshwanthpur,Marathahalli,,,Not Applicable,Not Applicable,Not Applicable,Not Applicable,572,Not Applicable,0,,
2024-07-22 17:48:00,CNR8005733957,Success,CID554313,Prime SUV,Kadugodi,Jayanagar,161.0,55.0,Not Applicable,Not Applicable,No,Not Applicable,390,UPI,6,4.2,3.5
2024-07-17 11:50:00,CNR6933037845,Success,CID772624,Prime SUV,Indiranagar,JP Nagar,49.0,140.0,Not Applicable,Not Applicable,No,Not Applicable,422,Cash,27,4.0,4.7
2024-07-16 11:52:00,CNR8515021072,Success,CID362926,Prime Sedan,Bannerghatta Road,Rajarajeshwari Nagar,168.0,115.0,Not Applicable,Not Applicable,No,Not Applicable,272,UPI,34,4.4,4.5
2024-07-25 10:32:00,CNR5532866846,Canceled by Driver,CID427338,eBike,Chamarajpet,RT Nagar,,,Not Applicable,Customer was coughing/sick,Not Applicable,Not Applicable,167,Not Applicable,0,,
2024-07-04 07:14:00,CNR9317985126,Canceled by Customer,CID161878,Bike,RT Nagar,Varthur,,,Driver asked to cancel,Not Applicable,Not Applicable,Not Applicable,359,Not Applicable,0,,
2024-07-08 02:06:00,CNR9826396259,Success,CID123511,Auto,Bannerghatta Road,Nagarbhavi,266.0,65.0,Not Applicable,Not Applicable,No,Not Applicable,475,UPI,13,4.9,4.2
2024-07-04 09:39:00,CNR4979258545,Success,CID582657,Bike,Kammanahalli,Hosur Road,56.0,105.0,Not Applicable,Not Applicable,No,Not Applicable,274,UPI,2,4.2,4.5
2024-07-20 07:44:00,CNR1122421751,Success,CID689955,Prime SUV,Padmanabhanagar,Majestic,189.0,90.0,Not Applicable,Not Applicable,No,Not Applicable,172,Cash,42,3.2,4.2
2024-07-01 14:13:00,CNR3727561597,Success,CID543805,Prime Sedan,Hebbal,Ulsoor,273.0,25.0,Not Applicable,Not Applicable,No,Not Applicable,443,Cash,11,4.8,3.6
2024-07-18 07:20:00,CNR9153058854,Canceled by Customer,CID298831,Prime SUV,Mysore Road,Hebbal,,,Driver asked to cancel,Not Applicable,Not Applicable,Not Applicable,337,Not Applicable,0,,
2024-07-29 17:13:00,CNR6059069076,Success,CID863789,Prime Sedan,Shantinagar,MG Road,147.0,40.0,Not Applicable,Not Applicable,No,Not Applicable,137,UPI,14,3.5,3.7
2024-07-16 05:18:00,CNR1289461028,Success,CID445485,eBike,Shivajinagar,Chickpet,280.0,25.0,Not Applicable,Not Applicable,No,Not Applicable,223,Cash,30,3.7,3.2
2024-07-20 22:07:00,CNR1211309771,Success,CID366593,Prime Plus,Hosur Road,Hulimavu,126.0,135.0,Not Applicable,Not Applicable,No,Not Applicable,563,Cash,25,3.0,3.6
2024-07-17 13:42:00,CNR4622416867,Driver Not Found,CID642781,Prime SUV,Langford Town,Yelahanka,,,Not Applicable,Not Applicable,Not Applicable,Not Applicable,341,Not Applicable,0,,
2024-07-24 23:14:00,CNR8615078633,Canceled by Driver,CID650820,eBike,Bannerghatta Road,MG Road,,,Not Applicable,Customer was coughing/sick,Not Applicable,Not Applicable,101,Not Applicable,0,,
2024-07-30 20:16:00,CNR2591861112,Success,CID109486,Prime Sedan,Mysore Road,BTM Layout,147.0,65.0,Not Applicable,Not Applicable,No,Not Applicable,153,Cash,49,3.5,3.2
2024-07-08 21:55:00,CNR4967751839,Success,CID979905,Bike,Rajarajeshwari Nagar,Langford Town,245.0,145.0,Not Applicable,Not Applicable,No,Not Applicable,980,Cash,41,3.9,4.8
2024-07-07 02:28:00,CNR4038689880,Success,CID225279,eBike,Whitefield,Yeshwanthpur,182.0,90.0,Not Applicable,Not Applicable,No,Not Applicable,606,UPI,25,4.4,4.1
2024-07-16 13:22:00,CNR3477351492,Success,CID529907,Prime SUV,Marathahalli,Peenya,126.0,140.0,Not Applicable,Not Applicable,No,Not Applicable,754,Cash,44,3.9,4.7
2024-07-12 18:20:00,CNR1633631111,Success,CID810217,Prime Plus,Sahakar Nagar,Shivajinagar,105.0,70.0,Not Applicable,Not Applicable,No,Not Applicable,1646,UPI,7,4.9,3.6
2024-07-14 04:04:00,CNR8073732758,Canceled by Customer,CID647541,Bike,Chamarajpet,Hosur Road,,,Change of plans,Not Applicable,Not Applicable,Not Applicable,2099,Not Applicable,0,,
2024-07-21 00:52:00,CNR3520491959,Canceled by Driver,CID677918,Auto,BTM Layout,Kengeri,,,Not Applicable,Customer related issue,Not Applicable,Not Applicable,692,Not Applicable,0,,
2024-07-02 05:46:00,CNR5278940505,Canceled by Customer,CID892736,Prime Plus,Sarjapur Road,Frazer Town,,,Driver is not moving towards pickup location,Not Applicable,Not Applicable,Not Applicable,685,Not Applicable,0,,
2024-07-28 09:34:00,CNR6481195223,Success,CID936074,Auto,Vijayanagar,Devanahalli,189.0,25.0,Not Applicable,Not Applicable,No,Not Applicable,784,UPI,5,4.1,4.7
2024-07-26 18:25:00,CNR8903271317,Canceled by Customer,CID438117,Bike,Koramangala,Mysore Road,,,Change of plans,Not Applicable,Not Applicable,Not Applicable,757,Not Applicable,0,,
2024-07-03 02:59:00,CNR5630550710,Success,CID596246,eBike,Kadugodi,Yelahanka,231.0,80.0,Not Applicable,Not Applicable,No,Not Applicable,398,UPI,10,3.7,3.4
2024-07-26 01:10:00,CNR6049597994,Success,CID784160,Prime SUV,Banashankari,RT Nagar,147.0,115.0,Not Applicable,Not Applicable,No,Not Applicable,320,Cash,38,4.7,3.4
2024-07-12 08:30:00,CNR6482668105,Canceled by Driver,CID395350,Prime Plus,Yeshwanthpur,Electronic City,,,Not Applicable,Customer related issue,Not Applicable,Not Applicable,299,Not Applicable,0,,
2024-07-24 00:06:00,CNR1980888916,Canceled by Customer,CID685050,Prime SUV,Peenya,Frazer Town,,,Driver is not moving towards pickup location,Not Applicable,Not Applicable,Not Applicable,940,Not Applicable,0,,
2024-07-11 06:39:00,CNR3399934034,Success,CID534686,Prime SUV,Yelahanka,Sahakar Nagar,294.0,80.0,Not Applicable,Not Applicable,No,Not Applicable,825,UPI,21,3.2,3.4
2024-07-27 19:00:00,CNR9403814495,Canceled by Customer,CID224746,Prime Plus,Yelahanka,Hennur,,,Change of plans,Not Applicable,Not Applicable,Not Applicable,263,Not Applicable,0,,
2024-07-08 03:34:00,CNR8277414255,Success,CID113885,eBike,Hebbal,Shivajinagar,210.0,135.0,Not Applicable,Not Applicable,No,Not Applicable,376,Cash,24,4.4,3.1
2024-07-16 23:34:00,CNR9028324920,Success,CID475767,Prime Sedan,Peenya,Kengeri,161.0,65.0,Not Applicable,Not Applicable,No,Not Applicable,976,Cash,18,4.8,4.4
2024-07-21 14:06:00,CNR6678823786,Success,CID990675,eBike,Whitefield,Banashankari,168.0,125.0,Not Applicable,Not Applicable,No,Not Applicable,192,Cash,12,4.2,3.8
2024-07-19 22:28:00,CNR4510044941,Canceled by Customer,CID144945,Auto,Yelahanka,Kengeri,,,Driver asked to cancel,Not Applicable,Not Applicable,Not Applicable,1337,Not Applicable,0,,
2024-07-19 23:42:00,CNR5242471112,Success,CID519340,Prime Sedan,Devanahalli,Electronic City,259.0,25.0,Not Applicable,Not Applicable,No,Not Applicable,319,Cash,1,4.3,5.0
2024-07-19 17:39:00,CNR9055182255,Driver Not Found,CID125655,Prime Plus,Padmanabhanagar,Devanahalli,,,Not Applicable,Not Applicable,Not Applicable,Not Applicable,259,Not Applicable,0,,
2024-07-20 07:05:00,CNR8558473895,Success,CID390724,Auto,Ramamurthy Nagar,Langford Town,231.0,60.0,Not Applicable,Not Applicable,No,Not Applicable,337,Cash,12,3.4,4.3
2024-07-21 23:04:00,CNR2699379601,Driver Not Found,CID607355,Prime Sedan,Rajarajeshwari Nagar,Chamarajpet,,,Not Applicable,Not Applicable,Not Applicable,Not Applicable,309,Not Applicable,0,,
2024-07-19 12:55:00,CNR8918033918,Success,CID588215,Bike,Shantinagar,Ramamurthy Nagar,224.0,35.0,Not Applicable,Not Applicable,No,Not Applicable,1449,Credit Card,47,3.5,3.4
2024-07-13 23:58:00,CNR5527505728,Canceled by Driver,CID734460,eBike,Hulimavu,MG Road,,,Not Applicable,Customer was coughing/sick,Not Applicable,Not Applicable,256,Not Applicable,0,,
2024-07-23 15:36:00,CNR4513015279,Success,CID634353,Prime Sedan,RT Nagar,Marathahalli,238.0,135.0,Not Applicable,Not Applicable,No,Not Applicable,645,Cash,38,3.2,4.1
2024-07-23 07:24:00,CNR4395502671,Success,CID462576,Prime Sedan,Hebbal,Majestic,42.0,145.0,Not Applicable,Not Applicable,No,Not Applicable,907,UPI,41,4.3,4.4
2024-07-19 00:46:00,CNR1013379845,Success,CID573921,Prime Sedan,Kadugodi,Hennur,161.0,45.0,Not Applicable,Not Applicable,No,Not Applicable,216,UPI,3,4.5,4.2
2024-07-05 16:59:00,CNR4833133289,Canceled by Driver,CID870252,Prime SUV,Nagarbhavi,Devanahalli,,,Not Applicable,Customer related issue,Not Applicable,Not Applicable,253,Not Applicable,0,,
2024-07-02 02:00:00,CNR5301315015,Canceled by Customer,CID661210,Mini,Marathahalli,Sahakar Nagar,,,Change of plans,Not Applicable,Not Applicable,Not Applicable,230,Not Applicable,0,,
2024-07-19 21:06:00,CNR7242462319,Success,CID299046,Mini,Langford Town,Ulsoor,245.0,25.0,Not Applicable,Not Applicable,No,Not Applicable,149,Cash,35,3.9,3.9
2024-07-13 09:36:00,CNR6164565249,Success,CID752524,Mini,Banashankari,Tumkur Road,63.0,55.0,Not Applicable,Not Applicable,Yes,Vehicle Breakdown,159,Cash,1,3.2,4.6
2024-07-06 00:58:00,CNR6141472273,Success,CID936324,Prime Plus,Yelahanka,MG Road,259.0,130.0,Not Applicable,Not Applicable,No,Not Applicable,626,Cash,47,4.4,4.6
2024-07-27 13:45:00,CNR2826752461,Driver Not Found,CID427545,Auto,Kammanahalli,Ramamurthy Nagar,,,Not Applicable,Not Applicable,Not Applicable,Not Applicable,162,Not Applicable,0,,
2024-07-18 11:58:00,CNR3097550668,Success,CID694249,Prime Plus,Kadugodi,Chamarajpet,273.0,25.0,Not Applicable,Not Applicable,No,Not Applicable,306,UPI,10,4.2,3.6
2024-07-21 06:31:00,CNR8522485975,Success,CID111223,Prime Plus,Chamarajpet,Chamarajpet,168.0,135.0,Not Applicable,Not Applicable,No,Not Applicable,163,UPI,28,3.9,3.2
2024-07-16 13:57:00,CNR4202858634,Success,CID381328,eBike,Basavanagudi,Nagarbhavi,168.0,140.0,Not Applicable,Not Applicable,No,Not Applicable,465,UPI,49,3.2,3.1
2024-07-16 09:22:00,CNR1538493850,Success,CID469128,Prime SUV,RT Nagar,Kammanahalli,119.0,25.0,Not Applicable,Not Applicable,No,Not Applicable,249,Cash,34,3.0,3.5
2024-07-06 19:41:00,CNR6143672308,Success,CID457847,Mini,Marathahalli,Chickpet,238.0,110.0,Not Applicable,Not Applicable,No,Not Applicable,1715,UPI,17,5.0,4.0
2024-07-14 05:46:00,CNR1424657162,Success,CID816617,Auto,Bellandur,HSR Layout,259.0,35.0,Not Applicable,Not Applicable,No,Not Applicable,156,UPI,10,3.3,3.7
2024-07-17 01:05:00,CNR7106065548,Driver Not Found,CID860879,Prime Sedan,Richmond Town,Frazer Town,,,Not Applicable,Not Applicable,Not Applicable,Not Applicable,184,Not Applicable,0,,
2024-07-17 10:42:00,CNR4470304980,Success,CID382494,Mini,Nagarbhavi,BTM Layout,133.0,145.0,Not Applicable,Not Applicable,No,Not Applicable,464,UPI,12,3.9,3.2
2024-07-23 04:38:00,CNR5152060800,Canceled by Driver,CID325852,eBike,Langford Town,Chickpet,,,Not Applicable,Customer related issue,Not Applicable,Not Applicable,267,Not Applicable,0,,
2024-07-18 11:06:00,CNR4789723943,Canceled by Customer,CID786469,Auto,Vijayanagar,Ramamurthy Nagar,,,Driver is not moving towards pickup location,Not Applicable,Not Applicable,Not Applicable,335,Not Applicable,0,,
2024-07-03 06:47:00,CNR9436265906,Success,CID747313,Prime Plus,HSR Layout,Langford Town,84.0,35.0,Not Applicable,Not Applicable,No,Not Applicable,100,Cash,21,3.6,4.9
2024-07-19 18:18:00,CNR7269696535,Success,CID482814,Prime Sedan,JP Nagar,Hebbal,301.0,90.0,Not Applicable,Not Applicable,No,Not Applicable,625,Credit Card,34,4.4,3.0
2024-07-01 11:31:00,CNR8917521314,Success,CID414533,Prime Sedan,Koramangala,Koramangala,210.0,80.0,Not Applicable,Not Applicable,Yes,Vehicle Breakdown,2517,Cash,42,3.1,3.8
2024-07-25 16:29:00,CNR1534297907,Success,CID769336,Bike,Cox Town,Majestic,217.0,80.0,Not Applicable,Not Applicable,No,Not Applicable,441,Cash,26,4.1,4.7
2024-07-19 03:07:00,CNR9552496551,Success,CID773630,eBike,Sahakar Nagar,Richmond Town,105.0,120.0,Not Applicable,Not Applicable,No,Not Applicable,237,Cash,12,3.8,3.6
2024-07-30 12:43:00,CNR6177983393,Success,CID895867,Prime SUV,Bellandur,Mysore Road,112.0,130.0,Not Applicable,Not Applicable,No,Not Applicable,268,Cash,41,3.0,4.7
2024-07-02 17:55:00,CNR3677337682,Canceled by Driver,CID590112,Prime SUV,Mysore Road,Malleshwaram,,,Not Applicable,Customer related issue,Not Applicable,Not Applicable,227,Not Applicable,0,,
2024-07-29 05:31:00,CNR6754325493,Success,CID831918,Bike,JP Nagar,Hebbal,140.0,100.0,Not Applicable,Not Applicable,No,Not Applicable,269,UPI,47,3.9,4.5
2024-07-15 04:16:00,CNR1672215493,Canceled by Driver,CID492575,Prime SUV,Rajajinagar,Devanahalli,,,Not Applicable,Customer was coughing/sick,Not Applicable,Not Applicable,114,Not Applicable,0,,
2024-07-12 21:13:00,CNR9263410131,Canceled by Customer,CID524950,Bike,Magadi Road,Hosur Road,,,Wrong Address,Not Applicable,Not Applicable,Not Applicable,464,Not Applicable,0,,
2024-07-05 20:10:00,CNR4860582812,Success,CID849791,eBike,Ramamurthy Nagar,Bellandur,63.0,60.0,Not Applicable,Not Applicable,No,Not Applicable,1147,Cash,3,3.7,3.3
2024-07-29 00:28:00,CNR9383681230,Success,CID698097,Bike,Hebbal,Chickpet,105.0,110.0,Not Applicable,Not Applicable,No,Not Applicable,121,Cash,13,3.9,4.3
2024-07-26 23:13:00,CNR9687537345,Canceled by Driver,CID155428,Prime SUV,Vijayanagar,Varthur,,,Not Applicable,Customer was coughing/sick,Not Applicable,Not Applicable,334,Not Applicable,0,,
2024-07-20 08:15:00,CNR6850441671,Success,CID452557,Bike,Langford Town,Bellandur,77.0,140.0,Not Applicable,Not Applicable,No,Not Applicable,159,UPI,13,4.8,4.5
2024-07-26 04:19:00,CNR8180940059,Success,CID881367,Mini,Sahakar Nagar,Whitefield,161.0,25.0,Not Applicable,Not Applicable,Yes,Vehicle Breakdown,494,UPI,28,3.2,3.6
2024-07-14 03:38:00,CNR6893689929,Success,CID699617,Prime SUV,Koramangala,Kengeri,105.0,145.0,Not Applicable,Not Applicable,No,Not Applicable,323,UPI,32,3.2,3.9
2024-07-13 14:06:00,CNR4607776584,Success,CID686392,Bike,Chamarajpet,Yelahanka,280.0,80.0,Not Applicable,Not Applicable,No,Not Applicable,505,UPI,45,4.3,4.3
2024-07-29 22:42:00,CNR2770115120,Canceled by Driver,CID542242,Mini,Sarjapur Road,Indiranagar,,,Not Applicable,Customer related issue,Not Applicable,Not Applicable,155,Not Applicable,0,,
2024-07-08 10:24:00,CNR1098421307,Success,CID109903,Mini,Ramamurthy Nagar,Tumkur Road,280.0,75.0,Not Applicable,Not Applicable,No,Not Applicable,322,UPI,45,3.7,4.9
2024-07-11 17:45:00,CNR6306199325,Canceled by Customer,CID269615,Prime SUV,Kadugodi,Basavanagudi,,,Driver asked to cancel,Not Applicable,Not Applicable,Not Applicable,140,Not Applicable,0,,
2024-07-30 02:39:00,CNR6120761215,Success,CID570830,eBike,JP Nagar,Whitefield,49.0,85.0,Not Applicable,Not Applicable,No,Not Applicable,122,Cash,4,4.4,4.8
2024-07-05 10:03:00,CNR1400530407,Success,CID879716,Prime Plus,Indiranagar,Langford Town,308.0,85.0,Not Applicable,Not Applicable,No,Not Applicable,126,Cash,37,4.0,4.9
2024-07-26 23:00:00,CNR4793252746,Success,CID475657,Prime Sedan,Nagarbhavi,Jayanagar,210.0,100.0,Not Applicable,Not Applicable,No,Not Applicable,470,UPI,33,4.8,3.6
2024-07-06 05:05:00,CNR3077466490,Success,CID720055,Auto,Hosur Road,Jayanagar,133.0,125.0,Not Applicable,Not Applicable,Yes,Customer Demand,1587,UPI,17,3.2,4.7
2024-07-12 04:54:00,CNR6123943383,Success,CID427290,Bike,Shivajinagar,Frazer Town,252.0,75.0,Not Applicable,Not Applicable,No,Not Applicable,1546,Cash,21,4.3,4.4
2024-07-30 17:46:00,CNR7889069795,Success,CID261500,Auto,Sahakar Nagar,Chamarajpet,105.0,35.0,Not Applicable,Not Applicable,No,Not Applicable,309,Credit Card,12,3.3,3.7
2024-07-24 09:07:00,CNR3039709047,Driver Not Found,CID319687,eBike,Ramamurthy Nagar,Mysore Road,,,Not Applicable,Not Applicable,Not Applicable,Not Applicable,242,Not Applicable,0,,
2024-07-07 00:13:00,CNR9774045247,Success,CID127416,Prime SUV,Indiranagar,Basavanagudi,245.0,125.0,Not Applicable,Not Applicable,No,Not Applicable,680,Cash,4,4.7,4.9
2024-07-16 23:35:00,CNR9847290524,Canceled by Driver,CID389566,Prime Sedan,Banashankari,Shivajinagar,,,Not Applicable,Customer related issue,Not Applicable,Not Applicable,899,Not Applicable,0,,
2024-07-26 09:48:00,CNR2676967749,Canceled by Customer,CID981857,Auto,Jayanagar,Jayanagar,,,Change of plans,Not Applicable,Not Applicable,Not Applicable,770,Not Applicable,0,,
2024-07-26 07:08:00,CNR9556887166,Success,CID399315,Auto,Rajajinagar,Sarjapur Road,245.0,140.0,Not Applicable,Not Applicable,No,Not Applicable,211,Cash,9,4.7,3.6
2024-07-20 12:33:00,CNR5856327310,Canceled by Driver,CID195133,Auto,KR Puram,Bannerghatta Road,,,Not Applicable,Customer was coughing/sick,Not Applicable,Not Applicable,924,Not Applicable,0,,
2024-07-30 13:09:00,CNR3826121322,Canceled by Customer,CID246450,Auto,Majestic,Hulimavu,,,Change of plans,Not Applicable,Not Applicable,Not Applicable,453,Not Applicable,0,,
2024-07-19 12:14:00,CNR6544242696,Success,CID120800,Prime Sedan,Chamarajpet,Chamarajpet,154.0,80.0,Not Applicable,Not Applicable,No,Not Applicable,928,Cash,28,4.9,4.1
2024-07-04 20:33:00,CNR9713251997,Canceled by Customer,CID728173,Prime Plus,Langford Town,Rajarajeshwari Nagar,,,Change of plans,Not Applicable,Not Applicable,Not Applicable,226,Not Applicable,0,,
2024-07-17 03:06:00,CNR1369013786,Success,CID741958,Prime Plus,Hebbal,Bannerghatta Road,161.0,100.0,Not Applicable,Not Applicable,No,Not Applicable,719,UPI,46,3.8,3.7
2024-07-12 07:16:00,CNR3796132989,Driver Not Found,CID910233,Bike,BTM Layout,Rajarajeshwari Nagar,,,Not Applicable,Not Applicable,Not Applicable,Not Applicable,157,Not Applicable,0,,
2024-07-04 06:14:00,CNR8336099827,Canceled by Driver,CID950756,Mini,Hennur,Chamarajpet,,,Not Applicable,More than permitted people in there,Not Applicable,Not Applicable,1228,Not Applicable,0,,
2024-07-04 14:35:00,CNR4627406088,Success,CID934018,eBike,Sahakar Nagar,MG Road,210.0,40.0,Not Applicable,Not Applicable,No,Not Applicable,764,UPI,9,3.9,4.4
2024-07-16 20:31:00,CNR2354897949,Success,CID720358,Bike,Banashankari,Bellandur,266.0,70.0,Not Applicable,Not Applicable,No,Not Applicable,516,Cash,6,3.7,4.5
2024-07-13 14:14:00,CNR4102272380,Success,CID461022,Bike,Padmanabhanagar,Hennur,259.0,25.0,Not Applicable,Not Applicable,Yes,Other Issue,2420,Cash,11,3.2,4.7
2024-07-08 13:24:00,CNR2759160719,Success,CID377382,Prime Plus,RT Nagar,Bannerghatta Road,154.0,35.0,Not Applicable,Not Applicable,No,Not Applicable,257,UPI,1,4.9,4.2
2024-07-30 07:29:00,CNR6881157426,Canceled by Driver,CID174880,Mini,JP Nagar,Koramangala,,,Not Applicable,Customer related issue,Not Applicable,Not Applicable,176,Not Applicable,0,,
2024-07-15 18:09:00,CNR8310886811,Success,CID843753,Bike,Ramamurthy Nagar,Electronic City,49.0,130.0,Not Applicable,Not Applicable,Yes,Other Issue,355,UPI,34,3.6,4.5
2024-07-15 20:33:00,CNR4887294520,Canceled by Customer,CID638728,Prime Plus,Mysore Road,Ramamurthy Nagar,,,Change of plans,Not Applicable,Not Applicable,Not Applicable,268,Not Applicable,0,,
2024-07-28 16:48:00,CNR4134207736,Driver Not Found,CID645076,Mini,Koramangala,KR Puram,,,Not Applicable,Not Applicable,Not Applicable,Not Applicable,911,Not Applicable,0,,
2024-07-26 07:31:00,CNR4539146458,Canceled by Customer,CID935018,eBike,Padmanabhanagar,Hebbal,,,Driver asked to cancel,Not Applicable,Not Applicable,Not Applicable,1138,Not Applicable,0,,
2024-07-22 13:23:00,CNR9426837134,Success,CID195273,Prime Sedan,Indiranagar,Cox Town,49.0,35.0,Not Applicable,Not Applicable,No,Not Applicable,475,Cash,26,4.0,3.7
2024-07-15 10:45:00,CNR4650713976,Success,CID212765,Prime SUV,Padmanabhanagar,Magadi Road,154.0,90.0,Not Applicable,Not Applicable,No,Not Applicable,397,UPI,10,4.3,4.4
2024-07-01 20:29:00,CNR3367350794,Canceled by Driver,CID782838,Mini,Jayanagar,MG Road,,,Not Applicable,Customer related issue,Not Applicable,Not Applicable,407,Not Applicable,0,,
2024-07-19 02:49:00,CNR6422886841,Success,CID235471,eBike,Hulimavu,Padmanabhanagar,224.0,125.0,Not Applicable,Not Applicable,No,Not Applicable,458,Cash,44,3.8,3.5
2024-07-18 18:10:00,CNR1437287750,Success,CID201511,Bike,Shantinagar,Cox Town,224.0,50.0,Not Applicable,Not Applicable,No,Not Applicable,894,Cash,49,3.7,3.2
2024-07-22 04:03:00,CNR2012716367,Canceled by Driver,CID670416,Prime SUV,Shantinagar,Jayanagar,,,Not Applicable,Customer was coughing/sick,Not Applicable,Not Applicable,637,Not Applicable,0,,
2024-07-26 19:29:00,CNR4328773663,Success,CID110655,Prime SUV,Hebbal,Hennur,308.0,25.0,Not Applicable,Not Applicable,No,Not Applicable,156,Cash,8,3.3,4.2
2024-07-02 21:07:00,CNR1872765696,Success,CID814881,Prime Plus,KR Puram,MG Road,119.0,65.0,Not Applicable,Not Applicable,No,Not Applicable,272,Cash,35,3.2,4.2
2024-07-29 19:55:00,CNR6928099227,Success,CID435890,Bike,Vijayanagar,Electronic City,238.0,100.0,Not Applicable,Not Applicable,No,Not Applicable,238,Cash,2,3.1,3.7
2024-07-15 10:51:00,CNR4443903249,Success,CID679117,Bike,Majestic,Hennur,56.0,65.0,Not Applicable,Not Applicable,No,Not Applicable,418,UPI,39,3.5,3.0
2024-07-30 13:39:00,CNR2943354448,Driver Not Found,CID564676,Prime Sedan,MG Road,RT Nagar,,,Not Applicable,Not Applicable,Not Applicable,Not Applicable,383,Not Applicable,0,,
2024-07-05 23:38:00,CNR3292610831,Success,CID261930,Prime SUV,RT Nagar,Varthur,252.0,75.0,Not Applicable,Not Applicable,Yes,Other Issue,871,UPI,9,3.4,3.5
2024-07-21 02:01:00,CNR7377370283,Canceled by Customer,CID715374,Prime Plus,Rajarajeshwari Nagar,Ulsoor,,,Driver asked to cancel,Not Applicable,Not Applicable,Not Applicable,444,Not Applicable,0,,
2024-07-27 02:06:00,CNR9042778004,Success,CID129853,Prime Sedan,Sarjapur Road,Chamarajpet,189.0,85.0,Not Applicable,Not Applicable,No,Not Applicable,316,Cash,9,4.8,3.3
2024-07-07 16:10:00,CNR7239544184,Success,CID212544,Bike,Hosur Road,Banashankari,147.0,145.0,Not Applicable,Not Applicable,Yes,Customer Demand,461,UPI,45,3.2,4.1
2024-07-08 15:04:00,CNR8620957444,Success,CID548407,Prime SUV,Chamarajpet,Bannerghatta Road,273.0,55.0,Not Applicable,Not Applicable,No,Not Applicable,399,UPI,23,3.5,4.4
2024-07-08 22:42:00,CNR9003876986,Canceled by Driver,CID847196,Prime Plus,Padmanabhanagar,Frazer Town,,,Not Applicable,Customer related issue,Not Applicable,Not Applicable,100,Not Applicable,0,,
2024-07-30 07:14:00,CNR5055262318,Success,CID186799,Mini,Frazer Town,BTM Layout,112.0,105.0,Not Applicable,Not Applicable,No,Not Applicable,1313,Debit Card,25,3.9,3.1
2024-07-18 03:51:00,CNR7874907322,Success,CID603398,Prime Sedan,Hosur Road,Rajajinagar,231.0,145.0,Not Applicable,Not Applicable,No,Not Applicable,118,UPI,37,4.1,3.3
2024-07-18 23:53:00,CNR5546153035,Canceled by Customer,CID297336,Mini,JP Nagar,Richmond Town,,,Change of plans,Not Applicable,Not Applicable,Not Applicable,152,Not Applicable,0,,
2024-07-16 17:51:00,CNR1078594593,Driver Not Found,CID702403,Bike,Kadugodi,Cox Town,,,Not Applicable,Not Applicable,Not Applicable,Not Applicable,1275,Not Applicable,0,,
2024-07-11 01:29:00,CNR9142042351,Success,CID215848,eBike,Kengeri,Vijayanagar,161.0,75.0,Not Applicable,Not Applicable,No,Not Applicable,227,Cash,2,4.4,3.9
2024-07-29 10:22:00,CNR3640227299,Canceled by Driver,CID539236,Bike,HSR Layout,Hosur Road,,,Not Applicable,Personal & Car related issue,Not Applicable,Not Applicable,423,Not Applicable,0,,
2024-07-13 11:39:00,CNR2234049073,Canceled by Driver,CID349333,Prime Plus,Electronic City,Magadi Road,,,Not Applicable,More than permitted people in there,Not Applicable,Not Applicable,123,Not Applicable,0,,
2024-07-28 08:00:00,CNR4735010012,Success,CID258816,Bike,Vijayanagar,Koramangala,119.0,70.0,Not Applicable,Not Applicable,No,Not Applicable,144,Cash,37,4.6,4.1
2024-07-07 07:46:00,CNR6431960543,Canceled by Driver,CID103353,Mini,Cox Town,JP Nagar,,,Not Applicable,Customer related issue,Not Applicable,Not Applicable,237,Not Applicable,0,,
2024-07-15 22:56:00,CNR3287907729,Success,CID621824,Bike,Magadi Road,Sarjapur Road,182.0,80.0,Not Applicable,Not Applicable,No,Not Applicable,142,UPI,31,3.8,3.3
2024-07-02 05:20:00,CNR2246414830,Success,CID979826,Bike,Ulsoor,Kengeri,140.0,90.0,Not Applicable,Not Applicable,No,Not Applicable,140,UPI,4,4.2,3.8
2024-07-09 03:09:00,CNR1520504879,Canceled by Customer,CID428463,Prime Plus,Jayanagar,Jayanagar,,,Driver asked to cancel,Not Applicable,Not Applicable,Not Applicable,110,Not Applicable,0,,
2024-07-06 11:32:00,CNR7509946743,Success,CID746709,Bike,Ramamurthy Nagar,Frazer Town,182.0,45.0,Not Applicable,Not Applicable,No,Not Applicable,901,Cash,2,4.7,4.4
2024-07-13 02:21:00,CNR8687318810,Success,CID584663,Prime Plus,Padmanabhanagar,Sahakar Nagar,294.0,110.0,Not Applicable,Not Applicable,No,Not Applicable,465,UPI,3,4.0,3.1
2024-07-08 15:12:00,CNR5394301412,Success,CID585099,Prime Sedan,Shivajinagar,Jayanagar,147.0,95.0,Not Applicable,Not Applicable,No,Not Applicable,119,Cash,48,3.1,4.3
2024-07-16 09:45:00,CNR8023066935,Canceled by Driver,CID825179,Prime Plus,Chickpet,Tumkur Road,,,Not Applicable,Customer related issue,Not Applicable,Not Applicable,637,Not Applicable,0,,
2024-07-02 01:40:00,CNR7666380914,Canceled by Driver,CID457380,Mini,Richmond Town,Electronic City,,,Not Applicable,Personal & Car related issue,Not Applicable,Not Applicable,907,Not Applicable,0,,
2024-07-05 23:50:00,CNR5959311886,Success,CID374336,Mini,Indiranagar,Langford Town,147.0,140.0,Not Applicable,Not Applicable,No,Not Applicable,276,UPI,32,3.3,4.0
2024-07-02 13:40:00,CNR9566669936,Success,CID129172,eBike,JP Nagar,Vijayanagar,119.0,125.0,Not Applicable,Not Applicable,No,Not Applicable,111,UPI,30,4.0,3.6
2024-07-29 20:11:00,CNR6225480098,Success,CID637028,Mini,Devanahalli,Chamarajpet,77.0,115.0,Not Applicable,Not Applicable,No,Not Applicable,335,UPI,14,3.8,3.2
2024-07-14 14:15:00,CNR7829830151,Success,CID335843,Bike,Varthur,Electronic City,168.0,80.0,Not Applicable,Not Applicable,No,Not Applicable,143,UPI,5,3.9,4.6
2024-07-27 13:30:00,CNR9548423828,Success,CID120821,Mini,KR Puram,Nagarbhavi,245.0,25.0,Not Applicable,Not Applicable,No,Not Applicable,247,UPI,24,4.5,4.1
2024-07-22 01:52:00,CNR6387881974,Success,CID394818,Auto,Jayanagar,Rajarajeshwari Nagar,266.0,65.0,Not Applicable,Not Applicable,No,Not Applicable,107,Cash,17,3.8,4.8
2024-07-18 15:57:00,CNR5840838122,Success,CID986173,eBike,Chamarajpet,Hosur Road,147.0,110.0,Not Applicable,Not Applicable,No,Not Applicable,174,Debit Card,12,3.4,3.3
2024-07-09 10:25:00,CNR3079395809,Success,CID765980,Bike,Hosur Road,Chickpet,203.0,50.0,Not Applicable,Not Applicable,No,Not Applicable,786,UPI,18,3.0,3.7
2024-07-16 06:48:00,CNR7173719625,Success,CID632481,eBike,Padmanabhanagar,RT Nagar,35.0,75.0,Not Applicable,Not Applicable,No,Not Applicable,196,Cash,8,4.1,4.6
2024-07-24 09:16:00,CNR9123553886,Success,CID666149,Prime Plus,Chamarajpet,Shantinagar,91.0,70.0,Not Applicable,Not Applicable,No,Not Applicable,199,Cash,3,3.3,3.6
2024-07-02 07:22:00,CNR5715734052,Success,CID128590,Bike,Marathahalli,Indiranagar,105.0,30.0,Not Applicable,Not Applicable,No,Not Applicable,623,Cash,34,4.6,3.7
2024-07-07 09:37:00,CNR5034856687,Success,CID665425,Bike,Jayanagar,Banashankari,294.0,35.0,Not Applicable,Not Applicable,No,Not Applicable,492,Cash,44,5.0,3.4
2024-07-23 20:43:00,CNR9195651801,Success,CID333954,Mini,Magadi Road,Devanahalli,182.0,95.0,Not Applicable,Not Applicable,No,Not Applicable,111,UPI,13,3.2,4.0
2024-07-25 01:00:00,CNR9022760943,Success,CID574080,Mini,Majestic,Kadugodi,301.0,140.0,Not Applicable,Not Applicable,No,Not Applicable,146,Cash,40,3.9,4.5
2024-07-27 12:30:00,CNR3037767979,Canceled by Driver,CID665992,eBike,Malleshwaram,Shivajinagar,,,Not Applicable,Personal & Car related issue,Not Applicable,Not Applicable,252,Not Applicable,0,,
2024-07-30 07:35:00,CNR9575446856,Success,CID860241,Mini,Kadugodi,Vijayanagar,273.0,80.0,Not Applicable,Not Applicable,No,Not Applicable,271,UPI,42,3.6,4.0
2024-07-03 10:58:00,CNR1603458603,Success,CID152126,Bike,Vijayanagar,Basavanagudi,294.0,40.0,Not Applicable,Not Applicable,No,Not Applicable,465,Cash,12,3.8,3.1
2024-07-12 01:14:00,CNR6463127123,Success,CID484099,Bike,Nagarbhavi,HSR Layout,42.0,115.0,Not Applicable,Not Applicable,No,Not Applicable,180,Cash,5,4.0,3.1
2024-07-14 01:09:00,CNR4939311830,Driver Not Found,CID800734,Mini,Devanahalli,Basavanagudi,,,Not Applicable,Not Applicable,Not Applicable,Not Applicable,293,Not Applicable,0,,
2024-07-18 08:44:00,CNR2967669668,Success,CID923221,Prime Plus,Marathahalli,HSR Layout,245.0,110.0,Not Applicable,Not Applicable,No,Not Applicable,119,Cash,36,3.1,4.1
2024-07-12 07:25:00,CNR6365410513,Success,CID456321,Mini,Peenya,Peenya,105.0,110.0,Not Applicable,Not Applicable,No,Not Applicable,323,UPI,29,3.4,5.0
2024-07-21 05:22:00,CNR8301768086,Success,CID788793,Auto,Devanahalli,Hennur,231.0,85.0,Not Applicable,Not Applicable,No,Not Applicable,188,UPI,8,4.0,3.3
2024-07-03 02:27:00,CNR9363615904,Driver Not Found,CID595181,Mini,Hulimavu,Bellandur,,,Not Applicable,Not Applicable,Not Applicable,Not Applicable,174,Not Applicable,0,,
2024-07-13 07:34:00,CNR3331906860,Success,CID425075,Mini,Banashankari,Basavanagudi,210.0,125.0,Not Applicable,Not Applicable,No,Not Applicable,740,Cash,20,4.2,3.1
2024-07-24 06:31:00,CNR8255585209,Success,CID623027,Prime Plus,Koramangala,Magadi Road,35.0,100.0,Not Applicable,Not Applicable,No,Not Applicable,126,Cash,37,3.7,4.6
2024-07-02 08:58:00,CNR6985297630,Success,CID346204,eBike,Mysore Road,Nagarbhavi,231.0,120.0,Not Applicable,Not Applicable,No,Not Applicable,372,Cash,6,4.2,3.6
2024-07-11 00:33:00,CNR4810453475,Success,CID711817,Auto,Padmanabhanagar,JP Nagar,189.0,65.0,Not Applicable,Not Applicable,No,Not Applicable,421,UPI,14,3.4,3.7
2024-07-05 17:31:00,CNR6576581692,Success,CID926142,Prime Plus,Shantinagar,Yelahanka,105.0,55.0,Not Applicable,Not Applicable,No,Not Applicable,289,Cash,35,4.5,4.7
2024-07-22 15:37:00,CNR2032452834,Success,CID119150,Auto,Kammanahalli,Bellandur,56.0,95.0,Not Applicable,Not Applicable,No,Not Applicable,738,Cash,17,3.4,4.1
2024-07-03 01:13:00,CNR5736612794,Success,CID271528,Prime SUV,Hosur Road,Ulsoor,168.0,85.0,Not Applicable,Not Applicable,No,Not Applicable,144,Cash,34,3.5,4.6
2024-07-25 14:36:00,CNR5671896106,Canceled by Driver,CID782218,Prime Sedan,Ramamurthy Nagar,Sarjapur Road,,,Not Applicable,Customer was coughing/sick,Not Applicable,Not Applicable,128,Not Applicable,0,,
2024-07-21 17:03:00,CNR5281178209,Canceled by Driver,CID333624,Bike,BTM Layout,Indiranagar,,,Not Applicable,Customer related issue,Not Applicable,Not Applicable,2900,Not Applicable,0,,
2024-07-30 11:48:00,CNR3562214797,Driver Not Found,CID661691,Prime Plus,Hennur,Ulsoor,,,Not Applicable,Not Applicable,Not Applicable,Not Applicable,474,Not Applicable,0,,
2024-07-26 13:03:00,CNR7461173504,Success,CID709316,Prime SUV,Ramamurthy Nagar,Peenya,182.0,140.0,Not Applicable,Not Applicable,No,Not Applicable,950,UPI,29,4.9,3.3
2024-07-27 18:42:00,CNR5889108685,Driver Not Found,CID725082,Prime SUV,Padmanabhanagar,Kengeri,,,Not Applicable,Not Applicable,Not Applicable,Not Applicable,569,Not Applicable,0,,
2024-07-16 01:58:00,CNR7522172566,Success,CID959196,Prime Plus,Magadi Road,KR Puram,238.0,50.0,Not Applicable,Not Applicable,No,Not Applicable,148,Debit Card,44,4.6,3.0
2024-07-28 06:15:00,CNR1097931627,Canceled by Driver,CID232819,Prime Plus,BTM Layout,Bannerghatta Road,,,Not Applicable,Customer was coughing/sick,Not Applicable,Not Applicable,102,Not Applicable,0,,
2024-07-01 05:15:00,CNR2891325110,Canceled by Driver,CID885203,Auto,Sarjapur Road,Whitefield,,,Not Applicable,Personal & Car related issue,Not Applicable,Not Applicable,176,Not Applicable,0,,
2024-07-23 16:37:00,CNR7710629712,Success,CID319710,eBike,Padmanabhanagar,Kammanahalli,42.0,135.0,Not Applicable,Not Applicable,No,Not Applicable,963,UPI,3,4.4,4.4
2024-07-21 15:12:00,CNR3360538920,Canceled by Driver,CID920990,Prime Sedan,Hulimavu,Kammanahalli,,,Not Applicable,Personal & Car related issue,Not Applicable,Not Applicable,120,Not Applicable,0,,
2024-07-20 03:35:00,CNR6947544440,Success,CID288915,Bike,Peenya,Majestic,273.0,115.0,Not Applicable,Not Applicable,No,Not Applicable,195,Cash,15,4.5,4.1
2024-07-06 00:03:00,CNR4566806295,Canceled by Driver,CID397012,Mini,Chamarajpet,Langford Town,,,Not Applicable,More than permitted people in there,Not Applicable,Not Applicable,204,Not Applicable,0,,
2024-07-26 16:11:00,CNR1066008544,Success,CID439314,eBike,Jayanagar,Hosur Road,133.0,30.0,Not Applicable,Not Applicable,No,Not Applicable,476,UPI,25,3.7,4.3
2024-07-28 08:25:00,CNR3356764845,Canceled by Driver,CID149036,Prime SUV,Varthur,Hosur Road,,,Not Applicable,More than permitted people in there,Not Applicable,Not Applicable,419,Not Applicable,0,,
2024-07-13 20:06:00,CNR7043167463,Success,CID971009,Prime SUV,Indiranagar,BTM Layout,63.0,80.0,Not Applicable,Not Applicable,No,Not Applicable,2171,UPI,27,4.1,3.9
2024-07-07 16:34:00,CNR7828088789,Canceled by Customer,CID669869,Prime Sedan,Devanahalli,Majestic,,,Change of plans,Not Applicable,Not Applicable,Not Applicable,586,Not Applicable,0,,
2024-07-20 16:57:00,CNR5698038954,Canceled by Customer,CID424388,Prime Plus,Hosur Road,Padmanabhanagar,,,Driver is not moving towards pickup location,Not Applicable,Not Applicable,Not Applicable,380,Not Applicable,0,,
2024-07-22 16:13:00,CNR7090092325,Driver Not Found,CID426162,Auto,Vijayanagar,Devanahalli,,,Not Applicable,Not Applicable,Not Applicable,Not Applicable,630,Not Applicable,0,,
2024-07-16 17:21:00,CNR5509675626,Driver Not Found,CID578806,Bike,Ulsoor,Magadi Road,,,Not Applicable,Not Applicable,Not Applicable,Not Applicable,534,Not Applicable,0,,
2024-07-27 03:46:00,CNR5023251002,Success,CID786238,Bike,Vijayanagar,Bannerghatta Road,56.0,110.0,Not Applicable,Not Applicable,No,Not Applicable,196,Cash,34,4.3,3.9
2024-07-18 21:00:00,CNR8347697263,Canceled by Customer,CID138348,Auto,Sarjapur Road,Varthur,,,AC is Not working,Not Applicable,Not Applicable,Not Applicable,880,Not Applicable,0,,
2024-07-02 21:29:00,CNR5035738181,Canceled by Driver,CID390728,Auto,Langford Town,Sarjapur Road,,,Not Applicable,Customer related issue,Not Applicable,Not Applicable,229,Not Applicable,0,,
2024-07-06 02:16:00,CNR9385552294,Success,CID910000,Mini,Tumkur Road,Bellandur,273.0,115.0,Not Applicable,Not Applicable,No,Not Applicable,233,Cash,5,4.2,4.6
2024-07-23 12:41:00,CNR6428901638,Success,CID131739,eBike,RT Nagar,Banashankari,35.0,145.0,Not Applicable,Not Applicable,Yes,Customer Demand,187,Credit Card,23,4.6,3.3
2024-07-03 08:50:00,CNR7134487113,Canceled by Driver,CID714744,eBike,JP Nagar,Bannerghatta Road,,,Not Applicable,More than permitted people in there,Not Applicable,Not Applicable,412,Not Applicable,0,,
2024-07-18 14:49:00,CNR1869171142,Canceled by Driver,CID931476,Prime Sedan,Cox Town,Ramamurthy Nagar,,,Not Applicable,Customer was coughing/sick,Not Applicable,Not Applicable,421,Not Applicable,0,,
2024-07-15 01:24:00,CNR6542842499,Success,CID282373,Auto,KR Puram,Indiranagar,105.0,70.0,Not Applicable,Not Applicable,No,Not Applicable,578,Cash,16,4.3,3.6
2024-07-03 20:39:00,CNR3192663391,Canceled by Driver,CID594076,Auto,Tumkur Road,Malleshwaram,,,Not Applicable,Personal & Car related issue,Not Applicable,Not Applicable,237,Not Applicable,0,,
2024-07-16 09:18:00,CNR6735761198,Canceled by Driver,CID495781,Bike,JP Nagar,Shivajinagar,,,Not Applicable,Personal & Car related issue,Not Applicable,Not Applicable,1755,Not Applicable,0,,
2024-07-13 12:11:00,CNR3194782657,Canceled by Driver,CID962399,eBike,Sahakar Nagar,RT Nagar,,,Not Applicable,Personal & Car related issue,Not Applicable,Not Applicable,984,Not Applicable,0,,
2024-07-22 05:56:00,CNR1199216244,Success,CID952224,Mini,Ulsoor,Banashankari,154.0,100.0,Not Applicable,Not Applicable,No,Not Applicable,227,UPI,39,4.2,4.1
2024-07-20 00:22:00,CNR3624294941,Driver Not Found,CID152496,Mini,Padmanabhanagar,Koramangala,,,Not Applicable,Not Applicable,Not Applicable,Not Applicable,731,Not Applicable,0,,
2024-07-14 21:21:00,CNR6544692574,Success,CID248402,Prime SUV,Padmanabhanagar,Shivajinagar,119.0,110.0,Not Applicable,Not Applicable,No,Not Applicable,356,Cash,1,3.8,3.8
2024-07-01 07:45:00,CNR3852879657,Success,CID179652,Auto,Sarjapur Road,Marathahalli,252.0,105.0,Not Applicable,Not Applicable,No,Not Applicable,421,Cash,6,4.1,3.6
2024-07-02 09:30:00,CNR1642110715,Success,CID727564,Mini,Whitefield,Kengeri,294.0,110.0,Not Applicable,Not Applicable,No,Not Applicable,653,Cash,47,3.7,3.8
2024-07-23 08:42:00,CNR7075587695,Canceled by Customer,CID939015,Auto,Shantinagar,Sahakar Nagar,,,Driver asked to cancel,Not Applicable,Not Applicable,Not Applicable,109,Not Applicable,0,,
2024-07-16 08:00:00,CNR7560271662,Success,CID948559,Prime Sedan,Magadi Road,Yelahanka,196.0,75.0,Not Applicable,Not Applicable,Yes,Vehicle Breakdown,490,UPI,22,4.9,4.6
2024-07-06 08:20:00,CNR2746133986,Success,CID463984,Prime Plus,BTM Layout,Jayanagar,49.0,80.0,Not Applicable,Not Applicable,No,Not Applicable,817,UPI,1,4.9,4.9
2024-07-25 10:16:00,CNR2221762234,Canceled by Customer,CID604695,Prime SUV,Vijayanagar,Chamarajpet,,,Driver asked to cancel,Not Applicable,Not Applicable,Not Applicable,314,Not Applicable,0,,
2024-07-05 07:33:00,CNR4774786881,Canceled by Customer,CID984939,eBike,Rajarajeshwari Nagar,Koramangala,,,Driver is not moving towards pickup location,Not Applicable,Not Applicable,Not Applicable,996,Not Applicable,0,,
2024-07-26 12:19:00,CNR3949583625,Driver Not Found,CID123041,eBike,Hennur,Sarjapur Road,,,Not Applicable,Not Applicable,Not Applicable,Not Applicable,157,Not Applicable,0,,
2024-07-24 00:08:00,CNR4537588055,Success,CID445385,Bike,Kengeri,Sahakar Nagar,224.0,125.0,Not Applicable,Not Applicable,No,Not Applicable,270,Cash,47,4.5,3.4
2024-07-06 23:23:00,CNR1611608797,Success,CID139232,Auto,Chickpet,KR Puram,308.0,55.0,Not Applicable,Not Applicable,No,Not Applicable,1155,UPI,17,3.5,3.5
2024-07-25 06:01:00,CNR3410392161,Canceled by Driver,CID781139,eBike,MG Road,Peenya,,,Not Applicable,Customer was coughing/sick,Not Applicable,Not Applicable,481,Not Applicable,0,,
2024-07-23 11:31:00,CNR4546823179,Success,CID658282,Prime SUV,Peenya,Bannerghatta Road,189.0,140.0,Not Applicable,Not Applicable,No,Not Applicable,115,Cash,45,4.1,4.0
2024-07-26 21:18:00,CNR4273123971,Success,CID326871,Prime Sedan,Mysore Road,Sarjapur Road,42.0,70.0,Not Applicable,Not Applicable,No,Not Applicable,623,Cash,39,3.7,3.8
2024-07-25 11:01:00,CNR2000638454,Success,CID147012,Prime Sedan,Hosur Road,Richmond Town,119.0,90.0,Not Applicable,Not Applicable,No,Not Applicable,374,UPI,21,5.0,4.1
2024-07-09 02:34:00,CNR3194337696,Success,CID998331,Auto,Basavanagudi,Yeshwanthpur,287.0,140.0,Not Applicable,Not Applicable,No,Not Applicable,386,Cash,6,5.0,4.5
2024-07-17 02:59:00,CNR6748024137,Success,CID682630,eBike,Hebbal,Mysore Road,161.0,115.0,Not Applicable,Not Applicable,No,Not Applicable,401,UPI,35,4.3,4.6
2024-07-26 05:21:00,CNR3969448500,Success,CID904106,Auto,Ramamurthy Nagar,Koramangala,154.0,145.0,Not Applicable,Not Applicable,No,Not Applicable,571,UPI,12,3.1,4.5
2024-07-18 03:33:00,CNR6215288375,Success,CID147117,Prime Plus,Frazer Town,Sarjapur Road,168.0,45.0,Not Applicable,Not Applicable,No,Not Applicable,1714,Cash,21,4.2,4.5
2024-07-06 15:00:00,CNR1597503184,Success,CID652481,Prime Plus,Bannerghatta Road,BTM Layout,245.0,45.0,Not Applicable,Not Applicable,No,Not Applicable,320,Credit Card,39,4.3,4.0
2024-07-16 11:33:00,CNR8024115325,Success,CID933593,Bike,Mysore Road,Kengeri,280.0,60.0,Not Applicable,Not Applicable,No,Not Applicable,381,UPI,17,3.8,3.8
2024-07-27 09:57:00,CNR1455680443,Canceled by Driver,CID371252,Prime SUV,Shivajinagar,Kadugodi,,,Not Applicable,Customer related issue,Not Applicable,Not Applicable,181,Not Applicable,0,,
2024-07-13 16:11:00,CNR3494970950,Success,CID422129,eBike,Hennur,Mysore Road,210.0,110.0,Not Applicable,Not Applicable,No,Not Applicable,274,Cash,15,4.0,4.3
2024-07-18 21:24:00,CNR8398616745,Canceled by Driver,CID770624,Prime Sedan,HSR Layout,Malleshwaram,,,Not Applicable,Customer was coughing/sick,Not Applicable,Not Applicable,334,Not Applicable,0,,
2024-07-15 07:32:00,CNR5033331599,Canceled by Customer,CID542761,eBike,Shivajinagar,Rajajinagar,,,Driver is not moving towards pickup location,Not Applicable,Not Applicable,Not Applicable,127,Not Applicable,0,,
2024-07-22 23:19:00,CNR5930878492,Canceled by Driver,CID905295,Prime Plus,Sahakar Nagar,Hosur Road,,,Not Applicable,Customer related issue,Not Applicable,Not Applicable,134,Not Applicable,0,,
2024-07-25 10:16:00,CNR7108311568,Success,CID291608,eBike,Mysore Road,Padmanabhanagar,175.0,105.0,Not Applicable,Not Applicable,No,Not Applicable,251,Cash,45,4.4,3.4
2024-07-25 08:46:00,CNR3682468980,Canceled by Customer,CID437122,eBike,Sahakar Nagar,Hosur Road,,,Driver is not moving towards pickup location,Not Applicable,Not Applicable,Not Applicable,145,Not Applicable,0,,
2024-07-05 22:04:00,CNR4556135722,Success,CID316476,Prime Plus,KR Puram,Magadi Road,308.0,85.0,Not Applicable,Not Applicable,No,Not Applicable,554,Cash,31,4.8,3.1
2024-07-18 02:54:00,CNR7132013151,Success,CID474558,Prime Sedan,Shivajinagar,Kadugodi,203.0,95.0,Not Applicable,Not Applicable,No,Not Applicable,113,Cash,18,3.5,4.5
2024-07-14 09:17:00,CNR2081001541,Driver Not Found,CID952500,eBike,Hulimavu,KR Puram,,,Not Applicable,Not Applicable,Not Applicable,Not Applicable,2513,Not Applicable,0,,
2024-07-17 20:43:00,CNR4554167355,Success,CID727949,Auto,Chamarajpet,HSR Layout,119.0,30.0,Not Applicable,Not Applicable,No,Not Applicable,441,Cash,19,3.7,3.8
2024-07-15 00:24:00,CNR1450635842,Success,CID450457,Mini,BTM Layout,KR Puram,259.0,30.0,Not Applicable,Not Applicable,Yes,Other Issue,401,Cash,40,3.3,4.3
2024-07-10 09:02:00,CNR1999953492,Canceled by Driver,CID131123,Auto,Sahakar Nagar,Nagarbhavi,,,Not Applicable,More than permitted people in there,Not Applicable,Not Applicable,240,Not Applicable,0,,
2024-07-21 04:06:00,CNR2635854036,Success,CID476065,Bike,Mysore Road,Hebbal,203.0,55.0,Not Applicable,Not Applicable,No,Not Applicable,209,Cash,43,4.7,4.6
2024-07-06 11:29:00,CNR4561575313,Success,CID871610,Prime Sedan,Frazer Town,Langford Town,301.0,80.0,Not Applicable,Not Applicable,No,Not Applicable,300,Cash,1,4.7,5.0
2024-07-29 18:41:00,CNR6773343969,Driver Not Found,CID941904,Prime Sedan,Malleshwaram,Basavanagudi,,,Not Applicable,Not Applicable,Not Applicable,Not Applicable,346,Not Applicable,0,,
2024-07-21 15:45:00,CNR6468021284,Success,CID452665,Prime Sedan,Nagarbhavi,KR Puram,140.0,100.0,Not Applicable,Not Applicable,No,Not Applicable,210,UPI,2,4.3,4.1
2024-07-06 11:26:00,CNR1298083629,Success,CID299639,Prime Plus,Bannerghatta Road,RT Nagar,252.0,120.0,Not Applicable,Not Applicable,No,Not Applicable,2696,UPI,39,3.2,4.7
2024-07-18 22:02:00,CNR4394466872,Canceled by Customer,CID432230,Prime SUV,Peenya,Tumkur Road,,,Change of plans,Not Applicable,Not Applicable,Not Applicable,162,Not Applicable,0,,
2024-07-13 01:35:00,CNR6391883096,Canceled by Driver,CID845026,Mini,Shivajinagar,Magadi Road,,,Not Applicable,Personal & Car related issue,Not Applicable,Not Applicable,145,Not Applicable,0,,
2024-07-12 12:39:00,CNR5752308259,Driver Not Found,CID353597,Prime Plus,Yelahanka,Sahakar Nagar,,,Not Applicable,Not Applicable,Not Applicable,Not Applicable,351,Not Applicable,0,,
2024-07-17 03:24:00,CNR3336178095,Canceled by Customer,CID477573,Mini,Langford Town,Mysore Road,,,Driver asked to cancel,Not Applicable,Not Applicable,Not Applicable,244,Not Applicable,0,,
2024-07-24 04:45:00,CNR7998477601,Success,CID728076,Mini,Cox Town,Langford Town,133.0,95.0,Not Applicable,Not Applicable,Yes,Customer Demand,794,Cash,48,4.3,3.5
2024-07-20 14:36:00,CNR9025618100,Success,CID320567,Prime Plus,Shantinagar,Nagarbhavi,105.0,50.0,Not Applicable,Not Applicable,No,Not Applicable,267,Cash,44,4.3,3.3
2024-07-11 22:36:00,CNR6062557823,Success,CID279918,Auto,Richmond Town,Shivajinagar,189.0,115.0,Not Applicable,Not Applicable,No,Not Applicable,339,Cash,14,4.7,4.8
2024-07-26 14:32:00,CNR5026716524,Canceled by Customer,CID115831,Prime Sedan,Langford Town,Chamarajpet,,,Driver is not moving towards pickup location,Not Applicable,Not Applicable,Not Applicable,2862,Not Applicable,0,,
2024-07-27 00:43:00,CNR3566985652,Success,CID560224,Bike,Yelahanka,Kadugodi,245.0,90.0,Not Applicable,Not Applicable,Yes,Vehicle Breakdown,253,UPI,39,4.1,3.2
2024-07-18 09:59:00,CNR6816953689,Canceled by Customer,CID936256,Prime Plus,Peenya,Devanahalli,,,Driver is not moving towards pickup location,Not Applicable,Not Applicable,Not Applicable,113,Not Applicable,0,,
2024-07-21 16:57:00,CNR1593552141,Success,CID526729,Mini,Sahakar Nagar,Hosur Road,35.0,70.0,Not Applicable,Not Applicable,No,Not Applicable,711,Cash,48,4.0,3.5
2024-07-25 15:40:00,CNR7875027936,Success,CID946305,Prime SUV,Varthur,HSR Layout,98.0,120.0,Not Applicable,Not Applicable,No,Not Applicable,424,UPI,27,4.5,3.9
2024-07-01 01:43:00,CNR2938090917,Success,CID873875,Prime SUV,Rajajinagar,Bannerghatta Road,147.0,120.0,Not Applicable,Not Applicable,Yes,Customer Demand,456,UPI,45,3.7,3.9
2024-07-19 14:32:00,CNR3132027085,Success,CID418244,Bike,Sarjapur Road,Nagarbhavi,126.0,85.0,Not Applicable,Not Applicable,No,Not Applicable,830,Cash,17,4.7,4.3
2024-07-04 18:13:00,CNR8739969527,Success,CID687053,Auto,Banashankari,Richmond Town,77.0,90.0,Not Applicable,Not Applicable,No,Not Applicable,146,Cash,10,3.7,5.0
2024-07-06 18:49:00,CNR7579402177,Success,CID784325,Prime Plus,Banashankari,Ramamurthy Nagar,49.0,145.0,Not Applicable,Not Applicable,No,Not Applicable,2807,Cash,15,4.9,3.5
2024-07-06 03:01:00,CNR1293599539,Canceled by Driver,CID415623,Prime Plus,Yelahanka,Hebbal,,,Not Applicable,Customer related issue,Not Applicable,Not Applicable,308,Not Applicable,0,,
2024-07-14 18:38:00,CNR6523617672,Success,CID708047,Auto,Vijayanagar,Langford Town,105.0,95.0,Not Applicable,Not Applicable,No,Not Applicable,639,Cash,19,4.9,4.3
2024-07-06 10:44:00,CNR1390177237,Canceled by Driver,CID415751,Prime SUV,Richmond Town,Marathahalli,,,Not Applicable,Personal & Car related issue,Not Applicable,Not Applicable,238,Not Applicable,0,,
2024-07-05 23:15:00,CNR2117780774,Canceled by Customer,CID529743,Prime Plus,Chamarajpet,Vijayanagar,,,Change of plans,Not Applicable,Not Applicable,Not Applicable,333,Not Applicable,0,,
2024-07-16 00:23:00,CNR2699721033,Success,CID541079,Prime Sedan,Ulsoor,RT Nagar,266.0,40.0,Not Applicable,Not Applicable,No,Not Applicable,930,Cash,33,4.2,4.3
2024-07-08 02:01:00,CNR5792874733,Canceled by Driver,CID131113,Prime Sedan,Ramamurthy Nagar,Hebbal,,,Not Applicable,Customer related issue,Not Applicable,Not Applicable,480,Not Applicable,0,,
2024-07-30 11:41:00,CNR5388205256,Success,CID361262,eBike,Tumkur Road,MG Road,154.0,45.0,Not Applicable,Not Applicable,No,Not Applicable,721,Cash,20,3.3,3.1
2024-07-04 13:03:00,CNR6777458361,Success,CID101006,Auto,Peenya,Peenya,77.0,85.0,Not Applicable,Not Applicable,Yes,Vehicle Breakdown,613,UPI,1,4.5,3.3
2024-07-03 16:22:00,CNR8154656733,Driver Not Found,CID744230,Bike,Koramangala,BTM Layout,,,Not Applicable,Not Applicable,Not Applicable,Not Applicable,141,Not Applicable,0,,
2024-07-24 04:46:00,CNR3523400750,Canceled by Driver,CID607116,Bike,Tumkur Road,Rajajinagar,,,Not Applicable,More than permitted people in there,Not Applicable,Not Applicable,278,Not Applicable,0,,
2024-07-29 09:28:00,CNR5186955963,Canceled by Driver,CID820817,Auto,Banashankari,Frazer Town,,,Not Applicable,More than permitted people in there,Not Applicable,Not Applicable,147,Not Applicable,0,,
2024-07-03 04:31:00,CNR2027507710,Driver Not Found,CID585565,Mini,Marathahalli,Hennur,,,Not Applicable,Not Applicable,Not Applicable,Not Applicable,428,Not Applicable,0,,
2024-07-16 11:16:00,CNR7538917061,Success,CID856077,Prime Sedan,Ulsoor,Hebbal,182.0,55.0,Not Applicable,Not Applicable,No,Not Applicable,145,UPI,4,4.9,3.4
2024-07-20 16:29:00,CNR6720735670,Canceled by Customer,CID662370,Prime Sedan,Chamarajpet,Kengeri,,,Wrong Address,Not Applicable,Not Applicable,Not Applicable,217,Not Applicable,0,,
2024-07-14 10:57:00,CNR2401426283,Canceled by Driver,CID489831,Prime Plus,Chickpet,Ramamurthy Nagar,,,Not Applicable,Personal & Car related issue,Not Applicable,Not Applicable,231,Not Applicable,0,,
2024-07-16 08:46:00,CNR7304549399,Success,CID550406,eBike,Marathahalli,Kammanahalli,273.0,50.0,Not Applicable,Not Applicable,No,Not Applicable,498,UPI,43,3.5,3.7
2024-07-12 10:36:00,CNR7965685490,Driver Not Found,CID907280,eBike,Bannerghatta Road,Malleshwaram,,,Not Applicable,Not Applicable,Not Applicable,Not Applicable,110,Not Applicable,0,,
2024-07-08 07:28:00,CNR4756200060,Success,CID838344,Prime Plus,Ulsoor,Whitefield,56.0,145.0,Not Applicable,Not Applicable,No,Not Applicable,594,UPI,36,3.6,4.8
2024-07-20 15:03:00,CNR1922756373,Success,CID376161,Auto,Vijayanagar,Kengeri,280.0,80.0,Not Applicable,Not Applicable,No,Not Applicable,338,Cash,10,3.8,3.8
2024-07-11 03:09:00,CNR5504779229,Success,CID694549,Prime Sedan,Yelahanka,Majestic,259.0,145.0,Not Applicable,Not Applicable,No,Not Applicable,237,UPI,30,3.8,3.3
2024-07-09 13:56:00,CNR9957624895,Success,CID465408,Mini,Banashankari,Koramangala,42.0,75.0,Not Applicable,Not Applicable,No,Not Applicable,816,Cash,16,4.3,4.9
2024-07-07 14:37:00,CNR1562140100,Canceled by Customer,CID802720,Prime Plus,Chickpet,Bannerghatta Road,,,Driver is not moving towards pickup location,Not Applicable,Not Applicable,Not Applicable,251,Not Applicable,0,,
2024-07-16 08:32:00,CNR5923202474,Canceled by Driver,CID695255,Mini,Indiranagar,Indiranagar,,,Not Applicable,Customer related issue,Not Applicable,Not Applicable,334,Not Applicable,0,,
2024-07-05 21:42:00,CNR1423020565,Driver Not Found,CID507388,Mini,Basavanagudi,Whitefield,,,Not Applicable,Not Applicable,Not Applicable,Not Applicable,427,Not Applicable,0,,
2024-07-11 15:45:00,CNR9719749053,Success,CID588111,Bike,Nagarbhavi,Richmond Town,266.0,130.0,Not Applicable,Not Applicable,No,Not Applicable,2778,Cash,31,4.7,4.3
2024-07-16 14:40:00,CNR2312660588,Success,CID784628,Prime Plus,Ulsoor,Malleshwaram,70.0,125.0,Not Applicable,Not Applicable,No,Not Applicable,304,UPI,11,3.5,3.9
2024-07-17 03:10:00,CNR8339899894,Success,CID895389,Prime Plus,Magadi Road,Shivajinagar,308.0,80.0,Not Applicable,Not Applicable,No,Not Applicable,2165,Cash,9,4.4,3.9
2024-07-24 08:38:00,CNR3068624481,Success,CID110851,Prime SUV,Rajajinagar,Hosur Road,168.0,85.0,Not Applicable,Not Applicable,No,Not Applicable,245,UPI,2,3.5,4.4
2024-07-13 22:49:00,CNR6992370935,Driver Not Found,CID745080,Auto,Frazer Town,Devanahalli,,,Not Applicable,Not Applicable,Not Applicable,Not Applicable,304,Not Applicable,0,,
2024-07-29 15:37:00,CNR7954295342,Success,CID421319,Prime SUV,Shantinagar,Yeshwanthpur,259.0,25.0,Not Applicable,Not Applicable,No,Not Applicable,131,Cash,44,4.4,3.1
2024-07-15 12:30:00,CNR6328125850,Success,CID784909,Bike,MG Road,Bellandur,294.0,115.0,Not Applicable,Not Applicable,No,Not Applicable,269,UPI,49,4.9,3.8
2024-07-08 07:03:00,CNR9286087862,Success,CID613613,Prime SUV,Kengeri,Sarjapur Road,98.0,100.0,Not Applicable,Not Applicable,Yes,Other Issue,488,Cash,34,4.3,3.6
2024-07-03 23:45:00,CNR3451601016,Driver Not Found,CID330938,Prime Plus,Banashankari,Jayanagar,,,Not Applicable,Not Applicable,Not Applicable,Not Applicable,418,Not Applicable,0,,
2024-07-23 01:19:00,CNR8530165231,Canceled by Driver,CID168210,Auto,Ramamurthy Nagar,Rajajinagar,,,Not Applicable,Customer related issue,Not Applicable,Not Applicable,362,Not Applicable,0,,
2024-07-27 08:32:00,CNR8235657439,Success,CID308817,eBike,Bannerghatta Road,Hulimavu,203.0,105.0,Not Applicable,Not Applicable,No,Not Applicable,2081,UPI,27,3.9,4.2
2024-07-01 01:29:00,CNR7719517414,Success,CID473866,eBike,KR Puram,Yelahanka,280.0,105.0,Not Applicable,Not Applicable,No,Not Applicable,410,UPI,27,3.1,4.5
2024-07-17 04:35:00,CNR7131397302,Success,CID822055,eBike,Nagarbhavi,Majestic,35.0,55.0,Not Applicable,Not Applicable,No,Not Applicable,711,Cash,21,4.1,4.3
2024-07-06 03:47:00,CNR2254823047,Success,CID475649,Prime Sedan,Frazer Town,Chickpet,217.0,120.0,Not Applicable,Not Applicable,No,Not Applicable,311,Cash,31,4.5,4.7
2024-07-06 07:20:00,CNR9173625751,Canceled by Customer,CID323631,Prime Plus,Banashankari,Varthur,,,Driver is not moving towards pickup location,Not Applicable,Not Applicable,Not Applicable,425,Not Applicable,0,,
2024-07-04 03:31:00,CNR5363830572,Success,CID514674,Prime SUV,BTM Layout,JP Nagar,231.0,40.0,Not Applicable,Not Applicable,No,Not Applicable,368,UPI,3,4.9,4.0
2024-07-06 19:37:00,CNR8854709605,Success,CID711003,Mini,Yelahanka,Majestic,224.0,70.0,Not Applicable,Not Applicable,No,Not Applicable,1969,Cash,5,3.3,3.4
2024-07-09 12:41:00,CNR9001643946,Driver Not Found,CID948789,Mini,Hosur Road,Yelahanka,,,Not Applicable,Not Applicable,Not Applicable,Not Applicable,357,Not Applicable,0,,
2024-07-30 18:22:00,CNR1224704641,Success,CID369975,Prime Plus,Basavanagudi,RT Nagar,273.0,110.0,Not Applicable,Not Applicable,No,Not Applicable,999,Cash,36,3.3,4.8
2024-07-26 00:59:00,CNR9929335954,Success,CID364654,Prime Sedan,Kadugodi,Vijayanagar,56.0,80.0,Not Applicable,Not Applicable,No,Not Applicable,206,UPI,49,4.1,4.8
2024-07-06 09:56:00,CNR1311131873,Canceled by Driver,CID643354,Prime Plus,Hosur Road,Langford Town,,,Not Applicable,Personal & Car related issue,Not Applicable,Not Applicable,659,Not Applicable,0,,
2024-07-25 18:28:00,CNR5678911433,Canceled by Customer,CID208202,Bike,Frazer Town,Ramamurthy Nagar,,,Change of plans,Not Applicable,Not Applicable,Not Applicable,363,Not Applicable,0,,
2024-07-18 03:46:00,CNR7008514216,Canceled by Driver,CID544620,Mini,Ulsoor,Magadi Road,,,Not Applicable,Customer related issue,Not Applicable,Not Applicable,998,Not Applicable,0,,
2024-07-25 05:05:00,CNR4131123461,Success,CID542642,eBike,Sarjapur Road,Nagarbhavi,147.0,35.0,Not Applicable,Not Applicable,No,Not Applicable,387,Debit Card,18,4.5,3.5
2024-07-26 05:17:00,CNR3502739859,Success,CID252528,Bike,Langford Town,BTM Layout,238.0,130.0,Not Applicable,Not Applicable,No,Not Applicable,186,Cash,19,3.8,3.4
2024-07-30 20:32:00,CNR2280427106,Success,CID236066,Prime Sedan,Yelahanka,Indiranagar,259.0,65.0,Not Applicable,Not Applicable,No,Not Applicable,1604,UPI,30,4.5,4.9
2024-07-17 23:00:00,CNR1839793392,Success,CID641507,Prime Sedan,Sahakar Nagar,Kammanahalli,35.0,115.0,Not Applicable,Not Applicable,No,Not Applicable,321,Cash,15,3.4,4.9
2024-07-22 09:42:00,CNR6760391693,Success,CID489386,Bike,Banashankari,Nagarbhavi,182.0,45.0,Not Applicable,Not Applicable,No,Not Applicable,261,Cash,48,3.8,4.5
2024-07-30 23:45:00,CNR1062211125,Success,CID501909,Prime Sedan,Chickpet,HSR Layout,175.0,130.0,Not Applicable,Not Applicable,Yes,Vehicle Breakdown,357,Cash,33,3.4,4.2
2024-07-18 13:42:00,CNR7589892053,Canceled by Customer,CID998421,Prime SUV,KR Puram,Hosur Road,,,Driver is not moving towards pickup location,Not Applicable,Not Applicable,Not Applicable,322,Not Applicable,0,,
2024-07-14 10:36:00,CNR5951374016,Success,CID883877,Auto,Kadugodi,Tumkur Road,77.0,110.0,Not Applicable,Not Applicable,No,Not Applicable,280,Cash,7,4.7,3.3
2024-07-30 09:32:00,CNR5928749592,Success,CID394209,Bike,Mysore Road,Jayanagar,105.0,65.0,Not Applicable,Not Applicable,No,Not Applicable,322,UPI,47,4.9,3.2
2024-07-21 09:54:00,CNR4009712381,Success,CID793830,Auto,Bannerghatta Road,Vijayanagar,42.0,120.0,Not Applicable,Not Applicable,No,Not Applicable,2259,UPI,14,4.5,4.9
2024-07-08 01:06:00,CNR5807663935,Success,CID103962,Mini,Sarjapur Road,Shivajinagar,259.0,35.0,Not Applicable,Not Applicable,No,Not Applicable,239,UPI,26,4.2,3.2
2024-07-30 05:59:00,CNR1651005050,Success,CID812982,Prime Plus,Jayanagar,Indiranagar,266.0,115.0,Not Applicable,Not Applicable,No,Not Applicable,317,Cash,19,3.5,3.4
2024-07-01 08:33:00,CNR6540139553,Success,CID683650,Mini,Mysore Road,Majestic,133.0,100.0,Not Applicable,Not Applicable,No,Not Applicable,294,UPI,9,3.7,4.9
2024-07-16 21:05:00,CNR7535412774,Success,CID818999,eBike,Cox Town,Kammanahalli,217.0,70.0,Not Applicable,Not Applicable,No,Not Applicable,589,Cash,34,4.7,4.1
2024-07-13 12:32:00,CNR9147789150,Success,CID272927,Mini,RT Nagar,Rajarajeshwari Nagar,287.0,60.0,Not Applicable,Not Applicable,No,Not Applicable,345,Cash,4,4.0,4.9
2024-07-18 14:32:00,CNR3479863757,Canceled by Driver,CID298328,Prime SUV,Ulsoor,Cox Town,,,Not Applicable,Personal & Car related issue,Not Applicable,Not Applicable,121,Not Applicable,0,,
2024-07-28 20:40:00,CNR2718686938,Canceled by Customer,CID453093,Bike,Banashankari,RT Nagar,,,Driver is not moving towards pickup location,Not Applicable,Not Applicable,Not Applicable,2840,Not Applicable,0,,
2024-07-04 15:45:00,CNR6911845789,Driver Not Found,CID914573,Auto,Malleshwaram,Hulimavu,,,Not Applicable,Not Applicable,Not Applicable,Not Applicable,402,Not Applicable,0,,
2024-07-06 21:39:00,CNR3818617263,Success,CID839635,Prime Sedan,Sarjapur Road,BTM Layout,126.0,80.0,Not Applicable,Not Applicable,No,Not Applicable,291,Cash,35,3.6,3.7
2024-07-30 17:08:00,CNR1811471391,Success,CID349536,eBike,Frazer Town,Nagarbhavi,140.0,55.0,Not Applicable,Not Applicable,No,Not Applicable,229,UPI,5,3.9,3.7
2024-07-09 05:34:00,CNR2973904755,Canceled by Driver,CID620318,Mini,Hebbal,JP Nagar,,,Not Applicable,Customer related issue,Not Applicable,Not Applicable,231,Not Applicable,0,,
2024-07-25 07:10:00,CNR2826235175,Driver Not Found,CID121310,Prime SUV,HSR Layout,Sarjapur Road,,,Not Applicable,Not Applicable,Not Applicable,Not Applicable,936,Not Applicable,0,,
2024-07-25 15:50:00,CNR5667937116,Success,CID819664,Prime Plus,Basavanagudi,Yelahanka,126.0,100.0,Not Applicable,Not Applicable,No,Not Applicable,170,UPI,46,4.7,4.1
2024-07-10 13:25:00,CNR5032578309,Success,CID233906,Prime SUV,Shantinagar,HSR Layout,140.0,30.0,Not Applicable,Not Applicable,No,Not Applicable,259,UPI,28,4.9,4.0
2024-07-23 11:44:00,CNR3573535591,Success,CID822656,Auto,Hulimavu,Shantinagar,273.0,70.0,Not Applicable,Not Applicable,No,Not Applicable,958,Cash,3,3.6,4.6
2024-07-06 12:09:00,CNR1525691855,Success,CID915375,Prime SUV,Whitefield,Tumkur Road,105.0,50.0,Not Applicable,Not Applicable,No,Not Applicable,863,Cash,45,3.4,3.0
2024-07-03 12:57:00,CNR3195863597,Success,CID762524,eBike,Shivajinagar,Shivajinagar,112.0,35.0,Not Applicable,Not Applicable,No,Not Applicable,486,UPI,15,3.1,3.4
2024-07-24 15:29:00,CNR4447000747,Success,CID122238,Auto,Langford Town,HSR Layout,189.0,135.0,Not Applicable,Not Applicable,No,Not Applicable,829,Cash,6,3.9,4.0
2024-07-17 18:25:00,CNR3763373080,Success,CID404467,Prime SUV,Ramamurthy Nagar,Electronic City,280.0,70.0,Not Applicable,Not Applicable,No,Not Applicable,244,Cash,36,3.1,3.5
2024-07-06 10:40:00,CNR1721599526,Driver Not Found,CID870091,Prime SUV,Kengeri,Koramangala,,,Not Applicable,Not Applicable,Not Applicable,Not Applicable,217,Not Applicable,0,,
2024-07-16 03:05:00,CNR1324147226,Canceled by Customer,CID227297,Bike,Cox Town,Hennur,,,Change of plans,Not Applicable,Not Applicable,Not Applicable,221,Not Applicable,0,,
2024-07-14 01:24:00,CNR9625093580,Driver Not Found,CID101620,Prime Sedan,Mysore Road,Peenya,,,Not Applicable,Not Applicable,Not Applicable,Not Applicable,400,Not Applicable,0,,
2024-07-11 18:40:00,CNR9751337745,Success,CID917135,Prime Sedan,Cox Town,Sahakar Nagar,35.0,30.0,Not Applicable,Not Applicable,No,Not Applicable,832,Cash,45,5.0,3.5
2024-07-27 06:10:00,CNR2929273301,Canceled by Customer,CID614109,eBike,Cox Town,Sahakar Nagar,,,Change of plans,Not Applicable,Not Applicable,Not Applicable,122,Not Applicable,0,,
2024-07-20 19:12:00,CNR8221260626,Driver Not Found,CID135952,Prime Plus,Jayanagar,HSR Layout,,,Not Applicable,Not Applicable,Not Applicable,Not Applicable,345,Not Applicable,0,,
2024-07-30 08:07:00,CNR5847418159,Canceled by Driver,CID522117,eBike,Whitefield,Sarjapur Road,,,Not Applicable,Personal & Car related issue,Not Applicable,Not Applicable,566,Not Applicable,0,,
2024-07-28 20:02:00,CNR3501746871,Canceled by Driver,CID826428,Bike,Kammanahalli,Yelahanka,,,Not Applicable,More than permitted people in there,Not Applicable,Not Applicable,254,Not Applicable,0,,
2024-07-26 23:56:00,CNR1108364962,Canceled by Driver,CID937440,Prime Sedan,Peenya,Devanahalli,,,Not Applicable,Customer was coughing/sick,Not Applicable,Not Applicable,319,Not Applicable,0,,
2024-07-25 17:23:00,CNR4198499653,Success,CID380138,Prime Sedan,Marathahalli,Chamarajpet,217.0,50.0,Not Applicable,Not Applicable,No,Not Applicable,371,Cash,8,4.5,4.9
2024-07-13 09:31:00,CNR1512689512,Canceled by Driver,CID492560,Mini,Ulsoor,Ulsoor,,,Not Applicable,Customer related issue,Not Applicable,Not Applicable,1614,Not Applicable,0,,
2024-07-11 07:00:00,CNR3922485024,Canceled by Driver,CID927856,Mini,Cox Town,Mysore Road,,,Not Applicable,Customer was coughing/sick,Not Applicable,Not Applicable,1150,Not Applicable,0,,
2024-07-24 03:24:00,CNR2206149313,Success,CID963291,Mini,Cox Town,Vijayanagar,126.0,75.0,Not Applicable,Not Applicable,No,Not Applicable,891,UPI,39,4.5,3.8
2024-07-27 23:50:00,CNR7076289109,Success,CID588762,eBike,Kadugodi,Shantinagar,266.0,50.0,Not Applicable,Not Applicable,No,Not Applicable,306,Debit Card,13,4.2,3.5
2024-07-28 22:12:00,CNR6158574220,Success,CID471800,Prime Sedan,Majestic,Varthur,301.0,120.0,Not Applicable,Not Applicable,No,Not Applicable,711,Cash,49,3.9,3.2
2024-07-09 09:14:00,CNR7427256295,Success,CID501893,Prime Plus,RT Nagar,KR Puram,119.0,115.0,Not Applicable,Not Applicable,No,Not Applicable,441,UPI,32,4.1,3.4
2024-07-05 12:29:00,CNR5040634107,Success,CID550967,Prime SUV,BTM Layout,Whitefield,217.0,130.0,Not Applicable,Not Applicable,No,Not Applicable,953,UPI,12,3.0,4.3
2024-07-08 22:00:00,CNR7676602486,Success,CID419171,Bike,MG Road,Nagarbhavi,70.0,55.0,Not Applicable,Not Applicable,Yes,Customer Demand,2588,UPI,38,3.9,4.0
2024-07-02 21:52:00,CNR4988068806,Success,CID621872,Prime SUV,Peenya,Kammanahalli,294.0,55.0,Not Applicable,Not Applicable,No,Not Applicable,2805,UPI,3,4.2,4.5
2024-07-19 14:17:00,CNR3806817478,Driver Not Found,CID967359,Prime Plus,JP Nagar,Yeshwanthpur,,,Not Applicable,Not Applicable,Not Applicable,Not Applicable,466,Not Applicable,0,,
2024-07-24 06:22:00,CNR2616423416,Success,CID294795,Bike,Koramangala,Hebbal,119.0,120.0,Not Applicable,Not Applicable,No,Not Applicable,466,Cash,38,3.4,3.8
2024-07-29 19:32:00,CNR4733539280,Success,CID436948,Prime Sedan,Langford Town,Bellandur,119.0,30.0,Not Applicable,Not Applicable,No,Not Applicable,891,UPI,24,3.1,3.1
2024-07-14 23:35:00,CNR5697320449,Success,CID203448,Prime Plus,Tumkur Road,KR Puram,175.0,75.0,Not Applicable,Not Applicable,No,Not Applicable,867,Cash,32,3.2,3.9
2024-07-02 01:16:00,CNR6983238010,Driver Not Found,CID703449,Prime SUV,Mysore Road,Bellandur,,,Not Applicable,Not Applicable,Not Applicable,Not Applicable,370,Not Applicable,0,,
2024-07-02 08:03:00,CNR4051924036,Canceled by Driver,CID841247,eBike,Peenya,Majestic,,,Not Applicable,Personal & Car related issue,Not Applicable,Not Applicable,474,Not Applicable,0,,
2024-07-06 07:52:00,CNR3775620881,Canceled by Customer,CID745789,Auto,MG Road,JP Nagar,,,Change of plans,Not Applicable,Not Applicable,Not Applicable,140,Not Applicable,0,,
2024-07-15 01:26:00,CNR7499939803,Canceled by Driver,CID185138,Mini,MG Road,Frazer Town,,,Not Applicable,Customer was coughing/sick,Not Applicable,Not Applicable,340,Not Applicable,0,,
2024-07-05 20:36:00,CNR5103877195,Success,CID645331,eBike,Mysore Road,Hosur Road,252.0,145.0,Not Applicable,Not Applicable,No,Not Applicable,746,Cash,20,3.6,4.4
2024-07-22 14:22:00,CNR1359569988,Canceled by Driver,CID193458,Bike,BTM Layout,Whitefield,,,Not Applicable,More than permitted people in there,Not Applicable,Not Applicable,457,Not Applicable,0,,
2024-07-08 02:48:00,CNR2637642279,Success,CID808037,Mini,Tumkur Road,KR Puram,91.0,45.0,Not Applicable,Not Applicable,No,Not Applicable,876,Cash,48,3.6,4.5
2024-07-22 08:36:00,CNR6003882898,Canceled by Driver,CID386376,Mini,Indiranagar,Hulimavu,,,Not Applicable,Customer was coughing/sick,Not Applicable,Not Applicable,975,Not Applicable,0,,
2024-07-03 16:11:00,CNR3701849405,Success,CID717670,Prime Plus,Basavanagudi,Kengeri,42.0,130.0,Not Applicable,Not Applicable,No,Not Applicable,402,Credit Card,6,3.4,3.1
2024-07-02 13:28:00,CNR4572373266,Success,CID645792,Prime Sedan,Ulsoor,Peenya,182.0,65.0,Not Applicable,Not Applicable,No,Not Applicable,118,Cash,28,4.8,4.2
2024-07-08 17:17:00,CNR2643611657,Success,CID195429,eBike,Hebbal,Majestic,287.0,60.0,Not Applicable,Not Applicable,No,Not Applicable,168,UPI,42,4.8,3.1
2024-07-30 09:23:00,CNR6380361886,Canceled by Customer,CID571680,Prime Sedan,Electronic City,Cox Town,,,Change of plans,Not Applicable,Not Applicable,Not Applicable,223,Not Applicable,0,,
2024-07-29 05:52:00,CNR4460655894,Canceled by Driver,CID780894,Prime Plus,Shantinagar,HSR Layout,,,Not Applicable,More than permitted people in there,Not Applicable,Not Applicable,945,Not Applicable,0,,
2024-07-22 03:58:00,CNR7196501922,Success,CID671340,eBike,Ramamurthy Nagar,Electronic City,112.0,35.0,Not Applicable,Not Applicable,No,Not Applicable,127,Cash,11,4.9,3.9
2024-07-12 13:15:00,CNR7522035223,Success,CID993358,Prime SUV,Vijayanagar,Hennur,287.0,105.0,Not Applicable,Not Applicable,No,Not Applicable,342,UPI,25,3.8,3.2
2024-07-23 03:27:00,CNR3795922469,Success,CID758600,eBike,Basavanagudi,Magadi Road,238.0,135.0,Not Applicable,Not Applicable,No,Not Applicable,204,UPI,1,4.1,4.5
2024-07-29 00:10:00,CNR2531322685,Success,CID489686,Prime Sedan,Rajarajeshwari Nagar,Langford Town,119.0,35.0,Not Applicable,Not Applicable,No,Not Applicable,487,Cash,22,4.3,4.3
2024-07-01 16:29:00,CNR8766253651,Canceled by Driver,CID691943,Auto,Chamarajpet,Chickpet,,,Not Applicable,Personal & Car related issue,Not Applicable,Not Applicable,371,Not Applicable,0,,
2024-07-21 04:33:00,CNR3387559334,Canceled by Customer,CID878565,eBike,Sahakar Nagar,Electronic City,,,Driver is not moving towards pickup location,Not Applicable,Not Applicable,Not Applicable,381,Not Applicable,0,,
2024-07-08 00:27:00,CNR5130482402,Success,CID768631,Auto,BTM Layout,BTM Layout,56.0,120.0,Not Applicable,Not Applicable,No,Not Applicable,767,UPI,5,4.7,3.7
2024-07-09 01:22:00,CNR9796815398,Canceled by Customer,CID952540,eBike,Mysore Road,Tumkur Road,,,Change of plans,Not Applicable,Not Applicable,Not Applicable,414,Not Applicable,0,,
2024-07-03 18:21:00,CNR4641341074,Success,CID165115,Mini,Chickpet,Kengeri,231.0,75.0,Not Applicable,Not Applicable,No,Not Applicable,664,Cash,4,3.8,4.1
2024-07-28 01:13:00,CNR6909030129,Success,CID670911,Mini,MG Road,Chamarajpet,238.0,140.0,Not Applicable,Not Applicable,No,Not Applicable,621,UPI,46,4.3,4.9
2024-07-15 01:42:00,CNR7454301425,Success,CID841097,Prime SUV,Ulsoor,Yeshwanthpur,98.0,125.0,Not Applicable,Not Applicable,No,Not Applicable,659,Cash,20,3.2,4.1
2024-07-01 20:43:00,CNR9914553045,Success,CID578451,Bike,Cox Town,Ramamurthy Nagar,231.0,60.0,Not Applicable,Not Applicable,Yes,Customer Demand,121,UPI,34,4.1,4.8
2024-07-15 08:22:00,CNR5761283536,Success,CID603517,Mini,Kengeri,Indiranagar,91.0,90.0,Not Applicable,Not Applicable,No,Not Applicable,440,Cash,22,4.2,4.7
2024-07-07 19:32:00,CNR4265028593,Success,CID286329,Prime Sedan,Peenya,Hennur,133.0,75.0,Not Applicable,Not Applicable,No,Not Applicable,2305,Cash,20,3.8,3.9
2024-07-30 14:50:00,CNR5836834689,Success,CID694218,Prime Sedan,Yelahanka,Marathahalli,56.0,40.0,Not Applicable,Not Applicable,No,Not Applicable,202,Cash,49,4.5,3.3
2024-07-16 04:33:00,CNR5739895606,Canceled by Driver,CID764343,Auto,BTM Layout,Chickpet,,,Not Applicable,Personal & Car related issue,Not Applicable,Not Applicable,352,Not Applicable,0,,
2024-07-21 04:53:00,CNR5709590632,Canceled by Driver,CID343272,Prime Plus,Shivajinagar,Richmond Town,,,Not Applicable,Personal & Car related issue,Not Applicable,Not Applicable,465,Not Applicable,0,,
2024-07-29 11:43:00,CNR8472944865,Canceled by Driver,CID125746,Prime Sedan,Shantinagar,Mysore Road,,,Not Applicable,Personal & Car related issue,Not Applicable,Not Applicable,711,Not Applicable,0,,
2024-07-27 19:04:00,CNR8747871468,Success,CID878095,Auto,Whitefield,Hennur,203.0,65.0,Not Applicable,Not Applicable,No,Not Applicable,979,Cash,3,4.0,3.1
2024-07-19 01:51:00,CNR6684480395,Driver Not Found,CID176418,eBike,Whitefield,HSR Layout,,,Not Applicable,Not Applicable,Not Applicable,Not Applicable,119,Not Applicable,0,,
2024-07-20 19:47:00,CNR4393100973,Driver Not Found,CID819882,Prime Plus,Devanahalli,Koramangala,,,Not Applicable,Not Applicable,Not Applicable,Not Applicable,218,Not Applicable,0,,
2024-07-07 23:58:00,CNR3763490697,Canceled by Customer,CID466633,Bike,Ramamurthy Nagar,Kadugodi,,,Driver asked to cancel,Not Applicable,Not Applicable,Not Applicable,631,Not Applicable,0,,
2024-07-13 03:02:00,CNR1144464845,Driver Not Found,CID839347,Prime Plus,KR Puram,Magadi Road,,,Not Applicable,Not Applicable,Not Applicable,Not Applicable,663,Not Applicable,0,,
2024-07-21 22:15:00,CNR7850234596,Driver Not Found,CID169050,Bike,Rajajinagar,Hennur,,,Not Applicable,Not Applicable,Not Applicable,Not Applicable,324,Not Applicable,0,,
2024-07-30 04:17:00,CNR8957192070,Canceled by Driver,CID306225,Auto,Electronic City,Sahakar Nagar,,,Not Applicable,Personal & Car related issue,Not Applicable,Not Applicable,2033,Not Applicable,0,,
2024-07-26 02:35:00,CNR2649950584,Success,CID579130,Auto,Richmond Town,Electronic City,70.0,60.0,Not Applicable,Not Applicable,No,Not Applicable,444,UPI,15,4.7,4.3
2024-07-25 20:06:00,CNR3397694254,Driver Not Found,CID621940,eBike,JP Nagar,JP Nagar,,,Not Applicable,Not Applicable,Not Applicable,Not Applicable,321,Not Applicable,0,,
2024-07-12 19:00:00,CNR8360151999,Success,CID897499,Mini,Ulsoor,Marathahalli,203.0,45.0,Not Applicable,Not Applicable,No,Not Applicable,139,Cash,24,3.1,4.7
2024-07-05 04:20:00,CNR4855651166,Success,CID658491,Mini,Yeshwanthpur,Kengeri,35.0,135.0,Not Applicable,Not Applicable,No,Not Applicable,398,Cash,13,3.6,4.8
2024-07-24 06:40:00,CNR7616767229,Canceled by Driver,CID294626,Prime SUV,Electronic City,Shivajinagar,,,Not Applicable,Customer related issue,Not Applicable,Not Applicable,221,Not Applicable,0,,
2024-07-02 21:59:00,CNR1337503736,Success,CID535405,Auto,RT Nagar,Mysore Road,56.0,40.0,Not Applicable,Not Applicable,No,Not Applicable,406,UPI,4,4.2,3.5
2024-07-10 19:46:00,CNR9751057918,Success,CID465149,Prime Sedan,Sahakar Nagar,Chickpet,189.0,105.0,Not Applicable,Not Applicable,No,Not Applicable,168,UPI,10,4.1,4.3
2024-07-09 19:42:00,CNR7785271464,Success,CID191739,Prime Sedan,Hulimavu,Yelahanka,203.0,55.0,Not Applicable,Not Applicable,Yes,Vehicle Breakdown,237,Cash,33,4.0,4.4
2024-07-15 06:16:00,CNR3249065587,Success,CID810257,Bike,Koramangala,MG Road,308.0,55.0,Not Applicable,Not Applicable,No,Not Applicable,356,UPI,39,4.2,4.2
2024-07-27 03:06:00,CNR3946466922,Success,CID660320,Prime Sedan,Magadi Road,Richmond Town,98.0,115.0,Not Applicable,Not Applicable,No,Not Applicable,228,UPI,42,4.7,3.6
2024-07-21 07:54:00,CNR9181831031,Success,CID220360,Mini,Varthur,Vijayanagar,189.0,70.0,Not Applicable,Not Applicable,No,Not Applicable,134,Cash,45,3.3,3.3
2024-07-25 13:15:00,CNR3182755656,Success,CID553766,Prime Sedan,Koramangala,Nagarbhavi,245.0,80.0,Not Applicable,Not Applicable,No,Not Applicable,448,Cash,11,3.4,4.8
2024-07-08 12:38:00,CNR4021508364,Success,CID813781,Prime Plus,Kadugodi,RT Nagar,294.0,70.0,Not Applicable,Not Applicable,Yes,Vehicle Breakdown,212,Cash,27,3.2,4.0
2024-07-04 21:59:00,CNR9623953551,Canceled by Customer,CID113692,Prime Plus,Nagarbhavi,Tumkur Road,,,Driver is not moving towards pickup location,Not Applicable,Not Applicable,Not Applicable,262,Not Applicable,0,,
2024-07-06 23:35:00,CNR2868717837,Success,CID666246,Prime Sedan,Hennur,Magadi Road,35.0,90.0,Not Applicable,Not Applicable,No,Not Applicable,404,UPI,33,4.9,4.4
2024-07-17 01:18:00,CNR3156721408,Canceled by Driver,CID211110,eBike,Kengeri,Shantinagar,,,Not Applicable,Personal & Car related issue,Not Applicable,Not Applicable,117,Not Applicable,0,,
2024-07-16 15:54:00,CNR6935022617,Success,CID642333,Mini,Banashankari,Koramangala,105.0,60.0,Not Applicable,Not Applicable,No,Not Applicable,573,UPI,23,4.8,3.4
2024-07-29 11:14:00,CNR3395579937,Success,CID231860,Mini,Peenya,BTM Layout,196.0,100.0,Not Applicable,Not Applicable,No,Not Applicable,259,UPI,15,3.6,4.4
2024-07-24 19:36:00,CNR4480347451,Driver Not Found,CID484696,eBike,Nagarbhavi,Kadugodi,,,Not Applicable,Not Applicable,Not Applicable,Not Applicable,552,Not Applicable,0,,
2024-07-04 14:44:00,CNR1609121267,Canceled by Customer,CID364613,Prime Plus,Shivajinagar,Hulimavu,,,Driver is not moving towards pickup location,Not Applicable,Not Applicable,Not Applicable,102,Not Applicable,0,,
2024-07-29 02:13:00,CNR1749612391,Canceled by Driver,CID731921,Prime Plus,Whitefield,Vijayanagar,,,Not Applicable,Personal & Car related issue,Not Applicable,Not Applicable,166,Not Applicable,0,,
2024-07-08 01:35:00,CNR2306906905,Success,CID296995,Mini,Ulsoor,KR Puram,154.0,30.0,Not Applicable,Not Applicable,No,Not Applicable,409,UPI,31,4.4,3.9
2024-07-30 19:09:00,CNR2638477716,Success,CID594289,Auto,Indiranagar,Frazer Town,210.0,95.0,Not Applicable,Not Applicable,No,Not Applicable,804,UPI,12,3.3,3.7
2024-07-09 22:24:00,CNR7666482745,Success,CID504395,Auto,Chamarajpet,Bellandur,84.0,45.0,Not Applicable,Not Applicable,No,Not Applicable,285,UPI,5,3.6,4.9
2024-07-09 07:35:00,CNR4584458064,Success,CID952902,Mini,Langford Town,Nagarbhavi,203.0,70.0,Not Applicable,Not Applicable,No,Not Applicable,637,UPI,44,3.8,4.5
2024-07-05 19:42:00,CNR3084030422,Success,CID116390,Prime Plus,Ramamurthy Nagar,Vijayanagar,175.0,120.0,Not Applicable,Not Applicable,No,Not Applicable,122,UPI,1,4.2,4.6
2024-07-05 00:59:00,CNR2590767771,Success,CID553150,Prime SUV,Electronic City,Chamarajpet,259.0,95.0,Not Applicable,Not Applicable,No,Not Applicable,355,Cash,3,3.7,3.9
2024-07-21 07:26:00,CNR9358718252,Success,CID713742,Auto,Cox Town,BTM Layout,294.0,145.0,Not Applicable,Not Applicable,No,Not Applicable,224,UPI,8,4.8,3.7
2024-07-09 04:55:00,CNR3764839034,Canceled by Driver,CID624255,Mini,Sarjapur Road,Indiranagar,,,Not Applicable,Customer related issue,Not Applicable,Not Applicable,325,Not Applicable,0,,
2024-07-04 16:44:00,CNR5361043310,Success,CID856431,eBike,Peenya,Rajajinagar,147.0,45.0,Not Applicable,Not Applicable,Yes,Customer Demand,405,Cash,48,4.6,4.6
2024-07-24 15:44:00,CNR4054785720,Success,CID478090,Prime SUV,Rajajinagar,HSR Layout,35.0,100.0,Not Applicable,Not Applicable,No,Not Applicable,108,Cash,5,4.7,3.5
2024-07-14 19:54:00,CNR9915606494,Driver Not Found,CID581088,Mini,Marathahalli,MG Road,,,Not Applicable,Not Applicable,Not Applicable,Not Applicable,359,Not Applicable,0,,
2024-07-29 15:03:00,CNR5965705433,Canceled by Driver,CID703582,eBike,Shantinagar,Chamarajpet,,,Not Applicable,Customer related issue,Not Applicable,Not Applicable,383,Not Applicable,0,,
2024-07-19 08:52:00,CNR1457445609,Success,CID589335,Prime Plus,Bannerghatta Road,JP Nagar,210.0,135.0,Not Applicable,Not Applicable,No,Not Applicable,843,Cash,42,3.8,3.7
2024-07-29 09:02:00,CNR4047212212,Canceled by Driver,CID693248,Bike,Magadi Road,Shivajinagar,,,Not Applicable,Personal & Car related issue,Not Applicable,Not Applicable,2891,Not Applicable,0,,
2024-07-25 17:08:00,CNR6224348621,Success,CID932503,Auto,Peenya,Hosur Road,133.0,105.0,Not Applicable,Not Applicable,No,Not Applicable,231,Cash,1,4.7,4.6
2024-07-19 19:39:00,CNR6616109755,Canceled by Driver,CID795849,Auto,Whitefield,Tumkur Road,,,Not Applicable,Customer was coughing/sick,Not Applicable,Not Applicable,246,Not Applicable,0,,
2024-07-18 16:33:00,CNR2663823565,Success,CID618950,Auto,Marathahalli,Banashankari,140.0,90.0,Not Applicable,Not Applicable,No,Not Applicable,919,UPI,15,3.1,3.4
2024-07-03 05:35:00,CNR8443595380,Success,CID409153,Prime Sedan,Rajarajeshwari Nagar,Banashankari,56.0,25.0,Not Applicable,Not Applicable,No,Not Applicable,114,Cash,43,4.5,4.5
2024-07-20 07:23:00,CNR5132554124,Canceled by Customer,CID942463,Auto,Shantinagar,RT Nagar,,,Change of plans,Not Applicable,Not Applicable,Not Applicable,2198,Not Applicable,0,,
2024-07-16 02:15:00,CNR3922375086,Success,CID154030,Auto,Richmond Town,Mysore Road,245.0,70.0,Not Applicable,Not Applicable,No,Not Applicable,860,Cash,13,4.7,3.8
2024-07-09 14:51:00,CNR3703025445,Success,CID444085,Auto,Chamarajpet,Majestic,98.0,65.0,Not Applicable,Not Applicable,No,Not Applicable,384,Cash,6,3.7,4.8
2024-07-21 01:04:00,CNR6209595652,Success,CID971882,Bike,Richmond Town,Jayanagar,294.0,30.0,Not Applicable,Not Applicable,No,Not Applicable,180,UPI,21,3.8,3.2
2024-07-14 08:04:00,CNR6958954808,Success,CID834947,Prime Sedan,Cox Town,MG Road,231.0,30.0,Not Applicable,Not Applicable,No,Not Applicable,110,UPI,36,3.2,3.9
2024-07-15 03:09:00,CNR5865145471,Driver Not Found,CID905494,Bike,JP Nagar,Nagarbhavi,,,Not Applicable,Not Applicable,Not Applicable,Not Applicable,1038,Not Applicable,0,,
2024-07-13 19:19:00,CNR2331325135,Canceled by Customer,CID612097,Mini,Electronic City,Varthur,,,Driver is not moving towards pickup location,Not Applicable,Not Applicable,Not Applicable,246,Not Applicable,0,,
2024-07-19 01:25:00,CNR7514850148,Canceled by Driver,CID499782,eBike,Devanahalli,KR Puram,,,Not Applicable,Customer related issue,Not Applicable,Not Applicable,335,Not Applicable,0,,
2024-07-13 01:43:00,CNR1192529564,Canceled by Driver,CID479556,Bike,Banashankari,Kengeri,,,Not Applicable,Personal & Car related issue,Not Applicable,Not Applicable,817,Not Applicable,0,,
2024-07-10 18:18:00,CNR3797355092,Success,CID422702,Prime SUV,Yeshwanthpur,RT Nagar,280.0,130.0,Not Applicable,Not Applicable,No,Not Applicable,203,Cash,11,3.9,3.9
2024-07-15 07:43:00,CNR7044309334,Driver Not Found,CID101201,Prime Sedan,Cox Town,Tumkur Road,,,Not Applicable,Not Applicable,Not Applicable,Not Applicable,288,Not Applicable,0,,
2024-07-24 11:38:00,CNR4320010011,Success,CID495220,eBike,Electronic City,Padmanabhanagar,266.0,60.0,Not Applicable,Not Applicable,No,Not Applicable,251,UPI,2,3.1,3.0
2024-07-10 18:23:00,CNR9133681083,Canceled by Driver,CID187576,Auto,Bannerghatta Road,Padmanabhanagar,,,Not Applicable,Personal & Car related issue,Not Applicable,Not Applicable,281,Not Applicable,0,,
2024-07-13 09:41:00,CNR3167369294,Success,CID652115,Bike,Hennur,MG Road,63.0,125.0,Not Applicable,Not Applicable,No,Not Applicable,384,Cash,46,3.3,4.4
2024-07-05 07:18:00,CNR8469007102,Canceled by Driver,CID553193,eBike,Frazer Town,Mysore Road,,,Not Applicable,Personal & Car related issue,Not Applicable,Not Applicable,592,Not Applicable,0,,
2024-07-15 08:57:00,CNR1926448914,Success,CID715616,eBike,Sarjapur Road,Hebbal,35.0,130.0,Not Applicable,Not Applicable,No,Not Applicable,188,Cash,40,3.6,4.6
2024-07-04 15:13:00,CNR1145510494,Success,CID989404,eBike,Langford Town,Mysore Road,273.0,80.0,Not Applicable,Not Applicable,No,Not Applicable,1486,UPI,40,4.4,3.7
2024-07-26 03:35:00,CNR1700086789,Canceled by Customer,CID116932,Auto,Kadugodi,Yelahanka,,,Driver asked to cancel,Not Applicable,Not Applicable,Not Applicable,504,Not Applicable,0,,
2024-07-11 17:36:00,CNR2167300690,Success,CID387703,Mini,Ulsoor,Banashankari,49.0,85.0,Not Applicable,Not Applicable,No,Not Applicable,276,Cash,41,4.8,4.6
2024-07-10 16:08:00,CNR3728307049,Success,CID423996,Prime Plus,Varthur,Sahakar Nagar,133.0,60.0,Not Applicable,Not Applicable,No,Not Applicable,987,Credit Card,41,3.3,4.4
2024-07-11 23:41:00,CNR9953490501,Success,CID653752,Prime SUV,KR Puram,Mysore Road,84.0,105.0,Not Applicable,Not Applicable,No,Not Applicable,871,Cash,42,4.8,4.1
2024-07-16 21:00:00,CNR9927278055,Success,CID523815,Prime Plus,BTM Layout,Hosur Road,70.0,50.0,Not Applicable,Not Applicable,No,Not Applicable,903,Cash,10,4.7,4.7
2024-07-09 23:15:00,CNR5611524078,Success,CID505077,Prime Sedan,Shantinagar,Koramangala,140.0,25.0,Not Applicable,Not Applicable,No,Not Applicable,774,UPI,8,4.5,4.8
2024-07-24 15:37:00,CNR5087886381,Success,CID954565,Bike,Yeshwanthpur,Kammanahalli,168.0,40.0,Not Applicable,Not Applicable,No,Not Applicable,612,Cash,13,5.0,4.9
2024-07-19 07:23:00,CNR9295089967,Driver Not Found,CID734021,Bike,MG Road,Malleshwaram,,,Not Applicable,Not Applicable,Not Applicable,Not Applicable,784,Not Applicable,0,,
2024-07-20 21:02:00,CNR4277293686,Canceled by Driver,CID454778,Prime Plus,Bellandur,KR Puram,,,Not Applicable,Personal & Car related issue,Not Applicable,Not Applicable,268,Not Applicable,0,,
2024-07-27 02:04:00,CNR7159688436,Success,CID804956,eBike,Banashankari,Magadi Road,119.0,70.0,Not Applicable,Not Applicable,No,Not Applicable,339,UPI,45,4.2,3.9
2024-07-03 14:11:00,CNR3906726809,Canceled by Customer,CID724955,Prime Plus,Mysore Road,Rajarajeshwari Nagar,,,AC is Not working,Not Applicable,Not Applicable,Not Applicable,352,Not Applicable,0,,
2024-07-10 21:36:00,CNR2793765612,Success,CID901572,eBike,Kengeri,Devanahalli,273.0,90.0,Not Applicable,Not Applicable,No,Not Applicable,227,UPI,36,3.6,4.8
2024-07-28 23:13:00,CNR6945561363,Success,CID455326,Prime Plus,Koramangala,Shivajinagar,126.0,75.0,Not Applicable,Not Applicable,No,Not Applicable,741,Cash,29,4.0,3.7
2024-07-01 11:22:00,CNR8911986042,Success,CID402191,Auto,Langford Town,Hosur Road,133.0,145.0,Not Applicable,Not Applicable,No,Not Applicable,178,UPI,6,3.2,5.0
2024-07-24 05:27:00,CNR2825571629,Success,CID377345,Bike,Nagarbhavi,Majestic,280.0,140.0,Not Applicable,Not Applicable,No,Not Applicable,319,Credit Card,1,4.3,4.1
2024-07-15 01:59:00,CNR9326227745,Success,CID215634,Prime SUV,Malleshwaram,Shantinagar,287.0,120.0,Not Applicable,Not Applicable,Yes,Customer Demand,389,Cash,24,4.8,3.5
2024-07-07 04:55:00,CNR3144258835,Success,CID911301,Prime Sedan,Chamarajpet,Peenya,98.0,115.0,Not Applicable,Not Applicable,No,Not Applicable,268,UPI,1,4.0,3.9
2024-07-22 15:28:00,CNR6671298261,Canceled by Customer,CID119885,Mini,Hebbal,Sahakar Nagar,,,Driver is not moving towards pickup location,Not Applicable,Not Applicable,Not Applicable,814,Not Applicable,0,,
2024-07-07 14:05:00,CNR8107122794,Success,CID358764,eBike,Banashankari,Ramamurthy Nagar,189.0,115.0,Not Applicable,Not Applicable,No,Not Applicable,449,Cash,13,4.6,3.9
2024-07-05 08:44:00,CNR4533092229,Canceled by Driver,CID810928,Prime Plus,Rajajinagar,Bellandur,,,Not Applicable,Customer related issue,Not Applicable,Not Applicable,2006,Not Applicable,0,,
2024-07-10 19:48:00,CNR8714338678,Canceled by Driver,CID552174,Prime SUV,Basavanagudi,Langford Town,,,Not Applicable,Personal & Car related issue,Not Applicable,Not Applicable,594,Not Applicable,0,,
2024-07-09 10:21:00,CNR8799457998,Success,CID265097,eBike,KR Puram,Koramangala,133.0,60.0,Not Applicable,Not Applicable,No,Not Applicable,443,UPI,27,4.7,3.1
2024-07-20 18:45:00,CNR9476870789,Success,CID134799,Bike,Kammanahalli,Bannerghatta Road,112.0,140.0,Not Applicable,Not Applicable,No,Not Applicable,143,UPI,5,4.7,3.5
2024-07-11 05:00:00,CNR9460419391,Success,CID682232,Prime Plus,Mysore Road,Chamarajpet,203.0,140.0,Not Applicable,Not Applicable,No,Not Applicable,653,UPI,22,4.8,4.6
2024-07-11 19:18:00,CNR9714506554,Success,CID448241,Bike,Peenya,JP Nagar,175.0,55.0,Not Applicable,Not Applicable,No,Not Applicable,477,Cash,33,4.6,4.0
2024-07-18 10:54:00,CNR6986348837,Success,CID952616,eBike,Yeshwanthpur,Koramangala,210.0,110.0,Not Applicable,Not Applicable,No,Not Applicable,298,Cash,5,4.4,3.2
2024-07-07 11:00:00,CNR8307973463,Canceled by Customer,CID296842,Prime Plus,Jayanagar,Varthur,,,Driver is not moving towards pickup location,Not Applicable,Not Applicable,Not Applicable,492,Not Applicable,0,,
2024-07-03 20:01:00,CNR9579637862,Canceled by Driver,CID299780,Prime Plus,Sahakar Nagar,RT Nagar,,,Not Applicable,Customer was coughing/sick,Not Applicable,Not Applicable,695,Not Applicable,0,,
2024-07-07 06:10:00,CNR6484715242,Success,CID138408,Prime Plus,Magadi Road,Kengeri,84.0,30.0,Not Applicable,Not Applicable,No,Not Applicable,493,Cash,49,4.8,4.1
2024-07-05 20:16:00,CNR1218233804,Success,CID552367,Bike,Marathahalli,Kengeri,126.0,40.0,Not Applicable,Not Applicable,No,Not Applicable,891,UPI,18,3.7,3.9
2024-07-13 01:29:00,CNR9651566841,Success,CID457194,Prime Sedan,Shivajinagar,MG Road,147.0,90.0,Not Applicable,Not Applicable,No,Not Applicable,555,Cash,25,3.9,4.7
2024-07-26 01:27:00,CNR4589303229,Driver Not Found,CID874587,Mini,Marathahalli,Ramamurthy Nagar,,,Not Applicable,Not Applicable,Not Applicable,Not Applicable,2956,Not Applicable,0,,
2024-07-21 03:56:00,CNR2453795031,Success,CID677921,Prime SUV,Hebbal,BTM Layout,203.0,55.0,Not Applicable,Not Applicable,No,Not Applicable,223,Cash,29,4.6,4.2
2024-07-19 13:33:00,CNR8205724323,Success,CID928466,Prime SUV,Varthur,Marathahalli,245.0,35.0,Not Applicable,Not Applicable,No,Not Applicable,227,Cash,12,4.5,4.0
2024-07-21 00:56:00,CNR2111173154,Canceled by Customer,CID668972,eBike,Yelahanka,Cox Town,,,Driver is not moving towards pickup location,Not Applicable,Not Applicable,Not Applicable,305,Not Applicable,0,,
2024-07-27 04:51:00,CNR2199658521,Success,CID820225,Mini,Mysore Road,Koramangala,182.0,115.0,Not Applicable,Not Applicable,No,Not Applicable,347,Cash,45,4.7,3.8
2024-07-10 15:30:00,CNR8486450446,Success,CID552501,Prime SUV,RT Nagar,Nagarbhavi,161.0,45.0,Not Applicable,Not Applicable,No,Not Applicable,967,UPI,3,3.1,4.4
2024-07-30 11:54:00,CNR1232190687,Success,CID349575,Prime Sedan,Peenya,Shivajinagar,84.0,65.0,Not Applicable,Not Applicable,No,Not Applicable,398,Cash,30,4.0,3.9
2024-07-25 01:51:00,CNR2477907913,Success,CID930768,Auto,Rajarajeshwari Nagar,RT Nagar,189.0,145.0,Not Applicable,Not Applicable,No,Not Applicable,2345,Cash,14,3.3,4.7
2024-07-07 09:18:00,CNR3213808906,Success,CID391254,Auto,Kengeri,Magadi Road,196.0,50.0,Not Applicable,Not Applicable,No,Not Applicable,298,UPI,7,4.4,3.1
2024-07-20 00:30:00,CNR7330810000,Success,CID966307,Prime Plus,Yelahanka,Ramamurthy Nagar,91.0,60.0,Not Applicable,Not Applicable,No,Not Applicable,515,Cash,20,4.1,4.6
2024-07-09 11:47:00,CNR2069986740,Success,CID799795,Mini,Devanahalli,Kadugodi,140.0,50.0,Not Applicable,Not Applicable,No,Not Applicable,359,Cash,18,4.9,3.6
2024-07-03 10:37:00,CNR2938599905,Success,CID773013,Prime SUV,Koramangala,Jayanagar,56.0,110.0,Not Applicable,Not Applicable,No,Not Applicable,722,Cash,36,4.4,3.2
2024-07-21 17:28:00,CNR6101125423,Success,CID738522,Prime SUV,Varthur,Ramamurthy Nagar,308.0,130.0,Not Applicable,Not Applicable,No,Not Applicable,298,UPI,43,3.6,4.1
2024-07-27 01:32:00,CNR2649782478,Success,CID322689,Prime Plus,Tumkur Road,Majestic,189.0,130.0,Not Applicable,Not Applicable,No,Not Applicable,2227,UPI,7,4.6,4.3
2024-07-05 11:09:00,CNR9924834618,Canceled by Customer,CID540486,Mini,Richmond Town,MG Road,,,Wrong Address,Not Applicable,Not Applicable,Not Applicable,251,Not Applicable,0,,
2024-07-29 05:43:00,CNR3330432300,Success,CID674190,Prime Plus,JP Nagar,Shantinagar,147.0,110.0,Not Applicable,Not Applicable,No,Not Applicable,506,Cash,39,3.6,3.4
2024-07-04 21:08:00,CNR9168241991,Success,CID633192,Prime SUV,Sahakar Nagar,Bannerghatta Road,168.0,35.0,Not Applicable,Not Applicable,No,Not Applicable,249,Cash,40,4.7,4.2
2024-07-08 23:07:00,CNR5826282197,Success,CID776586,Mini,HSR Layout,Rajarajeshwari Nagar,308.0,90.0,Not Applicable,Not Applicable,No,Not Applicable,215,UPI,4,4.8,4.3
2024-07-06 19:01:00,CNR3966674559,Canceled by Driver,CID525983,Bike,Rajarajeshwari Nagar,Indiranagar,,,Not Applicable,More than permitted people in there,Not Applicable,Not Applicable,261,Not Applicable,0,,
2024-07-21 23:39:00,CNR3748594478,Driver Not Found,CID892634,Mini,BTM Layout,Whitefield,,,Not Applicable,Not Applicable,Not Applicable,Not Applicable,118,Not Applicable,0,,
2024-07-27 05:13:00,CNR1037944868,Canceled by Customer,CID493046,Prime SUV,KR Puram,KR Puram,,,Change of plans,Not Applicable,Not Applicable,Not Applicable,358,Not Applicable,0,,
2024-07-17 12:58:00,CNR8445966761,Canceled by Driver,CID372319,Prime SUV,Marathahalli,Langford Town,,,Not Applicable,More than permitted people in there,Not Applicable,Not Applicable,441,Not Applicable,0,,
2024-07-12 10:47:00,CNR1225999069,Canceled by Customer,CID589191,Auto,Hosur Road,Frazer Town,,,Driver asked to cancel,Not Applicable,Not Applicable,Not Applicable,367,Not Applicable,0,,
2024-07-23 19:22:00,CNR2018452545,Canceled by Driver,CID617689,Prime Plus,JP Nagar,Magadi Road,,,Not Applicable,Personal & Car related issue,Not Applicable,Not Applicable,243,Not Applicable,0,,
2024-07-14 11:30:00,CNR3676528220,Success,CID820225,Mini,Majestic,Indiranagar,98.0,70.0,Not Applicable,Not Applicable,No,Not Applicable,413,UPI,8,3.5,3.3
2024-07-04 07:42:00,CNR8084632177,Success,CID613538,Auto,Langford Town,Hebbal,301.0,65.0,Not Applicable,Not Applicable,No,Not Applicable,336,UPI,4,3.3,3.8
2024-07-30 16:07:00,CNR7497645709,Success,CID271258,Bike,Langford Town,MG Road,56.0,55.0,Not Applicable,Not Applicable,No,Not Applicable,271,Cash,49,3.9,4.7
2024-07-15 05:58:00,CNR8584402085,Success,CID714466,Prime Sedan,Electronic City,Bellandur,294.0,50.0,Not Applicable,Not Applicable,No,Not Applicable,133,Cash,8,3.7,5.0
2024-07-18 21:17:00,CNR2062195887,Canceled by Driver,CID186053,eBike,RT Nagar,Shantinagar,,,Not Applicable,More than permitted people in there,Not Applicable,Not Applicable,202,Not Applicable,0,,
2024-07-04 23:10:00,CNR1529956747,Success,CID782518,Prime Sedan,Mysore Road,Marathahalli,112.0,140.0,Not Applicable,Not Applicable,No,Not Applicable,383,Cash,7,4.2,4.2
2024-07-09 15:17:00,CNR9166246928,Driver Not Found,CID673402,Prime SUV,Electronic City,Kammanahalli,,,Not Applicable,Not Applicable,Not Applicable,Not Applicable,110,Not Applicable,0,,
2024-07-24 14:54:00,CNR4762901201,Success,CID599580,Bike,Electronic City,Ulsoor,273.0,95.0,Not Applicable,Not Applicable,No,Not Applicable,325,Cash,35,3.5,4.5
2024-07-03 20:52:00,CNR3011005356,Success,CID883355,Mini,Tumkur Road,Vijayanagar,119.0,135.0,Not Applicable,Not Applicable,No,Not Applicable,276,Cash,7,4.9,4.5
2024-07-27 04:42:00,CNR7272941302,Success,CID370608,Prime Plus,Indiranagar,Marathahalli,231.0,70.0,Not Applicable,Not Applicable,No,Not Applicable,289,UPI,41,4.1,4.0
2024-07-10 10:29:00,CNR6686696593,Canceled by Driver,CID546558,Mini,Mysore Road,Majestic,,,Not Applicable,Customer related issue,Not Applicable,Not Applicable,431,Not Applicable,0,,
2024-07-19 16:35:00,CNR3631851969,Success,CID265056,Prime Sedan,Langford Town,Koramangala,63.0,110.0,Not Applicable,Not Applicable,No,Not Applicable,733,UPI,23,4.5,3.9
2024-07-21 21:38:00,CNR9140183965,Success,CID586548,Prime Sedan,Electronic City,Chickpet,217.0,40.0,Not Applicable,Not Applicable,No,Not Applicable,208,Cash,8,4.1,3.7
2024-07-24 07:14:00,CNR9664515840,Canceled by Driver,CID617870,eBike,Sahakar Nagar,BTM Layout,,,Not Applicable,Customer related issue,Not Applicable,Not Applicable,265,Not Applicable,0,,
2024-07-19 00:35:00,CNR6023919182,Success,CID152334,Mini,Banashankari,Chickpet,273.0,110.0,Not Applicable,Not Applicable,No,Not Applicable,443,Cash,10,3.8,3.8
2024-07-21 18:47:00,CNR1993306270,Canceled by Customer,CID121379,Bike,Devanahalli,RT Nagar,,,Wrong Address,Not Applicable,Not Applicable,Not Applicable,414,Not Applicable,0,,
2024-07-17 16:37:00,CNR8775247655,Success,CID177145,Prime Sedan,JP Nagar,Padmanabhanagar,56.0,30.0,Not Applicable,Not Applicable,No,Not Applicable,383,Cash,38,3.2,4.6
2024-07-07 10:11:00,CNR6973514864,Success,CID256855,Prime Sedan,Devanahalli,Koramangala,98.0,110.0,Not Applicable,Not Applicable,No,Not Applicable,478,UPI,27,3.3,3.1
2024-07-22 11:20:00,CNR4640596864,Success,CID405090,Bike,HSR Layout,Sahakar Nagar,77.0,90.0,Not Applicable,Not Applicable,No,Not Applicable,275,Cash,44,3.9,3.7
2024-07-16 20:01:00,CNR7714961455,Canceled by Driver,CID358144,Auto,Whitefield,Vijayanagar,,,Not Applicable,Customer related issue,Not Applicable,Not Applicable,414,Not Applicable,0,,
2024-07-28 11:33:00,CNR3488004005,Success,CID149940,Mini,Koramangala,Bellandur,56.0,125.0,Not Applicable,Not Applicable,No,Not Applicable,250,Cash,29,4.6,4.6
2024-07-05 18:21:00,CNR4817437715,Success,CID886585,Auto,Hennur,Peenya,245.0,80.0,Not Applicable,Not Applicable,Yes,Customer Demand,662,Cash,7,4.4,4.9
2024-07-09 12:17:00,CNR1186869861,Canceled by Driver,CID594386,eBike,Mysore Road,Mysore Road,,,Not Applicable,Customer related issue,Not Applicable,Not Applicable,456,Not Applicable,0,,
2024-07-30 08:53:00,CNR3364811600,Success,CID742428,Prime SUV,Padmanabhanagar,Hennur,154.0,130.0,Not Applicable,Not Applicable,No,Not Applicable,483,UPI,27,3.8,3.3
2024-07-07 11:49:00,CNR9185681960,Success,CID376912,Bike,BTM Layout,Indiranagar,70.0,100.0,Not Applicable,Not Applicable,No,Not Applicable,125,Credit Card,3,3.5,4.8
2024-07-25 18:36:00,CNR5963992255,Canceled by Driver,CID668619,eBike,Hennur,Sarjapur Road,,,Not Applicable,Personal & Car related issue,Not Applicable,Not Applicable,223,Not Applicable,0,,
2024-07-25 19:51:00,CNR1840571126,Success,CID876250,Auto,Kammanahalli,Banashankari,182.0,120.0,Not Applicable,Not Applicable,No,Not Applicable,2600,UPI,18,3.6,3.6
2024-07-27 18:31:00,CNR8180563433,Success,CID385576,Bike,Magadi Road,Yelahanka,77.0,85.0,Not Applicable,Not Applicable,No,Not Applicable,220,Cash,9,3.4,3.0
2024-07-14 05:45:00,CNR1318346324,Success,CID537357,Bike,Electronic City,Hennur,266.0,85.0,Not Applicable,Not Applicable,No,Not Applicable,401,UPI,2,3.9,3.6
2024-07-29 17:40:00,CNR8113433416,Canceled by Driver,CID543337,Prime SUV,Kadugodi,Malleshwaram,,,Not Applicable,Customer was coughing/sick,Not Applicable,Not Applicable,1384,Not Applicable,0,,
2024-07-20 10:51:00,CNR5537523905,Driver Not Found,CID232591,Prime Plus,Langford Town,Vijayanagar,,,Not Applicable,Not Applicable,Not Applicable,Not Applicable,845,Not Applicable,0,,
2024-07-06 21:57:00,CNR4800517658,Success,CID935648,Bike,Hosur Road,Devanahalli,140.0,105.0,Not Applicable,Not Applicable,No,Not Applicable,757,UPI,39,4.3,5.0
2024-07-22 16:28:00,CNR3886791933,Canceled by Driver,CID159432,Prime SUV,Magadi Road,Rajajinagar,,,Not Applicable,More than permitted people in there,Not Applicable,Not Applicable,478,Not Applicable,0,,
2024-07-09 12:08:00,CNR2724889374,Canceled by Customer,CID182379,Auto,Hulimavu,Whitefield,,,Driver asked to cancel,Not Applicable,Not Applicable,Not Applicable,164,Not Applicable,0,,
2024-07-29 07:33:00,CNR3174315720,Canceled by Driver,CID271712,Prime Plus,Langford Town,Peenya,,,Not Applicable,Customer related issue,Not Applicable,Not Applicable,257,Not Applicable,0,,
2024-07-07 08:16:00,CNR3891850217,Driver Not Found,CID744690,Mini,Frazer Town,Yelahanka,,,Not Applicable,Not Applicable,Not Applicable,Not Applicable,253,Not Applicable,0,,
2024-07-15 10:20:00,CNR1343648281,Success,CID305033,Prime Sedan,Whitefield,Sahakar Nagar,168.0,110.0,Not Applicable,Not Applicable,No,Not Applicable,150,Cash,5,3.9,3.2
2024-07-03 21:30:00,CNR3344934116,Success,CID535867,Prime Sedan,Marathahalli,Majestic,245.0,105.0,Not Applicable,Not Applicable,No,Not Applicable,187,UPI,7,3.5,4.0
2024-07-18 19:28:00,CNR7432154096,Success,CID602036,Prime SUV,Varthur,Kengeri,217.0,30.0,Not Applicable,Not Applicable,No,Not Applicable,558,Cash,26,3.2,3.8
2024-07-04 10:59:00,CNR2909328746,Success,CID469342,Prime Plus,HSR Layout,Hebbal,84.0,40.0,Not Applicable,Not Applicable,No,Not Applicable,540,UPI,40,3.1,4.2
2024-07-14 20:17:00,CNR9304984224,Success,CID441015,Auto,Devanahalli,MG Road,287.0,55.0,Not Applicable,Not Applicable,No,Not Applicable,352,UPI,2,3.6,3.2
2024-07-08 16:33:00,CNR8126098852,Success,CID984263,Prime SUV,Electronic City,BTM Layout,252.0,110.0,Not Applicable,Not Applicable,No,Not Applicable,249,UPI,12,4.7,4.6
2024-07-02 02:57:00,CNR8393923350,Canceled by Customer,CID971496,Bike,Hebbal,Sahakar Nagar,,,Driver asked to cancel,Not Applicable,Not Applicable,Not Applicable,395,Not Applicable,0,,
2024-07-13 13:39:00,CNR5954243276,Success,CID137167,Prime Plus,Yeshwanthpur,Whitefield,133.0,90.0,Not Applicable,Not Applicable,No,Not Applicable,482,Cash,40,4.6,3.2
2024-07-21 23:36:00,CNR7503100674,Driver Not Found,CID903037,Prime Sedan,Kadugodi,KR Puram,,,Not Applicable,Not Applicable,Not Applicable,Not Applicable,1384,Not Applicable,0,,
2024-07-07 21:48:00,CNR3251791556,Canceled by Driver,CID641048,Mini,Rajarajeshwari Nagar,KR Puram,,,Not Applicable,Customer was coughing/sick,Not Applicable,Not Applicable,494,Not Applicable,0,,
2024-07-14 05:23:00,CNR5623130935,Success,CID115438,Mini,Shivajinagar,Hosur Road,182.0,40.0,Not Applicable,Not Applicable,No,Not Applicable,335,UPI,31,4.9,4.7
2024-07-14 04:19:00,CNR3598631402,Driver Not Found,CID543015,Mini,Tumkur Road,Bannerghatta Road,,,Not Applicable,Not Applicable,Not Applicable,Not Applicable,732,Not Applicable,0,,
2024-07-29 05:03:00,CNR5098295082,Canceled by Driver,CID749309,Mini,Hosur Road,Tumkur Road,,,Not Applicable,Personal & Car related issue,Not Applicable,Not Applicable,166,Not Applicable,0,,
2024-07-11 12:01:00,CNR6105954010,Success,CID441175,Prime Sedan,KR Puram,MG Road,259.0,135.0,Not Applicable,Not Applicable,No,Not Applicable,914,UPI,33,5.0,3.5
2024-07-25 06:16:00,CNR7925309750,Success,CID667585,Prime SUV,Jayanagar,Mysore Road,42.0,125.0,Not Applicable,Not Applicable,No,Not Applicable,285,Cash,48,4.0,4.9
2024-07-14 23:52:00,CNR5191608152,Success,CID125825,Prime Sedan,Richmond Town,Bannerghatta Road,245.0,90.0,Not Applicable,Not Applicable,No,Not Applicable,140,UPI,28,3.8,3.3
2024-07-20 10:37:00,CNR5461944545,Success,CID784369,Prime SUV,Hosur Road,Hebbal,105.0,40.0,Not Applicable,Not Applicable,No,Not Applicable,262,Cash,31,3.4,3.1
2024-07-20 22:46:00,CNR9475348337,Success,CID367751,Mini,Devanahalli,Majestic,56.0,135.0,Not Applicable,Not Applicable,No,Not Applicable,488,UPI,41,4.5,4.3
2024-07-07 07:27:00,CNR1167743067,Success,CID840048,Prime SUV,Ulsoor,Hosur Road,49.0,70.0,Not Applicable,Not Applicable,No,Not Applicable,291,Cash,30,4.1,3.1
2024-07-24 00:32:00,CNR9103166984,Success,CID194296,Mini,KR Puram,Chickpet,182.0,90.0,Not Applicable,Not Applicable,No,Not Applicable,322,UPI,41,4.0,4.7
2024-07-06 16:04:00,CNR6548879627,Canceled by Customer,CID851984,Auto,Kengeri,Vijayanagar,,,Change of plans,Not Applicable,Not Applicable,Not Applicable,238,Not Applicable,0,,
2024-07-30 12:28:00,CNR8493639338,Success,CID472487,Prime Plus,Mysore Road,HSR Layout,308.0,125.0,Not Applicable,Not Applicable,No,Not Applicable,355,UPI,49,4.1,3.7
2024-07-21 05:37:00,CNR4147236208,Success,CID271411,Bike,MG Road,Chamarajpet,84.0,130.0,Not Applicable,Not Applicable,No,Not Applicable,2750,Cash,25,3.7,3.2
2024-07-05 18:28:00,CNR7198060309,Success,CID269627,eBike,BTM Layout,Mysore Road,287.0,135.0,Not Applicable,Not Applicable,No,Not Applicable,727,Cash,47,4.7,4.5
2024-07-05 01:37:00,CNR1365703904,Success,CID954901,Prime Sedan,Bellandur,Koramangala,196.0,105.0,Not Applicable,Not Applicable,No,Not Applicable,478,Cash,34,4.7,3.4
2024-07-06 21:20:00,CNR2001516949,Success,CID134119,Mini,Vijayanagar,Kengeri,224.0,60.0,Not Applicable,Not Applicable,No,Not Applicable,181,Cash,44,4.7,4.8
2024-07-05 20:51:00,CNR4627014679,Success,CID534098,Prime Plus,Kadugodi,Koramangala,294.0,45.0,Not Applicable,Not Applicable,No,Not Applicable,680,UPI,16,3.2,3.0
2024-07-12 21:03:00,CNR8587838626,Success,CID791351,Auto,Jayanagar,Tumkur Road,252.0,50.0,Not Applicable,Not Applicable,Yes,Customer Demand,283,UPI,8,3.9,3.0
2024-07-17 07:12:00,CNR2841282008,Canceled by Driver,CID185228,Mini,Basavanagudi,Kammanahalli,,,Not Applicable,Customer related issue,Not Applicable,Not Applicable,987,Not Applicable,0,,
2024-07-08 21:14:00,CNR1636751670,Success,CID328335,Prime Sedan,Jayanagar,Ramamurthy Nagar,203.0,60.0,Not Applicable,Not Applicable,No,Not Applicable,424,Cash,37,4.7,3.5
2024-07-13 12:29:00,CNR7276047592,Driver Not Found,CID116081,eBike,Hosur Road,Peenya,,,Not Applicable,Not Applicable,Not Applicable,Not Applicable,249,Not Applicable,0,,
2024-07-07 13:47:00,CNR4849536879,Canceled by Customer,CID611999,Prime SUV,Malleshwaram,Tumkur Road,,,Driver asked to cancel,Not Applicable,Not Applicable,Not Applicable,646,Not Applicable,0,,
2024-07-11 02:19:00,CNR5892379753,Success,CID367635,Auto,Marathahalli,Bannerghatta Road,273.0,105.0,Not Applicable,Not Applicable,No,Not Applicable,2733,UPI,5,4.8,4.3
2024-07-14 08:18:00,CNR3757927687,Canceled by Driver,CID655806,Auto,Basavanagudi,Jayanagar,,,Not Applicable,Customer was coughing/sick,Not Applicable,Not Applicable,582,Not Applicable,0,,
2024-07-02 21:00:00,CNR8927696203,Success,CID796065,Prime Plus,Marathahalli,Malleshwaram,231.0,70.0,Not Applicable,Not Applicable,No,Not Applicable,199,Cash,6,3.7,4.3
2024-07-18 11:24:00,CNR6108483451,Success,CID359735,Auto,Nagarbhavi,KR Puram,77.0,35.0,Not Applicable,Not Applicable,No,Not Applicable,635,Cash,19,4.7,3.5
2024-07-18 02:21:00,CNR8425655650,Success,CID914007,Mini,Richmond Town,Sahakar Nagar,217.0,70.0,Not Applicable,Not Applicable,No,Not Applicable,174,Cash,25,4.8,3.5
2024-07-25 10:59:00,CNR4534111323,Success,CID764356,Mini,Cox Town,Ramamurthy Nagar,308.0,60.0,Not Applicable,Not Applicable,Yes,Customer Demand,931,UPI,46,4.8,4.8
2024-07-17 07:31:00,CNR8033586120,Driver Not Found,CID444218,Prime Plus,Kengeri,Whitefield,,,Not Applicable,Not Applicable,Not Applicable,Not Applicable,143,Not Applicable,0,,
2024-07-21 20:25:00,CNR1686398856,Canceled by Driver,CID674060,eBike,Mysore Road,Yelahanka,,,Not Applicable,More than permitted people in there,Not Applicable,Not Applicable,588,Not Applicable,0,,
2024-07-03 11:32:00,CNR2200084187,Success,CID864811,Prime Sedan,Jayanagar,Ramamurthy Nagar,154.0,65.0,Not Applicable,Not Applicable,No,Not Applicable,2428,Cash,41,3.7,3.2
2024-07-30 12:16:00,CNR1156263007,Success,CID304185,Bike,Malleshwaram,Rajajinagar,49.0,85.0,Not Applicable,Not Applicable,No,Not Applicable,206,UPI,43,3.6,4.1
2024-07-21 09:01:00,CNR9907676719,Canceled by Driver,CID832129,Auto,Rajarajeshwari Nagar,RT Nagar,,,Not Applicable,Personal & Car related issue,Not Applicable,Not Applicable,365,Not Applicable,0,,
2024-07-11 15:30:00,CNR4198108595,Success,CID834898,eBike,Chamarajpet,Richmond Town,308.0,65.0,Not Applicable,Not Applicable,No,Not Applicable,2548,Cash,13,4.6,3.3
2024-07-17 15:51:00,CNR5288079021,Success,CID984898,Prime SUV,Langford Town,Electronic City,161.0,105.0,Not Applicable,Not Applicable,No,Not Applicable,878,UPI,5,4.1,4.8
2024-07-11 16:21:00,CNR5716760850,Success,CID569113,eBike,Varthur,Varthur,287.0,110.0,Not Applicable,Not Applicable,No,Not Applicable,422,UPI,42,5.0,3.8
2024-07-01 12:19:00,CNR4517141942,Canceled by Driver,CID937557,eBike,Electronic City,Magadi Road,,,Not Applicable,Customer was coughing/sick,Not Applicable,Not Applicable,650,Not Applicable,0,,
2024-07-20 04:34:00,CNR7080512853,Success,CID750754,Mini,Malleshwaram,Hebbal,35.0,110.0,Not Applicable,Not Applicable,No,Not Applicable,494,Cash,38,3.4,4.1
2024-07-24 07:21:00,CNR7882469710,Canceled by Driver,CID886398,Prime Plus,BTM Layout,Nagarbhavi,,,Not Applicable,Personal & Car related issue,Not Applicable,Not Applicable,231,Not Applicable,0,,
2024-07-16 08:12:00,CNR4541255164,Canceled by Customer,CID170870,Auto,BTM Layout,Chamarajpet,,,Driver is not moving towards pickup location,Not Applicable,Not Applicable,Not Applicable,477,Not Applicable,0,,
2024-07-20 08:17:00,CNR8114188855,Success,CID699624,Mini,Nagarbhavi,Peenya,91.0,35.0,Not Applicable,Not Applicable,No,Not Applicable,361,UPI,49,3.8,3.1
2024-07-10 08:52:00,CNR3829171497,Success,CID203606,Prime Plus,BTM Layout,Shivajinagar,91.0,130.0,Not Applicable,Not Applicable,No,Not Applicable,151,Cash,13,3.6,4.7
2024-07-20 05:25:00,CNR5993809508,Canceled by Driver,CID480649,Bike,Yelahanka,Padmanabhanagar,,,Not Applicable,More than permitted people in there,Not Applicable,Not Applicable,907,Not Applicable,0,,
2024-07-12 17:31:00,CNR8781089189,Canceled by Driver,CID537258,Prime Plus,Magadi Road,Mysore Road,,,Not Applicable,Customer related issue,Not Applicable,Not Applicable,380,Not Applicable,0,,
2024-07-13 06:00:00,CNR7662376532,Canceled by Customer,CID248460,Auto,KR Puram,Hulimavu,,,Driver asked to cancel,Not Applicable,Not Applicable,Not Applicable,706,Not Applicable,0,,
2024-07-09 18:26:00,CNR5927066775,Success,CID731152,Mini,Hennur,Hulimavu,189.0,35.0,Not Applicable,Not Applicable,No,Not Applicable,481,Cash,3,3.7,4.0
2024-07-10 19:50:00,CNR8321886553,Success,CID439676,Prime SUV,Yelahanka,Hennur,133.0,40.0,Not Applicable,Not Applicable,No,Not Applicable,154,Cash,22,4.3,3.1
2024-07-29 08:17:00,CNR7949871556,Canceled by Driver,CID194102,Auto,BTM Layout,Whitefield,,,Not Applicable,Customer was coughing/sick,Not Applicable,Not Applicable,476,Not Applicable,0,,
2024-07-02 12:50:00,CNR3463285152,Success,CID488951,Mini,Sahakar Nagar,Langford Town,56.0,130.0,Not Applicable,Not Applicable,No,Not Applicable,750,UPI,41,4.3,3.6
2024-07-07 06:30:00,CNR5989750389,Success,CID327814,eBike,Banashankari,Magadi Road,154.0,55.0,Not Applicable,Not Applicable,No,Not Applicable,921,UPI,30,3.0,3.7
2024-07-12 14:29:00,CNR5597588261,Success,CID632134,Prime Sedan,Banashankari,Varthur,294.0,35.0,Not Applicable,Not Applicable,No,Not Applicable,254,UPI,2,3.7,4.5
2024-07-21 10:19:00,CNR1765828952,Canceled by Driver,CID940513,Prime Sedan,Bellandur,Vijayanagar,,,Not Applicable,Personal & Car related issue,Not Applicable,Not Applicable,257,Not Applicable,0,,
2024-07-22 19:34:00,CNR3040464353,Canceled by Customer,CID622006,eBike,Yelahanka,Indiranagar,,,Driver is not moving towards pickup location,Not Applicable,Not Applicable,Not Applicable,1806,Not Applicable,0,,
2024-07-07 13:15:00,CNR5573006895,Success,CID477570,Prime Sedan,Sarjapur Road,Kadugodi,161.0,130.0,Not Applicable,Not Applicable,No,Not Applicable,435,UPI,36,3.2,4.7
2024-07-08 19:14:00,CNR6732904501,Canceled by Driver,CID522636,Auto,Kammanahalli,Rajarajeshwari Nagar,,,Not Applicable,Customer related issue,Not Applicable,Not Applicable,415,Not Applicable,0,,
2024-07-13 21:41:00,CNR2359103697,Canceled by Customer,CID482357,eBike,Rajarajeshwari Nagar,Cox Town,,,Wrong Address,Not Applicable,Not Applicable,Not Applicable,475,Not Applicable,0,,
2024-07-06 18:25:00,CNR4074528248,Success,CID338435,eBike,KR Puram,Frazer Town,63.0,65.0,Not Applicable,Not Applicable,No,Not Applicable,915,Cash,34,3.3,4.6
2024-07-04 23:13:00,CNR1237882301,Success,CID509452,Prime SUV,Frazer Town,Shantinagar,84.0,140.0,Not Applicable,Not Applicable,No,Not Applicable,364,UPI,6,3.0,4.7
2024-07-12 11:31:00,CNR5764953045,Canceled by Driver,CID546408,Prime Plus,Vijayanagar,Shivajinagar,,,Not Applicable,Customer was coughing/sick,Not Applicable,Not Applicable,250,Not Applicable,0,,
2024-07-19 15:51:00,CNR4720419105,Canceled by Customer,CID111416,Prime Sedan,Yeshwanthpur,Bannerghatta Road,,,Driver is not moving towards pickup location,Not Applicable,Not Applicable,Not Applicable,193,Not Applicable,0,,
2024-07-19 22:39:00,CNR8932407172,Success,CID388681,Auto,Chamarajpet,Peenya,280.0,35.0,Not Applicable,Not Applicable,No,Not Applicable,135,Cash,10,3.9,4.9
2024-07-02 22:06:00,CNR6649462848,Canceled by Driver,CID443860,Mini,Cox Town,Kadugodi,,,Not Applicable,More than permitted people in there,Not Applicable,Not Applicable,848,Not Applicable,0,,
2024-07-29 21:58:00,CNR9695038112,Success,CID419579,Prime Plus,Yeshwanthpur,Majestic,98.0,115.0,Not Applicable,Not Applicable,Yes,Customer Demand,231,Cash,9,4.8,3.5
2024-07-16 21:13:00,CNR5062837968,Success,CID417130,Bike,Yelahanka,Sahakar Nagar,168.0,85.0,Not Applicable,Not Applicable,No,Not Applicable,155,Cash,4,4.5,3.4
2024-07-10 18:43:00,CNR5286392086,Canceled by Driver,CID947334,Prime Sedan,Tumkur Road,Cox Town,,,Not Applicable,Personal & Car related issue,Not Applicable,Not Applicable,927,Not Applicable,0,,
2024-07-28 00:16:00,CNR7856750310,Success,CID609134,Bike,Varthur,Magadi Road,217.0,55.0,Not Applicable,Not Applicable,No,Not Applicable,199,Cash,15,4.4,4.3
2024-07-12 10:16:00,CNR9130034268,Success,CID731129,Prime Plus,Hulimavu,Bellandur,238.0,80.0,Not Applicable,Not Applicable,No,Not Applicable,870,Cash,18,3.8,5.0
2024-07-29 09:15:00,CNR7846105538,Success,CID788253,Prime Plus,Tumkur Road,Banashankari,308.0,55.0,Not Applicable,Not Applicable,No,Not Applicable,397,UPI,23,3.5,3.3
2024-07-11 22:33:00,CNR4917756364,Success,CID884658,Prime Plus,Shivajinagar,Kengeri,189.0,30.0,Not Applicable,Not Applicable,No,Not Applicable,342,Cash,11,3.6,4.5
2024-07-24 11:41:00,CNR4776135136,Success,CID730306,Mini,JP Nagar,Koramangala,252.0,135.0,Not Applicable,Not Applicable,Yes,Other Issue,375,Credit Card,16,4.6,4.4
2024-07-17 17:18:00,CNR1452851885,Success,CID806277,Bike,Sahakar Nagar,Sarjapur Road,266.0,115.0,Not Applicable,Not Applicable,No,Not Applicable,1142,Cash,14,3.5,4.9
2024-07-18 04:59:00,CNR2342829780,Canceled by Driver,CID990068,Prime Plus,Mysore Road,RT Nagar,,,Not Applicable,Customer related issue,Not Applicable,Not Applicable,633,Not Applicable,0,,
2024-07-08 18:14:00,CNR3130231215,Canceled by Driver,CID377368,eBike,Marathahalli,Ramamurthy Nagar,,,Not Applicable,Personal & Car related issue,Not Applicable,Not Applicable,251,Not Applicable,0,,
2024-07-22 15:20:00,CNR9940163127,Success,CID319816,Prime Plus,Rajajinagar,Marathahalli,147.0,55.0,Not Applicable,Not Applicable,No,Not Applicable,403,Cash,16,4.8,4.9
2024-07-13 07:18:00,CNR9260662630,Success,CID809158,Auto,Shantinagar,Hosur Road,196.0,70.0,Not Applicable,Not Applicable,No,Not Applicable,758,Cash,3,3.2,4.1
2024-07-24 09:15:00,CNR7844618063,Success,CID935496,Prime Sedan,Jayanagar,Nagarbhavi,84.0,145.0,Not Applicable,Not Applicable,No,Not Applicable,1169,Credit Card,14,3.3,3.6
2024-07-27 06:33:00,CNR2556700533,Canceled by Driver,CID236649,Mini,Whitefield,Tumkur Road,,,Not Applicable,Customer was coughing/sick,Not Applicable,Not Applicable,226,Not Applicable,0,,
2024-07-27 16:26:00,CNR4849949762,Success,CID427903,eBike,Sahakar Nagar,Richmond Town,56.0,135.0,Not Applicable,Not Applicable,No,Not Applicable,1603,UPI,33,4.1,3.9
2024-07-22 07:07:00,CNR8620651033,Success,CID433285,eBike,Peenya,Peenya,224.0,70.0,Not Applicable,Not Applicable,No,Not Applicable,363,Cash,33,4.8,4.6
2024-07-04 23:37:00,CNR8424506283,Canceled by Customer,CID432956,Auto,Yeshwanthpur,Mysore Road,,,Driver asked to cancel,Not Applicable,Not Applicable,Not Applicable,891,Not Applicable,0,,
2024-07-01 13:09:00,CNR8735058448,Success,CID489760,Bike,Padmanabhanagar,Kammanahalli,133.0,25.0,Not Applicable,Not Applicable,No,Not Applicable,988,UPI,20,3.5,4.4
2024-07-21 10:02:00,CNR1844669882,Success,CID855304,Mini,Langford Town,Chamarajpet,133.0,130.0,Not Applicable,Not Applicable,No,Not Applicable,885,Cash,38,3.5,4.5
2024-07-04 04:45:00,CNR9594303092,Success,CID305654,Prime Plus,Whitefield,Chickpet,70.0,95.0,Not Applicable,Not Applicable,No,Not Applicable,363,Cash,42,3.5,4.0
2024-07-03 12:21:00,CNR7033984657,Driver Not Found,CID318109,Prime SUV,Tumkur Road,BTM Layout,,,Not Applicable,Not Applicable,Not Applicable,Not Applicable,138,Not Applicable,0,,
2024-07-23 22:36:00,CNR8984762118,Driver Not Found,CID301595,Auto,Frazer Town,Padmanabhanagar,,,Not Applicable,Not Applicable,Not Applicable,Not Applicable,732,Not Applicable,0,,
2024-07-08 12:45:00,CNR1682371193,Success,CID545824,Mini,RT Nagar,Chickpet,35.0,115.0,Not Applicable,Not Applicable,No,Not Applicable,138,UPI,10,3.5,4.8
2024-07-03 23:39:00,CNR5869162707,Success,CID672284,Prime SUV,Sahakar Nagar,Kammanahalli,91.0,135.0,Not Applicable,Not Applicable,No,Not Applicable,339,Cash,49,4.5,3.2
2024-07-14 23:22:00,CNR9797436981,Canceled by Driver,CID160633,Prime SUV,Malleshwaram,Kammanahalli,,,Not Applicable,Personal & Car related issue,Not Applicable,Not Applicable,944,Not Applicable,0,,
2024-07-08 03:52:00,CNR1201971838,Success,CID339991,Auto,Nagarbhavi,Hebbal,301.0,50.0,Not Applicable,Not Applicable,Yes,Vehicle Breakdown,998,Cash,4,3.4,4.2
2024-07-04 09:36:00,CNR2256396715,Driver Not Found,CID148101,Prime Plus,Marathahalli,Vijayanagar,,,Not Applicable,Not Applicable,Not Applicable,Not Applicable,228,Not Applicable,0,,
2024-07-15 18:37:00,CNR3336852261,Success,CID306657,Mini,Majestic,Nagarbhavi,133.0,80.0,Not Applicable,Not Applicable,No,Not Applicable,983,UPI,41,5.0,3.8
2024-07-15 23:04:00,CNR3588282829,Success,CID558017,Prime SUV,MG Road,Yeshwanthpur,231.0,75.0,Not Applicable,Not Applicable,No,Not Applicable,222,UPI,45,4.2,3.7
2024-07-09 05:45:00,CNR7043349392,Success,CID264347,Prime Sedan,Basavanagudi,KR Puram,287.0,80.0,Not Applicable,Not Applicable,No,Not Applicable,585,Debit Card,40,4.5,4.2
2024-07-13 07:49:00,CNR2896094281,Success,CID215691,eBike,Shivajinagar,Magadi Road,175.0,35.0,Not Applicable,Not Applicable,No,Not Applicable,138,UPI,37,4.3,3.8
2024-07-12 21:35:00,CNR6450135130,Success,CID691153,Auto,Kengeri,Langford Town,105.0,140.0,Not Applicable,Not Applicable,No,Not Applicable,659,UPI,2,3.4,3.9
2024-07-24 01:45:00,CNR4384281453,Success,CID624291,Bike,Kadugodi,Hebbal,273.0,95.0,Not Applicable,Not Applicable,No,Not Applicable,846,Credit Card,36,3.3,4.7
2024-07-28 09:59:00,CNR6198141407,Canceled by Driver,CID236989,Prime SUV,Majestic,Ulsoor,,,Not Applicable,Personal & Car related issue,Not Applicable,Not Applicable,102,Not Applicable,0,,
2024-07-24 01:57:00,CNR2397424144,Success,CID301777,Mini,Hosur Road,Richmond Town,217.0,140.0,Not Applicable,Not Applicable,No,Not Applicable,202,Cash,3,3.4,4.2
2024-07-15 20:21:00,CNR3504037597,Driver Not Found,CID508672,Prime Sedan,Sahakar Nagar,Hebbal,,,Not Applicable,Not Applicable,Not Applicable,Not Applicable,841,Not Applicable,0,,
2024-07-07 05:39:00,CNR1691521719,Canceled by Customer,CID718266,Bike,Cox Town,Chickpet,,,Driver asked to cancel,Not Applicable,Not Applicable,Not Applicable,267,Not Applicable,0,,
2024-07-26 17:41:00,CNR7061789748,Success,CID630714,Prime Sedan,Whitefield,Ramamurthy Nagar,196.0,120.0,Not Applicable,Not Applicable,No,Not Applicable,305,Cash,45,3.9,4.0
2024-07-12 23:52:00,CNR3227657820,Success,CID847177,Prime Plus,Varthur,Jayanagar,210.0,85.0,Not Applicable,Not Applicable,No,Not Applicable,149,UPI,10,3.7,4.9
2024-07-12 12:00:00,CNR6999470834,Canceled by Driver,CID255038,Mini,Basavanagudi,Kammanahalli,,,Not Applicable,Personal & Car related issue,Not Applicable,Not Applicable,291,Not Applicable,0,,
2024-07-16 04:00:00,CNR7940574077,Success,CID802727,eBike,Bellandur,Devanahalli,238.0,65.0,Not Applicable,Not Applicable,No,Not Applicable,445,UPI,46,3.7,4.5
2024-07-15 08:34:00,CNR3090689279,Success,CID922104,Mini,RT Nagar,Malleshwaram,77.0,115.0,Not Applicable,Not Applicable,No,Not Applicable,745,Cash,40,4.6,4.4
2024-07-16 13:59:00,CNR6601950097,Canceled by Driver,CID236935,Prime Plus,Hosur Road,Ramamurthy Nagar,,,Not Applicable,Personal & Car related issue,Not Applicable,Not Applicable,149,Not Applicable,0,,
2024-07-22 17:24:00,CNR3189991269,Canceled by Driver,CID633037,Prime Sedan,Padmanabhanagar,Cox Town,,,Not Applicable,Customer was coughing/sick,Not Applicable,Not Applicable,314,Not Applicable,0,,
2024-07-29 08:26:00,CNR6961898650,Canceled by Driver,CID112224,Prime SUV,Electronic City,Mysore Road,,,Not Applicable,Customer related issue,Not Applicable,Not Applicable,140,Not Applicable,0,,
2024-07-09 23:53:00,CNR7082825263,Success,CID515166,eBike,Peenya,Devanahalli,91.0,110.0,Not Applicable,Not Applicable,No,Not Applicable,489,Cash,35,3.6,4.4
2024-07-26 07:17:00,CNR5010422778,Canceled by Driver,CID294079,Prime Plus,Nagarbhavi,Magadi Road,,,Not Applicable,Personal & Car related issue,Not Applicable,Not Applicable,942,Not Applicable,0,,
2024-07-28 20:22:00,CNR2603549245,Success,CID920680,eBike,Basavanagudi,Yeshwanthpur,42.0,105.0,Not Applicable,Not Applicable,No,Not Applicable,419,UPI,29,4.5,4.4
2024-07-21 10:19:00,CNR6881313859,Success,CID599655,Prime Plus,Shivajinagar,Malleshwaram,84.0,60.0,Not Applicable,Not Applicable,No,Not Applicable,552,Cash,11,4.8,3.9
2024-07-12 04:37:00,CNR5809649207,Success,CID353246,eBike,Nagarbhavi,Yelahanka,147.0,30.0,Not Applicable,Not Applicable,No,Not Applicable,532,UPI,1,4.2,4.5
2024-07-08 16:01:00,CNR8291118417,Success,CID465047,Mini,Bellandur,Sahakar Nagar,105.0,120.0,Not Applicable,Not Applicable,No,Not Applicable,105,Cash,46,3.1,3.3
2024-07-24 16:45:00,CNR7949056612,Success,CID309198,Prime Sedan,Malleshwaram,HSR Layout,259.0,100.0,Not Applicable,Not Applicable,No,Not Applicable,457,UPI,5,3.8,3.6
2024-07-11 12:57:00,CNR1717459720,Success,CID822342,Prime SUV,Varthur,Electronic City,105.0,140.0,Not Applicable,Not Applicable,No,Not Applicable,383,UPI,1,3.8,4.1
2024-07-08 02:07:00,CNR4846419527,Success,CID621717,eBike,Whitefield,Malleshwaram,259.0,95.0,Not Applicable,Not Applicable,No,Not Applicable,859,Cash,21,4.1,3.6
2024-07-01 15:53:00,CNR1035120168,Success,CID618931,Prime SUV,Yelahanka,Hosur Road,301.0,30.0,Not Applicable,Not Applicable,No,Not Applicable,346,UPI,45,4.0,3.2
2024-07-29 13:51:00,CNR9449474703,Canceled by Customer,CID790103,Mini,Kadugodi,Marathahalli,,,Driver is not moving towards pickup location,Not Applicable,Not Applicable,Not Applicable,316,Not Applicable,0,,
2024-07-22 09:20:00,CNR5250267440,Canceled by Customer,CID476934,Prime Sedan,Hennur,Ramamurthy Nagar,,,Change of plans,Not Applicable,Not Applicable,Not Applicable,888,Not Applicable,0,,
2024-07-16 05:19:00,CNR3403295809,Success,CID288954,Mini,Mysore Road,Chickpet,35.0,90.0,Not Applicable,Not Applicable,No,Not Applicable,420,Cash,9,3.8,3.8
2024-07-22 02:29:00,CNR5624917044,Driver Not Found,CID577914,eBike,Kammanahalli,Shantinagar,,,Not Applicable,Not Applicable,Not Applicable,Not Applicable,109,Not Applicable,0,,
2024-07-12 01:42:00,CNR8959652543,Canceled by Customer,CID332610,Prime SUV,Basavanagudi,Chickpet,,,Driver asked to cancel,Not Applicable,Not Applicable,Not Applicable,402,Not Applicable,0,,
2024-07-03 06:07:00,CNR8424630675,Canceled by Customer,CID506253,Auto,Peenya,Shivajinagar,,,Driver asked to cancel,Not Applicable,Not Applicable,Not Applicable,259,Not Applicable,0,,
2024-07-20 22:51:00,CNR6351961601,Success,CID866928,Mini,KR Puram,Yelahanka,84.0,85.0,Not Applicable,Not Applicable,No,Not Applicable,185,UPI,21,3.1,4.2
2024-07-30 15:42:00,CNR2224491338,Success,CID332118,Bike,KR Puram,Sahakar Nagar,56.0,140.0,Not Applicable,Not Applicable,No,Not Applicable,142,UPI,2,4.3,3.6
2024-07-25 04:21:00,CNR6730110582,Canceled by Driver,CID942676,Mini,Sahakar Nagar,Hosur Road,,,Not Applicable,Customer related issue,Not Applicable,Not Applicable,255,Not Applicable,0,,
2024-07-08 08:46:00,CNR5835995402,Canceled by Driver,CID889362,Mini,Bellandur,Yelahanka,,,Not Applicable,More than permitted people in there,Not Applicable,Not Applicable,921,Not Applicable,0,,
2024-07-10 19:36:00,CNR5517450698,Success,CID228132,Prime Sedan,Malleshwaram,HSR Layout,175.0,110.0,Not Applicable,Not Applicable,No,Not Applicable,145,UPI,1,3.8,3.1
2024-07-13 04:20:00,CNR5680405572,Success,CID885642,Prime Sedan,MG Road,Sahakar Nagar,252.0,140.0,Not Applicable,Not Applicable,No,Not Applicable,243,Cash,11,3.7,3.5
2024-07-15 15:40:00,CNR6147057518,Success,CID664785,Mini,Yelahanka,Kadugodi,42.0,35.0,Not Applicable,Not Applicable,No,Not Applicable,298,Cash,15,5.0,4.6
2024-07-23 05:28:00,CNR3694132467,Canceled by Customer,CID789963,Bike,Cox Town,Rajajinagar,,,AC is Not working,Not Applicable,Not Applicable,Not Applicable,242,Not Applicable,0,,
2024-07-18 21:27:00,CNR5972068851,Success,CID112201,Mini,Kadugodi,Mysore Road,273.0,55.0,Not Applicable,Not Applicable,No,Not Applicable,366,UPI,3,4.9,4.1
2024-07-23 00:52:00,CNR4339782602,Success,CID828854,eBike,Jayanagar,Basavanagudi,301.0,125.0,Not Applicable,Not Applicable,No,Not Applicable,319,UPI,36,3.2,5.0
2024-07-29 07:38:00,CNR6238807480,Canceled by Customer,CID120303,Auto,Sarjapur Road,Vijayanagar,,,Driver is not moving towards pickup location,Not Applicable,Not Applicable,Not Applicable,990,Not Applicable,0,,
2024-07-18 20:53:00,CNR3051449199,Success,CID194161,Mini,Hosur Road,Chamarajpet,63.0,130.0,Not Applicable,Not Applicable,No,Not Applicable,336,Cash,42,5.0,4.6
2024-07-04 14:06:00,CNR6243203058,Success,CID516093,Bike,Ulsoor,Peenya,301.0,105.0,Not Applicable,Not Applicable,No,Not Applicable,765,UPI,39,4.5,3.8
2024-07-21 14:52:00,CNR1973510622,Canceled by Driver,CID704793,Bike,Hebbal,Kadugodi,,,Not Applicable,More than permitted people in there,Not Applicable,Not Applicable,295,Not Applicable,0,,
2024-07-04 03:48:00,CNR8382641111,Success,CID189985,Auto,Yelahanka,Devanahalli,210.0,30.0,Not Applicable,Not Applicable,No,Not Applicable,155,Cash,12,3.5,3.3
2024-07-20 17:58:00,CNR5206791117,Driver Not Found,CID400218,Prime Plus,Chamarajpet,BTM Layout,,,Not Applicable,Not Applicable,Not Applicable,Not Applicable,397,Not Applicable,0,,
2024-07-06 08:00:00,CNR3073248563,Canceled by Customer,CID138807,Bike,Bellandur,MG Road,,,Driver asked to cancel,Not Applicable,Not Applicable,Not Applicable,363,Not Applicable,0,,
2024-07-02 00:08:00,CNR3335731874,Success,CID583580,Mini,BTM Layout,Kadugodi,266.0,120.0,Not Applicable,Not Applicable,No,Not Applicable,305,Credit Card,37,5.0,4.8
2024-07-21 03:37:00,CNR3820983498,Canceled by Driver,CID852572,Prime SUV,MG Road,Marathahalli,,,Not Applicable,More than permitted people in there,Not Applicable,Not Applicable,705,Not Applicable,0,,
2024-07-18 00:08:00,CNR8972222764,Success,CID440588,Prime Sedan,Hulimavu,Bellandur,238.0,125.0,Not Applicable,Not Applicable,No,Not Applicable,897,Cash,14,4.8,3.5
2024-07-18 09:12:00,CNR9731885794,Success,CID914486,Auto,Basavanagudi,Electronic City,308.0,130.0,Not Applicable,Not Applicable,No,Not Applicable,484,Cash,4,4.5,4.7
2024-07-22 07:13:00,CNR1843772416,Canceled by Driver,CID200884,Auto,Indiranagar,Devanahalli,,,Not Applicable,Customer was coughing/sick,Not Applicable,Not Applicable,538,Not Applicable,0,,
2024-07-05 12:50:00,CNR9747171218,Success,CID366310,Prime SUV,Peenya,JP Nagar,105.0,100.0,Not Applicable,Not Applicable,No,Not Applicable,2780,Cash,21,4.9,3.0
2024-07-11 05:08:00,CNR8941257667,Success,CID934864,Bike,Chickpet,Kadugodi,133.0,85.0,Not Applicable,Not Applicable,Yes,Vehicle Breakdown,843,Cash,8,4.6,3.8
2024-07-25 09:03:00,CNR5771761675,Success,CID527800,eBike,Kengeri,Jayanagar,280.0,35.0,Not Applicable,Not Applicable,No,Not Applicable,958,UPI,22,4.0,3.2
2024-07-16 16:50:00,CNR2815546697,Canceled by Driver,CID578995,Prime SUV,Tumkur Road,Bellandur,,,Not Applicable,More than permitted people in there,Not Applicable,Not Applicable,281,Not Applicable,0,,
2024-07-22 00:47:00,CNR7361920343,Success,CID143555,Prime Plus,Magadi Road,Tumkur Road,238.0,40.0,Not Applicable,Not Applicable,No,Not Applicable,234,UPI,47,4.9,4.2
2024-07-12 22:35:00,CNR3446711198,Success,CID433127,Prime Sedan,Peenya,Banashankari,196.0,60.0,Not Applicable,Not Applicable,No,Not Applicable,764,UPI,34,4.9,3.2
2024-07-07 06:24:00,CNR7984173976,Success,CID556384,eBike,MG Road,Yeshwanthpur,42.0,115.0,Not Applicable,Not Applicable,No,Not Applicable,473,Cash,9,3.7,3.1
2024-07-06 13:06:00,CNR4681521564,Success,CID907095,Prime SUV,Whitefield,Yelahanka,287.0,130.0,Not Applicable,Not Applicable,No,Not Applicable,480,Credit Card,43,4.9,4.3
2024-07-16 22:39:00,CNR9882726790,Success,CID708901,Prime SUV,Chickpet,Shantinagar,245.0,25.0,Not Applicable,Not Applicable,No,Not Applicable,146,Cash,47,4.0,3.2
2024-07-15 06:21:00,CNR1381924484,Canceled by Driver,CID484915,Prime SUV,Bellandur,Ulsoor,,,Not Applicable,Personal & Car related issue,Not Applicable,Not Applicable,206,Not Applicable,0,,
2024-07-30 04:38:00,CNR1605805321,Canceled by Driver,CID971624,Prime SUV,Ulsoor,JP Nagar,,,Not Applicable,Customer related issue,Not Applicable,Not Applicable,388,Not Applicable,0,,
2024-07-08 04:51:00,CNR3354233221,Canceled by Driver,CID919635,Bike,Cox Town,Majestic,,,Not Applicable,Customer related issue,Not Applicable,Not Applicable,296,Not Applicable,0,,
2024-07-02 17:07:00,CNR4640113290,Success,CID245536,eBike,Richmond Town,Yelahanka,112.0,40.0,Not Applicable,Not Applicable,Yes,Customer Demand,224,UPI,17,4.8,4.4
2024-07-29 18:32:00,CNR8121121772,Success,CID500606,Prime Plus,RT Nagar,Yelahanka,231.0,60.0,Not Applicable,Not Applicable,No,Not Applicable,191,Cash,14,4.6,3.2
2024-07-30 22:09:00,CNR9794153728,Success,CID106832,Prime SUV,Padmanabhanagar,Tumkur Road,56.0,140.0,Not Applicable,Not Applicable,No,Not Applicable,359,UPI,49,4.6,3.9
2024-07-12 17:58:00,CNR4879637679,Success,CID814595,Bike,Padmanabhanagar,Malleshwaram,42.0,60.0,Not Applicable,Not Applicable,No,Not Applicable,209,UPI,26,3.1,4.0
2024-07-03 11:46:00,CNR9760480362,Success,CID445119,Auto,Frazer Town,Sarjapur Road,252.0,105.0,Not Applicable,Not Applicable,No,Not Applicable,113,Cash,11,3.0,4.5
2024-07-25 19:26:00,CNR1232183656,Success,CID396793,Bike,Hebbal,HSR Layout,77.0,105.0,Not Applicable,Not Applicable,No,Not Applicable,504,UPI,33,3.5,3.2
2024-07-06 15:07:00,CNR9517075221,Canceled by Customer,CID990975,Auto,Bannerghatta Road,Mysore Road,,,Driver is not moving towards pickup location,Not Applicable,Not Applicable,Not Applicable,416,Not Applicable,0,,
2024-07-23 14:36:00,CNR4406406120,Driver Not Found,CID832699,eBike,Varthur,Sarjapur Road,,,Not Applicable,Not Applicable,Not Applicable,Not Applicable,2844,Not Applicable,0,,
2024-07-01 05:34:00,CNR6720082692,Canceled by Customer,CID126421,Prime Sedan,Vijayanagar,Varthur,,,Wrong Address,Not Applicable,Not Applicable,Not Applicable,1875,Not Applicable,0,,
2024-07-02 02:59:00,CNR1505706838,Success,CID864417,Mini,Whitefield,Electronic City,161.0,50.0,Not Applicable,Not Applicable,No,Not Applicable,187,Cash,41,3.1,4.4
2024-07-27 12:50:00,CNR2588819717,Success,CID188482,Prime Plus,KR Puram,Yelahanka,91.0,90.0,Not Applicable,Not Applicable,No,Not Applicable,380,UPI,15,3.6,4.0
2024-07-20 13:22:00,CNR7042785238,Driver Not Found,CID926502,eBike,Devanahalli,Kadugodi,,,Not Applicable,Not Applicable,Not Applicable,Not Applicable,393,Not Applicable,0,,
2024-07-21 05:20:00,CNR7712117432,Success,CID437722,Prime SUV,JP Nagar,Padmanabhanagar,161.0,30.0,Not Applicable,Not Applicable,No,Not Applicable,376,Cash,37,3.1,3.1
2024-07-08 13:48:00,CNR4115388152,Success,CID670794,Prime SUV,Yelahanka,Chickpet,287.0,80.0,Not Applicable,Not Applicable,No,Not Applicable,2229,Cash,45,3.2,4.7
2024-07-02 12:16:00,CNR9605256559,Success,CID680902,Bike,Bellandur,Nagarbhavi,280.0,70.0,Not Applicable,Not Applicable,No,Not Applicable,233,Cash,33,4.3,4.5
2024-07-14 02:34:00,CNR7077277031,Success,CID625235,Auto,Hulimavu,Shantinagar,294.0,35.0,Not Applicable,Not Applicable,No,Not Applicable,417,Cash,19,3.1,3.6
2024-07-24 13:39:00,CNR7409205336,Success,CID113193,Auto,Hulimavu,Varthur,126.0,145.0,Not Applicable,Not Applicable,No,Not Applicable,2071,Cash,1,3.0,4.4
2024-07-27 15:21:00,CNR4667858537,Success,CID665016,eBike,Magadi Road,Hebbal,140.0,55.0,Not Applicable,Not Applicable,No,Not Applicable,985,UPI,35,4.2,4.0
2024-07-24 11:40:00,CNR1541260656,Success,CID106191,Bike,Devanahalli,RT Nagar,63.0,140.0,Not Applicable,Not Applicable,No,Not Applicable,357,UPI,39,4.9,3.9
2024-07-23 01:39:00,CNR5887170438,Canceled by Driver,CID967264,Mini,Kengeri,Kammanahalli,,,Not Applicable,More than permitted people in there,Not Applicable,Not Applicable,358,Not Applicable,0,,
2024-07-07 19:34:00,CNR8619896628,Success,CID977281,Prime Plus,JP Nagar,Basavanagudi,77.0,60.0,Not Applicable,Not Applicable,Yes,Vehicle Breakdown,297,UPI,43,3.1,4.3
2024-07-23 04:21:00,CNR2181312586,Success,CID836232,Auto,HSR Layout,MG Road,91.0,45.0,Not Applicable,Not Applicable,No,Not Applicable,447,UPI,12,4.3,4.7
2024-07-14 21:54:00,CNR6722950248,Canceled by Driver,CID888408,Prime SUV,RT Nagar,Yelahanka,,,Not Applicable,Personal & Car related issue,Not Applicable,Not Applicable,270,Not Applicable,0,,
2024-07-08 20:20:00,CNR5236097613,Canceled by Driver,CID676355,Prime Sedan,Electronic City,Kammanahalli,,,Not Applicable,Customer related issue,Not Applicable,Not Applicable,615,Not Applicable,0,,
2024-07-24 08:42:00,CNR1990303708,Success,CID146315,Prime Plus,Ramamurthy Nagar,Shantinagar,133.0,100.0,Not Applicable,Not Applicable,No,Not Applicable,116,UPI,27,5.0,3.0
2024-07-25 03:11:00,CNR7679426305,Canceled by Customer,CID754550,Auto,Kengeri,Nagarbhavi,,,AC is Not working,Not Applicable,Not Applicable,Not Applicable,451,Not Applicable,0,,
2024-07-27 15:41:00,CNR6261693249,Canceled by Driver,CID436952,Prime Sedan,HSR Layout,Langford Town,,,Not Applicable,Customer related issue,Not Applicable,Not Applicable,384,Not Applicable,0,,
2024-07-26 21:42:00,CNR1875591729,Canceled by Driver,CID679355,Bike,Sarjapur Road,Marathahalli,,,Not Applicable,Customer related issue,Not Applicable,Not Applicable,833,Not Applicable,0,,
2024-07-20 03:59:00,CNR1040512012,Success,CID305641,Auto,Ulsoor,Kadugodi,245.0,75.0,Not Applicable,Not Applicable,No,Not Applicable,241,UPI,18,3.1,4.3
2024-07-04 16:35:00,CNR9335228266,Driver Not Found,CID938746,Bike,Malleshwaram,Chickpet,,,Not Applicable,Not Applicable,Not Applicable,Not Applicable,349,Not Applicable,0,,
2024-07-29 22:48:00,CNR2045902092,Canceled by Driver,CID730235,Mini,Padmanabhanagar,JP Nagar,,,Not Applicable,More than permitted people in there,Not Applicable,Not Applicable,148,Not Applicable,0,,
2024-07-17 18:48:00,CNR2002389382,Success,CID686188,Prime SUV,Majestic,Peenya,42.0,130.0,Not Applicable,Not Applicable,No,Not Applicable,342,Cash,28,4.2,4.8
2024-07-29 23:02:00,CNR2857376109,Success,CID820241,Mini,MG Road,Jayanagar,70.0,110.0,Not Applicable,Not Applicable,No,Not Applicable,344,Cash,41,3.6,4.9
2024-07-02 00:38:00,CNR1223991871,Canceled by Driver,CID141606,Mini,Chickpet,Sahakar Nagar,,,Not Applicable,More than permitted people in there,Not Applicable,Not Applicable,469,Not Applicable,0,,
2024-07-02 16:18:00,CNR6049650167,Driver Not Found,CID170820,Prime Sedan,Richmond Town,Kammanahalli,,,Not Applicable,Not Applicable,Not Applicable,Not Applicable,220,Not Applicable,0,,
2024-07-01 13:26:00,CNR6538504508,Success,CID152345,Prime Plus,Nagarbhavi,JP Nagar,210.0,130.0,Not Applicable,Not Applicable,No,Not Applicable,479,Cash,41,4.2,3.5
2024-07-16 07:29:00,CNR2135093193,Success,CID328460,Bike,Tumkur Road,Bannerghatta Road,301.0,35.0,Not Applicable,Not Applicable,No,Not Applicable,235,Cash,28,3.5,4.2
2024-07-12 01:55:00,CNR7202692939,Success,CID259145,eBike,Richmond Town,KR Puram,42.0,25.0,Not Applicable,Not Applicable,No,Not Applicable,538,UPI,38,4.8,4.1
2024-07-05 18:22:00,CNR6042327705,Success,CID493118,Mini,Marathahalli,Mysore Road,189.0,75.0,Not Applicable,Not Applicable,No,Not Applicable,2726,UPI,7,3.4,4.3
2024-07-13 07:03:00,CNR9843839607,Success,CID314398,Prime SUV,Ramamurthy Nagar,Yeshwanthpur,210.0,135.0,Not Applicable,Not Applicable,Yes,Other Issue,206,Cash,20,4.3,4.5
2024-07-09 18:03:00,CNR5013492559,Success,CID149511,Mini,Malleshwaram,Majestic,224.0,55.0,Not Applicable,Not Applicable,No,Not Applicable,158,UPI,39,3.6,4.7
2024-07-05 22:11:00,CNR8763938520,Canceled by Customer,CID830266,Bike,Chickpet,Frazer Town,,,Driver asked to cancel,Not Applicable,Not Applicable,Not Applicable,279,Not Applicable,0,,
2024-07-07 11:05:00,CNR7363603416,Success,CID647566,Prime SUV,Rajajinagar,Nagarbhavi,147.0,140.0,Not Applicable,Not Applicable,No,Not Applicable,281,Cash,1,3.9,5.0
2024-07-03 15:21:00,CNR2086885343,Success,CID508733,Prime SUV,Malleshwaram,Jayanagar,70.0,80.0,Not Applicable,Not Applicable,No,Not Applicable,190,Cash,29,3.3,3.9
2024-07-03 23:11:00,CNR5701597715,Success,CID285425,Prime Plus,Nagarbhavi,Malleshwaram,175.0,125.0,Not Applicable,Not Applicable,No,Not Applicable,244,Cash,42,3.2,4.8
2024-07-05 02:35:00,CNR6715304659,Canceled by Customer,CID355806,Mini,HSR Layout,Rajajinagar,,,Wrong Address,Not Applicable,Not Applicable,Not Applicable,329,Not Applicable,0,,
2024-07-06 19:51:00,CNR9250873020,Success,CID814464,Prime Sedan,Devanahalli,KR Puram,98.0,70.0,Not Applicable,Not Applicable,No,Not Applicable,489,UPI,42,3.3,4.4
2024-07-05 01:46:00,CNR8713592920,Success,CID222891,Bike,Langford Town,Sarjapur Road,154.0,50.0,Not Applicable,Not Applicable,No,Not Applicable,117,UPI,45,3.1,3.6
2024-07-13 10:51:00,CNR2623319926,Success,CID374291,Mini,Jayanagar,Cox Town,196.0,25.0,Not Applicable,Not Applicable,No,Not Applicable,409,UPI,44,4.2,4.8
2024-07-18 15:08:00,CNR7177512908,Success,CID681952,Prime Plus,Malleshwaram,Hebbal,217.0,55.0,Not Applicable,Not Applicable,No,Not Applicable,181,Cash,45,3.6,4.0
2024-07-26 19:08:00,CNR4683736184,Success,CID258050,Prime Sedan,Chickpet,Rajarajeshwari Nagar,266.0,105.0,Not Applicable,Not Applicable,No,Not Applicable,736,UPI,12,4.5,4.9
2024-07-05 12:39:00,CNR8122252511,Canceled by Customer,CID396171,Prime Sedan,Mysore Road,Chickpet,,,Driver asked to cancel,Not Applicable,Not Applicable,Not Applicable,453,Not Applicable,0,,
2024-07-16 19:40:00,CNR8526163257,Success,CID410398,Prime Plus,Yeshwanthpur,KR Puram,133.0,30.0,Not Applicable,Not Applicable,No,Not Applicable,219,UPI,1,3.7,4.8
2024-07-09 08:06:00,CNR5016822542,Canceled by Customer,CID839490,Prime Sedan,Devanahalli,Hulimavu,,,Driver is not moving towards pickup location,Not Applicable,Not Applicable,Not Applicable,360,Not Applicable,0,,
2024-07-11 00:46:00,CNR3706971284,Success,CID489367,Mini,Ramamurthy Nagar,Whitefield,266.0,95.0,Not Applicable,Not Applicable,No,Not Applicable,807,UPI,11,3.8,3.9
2024-07-06 04:28:00,CNR4720820977,Success,CID604135,Mini,Sarjapur Road,Chickpet,266.0,35.0,Not Applicable,Not Applicable,No,Not Applicable,628,Cash,40,3.4,4.9
2024-07-07 10:01:00,CNR6576464971,Success,CID983143,eBike,Indiranagar,Majestic,126.0,100.0,Not Applicable,Not Applicable,No,Not Applicable,466,UPI,20,4.1,5.0
2024-07-10 19:56:00,CNR5332096465,Canceled by Driver,CID501479,eBike,Peenya,Padmanabhanagar,,,Not Applicable,Personal & Car related issue,Not Applicable,Not Applicable,291,Not Applicable,0,,
2024-07-30 16:32:00,CNR6858531073,Success,CID540765,Mini,HSR Layout,Devanahalli,119.0,95.0,Not Applicable,Not Applicable,No,Not Applicable,444,UPI,26,3.2,5.0
2024-07-21 17:35:00,CNR6025500018,Success,CID216556,Bike,Shivajinagar,Banashankari,245.0,25.0,Not Applicable,Not Applicable,No,Not Applicable,317,Cash,14,4.7,3.6
2024-07-18 15:03:00,CNR1892704799,Success,CID605243,eBike,Nagarbhavi,Ulsoor,147.0,35.0,Not Applicable,Not Applicable,No,Not Applicable,234,Cash,36,4.0,3.2
2024-07-08 23:02:00,CNR4304779477,Canceled by Driver,CID487967,Prime Sedan,Chamarajpet,Shivajinagar,,,Not Applicable,Personal & Car related issue,Not Applicable,Not Applicable,796,Not Applicable,0,,
2024-07-06 09:01:00,CNR5309470837,Success,CID386107,Prime SUV,Basavanagudi,Kengeri,280.0,30.0,Not Applicable,Not Applicable,No,Not Applicable,671,Cash,12,3.9,4.4
2024-07-18 23:36:00,CNR6929058844,Success,CID556609,Auto,JP Nagar,Magadi Road,287.0,65.0,Not Applicable,Not Applicable,No,Not Applicable,2735,Cash,8,4.6,4.4
2024-07-25 08:50:00,CNR2991144566,Driver Not Found,CID167174,Prime Plus,Bannerghatta Road,Koramangala,,,Not Applicable,Not Applicable,Not Applicable,Not Applicable,381,Not Applicable,0,,
2024-07-20 07:06:00,CNR9387858535,Success,CID664223,Prime SUV,Ramamurthy Nagar,Majestic,42.0,130.0,Not Applicable,Not Applicable,No,Not Applicable,176,UPI,9,4.4,3.0
2024-07-27 13:16:00,CNR9318311908,Success,CID817823,Bike,Indiranagar,MG Road,126.0,30.0,Not Applicable,Not Applicable,No,Not Applicable,855,Cash,17,3.2,3.6
2024-07-03 06:12:00,CNR4894302739,Success,CID970442,Auto,Banashankari,Chickpet,196.0,90.0,Not Applicable,Not Applicable,No,Not Applicable,444,UPI,12,4.4,3.4
2024-07-22 00:11:00,CNR7774273292,Canceled by Driver,CID420332,Prime Sedan,Chickpet,Bellandur,,,Not Applicable,Customer related issue,Not Applicable,Not Applicable,199,Not Applicable,0,,
2024-07-08 15:39:00,CNR9382314816,Canceled by Driver,CID314408,Prime Plus,Tumkur Road,Indiranagar,,,Not Applicable,Customer related issue,Not Applicable,Not Applicable,296,Not Applicable,0,,
2024-07-25 00:03:00,CNR2698152792,Canceled by Driver,CID779698,Prime Sedan,Shantinagar,Indiranagar,,,Not Applicable,Customer related issue,Not Applicable,Not Applicable,381,Not Applicable,0,,
2024-07-27 08:40:00,CNR7412678483,Canceled by Customer,CID360892,Prime SUV,Shantinagar,Nagarbhavi,,,Driver asked to cancel,Not Applicable,Not Applicable,Not Applicable,142,Not Applicable,0,,
2024-07-25 04:13:00,CNR8387410324,Success,CID821801,Mini,Sahakar Nagar,Hebbal,196.0,25.0,Not Applicable,Not Applicable,No,Not Applicable,193,Cash,8,3.7,4.8
2024-07-08 05:47:00,CNR9910213096,Success,CID525897,Prime SUV,Nagarbhavi,Peenya,42.0,55.0,Not Applicable,Not Applicable,No,Not Applicable,365,Cash,25,3.7,4.2
2024-07-29 17:09:00,CNR8705517920,Success,CID600661,Mini,RT Nagar,Magadi Road,161.0,40.0,Not Applicable,Not Applicable,No,Not Applicable,185,UPI,46,4.3,4.5
2024-07-14 19:08:00,CNR4645541850,Success,CID493271,Auto,Majestic,Rajarajeshwari Nagar,70.0,75.0,Not Applicable,Not Applicable,No,Not Applicable,273,UPI,14,3.3,4.6
2024-07-06 04:05:00,CNR6007158930,Success,CID371968,Prime Sedan,Malleshwaram,Varthur,140.0,75.0,Not Applicable,Not Applicable,No,Not Applicable,472,UPI,17,4.8,4.3
2024-07-05 01:32:00,CNR4848929522,Success,CID352381,Mini,Devanahalli,Ulsoor,280.0,65.0,Not Applicable,Not Applicable,No,Not Applicable,297,UPI,17,3.3,4.8
2024-07-24 09:43:00,CNR1287417834,Success,CID420092,Bike,Kammanahalli,JP Nagar,70.0,80.0,Not Applicable,Not Applicable,No,Not Applicable,2776,UPI,16,3.7,3.3
2024-07-15 21:19:00,CNR3689826949,Success,CID233871,Bike,Rajajinagar,Langford Town,308.0,95.0,Not Applicable,Not Applicable,No,Not Applicable,229,Cash,7,4.1,4.2
2024-07-23 13:38:00,CNR6804920024,Success,CID440565,Prime Sedan,Vijayanagar,Magadi Road,259.0,25.0,Not Applicable,Not Applicable,No,Not Applicable,300,Cash,43,3.7,3.1
2024-07-23 12:25:00,CNR5383921987,Success,CID366950,eBike,Varthur,Malleshwaram,77.0,80.0,Not Applicable,Not Applicable,No,Not Applicable,481,UPI,45,4.6,3.6
2024-07-05 00:16:00,CNR1731915592,Canceled by Driver,CID941675,Prime SUV,Hosur Road,Devanahalli,,,Not Applicable,Personal & Car related issue,Not Applicable,Not Applicable,122,Not Applicable,0,,
2024-07-22 18:53:00,CNR5225219585,Driver Not Found,CID820200,Auto,Basavanagudi,Ramamurthy Nagar,,,Not Applicable,Not Applicable,Not Applicable,Not Applicable,268,Not Applicable,0,,
2024-07-03 05:05:00,CNR4651377489,Success,CID576446,eBike,MG Road,Banashankari,287.0,135.0,Not Applicable,Not Applicable,No,Not Applicable,163,Cash,31,4.7,3.5
2024-07-04 20:06:00,CNR6961542678,Success,CID907522,Bike,Sahakar Nagar,KR Puram,280.0,40.0,Not Applicable,Not Applicable,No,Not Applicable,671,Cash,41,4.0,4.4
2024-07-10 13:17:00,CNR6545105792,Canceled by Customer,CID633595,Auto,RT Nagar,HSR Layout,,,AC is Not working,Not Applicable,Not Applicable,Not Applicable,216,Not Applicable,0,,
2024-07-01 15:14:00,CNR2789656102,Success,CID661153,Mini,Padmanabhanagar,Hebbal,301.0,130.0,Not Applicable,Not Applicable,No,Not Applicable,295,Cash,17,3.5,4.6
2024-07-05 18:16:00,CNR2753213890,Success,CID730341,Prime SUV,Vijayanagar,Hulimavu,161.0,100.0,Not Applicable,Not Applicable,Yes,Vehicle Breakdown,381,Cash,3,4.2,4.9
2024-07-07 23:28:00,CNR7917331296,Canceled by Customer,CID419911,Prime Sedan,KR Puram,Whitefield,,,AC is Not working,Not Applicable,Not Applicable,Not Applicable,894,Not Applicable,0,,
2024-07-26 06:18:00,CNR9236382523,Canceled by Driver,CID327620,Prime Plus,Yeshwanthpur,Sarjapur Road,,,Not Applicable,Personal & Car related issue,Not Applicable,Not Applicable,2494,Not Applicable,0,,
2024-07-19 21:36:00,CNR6825249198,Success,CID732002,Prime SUV,Kengeri,Shantinagar,49.0,105.0,Not Applicable,Not Applicable,No,Not Applicable,116,Cash,46,4.3,4.2
2024-07-16 15:24:00,CNR8565039936,Success,CID890446,eBike,Marathahalli,JP Nagar,147.0,70.0,Not Applicable,Not Applicable,No,Not Applicable,475,Cash,44,3.3,4.2
2024-07-06 14:28:00,CNR4684353833,Success,CID441979,Auto,MG Road,Peenya,259.0,40.0,Not Applicable,Not Applicable,Yes,Customer Demand,615,UPI,16,5.0,3.4
2024-07-11 18:35:00,CNR2860658237,Driver Not Found,CID241700,Prime SUV,Peenya,Whitefield,,,Not Applicable,Not Applicable,Not Applicable,Not Applicable,130,Not Applicable,0,,
2024-07-15 10:38:00,CNR7926547900,Success,CID697817,Mini,Shivajinagar,Hulimavu,203.0,75.0,Not Applicable,Not Applicable,No,Not Applicable,323,Cash,22,3.5,3.3
2024-07-27 13:12:00,CNR5636855712,Canceled by Customer,CID389255,Mini,Kengeri,Padmanabhanagar,,,AC is Not working,Not Applicable,Not Applicable,Not Applicable,230,Not Applicable,0,,
2024-07-11 11:37:00,CNR4833218122,Driver Not Found,CID796190,Prime Plus,RT Nagar,Magadi Road,,,Not Applicable,Not Applicable,Not Applicable,Not Applicable,198,Not Applicable,0,,
2024-07-16 01:27:00,CNR7015510876,Success,CID928776,Prime Plus,Electronic City,Indiranagar,203.0,70.0,Not Applicable,Not Applicable,No,Not Applicable,894,UPI,37,3.2,3.4
2024-07-18 00:30:00,CNR7154796508,Success,CID657229,eBike,Jayanagar,Ulsoor,273.0,145.0,Not Applicable,Not Applicable,No,Not Applicable,814,UPI,46,3.2,4.9
2024-07-29 05:53:00,CNR3006048636,Canceled by Customer,CID385679,eBike,Peenya,Marathahalli,,,Driver is not moving towards pickup location,Not Applicable,Not Applicable,Not Applicable,247,Not Applicable,0,,
2024-07-03 12:46:00,CNR8120785370,Success,CID829257,Bike,Magadi Road,Kadugodi,112.0,115.0,Not Applicable,Not Applicable,No,Not Applicable,560,Cash,38,4.3,3.4
2024-07-09 15:19:00,CNR4934010596,Canceled by Customer,CID188563,Auto,Electronic City,Koramangala,,,Driver is not moving towards pickup location,Not Applicable,Not Applicable,Not Applicable,386,Not Applicable,0,,
2024-07-11 06:39:00,CNR1110525611,Canceled by Driver,CID874395,Mini,Majestic,Rajajinagar,,,Not Applicable,Customer related issue,Not Applicable,Not Applicable,1707,Not Applicable,0,,
2024-07-10 08:49:00,CNR3854789754,Driver Not Found,CID109875,Prime SUV,Chickpet,Hulimavu,,,Not Applicable,Not Applicable,Not Applicable,Not Applicable,132,Not Applicable,0,,
2024-07-12 16:27:00,CNR5946269782,Driver Not Found,CID521664,Bike,Padmanabhanagar,Basavanagudi,,,Not Applicable,Not Applicable,Not Applicable,Not Applicable,261,Not Applicable,0,,
2024-07-20 21:56:00,CNR2291064910,Success,CID249233,Bike,Yeshwanthpur,Banashankari,196.0,35.0,Not Applicable,Not Applicable,No,Not Applicable,472,Cash,2,4.8,3.7
2024-07-20 21:36:00,CNR4022678398,Success,CID367635,Prime Plus,Whitefield,Electronic City,294.0,140.0,Not Applicable,Not Applicable,No,Not Applicable,365,Cash,37,3.0,3.7
2024-07-30 16:57:00,CNR1689794554,Canceled by Customer,CID973536,eBike,Hennur,Mysore Road,,,Driver asked to cancel,Not Applicable,Not Applicable,Not Applicable,260,Not Applicable,0,,
2024-07-24 06:59:00,CNR3914609570,Success,CID899049,Mini,Frazer Town,HSR Layout,112.0,140.0,Not Applicable,Not Applicable,No,Not Applicable,1623,UPI,24,4.6,4.4
2024-07-28 17:31:00,CNR7332596618,Canceled by Driver,CID544802,Auto,Kengeri,Kengeri,,,Not Applicable,More than permitted people in there,Not Applicable,Not Applicable,221,Not Applicable,0,,
2024-07-04 14:33:00,CNR9051824340,Success,CID994897,Bike,Yelahanka,Kammanahalli,161.0,95.0,Not Applicable,Not Applicable,No,Not Applicable,559,Cash,48,5.0,4.4
2024-07-10 00:31:00,CNR2617998067,Success,CID453664,Prime Sedan,Hosur Road,Yeshwanthpur,231.0,100.0,Not Applicable,Not Applicable,No,Not Applicable,945,Cash,22,5.0,3.5
2024-07-23 18:57:00,CNR9275549242,Success,CID991320,Mini,Hebbal,Yelahanka,238.0,70.0,Not Applicable,Not Applicable,No,Not Applicable,418,UPI,12,4.8,3.5
2024-07-22 08:55:00,CNR9945295034,Success,CID303637,Prime Plus,Hennur,Tumkur Road,42.0,140.0,Not Applicable,Not Applicable,No,Not Applicable,317,UPI,16,3.4,4.5
2024-07-22 04:48:00,CNR2209820729,Success,CID600068,Prime Plus,RT Nagar,Cox Town,273.0,40.0,Not Applicable,Not Applicable,No,Not Applicable,677,Cash,34,4.8,3.0
2024-07-24 07:24:00,CNR6872687244,Canceled by Driver,CID717483,Prime SUV,Langford Town,Whitefield,,,Not Applicable,Customer related issue,Not Applicable,Not Applicable,195,Not Applicable,0,,
2024-07-27 17:03:00,CNR7105860870,Driver Not Found,CID236110,Prime SUV,Banashankari,Yelahanka,,,Not Applicable,Not Applicable,Not Applicable,Not Applicable,376,Not Applicable,0,,
2024-07-10 14:34:00,CNR8896048781,Canceled by Driver,CID713766,Auto,Ulsoor,Hulimavu,,,Not Applicable,Personal & Car related issue,Not Applicable,Not Applicable,1763,Not Applicable,0,,
2024-07-15 22:04:00,CNR7612724693,Canceled by Driver,CID412998,Auto,Malleshwaram,Rajajinagar,,,Not Applicable,Customer was coughing/sick,Not Applicable,Not Applicable,148,Not Applicable,0,,
2024-07-23 14:49:00,CNR1201361090,Success,CID517009,Prime Plus,Kammanahalli,Hulimavu,56.0,125.0,Not Applicable,Not Applicable,No,Not Applicable,428,UPI,26,4.6,3.7
2024-07-21 03:39:00,CNR7281842396,Canceled by Driver,CID669440,eBike,Majestic,Hennur,,,Not Applicable,More than permitted people in there,Not Applicable,Not Applicable,492,Not Applicable,0,,
2024-07-18 22:32:00,CNR2449576375,Success,CID532069,Mini,Peenya,Banashankari,56.0,100.0,Not Applicable,Not Applicable,Yes,Vehicle Breakdown,861,UPI,24,5.0,4.8
2024-07-03 10:37:00,CNR9187459011,Success,CID371940,eBike,Yelahanka,Rajarajeshwari Nagar,196.0,105.0,Not Applicable,Not Applicable,No,Not Applicable,362,Cash,33,4.3,4.7
2024-07-14 18:57:00,CNR1136354960,Success,CID525641,Prime SUV,Varthur,Chickpet,224.0,70.0,Not Applicable,Not Applicable,No,Not Applicable,497,UPI,10,4.3,3.3
2024-07-24 15:55:00,CNR7040611889,Success,CID438726,eBike,Hulimavu,Kengeri,77.0,110.0,Not Applicable,Not Applicable,No,Not Applicable,1716,Cash,27,3.6,4.7
2024-07-19 16:33:00,CNR9532459333,Success,CID903011,Prime SUV,Varthur,Kadugodi,203.0,120.0,Not Applicable,Not Applicable,No,Not Applicable,663,UPI,22,3.4,3.7
2024-07-09 21:45:00,CNR1550279049,Success,CID677574,Auto,Marathahalli,Kengeri,203.0,145.0,Not Applicable,Not Applicable,No,Not Applicable,237,UPI,9,3.4,3.9
2024-07-19 08:40:00,CNR1038150334,Success,CID490236,Prime Plus,RT Nagar,Peenya,140.0,50.0,Not Applicable,Not Applicable,No,Not Applicable,681,UPI,28,4.9,4.5
2024-07-13 13:31:00,CNR9934638310,Success,CID288918,Bike,Peenya,Jayanagar,245.0,100.0,Not Applicable,Not Applicable,No,Not Applicable,144,Cash,4,4.0,4.9
2024-07-16 21:10:00,CNR7066504449,Success,CID863646,Bike,Indiranagar,Basavanagudi,112.0,70.0,Not Applicable,Not Applicable,No,Not Applicable,259,UPI,45,3.6,3.0
2024-07-07 16:20:00,CNR1324243499,Success,CID610676,eBike,Koramangala,Hennur,133.0,145.0,Not Applicable,Not Applicable,No,Not Applicable,260,Cash,12,4.8,4.3
2024-07-06 22:11:00,CNR8274668456,Success,CID288212,eBike,HSR Layout,Padmanabhanagar,147.0,145.0,Not Applicable,Not Applicable,No,Not Applicable,153,Cash,12,3.4,3.9
2024-07-19 22:46:00,CNR8258633103,Success,CID513359,Mini,Banashankari,Jayanagar,189.0,135.0,Not Applicable,Not Applicable,No,Not Applicable,390,Cash,35,3.5,3.7
2024-07-17 10:20:00,CNR8585702223,Canceled by Driver,CID162359,Mini,Koramangala,Sarjapur Road,,,Not Applicable,Customer was coughing/sick,Not Applicable,Not Applicable,466,Not Applicable,0,,
2024-07-25 11:45:00,CNR1924333247,Canceled by Driver,CID267734,Prime Plus,JP Nagar,Hebbal,,,Not Applicable,More than permitted people in there,Not Applicable,Not Applicable,506,Not Applicable,0,,
2024-07-18 10:49:00,CNR7286806086,Success,CID746376,Mini,Koramangala,Bannerghatta Road,98.0,75.0,Not Applicable,Not Applicable,No,Not Applicable,590,UPI,40,4.7,4.4
2024-07-01 09:02:00,CNR6971516611,Canceled by Driver,CID309711,Auto,Electronic City,Marathahalli,,,Not Applicable,Personal & Car related issue,Not Applicable,Not Applicable,134,Not Applicable,0,,
2024-07-13 06:37:00,CNR9086046344,Success,CID789612,Prime Plus,Whitefield,JP Nagar,196.0,45.0,Not Applicable,Not Applicable,No,Not Applicable,124,Debit Card,32,3.4,4.8
2024-07-10 15:53:00,CNR5897815904,Success,CID260526,Prime Sedan,Sarjapur Road,Peenya,84.0,85.0,Not Applicable,Not Applicable,No,Not Applicable,183,Cash,45,3.5,3.5
2024-07-22 09:36:00,CNR4487235690,Success,CID988198,Bike,Banashankari,Majestic,182.0,100.0,Not Applicable,Not Applicable,No,Not Applicable,418,Cash,48,3.5,4.5
2024-07-30 03:09:00,CNR7595924461,Canceled by Driver,CID854332,Prime SUV,Bannerghatta Road,Mysore Road,,,Not Applicable,Customer was coughing/sick,Not Applicable,Not Applicable,121,Not Applicable,0,,
2024-07-08 13:53:00,CNR6468958510,Success,CID379736,eBike,Sarjapur Road,Nagarbhavi,238.0,45.0,Not Applicable,Not Applicable,Yes,Customer Demand,363,Cash,29,4.3,4.5
2024-07-16 11:15:00,CNR7363102351,Success,CID556253,Auto,JP Nagar,Hennur,203.0,45.0,Not Applicable,Not Applicable,No,Not Applicable,1907,UPI,19,3.6,4.1
2024-07-29 17:28:00,CNR1653278281,Success,CID749120,Bike,Bannerghatta Road,RT Nagar,245.0,25.0,Not Applicable,Not Applicable,No,Not Applicable,278,Cash,2,3.2,4.0
2024-07-17 22:46:00,CNR1542521868,Success,CID254140,Prime SUV,Hennur,Electronic City,245.0,30.0,Not Applicable,Not Applicable,No,Not Applicable,199,UPI,25,4.6,3.6
2024-07-15 07:08:00,CNR9959724437,Success,CID781333,Auto,KR Puram,MG Road,231.0,75.0,Not Applicable,Not Applicable,No,Not Applicable,446,UPI,10,3.8,5.0
2024-07-28 13:58:00,CNR4153797412,Canceled by Customer,CID572073,Prime SUV,Shantinagar,Nagarbhavi,,,Driver is not moving towards pickup location,Not Applicable,Not Applicable,Not Applicable,655,Not Applicable,0,,
2024-07-06 10:15:00,CNR7600465251,Canceled by Driver,CID221210,Mini,Kadugodi,Rajarajeshwari Nagar,,,Not Applicable,Customer related issue,Not Applicable,Not Applicable,451,Not Applicable,0,,
2024-07-13 18:44:00,CNR6184667764,Success,CID307442,Prime Plus,Jayanagar,Jayanagar,245.0,70.0,Not Applicable,Not Applicable,No,Not Applicable,1380,Debit Card,24,3.3,4.4
2024-07-01 03:30:00,CNR1781565482,Canceled by Customer,CID360792,Bike,Magadi Road,Sahakar Nagar,,,Driver is not moving towards pickup location,Not Applicable,Not Applicable,Not Applicable,217,Not Applicable,0,,
2024-07-08 03:52:00,CNR2110034512,Success,CID903092,eBike,Hebbal,Kammanahalli,161.0,110.0,Not Applicable,Not Applicable,Yes,Vehicle Breakdown,342,Cash,10,4.4,3.4
2024-07-25 09:39:00,CNR5133678601,Success,CID289312,Mini,KR Puram,Sarjapur Road,140.0,120.0,Not Applicable,Not Applicable,No,Not Applicable,320,Cash,9,3.3,3.9
2024-07-20 12:44:00,CNR4984355685,Success,CID867105,Prime Plus,Bellandur,Tumkur Road,63.0,75.0,Not Applicable,Not Applicable,Yes,Vehicle Breakdown,457,Credit Card,30,3.9,4.5
2024-07-17 02:20:00,CNR8260339690,Success,CID127118,Bike,Richmond Town,Peenya,77.0,45.0,Not Applicable,Not Applicable,No,Not Applicable,620,Cash,33,4.1,3.1
2024-07-29 18:16:00,CNR6258572056,Canceled by Customer,CID151814,Prime SUV,Koramangala,Banashankari,,,Driver asked to cancel,Not Applicable,Not Applicable,Not Applicable,299,Not Applicable,0,,
2024-07-01 05:57:00,CNR3433381402,Success,CID637298,Auto,Jayanagar,Tumkur Road,287.0,145.0,Not Applicable,Not Applicable,Yes,Other Issue,401,UPI,3,4.5,3.5
2024-07-16 12:02:00,CNR6585511305,Success,CID540380,eBike,Rajarajeshwari Nagar,HSR Layout,77.0,30.0,Not Applicable,Not Applicable,No,Not Applicable,972,UPI,5,3.9,3.8
2024-07-08 07:05:00,CNR6205132779,Success,CID249194,Mini,Jayanagar,Jayanagar,175.0,70.0,Not Applicable,Not Applicable,No,Not Applicable,257,UPI,5,3.1,4.8
2024-07-10 22:00:00,CNR6450708418,Success,CID228663,Bike,Shivajinagar,Ramamurthy Nagar,91.0,35.0,Not Applicable,Not Applicable,No,Not Applicable,631,UPI,29,3.9,3.2
2024-07-29 17:27:00,CNR7085938387,Success,CID798958,Bike,Marathahalli,Majestic,126.0,70.0,Not Applicable,Not Applicable,Yes,Other Issue,464,Cash,35,3.4,4.5
2024-07-14 16:06:00,CNR4681063569,Driver Not Found,CID908289,Auto,Hulimavu,Hulimavu,,,Not Applicable,Not Applicable,Not Applicable,Not Applicable,277,Not Applicable,0,,
2024-07-11 04:16:00,CNR1377109542,Success,CID175567,Prime SUV,Hennur,Devanahalli,49.0,65.0,Not Applicable,Not Applicable,No,Not Applicable,459,UPI,36,3.1,3.9
2024-07-08 16:11:00,CNR9268175086,Success,CID930414,Auto,Devanahalli,Marathahalli,84.0,100.0,Not Applicable,Not Applicable,No,Not Applicable,164,UPI,7,4.9,3.8
2024-07-24 03:11:00,CNR7804934371,Canceled by Driver,CID315518,Prime Sedan,Basavanagudi,Langford Town,,,Not Applicable,Personal & Car related issue,Not Applicable,Not Applicable,173,Not Applicable,0,,
2024-07-22 08:40:00,CNR7780939439,Success,CID866064,Auto,Bannerghatta Road,Hulimavu,161.0,40.0,Not Applicable,Not Applicable,Yes,Customer Demand,793,Cash,2,4.8,4.5
2024-07-07 20:14:00,CNR1473658657,Success,CID356011,Prime Sedan,Frazer Town,Koramangala,56.0,115.0,Not Applicable,Not Applicable,No,Not Applicable,507,UPI,33,4.6,4.9
2024-07-04 13:53:00,CNR2814557616,Canceled by Driver,CID170287,Auto,Shivajinagar,Majestic,,,Not Applicable,Customer related issue,Not Applicable,Not Applicable,161,Not Applicable,0,,
2024-07-10 19:37:00,CNR1018819635,Success,CID637924,Auto,Ulsoor,Yeshwanthpur,273.0,130.0,Not Applicable,Not Applicable,No,Not Applicable,2712,UPI,16,3.4,3.1
2024-07-07 21:08:00,CNR4366066011,Driver Not Found,CID894643,Prime SUV,RT Nagar,BTM Layout,,,Not Applicable,Not Applicable,Not Applicable,Not Applicable,678,Not Applicable,0,,
2024-07-11 21:12:00,CNR3150541031,Success,CID234331,Prime Plus,Shivajinagar,MG Road,161.0,60.0,Not Applicable,Not Applicable,No,Not Applicable,339,Cash,11,3.4,4.7
2024-07-30 09:08:00,CNR1935237777,Success,CID415971,eBike,Shantinagar,Chickpet,259.0,75.0,Not Applicable,Not Applicable,No,Not Applicable,421,Cash,25,4.1,4.1
2024-07-19 20:29:00,CNR4098309933,Canceled by Customer,CID884593,eBike,MG Road,Langford Town,,,Change of plans,Not Applicable,Not Applicable,Not Applicable,133,Not Applicable,0,,
2024-07-27 10:36:00,CNR8585700487,Canceled by Customer,CID581053,Auto,Yeshwanthpur,Kadugodi,,,Change of plans,Not Applicable,Not Applicable,Not Applicable,102,Not Applicable,0,,
2024-07-09 01:31:00,CNR9838114312,Success,CID333330,eBike,Yelahanka,Mysore Road,126.0,85.0,Not Applicable,Not Applicable,No,Not Applicable,395,Cash,37,4.1,3.6
2024-07-29 15:30:00,CNR1249709629,Driver Not Found,CID301718,Auto,BTM Layout,Chamarajpet,,,Not Applicable,Not Applicable,Not Applicable,Not Applicable,193,Not Applicable,0,,
2024-07-02 07:26:00,CNR2710198342,Success,CID767417,Prime Sedan,KR Puram,Sarjapur Road,266.0,95.0,Not Applicable,Not Applicable,No,Not Applicable,902,UPI,9,4.0,4.4
2024-07-15 18:16:00,CNR9164841410,Driver Not Found,CID175333,Prime SUV,Shivajinagar,Hulimavu,,,Not Applicable,Not Applicable,Not Applicable,Not Applicable,246,Not Applicable,0,,
2024-07-19 15:31:00,CNR7806098026,Success,CID660625,Bike,MG Road,Chickpet,70.0,30.0,Not Applicable,Not Applicable,No,Not Applicable,221,UPI,45,4.3,4.3
2024-07-20 03:21:00,CNR5066652770,Canceled by Driver,CID557325,Auto,Rajarajeshwari Nagar,Mysore Road,,,Not Applicable,Personal & Car related issue,Not Applicable,Not Applicable,180,Not Applicable,0,,
2024-07-17 14:31:00,CNR6952175865,Success,CID133082,Auto,Shantinagar,Whitefield,182.0,25.0,Not Applicable,Not Applicable,No,Not Applicable,322,Cash,1,4.9,4.9
2024-07-19 08:01:00,CNR8859502884,Canceled by Driver,CID348475,Prime Plus,KR Puram,Shivajinagar,,,Not Applicable,Personal & Car related issue,Not Applicable,Not Applicable,439,Not Applicable,0,,
2024-07-23 01:04:00,CNR4098557374,Success,CID775676,Prime Sedan,Frazer Town,HSR Layout,245.0,135.0,Not Applicable,Not Applicable,No,Not Applicable,434,Cash,21,3.8,4.8
2024-07-14 19:16:00,CNR2569093863,Success,CID913676,eBike,Indiranagar,Rajajinagar,161.0,50.0,Not Applicable,Not Applicable,No,Not Applicable,139,Cash,41,4.5,3.1
2024-07-19 17:45:00,CNR8309655258,Success,CID108967,Prime SUV,Ramamurthy Nagar,Malleshwaram,84.0,110.0,Not Applicable,Not Applicable,No,Not Applicable,1714,UPI,28,3.3,3.1
2024-07-10 14:26:00,CNR6363479035,Canceled by Customer,CID433520,Prime Sedan,Sahakar Nagar,Vijayanagar,,,Wrong Address,Not Applicable,Not Applicable,Not Applicable,830,Not Applicable,0,,
2024-07-14 22:00:00,CNR3854299318,Driver Not Found,CID592878,Mini,Varthur,Basavanagudi,,,Not Applicable,Not Applicable,Not Applicable,Not Applicable,323,Not Applicable,0,,
2024-07-09 10:32:00,CNR8380913736,Success,CID219137,Bike,Hennur,Bellandur,147.0,145.0,Not Applicable,Not Applicable,No,Not Applicable,226,UPI,31,3.7,3.6
2024-07-20 09:52:00,CNR2530335323,Success,CID430116,Prime Plus,Kengeri,Bannerghatta Road,196.0,115.0,Not Applicable,Not Applicable,No,Not Applicable,335,UPI,6,4.5,3.2
2024-07-20 22:47:00,CNR2697505711,Success,CID801140,Prime Sedan,Rajajinagar,Indiranagar,301.0,40.0,Not Applicable,Not Applicable,No,Not Applicable,166,Cash,42,4.1,4.9
2024-07-04 22:09:00,CNR2149085004,Success,CID885267,Mini,Whitefield,Shivajinagar,98.0,40.0,Not Applicable,Not Applicable,Yes,Customer Demand,400,UPI,25,4.8,3.1
2024-07-29 21:29:00,CNR8693012799,Success,CID758663,eBike,Chamarajpet,Sahakar Nagar,112.0,30.0,Not Applicable,Not Applicable,No,Not Applicable,574,Cash,49,4.6,3.1
2024-07-29 04:43:00,CNR5557492569,Canceled by Driver,CID678384,Auto,Bannerghatta Road,Chamarajpet,,,Not Applicable,Personal & Car related issue,Not Applicable,Not Applicable,238,Not Applicable,0,,
2024-07-19 10:07:00,CNR1697831226,Success,CID656687,eBike,Shantinagar,Peenya,70.0,135.0,Not Applicable,Not Applicable,No,Not Applicable,723,UPI,3,3.2,3.4
2024-07-11 05:30:00,CNR1633298390,Success,CID293365,Bike,Ulsoor,Shantinagar,203.0,35.0,Not Applicable,Not Applicable,No,Not Applicable,468,Cash,43,3.2,4.9
2024-07-14 22:19:00,CNR3232426844,Canceled by Customer,CID464662,Prime SUV,Varthur,Padmanabhanagar,,,AC is Not working,Not Applicable,Not Applicable,Not Applicable,401,Not Applicable,0,,
2024-07-27 02:42:00,CNR2394640249,Success,CID338032,Prime SUV,MG Road,Electronic City,35.0,75.0,Not Applicable,Not Applicable,No,Not Applicable,480,Cash,39,4.5,4.5
2024-07-28 22:41:00,CNR6809743744,Success,CID596136,eBike,Rajarajeshwari Nagar,Jayanagar,133.0,90.0,Not Applicable,Not Applicable,No,Not Applicable,458,UPI,3,4.6,3.2
2024-07-29 01:21:00,CNR2726187480,Canceled by Customer,CID352086,Mini,Hebbal,Peenya,,,AC is Not working,Not Applicable,Not Applicable,Not Applicable,215,Not Applicable,0,,
2024-07-17 20:19:00,CNR5425241137,Driver Not Found,CID783977,Prime Sedan,Magadi Road,Varthur,,,Not Applicable,Not Applicable,Not Applicable,Not Applicable,149,Not Applicable,0,,
2024-07-24 19:18:00,CNR4307860863,Canceled by Driver,CID398409,Auto,Whitefield,MG Road,,,Not Applicable,Personal & Car related issue,Not Applicable,Not Applicable,358,Not Applicable,0,,
2024-07-02 17:02:00,CNR5769466486,Canceled by Driver,CID599889,Prime SUV,Padmanabhanagar,Malleshwaram,,,Not Applicable,More than permitted people in there,Not Applicable,Not Applicable,173,Not Applicable,0,,
2024-07-15 13:35:00,CNR8592211985,Success,CID934559,eBike,Koramangala,Bannerghatta Road,42.0,115.0,Not Applicable,Not Applicable,No,Not Applicable,456,Cash,27,4.1,4.5
2024-07-28 12:56:00,CNR7192506285,Success,CID500462,Prime Plus,Whitefield,Nagarbhavi,63.0,115.0,Not Applicable,Not Applicable,No,Not Applicable,466,Cash,7,5.0,4.9
2024-07-14 06:33:00,CNR1361783609,Success,CID801136,Prime Plus,Nagarbhavi,Yeshwanthpur,168.0,75.0,Not Applicable,Not Applicable,No,Not Applicable,279,UPI,36,3.6,3.4
2024-07-15 21:37:00,CNR6925452906,Success,CID584835,Prime SUV,Shantinagar,Hebbal,154.0,130.0,Not Applicable,Not Applicable,No,Not Applicable,2127,Cash,45,3.3,3.7
2024-07-13 09:06:00,CNR8629801394,Success,CID566031,eBike,Sarjapur Road,Devanahalli,133.0,95.0,Not Applicable,Not Applicable,No,Not Applicable,279,UPI,1,4.0,4.7
2024-07-08 15:24:00,CNR5314393915,Canceled by Customer,CID184572,Bike,Frazer Town,Shivajinagar,,,Driver is not moving towards pickup location,Not Applicable,Not Applicable,Not Applicable,613,Not Applicable,0,,
2024-07-11 05:49:00,CNR8881306029,Success,CID988962,eBike,Shantinagar,Magadi Road,252.0,135.0,Not Applicable,Not Applicable,No,Not Applicable,121,Cash,49,4.3,3.4
2024-07-11 10:28:00,CNR8285225963,Canceled by Customer,CID726669,Mini,Bellandur,Cox Town,,,Driver is not moving towards pickup location,Not Applicable,Not Applicable,Not Applicable,341,Not Applicable,0,,
2024-07-16 01:14:00,CNR3853330428,Success,CID495480,Bike,Bellandur,Basavanagudi,112.0,105.0,Not Applicable,Not Applicable,No,Not Applicable,438,Cash,47,3.0,3.6
2024-07-13 08:45:00,CNR8000118725,Canceled by Driver,CID362435,Auto,Malleshwaram,RT Nagar,,,Not Applicable,More than permitted people in there,Not Applicable,Not Applicable,492,Not Applicable,0,,
2024-07-16 14:16:00,CNR9035744764,Success,CID762671,eBike,Whitefield,Sahakar Nagar,35.0,60.0,Not Applicable,Not Applicable,No,Not Applicable,202,Cash,48,3.4,4.5
2024-07-12 00:14:00,CNR2886350929,Driver Not Found,CID845816,Prime Sedan,Shivajinagar,Banashankari,,,Not Applicable,Not Applicable,Not Applicable,Not Applicable,481,Not Applicable,0,,
2024-07-28 22:52:00,CNR8224654168,Canceled by Driver,CID122867,Prime Sedan,Majestic,Koramangala,,,Not Applicable,Customer related issue,Not Applicable,Not Applicable,485,Not Applicable,0,,
2024-07-28 23:36:00,CNR3208493489,Success,CID907211,Prime SUV,Ulsoor,KR Puram,133.0,35.0,Not Applicable,Not Applicable,No,Not Applicable,256,UPI,22,3.2,3.2
2024-07-15 10:02:00,CNR3331347461,Success,CID127752,eBike,Hosur Road,Frazer Town,308.0,105.0,Not Applicable,Not Applicable,No,Not Applicable,324,Cash,33,4.5,4.5
2024-07-18 14:33:00,CNR8554590041,Success,CID815704,Prime SUV,Bannerghatta Road,Basavanagudi,49.0,135.0,Not Applicable,Not Applicable,Yes,Customer Demand,618,Cash,7,4.5,3.7
2024-07-21 09:47:00,CNR1698187989,Success,CID912415,Auto,Shivajinagar,Magadi Road,77.0,60.0,Not Applicable,Not Applicable,No,Not Applicable,2588,Cash,1,4.8,3.8
2024-07-17 05:51:00,CNR6126067570,Canceled by Customer,CID604190,Prime Plus,Hosur Road,Padmanabhanagar,,,Driver is not moving towards pickup location,Not Applicable,Not Applicable,Not Applicable,343,Not Applicable,0,,
2024-07-23 08:19:00,CNR8651839046,Success,CID743234,Bike,RT Nagar,Richmond Town,49.0,50.0,Not Applicable,Not Applicable,Yes,Vehicle Breakdown,461,Cash,46,3.6,4.4
2024-07-06 19:53:00,CNR6494211381,Canceled by Driver,CID204087,Prime SUV,Kengeri,Richmond Town,,,Not Applicable,Customer related issue,Not Applicable,Not Applicable,307,Not Applicable,0,,
2024-07-13 02:45:00,CNR4285923842,Success,CID235944,Auto,Cox Town,Varthur,294.0,25.0,Not Applicable,Not Applicable,Yes,Other Issue,1087,Cash,1,4.3,4.2
2024-07-20 03:24:00,CNR6224268696,Driver Not Found,CID778834,Prime SUV,Jayanagar,Majestic,,,Not Applicable,Not Applicable,Not Applicable,Not Applicable,488,Not Applicable,0,,
2024-07-11 07:03:00,CNR6551008068,Canceled by Customer,CID691629,Prime SUV,MG Road,Bannerghatta Road,,,Driver is not moving towards pickup location,Not Applicable,Not Applicable,Not Applicable,236,Not Applicable,0,,
2024-07-01 13:15:00,CNR8683366882,Success,CID910136,Bike,Malleshwaram,Malleshwaram,273.0,75.0,Not Applicable,Not Applicable,No,Not Applicable,281,Cash,44,4.3,3.6
2024-07-09 05:36:00,CNR6698525561,Success,CID109577,Auto,Yelahanka,Frazer Town,56.0,145.0,Not Applicable,Not Applicable,No,Not Applicable,306,UPI,16,4.5,3.5
2024-07-12 17:41:00,CNR9582194591,Success,CID417593,eBike,Sahakar Nagar,Hosur Road,196.0,25.0,Not Applicable,Not Applicable,No,Not Applicable,908,UPI,24,3.1,4.1
2024-07-30 20:23:00,CNR5113360410,Success,CID846971,Mini,Marathahalli,Majestic,56.0,90.0,Not Applicable,Not Applicable,No,Not Applicable,2544,UPI,46,3.4,4.6
2024-07-20 23:38:00,CNR2531055791,Canceled by Customer,CID867284,Prime Plus,KR Puram,Nagarbhavi,,,Driver asked to cancel,Not Applicable,Not Applicable,Not Applicable,117,Not Applicable,0,,
2024-07-20 20:28:00,CNR2795591657,Success,CID492269,Prime Plus,Frazer Town,Chickpet,119.0,105.0,Not Applicable,Not Applicable,No,Not Applicable,384,UPI,31,4.1,4.4
2024-07-18 10:22:00,CNR1780251091,Canceled by Customer,CID469926,Prime Sedan,Bannerghatta Road,MG Road,,,Driver asked to cancel,Not Applicable,Not Applicable,Not Applicable,2953,Not Applicable,0,,
2024-07-02 07:05:00,CNR5344772750,Success,CID987853,Prime SUV,Ulsoor,Indiranagar,294.0,50.0,Not Applicable,Not Applicable,No,Not Applicable,450,UPI,46,4.8,3.2
2024-07-17 12:30:00,CNR5130738986,Driver Not Found,CID683622,Bike,Whitefield,Chickpet,,,Not Applicable,Not Applicable,Not Applicable,Not Applicable,244,Not Applicable,0,,
2024-07-03 17:34:00,CNR9551656866,Success,CID467693,Mini,Malleshwaram,Hosur Road,238.0,40.0,Not Applicable,Not Applicable,No,Not Applicable,742,UPI,7,3.7,5.0
2024-07-27 04:23:00,CNR6200683668,Canceled by Driver,CID521701,eBike,Rajarajeshwari Nagar,Sahakar Nagar,,,Not Applicable,Customer related issue,Not Applicable,Not Applicable,2100,Not Applicable,0,,
2024-07-29 06:58:00,CNR7166539765,Canceled by Driver,CID570894,Bike,Shantinagar,Sahakar Nagar,,,Not Applicable,Customer was coughing/sick,Not Applicable,Not Applicable,310,Not Applicable,0,,
2024-07-14 07:44:00,CNR7126713897,Success,CID216721,Prime Plus,KR Puram,Chamarajpet,224.0,50.0,Not Applicable,Not Applicable,No,Not Applicable,507,Cash,40,4.7,3.6
2024-07-12 16:40:00,CNR9069947437,Canceled by Driver,CID229551,Bike,Chamarajpet,Richmond Town,,,Not Applicable,Personal & Car related issue,Not Applicable,Not Applicable,248,Not Applicable,0,,
2024-07-17 14:09:00,CNR5913536009,Canceled by Driver,CID812100,Bike,Mysore Road,Bellandur,,,Not Applicable,Personal & Car related issue,Not Applicable,Not Applicable,993,Not Applicable,0,,
2024-07-02 11:08:00,CNR5765050430,Canceled by Driver,CID219102,Prime Plus,Ulsoor,Shivajinagar,,,Not Applicable,Personal & Car related issue,Not Applicable,Not Applicable,2769,Not Applicable,0,,
2024-07-03 09:41:00,CNR4365284788,Canceled by Customer,CID440731,eBike,Kammanahalli,Jayanagar,,,Driver is not moving towards pickup location,Not Applicable,Not Applicable,Not Applicable,228,Not Applicable,0,,
2024-07-28 11:08:00,CNR3305567696,Canceled by Customer,CID113204,Prime Sedan,Rajajinagar,Kengeri,,,Wrong Address,Not Applicable,Not Applicable,Not Applicable,323,Not Applicable,0,,
2024-07-24 19:09:00,CNR2430978079,Success,CID669869,Mini,RT Nagar,Sarjapur Road,238.0,80.0,Not Applicable,Not Applicable,No,Not Applicable,476,Cash,46,4.3,4.8
2024-07-17 06:53:00,CNR9250792112,Success,CID282178,Prime Sedan,Magadi Road,Bellandur,168.0,25.0,Not Applicable,Not Applicable,No,Not Applicable,934,Cash,26,4.0,3.4
2024-07-02 08:37:00,CNR8830740347,Success,CID284021,Mini,Yelahanka,Kadugodi,119.0,65.0,Not Applicable,Not Applicable,No,Not Applicable,444,Cash,27,4.4,3.5
2024-07-22 18:52:00,CNR3846329792,Canceled by Driver,CID466825,Prime SUV,Langford Town,Nagarbhavi,,,Not Applicable,Personal & Car related issue,Not Applicable,Not Applicable,337,Not Applicable,0,,
2024-07-27 08:55:00,CNR3835229633,Success,CID762401,Auto,Shantinagar,Marathahalli,49.0,40.0,Not Applicable,Not Applicable,No,Not Applicable,447,UPI,7,4.9,5.0
2024-07-21 00:04:00,CNR3777737195,Success,CID706855,Auto,Hulimavu,MG Road,56.0,65.0,Not Applicable,Not Applicable,No,Not Applicable,281,UPI,10,3.4,3.7
2024-07-03 09:03:00,CNR8740811068,Success,CID663349,eBike,Electronic City,Majestic,35.0,130.0,Not Applicable,Not Applicable,No,Not Applicable,120,UPI,23,3.1,3.3
2024-07-09 10:06:00,CNR7513063066,Canceled by Customer,CID855748,eBike,Nagarbhavi,Kammanahalli,,,Change of plans,Not Applicable,Not Applicable,Not Applicable,402,Not Applicable,0,,
2024-07-18 23:54:00,CNR5127476124,Success,CID489281,Prime Sedan,Majestic,Yelahanka,70.0,80.0,Not Applicable,Not Applicable,No,Not Applicable,244,Cash,20,3.3,4.1
2024-07-25 02:00:00,CNR3855104956,Success,CID654696,Bike,Yeshwanthpur,Chamarajpet,308.0,130.0,Not Applicable,Not Applicable,No,Not Applicable,854,Cash,33,4.1,3.6
2024-07-11 21:44:00,CNR1026708050,Canceled by Customer,CID812440,Mini,Padmanabhanagar,Chickpet,,,Driver asked to cancel,Not Applicable,Not Applicable,Not Applicable,2790,Not Applicable,0,,
2024-07-02 08:12:00,CNR3194334749,Canceled by Driver,CID944348,Auto,Langford Town,Majestic,,,Not Applicable,Personal & Car related issue,Not Applicable,Not Applicable,183,Not Applicable,0,,
2024-07-09 05:53:00,CNR8830278601,Success,CID330918,Mini,Mysore Road,Frazer Town,266.0,105.0,Not Applicable,Not Applicable,No,Not Applicable,709,UPI,44,4.6,4.4
2024-07-15 21:17:00,CNR1455834756,Success,CID339516,Prime Sedan,Chamarajpet,Peenya,42.0,95.0,Not Applicable,Not Applicable,No,Not Applicable,300,Cash,28,5.0,4.5
2024-07-09 17:26:00,CNR9832242422,Success,CID292580,Bike,Banashankari,Jayanagar,112.0,130.0,Not Applicable,Not Applicable,No,Not Applicable,129,UPI,24,3.4,3.7
2024-07-18 22:12:00,CNR4730538498,Success,CID139277,eBike,Majestic,Ramamurthy Nagar,133.0,45.0,Not Applicable,Not Applicable,Yes,Vehicle Breakdown,255,Cash,3,4.4,4.2
2024-07-12 13:00:00,CNR5759299680,Canceled by Driver,CID108132,Prime Plus,Hebbal,Devanahalli,,,Not Applicable,Customer related issue,Not Applicable,Not Applicable,298,Not Applicable,0,,
2024-07-14 17:38:00,CNR3659714356,Canceled by Customer,CID499398,eBike,Magadi Road,HSR Layout,,,Driver asked to cancel,Not Applicable,Not Applicable,Not Applicable,767,Not Applicable,0,,
2024-07-15 06:04:00,CNR6791998017,Canceled by Driver,CID905167,eBike,Magadi Road,Yeshwanthpur,,,Not Applicable,Personal & Car related issue,Not Applicable,Not Applicable,241,Not Applicable,0,,
2024-07-02 09:11:00,CNR4214411556,Success,CID773807,Prime SUV,Frazer Town,Hulimavu,119.0,70.0,Not Applicable,Not Applicable,No,Not Applicable,2413,Credit Card,16,3.7,4.2
2024-07-22 03:02:00,CNR8331264301,Canceled by Driver,CID406843,Prime Sedan,Nagarbhavi,Hennur,,,Not Applicable,Customer related issue,Not Applicable,Not Applicable,109,Not Applicable,0,,
2024-07-20 11:20:00,CNR8675593192,Success,CID513742,Prime Plus,JP Nagar,MG Road,147.0,80.0,Not Applicable,Not Applicable,No,Not Applicable,203,Cash,12,4.4,3.0
2024-07-21 19:00:00,CNR8582806465,Canceled by Driver,CID947377,eBike,Hebbal,Koramangala,,,Not Applicable,More than permitted people in there,Not Applicable,Not Applicable,940,Not Applicable,0,,
2024-07-18 15:49:00,CNR4655810700,Success,CID843623,eBike,Whitefield,JP Nagar,210.0,30.0,Not Applicable,Not Applicable,No,Not Applicable,744,UPI,45,3.3,4.4
2024-07-28 01:22:00,CNR8652390507,Success,CID658673,Bike,Kengeri,Devanahalli,105.0,60.0,Not Applicable,Not Applicable,No,Not Applicable,459,Cash,48,4.8,3.9
2024-07-18 03:37:00,CNR6000776340,Success,CID468030,Prime Plus,Varthur,Basavanagudi,140.0,120.0,Not Applicable,Not Applicable,No,Not Applicable,361,UPI,18,3.1,3.2
2024-07-17 04:58:00,CNR7883354388,Success,CID795462,Mini,HSR Layout,Jayanagar,182.0,120.0,Not Applicable,Not Applicable,No,Not Applicable,383,UPI,32,3.2,3.0
2024-07-22 11:56:00,CNR1828141983,Success,CID119016,Mini,Kengeri,Banashankari,161.0,120.0,Not Applicable,Not Applicable,No,Not Applicable,483,Cash,32,4.6,5.0
2024-07-06 22:05:00,CNR3403782591,Driver Not Found,CID563973,Bike,Padmanabhanagar,Basavanagudi,,,Not Applicable,Not Applicable,Not Applicable,Not Applicable,257,Not Applicable,0,,
2024-07-04 11:04:00,CNR7457166114,Success,CID693787,Bike,Whitefield,Kadugodi,210.0,95.0,Not Applicable,Not Applicable,No,Not Applicable,369,UPI,42,3.8,4.5
2024-07-15 02:52:00,CNR8072754436,Canceled by Driver,CID338839,Bike,Frazer Town,Richmond Town,,,Not Applicable,Customer related issue,Not Applicable,Not Applicable,225,Not Applicable,0,,
2024-07-20 00:55:00,CNR8359820269,Success,CID366426,Prime SUV,Chickpet,Chickpet,168.0,135.0,Not Applicable,Not Applicable,No,Not Applicable,374,UPI,47,4.9,4.2
2024-07-03 08:23:00,CNR7412632970,Success,CID614459,Mini,Whitefield,Yeshwanthpur,175.0,30.0,Not Applicable,Not Applicable,No,Not Applicable,260,UPI,26,3.9,3.0
2024-07-12 13:35:00,CNR7102339579,Success,CID329623,eBike,Ulsoor,Bannerghatta Road,105.0,30.0,Not Applicable,Not Applicable,No,Not Applicable,435,UPI,20,4.9,4.1
2024-07-19 07:48:00,CNR1227783555,Success,CID888575,Prime SUV,HSR Layout,Electronic City,98.0,70.0,Not Applicable,Not Applicable,No,Not Applicable,161,Cash,11,3.7,4.9
2024-07-04 02:50:00,CNR4473240544,Success,CID828597,Prime Sedan,Ulsoor,Bellandur,266.0,50.0,Not Applicable,Not Applicable,No,Not Applicable,955,Cash,9,4.3,4.3
2024-07-05 18:11:00,CNR1384189529,Success,CID412452,Prime SUV,MG Road,Rajarajeshwari Nagar,203.0,80.0,Not Applicable,Not Applicable,No,Not Applicable,396,Cash,11,3.5,4.9
2024-07-04 16:47:00,CNR1680697779,Canceled by Customer,CID269181,eBike,Sarjapur Road,Richmond Town,,,Driver asked to cancel,Not Applicable,Not Applicable,Not Applicable,496,Not Applicable,0,,
2024-07-08 00:08:00,CNR8809507217,Canceled by Customer,CID817647,Auto,Marathahalli,Yelahanka,,,Wrong Address,Not Applicable,Not Applicable,Not Applicable,986,Not Applicable,0,,
2024-07-13 13:33:00,CNR2471601296,Success,CID430020,eBike,RT Nagar,BTM Layout,259.0,140.0,Not Applicable,Not Applicable,No,Not Applicable,957,Cash,29,3.5,3.1
2024-07-04 05:10:00,CNR5047444432,Success,CID884511,Prime Sedan,Frazer Town,Langford Town,126.0,80.0,Not Applicable,Not Applicable,No,Not Applicable,594,Cash,1,3.7,4.1
2024-07-26 11:12:00,CNR1989668986,Success,CID390362,Mini,Yelahanka,Frazer Town,224.0,45.0,Not Applicable,Not Applicable,No,Not Applicable,498,UPI,41,4.2,4.9
2024-07-02 23:01:00,CNR6517214326,Success,CID754678,Mini,Bannerghatta Road,Sahakar Nagar,119.0,30.0,Not Applicable,Not Applicable,No,Not Applicable,347,Cash,4,4.5,4.2
2024-07-19 06:46:00,CNR1973043665,Driver Not Found,CID529452,Prime Plus,Hebbal,Magadi Road,,,Not Applicable,Not Applicable,Not Applicable,Not Applicable,681,Not Applicable,0,,
2024-07-02 23:27:00,CNR5859662688,Canceled by Customer,CID707318,Prime Plus,Varthur,Langford Town,,,Change of plans,Not Applicable,Not Applicable,Not Applicable,253,Not Applicable,0,,
2024-07-02 10:44:00,CNR6890930704,Driver Not Found,CID804315,Prime Plus,Kammanahalli,Shantinagar,,,Not Applicable,Not Applicable,Not Applicable,Not Applicable,496,Not Applicable,0,,
2024-07-05 09:34:00,CNR9527540146,Canceled by Customer,CID798419,Prime Plus,Bannerghatta Road,JP Nagar,,,Wrong Address,Not Applicable,Not Applicable,Not Applicable,258,Not Applicable,0,,
2024-07-16 10:21:00,CNR5377628878,Canceled by Customer,CID667334,Prime Plus,Banashankari,Kengeri,,,Driver is not moving towards pickup location,Not Applicable,Not Applicable,Not Applicable,113,Not Applicable,0,,
2024-07-28 15:03:00,CNR3974138602,Success,CID307244,Prime Sedan,Shantinagar,Sarjapur Road,301.0,130.0,Not Applicable,Not Applicable,No,Not Applicable,128,Credit Card,16,4.9,3.5
2024-07-29 00:33:00,CNR6040660540,Success,CID760998,eBike,Kammanahalli,Peenya,238.0,135.0,Not Applicable,Not Applicable,No,Not Applicable,216,Cash,22,3.7,4.4
2024-07-17 13:33:00,CNR2512175769,Success,CID677594,eBike,Vijayanagar,Chickpet,287.0,135.0,Not Applicable,Not Applicable,No,Not Applicable,428,Cash,14,4.2,4.8
2024-07-10 14:19:00,CNR2318428493,Success,CID357572,Prime Plus,HSR Layout,Varthur,175.0,120.0,Not Applicable,Not Applicable,No,Not Applicable,481,Cash,46,4.7,5.0
2024-07-27 17:37:00,CNR1039795324,Success,CID848818,Prime Plus,Shivajinagar,Padmanabhanagar,112.0,50.0,Not Applicable,Not Applicable,No,Not Applicable,373,Cash,27,3.2,4.7
2024-07-09 17:42:00,CNR9190930928,Driver Not Found,CID208489,Auto,Sahakar Nagar,Kammanahalli,,,Not Applicable,Not Applicable,Not Applicable,Not Applicable,158,Not Applicable,0,,
2024-07-09 16:34:00,CNR3895480603,Success,CID267865,Bike,Ulsoor,Shivajinagar,161.0,95.0,Not Applicable,Not Applicable,No,Not Applicable,412,UPI,8,4.2,4.9
2024-07-06 08:07:00,CNR9184825651,Success,CID425063,Mini,Banashankari,Electronic City,35.0,145.0,Not Applicable,Not Applicable,No,Not Applicable,318,Cash,5,4.8,3.9
2024-07-26 18:04:00,CNR2298366719,Success,CID683199,eBike,Hebbal,Nagarbhavi,140.0,30.0,Not Applicable,Not Applicable,No,Not Applicable,320,Cash,15,5.0,4.1
2024-07-21 03:51:00,CNR2869425423,Driver Not Found,CID348955,eBike,Magadi Road,Electronic City,,,Not Applicable,Not Applicable,Not Applicable,Not Applicable,130,Not Applicable,0,,
2024-07-15 15:48:00,CNR6887952765,Driver Not Found,CID398391,Prime SUV,Hulimavu,Vijayanagar,,,Not Applicable,Not Applicable,Not Applicable,Not Applicable,1446,Not Applicable,0,,
2024-07-09 20:01:00,CNR2977093120,Success,CID281166,Prime SUV,Magadi Road,Ulsoor,294.0,85.0,Not Applicable,Not Applicable,No,Not Applicable,372,UPI,2,3.6,4.2
2024-07-14 15:51:00,CNR2476664285,Canceled by Driver,CID758650,Prime Plus,Chickpet,Rajajinagar,,,Not Applicable,Customer related issue,Not Applicable,Not Applicable,109,Not Applicable,0,,
2024-07-29 20:29:00,CNR5195889338,Canceled by Customer,CID254119,Bike,Chamarajpet,Devanahalli,,,Wrong Address,Not Applicable,Not Applicable,Not Applicable,491,Not Applicable,0,,
2024-07-07 18:29:00,CNR5790812030,Canceled by Driver,CID190128,Prime Sedan,Sarjapur Road,Banashankari,,,Not Applicable,Customer related issue,Not Applicable,Not Applicable,342,Not Applicable,0,,
2024-07-22 16:15:00,CNR1211918260,Canceled by Driver,CID990240,Auto,JP Nagar,Tumkur Road,,,Not Applicable,Customer related issue,Not Applicable,Not Applicable,528,Not Applicable,0,,
2024-07-13 06:23:00,CNR5306239709,Canceled by Customer,CID964271,Mini,Kengeri,Devanahalli,,,Driver asked to cancel,Not Applicable,Not Applicable,Not Applicable,1478,Not Applicable,0,,
2024-07-23 03:05:00,CNR2502388988,Canceled by Driver,CID879625,Prime Sedan,Shivajinagar,Rajajinagar,,,Not Applicable,Customer related issue,Not Applicable,Not Applicable,1648,Not Applicable,0,,
2024-07-17 19:41:00,CNR2982891689,Canceled by Driver,CID139101,Prime Sedan,Chickpet,Padmanabhanagar,,,Not Applicable,Customer related issue,Not Applicable,Not Applicable,379,Not Applicable,0,,
2024-07-01 01:21:00,CNR5425343898,Success,CID894975,Prime Plus,Sahakar Nagar,Kengeri,147.0,85.0,Not Applicable,Not Applicable,No,Not Applicable,240,UPI,30,3.6,4.0
2024-07-27 11:36:00,CNR6359700014,Success,CID446173,Auto,Magadi Road,Kadugodi,203.0,65.0,Not Applicable,Not Applicable,No,Not Applicable,467,Cash,10,4.3,4.1
2024-07-18 21:13:00,CNR8660665105,Canceled by Driver,CID951062,Bike,Sarjapur Road,KR Puram,,,Not Applicable,More than permitted people in there,Not Applicable,Not Applicable,996,Not Applicable,0,,
2024-07-21 19:42:00,CNR6437346250,Canceled by Customer,CID472842,eBike,Vijayanagar,Majestic,,,Change of plans,Not Applicable,Not Applicable,Not Applicable,190,Not Applicable,0,,
2024-07-07 08:18:00,CNR7828545983,Success,CID347914,Prime SUV,RT Nagar,Kammanahalli,147.0,130.0,Not Applicable,Not Applicable,No,Not Applicable,357,Cash,15,3.3,4.4
2024-07-22 23:57:00,CNR4282393363,Success,CID526451,eBike,Hebbal,Majestic,182.0,135.0,Not Applicable,Not Applicable,Yes,Customer Demand,1307,UPI,11,3.4,3.5
2024-07-08 17:43:00,CNR2650407695,Driver Not Found,CID594230,eBike,Sarjapur Road,Kadugodi,,,Not Applicable,Not Applicable,Not Applicable,Not Applicable,114,Not Applicable,0,,
2024-07-08 19:06:00,CNR2167663243,Success,CID875904,Prime Sedan,Rajarajeshwari Nagar,Shivajinagar,35.0,135.0,Not Applicable,Not Applicable,No,Not Applicable,157,Cash,11,4.5,4.2
2024-07-11 20:23:00,CNR3966405061,Driver Not Found,CID798894,Prime SUV,Malleshwaram,Cox Town,,,Not Applicable,Not Applicable,Not Applicable,Not Applicable,345,Not Applicable,0,,
2024-07-10 06:39:00,CNR3455880753,Success,CID306472,Mini,Sahakar Nagar,JP Nagar,280.0,70.0,Not Applicable,Not Applicable,No,Not Applicable,711,UPI,33,3.0,4.3
2024-07-14 13:43:00,CNR3329565009,Success,CID125691,Mini,Mysore Road,Electronic City,112.0,90.0,Not Applicable,Not Applicable,No,Not Applicable,416,Cash,28,4.4,5.0
2024-07-10 00:34:00,CNR8081600395,Success,CID600529,Prime Plus,Yelahanka,Bannerghatta Road,287.0,55.0,Not Applicable,Not Applicable,No,Not Applicable,625,Cash,32,4.9,3.5
2024-07-16 08:10:00,CNR7590775318,Success,CID716861,Prime SUV,Chickpet,Basavanagudi,210.0,125.0,Not Applicable,Not Applicable,No,Not Applicable,2830,Cash,18,3.8,4.7
2024-07-13 17:29:00,CNR4421908929,Success,CID816365,Prime Plus,Shantinagar,RT Nagar,84.0,125.0,Not Applicable,Not Applicable,No,Not Applicable,425,Cash,6,3.4,4.7
2024-07-06 20:14:00,CNR2193550709,Success,CID892427,Prime Plus,Hennur,Basavanagudi,252.0,90.0,Not Applicable,Not Applicable,No,Not Applicable,707,UPI,48,3.2,4.4
2024-07-13 22:35:00,CNR5720415944,Success,CID544485,Prime Plus,Rajajinagar,Marathahalli,238.0,105.0,Not Applicable,Not Applicable,No,Not Applicable,342,UPI,46,3.7,4.1
2024-07-27 15:23:00,CNR4994774964,Success,CID494721,Prime Plus,Indiranagar,Chamarajpet,217.0,75.0,Not Applicable,Not Applicable,No,Not Applicable,482,Cash,46,4.4,3.2
2024-07-22 23:35:00,CNR4798146112,Canceled by Driver,CID474983,Prime SUV,Hulimavu,Ramamurthy Nagar,,,Not Applicable,Customer was coughing/sick,Not Applicable,Not Applicable,207,Not Applicable,0,,
2024-07-15 20:41:00,CNR8957443171,Success,CID564227,Bike,Sahakar Nagar,Chamarajpet,203.0,125.0,Not Applicable,Not Applicable,No,Not Applicable,233,Cash,16,4.8,4.9
2024-07-28 18:06:00,CNR9996835263,Driver Not Found,CID268448,Prime Sedan,Padmanabhanagar,Peenya,,,Not Applicable,Not Applicable,Not Applicable,Not Applicable,104,Not Applicable,0,,
2024-07-21 23:26:00,CNR1559791569,Canceled by Driver,CID884209,Mini,Hulimavu,Yeshwanthpur,,,Not Applicable,More than permitted people in there,Not Applicable,Not Applicable,2767,Not Applicable,0,,
2024-07-16 21:05:00,CNR2151359746,Success,CID995209,Prime Plus,Basavanagudi,Ulsoor,84.0,65.0,Not Applicable,Not Applicable,No,Not Applicable,135,Cash,41,4.3,4.0
2024-07-01 14:39:00,CNR9611833626,Canceled by Driver,CID985451,Mini,Hulimavu,Ulsoor,,,Not Applicable,Personal & Car related issue,Not Applicable,Not Applicable,318,Not Applicable,0,,
2024-07-01 08:52:00,CNR8816169151,Success,CID825214,Auto,Majestic,Nagarbhavi,196.0,120.0,Not Applicable,Not Applicable,No,Not Applicable,609,Cash,15,4.0,5.0
2024-07-03 08:02:00,CNR8676086227,Success,CID146959,Prime SUV,Cox Town,RT Nagar,308.0,110.0,Not Applicable,Not Applicable,No,Not Applicable,198,Debit Card,8,4.3,3.5
2024-07-21 11:56:00,CNR5290448393,Canceled by Driver,CID684952,eBike,Peenya,Ulsoor,,,Not Applicable,Customer was coughing/sick,Not Applicable,Not Applicable,103,Not Applicable,0,,
2024-07-12 07:57:00,CNR1647499489,Success,CID399055,Prime Sedan,Koramangala,Devanahalli,140.0,80.0,Not Applicable,Not Applicable,No,Not Applicable,441,Cash,40,3.2,4.9
2024-07-19 13:39:00,CNR4512257700,Canceled by Driver,CID483523,Auto,Chamarajpet,Chamarajpet,,,Not Applicable,More than permitted people in there,Not Applicable,Not Applicable,438,Not Applicable,0,,
2024-07-08 22:10:00,CNR7626172797,Success,CID424439,Prime Plus,Basavanagudi,KR Puram,210.0,55.0,Not Applicable,Not Applicable,No,Not Applicable,234,UPI,49,3.8,4.7
2024-07-15 02:59:00,CNR5792369274,Success,CID308317,Bike,Shantinagar,Hosur Road,161.0,110.0,Not Applicable,Not Applicable,No,Not Applicable,434,Cash,13,3.9,4.1
2024-07-07 03:21:00,CNR1356571465,Canceled by Customer,CID278768,Prime Sedan,Varthur,Hennur,,,Driver asked to cancel,Not Applicable,Not Applicable,Not Applicable,474,Not Applicable,0,,
2024-07-12 04:25:00,CNR6656240073,Canceled by Driver,CID606463,Bike,Devanahalli,Yelahanka,,,Not Applicable,Personal & Car related issue,Not Applicable,Not Applicable,502,Not Applicable,0,,
2024-07-30 15:11:00,CNR6040582725,Success,CID941709,Auto,Nagarbhavi,Ulsoor,238.0,85.0,Not Applicable,Not Applicable,No,Not Applicable,1342,UPI,16,5.0,4.1
2024-07-30 08:23:00,CNR5053450279,Success,CID996622,Prime Plus,Hulimavu,Peenya,238.0,85.0,Not Applicable,Not Applicable,No,Not Applicable,786,Cash,27,3.9,4.1
2024-07-13 21:17:00,CNR6228171869,Success,CID929574,Prime Plus,Basavanagudi,RT Nagar,294.0,120.0,Not Applicable,Not Applicable,No,Not Applicable,552,UPI,36,4.3,3.1
2024-07-02 01:09:00,CNR2467447785,Success,CID929696,Auto,Electronic City,Richmond Town,105.0,65.0,Not Applicable,Not Applicable,No,Not Applicable,780,UPI,3,4.8,3.1
2024-07-14 00:35:00,CNR9315838414,Success,CID795713,Prime SUV,Rajajinagar,Nagarbhavi,175.0,30.0,Not Applicable,Not Applicable,No,Not Applicable,474,Cash,47,3.6,3.5
2024-07-23 23:19:00,CNR7069806081,Canceled by Driver,CID307797,Mini,Indiranagar,Mysore Road,,,Not Applicable,Customer related issue,Not Applicable,Not Applicable,1911,Not Applicable,0,,
2024-07-21 22:09:00,CNR9635651081,Success,CID138635,Prime SUV,Banashankari,Whitefield,273.0,125.0,Not Applicable,Not Applicable,No,Not Applicable,263,Cash,21,4.6,3.9
2024-07-03 21:42:00,CNR8896406763,Success,CID598822,Auto,Whitefield,Vijayanagar,42.0,60.0,Not Applicable,Not Applicable,No,Not Applicable,763,Cash,14,5.0,4.5
2024-07-07 07:19:00,CNR2851831826,Canceled by Driver,CID323181,Prime SUV,Chamarajpet,Tumkur Road,,,Not Applicable,Customer related issue,Not Applicable,Not Applicable,131,Not Applicable,0,,
2024-07-03 03:54:00,CNR9224155026,Success,CID764645,Bike,Banashankari,Chickpet,203.0,110.0,Not Applicable,Not Applicable,No,Not Applicable,340,Cash,42,4.7,3.4
2024-07-07 12:57:00,CNR7958348146,Canceled by Driver,CID979676,Prime Sedan,Jayanagar,Banashankari,,,Not Applicable,Customer was coughing/sick,Not Applicable,Not Applicable,547,Not Applicable,0,,
2024-07-07 05:43:00,CNR5751872617,Success,CID621327,Prime SUV,Basavanagudi,Banashankari,133.0,55.0,Not Applicable,Not Applicable,No,Not Applicable,623,Cash,42,4.6,4.6
2024-07-27 16:09:00,CNR6380249427,Success,CID210868,Mini,Cox Town,Kammanahalli,175.0,130.0,Not Applicable,Not Applicable,No,Not Applicable,351,UPI,15,3.8,4.3
2024-07-10 08:28:00,CNR9456157918,Success,CID354053,Bike,Hebbal,JP Nagar,217.0,145.0,Not Applicable,Not Applicable,No,Not Applicable,152,UPI,3,3.4,4.7
2024-07-06 05:01:00,CNR2132902824,Success,CID874655,Prime Sedan,Langford Town,Shantinagar,196.0,105.0,Not Applicable,Not Applicable,No,Not Applicable,536,Cash,19,4.5,3.7
2024-07-24 06:07:00,CNR7180384455,Canceled by Driver,CID388265,Prime Sedan,Rajarajeshwari Nagar,Rajajinagar,,,Not Applicable,Personal & Car related issue,Not Applicable,Not Applicable,424,Not Applicable,0,,
2024-07-03 22:47:00,CNR7705500731,Canceled by Driver,CID586480,Mini,Padmanabhanagar,MG Road,,,Not Applicable,Personal & Car related issue,Not Applicable,Not Applicable,108,Not Applicable,0,,
2024-07-15 17:12:00,CNR2542665182,Success,CID356589,Prime Sedan,Richmond Town,Shantinagar,301.0,120.0,Not Applicable,Not Applicable,No,Not Applicable,412,Cash,7,3.7,3.2
2024-07-01 23:53:00,CNR5227761466,Success,CID832903,Prime Plus,Cox Town,Rajarajeshwari Nagar,210.0,90.0,Not Applicable,Not Applicable,No,Not Applicable,170,Cash,48,3.1,4.4
2024-07-23 06:21:00,CNR3383287063,Success,CID236411,Mini,Banashankari,Malleshwaram,245.0,115.0,Not Applicable,Not Applicable,No,Not Applicable,298,UPI,12,4.4,3.6
2024-07-09 00:49:00,CNR8494152845,Success,CID604203,Mini,Chamarajpet,Yelahanka,56.0,30.0,Not Applicable,Not Applicable,No,Not Applicable,497,UPI,20,4.3,3.8
2024-07-16 13:50:00,CNR6576940861,Success,CID912482,Prime Plus,JP Nagar,Ramamurthy Nagar,154.0,100.0,Not Applicable,Not Applicable,No,Not Applicable,186,UPI,14,3.1,4.8
2024-07-13 22:31:00,CNR4404495407,Canceled by Driver,CID142882,Prime SUV,Cox Town,Tumkur Road,,,Not Applicable,Personal & Car related issue,Not Applicable,Not Applicable,583,Not Applicable,0,,
2024-07-10 06:12:00,CNR9374601335,Success,CID239378,eBike,Padmanabhanagar,Frazer Town,245.0,130.0,Not Applicable,Not Applicable,No,Not Applicable,501,Cash,26,4.0,3.1
2024-07-21 20:16:00,CNR9213742930,Success,CID354744,Prime Plus,Sarjapur Road,Peenya,63.0,90.0,Not Applicable,Not Applicable,No,Not Applicable,104,UPI,49,3.8,4.4
2024-07-25 07:54:00,CNR8018251545,Success,CID633233,Bike,Ramamurthy Nagar,Magadi Road,175.0,30.0,Not Applicable,Not Applicable,No,Not Applicable,137,Cash,36,4.5,4.9
2024-07-18 15:39:00,CNR7067037446,Success,CID270274,eBike,Vijayanagar,Yelahanka,287.0,55.0,Not Applicable,Not Applicable,No,Not Applicable,227,UPI,30,3.4,3.5
2024-07-11 02:55:00,CNR4500969739,Success,CID150371,eBike,Hennur,Koramangala,154.0,30.0,Not Applicable,Not Applicable,No,Not Applicable,280,UPI,39,4.3,3.7
2024-07-24 09:16:00,CNR7344250800,Success,CID867021,Bike,Whitefield,Peenya,238.0,35.0,Not Applicable,Not Applicable,No,Not Applicable,596,Cash,12,4.4,4.5
2024-07-03 18:53:00,CNR3916671381,Canceled by Driver,CID240706,eBike,Hulimavu,Kengeri,,,Not Applicable,Customer related issue,Not Applicable,Not Applicable,113,Not Applicable,0,,
2024-07-12 03:14:00,CNR7023267257,Canceled by Customer,CID626381,Bike,Rajajinagar,Indiranagar,,,Driver is not moving towards pickup location,Not Applicable,Not Applicable,Not Applicable,273,Not Applicable,0,,
2024-07-05 12:46:00,CNR4797466156,Success,CID924539,Prime Sedan,Chamarajpet,Richmond Town,112.0,30.0,Not Applicable,Not Applicable,No,Not Applicable,1137,Cash,12,3.6,3.3
2024-07-26 15:10:00,CNR5309815446,Driver Not Found,CID254296,Auto,HSR Layout,Nagarbhavi,,,Not Applicable,Not Applicable,Not Applicable,Not Applicable,699,Not Applicable,0,,
2024-07-14 03:16:00,CNR7934064653,Success,CID797268,Prime Sedan,KR Puram,Bellandur,42.0,130.0,Not Applicable,Not Applicable,No,Not Applicable,257,UPI,17,3.5,3.5
2024-07-25 10:22:00,CNR9183518670,Success,CID646400,eBike,Kadugodi,Jayanagar,140.0,80.0,Not Applicable,Not Applicable,No,Not Applicable,176,UPI,27,4.4,4.1
2024-07-09 20:36:00,CNR4456695751,Canceled by Driver,CID346562,eBike,Tumkur Road,Langford Town,,,Not Applicable,Personal & Car related issue,Not Applicable,Not Applicable,509,Not Applicable,0,,
2024-07-25 05:55:00,CNR3657973135,Driver Not Found,CID969284,Bike,Marathahalli,Koramangala,,,Not Applicable,Not Applicable,Not Applicable,Not Applicable,255,Not Applicable,0,,
2024-07-08 16:38:00,CNR7584295173,Success,CID602553,Prime Sedan,Electronic City,Sarjapur Road,287.0,130.0,Not Applicable,Not Applicable,No,Not Applicable,486,UPI,36,4.1,3.4
2024-07-27 01:27:00,CNR7887766369,Success,CID160318,Prime Sedan,Bannerghatta Road,Electronic City,154.0,110.0,Not Applicable,Not Applicable,No,Not Applicable,433,Cash,10,3.5,5.0
2024-07-27 01:35:00,CNR2687890228,Success,CID743908,eBike,Koramangala,Tumkur Road,154.0,85.0,Not Applicable,Not Applicable,No,Not Applicable,904,UPI,7,4.5,3.6
2024-07-29 01:53:00,CNR5983295769,Success,CID252720,Mini,BTM Layout,Electronic City,266.0,55.0,Not Applicable,Not Applicable,Yes,Customer Demand,960,Cash,31,3.4,4.0
2024-07-21 18:45:00,CNR2093637495,Driver Not Found,CID141376,eBike,Rajajinagar,RT Nagar,,,Not Applicable,Not Applicable,Not Applicable,Not Applicable,733,Not Applicable,0,,
2024-07-20 15:02:00,CNR6372745238,Success,CID106779,Mini,Hulimavu,HSR Layout,70.0,125.0,Not Applicable,Not Applicable,No,Not Applicable,207,Cash,33,4.1,4.1
2024-07-20 10:43:00,CNR5242914188,Success,CID576806,Bike,Langford Town,Kengeri,287.0,40.0,Not Applicable,Not Applicable,No,Not Applicable,2733,Credit Card,47,3.2,3.8
2024-07-08 14:32:00,CNR4300387278,Success,CID250856,Mini,Rajarajeshwari Nagar,Devanahalli,245.0,60.0,Not Applicable,Not Applicable,No,Not Applicable,369,Cash,31,3.8,4.7
2024-07-19 14:27:00,CNR2901004304,Success,CID148622,Prime Sedan,Malleshwaram,Mysore Road,245.0,35.0,Not Applicable,Not Applicable,No,Not Applicable,230,Cash,11,4.8,3.1
2024-07-13 17:52:00,CNR6385982034,Driver Not Found,CID927227,eBike,Bannerghatta Road,Banashankari,,,Not Applicable,Not Applicable,Not Applicable,Not Applicable,228,Not Applicable,0,,
2024-07-08 08:31:00,CNR3532040009,Canceled by Customer,CID227759,Prime Sedan,BTM Layout,Electronic City,,,Change of plans,Not Applicable,Not Applicable,Not Applicable,345,Not Applicable,0,,
2024-07-10 04:45:00,CNR6975526908,Driver Not Found,CID623217,Prime Sedan,Chickpet,Hennur,,,Not Applicable,Not Applicable,Not Applicable,Not Applicable,117,Not Applicable,0,,
2024-07-16 07:06:00,CNR4643944058,Success,CID433466,Bike,Kengeri,Basavanagudi,105.0,140.0,Not Applicable,Not Applicable,No,Not Applicable,2336,Cash,14,3.9,3.1
2024-07-19 03:23:00,CNR7232541636,Success,CID552281,Prime SUV,Malleshwaram,Richmond Town,98.0,80.0,Not Applicable,Not Applicable,No,Not Applicable,655,Cash,34,4.7,4.5
2024-07-27 07:34:00,CNR2646114827,Driver Not Found,CID726456,Prime Sedan,JP Nagar,Sarjapur Road,,,Not Applicable,Not Applicable,Not Applicable,Not Applicable,687,Not Applicable,0,,
2024-07-18 13:28:00,CNR9449035851,Canceled by Driver,CID414147,Bike,Banashankari,Banashankari,,,Not Applicable,Customer was coughing/sick,Not Applicable,Not Applicable,237,Not Applicable,0,,
2024-07-26 18:28:00,CNR9643471592,Canceled by Driver,CID941376,Bike,Basavanagudi,HSR Layout,,,Not Applicable,Customer related issue,Not Applicable,Not Applicable,459,Not Applicable,0,,
2024-07-14 05:10:00,CNR4304846920,Success,CID544222,Auto,Ramamurthy Nagar,Jayanagar,182.0,90.0,Not Applicable,Not Applicable,No,Not Applicable,953,UPI,15,3.6,4.2
2024-07-23 23:12:00,CNR7774574602,Success,CID834927,Prime Plus,Hulimavu,HSR Layout,203.0,50.0,Not Applicable,Not Applicable,No,Not Applicable,165,UPI,38,4.2,4.5
2024-07-22 05:59:00,CNR8933560236,Success,CID351228,Mini,Yeshwanthpur,Indiranagar,63.0,75.0,Not Applicable,Not Applicable,No,Not Applicable,847,UPI,37,4.6,3.6
2024-07-02 02:38:00,CNR7539916176,Canceled by Customer,CID562679,Auto,Marathahalli,Kadugodi,,,Driver is not moving towards pickup location,Not Applicable,Not Applicable,Not Applicable,250,Not Applicable,0,,
2024-07-25 15:14:00,CNR9545684124,Success,CID115407,eBike,JP Nagar,HSR Layout,259.0,65.0,Not Applicable,Not Applicable,No,Not Applicable,467,Cash,10,3.8,4.6
2024-07-05 17:31:00,CNR2498652332,Success,CID113949,eBike,KR Puram,Hulimavu,252.0,80.0,Not Applicable,Not Applicable,No,Not Applicable,115,Cash,8,3.4,4.8
2024-07-14 09:16:00,CNR3551923521,Success,CID284668,Auto,Nagarbhavi,Richmond Town,245.0,55.0,Not Applicable,Not Applicable,No,Not Applicable,428,Cash,12,3.9,4.4
2024-07-14 14:01:00,CNR5576807009,Success,CID379723,Auto,Richmond Town,Marathahalli,56.0,85.0,Not Applicable,Not Applicable,No,Not Applicable,191,Cash,15,4.4,4.2
2024-07-08 04:45:00,CNR1916033778,Canceled by Driver,CID305742,Prime Plus,Indiranagar,Rajajinagar,,,Not Applicable,Customer related issue,Not Applicable,Not Applicable,163,Not Applicable,0,,
2024-07-25 22:16:00,CNR4984451530,Success,CID484217,Prime Sedan,Basavanagudi,Basavanagudi,168.0,75.0,Not Applicable,Not Applicable,No,Not Applicable,956,Cash,19,3.6,4.8
2024-07-07 00:46:00,CNR1296947185,Canceled by Driver,CID151600,Prime Plus,Sarjapur Road,BTM Layout,,,Not Applicable,More than permitted people in there,Not Applicable,Not Applicable,2976,Not Applicable,0,,
2024-07-06 17:29:00,CNR3889397630,Success,CID942687,Prime Sedan,Rajarajeshwari Nagar,Yelahanka,259.0,30.0,Not Applicable,Not Applicable,No,Not Applicable,290,UPI,9,4.0,4.1
2024-07-18 17:48:00,CNR6721881881,Success,CID892961,Prime Sedan,Bannerghatta Road,Majestic,105.0,60.0,Not Applicable,Not Applicable,No,Not Applicable,169,UPI,5,3.1,4.1
2024-07-18 07:56:00,CNR5562313457,Driver Not Found,CID258509,Auto,Jayanagar,MG Road,,,Not Applicable,Not Applicable,Not Applicable,Not Applicable,126,Not Applicable,0,,
2024-07-29 11:21:00,CNR8504803634,Success,CID498186,Prime SUV,Kadugodi,Hosur Road,210.0,120.0,Not Applicable,Not Applicable,No,Not Applicable,100,Cash,41,4.2,3.8
2024-07-17 14:46:00,CNR4307274103,Success,CID892964,Prime SUV,Marathahalli,HSR Layout,70.0,70.0,Not Applicable,Not Applicable,No,Not Applicable,374,Cash,32,4.6,3.1
2024-07-07 01:20:00,CNR1584895560,Canceled by Customer,CID597448,Prime Plus,Hosur Road,Magadi Road,,,Driver is not moving towards pickup location,Not Applicable,Not Applicable,Not Applicable,403,Not Applicable,0,,
2024-07-12 12:38:00,CNR9041490397,Canceled by Customer,CID779123,Mini,Hulimavu,Peenya,,,Change of plans,Not Applicable,Not Applicable,Not Applicable,351,Not Applicable,0,,
2024-07-02 03:11:00,CNR7800820914,Success,CID119063,Prime Plus,Shantinagar,Kammanahalli,140.0,50.0,Not Applicable,Not Applicable,No,Not Applicable,363,Credit Card,33,4.1,3.5
2024-07-01 01:20:00,CNR1925752012,Canceled by Customer,CID554687,Prime SUV,Shantinagar,Sahakar Nagar,,,Driver asked to cancel,Not Applicable,Not Applicable,Not Applicable,221,Not Applicable,0,,
2024-07-19 20:28:00,CNR1697877452,Success,CID285844,Prime Sedan,Vijayanagar,Kengeri,105.0,130.0,Not Applicable,Not Applicable,No,Not Applicable,405,Debit Card,23,3.2,4.2
2024-07-16 20:59:00,CNR5937335115,Success,CID802341,eBike,Shantinagar,Sarjapur Road,238.0,95.0,Not Applicable,Not Applicable,Yes,Other Issue,999,Cash,35,4.9,3.0
2024-07-04 06:18:00,CNR1437466238,Canceled by Driver,CID891542,Prime SUV,Shantinagar,Indiranagar,,,Not Applicable,Customer was coughing/sick,Not Applicable,Not Applicable,714,Not Applicable,0,,
2024-07-23 08:15:00,CNR1004838169,Success,CID211388,eBike,Banashankari,BTM Layout,105.0,25.0,Not Applicable,Not Applicable,No,Not Applicable,471,Cash,45,3.9,3.8
2024-07-23 03:21:00,CNR4931974706,Driver Not Found,CID666145,Mini,Kengeri,Bannerghatta Road,,,Not Applicable,Not Applicable,Not Applicable,Not Applicable,159,Not Applicable,0,,
2024-07-13 11:46:00,CNR6541818928,Canceled by Customer,CID404206,Bike,Hennur,Yelahanka,,,Driver asked to cancel,Not Applicable,Not Applicable,Not Applicable,1496,Not Applicable,0,,
2024-07-22 07:36:00,CNR2627939685,Canceled by Driver,CID351635,Prime Sedan,Banashankari,Rajajinagar,,,Not Applicable,Personal & Car related issue,Not Applicable,Not Applicable,250,Not Applicable,0,,
2024-07-26 18:29:00,CNR2097279507,Success,CID495987,Auto,Peenya,Padmanabhanagar,105.0,135.0,Not Applicable,Not Applicable,No,Not Applicable,330,Cash,19,4.2,4.2
2024-07-28 08:14:00,CNR3610023684,Success,CID544920,Prime Plus,KR Puram,Malleshwaram,42.0,105.0,Not Applicable,Not Applicable,Yes,Vehicle Breakdown,421,Cash,14,3.4,3.6
2024-07-02 16:45:00,CNR5389005304,Driver Not Found,CID731311,Mini,Koramangala,Nagarbhavi,,,Not Applicable,Not Applicable,Not Applicable,Not Applicable,725,Not Applicable,0,,
2024-07-03 16:52:00,CNR7343237735,Success,CID551550,Prime SUV,Kammanahalli,Koramangala,238.0,145.0,Not Applicable,Not Applicable,No,Not Applicable,1085,Cash,3,4.9,3.1
2024-07-11 23:47:00,CNR2248122836,Success,CID723295,Prime Sedan,HSR Layout,Sahakar Nagar,154.0,85.0,Not Applicable,Not Applicable,No,Not Applicable,376,UPI,22,4.1,3.8
2024-07-20 07:08:00,CNR5925208359,Canceled by Driver,CID236790,Bike,Electronic City,Hennur,,,Not Applicable,Customer was coughing/sick,Not Applicable,Not Applicable,123,Not Applicable,0,,
2024-07-10 13:37:00,CNR1171515741,Driver Not Found,CID315417,eBike,Tumkur Road,Devanahalli,,,Not Applicable,Not Applicable,Not Applicable,Not Applicable,582,Not Applicable,0,,
2024-07-15 01:32:00,CNR3904133681,Success,CID873872,eBike,HSR Layout,MG Road,259.0,80.0,Not Applicable,Not Applicable,No,Not Applicable,980,Cash,11,4.9,4.3
2024-07-13 05:10:00,CNR3767693661,Success,CID283349,Bike,Ulsoor,Whitefield,49.0,55.0,Not Applicable,Not Applicable,No,Not Applicable,335,UPI,34,4.3,4.3
2024-07-17 04:33:00,CNR9358956987,Success,CID212198,Prime Plus,Vijayanagar,Bannerghatta Road,287.0,115.0,Not Applicable,Not Applicable,No,Not Applicable,971,Cash,46,4.0,4.0
2024-07-14 08:06:00,CNR5718057649,Success,CID555045,Prime Sedan,Magadi Road,Hebbal,245.0,25.0,Not Applicable,Not Applicable,No,Not Applicable,300,Cash,18,3.5,4.5
2024-07-05 07:22:00,CNR3026365629,Canceled by Driver,CID661383,Bike,Bannerghatta Road,Banashankari,,,Not Applicable,Customer related issue,Not Applicable,Not Applicable,838,Not Applicable,0,,
2024-07-13 23:24:00,CNR2707368360,Canceled by Driver,CID141131,Prime Plus,Hennur,Shantinagar,,,Not Applicable,Customer was coughing/sick,Not Applicable,Not Applicable,407,Not Applicable,0,,
2024-07-15 22:04:00,CNR6313755170,Success,CID908737,Mini,Magadi Road,Hosur Road,287.0,55.0,Not Applicable,Not Applicable,No,Not Applicable,228,Cash,13,3.4,3.8
2024-07-26 04:03:00,CNR2404745292,Success,CID753660,Bike,Richmond Town,HSR Layout,245.0,105.0,Not Applicable,Not Applicable,No,Not Applicable,833,Cash,38,4.1,3.6
2024-07-16 19:36:00,CNR8274748772,Success,CID118470,Prime Plus,Kammanahalli,RT Nagar,203.0,130.0,Not Applicable,Not Applicable,No,Not Applicable,2787,Cash,30,3.9,4.1
2024-07-02 12:04:00,CNR3137466043,Success,CID642368,Prime Plus,Bellandur,Rajarajeshwari Nagar,42.0,110.0,Not Applicable,Not Applicable,No,Not Applicable,463,UPI,22,4.3,4.0
2024-07-15 10:07:00,CNR6589423127,Success,CID814575,Auto,Kadugodi,Cox Town,126.0,80.0,Not Applicable,Not Applicable,No,Not Applicable,319,UPI,5,4.3,3.4
2024-07-17 12:11:00,CNR4696550498,Success,CID994628,Mini,Vijayanagar,Chamarajpet,294.0,40.0,Not Applicable,Not Applicable,No,Not Applicable,317,UPI,44,4.4,3.6
2024-07-22 06:11:00,CNR6093595713,Success,CID169688,Prime Plus,JP Nagar,Hosur Road,105.0,35.0,Not Applicable,Not Applicable,No,Not Applicable,360,UPI,8,4.1,3.4
2024-07-22 16:56:00,CNR9155687585,Canceled by Driver,CID325239,Auto,Ulsoor,Frazer Town,,,Not Applicable,More than permitted people in there,Not Applicable,Not Applicable,106,Not Applicable,0,,
2024-07-21 00:39:00,CNR2105549653,Success,CID831696,Prime Sedan,Tumkur Road,Shivajinagar,42.0,40.0,Not Applicable,Not Applicable,No,Not Applicable,1487,UPI,14,3.4,3.9
2024-07-29 11:40:00,CNR8573941447,Driver Not Found,CID517992,Prime Sedan,Vijayanagar,Frazer Town,,,Not Applicable,Not Applicable,Not Applicable,Not Applicable,109,Not Applicable,0,,
2024-07-13 19:59:00,CNR5300007532,Success,CID874894,Prime SUV,Varthur,Chamarajpet,77.0,95.0,Not Applicable,Not Applicable,Yes,Other Issue,108,Cash,14,3.4,3.6
2024-07-09 08:27:00,CNR3243919322,Canceled by Driver,CID833818,Prime Plus,Indiranagar,Rajarajeshwari Nagar,,,Not Applicable,More than permitted people in there,Not Applicable,Not Applicable,448,Not Applicable,0,,
2024-07-08 18:02:00,CNR1313185347,Canceled by Customer,CID613771,Mini,Bannerghatta Road,Magadi Road,,,Change of plans,Not Applicable,Not Applicable,Not Applicable,404,Not Applicable,0,,
2024-07-12 11:20:00,CNR5805274547,Success,CID430832,Mini,Hebbal,Koramangala,182.0,110.0,Not Applicable,Not Applicable,No,Not Applicable,153,Cash,21,4.0,4.2
2024-07-08 03:16:00,CNR8192848431,Driver Not Found,CID117646,Bike,Richmond Town,Rajarajeshwari Nagar,,,Not Applicable,Not Applicable,Not Applicable,Not Applicable,104,Not Applicable,0,,
2024-07-18 12:54:00,CNR1050862551,Canceled by Driver,CID645476,Prime Plus,Richmond Town,Indiranagar,,,Not Applicable,Personal & Car related issue,Not Applicable,Not Applicable,629,Not Applicable,0,,
2024-07-01 09:06:00,CNR6180853586,Success,CID398830,Bike,Yeshwanthpur,Hulimavu,63.0,140.0,Not Applicable,Not Applicable,No,Not Applicable,306,Cash,22,4.3,4.4
2024-07-14 22:53:00,CNR7528767163,Driver Not Found,CID357525,Prime Sedan,HSR Layout,Bannerghatta Road,,,Not Applicable,Not Applicable,Not Applicable,Not Applicable,653,Not Applicable,0,,
2024-07-03 11:02:00,CNR3230738106,Driver Not Found,CID682993,eBike,Sahakar Nagar,Hulimavu,,,Not Applicable,Not Applicable,Not Applicable,Not Applicable,808,Not Applicable,0,,
2024-07-01 21:09:00,CNR7905006800,Success,CID753973,Prime SUV,Varthur,Yelahanka,91.0,25.0,Not Applicable,Not Applicable,No,Not Applicable,373,Cash,4,3.7,3.8
2024-07-30 00:43:00,CNR2412999530,Success,CID534608,Bike,Sarjapur Road,Langford Town,112.0,145.0,Not Applicable,Not Applicable,Yes,Vehicle Breakdown,242,UPI,47,3.2,4.9
2024-07-05 08:18:00,CNR1771068201,Success,CID867851,Auto,Shantinagar,Peenya,42.0,50.0,Not Applicable,Not Applicable,No,Not Applicable,238,Cash,2,5.0,3.3
2024-07-08 10:30:00,CNR9612475758,Canceled by Driver,CID906580,Prime Sedan,Kadugodi,Shantinagar,,,Not Applicable,More than permitted people in there,Not Applicable,Not Applicable,152,Not Applicable,0,,
2024-07-20 09:20:00,CNR1744996200,Success,CID159457,Prime Plus,Electronic City,Whitefield,84.0,40.0,Not Applicable,Not Applicable,No,Not Applicable,907,UPI,5,4.1,4.7
2024-07-08 23:09:00,CNR2463691325,Canceled by Driver,CID675117,Auto,JP Nagar,Rajajinagar,,,Not Applicable,Customer was coughing/sick,Not Applicable,Not Applicable,984,Not Applicable,0,,
2024-07-10 03:39:00,CNR4457370063,Success,CID399957,Bike,Ulsoor,Magadi Road,105.0,80.0,Not Applicable,Not Applicable,No,Not Applicable,102,UPI,12,4.5,3.8
2024-07-10 11:48:00,CNR4249177698,Success,CID680403,Prime Sedan,Marathahalli,MG Road,203.0,50.0,Not Applicable,Not Applicable,No,Not Applicable,869,UPI,7,4.2,4.5
2024-07-09 21:09:00,CNR6118459039,Canceled by Driver,CID258899,Mini,Banashankari,Ramamurthy Nagar,,,Not Applicable,Customer related issue,Not Applicable,Not Applicable,169,Not Applicable,0,,
2024-07-16 05:38:00,CNR7073903943,Success,CID101077,Prime SUV,Jayanagar,Koramangala,245.0,110.0,Not Applicable,Not Applicable,No,Not Applicable,388,UPI,2,4.9,4.4
2024-07-18 01:02:00,CNR7612462568,Success,CID951426,Prime Plus,Kengeri,Rajarajeshwari Nagar,238.0,105.0,Not Applicable,Not Applicable,No,Not Applicable,933,UPI,35,3.6,4.6
2024-07-27 16:13:00,CNR8057156470,Success,CID101489,Prime SUV,Hebbal,RT Nagar,189.0,140.0,Not Applicable,Not Applicable,No,Not Applicable,234,Cash,15,4.1,4.1
2024-07-06 20:01:00,CNR3596308909,Canceled by Driver,CID430672,Prime Plus,Rajajinagar,Nagarbhavi,,,Not Applicable,Customer was coughing/sick,Not Applicable,Not Applicable,433,Not Applicable,0,,
2024-07-20 13:46:00,CNR7190747447,Canceled by Customer,CID585840,Prime Sedan,Ulsoor,Frazer Town,,,Driver is not moving towards pickup location,Not Applicable,Not Applicable,Not Applicable,2532,Not Applicable,0,,
2024-07-19 02:49:00,CNR8428341317,Success,CID630589,Auto,Malleshwaram,Ramamurthy Nagar,168.0,95.0,Not Applicable,Not Applicable,No,Not Applicable,475,UPI,1,3.2,3.6
2024-07-21 17:23:00,CNR4648075509,Success,CID360019,Prime Plus,Jayanagar,Frazer Town,168.0,115.0,Not Applicable,Not Applicable,No,Not Applicable,376,Cash,9,3.2,4.7
2024-07-13 00:58:00,CNR1085434329,Success,CID900885,Mini,Varthur,KR Puram,140.0,30.0,Not Applicable,Not Applicable,No,Not Applicable,901,Cash,6,3.5,3.3
2024-07-01 10:32:00,CNR8298405035,Success,CID827733,Prime Sedan,Sahakar Nagar,Magadi Road,77.0,80.0,Not Applicable,Not Applicable,Yes,Other Issue,455,UPI,41,3.5,4.6
2024-07-28 21:31:00,CNR5549372289,Driver Not Found,CID679978,Mini,KR Puram,Marathahalli,,,Not Applicable,Not Applicable,Not Applicable,Not Applicable,410,Not Applicable,0,,
2024-07-03 15:21:00,CNR6990777200,Success,CID337572,Prime SUV,Majestic,Peenya,259.0,120.0,Not Applicable,Not Applicable,No,Not Applicable,292,Cash,4,3.6,4.9
2024-07-22 03:13:00,CNR7043652704,Success,CID346084,Prime SUV,Bannerghatta Road,Shivajinagar,35.0,85.0,Not Applicable,Not Applicable,No,Not Applicable,297,Cash,43,4.4,3.1
2024-07-05 17:02:00,CNR8230209523,Success,CID376834,eBike,Yelahanka,Shivajinagar,63.0,140.0,Not Applicable,Not Applicable,No,Not Applicable,995,Cash,34,3.4,3.4
2024-07-19 22:14:00,CNR1360711015,Success,CID388371,Prime Plus,Chamarajpet,Majestic,210.0,60.0,Not Applicable,Not Applicable,No,Not Applicable,184,UPI,17,3.5,4.4
2024-07-14 16:10:00,CNR8993083597,Canceled by Customer,CID368482,Mini,Varthur,Whitefield,,,Driver is not moving towards pickup location,Not Applicable,Not Applicable,Not Applicable,193,Not Applicable,0,,
2024-07-30 19:15:00,CNR1971708564,Canceled by Driver,CID235449,Auto,Bannerghatta Road,Jayanagar,,,Not Applicable,More than permitted people in there,Not Applicable,Not Applicable,861,Not Applicable,0,,
2024-07-20 12:38:00,CNR8721362991,Canceled by Driver,CID794062,Mini,Nagarbhavi,Langford Town,,,Not Applicable,Personal & Car related issue,Not Applicable,Not Applicable,102,Not Applicable,0,,
2024-07-19 14:22:00,CNR2510917382,Success,CID547909,eBike,Ulsoor,Whitefield,119.0,110.0,Not Applicable,Not Applicable,Yes,Customer Demand,105,Cash,34,4.3,3.2
2024-07-12 20:03:00,CNR8598659855,Success,CID934271,Prime Plus,Malleshwaram,Kammanahalli,42.0,120.0,Not Applicable,Not Applicable,No,Not Applicable,135,Cash,48,4.6,3.3
2024-07-22 17:12:00,CNR1963299944,Canceled by Driver,CID571906,Prime SUV,KR Puram,Magadi Road,,,Not Applicable,Personal & Car related issue,Not Applicable,Not Applicable,437,Not Applicable,0,,
2024-07-15 15:32:00,CNR1141585019,Success,CID933041,Prime Plus,Hulimavu,Sarjapur Road,56.0,90.0,Not Applicable,Not Applicable,No,Not Applicable,254,UPI,15,4.4,4.8
2024-07-12 06:02:00,CNR6258553089,Canceled by Driver,CID568441,Prime Plus,Langford Town,Mysore Road,,,Not Applicable,Personal & Car related issue,Not Applicable,Not Applicable,2009,Not Applicable,0,,
2024-07-14 11:38:00,CNR7945486523,Driver Not Found,CID741884,Prime SUV,Ramamurthy Nagar,Marathahalli,,,Not Applicable,Not Applicable,Not Applicable,Not Applicable,297,Not Applicable,0,,
2024-07-15 21:36:00,CNR7749670747,Driver Not Found,CID954990,eBike,Hosur Road,Koramangala,,,Not Applicable,Not Applicable,Not Applicable,Not Applicable,282,Not Applicable,0,,
2024-07-03 21:18:00,CNR5244746577,Success,CID389323,Mini,Sahakar Nagar,Rajajinagar,294.0,105.0,Not Applicable,Not Applicable,No,Not Applicable,411,UPI,24,4.8,3.3
2024-07-16 11:02:00,CNR9660199376,Success,CID684395,eBike,HSR Layout,Peenya,147.0,100.0,Not Applicable,Not Applicable,Yes,Other Issue,301,Cash,43,4.3,4.6
2024-07-02 12:38:00,CNR2648103963,Success,CID842926,Prime Plus,KR Puram,Basavanagudi,126.0,110.0,Not Applicable,Not Applicable,No,Not Applicable,419,Cash,38,4.9,4.5
2024-07-02 09:49:00,CNR5347063949,Success,CID766961,Bike,Padmanabhanagar,Malleshwaram,266.0,25.0,Not Applicable,Not Applicable,No,Not Applicable,418,UPI,28,3.8,4.2
2024-07-24 18:17:00,CNR3948299236,Success,CID494377,Prime SUV,Nagarbhavi,Cox Town,196.0,85.0,Not Applicable,Not Applicable,No,Not Applicable,492,Cash,42,4.0,3.2
2024-07-11 09:38:00,CNR5017175184,Success,CID982552,Prime Sedan,Banashankari,BTM Layout,70.0,130.0,Not Applicable,Not Applicable,No,Not Applicable,183,Cash,5,4.2,3.1
2024-07-09 09:18:00,CNR4453129283,Canceled by Driver,CID436081,Prime Sedan,Banashankari,Majestic,,,Not Applicable,Customer was coughing/sick,Not Applicable,Not Applicable,433,Not Applicable,0,,
2024-07-24 08:56:00,CNR4715017898,Success,CID740799,Mini,Langford Town,Majestic,224.0,60.0,Not Applicable,Not Applicable,Yes,Customer Demand,447,UPI,32,4.7,3.0
2024-07-25 09:09:00,CNR3183530078,Success,CID285100,Prime Sedan,Kengeri,Indiranagar,287.0,115.0,Not Applicable,Not Applicable,No,Not Applicable,229,Cash,15,3.4,4.9
2024-07-16 22:36:00,CNR6124515803,Success,CID326627,Prime SUV,Marathahalli,Electronic City,189.0,130.0,Not Applicable,Not Applicable,No,Not Applicable,643,UPI,24,4.7,3.3
2024-07-30 00:18:00,CNR8297786352,Canceled by Customer,CID458530,Prime Sedan,Shantinagar,RT Nagar,,,AC is Not working,Not Applicable,Not Applicable,Not Applicable,325,Not Applicable,0,,
2024-07-29 00:31:00,CNR5541819249,Canceled by Driver,CID464268,eBike,Hennur,Padmanabhanagar,,,Not Applicable,Personal & Car related issue,Not Applicable,Not Applicable,469,Not Applicable,0,,
2024-07-04 09:59:00,CNR2835049589,Canceled by Customer,CID109353,Bike,Vijayanagar,Vijayanagar,,,Driver asked to cancel,Not Applicable,Not Applicable,Not Applicable,195,Not Applicable,0,,
2024-07-29 07:48:00,CNR2825998410,Canceled by Customer,CID180334,Prime Sedan,HSR Layout,Kengeri,,,Driver is not moving towards pickup location,Not Applicable,Not Applicable,Not Applicable,223,Not Applicable,0,,
2024-07-16 16:52:00,CNR9434523252,Success,CID300612,Prime SUV,Bannerghatta Road,Electronic City,147.0,55.0,Not Applicable,Not Applicable,No,Not Applicable,468,UPI,32,3.8,3.8
2024-07-03 15:52:00,CNR5465830242,Success,CID277328,Prime Plus,Padmanabhanagar,Hulimavu,63.0,40.0,Not Applicable,Not Applicable,No,Not Applicable,222,UPI,27,3.9,4.8
2024-07-22 15:05:00,CNR6123446463,Canceled by Driver,CID270460,Bike,Cox Town,Langford Town,,,Not Applicable,More than permitted people in there,Not Applicable,Not Applicable,258,Not Applicable,0,,
2024-07-01 03:24:00,CNR5741963970,Success,CID913541,Prime SUV,Yeshwanthpur,Hennur,42.0,40.0,Not Applicable,Not Applicable,No,Not Applicable,675,Cash,41,3.6,4.2
2024-07-13 12:23:00,CNR3907506093,Canceled by Driver,CID652314,Prime Plus,Magadi Road,Shivajinagar,,,Not Applicable,Customer related issue,Not Applicable,Not Applicable,533,Not Applicable,0,,
2024-07-16 18:08:00,CNR9882066147,Success,CID364796,eBike,Cox Town,Rajarajeshwari Nagar,133.0,105.0,Not Applicable,Not Applicable,No,Not Applicable,693,Cash,14,4.9,3.6
2024-07-21 18:00:00,CNR9741206400,Success,CID190536,Prime SUV,Sarjapur Road,Ramamurthy Nagar,224.0,85.0,Not Applicable,Not Applicable,No,Not Applicable,504,UPI,47,4.3,3.8
2024-07-25 10:22:00,CNR8768480909,Success,CID470904,Auto,Devanahalli,Vijayanagar,42.0,140.0,Not Applicable,Not Applicable,No,Not Applicable,1269,Cash,2,4.2,3.2
2024-07-07 22:45:00,CNR2578938512,Success,CID852608,eBike,Magadi Road,Bannerghatta Road,119.0,85.0,Not Applicable,Not Applicable,No,Not Applicable,270,UPI,19,4.7,4.1
2024-07-14 20:35:00,CNR5976384231,Success,CID732287,Auto,Whitefield,Rajarajeshwari Nagar,126.0,35.0,Not Applicable,Not Applicable,No,Not Applicable,357,Cash,9,3.5,3.6
2024-07-08 05:39:00,CNR9347729771,Success,CID525863,Prime SUV,Yelahanka,Chickpet,252.0,115.0,Not Applicable,Not Applicable,No,Not Applicable,207,Cash,21,3.7,3.2
2024-07-10 19:37:00,CNR3223715838,Success,CID367086,eBike,Mysore Road,Basavanagudi,238.0,30.0,Not Applicable,Not Applicable,No,Not Applicable,897,Cash,9,4.8,4.2
2024-07-24 17:13:00,CNR5421989783,Success,CID786252,Bike,Frazer Town,Shantinagar,189.0,125.0,Not Applicable,Not Applicable,No,Not Applicable,163,Cash,48,4.8,3.9
2024-07-22 03:02:00,CNR5664796514,Success,CID812855,Bike,Hulimavu,Tumkur Road,70.0,30.0,Not Applicable,Not Applicable,No,Not Applicable,967,UPI,20,4.8,4.9
2024-07-20 18:19:00,CNR7174496573,Success,CID681909,Bike,Shantinagar,Tumkur Road,189.0,55.0,Not Applicable,Not Applicable,No,Not Applicable,2383,Credit Card,42,3.5,3.1
2024-07-03 14:04:00,CNR6494723884,Success,CID700424,Prime Plus,Chamarajpet,Chamarajpet,140.0,30.0,Not Applicable,Not Applicable,No,Not Applicable,244,Cash,28,3.7,3.4
2024-07-15 21:56:00,CNR4375538405,Success,CID237048,Prime SUV,Hennur,Hennur,217.0,25.0,Not Applicable,Not Applicable,No,Not Applicable,172,Cash,23,3.8,4.4
2024-07-20 19:30:00,CNR1528681471,Success,CID126138,Mini,Koramangala,JP Nagar,203.0,35.0,Not Applicable,Not Applicable,No,Not Applicable,488,Cash,32,4.4,4.6
2024-07-08 02:11:00,CNR2221636846,Driver Not Found,CID988149,Auto,Marathahalli,Sarjapur Road,,,Not Applicable,Not Applicable,Not Applicable,Not Applicable,380,Not Applicable,0,,
2024-07-23 20:07:00,CNR6906977417,Success,CID141641,Auto,Hulimavu,Peenya,35.0,125.0,Not Applicable,Not Applicable,No,Not Applicable,2077,Cash,9,3.4,4.9
2024-07-14 11:34:00,CNR9843073805,Canceled by Driver,CID899958,Prime SUV,Koramangala,Tumkur Road,,,Not Applicable,Personal & Car related issue,Not Applicable,Not Applicable,236,Not Applicable,0,,
2024-07-04 21:25:00,CNR9151211206,Success,CID647939,Bike,Vijayanagar,RT Nagar,238.0,45.0,Not Applicable,Not Applicable,No,Not Applicable,357,UPI,45,4.4,3.7
2024-07-18 02:23:00,CNR7294829844,Success,CID524999,Prime SUV,Basavanagudi,BTM Layout,280.0,25.0,Not Applicable,Not Applicable,No,Not Applicable,496,UPI,6,3.1,3.5
2024-07-15 08:46:00,CNR4251760627,Success,CID619200,Prime Sedan,Hennur,Shivajinagar,287.0,120.0,Not Applicable,Not Applicable,No,Not Applicable,267,UPI,42,3.7,4.2
2024-07-02 20:48:00,CNR4782436678,Driver Not Found,CID907292,eBike,Kadugodi,Nagarbhavi,,,Not Applicable,Not Applicable,Not Applicable,Not Applicable,217,Not Applicable,0,,
2024-07-02 09:02:00,CNR9272724148,Success,CID133101,Prime SUV,Chickpet,Hulimavu,273.0,60.0,Not Applicable,Not Applicable,No,Not Applicable,693,UPI,47,4.8,3.1
2024-07-07 10:41:00,CNR9138347081,Success,CID536334,Prime Plus,Rajajinagar,Varthur,182.0,130.0,Not Applicable,Not Applicable,No,Not Applicable,321,Cash,42,3.8,4.1
2024-07-21 02:36:00,CNR5443417327,Success,CID147408,Prime Sedan,Peenya,Chamarajpet,49.0,115.0,Not Applicable,Not Applicable,No,Not Applicable,470,Cash,22,4.0,4.7
2024-07-12 00:05:00,CNR6894539361,Success,CID843277,Prime SUV,Hebbal,Kammanahalli,133.0,45.0,Not Applicable,Not Applicable,No,Not Applicable,210,UPI,27,4.1,4.0
2024-07-10 07:40:00,CNR6492535530,Success,CID515387,Auto,Hosur Road,Whitefield,189.0,105.0,Not Applicable,Not Applicable,No,Not Applicable,107,Cash,18,3.0,4.0
2024-07-06 07:25:00,CNR8871704300,Success,CID958770,Auto,Chamarajpet,Marathahalli,77.0,130.0,Not Applicable,Not Applicable,No,Not Applicable,423,UPI,10,4.3,4.1
2024-07-04 09:26:00,CNR3965854298,Success,CID509232,Prime Plus,Richmond Town,Tumkur Road,175.0,60.0,Not Applicable,Not Applicable,No,Not Applicable,484,Cash,29,4.3,3.7
2024-07-21 13:12:00,CNR2448674308,Success,CID792355,eBike,RT Nagar,Magadi Road,63.0,70.0,Not Applicable,Not Applicable,No,Not Applicable,976,UPI,4,3.2,3.2
2024-07-14 18:42:00,CNR9952233698,Success,CID601722,Prime Sedan,Rajajinagar,JP Nagar,224.0,105.0,Not Applicable,Not Applicable,Yes,Vehicle Breakdown,583,UPI,24,4.2,3.5
2024-07-05 06:22:00,CNR9984594770,Canceled by Driver,CID232976,Prime Sedan,Rajajinagar,Jayanagar,,,Not Applicable,Personal & Car related issue,Not Applicable,Not Applicable,282,Not Applicable,0,,
2024-07-20 18:27:00,CNR6804206536,Success,CID378032,eBike,RT Nagar,Chickpet,84.0,145.0,Not Applicable,Not Applicable,No,Not Applicable,250,Credit Card,42,4.5,4.4
2024-07-19 01:33:00,CNR4099657115,Success,CID836815,Prime SUV,Langford Town,HSR Layout,168.0,110.0,Not Applicable,Not Applicable,No,Not Applicable,354,Cash,47,4.5,4.1
2024-07-30 19:51:00,CNR4464436362,Success,CID574813,Prime SUV,Padmanabhanagar,Varthur,196.0,70.0,Not Applicable,Not Applicable,No,Not Applicable,385,Cash,10,3.5,4.9
2024-07-20 05:29:00,CNR7369339859,Success,CID238003,Prime Sedan,Yeshwanthpur,Varthur,308.0,30.0,Not Applicable,Not Applicable,No,Not Applicable,934,UPI,21,4.2,4.6
2024-07-10 12:09:00,CNR5199347825,Canceled by Customer,CID999635,Prime Plus,Ulsoor,Koramangala,,,Driver is not moving towards pickup location,Not Applicable,Not Applicable,Not Applicable,455,Not Applicable,0,,
2024-07-10 09:43:00,CNR1747958517,Success,CID341395,Mini,Vijayanagar,Kadugodi,294.0,45.0,Not Applicable,Not Applicable,No,Not Applicable,445,UPI,6,4.6,4.2
2024-07-23 07:36:00,CNR9819334741,Success,CID486646,Prime Sedan,Yelahanka,Hennur,119.0,75.0,Not Applicable,Not Applicable,No,Not Applicable,479,Cash,42,3.9,4.3
2024-07-10 03:06:00,CNR7089604870,Success,CID796268,Auto,Nagarbhavi,Majestic,217.0,145.0,Not Applicable,Not Applicable,No,Not Applicable,114,UPI,18,3.5,4.0
2024-07-02 08:42:00,CNR3564058375,Success,CID348313,Auto,Richmond Town,MG Road,119.0,25.0,Not Applicable,Not Applicable,No,Not Applicable,314,Cash,6,4.7,3.7
2024-07-20 16:57:00,CNR6713483563,Success,CID525029,Bike,Indiranagar,Sahakar Nagar,210.0,130.0,Not Applicable,Not Applicable,No,Not Applicable,645,Cash,47,3.4,4.7
2024-07-18 19:12:00,CNR6093749855,Canceled by Driver,CID681231,Prime SUV,Majestic,Yelahanka,,,Not Applicable,More than permitted people in there,Not Applicable,Not Applicable,842,Not Applicable,0,,
2024-07-25 22:53:00,CNR2674356170,Canceled by Driver,CID600469,Mini,Magadi Road,Kadugodi,,,Not Applicable,Customer related issue,Not Applicable,Not Applicable,364,Not Applicable,0,,
2024-07-07 22:11:00,CNR3103152354,Success,CID767009,Auto,Electronic City,RT Nagar,245.0,40.0,Not Applicable,Not Applicable,Yes,Other Issue,754,Cash,9,4.8,3.8
2024-07-05 16:42:00,CNR8751679873,Success,CID961782,Prime SUV,Sarjapur Road,Peenya,294.0,105.0,Not Applicable,Not Applicable,No,Not Applicable,547,Cash,44,4.1,4.4
2024-07-11 02:21:00,CNR8121473896,Canceled by Customer,CID763349,Prime Sedan,Ulsoor,Indiranagar,,,Driver asked to cancel,Not Applicable,Not Applicable,Not Applicable,394,Not Applicable,0,,
2024-07-08 19:07:00,CNR5850410236,Success,CID339383,eBike,Kadugodi,Majestic,168.0,105.0,Not Applicable,Not Applicable,No,Not Applicable,748,UPI,7,3.6,4.1
2024-07-24 17:59:00,CNR6584910107,Driver Not Found,CID601933,Prime Sedan,Rajarajeshwari Nagar,Chamarajpet,,,Not Applicable,Not Applicable,Not Applicable,Not Applicable,282,Not Applicable,0,,
2024-07-21 07:57:00,CNR4539990317,Canceled by Customer,CID298010,Prime SUV,Kengeri,Vijayanagar,,,AC is Not working,Not Applicable,Not Applicable,Not Applicable,399,Not Applicable,0,,
2024-07-05 19:24:00,CNR2997861966,Success,CID167136,Auto,Indiranagar,Nagarbhavi,56.0,135.0,Not Applicable,Not Applicable,No,Not Applicable,884,Cash,15,4.7,5.0
2024-07-03 09:25:00,CNR8958170979,Success,CID721105,Prime Plus,Koramangala,Bannerghatta Road,126.0,65.0,Not Applicable,Not Applicable,No,Not Applicable,213,Cash,18,4.8,3.2
2024-07-05 17:18:00,CNR5736672105,Success,CID491646,Auto,Yeshwanthpur,Kengeri,266.0,95.0,Not Applicable,Not Applicable,No,Not Applicable,414,Cash,6,4.2,3.7
2024-07-25 11:14:00,CNR5615127365,Success,CID263985,Prime Plus,Hebbal,Mysore Road,91.0,45.0,Not Applicable,Not Applicable,No,Not Applicable,410,UPI,33,3.1,4.6
2024-07-07 00:21:00,CNR7201148222,Driver Not Found,CID848738,Prime Plus,Varthur,Sarjapur Road,,,Not Applicable,Not Applicable,Not Applicable,Not Applicable,791,Not Applicable,0,,
2024-07-03 13:48:00,CNR2219422860,Success,CID904548,Mini,Langford Town,Hennur,210.0,90.0,Not Applicable,Not Applicable,No,Not Applicable,464,Cash,19,4.1,4.4
2024-07-26 03:04:00,CNR5143410568,Success,CID194100,eBike,KR Puram,Ulsoor,140.0,85.0,Not Applicable,Not Applicable,No,Not Applicable,217,UPI,42,4.3,3.4
2024-07-03 17:27:00,CNR5435596900,Canceled by Customer,CID557459,Prime Sedan,Richmond Town,Tumkur Road,,,Wrong Address,Not Applicable,Not Applicable,Not Applicable,437,Not Applicable,0,,
2024-07-23 11:10:00,CNR2295995385,Success,CID556936,eBike,Devanahalli,Kadugodi,84.0,30.0,Not Applicable,Not Applicable,No,Not Applicable,889,Cash,30,4.7,4.2
2024-07-09 14:35:00,CNR9728310452,Canceled by Driver,CID440607,eBike,HSR Layout,Yelahanka,,,Not Applicable,Customer was coughing/sick,Not Applicable,Not Applicable,984,Not Applicable,0,,
2024-07-04 12:58:00,CNR2732498662,Success,CID279180,Auto,Magadi Road,Yelahanka,294.0,35.0,Not Applicable,Not Applicable,No,Not Applicable,120,UPI,1,4.6,4.5
2024-07-06 08:08:00,CNR7589134152,Success,CID570610,Prime Sedan,Sarjapur Road,BTM Layout,91.0,80.0,Not Applicable,Not Applicable,No,Not Applicable,979,Cash,40,3.5,4.3
2024-07-03 19:17:00,CNR5699663767,Success,CID731276,eBike,Kengeri,Tumkur Road,56.0,105.0,Not Applicable,Not Applicable,No,Not Applicable,110,Cash,11,4.7,5.0
2024-07-28 18:47:00,CNR9573842552,Success,CID703627,Bike,Basavanagudi,Devanahalli,273.0,120.0,Not Applicable,Not Applicable,No,Not Applicable,153,Cash,32,3.8,4.8
2024-07-13 22:13:00,CNR6336150320,Success,CID642628,Prime Sedan,Hebbal,Kadugodi,119.0,95.0,Not Applicable,Not Applicable,Yes,Other Issue,805,UPI,28,3.8,4.0
2024-07-28 02:28:00,CNR8059411275,Success,CID759987,Prime SUV,Tumkur Road,Majestic,189.0,145.0,Not Applicable,Not Applicable,No,Not Applicable,700,UPI,35,3.2,4.4
2024-07-13 20:15:00,CNR4370063727,Driver Not Found,CID695368,Prime SUV,Bellandur,Kadugodi,,,Not Applicable,Not Applicable,Not Applicable,Not Applicable,401,Not Applicable,0,,
2024-07-16 21:38:00,CNR2093568016,Canceled by Driver,CID330497,eBike,Tumkur Road,Bellandur,,,Not Applicable,More than permitted people in there,Not Applicable,Not Applicable,231,Not Applicable,0,,
2024-07-13 11:23:00,CNR1397111650,Driver Not Found,CID126607,Prime SUV,Yelahanka,Ulsoor,,,Not Applicable,Not Applicable,Not Applicable,Not Applicable,134,Not Applicable,0,,
2024-07-08 10:12:00,CNR4639304668,Success,CID190293,Prime Sedan,Sahakar Nagar,Kengeri,238.0,140.0,Not Applicable,Not Applicable,No,Not Applicable,158,UPI,28,3.1,3.1
2024-07-11 21:37:00,CNR9278402371,Driver Not Found,CID743497,Auto,Frazer Town,BTM Layout,,,Not Applicable,Not Applicable,Not Applicable,Not Applicable,347,Not Applicable,0,,
2024-07-25 09:34:00,CNR5577767545,Success,CID533102,Prime Sedan,Shivajinagar,Jayanagar,84.0,145.0,Not Applicable,Not Applicable,No,Not Applicable,429,Cash,36,3.3,3.5
2024-07-21 22:33:00,CNR7559328077,Driver Not Found,CID779024,Prime SUV,Marathahalli,Rajajinagar,,,Not Applicable,Not Applicable,Not Applicable,Not Applicable,363,Not Applicable,0,,
2024-07-11 23:51:00,CNR5406621923,Success,CID895887,Prime Plus,Peenya,Rajarajeshwari Nagar,210.0,120.0,Not Applicable,Not Applicable,No,Not Applicable,302,Cash,33,4.5,3.6
2024-07-01 00:35:00,CNR7754995845,Success,CID999526,Auto,Cox Town,Chamarajpet,203.0,140.0,Not Applicable,Not Applicable,No,Not Applicable,2363,UPI,13,4.5,3.2
2024-07-11 09:32:00,CNR8648797933,Success,CID546389,eBike,Jayanagar,Ulsoor,119.0,135.0,Not Applicable,Not Applicable,No,Not Applicable,784,Cash,49,3.6,3.1
2024-07-16 03:49:00,CNR7167994124,Success,CID660066,Prime Sedan,Yeshwanthpur,Langford Town,287.0,145.0,Not Applicable,Not Applicable,No,Not Applicable,1923,Cash,22,3.3,4.1
2024-07-21 23:07:00,CNR8704184443,Success,CID489409,eBike,Sahakar Nagar,Langford Town,224.0,65.0,Not Applicable,Not Applicable,No,Not Applicable,174,UPI,13,4.0,3.0
2024-07-12 00:16:00,CNR7333268511,Canceled by Customer,CID220666,Mini,Yelahanka,Kengeri,,,AC is Not working,Not Applicable,Not Applicable,Not Applicable,183,Not Applicable,0,,
2024-07-10 21:49:00,CNR1752815969,Driver Not Found,CID378585,eBike,Nagarbhavi,Tumkur Road,,,Not Applicable,Not Applicable,Not Applicable,Not Applicable,862,Not Applicable,0,,
2024-07-12 06:06:00,CNR6022015040,Driver Not Found,CID218710,Prime SUV,Ramamurthy Nagar,Jayanagar,,,Not Applicable,Not Applicable,Not Applicable,Not Applicable,957,Not Applicable,0,,
2024-07-13 10:36:00,CNR3299902457,Success,CID136251,Prime Plus,Majestic,Chamarajpet,42.0,125.0,Not Applicable,Not Applicable,No,Not Applicable,285,Credit Card,6,3.2,4.3
2024-07-04 06:41:00,CNR9361970391,Success,CID575978,eBike,Nagarbhavi,Langford Town,77.0,35.0,Not Applicable,Not Applicable,No,Not Applicable,178,Cash,5,3.3,3.1
2024-07-20 09:06:00,CNR8901429270,Success,CID390163,Mini,KR Puram,HSR Layout,35.0,55.0,Not Applicable,Not Applicable,No,Not Applicable,750,Cash,14,3.6,4.9
2024-07-30 21:23:00,CNR5385052643,Success,CID409851,Bike,Kammanahalli,Koramangala,98.0,75.0,Not Applicable,Not Applicable,No,Not Applicable,115,Cash,27,4.5,3.6
2024-07-14 03:52:00,CNR5012332929,Success,CID224197,Prime Plus,Whitefield,Ulsoor,77.0,110.0,Not Applicable,Not Applicable,No,Not Applicable,438,Credit Card,47,4.0,3.2
2024-07-04 00:57:00,CNR4368306066,Success,CID569331,Bike,Indiranagar,HSR Layout,70.0,130.0,Not Applicable,Not Applicable,No,Not Applicable,996,UPI,6,3.0,3.9
2024-07-15 17:43:00,CNR7055722291,Success,CID599545,Prime Sedan,JP Nagar,Shantinagar,266.0,30.0,Not Applicable,Not Applicable,No,Not Applicable,494,UPI,48,4.4,3.9
2024-07-11 12:41:00,CNR4483652553,Driver Not Found,CID456276,Prime Plus,BTM Layout,Marathahalli,,,Not Applicable,Not Applicable,Not Applicable,Not Applicable,142,Not Applicable,0,,
2024-07-25 05:05:00,CNR8426545872,Driver Not Found,CID113905,Prime Plus,Bellandur,RT Nagar,,,Not Applicable,Not Applicable,Not Applicable,Not Applicable,1032,Not Applicable,0,,
2024-07-11 22:41:00,CNR4313452189,Success,CID788895,Bike,Shivajinagar,Malleshwaram,224.0,100.0,Not Applicable,Not Applicable,No,Not Applicable,514,Cash,42,4.5,4.0
2024-07-07 01:58:00,CNR1834371537,Canceled by Driver,CID633093,Bike,Padmanabhanagar,Hulimavu,,,Not Applicable,Personal & Car related issue,Not Applicable,Not Applicable,117,Not Applicable,0,,
2024-07-27 16:07:00,CNR4999906835,Success,CID603370,Prime Sedan,Cox Town,Marathahalli,105.0,140.0,Not Applicable,Not Applicable,No,Not Applicable,564,UPI,6,3.2,3.3
2024-07-01 14:44:00,CNR7843304032,Success,CID195002,Auto,Peenya,Magadi Road,203.0,60.0,Not Applicable,Not Applicable,No,Not Applicable,348,Credit Card,7,3.1,3.5
2024-07-07 07:43:00,CNR2255298333,Success,CID660059,Auto,Bellandur,Magadi Road,140.0,105.0,Not Applicable,Not Applicable,No,Not Applicable,767,UPI,2,4.3,3.3
2024-07-03 18:48:00,CNR2188873856,Canceled by Customer,CID188956,eBike,Bellandur,Majestic,,,Change of plans,Not Applicable,Not Applicable,Not Applicable,464,Not Applicable,0,,
2024-07-13 13:30:00,CNR1812438695,Success,CID622008,Prime Sedan,Hulimavu,Frazer Town,203.0,70.0,Not Applicable,Not Applicable,No,Not Applicable,295,UPI,20,3.1,4.2
2024-07-15 08:13:00,CNR9256059967,Canceled by Driver,CID275030,Prime SUV,Richmond Town,Kadugodi,,,Not Applicable,Customer related issue,Not Applicable,Not Applicable,280,Not Applicable,0,,
2024-07-04 14:59:00,CNR3136533996,Success,CID585898,Prime SUV,Banashankari,Cox Town,105.0,140.0,Not Applicable,Not Applicable,No,Not Applicable,739,UPI,28,3.2,3.9
2024-07-28 04:19:00,CNR8198157477,Canceled by Customer,CID954713,Bike,Banashankari,Mysore Road,,,Driver asked to cancel,Not Applicable,Not Applicable,Not Applicable,198,Not Applicable,0,,
2024-07-30 23:56:00,CNR4333788627,Canceled by Customer,CID979455,Prime Plus,Marathahalli,Ulsoor,,,Change of plans,Not Applicable,Not Applicable,Not Applicable,406,Not Applicable,0,,
2024-07-30 14:44:00,CNR9564254479,Success,CID293859,Auto,MG Road,Magadi Road,77.0,100.0,Not Applicable,Not Applicable,No,Not Applicable,647,UPI,18,4.1,3.4
2024-07-10 07:35:00,CNR7221160789,Canceled by Driver,CID208197,Mini,Koramangala,Koramangala,,,Not Applicable,Personal & Car related issue,Not Applicable,Not Applicable,535,Not Applicable,0,,
2024-07-09 16:53:00,CNR1280169053,Canceled by Customer,CID339445,eBike,MG Road,Shantinagar,,,Change of plans,Not Applicable,Not Applicable,Not Applicable,105,Not Applicable,0,,
2024-07-27 18:19:00,CNR3977117776,Driver Not Found,CID323069,Prime Sedan,Frazer Town,Marathahalli,,,Not Applicable,Not Applicable,Not Applicable,Not Applicable,127,Not Applicable,0,,
2024-07-09 12:53:00,CNR8135610885,Success,CID813177,Prime Sedan,Rajajinagar,Chickpet,238.0,125.0,Not Applicable,Not Applicable,No,Not Applicable,282,Cash,27,4.7,4.3
2024-07-20 04:25:00,CNR4808707202,Success,CID605893,Prime SUV,Kengeri,Hebbal,161.0,50.0,Not Applicable,Not Applicable,No,Not Applicable,217,UPI,9,3.6,4.3
2024-07-24 20:43:00,CNR8461975671,Canceled by Customer,CID924366,Prime Plus,Rajajinagar,Cox Town,,,Driver is not moving towards pickup location,Not Applicable,Not Applicable,Not Applicable,427,Not Applicable,0,,
2024-07-10 18:03:00,CNR7442823640,Success,CID181151,eBike,Marathahalli,Devanahalli,168.0,70.0,Not Applicable,Not Applicable,Yes,Customer Demand,469,UPI,6,4.8,3.5
2024-07-24 19:38:00,CNR9458036676,Success,CID342362,Mini,Jayanagar,Sarjapur Road,301.0,60.0,Not Applicable,Not Applicable,No,Not Applicable,179,Cash,30,4.7,4.2
2024-07-29 07:48:00,CNR6035543436,Success,CID905534,Bike,Bellandur,Shantinagar,280.0,135.0,Not Applicable,Not Applicable,No,Not Applicable,194,UPI,19,4.2,3.3
2024-07-19 11:33:00,CNR1537653307,Success,CID249368,eBike,Frazer Town,Tumkur Road,112.0,65.0,Not Applicable,Not Applicable,Yes,Customer Demand,191,Cash,47,3.7,3.1
2024-07-10 13:38:00,CNR4871798419,Success,CID201428,Mini,Mysore Road,Shantinagar,189.0,125.0,Not Applicable,Not Applicable,No,Not Applicable,963,Cash,43,4.2,4.8
2024-07-24 10:23:00,CNR9723717932,Success,CID479799,Prime Sedan,Yelahanka,Chamarajpet,161.0,100.0,Not Applicable,Not Applicable,No,Not Applicable,2822,Cash,9,4.8,3.7
2024-07-16 15:14:00,CNR1918834978,Success,CID273026,Prime Plus,Yeshwanthpur,Banashankari,140.0,30.0,Not Applicable,Not Applicable,No,Not Applicable,122,Cash,11,3.2,3.3
2024-07-17 23:16:00,CNR8104717472,Canceled by Customer,CID668666,Bike,Electronic City,Yelahanka,,,Driver is not moving towards pickup location,Not Applicable,Not Applicable,Not Applicable,303,Not Applicable,0,,
2024-07-21 22:37:00,CNR8681746659,Success,CID299801,Mini,Jayanagar,Hulimavu,91.0,45.0,Not Applicable,Not Applicable,No,Not Applicable,264,UPI,37,3.1,4.8
2024-07-17 04:01:00,CNR2104935822,Canceled by Customer,CID155352,Prime Plus,Magadi Road,Kadugodi,,,Driver asked to cancel,Not Applicable,Not Applicable,Not Applicable,617,Not Applicable,0,,
2024-07-04 05:24:00,CNR6903211962,Success,CID256698,Mini,Cox Town,Majestic,168.0,100.0,Not Applicable,Not Applicable,No,Not Applicable,211,Cash,46,4.4,4.7
2024-07-11 23:45:00,CNR3156387870,Success,CID831872,Prime SUV,Peenya,Kammanahalli,280.0,95.0,Not Applicable,Not Applicable,No,Not Applicable,465,Cash,10,4.0,4.6
2024-07-28 00:53:00,CNR6078907669,Success,CID533617,Bike,JP Nagar,Nagarbhavi,210.0,40.0,Not Applicable,Not Applicable,No,Not Applicable,391,Cash,15,4.2,3.4
2024-07-01 14:31:00,CNR5084142426,Success,CID328271,Prime SUV,Varthur,Hebbal,238.0,90.0,Not Applicable,Not Applicable,No,Not Applicable,259,Cash,46,4.7,3.1
2024-07-18 09:10:00,CNR4782062284,Success,CID140196,Mini,Bellandur,Sahakar Nagar,49.0,120.0,Not Applicable,Not Applicable,No,Not Applicable,1772,Cash,42,3.8,3.3
2024-07-09 07:01:00,CNR6647771024,Success,CID369562,eBike,Rajajinagar,Basavanagudi,196.0,70.0,Not Applicable,Not Applicable,No,Not Applicable,230,Cash,47,3.2,3.9
2024-07-05 01:26:00,CNR6965308155,Success,CID284010,Bike,Cox Town,Ulsoor,91.0,115.0,Not Applicable,Not Applicable,No,Not Applicable,147,Cash,18,3.7,3.8
2024-07-27 06:50:00,CNR3772805879,Success,CID947610,eBike,Rajajinagar,Hebbal,294.0,70.0,Not Applicable,Not Applicable,No,Not Applicable,102,Cash,9,4.9,5.0
2024-07-14 07:31:00,CNR8241084931,Success,CID796649,eBike,Whitefield,Majestic,287.0,100.0,Not Applicable,Not Applicable,No,Not Applicable,153,UPI,26,3.8,4.4
2024-07-07 07:13:00,CNR4492742152,Canceled by Driver,CID534744,Auto,Hulimavu,MG Road,,,Not Applicable,Customer related issue,Not Applicable,Not Applicable,359,Not Applicable,0,,
2024-07-28 04:05:00,CNR7916606039,Success,CID875600,Bike,Tumkur Road,Whitefield,42.0,75.0,Not Applicable,Not Applicable,No,Not Applicable,171,Cash,4,3.1,4.1
2024-07-29 19:41:00,CNR8815471702,Success,CID195133,Prime SUV,Langford Town,Padmanabhanagar,161.0,35.0,Not Applicable,Not Applicable,No,Not Applicable,611,UPI,16,4.5,3.9
2024-07-10 19:06:00,CNR7528041649,Success,CID697028,Auto,Devanahalli,BTM Layout,126.0,65.0,Not Applicable,Not Applicable,No,Not Applicable,340,Cash,13,3.7,3.2
2024-07-03 03:10:00,CNR7667678670,Driver Not Found,CID330941,Prime Plus,Electronic City,Kadugodi,,,Not Applicable,Not Applicable,Not Applicable,Not Applicable,378,Not Applicable,0,,
2024-07-28 22:19:00,CNR2280786563,Success,CID369590,Prime Plus,Nagarbhavi,Nagarbhavi,154.0,80.0,Not Applicable,Not Applicable,No,Not Applicable,465,UPI,20,4.4,3.7
2024-07-04 13:33:00,CNR8212087657,Success,CID639733,Auto,Cox Town,Chickpet,35.0,85.0,Not Applicable,Not Applicable,No,Not Applicable,266,Cash,9,4.2,4.3
2024-07-08 15:06:00,CNR3553257754,Success,CID109371,Prime Plus,Hosur Road,Vijayanagar,294.0,95.0,Not Applicable,Not Applicable,No,Not Applicable,446,UPI,19,4.4,3.2
2024-07-24 15:51:00,CNR5016841902,Success,CID332145,Prime SUV,Jayanagar,Yelahanka,266.0,95.0,Not Applicable,Not Applicable,No,Not Applicable,359,UPI,14,4.0,4.4
2024-07-28 17:40:00,CNR6388955506,Success,CID860269,Prime Sedan,Rajajinagar,Rajarajeshwari Nagar,266.0,50.0,Not Applicable,Not Applicable,No,Not Applicable,187,Cash,8,4.8,3.6
2024-07-09 10:47:00,CNR3211314174,Success,CID432109,Mini,HSR Layout,Hebbal,126.0,140.0,Not Applicable,Not Applicable,No,Not Applicable,264,Cash,12,4.2,4.8
2024-07-04 11:37:00,CNR6420639325,Success,CID731249,eBike,Cox Town,Hennur,231.0,140.0,Not Applicable,Not Applicable,No,Not Applicable,444,Cash,2,4.2,3.5
2024-07-25 09:43:00,CNR1541789709,Success,CID388594,Mini,Rajajinagar,Yelahanka,238.0,125.0,Not Applicable,Not Applicable,No,Not Applicable,507,Cash,35,4.5,4.8
2024-07-13 08:43:00,CNR3625684453,Driver Not Found,CID609804,Prime SUV,Bellandur,Devanahalli,,,Not Applicable,Not Applicable,Not Applicable,Not Applicable,443,Not Applicable,0,,
2024-07-10 09:09:00,CNR9260554681,Success,CID801666,eBike,HSR Layout,Koramangala,126.0,85.0,Not Applicable,Not Applicable,No,Not Applicable,480,Cash,37,4.7,3.5
2024-07-24 11:02:00,CNR2204314697,Canceled by Driver,CID833389,Prime Plus,Tumkur Road,Vijayanagar,,,Not Applicable,Personal & Car related issue,Not Applicable,Not Applicable,768,Not Applicable,0,,
2024-07-20 15:04:00,CNR6886067616,Success,CID655718,Prime Plus,Hennur,Indiranagar,245.0,90.0,Not Applicable,Not Applicable,No,Not Applicable,214,UPI,16,4.3,4.2
2024-07-09 19:33:00,CNR1819349141,Success,CID743706,Prime Sedan,Mysore Road,Bannerghatta Road,84.0,135.0,Not Applicable,Not Applicable,No,Not Applicable,184,Cash,19,3.8,3.7
2024-07-14 22:44:00,CNR3215396673,Success,CID326210,Prime Sedan,Indiranagar,Nagarbhavi,252.0,50.0,Not Applicable,Not Applicable,No,Not Applicable,103,Cash,8,3.4,4.2
2024-07-26 10:11:00,CNR2770300849,Success,CID153728,Prime Sedan,Varthur,Basavanagudi,231.0,65.0,Not Applicable,Not Applicable,No,Not Applicable,448,UPI,11,3.7,3.2
2024-07-07 07:23:00,CNR4393387214,Driver Not Found,CID184542,Auto,Majestic,Chamarajpet,,,Not Applicable,Not Applicable,Not Applicable,Not Applicable,414,Not Applicable,0,,
2024-07-09 16:18:00,CNR6253646825,Success,CID213853,Prime Plus,Richmond Town,Vijayanagar,105.0,120.0,Not Applicable,Not Applicable,No,Not Applicable,155,Cash,40,4.6,4.2
2024-07-18 05:20:00,CNR1380097747,Success,CID854282,Prime Plus,Banashankari,Malleshwaram,133.0,145.0,Not Applicable,Not Applicable,No,Not Applicable,280,UPI,4,4.3,3.5
2024-07-29 03:50:00,CNR5053918519,Success,CID384257,Bike,Sahakar Nagar,Hosur Road,42.0,80.0,Not Applicable,Not Applicable,No,Not Applicable,212,Cash,11,3.3,3.2
2024-07-01 01:37:00,CNR5556558579,Success,CID862861,Auto,Hulimavu,Hebbal,84.0,115.0,Not Applicable,Not Applicable,No,Not Applicable,536,UPI,12,3.9,4.0
2024-07-15 03:06:00,CNR8053412816,Success,CID353849,Mini,Yelahanka,Richmond Town,56.0,80.0,Not Applicable,Not Applicable,No,Not Applicable,963,UPI,11,4.6,4.1
2024-07-26 14:18:00,CNR6166964353,Success,CID313947,Bike,Jayanagar,Sahakar Nagar,126.0,45.0,Not Applicable,Not Applicable,No,Not Applicable,454,Cash,15,3.6,3.6
2024-07-23 06:09:00,CNR4795089831,Canceled by Driver,CID356542,eBike,Chamarajpet,Hennur,,,Not Applicable,Personal & Car related issue,Not Applicable,Not Applicable,299,Not Applicable,0,,
2024-07-26 05:17:00,CNR7607971080,Canceled by Customer,CID332266,Prime Sedan,Varthur,Marathahalli,,,Driver asked to cancel,Not Applicable,Not Applicable,Not Applicable,299,Not Applicable,0,,
2024-07-03 14:24:00,CNR3544770639,Canceled by Driver,CID176556,Auto,Hebbal,Bellandur,,,Not Applicable,Customer related issue,Not Applicable,Not Applicable,334,Not Applicable,0,,
2024-07-03 11:38:00,CNR8828902645,Canceled by Driver,CID322856,Prime Sedan,Hulimavu,Yelahanka,,,Not Applicable,More than permitted people in there,Not Applicable,Not Applicable,363,Not Applicable,0,,
2024-07-18 04:01:00,CNR2329761115,Success,CID901611,eBike,Langford Town,Vijayanagar,196.0,135.0,Not Applicable,Not Applicable,No,Not Applicable,249,Cash,3,3.5,4.3
2024-07-13 00:38:00,CNR6016488085,Driver Not Found,CID789589,Auto,Kammanahalli,Yelahanka,,,Not Applicable,Not Applicable,Not Applicable,Not Applicable,464,Not Applicable,0,,
2024-07-30 08:03:00,CNR6133845343,Success,CID661953,Auto,Langford Town,Whitefield,259.0,85.0,Not Applicable,Not Applicable,No,Not Applicable,230,UPI,15,4.1,4.4
2024-07-18 13:32:00,CNR5944623233,Driver Not Found,CID625589,Mini,Shantinagar,Ulsoor,,,Not Applicable,Not Applicable,Not Applicable,Not Applicable,502,Not Applicable,0,,
2024-07-30 21:08:00,CNR6276161382,Canceled by Driver,CID154032,Prime Plus,Peenya,Cox Town,,,Not Applicable,Customer related issue,Not Applicable,Not Applicable,989,Not Applicable,0,,
2024-07-07 06:13:00,CNR6877685018,Success,CID955786,eBike,Yelahanka,BTM Layout,140.0,70.0,Not Applicable,Not Applicable,No,Not Applicable,114,UPI,43,3.6,4.5
2024-07-20 04:22:00,CNR8237555611,Canceled by Customer,CID892216,eBike,Chickpet,Chickpet,,,AC is Not working,Not Applicable,Not Applicable,Not Applicable,445,Not Applicable,0,,
2024-07-15 15:29:00,CNR3158791558,Success,CID865179,eBike,Rajajinagar,Frazer Town,175.0,40.0,Not Applicable,Not Applicable,No,Not Applicable,303,Cash,20,3.5,4.1
2024-07-08 11:25:00,CNR5226218313,Success,CID579099,Bike,Frazer Town,Bellandur,189.0,110.0,Not Applicable,Not Applicable,Yes,Vehicle Breakdown,267,Cash,8,3.1,4.8
2024-07-17 09:13:00,CNR5062872428,Success,CID964025,eBike,RT Nagar,Shivajinagar,259.0,70.0,Not Applicable,Not Applicable,No,Not Applicable,450,Cash,25,3.7,4.1
2024-07-11 17:38:00,CNR9767271166,Canceled by Customer,CID222097,Auto,Bellandur,Vijayanagar,,,Driver is not moving towards pickup location,Not Applicable,Not Applicable,Not Applicable,112,Not Applicable,0,,
2024-07-19 01:31:00,CNR8714051886,Success,CID635058,eBike,Tumkur Road,Magadi Road,126.0,35.0,Not Applicable,Not Applicable,Yes,Customer Demand,482,Cash,36,3.9,3.6
2024-07-04 12:10:00,CNR8765620434,Success,CID791583,Prime Plus,Chickpet,KR Puram,175.0,100.0,Not Applicable,Not Applicable,No,Not Applicable,450,UPI,21,4.5,4.2
2024-07-11 02:49:00,CNR1948307601,Success,CID565625,eBike,Whitefield,Hulimavu,42.0,90.0,Not Applicable,Not Applicable,No,Not Applicable,261,Cash,49,4.7,4.2
2024-07-08 17:00:00,CNR6334459287,Success,CID833676,Prime Sedan,Basavanagudi,Majestic,203.0,100.0,Not Applicable,Not Applicable,No,Not Applicable,603,Cash,10,4.0,4.7
2024-07-30 18:04:00,CNR2525374225,Success,CID260618,Prime SUV,Majestic,Majestic,308.0,85.0,Not Applicable,Not Applicable,Yes,Vehicle Breakdown,830,Cash,7,3.6,4.4
2024-07-26 19:21:00,CNR7966548560,Canceled by Driver,CID880222,Mini,Sarjapur Road,Hebbal,,,Not Applicable,Customer was coughing/sick,Not Applicable,Not Applicable,782,Not Applicable,0,,
2024-07-16 00:25:00,CNR6730963415,Success,CID516877,Mini,Whitefield,Vijayanagar,56.0,40.0,Not Applicable,Not Applicable,No,Not Applicable,215,UPI,2,4.7,4.5
2024-07-28 01:05:00,CNR3518088238,Driver Not Found,CID165224,eBike,Kengeri,Malleshwaram,,,Not Applicable,Not Applicable,Not Applicable,Not Applicable,420,Not Applicable,0,,
2024-07-22 12:58:00,CNR6211657256,Success,CID740002,Prime Sedan,Devanahalli,Sarjapur Road,210.0,80.0,Not Applicable,Not Applicable,Yes,Other Issue,1680,Cash,19,3.6,4.0
2024-07-13 16:30:00,CNR1218151014,Success,CID433633,Auto,Rajajinagar,Indiranagar,280.0,90.0,Not Applicable,Not Applicable,No,Not Applicable,135,Cash,11,3.4,3.1
2024-07-04 23:04:00,CNR3110296688,Success,CID847074,Prime SUV,Ramamurthy Nagar,Majestic,252.0,85.0,Not Applicable,Not Applicable,No,Not Applicable,366,Credit Card,12,4.0,3.7
2024-07-14 13:14:00,CNR2432497222,Canceled by Driver,CID523552,Prime Plus,Koramangala,JP Nagar,,,Not Applicable,More than permitted people in there,Not Applicable,Not Applicable,701,Not Applicable,0,,
2024-07-23 06:43:00,CNR1075899938,Success,CID920103,Mini,Tumkur Road,Sarjapur Road,238.0,95.0,Not Applicable,Not Applicable,No,Not Applicable,146,Credit Card,23,4.6,3.4
2024-07-26 04:34:00,CNR3266220535,Canceled by Customer,CID912741,eBike,Peenya,Chickpet,,,Driver is not moving towards pickup location,Not Applicable,Not Applicable,Not Applicable,438,Not Applicable,0,,
2024-07-06 20:59:00,CNR3723731454,Canceled by Driver,CID550667,Prime Plus,Padmanabhanagar,Ramamurthy Nagar,,,Not Applicable,Customer related issue,Not Applicable,Not Applicable,415,Not Applicable,0,,
2024-07-02 08:41:00,CNR7408789894,Success,CID724164,Prime SUV,Richmond Town,Bannerghatta Road,231.0,100.0,Not Applicable,Not Applicable,Yes,Vehicle Breakdown,139,UPI,40,4.1,4.1
2024-07-30 15:37:00,CNR7856399484,Canceled by Customer,CID316310,Prime SUV,Majestic,Sarjapur Road,,,Driver asked to cancel,Not Applicable,Not Applicable,Not Applicable,309,Not Applicable,0,,
2024-07-23 08:23:00,CNR6997565924,Driver Not Found,CID568532,Bike,Sarjapur Road,Electronic City,,,Not Applicable,Not Applicable,Not Applicable,Not Applicable,704,Not Applicable,0,,
2024-07-06 00:02:00,CNR1932498280,Canceled by Customer,CID631780,eBike,Tumkur Road,MG Road,,,AC is Not working,Not Applicable,Not Applicable,Not Applicable,761,Not Applicable,0,,
2024-07-20 01:25:00,CNR7506400850,Success,CID375216,eBike,Rajajinagar,Shantinagar,182.0,25.0,Not Applicable,Not Applicable,No,Not Applicable,581,UPI,16,4.4,4.2
2024-07-25 09:10:00,CNR4894658230,Driver Not Found,CID358683,Mini,Hebbal,BTM Layout,,,Not Applicable,Not Applicable,Not Applicable,Not Applicable,743,Not Applicable,0,,
2024-07-03 17:46:00,CNR5037890414,Success,CID847852,Prime SUV,Chamarajpet,BTM Layout,35.0,75.0,Not Applicable,Not Applicable,No,Not Applicable,452,Cash,33,3.3,4.5
2024-07-25 13:54:00,CNR7635439345,Success,CID372724,Auto,Vijayanagar,Richmond Town,140.0,55.0,Not Applicable,Not Applicable,No,Not Applicable,245,UPI,16,4.0,4.9
2024-07-11 22:30:00,CNR3952325000,Driver Not Found,CID488752,Prime Sedan,Varthur,Marathahalli,,,Not Applicable,Not Applicable,Not Applicable,Not Applicable,231,Not Applicable,0,,
2024-07-28 17:52:00,CNR7638217900,Canceled by Driver,CID591201,Prime Plus,Marathahalli,JP Nagar,,,Not Applicable,Customer was coughing/sick,Not Applicable,Not Applicable,131,Not Applicable,0,,
2024-07-15 20:39:00,CNR4621314427,Success,CID617477,Bike,Whitefield,Marathahalli,133.0,25.0,Not Applicable,Not Applicable,No,Not Applicable,433,Cash,25,3.7,4.8
2024-07-28 20:53:00,CNR5274809420,Canceled by Driver,CID883936,eBike,Richmond Town,Majestic,,,Not Applicable,More than permitted people in there,Not Applicable,Not Applicable,613,Not Applicable,0,,
2024-07-14 03:12:00,CNR5292259627,Canceled by Customer,CID223064,Bike,Basavanagudi,Nagarbhavi,,,Driver asked to cancel,Not Applicable,Not Applicable,Not Applicable,160,Not Applicable,0,,
2024-07-18 06:57:00,CNR6402349306,Success,CID909291,Auto,Vijayanagar,Devanahalli,266.0,115.0,Not Applicable,Not Applicable,No,Not Applicable,658,Cash,17,3.5,4.8
2024-07-22 05:57:00,CNR5231273864,Canceled by Driver,CID702598,Mini,BTM Layout,Cox Town,,,Not Applicable,Customer was coughing/sick,Not Applicable,Not Applicable,423,Not Applicable,0,,
2024-07-17 22:53:00,CNR8364340519,Success,CID135823,eBike,Whitefield,Kammanahalli,77.0,55.0,Not Applicable,Not Applicable,No,Not Applicable,125,Cash,49,3.2,4.0
2024-07-01 17:53:00,CNR6784000828,Success,CID250994,Bike,Chamarajpet,MG Road,168.0,40.0,Not Applicable,Not Applicable,No,Not Applicable,400,UPI,10,3.4,4.0
2024-07-21 05:45:00,CNR1013811805,Success,CID171938,eBike,Kammanahalli,Hosur Road,175.0,120.0,Not Applicable,Not Applicable,No,Not Applicable,2145,Cash,40,4.3,3.7
2024-07-27 15:48:00,CNR5171247686,Success,CID700312,Prime SUV,HSR Layout,RT Nagar,105.0,40.0,Not Applicable,Not Applicable,No,Not Applicable,282,Cash,44,3.2,4.8
2024-07-05 01:12:00,CNR7068686695,Success,CID696650,Prime SUV,RT Nagar,Frazer Town,98.0,90.0,Not Applicable,Not Applicable,No,Not Applicable,165,Cash,8,3.4,3.7
2024-07-23 18:02:00,CNR1684650448,Success,CID705031,Mini,BTM Layout,Frazer Town,161.0,110.0,Not Applicable,Not Applicable,No,Not Applicable,203,UPI,3,4.0,3.5
2024-07-07 04:03:00,CNR9236783573,Canceled by Driver,CID536473,Auto,Richmond Town,Nagarbhavi,,,Not Applicable,Customer related issue,Not Applicable,Not Applicable,744,Not Applicable,0,,
2024-07-14 18:16:00,CNR6715569266,Success,CID211130,Prime Plus,Koramangala,Varthur,77.0,140.0,Not Applicable,Not Applicable,No,Not Applicable,904,Cash,38,3.0,3.1
2024-07-28 19:16:00,CNR4584477555,Success,CID863530,Mini,Hosur Road,Hennur,245.0,65.0,Not Applicable,Not Applicable,No,Not Applicable,192,UPI,36,4.8,4.1
2024-07-28 11:45:00,CNR6791091276,Success,CID102065,Prime SUV,Richmond Town,Whitefield,140.0,145.0,Not Applicable,Not Applicable,No,Not Applicable,426,Cash,12,4.4,4.6
2024-07-13 20:57:00,CNR1754586577,Success,CID503587,Prime Sedan,Frazer Town,Peenya,266.0,40.0,Not Applicable,Not Applicable,No,Not Applicable,286,Cash,18,3.7,4.8
2024-07-12 02:02:00,CNR2206024005,Canceled by Driver,CID183297,Bike,Yeshwanthpur,Kadugodi,,,Not Applicable,Personal & Car related issue,Not Applicable,Not Applicable,182,Not Applicable,0,,
2024-07-27 00:02:00,CNR8413561906,Success,CID891819,Mini,Electronic City,Basavanagudi,98.0,70.0,Not Applicable,Not Applicable,No,Not Applicable,301,UPI,10,3.5,4.5
2024-07-29 14:23:00,CNR8479959018,Success,CID484393,eBike,Rajajinagar,Varthur,231.0,105.0,Not Applicable,Not Applicable,No,Not Applicable,805,Cash,39,4.4,3.8
2024-07-05 14:19:00,CNR8093719364,Canceled by Driver,CID116709,Bike,Yelahanka,Peenya,,,Not Applicable,More than permitted people in there,Not Applicable,Not Applicable,211,Not Applicable,0,,
2024-07-20 07:12:00,CNR8095721214,Canceled by Driver,CID265959,eBike,Jayanagar,Yelahanka,,,Not Applicable,Personal & Car related issue,Not Applicable,Not Applicable,133,Not Applicable,0,,
2024-07-09 20:46:00,CNR1953312164,Success,CID221391,Prime SUV,Kadugodi,Shivajinagar,119.0,90.0,Not Applicable,Not Applicable,No,Not Applicable,458,Cash,8,4.0,3.4
2024-07-05 23:31:00,CNR3558615521,Success,CID579559,Prime Plus,Kadugodi,Hulimavu,161.0,105.0,Not Applicable,Not Applicable,No,Not Applicable,726,Cash,35,4.4,4.4
2024-07-08 13:34:00,CNR2434759401,Canceled by Driver,CID228985,Mini,Bannerghatta Road,Kammanahalli,,,Not Applicable,More than permitted people in there,Not Applicable,Not Applicable,415,Not Applicable,0,,
2024-07-25 02:14:00,CNR6121861239,Success,CID422905,eBike,Hennur,Sahakar Nagar,287.0,85.0,Not Applicable,Not Applicable,No,Not Applicable,277,UPI,45,4.7,3.3
2024-07-15 14:16:00,CNR2014502252,Driver Not Found,CID446827,Mini,Shivajinagar,Varthur,,,Not Applicable,Not Applicable,Not Applicable,Not Applicable,427,Not Applicable,0,,
2024-07-25 00:12:00,CNR4324753313,Success,CID103146,Auto,Yeshwanthpur,Cox Town,98.0,130.0,Not Applicable,Not Applicable,No,Not Applicable,136,Cash,16,3.4,3.3
2024-07-17 11:10:00,CNR3308894743,Success,CID156935,eBike,MG Road,KR Puram,231.0,30.0,Not Applicable,Not Applicable,No,Not Applicable,240,UPI,28,4.9,3.1
2024-07-26 13:56:00,CNR1134998849,Driver Not Found,CID366208,Prime SUV,Devanahalli,Electronic City,,,Not Applicable,Not Applicable,Not Applicable,Not Applicable,123,Not Applicable,0,,
2024-07-02 17:36:00,CNR2971281405,Success,CID395244,Mini,Rajajinagar,Varthur,168.0,105.0,Not Applicable,Not Applicable,No,Not Applicable,142,Cash,1,4.9,3.2
2024-07-17 10:36:00,CNR9496891669,Success,CID667805,eBike,Yelahanka,Mysore Road,140.0,30.0,Not Applicable,Not Applicable,No,Not Applicable,411,UPI,15,4.3,3.1
2024-07-03 20:15:00,CNR2221555092,Canceled by Driver,CID908295,Prime SUV,Yelahanka,Langford Town,,,Not Applicable,Customer was coughing/sick,Not Applicable,Not Applicable,346,Not Applicable,0,,
2024-07-03 08:24:00,CNR5141666766,Canceled by Customer,CID567667,Mini,Vijayanagar,Shantinagar,,,Driver asked to cancel,Not Applicable,Not Applicable,Not Applicable,856,Not Applicable,0,,
2024-07-04 01:51:00,CNR3083119557,Success,CID378871,Prime Sedan,Cox Town,HSR Layout,259.0,30.0,Not Applicable,Not Applicable,No,Not Applicable,106,Cash,19,4.1,3.9
2024-07-09 14:25:00,CNR3384828654,Success,CID191450,Auto,Chickpet,Sahakar Nagar,231.0,95.0,Not Applicable,Not Applicable,No,Not Applicable,383,Credit Card,7,4.6,4.8
2024-07-27 19:20:00,CNR6901024913,Canceled by Customer,CID538221,Prime Sedan,Malleshwaram,Kadugodi,,,Wrong Address,Not Applicable,Not Applicable,Not Applicable,955,Not Applicable,0,,
2024-07-15 04:46:00,CNR2250086472,Success,CID218975,Auto,Banashankari,Sahakar Nagar,231.0,50.0,Not Applicable,Not Applicable,No,Not Applicable,406,Cash,3,3.4,4.2
2024-07-17 06:22:00,CNR3167991948,Success,CID419623,Auto,Ramamurthy Nagar,Chamarajpet,112.0,35.0,Not Applicable,Not Applicable,No,Not Applicable,380,Cash,11,4.4,4.6
2024-07-02 23:21:00,CNR8249209969,Success,CID796560,Prime Sedan,Rajarajeshwari Nagar,Hulimavu,210.0,75.0,Not Applicable,Not Applicable,No,Not Applicable,453,Cash,3,3.1,4.5
2024-07-08 16:59:00,CNR9577699476,Success,CID242491,eBike,Indiranagar,Basavanagudi,252.0,55.0,Not Applicable,Not Applicable,No,Not Applicable,154,Cash,32,4.8,3.1
2024-07-19 03:20:00,CNR9032426024,Canceled by Driver,CID288854,eBike,Whitefield,Kadugodi,,,Not Applicable,Personal & Car related issue,Not Applicable,Not Applicable,155,Not Applicable,0,,
2024-07-08 07:42:00,CNR4284980684,Canceled by Driver,CID207044,Prime SUV,Kadugodi,RT Nagar,,,Not Applicable,Customer related issue,Not Applicable,Not Applicable,319,Not Applicable,0,,
2024-07-10 11:13:00,CNR3010266437,Canceled by Driver,CID750372,Auto,Mysore Road,Chamarajpet,,,Not Applicable,Personal & Car related issue,Not Applicable,Not Applicable,323,Not Applicable,0,,
2024-07-28 23:25:00,CNR6995281241,Success,CID478267,Prime SUV,HSR Layout,Frazer Town,77.0,75.0,Not Applicable,Not Applicable,Yes,Other Issue,211,Cash,24,4.4,4.5
2024-07-04 03:54:00,CNR9664163694,Success,CID797170,Auto,Yelahanka,Malleshwaram,161.0,115.0,Not Applicable,Not Applicable,Yes,Customer Demand,240,UPI,13,4.3,3.4
2024-07-30 22:13:00,CNR8271323107,Success,CID533479,Prime Plus,Majestic,Marathahalli,105.0,95.0,Not Applicable,Not Applicable,No,Not Applicable,392,Cash,12,4.4,4.4
2024-07-12 04:37:00,CNR3862379929,Driver Not Found,CID179697,eBike,Shantinagar,Hosur Road,,,Not Applicable,Not Applicable,Not Applicable,Not Applicable,213,Not Applicable,0,,
2024-07-25 17:08:00,CNR6639687397,Success,CID874290,eBike,Peenya,Mysore Road,84.0,40.0,Not Applicable,Not Applicable,No,Not Applicable,951,Cash,25,3.9,3.9
2024-07-02 13:44:00,CNR6866778273,Canceled by Driver,CID745709,Prime Sedan,Hebbal,JP Nagar,,,Not Applicable,Customer was coughing/sick,Not Applicable,Not Applicable,132,Not Applicable,0,,
2024-07-25 17:11:00,CNR5500508185,Success,CID746462,Bike,Ramamurthy Nagar,Shantinagar,252.0,70.0,Not Applicable,Not Applicable,No,Not Applicable,878,UPI,5,4.2,4.4
2024-07-13 09:12:00,CNR8486133102,Canceled by Driver,CID416453,Mini,Basavanagudi,Richmond Town,,,Not Applicable,Customer related issue,Not Applicable,Not Applicable,834,Not Applicable,0,,
2024-07-04 06:50:00,CNR4990489122,Canceled by Driver,CID450838,eBike,Koramangala,Richmond Town,,,Not Applicable,Personal & Car related issue,Not Applicable,Not Applicable,354,Not Applicable,0,,
2024-07-19 21:22:00,CNR2265601711,Canceled by Driver,CID957271,Prime Plus,Bellandur,Shivajinagar,,,Not Applicable,Customer related issue,Not Applicable,Not Applicable,360,Not Applicable,0,,
2024-07-21 05:51:00,CNR3444395081,Canceled by Driver,CID307046,Prime Plus,Yelahanka,KR Puram,,,Not Applicable,Customer related issue,Not Applicable,Not Applicable,170,Not Applicable,0,,
2024-07-12 07:33:00,CNR6254095680,Success,CID738579,Auto,Chamarajpet,Ramamurthy Nagar,245.0,90.0,Not Applicable,Not Applicable,No,Not Applicable,676,Cash,11,3.4,4.7
2024-07-02 01:34:00,CNR9219416106,Canceled by Driver,CID173464,Auto,Whitefield,Frazer Town,,,Not Applicable,Customer was coughing/sick,Not Applicable,Not Applicable,840,Not Applicable,0,,
2024-07-15 04:40:00,CNR5539745414,Driver Not Found,CID905480,Auto,Yeshwanthpur,Yelahanka,,,Not Applicable,Not Applicable,Not Applicable,Not Applicable,510,Not Applicable,0,,
2024-07-13 04:30:00,CNR1831600006,Success,CID369366,eBike,Peenya,Kengeri,168.0,125.0,Not Applicable,Not Applicable,No,Not Applicable,263,UPI,17,3.9,3.3
2024-07-30 21:41:00,CNR4975688739,Success,CID915663,Prime Sedan,Koramangala,Ulsoor,245.0,40.0,Not Applicable,Not Applicable,No,Not Applicable,2516,UPI,20,3.6,4.1
2024-07-07 06:04:00,CNR3296421502,Driver Not Found,CID911150,Prime SUV,Shantinagar,Frazer Town,,,Not Applicable,Not Applicable,Not Applicable,Not Applicable,824,Not Applicable,0,,
2024-07-30 01:07:00,CNR1613071722,Success,CID624781,Bike,Indiranagar,Chickpet,287.0,145.0,Not Applicable,Not Applicable,No,Not Applicable,1132,UPI,7,3.4,4.8
2024-07-18 22:45:00,CNR9377025032,Success,CID196698,Mini,MG Road,Mysore Road,98.0,60.0,Not Applicable,Not Applicable,No,Not Applicable,294,Credit Card,38,4.0,3.4
2024-07-27 05:31:00,CNR4324309694,Success,CID356896,Bike,Banashankari,Koramangala,266.0,120.0,Not Applicable,Not Applicable,No,Not Applicable,148,Cash,36,4.5,3.6
2024-07-12 19:06:00,CNR8225884708,Canceled by Driver,CID819740,Prime Plus,Basavanagudi,Indiranagar,,,Not Applicable,Customer related issue,Not Applicable,Not Applicable,173,Not Applicable,0,,
2024-07-12 17:20:00,CNR2923549919,Canceled by Driver,CID772096,Prime SUV,Rajajinagar,Ulsoor,,,Not Applicable,Customer related issue,Not Applicable,Not Applicable,766,Not Applicable,0,,
2024-07-30 07:33:00,CNR9605365072,Success,CID988005,Prime SUV,JP Nagar,Peenya,161.0,130.0,Not Applicable,Not Applicable,No,Not Applicable,338,Cash,16,3.7,3.7
2024-07-11 11:51:00,CNR8172802927,Driver Not Found,CID141697,Auto,Marathahalli,Kammanahalli,,,Not Applicable,Not Applicable,Not Applicable,Not Applicable,431,Not Applicable,0,,
2024-07-04 20:31:00,CNR5832207696,Canceled by Driver,CID297061,Prime Plus,Chickpet,Marathahalli,,,Not Applicable,Customer related issue,Not Applicable,Not Applicable,736,Not Applicable,0,,
2024-07-27 18:27:00,CNR5473053253,Success,CID680866,Prime SUV,Koramangala,Koramangala,280.0,130.0,Not Applicable,Not Applicable,No,Not Applicable,509,Cash,31,3.2,4.7
2024-07-02 16:34:00,CNR4814411182,Driver Not Found,CID285667,eBike,HSR Layout,Richmond Town,,,Not Applicable,Not Applicable,Not Applicable,Not Applicable,702,Not Applicable,0,,
2024-07-26 09:43:00,CNR9681569110,Success,CID449411,Prime Sedan,Tumkur Road,Bannerghatta Road,42.0,40.0,Not Applicable,Not Applicable,No,Not Applicable,266,UPI,32,3.4,4.7
2024-07-17 22:11:00,CNR6046873797,Driver Not Found,CID892754,Bike,Nagarbhavi,Chickpet,,,Not Applicable,Not Applicable,Not Applicable,Not Applicable,387,Not Applicable,0,,
2024-07-20 00:46:00,CNR7484252867,Canceled by Driver,CID660011,Mini,Peenya,Nagarbhavi,,,Not Applicable,More than permitted people in there,Not Applicable,Not Applicable,205,Not Applicable,0,,
2024-07-16 12:58:00,CNR2341774567,Success,CID328849,Mini,Rajajinagar,Kengeri,49.0,100.0,Not Applicable,Not Applicable,No,Not Applicable,119,Cash,13,3.2,4.3
2024-07-15 01:02:00,CNR5877631943,Canceled by Driver,CID756834,eBike,Richmond Town,Langford Town,,,Not Applicable,Personal & Car related issue,Not Applicable,Not Applicable,351,Not Applicable,0,,
2024-07-28 15:25:00,CNR9265405977,Success,CID782898,Mini,Yelahanka,Hosur Road,147.0,25.0,Not Applicable,Not Applicable,No,Not Applicable,120,Cash,41,3.3,4.0
2024-07-14 15:51:00,CNR9524882689,Success,CID854081,eBike,Indiranagar,Ramamurthy Nagar,91.0,130.0,Not Applicable,Not Applicable,No,Not Applicable,224,UPI,18,4.9,3.6
2024-07-29 01:23:00,CNR6744092128,Success,CID619494,Prime Plus,Peenya,HSR Layout,294.0,75.0,Not Applicable,Not Applicable,No,Not Applicable,348,UPI,38,3.3,3.7
2024-07-29 14:45:00,CNR6121432572,Canceled by Customer,CID744720,Mini,Peenya,Electronic City,,,Wrong Address,Not Applicable,Not Applicable,Not Applicable,482,Not Applicable,0,,
2024-07-12 03:24:00,CNR8274143656,Success,CID691034,Mini,Majestic,Bannerghatta Road,210.0,130.0,Not Applicable,Not Applicable,No,Not Applicable,801,Cash,20,3.6,4.4
2024-07-28 19:28:00,CNR1706645055,Driver Not Found,CID482158,Prime SUV,Indiranagar,JP Nagar,,,Not Applicable,Not Applicable,Not Applicable,Not Applicable,113,Not Applicable,0,,
2024-07-12 01:39:00,CNR5079072254,Success,CID245781,Prime Sedan,Bellandur,Chamarajpet,154.0,75.0,Not Applicable,Not Applicable,No,Not Applicable,284,Cash,18,4.5,4.0
2024-07-29 09:59:00,CNR4457723039,Success,CID318729,Prime Sedan,Chickpet,MG Road,308.0,75.0,Not Applicable,Not Applicable,No,Not Applicable,157,Cash,12,3.2,4.2
2024-07-03 15:54:00,CNR2738346104,Success,CID309582,Prime Plus,RT Nagar,Kadugodi,161.0,100.0,Not Applicable,Not Applicable,No,Not Applicable,2667,UPI,4,4.3,4.6
2024-07-25 16:41:00,CNR9492202945,Success,CID658906,Prime Sedan,HSR Layout,Bannerghatta Road,203.0,95.0,Not Applicable,Not Applicable,No,Not Applicable,395,Cash,38,3.3,4.3
2024-07-14 23:36:00,CNR6139879668,Success,CID754067,Prime Sedan,Chickpet,JP Nagar,175.0,140.0,Not Applicable,Not Applicable,No,Not Applicable,314,Cash,25,3.5,4.9
2024-07-23 08:55:00,CNR5837686765,Driver Not Found,CID780756,Auto,Basavanagudi,Devanahalli,,,Not Applicable,Not Applicable,Not Applicable,Not Applicable,375,Not Applicable,0,,
2024-07-15 07:51:00,CNR6042106748,Canceled by Customer,CID338829,Bike,Cox Town,Sarjapur Road,,,Driver asked to cancel,Not Applicable,Not Applicable,Not Applicable,334,Not Applicable,0,,
2024-07-09 12:04:00,CNR1553813676,Canceled by Customer,CID158148,Prime Plus,Indiranagar,Whitefield,,,AC is Not working,Not Applicable,Not Applicable,Not Applicable,120,Not Applicable,0,,
2024-07-30 07:58:00,CNR5445651498,Success,CID978360,Mini,Chickpet,Kammanahalli,210.0,40.0,Not Applicable,Not Applicable,No,Not Applicable,123,Cash,15,4.2,3.6
2024-07-23 00:51:00,CNR5917292965,Success,CID463533,eBike,Rajajinagar,Shantinagar,245.0,40.0,Not Applicable,Not Applicable,No,Not Applicable,118,UPI,40,4.5,4.1
2024-07-30 00:42:00,CNR7082086197,Canceled by Driver,CID765009,Mini,KR Puram,Electronic City,,,Not Applicable,Customer was coughing/sick,Not Applicable,Not Applicable,270,Not Applicable,0,,
2024-07-18 23:38:00,CNR8672788739,Canceled by Driver,CID863674,Bike,Hebbal,JP Nagar,,,Not Applicable,Customer was coughing/sick,Not Applicable,Not Applicable,416,Not Applicable,0,,
2024-07-07 15:02:00,CNR3418839973,Success,CID404072,Auto,Kammanahalli,Kengeri,91.0,60.0,Not Applicable,Not Applicable,No,Not Applicable,434,Cash,10,4.0,4.4
2024-07-16 19:50:00,CNR1871429388,Success,CID469707,Prime SUV,Nagarbhavi,Tumkur Road,105.0,140.0,Not Applicable,Not Applicable,No,Not Applicable,1171,Cash,35,4.6,4.9
2024-07-21 22:02:00,CNR4196859501,Canceled by Driver,CID644527,Prime Sedan,Bellandur,Electronic City,,,Not Applicable,Customer was coughing/sick,Not Applicable,Not Applicable,104,Not Applicable,0,,
2024-07-26 23:09:00,CNR9984297305,Canceled by Driver,CID476121,eBike,Sarjapur Road,Shivajinagar,,,Not Applicable,Customer related issue,Not Applicable,Not Applicable,209,Not Applicable,0,,
2024-07-22 01:19:00,CNR3428245604,Success,CID711070,Prime SUV,Shivajinagar,Ramamurthy Nagar,35.0,105.0,Not Applicable,Not Applicable,No,Not Applicable,148,Cash,24,3.0,4.1
2024-07-26 06:39:00,CNR9976479414,Success,CID566316,Mini,Ulsoor,Hennur,245.0,35.0,Not Applicable,Not Applicable,No,Not Applicable,281,UPI,9,3.6,3.6
2024-07-13 11:21:00,CNR5850901951,Driver Not Found,CID707257,Prime Plus,Rajarajeshwari Nagar,Ulsoor,,,Not Applicable,Not Applicable,Not Applicable,Not Applicable,124,Not Applicable,0,,
2024-07-28 06:14:00,CNR2718676576,Canceled by Driver,CID659040,Bike,Shantinagar,Basavanagudi,,,Not Applicable,Personal & Car related issue,Not Applicable,Not Applicable,288,Not Applicable,0,,
2024-07-19 20:34:00,CNR1126001047,Success,CID816373,Bike,Indiranagar,BTM Layout,133.0,115.0,Not Applicable,Not Applicable,No,Not Applicable,357,Cash,31,3.2,3.8
2024-07-20 22:07:00,CNR7624304075,Canceled by Driver,CID394269,Prime Plus,JP Nagar,Rajajinagar,,,Not Applicable,Personal & Car related issue,Not Applicable,Not Applicable,393,Not Applicable,0,,
2024-07-22 01:19:00,CNR6766506428,Success,CID324132,Prime Plus,Kadugodi,Chamarajpet,266.0,40.0,Not Applicable,Not Applicable,No,Not Applicable,488,UPI,14,4.8,3.1
2024-07-29 21:13:00,CNR9223174995,Canceled by Driver,CID920829,Auto,Sarjapur Road,Hulimavu,,,Not Applicable,Personal & Car related issue,Not Applicable,Not Applicable,108,Not Applicable,0,,
2024-07-14 12:55:00,CNR4022573845,Success,CID779330,Mini,Banashankari,BTM Layout,301.0,140.0,Not Applicable,Not Applicable,Yes,Vehicle Breakdown,313,Cash,36,3.3,4.7
2024-07-24 22:06:00,CNR9862301994,Canceled by Driver,CID622767,Prime SUV,Indiranagar,Yelahanka,,,Not Applicable,Customer was coughing/sick,Not Applicable,Not Applicable,199,Not Applicable,0,,
2024-07-09 02:32:00,CNR2976355054,Driver Not Found,CID319189,Prime SUV,MG Road,Cox Town,,,Not Applicable,Not Applicable,Not Applicable,Not Applicable,1650,Not Applicable,0,,
2024-07-13 22:59:00,CNR4854437018,Canceled by Driver,CID274287,eBike,Banashankari,Koramangala,,,Not Applicable,Personal & Car related issue,Not Applicable,Not Applicable,201,Not Applicable,0,,
2024-07-09 04:31:00,CNR6241958419,Canceled by Customer,CID568542,eBike,Marathahalli,Yelahanka,,,AC is Not working,Not Applicable,Not Applicable,Not Applicable,921,Not Applicable,0,,
2024-07-26 10:38:00,CNR7344268263,Success,CID919503,eBike,Hulimavu,Basavanagudi,273.0,100.0,Not Applicable,Not Applicable,No,Not Applicable,1564,Cash,9,3.4,4.3
2024-07-24 22:35:00,CNR7172141920,Driver Not Found,CID427920,Prime SUV,Ulsoor,KR Puram,,,Not Applicable,Not Applicable,Not Applicable,Not Applicable,104,Not Applicable,0,,
2024-07-24 01:35:00,CNR4100744094,Canceled by Driver,CID435018,eBike,Hebbal,Mysore Road,,,Not Applicable,Customer was coughing/sick,Not Applicable,Not Applicable,339,Not Applicable,0,,
2024-07-24 03:22:00,CNR6594186749,Success,CID678381,Prime Sedan,Tumkur Road,Majestic,196.0,75.0,Not Applicable,Not Applicable,No,Not Applicable,986,UPI,5,3.9,4.1
2024-07-03 10:30:00,CNR3375493461,Success,CID387794,Bike,Tumkur Road,Hebbal,42.0,125.0,Not Applicable,Not Applicable,No,Not Applicable,104,Cash,49,4.0,3.9
2024-07-07 08:22:00,CNR9777728941,Success,CID606809,Prime SUV,BTM Layout,Hosur Road,308.0,115.0,Not Applicable,Not Applicable,No,Not Applicable,434,UPI,41,5.0,4.6
2024-07-16 15:36:00,CNR3034541266,Canceled by Driver,CID355051,Prime SUV,Cox Town,Langford Town,,,Not Applicable,Customer related issue,Not Applicable,Not Applicable,2617,Not Applicable,0,,
2024-07-28 16:30:00,CNR3417433834,Canceled by Driver,CID607158,Bike,Kengeri,KR Puram,,,Not Applicable,Personal & Car related issue,Not Applicable,Not Applicable,290,Not Applicable,0,,
2024-07-12 06:30:00,CNR4321635773,Canceled by Customer,CID761827,Prime Plus,Kammanahalli,MG Road,,,Change of plans,Not Applicable,Not Applicable,Not Applicable,1614,Not Applicable,0,,
2024-07-23 21:31:00,CNR4727647944,Canceled by Driver,CID808857,Prime SUV,Shivajinagar,Banashankari,,,Not Applicable,Customer related issue,Not Applicable,Not Applicable,187,Not Applicable,0,,
2024-07-08 00:24:00,CNR3793946518,Success,CID562452,Prime SUV,Sahakar Nagar,Chickpet,287.0,105.0,Not Applicable,Not Applicable,No,Not Applicable,641,Cash,34,4.9,3.8
2024-07-05 22:07:00,CNR4529795838,Canceled by Driver,CID838719,Mini,Frazer Town,Indiranagar,,,Not Applicable,More than permitted people in there,Not Applicable,Not Applicable,379,Not Applicable,0,,
2024-07-05 12:23:00,CNR2803447972,Canceled by Driver,CID442120,Prime Sedan,Hosur Road,Hulimavu,,,Not Applicable,Customer related issue,Not Applicable,Not Applicable,945,Not Applicable,0,,
2024-07-22 09:47:00,CNR8107207475,Success,CID167776,Prime Sedan,Chamarajpet,Koramangala,301.0,55.0,Not Applicable,Not Applicable,No,Not Applicable,344,UPI,12,3.7,4.5
2024-07-11 12:49:00,CNR6448581174,Success,CID720344,Prime Plus,Indiranagar,KR Puram,147.0,40.0,Not Applicable,Not Applicable,Yes,Other Issue,2616,Cash,14,5.0,3.5
2024-07-30 03:50:00,CNR7943307924,Driver Not Found,CID264426,Mini,Indiranagar,Hulimavu,,,Not Applicable,Not Applicable,Not Applicable,Not Applicable,604,Not Applicable,0,,
2024-07-25 13:35:00,CNR2270242658,Canceled by Driver,CID332705,Prime Plus,Basavanagudi,Varthur,,,Not Applicable,More than permitted people in there,Not Applicable,Not Applicable,2194,Not Applicable,0,,
2024-07-16 20:10:00,CNR2997211084,Success,CID873335,Bike,Hebbal,Kengeri,252.0,100.0,Not Applicable,Not Applicable,No,Not Applicable,206,Cash,12,3.8,3.6
2024-07-03 14:06:00,CNR5671914033,Success,CID826074,Bike,Koramangala,Yelahanka,266.0,120.0,Not Applicable,Not Applicable,No,Not Applicable,235,Cash,27,3.8,4.0
2024-07-24 17:24:00,CNR1555010034,Success,CID766881,Prime Plus,Hulimavu,Rajajinagar,105.0,125.0,Not Applicable,Not Applicable,No,Not Applicable,109,Cash,7,4.5,4.7
2024-07-07 23:24:00,CNR1997720460,Canceled by Customer,CID732468,Prime SUV,Kammanahalli,Cox Town,,,Driver asked to cancel,Not Applicable,Not Applicable,Not Applicable,217,Not Applicable,0,,
2024-07-08 16:14:00,CNR3636629283,Success,CID458885,Prime Sedan,Ramamurthy Nagar,Koramangala,189.0,85.0,Not Applicable,Not Applicable,No,Not Applicable,319,Cash,29,3.8,4.3
2024-07-13 03:52:00,CNR4108875773,Driver Not Found,CID539114,Prime SUV,Peenya,Peenya,,,Not Applicable,Not Applicable,Not Applicable,Not Applicable,410,Not Applicable,0,,
2024-07-05 10:32:00,CNR2280042433,Success,CID420184,eBike,Jayanagar,Marathahalli,140.0,70.0,Not Applicable,Not Applicable,No,Not Applicable,146,Cash,23,3.5,3.5
2024-07-02 16:15:00,CNR3789725303,Success,CID640488,Auto,Indiranagar,Tumkur Road,42.0,65.0,Not Applicable,Not Applicable,No,Not Applicable,198,UPI,12,3.0,3.5
2024-07-14 17:45:00,CNR9815948247,Canceled by Customer,CID407516,Prime SUV,Mysore Road,Ramamurthy Nagar,,,Driver asked to cancel,Not Applicable,Not Applicable,Not Applicable,207,Not Applicable,0,,
2024-07-04 12:16:00,CNR3411334105,Success,CID364886,Prime Sedan,Hennur,Richmond Town,119.0,85.0,Not Applicable,Not Applicable,No,Not Applicable,202,UPI,23,3.7,3.6
2024-07-20 20:05:00,CNR1322936250,Driver Not Found,CID377763,Bike,Hulimavu,MG Road,,,Not Applicable,Not Applicable,Not Applicable,Not Applicable,668,Not Applicable,0,,
2024-07-24 20:20:00,CNR5802586085,Driver Not Found,CID154828,Prime Plus,Shantinagar,Shantinagar,,,Not Applicable,Not Applicable,Not Applicable,Not Applicable,367,Not Applicable,0,,
2024-07-02 14:54:00,CNR1153918371,Success,CID432657,Auto,Varthur,MG Road,182.0,115.0,Not Applicable,Not Applicable,No,Not Applicable,878,Cash,17,4.6,4.6
2024-07-19 06:37:00,CNR2584745199,Driver Not Found,CID552870,Prime Sedan,Majestic,Mysore Road,,,Not Applicable,Not Applicable,Not Applicable,Not Applicable,381,Not Applicable,0,,
2024-07-26 06:54:00,CNR8905258253,Success,CID252228,Auto,Kadugodi,Hebbal,91.0,45.0,Not Applicable,Not Applicable,No,Not Applicable,467,Cash,18,3.6,3.6
2024-07-23 03:46:00,CNR8923047598,Success,CID395070,Bike,Hulimavu,Koramangala,49.0,110.0,Not Applicable,Not Applicable,No,Not Applicable,205,UPI,26,4.6,4.4
2024-07-23 04:22:00,CNR9862167018,Success,CID370970,Prime SUV,RT Nagar,Yeshwanthpur,35.0,130.0,Not Applicable,Not Applicable,No,Not Applicable,466,Credit Card,33,4.5,4.8
2024-07-10 00:46:00,CNR1112394941,Success,CID261248,Auto,Malleshwaram,Chickpet,77.0,65.0,Not Applicable,Not Applicable,No,Not Applicable,236,Credit Card,19,4.1,3.8
2024-07-30 11:02:00,CNR3394218730,Canceled by Driver,CID320684,Mini,Richmond Town,Electronic City,,,Not Applicable,Personal & Car related issue,Not Applicable,Not Applicable,722,Not Applicable,0,,
2024-07-12 20:53:00,CNR2599361418,Success,CID124441,Prime Sedan,Varthur,Yeshwanthpur,112.0,110.0,Not Applicable,Not Applicable,No,Not Applicable,421,Cash,13,4.1,4.3
2024-07-28 19:52:00,CNR3270367341,Success,CID419688,Prime Plus,Indiranagar,Malleshwaram,63.0,50.0,Not Applicable,Not Applicable,No,Not Applicable,385,Cash,40,4.3,3.3
2024-07-05 00:06:00,CNR9567722327,Success,CID856138,Auto,Yeshwanthpur,Devanahalli,189.0,115.0,Not Applicable,Not Applicable,No,Not Applicable,816,Cash,13,3.9,3.9
2024-07-03 22:35:00,CNR6010995469,Driver Not Found,CID785863,Prime Plus,Kengeri,Hosur Road,,,Not Applicable,Not Applicable,Not Applicable,Not Applicable,2773,Not Applicable,0,,
2024-07-11 06:16:00,CNR1861503058,Canceled by Driver,CID958202,Auto,Kengeri,Varthur,,,Not Applicable,More than permitted people in there,Not Applicable,Not Applicable,421,Not Applicable,0,,
2024-07-17 11:10:00,CNR6383816700,Driver Not Found,CID699105,Prime SUV,Jayanagar,Rajajinagar,,,Not Applicable,Not Applicable,Not Applicable,Not Applicable,325,Not Applicable,0,,
2024-07-18 06:28:00,CNR7494842006,Success,CID358081,Mini,Electronic City,Varthur,259.0,115.0,Not Applicable,Not Applicable,No,Not Applicable,510,Cash,16,4.6,3.7
2024-07-26 17:27:00,CNR9105504866,Success,CID829589,Auto,MG Road,Basavanagudi,161.0,70.0,Not Applicable,Not Applicable,No,Not Applicable,403,Cash,15,3.2,3.4
2024-07-21 13:08:00,CNR1824924824,Success,CID824717,Prime Sedan,Rajajinagar,Bannerghatta Road,126.0,60.0,Not Applicable,Not Applicable,No,Not Applicable,604,Credit Card,18,4.5,3.4
2024-07-10 20:35:00,CNR2298009002,Success,CID725021,eBike,HSR Layout,Rajarajeshwari Nagar,224.0,25.0,Not Applicable,Not Applicable,No,Not Applicable,618,Credit Card,15,3.9,4.9
2024-07-09 05:48:00,CNR1296476442,Success,CID254158,Prime SUV,Cox Town,Basavanagudi,231.0,120.0,Not Applicable,Not Applicable,No,Not Applicable,901,Cash,39,3.2,4.1
2024-07-28 02:33:00,CNR3547663973,Success,CID107005,Prime SUV,Mysore Road,Hulimavu,49.0,25.0,Not Applicable,Not Applicable,No,Not Applicable,946,UPI,19,3.4,3.5
2024-07-08 22:26:00,CNR3296960073,Canceled by Driver,CID374509,Mini,Shantinagar,Basavanagudi,,,Not Applicable,Personal & Car related issue,Not Applicable,Not Applicable,445,Not Applicable,0,,
2024-07-14 00:09:00,CNR9219213041,Canceled by Customer,CID731129,Prime Sedan,Yeshwanthpur,Nagarbhavi,,,Change of plans,Not Applicable,Not Applicable,Not Applicable,674,Not Applicable,0,,
2024-07-22 21:35:00,CNR8710164338,Canceled by Customer,CID442976,Auto,Shantinagar,Koramangala,,,Driver asked to cancel,Not Applicable,Not Applicable,Not Applicable,752,Not Applicable,0,,
2024-07-24 14:30:00,CNR7661017667,Success,CID307267,Auto,Peenya,Vijayanagar,140.0,55.0,Not Applicable,Not Applicable,No,Not Applicable,349,Cash,15,4.7,4.8
2024-07-01 00:47:00,CNR3756911766,Success,CID563849,Mini,Rajajinagar,Sahakar Nagar,196.0,35.0,Not Applicable,Not Applicable,No,Not Applicable,204,UPI,18,4.1,3.0
2024-07-24 04:24:00,CNR4767519502,Driver Not Found,CID393077,Prime SUV,Ramamurthy Nagar,Peenya,,,Not Applicable,Not Applicable,Not Applicable,Not Applicable,1630,Not Applicable,0,,
2024-07-17 20:05:00,CNR9703990163,Canceled by Driver,CID317229,Prime Sedan,Indiranagar,Langford Town,,,Not Applicable,Customer related issue,Not Applicable,Not Applicable,742,Not Applicable,0,,
2024-07-29 17:54:00,CNR2331596525,Canceled by Driver,CID771458,Bike,Rajajinagar,Marathahalli,,,Not Applicable,Customer was coughing/sick,Not Applicable,Not Applicable,381,Not Applicable,0,,
2024-07-10 06:55:00,CNR9563449186,Canceled by Customer,CID718296,Mini,Yeshwanthpur,Cox Town,,,Wrong Address,Not Applicable,Not Applicable,Not Applicable,342,Not Applicable,0,,
2024-07-08 07:07:00,CNR2309619618,Driver Not Found,CID559138,Prime SUV,Hosur Road,Banashankari,,,Not Applicable,Not Applicable,Not Applicable,Not Applicable,2987,Not Applicable,0,,
2024-07-02 05:40:00,CNR8976687521,Canceled by Customer,CID995542,Prime SUV,Langford Town,Shantinagar,,,Driver is not moving towards pickup location,Not Applicable,Not Applicable,Not Applicable,2189,Not Applicable,0,,
2024-07-13 19:47:00,CNR7094785347,Driver Not Found,CID629792,Mini,Ramamurthy Nagar,HSR Layout,,,Not Applicable,Not Applicable,Not Applicable,Not Applicable,256,Not Applicable,0,,
2024-07-20 14:23:00,CNR9951442943,Success,CID938502,Prime Plus,Cox Town,Magadi Road,77.0,80.0,Not Applicable,Not Applicable,No,Not Applicable,390,Cash,13,3.3,4.0
2024-07-10 12:23:00,CNR4059289119,Success,CID954719,Prime SUV,Shantinagar,Kengeri,35.0,60.0,Not Applicable,Not Applicable,No,Not Applicable,549,Cash,13,4.7,3.4
2024-07-17 07:22:00,CNR1149407640,Success,CID975960,Prime Sedan,Whitefield,Banashankari,119.0,35.0,Not Applicable,Not Applicable,No,Not Applicable,158,Debit Card,40,3.8,4.6
2024-07-11 22:35:00,CNR2046197616,Success,CID538235,Bike,Electronic City,Yeshwanthpur,245.0,130.0,Not Applicable,Not Applicable,No,Not Applicable,249,UPI,34,3.9,4.7
2024-07-02 02:37:00,CNR8633231777,Success,CID826761,eBike,Devanahalli,Devanahalli,112.0,50.0,Not Applicable,Not Applicable,No,Not Applicable,170,Cash,47,3.0,5.0
2024-07-06 07:08:00,CNR3461547093,Success,CID716761,Mini,Chamarajpet,Magadi Road,70.0,135.0,Not Applicable,Not Applicable,No,Not Applicable,164,UPI,22,4.6,3.6
2024-07-06 06:16:00,CNR2685166123,Success,CID956275,eBike,BTM Layout,Whitefield,175.0,100.0,Not Applicable,Not Applicable,No,Not Applicable,289,Cash,34,4.2,3.7
2024-07-04 10:45:00,CNR3476652313,Success,CID594726,Auto,Malleshwaram,HSR Layout,238.0,100.0,Not Applicable,Not Applicable,No,Not Applicable,403,UPI,7,3.6,4.9
2024-07-01 21:21:00,CNR5209577811,Success,CID301725,eBike,Bannerghatta Road,Rajarajeshwari Nagar,252.0,115.0,Not Applicable,Not Applicable,No,Not Applicable,833,UPI,45,4.7,3.6
2024-07-30 02:39:00,CNR6284903763,Canceled by Customer,CID694679,Mini,Shantinagar,Langford Town,,,Driver is not moving towards pickup location,Not Applicable,Not Applicable,Not Applicable,2553,Not Applicable,0,,
2024-07-05 14:14:00,CNR2917921617,Canceled by Driver,CID480554,eBike,RT Nagar,Marathahalli,,,Not Applicable,Personal & Car related issue,Not Applicable,Not Applicable,242,Not Applicable,0,,
2024-07-20 15:13:00,CNR4554299999,Canceled by Customer,CID467723,Mini,Majestic,Vijayanagar,,,Driver is not moving towards pickup location,Not Applicable,Not Applicable,Not Applicable,749,Not Applicable,0,,
2024-07-13 02:18:00,CNR2441993080,Success,CID242088,Bike,Nagarbhavi,Majestic,273.0,115.0,Not Applicable,Not Applicable,No,Not Applicable,2821,Cash,11,4.1,3.1
2024-07-10 09:05:00,CNR7573609186,Success,CID709660,Auto,Langford Town,Hosur Road,273.0,105.0,Not Applicable,Not Applicable,No,Not Applicable,471,Cash,14,4.7,4.8
2024-07-16 18:39:00,CNR3424191244,Success,CID837383,Prime Plus,Jayanagar,KR Puram,224.0,130.0,Not Applicable,Not Applicable,No,Not Applicable,178,Debit Card,5,3.7,4.1
2024-07-26 00:12:00,CNR8967818092,Canceled by Driver,CID531152,Mini,Mysore Road,Majestic,,,Not Applicable,More than permitted people in there,Not Applicable,Not Applicable,1842,Not Applicable,0,,
2024-07-10 19:27:00,CNR3662850090,Canceled by Driver,CID310662,Prime Sedan,Frazer Town,Nagarbhavi,,,Not Applicable,More than permitted people in there,Not Applicable,Not Applicable,369,Not Applicable,0,,
2024-07-21 14:36:00,CNR5245711388,Success,CID449299,Auto,HSR Layout,Jayanagar,280.0,40.0,Not Applicable,Not Applicable,No,Not Applicable,963,UPI,13,3.5,3.1
2024-07-16 00:36:00,CNR5098121418,Success,CID993386,Auto,Chickpet,Ramamurthy Nagar,119.0,130.0,Not Applicable,Not Applicable,No,Not Applicable,196,Cash,2,3.4,4.1
2024-07-23 09:30:00,CNR8658524456,Canceled by Customer,CID686956,Prime SUV,JP Nagar,HSR Layout,,,Driver asked to cancel,Not Applicable,Not Applicable,Not Applicable,261,Not Applicable,0,,
2024-07-06 01:31:00,CNR4892451101,Success,CID189935,Prime Plus,Frazer Town,Mysore Road,189.0,25.0,Not Applicable,Not Applicable,No,Not Applicable,665,Cash,31,4.7,4.3
2024-07-21 03:44:00,CNR1490468544,Success,CID231355,Mini,Ulsoor,Sarjapur Road,49.0,105.0,Not Applicable,Not Applicable,No,Not Applicable,926,Cash,37,4.2,3.7
2024-07-09 10:50:00,CNR3500429121,Success,CID108258,Prime Sedan,KR Puram,Ulsoor,301.0,120.0,Not Applicable,Not Applicable,Yes,Other Issue,108,Cash,49,4.4,3.9
2024-07-22 15:01:00,CNR9267480628,Driver Not Found,CID472435,Prime Sedan,JP Nagar,Sahakar Nagar,,,Not Applicable,Not Applicable,Not Applicable,Not Applicable,171,Not Applicable,0,,
2024-07-24 06:57:00,CNR4524792537,Success,CID964540,Prime Plus,Tumkur Road,Bellandur,126.0,55.0,Not Applicable,Not Applicable,No,Not Applicable,727,UPI,40,3.7,4.1
2024-07-21 01:17:00,CNR5333246807,Canceled by Driver,CID766374,Prime SUV,Frazer Town,MG Road,,,Not Applicable,Customer was coughing/sick,Not Applicable,Not Applicable,368,Not Applicable,0,,
2024-07-15 21:04:00,CNR6849606413,Driver Not Found,CID423111,Mini,Ramamurthy Nagar,Malleshwaram,,,Not Applicable,Not Applicable,Not Applicable,Not Applicable,152,Not Applicable,0,,
2024-07-17 20:18:00,CNR9035985084,Success,CID131513,eBike,Yelahanka,RT Nagar,154.0,135.0,Not Applicable,Not Applicable,No,Not Applicable,178,Cash,1,4.1,3.6
2024-07-16 21:56:00,CNR7697844161,Canceled by Driver,CID612378,Mini,Cox Town,Koramangala,,,Not Applicable,More than permitted people in there,Not Applicable,Not Applicable,245,Not Applicable,0,,
2024-07-03 10:02:00,CNR6641616692,Success,CID857740,Prime Plus,KR Puram,Hosur Road,238.0,60.0,Not Applicable,Not Applicable,No,Not Applicable,145,Cash,5,3.7,4.9
2024-07-05 07:54:00,CNR1793429261,Success,CID412070,Prime SUV,Sarjapur Road,Ulsoor,168.0,105.0,Not Applicable,Not Applicable,No,Not Applicable,900,Cash,44,4.8,4.2
2024-07-11 10:37:00,CNR2924135219,Success,CID711677,Prime SUV,Kadugodi,Vijayanagar,287.0,30.0,Not Applicable,Not Applicable,No,Not Applicable,235,UPI,36,4.7,3.9
2024-07-13 06:57:00,CNR4433853799,Success,CID248845,eBike,Frazer Town,RT Nagar,119.0,80.0,Not Applicable,Not Applicable,No,Not Applicable,110,Cash,42,3.4,3.0
2024-07-07 11:22:00,CNR6518974924,Success,CID191587,Prime Sedan,Magadi Road,Kengeri,147.0,50.0,Not Applicable,Not Applicable,No,Not Applicable,280,Cash,1,4.8,3.5
2024-07-01 14:10:00,CNR3598448414,Canceled by Customer,CID312862,Auto,Kengeri,Mysore Road,,,Wrong Address,Not Applicable,Not Applicable,Not Applicable,2044,Not Applicable,0,,
2024-07-29 15:07:00,CNR8135094627,Canceled by Customer,CID882662,Prime Plus,Sahakar Nagar,Majestic,,,Change of plans,Not Applicable,Not Applicable,Not Applicable,286,Not Applicable,0,,
2024-07-06 23:04:00,CNR1331511158,Success,CID349231,Mini,Electronic City,Shivajinagar,161.0,65.0,Not Applicable,Not Applicable,No,Not Applicable,334,Cash,43,3.4,4.7
2024-07-30 05:51:00,CNR8159343352,Success,CID213829,Prime SUV,Banashankari,Bannerghatta Road,161.0,35.0,Not Applicable,Not Applicable,No,Not Applicable,455,Cash,9,4.0,3.2
2024-07-13 11:01:00,CNR8956464367,Success,CID594961,Prime Sedan,Whitefield,Richmond Town,154.0,110.0,Not Applicable,Not Applicable,No,Not Applicable,186,Cash,9,3.9,4.1
2024-07-18 04:07:00,CNR1101254365,Success,CID789342,Prime Plus,Jayanagar,Rajajinagar,280.0,60.0,Not Applicable,Not Applicable,No,Not Applicable,446,Credit Card,28,4.8,4.4
2024-07-14 00:24:00,CNR5803812409,Driver Not Found,CID578416,Prime SUV,Mysore Road,Basavanagudi,,,Not Applicable,Not Applicable,Not Applicable,Not Applicable,2926,Not Applicable,0,,
2024-07-16 20:07:00,CNR7388362948,Success,CID269437,Bike,Richmond Town,Banashankari,119.0,45.0,Not Applicable,Not Applicable,No,Not Applicable,1739,UPI,37,4.1,3.4
2024-07-15 00:52:00,CNR5713210756,Driver Not Found,CID938984,eBike,Shivajinagar,Cox Town,,,Not Applicable,Not Applicable,Not Applicable,Not Applicable,156,Not Applicable,0,,
2024-07-23 13:38:00,CNR2222984769,Success,CID725837,Prime Plus,Tumkur Road,Tumkur Road,126.0,105.0,Not Applicable,Not Applicable,No,Not Applicable,862,Cash,31,3.7,4.2
2024-07-26 21:58:00,CNR3793747321,Success,CID565294,Bike,BTM Layout,Frazer Town,273.0,145.0,Not Applicable,Not Applicable,No,Not Applicable,308,UPI,13,3.8,4.1
2024-07-29 20:07:00,CNR2779789028,Canceled by Driver,CID535107,Mini,Marathahalli,Shantinagar,,,Not Applicable,Customer related issue,Not Applicable,Not Applicable,443,Not Applicable,0,,
2024-07-30 03:33:00,CNR7130206833,Success,CID795445,Prime SUV,Electronic City,JP Nagar,217.0,50.0,Not Applicable,Not Applicable,No,Not Applicable,341,Cash,37,3.7,3.6
2024-07-02 21:10:00,CNR6040242302,Success,CID132503,Bike,Marathahalli,Chickpet,77.0,55.0,Not Applicable,Not Applicable,No,Not Applicable,439,Cash,27,3.3,4.6
2024-07-23 11:58:00,CNR4822989304,Canceled by Driver,CID873413,Auto,Langford Town,Indiranagar,,,Not Applicable,Personal & Car related issue,Not Applicable,Not Applicable,412,Not Applicable,0,,
2024-07-12 09:52:00,CNR4485394942,Success,CID916069,Bike,Sahakar Nagar,Kadugodi,112.0,105.0,Not Applicable,Not Applicable,No,Not Applicable,220,UPI,4,3.8,3.1
2024-07-12 09:24:00,CNR8460179588,Success,CID258490,Bike,Kadugodi,Peenya,252.0,80.0,Not Applicable,Not Applicable,No,Not Applicable,556,Cash,12,3.6,3.6
2024-07-17 13:02:00,CNR4647427812,Driver Not Found,CID955712,Bike,Yelahanka,Bellandur,,,Not Applicable,Not Applicable,Not Applicable,Not Applicable,499,Not Applicable,0,,
2024-07-05 06:09:00,CNR7664089397,Success,CID851111,Auto,Sarjapur Road,Devanahalli,140.0,75.0,Not Applicable,Not Applicable,No,Not Applicable,257,Cash,14,4.1,4.3
2024-07-02 09:56:00,CNR2452972768,Canceled by Customer,CID586562,eBike,Electronic City,Hebbal,,,AC is Not working,Not Applicable,Not Applicable,Not Applicable,123,Not Applicable,0,,
2024-07-12 14:31:00,CNR5911641188,Success,CID486885,Auto,Nagarbhavi,Marathahalli,126.0,140.0,Not Applicable,Not Applicable,No,Not Applicable,783,Cash,6,3.3,3.1
2024-07-06 20:19:00,CNR2894597530,Canceled by Customer,CID470218,Auto,Chamarajpet,Magadi Road,,,Driver is not moving towards pickup location,Not Applicable,Not Applicable,Not Applicable,1068,Not Applicable,0,,
2024-07-07 21:21:00,CNR7401060031,Success,CID872232,eBike,Chickpet,Koramangala,119.0,35.0,Not Applicable,Not Applicable,No,Not Applicable,2183,Cash,42,3.4,3.2
2024-07-13 05:00:00,CNR8427291269,Success,CID420962,Mini,Hosur Road,Kengeri,133.0,140.0,Not Applicable,Not Applicable,No,Not Applicable,142,Cash,35,4.3,3.1
2024-07-12 21:06:00,CNR4943532610,Canceled by Driver,CID519422,eBike,Kadugodi,Marathahalli,,,Not Applicable,Personal & Car related issue,Not Applicable,Not Applicable,194,Not Applicable,0,,
2024-07-06 22:47:00,CNR9961166491,Canceled by Driver,CID384199,Bike,Banashankari,Varthur,,,Not Applicable,Customer related issue,Not Applicable,Not Applicable,2755,Not Applicable,0,,
2024-07-04 12:34:00,CNR4970589745,Canceled by Driver,CID718639,Bike,Malleshwaram,Electronic City,,,Not Applicable,Customer was coughing/sick,Not Applicable,Not Applicable,468,Not Applicable,0,,
2024-07-22 22:45:00,CNR7785515155,Canceled by Driver,CID864749,Prime Sedan,JP Nagar,BTM Layout,,,Not Applicable,Personal & Car related issue,Not Applicable,Not Applicable,113,Not Applicable,0,,
2024-07-28 02:13:00,CNR3568707973,Success,CID700876,eBike,Shantinagar,Kengeri,224.0,90.0,Not Applicable,Not Applicable,No,Not Applicable,784,UPI,37,4.7,4.1
2024-07-12 03:16:00,CNR6983104858,Success,CID161146,Prime Sedan,HSR Layout,Richmond Town,245.0,90.0,Not Applicable,Not Applicable,No,Not Applicable,339,UPI,24,3.7,4.3
2024-07-24 02:08:00,CNR8981527398,Success,CID352871,Prime Plus,Magadi Road,Hulimavu,77.0,75.0,Not Applicable,Not Applicable,No,Not Applicable,206,Cash,35,4.8,4.2
2024-07-18 13:25:00,CNR5070377366,Success,CID509908,Bike,Richmond Town,KR Puram,112.0,90.0,Not Applicable,Not Applicable,No,Not Applicable,252,UPI,27,4.1,4.5
2024-07-02 20:00:00,CNR9134849510,Canceled by Driver,CID867570,Bike,Tumkur Road,Varthur,,,Not Applicable,Customer was coughing/sick,Not Applicable,Not Applicable,282,Not Applicable,0,,
2024-07-13 10:28:00,CNR4722269155,Driver Not Found,CID945197,Auto,Tumkur Road,Indiranagar,,,Not Applicable,Not Applicable,Not Applicable,Not Applicable,1596,Not Applicable,0,,
2024-07-23 12:43:00,CNR7018932102,Driver Not Found,CID503337,Auto,Bellandur,Yeshwanthpur,,,Not Applicable,Not Applicable,Not Applicable,Not Applicable,255,Not Applicable,0,,
2024-07-16 11:43:00,CNR7751684061,Canceled by Customer,CID569233,Prime SUV,Whitefield,Basavanagudi,,,Change of plans,Not Applicable,Not Applicable,Not Applicable,697,Not Applicable,0,,
2024-07-20 06:24:00,CNR1180331247,Canceled by Driver,CID484573,Prime Sedan,Bellandur,Langford Town,,,Not Applicable,More than permitted people in there,Not Applicable,Not Applicable,267,Not Applicable,0,,
2024-07-19 14:39:00,CNR7130941549,Success,CID926119,Bike,Padmanabhanagar,BTM Layout,175.0,130.0,Not Applicable,Not Applicable,No,Not Applicable,379,Cash,11,4.0,3.3
2024-07-30 15:46:00,CNR8474478075,Canceled by Customer,CID486496,eBike,Nagarbhavi,Shantinagar,,,Driver is not moving towards pickup location,Not Applicable,Not Applicable,Not Applicable,197,Not Applicable,0,,
2024-07-21 01:21:00,CNR5930019491,Success,CID224330,eBike,Vijayanagar,MG Road,224.0,30.0,Not Applicable,Not Applicable,No,Not Applicable,117,UPI,28,3.6,3.0
2024-07-16 08:59:00,CNR2798237006,Canceled by Driver,CID879912,eBike,Langford Town,Indiranagar,,,Not Applicable,More than permitted people in there,Not Applicable,Not Applicable,353,Not Applicable,0,,
2024-07-05 04:39:00,CNR9782110695,Success,CID880071,Auto,Shivajinagar,Sahakar Nagar,133.0,120.0,Not Applicable,Not Applicable,No,Not Applicable,243,Cash,10,3.8,3.0
2024-07-07 09:14:00,CNR6513484463,Success,CID133219,Bike,Ulsoor,Yeshwanthpur,182.0,50.0,Not Applicable,Not Applicable,No,Not Applicable,161,UPI,16,3.2,3.0
2024-07-21 02:32:00,CNR4070531745,Driver Not Found,CID275945,Prime Sedan,Chamarajpet,Banashankari,,,Not Applicable,Not Applicable,Not Applicable,Not Applicable,226,Not Applicable,0,,
2024-07-22 10:56:00,CNR4734542591,Canceled by Customer,CID750847,Prime Sedan,Rajajinagar,Varthur,,,AC is Not working,Not Applicable,Not Applicable,Not Applicable,661,Not Applicable,0,,
2024-07-07 12:02:00,CNR2857333928,Success,CID180227,Prime Sedan,Koramangala,Rajajinagar,35.0,120.0,Not Applicable,Not Applicable,No,Not Applicable,232,Cash,23,4.1,4.5
2024-07-28 17:08:00,CNR3624484274,Success,CID920669,Prime Sedan,Nagarbhavi,Electronic City,308.0,100.0,Not Applicable,Not Applicable,No,Not Applicable,294,Cash,9,4.6,3.2
2024-07-03 21:57:00,CNR2175367975,Canceled by Driver,CID247654,eBike,Rajajinagar,Kengeri,,,Not Applicable,Personal & Car related issue,Not Applicable,Not Applicable,101,Not Applicable,0,,
2024-07-15 20:03:00,CNR2210210206,Success,CID811759,eBike,Yelahanka,Majestic,147.0,75.0,Not Applicable,Not Applicable,No,Not Applicable,420,UPI,6,3.6,4.0
2024-07-11 03:33:00,CNR3494439980,Success,CID216167,eBike,Koramangala,Majestic,112.0,65.0,Not Applicable,Not Applicable,No,Not Applicable,1716,Cash,3,3.3,4.4
2024-07-16 02:37:00,CNR9764300262,Success,CID768503,Prime SUV,Frazer Town,BTM Layout,301.0,35.0,Not Applicable,Not Applicable,No,Not Applicable,283,Credit Card,20,3.5,4.2
2024-07-12 13:53:00,CNR2171028098,Success,CID468909,Prime Plus,RT Nagar,Padmanabhanagar,35.0,90.0,Not Applicable,Not Applicable,No,Not Applicable,744,UPI,28,3.2,3.8
2024-07-23 06:19:00,CNR2094608476,Success,CID323162,Prime Plus,Frazer Town,Shivajinagar,259.0,25.0,Not Applicable,Not Applicable,No,Not Applicable,217,Cash,7,4.8,3.1
2024-07-23 04:41:00,CNR8834725723,Canceled by Driver,CID887629,Prime Sedan,Hennur,Nagarbhavi,,,Not Applicable,Customer was coughing/sick,Not Applicable,Not Applicable,683,Not Applicable,0,,
2024-07-16 22:29:00,CNR5035731951,Driver Not Found,CID564261,Prime Sedan,Padmanabhanagar,Chickpet,,,Not Applicable,Not Applicable,Not Applicable,Not Applicable,587,Not Applicable,0,,
2024-07-09 11:34:00,CNR7742105464,Success,CID429973,eBike,Majestic,Ramamurthy Nagar,126.0,30.0,Not Applicable,Not Applicable,No,Not Applicable,101,Debit Card,19,4.2,3.7
2024-07-15 03:58:00,CNR7687160832,Success,CID816425,Mini,Bannerghatta Road,Chamarajpet,84.0,70.0,Not Applicable,Not Applicable,No,Not Applicable,560,Cash,32,3.4,4.5
2024-07-10 16:07:00,CNR2760981702,Success,CID410138,Prime Sedan,RT Nagar,Sarjapur Road,224.0,90.0,Not Applicable,Not Applicable,No,Not Applicable,2142,UPI,34,4.9,3.6
2024-07-16 13:56:00,CNR9954483237,Success,CID871962,Prime Sedan,Yeshwanthpur,Langford Town,252.0,145.0,Not Applicable,Not Applicable,No,Not Applicable,866,UPI,22,3.2,3.6
2024-07-15 10:22:00,CNR8605856404,Success,CID761816,Bike,Sarjapur Road,Bannerghatta Road,147.0,55.0,Not Applicable,Not Applicable,No,Not Applicable,806,UPI,26,4.5,4.0
2024-07-26 19:33:00,CNR9395215356,Success,CID170962,Prime Sedan,Electronic City,KR Puram,154.0,105.0,Not Applicable,Not Applicable,No,Not Applicable,331,Credit Card,8,4.7,3.3
2024-07-04 21:24:00,CNR4913900548,Success,CID327756,Auto,Rajajinagar,Sahakar Nagar,189.0,30.0,Not Applicable,Not Applicable,No,Not Applicable,104,UPI,7,4.5,4.6
2024-07-22 16:00:00,CNR7980105755,Success,CID140701,Prime SUV,KR Puram,Hulimavu,63.0,90.0,Not Applicable,Not Applicable,No,Not Applicable,441,Cash,48,4.8,4.6
2024-07-04 06:25:00,CNR1403105854,Success,CID335109,Prime Sedan,Chickpet,Shivajinagar,168.0,70.0,Not Applicable,Not Applicable,No,Not Applicable,190,Credit Card,14,3.2,3.2
2024-07-17 22:29:00,CNR3659344135,Canceled by Customer,CID763501,eBike,Devanahalli,Mysore Road,,,Driver asked to cancel,Not Applicable,Not Applicable,Not Applicable,236,Not Applicable,0,,
2024-07-22 15:09:00,CNR4150241777,Success,CID470085,Mini,Bannerghatta Road,Mysore Road,147.0,115.0,Not Applicable,Not Applicable,No,Not Applicable,666,UPI,28,4.0,4.1
2024-07-29 17:22:00,CNR9654855291,Success,CID923733,eBike,Shivajinagar,Basavanagudi,119.0,110.0,Not Applicable,Not Applicable,Yes,Other Issue,503,UPI,13,4.3,4.3
2024-07-01 23:28:00,CNR9850512964,Success,CID704387,Prime Plus,Langford Town,Kengeri,217.0,130.0,Not Applicable,Not Applicable,No,Not Applicable,209,Credit Card,49,4.6,4.1
2024-07-07 17:22:00,CNR3466453595,Driver Not Found,CID712506,Bike,Sarjapur Road,Magadi Road,,,Not Applicable,Not Applicable,Not Applicable,Not Applicable,256,Not Applicable,0,,
2024-07-09 14:11:00,CNR9930370768,Success,CID391961,Mini,Vijayanagar,Indiranagar,140.0,110.0,Not Applicable,Not Applicable,No,Not Applicable,456,Cash,9,3.8,4.2
2024-07-16 00:23:00,CNR3131531089,Driver Not Found,CID773806,Prime Sedan,HSR Layout,Yeshwanthpur,,,Not Applicable,Not Applicable,Not Applicable,Not Applicable,844,Not Applicable,0,,
2024-07-10 06:15:00,CNR3531690308,Success,CID329252,Prime Plus,Hulimavu,HSR Layout,294.0,125.0,Not Applicable,Not Applicable,No,Not Applicable,437,Cash,49,4.8,3.1
2024-07-25 16:01:00,CNR6870116706,Success,CID401361,Mini,Marathahalli,Jayanagar,259.0,90.0,Not Applicable,Not Applicable,No,Not Applicable,601,Cash,3,3.1,3.4
2024-07-14 04:08:00,CNR2856106820,Success,CID391877,Prime Sedan,Ramamurthy Nagar,Vijayanagar,126.0,105.0,Not Applicable,Not Applicable,No,Not Applicable,1724,UPI,21,3.3,4.8
2024-07-13 14:14:00,CNR9130604719,Canceled by Driver,CID658063,Prime Sedan,Varthur,Whitefield,,,Not Applicable,Personal & Car related issue,Not Applicable,Not Applicable,2125,Not Applicable,0,,
2024-07-20 01:57:00,CNR7366266033,Canceled by Driver,CID742284,Mini,Jayanagar,BTM Layout,,,Not Applicable,Customer related issue,Not Applicable,Not Applicable,145,Not Applicable,0,,
2024-07-14 10:08:00,CNR3439051565,Success,CID304835,Prime Sedan,BTM Layout,Kengeri,84.0,40.0,Not Applicable,Not Applicable,No,Not Applicable,523,Cash,15,3.4,3.7
2024-07-29 14:03:00,CNR2926932843,Driver Not Found,CID643807,Bike,Varthur,Peenya,,,Not Applicable,Not Applicable,Not Applicable,Not Applicable,519,Not Applicable,0,,
2024-07-13 00:24:00,CNR6750746672,Driver Not Found,CID874220,Bike,Devanahalli,Banashankari,,,Not Applicable,Not Applicable,Not Applicable,Not Applicable,486,Not Applicable,0,,
2024-07-27 18:55:00,CNR2189622755,Success,CID467098,Prime Sedan,Indiranagar,Hennur,175.0,125.0,Not Applicable,Not Applicable,No,Not Applicable,380,Cash,15,4.9,3.2
2024-07-15 10:05:00,CNR6348178557,Success,CID948352,Prime Sedan,Magadi Road,Basavanagudi,259.0,115.0,Not Applicable,Not Applicable,Yes,Vehicle Breakdown,169,Cash,25,3.8,4.4
2024-07-05 19:18:00,CNR4901243492,Success,CID227272,Bike,Chamarajpet,HSR Layout,308.0,70.0,Not Applicable,Not Applicable,No,Not Applicable,487,Cash,31,4.9,3.0
2024-07-20 06:05:00,CNR1564253688,Success,CID544184,Auto,MG Road,MG Road,140.0,130.0,Not Applicable,Not Applicable,No,Not Applicable,280,UPI,9,4.0,3.4
2024-07-13 07:06:00,CNR2820230001,Canceled by Driver,CID120915,Prime Plus,Malleshwaram,MG Road,,,Not Applicable,Customer related issue,Not Applicable,Not Applicable,987,Not Applicable,0,,
2024-07-29 19:01:00,CNR3815617893,Driver Not Found,CID359970,eBike,Bannerghatta Road,Vijayanagar,,,Not Applicable,Not Applicable,Not Applicable,Not Applicable,290,Not Applicable,0,,
2024-07-17 06:49:00,CNR2138233825,Success,CID676102,Prime Sedan,Varthur,Ramamurthy Nagar,133.0,60.0,Not Applicable,Not Applicable,No,Not Applicable,368,Cash,8,3.1,4.4
2024-07-11 16:44:00,CNR3292253626,Success,CID234909,Bike,Bannerghatta Road,Tumkur Road,245.0,90.0,Not Applicable,Not Applicable,No,Not Applicable,163,Cash,14,3.0,3.3
2024-07-17 04:55:00,CNR4915675909,Canceled by Driver,CID316235,Prime SUV,Chamarajpet,Devanahalli,,,Not Applicable,Personal & Car related issue,Not Applicable,Not Applicable,2754,Not Applicable,0,,
2024-07-13 20:57:00,CNR7192691771,Success,CID186872,Prime Sedan,Shantinagar,Majestic,98.0,25.0,Not Applicable,Not Applicable,No,Not Applicable,297,Cash,21,3.1,3.8
2024-07-16 20:26:00,CNR3277053610,Success,CID693264,Mini,Shivajinagar,Ulsoor,140.0,95.0,Not Applicable,Not Applicable,No,Not Applicable,145,UPI,2,4.3,4.8
2024-07-26 17:44:00,CNR8315237034,Canceled by Customer,CID700155,Prime SUV,Yeshwanthpur,KR Puram,,,Driver asked to cancel,Not Applicable,Not Applicable,Not Applicable,288,Not Applicable,0,,
2024-07-01 20:29:00,CNR5529869996,Success,CID222358,Prime Sedan,Mysore Road,KR Puram,189.0,40.0,Not Applicable,Not Applicable,No,Not Applicable,110,Cash,42,3.0,3.1
2024-07-08 01:59:00,CNR8499784209,Success,CID850687,Mini,Rajarajeshwari Nagar,Frazer Town,266.0,40.0,Not Applicable,Not Applicable,No,Not Applicable,939,Credit Card,2,3.7,4.0
2024-07-17 04:58:00,CNR2753413205,Success,CID230873,Prime Sedan,Electronic City,HSR Layout,98.0,105.0,Not Applicable,Not Applicable,No,Not Applicable,541,Cash,25,3.5,3.9
2024-07-20 21:42:00,CNR3706159288,Success,CID195252,Prime SUV,MG Road,Magadi Road,294.0,100.0,Not Applicable,Not Applicable,No,Not Applicable,216,Cash,42,5.0,4.9
2024-07-25 01:17:00,CNR2388186257,Success,CID161555,Bike,Malleshwaram,Rajajinagar,217.0,55.0,Not Applicable,Not Applicable,No,Not Applicable,240,UPI,29,3.8,4.4
2024-07-27 10:21:00,CNR1045729080,Success,CID141990,eBike,Langford Town,Majestic,189.0,140.0,Not Applicable,Not Applicable,No,Not Applicable,362,Cash,17,3.2,4.1
2024-07-09 17:51:00,CNR4112085305,Success,CID647604,Auto,Vijayanagar,Rajajinagar,98.0,40.0,Not Applicable,Not Applicable,No,Not Applicable,364,UPI,1,3.4,4.6
2024-07-22 15:23:00,CNR6737431728,Canceled by Customer,CID583814,Auto,Yeshwanthpur,Tumkur Road,,,Driver asked to cancel,Not Applicable,Not Applicable,Not Applicable,818,Not Applicable,0,,
2024-07-13 09:41:00,CNR2820367469,Canceled by Customer,CID257022,Prime Sedan,Sarjapur Road,Yeshwanthpur,,,Wrong Address,Not Applicable,Not Applicable,Not Applicable,649,Not Applicable,0,,
2024-07-29 22:47:00,CNR4964128589,Canceled by Driver,CID985281,eBike,Cox Town,Mysore Road,,,Not Applicable,More than permitted people in there,Not Applicable,Not Applicable,1233,Not Applicable,0,,
2024-07-22 07:19:00,CNR9788927015,Success,CID188257,Auto,Shantinagar,Varthur,189.0,55.0,Not Applicable,Not Applicable,No,Not Applicable,460,Cash,13,3.4,4.7
2024-07-14 13:41:00,CNR6074377711,Canceled by Driver,CID529625,Mini,Devanahalli,Chickpet,,,Not Applicable,Personal & Car related issue,Not Applicable,Not Applicable,598,Not Applicable,0,,
2024-07-18 08:10:00,CNR1095437167,Success,CID170010,eBike,Basavanagudi,Shantinagar,147.0,140.0,Not Applicable,Not Applicable,No,Not Applicable,414,UPI,29,4.2,3.4
2024-07-10 03:45:00,CNR7100731338,Success,CID657343,Auto,Kadugodi,Majestic,217.0,90.0,Not Applicable,Not Applicable,No,Not Applicable,186,Cash,9,3.3,4.6
2024-07-25 09:46:00,CNR5423989398,Success,CID963944,Prime Sedan,Shivajinagar,Malleshwaram,294.0,55.0,Not Applicable,Not Applicable,No,Not Applicable,232,UPI,24,3.5,4.3
2024-07-04 09:59:00,CNR3191604217,Canceled by Driver,CID558115,Prime Sedan,KR Puram,Kammanahalli,,,Not Applicable,Customer was coughing/sick,Not Applicable,Not Applicable,148,Not Applicable,0,,
2024-07-07 00:11:00,CNR5126330839,Success,CID307511,Prime SUV,Magadi Road,Rajarajeshwari Nagar,287.0,80.0,Not Applicable,Not Applicable,No,Not Applicable,2776,UPI,3,4.0,3.4
2024-07-22 09:11:00,CNR7714444323,Success,CID281024,Auto,Kammanahalli,Padmanabhanagar,147.0,105.0,Not Applicable,Not Applicable,No,Not Applicable,806,Debit Card,1,3.9,4.5
2024-07-09 00:39:00,CNR3137042019,Success,CID884329,Prime Sedan,Nagarbhavi,Koramangala,259.0,25.0,Not Applicable,Not Applicable,No,Not Applicable,2428,Cash,27,4.3,4.8
2024-07-16 09:50:00,CNR9616012704,Success,CID398507,Prime Sedan,Malleshwaram,Frazer Town,203.0,105.0,Not Applicable,Not Applicable,No,Not Applicable,303,Cash,26,3.6,3.1
2024-07-09 15:53:00,CNR4793781351,Success,CID292615,Prime SUV,Kammanahalli,Sahakar Nagar,63.0,40.0,Not Applicable,Not Applicable,No,Not Applicable,159,UPI,13,4.3,3.3
2024-07-24 20:15:00,CNR8815214230,Success,CID441944,Auto,Shivajinagar,Banashankari,189.0,90.0,Not Applicable,Not Applicable,No,Not Applicable,587,Cash,7,3.4,3.5
2024-07-14 05:15:00,CNR1578761323,Success,CID716218,Prime SUV,Hulimavu,Ulsoor,231.0,145.0,Not Applicable,Not Applicable,No,Not Applicable,140,Cash,31,4.2,4.9
2024-07-25 07:48:00,CNR2141960697,Canceled by Driver,CID383087,Prime SUV,Rajajinagar,Bannerghatta Road,,,Not Applicable,Customer was coughing/sick,Not Applicable,Not Applicable,134,Not Applicable,0,,
2024-07-10 00:37:00,CNR6466840865,Success,CID965878,Mini,Yelahanka,Bannerghatta Road,189.0,85.0,Not Applicable,Not Applicable,No,Not Applicable,704,UPI,8,4.2,4.1
2024-07-11 01:11:00,CNR3055252862,Canceled by Driver,CID479083,Bike,Tumkur Road,Magadi Road,,,Not Applicable,Personal & Car related issue,Not Applicable,Not Applicable,172,Not Applicable,0,,
2024-07-16 17:06:00,CNR7835862384,Driver Not Found,CID331638,Mini,Peenya,Nagarbhavi,,,Not Applicable,Not Applicable,Not Applicable,Not Applicable,370,Not Applicable,0,,
2024-07-09 22:00:00,CNR1351904790,Driver Not Found,CID520026,Prime Sedan,Yelahanka,MG Road,,,Not Applicable,Not Applicable,Not Applicable,Not Applicable,344,Not Applicable,0,,
2024-07-10 04:55:00,CNR9803939944,Success,CID693048,Auto,Shivajinagar,Koramangala,189.0,95.0,Not Applicable,Not Applicable,No,Not Applicable,232,Cash,16,3.6,3.4
2024-07-07 12:21:00,CNR1793336191,Canceled by Customer,CID576482,eBike,MG Road,Majestic,,,Driver is not moving towards pickup location,Not Applicable,Not Applicable,Not Applicable,331,Not Applicable,0,,
2024-07-09 09:19:00,CNR5396404525,Success,CID142138,Mini,Banashankari,Hosur Road,231.0,125.0,Not Applicable,Not Applicable,No,Not Applicable,271,UPI,46,4.8,4.3
2024-07-05 10:26:00,CNR3885781156,Success,CID773311,Bike,MG Road,Peenya,245.0,60.0,Not Applicable,Not Applicable,No,Not Applicable,133,Cash,34,3.6,4.2
2024-07-18 11:35:00,CNR7074452822,Canceled by Driver,CID905245,Mini,Sarjapur Road,Kadugodi,,,Not Applicable,Personal & Car related issue,Not Applicable,Not Applicable,471,Not Applicable,0,,
2024-07-21 16:42:00,CNR9598588502,Success,CID759827,Auto,Richmond Town,Chamarajpet,280.0,40.0,Not Applicable,Not Applicable,No,Not Applicable,126,Cash,7,3.2,4.9
2024-07-11 21:27:00,CNR1315868376,Canceled by Driver,CID231177,Bike,Hennur,Chamarajpet,,,Not Applicable,Customer related issue,Not Applicable,Not Applicable,361,Not Applicable,0,,
2024-07-30 01:00:00,CNR3242764796,Canceled by Driver,CID158955,Prime Sedan,Whitefield,Bannerghatta Road,,,Not Applicable,Customer related issue,Not Applicable,Not Applicable,223,Not Applicable,0,,
2024-07-28 19:54:00,CNR9129117857,Success,CID921138,Auto,Frazer Town,Sahakar Nagar,210.0,135.0,Not Applicable,Not Applicable,No,Not Applicable,277,UPI,13,4.8,3.4
2024-07-16 12:04:00,CNR4131342949,Canceled by Customer,CID981851,Bike,Mysore Road,Whitefield,,,Driver asked to cancel,Not Applicable,Not Applicable,Not Applicable,154,Not Applicable,0,,
2024-07-19 00:37:00,CNR6765416505,Success,CID987712,Prime Sedan,Kadugodi,Ulsoor,161.0,130.0,Not Applicable,Not Applicable,No,Not Applicable,400,Cash,12,3.6,3.9
2024-07-04 22:19:00,CNR7267150049,Canceled by Driver,CID777107,Mini,Devanahalli,Shivajinagar,,,Not Applicable,Customer related issue,Not Applicable,Not Applicable,495,Not Applicable,0,,
2024-07-25 16:15:00,CNR8368518830,Success,CID204383,Prime Sedan,Majestic,Cox Town,210.0,65.0,Not Applicable,Not Applicable,No,Not Applicable,381,Cash,49,4.3,3.9
2024-07-20 08:33:00,CNR8136946092,Success,CID602855,Mini,RT Nagar,Jayanagar,294.0,100.0,Not Applicable,Not Applicable,No,Not Applicable,390,Cash,46,3.6,4.9
2024-07-12 21:01:00,CNR5855815268,Canceled by Driver,CID603649,Prime Plus,Malleshwaram,Devanahalli,,,Not Applicable,Customer related issue,Not Applicable,Not Applicable,421,Not Applicable,0,,
2024-07-21 18:15:00,CNR1835253228,Success,CID784370,Prime Plus,Hulimavu,Basavanagudi,35.0,105.0,Not Applicable,Not Applicable,No,Not Applicable,332,UPI,35,3.5,4.9
2024-07-07 14:10:00,CNR6222152877,Success,CID570308,eBike,Vijayanagar,Magadi Road,126.0,45.0,Not Applicable,Not Applicable,No,Not Applicable,469,UPI,6,4.2,3.7
2024-07-16 22:47:00,CNR2357068005,Success,CID245249,Prime Plus,Marathahalli,Whitefield,63.0,110.0,Not Applicable,Not Applicable,No,Not Applicable,742,Debit Card,20,4.2,4.7
2024-07-01 06:52:00,CNR8920563405,Success,CID120454,Bike,Sarjapur Road,RT Nagar,217.0,85.0,Not Applicable,Not Applicable,No,Not Applicable,418,UPI,15,4.4,3.7
2024-07-04 13:07:00,CNR3669824369,Canceled by Driver,CID910485,Prime SUV,Hosur Road,MG Road,,,Not Applicable,Personal & Car related issue,Not Applicable,Not Applicable,2946,Not Applicable,0,,
2024-07-01 04:29:00,CNR7391862934,Canceled by Driver,CID166367,Mini,Jayanagar,Rajarajeshwari Nagar,,,Not Applicable,Customer was coughing/sick,Not Applicable,Not Applicable,212,Not Applicable,0,,
2024-07-19 23:07:00,CNR4792405081,Success,CID557900,Prime Plus,Bannerghatta Road,Padmanabhanagar,203.0,100.0,Not Applicable,Not Applicable,No,Not Applicable,518,Cash,11,3.2,4.7
2024-07-20 08:49:00,CNR8728676689,Success,CID268824,Bike,MG Road,Rajarajeshwari Nagar,182.0,85.0,Not Applicable,Not Applicable,No,Not Applicable,359,UPI,43,3.3,3.1
2024-07-18 11:11:00,CNR6732613457,Success,CID760466,Bike,Majestic,Koramangala,98.0,105.0,Not Applicable,Not Applicable,No,Not Applicable,235,Cash,13,3.7,4.0
2024-07-22 06:55:00,CNR9788016373,Success,CID907324,Bike,Richmond Town,Hulimavu,182.0,60.0,Not Applicable,Not Applicable,No,Not Applicable,184,Cash,13,4.6,3.2
2024-07-14 04:07:00,CNR5587790080,Canceled by Driver,CID479192,Prime SUV,Hulimavu,Chickpet,,,Not Applicable,More than permitted people in there,Not Applicable,Not Applicable,423,Not Applicable,0,,
2024-07-13 14:16:00,CNR5938467498,Canceled by Driver,CID977229,Prime SUV,Frazer Town,Electronic City,,,Not Applicable,Personal & Car related issue,Not Applicable,Not Applicable,590,Not Applicable,0,,
2024-07-08 18:17:00,CNR3016475316,Canceled by Driver,CID776678,Mini,Kadugodi,Majestic,,,Not Applicable,Personal & Car related issue,Not Applicable,Not Applicable,232,Not Applicable,0,,
2024-07-05 07:11:00,CNR6266675724,Canceled by Customer,CID761730,eBike,Kammanahalli,Peenya,,,Wrong Address,Not Applicable,Not Applicable,Not Applicable,414,Not Applicable,0,,
2024-07-02 12:14:00,CNR8616213702,Success,CID448203,Prime Plus,Koramangala,Bannerghatta Road,182.0,125.0,Not Applicable,Not Applicable,No,Not Applicable,2247,Cash,49,3.5,3.6
2024-07-23 15:10:00,CNR8542194686,Success,CID826551,Bike,Banashankari,Malleshwaram,238.0,30.0,Not Applicable,Not Applicable,No,Not Applicable,133,Cash,46,3.8,3.5
2024-07-20 00:49:00,CNR4003656309,Success,CID174371,Mini,RT Nagar,Yelahanka,231.0,110.0,Not Applicable,Not Applicable,No,Not Applicable,116,UPI,19,4.7,4.0
2024-07-23 07:08:00,CNR5593769455,Success,CID230974,Prime SUV,Kammanahalli,Ulsoor,259.0,40.0,Not Applicable,Not Applicable,No,Not Applicable,201,Cash,15,4.5,4.3
2024-07-05 16:09:00,CNR4364387749,Canceled by Customer,CID182967,Bike,Langford Town,Mysore Road,,,Driver asked to cancel,Not Applicable,Not Applicable,Not Applicable,478,Not Applicable,0,,
2024-07-19 10:16:00,CNR6275333204,Canceled by Customer,CID530471,Bike,Yelahanka,Bannerghatta Road,,,Change of plans,Not Applicable,Not Applicable,Not Applicable,495,Not Applicable,0,,
2024-07-15 17:54:00,CNR5657893551,Canceled by Driver,CID219908,Bike,Kengeri,Langford Town,,,Not Applicable,Customer related issue,Not Applicable,Not Applicable,256,Not Applicable,0,,
2024-07-25 04:01:00,CNR2509165519,Success,CID688005,Prime Plus,Indiranagar,Padmanabhanagar,98.0,95.0,Not Applicable,Not Applicable,No,Not Applicable,320,UPI,21,3.4,3.5
2024-07-12 10:17:00,CNR3685853154,Driver Not Found,CID309832,Mini,Sarjapur Road,Banashankari,,,Not Applicable,Not Applicable,Not Applicable,Not Applicable,118,Not Applicable,0,,
2024-07-30 00:32:00,CNR9751771783,Canceled by Driver,CID222320,Prime SUV,Langford Town,Koramangala,,,Not Applicable,Personal & Car related issue,Not Applicable,Not Applicable,856,Not Applicable,0,,
2024-07-13 09:25:00,CNR4531166847,Driver Not Found,CID974384,Mini,Peenya,Yelahanka,,,Not Applicable,Not Applicable,Not Applicable,Not Applicable,232,Not Applicable,0,,
2024-07-04 09:02:00,CNR8976064038,Canceled by Driver,CID667414,Mini,Kengeri,Malleshwaram,,,Not Applicable,Customer related issue,Not Applicable,Not Applicable,326,Not Applicable,0,,
2024-07-01 01:03:00,CNR6319674100,Success,CID453624,Auto,Cox Town,Shivajinagar,35.0,35.0,Not Applicable,Not Applicable,No,Not Applicable,412,UPI,6,3.1,3.6
2024-07-22 05:28:00,CNR3679155050,Canceled by Driver,CID419709,Auto,Langford Town,Yeshwanthpur,,,Not Applicable,Personal & Car related issue,Not Applicable,Not Applicable,167,Not Applicable,0,,
2024-07-17 23:26:00,CNR5235304534,Success,CID241315,eBike,Sarjapur Road,Mysore Road,203.0,95.0,Not Applicable,Not Applicable,No,Not Applicable,668,Cash,43,3.7,4.1
2024-07-28 04:34:00,CNR8239380926,Success,CID855619,Prime Sedan,Ulsoor,Cox Town,56.0,135.0,Not Applicable,Not Applicable,No,Not Applicable,160,UPI,29,3.9,4.9
2024-07-01 21:06:00,CNR9530519165,Success,CID204000,Auto,Rajarajeshwari Nagar,Jayanagar,245.0,40.0,Not Applicable,Not Applicable,No,Not Applicable,682,Cash,5,4.4,4.5
2024-07-25 08:04:00,CNR5587738656,Success,CID347348,Auto,RT Nagar,HSR Layout,224.0,65.0,Not Applicable,Not Applicable,No,Not Applicable,283,Cash,19,3.4,3.6
2024-07-17 04:19:00,CNR5459778690,Success,CID766874,eBike,Hebbal,Devanahalli,287.0,120.0,Not Applicable,Not Applicable,No,Not Applicable,170,Cash,1,3.3,3.1
2024-07-28 15:36:00,CNR3654827082,Canceled by Customer,CID858710,Mini,HSR Layout,Banashankari,,,Driver is not moving towards pickup location,Not Applicable,Not Applicable,Not Applicable,344,Not Applicable,0,,
2024-07-11 17:19:00,CNR4142077801,Canceled by Driver,CID204571,Bike,Ulsoor,Peenya,,,Not Applicable,Customer related issue,Not Applicable,Not Applicable,734,Not Applicable,0,,
2024-07-02 00:43:00,CNR7902243107,Success,CID514958,Prime SUV,Malleshwaram,Marathahalli,203.0,105.0,Not Applicable,Not Applicable,Yes,Customer Demand,131,Cash,21,4.1,4.8
2024-07-30 02:23:00,CNR5005777474,Driver Not Found,CID446897,Mini,Shivajinagar,Majestic,,,Not Applicable,Not Applicable,Not Applicable,Not Applicable,197,Not Applicable,0,,
2024-07-25 17:27:00,CNR9365136927,Success,CID732891,Prime Sedan,Cox Town,Jayanagar,112.0,25.0,Not Applicable,Not Applicable,No,Not Applicable,1437,UPI,16,4.2,3.9
2024-07-29 02:58:00,CNR5557438430,Canceled by Driver,CID696669,Prime SUV,Shivajinagar,BTM Layout,,,Not Applicable,Customer was coughing/sick,Not Applicable,Not Applicable,177,Not Applicable,0,,
2024-07-01 10:35:00,CNR8773191824,Canceled by Driver,CID222233,Bike,Richmond Town,Indiranagar,,,Not Applicable,Customer was coughing/sick,Not Applicable,Not Applicable,194,Not Applicable,0,,
2024-07-11 19:04:00,CNR4047241896,Success,CID102716,Mini,Electronic City,Frazer Town,35.0,105.0,Not Applicable,Not Applicable,No,Not Applicable,978,Cash,25,4.8,3.1
2024-07-12 00:52:00,CNR1905582959,Success,CID409252,Auto,Electronic City,Kadugodi,56.0,125.0,Not Applicable,Not Applicable,No,Not Applicable,670,UPI,15,3.6,3.4
2024-07-07 12:09:00,CNR9450180843,Success,CID348269,Mini,Whitefield,Whitefield,294.0,25.0,Not Applicable,Not Applicable,No,Not Applicable,272,Cash,13,3.9,4.1
2024-07-29 03:09:00,CNR2482193939,Success,CID690503,Prime Plus,Hebbal,Devanahalli,287.0,90.0,Not Applicable,Not Applicable,No,Not Applicable,214,UPI,5,3.4,4.2
2024-07-26 00:14:00,CNR5309250071,Success,CID737203,eBike,Hulimavu,Vijayanagar,273.0,120.0,Not Applicable,Not Applicable,No,Not Applicable,404,Cash,7,4.3,3.5
2024-07-22 23:46:00,CNR2092987062,Driver Not Found,CID441346,Prime Sedan,Hebbal,Shantinagar,,,Not Applicable,Not Applicable,Not Applicable,Not Applicable,1521,Not Applicable,0,,
2024-07-24 14:27:00,CNR8558773636,Success,CID348641,Bike,Hebbal,Electronic City,189.0,115.0,Not Applicable,Not Applicable,No,Not Applicable,289,UPI,13,3.3,4.9
2024-07-26 11:20:00,CNR7459607546,Success,CID845808,Prime SUV,Koramangala,Hulimavu,126.0,30.0,Not Applicable,Not Applicable,Yes,Customer Demand,614,UPI,16,3.8,4.3
2024-07-17 00:09:00,CNR3273668390,Success,CID491860,Prime SUV,Jayanagar,Basavanagudi,259.0,60.0,Not Applicable,Not Applicable,No,Not Applicable,765,Cash,45,4.3,4.1
2024-07-02 19:01:00,CNR1136510233,Success,CID828925,Bike,Yelahanka,Devanahalli,217.0,60.0,Not Applicable,Not Applicable,No,Not Applicable,1661,UPI,44,4.4,4.0
2024-07-07 10:28:00,CNR3996196615,Canceled by Driver,CID916424,Bike,Majestic,Koramangala,,,Not Applicable,Personal & Car related issue,Not Applicable,Not Applicable,389,Not Applicable,0,,
2024-07-24 23:23:00,CNR4940111665,Success,CID153104,eBike,Langford Town,Shivajinagar,287.0,65.0,Not Applicable,Not Applicable,No,Not Applicable,564,UPI,28,4.1,3.3
2024-07-29 04:14:00,CNR5886368174,Driver Not Found,CID921441,Prime Plus,Magadi Road,Kammanahalli,,,Not Applicable,Not Applicable,Not Applicable,Not Applicable,1690,Not Applicable,0,,
2024-07-15 19:23:00,CNR3202113019,Success,CID229226,Bike,Kengeri,Frazer Town,49.0,115.0,Not Applicable,Not Applicable,No,Not Applicable,750,UPI,3,3.1,3.6
2024-07-25 18:17:00,CNR7200466776,Success,CID142264,Bike,Cox Town,Nagarbhavi,154.0,115.0,Not Applicable,Not Applicable,No,Not Applicable,308,Cash,13,4.9,4.1
2024-07-13 18:00:00,CNR6649153307,Success,CID231191,Prime SUV,Rajajinagar,Devanahalli,119.0,120.0,Not Applicable,Not Applicable,No,Not Applicable,1653,Cash,40,3.3,4.2
2024-07-11 21:31:00,CNR4399533433,Canceled by Driver,CID745127,eBike,Hennur,Mysore Road,,,Not Applicable,Personal & Car related issue,Not Applicable,Not Applicable,446,Not Applicable,0,,
2024-07-10 05:05:00,CNR9220179384,Success,CID124345,Auto,Yeshwanthpur,Hennur,224.0,40.0,Not Applicable,Not Applicable,No,Not Applicable,297,Cash,19,3.6,3.0
2024-07-17 07:09:00,CNR8367338252,Canceled by Driver,CID923413,Mini,JP Nagar,Varthur,,,Not Applicable,More than permitted people in there,Not Applicable,Not Applicable,615,Not Applicable,0,,
2024-07-27 19:46:00,CNR9637947510,Canceled by Customer,CID868443,Prime SUV,Richmond Town,Whitefield,,,AC is Not working,Not Applicable,Not Applicable,Not Applicable,303,Not Applicable,0,,
2024-07-18 05:38:00,CNR4070839222,Success,CID902638,Mini,HSR Layout,Tumkur Road,175.0,60.0,Not Applicable,Not Applicable,No,Not Applicable,412,Cash,16,3.3,3.6
2024-07-25 12:38:00,CNR2768163393,Success,CID214557,eBike,Electronic City,MG Road,210.0,105.0,Not Applicable,Not Applicable,No,Not Applicable,2184,Cash,21,3.9,3.0
2024-07-21 07:58:00,CNR7143313454,Success,CID110375,Prime SUV,Cox Town,BTM Layout,294.0,90.0,Not Applicable,Not Applicable,No,Not Applicable,283,UPI,6,4.2,4.7
2024-07-17 02:53:00,CNR4049412680,Canceled by Driver,CID420033,Prime Sedan,JP Nagar,Shantinagar,,,Not Applicable,Customer was coughing/sick,Not Applicable,Not Applicable,533,Not Applicable,0,,
2024-07-28 05:57:00,CNR8566124644,Canceled by Driver,CID497148,Prime Sedan,Indiranagar,Ramamurthy Nagar,,,Not Applicable,Personal & Car related issue,Not Applicable,Not Applicable,2315,Not Applicable,0,,
2024-07-12 23:29:00,CNR1111983549,Success,CID118765,Prime Plus,Majestic,Whitefield,140.0,145.0,Not Applicable,Not Applicable,No,Not Applicable,268,UPI,10,3.7,3.8
2024-07-23 10:30:00,CNR9418748820,Success,CID246410,Prime SUV,Mysore Road,Whitefield,63.0,115.0,Not Applicable,Not Applicable,No,Not Applicable,306,Cash,15,3.1,3.5
2024-07-14 21:57:00,CNR5715985436,Canceled by Driver,CID602141,Bike,Shivajinagar,Vijayanagar,,,Not Applicable,Personal & Car related issue,Not Applicable,Not Applicable,256,Not Applicable,0,,
2024-07-18 14:51:00,CNR8006076194,Canceled by Driver,CID378281,Mini,Electronic City,Hennur,,,Not Applicable,Personal & Car related issue,Not Applicable,Not Applicable,1533,Not Applicable,0,,
2024-07-25 12:17:00,CNR9203766732,Success,CID484847,Prime SUV,Shivajinagar,Rajajinagar,112.0,80.0,Not Applicable,Not Applicable,Yes,Vehicle Breakdown,426,Cash,31,3.7,3.2
2024-07-15 18:17:00,CNR7131825339,Canceled by Customer,CID337111,Prime SUV,Marathahalli,Jayanagar,,,Driver is not moving towards pickup location,Not Applicable,Not Applicable,Not Applicable,114,Not Applicable,0,,
2024-07-26 10:10:00,CNR4417617649,Success,CID644159,eBike,Vijayanagar,Magadi Road,154.0,125.0,Not Applicable,Not Applicable,No,Not Applicable,780,UPI,35,3.0,4.5
2024-07-22 12:43:00,CNR9983305712,Driver Not Found,CID602683,Bike,Padmanabhanagar,Banashankari,,,Not Applicable,Not Applicable,Not Applicable,Not Applicable,431,Not Applicable,0,,
2024-07-25 00:44:00,CNR6149669330,Success,CID946575,Prime Sedan,Sahakar Nagar,Shantinagar,126.0,130.0,Not Applicable,Not Applicable,No,Not Applicable,276,Cash,43,3.2,5.0
2024-07-25 18:04:00,CNR3291011828,Success,CID280095,Mini,Hennur,Koramangala,84.0,110.0,Not Applicable,Not Applicable,No,Not Applicable,2204,Cash,2,3.7,4.5
2024-07-30 02:10:00,CNR3934241974,Canceled by Driver,CID927842,Auto,Hennur,Sarjapur Road,,,Not Applicable,Customer was coughing/sick,Not Applicable,Not Applicable,302,Not Applicable,0,,
2024-07-26 05:25:00,CNR7917166657,Canceled by Driver,CID636100,Mini,Bannerghatta Road,JP Nagar,,,Not Applicable,Customer was coughing/sick,Not Applicable,Not Applicable,843,Not Applicable,0,,
2024-07-28 04:30:00,CNR9567605352,Success,CID926462,Prime Sedan,JP Nagar,Magadi Road,280.0,140.0,Not Applicable,Not Applicable,No,Not Applicable,118,Cash,23,4.5,4.8
2024-07-15 03:58:00,CNR4335079693,Success,CID499269,Prime Plus,Chickpet,Mysore Road,308.0,100.0,Not Applicable,Not Applicable,No,Not Applicable,252,Cash,45,4.1,3.9
2024-07-01 23:50:00,CNR6811720308,Success,CID849334,Bike,Richmond Town,Basavanagudi,77.0,35.0,Not Applicable,Not Applicable,No,Not Applicable,131,Cash,49,3.6,4.3
2024-07-22 16:25:00,CNR1411261160,Success,CID293748,Auto,Rajajinagar,Langford Town,105.0,65.0,Not Applicable,Not Applicable,No,Not Applicable,417,Cash,11,4.8,4.2
2024-07-03 17:40:00,CNR1392396511,Success,CID432859,Prime Sedan,Basavanagudi,Frazer Town,266.0,120.0,Not Applicable,Not Applicable,No,Not Applicable,951,Cash,36,3.3,4.0
2024-07-02 01:21:00,CNR4727290093,Success,CID563316,Auto,Hosur Road,KR Puram,266.0,125.0,Not Applicable,Not Applicable,No,Not Applicable,255,Cash,16,4.3,3.5
2024-07-01 19:19:00,CNR8506762223,Canceled by Customer,CID598600,Prime Sedan,Varthur,Whitefield,,,Driver is not moving towards pickup location,Not Applicable,Not Applicable,Not Applicable,336,Not Applicable,0,,
2024-07-21 02:09:00,CNR1349610351,Success,CID465457,Bike,Banashankari,Devanahalli,91.0,85.0,Not Applicable,Not Applicable,No,Not Applicable,914,Cash,36,3.7,4.6
2024-07-28 22:19:00,CNR5939695220,Success,CID801930,Prime Sedan,Chamarajpet,RT Nagar,147.0,70.0,Not Applicable,Not Applicable,No,Not Applicable,458,Cash,22,3.0,4.9
2024-07-21 19:57:00,CNR6769150754,Success,CID579619,Mini,Devanahalli,Rajajinagar,140.0,75.0,Not Applicable,Not Applicable,No,Not Applicable,149,UPI,6,3.4,3.2
2024-07-13 06:55:00,CNR7730702732,Success,CID426555,Auto,Chickpet,Marathahalli,98.0,25.0,Not Applicable,Not Applicable,No,Not Applicable,491,UPI,17,3.2,4.1
2024-07-24 21:27:00,CNR6934629911,Canceled by Driver,CID816399,eBike,Yelahanka,Tumkur Road,,,Not Applicable,Personal & Car related issue,Not Applicable,Not Applicable,105,Not Applicable,0,,
2024-07-08 16:30:00,CNR4792534358,Canceled by Customer,CID742919,Prime Plus,Bannerghatta Road,Vijayanagar,,,Change of plans,Not Applicable,Not Applicable,Not Applicable,163,Not Applicable,0,,
2024-07-26 18:39:00,CNR3451513895,Success,CID283702,Prime SUV,Cox Town,Nagarbhavi,91.0,65.0,Not Applicable,Not Applicable,No,Not Applicable,324,Credit Card,20,3.1,5.0
2024-07-05 02:45:00,CNR6359965280,Canceled by Driver,CID554474,Auto,KR Puram,Hennur,,,Not Applicable,Customer was coughing/sick,Not Applicable,Not Applicable,451,Not Applicable,0,,
2024-07-25 04:17:00,CNR2676935725,Driver Not Found,CID384577,Mini,Peenya,Yeshwanthpur,,,Not Applicable,Not Applicable,Not Applicable,Not Applicable,863,Not Applicable,0,,
2024-07-12 21:04:00,CNR8841762462,Success,CID731527,Bike,Tumkur Road,Frazer Town,280.0,40.0,Not Applicable,Not Applicable,No,Not Applicable,472,UPI,36,4.8,3.7
2024-07-17 08:31:00,CNR5085546091,Driver Not Found,CID920677,Bike,Magadi Road,JP Nagar,,,Not Applicable,Not Applicable,Not Applicable,Not Applicable,416,Not Applicable,0,,
2024-07-24 18:59:00,CNR9474512740,Success,CID966461,eBike,Sarjapur Road,Kengeri,161.0,35.0,Not Applicable,Not Applicable,No,Not Applicable,169,UPI,13,4.4,4.6
2024-07-08 04:53:00,CNR7546995486,Driver Not Found,CID982429,Prime Plus,Peenya,Sahakar Nagar,,,Not Applicable,Not Applicable,Not Applicable,Not Applicable,817,Not Applicable,0,,
2024-07-03 18:26:00,CNR6542123925,Canceled by Driver,CID642110,Prime Plus,Yeshwanthpur,Indiranagar,,,Not Applicable,Customer related issue,Not Applicable,Not Applicable,206,Not Applicable,0,,
2024-07-13 22:27:00,CNR5337928929,Driver Not Found,CID626316,Prime Plus,Kadugodi,Indiranagar,,,Not Applicable,Not Applicable,Not Applicable,Not Applicable,482,Not Applicable,0,,
2024-07-16 06:13:00,CNR1940335275,Canceled by Customer,CID668390,Bike,Kadugodi,Rajajinagar,,,Change of plans,Not Applicable,Not Applicable,Not Applicable,927,Not Applicable,0,,
2024-07-02 08:47:00,CNR5280298522,Success,CID476984,Mini,Rajajinagar,Kengeri,119.0,60.0,Not Applicable,Not Applicable,No,Not Applicable,554,UPI,25,4.2,4.9
2024-07-29 12:13:00,CNR4677492590,Canceled by Driver,CID111652,Prime SUV,Sahakar Nagar,Hennur,,,Not Applicable,Customer related issue,Not Applicable,Not Applicable,390,Not Applicable,0,,
2024-07-24 08:01:00,CNR2862234327,Canceled by Driver,CID334318,Prime Plus,Basavanagudi,Marathahalli,,,Not Applicable,More than permitted people in there,Not Applicable,Not Applicable,2131,Not Applicable,0,,
2024-07-18 04:49:00,CNR1426954790,Success,CID927834,Bike,Yeshwanthpur,Shivajinagar,280.0,75.0,Not Applicable,Not Applicable,No,Not Applicable,488,Cash,16,5.0,4.5
2024-07-16 19:29:00,CNR7496250816,Canceled by Driver,CID474705,Prime Sedan,Hennur,Richmond Town,,,Not Applicable,Customer was coughing/sick,Not Applicable,Not Applicable,397,Not Applicable,0,,
2024-07-09 17:42:00,CNR1781325737,Success,CID357916,Mini,Hennur,Hebbal,63.0,85.0,Not Applicable,Not Applicable,No,Not Applicable,314,Cash,47,4.8,4.4
2024-07-19 22:17:00,CNR7409049973,Canceled by Driver,CID836303,Prime Plus,Langford Town,Hennur,,,Not Applicable,Customer related issue,Not Applicable,Not Applicable,296,Not Applicable,0,,
2024-07-02 09:09:00,CNR4204651481,Success,CID111517,Mini,Richmond Town,Nagarbhavi,161.0,25.0,Not Applicable,Not Applicable,No,Not Applicable,262,Cash,18,3.9,3.1
2024-07-28 14:32:00,CNR6485336421,Success,CID137399,Prime SUV,Richmond Town,KR Puram,105.0,70.0,Not Applicable,Not Applicable,No,Not Applicable,392,UPI,14,3.4,4.5
2024-07-22 04:11:00,CNR9774799902,Success,CID943020,Auto,Kengeri,Majestic,231.0,70.0,Not Applicable,Not Applicable,No,Not Applicable,439,Cash,8,3.7,3.2
2024-07-06 14:54:00,CNR2698725646,Canceled by Driver,CID619276,eBike,Ramamurthy Nagar,Sarjapur Road,,,Not Applicable,Customer was coughing/sick,Not Applicable,Not Applicable,466,Not Applicable,0,,
2024-07-16 05:16:00,CNR4389844748,Success,CID158191,Prime SUV,Hosur Road,Chamarajpet,224.0,40.0,Not Applicable,Not Applicable,No,Not Applicable,2136,Cash,37,4.7,3.6
2024-07-02 07:25:00,CNR4526638969,Canceled by Customer,CID186580,Bike,Tumkur Road,Tumkur Road,,,Driver is not moving towards pickup location,Not Applicable,Not Applicable,Not Applicable,408,Not Applicable,0,,
2024-07-08 14:19:00,CNR9756347237,Canceled by Customer,CID392712,Bike,Rajajinagar,Shivajinagar,,,Driver asked to cancel,Not Applicable,Not Applicable,Not Applicable,2514,Not Applicable,0,,
2024-07-12 10:58:00,CNR6579985683,Canceled by Driver,CID949390,Prime Plus,Sarjapur Road,Shantinagar,,,Not Applicable,Customer related issue,Not Applicable,Not Applicable,438,Not Applicable,0,,
2024-07-02 11:55:00,CNR8101284174,Success,CID566089,Prime SUV,Hebbal,Kengeri,217.0,60.0,Not Applicable,Not Applicable,No,Not Applicable,386,UPI,43,4.7,3.6
2024-07-19 21:23:00,CNR6196542253,Success,CID435546,Prime Plus,MG Road,Indiranagar,42.0,30.0,Not Applicable,Not Applicable,Yes,Vehicle Breakdown,371,Credit Card,47,3.4,3.4
2024-07-12 11:01:00,CNR1931639452,Success,CID809675,Mini,Richmond Town,Kadugodi,140.0,125.0,Not Applicable,Not Applicable,No,Not Applicable,658,Cash,4,4.1,4.6
2024-07-26 13:07:00,CNR2639103374,Success,CID866229,Prime SUV,Mysore Road,BTM Layout,168.0,100.0,Not Applicable,Not Applicable,No,Not Applicable,828,Cash,29,3.4,3.3
2024-07-24 14:06:00,CNR1974099107,Success,CID207764,Mini,Bellandur,Malleshwaram,91.0,135.0,Not Applicable,Not Applicable,No,Not Applicable,112,Cash,25,3.4,4.0
2024-07-02 01:20:00,CNR8388002138,Success,CID371496,Mini,Cox Town,Shivajinagar,203.0,120.0,Not Applicable,Not Applicable,No,Not Applicable,156,Cash,24,4.6,4.5
2024-07-13 21:57:00,CNR7509607815,Driver Not Found,CID183932,Prime Plus,Rajajinagar,Magadi Road,,,Not Applicable,Not Applicable,Not Applicable,Not Applicable,466,Not Applicable,0,,
2024-07-30 10:17:00,CNR1460022695,Success,CID901755,eBike,Padmanabhanagar,HSR Layout,238.0,50.0,Not Applicable,Not Applicable,No,Not Applicable,124,Cash,5,3.3,4.0
2024-07-16 23:53:00,CNR5803685654,Success,CID513109,Auto,KR Puram,Jayanagar,161.0,85.0,Not Applicable,Not Applicable,No,Not Applicable,161,UPI,7,3.4,3.3
2024-07-18 11:21:00,CNR4237394731,Success,CID961608,Auto,KR Puram,Cox Town,140.0,40.0,Not Applicable,Not Applicable,No,Not Applicable,480,UPI,16,3.1,3.3
2024-07-12 01:18:00,CNR1927401212,Canceled by Driver,CID750872,Prime Plus,Hennur,Chamarajpet,,,Not Applicable,More than permitted people in there,Not Applicable,Not Applicable,647,Not Applicable,0,,
2024-07-05 14:19:00,CNR4344855400,Success,CID968850,Prime Sedan,RT Nagar,RT Nagar,182.0,80.0,Not Applicable,Not Applicable,No,Not Applicable,772,Cash,31,3.1,3.6
2024-07-27 17:46:00,CNR3441963306,Success,CID736823,Prime Sedan,Jayanagar,Whitefield,259.0,130.0,Not Applicable,Not Applicable,No,Not Applicable,885,Cash,14,3.4,4.2
2024-07-06 09:02:00,CNR1747529130,Canceled by Customer,CID264158,Prime Sedan,Peenya,BTM Layout,,,Driver asked to cancel,Not Applicable,Not Applicable,Not Applicable,199,Not Applicable,0,,
2024-07-20 16:58:00,CNR1181896077,Driver Not Found,CID165556,eBike,Langford Town,Frazer Town,,,Not Applicable,Not Applicable,Not Applicable,Not Applicable,387,Not Applicable,0,,
2024-07-12 11:58:00,CNR2596298489,Success,CID593034,Mini,Rajajinagar,Hulimavu,147.0,100.0,Not Applicable,Not Applicable,No,Not Applicable,247,Cash,22,4.9,5.0
2024-07-05 01:43:00,CNR7683367088,Success,CID768599,Bike,Cox Town,Frazer Town,56.0,55.0,Not Applicable,Not Applicable,No,Not Applicable,169,Cash,48,4.4,3.9
2024-07-06 13:55:00,CNR3420444771,Success,CID917774,Auto,Whitefield,Peenya,63.0,50.0,Not Applicable,Not Applicable,No,Not Applicable,199,Cash,7,3.4,5.0
2024-07-07 02:52:00,CNR1978370578,Success,CID101708,Mini,Ramamurthy Nagar,Sahakar Nagar,84.0,110.0,Not Applicable,Not Applicable,No,Not Applicable,481,UPI,4,4.9,3.9
2024-07-06 15:57:00,CNR7408335033,Success,CID151087,Prime SUV,Koramangala,Bannerghatta Road,56.0,65.0,Not Applicable,Not Applicable,No,Not Applicable,918,UPI,18,3.9,3.1
2024-07-28 22:32:00,CNR8151816436,Success,CID863294,eBike,Rajarajeshwari Nagar,JP Nagar,112.0,105.0,Not Applicable,Not Applicable,No,Not Applicable,346,Cash,35,4.2,4.4
2024-07-24 06:45:00,CNR3749017217,Success,CID695743,eBike,Varthur,Hulimavu,35.0,135.0,Not Applicable,Not Applicable,No,Not Applicable,312,UPI,15,4.0,3.1
2024-07-11 04:37:00,CNR5165684396,Driver Not Found,CID812644,eBike,Bellandur,Chamarajpet,,,Not Applicable,Not Applicable,Not Applicable,Not Applicable,398,Not Applicable,0,,
2024-07-27 15:02:00,CNR9861611796,Success,CID375324,Prime Sedan,Majestic,Hennur,42.0,25.0,Not Applicable,Not Applicable,No,Not Applicable,2490,UPI,36,3.3,3.2
2024-07-29 23:24:00,CNR2389214854,Success,CID121792,Mini,Yeshwanthpur,Electronic City,133.0,35.0,Not Applicable,Not Applicable,No,Not Applicable,140,UPI,19,3.3,4.0
2024-07-12 16:22:00,CNR6120251329,Success,CID600710,Prime Sedan,Vijayanagar,MG Road,154.0,80.0,Not Applicable,Not Applicable,No,Not Applicable,315,Cash,45,4.5,3.9
2024-07-08 02:57:00,CNR2956742908,Success,CID956991,Prime Sedan,Rajajinagar,Electronic City,238.0,95.0,Not Applicable,Not Applicable,No,Not Applicable,134,UPI,21,4.4,3.6
2024-07-04 02:31:00,CNR7808934947,Success,CID581362,Prime Sedan,HSR Layout,Electronic City,154.0,135.0,Not Applicable,Not Applicable,No,Not Applicable,102,Cash,45,3.2,3.1
2024-07-08 12:44:00,CNR8443980425,Success,CID983451,Mini,Yelahanka,Whitefield,126.0,30.0,Not Applicable,Not Applicable,No,Not Applicable,399,Credit Card,37,3.8,3.8
2024-07-19 08:13:00,CNR4479580162,Success,CID735386,Prime Plus,Basavanagudi,Magadi Road,140.0,90.0,Not Applicable,Not Applicable,No,Not Applicable,151,Cash,4,3.4,3.6
2024-07-04 13:38:00,CNR4806972809,Success,CID889657,Prime SUV,Kammanahalli,Shivajinagar,301.0,145.0,Not Applicable,Not Applicable,No,Not Applicable,232,UPI,42,3.8,3.4
2024-07-28 09:42:00,CNR7047067834,Canceled by Driver,CID388428,Prime Plus,Ulsoor,Yeshwanthpur,,,Not Applicable,Personal & Car related issue,Not Applicable,Not Applicable,303,Not Applicable,0,,
2024-07-08 11:37:00,CNR5059711559,Canceled by Driver,CID527198,eBike,Indiranagar,RT Nagar,,,Not Applicable,Personal & Car related issue,Not Applicable,Not Applicable,630,Not Applicable,0,,
2024-07-01 22:16:00,CNR3249489490,Canceled by Driver,CID274751,Prime Sedan,Cox Town,Majestic,,,Not Applicable,Personal & Car related issue,Not Applicable,Not Applicable,168,Not Applicable,0,,
2024-07-20 17:44:00,CNR3975288843,Success,CID462309,Prime SUV,Kadugodi,Langford Town,252.0,100.0,Not Applicable,Not Applicable,No,Not Applicable,160,Cash,16,3.9,3.7
2024-07-09 06:28:00,CNR7168195663,Success,CID177251,eBike,Kammanahalli,Mysore Road,91.0,100.0,Not Applicable,Not Applicable,No,Not Applicable,327,Cash,45,4.3,3.3
2024-07-03 19:34:00,CNR6668806720,Success,CID777357,Auto,Indiranagar,Kengeri,105.0,145.0,Not Applicable,Not Applicable,No,Not Applicable,202,UPI,6,3.1,4.4
2024-07-29 08:57:00,CNR8609071367,Success,CID144305,Bike,Cox Town,Padmanabhanagar,301.0,40.0,Not Applicable,Not Applicable,No,Not Applicable,230,Cash,17,3.5,4.0
2024-07-26 07:53:00,CNR4804016515,Driver Not Found,CID939127,Auto,Chickpet,Shivajinagar,,,Not Applicable,Not Applicable,Not Applicable,Not Applicable,219,Not Applicable,0,,
2024-07-03 06:55:00,CNR8620868427,Success,CID662684,Auto,Bellandur,HSR Layout,266.0,140.0,Not Applicable,Not Applicable,No,Not Applicable,143,Cash,8,4.4,3.9
2024-07-10 09:21:00,CNR6866798520,Driver Not Found,CID647742,Prime SUV,MG Road,HSR Layout,,,Not Applicable,Not Applicable,Not Applicable,Not Applicable,206,Not Applicable,0,,
2024-07-10 09:55:00,CNR1278915613,Canceled by Driver,CID269065,eBike,Hennur,Jayanagar,,,Not Applicable,More than permitted people in there,Not Applicable,Not Applicable,397,Not Applicable,0,,
2024-07-09 23:31:00,CNR5413990371,Success,CID667224,Bike,Hosur Road,Hosur Road,105.0,130.0,Not Applicable,Not Applicable,Yes,Customer Demand,770,UPI,18,4.5,3.1
2024-07-24 20:37:00,CNR2215279583,Success,CID159218,Prime SUV,Banashankari,Shantinagar,63.0,130.0,Not Applicable,Not Applicable,No,Not Applicable,152,UPI,1,4.7,3.3
2024-07-16 12:33:00,CNR8447129473,Success,CID462690,Prime SUV,HSR Layout,Hebbal,112.0,145.0,Not Applicable,Not Applicable,No,Not Applicable,816,UPI,7,3.1,4.4
2024-07-17 09:46:00,CNR5630973671,Canceled by Driver,CID557841,Prime Sedan,Basavanagudi,Shantinagar,,,Not Applicable,Customer related issue,Not Applicable,Not Applicable,306,Not Applicable,0,,
2024-07-19 16:15:00,CNR5998163431,Canceled by Customer,CID936999,Prime Sedan,Vijayanagar,Frazer Town,,,Change of plans,Not Applicable,Not Applicable,Not Applicable,425,Not Applicable,0,,
2024-07-02 12:17:00,CNR4690156760,Canceled by Customer,CID136811,Bike,Padmanabhanagar,Chamarajpet,,,Wrong Address,Not Applicable,Not Applicable,Not Applicable,357,Not Applicable,0,,
2024-07-08 15:30:00,CNR3401479763,Success,CID371579,Bike,Bannerghatta Road,Rajajinagar,210.0,35.0,Not Applicable,Not Applicable,No,Not Applicable,207,UPI,49,4.5,3.3
2024-07-19 07:38:00,CNR8916979658,Canceled by Driver,CID125193,Prime Sedan,Yeshwanthpur,Jayanagar,,,Not Applicable,Customer related issue,Not Applicable,Not Applicable,295,Not Applicable,0,,
2024-07-23 02:07:00,CNR5727696143,Success,CID619318,Auto,Chamarajpet,Sarjapur Road,49.0,60.0,Not Applicable,Not Applicable,No,Not Applicable,423,UPI,9,3.8,3.2
2024-07-26 19:22:00,CNR8443134091,Success,CID833492,Mini,Malleshwaram,Hennur,259.0,115.0,Not Applicable,Not Applicable,No,Not Applicable,268,UPI,44,4.3,3.4
2024-07-04 09:40:00,CNR4791149181,Success,CID355881,Mini,Kadugodi,JP Nagar,203.0,90.0,Not Applicable,Not Applicable,No,Not Applicable,296,Credit Card,24,3.7,4.8
2024-07-26 19:17:00,CNR5668230580,Canceled by Customer,CID453576,Auto,Indiranagar,Yeshwanthpur,,,AC is Not working,Not Applicable,Not Applicable,Not Applicable,277,Not Applicable,0,,
2024-07-25 01:41:00,CNR9605039260,Success,CID954105,Prime Sedan,Banashankari,Rajarajeshwari Nagar,203.0,50.0,Not Applicable,Not Applicable,No,Not Applicable,474,Cash,24,4.1,4.6
2024-07-04 03:44:00,CNR3263706180,Canceled by Driver,CID966811,Mini,Basavanagudi,Tumkur Road,,,Not Applicable,Customer related issue,Not Applicable,Not Applicable,392,Not Applicable,0,,
2024-07-30 03:49:00,CNR1075030104,Success,CID213128,Auto,Cox Town,Basavanagudi,245.0,125.0,Not Applicable,Not Applicable,No,Not Applicable,191,UPI,5,5.0,3.6
2024-07-03 15:58:00,CNR4506623195,Success,CID265785,Prime Sedan,Cox Town,Kengeri,77.0,65.0,Not Applicable,Not Applicable,No,Not Applicable,207,Cash,1,3.7,3.0
2024-07-04 08:02:00,CNR7553984315,Success,CID707785,eBike,Nagarbhavi,Nagarbhavi,42.0,95.0,Not Applicable,Not Applicable,No,Not Applicable,2472,UPI,43,3.6,4.0
2024-07-26 15:09:00,CNR3179217756,Success,CID325273,eBike,Kadugodi,Tumkur Road,182.0,90.0,Not Applicable,Not Applicable,No,Not Applicable,100,UPI,29,4.9,3.0
2024-07-08 12:16:00,CNR1111117684,Driver Not Found,CID712138,Prime Sedan,Shantinagar,MG Road,,,Not Applicable,Not Applicable,Not Applicable,Not Applicable,419,Not Applicable,0,,
2024-07-14 11:42:00,CNR2120903396,Success,CID695352,Bike,Ulsoor,Sahakar Nagar,301.0,75.0,Not Applicable,Not Applicable,No,Not Applicable,2470,UPI,8,4.5,3.6
2024-07-13 10:35:00,CNR3471875589,Success,CID242010,Prime SUV,Hosur Road,Hulimavu,231.0,90.0,Not Applicable,Not Applicable,Yes,Vehicle Breakdown,485,UPI,15,3.2,4.9
2024-07-10 19:31:00,CNR1496698909,Success,CID456906,Mini,Padmanabhanagar,Langford Town,140.0,60.0,Not Applicable,Not Applicable,No,Not Applicable,1647,UPI,48,4.5,5.0
2024-07-20 16:48:00,CNR3014248851,Success,CID979862,Prime SUV,Devanahalli,Peenya,119.0,110.0,Not Applicable,Not Applicable,No,Not Applicable,360,Cash,31,5.0,3.2
2024-07-02 15:27:00,CNR5839824494,Success,CID242146,Prime Sedan,Richmond Town,Yeshwanthpur,294.0,100.0,Not Applicable,Not Applicable,No,Not Applicable,262,UPI,9,3.9,4.8
2024-07-22 14:27:00,CNR7635193255,Success,CID990366,Prime SUV,Frazer Town,HSR Layout,154.0,75.0,Not Applicable,Not Applicable,No,Not Applicable,381,UPI,3,3.7,3.6
2024-07-17 12:23:00,CNR6184339169,Success,CID323869,Prime Plus,Frazer Town,Langford Town,196.0,35.0,Not Applicable,Not Applicable,No,Not Applicable,493,Cash,25,3.6,3.0
2024-07-02 19:21:00,CNR6827430339,Driver Not Found,CID913301,Auto,Magadi Road,Richmond Town,,,Not Applicable,Not Applicable,Not Applicable,Not Applicable,359,Not Applicable,0,,
2024-07-29 17:15:00,CNR4888216933,Canceled by Driver,CID374671,Prime Plus,RT Nagar,Richmond Town,,,Not Applicable,Personal & Car related issue,Not Applicable,Not Applicable,238,Not Applicable,0,,
2024-07-15 08:37:00,CNR8641280719,Canceled by Driver,CID115310,Prime Plus,Peenya,Basavanagudi,,,Not Applicable,Customer related issue,Not Applicable,Not Applicable,924,Not Applicable,0,,
2024-07-27 15:29:00,CNR8493919276,Driver Not Found,CID914801,Prime SUV,JP Nagar,Hennur,,,Not Applicable,Not Applicable,Not Applicable,Not Applicable,764,Not Applicable,0,,
2024-07-03 17:32:00,CNR5695010708,Canceled by Driver,CID595623,eBike,Marathahalli,Peenya,,,Not Applicable,More than permitted people in there,Not Applicable,Not Applicable,159,Not Applicable,0,,
2024-07-17 01:47:00,CNR6559416921,Success,CID170321,Prime Plus,Bellandur,Kammanahalli,224.0,60.0,Not Applicable,Not Applicable,No,Not Applicable,119,Cash,27,3.5,3.1
2024-07-25 12:59:00,CNR2874968591,Success,CID386512,Prime Sedan,Sahakar Nagar,Shantinagar,84.0,110.0,Not Applicable,Not Applicable,No,Not Applicable,210,Cash,15,4.7,4.6
2024-07-15 11:34:00,CNR1917041464,Success,CID470582,Auto,MG Road,Whitefield,252.0,115.0,Not Applicable,Not Applicable,No,Not Applicable,383,UPI,12,4.7,3.4
2024-07-08 20:35:00,CNR8474016668,Success,CID738904,eBike,Basavanagudi,Mysore Road,294.0,145.0,Not Applicable,Not Applicable,No,Not Applicable,178,UPI,36,3.5,4.9
2024-07-18 18:43:00,CNR7082838806,Success,CID550819,eBike,Hennur,Sahakar Nagar,203.0,105.0,Not Applicable,Not Applicable,No,Not Applicable,652,Cash,41,3.3,3.5
2024-07-14 01:48:00,CNR5559651586,Success,CID982464,Prime Sedan,KR Puram,Basavanagudi,231.0,100.0,Not Applicable,Not Applicable,No,Not Applicable,2442,UPI,24,5.0,3.9
2024-07-18 21:24:00,CNR9702684107,Success,CID693781,eBike,Indiranagar,Shantinagar,35.0,100.0,Not Applicable,Not Applicable,No,Not Applicable,799,Cash,15,3.8,4.7
2024-07-02 06:08:00,CNR2314661220,Driver Not Found,CID646851,Prime Sedan,Yeshwanthpur,Bellandur,,,Not Applicable,Not Applicable,Not Applicable,Not Applicable,618,Not Applicable,0,,
2024-07-19 08:08:00,CNR6848613662,Success,CID901299,Bike,Varthur,Chamarajpet,133.0,145.0,Not Applicable,Not Applicable,No,Not Applicable,373,UPI,42,3.9,3.7
2024-07-08 05:58:00,CNR8524811070,Canceled by Driver,CID159381,Bike,Chamarajpet,Bellandur,,,Not Applicable,Customer related issue,Not Applicable,Not Applicable,126,Not Applicable,0,,
2024-07-03 23:40:00,CNR1101758221,Success,CID749714,Prime SUV,Bellandur,Richmond Town,203.0,60.0,Not Applicable,Not Applicable,No,Not Applicable,835,UPI,17,4.3,3.8
2024-07-06 08:40:00,CNR5725145853,Driver Not Found,CID476950,Auto,Koramangala,Kengeri,,,Not Applicable,Not Applicable,Not Applicable,Not Applicable,482,Not Applicable,0,,
2024-07-18 21:52:00,CNR4050620258,Canceled by Driver,CID555936,Prime Sedan,Shantinagar,Electronic City,,,Not Applicable,More than permitted people in there,Not Applicable,Not Applicable,310,Not Applicable,0,,
2024-07-04 06:37:00,CNR4978122702,Success,CID910123,Prime SUV,Bannerghatta Road,Hebbal,287.0,80.0,Not Applicable,Not Applicable,Yes,Customer Demand,371,UPI,25,4.4,3.4
2024-07-19 15:36:00,CNR9266642261,Canceled by Driver,CID540364,Prime SUV,Jayanagar,Vijayanagar,,,Not Applicable,Customer was coughing/sick,Not Applicable,Not Applicable,214,Not Applicable,0,,
2024-07-01 07:49:00,CNR3954782352,Canceled by Driver,CID503602,Mini,Rajarajeshwari Nagar,Kammanahalli,,,Not Applicable,Personal & Car related issue,Not Applicable,Not Applicable,920,Not Applicable,0,,
2024-07-01 07:01:00,CNR8810128394,Success,CID821494,Prime Plus,Frazer Town,Peenya,210.0,85.0,Not Applicable,Not Applicable,No,Not Applicable,413,UPI,1,4.4,4.6
2024-07-03 07:56:00,CNR6468218904,Driver Not Found,CID124859,Mini,Jayanagar,Whitefield,,,Not Applicable,Not Applicable,Not Applicable,Not Applicable,402,Not Applicable,0,,
2024-07-18 20:27:00,CNR3169408932,Success,CID523582,Mini,Sahakar Nagar,Kengeri,217.0,60.0,Not Applicable,Not Applicable,Yes,Customer Demand,419,UPI,23,3.3,4.1
2024-07-22 17:21:00,CNR1681117009,Success,CID273461,Bike,Bellandur,Padmanabhanagar,210.0,80.0,Not Applicable,Not Applicable,No,Not Applicable,447,UPI,3,4.9,3.5
2024-07-20 03:30:00,CNR9089602272,Success,CID953786,Prime Sedan,Koramangala,HSR Layout,266.0,110.0,Not Applicable,Not Applicable,No,Not Applicable,144,Cash,15,3.6,4.8
2024-07-04 19:49:00,CNR7734041965,Success,CID467821,Bike,Ulsoor,Chickpet,294.0,110.0,Not Applicable,Not Applicable,No,Not Applicable,492,UPI,32,4.5,4.9
2024-07-04 21:31:00,CNR3556958928,Canceled by Driver,CID153155,eBike,Tumkur Road,Rajajinagar,,,Not Applicable,More than permitted people in there,Not Applicable,Not Applicable,127,Not Applicable,0,,
2024-07-24 11:20:00,CNR7234083759,Success,CID506066,Bike,Sarjapur Road,Rajarajeshwari Nagar,105.0,115.0,Not Applicable,Not Applicable,No,Not Applicable,402,UPI,45,3.1,3.9
2024-07-23 11:49:00,CNR6292249336,Success,CID241497,Prime SUV,Electronic City,Rajajinagar,35.0,100.0,Not Applicable,Not Applicable,No,Not Applicable,1838,Cash,29,3.8,5.0
2024-07-09 12:35:00,CNR5248588806,Success,CID626613,Bike,Hulimavu,Hulimavu,259.0,100.0,Not Applicable,Not Applicable,No,Not Applicable,555,UPI,40,4.9,4.1
2024-07-29 19:24:00,CNR1259747883,Driver Not Found,CID828166,Bike,Frazer Town,Sahakar Nagar,,,Not Applicable,Not Applicable,Not Applicable,Not Applicable,962,Not Applicable,0,,
2024-07-29 13:14:00,CNR6518409963,Success,CID290206,Prime SUV,Rajajinagar,MG Road,231.0,70.0,Not Applicable,Not Applicable,No,Not Applicable,848,Cash,7,3.0,3.9
2024-07-29 11:13:00,CNR7509056946,Success,CID233838,Bike,Rajarajeshwari Nagar,Majestic,105.0,25.0,Not Applicable,Not Applicable,No,Not Applicable,266,UPI,46,4.2,4.4
2024-07-18 13:56:00,CNR8713143297,Success,CID121275,Mini,Jayanagar,Ulsoor,266.0,90.0,Not Applicable,Not Applicable,No,Not Applicable,137,UPI,2,3.8,3.6
2024-07-11 15:33:00,CNR8339157584,Success,CID308934,Prime Plus,Kammanahalli,Padmanabhanagar,161.0,30.0,Not Applicable,Not Applicable,No,Not Applicable,967,Cash,44,3.7,4.7
2024-07-10 14:22:00,CNR9050805805,Canceled by Customer,CID360222,Prime SUV,Kammanahalli,Electronic City,,,Change of plans,Not Applicable,Not Applicable,Not Applicable,595,Not Applicable,0,,
2024-07-25 08:59:00,CNR7604787402,Success,CID476777,Auto,Shantinagar,Ramamurthy Nagar,175.0,40.0,Not Applicable,Not Applicable,No,Not Applicable,236,UPI,18,4.9,4.6
2024-07-27 05:31:00,CNR5252050443,Success,CID635442,Bike,Chamarajpet,Indiranagar,266.0,40.0,Not Applicable,Not Applicable,No,Not Applicable,492,Cash,7,3.2,3.3
2024-07-07 10:45:00,CNR5913675951,Canceled by Driver,CID137332,Prime Plus,HSR Layout,Sarjapur Road,,,Not Applicable,More than permitted people in there,Not Applicable,Not Applicable,560,Not Applicable,0,,
2024-07-16 13:49:00,CNR5535029258,Canceled by Driver,CID914062,Bike,Malleshwaram,Ulsoor,,,Not Applicable,Personal & Car related issue,Not Applicable,Not Applicable,822,Not Applicable,0,,
2024-07-03 00:49:00,CNR6243650855,Canceled by Customer,CID930209,Bike,Padmanabhanagar,Whitefield,,,Change of plans,Not Applicable,Not Applicable,Not Applicable,351,Not Applicable,0,,
2024-07-03 16:24:00,CNR6857841639,Success,CID318178,Auto,Banashankari,Shivajinagar,105.0,50.0,Not Applicable,Not Applicable,No,Not Applicable,418,Cash,6,3.6,4.5
2024-07-30 21:24:00,CNR8129345634,Success,CID178440,Bike,Koramangala,Vijayanagar,56.0,45.0,Not Applicable,Not Applicable,No,Not Applicable,428,UPI,8,3.3,4.9
2024-07-05 01:24:00,CNR4871468421,Canceled by Driver,CID809154,Auto,Tumkur Road,Richmond Town,,,Not Applicable,Customer related issue,Not Applicable,Not Applicable,231,Not Applicable,0,,
2024-07-14 02:32:00,CNR6064517522,Success,CID806121,Auto,Bellandur,Padmanabhanagar,238.0,65.0,Not Applicable,Not Applicable,No,Not Applicable,246,Cash,4,4.1,3.6
2024-07-03 10:08:00,CNR7161997651,Success,CID179054,Prime Plus,Malleshwaram,Peenya,119.0,60.0,Not Applicable,Not Applicable,No,Not Applicable,223,UPI,46,5.0,4.4
2024-07-13 02:05:00,CNR7603840315,Success,CID883106,Prime Sedan,Peenya,Frazer Town,42.0,115.0,Not Applicable,Not Applicable,No,Not Applicable,458,Cash,22,5.0,3.1
2024-07-02 10:18:00,CNR6734438068,Success,CID549966,eBike,RT Nagar,Sahakar Nagar,238.0,140.0,Not Applicable,Not Applicable,No,Not Applicable,147,Cash,18,4.2,4.1
2024-07-18 20:07:00,CNR7828396694,Success,CID138727,Bike,Hosur Road,Bellandur,77.0,45.0,Not Applicable,Not Applicable,No,Not Applicable,291,Debit Card,36,4.8,4.2
2024-07-08 00:52:00,CNR4134947171,Driver Not Found,CID979456,Prime SUV,Peenya,Richmond Town,,,Not Applicable,Not Applicable,Not Applicable,Not Applicable,497,Not Applicable,0,,
2024-07-28 04:48:00,CNR6913303232,Success,CID268023,Mini,Devanahalli,RT Nagar,287.0,95.0,Not Applicable,Not Applicable,No,Not Applicable,2711,UPI,14,3.8,4.3
2024-07-20 00:31:00,CNR9328704762,Driver Not Found,CID193195,Auto,Shantinagar,Devanahalli,,,Not Applicable,Not Applicable,Not Applicable,Not Applicable,305,Not Applicable,0,,
2024-07-30 18:20:00,CNR1685655806,Success,CID869361,Bike,Rajajinagar,Yeshwanthpur,70.0,105.0,Not Applicable,Not Applicable,No,Not Applicable,161,Cash,42,3.5,4.9
2024-07-17 16:54:00,CNR4130365355,Success,CID709645,Mini,HSR Layout,Banashankari,56.0,130.0,Not Applicable,Not Applicable,No,Not Applicable,164,Cash,42,3.1,3.8
2024-07-03 11:52:00,CNR2580265328,Driver Not Found,CID195793,eBike,Yeshwanthpur,Sahakar Nagar,,,Not Applicable,Not Applicable,Not Applicable,Not Applicable,871,Not Applicable,0,,
2024-07-16 03:35:00,CNR6087309724,Success,CID935019,Prime Sedan,Jayanagar,Shivajinagar,49.0,90.0,Not Applicable,Not Applicable,No,Not Applicable,214,Credit Card,34,4.3,3.9
2024-07-30 11:00:00,CNR1901579871,Success,CID158427,Prime SUV,Ulsoor,Marathahalli,168.0,70.0,Not Applicable,Not Applicable,No,Not Applicable,290,Cash,33,4.4,3.2
2024-07-22 18:59:00,CNR7792049664,Canceled by Customer,CID765692,Auto,Varthur,Malleshwaram,,,Driver is not moving towards pickup location,Not Applicable,Not Applicable,Not Applicable,136,Not Applicable,0,,
2024-07-19 21:23:00,CNR2400337628,Success,CID245881,Bike,Padmanabhanagar,Nagarbhavi,77.0,45.0,Not Applicable,Not Applicable,No,Not Applicable,145,Cash,26,3.9,4.7
2024-07-27 20:13:00,CNR7458677060,Success,CID636452,eBike,Chickpet,Nagarbhavi,84.0,85.0,Not Applicable,Not Applicable,No,Not Applicable,161,Cash,45,3.8,3.2
2024-07-06 12:06:00,CNR8746760764,Success,CID655296,Mini,Koramangala,Sarjapur Road,140.0,75.0,Not Applicable,Not Applicable,No,Not Applicable,415,Cash,7,3.5,4.9
2024-07-22 01:08:00,CNR8267240461,Driver Not Found,CID497430,Auto,Kengeri,Sahakar Nagar,,,Not Applicable,Not Applicable,Not Applicable,Not Applicable,282,Not Applicable,0,,
2024-07-17 02:44:00,CNR1768042419,Success,CID608277,Prime SUV,Jayanagar,KR Puram,196.0,90.0,Not Applicable,Not Applicable,No,Not Applicable,962,Cash,10,3.3,3.5
2024-07-27 01:05:00,CNR7143242304,Success,CID536115,Mini,Shivajinagar,Magadi Road,126.0,140.0,Not Applicable,Not Applicable,No,Not Applicable,1371,UPI,25,3.9,3.9
2024-07-07 19:29:00,CNR3613873150,Success,CID908019,Prime Plus,Basavanagudi,Peenya,133.0,90.0,Not Applicable,Not Applicable,No,Not Applicable,323,Cash,14,3.9,4.0
2024-07-15 07:05:00,CNR1569411647,Success,CID670602,Auto,KR Puram,Ulsoor,168.0,80.0,Not Applicable,Not Applicable,No,Not Applicable,2943,Cash,13,3.1,3.8
2024-07-04 20:14:00,CNR8562258419,Success,CID450896,Prime Plus,HSR Layout,KR Puram,203.0,140.0,Not Applicable,Not Applicable,No,Not Applicable,724,UPI,33,3.3,4.8
2024-07-16 07:49:00,CNR6033100185,Success,CID356521,Mini,Rajarajeshwari Nagar,Jayanagar,217.0,85.0,Not Applicable,Not Applicable,No,Not Applicable,470,UPI,16,3.6,3.7
2024-07-06 00:27:00,CNR3813634533,Success,CID175976,Prime Sedan,Mysore Road,MG Road,252.0,25.0,Not Applicable,Not Applicable,No,Not Applicable,921,Cash,10,4.5,4.3
2024-07-20 01:56:00,CNR6426486282,Success,CID840017,Auto,Majestic,Nagarbhavi,238.0,70.0,Not Applicable,Not Applicable,No,Not Applicable,716,UPI,19,3.6,3.8
2024-07-04 09:31:00,CNR5634708445,Success,CID533544,Prime Plus,JP Nagar,Ulsoor,259.0,120.0,Not Applicable,Not Applicable,No,Not Applicable,495,Cash,34,3.9,4.3
2024-07-29 07:47:00,CNR5550248341,Success,CID833213,Prime SUV,Padmanabhanagar,KR Puram,91.0,25.0,Not Applicable,Not Applicable,No,Not Applicable,763,Debit Card,26,3.3,4.8
2024-07-06 04:17:00,CNR1692267598,Success,CID658581,Prime Sedan,Frazer Town,Shivajinagar,224.0,70.0,Not Applicable,Not Applicable,No,Not Applicable,719,Cash,17,3.6,4.9
2024-07-22 15:09:00,CNR1552754263,Success,CID266729,Mini,KR Puram,HSR Layout,126.0,90.0,Not Applicable,Not Applicable,No,Not Applicable,447,UPI,49,4.3,4.7
2024-07-07 10:05:00,CNR2880856948,Canceled by Driver,CID593040,Prime Plus,Hosur Road,Marathahalli,,,Not Applicable,Customer was coughing/sick,Not Applicable,Not Applicable,260,Not Applicable,0,,
2024-07-01 11:09:00,CNR2718383306,Success,CID221137,Prime Sedan,Varthur,Electronic City,189.0,30.0,Not Applicable,Not Applicable,No,Not Applicable,356,Cash,40,4.0,3.2
2024-07-13 18:01:00,CNR2909141462,Success,CID845037,Prime SUV,Chamarajpet,Basavanagudi,133.0,110.0,Not Applicable,Not Applicable,No,Not Applicable,776,UPI,40,4.7,3.8
2024-07-01 18:21:00,CNR7420206392,Success,CID108045,Mini,Magadi Road,Chickpet,154.0,80.0,Not Applicable,Not Applicable,No,Not Applicable,735,UPI,1,4.0,3.2
2024-07-06 21:31:00,CNR7697677625,Canceled by Driver,CID757929,Prime Sedan,Shivajinagar,Tumkur Road,,,Not Applicable,More than permitted people in there,Not Applicable,Not Applicable,365,Not Applicable,0,,
2024-07-06 17:35:00,CNR8582354292,Canceled by Customer,CID189224,eBike,Tumkur Road,Yelahanka,,,AC is Not working,Not Applicable,Not Applicable,Not Applicable,340,Not Applicable,0,,
2024-07-15 13:29:00,CNR9517592935,Success,CID603674,eBike,Vijayanagar,JP Nagar,189.0,135.0,Not Applicable,Not Applicable,No,Not Applicable,584,UPI,30,3.7,4.2
2024-07-30 10:07:00,CNR8882447272,Success,CID418596,Bike,MG Road,Sahakar Nagar,140.0,110.0,Not Applicable,Not Applicable,No,Not Applicable,662,Cash,46,3.1,3.7
2024-07-23 11:47:00,CNR2806561530,Canceled by Customer,CID423783,Bike,Basavanagudi,Hebbal,,,Driver is not moving towards pickup location,Not Applicable,Not Applicable,Not Applicable,673,Not Applicable,0,,
2024-07-27 12:38:00,CNR1488259027,Canceled by Customer,CID851357,Mini,Jayanagar,Chickpet,,,Wrong Address,Not Applicable,Not Applicable,Not Applicable,234,Not Applicable,0,,
2024-07-28 09:47:00,CNR7587215024,Success,CID831719,Prime SUV,Yelahanka,HSR Layout,245.0,105.0,Not Applicable,Not Applicable,No,Not Applicable,223,Cash,3,4.4,3.4
2024-07-18 06:09:00,CNR9938225337,Success,CID496776,Prime SUV,Shantinagar,Yeshwanthpur,217.0,85.0,Not Applicable,Not Applicable,No,Not Applicable,359,UPI,1,4.7,3.8
2024-07-09 10:04:00,CNR9419673618,Canceled by Driver,CID200865,Prime Plus,Bannerghatta Road,Whitefield,,,Not Applicable,Customer related issue,Not Applicable,Not Applicable,954,Not Applicable,0,,
2024-07-25 09:42:00,CNR5395466509,Canceled by Driver,CID912593,Auto,Basavanagudi,Sarjapur Road,,,Not Applicable,Customer related issue,Not Applicable,Not Applicable,385,Not Applicable,0,,
2024-07-29 21:10:00,CNR7283721983,Success,CID178494,Mini,BTM Layout,Indiranagar,126.0,100.0,Not Applicable,Not Applicable,No,Not Applicable,179,Cash,3,4.8,3.7
2024-07-16 20:09:00,CNR1641562954,Success,CID619100,Prime Sedan,BTM Layout,Shivajinagar,259.0,30.0,Not Applicable,Not Applicable,No,Not Applicable,388,Cash,15,3.0,4.9
2024-07-10 22:25:00,CNR1936187148,Driver Not Found,CID684421,Prime Sedan,Majestic,Kammanahalli,,,Not Applicable,Not Applicable,Not Applicable,Not Applicable,1387,Not Applicable,0,,
2024-07-18 15:39:00,CNR9293548681,Success,CID589449,Bike,Hennur,Indiranagar,196.0,125.0,Not Applicable,Not Applicable,No,Not Applicable,200,UPI,38,3.7,4.9
2024-07-30 17:05:00,CNR6416350219,Canceled by Driver,CID521615,Bike,Malleshwaram,Vijayanagar,,,Not Applicable,More than permitted people in there,Not Applicable,Not Applicable,480,Not Applicable,0,,
2024-07-01 19:28:00,CNR8049636089,Canceled by Driver,CID626542,Bike,Mysore Road,Kammanahalli,,,Not Applicable,Customer was coughing/sick,Not Applicable,Not Applicable,337,Not Applicable,0,,
2024-07-20 23:36:00,CNR5084166093,Canceled by Customer,CID311495,Prime Sedan,Yeshwanthpur,Bellandur,,,Change of plans,Not Applicable,Not Applicable,Not Applicable,1685,Not Applicable,0,,
2024-07-19 13:38:00,CNR4568262706,Success,CID149201,Prime Sedan,Basavanagudi,Banashankari,210.0,120.0,Not Applicable,Not Applicable,No,Not Applicable,464,Cash,15,3.2,3.2
2024-07-13 07:52:00,CNR6729931545,Canceled by Driver,CID825092,Auto,Banashankari,Bellandur,,,Not Applicable,Personal & Car related issue,Not Applicable,Not Applicable,539,Not Applicable,0,,
2024-07-28 11:30:00,CNR9595769238,Success,CID464251,Mini,MG Road,Banashankari,259.0,95.0,Not Applicable,Not Applicable,No,Not Applicable,966,UPI,42,3.6,4.5
2024-07-06 21:58:00,CNR3118057922,Success,CID607552,eBike,Ulsoor,Sarjapur Road,210.0,125.0,Not Applicable,Not Applicable,No,Not Applicable,284,UPI,33,3.1,4.1
2024-07-06 21:14:00,CNR6375234915,Success,CID400537,Prime Plus,MG Road,JP Nagar,133.0,90.0,Not Applicable,Not Applicable,No,Not Applicable,782,Debit Card,24,4.7,4.0
2024-07-16 21:40:00,CNR4407457472,Success,CID950320,Auto,Shivajinagar,Yeshwanthpur,119.0,25.0,Not Applicable,Not Applicable,No,Not Applicable,212,Cash,18,3.2,4.2
2024-07-27 15:33:00,CNR9595513328,Success,CID875752,Prime SUV,Rajarajeshwari Nagar,Langford Town,231.0,125.0,Not Applicable,Not Applicable,Yes,Vehicle Breakdown,301,UPI,10,4.7,4.0
2024-07-23 19:44:00,CNR4557842484,Success,CID197816,Prime Sedan,Vijayanagar,Electronic City,133.0,45.0,Not Applicable,Not Applicable,No,Not Applicable,198,UPI,35,4.2,4.7
2024-07-12 19:25:00,CNR7259633385,Driver Not Found,CID646927,Prime Sedan,Nagarbhavi,Vijayanagar,,,Not Applicable,Not Applicable,Not Applicable,Not Applicable,389,Not Applicable,0,,
2024-07-14 13:32:00,CNR7095479239,Success,CID624614,Mini,Varthur,Kengeri,35.0,60.0,Not Applicable,Not Applicable,No,Not Applicable,139,UPI,17,5.0,3.3
2024-07-15 18:17:00,CNR5012245566,Driver Not Found,CID800299,Auto,Sahakar Nagar,Chickpet,,,Not Applicable,Not Applicable,Not Applicable,Not Applicable,680,Not Applicable,0,,
2024-07-02 17:42:00,CNR6707790969,Canceled by Driver,CID413155,Prime Plus,Devanahalli,Ramamurthy Nagar,,,Not Applicable,Customer was coughing/sick,Not Applicable,Not Applicable,547,Not Applicable,0,,
2024-07-21 15:47:00,CNR1497626187,Success,CID539680,Bike,MG Road,Sarjapur Road,252.0,100.0,Not Applicable,Not Applicable,No,Not Applicable,114,UPI,44,4.7,3.2
2024-07-06 04:07:00,CNR8860332017,Canceled by Driver,CID734642,Prime Sedan,Mysore Road,Langford Town,,,Not Applicable,Customer was coughing/sick,Not Applicable,Not Applicable,254,Not Applicable,0,,
2024-07-12 17:48:00,CNR2040564788,Success,CID101902,Prime Plus,Kadugodi,Sarjapur Road,168.0,30.0,Not Applicable,Not Applicable,No,Not Applicable,404,Cash,26,4.8,4.8
2024-07-27 23:39:00,CNR6957192535,Success,CID419766,Prime Sedan,Mysore Road,Sahakar Nagar,70.0,140.0,Not Applicable,Not Applicable,No,Not Applicable,290,Cash,11,3.3,4.2
2024-07-03 11:03:00,CNR4217036594,Success,CID503341,Prime SUV,BTM Layout,Whitefield,63.0,35.0,Not Applicable,Not Applicable,No,Not Applicable,643,Cash,40,4.0,3.5
2024-07-10 14:29:00,CNR4055058890,Success,CID458222,eBike,Kammanahalli,Chickpet,140.0,95.0,Not Applicable,Not Applicable,No,Not Applicable,368,UPI,31,3.2,4.2
2024-07-22 10:06:00,CNR3072986726,Success,CID328049,Bike,Kengeri,Hosur Road,182.0,65.0,Not Applicable,Not Applicable,No,Not Applicable,132,UPI,13,3.2,3.4
2024-07-27 00:31:00,CNR4860241346,Success,CID592409,Bike,Frazer Town,Ramamurthy Nagar,308.0,60.0,Not Applicable,Not Applicable,No,Not Applicable,147,Cash,42,4.5,3.2
2024-07-23 12:08:00,CNR1078260185,Success,CID825000,Mini,Yeshwanthpur,Tumkur Road,77.0,35.0,Not Applicable,Not Applicable,No,Not Applicable,375,UPI,38,3.1,4.0
2024-07-13 02:27:00,CNR3467524393,Success,CID703270,Bike,MG Road,Chamarajpet,77.0,110.0,Not Applicable,Not Applicable,No,Not Applicable,695,Cash,11,3.9,4.8
2024-07-25 11:43:00,CNR4622247890,Success,CID571012,eBike,Hulimavu,Bellandur,119.0,45.0,Not Applicable,Not Applicable,No,Not Applicable,994,Cash,14,3.3,4.9
2024-07-16 14:29:00,CNR3019247082,Success,CID229820,Prime SUV,Hosur Road,KR Puram,308.0,30.0,Not Applicable,Not Applicable,No,Not Applicable,330,Cash,37,3.5,4.2
2024-07-25 10:50:00,CNR1839324575,Success,CID915398,Prime Sedan,Marathahalli,Cox Town,49.0,85.0,Not Applicable,Not Applicable,No,Not Applicable,801,Cash,6,4.7,4.6
2024-07-21 16:49:00,CNR1436446529,Canceled by Customer,CID640740,Prime Sedan,Hebbal,Richmond Town,,,Change of plans,Not Applicable,Not Applicable,Not Applicable,135,Not Applicable,0,,
2024-07-20 12:03:00,CNR4978454314,Canceled by Driver,CID122358,Bike,Tumkur Road,Chamarajpet,,,Not Applicable,Customer related issue,Not Applicable,Not Applicable,169,Not Applicable,0,,
2024-07-16 17:04:00,CNR1903024370,Success,CID689701,Mini,Nagarbhavi,Hosur Road,266.0,35.0,Not Applicable,Not Applicable,No,Not Applicable,314,UPI,2,3.0,3.3
2024-07-09 06:23:00,CNR2498256984,Canceled by Driver,CID295315,Bike,HSR Layout,Koramangala,,,Not Applicable,Customer related issue,Not Applicable,Not Applicable,245,Not Applicable,0,,
2024-07-24 21:28:00,CNR9418247759,Success,CID412423,Mini,Hulimavu,Majestic,42.0,90.0,Not Applicable,Not Applicable,No,Not Applicable,254,UPI,14,4.8,4.9
2024-07-27 06:17:00,CNR8470403586,Success,CID747130,Prime Plus,KR Puram,Marathahalli,217.0,55.0,Not Applicable,Not Applicable,No,Not Applicable,424,Cash,20,4.9,3.3
2024-07-24 13:46:00,CNR8359914863,Canceled by Driver,CID767656,Prime Plus,Hosur Road,Shivajinagar,,,Not Applicable,Customer was coughing/sick,Not Applicable,Not Applicable,167,Not Applicable,0,,
2024-07-22 19:15:00,CNR9019060965,Driver Not Found,CID732734,Prime SUV,Hosur Road,Whitefield,,,Not Applicable,Not Applicable,Not Applicable,Not Applicable,573,Not Applicable,0,,
2024-07-17 08:26:00,CNR9781996117,Canceled by Driver,CID506149,Auto,MG Road,Vijayanagar,,,Not Applicable,Personal & Car related issue,Not Applicable,Not Applicable,175,Not Applicable,0,,
2024-07-01 15:14:00,CNR3376105659,Success,CID140066,Bike,HSR Layout,Richmond Town,182.0,110.0,Not Applicable,Not Applicable,No,Not Applicable,188,UPI,20,3.9,4.3
2024-07-14 11:09:00,CNR8119229485,Canceled by Driver,CID602820,Prime SUV,Frazer Town,Kammanahalli,,,Not Applicable,Customer related issue,Not Applicable,Not Applicable,1464,Not Applicable,0,,
2024-07-20 08:17:00,CNR9135512857,Success,CID747652,eBike,Rajarajeshwari Nagar,Tumkur Road,35.0,145.0,Not Applicable,Not Applicable,No,Not Applicable,1031,Cash,3,4.9,4.4
2024-07-27 20:52:00,CNR6989920000,Canceled by Driver,CID168664,Prime SUV,Ramamurthy Nagar,Yelahanka,,,Not Applicable,Personal & Car related issue,Not Applicable,Not Applicable,183,Not Applicable,0,,
2024-07-22 02:45:00,CNR3194386058,Success,CID104102,Mini,Ramamurthy Nagar,Yelahanka,308.0,75.0,Not Applicable,Not Applicable,No,Not Applicable,161,UPI,10,3.8,3.1
2024-07-14 07:50:00,CNR9047771830,Success,CID164933,Auto,Kammanahalli,Hosur Road,294.0,125.0,Not Applicable,Not Applicable,No,Not Applicable,438,Cash,8,3.1,3.4
2024-07-26 15:15:00,CNR3237986498,Success,CID999610,eBike,Whitefield,KR Puram,70.0,105.0,Not Applicable,Not Applicable,No,Not Applicable,2823,UPI,20,4.3,3.9
2024-07-24 04:02:00,CNR6742464392,Success,CID749832,Prime SUV,Chickpet,Tumkur Road,49.0,120.0,Not Applicable,Not Applicable,No,Not Applicable,367,Cash,40,3.6,4.6
2024-07-08 00:00:00,CNR9361291383,Success,CID621429,Auto,Malleshwaram,Kammanahalli,77.0,140.0,Not Applicable,Not Applicable,Yes,Other Issue,426,Cash,14,4.5,3.7
2024-07-29 23:39:00,CNR4240216789,Success,CID774758,Prime Sedan,Ulsoor,Chamarajpet,126.0,110.0,Not Applicable,Not Applicable,No,Not Applicable,162,Cash,20,4.8,4.5
2024-07-25 07:11:00,CNR9711775092,Success,CID907945,Prime Sedan,Peenya,Mysore Road,70.0,140.0,Not Applicable,Not Applicable,No,Not Applicable,520,Cash,7,3.6,4.0
2024-07-26 03:36:00,CNR6925114116,Canceled by Customer,CID707843,eBike,Frazer Town,Hulimavu,,,Change of plans,Not Applicable,Not Applicable,Not Applicable,140,Not Applicable,0,,
2024-07-14 15:03:00,CNR7093687301,Driver Not Found,CID343508,Prime Plus,Vijayanagar,Bellandur,,,Not Applicable,Not Applicable,Not Applicable,Not Applicable,152,Not Applicable,0,,
2024-07-29 15:16:00,CNR5439748890,Driver Not Found,CID898715,Prime Sedan,Hosur Road,Rajajinagar,,,Not Applicable,Not Applicable,Not Applicable,Not Applicable,432,Not Applicable,0,,
2024-07-17 10:30:00,CNR9631767884,Success,CID128095,Bike,Koramangala,Magadi Road,161.0,35.0,Not Applicable,Not Applicable,No,Not Applicable,398,Cash,44,3.6,3.0
2024-07-30 18:40:00,CNR1942151058,Success,CID511272,eBike,Kengeri,BTM Layout,273.0,85.0,Not Applicable,Not Applicable,No,Not Applicable,106,UPI,39,3.6,3.7
2024-07-18 03:46:00,CNR9384312777,Driver Not Found,CID137112,Prime SUV,Chamarajpet,Chamarajpet,,,Not Applicable,Not Applicable,Not Applicable,Not Applicable,207,Not Applicable,0,,
2024-07-02 23:11:00,CNR6042516802,Canceled by Customer,CID690666,Prime Plus,Bannerghatta Road,Magadi Road,,,Driver asked to cancel,Not Applicable,Not Applicable,Not Applicable,2389,Not Applicable,0,,
2024-07-11 12:05:00,CNR6145285705,Canceled by Driver,CID412677,Bike,Tumkur Road,Chickpet,,,Not Applicable,Personal & Car related issue,Not Applicable,Not Applicable,796,Not Applicable,0,,
2024-07-01 13:51:00,CNR6544925990,Canceled by Driver,CID115908,Mini,Devanahalli,RT Nagar,,,Not Applicable,Personal & Car related issue,Not Applicable,Not Applicable,407,Not Applicable,0,,
2024-07-29 04:37:00,CNR1853849444,Driver Not Found,CID945339,Prime Sedan,Padmanabhanagar,Sahakar Nagar,,,Not Applicable,Not Applicable,Not Applicable,Not Applicable,100,Not Applicable,0,,
2024-07-04 00:01:00,CNR4007914658,Success,CID423897,Bike,Rajarajeshwari Nagar,Yeshwanthpur,259.0,105.0,Not Applicable,Not Applicable,No,Not Applicable,377,UPI,13,4.3,4.8
2024-07-23 08:58:00,CNR7881373543,Success,CID142115,Bike,Koramangala,Sahakar Nagar,112.0,60.0,Not Applicable,Not Applicable,No,Not Applicable,182,Cash,39,4.9,3.0
2024-07-05 14:01:00,CNR9334885775,Success,CID797345,Mini,Rajajinagar,Kammanahalli,70.0,100.0,Not Applicable,Not Applicable,No,Not Applicable,298,Credit Card,19,4.7,3.4
2024-07-05 02:24:00,CNR1056774085,Success,CID145977,eBike,Hulimavu,Banashankari,210.0,100.0,Not Applicable,Not Applicable,Yes,Customer Demand,2372,Credit Card,43,3.3,4.1
2024-07-04 18:30:00,CNR6832785079,Canceled by Customer,CID864496,Prime Plus,Vijayanagar,Whitefield,,,Driver is not moving towards pickup location,Not Applicable,Not Applicable,Not Applicable,353,Not Applicable,0,,
2024-07-13 01:21:00,CNR9837977175,Success,CID662641,Prime Plus,Chamarajpet,Kadugodi,168.0,90.0,Not Applicable,Not Applicable,Yes,Vehicle Breakdown,362,UPI,37,4.6,4.7
2024-07-11 09:45:00,CNR3243667206,Driver Not Found,CID695744,Bike,Ramamurthy Nagar,Devanahalli,,,Not Applicable,Not Applicable,Not Applicable,Not Applicable,312,Not Applicable,0,,
2024-07-30 03:55:00,CNR2377437248,Success,CID262944,Prime SUV,Kammanahalli,Kadugodi,161.0,105.0,Not Applicable,Not Applicable,No,Not Applicable,306,Credit Card,12,4.6,4.7
2024-07-17 08:01:00,CNR6541137238,Success,CID339813,Prime Sedan,Electronic City,Frazer Town,266.0,135.0,Not Applicable,Not Applicable,Yes,Customer Demand,310,UPI,25,4.9,3.8
2024-07-13 03:14:00,CNR8281930937,Success,CID261310,Mini,Yeshwanthpur,JP Nagar,105.0,30.0,Not Applicable,Not Applicable,No,Not Applicable,386,UPI,39,4.1,4.7
2024-07-14 04:12:00,CNR8905249247,Success,CID206593,Bike,Basavanagudi,JP Nagar,126.0,95.0,Not Applicable,Not Applicable,No,Not Applicable,253,Cash,7,4.5,4.8
2024-07-28 01:46:00,CNR4040262718,Success,CID586215,eBike,Langford Town,Hosur Road,63.0,125.0,Not Applicable,Not Applicable,No,Not Applicable,314,UPI,21,4.4,3.5
2024-07-06 00:59:00,CNR3938343438,Success,CID519859,Prime SUV,Bannerghatta Road,Vijayanagar,112.0,70.0,Not Applicable,Not Applicable,No,Not Applicable,433,UPI,21,3.3,3.4
2024-07-23 21:15:00,CNR5203528058,Success,CID732548,Mini,Basavanagudi,Jayanagar,224.0,105.0,Not Applicable,Not Applicable,No,Not Applicable,232,UPI,19,3.9,4.2
2024-07-11 05:31:00,CNR9269369753,Success,CID652914,Mini,Sarjapur Road,Langford Town,112.0,80.0,Not Applicable,Not Applicable,No,Not Applicable,487,UPI,28,3.2,3.5
2024-07-28 06:49:00,CNR7920744527,Success,CID167634,Prime SUV,Indiranagar,Whitefield,203.0,125.0,Not Applicable,Not Applicable,No,Not Applicable,279,Cash,37,3.8,4.7
2024-07-26 22:44:00,CNR2992808057,Canceled by Driver,CID763267,Auto,Yeshwanthpur,Majestic,,,Not Applicable,Personal & Car related issue,Not Applicable,Not Applicable,385,Not Applicable,0,,
2024-07-02 13:19:00,CNR9540312923,Success,CID249021,Prime SUV,Majestic,Malleshwaram,91.0,65.0,Not Applicable,Not Applicable,No,Not Applicable,447,UPI,32,3.1,3.3
2024-07-17 09:29:00,CNR6882515719,Success,CID379096,Prime Sedan,Electronic City,Hennur,98.0,30.0,Not Applicable,Not Applicable,No,Not Applicable,542,Cash,2,4.0,3.1
2024-07-12 15:38:00,CNR2018933305,Success,CID293158,Auto,Kadugodi,Magadi Road,84.0,55.0,Not Applicable,Not Applicable,No,Not Applicable,130,Cash,13,4.6,4.3
2024-07-16 00:35:00,CNR4943787269,Success,CID621531,Bike,Whitefield,Sahakar Nagar,98.0,50.0,Not Applicable,Not Applicable,No,Not Applicable,959,Cash,18,3.2,3.6
2024-07-03 09:03:00,CNR9225814792,Driver Not Found,CID386467,Prime Plus,Tumkur Road,JP Nagar,,,Not Applicable,Not Applicable,Not Applicable,Not Applicable,100,Not Applicable,0,,
2024-07-16 01:09:00,CNR9957014957,Canceled by Customer,CID350253,Prime SUV,Nagarbhavi,Banashankari,,,Driver asked to cancel,Not Applicable,Not Applicable,Not Applicable,204,Not Applicable,0,,
2024-07-11 04:49:00,CNR5977502423,Success,CID825713,Prime Sedan,Sarjapur Road,Indiranagar,196.0,45.0,Not Applicable,Not Applicable,No,Not Applicable,124,UPI,27,4.6,3.7
2024-07-17 07:46:00,CNR9650710703,Success,CID326153,Prime Sedan,Cox Town,Bellandur,287.0,65.0,Not Applicable,Not Applicable,No,Not Applicable,2994,UPI,4,4.3,3.0
2024-07-16 02:57:00,CNR7285876924,Driver Not Found,CID601229,Mini,Peenya,Vijayanagar,,,Not Applicable,Not Applicable,Not Applicable,Not Applicable,226,Not Applicable,0,,
2024-07-11 04:43:00,CNR1538786808,Driver Not Found,CID345649,Prime SUV,Marathahalli,Tumkur Road,,,Not Applicable,Not Applicable,Not Applicable,Not Applicable,417,Not Applicable,0,,
2024-07-07 16:32:00,CNR4835896885,Success,CID919774,Prime Plus,Cox Town,Devanahalli,245.0,45.0,Not Applicable,Not Applicable,No,Not Applicable,472,Cash,38,3.4,3.6
2024-07-29 13:15:00,CNR9858352594,Driver Not Found,CID680479,Mini,Basavanagudi,Sahakar Nagar,,,Not Applicable,Not Applicable,Not Applicable,Not Applicable,438,Not Applicable,0,,
2024-07-08 11:10:00,CNR5280682643,Success,CID606187,Prime Plus,Mysore Road,Chamarajpet,217.0,65.0,Not Applicable,Not Applicable,No,Not Applicable,358,UPI,26,3.9,4.7
2024-07-30 05:47:00,CNR5590187463,Success,CID321765,Bike,RT Nagar,Malleshwaram,238.0,90.0,Not Applicable,Not Applicable,No,Not Applicable,348,UPI,24,4.4,3.7
2024-07-11 02:03:00,CNR5314321852,Canceled by Driver,CID185960,Prime Sedan,Mysore Road,Electronic City,,,Not Applicable,Personal & Car related issue,Not Applicable,Not Applicable,900,Not Applicable,0,,
2024-07-29 14:11:00,CNR5575323821,Canceled by Driver,CID228657,Bike,Kadugodi,Indiranagar,,,Not Applicable,Personal & Car related issue,Not Applicable,Not Applicable,290,Not Applicable,0,,
2024-07-21 23:59:00,CNR2252290351,Canceled by Driver,CID200151,Prime SUV,Bannerghatta Road,Chamarajpet,,,Not Applicable,Personal & Car related issue,Not Applicable,Not Applicable,702,Not Applicable,0,,
2024-07-16 09:14:00,CNR5951585927,Success,CID184595,Prime Plus,Tumkur Road,Chamarajpet,245.0,90.0,Not Applicable,Not Applicable,No,Not Applicable,490,Credit Card,5,3.5,3.5
2024-07-24 21:10:00,CNR4245249863,Success,CID574742,eBike,Padmanabhanagar,Yelahanka,133.0,45.0,Not Applicable,Not Applicable,Yes,Customer Demand,435,Cash,42,3.8,3.1
2024-07-04 12:44:00,CNR6824978875,Canceled by Driver,CID338243,Prime Plus,Marathahalli,Hebbal,,,Not Applicable,Personal & Car related issue,Not Applicable,Not Applicable,218,Not Applicable,0,,
2024-07-20 02:39:00,CNR3564565731,Success,CID168068,Bike,RT Nagar,Peenya,301.0,40.0,Not Applicable,Not Applicable,No,Not Applicable,427,Cash,7,3.7,4.0
2024-07-02 02:32:00,CNR4370183002,Success,CID299802,Bike,Yeshwanthpur,Magadi Road,203.0,125.0,Not Applicable,Not Applicable,No,Not Applicable,544,UPI,5,3.7,3.2
2024-07-05 05:11:00,CNR7323941766,Success,CID510142,Prime Plus,Hulimavu,Electronic City,112.0,145.0,Not Applicable,Not Applicable,No,Not Applicable,142,Cash,43,3.5,3.5
2024-07-24 20:20:00,CNR6840087028,Success,CID197655,Bike,Kadugodi,Jayanagar,259.0,80.0,Not Applicable,Not Applicable,No,Not Applicable,125,Cash,32,4.6,3.6
2024-07-10 17:23:00,CNR7431346964,Success,CID728370,eBike,Langford Town,Kammanahalli,287.0,110.0,Not Applicable,Not Applicable,No,Not Applicable,259,UPI,11,3.1,3.9
2024-07-23 15:11:00,CNR5535922283,Success,CID291824,Mini,Bellandur,Shivajinagar,70.0,95.0,Not Applicable,Not Applicable,No,Not Applicable,598,UPI,39,3.1,4.0
2024-07-12 17:34:00,CNR3625825645,Success,CID827398,Prime SUV,Chamarajpet,Hebbal,203.0,30.0,Not Applicable,Not Applicable,No,Not Applicable,228,UPI,16,4.9,3.1
2024-07-07 03:50:00,CNR6555127916,Success,CID997917,Prime Sedan,Ramamurthy Nagar,Peenya,238.0,95.0,Not Applicable,Not Applicable,No,Not Applicable,265,Cash,34,3.1,3.8
2024-07-20 13:29:00,CNR3662915390,Canceled by Customer,CID327130,eBike,Cox Town,Hennur,,,Driver asked to cancel,Not Applicable,Not Applicable,Not Applicable,406,Not Applicable,0,,
2024-07-26 20:29:00,CNR8269493302,Canceled by Driver,CID233059,eBike,Varthur,Kammanahalli,,,Not Applicable,More than permitted people in there,Not Applicable,Not Applicable,374,Not Applicable,0,,
2024-07-15 22:42:00,CNR3758291989,Success,CID519414,Prime SUV,Banashankari,Hosur Road,189.0,85.0,Not Applicable,Not Applicable,No,Not Applicable,642,UPI,18,3.3,4.3
2024-07-11 14:09:00,CNR1530491330,Success,CID104180,Prime Plus,Whitefield,JP Nagar,294.0,90.0,Not Applicable,Not Applicable,No,Not Applicable,1570,Cash,12,3.9,3.4
2024-07-28 18:14:00,CNR9058712127,Driver Not Found,CID981576,eBike,Sarjapur Road,Rajajinagar,,,Not Applicable,Not Applicable,Not Applicable,Not Applicable,283,Not Applicable,0,,
2024-07-12 04:16:00,CNR3883286168,Success,CID751829,Bike,Yeshwanthpur,Padmanabhanagar,168.0,85.0,Not Applicable,Not Applicable,Yes,Vehicle Breakdown,363,UPI,41,3.2,3.1
2024-07-02 01:10:00,CNR1459109966,Success,CID542341,eBike,Bannerghatta Road,JP Nagar,168.0,100.0,Not Applicable,Not Applicable,No,Not Applicable,249,Cash,10,3.8,4.1
2024-07-16 12:07:00,CNR7057961732,Success,CID449931,Bike,Tumkur Road,Tumkur Road,126.0,60.0,Not Applicable,Not Applicable,No,Not Applicable,354,Cash,43,3.8,4.0
2024-07-24 17:27:00,CNR7583533199,Success,CID518899,Auto,Varthur,Banashankari,70.0,105.0,Not Applicable,Not Applicable,No,Not Applicable,133,Credit Card,9,3.8,4.4
2024-07-04 05:39:00,CNR8401500772,Success,CID196205,Auto,Sahakar Nagar,Whitefield,252.0,115.0,Not Applicable,Not Applicable,No,Not Applicable,109,Cash,5,3.5,4.0
2024-07-18 06:06:00,CNR2602372792,Success,CID448899,Prime Sedan,Peenya,MG Road,42.0,75.0,Not Applicable,Not Applicable,No,Not Applicable,364,Cash,22,5.0,4.6
2024-07-18 17:05:00,CNR7020743095,Driver Not Found,CID637083,Bike,JP Nagar,Padmanabhanagar,,,Not Applicable,Not Applicable,Not Applicable,Not Applicable,577,Not Applicable,0,,
2024-07-22 09:39:00,CNR9667224610,Success,CID771111,Prime SUV,Varthur,Vijayanagar,196.0,125.0,Not Applicable,Not Applicable,No,Not Applicable,464,UPI,49,3.6,4.5
2024-07-16 16:34:00,CNR2041531495,Success,CID541734,Prime SUV,Hulimavu,Koramangala,63.0,60.0,Not Applicable,Not Applicable,No,Not Applicable,389,UPI,29,3.7,4.6
2024-07-13 21:30:00,CNR5767357928,Success,CID606646,Prime SUV,Shivajinagar,BTM Layout,91.0,85.0,Not Applicable,Not Applicable,No,Not Applicable,934,UPI,27,4.2,4.6
2024-07-15 18:58:00,CNR5428795958,Success,CID769510,Prime Plus,Ramamurthy Nagar,Rajarajeshwari Nagar,266.0,95.0,Not Applicable,Not Applicable,No,Not Applicable,695,UPI,36,3.9,3.9
2024-07-24 13:47:00,CNR1769364882,Success,CID779174,eBike,Mysore Road,Nagarbhavi,161.0,85.0,Not Applicable,Not Applicable,No,Not Applicable,176,UPI,19,3.7,3.8
2024-07-04 01:53:00,CNR2034821366,Driver Not Found,CID744123,eBike,Nagarbhavi,Magadi Road,,,Not Applicable,Not Applicable,Not Applicable,Not Applicable,554,Not Applicable,0,,
2024-07-12 05:27:00,CNR6573195459,Success,CID629527,Mini,Sahakar Nagar,Bannerghatta Road,301.0,75.0,Not Applicable,Not Applicable,No,Not Applicable,148,Cash,42,4.1,3.2
2024-07-07 09:05:00,CNR5186399375,Success,CID568013,Mini,Sahakar Nagar,Banashankari,196.0,65.0,Not Applicable,Not Applicable,No,Not Applicable,522,Cash,40,4.2,3.0
2024-07-25 11:47:00,CNR3312024457,Canceled by Driver,CID816511,Auto,Kadugodi,Chickpet,,,Not Applicable,More than permitted people in there,Not Applicable,Not Applicable,114,Not Applicable,0,,
2024-07-03 12:00:00,CNR6390486688,Success,CID812761,Auto,Whitefield,Hosur Road,189.0,90.0,Not Applicable,Not Applicable,No,Not Applicable,311,Cash,12,4.9,3.7
2024-07-03 02:31:00,CNR6229719745,Success,CID495722,Bike,Magadi Road,Tumkur Road,56.0,115.0,Not Applicable,Not Applicable,No,Not Applicable,350,UPI,39,3.7,4.2
2024-07-07 13:06:00,CNR1476797586,Success,CID878243,Bike,Ulsoor,Yelahanka,210.0,80.0,Not Applicable,Not Applicable,No,Not Applicable,474,Cash,10,4.3,3.6
2024-07-28 07:16:00,CNR2843436774,Canceled by Customer,CID421782,Prime SUV,Kadugodi,Kengeri,,,AC is Not working,Not Applicable,Not Applicable,Not Applicable,657,Not Applicable,0,,
2024-07-12 21:49:00,CNR8736347694,Canceled by Driver,CID939178,Prime Sedan,Hennur,Marathahalli,,,Not Applicable,More than permitted people in there,Not Applicable,Not Applicable,434,Not Applicable,0,,
2024-07-01 19:41:00,CNR2563555428,Success,CID421785,eBike,Shantinagar,Hosur Road,231.0,80.0,Not Applicable,Not Applicable,No,Not Applicable,474,UPI,5,4.3,4.3
2024-07-19 16:32:00,CNR3654327799,Success,CID718405,Bike,MG Road,Kammanahalli,35.0,40.0,Not Applicable,Not Applicable,No,Not Applicable,383,Cash,21,4.5,3.7
2024-07-30 23:37:00,CNR6421484105,Success,CID343292,eBike,Bannerghatta Road,HSR Layout,70.0,85.0,Not Applicable,Not Applicable,No,Not Applicable,2037,Cash,9,3.5,4.3
2024-07-09 19:52:00,CNR8091788561,Success,CID495653,Bike,Langford Town,Tumkur Road,189.0,35.0,Not Applicable,Not Applicable,No,Not Applicable,966,Cash,9,3.1,3.9
2024-07-14 00:57:00,CNR8062986823,Driver Not Found,CID121501,Prime Sedan,Ramamurthy Nagar,Kammanahalli,,,Not Applicable,Not Applicable,Not Applicable,Not Applicable,1480,Not Applicable,0,,
2024-07-18 15:15:00,CNR6682971981,Success,CID691930,Prime Sedan,Hosur Road,Devanahalli,49.0,55.0,Not Applicable,Not Applicable,No,Not Applicable,258,Cash,20,3.4,4.2
2024-07-30 04:32:00,CNR5926153043,Driver Not Found,CID705046,Prime SUV,Basavanagudi,JP Nagar,,,Not Applicable,Not Applicable,Not Applicable,Not Applicable,332,Not Applicable,0,,
2024-07-21 15:03:00,CNR2333127419,Success,CID835029,Prime Plus,Richmond Town,RT Nagar,280.0,25.0,Not Applicable,Not Applicable,No,Not Applicable,2196,Cash,33,4.8,3.1
2024-07-21 19:34:00,CNR6818328857,Success,CID909149,Mini,Yeshwanthpur,Yeshwanthpur,245.0,25.0,Not Applicable,Not Applicable,No,Not Applicable,406,Cash,18,4.6,3.4
2024-07-09 09:51:00,CNR2291177393,Canceled by Driver,CID165954,eBike,Magadi Road,Shivajinagar,,,Not Applicable,More than permitted people in there,Not Applicable,Not Applicable,435,Not Applicable,0,,
2024-07-25 21:34:00,CNR2424472531,Success,CID624802,Mini,Whitefield,Banashankari,98.0,130.0,Not Applicable,Not Applicable,Yes,Vehicle Breakdown,460,Cash,17,4.2,4.6
2024-07-20 09:30:00,CNR7744651799,Driver Not Found,CID431008,Auto,Yeshwanthpur,Indiranagar,,,Not Applicable,Not Applicable,Not Applicable,Not Applicable,279,Not Applicable,0,,
2024-07-16 09:58:00,CNR7763800917,Canceled by Driver,CID454270,Prime SUV,Langford Town,Majestic,,,Not Applicable,More than permitted people in there,Not Applicable,Not Applicable,199,Not Applicable,0,,
2024-07-17 21:21:00,CNR8473847696,Success,CID981850,Auto,Devanahalli,Padmanabhanagar,273.0,55.0,Not Applicable,Not Applicable,No,Not Applicable,334,Cash,12,3.2,4.4
2024-07-12 13:43:00,CNR2190334218,Success,CID887565,Prime SUV,Devanahalli,BTM Layout,147.0,60.0,Not Applicable,Not Applicable,Yes,Customer Demand,485,UPI,13,3.3,3.4
2024-07-25 14:48:00,CNR1234578938,Success,CID768041,Prime Sedan,HSR Layout,Bannerghatta Road,77.0,35.0,Not Applicable,Not Applicable,No,Not Applicable,730,Cash,49,3.1,4.4
2024-07-10 17:35:00,CNR2007718627,Success,CID583547,Prime Plus,Vijayanagar,Tumkur Road,133.0,135.0,Not Applicable,Not Applicable,No,Not Applicable,930,UPI,2,3.0,3.7
2024-07-25 20:37:00,CNR7083981859,Success,CID205266,Prime Plus,Cox Town,Magadi Road,98.0,50.0,Not Applicable,Not Applicable,No,Not Applicable,140,UPI,48,4.4,3.2
2024-07-25 10:16:00,CNR8541969365,Success,CID490320,Bike,Bellandur,Koramangala,98.0,55.0,Not Applicable,Not Applicable,No,Not Applicable,304,Cash,29,4.1,3.4
2024-07-13 01:43:00,CNR2487574540,Success,CID138041,Prime Sedan,RT Nagar,BTM Layout,217.0,55.0,Not Applicable,Not Applicable,No,Not Applicable,463,UPI,46,4.9,4.9
2024-07-21 18:03:00,CNR1248063764,Success,CID675908,Prime Plus,Sahakar Nagar,Bannerghatta Road,42.0,45.0,Not Applicable,Not Applicable,Yes,Vehicle Breakdown,460,Cash,49,4.5,3.7
2024-07-15 20:28:00,CNR8139808643,Driver Not Found,CID589737,Auto,Langford Town,Malleshwaram,,,Not Applicable,Not Applicable,Not Applicable,Not Applicable,187,Not Applicable,0,,
2024-07-11 20:55:00,CNR2931684031,Success,CID963737,Bike,KR Puram,Hebbal,252.0,25.0,Not Applicable,Not Applicable,No,Not Applicable,556,UPI,20,3.4,4.2
2024-07-03 10:07:00,CNR1289805794,Success,CID462338,Mini,Jayanagar,Marathahalli,154.0,45.0,Not Applicable,Not Applicable,Yes,Vehicle Breakdown,438,UPI,9,4.0,3.2
2024-07-29 02:40:00,CNR8069277056,Success,CID235245,Mini,Kammanahalli,Majestic,35.0,45.0,Not Applicable,Not Applicable,No,Not Applicable,308,Cash,39,4.8,3.9
2024-07-23 19:47:00,CNR3603695908,Canceled by Driver,CID812291,Prime Plus,RT Nagar,MG Road,,,Not Applicable,Customer was coughing/sick,Not Applicable,Not Applicable,191,Not Applicable,0,,
2024-07-25 03:59:00,CNR1690342183,Canceled by Driver,CID639754,Prime SUV,Ramamurthy Nagar,Marathahalli,,,Not Applicable,Customer was coughing/sick,Not Applicable,Not Applicable,348,Not Applicable,0,,
2024-07-30 16:43:00,CNR3018422505,Success,CID450837,Auto,Kammanahalli,Magadi Road,245.0,105.0,Not Applicable,Not Applicable,No,Not Applicable,419,Cash,1,5.0,3.4
2024-07-07 04:17:00,CNR3263642378,Success,CID954690,Prime Plus,Yeshwanthpur,BTM Layout,70.0,45.0,Not Applicable,Not Applicable,No,Not Applicable,2812,UPI,21,4.7,3.4
2024-07-10 12:19:00,CNR7356336401,Success,CID490049,eBike,MG Road,Magadi Road,35.0,130.0,Not Applicable,Not Applicable,No,Not Applicable,2611,UPI,28,3.0,4.7
2024-07-11 22:19:00,CNR6892019010,Success,CID711881,Auto,Kammanahalli,JP Nagar,35.0,65.0,Not Applicable,Not Applicable,No,Not Applicable,305,Credit Card,14,3.4,4.3
2024-07-10 22:02:00,CNR1029403415,Success,CID673245,eBike,Nagarbhavi,Sahakar Nagar,126.0,135.0,Not Applicable,Not Applicable,No,Not Applicable,721,UPI,14,5.0,4.1
2024-07-03 06:09:00,CNR1589151990,Success,CID659823,Prime Plus,Yeshwanthpur,Yelahanka,203.0,100.0,Not Applicable,Not Applicable,No,Not Applicable,549,Cash,35,3.2,4.0
2024-07-14 13:59:00,CNR3439742271,Success,CID604255,Prime Plus,Basavanagudi,Hennur,189.0,85.0,Not Applicable,Not Applicable,No,Not Applicable,183,UPI,19,4.5,4.4
2024-07-30 01:15:00,CNR8052578602,Success,CID111328,eBike,Majestic,Koramangala,126.0,95.0,Not Applicable,Not Applicable,No,Not Applicable,346,UPI,21,4.7,3.5
2024-07-06 11:33:00,CNR6075295081,Canceled by Driver,CID419996,Mini,Ramamurthy Nagar,Sarjapur Road,,,Not Applicable,Customer was coughing/sick,Not Applicable,Not Applicable,2694,Not Applicable,0,,
2024-07-10 03:16:00,CNR8723242131,Canceled by Customer,CID173710,Prime Plus,Peenya,Chickpet,,,Driver asked to cancel,Not Applicable,Not Applicable,Not Applicable,454,Not Applicable,0,,
2024-07-24 05:59:00,CNR5541132600,Success,CID477218,Auto,Sahakar Nagar,Nagarbhavi,217.0,105.0,Not Applicable,Not Applicable,No,Not Applicable,298,UPI,7,3.1,4.3
2024-07-13 01:17:00,CNR1635725798,Success,CID224549,eBike,Bannerghatta Road,Kadugodi,287.0,135.0,Not Applicable,Not Applicable,No,Not Applicable,364,Cash,3,4.7,5.0
2024-07-20 19:56:00,CNR9663382237,Success,CID989305,Prime Sedan,Malleshwaram,Chamarajpet,203.0,130.0,Not Applicable,Not Applicable,No,Not Applicable,158,Cash,49,3.9,4.4
2024-07-11 12:31:00,CNR8282760862,Success,CID544469,Auto,KR Puram,Jayanagar,252.0,140.0,Not Applicable,Not Applicable,No,Not Applicable,452,Cash,3,3.2,4.1
2024-07-30 12:51:00,CNR7860875398,Success,CID731586,eBike,Bellandur,Indiranagar,126.0,105.0,Not Applicable,Not Applicable,No,Not Applicable,151,Credit Card,46,3.6,3.4
2024-07-14 03:27:00,CNR4346427651,Success,CID135269,Prime Sedan,Vijayanagar,Hulimavu,140.0,70.0,Not Applicable,Not Applicable,No,Not Applicable,1003,Cash,44,4.3,3.4
2024-07-26 11:31:00,CNR8152368511,Canceled by Driver,CID864231,Auto,Hennur,KR Puram,,,Not Applicable,Customer was coughing/sick,Not Applicable,Not Applicable,168,Not Applicable,0,,
2024-07-20 06:04:00,CNR1747232312,Driver Not Found,CID782372,eBike,Kengeri,Hosur Road,,,Not Applicable,Not Applicable,Not Applicable,Not Applicable,214,Not Applicable,0,,
2024-07-03 21:39:00,CNR8494071868,Driver Not Found,CID381651,Bike,Padmanabhanagar,Varthur,,,Not Applicable,Not Applicable,Not Applicable,Not Applicable,564,Not Applicable,0,,
2024-07-10 19:58:00,CNR7024122003,Success,CID191262,Prime Plus,Nagarbhavi,Kadugodi,147.0,140.0,Not Applicable,Not Applicable,No,Not Applicable,229,Cash,22,4.7,4.7
2024-07-16 15:52:00,CNR3545032475,Canceled by Customer,CID206610,Auto,HSR Layout,KR Puram,,,Wrong Address,Not Applicable,Not Applicable,Not Applicable,116,Not Applicable,0,,
2024-07-10 06:07:00,CNR4156850600,Success,CID556213,Prime SUV,Basavanagudi,Shantinagar,119.0,70.0,Not Applicable,Not Applicable,No,Not Applicable,264,UPI,31,3.6,4.5
2024-07-23 09:05:00,CNR6513510431,Success,CID802991,Prime Sedan,Cox Town,Hosur Road,133.0,105.0,Not Applicable,Not Applicable,No,Not Applicable,224,UPI,16,3.7,3.0
2024-07-21 09:20:00,CNR5533271313,Success,CID314355,Prime Plus,Marathahalli,Malleshwaram,308.0,30.0,Not Applicable,Not Applicable,No,Not Applicable,1038,Cash,37,3.8,3.2
2024-07-25 07:39:00,CNR4582656755,Canceled by Driver,CID794350,Prime SUV,Devanahalli,Hosur Road,,,Not Applicable,Personal & Car related issue,Not Applicable,Not Applicable,173,Not Applicable,0,,
2024-07-10 12:01:00,CNR8264580970,Success,CID257718,Bike,Yelahanka,Whitefield,203.0,45.0,Not Applicable,Not Applicable,No,Not Applicable,202,Cash,12,3.9,3.4
2024-07-11 03:47:00,CNR2642551453,Success,CID664083,Mini,Nagarbhavi,Peenya,196.0,40.0,Not Applicable,Not Applicable,No,Not Applicable,319,Credit Card,34,3.6,3.1
2024-07-16 03:35:00,CNR4206983642,Success,CID457861,Prime SUV,Rajarajeshwari Nagar,Rajajinagar,308.0,115.0,Not Applicable,Not Applicable,No,Not Applicable,348,Credit Card,8,3.7,4.2
2024-07-17 01:46:00,CNR7751760208,Success,CID146118,Mini,Kammanahalli,Padmanabhanagar,140.0,40.0,Not Applicable,Not Applicable,No,Not Applicable,108,UPI,12,3.3,4.6
2024-07-02 18:45:00,CNR7081641714,Success,CID979464,Bike,RT Nagar,Magadi Road,77.0,45.0,Not Applicable,Not Applicable,No,Not Applicable,421,UPI,38,4.5,4.3
2024-07-21 12:47:00,CNR9365881028,Success,CID408242,Bike,Magadi Road,Hulimavu,217.0,75.0,Not Applicable,Not Applicable,No,Not Applicable,380,UPI,35,3.7,3.6
2024-07-30 20:21:00,CNR6657200261,Success,CID167765,Mini,Peenya,Banashankari,140.0,140.0,Not Applicable,Not Applicable,No,Not Applicable,1055,Cash,19,4.2,3.9
2024-07-11 21:32:00,CNR3880023494,Success,CID462788,Mini,Koramangala,Marathahalli,210.0,95.0,Not Applicable,Not Applicable,No,Not Applicable,183,Cash,37,4.3,3.4
2024-07-24 19:51:00,CNR8700989240,Success,CID893141,Auto,Marathahalli,Rajarajeshwari Nagar,56.0,50.0,Not Applicable,Not Applicable,No,Not Applicable,1648,UPI,12,4.6,3.5
2024-07-22 02:18:00,CNR1810964021,Success,CID257238,Bike,Ulsoor,MG Road,126.0,50.0,Not Applicable,Not Applicable,No,Not Applicable,124,UPI,43,4.6,3.1
2024-07-19 07:42:00,CNR6363777406,Success,CID568820,eBike,Basavanagudi,Peenya,266.0,75.0,Not Applicable,Not Applicable,No,Not Applicable,299,UPI,5,3.8,4.2
2024-07-05 11:23:00,CNR6248724235,Success,CID876554,eBike,Ramamurthy Nagar,MG Road,238.0,40.0,Not Applicable,Not Applicable,No,Not Applicable,496,Cash,37,4.6,3.3
2024-07-07 04:13:00,CNR3893897272,Success,CID960194,Auto,Hennur,Majestic,217.0,50.0,Not Applicable,Not Applicable,No,Not Applicable,517,Cash,19,4.9,4.1
2024-07-17 09:12:00,CNR4200898367,Canceled by Driver,CID216714,Auto,Bellandur,Hulimavu,,,Not Applicable,Customer related issue,Not Applicable,Not Applicable,429,Not Applicable,0,,
2024-07-11 00:32:00,CNR1744815602,Canceled by Driver,CID164340,Auto,Cox Town,Majestic,,,Not Applicable,Personal & Car related issue,Not Applicable,Not Applicable,740,Not Applicable,0,,
2024-07-13 09:57:00,CNR5111360299,Canceled by Driver,CID217085,Prime Plus,Whitefield,BTM Layout,,,Not Applicable,Customer related issue,Not Applicable,Not Applicable,336,Not Applicable,0,,
2024-07-29 08:30:00,CNR5406638837,Success,CID842792,Mini,Jayanagar,Langford Town,49.0,45.0,Not Applicable,Not Applicable,Yes,Other Issue,320,Cash,7,3.0,4.7
2024-07-30 17:17:00,CNR6351283528,Canceled by Customer,CID171469,eBike,Magadi Road,Richmond Town,,,Driver asked to cancel,Not Applicable,Not Applicable,Not Applicable,278,Not Applicable,0,,
2024-07-13 06:49:00,CNR2881585755,Canceled by Driver,CID709854,Prime Sedan,Kengeri,Kengeri,,,Not Applicable,Customer was coughing/sick,Not Applicable,Not Applicable,151,Not Applicable,0,,
2024-07-08 21:41:00,CNR1594906840,Canceled by Driver,CID948056,Auto,JP Nagar,Varthur,,,Not Applicable,Customer was coughing/sick,Not Applicable,Not Applicable,291,Not Applicable,0,,
2024-07-14 02:08:00,CNR5715271780,Success,CID549203,Prime Plus,Nagarbhavi,Chickpet,259.0,95.0,Not Applicable,Not Applicable,Yes,Customer Demand,826,UPI,1,3.3,3.0
2024-07-19 22:47:00,CNR9815791138,Canceled by Driver,CID746197,Mini,Hennur,MG Road,,,Not Applicable,Personal & Car related issue,Not Applicable,Not Applicable,437,Not Applicable,0,,
2024-07-05 01:09:00,CNR5326448637,Success,CID890689,Auto,Ulsoor,Padmanabhanagar,42.0,145.0,Not Applicable,Not Applicable,No,Not Applicable,333,UPI,17,4.9,3.6
2024-07-02 16:55:00,CNR1347043375,Success,CID594175,Bike,Electronic City,Jayanagar,105.0,90.0,Not Applicable,Not Applicable,No,Not Applicable,474,UPI,14,3.6,3.1
2024-07-21 12:04:00,CNR8852732875,Canceled by Driver,CID582131,eBike,Devanahalli,Langford Town,,,Not Applicable,More than permitted people in there,Not Applicable,Not Applicable,880,Not Applicable,0,,
2024-07-24 06:54:00,CNR2307410690,Success,CID662754,Mini,JP Nagar,Magadi Road,308.0,90.0,Not Applicable,Not Applicable,No,Not Applicable,149,UPI,29,3.1,3.9
2024-07-17 14:46:00,CNR8058824028,Success,CID401404,Mini,Peenya,Bellandur,126.0,130.0,Not Applicable,Not Applicable,No,Not Applicable,306,UPI,12,4.4,3.3
2024-07-28 00:54:00,CNR6144985753,Success,CID662165,Prime Sedan,Sarjapur Road,JP Nagar,49.0,95.0,Not Applicable,Not Applicable,No,Not Applicable,168,UPI,24,4.8,4.7
2024-07-25 08:04:00,CNR8102154947,Canceled by Driver,CID856263,eBike,Yelahanka,Padmanabhanagar,,,Not Applicable,More than permitted people in there,Not Applicable,Not Applicable,851,Not Applicable,0,,
2024-07-19 11:13:00,CNR1406529593,Success,CID909268,Bike,Chamarajpet,Tumkur Road,259.0,125.0,Not Applicable,Not Applicable,No,Not Applicable,2051,Cash,22,4.6,3.3
2024-07-12 00:51:00,CNR6868938103,Success,CID465111,Mini,Jayanagar,Hulimavu,238.0,130.0,Not Applicable,Not Applicable,No,Not Applicable,249,UPI,39,3.2,4.5
2024-07-08 23:30:00,CNR3464918627,Success,CID837576,Mini,Cox Town,Nagarbhavi,245.0,100.0,Not Applicable,Not Applicable,No,Not Applicable,234,Cash,9,4.4,5.0
2024-07-14 19:20:00,CNR7973624642,Success,CID734720,eBike,Peenya,Rajajinagar,287.0,105.0,Not Applicable,Not Applicable,No,Not Applicable,214,Cash,40,4.9,4.7
2024-07-01 23:21:00,CNR4474036240,Canceled by Customer,CID208693,Bike,Padmanabhanagar,Kadugodi,,,Driver asked to cancel,Not Applicable,Not Applicable,Not Applicable,523,Not Applicable,0,,
2024-07-10 09:49:00,CNR2236734137,Success,CID736622,Mini,Padmanabhanagar,Peenya,245.0,45.0,Not Applicable,Not Applicable,No,Not Applicable,326,UPI,35,4.2,3.0
2024-07-04 09:05:00,CNR5616019683,Success,CID123094,Prime Sedan,Padmanabhanagar,Padmanabhanagar,182.0,90.0,Not Applicable,Not Applicable,No,Not Applicable,253,Cash,36,4.9,4.4
2024-07-20 05:26:00,CNR4492288482,Success,CID907639,Prime SUV,HSR Layout,Electronic City,126.0,90.0,Not Applicable,Not Applicable,No,Not Applicable,128,UPI,4,4.6,3.9
2024-07-20 05:19:00,CNR6761380823,Success,CID460028,Prime Plus,Yelahanka,Yelahanka,91.0,50.0,Not Applicable,Not Applicable,No,Not Applicable,119,UPI,13,4.0,4.7
2024-07-15 12:39:00,CNR9327717819,Canceled by Driver,CID942402,Prime Plus,Indiranagar,Devanahalli,,,Not Applicable,Customer was coughing/sick,Not Applicable,Not Applicable,369,Not Applicable,0,,
2024-07-09 13:41:00,CNR4829680771,Success,CID526098,Prime Sedan,Hulimavu,Banashankari,252.0,125.0,Not Applicable,Not Applicable,No,Not Applicable,314,UPI,47,4.7,3.4
2024-07-13 18:37:00,CNR5112371534,Canceled by Driver,CID200735,Prime Plus,Basavanagudi,Rajarajeshwari Nagar,,,Not Applicable,More than permitted people in there,Not Applicable,Not Applicable,279,Not Applicable,0,,
2024-07-09 12:25:00,CNR8599104600,Success,CID786214,Auto,MG Road,Malleshwaram,154.0,105.0,Not Applicable,Not Applicable,No,Not Applicable,144,Cash,14,4.9,3.5
2024-07-21 18:20:00,CNR1781082645,Success,CID175350,eBike,Hennur,Kengeri,245.0,25.0,Not Applicable,Not Applicable,No,Not Applicable,757,Cash,25,3.0,4.8
2024-07-17 12:54:00,CNR6779212855,Canceled by Driver,CID396791,Bike,Vijayanagar,Varthur,,,Not Applicable,More than permitted people in there,Not Applicable,Not Applicable,208,Not Applicable,0,,
2024-07-09 10:00:00,CNR7216754539,Success,CID919123,Prime Sedan,HSR Layout,Ulsoor,168.0,130.0,Not Applicable,Not Applicable,No,Not Applicable,791,Cash,19,4.5,3.4
2024-07-30 17:23:00,CNR2794597350,Canceled by Customer,CID134109,Auto,Frazer Town,Bannerghatta Road,,,Driver is not moving towards pickup location,Not Applicable,Not Applicable,Not Applicable,291,Not Applicable,0,,
2024-07-11 15:03:00,CNR6777480713,Success,CID780733,Auto,Varthur,Rajajinagar,133.0,135.0,Not Applicable,Not Applicable,No,Not Applicable,391,UPI,17,4.0,4.4
2024-07-26 00:51:00,CNR6971334080,Success,CID461701,Prime Sedan,Basavanagudi,Ramamurthy Nagar,35.0,100.0,Not Applicable,Not Applicable,No,Not Applicable,687,UPI,18,4.3,3.2
2024-07-08 12:32:00,CNR4241128776,Success,CID690731,Mini,Varthur,Magadi Road,224.0,120.0,Not Applicable,Not Applicable,No,Not Applicable,256,UPI,12,4.2,4.7
2024-07-03 11:04:00,CNR7528922616,Canceled by Driver,CID249834,Prime SUV,Majestic,Richmond Town,,,Not Applicable,Customer related issue,Not Applicable,Not Applicable,437,Not Applicable,0,,
2024-07-29 15:06:00,CNR9819290805,Success,CID154926,Bike,Jayanagar,Sarjapur Road,182.0,95.0,Not Applicable,Not Applicable,No,Not Applicable,2728,UPI,15,4.6,3.3
2024-07-24 07:28:00,CNR7276223552,Success,CID196024,eBike,Hennur,Cox Town,147.0,130.0,Not Applicable,Not Applicable,No,Not Applicable,283,UPI,42,4.7,3.7
2024-07-30 11:24:00,CNR3119560735,Success,CID527798,Bike,Vijayanagar,Koramangala,147.0,80.0,Not Applicable,Not Applicable,No,Not Applicable,1485,Cash,35,4.8,4.9
2024-07-23 11:47:00,CNR4826133038,Success,CID310152,Auto,RT Nagar,Hulimavu,175.0,85.0,Not Applicable,Not Applicable,No,Not Applicable,343,Cash,19,3.2,3.0
2024-07-11 12:24:00,CNR6571672781,Success,CID974487,Auto,Bannerghatta Road,Devanahalli,280.0,110.0,Not Applicable,Not Applicable,No,Not Applicable,884,Cash,2,4.1,3.2
2024-07-19 05:08:00,CNR5405063596,Canceled by Customer,CID100869,Mini,RT Nagar,Kengeri,,,Driver is not moving towards pickup location,Not Applicable,Not Applicable,Not Applicable,217,Not Applicable,0,,
2024-07-05 10:00:00,CNR2235570764,Canceled by Driver,CID427586,Auto,MG Road,Bannerghatta Road,,,Not Applicable,Personal & Car related issue,Not Applicable,Not Applicable,932,Not Applicable,0,,
2024-07-08 15:11:00,CNR5843838158,Success,CID560240,Auto,Cox Town,Kammanahalli,294.0,120.0,Not Applicable,Not Applicable,Yes,Customer Demand,188,UPI,11,3.2,4.1
2024-07-09 00:21:00,CNR5469618559,Driver Not Found,CID991409,Auto,Ramamurthy Nagar,Whitefield,,,Not Applicable,Not Applicable,Not Applicable,Not Applicable,1936,Not Applicable,0,,
2024-07-26 04:04:00,CNR4355333745,Canceled by Driver,CID509452,Mini,Majestic,KR Puram,,,Not Applicable,Customer related issue,Not Applicable,Not Applicable,171,Not Applicable,0,,
2024-07-02 03:21:00,CNR9872422676,Driver Not Found,CID803539,Prime Sedan,Hebbal,Kengeri,,,Not Applicable,Not Applicable,Not Applicable,Not Applicable,478,Not Applicable,0,,
2024-07-01 00:31:00,CNR7612300491,Success,CID750037,Prime SUV,Bannerghatta Road,Jayanagar,133.0,135.0,Not Applicable,Not Applicable,No,Not Applicable,295,Cash,42,4.2,4.8
2024-07-11 22:23:00,CNR6880144179,Success,CID220809,Prime Plus,MG Road,Whitefield,98.0,105.0,Not Applicable,Not Applicable,No,Not Applicable,704,Cash,16,3.1,4.4
2024-07-13 07:06:00,CNR4039587744,Success,CID505405,Mini,Hennur,Marathahalli,252.0,130.0,Not Applicable,Not Applicable,No,Not Applicable,230,Cash,37,3.8,3.1
2024-07-21 21:45:00,CNR8803896890,Success,CID950843,Prime SUV,Kammanahalli,Shivajinagar,133.0,120.0,Not Applicable,Not Applicable,No,Not Applicable,345,UPI,42,4.2,3.5
2024-07-27 18:10:00,CNR8514941294,Success,CID778437,Prime Sedan,Hulimavu,Richmond Town,210.0,30.0,Not Applicable,Not Applicable,No,Not Applicable,886,Cash,43,3.3,3.8
2024-07-11 03:39:00,CNR1689185447,Success,CID882844,eBike,MG Road,Chamarajpet,308.0,110.0,Not Applicable,Not Applicable,No,Not Applicable,355,UPI,28,4.9,3.1
2024-07-01 06:26:00,CNR6890134745,Canceled by Customer,CID898374,eBike,Rajarajeshwari Nagar,Tumkur Road,,,Driver is not moving towards pickup location,Not Applicable,Not Applicable,Not Applicable,673,Not Applicable,0,,
2024-07-19 15:12:00,CNR8669201049,Canceled by Customer,CID426021,Prime Plus,Shantinagar,Malleshwaram,,,Driver is not moving towards pickup location,Not Applicable,Not Applicable,Not Applicable,374,Not Applicable,0,,
2024-07-10 05:48:00,CNR6951595694,Success,CID403111,Mini,Marathahalli,Kengeri,49.0,70.0,Not Applicable,Not Applicable,No,Not Applicable,175,UPI,30,4.8,3.7
2024-07-07 21:43:00,CNR1727430398,Driver Not Found,CID475242,Auto,Padmanabhanagar,Richmond Town,,,Not Applicable,Not Applicable,Not Applicable,Not Applicable,358,Not Applicable,0,,
2024-07-07 22:01:00,CNR7593677233,Success,CID475829,Prime SUV,MG Road,Ulsoor,140.0,45.0,Not Applicable,Not Applicable,No,Not Applicable,995,Cash,7,4.6,4.6
2024-07-13 11:28:00,CNR5977771038,Success,CID601111,Prime SUV,JP Nagar,Magadi Road,210.0,45.0,Not Applicable,Not Applicable,No,Not Applicable,480,UPI,3,3.3,3.7
2024-07-28 14:38:00,CNR9556347500,Canceled by Customer,CID128716,Prime Sedan,Koramangala,Rajajinagar,,,Change of plans,Not Applicable,Not Applicable,Not Applicable,1918,Not Applicable,0,,
2024-07-16 01:21:00,CNR7957674392,Driver Not Found,CID611669,Auto,RT Nagar,Indiranagar,,,Not Applicable,Not Applicable,Not Applicable,Not Applicable,490,Not Applicable,0,,
2024-07-26 19:27:00,CNR4717180301,Canceled by Customer,CID474148,eBike,Rajajinagar,Frazer Town,,,Driver is not moving towards pickup location,Not Applicable,Not Applicable,Not Applicable,104,Not Applicable,0,,
2024-07-02 14:08:00,CNR9965519672,Success,CID997480,Prime SUV,Frazer Town,JP Nagar,182.0,90.0,Not Applicable,Not Applicable,No,Not Applicable,422,Cash,33,3.2,3.8
2024-07-22 13:18:00,CNR2862736909,Canceled by Customer,CID184165,Prime Sedan,Bannerghatta Road,Sahakar Nagar,,,Driver asked to cancel,Not Applicable,Not Applicable,Not Applicable,492,Not Applicable,0,,
2024-07-06 02:41:00,CNR3475053114,Success,CID609889,Prime Plus,Shivajinagar,Shantinagar,196.0,40.0,Not Applicable,Not Applicable,No,Not Applicable,624,Cash,46,3.7,4.9
2024-07-18 05:00:00,CNR5425561917,Canceled by Driver,CID286814,Prime SUV,Ulsoor,Shivajinagar,,,Not Applicable,Customer related issue,Not Applicable,Not Applicable,155,Not Applicable,0,,
2024-07-27 10:32:00,CNR9029649251,Success,CID915470,Bike,Ramamurthy Nagar,MG Road,77.0,95.0,Not Applicable,Not Applicable,No,Not Applicable,528,Cash,32,3.2,4.7
2024-07-18 00:29:00,CNR8370230645,Success,CID956467,Prime SUV,Cox Town,Magadi Road,91.0,60.0,Not Applicable,Not Applicable,No,Not Applicable,320,Cash,24,3.7,4.2
2024-07-14 14:53:00,CNR6402217256,Success,CID545915,Mini,Tumkur Road,Frazer Town,175.0,65.0,Not Applicable,Not Applicable,No,Not Applicable,266,UPI,37,3.4,3.8
2024-07-01 17:44:00,CNR9911544868,Success,CID596106,Prime SUV,Yelahanka,Bellandur,259.0,85.0,Not Applicable,Not Applicable,No,Not Applicable,105,UPI,12,3.9,4.0
2024-07-13 13:27:00,CNR4164918064,Success,CID378366,Prime Sedan,Basavanagudi,Shantinagar,119.0,120.0,Not Applicable,Not Applicable,No,Not Applicable,813,Cash,12,3.0,4.9
2024-07-24 02:25:00,CNR3382364710,Success,CID908226,Prime Sedan,Chamarajpet,Koramangala,196.0,100.0,Not Applicable,Not Applicable,No,Not Applicable,589,UPI,24,4.2,4.4
2024-07-29 05:32:00,CNR8414951200,Success,CID418776,Auto,Kammanahalli,Koramangala,203.0,30.0,Not Applicable,Not Applicable,No,Not Applicable,106,UPI,13,3.3,3.7
2024-07-18 09:50:00,CNR2719338176,Success,CID878844,Bike,Cox Town,RT Nagar,217.0,60.0,Not Applicable,Not Applicable,No,Not Applicable,992,UPI,13,4.8,4.4
2024-07-15 21:29:00,CNR8069104842,Success,CID958516,Bike,Rajarajeshwari Nagar,Langford Town,70.0,70.0,Not Applicable,Not Applicable,No,Not Applicable,127,Cash,34,4.9,4.4
2024-07-19 08:29:00,CNR9080819111,Success,CID924583,Mini,Marathahalli,Hebbal,77.0,90.0,Not Applicable,Not Applicable,Yes,Vehicle Breakdown,278,Cash,26,3.4,3.5
2024-07-10 00:02:00,CNR7764811419,Driver Not Found,CID825387,Prime SUV,Langford Town,Chamarajpet,,,Not Applicable,Not Applicable,Not Applicable,Not Applicable,2773,Not Applicable,0,,
2024-07-08 01:52:00,CNR6382121641,Success,CID566009,Prime Sedan,Majestic,Kengeri,301.0,25.0,Not Applicable,Not Applicable,Yes,Vehicle Breakdown,849,UPI,25,4.3,3.5
2024-07-17 19:10:00,CNR9204345925,Success,CID819001,Auto,MG Road,Indiranagar,84.0,90.0,Not Applicable,Not Applicable,No,Not Applicable,144,Cash,10,4.2,4.3
2024-07-18 01:49:00,CNR1660769730,Success,CID849650,Mini,Kengeri,Basavanagudi,84.0,70.0,Not Applicable,Not Applicable,No,Not Applicable,416,UPI,3,3.8,4.7
2024-07-16 00:04:00,CNR5625033404,Driver Not Found,CID793047,Auto,Nagarbhavi,Peenya,,,Not Applicable,Not Applicable,Not Applicable,Not Applicable,339,Not Applicable,0,,
2024-07-07 03:41:00,CNR1205306395,Driver Not Found,CID423820,Prime SUV,Chickpet,Magadi Road,,,Not Applicable,Not Applicable,Not Applicable,Not Applicable,509,Not Applicable,0,,
2024-07-20 15:26:00,CNR6456980840,Success,CID744888,Bike,Chamarajpet,Nagarbhavi,273.0,105.0,Not Applicable,Not Applicable,No,Not Applicable,705,Cash,12,3.3,3.3
2024-07-05 08:41:00,CNR9259947927,Success,CID134344,Auto,Cox Town,Koramangala,189.0,130.0,Not Applicable,Not Applicable,No,Not Applicable,970,UPI,15,4.2,3.6
2024-07-29 14:53:00,CNR4195491248,Success,CID759513,Mini,Marathahalli,Rajajinagar,147.0,95.0,Not Applicable,Not Applicable,No,Not Applicable,432,UPI,14,4.6,3.9
2024-07-12 08:18:00,CNR2442654752,Success,CID730045,Prime Sedan,Yelahanka,Frazer Town,77.0,100.0,Not Applicable,Not Applicable,No,Not Applicable,302,UPI,27,4.6,4.4
2024-07-16 02:46:00,CNR7629943120,Success,CID101893,Prime Sedan,Frazer Town,Malleshwaram,70.0,65.0,Not Applicable,Not Applicable,No,Not Applicable,351,Cash,32,4.7,3.9
2024-07-14 03:19:00,CNR4128900528,Success,CID606074,eBike,Yelahanka,Kadugodi,175.0,135.0,Not Applicable,Not Applicable,No,Not Applicable,118,UPI,49,4.0,3.9
2024-07-23 12:02:00,CNR3025473371,Canceled by Customer,CID104595,Mini,Tumkur Road,Hulimavu,,,AC is Not working,Not Applicable,Not Applicable,Not Applicable,796,Not Applicable,0,,
2024-07-29 07:43:00,CNR8614475637,Success,CID659013,Bike,Magadi Road,Malleshwaram,308.0,120.0,Not Applicable,Not Applicable,No,Not Applicable,165,Cash,37,4.9,3.1
2024-07-20 06:04:00,CNR8900158479,Canceled by Driver,CID649876,Prime SUV,Kammanahalli,Hebbal,,,Not Applicable,Customer was coughing/sick,Not Applicable,Not Applicable,397,Not Applicable,0,,
2024-07-03 08:13:00,CNR7470464928,Success,CID894539,Prime Sedan,Varthur,JP Nagar,259.0,140.0,Not Applicable,Not Applicable,No,Not Applicable,411,Credit Card,15,3.8,4.5
2024-07-24 02:56:00,CNR6932087612,Success,CID885189,Prime SUV,Hebbal,Indiranagar,42.0,100.0,Not Applicable,Not Applicable,No,Not Applicable,183,UPI,40,5.0,4.5
2024-07-02 10:24:00,CNR1433619561,Success,CID154908,Prime SUV,Rajarajeshwari Nagar,Frazer Town,189.0,30.0,Not Applicable,Not Applicable,No,Not Applicable,1274,UPI,45,4.5,3.1
2024-07-20 03:57:00,CNR7417065780,Success,CID840319,Prime Sedan,Sarjapur Road,Jayanagar,105.0,115.0,Not Applicable,Not Applicable,No,Not Applicable,214,UPI,10,4.5,3.7
2024-07-03 08:10:00,CNR3756614053,Success,CID850142,Prime SUV,Sarjapur Road,Marathahalli,133.0,85.0,Not Applicable,Not Applicable,No,Not Applicable,817,Cash,30,3.8,4.4
2024-07-02 22:33:00,CNR2116361798,Success,CID664638,Prime SUV,Shivajinagar,Kengeri,56.0,95.0,Not Applicable,Not Applicable,No,Not Applicable,291,Credit Card,18,4.6,4.4
2024-07-02 11:46:00,CNR7045260551,Canceled by Driver,CID953159,eBike,JP Nagar,Mysore Road,,,Not Applicable,Customer was coughing/sick,Not Applicable,Not Applicable,638,Not Applicable,0,,
2024-07-08 15:39:00,CNR4175074681,Success,CID868481,Mini,Shivajinagar,Vijayanagar,63.0,110.0,Not Applicable,Not Applicable,No,Not Applicable,437,UPI,47,3.0,3.7
2024-07-09 07:34:00,CNR7789769037,Success,CID150772,eBike,Banashankari,Devanahalli,203.0,30.0,Not Applicable,Not Applicable,No,Not Applicable,455,Cash,22,3.3,4.6
2024-07-03 00:37:00,CNR6664512318,Success,CID173332,Auto,Cox Town,Shantinagar,252.0,125.0,Not Applicable,Not Applicable,No,Not Applicable,129,Cash,2,4.4,3.7
2024-07-11 12:59:00,CNR7935620849,Success,CID954941,eBike,Richmond Town,Cox Town,49.0,45.0,Not Applicable,Not Applicable,No,Not Applicable,287,Cash,22,4.9,4.7
2024-07-09 00:17:00,CNR4951586070,Success,CID524948,Prime SUV,Richmond Town,Yeshwanthpur,245.0,45.0,Not Applicable,Not Applicable,No,Not Applicable,287,UPI,39,4.4,5.0
2024-07-04 01:37:00,CNR9913971025,Canceled by Customer,CID378106,Prime Plus,Hebbal,Ramamurthy Nagar,,,Driver is not moving towards pickup location,Not Applicable,Not Applicable,Not Applicable,474,Not Applicable,0,,
2024-07-02 22:19:00,CNR4242027891,Canceled by Driver,CID327606,Prime Sedan,Nagarbhavi,HSR Layout,,,Not Applicable,More than permitted people in there,Not Applicable,Not Applicable,348,Not Applicable,0,,
2024-07-16 13:08:00,CNR6454725073,Driver Not Found,CID654822,Bike,Sahakar Nagar,Peenya,,,Not Applicable,Not Applicable,Not Applicable,Not Applicable,699,Not Applicable,0,,
2024-07-28 11:34:00,CNR1845351904,Success,CID397103,Prime Sedan,Chamarajpet,Hosur Road,294.0,130.0,Not Applicable,Not Applicable,No,Not Applicable,115,Cash,45,3.1,3.9
2024-07-19 17:51:00,CNR3921026920,Success,CID313263,Bike,Langford Town,Mysore Road,245.0,60.0,Not Applicable,Not Applicable,No,Not Applicable,252,Cash,38,3.3,3.9
2024-07-12 20:21:00,CNR1443829611,Success,CID547971,Bike,Kammanahalli,RT Nagar,301.0,105.0,Not Applicable,Not Applicable,No,Not Applicable,2550,Cash,45,4.6,4.9
2024-07-21 12:12:00,CNR1900900719,Success,CID490716,Auto,KR Puram,Richmond Town,203.0,120.0,Not Applicable,Not Applicable,No,Not Applicable,190,UPI,2,3.6,4.5
2024-07-28 00:43:00,CNR4926759376,Success,CID257503,Auto,HSR Layout,Jayanagar,161.0,80.0,Not Applicable,Not Applicable,No,Not Applicable,327,Cash,2,4.0,3.1
2024-07-16 16:57:00,CNR8120589903,Canceled by Customer,CID281244,Prime Sedan,Vijayanagar,Shantinagar,,,Driver asked to cancel,Not Applicable,Not Applicable,Not Applicable,832,Not Applicable,0,,
2024-07-13 20:55:00,CNR7835488590,Canceled by Customer,CID176559,eBike,BTM Layout,Mysore Road,,,Driver is not moving towards pickup location,Not Applicable,Not Applicable,Not Applicable,434,Not Applicable,0,,
2024-07-06 16:44:00,CNR2660025515,Success,CID916832,Auto,Kammanahalli,Hebbal,189.0,105.0,Not Applicable,Not Applicable,No,Not Applicable,177,Cash,7,4.4,3.3
2024-07-05 01:45:00,CNR2207496956,Driver Not Found,CID208595,Auto,Richmond Town,MG Road,,,Not Applicable,Not Applicable,Not Applicable,Not Applicable,1911,Not Applicable,0,,
2024-07-25 12:10:00,CNR4713235945,Success,CID837036,Prime Plus,Hulimavu,Frazer Town,56.0,40.0,Not Applicable,Not Applicable,No,Not Applicable,2951,Cash,9,4.0,3.4
2024-07-20 10:34:00,CNR1124297523,Success,CID810298,Prime Sedan,Whitefield,Hebbal,84.0,115.0,Not Applicable,Not Applicable,No,Not Applicable,343,Cash,29,4.4,3.5
2024-07-03 00:40:00,CNR4612396609,Success,CID140317,Mini,Cox Town,Kengeri,91.0,80.0,Not Applicable,Not Applicable,No,Not Applicable,424,UPI,42,3.6,3.8
2024-07-23 01:23:00,CNR4328316114,Canceled by Driver,CID373199,Prime Plus,JP Nagar,Yeshwanthpur,,,Not Applicable,More than permitted people in there,Not Applicable,Not Applicable,397,Not Applicable,0,,
2024-07-25 10:47:00,CNR2685076913,Canceled by Driver,CID743641,Prime Sedan,Ramamurthy Nagar,Marathahalli,,,Not Applicable,Customer was coughing/sick,Not Applicable,Not Applicable,146,Not Applicable,0,,
2024-07-18 16:23:00,CNR2150490165,Success,CID564996,eBike,Hulimavu,Marathahalli,189.0,100.0,Not Applicable,Not Applicable,No,Not Applicable,448,UPI,19,4.2,4.0
2024-07-28 09:13:00,CNR6800828826,Success,CID109727,Mini,Kadugodi,Marathahalli,147.0,55.0,Not Applicable,Not Applicable,No,Not Applicable,175,Cash,43,4.3,3.2
2024-07-13 17:39:00,CNR9664109209,Success,CID781487,Auto,Hennur,Nagarbhavi,154.0,35.0,Not Applicable,Not Applicable,No,Not Applicable,1857,UPI,19,3.3,4.2
2024-07-29 23:49:00,CNR6171823099,Success,CID323480,Prime Sedan,Electronic City,Chamarajpet,35.0,135.0,Not Applicable,Not Applicable,No,Not Applicable,170,Cash,5,3.2,3.7
2024-07-29 14:26:00,CNR8270673080,Success,CID566770,Prime Sedan,Indiranagar,BTM Layout,70.0,65.0,Not Applicable,Not Applicable,No,Not Applicable,2019,UPI,13,4.9,3.3
2024-07-07 18:14:00,CNR1052192077,Success,CID952558,Mini,Yelahanka,Koramangala,196.0,85.0,Not Applicable,Not Applicable,No,Not Applicable,417,Cash,1,4.9,4.9
2024-07-23 14:10:00,CNR7793807606,Canceled by Driver,CID549514,Prime SUV,Ulsoor,Kadugodi,,,Not Applicable,Personal & Car related issue,Not Applicable,Not Applicable,628,Not Applicable,0,,
2024-07-23 06:17:00,CNR3598650658,Success,CID575697,Mini,Majestic,Marathahalli,203.0,25.0,Not Applicable,Not Applicable,No,Not Applicable,351,Debit Card,39,4.1,3.0
2024-07-12 00:54:00,CNR5931448247,Success,CID804973,Auto,Hennur,Koramangala,84.0,105.0,Not Applicable,Not Applicable,No,Not Applicable,886,UPI,12,3.7,3.7
2024-07-05 21:25:00,CNR6679145683,Driver Not Found,CID751806,Bike,Malleshwaram,Banashankari,,,Not Applicable,Not Applicable,Not Applicable,Not Applicable,403,Not Applicable,0,,
2024-07-26 09:16:00,CNR7731211324,Success,CID335097,eBike,HSR Layout,Varthur,126.0,25.0,Not Applicable,Not Applicable,No,Not Applicable,362,UPI,41,4.9,3.4
2024-07-23 18:40:00,CNR7086024655,Canceled by Customer,CID999072,Prime Plus,BTM Layout,Nagarbhavi,,,Driver asked to cancel,Not Applicable,Not Applicable,Not Applicable,984,Not Applicable,0,,
2024-07-17 01:31:00,CNR9529424337,Success,CID676200,eBike,Devanahalli,Shantinagar,63.0,105.0,Not Applicable,Not Applicable,No,Not Applicable,462,UPI,25,4.1,4.4
2024-07-13 05:53:00,CNR6302886506,Success,CID599095,eBike,Nagarbhavi,Kadugodi,217.0,90.0,Not Applicable,Not Applicable,No,Not Applicable,261,Cash,23,4.2,3.9
2024-07-29 15:57:00,CNR3474335992,Success,CID759036,eBike,Shivajinagar,KR Puram,217.0,120.0,Not Applicable,Not Applicable,No,Not Applicable,381,UPI,36,3.2,4.5
2024-07-19 22:14:00,CNR7543213191,Success,CID924379,Prime SUV,Sahakar Nagar,Yeshwanthpur,245.0,125.0,Not Applicable,Not Applicable,No,Not Applicable,1940,UPI,13,3.2,4.7
2024-07-15 00:13:00,CNR2379431895,Success,CID365442,Prime SUV,Tumkur Road,Magadi Road,84.0,25.0,Not Applicable,Not Applicable,No,Not Applicable,342,Cash,14,3.2,3.2
2024-07-15 22:08:00,CNR2667345793,Canceled by Driver,CID911624,Auto,Electronic City,Sahakar Nagar,,,Not Applicable,Customer was coughing/sick,Not Applicable,Not Applicable,2677,Not Applicable,0,,
2024-07-30 05:11:00,CNR1261372482,Canceled by Driver,CID478634,eBike,Bellandur,Majestic,,,Not Applicable,Customer related issue,Not Applicable,Not Applicable,576,Not Applicable,0,,
2024-07-06 02:44:00,CNR1407473634,Canceled by Customer,CID757872,Auto,Tumkur Road,Padmanabhanagar,,,Driver asked to cancel,Not Applicable,Not Applicable,Not Applicable,442,Not Applicable,0,,
2024-07-08 04:57:00,CNR4364678286,Driver Not Found,CID653556,Bike,Hebbal,Majestic,,,Not Applicable,Not Applicable,Not Applicable,Not Applicable,469,Not Applicable,0,,
2024-07-17 22:09:00,CNR7205789476,Driver Not Found,CID738318,Prime SUV,Hebbal,Ulsoor,,,Not Applicable,Not Applicable,Not Applicable,Not Applicable,2252,Not Applicable,0,,
2024-07-29 18:30:00,CNR6640709026,Canceled by Customer,CID476007,Mini,Sarjapur Road,Tumkur Road,,,Change of plans,Not Applicable,Not Applicable,Not Applicable,363,Not Applicable,0,,
2024-07-05 20:04:00,CNR3820876839,Success,CID812006,Prime SUV,BTM Layout,Langford Town,35.0,80.0,Not Applicable,Not Applicable,Yes,Other Issue,207,Cash,5,3.2,3.3
2024-07-18 00:51:00,CNR3152130182,Canceled by Driver,CID409443,Prime Sedan,Koramangala,Sarjapur Road,,,Not Applicable,Customer related issue,Not Applicable,Not Applicable,430,Not Applicable,0,,
2024-07-13 16:06:00,CNR9114295753,Canceled by Customer,CID540335,Bike,Sahakar Nagar,Yeshwanthpur,,,Driver asked to cancel,Not Applicable,Not Applicable,Not Applicable,915,Not Applicable,0,,
2024-07-12 06:56:00,CNR8607272992,Canceled by Driver,CID715306,eBike,Mysore Road,Sahakar Nagar,,,Not Applicable,Personal & Car related issue,Not Applicable,Not Applicable,473,Not Applicable,0,,
2024-07-04 01:18:00,CNR7289495527,Driver Not Found,CID521962,Auto,Mysore Road,Hennur,,,Not Applicable,Not Applicable,Not Applicable,Not Applicable,300,Not Applicable,0,,
2024-07-10 05:17:00,CNR3908657595,Driver Not Found,CID783352,Prime SUV,Marathahalli,Shivajinagar,,,Not Applicable,Not Applicable,Not Applicable,Not Applicable,115,Not Applicable,0,,
2024-07-27 01:25:00,CNR8441405479,Success,CID329524,Prime Sedan,Banashankari,Indiranagar,196.0,135.0,Not Applicable,Not Applicable,Yes,Other Issue,957,UPI,44,3.6,4.5
2024-07-13 04:11:00,CNR1694103637,Success,CID726850,Prime SUV,Hulimavu,Majestic,175.0,90.0,Not Applicable,Not Applicable,No,Not Applicable,519,UPI,3,4.0,3.7
2024-07-13 22:49:00,CNR7426020983,Success,CID149490,Prime Sedan,KR Puram,Ulsoor,189.0,70.0,Not Applicable,Not Applicable,No,Not Applicable,435,Cash,41,4.2,4.4
2024-07-07 08:05:00,CNR3789601025,Success,CID821725,Bike,Chamarajpet,Basavanagudi,203.0,70.0,Not Applicable,Not Applicable,No,Not Applicable,290,Cash,19,3.5,5.0
2024-07-30 11:58:00,CNR6796779408,Success,CID320600,Prime SUV,Sarjapur Road,Hulimavu,63.0,100.0,Not Applicable,Not Applicable,No,Not Applicable,306,Cash,6,3.5,3.0
2024-07-26 09:54:00,CNR5113122274,Canceled by Customer,CID171070,Bike,Electronic City,Whitefield,,,Driver asked to cancel,Not Applicable,Not Applicable,Not Applicable,385,Not Applicable,0,,
2024-07-13 04:40:00,CNR7779875205,Success,CID245352,eBike,Nagarbhavi,Shivajinagar,42.0,100.0,Not Applicable,Not Applicable,No,Not Applicable,372,Cash,47,3.1,3.2
2024-07-06 14:59:00,CNR8639145371,Success,CID365660,Prime Sedan,Hebbal,Shantinagar,231.0,80.0,Not Applicable,Not Applicable,Yes,Other Issue,338,UPI,3,3.9,4.5
2024-07-29 02:26:00,CNR4912747916,Success,CID507399,Bike,Chamarajpet,Whitefield,308.0,85.0,Not Applicable,Not Applicable,No,Not Applicable,862,UPI,43,3.1,4.8
2024-07-07 15:23:00,CNR4415547686,Success,CID283232,Prime Sedan,Indiranagar,Mysore Road,287.0,35.0,Not Applicable,Not Applicable,No,Not Applicable,433,Cash,44,3.8,3.9
2024-07-26 01:42:00,CNR5462864436,Canceled by Customer,CID574764,Prime Plus,Langford Town,Shantinagar,,,Change of plans,Not Applicable,Not Applicable,Not Applicable,362,Not Applicable,0,,
2024-07-22 22:36:00,CNR3445961997,Success,CID485400,Bike,Ulsoor,Peenya,168.0,65.0,Not Applicable,Not Applicable,No,Not Applicable,350,Cash,15,3.5,4.3
2024-07-08 00:43:00,CNR9144795696,Success,CID956745,eBike,Tumkur Road,Nagarbhavi,294.0,85.0,Not Applicable,Not Applicable,No,Not Applicable,820,Cash,32,4.8,4.4
2024-07-16 07:54:00,CNR3382367274,Success,CID956007,Prime Sedan,Ulsoor,Basavanagudi,238.0,115.0,Not Applicable,Not Applicable,No,Not Applicable,227,Cash,45,4.7,4.7
2024-07-16 07:54:00,CNR6990007869,Success,CID428990,Prime Sedan,Basavanagudi,Hulimavu,175.0,120.0,Not Applicable,Not Applicable,No,Not Applicable,2259,Cash,31,3.9,3.2
2024-07-13 06:26:00,CNR8802519879,Success,CID605117,Mini,KR Puram,Marathahalli,259.0,30.0,Not Applicable,Not Applicable,No,Not Applicable,185,UPI,10,3.5,3.8
2024-07-22 23:49:00,CNR4373177061,Success,CID824282,Auto,Sahakar Nagar,Yeshwanthpur,56.0,50.0,Not Applicable,Not Applicable,No,Not Applicable,1092,UPI,8,3.7,4.1
2024-07-22 18:46:00,CNR4377609883,Success,CID522682,Prime Plus,Chamarajpet,Chamarajpet,217.0,110.0,Not Applicable,Not Applicable,No,Not Applicable,592,UPI,49,3.9,4.2
2024-07-03 03:56:00,CNR9272807893,Canceled by Customer,CID927195,Auto,Frazer Town,HSR Layout,,,Driver is not moving towards pickup location,Not Applicable,Not Applicable,Not Applicable,403,Not Applicable,0,,
2024-07-10 14:03:00,CNR4111259560,Success,CID523258,Prime SUV,KR Puram,Shivajinagar,70.0,115.0,Not Applicable,Not Applicable,No,Not Applicable,240,Cash,11,4.3,3.6
2024-07-24 15:14:00,CNR5173192151,Success,CID591990,Prime Plus,Kengeri,Hebbal,56.0,105.0,Not Applicable,Not Applicable,No,Not Applicable,424,Cash,20,4.5,4.1
2024-07-10 04:35:00,CNR3362468537,Success,CID766058,Auto,Ramamurthy Nagar,Padmanabhanagar,119.0,95.0,Not Applicable,Not Applicable,No,Not Applicable,268,Cash,16,4.7,4.6
2024-07-02 00:23:00,CNR1770556731,Success,CID385108,Mini,Indiranagar,Basavanagudi,63.0,90.0,Not Applicable,Not Applicable,No,Not Applicable,213,Cash,8,4.0,4.1
2024-07-15 04:14:00,CNR3287662383,Success,CID620322,eBike,Mysore Road,Ulsoor,91.0,130.0,Not Applicable,Not Applicable,No,Not Applicable,620,Cash,43,4.6,4.6
2024-07-16 11:43:00,CNR8434878502,Success,CID555377,Auto,Kammanahalli,Kammanahalli,63.0,115.0,Not Applicable,Not Applicable,No,Not Applicable,824,UPI,8,4.1,3.8
2024-07-10 02:11:00,CNR4006742908,Success,CID779993,Bike,Devanahalli,Hebbal,49.0,100.0,Not Applicable,Not Applicable,No,Not Applicable,323,UPI,2,4.4,4.8
2024-07-20 19:04:00,CNR8467521045,Canceled by Driver,CID264943,Prime Plus,Hennur,Yelahanka,,,Not Applicable,More than permitted people in there,Not Applicable,Not Applicable,137,Not Applicable,0,,
2024-07-11 01:35:00,CNR8494953241,Canceled by Customer,CID372095,Mini,Shantinagar,JP Nagar,,,Driver is not moving towards pickup location,Not Applicable,Not Applicable,Not Applicable,438,Not Applicable,0,,
2024-07-16 10:04:00,CNR7414820148,Canceled by Customer,CID604457,Mini,Shantinagar,Rajarajeshwari Nagar,,,Driver is not moving towards pickup location,Not Applicable,Not Applicable,Not Applicable,127,Not Applicable,0,,
2024-07-05 15:22:00,CNR4736399065,Success,CID766856,Auto,Indiranagar,Cox Town,35.0,125.0,Not Applicable,Not Applicable,No,Not Applicable,917,UPI,18,3.1,3.2
2024-07-07 19:01:00,CNR3834736292,Success,CID500219,Auto,Devanahalli,Chickpet,42.0,45.0,Not Applicable,Not Applicable,No,Not Applicable,797,Cash,1,3.3,4.3
2024-07-24 23:25:00,CNR3574960307,Success,CID368881,Prime SUV,Rajarajeshwari Nagar,JP Nagar,168.0,70.0,Not Applicable,Not Applicable,No,Not Applicable,915,Cash,30,4.4,3.3
2024-07-26 04:29:00,CNR1023805224,Driver Not Found,CID871852,Auto,Kengeri,HSR Layout,,,Not Applicable,Not Applicable,Not Applicable,Not Applicable,169,Not Applicable,0,,
2024-07-06 12:52:00,CNR3805580982,Canceled by Customer,CID208386,Prime Sedan,Indiranagar,Richmond Town,,,AC is Not working,Not Applicable,Not Applicable,Not Applicable,363,Not Applicable,0,,
2024-07-07 08:29:00,CNR9070806954,Success,CID744820,Bike,Banashankari,Hosur Road,175.0,130.0,Not Applicable,Not Applicable,No,Not Applicable,340,Cash,43,4.6,3.6
2024-07-29 19:39:00,CNR9940721474,Canceled by Driver,CID600911,Prime Plus,Bannerghatta Road,Magadi Road,,,Not Applicable,Personal & Car related issue,Not Applicable,Not Applicable,195,Not Applicable,0,,
2024-07-14 14:14:00,CNR1437739275,Success,CID520635,Auto,Rajarajeshwari Nagar,Majestic,91.0,90.0,Not Applicable,Not Applicable,No,Not Applicable,271,Cash,16,3.3,3.9
2024-07-07 23:38:00,CNR1488633657,Success,CID797577,Auto,Rajarajeshwari Nagar,Bannerghatta Road,203.0,75.0,Not Applicable,Not Applicable,No,Not Applicable,469,Cash,12,4.3,3.4
2024-07-17 20:49:00,CNR5272239207,Canceled by Driver,CID709721,Bike,Koramangala,Cox Town,,,Not Applicable,Customer related issue,Not Applicable,Not Applicable,115,Not Applicable,0,,
2024-07-21 00:41:00,CNR1377695001,Success,CID712871,Auto,Shantinagar,Padmanabhanagar,98.0,85.0,Not Applicable,Not Applicable,No,Not Applicable,324,Cash,6,3.8,3.2
2024-07-09 18:06:00,CNR7836225297,Driver Not Found,CID349068,Prime Sedan,Padmanabhanagar,Vijayanagar,,,Not Applicable,Not Applicable,Not Applicable,Not Applicable,419,Not Applicable,0,,
2024-07-27 21:41:00,CNR5861313307,Canceled by Driver,CID934496,Prime Plus,Whitefield,Bellandur,,,Not Applicable,Customer related issue,Not Applicable,Not Applicable,601,Not Applicable,0,,
2024-07-03 20:47:00,CNR7383092304,Success,CID942747,Prime Plus,Marathahalli,Hosur Road,168.0,135.0,Not Applicable,Not Applicable,No,Not Applicable,139,UPI,1,3.4,4.5
2024-07-15 17:32:00,CNR5791965100,Success,CID505038,eBike,Hosur Road,Langford Town,273.0,45.0,Not Applicable,Not Applicable,No,Not Applicable,451,Cash,31,5.0,4.5
2024-07-24 21:45:00,CNR2004722099,Success,CID574119,Auto,Mysore Road,Kadugodi,231.0,40.0,Not Applicable,Not Applicable,No,Not Applicable,351,UPI,11,3.1,3.9
2024-07-02 17:15:00,CNR1595362856,Driver Not Found,CID921190,Prime SUV,Langford Town,Ramamurthy Nagar,,,Not Applicable,Not Applicable,Not Applicable,Not Applicable,307,Not Applicable,0,,
2024-07-13 05:24:00,CNR8629663069,Success,CID201138,Mini,Hebbal,Padmanabhanagar,168.0,70.0,Not Applicable,Not Applicable,No,Not Applicable,396,Cash,29,4.1,4.3
2024-07-22 23:15:00,CNR4013733401,Success,CID543419,Prime SUV,Kammanahalli,Hebbal,273.0,80.0,Not Applicable,Not Applicable,No,Not Applicable,546,UPI,29,4.0,4.3
2024-07-06 22:48:00,CNR7717063076,Success,CID607460,Auto,Kammanahalli,Rajarajeshwari Nagar,168.0,95.0,Not Applicable,Not Applicable,No,Not Applicable,375,Cash,16,3.9,3.8
2024-07-07 13:56:00,CNR8678414964,Success,CID987877,Bike,Koramangala,Chamarajpet,224.0,140.0,Not Applicable,Not Applicable,No,Not Applicable,473,Cash,20,3.3,4.4
2024-07-30 20:07:00,CNR5215397108,Canceled by Customer,CID146114,Prime Plus,Devanahalli,Hulimavu,,,Driver is not moving towards pickup location,Not Applicable,Not Applicable,Not Applicable,568,Not Applicable,0,,
2024-07-27 18:25:00,CNR9722481349,Canceled by Driver,CID452001,Prime SUV,Vijayanagar,Padmanabhanagar,,,Not Applicable,Customer was coughing/sick,Not Applicable,Not Applicable,487,Not Applicable,0,,
2024-07-17 14:22:00,CNR6744443952,Success,CID321727,Bike,JP Nagar,Nagarbhavi,196.0,60.0,Not Applicable,Not Applicable,No,Not Applicable,1731,Cash,1,4.7,4.6
2024-07-22 05:49:00,CNR5032959495,Success,CID342854,Prime Sedan,Kammanahalli,Banashankari,35.0,100.0,Not Applicable,Not Applicable,No,Not Applicable,271,Cash,27,4.6,4.7
2024-07-03 19:34:00,CNR4700975697,Canceled by Driver,CID646137,Auto,Varthur,Hebbal,,,Not Applicable,Personal & Car related issue,Not Applicable,Not Applicable,611,Not Applicable,0,,
2024-07-14 11:40:00,CNR2964239344,Success,CID596047,Bike,Banashankari,Bellandur,56.0,55.0,Not Applicable,Not Applicable,No,Not Applicable,336,UPI,17,3.7,3.9
2024-07-20 14:49:00,CNR7868378845,Success,CID520505,Mini,Basavanagudi,Banashankari,259.0,105.0,Not Applicable,Not Applicable,No,Not Applicable,102,UPI,23,4.8,5.0
2024-07-29 10:09:00,CNR2590655144,Success,CID551578,Bike,Marathahalli,Whitefield,56.0,95.0,Not Applicable,Not Applicable,No,Not Applicable,1575,UPI,33,4.2,4.2
2024-07-21 17:47:00,CNR6166262189,Success,CID637354,Prime SUV,Padmanabhanagar,Yeshwanthpur,182.0,145.0,Not Applicable,Not Applicable,No,Not Applicable,272,UPI,38,3.6,3.7
2024-07-15 22:30:00,CNR7373013562,Success,CID399272,Bike,Magadi Road,Cox Town,35.0,95.0,Not Applicable,Not Applicable,No,Not Applicable,184,UPI,17,3.9,3.3
2024-07-07 07:10:00,CNR2295384615,Canceled by Driver,CID650358,eBike,Peenya,Hulimavu,,,Not Applicable,More than permitted people in there,Not Applicable,Not Applicable,163,Not Applicable,0,,
2024-07-15 11:37:00,CNR5277248344,Canceled by Customer,CID492655,Auto,Hennur,Indiranagar,,,Driver asked to cancel,Not Applicable,Not Applicable,Not Applicable,321,Not Applicable,0,,
2024-07-15 12:05:00,CNR1968908463,Driver Not Found,CID129713,Auto,Peenya,Hennur,,,Not Applicable,Not Applicable,Not Applicable,Not Applicable,372,Not Applicable,0,,
2024-07-06 21:58:00,CNR2375544348,Success,CID287915,Auto,Yelahanka,BTM Layout,210.0,140.0,Not Applicable,Not Applicable,Yes,Customer Demand,891,UPI,7,3.8,3.2
2024-07-18 14:44:00,CNR2595572709,Success,CID704290,Prime Plus,KR Puram,Peenya,140.0,105.0,Not Applicable,Not Applicable,No,Not Applicable,330,Cash,22,3.2,3.1
2024-07-27 11:29:00,CNR2120340627,Canceled by Customer,CID658564,Auto,Langford Town,Cox Town,,,Wrong Address,Not Applicable,Not Applicable,Not Applicable,483,Not Applicable,0,,
2024-07-28 12:53:00,CNR8142676465,Driver Not Found,CID664222,Mini,Langford Town,Indiranagar,,,Not Applicable,Not Applicable,Not Applicable,Not Applicable,216,Not Applicable,0,,
2024-07-13 17:27:00,CNR6804195998,Success,CID851758,Prime SUV,Yelahanka,Shantinagar,154.0,95.0,Not Applicable,Not Applicable,No,Not Applicable,281,UPI,25,4.7,3.3
2024-07-07 19:16:00,CNR8749033791,Success,CID934214,Bike,Basavanagudi,Indiranagar,217.0,30.0,Not Applicable,Not Applicable,No,Not Applicable,411,Cash,24,3.0,4.2
2024-07-14 20:03:00,CNR1113753828,Success,CID377250,Mini,Koramangala,Langford Town,238.0,100.0,Not Applicable,Not Applicable,No,Not Applicable,265,Cash,23,3.7,4.2
2024-07-12 22:54:00,CNR5608806431,Success,CID268794,Mini,Frazer Town,RT Nagar,196.0,100.0,Not Applicable,Not Applicable,No,Not Applicable,882,Cash,20,3.9,4.2
2024-07-30 01:38:00,CNR5969257937,Canceled by Driver,CID930077,eBike,MG Road,Rajajinagar,,,Not Applicable,Personal & Car related issue,Not Applicable,Not Applicable,535,Not Applicable,0,,
2024-07-28 04:54:00,CNR4422082348,Success,CID580067,Prime SUV,Basavanagudi,Kadugodi,133.0,50.0,Not Applicable,Not Applicable,No,Not Applicable,363,Cash,11,3.9,4.9
2024-07-29 09:54:00,CNR1969931121,Canceled by Customer,CID485838,Prime Plus,Kengeri,Chickpet,,,Driver asked to cancel,Not Applicable,Not Applicable,Not Applicable,218,Not Applicable,0,,
2024-07-08 11:06:00,CNR8203751028,Success,CID252646,Auto,BTM Layout,BTM Layout,280.0,65.0,Not Applicable,Not Applicable,No,Not Applicable,347,UPI,6,3.4,3.2
2024-07-30 00:51:00,CNR7559020397,Success,CID329869,Bike,Electronic City,Kadugodi,182.0,125.0,Not Applicable,Not Applicable,Yes,Customer Demand,138,Cash,41,3.2,3.0
2024-07-03 04:08:00,CNR2598079650,Success,CID908301,eBike,Chickpet,Kammanahalli,133.0,125.0,Not Applicable,Not Applicable,No,Not Applicable,1811,UPI,13,4.0,5.0
2024-07-29 06:13:00,CNR5687325969,Canceled by Driver,CID739531,Prime Sedan,Yeshwanthpur,Richmond Town,,,Not Applicable,Customer related issue,Not Applicable,Not Applicable,448,Not Applicable,0,,
2024-07-29 01:51:00,CNR1165548608,Success,CID552413,Auto,Tumkur Road,Tumkur Road,259.0,35.0,Not Applicable,Not Applicable,No,Not Applicable,1311,Cash,10,3.3,3.4
2024-07-11 14:44:00,CNR2373513803,Success,CID795761,Auto,Kammanahalli,Koramangala,77.0,120.0,Not Applicable,Not Applicable,No,Not Applicable,852,UPI,3,3.3,4.1
2024-07-22 11:36:00,CNR1278193204,Canceled by Customer,CID628308,Prime Sedan,Nagarbhavi,Hosur Road,,,Change of plans,Not Applicable,Not Applicable,Not Applicable,100,Not Applicable,0,,
2024-07-06 08:11:00,CNR1494314564,Success,CID384787,Bike,RT Nagar,Langford Town,266.0,65.0,Not Applicable,Not Applicable,No,Not Applicable,927,Cash,13,4.4,4.3
2024-07-28 23:36:00,CNR3914163520,Success,CID867582,Auto,HSR Layout,Hebbal,147.0,110.0,Not Applicable,Not Applicable,No,Not Applicable,641,Cash,12,4.6,3.1
2024-07-29 03:04:00,CNR4144983930,Success,CID167343,Auto,Electronic City,Shivajinagar,63.0,110.0,Not Applicable,Not Applicable,No,Not Applicable,165,Cash,8,3.7,4.9
2024-07-16 16:30:00,CNR1036829013,Canceled by Driver,CID718684,eBike,Chickpet,Tumkur Road,,,Not Applicable,More than permitted people in there,Not Applicable,Not Applicable,642,Not Applicable,0,,
2024-07-23 23:39:00,CNR8420850213,Canceled by Driver,CID448904,Mini,Nagarbhavi,Marathahalli,,,Not Applicable,Personal & Car related issue,Not Applicable,Not Applicable,797,Not Applicable,0,,
2024-07-08 00:09:00,CNR6099779608,Driver Not Found,CID591340,eBike,Padmanabhanagar,Peenya,,,Not Applicable,Not Applicable,Not Applicable,Not Applicable,598,Not Applicable,0,,
2024-07-09 01:39:00,CNR2893793300,Canceled by Driver,CID268775,Prime Sedan,Hebbal,Tumkur Road,,,Not Applicable,Personal & Car related issue,Not Applicable,Not Applicable,970,Not Applicable,0,,
2024-07-16 01:09:00,CNR2479339120,Driver Not Found,CID466682,Prime Plus,Rajajinagar,Kammanahalli,,,Not Applicable,Not Applicable,Not Applicable,Not Applicable,880,Not Applicable,0,,
2024-07-04 05:19:00,CNR6825693210,Success,CID183345,Bike,Indiranagar,Kadugodi,119.0,90.0,Not Applicable,Not Applicable,No,Not Applicable,414,Cash,4,4.5,4.4
2024-07-24 21:01:00,CNR2100487403,Success,CID854526,Mini,Rajajinagar,Marathahalli,217.0,25.0,Not Applicable,Not Applicable,No,Not Applicable,527,Cash,17,3.2,3.1
2024-07-10 10:41:00,CNR4723129535,Success,CID986206,eBike,Bannerghatta Road,Rajarajeshwari Nagar,287.0,125.0,Not Applicable,Not Applicable,No,Not Applicable,227,UPI,47,5.0,4.3
2024-07-01 06:20:00,CNR5706916246,Success,CID899790,Prime Sedan,Indiranagar,Hebbal,35.0,140.0,Not Applicable,Not Applicable,No,Not Applicable,461,Cash,28,3.1,3.3
2024-07-26 16:32:00,CNR1899767490,Success,CID825732,Prime Plus,Sarjapur Road,Hennur,70.0,35.0,Not Applicable,Not Applicable,No,Not Applicable,241,Cash,10,3.3,4.1
2024-07-11 10:50:00,CNR7441114315,Canceled by Driver,CID848701,Auto,Kadugodi,Devanahalli,,,Not Applicable,Personal & Car related issue,Not Applicable,Not Applicable,122,Not Applicable,0,,
2024-07-13 18:53:00,CNR7308087240,Success,CID413344,Prime Sedan,Sahakar Nagar,Chamarajpet,63.0,45.0,Not Applicable,Not Applicable,No,Not Applicable,608,UPI,10,3.5,3.8
2024-07-24 09:07:00,CNR9242970095,Success,CID128167,Prime SUV,Shivajinagar,Chamarajpet,224.0,140.0,Not Applicable,Not Applicable,No,Not Applicable,101,Cash,30,4.5,3.1
2024-07-04 10:52:00,CNR5317877909,Canceled by Customer,CID668333,Prime SUV,BTM Layout,Varthur,,,Wrong Address,Not Applicable,Not Applicable,Not Applicable,554,Not Applicable,0,,
2024-07-09 13:29:00,CNR6447330808,Success,CID840684,Auto,Electronic City,Nagarbhavi,238.0,35.0,Not Applicable,Not Applicable,No,Not Applicable,440,UPI,4,4.9,3.3
2024-07-19 14:29:00,CNR8261267258,Success,CID169846,eBike,Whitefield,MG Road,140.0,60.0,Not Applicable,Not Applicable,No,Not Applicable,973,Cash,5,4.1,3.2
2024-07-28 19:16:00,CNR4034699454,Canceled by Driver,CID981453,Prime Plus,Electronic City,Indiranagar,,,Not Applicable,Personal & Car related issue,Not Applicable,Not Applicable,402,Not Applicable,0,,
2024-07-26 21:02:00,CNR5856618982,Success,CID600282,eBike,Richmond Town,Hosur Road,161.0,35.0,Not Applicable,Not Applicable,No,Not Applicable,401,UPI,2,3.2,4.6
2024-07-10 23:29:00,CNR1876892722,Success,CID570787,Mini,Cox Town,Bellandur,280.0,110.0,Not Applicable,Not Applicable,No,Not Applicable,957,UPI,22,3.5,3.4
2024-07-12 11:14:00,CNR5389931166,Success,CID582448,Prime SUV,Shantinagar,Tumkur Road,196.0,145.0,Not Applicable,Not Applicable,No,Not Applicable,466,UPI,32,4.8,3.9
2024-07-24 05:10:00,CNR2232204815,Success,CID330190,eBike,KR Puram,Koramangala,161.0,145.0,Not Applicable,Not Applicable,No,Not Applicable,435,Cash,12,3.6,3.6
2024-07-12 20:07:00,CNR6736539189,Canceled by Driver,CID297878,eBike,RT Nagar,Marathahalli,,,Not Applicable,Customer was coughing/sick,Not Applicable,Not Applicable,781,Not Applicable,0,,
2024-07-08 10:17:00,CNR1586756782,Success,CID651712,eBike,Hebbal,Indiranagar,42.0,125.0,Not Applicable,Not Applicable,No,Not Applicable,1990,Cash,16,3.9,3.5
2024-07-14 08:28:00,CNR6810309512,Success,CID352235,eBike,Kadugodi,Varthur,42.0,100.0,Not Applicable,Not Applicable,No,Not Applicable,916,UPI,30,3.8,3.5
2024-07-29 13:42:00,CNR6706286876,Canceled by Driver,CID266633,Bike,Yelahanka,Vijayanagar,,,Not Applicable,Customer related issue,Not Applicable,Not Applicable,2970,Not Applicable,0,,
2024-07-10 21:25:00,CNR8994432803,Success,CID508357,eBike,Tumkur Road,Hennur,77.0,105.0,Not Applicable,Not Applicable,No,Not Applicable,774,UPI,47,3.5,4.5
2024-07-28 08:42:00,CNR7805932407,Success,CID698289,Bike,Koramangala,RT Nagar,84.0,115.0,Not Applicable,Not Applicable,No,Not Applicable,401,Cash,26,4.3,3.3
2024-07-23 15:51:00,CNR8082407866,Canceled by Driver,CID321857,eBike,Shantinagar,Hosur Road,,,Not Applicable,Customer related issue,Not Applicable,Not Applicable,631,Not Applicable,0,,
2024-07-16 13:45:00,CNR9581837288,Success,CID514325,eBike,KR Puram,Electronic City,119.0,40.0,Not Applicable,Not Applicable,No,Not Applicable,843,UPI,17,3.8,4.9
2024-07-20 09:07:00,CNR3025826719,Canceled by Driver,CID125943,Bike,Basavanagudi,Electronic City,,,Not Applicable,More than permitted people in there,Not Applicable,Not Applicable,229,Not Applicable,0,,
2024-07-16 23:02:00,CNR7693626192,Success,CID494507,Prime Plus,Magadi Road,Jayanagar,231.0,120.0,Not Applicable,Not Applicable,Yes,Customer Demand,971,Cash,15,3.8,3.8
2024-07-29 07:13:00,CNR8083232009,Success,CID227103,Prime Sedan,Yelahanka,HSR Layout,252.0,40.0,Not Applicable,Not Applicable,No,Not Applicable,939,Cash,4,4.4,3.7
2024-07-21 11:42:00,CNR1330020525,Success,CID346802,Prime SUV,Indiranagar,RT Nagar,98.0,40.0,Not Applicable,Not Applicable,No,Not Applicable,899,UPI,25,3.5,4.1
2024-07-22 18:07:00,CNR1672321982,Canceled by Driver,CID216047,Prime Plus,Nagarbhavi,Yelahanka,,,Not Applicable,Customer was coughing/sick,Not Applicable,Not Applicable,220,Not Applicable,0,,
2024-07-09 06:17:00,CNR3794213107,Driver Not Found,CID189000,Auto,Richmond Town,MG Road,,,Not Applicable,Not Applicable,Not Applicable,Not Applicable,214,Not Applicable,0,,
2024-07-16 01:43:00,CNR3217357275,Success,CID109165,Prime Sedan,Chamarajpet,Cox Town,245.0,60.0,Not Applicable,Not Applicable,No,Not Applicable,107,Cash,37,4.6,3.6
2024-07-06 11:51:00,CNR3191249857,Success,CID545947,Prime Plus,Varthur,Electronic City,42.0,45.0,Not Applicable,Not Applicable,No,Not Applicable,148,UPI,12,4.3,3.2
2024-07-03 02:59:00,CNR1080748587,Success,CID496848,eBike,Magadi Road,Majestic,63.0,120.0,Not Applicable,Not Applicable,No,Not Applicable,906,Cash,38,3.9,3.2
2024-07-30 08:23:00,CNR7291461037,Driver Not Found,CID614781,eBike,Padmanabhanagar,Ramamurthy Nagar,,,Not Applicable,Not Applicable,Not Applicable,Not Applicable,423,Not Applicable,0,,
2024-07-27 03:24:00,CNR7650910807,Success,CID272829,eBike,Electronic City,Jayanagar,203.0,70.0,Not Applicable,Not Applicable,No,Not Applicable,176,UPI,37,3.3,4.3
2024-07-26 11:25:00,CNR7948618677,Canceled by Customer,CID180957,Mini,Nagarbhavi,Padmanabhanagar,,,Change of plans,Not Applicable,Not Applicable,Not Applicable,907,Not Applicable,0,,
2024-07-08 14:41:00,CNR1647173961,Success,CID427514,Bike,Rajajinagar,Koramangala,105.0,60.0,Not Applicable,Not Applicable,No,Not Applicable,430,Cash,46,3.1,3.0
2024-07-24 05:25:00,CNR6655753648,Success,CID476240,Bike,Richmond Town,Nagarbhavi,245.0,120.0,Not Applicable,Not Applicable,No,Not Applicable,123,Cash,12,4.3,3.1
2024-07-20 02:37:00,CNR3996320723,Success,CID876600,Prime Sedan,BTM Layout,Hulimavu,231.0,130.0,Not Applicable,Not Applicable,No,Not Applicable,384,Cash,44,4.8,4.9
2024-07-15 21:27:00,CNR6677359831,Canceled by Customer,CID731345,eBike,Peenya,Varthur,,,Driver asked to cancel,Not Applicable,Not Applicable,Not Applicable,290,Not Applicable,0,,
2024-07-23 11:06:00,CNR1015165280,Success,CID122665,Prime SUV,Whitefield,Ulsoor,77.0,85.0,Not Applicable,Not Applicable,No,Not Applicable,444,UPI,19,4.8,3.7
2024-07-08 20:36:00,CNR2116407606,Driver Not Found,CID478846,Prime SUV,Rajarajeshwari Nagar,Majestic,,,Not Applicable,Not Applicable,Not Applicable,Not Applicable,391,Not Applicable,0,,
2024-07-20 05:28:00,CNR6151741535,Success,CID621170,Prime Plus,Banashankari,Mysore Road,140.0,105.0,Not Applicable,Not Applicable,No,Not Applicable,433,Cash,24,4.8,4.1
2024-07-18 00:00:00,CNR3010403417,Success,CID928560,Bike,Marathahalli,Hosur Road,42.0,140.0,Not Applicable,Not Applicable,No,Not Applicable,410,UPI,2,4.1,3.7
2024-07-28 21:02:00,CNR1082830751,Canceled by Customer,CID305089,eBike,KR Puram,Kammanahalli,,,Driver asked to cancel,Not Applicable,Not Applicable,Not Applicable,456,Not Applicable,0,,
2024-07-04 19:30:00,CNR8968514368,Success,CID439359,Bike,Koramangala,Shivajinagar,245.0,105.0,Not Applicable,Not Applicable,No,Not Applicable,164,UPI,8,3.1,4.2
2024-07-05 10:29:00,CNR6112920049,Success,CID132285,Prime Sedan,Yelahanka,Shantinagar,175.0,60.0,Not Applicable,Not Applicable,Yes,Vehicle Breakdown,150,Cash,3,3.3,4.2
2024-07-17 00:05:00,CNR3966148297,Success,CID140206,Prime SUV,Frazer Town,Bannerghatta Road,84.0,60.0,Not Applicable,Not Applicable,No,Not Applicable,395,UPI,15,3.4,3.3
2024-07-05 12:53:00,CNR8114291012,Success,CID845152,Bike,Bannerghatta Road,Mysore Road,91.0,30.0,Not Applicable,Not Applicable,No,Not Applicable,387,UPI,39,3.5,3.1
2024-07-13 08:38:00,CNR9560413977,Success,CID573127,eBike,Ulsoor,Cox Town,154.0,70.0,Not Applicable,Not Applicable,No,Not Applicable,393,Cash,37,4.5,4.3
2024-07-23 12:07:00,CNR4726472113,Success,CID945714,Prime Plus,Hennur,Richmond Town,238.0,25.0,Not Applicable,Not Applicable,No,Not Applicable,559,UPI,10,3.7,3.2
2024-07-26 07:43:00,CNR5627899530,Success,CID537991,Mini,Kadugodi,Kammanahalli,245.0,40.0,Not Applicable,Not Applicable,No,Not Applicable,205,Cash,26,4.2,4.3
2024-07-11 17:43:00,CNR6101178333,Driver Not Found,CID223486,Prime Sedan,Hosur Road,Banashankari,,,Not Applicable,Not Applicable,Not Applicable,Not Applicable,470,Not Applicable,0,,
2024-07-17 18:36:00,CNR3636819318,Success,CID859513,Mini,Malleshwaram,Yeshwanthpur,49.0,130.0,Not Applicable,Not Applicable,No,Not Applicable,1494,UPI,1,4.9,3.2
2024-07-23 06:44:00,CNR6865903915,Success,CID883895,eBike,Yelahanka,Whitefield,224.0,130.0,Not Applicable,Not Applicable,No,Not Applicable,412,Cash,42,4.9,4.4
2024-07-06 10:12:00,CNR6166214778,Driver Not Found,CID706983,Auto,Koramangala,Basavanagudi,,,Not Applicable,Not Applicable,Not Applicable,Not Applicable,362,Not Applicable,0,,
2024-07-19 06:29:00,CNR7963049435,Canceled by Driver,CID368962,Prime SUV,HSR Layout,Devanahalli,,,Not Applicable,More than permitted people in there,Not Applicable,Not Applicable,464,Not Applicable,0,,
2024-07-23 01:23:00,CNR3563663368,Success,CID753294,Prime Sedan,BTM Layout,KR Puram,126.0,70.0,Not Applicable,Not Applicable,No,Not Applicable,308,Cash,10,4.5,5.0
2024-07-25 23:05:00,CNR9601497613,Success,CID441435,eBike,Bellandur,Varthur,273.0,135.0,Not Applicable,Not Applicable,No,Not Applicable,441,UPI,46,4.7,4.8
2024-07-11 09:16:00,CNR1579570382,Driver Not Found,CID991917,Auto,BTM Layout,Kammanahalli,,,Not Applicable,Not Applicable,Not Applicable,Not Applicable,719,Not Applicable,0,,
2024-07-12 19:49:00,CNR4242591205,Driver Not Found,CID588760,eBike,Hebbal,Jayanagar,,,Not Applicable,Not Applicable,Not Applicable,Not Applicable,750,Not Applicable,0,,
2024-07-30 10:16:00,CNR9207010890,Success,CID267028,Bike,Jayanagar,BTM Layout,98.0,115.0,Not Applicable,Not Applicable,No,Not Applicable,227,UPI,18,3.7,3.3
2024-07-18 20:36:00,CNR3786697459,Canceled by Driver,CID607912,Mini,Ulsoor,Bannerghatta Road,,,Not Applicable,Personal & Car related issue,Not Applicable,Not Applicable,476,Not Applicable,0,,
2024-07-09 11:23:00,CNR6422043308,Success,CID588049,eBike,Kadugodi,Cox Town,301.0,125.0,Not Applicable,Not Applicable,No,Not Applicable,2295,Cash,39,3.4,3.5
2024-07-13 13:52:00,CNR3821909629,Success,CID518058,Bike,Hosur Road,Hebbal,105.0,60.0,Not Applicable,Not Applicable,No,Not Applicable,157,Cash,14,3.9,4.9
2024-07-26 01:33:00,CNR4874198449,Success,CID647019,eBike,KR Puram,Richmond Town,161.0,40.0,Not Applicable,Not Applicable,No,Not Applicable,553,Cash,4,5.0,3.5
2024-07-25 17:42:00,CNR4854831078,Driver Not Found,CID853254,Prime Sedan,Bannerghatta Road,MG Road,,,Not Applicable,Not Applicable,Not Applicable,Not Applicable,824,Not Applicable,0,,
2024-07-06 04:32:00,CNR9397605636,Success,CID539916,Bike,KR Puram,Padmanabhanagar,175.0,30.0,Not Applicable,Not Applicable,No,Not Applicable,351,Cash,17,3.2,3.5
2024-07-25 05:34:00,CNR7540582598,Success,CID117476,Mini,Mysore Road,Bannerghatta Road,224.0,100.0,Not Applicable,Not Applicable,No,Not Applicable,152,UPI,26,4.7,3.9
2024-07-03 05:07:00,CNR6862414890,Driver Not Found,CID310189,Prime Plus,Koramangala,Kadugodi,,,Not Applicable,Not Applicable,Not Applicable,Not Applicable,796,Not Applicable,0,,
2024-07-14 14:51:00,CNR5270912307,Success,CID444870,Prime Sedan,Langford Town,Yeshwanthpur,203.0,95.0,Not Applicable,Not Applicable,No,Not Applicable,292,UPI,35,3.9,3.8
2024-07-07 10:19:00,CNR5580653948,Success,CID568863,Mini,Vijayanagar,Electronic City,280.0,75.0,Not Applicable,Not Applicable,No,Not Applicable,198,Cash,30,4.3,3.3
2024-07-23 22:57:00,CNR2710638094,Driver Not Found,CID787804,Bike,Chamarajpet,Tumkur Road,,,Not Applicable,Not Applicable,Not Applicable,Not Applicable,324,Not Applicable,0,,
2024-07-26 18:45:00,CNR8292295766,Canceled by Customer,CID732979,Prime SUV,BTM Layout,Rajarajeshwari Nagar,,,Wrong Address,Not Applicable,Not Applicable,Not Applicable,285,Not Applicable,0,,
2024-07-27 05:14:00,CNR7958477658,Canceled by Driver,CID851957,Prime Sedan,Bellandur,Ulsoor,,,Not Applicable,Customer related issue,Not Applicable,Not Applicable,330,Not Applicable,0,,
2024-07-14 04:52:00,CNR7151033178,Success,CID566154,Prime SUV,Peenya,Bannerghatta Road,294.0,25.0,Not Applicable,Not Applicable,No,Not Applicable,145,Cash,9,4.1,3.6
2024-07-13 08:40:00,CNR9734965926,Success,CID937391,Prime Plus,Koramangala,MG Road,280.0,85.0,Not Applicable,Not Applicable,No,Not Applicable,216,UPI,17,3.2,3.7
2024-07-15 15:58:00,CNR6645960845,Canceled by Driver,CID574759,Bike,Kammanahalli,Kammanahalli,,,Not Applicable,Customer was coughing/sick,Not Applicable,Not Applicable,243,Not Applicable,0,,
2024-07-29 18:31:00,CNR8307725198,Success,CID766789,Prime SUV,Kadugodi,MG Road,175.0,35.0,Not Applicable,Not Applicable,No,Not Applicable,371,Cash,30,4.4,4.0
2024-07-13 08:11:00,CNR8924348342,Success,CID459551,Prime Plus,KR Puram,Electronic City,294.0,50.0,Not Applicable,Not Applicable,Yes,Vehicle Breakdown,421,Cash,43,3.7,4.3
2024-07-03 13:41:00,CNR5699647000,Driver Not Found,CID185844,Prime SUV,Vijayanagar,Padmanabhanagar,,,Not Applicable,Not Applicable,Not Applicable,Not Applicable,348,Not Applicable,0,,
2024-07-20 00:49:00,CNR3460168425,Success,CID653157,Auto,KR Puram,Ramamurthy Nagar,231.0,25.0,Not Applicable,Not Applicable,No,Not Applicable,325,UPI,13,3.1,3.3
2024-07-05 19:59:00,CNR3538556867,Canceled by Customer,CID852630,Auto,Peenya,Langford Town,,,Driver is not moving towards pickup location,Not Applicable,Not Applicable,Not Applicable,444,Not Applicable,0,,
2024-07-12 08:39:00,CNR6583636344,Success,CID790373,eBike,Koramangala,Chickpet,98.0,75.0,Not Applicable,Not Applicable,No,Not Applicable,210,UPI,13,4.8,3.4
2024-07-28 18:52:00,CNR8358457312,Success,CID717086,Prime SUV,Electronic City,Hosur Road,168.0,60.0,Not Applicable,Not Applicable,No,Not Applicable,330,Cash,5,3.5,3.7
2024-07-17 06:44:00,CNR5317394842,Success,CID722983,Prime Plus,BTM Layout,Bannerghatta Road,308.0,70.0,Not Applicable,Not Applicable,No,Not Applicable,363,UPI,36,3.2,4.2
2024-07-24 22:03:00,CNR6790162068,Canceled by Customer,CID869744,Auto,MG Road,Peenya,,,Driver is not moving towards pickup location,Not Applicable,Not Applicable,Not Applicable,440,Not Applicable,0,,
2024-07-05 09:05:00,CNR3086586090,Success,CID455380,Prime Plus,Frazer Town,Sarjapur Road,154.0,50.0,Not Applicable,Not Applicable,No,Not Applicable,442,Cash,14,3.2,4.6
2024-07-27 20:52:00,CNR9711592077,Success,CID335803,Auto,MG Road,Sarjapur Road,189.0,25.0,Not Applicable,Not Applicable,Yes,Vehicle Breakdown,106,Credit Card,3,3.5,3.7
2024-07-22 15:59:00,CNR8843553137,Success,CID606019,Bike,Rajajinagar,Padmanabhanagar,147.0,35.0,Not Applicable,Not Applicable,Yes,Vehicle Breakdown,491,Cash,35,4.3,3.6
2024-07-14 21:21:00,CNR6295024232,Success,CID616785,Bike,Rajarajeshwari Nagar,Frazer Town,301.0,130.0,Not Applicable,Not Applicable,No,Not Applicable,129,UPI,6,3.2,4.1
2024-07-16 22:40:00,CNR3491704146,Canceled by Driver,CID886261,Prime SUV,Richmond Town,Chamarajpet,,,Not Applicable,Personal & Car related issue,Not Applicable,Not Applicable,923,Not Applicable,0,,
2024-07-27 18:38:00,CNR2027134848,Success,CID684880,Prime Sedan,Shantinagar,Cox Town,112.0,100.0,Not Applicable,Not Applicable,No,Not Applicable,143,Cash,49,3.2,4.9
2024-07-27 00:05:00,CNR2570523865,Success,CID215902,Bike,Shantinagar,Nagarbhavi,98.0,120.0,Not Applicable,Not Applicable,No,Not Applicable,346,UPI,39,4.2,3.9
2024-07-23 20:39:00,CNR6693920308,Success,CID951972,Prime SUV,Magadi Road,Nagarbhavi,182.0,135.0,Not Applicable,Not Applicable,No,Not Applicable,794,Cash,31,3.5,3.1
2024-07-30 08:47:00,CNR4335403783,Canceled by Customer,CID760700,Prime Sedan,Electronic City,Shivajinagar,,,Driver is not moving towards pickup location,Not Applicable,Not Applicable,Not Applicable,136,Not Applicable,0,,
2024-07-23 09:51:00,CNR2286177393,Success,CID122825,Prime Plus,Banashankari,Hosur Road,63.0,65.0,Not Applicable,Not Applicable,No,Not Applicable,404,Cash,28,3.1,4.2
2024-07-07 12:13:00,CNR8784335884,Success,CID138853,Mini,Cox Town,MG Road,245.0,140.0,Not Applicable,Not Applicable,No,Not Applicable,397,UPI,30,3.2,3.6
2024-07-22 16:28:00,CNR4578157927,Success,CID268507,Prime Sedan,JP Nagar,KR Puram,98.0,25.0,Not Applicable,Not Applicable,No,Not Applicable,137,Cash,38,4.3,3.9
2024-07-04 22:33:00,CNR3658735564,Success,CID935987,Prime Plus,Varthur,Nagarbhavi,49.0,60.0,Not Applicable,Not Applicable,No,Not Applicable,414,Cash,20,4.5,4.4
2024-07-09 06:48:00,CNR2652122525,Success,CID806397,Prime SUV,Kammanahalli,MG Road,308.0,130.0,Not Applicable,Not Applicable,No,Not Applicable,418,Cash,45,4.9,4.6
2024-07-19 01:11:00,CNR5707620013,Canceled by Customer,CID430795,Bike,Basavanagudi,Shantinagar,,,Driver is not moving towards pickup location,Not Applicable,Not Applicable,Not Applicable,237,Not Applicable,0,,
2024-07-01 16:47:00,CNR8743884049,Success,CID110821,Prime Plus,Indiranagar,Kadugodi,77.0,145.0,Not Applicable,Not Applicable,No,Not Applicable,137,UPI,24,4.4,4.3
2024-07-21 01:36:00,CNR7558868385,Success,CID247241,Prime Sedan,Basavanagudi,Langford Town,168.0,25.0,Not Applicable,Not Applicable,No,Not Applicable,432,UPI,32,3.4,3.9
2024-07-21 09:32:00,CNR7946118645,Driver Not Found,CID962103,eBike,BTM Layout,Shantinagar,,,Not Applicable,Not Applicable,Not Applicable,Not Applicable,416,Not Applicable,0,,
2024-07-23 23:40:00,CNR7919425753,Canceled by Driver,CID232779,Mini,Vijayanagar,Langford Town,,,Not Applicable,Personal & Car related issue,Not Applicable,Not Applicable,205,Not Applicable,0,,
2024-07-11 05:38:00,CNR3595241068,Success,CID478092,Mini,Vijayanagar,Marathahalli,84.0,75.0,Not Applicable,Not Applicable,No,Not Applicable,474,Cash,24,4.9,4.7
2024-07-03 20:27:00,CNR6103438706,Driver Not Found,CID576007,Bike,Mysore Road,Shantinagar,,,Not Applicable,Not Applicable,Not Applicable,Not Applicable,569,Not Applicable,0,,
2024-07-12 17:13:00,CNR2038028061,Canceled by Driver,CID781083,Prime Plus,Padmanabhanagar,Nagarbhavi,,,Not Applicable,Customer related issue,Not Applicable,Not Applicable,1414,Not Applicable,0,,
2024-07-13 19:31:00,CNR9411963897,Success,CID163427,Prime Plus,KR Puram,Koramangala,84.0,130.0,Not Applicable,Not Applicable,Yes,Vehicle Breakdown,165,UPI,48,4.2,3.3
2024-07-16 03:43:00,CNR3156851907,Success,CID240681,eBike,Jayanagar,Koramangala,217.0,135.0,Not Applicable,Not Applicable,No,Not Applicable,804,UPI,34,4.7,3.9
2024-07-09 12:42:00,CNR3897775631,Success,CID149970,Prime SUV,Kengeri,RT Nagar,217.0,75.0,Not Applicable,Not Applicable,No,Not Applicable,117,Cash,2,4.8,3.1
2024-07-03 20:37:00,CNR4395282153,Driver Not Found,CID620968,Auto,Cox Town,BTM Layout,,,Not Applicable,Not Applicable,Not Applicable,Not Applicable,140,Not Applicable,0,,
2024-07-09 08:51:00,CNR8726899356,Canceled by Customer,CID413595,eBike,Hennur,Ulsoor,,,AC is Not working,Not Applicable,Not Applicable,Not Applicable,240,Not Applicable,0,,
2024-07-15 12:58:00,CNR1747401846,Driver Not Found,CID256516,Prime SUV,Ramamurthy Nagar,Bannerghatta Road,,,Not Applicable,Not Applicable,Not Applicable,Not Applicable,2246,Not Applicable,0,,
2024-07-05 05:59:00,CNR3740505853,Success,CID315573,Auto,Ulsoor,Magadi Road,238.0,25.0,Not Applicable,Not Applicable,Yes,Vehicle Breakdown,278,UPI,8,3.1,4.4
2024-07-11 14:36:00,CNR7835865314,Success,CID303311,Mini,Kadugodi,Electronic City,196.0,70.0,Not Applicable,Not Applicable,No,Not Applicable,344,UPI,41,3.7,4.0
2024-07-01 10:33:00,CNR4728047293,Canceled by Driver,CID597975,Prime Sedan,Kadugodi,Devanahalli,,,Not Applicable,Personal & Car related issue,Not Applicable,Not Applicable,1983,Not Applicable,0,,
2024-07-23 09:01:00,CNR8959558018,Success,CID425195,eBike,Yelahanka,Tumkur Road,105.0,80.0,Not Applicable,Not Applicable,No,Not Applicable,194,UPI,10,3.5,4.3
2024-07-05 21:48:00,CNR7329991946,Success,CID442190,Prime SUV,Padmanabhanagar,Kadugodi,49.0,65.0,Not Applicable,Not Applicable,Yes,Vehicle Breakdown,322,Cash,19,3.5,4.6
2024-07-03 15:40:00,CNR1416378278,Success,CID343733,Prime SUV,Varthur,Whitefield,77.0,125.0,Not Applicable,Not Applicable,No,Not Applicable,258,Cash,7,5.0,5.0
2024-07-06 13:56:00,CNR2977908271,Canceled by Driver,CID727575,Prime Plus,Mysore Road,Majestic,,,Not Applicable,Personal & Car related issue,Not Applicable,Not Applicable,544,Not Applicable,0,,
2024-07-08 16:52:00,CNR5802162335,Canceled by Driver,CID158400,Auto,Nagarbhavi,Vijayanagar,,,Not Applicable,Personal & Car related issue,Not Applicable,Not Applicable,509,Not Applicable,0,,
2024-07-24 22:03:00,CNR3494519302,Driver Not Found,CID504985,Prime Sedan,Frazer Town,Malleshwaram,,,Not Applicable,Not Applicable,Not Applicable,Not Applicable,740,Not Applicable,0,,
2024-07-10 14:53:00,CNR4018360974,Success,CID723053,eBike,Frazer Town,Frazer Town,210.0,60.0,Not Applicable,Not Applicable,No,Not Applicable,232,UPI,13,4.1,3.9
2024-07-20 11:59:00,CNR4481848478,Success,CID117432,eBike,Rajarajeshwari Nagar,Malleshwaram,147.0,95.0,Not Applicable,Not Applicable,No,Not Applicable,104,Cash,43,4.1,4.8
2024-07-19 09:50:00,CNR9265613440,Canceled by Driver,CID979245,Prime Sedan,Mysore Road,Magadi Road,,,Not Applicable,Personal & Car related issue,Not Applicable,Not Applicable,425,Not Applicable,0,,
2024-07-29 13:24:00,CNR8149456255,Success,CID357095,eBike,Electronic City,Jayanagar,154.0,95.0,Not Applicable,Not Applicable,No,Not Applicable,245,Cash,48,3.3,3.2
2024-07-14 19:08:00,CNR6862757647,Canceled by Customer,CID554294,Mini,JP Nagar,Kengeri,,,Driver asked to cancel,Not Applicable,Not Applicable,Not Applicable,693,Not Applicable,0,,
2024-07-03 14:30:00,CNR3326424349,Success,CID398991,Mini,Hulimavu,Mysore Road,294.0,105.0,Not Applicable,Not Applicable,No,Not Applicable,777,Cash,20,4.5,3.7
2024-07-05 02:12:00,CNR3715301830,Success,CID923869,Prime SUV,Hennur,Kengeri,259.0,60.0,Not Applicable,Not Applicable,No,Not Applicable,307,Cash,18,4.4,3.2
2024-07-12 09:55:00,CNR9329816534,Success,CID469022,eBike,RT Nagar,Hosur Road,168.0,70.0,Not Applicable,Not Applicable,No,Not Applicable,1696,Cash,16,5.0,4.4
2024-07-09 01:30:00,CNR5427265670,Success,CID261485,Prime SUV,Sahakar Nagar,MG Road,84.0,80.0,Not Applicable,Not Applicable,No,Not Applicable,162,Cash,46,3.2,5.0
2024-07-26 20:43:00,CNR8337011895,Canceled by Driver,CID820952,Auto,Banashankari,Kadugodi,,,Not Applicable,Personal & Car related issue,Not Applicable,Not Applicable,295,Not Applicable,0,,
2024-07-25 18:20:00,CNR1637914687,Success,CID989515,eBike,Nagarbhavi,Richmond Town,42.0,85.0,Not Applicable,Not Applicable,No,Not Applicable,493,Credit Card,21,4.2,4.3
2024-07-25 07:03:00,CNR6562717438,Success,CID525951,Auto,HSR Layout,Chamarajpet,168.0,55.0,Not Applicable,Not Applicable,No,Not Applicable,473,Cash,13,4.2,4.3
2024-07-30 13:06:00,CNR6589746071,Canceled by Driver,CID977517,Bike,Bellandur,BTM Layout,,,Not Applicable,Personal & Car related issue,Not Applicable,Not Applicable,666,Not Applicable,0,,
2024-07-23 03:22:00,CNR7152104323,Canceled by Customer,CID452479,Prime Plus,Hebbal,Ulsoor,,,Driver is not moving towards pickup location,Not Applicable,Not Applicable,Not Applicable,1252,Not Applicable,0,,
2024-07-09 05:22:00,CNR4830964884,Canceled by Customer,CID508339,Bike,RT Nagar,RT Nagar,,,Change of plans,Not Applicable,Not Applicable,Not Applicable,418,Not Applicable,0,,
2024-07-20 20:42:00,CNR4993179754,Canceled by Driver,CID633729,Prime SUV,Whitefield,Kadugodi,,,Not Applicable,Personal & Car related issue,Not Applicable,Not Applicable,246,Not Applicable,0,,
2024-07-01 20:58:00,CNR5821773577,Success,CID530542,Prime Plus,Hennur,Yelahanka,126.0,145.0,Not Applicable,Not Applicable,No,Not Applicable,253,UPI,18,3.8,4.1
2024-07-16 08:40:00,CNR6412882112,Success,CID399186,Prime Plus,Whitefield,HSR Layout,273.0,70.0,Not Applicable,Not Applicable,No,Not Applicable,358,Cash,1,3.2,4.9
2024-07-09 10:50:00,CNR2700248785,Success,CID683488,Prime Plus,BTM Layout,Indiranagar,287.0,90.0,Not Applicable,Not Applicable,No,Not Applicable,238,Cash,25,4.5,5.0
2024-07-12 00:59:00,CNR1990413114,Success,CID284476,Prime SUV,Richmond Town,Chamarajpet,217.0,70.0,Not Applicable,Not Applicable,No,Not Applicable,2914,Cash,35,4.5,4.3
2024-07-14 14:22:00,CNR1641051571,Success,CID243450,Auto,BTM Layout,Electronic City,84.0,105.0,Not Applicable,Not Applicable,No,Not Applicable,139,Credit Card,10,4.0,4.8
2024-07-10 03:12:00,CNR6128259141,Success,CID784931,eBike,JP Nagar,Devanahalli,63.0,50.0,Not Applicable,Not Applicable,No,Not Applicable,454,Cash,1,4.0,3.9
2024-07-28 04:29:00,CNR3277009794,Success,CID966065,Prime SUV,Kadugodi,Sarjapur Road,266.0,85.0,Not Applicable,Not Applicable,No,Not Applicable,471,Cash,31,4.3,3.1
2024-07-24 11:13:00,CNR9636117089,Canceled by Customer,CID353619,Auto,Nagarbhavi,Langford Town,,,Driver is not moving towards pickup location,Not Applicable,Not Applicable,Not Applicable,343,Not Applicable,0,,
2024-07-27 05:50:00,CNR1877157473,Success,CID429645,Prime Plus,Mysore Road,Frazer Town,266.0,95.0,Not Applicable,Not Applicable,No,Not Applicable,250,Credit Card,7,3.3,4.0
2024-07-02 15:10:00,CNR7012052775,Success,CID420076,Mini,Cox Town,Vijayanagar,203.0,80.0,Not Applicable,Not Applicable,No,Not Applicable,313,Cash,19,4.6,3.8
2024-07-09 10:27:00,CNR3585527416,Success,CID674067,Bike,Ulsoor,Bannerghatta Road,84.0,40.0,Not Applicable,Not Applicable,No,Not Applicable,422,Cash,49,3.9,3.1
2024-07-12 05:26:00,CNR1219211963,Success,CID442967,Prime SUV,Sahakar Nagar,Banashankari,182.0,115.0,Not Applicable,Not Applicable,No,Not Applicable,368,Cash,13,4.7,4.7
2024-07-15 21:38:00,CNR7719727364,Driver Not Found,CID767143,Mini,Rajarajeshwari Nagar,Sarjapur Road,,,Not Applicable,Not Applicable,Not Applicable,Not Applicable,375,Not Applicable,0,,
2024-07-09 22:42:00,CNR7353455637,Success,CID612596,Mini,Magadi Road,Yelahanka,175.0,140.0,Not Applicable,Not Applicable,No,Not Applicable,469,UPI,31,4.3,4.8
2024-07-22 20:03:00,CNR3455841324,Success,CID224798,Bike,Mysore Road,Hosur Road,119.0,130.0,Not Applicable,Not Applicable,No,Not Applicable,588,Cash,2,3.9,4.1
2024-07-02 11:26:00,CNR7828495612,Canceled by Driver,CID900040,Bike,Varthur,Ramamurthy Nagar,,,Not Applicable,More than permitted people in there,Not Applicable,Not Applicable,240,Not Applicable,0,,
2024-07-14 04:53:00,CNR4536355355,Success,CID491051,Bike,Basavanagudi,Electronic City,203.0,25.0,Not Applicable,Not Applicable,No,Not Applicable,234,UPI,22,4.2,4.0
2024-07-28 22:31:00,CNR5574131680,Success,CID571886,Auto,Chamarajpet,Peenya,231.0,80.0,Not Applicable,Not Applicable,Yes,Vehicle Breakdown,314,Cash,18,3.0,4.9
2024-07-21 01:47:00,CNR8742250489,Success,CID332451,Prime Plus,Kammanahalli,Rajarajeshwari Nagar,203.0,50.0,Not Applicable,Not Applicable,No,Not Applicable,261,UPI,40,3.0,3.9
2024-07-07 15:50:00,CNR2962966292,Success,CID774949,eBike,Banashankari,Padmanabhanagar,84.0,125.0,Not Applicable,Not Applicable,No,Not Applicable,200,Cash,28,4.5,3.5
2024-07-08 17:31:00,CNR6206997767,Success,CID787717,Prime Sedan,Hebbal,Yeshwanthpur,301.0,140.0,Not Applicable,Not Applicable,No,Not Applicable,2798,UPI,4,4.5,4.0
2024-07-02 19:55:00,CNR4653703002,Success,CID223415,Prime Sedan,Chamarajpet,Jayanagar,308.0,135.0,Not Applicable,Not Applicable,No,Not Applicable,394,UPI,21,4.7,4.1
2024-07-30 06:50:00,CNR6337286076,Driver Not Found,CID439577,Prime SUV,Nagarbhavi,Cox Town,,,Not Applicable,Not Applicable,Not Applicable,Not Applicable,472,Not Applicable,0,,
2024-07-23 04:57:00,CNR4598700576,Canceled by Driver,CID461874,Auto,Electronic City,Devanahalli,,,Not Applicable,Customer was coughing/sick,Not Applicable,Not Applicable,147,Not Applicable,0,,
2024-07-23 14:51:00,CNR6183048040,Success,CID436358,Auto,Kammanahalli,Shantinagar,154.0,55.0,Not Applicable,Not Applicable,No,Not Applicable,286,Cash,17,4.0,4.8
2024-07-18 00:35:00,CNR8929881028,Success,CID679412,Prime SUV,Ulsoor,Frazer Town,280.0,25.0,Not Applicable,Not Applicable,No,Not Applicable,501,Cash,30,5.0,4.3
2024-07-19 20:35:00,CNR7034404632,Success,CID688237,Prime Plus,Basavanagudi,Bellandur,70.0,100.0,Not Applicable,Not Applicable,Yes,Vehicle Breakdown,365,Cash,16,3.6,3.5
2024-07-02 18:40:00,CNR7781692919,Success,CID309938,Prime SUV,Richmond Town,Rajajinagar,224.0,110.0,Not Applicable,Not Applicable,No,Not Applicable,267,UPI,7,4.3,4.7
2024-07-23 03:44:00,CNR6916783881,Canceled by Driver,CID265135,Prime Plus,Basavanagudi,Richmond Town,,,Not Applicable,Personal & Car related issue,Not Applicable,Not Applicable,469,Not Applicable,0,,
2024-07-12 20:50:00,CNR9841742896,Success,CID194213,Mini,RT Nagar,Chickpet,147.0,35.0,Not Applicable,Not Applicable,No,Not Applicable,608,Cash,12,4.2,3.8
2024-07-16 19:46:00,CNR4905745307,Success,CID872459,Prime Plus,Vijayanagar,Bannerghatta Road,203.0,110.0,Not Applicable,Not Applicable,Yes,Customer Demand,249,UPI,31,4.6,3.4
2024-07-04 07:19:00,CNR7610471673,Success,CID180939,Prime Sedan,Ulsoor,Chickpet,301.0,50.0,Not Applicable,Not Applicable,No,Not Applicable,2518,UPI,6,4.1,4.1
2024-07-22 22:22:00,CNR5163480212,Success,CID140420,Prime SUV,Jayanagar,Jayanagar,63.0,80.0,Not Applicable,Not Applicable,No,Not Applicable,403,Cash,35,3.0,3.5
2024-07-20 09:39:00,CNR4055466810,Success,CID901184,Auto,BTM Layout,Varthur,196.0,80.0,Not Applicable,Not Applicable,No,Not Applicable,487,Credit Card,17,4.7,3.1
2024-07-13 07:59:00,CNR7166545003,Driver Not Found,CID447547,Prime Sedan,Cox Town,Hennur,,,Not Applicable,Not Applicable,Not Applicable,Not Applicable,149,Not Applicable,0,,
2024-07-06 04:39:00,CNR5442554201,Success,CID430923,Prime SUV,Indiranagar,Hennur,259.0,55.0,Not Applicable,Not Applicable,No,Not Applicable,2396,UPI,42,3.9,3.4
2024-07-03 20:50:00,CNR2542057876,Success,CID990043,Prime SUV,Langford Town,Hulimavu,98.0,75.0,Not Applicable,Not Applicable,No,Not Applicable,811,Credit Card,45,3.7,3.1
2024-07-12 01:56:00,CNR4256323901,Success,CID500932,eBike,Chickpet,Jayanagar,189.0,25.0,Not Applicable,Not Applicable,No,Not Applicable,498,Cash,41,4.3,3.4
2024-07-18 04:40:00,CNR9568142955,Success,CID105358,Prime Plus,Kammanahalli,Frazer Town,259.0,35.0,Not Applicable,Not Applicable,No,Not Applicable,377,UPI,39,4.4,4.5
2024-07-17 13:27:00,CNR5270192834,Success,CID185314,Prime Plus,Shantinagar,Tumkur Road,280.0,75.0,Not Applicable,Not Applicable,No,Not Applicable,490,UPI,7,3.9,3.7
2024-07-06 07:19:00,CNR4646980204,Success,CID118395,Prime SUV,Kammanahalli,RT Nagar,175.0,65.0,Not Applicable,Not Applicable,No,Not Applicable,857,Cash,44,4.2,3.3
2024-07-25 21:41:00,CNR2007501488,Success,CID598603,Prime Plus,Yeshwanthpur,HSR Layout,266.0,45.0,Not Applicable,Not Applicable,No,Not Applicable,181,UPI,44,4.5,4.1
2024-07-22 15:50:00,CNR2164095839,Success,CID829404,eBike,Malleshwaram,Kadugodi,196.0,140.0,Not Applicable,Not Applicable,No,Not Applicable,242,Cash,7,4.8,4.9
2024-07-21 01:15:00,CNR1556369885,Success,CID262007,Auto,Hosur Road,Sarjapur Road,168.0,130.0,Not Applicable,Not Applicable,No,Not Applicable,288,Cash,5,5.0,5.0
2024-07-05 20:34:00,CNR4333730279,Success,CID553426,Prime Sedan,Ulsoor,MG Road,112.0,105.0,Not Applicable,Not Applicable,No,Not Applicable,272,UPI,1,4.6,4.6
2024-07-23 12:59:00,CNR2448030513,Canceled by Customer,CID884662,Bike,Mysore Road,Bellandur,,,Change of plans,Not Applicable,Not Applicable,Not Applicable,675,Not Applicable,0,,
2024-07-06 19:20:00,CNR2216235200,Success,CID350507,Prime SUV,Varthur,Kengeri,210.0,60.0,Not Applicable,Not Applicable,No,Not Applicable,1081,UPI,6,3.2,3.3
2024-07-30 13:07:00,CNR8662782460,Success,CID441582,Auto,Mysore Road,Frazer Town,35.0,90.0,Not Applicable,Not Applicable,Yes,Vehicle Breakdown,376,UPI,7,4.4,4.0
2024-07-29 23:05:00,CNR1350788442,Canceled by Customer,CID146216,Mini,Richmond Town,Nagarbhavi,,,Driver asked to cancel,Not Applicable,Not Applicable,Not Applicable,365,Not Applicable,0,,
2024-07-07 16:34:00,CNR8680079863,Success,CID185971,Prime Plus,Sahakar Nagar,Electronic City,168.0,50.0,Not Applicable,Not Applicable,No,Not Applicable,385,Cash,9,4.7,3.7
2024-07-12 21:53:00,CNR3120901775,Success,CID255368,Bike,Peenya,Hebbal,308.0,90.0,Not Applicable,Not Applicable,No,Not Applicable,505,Cash,24,3.8,4.9
2024-07-12 13:57:00,CNR3703773184,Success,CID881281,Prime Plus,Devanahalli,Mysore Road,224.0,135.0,Not Applicable,Not Applicable,No,Not Applicable,758,UPI,21,4.0,4.7
2024-07-19 03:32:00,CNR5613051658,Success,CID732756,eBike,Kengeri,Varthur,126.0,75.0,Not Applicable,Not Applicable,No,Not Applicable,2026,UPI,15,3.5,3.8
2024-07-07 01:20:00,CNR5743370698,Success,CID424599,Prime Plus,Sarjapur Road,Kengeri,294.0,25.0,Not Applicable,Not Applicable,No,Not Applicable,338,Debit Card,6,5.0,4.8
2024-07-26 22:54:00,CNR5657106199,Success,CID495770,Bike,Rajarajeshwari Nagar,Majestic,77.0,75.0,Not Applicable,Not Applicable,No,Not Applicable,141,UPI,31,4.3,4.0
2024-07-24 16:04:00,CNR4331076151,Success,CID717872,Prime SUV,Sahakar Nagar,Peenya,196.0,45.0,Not Applicable,Not Applicable,No,Not Applicable,256,UPI,35,3.8,3.8
2024-07-05 21:59:00,CNR3673455202,Canceled by Customer,CID234290,Prime Plus,Basavanagudi,Hosur Road,,,Wrong Address,Not Applicable,Not Applicable,Not Applicable,1396,Not Applicable,0,,
2024-07-19 00:20:00,CNR9961024751,Success,CID701915,Bike,Shivajinagar,Kengeri,210.0,95.0,Not Applicable,Not Applicable,No,Not Applicable,690,Cash,13,3.4,3.5
2024-07-19 01:49:00,CNR5815950852,Success,CID148850,Prime SUV,Koramangala,Chickpet,70.0,55.0,Not Applicable,Not Applicable,No,Not Applicable,293,UPI,5,4.8,3.5
2024-07-09 02:57:00,CNR7236650889,Success,CID981168,Auto,Koramangala,Jayanagar,308.0,35.0,Not Applicable,Not Applicable,Yes,Vehicle Breakdown,352,UPI,5,4.7,3.9
2024-07-04 14:20:00,CNR2322629215,Canceled by Driver,CID530127,Prime Plus,Nagarbhavi,Kengeri,,,Not Applicable,Customer was coughing/sick,Not Applicable,Not Applicable,858,Not Applicable,0,,
2024-07-12 06:05:00,CNR9990580988,Success,CID986881,Prime Plus,Jayanagar,Sarjapur Road,182.0,40.0,Not Applicable,Not Applicable,No,Not Applicable,1313,UPI,31,4.7,4.0
2024-07-16 07:23:00,CNR2629140022,Success,CID152625,Auto,RT Nagar,Yeshwanthpur,308.0,130.0,Not Applicable,Not Applicable,No,Not Applicable,344,Cash,12,3.3,4.4
2024-07-10 05:18:00,CNR7897542647,Canceled by Customer,CID832081,Prime SUV,Hebbal,RT Nagar,,,AC is Not working,Not Applicable,Not Applicable,Not Applicable,305,Not Applicable,0,,
2024-07-18 21:33:00,CNR6741870080,Canceled by Driver,CID581117,Bike,Vijayanagar,KR Puram,,,Not Applicable,Customer related issue,Not Applicable,Not Applicable,272,Not Applicable,0,,
2024-07-25 19:59:00,CNR8076112106,Success,CID886539,Bike,Kammanahalli,Rajarajeshwari Nagar,91.0,45.0,Not Applicable,Not Applicable,No,Not Applicable,2642,Cash,41,3.4,4.3
2024-07-18 23:27:00,CNR6873069731,Canceled by Driver,CID607809,eBike,Bellandur,Langford Town,,,Not Applicable,Personal & Car related issue,Not Applicable,Not Applicable,834,Not Applicable,0,,
2024-07-02 17:23:00,CNR8774174915,Success,CID738452,Prime Plus,Bannerghatta Road,Bannerghatta Road,112.0,35.0,Not Applicable,Not Applicable,No,Not Applicable,247,Cash,49,4.1,4.6
2024-07-28 09:08:00,CNR4998568125,Success,CID546677,eBike,Malleshwaram,Cox Town,140.0,105.0,Not Applicable,Not Applicable,No,Not Applicable,258,UPI,16,4.2,3.0
2024-07-16 00:32:00,CNR5372743110,Success,CID170496,Prime Plus,Mysore Road,MG Road,126.0,65.0,Not Applicable,Not Applicable,No,Not Applicable,478,Cash,23,4.8,4.8
2024-07-27 09:00:00,CNR3582070843,Canceled by Driver,CID759171,Prime Sedan,Whitefield,Whitefield,,,Not Applicable,Customer was coughing/sick,Not Applicable,Not Applicable,408,Not Applicable,0,,
2024-07-25 21:59:00,CNR7370902103,Canceled by Driver,CID778660,Mini,Chamarajpet,BTM Layout,,,Not Applicable,Customer was coughing/sick,Not Applicable,Not Applicable,192,Not Applicable,0,,
2024-07-26 13:47:00,CNR1628750464,Driver Not Found,CID467170,Auto,Rajajinagar,Tumkur Road,,,Not Applicable,Not Applicable,Not Applicable,Not Applicable,478,Not Applicable,0,,
2024-07-04 04:27:00,CNR5242611925,Canceled by Customer,CID621801,Prime Sedan,Frazer Town,Bellandur,,,Driver is not moving towards pickup location,Not Applicable,Not Applicable,Not Applicable,1635,Not Applicable,0,,
2024-07-24 03:53:00,CNR8686117007,Success,CID417971,Auto,Hulimavu,JP Nagar,294.0,30.0,Not Applicable,Not Applicable,No,Not Applicable,174,UPI,13,4.9,4.6
2024-07-23 03:22:00,CNR8910132352,Success,CID216812,eBike,Chamarajpet,Tumkur Road,175.0,85.0,Not Applicable,Not Applicable,No,Not Applicable,136,UPI,10,3.7,4.0
2024-07-13 00:24:00,CNR1333465882,Canceled by Driver,CID408642,Mini,Sarjapur Road,Magadi Road,,,Not Applicable,More than permitted people in there,Not Applicable,Not Applicable,482,Not Applicable,0,,
2024-07-27 14:48:00,CNR7351978365,Success,CID902207,Bike,Kengeri,Malleshwaram,252.0,70.0,Not Applicable,Not Applicable,No,Not Applicable,450,UPI,17,4.8,4.6
2024-07-07 23:19:00,CNR8433221770,Driver Not Found,CID898510,Auto,Peenya,Mysore Road,,,Not Applicable,Not Applicable,Not Applicable,Not Applicable,330,Not Applicable,0,,
2024-07-13 07:57:00,CNR5474449282,Canceled by Customer,CID551627,Prime Sedan,Electronic City,Varthur,,,Driver asked to cancel,Not Applicable,Not Applicable,Not Applicable,787,Not Applicable,0,,
2024-07-28 09:53:00,CNR5823975460,Success,CID818309,Prime SUV,Mysore Road,Langford Town,147.0,45.0,Not Applicable,Not Applicable,No,Not Applicable,487,Cash,1,3.5,3.5
2024-07-17 23:56:00,CNR5820935801,Success,CID144326,Prime Plus,Whitefield,Vijayanagar,175.0,100.0,Not Applicable,Not Applicable,No,Not Applicable,356,UPI,17,3.5,4.6
2024-07-15 07:13:00,CNR2632942451,Canceled by Customer,CID433264,Mini,Kammanahalli,Ramamurthy Nagar,,,Wrong Address,Not Applicable,Not Applicable,Not Applicable,762,Not Applicable,0,,
2024-07-20 21:39:00,CNR4459254972,Success,CID376778,Bike,Indiranagar,Richmond Town,119.0,35.0,Not Applicable,Not Applicable,No,Not Applicable,209,Cash,24,3.3,4.2
2024-07-11 13:18:00,CNR2308252365,Success,CID276497,Auto,Hebbal,Jayanagar,280.0,110.0,Not Applicable,Not Applicable,Yes,Customer Demand,267,Cash,8,5.0,4.9
2024-07-07 17:34:00,CNR2546959403,Canceled by Driver,CID400318,Auto,Bannerghatta Road,Marathahalli,,,Not Applicable,More than permitted people in there,Not Applicable,Not Applicable,329,Not Applicable,0,,
2024-07-15 18:44:00,CNR7189650523,Driver Not Found,CID141911,Prime SUV,Basavanagudi,Koramangala,,,Not Applicable,Not Applicable,Not Applicable,Not Applicable,2422,Not Applicable,0,,
2024-07-21 02:43:00,CNR6389965768,Success,CID989018,Auto,Indiranagar,Rajajinagar,49.0,130.0,Not Applicable,Not Applicable,No,Not Applicable,477,Cash,7,3.0,4.2
2024-07-12 11:39:00,CNR8111546059,Canceled by Customer,CID935089,eBike,Ulsoor,MG Road,,,Driver is not moving towards pickup location,Not Applicable,Not Applicable,Not Applicable,132,Not Applicable,0,,
2024-07-01 23:04:00,CNR2796137474,Success,CID336494,Bike,Tumkur Road,Ramamurthy Nagar,210.0,50.0,Not Applicable,Not Applicable,No,Not Applicable,155,Cash,18,4.1,4.5
2024-07-16 21:17:00,CNR8396163396,Driver Not Found,CID579587,Mini,Cox Town,Nagarbhavi,,,Not Applicable,Not Applicable,Not Applicable,Not Applicable,454,Not Applicable,0,,
2024-07-19 08:13:00,CNR5624929379,Success,CID765122,Bike,Devanahalli,Koramangala,245.0,85.0,Not Applicable,Not Applicable,Yes,Vehicle Breakdown,801,Cash,41,4.5,3.4
2024-07-30 08:21:00,CNR8437950977,Success,CID185355,Prime Sedan,Yeshwanthpur,Sarjapur Road,35.0,135.0,Not Applicable,Not Applicable,No,Not Applicable,269,Cash,31,4.9,3.1
2024-07-17 21:49:00,CNR5749544686,Success,CID621326,eBike,Nagarbhavi,Cox Town,42.0,75.0,Not Applicable,Not Applicable,No,Not Applicable,139,UPI,42,3.3,4.7
2024-07-03 14:08:00,CNR2264177895,Success,CID696942,Auto,Whitefield,Richmond Town,63.0,60.0,Not Applicable,Not Applicable,Yes,Vehicle Breakdown,145,Cash,19,4.9,3.9
2024-07-09 12:01:00,CNR2438239338,Success,CID228481,Bike,Indiranagar,Richmond Town,210.0,85.0,Not Applicable,Not Applicable,Yes,Customer Demand,2147,Cash,23,3.8,3.8
2024-07-14 16:47:00,CNR7538812790,Success,CID232771,Prime Sedan,Hulimavu,Kammanahalli,189.0,45.0,Not Applicable,Not Applicable,No,Not Applicable,759,UPI,34,3.1,3.1
2024-07-28 20:29:00,CNR5508065204,Success,CID554462,Prime Plus,Shivajinagar,Malleshwaram,287.0,35.0,Not Applicable,Not Applicable,Yes,Vehicle Breakdown,803,UPI,44,3.9,3.7
2024-07-15 13:22:00,CNR1669925270,Success,CID889978,Prime Plus,Koramangala,Hulimavu,63.0,135.0,Not Applicable,Not Applicable,No,Not Applicable,259,UPI,32,3.0,4.0
2024-07-07 12:25:00,CNR4428703797,Canceled by Driver,CID793944,Prime Plus,Shantinagar,Shantinagar,,,Not Applicable,Personal & Car related issue,Not Applicable,Not Applicable,235,Not Applicable,0,,
2024-07-21 23:54:00,CNR6811261140,Success,CID927954,Prime Plus,Yelahanka,KR Puram,42.0,135.0,Not Applicable,Not Applicable,Yes,Customer Demand,948,UPI,9,4.1,3.9
2024-07-10 06:14:00,CNR8705909658,Driver Not Found,CID157667,Auto,Sahakar Nagar,MG Road,,,Not Applicable,Not Applicable,Not Applicable,Not Applicable,908,Not Applicable,0,,
2024-07-17 16:40:00,CNR5016050103,Success,CID355373,Prime SUV,Vijayanagar,Chamarajpet,42.0,70.0,Not Applicable,Not Applicable,No,Not Applicable,802,Credit Card,32,4.1,4.8
2024-07-21 08:29:00,CNR3226664625,Canceled by Customer,CID823541,Prime Sedan,Majestic,HSR Layout,,,AC is Not working,Not Applicable,Not Applicable,Not Applicable,887,Not Applicable,0,,
2024-07-11 01:34:00,CNR8357048366,Success,CID722108,Prime SUV,Bannerghatta Road,Tumkur Road,266.0,55.0,Not Applicable,Not Applicable,No,Not Applicable,186,Cash,33,3.0,3.8
2024-07-29 18:41:00,CNR5498648877,Success,CID703496,Prime Sedan,Kadugodi,Bellandur,224.0,145.0,Not Applicable,Not Applicable,No,Not Applicable,448,Cash,45,4.1,4.2
2024-07-16 01:15:00,CNR5636066925,Success,CID808382,Prime Sedan,Malleshwaram,Padmanabhanagar,140.0,45.0,Not Applicable,Not Applicable,No,Not Applicable,339,UPI,31,4.8,4.7
2024-07-26 01:10:00,CNR7758924881,Success,CID447933,Bike,JP Nagar,Devanahalli,84.0,70.0,Not Applicable,Not Applicable,No,Not Applicable,365,UPI,3,3.8,4.4
2024-07-23 08:42:00,CNR8510337257,Canceled by Driver,CID560582,Prime Plus,Kadugodi,Bannerghatta Road,,,Not Applicable,Customer was coughing/sick,Not Applicable,Not Applicable,374,Not Applicable,0,,
2024-07-14 04:59:00,CNR4898214912,Success,CID849823,Bike,Kammanahalli,Mysore Road,63.0,40.0,Not Applicable,Not Applicable,No,Not Applicable,707,UPI,17,3.3,4.4
2024-07-27 02:33:00,CNR2111566317,Canceled by Driver,CID423999,Prime SUV,Cox Town,MG Road,,,Not Applicable,Customer related issue,Not Applicable,Not Applicable,373,Not Applicable,0,,
2024-07-13 00:07:00,CNR6292482982,Success,CID510489,Prime Sedan,Hennur,Tumkur Road,154.0,115.0,Not Applicable,Not Applicable,No,Not Applicable,445,Cash,12,5.0,4.3
2024-07-10 07:19:00,CNR8766322308,Success,CID887951,Mini,Richmond Town,Yeshwanthpur,49.0,25.0,Not Applicable,Not Applicable,No,Not Applicable,439,Cash,30,4.0,3.0
2024-07-03 15:09:00,CNR1308992220,Success,CID133716,Auto,Hulimavu,Frazer Town,210.0,95.0,Not Applicable,Not Applicable,No,Not Applicable,297,Cash,9,4.1,5.0
2024-07-20 22:44:00,CNR9804696736,Canceled by Driver,CID729873,Mini,Yeshwanthpur,Hosur Road,,,Not Applicable,Personal & Car related issue,Not Applicable,Not Applicable,223,Not Applicable,0,,
2024-07-12 09:01:00,CNR1671783355,Success,CID858778,Bike,Varthur,Chickpet,238.0,140.0,Not Applicable,Not Applicable,No,Not Applicable,831,Credit Card,13,3.4,3.9
2024-07-04 01:28:00,CNR2099143173,Success,CID292679,Mini,Basavanagudi,HSR Layout,203.0,75.0,Not Applicable,Not Applicable,No,Not Applicable,191,Cash,44,4.4,4.1
2024-07-21 19:55:00,CNR5092102736,Success,CID758009,Prime Plus,Vijayanagar,Devanahalli,231.0,75.0,Not Applicable,Not Applicable,No,Not Applicable,137,Cash,17,3.2,3.5
2024-07-02 08:30:00,CNR6198700311,Success,CID322635,Prime Sedan,Malleshwaram,Hosur Road,63.0,60.0,Not Applicable,Not Applicable,Yes,Customer Demand,496,UPI,42,3.2,4.3
2024-07-17 12:50:00,CNR1388088713,Success,CID125398,Prime SUV,Devanahalli,Shantinagar,105.0,50.0,Not Applicable,Not Applicable,No,Not Applicable,276,Cash,35,4.9,4.1
2024-07-16 07:27:00,CNR3636773331,Success,CID646101,Auto,Tumkur Road,Frazer Town,168.0,145.0,Not Applicable,Not Applicable,No,Not Applicable,365,UPI,16,4.6,4.2
2024-07-22 20:28:00,CNR1959724346,Driver Not Found,CID587082,Prime SUV,Varthur,Sarjapur Road,,,Not Applicable,Not Applicable,Not Applicable,Not Applicable,446,Not Applicable,0,,
2024-07-22 00:53:00,CNR1271405310,Canceled by Driver,CID212819,Mini,Vijayanagar,Nagarbhavi,,,Not Applicable,Customer related issue,Not Applicable,Not Applicable,653,Not Applicable,0,,
2024-07-07 01:12:00,CNR8793765463,Driver Not Found,CID259556,Auto,BTM Layout,Shantinagar,,,Not Applicable,Not Applicable,Not Applicable,Not Applicable,470,Not Applicable,0,,
2024-07-05 00:02:00,CNR1398367144,Success,CID599591,Prime Sedan,Majestic,Ramamurthy Nagar,182.0,90.0,Not Applicable,Not Applicable,No,Not Applicable,256,Cash,4,3.1,4.2
2024-07-21 23:49:00,CNR2566213511,Canceled by Driver,CID799284,Auto,Langford Town,Yeshwanthpur,,,Not Applicable,Personal & Car related issue,Not Applicable,Not Applicable,1876,Not Applicable,0,,
2024-07-12 08:03:00,CNR6736340010,Canceled by Driver,CID701062,Prime SUV,Banashankari,Devanahalli,,,Not Applicable,Customer related issue,Not Applicable,Not Applicable,324,Not Applicable,0,,
2024-07-04 18:54:00,CNR9459272577,Success,CID238120,Mini,Nagarbhavi,Varthur,42.0,140.0,Not Applicable,Not Applicable,No,Not Applicable,619,UPI,27,4.4,3.2
2024-07-20 00:05:00,CNR1340266308,Success,CID998985,Prime Sedan,Shivajinagar,Hebbal,105.0,30.0,Not Applicable,Not Applicable,No,Not Applicable,817,UPI,14,4.1,4.4
2024-07-04 18:25:00,CNR8551572432,Success,CID553211,eBike,Yeshwanthpur,JP Nagar,217.0,70.0,Not Applicable,Not Applicable,No,Not Applicable,116,Debit Card,45,4.4,3.8
2024-07-20 04:09:00,CNR1166644643,Success,CID685829,Auto,Devanahalli,MG Road,119.0,80.0,Not Applicable,Not Applicable,No,Not Applicable,271,Cash,2,4.4,4.0
2024-07-18 20:06:00,CNR4827031253,Canceled by Driver,CID671543,Auto,Yeshwanthpur,Rajarajeshwari Nagar,,,Not Applicable,Personal & Car related issue,Not Applicable,Not Applicable,366,Not Applicable,0,,
2024-07-30 01:16:00,CNR5190267100,Success,CID874736,Auto,Yelahanka,Nagarbhavi,252.0,115.0,Not Applicable,Not Applicable,Yes,Vehicle Breakdown,587,Cash,5,4.0,3.4
2024-07-14 18:04:00,CNR6896263316,Success,CID472234,Prime Plus,Hennur,RT Nagar,287.0,55.0,Not Applicable,Not Applicable,No,Not Applicable,802,Cash,43,3.4,4.9
2024-07-17 18:36:00,CNR5017136096,Canceled by Driver,CID953936,Prime Plus,Tumkur Road,Indiranagar,,,Not Applicable,Personal & Car related issue,Not Applicable,Not Applicable,233,Not Applicable,0,,
2024-07-09 16:55:00,CNR8018769533,Success,CID265343,Prime SUV,Chickpet,Yelahanka,98.0,145.0,Not Applicable,Not Applicable,No,Not Applicable,178,UPI,4,3.2,4.1
2024-07-24 08:54:00,CNR4568431653,Success,CID698860,Prime Plus,Ulsoor,Frazer Town,91.0,65.0,Not Applicable,Not Applicable,No,Not Applicable,159,Cash,45,4.9,4.4
2024-07-03 09:44:00,CNR4933338739,Canceled by Customer,CID103004,Bike,HSR Layout,Jayanagar,,,Driver is not moving towards pickup location,Not Applicable,Not Applicable,Not Applicable,772,Not Applicable,0,,
2024-07-04 21:45:00,CNR3268359118,Canceled by Driver,CID954682,Auto,Cox Town,Hulimavu,,,Not Applicable,More than permitted people in there,Not Applicable,Not Applicable,440,Not Applicable,0,,
2024-07-03 02:31:00,CNR2735154966,Canceled by Driver,CID646018,Auto,Bellandur,Basavanagudi,,,Not Applicable,Customer related issue,Not Applicable,Not Applicable,180,Not Applicable,0,,
2024-07-24 11:39:00,CNR2208662427,Success,CID371922,Prime Plus,Vijayanagar,Sarjapur Road,84.0,90.0,Not Applicable,Not Applicable,No,Not Applicable,803,Cash,12,4.8,3.0
2024-07-21 03:54:00,CNR7156913335,Canceled by Customer,CID629546,eBike,Frazer Town,Chickpet,,,Driver asked to cancel,Not Applicable,Not Applicable,Not Applicable,464,Not Applicable,0,,
2024-07-08 22:03:00,CNR4182586212,Canceled by Customer,CID288303,eBike,Kadugodi,BTM Layout,,,Change of plans,Not Applicable,Not Applicable,Not Applicable,495,Not Applicable,0,,
2024-07-11 18:17:00,CNR2270830813,Success,CID981211,Prime Plus,Ulsoor,Devanahalli,161.0,125.0,Not Applicable,Not Applicable,No,Not Applicable,104,Cash,2,3.2,3.0
2024-07-08 02:48:00,CNR8099670713,Success,CID688150,eBike,Hennur,Shantinagar,147.0,130.0,Not Applicable,Not Applicable,No,Not Applicable,228,UPI,48,4.7,3.1
2024-07-08 07:52:00,CNR3718668204,Success,CID292844,Prime Plus,Sarjapur Road,KR Puram,168.0,45.0,Not Applicable,Not Applicable,No,Not Applicable,207,UPI,35,3.3,4.6
2024-07-08 15:41:00,CNR2605743429,Canceled by Driver,CID557399,Prime Sedan,Ulsoor,Richmond Town,,,Not Applicable,Customer related issue,Not Applicable,Not Applicable,503,Not Applicable,0,,
2024-07-23 08:40:00,CNR7224919139,Canceled by Customer,CID212636,Mini,HSR Layout,Marathahalli,,,Driver is not moving towards pickup location,Not Applicable,Not Applicable,Not Applicable,633,Not Applicable,0,,
2024-07-26 09:55:00,CNR4174978936,Driver Not Found,CID407312,Bike,Indiranagar,Chamarajpet,,,Not Applicable,Not Applicable,Not Applicable,Not Applicable,873,Not Applicable,0,,
2024-07-15 09:49:00,CNR2402381392,Canceled by Customer,CID835203,eBike,Hulimavu,Malleshwaram,,,Driver is not moving towards pickup location,Not Applicable,Not Applicable,Not Applicable,704,Not Applicable,0,,
2024-07-20 07:47:00,CNR7549812867,Success,CID972245,eBike,Mysore Road,Shivajinagar,273.0,135.0,Not Applicable,Not Applicable,No,Not Applicable,435,Cash,36,4.4,4.0
2024-07-27 05:11:00,CNR5848308762,Canceled by Customer,CID848704,Prime SUV,Peenya,Bannerghatta Road,,,AC is Not working,Not Applicable,Not Applicable,Not Applicable,444,Not Applicable,0,,
2024-07-28 08:48:00,CNR2937710658,Success,CID328811,Prime Plus,Electronic City,Ulsoor,273.0,120.0,Not Applicable,Not Applicable,No,Not Applicable,645,Credit Card,29,4.2,4.1
2024-07-21 04:18:00,CNR8318648878,Driver Not Found,CID155100,Prime Sedan,Malleshwaram,Kammanahalli,,,Not Applicable,Not Applicable,Not Applicable,Not Applicable,430,Not Applicable,0,,
2024-07-22 00:44:00,CNR5767486400,Success,CID738051,Auto,Devanahalli,Sahakar Nagar,161.0,70.0,Not Applicable,Not Applicable,No,Not Applicable,837,Cash,6,4.7,3.2
2024-07-17 21:38:00,CNR1199859297,Canceled by Driver,CID505379,eBike,Langford Town,KR Puram,,,Not Applicable,More than permitted people in there,Not Applicable,Not Applicable,873,Not Applicable,0,,
2024-07-29 11:43:00,CNR9139319855,Success,CID982667,Prime Sedan,Shivajinagar,Banashankari,70.0,135.0,Not Applicable,Not Applicable,No,Not Applicable,264,UPI,46,4.7,4.7
2024-07-14 00:03:00,CNR8947830517,Canceled by Customer,CID308058,Prime Sedan,Hosur Road,Shantinagar,,,Driver is not moving towards pickup location,Not Applicable,Not Applicable,Not Applicable,418,Not Applicable,0,,
2024-07-10 17:56:00,CNR1393236156,Canceled by Driver,CID491988,Prime SUV,Kengeri,Chamarajpet,,,Not Applicable,Customer related issue,Not Applicable,Not Applicable,185,Not Applicable,0,,
2024-07-15 12:19:00,CNR2592870354,Driver Not Found,CID780479,Auto,Shantinagar,Richmond Town,,,Not Applicable,Not Applicable,Not Applicable,Not Applicable,300,Not Applicable,0,,
2024-07-21 11:09:00,CNR8933070644,Success,CID882179,Bike,Marathahalli,Kammanahalli,140.0,125.0,Not Applicable,Not Applicable,No,Not Applicable,228,UPI,27,4.2,3.2
2024-07-22 10:00:00,CNR8722768783,Success,CID363713,Prime Plus,Basavanagudi,Shantinagar,224.0,85.0,Not Applicable,Not Applicable,No,Not Applicable,492,UPI,18,4.3,4.9
2024-07-11 15:23:00,CNR8787931035,Success,CID578647,Prime SUV,Koramangala,Varthur,252.0,115.0,Not Applicable,Not Applicable,Yes,Vehicle Breakdown,316,Cash,28,3.2,3.6
2024-07-18 05:47:00,CNR7902565456,Success,CID850521,Mini,Devanahalli,Hosur Road,294.0,30.0,Not Applicable,Not Applicable,No,Not Applicable,385,Cash,22,3.1,3.8
2024-07-30 04:55:00,CNR3429341081,Success,CID901541,Bike,JP Nagar,Bannerghatta Road,266.0,40.0,Not Applicable,Not Applicable,No,Not Applicable,332,Cash,33,3.8,3.5
2024-07-21 17:28:00,CNR2657276290,Success,CID916581,Prime SUV,Sahakar Nagar,BTM Layout,238.0,30.0,Not Applicable,Not Applicable,No,Not Applicable,2156,UPI,27,3.2,3.1
2024-07-13 03:58:00,CNR8401895514,Driver Not Found,CID617563,Auto,Bannerghatta Road,Shantinagar,,,Not Applicable,Not Applicable,Not Applicable,Not Applicable,498,Not Applicable,0,,
2024-07-14 11:36:00,CNR2230452301,Canceled by Driver,CID803202,eBike,Yelahanka,Jayanagar,,,Not Applicable,More than permitted people in there,Not Applicable,Not Applicable,2793,Not Applicable,0,,
2024-07-24 11:22:00,CNR2845245344,Success,CID635975,Auto,MG Road,Shivajinagar,161.0,65.0,Not Applicable,Not Applicable,No,Not Applicable,465,Cash,15,3.7,3.5
2024-07-22 15:18:00,CNR9781700165,Success,CID493968,Prime Sedan,Koramangala,Bannerghatta Road,196.0,50.0,Not Applicable,Not Applicable,No,Not Applicable,552,Cash,33,3.6,3.3
2024-07-03 03:26:00,CNR5578307654,Success,CID983755,Prime Sedan,Banashankari,Yelahanka,63.0,105.0,Not Applicable,Not Applicable,No,Not Applicable,179,UPI,31,3.5,3.1
2024-07-17 09:16:00,CNR7486168134,Success,CID815599,Prime SUV,Yeshwanthpur,Devanahalli,224.0,30.0,Not Applicable,Not Applicable,No,Not Applicable,252,UPI,43,4.1,4.8
2024-07-13 16:34:00,CNR7252039942,Canceled by Driver,CID425322,Bike,JP Nagar,Koramangala,,,Not Applicable,Customer related issue,Not Applicable,Not Applicable,217,Not Applicable,0,,
2024-07-12 11:12:00,CNR8809519138,Driver Not Found,CID743141,Mini,Bannerghatta Road,Koramangala,,,Not Applicable,Not Applicable,Not Applicable,Not Applicable,970,Not Applicable,0,,
2024-07-24 10:48:00,CNR3615938607,Success,CID882095,Prime Sedan,Chamarajpet,Ulsoor,182.0,25.0,Not Applicable,Not Applicable,No,Not Applicable,522,UPI,18,4.3,4.0
2024-07-19 18:44:00,CNR5880225865,Canceled by Customer,CID350997,Prime Sedan,Malleshwaram,Chamarajpet,,,Wrong Address,Not Applicable,Not Applicable,Not Applicable,344,Not Applicable,0,,
2024-07-20 00:30:00,CNR1877488948,Success,CID119915,Bike,KR Puram,Ramamurthy Nagar,56.0,120.0,Not Applicable,Not Applicable,No,Not Applicable,211,Cash,21,3.9,4.4
2024-07-17 09:53:00,CNR8371329533,Success,CID243621,Prime Sedan,Hulimavu,Majestic,273.0,55.0,Not Applicable,Not Applicable,No,Not Applicable,290,Credit Card,7,3.6,4.7
2024-07-08 00:01:00,CNR4323303837,Canceled by Driver,CID996057,Bike,MG Road,Kammanahalli,,,Not Applicable,Customer related issue,Not Applicable,Not Applicable,190,Not Applicable,0,,
2024-07-02 02:32:00,CNR9312188991,Success,CID335080,Prime SUV,Koramangala,Langford Town,287.0,95.0,Not Applicable,Not Applicable,No,Not Applicable,2593,Cash,39,3.9,4.5
2024-07-22 05:26:00,CNR3429069007,Success,CID889482,Prime Plus,Rajarajeshwari Nagar,Yelahanka,203.0,90.0,Not Applicable,Not Applicable,No,Not Applicable,149,UPI,33,4.0,4.3
2024-07-25 09:13:00,CNR6013960967,Driver Not Found,CID716155,Prime SUV,RT Nagar,Electronic City,,,Not Applicable,Not Applicable,Not Applicable,Not Applicable,1901,Not Applicable,0,,
2024-07-02 02:24:00,CNR8218558046,Success,CID158449,eBike,Padmanabhanagar,Peenya,133.0,140.0,Not Applicable,Not Applicable,No,Not Applicable,396,Cash,8,4.0,3.2
2024-07-13 01:27:00,CNR2126021733,Driver Not Found,CID348635,Prime SUV,Indiranagar,Richmond Town,,,Not Applicable,Not Applicable,Not Applicable,Not Applicable,229,Not Applicable,0,,
2024-07-21 09:23:00,CNR9454437280,Canceled by Driver,CID941303,eBike,Nagarbhavi,Langford Town,,,Not Applicable,Personal & Car related issue,Not Applicable,Not Applicable,552,Not Applicable,0,,
2024-07-24 08:24:00,CNR4896271950,Success,CID255223,Bike,Langford Town,Richmond Town,105.0,140.0,Not Applicable,Not Applicable,No,Not Applicable,272,Cash,2,4.4,4.3
2024-07-02 01:39:00,CNR8327746110,Canceled by Driver,CID673381,Bike,Mysore Road,Richmond Town,,,Not Applicable,More than permitted people in there,Not Applicable,Not Applicable,552,Not Applicable,0,,
2024-07-14 05:40:00,CNR5903239216,Success,CID597521,eBike,Rajajinagar,Devanahalli,140.0,50.0,Not Applicable,Not Applicable,No,Not Applicable,293,Cash,43,4.9,3.7
2024-07-12 15:03:00,CNR8904338959,Success,CID252430,eBike,Chamarajpet,Hulimavu,119.0,135.0,Not Applicable,Not Applicable,No,Not Applicable,886,Cash,4,4.5,3.2
2024-07-06 07:22:00,CNR2322388315,Driver Not Found,CID333640,Prime Sedan,KR Puram,Ulsoor,,,Not Applicable,Not Applicable,Not Applicable,Not Applicable,229,Not Applicable,0,,
2024-07-03 12:45:00,CNR6167481950,Success,CID211427,Mini,Banashankari,JP Nagar,294.0,70.0,Not Applicable,Not Applicable,No,Not Applicable,365,UPI,10,4.1,4.2
2024-07-28 09:57:00,CNR2875187382,Success,CID703431,Mini,Kammanahalli,Sarjapur Road,98.0,50.0,Not Applicable,Not Applicable,No,Not Applicable,475,Cash,24,3.3,3.1
2024-07-18 14:50:00,CNR2020829610,Success,CID848240,Mini,Frazer Town,Jayanagar,98.0,145.0,Not Applicable,Not Applicable,No,Not Applicable,977,UPI,9,4.7,4.3
2024-07-04 11:54:00,CNR8558716862,Success,CID903062,Prime Sedan,KR Puram,Whitefield,203.0,45.0,Not Applicable,Not Applicable,No,Not Applicable,236,UPI,40,3.6,3.5
2024-07-03 15:43:00,CNR5170462555,Success,CID572696,Auto,Ulsoor,Cox Town,294.0,90.0,Not Applicable,Not Applicable,No,Not Applicable,2620,UPI,9,3.1,3.7
2024-07-30 16:09:00,CNR2816959461,Canceled by Driver,CID828525,eBike,Magadi Road,Peenya,,,Not Applicable,Customer was coughing/sick,Not Applicable,Not Applicable,904,Not Applicable,0,,
2024-07-21 00:29:00,CNR6377485337,Canceled by Driver,CID117456,Mini,Electronic City,Basavanagudi,,,Not Applicable,Personal & Car related issue,Not Applicable,Not Applicable,432,Not Applicable,0,,
2024-07-10 01:42:00,CNR8929563835,Success,CID125492,Prime Sedan,Koramangala,Devanahalli,196.0,70.0,Not Applicable,Not Applicable,Yes,Customer Demand,376,UPI,5,3.1,3.9
2024-07-30 17:07:00,CNR2373113633,Success,CID793240,eBike,Rajajinagar,Nagarbhavi,42.0,95.0,Not Applicable,Not Applicable,No,Not Applicable,168,Cash,42,4.0,4.9
2024-07-23 02:50:00,CNR8009721162,Success,CID398030,Prime SUV,Jayanagar,Magadi Road,266.0,75.0,Not Applicable,Not Applicable,No,Not Applicable,2319,Cash,48,4.3,3.1
2024-07-02 10:47:00,CNR2124139358,Canceled by Driver,CID498021,Mini,Majestic,Cox Town,,,Not Applicable,Personal & Car related issue,Not Applicable,Not Applicable,296,Not Applicable,0,,
2024-07-13 16:30:00,CNR3258722288,Canceled by Driver,CID365338,Prime Sedan,Hebbal,Rajajinagar,,,Not Applicable,Personal & Car related issue,Not Applicable,Not Applicable,766,Not Applicable,0,,
2024-07-11 17:39:00,CNR4284025708,Success,CID799615,Bike,Shantinagar,Bannerghatta Road,126.0,105.0,Not Applicable,Not Applicable,Yes,Other Issue,454,UPI,33,3.6,3.7
2024-07-12 21:38:00,CNR8609590967,Canceled by Driver,CID828336,eBike,Koramangala,Mysore Road,,,Not Applicable,More than permitted people in there,Not Applicable,Not Applicable,147,Not Applicable,0,,
2024-07-12 07:22:00,CNR1590156600,Driver Not Found,CID561623,Prime Sedan,Majestic,Padmanabhanagar,,,Not Applicable,Not Applicable,Not Applicable,Not Applicable,105,Not Applicable,0,,
2024-07-25 23:03:00,CNR7045172132,Success,CID106348,Prime SUV,Tumkur Road,JP Nagar,217.0,75.0,Not Applicable,Not Applicable,No,Not Applicable,315,UPI,6,3.8,4.9
2024-07-26 19:24:00,CNR8932058353,Success,CID874273,Auto,Ulsoor,HSR Layout,266.0,115.0,Not Applicable,Not Applicable,No,Not Applicable,617,UPI,19,3.9,4.2
2024-07-24 06:10:00,CNR9017539863,Success,CID450974,eBike,Electronic City,Majestic,161.0,25.0,Not Applicable,Not Applicable,No,Not Applicable,118,UPI,4,3.9,4.3
2024-07-12 13:01:00,CNR7841107785,Driver Not Found,CID148306,Mini,Ulsoor,Hosur Road,,,Not Applicable,Not Applicable,Not Applicable,Not Applicable,851,Not Applicable,0,,
2024-07-13 21:24:00,CNR2814785543,Success,CID628984,eBike,Bannerghatta Road,Kammanahalli,217.0,50.0,Not Applicable,Not Applicable,No,Not Applicable,419,UPI,24,4.2,3.2
2024-07-27 17:21:00,CNR7282134412,Success,CID767729,Bike,Bellandur,Hulimavu,175.0,130.0,Not Applicable,Not Applicable,No,Not Applicable,125,Cash,33,3.1,4.0
2024-07-05 11:15:00,CNR9865791733,Success,CID847838,eBike,Hulimavu,KR Puram,217.0,105.0,Not Applicable,Not Applicable,No,Not Applicable,107,UPI,27,3.9,3.8
2024-07-21 20:15:00,CNR8884947098,Success,CID908708,Prime Sedan,Whitefield,Sarjapur Road,70.0,85.0,Not Applicable,Not Applicable,No,Not Applicable,150,UPI,6,4.5,4.1
2024-07-21 07:38:00,CNR7935930294,Success,CID255272,Mini,Indiranagar,KR Puram,168.0,135.0,Not Applicable,Not Applicable,No,Not Applicable,403,UPI,34,4.8,3.9
2024-07-29 12:53:00,CNR6966965170,Canceled by Customer,CID754350,Mini,Langford Town,Ulsoor,,,Change of plans,Not Applicable,Not Applicable,Not Applicable,263,Not Applicable,0,,
2024-07-16 02:07:00,CNR5054173265,Success,CID982149,eBike,Electronic City,Yeshwanthpur,203.0,125.0,Not Applicable,Not Applicable,No,Not Applicable,346,Cash,5,3.2,4.7
2024-07-04 18:22:00,CNR9162671382,Success,CID755401,eBike,Banashankari,Magadi Road,161.0,70.0,Not Applicable,Not Applicable,No,Not Applicable,191,Cash,31,3.3,3.3
2024-07-05 05:50:00,CNR1074343331,Success,CID228322,eBike,MG Road,Electronic City,161.0,90.0,Not Applicable,Not Applicable,No,Not Applicable,352,UPI,13,4.8,3.8
2024-07-29 19:56:00,CNR1345386574,Success,CID496542,Auto,KR Puram,Hebbal,42.0,105.0,Not Applicable,Not Applicable,No,Not Applicable,629,Cash,5,3.3,4.9
2024-07-13 01:17:00,CNR9618133240,Success,CID286959,Prime Plus,MG Road,Shivajinagar,119.0,35.0,Not Applicable,Not Applicable,No,Not Applicable,137,UPI,4,4.0,4.8
2024-07-23 11:49:00,CNR7591145104,Success,CID486346,Auto,Langford Town,Chamarajpet,154.0,85.0,Not Applicable,Not Applicable,No,Not Applicable,474,Cash,8,3.8,4.1
2024-07-01 19:12:00,CNR6300105645,Success,CID199602,eBike,Chickpet,Magadi Road,294.0,85.0,Not Applicable,Not Applicable,Yes,Other Issue,300,UPI,22,4.6,5.0
2024-07-30 03:55:00,CNR5909401061,Success,CID724354,Prime Plus,Koramangala,Varthur,259.0,145.0,Not Applicable,Not Applicable,No,Not Applicable,370,UPI,42,4.8,4.2
2024-07-27 14:58:00,CNR9514728740,Success,CID784668,Auto,Langford Town,Sahakar Nagar,70.0,95.0,Not Applicable,Not Applicable,No,Not Applicable,161,Cash,14,3.3,4.1
2024-07-14 14:50:00,CNR2114231920,Canceled by Driver,CID456412,Bike,Tumkur Road,Bannerghatta Road,,,Not Applicable,Personal & Car related issue,Not Applicable,Not Applicable,736,Not Applicable,0,,
2024-07-27 18:32:00,CNR3022269253,Success,CID490584,eBike,Majestic,Sahakar Nagar,77.0,105.0,Not Applicable,Not Applicable,No,Not Applicable,151,UPI,19,3.5,3.3
2024-07-15 02:18:00,CNR4324179424,Driver Not Found,CID257095,Prime Sedan,Hebbal,Padmanabhanagar,,,Not Applicable,Not Applicable,Not Applicable,Not Applicable,727,Not Applicable,0,,
2024-07-25 20:42:00,CNR7923744148,Success,CID604781,Auto,Varthur,Chickpet,301.0,85.0,Not Applicable,Not Applicable,No,Not Applicable,359,UPI,17,4.7,4.2
2024-07-07 10:46:00,CNR4891467670,Success,CID777345,Prime Sedan,Vijayanagar,Shivajinagar,63.0,105.0,Not Applicable,Not Applicable,No,Not Applicable,2489,Cash,22,3.8,4.6
2024-07-29 19:49:00,CNR2263852049,Canceled by Driver,CID318787,Bike,Basavanagudi,Shivajinagar,,,Not Applicable,Customer related issue,Not Applicable,Not Applicable,412,Not Applicable,0,,
2024-07-14 14:34:00,CNR7768849095,Success,CID749667,Auto,Nagarbhavi,Whitefield,77.0,140.0,Not Applicable,Not Applicable,No,Not Applicable,639,UPI,11,4.4,3.1
2024-07-03 12:02:00,CNR2297172199,Success,CID864361,Prime SUV,Chamarajpet,Yeshwanthpur,105.0,85.0,Not Applicable,Not Applicable,No,Not Applicable,422,Cash,25,3.8,3.8
2024-07-07 05:41:00,CNR9228122211,Canceled by Driver,CID994244,eBike,Langford Town,Yelahanka,,,Not Applicable,More than permitted people in there,Not Applicable,Not Applicable,122,Not Applicable,0,,
2024-07-30 10:18:00,CNR8585977645,Success,CID246827,Mini,Padmanabhanagar,Mysore Road,126.0,35.0,Not Applicable,Not Applicable,Yes,Vehicle Breakdown,153,Cash,49,3.1,4.2
2024-07-30 12:47:00,CNR7792376153,Canceled by Customer,CID114469,Auto,JP Nagar,Marathahalli,,,Driver is not moving towards pickup location,Not Applicable,Not Applicable,Not Applicable,769,Not Applicable,0,,
2024-07-14 18:28:00,CNR7448812038,Canceled by Driver,CID356975,Prime Sedan,Yeshwanthpur,Majestic,,,Not Applicable,Personal & Car related issue,Not Applicable,Not Applicable,2204,Not Applicable,0,,
2024-07-17 19:49:00,CNR6070906888,Success,CID443338,Bike,Ramamurthy Nagar,Majestic,91.0,50.0,Not Applicable,Not Applicable,No,Not Applicable,217,UPI,48,3.7,3.7
2024-07-10 06:56:00,CNR3823830502,Canceled by Customer,CID999313,Bike,Rajarajeshwari Nagar,Magadi Road,,,Change of plans,Not Applicable,Not Applicable,Not Applicable,334,Not Applicable,0,,
2024-07-30 17:02:00,CNR2483096624,Driver Not Found,CID659872,eBike,Shivajinagar,Yelahanka,,,Not Applicable,Not Applicable,Not Applicable,Not Applicable,129,Not Applicable,0,,
2024-07-27 11:26:00,CNR7517775648,Success,CID230846,Prime Sedan,HSR Layout,Koramangala,266.0,30.0,Not Applicable,Not Applicable,No,Not Applicable,380,Cash,39,4.4,4.9
2024-07-22 08:43:00,CNR8236048985,Success,CID144016,eBike,Rajajinagar,Ulsoor,259.0,120.0,Not Applicable,Not Applicable,No,Not Applicable,1869,Cash,32,4.8,4.5
2024-07-07 00:52:00,CNR2153457546,Canceled by Customer,CID475793,Mini,Jayanagar,Marathahalli,,,Change of plans,Not Applicable,Not Applicable,Not Applicable,316,Not Applicable,0,,
2024-07-10 22:33:00,CNR6085564576,Success,CID435383,Auto,JP Nagar,Rajajinagar,224.0,85.0,Not Applicable,Not Applicable,No,Not Applicable,230,Cash,1,4.1,3.8
2024-07-19 15:57:00,CNR2042348655,Success,CID496608,Auto,Banashankari,BTM Layout,189.0,60.0,Not Applicable,Not Applicable,No,Not Applicable,557,Credit Card,12,3.0,3.9
2024-07-01 15:47:00,CNR2607088172,Success,CID295180,Mini,Bannerghatta Road,MG Road,119.0,65.0,Not Applicable,Not Applicable,No,Not Applicable,206,Cash,26,4.3,3.7
2024-07-18 09:33:00,CNR7991987570,Driver Not Found,CID920897,Prime Plus,Malleshwaram,Hulimavu,,,Not Applicable,Not Applicable,Not Applicable,Not Applicable,164,Not Applicable,0,,
2024-07-27 03:40:00,CNR5430661197,Driver Not Found,CID467775,eBike,Indiranagar,JP Nagar,,,Not Applicable,Not Applicable,Not Applicable,Not Applicable,158,Not Applicable,0,,
2024-07-26 21:31:00,CNR1016733747,Success,CID934985,Auto,Basavanagudi,MG Road,147.0,35.0,Not Applicable,Not Applicable,No,Not Applicable,415,Cash,11,3.0,3.1
2024-07-17 21:32:00,CNR8940156394,Canceled by Customer,CID712977,Auto,Bellandur,Sahakar Nagar,,,Driver is not moving towards pickup location,Not Applicable,Not Applicable,Not Applicable,264,Not Applicable,0,,
2024-07-01 06:17:00,CNR8323876884,Success,CID433872,Prime Plus,Kengeri,Shivajinagar,231.0,95.0,Not Applicable,Not Applicable,No,Not Applicable,493,Cash,32,4.9,3.1
2024-07-04 09:04:00,CNR6626669893,Success,CID701090,Prime Plus,Richmond Town,Electronic City,238.0,120.0,Not Applicable,Not Applicable,No,Not Applicable,449,UPI,23,4.9,4.1
2024-07-12 08:48:00,CNR4831374199,Success,CID107281,Prime Sedan,Vijayanagar,Magadi Road,238.0,55.0,Not Applicable,Not Applicable,No,Not Applicable,401,UPI,48,4.4,4.6
2024-07-13 17:12:00,CNR2649445213,Success,CID106501,Prime Sedan,RT Nagar,KR Puram,70.0,135.0,Not Applicable,Not Applicable,No,Not Applicable,360,Cash,49,3.4,3.3
2024-07-15 15:00:00,CNR1209377177,Canceled by Driver,CID993046,Prime Sedan,Devanahalli,Vijayanagar,,,Not Applicable,Customer was coughing/sick,Not Applicable,Not Applicable,179,Not Applicable,0,,
2024-07-26 07:34:00,CNR5631856790,Success,CID123104,eBike,KR Puram,Hebbal,77.0,125.0,Not Applicable,Not Applicable,No,Not Applicable,629,Cash,31,3.8,5.0
2024-07-13 14:57:00,CNR9295722519,Canceled by Driver,CID208841,Prime Plus,Yelahanka,RT Nagar,,,Not Applicable,Customer related issue,Not Applicable,Not Applicable,485,Not Applicable,0,,
2024-07-08 21:36:00,CNR6266123568,Success,CID686535,eBike,Malleshwaram,Yeshwanthpur,196.0,130.0,Not Applicable,Not Applicable,Yes,Customer Demand,147,Cash,11,3.0,3.4
2024-07-14 05:13:00,CNR4425758823,Success,CID229219,Prime SUV,Tumkur Road,Hennur,98.0,130.0,Not Applicable,Not Applicable,No,Not Applicable,444,Cash,4,4.3,4.3
2024-07-16 20:38:00,CNR4762609895,Success,CID976017,Prime Plus,Hennur,Basavanagudi,63.0,135.0,Not Applicable,Not Applicable,No,Not Applicable,412,UPI,46,5.0,3.8
2024-07-20 04:44:00,CNR3555725801,Success,CID122827,eBike,Vijayanagar,Whitefield,189.0,35.0,Not Applicable,Not Applicable,No,Not Applicable,458,Credit Card,43,3.5,3.1
2024-07-12 13:48:00,CNR3505650560,Canceled by Driver,CID476410,Mini,Malleshwaram,Magadi Road,,,Not Applicable,Customer was coughing/sick,Not Applicable,Not Applicable,322,Not Applicable,0,,
2024-07-05 09:38:00,CNR9758066971,Canceled by Driver,CID462794,eBike,Hennur,BTM Layout,,,Not Applicable,More than permitted people in there,Not Applicable,Not Applicable,2959,Not Applicable,0,,
2024-07-29 18:40:00,CNR7271206058,Canceled by Driver,CID127906,eBike,Marathahalli,KR Puram,,,Not Applicable,Personal & Car related issue,Not Applicable,Not Applicable,2242,Not Applicable,0,,
2024-07-01 10:16:00,CNR1045360927,Driver Not Found,CID483998,Prime Sedan,Whitefield,Shivajinagar,,,Not Applicable,Not Applicable,Not Applicable,Not Applicable,130,Not Applicable,0,,
2024-07-02 07:56:00,CNR5689448926,Success,CID661487,Prime Plus,Jayanagar,Indiranagar,217.0,55.0,Not Applicable,Not Applicable,No,Not Applicable,835,Cash,47,4.0,3.7
2024-07-30 12:33:00,CNR1620166184,Success,CID156705,Prime Sedan,Basavanagudi,Shivajinagar,301.0,70.0,Not Applicable,Not Applicable,Yes,Vehicle Breakdown,473,UPI,44,4.1,4.0
2024-07-16 09:24:00,CNR8539602001,Success,CID123861,Auto,Kadugodi,JP Nagar,224.0,120.0,Not Applicable,Not Applicable,No,Not Applicable,157,UPI,2,4.3,3.4
2024-07-04 14:52:00,CNR7606229416,Success,CID752439,Prime Sedan,Nagarbhavi,Hulimavu,182.0,105.0,Not Applicable,Not Applicable,No,Not Applicable,2443,UPI,30,3.3,3.0
2024-07-06 02:58:00,CNR3678102333,Success,CID416288,Prime Plus,Mysore Road,MG Road,140.0,25.0,Not Applicable,Not Applicable,No,Not Applicable,454,Cash,21,4.3,3.9
2024-07-09 22:47:00,CNR1204995040,Success,CID609917,Prime Sedan,JP Nagar,HSR Layout,175.0,80.0,Not Applicable,Not Applicable,No,Not Applicable,335,Cash,10,4.4,4.7
2024-07-09 09:18:00,CNR5878335741,Canceled by Driver,CID703799,eBike,RT Nagar,Hennur,,,Not Applicable,Customer related issue,Not Applicable,Not Applicable,955,Not Applicable,0,,
2024-07-30 03:11:00,CNR5794243842,Canceled by Customer,CID628597,Auto,Hosur Road,Koramangala,,,Wrong Address,Not Applicable,Not Applicable,Not Applicable,720,Not Applicable,0,,
2024-07-29 12:23:00,CNR5007500203,Success,CID243093,Prime SUV,Cox Town,MG Road,49.0,60.0,Not Applicable,Not Applicable,No,Not Applicable,356,UPI,14,3.1,4.9
2024-07-27 12:02:00,CNR8075759955,Driver Not Found,CID931173,Mini,Bannerghatta Road,Majestic,,,Not Applicable,Not Applicable,Not Applicable,Not Applicable,164,Not Applicable,0,,
2024-07-08 10:47:00,CNR9868287005,Driver Not Found,CID587933,Bike,Jayanagar,Banashankari,,,Not Applicable,Not Applicable,Not Applicable,Not Applicable,208,Not Applicable,0,,
2024-07-07 23:27:00,CNR9274643285,Success,CID359877,eBike,Malleshwaram,Bannerghatta Road,112.0,75.0,Not Applicable,Not Applicable,No,Not Applicable,139,UPI,10,3.4,4.7
2024-07-05 22:27:00,CNR3412768928,Success,CID208651,Prime SUV,HSR Layout,Magadi Road,133.0,105.0,Not Applicable,Not Applicable,No,Not Applicable,785,Cash,28,4.7,4.0
2024-07-06 17:04:00,CNR5893759171,Success,CID538436,Prime SUV,Frazer Town,Vijayanagar,98.0,140.0,Not Applicable,Not Applicable,No,Not Applicable,159,UPI,33,3.1,3.2
2024-07-11 00:25:00,CNR3864271815,Success,CID237557,Prime Sedan,Cox Town,BTM Layout,154.0,85.0,Not Applicable,Not Applicable,No,Not Applicable,290,UPI,32,3.3,3.9
2024-07-09 09:48:00,CNR9878659377,Success,CID311415,Auto,Sahakar Nagar,Jayanagar,217.0,50.0,Not Applicable,Not Applicable,No,Not Applicable,409,UPI,16,3.3,4.8
2024-07-01 04:53:00,CNR5423109708,Canceled by Customer,CID800277,Auto,Koramangala,Marathahalli,,,AC is Not working,Not Applicable,Not Applicable,Not Applicable,370,Not Applicable,0,,
2024-07-24 07:21:00,CNR8005996681,Success,CID811263,Bike,Chickpet,Sahakar Nagar,77.0,25.0,Not Applicable,Not Applicable,No,Not Applicable,154,UPI,17,3.4,4.5
2024-07-15 08:07:00,CNR2591805674,Success,CID153026,Prime Plus,Shantinagar,Richmond Town,217.0,95.0,Not Applicable,Not Applicable,No,Not Applicable,153,UPI,24,4.0,4.0
2024-07-23 00:53:00,CNR3183917931,Success,CID327731,Auto,Nagarbhavi,Peenya,308.0,35.0,Not Applicable,Not Applicable,No,Not Applicable,182,UPI,15,4.8,3.6
2024-07-08 20:13:00,CNR5745794407,Success,CID498769,Auto,Vijayanagar,Hosur Road,266.0,60.0,Not Applicable,Not Applicable,No,Not Applicable,217,UPI,3,3.6,3.7
2024-07-06 06:53:00,CNR6611200575,Success,CID279728,Prime SUV,Yelahanka,Marathahalli,133.0,75.0,Not Applicable,Not Applicable,No,Not Applicable,377,UPI,4,3.5,4.4
2024-07-20 20:32:00,CNR1586961177,Success,CID833129,eBike,Malleshwaram,Vijayanagar,266.0,35.0,Not Applicable,Not Applicable,No,Not Applicable,112,UPI,17,3.8,4.6
2024-07-15 20:38:00,CNR4379531890,Success,CID480632,Mini,Shantinagar,RT Nagar,42.0,70.0,Not Applicable,Not Applicable,Yes,Other Issue,162,Cash,44,3.3,4.5
2024-07-01 20:57:00,CNR3409954324,Canceled by Driver,CID507469,Prime SUV,Cox Town,JP Nagar,,,Not Applicable,Personal & Car related issue,Not Applicable,Not Applicable,798,Not Applicable,0,,
2024-07-01 15:14:00,CNR4356445734,Success,CID813448,Prime Sedan,Tumkur Road,Langford Town,119.0,35.0,Not Applicable,Not Applicable,No,Not Applicable,194,UPI,12,3.1,4.8
2024-07-12 21:10:00,CNR3482959814,Success,CID114335,Prime SUV,Banashankari,Hebbal,105.0,55.0,Not Applicable,Not Applicable,No,Not Applicable,112,Cash,25,3.8,3.7
2024-07-13 17:34:00,CNR2198810034,Canceled by Driver,CID312530,Prime Plus,MG Road,Electronic City,,,Not Applicable,More than permitted people in there,Not Applicable,Not Applicable,122,Not Applicable,0,,
2024-07-27 07:36:00,CNR1305053438,Success,CID283898,Mini,Malleshwaram,Bannerghatta Road,301.0,25.0,Not Applicable,Not Applicable,No,Not Applicable,2335,UPI,16,4.7,3.1
2024-07-17 19:22:00,CNR9132309903,Success,CID697270,eBike,Langford Town,Frazer Town,175.0,100.0,Not Applicable,Not Applicable,No,Not Applicable,162,Cash,44,4.0,4.2
2024-07-23 09:55:00,CNR8448228827,Driver Not Found,CID996262,Prime Plus,Sarjapur Road,Basavanagudi,,,Not Applicable,Not Applicable,Not Applicable,Not Applicable,274,Not Applicable,0,,
2024-07-05 20:44:00,CNR9259869770,Success,CID223982,Prime Sedan,Kammanahalli,Malleshwaram,161.0,70.0,Not Applicable,Not Applicable,No,Not Applicable,296,Cash,9,3.9,4.0
2024-07-03 17:34:00,CNR2181821705,Canceled by Driver,CID244659,Bike,Nagarbhavi,Kengeri,,,Not Applicable,More than permitted people in there,Not Applicable,Not Applicable,929,Not Applicable,0,,
2024-07-13 18:07:00,CNR2409874912,Success,CID571664,Auto,Nagarbhavi,HSR Layout,56.0,35.0,Not Applicable,Not Applicable,No,Not Applicable,723,Cash,11,3.7,4.3
2024-07-27 16:36:00,CNR4402619437,Success,CID669040,eBike,Ramamurthy Nagar,Banashankari,154.0,110.0,Not Applicable,Not Applicable,No,Not Applicable,165,UPI,1,4.2,4.7
2024-07-27 13:46:00,CNR2701561207,Success,CID674627,Prime SUV,Vijayanagar,Koramangala,49.0,100.0,Not Applicable,Not Applicable,No,Not Applicable,2565,Debit Card,14,3.0,4.7
2024-07-15 05:25:00,CNR7886582130,Driver Not Found,CID407193,Mini,Shantinagar,Electronic City,,,Not Applicable,Not Applicable,Not Applicable,Not Applicable,332,Not Applicable,0,,
2024-07-09 03:26:00,CNR7193501529,Canceled by Driver,CID452312,Mini,Yeshwanthpur,Hulimavu,,,Not Applicable,More than permitted people in there,Not Applicable,Not Applicable,466,Not Applicable,0,,
2024-07-03 03:42:00,CNR9558455475,Success,CID393067,Prime Sedan,Ramamurthy Nagar,Nagarbhavi,49.0,125.0,Not Applicable,Not Applicable,No,Not Applicable,377,Cash,42,4.4,3.1
2024-07-27 00:21:00,CNR9514612986,Success,CID529240,Prime Sedan,Devanahalli,MG Road,49.0,80.0,Not Applicable,Not Applicable,No,Not Applicable,1833,UPI,49,4.4,4.0
2024-07-13 18:19:00,CNR7195570661,Driver Not Found,CID527975,Bike,Padmanabhanagar,Langford Town,,,Not Applicable,Not Applicable,Not Applicable,Not Applicable,282,Not Applicable,0,,
2024-07-06 17:02:00,CNR7416042673,Success,CID621430,eBike,Cox Town,Shivajinagar,112.0,90.0,Not Applicable,Not Applicable,No,Not Applicable,344,UPI,1,4.2,4.6
2024-07-12 21:13:00,CNR3009947457,Driver Not Found,CID402975,Mini,Bannerghatta Road,Ramamurthy Nagar,,,Not Applicable,Not Applicable,Not Applicable,Not Applicable,895,Not Applicable,0,,
2024-07-23 19:25:00,CNR4659669211,Success,CID221276,Bike,Kengeri,Yeshwanthpur,91.0,70.0,Not Applicable,Not Applicable,No,Not Applicable,123,UPI,10,3.5,4.9
2024-07-14 06:33:00,CNR7392881221,Driver Not Found,CID167755,Prime SUV,Banashankari,Vijayanagar,,,Not Applicable,Not Applicable,Not Applicable,Not Applicable,109,Not Applicable,0,,
2024-07-18 14:12:00,CNR6568093034,Success,CID368142,Prime SUV,Hulimavu,BTM Layout,84.0,50.0,Not Applicable,Not Applicable,No,Not Applicable,112,Cash,35,3.9,4.2
2024-07-28 11:02:00,CNR7208185747,Canceled by Driver,CID227768,Auto,BTM Layout,Devanahalli,,,Not Applicable,Personal & Car related issue,Not Applicable,Not Applicable,331,Not Applicable,0,,
2024-07-09 05:33:00,CNR1976631471,Driver Not Found,CID162411,eBike,Richmond Town,Electronic City,,,Not Applicable,Not Applicable,Not Applicable,Not Applicable,880,Not Applicable,0,,
2024-07-05 17:16:00,CNR3185598353,Success,CID195243,Prime Plus,Shantinagar,JP Nagar,168.0,85.0,Not Applicable,Not Applicable,No,Not Applicable,257,Cash,45,3.8,4.4
2024-07-23 21:18:00,CNR2183400191,Canceled by Customer,CID317184,Auto,Banashankari,Yelahanka,,,Change of plans,Not Applicable,Not Applicable,Not Applicable,819,Not Applicable,0,,
2024-07-20 14:43:00,CNR5468044532,Canceled by Driver,CID632283,Prime SUV,Ramamurthy Nagar,Banashankari,,,Not Applicable,Personal & Car related issue,Not Applicable,Not Applicable,300,Not Applicable,0,,
2024-07-22 23:03:00,CNR5521932075,Success,CID489974,Prime Plus,Rajajinagar,Ramamurthy Nagar,245.0,120.0,Not Applicable,Not Applicable,No,Not Applicable,367,Cash,32,4.0,3.7
2024-07-24 05:48:00,CNR1363066081,Driver Not Found,CID976773,Mini,Bannerghatta Road,Shantinagar,,,Not Applicable,Not Applicable,Not Applicable,Not Applicable,1698,Not Applicable,0,,
2024-07-01 20:42:00,CNR8708956576,Success,CID168336,eBike,Hosur Road,Chickpet,126.0,135.0,Not Applicable,Not Applicable,No,Not Applicable,116,Debit Card,33,4.5,4.6
2024-07-17 05:17:00,CNR7690925033,Success,CID242222,Bike,MG Road,Frazer Town,147.0,25.0,Not Applicable,Not Applicable,No,Not Applicable,252,Cash,28,4.1,4.0
2024-07-28 09:30:00,CNR7752818280,Success,CID961801,Prime Sedan,Devanahalli,Hosur Road,105.0,50.0,Not Applicable,Not Applicable,No,Not Applicable,592,Cash,9,3.5,4.3
2024-07-05 20:34:00,CNR9493647534,Canceled by Driver,CID953011,eBike,Malleshwaram,Hennur,,,Not Applicable,Customer related issue,Not Applicable,Not Applicable,451,Not Applicable,0,,
2024-07-26 14:13:00,CNR3534281717,Success,CID371793,Bike,Yelahanka,Kengeri,210.0,65.0,Not Applicable,Not Applicable,No,Not Applicable,469,Cash,49,4.5,3.9
2024-07-20 17:05:00,CNR2276185860,Canceled by Driver,CID522120,Bike,Banashankari,Marathahalli,,,Not Applicable,Customer related issue,Not Applicable,Not Applicable,410,Not Applicable,0,,
2024-07-28 04:59:00,CNR3994531669,Canceled by Customer,CID157803,Prime SUV,Mysore Road,Devanahalli,,,AC is Not working,Not Applicable,Not Applicable,Not Applicable,138,Not Applicable,0,,
2024-07-13 00:39:00,CNR2864766285,Success,CID198762,Prime Sedan,Ulsoor,Tumkur Road,252.0,115.0,Not Applicable,Not Applicable,No,Not Applicable,767,Cash,32,4.6,4.3
2024-07-08 15:01:00,CNR2951560370,Success,CID921419,Prime Sedan,Basavanagudi,Yelahanka,245.0,25.0,Not Applicable,Not Applicable,No,Not Applicable,1759,Cash,7,4.4,3.9
2024-07-20 08:22:00,CNR5644233777,Success,CID496544,Mini,Majestic,Hennur,63.0,95.0,Not Applicable,Not Applicable,No,Not Applicable,434,UPI,27,3.2,3.5
2024-07-29 08:49:00,CNR3692700543,Success,CID137301,Auto,Yeshwanthpur,Langford Town,175.0,65.0,Not Applicable,Not Applicable,No,Not Applicable,1896,Cash,19,4.4,3.4
2024-07-19 18:55:00,CNR7925168870,Driver Not Found,CID555790,Auto,Peenya,Basavanagudi,,,Not Applicable,Not Applicable,Not Applicable,Not Applicable,392,Not Applicable,0,,
2024-07-23 12:55:00,CNR1004654136,Success,CID784785,Mini,Basavanagudi,Basavanagudi,84.0,120.0,Not Applicable,Not Applicable,No,Not Applicable,167,UPI,41,3.6,4.5
2024-07-25 23:07:00,CNR7332223073,Success,CID876952,Prime SUV,Sarjapur Road,Ramamurthy Nagar,196.0,140.0,Not Applicable,Not Applicable,Yes,Customer Demand,137,Cash,12,4.5,3.6
2024-07-12 22:26:00,CNR1089590391,Success,CID277721,Bike,Kammanahalli,Nagarbhavi,105.0,120.0,Not Applicable,Not Applicable,No,Not Applicable,556,Cash,20,3.3,4.7
2024-07-30 08:32:00,CNR6515997310,Success,CID418756,Prime Sedan,Shivajinagar,Kadugodi,126.0,115.0,Not Applicable,Not Applicable,No,Not Applicable,542,Cash,4,3.1,4.0
2024-07-15 00:10:00,CNR9786280829,Success,CID609797,Auto,Cox Town,Richmond Town,175.0,85.0,Not Applicable,Not Applicable,No,Not Applicable,342,UPI,18,4.2,4.6
2024-07-12 10:40:00,CNR5779778086,Canceled by Driver,CID318936,eBike,Padmanabhanagar,Shivajinagar,,,Not Applicable,Customer was coughing/sick,Not Applicable,Not Applicable,150,Not Applicable,0,,
2024-07-23 13:20:00,CNR4546602938,Canceled by Customer,CID979713,Mini,Basavanagudi,RT Nagar,,,Change of plans,Not Applicable,Not Applicable,Not Applicable,451,Not Applicable,0,,
2024-07-10 11:33:00,CNR2750303010,Canceled by Driver,CID691976,Prime Plus,Yelahanka,Ulsoor,,,Not Applicable,Personal & Car related issue,Not Applicable,Not Applicable,154,Not Applicable,0,,
2024-07-02 08:31:00,CNR5863649958,Canceled by Customer,CID979930,Auto,Electronic City,Bellandur,,,Driver asked to cancel,Not Applicable,Not Applicable,Not Applicable,774,Not Applicable,0,,
2024-07-26 11:10:00,CNR8949630757,Driver Not Found,CID145084,Bike,Frazer Town,Sarjapur Road,,,Not Applicable,Not Applicable,Not Applicable,Not Applicable,855,Not Applicable,0,,
2024-07-12 03:26:00,CNR5977513913,Success,CID851440,Auto,BTM Layout,Hennur,189.0,55.0,Not Applicable,Not Applicable,No,Not Applicable,385,UPI,15,4.0,4.9
2024-07-18 20:41:00,CNR7669993649,Canceled by Driver,CID391754,Prime Sedan,Basavanagudi,Chamarajpet,,,Not Applicable,Personal & Car related issue,Not Applicable,Not Applicable,287,Not Applicable,0,,
2024-07-11 07:58:00,CNR2237636585,Driver Not Found,CID788074,Auto,Malleshwaram,Rajarajeshwari Nagar,,,Not Applicable,Not Applicable,Not Applicable,Not Applicable,403,Not Applicable,0,,
2024-07-17 11:51:00,CNR1087963557,Success,CID747724,eBike,Chickpet,Malleshwaram,273.0,50.0,Not Applicable,Not Applicable,No,Not Applicable,243,Debit Card,25,3.7,4.7
2024-07-26 06:29:00,CNR9081021784,Success,CID500664,eBike,KR Puram,Vijayanagar,35.0,120.0,Not Applicable,Not Applicable,No,Not Applicable,430,Cash,37,3.9,4.3
2024-07-02 16:05:00,CNR5258372986,Success,CID707423,Bike,KR Puram,Tumkur Road,175.0,80.0,Not Applicable,Not Applicable,No,Not Applicable,148,Cash,18,4.1,4.8
2024-07-08 07:56:00,CNR5203872841,Success,CID176732,eBike,Padmanabhanagar,Ulsoor,77.0,65.0,Not Applicable,Not Applicable,No,Not Applicable,436,Cash,13,4.6,3.4
2024-07-02 16:43:00,CNR1524734468,Success,CID108113,Prime Plus,Bannerghatta Road,Hennur,203.0,30.0,Not Applicable,Not Applicable,No,Not Applicable,184,Cash,41,3.4,3.7
2024-07-29 13:53:00,CNR4886513383,Canceled by Customer,CID236021,Prime Plus,Yelahanka,Varthur,,,Driver asked to cancel,Not Applicable,Not Applicable,Not Applicable,139,Not Applicable,0,,
2024-07-19 19:32:00,CNR2580994051,Canceled by Driver,CID329324,Prime Sedan,Yelahanka,Marathahalli,,,Not Applicable,Customer was coughing/sick,Not Applicable,Not Applicable,897,Not Applicable,0,,
2024-07-07 09:15:00,CNR9579523025,Success,CID589773,Prime Plus,Sahakar Nagar,Cox Town,35.0,50.0,Not Applicable,Not Applicable,No,Not Applicable,301,Cash,33,4.2,3.2
2024-07-24 07:35:00,CNR8518368438,Success,CID974076,Prime SUV,Magadi Road,Vijayanagar,231.0,125.0,Not Applicable,Not Applicable,No,Not Applicable,193,UPI,27,4.7,4.0
2024-07-23 15:11:00,CNR2305670951,Success,CID683963,Prime Plus,Koramangala,Cox Town,70.0,50.0,Not Applicable,Not Applicable,No,Not Applicable,172,UPI,5,4.0,3.0
2024-07-26 05:50:00,CNR7407200389,Driver Not Found,CID788981,Prime SUV,Rajarajeshwari Nagar,Richmond Town,,,Not Applicable,Not Applicable,Not Applicable,Not Applicable,440,Not Applicable,0,,
2024-07-29 17:33:00,CNR2009259693,Canceled by Customer,CID968337,Prime Sedan,RT Nagar,Majestic,,,Change of plans,Not Applicable,Not Applicable,Not Applicable,301,Not Applicable,0,,
2024-07-19 02:44:00,CNR5700474754,Success,CID140871,Mini,Malleshwaram,Hulimavu,175.0,115.0,Not Applicable,Not Applicable,No,Not Applicable,876,Cash,30,4.0,4.4
2024-07-30 05:21:00,CNR6813250861,Success,CID269395,Prime SUV,Padmanabhanagar,Sahakar Nagar,42.0,90.0,Not Applicable,Not Applicable,No,Not Applicable,725,UPI,28,4.2,4.1
2024-07-14 02:27:00,CNR7229420479,Success,CID696512,Auto,Indiranagar,Marathahalli,238.0,30.0,Not Applicable,Not Applicable,No,Not Applicable,177,UPI,10,4.3,3.2
2024-07-05 07:29:00,CNR4972990216,Canceled by Customer,CID582306,Mini,Marathahalli,Vijayanagar,,,AC is Not working,Not Applicable,Not Applicable,Not Applicable,146,Not Applicable,0,,
2024-07-18 04:36:00,CNR9172869235,Success,CID523314,Prime SUV,Hosur Road,Yelahanka,189.0,145.0,Not Applicable,Not Applicable,No,Not Applicable,498,Cash,18,4.2,3.4
2024-07-26 02:39:00,CNR8625050934,Driver Not Found,CID180843,eBike,Rajajinagar,Koramangala,,,Not Applicable,Not Applicable,Not Applicable,Not Applicable,282,Not Applicable,0,,
2024-07-10 17:44:00,CNR9727572828,Success,CID273634,eBike,RT Nagar,Yelahanka,91.0,115.0,Not Applicable,Not Applicable,No,Not Applicable,449,Cash,4,3.3,3.7
2024-07-30 15:21:00,CNR1803979992,Success,CID201756,eBike,Hosur Road,Cox Town,91.0,60.0,Not Applicable,Not Applicable,No,Not Applicable,261,Cash,38,4.9,3.9
2024-07-17 19:24:00,CNR7511424356,Success,CID152243,Prime Plus,Electronic City,Indiranagar,217.0,55.0,Not Applicable,Not Applicable,No,Not Applicable,796,Cash,47,3.1,4.1
2024-07-17 23:04:00,CNR4923068090,Success,CID505867,Mini,Chamarajpet,Richmond Town,91.0,115.0,Not Applicable,Not Applicable,No,Not Applicable,657,Cash,16,4.8,3.4
2024-07-03 07:20:00,CNR5664431285,Success,CID632629,eBike,Rajarajeshwari Nagar,Padmanabhanagar,42.0,105.0,Not Applicable,Not Applicable,No,Not Applicable,110,Cash,49,4.4,3.7
2024-07-04 06:23:00,CNR6963292778,Success,CID593353,Prime Plus,Whitefield,Hennur,259.0,25.0,Not Applicable,Not Applicable,No,Not Applicable,707,Cash,8,3.0,4.4
2024-07-14 06:46:00,CNR6629049929,Canceled by Customer,CID900074,Auto,Yelahanka,BTM Layout,,,Change of plans,Not Applicable,Not Applicable,Not Applicable,141,Not Applicable,0,,
2024-07-26 22:49:00,CNR7842970071,Canceled by Customer,CID766338,Prime Plus,KR Puram,Sarjapur Road,,,Driver is not moving towards pickup location,Not Applicable,Not Applicable,Not Applicable,2874,Not Applicable,0,,
2024-07-23 06:38:00,CNR4433313852,Success,CID955897,eBike,Hosur Road,Yelahanka,98.0,130.0,Not Applicable,Not Applicable,No,Not Applicable,852,Cash,22,4.8,4.3
2024-07-04 01:11:00,CNR1183086544,Canceled by Driver,CID501285,Mini,Mysore Road,Jayanagar,,,Not Applicable,Personal & Car related issue,Not Applicable,Not Applicable,423,Not Applicable,0,,
2024-07-10 04:04:00,CNR6860354657,Driver Not Found,CID385578,Mini,RT Nagar,Mysore Road,,,Not Applicable,Not Applicable,Not Applicable,Not Applicable,433,Not Applicable,0,,
2024-07-09 10:41:00,CNR7749960187,Canceled by Customer,CID518609,Auto,Vijayanagar,Sahakar Nagar,,,Driver asked to cancel,Not Applicable,Not Applicable,Not Applicable,241,Not Applicable,0,,
2024-07-18 23:57:00,CNR4852210872,Success,CID673727,Prime SUV,Richmond Town,Hennur,238.0,75.0,Not Applicable,Not Applicable,No,Not Applicable,395,Cash,5,3.2,4.5
2024-07-03 01:12:00,CNR2140168788,Success,CID615154,Prime SUV,Marathahalli,Ramamurthy Nagar,308.0,85.0,Not Applicable,Not Applicable,No,Not Applicable,904,UPI,32,4.1,4.0
2024-07-24 15:32:00,CNR1143453584,Success,CID839334,Prime Plus,Hebbal,Banashankari,77.0,80.0,Not Applicable,Not Applicable,No,Not Applicable,335,Cash,39,4.4,4.3
2024-07-12 17:48:00,CNR8613195347,Driver Not Found,CID533626,Auto,Bellandur,Ulsoor,,,Not Applicable,Not Applicable,Not Applicable,Not Applicable,477,Not Applicable,0,,
2024-07-08 12:07:00,CNR7303832873,Success,CID491872,Prime Sedan,RT Nagar,JP Nagar,280.0,25.0,Not Applicable,Not Applicable,No,Not Applicable,243,UPI,3,3.5,4.8
2024-07-27 07:23:00,CNR5451422768,Success,CID287265,eBike,Hulimavu,Majestic,231.0,40.0,Not Applicable,Not Applicable,No,Not Applicable,109,UPI,4,4.9,3.9
2024-07-17 15:33:00,CNR1412603359,Canceled by Driver,CID910721,Bike,Ulsoor,Devanahalli,,,Not Applicable,Customer was coughing/sick,Not Applicable,Not Applicable,394,Not Applicable,0,,
2024-07-28 03:21:00,CNR1891877359,Success,CID596048,eBike,Kengeri,BTM Layout,245.0,40.0,Not Applicable,Not Applicable,No,Not Applicable,258,Cash,6,4.4,4.0
2024-07-02 06:55:00,CNR4118347187,Success,CID242247,eBike,BTM Layout,Bannerghatta Road,105.0,70.0,Not Applicable,Not Applicable,No,Not Applicable,211,Cash,39,4.2,4.2
2024-07-14 23:50:00,CNR7046038398,Success,CID261478,Mini,Mysore Road,Ulsoor,126.0,35.0,Not Applicable,Not Applicable,No,Not Applicable,892,Cash,31,4.0,4.2
2024-07-02 23:39:00,CNR5293555854,Success,CID525286,Mini,Peenya,Majestic,308.0,45.0,Not Applicable,Not Applicable,No,Not Applicable,297,Cash,10,3.7,3.2
2024-07-20 22:50:00,CNR8973727633,Canceled by Driver,CID384636,Bike,Bannerghatta Road,HSR Layout,,,Not Applicable,Customer related issue,Not Applicable,Not Applicable,104,Not Applicable,0,,
2024-07-09 05:26:00,CNR7272812960,Success,CID576081,Prime SUV,Indiranagar,Jayanagar,301.0,45.0,Not Applicable,Not Applicable,No,Not Applicable,168,Cash,42,4.5,4.7
2024-07-20 04:54:00,CNR6046286193,Success,CID643782,Prime Sedan,Kammanahalli,Chamarajpet,35.0,25.0,Not Applicable,Not Applicable,No,Not Applicable,135,Cash,37,3.3,5.0
2024-07-18 22:55:00,CNR6147569944,Canceled by Customer,CID665058,Auto,Chickpet,JP Nagar,,,Wrong Address,Not Applicable,Not Applicable,Not Applicable,351,Not Applicable,0,,
2024-07-19 10:43:00,CNR9625904924,Success,CID291461,Prime Plus,Ulsoor,Chamarajpet,161.0,30.0,Not Applicable,Not Applicable,Yes,Customer Demand,289,UPI,27,5.0,3.6
2024-07-10 03:38:00,CNR9681126631,Driver Not Found,CID423280,Bike,Banashankari,Langford Town,,,Not Applicable,Not Applicable,Not Applicable,Not Applicable,125,Not Applicable,0,,
2024-07-16 10:21:00,CNR6141192110,Canceled by Driver,CID582790,eBike,Sarjapur Road,Magadi Road,,,Not Applicable,Customer was coughing/sick,Not Applicable,Not Applicable,839,Not Applicable,0,,
2024-07-16 23:10:00,CNR5020254964,Canceled by Driver,CID345624,eBike,Cox Town,Whitefield,,,Not Applicable,Customer was coughing/sick,Not Applicable,Not Applicable,319,Not Applicable,0,,
2024-07-29 22:15:00,CNR1801187377,Success,CID874808,Bike,Ulsoor,Shivajinagar,308.0,85.0,Not Applicable,Not Applicable,No,Not Applicable,353,UPI,6,4.7,4.4
2024-07-18 18:41:00,CNR9034514122,Canceled by Customer,CID827826,Auto,Frazer Town,Bellandur,,,Driver is not moving towards pickup location,Not Applicable,Not Applicable,Not Applicable,309,Not Applicable,0,,
2024-07-02 15:40:00,CNR6615035623,Success,CID695468,Prime Plus,HSR Layout,Sahakar Nagar,56.0,85.0,Not Applicable,Not Applicable,No,Not Applicable,325,Cash,6,3.6,4.1
2024-07-14 23:20:00,CNR9298476639,Success,CID817521,Bike,Ramamurthy Nagar,Malleshwaram,203.0,115.0,Not Applicable,Not Applicable,No,Not Applicable,410,Cash,46,4.3,3.1
2024-07-29 08:45:00,CNR4984192457,Success,CID175027,Prime Sedan,Electronic City,Shantinagar,308.0,85.0,Not Applicable,Not Applicable,No,Not Applicable,226,Cash,32,4.5,4.3
2024-07-05 14:55:00,CNR5972484658,Success,CID454936,Auto,BTM Layout,Frazer Town,182.0,45.0,Not Applicable,Not Applicable,No,Not Applicable,966,UPI,9,4.9,5.0
2024-07-07 06:22:00,CNR4427627176,Success,CID194593,Prime Sedan,MG Road,Sahakar Nagar,56.0,60.0,Not Applicable,Not Applicable,No,Not Applicable,509,Cash,47,4.6,4.7
2024-07-12 05:02:00,CNR5482774515,Canceled by Customer,CID459112,eBike,Magadi Road,Mysore Road,,,Change of plans,Not Applicable,Not Applicable,Not Applicable,241,Not Applicable,0,,
2024-07-02 12:59:00,CNR6014374847,Canceled by Driver,CID651738,Prime Plus,KR Puram,Shantinagar,,,Not Applicable,Customer related issue,Not Applicable,Not Applicable,860,Not Applicable,0,,
2024-07-25 21:19:00,CNR6029141753,Success,CID916668,eBike,Electronic City,Electronic City,273.0,90.0,Not Applicable,Not Applicable,No,Not Applicable,314,UPI,29,4.7,4.1
2024-07-26 03:29:00,CNR7611738094,Canceled by Customer,CID627020,Prime Sedan,BTM Layout,Electronic City,,,Change of plans,Not Applicable,Not Applicable,Not Applicable,959,Not Applicable,0,,
2024-07-22 13:54:00,CNR9012699306,Success,CID602190,Bike,Ulsoor,Koramangala,273.0,25.0,Not Applicable,Not Applicable,No,Not Applicable,210,UPI,17,3.3,3.5
2024-07-19 10:24:00,CNR9779288757,Success,CID897550,Mini,Whitefield,Hennur,245.0,65.0,Not Applicable,Not Applicable,No,Not Applicable,993,UPI,4,4.2,4.1
2024-07-06 10:34:00,CNR1885501490,Success,CID909048,Bike,Chickpet,Rajajinagar,294.0,110.0,Not Applicable,Not Applicable,No,Not Applicable,711,Cash,17,3.3,4.1
2024-07-01 02:47:00,CNR8336260765,Canceled by Driver,CID794482,eBike,Padmanabhanagar,Basavanagudi,,,Not Applicable,Customer related issue,Not Applicable,Not Applicable,230,Not Applicable,0,,
2024-07-12 14:28:00,CNR4758083884,Canceled by Driver,CID615821,Auto,Shivajinagar,Langford Town,,,Not Applicable,More than permitted people in there,Not Applicable,Not Applicable,168,Not Applicable,0,,
2024-07-12 12:34:00,CNR2697175569,Success,CID792586,Mini,Shantinagar,Indiranagar,301.0,80.0,Not Applicable,Not Applicable,No,Not Applicable,2030,UPI,10,3.2,4.9
2024-07-11 17:30:00,CNR7232188663,Success,CID616193,Prime Sedan,Yeshwanthpur,Sahakar Nagar,84.0,60.0,Not Applicable,Not Applicable,No,Not Applicable,109,UPI,20,3.6,3.6
2024-07-11 20:23:00,CNR9330456661,Success,CID550553,Prime SUV,Majestic,Langford Town,133.0,40.0,Not Applicable,Not Applicable,No,Not Applicable,452,Cash,31,4.6,4.6
2024-07-16 03:18:00,CNR3667865766,Success,CID928892,Auto,Basavanagudi,Majestic,175.0,135.0,Not Applicable,Not Applicable,No,Not Applicable,192,Cash,2,3.6,4.4
2024-07-27 08:04:00,CNR6368923803,Canceled by Driver,CID478515,Bike,BTM Layout,Chickpet,,,Not Applicable,More than permitted people in there,Not Applicable,Not Applicable,794,Not Applicable,0,,
2024-07-13 16:08:00,CNR6265004638,Success,CID515297,Bike,Basavanagudi,Shivajinagar,154.0,110.0,Not Applicable,Not Applicable,No,Not Applicable,154,UPI,24,3.9,4.1
2024-07-18 23:13:00,CNR3280786331,Success,CID991627,eBike,Ramamurthy Nagar,Indiranagar,112.0,45.0,Not Applicable,Not Applicable,No,Not Applicable,358,UPI,25,4.0,3.5
2024-07-05 00:43:00,CNR5860634503,Driver Not Found,CID494431,Bike,Kammanahalli,RT Nagar,,,Not Applicable,Not Applicable,Not Applicable,Not Applicable,488,Not Applicable,0,,
2024-07-20 21:19:00,CNR3479304774,Canceled by Driver,CID998688,Mini,Mysore Road,Hebbal,,,Not Applicable,Customer related issue,Not Applicable,Not Applicable,948,Not Applicable,0,,
2024-07-06 03:17:00,CNR1196677106,Canceled by Driver,CID596538,Bike,Koramangala,Yeshwanthpur,,,Not Applicable,Personal & Car related issue,Not Applicable,Not Applicable,1106,Not Applicable,0,,
2024-07-12 16:51:00,CNR3093392702,Success,CID141724,Prime Plus,Frazer Town,Sarjapur Road,259.0,90.0,Not Applicable,Not Applicable,No,Not Applicable,480,Cash,11,3.1,3.0
2024-07-11 02:56:00,CNR5454521165,Success,CID904730,Mini,Devanahalli,Yeshwanthpur,189.0,105.0,Not Applicable,Not Applicable,No,Not Applicable,157,UPI,39,4.0,3.7
2024-07-25 09:44:00,CNR2270625809,Success,CID231061,eBike,Hennur,Koramangala,217.0,35.0,Not Applicable,Not Applicable,No,Not Applicable,154,UPI,44,3.3,3.6
2024-07-30 12:44:00,CNR7306347470,Success,CID611782,Prime SUV,MG Road,Indiranagar,252.0,135.0,Not Applicable,Not Applicable,No,Not Applicable,250,Cash,5,3.7,4.4
2024-07-24 18:17:00,CNR7118969916,Canceled by Driver,CID333077,eBike,Hulimavu,Bellandur,,,Not Applicable,Customer related issue,Not Applicable,Not Applicable,2955,Not Applicable,0,,
2024-07-09 07:05:00,CNR5044019561,Success,CID674880,Prime Sedan,Shantinagar,Koramangala,161.0,125.0,Not Applicable,Not Applicable,No,Not Applicable,994,UPI,26,3.8,3.5
2024-07-30 00:21:00,CNR6058233933,Canceled by Driver,CID634299,Auto,Shantinagar,Chamarajpet,,,Not Applicable,Customer was coughing/sick,Not Applicable,Not Applicable,334,Not Applicable,0,,
2024-07-13 15:14:00,CNR2210800037,Success,CID493235,Auto,Mysore Road,Kengeri,217.0,25.0,Not Applicable,Not Applicable,No,Not Applicable,494,Cash,9,4.1,4.3
2024-07-07 15:32:00,CNR7889473260,Canceled by Driver,CID433640,Bike,Rajajinagar,Jayanagar,,,Not Applicable,Customer related issue,Not Applicable,Not Applicable,2330,Not Applicable,0,,
2024-07-29 02:11:00,CNR3649398353,Canceled by Driver,CID204760,eBike,Nagarbhavi,Whitefield,,,Not Applicable,Customer related issue,Not Applicable,Not Applicable,372,Not Applicable,0,,
2024-07-30 09:48:00,CNR4982843827,Canceled by Customer,CID562013,eBike,Majestic,Cox Town,,,Driver asked to cancel,Not Applicable,Not Applicable,Not Applicable,174,Not Applicable,0,,
2024-07-15 07:23:00,CNR1874971464,Driver Not Found,CID724317,Prime Sedan,Tumkur Road,Kengeri,,,Not Applicable,Not Applicable,Not Applicable,Not Applicable,342,Not Applicable,0,,
2024-07-06 05:10:00,CNR8831220870,Success,CID471569,Bike,Koramangala,Jayanagar,280.0,115.0,Not Applicable,Not Applicable,No,Not Applicable,232,UPI,28,3.1,3.2
2024-07-06 19:37:00,CNR2402932118,Driver Not Found,CID348988,Auto,HSR Layout,Devanahalli,,,Not Applicable,Not Applicable,Not Applicable,Not Applicable,668,Not Applicable,0,,
2024-07-08 09:22:00,CNR6813567750,Success,CID552983,Auto,Yeshwanthpur,Hebbal,189.0,140.0,Not Applicable,Not Applicable,No,Not Applicable,402,UPI,11,4.2,4.4
2024-07-07 17:05:00,CNR1428928434,Canceled by Driver,CID734616,Mini,RT Nagar,Marathahalli,,,Not Applicable,Customer was coughing/sick,Not Applicable,Not Applicable,405,Not Applicable,0,,
2024-07-26 03:13:00,CNR4518050965,Success,CID681606,Prime Sedan,JP Nagar,Ramamurthy Nagar,294.0,130.0,Not Applicable,Not Applicable,No,Not Applicable,860,Cash,38,4.1,4.5
2024-07-10 12:09:00,CNR9664816437,Success,CID705028,Prime Sedan,Frazer Town,Kammanahalli,224.0,30.0,Not Applicable,Not Applicable,No,Not Applicable,557,Cash,45,3.0,3.3
2024-07-10 21:52:00,CNR2743375078,Success,CID360690,eBike,Majestic,Shivajinagar,98.0,120.0,Not Applicable,Not Applicable,No,Not Applicable,976,Cash,24,4.4,4.4
2024-07-11 01:36:00,CNR3511670586,Success,CID209650,Bike,Koramangala,Mysore Road,259.0,120.0,Not Applicable,Not Applicable,No,Not Applicable,159,Cash,38,3.5,5.0
2024-07-08 00:48:00,CNR6228189384,Canceled by Driver,CID122936,eBike,BTM Layout,Hulimavu,,,Not Applicable,Customer related issue,Not Applicable,Not Applicable,237,Not Applicable,0,,
2024-07-04 22:25:00,CNR6802781674,Success,CID541833,Prime SUV,Kammanahalli,Ramamurthy Nagar,112.0,35.0,Not Applicable,Not Applicable,No,Not Applicable,267,Cash,10,3.6,3.3
2024-07-19 23:32:00,CNR9511776461,Canceled by Driver,CID317905,Bike,Peenya,Whitefield,,,Not Applicable,Customer was coughing/sick,Not Applicable,Not Applicable,152,Not Applicable,0,,
2024-07-09 05:19:00,CNR1122230749,Success,CID198119,eBike,Whitefield,Kadugodi,203.0,90.0,Not Applicable,Not Applicable,No,Not Applicable,198,Cash,24,4.5,4.9
2024-07-07 19:43:00,CNR2385032030,Success,CID250115,Mini,Whitefield,Shantinagar,308.0,140.0,Not Applicable,Not Applicable,No,Not Applicable,417,Cash,10,4.8,4.7
2024-07-13 21:32:00,CNR9247943028,Canceled by Driver,CID686040,Prime Plus,Marathahalli,Chickpet,,,Not Applicable,Personal & Car related issue,Not Applicable,Not Applicable,340,Not Applicable,0,,
2024-07-18 05:54:00,CNR6614969815,Success,CID734304,Bike,Koramangala,Padmanabhanagar,42.0,80.0,Not Applicable,Not Applicable,No,Not Applicable,843,Credit Card,20,3.7,3.5
2024-07-02 04:17:00,CNR2207250105,Canceled by Driver,CID694355,Bike,Frazer Town,Ulsoor,,,Not Applicable,Personal & Car related issue,Not Applicable,Not Applicable,1481,Not Applicable,0,,
2024-07-11 17:33:00,CNR3341700116,Canceled by Driver,CID537309,Bike,Kadugodi,Vijayanagar,,,Not Applicable,More than permitted people in there,Not Applicable,Not Applicable,936,Not Applicable,0,,
2024-07-18 04:54:00,CNR3672016750,Canceled by Customer,CID488164,Prime Sedan,Chickpet,Nagarbhavi,,,Wrong Address,Not Applicable,Not Applicable,Not Applicable,1260,Not Applicable,0,,
2024-07-17 15:56:00,CNR9382283295,Success,CID299141,Auto,Varthur,Whitefield,280.0,65.0,Not Applicable,Not Applicable,No,Not Applicable,948,UPI,4,4.4,4.5
2024-07-03 05:06:00,CNR1713565586,Canceled by Customer,CID939327,Mini,Nagarbhavi,Electronic City,,,Driver is not moving towards pickup location,Not Applicable,Not Applicable,Not Applicable,207,Not Applicable,0,,
2024-07-05 02:53:00,CNR3558082070,Driver Not Found,CID346934,Prime SUV,Rajarajeshwari Nagar,Majestic,,,Not Applicable,Not Applicable,Not Applicable,Not Applicable,465,Not Applicable,0,,
2024-07-24 03:18:00,CNR9080360903,Success,CID143959,Prime Sedan,Magadi Road,Banashankari,175.0,35.0,Not Applicable,Not Applicable,No,Not Applicable,304,Cash,17,4.3,4.5
2024-07-27 11:29:00,CNR1738873480,Success,CID113297,Prime SUV,Banashankari,Kadugodi,112.0,30.0,Not Applicable,Not Applicable,No,Not Applicable,482,Cash,20,3.9,3.4
2024-07-13 14:02:00,CNR2319776479,Success,CID400112,Prime Plus,Rajajinagar,Hosur Road,231.0,60.0,Not Applicable,Not Applicable,No,Not Applicable,224,Cash,27,3.6,3.3
2024-07-07 17:25:00,CNR6924558874,Success,CID551945,Prime SUV,Tumkur Road,Basavanagudi,294.0,105.0,Not Applicable,Not Applicable,No,Not Applicable,290,UPI,46,4.5,4.0
2024-07-21 00:46:00,CNR1523917928,Driver Not Found,CID444082,Auto,Majestic,Tumkur Road,,,Not Applicable,Not Applicable,Not Applicable,Not Applicable,706,Not Applicable,0,,
2024-07-30 21:13:00,CNR6246634128,Success,CID619554,eBike,Nagarbhavi,Kammanahalli,196.0,80.0,Not Applicable,Not Applicable,No,Not Applicable,350,UPI,23,4.2,4.2
2024-07-20 23:12:00,CNR7557336368,Success,CID823895,Auto,Whitefield,Yeshwanthpur,133.0,110.0,Not Applicable,Not Applicable,Yes,Other Issue,261,UPI,8,4.0,5.0
2024-07-28 13:09:00,CNR3763287243,Success,CID363173,Bike,Richmond Town,Devanahalli,231.0,50.0,Not Applicable,Not Applicable,Yes,Customer Demand,2206,Cash,17,4.9,4.5
2024-07-22 20:39:00,CNR5795322078,Success,CID211659,Auto,Marathahalli,MG Road,224.0,45.0,Not Applicable,Not Applicable,No,Not Applicable,457,Cash,2,4.8,3.1
2024-07-17 11:02:00,CNR7354123908,Success,CID615471,Prime Sedan,Koramangala,Chamarajpet,77.0,95.0,Not Applicable,Not Applicable,No,Not Applicable,173,Cash,46,4.9,3.9
2024-07-29 00:16:00,CNR4853902765,Success,CID630197,Auto,Kammanahalli,Kadugodi,154.0,65.0,Not Applicable,Not Applicable,No,Not Applicable,349,UPI,18,3.6,3.3
2024-07-20 13:55:00,CNR9470699370,Success,CID698488,Prime Plus,Electronic City,Jayanagar,119.0,65.0,Not Applicable,Not Applicable,No,Not Applicable,241,Cash,5,4.5,4.7
2024-07-04 02:44:00,CNR2460599706,Canceled by Customer,CID379112,Prime SUV,Shivajinagar,Hulimavu,,,Driver is not moving towards pickup location,Not Applicable,Not Applicable,Not Applicable,240,Not Applicable,0,,
2024-07-20 09:43:00,CNR2344545783,Success,CID364955,Mini,JP Nagar,Ramamurthy Nagar,245.0,40.0,Not Applicable,Not Applicable,No,Not Applicable,272,Cash,48,4.3,3.7
2024-07-10 09:19:00,CNR9035057984,Canceled by Customer,CID363044,Prime Plus,Chickpet,Magadi Road,,,Driver asked to cancel,Not Applicable,Not Applicable,Not Applicable,479,Not Applicable,0,,
2024-07-26 14:42:00,CNR5387138676,Success,CID290040,Bike,HSR Layout,Peenya,308.0,120.0,Not Applicable,Not Applicable,No,Not Applicable,402,UPI,31,5.0,3.0
2024-07-14 04:31:00,CNR6517421018,Canceled by Customer,CID381490,Bike,Cox Town,Mysore Road,,,Change of plans,Not Applicable,Not Applicable,Not Applicable,332,Not Applicable,0,,
2024-07-25 03:56:00,CNR4123742919,Canceled by Customer,CID386888,Prime Sedan,Yeshwanthpur,BTM Layout,,,Change of plans,Not Applicable,Not Applicable,Not Applicable,275,Not Applicable,0,,
2024-07-11 18:07:00,CNR5012581459,Success,CID150605,Prime SUV,Nagarbhavi,Kengeri,84.0,100.0,Not Applicable,Not Applicable,No,Not Applicable,310,UPI,34,4.7,3.2
2024-07-02 11:07:00,CNR7145968935,Canceled by Driver,CID539638,Prime Sedan,Padmanabhanagar,Hebbal,,,Not Applicable,More than permitted people in there,Not Applicable,Not Applicable,187,Not Applicable,0,,
2024-07-04 18:13:00,CNR7392446815,Canceled by Driver,CID128084,Mini,HSR Layout,Richmond Town,,,Not Applicable,Personal & Car related issue,Not Applicable,Not Applicable,259,Not Applicable,0,,
2024-07-11 00:53:00,CNR4290815913,Canceled by Customer,CID445798,Prime SUV,Marathahalli,BTM Layout,,,Driver is not moving towards pickup location,Not Applicable,Not Applicable,Not Applicable,260,Not Applicable,0,,
2024-07-28 09:24:00,CNR8315228488,Driver Not Found,CID318681,Prime SUV,Tumkur Road,Sarjapur Road,,,Not Applicable,Not Applicable,Not Applicable,Not Applicable,1077,Not Applicable,0,,
2024-07-03 12:33:00,CNR3419482313,Success,CID498821,Mini,Bannerghatta Road,Marathahalli,63.0,145.0,Not Applicable,Not Applicable,No,Not Applicable,842,Cash,43,3.8,3.6
2024-07-30 00:53:00,CNR5983300398,Canceled by Driver,CID748805,Prime Sedan,Malleshwaram,HSR Layout,,,Not Applicable,Personal & Car related issue,Not Applicable,Not Applicable,947,Not Applicable,0,,
2024-07-19 12:46:00,CNR7846809622,Success,CID442674,Auto,Richmond Town,Peenya,224.0,75.0,Not Applicable,Not Applicable,No,Not Applicable,1588,Cash,15,5.0,3.6
2024-07-23 00:55:00,CNR8698721540,Canceled by Driver,CID504919,Prime Plus,Indiranagar,Yeshwanthpur,,,Not Applicable,Customer related issue,Not Applicable,Not Applicable,139,Not Applicable,0,,
2024-07-03 01:27:00,CNR5721186082,Success,CID537359,Prime Plus,Majestic,Chickpet,217.0,50.0,Not Applicable,Not Applicable,No,Not Applicable,2163,UPI,29,3.3,4.8
2024-07-03 06:31:00,CNR7603652256,Success,CID983961,Prime Plus,Chamarajpet,Rajajinagar,147.0,85.0,Not Applicable,Not Applicable,No,Not Applicable,1168,UPI,12,4.9,3.7
2024-07-02 22:47:00,CNR6322051464,Success,CID468710,eBike,Yeshwanthpur,Yeshwanthpur,308.0,90.0,Not Applicable,Not Applicable,No,Not Applicable,356,UPI,46,4.3,4.5
2024-07-12 21:56:00,CNR6656622133,Canceled by Customer,CID666232,Prime Plus,Ulsoor,Basavanagudi,,,Driver is not moving towards pickup location,Not Applicable,Not Applicable,Not Applicable,556,Not Applicable,0,,
2024-07-27 01:12:00,CNR2653462229,Success,CID747905,Prime Sedan,Magadi Road,Ramamurthy Nagar,287.0,105.0,Not Applicable,Not Applicable,No,Not Applicable,469,Cash,46,3.8,4.1
2024-07-18 05:26:00,CNR2287133713,Success,CID959549,eBike,Hennur,Bannerghatta Road,182.0,120.0,Not Applicable,Not Applicable,Yes,Customer Demand,776,UPI,7,3.3,5.0
2024-07-07 16:08:00,CNR3678690917,Success,CID466772,Prime Sedan,Basavanagudi,Chickpet,294.0,105.0,Not Applicable,Not Applicable,No,Not Applicable,284,UPI,17,5.0,4.9
2024-07-15 08:17:00,CNR8479172956,Canceled by Driver,CID980882,Prime SUV,Yeshwanthpur,Nagarbhavi,,,Not Applicable,Customer related issue,Not Applicable,Not Applicable,499,Not Applicable,0,,
2024-07-01 10:44:00,CNR8194568198,Canceled by Driver,CID966409,Prime Sedan,Marathahalli,Bannerghatta Road,,,Not Applicable,Customer related issue,Not Applicable,Not Applicable,299,Not Applicable,0,,
2024-07-20 11:34:00,CNR4894926461,Success,CID804984,eBike,Richmond Town,JP Nagar,112.0,105.0,Not Applicable,Not Applicable,Yes,Customer Demand,146,Cash,42,3.4,4.9
2024-07-06 02:21:00,CNR2173523795,Success,CID982959,Mini,Ramamurthy Nagar,RT Nagar,133.0,35.0,Not Applicable,Not Applicable,No,Not Applicable,119,UPI,13,3.7,4.8
2024-07-04 02:43:00,CNR3267015643,Success,CID656998,Prime Sedan,Kadugodi,BTM Layout,182.0,110.0,Not Applicable,Not Applicable,No,Not Applicable,186,Cash,21,4.0,4.7
2024-07-15 13:51:00,CNR9254090167,Canceled by Customer,CID628726,Auto,Richmond Town,Mysore Road,,,Change of plans,Not Applicable,Not Applicable,Not Applicable,151,Not Applicable,0,,
2024-07-13 09:01:00,CNR3528904383,Canceled by Driver,CID741528,Mini,RT Nagar,Hulimavu,,,Not Applicable,Customer related issue,Not Applicable,Not Applicable,305,Not Applicable,0,,
2024-07-22 13:51:00,CNR6206688589,Success,CID441397,Prime Plus,Padmanabhanagar,HSR Layout,105.0,115.0,Not Applicable,Not Applicable,No,Not Applicable,346,UPI,17,3.5,3.4
2024-07-08 06:26:00,CNR5390788101,Success,CID388177,Prime Sedan,KR Puram,Hebbal,42.0,55.0,Not Applicable,Not Applicable,No,Not Applicable,390,UPI,33,3.8,3.4
2024-07-17 12:22:00,CNR3057399085,Success,CID433207,Auto,Kammanahalli,Basavanagudi,91.0,75.0,Not Applicable,Not Applicable,No,Not Applicable,302,Cash,12,4.5,4.4
2024-07-24 21:58:00,CNR7502261240,Success,CID975002,Prime SUV,Sarjapur Road,Chickpet,238.0,50.0,Not Applicable,Not Applicable,No,Not Applicable,111,UPI,4,3.3,3.3
2024-07-14 17:22:00,CNR6561395597,Success,CID108643,Mini,Varthur,Hebbal,147.0,65.0,Not Applicable,Not Applicable,No,Not Applicable,184,Credit Card,4,4.9,4.7
2024-07-23 21:14:00,CNR4428745550,Canceled by Driver,CID583452,Mini,Koramangala,Ramamurthy Nagar,,,Not Applicable,Personal & Car related issue,Not Applicable,Not Applicable,818,Not Applicable,0,,
2024-07-19 13:33:00,CNR1267244942,Canceled by Customer,CID168010,Bike,Sarjapur Road,Banashankari,,,Driver is not moving towards pickup location,Not Applicable,Not Applicable,Not Applicable,869,Not Applicable,0,,
2024-07-28 18:04:00,CNR8277567264,Success,CID701608,Auto,Malleshwaram,Richmond Town,280.0,80.0,Not Applicable,Not Applicable,No,Not Applicable,380,Cash,5,3.6,4.5
2024-07-08 01:10:00,CNR9674266081,Success,CID654087,eBike,Magadi Road,Kengeri,105.0,45.0,Not Applicable,Not Applicable,Yes,Other Issue,210,UPI,45,3.8,3.6
2024-07-18 18:00:00,CNR5570246265,Success,CID829483,Bike,Cox Town,Shantinagar,217.0,125.0,Not Applicable,Not Applicable,No,Not Applicable,194,UPI,45,3.1,4.3
2024-07-11 17:30:00,CNR8525191959,Success,CID927886,Prime Plus,Frazer Town,Varthur,266.0,95.0,Not Applicable,Not Applicable,No,Not Applicable,184,UPI,11,3.5,3.1
2024-07-01 09:20:00,CNR7998331689,Success,CID561095,Mini,Yelahanka,Basavanagudi,42.0,125.0,Not Applicable,Not Applicable,No,Not Applicable,449,Cash,2,4.6,4.7
2024-07-22 02:23:00,CNR8458680324,Success,CID239946,Prime SUV,Varthur,Frazer Town,294.0,145.0,Not Applicable,Not Applicable,No,Not Applicable,566,Cash,11,3.1,4.5
2024-07-26 13:14:00,CNR7690530457,Success,CID568742,eBike,Shivajinagar,Vijayanagar,147.0,120.0,Not Applicable,Not Applicable,No,Not Applicable,222,UPI,15,4.9,3.5
2024-07-17 09:30:00,CNR1206996206,Canceled by Driver,CID519758,Bike,Kadugodi,Ulsoor,,,Not Applicable,Customer was coughing/sick,Not Applicable,Not Applicable,218,Not Applicable,0,,
2024-07-30 23:20:00,CNR2277929054,Canceled by Driver,CID669371,Prime SUV,Padmanabhanagar,Marathahalli,,,Not Applicable,Personal & Car related issue,Not Applicable,Not Applicable,820,Not Applicable,0,,
2024-07-07 12:15:00,CNR7988786675,Canceled by Driver,CID497120,Auto,Bellandur,Peenya,,,Not Applicable,More than permitted people in there,Not Applicable,Not Applicable,565,Not Applicable,0,,
2024-07-07 08:59:00,CNR5539745670,Success,CID905829,Mini,Frazer Town,Yelahanka,259.0,30.0,Not Applicable,Not Applicable,No,Not Applicable,656,Cash,7,3.1,3.8
2024-07-12 13:11:00,CNR7301037900,Success,CID629415,Prime SUV,Shantinagar,Hennur,266.0,135.0,Not Applicable,Not Applicable,No,Not Applicable,718,Cash,4,3.6,3.4
2024-07-13 11:44:00,CNR2676521323,Success,CID462131,Auto,MG Road,Basavanagudi,210.0,130.0,Not Applicable,Not Applicable,No,Not Applicable,238,Cash,7,4.2,3.2
2024-07-01 04:17:00,CNR7524299657,Success,CID268287,eBike,Shivajinagar,Bannerghatta Road,273.0,140.0,Not Applicable,Not Applicable,No,Not Applicable,2437,UPI,21,4.1,4.8
2024-07-02 01:48:00,CNR2216526161,Success,CID305944,Bike,Basavanagudi,Padmanabhanagar,140.0,80.0,Not Applicable,Not Applicable,No,Not Applicable,332,UPI,16,4.9,4.8
2024-07-16 10:30:00,CNR2350580086,Canceled by Customer,CID242793,Prime SUV,Kammanahalli,RT Nagar,,,Driver asked to cancel,Not Applicable,Not Applicable,Not Applicable,242,Not Applicable,0,,
2024-07-09 03:55:00,CNR8149415809,Driver Not Found,CID743675,Prime Plus,Rajajinagar,Devanahalli,,,Not Applicable,Not Applicable,Not Applicable,Not Applicable,292,Not Applicable,0,,
2024-07-02 13:33:00,CNR1338479643,Canceled by Driver,CID856980,eBike,Hennur,Koramangala,,,Not Applicable,Customer related issue,Not Applicable,Not Applicable,353,Not Applicable,0,,
2024-07-26 21:05:00,CNR4957503760,Driver Not Found,CID948554,Bike,Marathahalli,Malleshwaram,,,Not Applicable,Not Applicable,Not Applicable,Not Applicable,135,Not Applicable,0,,
2024-07-08 13:16:00,CNR8975300297,Success,CID885639,Auto,Mysore Road,Indiranagar,35.0,95.0,Not Applicable,Not Applicable,No,Not Applicable,551,UPI,18,4.9,3.8
2024-07-12 15:26:00,CNR8136918372,Canceled by Driver,CID110840,Prime Plus,Hosur Road,Basavanagudi,,,Not Applicable,Personal & Car related issue,Not Applicable,Not Applicable,126,Not Applicable,0,,
2024-07-24 23:36:00,CNR5460303080,Success,CID896425,Bike,Hulimavu,Banashankari,63.0,120.0,Not Applicable,Not Applicable,Yes,Other Issue,253,Cash,20,4.6,4.9
2024-07-29 16:12:00,CNR4942619159,Success,CID326173,eBike,Langford Town,Chamarajpet,70.0,25.0,Not Applicable,Not Applicable,No,Not Applicable,108,Cash,10,3.2,5.0
2024-07-17 04:37:00,CNR3240227345,Success,CID299462,Auto,Devanahalli,Electronic City,98.0,85.0,Not Applicable,Not Applicable,No,Not Applicable,828,Cash,15,3.1,3.8
2024-07-03 01:22:00,CNR1164307982,Canceled by Driver,CID843956,Prime SUV,BTM Layout,Padmanabhanagar,,,Not Applicable,Personal & Car related issue,Not Applicable,Not Applicable,276,Not Applicable,0,,
2024-07-08 04:43:00,CNR8001298038,Canceled by Driver,CID610143,eBike,Sarjapur Road,Hosur Road,,,Not Applicable,Personal & Car related issue,Not Applicable,Not Applicable,469,Not Applicable,0,,
2024-07-19 20:45:00,CNR5600715403,Success,CID855963,Bike,Hosur Road,Nagarbhavi,161.0,80.0,Not Applicable,Not Applicable,No,Not Applicable,536,UPI,49,3.8,4.7
2024-07-10 03:20:00,CNR3668500147,Success,CID874524,Prime SUV,Sarjapur Road,Tumkur Road,210.0,130.0,Not Applicable,Not Applicable,No,Not Applicable,376,UPI,17,3.3,3.4
2024-07-06 06:52:00,CNR6020899889,Success,CID772227,Prime SUV,Cox Town,RT Nagar,231.0,125.0,Not Applicable,Not Applicable,No,Not Applicable,327,Cash,46,3.0,3.3
2024-07-03 23:22:00,CNR1463055722,Success,CID328459,eBike,Vijayanagar,KR Puram,252.0,60.0,Not Applicable,Not Applicable,Yes,Customer Demand,244,UPI,42,4.3,3.7
2024-07-17 09:07:00,CNR9261014237,Canceled by Driver,CID481237,Mini,Whitefield,Sarjapur Road,,,Not Applicable,More than permitted people in there,Not Applicable,Not Applicable,367,Not Applicable,0,,
2024-07-10 04:58:00,CNR2822786028,Canceled by Customer,CID956276,Prime SUV,Hosur Road,Marathahalli,,,AC is Not working,Not Applicable,Not Applicable,Not Applicable,374,Not Applicable,0,,
2024-07-17 05:43:00,CNR8134599737,Canceled by Driver,CID901059,Auto,HSR Layout,Varthur,,,Not Applicable,Customer related issue,Not Applicable,Not Applicable,410,Not Applicable,0,,
2024-07-27 20:29:00,CNR3668965553,Canceled by Customer,CID742290,Prime Plus,Whitefield,Marathahalli,,,Driver asked to cancel,Not Applicable,Not Applicable,Not Applicable,706,Not Applicable,0,,
2024-07-27 11:00:00,CNR3701323621,Canceled by Driver,CID812819,Bike,Whitefield,Kammanahalli,,,Not Applicable,Customer related issue,Not Applicable,Not Applicable,321,Not Applicable,0,,
2024-07-08 20:33:00,CNR8283316508,Canceled by Driver,CID236178,Prime Plus,Chamarajpet,Koramangala,,,Not Applicable,Customer related issue,Not Applicable,Not Applicable,177,Not Applicable,0,,
2024-07-28 23:29:00,CNR1856953491,Success,CID953496,Prime Sedan,Hennur,Devanahalli,154.0,65.0,Not Applicable,Not Applicable,No,Not Applicable,215,Cash,41,4.6,3.7
2024-07-14 11:33:00,CNR5812145175,Success,CID525813,Prime Sedan,MG Road,RT Nagar,196.0,40.0,Not Applicable,Not Applicable,No,Not Applicable,361,UPI,7,3.5,4.6
2024-07-11 00:14:00,CNR8580491278,Success,CID382458,Prime Plus,BTM Layout,Chamarajpet,126.0,90.0,Not Applicable,Not Applicable,No,Not Applicable,415,Cash,11,4.5,4.9
2024-07-11 17:59:00,CNR2927528332,Driver Not Found,CID436891,Bike,Kadugodi,Malleshwaram,,,Not Applicable,Not Applicable,Not Applicable,Not Applicable,452,Not Applicable,0,,
2024-07-03 19:25:00,CNR5654545883,Success,CID666829,Auto,Basavanagudi,Majestic,133.0,100.0,Not Applicable,Not Applicable,No,Not Applicable,216,Cash,5,3.1,3.9
2024-07-04 09:23:00,CNR7650482382,Success,CID977422,Prime Sedan,Shantinagar,Rajajinagar,308.0,25.0,Not Applicable,Not Applicable,No,Not Applicable,162,UPI,4,5.0,4.3
2024-07-13 05:04:00,CNR4349792780,Success,CID690984,Auto,Bannerghatta Road,Banashankari,280.0,65.0,Not Applicable,Not Applicable,No,Not Applicable,365,Cash,4,4.2,4.8
2024-07-08 11:41:00,CNR7157110100,Driver Not Found,CID119020,Prime SUV,Chickpet,Shivajinagar,,,Not Applicable,Not Applicable,Not Applicable,Not Applicable,107,Not Applicable,0,,
2024-07-19 01:41:00,CNR7241622709,Success,CID873479,Prime Sedan,MG Road,Tumkur Road,133.0,65.0,Not Applicable,Not Applicable,No,Not Applicable,414,Cash,5,4.9,4.0
2024-07-19 05:26:00,CNR6755347406,Success,CID933868,Mini,Hebbal,Banashankari,133.0,60.0,Not Applicable,Not Applicable,No,Not Applicable,332,Cash,10,4.8,3.5
2024-07-09 18:52:00,CNR7995824083,Success,CID513774,Prime Sedan,Kammanahalli,Peenya,168.0,80.0,Not Applicable,Not Applicable,No,Not Applicable,106,Cash,8,3.2,4.4
2024-07-14 06:10:00,CNR1970035468,Canceled by Customer,CID689998,Prime Sedan,Indiranagar,Rajajinagar,,,Change of plans,Not Applicable,Not Applicable,Not Applicable,466,Not Applicable,0,,
2024-07-04 19:10:00,CNR4650935063,Canceled by Customer,CID824535,Bike,Hosur Road,KR Puram,,,Driver asked to cancel,Not Applicable,Not Applicable,Not Applicable,162,Not Applicable,0,,
2024-07-29 21:06:00,CNR2010694336,Canceled by Driver,CID890298,Prime SUV,Hulimavu,KR Puram,,,Not Applicable,More than permitted people in there,Not Applicable,Not Applicable,499,Not Applicable,0,,
2024-07-03 20:56:00,CNR8069848758,Success,CID271134,Prime SUV,Electronic City,Varthur,175.0,80.0,Not Applicable,Not Applicable,No,Not Applicable,334,Cash,38,3.8,4.4
2024-07-13 01:38:00,CNR2561328227,Success,CID370741,eBike,Indiranagar,KR Puram,154.0,110.0,Not Applicable,Not Applicable,No,Not Applicable,2995,Cash,19,3.5,3.2
2024-07-07 10:06:00,CNR8384092891,Success,CID758990,Prime Plus,Yeshwanthpur,BTM Layout,77.0,25.0,Not Applicable,Not Applicable,No,Not Applicable,522,Cash,18,3.3,3.4
2024-07-16 09:58:00,CNR4076612732,Driver Not Found,CID884203,Mini,Hulimavu,Sahakar Nagar,,,Not Applicable,Not Applicable,Not Applicable,Not Applicable,349,Not Applicable,0,,
2024-07-29 05:32:00,CNR4988774515,Success,CID596317,Bike,Majestic,Kengeri,287.0,75.0,Not Applicable,Not Applicable,No,Not Applicable,291,UPI,39,3.3,4.8
2024-07-09 18:18:00,CNR2425897106,Canceled by Driver,CID715480,Prime Plus,Hulimavu,Richmond Town,,,Not Applicable,Personal & Car related issue,Not Applicable,Not Applicable,486,Not Applicable,0,,
2024-07-30 20:49:00,CNR2640110633,Canceled by Driver,CID227253,Auto,Varthur,Bannerghatta Road,,,Not Applicable,Personal & Car related issue,Not Applicable,Not Applicable,423,Not Applicable,0,,
2024-07-23 13:32:00,CNR9945493720,Success,CID924455,Prime Plus,Kengeri,Mysore Road,105.0,45.0,Not Applicable,Not Applicable,No,Not Applicable,150,Cash,44,4.8,3.3
2024-07-19 22:35:00,CNR2714573031,Success,CID716916,Prime SUV,Bellandur,Jayanagar,231.0,35.0,Not Applicable,Not Applicable,No,Not Applicable,217,UPI,9,3.2,4.6
2024-07-04 02:36:00,CNR9737712085,Success,CID477713,Prime SUV,Ulsoor,Rajarajeshwari Nagar,105.0,130.0,Not Applicable,Not Applicable,No,Not Applicable,253,Cash,19,3.9,3.4
2024-07-27 15:38:00,CNR4147571987,Success,CID998512,Bike,Hebbal,Bannerghatta Road,273.0,85.0,Not Applicable,Not Applicable,No,Not Applicable,449,Cash,16,3.5,3.1
2024-07-09 07:45:00,CNR1631891768,Success,CID631311,Bike,Indiranagar,Malleshwaram,140.0,80.0,Not Applicable,Not Applicable,No,Not Applicable,435,UPI,23,3.1,4.2
2024-07-14 01:55:00,CNR7109739336,Success,CID925063,Bike,Devanahalli,Ramamurthy Nagar,308.0,145.0,Not Applicable,Not Applicable,No,Not Applicable,591,UPI,24,3.2,4.0
2024-07-11 08:55:00,CNR7464959381,Success,CID638709,Prime Plus,MG Road,RT Nagar,217.0,70.0,Not Applicable,Not Applicable,No,Not Applicable,172,Cash,46,4.6,4.5
2024-07-16 23:33:00,CNR1875690555,Success,CID844528,eBike,Kengeri,HSR Layout,287.0,130.0,Not Applicable,Not Applicable,No,Not Applicable,685,UPI,30,3.4,4.1
2024-07-29 05:38:00,CNR9097803271,Success,CID387816,eBike,Hosur Road,Yelahanka,91.0,90.0,Not Applicable,Not Applicable,No,Not Applicable,215,UPI,3,3.8,4.2
2024-07-19 10:23:00,CNR6651537132,Canceled by Driver,CID289443,eBike,Marathahalli,Bannerghatta Road,,,Not Applicable,Customer related issue,Not Applicable,Not Applicable,344,Not Applicable,0,,
2024-07-09 09:13:00,CNR9601686088,Canceled by Driver,CID845006,Prime SUV,Ramamurthy Nagar,Nagarbhavi,,,Not Applicable,Customer related issue,Not Applicable,Not Applicable,154,Not Applicable,0,,
2024-07-19 20:31:00,CNR2523313310,Canceled by Customer,CID474962,Prime Plus,Mysore Road,Rajarajeshwari Nagar,,,Change of plans,Not Applicable,Not Applicable,Not Applicable,382,Not Applicable,0,,
2024-07-12 10:21:00,CNR7244315459,Canceled by Driver,CID873229,Prime SUV,Bannerghatta Road,Padmanabhanagar,,,Not Applicable,Customer was coughing/sick,Not Applicable,Not Applicable,758,Not Applicable,0,,
2024-07-17 06:16:00,CNR8885632778,Driver Not Found,CID519710,Mini,Malleshwaram,Magadi Road,,,Not Applicable,Not Applicable,Not Applicable,Not Applicable,470,Not Applicable,0,,
2024-07-04 16:26:00,CNR7094725770,Canceled by Driver,CID745880,Prime Plus,Mysore Road,Sarjapur Road,,,Not Applicable,Personal & Car related issue,Not Applicable,Not Applicable,411,Not Applicable,0,,
2024-07-06 06:12:00,CNR1469396724,Canceled by Driver,CID101019,Auto,BTM Layout,Kammanahalli,,,Not Applicable,Customer was coughing/sick,Not Applicable,Not Applicable,773,Not Applicable,0,,
2024-07-28 17:15:00,CNR6102523128,Canceled by Customer,CID591691,Auto,Bannerghatta Road,Hulimavu,,,Wrong Address,Not Applicable,Not Applicable,Not Applicable,697,Not Applicable,0,,
2024-07-21 11:31:00,CNR8029206583,Driver Not Found,CID676650,Bike,Sahakar Nagar,Jayanagar,,,Not Applicable,Not Applicable,Not Applicable,Not Applicable,271,Not Applicable,0,,
2024-07-03 02:03:00,CNR5886627262,Driver Not Found,CID782181,eBike,Electronic City,Vijayanagar,,,Not Applicable,Not Applicable,Not Applicable,Not Applicable,361,Not Applicable,0,,
2024-07-22 18:32:00,CNR2225550825,Success,CID677130,Mini,Chamarajpet,Yelahanka,112.0,45.0,Not Applicable,Not Applicable,No,Not Applicable,197,UPI,20,4.6,3.3
2024-07-04 19:23:00,CNR4419667903,Canceled by Driver,CID384031,Auto,Hosur Road,Magadi Road,,,Not Applicable,Customer was coughing/sick,Not Applicable,Not Applicable,241,Not Applicable,0,,
2024-07-15 06:51:00,CNR1604866424,Success,CID353862,Prime SUV,Peenya,Hennur,161.0,120.0,Not Applicable,Not Applicable,No,Not Applicable,299,UPI,6,4.6,3.2
2024-07-15 03:53:00,CNR4716520730,Success,CID432244,Bike,Kammanahalli,Richmond Town,133.0,145.0,Not Applicable,Not Applicable,No,Not Applicable,977,Cash,28,4.0,3.4
2024-07-21 08:07:00,CNR5154781871,Success,CID452109,Bike,Malleshwaram,JP Nagar,105.0,110.0,Not Applicable,Not Applicable,No,Not Applicable,1449,Cash,48,3.5,3.3
2024-07-08 06:18:00,CNR1021345329,Success,CID449857,Prime SUV,Bannerghatta Road,Hosur Road,35.0,70.0,Not Applicable,Not Applicable,No,Not Applicable,109,Debit Card,6,3.6,3.1
2024-07-17 02:24:00,CNR7666517229,Success,CID613129,Bike,Kammanahalli,KR Puram,70.0,135.0,Not Applicable,Not Applicable,No,Not Applicable,221,Cash,1,3.0,4.9
2024-07-14 12:27:00,CNR4940059348,Success,CID623580,Mini,Basavanagudi,Jayanagar,105.0,35.0,Not Applicable,Not Applicable,No,Not Applicable,472,Cash,28,3.2,4.5
2024-07-19 16:55:00,CNR7383718813,Success,CID538347,Auto,Varthur,Kengeri,259.0,30.0,Not Applicable,Not Applicable,No,Not Applicable,815,Cash,11,4.3,4.8
2024-07-08 23:00:00,CNR2759569703,Success,CID302888,eBike,BTM Layout,Sarjapur Road,175.0,60.0,Not Applicable,Not Applicable,No,Not Applicable,208,UPI,41,4.9,3.2
2024-07-04 11:09:00,CNR5710649702,Canceled by Customer,CID794943,Prime Sedan,Basavanagudi,Frazer Town,,,Driver asked to cancel,Not Applicable,Not Applicable,Not Applicable,490,Not Applicable,0,,
2024-07-13 21:34:00,CNR5861428466,Success,CID843665,Auto,Indiranagar,Hulimavu,252.0,25.0,Not Applicable,Not Applicable,No,Not Applicable,446,UPI,11,5.0,4.0
2024-07-21 23:40:00,CNR8775435275,Success,CID321453,Auto,KR Puram,Hennur,126.0,130.0,Not Applicable,Not Applicable,No,Not Applicable,690,UPI,3,3.8,3.6
2024-07-16 13:01:00,CNR8377747025,Canceled by Driver,CID704782,Prime SUV,Sahakar Nagar,Ramamurthy Nagar,,,Not Applicable,Personal & Car related issue,Not Applicable,Not Applicable,996,Not Applicable,0,,
2024-07-25 20:00:00,CNR7490186952,Success,CID497581,Prime Sedan,Langford Town,Indiranagar,189.0,70.0,Not Applicable,Not Applicable,No,Not Applicable,730,UPI,22,4.3,4.1
2024-07-30 15:30:00,CNR7008496624,Canceled by Customer,CID332939,Prime Plus,Whitefield,Koramangala,,,Driver asked to cancel,Not Applicable,Not Applicable,Not Applicable,234,Not Applicable,0,,
2024-07-07 12:54:00,CNR5453866253,Success,CID559951,Prime Sedan,Hosur Road,Hosur Road,210.0,65.0,Not Applicable,Not Applicable,No,Not Applicable,899,Cash,10,4.0,4.4
2024-07-06 01:06:00,CNR5674227607,Success,CID994566,Mini,Hulimavu,Peenya,105.0,145.0,Not Applicable,Not Applicable,No,Not Applicable,120,Cash,26,4.8,4.0
2024-07-20 19:04:00,CNR9677224761,Success,CID465740,Bike,MG Road,Richmond Town,140.0,100.0,Not Applicable,Not Applicable,No,Not Applicable,2510,UPI,24,3.1,3.5
2024-07-06 19:47:00,CNR1658033072,Canceled by Driver,CID712855,Prime SUV,Malleshwaram,Magadi Road,,,Not Applicable,Customer related issue,Not Applicable,Not Applicable,413,Not Applicable,0,,
2024-07-19 19:48:00,CNR6845788811,Canceled by Customer,CID251008,Prime Sedan,RT Nagar,Whitefield,,,Change of plans,Not Applicable,Not Applicable,Not Applicable,1560,Not Applicable,0,,
2024-07-26 20:14:00,CNR6046369949,Success,CID300239,eBike,MG Road,Shantinagar,56.0,105.0,Not Applicable,Not Applicable,No,Not Applicable,813,UPI,8,4.6,3.0
2024-07-27 20:58:00,CNR6936573811,Success,CID820709,Bike,Frazer Town,HSR Layout,224.0,95.0,Not Applicable,Not Applicable,No,Not Applicable,136,UPI,36,4.5,3.6
2024-07-20 23:09:00,CNR5460043347,Success,CID855540,Prime SUV,Basavanagudi,Banashankari,224.0,70.0,Not Applicable,Not Applicable,No,Not Applicable,384,Cash,37,4.4,3.7
2024-07-14 11:26:00,CNR8925656632,Success,CID763435,Auto,Devanahalli,Kengeri,224.0,115.0,Not Applicable,Not Applicable,No,Not Applicable,303,Cash,5,4.6,4.8
2024-07-30 01:02:00,CNR6851760973,Success,CID778626,Mini,Cox Town,Sahakar Nagar,182.0,30.0,Not Applicable,Not Applicable,No,Not Applicable,419,Cash,47,4.7,4.3
2024-07-27 10:39:00,CNR5145893439,Success,CID181690,Prime Sedan,Malleshwaram,Hebbal,231.0,45.0,Not Applicable,Not Applicable,No,Not Applicable,401,UPI,8,3.5,4.9
2024-07-05 00:01:00,CNR4691386371,Canceled by Customer,CID828903,Prime Plus,Electronic City,Shantinagar,,,Driver is not moving towards pickup location,Not Applicable,Not Applicable,Not Applicable,435,Not Applicable,0,,
2024-07-06 18:34:00,CNR5185308168,Success,CID795393,Mini,JP Nagar,Whitefield,301.0,110.0,Not Applicable,Not Applicable,No,Not Applicable,1362,UPI,28,3.3,3.6
2024-07-13 02:10:00,CNR5092354023,Driver Not Found,CID757139,eBike,Devanahalli,Padmanabhanagar,,,Not Applicable,Not Applicable,Not Applicable,Not Applicable,310,Not Applicable,0,,
2024-07-30 15:52:00,CNR8585821603,Success,CID199790,eBike,Nagarbhavi,Electronic City,259.0,65.0,Not Applicable,Not Applicable,No,Not Applicable,390,Cash,30,4.9,4.6
2024-07-27 12:54:00,CNR4211136310,Driver Not Found,CID692428,Auto,Varthur,Kadugodi,,,Not Applicable,Not Applicable,Not Applicable,Not Applicable,459,Not Applicable,0,,
2024-07-08 01:09:00,CNR4785326676,Success,CID516835,Bike,Chickpet,MG Road,245.0,70.0,Not Applicable,Not Applicable,No,Not Applicable,450,Cash,31,3.7,4.3
2024-07-19 17:44:00,CNR5720059054,Driver Not Found,CID693072,Prime Sedan,Hennur,Banashankari,,,Not Applicable,Not Applicable,Not Applicable,Not Applicable,910,Not Applicable,0,,
2024-07-04 08:59:00,CNR9423495925,Success,CID464747,Prime Sedan,Electronic City,Shantinagar,105.0,65.0,Not Applicable,Not Applicable,No,Not Applicable,595,Credit Card,17,3.2,3.7
2024-07-04 23:44:00,CNR3356456456,Success,CID602395,Prime Plus,Rajajinagar,Peenya,119.0,85.0,Not Applicable,Not Applicable,No,Not Applicable,262,UPI,22,4.5,3.0
2024-07-21 00:21:00,CNR5887525251,Canceled by Driver,CID778506,Prime SUV,Langford Town,Electronic City,,,Not Applicable,More than permitted people in there,Not Applicable,Not Applicable,1662,Not Applicable,0,,
2024-07-20 14:25:00,CNR8106559740,Success,CID678376,Prime Plus,Nagarbhavi,Nagarbhavi,182.0,55.0,Not Applicable,Not Applicable,No,Not Applicable,695,Cash,46,4.7,4.8
2024-07-04 06:02:00,CNR2422542387,Success,CID839816,Bike,Devanahalli,Bannerghatta Road,182.0,105.0,Not Applicable,Not Applicable,No,Not Applicable,127,Cash,38,4.9,3.8
2024-07-01 10:59:00,CNR6559184412,Success,CID130829,Mini,Kadugodi,Malleshwaram,98.0,85.0,Not Applicable,Not Applicable,No,Not Applicable,671,UPI,46,4.8,4.7
2024-07-15 10:48:00,CNR9325438242,Success,CID253849,Prime SUV,Kammanahalli,Bannerghatta Road,245.0,25.0,Not Applicable,Not Applicable,No,Not Applicable,363,Credit Card,37,4.0,3.2
2024-07-18 07:20:00,CNR6882410274,Success,CID635276,eBike,Malleshwaram,Padmanabhanagar,133.0,85.0,Not Applicable,Not Applicable,No,Not Applicable,221,UPI,30,4.4,4.6
2024-07-12 10:28:00,CNR2263356616,Success,CID936357,eBike,Chamarajpet,Kengeri,252.0,50.0,Not Applicable,Not Applicable,No,Not Applicable,335,Cash,42,4.8,4.3
2024-07-15 11:35:00,CNR4692709545,Success,CID535090,eBike,Hebbal,Shantinagar,98.0,70.0,Not Applicable,Not Applicable,No,Not Applicable,397,Cash,4,3.3,3.6
2024-07-04 16:19:00,CNR9031617028,Success,CID541943,Auto,Chamarajpet,MG Road,203.0,45.0,Not Applicable,Not Applicable,No,Not Applicable,161,UPI,19,3.8,3.3
2024-07-10 05:57:00,CNR8359048695,Success,CID837017,eBike,Vijayanagar,Mysore Road,112.0,100.0,Not Applicable,Not Applicable,No,Not Applicable,382,Cash,23,3.6,3.0
2024-07-25 06:14:00,CNR7481458292,Success,CID545812,Prime Sedan,Marathahalli,Rajajinagar,301.0,35.0,Not Applicable,Not Applicable,No,Not Applicable,717,Cash,18,4.3,4.2
2024-07-12 21:28:00,CNR7719798117,Canceled by Driver,CID307864,Auto,MG Road,RT Nagar,,,Not Applicable,More than permitted people in there,Not Applicable,Not Applicable,219,Not Applicable,0,,
2024-07-10 11:21:00,CNR3327693378,Success,CID330880,Bike,Kengeri,BTM Layout,105.0,60.0,Not Applicable,Not Applicable,No,Not Applicable,259,UPI,10,3.5,3.7
2024-07-14 01:15:00,CNR3949833889,Canceled by Customer,CID102065,Bike,Jayanagar,HSR Layout,,,Wrong Address,Not Applicable,Not Applicable,Not Applicable,2716,Not Applicable,0,,
2024-07-02 04:46:00,CNR8067032407,Success,CID167452,eBike,Shantinagar,Ramamurthy Nagar,238.0,135.0,Not Applicable,Not Applicable,No,Not Applicable,341,Cash,21,3.2,3.2
2024-07-14 11:58:00,CNR3130780002,Success,CID578757,Prime Plus,RT Nagar,Jayanagar,245.0,110.0,Not Applicable,Not Applicable,No,Not Applicable,234,Cash,5,4.4,4.0
2024-07-07 22:04:00,CNR6827004424,Driver Not Found,CID118585,Prime Plus,Ulsoor,Devanahalli,,,Not Applicable,Not Applicable,Not Applicable,Not Applicable,314,Not Applicable,0,,
2024-07-16 07:57:00,CNR1624526378,Success,CID324503,Prime SUV,Electronic City,Devanahalli,301.0,120.0,Not Applicable,Not Applicable,No,Not Applicable,166,UPI,30,4.2,3.0
2024-07-24 10:03:00,CNR3753910371,Success,CID521788,Auto,Hebbal,Kammanahalli,133.0,60.0,Not Applicable,Not Applicable,No,Not Applicable,374,Cash,14,4.0,4.2
2024-07-23 04:01:00,CNR4186211779,Success,CID403254,Prime Sedan,Bannerghatta Road,Yeshwanthpur,161.0,35.0,Not Applicable,Not Applicable,No,Not Applicable,363,Cash,49,3.6,4.2
2024-07-20 23:42:00,CNR3584794481,Success,CID731788,Prime Plus,Rajarajeshwari Nagar,Ramamurthy Nagar,119.0,30.0,Not Applicable,Not Applicable,No,Not Applicable,729,UPI,21,3.3,4.7
2024-07-20 20:44:00,CNR1785472569,Canceled by Driver,CID983395,Prime Sedan,Chamarajpet,Varthur,,,Not Applicable,Customer related issue,Not Applicable,Not Applicable,450,Not Applicable,0,,
2024-07-29 04:43:00,CNR3374729098,Canceled by Driver,CID530620,Prime Sedan,Kengeri,Langford Town,,,Not Applicable,More than permitted people in there,Not Applicable,Not Applicable,947,Not Applicable,0,,
2024-07-03 13:01:00,CNR8596390516,Driver Not Found,CID636065,Prime SUV,Nagarbhavi,Chickpet,,,Not Applicable,Not Applicable,Not Applicable,Not Applicable,808,Not Applicable,0,,
2024-07-24 12:36:00,CNR1006488548,Success,CID167811,Auto,Peenya,Electronic City,77.0,70.0,Not Applicable,Not Applicable,No,Not Applicable,322,Cash,18,4.4,4.2
2024-07-15 08:54:00,CNR6403423980,Success,CID983221,Prime SUV,Bellandur,Magadi Road,119.0,115.0,Not Applicable,Not Applicable,No,Not Applicable,267,UPI,34,3.5,4.9
2024-07-11 05:29:00,CNR3287590428,Canceled by Customer,CID167844,Bike,Padmanabhanagar,Yeshwanthpur,,,Wrong Address,Not Applicable,Not Applicable,Not Applicable,205,Not Applicable,0,,
2024-07-15 22:58:00,CNR5626426233,Success,CID646588,Prime Sedan,Magadi Road,Yelahanka,35.0,140.0,Not Applicable,Not Applicable,No,Not Applicable,302,UPI,36,3.2,3.4
2024-07-20 06:02:00,CNR7374613635,Success,CID608468,Bike,Chickpet,Devanahalli,56.0,125.0,Not Applicable,Not Applicable,No,Not Applicable,446,Cash,48,3.4,3.2
2024-07-19 10:37:00,CNR9786081455,Driver Not Found,CID763522,Bike,Banashankari,Shantinagar,,,Not Applicable,Not Applicable,Not Applicable,Not Applicable,193,Not Applicable,0,,
2024-07-21 18:57:00,CNR3870039386,Driver Not Found,CID795217,Prime Sedan,Shantinagar,Indiranagar,,,Not Applicable,Not Applicable,Not Applicable,Not Applicable,116,Not Applicable,0,,
2024-07-18 17:36:00,CNR9514466660,Canceled by Driver,CID723130,Bike,Kadugodi,Shantinagar,,,Not Applicable,Customer related issue,Not Applicable,Not Applicable,596,Not Applicable,0,,
2024-07-26 07:23:00,CNR2747792994,Canceled by Driver,CID680095,Auto,BTM Layout,Richmond Town,,,Not Applicable,Personal & Car related issue,Not Applicable,Not Applicable,361,Not Applicable,0,,
2024-07-03 17:12:00,CNR6122563018,Canceled by Customer,CID962343,eBike,Electronic City,Koramangala,,,Driver is not moving towards pickup location,Not Applicable,Not Applicable,Not Applicable,460,Not Applicable,0,,
2024-07-29 17:54:00,CNR9117910483,Success,CID154779,Auto,Peenya,RT Nagar,133.0,135.0,Not Applicable,Not Applicable,No,Not Applicable,480,UPI,13,3.4,3.6
2024-07-24 08:02:00,CNR6351749994,Success,CID813072,Auto,Basavanagudi,Rajajinagar,182.0,70.0,Not Applicable,Not Applicable,No,Not Applicable,289,Cash,8,4.8,4.3
2024-07-04 04:28:00,CNR8240547863,Success,CID349459,Prime Sedan,Ramamurthy Nagar,Jayanagar,133.0,135.0,Not Applicable,Not Applicable,No,Not Applicable,444,UPI,1,3.3,4.3
2024-07-17 08:31:00,CNR9853350314,Success,CID743007,Prime Sedan,Basavanagudi,Bannerghatta Road,112.0,110.0,Not Applicable,Not Applicable,No,Not Applicable,399,Cash,47,4.1,4.3
2024-07-17 00:59:00,CNR9910110872,Success,CID165589,eBike,Shivajinagar,RT Nagar,70.0,30.0,Not Applicable,Not Applicable,No,Not Applicable,290,Cash,39,4.1,4.7
2024-07-08 10:28:00,CNR3270408546,Success,CID436456,Prime Plus,KR Puram,Hosur Road,175.0,45.0,Not Applicable,Not Applicable,No,Not Applicable,2206,UPI,37,4.1,4.9
2024-07-05 14:16:00,CNR3832583098,Success,CID895927,Auto,Banashankari,Kammanahalli,126.0,60.0,Not Applicable,Not Applicable,No,Not Applicable,236,UPI,6,3.4,4.5
2024-07-29 12:50:00,CNR9996836375,Success,CID981815,Prime Plus,Chickpet,Indiranagar,203.0,35.0,Not Applicable,Not Applicable,No,Not Applicable,176,UPI,6,3.9,3.5
2024-07-14 01:06:00,CNR8892798052,Success,CID164637,Bike,Yeshwanthpur,Richmond Town,182.0,85.0,Not Applicable,Not Applicable,No,Not Applicable,772,UPI,18,4.2,4.9
2024-07-26 10:29:00,CNR7480786721,Canceled by Customer,CID953210,Prime Plus,Basavanagudi,Langford Town,,,Change of plans,Not Applicable,Not Applicable,Not Applicable,1957,Not Applicable,0,,
2024-07-16 18:44:00,CNR4031294423,Success,CID894078,Bike,Ramamurthy Nagar,BTM Layout,112.0,145.0,Not Applicable,Not Applicable,No,Not Applicable,102,Cash,17,4.2,3.4
2024-07-13 06:41:00,CNR7867224274,Driver Not Found,CID419161,Prime Plus,Basavanagudi,Shivajinagar,,,Not Applicable,Not Applicable,Not Applicable,Not Applicable,149,Not Applicable,0,,
2024-07-29 12:06:00,CNR7076039554,Canceled by Customer,CID952951,Prime Plus,Basavanagudi,MG Road,,,Driver asked to cancel,Not Applicable,Not Applicable,Not Applicable,333,Not Applicable,0,,
2024-07-07 10:34:00,CNR6761423391,Canceled by Driver,CID941462,Mini,Shivajinagar,MG Road,,,Not Applicable,Personal & Car related issue,Not Applicable,Not Applicable,350,Not Applicable,0,,
2024-07-15 13:20:00,CNR7213688697,Canceled by Customer,CID822369,eBike,Banashankari,Electronic City,,,Change of plans,Not Applicable,Not Applicable,Not Applicable,2341,Not Applicable,0,,
2024-07-19 08:41:00,CNR4320311672,Success,CID245906,Bike,Nagarbhavi,Hennur,49.0,40.0,Not Applicable,Not Applicable,No,Not Applicable,247,Cash,45,4.7,4.7
2024-07-02 04:09:00,CNR4422148667,Driver Not Found,CID880971,Bike,Shivajinagar,Indiranagar,,,Not Applicable,Not Applicable,Not Applicable,Not Applicable,117,Not Applicable,0,,
2024-07-14 04:00:00,CNR6681240270,Success,CID704819,Auto,Basavanagudi,Kadugodi,35.0,100.0,Not Applicable,Not Applicable,No,Not Applicable,411,Cash,4,4.3,3.2
2024-07-23 06:05:00,CNR7533728781,Canceled by Driver,CID942586,Prime SUV,Majestic,Vijayanagar,,,Not Applicable,Personal & Car related issue,Not Applicable,Not Applicable,165,Not Applicable,0,,
2024-07-22 12:25:00,CNR9061681301,Success,CID806549,Auto,Basavanagudi,Nagarbhavi,308.0,115.0,Not Applicable,Not Applicable,No,Not Applicable,411,Cash,3,3.2,4.7
2024-07-28 21:51:00,CNR2247019059,Canceled by Driver,CID911841,Bike,Frazer Town,Indiranagar,,,Not Applicable,Customer was coughing/sick,Not Applicable,Not Applicable,267,Not Applicable,0,,
2024-07-04 18:16:00,CNR6048164634,Success,CID479296,Mini,Frazer Town,Electronic City,84.0,100.0,Not Applicable,Not Applicable,No,Not Applicable,290,UPI,1,3.8,3.4
2024-07-14 01:53:00,CNR1375050798,Canceled by Driver,CID526140,Prime Plus,Chickpet,Yeshwanthpur,,,Not Applicable,Customer related issue,Not Applicable,Not Applicable,639,Not Applicable,0,,
2024-07-12 21:46:00,CNR4521352187,Success,CID198208,Prime Sedan,Shantinagar,Kadugodi,91.0,145.0,Not Applicable,Not Applicable,Yes,Vehicle Breakdown,197,UPI,5,4.5,3.8
2024-07-03 09:57:00,CNR9003676883,Canceled by Customer,CID199972,Prime Plus,Nagarbhavi,Vijayanagar,,,Driver is not moving towards pickup location,Not Applicable,Not Applicable,Not Applicable,202,Not Applicable,0,,
2024-07-25 20:44:00,CNR7189560872,Canceled by Driver,CID700504,Mini,Rajarajeshwari Nagar,Kengeri,,,Not Applicable,Personal & Car related issue,Not Applicable,Not Applicable,106,Not Applicable,0,,
2024-07-03 10:16:00,CNR1651061199,Canceled by Driver,CID264062,Prime SUV,Kammanahalli,Marathahalli,,,Not Applicable,Personal & Car related issue,Not Applicable,Not Applicable,208,Not Applicable,0,,
2024-07-18 03:25:00,CNR6437297762,Success,CID971978,Prime Plus,JP Nagar,Chickpet,140.0,65.0,Not Applicable,Not Applicable,No,Not Applicable,286,Cash,9,4.0,3.4
2024-07-22 02:07:00,CNR5776344204,Success,CID197552,Prime Sedan,Hebbal,Shivajinagar,189.0,60.0,Not Applicable,Not Applicable,No,Not Applicable,266,UPI,38,4.6,4.2
2024-07-23 13:04:00,CNR9693653600,Success,CID585531,Mini,Whitefield,Peenya,168.0,125.0,Not Applicable,Not Applicable,No,Not Applicable,181,Cash,45,4.7,4.0
2024-07-16 10:53:00,CNR8095497016,Driver Not Found,CID429114,Bike,Banashankari,Basavanagudi,,,Not Applicable,Not Applicable,Not Applicable,Not Applicable,253,Not Applicable,0,,
2024-07-07 16:35:00,CNR3073287280,Success,CID923074,Bike,Kammanahalli,Rajarajeshwari Nagar,217.0,80.0,Not Applicable,Not Applicable,No,Not Applicable,394,Cash,19,4.7,3.1
2024-07-06 20:58:00,CNR4807773103,Canceled by Driver,CID264386,eBike,HSR Layout,Bannerghatta Road,,,Not Applicable,More than permitted people in there,Not Applicable,Not Applicable,450,Not Applicable,0,,
2024-07-10 21:07:00,CNR7550053063,Success,CID433240,Prime Sedan,Kengeri,Padmanabhanagar,119.0,120.0,Not Applicable,Not Applicable,No,Not Applicable,257,Cash,33,5.0,3.8
2024-07-14 14:21:00,CNR4917775175,Canceled by Driver,CID680397,Bike,MG Road,Devanahalli,,,Not Applicable,More than permitted people in there,Not Applicable,Not Applicable,514,Not Applicable,0,,
2024-07-18 22:51:00,CNR8844917365,Canceled by Customer,CID645134,Prime Plus,Bannerghatta Road,Mysore Road,,,Driver is not moving towards pickup location,Not Applicable,Not Applicable,Not Applicable,297,Not Applicable,0,,
2024-07-02 16:15:00,CNR4304818855,Success,CID167655,Bike,Ulsoor,Shantinagar,49.0,145.0,Not Applicable,Not Applicable,No,Not Applicable,423,Cash,11,4.0,5.0
2024-07-29 16:37:00,CNR9712243676,Driver Not Found,CID749184,eBike,Peenya,BTM Layout,,,Not Applicable,Not Applicable,Not Applicable,Not Applicable,316,Not Applicable,0,,
2024-07-03 11:19:00,CNR9304879961,Canceled by Driver,CID291592,Mini,Rajarajeshwari Nagar,Whitefield,,,Not Applicable,More than permitted people in there,Not Applicable,Not Applicable,458,Not Applicable,0,,
2024-07-29 01:28:00,CNR4884727452,Canceled by Driver,CID910820,Auto,Banashankari,BTM Layout,,,Not Applicable,Customer was coughing/sick,Not Applicable,Not Applicable,532,Not Applicable,0,,
2024-07-24 16:14:00,CNR4404009361,Success,CID851893,Auto,Indiranagar,Ulsoor,280.0,85.0,Not Applicable,Not Applicable,No,Not Applicable,216,UPI,16,4.9,4.4
2024-07-25 22:30:00,CNR3093688790,Canceled by Customer,CID130989,Prime Sedan,Sarjapur Road,Kengeri,,,Wrong Address,Not Applicable,Not Applicable,Not Applicable,534,Not Applicable,0,,
2024-07-09 16:04:00,CNR6952740275,Driver Not Found,CID649591,Prime Sedan,Sahakar Nagar,Vijayanagar,,,Not Applicable,Not Applicable,Not Applicable,Not Applicable,2974,Not Applicable,0,,
2024-07-01 03:37:00,CNR5154132467,Success,CID697475,eBike,HSR Layout,Whitefield,287.0,145.0,Not Applicable,Not Applicable,No,Not Applicable,146,Cash,24,4.1,4.1
2024-07-23 20:42:00,CNR1744770857,Success,CID174330,eBike,Indiranagar,Devanahalli,133.0,60.0,Not Applicable,Not Applicable,No,Not Applicable,870,UPI,26,4.2,4.0
2024-07-06 12:48:00,CNR9754074526,Success,CID234756,Mini,Majestic,RT Nagar,175.0,95.0,Not Applicable,Not Applicable,No,Not Applicable,410,Cash,28,4.3,3.1
2024-07-08 14:40:00,CNR9739923115,Success,CID325590,Prime Sedan,Hosur Road,Vijayanagar,42.0,105.0,Not Applicable,Not Applicable,No,Not Applicable,204,Cash,34,3.1,3.5
2024-07-21 20:17:00,CNR9153036644,Success,CID828424,Auto,Jayanagar,BTM Layout,308.0,145.0,Not Applicable,Not Applicable,No,Not Applicable,141,UPI,19,4.6,4.0
2024-07-26 06:16:00,CNR7409102207,Success,CID712560,Prime Plus,Mysore Road,MG Road,147.0,75.0,Not Applicable,Not Applicable,No,Not Applicable,416,UPI,26,3.3,4.7
2024-07-08 08:34:00,CNR3534975468,Driver Not Found,CID186341,Prime Plus,Yelahanka,Electronic City,,,Not Applicable,Not Applicable,Not Applicable,Not Applicable,138,Not Applicable,0,,
2024-07-04 01:00:00,CNR8546237090,Success,CID172150,eBike,Hulimavu,Malleshwaram,259.0,105.0,Not Applicable,Not Applicable,No,Not Applicable,430,Cash,24,4.3,5.0
2024-07-14 10:26:00,CNR5229087751,Driver Not Found,CID998270,eBike,HSR Layout,BTM Layout,,,Not Applicable,Not Applicable,Not Applicable,Not Applicable,179,Not Applicable,0,,
2024-07-16 23:28:00,CNR3091214060,Canceled by Customer,CID508821,Bike,Banashankari,Shivajinagar,,,Driver is not moving towards pickup location,Not Applicable,Not Applicable,Not Applicable,2953,Not Applicable,0,,
2024-07-18 15:32:00,CNR1441222354,Success,CID112470,Mini,Richmond Town,Indiranagar,182.0,125.0,Not Applicable,Not Applicable,No,Not Applicable,615,Cash,30,4.7,3.2
2024-07-25 00:23:00,CNR3609923412,Canceled by Driver,CID446478,Prime SUV,JP Nagar,Whitefield,,,Not Applicable,Customer was coughing/sick,Not Applicable,Not Applicable,370,Not Applicable,0,,
2024-07-27 14:31:00,CNR1013852055,Success,CID280328,Bike,HSR Layout,Kadugodi,119.0,40.0,Not Applicable,Not Applicable,No,Not Applicable,465,Cash,30,3.8,4.8
2024-07-13 14:26:00,CNR5263789197,Success,CID766197,Prime Plus,Hennur,RT Nagar,133.0,25.0,Not Applicable,Not Applicable,No,Not Applicable,419,UPI,9,4.8,3.1
2024-07-03 18:12:00,CNR1079127900,Driver Not Found,CID711015,Auto,Cox Town,RT Nagar,,,Not Applicable,Not Applicable,Not Applicable,Not Applicable,904,Not Applicable,0,,
2024-07-23 10:13:00,CNR9774628042,Canceled by Driver,CID980267,Prime Sedan,Kadugodi,Mysore Road,,,Not Applicable,Customer related issue,Not Applicable,Not Applicable,305,Not Applicable,0,,
2024-07-10 15:50:00,CNR2573564352,Driver Not Found,CID259577,Bike,Marathahalli,Electronic City,,,Not Applicable,Not Applicable,Not Applicable,Not Applicable,250,Not Applicable,0,,
2024-07-17 19:43:00,CNR8715268141,Canceled by Driver,CID795340,Auto,Ulsoor,Majestic,,,Not Applicable,Personal & Car related issue,Not Applicable,Not Applicable,110,Not Applicable,0,,
2024-07-19 21:10:00,CNR1259290627,Canceled by Customer,CID118205,Bike,RT Nagar,Rajajinagar,,,Change of plans,Not Applicable,Not Applicable,Not Applicable,191,Not Applicable,0,,
2024-07-06 12:54:00,CNR9871396916,Driver Not Found,CID280453,Prime Plus,Nagarbhavi,Mysore Road,,,Not Applicable,Not Applicable,Not Applicable,Not Applicable,149,Not Applicable,0,,
2024-07-11 11:52:00,CNR5822086784,Success,CID237098,Prime Sedan,Chamarajpet,Hulimavu,91.0,140.0,Not Applicable,Not Applicable,No,Not Applicable,198,UPI,3,4.8,3.1
2024-07-19 00:29:00,CNR8621253157,Success,CID600600,Prime Sedan,Shantinagar,Varthur,266.0,40.0,Not Applicable,Not Applicable,No,Not Applicable,381,Cash,37,4.5,3.4
2024-07-26 07:55:00,CNR6855838475,Canceled by Driver,CID241715,Prime SUV,JP Nagar,Rajarajeshwari Nagar,,,Not Applicable,Customer related issue,Not Applicable,Not Applicable,982,Not Applicable,0,,
2024-07-18 15:10:00,CNR6545024409,Success,CID891329,Bike,Yelahanka,Chickpet,175.0,50.0,Not Applicable,Not Applicable,No,Not Applicable,273,Cash,45,4.8,3.7
2024-07-20 04:13:00,CNR5369639354,Driver Not Found,CID819017,Mini,Chamarajpet,Hennur,,,Not Applicable,Not Applicable,Not Applicable,Not Applicable,281,Not Applicable,0,,
2024-07-26 08:02:00,CNR7766556678,Success,CID681068,Mini,Jayanagar,MG Road,308.0,125.0,Not Applicable,Not Applicable,No,Not Applicable,288,UPI,40,4.7,3.5
2024-07-20 07:29:00,CNR3525401335,Success,CID441208,Bike,Whitefield,Chamarajpet,245.0,50.0,Not Applicable,Not Applicable,No,Not Applicable,411,UPI,17,3.0,4.7
2024-07-14 07:39:00,CNR7846307397,Success,CID520234,Mini,BTM Layout,Chamarajpet,91.0,135.0,Not Applicable,Not Applicable,No,Not Applicable,417,Cash,20,3.5,4.4
2024-07-21 20:20:00,CNR5754015994,Success,CID197735,eBike,Ramamurthy Nagar,Padmanabhanagar,105.0,65.0,Not Applicable,Not Applicable,No,Not Applicable,325,Debit Card,15,4.6,3.3
2024-07-16 21:04:00,CNR2554206800,Driver Not Found,CID771578,Bike,Hulimavu,Electronic City,,,Not Applicable,Not Applicable,Not Applicable,Not Applicable,1402,Not Applicable,0,,
2024-07-30 06:52:00,CNR4001009382,Driver Not Found,CID847129,Prime Sedan,Jayanagar,Marathahalli,,,Not Applicable,Not Applicable,Not Applicable,Not Applicable,360,Not Applicable,0,,
2024-07-27 05:32:00,CNR8973246339,Success,CID854626,eBike,Hulimavu,Malleshwaram,56.0,75.0,Not Applicable,Not Applicable,Yes,Customer Demand,577,UPI,3,4.3,4.5
2024-07-03 05:59:00,CNR3034679554,Canceled by Driver,CID728167,Prime SUV,Bellandur,JP Nagar,,,Not Applicable,Personal & Car related issue,Not Applicable,Not Applicable,307,Not Applicable,0,,
2024-07-18 03:12:00,CNR2147727612,Success,CID583136,eBike,Whitefield,Banashankari,287.0,30.0,Not Applicable,Not Applicable,No,Not Applicable,201,UPI,43,4.7,4.6
2024-07-13 03:58:00,CNR8667587823,Success,CID104066,Prime Sedan,Hosur Road,Nagarbhavi,105.0,40.0,Not Applicable,Not Applicable,No,Not Applicable,445,UPI,32,3.8,3.8
2024-07-08 11:11:00,CNR2351467719,Canceled by Customer,CID229137,Prime Plus,RT Nagar,Ramamurthy Nagar,,,Wrong Address,Not Applicable,Not Applicable,Not Applicable,878,Not Applicable,0,,
2024-07-26 22:42:00,CNR9469870988,Success,CID658084,eBike,Hebbal,Hulimavu,182.0,80.0,Not Applicable,Not Applicable,No,Not Applicable,614,Cash,47,3.5,3.4
2024-07-14 13:42:00,CNR6965573428,Success,CID253454,Prime SUV,Kengeri,Whitefield,196.0,60.0,Not Applicable,Not Applicable,Yes,Customer Demand,380,UPI,48,4.9,4.0
2024-07-13 06:57:00,CNR3146533200,Canceled by Customer,CID295380,Bike,Frazer Town,Marathahalli,,,Driver asked to cancel,Not Applicable,Not Applicable,Not Applicable,289,Not Applicable,0,,
2024-07-22 22:12:00,CNR2016467744,Success,CID706111,Bike,Bellandur,JP Nagar,287.0,55.0,Not Applicable,Not Applicable,No,Not Applicable,475,Cash,24,4.7,3.1
2024-07-25 20:59:00,CNR9414730321,Success,CID737797,Auto,Shivajinagar,MG Road,189.0,135.0,Not Applicable,Not Applicable,No,Not Applicable,868,Cash,12,4.2,4.0
2024-07-27 03:02:00,CNR4164769958,Success,CID615542,Mini,Magadi Road,Sarjapur Road,98.0,40.0,Not Applicable,Not Applicable,No,Not Applicable,750,Cash,41,3.7,4.6
2024-07-30 05:50:00,CNR3522371558,Success,CID138899,Bike,Richmond Town,Hebbal,266.0,80.0,Not Applicable,Not Applicable,No,Not Applicable,198,Cash,40,3.4,4.9
2024-07-08 09:42:00,CNR2336733550,Canceled by Driver,CID278754,Prime SUV,KR Puram,Electronic City,,,Not Applicable,Personal & Car related issue,Not Applicable,Not Applicable,1173,Not Applicable,0,,
2024-07-19 21:49:00,CNR8251409130,Success,CID303279,Bike,Kadugodi,Rajajinagar,168.0,40.0,Not Applicable,Not Applicable,No,Not Applicable,989,Cash,13,3.4,3.6
2024-07-08 17:40:00,CNR6776710841,Canceled by Driver,CID112996,Prime Plus,KR Puram,Rajarajeshwari Nagar,,,Not Applicable,More than permitted people in there,Not Applicable,Not Applicable,402,Not Applicable,0,,
2024-07-03 11:46:00,CNR1680221351,Driver Not Found,CID500795,Prime Plus,Koramangala,Yelahanka,,,Not Applicable,Not Applicable,Not Applicable,Not Applicable,106,Not Applicable,0,,
2024-07-21 03:44:00,CNR6747305048,Success,CID768807,Bike,Malleshwaram,Yeshwanthpur,133.0,100.0,Not Applicable,Not Applicable,Yes,Customer Demand,353,Cash,31,3.2,4.0
2024-07-01 00:21:00,CNR6130922974,Success,CID689054,Prime Sedan,Electronic City,Basavanagudi,273.0,50.0,Not Applicable,Not Applicable,No,Not Applicable,488,Cash,36,5.0,4.2
2024-07-04 21:27:00,CNR3053374670,Success,CID219643,Auto,KR Puram,Kadugodi,112.0,145.0,Not Applicable,Not Applicable,No,Not Applicable,578,Cash,15,4.5,3.9
2024-07-25 14:57:00,CNR7174838883,Success,CID855642,eBike,HSR Layout,Varthur,161.0,55.0,Not Applicable,Not Applicable,No,Not Applicable,450,UPI,30,3.8,3.8
2024-07-28 10:52:00,CNR1620906218,Success,CID358691,Prime SUV,Jayanagar,Frazer Town,98.0,100.0,Not Applicable,Not Applicable,No,Not Applicable,131,Cash,23,3.4,3.5
2024-07-10 01:07:00,CNR9775826828,Success,CID871136,Prime SUV,Rajarajeshwari Nagar,Kengeri,203.0,50.0,Not Applicable,Not Applicable,Yes,Vehicle Breakdown,883,Credit Card,20,3.1,3.9
2024-07-18 08:16:00,CNR6508759078,Success,CID328392,Prime Sedan,Ulsoor,Kadugodi,266.0,105.0,Not Applicable,Not Applicable,No,Not Applicable,522,UPI,11,3.5,3.9
2024-07-02 09:23:00,CNR7483287282,Success,CID881051,Mini,Marathahalli,Tumkur Road,35.0,40.0,Not Applicable,Not Applicable,No,Not Applicable,883,UPI,28,3.9,4.8
2024-07-05 05:35:00,CNR7106256825,Success,CID191974,eBike,Devanahalli,Shivajinagar,140.0,25.0,Not Applicable,Not Applicable,No,Not Applicable,1140,Cash,24,3.2,3.2
2024-07-24 18:36:00,CNR7052154068,Canceled by Driver,CID134734,eBike,Hosur Road,Hosur Road,,,Not Applicable,Customer related issue,Not Applicable,Not Applicable,317,Not Applicable,0,,
2024-07-21 13:01:00,CNR2385163252,Driver Not Found,CID341164,Prime Sedan,Banashankari,Yelahanka,,,Not Applicable,Not Applicable,Not Applicable,Not Applicable,943,Not Applicable,0,,
2024-07-21 10:49:00,CNR3247504326,Success,CID840270,Prime Sedan,Nagarbhavi,Langford Town,77.0,135.0,Not Applicable,Not Applicable,No,Not Applicable,442,Cash,14,3.2,3.1
2024-07-21 19:08:00,CNR6285975751,Driver Not Found,CID971327,Prime Plus,Rajajinagar,Banashankari,,,Not Applicable,Not Applicable,Not Applicable,Not Applicable,2540,Not Applicable,0,,
2024-07-09 01:16:00,CNR5012963996,Success,CID531584,Bike,Kengeri,Hebbal,42.0,100.0,Not Applicable,Not Applicable,No,Not Applicable,432,Cash,8,4.2,4.7
2024-07-13 23:15:00,CNR8306724113,Success,CID486356,Mini,Rajajinagar,Chamarajpet,280.0,80.0,Not Applicable,Not Applicable,No,Not Applicable,1702,UPI,17,3.2,3.7
2024-07-26 02:12:00,CNR1553754777,Success,CID684478,eBike,Langford Town,Yeshwanthpur,245.0,70.0,Not Applicable,Not Applicable,No,Not Applicable,239,Credit Card,41,3.7,3.8
2024-07-14 07:04:00,CNR7555150091,Driver Not Found,CID473015,Bike,Hulimavu,RT Nagar,,,Not Applicable,Not Applicable,Not Applicable,Not Applicable,214,Not Applicable,0,,
2024-07-18 08:05:00,CNR6137428204,Success,CID819767,Prime SUV,JP Nagar,Ulsoor,175.0,125.0,Not Applicable,Not Applicable,No,Not Applicable,165,UPI,11,3.3,3.4
2024-07-21 12:25:00,CNR4017535750,Success,CID678141,Prime SUV,Hulimavu,Hulimavu,77.0,95.0,Not Applicable,Not Applicable,No,Not Applicable,137,Cash,25,4.1,4.4
2024-07-20 08:17:00,CNR1217372749,Success,CID178557,Auto,Yeshwanthpur,Kadugodi,42.0,95.0,Not Applicable,Not Applicable,No,Not Applicable,458,UPI,1,3.8,3.4
2024-07-17 04:12:00,CNR3209197562,Canceled by Driver,CID828866,Prime Sedan,Peenya,KR Puram,,,Not Applicable,Customer related issue,Not Applicable,Not Applicable,176,Not Applicable,0,,
2024-07-01 21:06:00,CNR9941439651,Success,CID956489,Prime SUV,Basavanagudi,Electronic City,161.0,90.0,Not Applicable,Not Applicable,No,Not Applicable,326,Cash,28,4.1,3.1
2024-07-11 13:31:00,CNR1362521411,Success,CID445190,Mini,Bellandur,Koramangala,154.0,35.0,Not Applicable,Not Applicable,No,Not Applicable,107,Cash,33,3.6,4.3
2024-07-10 00:52:00,CNR8091922376,Success,CID737623,Mini,MG Road,Richmond Town,84.0,85.0,Not Applicable,Not Applicable,No,Not Applicable,423,UPI,24,4.2,4.7
2024-07-04 17:33:00,CNR1757063559,Success,CID366947,Auto,Tumkur Road,Cox Town,238.0,45.0,Not Applicable,Not Applicable,No,Not Applicable,318,Cash,2,3.1,3.9
2024-07-11 17:25:00,CNR6775139441,Canceled by Customer,CID412890,Bike,Mysore Road,Hosur Road,,,Wrong Address,Not Applicable,Not Applicable,Not Applicable,290,Not Applicable,0,,
2024-07-13 19:37:00,CNR4905724815,Success,CID746691,Prime Sedan,Magadi Road,RT Nagar,63.0,75.0,Not Applicable,Not Applicable,No,Not Applicable,290,Cash,37,4.9,4.0
2024-07-29 05:29:00,CNR1611838239,Success,CID471405,Bike,Hosur Road,Marathahalli,196.0,145.0,Not Applicable,Not Applicable,No,Not Applicable,429,UPI,43,4.0,4.0
2024-07-19 04:15:00,CNR2461092976,Driver Not Found,CID731721,Prime SUV,Basavanagudi,Indiranagar,,,Not Applicable,Not Applicable,Not Applicable,Not Applicable,920,Not Applicable,0,,
2024-07-30 11:16:00,CNR8424774226,Success,CID372514,Auto,Majestic,RT Nagar,252.0,60.0,Not Applicable,Not Applicable,No,Not Applicable,372,Cash,8,4.4,4.0
2024-07-07 04:14:00,CNR5806625271,Success,CID265398,Prime SUV,Mysore Road,Chickpet,154.0,50.0,Not Applicable,Not Applicable,No,Not Applicable,605,UPI,33,4.6,4.7
2024-07-21 00:35:00,CNR3355324902,Success,CID590486,Prime Plus,Hebbal,Kengeri,161.0,25.0,Not Applicable,Not Applicable,No,Not Applicable,386,UPI,25,3.8,4.2
2024-07-14 22:58:00,CNR6398803918,Success,CID201055,Prime SUV,Rajarajeshwari Nagar,Frazer Town,175.0,70.0,Not Applicable,Not Applicable,No,Not Applicable,166,Credit Card,8,4.1,4.5
2024-07-09 09:09:00,CNR2679748363,Success,CID613239,Prime SUV,MG Road,Shantinagar,280.0,75.0,Not Applicable,Not Applicable,No,Not Applicable,479,Cash,4,4.7,4.5
2024-07-04 09:35:00,CNR4794044340,Canceled by Driver,CID243444,Mini,Hennur,Yeshwanthpur,,,Not Applicable,Customer related issue,Not Applicable,Not Applicable,829,Not Applicable,0,,
2024-07-20 02:57:00,CNR4030325062,Canceled by Driver,CID954615,Prime SUV,KR Puram,Koramangala,,,Not Applicable,Customer was coughing/sick,Not Applicable,Not Applicable,361,Not Applicable,0,,
2024-07-18 01:49:00,CNR3591235574,Driver Not Found,CID612148,Prime Sedan,Shivajinagar,Tumkur Road,,,Not Applicable,Not Applicable,Not Applicable,Not Applicable,1069,Not Applicable,0,,
2024-07-16 03:29:00,CNR1459638117,Success,CID986079,Bike,Richmond Town,RT Nagar,168.0,125.0,Not Applicable,Not Applicable,No,Not Applicable,986,UPI,43,4.2,3.8
2024-07-07 02:23:00,CNR4855487031,Success,CID977215,Bike,Hebbal,Richmond Town,252.0,35.0,Not Applicable,Not Applicable,Yes,Customer Demand,1526,UPI,16,4.2,4.7
2024-07-05 23:07:00,CNR7686107729,Success,CID632246,Prime Sedan,Shivajinagar,Varthur,196.0,70.0,Not Applicable,Not Applicable,No,Not Applicable,857,UPI,7,3.4,4.1
2024-07-10 13:35:00,CNR1964263484,Canceled by Driver,CID513346,Prime Sedan,Bannerghatta Road,Nagarbhavi,,,Not Applicable,Personal & Car related issue,Not Applicable,Not Applicable,351,Not Applicable,0,,
2024-07-15 05:21:00,CNR5509691100,Success,CID817922,Auto,Yelahanka,Shivajinagar,252.0,40.0,Not Applicable,Not Applicable,No,Not Applicable,486,Cash,2,4.2,4.0
2024-07-04 05:09:00,CNR9832563157,Success,CID944093,Prime SUV,Kengeri,Malleshwaram,126.0,135.0,Not Applicable,Not Applicable,No,Not Applicable,251,Cash,13,3.7,4.0
2024-07-06 09:35:00,CNR8799233904,Canceled by Driver,CID347607,Bike,Vijayanagar,Majestic,,,Not Applicable,Customer was coughing/sick,Not Applicable,Not Applicable,374,Not Applicable,0,,
2024-07-28 14:54:00,CNR1667370625,Success,CID163513,Prime SUV,Whitefield,Marathahalli,210.0,135.0,Not Applicable,Not Applicable,No,Not Applicable,288,UPI,40,3.8,4.9
2024-07-02 12:29:00,CNR2636829928,Success,CID628392,Bike,Rajarajeshwari Nagar,BTM Layout,245.0,110.0,Not Applicable,Not Applicable,No,Not Applicable,239,Cash,38,4.2,3.3
2024-07-15 15:23:00,CNR7294957667,Canceled by Customer,CID789863,Mini,Tumkur Road,Tumkur Road,,,Driver is not moving towards pickup location,Not Applicable,Not Applicable,Not Applicable,367,Not Applicable,0,,
2024-07-04 06:55:00,CNR3497303844,Success,CID322121,Bike,Hennur,Peenya,63.0,45.0,Not Applicable,Not Applicable,No,Not Applicable,368,Cash,31,4.2,4.5
2024-07-24 21:35:00,CNR9179286360,Success,CID126037,eBike,HSR Layout,Richmond Town,203.0,135.0,Not Applicable,Not Applicable,No,Not Applicable,2319,UPI,8,3.2,3.5
2024-07-25 20:26:00,CNR6199324032,Success,CID476821,Prime Plus,Whitefield,Jayanagar,259.0,25.0,Not Applicable,Not Applicable,No,Not Applicable,254,Cash,37,3.5,4.7
2024-07-23 18:07:00,CNR8870232825,Success,CID827704,Prime Sedan,Yelahanka,Majestic,245.0,100.0,Not Applicable,Not Applicable,No,Not Applicable,409,Cash,42,4.3,3.2
2024-07-24 21:48:00,CNR1480812747,Success,CID239105,eBike,RT Nagar,Kengeri,126.0,85.0,Not Applicable,Not Applicable,Yes,Vehicle Breakdown,346,UPI,2,4.5,4.0
2024-07-19 13:13:00,CNR7049186768,Success,CID162169,eBike,Shivajinagar,Varthur,119.0,70.0,Not Applicable,Not Applicable,No,Not Applicable,222,UPI,49,4.8,4.8
2024-07-04 16:50:00,CNR9639769624,Success,CID761278,Bike,Frazer Town,Shivajinagar,84.0,50.0,Not Applicable,Not Applicable,Yes,Vehicle Breakdown,2916,UPI,20,4.2,3.7
2024-07-04 07:25:00,CNR4323078496,Success,CID627607,Prime Plus,Electronic City,Magadi Road,175.0,40.0,Not Applicable,Not Applicable,No,Not Applicable,115,UPI,45,4.9,3.6
2024-07-17 07:57:00,CNR1433709030,Success,CID296234,Prime SUV,Tumkur Road,Chamarajpet,147.0,90.0,Not Applicable,Not Applicable,No,Not Applicable,132,UPI,10,3.3,3.6
2024-07-16 23:04:00,CNR3156315148,Canceled by Customer,CID388050,Bike,Magadi Road,Chickpet,,,Driver asked to cancel,Not Applicable,Not Applicable,Not Applicable,299,Not Applicable,0,,
2024-07-26 07:40:00,CNR2442546110,Success,CID261885,Prime Plus,Frazer Town,Tumkur Road,308.0,55.0,Not Applicable,Not Applicable,No,Not Applicable,104,Cash,33,4.6,3.8
2024-07-03 05:01:00,CNR7133211716,Canceled by Driver,CID958624,Auto,RT Nagar,Sarjapur Road,,,Not Applicable,Customer related issue,Not Applicable,Not Applicable,132,Not Applicable,0,,
2024-07-24 10:05:00,CNR2228184912,Success,CID874127,eBike,Yeshwanthpur,Electronic City,238.0,85.0,Not Applicable,Not Applicable,No,Not Applicable,368,Cash,24,3.6,3.7
2024-07-16 03:31:00,CNR1611015596,Driver Not Found,CID740842,eBike,Rajajinagar,Peenya,,,Not Applicable,Not Applicable,Not Applicable,Not Applicable,147,Not Applicable,0,,
2024-07-28 09:41:00,CNR3068067793,Canceled by Driver,CID175587,Mini,Rajajinagar,Basavanagudi,,,Not Applicable,Customer related issue,Not Applicable,Not Applicable,2853,Not Applicable,0,,
2024-07-14 07:40:00,CNR8743060192,Success,CID277752,Mini,Electronic City,Basavanagudi,301.0,45.0,Not Applicable,Not Applicable,No,Not Applicable,844,UPI,43,3.9,3.8
2024-07-10 15:26:00,CNR7053228434,Success,CID911852,Bike,Peenya,Kadugodi,98.0,40.0,Not Applicable,Not Applicable,No,Not Applicable,770,UPI,4,4.5,4.2
2024-07-20 13:41:00,CNR6319262109,Success,CID618918,Bike,Langford Town,Yelahanka,154.0,25.0,Not Applicable,Not Applicable,No,Not Applicable,166,Cash,29,4.8,4.9
2024-07-12 00:01:00,CNR6343818108,Canceled by Driver,CID945680,Prime SUV,Padmanabhanagar,RT Nagar,,,Not Applicable,Personal & Car related issue,Not Applicable,Not Applicable,148,Not Applicable,0,,
2024-07-01 02:46:00,CNR4452601382,Canceled by Customer,CID366625,Bike,Vijayanagar,HSR Layout,,,AC is Not working,Not Applicable,Not Applicable,Not Applicable,473,Not Applicable,0,,
2024-07-14 23:00:00,CNR3404950298,Canceled by Customer,CID520444,eBike,Hennur,Banashankari,,,AC is Not working,Not Applicable,Not Applicable,Not Applicable,542,Not Applicable,0,,
2024-07-10 05:51:00,CNR9755972890,Success,CID419282,Prime SUV,Hosur Road,Richmond Town,203.0,130.0,Not Applicable,Not Applicable,Yes,Vehicle Breakdown,311,Cash,42,3.0,3.2
2024-07-16 19:46:00,CNR8941967641,Canceled by Driver,CID711209,Prime Plus,Ulsoor,Sarjapur Road,,,Not Applicable,Customer related issue,Not Applicable,Not Applicable,420,Not Applicable,0,,
2024-07-19 17:10:00,CNR5235655519,Success,CID883665,Mini,Cox Town,Basavanagudi,182.0,30.0,Not Applicable,Not Applicable,No,Not Applicable,231,Credit Card,19,3.1,4.8
2024-07-04 02:05:00,CNR1125394548,Success,CID518191,Prime Plus,Hebbal,Sarjapur Road,231.0,65.0,Not Applicable,Not Applicable,No,Not Applicable,276,Cash,3,3.2,3.5
2024-07-16 03:31:00,CNR2536961691,Success,CID203030,Auto,JP Nagar,Yeshwanthpur,245.0,25.0,Not Applicable,Not Applicable,No,Not Applicable,179,Cash,16,4.2,4.9
2024-07-10 05:37:00,CNR9419827432,Success,CID655499,Bike,Hulimavu,Mysore Road,175.0,35.0,Not Applicable,Not Applicable,No,Not Applicable,310,UPI,5,3.3,4.4
2024-07-22 00:41:00,CNR5258888584,Canceled by Driver,CID259380,Prime Sedan,Shivajinagar,Sarjapur Road,,,Not Applicable,Personal & Car related issue,Not Applicable,Not Applicable,696,Not Applicable,0,,
2024-07-27 02:58:00,CNR2613032223,Success,CID731838,Auto,Hebbal,Vijayanagar,203.0,140.0,Not Applicable,Not Applicable,No,Not Applicable,346,Cash,8,4.5,3.8
2024-07-18 22:51:00,CNR1612056652,Canceled by Driver,CID835424,Prime Plus,Langford Town,Sarjapur Road,,,Not Applicable,Customer was coughing/sick,Not Applicable,Not Applicable,165,Not Applicable,0,,
2024-07-02 15:18:00,CNR9831231245,Success,CID510402,eBike,Electronic City,Ramamurthy Nagar,210.0,65.0,Not Applicable,Not Applicable,No,Not Applicable,792,UPI,39,4.7,3.4
2024-07-30 13:51:00,CNR1494051186,Driver Not Found,CID783455,Prime Plus,JP Nagar,Sarjapur Road,,,Not Applicable,Not Applicable,Not Applicable,Not Applicable,366,Not Applicable,0,,
2024-07-03 06:43:00,CNR3551013371,Canceled by Driver,CID343943,Prime Plus,Rajarajeshwari Nagar,Whitefield,,,Not Applicable,Customer related issue,Not Applicable,Not Applicable,516,Not Applicable,0,,
2024-07-25 19:31:00,CNR1573448077,Success,CID488855,Mini,BTM Layout,Shivajinagar,231.0,130.0,Not Applicable,Not Applicable,No,Not Applicable,100,Cash,47,3.2,4.9
2024-07-14 02:01:00,CNR4136521135,Success,CID168551,Prime Sedan,Chamarajpet,Richmond Town,203.0,145.0,Not Applicable,Not Applicable,No,Not Applicable,185,Cash,8,4.6,4.6
2024-07-22 11:07:00,CNR2447949532,Success,CID663708,Mini,BTM Layout,Majestic,140.0,145.0,Not Applicable,Not Applicable,No,Not Applicable,980,Cash,32,3.2,4.2
2024-07-10 19:48:00,CNR8579440629,Success,CID885940,Prime Sedan,Kadugodi,Majestic,42.0,110.0,Not Applicable,Not Applicable,No,Not Applicable,237,Cash,3,4.9,3.7
2024-07-12 06:35:00,CNR7710759274,Success,CID526099,eBike,Frazer Town,Koramangala,308.0,110.0,Not Applicable,Not Applicable,No,Not Applicable,867,Cash,35,4.6,3.7
2024-07-14 04:42:00,CNR2775122810,Canceled by Driver,CID124330,Mini,Peenya,HSR Layout,,,Not Applicable,More than permitted people in there,Not Applicable,Not Applicable,829,Not Applicable,0,,
2024-07-23 17:26:00,CNR8793690909,Canceled by Driver,CID267191,Auto,Varthur,Hennur,,,Not Applicable,Customer was coughing/sick,Not Applicable,Not Applicable,104,Not Applicable,0,,
2024-07-04 13:45:00,CNR3971670906,Driver Not Found,CID906055,Prime Plus,Peenya,Marathahalli,,,Not Applicable,Not Applicable,Not Applicable,Not Applicable,1976,Not Applicable,0,,
2024-07-04 10:48:00,CNR6863998569,Success,CID229523,Prime Sedan,Tumkur Road,Majestic,308.0,85.0,Not Applicable,Not Applicable,Yes,Customer Demand,161,Cash,16,4.9,3.2
2024-07-02 09:24:00,CNR4095378054,Success,CID306768,Prime Sedan,Bellandur,Koramangala,77.0,30.0,Not Applicable,Not Applicable,No,Not Applicable,490,Cash,16,3.3,4.6
2024-07-22 06:49:00,CNR7668584432,Canceled by Customer,CID950693,Bike,Shivajinagar,Kammanahalli,,,Driver asked to cancel,Not Applicable,Not Applicable,Not Applicable,159,Not Applicable,0,,
2024-07-26 09:58:00,CNR2275509190,Success,CID525286,Bike,KR Puram,Langford Town,133.0,55.0,Not Applicable,Not Applicable,No,Not Applicable,344,UPI,6,3.8,4.2
2024-07-01 12:00:00,CNR4040264026,Canceled by Driver,CID316816,Auto,RT Nagar,Ulsoor,,,Not Applicable,More than permitted people in there,Not Applicable,Not Applicable,267,Not Applicable,0,,
2024-07-17 05:52:00,CNR2867265893,Success,CID501214,Mini,Whitefield,Whitefield,105.0,80.0,Not Applicable,Not Applicable,No,Not Applicable,947,Cash,5,4.1,4.9
2024-07-17 21:14:00,CNR2219871244,Success,CID415264,eBike,BTM Layout,BTM Layout,301.0,95.0,Not Applicable,Not Applicable,No,Not Applicable,362,UPI,48,3.6,4.1
2024-07-09 14:42:00,CNR4574310901,Success,CID375499,Bike,Sarjapur Road,Bannerghatta Road,126.0,95.0,Not Applicable,Not Applicable,No,Not Applicable,277,UPI,9,3.6,4.1
2024-07-25 15:45:00,CNR6695219367,Canceled by Customer,CID519446,Prime Plus,Basavanagudi,Cox Town,,,Driver asked to cancel,Not Applicable,Not Applicable,Not Applicable,103,Not Applicable,0,,
2024-07-29 10:28:00,CNR3764878241,Success,CID282333,Auto,Padmanabhanagar,HSR Layout,84.0,50.0,Not Applicable,Not Applicable,No,Not Applicable,2332,Cash,5,3.3,3.7
2024-07-13 15:02:00,CNR2808664606,Success,CID131889,Auto,Banashankari,BTM Layout,84.0,60.0,Not Applicable,Not Applicable,No,Not Applicable,254,Cash,17,4.1,4.1
2024-07-11 17:45:00,CNR8867213089,Success,CID817871,Prime Plus,HSR Layout,Basavanagudi,245.0,85.0,Not Applicable,Not Applicable,No,Not Applicable,300,UPI,1,4.0,3.8
2024-07-07 21:49:00,CNR4495648342,Canceled by Driver,CID955287,Prime SUV,Langford Town,Koramangala,,,Not Applicable,More than permitted people in there,Not Applicable,Not Applicable,307,Not Applicable,0,,
2024-07-02 08:30:00,CNR6678277925,Success,CID352474,Prime Plus,Magadi Road,Mysore Road,126.0,100.0,Not Applicable,Not Applicable,No,Not Applicable,1630,UPI,37,3.9,3.9
2024-07-06 01:03:00,CNR2524233446,Success,CID200819,Prime Sedan,Electronic City,Kengeri,294.0,75.0,Not Applicable,Not Applicable,Yes,Vehicle Breakdown,2843,UPI,36,3.1,3.3
2024-07-04 23:49:00,CNR4060727080,Success,CID688665,eBike,Magadi Road,RT Nagar,273.0,65.0,Not Applicable,Not Applicable,Yes,Customer Demand,536,Cash,46,3.7,3.1
2024-07-23 15:28:00,CNR7055699406,Success,CID180491,Prime Plus,Chickpet,Malleshwaram,245.0,105.0,Not Applicable,Not Applicable,No,Not Applicable,272,Cash,17,3.5,3.5
2024-07-08 04:52:00,CNR5779245790,Success,CID182432,Prime SUV,BTM Layout,Hebbal,245.0,145.0,Not Applicable,Not Applicable,No,Not Applicable,392,UPI,49,3.4,4.5
2024-07-24 04:39:00,CNR4015668001,Success,CID726996,Prime SUV,Vijayanagar,Hennur,287.0,125.0,Not Applicable,Not Applicable,No,Not Applicable,428,Cash,43,3.5,3.8
2024-07-19 09:12:00,CNR8219131881,Canceled by Driver,CID125595,Bike,Bellandur,Richmond Town,,,Not Applicable,Personal & Car related issue,Not Applicable,Not Applicable,442,Not Applicable,0,,
2024-07-11 01:55:00,CNR9600661003,Canceled by Customer,CID505835,Mini,Koramangala,Frazer Town,,,Change of plans,Not Applicable,Not Applicable,Not Applicable,906,Not Applicable,0,,
2024-07-22 10:22:00,CNR3975464313,Canceled by Driver,CID316844,Bike,KR Puram,Cox Town,,,Not Applicable,Customer related issue,Not Applicable,Not Applicable,1776,Not Applicable,0,,
2024-07-04 12:43:00,CNR4798339127,Success,CID326044,Mini,Chamarajpet,Hennur,161.0,35.0,Not Applicable,Not Applicable,No,Not Applicable,161,Cash,24,4.3,3.3
2024-07-03 12:57:00,CNR5831143813,Canceled by Driver,CID316762,eBike,Rajarajeshwari Nagar,Langford Town,,,Not Applicable,Customer was coughing/sick,Not Applicable,Not Applicable,578,Not Applicable,0,,
2024-07-20 06:34:00,CNR5682178672,Success,CID448755,Prime SUV,BTM Layout,Indiranagar,126.0,85.0,Not Applicable,Not Applicable,Yes,Vehicle Breakdown,467,Cash,45,3.2,3.1
2024-07-03 01:57:00,CNR1817145455,Success,CID546227,Auto,Kengeri,KR Puram,238.0,35.0,Not Applicable,Not Applicable,No,Not Applicable,167,Credit Card,9,4.4,3.3
2024-07-10 22:06:00,CNR4552085725,Success,CID961710,Prime Plus,Shivajinagar,Hosur Road,231.0,70.0,Not Applicable,Not Applicable,No,Not Applicable,467,Cash,27,4.9,4.4
2024-07-06 16:29:00,CNR2664861928,Success,CID922926,Mini,Hennur,KR Puram,77.0,115.0,Not Applicable,Not Applicable,No,Not Applicable,413,UPI,41,4.2,4.2
2024-07-17 02:27:00,CNR6007919241,Success,CID412829,eBike,Kadugodi,Mysore Road,203.0,60.0,Not Applicable,Not Applicable,No,Not Applicable,837,UPI,10,3.4,4.1
2024-07-07 04:10:00,CNR5165005430,Success,CID116908,Prime SUV,Electronic City,Devanahalli,168.0,110.0,Not Applicable,Not Applicable,No,Not Applicable,385,UPI,28,4.1,4.9
2024-07-19 15:38:00,CNR2579022543,Success,CID931175,Mini,Chickpet,MG Road,308.0,130.0,Not Applicable,Not Applicable,No,Not Applicable,222,UPI,21,4.8,4.6
2024-07-10 08:17:00,CNR8895296960,Canceled by Customer,CID517618,eBike,Basavanagudi,Magadi Road,,,Driver asked to cancel,Not Applicable,Not Applicable,Not Applicable,385,Not Applicable,0,,
2024-07-27 06:20:00,CNR4673585665,Success,CID688981,Prime Plus,Frazer Town,Malleshwaram,49.0,80.0,Not Applicable,Not Applicable,No,Not Applicable,475,Cash,34,3.2,4.3
2024-07-03 12:31:00,CNR9262963068,Success,CID510841,Mini,Banashankari,Whitefield,161.0,40.0,Not Applicable,Not Applicable,No,Not Applicable,774,UPI,41,3.8,3.9
2024-07-21 08:24:00,CNR3497589773,Success,CID305228,Mini,JP Nagar,Jayanagar,119.0,80.0,Not Applicable,Not Applicable,No,Not Applicable,360,Cash,17,5.0,3.2
2024-07-07 17:54:00,CNR6443086014,Driver Not Found,CID790938,Prime Plus,Ramamurthy Nagar,Rajajinagar,,,Not Applicable,Not Applicable,Not Applicable,Not Applicable,169,Not Applicable,0,,
2024-07-16 06:30:00,CNR1308528588,Success,CID779879,Mini,Whitefield,Ramamurthy Nagar,42.0,35.0,Not Applicable,Not Applicable,No,Not Applicable,868,Cash,22,3.5,4.0
2024-07-09 17:22:00,CNR3541641735,Canceled by Customer,CID439299,Auto,Electronic City,Padmanabhanagar,,,Driver is not moving towards pickup location,Not Applicable,Not Applicable,Not Applicable,301,Not Applicable,0,,
2024-07-20 14:32:00,CNR6342174613,Canceled by Driver,CID529806,Bike,Jayanagar,Basavanagudi,,,Not Applicable,Customer was coughing/sick,Not Applicable,Not Applicable,468,Not Applicable,0,,
2024-07-30 13:49:00,CNR3423686256,Canceled by Customer,CID751639,eBike,JP Nagar,Bellandur,,,AC is Not working,Not Applicable,Not Applicable,Not Applicable,309,Not Applicable,0,,
2024-07-30 21:54:00,CNR2188700503,Driver Not Found,CID848511,Bike,Chickpet,Chamarajpet,,,Not Applicable,Not Applicable,Not Applicable,Not Applicable,212,Not Applicable,0,,
2024-07-01 10:26:00,CNR6567572642,Success,CID348777,Bike,Hebbal,Rajarajeshwari Nagar,266.0,140.0,Not Applicable,Not Applicable,No,Not Applicable,134,UPI,43,3.0,3.3
2024-07-07 17:07:00,CNR6915658515,Success,CID817434,Prime Sedan,Vijayanagar,HSR Layout,203.0,80.0,Not Applicable,Not Applicable,No,Not Applicable,604,Cash,37,4.5,3.7
2024-07-17 19:12:00,CNR8637233607,Canceled by Customer,CID501321,Mini,Hulimavu,Hosur Road,,,Change of plans,Not Applicable,Not Applicable,Not Applicable,185,Not Applicable,0,,
2024-07-28 08:24:00,CNR7254466167,Canceled by Driver,CID366154,Prime Plus,Indiranagar,Yelahanka,,,Not Applicable,Customer was coughing/sick,Not Applicable,Not Applicable,444,Not Applicable,0,,
2024-07-20 23:19:00,CNR2815163894,Success,CID338512,Bike,Basavanagudi,Sahakar Nagar,49.0,120.0,Not Applicable,Not Applicable,No,Not Applicable,465,Cash,36,4.9,4.7
2024-07-08 10:26:00,CNR6274939360,Success,CID783324,Mini,Koramangala,Hulimavu,105.0,90.0,Not Applicable,Not Applicable,No,Not Applicable,380,UPI,18,3.8,4.0
2024-07-27 12:10:00,CNR6315895626,Success,CID137611,Prime Sedan,Mysore Road,Whitefield,147.0,40.0,Not Applicable,Not Applicable,No,Not Applicable,994,UPI,7,3.5,3.0
2024-07-22 11:46:00,CNR4037185367,Success,CID903994,Prime SUV,Kengeri,Shantinagar,119.0,70.0,Not Applicable,Not Applicable,No,Not Applicable,396,UPI,7,4.7,4.9
2024-07-27 04:37:00,CNR4155091593,Canceled by Customer,CID137160,Prime SUV,Shantinagar,Chamarajpet,,,Driver is not moving towards pickup location,Not Applicable,Not Applicable,Not Applicable,250,Not Applicable,0,,
2024-07-25 04:29:00,CNR5450952890,Success,CID274533,Bike,Hulimavu,Frazer Town,280.0,45.0,Not Applicable,Not Applicable,No,Not Applicable,494,UPI,27,5.0,4.2
2024-07-15 11:34:00,CNR4369530126,Success,CID178390,Bike,Devanahalli,Rajajinagar,98.0,35.0,Not Applicable,Not Applicable,Yes,Customer Demand,853,UPI,33,4.6,3.1
2024-07-09 03:59:00,CNR4909671629,Success,CID510487,Bike,Hennur,Vijayanagar,63.0,75.0,Not Applicable,Not Applicable,No,Not Applicable,408,Cash,4,3.8,3.0
2024-07-26 17:11:00,CNR9503586749,Canceled by Driver,CID464723,Prime Sedan,Shivajinagar,Hebbal,,,Not Applicable,More than permitted people in there,Not Applicable,Not Applicable,2050,Not Applicable,0,,
2024-07-25 11:52:00,CNR9791843686,Success,CID837221,Prime Sedan,Langford Town,Hosur Road,175.0,135.0,Not Applicable,Not Applicable,No,Not Applicable,388,Cash,13,4.6,3.4
2024-07-14 07:23:00,CNR6311917610,Canceled by Customer,CID103882,Prime Sedan,Mysore Road,Padmanabhanagar,,,AC is Not working,Not Applicable,Not Applicable,Not Applicable,482,Not Applicable,0,,
2024-07-15 05:58:00,CNR8009449020,Canceled by Customer,CID600324,Mini,Vijayanagar,Ulsoor,,,AC is Not working,Not Applicable,Not Applicable,Not Applicable,488,Not Applicable,0,,
2024-07-29 12:43:00,CNR5338070876,Success,CID820991,Prime Sedan,Hosur Road,JP Nagar,273.0,110.0,Not Applicable,Not Applicable,No,Not Applicable,2366,Cash,1,4.5,3.9
2024-07-05 06:09:00,CNR2247713580,Success,CID687004,Bike,Indiranagar,Yelahanka,63.0,105.0,Not Applicable,Not Applicable,No,Not Applicable,141,Cash,23,3.8,4.9
2024-07-24 06:26:00,CNR4371932381,Driver Not Found,CID390988,eBike,Varthur,KR Puram,,,Not Applicable,Not Applicable,Not Applicable,Not Applicable,387,Not Applicable,0,,
2024-07-25 23:59:00,CNR1919254785,Driver Not Found,CID595408,eBike,Langford Town,Bannerghatta Road,,,Not Applicable,Not Applicable,Not Applicable,Not Applicable,433,Not Applicable,0,,
2024-07-25 00:05:00,CNR8563691154,Driver Not Found,CID475090,Bike,Langford Town,Varthur,,,Not Applicable,Not Applicable,Not Applicable,Not Applicable,195,Not Applicable,0,,
2024-07-01 21:15:00,CNR4839039565,Success,CID577610,Bike,MG Road,Peenya,98.0,135.0,Not Applicable,Not Applicable,Yes,Customer Demand,196,Cash,1,3.4,3.7
2024-07-21 18:52:00,CNR9731960112,Success,CID714154,Bike,Nagarbhavi,MG Road,63.0,85.0,Not Applicable,Not Applicable,No,Not Applicable,285,Cash,41,3.0,3.4
2024-07-07 19:37:00,CNR2505510986,Success,CID596544,eBike,Mysore Road,Jayanagar,231.0,40.0,Not Applicable,Not Applicable,No,Not Applicable,161,Cash,37,3.8,4.0
2024-07-20 17:56:00,CNR3422535058,Success,CID464508,Mini,Hebbal,Mysore Road,252.0,35.0,Not Applicable,Not Applicable,No,Not Applicable,597,Cash,39,4.4,4.5
2024-07-23 17:39:00,CNR4728170696,Canceled by Customer,CID792135,Prime Sedan,Indiranagar,Shantinagar,,,Driver asked to cancel,Not Applicable,Not Applicable,Not Applicable,352,Not Applicable,0,,
2024-07-04 02:47:00,CNR4709306687,Canceled by Customer,CID958858,Bike,Varthur,Peenya,,,Driver asked to cancel,Not Applicable,Not Applicable,Not Applicable,100,Not Applicable,0,,
2024-07-23 07:39:00,CNR3936522485,Success,CID666603,Mini,Tumkur Road,Mysore Road,119.0,115.0,Not Applicable,Not Applicable,No,Not Applicable,312,UPI,44,4.9,4.1
2024-07-25 01:45:00,CNR3905676154,Success,CID788955,Mini,RT Nagar,Langford Town,98.0,135.0,Not Applicable,Not Applicable,No,Not Applicable,355,UPI,30,4.6,4.9
2024-07-11 09:14:00,CNR4827301085,Success,CID250278,Prime SUV,Majestic,Marathahalli,35.0,65.0,Not Applicable,Not Applicable,No,Not Applicable,161,UPI,12,3.5,4.8
2024-07-07 18:54:00,CNR2523097489,Success,CID671594,Prime Sedan,MG Road,Majestic,266.0,120.0,Not Applicable,Not Applicable,No,Not Applicable,1124,Cash,24,3.3,3.4
2024-07-11 12:11:00,CNR4132484551,Driver Not Found,CID615896,Prime Plus,Rajarajeshwari Nagar,Cox Town,,,Not Applicable,Not Applicable,Not Applicable,Not Applicable,155,Not Applicable,0,,
2024-07-04 00:29:00,CNR9500467361,Canceled by Driver,CID294881,eBike,HSR Layout,Nagarbhavi,,,Not Applicable,More than permitted people in there,Not Applicable,Not Applicable,902,Not Applicable,0,,
2024-07-16 15:58:00,CNR6066695004,Canceled by Driver,CID347225,Mini,Kadugodi,HSR Layout,,,Not Applicable,Customer related issue,Not Applicable,Not Applicable,2549,Not Applicable,0,,
2024-07-09 05:18:00,CNR6920648595,Canceled by Driver,CID338972,Prime Sedan,Varthur,Frazer Town,,,Not Applicable,Customer was coughing/sick,Not Applicable,Not Applicable,2285,Not Applicable,0,,
2024-07-05 12:25:00,CNR7079477481,Canceled by Driver,CID178338,Auto,MG Road,Shivajinagar,,,Not Applicable,More than permitted people in there,Not Applicable,Not Applicable,2998,Not Applicable,0,,
2024-07-05 04:44:00,CNR9418674054,Driver Not Found,CID592741,Prime Sedan,Sarjapur Road,Marathahalli,,,Not Applicable,Not Applicable,Not Applicable,Not Applicable,176,Not Applicable,0,,
2024-07-17 10:23:00,CNR5094391606,Success,CID992300,eBike,MG Road,Kengeri,126.0,30.0,Not Applicable,Not Applicable,No,Not Applicable,2858,UPI,24,3.5,4.4
2024-07-12 21:18:00,CNR2671378853,Success,CID747479,Bike,Banashankari,Frazer Town,245.0,140.0,Not Applicable,Not Applicable,No,Not Applicable,450,UPI,34,3.5,4.3
2024-07-27 06:29:00,CNR1377686408,Canceled by Driver,CID252894,Prime SUV,Yelahanka,KR Puram,,,Not Applicable,Personal & Car related issue,Not Applicable,Not Applicable,297,Not Applicable,0,,
2024-07-10 03:46:00,CNR3550508166,Success,CID773948,Bike,Whitefield,Cox Town,238.0,50.0,Not Applicable,Not Applicable,No,Not Applicable,227,UPI,35,3.7,4.8
2024-07-15 13:20:00,CNR7572345562,Success,CID674230,Mini,Yeshwanthpur,Majestic,161.0,65.0,Not Applicable,Not Applicable,No,Not Applicable,370,Debit Card,38,4.4,3.4
2024-07-11 02:40:00,CNR1250778725,Success,CID288624,eBike,Jayanagar,Vijayanagar,56.0,80.0,Not Applicable,Not Applicable,No,Not Applicable,1029,UPI,37,3.4,4.2
2024-07-10 13:31:00,CNR8718598014,Success,CID709811,eBike,Ramamurthy Nagar,Rajajinagar,182.0,40.0,Not Applicable,Not Applicable,No,Not Applicable,167,Cash,40,4.2,4.2
2024-07-25 12:37:00,CNR3901177724,Driver Not Found,CID257333,Mini,Yelahanka,Kadugodi,,,Not Applicable,Not Applicable,Not Applicable,Not Applicable,351,Not Applicable,0,,
2024-07-29 21:24:00,CNR5872892231,Canceled by Driver,CID247370,Prime Plus,Chamarajpet,Koramangala,,,Not Applicable,Personal & Car related issue,Not Applicable,Not Applicable,1452,Not Applicable,0,,
2024-07-14 05:05:00,CNR9562186433,Success,CID981088,eBike,Jayanagar,Richmond Town,42.0,70.0,Not Applicable,Not Applicable,No,Not Applicable,2683,Credit Card,8,3.2,4.4
2024-07-12 12:43:00,CNR3247504360,Success,CID997907,Prime Plus,Frazer Town,Banashankari,112.0,140.0,Not Applicable,Not Applicable,No,Not Applicable,612,Cash,46,4.3,3.4
2024-07-08 19:46:00,CNR3730129865,Canceled by Customer,CID949680,Prime Sedan,Electronic City,Electronic City,,,Driver asked to cancel,Not Applicable,Not Applicable,Not Applicable,1210,Not Applicable,0,,
2024-07-29 08:35:00,CNR1695127818,Driver Not Found,CID129735,Prime SUV,Hosur Road,Richmond Town,,,Not Applicable,Not Applicable,Not Applicable,Not Applicable,943,Not Applicable,0,,
2024-07-08 19:44:00,CNR7835447096,Success,CID376726,Bike,Chickpet,JP Nagar,105.0,65.0,Not Applicable,Not Applicable,No,Not Applicable,238,UPI,3,3.4,3.8
2024-07-12 04:57:00,CNR8101678251,Canceled by Customer,CID803715,Prime Plus,Majestic,Richmond Town,,,Wrong Address,Not Applicable,Not Applicable,Not Applicable,448,Not Applicable,0,,
2024-07-27 11:27:00,CNR5482573201,Success,CID394205,Prime Sedan,Whitefield,Banashankari,252.0,85.0,Not Applicable,Not Applicable,No,Not Applicable,467,Cash,11,3.6,3.1
2024-07-29 23:21:00,CNR1380836433,Driver Not Found,CID425682,Prime Sedan,Shivajinagar,BTM Layout,,,Not Applicable,Not Applicable,Not Applicable,Not Applicable,946,Not Applicable,0,,
2024-07-23 08:24:00,CNR6886348871,Success,CID911965,Mini,Tumkur Road,Ulsoor,182.0,25.0,Not Applicable,Not Applicable,No,Not Applicable,153,UPI,5,3.4,3.9
2024-07-27 21:39:00,CNR6463462525,Driver Not Found,CID708071,Auto,Peenya,Jayanagar,,,Not Applicable,Not Applicable,Not Applicable,Not Applicable,183,Not Applicable,0,,
2024-07-28 11:45:00,CNR8807000855,Canceled by Driver,CID280601,Auto,Rajajinagar,Indiranagar,,,Not Applicable,Customer was coughing/sick,Not Applicable,Not Applicable,609,Not Applicable,0,,
2024-07-17 07:06:00,CNR9051792103,Canceled by Driver,CID846416,eBike,Chamarajpet,Varthur,,,Not Applicable,Customer related issue,Not Applicable,Not Applicable,444,Not Applicable,0,,
2024-07-11 17:51:00,CNR9120837892,Canceled by Driver,CID188940,Bike,BTM Layout,Hennur,,,Not Applicable,Personal & Car related issue,Not Applicable,Not Applicable,108,Not Applicable,0,,
2024-07-09 02:32:00,CNR4127137529,Success,CID892097,Bike,Richmond Town,Whitefield,42.0,120.0,Not Applicable,Not Applicable,No,Not Applicable,2766,UPI,47,3.4,3.9
2024-07-18 05:22:00,CNR5201788998,Driver Not Found,CID606611,Auto,RT Nagar,Nagarbhavi,,,Not Applicable,Not Applicable,Not Applicable,Not Applicable,247,Not Applicable,0,,
2024-07-21 05:41:00,CNR7853554404,Success,CID541407,Auto,Devanahalli,Vijayanagar,175.0,75.0,Not Applicable,Not Applicable,No,Not Applicable,464,UPI,5,4.2,3.4
2024-07-21 10:10:00,CNR2354041425,Success,CID120113,Prime SUV,Chickpet,Sarjapur Road,119.0,45.0,Not Applicable,Not Applicable,No,Not Applicable,881,Cash,8,4.2,3.5
2024-07-16 00:50:00,CNR3830919593,Canceled by Driver,CID266701,eBike,Bannerghatta Road,Bellandur,,,Not Applicable,Personal & Car related issue,Not Applicable,Not Applicable,2942,Not Applicable,0,,
2024-07-28 07:14:00,CNR8830291408,Success,CID861308,Prime Plus,Padmanabhanagar,Bellandur,91.0,140.0,Not Applicable,Not Applicable,No,Not Applicable,453,Cash,11,4.9,4.9
2024-07-28 03:05:00,CNR2302050801,Success,CID918002,Mini,Yeshwanthpur,KR Puram,84.0,55.0,Not Applicable,Not Applicable,No,Not Applicable,475,UPI,29,3.1,3.8
2024-07-23 07:23:00,CNR8574366168,Success,CID559329,Prime Sedan,Kammanahalli,Tumkur Road,287.0,95.0,Not Applicable,Not Applicable,No,Not Applicable,2631,Cash,6,3.0,4.6
2024-07-03 14:55:00,CNR5266330489,Success,CID550681,Auto,Rajarajeshwari Nagar,RT Nagar,245.0,85.0,Not Applicable,Not Applicable,No,Not Applicable,2252,Cash,12,3.6,3.5
2024-07-14 20:10:00,CNR7866508710,Canceled by Driver,CID982203,Prime Plus,Shantinagar,Yelahanka,,,Not Applicable,Customer related issue,Not Applicable,Not Applicable,670,Not Applicable,0,,
2024-07-18 09:53:00,CNR7625461174,Success,CID988095,Prime SUV,Majestic,KR Puram,63.0,70.0,Not Applicable,Not Applicable,No,Not Applicable,288,UPI,45,3.3,3.4
2024-07-09 22:21:00,CNR6851361013,Success,CID379888,Prime Sedan,Kengeri,Magadi Road,119.0,105.0,Not Applicable,Not Applicable,No,Not Applicable,177,Cash,35,3.3,3.2
2024-07-15 07:19:00,CNR7715292028,Success,CID887264,eBike,Kengeri,Chickpet,119.0,40.0,Not Applicable,Not Applicable,No,Not Applicable,517,Cash,5,3.6,4.0
2024-07-20 13:08:00,CNR1392722533,Success,CID184786,eBike,Tumkur Road,Shivajinagar,224.0,65.0,Not Applicable,Not Applicable,No,Not Applicable,1365,Cash,49,3.7,3.9
2024-07-20 01:14:00,CNR7195911294,Success,CID467804,Bike,HSR Layout,BTM Layout,126.0,110.0,Not Applicable,Not Applicable,No,Not Applicable,198,UPI,44,4.3,4.9
2024-07-23 00:26:00,CNR6150224381,Success,CID928331,eBike,Hosur Road,RT Nagar,231.0,90.0,Not Applicable,Not Applicable,No,Not Applicable,1002,Cash,15,3.3,3.5
2024-07-11 19:21:00,CNR8353503969,Success,CID216687,Auto,Hennur,Frazer Town,203.0,40.0,Not Applicable,Not Applicable,Yes,Vehicle Breakdown,796,Cash,9,4.7,3.6
2024-07-10 22:05:00,CNR7819049246,Success,CID869023,Bike,Sarjapur Road,Malleshwaram,112.0,130.0,Not Applicable,Not Applicable,No,Not Applicable,644,UPI,42,4.1,3.1
2024-07-22 11:47:00,CNR9340408026,Canceled by Driver,CID772558,Bike,Majestic,Bellandur,,,Not Applicable,Personal & Car related issue,Not Applicable,Not Applicable,492,Not Applicable,0,,
2024-07-18 04:15:00,CNR6180264128,Success,CID704052,Prime SUV,Yelahanka,Ramamurthy Nagar,77.0,145.0,Not Applicable,Not Applicable,No,Not Applicable,283,UPI,42,4.8,3.0
2024-07-16 00:47:00,CNR7930069499,Driver Not Found,CID918439,eBike,Peenya,Hulimavu,,,Not Applicable,Not Applicable,Not Applicable,Not Applicable,186,Not Applicable,0,,
2024-07-04 14:37:00,CNR3035011785,Success,CID212385,Auto,Kengeri,Basavanagudi,147.0,100.0,Not Applicable,Not Applicable,Yes,Customer Demand,140,Cash,1,3.8,4.0
2024-07-02 09:54:00,CNR8540206863,Success,CID611879,Mini,Rajarajeshwari Nagar,Bannerghatta Road,287.0,115.0,Not Applicable,Not Applicable,No,Not Applicable,115,Cash,14,3.3,3.6
2024-07-04 13:35:00,CNR7830402227,Driver Not Found,CID836286,Prime Plus,Basavanagudi,Vijayanagar,,,Not Applicable,Not Applicable,Not Applicable,Not Applicable,416,Not Applicable,0,,
2024-07-14 18:59:00,CNR8885180303,Driver Not Found,CID172703,Mini,Banashankari,Bannerghatta Road,,,Not Applicable,Not Applicable,Not Applicable,Not Applicable,195,Not Applicable,0,,
2024-07-10 23:00:00,CNR9132999977,Canceled by Driver,CID426960,Bike,Rajajinagar,BTM Layout,,,Not Applicable,Customer was coughing/sick,Not Applicable,Not Applicable,483,Not Applicable,0,,
2024-07-06 08:35:00,CNR1486630377,Driver Not Found,CID390085,Prime SUV,Hulimavu,Basavanagudi,,,Not Applicable,Not Applicable,Not Applicable,Not Applicable,243,Not Applicable,0,,
2024-07-17 18:05:00,CNR2546695892,Success,CID646130,Prime Sedan,Sahakar Nagar,KR Puram,49.0,70.0,Not Applicable,Not Applicable,No,Not Applicable,195,Cash,21,4.3,4.5
2024-07-22 15:29:00,CNR1841287895,Driver Not Found,CID257150,Mini,Yelahanka,Frazer Town,,,Not Applicable,Not Applicable,Not Applicable,Not Applicable,190,Not Applicable,0,,
2024-07-13 18:03:00,CNR5033882674,Canceled by Driver,CID285050,Mini,Whitefield,Rajarajeshwari Nagar,,,Not Applicable,Customer related issue,Not Applicable,Not Applicable,1573,Not Applicable,0,,
2024-07-13 20:59:00,CNR8291464585,Success,CID199830,Bike,Rajarajeshwari Nagar,Kammanahalli,98.0,35.0,Not Applicable,Not Applicable,No,Not Applicable,363,UPI,31,3.4,3.8
2024-07-17 16:19:00,CNR8239727698,Success,CID615675,Prime SUV,Yelahanka,JP Nagar,294.0,140.0,Not Applicable,Not Applicable,No,Not Applicable,495,UPI,5,3.0,4.7
2024-07-26 05:04:00,CNR5820213545,Success,CID730057,Auto,Chamarajpet,Basavanagudi,63.0,140.0,Not Applicable,Not Applicable,No,Not Applicable,254,Cash,1,3.1,4.5
2024-07-08 17:48:00,CNR9846056353,Canceled by Driver,CID730452,Mini,Tumkur Road,Chickpet,,,Not Applicable,Customer related issue,Not Applicable,Not Applicable,257,Not Applicable,0,,
2024-07-09 04:00:00,CNR4810310810,Canceled by Customer,CID241259,Bike,Ramamurthy Nagar,Kengeri,,,Change of plans,Not Applicable,Not Applicable,Not Applicable,222,Not Applicable,0,,
2024-07-04 13:41:00,CNR7655007373,Canceled by Driver,CID738708,Bike,Langford Town,Shantinagar,,,Not Applicable,Personal & Car related issue,Not Applicable,Not Applicable,684,Not Applicable,0,,
2024-07-21 03:19:00,CNR4595063725,Success,CID612646,Bike,Padmanabhanagar,Devanahalli,175.0,45.0,Not Applicable,Not Applicable,No,Not Applicable,263,Cash,48,3.6,3.6
2024-07-04 19:00:00,CNR3065839623,Canceled by Customer,CID868316,Auto,Sahakar Nagar,Kengeri,,,Driver asked to cancel,Not Applicable,Not Applicable,Not Applicable,125,Not Applicable,0,,
2024-07-22 18:20:00,CNR2937470243,Driver Not Found,CID973148,Auto,Magadi Road,Peenya,,,Not Applicable,Not Applicable,Not Applicable,Not Applicable,485,Not Applicable,0,,
2024-07-10 06:43:00,CNR4353283089,Success,CID369477,Auto,Kammanahalli,Malleshwaram,168.0,130.0,Not Applicable,Not Applicable,No,Not Applicable,337,UPI,1,3.3,3.6
2024-07-17 04:17:00,CNR8909655690,Canceled by Driver,CID914555,Mini,Chamarajpet,Sahakar Nagar,,,Not Applicable,Customer related issue,Not Applicable,Not Applicable,867,Not Applicable,0,,
2024-07-02 15:19:00,CNR5881385355,Driver Not Found,CID645166,Mini,Mysore Road,Langford Town,,,Not Applicable,Not Applicable,Not Applicable,Not Applicable,106,Not Applicable,0,,
2024-07-13 07:57:00,CNR5359303368,Canceled by Driver,CID737669,eBike,Chickpet,Electronic City,,,Not Applicable,More than permitted people in there,Not Applicable,Not Applicable,433,Not Applicable,0,,
2024-07-28 22:08:00,CNR2265865529,Driver Not Found,CID156212,Auto,Marathahalli,Varthur,,,Not Applicable,Not Applicable,Not Applicable,Not Applicable,1719,Not Applicable,0,,
2024-07-25 04:21:00,CNR9287983674,Canceled by Driver,CID791338,Auto,Richmond Town,Hulimavu,,,Not Applicable,Customer was coughing/sick,Not Applicable,Not Applicable,1724,Not Applicable,0,,
2024-07-13 18:56:00,CNR7867727451,Success,CID743938,Prime SUV,Bellandur,Hebbal,238.0,45.0,Not Applicable,Not Applicable,No,Not Applicable,260,Cash,14,3.7,4.4
2024-07-11 10:44:00,CNR9382924783,Canceled by Driver,CID131107,Auto,Bannerghatta Road,Yeshwanthpur,,,Not Applicable,Customer related issue,Not Applicable,Not Applicable,249,Not Applicable,0,,
2024-07-28 01:27:00,CNR7075464125,Driver Not Found,CID178839,Mini,Malleshwaram,Bellandur,,,Not Applicable,Not Applicable,Not Applicable,Not Applicable,537,Not Applicable,0,,
2024-07-15 22:58:00,CNR6836016500,Success,CID477831,eBike,Whitefield,Vijayanagar,301.0,105.0,Not Applicable,Not Applicable,No,Not Applicable,536,Cash,45,3.8,3.2
2024-07-29 13:34:00,CNR7717480291,Success,CID360781,Mini,Malleshwaram,Kammanahalli,70.0,145.0,Not Applicable,Not Applicable,No,Not Applicable,334,UPI,11,4.9,4.0
2024-07-27 06:03:00,CNR1409012900,Success,CID813116,Prime SUV,JP Nagar,Majestic,175.0,65.0,Not Applicable,Not Applicable,No,Not Applicable,161,UPI,2,3.6,4.2
2024-07-01 00:35:00,CNR4379780480,Success,CID473482,Prime SUV,Frazer Town,Magadi Road,224.0,125.0,Not Applicable,Not Applicable,No,Not Applicable,290,UPI,38,4.4,3.8
2024-07-14 10:15:00,CNR5550695556,Success,CID291680,Prime SUV,Devanahalli,Padmanabhanagar,182.0,70.0,Not Applicable,Not Applicable,No,Not Applicable,403,UPI,26,4.6,4.0
2024-07-23 08:57:00,CNR9828480059,Success,CID447920,Bike,Padmanabhanagar,Nagarbhavi,63.0,130.0,Not Applicable,Not Applicable,No,Not Applicable,182,UPI,15,5.0,4.0
2024-07-29 13:39:00,CNR5066189872,Canceled by Customer,CID990840,Prime SUV,Jayanagar,Malleshwaram,,,Driver is not moving towards pickup location,Not Applicable,Not Applicable,Not Applicable,461,Not Applicable,0,,
2024-07-12 07:03:00,CNR3302507956,Canceled by Customer,CID876871,Mini,Chickpet,KR Puram,,,AC is Not working,Not Applicable,Not Applicable,Not Applicable,494,Not Applicable,0,,
2024-07-09 05:57:00,CNR7983061592,Success,CID677256,Bike,Devanahalli,Kengeri,112.0,65.0,Not Applicable,Not Applicable,No,Not Applicable,952,Cash,41,4.1,3.2
2024-07-11 19:47:00,CNR6053698924,Success,CID457122,Prime SUV,RT Nagar,Koramangala,154.0,130.0,Not Applicable,Not Applicable,No,Not Applicable,266,UPI,38,4.7,3.2
2024-07-08 01:43:00,CNR7826749258,Success,CID630475,Mini,Rajajinagar,Chickpet,210.0,105.0,Not Applicable,Not Applicable,No,Not Applicable,374,Cash,21,4.8,4.1
2024-07-24 07:32:00,CNR6474568135,Canceled by Customer,CID760037,Prime Sedan,Bellandur,Mysore Road,,,Driver is not moving towards pickup location,Not Applicable,Not Applicable,Not Applicable,390,Not Applicable,0,,
2024-07-04 22:56:00,CNR8854167637,Success,CID746698,Prime Plus,Ramamurthy Nagar,Yeshwanthpur,189.0,105.0,Not Applicable,Not Applicable,No,Not Applicable,428,Cash,47,4.7,3.8
2024-07-21 04:19:00,CNR1962618611,Driver Not Found,CID538718,Mini,Shivajinagar,Hennur,,,Not Applicable,Not Applicable,Not Applicable,Not Applicable,948,Not Applicable,0,,
2024-07-13 11:07:00,CNR5295296993,Success,CID854400,Mini,Frazer Town,Marathahalli,238.0,130.0,Not Applicable,Not Applicable,No,Not Applicable,1592,UPI,36,3.1,3.0
2024-07-30 19:22:00,CNR3018087801,Success,CID237881,eBike,Hebbal,Whitefield,98.0,120.0,Not Applicable,Not Applicable,No,Not Applicable,934,UPI,38,3.5,4.7
2024-07-09 00:40:00,CNR8558554931,Canceled by Customer,CID682916,Prime Plus,Yeshwanthpur,Electronic City,,,Wrong Address,Not Applicable,Not Applicable,Not Applicable,122,Not Applicable,0,,
2024-07-24 05:49:00,CNR2735434911,Success,CID913286,Auto,Kammanahalli,Majestic,203.0,75.0,Not Applicable,Not Applicable,No,Not Applicable,452,UPI,9,4.0,3.5
2024-07-21 10:10:00,CNR8475154274,Canceled by Customer,CID154276,eBike,Bannerghatta Road,Sarjapur Road,,,Driver is not moving towards pickup location,Not Applicable,Not Applicable,Not Applicable,100,Not Applicable,0,,
2024-07-17 12:38:00,CNR6811478814,Success,CID344838,Prime Plus,Yelahanka,Varthur,182.0,105.0,Not Applicable,Not Applicable,No,Not Applicable,221,Cash,13,3.8,3.2
2024-07-19 18:19:00,CNR5350807012,Success,CID794133,Prime Sedan,Whitefield,HSR Layout,98.0,130.0,Not Applicable,Not Applicable,No,Not Applicable,412,Cash,9,4.8,3.1
2024-07-25 03:25:00,CNR7146233108,Success,CID885197,eBike,Marathahalli,Sahakar Nagar,35.0,85.0,Not Applicable,Not Applicable,No,Not Applicable,712,Cash,26,4.0,3.7
2024-07-07 05:44:00,CNR4904364536,Success,CID746778,Prime Sedan,Richmond Town,Shivajinagar,182.0,45.0,Not Applicable,Not Applicable,No,Not Applicable,451,Cash,35,3.6,5.0
2024-07-25 14:20:00,CNR6364911479,Canceled by Driver,CID818376,Prime Sedan,Kadugodi,Majestic,,,Not Applicable,Customer related issue,Not Applicable,Not Applicable,316,Not Applicable,0,,
2024-07-20 23:41:00,CNR2199771089,Success,CID767518,Prime Sedan,Sahakar Nagar,Hebbal,168.0,25.0,Not Applicable,Not Applicable,No,Not Applicable,230,UPI,7,4.8,4.2
2024-07-04 09:51:00,CNR5392614468,Success,CID830590,Bike,Devanahalli,BTM Layout,112.0,35.0,Not Applicable,Not Applicable,No,Not Applicable,142,Credit Card,30,4.1,5.0
2024-07-20 06:15:00,CNR4571294789,Success,CID203576,eBike,Yeshwanthpur,Hennur,175.0,125.0,Not Applicable,Not Applicable,No,Not Applicable,401,UPI,48,3.8,3.9
2024-07-05 08:00:00,CNR4250143915,Driver Not Found,CID889504,Bike,Rajarajeshwari Nagar,Chamarajpet,,,Not Applicable,Not Applicable,Not Applicable,Not Applicable,484,Not Applicable,0,,
2024-07-11 20:57:00,CNR3417387869,Success,CID148468,eBike,Banashankari,BTM Layout,49.0,70.0,Not Applicable,Not Applicable,No,Not Applicable,191,UPI,9,4.9,4.8
2024-07-28 18:33:00,CNR4564500179,Canceled by Driver,CID134539,Auto,Ulsoor,KR Puram,,,Not Applicable,Customer was coughing/sick,Not Applicable,Not Applicable,292,Not Applicable,0,,
2024-07-27 07:29:00,CNR1959508984,Success,CID238558,Prime Plus,Richmond Town,Rajarajeshwari Nagar,56.0,120.0,Not Applicable,Not Applicable,No,Not Applicable,498,Cash,5,3.6,4.2
2024-07-07 20:36:00,CNR4337720720,Canceled by Driver,CID228804,Auto,Rajarajeshwari Nagar,Mysore Road,,,Not Applicable,Personal & Car related issue,Not Applicable,Not Applicable,455,Not Applicable,0,,
2024-07-01 16:45:00,CNR7723197283,Success,CID185298,Auto,Ramamurthy Nagar,Magadi Road,70.0,130.0,Not Applicable,Not Applicable,No,Not Applicable,109,Cash,18,3.2,4.4
2024-07-25 19:27:00,CNR5857361750,Success,CID416457,Bike,Rajajinagar,Padmanabhanagar,308.0,45.0,Not Applicable,Not Applicable,Yes,Vehicle Breakdown,1768,UPI,46,4.6,4.6
2024-07-07 13:09:00,CNR8158839044,Success,CID103505,Prime Plus,Jayanagar,Rajajinagar,140.0,50.0,Not Applicable,Not Applicable,No,Not Applicable,543,Cash,12,4.6,4.1
2024-07-05 14:52:00,CNR9755768425,Success,CID307149,Prime SUV,Frazer Town,Cox Town,126.0,120.0,Not Applicable,Not Applicable,No,Not Applicable,301,Cash,10,3.1,4.4
2024-07-05 05:39:00,CNR9071229467,Success,CID984245,Mini,Majestic,Sahakar Nagar,217.0,45.0,Not Applicable,Not Applicable,Yes,Other Issue,102,UPI,20,3.5,4.4
2024-07-12 23:25:00,CNR3850803579,Success,CID909228,Prime Plus,RT Nagar,Tumkur Road,154.0,95.0,Not Applicable,Not Applicable,No,Not Applicable,184,UPI,36,4.6,4.3
2024-07-14 02:08:00,CNR3287867022,Success,CID634321,Prime SUV,Jayanagar,Vijayanagar,84.0,45.0,Not Applicable,Not Applicable,No,Not Applicable,642,Cash,18,3.2,4.7
2024-07-14 03:01:00,CNR9021540340,Canceled by Customer,CID954569,Auto,Yelahanka,Electronic City,,,Driver asked to cancel,Not Applicable,Not Applicable,Not Applicable,205,Not Applicable,0,,
2024-07-05 00:03:00,CNR6870911053,Canceled by Customer,CID357068,Mini,Langford Town,Chamarajpet,,,Driver asked to cancel,Not Applicable,Not Applicable,Not Applicable,158,Not Applicable,0,,
2024-07-29 02:17:00,CNR5765518485,Success,CID928913,Auto,Basavanagudi,Devanahalli,70.0,120.0,Not Applicable,Not Applicable,No,Not Applicable,372,UPI,12,3.6,3.4
2024-07-04 16:13:00,CNR2970960543,Success,CID332920,Prime Plus,Kammanahalli,Varthur,56.0,85.0,Not Applicable,Not Applicable,No,Not Applicable,1625,UPI,12,4.1,4.0
2024-07-23 09:08:00,CNR5511536398,Canceled by Driver,CID178061,Mini,Malleshwaram,Tumkur Road,,,Not Applicable,Customer was coughing/sick,Not Applicable,Not Applicable,161,Not Applicable,0,,
2024-07-25 05:29:00,CNR5211859403,Success,CID800027,Prime Sedan,Tumkur Road,Sahakar Nagar,91.0,95.0,Not Applicable,Not Applicable,No,Not Applicable,350,Cash,22,3.6,4.5
2024-07-24 15:58:00,CNR6285198480,Success,CID391312,Prime SUV,Malleshwaram,Malleshwaram,77.0,110.0,Not Applicable,Not Applicable,No,Not Applicable,443,UPI,28,3.9,4.2
2024-07-29 07:57:00,CNR5250675665,Canceled by Customer,CID757483,Mini,Sahakar Nagar,Basavanagudi,,,Driver is not moving towards pickup location,Not Applicable,Not Applicable,Not Applicable,361,Not Applicable,0,,
2024-07-28 19:36:00,CNR3999214299,Success,CID848411,Prime SUV,Banashankari,Sahakar Nagar,231.0,120.0,Not Applicable,Not Applicable,No,Not Applicable,406,Cash,12,3.4,4.3
2024-07-12 15:31:00,CNR3717602164,Success,CID961925,Auto,Whitefield,Chickpet,91.0,120.0,Not Applicable,Not Applicable,No,Not Applicable,380,Cash,3,3.6,3.8
2024-07-13 04:00:00,CNR3259593925,Success,CID156603,Bike,Padmanabhanagar,Chickpet,189.0,25.0,Not Applicable,Not Applicable,No,Not Applicable,454,Cash,38,4.0,4.9
2024-07-14 22:49:00,CNR6511901901,Success,CID528867,Auto,Hosur Road,BTM Layout,217.0,115.0,Not Applicable,Not Applicable,No,Not Applicable,356,Cash,4,4.7,3.5
2024-07-09 11:20:00,CNR6778163189,Success,CID776691,Prime SUV,Rajarajeshwari Nagar,Malleshwaram,42.0,145.0,Not Applicable,Not Applicable,No,Not Applicable,1427,Cash,12,3.5,4.0
2024-07-15 17:10:00,CNR8826772586,Canceled by Customer,CID258095,Auto,Cox Town,Nagarbhavi,,,Wrong Address,Not Applicable,Not Applicable,Not Applicable,393,Not Applicable,0,,
2024-07-11 23:15:00,CNR1078814855,Driver Not Found,CID267717,Prime Plus,Devanahalli,Cox Town,,,Not Applicable,Not Applicable,Not Applicable,Not Applicable,400,Not Applicable,0,,
2024-07-18 19:19:00,CNR1159551990,Success,CID944726,Prime Plus,Yeshwanthpur,Bellandur,140.0,45.0,Not Applicable,Not Applicable,No,Not Applicable,453,Cash,12,4.3,3.7
2024-07-05 22:30:00,CNR5863148705,Success,CID369500,Prime Sedan,JP Nagar,Mysore Road,252.0,145.0,Not Applicable,Not Applicable,No,Not Applicable,111,UPI,3,4.7,4.1
2024-07-02 02:53:00,CNR9401121206,Success,CID854343,Bike,Peenya,KR Puram,42.0,100.0,Not Applicable,Not Applicable,No,Not Applicable,138,Cash,31,3.9,4.9
2024-07-29 03:28:00,CNR6737449990,Success,CID528347,Mini,Ramamurthy Nagar,Shantinagar,119.0,120.0,Not Applicable,Not Applicable,No,Not Applicable,488,Cash,8,3.3,5.0
2024-07-09 01:30:00,CNR3562720560,Success,CID729959,Prime Plus,Richmond Town,Chickpet,224.0,95.0,Not Applicable,Not Applicable,No,Not Applicable,601,UPI,23,4.9,4.5
2024-07-29 16:19:00,CNR2971652937,Canceled by Customer,CID686007,Bike,Hosur Road,Padmanabhanagar,,,Driver is not moving towards pickup location,Not Applicable,Not Applicable,Not Applicable,573,Not Applicable,0,,
2024-07-28 13:40:00,CNR7431573990,Driver Not Found,CID940375,Prime Plus,JP Nagar,KR Puram,,,Not Applicable,Not Applicable,Not Applicable,Not Applicable,195,Not Applicable,0,,
2024-07-20 12:00:00,CNR9845416697,Canceled by Driver,CID713952,Prime Plus,Richmond Town,Chickpet,,,Not Applicable,Personal & Car related issue,Not Applicable,Not Applicable,125,Not Applicable,0,,
2024-07-26 07:07:00,CNR1503972389,Success,CID608239,Bike,Kadugodi,Hebbal,301.0,25.0,Not Applicable,Not Applicable,No,Not Applicable,674,UPI,6,4.3,4.4
2024-07-26 07:09:00,CNR2318793974,Driver Not Found,CID992227,Mini,Mysore Road,Indiranagar,,,Not Applicable,Not Applicable,Not Applicable,Not Applicable,301,Not Applicable,0,,
2024-07-21 10:11:00,CNR4185584981,Success,CID108270,eBike,Rajajinagar,HSR Layout,154.0,85.0,Not Applicable,Not Applicable,No,Not Applicable,169,UPI,7,4.6,4.6
2024-07-26 10:54:00,CNR4300673093,Driver Not Found,CID936440,Auto,Chickpet,Marathahalli,,,Not Applicable,Not Applicable,Not Applicable,Not Applicable,2351,Not Applicable,0,,
2024-07-29 20:08:00,CNR9601157095,Success,CID106132,eBike,Peenya,Marathahalli,105.0,65.0,Not Applicable,Not Applicable,No,Not Applicable,434,UPI,17,5.0,4.5
2024-07-12 03:57:00,CNR1905619421,Success,CID184488,eBike,Sarjapur Road,Mysore Road,168.0,130.0,Not Applicable,Not Applicable,No,Not Applicable,482,UPI,1,4.1,4.4
2024-07-02 23:20:00,CNR3059478626,Success,CID772677,Prime SUV,Chickpet,Banashankari,301.0,140.0,Not Applicable,Not Applicable,No,Not Applicable,503,Cash,14,3.5,4.5
2024-07-06 13:29:00,CNR6348612057,Canceled by Customer,CID705614,Bike,Jayanagar,Ramamurthy Nagar,,,AC is Not working,Not Applicable,Not Applicable,Not Applicable,109,Not Applicable,0,,
2024-07-03 17:10:00,CNR4666952155,Canceled by Driver,CID858036,Prime Plus,Nagarbhavi,HSR Layout,,,Not Applicable,Customer related issue,Not Applicable,Not Applicable,229,Not Applicable,0,,
2024-07-19 16:13:00,CNR5314538529,Success,CID749971,Auto,RT Nagar,Cox Town,161.0,80.0,Not Applicable,Not Applicable,Yes,Vehicle Breakdown,886,Credit Card,10,4.1,4.2
2024-07-02 22:05:00,CNR7792697376,Canceled by Customer,CID756477,Mini,Mysore Road,Chickpet,,,Driver is not moving towards pickup location,Not Applicable,Not Applicable,Not Applicable,914,Not Applicable,0,,
2024-07-09 06:19:00,CNR8284896536,Success,CID992659,Prime SUV,Koramangala,JP Nagar,245.0,95.0,Not Applicable,Not Applicable,No,Not Applicable,166,Cash,7,4.2,5.0
2024-07-14 14:48:00,CNR1048885480,Driver Not Found,CID285923,Prime Plus,Langford Town,Majestic,,,Not Applicable,Not Applicable,Not Applicable,Not Applicable,888,Not Applicable,0,,
2024-07-06 07:16:00,CNR7622569633,Success,CID480319,Auto,Varthur,Banashankari,203.0,100.0,Not Applicable,Not Applicable,No,Not Applicable,370,Cash,13,3.8,3.6
2024-07-25 05:20:00,CNR6087124439,Canceled by Driver,CID271152,Prime Sedan,Magadi Road,Malleshwaram,,,Not Applicable,Customer was coughing/sick,Not Applicable,Not Applicable,876,Not Applicable,0,,
2024-07-10 20:18:00,CNR5720343850,Canceled by Driver,CID136207,Auto,Sarjapur Road,Varthur,,,Not Applicable,Personal & Car related issue,Not Applicable,Not Applicable,410,Not Applicable,0,,
2024-07-19 19:16:00,CNR1688345324,Driver Not Found,CID100194,Prime Plus,Magadi Road,Mysore Road,,,Not Applicable,Not Applicable,Not Applicable,Not Applicable,355,Not Applicable,0,,
2024-07-06 22:44:00,CNR5321747856,Success,CID679669,Prime SUV,Hosur Road,Shantinagar,91.0,125.0,Not Applicable,Not Applicable,No,Not Applicable,268,Cash,30,4.6,3.3
2024-07-21 08:59:00,CNR9038867939,Canceled by Customer,CID131404,Mini,Kengeri,Chickpet,,,Driver asked to cancel,Not Applicable,Not Applicable,Not Applicable,250,Not Applicable,0,,
2024-07-30 20:47:00,CNR1029674053,Success,CID966762,Auto,Shivajinagar,Sahakar Nagar,210.0,130.0,Not Applicable,Not Applicable,No,Not Applicable,762,Cash,6,4.5,4.2
2024-07-17 17:38:00,CNR7519004312,Success,CID951786,Prime Plus,Kadugodi,Hulimavu,91.0,140.0,Not Applicable,Not Applicable,No,Not Applicable,326,Cash,25,3.0,5.0
2024-07-20 16:34:00,CNR8467339343,Canceled by Customer,CID996378,eBike,Devanahalli,Shivajinagar,,,AC is Not working,Not Applicable,Not Applicable,Not Applicable,369,Not Applicable,0,,
2024-07-28 15:46:00,CNR9932707471,Canceled by Customer,CID233640,Prime Plus,KR Puram,Kengeri,,,Driver asked to cancel,Not Applicable,Not Applicable,Not Applicable,765,Not Applicable,0,,
2024-07-28 19:32:00,CNR8784681838,Success,CID753542,Prime Plus,Ramamurthy Nagar,Devanahalli,182.0,100.0,Not Applicable,Not Applicable,No,Not Applicable,455,Cash,13,3.1,4.5
2024-07-08 22:48:00,CNR9713016313,Success,CID266742,eBike,Marathahalli,Sarjapur Road,182.0,100.0,Not Applicable,Not Applicable,No,Not Applicable,442,Cash,37,3.4,4.9
2024-07-26 07:35:00,CNR4964068092,Canceled by Driver,CID951425,Prime SUV,Sarjapur Road,Bellandur,,,Not Applicable,More than permitted people in there,Not Applicable,Not Applicable,614,Not Applicable,0,,
2024-07-14 09:56:00,CNR5175860467,Canceled by Customer,CID295629,Mini,JP Nagar,Richmond Town,,,AC is Not working,Not Applicable,Not Applicable,Not Applicable,579,Not Applicable,0,,
2024-07-28 00:45:00,CNR9062235025,Canceled by Driver,CID570108,Auto,Hebbal,JP Nagar,,,Not Applicable,Personal & Car related issue,Not Applicable,Not Applicable,326,Not Applicable,0,,
2024-07-12 08:54:00,CNR2618732863,Driver Not Found,CID562792,Prime Plus,Varthur,Varthur,,,Not Applicable,Not Applicable,Not Applicable,Not Applicable,457,Not Applicable,0,,
2024-07-28 11:55:00,CNR8356395416,Success,CID914019,eBike,Sahakar Nagar,Sarjapur Road,210.0,70.0,Not Applicable,Not Applicable,No,Not Applicable,433,UPI,7,3.2,4.7
2024-07-02 01:19:00,CNR6678319527,Success,CID844865,Prime Plus,Chamarajpet,Koramangala,147.0,70.0,Not Applicable,Not Applicable,No,Not Applicable,540,Cash,4,3.8,3.8
2024-07-24 20:51:00,CNR7419181844,Success,CID536962,Prime Sedan,Hulimavu,Kadugodi,273.0,115.0,Not Applicable,Not Applicable,No,Not Applicable,865,Cash,21,3.2,3.9
2024-07-06 09:02:00,CNR1913849641,Success,CID220701,Bike,Varthur,Shantinagar,273.0,55.0,Not Applicable,Not Applicable,No,Not Applicable,970,UPI,5,3.2,3.4
2024-07-06 06:15:00,CNR8416419250,Canceled by Customer,CID391445,Mini,Basavanagudi,Kengeri,,,AC is Not working,Not Applicable,Not Applicable,Not Applicable,144,Not Applicable,0,,
2024-07-12 08:57:00,CNR8756086431,Success,CID623854,Auto,Yelahanka,Vijayanagar,161.0,65.0,Not Applicable,Not Applicable,No,Not Applicable,227,UPI,6,4.5,3.0
2024-07-27 12:17:00,CNR7468508112,Success,CID539973,Prime Plus,Yeshwanthpur,Sarjapur Road,98.0,60.0,Not Applicable,Not Applicable,Yes,Other Issue,165,Cash,30,4.9,3.5
2024-07-30 04:09:00,CNR4200702759,Success,CID492709,Mini,Chickpet,Kammanahalli,238.0,130.0,Not Applicable,Not Applicable,No,Not Applicable,229,Cash,46,4.1,4.7
2024-07-27 22:50:00,CNR2063176211,Canceled by Driver,CID912338,Auto,KR Puram,Peenya,,,Not Applicable,Personal & Car related issue,Not Applicable,Not Applicable,453,Not Applicable,0,,
2024-07-02 11:11:00,CNR6673203060,Driver Not Found,CID906743,Prime Sedan,Cox Town,Electronic City,,,Not Applicable,Not Applicable,Not Applicable,Not Applicable,298,Not Applicable,0,,
2024-07-01 08:48:00,CNR1638980660,Success,CID853193,Auto,Frazer Town,BTM Layout,273.0,70.0,Not Applicable,Not Applicable,No,Not Applicable,370,Cash,10,3.5,3.8
2024-07-16 06:24:00,CNR8122272405,Canceled by Driver,CID468293,Prime Sedan,Shivajinagar,Richmond Town,,,Not Applicable,Customer was coughing/sick,Not Applicable,Not Applicable,141,Not Applicable,0,,
2024-07-27 15:41:00,CNR2830113791,Success,CID767901,Prime SUV,Nagarbhavi,Nagarbhavi,168.0,95.0,Not Applicable,Not Applicable,No,Not Applicable,404,UPI,10,3.9,4.0
2024-07-16 00:05:00,CNR1982656802,Success,CID138023,Prime Plus,Koramangala,Frazer Town,147.0,95.0,Not Applicable,Not Applicable,No,Not Applicable,310,UPI,13,4.9,4.6
2024-07-10 23:00:00,CNR7967689306,Success,CID230899,Bike,Devanahalli,Rajajinagar,49.0,60.0,Not Applicable,Not Applicable,No,Not Applicable,830,UPI,22,3.1,3.8
2024-07-15 10:38:00,CNR3071518698,Canceled by Driver,CID954684,eBike,Mysore Road,Kadugodi,,,Not Applicable,Personal & Car related issue,Not Applicable,Not Applicable,1413,Not Applicable,0,,
2024-07-23 09:30:00,CNR9731394811,Driver Not Found,CID573083,Prime Sedan,MG Road,Marathahalli,,,Not Applicable,Not Applicable,Not Applicable,Not Applicable,363,Not Applicable,0,,
2024-07-24 05:57:00,CNR2971500767,Success,CID150338,Bike,Padmanabhanagar,Ramamurthy Nagar,182.0,145.0,Not Applicable,Not Applicable,Yes,Vehicle Breakdown,118,Credit Card,22,3.4,4.4
2024-07-01 04:16:00,CNR5457035181,Success,CID359256,Prime Plus,Nagarbhavi,JP Nagar,105.0,60.0,Not Applicable,Not Applicable,No,Not Applicable,455,Cash,30,3.1,3.4
2024-07-28 17:46:00,CNR2764663482,Success,CID350578,Prime Sedan,Varthur,HSR Layout,294.0,105.0,Not Applicable,Not Applicable,No,Not Applicable,1898,UPI,17,5.0,3.9
2024-07-18 05:41:00,CNR2003676282,Canceled by Driver,CID191966,Prime SUV,Tumkur Road,BTM Layout,,,Not Applicable,Personal & Car related issue,Not Applicable,Not Applicable,160,Not Applicable,0,,
2024-07-07 23:45:00,CNR6895808189,Success,CID799406,eBike,Langford Town,Padmanabhanagar,189.0,40.0,Not Applicable,Not Applicable,No,Not Applicable,2757,Cash,36,4.0,3.6
2024-07-08 07:05:00,CNR6314104907,Canceled by Driver,CID967339,Bike,Hulimavu,Kammanahalli,,,Not Applicable,More than permitted people in there,Not Applicable,Not Applicable,212,Not Applicable,0,,
2024-07-20 22:09:00,CNR1775499818,Success,CID794400,Mini,Banashankari,Kadugodi,161.0,40.0,Not Applicable,Not Applicable,No,Not Applicable,738,Cash,45,3.0,3.8
2024-07-03 03:41:00,CNR1477958508,Driver Not Found,CID431243,Prime Sedan,Electronic City,Vijayanagar,,,Not Applicable,Not Applicable,Not Applicable,Not Applicable,142,Not Applicable,0,,
2024-07-05 04:19:00,CNR6138701430,Success,CID992853,Prime Plus,Peenya,Chamarajpet,294.0,65.0,Not Applicable,Not Applicable,No,Not Applicable,476,UPI,48,3.3,3.8
2024-07-08 04:15:00,CNR7230889880,Canceled by Customer,CID548881,Prime Plus,Banashankari,Magadi Road,,,AC is Not working,Not Applicable,Not Applicable,Not Applicable,406,Not Applicable,0,,
2024-07-28 10:57:00,CNR4852971947,Success,CID762597,Prime Sedan,Jayanagar,HSR Layout,91.0,100.0,Not Applicable,Not Applicable,No,Not Applicable,2896,Cash,24,3.6,3.7
2024-07-20 00:54:00,CNR6774444282,Success,CID187727,Prime Plus,RT Nagar,Peenya,196.0,120.0,Not Applicable,Not Applicable,No,Not Applicable,1573,Cash,48,3.4,4.2
2024-07-05 01:38:00,CNR1075299241,Success,CID275101,Auto,Ramamurthy Nagar,HSR Layout,140.0,135.0,Not Applicable,Not Applicable,No,Not Applicable,979,Cash,5,3.5,4.5
2024-07-29 00:21:00,CNR4041918858,Canceled by Customer,CID867184,Prime Sedan,Varthur,Electronic City,,,Wrong Address,Not Applicable,Not Applicable,Not Applicable,435,Not Applicable,0,,
2024-07-19 01:25:00,CNR3883537010,Success,CID227999,eBike,Richmond Town,Koramangala,42.0,125.0,Not Applicable,Not Applicable,No,Not Applicable,2113,UPI,28,3.1,3.1
2024-07-13 12:44:00,CNR8873640594,Success,CID318335,Mini,Yeshwanthpur,Ulsoor,308.0,35.0,Not Applicable,Not Applicable,No,Not Applicable,283,Cash,47,3.2,4.7
2024-07-28 16:21:00,CNR9738949331,Success,CID720469,Mini,Hebbal,Majestic,56.0,115.0,Not Applicable,Not Applicable,No,Not Applicable,166,UPI,35,4.5,5.0
2024-07-25 00:36:00,CNR4126023471,Success,CID952507,Bike,Chickpet,Marathahalli,98.0,25.0,Not Applicable,Not Applicable,No,Not Applicable,506,Cash,14,4.9,4.7
2024-07-21 23:51:00,CNR5667517393,Success,CID221276,Prime SUV,MG Road,Kammanahalli,98.0,80.0,Not Applicable,Not Applicable,No,Not Applicable,2437,Cash,38,3.9,4.6
2024-07-14 03:04:00,CNR3336347413,Success,CID359032,Mini,Sahakar Nagar,Rajajinagar,147.0,85.0,Not Applicable,Not Applicable,No,Not Applicable,521,Cash,3,4.0,3.3
2024-07-12 09:45:00,CNR7789120973,Success,CID738042,Bike,Richmond Town,Varthur,77.0,60.0,Not Applicable,Not Applicable,No,Not Applicable,2096,UPI,22,4.8,4.8
2024-07-17 00:52:00,CNR1535457757,Success,CID398912,Prime Plus,Shivajinagar,Shantinagar,63.0,65.0,Not Applicable,Not Applicable,No,Not Applicable,142,UPI,14,3.4,4.4
2024-07-08 10:21:00,CNR3556749455,Success,CID570806,Prime SUV,Malleshwaram,Tumkur Road,287.0,120.0,Not Applicable,Not Applicable,No,Not Applicable,142,UPI,44,3.7,4.8
2024-07-11 02:32:00,CNR7995422569,Success,CID569352,Mini,Varthur,Koramangala,175.0,120.0,Not Applicable,Not Applicable,No,Not Applicable,305,Cash,39,3.8,4.0
2024-07-25 01:39:00,CNR8966913877,Success,CID945808,Prime Sedan,Chickpet,Hebbal,168.0,145.0,Not Applicable,Not Applicable,No,Not Applicable,397,Cash,47,3.3,4.3
2024-07-25 08:55:00,CNR8501688389,Success,CID217868,Prime SUV,Kengeri,Peenya,161.0,75.0,Not Applicable,Not Applicable,No,Not Applicable,162,UPI,39,4.4,4.5
2024-07-19 21:44:00,CNR8288081141,Driver Not Found,CID904448,Bike,Ulsoor,Ramamurthy Nagar,,,Not Applicable,Not Applicable,Not Applicable,Not Applicable,769,Not Applicable,0,,
2024-07-24 17:55:00,CNR1628368978,Canceled by Driver,CID245707,Mini,Yeshwanthpur,Padmanabhanagar,,,Not Applicable,Personal & Car related issue,Not Applicable,Not Applicable,303,Not Applicable,0,,
2024-07-10 21:12:00,CNR9446948305,Canceled by Driver,CID878920,Auto,Hebbal,Malleshwaram,,,Not Applicable,Personal & Car related issue,Not Applicable,Not Applicable,312,Not Applicable,0,,
2024-07-19 19:02:00,CNR1983329757,Canceled by Driver,CID617310,Prime Sedan,Marathahalli,BTM Layout,,,Not Applicable,Customer was coughing/sick,Not Applicable,Not Applicable,227,Not Applicable,0,,
2024-07-17 00:46:00,CNR2809274042,Canceled by Customer,CID339336,Mini,Kammanahalli,Kadugodi,,,Driver asked to cancel,Not Applicable,Not Applicable,Not Applicable,284,Not Applicable,0,,
2024-07-03 10:58:00,CNR3182972710,Success,CID489308,eBike,Frazer Town,HSR Layout,42.0,55.0,Not Applicable,Not Applicable,No,Not Applicable,914,UPI,26,3.0,3.3
2024-07-17 05:38:00,CNR5390376030,Success,CID434499,eBike,Devanahalli,Sahakar Nagar,56.0,110.0,Not Applicable,Not Applicable,No,Not Applicable,549,UPI,30,3.9,4.4
2024-07-24 11:12:00,CNR7696948556,Canceled by Customer,CID124064,Prime Plus,Shantinagar,Nagarbhavi,,,Driver is not moving towards pickup location,Not Applicable,Not Applicable,Not Applicable,860,Not Applicable,0,,
2024-07-28 17:59:00,CNR9130546267,Canceled by Customer,CID433525,Prime Plus,Ulsoor,Vijayanagar,,,Wrong Address,Not Applicable,Not Applicable,Not Applicable,856,Not Applicable,0,,
2024-07-04 04:40:00,CNR4144410552,Driver Not Found,CID563972,eBike,Chamarajpet,Koramangala,,,Not Applicable,Not Applicable,Not Applicable,Not Applicable,220,Not Applicable,0,,
2024-07-11 20:57:00,CNR6800608208,Canceled by Driver,CID334280,Prime Plus,Frazer Town,Hebbal,,,Not Applicable,More than permitted people in there,Not Applicable,Not Applicable,490,Not Applicable,0,,
2024-07-12 05:51:00,CNR3577519196,Success,CID759784,Prime Plus,Peenya,Bannerghatta Road,147.0,60.0,Not Applicable,Not Applicable,No,Not Applicable,843,UPI,1,4.9,3.9
2024-07-07 09:46:00,CNR1534090842,Success,CID224762,Auto,Cox Town,Basavanagudi,56.0,30.0,Not Applicable,Not Applicable,No,Not Applicable,130,Cash,5,4.1,3.9
2024-07-14 18:34:00,CNR3657046807,Success,CID378891,Auto,Indiranagar,Magadi Road,294.0,125.0,Not Applicable,Not Applicable,No,Not Applicable,308,Cash,3,3.6,3.8
2024-07-19 06:30:00,CNR1664942230,Success,CID598075,Bike,Hulimavu,Mysore Road,266.0,140.0,Not Applicable,Not Applicable,No,Not Applicable,400,Cash,20,3.6,4.2
2024-07-01 14:11:00,CNR5009025910,Success,CID192155,Mini,Shantinagar,Vijayanagar,266.0,30.0,Not Applicable,Not Applicable,No,Not Applicable,2067,UPI,45,4.4,4.1
2024-07-12 07:25:00,CNR5812324960,Success,CID291019,Prime Plus,Jayanagar,BTM Layout,294.0,65.0,Not Applicable,Not Applicable,No,Not Applicable,132,Cash,30,3.7,3.7
2024-07-05 15:27:00,CNR5963950408,Success,CID709485,Prime Plus,Malleshwaram,Hulimavu,140.0,110.0,Not Applicable,Not Applicable,No,Not Applicable,158,Cash,42,4.9,3.6
2024-07-16 04:08:00,CNR1022100101,Canceled by Driver,CID656328,Auto,Shivajinagar,Sarjapur Road,,,Not Applicable,Customer was coughing/sick,Not Applicable,Not Applicable,358,Not Applicable,0,,
2024-07-20 16:12:00,CNR9663815576,Success,CID201452,Prime Plus,Yeshwanthpur,Majestic,91.0,70.0,Not Applicable,Not Applicable,No,Not Applicable,381,UPI,38,4.8,4.1
2024-07-19 00:45:00,CNR2846927099,Success,CID954071,Prime SUV,BTM Layout,MG Road,301.0,30.0,Not Applicable,Not Applicable,No,Not Applicable,348,UPI,24,4.4,3.3
2024-07-18 18:44:00,CNR8839967025,Canceled by Driver,CID299128,Prime Sedan,Indiranagar,Kammanahalli,,,Not Applicable,More than permitted people in there,Not Applicable,Not Applicable,142,Not Applicable,0,,
2024-07-07 16:32:00,CNR2873750474,Success,CID673900,eBike,Chamarajpet,Cox Town,77.0,140.0,Not Applicable,Not Applicable,No,Not Applicable,327,Cash,5,3.7,3.0
2024-07-19 22:39:00,CNR7051985649,Canceled by Customer,CID887346,Mini,Kadugodi,Ulsoor,,,Driver is not moving towards pickup location,Not Applicable,Not Applicable,Not Applicable,624,Not Applicable,0,,
2024-07-01 21:21:00,CNR9500408660,Success,CID205917,Prime Plus,Majestic,Devanahalli,280.0,70.0,Not Applicable,Not Applicable,No,Not Applicable,372,UPI,28,3.2,4.0
2024-07-23 13:55:00,CNR2354474884,Driver Not Found,CID444058,eBike,Kengeri,Hosur Road,,,Not Applicable,Not Applicable,Not Applicable,Not Applicable,279,Not Applicable,0,,
2024-07-20 12:56:00,CNR7499157463,Success,CID505806,Prime Plus,Banashankari,Tumkur Road,189.0,100.0,Not Applicable,Not Applicable,No,Not Applicable,412,Cash,8,4.9,4.2
2024-07-01 00:53:00,CNR7983665757,Success,CID715814,Prime Plus,Chickpet,Kadugodi,133.0,110.0,Not Applicable,Not Applicable,No,Not Applicable,1193,UPI,33,4.0,4.2
2024-07-25 14:54:00,CNR8108589721,Canceled by Customer,CID806491,Bike,Whitefield,Yelahanka,,,AC is Not working,Not Applicable,Not Applicable,Not Applicable,128,Not Applicable,0,,
2024-07-07 13:14:00,CNR3533467754,Driver Not Found,CID739401,eBike,Indiranagar,Electronic City,,,Not Applicable,Not Applicable,Not Applicable,Not Applicable,420,Not Applicable,0,,
2024-07-02 02:14:00,CNR3403968730,Success,CID492656,Auto,Hebbal,Basavanagudi,91.0,95.0,Not Applicable,Not Applicable,No,Not Applicable,2952,UPI,2,4.8,3.7
2024-07-24 07:37:00,CNR8314329409,Canceled by Driver,CID825364,Mini,Rajarajeshwari Nagar,Bellandur,,,Not Applicable,More than permitted people in there,Not Applicable,Not Applicable,417,Not Applicable,0,,
2024-07-11 18:08:00,CNR4518850781,Success,CID533229,Prime Plus,Ramamurthy Nagar,Mysore Road,280.0,45.0,Not Applicable,Not Applicable,No,Not Applicable,809,Cash,45,3.1,3.3
2024-07-29 17:12:00,CNR9799295474,Canceled by Driver,CID958039,Bike,Frazer Town,Electronic City,,,Not Applicable,Customer related issue,Not Applicable,Not Applicable,215,Not Applicable,0,,
2024-07-16 05:57:00,CNR4019140608,Success,CID929155,Mini,Hennur,Basavanagudi,182.0,115.0,Not Applicable,Not Applicable,No,Not Applicable,100,Cash,28,3.4,3.2
2024-07-11 01:21:00,CNR1755692373,Success,CID759155,Prime SUV,Ramamurthy Nagar,Bannerghatta Road,126.0,75.0,Not Applicable,Not Applicable,No,Not Applicable,627,UPI,35,4.5,3.4
2024-07-10 01:23:00,CNR9311636812,Success,CID877425,Bike,Mysore Road,MG Road,252.0,115.0,Not Applicable,Not Applicable,No,Not Applicable,470,Cash,1,3.7,5.0
2024-07-27 09:02:00,CNR7981947814,Driver Not Found,CID378195,Mini,Shivajinagar,Cox Town,,,Not Applicable,Not Applicable,Not Applicable,Not Applicable,301,Not Applicable,0,,
2024-07-13 00:31:00,CNR8080668541,Canceled by Driver,CID402115,Auto,Majestic,Basavanagudi,,,Not Applicable,Personal & Car related issue,Not Applicable,Not Applicable,1784,Not Applicable,0,,
2024-07-11 05:05:00,CNR8859268421,Success,CID574495,Prime Sedan,Kadugodi,Yelahanka,224.0,135.0,Not Applicable,Not Applicable,No,Not Applicable,309,UPI,38,4.0,5.0
2024-07-25 05:07:00,CNR3145725273,Success,CID267498,Prime Sedan,Magadi Road,Hosur Road,308.0,95.0,Not Applicable,Not Applicable,No,Not Applicable,242,Cash,36,3.3,4.0
2024-07-15 18:56:00,CNR4388155308,Canceled by Customer,CID844751,Prime SUV,Langford Town,Bannerghatta Road,,,AC is Not working,Not Applicable,Not Applicable,Not Applicable,572,Not Applicable,0,,
2024-07-13 08:30:00,CNR5731737686,Success,CID275525,Auto,Banashankari,KR Puram,196.0,40.0,Not Applicable,Not Applicable,No,Not Applicable,770,UPI,13,4.4,3.2
2024-07-04 17:47:00,CNR4773301277,Success,CID459923,Prime Sedan,Electronic City,Mysore Road,119.0,80.0,Not Applicable,Not Applicable,No,Not Applicable,2212,Cash,23,4.9,4.4
2024-07-24 11:39:00,CNR4284595860,Success,CID346761,Auto,Indiranagar,Vijayanagar,140.0,115.0,Not Applicable,Not Applicable,No,Not Applicable,213,UPI,6,4.9,4.6
2024-07-20 09:22:00,CNR8398486499,Success,CID404428,Mini,Rajajinagar,Cox Town,126.0,45.0,Not Applicable,Not Applicable,No,Not Applicable,529,UPI,46,4.2,4.5
2024-07-24 04:09:00,CNR4864061426,Success,CID184495,Prime Sedan,Hulimavu,BTM Layout,294.0,25.0,Not Applicable,Not Applicable,No,Not Applicable,125,UPI,49,3.7,4.5
2024-07-02 05:47:00,CNR6343592845,Success,CID139610,Mini,Sarjapur Road,RT Nagar,231.0,120.0,Not Applicable,Not Applicable,No,Not Applicable,599,Cash,29,3.1,3.8
2024-07-30 18:33:00,CNR2532948117,Canceled by Customer,CID716256,Prime Sedan,Rajarajeshwari Nagar,BTM Layout,,,Wrong Address,Not Applicable,Not Applicable,Not Applicable,727,Not Applicable,0,,
2024-07-27 03:36:00,CNR3163331329,Success,CID353628,Prime SUV,Hosur Road,Bellandur,224.0,60.0,Not Applicable,Not Applicable,No,Not Applicable,937,UPI,39,4.1,4.2
2024-07-21 10:11:00,CNR1209492096,Canceled by Customer,CID775670,Mini,Rajajinagar,Hennur,,,Driver asked to cancel,Not Applicable,Not Applicable,Not Applicable,153,Not Applicable,0,,
2024-07-04 13:48:00,CNR7558934902,Canceled by Customer,CID200862,eBike,Majestic,Kengeri,,,Driver asked to cancel,Not Applicable,Not Applicable,Not Applicable,435,Not Applicable,0,,
2024-07-07 15:08:00,CNR9538588602,Success,CID937107,Prime SUV,HSR Layout,Hebbal,84.0,140.0,Not Applicable,Not Applicable,No,Not Applicable,445,Cash,23,4.5,3.8
2024-07-08 19:36:00,CNR9224415424,Success,CID575704,eBike,RT Nagar,Malleshwaram,147.0,45.0,Not Applicable,Not Applicable,No,Not Applicable,997,Cash,2,4.2,4.8
2024-07-26 21:46:00,CNR8102084116,Driver Not Found,CID566855,Mini,JP Nagar,Richmond Town,,,Not Applicable,Not Applicable,Not Applicable,Not Applicable,370,Not Applicable,0,,
2024-07-21 07:14:00,CNR8208990371,Canceled by Driver,CID932788,Mini,KR Puram,JP Nagar,,,Not Applicable,Customer related issue,Not Applicable,Not Applicable,200,Not Applicable,0,,
2024-07-21 10:58:00,CNR5709401526,Success,CID674457,Bike,Langford Town,Peenya,126.0,125.0,Not Applicable,Not Applicable,No,Not Applicable,442,Cash,47,3.5,4.3
2024-07-12 09:15:00,CNR3141596125,Canceled by Customer,CID969452,Prime Sedan,Hebbal,Tumkur Road,,,Change of plans,Not Applicable,Not Applicable,Not Applicable,1556,Not Applicable,0,,
2024-07-01 13:35:00,CNR1454218050,Driver Not Found,CID317482,Auto,Peenya,Mysore Road,,,Not Applicable,Not Applicable,Not Applicable,Not Applicable,1190,Not Applicable,0,,
2024-07-25 03:52:00,CNR2826680685,Canceled by Driver,CID702227,Prime Sedan,Kadugodi,Sarjapur Road,,,Not Applicable,Customer was coughing/sick,Not Applicable,Not Applicable,2422,Not Applicable,0,,
2024-07-06 21:42:00,CNR1635829868,Canceled by Customer,CID670874,Prime Plus,HSR Layout,Koramangala,,,Driver is not moving towards pickup location,Not Applicable,Not Applicable,Not Applicable,514,Not Applicable,0,,
2024-07-09 00:07:00,CNR2661610208,Success,CID994448,Bike,Jayanagar,Basavanagudi,154.0,60.0,Not Applicable,Not Applicable,No,Not Applicable,292,Cash,38,3.3,4.3
2024-07-14 03:09:00,CNR3001830381,Success,CID250150,Bike,Ramamurthy Nagar,BTM Layout,210.0,145.0,Not Applicable,Not Applicable,No,Not Applicable,268,UPI,45,3.7,3.0
2024-07-11 23:01:00,CNR1827687523,Success,CID770669,Prime SUV,Tumkur Road,Mysore Road,301.0,120.0,Not Applicable,Not Applicable,No,Not Applicable,276,UPI,14,4.4,3.7
2024-07-09 06:07:00,CNR2469706809,Success,CID325628,Auto,RT Nagar,Koramangala,98.0,65.0,Not Applicable,Not Applicable,No,Not Applicable,463,UPI,6,4.6,3.6
2024-07-30 15:22:00,CNR8378890927,Driver Not Found,CID645598,Prime SUV,Hennur,Banashankari,,,Not Applicable,Not Applicable,Not Applicable,Not Applicable,415,Not Applicable,0,,
2024-07-17 04:26:00,CNR7694362137,Driver Not Found,CID197359,Mini,Marathahalli,Majestic,,,Not Applicable,Not Applicable,Not Applicable,Not Applicable,333,Not Applicable,0,,
2024-07-13 02:10:00,CNR7262676039,Driver Not Found,CID101899,Prime Plus,Yeshwanthpur,Koramangala,,,Not Applicable,Not Applicable,Not Applicable,Not Applicable,252,Not Applicable,0,,
2024-07-24 10:26:00,CNR3889463472,Success,CID318712,Prime Sedan,Devanahalli,HSR Layout,126.0,145.0,Not Applicable,Not Applicable,No,Not Applicable,173,Cash,25,3.4,3.3
2024-07-27 19:55:00,CNR2156235861,Canceled by Customer,CID104462,Mini,Magadi Road,Malleshwaram,,,Driver asked to cancel,Not Applicable,Not Applicable,Not Applicable,404,Not Applicable,0,,
2024-07-21 01:44:00,CNR1169689772,Success,CID856389,Auto,Whitefield,Jayanagar,140.0,115.0,Not Applicable,Not Applicable,No,Not Applicable,110,Cash,14,3.5,3.2
2024-07-17 12:50:00,CNR6342986079,Success,CID560653,Mini,Tumkur Road,Yeshwanthpur,84.0,65.0,Not Applicable,Not Applicable,No,Not Applicable,478,Cash,22,3.4,3.9
2024-07-20 17:09:00,CNR1281717941,Canceled by Driver,CID469905,Prime SUV,Peenya,Malleshwaram,,,Not Applicable,Customer was coughing/sick,Not Applicable,Not Applicable,1995,Not Applicable,0,,
2024-07-11 08:20:00,CNR3071262457,Canceled by Driver,CID941399,Prime Sedan,Banashankari,Mysore Road,,,Not Applicable,Customer was coughing/sick,Not Applicable,Not Applicable,346,Not Applicable,0,,
2024-07-14 07:28:00,CNR2059562694,Canceled by Driver,CID176683,eBike,Whitefield,Marathahalli,,,Not Applicable,Customer related issue,Not Applicable,Not Applicable,652,Not Applicable,0,,
2024-07-25 23:47:00,CNR3376542374,Success,CID508366,Bike,JP Nagar,KR Puram,119.0,45.0,Not Applicable,Not Applicable,No,Not Applicable,438,UPI,41,4.8,4.4
2024-07-16 10:19:00,CNR4321584437,Success,CID629068,Prime Sedan,Chamarajpet,Indiranagar,154.0,100.0,Not Applicable,Not Applicable,No,Not Applicable,165,Cash,18,3.8,4.1
2024-07-21 20:56:00,CNR8902623588,Success,CID918965,eBike,Indiranagar,Malleshwaram,119.0,85.0,Not Applicable,Not Applicable,No,Not Applicable,499,UPI,40,3.8,3.9
2024-07-19 16:06:00,CNR7470789273,Success,CID604906,Mini,Kadugodi,Magadi Road,91.0,80.0,Not Applicable,Not Applicable,No,Not Applicable,270,UPI,16,4.6,5.0
2024-07-11 01:23:00,CNR3330910310,Success,CID887797,Bike,Ulsoor,Hennur,35.0,100.0,Not Applicable,Not Applicable,No,Not Applicable,426,Cash,3,3.7,3.3
2024-07-22 15:28:00,CNR3481448574,Success,CID761505,eBike,Hennur,HSR Layout,63.0,90.0,Not Applicable,Not Applicable,No,Not Applicable,236,UPI,5,4.8,4.4
2024-07-29 04:38:00,CNR2331564309,Canceled by Driver,CID778901,Auto,Sarjapur Road,Sarjapur Road,,,Not Applicable,Customer related issue,Not Applicable,Not Applicable,318,Not Applicable,0,,
2024-07-27 20:33:00,CNR8352686355,Success,CID422968,Mini,Whitefield,Bellandur,161.0,55.0,Not Applicable,Not Applicable,No,Not Applicable,427,Cash,9,3.4,4.0
2024-07-20 00:13:00,CNR6001011953,Success,CID857804,Prime Plus,Bannerghatta Road,Kengeri,84.0,55.0,Not Applicable,Not Applicable,No,Not Applicable,575,UPI,40,3.2,3.7
2024-07-24 19:47:00,CNR5407678446,Success,CID874415,Prime Plus,Shivajinagar,Shivajinagar,112.0,35.0,Not Applicable,Not Applicable,No,Not Applicable,132,Cash,46,4.9,4.5
2024-07-07 20:46:00,CNR1149427503,Success,CID548375,eBike,Peenya,MG Road,133.0,50.0,Not Applicable,Not Applicable,No,Not Applicable,142,Cash,31,4.7,5.0
2024-07-22 14:29:00,CNR6168298329,Canceled by Driver,CID881750,Prime Plus,Bellandur,Mysore Road,,,Not Applicable,Personal & Car related issue,Not Applicable,Not Applicable,109,Not Applicable,0,,
2024-07-10 19:41:00,CNR3261718096,Success,CID706208,Prime SUV,Shivajinagar,Chickpet,175.0,145.0,Not Applicable,Not Applicable,No,Not Applicable,249,Cash,3,3.8,4.7
2024-07-08 13:32:00,CNR1615041548,Canceled by Driver,CID482162,eBike,Langford Town,Cox Town,,,Not Applicable,Customer related issue,Not Applicable,Not Applicable,479,Not Applicable,0,,
2024-07-27 04:41:00,CNR5736949569,Canceled by Driver,CID338109,Prime Sedan,Jayanagar,Peenya,,,Not Applicable,Customer related issue,Not Applicable,Not Applicable,181,Not Applicable,0,,
2024-07-04 12:51:00,CNR4555308545,Success,CID379152,Bike,Yeshwanthpur,RT Nagar,112.0,105.0,Not Applicable,Not Applicable,No,Not Applicable,144,UPI,13,4.9,4.8
2024-07-30 01:15:00,CNR1763462161,Success,CID530763,Auto,Basavanagudi,MG Road,105.0,125.0,Not Applicable,Not Applicable,No,Not Applicable,441,UPI,13,4.2,3.2
2024-07-30 05:56:00,CNR2696810842,Success,CID887117,Bike,Sahakar Nagar,Whitefield,308.0,120.0,Not Applicable,Not Applicable,No,Not Applicable,331,Cash,29,5.0,3.6
2024-07-19 16:43:00,CNR7377749069,Canceled by Customer,CID355647,Prime Plus,Banashankari,Shantinagar,,,Driver asked to cancel,Not Applicable,Not Applicable,Not Applicable,144,Not Applicable,0,,
2024-07-18 23:42:00,CNR6384607616,Success,CID762869,Bike,Basavanagudi,Ulsoor,189.0,30.0,Not Applicable,Not Applicable,No,Not Applicable,165,Cash,14,4.7,3.4
2024-07-22 08:52:00,CNR2814926522,Driver Not Found,CID456326,Prime Plus,Indiranagar,Nagarbhavi,,,Not Applicable,Not Applicable,Not Applicable,Not Applicable,172,Not Applicable,0,,
2024-07-13 07:00:00,CNR8389468476,Canceled by Driver,CID296964,Prime Plus,Kammanahalli,Sarjapur Road,,,Not Applicable,Customer was coughing/sick,Not Applicable,Not Applicable,174,Not Applicable,0,,
2024-07-20 09:38:00,CNR2860885145,Success,CID846004,Mini,Bannerghatta Road,Padmanabhanagar,259.0,65.0,Not Applicable,Not Applicable,No,Not Applicable,714,Cash,6,3.3,4.7
2024-07-17 07:09:00,CNR4020636755,Success,CID919093,Prime Plus,Frazer Town,Rajarajeshwari Nagar,238.0,80.0,Not Applicable,Not Applicable,No,Not Applicable,771,UPI,16,3.6,3.7
2024-07-22 15:11:00,CNR6065095961,Success,CID724840,eBike,Kadugodi,Rajarajeshwari Nagar,133.0,115.0,Not Applicable,Not Applicable,No,Not Applicable,2254,UPI,31,4.2,4.5
2024-07-21 09:24:00,CNR5184463053,Success,CID862749,Bike,Sahakar Nagar,Cox Town,266.0,45.0,Not Applicable,Not Applicable,No,Not Applicable,273,Cash,11,3.4,3.6
2024-07-12 20:17:00,CNR9486699389,Success,CID651803,Prime Plus,Bellandur,Sahakar Nagar,84.0,100.0,Not Applicable,Not Applicable,No,Not Applicable,449,UPI,27,4.7,4.5
2024-07-03 07:17:00,CNR6068407267,Success,CID895429,Prime Plus,Kammanahalli,Majestic,70.0,125.0,Not Applicable,Not Applicable,No,Not Applicable,226,Cash,23,4.6,4.2
2024-07-18 12:10:00,CNR7069867316,Canceled by Driver,CID423844,Bike,Padmanabhanagar,Magadi Road,,,Not Applicable,Customer related issue,Not Applicable,Not Applicable,468,Not Applicable,0,,
2024-07-22 14:07:00,CNR4214068846,Canceled by Customer,CID995334,Mini,Vijayanagar,Hosur Road,,,AC is Not working,Not Applicable,Not Applicable,Not Applicable,224,Not Applicable,0,,
2024-07-19 10:04:00,CNR2571270113,Success,CID840198,Prime SUV,Whitefield,Ramamurthy Nagar,119.0,145.0,Not Applicable,Not Applicable,No,Not Applicable,255,Cash,3,4.0,3.7
2024-07-06 23:58:00,CNR8459360942,Canceled by Driver,CID295034,eBike,Tumkur Road,Ulsoor,,,Not Applicable,Customer related issue,Not Applicable,Not Applicable,2205,Not Applicable,0,,
2024-07-07 04:12:00,CNR6596108241,Success,CID449200,Mini,Mysore Road,Chamarajpet,119.0,140.0,Not Applicable,Not Applicable,No,Not Applicable,430,UPI,22,4.8,4.3
2024-07-17 02:24:00,CNR3097756835,Canceled by Driver,CID657785,Prime Sedan,Hulimavu,Shantinagar,,,Not Applicable,Customer related issue,Not Applicable,Not Applicable,473,Not Applicable,0,,
2024-07-18 22:43:00,CNR7616660838,Success,CID827521,Prime Sedan,Devanahalli,Shantinagar,105.0,140.0,Not Applicable,Not Applicable,No,Not Applicable,834,Cash,9,4.9,4.7
2024-07-29 01:45:00,CNR4857567990,Success,CID489049,Prime Sedan,KR Puram,Hosur Road,266.0,50.0,Not Applicable,Not Applicable,No,Not Applicable,890,UPI,14,4.4,4.1
2024-07-13 10:28:00,CNR7927594551,Success,CID321282,Bike,Kadugodi,Magadi Road,168.0,125.0,Not Applicable,Not Applicable,No,Not Applicable,415,UPI,46,3.8,4.6
2024-07-04 04:28:00,CNR3878863287,Canceled by Driver,CID828549,Auto,Kengeri,Ulsoor,,,Not Applicable,Personal & Car related issue,Not Applicable,Not Applicable,429,Not Applicable,0,,
2024-07-27 00:54:00,CNR6468110568,Success,CID405162,Auto,Sarjapur Road,Richmond Town,175.0,75.0,Not Applicable,Not Applicable,No,Not Applicable,735,UPI,15,3.0,3.2
2024-07-08 00:52:00,CNR8123218759,Success,CID711805,Prime Plus,Yeshwanthpur,Rajarajeshwari Nagar,56.0,30.0,Not Applicable,Not Applicable,No,Not Applicable,269,Cash,1,3.1,4.3
2024-07-27 06:11:00,CNR5894261256,Driver Not Found,CID762150,Auto,Kadugodi,Cox Town,,,Not Applicable,Not Applicable,Not Applicable,Not Applicable,350,Not Applicable,0,,
2024-07-28 00:08:00,CNR4815826510,Canceled by Driver,CID897164,Auto,Yelahanka,Malleshwaram,,,Not Applicable,Personal & Car related issue,Not Applicable,Not Applicable,233,Not Applicable,0,,
2024-07-13 21:55:00,CNR2289755346,Success,CID584171,Mini,Jayanagar,Cox Town,119.0,65.0,Not Applicable,Not Applicable,No,Not Applicable,125,UPI,3,3.3,3.8
2024-07-27 18:34:00,CNR7629896529,Canceled by Customer,CID724159,Mini,Sarjapur Road,Hulimavu,,,Change of plans,Not Applicable,Not Applicable,Not Applicable,143,Not Applicable,0,,
2024-07-25 17:39:00,CNR8102174509,Canceled by Driver,CID810506,Auto,Indiranagar,Banashankari,,,Not Applicable,Personal & Car related issue,Not Applicable,Not Applicable,106,Not Applicable,0,,
2024-07-15 13:22:00,CNR7428173263,Success,CID891524,Bike,Chickpet,Sarjapur Road,259.0,35.0,Not Applicable,Not Applicable,No,Not Applicable,478,UPI,48,4.8,3.5
2024-07-12 06:44:00,CNR5910547522,Success,CID147555,Prime Plus,KR Puram,Shantinagar,77.0,60.0,Not Applicable,Not Applicable,No,Not Applicable,420,Cash,34,4.1,3.6
2024-07-17 08:53:00,CNR2606758923,Canceled by Customer,CID156827,Bike,Frazer Town,Hennur,,,Driver is not moving towards pickup location,Not Applicable,Not Applicable,Not Applicable,529,Not Applicable,0,,
2024-07-08 15:55:00,CNR8324134656,Success,CID937494,Prime Sedan,Indiranagar,Rajajinagar,84.0,60.0,Not Applicable,Not Applicable,No,Not Applicable,2566,Cash,7,3.8,4.9
2024-07-13 17:37:00,CNR1617835045,Success,CID532392,Prime Plus,Padmanabhanagar,Majestic,189.0,25.0,Not Applicable,Not Applicable,No,Not Applicable,473,UPI,35,4.8,3.8
2024-07-21 13:56:00,CNR1812543401,Success,CID715339,Prime Plus,Ulsoor,Marathahalli,126.0,145.0,Not Applicable,Not Applicable,No,Not Applicable,624,UPI,12,3.9,3.1
2024-07-04 15:48:00,CNR3892281806,Driver Not Found,CID915144,Mini,HSR Layout,Majestic,,,Not Applicable,Not Applicable,Not Applicable,Not Applicable,523,Not Applicable,0,,
2024-07-30 03:45:00,CNR5448154305,Canceled by Driver,CID264952,eBike,Devanahalli,KR Puram,,,Not Applicable,More than permitted people in there,Not Applicable,Not Applicable,467,Not Applicable,0,,
2024-07-08 05:03:00,CNR3392646279,Success,CID364612,eBike,Magadi Road,BTM Layout,168.0,140.0,Not Applicable,Not Applicable,No,Not Applicable,586,UPI,8,3.7,4.6
2024-07-09 14:31:00,CNR5105180596,Success,CID288964,Bike,Jayanagar,Kengeri,35.0,60.0,Not Applicable,Not Applicable,No,Not Applicable,712,UPI,21,4.7,3.5
2024-07-25 14:52:00,CNR9959837903,Canceled by Customer,CID624698,Auto,Vijayanagar,Majestic,,,Driver asked to cancel,Not Applicable,Not Applicable,Not Applicable,236,Not Applicable,0,,
2024-07-24 04:36:00,CNR3121373641,Canceled by Driver,CID602821,Prime SUV,Padmanabhanagar,Rajarajeshwari Nagar,,,Not Applicable,More than permitted people in there,Not Applicable,Not Applicable,803,Not Applicable,0,,
2024-07-19 22:33:00,CNR6156101714,Success,CID440598,Bike,Shivajinagar,Yeshwanthpur,63.0,130.0,Not Applicable,Not Applicable,No,Not Applicable,168,UPI,36,4.9,5.0
2024-07-18 02:15:00,CNR1255772462,Success,CID666002,Prime Sedan,Shantinagar,Indiranagar,63.0,110.0,Not Applicable,Not Applicable,No,Not Applicable,198,UPI,7,4.9,3.6
2024-07-02 10:12:00,CNR3403507587,Canceled by Driver,CID816759,Mini,BTM Layout,Kadugodi,,,Not Applicable,Customer was coughing/sick,Not Applicable,Not Applicable,499,Not Applicable,0,,
2024-07-25 08:01:00,CNR8915044981,Success,CID596977,Prime Sedan,Kadugodi,Ramamurthy Nagar,231.0,40.0,Not Applicable,Not Applicable,No,Not Applicable,1034,Cash,4,4.3,4.5
2024-07-16 12:18:00,CNR8214889863,Success,CID208519,Prime Plus,Majestic,Yeshwanthpur,70.0,45.0,Not Applicable,Not Applicable,No,Not Applicable,576,UPI,41,3.9,4.4
2024-07-18 11:43:00,CNR6628798155,Success,CID217849,Prime SUV,Yeshwanthpur,Sarjapur Road,140.0,35.0,Not Applicable,Not Applicable,No,Not Applicable,314,Cash,19,3.5,4.4
2024-07-28 15:03:00,CNR5255549291,Success,CID553849,Bike,Yeshwanthpur,Chickpet,133.0,60.0,Not Applicable,Not Applicable,No,Not Applicable,480,Cash,5,3.3,3.2
2024-07-04 03:35:00,CNR4893137809,Success,CID851376,Mini,Basavanagudi,Hulimavu,49.0,130.0,Not Applicable,Not Applicable,No,Not Applicable,386,UPI,4,3.8,4.2
2024-07-10 09:39:00,CNR5523305960,Driver Not Found,CID413801,Prime Sedan,Basavanagudi,Chickpet,,,Not Applicable,Not Applicable,Not Applicable,Not Applicable,102,Not Applicable,0,,
2024-07-02 05:57:00,CNR8947475570,Success,CID702190,Bike,Kammanahalli,HSR Layout,154.0,80.0,Not Applicable,Not Applicable,No,Not Applicable,938,Cash,28,4.6,3.5
2024-07-12 06:15:00,CNR4979131145,Driver Not Found,CID711715,eBike,MG Road,Malleshwaram,,,Not Applicable,Not Applicable,Not Applicable,Not Applicable,308,Not Applicable,0,,
2024-07-27 14:11:00,CNR3413133924,Success,CID806570,eBike,Shantinagar,Mysore Road,84.0,25.0,Not Applicable,Not Applicable,No,Not Applicable,168,Credit Card,16,4.8,4.3
2024-07-13 00:01:00,CNR8747152053,Success,CID948205,Prime Plus,Malleshwaram,Marathahalli,189.0,80.0,Not Applicable,Not Applicable,No,Not Applicable,876,UPI,46,3.6,3.3
2024-07-15 04:26:00,CNR7314084131,Success,CID892362,Prime SUV,Varthur,Magadi Road,231.0,30.0,Not Applicable,Not Applicable,No,Not Applicable,838,UPI,10,4.0,3.4
2024-07-12 14:06:00,CNR3018307446,Success,CID917808,eBike,Shivajinagar,Indiranagar,210.0,60.0,Not Applicable,Not Applicable,No,Not Applicable,156,UPI,28,4.9,4.3
2024-07-02 11:41:00,CNR9628977343,Success,CID724130,Auto,Vijayanagar,Richmond Town,266.0,40.0,Not Applicable,Not Applicable,No,Not Applicable,257,UPI,19,4.9,3.3
2024-07-11 22:37:00,CNR6530415590,Canceled by Driver,CID281651,Mini,Bellandur,JP Nagar,,,Not Applicable,Personal & Car related issue,Not Applicable,Not Applicable,222,Not Applicable,0,,
2024-07-05 00:16:00,CNR6560556435,Canceled by Driver,CID712140,Bike,Peenya,Mysore Road,,,Not Applicable,Personal & Car related issue,Not Applicable,Not Applicable,264,Not Applicable,0,,
2024-07-27 06:07:00,CNR5855354441,Canceled by Customer,CID890145,Bike,Electronic City,Chamarajpet,,,AC is Not working,Not Applicable,Not Applicable,Not Applicable,365,Not Applicable,0,,
2024-07-08 07:49:00,CNR7146849743,Success,CID163707,Mini,Rajarajeshwari Nagar,Sarjapur Road,49.0,85.0,Not Applicable,Not Applicable,No,Not Applicable,119,Cash,10,4.3,3.2
2024-07-06 21:12:00,CNR9074705036,Driver Not Found,CID223097,Bike,JP Nagar,Jayanagar,,,Not Applicable,Not Applicable,Not Applicable,Not Applicable,506,Not Applicable,0,,
2024-07-21 10:24:00,CNR5403562178,Success,CID647378,Prime Plus,Richmond Town,Shivajinagar,266.0,120.0,Not Applicable,Not Applicable,No,Not Applicable,2669,Cash,39,3.7,4.6
2024-07-11 15:17:00,CNR2503586717,Driver Not Found,CID425478,Prime Sedan,Indiranagar,Hulimavu,,,Not Applicable,Not Applicable,Not Applicable,Not Applicable,302,Not Applicable,0,,
2024-07-26 10:30:00,CNR2188885663,Success,CID529369,Prime Sedan,Bellandur,Hennur,308.0,45.0,Not Applicable,Not Applicable,No,Not Applicable,773,Credit Card,10,4.4,3.0
2024-07-28 16:46:00,CNR9683101376,Success,CID480076,Mini,HSR Layout,Chamarajpet,70.0,140.0,Not Applicable,Not Applicable,No,Not Applicable,790,UPI,30,3.9,3.3
2024-07-26 21:32:00,CNR6553646988,Canceled by Driver,CID827572,eBike,Devanahalli,HSR Layout,,,Not Applicable,Customer related issue,Not Applicable,Not Applicable,1190,Not Applicable,0,,
2024-07-10 18:22:00,CNR2677868550,Success,CID502000,Prime Plus,Richmond Town,Padmanabhanagar,147.0,125.0,Not Applicable,Not Applicable,No,Not Applicable,494,UPI,34,4.2,3.4
2024-07-02 15:11:00,CNR6976255360,Success,CID136290,Prime SUV,Rajajinagar,Varthur,63.0,55.0,Not Applicable,Not Applicable,No,Not Applicable,146,Cash,30,4.6,4.4
2024-07-29 18:59:00,CNR8051680587,Success,CID356062,eBike,Hennur,Devanahalli,252.0,55.0,Not Applicable,Not Applicable,No,Not Applicable,373,Cash,17,4.0,4.1
2024-07-01 08:04:00,CNR6054033671,Canceled by Driver,CID466277,Bike,Hebbal,Nagarbhavi,,,Not Applicable,Personal & Car related issue,Not Applicable,Not Applicable,2101,Not Applicable,0,,
2024-07-02 21:04:00,CNR4673906986,Driver Not Found,CID101320,Mini,Yeshwanthpur,Bellandur,,,Not Applicable,Not Applicable,Not Applicable,Not Applicable,495,Not Applicable,0,,
2024-07-24 11:25:00,CNR4060445534,Canceled by Driver,CID320026,Prime SUV,Langford Town,JP Nagar,,,Not Applicable,More than permitted people in there,Not Applicable,Not Applicable,372,Not Applicable,0,,
2024-07-14 17:49:00,CNR6729650350,Canceled by Customer,CID373256,Prime Sedan,Bannerghatta Road,Magadi Road,,,Driver is not moving towards pickup location,Not Applicable,Not Applicable,Not Applicable,526,Not Applicable,0,,
2024-07-04 22:38:00,CNR2293081446,Canceled by Driver,CID506184,eBike,Ramamurthy Nagar,Hebbal,,,Not Applicable,Customer was coughing/sick,Not Applicable,Not Applicable,985,Not Applicable,0,,
2024-07-23 22:24:00,CNR7392968774,Success,CID632861,Prime Plus,Banashankari,Malleshwaram,203.0,140.0,Not Applicable,Not Applicable,No,Not Applicable,477,Cash,24,4.9,4.8
2024-07-17 22:26:00,CNR4813872578,Success,CID986178,Prime Plus,Hennur,Varthur,224.0,100.0,Not Applicable,Not Applicable,No,Not Applicable,970,UPI,30,3.4,4.8
2024-07-29 18:46:00,CNR4312180098,Canceled by Customer,CID184317,Prime Plus,Devanahalli,RT Nagar,,,Driver is not moving towards pickup location,Not Applicable,Not Applicable,Not Applicable,791,Not Applicable,0,,
2024-07-24 04:40:00,CNR2490365933,Canceled by Customer,CID181520,Prime Plus,Koramangala,Langford Town,,,Driver asked to cancel,Not Applicable,Not Applicable,Not Applicable,449,Not Applicable,0,,
2024-07-26 09:33:00,CNR4652923511,Success,CID564617,Prime Sedan,Peenya,Tumkur Road,182.0,25.0,Not Applicable,Not Applicable,No,Not Applicable,224,UPI,49,4.1,3.6
2024-07-25 18:21:00,CNR1452824415,Canceled by Driver,CID888370,Auto,Ulsoor,Kadugodi,,,Not Applicable,More than permitted people in there,Not Applicable,Not Applicable,244,Not Applicable,0,,
2024-07-02 03:48:00,CNR2286629067,Canceled by Customer,CID319377,Mini,Jayanagar,Kengeri,,,Change of plans,Not Applicable,Not Applicable,Not Applicable,321,Not Applicable,0,,
2024-07-11 04:00:00,CNR6106494736,Driver Not Found,CID629484,eBike,Shivajinagar,Basavanagudi,,,Not Applicable,Not Applicable,Not Applicable,Not Applicable,458,Not Applicable,0,,
2024-07-23 05:11:00,CNR3590681218,Success,CID581412,Mini,Hennur,Peenya,161.0,70.0,Not Applicable,Not Applicable,No,Not Applicable,483,UPI,8,4.2,3.5
2024-07-11 13:23:00,CNR9147865046,Success,CID450165,Prime Plus,Bannerghatta Road,Rajarajeshwari Nagar,294.0,40.0,Not Applicable,Not Applicable,No,Not Applicable,940,Cash,21,4.4,3.3
2024-07-05 23:38:00,CNR2600820204,Success,CID239009,Prime SUV,Kengeri,BTM Layout,280.0,135.0,Not Applicable,Not Applicable,No,Not Applicable,180,UPI,27,4.4,3.8
2024-07-05 06:25:00,CNR6222753143,Success,CID288811,Bike,Varthur,Magadi Road,154.0,55.0,Not Applicable,Not Applicable,No,Not Applicable,309,Cash,25,4.5,4.1
2024-07-14 19:08:00,CNR1794854942,Success,CID879872,Auto,Varthur,Peenya,245.0,90.0,Not Applicable,Not Applicable,No,Not Applicable,140,Credit Card,14,3.3,4.9
2024-07-26 05:24:00,CNR5735447685,Driver Not Found,CID744577,Prime Plus,Chickpet,Malleshwaram,,,Not Applicable,Not Applicable,Not Applicable,Not Applicable,1314,Not Applicable,0,,
2024-07-23 21:49:00,CNR3580701390,Success,CID391952,Prime SUV,Vijayanagar,Kengeri,287.0,100.0,Not Applicable,Not Applicable,No,Not Applicable,496,Cash,41,4.8,4.6
2024-07-28 02:51:00,CNR5814780366,Success,CID614097,Prime Sedan,Banashankari,Rajarajeshwari Nagar,308.0,140.0,Not Applicable,Not Applicable,No,Not Applicable,475,Cash,16,3.2,3.6
2024-07-02 19:34:00,CNR5395253859,Success,CID228977,eBike,Magadi Road,Bannerghatta Road,273.0,65.0,Not Applicable,Not Applicable,No,Not Applicable,428,Credit Card,30,4.5,4.3
2024-07-07 23:40:00,CNR2674754611,Success,CID135871,Mini,MG Road,Basavanagudi,91.0,130.0,Not Applicable,Not Applicable,No,Not Applicable,733,UPI,11,4.9,4.9
2024-07-18 12:03:00,CNR8639806923,Success,CID186107,eBike,Indiranagar,Indiranagar,77.0,35.0,Not Applicable,Not Applicable,No,Not Applicable,949,UPI,41,3.4,5.0
2024-07-30 13:44:00,CNR8159222887,Success,CID871956,Auto,Yeshwanthpur,Rajarajeshwari Nagar,231.0,45.0,Not Applicable,Not Applicable,No,Not Applicable,421,Cash,17,4.1,3.2
2024-07-23 21:41:00,CNR5048880233,Success,CID158663,Prime Sedan,Varthur,Varthur,273.0,45.0,Not Applicable,Not Applicable,No,Not Applicable,936,UPI,22,4.2,3.4
2024-07-12 21:55:00,CNR3966787584,Canceled by Driver,CID929649,Prime SUV,Magadi Road,Whitefield,,,Not Applicable,Customer was coughing/sick,Not Applicable,Not Applicable,244,Not Applicable,0,,
2024-07-27 12:28:00,CNR3373397025,Canceled by Customer,CID292603,Mini,Electronic City,JP Nagar,,,Change of plans,Not Applicable,Not Applicable,Not Applicable,2737,Not Applicable,0,,
2024-07-01 18:26:00,CNR9472619499,Success,CID283531,Prime Plus,Hulimavu,Majestic,140.0,55.0,Not Applicable,Not Applicable,No,Not Applicable,154,Cash,1,4.5,3.0
2024-07-28 13:06:00,CNR3009776379,Success,CID465670,Auto,Cox Town,KR Puram,196.0,40.0,Not Applicable,Not Applicable,No,Not Applicable,158,Cash,11,4.5,4.9
2024-07-02 15:19:00,CNR8457275210,Canceled by Customer,CID711122,Mini,Tumkur Road,Langford Town,,,Driver is not moving towards pickup location,Not Applicable,Not Applicable,Not Applicable,713,Not Applicable,0,,
2024-07-17 01:23:00,CNR8026389686,Success,CID729831,Bike,Kadugodi,Richmond Town,119.0,45.0,Not Applicable,Not Applicable,No,Not Applicable,587,UPI,9,3.6,3.9
2024-07-27 19:57:00,CNR5506086456,Success,CID470669,eBike,KR Puram,Banashankari,189.0,30.0,Not Applicable,Not Applicable,No,Not Applicable,435,Cash,12,4.9,4.3
2024-07-15 23:27:00,CNR6031086106,Success,CID240851,Prime Sedan,RT Nagar,KR Puram,217.0,75.0,Not Applicable,Not Applicable,No,Not Applicable,340,UPI,42,4.0,4.5
2024-07-06 01:17:00,CNR9957349013,Driver Not Found,CID560234,Auto,Rajarajeshwari Nagar,Sarjapur Road,,,Not Applicable,Not Applicable,Not Applicable,Not Applicable,692,Not Applicable,0,,
2024-07-09 08:55:00,CNR6739554936,Canceled by Driver,CID383157,eBike,Kammanahalli,Chamarajpet,,,Not Applicable,Customer related issue,Not Applicable,Not Applicable,430,Not Applicable,0,,
2024-07-28 02:30:00,CNR3529323351,Canceled by Customer,CID726995,Auto,Yeshwanthpur,Yelahanka,,,Driver asked to cancel,Not Applicable,Not Applicable,Not Applicable,268,Not Applicable,0,,
2024-07-11 09:54:00,CNR1827102811,Success,CID431888,Mini,Electronic City,Whitefield,308.0,70.0,Not Applicable,Not Applicable,No,Not Applicable,642,Cash,49,3.5,4.0
2024-07-05 17:55:00,CNR9215046295,Success,CID300676,Mini,Hebbal,BTM Layout,56.0,135.0,Not Applicable,Not Applicable,No,Not Applicable,136,Cash,44,3.0,3.7
2024-07-06 15:53:00,CNR7965931078,Canceled by Customer,CID187430,Prime SUV,Chamarajpet,Chamarajpet,,,AC is Not working,Not Applicable,Not Applicable,Not Applicable,185,Not Applicable,0,,
2024-07-06 04:41:00,CNR2182765454,Success,CID106421,Prime SUV,Yeshwanthpur,Chickpet,273.0,125.0,Not Applicable,Not Applicable,No,Not Applicable,2467,Cash,21,3.9,3.3
2024-07-03 06:07:00,CNR9885882962,Canceled by Customer,CID879708,Prime SUV,Ulsoor,Cox Town,,,Driver is not moving towards pickup location,Not Applicable,Not Applicable,Not Applicable,890,Not Applicable,0,,
2024-07-11 18:32:00,CNR3013642828,Success,CID278203,Prime SUV,KR Puram,KR Puram,294.0,130.0,Not Applicable,Not Applicable,No,Not Applicable,229,Cash,36,3.1,4.5
2024-07-19 10:34:00,CNR6568537623,Canceled by Driver,CID828228,eBike,Electronic City,Jayanagar,,,Not Applicable,Customer related issue,Not Applicable,Not Applicable,432,Not Applicable,0,,
2024-07-20 17:02:00,CNR7473393084,Success,CID826936,Bike,Rajarajeshwari Nagar,Ramamurthy Nagar,84.0,45.0,Not Applicable,Not Applicable,No,Not Applicable,298,Credit Card,17,3.9,4.0
2024-07-26 03:10:00,CNR2428498066,Driver Not Found,CID781136,Bike,Kengeri,Electronic City,,,Not Applicable,Not Applicable,Not Applicable,Not Applicable,707,Not Applicable,0,,
2024-07-07 19:50:00,CNR8361490780,Success,CID415763,Prime Sedan,Ramamurthy Nagar,HSR Layout,196.0,120.0,Not Applicable,Not Applicable,No,Not Applicable,382,Cash,18,4.4,4.9
2024-07-07 05:33:00,CNR1053692886,Success,CID722660,Prime SUV,Hosur Road,Hosur Road,266.0,120.0,Not Applicable,Not Applicable,No,Not Applicable,296,Credit Card,29,4.8,3.9
2024-07-24 04:33:00,CNR6262689294,Success,CID108060,Prime Sedan,Langford Town,Hebbal,287.0,55.0,Not Applicable,Not Applicable,No,Not Applicable,370,Cash,44,3.2,4.9
2024-07-05 12:18:00,CNR8973287199,Success,CID372658,eBike,KR Puram,Yeshwanthpur,238.0,25.0,Not Applicable,Not Applicable,No,Not Applicable,669,UPI,24,4.9,4.2
2024-07-05 07:39:00,CNR1074190623,Canceled by Customer,CID152867,Prime Sedan,Hebbal,Peenya,,,Wrong Address,Not Applicable,Not Applicable,Not Applicable,342,Not Applicable,0,,
2024-07-11 12:12:00,CNR8563264149,Success,CID338745,Mini,Jayanagar,Padmanabhanagar,238.0,25.0,Not Applicable,Not Applicable,No,Not Applicable,242,Cash,10,4.5,4.1
2024-07-19 18:16:00,CNR6557347031,Success,CID442969,eBike,Mysore Road,Sarjapur Road,196.0,30.0,Not Applicable,Not Applicable,No,Not Applicable,501,Cash,15,3.2,4.5
2024-07-27 00:07:00,CNR2025736589,Success,CID708991,eBike,Nagarbhavi,Mysore Road,308.0,110.0,Not Applicable,Not Applicable,No,Not Applicable,489,Cash,8,3.8,3.4
2024-07-03 11:10:00,CNR8306244496,Success,CID737171,Prime SUV,Shivajinagar,RT Nagar,203.0,50.0,Not Applicable,Not Applicable,No,Not Applicable,459,UPI,25,4.7,3.5
2024-07-21 23:26:00,CNR7736175734,Driver Not Found,CID260111,Prime Plus,Indiranagar,Ulsoor,,,Not Applicable,Not Applicable,Not Applicable,Not Applicable,376,Not Applicable,0,,
2024-07-15 05:21:00,CNR6836763783,Success,CID350502,Prime SUV,Rajajinagar,MG Road,287.0,85.0,Not Applicable,Not Applicable,Yes,Vehicle Breakdown,1013,Cash,30,3.2,3.0
2024-07-07 21:20:00,CNR7771417556,Success,CID976071,Mini,HSR Layout,Banashankari,182.0,140.0,Not Applicable,Not Applicable,No,Not Applicable,442,UPI,46,3.0,3.5
2024-07-05 22:18:00,CNR1320208309,Canceled by Driver,CID912647,Mini,Yelahanka,Ulsoor,,,Not Applicable,More than permitted people in there,Not Applicable,Not Applicable,652,Not Applicable,0,,
2024-07-04 06:50:00,CNR2898728803,Canceled by Customer,CID948131,Mini,Hennur,Cox Town,,,Driver is not moving towards pickup location,Not Applicable,Not Applicable,Not Applicable,792,Not Applicable,0,,
2024-07-13 17:05:00,CNR7171549965,Canceled by Driver,CID371771,eBike,RT Nagar,Ramamurthy Nagar,,,Not Applicable,Personal & Car related issue,Not Applicable,Not Applicable,134,Not Applicable,0,,
2024-07-04 06:06:00,CNR8751275544,Canceled by Driver,CID195182,Auto,Indiranagar,Marathahalli,,,Not Applicable,More than permitted people in there,Not Applicable,Not Applicable,237,Not Applicable,0,,
2024-07-23 07:14:00,CNR8105048929,Success,CID762073,Mini,Sahakar Nagar,Chickpet,98.0,125.0,Not Applicable,Not Applicable,No,Not Applicable,492,UPI,4,4.9,3.7
2024-07-09 19:49:00,CNR1256043260,Success,CID608871,Prime SUV,Malleshwaram,Mysore Road,112.0,55.0,Not Applicable,Not Applicable,No,Not Applicable,945,Cash,38,3.8,3.0
2024-07-26 18:27:00,CNR5891325837,Canceled by Driver,CID218459,eBike,KR Puram,Koramangala,,,Not Applicable,Customer related issue,Not Applicable,Not Applicable,237,Not Applicable,0,,
2024-07-11 18:53:00,CNR9207841693,Success,CID503209,Bike,Mysore Road,Yelahanka,98.0,105.0,Not Applicable,Not Applicable,No,Not Applicable,2593,Cash,23,4.0,4.9
2024-07-30 14:08:00,CNR6206169008,Success,CID196179,Prime Sedan,Marathahalli,Chamarajpet,98.0,65.0,Not Applicable,Not Applicable,No,Not Applicable,328,Cash,24,3.2,3.3
2024-07-17 17:50:00,CNR9779015034,Success,CID881729,Bike,Electronic City,Chickpet,140.0,100.0,Not Applicable,Not Applicable,No,Not Applicable,382,Cash,29,3.2,3.3
2024-07-03 23:38:00,CNR1890011112,Canceled by Customer,CID270828,Prime Plus,Hebbal,Majestic,,,Driver is not moving towards pickup location,Not Applicable,Not Applicable,Not Applicable,544,Not Applicable,0,,
2024-07-05 05:51:00,CNR3918127657,Canceled by Driver,CID872266,Prime SUV,Shantinagar,Cox Town,,,Not Applicable,Personal & Car related issue,Not Applicable,Not Applicable,545,Not Applicable,0,,
2024-07-22 20:05:00,CNR6867430147,Success,CID663561,Prime Sedan,Frazer Town,Banashankari,287.0,35.0,Not Applicable,Not Applicable,No,Not Applicable,2540,Cash,25,4.2,3.2
2024-07-22 22:50:00,CNR2798935637,Canceled by Customer,CID947039,Bike,Mysore Road,Shantinagar,,,Driver asked to cancel,Not Applicable,Not Applicable,Not Applicable,320,Not Applicable,0,,
2024-07-11 16:58:00,CNR2899578270,Canceled by Driver,CID207243,Bike,Koramangala,Padmanabhanagar,,,Not Applicable,Personal & Car related issue,Not Applicable,Not Applicable,627,Not Applicable,0,,
2024-07-28 12:59:00,CNR4651605931,Canceled by Customer,CID344081,Prime SUV,MG Road,Rajajinagar,,,Driver asked to cancel,Not Applicable,Not Applicable,Not Applicable,311,Not Applicable,0,,
2024-07-08 14:50:00,CNR5029620072,Canceled by Customer,CID983121,eBike,Rajarajeshwari Nagar,Chickpet,,,Change of plans,Not Applicable,Not Applicable,Not Applicable,421,Not Applicable,0,,
2024-07-29 08:56:00,CNR8377323438,Success,CID778805,Prime Sedan,Peenya,RT Nagar,133.0,40.0,Not Applicable,Not Applicable,No,Not Applicable,505,Cash,25,4.1,4.8
2024-07-04 15:37:00,CNR6112255636,Success,CID938197,Mini,Koramangala,Hennur,196.0,135.0,Not Applicable,Not Applicable,No,Not Applicable,486,Cash,14,4.6,4.1
2024-07-13 07:23:00,CNR7533508743,Success,CID440303,Prime Sedan,Tumkur Road,Koramangala,70.0,70.0,Not Applicable,Not Applicable,No,Not Applicable,403,UPI,12,4.7,3.8
2024-07-06 18:52:00,CNR9491790635,Success,CID387221,Prime Sedan,Kadugodi,Rajarajeshwari Nagar,266.0,130.0,Not Applicable,Not Applicable,No,Not Applicable,435,Cash,35,4.3,3.4
2024-07-10 08:36:00,CNR5463333017,Canceled by Customer,CID564159,Prime SUV,Rajarajeshwari Nagar,Tumkur Road,,,Driver asked to cancel,Not Applicable,Not Applicable,Not Applicable,305,Not Applicable,0,,
2024-07-24 20:47:00,CNR1204850776,Success,CID575713,Prime Sedan,Kadugodi,Peenya,35.0,70.0,Not Applicable,Not Applicable,Yes,Vehicle Breakdown,499,Cash,48,3.0,3.4
2024-07-03 14:38:00,CNR4599178596,Canceled by Driver,CID379829,Auto,Electronic City,Chamarajpet,,,Not Applicable,Customer related issue,Not Applicable,Not Applicable,200,Not Applicable,0,,
2024-07-08 02:24:00,CNR9653834101,Success,CID479524,Prime SUV,JP Nagar,Mysore Road,287.0,85.0,Not Applicable,Not Applicable,Yes,Other Issue,790,Credit Card,18,3.6,4.3
2024-07-11 08:50:00,CNR2742285500,Success,CID722349,Prime Sedan,KR Puram,Basavanagudi,224.0,55.0,Not Applicable,Not Applicable,No,Not Applicable,393,Cash,10,4.4,3.5
2024-07-03 01:22:00,CNR2918584610,Success,CID984558,Prime Plus,Bannerghatta Road,Majestic,147.0,95.0,Not Applicable,Not Applicable,No,Not Applicable,2633,Cash,45,3.4,3.2
2024-07-07 05:48:00,CNR1224543390,Canceled by Driver,CID595119,Prime Sedan,Sarjapur Road,Shantinagar,,,Not Applicable,Personal & Car related issue,Not Applicable,Not Applicable,2344,Not Applicable,0,,
2024-07-29 08:41:00,CNR7012591726,Success,CID255655,eBike,Jayanagar,Majestic,35.0,145.0,Not Applicable,Not Applicable,No,Not Applicable,237,Cash,25,3.9,4.1
2024-07-03 08:44:00,CNR8135847711,Driver Not Found,CID962324,Prime Plus,Koramangala,HSR Layout,,,Not Applicable,Not Applicable,Not Applicable,Not Applicable,640,Not Applicable,0,,
2024-07-08 22:06:00,CNR1458071202,Success,CID220839,Prime Plus,Electronic City,Langford Town,308.0,25.0,Not Applicable,Not Applicable,No,Not Applicable,285,UPI,31,4.1,3.3
2024-07-21 11:34:00,CNR1445858343,Success,CID518540,Prime Sedan,Tumkur Road,HSR Layout,280.0,105.0,Not Applicable,Not Applicable,No,Not Applicable,209,Cash,31,4.2,4.2
2024-07-16 14:00:00,CNR8041360496,Success,CID494215,Prime SUV,Cox Town,Majestic,217.0,105.0,Not Applicable,Not Applicable,No,Not Applicable,184,Cash,22,3.5,4.3
2024-07-08 06:33:00,CNR3799620571,Success,CID392078,Bike,Koramangala,Electronic City,98.0,100.0,Not Applicable,Not Applicable,No,Not Applicable,265,Cash,47,3.1,3.7
2024-07-06 08:16:00,CNR1614120957,Success,CID304661,Auto,HSR Layout,Yeshwanthpur,301.0,110.0,Not Applicable,Not Applicable,Yes,Vehicle Breakdown,477,UPI,19,3.2,4.1
2024-07-29 03:06:00,CNR2055719037,Driver Not Found,CID810207,Auto,Vijayanagar,Devanahalli,,,Not Applicable,Not Applicable,Not Applicable,Not Applicable,180,Not Applicable,0,,
2024-07-30 18:58:00,CNR5966056599,Success,CID459475,Prime Plus,Tumkur Road,Kadugodi,56.0,130.0,Not Applicable,Not Applicable,No,Not Applicable,186,Cash,47,3.0,3.6
2024-07-18 09:58:00,CNR1337993201,Driver Not Found,CID321751,eBike,Koramangala,Sahakar Nagar,,,Not Applicable,Not Applicable,Not Applicable,Not Applicable,405,Not Applicable,0,,
2024-07-02 06:21:00,CNR4082548918,Canceled by Driver,CID985341,Prime Plus,Sahakar Nagar,Hebbal,,,Not Applicable,More than permitted people in there,Not Applicable,Not Applicable,157,Not Applicable,0,,
2024-07-05 22:27:00,CNR2779955685,Success,CID203949,Auto,Yelahanka,Shivajinagar,140.0,145.0,Not Applicable,Not Applicable,No,Not Applicable,227,Cash,19,3.3,4.7
2024-07-06 11:18:00,CNR4632863776,Driver Not Found,CID264987,Auto,Tumkur Road,Yeshwanthpur,,,Not Applicable,Not Applicable,Not Applicable,Not Applicable,733,Not Applicable,0,,
2024-07-05 03:49:00,CNR7797989433,Success,CID658355,Prime SUV,Vijayanagar,Kammanahalli,77.0,135.0,Not Applicable,Not Applicable,No,Not Applicable,459,Cash,23,3.7,3.6
2024-07-07 00:01:00,CNR8984217129,Success,CID385527,Prime SUV,HSR Layout,Vijayanagar,77.0,145.0,Not Applicable,Not Applicable,No,Not Applicable,617,Cash,8,3.2,3.9
2024-07-08 09:47:00,CNR1075338763,Success,CID914600,Prime Plus,Whitefield,Yeshwanthpur,168.0,90.0,Not Applicable,Not Applicable,No,Not Applicable,242,UPI,3,4.8,4.8
2024-07-12 07:41:00,CNR4447054000,Driver Not Found,CID990901,Mini,Kadugodi,RT Nagar,,,Not Applicable,Not Applicable,Not Applicable,Not Applicable,337,Not Applicable,0,,
2024-07-04 14:34:00,CNR7171116115,Success,CID900838,eBike,Koramangala,Ulsoor,70.0,50.0,Not Applicable,Not Applicable,No,Not Applicable,689,UPI,35,4.3,4.4
2024-07-30 06:30:00,CNR8430483650,Success,CID244243,Prime Plus,Basavanagudi,Hulimavu,105.0,25.0,Not Applicable,Not Applicable,No,Not Applicable,369,Cash,8,4.8,4.3
2024-07-28 09:57:00,CNR2331673000,Success,CID332701,Prime SUV,Shivajinagar,Tumkur Road,210.0,125.0,Not Applicable,Not Applicable,No,Not Applicable,170,UPI,35,3.4,3.8
2024-07-09 18:10:00,CNR1944610915,Success,CID853192,Mini,Whitefield,JP Nagar,35.0,60.0,Not Applicable,Not Applicable,No,Not Applicable,193,Cash,27,3.9,3.5
2024-07-23 22:27:00,CNR8808712269,Success,CID361145,Prime SUV,Banashankari,Langford Town,301.0,65.0,Not Applicable,Not Applicable,No,Not Applicable,1351,Cash,22,4.7,4.2
2024-07-21 13:31:00,CNR4023280886,Canceled by Driver,CID810146,Prime Sedan,Sarjapur Road,Marathahalli,,,Not Applicable,More than permitted people in there,Not Applicable,Not Applicable,441,Not Applicable,0,,
2024-07-23 01:37:00,CNR2154594712,Success,CID755308,Auto,Magadi Road,Bannerghatta Road,245.0,80.0,Not Applicable,Not Applicable,No,Not Applicable,363,Cash,10,4.2,4.6
2024-07-24 23:25:00,CNR3739806492,Canceled by Driver,CID679232,Auto,Tumkur Road,Kadugodi,,,Not Applicable,Personal & Car related issue,Not Applicable,Not Applicable,243,Not Applicable,0,,
2024-07-11 16:27:00,CNR9169867617,Success,CID177660,Prime SUV,Magadi Road,Shivajinagar,161.0,50.0,Not Applicable,Not Applicable,No,Not Applicable,350,UPI,39,3.2,4.1
2024-07-30 22:25:00,CNR4232639044,Driver Not Found,CID639143,Mini,MG Road,Hebbal,,,Not Applicable,Not Applicable,Not Applicable,Not Applicable,371,Not Applicable,0,,
2024-07-19 16:50:00,CNR9695428803,Canceled by Driver,CID621925,Prime Plus,Devanahalli,MG Road,,,Not Applicable,Personal & Car related issue,Not Applicable,Not Applicable,420,Not Applicable,0,,
2024-07-09 23:37:00,CNR2377938752,Canceled by Customer,CID764911,eBike,Chamarajpet,Marathahalli,,,Driver asked to cancel,Not Applicable,Not Applicable,Not Applicable,442,Not Applicable,0,,
2024-07-18 00:12:00,CNR7692527656,Canceled by Driver,CID908363,Prime SUV,Whitefield,Sarjapur Road,,,Not Applicable,Personal & Car related issue,Not Applicable,Not Applicable,126,Not Applicable,0,,
2024-07-23 06:23:00,CNR2280690376,Canceled by Driver,CID617896,Auto,Peenya,Varthur,,,Not Applicable,Customer related issue,Not Applicable,Not Applicable,237,Not Applicable,0,,
2024-07-13 23:44:00,CNR3323765323,Success,CID915858,Auto,Electronic City,HSR Layout,217.0,30.0,Not Applicable,Not Applicable,No,Not Applicable,835,Credit Card,1,4.7,3.2
2024-07-23 06:16:00,CNR2956794975,Success,CID688920,Auto,HSR Layout,Mysore Road,245.0,110.0,Not Applicable,Not Applicable,No,Not Applicable,173,Cash,4,3.3,3.1
2024-07-09 02:40:00,CNR7896483464,Success,CID508617,Prime Plus,Rajarajeshwari Nagar,Yeshwanthpur,301.0,60.0,Not Applicable,Not Applicable,No,Not Applicable,389,UPI,19,4.6,4.6
2024-07-28 10:27:00,CNR5966720325,Success,CID894918,Prime Sedan,Yeshwanthpur,Varthur,168.0,85.0,Not Applicable,Not Applicable,No,Not Applicable,178,UPI,40,4.9,4.8
2024-07-15 22:40:00,CNR2080830353,Success,CID946289,Bike,Tumkur Road,Bellandur,182.0,60.0,Not Applicable,Not Applicable,No,Not Applicable,335,UPI,36,4.8,4.5
2024-07-16 10:59:00,CNR6541581037,Canceled by Driver,CID656999,eBike,Malleshwaram,Majestic,,,Not Applicable,Customer was coughing/sick,Not Applicable,Not Applicable,253,Not Applicable,0,,
2024-07-30 05:08:00,CNR7510581991,Success,CID698230,Prime Plus,BTM Layout,Sarjapur Road,203.0,80.0,Not Applicable,Not Applicable,No,Not Applicable,866,UPI,43,3.6,3.6
2024-07-23 13:38:00,CNR4081670470,Driver Not Found,CID748797,Prime Sedan,Kammanahalli,Kammanahalli,,,Not Applicable,Not Applicable,Not Applicable,Not Applicable,1958,Not Applicable,0,,
2024-07-02 01:19:00,CNR4261724958,Driver Not Found,CID891201,Prime Sedan,Rajarajeshwari Nagar,Nagarbhavi,,,Not Applicable,Not Applicable,Not Applicable,Not Applicable,263,Not Applicable,0,,
2024-07-25 20:44:00,CNR5257116726,Canceled by Customer,CID751172,Mini,Sarjapur Road,RT Nagar,,,Change of plans,Not Applicable,Not Applicable,Not Applicable,153,Not Applicable,0,,
2024-07-18 13:57:00,CNR5499672174,Success,CID374404,Prime SUV,Chamarajpet,Chickpet,203.0,105.0,Not Applicable,Not Applicable,No,Not Applicable,401,UPI,43,4.2,3.3
2024-07-29 20:53:00,CNR4882018866,Canceled by Customer,CID265004,Prime SUV,BTM Layout,Varthur,,,Driver is not moving towards pickup location,Not Applicable,Not Applicable,Not Applicable,165,Not Applicable,0,,
2024-07-24 19:21:00,CNR5614037340,Success,CID862219,Prime Sedan,Malleshwaram,Yeshwanthpur,189.0,40.0,Not Applicable,Not Applicable,No,Not Applicable,359,Cash,10,5.0,4.5
2024-07-22 21:43:00,CNR3502160238,Driver Not Found,CID219465,eBike,Langford Town,Kammanahalli,,,Not Applicable,Not Applicable,Not Applicable,Not Applicable,372,Not Applicable,0,,
2024-07-18 02:49:00,CNR3600020862,Success,CID827622,Prime Sedan,HSR Layout,Ulsoor,210.0,110.0,Not Applicable,Not Applicable,No,Not Applicable,1461,Cash,1,3.9,3.3
2024-07-23 05:53:00,CNR1211230878,Success,CID234252,eBike,MG Road,Shantinagar,182.0,100.0,Not Applicable,Not Applicable,No,Not Applicable,260,Cash,29,4.5,3.6
2024-07-17 04:24:00,CNR7360886681,Success,CID430624,Bike,Mysore Road,Yeshwanthpur,49.0,95.0,Not Applicable,Not Applicable,No,Not Applicable,437,Cash,10,4.4,3.7
2024-07-18 19:47:00,CNR5560490645,Canceled by Customer,CID665299,Auto,Bellandur,Malleshwaram,,,Wrong Address,Not Applicable,Not Applicable,Not Applicable,420,Not Applicable,0,,
2024-07-10 17:28:00,CNR4642065706,Success,CID940419,eBike,Banashankari,Devanahalli,112.0,90.0,Not Applicable,Not Applicable,No,Not Applicable,364,Cash,46,4.9,4.0
2024-07-06 23:17:00,CNR9920625289,Driver Not Found,CID877033,eBike,Peenya,Hebbal,,,Not Applicable,Not Applicable,Not Applicable,Not Applicable,300,Not Applicable,0,,
2024-07-01 06:29:00,CNR8034607613,Success,CID924312,Prime Plus,Magadi Road,Chickpet,91.0,145.0,Not Applicable,Not Applicable,No,Not Applicable,145,UPI,34,4.4,3.4
2024-07-18 22:40:00,CNR8894967682,Success,CID918671,Prime Sedan,MG Road,Rajajinagar,245.0,45.0,Not Applicable,Not Applicable,No,Not Applicable,446,UPI,1,3.2,3.8
2024-07-28 10:20:00,CNR7068763453,Canceled by Driver,CID328887,Mini,MG Road,Shivajinagar,,,Not Applicable,Customer related issue,Not Applicable,Not Applicable,318,Not Applicable,0,,
2024-07-03 06:01:00,CNR1501564229,Success,CID462175,Bike,Kengeri,Vijayanagar,70.0,40.0,Not Applicable,Not Applicable,No,Not Applicable,2281,Cash,22,4.8,3.4
2024-07-14 07:03:00,CNR5011474443,Canceled by Driver,CID200273,Bike,BTM Layout,Banashankari,,,Not Applicable,Customer was coughing/sick,Not Applicable,Not Applicable,115,Not Applicable,0,,
2024-07-29 06:39:00,CNR9717814040,Success,CID800407,Mini,KR Puram,Langford Town,203.0,60.0,Not Applicable,Not Applicable,No,Not Applicable,403,UPI,47,4.6,4.9
2024-07-13 00:00:00,CNR8735520429,Canceled by Driver,CID175419,eBike,Basavanagudi,Magadi Road,,,Not Applicable,Customer related issue,Not Applicable,Not Applicable,494,Not Applicable,0,,
2024-07-27 15:48:00,CNR5269024341,Success,CID942236,Mini,Kammanahalli,Jayanagar,133.0,85.0,Not Applicable,Not Applicable,No,Not Applicable,2715,Cash,26,3.3,3.3
2024-07-26 21:31:00,CNR9288270098,Success,CID916606,Prime Sedan,Frazer Town,Basavanagudi,231.0,65.0,Not Applicable,Not Applicable,No,Not Applicable,2428,Cash,11,3.8,3.2
2024-07-01 18:19:00,CNR7062098720,Success,CID377185,Prime SUV,Yeshwanthpur,Kadugodi,84.0,25.0,Not Applicable,Not Applicable,No,Not Applicable,928,Cash,24,3.1,3.9
2024-07-10 01:29:00,CNR1811274642,Success,CID272791,eBike,Kengeri,Electronic City,133.0,35.0,Not Applicable,Not Applicable,No,Not Applicable,303,UPI,5,4.0,3.2
2024-07-08 10:44:00,CNR2355041021,Success,CID943228,Mini,Basavanagudi,Marathahalli,105.0,105.0,Not Applicable,Not Applicable,No,Not Applicable,2900,Cash,43,4.2,4.9
2024-07-12 07:55:00,CNR1256297206,Success,CID303180,Auto,Hennur,Hulimavu,161.0,85.0,Not Applicable,Not Applicable,No,Not Applicable,446,Credit Card,5,3.2,3.7
2024-07-03 11:24:00,CNR4108484987,Success,CID904072,Bike,Hennur,Ulsoor,70.0,95.0,Not Applicable,Not Applicable,No,Not Applicable,588,Cash,40,4.9,4.0
2024-07-03 16:15:00,CNR3188166294,Canceled by Driver,CID211730,Prime Sedan,Whitefield,Mysore Road,,,Not Applicable,Personal & Car related issue,Not Applicable,Not Applicable,604,Not Applicable,0,,
2024-07-29 04:10:00,CNR6093039931,Canceled by Driver,CID968318,Prime SUV,Ramamurthy Nagar,Marathahalli,,,Not Applicable,Customer related issue,Not Applicable,Not Applicable,280,Not Applicable,0,,
2024-07-15 18:23:00,CNR8773406507,Canceled by Customer,CID299956,Prime SUV,Jayanagar,KR Puram,,,AC is Not working,Not Applicable,Not Applicable,Not Applicable,328,Not Applicable,0,,
2024-07-11 12:27:00,CNR6054093149,Success,CID646022,eBike,Bellandur,Devanahalli,161.0,95.0,Not Applicable,Not Applicable,No,Not Applicable,634,UPI,42,4.1,4.0
2024-07-20 12:36:00,CNR4586444196,Success,CID696830,Prime Plus,Hebbal,Majestic,91.0,30.0,Not Applicable,Not Applicable,No,Not Applicable,281,UPI,27,4.7,3.2
2024-07-14 10:37:00,CNR4919097121,Success,CID772271,Prime Sedan,Chickpet,Shivajinagar,168.0,85.0,Not Applicable,Not Applicable,No,Not Applicable,340,UPI,39,4.2,3.6
2024-07-20 20:43:00,CNR3316850106,Success,CID293833,Prime SUV,Devanahalli,Marathahalli,140.0,60.0,Not Applicable,Not Applicable,No,Not Applicable,813,Cash,31,4.6,3.0
2024-07-26 18:45:00,CNR5336570361,Success,CID166487,eBike,Peenya,Chamarajpet,196.0,25.0,Not Applicable,Not Applicable,No,Not Applicable,354,Cash,7,3.9,3.8
2024-07-28 02:46:00,CNR4862807370,Canceled by Driver,CID279180,Prime SUV,Padmanabhanagar,Langford Town,,,Not Applicable,Customer related issue,Not Applicable,Not Applicable,1095,Not Applicable,0,,
2024-07-22 12:12:00,CNR9229517926,Success,CID325444,Prime Plus,Bellandur,Basavanagudi,196.0,25.0,Not Applicable,Not Applicable,No,Not Applicable,790,UPI,42,4.7,4.8
2024-07-25 21:31:00,CNR1386105468,Canceled by Customer,CID885535,Prime Sedan,Hosur Road,Yeshwanthpur,,,Change of plans,Not Applicable,Not Applicable,Not Applicable,780,Not Applicable,0,,
2024-07-03 01:08:00,CNR9167663266,Success,CID636533,Prime Plus,Kadugodi,Frazer Town,252.0,55.0,Not Applicable,Not Applicable,No,Not Applicable,319,UPI,16,4.6,4.2
2024-07-19 00:51:00,CNR8818544284,Canceled by Customer,CID937601,Auto,Banashankari,Bellandur,,,Change of plans,Not Applicable,Not Applicable,Not Applicable,804,Not Applicable,0,,
2024-07-29 09:10:00,CNR6007867723,Canceled by Driver,CID332579,Prime Sedan,Electronic City,Chamarajpet,,,Not Applicable,Personal & Car related issue,Not Applicable,Not Applicable,335,Not Applicable,0,,
2024-07-06 13:48:00,CNR6142455152,Success,CID707821,Bike,RT Nagar,KR Puram,224.0,85.0,Not Applicable,Not Applicable,No,Not Applicable,537,Cash,47,3.4,4.2
2024-07-07 17:27:00,CNR3242115918,Canceled by Customer,CID377003,Auto,Bannerghatta Road,Mysore Road,,,Driver asked to cancel,Not Applicable,Not Applicable,Not Applicable,478,Not Applicable,0,,
2024-07-26 05:06:00,CNR9823936649,Canceled by Driver,CID467369,Prime SUV,Frazer Town,Banashankari,,,Not Applicable,Personal & Car related issue,Not Applicable,Not Applicable,324,Not Applicable,0,,
2024-07-21 16:30:00,CNR5957112718,Driver Not Found,CID431906,Prime Sedan,Vijayanagar,Hosur Road,,,Not Applicable,Not Applicable,Not Applicable,Not Applicable,462,Not Applicable,0,,
2024-07-12 19:51:00,CNR8409015899,Success,CID158531,eBike,Koramangala,Rajajinagar,77.0,110.0,Not Applicable,Not Applicable,No,Not Applicable,221,UPI,12,4.1,4.2
2024-07-15 09:36:00,CNR2873919023,Canceled by Driver,CID892366,Bike,Kadugodi,Chickpet,,,Not Applicable,Personal & Car related issue,Not Applicable,Not Applicable,148,Not Applicable,0,,
2024-07-24 08:03:00,CNR3012894010,Success,CID638141,Mini,Indiranagar,Richmond Town,112.0,140.0,Not Applicable,Not Applicable,No,Not Applicable,605,Cash,28,3.9,4.7
2024-07-12 04:07:00,CNR4527736116,Success,CID521574,Prime Sedan,Yeshwanthpur,HSR Layout,294.0,25.0,Not Applicable,Not Applicable,No,Not Applicable,295,Cash,8,4.1,3.3
2024-07-11 05:34:00,CNR9885139434,Driver Not Found,CID546363,Prime SUV,Shantinagar,Cox Town,,,Not Applicable,Not Applicable,Not Applicable,Not Applicable,273,Not Applicable,0,,
2024-07-20 21:54:00,CNR3175342018,Success,CID240179,Mini,Rajajinagar,Chamarajpet,91.0,85.0,Not Applicable,Not Applicable,No,Not Applicable,184,Cash,37,4.9,4.8
2024-07-14 14:10:00,CNR8703253978,Driver Not Found,CID549442,Prime Plus,Mysore Road,Ulsoor,,,Not Applicable,Not Applicable,Not Applicable,Not Applicable,309,Not Applicable,0,,
2024-07-23 10:23:00,CNR9778704969,Success,CID329334,Prime Sedan,Basavanagudi,Kammanahalli,203.0,140.0,Not Applicable,Not Applicable,No,Not Applicable,540,UPI,17,4.0,4.6
2024-07-20 16:17:00,CNR3749830408,Success,CID160131,eBike,Shivajinagar,HSR Layout,210.0,145.0,Not Applicable,Not Applicable,No,Not Applicable,452,Cash,1,3.6,3.1
2024-07-10 14:49:00,CNR7836961492,Canceled by Customer,CID972233,Prime Plus,Kengeri,Ramamurthy Nagar,,,Driver asked to cancel,Not Applicable,Not Applicable,Not Applicable,213,Not Applicable,0,,
2024-07-26 07:22:00,CNR3392508249,Success,CID603584,Mini,Vijayanagar,Marathahalli,224.0,105.0,Not Applicable,Not Applicable,No,Not Applicable,417,Cash,47,4.5,3.0
2024-07-06 07:03:00,CNR7982426963,Canceled by Driver,CID696445,Auto,Richmond Town,Shivajinagar,,,Not Applicable,Customer related issue,Not Applicable,Not Applicable,531,Not Applicable,0,,
2024-07-25 13:00:00,CNR7117897495,Canceled by Driver,CID525145,Prime SUV,Chamarajpet,Kengeri,,,Not Applicable,Customer related issue,Not Applicable,Not Applicable,367,Not Applicable,0,,
2024-07-08 06:52:00,CNR9347013849,Canceled by Customer,CID483556,Mini,Marathahalli,BTM Layout,,,Change of plans,Not Applicable,Not Applicable,Not Applicable,1091,Not Applicable,0,,
2024-07-14 09:39:00,CNR1324251891,Success,CID201919,Prime Sedan,Basavanagudi,Hebbal,98.0,125.0,Not Applicable,Not Applicable,No,Not Applicable,426,Cash,18,3.4,4.4
2024-07-09 20:22:00,CNR7695278375,Success,CID564316,Mini,Jayanagar,Rajajinagar,245.0,105.0,Not Applicable,Not Applicable,No,Not Applicable,395,Cash,35,4.6,4.1
2024-07-06 09:50:00,CNR9129844659,Success,CID767626,Auto,Langford Town,Hennur,287.0,40.0,Not Applicable,Not Applicable,No,Not Applicable,392,Cash,19,4.6,4.3
2024-07-14 14:37:00,CNR1896719022,Success,CID851853,Prime Sedan,Bannerghatta Road,Varthur,196.0,140.0,Not Applicable,Not Applicable,No,Not Applicable,385,Cash,5,4.6,3.9
2024-07-25 03:36:00,CNR6190686348,Canceled by Driver,CID568296,Auto,Yeshwanthpur,Rajajinagar,,,Not Applicable,Customer related issue,Not Applicable,Not Applicable,373,Not Applicable,0,,
2024-07-21 06:55:00,CNR5118388880,Success,CID877236,Auto,Devanahalli,Whitefield,280.0,35.0,Not Applicable,Not Applicable,Yes,Vehicle Breakdown,516,UPI,15,4.1,3.6
2024-07-24 11:53:00,CNR3188794638,Success,CID547436,Auto,Malleshwaram,Marathahalli,133.0,125.0,Not Applicable,Not Applicable,No,Not Applicable,461,Cash,17,4.4,4.9
2024-07-30 05:02:00,CNR6082409878,Success,CID325010,Auto,Yelahanka,Majestic,294.0,120.0,Not Applicable,Not Applicable,No,Not Applicable,220,Cash,13,3.3,4.7
2024-07-21 22:48:00,CNR8609228295,Success,CID511800,Bike,Hosur Road,Sahakar Nagar,140.0,90.0,Not Applicable,Not Applicable,No,Not Applicable,875,Cash,48,3.9,3.3
2024-07-13 01:07:00,CNR7807046451,Success,CID580386,eBike,Whitefield,MG Road,189.0,145.0,Not Applicable,Not Applicable,No,Not Applicable,309,UPI,46,3.3,4.7
2024-07-05 11:58:00,CNR5899774786,Success,CID443287,Auto,Malleshwaram,Hennur,168.0,35.0,Not Applicable,Not Applicable,No,Not Applicable,529,Credit Card,8,4.6,4.7
2024-07-15 05:25:00,CNR3757670325,Canceled by Driver,CID230263,Prime Sedan,Richmond Town,BTM Layout,,,Not Applicable,Customer related issue,Not Applicable,Not Applicable,842,Not Applicable,0,,
2024-07-02 14:31:00,CNR4147697131,Success,CID568970,Mini,Kengeri,Peenya,126.0,130.0,Not Applicable,Not Applicable,No,Not Applicable,253,Cash,31,3.7,3.6
2024-07-20 14:10:00,CNR8799274147,Driver Not Found,CID882538,Prime Sedan,Peenya,Langford Town,,,Not Applicable,Not Applicable,Not Applicable,Not Applicable,992,Not Applicable,0,,
2024-07-25 20:58:00,CNR7504740195,Canceled by Driver,CID483377,Prime SUV,Bellandur,Rajarajeshwari Nagar,,,Not Applicable,Personal & Car related issue,Not Applicable,Not Applicable,387,Not Applicable,0,,
2024-07-30 17:17:00,CNR2093220832,Driver Not Found,CID421066,Bike,Shantinagar,Bannerghatta Road,,,Not Applicable,Not Applicable,Not Applicable,Not Applicable,371,Not Applicable,0,,
2024-07-18 20:14:00,CNR7817216264,Success,CID496839,Auto,Ramamurthy Nagar,Cox Town,182.0,50.0,Not Applicable,Not Applicable,No,Not Applicable,184,UPI,2,4.9,4.2
2024-07-16 12:08:00,CNR7747082061,Canceled by Driver,CID336410,Auto,BTM Layout,Electronic City,,,Not Applicable,Customer was coughing/sick,Not Applicable,Not Applicable,244,Not Applicable,0,,
2024-07-22 12:01:00,CNR9406615172,Canceled by Driver,CID602509,Prime Sedan,Shivajinagar,Frazer Town,,,Not Applicable,Personal & Car related issue,Not Applicable,Not Applicable,271,Not Applicable,0,,
2024-07-15 01:19:00,CNR9452624827,Driver Not Found,CID717006,Mini,Koramangala,KR Puram,,,Not Applicable,Not Applicable,Not Applicable,Not Applicable,582,Not Applicable,0,,
2024-07-01 21:57:00,CNR9843878220,Canceled by Customer,CID245194,Prime Plus,Koramangala,Rajarajeshwari Nagar,,,AC is Not working,Not Applicable,Not Applicable,Not Applicable,419,Not Applicable,0,,
2024-07-27 00:37:00,CNR8546055753,Success,CID762432,Auto,MG Road,Shantinagar,168.0,25.0,Not Applicable,Not Applicable,No,Not Applicable,378,Credit Card,1,3.1,4.6
2024-07-22 07:23:00,CNR9466218283,Driver Not Found,CID397358,eBike,HSR Layout,Rajarajeshwari Nagar,,,Not Applicable,Not Applicable,Not Applicable,Not Applicable,178,Not Applicable,0,,
2024-07-18 19:07:00,CNR4835518365,Canceled by Driver,CID175203,Prime SUV,Yelahanka,MG Road,,,Not Applicable,Personal & Car related issue,Not Applicable,Not Applicable,1198,Not Applicable,0,,
2024-07-06 03:23:00,CNR9847281123,Success,CID359545,Prime Plus,Peenya,RT Nagar,252.0,105.0,Not Applicable,Not Applicable,No,Not Applicable,151,UPI,34,4.8,4.7
2024-07-17 16:32:00,CNR3390984648,Success,CID709091,Prime Sedan,Sarjapur Road,Bellandur,301.0,30.0,Not Applicable,Not Applicable,No,Not Applicable,194,Cash,36,3.5,3.5
2024-07-05 11:22:00,CNR3066931159,Success,CID830549,Mini,HSR Layout,Bellandur,259.0,70.0,Not Applicable,Not Applicable,No,Not Applicable,905,UPI,48,3.4,4.4
2024-07-05 01:55:00,CNR6087715749,Success,CID540063,Prime Plus,Rajarajeshwari Nagar,Majestic,140.0,95.0,Not Applicable,Not Applicable,No,Not Applicable,115,Cash,16,4.9,3.8
2024-07-03 18:39:00,CNR8612128447,Canceled by Customer,CID370884,Auto,Indiranagar,Sahakar Nagar,,,Change of plans,Not Applicable,Not Applicable,Not Applicable,230,Not Applicable,0,,
2024-07-11 02:00:00,CNR4129618482,Success,CID926345,Prime Sedan,Hosur Road,Magadi Road,280.0,140.0,Not Applicable,Not Applicable,Yes,Customer Demand,432,Cash,39,4.1,4.5
2024-07-06 15:15:00,CNR6124909912,Canceled by Customer,CID718782,Mini,Kengeri,Hennur,,,Wrong Address,Not Applicable,Not Applicable,Not Applicable,459,Not Applicable,0,,
2024-07-17 23:23:00,CNR1504862544,Canceled by Customer,CID633442,Prime Sedan,KR Puram,Shivajinagar,,,Wrong Address,Not Applicable,Not Applicable,Not Applicable,588,Not Applicable,0,,
2024-07-06 18:25:00,CNR5003873859,Success,CID211912,Bike,Hosur Road,Majestic,91.0,105.0,Not Applicable,Not Applicable,No,Not Applicable,310,Cash,23,4.4,5.0
2024-07-19 07:51:00,CNR2131407555,Canceled by Driver,CID435827,eBike,Tumkur Road,Hosur Road,,,Not Applicable,Customer related issue,Not Applicable,Not Applicable,925,Not Applicable,0,,
2024-07-10 17:08:00,CNR3056373116,Success,CID507274,Auto,Jayanagar,Kadugodi,245.0,95.0,Not Applicable,Not Applicable,No,Not Applicable,371,UPI,18,4.6,4.4
2024-07-12 01:17:00,CNR1217790699,Success,CID244793,Bike,Banashankari,Rajajinagar,294.0,35.0,Not Applicable,Not Applicable,No,Not Applicable,569,Cash,36,4.8,3.4
2024-07-11 22:47:00,CNR7348558317,Canceled by Driver,CID923960,eBike,Nagarbhavi,Hebbal,,,Not Applicable,Customer related issue,Not Applicable,Not Applicable,395,Not Applicable,0,,
2024-07-21 02:37:00,CNR4293067623,Canceled by Driver,CID997465,Prime SUV,Mysore Road,Kammanahalli,,,Not Applicable,Customer related issue,Not Applicable,Not Applicable,364,Not Applicable,0,,
2024-07-10 23:15:00,CNR3884615020,Canceled by Driver,CID935514,Prime Plus,Sahakar Nagar,Mysore Road,,,Not Applicable,Customer related issue,Not Applicable,Not Applicable,344,Not Applicable,0,,
2024-07-12 10:53:00,CNR4685143799,Success,CID853111,Prime SUV,Padmanabhanagar,Ramamurthy Nagar,196.0,60.0,Not Applicable,Not Applicable,No,Not Applicable,939,UPI,28,4.6,4.8
2024-07-24 17:29:00,CNR1763826367,Success,CID847204,Mini,Varthur,Hebbal,238.0,115.0,Not Applicable,Not Applicable,No,Not Applicable,101,Cash,17,3.5,3.3
2024-07-23 05:10:00,CNR8316351105,Success,CID737961,Mini,Basavanagudi,Electronic City,168.0,95.0,Not Applicable,Not Applicable,Yes,Vehicle Breakdown,464,UPI,33,4.6,4.1
2024-07-30 23:50:00,CNR4685184927,Success,CID313563,Mini,Bellandur,Bellandur,126.0,85.0,Not Applicable,Not Applicable,No,Not Applicable,284,Cash,44,3.2,4.4
2024-07-10 21:35:00,CNR9860473454,Driver Not Found,CID951679,eBike,Marathahalli,Cox Town,,,Not Applicable,Not Applicable,Not Applicable,Not Applicable,316,Not Applicable,0,,
2024-07-26 05:07:00,CNR9007061919,Success,CID485295,Prime SUV,Nagarbhavi,Indiranagar,161.0,90.0,Not Applicable,Not Applicable,No,Not Applicable,607,Cash,5,3.9,3.9
2024-07-11 13:31:00,CNR5932480619,Success,CID513292,Bike,BTM Layout,Yelahanka,301.0,55.0,Not Applicable,Not Applicable,No,Not Applicable,615,UPI,5,4.2,4.1
2024-07-16 07:23:00,CNR3701159640,Success,CID204693,Mini,Shivajinagar,Bellandur,308.0,60.0,Not Applicable,Not Applicable,No,Not Applicable,155,Cash,45,4.3,4.6
2024-07-15 00:23:00,CNR9873983316,Success,CID634428,Prime Sedan,Vijayanagar,Cox Town,147.0,30.0,Not Applicable,Not Applicable,No,Not Applicable,406,UPI,25,4.1,4.2
2024-07-30 00:55:00,CNR9269819507,Success,CID145204,Prime SUV,Electronic City,Langford Town,175.0,80.0,Not Applicable,Not Applicable,Yes,Customer Demand,2433,Cash,11,3.6,3.9
2024-07-15 20:34:00,CNR8480536324,Success,CID915028,Auto,Hosur Road,Yelahanka,210.0,115.0,Not Applicable,Not Applicable,Yes,Vehicle Breakdown,373,Cash,7,4.9,4.6
2024-07-22 00:06:00,CNR5555600098,Success,CID411166,Auto,KR Puram,Cox Town,147.0,145.0,Not Applicable,Not Applicable,No,Not Applicable,1560,Cash,5,4.7,3.1
2024-07-14 20:20:00,CNR7935420528,Canceled by Customer,CID280105,eBike,Electronic City,Marathahalli,,,Driver asked to cancel,Not Applicable,Not Applicable,Not Applicable,120,Not Applicable,0,,
2024-07-13 04:05:00,CNR7475014831,Success,CID141509,Bike,Shivajinagar,BTM Layout,119.0,40.0,Not Applicable,Not Applicable,No,Not Applicable,168,Cash,16,3.9,4.8
2024-07-13 21:39:00,CNR8086506812,Success,CID541964,Mini,Yelahanka,Yelahanka,266.0,45.0,Not Applicable,Not Applicable,No,Not Applicable,138,Credit Card,47,3.1,4.5
2024-07-20 05:02:00,CNR7426855160,Success,CID739691,Auto,Tumkur Road,Yeshwanthpur,189.0,145.0,Not Applicable,Not Applicable,No,Not Applicable,490,UPI,14,4.1,3.6
2024-07-07 13:05:00,CNR9459857273,Success,CID298937,Prime Plus,Banashankari,Sahakar Nagar,294.0,125.0,Not Applicable,Not Applicable,No,Not Applicable,379,Cash,20,4.5,4.5
2024-07-07 03:48:00,CNR4213497142,Success,CID760904,Prime SUV,KR Puram,Koramangala,35.0,85.0,Not Applicable,Not Applicable,No,Not Applicable,496,UPI,3,4.0,3.9
2024-07-24 15:09:00,CNR9637717099,Success,CID901108,Auto,Shivajinagar,KR Puram,273.0,105.0,Not Applicable,Not Applicable,No,Not Applicable,489,Cash,18,3.2,4.2
2024-07-14 09:24:00,CNR9001659067,Success,CID692397,Mini,Basavanagudi,Tumkur Road,252.0,130.0,Not Applicable,Not Applicable,No,Not Applicable,649,UPI,17,3.9,4.0
2024-07-25 15:35:00,CNR2455832605,Canceled by Customer,CID625781,Prime Plus,Kammanahalli,RT Nagar,,,Driver is not moving towards pickup location,Not Applicable,Not Applicable,Not Applicable,469,Not Applicable,0,,
2024-07-13 15:08:00,CNR7935606642,Success,CID790614,Mini,Jayanagar,Devanahalli,147.0,145.0,Not Applicable,Not Applicable,No,Not Applicable,982,Cash,21,3.3,4.4
2024-07-11 16:13:00,CNR3375825993,Success,CID552066,Prime SUV,Shivajinagar,Ulsoor,308.0,100.0,Not Applicable,Not Applicable,No,Not Applicable,479,Cash,22,4.3,4.8
2024-07-07 06:59:00,CNR7458246298,Success,CID986499,Prime Plus,Shivajinagar,MG Road,301.0,80.0,Not Applicable,Not Applicable,No,Not Applicable,269,UPI,49,3.7,3.9
2024-07-18 03:14:00,CNR3431644924,Driver Not Found,CID330612,eBike,Marathahalli,Chickpet,,,Not Applicable,Not Applicable,Not Applicable,Not Applicable,579,Not Applicable,0,,
2024-07-27 10:40:00,CNR7093098907,Success,CID571890,Auto,MG Road,Majestic,140.0,65.0,Not Applicable,Not Applicable,No,Not Applicable,115,Cash,1,3.8,3.9
2024-07-13 09:53:00,CNR4009999014,Success,CID540422,Prime Plus,Langford Town,Kengeri,112.0,55.0,Not Applicable,Not Applicable,No,Not Applicable,265,Cash,47,4.4,3.1
2024-07-16 13:38:00,CNR3454573520,Success,CID983010,Mini,Koramangala,Basavanagudi,140.0,130.0,Not Applicable,Not Applicable,No,Not Applicable,864,UPI,35,3.9,4.4
2024-07-12 23:18:00,CNR5702177606,Canceled by Driver,CID861064,Prime Plus,Rajarajeshwari Nagar,Hennur,,,Not Applicable,Customer related issue,Not Applicable,Not Applicable,133,Not Applicable,0,,
2024-07-13 18:08:00,CNR7229461765,Canceled by Customer,CID491171,Prime SUV,Nagarbhavi,Kammanahalli,,,Change of plans,Not Applicable,Not Applicable,Not Applicable,827,Not Applicable,0,,
2024-07-06 14:00:00,CNR5968274636,Success,CID154972,Mini,Magadi Road,Sahakar Nagar,56.0,30.0,Not Applicable,Not Applicable,No,Not Applicable,179,Cash,3,3.4,4.8
2024-07-30 07:26:00,CNR4222334221,Canceled by Customer,CID773600,Prime Plus,Sahakar Nagar,Marathahalli,,,Driver asked to cancel,Not Applicable,Not Applicable,Not Applicable,259,Not Applicable,0,,
2024-07-16 19:41:00,CNR2336834654,Success,CID104098,Prime Sedan,Richmond Town,Padmanabhanagar,238.0,45.0,Not Applicable,Not Applicable,No,Not Applicable,134,UPI,49,4.6,3.5
2024-07-14 20:29:00,CNR9450131220,Canceled by Driver,CID545788,Prime SUV,Koramangala,Tumkur Road,,,Not Applicable,Personal & Car related issue,Not Applicable,Not Applicable,454,Not Applicable,0,,
2024-07-30 04:11:00,CNR5689141757,Canceled by Driver,CID537192,Prime Sedan,Yeshwanthpur,Langford Town,,,Not Applicable,Personal & Car related issue,Not Applicable,Not Applicable,617,Not Applicable,0,,
2024-07-13 17:29:00,CNR3159605761,Success,CID126591,Prime Plus,Bannerghatta Road,Hennur,84.0,65.0,Not Applicable,Not Applicable,No,Not Applicable,504,Cash,2,4.1,3.8
2024-07-28 08:32:00,CNR3705495662,Success,CID570447,Mini,Majestic,Hebbal,154.0,85.0,Not Applicable,Not Applicable,No,Not Applicable,369,UPI,27,3.5,3.4
2024-07-01 12:31:00,CNR9099328385,Success,CID461043,Bike,Kengeri,Majestic,308.0,25.0,Not Applicable,Not Applicable,No,Not Applicable,312,UPI,48,3.7,3.8
2024-07-13 03:56:00,CNR1226422319,Canceled by Driver,CID762483,Mini,Sahakar Nagar,Yeshwanthpur,,,Not Applicable,More than permitted people in there,Not Applicable,Not Applicable,389,Not Applicable,0,,
2024-07-10 08:56:00,CNR7828079450,Success,CID573479,Auto,Basavanagudi,Sarjapur Road,259.0,115.0,Not Applicable,Not Applicable,No,Not Applicable,550,UPI,18,3.3,4.8
2024-07-10 20:39:00,CNR2180131907,Success,CID400270,Prime Plus,MG Road,Indiranagar,210.0,75.0,Not Applicable,Not Applicable,No,Not Applicable,265,UPI,46,3.2,3.4
2024-07-17 22:43:00,CNR4786657326,Success,CID968891,Prime Plus,KR Puram,Vijayanagar,112.0,100.0,Not Applicable,Not Applicable,No,Not Applicable,225,UPI,7,3.9,4.6
2024-07-11 07:23:00,CNR1887133932,Canceled by Driver,CID819386,Mini,Chickpet,Sarjapur Road,,,Not Applicable,Personal & Car related issue,Not Applicable,Not Applicable,333,Not Applicable,0,,
2024-07-06 05:13:00,CNR1865529379,Success,CID936858,eBike,Rajajinagar,Marathahalli,210.0,45.0,Not Applicable,Not Applicable,No,Not Applicable,977,Cash,9,3.8,4.2
2024-07-20 04:36:00,CNR1326497043,Success,CID724052,eBike,Malleshwaram,Hulimavu,175.0,110.0,Not Applicable,Not Applicable,No,Not Applicable,123,Cash,40,3.2,5.0
2024-07-14 08:30:00,CNR8303032195,Success,CID785004,Prime Plus,Koramangala,Chamarajpet,105.0,110.0,Not Applicable,Not Applicable,No,Not Applicable,331,UPI,31,4.4,3.3
2024-07-27 13:22:00,CNR9530114577,Success,CID656087,Bike,Padmanabhanagar,Hosur Road,238.0,120.0,Not Applicable,Not Applicable,No,Not Applicable,388,Cash,12,4.0,5.0
2024-07-03 02:01:00,CNR8986043794,Success,CID975880,Prime Sedan,Bellandur,Chickpet,161.0,105.0,Not Applicable,Not Applicable,No,Not Applicable,1487,UPI,32,4.1,4.8
2024-07-18 02:51:00,CNR1304531876,Canceled by Customer,CID556121,Auto,Chickpet,Banashankari,,,Wrong Address,Not Applicable,Not Applicable,Not Applicable,486,Not Applicable,0,,
2024-07-08 21:20:00,CNR2106271920,Success,CID975652,Prime Sedan,Peenya,Chickpet,189.0,90.0,Not Applicable,Not Applicable,No,Not Applicable,301,Cash,43,3.1,4.3
2024-07-10 14:23:00,CNR7756335077,Success,CID898386,Mini,Padmanabhanagar,Chickpet,77.0,95.0,Not Applicable,Not Applicable,Yes,Other Issue,339,UPI,10,3.3,4.5
2024-07-22 01:26:00,CNR3473080795,Success,CID557624,Prime SUV,Electronic City,Frazer Town,147.0,105.0,Not Applicable,Not Applicable,No,Not Applicable,997,Cash,14,3.1,4.0
2024-07-06 01:04:00,CNR6549210929,Success,CID195230,Mini,Banashankari,RT Nagar,273.0,140.0,Not Applicable,Not Applicable,No,Not Applicable,321,Cash,40,4.9,3.5
2024-07-05 07:01:00,CNR3436924582,Success,CID915326,Prime SUV,Chamarajpet,Nagarbhavi,35.0,135.0,Not Applicable,Not Applicable,No,Not Applicable,260,Cash,25,4.4,3.3
2024-07-05 11:37:00,CNR5977500271,Success,CID213215,Auto,Banashankari,Varthur,49.0,65.0,Not Applicable,Not Applicable,No,Not Applicable,338,Cash,4,4.8,4.5
2024-07-01 09:12:00,CNR3795594448,Canceled by Customer,CID617138,Auto,Devanahalli,Hosur Road,,,Driver is not moving towards pickup location,Not Applicable,Not Applicable,Not Applicable,892,Not Applicable,0,,
2024-07-07 19:55:00,CNR6997734111,Success,CID486906,eBike,Shivajinagar,MG Road,49.0,90.0,Not Applicable,Not Applicable,No,Not Applicable,645,UPI,11,3.6,4.0
2024-07-21 16:28:00,CNR5406863919,Success,CID118250,eBike,KR Puram,Langford Town,154.0,75.0,Not Applicable,Not Applicable,No,Not Applicable,198,UPI,37,3.9,4.2
2024-07-03 10:09:00,CNR9448631325,Canceled by Driver,CID103359,Auto,Bannerghatta Road,Devanahalli,,,Not Applicable,Customer was coughing/sick,Not Applicable,Not Applicable,415,Not Applicable,0,,
2024-07-24 09:57:00,CNR8678560538,Driver Not Found,CID881437,Prime SUV,Kadugodi,Rajarajeshwari Nagar,,,Not Applicable,Not Applicable,Not Applicable,Not Applicable,277,Not Applicable,0,,
2024-07-30 12:38:00,CNR4592682085,Success,CID166109,Bike,Indiranagar,Majestic,63.0,30.0,Not Applicable,Not Applicable,No,Not Applicable,385,Cash,17,3.5,4.4
2024-07-15 23:51:00,CNR3663763608,Driver Not Found,CID162627,Prime Plus,Sarjapur Road,Hosur Road,,,Not Applicable,Not Applicable,Not Applicable,Not Applicable,476,Not Applicable,0,,
2024-07-16 05:33:00,CNR9554695704,Success,CID348610,eBike,Hulimavu,Frazer Town,231.0,105.0,Not Applicable,Not Applicable,No,Not Applicable,673,Cash,33,4.3,3.8
2024-07-08 00:05:00,CNR1952292602,Success,CID277659,Bike,Peenya,Yeshwanthpur,252.0,75.0,Not Applicable,Not Applicable,Yes,Customer Demand,226,UPI,28,3.8,4.0
2024-07-11 02:09:00,CNR8195002743,Success,CID979322,Bike,Koramangala,RT Nagar,175.0,85.0,Not Applicable,Not Applicable,No,Not Applicable,629,Cash,35,4.9,5.0
2024-07-12 10:31:00,CNR5578839403,Canceled by Customer,CID971156,Prime Plus,Frazer Town,Sahakar Nagar,,,Driver is not moving towards pickup location,Not Applicable,Not Applicable,Not Applicable,235,Not Applicable,0,,
2024-07-15 21:31:00,CNR2112435581,Success,CID783854,Prime SUV,Basavanagudi,Koramangala,126.0,110.0,Not Applicable,Not Applicable,No,Not Applicable,153,UPI,28,4.9,3.3
2024-07-27 02:28:00,CNR7955052367,Success,CID305606,Prime Sedan,Electronic City,Bellandur,301.0,90.0,Not Applicable,Not Applicable,No,Not Applicable,329,UPI,38,3.7,3.8
2024-07-25 16:46:00,CNR4590930580,Success,CID587037,Prime Sedan,Koramangala,JP Nagar,280.0,70.0,Not Applicable,Not Applicable,No,Not Applicable,123,Cash,37,3.1,4.0
2024-07-28 23:43:00,CNR5040767186,Driver Not Found,CID272291,Mini,Hulimavu,Padmanabhanagar,,,Not Applicable,Not Applicable,Not Applicable,Not Applicable,1822,Not Applicable,0,,
2024-07-14 12:22:00,CNR2593114494,Canceled by Driver,CID341287,Prime SUV,Yeshwanthpur,Hebbal,,,Not Applicable,Personal & Car related issue,Not Applicable,Not Applicable,115,Not Applicable,0,,
2024-07-11 00:34:00,CNR6492030017,Canceled by Customer,CID730963,Bike,MG Road,Langford Town,,,AC is Not working,Not Applicable,Not Applicable,Not Applicable,295,Not Applicable,0,,
2024-07-25 07:36:00,CNR8193430296,Canceled by Driver,CID590597,Prime SUV,Tumkur Road,Rajajinagar,,,Not Applicable,Personal & Car related issue,Not Applicable,Not Applicable,208,Not Applicable,0,,
2024-07-08 11:07:00,CNR9041890038,Driver Not Found,CID243342,Auto,Hosur Road,Ramamurthy Nagar,,,Not Applicable,Not Applicable,Not Applicable,Not Applicable,964,Not Applicable,0,,
2024-07-24 03:47:00,CNR7693885137,Success,CID919682,Prime Sedan,Richmond Town,Indiranagar,84.0,30.0,Not Applicable,Not Applicable,No,Not Applicable,424,Cash,27,3.6,3.5
2024-07-16 00:55:00,CNR6190644659,Success,CID243497,Bike,Sarjapur Road,BTM Layout,273.0,120.0,Not Applicable,Not Applicable,No,Not Applicable,371,UPI,16,4.0,3.9
2024-07-05 03:45:00,CNR6457006363,Canceled by Driver,CID666564,Bike,Yelahanka,HSR Layout,,,Not Applicable,Personal & Car related issue,Not Applicable,Not Applicable,372,Not Applicable,0,,
2024-07-02 01:26:00,CNR8909070998,Canceled by Customer,CID475280,Bike,HSR Layout,Sahakar Nagar,,,Driver is not moving towards pickup location,Not Applicable,Not Applicable,Not Applicable,2894,Not Applicable,0,,
2024-07-04 02:39:00,CNR8678418983,Canceled by Driver,CID398240,Prime SUV,Shivajinagar,MG Road,,,Not Applicable,Customer related issue,Not Applicable,Not Applicable,459,Not Applicable,0,,
2024-07-27 22:24:00,CNR5050252207,Success,CID483017,eBike,Ramamurthy Nagar,Bellandur,161.0,115.0,Not Applicable,Not Applicable,No,Not Applicable,426,UPI,17,3.7,3.0
2024-07-20 11:45:00,CNR1731305335,Driver Not Found,CID842955,Mini,Kammanahalli,Nagarbhavi,,,Not Applicable,Not Applicable,Not Applicable,Not Applicable,383,Not Applicable,0,,
2024-07-05 21:43:00,CNR9220156646,Canceled by Customer,CID450303,eBike,Kengeri,Whitefield,,,AC is Not working,Not Applicable,Not Applicable,Not Applicable,408,Not Applicable,0,,
2024-07-06 15:48:00,CNR8380894006,Success,CID175773,Prime Plus,Kammanahalli,Kadugodi,266.0,140.0,Not Applicable,Not Applicable,No,Not Applicable,2524,Cash,11,4.9,4.9
2024-07-24 11:16:00,CNR6516539361,Success,CID163865,Prime Sedan,Peenya,Vijayanagar,294.0,100.0,Not Applicable,Not Applicable,No,Not Applicable,1133,Cash,21,4.8,4.6
2024-07-08 11:20:00,CNR8722253257,Success,CID346360,Prime SUV,Ramamurthy Nagar,KR Puram,266.0,75.0,Not Applicable,Not Applicable,No,Not Applicable,384,Cash,7,4.7,4.6
2024-07-02 15:09:00,CNR1376569775,Success,CID613437,Bike,Richmond Town,Chickpet,252.0,100.0,Not Applicable,Not Applicable,No,Not Applicable,499,Cash,27,3.2,4.3
2024-07-28 00:05:00,CNR5284842792,Canceled by Driver,CID334763,Prime SUV,Indiranagar,Sarjapur Road,,,Not Applicable,Customer was coughing/sick,Not Applicable,Not Applicable,441,Not Applicable,0,,
2024-07-08 02:27:00,CNR2447846747,Canceled by Driver,CID482386,Prime SUV,Sarjapur Road,Hosur Road,,,Not Applicable,Customer related issue,Not Applicable,Not Applicable,126,Not Applicable,0,,
2024-07-29 16:11:00,CNR7138038516,Canceled by Customer,CID826365,Bike,Vijayanagar,Kammanahalli,,,Driver asked to cancel,Not Applicable,Not Applicable,Not Applicable,334,Not Applicable,0,,
2024-07-30 16:56:00,CNR9014171994,Success,CID519762,Prime SUV,Hennur,Malleshwaram,259.0,70.0,Not Applicable,Not Applicable,No,Not Applicable,424,Cash,32,4.1,4.5
2024-07-02 10:41:00,CNR4561022509,Success,CID935807,Prime Plus,Devanahalli,Koramangala,231.0,25.0,Not Applicable,Not Applicable,No,Not Applicable,475,Debit Card,45,3.3,4.4
2024-07-10 01:33:00,CNR2665021950,Success,CID106647,Mini,Electronic City,Electronic City,280.0,75.0,Not Applicable,Not Applicable,No,Not Applicable,2134,UPI,20,3.4,4.4
2024-07-07 08:55:00,CNR6676583039,Success,CID840449,Auto,Yelahanka,Basavanagudi,161.0,35.0,Not Applicable,Not Applicable,No,Not Applicable,433,UPI,2,3.2,4.0
2024-07-23 23:34:00,CNR5794635452,Canceled by Customer,CID242594,Prime Sedan,Hulimavu,Hebbal,,,Driver is not moving towards pickup location,Not Applicable,Not Applicable,Not Applicable,390,Not Applicable,0,,
2024-07-14 22:10:00,CNR1925902144,Canceled by Driver,CID176726,Prime Plus,Padmanabhanagar,Banashankari,,,Not Applicable,More than permitted people in there,Not Applicable,Not Applicable,460,Not Applicable,0,,
2024-07-08 04:51:00,CNR9055598711,Driver Not Found,CID700975,Bike,Ramamurthy Nagar,JP Nagar,,,Not Applicable,Not Applicable,Not Applicable,Not Applicable,945,Not Applicable,0,,
2024-07-26 17:44:00,CNR9303431671,Canceled by Driver,CID978566,eBike,Hosur Road,Ramamurthy Nagar,,,Not Applicable,Customer was coughing/sick,Not Applicable,Not Applicable,346,Not Applicable,0,,
2024-07-27 11:28:00,CNR3486261564,Canceled by Driver,CID255391,Mini,Basavanagudi,KR Puram,,,Not Applicable,Customer related issue,Not Applicable,Not Applicable,286,Not Applicable,0,,
2024-07-10 19:40:00,CNR8388394852,Success,CID452131,Prime Plus,Frazer Town,Nagarbhavi,49.0,35.0,Not Applicable,Not Applicable,No,Not Applicable,2881,UPI,36,3.5,3.2
2024-07-19 12:28:00,CNR1092020381,Success,CID568508,Prime Sedan,Ulsoor,Nagarbhavi,63.0,105.0,Not Applicable,Not Applicable,No,Not Applicable,332,Debit Card,17,4.8,3.3
2024-07-27 12:16:00,CNR6714221592,Success,CID192032,Mini,Whitefield,Shivajinagar,266.0,95.0,Not Applicable,Not Applicable,No,Not Applicable,481,Cash,13,4.0,4.1
2024-07-16 13:09:00,CNR5927779176,Canceled by Customer,CID719479,Auto,KR Puram,Banashankari,,,Driver asked to cancel,Not Applicable,Not Applicable,Not Applicable,260,Not Applicable,0,,
2024-07-24 09:52:00,CNR8266512153,Success,CID398312,Auto,Peenya,Jayanagar,308.0,110.0,Not Applicable,Not Applicable,No,Not Applicable,291,Cash,8,3.4,4.4
2024-07-11 13:49:00,CNR2730232995,Success,CID770925,eBike,Vijayanagar,Sahakar Nagar,70.0,135.0,Not Applicable,Not Applicable,No,Not Applicable,239,Cash,32,4.4,5.0
2024-07-26 06:46:00,CNR2297702783,Success,CID809818,eBike,Ramamurthy Nagar,Ulsoor,119.0,85.0,Not Applicable,Not Applicable,No,Not Applicable,695,UPI,2,4.7,5.0
2024-07-05 21:04:00,CNR7673875879,Canceled by Driver,CID950625,eBike,Yelahanka,Varthur,,,Not Applicable,Personal & Car related issue,Not Applicable,Not Applicable,984,Not Applicable,0,,
2024-07-22 15:08:00,CNR4366092736,Canceled by Driver,CID593625,Auto,JP Nagar,Malleshwaram,,,Not Applicable,Customer was coughing/sick,Not Applicable,Not Applicable,608,Not Applicable,0,,
2024-07-19 04:29:00,CNR7906752791,Success,CID412058,Mini,Bannerghatta Road,Chickpet,259.0,55.0,Not Applicable,Not Applicable,No,Not Applicable,309,UPI,26,3.6,4.1
2024-07-23 16:05:00,CNR6118888234,Success,CID821081,Prime Sedan,RT Nagar,Devanahalli,119.0,25.0,Not Applicable,Not Applicable,No,Not Applicable,452,UPI,48,4.6,4.8
2024-07-20 20:00:00,CNR9651729882,Success,CID894440,Auto,Malleshwaram,Indiranagar,56.0,105.0,Not Applicable,Not Applicable,No,Not Applicable,2397,Cash,19,4.1,3.0
2024-07-15 04:02:00,CNR5985429269,Success,CID519425,Prime Plus,Jayanagar,Shantinagar,203.0,35.0,Not Applicable,Not Applicable,No,Not Applicable,240,Cash,26,3.8,4.9
2024-07-12 16:39:00,CNR3665017990,Success,CID888825,Auto,Koramangala,Kengeri,49.0,100.0,Not Applicable,Not Applicable,No,Not Applicable,458,UPI,19,4.7,4.8
2024-07-08 14:55:00,CNR4666074611,Driver Not Found,CID860427,Bike,Frazer Town,Langford Town,,,Not Applicable,Not Applicable,Not Applicable,Not Applicable,873,Not Applicable,0,,
2024-07-22 18:16:00,CNR9664574872,Canceled by Driver,CID839040,eBike,Ulsoor,JP Nagar,,,Not Applicable,More than permitted people in there,Not Applicable,Not Applicable,105,Not Applicable,0,,
2024-07-01 18:20:00,CNR3266136177,Success,CID973963,Mini,Ulsoor,Sahakar Nagar,238.0,60.0,Not Applicable,Not Applicable,No,Not Applicable,432,Cash,17,4.2,4.1
2024-07-12 11:21:00,CNR6020972346,Canceled by Driver,CID356450,Prime SUV,KR Puram,Cox Town,,,Not Applicable,Personal & Car related issue,Not Applicable,Not Applicable,234,Not Applicable,0,,
2024-07-25 21:58:00,CNR3371366874,Canceled by Customer,CID288595,Auto,Magadi Road,Yeshwanthpur,,,AC is Not working,Not Applicable,Not Applicable,Not Applicable,605,Not Applicable,0,,
2024-07-17 14:01:00,CNR6981547917,Success,CID964994,Mini,MG Road,Peenya,175.0,140.0,Not Applicable,Not Applicable,No,Not Applicable,466,Cash,16,3.2,4.9
2024-07-21 13:15:00,CNR2968011475,Success,CID902575,Bike,Chamarajpet,Yeshwanthpur,287.0,70.0,Not Applicable,Not Applicable,No,Not Applicable,321,Cash,44,4.8,3.4
2024-07-16 10:45:00,CNR8104967189,Canceled by Driver,CID688657,Prime Plus,Ulsoor,Yelahanka,,,Not Applicable,Personal & Car related issue,Not Applicable,Not Applicable,559,Not Applicable,0,,
2024-07-17 00:18:00,CNR4490797221,Success,CID605248,Prime Sedan,Hosur Road,Langford Town,238.0,40.0,Not Applicable,Not Applicable,No,Not Applicable,543,UPI,49,3.6,3.7
2024-07-28 11:13:00,CNR1017351783,Canceled by Driver,CID580150,Prime Plus,JP Nagar,Padmanabhanagar,,,Not Applicable,Customer related issue,Not Applicable,Not Applicable,1177,Not Applicable,0,,
2024-07-23 07:24:00,CNR3623566461,Success,CID392717,Prime SUV,Kammanahalli,Sahakar Nagar,161.0,100.0,Not Applicable,Not Applicable,No,Not Applicable,375,Credit Card,30,3.2,3.1
2024-07-02 08:00:00,CNR1283820184,Canceled by Customer,CID436333,Bike,Ramamurthy Nagar,Vijayanagar,,,Driver asked to cancel,Not Applicable,Not Applicable,Not Applicable,449,Not Applicable,0,,
2024-07-28 16:57:00,CNR1767052287,Success,CID919885,Prime Sedan,Electronic City,Indiranagar,273.0,60.0,Not Applicable,Not Applicable,No,Not Applicable,174,UPI,16,4.0,3.8
2024-07-18 08:42:00,CNR9316445194,Success,CID869935,eBike,Cox Town,Cox Town,175.0,140.0,Not Applicable,Not Applicable,No,Not Applicable,297,Cash,15,3.6,3.1
2024-07-13 05:08:00,CNR6365891535,Success,CID296614,Prime Sedan,HSR Layout,Indiranagar,140.0,30.0,Not Applicable,Not Applicable,No,Not Applicable,353,Cash,30,4.4,4.3
2024-07-07 18:02:00,CNR5874462683,Canceled by Customer,CID718259,eBike,Rajarajeshwari Nagar,RT Nagar,,,Driver is not moving towards pickup location,Not Applicable,Not Applicable,Not Applicable,2063,Not Applicable,0,,
2024-07-24 07:38:00,CNR1413239089,Success,CID596683,Prime Sedan,Yeshwanthpur,Vijayanagar,294.0,105.0,Not Applicable,Not Applicable,No,Not Applicable,497,Cash,40,3.0,3.5
2024-07-08 14:52:00,CNR4321283170,Canceled by Customer,CID453332,Prime SUV,Shantinagar,Tumkur Road,,,Driver is not moving towards pickup location,Not Applicable,Not Applicable,Not Applicable,786,Not Applicable,0,,
2024-07-04 01:02:00,CNR9284711700,Success,CID275203,Auto,Ramamurthy Nagar,Peenya,308.0,75.0,Not Applicable,Not Applicable,No,Not Applicable,438,Cash,19,3.9,4.2
2024-07-10 15:01:00,CNR1294902110,Success,CID413157,Bike,Chickpet,Jayanagar,259.0,125.0,Not Applicable,Not Applicable,No,Not Applicable,457,Cash,46,4.7,4.1
2024-07-15 08:11:00,CNR4615578530,Canceled by Customer,CID674356,Auto,Malleshwaram,BTM Layout,,,Driver is not moving towards pickup location,Not Applicable,Not Applicable,Not Applicable,221,Not Applicable,0,,
2024-07-29 18:41:00,CNR9758642723,Canceled by Driver,CID270488,eBike,Indiranagar,Devanahalli,,,Not Applicable,More than permitted people in there,Not Applicable,Not Applicable,691,Not Applicable,0,,
2024-07-19 08:16:00,CNR7497070498,Canceled by Driver,CID848045,Prime SUV,Cox Town,Vijayanagar,,,Not Applicable,Customer was coughing/sick,Not Applicable,Not Applicable,2203,Not Applicable,0,,
2024-07-27 20:10:00,CNR8107689553,Success,CID570874,Prime Plus,Banashankari,JP Nagar,259.0,50.0,Not Applicable,Not Applicable,No,Not Applicable,104,UPI,24,4.7,5.0
2024-07-19 04:43:00,CNR2929642407,Success,CID224006,Prime Plus,Jayanagar,Electronic City,161.0,25.0,Not Applicable,Not Applicable,No,Not Applicable,190,Cash,45,4.5,4.2
2024-07-20 11:03:00,CNR6116147404,Success,CID125960,Auto,Yelahanka,Hennur,56.0,95.0,Not Applicable,Not Applicable,No,Not Applicable,933,Cash,8,4.7,4.2
2024-07-29 03:33:00,CNR6527444771,Canceled by Driver,CID943551,eBike,Yeshwanthpur,Padmanabhanagar,,,Not Applicable,Customer related issue,Not Applicable,Not Applicable,579,Not Applicable,0,,
2024-07-23 13:43:00,CNR1696689745,Success,CID226203,Prime Sedan,Ulsoor,BTM Layout,140.0,90.0,Not Applicable,Not Applicable,No,Not Applicable,222,Cash,44,3.6,4.1
2024-07-02 04:19:00,CNR8383588023,Success,CID372551,Auto,Mysore Road,Varthur,91.0,130.0,Not Applicable,Not Applicable,No,Not Applicable,232,Cash,16,4.0,3.9
2024-07-22 21:23:00,CNR3001104807,Success,CID968365,eBike,Hebbal,Hebbal,147.0,60.0,Not Applicable,Not Applicable,No,Not Applicable,247,UPI,7,4.1,4.9
2024-07-20 15:45:00,CNR9434409144,Success,CID697901,eBike,Tumkur Road,Bellandur,98.0,115.0,Not Applicable,Not Applicable,No,Not Applicable,237,Cash,40,4.7,3.4
2024-07-04 15:34:00,CNR9937544230,Canceled by Driver,CID973876,Prime Plus,Frazer Town,Electronic City,,,Not Applicable,More than permitted people in there,Not Applicable,Not Applicable,892,Not Applicable,0,,
2024-07-05 10:41:00,CNR5544015495,Driver Not Found,CID724479,Auto,Yelahanka,HSR Layout,,,Not Applicable,Not Applicable,Not Applicable,Not Applicable,940,Not Applicable,0,,
2024-07-01 03:14:00,CNR9520762602,Canceled by Driver,CID975955,eBike,Kengeri,Hebbal,,,Not Applicable,Personal & Car related issue,Not Applicable,Not Applicable,190,Not Applicable,0,,
2024-07-12 12:38:00,CNR3245722539,Canceled by Driver,CID439818,Mini,Devanahalli,Bellandur,,,Not Applicable,More than permitted people in there,Not Applicable,Not Applicable,129,Not Applicable,0,,
2024-07-14 23:35:00,CNR7258223982,Success,CID482756,Mini,Marathahalli,Sahakar Nagar,210.0,35.0,Not Applicable,Not Applicable,No,Not Applicable,495,Cash,27,3.5,4.1
2024-07-26 17:21:00,CNR4784552958,Success,CID586424,eBike,Kammanahalli,Mysore Road,203.0,105.0,Not Applicable,Not Applicable,No,Not Applicable,971,Cash,8,4.4,4.2
2024-07-09 07:13:00,CNR4798277714,Canceled by Customer,CID773507,Prime SUV,Hennur,Varthur,,,AC is Not working,Not Applicable,Not Applicable,Not Applicable,607,Not Applicable,0,,
2024-07-06 08:13:00,CNR6224509295,Success,CID468776,eBike,Ulsoor,Shantinagar,140.0,25.0,Not Applicable,Not Applicable,No,Not Applicable,262,Debit Card,17,3.7,4.8
2024-07-27 02:21:00,CNR7341552793,Success,CID895759,Prime Plus,Shantinagar,Varthur,231.0,145.0,Not Applicable,Not Applicable,No,Not Applicable,440,Cash,17,4.4,4.8
2024-07-08 06:24:00,CNR6529480627,Success,CID853557,eBike,Shivajinagar,Shantinagar,168.0,125.0,Not Applicable,Not Applicable,No,Not Applicable,549,UPI,39,3.0,4.0
2024-07-02 00:03:00,CNR2357382498,Canceled by Driver,CID719231,Bike,KR Puram,Indiranagar,,,Not Applicable,Personal & Car related issue,Not Applicable,Not Applicable,437,Not Applicable,0,,
2024-07-04 17:40:00,CNR7797670332,Success,CID273003,eBike,MG Road,Banashankari,77.0,45.0,Not Applicable,Not Applicable,No,Not Applicable,900,Cash,32,4.3,3.1
2024-07-22 10:48:00,CNR3326341707,Success,CID612814,Bike,Majestic,Whitefield,266.0,110.0,Not Applicable,Not Applicable,No,Not Applicable,483,UPI,49,3.2,3.9
2024-07-13 10:33:00,CNR8434309416,Driver Not Found,CID841123,Auto,Tumkur Road,Hebbal,,,Not Applicable,Not Applicable,Not Applicable,Not Applicable,1218,Not Applicable,0,,
2024-07-01 11:03:00,CNR2574744904,Canceled by Driver,CID315357,Bike,Basavanagudi,Electronic City,,,Not Applicable,Personal & Car related issue,Not Applicable,Not Applicable,1224,Not Applicable,0,,
2024-07-01 23:58:00,CNR9305183941,Success,CID966014,Prime Sedan,Yeshwanthpur,Cox Town,308.0,120.0,Not Applicable,Not Applicable,No,Not Applicable,1161,UPI,34,3.9,3.1
2024-07-30 17:58:00,CNR4314509351,Success,CID581393,Prime SUV,Nagarbhavi,JP Nagar,273.0,40.0,Not Applicable,Not Applicable,No,Not Applicable,1933,UPI,33,3.0,3.0
2024-07-16 15:05:00,CNR1242849202,Success,CID428413,eBike,Vijayanagar,Electronic City,119.0,95.0,Not Applicable,Not Applicable,No,Not Applicable,144,Cash,45,3.7,4.4
2024-07-26 12:14:00,CNR4606351613,Canceled by Driver,CID811410,Prime Sedan,BTM Layout,Cox Town,,,Not Applicable,Personal & Car related issue,Not Applicable,Not Applicable,208,Not Applicable,0,,
2024-07-01 15:57:00,CNR1449177612,Canceled by Driver,CID399994,Auto,Frazer Town,Sarjapur Road,,,Not Applicable,Personal & Car related issue,Not Applicable,Not Applicable,641,Not Applicable,0,,
2024-07-11 18:39:00,CNR6701769381,Success,CID319371,Prime Plus,Chickpet,Koramangala,42.0,40.0,Not Applicable,Not Applicable,No,Not Applicable,270,UPI,23,3.4,3.8
2024-07-06 15:22:00,CNR7652294451,Driver Not Found,CID313347,eBike,JP Nagar,Whitefield,,,Not Applicable,Not Applicable,Not Applicable,Not Applicable,173,Not Applicable,0,,
2024-07-13 13:53:00,CNR7560488105,Canceled by Driver,CID191765,Prime Plus,Hennur,Malleshwaram,,,Not Applicable,Customer related issue,Not Applicable,Not Applicable,148,Not Applicable,0,,
2024-07-24 19:23:00,CNR5496665036,Canceled by Customer,CID531530,Prime Sedan,Ulsoor,Kengeri,,,Driver is not moving towards pickup location,Not Applicable,Not Applicable,Not Applicable,935,Not Applicable,0,,
2024-07-06 12:25:00,CNR7488491219,Success,CID110217,Prime Sedan,Marathahalli,Rajajinagar,105.0,120.0,Not Applicable,Not Applicable,No,Not Applicable,639,UPI,17,4.4,4.7
2024-07-12 07:41:00,CNR3289864447,Success,CID160384,Bike,Hosur Road,Sarjapur Road,119.0,80.0,Not Applicable,Not Applicable,No,Not Applicable,632,Cash,39,5.0,4.5
2024-07-06 10:06:00,CNR3553980246,Canceled by Driver,CID868613,eBike,Varthur,Bannerghatta Road,,,Not Applicable,More than permitted people in there,Not Applicable,Not Applicable,446,Not Applicable,0,,
2024-07-12 06:43:00,CNR5940921236,Success,CID570502,Auto,Sarjapur Road,Peenya,77.0,110.0,Not Applicable,Not Applicable,No,Not Applicable,344,Cash,19,4.7,4.4
2024-07-24 01:28:00,CNR9191454532,Success,CID968349,Prime Sedan,Shivajinagar,Ulsoor,112.0,120.0,Not Applicable,Not Applicable,No,Not Applicable,582,UPI,24,4.0,3.5
2024-07-13 16:17:00,CNR5926158522,Success,CID165173,Prime SUV,Chamarajpet,Magadi Road,98.0,95.0,Not Applicable,Not Applicable,No,Not Applicable,908,UPI,22,4.5,4.1
2024-07-30 01:20:00,CNR4403466012,Canceled by Driver,CID501794,Bike,Devanahalli,Whitefield,,,Not Applicable,Customer related issue,Not Applicable,Not Applicable,438,Not Applicable,0,,
2024-07-05 04:26:00,CNR4634778815,Canceled by Customer,CID974511,Prime Sedan,Malleshwaram,Banashankari,,,Driver is not moving towards pickup location,Not Applicable,Not Applicable,Not Applicable,457,Not Applicable,0,,
2024-07-19 20:11:00,CNR4644027721,Success,CID161522,Prime SUV,Devanahalli,HSR Layout,70.0,85.0,Not Applicable,Not Applicable,No,Not Applicable,388,UPI,14,3.5,3.5
2024-07-13 00:22:00,CNR2551649026,Success,CID563564,Prime SUV,Majestic,Marathahalli,217.0,105.0,Not Applicable,Not Applicable,No,Not Applicable,400,UPI,11,4.2,3.2
2024-07-15 13:04:00,CNR4424327670,Success,CID226386,Mini,Chickpet,Ulsoor,301.0,25.0,Not Applicable,Not Applicable,No,Not Applicable,300,Cash,11,4.8,4.9
2024-07-24 23:35:00,CNR8895278135,Success,CID555460,Mini,Shantinagar,HSR Layout,147.0,120.0,Not Applicable,Not Applicable,No,Not Applicable,463,Cash,15,4.3,4.9
2024-07-17 13:00:00,CNR2228149626,Success,CID902669,Bike,Peenya,Chamarajpet,280.0,65.0,Not Applicable,Not Applicable,No,Not Applicable,156,Cash,28,3.0,4.7
2024-07-14 05:36:00,CNR7659309979,Success,CID165413,Bike,Hebbal,Frazer Town,112.0,50.0,Not Applicable,Not Applicable,No,Not Applicable,266,UPI,12,3.5,4.4
2024-07-01 16:29:00,CNR2127261747,Success,CID883344,Prime Plus,Cox Town,Shantinagar,63.0,100.0,Not Applicable,Not Applicable,No,Not Applicable,187,Cash,43,4.2,4.4
2024-07-12 02:14:00,CNR9274783545,Canceled by Driver,CID900822,Bike,Sarjapur Road,Shivajinagar,,,Not Applicable,Personal & Car related issue,Not Applicable,Not Applicable,440,Not Applicable,0,,
2024-07-02 02:12:00,CNR7493849384,Success,CID953978,Prime Sedan,Vijayanagar,Rajajinagar,238.0,130.0,Not Applicable,Not Applicable,No,Not Applicable,333,Cash,23,3.6,4.9
2024-07-19 04:45:00,CNR6076278411,Canceled by Customer,CID804127,Prime Sedan,Koramangala,Tumkur Road,,,Driver is not moving towards pickup location,Not Applicable,Not Applicable,Not Applicable,2491,Not Applicable,0,,
2024-07-20 21:19:00,CNR1983853268,Canceled by Driver,CID424783,Prime SUV,Ramamurthy Nagar,Majestic,,,Not Applicable,More than permitted people in there,Not Applicable,Not Applicable,402,Not Applicable,0,,
2024-07-24 15:09:00,CNR7620054114,Canceled by Customer,CID985353,Prime SUV,Malleshwaram,KR Puram,,,Change of plans,Not Applicable,Not Applicable,Not Applicable,483,Not Applicable,0,,
2024-07-19 21:36:00,CNR7783536732,Success,CID534827,Mini,Kammanahalli,Bellandur,238.0,85.0,Not Applicable,Not Applicable,No,Not Applicable,137,UPI,18,3.5,3.1
2024-07-30 13:29:00,CNR4430728303,Canceled by Driver,CID531770,Prime SUV,Frazer Town,Basavanagudi,,,Not Applicable,Personal & Car related issue,Not Applicable,Not Applicable,431,Not Applicable,0,,
2024-07-04 14:33:00,CNR2648538727,Success,CID945543,eBike,JP Nagar,Vijayanagar,210.0,55.0,Not Applicable,Not Applicable,No,Not Applicable,315,Cash,17,4.0,4.4
2024-07-21 12:57:00,CNR2636246376,Success,CID618336,Prime SUV,MG Road,BTM Layout,161.0,95.0,Not Applicable,Not Applicable,No,Not Applicable,119,Cash,42,4.5,3.2
2024-07-30 21:32:00,CNR9304390471,Success,CID686115,Prime Plus,Cox Town,Chickpet,112.0,55.0,Not Applicable,Not Applicable,No,Not Applicable,2013,Cash,3,4.4,4.9
2024-07-09 01:24:00,CNR3706258707,Success,CID688386,Prime Sedan,Majestic,Frazer Town,42.0,145.0,Not Applicable,Not Applicable,No,Not Applicable,143,UPI,41,3.3,3.1
2024-07-14 22:21:00,CNR1945259548,Canceled by Customer,CID370452,Prime Plus,Banashankari,Koramangala,,,AC is Not working,Not Applicable,Not Applicable,Not Applicable,560,Not Applicable,0,,
2024-07-11 23:02:00,CNR4675273498,Success,CID614187,Bike,Devanahalli,Chickpet,147.0,125.0,Not Applicable,Not Applicable,No,Not Applicable,229,UPI,49,3.4,4.5
2024-07-05 13:41:00,CNR1758206269,Canceled by Driver,CID374703,Bike,Hennur,Bellandur,,,Not Applicable,More than permitted people in there,Not Applicable,Not Applicable,174,Not Applicable,0,,
2024-07-04 08:47:00,CNR6799652534,Canceled by Driver,CID480168,Prime Sedan,Hosur Road,Shivajinagar,,,Not Applicable,Customer related issue,Not Applicable,Not Applicable,379,Not Applicable,0,,
2024-07-14 19:11:00,CNR2795775035,Success,CID747094,Bike,Padmanabhanagar,Ulsoor,133.0,100.0,Not Applicable,Not Applicable,No,Not Applicable,315,UPI,16,3.7,4.7
2024-07-08 03:55:00,CNR4323457653,Success,CID877942,Prime Plus,Hosur Road,Shivajinagar,252.0,45.0,Not Applicable,Not Applicable,No,Not Applicable,137,UPI,37,3.2,3.3
2024-07-20 23:03:00,CNR4666091729,Canceled by Customer,CID224974,Auto,Marathahalli,Hennur,,,Change of plans,Not Applicable,Not Applicable,Not Applicable,183,Not Applicable,0,,
2024-07-05 09:26:00,CNR2851501772,Success,CID997748,Prime Plus,Marathahalli,Rajarajeshwari Nagar,308.0,60.0,Not Applicable,Not Applicable,No,Not Applicable,612,Cash,26,3.6,4.8
2024-07-27 23:42:00,CNR5294521590,Success,CID488761,Prime Sedan,Frazer Town,Marathahalli,84.0,105.0,Not Applicable,Not Applicable,No,Not Applicable,767,Cash,11,3.7,3.1
2024-07-03 06:18:00,CNR5689948553,Canceled by Driver,CID365646,eBike,Malleshwaram,Peenya,,,Not Applicable,Customer related issue,Not Applicable,Not Applicable,761,Not Applicable,0,,
2024-07-14 17:13:00,CNR5651645390,Success,CID386995,eBike,Kadugodi,Frazer Town,203.0,95.0,Not Applicable,Not Applicable,No,Not Applicable,230,Cash,20,3.9,4.8
2024-07-03 16:53:00,CNR7985945924,Success,CID893129,Bike,Devanahalli,Langford Town,168.0,60.0,Not Applicable,Not Applicable,No,Not Applicable,208,UPI,6,3.8,4.8
2024-07-08 04:01:00,CNR1891252511,Success,CID755352,Auto,Malleshwaram,Hosur Road,70.0,90.0,Not Applicable,Not Applicable,No,Not Applicable,323,Cash,4,4.6,3.2
2024-07-18 09:04:00,CNR9170943186,Success,CID317057,Prime Plus,Koramangala,Electronic City,259.0,100.0,Not Applicable,Not Applicable,No,Not Applicable,388,Cash,18,4.6,3.9
2024-07-25 23:18:00,CNR7127678304,Canceled by Customer,CID267931,Auto,HSR Layout,Basavanagudi,,,Wrong Address,Not Applicable,Not Applicable,Not Applicable,153,Not Applicable,0,,
2024-07-05 10:40:00,CNR4593923980,Success,CID127960,Prime Plus,Rajarajeshwari Nagar,Devanahalli,49.0,65.0,Not Applicable,Not Applicable,No,Not Applicable,274,UPI,39,3.9,4.0
2024-07-07 22:31:00,CNR4662252099,Success,CID551942,Prime Plus,Vijayanagar,Chickpet,105.0,30.0,Not Applicable,Not Applicable,No,Not Applicable,184,Cash,29,4.3,3.5
2024-07-25 10:15:00,CNR7853615090,Success,CID177584,Auto,KR Puram,Hebbal,140.0,110.0,Not Applicable,Not Applicable,No,Not Applicable,956,Cash,15,4.6,3.6
2024-07-11 10:46:00,CNR7759601055,Driver Not Found,CID937105,eBike,BTM Layout,Vijayanagar,,,Not Applicable,Not Applicable,Not Applicable,Not Applicable,492,Not Applicable,0,,
2024-07-07 18:50:00,CNR1777530535,Canceled by Driver,CID434545,Auto,MG Road,Tumkur Road,,,Not Applicable,Personal & Car related issue,Not Applicable,Not Applicable,528,Not Applicable,0,,
2024-07-24 18:07:00,CNR3266730982,Canceled by Customer,CID626765,Prime Sedan,Electronic City,Sahakar Nagar,,,Driver is not moving towards pickup location,Not Applicable,Not Applicable,Not Applicable,120,Not Applicable,0,,
2024-07-05 16:34:00,CNR8548622008,Success,CID176028,Mini,Indiranagar,Koramangala,308.0,125.0,Not Applicable,Not Applicable,No,Not Applicable,641,Cash,11,3.8,5.0
2024-07-07 09:07:00,CNR7612931299,Canceled by Driver,CID922260,eBike,Yelahanka,Jayanagar,,,Not Applicable,More than permitted people in there,Not Applicable,Not Applicable,437,Not Applicable,0,,
2024-07-05 06:29:00,CNR5866498939,Canceled by Driver,CID690692,Bike,Shantinagar,Richmond Town,,,Not Applicable,Customer related issue,Not Applicable,Not Applicable,1808,Not Applicable,0,,
2024-07-10 17:33:00,CNR8081246114,Canceled by Driver,CID626498,Auto,Malleshwaram,Tumkur Road,,,Not Applicable,More than permitted people in there,Not Applicable,Not Applicable,239,Not Applicable,0,,
2024-07-09 14:04:00,CNR4638331644,Success,CID325554,Prime Plus,MG Road,Padmanabhanagar,161.0,100.0,Not Applicable,Not Applicable,No,Not Applicable,207,Cash,11,4.7,3.9
2024-07-15 05:40:00,CNR6838636704,Success,CID280456,Prime Plus,RT Nagar,Majestic,42.0,30.0,Not Applicable,Not Applicable,No,Not Applicable,182,UPI,5,3.2,3.2
2024-07-05 04:05:00,CNR9309032340,Success,CID220661,Prime SUV,Marathahalli,Electronic City,308.0,90.0,Not Applicable,Not Applicable,No,Not Applicable,210,Cash,14,3.3,3.0
2024-07-21 00:39:00,CNR6666833856,Canceled by Driver,CID813462,Auto,Koramangala,Rajarajeshwari Nagar,,,Not Applicable,Personal & Car related issue,Not Applicable,Not Applicable,851,Not Applicable,0,,
2024-07-19 18:16:00,CNR2604926160,Canceled by Driver,CID427756,Mini,Koramangala,Bannerghatta Road,,,Not Applicable,More than permitted people in there,Not Applicable,Not Applicable,796,Not Applicable,0,,
2024-07-10 18:55:00,CNR2180557661,Success,CID442385,eBike,Yeshwanthpur,Marathahalli,245.0,120.0,Not Applicable,Not Applicable,No,Not Applicable,401,UPI,10,4.8,4.6
2024-07-13 09:53:00,CNR4031774220,Success,CID468363,eBike,Indiranagar,Chamarajpet,217.0,55.0,Not Applicable,Not Applicable,No,Not Applicable,384,UPI,42,3.5,4.1
2024-07-13 11:46:00,CNR4530976090,Success,CID799674,Prime Sedan,Ramamurthy Nagar,Langford Town,252.0,65.0,Not Applicable,Not Applicable,No,Not Applicable,481,Cash,29,5.0,4.3
2024-07-09 17:00:00,CNR6307237374,Canceled by Driver,CID707777,Prime SUV,Hosur Road,Koramangala,,,Not Applicable,Customer related issue,Not Applicable,Not Applicable,778,Not Applicable,0,,
2024-07-08 16:36:00,CNR2836212573,Success,CID225388,Bike,Bellandur,Kadugodi,294.0,65.0,Not Applicable,Not Applicable,Yes,Vehicle Breakdown,136,Cash,40,4.8,4.5
2024-07-29 04:59:00,CNR5779974688,Success,CID858717,Auto,Shantinagar,Chickpet,189.0,85.0,Not Applicable,Not Applicable,No,Not Applicable,139,Cash,3,4.6,3.8
2024-07-09 21:36:00,CNR6004557519,Canceled by Driver,CID570326,Prime Sedan,Ulsoor,Frazer Town,,,Not Applicable,Customer related issue,Not Applicable,Not Applicable,522,Not Applicable,0,,
2024-07-12 04:04:00,CNR8078555757,Driver Not Found,CID236356,Auto,KR Puram,Whitefield,,,Not Applicable,Not Applicable,Not Applicable,Not Applicable,482,Not Applicable,0,,
2024-07-02 21:48:00,CNR7275617380,Success,CID576392,Prime Sedan,Electronic City,Rajajinagar,105.0,40.0,Not Applicable,Not Applicable,No,Not Applicable,375,Cash,42,5.0,3.2
2024-07-17 21:34:00,CNR1958511350,Success,CID129055,eBike,Hebbal,Koramangala,266.0,140.0,Not Applicable,Not Applicable,No,Not Applicable,1610,UPI,39,3.4,4.2
2024-07-28 16:28:00,CNR8503820321,Canceled by Customer,CID313091,Bike,Electronic City,Hebbal,,,Driver asked to cancel,Not Applicable,Not Applicable,Not Applicable,465,Not Applicable,0,,
2024-07-05 17:45:00,CNR9240828804,Canceled by Driver,CID918293,Auto,Sarjapur Road,Hennur,,,Not Applicable,Customer related issue,Not Applicable,Not Applicable,275,Not Applicable,0,,
2024-07-07 13:43:00,CNR5660501396,Success,CID194785,Mini,JP Nagar,Shantinagar,119.0,80.0,Not Applicable,Not Applicable,No,Not Applicable,825,UPI,43,4.1,3.1
2024-07-02 06:48:00,CNR2681126537,Driver Not Found,CID430010,Prime Plus,Kadugodi,Rajajinagar,,,Not Applicable,Not Applicable,Not Applicable,Not Applicable,372,Not Applicable,0,,
2024-07-07 08:22:00,CNR2887928792,Success,CID163306,Bike,MG Road,Hennur,210.0,40.0,Not Applicable,Not Applicable,No,Not Applicable,410,UPI,3,4.3,4.5
2024-07-02 09:38:00,CNR2843210116,Canceled by Driver,CID325433,Prime Sedan,Tumkur Road,Malleshwaram,,,Not Applicable,Personal & Car related issue,Not Applicable,Not Applicable,210,Not Applicable,0,,
2024-07-02 18:03:00,CNR4386945190,Canceled by Customer,CID385894,eBike,Kadugodi,Shivajinagar,,,Driver is not moving towards pickup location,Not Applicable,Not Applicable,Not Applicable,167,Not Applicable,0,,
2024-07-16 20:48:00,CNR3190388616,Success,CID248588,Prime Sedan,Malleshwaram,Cox Town,70.0,35.0,Not Applicable,Not Applicable,No,Not Applicable,280,UPI,47,4.8,3.2
2024-07-14 04:02:00,CNR6353658207,Success,CID894679,Bike,Chickpet,Bellandur,133.0,35.0,Not Applicable,Not Applicable,No,Not Applicable,512,UPI,28,4.7,4.3
2024-07-10 17:27:00,CNR5265411097,Success,CID920285,eBike,Magadi Road,Hulimavu,112.0,145.0,Not Applicable,Not Applicable,No,Not Applicable,485,Cash,34,3.8,3.5
2024-07-07 01:11:00,CNR1450539367,Success,CID863671,Bike,Richmond Town,Tumkur Road,91.0,145.0,Not Applicable,Not Applicable,No,Not Applicable,308,UPI,33,4.3,3.3
2024-07-15 04:07:00,CNR7109623309,Canceled by Customer,CID475776,Bike,Hebbal,Indiranagar,,,Driver asked to cancel,Not Applicable,Not Applicable,Not Applicable,105,Not Applicable,0,,
2024-07-29 08:46:00,CNR9523083870,Success,CID770695,Prime Sedan,BTM Layout,Ulsoor,49.0,50.0,Not Applicable,Not Applicable,No,Not Applicable,310,Cash,6,3.2,4.5
2024-07-11 04:35:00,CNR7643613746,Success,CID140906,Bike,Kadugodi,Rajarajeshwari Nagar,42.0,70.0,Not Applicable,Not Applicable,No,Not Applicable,346,Cash,28,4.1,3.8
2024-07-28 06:56:00,CNR2018874181,Success,CID322000,Prime Plus,Bannerghatta Road,Majestic,161.0,135.0,Not Applicable,Not Applicable,No,Not Applicable,319,Cash,11,4.9,3.5
2024-07-18 07:25:00,CNR4882487720,Canceled by Customer,CID740387,Mini,Chamarajpet,Chamarajpet,,,Driver asked to cancel,Not Applicable,Not Applicable,Not Applicable,267,Not Applicable,0,,
2024-07-04 09:18:00,CNR4060999603,Success,CID655712,Bike,Marathahalli,Cox Town,210.0,95.0,Not Applicable,Not Applicable,No,Not Applicable,345,Cash,28,3.0,3.0
2024-07-03 16:04:00,CNR2287039681,Success,CID155106,Auto,Tumkur Road,Yelahanka,70.0,45.0,Not Applicable,Not Applicable,No,Not Applicable,179,UPI,2,4.2,3.7
2024-07-09 06:46:00,CNR1666612573,Canceled by Driver,CID603699,Prime Plus,Langford Town,Indiranagar,,,Not Applicable,Personal & Car related issue,Not Applicable,Not Applicable,266,Not Applicable,0,,
2024-07-08 04:54:00,CNR1098579193,Success,CID233870,Prime Sedan,Shivajinagar,Jayanagar,105.0,140.0,Not Applicable,Not Applicable,No,Not Applicable,354,Cash,43,4.0,4.4
2024-07-15 02:20:00,CNR8911074916,Success,CID948722,eBike,Basavanagudi,Richmond Town,56.0,80.0,Not Applicable,Not Applicable,No,Not Applicable,399,UPI,43,3.7,3.2
2024-07-05 13:10:00,CNR5068639133,Success,CID831844,Prime SUV,Marathahalli,RT Nagar,238.0,35.0,Not Applicable,Not Applicable,No,Not Applicable,928,UPI,6,3.9,4.8
2024-07-03 09:51:00,CNR6092771571,Canceled by Customer,CID949584,Prime Plus,Magadi Road,Cox Town,,,Wrong Address,Not Applicable,Not Applicable,Not Applicable,642,Not Applicable,0,,
2024-07-05 05:05:00,CNR7716794842,Success,CID398717,Prime Plus,Sarjapur Road,Richmond Town,70.0,130.0,Not Applicable,Not Applicable,No,Not Applicable,567,UPI,12,3.6,4.3
2024-07-10 21:19:00,CNR7085620812,Success,CID358298,Bike,Bellandur,Bannerghatta Road,84.0,120.0,Not Applicable,Not Applicable,No,Not Applicable,503,Cash,5,4.2,3.8
2024-07-09 07:45:00,CNR6872099969,Driver Not Found,CID711133,eBike,Shantinagar,Majestic,,,Not Applicable,Not Applicable,Not Applicable,Not Applicable,793,Not Applicable,0,,
2024-07-27 14:15:00,CNR8870319464,Canceled by Driver,CID990338,Prime SUV,Shivajinagar,Tumkur Road,,,Not Applicable,Customer was coughing/sick,Not Applicable,Not Applicable,114,Not Applicable,0,,
2024-07-29 19:48:00,CNR5443784132,Driver Not Found,CID288066,Prime Sedan,Yeshwanthpur,MG Road,,,Not Applicable,Not Applicable,Not Applicable,Not Applicable,657,Not Applicable,0,,
2024-07-14 02:12:00,CNR1688171767,Success,CID391909,Bike,Vijayanagar,Devanahalli,182.0,70.0,Not Applicable,Not Applicable,No,Not Applicable,383,Cash,18,3.1,3.7
2024-07-14 14:58:00,CNR6388426412,Canceled by Driver,CID916143,Auto,Peenya,Mysore Road,,,Not Applicable,Personal & Car related issue,Not Applicable,Not Applicable,560,Not Applicable,0,,
2024-07-25 23:46:00,CNR4511415020,Driver Not Found,CID611558,Prime Sedan,Kengeri,Ramamurthy Nagar,,,Not Applicable,Not Applicable,Not Applicable,Not Applicable,109,Not Applicable,0,,
2024-07-30 01:33:00,CNR9897888322,Success,CID153098,Auto,Devanahalli,Chickpet,273.0,60.0,Not Applicable,Not Applicable,No,Not Applicable,446,UPI,5,4.1,3.7
2024-07-08 23:42:00,CNR7662146636,Success,CID920760,Auto,Devanahalli,Jayanagar,266.0,130.0,Not Applicable,Not Applicable,No,Not Applicable,493,Cash,1,3.7,4.5
2024-07-04 05:39:00,CNR4367053264,Canceled by Customer,CID788353,Prime Plus,Devanahalli,KR Puram,,,AC is Not working,Not Applicable,Not Applicable,Not Applicable,347,Not Applicable,0,,
2024-07-09 14:13:00,CNR4203487489,Canceled by Driver,CID556347,Prime Sedan,Bannerghatta Road,Cox Town,,,Not Applicable,Customer related issue,Not Applicable,Not Applicable,392,Not Applicable,0,,
2024-07-16 13:19:00,CNR1859998864,Success,CID498507,eBike,Magadi Road,Padmanabhanagar,56.0,40.0,Not Applicable,Not Applicable,No,Not Applicable,236,UPI,36,4.1,4.2
2024-07-20 18:29:00,CNR7930732716,Success,CID636712,Auto,Kadugodi,Sahakar Nagar,161.0,120.0,Not Applicable,Not Applicable,Yes,Customer Demand,397,Cash,11,3.4,4.4
2024-07-09 22:38:00,CNR9912147212,Canceled by Driver,CID940814,Bike,Whitefield,KR Puram,,,Not Applicable,Customer was coughing/sick,Not Applicable,Not Applicable,2701,Not Applicable,0,,
2024-07-24 17:41:00,CNR6740798374,Success,CID246294,Auto,Langford Town,Sahakar Nagar,56.0,105.0,Not Applicable,Not Applicable,No,Not Applicable,487,Cash,4,3.4,3.2
2024-07-04 02:15:00,CNR9838227376,Canceled by Customer,CID238742,Prime Plus,Whitefield,Hulimavu,,,AC is Not working,Not Applicable,Not Applicable,Not Applicable,150,Not Applicable,0,,
2024-07-15 18:50:00,CNR2119031211,Success,CID358430,Prime SUV,Yeshwanthpur,Cox Town,49.0,65.0,Not Applicable,Not Applicable,No,Not Applicable,196,Cash,6,3.7,4.4
2024-07-23 02:10:00,CNR7280815744,Success,CID555179,Prime Sedan,Yeshwanthpur,Padmanabhanagar,126.0,65.0,Not Applicable,Not Applicable,No,Not Applicable,186,Cash,40,3.6,4.7
2024-07-02 02:01:00,CNR3500684822,Canceled by Driver,CID298166,Bike,KR Puram,Kadugodi,,,Not Applicable,Customer was coughing/sick,Not Applicable,Not Applicable,363,Not Applicable,0,,
2024-07-25 22:15:00,CNR9090068380,Success,CID400454,Prime Sedan,Banashankari,Shivajinagar,203.0,145.0,Not Applicable,Not Applicable,No,Not Applicable,436,Cash,40,3.3,3.6
2024-07-02 20:51:00,CNR3806731811,Success,CID954032,Mini,Nagarbhavi,Varthur,287.0,115.0,Not Applicable,Not Applicable,No,Not Applicable,139,Cash,7,3.7,3.2
2024-07-12 18:15:00,CNR7429957285,Success,CID882253,Auto,Ramamurthy Nagar,Frazer Town,154.0,30.0,Not Applicable,Not Applicable,No,Not Applicable,419,UPI,11,3.6,4.2
2024-07-04 23:04:00,CNR3002113266,Success,CID519559,Auto,Majestic,Basavanagudi,35.0,60.0,Not Applicable,Not Applicable,No,Not Applicable,219,Cash,14,3.4,4.4
2024-07-28 04:58:00,CNR1284942668,Canceled by Customer,CID933144,Mini,Electronic City,HSR Layout,,,Driver is not moving towards pickup location,Not Applicable,Not Applicable,Not Applicable,1388,Not Applicable,0,,
2024-07-09 22:03:00,CNR4428967342,Success,CID525454,Prime Plus,MG Road,Sahakar Nagar,49.0,60.0,Not Applicable,Not Applicable,Yes,Other Issue,244,Credit Card,5,3.0,3.5
2024-07-09 15:16:00,CNR3040686559,Success,CID800051,Prime Sedan,Sarjapur Road,Rajajinagar,168.0,85.0,Not Applicable,Not Applicable,No,Not Applicable,836,Cash,41,4.0,4.9
2024-07-27 00:28:00,CNR5822155404,Canceled by Driver,CID979492,Prime Plus,Chamarajpet,Bannerghatta Road,,,Not Applicable,Customer related issue,Not Applicable,Not Applicable,374,Not Applicable,0,,
2024-07-06 21:53:00,CNR1654392253,Success,CID929985,Prime SUV,Malleshwaram,Jayanagar,168.0,45.0,Not Applicable,Not Applicable,No,Not Applicable,213,Cash,32,3.9,4.0
2024-07-03 05:49:00,CNR2451315823,Success,CID349857,Prime SUV,Richmond Town,Peenya,126.0,145.0,Not Applicable,Not Applicable,No,Not Applicable,139,Cash,46,3.2,3.5
2024-07-27 23:54:00,CNR6265168074,Driver Not Found,CID132914,Prime SUV,Jayanagar,RT Nagar,,,Not Applicable,Not Applicable,Not Applicable,Not Applicable,415,Not Applicable,0,,
2024-07-08 20:18:00,CNR6058099971,Success,CID674129,Prime SUV,Ramamurthy Nagar,Mysore Road,182.0,35.0,Not Applicable,Not Applicable,No,Not Applicable,276,Credit Card,34,4.5,3.3
2024-07-28 06:36:00,CNR4024973563,Success,CID169566,eBike,Mysore Road,Mysore Road,238.0,115.0,Not Applicable,Not Applicable,No,Not Applicable,2036,Cash,21,4.0,4.3
2024-07-17 20:59:00,CNR4716379606,Success,CID799019,Auto,RT Nagar,BTM Layout,280.0,65.0,Not Applicable,Not Applicable,No,Not Applicable,199,UPI,3,3.7,3.9
2024-07-19 20:50:00,CNR8282498166,Success,CID270338,Mini,Yelahanka,Yeshwanthpur,266.0,90.0,Not Applicable,Not Applicable,No,Not Applicable,367,UPI,18,3.9,3.7
2024-07-08 17:03:00,CNR4778131576,Success,CID766734,Prime SUV,Koramangala,Ramamurthy Nagar,133.0,35.0,Not Applicable,Not Applicable,No,Not Applicable,963,UPI,10,3.4,4.9
2024-07-13 22:26:00,CNR4294980370,Success,CID394652,Mini,Vijayanagar,Chickpet,98.0,135.0,Not Applicable,Not Applicable,No,Not Applicable,279,Cash,5,3.0,4.4
2024-07-18 09:41:00,CNR1239992747,Canceled by Driver,CID861419,Prime SUV,Shivajinagar,Ulsoor,,,Not Applicable,Customer related issue,Not Applicable,Not Applicable,228,Not Applicable,0,,
2024-07-25 23:31:00,CNR8754421130,Success,CID737778,eBike,Richmond Town,Majestic,245.0,50.0,Not Applicable,Not Applicable,No,Not Applicable,453,UPI,16,4.6,3.9
2024-07-29 22:19:00,CNR7937846389,Success,CID998030,Mini,Marathahalli,HSR Layout,266.0,125.0,Not Applicable,Not Applicable,No,Not Applicable,599,Cash,6,3.3,4.4
2024-07-30 14:37:00,CNR8172602173,Success,CID223986,Bike,Peenya,Sarjapur Road,301.0,115.0,Not Applicable,Not Applicable,No,Not Applicable,224,Cash,23,4.6,3.9
2024-07-29 04:15:00,CNR6170628834,Canceled by Driver,CID291440,Mini,KR Puram,MG Road,,,Not Applicable,Customer related issue,Not Applicable,Not Applicable,179,Not Applicable,0,,
2024-07-26 21:16:00,CNR3630749355,Canceled by Customer,CID352470,Prime SUV,BTM Layout,Chamarajpet,,,AC is Not working,Not Applicable,Not Applicable,Not Applicable,399,Not Applicable,0,,
2024-07-13 20:14:00,CNR4106626731,Success,CID860284,Prime Sedan,Richmond Town,BTM Layout,196.0,60.0,Not Applicable,Not Applicable,Yes,Vehicle Breakdown,390,Cash,14,4.6,3.0
2024-07-04 20:58:00,CNR9940674924,Success,CID198804,eBike,HSR Layout,Hosur Road,77.0,25.0,Not Applicable,Not Applicable,No,Not Applicable,627,Cash,2,3.1,4.8
2024-07-30 12:07:00,CNR4103635718,Canceled by Customer,CID595273,Prime Sedan,Tumkur Road,Malleshwaram,,,Driver is not moving towards pickup location,Not Applicable,Not Applicable,Not Applicable,326,Not Applicable,0,,
2024-07-04 05:20:00,CNR2352346060,Success,CID247500,Auto,Tumkur Road,Peenya,266.0,110.0,Not Applicable,Not Applicable,No,Not Applicable,414,UPI,19,4.2,4.6
2024-07-11 01:42:00,CNR4321304182,Success,CID526390,Auto,Shantinagar,Kengeri,217.0,40.0,Not Applicable,Not Applicable,No,Not Applicable,129,Cash,3,4.6,3.7
2024-07-17 12:11:00,CNR3020083938,Success,CID676517,eBike,Richmond Town,Yeshwanthpur,266.0,50.0,Not Applicable,Not Applicable,No,Not Applicable,1150,Cash,45,3.2,3.2
2024-07-13 17:43:00,CNR6167472189,Success,CID870927,Prime Plus,RT Nagar,Ramamurthy Nagar,266.0,120.0,Not Applicable,Not Applicable,No,Not Applicable,213,Cash,29,3.3,3.7
2024-07-25 16:24:00,CNR5105501231,Driver Not Found,CID526736,Prime Plus,MG Road,Whitefield,,,Not Applicable,Not Applicable,Not Applicable,Not Applicable,245,Not Applicable,0,,
2024-07-29 09:25:00,CNR4898710708,Success,CID121661,eBike,Sahakar Nagar,Ramamurthy Nagar,182.0,40.0,Not Applicable,Not Applicable,Yes,Customer Demand,470,Credit Card,46,4.6,4.6
2024-07-09 20:41:00,CNR9407116450,Success,CID846827,eBike,Hebbal,Magadi Road,161.0,70.0,Not Applicable,Not Applicable,No,Not Applicable,168,Cash,9,3.3,4.8
2024-07-25 20:14:00,CNR7192518851,Canceled by Driver,CID620484,Bike,Kengeri,Shantinagar,,,Not Applicable,Customer related issue,Not Applicable,Not Applicable,113,Not Applicable,0,,
2024-07-02 00:38:00,CNR3895123497,Driver Not Found,CID499013,Prime Plus,Hosur Road,Electronic City,,,Not Applicable,Not Applicable,Not Applicable,Not Applicable,467,Not Applicable,0,,
2024-07-13 01:49:00,CNR8381246918,Success,CID834681,Mini,Hennur,Nagarbhavi,56.0,95.0,Not Applicable,Not Applicable,No,Not Applicable,334,Credit Card,3,3.8,3.6
2024-07-13 21:40:00,CNR2854093242,Success,CID513073,eBike,Rajajinagar,Bellandur,245.0,55.0,Not Applicable,Not Applicable,No,Not Applicable,195,UPI,44,4.3,3.5
2024-07-22 23:21:00,CNR1058695507,Driver Not Found,CID303774,Prime SUV,Cox Town,Vijayanagar,,,Not Applicable,Not Applicable,Not Applicable,Not Applicable,1948,Not Applicable,0,,
2024-07-21 20:29:00,CNR2325857803,Success,CID785866,Auto,Chickpet,Shivajinagar,182.0,90.0,Not Applicable,Not Applicable,Yes,Customer Demand,117,UPI,18,4.6,3.9
2024-07-11 06:52:00,CNR2207785360,Canceled by Driver,CID359710,Prime Sedan,Vijayanagar,Electronic City,,,Not Applicable,More than permitted people in there,Not Applicable,Not Applicable,372,Not Applicable,0,,
2024-07-22 16:25:00,CNR2856446244,Success,CID197989,Prime Plus,Devanahalli,Varthur,175.0,45.0,Not Applicable,Not Applicable,No,Not Applicable,2537,Cash,14,5.0,4.2
2024-07-22 19:54:00,CNR5665886817,Success,CID419061,Prime Plus,Rajajinagar,Chamarajpet,301.0,55.0,Not Applicable,Not Applicable,No,Not Applicable,350,Cash,36,4.0,3.3
2024-07-27 04:24:00,CNR8500061657,Canceled by Driver,CID783730,Prime SUV,Kadugodi,Langford Town,,,Not Applicable,Personal & Car related issue,Not Applicable,Not Applicable,445,Not Applicable,0,,
2024-07-04 04:46:00,CNR3901678521,Driver Not Found,CID570369,Prime Sedan,Varthur,Rajajinagar,,,Not Applicable,Not Applicable,Not Applicable,Not Applicable,252,Not Applicable,0,,
2024-07-14 14:57:00,CNR6521254538,Driver Not Found,CID352976,Auto,Indiranagar,Hulimavu,,,Not Applicable,Not Applicable,Not Applicable,Not Applicable,617,Not Applicable,0,,
2024-07-04 11:27:00,CNR9135559380,Success,CID152897,Prime Plus,HSR Layout,Sarjapur Road,266.0,95.0,Not Applicable,Not Applicable,No,Not Applicable,381,Cash,8,5.0,4.2
2024-07-30 23:47:00,CNR7990182596,Success,CID272698,Prime Sedan,Indiranagar,Frazer Town,161.0,30.0,Not Applicable,Not Applicable,No,Not Applicable,494,Cash,24,3.4,4.9
2024-07-09 15:34:00,CNR2906860383,Success,CID154729,eBike,Banashankari,Hebbal,175.0,130.0,Not Applicable,Not Applicable,No,Not Applicable,335,Cash,22,4.0,3.3
2024-07-26 16:46:00,CNR1994469687,Success,CID405940,eBike,Whitefield,Shantinagar,259.0,130.0,Not Applicable,Not Applicable,Yes,Customer Demand,2981,Cash,7,4.7,3.2
2024-07-06 03:39:00,CNR5218524232,Success,CID548415,Mini,Bannerghatta Road,Magadi Road,224.0,50.0,Not Applicable,Not Applicable,No,Not Applicable,407,Cash,3,3.7,3.3
2024-07-26 06:51:00,CNR6048451403,Driver Not Found,CID487038,Mini,RT Nagar,Peenya,,,Not Applicable,Not Applicable,Not Applicable,Not Applicable,469,Not Applicable,0,,
2024-07-11 05:48:00,CNR5473624471,Success,CID667256,Bike,Hennur,Magadi Road,287.0,135.0,Not Applicable,Not Applicable,No,Not Applicable,152,Cash,33,5.0,3.7
2024-07-29 22:43:00,CNR9572244055,Driver Not Found,CID196655,Mini,Hebbal,Whitefield,,,Not Applicable,Not Applicable,Not Applicable,Not Applicable,173,Not Applicable,0,,
2024-07-28 02:49:00,CNR1566852666,Canceled by Customer,CID716796,Prime Sedan,Whitefield,Shantinagar,,,Driver is not moving towards pickup location,Not Applicable,Not Applicable,Not Applicable,1472,Not Applicable,0,,
2024-07-07 02:47:00,CNR9920619269,Success,CID143141,Auto,Koramangala,Devanahalli,266.0,70.0,Not Applicable,Not Applicable,No,Not Applicable,642,Cash,13,4.5,4.3
2024-07-14 22:34:00,CNR4283203522,Success,CID353044,Prime Plus,Chamarajpet,Yeshwanthpur,126.0,115.0,Not Applicable,Not Applicable,No,Not Applicable,378,UPI,49,4.6,4.1
2024-07-27 08:15:00,CNR8772704095,Success,CID954710,Auto,Bellandur,Indiranagar,224.0,115.0,Not Applicable,Not Applicable,No,Not Applicable,599,Cash,16,3.4,3.3
2024-07-28 11:06:00,CNR8725414745,Success,CID961331,Prime Sedan,Frazer Town,Majestic,161.0,145.0,Not Applicable,Not Applicable,No,Not Applicable,495,Cash,7,4.1,3.8
2024-07-13 14:45:00,CNR5948967353,Success,CID501640,Bike,Indiranagar,Yelahanka,308.0,35.0,Not Applicable,Not Applicable,No,Not Applicable,1879,UPI,44,3.3,3.2
2024-07-02 17:04:00,CNR3616729062,Success,CID841438,Auto,Tumkur Road,Whitefield,105.0,55.0,Not Applicable,Not Applicable,No,Not Applicable,178,Cash,15,3.6,3.6
2024-07-29 19:50:00,CNR5466345382,Canceled by Driver,CID312346,eBike,RT Nagar,Electronic City,,,Not Applicable,Customer related issue,Not Applicable,Not Applicable,489,Not Applicable,0,,
2024-07-20 18:54:00,CNR3903762031,Canceled by Driver,CID828578,Bike,Jayanagar,Yeshwanthpur,,,Not Applicable,Personal & Car related issue,Not Applicable,Not Applicable,435,Not Applicable,0,,
2024-07-20 23:14:00,CNR8566797105,Canceled by Driver,CID498449,Prime SUV,Indiranagar,Sarjapur Road,,,Not Applicable,Customer related issue,Not Applicable,Not Applicable,2200,Not Applicable,0,,
2024-07-27 17:20:00,CNR9434088047,Canceled by Customer,CID508987,Bike,Kammanahalli,Ulsoor,,,Change of plans,Not Applicable,Not Applicable,Not Applicable,496,Not Applicable,0,,
2024-07-12 10:12:00,CNR9603057466,Driver Not Found,CID614515,Mini,Padmanabhanagar,Hulimavu,,,Not Applicable,Not Applicable,Not Applicable,Not Applicable,116,Not Applicable,0,,
2024-07-14 07:11:00,CNR5809204218,Canceled by Driver,CID915451,Auto,Chamarajpet,Whitefield,,,Not Applicable,Personal & Car related issue,Not Applicable,Not Applicable,286,Not Applicable,0,,
2024-07-27 07:53:00,CNR3558472873,Success,CID689087,Prime Sedan,Marathahalli,Bannerghatta Road,252.0,80.0,Not Applicable,Not Applicable,No,Not Applicable,495,Cash,45,4.5,3.1
2024-07-10 12:51:00,CNR4798794597,Success,CID411835,Prime Sedan,Rajajinagar,Mysore Road,168.0,25.0,Not Applicable,Not Applicable,No,Not Applicable,401,Debit Card,12,3.9,4.7
2024-07-13 11:03:00,CNR5360929250,Success,CID907579,Prime SUV,Frazer Town,Ulsoor,182.0,115.0,Not Applicable,Not Applicable,No,Not Applicable,245,Cash,5,4.4,3.4
2024-07-05 23:42:00,CNR4407243759,Success,CID597548,Prime Plus,Marathahalli,Nagarbhavi,126.0,30.0,Not Applicable,Not Applicable,Yes,Customer Demand,190,Cash,20,4.1,4.8
2024-07-24 04:00:00,CNR3146022889,Success,CID290093,Bike,BTM Layout,KR Puram,98.0,135.0,Not Applicable,Not Applicable,No,Not Applicable,188,Cash,15,3.7,3.8
2024-07-03 13:28:00,CNR7525239189,Driver Not Found,CID829920,Auto,Peenya,Bannerghatta Road,,,Not Applicable,Not Applicable,Not Applicable,Not Applicable,210,Not Applicable,0,,
2024-07-26 19:59:00,CNR1448329671,Success,CID604885,Auto,Mysore Road,Magadi Road,70.0,50.0,Not Applicable,Not Applicable,No,Not Applicable,143,Cash,8,4.3,4.2
2024-07-02 12:54:00,CNR1730543380,Canceled by Customer,CID972618,eBike,BTM Layout,Mysore Road,,,AC is Not working,Not Applicable,Not Applicable,Not Applicable,136,Not Applicable,0,,
2024-07-25 07:16:00,CNR6057053767,Canceled by Customer,CID895319,eBike,HSR Layout,Jayanagar,,,Change of plans,Not Applicable,Not Applicable,Not Applicable,313,Not Applicable,0,,
2024-07-09 19:40:00,CNR2797456208,Driver Not Found,CID738304,Bike,RT Nagar,KR Puram,,,Not Applicable,Not Applicable,Not Applicable,Not Applicable,376,Not Applicable,0,,
2024-07-15 20:25:00,CNR2216705034,Success,CID918492,Prime SUV,Padmanabhanagar,Ulsoor,77.0,40.0,Not Applicable,Not Applicable,No,Not Applicable,261,Cash,22,4.6,3.6
2024-07-22 23:40:00,CNR7956029865,Success,CID670633,Bike,HSR Layout,Whitefield,308.0,40.0,Not Applicable,Not Applicable,No,Not Applicable,583,Cash,30,4.4,3.1
2024-07-17 00:41:00,CNR4894457931,Success,CID493887,Bike,Yelahanka,Devanahalli,63.0,25.0,Not Applicable,Not Applicable,No,Not Applicable,216,UPI,12,3.0,4.6
2024-07-19 06:07:00,CNR8396082674,Success,CID769832,Mini,Sahakar Nagar,Bellandur,126.0,65.0,Not Applicable,Not Applicable,No,Not Applicable,123,UPI,14,4.3,3.1
2024-07-25 18:49:00,CNR7079782368,Driver Not Found,CID671375,Bike,Marathahalli,KR Puram,,,Not Applicable,Not Applicable,Not Applicable,Not Applicable,272,Not Applicable,0,,
2024-07-09 15:30:00,CNR9801495366,Canceled by Driver,CID527129,Mini,Rajajinagar,RT Nagar,,,Not Applicable,Personal & Car related issue,Not Applicable,Not Applicable,369,Not Applicable,0,,
2024-07-20 14:19:00,CNR1560630116,Success,CID954029,eBike,Hennur,Frazer Town,245.0,120.0,Not Applicable,Not Applicable,No,Not Applicable,163,UPI,23,3.1,3.1
2024-07-12 18:51:00,CNR1235297946,Success,CID149299,Prime Sedan,Whitefield,Langford Town,210.0,25.0,Not Applicable,Not Applicable,No,Not Applicable,315,UPI,21,4.4,3.3
2024-07-27 13:42:00,CNR7277836964,Success,CID612257,Prime Sedan,Kengeri,Kadugodi,280.0,75.0,Not Applicable,Not Applicable,Yes,Vehicle Breakdown,286,UPI,18,3.2,4.0
2024-07-27 06:08:00,CNR4703381275,Success,CID829396,Mini,Shantinagar,Yeshwanthpur,224.0,145.0,Not Applicable,Not Applicable,No,Not Applicable,633,UPI,14,4.5,4.8
2024-07-22 22:19:00,CNR4402663400,Canceled by Customer,CID577691,Mini,Kammanahalli,Cox Town,,,Driver is not moving towards pickup location,Not Applicable,Not Applicable,Not Applicable,124,Not Applicable,0,,
2024-07-09 07:19:00,CNR3607802312,Canceled by Driver,CID666519,Bike,Bellandur,Rajajinagar,,,Not Applicable,Customer was coughing/sick,Not Applicable,Not Applicable,151,Not Applicable,0,,
2024-07-23 15:46:00,CNR5764931049,Canceled by Customer,CID871720,Prime Sedan,JP Nagar,Yeshwanthpur,,,Driver is not moving towards pickup location,Not Applicable,Not Applicable,Not Applicable,1559,Not Applicable,0,,
2024-07-26 02:10:00,CNR9246784276,Success,CID811753,Prime Sedan,Mysore Road,Kadugodi,161.0,60.0,Not Applicable,Not Applicable,No,Not Applicable,319,UPI,49,3.7,4.0
2024-07-28 19:44:00,CNR9737986834,Success,CID917984,Prime Plus,Ramamurthy Nagar,Yeshwanthpur,231.0,85.0,Not Applicable,Not Applicable,No,Not Applicable,302,UPI,32,4.2,3.4
2024-07-27 12:51:00,CNR4845497785,Success,CID177239,Bike,Kammanahalli,Nagarbhavi,77.0,100.0,Not Applicable,Not Applicable,Yes,Vehicle Breakdown,2880,UPI,47,4.9,3.3
2024-07-06 16:37:00,CNR7498868905,Success,CID753115,Prime SUV,Tumkur Road,Yeshwanthpur,161.0,120.0,Not Applicable,Not Applicable,No,Not Applicable,417,Cash,27,4.7,4.2
2024-07-19 02:37:00,CNR4237514064,Driver Not Found,CID247461,Mini,Chickpet,Devanahalli,,,Not Applicable,Not Applicable,Not Applicable,Not Applicable,821,Not Applicable,0,,
2024-07-15 13:00:00,CNR4977707524,Driver Not Found,CID524599,eBike,Electronic City,Magadi Road,,,Not Applicable,Not Applicable,Not Applicable,Not Applicable,424,Not Applicable,0,,
2024-07-19 13:31:00,CNR6078279678,Canceled by Customer,CID736528,Prime Plus,Shantinagar,RT Nagar,,,Driver asked to cancel,Not Applicable,Not Applicable,Not Applicable,191,Not Applicable,0,,
2024-07-20 13:29:00,CNR2716633571,Success,CID343529,Auto,Nagarbhavi,Varthur,182.0,70.0,Not Applicable,Not Applicable,No,Not Applicable,881,Cash,17,3.1,4.2
2024-07-04 14:15:00,CNR8910673525,Success,CID104786,eBike,BTM Layout,Devanahalli,147.0,135.0,Not Applicable,Not Applicable,No,Not Applicable,362,UPI,16,4.9,4.2
2024-07-02 09:05:00,CNR6462926315,Driver Not Found,CID891073,Bike,Richmond Town,Padmanabhanagar,,,Not Applicable,Not Applicable,Not Applicable,Not Applicable,307,Not Applicable,0,,
2024-07-06 23:24:00,CNR8281124598,Success,CID950042,Auto,Vijayanagar,Bannerghatta Road,56.0,145.0,Not Applicable,Not Applicable,No,Not Applicable,465,Cash,11,4.8,3.9
2024-07-12 21:32:00,CNR2934514352,Canceled by Customer,CID767450,Prime SUV,Shantinagar,Hennur,,,Driver asked to cancel,Not Applicable,Not Applicable,Not Applicable,772,Not Applicable,0,,
2024-07-04 10:07:00,CNR6605204914,Success,CID854410,Prime Sedan,Malleshwaram,Basavanagudi,133.0,115.0,Not Applicable,Not Applicable,No,Not Applicable,1485,Cash,34,3.4,3.5
2024-07-25 20:33:00,CNR9698401105,Canceled by Driver,CID389186,Prime SUV,Kammanahalli,RT Nagar,,,Not Applicable,Personal & Car related issue,Not Applicable,Not Applicable,384,Not Applicable,0,,
2024-07-15 09:03:00,CNR8893704679,Success,CID166653,Auto,Magadi Road,Vijayanagar,196.0,40.0,Not Applicable,Not Applicable,No,Not Applicable,439,UPI,12,3.5,4.1
2024-07-21 02:45:00,CNR4754751132,Success,CID148030,Mini,JP Nagar,Peenya,294.0,30.0,Not Applicable,Not Applicable,No,Not Applicable,220,UPI,46,4.8,4.5
2024-07-14 15:39:00,CNR1694906977,Canceled by Customer,CID961429,Prime Plus,Chickpet,Sahakar Nagar,,,Driver asked to cancel,Not Applicable,Not Applicable,Not Applicable,291,Not Applicable,0,,
2024-07-04 02:02:00,CNR6468505688,Success,CID822565,Prime Sedan,Varthur,Indiranagar,119.0,130.0,Not Applicable,Not Applicable,No,Not Applicable,199,UPI,13,4.4,4.0
2024-07-29 19:54:00,CNR9847067346,Success,CID467717,eBike,Malleshwaram,Yeshwanthpur,308.0,90.0,Not Applicable,Not Applicable,No,Not Applicable,234,Cash,22,3.6,4.2
2024-07-03 05:59:00,CNR5796564120,Success,CID248253,Prime SUV,MG Road,Vijayanagar,273.0,115.0,Not Applicable,Not Applicable,No,Not Applicable,419,Cash,25,3.9,4.0
2024-07-26 13:14:00,CNR4394182082,Success,CID195893,Prime Sedan,JP Nagar,Koramangala,77.0,110.0,Not Applicable,Not Applicable,No,Not Applicable,309,Cash,10,4.5,4.3
2024-07-01 08:55:00,CNR8758398537,Canceled by Driver,CID570757,Prime Plus,MG Road,Banashankari,,,Not Applicable,Customer related issue,Not Applicable,Not Applicable,452,Not Applicable,0,,
2024-07-15 10:26:00,CNR5456303112,Canceled by Customer,CID936091,eBike,Vijayanagar,Yeshwanthpur,,,Driver asked to cancel,Not Applicable,Not Applicable,Not Applicable,864,Not Applicable,0,,
2024-07-30 10:30:00,CNR7313447488,Success,CID468098,Prime Sedan,Koramangala,Kadugodi,280.0,125.0,Not Applicable,Not Applicable,No,Not Applicable,269,Cash,25,4.0,3.2
2024-07-10 01:04:00,CNR2970367114,Canceled by Driver,CID802287,Prime SUV,Kengeri,Magadi Road,,,Not Applicable,Customer related issue,Not Applicable,Not Applicable,600,Not Applicable,0,,
2024-07-23 20:21:00,CNR2370024920,Success,CID745563,Prime SUV,Whitefield,Basavanagudi,168.0,65.0,Not Applicable,Not Applicable,No,Not Applicable,149,Cash,41,3.5,3.6
2024-07-11 21:04:00,CNR7759769775,Canceled by Driver,CID598104,Prime SUV,Yeshwanthpur,KR Puram,,,Not Applicable,Customer related issue,Not Applicable,Not Applicable,108,Not Applicable,0,,
2024-07-01 03:48:00,CNR1314343046,Success,CID255525,Bike,Koramangala,Basavanagudi,84.0,65.0,Not Applicable,Not Applicable,No,Not Applicable,641,UPI,43,4.1,3.6
2024-07-25 05:14:00,CNR1060619577,Canceled by Driver,CID734739,Prime Sedan,Hulimavu,Magadi Road,,,Not Applicable,Customer was coughing/sick,Not Applicable,Not Applicable,996,Not Applicable,0,,
2024-07-13 07:15:00,CNR8782285925,Success,CID777808,Auto,Malleshwaram,Mysore Road,147.0,95.0,Not Applicable,Not Applicable,No,Not Applicable,683,UPI,16,4.3,3.5
2024-07-04 06:04:00,CNR2285190833,Canceled by Customer,CID597220,Bike,Hosur Road,Kadugodi,,,Wrong Address,Not Applicable,Not Applicable,Not Applicable,176,Not Applicable,0,,
2024-07-21 14:38:00,CNR9503313129,Success,CID387617,Auto,Mysore Road,Chickpet,126.0,100.0,Not Applicable,Not Applicable,No,Not Applicable,177,UPI,9,3.1,4.2
2024-07-10 11:16:00,CNR2792141945,Canceled by Driver,CID863345,Prime SUV,Sarjapur Road,Vijayanagar,,,Not Applicable,More than permitted people in there,Not Applicable,Not Applicable,352,Not Applicable,0,,
2024-07-05 05:26:00,CNR6772245952,Success,CID560557,Prime SUV,Mysore Road,Hulimavu,301.0,70.0,Not Applicable,Not Applicable,No,Not Applicable,292,Cash,28,4.5,4.8
2024-07-03 08:59:00,CNR8310137815,Success,CID801854,Prime SUV,Shivajinagar,Magadi Road,154.0,120.0,Not Applicable,Not Applicable,No,Not Applicable,291,UPI,26,4.5,3.8
2024-07-18 06:36:00,CNR9952896742,Canceled by Driver,CID400815,Mini,JP Nagar,Bellandur,,,Not Applicable,Personal & Car related issue,Not Applicable,Not Applicable,840,Not Applicable,0,,
2024-07-26 11:56:00,CNR5811718291,Success,CID159467,Prime Sedan,MG Road,Yelahanka,35.0,25.0,Not Applicable,Not Applicable,No,Not Applicable,2329,UPI,2,4.1,4.8
2024-07-15 15:40:00,CNR5742980335,Success,CID989786,Prime Sedan,Hosur Road,Hulimavu,287.0,140.0,Not Applicable,Not Applicable,No,Not Applicable,321,UPI,25,3.5,3.7
2024-07-03 01:21:00,CNR4464444937,Canceled by Customer,CID492301,Prime SUV,Marathahalli,Nagarbhavi,,,AC is Not working,Not Applicable,Not Applicable,Not Applicable,207,Not Applicable,0,,
2024-07-15 01:06:00,CNR1774920745,Success,CID850559,Auto,HSR Layout,Koramangala,196.0,105.0,Not Applicable,Not Applicable,Yes,Customer Demand,270,Cash,17,3.6,4.0
2024-07-06 10:13:00,CNR7809736169,Success,CID243384,Prime SUV,Hennur,Electronic City,154.0,50.0,Not Applicable,Not Applicable,No,Not Applicable,454,Cash,44,4.7,3.5
2024-07-06 17:28:00,CNR9374033438,Success,CID439084,Prime Sedan,Banashankari,Richmond Town,182.0,30.0,Not Applicable,Not Applicable,No,Not Applicable,168,Cash,10,4.8,3.5
2024-07-27 23:45:00,CNR1563516078,Driver Not Found,CID564576,Prime Sedan,Sahakar Nagar,Cox Town,,,Not Applicable,Not Applicable,Not Applicable,Not Applicable,442,Not Applicable,0,,
2024-07-25 03:45:00,CNR9985496682,Success,CID975728,eBike,Hosur Road,Indiranagar,63.0,45.0,Not Applicable,Not Applicable,No,Not Applicable,812,UPI,45,3.0,4.2
2024-07-28 08:42:00,CNR1406835085,Canceled by Customer,CID956308,Auto,Basavanagudi,Hosur Road,,,Wrong Address,Not Applicable,Not Applicable,Not Applicable,203,Not Applicable,0,,
2024-07-29 22:34:00,CNR1796806794,Success,CID424422,Prime SUV,MG Road,Kammanahalli,217.0,85.0,Not Applicable,Not Applicable,No,Not Applicable,1434,Cash,18,3.0,4.7
2024-07-09 15:48:00,CNR6411749810,Success,CID716416,Prime SUV,Chamarajpet,Banashankari,119.0,45.0,Not Applicable,Not Applicable,No,Not Applicable,265,Cash,6,3.5,3.4
2024-07-23 10:18:00,CNR4572453250,Driver Not Found,CID518781,Prime SUV,Devanahalli,Bannerghatta Road,,,Not Applicable,Not Applicable,Not Applicable,Not Applicable,261,Not Applicable,0,,
2024-07-17 10:51:00,CNR8566838256,Driver Not Found,CID563189,Bike,Nagarbhavi,KR Puram,,,Not Applicable,Not Applicable,Not Applicable,Not Applicable,317,Not Applicable,0,,
2024-07-04 06:45:00,CNR9604839082,Driver Not Found,CID336824,Bike,KR Puram,Kammanahalli,,,Not Applicable,Not Applicable,Not Applicable,Not Applicable,204,Not Applicable,0,,
2024-07-17 13:38:00,CNR4329567895,Success,CID356013,Prime Sedan,Banashankari,Sahakar Nagar,238.0,130.0,Not Applicable,Not Applicable,No,Not Applicable,2926,Cash,41,3.2,4.5
2024-07-07 11:38:00,CNR1584588374,Driver Not Found,CID351786,Prime SUV,Hebbal,Nagarbhavi,,,Not Applicable,Not Applicable,Not Applicable,Not Applicable,243,Not Applicable,0,,
2024-07-08 00:36:00,CNR2676240856,Canceled by Customer,CID800869,Mini,Indiranagar,KR Puram,,,Change of plans,Not Applicable,Not Applicable,Not Applicable,339,Not Applicable,0,,
2024-07-15 13:11:00,CNR4747935201,Canceled by Driver,CID441614,eBike,Cox Town,Peenya,,,Not Applicable,Personal & Car related issue,Not Applicable,Not Applicable,379,Not Applicable,0,,
2024-07-19 00:17:00,CNR7374671028,Canceled by Driver,CID132449,Prime Plus,Cox Town,Tumkur Road,,,Not Applicable,Customer was coughing/sick,Not Applicable,Not Applicable,413,Not Applicable,0,,
2024-07-17 03:02:00,CNR6316346727,Success,CID922337,Mini,HSR Layout,Hosur Road,182.0,30.0,Not Applicable,Not Applicable,No,Not Applicable,2561,Credit Card,37,4.6,4.5
2024-07-24 00:37:00,CNR3610117874,Success,CID113093,Mini,Banashankari,Rajarajeshwari Nagar,287.0,105.0,Not Applicable,Not Applicable,No,Not Applicable,491,Cash,17,4.8,4.2
2024-07-02 02:07:00,CNR3292542629,Success,CID757939,Prime Sedan,Indiranagar,Yeshwanthpur,266.0,65.0,Not Applicable,Not Applicable,No,Not Applicable,205,Cash,49,3.5,3.3
2024-07-03 07:59:00,CNR1008848907,Canceled by Customer,CID396312,eBike,Indiranagar,HSR Layout,,,Driver asked to cancel,Not Applicable,Not Applicable,Not Applicable,191,Not Applicable,0,,
2024-07-28 21:24:00,CNR2416493220,Driver Not Found,CID803077,Mini,Shivajinagar,Jayanagar,,,Not Applicable,Not Applicable,Not Applicable,Not Applicable,290,Not Applicable,0,,
2024-07-01 08:38:00,CNR6211106088,Canceled by Driver,CID354891,Mini,Kengeri,Bannerghatta Road,,,Not Applicable,Personal & Car related issue,Not Applicable,Not Applicable,163,Not Applicable,0,,
2024-07-23 09:06:00,CNR3446799199,Success,CID436290,Bike,Vijayanagar,Bannerghatta Road,182.0,95.0,Not Applicable,Not Applicable,No,Not Applicable,408,Cash,30,4.1,3.4
2024-07-25 12:13:00,CNR6118977237,Success,CID452487,Mini,Chamarajpet,HSR Layout,154.0,45.0,Not Applicable,Not Applicable,No,Not Applicable,215,Cash,17,3.9,3.7
2024-07-06 04:56:00,CNR3979353655,Success,CID915334,eBike,Nagarbhavi,Sarjapur Road,280.0,95.0,Not Applicable,Not Applicable,No,Not Applicable,2546,Debit Card,18,3.5,3.2
2024-07-22 05:35:00,CNR8136537116,Success,CID643291,Prime SUV,Hulimavu,Koramangala,91.0,50.0,Not Applicable,Not Applicable,No,Not Applicable,405,Cash,26,3.6,3.2
2024-07-23 23:41:00,CNR3080098024,Success,CID789627,Prime SUV,Chickpet,RT Nagar,203.0,70.0,Not Applicable,Not Applicable,No,Not Applicable,158,UPI,38,3.8,3.7
2024-07-03 19:48:00,CNR9152817432,Success,CID886851,Prime SUV,Kadugodi,Bellandur,35.0,90.0,Not Applicable,Not Applicable,No,Not Applicable,461,Cash,17,4.3,3.6
2024-07-22 20:37:00,CNR4869617389,Canceled by Driver,CID503979,eBike,Kammanahalli,HSR Layout,,,Not Applicable,Personal & Car related issue,Not Applicable,Not Applicable,366,Not Applicable,0,,
2024-07-19 12:24:00,CNR8392673141,Success,CID942928,Prime SUV,Koramangala,Richmond Town,210.0,40.0,Not Applicable,Not Applicable,No,Not Applicable,570,UPI,19,3.9,4.9
2024-07-03 01:15:00,CNR5196882777,Success,CID237623,eBike,Bannerghatta Road,Devanahalli,287.0,120.0,Not Applicable,Not Applicable,No,Not Applicable,219,Cash,35,4.3,3.2
2024-07-15 17:16:00,CNR2545767146,Success,CID651295,Auto,Rajarajeshwari Nagar,Kadugodi,231.0,55.0,Not Applicable,Not Applicable,No,Not Applicable,329,Cash,8,4.2,4.4
2024-07-05 05:29:00,CNR8720861033,Success,CID619575,Mini,Bannerghatta Road,Majestic,231.0,30.0,Not Applicable,Not Applicable,No,Not Applicable,820,Cash,16,3.1,3.5
2024-07-26 03:55:00,CNR9710715181,Canceled by Customer,CID681013,Auto,Nagarbhavi,Ramamurthy Nagar,,,AC is Not working,Not Applicable,Not Applicable,Not Applicable,173,Not Applicable,0,,
2024-07-17 19:42:00,CNR9763710021,Success,CID940122,eBike,Shivajinagar,Vijayanagar,49.0,95.0,Not Applicable,Not Applicable,No,Not Applicable,661,UPI,3,5.0,3.8
2024-07-08 14:37:00,CNR4587870039,Canceled by Driver,CID857342,eBike,Hennur,Shivajinagar,,,Not Applicable,Customer related issue,Not Applicable,Not Applicable,298,Not Applicable,0,,
2024-07-27 06:54:00,CNR2829675690,Success,CID548780,Prime SUV,BTM Layout,Chickpet,42.0,100.0,Not Applicable,Not Applicable,No,Not Applicable,242,UPI,33,4.3,4.1
2024-07-18 02:55:00,CNR3924572668,Driver Not Found,CID942119,Bike,HSR Layout,Mysore Road,,,Not Applicable,Not Applicable,Not Applicable,Not Applicable,514,Not Applicable,0,,
2024-07-13 22:10:00,CNR9840460262,Success,CID131403,eBike,Basavanagudi,Bellandur,35.0,95.0,Not Applicable,Not Applicable,No,Not Applicable,405,Cash,47,4.0,4.6
2024-07-08 11:16:00,CNR7725603713,Canceled by Customer,CID162455,Prime Sedan,Padmanabhanagar,Sahakar Nagar,,,Driver is not moving towards pickup location,Not Applicable,Not Applicable,Not Applicable,355,Not Applicable,0,,
2024-07-25 19:38:00,CNR6386791211,Success,CID956961,Mini,MG Road,HSR Layout,266.0,125.0,Not Applicable,Not Applicable,No,Not Applicable,369,UPI,26,3.7,4.9
2024-07-06 02:45:00,CNR4023437414,Canceled by Customer,CID759796,Auto,Bellandur,Ramamurthy Nagar,,,Driver is not moving towards pickup location,Not Applicable,Not Applicable,Not Applicable,126,Not Applicable,0,,
2024-07-18 07:44:00,CNR8962870287,Success,CID242132,Auto,Hosur Road,Bellandur,238.0,40.0,Not Applicable,Not Applicable,No,Not Applicable,110,UPI,12,3.2,4.5
2024-07-20 03:03:00,CNR3466241831,Canceled by Customer,CID194098,eBike,Yelahanka,Shantinagar,,,AC is Not working,Not Applicable,Not Applicable,Not Applicable,2753,Not Applicable,0,,
2024-07-24 14:41:00,CNR4482328629,Success,CID224140,Bike,Bellandur,Jayanagar,280.0,95.0,Not Applicable,Not Applicable,No,Not Applicable,1704,UPI,41,3.6,4.2
2024-07-22 11:17:00,CNR9010430108,Success,CID907313,Prime Sedan,Koramangala,Basavanagudi,56.0,130.0,Not Applicable,Not Applicable,No,Not Applicable,414,UPI,32,3.9,4.3
2024-07-04 13:46:00,CNR5345886234,Canceled by Driver,CID585036,Prime SUV,JP Nagar,Kammanahalli,,,Not Applicable,Personal & Car related issue,Not Applicable,Not Applicable,482,Not Applicable,0,,
2024-07-22 22:16:00,CNR3392554836,Success,CID387736,Prime Plus,Vijayanagar,Kengeri,217.0,100.0,Not Applicable,Not Applicable,No,Not Applicable,128,UPI,17,3.9,3.8
2024-07-14 17:06:00,CNR8334222753,Driver Not Found,CID703616,Prime Plus,Sahakar Nagar,Chamarajpet,,,Not Applicable,Not Applicable,Not Applicable,Not Applicable,320,Not Applicable,0,,
2024-07-09 17:41:00,CNR8570358104,Success,CID854427,Prime Plus,Bellandur,BTM Layout,63.0,70.0,Not Applicable,Not Applicable,No,Not Applicable,491,UPI,8,3.2,4.1
2024-07-11 04:08:00,CNR4365050290,Driver Not Found,CID971159,Prime Plus,MG Road,RT Nagar,,,Not Applicable,Not Applicable,Not Applicable,Not Applicable,456,Not Applicable,0,,
2024-07-23 08:16:00,CNR4013234654,Canceled by Driver,CID882125,Mini,Padmanabhanagar,Yelahanka,,,Not Applicable,Customer related issue,Not Applicable,Not Applicable,368,Not Applicable,0,,
2024-07-01 21:38:00,CNR8143463575,Success,CID182486,Mini,Langford Town,KR Puram,280.0,85.0,Not Applicable,Not Applicable,No,Not Applicable,245,UPI,14,3.5,4.7
2024-07-30 01:11:00,CNR5869670550,Canceled by Customer,CID678588,Prime Sedan,Varthur,Electronic City,,,Change of plans,Not Applicable,Not Applicable,Not Applicable,193,Not Applicable,0,,
2024-07-29 19:41:00,CNR5334442542,Driver Not Found,CID235503,Auto,MG Road,Malleshwaram,,,Not Applicable,Not Applicable,Not Applicable,Not Applicable,405,Not Applicable,0,,
2024-07-08 17:20:00,CNR4146631846,Success,CID948547,Auto,Shantinagar,Malleshwaram,42.0,120.0,Not Applicable,Not Applicable,No,Not Applicable,331,Cash,16,3.8,4.5
2024-07-16 15:28:00,CNR7223647229,Success,CID806115,Prime Sedan,Majestic,Vijayanagar,301.0,50.0,Not Applicable,Not Applicable,No,Not Applicable,137,Credit Card,32,4.0,3.6
2024-07-22 13:03:00,CNR2548899611,Driver Not Found,CID328135,Bike,Hennur,Jayanagar,,,Not Applicable,Not Applicable,Not Applicable,Not Applicable,177,Not Applicable,0,,
2024-07-17 01:07:00,CNR3193889616,Success,CID267112,Auto,Marathahalli,Basavanagudi,133.0,40.0,Not Applicable,Not Applicable,No,Not Applicable,313,Cash,13,4.9,3.0
2024-07-18 09:16:00,CNR2304854291,Success,CID722869,eBike,RT Nagar,Ulsoor,224.0,55.0,Not Applicable,Not Applicable,No,Not Applicable,310,UPI,45,4.8,4.5
2024-07-05 18:16:00,CNR8494594434,Success,CID798629,Prime Sedan,Cox Town,Hosur Road,49.0,35.0,Not Applicable,Not Applicable,No,Not Applicable,300,Cash,45,4.9,3.6
2024-07-05 11:09:00,CNR6409352538,Canceled by Driver,CID537958,Auto,Nagarbhavi,Magadi Road,,,Not Applicable,Customer was coughing/sick,Not Applicable,Not Applicable,145,Not Applicable,0,,
2024-07-15 09:29:00,CNR9427451537,Success,CID919520,Prime SUV,Electronic City,Electronic City,119.0,65.0,Not Applicable,Not Applicable,No,Not Applicable,401,Cash,47,3.2,4.8
2024-07-19 04:41:00,CNR1953278625,Success,CID313743,Mini,Electronic City,Nagarbhavi,231.0,85.0,Not Applicable,Not Applicable,No,Not Applicable,581,UPI,9,3.7,4.6
2024-07-12 23:16:00,CNR4347777468,Success,CID167582,Auto,Yelahanka,Rajajinagar,224.0,145.0,Not Applicable,Not Applicable,No,Not Applicable,694,UPI,4,3.7,4.2
2024-07-16 02:13:00,CNR4969578252,Success,CID250028,Prime SUV,Basavanagudi,Vijayanagar,210.0,30.0,Not Applicable,Not Applicable,No,Not Applicable,1950,Cash,26,4.5,4.9
2024-07-16 02:06:00,CNR9432799148,Success,CID115257,eBike,JP Nagar,Kadugodi,182.0,70.0,Not Applicable,Not Applicable,No,Not Applicable,374,UPI,9,4.1,4.7
2024-07-14 06:56:00,CNR6715128844,Success,CID826406,Mini,Rajajinagar,Kengeri,182.0,25.0,Not Applicable,Not Applicable,No,Not Applicable,1375,UPI,11,4.4,4.9
2024-07-25 21:18:00,CNR1318919354,Success,CID294072,eBike,Sarjapur Road,Bellandur,147.0,90.0,Not Applicable,Not Applicable,No,Not Applicable,227,UPI,5,4.5,3.8
2024-07-25 05:30:00,CNR9478821279,Success,CID509632,Prime Plus,Bannerghatta Road,HSR Layout,252.0,100.0,Not Applicable,Not Applicable,No,Not Applicable,582,UPI,30,3.1,4.5
2024-07-12 17:29:00,CNR4525554995,Success,CID756385,Mini,Yeshwanthpur,Majestic,252.0,120.0,Not Applicable,Not Applicable,No,Not Applicable,632,UPI,36,4.3,3.7
2024-07-14 11:07:00,CNR4607247513,Success,CID797494,Prime Sedan,Varthur,Rajarajeshwari Nagar,175.0,125.0,Not Applicable,Not Applicable,No,Not Applicable,454,UPI,49,4.2,4.2
2024-07-13 15:33:00,CNR5442749386,Success,CID541734,Mini,Padmanabhanagar,Ulsoor,98.0,115.0,Not Applicable,Not Applicable,No,Not Applicable,261,UPI,4,3.1,3.1
2024-07-04 06:29:00,CNR9825319801,Canceled by Customer,CID647734,Prime Sedan,Langford Town,Rajajinagar,,,Wrong Address,Not Applicable,Not Applicable,Not Applicable,255,Not Applicable,0,,
2024-07-08 03:31:00,CNR1665568437,Success,CID329691,Auto,Ulsoor,HSR Layout,224.0,65.0,Not Applicable,Not Applicable,No,Not Applicable,396,UPI,5,3.4,3.7
2024-07-30 10:40:00,CNR4776293119,Success,CID154877,eBike,Yelahanka,Chickpet,91.0,35.0,Not Applicable,Not Applicable,No,Not Applicable,465,UPI,12,5.0,4.4
2024-07-23 04:04:00,CNR9565597850,Success,CID385607,Auto,HSR Layout,Shivajinagar,252.0,30.0,Not Applicable,Not Applicable,No,Not Applicable,1487,Cash,5,3.2,4.1
2024-07-01 05:14:00,CNR8698812597,Driver Not Found,CID585005,eBike,Malleshwaram,Jayanagar,,,Not Applicable,Not Applicable,Not Applicable,Not Applicable,1132,Not Applicable,0,,
2024-07-30 08:08:00,CNR4243798301,Success,CID536665,Prime Sedan,RT Nagar,Hulimavu,182.0,65.0,Not Applicable,Not Applicable,No,Not Applicable,670,UPI,12,4.7,3.7
2024-07-07 22:19:00,CNR7446584131,Success,CID622645,Prime Sedan,RT Nagar,Cox Town,161.0,130.0,Not Applicable,Not Applicable,No,Not Applicable,201,UPI,39,4.5,4.9
2024-07-30 06:18:00,CNR7054586637,Success,CID961845,Prime Sedan,RT Nagar,Sahakar Nagar,133.0,75.0,Not Applicable,Not Applicable,No,Not Applicable,326,UPI,1,3.7,4.2
2024-07-03 10:12:00,CNR5916266504,Success,CID450596,Prime Plus,Electronic City,Whitefield,126.0,120.0,Not Applicable,Not Applicable,No,Not Applicable,301,UPI,38,3.5,4.3
2024-07-07 11:47:00,CNR6460896029,Success,CID793622,Prime SUV,Varthur,Majestic,154.0,85.0,Not Applicable,Not Applicable,No,Not Applicable,108,UPI,19,4.1,3.3
2024-07-16 17:17:00,CNR4759714157,Success,CID138182,Auto,Ramamurthy Nagar,Banashankari,140.0,55.0,Not Applicable,Not Applicable,No,Not Applicable,305,Cash,15,4.3,4.4
2024-07-01 20:16:00,CNR6706931418,Success,CID390543,Prime SUV,Frazer Town,Kadugodi,210.0,45.0,Not Applicable,Not Applicable,Yes,Other Issue,102,Cash,47,3.2,3.4
2024-07-25 23:27:00,CNR3528846765,Success,CID796263,Auto,Tumkur Road,Hulimavu,266.0,115.0,Not Applicable,Not Applicable,No,Not Applicable,116,Cash,8,4.4,3.4
2024-07-08 23:35:00,CNR6578270293,Success,CID676771,Auto,Chamarajpet,Peenya,91.0,30.0,Not Applicable,Not Applicable,No,Not Applicable,419,UPI,11,4.3,3.9
2024-07-05 01:29:00,CNR2896036467,Canceled by Driver,CID366711,Mini,RT Nagar,Hennur,,,Not Applicable,Personal & Car related issue,Not Applicable,Not Applicable,972,Not Applicable,0,,
2024-07-12 22:41:00,CNR6273896548,Success,CID622910,Prime Sedan,Indiranagar,Varthur,308.0,60.0,Not Applicable,Not Applicable,No,Not Applicable,259,UPI,33,4.0,4.7
2024-07-04 16:57:00,CNR6687402791,Success,CID960830,Bike,Kammanahalli,Sahakar Nagar,84.0,105.0,Not Applicable,Not Applicable,No,Not Applicable,123,UPI,11,3.8,4.9
2024-07-19 06:55:00,CNR5725534598,Success,CID124474,Mini,Rajajinagar,Sahakar Nagar,77.0,55.0,Not Applicable,Not Applicable,No,Not Applicable,326,UPI,41,3.2,3.4
2024-07-18 06:14:00,CNR1812798449,Canceled by Customer,CID149416,Prime Sedan,Kammanahalli,Richmond Town,,,Driver is not moving towards pickup location,Not Applicable,Not Applicable,Not Applicable,402,Not Applicable,0,,
2024-07-08 00:27:00,CNR2169517612,Success,CID603971,Auto,Chamarajpet,Vijayanagar,301.0,45.0,Not Applicable,Not Applicable,No,Not Applicable,118,Cash,2,4.6,3.8
2024-07-06 04:49:00,CNR9771880335,Success,CID646620,Auto,Chamarajpet,Chamarajpet,154.0,95.0,Not Applicable,Not Applicable,No,Not Applicable,312,Cash,19,4.1,3.4
2024-07-27 19:43:00,CNR4859325518,Driver Not Found,CID413662,Bike,Kadugodi,Vijayanagar,,,Not Applicable,Not Applicable,Not Applicable,Not Applicable,170,Not Applicable,0,,
2024-07-01 02:23:00,CNR5435969435,Success,CID668663,Prime Sedan,Ulsoor,Banashankari,35.0,130.0,Not Applicable,Not Applicable,No,Not Applicable,2414,UPI,46,3.6,3.2
2024-07-25 08:22:00,CNR5212111950,Success,CID191529,Prime Plus,Sarjapur Road,Sarjapur Road,308.0,75.0,Not Applicable,Not Applicable,Yes,Other Issue,345,Cash,3,3.2,4.5
2024-07-10 15:24:00,CNR1886261287,Success,CID220411,Prime SUV,Basavanagudi,Kengeri,210.0,135.0,Not Applicable,Not Applicable,No,Not Applicable,2567,UPI,43,3.5,4.6
2024-07-15 15:34:00,CNR3918921738,Success,CID851934,Prime SUV,Ramamurthy Nagar,Kammanahalli,63.0,110.0,Not Applicable,Not Applicable,No,Not Applicable,295,Cash,25,4.6,3.6
2024-07-28 04:05:00,CNR6507025291,Success,CID265129,Prime Plus,Yelahanka,Hennur,203.0,55.0,Not Applicable,Not Applicable,No,Not Applicable,307,Cash,28,3.0,4.3
2024-07-17 13:04:00,CNR3736515131,Success,CID423595,Prime Sedan,Nagarbhavi,Shivajinagar,49.0,30.0,Not Applicable,Not Applicable,No,Not Applicable,158,UPI,5,3.2,3.9
2024-07-01 18:00:00,CNR7393737724,Canceled by Driver,CID964735,Prime SUV,Banashankari,RT Nagar,,,Not Applicable,Customer related issue,Not Applicable,Not Applicable,208,Not Applicable,0,,
2024-07-14 06:55:00,CNR1153175304,Canceled by Driver,CID262509,Prime Plus,Peenya,Ramamurthy Nagar,,,Not Applicable,Customer was coughing/sick,Not Applicable,Not Applicable,103,Not Applicable,0,,
2024-07-29 04:47:00,CNR3481771462,Success,CID357453,Prime Sedan,Cox Town,Nagarbhavi,301.0,25.0,Not Applicable,Not Applicable,No,Not Applicable,722,Cash,41,4.5,4.3
2024-07-18 07:37:00,CNR5608323604,Success,CID392673,eBike,Nagarbhavi,Peenya,245.0,85.0,Not Applicable,Not Applicable,No,Not Applicable,170,Credit Card,16,4.3,4.2
2024-07-25 10:35:00,CNR7383520086,Canceled by Driver,CID392169,Prime Plus,Langford Town,MG Road,,,Not Applicable,Personal & Car related issue,Not Applicable,Not Applicable,2070,Not Applicable,0,,
2024-07-02 03:04:00,CNR9256145296,Success,CID622978,Auto,Indiranagar,Cox Town,252.0,125.0,Not Applicable,Not Applicable,No,Not Applicable,403,UPI,8,3.8,3.0
2024-07-29 21:33:00,CNR1900818842,Success,CID243290,eBike,JP Nagar,Shivajinagar,91.0,60.0,Not Applicable,Not Applicable,No,Not Applicable,895,UPI,45,4.2,3.2
2024-07-26 05:47:00,CNR2017373226,Driver Not Found,CID585621,Prime Plus,Peenya,Sarjapur Road,,,Not Applicable,Not Applicable,Not Applicable,Not Applicable,355,Not Applicable,0,,
2024-07-30 05:26:00,CNR9766430461,Success,CID877290,Mini,Hebbal,Rajarajeshwari Nagar,161.0,60.0,Not Applicable,Not Applicable,No,Not Applicable,246,Cash,47,3.4,4.5
2024-07-16 05:21:00,CNR9290989651,Canceled by Customer,CID204916,Mini,Electronic City,Whitefield,,,Wrong Address,Not Applicable,Not Applicable,Not Applicable,861,Not Applicable,0,,
2024-07-30 07:59:00,CNR6714511071,Success,CID362727,Prime SUV,Rajarajeshwari Nagar,Kadugodi,105.0,85.0,Not Applicable,Not Applicable,No,Not Applicable,317,UPI,23,4.5,4.7
2024-07-12 07:34:00,CNR9766817032,Driver Not Found,CID889253,Prime Plus,HSR Layout,MG Road,,,Not Applicable,Not Applicable,Not Applicable,Not Applicable,125,Not Applicable,0,,
2024-07-20 07:15:00,CNR7859356875,Canceled by Driver,CID240328,eBike,BTM Layout,Langford Town,,,Not Applicable,Customer related issue,Not Applicable,Not Applicable,499,Not Applicable,0,,
2024-07-14 06:47:00,CNR7629462502,Canceled by Customer,CID525418,Bike,Hennur,Hennur,,,AC is Not working,Not Applicable,Not Applicable,Not Applicable,282,Not Applicable,0,,
2024-07-30 10:55:00,CNR3185486416,Success,CID381648,Auto,Richmond Town,Richmond Town,238.0,110.0,Not Applicable,Not Applicable,No,Not Applicable,171,UPI,8,3.1,4.8
2024-07-19 21:39:00,CNR7674483811,Driver Not Found,CID946927,Prime SUV,Ramamurthy Nagar,Jayanagar,,,Not Applicable,Not Applicable,Not Applicable,Not Applicable,297,Not Applicable,0,,
2024-07-13 20:33:00,CNR9912930537,Success,CID870158,Bike,Tumkur Road,Ulsoor,168.0,60.0,Not Applicable,Not Applicable,No,Not Applicable,466,Cash,28,4.6,3.9
2024-07-14 19:41:00,CNR4008082736,Success,CID425486,Mini,Malleshwaram,JP Nagar,119.0,40.0,Not Applicable,Not Applicable,No,Not Applicable,765,UPI,1,3.1,4.5
2024-07-24 19:51:00,CNR9993433933,Success,CID500621,Prime SUV,Richmond Town,Ulsoor,301.0,105.0,Not Applicable,Not Applicable,No,Not Applicable,121,Cash,21,4.7,3.6
2024-07-12 23:17:00,CNR7145404482,Canceled by Driver,CID289455,Prime Sedan,Kammanahalli,Padmanabhanagar,,,Not Applicable,Customer related issue,Not Applicable,Not Applicable,103,Not Applicable,0,,
2024-07-29 09:57:00,CNR3019576418,Canceled by Customer,CID742058,eBike,MG Road,Banashankari,,,Driver asked to cancel,Not Applicable,Not Applicable,Not Applicable,141,Not Applicable,0,,
2024-07-02 19:16:00,CNR3811179245,Success,CID142448,eBike,Ramamurthy Nagar,Electronic City,98.0,110.0,Not Applicable,Not Applicable,No,Not Applicable,2062,UPI,2,4.8,4.6
2024-07-22 01:27:00,CNR8028430467,Success,CID880168,Prime Sedan,Tumkur Road,Tumkur Road,210.0,145.0,Not Applicable,Not Applicable,No,Not Applicable,981,UPI,20,4.9,4.1
2024-07-06 12:12:00,CNR9446768378,Success,CID371945,Prime SUV,Yeshwanthpur,Malleshwaram,189.0,110.0,Not Applicable,Not Applicable,No,Not Applicable,744,UPI,13,4.2,3.8
2024-07-30 00:35:00,CNR4266177963,Success,CID163099,Prime Plus,Yelahanka,HSR Layout,140.0,80.0,Not Applicable,Not Applicable,No,Not Applicable,488,Cash,25,3.3,4.7
2024-07-15 19:23:00,CNR3031284787,Driver Not Found,CID271839,Prime Sedan,Bannerghatta Road,KR Puram,,,Not Applicable,Not Applicable,Not Applicable,Not Applicable,369,Not Applicable,0,,
2024-07-13 22:50:00,CNR5379257100,Canceled by Driver,CID484133,Bike,Hennur,BTM Layout,,,Not Applicable,Personal & Car related issue,Not Applicable,Not Applicable,463,Not Applicable,0,,
2024-07-02 07:11:00,CNR1912602381,Success,CID432469,Bike,Chamarajpet,Chickpet,119.0,65.0,Not Applicable,Not Applicable,No,Not Applicable,397,UPI,36,4.2,4.8
2024-07-06 23:59:00,CNR6826026878,Canceled by Customer,CID680187,Bike,Basavanagudi,KR Puram,,,Change of plans,Not Applicable,Not Applicable,Not Applicable,359,Not Applicable,0,,
2024-07-23 00:29:00,CNR9775457227,Success,CID201045,eBike,Hebbal,Majestic,259.0,140.0,Not Applicable,Not Applicable,No,Not Applicable,139,Cash,32,3.9,3.3
2024-07-25 22:30:00,CNR1176788110,Canceled by Driver,CID753893,Bike,Hulimavu,Majestic,,,Not Applicable,Personal & Car related issue,Not Applicable,Not Applicable,1936,Not Applicable,0,,
2024-07-27 07:01:00,CNR7282497419,Success,CID749939,Auto,Bannerghatta Road,MG Road,168.0,105.0,Not Applicable,Not Applicable,No,Not Applicable,122,Cash,16,4.9,3.6
2024-07-25 07:40:00,CNR4443711111,Canceled by Customer,CID592771,Prime Plus,Banashankari,Ulsoor,,,Driver asked to cancel,Not Applicable,Not Applicable,Not Applicable,228,Not Applicable,0,,
2024-07-01 02:45:00,CNR8071407680,Canceled by Driver,CID786582,Prime Plus,Shivajinagar,RT Nagar,,,Not Applicable,Personal & Car related issue,Not Applicable,Not Applicable,276,Not Applicable,0,,
2024-07-21 08:04:00,CNR8239318531,Success,CID464741,Bike,Langford Town,Mysore Road,119.0,105.0,Not Applicable,Not Applicable,No,Not Applicable,884,Cash,40,3.4,3.7
2024-07-11 15:14:00,CNR7209488537,Canceled by Driver,CID641697,Prime SUV,Langford Town,Whitefield,,,Not Applicable,Personal & Car related issue,Not Applicable,Not Applicable,441,Not Applicable,0,,
2024-07-28 05:56:00,CNR4645147103,Canceled by Customer,CID171777,Bike,Frazer Town,Malleshwaram,,,Change of plans,Not Applicable,Not Applicable,Not Applicable,145,Not Applicable,0,,
2024-07-28 14:27:00,CNR4363875657,Success,CID885905,Mini,KR Puram,Mysore Road,91.0,135.0,Not Applicable,Not Applicable,No,Not Applicable,929,Cash,2,4.4,4.0
2024-07-17 09:42:00,CNR3515751328,Canceled by Driver,CID794839,Mini,Chamarajpet,JP Nagar,,,Not Applicable,More than permitted people in there,Not Applicable,Not Applicable,292,Not Applicable,0,,
2024-07-05 05:05:00,CNR8244802232,Success,CID390181,Mini,MG Road,Rajarajeshwari Nagar,252.0,130.0,Not Applicable,Not Applicable,No,Not Applicable,238,Cash,38,4.0,4.8
2024-07-02 12:53:00,CNR9580592000,Canceled by Customer,CID583043,Auto,Whitefield,Tumkur Road,,,Driver is not moving towards pickup location,Not Applicable,Not Applicable,Not Applicable,127,Not Applicable,0,,
2024-07-20 04:32:00,CNR1333985221,Driver Not Found,CID788914,Prime SUV,Tumkur Road,Yeshwanthpur,,,Not Applicable,Not Applicable,Not Applicable,Not Applicable,397,Not Applicable,0,,
2024-07-14 19:38:00,CNR5846465879,Canceled by Driver,CID706200,Mini,Rajajinagar,Hebbal,,,Not Applicable,Personal & Car related issue,Not Applicable,Not Applicable,374,Not Applicable,0,,
2024-07-05 06:34:00,CNR7820671809,Driver Not Found,CID929977,Bike,Mysore Road,Yeshwanthpur,,,Not Applicable,Not Applicable,Not Applicable,Not Applicable,465,Not Applicable,0,,
2024-07-14 01:32:00,CNR1444230333,Canceled by Customer,CID693283,Bike,Ulsoor,MG Road,,,AC is Not working,Not Applicable,Not Applicable,Not Applicable,303,Not Applicable,0,,
2024-07-19 02:12:00,CNR4665666408,Canceled by Customer,CID883597,Auto,Basavanagudi,Cox Town,,,AC is Not working,Not Applicable,Not Applicable,Not Applicable,370,Not Applicable,0,,
2024-07-28 15:59:00,CNR2992078933,Success,CID566616,eBike,Hosur Road,Bellandur,140.0,25.0,Not Applicable,Not Applicable,No,Not Applicable,468,Cash,12,4.7,3.7
2024-07-14 19:02:00,CNR1739595188,Success,CID378194,Auto,Hosur Road,Hennur,231.0,30.0,Not Applicable,Not Applicable,No,Not Applicable,369,UPI,10,4.4,3.9
2024-07-24 08:21:00,CNR7987542525,Driver Not Found,CID733379,Bike,Indiranagar,Kengeri,,,Not Applicable,Not Applicable,Not Applicable,Not Applicable,810,Not Applicable,0,,
2024-07-08 04:43:00,CNR5069471448,Success,CID191870,Bike,Chickpet,Chickpet,147.0,105.0,Not Applicable,Not Applicable,No,Not Applicable,119,UPI,20,3.1,3.5
2024-07-23 15:35:00,CNR6195634509,Canceled by Customer,CID965287,Mini,Rajarajeshwari Nagar,Whitefield,,,Change of plans,Not Applicable,Not Applicable,Not Applicable,317,Not Applicable,0,,
2024-07-12 01:44:00,CNR1570457406,Canceled by Driver,CID454716,Bike,Yelahanka,Ramamurthy Nagar,,,Not Applicable,More than permitted people in there,Not Applicable,Not Applicable,252,Not Applicable,0,,
2024-07-21 03:54:00,CNR3979544520,Success,CID809002,Auto,Nagarbhavi,Yelahanka,112.0,145.0,Not Applicable,Not Applicable,No,Not Applicable,724,Cash,9,3.8,4.3
2024-07-20 11:54:00,CNR7947273660,Success,CID994566,Prime Plus,Indiranagar,Kadugodi,294.0,30.0,Not Applicable,Not Applicable,No,Not Applicable,103,Cash,44,4.3,4.3
2024-07-12 10:04:00,CNR6887729088,Canceled by Driver,CID985973,Prime Sedan,RT Nagar,Nagarbhavi,,,Not Applicable,More than permitted people in there,Not Applicable,Not Applicable,723,Not Applicable,0,,
2024-07-02 10:47:00,CNR8094063171,Success,CID405287,Mini,Kadugodi,Cox Town,308.0,40.0,Not Applicable,Not Applicable,No,Not Applicable,343,Cash,27,3.1,3.7
2024-07-27 17:24:00,CNR5693478779,Success,CID850397,Bike,RT Nagar,Kengeri,182.0,70.0,Not Applicable,Not Applicable,No,Not Applicable,217,UPI,34,4.7,3.2
2024-07-16 09:11:00,CNR3591904901,Success,CID946894,Prime SUV,JP Nagar,Hebbal,154.0,100.0,Not Applicable,Not Applicable,No,Not Applicable,459,UPI,21,4.1,3.0
2024-07-15 06:51:00,CNR4526882301,Success,CID565897,Prime SUV,Basavanagudi,Bellandur,308.0,85.0,Not Applicable,Not Applicable,No,Not Applicable,482,UPI,18,3.4,4.2
2024-07-13 11:48:00,CNR6531207873,Success,CID856940,Mini,Cox Town,Ulsoor,119.0,110.0,Not Applicable,Not Applicable,No,Not Applicable,490,Cash,9,3.8,4.5
2024-07-28 07:10:00,CNR2083605276,Canceled by Customer,CID530361,Auto,Devanahalli,Chamarajpet,,,Driver asked to cancel,Not Applicable,Not Applicable,Not Applicable,396,Not Applicable,0,,
2024-07-21 02:13:00,CNR3318584916,Success,CID550031,Prime Sedan,Indiranagar,BTM Layout,112.0,75.0,Not Applicable,Not Applicable,No,Not Applicable,205,Cash,19,4.7,4.8
2024-07-11 23:23:00,CNR1637776988,Driver Not Found,CID936088,Prime Sedan,Devanahalli,KR Puram,,,Not Applicable,Not Applicable,Not Applicable,Not Applicable,442,Not Applicable,0,,
2024-07-18 00:59:00,CNR5064058016,Driver Not Found,CID906479,Auto,Koramangala,Rajajinagar,,,Not Applicable,Not Applicable,Not Applicable,Not Applicable,306,Not Applicable,0,,
2024-07-02 10:09:00,CNR1106056605,Success,CID604730,Bike,Jayanagar,Sarjapur Road,112.0,80.0,Not Applicable,Not Applicable,No,Not Applicable,394,Cash,40,4.2,3.4
2024-07-27 12:55:00,CNR8684812054,Success,CID528186,Prime Sedan,Bellandur,Rajarajeshwari Nagar,273.0,145.0,Not Applicable,Not Applicable,No,Not Applicable,324,UPI,45,4.2,4.3
2024-07-13 15:12:00,CNR4428823536,Success,CID122008,Prime Plus,Rajarajeshwari Nagar,Marathahalli,42.0,65.0,Not Applicable,Not Applicable,No,Not Applicable,484,Cash,47,4.3,3.7
2024-07-01 03:45:00,CNR5722772600,Success,CID518469,Prime SUV,Bellandur,Majestic,49.0,80.0,Not Applicable,Not Applicable,No,Not Applicable,2098,Cash,41,3.6,4.9
2024-07-21 03:45:00,CNR9745804489,Success,CID695407,Mini,RT Nagar,Hebbal,210.0,35.0,Not Applicable,Not Applicable,Yes,Other Issue,674,UPI,27,4.0,4.5
2024-07-01 12:36:00,CNR7925044253,Success,CID418865,Bike,Devanahalli,Hulimavu,224.0,35.0,Not Applicable,Not Applicable,No,Not Applicable,460,UPI,10,3.6,3.3
2024-07-16 08:01:00,CNR8997603374,Success,CID870380,Prime Plus,Jayanagar,HSR Layout,273.0,105.0,Not Applicable,Not Applicable,No,Not Applicable,471,Cash,19,3.7,3.5
2024-07-19 20:43:00,CNR7167795675,Canceled by Driver,CID701828,Auto,Sarjapur Road,Hulimavu,,,Not Applicable,Customer was coughing/sick,Not Applicable,Not Applicable,145,Not Applicable,0,,
2024-07-09 02:03:00,CNR5266055676,Success,CID677853,Prime Plus,Jayanagar,Rajajinagar,273.0,30.0,Not Applicable,Not Applicable,No,Not Applicable,102,Cash,10,4.3,3.0
2024-07-05 08:49:00,CNR3159104170,Canceled by Customer,CID720439,Bike,Kadugodi,Banashankari,,,AC is Not working,Not Applicable,Not Applicable,Not Applicable,329,Not Applicable,0,,
2024-07-13 18:16:00,CNR9421534420,Success,CID293495,Bike,Kadugodi,JP Nagar,147.0,50.0,Not Applicable,Not Applicable,No,Not Applicable,421,Cash,36,3.4,3.5
2024-07-29 11:25:00,CNR9505641119,Success,CID336298,Bike,Bellandur,Koramangala,280.0,120.0,Not Applicable,Not Applicable,No,Not Applicable,1119,UPI,33,3.5,3.9
2024-07-25 08:57:00,CNR8111233901,Success,CID602107,Bike,Chickpet,Whitefield,273.0,30.0,Not Applicable,Not Applicable,No,Not Applicable,229,UPI,44,4.3,4.8
2024-07-13 03:22:00,CNR9911855484,Canceled by Customer,CID197709,Auto,Shivajinagar,Sahakar Nagar,,,Change of plans,Not Applicable,Not Applicable,Not Applicable,366,Not Applicable,0,,
2024-07-19 21:50:00,CNR9099353887,Canceled by Customer,CID450848,Mini,Vijayanagar,Sahakar Nagar,,,Driver is not moving towards pickup location,Not Applicable,Not Applicable,Not Applicable,409,Not Applicable,0,,
2024-07-02 14:54:00,CNR9496027616,Success,CID187241,Bike,Bannerghatta Road,Varthur,189.0,145.0,Not Applicable,Not Applicable,No,Not Applicable,132,Cash,26,4.4,3.9
2024-07-28 15:33:00,CNR5585816914,Success,CID902714,Auto,Padmanabhanagar,Mysore Road,245.0,130.0,Not Applicable,Not Applicable,No,Not Applicable,420,Cash,15,3.2,3.7
2024-07-29 15:45:00,CNR1596197460,Canceled by Driver,CID436282,Prime SUV,Kammanahalli,Shivajinagar,,,Not Applicable,Customer related issue,Not Applicable,Not Applicable,975,Not Applicable,0,,
2024-07-22 13:19:00,CNR6810877901,Canceled by Customer,CID970587,Prime SUV,Bellandur,Jayanagar,,,Driver is not moving towards pickup location,Not Applicable,Not Applicable,Not Applicable,296,Not Applicable,0,,
2024-07-06 04:37:00,CNR4920003460,Canceled by Driver,CID561174,Prime Sedan,JP Nagar,Peenya,,,Not Applicable,Personal & Car related issue,Not Applicable,Not Applicable,185,Not Applicable,0,,
2024-07-22 04:30:00,CNR8843616510,Success,CID688595,Prime Sedan,Padmanabhanagar,Rajajinagar,175.0,60.0,Not Applicable,Not Applicable,No,Not Applicable,375,UPI,20,3.1,3.4
2024-07-04 02:58:00,CNR5533694942,Success,CID504418,Auto,Rajajinagar,RT Nagar,147.0,55.0,Not Applicable,Not Applicable,No,Not Applicable,186,Cash,2,4.8,3.6
2024-07-12 03:07:00,CNR7512475583,Success,CID470429,Bike,Peenya,Hennur,231.0,90.0,Not Applicable,Not Applicable,Yes,Customer Demand,390,Cash,43,3.6,4.2
2024-07-30 08:24:00,CNR8743065867,Success,CID231770,Prime SUV,Shivajinagar,Hosur Road,140.0,80.0,Not Applicable,Not Applicable,No,Not Applicable,1886,Cash,18,4.5,3.2
2024-07-01 07:14:00,CNR7729126220,Success,CID521523,Auto,RT Nagar,Chickpet,231.0,100.0,Not Applicable,Not Applicable,No,Not Applicable,164,Cash,4,3.3,3.7
2024-07-18 17:27:00,CNR7410685575,Success,CID984730,Prime SUV,Magadi Road,Tumkur Road,56.0,70.0,Not Applicable,Not Applicable,No,Not Applicable,271,UPI,7,3.6,3.9
2024-07-13 03:07:00,CNR7128683771,Success,CID228941,Bike,Majestic,Ramamurthy Nagar,280.0,50.0,Not Applicable,Not Applicable,No,Not Applicable,148,Cash,43,3.5,3.4
2024-07-26 07:01:00,CNR2317113272,Success,CID655286,Bike,Hulimavu,Electronic City,126.0,105.0,Not Applicable,Not Applicable,No,Not Applicable,265,UPI,11,4.0,3.8
2024-07-10 09:47:00,CNR1018204017,Success,CID413356,eBike,RT Nagar,Electronic City,168.0,115.0,Not Applicable,Not Applicable,No,Not Applicable,1629,Cash,26,3.5,3.5
2024-07-12 04:12:00,CNR6170115370,Success,CID626942,eBike,Banashankari,MG Road,252.0,60.0,Not Applicable,Not Applicable,No,Not Applicable,482,Cash,29,4.6,3.3
2024-07-21 11:20:00,CNR7914198665,Success,CID147217,Prime Plus,Marathahalli,Chamarajpet,35.0,85.0,Not Applicable,Not Applicable,No,Not Applicable,240,UPI,41,3.7,3.3
2024-07-22 16:03:00,CNR2805422189,Success,CID614505,Bike,Hennur,Sarjapur Road,217.0,135.0,Not Applicable,Not Applicable,No,Not Applicable,693,Cash,12,4.2,3.5
2024-07-30 15:32:00,CNR9162844719,Success,CID890431,Mini,Kammanahalli,Langford Town,105.0,45.0,Not Applicable,Not Applicable,No,Not Applicable,438,Credit Card,7,3.2,3.4
2024-07-14 01:48:00,CNR6346389689,Success,CID701521,Bike,Hosur Road,MG Road,189.0,45.0,Not Applicable,Not Applicable,No,Not Applicable,918,UPI,25,4.7,3.4
2024-07-02 04:13:00,CNR5969416096,Success,CID476144,Prime SUV,Hulimavu,Vijayanagar,35.0,55.0,Not Applicable,Not Applicable,No,Not Applicable,454,Cash,19,4.5,4.8
2024-07-06 22:43:00,CNR2902103702,Success,CID808119,Prime SUV,Mysore Road,Mysore Road,287.0,45.0,Not Applicable,Not Applicable,No,Not Applicable,447,Cash,42,5.0,3.8
2024-07-03 01:09:00,CNR6901178687,Success,CID404824,eBike,Electronic City,Kengeri,287.0,55.0,Not Applicable,Not Applicable,No,Not Applicable,422,UPI,30,3.2,4.6
2024-07-07 23:42:00,CNR4692728225,Driver Not Found,CID974197,Prime Sedan,Jayanagar,BTM Layout,,,Not Applicable,Not Applicable,Not Applicable,Not Applicable,479,Not Applicable,0,,
2024-07-10 07:08:00,CNR3531116105,Success,CID765102,Prime Plus,Ramamurthy Nagar,Devanahalli,140.0,130.0,Not Applicable,Not Applicable,No,Not Applicable,388,Cash,45,4.5,4.3
2024-07-27 16:13:00,CNR2061317637,Success,CID277737,eBike,Shivajinagar,Vijayanagar,161.0,45.0,Not Applicable,Not Applicable,No,Not Applicable,204,Cash,35,4.0,3.9
2024-07-12 05:05:00,CNR6412130817,Canceled by Customer,CID170242,Auto,Peenya,Sahakar Nagar,,,Driver is not moving towards pickup location,Not Applicable,Not Applicable,Not Applicable,546,Not Applicable,0,,
2024-07-30 08:35:00,CNR3750765421,Success,CID341928,Prime Plus,Indiranagar,Electronic City,126.0,85.0,Not Applicable,Not Applicable,No,Not Applicable,419,Cash,48,3.8,3.3
2024-07-18 21:28:00,CNR3968304012,Success,CID672228,Auto,Padmanabhanagar,Langford Town,203.0,90.0,Not Applicable,Not Applicable,No,Not Applicable,431,UPI,2,3.7,5.0
2024-07-08 14:14:00,CNR1709272169,Success,CID684519,eBike,Shantinagar,RT Nagar,182.0,45.0,Not Applicable,Not Applicable,No,Not Applicable,333,Cash,46,4.8,3.5
2024-07-29 23:58:00,CNR2926457608,Success,CID130665,eBike,Rajajinagar,Malleshwaram,154.0,25.0,Not Applicable,Not Applicable,No,Not Applicable,379,Credit Card,17,3.3,4.5
2024-07-30 06:22:00,CNR2523825332,Driver Not Found,CID211610,Prime SUV,Padmanabhanagar,Padmanabhanagar,,,Not Applicable,Not Applicable,Not Applicable,Not Applicable,199,Not Applicable,0,,
2024-07-22 22:58:00,CNR3277702938,Canceled by Customer,CID550620,eBike,Yelahanka,Chamarajpet,,,Change of plans,Not Applicable,Not Applicable,Not Applicable,793,Not Applicable,0,,
2024-07-14 19:22:00,CNR7570656315,Driver Not Found,CID456576,Prime Sedan,Chickpet,Kadugodi,,,Not Applicable,Not Applicable,Not Applicable,Not Applicable,164,Not Applicable,0,,
2024-07-27 03:06:00,CNR7600547368,Success,CID173427,Bike,Banashankari,Hennur,70.0,85.0,Not Applicable,Not Applicable,No,Not Applicable,196,Cash,41,3.2,3.5
2024-07-09 23:48:00,CNR8923076339,Success,CID234627,Prime Plus,Rajarajeshwari Nagar,Nagarbhavi,175.0,85.0,Not Applicable,Not Applicable,No,Not Applicable,188,Cash,35,4.3,4.8
2024-07-12 02:33:00,CNR7970905854,Success,CID726443,Prime SUV,Shantinagar,Ramamurthy Nagar,84.0,145.0,Not Applicable,Not Applicable,No,Not Applicable,600,Cash,27,3.2,5.0
2024-07-09 19:36:00,CNR6098753890,Success,CID497823,Prime Sedan,Bellandur,Yeshwanthpur,154.0,95.0,Not Applicable,Not Applicable,No,Not Applicable,105,UPI,24,3.7,4.3
2024-07-27 22:39:00,CNR1496637739,Success,CID463389,Prime SUV,Hosur Road,Jayanagar,63.0,120.0,Not Applicable,Not Applicable,No,Not Applicable,249,UPI,49,3.6,3.3
2024-07-14 12:49:00,CNR4034466435,Success,CID599713,Prime SUV,Yeshwanthpur,JP Nagar,189.0,70.0,Not Applicable,Not Applicable,No,Not Applicable,324,UPI,2,3.3,3.2
2024-07-21 05:01:00,CNR4236942727,Canceled by Driver,CID961712,Auto,Varthur,JP Nagar,,,Not Applicable,More than permitted people in there,Not Applicable,Not Applicable,416,Not Applicable,0,,
2024-07-22 15:54:00,CNR8685648417,Canceled by Customer,CID432667,eBike,JP Nagar,Shivajinagar,,,AC is Not working,Not Applicable,Not Applicable,Not Applicable,183,Not Applicable,0,,
2024-07-14 22:04:00,CNR2114090060,Success,CID656149,Prime SUV,Koramangala,Chickpet,217.0,95.0,Not Applicable,Not Applicable,No,Not Applicable,472,UPI,37,4.1,4.6
2024-07-02 13:37:00,CNR2175058176,Canceled by Customer,CID685938,Auto,Cox Town,Vijayanagar,,,Driver asked to cancel,Not Applicable,Not Applicable,Not Applicable,433,Not Applicable,0,,
2024-07-15 09:04:00,CNR6625815864,Canceled by Driver,CID167999,Bike,Bellandur,Langford Town,,,Not Applicable,More than permitted people in there,Not Applicable,Not Applicable,994,Not Applicable,0,,
2024-07-04 03:18:00,CNR7864415261,Canceled by Driver,CID828006,Prime SUV,Marathahalli,Bellandur,,,Not Applicable,Personal & Car related issue,Not Applicable,Not Applicable,790,Not Applicable,0,,
2024-07-05 12:02:00,CNR5541577786,Success,CID844562,Mini,Yeshwanthpur,Ulsoor,84.0,145.0,Not Applicable,Not Applicable,No,Not Applicable,214,UPI,2,4.5,5.0
2024-07-09 20:14:00,CNR1805874574,Success,CID868024,eBike,Kadugodi,KR Puram,42.0,120.0,Not Applicable,Not Applicable,No,Not Applicable,212,Cash,2,3.6,3.7
2024-07-08 04:43:00,CNR4000316789,Canceled by Driver,CID952021,Prime Plus,Ulsoor,Sarjapur Road,,,Not Applicable,Personal & Car related issue,Not Applicable,Not Applicable,157,Not Applicable,0,,
2024-07-10 15:47:00,CNR1446681402,Success,CID549802,Auto,Banashankari,Banashankari,294.0,30.0,Not Applicable,Not Applicable,No,Not Applicable,707,UPI,17,3.4,3.4
2024-07-18 00:51:00,CNR6757767131,Success,CID624124,Auto,Rajajinagar,Yeshwanthpur,203.0,80.0,Not Applicable,Not Applicable,No,Not Applicable,157,Cash,11,4.9,3.7
2024-07-23 07:17:00,CNR3487415749,Canceled by Customer,CID183027,Prime SUV,Kadugodi,Malleshwaram,,,Change of plans,Not Applicable,Not Applicable,Not Applicable,160,Not Applicable,0,,
2024-07-10 20:53:00,CNR1407473701,Success,CID710458,Bike,Rajajinagar,Yelahanka,294.0,40.0,Not Applicable,Not Applicable,Yes,Vehicle Breakdown,337,Cash,3,4.7,5.0
2024-07-19 19:47:00,CNR2535938461,Canceled by Driver,CID751960,Prime SUV,Marathahalli,Vijayanagar,,,Not Applicable,Personal & Car related issue,Not Applicable,Not Applicable,103,Not Applicable,0,,
2024-07-09 05:32:00,CNR1593502831,Canceled by Driver,CID153924,eBike,BTM Layout,Rajarajeshwari Nagar,,,Not Applicable,Customer related issue,Not Applicable,Not Applicable,463,Not Applicable,0,,
2024-07-17 11:47:00,CNR7660265731,Success,CID369821,Prime Sedan,Shantinagar,Bellandur,56.0,25.0,Not Applicable,Not Applicable,No,Not Applicable,1869,UPI,23,4.1,3.9
2024-07-27 15:17:00,CNR8161395292,Success,CID971915,Prime SUV,Varthur,Jayanagar,119.0,50.0,Not Applicable,Not Applicable,No,Not Applicable,488,UPI,2,3.9,4.1
2024-07-02 18:38:00,CNR4600032470,Success,CID884034,Prime Plus,Devanahalli,Hennur,91.0,115.0,Not Applicable,Not Applicable,No,Not Applicable,943,Cash,39,4.9,3.9
2024-07-04 05:47:00,CNR7445478534,Canceled by Driver,CID901003,Bike,Magadi Road,Vijayanagar,,,Not Applicable,Personal & Car related issue,Not Applicable,Not Applicable,2964,Not Applicable,0,,
2024-07-16 22:10:00,CNR1517304293,Success,CID317942,eBike,Hennur,Hulimavu,147.0,25.0,Not Applicable,Not Applicable,No,Not Applicable,834,Cash,16,4.9,3.6
2024-07-14 20:50:00,CNR9824177833,Canceled by Driver,CID365820,Prime Plus,Hebbal,Whitefield,,,Not Applicable,Personal & Car related issue,Not Applicable,Not Applicable,279,Not Applicable,0,,
2024-07-22 12:30:00,CNR4357195825,Canceled by Driver,CID990501,Mini,Yeshwanthpur,Bannerghatta Road,,,Not Applicable,Customer related issue,Not Applicable,Not Applicable,1401,Not Applicable,0,,
2024-07-20 02:28:00,CNR3787589900,Canceled by Customer,CID379440,eBike,Majestic,MG Road,,,Driver asked to cancel,Not Applicable,Not Applicable,Not Applicable,830,Not Applicable,0,,
2024-07-09 22:54:00,CNR5572391837,Success,CID520113,eBike,Hebbal,Rajajinagar,133.0,145.0,Not Applicable,Not Applicable,No,Not Applicable,324,UPI,4,4.8,3.9
2024-07-20 17:32:00,CNR6645870645,Success,CID615572,Prime Sedan,HSR Layout,Majestic,147.0,65.0,Not Applicable,Not Applicable,Yes,Other Issue,338,Cash,23,4.3,4.9
2024-07-24 02:39:00,CNR5846181969,Success,CID601954,Bike,Majestic,Chickpet,203.0,115.0,Not Applicable,Not Applicable,No,Not Applicable,244,Debit Card,18,4.7,3.4
2024-07-04 20:18:00,CNR6338506943,Success,CID791421,Bike,Langford Town,Indiranagar,175.0,95.0,Not Applicable,Not Applicable,Yes,Customer Demand,234,Cash,5,4.3,3.8
2024-07-11 23:50:00,CNR3713428675,Success,CID720387,Prime Sedan,Varthur,HSR Layout,35.0,90.0,Not Applicable,Not Applicable,Yes,Other Issue,108,Credit Card,7,3.9,4.6
2024-07-02 18:35:00,CNR8435278915,Success,CID856373,Mini,HSR Layout,Bellandur,98.0,135.0,Not Applicable,Not Applicable,Yes,Other Issue,469,Cash,49,3.5,3.2
2024-07-08 21:45:00,CNR6820341540,Success,CID615452,Prime Sedan,Whitefield,Hebbal,154.0,65.0,Not Applicable,Not Applicable,No,Not Applicable,396,Cash,44,4.4,4.7
2024-07-02 12:11:00,CNR2166051120,Success,CID942905,Prime SUV,Majestic,HSR Layout,231.0,85.0,Not Applicable,Not Applicable,No,Not Applicable,147,UPI,18,4.8,4.4
2024-07-10 08:49:00,CNR1944411432,Canceled by Customer,CID643530,Prime SUV,Koramangala,Sahakar Nagar,,,Change of plans,Not Applicable,Not Applicable,Not Applicable,280,Not Applicable,0,,
2024-07-08 12:29:00,CNR9494989684,Canceled by Driver,CID489836,Bike,Magadi Road,Hennur,,,Not Applicable,Personal & Car related issue,Not Applicable,Not Applicable,2507,Not Applicable,0,,
2024-07-06 20:35:00,CNR4238529124,Driver Not Found,CID585258,Auto,Hosur Road,Kammanahalli,,,Not Applicable,Not Applicable,Not Applicable,Not Applicable,592,Not Applicable,0,,
2024-07-02 11:52:00,CNR3701451098,Success,CID630324,Mini,Cox Town,Chickpet,35.0,70.0,Not Applicable,Not Applicable,No,Not Applicable,428,Cash,1,3.7,3.8
2024-07-01 04:30:00,CNR3456532875,Success,CID485381,Prime SUV,Sarjapur Road,Tumkur Road,182.0,25.0,Not Applicable,Not Applicable,No,Not Applicable,399,Cash,40,3.8,3.8
2024-07-22 08:52:00,CNR6451305543,Canceled by Driver,CID358385,Auto,Bellandur,Shivajinagar,,,Not Applicable,Customer related issue,Not Applicable,Not Applicable,344,Not Applicable,0,,
2024-07-02 13:20:00,CNR9530103342,Success,CID976756,Prime Sedan,Bannerghatta Road,Bannerghatta Road,238.0,110.0,Not Applicable,Not Applicable,No,Not Applicable,165,UPI,9,4.6,4.7
2024-07-20 21:18:00,CNR2996931210,Success,CID917713,Prime Sedan,Kadugodi,Cox Town,161.0,90.0,Not Applicable,Not Applicable,No,Not Applicable,274,Cash,45,4.5,4.0
2024-07-07 01:59:00,CNR3303385254,Success,CID136642,Prime SUV,Yeshwanthpur,Chamarajpet,189.0,35.0,Not Applicable,Not Applicable,No,Not Applicable,289,Cash,17,3.0,3.3
2024-07-25 20:36:00,CNR2594632401,Success,CID963161,Prime SUV,Cox Town,Kammanahalli,77.0,110.0,Not Applicable,Not Applicable,No,Not Applicable,395,UPI,10,4.6,4.0
2024-07-30 11:54:00,CNR1520131483,Success,CID249190,eBike,Indiranagar,Richmond Town,224.0,140.0,Not Applicable,Not Applicable,No,Not Applicable,2766,Credit Card,34,3.3,4.9
2024-07-29 21:29:00,CNR9152320101,Success,CID367956,eBike,Koramangala,Mysore Road,280.0,60.0,Not Applicable,Not Applicable,No,Not Applicable,1900,Cash,24,3.9,4.6
2024-07-03 20:58:00,CNR5011127539,Canceled by Driver,CID901864,eBike,Majestic,Sarjapur Road,,,Not Applicable,Customer related issue,Not Applicable,Not Applicable,391,Not Applicable,0,,
2024-07-24 20:08:00,CNR5372198345,Canceled by Customer,CID936059,eBike,Hulimavu,Sahakar Nagar,,,Driver asked to cancel,Not Applicable,Not Applicable,Not Applicable,264,Not Applicable,0,,
2024-07-27 00:16:00,CNR1592390265,Canceled by Driver,CID121157,Mini,Banashankari,Ulsoor,,,Not Applicable,Customer related issue,Not Applicable,Not Applicable,179,Not Applicable,0,,
2024-07-25 06:25:00,CNR3120593435,Canceled by Customer,CID571710,eBike,Magadi Road,Banashankari,,,Driver asked to cancel,Not Applicable,Not Applicable,Not Applicable,417,Not Applicable,0,,
2024-07-30 14:55:00,CNR2859822450,Success,CID350592,Bike,Rajajinagar,Frazer Town,217.0,35.0,Not Applicable,Not Applicable,No,Not Applicable,140,Cash,32,3.8,3.6
2024-07-26 18:51:00,CNR4142727951,Success,CID690006,eBike,Langford Town,Koramangala,56.0,120.0,Not Applicable,Not Applicable,No,Not Applicable,488,Cash,36,3.8,3.9
2024-07-03 21:41:00,CNR1736487703,Driver Not Found,CID191646,eBike,Ulsoor,Cox Town,,,Not Applicable,Not Applicable,Not Applicable,Not Applicable,216,Not Applicable,0,,
2024-07-19 08:15:00,CNR3809106193,Canceled by Driver,CID972225,Prime SUV,Richmond Town,Kengeri,,,Not Applicable,Customer related issue,Not Applicable,Not Applicable,103,Not Applicable,0,,
2024-07-29 18:22:00,CNR8245521982,Driver Not Found,CID334283,Prime SUV,Hennur,Cox Town,,,Not Applicable,Not Applicable,Not Applicable,Not Applicable,285,Not Applicable,0,,
2024-07-29 13:01:00,CNR2600467633,Success,CID821251,Auto,Ramamurthy Nagar,Kadugodi,238.0,110.0,Not Applicable,Not Applicable,No,Not Applicable,615,Cash,11,3.4,3.5
2024-07-28 00:28:00,CNR1766510832,Success,CID339921,Prime SUV,Hosur Road,Kammanahalli,84.0,25.0,Not Applicable,Not Applicable,No,Not Applicable,443,Cash,18,3.3,3.2
2024-07-17 04:46:00,CNR3836426807,Success,CID443467,Auto,Bellandur,Ulsoor,35.0,145.0,Not Applicable,Not Applicable,Yes,Customer Demand,349,UPI,2,3.4,3.4
2024-07-09 06:44:00,CNR8568575840,Success,CID627303,Prime SUV,Kammanahalli,Malleshwaram,245.0,60.0,Not Applicable,Not Applicable,No,Not Applicable,280,Cash,38,4.8,3.4
2024-07-18 04:24:00,CNR1984608546,Canceled by Driver,CID320036,Bike,Mysore Road,Kengeri,,,Not Applicable,Customer was coughing/sick,Not Applicable,Not Applicable,876,Not Applicable,0,,
2024-07-01 20:21:00,CNR8991450799,Canceled by Driver,CID911540,Mini,Chickpet,Whitefield,,,Not Applicable,Personal & Car related issue,Not Applicable,Not Applicable,2868,Not Applicable,0,,
2024-07-29 21:42:00,CNR2485959689,Success,CID840781,Prime Sedan,Indiranagar,HSR Layout,140.0,40.0,Not Applicable,Not Applicable,No,Not Applicable,337,Cash,40,3.9,4.8
2024-07-22 16:02:00,CNR3581377173,Success,CID324418,Prime Sedan,KR Puram,Banashankari,147.0,30.0,Not Applicable,Not Applicable,No,Not Applicable,286,UPI,13,4.7,3.0
2024-07-23 22:20:00,CNR3390229163,Success,CID115429,Prime SUV,Chickpet,Magadi Road,294.0,75.0,Not Applicable,Not Applicable,No,Not Applicable,440,Cash,41,4.6,3.4
2024-07-20 05:11:00,CNR3064532557,Success,CID916484,Prime SUV,Whitefield,BTM Layout,56.0,120.0,Not Applicable,Not Applicable,No,Not Applicable,464,UPI,16,4.3,3.5
2024-07-25 22:12:00,CNR5558812790,Success,CID842725,Mini,Magadi Road,Devanahalli,301.0,90.0,Not Applicable,Not Applicable,Yes,Customer Demand,415,Cash,2,4.6,3.8
2024-07-09 09:07:00,CNR9971414637,Canceled by Driver,CID971913,Prime SUV,Shivajinagar,Mysore Road,,,Not Applicable,Customer related issue,Not Applicable,Not Applicable,213,Not Applicable,0,,
2024-07-02 18:03:00,CNR3898182445,Success,CID107335,Prime Sedan,Magadi Road,Koramangala,252.0,25.0,Not Applicable,Not Applicable,No,Not Applicable,238,Cash,12,4.0,3.8
2024-07-30 13:32:00,CNR8074795899,Success,CID750355,Prime Plus,Chamarajpet,Hosur Road,77.0,135.0,Not Applicable,Not Applicable,No,Not Applicable,219,UPI,29,3.7,3.2
2024-07-03 08:04:00,CNR7629400619,Canceled by Driver,CID669237,Mini,Devanahalli,Basavanagudi,,,Not Applicable,Customer was coughing/sick,Not Applicable,Not Applicable,495,Not Applicable,0,,
2024-07-29 18:32:00,CNR4208000972,Canceled by Driver,CID129542,Prime SUV,Electronic City,Bellandur,,,Not Applicable,Customer related issue,Not Applicable,Not Applicable,197,Not Applicable,0,,
2024-07-13 17:21:00,CNR8885361876,Success,CID317063,eBike,Ulsoor,Jayanagar,308.0,105.0,Not Applicable,Not Applicable,No,Not Applicable,687,Cash,3,3.5,5.0
2024-07-04 06:43:00,CNR8731017986,Success,CID166327,Prime SUV,Ramamurthy Nagar,Shivajinagar,133.0,140.0,Not Applicable,Not Applicable,No,Not Applicable,471,Cash,11,3.7,3.3
2024-07-14 05:15:00,CNR7140613224,Canceled by Driver,CID211282,Prime SUV,Langford Town,Richmond Town,,,Not Applicable,Customer related issue,Not Applicable,Not Applicable,281,Not Applicable,0,,
2024-07-10 08:33:00,CNR9072755662,Success,CID745258,Bike,Frazer Town,Whitefield,301.0,90.0,Not Applicable,Not Applicable,No,Not Applicable,585,UPI,1,4.9,3.4
2024-07-23 09:53:00,CNR2333085692,Driver Not Found,CID600312,Bike,Majestic,Bannerghatta Road,,,Not Applicable,Not Applicable,Not Applicable,Not Applicable,219,Not Applicable,0,,
2024-07-14 19:02:00,CNR1352516685,Success,CID971922,Prime SUV,Sarjapur Road,Hosur Road,259.0,65.0,Not Applicable,Not Applicable,No,Not Applicable,152,UPI,23,4.4,4.4
2024-07-14 21:26:00,CNR6584035152,Success,CID214979,Prime Plus,Malleshwaram,Chamarajpet,133.0,25.0,Not Applicable,Not Applicable,No,Not Applicable,208,Debit Card,12,4.2,3.5
2024-07-02 18:38:00,CNR3269170423,Canceled by Driver,CID455631,Prime Plus,Chamarajpet,Bannerghatta Road,,,Not Applicable,Personal & Car related issue,Not Applicable,Not Applicable,664,Not Applicable,0,,
2024-07-13 22:18:00,CNR8086767629,Success,CID257308,Prime Plus,RT Nagar,Shivajinagar,133.0,115.0,Not Applicable,Not Applicable,No,Not Applicable,483,Cash,12,4.5,3.6
2024-07-01 15:00:00,CNR7496534462,Success,CID470114,Prime Sedan,Vijayanagar,Koramangala,217.0,35.0,Not Applicable,Not Applicable,No,Not Applicable,161,Cash,26,4.7,4.9
2024-07-05 05:38:00,CNR4180190209,Success,CID540339,Prime Plus,Chickpet,Kengeri,77.0,120.0,Not Applicable,Not Applicable,No,Not Applicable,185,Debit Card,17,4.6,3.9
2024-07-30 15:51:00,CNR3459065633,Success,CID902110,Auto,Electronic City,Padmanabhanagar,119.0,115.0,Not Applicable,Not Applicable,No,Not Applicable,324,Cash,6,4.9,4.9
2024-07-01 23:00:00,CNR8493323968,Success,CID476287,Auto,Chickpet,Basavanagudi,238.0,75.0,Not Applicable,Not Applicable,No,Not Applicable,136,Cash,6,4.8,4.1
2024-07-15 13:02:00,CNR3229310337,Canceled by Driver,CID373169,Bike,Cox Town,Padmanabhanagar,,,Not Applicable,Customer related issue,Not Applicable,Not Applicable,360,Not Applicable,0,,
2024-07-06 00:06:00,CNR5502873538,Success,CID445895,Mini,Yelahanka,Sarjapur Road,273.0,65.0,Not Applicable,Not Applicable,No,Not Applicable,191,UPI,33,4.6,4.2
2024-07-21 10:40:00,CNR8639190796,Success,CID778259,Prime Sedan,Tumkur Road,Hennur,140.0,140.0,Not Applicable,Not Applicable,No,Not Applicable,180,UPI,28,4.1,3.5
2024-07-12 07:26:00,CNR2290139355,Canceled by Driver,CID689346,Mini,Bannerghatta Road,Banashankari,,,Not Applicable,Customer related issue,Not Applicable,Not Applicable,164,Not Applicable,0,,
2024-07-26 19:38:00,CNR1339870755,Success,CID234046,Prime SUV,Peenya,Sahakar Nagar,161.0,30.0,Not Applicable,Not Applicable,No,Not Applicable,526,UPI,22,3.1,4.3
2024-07-25 15:24:00,CNR5136777500,Success,CID609602,Auto,HSR Layout,Kammanahalli,56.0,40.0,Not Applicable,Not Applicable,No,Not Applicable,773,Cash,11,4.9,3.2
2024-07-11 22:35:00,CNR9526259534,Success,CID444985,Prime SUV,Sarjapur Road,Basavanagudi,133.0,120.0,Not Applicable,Not Applicable,No,Not Applicable,107,Cash,31,3.8,4.6
2024-07-24 15:46:00,CNR3628280890,Canceled by Driver,CID148373,Prime Sedan,BTM Layout,Yeshwanthpur,,,Not Applicable,Personal & Car related issue,Not Applicable,Not Applicable,268,Not Applicable,0,,
2024-07-17 13:39:00,CNR4429656542,Success,CID283797,Mini,Banashankari,Cox Town,308.0,55.0,Not Applicable,Not Applicable,No,Not Applicable,2284,Cash,31,3.9,3.8
2024-07-14 13:22:00,CNR8852753186,Success,CID248321,Prime SUV,BTM Layout,Frazer Town,91.0,50.0,Not Applicable,Not Applicable,No,Not Applicable,405,Cash,35,4.9,4.1
2024-07-05 09:15:00,CNR1226946253,Driver Not Found,CID465602,eBike,Rajajinagar,Richmond Town,,,Not Applicable,Not Applicable,Not Applicable,Not Applicable,751,Not Applicable,0,,
2024-07-23 11:01:00,CNR5445693186,Driver Not Found,CID707926,Prime SUV,Varthur,Varthur,,,Not Applicable,Not Applicable,Not Applicable,Not Applicable,2718,Not Applicable,0,,
2024-07-03 15:34:00,CNR9673334187,Canceled by Customer,CID530596,Prime SUV,MG Road,Devanahalli,,,Driver is not moving towards pickup location,Not Applicable,Not Applicable,Not Applicable,176,Not Applicable,0,,
2024-07-30 21:16:00,CNR2634903872,Success,CID839212,eBike,Richmond Town,Banashankari,98.0,30.0,Not Applicable,Not Applicable,No,Not Applicable,441,Cash,47,4.0,4.3
2024-07-04 21:40:00,CNR4085567057,Success,CID384996,Auto,Mysore Road,Bannerghatta Road,77.0,80.0,Not Applicable,Not Applicable,No,Not Applicable,153,Cash,18,3.8,4.2
2024-07-26 10:40:00,CNR7007378257,Success,CID215164,Prime Plus,Ramamurthy Nagar,BTM Layout,147.0,80.0,Not Applicable,Not Applicable,No,Not Applicable,888,UPI,9,3.6,3.6
2024-07-06 01:54:00,CNR7091723492,Canceled by Driver,CID355865,Prime Plus,Hebbal,Indiranagar,,,Not Applicable,Personal & Car related issue,Not Applicable,Not Applicable,126,Not Applicable,0,,
2024-07-14 02:31:00,CNR4950747343,Success,CID869165,eBike,Malleshwaram,Hosur Road,42.0,35.0,Not Applicable,Not Applicable,No,Not Applicable,1298,UPI,19,3.1,3.8
2024-07-03 19:54:00,CNR9759475426,Canceled by Driver,CID312919,Mini,Frazer Town,Peenya,,,Not Applicable,Customer related issue,Not Applicable,Not Applicable,513,Not Applicable,0,,
2024-07-25 04:53:00,CNR8234207278,Success,CID188392,Bike,Shivajinagar,RT Nagar,224.0,130.0,Not Applicable,Not Applicable,No,Not Applicable,650,Cash,7,3.2,4.1
2024-07-30 16:43:00,CNR3901946552,Success,CID202514,Mini,Sahakar Nagar,Varthur,126.0,135.0,Not Applicable,Not Applicable,No,Not Applicable,202,UPI,1,3.5,3.7
2024-07-03 22:32:00,CNR7080703778,Canceled by Customer,CID417176,Bike,Tumkur Road,Devanahalli,,,Driver asked to cancel,Not Applicable,Not Applicable,Not Applicable,172,Not Applicable,0,,
2024-07-17 20:03:00,CNR5989848596,Success,CID574058,Prime Sedan,Vijayanagar,Varthur,231.0,45.0,Not Applicable,Not Applicable,No,Not Applicable,602,Cash,47,4.6,4.2
2024-07-13 22:12:00,CNR3648551060,Canceled by Driver,CID351373,Mini,Magadi Road,Bellandur,,,Not Applicable,More than permitted people in there,Not Applicable,Not Applicable,953,Not Applicable,0,,
2024-07-21 17:06:00,CNR3559816001,Success,CID945792,Auto,Kammanahalli,Bellandur,210.0,60.0,Not Applicable,Not Applicable,No,Not Applicable,1511,Cash,1,3.5,4.7
2024-07-14 09:13:00,CNR7457066997,Success,CID239192,Bike,Whitefield,HSR Layout,161.0,55.0,Not Applicable,Not Applicable,No,Not Applicable,205,Debit Card,2,3.2,3.6
2024-07-03 14:42:00,CNR9883020198,Success,CID928633,Mini,Magadi Road,Richmond Town,126.0,90.0,Not Applicable,Not Applicable,No,Not Applicable,237,Cash,45,3.6,4.7
2024-07-04 15:57:00,CNR8910159933,Success,CID706500,Bike,Magadi Road,Kengeri,35.0,125.0,Not Applicable,Not Applicable,No,Not Applicable,679,Cash,38,3.3,4.2
2024-07-09 10:45:00,CNR3472565630,Success,CID205915,Bike,Vijayanagar,Majestic,140.0,120.0,Not Applicable,Not Applicable,No,Not Applicable,242,Cash,4,4.7,4.9
2024-07-16 22:45:00,CNR5883496649,Success,CID324923,Bike,Vijayanagar,KR Puram,63.0,75.0,Not Applicable,Not Applicable,No,Not Applicable,258,Cash,17,4.7,3.4
2024-07-24 08:55:00,CNR8789515892,Success,CID179245,Prime Sedan,Bellandur,Devanahalli,112.0,140.0,Not Applicable,Not Applicable,No,Not Applicable,399,UPI,28,3.5,4.5
2024-07-27 12:27:00,CNR7126320699,Driver Not Found,CID296907,Mini,Marathahalli,Chamarajpet,,,Not Applicable,Not Applicable,Not Applicable,Not Applicable,495,Not Applicable,0,,
2024-07-11 01:07:00,CNR2030027848,Success,CID782596,Mini,HSR Layout,Ramamurthy Nagar,98.0,60.0,Not Applicable,Not Applicable,No,Not Applicable,438,Cash,39,3.1,4.8
2024-07-03 06:29:00,CNR4295357410,Canceled by Driver,CID417918,Bike,Chamarajpet,Kengeri,,,Not Applicable,More than permitted people in there,Not Applicable,Not Applicable,861,Not Applicable,0,,
2024-07-30 08:07:00,CNR3522418151,Success,CID370740,Auto,Ramamurthy Nagar,Varthur,91.0,115.0,Not Applicable,Not Applicable,No,Not Applicable,262,UPI,11,4.2,3.4
2024-07-02 09:32:00,CNR9110472713,Success,CID526833,Auto,Sarjapur Road,Shivajinagar,126.0,25.0,Not Applicable,Not Applicable,No,Not Applicable,1341,Cash,6,4.1,4.4
2024-07-10 06:29:00,CNR2379989724,Canceled by Customer,CID497942,Mini,Hulimavu,Peenya,,,Driver is not moving towards pickup location,Not Applicable,Not Applicable,Not Applicable,165,Not Applicable,0,,
2024-07-13 18:50:00,CNR6425763209,Success,CID287112,Mini,Langford Town,RT Nagar,294.0,55.0,Not Applicable,Not Applicable,No,Not Applicable,252,Cash,38,4.7,4.5
2024-07-30 05:54:00,CNR3908951962,Success,CID633811,Prime Plus,Ramamurthy Nagar,KR Puram,56.0,105.0,Not Applicable,Not Applicable,No,Not Applicable,1880,Cash,5,4.5,3.3
2024-07-17 00:59:00,CNR7379361520,Success,CID376000,Prime Sedan,Chamarajpet,Malleshwaram,105.0,130.0,Not Applicable,Not Applicable,No,Not Applicable,2015,Debit Card,37,3.6,4.4
2024-07-28 10:14:00,CNR6247828020,Canceled by Driver,CID878690,Bike,Hebbal,Sarjapur Road,,,Not Applicable,Personal & Car related issue,Not Applicable,Not Applicable,452,Not Applicable,0,,
2024-07-26 21:33:00,CNR2109305230,Success,CID573636,Bike,Hulimavu,MG Road,175.0,100.0,Not Applicable,Not Applicable,No,Not Applicable,136,UPI,14,4.7,3.7
2024-07-22 06:51:00,CNR6372632030,Success,CID580534,Prime SUV,Varthur,Kadugodi,91.0,60.0,Not Applicable,Not Applicable,No,Not Applicable,291,Cash,14,3.5,4.6
2024-07-04 23:23:00,CNR4708768794,Success,CID633932,Prime SUV,JP Nagar,Yeshwanthpur,154.0,110.0,Not Applicable,Not Applicable,No,Not Applicable,541,UPI,38,3.5,4.7
2024-07-20 05:12:00,CNR2543961538,Driver Not Found,CID702134,eBike,Frazer Town,Kammanahalli,,,Not Applicable,Not Applicable,Not Applicable,Not Applicable,591,Not Applicable,0,,
2024-07-14 00:21:00,CNR2185486557,Success,CID257196,Prime SUV,MG Road,Frazer Town,42.0,35.0,Not Applicable,Not Applicable,No,Not Applicable,414,UPI,25,3.9,4.7
2024-07-09 15:43:00,CNR2605564665,Success,CID714659,Prime Plus,Whitefield,HSR Layout,77.0,130.0,Not Applicable,Not Applicable,No,Not Applicable,305,Cash,45,4.6,3.9
2024-07-28 02:23:00,CNR1188649099,Canceled by Customer,CID124581,Prime Sedan,Vijayanagar,Padmanabhanagar,,,Driver is not moving towards pickup location,Not Applicable,Not Applicable,Not Applicable,721,Not Applicable,0,,
2024-07-24 21:01:00,CNR8367450320,Success,CID139893,Prime Plus,Banashankari,Mysore Road,133.0,55.0,Not Applicable,Not Applicable,No,Not Applicable,437,Cash,48,3.9,4.9
2024-07-25 06:44:00,CNR9267136505,Success,CID826590,eBike,Cox Town,Hosur Road,287.0,35.0,Not Applicable,Not Applicable,No,Not Applicable,2768,Cash,19,3.4,3.2
2024-07-22 22:08:00,CNR7818637243,Canceled by Customer,CID741727,Bike,Devanahalli,Rajajinagar,,,Driver is not moving towards pickup location,Not Applicable,Not Applicable,Not Applicable,253,Not Applicable,0,,
2024-07-24 19:53:00,CNR4665722051,Success,CID438149,Bike,Bellandur,Richmond Town,182.0,90.0,Not Applicable,Not Applicable,No,Not Applicable,194,UPI,19,4.6,4.6
2024-07-28 17:54:00,CNR4863295230,Success,CID704163,Auto,Cox Town,Vijayanagar,273.0,140.0,Not Applicable,Not Applicable,No,Not Applicable,276,Cash,14,4.1,4.2
2024-07-15 22:48:00,CNR6492630346,Success,CID640112,eBike,Ramamurthy Nagar,Magadi Road,42.0,85.0,Not Applicable,Not Applicable,No,Not Applicable,597,UPI,3,3.3,3.5
2024-07-26 03:37:00,CNR5228305762,Success,CID908605,Bike,Hebbal,Electronic City,280.0,35.0,Not Applicable,Not Applicable,No,Not Applicable,1010,UPI,18,4.1,4.8
2024-07-04 12:28:00,CNR2213640006,Canceled by Driver,CID117283,Auto,Banashankari,Whitefield,,,Not Applicable,Customer was coughing/sick,Not Applicable,Not Applicable,2557,Not Applicable,0,,
2024-07-30 03:47:00,CNR5938770011,Success,CID486446,Prime Plus,Hebbal,Majestic,189.0,75.0,Not Applicable,Not Applicable,No,Not Applicable,241,Cash,27,4.8,3.6
2024-07-29 19:12:00,CNR3036145595,Success,CID908063,Mini,Hebbal,Nagarbhavi,203.0,60.0,Not Applicable,Not Applicable,No,Not Applicable,440,Cash,28,4.2,4.9
2024-07-05 23:35:00,CNR2791651225,Success,CID319999,Auto,HSR Layout,HSR Layout,245.0,130.0,Not Applicable,Not Applicable,No,Not Applicable,178,Credit Card,2,4.4,3.5
2024-07-04 14:54:00,CNR2395890668,Success,CID487107,Auto,Marathahalli,Yelahanka,140.0,45.0,Not Applicable,Not Applicable,No,Not Applicable,922,Cash,3,4.2,3.9
2024-07-26 15:22:00,CNR9848773489,Success,CID465358,Prime Sedan,Indiranagar,Koramangala,91.0,125.0,Not Applicable,Not Applicable,Yes,Vehicle Breakdown,1581,Credit Card,9,3.7,3.3
2024-07-08 06:38:00,CNR6331902263,Success,CID854832,Prime Sedan,Yelahanka,Marathahalli,203.0,85.0,Not Applicable,Not Applicable,No,Not Applicable,343,UPI,33,3.3,4.5
2024-07-21 05:29:00,CNR1644656099,Success,CID347238,Bike,Sahakar Nagar,Indiranagar,308.0,30.0,Not Applicable,Not Applicable,No,Not Applicable,466,UPI,15,4.3,3.6
2024-07-10 20:51:00,CNR4161014144,Canceled by Driver,CID922971,Mini,Bellandur,Ramamurthy Nagar,,,Not Applicable,Customer related issue,Not Applicable,Not Applicable,120,Not Applicable,0,,
2024-07-02 21:13:00,CNR2302862711,Success,CID285784,Mini,Malleshwaram,Kadugodi,35.0,130.0,Not Applicable,Not Applicable,No,Not Applicable,355,Cash,4,4.5,3.5
2024-07-01 19:32:00,CNR4232582641,Driver Not Found,CID347867,eBike,HSR Layout,HSR Layout,,,Not Applicable,Not Applicable,Not Applicable,Not Applicable,222,Not Applicable,0,,
2024-07-16 18:53:00,CNR6649914796,Success,CID302295,Mini,Rajarajeshwari Nagar,Chamarajpet,280.0,125.0,Not Applicable,Not Applicable,No,Not Applicable,659,Debit Card,27,4.6,3.7
2024-07-30 20:12:00,CNR6257360395,Success,CID485167,Prime Sedan,Hosur Road,Richmond Town,266.0,70.0,Not Applicable,Not Applicable,No,Not Applicable,237,Cash,22,3.1,4.7
2024-07-05 12:58:00,CNR5852987354,Success,CID146745,Prime Sedan,Nagarbhavi,Whitefield,49.0,130.0,Not Applicable,Not Applicable,No,Not Applicable,172,Cash,3,3.2,3.6
2024-07-09 15:52:00,CNR2987124280,Canceled by Driver,CID641120,Prime SUV,Hennur,Hebbal,,,Not Applicable,Customer related issue,Not Applicable,Not Applicable,342,Not Applicable,0,,
2024-07-04 21:45:00,CNR6410335497,Canceled by Driver,CID586958,Auto,Mysore Road,Hulimavu,,,Not Applicable,Customer was coughing/sick,Not Applicable,Not Applicable,331,Not Applicable,0,,
2024-07-09 17:40:00,CNR4648487777,Success,CID884539,Auto,RT Nagar,Frazer Town,182.0,145.0,Not Applicable,Not Applicable,No,Not Applicable,204,UPI,7,3.0,4.3
2024-07-08 01:42:00,CNR6384442718,Driver Not Found,CID578382,Bike,Peenya,Cox Town,,,Not Applicable,Not Applicable,Not Applicable,Not Applicable,347,Not Applicable,0,,
2024-07-17 09:10:00,CNR4476858083,Canceled by Driver,CID953314,eBike,Majestic,Hosur Road,,,Not Applicable,More than permitted people in there,Not Applicable,Not Applicable,2868,Not Applicable,0,,
2024-07-27 15:04:00,CNR3321524004,Success,CID748371,Mini,KR Puram,Koramangala,161.0,45.0,Not Applicable,Not Applicable,No,Not Applicable,200,Cash,6,3.1,3.8
2024-07-06 17:19:00,CNR9051877084,Success,CID582708,Bike,Marathahalli,Shivajinagar,84.0,135.0,Not Applicable,Not Applicable,No,Not Applicable,429,UPI,23,3.5,4.4
2024-07-11 08:08:00,CNR2097510685,Success,CID721074,Prime Sedan,Richmond Town,MG Road,217.0,65.0,Not Applicable,Not Applicable,Yes,Customer Demand,420,Cash,5,3.6,3.7
2024-07-09 12:34:00,CNR1244251877,Canceled by Driver,CID899779,Prime Plus,Shivajinagar,JP Nagar,,,Not Applicable,More than permitted people in there,Not Applicable,Not Applicable,352,Not Applicable,0,,
2024-07-29 12:24:00,CNR1870125070,Driver Not Found,CID204931,Prime Plus,Varthur,Indiranagar,,,Not Applicable,Not Applicable,Not Applicable,Not Applicable,2312,Not Applicable,0,,
2024-07-22 19:43:00,CNR2195252624,Success,CID240783,eBike,MG Road,Indiranagar,294.0,105.0,Not Applicable,Not Applicable,No,Not Applicable,395,Cash,30,4.7,4.5
2024-07-10 06:47:00,CNR5887671451,Success,CID941158,Mini,Hennur,Hennur,175.0,35.0,Not Applicable,Not Applicable,No,Not Applicable,314,UPI,23,3.7,4.1
2024-07-20 07:52:00,CNR6005562207,Canceled by Driver,CID553368,Auto,Hebbal,Sahakar Nagar,,,Not Applicable,Customer was coughing/sick,Not Applicable,Not Applicable,466,Not Applicable,0,,
2024-07-20 09:39:00,CNR6735306035,Canceled by Customer,CID256969,Bike,Hebbal,Mysore Road,,,Driver is not moving towards pickup location,Not Applicable,Not Applicable,Not Applicable,405,Not Applicable,0,,
2024-07-03 12:51:00,CNR9133684543,Canceled by Driver,CID243552,Prime SUV,RT Nagar,Hebbal,,,Not Applicable,Personal & Car related issue,Not Applicable,Not Applicable,318,Not Applicable,0,,
2024-07-11 11:50:00,CNR8456675475,Success,CID641277,Mini,Malleshwaram,Richmond Town,280.0,100.0,Not Applicable,Not Applicable,No,Not Applicable,485,Cash,18,4.1,5.0
2024-07-27 11:25:00,CNR1183529401,Driver Not Found,CID519416,Mini,Marathahalli,Tumkur Road,,,Not Applicable,Not Applicable,Not Applicable,Not Applicable,977,Not Applicable,0,,
2024-07-06 04:14:00,CNR5692821396,Canceled by Customer,CID400799,eBike,HSR Layout,Cox Town,,,Driver is not moving towards pickup location,Not Applicable,Not Applicable,Not Applicable,2164,Not Applicable,0,,
2024-07-20 02:07:00,CNR2210034761,Canceled by Driver,CID359816,Auto,Indiranagar,KR Puram,,,Not Applicable,Customer was coughing/sick,Not Applicable,Not Applicable,193,Not Applicable,0,,
2024-07-17 17:57:00,CNR4664889566,Success,CID992086,eBike,Whitefield,Yeshwanthpur,266.0,70.0,Not Applicable,Not Applicable,No,Not Applicable,411,UPI,39,3.5,3.3
2024-07-05 16:45:00,CNR7849372691,Driver Not Found,CID187257,Auto,Banashankari,Mysore Road,,,Not Applicable,Not Applicable,Not Applicable,Not Applicable,540,Not Applicable,0,,
2024-07-16 03:43:00,CNR5822587464,Success,CID695738,Auto,HSR Layout,Basavanagudi,126.0,125.0,Not Applicable,Not Applicable,No,Not Applicable,430,Cash,5,3.2,4.4
2024-07-09 12:46:00,CNR3319081463,Driver Not Found,CID318557,Prime SUV,Malleshwaram,Ulsoor,,,Not Applicable,Not Applicable,Not Applicable,Not Applicable,342,Not Applicable,0,,
2024-07-27 08:30:00,CNR8736290190,Success,CID118379,Prime Plus,Hulimavu,Padmanabhanagar,259.0,100.0,Not Applicable,Not Applicable,No,Not Applicable,171,UPI,23,3.7,4.9
2024-07-08 21:42:00,CNR1478174033,Driver Not Found,CID471785,eBike,Tumkur Road,Yeshwanthpur,,,Not Applicable,Not Applicable,Not Applicable,Not Applicable,227,Not Applicable,0,,
2024-07-27 12:40:00,CNR7824361796,Success,CID384432,Mini,Ulsoor,Varthur,189.0,90.0,Not Applicable,Not Applicable,Yes,Other Issue,319,UPI,47,4.5,3.4
2024-07-03 09:18:00,CNR2454622954,Success,CID815001,Bike,Chickpet,Tumkur Road,91.0,130.0,Not Applicable,Not Applicable,Yes,Vehicle Breakdown,449,UPI,16,3.6,4.4
2024-07-15 20:41:00,CNR2008694998,Success,CID542129,Prime SUV,Tumkur Road,Koramangala,91.0,35.0,Not Applicable,Not Applicable,No,Not Applicable,144,Cash,30,4.4,4.2
2024-07-04 05:21:00,CNR6559350406,Success,CID881076,Prime Sedan,Chickpet,Cox Town,42.0,25.0,Not Applicable,Not Applicable,No,Not Applicable,744,UPI,10,4.5,3.7
2024-07-28 03:05:00,CNR4559047605,Canceled by Customer,CID349143,Mini,Indiranagar,Banashankari,,,Driver asked to cancel,Not Applicable,Not Applicable,Not Applicable,303,Not Applicable,0,,
2024-07-12 18:36:00,CNR3467238669,Success,CID771524,eBike,Rajarajeshwari Nagar,Kammanahalli,112.0,85.0,Not Applicable,Not Applicable,No,Not Applicable,881,UPI,43,4.1,4.1
2024-07-03 05:36:00,CNR8576227530,Success,CID627067,Mini,Koramangala,Kadugodi,112.0,70.0,Not Applicable,Not Applicable,Yes,Vehicle Breakdown,293,Cash,14,4.3,3.5
2024-07-17 10:36:00,CNR6237082869,Success,CID873259,eBike,HSR Layout,Hebbal,133.0,120.0,Not Applicable,Not Applicable,No,Not Applicable,134,Cash,16,3.1,3.3
2024-07-10 22:48:00,CNR2318411541,Canceled by Driver,CID508429,Prime Plus,Magadi Road,Electronic City,,,Not Applicable,Customer was coughing/sick,Not Applicable,Not Applicable,452,Not Applicable,0,,
2024-07-05 15:32:00,CNR6402911633,Success,CID321979,Bike,BTM Layout,Nagarbhavi,301.0,50.0,Not Applicable,Not Applicable,No,Not Applicable,281,Cash,24,4.2,4.8
2024-07-06 23:47:00,CNR4002055028,Success,CID744882,eBike,Varthur,Electronic City,301.0,45.0,Not Applicable,Not Applicable,No,Not Applicable,366,UPI,13,4.1,4.6
2024-07-19 17:04:00,CNR9740861098,Canceled by Driver,CID659845,Prime Sedan,Shivajinagar,Hulimavu,,,Not Applicable,Customer was coughing/sick,Not Applicable,Not Applicable,368,Not Applicable,0,,
2024-07-26 16:42:00,CNR6048763980,Success,CID985725,Prime Sedan,BTM Layout,Peenya,238.0,40.0,Not Applicable,Not Applicable,Yes,Vehicle Breakdown,147,Cash,42,3.3,5.0
2024-07-29 18:21:00,CNR4468513969,Success,CID806791,Auto,Hulimavu,Hennur,280.0,35.0,Not Applicable,Not Applicable,No,Not Applicable,366,Debit Card,14,4.8,4.4
2024-07-02 07:08:00,CNR7607702907,Success,CID109613,eBike,Hulimavu,Mysore Road,119.0,60.0,Not Applicable,Not Applicable,Yes,Customer Demand,176,UPI,34,4.8,3.9
2024-07-02 14:53:00,CNR3156834362,Success,CID541604,Auto,Sahakar Nagar,Hennur,175.0,100.0,Not Applicable,Not Applicable,No,Not Applicable,436,UPI,17,3.1,4.6
2024-07-11 02:00:00,CNR6442667731,Canceled by Customer,CID298015,Prime Sedan,Malleshwaram,Banashankari,,,AC is Not working,Not Applicable,Not Applicable,Not Applicable,2834,Not Applicable,0,,
2024-07-29 16:54:00,CNR1670385376,Canceled by Driver,CID323932,eBike,Langford Town,Banashankari,,,Not Applicable,Customer related issue,Not Applicable,Not Applicable,387,Not Applicable,0,,
2024-07-17 08:26:00,CNR5562773649,Canceled by Driver,CID616160,Mini,Rajarajeshwari Nagar,Nagarbhavi,,,Not Applicable,Customer related issue,Not Applicable,Not Applicable,949,Not Applicable,0,,
2024-07-27 07:20:00,CNR9270735791,Success,CID200890,Prime Plus,Kammanahalli,Cox Town,133.0,70.0,Not Applicable,Not Applicable,No,Not Applicable,1254,UPI,15,3.5,4.2
2024-07-11 09:40:00,CNR7669215631,Canceled by Driver,CID896371,Auto,Mysore Road,RT Nagar,,,Not Applicable,Customer related issue,Not Applicable,Not Applicable,148,Not Applicable,0,,
2024-07-28 02:27:00,CNR7274603705,Canceled by Driver,CID616195,Mini,BTM Layout,Rajajinagar,,,Not Applicable,More than permitted people in there,Not Applicable,Not Applicable,345,Not Applicable,0,,
2024-07-22 08:01:00,CNR5280122201,Success,CID387082,Prime Sedan,HSR Layout,Cox Town,280.0,55.0,Not Applicable,Not Applicable,No,Not Applicable,473,Cash,14,4.9,3.3
2024-07-01 09:03:00,CNR6783351050,Canceled by Driver,CID135860,Prime Sedan,Majestic,Jayanagar,,,Not Applicable,Customer related issue,Not Applicable,Not Applicable,280,Not Applicable,0,,
2024-07-05 05:19:00,CNR2636079852,Success,CID851265,eBike,Yeshwanthpur,Nagarbhavi,84.0,145.0,Not Applicable,Not Applicable,No,Not Applicable,458,Cash,27,3.2,4.9
2024-07-15 20:44:00,CNR2750611205,Canceled by Driver,CID161075,Bike,Majestic,Langford Town,,,Not Applicable,Personal & Car related issue,Not Applicable,Not Applicable,821,Not Applicable,0,,
2024-07-10 22:15:00,CNR9052394344,Canceled by Customer,CID525776,Prime Plus,HSR Layout,Basavanagudi,,,Wrong Address,Not Applicable,Not Applicable,Not Applicable,137,Not Applicable,0,,
2024-07-02 13:45:00,CNR6980326974,Success,CID294249,Bike,Peenya,Peenya,35.0,50.0,Not Applicable,Not Applicable,No,Not Applicable,203,Cash,1,4.2,4.7
2024-07-15 14:43:00,CNR2213991508,Driver Not Found,CID942012,Auto,HSR Layout,Electronic City,,,Not Applicable,Not Applicable,Not Applicable,Not Applicable,443,Not Applicable,0,,
2024-07-21 07:26:00,CNR2482048739,Canceled by Driver,CID972731,Mini,Sahakar Nagar,Ramamurthy Nagar,,,Not Applicable,Customer was coughing/sick,Not Applicable,Not Applicable,429,Not Applicable,0,,
2024-07-15 08:47:00,CNR3395312950,Success,CID797757,Prime Plus,Bannerghatta Road,Marathahalli,126.0,30.0,Not Applicable,Not Applicable,No,Not Applicable,109,Cash,22,3.6,3.6
2024-07-02 12:27:00,CNR4776017679,Canceled by Driver,CID610138,Auto,Hulimavu,Mysore Road,,,Not Applicable,Customer was coughing/sick,Not Applicable,Not Applicable,384,Not Applicable,0,,
2024-07-12 22:04:00,CNR8832594411,Success,CID429780,eBike,MG Road,Nagarbhavi,70.0,50.0,Not Applicable,Not Applicable,No,Not Applicable,178,Cash,19,4.4,3.8
2024-07-09 04:43:00,CNR9394719489,Success,CID898995,Prime Plus,Banashankari,Ramamurthy Nagar,84.0,80.0,Not Applicable,Not Applicable,No,Not Applicable,448,Cash,33,3.6,3.9
2024-07-25 20:03:00,CNR7484964864,Canceled by Customer,CID883106,Auto,Shivajinagar,RT Nagar,,,AC is Not working,Not Applicable,Not Applicable,Not Applicable,299,Not Applicable,0,,
2024-07-19 05:15:00,CNR3283030809,Success,CID775801,Mini,Rajarajeshwari Nagar,Banashankari,308.0,120.0,Not Applicable,Not Applicable,No,Not Applicable,536,Cash,23,4.3,4.4
2024-07-22 15:15:00,CNR6382999882,Driver Not Found,CID108324,eBike,Magadi Road,Rajajinagar,,,Not Applicable,Not Applicable,Not Applicable,Not Applicable,313,Not Applicable,0,,
2024-07-24 21:19:00,CNR9065649112,Success,CID362036,Prime SUV,Frazer Town,JP Nagar,301.0,65.0,Not Applicable,Not Applicable,No,Not Applicable,300,Cash,4,4.8,3.3
2024-07-05 17:16:00,CNR7921602632,Canceled by Driver,CID182839,Bike,Sahakar Nagar,MG Road,,,Not Applicable,More than permitted people in there,Not Applicable,Not Applicable,215,Not Applicable,0,,
2024-07-21 21:29:00,CNR8644419971,Success,CID742256,Prime Sedan,Chickpet,Mysore Road,175.0,25.0,Not Applicable,Not Applicable,No,Not Applicable,146,Debit Card,3,4.1,3.8
2024-07-18 01:24:00,CNR5073525997,Success,CID543427,Auto,Richmond Town,Whitefield,273.0,115.0,Not Applicable,Not Applicable,No,Not Applicable,786,Cash,8,4.4,3.2
2024-07-23 16:52:00,CNR8381285346,Driver Not Found,CID569485,Prime Plus,MG Road,Majestic,,,Not Applicable,Not Applicable,Not Applicable,Not Applicable,474,Not Applicable,0,,
2024-07-12 10:40:00,CNR9542131056,Canceled by Driver,CID996821,Auto,Chickpet,Varthur,,,Not Applicable,Customer was coughing/sick,Not Applicable,Not Applicable,596,Not Applicable,0,,
2024-07-28 05:02:00,CNR1509389264,Canceled by Driver,CID375295,Prime Plus,Frazer Town,MG Road,,,Not Applicable,Customer related issue,Not Applicable,Not Applicable,487,Not Applicable,0,,
2024-07-13 00:42:00,CNR4824401132,Success,CID616921,eBike,Hosur Road,Majestic,49.0,115.0,Not Applicable,Not Applicable,No,Not Applicable,780,UPI,24,4.7,4.3
2024-07-09 02:45:00,CNR6128409239,Success,CID783822,Auto,Hosur Road,Sarjapur Road,161.0,120.0,Not Applicable,Not Applicable,No,Not Applicable,349,UPI,9,4.9,4.8
2024-07-29 23:41:00,CNR7056405055,Driver Not Found,CID465441,Prime Sedan,Langford Town,Vijayanagar,,,Not Applicable,Not Applicable,Not Applicable,Not Applicable,847,Not Applicable,0,,
2024-07-19 23:04:00,CNR5269563986,Success,CID264521,Prime Plus,Frazer Town,MG Road,189.0,50.0,Not Applicable,Not Applicable,No,Not Applicable,237,UPI,7,4.7,3.1
2024-07-27 10:27:00,CNR6446055013,Canceled by Customer,CID250508,Bike,Langford Town,Devanahalli,,,Driver is not moving towards pickup location,Not Applicable,Not Applicable,Not Applicable,136,Not Applicable,0,,
2024-07-27 09:21:00,CNR8366079597,Canceled by Customer,CID534806,Prime SUV,Hosur Road,Shantinagar,,,Change of plans,Not Applicable,Not Applicable,Not Applicable,380,Not Applicable,0,,
2024-07-12 05:32:00,CNR3189206938,Success,CID422104,Prime Sedan,RT Nagar,Langford Town,105.0,125.0,Not Applicable,Not Applicable,No,Not Applicable,1484,Cash,9,3.0,4.2
2024-07-22 21:37:00,CNR1561635637,Success,CID825750,Bike,Rajajinagar,Varthur,175.0,35.0,Not Applicable,Not Applicable,No,Not Applicable,451,Cash,7,3.1,4.8
2024-07-11 09:54:00,CNR4361092516,Canceled by Driver,CID205346,Bike,BTM Layout,Chamarajpet,,,Not Applicable,Customer was coughing/sick,Not Applicable,Not Applicable,318,Not Applicable,0,,
2024-07-30 06:49:00,CNR8877636776,Success,CID806000,eBike,Chickpet,Hebbal,224.0,50.0,Not Applicable,Not Applicable,No,Not Applicable,302,UPI,24,4.9,4.2
2024-07-01 19:45:00,CNR4254467897,Success,CID569515,Prime SUV,Rajarajeshwari Nagar,Hebbal,238.0,115.0,Not Applicable,Not Applicable,No,Not Applicable,385,Cash,12,4.3,4.0
2024-07-15 06:31:00,CNR3271097132,Success,CID338016,Mini,Electronic City,Frazer Town,147.0,25.0,Not Applicable,Not Applicable,No,Not Applicable,102,UPI,40,4.2,5.0
2024-07-04 00:39:00,CNR7901637704,Success,CID417716,Prime Sedan,Magadi Road,Electronic City,182.0,105.0,Not Applicable,Not Applicable,Yes,Other Issue,168,Cash,33,4.1,3.3
2024-07-06 10:53:00,CNR4748818833,Success,CID347168,Prime SUV,Chamarajpet,Langford Town,301.0,45.0,Not Applicable,Not Applicable,No,Not Applicable,271,Cash,15,3.1,4.1
2024-07-03 11:22:00,CNR1461034573,Success,CID695694,Mini,Indiranagar,Rajarajeshwari Nagar,287.0,90.0,Not Applicable,Not Applicable,No,Not Applicable,335,UPI,19,4.2,3.3
2024-07-18 02:26:00,CNR3541731923,Success,CID863947,Prime Sedan,Jayanagar,Ramamurthy Nagar,189.0,115.0,Not Applicable,Not Applicable,No,Not Applicable,297,Cash,38,4.6,4.7
2024-07-09 23:39:00,CNR6085660654,Success,CID664314,Mini,Basavanagudi,Electronic City,35.0,140.0,Not Applicable,Not Applicable,No,Not Applicable,1137,Cash,16,4.5,4.3
2024-07-04 10:32:00,CNR2187156817,Driver Not Found,CID898351,Prime Sedan,BTM Layout,Ramamurthy Nagar,,,Not Applicable,Not Applicable,Not Applicable,Not Applicable,490,Not Applicable,0,,
2024-07-13 12:45:00,CNR1757394245,Success,CID273927,Bike,Ramamurthy Nagar,Yeshwanthpur,126.0,60.0,Not Applicable,Not Applicable,No,Not Applicable,407,Cash,36,4.5,3.4
2024-07-03 08:32:00,CNR5534917031,Canceled by Driver,CID693699,Auto,Malleshwaram,Frazer Town,,,Not Applicable,More than permitted people in there,Not Applicable,Not Applicable,341,Not Applicable,0,,
2024-07-13 10:39:00,CNR2464442557,Driver Not Found,CID383060,eBike,MG Road,Vijayanagar,,,Not Applicable,Not Applicable,Not Applicable,Not Applicable,833,Not Applicable,0,,
2024-07-30 10:48:00,CNR1999783637,Success,CID586747,Prime Sedan,Kammanahalli,Mysore Road,231.0,140.0,Not Applicable,Not Applicable,No,Not Applicable,317,UPI,28,3.7,3.7
2024-07-29 06:55:00,CNR3276195843,Success,CID269587,Prime Sedan,Bellandur,Indiranagar,70.0,105.0,Not Applicable,Not Applicable,No,Not Applicable,1654,UPI,43,4.3,5.0
2024-07-20 10:39:00,CNR1094528571,Success,CID718898,Prime SUV,Cox Town,Richmond Town,259.0,115.0,Not Applicable,Not Applicable,No,Not Applicable,2606,Credit Card,37,4.4,4.5
2024-07-30 08:20:00,CNR1875982745,Success,CID832774,Auto,Rajarajeshwari Nagar,Whitefield,175.0,60.0,Not Applicable,Not Applicable,No,Not Applicable,189,UPI,17,3.2,4.4
2024-07-17 02:41:00,CNR4977414254,Canceled by Driver,CID176834,Prime Plus,Magadi Road,Peenya,,,Not Applicable,Customer related issue,Not Applicable,Not Applicable,336,Not Applicable,0,,
2024-07-16 21:36:00,CNR1041468018,Success,CID273783,Mini,Shivajinagar,Hosur Road,189.0,130.0,Not Applicable,Not Applicable,No,Not Applicable,159,Cash,34,4.1,3.2
2024-07-27 10:51:00,CNR8115782824,Canceled by Driver,CID789671,Bike,Shivajinagar,Koramangala,,,Not Applicable,More than permitted people in there,Not Applicable,Not Applicable,485,Not Applicable,0,,
2024-07-20 08:34:00,CNR9185098053,Success,CID181466,Prime Sedan,MG Road,Koramangala,161.0,125.0,Not Applicable,Not Applicable,No,Not Applicable,495,Cash,39,3.9,3.2
2024-07-27 06:50:00,CNR2548836259,Success,CID756457,Auto,HSR Layout,Majestic,196.0,110.0,Not Applicable,Not Applicable,No,Not Applicable,589,UPI,10,3.2,3.5
2024-07-23 12:03:00,CNR4049688591,Success,CID524775,Prime Sedan,Langford Town,Marathahalli,105.0,95.0,Not Applicable,Not Applicable,No,Not Applicable,348,UPI,27,4.6,3.3
2024-07-05 18:32:00,CNR2628953517,Success,CID467942,Prime Sedan,Hennur,Hulimavu,161.0,35.0,Not Applicable,Not Applicable,No,Not Applicable,536,UPI,31,3.5,3.5
2024-07-10 19:33:00,CNR5110754862,Canceled by Driver,CID228306,Prime SUV,Varthur,Rajarajeshwari Nagar,,,Not Applicable,Customer was coughing/sick,Not Applicable,Not Applicable,431,Not Applicable,0,,
2024-07-11 17:59:00,CNR8032020707,Success,CID673331,Prime Plus,Mysore Road,KR Puram,35.0,50.0,Not Applicable,Not Applicable,No,Not Applicable,431,UPI,40,4.8,4.2
2024-07-04 12:05:00,CNR4053539457,Canceled by Driver,CID663034,Mini,Chamarajpet,BTM Layout,,,Not Applicable,Personal & Car related issue,Not Applicable,Not Applicable,345,Not Applicable,0,,
2024-07-21 04:29:00,CNR3884989382,Canceled by Driver,CID745434,Prime Sedan,Rajajinagar,Yelahanka,,,Not Applicable,Personal & Car related issue,Not Applicable,Not Applicable,282,Not Applicable,0,,
2024-07-19 06:08:00,CNR3540869440,Canceled by Driver,CID146610,Prime SUV,Sahakar Nagar,Koramangala,,,Not Applicable,More than permitted people in there,Not Applicable,Not Applicable,513,Not Applicable,0,,
2024-07-02 11:15:00,CNR7748912661,Success,CID287046,Prime Sedan,MG Road,Shivajinagar,301.0,145.0,Not Applicable,Not Applicable,Yes,Customer Demand,421,Cash,21,3.0,3.2
2024-07-09 07:45:00,CNR8315091524,Driver Not Found,CID334672,Bike,Sahakar Nagar,JP Nagar,,,Not Applicable,Not Applicable,Not Applicable,Not Applicable,1670,Not Applicable,0,,
2024-07-24 20:05:00,CNR2243171381,Success,CID170618,Mini,Chamarajpet,Kammanahalli,287.0,90.0,Not Applicable,Not Applicable,No,Not Applicable,120,Cash,12,4.6,3.4
2024-07-01 21:02:00,CNR3473283556,Success,CID725236,Mini,Hebbal,Hebbal,273.0,115.0,Not Applicable,Not Applicable,No,Not Applicable,226,Cash,27,4.8,3.3
2024-07-09 13:29:00,CNR8417978834,Driver Not Found,CID266048,Auto,Sahakar Nagar,Basavanagudi,,,Not Applicable,Not Applicable,Not Applicable,Not Applicable,174,Not Applicable,0,,
2024-07-27 11:56:00,CNR9650880480,Success,CID367104,Prime Plus,Hosur Road,Cox Town,217.0,130.0,Not Applicable,Not Applicable,No,Not Applicable,219,UPI,25,4.9,3.4
2024-07-12 02:07:00,CNR4399302411,Success,CID393225,Mini,Shantinagar,Jayanagar,273.0,35.0,Not Applicable,Not Applicable,No,Not Applicable,447,UPI,2,3.4,3.4
2024-07-04 00:38:00,CNR2985564658,Canceled by Driver,CID971236,Prime Plus,Langford Town,Bannerghatta Road,,,Not Applicable,Customer was coughing/sick,Not Applicable,Not Applicable,427,Not Applicable,0,,
2024-07-13 07:37:00,CNR7719162806,Canceled by Driver,CID305831,Prime SUV,Nagarbhavi,Devanahalli,,,Not Applicable,Customer related issue,Not Applicable,Not Applicable,191,Not Applicable,0,,
2024-07-26 19:32:00,CNR5279179935,Success,CID970491,Auto,Padmanabhanagar,KR Puram,63.0,95.0,Not Applicable,Not Applicable,No,Not Applicable,220,Cash,17,4.3,4.4
2024-07-18 21:18:00,CNR7502853252,Success,CID671693,Bike,Hulimavu,Shantinagar,168.0,70.0,Not Applicable,Not Applicable,No,Not Applicable,2974,Cash,26,3.3,5.0
2024-07-03 04:54:00,CNR1015971587,Success,CID137688,Prime Plus,Hulimavu,Frazer Town,112.0,35.0,Not Applicable,Not Applicable,No,Not Applicable,343,Credit Card,18,3.4,4.6
2024-07-02 00:50:00,CNR8224551063,Success,CID949254,Bike,Basavanagudi,Hennur,133.0,55.0,Not Applicable,Not Applicable,No,Not Applicable,2507,Cash,7,3.5,3.5
2024-07-16 02:13:00,CNR9996358978,Success,CID493607,Prime SUV,Langford Town,Bellandur,133.0,90.0,Not Applicable,Not Applicable,No,Not Applicable,538,Credit Card,4,4.1,4.6
2024-07-27 17:50:00,CNR2533901509,Success,CID519621,Prime Plus,JP Nagar,RT Nagar,161.0,120.0,Not Applicable,Not Applicable,No,Not Applicable,341,Credit Card,22,3.6,4.0
2024-07-03 10:39:00,CNR5215644119,Success,CID236128,Prime Sedan,Yeshwanthpur,JP Nagar,231.0,50.0,Not Applicable,Not Applicable,No,Not Applicable,260,UPI,21,4.1,4.9
2024-07-17 19:54:00,CNR5620922704,Canceled by Driver,CID776974,Bike,BTM Layout,BTM Layout,,,Not Applicable,Personal & Car related issue,Not Applicable,Not Applicable,344,Not Applicable,0,,
2024-07-17 13:14:00,CNR5374817993,Canceled by Customer,CID566212,Prime Plus,BTM Layout,Hosur Road,,,Change of plans,Not Applicable,Not Applicable,Not Applicable,205,Not Applicable,0,,
2024-07-16 02:53:00,CNR4692791306,Success,CID570870,Mini,Marathahalli,Kengeri,77.0,75.0,Not Applicable,Not Applicable,No,Not Applicable,187,Cash,19,4.9,4.4
2024-07-28 13:29:00,CNR2543306581,Driver Not Found,CID376380,Prime Plus,Richmond Town,Chickpet,,,Not Applicable,Not Applicable,Not Applicable,Not Applicable,773,Not Applicable,0,,
2024-07-09 13:43:00,CNR2077658795,Success,CID218736,eBike,Shivajinagar,Ulsoor,112.0,125.0,Not Applicable,Not Applicable,No,Not Applicable,434,UPI,5,4.1,4.8
2024-07-08 21:44:00,CNR2753139561,Success,CID391211,Prime SUV,Shivajinagar,MG Road,280.0,135.0,Not Applicable,Not Applicable,No,Not Applicable,432,UPI,17,3.1,4.9
2024-07-12 03:08:00,CNR8847914626,Success,CID281459,Prime Sedan,Tumkur Road,Marathahalli,154.0,70.0,Not Applicable,Not Applicable,No,Not Applicable,2223,Cash,2,4.1,3.7
2024-07-29 09:57:00,CNR9848975740,Success,CID939301,Bike,Devanahalli,Kadugodi,91.0,115.0,Not Applicable,Not Applicable,No,Not Applicable,701,UPI,8,3.4,4.1
2024-07-27 21:53:00,CNR8220366826,Success,CID148793,Auto,Kammanahalli,RT Nagar,238.0,140.0,Not Applicable,Not Applicable,No,Not Applicable,107,Cash,16,3.9,4.0
2024-07-12 14:37:00,CNR9011653917,Canceled by Customer,CID582243,eBike,Richmond Town,Banashankari,,,Wrong Address,Not Applicable,Not Applicable,Not Applicable,372,Not Applicable,0,,
2024-07-22 20:22:00,CNR9349983020,Success,CID866479,eBike,Majestic,Electronic City,126.0,95.0,Not Applicable,Not Applicable,No,Not Applicable,358,Cash,18,4.8,4.9
2024-07-24 11:05:00,CNR9237429407,Success,CID115435,Prime Sedan,Hebbal,Hennur,63.0,40.0,Not Applicable,Not Applicable,No,Not Applicable,2876,Cash,48,3.4,4.6
2024-07-03 03:55:00,CNR5737763260,Success,CID619564,Prime Sedan,Cox Town,Hennur,98.0,105.0,Not Applicable,Not Applicable,No,Not Applicable,957,UPI,41,3.8,3.9
2024-07-04 23:59:00,CNR6340397114,Success,CID409096,Mini,Ramamurthy Nagar,Yelahanka,35.0,140.0,Not Applicable,Not Applicable,No,Not Applicable,416,UPI,20,3.0,4.9
2024-07-08 05:52:00,CNR7252522975,Success,CID210895,Prime SUV,Rajarajeshwari Nagar,Peenya,84.0,125.0,Not Applicable,Not Applicable,No,Not Applicable,156,UPI,21,3.9,3.7
2024-07-12 03:08:00,CNR5401902288,Success,CID341823,Prime Sedan,Padmanabhanagar,MG Road,294.0,65.0,Not Applicable,Not Applicable,Yes,Other Issue,360,Cash,7,3.9,4.9
2024-07-01 01:59:00,CNR5705970886,Success,CID411409,Prime Plus,Peenya,RT Nagar,126.0,75.0,Not Applicable,Not Applicable,No,Not Applicable,310,Cash,42,4.7,4.9
2024-07-19 12:30:00,CNR2768817055,Success,CID605300,Prime Plus,Varthur,Vijayanagar,119.0,30.0,Not Applicable,Not Applicable,No,Not Applicable,278,UPI,25,4.9,4.4
2024-07-04 00:21:00,CNR5187505354,Canceled by Customer,CID140944,Mini,Majestic,Cox Town,,,Driver is not moving towards pickup location,Not Applicable,Not Applicable,Not Applicable,343,Not Applicable,0,,
2024-07-12 09:08:00,CNR4818569431,Canceled by Driver,CID515726,Mini,Hebbal,Nagarbhavi,,,Not Applicable,Personal & Car related issue,Not Applicable,Not Applicable,449,Not Applicable,0,,
2024-07-07 08:27:00,CNR7069308898,Success,CID206541,Bike,Sahakar Nagar,Bellandur,147.0,35.0,Not Applicable,Not Applicable,No,Not Applicable,436,Cash,33,4.1,3.6
2024-07-10 07:54:00,CNR3669425795,Success,CID115366,Auto,Jayanagar,Chickpet,273.0,140.0,Not Applicable,Not Applicable,No,Not Applicable,220,Cash,14,4.9,4.2
2024-07-26 08:37:00,CNR4197352271,Success,CID940419,Mini,Indiranagar,Kammanahalli,161.0,115.0,Not Applicable,Not Applicable,No,Not Applicable,146,UPI,14,4.0,4.6
2024-07-20 08:38:00,CNR2847603178,Success,CID468643,Prime Sedan,RT Nagar,Richmond Town,140.0,85.0,Not Applicable,Not Applicable,No,Not Applicable,137,UPI,7,3.8,4.8
2024-07-01 04:57:00,CNR1869866451,Canceled by Driver,CID640564,Auto,JP Nagar,Malleshwaram,,,Not Applicable,Personal & Car related issue,Not Applicable,Not Applicable,140,Not Applicable,0,,
2024-07-22 11:13:00,CNR5668672784,Canceled by Driver,CID110007,eBike,HSR Layout,Magadi Road,,,Not Applicable,Personal & Car related issue,Not Applicable,Not Applicable,230,Not Applicable,0,,
2024-07-25 19:15:00,CNR7201864471,Success,CID171039,Prime SUV,Hebbal,Cox Town,168.0,90.0,Not Applicable,Not Applicable,No,Not Applicable,265,Cash,6,4.9,4.2
2024-07-16 21:22:00,CNR4861439139,Success,CID935538,Prime Plus,Kengeri,Chamarajpet,112.0,105.0,Not Applicable,Not Applicable,No,Not Applicable,357,UPI,35,4.0,3.4
2024-07-30 19:36:00,CNR4548419427,Canceled by Driver,CID958544,Prime SUV,JP Nagar,Banashankari,,,Not Applicable,Customer was coughing/sick,Not Applicable,Not Applicable,959,Not Applicable,0,,
2024-07-23 22:59:00,CNR1524748184,Success,CID738934,Bike,Electronic City,Ulsoor,203.0,125.0,Not Applicable,Not Applicable,No,Not Applicable,227,Cash,49,4.1,3.7
2024-07-13 00:40:00,CNR9698838396,Success,CID477938,Prime Plus,Ramamurthy Nagar,Kammanahalli,147.0,120.0,Not Applicable,Not Applicable,No,Not Applicable,347,Cash,19,3.5,4.8
2024-07-26 18:05:00,CNR5267922846,Success,CID706376,Prime Sedan,Ulsoor,Shivajinagar,35.0,35.0,Not Applicable,Not Applicable,No,Not Applicable,415,UPI,10,3.5,4.0
2024-07-02 07:35:00,CNR2488402029,Driver Not Found,CID757516,Prime Sedan,Varthur,KR Puram,,,Not Applicable,Not Applicable,Not Applicable,Not Applicable,423,Not Applicable,0,,
2024-07-06 11:58:00,CNR5873745908,Success,CID468987,Mini,KR Puram,Richmond Town,49.0,115.0,Not Applicable,Not Applicable,Yes,Vehicle Breakdown,299,Cash,2,3.9,4.2
2024-07-18 03:20:00,CNR8041033803,Canceled by Driver,CID911650,eBike,Langford Town,Hosur Road,,,Not Applicable,Customer related issue,Not Applicable,Not Applicable,420,Not Applicable,0,,
2024-07-02 00:22:00,CNR3456729018,Canceled by Customer,CID897275,Auto,Hennur,Bannerghatta Road,,,Driver is not moving towards pickup location,Not Applicable,Not Applicable,Not Applicable,397,Not Applicable,0,,
2024-07-27 07:35:00,CNR4817979495,Driver Not Found,CID182979,Bike,Richmond Town,Nagarbhavi,,,Not Applicable,Not Applicable,Not Applicable,Not Applicable,342,Not Applicable,0,,
2024-07-10 22:46:00,CNR1769769695,Success,CID260923,Auto,Richmond Town,Cox Town,98.0,115.0,Not Applicable,Not Applicable,No,Not Applicable,401,Cash,9,3.1,3.5
2024-07-30 04:34:00,CNR8591062108,Canceled by Driver,CID626094,Prime Plus,Hosur Road,Yeshwanthpur,,,Not Applicable,Customer related issue,Not Applicable,Not Applicable,2668,Not Applicable,0,,
2024-07-18 11:54:00,CNR7374986186,Success,CID230950,Mini,Padmanabhanagar,Rajarajeshwari Nagar,84.0,115.0,Not Applicable,Not Applicable,No,Not Applicable,454,UPI,21,3.9,3.7
2024-07-06 05:38:00,CNR9218176614,Canceled by Customer,CID804336,Bike,Rajajinagar,HSR Layout,,,Driver asked to cancel,Not Applicable,Not Applicable,Not Applicable,489,Not Applicable,0,,
2024-07-11 21:50:00,CNR3565909496,Canceled by Driver,CID144510,Mini,Hulimavu,Banashankari,,,Not Applicable,Personal & Car related issue,Not Applicable,Not Applicable,401,Not Applicable,0,,
2024-07-15 20:41:00,CNR1472212143,Success,CID553150,Auto,Sahakar Nagar,Bellandur,35.0,100.0,Not Applicable,Not Applicable,No,Not Applicable,794,UPI,19,4.1,3.9
2024-07-03 01:11:00,CNR3751678202,Success,CID911043,Prime Plus,Peenya,Shantinagar,224.0,120.0,Not Applicable,Not Applicable,No,Not Applicable,963,Cash,12,4.8,4.0
2024-07-26 10:14:00,CNR4117723984,Canceled by Customer,CID782957,Prime SUV,Richmond Town,Indiranagar,,,Driver asked to cancel,Not Applicable,Not Applicable,Not Applicable,165,Not Applicable,0,,
2024-07-18 03:54:00,CNR2881878449,Success,CID522473,Auto,Kammanahalli,Basavanagudi,308.0,85.0,Not Applicable,Not Applicable,Yes,Customer Demand,2791,Cash,16,4.6,4.3
2024-07-09 09:04:00,CNR5103990821,Canceled by Driver,CID986088,eBike,Indiranagar,Hulimavu,,,Not Applicable,Personal & Car related issue,Not Applicable,Not Applicable,386,Not Applicable,0,,
2024-07-17 10:46:00,CNR7355562903,Driver Not Found,CID260965,Prime SUV,Hennur,Hebbal,,,Not Applicable,Not Applicable,Not Applicable,Not Applicable,435,Not Applicable,0,,
2024-07-02 13:38:00,CNR1514821457,Canceled by Customer,CID471721,Prime Plus,Frazer Town,Padmanabhanagar,,,Driver asked to cancel,Not Applicable,Not Applicable,Not Applicable,1655,Not Applicable,0,,
2024-07-24 14:33:00,CNR3101165415,Canceled by Driver,CID639125,eBike,Shantinagar,Sarjapur Road,,,Not Applicable,Personal & Car related issue,Not Applicable,Not Applicable,102,Not Applicable,0,,
2024-07-27 07:58:00,CNR2278202726,Success,CID956901,eBike,Mysore Road,Vijayanagar,133.0,135.0,Not Applicable,Not Applicable,No,Not Applicable,431,Cash,21,3.5,4.2
2024-07-30 20:55:00,CNR5929787437,Success,CID819387,Bike,Kengeri,HSR Layout,35.0,60.0,Not Applicable,Not Applicable,No,Not Applicable,252,Cash,6,3.1,3.3
2024-07-21 05:10:00,CNR7513196713,Success,CID103681,Auto,Sahakar Nagar,Devanahalli,308.0,50.0,Not Applicable,Not Applicable,No,Not Applicable,395,UPI,8,4.5,4.3
2024-07-24 13:17:00,CNR1012791459,Canceled by Driver,CID941791,Bike,Richmond Town,Sarjapur Road,,,Not Applicable,More than permitted people in there,Not Applicable,Not Applicable,822,Not Applicable,0,,
2024-07-28 09:52:00,CNR5838677845,Canceled by Driver,CID303504,Prime Sedan,Rajarajeshwari Nagar,Langford Town,,,Not Applicable,Personal & Car related issue,Not Applicable,Not Applicable,428,Not Applicable,0,,
2024-07-30 02:33:00,CNR5193263991,Canceled by Driver,CID922305,Mini,Ramamurthy Nagar,Whitefield,,,Not Applicable,Customer related issue,Not Applicable,Not Applicable,337,Not Applicable,0,,
2024-07-30 01:56:00,CNR1800703356,Success,CID934083,Prime Sedan,Sahakar Nagar,Jayanagar,266.0,130.0,Not Applicable,Not Applicable,No,Not Applicable,874,Cash,42,4.1,3.1
2024-07-29 10:38:00,CNR7362461033,Success,CID322951,Prime Sedan,Jayanagar,Ulsoor,231.0,135.0,Not Applicable,Not Applicable,No,Not Applicable,454,UPI,12,4.3,3.6
2024-07-04 12:12:00,CNR1170317460,Success,CID638895,Bike,Kengeri,Hennur,294.0,25.0,Not Applicable,Not Applicable,No,Not Applicable,269,UPI,2,3.0,3.5
2024-07-19 21:17:00,CNR3224937190,Success,CID447940,Auto,Bannerghatta Road,Hosur Road,259.0,90.0,Not Applicable,Not Applicable,No,Not Applicable,267,UPI,9,3.8,3.4
2024-07-02 18:46:00,CNR8738535315,Success,CID916326,Prime SUV,Kengeri,Magadi Road,231.0,45.0,Not Applicable,Not Applicable,No,Not Applicable,525,Cash,10,4.6,3.7
2024-07-23 00:43:00,CNR4019544417,Success,CID378324,Prime Sedan,Basavanagudi,Chamarajpet,147.0,140.0,Not Applicable,Not Applicable,No,Not Applicable,745,UPI,36,3.3,3.7
2024-07-14 02:45:00,CNR9518954355,Success,CID860853,Prime Sedan,Malleshwaram,Ulsoor,189.0,45.0,Not Applicable,Not Applicable,No,Not Applicable,322,Credit Card,6,3.9,3.8
2024-07-07 05:05:00,CNR4721615514,Success,CID340163,Prime Sedan,Rajarajeshwari Nagar,Marathahalli,294.0,90.0,Not Applicable,Not Applicable,No,Not Applicable,199,Cash,43,4.3,3.9
2024-07-26 13:27:00,CNR1194173744,Canceled by Driver,CID287253,Prime SUV,Hulimavu,Kengeri,,,Not Applicable,Customer related issue,Not Applicable,Not Applicable,847,Not Applicable,0,,
2024-07-02 12:23:00,CNR6038100964,Canceled by Customer,CID741667,Auto,BTM Layout,Tumkur Road,,,Wrong Address,Not Applicable,Not Applicable,Not Applicable,689,Not Applicable,0,,
2024-07-12 19:01:00,CNR8177149622,Success,CID637579,Prime SUV,MG Road,Sahakar Nagar,168.0,65.0,Not Applicable,Not Applicable,No,Not Applicable,151,UPI,41,3.5,3.0
2024-07-20 12:02:00,CNR5984440979,Success,CID432852,Prime SUV,Vijayanagar,Jayanagar,140.0,55.0,Not Applicable,Not Applicable,No,Not Applicable,1440,Cash,8,4.3,3.3
2024-07-14 16:58:00,CNR5034895085,Canceled by Driver,CID304768,Bike,Chickpet,Nagarbhavi,,,Not Applicable,Customer related issue,Not Applicable,Not Applicable,229,Not Applicable,0,,
2024-07-20 19:38:00,CNR1510062471,Canceled by Driver,CID979235,Prime Plus,Frazer Town,Kammanahalli,,,Not Applicable,Customer related issue,Not Applicable,Not Applicable,245,Not Applicable,0,,
2024-07-27 06:06:00,CNR1982323014,Canceled by Customer,CID606683,Prime Plus,Hebbal,Electronic City,,,Change of plans,Not Applicable,Not Applicable,Not Applicable,123,Not Applicable,0,,
2024-07-11 02:00:00,CNR4074582411,Canceled by Customer,CID909402,Auto,Malleshwaram,Yelahanka,,,Change of plans,Not Applicable,Not Applicable,Not Applicable,253,Not Applicable,0,,
2024-07-09 22:38:00,CNR3991547356,Canceled by Customer,CID837422,Prime Plus,Shivajinagar,Hennur,,,AC is Not working,Not Applicable,Not Applicable,Not Applicable,412,Not Applicable,0,,
2024-07-08 15:22:00,CNR3206188791,Canceled by Driver,CID980262,eBike,Chickpet,Whitefield,,,Not Applicable,Customer related issue,Not Applicable,Not Applicable,322,Not Applicable,0,,
2024-07-15 18:38:00,CNR6486268904,Canceled by Driver,CID351795,Prime Plus,Kengeri,Indiranagar,,,Not Applicable,More than permitted people in there,Not Applicable,Not Applicable,347,Not Applicable,0,,
2024-07-19 18:44:00,CNR7991571948,Success,CID674264,Prime SUV,Mysore Road,Bannerghatta Road,245.0,145.0,Not Applicable,Not Applicable,No,Not Applicable,928,UPI,1,4.7,4.5
2024-07-12 06:22:00,CNR9759698590,Success,CID343959,Auto,Mysore Road,Bannerghatta Road,189.0,120.0,Not Applicable,Not Applicable,No,Not Applicable,139,Cash,1,3.0,4.2
2024-07-11 04:08:00,CNR7163219751,Success,CID546091,Auto,Hosur Road,Devanahalli,210.0,120.0,Not Applicable,Not Applicable,No,Not Applicable,2738,Cash,17,3.5,4.1
2024-07-03 13:46:00,CNR8851974355,Canceled by Driver,CID733614,Auto,Langford Town,Hulimavu,,,Not Applicable,Customer related issue,Not Applicable,Not Applicable,212,Not Applicable,0,,
2024-07-14 10:23:00,CNR3364981718,Canceled by Driver,CID252177,Bike,Banashankari,Sahakar Nagar,,,Not Applicable,Customer related issue,Not Applicable,Not Applicable,194,Not Applicable,0,,
2024-07-13 17:23:00,CNR3221620576,Canceled by Driver,CID280284,Prime SUV,BTM Layout,Tumkur Road,,,Not Applicable,Customer was coughing/sick,Not Applicable,Not Applicable,156,Not Applicable,0,,
2024-07-20 04:00:00,CNR6315054954,Success,CID211135,eBike,Vijayanagar,Majestic,210.0,95.0,Not Applicable,Not Applicable,Yes,Customer Demand,486,Cash,27,4.7,4.1
2024-07-12 10:58:00,CNR4165000890,Driver Not Found,CID566787,Bike,Indiranagar,Magadi Road,,,Not Applicable,Not Applicable,Not Applicable,Not Applicable,427,Not Applicable,0,,
2024-07-19 21:40:00,CNR1041360393,Canceled by Customer,CID462322,Mini,Indiranagar,Sahakar Nagar,,,Driver asked to cancel,Not Applicable,Not Applicable,Not Applicable,1171,Not Applicable,0,,
2024-07-21 12:59:00,CNR5746138233,Canceled by Driver,CID579914,Prime Sedan,Jayanagar,Basavanagudi,,,Not Applicable,Personal & Car related issue,Not Applicable,Not Applicable,259,Not Applicable,0,,
2024-07-11 21:20:00,CNR8656330353,Success,CID308831,eBike,Electronic City,Padmanabhanagar,189.0,45.0,Not Applicable,Not Applicable,No,Not Applicable,179,Cash,24,4.3,3.8
2024-07-28 01:57:00,CNR4038795623,Driver Not Found,CID965112,Prime SUV,Yelahanka,HSR Layout,,,Not Applicable,Not Applicable,Not Applicable,Not Applicable,1878,Not Applicable,0,,
2024-07-15 05:18:00,CNR2044661170,Success,CID100856,Mini,Vijayanagar,Rajajinagar,287.0,75.0,Not Applicable,Not Applicable,No,Not Applicable,133,Cash,14,3.4,4.0
2024-07-01 11:44:00,CNR2075084112,Canceled by Customer,CID563380,Prime SUV,BTM Layout,Hosur Road,,,Driver asked to cancel,Not Applicable,Not Applicable,Not Applicable,248,Not Applicable,0,,
2024-07-27 14:45:00,CNR3243280367,Canceled by Customer,CID992311,eBike,Cox Town,Richmond Town,,,Wrong Address,Not Applicable,Not Applicable,Not Applicable,466,Not Applicable,0,,
2024-07-08 05:57:00,CNR1385611430,Success,CID875767,Bike,Sahakar Nagar,MG Road,308.0,80.0,Not Applicable,Not Applicable,No,Not Applicable,358,UPI,34,4.3,4.7
2024-07-27 04:22:00,CNR1715838651,Success,CID942802,eBike,Mysore Road,Bannerghatta Road,238.0,30.0,Not Applicable,Not Applicable,Yes,Customer Demand,231,Cash,48,5.0,3.4
2024-07-12 21:55:00,CNR9157387624,Success,CID272340,Auto,Hebbal,Varthur,217.0,40.0,Not Applicable,Not Applicable,No,Not Applicable,385,Cash,3,5.0,3.3
2024-07-26 04:58:00,CNR7607160862,Success,CID647434,Auto,Hennur,Rajarajeshwari Nagar,210.0,145.0,Not Applicable,Not Applicable,No,Not Applicable,283,UPI,17,4.7,3.6
2024-07-14 11:58:00,CNR8336094050,Canceled by Customer,CID435765,eBike,Devanahalli,Indiranagar,,,Driver is not moving towards pickup location,Not Applicable,Not Applicable,Not Applicable,487,Not Applicable,0,,
2024-07-07 05:15:00,CNR7918320527,Canceled by Customer,CID262044,eBike,Vijayanagar,Rajajinagar,,,Change of plans,Not Applicable,Not Applicable,Not Applicable,208,Not Applicable,0,,
2024-07-29 08:14:00,CNR9939384780,Canceled by Customer,CID952896,Auto,Richmond Town,Bellandur,,,Driver is not moving towards pickup location,Not Applicable,Not Applicable,Not Applicable,410,Not Applicable,0,,
2024-07-18 14:58:00,CNR3970046776,Success,CID555800,Mini,Chamarajpet,Frazer Town,266.0,65.0,Not Applicable,Not Applicable,No,Not Applicable,940,Cash,25,4.8,4.5
2024-07-25 09:37:00,CNR7756111678,Success,CID420216,Prime Sedan,Padmanabhanagar,Shivajinagar,77.0,35.0,Not Applicable,Not Applicable,No,Not Applicable,676,Cash,33,4.9,4.4
2024-07-28 09:26:00,CNR1340355206,Success,CID994898,eBike,Sahakar Nagar,Rajajinagar,182.0,55.0,Not Applicable,Not Applicable,No,Not Applicable,326,Cash,14,4.1,4.4
2024-07-02 23:19:00,CNR2656793463,Driver Not Found,CID629898,Mini,KR Puram,Marathahalli,,,Not Applicable,Not Applicable,Not Applicable,Not Applicable,677,Not Applicable,0,,
2024-07-01 07:03:00,CNR6466216032,Success,CID496055,Auto,Richmond Town,Frazer Town,126.0,100.0,Not Applicable,Not Applicable,No,Not Applicable,476,Cash,11,3.3,4.2
2024-07-28 05:27:00,CNR4734201896,Success,CID266887,Prime Plus,Ulsoor,Peenya,203.0,30.0,Not Applicable,Not Applicable,No,Not Applicable,470,UPI,16,3.8,4.8
2024-07-17 22:38:00,CNR4978831175,Canceled by Driver,CID660361,Auto,Whitefield,HSR Layout,,,Not Applicable,Personal & Car related issue,Not Applicable,Not Applicable,468,Not Applicable,0,,
2024-07-27 14:40:00,CNR8071263646,Success,CID535545,Prime SUV,Yeshwanthpur,Malleshwaram,224.0,130.0,Not Applicable,Not Applicable,No,Not Applicable,820,Cash,44,4.0,4.9
2024-07-04 11:12:00,CNR9520869355,Success,CID659889,Bike,Hebbal,KR Puram,49.0,125.0,Not Applicable,Not Applicable,No,Not Applicable,733,UPI,11,4.4,4.0
2024-07-17 19:08:00,CNR1005378946,Canceled by Customer,CID113087,Mini,Indiranagar,Devanahalli,,,AC is Not working,Not Applicable,Not Applicable,Not Applicable,2734,Not Applicable,0,,
2024-07-27 16:48:00,CNR9852681958,Success,CID268274,Prime Sedan,Whitefield,Kengeri,147.0,35.0,Not Applicable,Not Applicable,No,Not Applicable,797,Cash,39,3.8,3.7
2024-07-05 18:58:00,CNR6057409258,Canceled by Customer,CID302244,Prime Sedan,Chamarajpet,Sahakar Nagar,,,Driver is not moving towards pickup location,Not Applicable,Not Applicable,Not Applicable,348,Not Applicable,0,,
2024-07-28 04:13:00,CNR8455685578,Success,CID648555,Auto,HSR Layout,Indiranagar,91.0,65.0,Not Applicable,Not Applicable,No,Not Applicable,405,Cash,11,3.2,3.3
2024-07-24 14:55:00,CNR1918790067,Success,CID202548,Mini,Electronic City,Devanahalli,252.0,55.0,Not Applicable,Not Applicable,No,Not Applicable,390,Credit Card,6,4.8,4.2
2024-07-15 05:18:00,CNR5949688032,Success,CID942686,Bike,Ramamurthy Nagar,Banashankari,280.0,105.0,Not Applicable,Not Applicable,No,Not Applicable,339,UPI,3,3.2,4.2
2024-07-08 15:36:00,CNR2457535594,Success,CID561908,Prime SUV,Frazer Town,Magadi Road,147.0,85.0,Not Applicable,Not Applicable,No,Not Applicable,781,UPI,49,3.9,4.6
2024-07-02 19:12:00,CNR2991019149,Success,CID646395,Bike,Nagarbhavi,Frazer Town,287.0,100.0,Not Applicable,Not Applicable,No,Not Applicable,286,UPI,2,5.0,3.5
2024-07-09 21:02:00,CNR8275217913,Success,CID320862,Prime Plus,Majestic,Tumkur Road,280.0,135.0,Not Applicable,Not Applicable,No,Not Applicable,1611,UPI,34,3.2,4.7
2024-07-22 14:26:00,CNR9364323038,Success,CID144302,Mini,Jayanagar,Chamarajpet,224.0,45.0,Not Applicable,Not Applicable,No,Not Applicable,229,Cash,18,4.3,3.9
2024-07-17 18:55:00,CNR9606391170,Canceled by Driver,CID302918,eBike,Whitefield,MG Road,,,Not Applicable,Personal & Car related issue,Not Applicable,Not Applicable,471,Not Applicable,0,,
2024-07-20 07:26:00,CNR4511397410,Success,CID766620,Prime Sedan,Langford Town,Hosur Road,91.0,35.0,Not Applicable,Not Applicable,No,Not Applicable,246,UPI,21,4.4,4.0
2024-07-21 19:00:00,CNR4646865196,Canceled by Driver,CID517233,eBike,Ulsoor,Electronic City,,,Not Applicable,Personal & Car related issue,Not Applicable,Not Applicable,338,Not Applicable,0,,
2024-07-03 11:42:00,CNR6067050912,Success,CID398619,Prime Sedan,Kammanahalli,Shivajinagar,133.0,135.0,Not Applicable,Not Applicable,No,Not Applicable,757,UPI,33,3.1,3.9
2024-07-23 21:25:00,CNR9527005846,Success,CID833662,Auto,Kengeri,Padmanabhanagar,287.0,100.0,Not Applicable,Not Applicable,No,Not Applicable,177,UPI,9,4.4,3.4
2024-07-20 04:14:00,CNR4350470923,Canceled by Customer,CID795677,Prime Sedan,Jayanagar,Bellandur,,,Driver asked to cancel,Not Applicable,Not Applicable,Not Applicable,160,Not Applicable,0,,
2024-07-18 03:33:00,CNR8128002152,Success,CID197662,Prime Plus,Peenya,BTM Layout,98.0,70.0,Not Applicable,Not Applicable,No,Not Applicable,799,Cash,28,3.1,4.6
2024-07-27 03:35:00,CNR7804268077,Driver Not Found,CID739570,Mini,Peenya,Chickpet,,,Not Applicable,Not Applicable,Not Applicable,Not Applicable,117,Not Applicable,0,,
2024-07-19 15:37:00,CNR9432900826,Success,CID190580,Prime SUV,KR Puram,Basavanagudi,189.0,45.0,Not Applicable,Not Applicable,Yes,Customer Demand,114,UPI,44,4.0,4.9
2024-07-29 19:13:00,CNR3984021471,Success,CID769601,Bike,Kadugodi,Kengeri,77.0,110.0,Not Applicable,Not Applicable,No,Not Applicable,376,Cash,25,3.7,3.1
2024-07-05 14:11:00,CNR9999283845,Success,CID279858,Mini,Rajajinagar,Malleshwaram,119.0,85.0,Not Applicable,Not Applicable,No,Not Applicable,376,Cash,8,3.9,4.4
2024-07-02 15:12:00,CNR7698341776,Driver Not Found,CID515799,Prime Sedan,Marathahalli,Richmond Town,,,Not Applicable,Not Applicable,Not Applicable,Not Applicable,147,Not Applicable,0,,
2024-07-12 08:36:00,CNR6607522240,Success,CID479205,Prime Sedan,Kengeri,Yeshwanthpur,217.0,115.0,Not Applicable,Not Applicable,No,Not Applicable,257,Cash,11,4.0,4.0
2024-07-11 06:32:00,CNR2266475591,Success,CID362610,Prime Plus,Basavanagudi,HSR Layout,84.0,85.0,Not Applicable,Not Applicable,No,Not Applicable,633,Credit Card,7,4.6,3.7
2024-07-05 03:48:00,CNR9606228005,Driver Not Found,CID123285,Bike,JP Nagar,Frazer Town,,,Not Applicable,Not Applicable,Not Applicable,Not Applicable,478,Not Applicable,0,,
2024-07-13 01:10:00,CNR4282388085,Canceled by Customer,CID888956,Mini,Kadugodi,Rajajinagar,,,Driver is not moving towards pickup location,Not Applicable,Not Applicable,Not Applicable,128,Not Applicable,0,,
2024-07-30 19:25:00,CNR8639909808,Driver Not Found,CID218660,eBike,Frazer Town,Magadi Road,,,Not Applicable,Not Applicable,Not Applicable,Not Applicable,134,Not Applicable,0,,
2024-07-11 20:52:00,CNR6133008805,Success,CID599758,eBike,Sahakar Nagar,Rajajinagar,168.0,40.0,Not Applicable,Not Applicable,No,Not Applicable,436,UPI,5,3.6,4.9
2024-07-21 21:49:00,CNR7033758427,Driver Not Found,CID454350,Bike,Ulsoor,Banashankari,,,Not Applicable,Not Applicable,Not Applicable,Not Applicable,214,Not Applicable,0,,
2024-07-05 17:20:00,CNR6074102935,Success,CID376817,Auto,Marathahalli,Shivajinagar,259.0,145.0,Not Applicable,Not Applicable,No,Not Applicable,112,Cash,2,3.3,3.9
2024-07-30 06:55:00,CNR4923381821,Canceled by Driver,CID361111,Prime Sedan,Peenya,Langford Town,,,Not Applicable,More than permitted people in there,Not Applicable,Not Applicable,2388,Not Applicable,0,,
2024-07-30 07:41:00,CNR5726753534,Canceled by Driver,CID365185,Prime Plus,Devanahalli,KR Puram,,,Not Applicable,Personal & Car related issue,Not Applicable,Not Applicable,122,Not Applicable,0,,
2024-07-12 19:52:00,CNR3264881633,Canceled by Driver,CID481980,Mini,Yeshwanthpur,Cox Town,,,Not Applicable,Personal & Car related issue,Not Applicable,Not Applicable,272,Not Applicable,0,,
2024-07-01 10:24:00,CNR2993200375,Canceled by Driver,CID710171,eBike,Bellandur,Shivajinagar,,,Not Applicable,Customer was coughing/sick,Not Applicable,Not Applicable,207,Not Applicable,0,,
2024-07-04 19:40:00,CNR3771568399,Driver Not Found,CID403915,Prime SUV,Peenya,BTM Layout,,,Not Applicable,Not Applicable,Not Applicable,Not Applicable,781,Not Applicable,0,,
2024-07-06 06:07:00,CNR7358639732,Canceled by Customer,CID877405,eBike,Hebbal,Shivajinagar,,,Driver asked to cancel,Not Applicable,Not Applicable,Not Applicable,319,Not Applicable,0,,
2024-07-04 03:39:00,CNR5822871124,Canceled by Driver,CID881385,Bike,Rajajinagar,Kammanahalli,,,Not Applicable,Customer related issue,Not Applicable,Not Applicable,291,Not Applicable,0,,
2024-07-22 23:59:00,CNR2642225639,Success,CID585833,Prime Plus,HSR Layout,Jayanagar,84.0,130.0,Not Applicable,Not Applicable,No,Not Applicable,830,Cash,8,4.4,4.0
2024-07-18 08:34:00,CNR7809007327,Canceled by Driver,CID886745,Prime Plus,Basavanagudi,Ulsoor,,,Not Applicable,Personal & Car related issue,Not Applicable,Not Applicable,766,Not Applicable,0,,
2024-07-05 23:01:00,CNR4700051125,Success,CID106196,Prime Sedan,Rajajinagar,Chamarajpet,98.0,80.0,Not Applicable,Not Applicable,No,Not Applicable,688,UPI,25,4.3,3.5
2024-07-22 21:12:00,CNR2985325786,Success,CID866991,eBike,Jayanagar,Majestic,252.0,70.0,Not Applicable,Not Applicable,No,Not Applicable,170,Cash,2,4.2,4.4
2024-07-04 22:58:00,CNR4063010595,Success,CID568521,Bike,KR Puram,Indiranagar,308.0,80.0,Not Applicable,Not Applicable,No,Not Applicable,289,UPI,21,3.6,3.9
2024-07-12 21:34:00,CNR7028964836,Success,CID344176,Bike,Whitefield,Yeshwanthpur,140.0,100.0,Not Applicable,Not Applicable,No,Not Applicable,444,UPI,20,4.8,4.5
2024-07-18 22:12:00,CNR8503828956,Canceled by Customer,CID957242,Prime Plus,Padmanabhanagar,Whitefield,,,Driver is not moving towards pickup location,Not Applicable,Not Applicable,Not Applicable,265,Not Applicable,0,,
2024-07-20 05:03:00,CNR6362772356,Canceled by Driver,CID263598,eBike,Banashankari,Bellandur,,,Not Applicable,Customer related issue,Not Applicable,Not Applicable,859,Not Applicable,0,,
2024-07-20 21:40:00,CNR9092767222,Success,CID484478,Mini,Indiranagar,MG Road,210.0,45.0,Not Applicable,Not Applicable,No,Not Applicable,828,UPI,3,3.0,3.5
2024-07-03 04:18:00,CNR9883901509,Success,CID562294,Mini,Malleshwaram,Chamarajpet,301.0,65.0,Not Applicable,Not Applicable,No,Not Applicable,369,UPI,19,4.8,3.2
2024-07-28 15:13:00,CNR9900687366,Canceled by Customer,CID428811,eBike,Rajarajeshwari Nagar,Bannerghatta Road,,,Driver is not moving towards pickup location,Not Applicable,Not Applicable,Not Applicable,835,Not Applicable,0,,
2024-07-27 02:37:00,CNR4600267499,Canceled by Customer,CID888715,Bike,Hosur Road,Devanahalli,,,Driver is not moving towards pickup location,Not Applicable,Not Applicable,Not Applicable,161,Not Applicable,0,,
2024-07-20 13:18:00,CNR2848265362,Success,CID638240,Prime SUV,Chickpet,Yeshwanthpur,133.0,135.0,Not Applicable,Not Applicable,No,Not Applicable,173,Cash,44,3.6,3.3
2024-07-09 12:34:00,CNR3774162298,Canceled by Driver,CID214154,Auto,MG Road,Whitefield,,,Not Applicable,Personal & Car related issue,Not Applicable,Not Applicable,226,Not Applicable,0,,
2024-07-08 00:31:00,CNR3815373079,Success,CID459681,Prime SUV,JP Nagar,HSR Layout,42.0,60.0,Not Applicable,Not Applicable,No,Not Applicable,671,UPI,49,4.1,4.6
2024-07-16 11:24:00,CNR1680969550,Canceled by Driver,CID186307,Prime Plus,HSR Layout,Banashankari,,,Not Applicable,Personal & Car related issue,Not Applicable,Not Applicable,269,Not Applicable,0,,
2024-07-25 23:37:00,CNR6125355953,Success,CID342111,Prime Sedan,Magadi Road,Cox Town,224.0,145.0,Not Applicable,Not Applicable,No,Not Applicable,645,Credit Card,43,4.8,3.8
2024-07-14 19:59:00,CNR8293008817,Success,CID697446,eBike,Cox Town,Bellandur,56.0,80.0,Not Applicable,Not Applicable,No,Not Applicable,147,Cash,10,3.7,4.6
2024-07-25 23:31:00,CNR7144280778,Success,CID693169,Mini,Richmond Town,Hennur,84.0,135.0,Not Applicable,Not Applicable,No,Not Applicable,628,Cash,11,4.0,3.9
2024-07-08 21:46:00,CNR9333669490,Success,CID901595,eBike,Hebbal,Kammanahalli,245.0,135.0,Not Applicable,Not Applicable,No,Not Applicable,112,UPI,25,3.3,3.2
2024-07-23 21:57:00,CNR9847305080,Success,CID890818,Prime SUV,Hennur,JP Nagar,84.0,90.0,Not Applicable,Not Applicable,No,Not Applicable,744,Credit Card,39,4.8,3.6
2024-07-23 06:35:00,CNR7221397264,Canceled by Driver,CID646173,Bike,Chickpet,Rajarajeshwari Nagar,,,Not Applicable,Customer related issue,Not Applicable,Not Applicable,547,Not Applicable,0,,
2024-07-11 11:00:00,CNR5147893250,Success,CID694352,Bike,Jayanagar,Nagarbhavi,147.0,45.0,Not Applicable,Not Applicable,No,Not Applicable,331,UPI,2,3.4,3.9
2024-07-05 04:21:00,CNR4254354212,Success,CID568240,Prime Sedan,Hennur,Majestic,203.0,80.0,Not Applicable,Not Applicable,No,Not Applicable,497,Cash,43,4.1,3.3
2024-07-04 22:51:00,CNR1065315222,Canceled by Customer,CID462099,Mini,Nagarbhavi,Frazer Town,,,Driver is not moving towards pickup location,Not Applicable,Not Applicable,Not Applicable,465,Not Applicable,0,,
2024-07-24 22:07:00,CNR8820763953,Success,CID363115,Mini,KR Puram,Peenya,56.0,60.0,Not Applicable,Not Applicable,No,Not Applicable,659,Cash,37,4.6,4.9
2024-07-29 07:46:00,CNR9286399022,Success,CID985634,Prime Plus,Marathahalli,Malleshwaram,196.0,135.0,Not Applicable,Not Applicable,No,Not Applicable,345,Cash,18,4.1,3.0
2024-07-16 09:25:00,CNR4565554772,Driver Not Found,CID391170,eBike,JP Nagar,RT Nagar,,,Not Applicable,Not Applicable,Not Applicable,Not Applicable,2288,Not Applicable,0,,
2024-07-10 00:50:00,CNR5278031599,Success,CID730086,Prime Plus,Indiranagar,Electronic City,294.0,95.0,Not Applicable,Not Applicable,No,Not Applicable,249,Cash,31,3.9,5.0
2024-07-05 00:11:00,CNR6642926994,Canceled by Customer,CID786407,Mini,Jayanagar,Devanahalli,,,Driver asked to cancel,Not Applicable,Not Applicable,Not Applicable,256,Not Applicable,0,,
2024-07-01 06:23:00,CNR8008057059,Canceled by Driver,CID281127,Auto,Electronic City,Langford Town,,,Not Applicable,Customer was coughing/sick,Not Applicable,Not Applicable,323,Not Applicable,0,,
2024-07-05 17:54:00,CNR5763798081,Canceled by Customer,CID723865,Auto,Vijayanagar,Sarjapur Road,,,Change of plans,Not Applicable,Not Applicable,Not Applicable,317,Not Applicable,0,,
2024-07-09 14:29:00,CNR2817175732,Success,CID696477,Prime SUV,Yeshwanthpur,Shantinagar,238.0,140.0,Not Applicable,Not Applicable,No,Not Applicable,952,Cash,10,3.5,4.2
2024-07-03 08:54:00,CNR4306129136,Success,CID858401,Prime Sedan,Magadi Road,Hulimavu,245.0,135.0,Not Applicable,Not Applicable,No,Not Applicable,343,Cash,30,5.0,3.9
2024-07-18 08:39:00,CNR5458290330,Driver Not Found,CID551847,Prime SUV,Nagarbhavi,Peenya,,,Not Applicable,Not Applicable,Not Applicable,Not Applicable,438,Not Applicable,0,,
2024-07-17 03:55:00,CNR9921982230,Canceled by Driver,CID428369,Auto,Vijayanagar,HSR Layout,,,Not Applicable,Customer was coughing/sick,Not Applicable,Not Applicable,245,Not Applicable,0,,
2024-07-14 00:53:00,CNR4426890978,Success,CID269929,Prime SUV,Banashankari,Banashankari,133.0,55.0,Not Applicable,Not Applicable,No,Not Applicable,947,Cash,32,3.1,4.9
2024-07-05 18:10:00,CNR2711757290,Success,CID996215,Prime Plus,Basavanagudi,Shantinagar,217.0,90.0,Not Applicable,Not Applicable,No,Not Applicable,361,UPI,7,4.2,4.3
2024-07-12 11:00:00,CNR2300169362,Canceled by Driver,CID393515,Auto,Kengeri,RT Nagar,,,Not Applicable,Customer was coughing/sick,Not Applicable,Not Applicable,458,Not Applicable,0,,
2024-07-28 09:00:00,CNR8243852182,Success,CID741939,Prime Plus,HSR Layout,Nagarbhavi,280.0,70.0,Not Applicable,Not Applicable,No,Not Applicable,260,Cash,26,3.0,4.9
2024-07-02 12:51:00,CNR5744771096,Canceled by Driver,CID875793,Bike,Chamarajpet,Banashankari,,,Not Applicable,Personal & Car related issue,Not Applicable,Not Applicable,466,Not Applicable,0,,
2024-07-03 09:14:00,CNR8796653267,Success,CID617974,Auto,Yelahanka,BTM Layout,140.0,105.0,Not Applicable,Not Applicable,No,Not Applicable,886,Cash,10,3.2,3.2
2024-07-09 07:19:00,CNR1051713591,Canceled by Driver,CID309508,Mini,BTM Layout,Cox Town,,,Not Applicable,Customer related issue,Not Applicable,Not Applicable,105,Not Applicable,0,,
2024-07-19 20:29:00,CNR9313822875,Success,CID773304,Bike,Cox Town,Marathahalli,203.0,100.0,Not Applicable,Not Applicable,No,Not Applicable,851,UPI,17,4.3,3.9
2024-07-25 05:24:00,CNR2542273625,Canceled by Customer,CID740912,eBike,Sahakar Nagar,Rajarajeshwari Nagar,,,Driver is not moving towards pickup location,Not Applicable,Not Applicable,Not Applicable,495,Not Applicable,0,,
2024-07-05 04:54:00,CNR8794962814,Success,CID217280,Prime Plus,Vijayanagar,Hebbal,182.0,130.0,Not Applicable,Not Applicable,No,Not Applicable,151,UPI,25,4.2,4.5
2024-07-30 06:14:00,CNR8977759571,Canceled by Driver,CID659327,Prime Plus,Sarjapur Road,Banashankari,,,Not Applicable,Customer related issue,Not Applicable,Not Applicable,628,Not Applicable,0,,
2024-07-10 13:28:00,CNR6627676230,Success,CID323200,Auto,Rajajinagar,Shantinagar,133.0,105.0,Not Applicable,Not Applicable,No,Not Applicable,290,Cash,6,4.5,4.8
2024-07-25 10:04:00,CNR1771226555,Canceled by Driver,CID549655,Prime Plus,Malleshwaram,Indiranagar,,,Not Applicable,Customer was coughing/sick,Not Applicable,Not Applicable,143,Not Applicable,0,,
2024-07-09 21:15:00,CNR6205308679,Canceled by Driver,CID763325,Mini,Kengeri,Tumkur Road,,,Not Applicable,Customer related issue,Not Applicable,Not Applicable,149,Not Applicable,0,,
2024-07-25 07:06:00,CNR9590908254,Success,CID441998,Prime SUV,Majestic,Nagarbhavi,161.0,70.0,Not Applicable,Not Applicable,No,Not Applicable,2389,UPI,21,3.8,4.1
2024-07-03 02:56:00,CNR3815636436,Driver Not Found,CID484804,Bike,Nagarbhavi,Sarjapur Road,,,Not Applicable,Not Applicable,Not Applicable,Not Applicable,398,Not Applicable,0,,
2024-07-22 07:48:00,CNR9495347555,Success,CID728751,Prime Sedan,Majestic,Mysore Road,133.0,40.0,Not Applicable,Not Applicable,No,Not Applicable,194,UPI,44,3.3,3.1
2024-07-28 14:51:00,CNR1241879369,Success,CID844449,Bike,Langford Town,Bellandur,210.0,30.0,Not Applicable,Not Applicable,No,Not Applicable,499,UPI,42,3.4,4.3
2024-07-22 08:51:00,CNR1728764331,Success,CID269949,eBike,Hosur Road,Padmanabhanagar,140.0,65.0,Not Applicable,Not Applicable,No,Not Applicable,219,UPI,15,3.9,4.6
2024-07-12 20:41:00,CNR2638895343,Success,CID322264,Prime Plus,Richmond Town,Shivajinagar,105.0,65.0,Not Applicable,Not Applicable,No,Not Applicable,478,Credit Card,13,4.2,4.5
2024-07-22 11:23:00,CNR6212625841,Success,CID144321,Prime Plus,Mysore Road,Malleshwaram,308.0,75.0,Not Applicable,Not Applicable,No,Not Applicable,257,UPI,30,3.2,3.1
2024-07-28 23:22:00,CNR3891660604,Success,CID219684,Mini,Rajajinagar,Sarjapur Road,245.0,115.0,Not Applicable,Not Applicable,No,Not Applicable,349,Cash,6,4.3,3.5
2024-07-13 12:45:00,CNR2867070202,Success,CID619574,Bike,Peenya,Banashankari,77.0,50.0,Not Applicable,Not Applicable,Yes,Vehicle Breakdown,954,Cash,18,3.9,4.3
2024-07-03 12:06:00,CNR9424036408,Success,CID144916,eBike,HSR Layout,Tumkur Road,126.0,130.0,Not Applicable,Not Applicable,No,Not Applicable,2600,UPI,33,4.6,3.1
2024-07-08 23:29:00,CNR4120281016,Canceled by Driver,CID471103,Mini,Richmond Town,Banashankari,,,Not Applicable,Personal & Car related issue,Not Applicable,Not Applicable,220,Not Applicable,0,,
2024-07-28 23:18:00,CNR9245352283,Canceled by Customer,CID293176,Bike,Jayanagar,Frazer Town,,,Change of plans,Not Applicable,Not Applicable,Not Applicable,200,Not Applicable,0,,
2024-07-05 14:35:00,CNR8845559303,Success,CID924453,Auto,HSR Layout,Whitefield,266.0,25.0,Not Applicable,Not Applicable,No,Not Applicable,174,UPI,18,4.8,3.1
2024-07-21 07:31:00,CNR1796581309,Driver Not Found,CID186935,Bike,Kengeri,Banashankari,,,Not Applicable,Not Applicable,Not Applicable,Not Applicable,600,Not Applicable,0,,
2024-07-09 18:27:00,CNR8807146572,Success,CID567939,Prime Plus,Chickpet,Hebbal,224.0,50.0,Not Applicable,Not Applicable,Yes,Vehicle Breakdown,939,Cash,21,3.1,3.5
2024-07-12 05:59:00,CNR6370837231,Canceled by Driver,CID632569,eBike,Yelahanka,Kengeri,,,Not Applicable,Customer was coughing/sick,Not Applicable,Not Applicable,479,Not Applicable,0,,
2024-07-23 14:31:00,CNR1543746729,Driver Not Found,CID979320,Prime SUV,Cox Town,Tumkur Road,,,Not Applicable,Not Applicable,Not Applicable,Not Applicable,584,Not Applicable,0,,
2024-07-08 08:24:00,CNR1917149689,Success,CID570498,Prime SUV,Marathahalli,Sahakar Nagar,147.0,65.0,Not Applicable,Not Applicable,No,Not Applicable,353,Cash,31,3.7,4.3
2024-07-22 00:18:00,CNR4998804047,Canceled by Driver,CID328191,Prime Plus,Kammanahalli,Tumkur Road,,,Not Applicable,Personal & Car related issue,Not Applicable,Not Applicable,530,Not Applicable,0,,
2024-07-17 13:33:00,CNR6506041204,Canceled by Driver,CID329030,eBike,Indiranagar,Rajarajeshwari Nagar,,,Not Applicable,Customer was coughing/sick,Not Applicable,Not Applicable,448,Not Applicable,0,,
2024-07-13 04:17:00,CNR8623858018,Success,CID290362,Prime SUV,Hebbal,Frazer Town,49.0,70.0,Not Applicable,Not Applicable,No,Not Applicable,407,Cash,12,4.6,3.7
2024-07-04 09:53:00,CNR5589031873,Success,CID584183,eBike,Jayanagar,Bellandur,77.0,55.0,Not Applicable,Not Applicable,No,Not Applicable,340,UPI,30,4.2,4.0
2024-07-08 23:16:00,CNR9324083693,Success,CID296000,Mini,Malleshwaram,Sahakar Nagar,287.0,105.0,Not Applicable,Not Applicable,No,Not Applicable,2712,Cash,27,5.0,3.4
2024-07-30 17:37:00,CNR1544522348,Canceled by Customer,CID734099,Prime Sedan,Hennur,BTM Layout,,,AC is Not working,Not Applicable,Not Applicable,Not Applicable,185,Not Applicable,0,,
2024-07-23 15:27:00,CNR5464140404,Success,CID567195,Auto,Magadi Road,HSR Layout,105.0,85.0,Not Applicable,Not Applicable,No,Not Applicable,853,Cash,14,3.9,4.8
2024-07-05 13:13:00,CNR6079638105,Success,CID979601,Prime SUV,Sarjapur Road,Ulsoor,224.0,145.0,Not Applicable,Not Applicable,No,Not Applicable,144,Cash,35,3.3,4.5
2024-07-06 10:35:00,CNR5306276054,Canceled by Driver,CID313762,eBike,Banashankari,Tumkur Road,,,Not Applicable,Customer was coughing/sick,Not Applicable,Not Applicable,891,Not Applicable,0,,
2024-07-20 14:02:00,CNR8271682297,Success,CID800038,Auto,RT Nagar,Shantinagar,77.0,115.0,Not Applicable,Not Applicable,No,Not Applicable,218,UPI,19,4.4,3.5
2024-07-17 08:00:00,CNR2940521094,Success,CID376143,Prime Sedan,BTM Layout,Koramangala,287.0,40.0,Not Applicable,Not Applicable,No,Not Applicable,220,Cash,39,4.9,3.6
2024-07-04 05:14:00,CNR1270861100,Canceled by Driver,CID372212,Mini,Shivajinagar,KR Puram,,,Not Applicable,Customer related issue,Not Applicable,Not Applicable,625,Not Applicable,0,,
2024-07-17 22:31:00,CNR4358552011,Success,CID358073,Auto,Hebbal,Vijayanagar,182.0,95.0,Not Applicable,Not Applicable,No,Not Applicable,475,Cash,2,4.7,3.9
2024-07-09 16:57:00,CNR6614719880,Canceled by Driver,CID823221,Auto,Hennur,Jayanagar,,,Not Applicable,Customer related issue,Not Applicable,Not Applicable,436,Not Applicable,0,,
2024-07-30 06:00:00,CNR3702019069,Canceled by Driver,CID349795,Prime Plus,Cox Town,Banashankari,,,Not Applicable,Customer was coughing/sick,Not Applicable,Not Applicable,722,Not Applicable,0,,
2024-07-11 02:47:00,CNR9707775698,Driver Not Found,CID283013,Prime Plus,Nagarbhavi,Kammanahalli,,,Not Applicable,Not Applicable,Not Applicable,Not Applicable,834,Not Applicable,0,,
2024-07-22 04:54:00,CNR2715816751,Success,CID926367,Prime Sedan,Chickpet,Koramangala,70.0,35.0,Not Applicable,Not Applicable,No,Not Applicable,377,Credit Card,47,4.8,4.1
2024-07-09 05:09:00,CNR2333106574,Success,CID467149,Prime Plus,Rajarajeshwari Nagar,Rajajinagar,133.0,30.0,Not Applicable,Not Applicable,No,Not Applicable,188,Cash,37,4.4,3.8
2024-07-28 10:18:00,CNR3943992134,Success,CID686205,Auto,Shivajinagar,Rajarajeshwari Nagar,91.0,90.0,Not Applicable,Not Applicable,No,Not Applicable,497,Credit Card,12,3.0,4.9
2024-07-14 07:50:00,CNR3142257350,Success,CID398923,eBike,Rajajinagar,Malleshwaram,259.0,100.0,Not Applicable,Not Applicable,No,Not Applicable,290,UPI,48,3.4,4.3
2024-07-25 06:10:00,CNR2972764583,Success,CID541984,Prime SUV,Yeshwanthpur,JP Nagar,77.0,55.0,Not Applicable,Not Applicable,No,Not Applicable,549,UPI,15,4.4,3.3
2024-07-02 03:52:00,CNR9508260119,Canceled by Driver,CID918969,eBike,Padmanabhanagar,HSR Layout,,,Not Applicable,Personal & Car related issue,Not Applicable,Not Applicable,2974,Not Applicable,0,,
2024-07-22 08:24:00,CNR1470787301,Success,CID100046,Bike,Yelahanka,Varthur,91.0,130.0,Not Applicable,Not Applicable,No,Not Applicable,385,Cash,3,4.1,3.5
2024-07-18 12:23:00,CNR7426458313,Success,CID263655,Auto,Cox Town,Yelahanka,112.0,25.0,Not Applicable,Not Applicable,No,Not Applicable,854,UPI,11,4.0,4.7
2024-07-29 17:57:00,CNR8000542164,Canceled by Driver,CID907797,Prime SUV,Rajarajeshwari Nagar,Sarjapur Road,,,Not Applicable,More than permitted people in there,Not Applicable,Not Applicable,359,Not Applicable,0,,
2024-07-09 05:57:00,CNR8461491206,Success,CID627912,Mini,Hulimavu,Varthur,84.0,25.0,Not Applicable,Not Applicable,No,Not Applicable,433,Cash,24,4.1,4.3
2024-07-27 02:19:00,CNR3277726306,Success,CID342483,Prime Sedan,HSR Layout,Whitefield,49.0,130.0,Not Applicable,Not Applicable,No,Not Applicable,711,Cash,26,3.0,3.8
2024-07-09 01:09:00,CNR1440397905,Success,CID314797,Bike,Kadugodi,Sarjapur Road,224.0,65.0,Not Applicable,Not Applicable,No,Not Applicable,977,Cash,36,3.3,4.7
2024-07-10 23:46:00,CNR9618575301,Canceled by Customer,CID477201,Prime Plus,KR Puram,Magadi Road,,,Driver is not moving towards pickup location,Not Applicable,Not Applicable,Not Applicable,141,Not Applicable,0,,
2024-07-23 02:29:00,CNR9096774904,Success,CID850281,Auto,Vijayanagar,Kengeri,42.0,65.0,Not Applicable,Not Applicable,No,Not Applicable,213,UPI,1,4.4,3.9
2024-07-03 15:41:00,CNR6214530754,Canceled by Customer,CID315882,Auto,Indiranagar,Koramangala,,,Change of plans,Not Applicable,Not Applicable,Not Applicable,483,Not Applicable,0,,
2024-07-05 02:26:00,CNR1354403119,Success,CID354873,Bike,Ramamurthy Nagar,Yelahanka,252.0,70.0,Not Applicable,Not Applicable,Yes,Vehicle Breakdown,852,UPI,13,3.2,4.3
2024-07-17 01:28:00,CNR4245669219,Success,CID299529,Bike,Shivajinagar,Malleshwaram,35.0,125.0,Not Applicable,Not Applicable,No,Not Applicable,713,UPI,22,4.6,4.8
2024-07-13 12:20:00,CNR5856565005,Success,CID933454,eBike,Ramamurthy Nagar,Langford Town,63.0,105.0,Not Applicable,Not Applicable,No,Not Applicable,260,UPI,49,4.5,4.4
2024-07-13 10:49:00,CNR9014493373,Canceled by Driver,CID667132,Mini,Banashankari,Bannerghatta Road,,,Not Applicable,Customer was coughing/sick,Not Applicable,Not Applicable,349,Not Applicable,0,,
2024-07-25 01:10:00,CNR5548244965,Canceled by Driver,CID517153,Prime SUV,Yeshwanthpur,MG Road,,,Not Applicable,Personal & Car related issue,Not Applicable,Not Applicable,150,Not Applicable,0,,
2024-07-22 07:19:00,CNR4972348832,Canceled by Customer,CID844251,Prime Plus,Varthur,HSR Layout,,,Driver is not moving towards pickup location,Not Applicable,Not Applicable,Not Applicable,138,Not Applicable,0,,
2024-07-30 06:38:00,CNR2572541190,Driver Not Found,CID989924,Prime SUV,Mysore Road,Kengeri,,,Not Applicable,Not Applicable,Not Applicable,Not Applicable,548,Not Applicable,0,,
2024-07-28 01:36:00,CNR4062316414,Canceled by Driver,CID341872,Prime Plus,Majestic,Nagarbhavi,,,Not Applicable,Personal & Car related issue,Not Applicable,Not Applicable,257,Not Applicable,0,,
2024-07-07 19:58:00,CNR8850304465,Success,CID902880,Auto,Richmond Town,Hulimavu,203.0,110.0,Not Applicable,Not Applicable,No,Not Applicable,457,Cash,14,3.4,4.8
2024-07-18 22:14:00,CNR8518833424,Success,CID580076,Bike,Sahakar Nagar,Whitefield,42.0,120.0,Not Applicable,Not Applicable,Yes,Customer Demand,473,UPI,41,4.7,4.4
2024-07-22 22:34:00,CNR5102473622,Success,CID513037,Prime SUV,Rajarajeshwari Nagar,MG Road,217.0,30.0,Not Applicable,Not Applicable,No,Not Applicable,411,UPI,42,4.7,4.9
2024-07-07 16:16:00,CNR9940621586,Success,CID851284,Prime SUV,Hulimavu,Hennur,98.0,105.0,Not Applicable,Not Applicable,No,Not Applicable,996,Cash,27,4.2,4.5
2024-07-22 15:33:00,CNR7137417067,Canceled by Customer,CID506948,Bike,Chickpet,Mysore Road,,,Driver is not moving towards pickup location,Not Applicable,Not Applicable,Not Applicable,706,Not Applicable,0,,
2024-07-19 05:34:00,CNR9020739335,Canceled by Driver,CID979862,Prime Sedan,Sarjapur Road,Varthur,,,Not Applicable,Customer related issue,Not Applicable,Not Applicable,461,Not Applicable,0,,
2024-07-07 14:11:00,CNR3580865790,Success,CID661074,Prime SUV,Chamarajpet,Rajarajeshwari Nagar,231.0,125.0,Not Applicable,Not Applicable,No,Not Applicable,150,UPI,20,4.4,4.9
2024-07-09 17:21:00,CNR9616882597,Success,CID742553,Bike,Tumkur Road,Jayanagar,42.0,60.0,Not Applicable,Not Applicable,No,Not Applicable,2335,Cash,2,4.2,3.4
2024-07-22 18:35:00,CNR3792582175,Success,CID648614,Prime Sedan,Ramamurthy Nagar,Hulimavu,203.0,95.0,Not Applicable,Not Applicable,No,Not Applicable,494,Cash,45,4.0,3.6
2024-07-10 04:32:00,CNR2691891000,Canceled by Driver,CID607934,Mini,Majestic,Sahakar Nagar,,,Not Applicable,Personal & Car related issue,Not Applicable,Not Applicable,855,Not Applicable,0,,
2024-07-22 05:03:00,CNR5446598350,Success,CID950813,Prime SUV,Bannerghatta Road,RT Nagar,77.0,90.0,Not Applicable,Not Applicable,No,Not Applicable,456,UPI,20,3.6,4.4
2024-07-28 16:47:00,CNR9053869112,Success,CID351007,Auto,Bannerghatta Road,Langford Town,154.0,35.0,Not Applicable,Not Applicable,No,Not Applicable,793,UPI,13,3.6,3.5
2024-07-15 21:50:00,CNR4315785168,Driver Not Found,CID442219,Prime Plus,Frazer Town,Hebbal,,,Not Applicable,Not Applicable,Not Applicable,Not Applicable,398,Not Applicable,0,,
2024-07-23 14:44:00,CNR4402926208,Canceled by Driver,CID835404,Prime Plus,Electronic City,Bellandur,,,Not Applicable,Customer was coughing/sick,Not Applicable,Not Applicable,400,Not Applicable,0,,
2024-07-06 00:11:00,CNR6357132491,Success,CID990141,Prime SUV,Indiranagar,Magadi Road,266.0,85.0,Not Applicable,Not Applicable,No,Not Applicable,416,Cash,21,3.2,4.4
2024-07-29 12:09:00,CNR5023767721,Success,CID915736,Prime Sedan,Ramamurthy Nagar,MG Road,217.0,125.0,Not Applicable,Not Applicable,No,Not Applicable,896,Cash,23,5.0,3.1
2024-07-09 06:44:00,CNR9780318653,Success,CID830364,Mini,Chickpet,Sahakar Nagar,140.0,80.0,Not Applicable,Not Applicable,No,Not Applicable,470,UPI,6,4.6,3.2
2024-07-15 14:55:00,CNR1126899932,Success,CID666820,eBike,Jayanagar,Ramamurthy Nagar,175.0,75.0,Not Applicable,Not Applicable,No,Not Applicable,134,Cash,16,3.7,3.0
2024-07-03 23:58:00,CNR5083306338,Success,CID432942,Prime SUV,Tumkur Road,RT Nagar,175.0,125.0,Not Applicable,Not Applicable,Yes,Customer Demand,306,Cash,18,4.8,5.0
2024-07-16 11:17:00,CNR8045939386,Success,CID207757,Auto,Frazer Town,Hulimavu,91.0,25.0,Not Applicable,Not Applicable,No,Not Applicable,1703,Cash,8,4.9,4.2
2024-07-13 20:28:00,CNR5885793084,Success,CID380151,eBike,Hulimavu,Hulimavu,175.0,55.0,Not Applicable,Not Applicable,Yes,Vehicle Breakdown,1587,UPI,39,3.5,3.4
2024-07-27 02:26:00,CNR9106850035,Success,CID625833,Prime Plus,Yelahanka,Kammanahalli,126.0,95.0,Not Applicable,Not Applicable,No,Not Applicable,634,Cash,38,4.7,3.7
2024-07-22 00:00:00,CNR1640502783,Canceled by Driver,CID584367,Prime Plus,Shantinagar,Padmanabhanagar,,,Not Applicable,Personal & Car related issue,Not Applicable,Not Applicable,478,Not Applicable,0,,
2024-07-01 08:27:00,CNR2172992734,Success,CID802455,Bike,Nagarbhavi,BTM Layout,168.0,145.0,Not Applicable,Not Applicable,No,Not Applicable,194,UPI,15,3.9,4.0
2024-07-22 02:26:00,CNR3164373053,Canceled by Customer,CID173520,eBike,Richmond Town,Sahakar Nagar,,,Driver is not moving towards pickup location,Not Applicable,Not Applicable,Not Applicable,314,Not Applicable,0,,
2024-07-17 01:55:00,CNR2262017039,Success,CID556929,Prime SUV,Frazer Town,Sarjapur Road,203.0,35.0,Not Applicable,Not Applicable,No,Not Applicable,2536,Cash,1,3.6,3.2
2024-07-21 12:24:00,CNR3969340099,Success,CID872898,Prime Plus,Bellandur,Chickpet,189.0,55.0,Not Applicable,Not Applicable,No,Not Applicable,888,Cash,26,4.4,4.0
2024-07-21 06:07:00,CNR5801898124,Success,CID239568,Auto,Tumkur Road,Hosur Road,168.0,30.0,Not Applicable,Not Applicable,Yes,Vehicle Breakdown,398,Cash,2,3.9,4.8
2024-07-29 02:36:00,CNR5775191315,Driver Not Found,CID754493,Prime Plus,Chamarajpet,Yelahanka,,,Not Applicable,Not Applicable,Not Applicable,Not Applicable,147,Not Applicable,0,,
2024-07-29 23:01:00,CNR2694934116,Driver Not Found,CID141393,Bike,Nagarbhavi,JP Nagar,,,Not Applicable,Not Applicable,Not Applicable,Not Applicable,653,Not Applicable,0,,
2024-07-14 04:41:00,CNR7326393075,Success,CID514229,eBike,Hebbal,Jayanagar,168.0,75.0,Not Applicable,Not Applicable,No,Not Applicable,962,Cash,28,3.6,4.5
2024-07-30 08:27:00,CNR9604466243,Success,CID640235,Prime Plus,Marathahalli,Yelahanka,91.0,35.0,Not Applicable,Not Applicable,No,Not Applicable,206,Credit Card,27,3.8,4.1
2024-07-24 05:54:00,CNR5613944443,Success,CID561782,Prime Sedan,Sarjapur Road,MG Road,126.0,105.0,Not Applicable,Not Applicable,No,Not Applicable,442,UPI,7,4.0,3.7
2024-07-12 02:41:00,CNR9746072674,Success,CID489934,Bike,Yelahanka,Banashankari,203.0,95.0,Not Applicable,Not Applicable,No,Not Applicable,886,Cash,1,3.8,4.2
2024-07-12 09:02:00,CNR5188556515,Success,CID573825,Prime SUV,Tumkur Road,HSR Layout,224.0,125.0,Not Applicable,Not Applicable,No,Not Applicable,440,UPI,1,3.2,4.9
2024-07-13 13:16:00,CNR4388017210,Driver Not Found,CID215884,Bike,Chamarajpet,Bannerghatta Road,,,Not Applicable,Not Applicable,Not Applicable,Not Applicable,590,Not Applicable,0,,
2024-07-29 15:56:00,CNR1091686713,Success,CID231638,eBike,Yeshwanthpur,Chickpet,56.0,70.0,Not Applicable,Not Applicable,Yes,Other Issue,142,UPI,18,3.3,4.8
2024-07-07 03:31:00,CNR4640701403,Success,CID670049,Prime Sedan,Marathahalli,Bellandur,224.0,80.0,Not Applicable,Not Applicable,No,Not Applicable,108,Cash,2,3.2,3.5
2024-07-04 21:48:00,CNR9757923374,Success,CID841195,Prime Sedan,Langford Town,Sahakar Nagar,133.0,30.0,Not Applicable,Not Applicable,No,Not Applicable,1560,Cash,42,4.8,3.8
2024-07-09 22:49:00,CNR2151960618,Success,CID387713,Prime SUV,HSR Layout,Rajarajeshwari Nagar,49.0,135.0,Not Applicable,Not Applicable,No,Not Applicable,781,UPI,23,3.3,3.5
2024-07-28 02:41:00,CNR1273782857,Success,CID439368,eBike,Richmond Town,MG Road,105.0,35.0,Not Applicable,Not Applicable,No,Not Applicable,310,Cash,15,3.7,4.6
2024-07-19 08:07:00,CNR9322231931,Success,CID696381,Prime Sedan,Cox Town,Bellandur,182.0,100.0,Not Applicable,Not Applicable,No,Not Applicable,244,Cash,30,3.1,4.4
2024-07-06 08:18:00,CNR2916763717,Canceled by Driver,CID988573,Auto,Sahakar Nagar,Basavanagudi,,,Not Applicable,More than permitted people in there,Not Applicable,Not Applicable,609,Not Applicable,0,,
2024-07-20 16:27:00,CNR2150151262,Canceled by Driver,CID826384,Prime Plus,Ulsoor,Electronic City,,,Not Applicable,Customer related issue,Not Applicable,Not Applicable,157,Not Applicable,0,,
2024-07-23 14:30:00,CNR8315401206,Success,CID425982,Prime Plus,JP Nagar,Basavanagudi,224.0,45.0,Not Applicable,Not Applicable,No,Not Applicable,253,Cash,23,4.1,3.2
2024-07-26 04:25:00,CNR2316596869,Success,CID481072,Prime Sedan,JP Nagar,Majestic,238.0,140.0,Not Applicable,Not Applicable,No,Not Applicable,2943,Cash,42,4.5,4.2
2024-07-11 09:40:00,CNR5066819375,Success,CID522438,eBike,Tumkur Road,Tumkur Road,168.0,50.0,Not Applicable,Not Applicable,No,Not Applicable,2934,Cash,12,4.5,4.5
2024-07-17 18:53:00,CNR7348630697,Success,CID277176,eBike,JP Nagar,Yeshwanthpur,63.0,115.0,Not Applicable,Not Applicable,No,Not Applicable,494,UPI,5,4.5,3.3
2024-07-28 19:48:00,CNR6316380736,Success,CID782086,Prime Sedan,Peenya,Electronic City,140.0,70.0,Not Applicable,Not Applicable,No,Not Applicable,106,Cash,26,4.0,4.9
2024-07-01 02:09:00,CNR6823304528,Success,CID325178,Prime Plus,Devanahalli,Malleshwaram,147.0,60.0,Not Applicable,Not Applicable,No,Not Applicable,661,UPI,17,4.9,4.6
2024-07-14 11:09:00,CNR8271538733,Canceled by Customer,CID144708,Bike,Sahakar Nagar,Nagarbhavi,,,Driver is not moving towards pickup location,Not Applicable,Not Applicable,Not Applicable,100,Not Applicable,0,,
2024-07-02 04:53:00,CNR3410166698,Driver Not Found,CID357479,Mini,Bellandur,Kengeri,,,Not Applicable,Not Applicable,Not Applicable,Not Applicable,284,Not Applicable,0,,
2024-07-23 17:15:00,CNR9366517957,Canceled by Driver,CID735632,Prime Plus,Kengeri,Richmond Town,,,Not Applicable,Customer was coughing/sick,Not Applicable,Not Applicable,442,Not Applicable,0,,
2024-07-14 08:22:00,CNR1669656148,Success,CID566380,Auto,Peenya,Peenya,175.0,45.0,Not Applicable,Not Applicable,No,Not Applicable,368,UPI,15,3.4,4.4
2024-07-20 04:55:00,CNR3674935979,Success,CID199194,eBike,Yelahanka,Malleshwaram,77.0,70.0,Not Applicable,Not Applicable,No,Not Applicable,329,UPI,7,3.4,4.2
2024-07-15 09:59:00,CNR6321965768,Canceled by Customer,CID840005,Auto,Tumkur Road,Devanahalli,,,Driver is not moving towards pickup location,Not Applicable,Not Applicable,Not Applicable,526,Not Applicable,0,,
2024-07-17 02:16:00,CNR3986448537,Canceled by Customer,CID542499,Prime Plus,JP Nagar,Malleshwaram,,,Driver asked to cancel,Not Applicable,Not Applicable,Not Applicable,143,Not Applicable,0,,
2024-07-19 10:12:00,CNR7491286492,Success,CID198581,Auto,Bannerghatta Road,Frazer Town,98.0,35.0,Not Applicable,Not Applicable,No,Not Applicable,347,Cash,4,4.4,3.4
2024-07-20 19:10:00,CNR1884018866,Success,CID773574,Prime SUV,RT Nagar,Basavanagudi,189.0,90.0,Not Applicable,Not Applicable,No,Not Applicable,428,Cash,3,3.2,4.7
2024-07-08 10:16:00,CNR1446413612,Success,CID316720,Bike,Bellandur,Yelahanka,105.0,130.0,Not Applicable,Not Applicable,No,Not Applicable,914,Cash,31,3.6,3.5
2024-07-21 19:58:00,CNR9392116116,Success,CID951145,Prime Plus,Peenya,Sarjapur Road,259.0,25.0,Not Applicable,Not Applicable,No,Not Applicable,288,Credit Card,39,3.5,4.7
2024-07-06 23:32:00,CNR7013688381,Driver Not Found,CID624397,eBike,Richmond Town,Chamarajpet,,,Not Applicable,Not Applicable,Not Applicable,Not Applicable,217,Not Applicable,0,,
2024-07-14 18:30:00,CNR3023965327,Success,CID828439,Prime SUV,Varthur,Hosur Road,168.0,135.0,Not Applicable,Not Applicable,No,Not Applicable,308,Cash,42,4.9,4.9
2024-07-25 08:59:00,CNR2969565315,Success,CID412555,eBike,Frazer Town,Ulsoor,245.0,45.0,Not Applicable,Not Applicable,No,Not Applicable,427,Debit Card,11,3.4,4.4
2024-07-05 09:41:00,CNR4875628974,Success,CID499437,Auto,Kengeri,Majestic,308.0,140.0,Not Applicable,Not Applicable,No,Not Applicable,339,Cash,8,4.0,4.0
2024-07-12 04:46:00,CNR2396443819,Success,CID958164,eBike,Kengeri,Kammanahalli,161.0,125.0,Not Applicable,Not Applicable,No,Not Applicable,112,UPI,49,3.1,3.5
2024-07-01 15:38:00,CNR9150550011,Success,CID129837,eBike,Mysore Road,Rajarajeshwari Nagar,273.0,55.0,Not Applicable,Not Applicable,No,Not Applicable,948,UPI,14,3.6,4.3
2024-07-02 03:44:00,CNR2988861936,Canceled by Driver,CID927288,Prime SUV,Kengeri,Sahakar Nagar,,,Not Applicable,Customer related issue,Not Applicable,Not Applicable,128,Not Applicable,0,,
2024-07-30 15:33:00,CNR4343684000,Success,CID630069,Prime Sedan,Kammanahalli,Richmond Town,217.0,55.0,Not Applicable,Not Applicable,No,Not Applicable,281,Credit Card,6,3.1,4.7
2024-07-05 19:34:00,CNR4232824492,Canceled by Driver,CID810265,Prime Sedan,Nagarbhavi,Rajarajeshwari Nagar,,,Not Applicable,Customer was coughing/sick,Not Applicable,Not Applicable,449,Not Applicable,0,,
2024-07-15 18:41:00,CNR6840950480,Canceled by Customer,CID220729,Prime Plus,Bellandur,Ramamurthy Nagar,,,AC is Not working,Not Applicable,Not Applicable,Not Applicable,1303,Not Applicable,0,,
2024-07-23 11:59:00,CNR8850493253,Canceled by Driver,CID773594,Auto,Richmond Town,Kengeri,,,Not Applicable,Personal & Car related issue,Not Applicable,Not Applicable,163,Not Applicable,0,,
2024-07-24 14:18:00,CNR7893366937,Success,CID236675,Prime Plus,Sarjapur Road,Padmanabhanagar,84.0,115.0,Not Applicable,Not Applicable,No,Not Applicable,515,Cash,4,4.5,3.2
2024-07-29 22:34:00,CNR6444959360,Canceled by Customer,CID767328,Prime SUV,Ulsoor,Shantinagar,,,Driver is not moving towards pickup location,Not Applicable,Not Applicable,Not Applicable,864,Not Applicable,0,,
2024-07-17 06:03:00,CNR1061980077,Canceled by Customer,CID877586,eBike,Whitefield,Hennur,,,Driver is not moving towards pickup location,Not Applicable,Not Applicable,Not Applicable,198,Not Applicable,0,,
2024-07-16 10:12:00,CNR1767546196,Success,CID907269,eBike,Banashankari,Hulimavu,98.0,140.0,Not Applicable,Not Applicable,No,Not Applicable,142,UPI,9,3.8,4.6
2024-07-04 09:49:00,CNR2490655662,Success,CID602748,Auto,Padmanabhanagar,Whitefield,196.0,115.0,Not Applicable,Not Applicable,No,Not Applicable,434,UPI,17,4.8,4.3
2024-07-02 13:20:00,CNR5508608031,Success,CID562062,Auto,Koramangala,Yeshwanthpur,154.0,120.0,Not Applicable,Not Applicable,No,Not Applicable,1591,UPI,13,4.7,4.4
2024-07-16 08:21:00,CNR5919923167,Success,CID373750,Mini,Mysore Road,Whitefield,266.0,65.0,Not Applicable,Not Applicable,No,Not Applicable,631,Cash,21,3.6,4.4
2024-07-08 00:41:00,CNR1141704855,Success,CID828273,eBike,RT Nagar,Shivajinagar,224.0,125.0,Not Applicable,Not Applicable,No,Not Applicable,453,UPI,48,4.3,3.0
2024-07-19 23:08:00,CNR2700719689,Canceled by Driver,CID329121,Bike,Kadugodi,Chickpet,,,Not Applicable,More than permitted people in there,Not Applicable,Not Applicable,340,Not Applicable,0,,
2024-07-25 16:34:00,CNR4735300484,Driver Not Found,CID386830,eBike,Majestic,Jayanagar,,,Not Applicable,Not Applicable,Not Applicable,Not Applicable,216,Not Applicable,0,,
2024-07-26 11:56:00,CNR4800202198,Success,CID103860,Mini,Jayanagar,Frazer Town,70.0,80.0,Not Applicable,Not Applicable,No,Not Applicable,258,UPI,38,3.8,4.8
2024-07-24 09:04:00,CNR1699838947,Canceled by Driver,CID997077,Prime Sedan,Shivajinagar,Tumkur Road,,,Not Applicable,Customer related issue,Not Applicable,Not Applicable,154,Not Applicable,0,,
2024-07-25 17:16:00,CNR5018087966,Canceled by Customer,CID132570,Auto,Electronic City,Frazer Town,,,AC is Not working,Not Applicable,Not Applicable,Not Applicable,583,Not Applicable,0,,
2024-07-13 16:06:00,CNR1123342855,Success,CID125221,Prime SUV,Devanahalli,Whitefield,147.0,90.0,Not Applicable,Not Applicable,No,Not Applicable,184,UPI,23,3.2,4.3
2024-07-14 07:01:00,CNR7035845947,Success,CID985206,Auto,Sarjapur Road,Hebbal,70.0,100.0,Not Applicable,Not Applicable,No,Not Applicable,943,UPI,15,4.7,4.5
2024-07-05 05:48:00,CNR4201866811,Driver Not Found,CID741457,Auto,Kengeri,Electronic City,,,Not Applicable,Not Applicable,Not Applicable,Not Applicable,694,Not Applicable,0,,
2024-07-27 03:30:00,CNR8130770662,Success,CID276753,eBike,Hebbal,Ramamurthy Nagar,70.0,75.0,Not Applicable,Not Applicable,No,Not Applicable,2079,UPI,13,4.6,3.7
2024-07-27 16:54:00,CNR5586628294,Success,CID238192,Bike,Hebbal,Yeshwanthpur,252.0,45.0,Not Applicable,Not Applicable,No,Not Applicable,405,Cash,27,3.4,5.0
2024-07-29 18:07:00,CNR6066724696,Driver Not Found,CID520413,Mini,Rajajinagar,Kadugodi,,,Not Applicable,Not Applicable,Not Applicable,Not Applicable,336,Not Applicable,0,,
2024-07-13 13:06:00,CNR7190876297,Success,CID550390,Prime Plus,Sahakar Nagar,Majestic,112.0,140.0,Not Applicable,Not Applicable,No,Not Applicable,986,Cash,8,4.3,4.9
2024-07-22 02:36:00,CNR9336734477,Success,CID832930,Auto,Yeshwanthpur,Devanahalli,280.0,135.0,Not Applicable,Not Applicable,No,Not Applicable,291,UPI,12,4.0,4.0
2024-07-08 13:15:00,CNR4096644962,Canceled by Customer,CID214358,eBike,Jayanagar,JP Nagar,,,Driver is not moving towards pickup location,Not Applicable,Not Applicable,Not Applicable,983,Not Applicable,0,,
2024-07-22 16:12:00,CNR9128260823,Success,CID835824,Bike,Padmanabhanagar,Kammanahalli,196.0,105.0,Not Applicable,Not Applicable,No,Not Applicable,2224,Cash,4,3.4,4.1
2024-07-04 12:38:00,CNR1538957382,Success,CID121160,Auto,Ramamurthy Nagar,Peenya,189.0,85.0,Not Applicable,Not Applicable,No,Not Applicable,235,Cash,4,4.3,3.2
2024-07-19 18:39:00,CNR2958873886,Success,CID175781,eBike,Varthur,Varthur,42.0,125.0,Not Applicable,Not Applicable,No,Not Applicable,616,UPI,27,4.9,3.1
2024-07-05 16:17:00,CNR1183357727,Success,CID173530,Mini,Frazer Town,Kammanahalli,287.0,50.0,Not Applicable,Not Applicable,No,Not Applicable,450,UPI,46,3.1,3.3
2024-07-14 16:16:00,CNR3596171483,Success,CID914789,eBike,Koramangala,Mysore Road,140.0,130.0,Not Applicable,Not Applicable,No,Not Applicable,359,UPI,45,4.5,3.1
2024-07-28 09:36:00,CNR7869922593,Canceled by Driver,CID589099,Mini,Banashankari,Sahakar Nagar,,,Not Applicable,Personal & Car related issue,Not Applicable,Not Applicable,334,Not Applicable,0,,
2024-07-05 09:23:00,CNR5277084082,Success,CID672277,Prime Sedan,Majestic,Hebbal,252.0,30.0,Not Applicable,Not Applicable,No,Not Applicable,198,Cash,3,3.7,4.1
2024-07-28 22:23:00,CNR8236352354,Canceled by Driver,CID722923,Auto,Kammanahalli,Padmanabhanagar,,,Not Applicable,Personal & Car related issue,Not Applicable,Not Applicable,394,Not Applicable,0,,
2024-07-21 00:24:00,CNR4366246417,Success,CID991978,Mini,Ramamurthy Nagar,Chickpet,308.0,140.0,Not Applicable,Not Applicable,No,Not Applicable,351,UPI,32,4.3,3.8
2024-07-28 06:46:00,CNR4456259973,Success,CID266058,Prime SUV,Koramangala,Malleshwaram,91.0,130.0,Not Applicable,Not Applicable,No,Not Applicable,304,UPI,4,5.0,4.6
2024-07-01 08:05:00,CNR1158627215,Success,CID801690,Prime Plus,Magadi Road,Tumkur Road,119.0,135.0,Not Applicable,Not Applicable,No,Not Applicable,276,Cash,46,4.1,4.9
2024-07-29 08:53:00,CNR8059295578,Success,CID412322,Bike,Sahakar Nagar,Banashankari,161.0,125.0,Not Applicable,Not Applicable,No,Not Applicable,541,UPI,4,3.3,4.3
2024-07-25 05:15:00,CNR4608858692,Canceled by Driver,CID220478,Prime Sedan,Richmond Town,Vijayanagar,,,Not Applicable,Customer related issue,Not Applicable,Not Applicable,342,Not Applicable,0,,
2024-07-25 13:17:00,CNR1719643388,Success,CID596252,Prime Plus,BTM Layout,Padmanabhanagar,35.0,105.0,Not Applicable,Not Applicable,No,Not Applicable,108,Cash,43,4.0,3.5
2024-07-21 17:46:00,CNR9034968268,Success,CID536847,Bike,Koramangala,Peenya,91.0,115.0,Not Applicable,Not Applicable,No,Not Applicable,398,UPI,33,4.0,3.7
2024-07-12 14:16:00,CNR4643493796,Canceled by Driver,CID712175,Prime Plus,Frazer Town,Hulimavu,,,Not Applicable,Customer was coughing/sick,Not Applicable,Not Applicable,455,Not Applicable,0,,
2024-07-22 08:13:00,CNR2466511858,Success,CID702520,Prime Sedan,BTM Layout,Shantinagar,238.0,115.0,Not Applicable,Not Applicable,No,Not Applicable,322,Cash,44,3.4,3.9
2024-07-01 22:31:00,CNR3880530974,Success,CID373780,Auto,Vijayanagar,Devanahalli,175.0,140.0,Not Applicable,Not Applicable,No,Not Applicable,357,Cash,17,3.2,4.0
2024-07-07 02:19:00,CNR6210658470,Canceled by Driver,CID657470,Mini,Tumkur Road,Yelahanka,,,Not Applicable,Personal & Car related issue,Not Applicable,Not Applicable,350,Not Applicable,0,,
2024-07-04 02:09:00,CNR8153064058,Canceled by Customer,CID595106,Prime Sedan,Majestic,Bannerghatta Road,,,AC is Not working,Not Applicable,Not Applicable,Not Applicable,566,Not Applicable,0,,
2024-07-25 21:55:00,CNR1507550559,Success,CID361647,Prime SUV,Electronic City,Indiranagar,154.0,85.0,Not Applicable,Not Applicable,No,Not Applicable,982,UPI,20,4.6,4.5
2024-07-24 09:52:00,CNR9177198437,Success,CID100645,Auto,Hebbal,Banashankari,175.0,100.0,Not Applicable,Not Applicable,No,Not Applicable,341,UPI,6,4.1,3.5
2024-07-18 05:28:00,CNR7077608735,Driver Not Found,CID255453,Prime SUV,Cox Town,Malleshwaram,,,Not Applicable,Not Applicable,Not Applicable,Not Applicable,216,Not Applicable,0,,
2024-07-26 08:07:00,CNR8030139549,Canceled by Driver,CID162480,eBike,Banashankari,Tumkur Road,,,Not Applicable,Personal & Car related issue,Not Applicable,Not Applicable,171,Not Applicable,0,,
2024-07-16 08:43:00,CNR3870785522,Success,CID174923,Bike,Indiranagar,Banashankari,196.0,30.0,Not Applicable,Not Applicable,No,Not Applicable,262,Cash,17,3.4,3.8
2024-07-30 15:38:00,CNR3112350178,Canceled by Driver,CID426463,eBike,Vijayanagar,Peenya,,,Not Applicable,Customer related issue,Not Applicable,Not Applicable,182,Not Applicable,0,,
2024-07-09 06:25:00,CNR8270467950,Canceled by Driver,CID291057,Prime Plus,Malleshwaram,Kammanahalli,,,Not Applicable,Customer related issue,Not Applicable,Not Applicable,371,Not Applicable,0,,
2024-07-19 19:22:00,CNR4330155461,Canceled by Customer,CID274259,Prime Sedan,Marathahalli,Padmanabhanagar,,,Wrong Address,Not Applicable,Not Applicable,Not Applicable,251,Not Applicable,0,,
2024-07-23 11:55:00,CNR1340967243,Canceled by Customer,CID547676,Prime SUV,Hebbal,Ulsoor,,,Driver asked to cancel,Not Applicable,Not Applicable,Not Applicable,716,Not Applicable,0,,
2024-07-05 06:52:00,CNR9073700004,Canceled by Driver,CID438490,Bike,Hulimavu,Yelahanka,,,Not Applicable,Customer related issue,Not Applicable,Not Applicable,1173,Not Applicable,0,,
2024-07-07 22:54:00,CNR4160241739,Success,CID458488,eBike,Whitefield,BTM Layout,63.0,85.0,Not Applicable,Not Applicable,No,Not Applicable,190,Cash,46,4.6,3.5
2024-07-28 05:54:00,CNR1261044637,Canceled by Customer,CID281983,Prime Plus,Malleshwaram,Varthur,,,Driver is not moving towards pickup location,Not Applicable,Not Applicable,Not Applicable,2651,Not Applicable,0,,
2024-07-24 01:15:00,CNR3149094245,Success,CID729397,eBike,Magadi Road,Banashankari,252.0,50.0,Not Applicable,Not Applicable,No,Not Applicable,134,UPI,34,3.9,3.9
2024-07-05 01:46:00,CNR2629223100,Success,CID882175,Bike,Magadi Road,Ulsoor,203.0,45.0,Not Applicable,Not Applicable,No,Not Applicable,491,Cash,21,4.5,3.5
2024-07-27 22:46:00,CNR6337310836,Driver Not Found,CID422219,Prime Plus,Electronic City,Magadi Road,,,Not Applicable,Not Applicable,Not Applicable,Not Applicable,477,Not Applicable,0,,
2024-07-13 22:12:00,CNR3852766215,Success,CID120044,Prime Plus,Malleshwaram,Devanahalli,161.0,120.0,Not Applicable,Not Applicable,No,Not Applicable,233,UPI,18,4.3,3.8
2024-07-07 15:24:00,CNR5469286325,Driver Not Found,CID248725,Prime Plus,Kengeri,Frazer Town,,,Not Applicable,Not Applicable,Not Applicable,Not Applicable,286,Not Applicable,0,,
2024-07-27 01:49:00,CNR7175015554,Success,CID294437,Auto,Rajarajeshwari Nagar,Shantinagar,238.0,110.0,Not Applicable,Not Applicable,No,Not Applicable,159,UPI,5,3.7,3.5
2024-07-08 08:21:00,CNR7054470156,Success,CID677822,eBike,Sarjapur Road,Hosur Road,56.0,85.0,Not Applicable,Not Applicable,No,Not Applicable,663,Cash,47,3.7,4.0
2024-07-04 13:42:00,CNR1278380734,Success,CID644370,eBike,Kadugodi,RT Nagar,259.0,30.0,Not Applicable,Not Applicable,No,Not Applicable,269,Credit Card,27,4.7,3.8
2024-07-22 13:28:00,CNR7593601582,Canceled by Driver,CID282323,Prime Sedan,Kammanahalli,Kammanahalli,,,Not Applicable,Customer related issue,Not Applicable,Not Applicable,2480,Not Applicable,0,,
2024-07-12 12:49:00,CNR9324443789,Success,CID384088,Prime Sedan,Basavanagudi,Magadi Road,133.0,140.0,Not Applicable,Not Applicable,No,Not Applicable,2267,UPI,45,4.6,4.6
2024-07-01 10:58:00,CNR3597839738,Canceled by Customer,CID968605,Auto,Marathahalli,Sarjapur Road,,,Driver asked to cancel,Not Applicable,Not Applicable,Not Applicable,118,Not Applicable,0,,
2024-07-24 09:19:00,CNR3678912764,Success,CID849130,Bike,Bannerghatta Road,JP Nagar,91.0,110.0,Not Applicable,Not Applicable,No,Not Applicable,408,UPI,26,5.0,4.5
2024-07-29 17:16:00,CNR2840546409,Success,CID754532,Auto,Padmanabhanagar,Padmanabhanagar,126.0,90.0,Not Applicable,Not Applicable,Yes,Vehicle Breakdown,1838,Cash,12,3.7,3.5
2024-07-15 16:54:00,CNR2048675405,Success,CID896399,Bike,Padmanabhanagar,Ulsoor,126.0,50.0,Not Applicable,Not Applicable,Yes,Other Issue,236,Cash,22,3.8,4.0
2024-07-10 10:40:00,CNR9970612561,Success,CID495242,Prime Sedan,Hosur Road,Varthur,266.0,70.0,Not Applicable,Not Applicable,No,Not Applicable,768,Cash,9,3.1,4.8
2024-07-15 03:53:00,CNR4932253569,Success,CID497691,Bike,Rajajinagar,Banashankari,308.0,50.0,Not Applicable,Not Applicable,No,Not Applicable,209,Cash,39,4.2,3.0
2024-07-08 21:01:00,CNR8604664990,Success,CID429527,Bike,Nagarbhavi,Marathahalli,154.0,140.0,Not Applicable,Not Applicable,No,Not Applicable,359,Cash,30,3.5,3.6
2024-07-06 20:06:00,CNR5401695411,Canceled by Driver,CID893484,Prime Plus,Richmond Town,Jayanagar,,,Not Applicable,Customer related issue,Not Applicable,Not Applicable,859,Not Applicable,0,,
2024-07-19 21:33:00,CNR9398647973,Canceled by Driver,CID817894,Prime Sedan,HSR Layout,Bellandur,,,Not Applicable,Personal & Car related issue,Not Applicable,Not Applicable,313,Not Applicable,0,,
2024-07-03 01:42:00,CNR2376889586,Success,CID863466,Bike,Shantinagar,Electronic City,301.0,70.0,Not Applicable,Not Applicable,No,Not Applicable,317,Cash,11,3.5,4.8
2024-07-28 11:23:00,CNR1687840967,Driver Not Found,CID267249,Prime SUV,Ulsoor,Shantinagar,,,Not Applicable,Not Applicable,Not Applicable,Not Applicable,264,Not Applicable,0,,
2024-07-01 19:01:00,CNR3975105423,Success,CID171696,Prime Sedan,RT Nagar,Bannerghatta Road,147.0,80.0,Not Applicable,Not Applicable,No,Not Applicable,1861,UPI,24,4.9,4.4
2024-07-27 21:24:00,CNR8627496831,Success,CID363442,Prime Plus,Rajajinagar,Ulsoor,140.0,110.0,Not Applicable,Not Applicable,No,Not Applicable,117,Cash,6,4.7,3.3
2024-07-06 06:14:00,CNR9252798545,Success,CID586301,Prime Plus,KR Puram,Rajajinagar,203.0,115.0,Not Applicable,Not Applicable,No,Not Applicable,589,UPI,23,3.2,3.5
2024-07-14 20:44:00,CNR2312888378,Success,CID331676,Bike,Bannerghatta Road,Yelahanka,280.0,45.0,Not Applicable,Not Applicable,No,Not Applicable,209,Cash,49,4.5,3.2
2024-07-18 04:55:00,CNR4181803188,Success,CID315378,Prime Plus,Hebbal,Chickpet,252.0,45.0,Not Applicable,Not Applicable,No,Not Applicable,2115,UPI,44,3.2,3.8
2024-07-01 12:51:00,CNR7486374156,Driver Not Found,CID903581,Prime SUV,Koramangala,KR Puram,,,Not Applicable,Not Applicable,Not Applicable,Not Applicable,692,Not Applicable,0,,
2024-07-17 02:56:00,CNR9502335515,Canceled by Customer,CID724425,Bike,Yeshwanthpur,Kammanahalli,,,Change of plans,Not Applicable,Not Applicable,Not Applicable,1034,Not Applicable,0,,
2024-07-10 02:35:00,CNR3536259403,Success,CID907789,Bike,BTM Layout,Hosur Road,196.0,35.0,Not Applicable,Not Applicable,No,Not Applicable,783,UPI,35,3.9,3.2
2024-07-03 18:01:00,CNR8859652629,Driver Not Found,CID272676,Auto,Kammanahalli,Hebbal,,,Not Applicable,Not Applicable,Not Applicable,Not Applicable,288,Not Applicable,0,,
2024-07-04 21:43:00,CNR7209860293,Success,CID405673,Prime Plus,Koramangala,Majestic,154.0,65.0,Not Applicable,Not Applicable,No,Not Applicable,426,UPI,34,3.2,4.8
2024-07-07 17:44:00,CNR5156195878,Success,CID325337,eBike,Yelahanka,Frazer Town,196.0,80.0,Not Applicable,Not Applicable,No,Not Applicable,377,Cash,15,3.4,3.2
2024-07-11 02:51:00,CNR3283290443,Success,CID504362,Mini,Chickpet,KR Puram,154.0,135.0,Not Applicable,Not Applicable,No,Not Applicable,203,UPI,40,4.0,4.5
2024-07-15 10:04:00,CNR8811164904,Canceled by Driver,CID332684,Prime Plus,Mysore Road,Shantinagar,,,Not Applicable,Customer related issue,Not Applicable,Not Applicable,577,Not Applicable,0,,
2024-07-16 21:05:00,CNR4647128481,Success,CID775418,Prime Plus,Jayanagar,MG Road,70.0,125.0,Not Applicable,Not Applicable,No,Not Applicable,498,Cash,38,4.5,3.1
2024-07-25 15:05:00,CNR5044707395,Success,CID628623,Auto,JP Nagar,Nagarbhavi,154.0,75.0,Not Applicable,Not Applicable,No,Not Applicable,300,UPI,17,4.0,3.6
2024-07-12 17:51:00,CNR7780654256,Success,CID977001,Auto,Chamarajpet,Chickpet,280.0,140.0,Not Applicable,Not Applicable,No,Not Applicable,223,Cash,6,3.9,4.6
2024-07-08 02:50:00,CNR2670979945,Success,CID565811,Bike,Kammanahalli,Chamarajpet,217.0,70.0,Not Applicable,Not Applicable,No,Not Applicable,948,Cash,25,4.2,3.1
2024-07-29 04:29:00,CNR3902408014,Canceled by Customer,CID873420,Bike,Shivajinagar,Langford Town,,,Driver asked to cancel,Not Applicable,Not Applicable,Not Applicable,445,Not Applicable,0,,
2024-07-30 20:46:00,CNR3850716090,Canceled by Driver,CID686055,Prime SUV,Devanahalli,KR Puram,,,Not Applicable,Customer was coughing/sick,Not Applicable,Not Applicable,725,Not Applicable,0,,
2024-07-13 08:28:00,CNR1349778554,Canceled by Customer,CID614456,eBike,Vijayanagar,Rajajinagar,,,Driver is not moving towards pickup location,Not Applicable,Not Applicable,Not Applicable,284,Not Applicable,0,,
2024-07-01 07:10:00,CNR2362645542,Canceled by Customer,CID851817,eBike,Chamarajpet,Indiranagar,,,Change of plans,Not Applicable,Not Applicable,Not Applicable,954,Not Applicable,0,,
2024-07-29 12:43:00,CNR4418941759,Canceled by Customer,CID138699,Prime Sedan,Whitefield,Padmanabhanagar,,,Change of plans,Not Applicable,Not Applicable,Not Applicable,164,Not Applicable,0,,
2024-07-21 22:59:00,CNR4793780704,Success,CID510467,Auto,JP Nagar,Rajarajeshwari Nagar,189.0,120.0,Not Applicable,Not Applicable,Yes,Vehicle Breakdown,997,Cash,6,3.6,4.6
2024-07-08 15:41:00,CNR7872348117,Driver Not Found,CID210727,Mini,Mysore Road,Frazer Town,,,Not Applicable,Not Applicable,Not Applicable,Not Applicable,1551,Not Applicable,0,,
2024-07-26 16:36:00,CNR5128501761,Canceled by Customer,CID140497,Mini,Richmond Town,Hosur Road,,,Driver is not moving towards pickup location,Not Applicable,Not Applicable,Not Applicable,880,Not Applicable,0,,
2024-07-01 14:39:00,CNR2100460675,Success,CID868036,Prime Sedan,Hennur,Shivajinagar,294.0,50.0,Not Applicable,Not Applicable,No,Not Applicable,418,Cash,28,3.7,4.0
2024-07-28 21:05:00,CNR5848126021,Canceled by Customer,CID466768,Prime Plus,Devanahalli,Nagarbhavi,,,Driver asked to cancel,Not Applicable,Not Applicable,Not Applicable,428,Not Applicable,0,,
2024-07-01 05:20:00,CNR1458556531,Canceled by Customer,CID884722,Prime Plus,Jayanagar,JP Nagar,,,Change of plans,Not Applicable,Not Applicable,Not Applicable,643,Not Applicable,0,,
2024-07-17 10:27:00,CNR3878867104,Success,CID524839,Auto,Yelahanka,Jayanagar,301.0,90.0,Not Applicable,Not Applicable,No,Not Applicable,1019,Cash,14,4.1,3.0
2024-07-30 07:25:00,CNR2075669526,Canceled by Driver,CID433589,eBike,Electronic City,MG Road,,,Not Applicable,Personal & Car related issue,Not Applicable,Not Applicable,743,Not Applicable,0,,
2024-07-20 08:22:00,CNR3881397151,Success,CID674457,Prime Sedan,Yeshwanthpur,Nagarbhavi,287.0,50.0,Not Applicable,Not Applicable,No,Not Applicable,617,UPI,8,4.2,3.9
2024-07-24 15:42:00,CNR3368027967,Canceled by Driver,CID415793,eBike,Electronic City,Hosur Road,,,Not Applicable,More than permitted people in there,Not Applicable,Not Applicable,771,Not Applicable,0,,
2024-07-03 11:11:00,CNR3258369938,Driver Not Found,CID450115,Prime Plus,Shivajinagar,Kadugodi,,,Not Applicable,Not Applicable,Not Applicable,Not Applicable,438,Not Applicable,0,,
2024-07-15 21:46:00,CNR4795271549,Canceled by Driver,CID573903,Bike,Bannerghatta Road,Yeshwanthpur,,,Not Applicable,More than permitted people in there,Not Applicable,Not Applicable,247,Not Applicable,0,,
2024-07-16 21:57:00,CNR4362334456,Success,CID315604,Bike,RT Nagar,Mysore Road,238.0,100.0,Not Applicable,Not Applicable,No,Not Applicable,318,Cash,40,4.2,3.8
2024-07-07 18:25:00,CNR9833179354,Success,CID163067,Prime SUV,Malleshwaram,Kammanahalli,147.0,130.0,Not Applicable,Not Applicable,No,Not Applicable,685,Cash,18,3.8,3.3
2024-07-05 20:20:00,CNR1932691801,Canceled by Driver,CID466841,Auto,Indiranagar,Yelahanka,,,Not Applicable,Personal & Car related issue,Not Applicable,Not Applicable,351,Not Applicable,0,,
2024-07-12 18:17:00,CNR7590498916,Success,CID166731,Auto,Kengeri,Frazer Town,70.0,75.0,Not Applicable,Not Applicable,No,Not Applicable,347,Cash,6,4.1,4.4
2024-07-02 14:26:00,CNR2642099063,Success,CID265347,Prime Plus,Mysore Road,Marathahalli,126.0,45.0,Not Applicable,Not Applicable,No,Not Applicable,263,UPI,23,4.2,3.6
2024-07-17 14:43:00,CNR7285660672,Canceled by Driver,CID497207,Auto,BTM Layout,Electronic City,,,Not Applicable,Customer was coughing/sick,Not Applicable,Not Applicable,427,Not Applicable,0,,
2024-07-15 04:22:00,CNR9967603478,Success,CID992375,eBike,Kadugodi,Sarjapur Road,224.0,120.0,Not Applicable,Not Applicable,No,Not Applicable,137,Cash,15,3.5,4.4
2024-07-14 16:24:00,CNR4299589986,Success,CID753513,Mini,Marathahalli,Majestic,224.0,115.0,Not Applicable,Not Applicable,No,Not Applicable,500,UPI,46,4.9,3.3
2024-07-16 17:49:00,CNR5576091281,Canceled by Driver,CID873892,Prime SUV,Shantinagar,Rajarajeshwari Nagar,,,Not Applicable,Customer related issue,Not Applicable,Not Applicable,203,Not Applicable,0,,
2024-07-11 18:03:00,CNR7376263750,Success,CID949733,Prime SUV,MG Road,Varthur,273.0,125.0,Not Applicable,Not Applicable,No,Not Applicable,709,Cash,16,4.2,3.9
2024-07-19 16:13:00,CNR5161767327,Success,CID782384,Bike,Cox Town,Peenya,168.0,80.0,Not Applicable,Not Applicable,No,Not Applicable,157,Cash,39,4.5,3.3
2024-07-12 08:59:00,CNR3409643913,Canceled by Driver,CID449518,eBike,Richmond Town,Sahakar Nagar,,,Not Applicable,Personal & Car related issue,Not Applicable,Not Applicable,432,Not Applicable,0,,
2024-07-24 02:19:00,CNR1465522425,Canceled by Customer,CID191735,Bike,JP Nagar,Magadi Road,,,Wrong Address,Not Applicable,Not Applicable,Not Applicable,414,Not Applicable,0,,
2024-07-17 17:15:00,CNR5589845230,Success,CID247242,eBike,MG Road,RT Nagar,154.0,35.0,Not Applicable,Not Applicable,No,Not Applicable,298,UPI,19,3.4,3.6
2024-07-13 00:09:00,CNR2252214969,Success,CID160618,Prime Plus,Koramangala,Magadi Road,63.0,110.0,Not Applicable,Not Applicable,No,Not Applicable,419,UPI,18,3.6,4.4
2024-07-05 14:27:00,CNR8757810483,Success,CID785934,Prime SUV,Hulimavu,Ulsoor,119.0,95.0,Not Applicable,Not Applicable,No,Not Applicable,239,UPI,34,3.3,3.7
2024-07-25 11:25:00,CNR7452082926,Success,CID212361,eBike,Hebbal,Hosur Road,42.0,100.0,Not Applicable,Not Applicable,No,Not Applicable,185,Cash,45,4.9,4.2
2024-07-11 02:43:00,CNR4548406059,Success,CID398843,Prime SUV,Sarjapur Road,JP Nagar,147.0,55.0,Not Applicable,Not Applicable,No,Not Applicable,249,Cash,41,3.7,3.2
2024-07-12 00:05:00,CNR6261348406,Success,CID557117,Bike,Hulimavu,MG Road,49.0,125.0,Not Applicable,Not Applicable,No,Not Applicable,323,Cash,26,4.0,3.8
2024-07-18 20:30:00,CNR2941715348,Success,CID688614,Bike,Nagarbhavi,KR Puram,294.0,120.0,Not Applicable,Not Applicable,No,Not Applicable,403,Cash,37,4.8,4.1
2024-07-19 06:14:00,CNR1810756283,Success,CID101524,Auto,RT Nagar,Yeshwanthpur,259.0,45.0,Not Applicable,Not Applicable,No,Not Applicable,489,UPI,6,4.0,4.5
2024-07-18 04:24:00,CNR5779949596,Success,CID467532,Auto,Shivajinagar,Shantinagar,63.0,30.0,Not Applicable,Not Applicable,No,Not Applicable,2113,UPI,11,3.2,3.0
2024-07-24 18:13:00,CNR8572752434,Canceled by Customer,CID412750,Prime SUV,Vijayanagar,BTM Layout,,,Change of plans,Not Applicable,Not Applicable,Not Applicable,782,Not Applicable,0,,
2024-07-06 08:57:00,CNR9419905180,Canceled by Customer,CID680223,eBike,Hosur Road,Jayanagar,,,Driver is not moving towards pickup location,Not Applicable,Not Applicable,Not Applicable,397,Not Applicable,0,,
2024-07-22 22:57:00,CNR5488340428,Success,CID532016,Bike,Koramangala,Banashankari,91.0,50.0,Not Applicable,Not Applicable,No,Not Applicable,325,Cash,48,4.5,3.1
2024-07-02 18:03:00,CNR3336472151,Success,CID179805,Bike,Shivajinagar,Hosur Road,105.0,35.0,Not Applicable,Not Applicable,No,Not Applicable,385,UPI,33,4.3,3.3
2024-07-20 01:00:00,CNR1720127470,Canceled by Driver,CID188403,Auto,Shivajinagar,BTM Layout,,,Not Applicable,Customer was coughing/sick,Not Applicable,Not Applicable,708,Not Applicable,0,,
2024-07-27 14:37:00,CNR8579637465,Canceled by Customer,CID866401,Auto,Ramamurthy Nagar,Rajajinagar,,,Driver asked to cancel,Not Applicable,Not Applicable,Not Applicable,214,Not Applicable,0,,
2024-07-04 21:59:00,CNR3284585942,Success,CID484054,Prime SUV,Kammanahalli,Banashankari,217.0,95.0,Not Applicable,Not Applicable,No,Not Applicable,339,Cash,19,3.6,4.1
2024-07-04 01:02:00,CNR4248516812,Canceled by Driver,CID222037,Auto,Langford Town,Shantinagar,,,Not Applicable,More than permitted people in there,Not Applicable,Not Applicable,462,Not Applicable,0,,
2024-07-10 09:22:00,CNR6029091838,Success,CID178887,Prime Sedan,Majestic,Indiranagar,308.0,95.0,Not Applicable,Not Applicable,No,Not Applicable,806,Cash,14,3.7,4.8
2024-07-29 05:57:00,CNR9867271801,Canceled by Driver,CID387465,Prime SUV,Vijayanagar,Yelahanka,,,Not Applicable,Personal & Car related issue,Not Applicable,Not Applicable,184,Not Applicable,0,,
2024-07-09 23:38:00,CNR8369342124,Success,CID744720,Prime Sedan,Vijayanagar,Magadi Road,63.0,110.0,Not Applicable,Not Applicable,No,Not Applicable,380,Cash,29,4.5,3.1
2024-07-27 20:44:00,CNR9516520724,Success,CID680599,Bike,Bannerghatta Road,Cox Town,91.0,120.0,Not Applicable,Not Applicable,No,Not Applicable,471,Cash,45,4.6,3.5
2024-07-15 18:23:00,CNR8048063328,Success,CID305317,Bike,Frazer Town,RT Nagar,70.0,85.0,Not Applicable,Not Applicable,No,Not Applicable,703,UPI,46,4.5,4.0
2024-07-04 20:10:00,CNR9415622822,Success,CID917435,Mini,Marathahalli,Bellandur,196.0,50.0,Not Applicable,Not Applicable,No,Not Applicable,867,Cash,16,4.4,3.1
2024-07-28 06:25:00,CNR5000368783,Success,CID586844,Prime Sedan,Hennur,Hennur,161.0,125.0,Not Applicable,Not Applicable,No,Not Applicable,225,Cash,2,4.0,3.7
2024-07-25 00:10:00,CNR4119836890,Success,CID834400,Prime Plus,Malleshwaram,Shivajinagar,91.0,100.0,Not Applicable,Not Applicable,No,Not Applicable,191,UPI,38,4.9,4.0
2024-07-13 17:59:00,CNR2115899373,Success,CID309150,Bike,Marathahalli,Malleshwaram,84.0,75.0,Not Applicable,Not Applicable,No,Not Applicable,426,Cash,22,3.7,3.3
2024-07-30 05:16:00,CNR8209735436,Canceled by Customer,CID297976,Auto,Ramamurthy Nagar,Ulsoor,,,Change of plans,Not Applicable,Not Applicable,Not Applicable,718,Not Applicable,0,,
2024-07-23 05:58:00,CNR1673864440,Success,CID911665,Prime Sedan,Sahakar Nagar,Shantinagar,49.0,35.0,Not Applicable,Not Applicable,Yes,Vehicle Breakdown,435,UPI,18,3.5,4.4
2024-07-13 04:34:00,CNR2660510891,Canceled by Driver,CID884210,eBike,Kengeri,RT Nagar,,,Not Applicable,Customer related issue,Not Applicable,Not Applicable,2855,Not Applicable,0,,
2024-07-25 23:13:00,CNR6211950700,Success,CID429134,Mini,HSR Layout,Hennur,112.0,85.0,Not Applicable,Not Applicable,No,Not Applicable,237,Cash,47,3.3,4.4
2024-07-06 09:05:00,CNR6089071471,Success,CID998843,eBike,Rajarajeshwari Nagar,Ulsoor,161.0,145.0,Not Applicable,Not Applicable,No,Not Applicable,330,Cash,26,3.3,4.5
2024-07-08 10:34:00,CNR2783730269,Success,CID517962,Bike,Kammanahalli,Ulsoor,294.0,95.0,Not Applicable,Not Applicable,No,Not Applicable,481,UPI,5,4.9,3.4
2024-07-09 05:33:00,CNR4179704051,Success,CID542019,eBike,Tumkur Road,Malleshwaram,140.0,70.0,Not Applicable,Not Applicable,No,Not Applicable,320,Cash,21,3.4,3.7
2024-07-08 03:16:00,CNR1160207580,Success,CID848906,Mini,Hulimavu,Nagarbhavi,273.0,85.0,Not Applicable,Not Applicable,No,Not Applicable,104,Cash,49,3.0,3.2
2024-07-18 13:40:00,CNR1580997896,Canceled by Driver,CID758504,Prime Plus,Bellandur,Kammanahalli,,,Not Applicable,Customer was coughing/sick,Not Applicable,Not Applicable,382,Not Applicable,0,,
2024-07-07 11:10:00,CNR3685977842,Success,CID134880,Prime Plus,BTM Layout,Hennur,168.0,105.0,Not Applicable,Not Applicable,No,Not Applicable,1489,UPI,39,3.4,4.0
2024-07-22 20:03:00,CNR6191401247,Driver Not Found,CID152797,Bike,Indiranagar,Rajarajeshwari Nagar,,,Not Applicable,Not Applicable,Not Applicable,Not Applicable,165,Not Applicable,0,,
2024-07-02 21:52:00,CNR9052687137,Success,CID838691,Mini,Rajajinagar,BTM Layout,266.0,145.0,Not Applicable,Not Applicable,No,Not Applicable,396,Credit Card,44,4.3,4.4
2024-07-04 22:23:00,CNR4716235189,Driver Not Found,CID765710,Prime Plus,Rajarajeshwari Nagar,Shantinagar,,,Not Applicable,Not Applicable,Not Applicable,Not Applicable,336,Not Applicable,0,,
2024-07-25 08:40:00,CNR1350730124,Success,CID751835,Prime Plus,Mysore Road,Banashankari,259.0,100.0,Not Applicable,Not Applicable,No,Not Applicable,493,UPI,30,3.2,4.7
2024-07-11 13:41:00,CNR6118679190,Success,CID700101,Prime Plus,Banashankari,Tumkur Road,308.0,65.0,Not Applicable,Not Applicable,No,Not Applicable,281,UPI,10,4.7,3.4
2024-07-17 03:25:00,CNR3205412003,Success,CID784499,Prime Sedan,Rajajinagar,Bannerghatta Road,189.0,130.0,Not Applicable,Not Applicable,No,Not Applicable,397,UPI,9,3.4,4.5
2024-07-05 08:24:00,CNR1231860310,Canceled by Driver,CID634279,Prime Plus,Varthur,Chickpet,,,Not Applicable,Customer was coughing/sick,Not Applicable,Not Applicable,284,Not Applicable,0,,
2024-07-07 06:19:00,CNR7608045998,Success,CID856465,eBike,Hulimavu,Hulimavu,224.0,55.0,Not Applicable,Not Applicable,No,Not Applicable,1133,Cash,16,4.8,3.9
2024-07-28 20:16:00,CNR3226003018,Success,CID549176,eBike,Richmond Town,Rajarajeshwari Nagar,168.0,65.0,Not Applicable,Not Applicable,No,Not Applicable,122,Cash,39,3.9,3.7
2024-07-18 23:27:00,CNR5171085314,Success,CID123770,Auto,Whitefield,Hennur,126.0,115.0,Not Applicable,Not Applicable,No,Not Applicable,124,Cash,1,4.6,3.9
2024-07-16 20:30:00,CNR6602272594,Canceled by Customer,CID968922,Bike,Bannerghatta Road,Hebbal,,,Wrong Address,Not Applicable,Not Applicable,Not Applicable,492,Not Applicable,0,,
2024-07-13 06:55:00,CNR5344890940,Success,CID213285,Prime Sedan,Rajarajeshwari Nagar,Nagarbhavi,175.0,75.0,Not Applicable,Not Applicable,Yes,Vehicle Breakdown,273,Cash,35,4.7,3.5
2024-07-12 09:26:00,CNR1964603785,Canceled by Driver,CID438361,Auto,Cox Town,Vijayanagar,,,Not Applicable,Personal & Car related issue,Not Applicable,Not Applicable,283,Not Applicable,0,,
2024-07-07 22:16:00,CNR9321555266,Canceled by Customer,CID623137,eBike,Frazer Town,Sahakar Nagar,,,AC is Not working,Not Applicable,Not Applicable,Not Applicable,291,Not Applicable,0,,
2024-07-11 19:11:00,CNR5307475066,Success,CID988080,Mini,Hebbal,Ulsoor,175.0,55.0,Not Applicable,Not Applicable,Yes,Vehicle Breakdown,839,Cash,19,3.1,4.4
2024-07-08 15:46:00,CNR1173906715,Success,CID840853,eBike,Sahakar Nagar,Padmanabhanagar,70.0,30.0,Not Applicable,Not Applicable,No,Not Applicable,451,Cash,49,4.8,4.0
2024-07-01 09:38:00,CNR1463991052,Success,CID387981,Prime Sedan,Devanahalli,HSR Layout,203.0,90.0,Not Applicable,Not Applicable,No,Not Applicable,751,Cash,27,4.0,4.0
2024-07-01 01:10:00,CNR6366665816,Canceled by Driver,CID220617,Mini,Basavanagudi,Richmond Town,,,Not Applicable,Customer related issue,Not Applicable,Not Applicable,506,Not Applicable,0,,
2024-07-02 22:23:00,CNR8408161658,Canceled by Driver,CID806389,Prime SUV,Vijayanagar,Chamarajpet,,,Not Applicable,More than permitted people in there,Not Applicable,Not Applicable,437,Not Applicable,0,,
2024-07-30 05:38:00,CNR5687119108,Success,CID106373,Auto,Rajajinagar,Cox Town,154.0,40.0,Not Applicable,Not Applicable,No,Not Applicable,293,Cash,11,3.9,3.4
2024-07-10 00:47:00,CNR8851742060,Canceled by Customer,CID345864,Auto,Whitefield,JP Nagar,,,Driver is not moving towards pickup location,Not Applicable,Not Applicable,Not Applicable,133,Not Applicable,0,,
2024-07-28 07:12:00,CNR8135472774,Success,CID330929,Bike,Padmanabhanagar,Frazer Town,182.0,125.0,Not Applicable,Not Applicable,No,Not Applicable,688,UPI,32,3.1,3.6
2024-07-06 06:18:00,CNR7152570433,Success,CID203351,Prime Plus,BTM Layout,Varthur,91.0,45.0,Not Applicable,Not Applicable,No,Not Applicable,267,Cash,15,3.7,3.2
2024-07-15 20:20:00,CNR7633734167,Success,CID192573,Prime SUV,Hulimavu,Chamarajpet,42.0,125.0,Not Applicable,Not Applicable,No,Not Applicable,136,UPI,16,3.9,4.2
2024-07-01 10:38:00,CNR3451527563,Success,CID687552,Auto,Marathahalli,JP Nagar,252.0,45.0,Not Applicable,Not Applicable,No,Not Applicable,152,UPI,6,4.6,4.1
2024-07-22 07:49:00,CNR1623897103,Success,CID193901,Prime SUV,Tumkur Road,Malleshwaram,308.0,125.0,Not Applicable,Not Applicable,No,Not Applicable,193,UPI,15,3.7,5.0
2024-07-05 23:11:00,CNR3269497130,Canceled by Customer,CID111278,Prime Sedan,Whitefield,Varthur,,,Driver asked to cancel,Not Applicable,Not Applicable,Not Applicable,490,Not Applicable,0,,
2024-07-18 23:39:00,CNR6894844421,Success,CID709025,Auto,Nagarbhavi,Sarjapur Road,182.0,90.0,Not Applicable,Not Applicable,No,Not Applicable,477,Cash,15,3.9,3.5
2024-07-28 04:42:00,CNR7951860881,Success,CID262169,Bike,Ramamurthy Nagar,Padmanabhanagar,308.0,105.0,Not Applicable,Not Applicable,No,Not Applicable,1488,Cash,20,3.7,4.7
2024-07-18 04:01:00,CNR2402347093,Success,CID206130,Prime SUV,Langford Town,Richmond Town,70.0,35.0,Not Applicable,Not Applicable,No,Not Applicable,146,UPI,6,4.5,4.7
2024-07-01 05:56:00,CNR8856351421,Success,CID497817,Prime SUV,Basavanagudi,Shantinagar,259.0,135.0,Not Applicable,Not Applicable,No,Not Applicable,709,Cash,24,3.5,3.6
2024-07-12 07:44:00,CNR6265986265,Success,CID291110,Prime SUV,KR Puram,BTM Layout,49.0,60.0,Not Applicable,Not Applicable,Yes,Customer Demand,379,UPI,28,4.1,3.8
2024-07-04 11:45:00,CNR4510056522,Success,CID687427,Mini,BTM Layout,Marathahalli,105.0,120.0,Not Applicable,Not Applicable,No,Not Applicable,545,Cash,45,3.9,3.1
2024-07-28 00:57:00,CNR1311773138,Success,CID402393,Prime SUV,Rajajinagar,Yelahanka,56.0,25.0,Not Applicable,Not Applicable,No,Not Applicable,115,UPI,16,4.7,3.8
2024-07-25 13:41:00,CNR6210778754,Success,CID658775,Mini,Electronic City,RT Nagar,280.0,100.0,Not Applicable,Not Applicable,No,Not Applicable,1509,Cash,21,3.1,4.7
2024-07-11 20:42:00,CNR8155667861,Success,CID675261,Bike,JP Nagar,Hulimavu,147.0,100.0,Not Applicable,Not Applicable,No,Not Applicable,1037,Cash,8,3.7,4.0
2024-07-26 22:22:00,CNR3928782445,Canceled by Driver,CID495312,Prime SUV,Koramangala,Padmanabhanagar,,,Not Applicable,Personal & Car related issue,Not Applicable,Not Applicable,587,Not Applicable,0,,
2024-07-18 09:34:00,CNR7439760403,Driver Not Found,CID185836,Prime Plus,Basavanagudi,Kadugodi,,,Not Applicable,Not Applicable,Not Applicable,Not Applicable,116,Not Applicable,0,,
2024-07-25 05:32:00,CNR8324590846,Success,CID775578,Bike,Langford Town,Kadugodi,182.0,105.0,Not Applicable,Not Applicable,No,Not Applicable,431,UPI,21,4.2,4.5
2024-07-18 19:19:00,CNR4287399420,Success,CID489221,Auto,Richmond Town,Padmanabhanagar,133.0,125.0,Not Applicable,Not Applicable,No,Not Applicable,122,UPI,5,4.7,3.4
2024-07-02 21:58:00,CNR7210024381,Success,CID158852,Bike,Sahakar Nagar,Bellandur,189.0,50.0,Not Applicable,Not Applicable,No,Not Applicable,484,Cash,28,4.2,4.0
2024-07-12 14:20:00,CNR5601013949,Success,CID919838,Prime Plus,Yeshwanthpur,Koramangala,98.0,35.0,Not Applicable,Not Applicable,No,Not Applicable,206,UPI,40,4.2,3.6
2024-07-30 03:17:00,CNR6335888915,Success,CID332865,Bike,KR Puram,HSR Layout,301.0,80.0,Not Applicable,Not Applicable,No,Not Applicable,674,Cash,11,3.8,4.0
2024-07-27 08:05:00,CNR8833621721,Canceled by Customer,CID358340,Auto,Devanahalli,Electronic City,,,Change of plans,Not Applicable,Not Applicable,Not Applicable,697,Not Applicable,0,,
2024-07-20 04:38:00,CNR6408194011,Success,CID262565,Mini,Kammanahalli,Ramamurthy Nagar,49.0,50.0,Not Applicable,Not Applicable,Yes,Other Issue,349,UPI,30,4.9,3.9
2024-07-22 22:24:00,CNR7327900102,Canceled by Customer,CID414246,Prime Sedan,Cox Town,Padmanabhanagar,,,AC is Not working,Not Applicable,Not Applicable,Not Applicable,352,Not Applicable,0,,
2024-07-24 16:49:00,CNR9023413922,Canceled by Driver,CID812402,eBike,Hulimavu,Ulsoor,,,Not Applicable,Customer related issue,Not Applicable,Not Applicable,366,Not Applicable,0,,
2024-07-01 23:11:00,CNR2135061225,Success,CID465536,Prime Sedan,Hennur,Frazer Town,56.0,140.0,Not Applicable,Not Applicable,No,Not Applicable,117,UPI,48,3.9,5.0
2024-07-11 15:08:00,CNR3557172906,Success,CID354070,Prime Sedan,RT Nagar,Yelahanka,161.0,90.0,Not Applicable,Not Applicable,No,Not Applicable,335,Cash,8,4.8,4.5
2024-07-04 05:52:00,CNR1627116541,Success,CID793735,Auto,Electronic City,Kadugodi,245.0,60.0,Not Applicable,Not Applicable,No,Not Applicable,559,Cash,11,4.7,3.1
2024-07-08 20:54:00,CNR2020635574,Success,CID334657,eBike,MG Road,Nagarbhavi,119.0,65.0,Not Applicable,Not Applicable,No,Not Applicable,482,Cash,25,4.3,4.3
2024-07-21 10:58:00,CNR2482083712,Driver Not Found,CID369835,Mini,Kengeri,Hennur,,,Not Applicable,Not Applicable,Not Applicable,Not Applicable,725,Not Applicable,0,,
2024-07-11 18:32:00,CNR3647175948,Success,CID390412,Prime Plus,Rajarajeshwari Nagar,Koramangala,105.0,135.0,Not Applicable,Not Applicable,No,Not Applicable,517,UPI,2,5.0,3.6
2024-07-28 19:11:00,CNR1924097490,Success,CID153127,Prime SUV,Varthur,Yelahanka,63.0,120.0,Not Applicable,Not Applicable,No,Not Applicable,888,Credit Card,30,3.5,3.9
2024-07-23 06:51:00,CNR9540768606,Driver Not Found,CID815309,eBike,Cox Town,Yelahanka,,,Not Applicable,Not Applicable,Not Applicable,Not Applicable,476,Not Applicable,0,,
2024-07-21 07:16:00,CNR6310868384,Success,CID220003,Prime Plus,Yelahanka,Chickpet,308.0,55.0,Not Applicable,Not Applicable,No,Not Applicable,200,UPI,26,4.6,3.4
2024-07-30 22:08:00,CNR1089325256,Success,CID585865,Bike,Whitefield,Yeshwanthpur,273.0,80.0,Not Applicable,Not Applicable,No,Not Applicable,106,UPI,14,4.4,3.2
2024-07-03 18:22:00,CNR5224844472,Success,CID700350,eBike,Langford Town,Bannerghatta Road,189.0,65.0,Not Applicable,Not Applicable,No,Not Applicable,621,UPI,25,4.0,4.8
2024-07-27 14:56:00,CNR9829541165,Driver Not Found,CID269481,Bike,Peenya,Tumkur Road,,,Not Applicable,Not Applicable,Not Applicable,Not Applicable,237,Not Applicable,0,,
2024-07-14 22:54:00,CNR1502102245,Driver Not Found,CID479069,Prime Plus,Chickpet,Yeshwanthpur,,,Not Applicable,Not Applicable,Not Applicable,Not Applicable,357,Not Applicable,0,,
2024-07-16 19:23:00,CNR3930227120,Success,CID227967,Bike,Ramamurthy Nagar,Devanahalli,175.0,120.0,Not Applicable,Not Applicable,No,Not Applicable,371,Cash,32,3.3,4.9
2024-07-12 20:23:00,CNR4788226742,Success,CID461556,Prime SUV,Richmond Town,Ramamurthy Nagar,112.0,55.0,Not Applicable,Not Applicable,No,Not Applicable,187,UPI,46,3.3,3.5
2024-07-09 12:38:00,CNR4744244851,Success,CID175538,Mini,BTM Layout,Langford Town,175.0,95.0,Not Applicable,Not Applicable,No,Not Applicable,326,Cash,35,4.5,4.9
2024-07-27 08:45:00,CNR6294579415,Canceled by Driver,CID873068,Mini,Richmond Town,Tumkur Road,,,Not Applicable,Personal & Car related issue,Not Applicable,Not Applicable,232,Not Applicable,0,,
2024-07-19 16:52:00,CNR9744310019,Canceled by Customer,CID778020,eBike,KR Puram,Rajarajeshwari Nagar,,,Wrong Address,Not Applicable,Not Applicable,Not Applicable,936,Not Applicable,0,,
2024-07-30 02:35:00,CNR4564499445,Driver Not Found,CID177806,Prime Plus,Yeshwanthpur,Shantinagar,,,Not Applicable,Not Applicable,Not Applicable,Not Applicable,323,Not Applicable,0,,
2024-07-05 21:05:00,CNR9651340021,Success,CID170419,Prime Sedan,Yeshwanthpur,Devanahalli,126.0,55.0,Not Applicable,Not Applicable,No,Not Applicable,180,UPI,29,4.4,4.0
2024-07-08 08:08:00,CNR7031869241,Canceled by Driver,CID637844,Prime Sedan,Nagarbhavi,Marathahalli,,,Not Applicable,Customer related issue,Not Applicable,Not Applicable,1822,Not Applicable,0,,
2024-07-13 18:54:00,CNR5811847636,Success,CID283950,Auto,Chickpet,Koramangala,231.0,90.0,Not Applicable,Not Applicable,No,Not Applicable,1076,Cash,19,3.8,4.1
2024-07-25 23:18:00,CNR7566667033,Success,CID989774,Prime SUV,Majestic,Kadugodi,105.0,85.0,Not Applicable,Not Applicable,No,Not Applicable,168,Cash,21,4.7,3.5
2024-07-16 11:52:00,CNR8025204970,Canceled by Customer,CID672118,Auto,HSR Layout,Shantinagar,,,Driver is not moving towards pickup location,Not Applicable,Not Applicable,Not Applicable,1671,Not Applicable,0,,
2024-07-30 13:43:00,CNR3050051872,Success,CID152022,Prime SUV,Sahakar Nagar,Malleshwaram,84.0,85.0,Not Applicable,Not Applicable,No,Not Applicable,152,Cash,45,4.8,4.3
2024-07-11 14:43:00,CNR6686933197,Canceled by Customer,CID422753,Bike,Nagarbhavi,Tumkur Road,,,AC is Not working,Not Applicable,Not Applicable,Not Applicable,650,Not Applicable,0,,
2024-07-13 02:03:00,CNR1292736388,Success,CID534164,Auto,Magadi Road,RT Nagar,98.0,140.0,Not Applicable,Not Applicable,No,Not Applicable,995,Cash,17,4.9,3.3
2024-07-03 12:09:00,CNR3888098489,Driver Not Found,CID335600,eBike,Majestic,Frazer Town,,,Not Applicable,Not Applicable,Not Applicable,Not Applicable,157,Not Applicable,0,,
2024-07-07 02:11:00,CNR7456146990,Canceled by Customer,CID308592,Auto,JP Nagar,Nagarbhavi,,,Driver asked to cancel,Not Applicable,Not Applicable,Not Applicable,172,Not Applicable,0,,
2024-07-21 08:29:00,CNR3097178505,Success,CID349647,Prime Plus,Banashankari,Tumkur Road,196.0,70.0,Not Applicable,Not Applicable,No,Not Applicable,2659,Cash,9,4.1,3.6
2024-07-09 09:32:00,CNR3896776566,Success,CID998892,eBike,Chamarajpet,Bellandur,217.0,90.0,Not Applicable,Not Applicable,No,Not Applicable,159,Cash,17,4.2,4.5
2024-07-17 13:35:00,CNR3428574812,Canceled by Customer,CID721397,Auto,Whitefield,Indiranagar,,,Driver asked to cancel,Not Applicable,Not Applicable,Not Applicable,504,Not Applicable,0,,
2024-07-17 20:25:00,CNR8088898891,Success,CID443337,Prime Sedan,Basavanagudi,Rajarajeshwari Nagar,133.0,60.0,Not Applicable,Not Applicable,No,Not Applicable,333,UPI,36,3.8,3.6
2024-07-14 11:38:00,CNR1661642964,Canceled by Driver,CID166314,Auto,Shivajinagar,Yelahanka,,,Not Applicable,Customer related issue,Not Applicable,Not Applicable,1108,Not Applicable,0,,
2024-07-24 09:06:00,CNR3410695102,Success,CID438220,Prime Plus,Rajajinagar,Ramamurthy Nagar,203.0,115.0,Not Applicable,Not Applicable,No,Not Applicable,152,Cash,4,3.5,3.2
2024-07-12 18:06:00,CNR1526773608,Success,CID961531,Prime Sedan,Peenya,Yeshwanthpur,168.0,85.0,Not Applicable,Not Applicable,No,Not Applicable,470,Cash,38,4.0,4.1
2024-07-17 15:15:00,CNR2710513626,Success,CID274485,eBike,Peenya,Varthur,140.0,45.0,Not Applicable,Not Applicable,No,Not Applicable,139,UPI,8,4.2,4.0
2024-07-26 21:04:00,CNR3758693078,Success,CID264276,eBike,Bellandur,Malleshwaram,182.0,65.0,Not Applicable,Not Applicable,No,Not Applicable,173,UPI,43,4.3,3.8
2024-07-15 00:37:00,CNR4194741973,Driver Not Found,CID906107,Bike,Langford Town,Ulsoor,,,Not Applicable,Not Applicable,Not Applicable,Not Applicable,123,Not Applicable,0,,
2024-07-01 14:51:00,CNR6251745886,Canceled by Customer,CID519311,Bike,Rajarajeshwari Nagar,Bellandur,,,Driver asked to cancel,Not Applicable,Not Applicable,Not Applicable,330,Not Applicable,0,,
2024-07-20 08:09:00,CNR4221872037,Success,CID732571,Prime Sedan,Nagarbhavi,Peenya,49.0,115.0,Not Applicable,Not Applicable,No,Not Applicable,156,Cash,10,3.5,4.4
2024-07-26 21:22:00,CNR9672411009,Success,CID305557,Mini,Padmanabhanagar,Langford Town,98.0,105.0,Not Applicable,Not Applicable,No,Not Applicable,647,UPI,9,3.6,3.8
2024-07-07 19:13:00,CNR5102300311,Success,CID712947,Prime Plus,Marathahalli,Yeshwanthpur,280.0,145.0,Not Applicable,Not Applicable,No,Not Applicable,219,UPI,14,3.5,3.0
2024-07-09 07:47:00,CNR1053960755,Driver Not Found,CID588899,eBike,Peenya,Devanahalli,,,Not Applicable,Not Applicable,Not Applicable,Not Applicable,225,Not Applicable,0,,
2024-07-19 03:57:00,CNR2572655607,Success,CID691321,Prime Sedan,Indiranagar,Kadugodi,126.0,45.0,Not Applicable,Not Applicable,Yes,Vehicle Breakdown,845,Cash,11,4.2,4.1
2024-07-29 07:41:00,CNR3125661092,Canceled by Customer,CID634653,Auto,Richmond Town,Majestic,,,AC is Not working,Not Applicable,Not Applicable,Not Applicable,686,Not Applicable,0,,
2024-07-29 05:32:00,CNR2203925405,Canceled by Customer,CID102765,Prime SUV,Hulimavu,Frazer Town,,,Driver is not moving towards pickup location,Not Applicable,Not Applicable,Not Applicable,162,Not Applicable,0,,
2024-07-20 13:15:00,CNR7744628995,Driver Not Found,CID338426,Prime SUV,Chickpet,Rajarajeshwari Nagar,,,Not Applicable,Not Applicable,Not Applicable,Not Applicable,1026,Not Applicable,0,,
2024-07-30 06:55:00,CNR1476657898,Success,CID895969,Prime SUV,Mysore Road,Rajarajeshwari Nagar,217.0,35.0,Not Applicable,Not Applicable,No,Not Applicable,1760,Cash,40,4.1,4.3
2024-07-19 05:16:00,CNR9205605955,Success,CID385890,Mini,MG Road,Cox Town,203.0,120.0,Not Applicable,Not Applicable,No,Not Applicable,455,Cash,3,3.9,3.6
2024-07-10 18:50:00,CNR7401369893,Canceled by Driver,CID454563,eBike,Hulimavu,Malleshwaram,,,Not Applicable,More than permitted people in there,Not Applicable,Not Applicable,257,Not Applicable,0,,
2024-07-09 00:42:00,CNR4631952690,Driver Not Found,CID985925,Mini,MG Road,Langford Town,,,Not Applicable,Not Applicable,Not Applicable,Not Applicable,395,Not Applicable,0,,
2024-07-15 13:02:00,CNR6471660941,Canceled by Driver,CID914045,Prime SUV,BTM Layout,Malleshwaram,,,Not Applicable,Personal & Car related issue,Not Applicable,Not Applicable,829,Not Applicable,0,,
2024-07-26 21:17:00,CNR6067591708,Success,CID558995,Mini,Vijayanagar,Rajajinagar,133.0,55.0,Not Applicable,Not Applicable,No,Not Applicable,648,Cash,11,4.4,3.9
2024-07-13 17:37:00,CNR6831271757,Canceled by Customer,CID393480,Mini,Richmond Town,Marathahalli,,,AC is Not working,Not Applicable,Not Applicable,Not Applicable,884,Not Applicable,0,,
2024-07-06 23:50:00,CNR9830032759,Driver Not Found,CID781585,Mini,Bellandur,Langford Town,,,Not Applicable,Not Applicable,Not Applicable,Not Applicable,342,Not Applicable,0,,
2024-07-21 13:43:00,CNR6279425273,Success,CID201355,Auto,BTM Layout,Shivajinagar,182.0,85.0,Not Applicable,Not Applicable,No,Not Applicable,200,Cash,6,3.1,3.3
2024-07-12 03:16:00,CNR4962998621,Canceled by Customer,CID801303,Bike,Basavanagudi,Richmond Town,,,Wrong Address,Not Applicable,Not Applicable,Not Applicable,424,Not Applicable,0,,
2024-07-02 06:46:00,CNR4425933009,Success,CID362464,Prime Plus,Ramamurthy Nagar,BTM Layout,273.0,65.0,Not Applicable,Not Applicable,No,Not Applicable,214,Cash,48,3.5,4.9
2024-07-11 09:57:00,CNR1282242786,Canceled by Customer,CID793029,Prime Plus,Mysore Road,Langford Town,,,Driver is not moving towards pickup location,Not Applicable,Not Applicable,Not Applicable,159,Not Applicable,0,,
2024-07-01 13:22:00,CNR8072927746,Success,CID394022,Bike,Rajajinagar,MG Road,126.0,45.0,Not Applicable,Not Applicable,No,Not Applicable,374,UPI,2,4.4,4.1
2024-07-22 18:26:00,CNR4051758482,Success,CID145943,Prime Plus,Peenya,Kengeri,196.0,85.0,Not Applicable,Not Applicable,No,Not Applicable,408,Cash,12,4.2,4.7
2024-07-21 16:17:00,CNR7719644918,Success,CID501730,Prime SUV,Bannerghatta Road,Banashankari,294.0,110.0,Not Applicable,Not Applicable,No,Not Applicable,737,UPI,37,3.1,4.0
2024-07-18 20:00:00,CNR2608790899,Success,CID838983,eBike,Shivajinagar,RT Nagar,77.0,115.0,Not Applicable,Not Applicable,No,Not Applicable,261,Cash,36,4.9,3.3
2024-07-03 09:59:00,CNR1118764960,Driver Not Found,CID907895,Prime Sedan,Rajajinagar,Shantinagar,,,Not Applicable,Not Applicable,Not Applicable,Not Applicable,659,Not Applicable,0,,
2024-07-13 09:14:00,CNR9048292135,Success,CID424688,Mini,Sahakar Nagar,Bellandur,84.0,130.0,Not Applicable,Not Applicable,Yes,Other Issue,235,Cash,41,3.3,4.4
2024-07-02 12:09:00,CNR4069533206,Success,CID369757,Mini,Yelahanka,Majestic,133.0,40.0,Not Applicable,Not Applicable,No,Not Applicable,241,Cash,48,4.4,4.1
2024-07-30 09:01:00,CNR6093391374,Success,CID159089,Prime Sedan,Ramamurthy Nagar,Hebbal,154.0,40.0,Not Applicable,Not Applicable,No,Not Applicable,166,Cash,28,4.3,4.9
2024-07-14 13:19:00,CNR7294902457,Success,CID263869,Prime Plus,Langford Town,JP Nagar,273.0,110.0,Not Applicable,Not Applicable,No,Not Applicable,754,UPI,35,4.3,4.8
2024-07-06 20:29:00,CNR5322273856,Success,CID811989,Prime Sedan,RT Nagar,Kadugodi,91.0,145.0,Not Applicable,Not Applicable,No,Not Applicable,128,UPI,35,3.8,3.2
2024-07-15 22:35:00,CNR7008745759,Success,CID856607,Bike,Richmond Town,Devanahalli,133.0,50.0,Not Applicable,Not Applicable,No,Not Applicable,616,Cash,9,4.8,4.8
2024-07-23 02:11:00,CNR6754842983,Success,CID599620,Prime Sedan,Chickpet,Rajarajeshwari Nagar,154.0,25.0,Not Applicable,Not Applicable,Yes,Vehicle Breakdown,935,Cash,21,5.0,4.7
2024-07-29 11:14:00,CNR2726851277,Success,CID740924,Prime Plus,Sarjapur Road,Frazer Town,126.0,145.0,Not Applicable,Not Applicable,No,Not Applicable,380,UPI,38,3.3,4.9
2024-07-16 21:03:00,CNR8808391672,Canceled by Customer,CID874168,Prime Sedan,Frazer Town,Banashankari,,,Driver is not moving towards pickup location,Not Applicable,Not Applicable,Not Applicable,748,Not Applicable,0,,
2024-07-16 17:42:00,CNR8829920297,Success,CID395556,Auto,Cox Town,Banashankari,280.0,140.0,Not Applicable,Not Applicable,No,Not Applicable,136,Cash,3,3.7,3.6
2024-07-29 20:13:00,CNR4941460061,Driver Not Found,CID935592,Prime Sedan,Indiranagar,Yeshwanthpur,,,Not Applicable,Not Applicable,Not Applicable,Not Applicable,403,Not Applicable,0,,
2024-07-04 23:48:00,CNR6459606519,Canceled by Driver,CID342739,Prime Plus,Chamarajpet,Varthur,,,Not Applicable,Customer related issue,Not Applicable,Not Applicable,225,Not Applicable,0,,
2024-07-04 00:30:00,CNR3679601325,Success,CID723316,Bike,Cox Town,BTM Layout,161.0,100.0,Not Applicable,Not Applicable,No,Not Applicable,203,Cash,13,4.0,3.1
2024-07-30 10:47:00,CNR4298934899,Canceled by Driver,CID613255,Prime Sedan,Indiranagar,MG Road,,,Not Applicable,Customer was coughing/sick,Not Applicable,Not Applicable,353,Not Applicable,0,,
2024-07-12 22:10:00,CNR9911528462,Success,CID807270,Prime SUV,Majestic,Tumkur Road,91.0,45.0,Not Applicable,Not Applicable,No,Not Applicable,887,Cash,40,4.4,3.8
2024-07-22 19:39:00,CNR9984271139,Canceled by Driver,CID116420,Prime SUV,Magadi Road,Indiranagar,,,Not Applicable,More than permitted people in there,Not Applicable,Not Applicable,622,Not Applicable,0,,
2024-07-16 18:59:00,CNR4571907600,Canceled by Driver,CID658953,eBike,HSR Layout,Bellandur,,,Not Applicable,Customer was coughing/sick,Not Applicable,Not Applicable,1902,Not Applicable,0,,
2024-07-12 13:46:00,CNR1034479325,Canceled by Driver,CID289128,Prime SUV,Kadugodi,HSR Layout,,,Not Applicable,Personal & Car related issue,Not Applicable,Not Applicable,193,Not Applicable,0,,
2024-07-27 10:03:00,CNR1904190693,Success,CID970739,Prime SUV,Padmanabhanagar,Banashankari,161.0,70.0,Not Applicable,Not Applicable,No,Not Applicable,146,UPI,3,4.7,3.1
2024-07-12 14:16:00,CNR9636711241,Success,CID381555,eBike,RT Nagar,Yelahanka,238.0,125.0,Not Applicable,Not Applicable,No,Not Applicable,150,Cash,20,3.4,4.4
2024-07-20 19:25:00,CNR6061538905,Driver Not Found,CID398165,Prime Plus,Marathahalli,RT Nagar,,,Not Applicable,Not Applicable,Not Applicable,Not Applicable,961,Not Applicable,0,,
2024-07-11 04:29:00,CNR2405778339,Success,CID599005,Prime SUV,Kammanahalli,Banashankari,231.0,40.0,Not Applicable,Not Applicable,No,Not Applicable,2889,Cash,40,3.1,3.0
2024-07-28 15:46:00,CNR8538996475,Success,CID374772,Bike,Hulimavu,Yeshwanthpur,35.0,55.0,Not Applicable,Not Applicable,No,Not Applicable,413,Cash,2,3.6,3.7
2024-07-07 01:51:00,CNR5565877366,Canceled by Driver,CID171347,Bike,Kammanahalli,RT Nagar,,,Not Applicable,More than permitted people in there,Not Applicable,Not Applicable,491,Not Applicable,0,,
2024-07-01 01:22:00,CNR2971377173,Canceled by Customer,CID888534,Mini,BTM Layout,Tumkur Road,,,Change of plans,Not Applicable,Not Applicable,Not Applicable,488,Not Applicable,0,,
2024-07-17 03:27:00,CNR8270682420,Success,CID757477,Auto,Majestic,Cox Town,147.0,85.0,Not Applicable,Not Applicable,No,Not Applicable,221,Cash,14,3.6,3.7
2024-07-25 22:46:00,CNR3346582115,Success,CID493777,Mini,RT Nagar,Bellandur,77.0,85.0,Not Applicable,Not Applicable,No,Not Applicable,112,Cash,5,4.0,4.6
2024-07-10 21:28:00,CNR2773972620,Success,CID227179,Prime SUV,Hennur,Langford Town,210.0,90.0,Not Applicable,Not Applicable,No,Not Applicable,181,Cash,19,4.2,4.3
2024-07-13 12:03:00,CNR1623314149,Canceled by Driver,CID276284,Prime SUV,Whitefield,Yeshwanthpur,,,Not Applicable,Customer related issue,Not Applicable,Not Applicable,464,Not Applicable,0,,
2024-07-06 01:52:00,CNR1278891374,Success,CID376904,eBike,Malleshwaram,Jayanagar,56.0,95.0,Not Applicable,Not Applicable,No,Not Applicable,162,Cash,19,3.4,4.1
2024-07-20 05:53:00,CNR2902131349,Success,CID503625,Prime SUV,Shantinagar,Chamarajpet,140.0,90.0,Not Applicable,Not Applicable,No,Not Applicable,287,Cash,3,3.3,3.8
2024-07-10 15:20:00,CNR3227790519,Success,CID226740,eBike,Sarjapur Road,Chamarajpet,70.0,110.0,Not Applicable,Not Applicable,Yes,Vehicle Breakdown,290,Cash,47,4.3,4.4
2024-07-06 12:10:00,CNR3913775495,Success,CID862365,Mini,Sahakar Nagar,Chickpet,196.0,125.0,Not Applicable,Not Applicable,No,Not Applicable,144,Cash,10,3.1,3.5
2024-07-11 00:30:00,CNR9977516906,Canceled by Driver,CID387371,Auto,KR Puram,HSR Layout,,,Not Applicable,Personal & Car related issue,Not Applicable,Not Applicable,239,Not Applicable,0,,
2024-07-14 05:32:00,CNR4260377352,Success,CID903321,eBike,Chickpet,Ulsoor,245.0,145.0,Not Applicable,Not Applicable,No,Not Applicable,400,Cash,49,3.7,3.1
2024-07-01 13:43:00,CNR7702222958,Success,CID818614,Mini,Devanahalli,Rajajinagar,84.0,125.0,Not Applicable,Not Applicable,No,Not Applicable,457,Cash,45,4.1,4.7
2024-07-04 13:31:00,CNR6832597086,Success,CID360292,Bike,Kadugodi,Indiranagar,49.0,55.0,Not Applicable,Not Applicable,No,Not Applicable,2034,UPI,16,4.6,4.5
2024-07-05 23:23:00,CNR5201000082,Success,CID262857,Bike,Mysore Road,HSR Layout,210.0,30.0,Not Applicable,Not Applicable,No,Not Applicable,358,UPI,46,4.7,4.1
2024-07-02 00:22:00,CNR6609858090,Success,CID815832,Prime SUV,Devanahalli,Electronic City,308.0,65.0,Not Applicable,Not Applicable,No,Not Applicable,194,UPI,10,3.1,4.4
2024-07-01 19:25:00,CNR8746224902,Driver Not Found,CID791000,Prime SUV,Richmond Town,Kadugodi,,,Not Applicable,Not Applicable,Not Applicable,Not Applicable,267,Not Applicable,0,,
2024-07-23 10:45:00,CNR4411112987,Driver Not Found,CID618387,Prime Plus,Bellandur,Hosur Road,,,Not Applicable,Not Applicable,Not Applicable,Not Applicable,299,Not Applicable,0,,
2024-07-12 14:33:00,CNR4183262455,Driver Not Found,CID698161,Prime SUV,Padmanabhanagar,Shantinagar,,,Not Applicable,Not Applicable,Not Applicable,Not Applicable,203,Not Applicable,0,,
2024-07-08 11:36:00,CNR8970556907,Canceled by Driver,CID533247,Prime SUV,Ramamurthy Nagar,Hebbal,,,Not Applicable,Customer was coughing/sick,Not Applicable,Not Applicable,269,Not Applicable,0,,
2024-07-27 13:58:00,CNR8497929585,Success,CID593361,Auto,Malleshwaram,Malleshwaram,91.0,105.0,Not Applicable,Not Applicable,No,Not Applicable,865,UPI,8,4.9,3.5
2024-07-03 18:04:00,CNR9041937525,Success,CID756122,Mini,Kammanahalli,BTM Layout,140.0,35.0,Not Applicable,Not Applicable,No,Not Applicable,111,Cash,10,4.2,3.8
2024-07-01 04:32:00,CNR9073091935,Success,CID765453,Bike,JP Nagar,Kengeri,301.0,85.0,Not Applicable,Not Applicable,No,Not Applicable,281,UPI,41,4.5,3.0
2024-07-16 16:31:00,CNR2430399006,Driver Not Found,CID879534,Auto,Shantinagar,Kammanahalli,,,Not Applicable,Not Applicable,Not Applicable,Not Applicable,248,Not Applicable,0,,
2024-07-06 20:00:00,CNR7042705343,Canceled by Driver,CID424368,Prime SUV,Hebbal,Koramangala,,,Not Applicable,Customer related issue,Not Applicable,Not Applicable,221,Not Applicable,0,,
2024-07-05 22:58:00,CNR4323741024,Success,CID335334,Mini,Rajarajeshwari Nagar,Hosur Road,119.0,35.0,Not Applicable,Not Applicable,No,Not Applicable,469,Cash,45,4.2,3.3
2024-07-22 09:10:00,CNR5133418715,Canceled by Customer,CID161794,Bike,Richmond Town,Marathahalli,,,Driver asked to cancel,Not Applicable,Not Applicable,Not Applicable,285,Not Applicable,0,,
2024-07-22 21:38:00,CNR3549534285,Success,CID871147,Bike,Peenya,Chamarajpet,273.0,55.0,Not Applicable,Not Applicable,No,Not Applicable,340,Cash,33,4.2,3.9
2024-07-29 07:39:00,CNR3812696495,Success,CID153138,Auto,Richmond Town,Shantinagar,98.0,130.0,Not Applicable,Not Applicable,No,Not Applicable,108,UPI,7,3.8,3.7
2024-07-14 09:44:00,CNR8846006848,Canceled by Customer,CID484394,Bike,Basavanagudi,Majestic,,,Driver is not moving towards pickup location,Not Applicable,Not Applicable,Not Applicable,301,Not Applicable,0,,
2024-07-25 06:51:00,CNR8548859580,Success,CID602398,Prime Plus,Majestic,Banashankari,203.0,130.0,Not Applicable,Not Applicable,No,Not Applicable,389,Cash,41,3.5,4.4
2024-07-09 17:21:00,CNR2068249412,Success,CID917626,Prime Sedan,RT Nagar,Nagarbhavi,252.0,100.0,Not Applicable,Not Applicable,No,Not Applicable,433,Cash,6,3.6,4.6
2024-07-14 02:54:00,CNR9843118421,Success,CID452828,Prime Sedan,Jayanagar,Bellandur,105.0,135.0,Not Applicable,Not Applicable,No,Not Applicable,432,UPI,18,4.5,4.4
2024-07-17 20:47:00,CNR7246712056,Success,CID950342,Prime SUV,Hennur,Kadugodi,154.0,35.0,Not Applicable,Not Applicable,No,Not Applicable,772,Cash,26,3.1,3.8
2024-07-04 17:19:00,CNR4829135538,Canceled by Customer,CID681498,Bike,Malleshwaram,Chickpet,,,Driver asked to cancel,Not Applicable,Not Applicable,Not Applicable,314,Not Applicable,0,,
2024-07-11 04:13:00,CNR9229047142,Canceled by Driver,CID635400,Bike,Kammanahalli,RT Nagar,,,Not Applicable,Customer related issue,Not Applicable,Not Applicable,312,Not Applicable,0,,
2024-07-03 06:18:00,CNR7670043108,Driver Not Found,CID547726,Auto,Kammanahalli,Hulimavu,,,Not Applicable,Not Applicable,Not Applicable,Not Applicable,106,Not Applicable,0,,
2024-07-04 11:45:00,CNR3554462284,Driver Not Found,CID444425,Mini,HSR Layout,Basavanagudi,,,Not Applicable,Not Applicable,Not Applicable,Not Applicable,745,Not Applicable,0,,
2024-07-13 17:46:00,CNR4103907873,Driver Not Found,CID264788,Auto,Ulsoor,Devanahalli,,,Not Applicable,Not Applicable,Not Applicable,Not Applicable,192,Not Applicable,0,,
2024-07-29 04:33:00,CNR4104121305,Success,CID497802,Mini,Chamarajpet,BTM Layout,42.0,65.0,Not Applicable,Not Applicable,No,Not Applicable,196,Cash,10,3.8,3.8
2024-07-14 18:15:00,CNR4264490165,Success,CID824419,Prime Plus,Hulimavu,Frazer Town,112.0,70.0,Not Applicable,Not Applicable,No,Not Applicable,553,UPI,20,4.9,4.9
2024-07-27 20:25:00,CNR3006013590,Success,CID271512,eBike,Kammanahalli,Bannerghatta Road,252.0,115.0,Not Applicable,Not Applicable,No,Not Applicable,443,Cash,40,4.2,5.0
2024-07-09 09:06:00,CNR2129120012,Success,CID488933,Prime SUV,HSR Layout,Bannerghatta Road,154.0,135.0,Not Applicable,Not Applicable,No,Not Applicable,280,Cash,5,5.0,4.9
2024-07-22 11:10:00,CNR9937612045,Success,CID277118,Prime Sedan,Shantinagar,Indiranagar,301.0,115.0,Not Applicable,Not Applicable,No,Not Applicable,334,UPI,32,3.9,3.3
2024-07-08 14:10:00,CNR9176280527,Canceled by Customer,CID211071,Prime SUV,RT Nagar,HSR Layout,,,Driver is not moving towards pickup location,Not Applicable,Not Applicable,Not Applicable,439,Not Applicable,0,,
2024-07-22 06:31:00,CNR9894466746,Success,CID529810,Prime Sedan,Ulsoor,Shivajinagar,175.0,55.0,Not Applicable,Not Applicable,No,Not Applicable,482,Credit Card,7,4.3,3.3
2024-07-15 23:02:00,CNR8424602043,Success,CID809408,Prime SUV,Rajajinagar,Yelahanka,301.0,110.0,Not Applicable,Not Applicable,No,Not Applicable,394,Cash,21,3.0,3.5
2024-07-17 11:07:00,CNR1529623191,Success,CID328887,Mini,Mysore Road,Yeshwanthpur,91.0,60.0,Not Applicable,Not Applicable,No,Not Applicable,255,UPI,6,4.0,4.9
2024-07-13 10:03:00,CNR9511219661,Canceled by Customer,CID725943,Prime SUV,Bannerghatta Road,Vijayanagar,,,AC is Not working,Not Applicable,Not Applicable,Not Applicable,392,Not Applicable,0,,
2024-07-20 18:34:00,CNR6347490205,Canceled by Driver,CID437737,Prime SUV,Richmond Town,Kengeri,,,Not Applicable,More than permitted people in there,Not Applicable,Not Applicable,442,Not Applicable,0,,
2024-07-21 06:42:00,CNR2484322082,Success,CID989122,Auto,Rajajinagar,Koramangala,49.0,25.0,Not Applicable,Not Applicable,No,Not Applicable,350,Cash,18,5.0,5.0
2024-07-15 05:08:00,CNR5707029008,Success,CID496695,eBike,Bannerghatta Road,Devanahalli,63.0,95.0,Not Applicable,Not Applicable,No,Not Applicable,292,Cash,45,3.0,3.7
2024-07-08 14:30:00,CNR4394048185,Success,CID907846,Prime SUV,Tumkur Road,Kadugodi,231.0,135.0,Not Applicable,Not Applicable,No,Not Applicable,132,Credit Card,27,4.7,3.1
2024-07-11 20:43:00,CNR7472152346,Driver Not Found,CID480516,Prime Plus,JP Nagar,BTM Layout,,,Not Applicable,Not Applicable,Not Applicable,Not Applicable,231,Not Applicable,0,,
2024-07-23 14:13:00,CNR1221576103,Success,CID899095,Bike,Kengeri,Bannerghatta Road,238.0,105.0,Not Applicable,Not Applicable,No,Not Applicable,169,UPI,46,4.7,4.7
2024-07-10 11:01:00,CNR6236731011,Success,CID822773,Auto,Richmond Town,JP Nagar,175.0,95.0,Not Applicable,Not Applicable,No,Not Applicable,289,Cash,19,3.5,3.7
2024-07-17 23:32:00,CNR3790909391,Success,CID618934,Auto,Majestic,Bellandur,35.0,135.0,Not Applicable,Not Applicable,No,Not Applicable,995,Cash,9,3.0,3.3
2024-07-12 12:32:00,CNR3409010265,Canceled by Driver,CID458807,Prime SUV,Frazer Town,Ramamurthy Nagar,,,Not Applicable,Customer was coughing/sick,Not Applicable,Not Applicable,1914,Not Applicable,0,,
2024-07-12 17:26:00,CNR1256067216,Success,CID289214,Auto,Tumkur Road,Rajarajeshwari Nagar,105.0,130.0,Not Applicable,Not Applicable,No,Not Applicable,346,Cash,10,3.6,3.3
2024-07-26 20:43:00,CNR5064336796,Canceled by Customer,CID614806,eBike,Hebbal,Vijayanagar,,,Driver is not moving towards pickup location,Not Applicable,Not Applicable,Not Applicable,841,Not Applicable,0,,
2024-07-30 01:02:00,CNR7724122813,Success,CID408072,Auto,Banashankari,Kengeri,98.0,140.0,Not Applicable,Not Applicable,Yes,Customer Demand,441,Cash,6,3.0,3.2
2024-07-25 05:23:00,CNR1299720648,Success,CID648944,Prime Sedan,MG Road,Sahakar Nagar,245.0,80.0,Not Applicable,Not Applicable,No,Not Applicable,472,Cash,12,3.7,4.5
2024-07-27 11:05:00,CNR3051034468,Success,CID400005,Auto,Whitefield,Whitefield,196.0,75.0,Not Applicable,Not Applicable,No,Not Applicable,147,UPI,14,3.7,3.8
2024-07-19 17:36:00,CNR2053416245,Success,CID351227,eBike,Indiranagar,Richmond Town,217.0,70.0,Not Applicable,Not Applicable,No,Not Applicable,153,UPI,14,3.9,3.6
2024-07-07 02:59:00,CNR3848571850,Success,CID811606,Auto,Nagarbhavi,Ulsoor,294.0,105.0,Not Applicable,Not Applicable,No,Not Applicable,254,Cash,12,4.6,3.1
2024-07-14 13:49:00,CNR5438739545,Driver Not Found,CID278628,Prime SUV,HSR Layout,Chamarajpet,,,Not Applicable,Not Applicable,Not Applicable,Not Applicable,204,Not Applicable,0,,
2024-07-15 16:09:00,CNR2157010793,Success,CID820298,Auto,Marathahalli,Sarjapur Road,224.0,130.0,Not Applicable,Not Applicable,No,Not Applicable,572,UPI,9,5.0,4.1
2024-07-14 17:22:00,CNR1576230012,Canceled by Customer,CID665492,Prime SUV,Bellandur,Langford Town,,,Driver is not moving towards pickup location,Not Applicable,Not Applicable,Not Applicable,313,Not Applicable,0,,
2024-07-16 21:16:00,CNR1376286358,Canceled by Customer,CID779353,Bike,Hennur,Langford Town,,,Change of plans,Not Applicable,Not Applicable,Not Applicable,308,Not Applicable,0,,
2024-07-07 03:29:00,CNR2228382812,Canceled by Driver,CID661188,Prime SUV,Rajarajeshwari Nagar,Varthur,,,Not Applicable,Customer was coughing/sick,Not Applicable,Not Applicable,250,Not Applicable,0,,
2024-07-21 17:19:00,CNR5348129398,Canceled by Customer,CID958102,Auto,Sarjapur Road,Basavanagudi,,,Wrong Address,Not Applicable,Not Applicable,Not Applicable,837,Not Applicable,0,,
2024-07-08 05:35:00,CNR5607660169,Success,CID225935,Prime Plus,Sarjapur Road,Chickpet,42.0,75.0,Not Applicable,Not Applicable,No,Not Applicable,2371,Cash,17,3.4,4.2
2024-07-08 12:06:00,CNR5660316555,Success,CID761309,Bike,Malleshwaram,Ramamurthy Nagar,203.0,50.0,Not Applicable,Not Applicable,No,Not Applicable,121,Cash,34,4.4,4.2
2024-07-24 17:12:00,CNR2510984662,Success,CID362168,eBike,Kadugodi,Nagarbhavi,154.0,35.0,Not Applicable,Not Applicable,No,Not Applicable,309,Cash,27,4.5,4.4
2024-07-28 09:38:00,CNR9956712038,Success,CID137781,eBike,Langford Town,Kengeri,35.0,40.0,Not Applicable,Not Applicable,Yes,Other Issue,472,UPI,23,3.2,3.8
2024-07-04 07:03:00,CNR3862671688,Success,CID805443,Prime SUV,Yeshwanthpur,BTM Layout,49.0,45.0,Not Applicable,Not Applicable,No,Not Applicable,507,Credit Card,38,4.8,4.2
2024-07-05 16:08:00,CNR3635942167,Success,CID898694,Bike,Whitefield,Cox Town,112.0,75.0,Not Applicable,Not Applicable,No,Not Applicable,273,UPI,7,5.0,3.2
2024-07-20 23:14:00,CNR1637015726,Canceled by Customer,CID675027,eBike,Shantinagar,Chickpet,,,Wrong Address,Not Applicable,Not Applicable,Not Applicable,172,Not Applicable,0,,
2024-07-11 01:45:00,CNR8796663292,Canceled by Driver,CID743957,Prime SUV,Vijayanagar,Basavanagudi,,,Not Applicable,Customer was coughing/sick,Not Applicable,Not Applicable,489,Not Applicable,0,,
2024-07-21 08:03:00,CNR8594976698,Success,CID362493,Auto,Majestic,Nagarbhavi,63.0,60.0,Not Applicable,Not Applicable,No,Not Applicable,491,UPI,19,4.1,3.8
2024-07-21 16:39:00,CNR6713547657,Success,CID740720,Bike,Whitefield,Tumkur Road,294.0,90.0,Not Applicable,Not Applicable,No,Not Applicable,376,Cash,42,4.2,4.6
2024-07-13 02:33:00,CNR7627409612,Canceled by Driver,CID553951,Prime Plus,Hennur,Kadugodi,,,Not Applicable,Customer was coughing/sick,Not Applicable,Not Applicable,512,Not Applicable,0,,
2024-07-12 20:35:00,CNR1718490801,Canceled by Customer,CID498047,Prime SUV,Malleshwaram,JP Nagar,,,Driver asked to cancel,Not Applicable,Not Applicable,Not Applicable,283,Not Applicable,0,,
2024-07-03 13:50:00,CNR7805269921,Success,CID537243,Bike,Frazer Town,Banashankari,203.0,85.0,Not Applicable,Not Applicable,No,Not Applicable,140,Cash,5,4.7,4.6
2024-07-22 18:40:00,CNR4122522120,Canceled by Customer,CID949662,Prime Plus,HSR Layout,Shantinagar,,,Change of plans,Not Applicable,Not Applicable,Not Applicable,393,Not Applicable,0,,
2024-07-17 21:59:00,CNR8166879505,Canceled by Customer,CID950608,Prime Plus,Yeshwanthpur,Nagarbhavi,,,Driver is not moving towards pickup location,Not Applicable,Not Applicable,Not Applicable,867,Not Applicable,0,,
2024-07-10 05:01:00,CNR9321954283,Success,CID800020,Mini,Shantinagar,Banashankari,273.0,145.0,Not Applicable,Not Applicable,No,Not Applicable,302,Cash,16,4.7,4.7
2024-07-23 07:12:00,CNR6026036763,Success,CID670466,Bike,Hebbal,Basavanagudi,252.0,25.0,Not Applicable,Not Applicable,No,Not Applicable,613,Cash,2,4.8,3.1
2024-07-24 08:30:00,CNR2845248107,Success,CID370606,Prime Sedan,Cox Town,Sarjapur Road,98.0,125.0,Not Applicable,Not Applicable,No,Not Applicable,276,Cash,39,3.6,4.4
2024-07-19 15:02:00,CNR8160650059,Success,CID625655,eBike,Jayanagar,Banashankari,161.0,35.0,Not Applicable,Not Applicable,No,Not Applicable,209,UPI,16,3.4,3.1
2024-07-25 04:27:00,CNR1829903369,Success,CID515022,Bike,Kammanahalli,Bellandur,196.0,125.0,Not Applicable,Not Applicable,No,Not Applicable,1958,Cash,2,4.6,3.3
2024-07-10 22:49:00,CNR4471869946,Success,CID439834,Prime Plus,Jayanagar,Padmanabhanagar,126.0,110.0,Not Applicable,Not Applicable,No,Not Applicable,112,Cash,24,4.1,4.6
2024-07-16 08:41:00,CNR8717479205,Success,CID492689,Bike,Basavanagudi,Kengeri,84.0,65.0,Not Applicable,Not Applicable,No,Not Applicable,485,Cash,39,3.1,4.6
2024-07-19 00:12:00,CNR1299212047,Driver Not Found,CID502486,Mini,Kammanahalli,Whitefield,,,Not Applicable,Not Applicable,Not Applicable,Not Applicable,174,Not Applicable,0,,
2024-07-20 21:56:00,CNR1144584840,Canceled by Driver,CID782255,Bike,Magadi Road,Devanahalli,,,Not Applicable,More than permitted people in there,Not Applicable,Not Applicable,237,Not Applicable,0,,
2024-07-02 21:42:00,CNR5031972107,Success,CID469690,Prime SUV,Vijayanagar,Sarjapur Road,42.0,55.0,Not Applicable,Not Applicable,No,Not Applicable,1137,Cash,37,3.9,3.1
2024-07-10 12:42:00,CNR9529167210,Success,CID301140,Bike,HSR Layout,MG Road,84.0,30.0,Not Applicable,Not Applicable,No,Not Applicable,123,Cash,10,4.8,3.3
2024-07-12 23:35:00,CNR8791752388,Canceled by Customer,CID475651,eBike,Bannerghatta Road,Chamarajpet,,,Driver asked to cancel,Not Applicable,Not Applicable,Not Applicable,991,Not Applicable,0,,
2024-07-09 12:55:00,CNR9270197113,Success,CID472184,Prime Sedan,Tumkur Road,Ramamurthy Nagar,147.0,145.0,Not Applicable,Not Applicable,No,Not Applicable,263,UPI,41,3.9,4.8
2024-07-15 06:48:00,CNR7245052784,Success,CID779866,eBike,Shantinagar,Malleshwaram,280.0,75.0,Not Applicable,Not Applicable,No,Not Applicable,832,UPI,49,4.4,3.9
2024-07-06 02:12:00,CNR1067707777,Success,CID985255,Mini,Shivajinagar,Magadi Road,98.0,65.0,Not Applicable,Not Applicable,No,Not Applicable,905,Cash,10,4.8,4.5
2024-07-11 15:53:00,CNR7773570145,Canceled by Driver,CID728713,Mini,Varthur,Bellandur,,,Not Applicable,Personal & Car related issue,Not Applicable,Not Applicable,631,Not Applicable,0,,
2024-07-22 07:12:00,CNR4573193356,Canceled by Driver,CID752901,Prime Sedan,Hebbal,JP Nagar,,,Not Applicable,More than permitted people in there,Not Applicable,Not Applicable,341,Not Applicable,0,,
2024-07-21 14:18:00,CNR7509491270,Canceled by Customer,CID405210,Bike,Kammanahalli,MG Road,,,Driver is not moving towards pickup location,Not Applicable,Not Applicable,Not Applicable,105,Not Applicable,0,,
2024-07-29 22:56:00,CNR7683087330,Success,CID494438,Prime Sedan,Electronic City,Sarjapur Road,112.0,130.0,Not Applicable,Not Applicable,No,Not Applicable,204,UPI,19,5.0,5.0
2024-07-17 02:06:00,CNR6788499206,Success,CID949791,Prime SUV,Koramangala,RT Nagar,182.0,135.0,Not Applicable,Not Applicable,No,Not Applicable,103,Cash,25,3.5,3.1
2024-07-24 10:03:00,CNR8882499847,Success,CID900639,Auto,MG Road,Koramangala,84.0,140.0,Not Applicable,Not Applicable,No,Not Applicable,340,UPI,16,3.5,4.9
2024-07-26 18:38:00,CNR1088717340,Canceled by Driver,CID741417,Prime SUV,MG Road,KR Puram,,,Not Applicable,More than permitted people in there,Not Applicable,Not Applicable,728,Not Applicable,0,,
2024-07-01 18:49:00,CNR6521980588,Canceled by Driver,CID645464,Prime SUV,Marathahalli,Rajajinagar,,,Not Applicable,Personal & Car related issue,Not Applicable,Not Applicable,898,Not Applicable,0,,
2024-07-15 14:09:00,CNR3923008670,Success,CID733306,Prime Plus,Jayanagar,Marathahalli,287.0,85.0,Not Applicable,Not Applicable,No,Not Applicable,231,Cash,26,3.3,3.1
2024-07-25 07:51:00,CNR6584399863,Success,CID330682,eBike,Devanahalli,Nagarbhavi,35.0,100.0,Not Applicable,Not Applicable,No,Not Applicable,262,UPI,40,4.5,4.7
2024-07-27 10:27:00,CNR4481173276,Driver Not Found,CID681429,Prime Plus,Indiranagar,Padmanabhanagar,,,Not Applicable,Not Applicable,Not Applicable,Not Applicable,542,Not Applicable,0,,
2024-07-16 19:10:00,CNR8645392674,Canceled by Customer,CID227126,Prime Sedan,Cox Town,Kammanahalli,,,Change of plans,Not Applicable,Not Applicable,Not Applicable,462,Not Applicable,0,,
2024-07-19 18:01:00,CNR2790277378,Success,CID587728,Prime Sedan,Hulimavu,Vijayanagar,154.0,135.0,Not Applicable,Not Applicable,No,Not Applicable,127,Cash,9,4.3,4.7
2024-07-08 15:24:00,CNR7395185910,Canceled by Customer,CID684631,Prime SUV,Richmond Town,Banashankari,,,Driver asked to cancel,Not Applicable,Not Applicable,Not Applicable,460,Not Applicable,0,,
2024-07-22 16:12:00,CNR8567443990,Canceled by Driver,CID740170,Auto,Hebbal,Hebbal,,,Not Applicable,Personal & Car related issue,Not Applicable,Not Applicable,2413,Not Applicable,0,,
2024-07-04 06:27:00,CNR7448037482,Canceled by Customer,CID732985,Mini,Kadugodi,Varthur,,,Driver asked to cancel,Not Applicable,Not Applicable,Not Applicable,423,Not Applicable,0,,
2024-07-01 01:31:00,CNR9098870439,Canceled by Driver,CID478224,Prime Sedan,Shivajinagar,Sarjapur Road,,,Not Applicable,Customer related issue,Not Applicable,Not Applicable,186,Not Applicable,0,,
2024-07-18 22:55:00,CNR2263108168,Success,CID620915,Mini,Sahakar Nagar,Shantinagar,70.0,115.0,Not Applicable,Not Applicable,No,Not Applicable,711,UPI,19,4.6,4.0
2024-07-17 07:32:00,CNR2757069003,Success,CID322991,Mini,Cox Town,Padmanabhanagar,147.0,75.0,Not Applicable,Not Applicable,No,Not Applicable,487,Cash,4,4.3,4.9
2024-07-19 04:25:00,CNR5918504729,Success,CID913534,Prime Plus,Magadi Road,Ramamurthy Nagar,147.0,105.0,Not Applicable,Not Applicable,No,Not Applicable,846,UPI,24,4.9,3.2
2024-07-17 08:11:00,CNR8483169930,Success,CID242696,eBike,HSR Layout,KR Puram,126.0,145.0,Not Applicable,Not Applicable,No,Not Applicable,291,UPI,34,4.9,4.9
2024-07-21 14:54:00,CNR4184359990,Success,CID863091,Bike,BTM Layout,Shivajinagar,70.0,80.0,Not Applicable,Not Applicable,No,Not Applicable,2666,Cash,20,4.4,4.1
2024-07-02 16:27:00,CNR7309275096,Success,CID359250,Mini,Cox Town,Chickpet,42.0,125.0,Not Applicable,Not Applicable,No,Not Applicable,1812,UPI,25,4.1,4.0
2024-07-25 06:27:00,CNR7505958363,Success,CID232031,Prime Sedan,Hebbal,Vijayanagar,147.0,35.0,Not Applicable,Not Applicable,No,Not Applicable,999,UPI,9,4.2,3.6
2024-07-02 22:14:00,CNR3495142902,Canceled by Customer,CID422958,Mini,Hosur Road,Yeshwanthpur,,,Driver is not moving towards pickup location,Not Applicable,Not Applicable,Not Applicable,241,Not Applicable,0,,
2024-07-10 19:04:00,CNR7354746850,Driver Not Found,CID474792,Bike,Tumkur Road,Langford Town,,,Not Applicable,Not Applicable,Not Applicable,Not Applicable,374,Not Applicable,0,,
2024-07-24 00:34:00,CNR9335880163,Success,CID991995,Mini,Yeshwanthpur,Magadi Road,203.0,115.0,Not Applicable,Not Applicable,No,Not Applicable,1895,Cash,33,3.9,3.3
2024-07-17 05:12:00,CNR9505043824,Success,CID932647,Bike,KR Puram,Malleshwaram,147.0,140.0,Not Applicable,Not Applicable,Yes,Customer Demand,1186,Cash,46,4.4,4.3
2024-07-29 09:36:00,CNR8242454855,Success,CID895541,Prime Plus,Chickpet,Bannerghatta Road,63.0,140.0,Not Applicable,Not Applicable,No,Not Applicable,617,Cash,28,3.3,4.3
2024-07-16 20:43:00,CNR2383675756,Canceled by Driver,CID273755,Auto,Vijayanagar,Majestic,,,Not Applicable,Customer related issue,Not Applicable,Not Applicable,294,Not Applicable,0,,
2024-07-09 02:21:00,CNR7871556872,Driver Not Found,CID300656,Mini,Vijayanagar,Hulimavu,,,Not Applicable,Not Applicable,Not Applicable,Not Applicable,437,Not Applicable,0,,
2024-07-24 10:44:00,CNR6244980009,Success,CID646513,Auto,JP Nagar,Rajajinagar,98.0,90.0,Not Applicable,Not Applicable,No,Not Applicable,410,UPI,11,3.7,4.5
2024-07-06 02:28:00,CNR4842983583,Success,CID702025,Mini,Sarjapur Road,Jayanagar,91.0,55.0,Not Applicable,Not Applicable,No,Not Applicable,150,UPI,5,3.0,4.8
2024-07-21 14:53:00,CNR4366566933,Canceled by Driver,CID376950,Prime Sedan,Hulimavu,Tumkur Road,,,Not Applicable,Customer related issue,Not Applicable,Not Applicable,105,Not Applicable,0,,
2024-07-05 08:21:00,CNR2279499600,Success,CID277087,Prime SUV,Bannerghatta Road,Richmond Town,210.0,100.0,Not Applicable,Not Applicable,No,Not Applicable,445,Cash,15,4.3,3.4
2024-07-21 08:44:00,CNR4367283492,Success,CID600385,Prime SUV,Malleshwaram,Bannerghatta Road,70.0,25.0,Not Applicable,Not Applicable,No,Not Applicable,406,Cash,34,4.1,4.4
2024-07-04 17:34:00,CNR4216259467,Canceled by Customer,CID531362,Prime Plus,Kadugodi,Chickpet,,,Change of plans,Not Applicable,Not Applicable,Not Applicable,170,Not Applicable,0,,
2024-07-15 08:08:00,CNR2064247388,Success,CID818260,Prime Plus,Yelahanka,Kengeri,245.0,75.0,Not Applicable,Not Applicable,Yes,Customer Demand,475,Cash,1,3.1,4.2
2024-07-02 20:47:00,CNR6335559639,Success,CID742441,eBike,Peenya,Langford Town,273.0,125.0,Not Applicable,Not Applicable,No,Not Applicable,331,Cash,42,3.7,4.5
2024-07-10 22:38:00,CNR4445882214,Canceled by Driver,CID985390,Prime SUV,Hennur,Majestic,,,Not Applicable,Customer related issue,Not Applicable,Not Applicable,1192,Not Applicable,0,,
2024-07-12 17:02:00,CNR5154801790,Driver Not Found,CID664704,eBike,Yeshwanthpur,Sahakar Nagar,,,Not Applicable,Not Applicable,Not Applicable,Not Applicable,356,Not Applicable,0,,
2024-07-30 05:23:00,CNR9882186557,Canceled by Driver,CID640738,Mini,Sarjapur Road,Banashankari,,,Not Applicable,Personal & Car related issue,Not Applicable,Not Applicable,776,Not Applicable,0,,
2024-07-23 18:01:00,CNR3602844148,Canceled by Customer,CID657090,Bike,Kammanahalli,Sahakar Nagar,,,AC is Not working,Not Applicable,Not Applicable,Not Applicable,354,Not Applicable,0,,
2024-07-06 05:14:00,CNR3638910282,Canceled by Driver,CID695347,Mini,Koramangala,Sahakar Nagar,,,Not Applicable,Customer related issue,Not Applicable,Not Applicable,233,Not Applicable,0,,
2024-07-02 15:25:00,CNR1619842462,Canceled by Driver,CID848902,Bike,Banashankari,HSR Layout,,,Not Applicable,Personal & Car related issue,Not Applicable,Not Applicable,123,Not Applicable,0,,
2024-07-17 20:55:00,CNR8189907418,Driver Not Found,CID354466,Bike,RT Nagar,Kammanahalli,,,Not Applicable,Not Applicable,Not Applicable,Not Applicable,160,Not Applicable,0,,
2024-07-15 13:18:00,CNR8267146845,Success,CID755064,eBike,Tumkur Road,Electronic City,301.0,105.0,Not Applicable,Not Applicable,No,Not Applicable,148,Credit Card,37,4.7,3.6
2024-07-03 06:59:00,CNR7528461276,Success,CID639322,Prime SUV,Rajajinagar,KR Puram,231.0,25.0,Not Applicable,Not Applicable,No,Not Applicable,268,UPI,33,3.1,4.2
2024-07-30 02:39:00,CNR1319511622,Driver Not Found,CID217313,Prime SUV,Hosur Road,Yeshwanthpur,,,Not Applicable,Not Applicable,Not Applicable,Not Applicable,445,Not Applicable,0,,
2024-07-09 00:01:00,CNR6435101780,Canceled by Driver,CID764582,eBike,HSR Layout,Shantinagar,,,Not Applicable,Personal & Car related issue,Not Applicable,Not Applicable,110,Not Applicable,0,,
2024-07-01 20:24:00,CNR4127487804,Success,CID477965,Prime Sedan,Shantinagar,Hulimavu,105.0,135.0,Not Applicable,Not Applicable,No,Not Applicable,322,Cash,29,3.7,4.8
2024-07-17 15:42:00,CNR7207803869,Canceled by Customer,CID441688,eBike,Padmanabhanagar,Whitefield,,,Driver is not moving towards pickup location,Not Applicable,Not Applicable,Not Applicable,610,Not Applicable,0,,
2024-07-25 00:04:00,CNR8324651814,Canceled by Driver,CID742121,Prime Sedan,Richmond Town,Ulsoor,,,Not Applicable,Customer related issue,Not Applicable,Not Applicable,871,Not Applicable,0,,
2024-07-10 07:26:00,CNR8042452854,Success,CID402294,Prime Plus,Peenya,BTM Layout,70.0,65.0,Not Applicable,Not Applicable,No,Not Applicable,489,UPI,11,4.2,4.1
2024-07-29 10:54:00,CNR9825309088,Success,CID446973,Prime Sedan,Nagarbhavi,Padmanabhanagar,259.0,90.0,Not Applicable,Not Applicable,No,Not Applicable,431,Cash,21,3.8,4.7
2024-07-08 22:31:00,CNR8207209631,Canceled by Customer,CID647860,Auto,Cox Town,Sahakar Nagar,,,Driver asked to cancel,Not Applicable,Not Applicable,Not Applicable,578,Not Applicable,0,,
2024-07-16 01:18:00,CNR6560659843,Canceled by Driver,CID898566,Prime SUV,Hebbal,Marathahalli,,,Not Applicable,Personal & Car related issue,Not Applicable,Not Applicable,437,Not Applicable,0,,
2024-07-07 09:29:00,CNR6578787594,Canceled by Driver,CID190820,Auto,Yelahanka,Jayanagar,,,Not Applicable,Customer related issue,Not Applicable,Not Applicable,350,Not Applicable,0,,
2024-07-11 07:30:00,CNR1418374206,Driver Not Found,CID562027,Prime SUV,HSR Layout,JP Nagar,,,Not Applicable,Not Applicable,Not Applicable,Not Applicable,337,Not Applicable,0,,
2024-07-02 04:56:00,CNR2392815207,Success,CID285197,Prime Plus,Langford Town,Jayanagar,189.0,45.0,Not Applicable,Not Applicable,No,Not Applicable,569,Cash,16,4.6,3.4
2024-07-01 18:16:00,CNR5562158276,Canceled by Customer,CID884554,Prime Sedan,MG Road,Kadugodi,,,Driver asked to cancel,Not Applicable,Not Applicable,Not Applicable,352,Not Applicable,0,,
2024-07-17 09:58:00,CNR3297254324,Success,CID538371,Auto,Rajarajeshwari Nagar,Richmond Town,273.0,140.0,Not Applicable,Not Applicable,No,Not Applicable,113,UPI,15,3.8,4.5
2024-07-25 05:31:00,CNR1366247479,Success,CID269485,Mini,Koramangala,Kengeri,259.0,45.0,Not Applicable,Not Applicable,No,Not Applicable,675,UPI,30,4.4,4.7
2024-07-16 10:05:00,CNR2438345462,Success,CID397403,Bike,Yeshwanthpur,Indiranagar,210.0,90.0,Not Applicable,Not Applicable,No,Not Applicable,836,Cash,35,3.1,4.0
2024-07-24 04:27:00,CNR2918206985,Success,CID535032,Bike,Cox Town,Varthur,238.0,115.0,Not Applicable,Not Applicable,No,Not Applicable,139,Credit Card,46,3.3,3.0
2024-07-07 10:13:00,CNR7910474750,Success,CID435864,Prime Plus,Sahakar Nagar,HSR Layout,210.0,140.0,Not Applicable,Not Applicable,No,Not Applicable,278,UPI,10,4.5,4.7
2024-07-22 09:11:00,CNR9797180618,Success,CID423488,Bike,Peenya,Koramangala,42.0,80.0,Not Applicable,Not Applicable,No,Not Applicable,787,UPI,34,4.8,5.0
2024-07-13 19:20:00,CNR6571898886,Canceled by Driver,CID685241,eBike,Peenya,KR Puram,,,Not Applicable,Customer related issue,Not Applicable,Not Applicable,727,Not Applicable,0,,
2024-07-09 16:45:00,CNR8031402174,Canceled by Customer,CID667747,Prime Plus,Magadi Road,Whitefield,,,Change of plans,Not Applicable,Not Applicable,Not Applicable,292,Not Applicable,0,,
2024-07-24 10:41:00,CNR2320860241,Success,CID820759,eBike,Yelahanka,Ramamurthy Nagar,91.0,25.0,Not Applicable,Not Applicable,No,Not Applicable,450,Cash,38,3.6,4.6
2024-07-18 21:53:00,CNR5813437127,Success,CID880362,Prime SUV,Bannerghatta Road,Richmond Town,238.0,85.0,Not Applicable,Not Applicable,No,Not Applicable,696,UPI,8,4.0,3.6
2024-07-17 21:53:00,CNR5807386653,Success,CID518808,Auto,Bellandur,Bannerghatta Road,133.0,105.0,Not Applicable,Not Applicable,No,Not Applicable,993,Cash,18,4.8,3.6
2024-07-21 02:04:00,CNR4767716414,Driver Not Found,CID106551,Prime Sedan,Magadi Road,Peenya,,,Not Applicable,Not Applicable,Not Applicable,Not Applicable,285,Not Applicable,0,,
2024-07-24 04:59:00,CNR9100054882,Success,CID749029,Auto,Ulsoor,Sarjapur Road,63.0,40.0,Not Applicable,Not Applicable,No,Not Applicable,431,Cash,14,4.1,4.2
2024-07-22 03:32:00,CNR3282154455,Canceled by Customer,CID192087,Prime Plus,Mysore Road,RT Nagar,,,Driver is not moving towards pickup location,Not Applicable,Not Applicable,Not Applicable,110,Not Applicable,0,,
2024-07-12 14:03:00,CNR9993954864,Canceled by Customer,CID451835,Auto,Magadi Road,Vijayanagar,,,Driver asked to cancel,Not Applicable,Not Applicable,Not Applicable,164,Not Applicable,0,,
2024-07-03 12:41:00,CNR6824420539,Canceled by Driver,CID909287,Bike,MG Road,Nagarbhavi,,,Not Applicable,Personal & Car related issue,Not Applicable,Not Applicable,686,Not Applicable,0,,
2024-07-27 02:45:00,CNR1844288107,Success,CID535273,Mini,Marathahalli,Yeshwanthpur,98.0,25.0,Not Applicable,Not Applicable,Yes,Vehicle Breakdown,167,UPI,15,3.2,3.6
2024-07-24 22:37:00,CNR6913693156,Driver Not Found,CID360206,Bike,Cox Town,Kammanahalli,,,Not Applicable,Not Applicable,Not Applicable,Not Applicable,858,Not Applicable,0,,
2024-07-26 11:29:00,CNR3269174667,Success,CID938332,Prime Plus,Cox Town,MG Road,91.0,120.0,Not Applicable,Not Applicable,No,Not Applicable,384,Cash,43,4.9,4.6
2024-07-05 16:32:00,CNR4589772306,Driver Not Found,CID866375,Prime SUV,RT Nagar,Malleshwaram,,,Not Applicable,Not Applicable,Not Applicable,Not Applicable,225,Not Applicable,0,,
2024-07-22 19:31:00,CNR2306555037,Canceled by Driver,CID363972,Prime Plus,BTM Layout,Cox Town,,,Not Applicable,Customer related issue,Not Applicable,Not Applicable,372,Not Applicable,0,,
2024-07-30 07:57:00,CNR6975506367,Driver Not Found,CID642233,Prime Plus,Ulsoor,RT Nagar,,,Not Applicable,Not Applicable,Not Applicable,Not Applicable,803,Not Applicable,0,,
2024-07-15 00:13:00,CNR3186548752,Canceled by Customer,CID547055,Prime Sedan,Basavanagudi,Padmanabhanagar,,,Driver is not moving towards pickup location,Not Applicable,Not Applicable,Not Applicable,118,Not Applicable,0,,
2024-07-25 00:10:00,CNR3828602360,Canceled by Customer,CID664848,eBike,RT Nagar,Ulsoor,,,Driver is not moving towards pickup location,Not Applicable,Not Applicable,Not Applicable,320,Not Applicable,0,,
2024-07-09 05:43:00,CNR3322036967,Driver Not Found,CID767934,eBike,BTM Layout,Magadi Road,,,Not Applicable,Not Applicable,Not Applicable,Not Applicable,408,Not Applicable,0,,
2024-07-05 09:35:00,CNR5933853350,Success,CID487621,Prime SUV,Devanahalli,Langford Town,308.0,80.0,Not Applicable,Not Applicable,No,Not Applicable,1711,Cash,26,3.0,4.8
2024-07-07 23:14:00,CNR1381594209,Canceled by Customer,CID570385,Prime SUV,RT Nagar,Cox Town,,,Driver is not moving towards pickup location,Not Applicable,Not Applicable,Not Applicable,459,Not Applicable,0,,
2024-07-14 12:32:00,CNR3283634479,Canceled by Driver,CID516196,eBike,Magadi Road,Kadugodi,,,Not Applicable,Customer was coughing/sick,Not Applicable,Not Applicable,1859,Not Applicable,0,,
2024-07-20 08:31:00,CNR5888521036,Success,CID433471,Bike,Ulsoor,Hosur Road,126.0,55.0,Not Applicable,Not Applicable,No,Not Applicable,335,UPI,24,3.1,3.5
2024-07-03 16:52:00,CNR4295718079,Success,CID412056,Auto,Padmanabhanagar,BTM Layout,49.0,70.0,Not Applicable,Not Applicable,No,Not Applicable,960,Cash,4,4.0,4.8
2024-07-22 05:08:00,CNR6794992150,Canceled by Driver,CID170327,Auto,Hennur,Ulsoor,,,Not Applicable,Customer related issue,Not Applicable,Not Applicable,216,Not Applicable,0,,
2024-07-01 22:59:00,CNR8150814463,Success,CID975276,Prime Plus,Hulimavu,Tumkur Road,224.0,90.0,Not Applicable,Not Applicable,No,Not Applicable,1365,Cash,21,4.9,4.7
2024-07-15 17:50:00,CNR1639719551,Canceled by Driver,CID427834,Prime SUV,Hennur,Bannerghatta Road,,,Not Applicable,Personal & Car related issue,Not Applicable,Not Applicable,418,Not Applicable,0,,
2024-07-13 19:19:00,CNR8989990046,Success,CID625355,Bike,Hennur,Kammanahalli,126.0,35.0,Not Applicable,Not Applicable,No,Not Applicable,297,Cash,36,3.7,4.8
2024-07-26 17:56:00,CNR3020737842,Canceled by Driver,CID249317,Auto,Yeshwanthpur,BTM Layout,,,Not Applicable,More than permitted people in there,Not Applicable,Not Applicable,136,Not Applicable,0,,
2024-07-22 04:09:00,CNR6322736644,Success,CID847392,eBike,Basavanagudi,Sahakar Nagar,189.0,140.0,Not Applicable,Not Applicable,No,Not Applicable,497,UPI,13,3.1,4.5
2024-07-23 07:04:00,CNR4043302810,Success,CID751980,Prime Plus,Koramangala,Bannerghatta Road,301.0,135.0,Not Applicable,Not Applicable,Yes,Other Issue,922,UPI,14,3.1,3.3
2024-07-07 03:23:00,CNR5726962098,Driver Not Found,CID853351,eBike,JP Nagar,Malleshwaram,,,Not Applicable,Not Applicable,Not Applicable,Not Applicable,249,Not Applicable,0,,
2024-07-04 23:03:00,CNR4823974836,Driver Not Found,CID531439,Prime Sedan,Sarjapur Road,Magadi Road,,,Not Applicable,Not Applicable,Not Applicable,Not Applicable,960,Not Applicable,0,,
2024-07-03 05:55:00,CNR1657544113,Success,CID320139,eBike,Shivajinagar,Devanahalli,63.0,30.0,Not Applicable,Not Applicable,No,Not Applicable,172,Cash,20,3.3,4.4
2024-07-25 03:33:00,CNR4575555066,Success,CID793751,Mini,Mysore Road,Bellandur,119.0,90.0,Not Applicable,Not Applicable,No,Not Applicable,417,UPI,10,3.5,3.2
2024-07-04 02:35:00,CNR7714027088,Success,CID769651,Prime Sedan,Basavanagudi,Rajarajeshwari Nagar,231.0,50.0,Not Applicable,Not Applicable,No,Not Applicable,1457,Cash,18,3.9,3.4
2024-07-12 03:43:00,CNR9170922816,Success,CID342677,Mini,Hennur,JP Nagar,231.0,75.0,Not Applicable,Not Applicable,No,Not Applicable,758,Credit Card,45,4.2,4.1
2024-07-16 22:05:00,CNR4610097110,Success,CID568266,Prime Plus,Mysore Road,JP Nagar,56.0,115.0,Not Applicable,Not Applicable,No,Not Applicable,379,UPI,3,3.0,3.8
2024-07-22 03:30:00,CNR8476298994,Success,CID803394,Prime Sedan,JP Nagar,Yelahanka,84.0,30.0,Not Applicable,Not Applicable,No,Not Applicable,471,Cash,36,4.0,4.4
2024-07-24 06:55:00,CNR5550753507,Canceled by Driver,CID392098,eBike,Hosur Road,Ulsoor,,,Not Applicable,Personal & Car related issue,Not Applicable,Not Applicable,1367,Not Applicable,0,,
2024-07-23 16:50:00,CNR5608227280,Success,CID806218,Bike,Marathahalli,Devanahalli,154.0,90.0,Not Applicable,Not Applicable,No,Not Applicable,156,Cash,24,3.4,3.9
2024-07-26 23:31:00,CNR9389040735,Driver Not Found,CID533647,Auto,Yelahanka,Hosur Road,,,Not Applicable,Not Applicable,Not Applicable,Not Applicable,291,Not Applicable,0,,
2024-07-15 14:16:00,CNR4404462488,Success,CID421871,eBike,Sahakar Nagar,KR Puram,189.0,115.0,Not Applicable,Not Applicable,No,Not Applicable,365,Credit Card,18,4.8,3.0
2024-07-30 19:59:00,CNR5132788084,Success,CID109788,Prime Plus,Devanahalli,Richmond Town,56.0,95.0,Not Applicable,Not Applicable,No,Not Applicable,1977,Cash,17,4.5,4.8
2024-07-16 19:50:00,CNR1278906363,Success,CID616339,Prime SUV,Jayanagar,Mysore Road,182.0,110.0,Not Applicable,Not Applicable,No,Not Applicable,100,Cash,11,3.2,3.7
2024-07-19 15:41:00,CNR4205754701,Success,CID982653,eBike,Mysore Road,RT Nagar,273.0,120.0,Not Applicable,Not Applicable,No,Not Applicable,217,Cash,37,3.2,4.3
2024-07-08 22:16:00,CNR4383114217,Success,CID749129,Mini,Richmond Town,Yeshwanthpur,147.0,145.0,Not Applicable,Not Applicable,No,Not Applicable,457,Cash,10,4.7,3.9
2024-07-05 08:51:00,CNR7004493123,Canceled by Driver,CID524247,Prime SUV,Ulsoor,HSR Layout,,,Not Applicable,Personal & Car related issue,Not Applicable,Not Applicable,365,Not Applicable,0,,
2024-07-23 21:57:00,CNR1167239306,Success,CID127071,Prime SUV,Ulsoor,Frazer Town,189.0,70.0,Not Applicable,Not Applicable,No,Not Applicable,422,Cash,20,3.3,3.1
2024-07-06 04:36:00,CNR8429508959,Success,CID327943,Prime SUV,Rajarajeshwari Nagar,Rajajinagar,91.0,125.0,Not Applicable,Not Applicable,No,Not Applicable,244,Cash,11,4.2,3.1
2024-07-20 05:53:00,CNR5835526325,Canceled by Customer,CID809664,Prime Sedan,Koramangala,Sarjapur Road,,,Driver asked to cancel,Not Applicable,Not Applicable,Not Applicable,1620,Not Applicable,0,,
2024-07-11 04:02:00,CNR4836666622,Canceled by Driver,CID555403,Prime SUV,Peenya,Chamarajpet,,,Not Applicable,Customer related issue,Not Applicable,Not Applicable,277,Not Applicable,0,,
2024-07-18 03:40:00,CNR4711353481,Success,CID609481,Prime Sedan,RT Nagar,Shantinagar,287.0,35.0,Not Applicable,Not Applicable,No,Not Applicable,226,Cash,11,3.0,5.0
2024-07-15 07:20:00,CNR6982980344,Canceled by Driver,CID320445,eBike,RT Nagar,BTM Layout,,,Not Applicable,More than permitted people in there,Not Applicable,Not Applicable,472,Not Applicable,0,,
2024-07-25 12:04:00,CNR4383730836,Success,CID279135,Bike,Peenya,Bannerghatta Road,105.0,120.0,Not Applicable,Not Applicable,No,Not Applicable,866,Cash,20,3.1,4.6
2024-07-03 16:17:00,CNR4186364360,Success,CID267750,Prime SUV,Frazer Town,KR Puram,259.0,80.0,Not Applicable,Not Applicable,No,Not Applicable,424,UPI,35,4.2,3.2
2024-07-17 00:55:00,CNR9572818623,Canceled by Driver,CID584258,Prime Plus,Cox Town,Basavanagudi,,,Not Applicable,More than permitted people in there,Not Applicable,Not Applicable,137,Not Applicable,0,,
2024-07-08 18:22:00,CNR9122160584,Success,CID740239,Prime SUV,Nagarbhavi,Vijayanagar,238.0,65.0,Not Applicable,Not Applicable,No,Not Applicable,463,Cash,1,4.3,4.8
2024-07-08 03:45:00,CNR5439535721,Driver Not Found,CID665354,Prime Plus,Bellandur,Shivajinagar,,,Not Applicable,Not Applicable,Not Applicable,Not Applicable,133,Not Applicable,0,,
2024-07-27 14:23:00,CNR1954605457,Driver Not Found,CID742414,eBike,Electronic City,Banashankari,,,Not Applicable,Not Applicable,Not Applicable,Not Applicable,183,Not Applicable,0,,
2024-07-17 19:53:00,CNR4588147756,Success,CID994370,Bike,Hebbal,Hulimavu,126.0,100.0,Not Applicable,Not Applicable,No,Not Applicable,232,UPI,31,4.1,4.9
2024-07-25 17:32:00,CNR4186247734,Success,CID376726,Auto,Sahakar Nagar,Mysore Road,189.0,55.0,Not Applicable,Not Applicable,No,Not Applicable,307,Cash,19,4.9,4.2
2024-07-27 13:00:00,CNR6111243358,Canceled by Customer,CID255561,eBike,KR Puram,Koramangala,,,Driver is not moving towards pickup location,Not Applicable,Not Applicable,Not Applicable,306,Not Applicable,0,,
2024-07-24 18:56:00,CNR9810297153,Success,CID167722,Mini,Whitefield,Shivajinagar,77.0,115.0,Not Applicable,Not Applicable,No,Not Applicable,114,Cash,36,4.6,3.5
2024-07-23 03:24:00,CNR7034732857,Success,CID791434,Auto,Hulimavu,Bannerghatta Road,119.0,85.0,Not Applicable,Not Applicable,No,Not Applicable,459,UPI,17,3.4,3.4
2024-07-12 11:09:00,CNR9020212006,Success,CID767873,Bike,Devanahalli,Shantinagar,196.0,135.0,Not Applicable,Not Applicable,No,Not Applicable,821,UPI,4,4.5,4.5
2024-07-10 22:48:00,CNR5406225016,Canceled by Driver,CID167485,Mini,Ramamurthy Nagar,Magadi Road,,,Not Applicable,Customer was coughing/sick,Not Applicable,Not Applicable,412,Not Applicable,0,,
2024-07-26 17:04:00,CNR7207757979,Success,CID711229,Prime Sedan,Indiranagar,Electronic City,126.0,25.0,Not Applicable,Not Applicable,No,Not Applicable,244,UPI,32,3.9,3.7
2024-07-11 19:38:00,CNR1240227962,Success,CID773675,Prime Sedan,Kadugodi,Mysore Road,105.0,60.0,Not Applicable,Not Applicable,No,Not Applicable,440,Cash,42,4.4,4.6
2024-07-29 04:46:00,CNR4037344898,Success,CID455661,Prime SUV,Bannerghatta Road,Yeshwanthpur,294.0,25.0,Not Applicable,Not Applicable,No,Not Applicable,247,Cash,12,3.9,3.2
2024-07-02 02:24:00,CNR2269195383,Success,CID721198,Prime Sedan,Bannerghatta Road,Yeshwanthpur,210.0,25.0,Not Applicable,Not Applicable,No,Not Applicable,2945,UPI,26,3.1,4.5
2024-07-30 14:40:00,CNR5529552960,Success,CID670829,Bike,Devanahalli,Indiranagar,126.0,145.0,Not Applicable,Not Applicable,No,Not Applicable,154,Cash,5,3.5,3.4
2024-07-23 07:27:00,CNR2314760673,Success,CID585011,Prime SUV,Ramamurthy Nagar,Jayanagar,140.0,40.0,Not Applicable,Not Applicable,No,Not Applicable,838,UPI,27,4.3,3.8
2024-07-11 09:56:00,CNR2793978430,Success,CID681280,Auto,Basavanagudi,Frazer Town,245.0,100.0,Not Applicable,Not Applicable,No,Not Applicable,404,Cash,2,4.7,4.8
2024-07-02 05:18:00,CNR2697328157,Success,CID577794,Prime Plus,BTM Layout,Hennur,189.0,90.0,Not Applicable,Not Applicable,Yes,Customer Demand,432,Cash,41,4.6,3.7
2024-07-20 16:59:00,CNR9645586225,Success,CID135089,Bike,JP Nagar,Padmanabhanagar,273.0,130.0,Not Applicable,Not Applicable,No,Not Applicable,143,Cash,36,4.6,4.9
2024-07-06 08:28:00,CNR8659689241,Driver Not Found,CID941816,Mini,Kadugodi,JP Nagar,,,Not Applicable,Not Applicable,Not Applicable,Not Applicable,1425,Not Applicable,0,,
2024-07-07 18:31:00,CNR1382970721,Success,CID212539,Auto,Vijayanagar,Rajajinagar,217.0,80.0,Not Applicable,Not Applicable,No,Not Applicable,154,Cash,8,3.2,4.8
2024-07-08 08:19:00,CNR5941102154,Success,CID853470,eBike,Hebbal,KR Puram,84.0,40.0,Not Applicable,Not Applicable,No,Not Applicable,232,Cash,32,3.5,3.4
2024-07-12 06:16:00,CNR7445767502,Success,CID142122,Bike,Richmond Town,Banashankari,35.0,25.0,Not Applicable,Not Applicable,No,Not Applicable,178,UPI,33,4.3,4.0
2024-07-07 09:13:00,CNR6501561209,Canceled by Driver,CID744351,Prime SUV,Rajarajeshwari Nagar,JP Nagar,,,Not Applicable,Customer related issue,Not Applicable,Not Applicable,162,Not Applicable,0,,
2024-07-07 06:10:00,CNR5271452996,Canceled by Driver,CID262194,Prime Sedan,Devanahalli,Magadi Road,,,Not Applicable,Customer related issue,Not Applicable,Not Applicable,133,Not Applicable,0,,
2024-07-04 20:01:00,CNR1334847627,Success,CID605821,Prime Plus,Vijayanagar,Malleshwaram,133.0,25.0,Not Applicable,Not Applicable,No,Not Applicable,407,UPI,11,3.5,3.6
2024-07-24 08:51:00,CNR1609357696,Success,CID272283,Bike,Bellandur,Malleshwaram,140.0,90.0,Not Applicable,Not Applicable,No,Not Applicable,363,Credit Card,4,3.3,4.1
2024-07-21 19:22:00,CNR5879219693,Success,CID478865,Bike,BTM Layout,Vijayanagar,280.0,45.0,Not Applicable,Not Applicable,No,Not Applicable,274,Cash,39,3.7,4.4
2024-07-08 04:00:00,CNR7316489258,Success,CID584915,Bike,Hebbal,Padmanabhanagar,245.0,60.0,Not Applicable,Not Applicable,No,Not Applicable,389,Cash,3,4.4,3.9
2024-07-19 08:49:00,CNR1863863377,Driver Not Found,CID511369,Prime Sedan,Bellandur,Kengeri,,,Not Applicable,Not Applicable,Not Applicable,Not Applicable,1999,Not Applicable,0,,
2024-07-08 00:53:00,CNR4448520219,Success,CID837430,Prime Plus,Ulsoor,JP Nagar,182.0,75.0,Not Applicable,Not Applicable,No,Not Applicable,218,Credit Card,6,4.8,3.4
2024-07-02 14:23:00,CNR1555676192,Canceled by Driver,CID356225,Auto,Sarjapur Road,Rajarajeshwari Nagar,,,Not Applicable,Personal & Car related issue,Not Applicable,Not Applicable,268,Not Applicable,0,,
2024-07-13 08:15:00,CNR2658951007,Driver Not Found,CID200758,Prime Plus,Indiranagar,Basavanagudi,,,Not Applicable,Not Applicable,Not Applicable,Not Applicable,170,Not Applicable,0,,
2024-07-27 02:44:00,CNR1888301555,Success,CID304334,eBike,Marathahalli,Hosur Road,91.0,120.0,Not Applicable,Not Applicable,No,Not Applicable,2241,UPI,47,4.5,4.5
2024-07-05 02:22:00,CNR1257181327,Success,CID781420,Bike,Devanahalli,Yelahanka,168.0,115.0,Not Applicable,Not Applicable,No,Not Applicable,164,Cash,37,3.2,4.4
2024-07-07 07:58:00,CNR6616741874,Success,CID971992,Bike,Bannerghatta Road,Shivajinagar,119.0,110.0,Not Applicable,Not Applicable,No,Not Applicable,207,Cash,9,4.4,4.1
2024-07-20 09:18:00,CNR5974844723,Success,CID722345,Prime Plus,Marathahalli,Hosur Road,245.0,75.0,Not Applicable,Not Applicable,No,Not Applicable,2937,Cash,7,4.9,4.9
2024-07-05 12:56:00,CNR2904654092,Success,CID981350,Prime SUV,Majestic,Koramangala,182.0,80.0,Not Applicable,Not Applicable,No,Not Applicable,450,UPI,18,4.1,3.8
2024-07-28 06:55:00,CNR7174582631,Driver Not Found,CID354609,eBike,Hebbal,Bannerghatta Road,,,Not Applicable,Not Applicable,Not Applicable,Not Applicable,382,Not Applicable,0,,
2024-07-14 10:13:00,CNR1982085724,Success,CID301661,Prime SUV,BTM Layout,Basavanagudi,70.0,70.0,Not Applicable,Not Applicable,No,Not Applicable,1065,Credit Card,48,3.4,3.5
2024-07-02 23:40:00,CNR1269639729,Success,CID926250,Mini,Bellandur,Majestic,42.0,145.0,Not Applicable,Not Applicable,No,Not Applicable,326,Debit Card,24,3.5,3.5
2024-07-10 11:37:00,CNR7907310864,Success,CID277887,Bike,Hennur,Yelahanka,224.0,55.0,Not Applicable,Not Applicable,No,Not Applicable,245,UPI,9,4.7,4.5
2024-07-30 20:28:00,CNR4563596659,Success,CID106153,Bike,RT Nagar,Koramangala,147.0,55.0,Not Applicable,Not Applicable,No,Not Applicable,358,Cash,27,4.7,3.1
2024-07-19 10:49:00,CNR7265516828,Success,CID496531,Bike,Banashankari,Varthur,126.0,55.0,Not Applicable,Not Applicable,No,Not Applicable,203,Cash,11,3.9,4.4
2024-07-27 16:26:00,CNR3261061843,Success,CID948850,eBike,Tumkur Road,Kammanahalli,287.0,30.0,Not Applicable,Not Applicable,No,Not Applicable,285,Cash,22,4.8,4.3
2024-07-15 20:38:00,CNR2506656474,Canceled by Customer,CID834563,Prime SUV,Basavanagudi,Bellandur,,,AC is Not working,Not Applicable,Not Applicable,Not Applicable,120,Not Applicable,0,,
2024-07-03 21:42:00,CNR9701097667,Success,CID423440,Prime SUV,HSR Layout,Koramangala,259.0,90.0,Not Applicable,Not Applicable,No,Not Applicable,434,UPI,43,4.1,3.6
2024-07-28 00:17:00,CNR9129208582,Success,CID586285,Bike,Bannerghatta Road,Ramamurthy Nagar,49.0,55.0,Not Applicable,Not Applicable,No,Not Applicable,745,Cash,37,4.1,3.6
2024-07-05 00:05:00,CNR6056244134,Canceled by Customer,CID815793,Mini,Bannerghatta Road,RT Nagar,,,AC is Not working,Not Applicable,Not Applicable,Not Applicable,567,Not Applicable,0,,
2024-07-17 17:44:00,CNR9713463375,Canceled by Driver,CID333868,Prime Plus,Rajarajeshwari Nagar,Yeshwanthpur,,,Not Applicable,More than permitted people in there,Not Applicable,Not Applicable,1993,Not Applicable,0,,
2024-07-04 22:19:00,CNR4033489134,Success,CID825353,Bike,HSR Layout,Malleshwaram,245.0,135.0,Not Applicable,Not Applicable,No,Not Applicable,709,Cash,2,4.9,4.5
2024-07-24 23:16:00,CNR8071864501,Success,CID291010,Bike,KR Puram,Nagarbhavi,252.0,145.0,Not Applicable,Not Applicable,No,Not Applicable,743,Cash,1,3.6,3.2
2024-07-03 18:04:00,CNR5903635207,Success,CID249314,Prime Sedan,Ulsoor,Padmanabhanagar,126.0,60.0,Not Applicable,Not Applicable,No,Not Applicable,471,Cash,6,3.5,3.6
2024-07-30 20:48:00,CNR6448014986,Success,CID386981,Bike,Tumkur Road,Majestic,77.0,140.0,Not Applicable,Not Applicable,No,Not Applicable,322,Cash,14,4.6,4.4
2024-07-01 20:39:00,CNR7494269399,Driver Not Found,CID155312,Auto,KR Puram,Malleshwaram,,,Not Applicable,Not Applicable,Not Applicable,Not Applicable,484,Not Applicable,0,,
2024-07-17 21:15:00,CNR2955861733,Success,CID376135,Prime Plus,Hebbal,Banashankari,56.0,90.0,Not Applicable,Not Applicable,No,Not Applicable,444,Cash,28,3.2,5.0
2024-07-04 13:41:00,CNR7602264304,Success,CID465177,eBike,Sahakar Nagar,Chickpet,112.0,80.0,Not Applicable,Not Applicable,No,Not Applicable,330,UPI,7,4.0,3.6
2024-07-19 04:04:00,CNR1813908977,Canceled by Driver,CID184898,Prime Plus,HSR Layout,Hulimavu,,,Not Applicable,Customer related issue,Not Applicable,Not Applicable,285,Not Applicable,0,,
2024-07-15 10:47:00,CNR7977066230,Success,CID665398,Bike,Vijayanagar,Yeshwanthpur,49.0,95.0,Not Applicable,Not Applicable,No,Not Applicable,478,UPI,33,3.5,4.8
2024-07-01 16:23:00,CNR5229188383,Driver Not Found,CID984236,Mini,Langford Town,Yelahanka,,,Not Applicable,Not Applicable,Not Applicable,Not Applicable,1799,Not Applicable,0,,
2024-07-22 13:46:00,CNR7644137780,Canceled by Customer,CID461012,Auto,Electronic City,Sahakar Nagar,,,Driver is not moving towards pickup location,Not Applicable,Not Applicable,Not Applicable,262,Not Applicable,0,,
2024-07-29 10:45:00,CNR6764571151,Success,CID454758,Auto,Cox Town,BTM Layout,210.0,135.0,Not Applicable,Not Applicable,No,Not Applicable,857,UPI,2,4.6,3.2
2024-07-09 21:19:00,CNR1074472145,Driver Not Found,CID220315,eBike,RT Nagar,Varthur,,,Not Applicable,Not Applicable,Not Applicable,Not Applicable,434,Not Applicable,0,,
2024-07-02 15:27:00,CNR7842471193,Canceled by Driver,CID191168,eBike,Indiranagar,Sarjapur Road,,,Not Applicable,Personal & Car related issue,Not Applicable,Not Applicable,552,Not Applicable,0,,
2024-07-10 04:08:00,CNR3640958659,Success,CID673168,Prime SUV,Hosur Road,Langford Town,133.0,110.0,Not Applicable,Not Applicable,No,Not Applicable,203,Cash,34,4.6,3.3
2024-07-04 15:43:00,CNR1242080984,Success,CID259521,eBike,Richmond Town,Mysore Road,105.0,120.0,Not Applicable,Not Applicable,No,Not Applicable,264,Cash,1,3.9,3.2
2024-07-25 13:33:00,CNR4199839742,Driver Not Found,CID728422,Mini,Chamarajpet,Devanahalli,,,Not Applicable,Not Applicable,Not Applicable,Not Applicable,139,Not Applicable,0,,
2024-07-10 18:06:00,CNR7593808935,Success,CID152791,Bike,MG Road,Indiranagar,231.0,90.0,Not Applicable,Not Applicable,No,Not Applicable,1944,Cash,21,3.5,3.5
2024-07-28 15:15:00,CNR1678451051,Success,CID276514,Bike,Chickpet,Bannerghatta Road,133.0,145.0,Not Applicable,Not Applicable,No,Not Applicable,720,Cash,8,3.2,4.2
2024-07-14 13:17:00,CNR1881299541,Success,CID383999,Auto,BTM Layout,Whitefield,168.0,45.0,Not Applicable,Not Applicable,No,Not Applicable,446,UPI,3,3.7,4.7
2024-07-09 19:54:00,CNR3139227666,Success,CID734692,Mini,Marathahalli,Bannerghatta Road,287.0,30.0,Not Applicable,Not Applicable,No,Not Applicable,367,Cash,7,4.2,4.8
2024-07-11 10:37:00,CNR3013923608,Success,CID616401,Prime Plus,Chamarajpet,Padmanabhanagar,161.0,75.0,Not Applicable,Not Applicable,No,Not Applicable,163,UPI,27,4.5,4.0
2024-07-13 01:39:00,CNR4044367791,Success,CID653344,Auto,Magadi Road,Malleshwaram,35.0,55.0,Not Applicable,Not Applicable,No,Not Applicable,949,Cash,10,3.2,4.1
2024-07-11 17:31:00,CNR3764742028,Success,CID239757,eBike,Hulimavu,Electronic City,119.0,35.0,Not Applicable,Not Applicable,No,Not Applicable,179,Credit Card,49,4.9,4.2
2024-07-27 19:30:00,CNR3643310603,Success,CID462031,Auto,Langford Town,Banashankari,245.0,50.0,Not Applicable,Not Applicable,No,Not Applicable,167,Cash,14,3.5,3.7
2024-07-12 14:49:00,CNR3614916717,Success,CID108979,Bike,Vijayanagar,Peenya,133.0,55.0,Not Applicable,Not Applicable,No,Not Applicable,193,Cash,27,3.2,3.4
2024-07-19 06:42:00,CNR9789010495,Success,CID818567,Mini,HSR Layout,KR Puram,266.0,135.0,Not Applicable,Not Applicable,No,Not Applicable,284,Cash,30,3.9,4.6
2024-07-06 02:36:00,CNR5840795776,Canceled by Driver,CID586423,Mini,Peenya,Electronic City,,,Not Applicable,Customer was coughing/sick,Not Applicable,Not Applicable,254,Not Applicable,0,,
2024-07-27 10:00:00,CNR9574968453,Driver Not Found,CID228911,Prime Plus,Bellandur,Hulimavu,,,Not Applicable,Not Applicable,Not Applicable,Not Applicable,116,Not Applicable,0,,
2024-07-01 06:03:00,CNR9171735714,Success,CID249592,Auto,Rajajinagar,Hosur Road,245.0,135.0,Not Applicable,Not Applicable,No,Not Applicable,479,Cash,10,4.4,4.0
2024-07-26 05:47:00,CNR4440719320,Canceled by Driver,CID730915,Prime Sedan,Shivajinagar,Marathahalli,,,Not Applicable,More than permitted people in there,Not Applicable,Not Applicable,2793,Not Applicable,0,,
2024-07-15 14:27:00,CNR9792151811,Canceled by Driver,CID460372,Prime Plus,Shivajinagar,KR Puram,,,Not Applicable,Personal & Car related issue,Not Applicable,Not Applicable,317,Not Applicable,0,,
2024-07-12 11:28:00,CNR9396409590,Canceled by Driver,CID975581,Bike,HSR Layout,Padmanabhanagar,,,Not Applicable,Personal & Car related issue,Not Applicable,Not Applicable,259,Not Applicable,0,,
2024-07-26 16:33:00,CNR6919063000,Success,CID151727,eBike,Padmanabhanagar,Yelahanka,245.0,70.0,Not Applicable,Not Applicable,No,Not Applicable,469,Cash,21,3.3,4.6
2024-07-18 15:07:00,CNR7629428338,Success,CID855635,Bike,Yeshwanthpur,Hennur,224.0,125.0,Not Applicable,Not Applicable,No,Not Applicable,180,UPI,42,3.6,3.6
2024-07-27 11:52:00,CNR6351530879,Success,CID384645,Prime Plus,Bellandur,Rajajinagar,231.0,30.0,Not Applicable,Not Applicable,No,Not Applicable,290,Cash,7,4.2,3.5
2024-07-25 12:54:00,CNR7831486903,Success,CID419075,Mini,Indiranagar,Yelahanka,273.0,95.0,Not Applicable,Not Applicable,No,Not Applicable,117,UPI,26,4.3,3.1
2024-07-25 23:04:00,CNR9152435350,Success,CID772378,Mini,Shantinagar,Koramangala,273.0,85.0,Not Applicable,Not Applicable,No,Not Applicable,283,UPI,20,4.2,4.6
2024-07-01 16:08:00,CNR6796961125,Success,CID515986,Prime SUV,Mysore Road,Cox Town,189.0,140.0,Not Applicable,Not Applicable,No,Not Applicable,380,Debit Card,43,4.5,3.9
2024-07-24 05:27:00,CNR9478511504,Driver Not Found,CID754014,Auto,Richmond Town,Richmond Town,,,Not Applicable,Not Applicable,Not Applicable,Not Applicable,109,Not Applicable,0,,
2024-07-11 12:16:00,CNR2635309865,Success,CID200111,eBike,Shantinagar,Langford Town,273.0,30.0,Not Applicable,Not Applicable,No,Not Applicable,2988,Cash,37,3.3,4.0
2024-07-24 18:35:00,CNR4758850375,Success,CID357721,Mini,Sahakar Nagar,MG Road,280.0,105.0,Not Applicable,Not Applicable,No,Not Applicable,258,Cash,34,4.2,3.0
2024-07-18 09:56:00,CNR2651690929,Driver Not Found,CID588973,Prime SUV,Yelahanka,Basavanagudi,,,Not Applicable,Not Applicable,Not Applicable,Not Applicable,352,Not Applicable,0,,
2024-07-06 20:18:00,CNR3364965471,Success,CID456372,Prime Plus,Devanahalli,Kadugodi,119.0,35.0,Not Applicable,Not Applicable,No,Not Applicable,935,Cash,48,3.8,4.2
2024-07-20 06:06:00,CNR1297184834,Success,CID523579,Prime Plus,HSR Layout,Chamarajpet,203.0,90.0,Not Applicable,Not Applicable,No,Not Applicable,389,Cash,15,3.7,3.9
2024-07-09 15:36:00,CNR1117192152,Success,CID519353,Mini,Malleshwaram,Hulimavu,112.0,25.0,Not Applicable,Not Applicable,No,Not Applicable,484,Cash,30,4.4,3.9
2024-07-18 07:17:00,CNR2733313534,Success,CID414291,eBike,Varthur,KR Puram,231.0,100.0,Not Applicable,Not Applicable,No,Not Applicable,349,UPI,35,3.0,4.8
2024-07-26 11:39:00,CNR8853735647,Success,CID830547,Bike,Banashankari,Kengeri,238.0,140.0,Not Applicable,Not Applicable,No,Not Applicable,2768,Cash,46,4.0,3.4
2024-07-20 02:16:00,CNR7920376250,Success,CID356770,Mini,Jayanagar,Rajarajeshwari Nagar,42.0,120.0,Not Applicable,Not Applicable,No,Not Applicable,833,Cash,49,4.6,4.7
2024-07-11 15:10:00,CNR4966307466,Canceled by Driver,CID413592,Auto,HSR Layout,RT Nagar,,,Not Applicable,Customer was coughing/sick,Not Applicable,Not Applicable,253,Not Applicable,0,,
2024-07-18 05:05:00,CNR7021132135,Success,CID998859,Auto,Peenya,Vijayanagar,182.0,145.0,Not Applicable,Not Applicable,No,Not Applicable,354,UPI,13,3.6,3.3
2024-07-17 08:46:00,CNR8237646046,Success,CID189925,eBike,Yelahanka,Shivajinagar,77.0,60.0,Not Applicable,Not Applicable,No,Not Applicable,840,UPI,7,4.9,3.6
2024-07-10 09:25:00,CNR1305180537,Success,CID452098,Auto,Vijayanagar,Mysore Road,70.0,70.0,Not Applicable,Not Applicable,No,Not Applicable,117,Cash,12,4.8,3.3
2024-07-28 00:36:00,CNR7061915174,Success,CID528086,Prime SUV,Vijayanagar,Electronic City,210.0,40.0,Not Applicable,Not Applicable,No,Not Applicable,340,Cash,34,4.1,3.7
2024-07-17 16:40:00,CNR7105519237,Success,CID661826,Prime Plus,Tumkur Road,Hennur,105.0,35.0,Not Applicable,Not Applicable,No,Not Applicable,376,UPI,2,3.4,3.9
2024-07-15 03:25:00,CNR6936308126,Success,CID515509,Prime Sedan,Chickpet,Chamarajpet,42.0,145.0,Not Applicable,Not Applicable,No,Not Applicable,389,Cash,30,3.0,3.7
2024-07-13 19:45:00,CNR2407314237,Driver Not Found,CID119033,eBike,Indiranagar,Whitefield,,,Not Applicable,Not Applicable,Not Applicable,Not Applicable,883,Not Applicable,0,,
2024-07-04 20:00:00,CNR6040052531,Canceled by Driver,CID460299,Prime SUV,Padmanabhanagar,Magadi Road,,,Not Applicable,Personal & Car related issue,Not Applicable,Not Applicable,363,Not Applicable,0,,
2024-07-26 06:08:00,CNR3957117875,Canceled by Customer,CID601827,Bike,Shivajinagar,Langford Town,,,Driver is not moving towards pickup location,Not Applicable,Not Applicable,Not Applicable,472,Not Applicable,0,,
2024-07-08 05:45:00,CNR1920290717,Canceled by Driver,CID416730,Bike,Marathahalli,Malleshwaram,,,Not Applicable,Customer related issue,Not Applicable,Not Applicable,204,Not Applicable,0,,
2024-07-28 03:09:00,CNR6938262537,Success,CID179238,Prime SUV,Koramangala,Devanahalli,91.0,100.0,Not Applicable,Not Applicable,No,Not Applicable,280,Cash,26,3.6,3.8
2024-07-04 21:42:00,CNR3654783107,Success,CID250663,eBike,RT Nagar,Vijayanagar,119.0,120.0,Not Applicable,Not Applicable,No,Not Applicable,165,Cash,18,3.1,4.5
2024-07-26 01:17:00,CNR2697989002,Success,CID863868,Prime Sedan,Hebbal,Richmond Town,308.0,65.0,Not Applicable,Not Applicable,No,Not Applicable,197,UPI,40,3.8,4.5
2024-07-29 04:54:00,CNR5395341624,Success,CID404825,Bike,Malleshwaram,Frazer Town,301.0,85.0,Not Applicable,Not Applicable,No,Not Applicable,411,Cash,19,4.8,3.8
2024-07-16 11:33:00,CNR5292592680,Driver Not Found,CID961274,Prime SUV,Banashankari,Yeshwanthpur,,,Not Applicable,Not Applicable,Not Applicable,Not Applicable,431,Not Applicable,0,,
2024-07-29 17:04:00,CNR2403339658,Success,CID272734,eBike,Majestic,Sahakar Nagar,126.0,40.0,Not Applicable,Not Applicable,No,Not Applicable,923,Cash,2,3.8,4.3
2024-07-24 05:00:00,CNR6188810804,Success,CID516459,eBike,Sarjapur Road,Mysore Road,42.0,40.0,Not Applicable,Not Applicable,No,Not Applicable,231,UPI,38,4.7,4.5
2024-07-08 08:19:00,CNR3552150735,Canceled by Customer,CID429807,Mini,Rajajinagar,Jayanagar,,,Change of plans,Not Applicable,Not Applicable,Not Applicable,149,Not Applicable,0,,
2024-07-17 03:21:00,CNR6004958141,Success,CID504178,eBike,HSR Layout,Kadugodi,266.0,140.0,Not Applicable,Not Applicable,No,Not Applicable,256,UPI,24,3.4,3.8
2024-07-09 06:18:00,CNR9645729471,Canceled by Customer,CID764101,Mini,Rajarajeshwari Nagar,Sarjapur Road,,,AC is Not working,Not Applicable,Not Applicable,Not Applicable,2838,Not Applicable,0,,
2024-07-24 05:48:00,CNR1033184300,Canceled by Driver,CID980324,Bike,Shivajinagar,Kadugodi,,,Not Applicable,Customer was coughing/sick,Not Applicable,Not Applicable,357,Not Applicable,0,,
2024-07-08 07:36:00,CNR2967774230,Success,CID320621,eBike,Hennur,Shantinagar,189.0,135.0,Not Applicable,Not Applicable,No,Not Applicable,428,Cash,8,3.6,4.4
2024-07-09 09:32:00,CNR9897438379,Success,CID810980,Prime Sedan,BTM Layout,BTM Layout,56.0,55.0,Not Applicable,Not Applicable,No,Not Applicable,488,UPI,6,4.2,3.6
2024-07-19 06:09:00,CNR6234223012,Success,CID985213,Prime Plus,Magadi Road,BTM Layout,189.0,65.0,Not Applicable,Not Applicable,No,Not Applicable,167,UPI,43,3.2,4.5
2024-07-13 18:25:00,CNR5601196029,Success,CID229825,Bike,Bannerghatta Road,Padmanabhanagar,301.0,95.0,Not Applicable,Not Applicable,No,Not Applicable,767,Cash,12,4.6,3.9
2024-07-13 06:34:00,CNR5730265588,Success,CID664753,Mini,Kadugodi,Varthur,63.0,45.0,Not Applicable,Not Applicable,No,Not Applicable,964,Credit Card,23,4.6,4.8
2024-07-24 05:33:00,CNR5031713240,Success,CID805326,eBike,Jayanagar,Whitefield,203.0,75.0,Not Applicable,Not Applicable,No,Not Applicable,152,UPI,16,3.0,3.6
2024-07-20 18:22:00,CNR7685944974,Success,CID175425,Prime Sedan,Marathahalli,Banashankari,126.0,80.0,Not Applicable,Not Applicable,No,Not Applicable,2985,Cash,32,4.0,4.8
2024-07-04 17:30:00,CNR1025627123,Canceled by Driver,CID248880,Auto,Hennur,Kammanahalli,,,Not Applicable,Personal & Car related issue,Not Applicable,Not Applicable,403,Not Applicable,0,,
2024-07-13 05:55:00,CNR8608988213,Success,CID675751,Mini,Rajarajeshwari Nagar,Richmond Town,224.0,125.0,Not Applicable,Not Applicable,No,Not Applicable,111,Cash,39,4.6,4.6
2024-07-26 05:19:00,CNR1774708426,Canceled by Driver,CID161405,eBike,Ramamurthy Nagar,Chickpet,,,Not Applicable,Customer was coughing/sick,Not Applicable,Not Applicable,129,Not Applicable,0,,
2024-07-22 05:52:00,CNR3837404529,Success,CID592462,Auto,Yeshwanthpur,KR Puram,280.0,140.0,Not Applicable,Not Applicable,No,Not Applicable,194,Cash,17,4.8,4.0
2024-07-28 06:12:00,CNR1836309616,Success,CID111004,Prime Sedan,Kammanahalli,Cox Town,217.0,25.0,Not Applicable,Not Applicable,No,Not Applicable,155,Cash,15,4.6,4.1
2024-07-26 00:57:00,CNR9671478614,Canceled by Driver,CID684868,Mini,Shantinagar,Yelahanka,,,Not Applicable,Customer related issue,Not Applicable,Not Applicable,2816,Not Applicable,0,,
2024-07-28 10:43:00,CNR5630476353,Driver Not Found,CID384234,Prime Sedan,Ramamurthy Nagar,Jayanagar,,,Not Applicable,Not Applicable,Not Applicable,Not Applicable,426,Not Applicable,0,,
2024-07-05 18:06:00,CNR4261837888,Success,CID759846,Bike,HSR Layout,Padmanabhanagar,266.0,145.0,Not Applicable,Not Applicable,No,Not Applicable,774,UPI,48,4.4,3.9
2024-07-09 07:25:00,CNR4583144897,Canceled by Driver,CID807637,Auto,JP Nagar,Chamarajpet,,,Not Applicable,Customer was coughing/sick,Not Applicable,Not Applicable,945,Not Applicable,0,,
2024-07-12 19:50:00,CNR5480958307,Success,CID371004,Bike,Chickpet,Mysore Road,203.0,100.0,Not Applicable,Not Applicable,No,Not Applicable,961,UPI,13,3.9,3.9
2024-07-12 09:41:00,CNR9174777807,Success,CID726847,Prime SUV,Hulimavu,Koramangala,49.0,125.0,Not Applicable,Not Applicable,No,Not Applicable,2165,UPI,20,3.5,4.4
2024-07-23 12:20:00,CNR1421967467,Success,CID684737,Mini,Hennur,Jayanagar,112.0,120.0,Not Applicable,Not Applicable,No,Not Applicable,2331,Cash,6,3.7,3.8
2024-07-01 08:56:00,CNR8619055546,Success,CID416780,Prime Sedan,Rajarajeshwari Nagar,Cox Town,49.0,145.0,Not Applicable,Not Applicable,No,Not Applicable,415,Cash,36,4.7,3.2
2024-07-20 00:47:00,CNR1517179756,Success,CID912303,Prime Sedan,MG Road,Kengeri,63.0,30.0,Not Applicable,Not Applicable,No,Not Applicable,543,Cash,4,4.7,4.2
2024-07-09 00:18:00,CNR3851521420,Canceled by Customer,CID306257,eBike,Richmond Town,Malleshwaram,,,Driver asked to cancel,Not Applicable,Not Applicable,Not Applicable,589,Not Applicable,0,,
2024-07-01 19:50:00,CNR4999584565,Driver Not Found,CID533690,Mini,Indiranagar,Mysore Road,,,Not Applicable,Not Applicable,Not Applicable,Not Applicable,836,Not Applicable,0,,
2024-07-17 16:50:00,CNR3970399386,Canceled by Driver,CID649411,Auto,KR Puram,Langford Town,,,Not Applicable,Customer related issue,Not Applicable,Not Applicable,482,Not Applicable,0,,
2024-07-02 03:18:00,CNR8900897961,Success,CID796775,Prime SUV,Kammanahalli,MG Road,119.0,45.0,Not Applicable,Not Applicable,No,Not Applicable,860,Cash,32,4.7,3.1
2024-07-13 20:56:00,CNR1159860410,Success,CID652905,Auto,Kadugodi,Chamarajpet,112.0,110.0,Not Applicable,Not Applicable,No,Not Applicable,227,UPI,13,3.6,4.1
2024-07-23 02:07:00,CNR2344699782,Success,CID908857,Prime Sedan,Sarjapur Road,Electronic City,168.0,140.0,Not Applicable,Not Applicable,No,Not Applicable,300,UPI,15,4.5,4.6
2024-07-14 02:42:00,CNR9475191781,Canceled by Customer,CID360757,Auto,Varthur,Hebbal,,,Change of plans,Not Applicable,Not Applicable,Not Applicable,250,Not Applicable,0,,
2024-07-18 17:09:00,CNR7207386916,Success,CID211700,Auto,MG Road,Indiranagar,133.0,35.0,Not Applicable,Not Applicable,No,Not Applicable,185,Cash,10,4.3,4.8
2024-07-02 06:31:00,CNR9264522281,Success,CID634762,eBike,Bannerghatta Road,Cox Town,210.0,100.0,Not Applicable,Not Applicable,No,Not Applicable,555,Cash,4,3.9,4.0
2024-07-12 01:13:00,CNR1748466293,Canceled by Driver,CID407388,Prime Sedan,Hebbal,Ulsoor,,,Not Applicable,Customer related issue,Not Applicable,Not Applicable,307,Not Applicable,0,,
2024-07-28 16:42:00,CNR3674882549,Success,CID593001,Prime Sedan,KR Puram,Jayanagar,56.0,45.0,Not Applicable,Not Applicable,No,Not Applicable,2358,UPI,22,4.6,4.4
2024-07-03 12:54:00,CNR5957461321,Canceled by Driver,CID305433,Prime Sedan,Hebbal,Hennur,,,Not Applicable,Personal & Car related issue,Not Applicable,Not Applicable,218,Not Applicable,0,,
2024-07-05 23:43:00,CNR2323070573,Canceled by Customer,CID816416,Auto,Nagarbhavi,Hennur,,,AC is Not working,Not Applicable,Not Applicable,Not Applicable,522,Not Applicable,0,,
2024-07-22 03:18:00,CNR4631154536,Canceled by Driver,CID774992,Prime Plus,Cox Town,MG Road,,,Not Applicable,More than permitted people in there,Not Applicable,Not Applicable,213,Not Applicable,0,,
2024-07-08 22:20:00,CNR4129560852,Success,CID432617,Auto,Hennur,Mysore Road,245.0,75.0,Not Applicable,Not Applicable,No,Not Applicable,898,Credit Card,2,4.7,3.4
2024-07-28 19:39:00,CNR5231073480,Success,CID625379,Bike,Bellandur,Marathahalli,175.0,45.0,Not Applicable,Not Applicable,No,Not Applicable,303,Cash,45,5.0,3.7
2024-07-12 00:35:00,CNR3775226438,Success,CID284501,Prime SUV,JP Nagar,Magadi Road,182.0,145.0,Not Applicable,Not Applicable,No,Not Applicable,191,UPI,7,4.9,3.6
2024-07-05 13:27:00,CNR8362220510,Success,CID454102,Bike,Marathahalli,Ulsoor,196.0,125.0,Not Applicable,Not Applicable,Yes,Customer Demand,716,UPI,25,3.1,3.3
2024-07-09 03:47:00,CNR9364454820,Success,CID193268,Bike,Rajajinagar,Koramangala,140.0,115.0,Not Applicable,Not Applicable,No,Not Applicable,419,UPI,21,3.3,3.3
2024-07-07 05:13:00,CNR2656262225,Canceled by Driver,CID850758,Mini,Chamarajpet,Rajarajeshwari Nagar,,,Not Applicable,More than permitted people in there,Not Applicable,Not Applicable,2085,Not Applicable,0,,
2024-07-23 06:03:00,CNR7263816004,Success,CID291123,Prime SUV,Kammanahalli,Hebbal,98.0,30.0,Not Applicable,Not Applicable,No,Not Applicable,363,Cash,23,5.0,3.9
2024-07-19 22:29:00,CNR1923083202,Success,CID528914,eBike,Sarjapur Road,Basavanagudi,35.0,110.0,Not Applicable,Not Applicable,No,Not Applicable,238,Cash,49,4.1,3.3
2024-07-30 00:41:00,CNR5787187925,Success,CID775486,Bike,Yelahanka,Ramamurthy Nagar,49.0,130.0,Not Applicable,Not Applicable,No,Not Applicable,696,UPI,26,3.8,3.9
2024-07-08 06:48:00,CNR1783426643,Canceled by Driver,CID113535,Bike,Chickpet,Cox Town,,,Not Applicable,Customer was coughing/sick,Not Applicable,Not Applicable,688,Not Applicable,0,,
2024-07-06 13:42:00,CNR1536595278,Success,CID119753,Prime Plus,Langford Town,Devanahalli,231.0,130.0,Not Applicable,Not Applicable,No,Not Applicable,443,Cash,5,3.1,4.8
2024-07-20 22:00:00,CNR9224039496,Canceled by Driver,CID939973,Prime SUV,Padmanabhanagar,Frazer Town,,,Not Applicable,Customer was coughing/sick,Not Applicable,Not Applicable,196,Not Applicable,0,,
2024-07-18 15:28:00,CNR7648051110,Success,CID155627,Prime SUV,Koramangala,Nagarbhavi,210.0,50.0,Not Applicable,Not Applicable,No,Not Applicable,562,Cash,17,4.9,3.4
2024-07-28 05:01:00,CNR4262680655,Canceled by Customer,CID233969,Bike,Devanahalli,Hebbal,,,Driver asked to cancel,Not Applicable,Not Applicable,Not Applicable,969,Not Applicable,0,,
2024-07-10 21:36:00,CNR9199647026,Success,CID369959,Mini,Yeshwanthpur,Kengeri,196.0,145.0,Not Applicable,Not Applicable,No,Not Applicable,338,Cash,32,3.6,3.3
2024-07-19 15:42:00,CNR1142809774,Driver Not Found,CID225576,Prime Sedan,Indiranagar,Kengeri,,,Not Applicable,Not Applicable,Not Applicable,Not Applicable,616,Not Applicable,0,,
2024-07-17 07:21:00,CNR1546907905,Success,CID939594,Prime Sedan,BTM Layout,Rajajinagar,301.0,45.0,Not Applicable,Not Applicable,No,Not Applicable,343,Cash,32,3.3,4.4
2024-07-16 06:27:00,CNR3291460917,Success,CID918253,Prime Plus,Hennur,Cox Town,63.0,130.0,Not Applicable,Not Applicable,No,Not Applicable,352,UPI,22,3.9,3.9
2024-07-08 00:27:00,CNR4329186419,Driver Not Found,CID686262,eBike,Yeshwanthpur,Sahakar Nagar,,,Not Applicable,Not Applicable,Not Applicable,Not Applicable,109,Not Applicable,0,,
2024-07-24 06:32:00,CNR1165252796,Success,CID979274,Prime Sedan,JP Nagar,Shantinagar,189.0,60.0,Not Applicable,Not Applicable,No,Not Applicable,433,Cash,1,3.7,4.9
2024-07-14 01:47:00,CNR9097983066,Success,CID700070,Auto,RT Nagar,JP Nagar,56.0,60.0,Not Applicable,Not Applicable,No,Not Applicable,451,Cash,5,3.2,3.7
2024-07-08 08:18:00,CNR7555833071,Success,CID421118,eBike,JP Nagar,Shivajinagar,77.0,105.0,Not Applicable,Not Applicable,No,Not Applicable,2796,Cash,30,3.2,4.7
2024-07-07 07:02:00,CNR3953809723,Success,CID587998,eBike,Langford Town,Chickpet,196.0,95.0,Not Applicable,Not Applicable,No,Not Applicable,417,Cash,40,4.0,4.0
2024-07-23 00:00:00,CNR2138126026,Success,CID828130,Auto,Hebbal,BTM Layout,91.0,95.0,Not Applicable,Not Applicable,No,Not Applicable,522,UPI,18,4.6,3.3
2024-07-05 20:51:00,CNR6448791049,Canceled by Customer,CID216084,Bike,KR Puram,Chickpet,,,Wrong Address,Not Applicable,Not Applicable,Not Applicable,440,Not Applicable,0,,
2024-07-02 14:38:00,CNR7140075513,Driver Not Found,CID776146,Mini,Cox Town,Ulsoor,,,Not Applicable,Not Applicable,Not Applicable,Not Applicable,193,Not Applicable,0,,
2024-07-01 13:54:00,CNR5708879687,Canceled by Driver,CID798758,Prime Plus,Malleshwaram,Nagarbhavi,,,Not Applicable,Customer was coughing/sick,Not Applicable,Not Applicable,612,Not Applicable,0,,
2024-07-13 08:51:00,CNR8018196915,Canceled by Customer,CID208998,Prime Plus,Jayanagar,Hebbal,,,Driver is not moving towards pickup location,Not Applicable,Not Applicable,Not Applicable,836,Not Applicable,0,,
2024-07-15 10:47:00,CNR3343019749,Canceled by Driver,CID774945,Auto,Marathahalli,BTM Layout,,,Not Applicable,Customer was coughing/sick,Not Applicable,Not Applicable,375,Not Applicable,0,,
2024-07-15 17:57:00,CNR6558195497,Canceled by Driver,CID427638,Prime SUV,Bannerghatta Road,Cox Town,,,Not Applicable,Personal & Car related issue,Not Applicable,Not Applicable,486,Not Applicable,0,,
2024-07-29 05:01:00,CNR5939403994,Success,CID125751,eBike,Frazer Town,Frazer Town,154.0,125.0,Not Applicable,Not Applicable,No,Not Applicable,233,Credit Card,28,4.4,4.0
2024-07-13 02:53:00,CNR6942035199,Driver Not Found,CID429591,eBike,Basavanagudi,BTM Layout,,,Not Applicable,Not Applicable,Not Applicable,Not Applicable,403,Not Applicable,0,,
2024-07-13 11:09:00,CNR5581983211,Success,CID451791,Bike,Ulsoor,Rajajinagar,63.0,60.0,Not Applicable,Not Applicable,No,Not Applicable,370,UPI,47,3.4,3.2
2024-07-09 04:30:00,CNR3221308594,Canceled by Customer,CID436278,Bike,Chamarajpet,Ramamurthy Nagar,,,Change of plans,Not Applicable,Not Applicable,Not Applicable,207,Not Applicable,0,,
2024-07-10 00:09:00,CNR3083368578,Success,CID246906,Mini,Rajajinagar,Basavanagudi,133.0,40.0,Not Applicable,Not Applicable,Yes,Customer Demand,359,UPI,27,3.2,3.3
2024-07-27 00:49:00,CNR4753731010,Success,CID931469,Bike,Banashankari,Devanahalli,287.0,85.0,Not Applicable,Not Applicable,No,Not Applicable,490,UPI,5,4.5,3.9
2024-07-24 22:51:00,CNR8044375892,Success,CID534576,Prime SUV,HSR Layout,Bannerghatta Road,77.0,140.0,Not Applicable,Not Applicable,No,Not Applicable,459,Cash,24,4.3,4.5
2024-07-08 00:51:00,CNR9989030061,Success,CID629962,Prime SUV,Marathahalli,Richmond Town,70.0,140.0,Not Applicable,Not Applicable,No,Not Applicable,1094,Cash,43,3.4,3.8
2024-07-09 09:31:00,CNR5128394929,Success,CID444080,Prime SUV,Yeshwanthpur,Sahakar Nagar,98.0,130.0,Not Applicable,Not Applicable,No,Not Applicable,233,UPI,9,3.2,3.8
2024-07-14 18:52:00,CNR9926531018,Driver Not Found,CID616115,eBike,Padmanabhanagar,Shivajinagar,,,Not Applicable,Not Applicable,Not Applicable,Not Applicable,102,Not Applicable,0,,
2024-07-29 07:13:00,CNR9325185301,Canceled by Driver,CID499979,Prime Plus,Whitefield,Langford Town,,,Not Applicable,Personal & Car related issue,Not Applicable,Not Applicable,233,Not Applicable,0,,
2024-07-19 21:26:00,CNR6811359113,Canceled by Driver,CID590580,Auto,Marathahalli,RT Nagar,,,Not Applicable,Customer was coughing/sick,Not Applicable,Not Applicable,1605,Not Applicable,0,,
2024-07-18 00:17:00,CNR3922471865,Canceled by Customer,CID243588,Prime Sedan,Ulsoor,Rajarajeshwari Nagar,,,Wrong Address,Not Applicable,Not Applicable,Not Applicable,495,Not Applicable,0,,
2024-07-12 19:32:00,CNR3837860696,Canceled by Driver,CID246107,Prime SUV,Hulimavu,Bellandur,,,Not Applicable,Personal & Car related issue,Not Applicable,Not Applicable,158,Not Applicable,0,,
2024-07-11 17:21:00,CNR1080569965,Canceled by Customer,CID530492,Bike,Langford Town,Hennur,,,Driver asked to cancel,Not Applicable,Not Applicable,Not Applicable,459,Not Applicable,0,,
2024-07-27 03:39:00,CNR1236134372,Canceled by Driver,CID174257,eBike,BTM Layout,Rajarajeshwari Nagar,,,Not Applicable,Customer related issue,Not Applicable,Not Applicable,372,Not Applicable,0,,
2024-07-21 05:26:00,CNR7109984504,Success,CID728287,Prime SUV,Frazer Town,HSR Layout,70.0,45.0,Not Applicable,Not Applicable,No,Not Applicable,362,Cash,27,4.8,4.6
2024-07-15 00:03:00,CNR1075233952,Success,CID256865,Prime Sedan,BTM Layout,Bellandur,49.0,70.0,Not Applicable,Not Applicable,No,Not Applicable,181,UPI,26,4.3,3.6
2024-07-02 02:56:00,CNR9333618604,Success,CID400815,Bike,Sahakar Nagar,Hulimavu,42.0,95.0,Not Applicable,Not Applicable,No,Not Applicable,134,Cash,20,4.3,3.2
2024-07-14 03:37:00,CNR5578810672,Success,CID936908,Auto,Nagarbhavi,Rajarajeshwari Nagar,203.0,130.0,Not Applicable,Not Applicable,No,Not Applicable,465,UPI,19,4.9,3.0
2024-07-24 06:57:00,CNR4523811022,Success,CID138621,Auto,BTM Layout,Marathahalli,182.0,55.0,Not Applicable,Not Applicable,No,Not Applicable,497,Cash,1,4.1,3.6
2024-07-28 03:41:00,CNR9251473036,Canceled by Driver,CID978789,Bike,Yelahanka,Bannerghatta Road,,,Not Applicable,Customer related issue,Not Applicable,Not Applicable,1243,Not Applicable,0,,
2024-07-18 11:46:00,CNR1610549918,Success,CID991929,Auto,Hebbal,Hebbal,35.0,130.0,Not Applicable,Not Applicable,No,Not Applicable,196,UPI,7,4.4,4.5
2024-07-19 07:09:00,CNR3007161590,Success,CID895091,Auto,Nagarbhavi,Kammanahalli,308.0,25.0,Not Applicable,Not Applicable,No,Not Applicable,298,Cash,4,3.4,3.6
2024-07-27 15:44:00,CNR7006471220,Success,CID662517,Mini,Indiranagar,Bannerghatta Road,84.0,135.0,Not Applicable,Not Applicable,No,Not Applicable,358,Cash,36,3.0,3.7
2024-07-05 14:41:00,CNR8024539801,Success,CID123888,Prime Plus,Mysore Road,Richmond Town,189.0,130.0,Not Applicable,Not Applicable,Yes,Customer Demand,1970,UPI,2,3.5,4.1
2024-07-20 04:11:00,CNR9012342084,Success,CID928466,Bike,Kadugodi,Basavanagudi,98.0,65.0,Not Applicable,Not Applicable,No,Not Applicable,721,Cash,9,4.1,3.1
2024-07-13 21:07:00,CNR6294546712,Success,CID116324,eBike,Langford Town,JP Nagar,203.0,55.0,Not Applicable,Not Applicable,No,Not Applicable,362,Cash,1,5.0,4.4
2024-07-23 05:41:00,CNR5370152385,Success,CID811245,Prime Plus,Tumkur Road,Rajajinagar,273.0,105.0,Not Applicable,Not Applicable,No,Not Applicable,214,UPI,11,4.2,3.7
2024-07-02 13:43:00,CNR5150891430,Canceled by Customer,CID983956,eBike,MG Road,Magadi Road,,,Change of plans,Not Applicable,Not Applicable,Not Applicable,438,Not Applicable,0,,
2024-07-10 04:18:00,CNR8018800864,Success,CID759045,Mini,HSR Layout,Whitefield,182.0,100.0,Not Applicable,Not Applicable,No,Not Applicable,305,UPI,24,3.7,3.2
2024-07-21 06:15:00,CNR1118565018,Success,CID987848,Prime Plus,Basavanagudi,Hulimavu,161.0,130.0,Not Applicable,Not Applicable,Yes,Vehicle Breakdown,116,Cash,37,3.5,3.8
2024-07-17 09:02:00,CNR9067138834,Success,CID700603,Mini,Sarjapur Road,Majestic,238.0,120.0,Not Applicable,Not Applicable,No,Not Applicable,220,UPI,41,4.6,4.2
2024-07-26 17:32:00,CNR2774687844,Success,CID818343,Prime Sedan,Hennur,Sahakar Nagar,63.0,30.0,Not Applicable,Not Applicable,No,Not Applicable,1464,Cash,35,4.9,4.6
2024-07-09 20:27:00,CNR7665366510,Success,CID738254,Prime Plus,Varthur,Chickpet,238.0,115.0,Not Applicable,Not Applicable,No,Not Applicable,190,UPI,43,3.3,4.0
2024-07-29 15:12:00,CNR3951553692,Canceled by Customer,CID291182,Prime Sedan,Padmanabhanagar,Indiranagar,,,Change of plans,Not Applicable,Not Applicable,Not Applicable,359,Not Applicable,0,,
2024-07-14 07:22:00,CNR4004216938,Success,CID781999,Mini,Basavanagudi,Kadugodi,231.0,140.0,Not Applicable,Not Applicable,No,Not Applicable,252,Cash,19,5.0,3.2
2024-07-22 01:31:00,CNR8460214523,Success,CID311178,Auto,BTM Layout,Hebbal,252.0,135.0,Not Applicable,Not Applicable,No,Not Applicable,184,UPI,6,3.4,3.9
2024-07-22 08:16:00,CNR3855747418,Canceled by Driver,CID696556,Prime Plus,Hulimavu,Koramangala,,,Not Applicable,Customer was coughing/sick,Not Applicable,Not Applicable,362,Not Applicable,0,,
2024-07-24 03:13:00,CNR7995222048,Success,CID594029,Bike,Koramangala,Magadi Road,196.0,135.0,Not Applicable,Not Applicable,No,Not Applicable,263,UPI,14,3.3,4.6
2024-07-03 23:22:00,CNR3677746921,Canceled by Driver,CID924170,Mini,Nagarbhavi,Whitefield,,,Not Applicable,Customer was coughing/sick,Not Applicable,Not Applicable,361,Not Applicable,0,,
2024-07-09 13:09:00,CNR4247783988,Canceled by Customer,CID744659,Prime SUV,Shivajinagar,Hulimavu,,,Wrong Address,Not Applicable,Not Applicable,Not Applicable,335,Not Applicable,0,,
2024-07-11 07:29:00,CNR2548283991,Success,CID771058,Auto,Indiranagar,MG Road,238.0,105.0,Not Applicable,Not Applicable,No,Not Applicable,169,Cash,16,5.0,3.5
2024-07-26 22:02:00,CNR6158821963,Success,CID666416,Bike,Padmanabhanagar,Yeshwanthpur,273.0,80.0,Not Applicable,Not Applicable,No,Not Applicable,248,Debit Card,33,4.7,3.7
2024-07-20 18:19:00,CNR1406349267,Success,CID984086,eBike,Sahakar Nagar,Whitefield,273.0,60.0,Not Applicable,Not Applicable,No,Not Applicable,152,UPI,45,3.4,4.9
2024-07-08 22:04:00,CNR8041960549,Success,CID919966,Prime Sedan,Mysore Road,Kadugodi,119.0,140.0,Not Applicable,Not Applicable,No,Not Applicable,676,Cash,42,4.3,3.2
2024-07-09 22:32:00,CNR8457813255,Canceled by Customer,CID203512,Mini,Koramangala,BTM Layout,,,Driver is not moving towards pickup location,Not Applicable,Not Applicable,Not Applicable,142,Not Applicable,0,,
2024-07-23 04:01:00,CNR7388125248,Canceled by Driver,CID149264,Prime SUV,Indiranagar,Bellandur,,,Not Applicable,Personal & Car related issue,Not Applicable,Not Applicable,799,Not Applicable,0,,
2024-07-03 23:42:00,CNR4626034468,Success,CID807291,Prime Sedan,Vijayanagar,Ramamurthy Nagar,238.0,125.0,Not Applicable,Not Applicable,No,Not Applicable,283,Cash,5,4.0,4.1
2024-07-23 12:36:00,CNR4222530332,Canceled by Driver,CID121664,Prime Plus,Rajajinagar,Kammanahalli,,,Not Applicable,Customer was coughing/sick,Not Applicable,Not Applicable,267,Not Applicable,0,,
2024-07-28 01:48:00,CNR1646767902,Success,CID752037,eBike,Magadi Road,Hennur,203.0,135.0,Not Applicable,Not Applicable,No,Not Applicable,226,Cash,37,4.5,4.1
2024-07-04 20:39:00,CNR8330952524,Success,CID545184,Mini,Tumkur Road,Ulsoor,56.0,115.0,Not Applicable,Not Applicable,No,Not Applicable,577,Cash,10,4.2,4.6
2024-07-26 22:48:00,CNR6934300733,Driver Not Found,CID123971,Prime Sedan,Hulimavu,Shivajinagar,,,Not Applicable,Not Applicable,Not Applicable,Not Applicable,156,Not Applicable,0,,
2024-07-03 01:51:00,CNR1418184929,Success,CID146470,eBike,Banashankari,Koramangala,126.0,70.0,Not Applicable,Not Applicable,No,Not Applicable,381,Cash,18,4.1,3.6
2024-07-05 15:44:00,CNR1682113071,Driver Not Found,CID172153,Auto,Sarjapur Road,Bellandur,,,Not Applicable,Not Applicable,Not Applicable,Not Applicable,287,Not Applicable,0,,
2024-07-13 08:07:00,CNR3316531523,Canceled by Customer,CID908016,Auto,Magadi Road,Langford Town,,,Driver asked to cancel,Not Applicable,Not Applicable,Not Applicable,221,Not Applicable,0,,
2024-07-14 07:59:00,CNR5039680399,Success,CID103201,Auto,Ulsoor,Frazer Town,238.0,85.0,Not Applicable,Not Applicable,No,Not Applicable,165,Credit Card,4,3.7,4.9
2024-07-19 06:10:00,CNR8688536498,Canceled by Driver,CID913927,eBike,Ramamurthy Nagar,Rajarajeshwari Nagar,,,Not Applicable,Customer related issue,Not Applicable,Not Applicable,956,Not Applicable,0,,
2024-07-04 12:28:00,CNR3805898309,Driver Not Found,CID158311,Bike,Malleshwaram,Shivajinagar,,,Not Applicable,Not Applicable,Not Applicable,Not Applicable,2330,Not Applicable,0,,
2024-07-21 07:35:00,CNR8880608353,Canceled by Customer,CID785798,Prime Plus,Shantinagar,Tumkur Road,,,Wrong Address,Not Applicable,Not Applicable,Not Applicable,385,Not Applicable,0,,
2024-07-11 09:16:00,CNR7926598901,Success,CID242966,eBike,RT Nagar,Hebbal,196.0,40.0,Not Applicable,Not Applicable,No,Not Applicable,113,Cash,31,4.4,4.1
2024-07-01 13:03:00,CNR8887548130,Success,CID465422,Prime Sedan,Magadi Road,Magadi Road,273.0,110.0,Not Applicable,Not Applicable,No,Not Applicable,417,Cash,11,3.3,3.2
2024-07-04 05:31:00,CNR9749025795,Success,CID603072,eBike,Shivajinagar,Peenya,231.0,135.0,Not Applicable,Not Applicable,No,Not Applicable,354,Cash,19,4.0,4.5
2024-07-18 10:44:00,CNR8294186060,Success,CID338323,eBike,Langford Town,Indiranagar,287.0,85.0,Not Applicable,Not Applicable,No,Not Applicable,1732,UPI,15,4.0,4.3
2024-07-03 10:50:00,CNR2683385616,Success,CID483335,eBike,Banashankari,Electronic City,63.0,60.0,Not Applicable,Not Applicable,No,Not Applicable,556,UPI,5,4.2,3.6
2024-07-17 02:14:00,CNR8627544131,Canceled by Customer,CID565523,Auto,Banashankari,Peenya,,,Wrong Address,Not Applicable,Not Applicable,Not Applicable,544,Not Applicable,0,,
2024-07-13 01:16:00,CNR3482937364,Success,CID498665,Prime SUV,Yelahanka,Jayanagar,252.0,125.0,Not Applicable,Not Applicable,No,Not Applicable,186,UPI,41,4.4,3.7
2024-07-20 08:06:00,CNR6481247519,Driver Not Found,CID514108,Prime SUV,Richmond Town,Langford Town,,,Not Applicable,Not Applicable,Not Applicable,Not Applicable,318,Not Applicable,0,,
2024-07-05 01:46:00,CNR1541815645,Success,CID539767,Prime SUV,Banashankari,Kengeri,189.0,100.0,Not Applicable,Not Applicable,Yes,Other Issue,222,UPI,32,3.7,3.4
2024-07-07 21:04:00,CNR8887463124,Success,CID723554,Bike,Majestic,Ramamurthy Nagar,35.0,120.0,Not Applicable,Not Applicable,No,Not Applicable,256,Cash,44,4.3,3.4
2024-07-21 20:43:00,CNR6624533073,Canceled by Driver,CID725006,eBike,Richmond Town,Ramamurthy Nagar,,,Not Applicable,Customer related issue,Not Applicable,Not Applicable,492,Not Applicable,0,,
2024-07-05 16:59:00,CNR4945354921,Success,CID176053,Bike,Hebbal,KR Puram,161.0,105.0,Not Applicable,Not Applicable,Yes,Other Issue,920,Cash,49,4.1,3.6
2024-07-22 04:34:00,CNR9818811748,Success,CID173625,Prime Sedan,Banashankari,Cox Town,140.0,125.0,Not Applicable,Not Applicable,No,Not Applicable,217,UPI,47,4.8,4.7
2024-07-23 18:34:00,CNR5145973275,Success,CID397051,Mini,RT Nagar,Basavanagudi,154.0,85.0,Not Applicable,Not Applicable,No,Not Applicable,443,Cash,38,4.5,3.1
2024-07-04 16:47:00,CNR8861399608,Canceled by Driver,CID293603,Bike,Basavanagudi,Sarjapur Road,,,Not Applicable,Customer was coughing/sick,Not Applicable,Not Applicable,2116,Not Applicable,0,,
2024-07-28 05:07:00,CNR7229125478,Driver Not Found,CID473558,Bike,Hulimavu,Frazer Town,,,Not Applicable,Not Applicable,Not Applicable,Not Applicable,497,Not Applicable,0,,
2024-07-06 01:55:00,CNR9621496255,Success,CID331033,eBike,Yeshwanthpur,Shivajinagar,231.0,35.0,Not Applicable,Not Applicable,No,Not Applicable,304,UPI,46,3.6,4.5
2024-07-13 20:37:00,CNR1937605492,Canceled by Driver,CID460200,Mini,Marathahalli,Sahakar Nagar,,,Not Applicable,Personal & Car related issue,Not Applicable,Not Applicable,1541,Not Applicable,0,,
2024-07-25 02:20:00,CNR9668788455,Success,CID280977,Prime Plus,Frazer Town,Magadi Road,210.0,110.0,Not Applicable,Not Applicable,No,Not Applicable,749,UPI,19,3.4,3.2
2024-07-26 18:05:00,CNR3355240473,Canceled by Driver,CID863262,Prime SUV,Shivajinagar,Kengeri,,,Not Applicable,Customer was coughing/sick,Not Applicable,Not Applicable,206,Not Applicable,0,,
2024-07-12 13:32:00,CNR3961351015,Success,CID605377,Mini,Chickpet,Malleshwaram,259.0,90.0,Not Applicable,Not Applicable,Yes,Customer Demand,172,Cash,47,3.2,4.3
2024-07-09 04:27:00,CNR3404375081,Canceled by Customer,CID949091,Prime Sedan,Kammanahalli,Sahakar Nagar,,,Driver asked to cancel,Not Applicable,Not Applicable,Not Applicable,310,Not Applicable,0,,
2024-07-13 03:38:00,CNR7447599215,Canceled by Customer,CID127174,Bike,Bannerghatta Road,Chickpet,,,Wrong Address,Not Applicable,Not Applicable,Not Applicable,995,Not Applicable,0,,
2024-07-26 22:21:00,CNR8965462935,Success,CID444481,Bike,Ramamurthy Nagar,Rajajinagar,252.0,120.0,Not Applicable,Not Applicable,No,Not Applicable,746,Cash,33,3.9,4.2
2024-07-17 15:10:00,CNR2004557821,Success,CID186430,Prime Plus,Bellandur,Magadi Road,238.0,65.0,Not Applicable,Not Applicable,No,Not Applicable,326,UPI,26,3.3,3.7
2024-07-27 05:38:00,CNR2714429292,Canceled by Driver,CID148973,Prime SUV,Basavanagudi,Malleshwaram,,,Not Applicable,Customer related issue,Not Applicable,Not Applicable,489,Not Applicable,0,,
2024-07-24 05:02:00,CNR4476744853,Canceled by Driver,CID752590,Bike,Hulimavu,Hebbal,,,Not Applicable,Customer related issue,Not Applicable,Not Applicable,2289,Not Applicable,0,,
2024-07-19 06:56:00,CNR9010528367,Canceled by Driver,CID946080,eBike,Yelahanka,Ramamurthy Nagar,,,Not Applicable,Customer related issue,Not Applicable,Not Applicable,400,Not Applicable,0,,
2024-07-03 23:17:00,CNR2266564680,Success,CID808309,Prime Sedan,Jayanagar,Jayanagar,84.0,110.0,Not Applicable,Not Applicable,No,Not Applicable,717,UPI,1,4.1,3.9
2024-07-14 00:47:00,CNR6221779379,Canceled by Driver,CID851579,Bike,Sahakar Nagar,Kammanahalli,,,Not Applicable,Customer was coughing/sick,Not Applicable,Not Applicable,658,Not Applicable,0,,
2024-07-05 22:07:00,CNR2762829212,Success,CID400514,Prime Sedan,Ramamurthy Nagar,Rajarajeshwari Nagar,266.0,115.0,Not Applicable,Not Applicable,No,Not Applicable,240,Cash,2,4.9,4.9
2024-07-22 11:56:00,CNR9182375633,Success,CID151791,Prime Plus,Whitefield,Frazer Town,119.0,145.0,Not Applicable,Not Applicable,No,Not Applicable,2597,Cash,42,3.9,4.4
2024-07-14 23:32:00,CNR8400365167,Canceled by Driver,CID605441,Prime SUV,Banashankari,Electronic City,,,Not Applicable,Customer related issue,Not Applicable,Not Applicable,659,Not Applicable,0,,
2024-07-01 13:09:00,CNR4577296344,Success,CID130682,Prime SUV,Frazer Town,Rajajinagar,98.0,90.0,Not Applicable,Not Applicable,No,Not Applicable,346,Cash,23,3.9,3.1
2024-07-05 01:05:00,CNR3505311643,Success,CID338443,eBike,Frazer Town,Hosur Road,168.0,25.0,Not Applicable,Not Applicable,No,Not Applicable,743,Cash,14,4.4,3.3
2024-07-14 14:56:00,CNR7812680912,Success,CID812580,Mini,BTM Layout,Bannerghatta Road,287.0,95.0,Not Applicable,Not Applicable,No,Not Applicable,461,Cash,7,3.8,4.4
2024-07-27 13:48:00,CNR6920899471,Success,CID874895,Prime Sedan,Hennur,JP Nagar,217.0,50.0,Not Applicable,Not Applicable,No,Not Applicable,379,UPI,40,4.9,4.0
2024-07-07 07:30:00,CNR5133213007,Canceled by Customer,CID262764,eBike,Marathahalli,Frazer Town,,,Driver is not moving towards pickup location,Not Applicable,Not Applicable,Not Applicable,2019,Not Applicable,0,,
2024-07-07 21:28:00,CNR9678243805,Success,CID779698,Prime Plus,Bellandur,Kengeri,98.0,115.0,Not Applicable,Not Applicable,No,Not Applicable,481,UPI,48,3.8,3.6
2024-07-09 11:58:00,CNR2064227158,Success,CID523156,Auto,Richmond Town,JP Nagar,266.0,90.0,Not Applicable,Not Applicable,No,Not Applicable,994,Cash,4,4.2,4.2
2024-07-21 12:39:00,CNR9808880747,Driver Not Found,CID305705,Auto,Yeshwanthpur,Richmond Town,,,Not Applicable,Not Applicable,Not Applicable,Not Applicable,164,Not Applicable,0,,
2024-07-26 04:18:00,CNR2990753894,Success,CID615306,Prime SUV,Koramangala,Rajajinagar,210.0,50.0,Not Applicable,Not Applicable,No,Not Applicable,294,Cash,24,4.8,3.8
2024-07-08 20:01:00,CNR8812230528,Success,CID745848,Mini,Rajajinagar,Bannerghatta Road,105.0,35.0,Not Applicable,Not Applicable,No,Not Applicable,117,UPI,26,3.8,3.4
2024-07-15 16:42:00,CNR4058367996,Driver Not Found,CID318065,eBike,Majestic,Rajarajeshwari Nagar,,,Not Applicable,Not Applicable,Not Applicable,Not Applicable,2246,Not Applicable,0,,
2024-07-24 14:06:00,CNR9316435744,Success,CID898824,Bike,Peenya,Vijayanagar,308.0,90.0,Not Applicable,Not Applicable,No,Not Applicable,191,Cash,12,4.7,3.1
2024-07-13 05:03:00,CNR5264653174,Success,CID158396,Bike,BTM Layout,Sahakar Nagar,231.0,65.0,Not Applicable,Not Applicable,No,Not Applicable,174,Cash,29,3.8,3.4
2024-07-24 08:09:00,CNR9529762627,Success,CID259691,eBike,Hulimavu,Mysore Road,154.0,110.0,Not Applicable,Not Applicable,No,Not Applicable,293,UPI,17,4.4,3.9
2024-07-03 16:52:00,CNR4146907458,Success,CID179307,eBike,Frazer Town,Ramamurthy Nagar,273.0,65.0,Not Applicable,Not Applicable,No,Not Applicable,411,Cash,23,4.6,5.0
2024-07-06 10:53:00,CNR1419784903,Canceled by Driver,CID566302,Auto,Hennur,Rajajinagar,,,Not Applicable,Customer related issue,Not Applicable,Not Applicable,108,Not Applicable,0,,
2024-07-16 21:32:00,CNR3801839568,Success,CID987933,Prime SUV,Padmanabhanagar,HSR Layout,217.0,85.0,Not Applicable,Not Applicable,No,Not Applicable,258,Credit Card,8,4.9,3.4
2024-07-22 04:48:00,CNR5449734068,Canceled by Driver,CID730096,Prime SUV,Magadi Road,Hosur Road,,,Not Applicable,Customer was coughing/sick,Not Applicable,Not Applicable,136,Not Applicable,0,,
2024-07-27 10:35:00,CNR4460873606,Canceled by Driver,CID865869,eBike,Sarjapur Road,Shantinagar,,,Not Applicable,Customer related issue,Not Applicable,Not Applicable,369,Not Applicable,0,,
2024-07-27 09:33:00,CNR1761718782,Success,CID915975,Prime Sedan,Jayanagar,KR Puram,217.0,110.0,Not Applicable,Not Applicable,No,Not Applicable,314,Cash,4,4.3,3.9
2024-07-23 07:25:00,CNR5040810633,Success,CID315602,Prime Sedan,Tumkur Road,Peenya,112.0,45.0,Not Applicable,Not Applicable,No,Not Applicable,411,UPI,13,3.4,4.8
2024-07-11 14:46:00,CNR6960404850,Success,CID621267,eBike,HSR Layout,Shivajinagar,175.0,55.0,Not Applicable,Not Applicable,No,Not Applicable,392,Credit Card,21,4.9,4.8
2024-07-27 00:37:00,CNR5274884192,Success,CID521176,Auto,Hosur Road,Rajarajeshwari Nagar,287.0,75.0,Not Applicable,Not Applicable,No,Not Applicable,890,UPI,10,3.9,3.9
2024-07-03 13:53:00,CNR1925287697,Success,CID141467,Auto,Shantinagar,MG Road,168.0,90.0,Not Applicable,Not Applicable,No,Not Applicable,215,UPI,13,3.2,3.1
2024-07-21 09:52:00,CNR9939128587,Success,CID155203,Prime Sedan,Kengeri,Peenya,287.0,90.0,Not Applicable,Not Applicable,No,Not Applicable,130,Cash,38,3.3,4.1
2024-07-29 16:51:00,CNR7639971313,Success,CID607716,Mini,Rajarajeshwari Nagar,Vijayanagar,126.0,120.0,Not Applicable,Not Applicable,No,Not Applicable,2771,UPI,48,4.5,4.2
2024-07-14 16:37:00,CNR4445681078,Success,CID488712,Prime SUV,Varthur,Padmanabhanagar,231.0,60.0,Not Applicable,Not Applicable,No,Not Applicable,129,UPI,13,4.4,3.1
2024-07-18 12:22:00,CNR9038359329,Canceled by Driver,CID420669,Prime Sedan,Yeshwanthpur,Bannerghatta Road,,,Not Applicable,Customer related issue,Not Applicable,Not Applicable,347,Not Applicable,0,,
2024-07-03 14:54:00,CNR7589845065,Success,CID192213,Prime Plus,KR Puram,Chickpet,287.0,55.0,Not Applicable,Not Applicable,No,Not Applicable,223,Cash,32,4.6,3.1
2024-07-18 03:43:00,CNR3953360808,Success,CID636588,eBike,Padmanabhanagar,Yelahanka,168.0,120.0,Not Applicable,Not Applicable,No,Not Applicable,187,Credit Card,5,3.5,3.5
2024-07-13 06:03:00,CNR6642591184,Success,CID780298,Bike,Cox Town,Jayanagar,154.0,80.0,Not Applicable,Not Applicable,No,Not Applicable,176,Credit Card,19,3.5,4.1
2024-07-30 03:05:00,CNR2946291600,Success,CID868351,Prime Sedan,Frazer Town,Hebbal,91.0,90.0,Not Applicable,Not Applicable,No,Not Applicable,474,Cash,31,4.6,4.9
2024-07-11 22:27:00,CNR1958779238,Canceled by Driver,CID629320,Auto,Bannerghatta Road,Magadi Road,,,Not Applicable,Customer was coughing/sick,Not Applicable,Not Applicable,348,Not Applicable,0,,
2024-07-24 20:26:00,CNR3176567969,Driver Not Found,CID609799,Prime SUV,Indiranagar,Tumkur Road,,,Not Applicable,Not Applicable,Not Applicable,Not Applicable,116,Not Applicable,0,,
2024-07-17 21:04:00,CNR9836703456,Success,CID281803,eBike,Kengeri,Basavanagudi,175.0,100.0,Not Applicable,Not Applicable,No,Not Applicable,1288,Cash,27,3.4,4.5
2024-07-26 11:40:00,CNR1441267978,Success,CID984711,Prime SUV,Cox Town,Peenya,42.0,25.0,Not Applicable,Not Applicable,No,Not Applicable,432,Cash,28,4.9,4.3
2024-07-20 04:42:00,CNR6135845079,Success,CID525519,Bike,Mysore Road,Jayanagar,56.0,140.0,Not Applicable,Not Applicable,No,Not Applicable,293,Cash,32,4.2,4.3
2024-07-18 07:47:00,CNR2514928353,Success,CID550157,Bike,KR Puram,Peenya,161.0,90.0,Not Applicable,Not Applicable,No,Not Applicable,1607,Cash,25,3.5,4.1
2024-07-27 18:08:00,CNR6843380850,Success,CID287219,Mini,Padmanabhanagar,Kengeri,147.0,120.0,Not Applicable,Not Applicable,No,Not Applicable,157,UPI,42,4.6,3.1
2024-07-20 06:28:00,CNR6694661555,Success,CID932671,eBike,Vijayanagar,Padmanabhanagar,147.0,35.0,Not Applicable,Not Applicable,No,Not Applicable,142,Credit Card,33,4.7,3.7
2024-07-11 21:34:00,CNR2580936976,Success,CID386606,Mini,Jayanagar,Sarjapur Road,98.0,60.0,Not Applicable,Not Applicable,No,Not Applicable,109,UPI,38,3.1,3.3
2024-07-29 09:56:00,CNR9516539184,Driver Not Found,CID110083,Bike,Ramamurthy Nagar,Malleshwaram,,,Not Applicable,Not Applicable,Not Applicable,Not Applicable,126,Not Applicable,0,,
2024-07-15 22:13:00,CNR9308087197,Success,CID312121,eBike,MG Road,Hennur,105.0,50.0,Not Applicable,Not Applicable,No,Not Applicable,812,Cash,34,4.4,3.7
2024-07-22 09:58:00,CNR5566356211,Driver Not Found,CID119361,eBike,Shantinagar,MG Road,,,Not Applicable,Not Applicable,Not Applicable,Not Applicable,451,Not Applicable,0,,
2024-07-13 08:23:00,CNR7700758590,Success,CID466395,Mini,JP Nagar,Hosur Road,168.0,35.0,Not Applicable,Not Applicable,No,Not Applicable,854,UPI,41,4.4,3.9
2024-07-16 18:34:00,CNR4716609792,Canceled by Customer,CID531671,eBike,Frazer Town,Magadi Road,,,AC is Not working,Not Applicable,Not Applicable,Not Applicable,330,Not Applicable,0,,
2024-07-08 14:24:00,CNR7296021175,Success,CID839900,Prime Sedan,RT Nagar,Rajarajeshwari Nagar,224.0,85.0,Not Applicable,Not Applicable,No,Not Applicable,687,UPI,2,3.8,3.4
2024-07-18 13:47:00,CNR4628244574,Success,CID583128,Mini,JP Nagar,Hosur Road,224.0,100.0,Not Applicable,Not Applicable,No,Not Applicable,122,UPI,32,3.1,3.6
2024-07-13 07:38:00,CNR4665336860,Canceled by Driver,CID708868,Prime Plus,Kengeri,Magadi Road,,,Not Applicable,Customer related issue,Not Applicable,Not Applicable,197,Not Applicable,0,,
2024-07-07 11:38:00,CNR7561883684,Canceled by Driver,CID942292,Bike,Majestic,Yeshwanthpur,,,Not Applicable,Personal & Car related issue,Not Applicable,Not Applicable,409,Not Applicable,0,,
2024-07-24 14:24:00,CNR1240333049,Success,CID119107,Bike,Chickpet,Padmanabhanagar,119.0,40.0,Not Applicable,Not Applicable,No,Not Applicable,620,UPI,20,4.0,4.3
2024-07-07 03:24:00,CNR6669039276,Success,CID763816,eBike,Hulimavu,Koramangala,56.0,30.0,Not Applicable,Not Applicable,No,Not Applicable,823,UPI,2,3.1,4.5
2024-07-05 06:55:00,CNR1587906646,Canceled by Customer,CID757768,Prime Plus,Banashankari,Ulsoor,,,Driver is not moving towards pickup location,Not Applicable,Not Applicable,Not Applicable,249,Not Applicable,0,,
2024-07-26 09:49:00,CNR1093303763,Success,CID860783,Bike,Koramangala,Bellandur,301.0,85.0,Not Applicable,Not Applicable,No,Not Applicable,1486,UPI,10,3.5,3.8
2024-07-16 01:52:00,CNR5473640483,Success,CID544631,Bike,Basavanagudi,Magadi Road,168.0,50.0,Not Applicable,Not Applicable,No,Not Applicable,115,Cash,45,4.6,4.6
2024-07-06 07:35:00,CNR7657406916,Success,CID619982,Mini,Yeshwanthpur,Devanahalli,42.0,70.0,Not Applicable,Not Applicable,No,Not Applicable,442,Cash,10,3.4,3.8
2024-07-26 08:00:00,CNR4068086905,Success,CID506358,Auto,Hennur,Whitefield,301.0,130.0,Not Applicable,Not Applicable,No,Not Applicable,124,UPI,11,3.6,4.6
2024-07-27 15:37:00,CNR5542143845,Success,CID166833,eBike,Indiranagar,Malleshwaram,301.0,35.0,Not Applicable,Not Applicable,No,Not Applicable,133,UPI,41,4.1,3.0
2024-07-28 23:05:00,CNR4661544610,Success,CID690991,Bike,Bannerghatta Road,Kammanahalli,182.0,75.0,Not Applicable,Not Applicable,Yes,Vehicle Breakdown,304,Debit Card,7,3.9,4.8
2024-07-02 21:47:00,CNR6084607139,Canceled by Driver,CID187075,Auto,Marathahalli,RT Nagar,,,Not Applicable,Personal & Car related issue,Not Applicable,Not Applicable,295,Not Applicable,0,,
2024-07-13 15:48:00,CNR4529525729,Canceled by Driver,CID212282,Auto,Kadugodi,Peenya,,,Not Applicable,Customer was coughing/sick,Not Applicable,Not Applicable,352,Not Applicable,0,,
2024-07-25 19:55:00,CNR8673113098,Driver Not Found,CID896392,Mini,BTM Layout,Langford Town,,,Not Applicable,Not Applicable,Not Applicable,Not Applicable,220,Not Applicable,0,,
2024-07-02 15:20:00,CNR6287870492,Success,CID439681,Prime Plus,Hebbal,Rajarajeshwari Nagar,266.0,50.0,Not Applicable,Not Applicable,No,Not Applicable,481,Cash,32,5.0,4.0
2024-07-28 01:24:00,CNR2278957396,Success,CID202777,Bike,JP Nagar,Magadi Road,217.0,100.0,Not Applicable,Not Applicable,No,Not Applicable,186,UPI,16,3.1,3.8
2024-07-10 23:30:00,CNR1001178930,Success,CID798730,Bike,RT Nagar,Mysore Road,182.0,50.0,Not Applicable,Not Applicable,No,Not Applicable,2534,Cash,9,3.4,3.7
2024-07-08 07:42:00,CNR3768233232,Canceled by Driver,CID353059,eBike,Mysore Road,HSR Layout,,,Not Applicable,Personal & Car related issue,Not Applicable,Not Applicable,643,Not Applicable,0,,
2024-07-15 14:04:00,CNR5866903305,Canceled by Driver,CID370936,Mini,Majestic,Basavanagudi,,,Not Applicable,Personal & Car related issue,Not Applicable,Not Applicable,423,Not Applicable,0,,
2024-07-14 13:18:00,CNR3440999736,Canceled by Customer,CID813141,Prime Plus,Rajajinagar,Rajajinagar,,,Driver is not moving towards pickup location,Not Applicable,Not Applicable,Not Applicable,146,Not Applicable,0,,
2024-07-14 21:52:00,CNR6011147972,Canceled by Customer,CID817660,Prime Sedan,JP Nagar,Shantinagar,,,Driver asked to cancel,Not Applicable,Not Applicable,Not Applicable,970,Not Applicable,0,,
2024-07-15 01:40:00,CNR6542009632,Success,CID177598,Prime Plus,Rajajinagar,Banashankari,217.0,100.0,Not Applicable,Not Applicable,No,Not Applicable,504,Cash,9,3.8,3.2
2024-07-20 07:13:00,CNR1290762896,Canceled by Customer,CID993584,Prime Plus,Bannerghatta Road,Marathahalli,,,Driver asked to cancel,Not Applicable,Not Applicable,Not Applicable,220,Not Applicable,0,,
2024-07-07 18:17:00,CNR7157256326,Success,CID929527,Auto,Rajarajeshwari Nagar,Malleshwaram,273.0,90.0,Not Applicable,Not Applicable,No,Not Applicable,939,Cash,6,3.4,4.8
2024-07-03 09:47:00,CNR7987022151,Driver Not Found,CID561400,Prime SUV,Shivajinagar,Kadugodi,,,Not Applicable,Not Applicable,Not Applicable,Not Applicable,424,Not Applicable,0,,
2024-07-19 21:45:00,CNR5730023880,Success,CID654844,Bike,Shantinagar,Sarjapur Road,224.0,110.0,Not Applicable,Not Applicable,No,Not Applicable,263,Cash,16,3.4,4.9
2024-07-12 21:56:00,CNR1606189082,Canceled by Driver,CID436944,Auto,Majestic,Frazer Town,,,Not Applicable,Customer was coughing/sick,Not Applicable,Not Applicable,609,Not Applicable,0,,
2024-07-09 00:32:00,CNR6744916294,Success,CID889725,Prime Sedan,Chickpet,Ulsoor,238.0,100.0,Not Applicable,Not Applicable,No,Not Applicable,242,UPI,21,3.5,4.6
2024-07-13 18:41:00,CNR8717140819,Success,CID156755,Auto,Rajajinagar,Sarjapur Road,140.0,95.0,Not Applicable,Not Applicable,No,Not Applicable,207,UPI,19,4.8,3.0
2024-07-21 04:01:00,CNR7287560901,Canceled by Driver,CID575829,Bike,Hebbal,Majestic,,,Not Applicable,Customer related issue,Not Applicable,Not Applicable,296,Not Applicable,0,,
2024-07-09 07:24:00,CNR5312885810,Driver Not Found,CID404973,eBike,Nagarbhavi,Hebbal,,,Not Applicable,Not Applicable,Not Applicable,Not Applicable,137,Not Applicable,0,,
2024-07-20 13:36:00,CNR4815450414,Canceled by Driver,CID737133,Mini,Shivajinagar,Yeshwanthpur,,,Not Applicable,Customer related issue,Not Applicable,Not Applicable,356,Not Applicable,0,,
2024-07-30 02:37:00,CNR1602533039,Success,CID591256,eBike,Frazer Town,Basavanagudi,63.0,125.0,Not Applicable,Not Applicable,No,Not Applicable,1532,Cash,25,3.4,4.4
2024-07-02 04:56:00,CNR7424675884,Canceled by Driver,CID610012,Prime SUV,Richmond Town,Kadugodi,,,Not Applicable,More than permitted people in there,Not Applicable,Not Applicable,121,Not Applicable,0,,
2024-07-28 16:20:00,CNR7691745208,Success,CID260000,Auto,Rajarajeshwari Nagar,Devanahalli,301.0,60.0,Not Applicable,Not Applicable,No,Not Applicable,275,UPI,18,4.4,4.0
2024-07-21 08:46:00,CNR4661499472,Driver Not Found,CID153488,Mini,Marathahalli,RT Nagar,,,Not Applicable,Not Applicable,Not Applicable,Not Applicable,439,Not Applicable,0,,
2024-07-05 10:31:00,CNR6020538694,Success,CID351243,Auto,Frazer Town,Whitefield,105.0,75.0,Not Applicable,Not Applicable,No,Not Applicable,160,UPI,8,4.2,3.5
2024-07-17 12:24:00,CNR1452579900,Success,CID995094,Prime Plus,Shantinagar,Chickpet,126.0,110.0,Not Applicable,Not Applicable,No,Not Applicable,385,Cash,19,4.3,3.6
2024-07-29 00:21:00,CNR9033269637,Success,CID537568,Auto,Koramangala,Chamarajpet,273.0,60.0,Not Applicable,Not Applicable,No,Not Applicable,426,Cash,15,4.9,3.1
2024-07-09 11:19:00,CNR8768139403,Success,CID199140,Prime SUV,HSR Layout,Ramamurthy Nagar,147.0,65.0,Not Applicable,Not Applicable,No,Not Applicable,477,Cash,9,3.5,3.5
2024-07-21 15:37:00,CNR2296251037,Success,CID759220,Prime SUV,Bellandur,Electronic City,224.0,60.0,Not Applicable,Not Applicable,No,Not Applicable,2978,Cash,43,4.3,4.7
2024-07-02 02:27:00,CNR7312114115,Success,CID690913,Bike,Chamarajpet,Yelahanka,224.0,145.0,Not Applicable,Not Applicable,No,Not Applicable,177,Cash,14,3.7,3.9
2024-07-29 09:59:00,CNR4993277357,Canceled by Customer,CID664780,Auto,Majestic,Richmond Town,,,Driver asked to cancel,Not Applicable,Not Applicable,Not Applicable,134,Not Applicable,0,,
2024-07-07 16:38:00,CNR7464254008,Canceled by Customer,CID818318,Bike,Varthur,Frazer Town,,,AC is Not working,Not Applicable,Not Applicable,Not Applicable,284,Not Applicable,0,,
2024-07-20 19:08:00,CNR2678381793,Success,CID212295,Prime Sedan,Langford Town,MG Road,238.0,60.0,Not Applicable,Not Applicable,No,Not Applicable,333,UPI,20,4.8,3.1
2024-07-05 15:13:00,CNR1318691173,Canceled by Customer,CID182064,Prime Plus,Marathahalli,Hosur Road,,,Driver is not moving towards pickup location,Not Applicable,Not Applicable,Not Applicable,234,Not Applicable,0,,
2024-07-27 11:58:00,CNR3036911006,Success,CID430241,Mini,Cox Town,Ramamurthy Nagar,133.0,130.0,Not Applicable,Not Applicable,No,Not Applicable,694,UPI,33,3.2,3.3
2024-07-15 09:30:00,CNR2662637402,Driver Not Found,CID244957,Prime SUV,Richmond Town,Jayanagar,,,Not Applicable,Not Applicable,Not Applicable,Not Applicable,344,Not Applicable,0,,
2024-07-06 19:39:00,CNR6209543457,Driver Not Found,CID443176,eBike,Kadugodi,Indiranagar,,,Not Applicable,Not Applicable,Not Applicable,Not Applicable,1939,Not Applicable,0,,
2024-07-08 15:33:00,CNR5427170840,Canceled by Driver,CID754140,Prime Sedan,Sahakar Nagar,Kengeri,,,Not Applicable,More than permitted people in there,Not Applicable,Not Applicable,478,Not Applicable,0,,
2024-07-11 15:20:00,CNR6489132334,Success,CID659221,Bike,Langford Town,Malleshwaram,182.0,130.0,Not Applicable,Not Applicable,No,Not Applicable,286,Cash,35,3.9,3.7
2024-07-04 08:02:00,CNR3695825198,Success,CID481492,eBike,KR Puram,Sarjapur Road,63.0,145.0,Not Applicable,Not Applicable,No,Not Applicable,583,Cash,33,4.4,3.3
2024-07-24 16:27:00,CNR3910120570,Success,CID206463,Prime SUV,Rajarajeshwari Nagar,KR Puram,217.0,40.0,Not Applicable,Not Applicable,No,Not Applicable,235,UPI,16,3.9,3.7
2024-07-15 12:05:00,CNR3556116260,Canceled by Driver,CID221219,Bike,Ramamurthy Nagar,MG Road,,,Not Applicable,Personal & Car related issue,Not Applicable,Not Applicable,876,Not Applicable,0,,
2024-07-23 09:05:00,CNR1213564372,Canceled by Customer,CID114455,eBike,Shivajinagar,Kadugodi,,,Change of plans,Not Applicable,Not Applicable,Not Applicable,402,Not Applicable,0,,
2024-07-26 01:40:00,CNR9832377164,Canceled by Driver,CID308400,eBike,Shantinagar,Mysore Road,,,Not Applicable,Personal & Car related issue,Not Applicable,Not Applicable,842,Not Applicable,0,,
2024-07-16 05:48:00,CNR5964630207,Success,CID586269,Bike,Chickpet,Bellandur,154.0,70.0,Not Applicable,Not Applicable,No,Not Applicable,183,Cash,6,4.3,4.5
2024-07-30 09:02:00,CNR7033749909,Success,CID464710,Prime Plus,Banashankari,KR Puram,189.0,110.0,Not Applicable,Not Applicable,No,Not Applicable,2544,Cash,21,3.8,4.5
2024-07-13 11:51:00,CNR8798012830,Canceled by Driver,CID971197,Prime Sedan,Malleshwaram,MG Road,,,Not Applicable,Personal & Car related issue,Not Applicable,Not Applicable,2818,Not Applicable,0,,
2024-07-14 16:39:00,CNR7640864518,Success,CID617007,Auto,Frazer Town,Magadi Road,84.0,80.0,Not Applicable,Not Applicable,No,Not Applicable,349,Cash,19,3.2,4.4
2024-07-09 02:48:00,CNR3078628014,Canceled by Driver,CID117783,Prime SUV,Ulsoor,Rajajinagar,,,Not Applicable,Customer related issue,Not Applicable,Not Applicable,283,Not Applicable,0,,
2024-07-03 12:43:00,CNR6234766044,Success,CID860890,Mini,Mysore Road,Kengeri,168.0,55.0,Not Applicable,Not Applicable,No,Not Applicable,232,Cash,12,3.5,4.1
2024-07-11 01:24:00,CNR3320227469,Success,CID612495,Prime Sedan,Yeshwanthpur,Hennur,98.0,125.0,Not Applicable,Not Applicable,No,Not Applicable,235,Cash,25,3.1,4.8
2024-07-20 02:27:00,CNR6329139597,Canceled by Customer,CID869310,Bike,Indiranagar,Majestic,,,Driver asked to cancel,Not Applicable,Not Applicable,Not Applicable,182,Not Applicable,0,,
2024-07-28 09:21:00,CNR8621149064,Canceled by Driver,CID255958,Prime SUV,Hennur,Magadi Road,,,Not Applicable,Customer was coughing/sick,Not Applicable,Not Applicable,906,Not Applicable,0,,
2024-07-17 23:17:00,CNR9965121496,Canceled by Customer,CID601943,Prime Sedan,Peenya,Indiranagar,,,Driver is not moving towards pickup location,Not Applicable,Not Applicable,Not Applicable,255,Not Applicable,0,,
2024-07-08 21:46:00,CNR4070249839,Canceled by Driver,CID662520,Prime SUV,Vijayanagar,Magadi Road,,,Not Applicable,Personal & Car related issue,Not Applicable,Not Applicable,134,Not Applicable,0,,
2024-07-22 04:45:00,CNR4537266035,Driver Not Found,CID813097,Prime Plus,Ulsoor,Rajajinagar,,,Not Applicable,Not Applicable,Not Applicable,Not Applicable,300,Not Applicable,0,,
2024-07-28 05:54:00,CNR3159310333,Success,CID311935,Bike,Langford Town,HSR Layout,280.0,105.0,Not Applicable,Not Applicable,Yes,Vehicle Breakdown,432,Cash,5,3.7,3.5
2024-07-21 00:51:00,CNR5637642976,Canceled by Driver,CID201326,Bike,Kengeri,HSR Layout,,,Not Applicable,Customer related issue,Not Applicable,Not Applicable,132,Not Applicable,0,,
2024-07-17 16:46:00,CNR1362223580,Success,CID165582,Prime Sedan,Hosur Road,Sahakar Nagar,133.0,120.0,Not Applicable,Not Applicable,No,Not Applicable,410,Cash,18,4.7,3.1
2024-07-22 21:27:00,CNR1881371041,Canceled by Driver,CID433927,Mini,Peenya,Frazer Town,,,Not Applicable,Customer was coughing/sick,Not Applicable,Not Applicable,181,Not Applicable,0,,
2024-07-30 02:23:00,CNR2668762863,Success,CID508182,eBike,Koramangala,Majestic,161.0,50.0,Not Applicable,Not Applicable,No,Not Applicable,978,Cash,35,4.1,4.4
2024-07-30 04:51:00,CNR1941572260,Canceled by Customer,CID104183,Prime Plus,Hennur,Electronic City,,,Driver is not moving towards pickup location,Not Applicable,Not Applicable,Not Applicable,819,Not Applicable,0,,
2024-07-16 01:07:00,CNR9918461374,Success,CID175762,Auto,Yeshwanthpur,Majestic,133.0,110.0,Not Applicable,Not Applicable,No,Not Applicable,895,Cash,14,4.5,3.4
2024-07-22 19:34:00,CNR6000830551,Driver Not Found,CID816741,Auto,Yeshwanthpur,Ulsoor,,,Not Applicable,Not Applicable,Not Applicable,Not Applicable,348,Not Applicable,0,,
2024-07-17 03:51:00,CNR6747970789,Success,CID616373,Prime Plus,Kammanahalli,JP Nagar,77.0,105.0,Not Applicable,Not Applicable,No,Not Applicable,147,Cash,39,3.3,3.7
2024-07-22 09:26:00,CNR7358735893,Canceled by Customer,CID512690,Prime Plus,Ramamurthy Nagar,Kadugodi,,,Change of plans,Not Applicable,Not Applicable,Not Applicable,355,Not Applicable,0,,
2024-07-17 14:00:00,CNR2206474595,Canceled by Driver,CID800487,eBike,Kammanahalli,KR Puram,,,Not Applicable,Customer was coughing/sick,Not Applicable,Not Applicable,310,Not Applicable,0,,
2024-07-25 11:44:00,CNR5701610778,Success,CID504934,Prime Sedan,Yelahanka,BTM Layout,280.0,100.0,Not Applicable,Not Applicable,No,Not Applicable,357,UPI,20,5.0,3.4
2024-07-11 03:46:00,CNR6901237157,Success,CID819378,Bike,Padmanabhanagar,KR Puram,126.0,35.0,Not Applicable,Not Applicable,No,Not Applicable,461,UPI,49,3.0,5.0
2024-07-27 00:51:00,CNR9830201742,Success,CID493917,Auto,Chickpet,Banashankari,182.0,140.0,Not Applicable,Not Applicable,No,Not Applicable,460,UPI,7,3.3,4.5
2024-07-18 05:05:00,CNR2462473089,Canceled by Driver,CID703301,Prime Plus,Jayanagar,Devanahalli,,,Not Applicable,Customer related issue,Not Applicable,Not Applicable,471,Not Applicable,0,,
2024-07-09 12:37:00,CNR1220540092,Canceled by Driver,CID893778,Prime Sedan,Chickpet,Langford Town,,,Not Applicable,Customer was coughing/sick,Not Applicable,Not Applicable,207,Not Applicable,0,,
2024-07-28 13:27:00,CNR9356184123,Canceled by Driver,CID675885,Mini,Ulsoor,Majestic,,,Not Applicable,Customer related issue,Not Applicable,Not Applicable,789,Not Applicable,0,,
2024-07-10 09:19:00,CNR6879302706,Success,CID913289,Prime SUV,Marathahalli,Kadugodi,35.0,120.0,Not Applicable,Not Applicable,No,Not Applicable,536,Cash,30,3.7,4.7
2024-07-29 22:11:00,CNR3510435365,Success,CID760829,Prime Sedan,Electronic City,Rajajinagar,56.0,135.0,Not Applicable,Not Applicable,No,Not Applicable,966,Cash,39,3.7,3.5
2024-07-11 14:36:00,CNR8956308154,Success,CID501226,Prime SUV,Ulsoor,Kadugodi,259.0,125.0,Not Applicable,Not Applicable,No,Not Applicable,440,UPI,1,4.3,3.6
2024-07-27 09:27:00,CNR6886555846,Canceled by Driver,CID534124,Mini,Shivajinagar,Hebbal,,,Not Applicable,Customer was coughing/sick,Not Applicable,Not Applicable,176,Not Applicable,0,,
2024-07-13 23:07:00,CNR6294998572,Canceled by Driver,CID293236,Prime Sedan,Marathahalli,Banashankari,,,Not Applicable,Personal & Car related issue,Not Applicable,Not Applicable,250,Not Applicable,0,,
2024-07-07 08:27:00,CNR1080369822,Success,CID180964,Auto,Kengeri,Shantinagar,154.0,125.0,Not Applicable,Not Applicable,No,Not Applicable,861,Cash,9,3.9,4.1
2024-07-26 11:18:00,CNR2035717877,Success,CID434660,Prime Sedan,Whitefield,Banashankari,56.0,100.0,Not Applicable,Not Applicable,No,Not Applicable,290,UPI,35,3.0,3.0
2024-07-04 07:44:00,CNR7922965142,Canceled by Driver,CID108967,Bike,HSR Layout,Yeshwanthpur,,,Not Applicable,Customer related issue,Not Applicable,Not Applicable,973,Not Applicable,0,,
2024-07-12 16:23:00,CNR4982590402,Driver Not Found,CID731299,Prime Plus,Banashankari,Chamarajpet,,,Not Applicable,Not Applicable,Not Applicable,Not Applicable,455,Not Applicable,0,,
2024-07-13 12:23:00,CNR8668169650,Success,CID908014,eBike,Malleshwaram,Koramangala,266.0,115.0,Not Applicable,Not Applicable,No,Not Applicable,318,Cash,8,3.4,3.8
2024-07-05 00:34:00,CNR3721166373,Success,CID816648,Prime Plus,Basavanagudi,Magadi Road,168.0,135.0,Not Applicable,Not Applicable,No,Not Applicable,398,Cash,5,3.9,3.1
2024-07-18 23:18:00,CNR5954772247,Success,CID285236,Auto,Sarjapur Road,Langford Town,140.0,85.0,Not Applicable,Not Applicable,No,Not Applicable,2725,Cash,14,4.2,4.0
2024-07-17 23:01:00,CNR6553762897,Success,CID330978,eBike,JP Nagar,Electronic City,91.0,95.0,Not Applicable,Not Applicable,No,Not Applicable,624,Credit Card,6,3.3,4.7
2024-07-13 05:44:00,CNR6348687216,Success,CID336390,Prime SUV,Chamarajpet,Indiranagar,266.0,55.0,Not Applicable,Not Applicable,No,Not Applicable,240,UPI,20,3.0,3.9
2024-07-16 05:50:00,CNR2010319067,Success,CID339638,Mini,Richmond Town,Yelahanka,231.0,115.0,Not Applicable,Not Applicable,No,Not Applicable,114,UPI,13,4.1,3.1
2024-07-20 21:45:00,CNR6689977817,Success,CID144505,eBike,HSR Layout,Basavanagudi,105.0,110.0,Not Applicable,Not Applicable,No,Not Applicable,267,UPI,5,4.4,3.4
2024-07-07 12:52:00,CNR3866901447,Canceled by Driver,CID526814,Mini,Majestic,Malleshwaram,,,Not Applicable,Customer was coughing/sick,Not Applicable,Not Applicable,190,Not Applicable,0,,
2024-07-28 22:02:00,CNR5358180466,Success,CID137617,Auto,Frazer Town,Kengeri,147.0,40.0,Not Applicable,Not Applicable,No,Not Applicable,550,Cash,9,5.0,4.1
2024-07-09 20:20:00,CNR6407608759,Canceled by Driver,CID802472,eBike,Richmond Town,Whitefield,,,Not Applicable,Customer related issue,Not Applicable,Not Applicable,376,Not Applicable,0,,
2024-07-11 22:21:00,CNR9177676940,Success,CID479692,Prime SUV,Frazer Town,Richmond Town,259.0,60.0,Not Applicable,Not Applicable,No,Not Applicable,319,UPI,44,4.3,3.6
2024-07-27 07:27:00,CNR2742320036,Driver Not Found,CID636793,Mini,KR Puram,KR Puram,,,Not Applicable,Not Applicable,Not Applicable,Not Applicable,934,Not Applicable,0,,
2024-07-09 02:25:00,CNR7709447684,Success,CID667160,Prime Plus,Bannerghatta Road,Ulsoor,147.0,30.0,Not Applicable,Not Applicable,No,Not Applicable,667,UPI,41,4.7,3.7
2024-07-27 15:28:00,CNR2479900669,Canceled by Driver,CID386015,Mini,Tumkur Road,BTM Layout,,,Not Applicable,Personal & Car related issue,Not Applicable,Not Applicable,2190,Not Applicable,0,,
2024-07-07 00:00:00,CNR4319587363,Success,CID907438,Prime Sedan,KR Puram,Shivajinagar,252.0,60.0,Not Applicable,Not Applicable,No,Not Applicable,440,UPI,40,3.4,4.5
2024-07-11 01:35:00,CNR3656915749,Success,CID663464,Prime SUV,HSR Layout,BTM Layout,231.0,40.0,Not Applicable,Not Applicable,No,Not Applicable,235,Cash,5,4.9,4.6
2024-07-18 09:27:00,CNR2608089894,Canceled by Driver,CID290514,Prime Sedan,Whitefield,Rajarajeshwari Nagar,,,Not Applicable,Customer related issue,Not Applicable,Not Applicable,1253,Not Applicable,0,,
2024-07-04 13:17:00,CNR7922131161,Success,CID561366,Bike,Ramamurthy Nagar,Kengeri,301.0,100.0,Not Applicable,Not Applicable,No,Not Applicable,222,UPI,5,3.4,3.2
2024-07-26 09:20:00,CNR8679798280,Canceled by Driver,CID118944,Prime Plus,Shivajinagar,Bellandur,,,Not Applicable,Customer related issue,Not Applicable,Not Applicable,414,Not Applicable,0,,
2024-07-09 12:11:00,CNR4383403953,Success,CID671353,Bike,Whitefield,Rajarajeshwari Nagar,112.0,50.0,Not Applicable,Not Applicable,No,Not Applicable,1963,Cash,49,4.6,4.5
2024-07-24 22:49:00,CNR9350560428,Success,CID361017,Bike,Frazer Town,Marathahalli,308.0,55.0,Not Applicable,Not Applicable,Yes,Customer Demand,360,UPI,29,3.6,4.3
2024-07-27 23:58:00,CNR7057215649,Success,CID896324,Prime Sedan,Shivajinagar,MG Road,161.0,25.0,Not Applicable,Not Applicable,No,Not Applicable,142,UPI,46,3.2,3.9
2024-07-12 05:23:00,CNR3144693005,Canceled by Customer,CID236012,Bike,Sarjapur Road,Banashankari,,,Driver asked to cancel,Not Applicable,Not Applicable,Not Applicable,606,Not Applicable,0,,
2024-07-06 18:37:00,CNR3555874221,Success,CID148863,Mini,Langford Town,Tumkur Road,56.0,135.0,Not Applicable,Not Applicable,No,Not Applicable,145,UPI,15,3.7,4.8
2024-07-02 11:34:00,CNR2942867884,Success,CID297242,Prime Plus,Basavanagudi,Hennur,203.0,120.0,Not Applicable,Not Applicable,Yes,Customer Demand,441,UPI,21,3.4,4.6
2024-07-27 02:47:00,CNR2869847011,Success,CID546030,eBike,Bannerghatta Road,Yeshwanthpur,161.0,110.0,Not Applicable,Not Applicable,No,Not Applicable,165,UPI,28,4.5,3.5
2024-07-01 21:41:00,CNR9325734165,Success,CID815469,Prime Plus,Richmond Town,Shantinagar,287.0,75.0,Not Applicable,Not Applicable,No,Not Applicable,2117,UPI,6,4.8,4.0
2024-07-14 04:02:00,CNR2878413546,Canceled by Driver,CID747600,Prime Plus,Yeshwanthpur,Yeshwanthpur,,,Not Applicable,Customer related issue,Not Applicable,Not Applicable,251,Not Applicable,0,,
2024-07-15 07:26:00,CNR7428313455,Driver Not Found,CID666428,Auto,Frazer Town,Cox Town,,,Not Applicable,Not Applicable,Not Applicable,Not Applicable,891,Not Applicable,0,,
2024-07-04 04:23:00,CNR8523837339,Canceled by Customer,CID178056,Prime Sedan,HSR Layout,Kengeri,,,Driver asked to cancel,Not Applicable,Not Applicable,Not Applicable,108,Not Applicable,0,,
2024-07-17 10:22:00,CNR5375626356,Success,CID431759,Prime Plus,Langford Town,Rajajinagar,189.0,55.0,Not Applicable,Not Applicable,No,Not Applicable,216,UPI,7,4.9,3.0
2024-07-23 08:25:00,CNR7094165740,Canceled by Driver,CID943506,Mini,Ulsoor,Bannerghatta Road,,,Not Applicable,Customer related issue,Not Applicable,Not Applicable,698,Not Applicable,0,,
2024-07-30 01:30:00,CNR6137632615,Success,CID701334,Prime Plus,RT Nagar,Vijayanagar,42.0,45.0,Not Applicable,Not Applicable,No,Not Applicable,667,UPI,24,4.7,4.8
2024-07-06 22:01:00,CNR1773838701,Canceled by Driver,CID141337,Mini,Hulimavu,Kammanahalli,,,Not Applicable,Personal & Car related issue,Not Applicable,Not Applicable,2850,Not Applicable,0,,
2024-07-10 19:41:00,CNR8602166193,Canceled by Driver,CID210099,eBike,Peenya,Rajajinagar,,,Not Applicable,Personal & Car related issue,Not Applicable,Not Applicable,227,Not Applicable,0,,
2024-07-11 05:20:00,CNR2970452550,Success,CID322710,Bike,Tumkur Road,Malleshwaram,273.0,60.0,Not Applicable,Not Applicable,No,Not Applicable,440,Credit Card,32,3.1,4.0
2024-07-26 08:56:00,CNR5168688113,Success,CID450396,Bike,Varthur,Bannerghatta Road,189.0,85.0,Not Applicable,Not Applicable,No,Not Applicable,949,UPI,20,3.9,3.9
2024-07-21 16:28:00,CNR9996110429,Success,CID308378,Mini,Sarjapur Road,RT Nagar,42.0,25.0,Not Applicable,Not Applicable,No,Not Applicable,417,UPI,22,3.2,4.1
2024-07-07 20:47:00,CNR2409328031,Success,CID402812,Prime Sedan,Frazer Town,Kadugodi,63.0,80.0,Not Applicable,Not Applicable,No,Not Applicable,239,UPI,30,4.4,3.2
2024-07-26 21:00:00,CNR6463420410,Success,CID575864,eBike,Indiranagar,Bannerghatta Road,203.0,75.0,Not Applicable,Not Applicable,No,Not Applicable,305,Cash,42,4.1,4.4
2024-07-23 21:46:00,CNR8818841599,Success,CID125856,Mini,Langford Town,Ramamurthy Nagar,42.0,130.0,Not Applicable,Not Applicable,No,Not Applicable,133,UPI,25,3.3,3.1
2024-07-20 00:41:00,CNR4591577533,Canceled by Driver,CID668442,Mini,Mysore Road,Frazer Town,,,Not Applicable,Customer was coughing/sick,Not Applicable,Not Applicable,844,Not Applicable,0,,
2024-07-28 23:50:00,CNR8724727302,Success,CID616443,Auto,BTM Layout,Bannerghatta Road,161.0,70.0,Not Applicable,Not Applicable,No,Not Applicable,216,UPI,8,4.2,4.4
2024-07-14 19:46:00,CNR5631599694,Canceled by Driver,CID412289,eBike,Marathahalli,Magadi Road,,,Not Applicable,Personal & Car related issue,Not Applicable,Not Applicable,499,Not Applicable,0,,
2024-07-21 09:11:00,CNR8015694886,Canceled by Driver,CID812194,Prime Sedan,Peenya,Bellandur,,,Not Applicable,Customer was coughing/sick,Not Applicable,Not Applicable,965,Not Applicable,0,,
2024-07-29 15:02:00,CNR9369458437,Success,CID928802,Bike,Chickpet,Sarjapur Road,301.0,140.0,Not Applicable,Not Applicable,Yes,Vehicle Breakdown,381,UPI,9,3.5,4.3
2024-07-01 15:17:00,CNR7452675944,Driver Not Found,CID250411,Auto,Chamarajpet,Magadi Road,,,Not Applicable,Not Applicable,Not Applicable,Not Applicable,199,Not Applicable,0,,
2024-07-06 18:11:00,CNR4162794655,Success,CID264061,Bike,Bellandur,Hosur Road,154.0,125.0,Not Applicable,Not Applicable,No,Not Applicable,1388,Cash,36,3.4,3.5
2024-07-10 06:33:00,CNR1290515422,Canceled by Driver,CID893801,eBike,BTM Layout,Cox Town,,,Not Applicable,Personal & Car related issue,Not Applicable,Not Applicable,398,Not Applicable,0,,
2024-07-21 01:06:00,CNR4413698782,Success,CID159201,Prime Sedan,Majestic,Chamarajpet,175.0,145.0,Not Applicable,Not Applicable,No,Not Applicable,827,UPI,47,3.7,4.1
2024-07-16 05:22:00,CNR1131823320,Success,CID359793,Mini,Devanahalli,Kammanahalli,98.0,90.0,Not Applicable,Not Applicable,No,Not Applicable,481,Cash,29,5.0,4.0
2024-07-09 04:07:00,CNR5487684928,Success,CID478603,Auto,KR Puram,Bannerghatta Road,238.0,115.0,Not Applicable,Not Applicable,No,Not Applicable,788,UPI,17,4.1,5.0
2024-07-05 11:02:00,CNR2343360185,Success,CID600077,Prime SUV,HSR Layout,Cox Town,231.0,75.0,Not Applicable,Not Applicable,No,Not Applicable,1003,UPI,38,3.0,4.8
2024-07-09 06:07:00,CNR9248705590,Success,CID444330,Prime SUV,Frazer Town,KR Puram,210.0,140.0,Not Applicable,Not Applicable,No,Not Applicable,347,UPI,2,3.0,4.6
2024-07-18 18:21:00,CNR9213733848,Canceled by Driver,CID224083,Auto,Malleshwaram,JP Nagar,,,Not Applicable,Personal & Car related issue,Not Applicable,Not Applicable,326,Not Applicable,0,,
2024-07-14 19:09:00,CNR9653659835,Success,CID279213,Prime SUV,Varthur,JP Nagar,217.0,60.0,Not Applicable,Not Applicable,No,Not Applicable,469,Cash,44,3.4,3.7
2024-07-24 11:46:00,CNR3439628747,Success,CID402321,Mini,Malleshwaram,Langford Town,294.0,100.0,Not Applicable,Not Applicable,No,Not Applicable,1865,UPI,34,4.2,3.2
2024-07-09 06:38:00,CNR8645314411,Success,CID579440,Auto,Bellandur,Indiranagar,42.0,65.0,Not Applicable,Not Applicable,No,Not Applicable,638,UPI,14,4.3,4.0
2024-07-01 01:22:00,CNR9896614141,Success,CID331802,Mini,Langford Town,Banashankari,210.0,55.0,Not Applicable,Not Applicable,No,Not Applicable,264,Cash,45,3.7,3.5
2024-07-01 21:56:00,CNR3267968437,Success,CID135746,Prime SUV,RT Nagar,BTM Layout,133.0,35.0,Not Applicable,Not Applicable,Yes,Other Issue,144,UPI,49,5.0,3.4
2024-07-29 04:22:00,CNR2215960634,Success,CID581480,Mini,Shantinagar,Nagarbhavi,175.0,115.0,Not Applicable,Not Applicable,No,Not Applicable,938,UPI,47,4.4,4.6
2024-07-14 19:48:00,CNR2179397794,Success,CID991891,Mini,Devanahalli,RT Nagar,49.0,45.0,Not Applicable,Not Applicable,No,Not Applicable,146,Cash,13,3.0,3.2
2024-07-10 23:45:00,CNR4324400208,Success,CID129027,eBike,Shivajinagar,Basavanagudi,84.0,100.0,Not Applicable,Not Applicable,Yes,Other Issue,288,UPI,12,4.4,3.4
2024-07-10 21:30:00,CNR3680197623,Success,CID713799,Prime SUV,HSR Layout,Yeshwanthpur,266.0,105.0,Not Applicable,Not Applicable,No,Not Applicable,100,Cash,39,3.5,4.8
2024-07-22 22:26:00,CNR3920922781,Success,CID446296,Prime SUV,KR Puram,Varthur,56.0,125.0,Not Applicable,Not Applicable,No,Not Applicable,365,UPI,42,3.1,3.3
2024-07-03 21:19:00,CNR4634635477,Success,CID829661,Mini,Bannerghatta Road,Rajajinagar,273.0,60.0,Not Applicable,Not Applicable,No,Not Applicable,237,Cash,35,3.8,4.9
2024-07-18 13:20:00,CNR7171694387,Driver Not Found,CID198325,Prime Plus,Jayanagar,Peenya,,,Not Applicable,Not Applicable,Not Applicable,Not Applicable,963,Not Applicable,0,,
2024-07-01 19:26:00,CNR8596436126,Canceled by Driver,CID242630,Auto,Electronic City,Jayanagar,,,Not Applicable,Personal & Car related issue,Not Applicable,Not Applicable,297,Not Applicable,0,,
2024-07-13 12:48:00,CNR1170485099,Canceled by Driver,CID396734,Bike,Richmond Town,Hennur,,,Not Applicable,Personal & Car related issue,Not Applicable,Not Applicable,173,Not Applicable,0,,
2024-07-10 19:27:00,CNR8553105426,Driver Not Found,CID449730,eBike,Frazer Town,KR Puram,,,Not Applicable,Not Applicable,Not Applicable,Not Applicable,415,Not Applicable,0,,
2024-07-04 20:16:00,CNR1126911577,Success,CID510592,eBike,Hebbal,RT Nagar,175.0,110.0,Not Applicable,Not Applicable,No,Not Applicable,776,Cash,7,4.4,3.6
2024-07-16 20:02:00,CNR2569927877,Canceled by Customer,CID910091,Prime Sedan,Shantinagar,Sarjapur Road,,,AC is Not working,Not Applicable,Not Applicable,Not Applicable,210,Not Applicable,0,,
2024-07-24 10:58:00,CNR3790926603,Canceled by Driver,CID677878,Mini,Chamarajpet,Magadi Road,,,Not Applicable,More than permitted people in there,Not Applicable,Not Applicable,205,Not Applicable,0,,
2024-07-01 23:51:00,CNR6595580555,Success,CID244392,Prime Plus,Cox Town,Varthur,77.0,100.0,Not Applicable,Not Applicable,No,Not Applicable,453,Credit Card,13,4.9,3.4
2024-07-30 04:53:00,CNR1254747478,Driver Not Found,CID450551,Auto,Vijayanagar,Peenya,,,Not Applicable,Not Applicable,Not Applicable,Not Applicable,935,Not Applicable,0,,
2024-07-13 17:41:00,CNR3378801937,Success,CID625300,Prime Sedan,Yeshwanthpur,Yeshwanthpur,119.0,60.0,Not Applicable,Not Applicable,No,Not Applicable,438,Cash,42,4.8,5.0
2024-07-07 10:29:00,CNR7028085862,Success,CID988925,eBike,Shantinagar,Jayanagar,133.0,120.0,Not Applicable,Not Applicable,No,Not Applicable,755,UPI,14,4.6,3.4
2024-07-12 11:16:00,CNR3800740178,Success,CID544543,Prime Plus,Langford Town,Sahakar Nagar,224.0,35.0,Not Applicable,Not Applicable,No,Not Applicable,399,Cash,30,4.8,3.0
2024-07-01 04:17:00,CNR8370338630,Success,CID289728,Prime Plus,Yelahanka,Cox Town,259.0,65.0,Not Applicable,Not Applicable,No,Not Applicable,386,Cash,10,4.3,4.1
2024-07-28 21:45:00,CNR6001465827,Driver Not Found,CID971876,Auto,Malleshwaram,Sahakar Nagar,,,Not Applicable,Not Applicable,Not Applicable,Not Applicable,914,Not Applicable,0,,
2024-07-18 19:33:00,CNR1012603979,Success,CID885685,Prime Plus,RT Nagar,Hulimavu,140.0,90.0,Not Applicable,Not Applicable,No,Not Applicable,149,Cash,14,3.5,3.2
2024-07-30 07:02:00,CNR2362377968,Canceled by Customer,CID394406,Prime Plus,Bellandur,HSR Layout,,,Change of plans,Not Applicable,Not Applicable,Not Applicable,750,Not Applicable,0,,
2024-07-14 07:07:00,CNR1768705840,Canceled by Customer,CID491925,Prime Sedan,Kadugodi,Kammanahalli,,,Driver is not moving towards pickup location,Not Applicable,Not Applicable,Not Applicable,468,Not Applicable,0,,
2024-07-10 13:27:00,CNR2516826548,Success,CID328848,Prime Plus,Kadugodi,Langford Town,70.0,105.0,Not Applicable,Not Applicable,No,Not Applicable,670,Cash,14,5.0,4.7
2024-07-05 00:10:00,CNR2291997004,Success,CID634966,Mini,Magadi Road,Kengeri,56.0,50.0,Not Applicable,Not Applicable,No,Not Applicable,552,Cash,40,4.6,4.1
2024-07-26 01:43:00,CNR8309080967,Canceled by Customer,CID167524,Bike,RT Nagar,Ulsoor,,,Driver is not moving towards pickup location,Not Applicable,Not Applicable,Not Applicable,2575,Not Applicable,0,,
2024-07-08 23:01:00,CNR3099586968,Success,CID689608,Prime SUV,Electronic City,Cox Town,63.0,80.0,Not Applicable,Not Applicable,No,Not Applicable,270,UPI,38,3.1,3.9
2024-07-15 12:29:00,CNR2915161059,Success,CID971953,Prime Plus,Kammanahalli,Ulsoor,217.0,55.0,Not Applicable,Not Applicable,No,Not Applicable,778,Cash,38,3.3,4.3
2024-07-19 18:44:00,CNR4773130814,Canceled by Driver,CID538686,Auto,Richmond Town,Shantinagar,,,Not Applicable,Customer was coughing/sick,Not Applicable,Not Applicable,234,Not Applicable,0,,
2024-07-10 17:29:00,CNR7654072505,Driver Not Found,CID260963,Prime Sedan,Jayanagar,Shantinagar,,,Not Applicable,Not Applicable,Not Applicable,Not Applicable,959,Not Applicable,0,,
2024-07-19 02:05:00,CNR1935356958,Success,CID399322,Prime SUV,Kammanahalli,Mysore Road,308.0,65.0,Not Applicable,Not Applicable,No,Not Applicable,229,Cash,47,4.0,4.9
2024-07-14 13:23:00,CNR8225604405,Success,CID457759,Bike,Sahakar Nagar,RT Nagar,35.0,90.0,Not Applicable,Not Applicable,No,Not Applicable,264,UPI,8,3.1,4.4
2024-07-17 14:40:00,CNR9527553115,Success,CID389286,Mini,Whitefield,Magadi Road,105.0,30.0,Not Applicable,Not Applicable,No,Not Applicable,458,Cash,10,3.6,3.7
2024-07-05 01:39:00,CNR4769649583,Canceled by Driver,CID702817,Prime Sedan,Hebbal,Kadugodi,,,Not Applicable,Personal & Car related issue,Not Applicable,Not Applicable,955,Not Applicable,0,,
2024-07-21 02:54:00,CNR1072921090,Driver Not Found,CID456633,Prime Sedan,Frazer Town,Koramangala,,,Not Applicable,Not Applicable,Not Applicable,Not Applicable,466,Not Applicable,0,,
2024-07-04 11:12:00,CNR9959367051,Success,CID979194,Auto,MG Road,Rajarajeshwari Nagar,259.0,145.0,Not Applicable,Not Applicable,No,Not Applicable,153,UPI,12,4.4,3.7
2024-07-11 17:03:00,CNR6577150410,Success,CID533566,Mini,Koramangala,JP Nagar,140.0,135.0,Not Applicable,Not Applicable,No,Not Applicable,175,Cash,22,4.4,3.8
2024-07-24 08:41:00,CNR5357132874,Canceled by Customer,CID462253,Bike,Kengeri,Frazer Town,,,Driver is not moving towards pickup location,Not Applicable,Not Applicable,Not Applicable,1896,Not Applicable,0,,
2024-07-25 01:53:00,CNR6578391311,Success,CID796699,Bike,Ulsoor,Rajarajeshwari Nagar,49.0,30.0,Not Applicable,Not Applicable,No,Not Applicable,449,Cash,6,4.0,4.3
2024-07-09 08:05:00,CNR6122462587,Success,CID165671,Prime SUV,Hulimavu,Ulsoor,161.0,80.0,Not Applicable,Not Applicable,No,Not Applicable,257,Cash,21,4.8,4.0
2024-07-22 10:07:00,CNR8643113341,Success,CID838322,Auto,Indiranagar,Koramangala,280.0,130.0,Not Applicable,Not Applicable,No,Not Applicable,239,Credit Card,8,3.6,3.5
2024-07-01 15:37:00,CNR9353977797,Success,CID483384,Prime Plus,Indiranagar,Mysore Road,224.0,60.0,Not Applicable,Not Applicable,No,Not Applicable,939,Cash,45,4.0,4.7
2024-07-22 06:37:00,CNR9643324339,Success,CID424882,eBike,BTM Layout,Basavanagudi,287.0,50.0,Not Applicable,Not Applicable,No,Not Applicable,2786,Cash,41,4.5,4.5
2024-07-30 22:15:00,CNR6129237312,Driver Not Found,CID555767,Prime SUV,Sarjapur Road,Marathahalli,,,Not Applicable,Not Applicable,Not Applicable,Not Applicable,266,Not Applicable,0,,
2024-07-28 23:19:00,CNR6980281855,Success,CID442951,Auto,Magadi Road,Chickpet,147.0,115.0,Not Applicable,Not Applicable,No,Not Applicable,499,UPI,2,3.5,4.4
2024-07-17 08:50:00,CNR8396294239,Success,CID363364,Prime Sedan,Bellandur,Jayanagar,56.0,35.0,Not Applicable,Not Applicable,No,Not Applicable,457,Cash,29,3.2,4.8
2024-07-15 03:55:00,CNR3388751713,Canceled by Driver,CID873250,eBike,Chamarajpet,Cox Town,,,Not Applicable,Personal & Car related issue,Not Applicable,Not Applicable,2322,Not Applicable,0,,
2024-07-17 17:31:00,CNR6893609082,Success,CID200212,Bike,Varthur,Banashankari,273.0,80.0,Not Applicable,Not Applicable,No,Not Applicable,531,Cash,45,3.4,4.0
2024-07-22 21:46:00,CNR4264109428,Driver Not Found,CID189566,eBike,Chamarajpet,Langford Town,,,Not Applicable,Not Applicable,Not Applicable,Not Applicable,2824,Not Applicable,0,,
2024-07-25 00:46:00,CNR6667080755,Success,CID460198,Bike,Devanahalli,Rajajinagar,196.0,110.0,Not Applicable,Not Applicable,No,Not Applicable,153,Cash,24,3.1,3.7
2024-07-21 06:20:00,CNR8161878554,Canceled by Customer,CID952367,Prime SUV,Yelahanka,Peenya,,,Driver asked to cancel,Not Applicable,Not Applicable,Not Applicable,444,Not Applicable,0,,
2024-07-27 02:46:00,CNR3142069580,Driver Not Found,CID602014,Auto,Ramamurthy Nagar,RT Nagar,,,Not Applicable,Not Applicable,Not Applicable,Not Applicable,863,Not Applicable,0,,
2024-07-02 23:51:00,CNR7338276369,Canceled by Customer,CID703756,eBike,Indiranagar,Indiranagar,,,Driver is not moving towards pickup location,Not Applicable,Not Applicable,Not Applicable,357,Not Applicable,0,,
2024-07-24 23:45:00,CNR2039468472,Success,CID991744,Prime Sedan,Hennur,Chamarajpet,63.0,60.0,Not Applicable,Not Applicable,No,Not Applicable,234,Cash,36,4.5,3.5
2024-07-26 08:31:00,CNR1616465395,Canceled by Driver,CID956109,Mini,Sarjapur Road,Indiranagar,,,Not Applicable,Personal & Car related issue,Not Applicable,Not Applicable,486,Not Applicable,0,,
2024-07-19 14:47:00,CNR2516568033,Success,CID744370,eBike,Sarjapur Road,Richmond Town,98.0,95.0,Not Applicable,Not Applicable,No,Not Applicable,364,UPI,48,4.4,4.7
2024-07-19 18:35:00,CNR5955582158,Success,CID104904,Mini,Varthur,Basavanagudi,133.0,90.0,Not Applicable,Not Applicable,No,Not Applicable,964,UPI,1,3.7,3.4
2024-07-18 04:27:00,CNR3065504816,Canceled by Customer,CID548434,Auto,Majestic,Indiranagar,,,Change of plans,Not Applicable,Not Applicable,Not Applicable,421,Not Applicable,0,,
2024-07-11 23:04:00,CNR6435027297,Success,CID333392,Prime SUV,Jayanagar,KR Puram,308.0,85.0,Not Applicable,Not Applicable,No,Not Applicable,248,UPI,17,4.2,3.9
2024-07-08 09:03:00,CNR2044746066,Success,CID906395,Prime Plus,Peenya,Banashankari,49.0,75.0,Not Applicable,Not Applicable,No,Not Applicable,1466,UPI,22,3.6,3.3
2024-07-09 17:55:00,CNR8775594223,Success,CID821646,Prime SUV,Ulsoor,Kammanahalli,112.0,50.0,Not Applicable,Not Applicable,No,Not Applicable,771,Cash,30,3.2,4.3
2024-07-04 20:54:00,CNR1179554701,Driver Not Found,CID653093,Mini,Vijayanagar,Basavanagudi,,,Not Applicable,Not Applicable,Not Applicable,Not Applicable,256,Not Applicable,0,,
2024-07-05 08:00:00,CNR9775224592,Success,CID469698,Prime SUV,HSR Layout,Banashankari,49.0,105.0,Not Applicable,Not Applicable,No,Not Applicable,159,UPI,48,4.5,4.4
2024-07-06 13:00:00,CNR5522544600,Success,CID698137,Mini,MG Road,Hulimavu,126.0,30.0,Not Applicable,Not Applicable,No,Not Applicable,487,Cash,40,3.3,3.5
2024-07-17 19:45:00,CNR3619607231,Success,CID700935,Prime Sedan,Ramamurthy Nagar,Yelahanka,245.0,55.0,Not Applicable,Not Applicable,No,Not Applicable,308,Cash,18,4.7,3.6
2024-07-01 05:12:00,CNR1980255810,Success,CID449823,Auto,Peenya,Rajajinagar,210.0,45.0,Not Applicable,Not Applicable,No,Not Applicable,774,UPI,4,3.5,3.6
2024-07-13 11:42:00,CNR8101241012,Canceled by Customer,CID343009,Auto,Ramamurthy Nagar,Hebbal,,,Change of plans,Not Applicable,Not Applicable,Not Applicable,127,Not Applicable,0,,
2024-07-06 01:23:00,CNR4405852246,Success,CID348884,Mini,Magadi Road,Tumkur Road,287.0,140.0,Not Applicable,Not Applicable,No,Not Applicable,2669,UPI,48,4.9,3.6
2024-07-22 01:29:00,CNR6402685774,Success,CID463274,Auto,Yelahanka,HSR Layout,56.0,140.0,Not Applicable,Not Applicable,No,Not Applicable,140,UPI,3,5.0,3.9
2024-07-19 13:50:00,CNR5504084570,Success,CID325650,Prime SUV,Magadi Road,KR Puram,294.0,60.0,Not Applicable,Not Applicable,No,Not Applicable,857,Cash,21,4.9,5.0
2024-07-10 16:43:00,CNR1794161842,Canceled by Driver,CID662369,Prime SUV,Chickpet,Hennur,,,Not Applicable,Customer was coughing/sick,Not Applicable,Not Applicable,496,Not Applicable,0,,
2024-07-21 03:06:00,CNR4805339436,Canceled by Driver,CID271973,Auto,Hulimavu,Ulsoor,,,Not Applicable,Customer related issue,Not Applicable,Not Applicable,372,Not Applicable,0,,
2024-07-07 06:50:00,CNR9008068794,Success,CID931822,Auto,KR Puram,Banashankari,168.0,75.0,Not Applicable,Not Applicable,No,Not Applicable,1591,UPI,6,4.2,3.1
2024-07-14 18:29:00,CNR1266198055,Success,CID156621,Bike,BTM Layout,Jayanagar,294.0,40.0,Not Applicable,Not Applicable,No,Not Applicable,205,Cash,36,3.8,4.6
2024-07-04 18:18:00,CNR2898963779,Success,CID551229,Bike,Ramamurthy Nagar,Jayanagar,175.0,120.0,Not Applicable,Not Applicable,Yes,Customer Demand,332,Cash,35,3.5,3.7
2024-07-09 18:47:00,CNR8977054778,Canceled by Driver,CID456070,Mini,Rajarajeshwari Nagar,Malleshwaram,,,Not Applicable,Customer related issue,Not Applicable,Not Applicable,259,Not Applicable,0,,
2024-07-12 20:40:00,CNR8242976859,Success,CID848466,Prime Sedan,Peenya,Chamarajpet,154.0,90.0,Not Applicable,Not Applicable,Yes,Vehicle Breakdown,330,Cash,19,3.5,4.5
2024-07-07 05:54:00,CNR1568498705,Success,CID296676,Bike,Vijayanagar,Kadugodi,273.0,140.0,Not Applicable,Not Applicable,No,Not Applicable,141,Cash,42,3.2,4.0
2024-07-19 08:28:00,CNR4781015266,Canceled by Driver,CID827441,Prime SUV,Rajajinagar,Hosur Road,,,Not Applicable,Customer was coughing/sick,Not Applicable,Not Applicable,560,Not Applicable,0,,
2024-07-30 08:52:00,CNR8789964181,Canceled by Driver,CID624043,Mini,Basavanagudi,Marathahalli,,,Not Applicable,Customer was coughing/sick,Not Applicable,Not Applicable,377,Not Applicable,0,,
2024-07-27 13:26:00,CNR6559257626,Success,CID433280,Prime SUV,Marathahalli,KR Puram,35.0,110.0,Not Applicable,Not Applicable,No,Not Applicable,173,UPI,15,4.8,4.7
2024-07-08 20:04:00,CNR2568940650,Success,CID536258,Prime Sedan,Ulsoor,Jayanagar,189.0,55.0,Not Applicable,Not Applicable,No,Not Applicable,139,Cash,8,3.3,3.3
2024-07-22 08:28:00,CNR8395948061,Success,CID159578,Auto,Indiranagar,Banashankari,35.0,60.0,Not Applicable,Not Applicable,No,Not Applicable,393,Cash,16,4.6,4.0
2024-07-09 14:21:00,CNR8052797504,Success,CID772856,Bike,Vijayanagar,Langford Town,287.0,35.0,Not Applicable,Not Applicable,No,Not Applicable,341,UPI,39,4.1,5.0
2024-07-21 05:53:00,CNR4209773456,Canceled by Customer,CID946636,Auto,Whitefield,Devanahalli,,,Driver is not moving towards pickup location,Not Applicable,Not Applicable,Not Applicable,251,Not Applicable,0,,
2024-07-08 07:45:00,CNR5681706069,Success,CID777341,Bike,Shivajinagar,Bellandur,126.0,75.0,Not Applicable,Not Applicable,No,Not Applicable,115,Credit Card,12,3.6,4.6
2024-07-19 14:40:00,CNR6840206953,Success,CID704191,Prime Sedan,Marathahalli,Electronic City,154.0,45.0,Not Applicable,Not Applicable,No,Not Applicable,1333,Cash,19,4.2,4.8
2024-07-19 06:32:00,CNR3892547983,Success,CID880260,Mini,Yelahanka,Hulimavu,154.0,120.0,Not Applicable,Not Applicable,No,Not Applicable,347,UPI,43,3.7,3.1
2024-07-10 09:08:00,CNR2751102562,Success,CID610306,Prime Sedan,Hulimavu,Langford Town,154.0,130.0,Not Applicable,Not Applicable,No,Not Applicable,952,Cash,14,4.2,4.1
2024-07-23 07:57:00,CNR1220524797,Success,CID560259,Mini,Bellandur,Padmanabhanagar,203.0,75.0,Not Applicable,Not Applicable,No,Not Applicable,198,Cash,28,4.9,4.8
2024-07-20 23:51:00,CNR3862731925,Success,CID724990,Auto,Indiranagar,Electronic City,210.0,105.0,Not Applicable,Not Applicable,No,Not Applicable,146,UPI,13,3.2,3.5
2024-07-12 08:42:00,CNR5400834774,Success,CID837075,Prime SUV,Koramangala,Magadi Road,266.0,35.0,Not Applicable,Not Applicable,No,Not Applicable,206,Cash,28,4.3,3.7
2024-07-30 02:59:00,CNR6497332622,Success,CID717107,eBike,MG Road,Vijayanagar,301.0,110.0,Not Applicable,Not Applicable,No,Not Applicable,298,UPI,48,4.9,3.7
2024-07-20 04:00:00,CNR6902155750,Success,CID142363,Prime SUV,Hebbal,Koramangala,259.0,30.0,Not Applicable,Not Applicable,No,Not Applicable,107,Cash,47,4.5,3.9
2024-07-04 01:29:00,CNR1066709917,Success,CID751666,Auto,Jayanagar,Jayanagar,224.0,130.0,Not Applicable,Not Applicable,No,Not Applicable,357,Cash,2,4.6,3.1
2024-07-21 18:44:00,CNR6846832507,Success,CID312140,Prime Sedan,Bannerghatta Road,Rajajinagar,119.0,115.0,Not Applicable,Not Applicable,Yes,Customer Demand,704,UPI,6,3.3,3.1
2024-07-29 03:04:00,CNR5257591882,Driver Not Found,CID430416,Prime Sedan,Frazer Town,Shantinagar,,,Not Applicable,Not Applicable,Not Applicable,Not Applicable,323,Not Applicable,0,,
2024-07-30 16:25:00,CNR5464582304,Canceled by Customer,CID270267,Mini,Hulimavu,Hosur Road,,,Change of plans,Not Applicable,Not Applicable,Not Applicable,211,Not Applicable,0,,
2024-07-21 09:01:00,CNR5421672749,Success,CID566789,eBike,Shivajinagar,RT Nagar,259.0,65.0,Not Applicable,Not Applicable,No,Not Applicable,534,UPI,26,4.8,3.6
2024-07-16 20:22:00,CNR5944346384,Success,CID213749,Auto,Chickpet,Tumkur Road,287.0,105.0,Not Applicable,Not Applicable,No,Not Applicable,652,Cash,3,3.7,3.6
2024-07-09 13:32:00,CNR9002403470,Success,CID991067,Mini,JP Nagar,Malleshwaram,266.0,70.0,Not Applicable,Not Applicable,No,Not Applicable,257,UPI,42,3.3,4.5
2024-07-09 00:25:00,CNR4305151612,Success,CID582620,Prime SUV,Vijayanagar,Devanahalli,133.0,130.0,Not Applicable,Not Applicable,No,Not Applicable,264,Cash,23,3.2,3.8
2024-07-12 07:48:00,CNR3832747831,Success,CID598306,Bike,Hulimavu,JP Nagar,245.0,70.0,Not Applicable,Not Applicable,No,Not Applicable,182,UPI,38,4.1,3.1
2024-07-20 07:28:00,CNR5889919264,Success,CID965221,Prime Plus,Yeshwanthpur,Koramangala,126.0,95.0,Not Applicable,Not Applicable,No,Not Applicable,341,Cash,13,4.5,3.5
2024-07-28 22:52:00,CNR3681109751,Success,CID186234,Auto,Hennur,Shivajinagar,259.0,105.0,Not Applicable,Not Applicable,No,Not Applicable,418,UPI,2,3.5,4.3
2024-07-04 03:00:00,CNR1821718753,Success,CID807458,Auto,Nagarbhavi,Electronic City,168.0,140.0,Not Applicable,Not Applicable,No,Not Applicable,2310,Cash,9,4.5,3.4
2024-07-23 05:17:00,CNR7002149124,Canceled by Customer,CID113726,Prime SUV,Vijayanagar,Basavanagudi,,,Driver asked to cancel,Not Applicable,Not Applicable,Not Applicable,581,Not Applicable,0,,
2024-07-20 01:51:00,CNR3561655970,Success,CID621293,Auto,Rajajinagar,Malleshwaram,224.0,95.0,Not Applicable,Not Applicable,No,Not Applicable,180,Cash,1,4.5,4.4
2024-07-23 12:48:00,CNR9898947451,Success,CID360018,eBike,Ulsoor,Ramamurthy Nagar,119.0,80.0,Not Applicable,Not Applicable,No,Not Applicable,407,Cash,35,4.1,3.3
2024-07-13 17:49:00,CNR4754275995,Success,CID372380,Prime SUV,Shivajinagar,Basavanagudi,63.0,50.0,Not Applicable,Not Applicable,No,Not Applicable,302,Credit Card,26,4.7,3.7
2024-07-28 14:01:00,CNR4458685428,Success,CID551211,Auto,Majestic,RT Nagar,189.0,140.0,Not Applicable,Not Applicable,No,Not Applicable,298,Cash,14,5.0,4.6
2024-07-24 06:52:00,CNR7472512850,Driver Not Found,CID835370,Bike,Peenya,Hosur Road,,,Not Applicable,Not Applicable,Not Applicable,Not Applicable,129,Not Applicable,0,,
2024-07-02 04:31:00,CNR2692916781,Canceled by Driver,CID574362,Bike,Yeshwanthpur,Shivajinagar,,,Not Applicable,More than permitted people in there,Not Applicable,Not Applicable,842,Not Applicable,0,,
2024-07-05 01:07:00,CNR3792146646,Success,CID886405,Mini,Malleshwaram,Marathahalli,203.0,40.0,Not Applicable,Not Applicable,No,Not Applicable,236,Cash,36,3.3,3.2
2024-07-30 23:18:00,CNR8128529867,Success,CID993702,Auto,Basavanagudi,Chickpet,98.0,115.0,Not Applicable,Not Applicable,No,Not Applicable,103,Cash,2,3.2,4.7
2024-07-05 01:59:00,CNR7618254100,Success,CID902626,eBike,Electronic City,Sahakar Nagar,63.0,45.0,Not Applicable,Not Applicable,No,Not Applicable,177,UPI,26,4.7,4.9
2024-07-09 02:03:00,CNR4912930392,Success,CID717772,Auto,Magadi Road,MG Road,175.0,90.0,Not Applicable,Not Applicable,No,Not Applicable,106,Cash,11,4.4,4.8
2024-07-23 17:44:00,CNR7272323484,Success,CID995436,eBike,Jayanagar,Shivajinagar,56.0,40.0,Not Applicable,Not Applicable,No,Not Applicable,493,Cash,15,3.9,4.4
2024-07-11 12:38:00,CNR6577007235,Success,CID960687,Mini,Electronic City,Hebbal,294.0,100.0,Not Applicable,Not Applicable,No,Not Applicable,434,UPI,29,4.1,3.2
2024-07-18 12:35:00,CNR9499637769,Success,CID254238,Prime Plus,Yelahanka,Hennur,252.0,95.0,Not Applicable,Not Applicable,No,Not Applicable,208,Cash,47,3.3,4.0
2024-07-14 00:34:00,CNR2773487010,Canceled by Driver,CID338905,Auto,Marathahalli,Kammanahalli,,,Not Applicable,Customer was coughing/sick,Not Applicable,Not Applicable,980,Not Applicable,0,,
2024-07-23 23:18:00,CNR4158938082,Driver Not Found,CID431885,Auto,Marathahalli,Koramangala,,,Not Applicable,Not Applicable,Not Applicable,Not Applicable,234,Not Applicable,0,,
2024-07-16 03:00:00,CNR8967689822,Success,CID962184,Prime SUV,JP Nagar,Majestic,294.0,30.0,Not Applicable,Not Applicable,No,Not Applicable,1521,UPI,47,3.9,4.4
2024-07-07 22:30:00,CNR5433292452,Success,CID739327,Bike,Indiranagar,Tumkur Road,133.0,60.0,Not Applicable,Not Applicable,No,Not Applicable,566,UPI,16,3.6,4.6
2024-07-21 02:44:00,CNR3288995384,Success,CID358283,Auto,RT Nagar,Ulsoor,112.0,115.0,Not Applicable,Not Applicable,No,Not Applicable,320,Cash,8,5.0,3.2
2024-07-21 01:29:00,CNR5280407578,Success,CID107210,Prime SUV,Bannerghatta Road,Chickpet,126.0,40.0,Not Applicable,Not Applicable,No,Not Applicable,323,UPI,9,3.4,4.0
2024-07-27 10:22:00,CNR3466065098,Canceled by Driver,CID462632,Prime Sedan,RT Nagar,Yelahanka,,,Not Applicable,Customer related issue,Not Applicable,Not Applicable,1938,Not Applicable,0,,
2024-07-17 16:03:00,CNR3971108913,Driver Not Found,CID846814,Mini,Kadugodi,Sahakar Nagar,,,Not Applicable,Not Applicable,Not Applicable,Not Applicable,2322,Not Applicable,0,,
2024-07-30 13:05:00,CNR4142708335,Success,CID717860,Auto,Ramamurthy Nagar,Kadugodi,203.0,30.0,Not Applicable,Not Applicable,No,Not Applicable,386,Cash,7,4.0,3.8
2024-07-18 01:26:00,CNR6264358201,Success,CID262114,Mini,Rajajinagar,Ulsoor,126.0,120.0,Not Applicable,Not Applicable,No,Not Applicable,305,UPI,1,4.7,4.3
2024-07-22 07:03:00,CNR2970712462,Success,CID640755,Bike,Electronic City,Kadugodi,154.0,95.0,Not Applicable,Not Applicable,No,Not Applicable,123,Cash,19,3.6,4.3
2024-07-19 03:50:00,CNR9387606320,Driver Not Found,CID773148,Prime Plus,Yelahanka,JP Nagar,,,Not Applicable,Not Applicable,Not Applicable,Not Applicable,190,Not Applicable,0,,
2024-07-10 04:25:00,CNR9604029043,Driver Not Found,CID807812,Prime Plus,Richmond Town,Varthur,,,Not Applicable,Not Applicable,Not Applicable,Not Applicable,444,Not Applicable,0,,
2024-07-07 14:31:00,CNR1900476102,Success,CID896104,Prime Sedan,Indiranagar,MG Road,259.0,130.0,Not Applicable,Not Applicable,No,Not Applicable,267,Cash,29,3.8,3.7
2024-07-16 20:03:00,CNR8055479210,Success,CID609928,Mini,Varthur,Nagarbhavi,294.0,100.0,Not Applicable,Not Applicable,No,Not Applicable,153,Cash,41,3.6,4.4
2024-07-25 10:25:00,CNR5137762672,Success,CID779760,Prime SUV,MG Road,Shivajinagar,161.0,60.0,Not Applicable,Not Applicable,No,Not Applicable,142,Cash,47,3.3,4.1
2024-07-23 12:24:00,CNR7169805624,Success,CID629778,Auto,Hulimavu,Jayanagar,245.0,45.0,Not Applicable,Not Applicable,No,Not Applicable,654,Cash,11,3.1,3.3
2024-07-26 02:18:00,CNR7355559866,Canceled by Customer,CID674503,Auto,JP Nagar,RT Nagar,,,Driver asked to cancel,Not Applicable,Not Applicable,Not Applicable,249,Not Applicable,0,,
2024-07-12 10:15:00,CNR1479120229,Success,CID443385,Auto,Hebbal,Indiranagar,182.0,90.0,Not Applicable,Not Applicable,Yes,Customer Demand,370,Cash,14,4.1,3.3
2024-07-30 08:55:00,CNR6303760515,Success,CID140055,Bike,JP Nagar,Yeshwanthpur,252.0,50.0,Not Applicable,Not Applicable,No,Not Applicable,283,Cash,6,3.5,3.5
2024-07-25 23:51:00,CNR1469120782,Success,CID507139,Auto,Kadugodi,Yelahanka,175.0,80.0,Not Applicable,Not Applicable,No,Not Applicable,146,Cash,18,3.1,4.6
2024-07-25 00:44:00,CNR6788482874,Canceled by Customer,CID130423,Prime Sedan,Padmanabhanagar,Peenya,,,Driver is not moving towards pickup location,Not Applicable,Not Applicable,Not Applicable,2207,Not Applicable,0,,
2024-07-23 07:16:00,CNR9452435579,Canceled by Driver,CID997073,eBike,Ulsoor,Yelahanka,,,Not Applicable,Personal & Car related issue,Not Applicable,Not Applicable,162,Not Applicable,0,,
2024-07-29 12:48:00,CNR5133482546,Canceled by Customer,CID182131,Bike,Varthur,Bellandur,,,Driver asked to cancel,Not Applicable,Not Applicable,Not Applicable,226,Not Applicable,0,,
2024-07-25 22:48:00,CNR7370688914,Canceled by Driver,CID124823,Prime Plus,Rajajinagar,Langford Town,,,Not Applicable,More than permitted people in there,Not Applicable,Not Applicable,830,Not Applicable,0,,
2024-07-15 20:01:00,CNR5583703489,Success,CID897938,Bike,Yeshwanthpur,MG Road,259.0,45.0,Not Applicable,Not Applicable,No,Not Applicable,341,Cash,21,3.1,4.7
2024-07-16 21:56:00,CNR5194118619,Success,CID717921,eBike,Malleshwaram,HSR Layout,203.0,55.0,Not Applicable,Not Applicable,No,Not Applicable,226,Cash,17,3.3,4.0
2024-07-10 22:40:00,CNR1654803155,Success,CID305732,Prime Sedan,Langford Town,Kammanahalli,266.0,55.0,Not Applicable,Not Applicable,No,Not Applicable,550,UPI,22,4.5,3.6
2024-07-18 18:12:00,CNR4067321299,Success,CID780977,Prime Plus,Rajarajeshwari Nagar,KR Puram,252.0,50.0,Not Applicable,Not Applicable,No,Not Applicable,2236,UPI,2,3.3,4.7
2024-07-30 01:36:00,CNR8492979892,Canceled by Customer,CID420044,Mini,Rajarajeshwari Nagar,Yelahanka,,,Change of plans,Not Applicable,Not Applicable,Not Applicable,602,Not Applicable,0,,
2024-07-03 05:07:00,CNR4329968816,Driver Not Found,CID156920,Prime SUV,Basavanagudi,Rajajinagar,,,Not Applicable,Not Applicable,Not Applicable,Not Applicable,393,Not Applicable,0,,
2024-07-14 08:21:00,CNR7152671843,Success,CID919619,Auto,Bannerghatta Road,Yelahanka,119.0,130.0,Not Applicable,Not Applicable,No,Not Applicable,315,Cash,16,4.1,4.5
2024-07-27 01:45:00,CNR1126050451,Driver Not Found,CID548268,Prime SUV,Banashankari,Nagarbhavi,,,Not Applicable,Not Applicable,Not Applicable,Not Applicable,2520,Not Applicable,0,,
2024-07-10 18:44:00,CNR1550586869,Success,CID344227,Prime Sedan,JP Nagar,Hebbal,91.0,100.0,Not Applicable,Not Applicable,No,Not Applicable,778,UPI,5,3.1,4.8
2024-07-01 18:41:00,CNR8932585805,Success,CID956698,Auto,Jayanagar,Basavanagudi,231.0,115.0,Not Applicable,Not Applicable,No,Not Applicable,120,Cash,18,4.0,3.1
2024-07-18 08:46:00,CNR3648265313,Canceled by Driver,CID877985,eBike,Nagarbhavi,Richmond Town,,,Not Applicable,Personal & Car related issue,Not Applicable,Not Applicable,483,Not Applicable,0,,
2024-07-02 12:28:00,CNR7357526452,Success,CID652147,Mini,Kammanahalli,Frazer Town,161.0,25.0,Not Applicable,Not Applicable,No,Not Applicable,661,Cash,6,5.0,4.6
2024-07-15 00:33:00,CNR9120854856,Success,CID662584,Prime Plus,Whitefield,Sarjapur Road,126.0,60.0,Not Applicable,Not Applicable,No,Not Applicable,781,Cash,3,4.5,3.6
2024-07-03 20:52:00,CNR9736540340,Canceled by Driver,CID608906,Auto,JP Nagar,Ramamurthy Nagar,,,Not Applicable,Customer was coughing/sick,Not Applicable,Not Applicable,236,Not Applicable,0,,
2024-07-09 19:23:00,CNR2119203685,Canceled by Driver,CID800898,Auto,Banashankari,Varthur,,,Not Applicable,Customer was coughing/sick,Not Applicable,Not Applicable,326,Not Applicable,0,,
2024-07-24 22:02:00,CNR2040345198,Success,CID753169,Prime Sedan,Jayanagar,Whitefield,189.0,95.0,Not Applicable,Not Applicable,No,Not Applicable,418,Credit Card,46,3.9,3.5
2024-07-03 13:44:00,CNR1988629938,Success,CID486202,Prime Sedan,Ramamurthy Nagar,Banashankari,245.0,95.0,Not Applicable,Not Applicable,No,Not Applicable,1032,UPI,20,3.3,3.1
2024-07-24 09:19:00,CNR5059594952,Success,CID349197,Mini,Jayanagar,Kengeri,231.0,55.0,Not Applicable,Not Applicable,No,Not Applicable,2447,UPI,46,3.7,4.5
2024-07-11 10:19:00,CNR9012371632,Success,CID448771,Prime SUV,Hulimavu,Hosur Road,210.0,100.0,Not Applicable,Not Applicable,No,Not Applicable,306,Cash,26,4.3,4.9
2024-07-04 20:06:00,CNR9601711712,Success,CID767747,Prime Sedan,Yeshwanthpur,Frazer Town,175.0,75.0,Not Applicable,Not Applicable,No,Not Applicable,125,Cash,27,4.2,3.4
2024-07-17 08:07:00,CNR1290232832,Success,CID815534,Prime SUV,Mysore Road,Jayanagar,210.0,125.0,Not Applicable,Not Applicable,No,Not Applicable,419,UPI,34,3.8,3.9
2024-07-22 06:05:00,CNR3050311565,Success,CID515925,Prime Sedan,Varthur,Richmond Town,140.0,145.0,Not Applicable,Not Applicable,No,Not Applicable,194,Cash,38,4.7,3.3
2024-07-03 09:09:00,CNR3113026144,Success,CID417765,Prime Plus,Tumkur Road,Hennur,126.0,55.0,Not Applicable,Not Applicable,No,Not Applicable,323,Cash,24,4.1,3.6
2024-07-10 01:05:00,CNR9013229304,Success,CID688092,eBike,Kammanahalli,Basavanagudi,308.0,110.0,Not Applicable,Not Applicable,Yes,Customer Demand,261,Cash,36,3.5,3.9
2024-07-09 02:17:00,CNR7425953661,Canceled by Customer,CID239119,Bike,Mysore Road,Cox Town,,,Driver is not moving towards pickup location,Not Applicable,Not Applicable,Not Applicable,1204,Not Applicable,0,,
2024-07-26 18:36:00,CNR8210239980,Success,CID269137,Mini,Hulimavu,Vijayanagar,182.0,45.0,Not Applicable,Not Applicable,No,Not Applicable,206,Cash,11,4.7,3.5
2024-07-13 03:08:00,CNR5929914739,Success,CID212648,Prime Plus,MG Road,Hulimavu,56.0,55.0,Not Applicable,Not Applicable,No,Not Applicable,138,UPI,46,4.9,4.1
2024-07-17 03:37:00,CNR2799822986,Success,CID487237,Prime Plus,Malleshwaram,Yelahanka,119.0,145.0,Not Applicable,Not Applicable,No,Not Applicable,328,Cash,40,4.5,3.2
2024-07-28 15:54:00,CNR1904463649,Success,CID995024,Prime Sedan,BTM Layout,Padmanabhanagar,119.0,50.0,Not Applicable,Not Applicable,No,Not Applicable,398,UPI,48,4.0,4.4
2024-07-04 23:29:00,CNR9874080289,Canceled by Driver,CID286902,Prime Sedan,Mysore Road,Kadugodi,,,Not Applicable,Personal & Car related issue,Not Applicable,Not Applicable,389,Not Applicable,0,,
2024-07-28 22:21:00,CNR5321477863,Canceled by Customer,CID130867,Prime SUV,Shantinagar,Devanahalli,,,Wrong Address,Not Applicable,Not Applicable,Not Applicable,102,Not Applicable,0,,
2024-07-16 18:45:00,CNR7476584917,Success,CID531182,Auto,Cox Town,Banashankari,63.0,135.0,Not Applicable,Not Applicable,No,Not Applicable,400,Credit Card,18,3.8,4.2
2024-07-03 03:56:00,CNR8341970519,Success,CID750498,Prime Plus,Indiranagar,Bellandur,280.0,130.0,Not Applicable,Not Applicable,No,Not Applicable,943,Credit Card,40,4.4,4.3
2024-07-12 05:04:00,CNR1304593714,Driver Not Found,CID104732,Mini,Hulimavu,HSR Layout,,,Not Applicable,Not Applicable,Not Applicable,Not Applicable,481,Not Applicable,0,,
2024-07-24 15:50:00,CNR2562910157,Canceled by Customer,CID640636,Auto,MG Road,KR Puram,,,Driver asked to cancel,Not Applicable,Not Applicable,Not Applicable,496,Not Applicable,0,,
2024-07-02 06:43:00,CNR1768478342,Success,CID510483,Prime Plus,Padmanabhanagar,Kammanahalli,91.0,90.0,Not Applicable,Not Applicable,No,Not Applicable,292,UPI,28,4.0,4.5
2024-07-25 04:46:00,CNR9906954740,Driver Not Found,CID718920,eBike,Majestic,MG Road,,,Not Applicable,Not Applicable,Not Applicable,Not Applicable,222,Not Applicable,0,,
2024-07-11 01:50:00,CNR7648428910,Success,CID408731,eBike,Cox Town,Electronic City,168.0,50.0,Not Applicable,Not Applicable,No,Not Applicable,939,Cash,14,4.0,4.0
2024-07-09 12:50:00,CNR7990472957,Canceled by Driver,CID237812,Prime Plus,Vijayanagar,Hulimavu,,,Not Applicable,Customer related issue,Not Applicable,Not Applicable,137,Not Applicable,0,,
2024-07-11 07:56:00,CNR2464727278,Success,CID622199,Prime Sedan,Banashankari,RT Nagar,105.0,110.0,Not Applicable,Not Applicable,No,Not Applicable,446,Cash,19,3.3,3.9
2024-07-01 15:38:00,CNR6780901251,Driver Not Found,CID805628,Prime Sedan,Rajajinagar,Koramangala,,,Not Applicable,Not Applicable,Not Applicable,Not Applicable,206,Not Applicable,0,,
2024-07-27 00:17:00,CNR5776940798,Canceled by Driver,CID289093,Mini,Bellandur,Hennur,,,Not Applicable,Customer was coughing/sick,Not Applicable,Not Applicable,538,Not Applicable,0,,
2024-07-23 23:27:00,CNR8402689476,Success,CID480957,Auto,RT Nagar,Richmond Town,175.0,50.0,Not Applicable,Not Applicable,No,Not Applicable,135,UPI,19,4.0,4.9
2024-07-08 14:40:00,CNR9857563181,Canceled by Driver,CID185990,Bike,Richmond Town,Marathahalli,,,Not Applicable,Personal & Car related issue,Not Applicable,Not Applicable,176,Not Applicable,0,,
2024-07-29 03:47:00,CNR6206793747,Success,CID967447,eBike,MG Road,Basavanagudi,266.0,70.0,Not Applicable,Not Applicable,No,Not Applicable,420,UPI,24,3.7,3.4
2024-07-02 19:35:00,CNR4056575137,Success,CID730331,Bike,Whitefield,Ramamurthy Nagar,182.0,85.0,Not Applicable,Not Applicable,No,Not Applicable,474,Cash,27,4.3,3.6
2024-07-27 18:32:00,CNR7879289793,Canceled by Customer,CID926211,Prime Sedan,Shantinagar,Kammanahalli,,,Driver is not moving towards pickup location,Not Applicable,Not Applicable,Not Applicable,856,Not Applicable,0,,
2024-07-24 22:06:00,CNR1818791670,Success,CID910930,Prime Plus,Rajajinagar,Nagarbhavi,189.0,90.0,Not Applicable,Not Applicable,No,Not Applicable,561,UPI,29,3.3,3.7
2024-07-02 10:01:00,CNR4496718126,Success,CID524005,Prime Plus,Kengeri,Yelahanka,70.0,40.0,Not Applicable,Not Applicable,No,Not Applicable,196,UPI,44,4.7,3.7
2024-07-11 02:47:00,CNR2732802220,Success,CID184558,Bike,BTM Layout,Bannerghatta Road,224.0,85.0,Not Applicable,Not Applicable,No,Not Applicable,493,Cash,1,3.3,4.4
2024-07-12 06:12:00,CNR3483632319,Success,CID650514,Prime Sedan,Bellandur,Yelahanka,294.0,135.0,Not Applicable,Not Applicable,No,Not Applicable,383,Cash,42,3.3,3.7
2024-07-23 17:44:00,CNR3100038581,Success,CID617943,Mini,HSR Layout,Hennur,203.0,115.0,Not Applicable,Not Applicable,No,Not Applicable,414,UPI,15,4.6,3.7
2024-07-19 05:08:00,CNR8639904042,Success,CID562587,eBike,Basavanagudi,Banashankari,91.0,135.0,Not Applicable,Not Applicable,No,Not Applicable,1463,Cash,19,4.9,4.4
2024-07-06 12:23:00,CNR2116067566,Canceled by Driver,CID695592,Prime Sedan,Whitefield,Tumkur Road,,,Not Applicable,More than permitted people in there,Not Applicable,Not Applicable,211,Not Applicable,0,,
2024-07-18 08:44:00,CNR2454437533,Success,CID573149,Mini,Hennur,Whitefield,217.0,90.0,Not Applicable,Not Applicable,No,Not Applicable,680,Cash,22,4.8,3.6
2024-07-03 06:13:00,CNR4784001365,Canceled by Driver,CID588174,Auto,Jayanagar,Padmanabhanagar,,,Not Applicable,Personal & Car related issue,Not Applicable,Not Applicable,116,Not Applicable,0,,
2024-07-06 03:56:00,CNR2619302201,Success,CID523523,Auto,Ulsoor,Ramamurthy Nagar,35.0,100.0,Not Applicable,Not Applicable,No,Not Applicable,241,UPI,1,3.1,4.9
2024-07-12 22:59:00,CNR8891461873,Success,CID123808,Prime SUV,Marathahalli,Hebbal,210.0,140.0,Not Applicable,Not Applicable,No,Not Applicable,486,UPI,20,3.5,3.7
2024-07-03 23:59:00,CNR8087830475,Canceled by Customer,CID981850,Bike,Padmanabhanagar,MG Road,,,AC is Not working,Not Applicable,Not Applicable,Not Applicable,562,Not Applicable,0,,
2024-07-14 04:20:00,CNR6784725032,Success,CID307863,eBike,Rajajinagar,Mysore Road,126.0,80.0,Not Applicable,Not Applicable,No,Not Applicable,376,UPI,27,3.9,4.8
2024-07-29 14:32:00,CNR7769055104,Success,CID756266,Prime Plus,Hennur,Hebbal,301.0,90.0,Not Applicable,Not Applicable,No,Not Applicable,585,UPI,15,3.3,4.0
2024-07-02 04:29:00,CNR9855909003,Success,CID955468,Prime Sedan,Richmond Town,Electronic City,35.0,120.0,Not Applicable,Not Applicable,No,Not Applicable,778,UPI,48,4.7,4.2
2024-07-12 01:41:00,CNR4968766436,Success,CID280612,Auto,Malleshwaram,Chickpet,238.0,125.0,Not Applicable,Not Applicable,No,Not Applicable,1965,Cash,11,3.7,3.7
2024-07-30 17:00:00,CNR7156837047,Success,CID609855,Mini,MG Road,Yeshwanthpur,301.0,35.0,Not Applicable,Not Applicable,No,Not Applicable,858,Cash,31,3.4,3.7
2024-07-16 17:27:00,CNR5544190491,Success,CID607125,Prime SUV,Basavanagudi,Magadi Road,84.0,55.0,Not Applicable,Not Applicable,No,Not Applicable,343,Cash,29,4.6,3.1
2024-07-06 18:35:00,CNR1064371412,Success,CID842580,Bike,Vijayanagar,Marathahalli,154.0,25.0,Not Applicable,Not Applicable,No,Not Applicable,538,Cash,34,3.5,4.5
2024-07-16 15:38:00,CNR8792043764,Success,CID730110,Prime Sedan,Ulsoor,HSR Layout,266.0,120.0,Not Applicable,Not Applicable,No,Not Applicable,440,Cash,27,4.8,4.6
2024-07-25 22:22:00,CNR7820931036,Driver Not Found,CID533161,Auto,Mysore Road,Ulsoor,,,Not Applicable,Not Applicable,Not Applicable,Not Applicable,356,Not Applicable,0,,
2024-07-15 18:20:00,CNR5850807476,Success,CID205016,Prime SUV,Ramamurthy Nagar,Bellandur,280.0,80.0,Not Applicable,Not Applicable,No,Not Applicable,266,Cash,25,4.8,4.5
2024-07-23 19:46:00,CNR2790912228,Success,CID754811,Prime Sedan,Bellandur,Nagarbhavi,224.0,130.0,Not Applicable,Not Applicable,No,Not Applicable,2468,Cash,42,4.5,4.4
2024-07-12 17:44:00,CNR9522632814,Canceled by Customer,CID589082,Bike,Frazer Town,Frazer Town,,,Driver is not moving towards pickup location,Not Applicable,Not Applicable,Not Applicable,817,Not Applicable,0,,
2024-07-20 16:45:00,CNR4442704007,Success,CID838677,Prime Plus,Nagarbhavi,Sarjapur Road,140.0,80.0,Not Applicable,Not Applicable,No,Not Applicable,348,UPI,45,4.2,3.9
2024-07-02 05:40:00,CNR7217066922,Success,CID829630,Mini,Devanahalli,Devanahalli,154.0,95.0,Not Applicable,Not Applicable,No,Not Applicable,511,UPI,41,3.0,3.2
2024-07-11 09:09:00,CNR6172674961,Success,CID462393,Prime Sedan,Majestic,Hosur Road,77.0,80.0,Not Applicable,Not Applicable,No,Not Applicable,232,Credit Card,2,3.4,4.2
2024-07-21 11:07:00,CNR1288106667,Canceled by Driver,CID668063,Mini,Banashankari,Kammanahalli,,,Not Applicable,Customer related issue,Not Applicable,Not Applicable,494,Not Applicable,0,,
2024-07-18 10:48:00,CNR4867610668,Success,CID471534,Prime SUV,Frazer Town,Sahakar Nagar,231.0,45.0,Not Applicable,Not Applicable,No,Not Applicable,435,UPI,41,4.1,4.4
2024-07-23 22:38:00,CNR4112995178,Canceled by Driver,CID404921,Prime SUV,MG Road,KR Puram,,,Not Applicable,Customer related issue,Not Applicable,Not Applicable,442,Not Applicable,0,,
2024-07-02 23:44:00,CNR9813554365,Driver Not Found,CID225081,eBike,Electronic City,Richmond Town,,,Not Applicable,Not Applicable,Not Applicable,Not Applicable,113,Not Applicable,0,,
2024-07-14 08:40:00,CNR8210187561,Success,CID504051,Mini,Frazer Town,Sahakar Nagar,168.0,110.0,Not Applicable,Not Applicable,No,Not Applicable,496,Cash,34,4.1,4.6
2024-07-15 23:33:00,CNR5287803155,Success,CID277934,Mini,Mysore Road,Majestic,140.0,120.0,Not Applicable,Not Applicable,No,Not Applicable,194,Cash,15,3.3,5.0
2024-07-16 10:46:00,CNR4294627414,Driver Not Found,CID850056,Prime Plus,Yeshwanthpur,Hennur,,,Not Applicable,Not Applicable,Not Applicable,Not Applicable,218,Not Applicable,0,,
2024-07-14 17:47:00,CNR1127977774,Canceled by Driver,CID854083,Auto,Ulsoor,Rajajinagar,,,Not Applicable,Customer was coughing/sick,Not Applicable,Not Applicable,307,Not Applicable,0,,
2024-07-02 10:41:00,CNR7094602624,Success,CID740454,Prime SUV,Varthur,Malleshwaram,161.0,95.0,Not Applicable,Not Applicable,No,Not Applicable,216,Cash,37,3.5,4.6
2024-07-16 21:23:00,CNR6471732001,Success,CID292987,Prime SUV,Hulimavu,Marathahalli,49.0,30.0,Not Applicable,Not Applicable,No,Not Applicable,235,Cash,34,4.8,4.7
2024-07-01 15:40:00,CNR5117610098,Canceled by Driver,CID525393,eBike,Shantinagar,Shivajinagar,,,Not Applicable,Customer related issue,Not Applicable,Not Applicable,2782,Not Applicable,0,,
2024-07-20 16:12:00,CNR5416685505,Success,CID733037,Mini,Mysore Road,Cox Town,126.0,60.0,Not Applicable,Not Applicable,No,Not Applicable,497,Cash,41,3.3,3.2
2024-07-12 09:29:00,CNR1464489006,Success,CID800802,Prime SUV,Yeshwanthpur,Peenya,245.0,120.0,Not Applicable,Not Applicable,No,Not Applicable,245,Cash,44,4.5,3.5
2024-07-21 03:18:00,CNR4771953768,Success,CID464411,Prime Sedan,Basavanagudi,Sahakar Nagar,308.0,115.0,Not Applicable,Not Applicable,No,Not Applicable,831,Cash,10,4.7,4.2
2024-07-13 21:18:00,CNR6098148492,Canceled by Customer,CID519536,Prime SUV,Cox Town,Whitefield,,,Driver is not moving towards pickup location,Not Applicable,Not Applicable,Not Applicable,741,Not Applicable,0,,
2024-07-04 21:48:00,CNR9285291356,Success,CID206826,Mini,Devanahalli,Devanahalli,301.0,25.0,Not Applicable,Not Applicable,No,Not Applicable,126,Cash,15,3.7,4.1
2024-07-25 08:36:00,CNR6759609258,Canceled by Customer,CID697279,Prime SUV,Kammanahalli,HSR Layout,,,AC is Not working,Not Applicable,Not Applicable,Not Applicable,459,Not Applicable,0,,
2024-07-14 19:49:00,CNR1319780040,Success,CID142707,Prime Sedan,Cox Town,Yelahanka,245.0,55.0,Not Applicable,Not Applicable,No,Not Applicable,275,UPI,3,4.9,3.7
2024-07-05 06:46:00,CNR1092108642,Success,CID333842,Auto,Electronic City,Kengeri,245.0,55.0,Not Applicable,Not Applicable,No,Not Applicable,362,UPI,2,4.7,4.0
2024-07-09 15:34:00,CNR2244170375,Success,CID423815,Auto,Nagarbhavi,Rajarajeshwari Nagar,168.0,75.0,Not Applicable,Not Applicable,No,Not Applicable,669,UPI,10,4.0,4.8
2024-07-12 00:35:00,CNR6368158295,Success,CID523588,Prime Plus,Kengeri,Malleshwaram,259.0,145.0,Not Applicable,Not Applicable,No,Not Applicable,429,Cash,33,4.4,3.2
2024-07-12 06:19:00,CNR9991566645,Driver Not Found,CID887888,Bike,JP Nagar,RT Nagar,,,Not Applicable,Not Applicable,Not Applicable,Not Applicable,1639,Not Applicable,0,,
2024-07-05 15:05:00,CNR3186312826,Success,CID645796,Auto,Devanahalli,Devanahalli,301.0,25.0,Not Applicable,Not Applicable,No,Not Applicable,117,Credit Card,3,3.0,4.4
2024-07-11 07:28:00,CNR5876270503,Success,CID734037,Auto,Whitefield,Hebbal,91.0,30.0,Not Applicable,Not Applicable,No,Not Applicable,285,Cash,3,4.2,4.8
2024-07-20 02:25:00,CNR2336218249,Canceled by Driver,CID803346,Bike,Rajajinagar,Bannerghatta Road,,,Not Applicable,Customer was coughing/sick,Not Applicable,Not Applicable,642,Not Applicable,0,,
2024-07-26 14:44:00,CNR8872934358,Success,CID696862,Prime SUV,Rajarajeshwari Nagar,Malleshwaram,126.0,85.0,Not Applicable,Not Applicable,No,Not Applicable,715,UPI,15,3.7,3.5
2024-07-03 16:19:00,CNR1055840464,Success,CID886743,Prime SUV,Hulimavu,Banashankari,112.0,100.0,Not Applicable,Not Applicable,No,Not Applicable,537,UPI,47,5.0,4.3
2024-07-10 19:34:00,CNR4719832268,Success,CID338972,Prime SUV,Marathahalli,Mysore Road,231.0,40.0,Not Applicable,Not Applicable,No,Not Applicable,495,UPI,49,4.6,4.3
2024-07-07 20:42:00,CNR2251989748,Success,CID850057,Prime Plus,Varthur,JP Nagar,266.0,50.0,Not Applicable,Not Applicable,No,Not Applicable,383,Cash,2,4.8,3.9
2024-07-28 18:30:00,CNR7499114822,Success,CID749163,Mini,Kadugodi,Sarjapur Road,175.0,65.0,Not Applicable,Not Applicable,No,Not Applicable,100,UPI,28,3.9,4.2
2024-07-17 07:43:00,CNR4264508401,Success,CID360629,Mini,Varthur,Padmanabhanagar,175.0,105.0,Not Applicable,Not Applicable,No,Not Applicable,145,Cash,3,3.1,3.6
2024-07-02 11:56:00,CNR4665010207,Success,CID585446,Prime Plus,Whitefield,Tumkur Road,182.0,140.0,Not Applicable,Not Applicable,No,Not Applicable,628,UPI,49,3.1,4.7
2024-07-07 18:42:00,CNR9107969992,Driver Not Found,CID215043,Bike,Basavanagudi,Marathahalli,,,Not Applicable,Not Applicable,Not Applicable,Not Applicable,337,Not Applicable,0,,
2024-07-24 16:53:00,CNR7327804090,Success,CID489711,Prime SUV,Padmanabhanagar,Chamarajpet,210.0,40.0,Not Applicable,Not Applicable,No,Not Applicable,402,Cash,24,5.0,4.9
2024-07-03 08:00:00,CNR8830624735,Success,CID367854,Bike,Bannerghatta Road,Padmanabhanagar,119.0,65.0,Not Applicable,Not Applicable,No,Not Applicable,349,UPI,26,4.8,3.5
2024-07-19 15:33:00,CNR2809936504,Success,CID520415,Prime Sedan,Sarjapur Road,Nagarbhavi,189.0,35.0,Not Applicable,Not Applicable,No,Not Applicable,102,UPI,8,4.5,3.5
2024-07-05 02:23:00,CNR1191245018,Canceled by Customer,CID576401,Mini,Koramangala,Shantinagar,,,Driver is not moving towards pickup location,Not Applicable,Not Applicable,Not Applicable,868,Not Applicable,0,,
2024-07-03 04:36:00,CNR6190839493,Canceled by Driver,CID906838,Prime SUV,Cox Town,Indiranagar,,,Not Applicable,Personal & Car related issue,Not Applicable,Not Applicable,272,Not Applicable,0,,
2024-07-03 05:45:00,CNR6443551265,Success,CID220168,Prime Plus,Indiranagar,Magadi Road,119.0,45.0,Not Applicable,Not Applicable,No,Not Applicable,1749,Cash,35,4.4,3.2
2024-07-16 09:25:00,CNR6069027643,Success,CID758769,Prime Plus,Bannerghatta Road,Sahakar Nagar,217.0,110.0,Not Applicable,Not Applicable,No,Not Applicable,430,Cash,45,3.4,4.8
2024-07-30 02:58:00,CNR9228852840,Success,CID962986,Mini,Frazer Town,Magadi Road,280.0,100.0,Not Applicable,Not Applicable,No,Not Applicable,847,Credit Card,39,4.2,3.4
2024-07-01 10:27:00,CNR1936595210,Success,CID542945,Mini,Marathahalli,Koramangala,91.0,115.0,Not Applicable,Not Applicable,No,Not Applicable,122,Cash,41,3.4,4.1
2024-07-23 22:30:00,CNR4175897712,Success,CID773655,Auto,HSR Layout,HSR Layout,287.0,140.0,Not Applicable,Not Applicable,No,Not Applicable,399,UPI,4,3.1,4.4
2024-07-01 13:13:00,CNR7888587725,Success,CID673118,Auto,Langford Town,Padmanabhanagar,63.0,65.0,Not Applicable,Not Applicable,No,Not Applicable,322,Credit Card,15,4.8,3.4
2024-07-14 22:00:00,CNR3456636761,Success,CID546173,Prime Sedan,Cox Town,Basavanagudi,105.0,45.0,Not Applicable,Not Applicable,No,Not Applicable,308,Cash,23,4.2,4.4
2024-07-15 18:13:00,CNR7074026686,Success,CID584199,Mini,BTM Layout,JP Nagar,189.0,135.0,Not Applicable,Not Applicable,No,Not Applicable,436,Cash,11,3.6,3.7
2024-07-23 19:23:00,CNR3932355873,Canceled by Driver,CID316516,Bike,Kengeri,Shivajinagar,,,Not Applicable,More than permitted people in there,Not Applicable,Not Applicable,253,Not Applicable,0,,
2024-07-27 05:48:00,CNR5397036489,Success,CID692445,eBike,Shantinagar,MG Road,203.0,110.0,Not Applicable,Not Applicable,No,Not Applicable,361,UPI,12,4.5,4.7
2024-07-30 01:36:00,CNR7392121051,Canceled by Driver,CID873035,Prime SUV,Yelahanka,Koramangala,,,Not Applicable,Customer related issue,Not Applicable,Not Applicable,342,Not Applicable,0,,
2024-07-06 16:50:00,CNR6260083080,Driver Not Found,CID148987,Mini,Jayanagar,Indiranagar,,,Not Applicable,Not Applicable,Not Applicable,Not Applicable,372,Not Applicable,0,,
2024-07-01 07:04:00,CNR1017300259,Success,CID947075,Mini,Hosur Road,Devanahalli,238.0,60.0,Not Applicable,Not Applicable,No,Not Applicable,2743,UPI,31,4.8,3.8
2024-07-30 07:35:00,CNR9884306081,Canceled by Driver,CID705785,Prime SUV,Richmond Town,Hebbal,,,Not Applicable,Customer was coughing/sick,Not Applicable,Not Applicable,631,Not Applicable,0,,
2024-07-19 11:20:00,CNR1673614075,Success,CID851476,eBike,Devanahalli,Indiranagar,126.0,35.0,Not Applicable,Not Applicable,No,Not Applicable,253,Cash,21,4.8,4.8
2024-07-27 13:29:00,CNR5951548897,Driver Not Found,CID135515,Prime Sedan,Yeshwanthpur,Varthur,,,Not Applicable,Not Applicable,Not Applicable,Not Applicable,511,Not Applicable,0,,
2024-07-29 18:13:00,CNR2906217886,Canceled by Customer,CID169942,Mini,Bellandur,Bannerghatta Road,,,Driver asked to cancel,Not Applicable,Not Applicable,Not Applicable,2899,Not Applicable,0,,
2024-07-27 06:21:00,CNR8000039793,Driver Not Found,CID361520,Prime Plus,MG Road,Bannerghatta Road,,,Not Applicable,Not Applicable,Not Applicable,Not Applicable,1322,Not Applicable,0,,
2024-07-15 14:26:00,CNR4328152878,Success,CID548814,Mini,Malleshwaram,Koramangala,105.0,95.0,Not Applicable,Not Applicable,No,Not Applicable,651,Cash,21,3.7,3.6
2024-07-12 08:08:00,CNR7610259153,Success,CID124289,Prime SUV,Langford Town,Kadugodi,182.0,80.0,Not Applicable,Not Applicable,No,Not Applicable,1613,Cash,4,4.6,4.7
2024-07-14 15:20:00,CNR2474581469,Success,CID768265,Prime SUV,Whitefield,Richmond Town,168.0,75.0,Not Applicable,Not Applicable,No,Not Applicable,453,Cash,35,4.6,3.8
2024-07-07 21:16:00,CNR1119943747,Success,CID928300,Mini,Varthur,BTM Layout,63.0,30.0,Not Applicable,Not Applicable,No,Not Applicable,425,UPI,12,4.9,3.6
2024-07-15 22:52:00,CNR5868505908,Canceled by Customer,CID928589,Prime SUV,Sahakar Nagar,Hulimavu,,,Driver asked to cancel,Not Applicable,Not Applicable,Not Applicable,129,Not Applicable,0,,
2024-07-05 01:14:00,CNR9867710327,Success,CID773309,Mini,Shantinagar,Padmanabhanagar,140.0,55.0,Not Applicable,Not Applicable,No,Not Applicable,170,UPI,16,3.1,4.7
2024-07-06 23:36:00,CNR1823387383,Success,CID332918,Mini,Bannerghatta Road,KR Puram,203.0,50.0,Not Applicable,Not Applicable,No,Not Applicable,512,Cash,1,4.5,3.1
2024-07-06 04:45:00,CNR3942595290,Success,CID518444,Auto,Kengeri,Cox Town,280.0,100.0,Not Applicable,Not Applicable,No,Not Applicable,514,Cash,3,3.2,4.5
2024-07-15 16:05:00,CNR2145355946,Success,CID255978,Prime SUV,Indiranagar,Basavanagudi,119.0,145.0,Not Applicable,Not Applicable,No,Not Applicable,666,Cash,36,4.2,4.7
2024-07-09 22:58:00,CNR4673282114,Success,CID450715,Bike,Kadugodi,Kadugodi,308.0,120.0,Not Applicable,Not Applicable,Yes,Customer Demand,266,Cash,1,4.2,3.4
2024-07-17 11:07:00,CNR3034924178,Success,CID635504,Mini,Ulsoor,Sahakar Nagar,273.0,140.0,Not Applicable,Not Applicable,No,Not Applicable,181,Cash,33,3.7,4.7
2024-07-17 12:13:00,CNR2570589753,Success,CID558918,Bike,Peenya,Kengeri,98.0,135.0,Not Applicable,Not Applicable,No,Not Applicable,682,Cash,37,3.0,4.7
2024-07-22 08:28:00,CNR1621858305,Success,CID879255,Bike,KR Puram,Shantinagar,77.0,25.0,Not Applicable,Not Applicable,No,Not Applicable,190,Cash,41,4.1,4.7
2024-07-26 06:51:00,CNR2482765753,Success,CID141886,Auto,Yelahanka,MG Road,63.0,45.0,Not Applicable,Not Applicable,No,Not Applicable,136,Cash,1,3.2,4.8
2024-07-19 11:08:00,CNR4121154059,Success,CID830465,Mini,Bellandur,RT Nagar,266.0,90.0,Not Applicable,Not Applicable,Yes,Other Issue,1819,UPI,19,3.6,4.2
2024-07-11 23:43:00,CNR7534716098,Success,CID672492,Prime SUV,Richmond Town,Kammanahalli,196.0,125.0,Not Applicable,Not Applicable,No,Not Applicable,357,UPI,8,4.3,3.2
2024-07-17 07:43:00,CNR5710362571,Success,CID604445,Prime SUV,MG Road,Hulimavu,308.0,110.0,Not Applicable,Not Applicable,No,Not Applicable,556,Cash,17,3.0,3.5
2024-07-15 21:52:00,CNR2767312079,Success,CID805575,Mini,Kadugodi,Kadugodi,126.0,100.0,Not Applicable,Not Applicable,No,Not Applicable,293,UPI,28,4.7,5.0
2024-07-21 08:02:00,CNR4588512257,Driver Not Found,CID190408,Prime SUV,JP Nagar,Banashankari,,,Not Applicable,Not Applicable,Not Applicable,Not Applicable,596,Not Applicable,0,,
2024-07-03 15:13:00,CNR8713476600,Driver Not Found,CID480262,Bike,Malleshwaram,Ramamurthy Nagar,,,Not Applicable,Not Applicable,Not Applicable,Not Applicable,424,Not Applicable,0,,
2024-07-04 13:00:00,CNR9211024319,Success,CID577109,Mini,Indiranagar,Rajarajeshwari Nagar,252.0,120.0,Not Applicable,Not Applicable,No,Not Applicable,411,UPI,46,4.3,4.7
2024-07-19 17:26:00,CNR6706283411,Success,CID803048,Auto,Devanahalli,Chamarajpet,77.0,115.0,Not Applicable,Not Applicable,No,Not Applicable,138,UPI,14,4.9,3.5
2024-07-13 18:20:00,CNR1574647145,Canceled by Driver,CID828846,Auto,RT Nagar,Chamarajpet,,,Not Applicable,Customer related issue,Not Applicable,Not Applicable,129,Not Applicable,0,,
2024-07-03 08:15:00,CNR7008858847,Canceled by Driver,CID918634,Bike,Chamarajpet,Kadugodi,,,Not Applicable,Customer related issue,Not Applicable,Not Applicable,366,Not Applicable,0,,
2024-07-16 18:06:00,CNR5835196532,Success,CID543881,Prime Sedan,Cox Town,Chickpet,49.0,55.0,Not Applicable,Not Applicable,No,Not Applicable,880,Cash,12,3.3,4.9
2024-07-13 01:18:00,CNR7343037654,Success,CID422866,Mini,Rajarajeshwari Nagar,Yeshwanthpur,252.0,125.0,Not Applicable,Not Applicable,No,Not Applicable,257,Cash,31,4.4,4.2
2024-07-11 16:59:00,CNR4950756852,Success,CID603909,Prime Sedan,Peenya,Yeshwanthpur,49.0,50.0,Not Applicable,Not Applicable,No,Not Applicable,748,UPI,37,4.1,4.4
2024-07-02 11:09:00,CNR3221692969,Success,CID628532,Prime Plus,Mysore Road,Indiranagar,147.0,75.0,Not Applicable,Not Applicable,No,Not Applicable,108,Credit Card,8,3.1,3.2
2024-07-01 09:34:00,CNR3674807575,Success,CID528761,Bike,Yeshwanthpur,Sarjapur Road,133.0,125.0,Not Applicable,Not Applicable,No,Not Applicable,729,UPI,28,3.0,3.6
2024-07-30 20:32:00,CNR4585195856,Canceled by Driver,CID314789,Prime Sedan,Indiranagar,JP Nagar,,,Not Applicable,Customer related issue,Not Applicable,Not Applicable,444,Not Applicable,0,,
2024-07-10 20:44:00,CNR1130940660,Driver Not Found,CID687060,Bike,Chamarajpet,MG Road,,,Not Applicable,Not Applicable,Not Applicable,Not Applicable,950,Not Applicable,0,,
2024-07-18 01:04:00,CNR6309283087,Success,CID810611,Prime SUV,Peenya,BTM Layout,273.0,110.0,Not Applicable,Not Applicable,No,Not Applicable,320,UPI,13,3.8,5.0
2024-07-01 14:11:00,CNR7078560570,Canceled by Customer,CID168123,Auto,Ramamurthy Nagar,Jayanagar,,,Driver is not moving towards pickup location,Not Applicable,Not Applicable,Not Applicable,2807,Not Applicable,0,,
2024-07-28 22:13:00,CNR4807879618,Success,CID815946,Prime Sedan,Koramangala,Malleshwaram,112.0,105.0,Not Applicable,Not Applicable,No,Not Applicable,643,UPI,42,4.2,3.7
2024-07-06 22:55:00,CNR8240604239,Driver Not Found,CID739237,Bike,Indiranagar,Devanahalli,,,Not Applicable,Not Applicable,Not Applicable,Not Applicable,1572,Not Applicable,0,,
2024-07-04 07:28:00,CNR6656172559,Canceled by Driver,CID709013,Prime SUV,Rajajinagar,Chamarajpet,,,Not Applicable,Personal & Car related issue,Not Applicable,Not Applicable,412,Not Applicable,0,,
2024-07-12 07:24:00,CNR3496527585,Success,CID143047,Prime SUV,Langford Town,RT Nagar,133.0,90.0,Not Applicable,Not Applicable,No,Not Applicable,439,Cash,38,4.4,3.2
2024-07-13 09:31:00,CNR9926571191,Success,CID926847,Auto,Vijayanagar,Magadi Road,266.0,75.0,Not Applicable,Not Applicable,No,Not Applicable,170,UPI,8,4.7,3.9
2024-07-24 03:27:00,CNR9875083549,Success,CID397467,Prime Plus,Whitefield,Cox Town,196.0,35.0,Not Applicable,Not Applicable,No,Not Applicable,385,Cash,20,3.2,3.7
2024-07-23 02:11:00,CNR5039969886,Success,CID470706,Auto,Indiranagar,KR Puram,308.0,65.0,Not Applicable,Not Applicable,No,Not Applicable,387,Cash,10,3.0,3.5
2024-07-10 13:33:00,CNR8488983044,Canceled by Driver,CID832092,Prime Plus,Rajajinagar,Mysore Road,,,Not Applicable,Customer was coughing/sick,Not Applicable,Not Applicable,424,Not Applicable,0,,
2024-07-21 05:58:00,CNR6665388773,Success,CID334526,Auto,Basavanagudi,Kadugodi,287.0,115.0,Not Applicable,Not Applicable,No,Not Applicable,465,UPI,19,3.9,3.6
2024-07-11 06:47:00,CNR6377136924,Canceled by Driver,CID112142,Prime Sedan,Jayanagar,Koramangala,,,Not Applicable,Personal & Car related issue,Not Applicable,Not Applicable,427,Not Applicable,0,,
2024-07-12 15:42:00,CNR6336585152,Success,CID121491,eBike,Shivajinagar,Hennur,119.0,95.0,Not Applicable,Not Applicable,No,Not Applicable,321,UPI,44,4.6,3.6
2024-07-25 15:47:00,CNR3352960698,Success,CID526333,Bike,Sahakar Nagar,Chickpet,238.0,50.0,Not Applicable,Not Applicable,No,Not Applicable,408,Cash,26,4.4,3.5
2024-07-05 06:27:00,CNR4738442823,Success,CID511037,Bike,Majestic,Jayanagar,70.0,70.0,Not Applicable,Not Applicable,No,Not Applicable,624,UPI,42,3.5,3.8
2024-07-23 09:42:00,CNR9871035629,Driver Not Found,CID857222,Bike,Kadugodi,Chickpet,,,Not Applicable,Not Applicable,Not Applicable,Not Applicable,422,Not Applicable,0,,
2024-07-26 19:56:00,CNR5278517188,Success,CID198707,Prime SUV,Malleshwaram,Kammanahalli,35.0,130.0,Not Applicable,Not Applicable,No,Not Applicable,309,Cash,1,4.6,4.6
2024-07-18 05:34:00,CNR9222944794,Success,CID575113,Bike,Langford Town,Kammanahalli,147.0,25.0,Not Applicable,Not Applicable,No,Not Applicable,894,Cash,6,3.2,3.8
2024-07-08 00:17:00,CNR9405107051,Canceled by Driver,CID684519,Mini,Bellandur,Majestic,,,Not Applicable,Customer related issue,Not Applicable,Not Applicable,1609,Not Applicable,0,,
2024-07-24 00:58:00,CNR7474077259,Success,CID835258,eBike,Hosur Road,Bellandur,196.0,75.0,Not Applicable,Not Applicable,No,Not Applicable,818,Cash,39,3.6,3.4
2024-07-14 12:57:00,CNR6393259694,Canceled by Customer,CID152677,Mini,MG Road,Kammanahalli,,,Driver is not moving towards pickup location,Not Applicable,Not Applicable,Not Applicable,170,Not Applicable,0,,
2024-07-24 15:31:00,CNR2038006491,Success,CID146213,Prime SUV,KR Puram,Whitefield,182.0,90.0,Not Applicable,Not Applicable,No,Not Applicable,620,UPI,29,4.1,4.8
2024-07-08 17:25:00,CNR5455320422,Driver Not Found,CID458058,Prime Sedan,Padmanabhanagar,Malleshwaram,,,Not Applicable,Not Applicable,Not Applicable,Not Applicable,2896,Not Applicable,0,,
2024-07-07 13:02:00,CNR2200213842,Canceled by Customer,CID672046,Bike,Kengeri,Yelahanka,,,Wrong Address,Not Applicable,Not Applicable,Not Applicable,940,Not Applicable,0,,
2024-07-10 11:10:00,CNR2038975015,Success,CID334460,Prime Sedan,Varthur,Bellandur,245.0,110.0,Not Applicable,Not Applicable,No,Not Applicable,255,UPI,44,3.9,4.3
2024-07-22 02:42:00,CNR7507506715,Canceled by Customer,CID807422,eBike,BTM Layout,Kadugodi,,,AC is Not working,Not Applicable,Not Applicable,Not Applicable,116,Not Applicable,0,,
2024-07-28 02:49:00,CNR6376699279,Canceled by Driver,CID992813,Auto,HSR Layout,Magadi Road,,,Not Applicable,Personal & Car related issue,Not Applicable,Not Applicable,350,Not Applicable,0,,
2024-07-25 23:18:00,CNR5256173931,Canceled by Driver,CID365341,Prime Sedan,RT Nagar,Langford Town,,,Not Applicable,Customer related issue,Not Applicable,Not Applicable,212,Not Applicable,0,,
2024-07-13 13:32:00,CNR5575932173,Success,CID830397,Prime Plus,Peenya,HSR Layout,175.0,40.0,Not Applicable,Not Applicable,No,Not Applicable,1692,Cash,38,4.1,3.8
2024-07-17 09:54:00,CNR3965251627,Success,CID376519,Prime SUV,Padmanabhanagar,Indiranagar,98.0,95.0,Not Applicable,Not Applicable,No,Not Applicable,1595,UPI,10,4.5,3.0
2024-07-25 10:05:00,CNR5404792259,Success,CID335352,Prime SUV,Peenya,Padmanabhanagar,84.0,120.0,Not Applicable,Not Applicable,No,Not Applicable,364,Credit Card,35,3.8,4.3
2024-07-06 08:44:00,CNR3197069873,Success,CID948127,Prime Plus,Sahakar Nagar,Marathahalli,49.0,50.0,Not Applicable,Not Applicable,No,Not Applicable,146,Cash,36,3.5,4.6
2024-07-27 01:32:00,CNR6619344276,Success,CID585288,Auto,Majestic,Hebbal,273.0,80.0,Not Applicable,Not Applicable,No,Not Applicable,343,UPI,7,4.8,4.9
2024-07-02 11:28:00,CNR5009249274,Success,CID724833,Mini,Banashankari,Frazer Town,280.0,90.0,Not Applicable,Not Applicable,No,Not Applicable,195,UPI,11,4.6,3.3
2024-07-12 11:46:00,CNR5934272119,Canceled by Driver,CID504665,Prime Sedan,Basavanagudi,Kammanahalli,,,Not Applicable,Personal & Car related issue,Not Applicable,Not Applicable,442,Not Applicable,0,,
2024-07-06 16:50:00,CNR6262736633,Success,CID755864,Bike,Langford Town,Tumkur Road,287.0,80.0,Not Applicable,Not Applicable,No,Not Applicable,114,UPI,26,3.5,4.9
2024-07-27 17:29:00,CNR1376404012,Success,CID709975,Bike,Electronic City,Shantinagar,217.0,140.0,Not Applicable,Not Applicable,No,Not Applicable,164,UPI,42,3.8,3.2
2024-07-21 03:08:00,CNR4874909588,Success,CID999584,Prime SUV,Hulimavu,Whitefield,42.0,145.0,Not Applicable,Not Applicable,No,Not Applicable,177,UPI,31,3.1,4.9
2024-07-23 15:54:00,CNR4497633018,Success,CID225396,Bike,Hennur,Hosur Road,259.0,80.0,Not Applicable,Not Applicable,No,Not Applicable,829,Cash,23,3.8,3.3
2024-07-18 23:06:00,CNR6628760349,Canceled by Customer,CID559763,Auto,Richmond Town,Kadugodi,,,Driver asked to cancel,Not Applicable,Not Applicable,Not Applicable,135,Not Applicable,0,,
2024-07-02 13:08:00,CNR4145802177,Success,CID319421,Auto,Yeshwanthpur,Jayanagar,189.0,135.0,Not Applicable,Not Applicable,No,Not Applicable,248,Cash,15,3.4,3.7
2024-07-13 03:45:00,CNR5788329144,Success,CID757172,Bike,Sarjapur Road,Yeshwanthpur,56.0,125.0,Not Applicable,Not Applicable,Yes,Customer Demand,516,Cash,37,4.1,3.3
2024-07-09 02:28:00,CNR6131444936,Canceled by Driver,CID524509,Auto,Vijayanagar,Richmond Town,,,Not Applicable,More than permitted people in there,Not Applicable,Not Applicable,247,Not Applicable,0,,
2024-07-04 12:53:00,CNR5270232953,Success,CID414809,Prime SUV,Hulimavu,Chickpet,77.0,140.0,Not Applicable,Not Applicable,No,Not Applicable,368,UPI,43,4.7,3.5
2024-07-17 13:15:00,CNR7937775205,Driver Not Found,CID670960,Prime SUV,Indiranagar,Hennur,,,Not Applicable,Not Applicable,Not Applicable,Not Applicable,454,Not Applicable,0,,
2024-07-08 22:17:00,CNR3712981034,Success,CID591699,Mini,Jayanagar,Majestic,98.0,105.0,Not Applicable,Not Applicable,No,Not Applicable,1250,Cash,13,3.9,3.6
2024-07-21 16:24:00,CNR5102484925,Driver Not Found,CID506586,Prime Plus,JP Nagar,Tumkur Road,,,Not Applicable,Not Applicable,Not Applicable,Not Applicable,156,Not Applicable,0,,
2024-07-13 00:59:00,CNR7590515499,Success,CID975487,Prime SUV,Hulimavu,Kadugodi,56.0,145.0,Not Applicable,Not Applicable,No,Not Applicable,443,Credit Card,38,3.6,3.7
2024-07-21 22:33:00,CNR5071852914,Success,CID374907,eBike,Yelahanka,Richmond Town,224.0,55.0,Not Applicable,Not Applicable,No,Not Applicable,896,Cash,5,4.2,3.9
2024-07-21 16:51:00,CNR6831741812,Success,CID826013,Prime SUV,Vijayanagar,RT Nagar,42.0,90.0,Not Applicable,Not Applicable,No,Not Applicable,194,Cash,17,4.2,3.3
2024-07-27 01:05:00,CNR4097487099,Success,CID645450,Mini,Nagarbhavi,Malleshwaram,56.0,45.0,Not Applicable,Not Applicable,No,Not Applicable,152,Cash,18,4.9,3.8
2024-07-27 02:28:00,CNR8029395846,Canceled by Driver,CID558581,eBike,RT Nagar,Sahakar Nagar,,,Not Applicable,Personal & Car related issue,Not Applicable,Not Applicable,154,Not Applicable,0,,
2024-07-24 19:08:00,CNR6092085262,Success,CID984545,Mini,Banashankari,Frazer Town,98.0,55.0,Not Applicable,Not Applicable,No,Not Applicable,1647,UPI,36,3.3,4.4
2024-07-29 22:29:00,CNR4491036067,Success,CID479274,Prime SUV,BTM Layout,Whitefield,91.0,60.0,Not Applicable,Not Applicable,No,Not Applicable,370,UPI,26,3.4,3.6
2024-07-30 02:26:00,CNR2687635278,Success,CID316279,Bike,Rajarajeshwari Nagar,Koramangala,126.0,130.0,Not Applicable,Not Applicable,No,Not Applicable,237,UPI,2,4.4,3.5
2024-07-27 12:28:00,CNR6225654193,Canceled by Driver,CID221890,Mini,JP Nagar,Kadugodi,,,Not Applicable,Personal & Car related issue,Not Applicable,Not Applicable,189,Not Applicable,0,,
2024-07-28 14:46:00,CNR6713315894,Success,CID104160,Prime Plus,Marathahalli,Jayanagar,161.0,75.0,Not Applicable,Not Applicable,No,Not Applicable,403,Cash,18,4.9,3.4
2024-07-11 00:20:00,CNR9781892535,Success,CID287309,Auto,Electronic City,Varthur,245.0,55.0,Not Applicable,Not Applicable,Yes,Vehicle Breakdown,221,Cash,7,4.4,3.7
2024-07-28 02:18:00,CNR3779998145,Success,CID272812,Prime Sedan,Bannerghatta Road,Magadi Road,196.0,95.0,Not Applicable,Not Applicable,No,Not Applicable,287,Cash,47,4.5,4.7
2024-07-09 22:35:00,CNR5722643542,Canceled by Driver,CID894986,Prime Plus,Magadi Road,Hosur Road,,,Not Applicable,More than permitted people in there,Not Applicable,Not Applicable,409,Not Applicable,0,,
2024-07-01 18:34:00,CNR7413945459,Success,CID816766,Bike,Sahakar Nagar,Rajarajeshwari Nagar,98.0,105.0,Not Applicable,Not Applicable,No,Not Applicable,475,UPI,15,4.3,3.3
2024-07-10 10:15:00,CNR7878551557,Success,CID141110,Prime Plus,Hulimavu,Tumkur Road,217.0,110.0,Not Applicable,Not Applicable,No,Not Applicable,468,UPI,9,4.2,3.2
2024-07-11 17:03:00,CNR8842004583,Success,CID475739,Auto,Hennur,Mysore Road,294.0,145.0,Not Applicable,Not Applicable,No,Not Applicable,836,UPI,3,3.2,3.9
2024-07-20 23:43:00,CNR3728521127,Canceled by Driver,CID305005,Auto,Hebbal,Banashankari,,,Not Applicable,Personal & Car related issue,Not Applicable,Not Applicable,486,Not Applicable,0,,
2024-07-22 16:57:00,CNR4087677885,Canceled by Driver,CID882200,Auto,Frazer Town,Rajajinagar,,,Not Applicable,Customer was coughing/sick,Not Applicable,Not Applicable,329,Not Applicable,0,,
2024-07-14 00:38:00,CNR2720435003,Canceled by Customer,CID840117,Bike,Ramamurthy Nagar,Basavanagudi,,,AC is Not working,Not Applicable,Not Applicable,Not Applicable,1857,Not Applicable,0,,
2024-07-07 09:39:00,CNR2602556020,Success,CID561299,Bike,Sahakar Nagar,Whitefield,105.0,110.0,Not Applicable,Not Applicable,No,Not Applicable,172,UPI,20,4.2,3.7
2024-07-03 07:53:00,CNR6907297923,Success,CID160834,Prime SUV,Rajarajeshwari Nagar,Magadi Road,42.0,105.0,Not Applicable,Not Applicable,No,Not Applicable,424,Cash,14,3.4,3.9
2024-07-30 04:25:00,CNR2474447359,Success,CID361722,Auto,Rajajinagar,Kadugodi,126.0,55.0,Not Applicable,Not Applicable,No,Not Applicable,228,Cash,17,3.3,4.1
2024-07-18 05:33:00,CNR2631317852,Canceled by Driver,CID221591,Prime Plus,MG Road,Bannerghatta Road,,,Not Applicable,Customer related issue,Not Applicable,Not Applicable,160,Not Applicable,0,,
2024-07-25 06:09:00,CNR7926983762,Success,CID455554,Auto,Vijayanagar,HSR Layout,63.0,80.0,Not Applicable,Not Applicable,No,Not Applicable,325,UPI,8,3.7,3.5
2024-07-16 14:04:00,CNR3531304736,Driver Not Found,CID506204,Prime Sedan,Kadugodi,Hebbal,,,Not Applicable,Not Applicable,Not Applicable,Not Applicable,336,Not Applicable,0,,
2024-07-15 12:47:00,CNR8372041982,Driver Not Found,CID333681,Bike,KR Puram,Cox Town,,,Not Applicable,Not Applicable,Not Applicable,Not Applicable,335,Not Applicable,0,,
2024-07-04 20:52:00,CNR2009591240,Success,CID217298,Bike,Sahakar Nagar,Ulsoor,98.0,65.0,Not Applicable,Not Applicable,No,Not Applicable,1275,Cash,18,4.7,4.1
2024-07-02 05:00:00,CNR4206516394,Canceled by Customer,CID890434,Bike,Koramangala,Magadi Road,,,Change of plans,Not Applicable,Not Applicable,Not Applicable,665,Not Applicable,0,,
2024-07-06 03:31:00,CNR6869070217,Canceled by Customer,CID969793,Prime SUV,MG Road,Shivajinagar,,,Driver asked to cancel,Not Applicable,Not Applicable,Not Applicable,208,Not Applicable,0,,
2024-07-24 02:56:00,CNR5208450939,Success,CID277411,Auto,Kammanahalli,HSR Layout,252.0,140.0,Not Applicable,Not Applicable,No,Not Applicable,362,Debit Card,5,4.0,4.7
2024-07-09 08:39:00,CNR9490289718,Success,CID158008,Auto,Peenya,Malleshwaram,182.0,125.0,Not Applicable,Not Applicable,No,Not Applicable,160,Cash,7,3.9,4.0
2024-07-08 11:05:00,CNR3040962723,Canceled by Customer,CID302622,eBike,Hebbal,Bellandur,,,Driver asked to cancel,Not Applicable,Not Applicable,Not Applicable,238,Not Applicable,0,,
2024-07-09 16:13:00,CNR1151858708,Success,CID357775,Prime Sedan,Rajajinagar,Kengeri,77.0,55.0,Not Applicable,Not Applicable,No,Not Applicable,285,Cash,45,3.4,4.8
2024-07-08 22:11:00,CNR5645283824,Success,CID211591,Mini,Whitefield,Marathahalli,35.0,110.0,Not Applicable,Not Applicable,No,Not Applicable,500,UPI,2,3.3,3.5
2024-07-16 22:43:00,CNR4404185676,Success,CID890400,eBike,Rajarajeshwari Nagar,Banashankari,196.0,50.0,Not Applicable,Not Applicable,No,Not Applicable,128,Cash,17,4.2,4.5
2024-07-18 06:54:00,CNR9200478080,Success,CID941442,Prime Sedan,Sahakar Nagar,Kengeri,301.0,105.0,Not Applicable,Not Applicable,No,Not Applicable,2480,Cash,19,3.5,4.0
2024-07-01 06:55:00,CNR5969040852,Success,CID817674,Prime SUV,Devanahalli,Tumkur Road,42.0,120.0,Not Applicable,Not Applicable,No,Not Applicable,507,UPI,18,3.5,3.3
2024-07-29 09:40:00,CNR9588990912,Driver Not Found,CID709856,Bike,Banashankari,Electronic City,,,Not Applicable,Not Applicable,Not Applicable,Not Applicable,126,Not Applicable,0,,
2024-07-11 11:59:00,CNR7515657997,Success,CID637334,Auto,Hosur Road,HSR Layout,280.0,115.0,Not Applicable,Not Applicable,No,Not Applicable,356,UPI,14,4.3,3.5
2024-07-22 21:26:00,CNR8490444659,Driver Not Found,CID125691,Prime Sedan,HSR Layout,Cox Town,,,Not Applicable,Not Applicable,Not Applicable,Not Applicable,387,Not Applicable,0,,
2024-07-07 01:13:00,CNR3651895249,Canceled by Customer,CID853790,Auto,Chickpet,RT Nagar,,,Driver is not moving towards pickup location,Not Applicable,Not Applicable,Not Applicable,383,Not Applicable,0,,
2024-07-29 18:32:00,CNR5532736175,Success,CID541004,Prime Sedan,Majestic,Nagarbhavi,126.0,55.0,Not Applicable,Not Applicable,No,Not Applicable,440,UPI,37,3.5,4.5
2024-07-16 22:29:00,CNR7353873347,Success,CID638042,Prime SUV,Kengeri,RT Nagar,266.0,55.0,Not Applicable,Not Applicable,No,Not Applicable,336,Cash,23,4.6,4.3
2024-07-14 06:58:00,CNR1225454657,Success,CID471060,Mini,Richmond Town,Frazer Town,112.0,115.0,Not Applicable,Not Applicable,Yes,Vehicle Breakdown,963,Cash,17,3.9,4.9
2024-07-03 08:38:00,CNR9695494710,Canceled by Driver,CID802405,Mini,Rajajinagar,Hulimavu,,,Not Applicable,Personal & Car related issue,Not Applicable,Not Applicable,363,Not Applicable,0,,
2024-07-30 22:30:00,CNR8254947398,Canceled by Driver,CID210987,Prime Sedan,Hosur Road,Kadugodi,,,Not Applicable,Personal & Car related issue,Not Applicable,Not Applicable,206,Not Applicable,0,,
2024-07-18 04:05:00,CNR6361949992,Success,CID227863,eBike,Hennur,Chamarajpet,231.0,130.0,Not Applicable,Not Applicable,No,Not Applicable,180,UPI,41,4.2,4.3
2024-07-08 07:05:00,CNR1806502141,Success,CID173783,Mini,Malleshwaram,RT Nagar,70.0,35.0,Not Applicable,Not Applicable,No,Not Applicable,371,Cash,41,3.4,3.6
2024-07-18 09:36:00,CNR2812929969,Canceled by Driver,CID230542,Prime Sedan,Mysore Road,Rajarajeshwari Nagar,,,Not Applicable,Customer was coughing/sick,Not Applicable,Not Applicable,358,Not Applicable,0,,
2024-07-18 03:12:00,CNR4142968763,Canceled by Driver,CID768808,Prime Sedan,BTM Layout,JP Nagar,,,Not Applicable,More than permitted people in there,Not Applicable,Not Applicable,478,Not Applicable,0,,
2024-07-22 20:50:00,CNR1237356944,Canceled by Driver,CID102254,Bike,Peenya,Magadi Road,,,Not Applicable,Personal & Car related issue,Not Applicable,Not Applicable,718,Not Applicable,0,,
2024-07-06 22:12:00,CNR7472840265,Success,CID623290,Bike,HSR Layout,Shivajinagar,91.0,110.0,Not Applicable,Not Applicable,Yes,Customer Demand,265,Cash,22,4.1,3.6
2024-07-23 04:04:00,CNR3569049165,Success,CID624890,Prime Sedan,Sarjapur Road,Whitefield,196.0,60.0,Not Applicable,Not Applicable,Yes,Vehicle Breakdown,415,Cash,12,5.0,3.8
2024-07-29 13:42:00,CNR3754798412,Canceled by Driver,CID395100,Mini,Hosur Road,MG Road,,,Not Applicable,Personal & Car related issue,Not Applicable,Not Applicable,2966,Not Applicable,0,,
2024-07-29 07:06:00,CNR9070024551,Canceled by Customer,CID715018,eBike,Frazer Town,Marathahalli,,,Change of plans,Not Applicable,Not Applicable,Not Applicable,893,Not Applicable,0,,
2024-07-24 00:52:00,CNR6500339870,Success,CID265798,Prime SUV,Hosur Road,JP Nagar,301.0,55.0,Not Applicable,Not Applicable,No,Not Applicable,171,Cash,1,4.1,4.4
2024-07-14 01:38:00,CNR4542051143,Success,CID631269,Bike,Magadi Road,Basavanagudi,301.0,30.0,Not Applicable,Not Applicable,No,Not Applicable,303,UPI,25,4.8,3.1
2024-07-13 07:40:00,CNR5443843139,Canceled by Customer,CID915488,Prime Sedan,Devanahalli,Padmanabhanagar,,,Driver is not moving towards pickup location,Not Applicable,Not Applicable,Not Applicable,288,Not Applicable,0,,
2024-07-20 11:52:00,CNR7266538542,Success,CID389059,Bike,MG Road,Magadi Road,273.0,145.0,Not Applicable,Not Applicable,No,Not Applicable,335,UPI,6,4.4,4.9
2024-07-22 19:19:00,CNR7211423550,Success,CID121121,Bike,Kengeri,Majestic,112.0,25.0,Not Applicable,Not Applicable,No,Not Applicable,364,Cash,21,3.8,4.9
2024-07-27 01:21:00,CNR6088109679,Success,CID841059,Mini,RT Nagar,Hosur Road,259.0,80.0,Not Applicable,Not Applicable,No,Not Applicable,389,Cash,11,3.5,4.9
2024-07-19 20:00:00,CNR8065737402,Canceled by Driver,CID298212,Prime Plus,Kadugodi,Yelahanka,,,Not Applicable,Personal & Car related issue,Not Applicable,Not Applicable,255,Not Applicable,0,,
2024-07-27 13:44:00,CNR7898728145,Success,CID803938,Prime Plus,Richmond Town,Indiranagar,259.0,95.0,Not Applicable,Not Applicable,No,Not Applicable,329,Cash,46,3.1,4.6
2024-07-03 17:26:00,CNR9838278809,Driver Not Found,CID491491,Prime Plus,Langford Town,Yeshwanthpur,,,Not Applicable,Not Applicable,Not Applicable,Not Applicable,637,Not Applicable,0,,
2024-07-26 16:47:00,CNR6076552972,Success,CID656793,Auto,Electronic City,Bellandur,252.0,75.0,Not Applicable,Not Applicable,No,Not Applicable,152,Cash,10,4.4,4.8
2024-07-04 08:43:00,CNR8621530889,Success,CID579035,Prime Plus,Ulsoor,Ulsoor,133.0,105.0,Not Applicable,Not Applicable,No,Not Applicable,1148,UPI,30,4.4,4.9
2024-07-08 02:11:00,CNR5133491866,Canceled by Driver,CID300956,Prime SUV,Shivajinagar,HSR Layout,,,Not Applicable,More than permitted people in there,Not Applicable,Not Applicable,268,Not Applicable,0,,
2024-07-23 04:54:00,CNR6171886708,Success,CID373895,Prime Plus,Marathahalli,KR Puram,119.0,55.0,Not Applicable,Not Applicable,No,Not Applicable,409,UPI,17,4.6,3.2
2024-07-13 21:58:00,CNR7223020005,Success,CID185189,Mini,Mysore Road,Yeshwanthpur,161.0,55.0,Not Applicable,Not Applicable,No,Not Applicable,287,UPI,37,4.1,4.3
2024-07-14 15:08:00,CNR8608685746,Success,CID113666,eBike,Ramamurthy Nagar,Kadugodi,245.0,80.0,Not Applicable,Not Applicable,No,Not Applicable,815,Cash,12,3.5,5.0
2024-07-05 12:06:00,CNR1453180899,Success,CID152752,eBike,Jayanagar,Shivajinagar,231.0,130.0,Not Applicable,Not Applicable,No,Not Applicable,144,Cash,2,3.5,4.0
2024-07-16 15:41:00,CNR7863313809,Success,CID387330,Auto,Ulsoor,Langford Town,154.0,100.0,Not Applicable,Not Applicable,No,Not Applicable,418,Credit Card,17,3.5,3.8
2024-07-17 13:25:00,CNR6300762900,Canceled by Driver,CID593017,eBike,Richmond Town,KR Puram,,,Not Applicable,Personal & Car related issue,Not Applicable,Not Applicable,469,Not Applicable,0,,
2024-07-07 17:14:00,CNR3741124929,Canceled by Customer,CID471929,Auto,RT Nagar,Rajarajeshwari Nagar,,,Change of plans,Not Applicable,Not Applicable,Not Applicable,1752,Not Applicable,0,,
2024-07-23 03:40:00,CNR9491015359,Success,CID638224,Prime Sedan,Jayanagar,Banashankari,259.0,45.0,Not Applicable,Not Applicable,No,Not Applicable,1020,UPI,29,4.2,3.4
2024-07-07 11:05:00,CNR1129003010,Success,CID974249,Mini,Rajajinagar,Kadugodi,77.0,65.0,Not Applicable,Not Applicable,No,Not Applicable,2451,UPI,23,3.7,5.0
2024-07-18 16:27:00,CNR5838752010,Canceled by Driver,CID195305,Bike,Basavanagudi,Sahakar Nagar,,,Not Applicable,Personal & Car related issue,Not Applicable,Not Applicable,218,Not Applicable,0,,
2024-07-24 23:48:00,CNR5582555795,Success,CID992147,Prime SUV,Bellandur,Hebbal,133.0,90.0,Not Applicable,Not Applicable,No,Not Applicable,356,UPI,33,4.2,4.8
2024-07-21 13:28:00,CNR2729858496,Success,CID873023,Bike,Jayanagar,Shantinagar,252.0,60.0,Not Applicable,Not Applicable,No,Not Applicable,1570,Cash,9,3.1,4.4
2024-07-18 17:29:00,CNR8865467955,Canceled by Customer,CID111415,Bike,Richmond Town,Devanahalli,,,Driver asked to cancel,Not Applicable,Not Applicable,Not Applicable,1312,Not Applicable,0,,
2024-07-12 07:40:00,CNR8620100898,Success,CID876773,Prime SUV,Shivajinagar,Rajarajeshwari Nagar,140.0,75.0,Not Applicable,Not Applicable,No,Not Applicable,141,Cash,12,3.4,3.3
2024-07-25 00:47:00,CNR6110957451,Canceled by Driver,CID968426,eBike,Yeshwanthpur,Chickpet,,,Not Applicable,Customer was coughing/sick,Not Applicable,Not Applicable,448,Not Applicable,0,,
2024-07-10 23:47:00,CNR1241956963,Success,CID384955,Mini,Nagarbhavi,Banashankari,168.0,70.0,Not Applicable,Not Applicable,No,Not Applicable,170,Cash,39,4.1,3.9
2024-07-14 03:57:00,CNR7029214462,Success,CID256213,Prime Plus,MG Road,Shantinagar,168.0,45.0,Not Applicable,Not Applicable,No,Not Applicable,748,Cash,35,4.9,4.9
2024-07-10 18:29:00,CNR4496154094,Success,CID273867,Mini,Ramamurthy Nagar,Koramangala,231.0,85.0,Not Applicable,Not Applicable,No,Not Applicable,428,UPI,33,3.3,4.9
2024-07-15 23:27:00,CNR7608180038,Success,CID123457,Prime Sedan,Rajajinagar,Sarjapur Road,224.0,135.0,Not Applicable,Not Applicable,No,Not Applicable,194,UPI,8,3.1,4.3
2024-07-30 03:57:00,CNR5576371142,Canceled by Driver,CID848057,Mini,MG Road,Marathahalli,,,Not Applicable,Personal & Car related issue,Not Applicable,Not Applicable,483,Not Applicable,0,,
2024-07-21 15:09:00,CNR5441730952,Success,CID790248,eBike,Padmanabhanagar,Shantinagar,84.0,25.0,Not Applicable,Not Applicable,No,Not Applicable,316,Cash,21,4.7,4.0
2024-07-30 16:59:00,CNR7708550447,Canceled by Driver,CID584447,Mini,Ulsoor,Hosur Road,,,Not Applicable,Customer was coughing/sick,Not Applicable,Not Applicable,556,Not Applicable,0,,
2024-07-14 09:09:00,CNR5754855772,Success,CID428577,eBike,Devanahalli,RT Nagar,217.0,55.0,Not Applicable,Not Applicable,No,Not Applicable,247,Cash,38,3.4,3.4
2024-07-18 03:15:00,CNR5394965178,Success,CID894974,eBike,Koramangala,Banashankari,287.0,120.0,Not Applicable,Not Applicable,Yes,Other Issue,458,UPI,39,4.3,3.8
2024-07-26 14:06:00,CNR8922069454,Canceled by Customer,CID654501,Bike,Nagarbhavi,Basavanagudi,,,Change of plans,Not Applicable,Not Applicable,Not Applicable,395,Not Applicable,0,,
2024-07-16 21:36:00,CNR7844809144,Success,CID691302,Prime Plus,Richmond Town,Varthur,280.0,110.0,Not Applicable,Not Applicable,No,Not Applicable,105,UPI,29,4.3,3.5
2024-07-29 05:26:00,CNR5415876714,Canceled by Driver,CID737118,Auto,Whitefield,Chickpet,,,Not Applicable,Personal & Car related issue,Not Applicable,Not Applicable,258,Not Applicable,0,,
2024-07-19 23:28:00,CNR9147626709,Success,CID102610,eBike,Indiranagar,Majestic,105.0,95.0,Not Applicable,Not Applicable,No,Not Applicable,470,UPI,32,4.0,4.5
2024-07-25 19:11:00,CNR3956717287,Success,CID340993,Auto,Whitefield,Frazer Town,140.0,25.0,Not Applicable,Not Applicable,No,Not Applicable,340,UPI,12,3.8,3.8
2024-07-17 07:02:00,CNR6920417790,Canceled by Driver,CID628288,Prime Plus,Chickpet,JP Nagar,,,Not Applicable,Personal & Car related issue,Not Applicable,Not Applicable,179,Not Applicable,0,,
2024-07-21 09:24:00,CNR6685958967,Success,CID468093,Mini,Kengeri,Kadugodi,175.0,40.0,Not Applicable,Not Applicable,No,Not Applicable,460,UPI,9,3.6,4.2
2024-07-04 23:15:00,CNR6210906732,Success,CID327215,Bike,Kammanahalli,Hebbal,56.0,130.0,Not Applicable,Not Applicable,No,Not Applicable,217,Cash,44,4.1,3.4
2024-07-01 23:06:00,CNR1763072053,Canceled by Driver,CID877521,Mini,Basavanagudi,Malleshwaram,,,Not Applicable,More than permitted people in there,Not Applicable,Not Applicable,1641,Not Applicable,0,,
2024-07-12 22:58:00,CNR4297158515,Driver Not Found,CID642724,Auto,Chickpet,Rajajinagar,,,Not Applicable,Not Applicable,Not Applicable,Not Applicable,199,Not Applicable,0,,
2024-07-16 07:00:00,CNR5950664257,Success,CID784297,Auto,Peenya,Kadugodi,147.0,110.0,Not Applicable,Not Applicable,No,Not Applicable,438,Cash,10,3.2,3.2
2024-07-06 09:40:00,CNR9977812418,Driver Not Found,CID771147,Prime Plus,Chamarajpet,Yeshwanthpur,,,Not Applicable,Not Applicable,Not Applicable,Not Applicable,934,Not Applicable,0,,
2024-07-16 07:49:00,CNR9175546354,Canceled by Driver,CID552160,Prime Plus,Whitefield,JP Nagar,,,Not Applicable,Personal & Car related issue,Not Applicable,Not Applicable,492,Not Applicable,0,,
2024-07-16 12:30:00,CNR6705644326,Canceled by Customer,CID729241,Prime Plus,Kammanahalli,Hulimavu,,,AC is Not working,Not Applicable,Not Applicable,Not Applicable,180,Not Applicable,0,,
2024-07-10 07:54:00,CNR4905085592,Canceled by Driver,CID655146,Prime SUV,RT Nagar,Rajarajeshwari Nagar,,,Not Applicable,More than permitted people in there,Not Applicable,Not Applicable,329,Not Applicable,0,,
2024-07-13 21:18:00,CNR4218471058,Success,CID481066,Prime Plus,Magadi Road,Frazer Town,217.0,115.0,Not Applicable,Not Applicable,No,Not Applicable,270,Cash,32,4.9,4.0
2024-07-13 15:19:00,CNR8003133268,Canceled by Driver,CID822322,Prime Sedan,Kammanahalli,Chamarajpet,,,Not Applicable,Customer related issue,Not Applicable,Not Applicable,149,Not Applicable,0,,
2024-07-03 21:03:00,CNR9278268748,Canceled by Customer,CID362631,Bike,BTM Layout,Hosur Road,,,Change of plans,Not Applicable,Not Applicable,Not Applicable,181,Not Applicable,0,,
2024-07-07 09:43:00,CNR4777341288,Success,CID768460,Prime Plus,Padmanabhanagar,Whitefield,105.0,80.0,Not Applicable,Not Applicable,No,Not Applicable,292,UPI,1,3.6,3.3
2024-07-02 12:57:00,CNR7861877954,Success,CID528516,Auto,Hebbal,Hennur,49.0,140.0,Not Applicable,Not Applicable,No,Not Applicable,213,Credit Card,11,4.4,4.5
2024-07-01 01:48:00,CNR9477570220,Canceled by Customer,CID118921,eBike,BTM Layout,MG Road,,,AC is Not working,Not Applicable,Not Applicable,Not Applicable,1662,Not Applicable,0,,
2024-07-26 07:45:00,CNR8098529096,Success,CID448298,Mini,Ulsoor,Chickpet,203.0,50.0,Not Applicable,Not Applicable,No,Not Applicable,650,UPI,32,4.3,4.4
2024-07-30 23:47:00,CNR4009075184,Success,CID674748,Bike,Ramamurthy Nagar,Sarjapur Road,112.0,25.0,Not Applicable,Not Applicable,No,Not Applicable,153,Cash,15,4.4,3.2
2024-07-24 06:59:00,CNR3031015071,Canceled by Driver,CID742605,Prime Sedan,Padmanabhanagar,Rajarajeshwari Nagar,,,Not Applicable,Personal & Car related issue,Not Applicable,Not Applicable,157,Not Applicable,0,,
2024-07-11 19:14:00,CNR7593283746,Canceled by Driver,CID232871,Bike,KR Puram,Hosur Road,,,Not Applicable,More than permitted people in there,Not Applicable,Not Applicable,159,Not Applicable,0,,
2024-07-08 09:10:00,CNR7648719037,Canceled by Customer,CID433475,Prime Sedan,Jayanagar,Padmanabhanagar,,,Driver asked to cancel,Not Applicable,Not Applicable,Not Applicable,475,Not Applicable,0,,
2024-07-04 07:18:00,CNR1687843277,Canceled by Driver,CID558129,eBike,Sarjapur Road,Basavanagudi,,,Not Applicable,Personal & Car related issue,Not Applicable,Not Applicable,194,Not Applicable,0,,
2024-07-17 10:20:00,CNR1318981707,Success,CID211470,Prime Plus,Banashankari,Shantinagar,119.0,100.0,Not Applicable,Not Applicable,No,Not Applicable,746,Cash,33,3.7,3.1
2024-07-11 12:36:00,CNR2724944336,Driver Not Found,CID528638,Mini,Electronic City,Indiranagar,,,Not Applicable,Not Applicable,Not Applicable,Not Applicable,474,Not Applicable,0,,
2024-07-15 09:41:00,CNR5272548829,Canceled by Driver,CID998830,Mini,Jayanagar,Frazer Town,,,Not Applicable,Customer was coughing/sick,Not Applicable,Not Applicable,116,Not Applicable,0,,
2024-07-06 09:31:00,CNR9905022561,Success,CID332660,eBike,Cox Town,Whitefield,112.0,90.0,Not Applicable,Not Applicable,No,Not Applicable,608,Cash,47,3.5,4.4
2024-07-03 04:57:00,CNR9023799913,Canceled by Driver,CID914369,Prime SUV,MG Road,Indiranagar,,,Not Applicable,Personal & Car related issue,Not Applicable,Not Applicable,824,Not Applicable,0,,
2024-07-12 17:30:00,CNR9131998872,Driver Not Found,CID716635,eBike,Marathahalli,Shivajinagar,,,Not Applicable,Not Applicable,Not Applicable,Not Applicable,380,Not Applicable,0,,
2024-07-12 11:22:00,CNR5587376097,Success,CID858291,eBike,Malleshwaram,Indiranagar,126.0,55.0,Not Applicable,Not Applicable,Yes,Other Issue,436,Cash,27,3.8,4.4
2024-07-23 07:25:00,CNR9358715547,Success,CID233739,Prime Plus,MG Road,Kadugodi,63.0,140.0,Not Applicable,Not Applicable,No,Not Applicable,249,UPI,9,4.2,4.5
2024-07-07 21:35:00,CNR9968382655,Success,CID679359,Prime Plus,Nagarbhavi,Magadi Road,161.0,105.0,Not Applicable,Not Applicable,No,Not Applicable,234,Cash,29,3.9,4.5
2024-07-22 07:23:00,CNR3814813470,Canceled by Driver,CID314639,Prime Plus,Hosur Road,Whitefield,,,Not Applicable,Customer related issue,Not Applicable,Not Applicable,252,Not Applicable,0,,
2024-07-07 00:12:00,CNR4481518705,Success,CID788064,Prime Plus,Kadugodi,Ramamurthy Nagar,140.0,95.0,Not Applicable,Not Applicable,No,Not Applicable,733,Cash,4,4.2,3.5
2024-07-27 00:42:00,CNR4387626299,Success,CID700197,Bike,Banashankari,Kadugodi,98.0,90.0,Not Applicable,Not Applicable,No,Not Applicable,429,Cash,44,3.3,3.3
2024-07-30 17:33:00,CNR3575490253,Success,CID134196,Prime Sedan,Indiranagar,Rajajinagar,154.0,25.0,Not Applicable,Not Applicable,No,Not Applicable,372,Cash,10,4.3,4.8
2024-07-17 15:14:00,CNR2370657515,Success,CID942362,Prime SUV,Chickpet,Majestic,91.0,115.0,Not Applicable,Not Applicable,No,Not Applicable,211,Cash,27,4.3,4.5
2024-07-22 03:09:00,CNR1126906787,Canceled by Customer,CID801189,Bike,Majestic,Malleshwaram,,,Change of plans,Not Applicable,Not Applicable,Not Applicable,394,Not Applicable,0,,
2024-07-01 16:02:00,CNR1679373722,Success,CID185467,Prime Plus,MG Road,Hennur,196.0,80.0,Not Applicable,Not Applicable,No,Not Applicable,492,UPI,2,3.6,4.0
2024-07-04 15:08:00,CNR8245720948,Success,CID172028,Prime SUV,Hebbal,Vijayanagar,196.0,85.0,Not Applicable,Not Applicable,Yes,Other Issue,867,Cash,2,3.8,3.8
2024-07-17 08:57:00,CNR2622694197,Success,CID400881,Prime SUV,Koramangala,MG Road,35.0,75.0,Not Applicable,Not Applicable,No,Not Applicable,192,Cash,43,4.4,3.8
2024-07-11 22:17:00,CNR4786702210,Success,CID111448,Mini,Malleshwaram,Banashankari,133.0,110.0,Not Applicable,Not Applicable,No,Not Applicable,204,UPI,38,4.8,3.6
2024-07-17 04:39:00,CNR2572122641,Success,CID960951,Prime Sedan,Peenya,Majestic,91.0,35.0,Not Applicable,Not Applicable,No,Not Applicable,618,Cash,33,3.7,3.6
2024-07-10 08:06:00,CNR4018444586,Driver Not Found,CID479439,Bike,Magadi Road,Peenya,,,Not Applicable,Not Applicable,Not Applicable,Not Applicable,136,Not Applicable,0,,
2024-07-06 20:42:00,CNR3504850122,Success,CID173020,Auto,Kengeri,Magadi Road,182.0,30.0,Not Applicable,Not Applicable,No,Not Applicable,367,Cash,13,3.6,4.4
2024-07-05 14:21:00,CNR3736030314,Success,CID701333,Prime Plus,BTM Layout,Marathahalli,42.0,125.0,Not Applicable,Not Applicable,No,Not Applicable,1712,Cash,29,3.7,4.4
2024-07-15 15:36:00,CNR7351799307,Canceled by Driver,CID936351,Prime Sedan,Kadugodi,Banashankari,,,Not Applicable,Customer related issue,Not Applicable,Not Applicable,475,Not Applicable,0,,
2024-07-14 17:05:00,CNR7352603151,Success,CID728173,eBike,Kadugodi,Langford Town,133.0,25.0,Not Applicable,Not Applicable,No,Not Applicable,317,UPI,49,5.0,4.4
2024-07-27 01:13:00,CNR8083316091,Canceled by Driver,CID403845,Prime Sedan,JP Nagar,Electronic City,,,Not Applicable,Customer related issue,Not Applicable,Not Applicable,217,Not Applicable,0,,
2024-07-07 20:01:00,CNR1255303152,Canceled by Driver,CID222937,Prime Plus,Magadi Road,Yeshwanthpur,,,Not Applicable,Customer related issue,Not Applicable,Not Applicable,364,Not Applicable,0,,
2024-07-24 12:48:00,CNR1068787097,Canceled by Driver,CID374741,Prime SUV,Hosur Road,Chickpet,,,Not Applicable,Customer was coughing/sick,Not Applicable,Not Applicable,558,Not Applicable,0,,
2024-07-24 18:50:00,CNR1199419289,Success,CID395165,Auto,Basavanagudi,Ulsoor,175.0,75.0,Not Applicable,Not Applicable,No,Not Applicable,907,UPI,13,4.7,3.3
2024-07-05 13:00:00,CNR7260643827,Canceled by Driver,CID978335,Prime SUV,Chamarajpet,Varthur,,,Not Applicable,Customer related issue,Not Applicable,Not Applicable,290,Not Applicable,0,,
2024-07-09 19:34:00,CNR6038617676,Canceled by Driver,CID930183,Prime SUV,BTM Layout,KR Puram,,,Not Applicable,Customer was coughing/sick,Not Applicable,Not Applicable,205,Not Applicable,0,,
2024-07-21 19:16:00,CNR8659893511,Success,CID150352,Prime Sedan,Bannerghatta Road,Ulsoor,112.0,50.0,Not Applicable,Not Applicable,No,Not Applicable,302,UPI,23,4.4,3.9
2024-07-21 21:49:00,CNR6765772832,Success,CID989483,Prime Plus,Frazer Town,Hebbal,154.0,90.0,Not Applicable,Not Applicable,No,Not Applicable,382,Cash,17,3.3,3.9
2024-07-17 13:19:00,CNR1838481592,Success,CID136804,Bike,Kadugodi,Banashankari,217.0,80.0,Not Applicable,Not Applicable,No,Not Applicable,377,Cash,2,4.6,4.2
2024-07-26 20:09:00,CNR2947084395,Success,CID435926,Bike,Kengeri,HSR Layout,140.0,105.0,Not Applicable,Not Applicable,No,Not Applicable,372,UPI,20,3.4,4.6
2024-07-02 10:25:00,CNR5175021944,Canceled by Driver,CID198535,Prime Sedan,Rajajinagar,Richmond Town,,,Not Applicable,More than permitted people in there,Not Applicable,Not Applicable,235,Not Applicable,0,,
2024-07-30 10:05:00,CNR7070795884,Success,CID922399,Prime Plus,Whitefield,Yelahanka,308.0,90.0,Not Applicable,Not Applicable,Yes,Vehicle Breakdown,368,Cash,28,4.6,3.3
2024-07-21 06:36:00,CNR1842888024,Success,CID587634,Auto,Majestic,Koramangala,252.0,95.0,Not Applicable,Not Applicable,No,Not Applicable,352,Cash,6,4.5,3.9
2024-07-15 00:56:00,CNR9682080962,Success,CID851400,Auto,Hebbal,Ramamurthy Nagar,161.0,85.0,Not Applicable,Not Applicable,No,Not Applicable,207,Cash,6,4.1,4.2
2024-07-17 12:19:00,CNR3830346639,Success,CID526941,Bike,Yeshwanthpur,Indiranagar,210.0,50.0,Not Applicable,Not Applicable,No,Not Applicable,122,UPI,31,3.6,3.1
2024-07-15 11:34:00,CNR6106421882,Success,CID121710,Bike,Nagarbhavi,Shivajinagar,98.0,145.0,Not Applicable,Not Applicable,No,Not Applicable,865,Cash,11,4.0,3.7
2024-07-18 12:34:00,CNR8284900934,Success,CID756741,Prime Plus,Chamarajpet,Devanahalli,49.0,140.0,Not Applicable,Not Applicable,No,Not Applicable,807,UPI,34,4.6,3.1
2024-07-14 07:55:00,CNR5688737852,Success,CID206146,Prime Plus,Padmanabhanagar,Devanahalli,259.0,30.0,Not Applicable,Not Applicable,No,Not Applicable,322,UPI,27,3.9,3.6
2024-07-14 13:12:00,CNR4610132107,Success,CID923412,Prime Sedan,Ramamurthy Nagar,Hebbal,273.0,75.0,Not Applicable,Not Applicable,No,Not Applicable,368,Credit Card,23,3.3,3.3
2024-07-02 16:10:00,CNR5308165951,Success,CID323563,Auto,Indiranagar,Marathahalli,182.0,45.0,Not Applicable,Not Applicable,No,Not Applicable,569,UPI,4,4.8,3.5
2024-07-22 08:35:00,CNR6388287527,Success,CID440560,eBike,Peenya,Hebbal,112.0,85.0,Not Applicable,Not Applicable,No,Not Applicable,326,Cash,28,3.6,3.3
2024-07-12 15:59:00,CNR6648279315,Driver Not Found,CID465443,Bike,HSR Layout,Bannerghatta Road,,,Not Applicable,Not Applicable,Not Applicable,Not Applicable,292,Not Applicable,0,,
2024-07-04 07:32:00,CNR1242088734,Success,CID180771,Prime Sedan,Shantinagar,Frazer Town,133.0,65.0,Not Applicable,Not Applicable,No,Not Applicable,378,Cash,8,3.8,3.9
2024-07-26 12:12:00,CNR6697476507,Success,CID647815,Auto,Hebbal,Ramamurthy Nagar,210.0,35.0,Not Applicable,Not Applicable,No,Not Applicable,413,UPI,16,4.6,4.0
2024-07-12 00:50:00,CNR9499430552,Canceled by Driver,CID812446,Bike,Hosur Road,Padmanabhanagar,,,Not Applicable,Customer was coughing/sick,Not Applicable,Not Applicable,158,Not Applicable,0,,
2024-07-25 05:38:00,CNR5864380548,Canceled by Customer,CID426016,Prime SUV,Electronic City,Frazer Town,,,Change of plans,Not Applicable,Not Applicable,Not Applicable,550,Not Applicable,0,,
2024-07-23 05:44:00,CNR5615233143,Success,CID863261,Prime Sedan,Majestic,Yeshwanthpur,294.0,125.0,Not Applicable,Not Applicable,No,Not Applicable,916,Cash,23,3.7,3.4
2024-07-11 11:54:00,CNR8132641535,Canceled by Driver,CID536292,Prime Sedan,Chamarajpet,Banashankari,,,Not Applicable,Customer related issue,Not Applicable,Not Applicable,925,Not Applicable,0,,
2024-07-15 10:47:00,CNR8674185720,Success,CID956969,Bike,Sahakar Nagar,Ramamurthy Nagar,301.0,40.0,Not Applicable,Not Applicable,No,Not Applicable,291,Cash,10,4.4,3.2
2024-07-23 19:56:00,CNR9048875103,Success,CID360043,Prime Sedan,Bannerghatta Road,KR Puram,266.0,65.0,Not Applicable,Not Applicable,No,Not Applicable,386,Cash,40,3.6,5.0
2024-07-13 08:34:00,CNR8886354591,Success,CID296624,Mini,Malleshwaram,Mysore Road,203.0,100.0,Not Applicable,Not Applicable,Yes,Vehicle Breakdown,368,UPI,9,3.9,3.4
2024-07-07 16:28:00,CNR1372468644,Success,CID464633,Mini,Electronic City,Sahakar Nagar,84.0,65.0,Not Applicable,Not Applicable,No,Not Applicable,140,UPI,6,3.3,3.2
2024-07-10 17:48:00,CNR4875292220,Canceled by Driver,CID529009,Bike,Sahakar Nagar,RT Nagar,,,Not Applicable,Personal & Car related issue,Not Applicable,Not Applicable,823,Not Applicable,0,,
2024-07-21 05:16:00,CNR4177342913,Success,CID326184,Mini,BTM Layout,Magadi Road,133.0,60.0,Not Applicable,Not Applicable,No,Not Applicable,102,Cash,33,4.5,5.0
2024-07-29 23:24:00,CNR5394653065,Success,CID335306,Prime Plus,Cox Town,Ulsoor,182.0,30.0,Not Applicable,Not Applicable,No,Not Applicable,2663,UPI,10,4.4,3.7
2024-07-04 04:02:00,CNR1707798874,Driver Not Found,CID717904,Prime SUV,Kadugodi,Malleshwaram,,,Not Applicable,Not Applicable,Not Applicable,Not Applicable,888,Not Applicable,0,,
2024-07-03 09:41:00,CNR4745373588,Canceled by Driver,CID216685,Prime SUV,Bannerghatta Road,Banashankari,,,Not Applicable,Personal & Car related issue,Not Applicable,Not Applicable,305,Not Applicable,0,,
2024-07-26 05:35:00,CNR9885255424,Success,CID291979,Bike,Malleshwaram,Richmond Town,35.0,60.0,Not Applicable,Not Applicable,No,Not Applicable,446,Credit Card,38,3.4,4.1
2024-07-28 09:20:00,CNR6838117898,Success,CID370248,Prime SUV,Sarjapur Road,Hosur Road,168.0,95.0,Not Applicable,Not Applicable,No,Not Applicable,210,Cash,32,3.2,3.9
2024-07-12 16:20:00,CNR8417438071,Success,CID775253,eBike,Shivajinagar,Yelahanka,280.0,80.0,Not Applicable,Not Applicable,No,Not Applicable,561,Cash,42,4.0,4.3
2024-07-21 20:18:00,CNR2952113056,Success,CID173039,Auto,Devanahalli,Hosur Road,273.0,100.0,Not Applicable,Not Applicable,No,Not Applicable,132,UPI,4,3.8,4.9
2024-07-27 01:05:00,CNR3734661235,Success,CID992348,Auto,HSR Layout,KR Puram,287.0,130.0,Not Applicable,Not Applicable,No,Not Applicable,152,UPI,12,3.8,4.4
2024-07-13 16:05:00,CNR6849237557,Canceled by Customer,CID491588,Bike,Tumkur Road,Yeshwanthpur,,,AC is Not working,Not Applicable,Not Applicable,Not Applicable,169,Not Applicable,0,,
2024-07-30 05:42:00,CNR2952420053,Success,CID572979,Bike,Padmanabhanagar,RT Nagar,154.0,25.0,Not Applicable,Not Applicable,No,Not Applicable,118,Cash,2,4.3,4.9
2024-07-27 18:07:00,CNR2054848187,Success,CID154364,Prime SUV,Hebbal,Koramangala,245.0,115.0,Not Applicable,Not Applicable,No,Not Applicable,200,UPI,40,4.2,3.3
2024-07-21 13:09:00,CNR4171104994,Success,CID532777,Mini,Cox Town,Frazer Town,91.0,70.0,Not Applicable,Not Applicable,No,Not Applicable,394,Cash,9,3.0,3.9
2024-07-08 03:24:00,CNR2295579863,Success,CID570159,Prime Plus,Mysore Road,Varthur,140.0,35.0,Not Applicable,Not Applicable,No,Not Applicable,211,UPI,11,4.2,3.1
2024-07-21 19:24:00,CNR6710732740,Success,CID318084,Prime SUV,Nagarbhavi,Padmanabhanagar,133.0,145.0,Not Applicable,Not Applicable,No,Not Applicable,182,Cash,10,4.7,3.2
2024-07-13 22:41:00,CNR8612426235,Success,CID291090,Prime Plus,Sahakar Nagar,Devanahalli,63.0,115.0,Not Applicable,Not Applicable,No,Not Applicable,246,Cash,37,3.8,3.7
2024-07-28 08:05:00,CNR3757868144,Success,CID981188,Prime Sedan,Cox Town,RT Nagar,154.0,35.0,Not Applicable,Not Applicable,No,Not Applicable,413,Cash,6,4.0,4.1
2024-07-25 09:13:00,CNR8380261346,Canceled by Driver,CID974549,Prime Sedan,Banashankari,Yeshwanthpur,,,Not Applicable,More than permitted people in there,Not Applicable,Not Applicable,143,Not Applicable,0,,
2024-07-20 10:05:00,CNR4347533227,Canceled by Driver,CID361631,Bike,Cox Town,Mysore Road,,,Not Applicable,Customer related issue,Not Applicable,Not Applicable,265,Not Applicable,0,,
2024-07-03 14:11:00,CNR7046776759,Success,CID543131,Prime Plus,Varthur,Yelahanka,175.0,110.0,Not Applicable,Not Applicable,No,Not Applicable,727,Cash,36,4.9,3.1
2024-07-26 06:52:00,CNR9707584647,Success,CID392301,Prime SUV,Chickpet,Indiranagar,63.0,55.0,Not Applicable,Not Applicable,No,Not Applicable,723,UPI,2,4.0,4.4
2024-07-28 04:31:00,CNR4892146072,Success,CID650756,Bike,MG Road,Chickpet,140.0,110.0,Not Applicable,Not Applicable,Yes,Customer Demand,165,Cash,13,3.6,3.7
2024-07-05 12:58:00,CNR1079823900,Canceled by Driver,CID648119,Prime SUV,Vijayanagar,Sahakar Nagar,,,Not Applicable,Customer was coughing/sick,Not Applicable,Not Applicable,336,Not Applicable,0,,
2024-07-21 16:19:00,CNR7577165183,Success,CID334083,eBike,Yelahanka,Kammanahalli,140.0,65.0,Not Applicable,Not Applicable,No,Not Applicable,1895,Cash,48,3.4,3.1
2024-07-29 09:54:00,CNR5087438716,Success,CID401127,Prime Sedan,Tumkur Road,Kammanahalli,77.0,50.0,Not Applicable,Not Applicable,No,Not Applicable,214,Cash,14,3.3,3.4
2024-07-13 20:55:00,CNR6781152503,Success,CID120261,Auto,Majestic,Koramangala,259.0,130.0,Not Applicable,Not Applicable,No,Not Applicable,195,Cash,16,3.1,4.8
2024-07-09 13:57:00,CNR2725780348,Success,CID798193,Prime Plus,Padmanabhanagar,Rajajinagar,77.0,60.0,Not Applicable,Not Applicable,No,Not Applicable,304,Cash,35,3.1,3.6
2024-07-08 17:28:00,CNR9287642897,Success,CID675675,Auto,Richmond Town,Malleshwaram,294.0,45.0,Not Applicable,Not Applicable,No,Not Applicable,215,UPI,7,4.2,3.2
2024-07-09 13:02:00,CNR5589070440,Driver Not Found,CID318035,eBike,Ramamurthy Nagar,Ramamurthy Nagar,,,Not Applicable,Not Applicable,Not Applicable,Not Applicable,278,Not Applicable,0,,
2024-07-01 19:12:00,CNR7628858006,Success,CID150749,eBike,Whitefield,Rajajinagar,259.0,145.0,Not Applicable,Not Applicable,No,Not Applicable,434,Cash,40,4.1,4.9
2024-07-28 15:46:00,CNR4486942578,Success,CID294353,Prime SUV,HSR Layout,KR Puram,308.0,115.0,Not Applicable,Not Applicable,No,Not Applicable,520,Cash,43,4.0,4.7
2024-07-19 12:23:00,CNR2609009844,Success,CID619506,Prime Sedan,Whitefield,Magadi Road,63.0,25.0,Not Applicable,Not Applicable,No,Not Applicable,1523,Credit Card,37,3.8,4.9
2024-07-12 21:23:00,CNR2794217320,Canceled by Driver,CID591986,Mini,JP Nagar,HSR Layout,,,Not Applicable,Personal & Car related issue,Not Applicable,Not Applicable,940,Not Applicable,0,,
2024-07-12 03:52:00,CNR9679147561,Canceled by Driver,CID178336,Mini,Padmanabhanagar,Varthur,,,Not Applicable,Customer was coughing/sick,Not Applicable,Not Applicable,158,Not Applicable,0,,
2024-07-11 12:36:00,CNR6415052712,Driver Not Found,CID983424,Mini,BTM Layout,Jayanagar,,,Not Applicable,Not Applicable,Not Applicable,Not Applicable,162,Not Applicable,0,,
2024-07-16 05:16:00,CNR4816347928,Success,CID584636,eBike,RT Nagar,Shantinagar,49.0,25.0,Not Applicable,Not Applicable,No,Not Applicable,469,Cash,17,3.3,3.6
2024-07-22 21:39:00,CNR5709626866,Success,CID617408,Prime Sedan,Shivajinagar,Varthur,49.0,35.0,Not Applicable,Not Applicable,No,Not Applicable,408,Cash,11,3.7,3.1
2024-07-29 04:33:00,CNR2672735333,Canceled by Driver,CID413643,Prime Plus,Richmond Town,Yelahanka,,,Not Applicable,Customer related issue,Not Applicable,Not Applicable,387,Not Applicable,0,,
2024-07-04 19:50:00,CNR7659260709,Canceled by Driver,CID620188,Auto,Basavanagudi,Mysore Road,,,Not Applicable,Customer related issue,Not Applicable,Not Applicable,652,Not Applicable,0,,
2024-07-01 18:25:00,CNR5940989692,Success,CID523043,Prime SUV,Mysore Road,Frazer Town,273.0,75.0,Not Applicable,Not Applicable,Yes,Customer Demand,2475,UPI,22,3.5,4.7
2024-07-28 22:19:00,CNR8406042262,Success,CID121636,Bike,HSR Layout,Chamarajpet,35.0,40.0,Not Applicable,Not Applicable,No,Not Applicable,252,Cash,2,3.3,3.7
2024-07-11 16:26:00,CNR7520653323,Success,CID371379,Prime Plus,BTM Layout,Shivajinagar,280.0,135.0,Not Applicable,Not Applicable,No,Not Applicable,118,UPI,49,3.5,4.9
2024-07-30 08:52:00,CNR2888552992,Success,CID399902,Mini,Richmond Town,HSR Layout,217.0,25.0,Not Applicable,Not Applicable,No,Not Applicable,134,Cash,45,4.6,4.3
2024-07-26 22:03:00,CNR5904530568,Success,CID793455,Mini,Tumkur Road,Bellandur,294.0,95.0,Not Applicable,Not Applicable,No,Not Applicable,241,Cash,17,3.8,4.3
2024-07-10 10:10:00,CNR8041573505,Success,CID196734,Mini,Magadi Road,Shantinagar,91.0,70.0,Not Applicable,Not Applicable,No,Not Applicable,535,Cash,3,4.6,4.5
2024-07-29 07:34:00,CNR6153661845,Success,CID104220,Mini,Bannerghatta Road,Varthur,280.0,60.0,Not Applicable,Not Applicable,No,Not Applicable,335,UPI,10,4.0,3.7
2024-07-06 23:02:00,CNR1272734365,Driver Not Found,CID820454,Auto,Kengeri,Sarjapur Road,,,Not Applicable,Not Applicable,Not Applicable,Not Applicable,244,Not Applicable,0,,
2024-07-22 09:36:00,CNR9477276854,Canceled by Driver,CID825403,Auto,Chickpet,Basavanagudi,,,Not Applicable,Customer was coughing/sick,Not Applicable,Not Applicable,351,Not Applicable,0,,
2024-07-08 15:46:00,CNR1752299318,Canceled by Driver,CID645692,Bike,Majestic,Richmond Town,,,Not Applicable,Personal & Car related issue,Not Applicable,Not Applicable,175,Not Applicable,0,,
2024-07-10 20:01:00,CNR9032227483,Success,CID887153,Bike,Vijayanagar,Bellandur,42.0,75.0,Not Applicable,Not Applicable,No,Not Applicable,411,UPI,20,3.7,3.3
2024-07-18 05:30:00,CNR5728572508,Canceled by Customer,CID641453,Auto,Sarjapur Road,Jayanagar,,,AC is Not working,Not Applicable,Not Applicable,Not Applicable,229,Not Applicable,0,,
2024-07-21 08:17:00,CNR4585867033,Success,CID737487,Mini,Tumkur Road,Banashankari,231.0,115.0,Not Applicable,Not Applicable,No,Not Applicable,434,Cash,10,3.5,4.6
2024-07-07 06:49:00,CNR2500236943,Success,CID419480,Prime Sedan,Hulimavu,Yeshwanthpur,119.0,75.0,Not Applicable,Not Applicable,No,Not Applicable,415,Cash,13,4.7,3.4
2024-07-05 23:31:00,CNR6505890379,Success,CID558516,Mini,Jayanagar,Mysore Road,133.0,25.0,Not Applicable,Not Applicable,No,Not Applicable,968,UPI,26,3.8,3.8
2024-07-10 01:49:00,CNR7484101392,Driver Not Found,CID474199,Prime SUV,Rajarajeshwari Nagar,Tumkur Road,,,Not Applicable,Not Applicable,Not Applicable,Not Applicable,403,Not Applicable,0,,
2024-07-27 00:43:00,CNR8595315659,Success,CID181111,Bike,Richmond Town,Bannerghatta Road,238.0,145.0,Not Applicable,Not Applicable,No,Not Applicable,2461,Cash,38,3.1,4.8
2024-07-10 08:28:00,CNR5879169131,Success,CID953349,Bike,Devanahalli,Hosur Road,238.0,35.0,Not Applicable,Not Applicable,No,Not Applicable,138,UPI,17,4.1,4.4
2024-07-19 21:42:00,CNR7916238882,Success,CID120843,Prime Sedan,Hennur,Chamarajpet,224.0,120.0,Not Applicable,Not Applicable,No,Not Applicable,727,UPI,6,3.1,4.9
2024-07-22 18:07:00,CNR7035775624,Success,CID637842,Prime Sedan,Ramamurthy Nagar,Padmanabhanagar,63.0,35.0,Not Applicable,Not Applicable,Yes,Customer Demand,418,UPI,38,4.9,3.3
2024-07-15 13:22:00,CNR7980874385,Success,CID767528,Prime Plus,Ulsoor,Hulimavu,147.0,65.0,Not Applicable,Not Applicable,Yes,Customer Demand,192,UPI,8,3.4,3.4
2024-07-05 22:55:00,CNR5616198274,Canceled by Customer,CID304212,Auto,Devanahalli,Chamarajpet,,,AC is Not working,Not Applicable,Not Applicable,Not Applicable,396,Not Applicable,0,,
2024-07-04 07:03:00,CNR2785931252,Canceled by Customer,CID546004,Auto,Ramamurthy Nagar,Whitefield,,,Wrong Address,Not Applicable,Not Applicable,Not Applicable,112,Not Applicable,0,,
2024-07-06 17:46:00,CNR5613010404,Canceled by Driver,CID903721,Prime Plus,Kammanahalli,Bellandur,,,Not Applicable,Customer was coughing/sick,Not Applicable,Not Applicable,833,Not Applicable,0,,
2024-07-17 12:04:00,CNR8391061261,Canceled by Driver,CID795121,eBike,Mysore Road,Koramangala,,,Not Applicable,More than permitted people in there,Not Applicable,Not Applicable,2602,Not Applicable,0,,
2024-07-23 20:38:00,CNR9008872639,Driver Not Found,CID687740,Prime SUV,Hennur,Majestic,,,Not Applicable,Not Applicable,Not Applicable,Not Applicable,195,Not Applicable,0,,
2024-07-21 16:42:00,CNR6849975229,Success,CID369065,Auto,Chamarajpet,Bellandur,70.0,125.0,Not Applicable,Not Applicable,No,Not Applicable,152,Cash,13,4.4,4.3
2024-07-27 00:50:00,CNR9536945444,Success,CID267957,Prime Plus,Electronic City,Rajarajeshwari Nagar,287.0,145.0,Not Applicable,Not Applicable,No,Not Applicable,840,Credit Card,14,4.2,3.0
2024-07-08 03:34:00,CNR8581207977,Success,CID869105,Prime Plus,Shantinagar,Rajajinagar,273.0,80.0,Not Applicable,Not Applicable,No,Not Applicable,385,Cash,38,4.1,4.6
2024-07-02 10:35:00,CNR3850330780,Canceled by Customer,CID789626,Bike,BTM Layout,Hulimavu,,,Wrong Address,Not Applicable,Not Applicable,Not Applicable,911,Not Applicable,0,,
2024-07-09 20:35:00,CNR9412158365,Success,CID169564,Mini,Cox Town,Marathahalli,217.0,55.0,Not Applicable,Not Applicable,No,Not Applicable,351,Cash,11,3.7,3.8
2024-07-26 18:47:00,CNR1608830623,Success,CID402039,Bike,Sahakar Nagar,Chamarajpet,105.0,145.0,Not Applicable,Not Applicable,No,Not Applicable,425,UPI,10,4.2,4.7
2024-07-03 16:59:00,CNR6006415116,Success,CID586123,Prime Sedan,Ulsoor,Yelahanka,189.0,75.0,Not Applicable,Not Applicable,Yes,Other Issue,719,Debit Card,42,4.2,4.7
2024-07-23 11:49:00,CNR6228340283,Canceled by Customer,CID811190,eBike,Mysore Road,Kengeri,,,Wrong Address,Not Applicable,Not Applicable,Not Applicable,176,Not Applicable,0,,
2024-07-03 17:33:00,CNR9834754320,Success,CID345188,Mini,Shantinagar,Hosur Road,266.0,60.0,Not Applicable,Not Applicable,No,Not Applicable,765,Credit Card,43,5.0,3.2
2024-07-15 14:44:00,CNR6526479979,Canceled by Driver,CID652725,eBike,Kengeri,Rajarajeshwari Nagar,,,Not Applicable,More than permitted people in there,Not Applicable,Not Applicable,397,Not Applicable,0,,
2024-07-12 12:36:00,CNR3375479886,Success,CID726763,Prime Sedan,Kadugodi,JP Nagar,119.0,70.0,Not Applicable,Not Applicable,No,Not Applicable,314,Cash,6,4.2,3.6
2024-07-13 13:18:00,CNR5104992013,Driver Not Found,CID278434,Mini,Yelahanka,JP Nagar,,,Not Applicable,Not Applicable,Not Applicable,Not Applicable,459,Not Applicable,0,,
2024-07-28 18:37:00,CNR7119985605,Canceled by Driver,CID855069,Bike,MG Road,Kadugodi,,,Not Applicable,Personal & Car related issue,Not Applicable,Not Applicable,300,Not Applicable,0,,
2024-07-09 16:58:00,CNR8829479145,Canceled by Driver,CID775773,Prime Sedan,Bannerghatta Road,Whitefield,,,Not Applicable,Personal & Car related issue,Not Applicable,Not Applicable,114,Not Applicable,0,,
2024-07-06 03:05:00,CNR1107808907,Success,CID391326,Prime SUV,Peenya,Basavanagudi,224.0,65.0,Not Applicable,Not Applicable,No,Not Applicable,895,UPI,10,4.4,4.6
2024-07-11 05:40:00,CNR4418286041,Success,CID976080,Prime Plus,Bannerghatta Road,Chickpet,238.0,100.0,Not Applicable,Not Applicable,No,Not Applicable,616,Cash,38,3.3,3.6
2024-07-23 03:20:00,CNR7747056121,Success,CID221507,eBike,Sahakar Nagar,Vijayanagar,287.0,90.0,Not Applicable,Not Applicable,No,Not Applicable,325,Cash,41,4.3,3.8
2024-07-22 06:38:00,CNR1543385924,Success,CID570797,Mini,Cox Town,Kammanahalli,161.0,145.0,Not Applicable,Not Applicable,No,Not Applicable,413,Cash,10,3.4,4.4
2024-07-08 02:07:00,CNR5144131269,Canceled by Customer,CID914771,Auto,Frazer Town,Ulsoor,,,Driver is not moving towards pickup location,Not Applicable,Not Applicable,Not Applicable,920,Not Applicable,0,,
2024-07-05 09:15:00,CNR9825219242,Success,CID214412,Bike,Kengeri,RT Nagar,112.0,135.0,Not Applicable,Not Applicable,No,Not Applicable,637,Cash,34,3.8,3.6
2024-07-02 08:31:00,CNR8759616415,Canceled by Customer,CID122318,Bike,Yelahanka,Jayanagar,,,Change of plans,Not Applicable,Not Applicable,Not Applicable,471,Not Applicable,0,,
2024-07-02 02:44:00,CNR1713345348,Success,CID449552,Prime Sedan,Vijayanagar,Basavanagudi,168.0,105.0,Not Applicable,Not Applicable,No,Not Applicable,377,UPI,4,4.8,3.3
2024-07-27 14:00:00,CNR3407800772,Driver Not Found,CID263649,Mini,Padmanabhanagar,Devanahalli,,,Not Applicable,Not Applicable,Not Applicable,Not Applicable,914,Not Applicable,0,,
2024-07-24 07:42:00,CNR8182390934,Success,CID989175,Auto,Frazer Town,Ramamurthy Nagar,70.0,110.0,Not Applicable,Not Applicable,No,Not Applicable,298,UPI,3,3.8,3.3
2024-07-25 04:27:00,CNR3593023691,Canceled by Customer,CID933289,eBike,Malleshwaram,Mysore Road,,,AC is Not working,Not Applicable,Not Applicable,Not Applicable,1539,Not Applicable,0,,
2024-07-04 05:40:00,CNR2651101075,Canceled by Driver,CID915137,eBike,Kammanahalli,Tumkur Road,,,Not Applicable,Personal & Car related issue,Not Applicable,Not Applicable,355,Not Applicable,0,,
2024-07-18 20:16:00,CNR4893891260,Success,CID702018,Mini,Richmond Town,Hennur,280.0,35.0,Not Applicable,Not Applicable,No,Not Applicable,839,UPI,46,4.0,4.1
2024-07-19 15:37:00,CNR4947643985,Canceled by Driver,CID664124,Prime Plus,Langford Town,Hosur Road,,,Not Applicable,Personal & Car related issue,Not Applicable,Not Applicable,379,Not Applicable,0,,
2024-07-10 23:59:00,CNR2009913837,Canceled by Customer,CID964229,Prime Sedan,Chickpet,Richmond Town,,,Driver is not moving towards pickup location,Not Applicable,Not Applicable,Not Applicable,319,Not Applicable,0,,
2024-07-08 17:07:00,CNR7315617744,Driver Not Found,CID479199,eBike,Bannerghatta Road,HSR Layout,,,Not Applicable,Not Applicable,Not Applicable,Not Applicable,485,Not Applicable,0,,
2024-07-18 05:46:00,CNR4023529695,Success,CID703385,Bike,Malleshwaram,Majestic,175.0,70.0,Not Applicable,Not Applicable,No,Not Applicable,460,UPI,38,4.3,3.1
2024-07-22 10:44:00,CNR9831582113,Success,CID789695,eBike,Richmond Town,HSR Layout,182.0,65.0,Not Applicable,Not Applicable,No,Not Applicable,328,Cash,38,3.9,3.3
2024-07-11 01:18:00,CNR2544357231,Success,CID384529,Auto,Rajarajeshwari Nagar,Chamarajpet,280.0,70.0,Not Applicable,Not Applicable,No,Not Applicable,252,Cash,3,4.0,4.3
2024-07-18 06:04:00,CNR3633645279,Success,CID914229,eBike,Jayanagar,Mysore Road,245.0,30.0,Not Applicable,Not Applicable,No,Not Applicable,307,Cash,39,3.7,3.7
2024-07-24 17:11:00,CNR2509727047,Canceled by Driver,CID124936,eBike,Indiranagar,Chamarajpet,,,Not Applicable,More than permitted people in there,Not Applicable,Not Applicable,871,Not Applicable,0,,
2024-07-29 21:57:00,CNR2397668462,Success,CID228557,Prime Plus,Marathahalli,Kammanahalli,49.0,100.0,Not Applicable,Not Applicable,No,Not Applicable,125,Cash,23,4.9,4.4
2024-07-28 09:13:00,CNR3608801486,Driver Not Found,CID669111,Auto,HSR Layout,Frazer Town,,,Not Applicable,Not Applicable,Not Applicable,Not Applicable,548,Not Applicable,0,,
2024-07-15 07:08:00,CNR7848234218,Canceled by Customer,CID965644,Prime SUV,Marathahalli,Jayanagar,,,Driver is not moving towards pickup location,Not Applicable,Not Applicable,Not Applicable,2903,Not Applicable,0,,
2024-07-20 11:59:00,CNR6945710724,Success,CID693968,Prime Sedan,Chamarajpet,Langford Town,168.0,65.0,Not Applicable,Not Applicable,No,Not Applicable,289,UPI,4,4.4,3.8
2024-07-02 03:38:00,CNR6778656190,Canceled by Driver,CID243687,eBike,Frazer Town,Bannerghatta Road,,,Not Applicable,Personal & Car related issue,Not Applicable,Not Applicable,475,Not Applicable,0,,
2024-07-18 07:00:00,CNR6384506198,Success,CID927852,eBike,Vijayanagar,Banashankari,231.0,145.0,Not Applicable,Not Applicable,No,Not Applicable,171,UPI,28,3.9,4.9
2024-07-16 15:31:00,CNR9812596568,Success,CID198113,Prime Sedan,Banashankari,Richmond Town,175.0,130.0,Not Applicable,Not Applicable,No,Not Applicable,321,Cash,27,4.2,3.5
2024-07-23 13:08:00,CNR3562549240,Success,CID744596,Prime Sedan,Indiranagar,Hosur Road,301.0,75.0,Not Applicable,Not Applicable,No,Not Applicable,423,UPI,34,3.8,4.6
2024-07-21 01:39:00,CNR8327335289,Success,CID840155,Prime Plus,Ramamurthy Nagar,Nagarbhavi,252.0,25.0,Not Applicable,Not Applicable,No,Not Applicable,137,Cash,29,3.4,4.2
2024-07-14 20:21:00,CNR7858906530,Success,CID138641,Mini,RT Nagar,Shivajinagar,42.0,95.0,Not Applicable,Not Applicable,No,Not Applicable,156,Cash,30,3.2,4.4
2024-07-01 16:07:00,CNR2354757152,Success,CID389784,Auto,Indiranagar,Ulsoor,56.0,40.0,Not Applicable,Not Applicable,Yes,Customer Demand,631,Cash,1,5.0,4.4
2024-07-14 14:47:00,CNR6541928207,Success,CID141810,Mini,Varthur,Hennur,70.0,65.0,Not Applicable,Not Applicable,No,Not Applicable,331,UPI,5,3.4,4.7
2024-07-10 11:28:00,CNR5084614354,Canceled by Driver,CID616802,Bike,Hosur Road,Hebbal,,,Not Applicable,Customer was coughing/sick,Not Applicable,Not Applicable,964,Not Applicable,0,,
2024-07-15 01:36:00,CNR2221569002,Canceled by Customer,CID171469,Mini,Devanahalli,Hosur Road,,,Driver asked to cancel,Not Applicable,Not Applicable,Not Applicable,255,Not Applicable,0,,
2024-07-11 18:09:00,CNR7217434335,Driver Not Found,CID905655,Auto,KR Puram,Kengeri,,,Not Applicable,Not Applicable,Not Applicable,Not Applicable,148,Not Applicable,0,,
2024-07-02 01:34:00,CNR4340584411,Success,CID327225,Auto,Jayanagar,Langford Town,91.0,130.0,Not Applicable,Not Applicable,No,Not Applicable,121,UPI,12,3.9,3.5
2024-07-15 06:16:00,CNR2440745694,Success,CID688221,Prime Sedan,Chickpet,Malleshwaram,189.0,115.0,Not Applicable,Not Applicable,No,Not Applicable,358,Cash,14,4.2,3.8
2024-07-11 16:36:00,CNR4827097457,Canceled by Driver,CID378720,Bike,Richmond Town,Shantinagar,,,Not Applicable,Personal & Car related issue,Not Applicable,Not Applicable,327,Not Applicable,0,,
2024-07-13 19:06:00,CNR4084837425,Success,CID885493,Bike,Majestic,Magadi Road,210.0,55.0,Not Applicable,Not Applicable,No,Not Applicable,839,Cash,32,4.1,3.5
2024-07-19 14:41:00,CNR8391112895,Success,CID469197,Auto,Peenya,Rajarajeshwari Nagar,273.0,145.0,Not Applicable,Not Applicable,No,Not Applicable,453,UPI,1,3.6,4.5
2024-07-21 07:09:00,CNR8526344746,Canceled by Driver,CID582388,Prime Plus,Bannerghatta Road,Majestic,,,Not Applicable,Personal & Car related issue,Not Applicable,Not Applicable,118,Not Applicable,0,,
2024-07-14 17:19:00,CNR4821487768,Success,CID611448,Mini,Hebbal,Jayanagar,231.0,115.0,Not Applicable,Not Applicable,No,Not Applicable,2321,Cash,41,3.5,4.6
2024-07-28 17:17:00,CNR1321797168,Canceled by Customer,CID805431,Mini,Cox Town,Bannerghatta Road,,,Driver is not moving towards pickup location,Not Applicable,Not Applicable,Not Applicable,293,Not Applicable,0,,
2024-07-15 16:26:00,CNR3881886654,Canceled by Driver,CID996086,eBike,Basavanagudi,Sahakar Nagar,,,Not Applicable,Customer related issue,Not Applicable,Not Applicable,374,Not Applicable,0,,
2024-07-30 21:02:00,CNR6435763414,Canceled by Driver,CID825977,Auto,Kengeri,Yeshwanthpur,,,Not Applicable,Personal & Car related issue,Not Applicable,Not Applicable,647,Not Applicable,0,,
2024-07-30 22:50:00,CNR1075359539,Success,CID395830,eBike,Hulimavu,Devanahalli,287.0,50.0,Not Applicable,Not Applicable,No,Not Applicable,283,Cash,20,4.1,3.4
2024-07-25 04:07:00,CNR6848346663,Success,CID700374,Prime SUV,Bellandur,Malleshwaram,77.0,90.0,Not Applicable,Not Applicable,Yes,Vehicle Breakdown,427,Cash,33,3.4,4.6
2024-07-18 09:47:00,CNR4861155232,Success,CID813667,Auto,Varthur,Langford Town,301.0,50.0,Not Applicable,Not Applicable,No,Not Applicable,269,Cash,6,4.1,4.6
2024-07-09 01:44:00,CNR2712860828,Success,CID592105,eBike,Padmanabhanagar,Marathahalli,70.0,95.0,Not Applicable,Not Applicable,No,Not Applicable,324,Credit Card,44,4.7,4.4
2024-07-21 11:32:00,CNR5989201791,Success,CID690899,Auto,BTM Layout,Rajarajeshwari Nagar,245.0,40.0,Not Applicable,Not Applicable,No,Not Applicable,120,Cash,9,3.1,3.8
2024-07-27 16:25:00,CNR5760805265,Canceled by Driver,CID538261,eBike,Kammanahalli,Basavanagudi,,,Not Applicable,Customer related issue,Not Applicable,Not Applicable,228,Not Applicable,0,,
2024-07-25 07:59:00,CNR2167391065,Success,CID576030,Auto,Jayanagar,Whitefield,84.0,70.0,Not Applicable,Not Applicable,No,Not Applicable,485,Cash,18,3.7,4.4
2024-07-26 16:40:00,CNR6158553588,Driver Not Found,CID298273,Auto,Hulimavu,Chamarajpet,,,Not Applicable,Not Applicable,Not Applicable,Not Applicable,347,Not Applicable,0,,
2024-07-03 05:00:00,CNR3809361447,Success,CID700823,Prime Plus,Cox Town,Vijayanagar,266.0,40.0,Not Applicable,Not Applicable,No,Not Applicable,236,Cash,48,3.1,4.9
2024-07-25 20:50:00,CNR2852640988,Canceled by Customer,CID766635,Prime SUV,Ulsoor,Hulimavu,,,Change of plans,Not Applicable,Not Applicable,Not Applicable,315,Not Applicable,0,,
2024-07-05 10:49:00,CNR5639511246,Success,CID276234,Bike,Ramamurthy Nagar,Langford Town,161.0,25.0,Not Applicable,Not Applicable,No,Not Applicable,1982,UPI,20,4.9,4.2
2024-07-12 02:27:00,CNR7755242980,Canceled by Driver,CID179011,Bike,Basavanagudi,Shivajinagar,,,Not Applicable,Customer was coughing/sick,Not Applicable,Not Applicable,191,Not Applicable,0,,
2024-07-26 19:59:00,CNR3643177388,Success,CID385903,Prime Sedan,Marathahalli,Sahakar Nagar,259.0,140.0,Not Applicable,Not Applicable,No,Not Applicable,400,Cash,43,4.9,4.3
2024-07-04 03:24:00,CNR2171994762,Driver Not Found,CID791054,eBike,Devanahalli,Mysore Road,,,Not Applicable,Not Applicable,Not Applicable,Not Applicable,192,Not Applicable,0,,
2024-07-12 12:51:00,CNR2386406776,Driver Not Found,CID628044,eBike,Bannerghatta Road,Magadi Road,,,Not Applicable,Not Applicable,Not Applicable,Not Applicable,441,Not Applicable,0,,
2024-07-08 17:16:00,CNR8845104933,Canceled by Customer,CID151597,Bike,Indiranagar,Devanahalli,,,Driver asked to cancel,Not Applicable,Not Applicable,Not Applicable,116,Not Applicable,0,,
2024-07-09 13:11:00,CNR6166348652,Success,CID602748,eBike,Magadi Road,RT Nagar,210.0,85.0,Not Applicable,Not Applicable,No,Not Applicable,428,Cash,14,4.6,3.6
2024-07-19 17:15:00,CNR6871905194,Driver Not Found,CID197029,Auto,Sarjapur Road,Frazer Town,,,Not Applicable,Not Applicable,Not Applicable,Not Applicable,108,Not Applicable,0,,
2024-07-09 04:21:00,CNR9013243306,Canceled by Driver,CID824053,Mini,Sahakar Nagar,Yelahanka,,,Not Applicable,Personal & Car related issue,Not Applicable,Not Applicable,260,Not Applicable,0,,
2024-07-13 00:12:00,CNR6767056289,Canceled by Driver,CID943267,Mini,Kadugodi,BTM Layout,,,Not Applicable,Customer was coughing/sick,Not Applicable,Not Applicable,1666,Not Applicable,0,,
2024-07-14 12:04:00,CNR2455209249,Driver Not Found,CID265018,Prime Sedan,Magadi Road,MG Road,,,Not Applicable,Not Applicable,Not Applicable,Not Applicable,308,Not Applicable,0,,
2024-07-21 19:42:00,CNR5567781750,Success,CID183501,Mini,Richmond Town,Sarjapur Road,266.0,105.0,Not Applicable,Not Applicable,No,Not Applicable,265,Cash,21,4.8,4.2
2024-07-02 22:27:00,CNR9998646101,Success,CID666105,eBike,Magadi Road,Ulsoor,175.0,100.0,Not Applicable,Not Applicable,No,Not Applicable,847,Cash,34,4.3,4.9
2024-07-25 04:48:00,CNR3698694069,Success,CID437021,Mini,Chamarajpet,Bellandur,84.0,140.0,Not Applicable,Not Applicable,No,Not Applicable,553,UPI,22,3.7,5.0
2024-07-16 04:55:00,CNR3216455029,Canceled by Driver,CID273166,Prime Plus,Tumkur Road,Malleshwaram,,,Not Applicable,More than permitted people in there,Not Applicable,Not Applicable,136,Not Applicable,0,,
2024-07-25 07:48:00,CNR3780977899,Success,CID738684,Auto,Shantinagar,Vijayanagar,259.0,130.0,Not Applicable,Not Applicable,No,Not Applicable,1741,Cash,1,3.1,3.9
2024-07-03 05:21:00,CNR2466045316,Success,CID647395,eBike,Richmond Town,Shantinagar,301.0,135.0,Not Applicable,Not Applicable,No,Not Applicable,608,Cash,10,3.1,4.1
2024-07-07 03:20:00,CNR9916275233,Success,CID648726,eBike,Bannerghatta Road,Rajajinagar,147.0,60.0,Not Applicable,Not Applicable,No,Not Applicable,313,Cash,13,4.1,3.0
2024-07-03 05:22:00,CNR2364985243,Driver Not Found,CID940693,Prime Sedan,Ramamurthy Nagar,Kammanahalli,,,Not Applicable,Not Applicable,Not Applicable,Not Applicable,220,Not Applicable,0,,
2024-07-03 10:35:00,CNR7844377991,Success,CID335754,Prime Sedan,Padmanabhanagar,KR Puram,98.0,50.0,Not Applicable,Not Applicable,No,Not Applicable,237,UPI,9,3.3,3.2
2024-07-05 19:05:00,CNR1648904717,Canceled by Driver,CID452768,Prime SUV,Sahakar Nagar,Shantinagar,,,Not Applicable,Personal & Car related issue,Not Applicable,Not Applicable,221,Not Applicable,0,,
2024-07-22 14:13:00,CNR2586070650,Success,CID348436,Auto,BTM Layout,Yelahanka,154.0,140.0,Not Applicable,Not Applicable,No,Not Applicable,327,Cash,14,3.4,4.8
2024-07-24 07:02:00,CNR8983383493,Success,CID433608,Prime Sedan,Mysore Road,Hebbal,308.0,40.0,Not Applicable,Not Applicable,No,Not Applicable,493,UPI,33,4.3,4.0
2024-07-28 04:44:00,CNR7887735821,Success,CID281206,Prime Sedan,Electronic City,Yelahanka,161.0,85.0,Not Applicable,Not Applicable,No,Not Applicable,272,UPI,16,4.4,4.2
2024-07-29 14:30:00,CNR7679071632,Success,CID755478,Prime Plus,Bellandur,Marathahalli,49.0,55.0,Not Applicable,Not Applicable,No,Not Applicable,460,UPI,26,4.9,5.0
2024-07-02 12:41:00,CNR1272425135,Driver Not Found,CID364265,Mini,Kengeri,Peenya,,,Not Applicable,Not Applicable,Not Applicable,Not Applicable,456,Not Applicable,0,,
2024-07-19 11:42:00,CNR9852806600,Canceled by Driver,CID850133,Auto,Sahakar Nagar,Koramangala,,,Not Applicable,Customer related issue,Not Applicable,Not Applicable,852,Not Applicable,0,,
2024-07-27 01:00:00,CNR3929662439,Success,CID369795,Bike,BTM Layout,KR Puram,77.0,105.0,Not Applicable,Not Applicable,No,Not Applicable,100,Cash,2,4.5,3.1
2024-07-11 11:37:00,CNR5401202703,Canceled by Driver,CID168492,Prime Sedan,Yelahanka,Mysore Road,,,Not Applicable,Customer related issue,Not Applicable,Not Applicable,341,Not Applicable,0,,
2024-07-03 15:45:00,CNR7136507770,Success,CID699847,Prime Plus,Banashankari,Frazer Town,294.0,135.0,Not Applicable,Not Applicable,No,Not Applicable,194,UPI,39,3.4,5.0
2024-07-21 15:56:00,CNR2009938411,Success,CID646824,Prime Plus,KR Puram,Bellandur,273.0,60.0,Not Applicable,Not Applicable,No,Not Applicable,230,Cash,2,4.4,4.7
2024-07-16 14:05:00,CNR6002091170,Success,CID795029,eBike,Devanahalli,Peenya,168.0,80.0,Not Applicable,Not Applicable,No,Not Applicable,875,Cash,30,4.6,3.7
2024-07-06 21:28:00,CNR2411561458,Success,CID761349,Prime Plus,Rajarajeshwari Nagar,Kengeri,154.0,120.0,Not Applicable,Not Applicable,No,Not Applicable,302,Credit Card,12,4.7,4.3
2024-07-11 20:01:00,CNR8648255309,Success,CID957568,Mini,Langford Town,Malleshwaram,224.0,55.0,Not Applicable,Not Applicable,No,Not Applicable,297,UPI,29,4.6,4.0
2024-07-09 10:19:00,CNR5801157159,Canceled by Driver,CID102167,Mini,Padmanabhanagar,Malleshwaram,,,Not Applicable,Customer was coughing/sick,Not Applicable,Not Applicable,259,Not Applicable,0,,
2024-07-11 09:41:00,CNR5689932233,Success,CID525274,Mini,HSR Layout,Shivajinagar,266.0,30.0,Not Applicable,Not Applicable,No,Not Applicable,2267,Cash,17,4.7,4.5
2024-07-30 00:58:00,CNR3693035755,Success,CID631109,Bike,Nagarbhavi,Peenya,42.0,100.0,Not Applicable,Not Applicable,No,Not Applicable,183,Cash,49,3.2,4.9
2024-07-23 06:08:00,CNR9041434621,Canceled by Driver,CID940290,Prime Plus,Malleshwaram,Kadugodi,,,Not Applicable,More than permitted people in there,Not Applicable,Not Applicable,403,Not Applicable,0,,
2024-07-12 00:27:00,CNR5015561166,Success,CID543220,Auto,RT Nagar,Rajarajeshwari Nagar,126.0,80.0,Not Applicable,Not Applicable,No,Not Applicable,183,UPI,12,4.1,3.6
2024-07-22 02:42:00,CNR4083224230,Success,CID497378,Prime Sedan,Mysore Road,Langford Town,196.0,30.0,Not Applicable,Not Applicable,No,Not Applicable,347,Cash,27,4.4,4.4
2024-07-24 14:16:00,CNR4375125360,Success,CID153282,Mini,Bannerghatta Road,Kadugodi,119.0,145.0,Not Applicable,Not Applicable,No,Not Applicable,275,Cash,3,4.3,4.2
2024-07-17 21:50:00,CNR1078389495,Success,CID322469,eBike,Hennur,Devanahalli,105.0,25.0,Not Applicable,Not Applicable,No,Not Applicable,144,Cash,19,4.2,3.9
2024-07-23 21:16:00,CNR5582763806,Success,CID310365,eBike,RT Nagar,Bannerghatta Road,238.0,120.0,Not Applicable,Not Applicable,No,Not Applicable,2792,UPI,11,4.9,3.6
2024-07-10 05:13:00,CNR3208470897,Success,CID191596,Mini,Sarjapur Road,Malleshwaram,147.0,80.0,Not Applicable,Not Applicable,No,Not Applicable,485,Cash,6,4.2,4.3
2024-07-15 00:31:00,CNR4723103448,Success,CID243957,Auto,Rajarajeshwari Nagar,BTM Layout,168.0,65.0,Not Applicable,Not Applicable,No,Not Applicable,2064,UPI,11,4.4,3.4
2024-07-05 23:16:00,CNR6984364221,Success,CID171707,Prime SUV,Jayanagar,Yelahanka,49.0,145.0,Not Applicable,Not Applicable,No,Not Applicable,453,Cash,24,4.5,5.0
2024-07-04 15:23:00,CNR2938271843,Canceled by Driver,CID385727,Prime Sedan,Ramamurthy Nagar,Hebbal,,,Not Applicable,Customer related issue,Not Applicable,Not Applicable,185,Not Applicable,0,,
2024-07-15 04:49:00,CNR1983679834,Success,CID447473,eBike,Chamarajpet,Peenya,168.0,40.0,Not Applicable,Not Applicable,No,Not Applicable,100,UPI,27,5.0,3.2
2024-07-07 07:21:00,CNR1774062767,Success,CID318076,Auto,Indiranagar,Rajajinagar,273.0,80.0,Not Applicable,Not Applicable,No,Not Applicable,671,Cash,1,4.9,4.6
2024-07-28 07:25:00,CNR3055813149,Canceled by Customer,CID701456,Mini,Shivajinagar,Hennur,,,AC is Not working,Not Applicable,Not Applicable,Not Applicable,438,Not Applicable,0,,
2024-07-10 23:06:00,CNR9040287327,Success,CID465268,Prime Plus,Shantinagar,Yelahanka,42.0,110.0,Not Applicable,Not Applicable,No,Not Applicable,238,UPI,26,3.1,4.6
2024-07-23 05:59:00,CNR8207982025,Canceled by Driver,CID609560,eBike,Nagarbhavi,Hosur Road,,,Not Applicable,More than permitted people in there,Not Applicable,Not Applicable,1465,Not Applicable,0,,
2024-07-24 09:51:00,CNR7784254132,Driver Not Found,CID822715,Auto,Rajajinagar,Yelahanka,,,Not Applicable,Not Applicable,Not Applicable,Not Applicable,416,Not Applicable,0,,
2024-07-28 03:35:00,CNR6451188147,Success,CID380755,Bike,Sahakar Nagar,Ramamurthy Nagar,224.0,85.0,Not Applicable,Not Applicable,No,Not Applicable,894,UPI,23,3.7,4.0
2024-07-17 01:10:00,CNR7913724993,Success,CID906473,Prime Sedan,Kadugodi,Mysore Road,112.0,90.0,Not Applicable,Not Applicable,No,Not Applicable,131,UPI,19,4.7,4.0
2024-07-11 07:40:00,CNR7689277809,Success,CID449371,Auto,Cox Town,JP Nagar,56.0,90.0,Not Applicable,Not Applicable,No,Not Applicable,250,Cash,18,4.1,4.2
2024-07-12 05:07:00,CNR1631283436,Canceled by Driver,CID692240,Bike,RT Nagar,BTM Layout,,,Not Applicable,Customer was coughing/sick,Not Applicable,Not Applicable,989,Not Applicable,0,,
2024-07-10 13:00:00,CNR3366650136,Success,CID773032,Mini,Yeshwanthpur,MG Road,266.0,35.0,Not Applicable,Not Applicable,No,Not Applicable,124,UPI,27,4.8,4.5
2024-07-17 04:13:00,CNR3422727467,Canceled by Driver,CID335086,Prime Plus,Whitefield,Ulsoor,,,Not Applicable,Personal & Car related issue,Not Applicable,Not Applicable,967,Not Applicable,0,,
2024-07-04 20:12:00,CNR4682542226,Canceled by Driver,CID769405,Prime Plus,Whitefield,Banashankari,,,Not Applicable,Customer was coughing/sick,Not Applicable,Not Applicable,354,Not Applicable,0,,
2024-07-23 23:34:00,CNR2532487471,Success,CID281874,Auto,Indiranagar,Langford Town,147.0,115.0,Not Applicable,Not Applicable,No,Not Applicable,441,UPI,11,3.9,4.0
2024-07-13 19:18:00,CNR9996881657,Success,CID642395,Bike,Tumkur Road,Tumkur Road,42.0,135.0,Not Applicable,Not Applicable,No,Not Applicable,270,UPI,16,3.6,5.0
2024-07-30 02:54:00,CNR7483410575,Canceled by Customer,CID489935,Prime Sedan,Chamarajpet,Padmanabhanagar,,,Driver is not moving towards pickup location,Not Applicable,Not Applicable,Not Applicable,374,Not Applicable,0,,
2024-07-11 15:07:00,CNR8973627895,Success,CID953967,Auto,BTM Layout,BTM Layout,273.0,40.0,Not Applicable,Not Applicable,No,Not Applicable,273,UPI,15,4.0,3.1
2024-07-14 07:38:00,CNR1341216054,Success,CID105453,eBike,RT Nagar,Whitefield,112.0,120.0,Not Applicable,Not Applicable,No,Not Applicable,334,UPI,24,3.9,4.0
2024-07-26 10:51:00,CNR5589086003,Driver Not Found,CID192226,Auto,Padmanabhanagar,Kadugodi,,,Not Applicable,Not Applicable,Not Applicable,Not Applicable,470,Not Applicable,0,,
2024-07-28 05:01:00,CNR7658677380,Success,CID508695,Prime Sedan,Malleshwaram,Hosur Road,287.0,115.0,Not Applicable,Not Applicable,No,Not Applicable,425,UPI,18,4.5,4.7
2024-07-24 06:15:00,CNR7593320438,Success,CID804625,eBike,Tumkur Road,Cox Town,56.0,60.0,Not Applicable,Not Applicable,No,Not Applicable,874,Cash,9,4.6,3.4
2024-07-24 03:13:00,CNR7806339050,Success,CID978653,Prime Sedan,Frazer Town,KR Puram,210.0,35.0,Not Applicable,Not Applicable,No,Not Applicable,266,UPI,44,3.7,4.4
2024-07-28 20:51:00,CNR4562760449,Success,CID465171,Prime Sedan,Bellandur,Sahakar Nagar,217.0,75.0,Not Applicable,Not Applicable,No,Not Applicable,307,Cash,26,4.5,3.6
2024-07-29 16:09:00,CNR9212017951,Success,CID677679,eBike,Sarjapur Road,Chamarajpet,210.0,125.0,Not Applicable,Not Applicable,No,Not Applicable,498,UPI,46,3.7,3.4
2024-07-07 05:42:00,CNR3056367762,Success,CID265155,Bike,Marathahalli,Sahakar Nagar,203.0,90.0,Not Applicable,Not Applicable,No,Not Applicable,228,Cash,2,4.0,4.1
2024-07-02 16:20:00,CNR6059881313,Success,CID358513,Prime Plus,Sahakar Nagar,Tumkur Road,147.0,35.0,Not Applicable,Not Applicable,No,Not Applicable,301,UPI,40,4.0,4.0
2024-07-10 11:12:00,CNR9732856623,Success,CID492041,Prime Plus,Kadugodi,Mysore Road,84.0,60.0,Not Applicable,Not Applicable,No,Not Applicable,498,Cash,18,3.0,4.5
2024-07-26 13:54:00,CNR9828061435,Success,CID316632,Prime Plus,Jayanagar,Jayanagar,238.0,100.0,Not Applicable,Not Applicable,No,Not Applicable,569,Cash,34,4.5,3.1
2024-07-12 15:35:00,CNR5919819695,Success,CID273767,Bike,Jayanagar,Electronic City,98.0,125.0,Not Applicable,Not Applicable,No,Not Applicable,1118,UPI,23,3.3,4.4
2024-07-15 01:39:00,CNR6000730850,Success,CID855662,Prime SUV,Cox Town,BTM Layout,287.0,145.0,Not Applicable,Not Applicable,No,Not Applicable,263,Cash,27,4.1,4.9
2024-07-08 19:14:00,CNR4294231068,Success,CID489685,Mini,Rajajinagar,Hosur Road,231.0,55.0,Not Applicable,Not Applicable,No,Not Applicable,399,Cash,23,4.0,3.7
2024-07-18 18:18:00,CNR3078734586,Success,CID725020,Bike,Kengeri,Indiranagar,210.0,80.0,Not Applicable,Not Applicable,No,Not Applicable,291,Cash,38,4.6,3.7
2024-07-18 10:00:00,CNR5328492492,Success,CID715237,Prime Plus,Yeshwanthpur,Rajajinagar,133.0,80.0,Not Applicable,Not Applicable,No,Not Applicable,645,UPI,32,4.1,3.8
2024-07-10 10:20:00,CNR1286421968,Canceled by Driver,CID925662,Prime Sedan,Malleshwaram,Whitefield,,,Not Applicable,Personal & Car related issue,Not Applicable,Not Applicable,1526,Not Applicable,0,,
2024-07-13 04:14:00,CNR7942051526,Canceled by Driver,CID390003,Bike,Majestic,Nagarbhavi,,,Not Applicable,More than permitted people in there,Not Applicable,Not Applicable,376,Not Applicable,0,,
2024-07-30 09:38:00,CNR7213978971,Driver Not Found,CID435155,Prime SUV,Padmanabhanagar,Chickpet,,,Not Applicable,Not Applicable,Not Applicable,Not Applicable,356,Not Applicable,0,,
2024-07-27 00:09:00,CNR8655307643,Success,CID698750,Prime Plus,Hosur Road,JP Nagar,175.0,140.0,Not Applicable,Not Applicable,No,Not Applicable,741,Cash,28,4.8,3.7
2024-07-04 04:39:00,CNR1824881630,Canceled by Customer,CID860007,Mini,Yelahanka,Tumkur Road,,,Driver asked to cancel,Not Applicable,Not Applicable,Not Applicable,100,Not Applicable,0,,
2024-07-27 09:45:00,CNR8354904353,Success,CID392137,Auto,Padmanabhanagar,Nagarbhavi,224.0,60.0,Not Applicable,Not Applicable,No,Not Applicable,217,Cash,17,3.4,4.9
2024-07-09 05:05:00,CNR1113462466,Success,CID376071,eBike,Padmanabhanagar,RT Nagar,98.0,65.0,Not Applicable,Not Applicable,No,Not Applicable,241,UPI,38,4.8,4.9
2024-07-11 02:23:00,CNR7788452530,Success,CID158835,Bike,Basavanagudi,Marathahalli,56.0,90.0,Not Applicable,Not Applicable,No,Not Applicable,572,UPI,49,4.9,4.4
2024-07-28 15:28:00,CNR7813913176,Success,CID666056,Bike,Sarjapur Road,Yeshwanthpur,182.0,115.0,Not Applicable,Not Applicable,No,Not Applicable,581,Cash,36,3.6,4.8
2024-07-22 18:06:00,CNR8828438831,Driver Not Found,CID898148,Auto,Hebbal,Vijayanagar,,,Not Applicable,Not Applicable,Not Applicable,Not Applicable,234,Not Applicable,0,,
2024-07-14 16:04:00,CNR2478570036,Success,CID259890,Mini,Magadi Road,Bellandur,42.0,45.0,Not Applicable,Not Applicable,No,Not Applicable,373,Cash,28,3.9,4.8
2024-07-30 05:03:00,CNR1406324434,Success,CID502358,Prime Plus,Bannerghatta Road,Jayanagar,224.0,90.0,Not Applicable,Not Applicable,No,Not Applicable,474,UPI,39,3.3,4.9
2024-07-20 08:36:00,CNR3163131072,Canceled by Driver,CID197976,eBike,Hennur,Hosur Road,,,Not Applicable,Personal & Car related issue,Not Applicable,Not Applicable,159,Not Applicable,0,,
2024-07-03 12:48:00,CNR6893301302,Success,CID733888,Prime SUV,Ramamurthy Nagar,Sahakar Nagar,112.0,100.0,Not Applicable,Not Applicable,No,Not Applicable,227,UPI,43,4.7,4.6
2024-07-26 13:03:00,CNR6202876567,Success,CID726615,Bike,Tumkur Road,Yelahanka,161.0,135.0,Not Applicable,Not Applicable,No,Not Applicable,739,Cash,7,4.1,4.6
2024-07-10 08:58:00,CNR8625376844,Canceled by Customer,CID642712,Prime Plus,Yeshwanthpur,Marathahalli,,,Change of plans,Not Applicable,Not Applicable,Not Applicable,475,Not Applicable,0,,
2024-07-09 16:02:00,CNR6158711930,Success,CID302225,Auto,Kengeri,Bellandur,280.0,120.0,Not Applicable,Not Applicable,No,Not Applicable,2683,UPI,1,4.6,3.4
2024-07-16 17:32:00,CNR6162670741,Driver Not Found,CID154578,eBike,Chickpet,Basavanagudi,,,Not Applicable,Not Applicable,Not Applicable,Not Applicable,340,Not Applicable,0,,
2024-07-15 01:10:00,CNR6881031011,Success,CID562022,Prime Sedan,Devanahalli,Hennur,133.0,75.0,Not Applicable,Not Applicable,No,Not Applicable,798,Cash,34,4.5,4.2
2024-07-09 01:10:00,CNR7324378174,Success,CID355322,Auto,Whitefield,Devanahalli,252.0,130.0,Not Applicable,Not Applicable,No,Not Applicable,207,Cash,18,4.2,3.1
2024-07-18 03:34:00,CNR9713435950,Driver Not Found,CID471885,Mini,Basavanagudi,Rajajinagar,,,Not Applicable,Not Applicable,Not Applicable,Not Applicable,343,Not Applicable,0,,
2024-07-21 17:39:00,CNR2341981900,Success,CID821975,Prime SUV,Jayanagar,Hosur Road,196.0,125.0,Not Applicable,Not Applicable,No,Not Applicable,110,UPI,10,4.6,4.2
2024-07-28 02:00:00,CNR1281933965,Driver Not Found,CID786551,Prime Plus,Shantinagar,Rajajinagar,,,Not Applicable,Not Applicable,Not Applicable,Not Applicable,347,Not Applicable,0,,
2024-07-23 23:49:00,CNR3116832449,Success,CID391446,Bike,Kengeri,Bellandur,189.0,100.0,Not Applicable,Not Applicable,No,Not Applicable,494,Cash,42,3.4,3.1
2024-07-28 01:06:00,CNR4715206806,Success,CID173456,Prime Plus,Nagarbhavi,Kengeri,252.0,95.0,Not Applicable,Not Applicable,No,Not Applicable,431,UPI,10,3.2,3.1
2024-07-20 21:56:00,CNR9117317061,Success,CID158094,eBike,Frazer Town,Koramangala,126.0,140.0,Not Applicable,Not Applicable,No,Not Applicable,328,Credit Card,48,4.4,4.0
2024-07-28 10:04:00,CNR1102545546,Success,CID935789,Mini,Ramamurthy Nagar,Bannerghatta Road,308.0,105.0,Not Applicable,Not Applicable,No,Not Applicable,327,Cash,23,4.7,4.5
2024-07-01 04:21:00,CNR2183217216,Success,CID928391,Prime Plus,Kadugodi,JP Nagar,168.0,70.0,Not Applicable,Not Applicable,No,Not Applicable,806,Cash,2,4.7,4.7
2024-07-18 16:52:00,CNR7937075932,Canceled by Customer,CID129976,Bike,Devanahalli,Devanahalli,,,AC is Not working,Not Applicable,Not Applicable,Not Applicable,1051,Not Applicable,0,,
2024-07-22 19:01:00,CNR3856384249,Canceled by Driver,CID929126,eBike,Varthur,Devanahalli,,,Not Applicable,Customer was coughing/sick,Not Applicable,Not Applicable,319,Not Applicable,0,,
2024-07-18 11:14:00,CNR7814255705,Success,CID776878,Prime SUV,Ulsoor,RT Nagar,217.0,45.0,Not Applicable,Not Applicable,No,Not Applicable,143,UPI,13,4.1,3.5
2024-07-15 00:03:00,CNR9176517001,Canceled by Driver,CID408166,Mini,Langford Town,Kammanahalli,,,Not Applicable,More than permitted people in there,Not Applicable,Not Applicable,995,Not Applicable,0,,
2024-07-16 04:36:00,CNR4349702145,Driver Not Found,CID577818,Bike,Hennur,Padmanabhanagar,,,Not Applicable,Not Applicable,Not Applicable,Not Applicable,2173,Not Applicable,0,,
2024-07-25 03:56:00,CNR9068571996,Success,CID925814,Bike,BTM Layout,Banashankari,287.0,100.0,Not Applicable,Not Applicable,No,Not Applicable,2680,Cash,34,3.8,3.1
2024-07-02 08:11:00,CNR1175859309,Canceled by Customer,CID690764,Auto,Yeshwanthpur,Rajajinagar,,,AC is Not working,Not Applicable,Not Applicable,Not Applicable,288,Not Applicable,0,,
2024-07-27 15:54:00,CNR9295059914,Success,CID712218,Prime SUV,Hulimavu,Tumkur Road,273.0,45.0,Not Applicable,Not Applicable,No,Not Applicable,133,UPI,48,3.1,4.6
2024-07-17 03:42:00,CNR6574708694,Success,CID191188,Auto,Yeshwanthpur,Bannerghatta Road,203.0,30.0,Not Applicable,Not Applicable,No,Not Applicable,537,Cash,15,3.2,3.2
2024-07-29 11:20:00,CNR6556307373,Success,CID750914,Prime Sedan,Tumkur Road,Sahakar Nagar,98.0,40.0,Not Applicable,Not Applicable,No,Not Applicable,1825,UPI,29,3.7,3.8
2024-07-17 15:12:00,CNR9909923594,Canceled by Driver,CID626240,Bike,Hulimavu,Bannerghatta Road,,,Not Applicable,Customer related issue,Not Applicable,Not Applicable,214,Not Applicable,0,,
2024-07-13 16:45:00,CNR2199803847,Driver Not Found,CID796771,Prime Plus,Majestic,Rajajinagar,,,Not Applicable,Not Applicable,Not Applicable,Not Applicable,781,Not Applicable,0,,
2024-07-18 11:52:00,CNR8117408963,Canceled by Driver,CID160259,Mini,Tumkur Road,Langford Town,,,Not Applicable,Personal & Car related issue,Not Applicable,Not Applicable,323,Not Applicable,0,,
2024-07-09 08:41:00,CNR5104388830,Canceled by Customer,CID959186,Bike,Jayanagar,Jayanagar,,,Driver is not moving towards pickup location,Not Applicable,Not Applicable,Not Applicable,399,Not Applicable,0,,
2024-07-21 23:54:00,CNR4411539529,Canceled by Driver,CID334421,Bike,Shivajinagar,Kengeri,,,Not Applicable,Personal & Car related issue,Not Applicable,Not Applicable,915,Not Applicable,0,,
2024-07-02 03:21:00,CNR1264680899,Success,CID239465,Mini,Shivajinagar,Ramamurthy Nagar,252.0,70.0,Not Applicable,Not Applicable,No,Not Applicable,387,UPI,32,4.1,4.1
2024-07-02 05:17:00,CNR7004617522,Success,CID692372,Auto,MG Road,Frazer Town,63.0,35.0,Not Applicable,Not Applicable,No,Not Applicable,766,UPI,13,3.7,3.5
2024-07-25 14:22:00,CNR2562115207,Success,CID903902,Prime SUV,Frazer Town,Devanahalli,147.0,95.0,Not Applicable,Not Applicable,No,Not Applicable,110,UPI,44,3.5,4.9
2024-07-11 20:21:00,CNR7462411965,Success,CID452854,Prime Plus,Sarjapur Road,Devanahalli,224.0,35.0,Not Applicable,Not Applicable,No,Not Applicable,449,UPI,29,3.3,3.4
2024-07-18 10:10:00,CNR6394690897,Driver Not Found,CID195501,Prime Plus,Ulsoor,Hulimavu,,,Not Applicable,Not Applicable,Not Applicable,Not Applicable,335,Not Applicable,0,,
2024-07-05 14:50:00,CNR4673178948,Success,CID703605,Prime Plus,HSR Layout,Marathahalli,182.0,35.0,Not Applicable,Not Applicable,Yes,Customer Demand,171,Cash,8,4.4,3.5
2024-07-01 10:30:00,CNR7681247918,Success,CID236111,Prime Sedan,Bellandur,Yelahanka,210.0,140.0,Not Applicable,Not Applicable,No,Not Applicable,482,UPI,17,3.0,4.0
2024-07-12 16:58:00,CNR5352960996,Canceled by Driver,CID287899,Prime SUV,Bannerghatta Road,Hebbal,,,Not Applicable,Personal & Car related issue,Not Applicable,Not Applicable,778,Not Applicable,0,,
2024-07-03 20:22:00,CNR4874219257,Canceled by Driver,CID492672,Mini,Sahakar Nagar,Hennur,,,Not Applicable,Personal & Car related issue,Not Applicable,Not Applicable,711,Not Applicable,0,,
2024-07-21 07:48:00,CNR1280042682,Success,CID872948,Mini,Whitefield,Shivajinagar,273.0,135.0,Not Applicable,Not Applicable,No,Not Applicable,208,Cash,18,3.2,4.9
2024-07-29 21:13:00,CNR9212648291,Success,CID412774,Prime Sedan,Bellandur,Bellandur,196.0,110.0,Not Applicable,Not Applicable,No,Not Applicable,872,Cash,6,3.7,4.7
2024-07-24 17:01:00,CNR4778839879,Success,CID554752,Mini,MG Road,Koramangala,105.0,70.0,Not Applicable,Not Applicable,No,Not Applicable,829,UPI,44,3.6,3.9
2024-07-03 19:39:00,CNR1259042391,Success,CID775766,Bike,Magadi Road,Bellandur,252.0,115.0,Not Applicable,Not Applicable,No,Not Applicable,242,Cash,14,3.9,4.0
2024-07-21 12:39:00,CNR3469828647,Success,CID937898,Prime Plus,Indiranagar,Kengeri,280.0,80.0,Not Applicable,Not Applicable,No,Not Applicable,358,UPI,21,3.0,4.7
2024-07-04 03:52:00,CNR4755828400,Success,CID701457,Prime Plus,Hebbal,Sarjapur Road,140.0,90.0,Not Applicable,Not Applicable,No,Not Applicable,493,Cash,45,3.3,4.4
2024-07-21 21:41:00,CNR8253933439,Success,CID665393,Mini,Padmanabhanagar,Sahakar Nagar,182.0,25.0,Not Applicable,Not Applicable,No,Not Applicable,328,Cash,45,4.3,4.1
2024-07-11 09:50:00,CNR3039172170,Success,CID234348,Auto,Frazer Town,Kengeri,182.0,75.0,Not Applicable,Not Applicable,No,Not Applicable,854,Cash,8,3.8,4.9
2024-07-18 20:39:00,CNR5386882356,Success,CID410714,Prime Plus,Ulsoor,Kengeri,238.0,75.0,Not Applicable,Not Applicable,No,Not Applicable,578,UPI,2,3.7,4.0
2024-07-12 06:56:00,CNR2106151530,Canceled by Driver,CID149227,Prime SUV,Richmond Town,Marathahalli,,,Not Applicable,Customer related issue,Not Applicable,Not Applicable,303,Not Applicable,0,,
2024-07-20 22:16:00,CNR3357400918,Driver Not Found,CID231524,Prime SUV,Sahakar Nagar,Varthur,,,Not Applicable,Not Applicable,Not Applicable,Not Applicable,301,Not Applicable,0,,
2024-07-23 00:02:00,CNR7650004479,Success,CID998316,Auto,Mysore Road,Devanahalli,259.0,40.0,Not Applicable,Not Applicable,Yes,Customer Demand,186,Cash,18,4.5,3.7
2024-07-11 08:05:00,CNR7260354494,Canceled by Driver,CID486000,Prime Sedan,Vijayanagar,Rajarajeshwari Nagar,,,Not Applicable,Personal & Car related issue,Not Applicable,Not Applicable,273,Not Applicable,0,,
2024-07-05 23:55:00,CNR7560096921,Success,CID904042,Bike,KR Puram,Shivajinagar,126.0,100.0,Not Applicable,Not Applicable,No,Not Applicable,582,UPI,29,4.6,4.5
2024-07-11 10:25:00,CNR4982311513,Success,CID554993,Prime Sedan,Majestic,KR Puram,49.0,145.0,Not Applicable,Not Applicable,No,Not Applicable,782,Cash,32,3.3,4.5
2024-07-04 12:49:00,CNR8137098206,Driver Not Found,CID708258,Prime Plus,Sarjapur Road,Indiranagar,,,Not Applicable,Not Applicable,Not Applicable,Not Applicable,371,Not Applicable,0,,
2024-07-21 16:48:00,CNR6725862447,Success,CID736629,Prime Plus,Frazer Town,Yelahanka,126.0,30.0,Not Applicable,Not Applicable,No,Not Applicable,445,Cash,7,3.8,3.0
2024-07-17 23:55:00,CNR8861491254,Canceled by Driver,CID187946,Prime Sedan,HSR Layout,Bannerghatta Road,,,Not Applicable,Personal & Car related issue,Not Applicable,Not Applicable,365,Not Applicable,0,,
2024-07-21 11:00:00,CNR3767367186,Driver Not Found,CID471663,Bike,Padmanabhanagar,BTM Layout,,,Not Applicable,Not Applicable,Not Applicable,Not Applicable,850,Not Applicable,0,,
2024-07-01 04:38:00,CNR1741089694,Driver Not Found,CID100283,Prime SUV,Bannerghatta Road,Basavanagudi,,,Not Applicable,Not Applicable,Not Applicable,Not Applicable,425,Not Applicable,0,,
2024-07-23 15:05:00,CNR7844065781,Success,CID670699,Mini,HSR Layout,Yeshwanthpur,294.0,140.0,Not Applicable,Not Applicable,Yes,Vehicle Breakdown,698,UPI,21,3.6,3.2
2024-07-03 05:48:00,CNR1403301401,Success,CID181112,Auto,Kammanahalli,Banashankari,35.0,35.0,Not Applicable,Not Applicable,No,Not Applicable,259,Cash,16,3.2,4.3
2024-07-01 01:34:00,CNR6070875852,Canceled by Customer,CID657495,Prime Sedan,Sahakar Nagar,Mysore Road,,,Change of plans,Not Applicable,Not Applicable,Not Applicable,367,Not Applicable,0,,
2024-07-07 16:56:00,CNR7191576324,Success,CID182173,Prime Plus,Richmond Town,Malleshwaram,168.0,145.0,Not Applicable,Not Applicable,No,Not Applicable,177,Credit Card,21,3.5,4.6
2024-07-15 23:16:00,CNR8610464026,Success,CID230681,Prime SUV,Kammanahalli,KR Puram,168.0,145.0,Not Applicable,Not Applicable,No,Not Applicable,999,Cash,34,3.3,4.4
2024-07-01 00:14:00,CNR1791699815,Canceled by Customer,CID755159,Prime Sedan,Whitefield,Malleshwaram,,,Wrong Address,Not Applicable,Not Applicable,Not Applicable,137,Not Applicable,0,,
2024-07-09 14:05:00,CNR8841875639,Success,CID810535,Prime SUV,Richmond Town,Chickpet,287.0,25.0,Not Applicable,Not Applicable,No,Not Applicable,422,Cash,43,3.2,4.9
2024-07-03 00:11:00,CNR6052176443,Canceled by Driver,CID200996,Prime SUV,Majestic,Langford Town,,,Not Applicable,Personal & Car related issue,Not Applicable,Not Applicable,184,Not Applicable,0,,
2024-07-27 18:29:00,CNR7541799006,Canceled by Customer,CID408597,Prime SUV,Whitefield,Sarjapur Road,,,AC is Not working,Not Applicable,Not Applicable,Not Applicable,797,Not Applicable,0,,
2024-07-26 10:42:00,CNR1043656932,Success,CID467710,Auto,HSR Layout,Hosur Road,245.0,95.0,Not Applicable,Not Applicable,No,Not Applicable,928,UPI,9,3.7,3.2
2024-07-23 19:27:00,CNR9814295683,Canceled by Driver,CID620836,eBike,Vijayanagar,Frazer Town,,,Not Applicable,More than permitted people in there,Not Applicable,Not Applicable,423,Not Applicable,0,,
2024-07-28 22:12:00,CNR4286892158,Success,CID552374,Auto,Marathahalli,Electronic City,49.0,140.0,Not Applicable,Not Applicable,No,Not Applicable,340,UPI,16,4.2,4.2
2024-07-03 06:31:00,CNR4497777770,Success,CID580629,Auto,Hebbal,KR Puram,280.0,35.0,Not Applicable,Not Applicable,No,Not Applicable,156,Cash,19,3.9,4.7
2024-07-19 09:52:00,CNR3292533594,Success,CID250152,Prime SUV,Shantinagar,Sarjapur Road,63.0,120.0,Not Applicable,Not Applicable,No,Not Applicable,350,UPI,5,4.9,4.0
2024-07-27 01:45:00,CNR1754490442,Success,CID519077,Prime SUV,Jayanagar,Yelahanka,266.0,100.0,Not Applicable,Not Applicable,No,Not Applicable,905,Cash,31,4.1,3.4
2024-07-19 09:43:00,CNR5797819539,Success,CID914423,Mini,Sarjapur Road,Peenya,217.0,135.0,Not Applicable,Not Applicable,No,Not Applicable,2994,Cash,13,3.3,4.4
2024-07-13 08:13:00,CNR4151913198,Success,CID810238,Prime SUV,BTM Layout,Rajarajeshwari Nagar,112.0,130.0,Not Applicable,Not Applicable,No,Not Applicable,365,UPI,24,4.7,3.4
2024-07-26 05:11:00,CNR7633219672,Success,CID442628,Auto,BTM Layout,Kadugodi,140.0,35.0,Not Applicable,Not Applicable,No,Not Applicable,195,UPI,17,3.5,3.0
2024-07-14 08:59:00,CNR7967119747,Success,CID372464,Bike,HSR Layout,Richmond Town,98.0,100.0,Not Applicable,Not Applicable,No,Not Applicable,489,Cash,38,4.0,4.9
2024-07-16 01:15:00,CNR9656242976,Driver Not Found,CID517503,Prime SUV,Chickpet,Hebbal,,,Not Applicable,Not Applicable,Not Applicable,Not Applicable,119,Not Applicable,0,,
2024-07-20 12:08:00,CNR2774039081,Canceled by Driver,CID750896,Mini,Malleshwaram,Kengeri,,,Not Applicable,Customer related issue,Not Applicable,Not Applicable,471,Not Applicable,0,,
2024-07-23 05:13:00,CNR2455400131,Success,CID688232,Prime SUV,BTM Layout,Bannerghatta Road,91.0,45.0,Not Applicable,Not Applicable,No,Not Applicable,535,UPI,22,4.5,3.4
2024-07-17 23:33:00,CNR4322295154,Success,CID686962,Mini,Malleshwaram,Hennur,175.0,65.0,Not Applicable,Not Applicable,No,Not Applicable,1097,UPI,26,4.3,3.2
2024-07-04 12:48:00,CNR5451848861,Success,CID322036,Auto,Electronic City,Hebbal,77.0,30.0,Not Applicable,Not Applicable,No,Not Applicable,310,UPI,11,4.0,3.9
2024-07-20 18:10:00,CNR6165889038,Success,CID856194,Mini,Chamarajpet,Banashankari,147.0,70.0,Not Applicable,Not Applicable,No,Not Applicable,202,Cash,41,4.4,3.6
2024-07-25 12:47:00,CNR9979156285,Success,CID194177,Bike,Hennur,Kadugodi,217.0,55.0,Not Applicable,Not Applicable,No,Not Applicable,499,Credit Card,47,4.2,3.1
2024-07-22 23:11:00,CNR5518290075,Success,CID500959,Prime SUV,Nagarbhavi,Tumkur Road,105.0,75.0,Not Applicable,Not Applicable,No,Not Applicable,870,Cash,49,4.4,3.7
2024-07-03 00:38:00,CNR8941131889,Canceled by Customer,CID927764,Auto,Chamarajpet,Whitefield,,,Change of plans,Not Applicable,Not Applicable,Not Applicable,2274,Not Applicable,0,,
2024-07-07 02:46:00,CNR9220331392,Canceled by Driver,CID566216,Mini,Koramangala,Magadi Road,,,Not Applicable,Customer was coughing/sick,Not Applicable,Not Applicable,101,Not Applicable,0,,
2024-07-19 00:35:00,CNR4827328572,Success,CID172782,Prime Plus,Electronic City,Whitefield,280.0,125.0,Not Applicable,Not Applicable,No,Not Applicable,573,Cash,34,4.1,4.2
2024-07-04 18:05:00,CNR4016575212,Success,CID601556,Prime Plus,Basavanagudi,KR Puram,140.0,55.0,Not Applicable,Not Applicable,No,Not Applicable,310,Cash,17,3.3,3.3
2024-07-22 01:49:00,CNR6829115817,Canceled by Driver,CID119986,Prime SUV,Jayanagar,Bannerghatta Road,,,Not Applicable,Customer related issue,Not Applicable,Not Applicable,758,Not Applicable,0,,
2024-07-12 19:35:00,CNR3743406087,Canceled by Customer,CID977624,Prime Plus,Devanahalli,Devanahalli,,,Change of plans,Not Applicable,Not Applicable,Not Applicable,330,Not Applicable,0,,
2024-07-22 21:41:00,CNR9475936663,Canceled by Driver,CID600790,Bike,RT Nagar,Jayanagar,,,Not Applicable,Customer related issue,Not Applicable,Not Applicable,1610,Not Applicable,0,,
2024-07-02 05:26:00,CNR9937182824,Success,CID412507,Prime SUV,Majestic,Banashankari,77.0,45.0,Not Applicable,Not Applicable,No,Not Applicable,195,UPI,48,4.3,3.6
2024-07-01 11:25:00,CNR9239944242,Canceled by Driver,CID174536,Prime Sedan,Bannerghatta Road,Sahakar Nagar,,,Not Applicable,Customer was coughing/sick,Not Applicable,Not Applicable,826,Not Applicable,0,,
2024-07-22 03:51:00,CNR8921286860,Success,CID694317,Auto,Indiranagar,Chamarajpet,259.0,40.0,Not Applicable,Not Applicable,No,Not Applicable,795,Cash,12,4.0,3.9
2024-07-03 15:05:00,CNR1310226170,Canceled by Driver,CID378660,Prime SUV,Ramamurthy Nagar,Rajajinagar,,,Not Applicable,Personal & Car related issue,Not Applicable,Not Applicable,339,Not Applicable,0,,
2024-07-06 07:04:00,CNR3855824712,Success,CID163614,Prime SUV,Padmanabhanagar,Chamarajpet,210.0,35.0,Not Applicable,Not Applicable,No,Not Applicable,269,Cash,40,4.3,4.0
2024-07-23 12:37:00,CNR2696025063,Success,CID426186,Bike,Banashankari,Richmond Town,35.0,130.0,Not Applicable,Not Applicable,No,Not Applicable,151,Cash,46,3.2,3.9
2024-07-22 18:26:00,CNR5202462835,Success,CID408101,Prime Sedan,Sahakar Nagar,Tumkur Road,189.0,30.0,Not Applicable,Not Applicable,No,Not Applicable,337,Cash,33,4.2,4.9
2024-07-05 05:55:00,CNR2228431371,Canceled by Customer,CID333384,Prime SUV,Hulimavu,Cox Town,,,Change of plans,Not Applicable,Not Applicable,Not Applicable,628,Not Applicable,0,,
2024-07-26 05:43:00,CNR5577123203,Canceled by Customer,CID825384,Bike,Vijayanagar,KR Puram,,,Driver is not moving towards pickup location,Not Applicable,Not Applicable,Not Applicable,191,Not Applicable,0,,
2024-07-11 04:45:00,CNR2464176319,Canceled by Driver,CID985544,eBike,Basavanagudi,Hennur,,,Not Applicable,Personal & Car related issue,Not Applicable,Not Applicable,238,Not Applicable,0,,
2024-07-04 08:19:00,CNR9623637128,Success,CID522664,Prime Plus,Shantinagar,Sarjapur Road,294.0,30.0,Not Applicable,Not Applicable,No,Not Applicable,179,Cash,9,3.0,4.8
2024-07-11 23:55:00,CNR6332572152,Success,CID893007,Prime SUV,Padmanabhanagar,Bannerghatta Road,280.0,45.0,Not Applicable,Not Applicable,No,Not Applicable,2846,Cash,37,3.7,3.4
2024-07-09 21:01:00,CNR5223969006,Canceled by Customer,CID899112,Bike,Shivajinagar,Kengeri,,,Change of plans,Not Applicable,Not Applicable,Not Applicable,159,Not Applicable,0,,
2024-07-16 05:52:00,CNR5593535572,Canceled by Customer,CID755522,Prime Plus,Peenya,Magadi Road,,,Driver is not moving towards pickup location,Not Applicable,Not Applicable,Not Applicable,245,Not Applicable,0,,
2024-07-29 23:41:00,CNR1308960745,Canceled by Driver,CID822542,Prime SUV,Langford Town,Frazer Town,,,Not Applicable,Customer was coughing/sick,Not Applicable,Not Applicable,423,Not Applicable,0,,
2024-07-20 09:12:00,CNR6269187614,Success,CID967071,Mini,Marathahalli,Malleshwaram,175.0,90.0,Not Applicable,Not Applicable,No,Not Applicable,1874,Cash,14,3.4,3.2
2024-07-19 21:32:00,CNR3646182317,Success,CID132423,Auto,BTM Layout,Marathahalli,175.0,130.0,Not Applicable,Not Applicable,No,Not Applicable,490,Credit Card,3,4.5,4.5
2024-07-20 23:27:00,CNR7890588547,Success,CID249171,Auto,Magadi Road,Kammanahalli,252.0,55.0,Not Applicable,Not Applicable,No,Not Applicable,177,Cash,13,3.3,4.5
2024-07-19 07:33:00,CNR4390920957,Canceled by Customer,CID506761,Mini,Bannerghatta Road,Hebbal,,,Driver is not moving towards pickup location,Not Applicable,Not Applicable,Not Applicable,544,Not Applicable,0,,
2024-07-20 19:03:00,CNR6353903328,Success,CID941702,Mini,Padmanabhanagar,Majestic,238.0,130.0,Not Applicable,Not Applicable,No,Not Applicable,463,Cash,2,4.0,4.5
2024-07-10 01:32:00,CNR9358930825,Canceled by Driver,CID184199,Bike,KR Puram,Vijayanagar,,,Not Applicable,Customer related issue,Not Applicable,Not Applicable,262,Not Applicable,0,,
2024-07-15 14:46:00,CNR2860271660,Success,CID186014,Prime Sedan,Sarjapur Road,Majestic,287.0,125.0,Not Applicable,Not Applicable,No,Not Applicable,797,Cash,35,3.7,3.5
2024-07-21 13:39:00,CNR7883196745,Success,CID894117,Auto,Sahakar Nagar,BTM Layout,203.0,115.0,Not Applicable,Not Applicable,No,Not Applicable,665,Cash,2,4.9,4.8
2024-07-17 11:28:00,CNR2541459127,Success,CID345835,Auto,Yeshwanthpur,KR Puram,245.0,135.0,Not Applicable,Not Applicable,No,Not Applicable,999,Cash,6,3.7,4.5
2024-07-07 08:20:00,CNR8784466097,Success,CID752038,Bike,RT Nagar,Hebbal,308.0,100.0,Not Applicable,Not Applicable,No,Not Applicable,595,Cash,39,3.1,3.7
2024-07-15 19:47:00,CNR5881378492,Canceled by Customer,CID637519,Auto,Hebbal,HSR Layout,,,Driver asked to cancel,Not Applicable,Not Applicable,Not Applicable,156,Not Applicable,0,,
2024-07-24 17:04:00,CNR2859948890,Success,CID210791,Mini,Peenya,Hennur,56.0,110.0,Not Applicable,Not Applicable,No,Not Applicable,436,UPI,34,4.6,4.3
2024-07-18 17:39:00,CNR7598606535,Success,CID407092,Mini,KR Puram,Magadi Road,84.0,125.0,Not Applicable,Not Applicable,No,Not Applicable,332,UPI,32,3.8,3.6
2024-07-29 13:07:00,CNR1567936934,Success,CID271688,eBike,Koramangala,Marathahalli,308.0,60.0,Not Applicable,Not Applicable,No,Not Applicable,106,UPI,45,3.1,4.4
2024-07-07 12:55:00,CNR8526780241,Canceled by Customer,CID612257,eBike,Sarjapur Road,Ulsoor,,,Driver asked to cancel,Not Applicable,Not Applicable,Not Applicable,839,Not Applicable,0,,
2024-07-13 17:39:00,CNR3775327151,Driver Not Found,CID773911,Auto,Shivajinagar,KR Puram,,,Not Applicable,Not Applicable,Not Applicable,Not Applicable,473,Not Applicable,0,,
2024-07-01 12:44:00,CNR8097962289,Canceled by Customer,CID146262,Prime Plus,Ramamurthy Nagar,Kadugodi,,,Change of plans,Not Applicable,Not Applicable,Not Applicable,328,Not Applicable,0,,
2024-07-05 19:04:00,CNR9101475819,Success,CID595677,Prime Plus,Kadugodi,MG Road,126.0,105.0,Not Applicable,Not Applicable,No,Not Applicable,379,UPI,19,3.1,4.8
2024-07-15 20:22:00,CNR5363036430,Canceled by Customer,CID723809,Mini,Majestic,Bellandur,,,Wrong Address,Not Applicable,Not Applicable,Not Applicable,259,Not Applicable,0,,
2024-07-19 14:33:00,CNR3510422010,Success,CID253241,Prime Sedan,Banashankari,Vijayanagar,147.0,125.0,Not Applicable,Not Applicable,No,Not Applicable,617,UPI,16,4.6,4.0
2024-07-28 00:22:00,CNR7736733387,Success,CID391805,eBike,Basavanagudi,Yeshwanthpur,140.0,90.0,Not Applicable,Not Applicable,No,Not Applicable,324,Cash,24,3.9,3.6
2024-07-19 23:36:00,CNR7359317193,Success,CID784505,Prime Plus,Vijayanagar,Sahakar Nagar,56.0,110.0,Not Applicable,Not Applicable,No,Not Applicable,160,Cash,42,4.7,4.0
2024-07-28 21:38:00,CNR5722443757,Success,CID243979,eBike,Electronic City,Mysore Road,217.0,95.0,Not Applicable,Not Applicable,No,Not Applicable,286,UPI,42,3.1,3.8
2024-07-02 11:42:00,CNR8851011068,Success,CID194408,eBike,Hennur,Tumkur Road,154.0,135.0,Not Applicable,Not Applicable,No,Not Applicable,272,UPI,9,5.0,3.5
2024-07-24 20:14:00,CNR8235223203,Driver Not Found,CID485355,Prime SUV,Indiranagar,Peenya,,,Not Applicable,Not Applicable,Not Applicable,Not Applicable,324,Not Applicable,0,,
2024-07-28 16:26:00,CNR9342753045,Canceled by Customer,CID571530,Mini,Jayanagar,HSR Layout,,,Driver asked to cancel,Not Applicable,Not Applicable,Not Applicable,799,Not Applicable,0,,
2024-07-27 10:36:00,CNR9714684282,Success,CID644883,Auto,Cox Town,Sahakar Nagar,252.0,135.0,Not Applicable,Not Applicable,No,Not Applicable,421,Cash,18,4.2,3.7
2024-07-13 09:45:00,CNR5968413018,Canceled by Customer,CID487064,Prime SUV,Malleshwaram,Rajarajeshwari Nagar,,,Driver asked to cancel,Not Applicable,Not Applicable,Not Applicable,737,Not Applicable,0,,
2024-07-22 05:44:00,CNR1330555737,Success,CID701447,Prime Sedan,Rajarajeshwari Nagar,Kengeri,84.0,70.0,Not Applicable,Not Applicable,No,Not Applicable,360,Cash,27,3.8,4.0
2024-07-13 22:13:00,CNR1807257534,Success,CID171647,Prime SUV,Cox Town,Marathahalli,133.0,80.0,Not Applicable,Not Applicable,No,Not Applicable,414,Credit Card,9,4.6,3.5
2024-07-23 19:20:00,CNR6388149697,Canceled by Driver,CID223244,eBike,Kammanahalli,Langford Town,,,Not Applicable,Customer was coughing/sick,Not Applicable,Not Applicable,702,Not Applicable,0,,
2024-07-03 19:40:00,CNR2016305268,Success,CID187079,Bike,Richmond Town,Kengeri,203.0,105.0,Not Applicable,Not Applicable,No,Not Applicable,2570,Credit Card,49,4.5,3.5
2024-07-08 02:03:00,CNR8713447275,Success,CID611888,Bike,Varthur,MG Road,161.0,60.0,Not Applicable,Not Applicable,No,Not Applicable,398,Cash,28,4.8,4.2
2024-07-09 08:08:00,CNR7240052197,Canceled by Driver,CID469741,eBike,MG Road,Rajajinagar,,,Not Applicable,Personal & Car related issue,Not Applicable,Not Applicable,718,Not Applicable,0,,
2024-07-20 11:37:00,CNR1544457655,Canceled by Customer,CID834203,Mini,Electronic City,Banashankari,,,AC is Not working,Not Applicable,Not Applicable,Not Applicable,238,Not Applicable,0,,
2024-07-06 01:36:00,CNR3098114777,Canceled by Customer,CID879646,Mini,Yelahanka,Padmanabhanagar,,,Driver asked to cancel,Not Applicable,Not Applicable,Not Applicable,495,Not Applicable,0,,
2024-07-17 22:20:00,CNR8303083175,Canceled by Driver,CID593696,Prime Sedan,Yeshwanthpur,Rajajinagar,,,Not Applicable,Customer was coughing/sick,Not Applicable,Not Applicable,309,Not Applicable,0,,
2024-07-27 23:36:00,CNR7447009448,Success,CID160883,Prime Plus,Yeshwanthpur,Ramamurthy Nagar,35.0,105.0,Not Applicable,Not Applicable,No,Not Applicable,287,UPI,18,3.5,3.8
2024-07-04 20:33:00,CNR1190165992,Canceled by Driver,CID800419,Prime Plus,Rajarajeshwari Nagar,Chickpet,,,Not Applicable,Personal & Car related issue,Not Applicable,Not Applicable,157,Not Applicable,0,,
2024-07-11 01:11:00,CNR9621097399,Success,CID246878,Bike,Hennur,Electronic City,154.0,100.0,Not Applicable,Not Applicable,No,Not Applicable,296,Cash,22,3.1,4.3
2024-07-26 08:24:00,CNR8009498181,Success,CID224356,Bike,Bannerghatta Road,Jayanagar,70.0,35.0,Not Applicable,Not Applicable,No,Not Applicable,467,Cash,19,4.9,3.3
2024-07-25 06:33:00,CNR7715358816,Canceled by Driver,CID905617,Bike,Shivajinagar,Varthur,,,Not Applicable,Customer was coughing/sick,Not Applicable,Not Applicable,668,Not Applicable,0,,
2024-07-02 07:08:00,CNR8265978835,Success,CID935506,Prime SUV,Rajarajeshwari Nagar,JP Nagar,238.0,145.0,Not Applicable,Not Applicable,No,Not Applicable,111,UPI,48,3.6,4.5
2024-07-27 16:06:00,CNR8174255078,Success,CID338343,eBike,Padmanabhanagar,Padmanabhanagar,154.0,70.0,Not Applicable,Not Applicable,No,Not Applicable,412,Cash,39,3.0,3.9
2024-07-15 04:48:00,CNR8858358344,Canceled by Driver,CID603950,Prime Plus,Ulsoor,Hebbal,,,Not Applicable,Personal & Car related issue,Not Applicable,Not Applicable,768,Not Applicable,0,,
2024-07-22 00:44:00,CNR4701441948,Success,CID941938,eBike,Devanahalli,Marathahalli,196.0,70.0,Not Applicable,Not Applicable,No,Not Applicable,245,Cash,18,4.7,3.5
2024-07-29 04:09:00,CNR2593348896,Success,CID550463,Prime Plus,Chamarajpet,Sarjapur Road,294.0,135.0,Not Applicable,Not Applicable,No,Not Applicable,509,Cash,31,3.0,4.8
2024-07-16 23:04:00,CNR3369886746,Success,CID981015,Bike,BTM Layout,MG Road,294.0,60.0,Not Applicable,Not Applicable,No,Not Applicable,395,Cash,22,4.2,3.3
2024-07-25 09:40:00,CNR1995107950,Success,CID276802,Bike,Varthur,Rajarajeshwari Nagar,35.0,70.0,Not Applicable,Not Applicable,No,Not Applicable,172,Cash,16,3.2,4.6
2024-07-30 00:34:00,CNR2682252314,Success,CID805148,Mini,Whitefield,Langford Town,294.0,135.0,Not Applicable,Not Applicable,No,Not Applicable,258,Cash,49,4.4,4.4
2024-07-29 04:56:00,CNR5122657440,Success,CID750492,Prime Sedan,JP Nagar,Hennur,147.0,30.0,Not Applicable,Not Applicable,No,Not Applicable,483,UPI,2,3.0,3.2
2024-07-09 07:44:00,CNR2199932667,Success,CID424705,Prime SUV,Malleshwaram,Frazer Town,224.0,125.0,Not Applicable,Not Applicable,No,Not Applicable,2198,Cash,16,3.3,3.4
2024-07-05 09:10:00,CNR3742640392,Driver Not Found,CID138277,Mini,Shivajinagar,Shantinagar,,,Not Applicable,Not Applicable,Not Applicable,Not Applicable,397,Not Applicable,0,,
2024-07-04 16:41:00,CNR4590715858,Success,CID968183,Prime Plus,Banashankari,Kengeri,63.0,100.0,Not Applicable,Not Applicable,No,Not Applicable,581,UPI,5,4.4,4.0
2024-07-11 23:08:00,CNR3899465956,Success,CID572379,Prime Plus,Jayanagar,Whitefield,126.0,65.0,Not Applicable,Not Applicable,No,Not Applicable,119,Cash,46,4.1,3.9
2024-07-14 09:19:00,CNR7630605668,Driver Not Found,CID992731,eBike,Majestic,Shantinagar,,,Not Applicable,Not Applicable,Not Applicable,Not Applicable,876,Not Applicable,0,,
2024-07-23 13:35:00,CNR4454011234,Canceled by Customer,CID694533,Prime Sedan,Kadugodi,Sahakar Nagar,,,Driver is not moving towards pickup location,Not Applicable,Not Applicable,Not Applicable,304,Not Applicable,0,,
2024-07-29 04:32:00,CNR5611311541,Success,CID544517,Prime SUV,HSR Layout,KR Puram,133.0,145.0,Not Applicable,Not Applicable,No,Not Applicable,361,Cash,40,4.8,3.5
2024-07-04 01:28:00,CNR5921346658,Canceled by Customer,CID428252,eBike,Rajajinagar,Majestic,,,Driver asked to cancel,Not Applicable,Not Applicable,Not Applicable,267,Not Applicable,0,,
2024-07-29 17:21:00,CNR6198107032,Success,CID476864,Prime Sedan,Hebbal,Bannerghatta Road,217.0,45.0,Not Applicable,Not Applicable,No,Not Applicable,825,Cash,10,3.4,4.9
2024-07-12 01:19:00,CNR1798217838,Canceled by Driver,CID274521,Mini,Majestic,Malleshwaram,,,Not Applicable,Personal & Car related issue,Not Applicable,Not Applicable,280,Not Applicable,0,,
2024-07-13 23:38:00,CNR7318523731,Success,CID269999,Mini,JP Nagar,Cox Town,287.0,65.0,Not Applicable,Not Applicable,No,Not Applicable,321,Cash,45,4.7,4.9
2024-07-11 08:01:00,CNR1027399074,Success,CID159197,Mini,Hennur,Rajarajeshwari Nagar,224.0,125.0,Not Applicable,Not Applicable,No,Not Applicable,357,UPI,23,4.3,3.0
2024-07-28 11:07:00,CNR3955891068,Success,CID160373,eBike,Basavanagudi,Varthur,189.0,30.0,Not Applicable,Not Applicable,No,Not Applicable,678,Cash,24,4.6,4.9
2024-07-25 11:36:00,CNR6840325577,Driver Not Found,CID750215,eBike,Vijayanagar,HSR Layout,,,Not Applicable,Not Applicable,Not Applicable,Not Applicable,142,Not Applicable,0,,
2024-07-11 02:40:00,CNR1631640421,Success,CID787303,Bike,Marathahalli,Hennur,259.0,85.0,Not Applicable,Not Applicable,No,Not Applicable,282,UPI,7,3.6,4.0
2024-07-25 06:45:00,CNR8328086065,Success,CID771115,Prime Plus,Magadi Road,Vijayanagar,182.0,120.0,Not Applicable,Not Applicable,No,Not Applicable,552,Cash,37,4.4,4.8
2024-07-27 01:31:00,CNR6686688059,Success,CID869465,Prime Plus,RT Nagar,Basavanagudi,35.0,80.0,Not Applicable,Not Applicable,No,Not Applicable,518,Cash,7,3.1,4.4
2024-07-23 10:59:00,CNR3804597904,Success,CID269195,Auto,Yeshwanthpur,Chamarajpet,245.0,110.0,Not Applicable,Not Applicable,No,Not Applicable,177,Cash,15,3.2,4.0
2024-07-20 02:50:00,CNR7223388207,Success,CID755067,Mini,Kengeri,Ulsoor,238.0,140.0,Not Applicable,Not Applicable,No,Not Applicable,180,UPI,43,4.7,3.6
2024-07-19 18:19:00,CNR7674114671,Success,CID302061,Prime Plus,Vijayanagar,Yeshwanthpur,154.0,50.0,Not Applicable,Not Applicable,No,Not Applicable,992,Cash,23,4.3,4.8
2024-07-03 06:55:00,CNR3085855774,Success,CID197040,Bike,Ramamurthy Nagar,Shivajinagar,56.0,70.0,Not Applicable,Not Applicable,No,Not Applicable,233,UPI,28,3.8,4.2
2024-07-15 22:42:00,CNR8113366935,Success,CID914238,Prime Plus,Shivajinagar,Shivajinagar,70.0,85.0,Not Applicable,Not Applicable,No,Not Applicable,398,Cash,43,4.4,4.0
2024-07-22 16:36:00,CNR3734409916,Success,CID673659,Prime Plus,Bellandur,Frazer Town,245.0,50.0,Not Applicable,Not Applicable,No,Not Applicable,492,Cash,10,3.0,4.0
2024-07-04 01:01:00,CNR9257705792,Canceled by Driver,CID891369,Prime SUV,Hennur,Chamarajpet,,,Not Applicable,Personal & Car related issue,Not Applicable,Not Applicable,105,Not Applicable,0,,
2024-07-09 14:52:00,CNR8086358656,Success,CID820972,Mini,Jayanagar,Vijayanagar,56.0,30.0,Not Applicable,Not Applicable,No,Not Applicable,491,UPI,28,3.3,4.9
2024-07-28 18:13:00,CNR4800532553,Canceled by Driver,CID843039,Prime Sedan,Jayanagar,Jayanagar,,,Not Applicable,More than permitted people in there,Not Applicable,Not Applicable,296,Not Applicable,0,,
2024-07-07 11:11:00,CNR4359763741,Canceled by Driver,CID582707,Auto,HSR Layout,Rajajinagar,,,Not Applicable,Personal & Car related issue,Not Applicable,Not Applicable,326,Not Applicable,0,,
2024-07-30 19:25:00,CNR4221970885,Success,CID582035,Prime Sedan,Richmond Town,Rajarajeshwari Nagar,56.0,135.0,Not Applicable,Not Applicable,No,Not Applicable,200,UPI,47,3.2,3.9
2024-07-08 03:40:00,CNR6410628936,Success,CID663479,Mini,Hulimavu,Bannerghatta Road,168.0,80.0,Not Applicable,Not Applicable,No,Not Applicable,197,UPI,22,3.2,3.7
2024-07-22 05:14:00,CNR2516411424,Success,CID145897,Prime SUV,Jayanagar,Frazer Town,84.0,140.0,Not Applicable,Not Applicable,No,Not Applicable,899,UPI,3,4.3,3.3
2024-07-22 00:16:00,CNR3483869261,Success,CID361426,Prime Sedan,Vijayanagar,Sarjapur Road,203.0,110.0,Not Applicable,Not Applicable,No,Not Applicable,296,Cash,14,4.6,4.7
2024-07-10 05:17:00,CNR8103425318,Success,CID385074,Prime SUV,Yelahanka,Banashankari,49.0,105.0,Not Applicable,Not Applicable,No,Not Applicable,405,Credit Card,46,4.7,3.7
2024-07-25 02:19:00,CNR3738333101,Success,CID736678,eBike,Rajarajeshwari Nagar,Malleshwaram,217.0,140.0,Not Applicable,Not Applicable,No,Not Applicable,462,UPI,9,4.7,3.1
2024-07-08 11:58:00,CNR1855998723,Success,CID529173,Bike,Varthur,Varthur,273.0,75.0,Not Applicable,Not Applicable,No,Not Applicable,400,Cash,28,3.2,3.8
2024-07-28 15:23:00,CNR3865035533,Canceled by Driver,CID363948,Mini,Hebbal,Malleshwaram,,,Not Applicable,More than permitted people in there,Not Applicable,Not Applicable,138,Not Applicable,0,,
2024-07-04 15:20:00,CNR4653259557,Canceled by Customer,CID868499,Mini,Bannerghatta Road,Sahakar Nagar,,,Change of plans,Not Applicable,Not Applicable,Not Applicable,1161,Not Applicable,0,,
2024-07-22 21:24:00,CNR4289247692,Canceled by Driver,CID483395,eBike,Sahakar Nagar,Electronic City,,,Not Applicable,Customer related issue,Not Applicable,Not Applicable,982,Not Applicable,0,,
2024-07-27 22:07:00,CNR3096053420,Success,CID460946,eBike,Malleshwaram,Chickpet,259.0,145.0,Not Applicable,Not Applicable,No,Not Applicable,1630,Cash,42,4.9,4.6
2024-07-02 12:26:00,CNR7664835171,Success,CID591837,Prime Plus,Sarjapur Road,Majestic,63.0,25.0,Not Applicable,Not Applicable,No,Not Applicable,198,Cash,22,5.0,3.4
2024-07-10 18:30:00,CNR2981508375,Canceled by Customer,CID151413,Mini,Shivajinagar,Hennur,,,Change of plans,Not Applicable,Not Applicable,Not Applicable,214,Not Applicable,0,,
2024-07-09 12:08:00,CNR8188920267,Success,CID784112,Prime Plus,Koramangala,Hosur Road,301.0,75.0,Not Applicable,Not Applicable,No,Not Applicable,252,UPI,42,4.9,4.0
2024-07-26 14:26:00,CNR5686451386,Success,CID614242,Bike,Tumkur Road,Majestic,168.0,105.0,Not Applicable,Not Applicable,No,Not Applicable,306,Cash,20,4.8,3.9
2024-07-07 11:06:00,CNR7454830754,Success,CID966222,eBike,Langford Town,Bannerghatta Road,280.0,125.0,Not Applicable,Not Applicable,Yes,Customer Demand,642,UPI,31,3.2,3.2
2024-07-25 16:43:00,CNR8099828868,Success,CID883212,eBike,Sarjapur Road,Kadugodi,126.0,105.0,Not Applicable,Not Applicable,No,Not Applicable,652,Cash,49,3.2,4.6
2024-07-04 05:35:00,CNR8100711945,Canceled by Driver,CID545341,Prime Sedan,Jayanagar,Marathahalli,,,Not Applicable,More than permitted people in there,Not Applicable,Not Applicable,329,Not Applicable,0,,
2024-07-10 14:14:00,CNR9191201383,Driver Not Found,CID202239,Prime Sedan,Whitefield,Cox Town,,,Not Applicable,Not Applicable,Not Applicable,Not Applicable,351,Not Applicable,0,,
2024-07-24 05:20:00,CNR1474207801,Success,CID480896,Bike,HSR Layout,Bellandur,273.0,60.0,Not Applicable,Not Applicable,No,Not Applicable,235,Credit Card,45,4.5,3.3
2024-07-24 05:52:00,CNR3619333115,Canceled by Customer,CID754539,Auto,JP Nagar,Devanahalli,,,Driver asked to cancel,Not Applicable,Not Applicable,Not Applicable,139,Not Applicable,0,,
2024-07-06 01:18:00,CNR1447775829,Canceled by Customer,CID279378,Bike,RT Nagar,Nagarbhavi,,,Driver asked to cancel,Not Applicable,Not Applicable,Not Applicable,2593,Not Applicable,0,,
2024-07-04 21:31:00,CNR5851455336,Success,CID633725,Mini,KR Puram,Kengeri,231.0,145.0,Not Applicable,Not Applicable,No,Not Applicable,457,Cash,20,4.8,4.2
2024-07-04 01:31:00,CNR4731919271,Canceled by Customer,CID622274,eBike,Majestic,Marathahalli,,,Wrong Address,Not Applicable,Not Applicable,Not Applicable,130,Not Applicable,0,,
2024-07-09 22:11:00,CNR5166908767,Success,CID944415,eBike,Yeshwanthpur,Frazer Town,112.0,50.0,Not Applicable,Not Applicable,No,Not Applicable,321,Cash,31,4.5,4.4
2024-07-20 22:46:00,CNR9460565170,Canceled by Driver,CID350183,Auto,HSR Layout,Tumkur Road,,,Not Applicable,More than permitted people in there,Not Applicable,Not Applicable,365,Not Applicable,0,,
2024-07-17 14:33:00,CNR2541942028,Driver Not Found,CID749075,Auto,Tumkur Road,HSR Layout,,,Not Applicable,Not Applicable,Not Applicable,Not Applicable,127,Not Applicable,0,,
2024-07-11 07:20:00,CNR1724919039,Success,CID985114,Auto,Vijayanagar,Koramangala,231.0,85.0,Not Applicable,Not Applicable,No,Not Applicable,463,Cash,6,3.9,4.5
2024-07-13 07:58:00,CNR6096277161,Success,CID462927,Mini,BTM Layout,MG Road,175.0,25.0,Not Applicable,Not Applicable,No,Not Applicable,1265,Cash,41,3.0,4.6
2024-07-01 19:20:00,CNR2679245855,Canceled by Driver,CID819839,Prime Sedan,Electronic City,Vijayanagar,,,Not Applicable,Personal & Car related issue,Not Applicable,Not Applicable,486,Not Applicable,0,,
2024-07-17 03:48:00,CNR8978346505,Success,CID254031,Prime Plus,Padmanabhanagar,Chamarajpet,56.0,110.0,Not Applicable,Not Applicable,No,Not Applicable,953,Cash,33,3.2,4.1
2024-07-12 02:09:00,CNR1259441885,Canceled by Customer,CID295804,Prime Plus,Varthur,Nagarbhavi,,,Change of plans,Not Applicable,Not Applicable,Not Applicable,135,Not Applicable,0,,
2024-07-13 19:18:00,CNR6766630852,Success,CID533363,Bike,Shivajinagar,Hennur,49.0,80.0,Not Applicable,Not Applicable,No,Not Applicable,154,UPI,12,4.2,4.9
2024-07-21 08:30:00,CNR5851178019,Canceled by Customer,CID310444,Prime SUV,Indiranagar,Jayanagar,,,Driver is not moving towards pickup location,Not Applicable,Not Applicable,Not Applicable,929,Not Applicable,0,,
2024-07-29 08:31:00,CNR8882912523,Canceled by Driver,CID706781,eBike,KR Puram,Padmanabhanagar,,,Not Applicable,More than permitted people in there,Not Applicable,Not Applicable,501,Not Applicable,0,,
2024-07-15 13:02:00,CNR1033318953,Success,CID602241,Mini,Vijayanagar,Yeshwanthpur,77.0,65.0,Not Applicable,Not Applicable,Yes,Customer Demand,572,Cash,43,3.0,3.4
2024-07-05 03:53:00,CNR9000677667,Success,CID633001,Prime Plus,MG Road,Ulsoor,182.0,90.0,Not Applicable,Not Applicable,No,Not Applicable,312,Cash,17,4.0,4.2
2024-07-18 03:16:00,CNR5993459712,Driver Not Found,CID800363,Prime SUV,Hennur,Electronic City,,,Not Applicable,Not Applicable,Not Applicable,Not Applicable,404,Not Applicable,0,,
2024-07-22 01:08:00,CNR4177691904,Driver Not Found,CID228415,Prime Sedan,Ulsoor,Rajajinagar,,,Not Applicable,Not Applicable,Not Applicable,Not Applicable,176,Not Applicable,0,,
2024-07-28 08:07:00,CNR4397295245,Success,CID949362,Bike,Malleshwaram,KR Puram,91.0,105.0,Not Applicable,Not Applicable,No,Not Applicable,413,Cash,41,3.0,4.2
2024-07-28 08:28:00,CNR1109053278,Driver Not Found,CID713843,Prime SUV,Rajajinagar,Kammanahalli,,,Not Applicable,Not Applicable,Not Applicable,Not Applicable,339,Not Applicable,0,,
2024-07-03 15:46:00,CNR4053776211,Success,CID209117,eBike,Whitefield,Hulimavu,217.0,120.0,Not Applicable,Not Applicable,No,Not Applicable,318,UPI,24,3.1,3.7
2024-07-13 01:20:00,CNR5109478287,Success,CID419530,Prime Sedan,RT Nagar,Banashankari,196.0,30.0,Not Applicable,Not Applicable,No,Not Applicable,399,Cash,7,4.9,4.2
2024-07-29 12:39:00,CNR5762839889,Success,CID848846,Prime Plus,Vijayanagar,BTM Layout,56.0,85.0,Not Applicable,Not Applicable,No,Not Applicable,524,UPI,40,4.8,4.0
2024-07-27 07:37:00,CNR6979938555,Success,CID744191,Prime SUV,Kengeri,Shivajinagar,224.0,90.0,Not Applicable,Not Applicable,No,Not Applicable,335,UPI,23,4.5,3.6
2024-07-29 21:01:00,CNR3585720982,Success,CID291143,Auto,Sarjapur Road,Yelahanka,98.0,95.0,Not Applicable,Not Applicable,No,Not Applicable,547,Cash,6,3.1,3.1
2024-07-19 11:12:00,CNR1104895474,Success,CID994254,Prime SUV,Indiranagar,Hebbal,84.0,120.0,Not Applicable,Not Applicable,No,Not Applicable,1903,Cash,6,4.3,3.8
2024-07-01 23:39:00,CNR9872994240,Success,CID524484,eBike,Shivajinagar,Jayanagar,133.0,80.0,Not Applicable,Not Applicable,No,Not Applicable,926,Cash,33,3.7,4.3
2024-07-12 16:19:00,CNR3894507071,Success,CID342301,eBike,Shivajinagar,Rajajinagar,238.0,30.0,Not Applicable,Not Applicable,No,Not Applicable,365,UPI,29,4.7,3.9
2024-07-05 08:57:00,CNR4804148085,Driver Not Found,CID716594,eBike,Ramamurthy Nagar,Shivajinagar,,,Not Applicable,Not Applicable,Not Applicable,Not Applicable,104,Not Applicable,0,,
2024-07-01 12:23:00,CNR2427696418,Success,CID368756,Prime Sedan,Kadugodi,JP Nagar,49.0,115.0,Not Applicable,Not Applicable,No,Not Applicable,449,UPI,17,3.8,3.6
2024-07-29 09:46:00,CNR1161199603,Success,CID724424,Auto,Mysore Road,Ramamurthy Nagar,126.0,95.0,Not Applicable,Not Applicable,No,Not Applicable,110,Cash,11,4.2,4.1
2024-07-28 19:08:00,CNR8676134404,Driver Not Found,CID922543,Bike,Shantinagar,Electronic City,,,Not Applicable,Not Applicable,Not Applicable,Not Applicable,485,Not Applicable,0,,
2024-07-13 22:35:00,CNR1291104955,Canceled by Driver,CID403690,Auto,Chamarajpet,HSR Layout,,,Not Applicable,Personal & Car related issue,Not Applicable,Not Applicable,444,Not Applicable,0,,
2024-07-10 21:17:00,CNR7773229026,Canceled by Driver,CID417327,Bike,Chickpet,Rajarajeshwari Nagar,,,Not Applicable,Customer was coughing/sick,Not Applicable,Not Applicable,787,Not Applicable,0,,
2024-07-03 16:47:00,CNR9069017560,Success,CID113585,Prime SUV,Hulimavu,Shivajinagar,196.0,95.0,Not Applicable,Not Applicable,No,Not Applicable,863,UPI,41,3.6,3.6
2024-07-24 15:07:00,CNR9098475005,Success,CID464975,Auto,BTM Layout,Rajajinagar,287.0,100.0,Not Applicable,Not Applicable,No,Not Applicable,676,UPI,2,4.6,4.9
2024-07-30 03:38:00,CNR2031042009,Canceled by Driver,CID968202,Prime Plus,Whitefield,Ramamurthy Nagar,,,Not Applicable,Personal & Car related issue,Not Applicable,Not Applicable,432,Not Applicable,0,,
2024-07-29 17:08:00,CNR7517913330,Success,CID109932,eBike,HSR Layout,Malleshwaram,266.0,75.0,Not Applicable,Not Applicable,No,Not Applicable,793,UPI,5,4.8,3.1
2024-07-25 10:24:00,CNR2165710601,Canceled by Customer,CID878142,Auto,Yeshwanthpur,Mysore Road,,,AC is Not working,Not Applicable,Not Applicable,Not Applicable,207,Not Applicable,0,,
2024-07-15 04:48:00,CNR4131248254,Canceled by Driver,CID452722,Auto,Shivajinagar,Majestic,,,Not Applicable,Customer was coughing/sick,Not Applicable,Not Applicable,176,Not Applicable,0,,
2024-07-22 23:17:00,CNR7065906757,Canceled by Driver,CID811373,Mini,Whitefield,Kadugodi,,,Not Applicable,Personal & Car related issue,Not Applicable,Not Applicable,854,Not Applicable,0,,
2024-07-20 04:11:00,CNR9726128454,Driver Not Found,CID864810,Prime Plus,Hennur,Devanahalli,,,Not Applicable,Not Applicable,Not Applicable,Not Applicable,379,Not Applicable,0,,
2024-07-16 03:18:00,CNR4932751736,Canceled by Driver,CID116905,Prime SUV,Yelahanka,Hulimavu,,,Not Applicable,Customer related issue,Not Applicable,Not Applicable,399,Not Applicable,0,,
2024-07-30 08:31:00,CNR7875248381,Success,CID534752,Prime Plus,Cox Town,Sahakar Nagar,245.0,30.0,Not Applicable,Not Applicable,No,Not Applicable,367,UPI,34,3.6,4.6
2024-07-15 17:38:00,CNR3121350857,Canceled by Customer,CID647903,Prime Plus,Bannerghatta Road,Cox Town,,,Driver is not moving towards pickup location,Not Applicable,Not Applicable,Not Applicable,214,Not Applicable,0,,
2024-07-24 08:35:00,CNR7282049548,Success,CID106085,Prime SUV,MG Road,Shivajinagar,63.0,55.0,Not Applicable,Not Applicable,No,Not Applicable,184,Cash,19,3.4,4.9
2024-07-12 07:11:00,CNR1675936981,Canceled by Driver,CID426774,Prime Plus,Indiranagar,Peenya,,,Not Applicable,Customer was coughing/sick,Not Applicable,Not Applicable,126,Not Applicable,0,,
2024-07-15 22:15:00,CNR2966699660,Success,CID274792,Prime Plus,Tumkur Road,Rajajinagar,84.0,90.0,Not Applicable,Not Applicable,No,Not Applicable,271,Cash,21,3.8,3.0
2024-07-22 20:42:00,CNR5553597120,Success,CID264617,Mini,Sarjapur Road,Koramangala,245.0,40.0,Not Applicable,Not Applicable,No,Not Applicable,205,Cash,46,4.7,3.3
2024-07-18 08:54:00,CNR2382587877,Success,CID414660,Prime Plus,Hosur Road,Hosur Road,266.0,120.0,Not Applicable,Not Applicable,No,Not Applicable,530,Cash,47,3.2,3.3
2024-07-09 01:45:00,CNR3409353602,Success,CID467016,Mini,Hulimavu,BTM Layout,84.0,50.0,Not Applicable,Not Applicable,No,Not Applicable,802,UPI,21,5.0,4.2
2024-07-23 18:11:00,CNR3081077620,Success,CID683197,Prime Plus,Padmanabhanagar,HSR Layout,210.0,135.0,Not Applicable,Not Applicable,Yes,Customer Demand,457,UPI,1,4.1,3.8
2024-07-12 06:17:00,CNR8655646649,Success,CID314038,Mini,Kengeri,Kammanahalli,154.0,75.0,Not Applicable,Not Applicable,No,Not Applicable,189,Cash,22,4.5,3.3
2024-07-12 02:42:00,CNR7411386153,Canceled by Driver,CID674384,Prime Sedan,BTM Layout,Langford Town,,,Not Applicable,Personal & Car related issue,Not Applicable,Not Applicable,1791,Not Applicable,0,,
2024-07-10 04:35:00,CNR1962435683,Success,CID953525,Prime Plus,Koramangala,Shantinagar,161.0,95.0,Not Applicable,Not Applicable,No,Not Applicable,485,UPI,14,4.1,4.3
2024-07-18 13:46:00,CNR2007637870,Canceled by Customer,CID208679,Bike,Ulsoor,Richmond Town,,,Driver is not moving towards pickup location,Not Applicable,Not Applicable,Not Applicable,466,Not Applicable,0,,
2024-07-19 07:21:00,CNR8813544126,Success,CID274770,Prime SUV,Sahakar Nagar,KR Puram,280.0,50.0,Not Applicable,Not Applicable,No,Not Applicable,1257,Cash,2,3.1,3.2
2024-07-07 02:33:00,CNR1148527062,Canceled by Driver,CID110778,Mini,Banashankari,Richmond Town,,,Not Applicable,Customer related issue,Not Applicable,Not Applicable,124,Not Applicable,0,,
2024-07-23 18:14:00,CNR4398963367,Success,CID574206,Prime SUV,Hulimavu,Tumkur Road,203.0,75.0,Not Applicable,Not Applicable,No,Not Applicable,643,UPI,12,4.1,4.3
2024-07-29 06:21:00,CNR4691358417,Success,CID519428,Auto,Hennur,Koramangala,259.0,60.0,Not Applicable,Not Applicable,No,Not Applicable,1026,UPI,17,3.7,4.7
2024-07-29 22:58:00,CNR2607827654,Success,CID872354,Prime Plus,Mysore Road,Whitefield,42.0,125.0,Not Applicable,Not Applicable,No,Not Applicable,488,UPI,42,3.1,3.9
2024-07-13 18:45:00,CNR1788841640,Driver Not Found,CID375022,Prime SUV,Banashankari,Basavanagudi,,,Not Applicable,Not Applicable,Not Applicable,Not Applicable,1714,Not Applicable,0,,
2024-07-24 01:48:00,CNR8137770798,Success,CID626635,Prime Sedan,Shantinagar,Shantinagar,252.0,70.0,Not Applicable,Not Applicable,No,Not Applicable,391,UPI,25,4.6,3.4
2024-07-15 06:15:00,CNR5779263434,Success,CID451005,Auto,Kadugodi,JP Nagar,301.0,135.0,Not Applicable,Not Applicable,No,Not Applicable,1679,UPI,1,4.3,3.4
2024-07-08 18:36:00,CNR8585669197,Success,CID488382,Bike,Nagarbhavi,Frazer Town,70.0,90.0,Not Applicable,Not Applicable,No,Not Applicable,332,UPI,17,3.3,4.0
2024-07-07 23:06:00,CNR6098003715,Success,CID273589,Auto,Chickpet,Electronic City,203.0,95.0,Not Applicable,Not Applicable,No,Not Applicable,244,UPI,10,3.1,3.9
2024-07-29 18:14:00,CNR8977795474,Success,CID952234,Bike,Ramamurthy Nagar,Frazer Town,63.0,65.0,Not Applicable,Not Applicable,Yes,Customer Demand,486,Cash,9,3.7,3.9
2024-07-17 03:00:00,CNR8570032427,Canceled by Driver,CID809486,Prime Sedan,JP Nagar,Kammanahalli,,,Not Applicable,Customer related issue,Not Applicable,Not Applicable,649,Not Applicable,0,,
2024-07-14 14:29:00,CNR7740850234,Success,CID682361,Prime Plus,Hosur Road,Yelahanka,70.0,45.0,Not Applicable,Not Applicable,No,Not Applicable,177,Cash,22,4.0,3.2
2024-07-21 23:33:00,CNR6374107075,Driver Not Found,CID235087,Prime Plus,Vijayanagar,Cox Town,,,Not Applicable,Not Applicable,Not Applicable,Not Applicable,364,Not Applicable,0,,
2024-07-26 09:34:00,CNR8762204714,Success,CID901795,Prime SUV,Chamarajpet,Indiranagar,217.0,90.0,Not Applicable,Not Applicable,No,Not Applicable,121,Cash,7,4.8,3.4
2024-07-03 07:38:00,CNR6732422654,Canceled by Driver,CID735288,Mini,Tumkur Road,JP Nagar,,,Not Applicable,Personal & Car related issue,Not Applicable,Not Applicable,485,Not Applicable,0,,
2024-07-17 11:47:00,CNR9691432922,Driver Not Found,CID595250,Prime Plus,Magadi Road,Padmanabhanagar,,,Not Applicable,Not Applicable,Not Applicable,Not Applicable,193,Not Applicable,0,,
2024-07-22 03:22:00,CNR7978937366,Success,CID347153,Mini,Marathahalli,MG Road,238.0,50.0,Not Applicable,Not Applicable,No,Not Applicable,663,UPI,8,3.8,4.3
2024-07-30 22:52:00,CNR6032632539,Success,CID604623,eBike,Nagarbhavi,Tumkur Road,112.0,95.0,Not Applicable,Not Applicable,No,Not Applicable,261,Cash,17,4.0,4.2
2024-07-28 12:31:00,CNR3786628978,Success,CID943999,Prime SUV,Padmanabhanagar,Kadugodi,161.0,40.0,Not Applicable,Not Applicable,No,Not Applicable,431,Cash,17,4.3,3.0
2024-07-27 17:16:00,CNR8543552225,Success,CID523046,Prime Plus,Shantinagar,Rajajinagar,231.0,130.0,Not Applicable,Not Applicable,No,Not Applicable,749,Cash,21,3.3,4.9
2024-07-18 06:04:00,CNR3039774144,Success,CID878242,Mini,Sahakar Nagar,Yeshwanthpur,238.0,130.0,Not Applicable,Not Applicable,No,Not Applicable,389,Cash,13,3.5,3.6
2024-07-04 19:45:00,CNR2951489415,Success,CID243195,eBike,BTM Layout,Rajajinagar,252.0,40.0,Not Applicable,Not Applicable,No,Not Applicable,402,Cash,31,4.5,3.3
2024-07-23 03:12:00,CNR1074730695,Success,CID299143,Prime SUV,Kadugodi,Mysore Road,112.0,140.0,Not Applicable,Not Applicable,No,Not Applicable,189,Cash,42,4.6,4.2
2024-07-01 17:30:00,CNR1052337736,Canceled by Customer,CID834188,Prime Sedan,Rajarajeshwari Nagar,Frazer Town,,,AC is Not working,Not Applicable,Not Applicable,Not Applicable,481,Not Applicable,0,,
2024-07-27 00:40:00,CNR7196236485,Canceled by Driver,CID821065,Mini,Malleshwaram,Devanahalli,,,Not Applicable,Personal & Car related issue,Not Applicable,Not Applicable,102,Not Applicable,0,,
2024-07-30 16:30:00,CNR3525577728,Success,CID253032,Bike,Electronic City,Basavanagudi,42.0,105.0,Not Applicable,Not Applicable,No,Not Applicable,408,Cash,45,4.1,3.8
2024-07-26 16:57:00,CNR9089477470,Driver Not Found,CID431604,eBike,Jayanagar,Yeshwanthpur,,,Not Applicable,Not Applicable,Not Applicable,Not Applicable,2402,Not Applicable,0,,
2024-07-11 04:56:00,CNR8527948488,Success,CID761498,Bike,Padmanabhanagar,Yeshwanthpur,49.0,140.0,Not Applicable,Not Applicable,No,Not Applicable,231,UPI,27,4.9,3.8
2024-07-20 13:31:00,CNR3854850333,Canceled by Driver,CID243546,Prime Sedan,Vijayanagar,Malleshwaram,,,Not Applicable,Customer related issue,Not Applicable,Not Applicable,909,Not Applicable,0,,
2024-07-15 20:42:00,CNR4179725647,Canceled by Customer,CID792221,Bike,Rajarajeshwari Nagar,Chickpet,,,Driver asked to cancel,Not Applicable,Not Applicable,Not Applicable,126,Not Applicable,0,,
2024-07-10 08:51:00,CNR8222800650,Success,CID283778,Prime Plus,MG Road,Frazer Town,280.0,110.0,Not Applicable,Not Applicable,No,Not Applicable,181,Cash,43,3.4,4.3
2024-07-05 22:32:00,CNR2163466212,Success,CID463342,Bike,Rajarajeshwari Nagar,Indiranagar,273.0,110.0,Not Applicable,Not Applicable,No,Not Applicable,290,UPI,42,5.0,4.8
2024-07-22 17:04:00,CNR1576170174,Success,CID137759,Prime Plus,Malleshwaram,Rajarajeshwari Nagar,49.0,75.0,Not Applicable,Not Applicable,No,Not Applicable,1860,Cash,47,3.2,4.0
2024-07-03 16:00:00,CNR5084998296,Success,CID952593,Prime SUV,Koramangala,Tumkur Road,84.0,75.0,Not Applicable,Not Applicable,No,Not Applicable,2517,UPI,31,4.9,3.5
2024-07-08 15:24:00,CNR7348767112,Canceled by Driver,CID319840,Prime SUV,Majestic,Yeshwanthpur,,,Not Applicable,Customer was coughing/sick,Not Applicable,Not Applicable,156,Not Applicable,0,,
2024-07-14 09:37:00,CNR5051507957,Success,CID332730,Prime Plus,Hebbal,KR Puram,140.0,135.0,Not Applicable,Not Applicable,No,Not Applicable,464,Cash,31,3.8,3.9
2024-07-29 23:08:00,CNR6606310958,Driver Not Found,CID707585,Bike,HSR Layout,MG Road,,,Not Applicable,Not Applicable,Not Applicable,Not Applicable,459,Not Applicable,0,,
2024-07-29 10:47:00,CNR8795712375,Success,CID312360,eBike,Rajarajeshwari Nagar,Yelahanka,301.0,35.0,Not Applicable,Not Applicable,No,Not Applicable,458,UPI,24,4.8,4.7
2024-07-13 00:20:00,CNR8668524949,Success,CID682291,Bike,Kammanahalli,HSR Layout,42.0,135.0,Not Applicable,Not Applicable,No,Not Applicable,162,Cash,21,3.9,4.3
2024-07-02 07:34:00,CNR8592870680,Canceled by Customer,CID319314,Mini,Bellandur,Nagarbhavi,,,AC is Not working,Not Applicable,Not Applicable,Not Applicable,424,Not Applicable,0,,
2024-07-26 14:52:00,CNR4266779169,Success,CID948341,Prime Plus,Mysore Road,Majestic,91.0,45.0,Not Applicable,Not Applicable,No,Not Applicable,463,Cash,13,3.3,3.0
2024-07-01 20:44:00,CNR9989693867,Canceled by Customer,CID319949,Mini,Kengeri,Bannerghatta Road,,,Driver is not moving towards pickup location,Not Applicable,Not Applicable,Not Applicable,498,Not Applicable,0,,
2024-07-30 20:38:00,CNR9149160904,Canceled by Driver,CID315334,Prime Plus,Ramamurthy Nagar,Koramangala,,,Not Applicable,Personal & Car related issue,Not Applicable,Not Applicable,374,Not Applicable,0,,
2024-07-17 22:11:00,CNR6301498401,Success,CID128907,Mini,Cox Town,Kengeri,133.0,120.0,Not Applicable,Not Applicable,No,Not Applicable,262,Cash,23,3.6,3.1
2024-07-21 02:23:00,CNR3329492825,Success,CID664037,Prime SUV,Kadugodi,Malleshwaram,133.0,95.0,Not Applicable,Not Applicable,No,Not Applicable,2113,Cash,45,4.2,4.5
2024-07-10 19:49:00,CNR2327827375,Success,CID376897,Bike,Jayanagar,Banashankari,70.0,50.0,Not Applicable,Not Applicable,No,Not Applicable,160,Cash,19,3.9,3.5
2024-07-16 18:33:00,CNR5642425403,Success,CID806119,Mini,Kammanahalli,Kadugodi,91.0,100.0,Not Applicable,Not Applicable,No,Not Applicable,878,Debit Card,39,3.2,4.1
2024-07-11 01:05:00,CNR5397128590,Success,CID700834,Prime Plus,Chamarajpet,Richmond Town,287.0,125.0,Not Applicable,Not Applicable,No,Not Applicable,834,Cash,48,3.3,3.2
2024-07-23 06:43:00,CNR2137869523,Success,CID310860,Mini,Marathahalli,Mysore Road,280.0,40.0,Not Applicable,Not Applicable,No,Not Applicable,354,UPI,28,3.2,3.3
2024-07-27 23:53:00,CNR4300782061,Canceled by Driver,CID238356,Prime Sedan,BTM Layout,Sahakar Nagar,,,Not Applicable,Customer was coughing/sick,Not Applicable,Not Applicable,250,Not Applicable,0,,
2024-07-15 02:39:00,CNR9517780790,Success,CID141865,Bike,Bellandur,MG Road,168.0,75.0,Not Applicable,Not Applicable,No,Not Applicable,243,Cash,10,3.3,4.5
2024-07-01 02:51:00,CNR4971556961,Success,CID431770,Mini,Kadugodi,Electronic City,175.0,125.0,Not Applicable,Not Applicable,No,Not Applicable,795,Cash,25,4.5,4.6
2024-07-14 06:08:00,CNR5175433263,Success,CID435305,eBike,Hosur Road,Chamarajpet,105.0,25.0,Not Applicable,Not Applicable,No,Not Applicable,418,UPI,32,4.2,3.3
2024-07-13 21:11:00,CNR1658813707,Success,CID793887,eBike,Vijayanagar,Devanahalli,245.0,35.0,Not Applicable,Not Applicable,No,Not Applicable,289,UPI,30,4.8,3.3
2024-07-13 04:03:00,CNR4856438075,Success,CID586794,Mini,Jayanagar,Vijayanagar,140.0,90.0,Not Applicable,Not Applicable,No,Not Applicable,138,Cash,41,4.5,4.1
2024-07-10 09:35:00,CNR8370113873,Driver Not Found,CID722726,Prime Plus,Banashankari,Chickpet,,,Not Applicable,Not Applicable,Not Applicable,Not Applicable,2035,Not Applicable,0,,
2024-07-22 21:56:00,CNR6125085334,Success,CID619957,Prime Plus,Richmond Town,Nagarbhavi,231.0,80.0,Not Applicable,Not Applicable,No,Not Applicable,446,Credit Card,39,4.1,4.7
2024-07-26 18:18:00,CNR6188653537,Success,CID678451,Mini,KR Puram,Cox Town,112.0,40.0,Not Applicable,Not Applicable,No,Not Applicable,219,UPI,22,3.4,3.5
2024-07-21 03:49:00,CNR5941502891,Success,CID995210,Mini,Kengeri,Chamarajpet,245.0,45.0,Not Applicable,Not Applicable,No,Not Applicable,322,Cash,19,3.3,5.0
2024-07-11 11:47:00,CNR6172352111,Canceled by Driver,CID377458,Auto,Langford Town,BTM Layout,,,Not Applicable,Customer related issue,Not Applicable,Not Applicable,1834,Not Applicable,0,,
2024-07-27 15:54:00,CNR8440871485,Success,CID940609,Prime SUV,Yeshwanthpur,Indiranagar,77.0,115.0,Not Applicable,Not Applicable,No,Not Applicable,492,UPI,21,4.7,3.2
2024-07-29 18:09:00,CNR9639183350,Canceled by Customer,CID434931,Prime Plus,Peenya,Kengeri,,,Change of plans,Not Applicable,Not Applicable,Not Applicable,492,Not Applicable,0,,
2024-07-08 18:01:00,CNR7525401398,Canceled by Driver,CID199904,Prime Sedan,Hennur,Hosur Road,,,Not Applicable,Customer related issue,Not Applicable,Not Applicable,375,Not Applicable,0,,
2024-07-03 19:50:00,CNR6594758620,Success,CID661277,Mini,Padmanabhanagar,Yeshwanthpur,231.0,95.0,Not Applicable,Not Applicable,No,Not Applicable,135,Cash,34,4.0,3.8
2024-07-09 12:54:00,CNR2754466881,Success,CID729067,Prime Sedan,Frazer Town,Electronic City,217.0,120.0,Not Applicable,Not Applicable,No,Not Applicable,417,Cash,23,4.1,4.2
2024-07-11 19:30:00,CNR7526009155,Success,CID619625,Prime Sedan,Shivajinagar,Hebbal,210.0,115.0,Not Applicable,Not Applicable,No,Not Applicable,294,Cash,35,3.6,4.1
2024-07-02 16:31:00,CNR7006289566,Driver Not Found,CID138451,eBike,MG Road,Hennur,,,Not Applicable,Not Applicable,Not Applicable,Not Applicable,805,Not Applicable,0,,
2024-07-07 18:24:00,CNR4395153940,Driver Not Found,CID963544,eBike,Sarjapur Road,JP Nagar,,,Not Applicable,Not Applicable,Not Applicable,Not Applicable,998,Not Applicable,0,,
2024-07-15 09:22:00,CNR4898177778,Success,CID526085,eBike,Ramamurthy Nagar,Ramamurthy Nagar,49.0,115.0,Not Applicable,Not Applicable,No,Not Applicable,407,UPI,16,3.3,3.5
2024-07-14 21:23:00,CNR2733432766,Success,CID668527,Prime Plus,Nagarbhavi,Kammanahalli,182.0,30.0,Not Applicable,Not Applicable,No,Not Applicable,323,Cash,8,4.6,3.1
2024-07-23 19:56:00,CNR5563798635,Success,CID247151,Prime SUV,Rajajinagar,Majestic,301.0,90.0,Not Applicable,Not Applicable,No,Not Applicable,938,UPI,28,3.6,3.7
2024-07-02 09:40:00,CNR7466655973,Success,CID848582,Mini,Jayanagar,Rajarajeshwari Nagar,70.0,25.0,Not Applicable,Not Applicable,No,Not Applicable,341,Cash,44,3.5,3.9
2024-07-23 08:45:00,CNR3906547293,Success,CID331536,Prime Sedan,Electronic City,Varthur,294.0,115.0,Not Applicable,Not Applicable,No,Not Applicable,245,Cash,8,4.8,4.9
2024-07-11 12:28:00,CNR3787927131,Driver Not Found,CID159806,Prime Sedan,Banashankari,Marathahalli,,,Not Applicable,Not Applicable,Not Applicable,Not Applicable,910,Not Applicable,0,,
2024-07-02 03:50:00,CNR3931926220,Success,CID604131,Bike,Mysore Road,Sahakar Nagar,301.0,130.0,Not Applicable,Not Applicable,No,Not Applicable,912,Cash,25,4.3,3.6
2024-07-13 21:56:00,CNR2232611314,Success,CID326230,Mini,Sahakar Nagar,Devanahalli,259.0,145.0,Not Applicable,Not Applicable,No,Not Applicable,704,Cash,41,4.5,3.5
2024-07-30 11:51:00,CNR7166834518,Success,CID655963,Prime Plus,Majestic,Ramamurthy Nagar,245.0,95.0,Not Applicable,Not Applicable,No,Not Applicable,188,Cash,1,4.3,3.0
2024-07-28 19:09:00,CNR9291902975,Canceled by Customer,CID944167,Prime Sedan,Basavanagudi,Frazer Town,,,Driver asked to cancel,Not Applicable,Not Applicable,Not Applicable,925,Not Applicable,0,,
2024-07-02 15:12:00,CNR7426604506,Driver Not Found,CID515352,Auto,Magadi Road,Yeshwanthpur,,,Not Applicable,Not Applicable,Not Applicable,Not Applicable,207,Not Applicable,0,,
2024-07-05 21:33:00,CNR5558026252,Canceled by Driver,CID184669,Bike,BTM Layout,Koramangala,,,Not Applicable,Customer was coughing/sick,Not Applicable,Not Applicable,662,Not Applicable,0,,
2024-07-04 22:33:00,CNR3374003179,Success,CID844030,Prime SUV,Frazer Town,Varthur,91.0,40.0,Not Applicable,Not Applicable,No,Not Applicable,276,UPI,12,4.4,4.5
2024-07-13 14:48:00,CNR7793551831,Canceled by Driver,CID901347,Bike,Rajajinagar,Banashankari,,,Not Applicable,Customer related issue,Not Applicable,Not Applicable,2525,Not Applicable,0,,
2024-07-28 06:12:00,CNR6478910388,Success,CID325944,Bike,RT Nagar,Jayanagar,182.0,95.0,Not Applicable,Not Applicable,No,Not Applicable,111,Cash,45,4.1,3.8
2024-07-12 05:06:00,CNR1821753224,Success,CID505200,Bike,Jayanagar,Shantinagar,126.0,70.0,Not Applicable,Not Applicable,No,Not Applicable,659,UPI,20,4.5,4.3
2024-07-30 21:02:00,CNR6228514464,Canceled by Driver,CID310149,eBike,Padmanabhanagar,Peenya,,,Not Applicable,Customer related issue,Not Applicable,Not Applicable,119,Not Applicable,0,,
2024-07-22 20:03:00,CNR6077478006,Success,CID432784,Prime Plus,Koramangala,Chamarajpet,266.0,90.0,Not Applicable,Not Applicable,No,Not Applicable,953,Cash,22,4.4,3.5
2024-07-24 05:58:00,CNR9506964129,Canceled by Driver,CID658786,Bike,Kengeri,Marathahalli,,,Not Applicable,Customer was coughing/sick,Not Applicable,Not Applicable,310,Not Applicable,0,,
2024-07-20 22:47:00,CNR4246461895,Success,CID817430,Auto,Jayanagar,Langford Town,98.0,90.0,Not Applicable,Not Applicable,No,Not Applicable,140,Cash,11,3.7,3.1
2024-07-17 03:24:00,CNR9300960234,Driver Not Found,CID436412,eBike,Devanahalli,Tumkur Road,,,Not Applicable,Not Applicable,Not Applicable,Not Applicable,421,Not Applicable,0,,
2024-07-16 05:08:00,CNR9987998497,Driver Not Found,CID628279,Prime Sedan,BTM Layout,Nagarbhavi,,,Not Applicable,Not Applicable,Not Applicable,Not Applicable,790,Not Applicable,0,,
2024-07-22 03:34:00,CNR4829261342,Success,CID343479,Prime Plus,KR Puram,Cox Town,259.0,70.0,Not Applicable,Not Applicable,No,Not Applicable,366,Cash,15,3.1,4.7
2024-07-20 22:04:00,CNR9061509246,Canceled by Customer,CID450699,Bike,HSR Layout,Hebbal,,,AC is Not working,Not Applicable,Not Applicable,Not Applicable,288,Not Applicable,0,,
2024-07-25 15:43:00,CNR1311273114,Success,CID991241,Auto,Chickpet,Sahakar Nagar,77.0,105.0,Not Applicable,Not Applicable,No,Not Applicable,118,Cash,10,3.4,4.8
2024-07-22 23:01:00,CNR2606068872,Canceled by Customer,CID199046,eBike,Peenya,KR Puram,,,AC is Not working,Not Applicable,Not Applicable,Not Applicable,211,Not Applicable,0,,
2024-07-06 02:51:00,CNR1529305472,Canceled by Driver,CID927715,Bike,Ramamurthy Nagar,Hulimavu,,,Not Applicable,Customer related issue,Not Applicable,Not Applicable,380,Not Applicable,0,,
2024-07-08 07:56:00,CNR8373691051,Success,CID167599,Prime Plus,Shantinagar,Mysore Road,280.0,85.0,Not Applicable,Not Applicable,No,Not Applicable,290,UPI,43,4.6,4.9
2024-07-15 18:45:00,CNR2835963558,Success,CID550881,Prime Plus,Vijayanagar,Varthur,161.0,40.0,Not Applicable,Not Applicable,No,Not Applicable,2147,Cash,14,5.0,3.8
2024-07-19 09:44:00,CNR9154102088,Canceled by Customer,CID165440,Prime SUV,Peenya,MG Road,,,Driver is not moving towards pickup location,Not Applicable,Not Applicable,Not Applicable,385,Not Applicable,0,,
2024-07-13 07:09:00,CNR3158856694,Success,CID560172,Auto,Majestic,Ramamurthy Nagar,140.0,40.0,Not Applicable,Not Applicable,No,Not Applicable,404,UPI,18,3.8,3.1
2024-07-24 04:26:00,CNR7123003535,Success,CID931308,Auto,Bannerghatta Road,Yelahanka,301.0,100.0,Not Applicable,Not Applicable,No,Not Applicable,186,UPI,9,3.7,3.8
2024-07-03 07:23:00,CNR7819739699,Success,CID446815,Bike,Devanahalli,Banashankari,119.0,90.0,Not Applicable,Not Applicable,No,Not Applicable,136,Credit Card,48,3.5,3.3
2024-07-23 00:19:00,CNR3901239080,Success,CID540990,Auto,Langford Town,Kammanahalli,42.0,140.0,Not Applicable,Not Applicable,No,Not Applicable,342,Cash,16,4.5,3.3
2024-07-29 20:23:00,CNR1289331168,Success,CID580119,Prime Sedan,Electronic City,Hennur,203.0,75.0,Not Applicable,Not Applicable,No,Not Applicable,295,Cash,27,3.2,4.7
2024-07-18 02:19:00,CNR3770172914,Canceled by Driver,CID645317,Auto,Mysore Road,Kengeri,,,Not Applicable,Personal & Car related issue,Not Applicable,Not Applicable,446,Not Applicable,0,,
2024-07-08 01:36:00,CNR3821917764,Success,CID580169,Prime Plus,Chickpet,Devanahalli,266.0,140.0,Not Applicable,Not Applicable,No,Not Applicable,662,Cash,48,3.9,4.7
2024-07-06 08:30:00,CNR1633333322,Canceled by Customer,CID526941,eBike,Majestic,Hulimavu,,,Change of plans,Not Applicable,Not Applicable,Not Applicable,202,Not Applicable,0,,
2024-07-18 11:47:00,CNR6755609944,Success,CID587999,Bike,Yelahanka,Sahakar Nagar,182.0,110.0,Not Applicable,Not Applicable,No,Not Applicable,573,UPI,31,3.1,3.9
2024-07-21 13:23:00,CNR7374818281,Success,CID885309,Prime Plus,Padmanabhanagar,MG Road,91.0,120.0,Not Applicable,Not Applicable,No,Not Applicable,487,Cash,19,4.2,4.1
2024-07-30 19:21:00,CNR9466746667,Canceled by Customer,CID186866,Prime Plus,Vijayanagar,Koramangala,,,AC is Not working,Not Applicable,Not Applicable,Not Applicable,566,Not Applicable,0,,
2024-07-14 19:30:00,CNR7683930474,Success,CID478052,eBike,Devanahalli,Devanahalli,126.0,45.0,Not Applicable,Not Applicable,No,Not Applicable,500,UPI,48,4.3,3.4
2024-07-25 16:42:00,CNR9230928010,Success,CID370168,Auto,JP Nagar,Rajarajeshwari Nagar,238.0,115.0,Not Applicable,Not Applicable,No,Not Applicable,253,Cash,9,3.3,4.6
2024-07-26 11:41:00,CNR5935269762,Success,CID265324,Prime Sedan,Kammanahalli,Indiranagar,301.0,70.0,Not Applicable,Not Applicable,No,Not Applicable,446,UPI,43,3.5,4.9
2024-07-20 13:30:00,CNR2904141180,Canceled by Driver,CID340607,Bike,Langford Town,Malleshwaram,,,Not Applicable,Customer was coughing/sick,Not Applicable,Not Applicable,200,Not Applicable,0,,
2024-07-20 07:50:00,CNR8769844381,Success,CID712698,Auto,Frazer Town,Bellandur,280.0,95.0,Not Applicable,Not Applicable,No,Not Applicable,1061,UPI,12,3.7,4.9
2024-07-22 19:24:00,CNR9256413106,Success,CID693847,eBike,Kammanahalli,Ramamurthy Nagar,175.0,125.0,Not Applicable,Not Applicable,No,Not Applicable,1981,Cash,19,3.1,4.9
2024-07-03 16:35:00,CNR2716837737,Success,CID381997,Prime Plus,Ramamurthy Nagar,MG Road,231.0,125.0,Not Applicable,Not Applicable,No,Not Applicable,236,UPI,7,4.9,3.9
2024-07-15 10:19:00,CNR6272344231,Success,CID848275,Prime SUV,Tumkur Road,HSR Layout,189.0,105.0,Not Applicable,Not Applicable,No,Not Applicable,1179,UPI,47,4.3,4.0
2024-07-19 15:16:00,CNR3503354791,Success,CID310638,Prime SUV,Koramangala,Varthur,175.0,40.0,Not Applicable,Not Applicable,No,Not Applicable,875,Cash,27,4.4,3.3
2024-07-04 19:13:00,CNR9701492061,Success,CID505152,Bike,BTM Layout,HSR Layout,182.0,100.0,Not Applicable,Not Applicable,No,Not Applicable,859,Credit Card,21,4.2,3.9
2024-07-02 03:47:00,CNR4971119509,Success,CID359789,Prime Sedan,Frazer Town,Sarjapur Road,308.0,120.0,Not Applicable,Not Applicable,No,Not Applicable,204,UPI,10,4.8,3.3
2024-07-17 02:16:00,CNR3241695091,Success,CID165463,Auto,Yelahanka,Electronic City,203.0,140.0,Not Applicable,Not Applicable,No,Not Applicable,440,UPI,10,4.9,3.2
2024-07-17 08:46:00,CNR8925294394,Success,CID692413,Prime Sedan,Shivajinagar,Marathahalli,126.0,130.0,Not Applicable,Not Applicable,No,Not Applicable,265,UPI,33,3.5,4.5
2024-07-14 16:01:00,CNR4547770648,Canceled by Customer,CID138832,Bike,Ulsoor,Cox Town,,,Wrong Address,Not Applicable,Not Applicable,Not Applicable,343,Not Applicable,0,,
2024-07-18 13:59:00,CNR8922598205,Success,CID501032,Bike,Vijayanagar,Bannerghatta Road,154.0,110.0,Not Applicable,Not Applicable,No,Not Applicable,121,Cash,45,3.6,4.0
2024-07-30 12:24:00,CNR6701622061,Success,CID830744,Prime Sedan,Magadi Road,JP Nagar,182.0,110.0,Not Applicable,Not Applicable,No,Not Applicable,122,UPI,15,4.1,4.3
2024-07-30 03:57:00,CNR2603193812,Success,CID562819,eBike,Majestic,Electronic City,84.0,35.0,Not Applicable,Not Applicable,No,Not Applicable,470,Cash,16,3.8,4.2
2024-07-22 15:30:00,CNR7180129869,Success,CID210532,eBike,Hosur Road,Mysore Road,133.0,65.0,Not Applicable,Not Applicable,No,Not Applicable,482,UPI,45,5.0,4.5
2024-07-10 06:09:00,CNR8402911833,Success,CID524953,Auto,Koramangala,Banashankari,154.0,90.0,Not Applicable,Not Applicable,No,Not Applicable,170,Cash,3,3.2,4.0
2024-07-12 04:35:00,CNR1279547100,Driver Not Found,CID533782,Bike,Whitefield,Chamarajpet,,,Not Applicable,Not Applicable,Not Applicable,Not Applicable,450,Not Applicable,0,,
2024-07-11 05:52:00,CNR5131434317,Canceled by Customer,CID482730,Prime SUV,Langford Town,Mysore Road,,,Change of plans,Not Applicable,Not Applicable,Not Applicable,513,Not Applicable,0,,
2024-07-04 16:36:00,CNR4396463633,Success,CID710113,Mini,HSR Layout,Marathahalli,280.0,50.0,Not Applicable,Not Applicable,No,Not Applicable,901,Cash,31,4.9,3.2
2024-07-23 17:21:00,CNR5942974654,Success,CID148640,Mini,Ulsoor,Magadi Road,252.0,75.0,Not Applicable,Not Applicable,No,Not Applicable,476,Cash,6,4.3,4.7
2024-07-29 18:14:00,CNR6790217606,Canceled by Customer,CID312218,Bike,Rajarajeshwari Nagar,Malleshwaram,,,Change of plans,Not Applicable,Not Applicable,Not Applicable,596,Not Applicable,0,,
2024-07-29 13:27:00,CNR6437601351,Success,CID294018,Prime Plus,Hulimavu,Vijayanagar,182.0,80.0,Not Applicable,Not Applicable,No,Not Applicable,230,Cash,16,3.2,4.4
2024-07-19 21:54:00,CNR5789455010,Success,CID347055,eBike,Majestic,Bellandur,49.0,105.0,Not Applicable,Not Applicable,No,Not Applicable,102,Cash,48,4.3,3.5
2024-07-08 10:32:00,CNR6910894321,Success,CID752248,Auto,Richmond Town,Shantinagar,49.0,140.0,Not Applicable,Not Applicable,No,Not Applicable,1842,UPI,4,3.9,4.0
2024-07-26 13:25:00,CNR6794114205,Success,CID471229,Prime SUV,Sahakar Nagar,Sahakar Nagar,168.0,100.0,Not Applicable,Not Applicable,No,Not Applicable,266,Cash,29,3.7,4.9
2024-07-16 23:49:00,CNR6637108014,Success,CID139668,Mini,RT Nagar,Ramamurthy Nagar,231.0,145.0,Not Applicable,Not Applicable,No,Not Applicable,475,UPI,37,3.5,3.5
2024-07-15 16:43:00,CNR5741108712,Success,CID946007,eBike,Mysore Road,Banashankari,42.0,65.0,Not Applicable,Not Applicable,No,Not Applicable,1612,Cash,42,3.4,4.0
2024-07-29 22:07:00,CNR8224051464,Success,CID241766,Auto,Hulimavu,Hosur Road,105.0,75.0,Not Applicable,Not Applicable,Yes,Vehicle Breakdown,980,UPI,19,4.7,3.9
2024-07-28 06:14:00,CNR2301147312,Driver Not Found,CID192275,Auto,Rajajinagar,Majestic,,,Not Applicable,Not Applicable,Not Applicable,Not Applicable,379,Not Applicable,0,,
2024-07-21 00:11:00,CNR6829582303,Success,CID602348,eBike,KR Puram,KR Puram,140.0,105.0,Not Applicable,Not Applicable,No,Not Applicable,194,Cash,5,4.6,4.5
2024-07-18 21:28:00,CNR3906161098,Success,CID215333,Mini,Yelahanka,Majestic,238.0,105.0,Not Applicable,Not Applicable,No,Not Applicable,323,UPI,49,3.2,4.7
2024-07-09 07:11:00,CNR9842295688,Success,CID230445,Mini,Rajajinagar,Hennur,189.0,115.0,Not Applicable,Not Applicable,No,Not Applicable,363,UPI,15,3.3,4.2
2024-07-12 22:19:00,CNR9238454934,Canceled by Driver,CID878857,eBike,Marathahalli,MG Road,,,Not Applicable,Personal & Car related issue,Not Applicable,Not Applicable,206,Not Applicable,0,,
2024-07-27 09:54:00,CNR5232675047,Success,CID316782,Prime SUV,KR Puram,Majestic,70.0,130.0,Not Applicable,Not Applicable,No,Not Applicable,473,UPI,38,4.6,4.1
2024-07-29 01:18:00,CNR3314522320,Success,CID441213,Bike,Cox Town,Ulsoor,175.0,80.0,Not Applicable,Not Applicable,No,Not Applicable,564,UPI,42,4.2,4.0
2024-07-05 18:55:00,CNR4873050163,Canceled by Driver,CID185888,Prime Sedan,Basavanagudi,Electronic City,,,Not Applicable,Customer was coughing/sick,Not Applicable,Not Applicable,439,Not Applicable,0,,
2024-07-02 01:10:00,CNR4818734936,Success,CID887871,Bike,Whitefield,BTM Layout,231.0,50.0,Not Applicable,Not Applicable,No,Not Applicable,975,Credit Card,9,3.5,4.6
2024-07-01 00:35:00,CNR1745218259,Success,CID784128,Auto,MG Road,Banashankari,189.0,35.0,Not Applicable,Not Applicable,No,Not Applicable,525,UPI,15,3.2,3.3
2024-07-27 08:49:00,CNR6380736247,Canceled by Driver,CID682300,Prime Plus,Majestic,Tumkur Road,,,Not Applicable,Personal & Car related issue,Not Applicable,Not Applicable,195,Not Applicable,0,,
2024-07-29 10:05:00,CNR2580589567,Success,CID874324,eBike,Bellandur,Basavanagudi,210.0,35.0,Not Applicable,Not Applicable,No,Not Applicable,782,Cash,16,4.2,4.7
2024-07-07 19:06:00,CNR9995356853,Success,CID560570,Prime SUV,Hulimavu,Hulimavu,301.0,35.0,Not Applicable,Not Applicable,No,Not Applicable,985,Cash,44,3.3,4.8
2024-07-18 16:31:00,CNR1889719068,Success,CID319206,Auto,Langford Town,Banashankari,126.0,115.0,Not Applicable,Not Applicable,No,Not Applicable,308,Cash,7,3.8,4.5
2024-07-06 17:51:00,CNR9395361984,Driver Not Found,CID368803,eBike,Sahakar Nagar,MG Road,,,Not Applicable,Not Applicable,Not Applicable,Not Applicable,246,Not Applicable,0,,
2024-07-23 15:24:00,CNR6510006922,Canceled by Customer,CID476097,Auto,Sahakar Nagar,Yelahanka,,,Driver is not moving towards pickup location,Not Applicable,Not Applicable,Not Applicable,469,Not Applicable,0,,
2024-07-24 07:13:00,CNR4890972250,Success,CID967514,Prime Plus,Majestic,Ulsoor,42.0,100.0,Not Applicable,Not Applicable,No,Not Applicable,279,Cash,10,4.7,4.6
2024-07-03 19:55:00,CNR5627318491,Canceled by Customer,CID620426,Prime Plus,MG Road,Tumkur Road,,,Driver asked to cancel,Not Applicable,Not Applicable,Not Applicable,291,Not Applicable,0,,
2024-07-02 03:58:00,CNR8721080450,Success,CID729306,Prime SUV,Vijayanagar,Malleshwaram,56.0,25.0,Not Applicable,Not Applicable,No,Not Applicable,185,Cash,47,4.9,3.2
2024-07-23 02:39:00,CNR2083677070,Driver Not Found,CID678434,eBike,Hennur,Shantinagar,,,Not Applicable,Not Applicable,Not Applicable,Not Applicable,371,Not Applicable,0,,
2024-07-05 21:55:00,CNR4977740363,Success,CID141603,Auto,Hulimavu,Bellandur,224.0,105.0,Not Applicable,Not Applicable,No,Not Applicable,1259,Cash,17,4.7,4.8
2024-07-17 22:08:00,CNR6832268378,Success,CID491013,Prime Plus,Yeshwanthpur,Sahakar Nagar,266.0,50.0,Not Applicable,Not Applicable,No,Not Applicable,651,UPI,15,3.5,3.1
2024-07-28 15:10:00,CNR3424241162,Success,CID334766,Prime Sedan,Tumkur Road,Hosur Road,112.0,135.0,Not Applicable,Not Applicable,No,Not Applicable,132,UPI,34,4.0,3.9
2024-07-14 13:47:00,CNR2401500362,Success,CID502563,Mini,Majestic,Hennur,217.0,70.0,Not Applicable,Not Applicable,No,Not Applicable,180,Cash,27,3.2,4.0
2024-07-17 15:49:00,CNR7507612323,Success,CID741038,eBike,Sahakar Nagar,Sahakar Nagar,154.0,75.0,Not Applicable,Not Applicable,No,Not Applicable,830,Cash,25,3.2,4.2
2024-07-29 05:09:00,CNR6876253099,Success,CID955810,Bike,Padmanabhanagar,Hulimavu,91.0,100.0,Not Applicable,Not Applicable,No,Not Applicable,2910,UPI,24,4.6,3.8
2024-07-02 00:32:00,CNR7362682467,Success,CID600119,Prime SUV,Bellandur,Kadugodi,259.0,45.0,Not Applicable,Not Applicable,No,Not Applicable,479,Cash,30,4.0,3.1
2024-07-21 15:09:00,CNR8968183998,Canceled by Driver,CID463337,Prime SUV,Basavanagudi,Langford Town,,,Not Applicable,Customer was coughing/sick,Not Applicable,Not Applicable,490,Not Applicable,0,,
2024-07-19 17:32:00,CNR7233042215,Canceled by Driver,CID396290,Prime Sedan,Bellandur,Hebbal,,,Not Applicable,More than permitted people in there,Not Applicable,Not Applicable,1262,Not Applicable,0,,
2024-07-13 23:56:00,CNR6128859943,Success,CID227071,Prime SUV,Langford Town,Varthur,133.0,140.0,Not Applicable,Not Applicable,No,Not Applicable,249,UPI,19,4.1,3.5
2024-07-08 09:07:00,CNR8309492601,Success,CID351256,Auto,Hosur Road,Basavanagudi,112.0,65.0,Not Applicable,Not Applicable,No,Not Applicable,186,UPI,19,3.0,4.2
2024-07-06 11:57:00,CNR1393145232,Success,CID597549,Prime Plus,Magadi Road,Banashankari,210.0,45.0,Not Applicable,Not Applicable,No,Not Applicable,1957,Cash,24,4.9,3.7
2024-07-23 23:58:00,CNR5206608956,Success,CID959615,Mini,Jayanagar,Chamarajpet,175.0,90.0,Not Applicable,Not Applicable,No,Not Applicable,1442,Cash,18,3.6,4.9
2024-07-08 00:29:00,CNR1205508608,Canceled by Customer,CID822448,Auto,Kammanahalli,HSR Layout,,,Driver asked to cancel,Not Applicable,Not Applicable,Not Applicable,443,Not Applicable,0,,
2024-07-20 19:46:00,CNR6172576948,Success,CID225241,Mini,MG Road,Padmanabhanagar,49.0,120.0,Not Applicable,Not Applicable,No,Not Applicable,378,UPI,37,3.2,3.6
2024-07-09 08:15:00,CNR5636320784,Canceled by Driver,CID236551,Bike,Kammanahalli,RT Nagar,,,Not Applicable,More than permitted people in there,Not Applicable,Not Applicable,493,Not Applicable,0,,
2024-07-18 02:45:00,CNR9736009705,Success,CID269119,Bike,Chickpet,Hennur,189.0,85.0,Not Applicable,Not Applicable,No,Not Applicable,634,Cash,46,3.0,3.2
2024-07-09 12:06:00,CNR6670321176,Success,CID896927,Mini,Padmanabhanagar,Langford Town,98.0,25.0,Not Applicable,Not Applicable,No,Not Applicable,428,Cash,20,3.8,3.0
2024-07-10 07:29:00,CNR1665379553,Success,CID242500,Mini,Basavanagudi,Sahakar Nagar,217.0,140.0,Not Applicable,Not Applicable,No,Not Applicable,720,Cash,4,4.3,4.5
2024-07-04 01:16:00,CNR3655615145,Canceled by Driver,CID512358,Bike,Indiranagar,Yelahanka,,,Not Applicable,Customer was coughing/sick,Not Applicable,Not Applicable,131,Not Applicable,0,,
2024-07-30 09:54:00,CNR1972027774,Success,CID562598,Auto,Koramangala,Majestic,245.0,110.0,Not Applicable,Not Applicable,No,Not Applicable,489,UPI,11,4.6,3.9
2024-07-29 16:37:00,CNR7894704496,Canceled by Driver,CID472238,Prime Sedan,Rajajinagar,HSR Layout,,,Not Applicable,Personal & Car related issue,Not Applicable,Not Applicable,342,Not Applicable,0,,
2024-07-08 15:57:00,CNR6475516636,Success,CID957186,Bike,JP Nagar,Kengeri,308.0,140.0,Not Applicable,Not Applicable,No,Not Applicable,269,Cash,18,3.0,3.5
2024-07-13 15:14:00,CNR3895327006,Driver Not Found,CID412289,Prime Plus,Koramangala,Kammanahalli,,,Not Applicable,Not Applicable,Not Applicable,Not Applicable,203,Not Applicable,0,,
2024-07-24 17:25:00,CNR2132793021,Canceled by Driver,CID468540,Bike,Bannerghatta Road,Sarjapur Road,,,Not Applicable,Personal & Car related issue,Not Applicable,Not Applicable,860,Not Applicable,0,,
2024-07-11 20:39:00,CNR3240984460,Success,CID799801,Prime Sedan,Indiranagar,Yelahanka,224.0,120.0,Not Applicable,Not Applicable,No,Not Applicable,865,Cash,14,3.0,4.8
2024-07-30 17:26:00,CNR6009162141,Canceled by Customer,CID524324,Prime Sedan,Kammanahalli,Langford Town,,,AC is Not working,Not Applicable,Not Applicable,Not Applicable,1847,Not Applicable,0,,
2024-07-17 16:16:00,CNR7066938121,Success,CID217652,Prime Sedan,Whitefield,Cox Town,231.0,130.0,Not Applicable,Not Applicable,No,Not Applicable,629,Cash,36,4.3,4.4
2024-07-23 13:33:00,CNR9476584533,Success,CID121448,eBike,Richmond Town,Chickpet,259.0,65.0,Not Applicable,Not Applicable,No,Not Applicable,454,UPI,9,4.8,3.0
2024-07-01 09:59:00,CNR6615534220,Success,CID104886,Auto,Sarjapur Road,Kadugodi,105.0,135.0,Not Applicable,Not Applicable,No,Not Applicable,489,Cash,11,3.9,4.9
2024-07-14 17:46:00,CNR3106860788,Success,CID661845,Mini,Ulsoor,RT Nagar,140.0,110.0,Not Applicable,Not Applicable,No,Not Applicable,415,UPI,42,4.9,3.2
2024-07-15 06:25:00,CNR4480285024,Success,CID315679,Prime Plus,Kadugodi,Basavanagudi,203.0,55.0,Not Applicable,Not Applicable,No,Not Applicable,507,Cash,8,4.9,5.0
2024-07-28 00:13:00,CNR3232970955,Success,CID156740,Prime Sedan,Koramangala,Yeshwanthpur,196.0,135.0,Not Applicable,Not Applicable,No,Not Applicable,806,Cash,47,3.4,3.5
2024-07-16 11:51:00,CNR4571669421,Canceled by Customer,CID974899,Auto,Padmanabhanagar,Indiranagar,,,Driver asked to cancel,Not Applicable,Not Applicable,Not Applicable,339,Not Applicable,0,,
2024-07-25 20:11:00,CNR4443085141,Canceled by Driver,CID480258,Mini,Basavanagudi,Koramangala,,,Not Applicable,Customer related issue,Not Applicable,Not Applicable,366,Not Applicable,0,,
2024-07-08 14:04:00,CNR1067108121,Canceled by Driver,CID321640,Auto,BTM Layout,KR Puram,,,Not Applicable,Personal & Car related issue,Not Applicable,Not Applicable,466,Not Applicable,0,,
2024-07-19 17:11:00,CNR2980895699,Success,CID943210,eBike,RT Nagar,Chickpet,133.0,90.0,Not Applicable,Not Applicable,No,Not Applicable,172,UPI,11,3.1,3.3
2024-07-29 04:44:00,CNR1745108078,Success,CID976409,eBike,Richmond Town,Kengeri,126.0,65.0,Not Applicable,Not Applicable,No,Not Applicable,664,Cash,33,3.6,4.6
2024-07-02 18:09:00,CNR9183948235,Success,CID756207,Prime Plus,Electronic City,Electronic City,84.0,95.0,Not Applicable,Not Applicable,No,Not Applicable,650,Cash,11,3.4,3.2
2024-07-07 08:27:00,CNR1563368287,Success,CID611201,Prime SUV,Whitefield,Basavanagudi,308.0,100.0,Not Applicable,Not Applicable,No,Not Applicable,403,Cash,14,3.0,4.8
2024-07-18 02:34:00,CNR6122420909,Driver Not Found,CID867951,Auto,Sarjapur Road,Padmanabhanagar,,,Not Applicable,Not Applicable,Not Applicable,Not Applicable,122,Not Applicable,0,,
2024-07-15 15:28:00,CNR5051575221,Success,CID739851,Auto,Frazer Town,Shivajinagar,133.0,30.0,Not Applicable,Not Applicable,No,Not Applicable,201,Cash,17,3.6,3.2
2024-07-02 08:10:00,CNR3516479975,Success,CID642488,Prime Sedan,Nagarbhavi,Rajarajeshwari Nagar,196.0,100.0,Not Applicable,Not Applicable,No,Not Applicable,108,Cash,48,3.3,4.8
2024-07-29 21:14:00,CNR7014632278,Success,CID238501,Prime Sedan,HSR Layout,Indiranagar,91.0,25.0,Not Applicable,Not Applicable,No,Not Applicable,479,Credit Card,13,4.6,4.3
2024-07-16 05:24:00,CNR8713067907,Success,CID811237,Mini,Whitefield,Basavanagudi,182.0,35.0,Not Applicable,Not Applicable,No,Not Applicable,627,UPI,28,3.9,4.7
2024-07-21 21:47:00,CNR6608605742,Canceled by Driver,CID217171,Prime SUV,Hosur Road,Tumkur Road,,,Not Applicable,Personal & Car related issue,Not Applicable,Not Applicable,1722,Not Applicable,0,,
2024-07-30 18:36:00,CNR9785267819,Success,CID721135,Auto,Indiranagar,BTM Layout,133.0,50.0,Not Applicable,Not Applicable,No,Not Applicable,1537,Cash,12,3.2,3.1
2024-07-24 11:39:00,CNR1105649191,Canceled by Driver,CID289275,Prime Sedan,Yeshwanthpur,HSR Layout,,,Not Applicable,Customer related issue,Not Applicable,Not Applicable,489,Not Applicable,0,,
2024-07-25 04:49:00,CNR7815674680,Success,CID889675,Prime SUV,Cox Town,Nagarbhavi,252.0,95.0,Not Applicable,Not Applicable,No,Not Applicable,249,UPI,13,4.5,4.3
2024-07-23 01:41:00,CNR4445645974,Canceled by Driver,CID700335,Prime SUV,Richmond Town,Vijayanagar,,,Not Applicable,Customer related issue,Not Applicable,Not Applicable,585,Not Applicable,0,,
2024-07-15 03:43:00,CNR9859171706,Success,CID586514,Prime Sedan,Yelahanka,Vijayanagar,63.0,30.0,Not Applicable,Not Applicable,No,Not Applicable,801,UPI,3,3.7,3.1
2024-07-28 18:53:00,CNR8876360273,Success,CID167091,Prime SUV,Peenya,Koramangala,287.0,25.0,Not Applicable,Not Applicable,No,Not Applicable,497,Credit Card,9,4.8,4.3
2024-07-23 13:54:00,CNR3870813501,Success,CID803005,Bike,Rajajinagar,Nagarbhavi,259.0,55.0,Not Applicable,Not Applicable,No,Not Applicable,385,Cash,43,5.0,3.5
2024-07-29 22:53:00,CNR5889903741,Driver Not Found,CID796472,Mini,Kengeri,Malleshwaram,,,Not Applicable,Not Applicable,Not Applicable,Not Applicable,427,Not Applicable,0,,
2024-07-01 12:59:00,CNR3738472954,Success,CID315768,Auto,Kadugodi,Electronic City,217.0,135.0,Not Applicable,Not Applicable,No,Not Applicable,448,UPI,11,3.8,3.2
2024-07-24 02:39:00,CNR3631298172,Success,CID121794,Prime Sedan,Padmanabhanagar,Electronic City,105.0,75.0,Not Applicable,Not Applicable,No,Not Applicable,195,UPI,20,4.2,4.1
2024-07-04 09:57:00,CNR7644721420,Success,CID199761,Prime SUV,Tumkur Road,Malleshwaram,182.0,95.0,Not Applicable,Not Applicable,No,Not Applicable,215,UPI,12,3.1,4.3
2024-07-02 13:34:00,CNR4916479834,Success,CID489870,Prime Plus,Langford Town,Jayanagar,126.0,140.0,Not Applicable,Not Applicable,No,Not Applicable,983,Cash,2,4.0,4.7
2024-07-28 16:13:00,CNR9629135226,Success,CID491733,Mini,Koramangala,Bannerghatta Road,70.0,85.0,Not Applicable,Not Applicable,No,Not Applicable,383,UPI,1,3.2,4.9
2024-07-15 01:32:00,CNR1299123025,Success,CID129083,Prime Sedan,Tumkur Road,Hulimavu,105.0,35.0,Not Applicable,Not Applicable,No,Not Applicable,132,Cash,7,4.3,3.1
2024-07-13 06:37:00,CNR9036806822,Success,CID993762,eBike,Chickpet,Kengeri,252.0,40.0,Not Applicable,Not Applicable,No,Not Applicable,1437,Cash,35,3.0,3.3
2024-07-29 08:23:00,CNR1100932217,Success,CID377107,eBike,KR Puram,Shantinagar,133.0,55.0,Not Applicable,Not Applicable,No,Not Applicable,2263,Cash,25,4.5,3.4
2024-07-17 14:40:00,CNR4305001363,Success,CID779459,Auto,Vijayanagar,Sahakar Nagar,287.0,25.0,Not Applicable,Not Applicable,No,Not Applicable,394,UPI,3,3.9,3.4
2024-07-08 11:42:00,CNR9085938934,Success,CID518473,Bike,Shantinagar,Rajarajeshwari Nagar,70.0,100.0,Not Applicable,Not Applicable,No,Not Applicable,491,Cash,42,4.3,4.5
2024-07-06 01:47:00,CNR5688171846,Canceled by Driver,CID210140,Prime SUV,Chickpet,JP Nagar,,,Not Applicable,Personal & Car related issue,Not Applicable,Not Applicable,2675,Not Applicable,0,,
2024-07-05 23:38:00,CNR5985396939,Canceled by Customer,CID777782,Mini,Kadugodi,Basavanagudi,,,AC is Not working,Not Applicable,Not Applicable,Not Applicable,292,Not Applicable,0,,
2024-07-17 03:34:00,CNR6519116503,Success,CID480566,Auto,Ulsoor,Hennur,42.0,120.0,Not Applicable,Not Applicable,No,Not Applicable,851,UPI,11,4.3,3.5
2024-07-22 10:16:00,CNR7140403039,Canceled by Customer,CID748367,Prime Plus,Yeshwanthpur,Varthur,,,AC is Not working,Not Applicable,Not Applicable,Not Applicable,2211,Not Applicable,0,,
2024-07-10 16:18:00,CNR5856330990,Success,CID293555,Auto,Sahakar Nagar,Frazer Town,140.0,120.0,Not Applicable,Not Applicable,No,Not Applicable,365,Credit Card,18,3.2,3.3
2024-07-21 04:48:00,CNR8785893365,Canceled by Customer,CID856283,Bike,KR Puram,Hosur Road,,,Driver is not moving towards pickup location,Not Applicable,Not Applicable,Not Applicable,561,Not Applicable,0,,
2024-07-19 15:49:00,CNR6218904629,Success,CID318403,eBike,Nagarbhavi,Sarjapur Road,259.0,65.0,Not Applicable,Not Applicable,No,Not Applicable,922,Cash,1,4.4,4.3
2024-07-18 09:12:00,CNR6897804584,Canceled by Driver,CID898195,Auto,Kadugodi,Yeshwanthpur,,,Not Applicable,Personal & Car related issue,Not Applicable,Not Applicable,411,Not Applicable,0,,
2024-07-05 09:02:00,CNR4666483898,Canceled by Driver,CID800923,Prime SUV,Padmanabhanagar,Koramangala,,,Not Applicable,Customer related issue,Not Applicable,Not Applicable,446,Not Applicable,0,,
2024-07-03 16:10:00,CNR6733622564,Success,CID221814,Prime SUV,Whitefield,Yelahanka,49.0,80.0,Not Applicable,Not Applicable,No,Not Applicable,2700,UPI,39,3.1,3.5
2024-07-17 13:05:00,CNR6754203515,Success,CID882813,Bike,Kengeri,Kammanahalli,196.0,140.0,Not Applicable,Not Applicable,No,Not Applicable,830,UPI,6,3.4,4.0
2024-07-20 02:38:00,CNR5988163881,Canceled by Customer,CID310082,Prime Plus,Koramangala,Shivajinagar,,,Change of plans,Not Applicable,Not Applicable,Not Applicable,789,Not Applicable,0,,
2024-07-23 20:46:00,CNR9984850225,Success,CID694487,eBike,Kammanahalli,Kadugodi,168.0,90.0,Not Applicable,Not Applicable,No,Not Applicable,125,UPI,20,4.1,3.4
2024-07-08 12:19:00,CNR5468748250,Success,CID878807,Bike,Kadugodi,Bellandur,56.0,120.0,Not Applicable,Not Applicable,No,Not Applicable,1854,Cash,23,4.1,3.8
2024-07-27 09:37:00,CNR8821158774,Success,CID885177,Prime Sedan,Sarjapur Road,Vijayanagar,133.0,90.0,Not Applicable,Not Applicable,No,Not Applicable,1485,UPI,20,3.3,3.4
2024-07-07 10:19:00,CNR5438038019,Canceled by Driver,CID661063,Auto,Chickpet,Bellandur,,,Not Applicable,Personal & Car related issue,Not Applicable,Not Applicable,1990,Not Applicable,0,,
2024-07-11 09:40:00,CNR4491471653,Success,CID926035,Bike,Majestic,RT Nagar,287.0,50.0,Not Applicable,Not Applicable,No,Not Applicable,886,Cash,17,4.0,4.9
2024-07-22 08:59:00,CNR7336636881,Success,CID894800,Prime SUV,Sahakar Nagar,Whitefield,196.0,35.0,Not Applicable,Not Applicable,No,Not Applicable,691,UPI,34,4.2,4.5
2024-07-20 13:46:00,CNR6219013195,Success,CID412910,Prime SUV,Bannerghatta Road,Malleshwaram,273.0,90.0,Not Applicable,Not Applicable,No,Not Applicable,102,Cash,43,4.7,4.8
2024-07-19 14:12:00,CNR2227652485,Success,CID240472,Prime SUV,Electronic City,Varthur,273.0,60.0,Not Applicable,Not Applicable,No,Not Applicable,168,UPI,41,4.2,3.2
2024-07-12 16:15:00,CNR8605898558,Canceled by Customer,CID877125,eBike,Ramamurthy Nagar,Marathahalli,,,Driver asked to cancel,Not Applicable,Not Applicable,Not Applicable,449,Not Applicable,0,,
2024-07-17 10:25:00,CNR2941381626,Success,CID471265,Bike,Varthur,Nagarbhavi,238.0,80.0,Not Applicable,Not Applicable,No,Not Applicable,376,Cash,26,4.1,3.6
2024-07-15 04:33:00,CNR4097702324,Driver Not Found,CID146791,Auto,Vijayanagar,Magadi Road,,,Not Applicable,Not Applicable,Not Applicable,Not Applicable,173,Not Applicable,0,,
2024-07-09 03:05:00,CNR4876080533,Success,CID602638,Mini,Ramamurthy Nagar,Magadi Road,105.0,120.0,Not Applicable,Not Applicable,No,Not Applicable,294,UPI,8,3.7,3.2
2024-07-21 16:44:00,CNR6083789986,Success,CID506534,Bike,Sahakar Nagar,Malleshwaram,259.0,35.0,Not Applicable,Not Applicable,No,Not Applicable,843,Cash,39,4.0,4.6
2024-07-04 08:29:00,CNR1825993012,Canceled by Driver,CID419413,Prime Sedan,Langford Town,Richmond Town,,,Not Applicable,More than permitted people in there,Not Applicable,Not Applicable,430,Not Applicable,0,,
2024-07-06 21:01:00,CNR8746361376,Canceled by Driver,CID657698,Bike,Devanahalli,MG Road,,,Not Applicable,Personal & Car related issue,Not Applicable,Not Applicable,114,Not Applicable,0,,
2024-07-14 14:09:00,CNR6697441088,Success,CID694742,Prime Sedan,Kengeri,Basavanagudi,161.0,50.0,Not Applicable,Not Applicable,No,Not Applicable,658,Cash,27,4.6,4.5
2024-07-02 17:10:00,CNR9993878869,Success,CID401772,Prime Sedan,Chamarajpet,Chickpet,161.0,120.0,Not Applicable,Not Applicable,No,Not Applicable,448,Cash,46,4.5,4.2
2024-07-10 16:29:00,CNR2420513116,Success,CID899347,Prime Plus,Shivajinagar,Koramangala,224.0,115.0,Not Applicable,Not Applicable,No,Not Applicable,2820,UPI,26,3.1,4.8
2024-07-28 17:49:00,CNR3330731500,Driver Not Found,CID106698,eBike,Vijayanagar,Tumkur Road,,,Not Applicable,Not Applicable,Not Applicable,Not Applicable,278,Not Applicable,0,,
2024-07-13 14:22:00,CNR7151605876,Success,CID216031,Prime SUV,Vijayanagar,Malleshwaram,238.0,110.0,Not Applicable,Not Applicable,No,Not Applicable,733,UPI,9,3.0,3.5
2024-07-03 06:02:00,CNR9447176959,Success,CID187474,Auto,Sahakar Nagar,HSR Layout,105.0,100.0,Not Applicable,Not Applicable,No,Not Applicable,983,Cash,4,4.2,3.0
2024-07-07 22:05:00,CNR1649575924,Success,CID541130,Prime Plus,Kadugodi,HSR Layout,147.0,30.0,Not Applicable,Not Applicable,No,Not Applicable,182,Credit Card,1,3.6,4.4
2024-07-03 21:07:00,CNR4095005538,Success,CID992428,Prime Plus,Hulimavu,Chickpet,126.0,85.0,Not Applicable,Not Applicable,No,Not Applicable,297,Cash,32,4.2,4.7
2024-07-12 01:14:00,CNR7040004982,Driver Not Found,CID395120,Prime Sedan,Mysore Road,Malleshwaram,,,Not Applicable,Not Applicable,Not Applicable,Not Applicable,322,Not Applicable,0,,
2024-07-15 15:19:00,CNR5861229759,Success,CID361047,Prime Sedan,Marathahalli,Bellandur,105.0,120.0,Not Applicable,Not Applicable,No,Not Applicable,675,Cash,43,4.6,3.3
2024-07-22 16:11:00,CNR1150890063,Success,CID966884,Mini,Indiranagar,Indiranagar,259.0,90.0,Not Applicable,Not Applicable,No,Not Applicable,894,Cash,29,3.4,3.3
2024-07-23 06:43:00,CNR3165470596,Canceled by Customer,CID723377,Auto,Hulimavu,Peenya,,,Driver asked to cancel,Not Applicable,Not Applicable,Not Applicable,310,Not Applicable,0,,
2024-07-11 18:57:00,CNR9498429190,Success,CID284285,Auto,Whitefield,Shantinagar,301.0,130.0,Not Applicable,Not Applicable,Yes,Vehicle Breakdown,979,Cash,18,4.5,4.4
2024-07-08 08:46:00,CNR9456673415,Canceled by Driver,CID749834,Auto,Cox Town,Hosur Road,,,Not Applicable,Personal & Car related issue,Not Applicable,Not Applicable,181,Not Applicable,0,,
2024-07-14 12:03:00,CNR1260139426,Canceled by Driver,CID243954,eBike,Ramamurthy Nagar,Indiranagar,,,Not Applicable,Personal & Car related issue,Not Applicable,Not Applicable,2400,Not Applicable,0,,
2024-07-28 11:35:00,CNR4692715651,Success,CID933082,eBike,Varthur,Tumkur Road,35.0,130.0,Not Applicable,Not Applicable,Yes,Customer Demand,239,Cash,47,3.9,4.2
2024-07-22 15:43:00,CNR2491884281,Success,CID295267,Bike,Yelahanka,Banashankari,119.0,110.0,Not Applicable,Not Applicable,No,Not Applicable,165,Cash,43,3.8,3.1
2024-07-23 17:37:00,CNR4712548828,Success,CID258953,eBike,Yeshwanthpur,KR Puram,105.0,65.0,Not Applicable,Not Applicable,No,Not Applicable,289,Cash,33,3.5,3.3
2024-07-04 18:03:00,CNR2282524299,Driver Not Found,CID676795,Prime Sedan,Malleshwaram,Hulimavu,,,Not Applicable,Not Applicable,Not Applicable,Not Applicable,377,Not Applicable,0,,
2024-07-30 02:38:00,CNR7287269319,Success,CID545286,eBike,Tumkur Road,Kadugodi,189.0,70.0,Not Applicable,Not Applicable,No,Not Applicable,184,UPI,43,3.4,3.2
2024-07-10 22:16:00,CNR2308359109,Canceled by Driver,CID447395,eBike,Tumkur Road,Vijayanagar,,,Not Applicable,More than permitted people in there,Not Applicable,Not Applicable,744,Not Applicable,0,,
2024-07-17 05:35:00,CNR6590499776,Success,CID801290,Prime Plus,Rajarajeshwari Nagar,Electronic City,98.0,85.0,Not Applicable,Not Applicable,No,Not Applicable,262,UPI,43,4.5,3.7
2024-07-12 10:43:00,CNR5216560475,Canceled by Driver,CID940173,Bike,Magadi Road,Hosur Road,,,Not Applicable,Personal & Car related issue,Not Applicable,Not Applicable,991,Not Applicable,0,,
2024-07-17 04:56:00,CNR9020272091,Success,CID443391,Mini,Malleshwaram,Bellandur,217.0,100.0,Not Applicable,Not Applicable,No,Not Applicable,316,Cash,21,3.5,4.1
2024-07-03 00:42:00,CNR3270952406,Success,CID786236,Mini,Marathahalli,Richmond Town,196.0,140.0,Not Applicable,Not Applicable,No,Not Applicable,873,Credit Card,23,4.9,3.6
2024-07-10 09:30:00,CNR6293038412,Canceled by Driver,CID602177,Prime Plus,BTM Layout,Hebbal,,,Not Applicable,Customer was coughing/sick,Not Applicable,Not Applicable,364,Not Applicable,0,,
2024-07-12 01:17:00,CNR4838486847,Success,CID791173,Prime Plus,Padmanabhanagar,Mysore Road,147.0,30.0,Not Applicable,Not Applicable,No,Not Applicable,145,Credit Card,36,3.6,4.3
2024-07-15 06:13:00,CNR9874486847,Canceled by Driver,CID510063,Bike,Tumkur Road,Chamarajpet,,,Not Applicable,Personal & Car related issue,Not Applicable,Not Applicable,535,Not Applicable,0,,
2024-07-18 18:47:00,CNR2508727387,Success,CID485013,Prime SUV,Yeshwanthpur,Hebbal,189.0,35.0,Not Applicable,Not Applicable,No,Not Applicable,817,Cash,30,4.1,4.0
2024-07-24 11:02:00,CNR8711965899,Success,CID361331,Prime Sedan,Indiranagar,Majestic,98.0,125.0,Not Applicable,Not Applicable,No,Not Applicable,680,UPI,1,3.4,3.5
2024-07-09 23:12:00,CNR5890567237,Success,CID952924,Prime Sedan,Hebbal,MG Road,266.0,50.0,Not Applicable,Not Applicable,No,Not Applicable,433,Cash,31,3.9,4.3
2024-07-24 17:17:00,CNR9708846533,Canceled by Driver,CID252225,Auto,Malleshwaram,Rajajinagar,,,Not Applicable,More than permitted people in there,Not Applicable,Not Applicable,182,Not Applicable,0,,
2024-07-08 09:33:00,CNR2709973076,Canceled by Driver,CID911109,eBike,Chickpet,Langford Town,,,Not Applicable,Personal & Car related issue,Not Applicable,Not Applicable,989,Not Applicable,0,,
2024-07-16 15:52:00,CNR8983789847,Success,CID520899,Prime Plus,Yeshwanthpur,Nagarbhavi,273.0,100.0,Not Applicable,Not Applicable,No,Not Applicable,319,Cash,10,4.3,4.6
2024-07-27 04:11:00,CNR1353066546,Success,CID196797,Prime Plus,BTM Layout,Sahakar Nagar,168.0,125.0,Not Applicable,Not Applicable,No,Not Applicable,953,UPI,16,4.9,4.0
2024-07-06 13:55:00,CNR9409841838,Canceled by Driver,CID362373,Prime SUV,Kengeri,Bellandur,,,Not Applicable,Customer related issue,Not Applicable,Not Applicable,170,Not Applicable,0,,
2024-07-13 17:03:00,CNR5994493706,Success,CID580129,Auto,Yeshwanthpur,BTM Layout,266.0,75.0,Not Applicable,Not Applicable,No,Not Applicable,111,Cash,18,4.6,3.0
2024-07-02 09:05:00,CNR2789984952,Canceled by Customer,CID951967,Mini,Langford Town,Bellandur,,,Driver is not moving towards pickup location,Not Applicable,Not Applicable,Not Applicable,286,Not Applicable,0,,
2024-07-09 23:50:00,CNR5105496544,Success,CID903772,eBike,Richmond Town,Peenya,63.0,70.0,Not Applicable,Not Applicable,No,Not Applicable,301,UPI,26,4.7,3.1
2024-07-26 15:29:00,CNR1472540553,Canceled by Driver,CID460433,Bike,Kammanahalli,Tumkur Road,,,Not Applicable,Customer related issue,Not Applicable,Not Applicable,231,Not Applicable,0,,
2024-07-11 08:45:00,CNR7110540431,Canceled by Driver,CID722877,Mini,Vijayanagar,Hulimavu,,,Not Applicable,Customer related issue,Not Applicable,Not Applicable,120,Not Applicable,0,,
2024-07-20 21:28:00,CNR5818348056,Canceled by Customer,CID514155,Auto,Chamarajpet,Sahakar Nagar,,,Driver asked to cancel,Not Applicable,Not Applicable,Not Applicable,515,Not Applicable,0,,
2024-07-30 05:03:00,CNR6793790170,Driver Not Found,CID810863,Prime SUV,Kengeri,Ramamurthy Nagar,,,Not Applicable,Not Applicable,Not Applicable,Not Applicable,999,Not Applicable,0,,
2024-07-13 01:40:00,CNR9485112544,Success,CID143300,eBike,Sahakar Nagar,Cox Town,35.0,105.0,Not Applicable,Not Applicable,No,Not Applicable,366,Cash,10,3.9,4.9
2024-07-02 16:07:00,CNR9894420201,Canceled by Driver,CID999521,Prime SUV,Kammanahalli,Whitefield,,,Not Applicable,Personal & Car related issue,Not Applicable,Not Applicable,437,Not Applicable,0,,
2024-07-18 12:19:00,CNR9405891782,Success,CID175148,eBike,Basavanagudi,RT Nagar,266.0,90.0,Not Applicable,Not Applicable,No,Not Applicable,251,Cash,5,3.1,5.0
2024-07-20 22:47:00,CNR9819236455,Success,CID954656,eBike,Ramamurthy Nagar,Magadi Road,133.0,45.0,Not Applicable,Not Applicable,No,Not Applicable,295,Cash,34,4.8,3.9
2024-07-08 08:05:00,CNR2897454503,Success,CID516029,Bike,Hennur,Cox Town,280.0,100.0,Not Applicable,Not Applicable,No,Not Applicable,209,Cash,22,4.3,4.6
2024-07-02 07:44:00,CNR7824194325,Canceled by Driver,CID816098,eBike,Padmanabhanagar,Hosur Road,,,Not Applicable,Personal & Car related issue,Not Applicable,Not Applicable,1658,Not Applicable,0,,
2024-07-02 12:02:00,CNR7965732003,Canceled by Driver,CID970277,Prime Sedan,JP Nagar,Yelahanka,,,Not Applicable,Customer was coughing/sick,Not Applicable,Not Applicable,1134,Not Applicable,0,,
2024-07-30 23:00:00,CNR5287077026,Success,CID795554,eBike,RT Nagar,Frazer Town,203.0,30.0,Not Applicable,Not Applicable,No,Not Applicable,292,Cash,32,4.5,4.3
2024-07-01 12:50:00,CNR9830544329,Success,CID720564,Prime Sedan,Tumkur Road,Hulimavu,217.0,135.0,Not Applicable,Not Applicable,No,Not Applicable,324,UPI,18,4.1,3.9
2024-07-05 03:08:00,CNR7238317593,Canceled by Driver,CID833398,eBike,Chickpet,Yelahanka,,,Not Applicable,Customer related issue,Not Applicable,Not Applicable,485,Not Applicable,0,,
2024-07-06 22:30:00,CNR1279385081,Canceled by Customer,CID285544,Auto,Jayanagar,Vijayanagar,,,Driver asked to cancel,Not Applicable,Not Applicable,Not Applicable,490,Not Applicable,0,,
2024-07-14 16:33:00,CNR6207384540,Success,CID282083,Prime Plus,Kammanahalli,Basavanagudi,182.0,105.0,Not Applicable,Not Applicable,No,Not Applicable,951,Cash,13,4.7,4.9
2024-07-05 18:28:00,CNR9177750221,Success,CID446174,Bike,Indiranagar,Shantinagar,301.0,115.0,Not Applicable,Not Applicable,No,Not Applicable,642,UPI,15,3.2,4.0
2024-07-20 13:37:00,CNR7559044929,Success,CID538860,Prime SUV,Kengeri,Bellandur,70.0,45.0,Not Applicable,Not Applicable,Yes,Vehicle Breakdown,580,Cash,23,4.5,3.4
2024-07-25 21:37:00,CNR8039719185,Success,CID685452,Auto,Hosur Road,Shivajinagar,77.0,145.0,Not Applicable,Not Applicable,No,Not Applicable,253,UPI,17,3.5,4.7
2024-07-16 14:08:00,CNR2724301787,Canceled by Driver,CID496651,Auto,Hennur,Jayanagar,,,Not Applicable,Personal & Car related issue,Not Applicable,Not Applicable,210,Not Applicable,0,,
2024-07-09 19:41:00,CNR1284417706,Canceled by Customer,CID221175,Mini,Nagarbhavi,Jayanagar,,,Change of plans,Not Applicable,Not Applicable,Not Applicable,101,Not Applicable,0,,
2024-07-16 18:17:00,CNR3532127594,Driver Not Found,CID983132,Prime Sedan,Electronic City,Devanahalli,,,Not Applicable,Not Applicable,Not Applicable,Not Applicable,111,Not Applicable,0,,
2024-07-18 05:32:00,CNR5722903679,Success,CID380041,Prime Sedan,Rajajinagar,Mysore Road,231.0,55.0,Not Applicable,Not Applicable,No,Not Applicable,261,Cash,22,3.3,3.5
2024-07-12 03:14:00,CNR5144959819,Success,CID908839,Prime Sedan,Hosur Road,Hulimavu,259.0,30.0,Not Applicable,Not Applicable,No,Not Applicable,850,Cash,23,3.2,4.0
2024-07-17 03:24:00,CNR2190782143,Success,CID408615,Prime Sedan,Marathahalli,Majestic,308.0,80.0,Not Applicable,Not Applicable,No,Not Applicable,495,Cash,22,4.1,4.2
2024-07-23 08:25:00,CNR3446685194,Success,CID200490,Mini,Ulsoor,Frazer Town,126.0,80.0,Not Applicable,Not Applicable,No,Not Applicable,209,Cash,25,3.6,4.5
2024-07-15 13:22:00,CNR3459459284,Canceled by Driver,CID917000,Prime Plus,Frazer Town,Whitefield,,,Not Applicable,Customer related issue,Not Applicable,Not Applicable,456,Not Applicable,0,,
2024-07-26 13:59:00,CNR3044120816,Success,CID484930,Prime Sedan,Shivajinagar,Kammanahalli,210.0,135.0,Not Applicable,Not Applicable,No,Not Applicable,312,UPI,36,4.5,4.7
2024-07-28 23:34:00,CNR6814004317,Success,CID414705,Prime Sedan,Richmond Town,Magadi Road,119.0,140.0,Not Applicable,Not Applicable,No,Not Applicable,1273,UPI,44,4.2,4.5
2024-07-10 12:21:00,CNR4839863529,Success,CID889672,Auto,Yelahanka,Jayanagar,224.0,35.0,Not Applicable,Not Applicable,No,Not Applicable,302,UPI,10,4.9,3.3
2024-07-10 10:19:00,CNR8945547338,Canceled by Customer,CID813481,Prime Plus,Rajarajeshwari Nagar,Magadi Road,,,Wrong Address,Not Applicable,Not Applicable,Not Applicable,206,Not Applicable,0,,
2024-07-03 05:04:00,CNR6211910475,Success,CID268335,Prime SUV,Indiranagar,Varthur,112.0,35.0,Not Applicable,Not Applicable,No,Not Applicable,164,Cash,37,3.6,3.2
2024-07-15 14:31:00,CNR2934776644,Success,CID713476,Auto,Langford Town,Bellandur,91.0,120.0,Not Applicable,Not Applicable,No,Not Applicable,242,Cash,6,4.6,4.9
2024-07-02 07:53:00,CNR2202902735,Driver Not Found,CID315047,Prime Plus,Jayanagar,Koramangala,,,Not Applicable,Not Applicable,Not Applicable,Not Applicable,1807,Not Applicable,0,,
2024-07-29 22:10:00,CNR8222327407,Success,CID136564,Prime Plus,Bannerghatta Road,Kengeri,245.0,115.0,Not Applicable,Not Applicable,No,Not Applicable,452,UPI,10,3.2,3.2
2024-07-24 15:32:00,CNR5988046355,Success,CID215029,Mini,Sarjapur Road,Vijayanagar,140.0,130.0,Not Applicable,Not Applicable,No,Not Applicable,357,Cash,37,3.6,4.7
2024-07-19 22:30:00,CNR6757371732,Canceled by Driver,CID174784,Prime Sedan,Basavanagudi,Padmanabhanagar,,,Not Applicable,Customer was coughing/sick,Not Applicable,Not Applicable,213,Not Applicable,0,,
2024-07-28 21:01:00,CNR1323207261,Success,CID266687,eBike,Whitefield,Devanahalli,301.0,145.0,Not Applicable,Not Applicable,No,Not Applicable,324,UPI,49,4.0,3.9
2024-07-15 10:56:00,CNR9552613764,Driver Not Found,CID311046,Bike,Hennur,Hosur Road,,,Not Applicable,Not Applicable,Not Applicable,Not Applicable,200,Not Applicable,0,,
2024-07-13 21:56:00,CNR4835155370,Success,CID977235,Auto,Chickpet,Indiranagar,308.0,100.0,Not Applicable,Not Applicable,No,Not Applicable,905,Cash,8,4.1,4.8
2024-07-10 04:32:00,CNR3087339034,Canceled by Customer,CID847412,Prime SUV,Bannerghatta Road,Ramamurthy Nagar,,,Driver asked to cancel,Not Applicable,Not Applicable,Not Applicable,590,Not Applicable,0,,
2024-07-04 15:41:00,CNR6200453178,Canceled by Driver,CID146856,Bike,Kadugodi,Koramangala,,,Not Applicable,More than permitted people in there,Not Applicable,Not Applicable,384,Not Applicable,0,,
2024-07-03 19:07:00,CNR3572927387,Driver Not Found,CID389085,Bike,Bannerghatta Road,Jayanagar,,,Not Applicable,Not Applicable,Not Applicable,Not Applicable,202,Not Applicable,0,,
2024-07-14 21:07:00,CNR4178496335,Success,CID866414,Prime Sedan,Shivajinagar,Shantinagar,266.0,125.0,Not Applicable,Not Applicable,No,Not Applicable,234,UPI,3,4.2,4.8
2024-07-17 05:46:00,CNR7561648648,Success,CID238638,Prime Sedan,Varthur,Chamarajpet,77.0,60.0,Not Applicable,Not Applicable,No,Not Applicable,116,UPI,47,3.0,4.8
2024-07-26 18:32:00,CNR1220481011,Canceled by Driver,CID359311,Prime SUV,Bannerghatta Road,Majestic,,,Not Applicable,Customer was coughing/sick,Not Applicable,Not Applicable,784,Not Applicable,0,,
2024-07-23 14:12:00,CNR6792319685,Driver Not Found,CID925519,Prime SUV,Richmond Town,Banashankari,,,Not Applicable,Not Applicable,Not Applicable,Not Applicable,362,Not Applicable,0,,
2024-07-19 20:08:00,CNR5334554601,Success,CID865764,Prime Sedan,Padmanabhanagar,Magadi Road,266.0,80.0,Not Applicable,Not Applicable,No,Not Applicable,536,Cash,40,4.2,4.9
2024-07-09 09:59:00,CNR7527473684,Canceled by Driver,CID221220,Mini,Hulimavu,KR Puram,,,Not Applicable,Personal & Car related issue,Not Applicable,Not Applicable,305,Not Applicable,0,,
2024-07-20 01:29:00,CNR1103549437,Canceled by Customer,CID338692,Auto,Yeshwanthpur,Langford Town,,,AC is Not working,Not Applicable,Not Applicable,Not Applicable,430,Not Applicable,0,,
2024-07-08 22:55:00,CNR9539561013,Canceled by Driver,CID740752,Prime SUV,Mysore Road,Sarjapur Road,,,Not Applicable,Customer related issue,Not Applicable,Not Applicable,436,Not Applicable,0,,
2024-07-28 03:19:00,CNR4007784401,Success,CID572619,Bike,RT Nagar,Tumkur Road,273.0,45.0,Not Applicable,Not Applicable,No,Not Applicable,725,UPI,46,4.8,4.3
2024-07-20 12:51:00,CNR1328559819,Driver Not Found,CID134513,eBike,Padmanabhanagar,Whitefield,,,Not Applicable,Not Applicable,Not Applicable,Not Applicable,798,Not Applicable,0,,
2024-07-01 02:59:00,CNR7118489652,Success,CID928696,Mini,Nagarbhavi,Devanahalli,182.0,95.0,Not Applicable,Not Applicable,No,Not Applicable,351,Cash,13,3.6,3.0
2024-07-07 04:16:00,CNR7477323341,Driver Not Found,CID362398,Auto,JP Nagar,Jayanagar,,,Not Applicable,Not Applicable,Not Applicable,Not Applicable,635,Not Applicable,0,,
2024-07-10 22:34:00,CNR1624130109,Success,CID997312,Auto,Hebbal,Rajarajeshwari Nagar,273.0,120.0,Not Applicable,Not Applicable,No,Not Applicable,2630,UPI,8,3.6,4.5
2024-07-13 13:56:00,CNR1690277934,Success,CID706701,Prime SUV,JP Nagar,Shantinagar,308.0,65.0,Not Applicable,Not Applicable,No,Not Applicable,102,Cash,43,4.3,5.0
2024-07-10 20:47:00,CNR6181103582,Success,CID516060,Auto,Indiranagar,Indiranagar,112.0,25.0,Not Applicable,Not Applicable,No,Not Applicable,390,Cash,18,4.2,4.3
2024-07-21 08:03:00,CNR7035020796,Success,CID300820,Auto,Richmond Town,Sahakar Nagar,140.0,90.0,Not Applicable,Not Applicable,No,Not Applicable,174,UPI,4,4.0,3.7
2024-07-18 02:46:00,CNR8893276222,Success,CID203268,eBike,Nagarbhavi,JP Nagar,168.0,95.0,Not Applicable,Not Applicable,No,Not Applicable,451,Cash,12,3.8,4.4
2024-07-08 05:11:00,CNR4367885736,Canceled by Customer,CID885135,eBike,Sahakar Nagar,Hebbal,,,Driver is not moving towards pickup location,Not Applicable,Not Applicable,Not Applicable,1291,Not Applicable,0,,
2024-07-11 23:02:00,CNR8352743880,Canceled by Driver,CID795366,Mini,Devanahalli,Hebbal,,,Not Applicable,Personal & Car related issue,Not Applicable,Not Applicable,331,Not Applicable,0,,
2024-07-09 08:56:00,CNR7841677127,Success,CID701287,Mini,Peenya,Bellandur,238.0,90.0,Not Applicable,Not Applicable,No,Not Applicable,159,UPI,43,3.3,4.6
2024-07-02 14:13:00,CNR1712115892,Success,CID432558,Prime SUV,Marathahalli,Hennur,252.0,100.0,Not Applicable,Not Applicable,No,Not Applicable,435,Cash,39,3.2,3.5
2024-07-17 18:52:00,CNR8006312743,Success,CID364183,Mini,Electronic City,Kengeri,91.0,120.0,Not Applicable,Not Applicable,No,Not Applicable,934,Cash,17,4.7,4.8
2024-07-09 14:35:00,CNR5624074159,Canceled by Driver,CID347539,Prime Sedan,Vijayanagar,Majestic,,,Not Applicable,Personal & Car related issue,Not Applicable,Not Applicable,851,Not Applicable,0,,
2024-07-24 16:40:00,CNR1768121888,Driver Not Found,CID201033,Prime SUV,Koramangala,Electronic City,,,Not Applicable,Not Applicable,Not Applicable,Not Applicable,1136,Not Applicable,0,,
2024-07-04 07:32:00,CNR2672842937,Success,CID416565,Auto,Sahakar Nagar,Ulsoor,126.0,115.0,Not Applicable,Not Applicable,No,Not Applicable,752,UPI,4,3.8,4.5
2024-07-08 09:47:00,CNR4597848287,Success,CID525192,Prime SUV,Yelahanka,Indiranagar,154.0,90.0,Not Applicable,Not Applicable,No,Not Applicable,293,UPI,28,4.1,3.2
2024-07-10 10:48:00,CNR5468390006,Canceled by Customer,CID715819,Prime SUV,RT Nagar,Shantinagar,,,AC is Not working,Not Applicable,Not Applicable,Not Applicable,695,Not Applicable,0,,
2024-07-25 13:39:00,CNR4218859598,Canceled by Driver,CID221728,eBike,Cox Town,BTM Layout,,,Not Applicable,Customer was coughing/sick,Not Applicable,Not Applicable,441,Not Applicable,0,,
2024-07-22 16:54:00,CNR8374130391,Success,CID964314,Prime Sedan,Peenya,BTM Layout,224.0,30.0,Not Applicable,Not Applicable,No,Not Applicable,402,Cash,29,3.5,4.8
2024-07-20 09:35:00,CNR8402889048,Canceled by Driver,CID479013,Auto,Yelahanka,Chickpet,,,Not Applicable,Customer was coughing/sick,Not Applicable,Not Applicable,388,Not Applicable,0,,
2024-07-07 16:02:00,CNR6503280743,Canceled by Customer,CID408515,Prime Sedan,Yeshwanthpur,Chamarajpet,,,Change of plans,Not Applicable,Not Applicable,Not Applicable,255,Not Applicable,0,,
2024-07-16 04:21:00,CNR3527976226,Canceled by Driver,CID953588,Prime SUV,Shantinagar,RT Nagar,,,Not Applicable,Personal & Car related issue,Not Applicable,Not Applicable,117,Not Applicable,0,,
2024-07-13 04:09:00,CNR9089592690,Canceled by Driver,CID446260,Mini,Yeshwanthpur,Ramamurthy Nagar,,,Not Applicable,Personal & Car related issue,Not Applicable,Not Applicable,461,Not Applicable,0,,
2024-07-21 10:49:00,CNR1338670956,Success,CID601850,Mini,Hebbal,Whitefield,287.0,60.0,Not Applicable,Not Applicable,No,Not Applicable,233,Cash,26,3.2,4.4
2024-07-11 18:51:00,CNR7874622863,Success,CID328061,Bike,Majestic,Chamarajpet,98.0,45.0,Not Applicable,Not Applicable,No,Not Applicable,114,UPI,41,4.4,3.4
2024-07-26 01:24:00,CNR6765987405,Success,CID425674,Mini,Marathahalli,Malleshwaram,182.0,60.0,Not Applicable,Not Applicable,No,Not Applicable,303,UPI,3,4.4,3.5
2024-07-19 14:57:00,CNR5196125916,Success,CID226424,Mini,Rajajinagar,Ramamurthy Nagar,231.0,100.0,Not Applicable,Not Applicable,No,Not Applicable,338,Cash,29,3.6,3.3
2024-07-04 08:23:00,CNR1134208547,Success,CID428302,Prime Plus,Kammanahalli,Shantinagar,231.0,90.0,Not Applicable,Not Applicable,No,Not Applicable,462,UPI,13,3.1,3.5
2024-07-20 09:34:00,CNR7528462794,Driver Not Found,CID227835,Mini,Basavanagudi,Jayanagar,,,Not Applicable,Not Applicable,Not Applicable,Not Applicable,107,Not Applicable,0,,
2024-07-28 18:07:00,CNR6282277691,Success,CID780198,Auto,Shantinagar,Padmanabhanagar,203.0,140.0,Not Applicable,Not Applicable,No,Not Applicable,376,Cash,10,3.3,4.3
2024-07-08 08:16:00,CNR2553923930,Success,CID717484,Prime Sedan,Cox Town,Marathahalli,189.0,95.0,Not Applicable,Not Applicable,No,Not Applicable,266,UPI,28,4.9,3.7
2024-07-02 05:45:00,CNR7310560449,Canceled by Customer,CID485569,eBike,Frazer Town,Yelahanka,,,Change of plans,Not Applicable,Not Applicable,Not Applicable,421,Not Applicable,0,,
2024-07-18 00:12:00,CNR2542360855,Driver Not Found,CID281926,Auto,Bellandur,Kengeri,,,Not Applicable,Not Applicable,Not Applicable,Not Applicable,876,Not Applicable,0,,
2024-07-20 09:40:00,CNR3087348755,Driver Not Found,CID478423,Prime Sedan,Kengeri,Kammanahalli,,,Not Applicable,Not Applicable,Not Applicable,Not Applicable,492,Not Applicable,0,,
2024-07-10 03:16:00,CNR2496690172,Success,CID480766,Mini,Ulsoor,Cox Town,147.0,30.0,Not Applicable,Not Applicable,No,Not Applicable,277,Cash,37,3.5,4.4
2024-07-01 04:34:00,CNR8188386034,Success,CID731170,Bike,Kadugodi,Peenya,56.0,100.0,Not Applicable,Not Applicable,No,Not Applicable,176,Cash,45,3.8,4.6
2024-07-06 13:35:00,CNR8951392373,Success,CID352147,eBike,MG Road,Bellandur,280.0,40.0,Not Applicable,Not Applicable,No,Not Applicable,959,Cash,17,3.7,4.7
2024-07-29 13:59:00,CNR3625412357,Canceled by Driver,CID132416,Prime Plus,Peenya,Ramamurthy Nagar,,,Not Applicable,Personal & Car related issue,Not Applicable,Not Applicable,728,Not Applicable,0,,
2024-07-22 00:36:00,CNR7006988021,Driver Not Found,CID777320,Prime Sedan,Cox Town,Sahakar Nagar,,,Not Applicable,Not Applicable,Not Applicable,Not Applicable,330,Not Applicable,0,,
2024-07-08 23:16:00,CNR2191158953,Driver Not Found,CID146929,Prime Plus,HSR Layout,Peenya,,,Not Applicable,Not Applicable,Not Applicable,Not Applicable,249,Not Applicable,0,,
2024-07-07 14:00:00,CNR6092515232,Canceled by Driver,CID472627,Auto,Shivajinagar,Padmanabhanagar,,,Not Applicable,Customer related issue,Not Applicable,Not Applicable,1737,Not Applicable,0,,
2024-07-27 09:58:00,CNR5790706289,Success,CID162625,Prime Sedan,Yelahanka,Bellandur,112.0,125.0,Not Applicable,Not Applicable,No,Not Applicable,133,Cash,36,3.8,4.9
2024-07-05 06:10:00,CNR1405735445,Success,CID443487,Prime Plus,HSR Layout,Shivajinagar,154.0,100.0,Not Applicable,Not Applicable,No,Not Applicable,139,UPI,45,3.5,4.1
2024-07-06 02:27:00,CNR1919771963,Success,CID622444,Prime Plus,HSR Layout,Shivajinagar,238.0,25.0,Not Applicable,Not Applicable,Yes,Other Issue,354,Cash,42,3.5,4.1
2024-07-22 11:53:00,CNR3195877268,Success,CID178753,Mini,Sahakar Nagar,Whitefield,133.0,135.0,Not Applicable,Not Applicable,No,Not Applicable,230,Cash,32,4.9,4.4
2024-07-25 09:49:00,CNR5748098915,Success,CID630641,Mini,Basavanagudi,Frazer Town,70.0,45.0,Not Applicable,Not Applicable,No,Not Applicable,1848,Cash,3,3.6,3.1
2024-07-19 05:24:00,CNR4231966154,Canceled by Driver,CID735169,Auto,Sarjapur Road,Yeshwanthpur,,,Not Applicable,Customer related issue,Not Applicable,Not Applicable,1029,Not Applicable,0,,
2024-07-15 01:26:00,CNR5484298590,Canceled by Driver,CID324859,eBike,MG Road,Kadugodi,,,Not Applicable,Customer related issue,Not Applicable,Not Applicable,150,Not Applicable,0,,
2024-07-05 13:44:00,CNR7025664217,Success,CID466655,Prime Sedan,Mysore Road,Ulsoor,42.0,95.0,Not Applicable,Not Applicable,No,Not Applicable,288,UPI,6,3.5,3.5
2024-07-01 21:02:00,CNR3079358306,Canceled by Driver,CID749350,Bike,Majestic,Ulsoor,,,Not Applicable,Customer related issue,Not Applicable,Not Applicable,1210,Not Applicable,0,,
2024-07-14 07:26:00,CNR1377664473,Success,CID324914,Prime SUV,Shivajinagar,Kadugodi,189.0,70.0,Not Applicable,Not Applicable,No,Not Applicable,1327,Credit Card,31,3.3,4.5
2024-07-10 01:19:00,CNR4333661161,Success,CID311075,Mini,Rajajinagar,Majestic,56.0,70.0,Not Applicable,Not Applicable,No,Not Applicable,319,UPI,1,4.5,3.4
2024-07-27 20:25:00,CNR2027027466,Canceled by Customer,CID661331,Mini,Shantinagar,Malleshwaram,,,Driver is not moving towards pickup location,Not Applicable,Not Applicable,Not Applicable,977,Not Applicable,0,,
2024-07-04 00:42:00,CNR5660873471,Success,CID647256,Prime Plus,RT Nagar,Ulsoor,210.0,30.0,Not Applicable,Not Applicable,No,Not Applicable,447,Cash,42,3.3,3.9
2024-07-11 12:13:00,CNR9408114901,Success,CID567524,Prime Plus,Shivajinagar,Nagarbhavi,70.0,135.0,Not Applicable,Not Applicable,Yes,Vehicle Breakdown,440,UPI,45,4.8,3.7
2024-07-17 03:34:00,CNR8162000198,Driver Not Found,CID253884,Auto,Chamarajpet,Vijayanagar,,,Not Applicable,Not Applicable,Not Applicable,Not Applicable,155,Not Applicable,0,,
2024-07-15 10:11:00,CNR5022080124,Success,CID142419,Prime SUV,Yelahanka,Yeshwanthpur,98.0,65.0,Not Applicable,Not Applicable,No,Not Applicable,475,UPI,13,3.7,4.8
2024-07-01 16:21:00,CNR5030461369,Canceled by Driver,CID734760,Prime Plus,BTM Layout,Hulimavu,,,Not Applicable,Customer related issue,Not Applicable,Not Applicable,586,Not Applicable,0,,
2024-07-13 11:49:00,CNR3722667928,Canceled by Driver,CID456677,Bike,Banashankari,Jayanagar,,,Not Applicable,Customer related issue,Not Applicable,Not Applicable,465,Not Applicable,0,,
2024-07-08 00:28:00,CNR9540269865,Success,CID882466,Prime Plus,Kammanahalli,Marathahalli,196.0,110.0,Not Applicable,Not Applicable,No,Not Applicable,454,Cash,30,4.6,3.2
2024-07-07 02:23:00,CNR8680093348,Success,CID811191,Bike,Langford Town,Frazer Town,231.0,145.0,Not Applicable,Not Applicable,No,Not Applicable,172,Cash,47,3.5,4.2
2024-07-03 04:26:00,CNR4298022922,Canceled by Driver,CID230747,Auto,Koramangala,Yelahanka,,,Not Applicable,Customer related issue,Not Applicable,Not Applicable,156,Not Applicable,0,,
2024-07-25 01:18:00,CNR7047608127,Canceled by Customer,CID552691,Prime Sedan,Jayanagar,Koramangala,,,Driver asked to cancel,Not Applicable,Not Applicable,Not Applicable,134,Not Applicable,0,,
2024-07-29 08:39:00,CNR4411987184,Canceled by Customer,CID382377,eBike,Vijayanagar,Hulimavu,,,Driver is not moving towards pickup location,Not Applicable,Not Applicable,Not Applicable,122,Not Applicable,0,,
2024-07-12 15:12:00,CNR6131819508,Success,CID715410,Prime SUV,Majestic,Padmanabhanagar,84.0,115.0,Not Applicable,Not Applicable,No,Not Applicable,2815,Cash,16,4.5,4.3
2024-07-05 00:29:00,CNR5195855649,Success,CID970287,Prime Sedan,Cox Town,Nagarbhavi,259.0,85.0,Not Applicable,Not Applicable,No,Not Applicable,381,UPI,47,5.0,3.8
2024-07-28 12:21:00,CNR6675404204,Success,CID440843,Mini,Hebbal,Magadi Road,238.0,140.0,Not Applicable,Not Applicable,No,Not Applicable,227,Cash,26,4.2,4.5
2024-07-03 05:13:00,CNR6796973910,Success,CID558477,Auto,Padmanabhanagar,Tumkur Road,63.0,120.0,Not Applicable,Not Applicable,No,Not Applicable,722,Cash,5,4.3,4.1
2024-07-06 08:34:00,CNR5983758624,Canceled by Customer,CID390323,Prime SUV,Peenya,Malleshwaram,,,Driver is not moving towards pickup location,Not Applicable,Not Applicable,Not Applicable,152,Not Applicable,0,,
2024-07-02 23:37:00,CNR5697739869,Driver Not Found,CID783667,Prime Sedan,Rajajinagar,Sarjapur Road,,,Not Applicable,Not Applicable,Not Applicable,Not Applicable,261,Not Applicable,0,,
2024-07-30 03:05:00,CNR9487472232,Driver Not Found,CID420235,Mini,HSR Layout,RT Nagar,,,Not Applicable,Not Applicable,Not Applicable,Not Applicable,816,Not Applicable,0,,
2024-07-27 17:11:00,CNR8845114057,Success,CID832833,Prime SUV,Jayanagar,Chickpet,280.0,30.0,Not Applicable,Not Applicable,No,Not Applicable,959,Cash,35,3.7,3.5
2024-07-21 11:20:00,CNR6973705253,Success,CID719219,Prime SUV,Kammanahalli,Electronic City,231.0,145.0,Not Applicable,Not Applicable,No,Not Applicable,826,Cash,48,4.1,3.3
2024-07-11 23:17:00,CNR1289196763,Success,CID528534,Prime SUV,Basavanagudi,Bellandur,70.0,115.0,Not Applicable,Not Applicable,No,Not Applicable,319,UPI,46,3.3,4.5
2024-07-29 18:09:00,CNR1382783102,Success,CID200760,Prime SUV,Hebbal,Ramamurthy Nagar,84.0,30.0,Not Applicable,Not Applicable,No,Not Applicable,358,Cash,31,4.0,4.4
2024-07-21 11:39:00,CNR8300408554,Canceled by Driver,CID791714,Prime SUV,Nagarbhavi,Varthur,,,Not Applicable,More than permitted people in there,Not Applicable,Not Applicable,433,Not Applicable,0,,
2024-07-11 17:06:00,CNR5371093598,Canceled by Driver,CID196629,Auto,Kengeri,Sahakar Nagar,,,Not Applicable,Customer related issue,Not Applicable,Not Applicable,459,Not Applicable,0,,
2024-07-05 23:41:00,CNR7423956620,Success,CID111817,eBike,Yelahanka,Hennur,217.0,80.0,Not Applicable,Not Applicable,Yes,Vehicle Breakdown,188,Cash,5,4.8,4.6
2024-07-21 21:48:00,CNR5202107294,Success,CID114899,eBike,MG Road,RT Nagar,49.0,110.0,Not Applicable,Not Applicable,No,Not Applicable,104,UPI,21,3.6,3.1
2024-07-21 21:08:00,CNR1154915883,Success,CID602483,Prime Plus,Yelahanka,Kengeri,203.0,95.0,Not Applicable,Not Applicable,No,Not Applicable,953,Cash,44,4.3,3.6
2024-07-14 02:01:00,CNR4933998441,Success,CID333144,Prime Sedan,Kengeri,MG Road,126.0,125.0,Not Applicable,Not Applicable,No,Not Applicable,749,UPI,28,4.7,4.2
2024-07-06 01:12:00,CNR1231162580,Success,CID580506,eBike,Hebbal,BTM Layout,252.0,80.0,Not Applicable,Not Applicable,No,Not Applicable,318,Cash,4,4.6,4.7
2024-07-18 00:17:00,CNR9384041334,Canceled by Driver,CID309143,Bike,Bannerghatta Road,Richmond Town,,,Not Applicable,Customer related issue,Not Applicable,Not Applicable,341,Not Applicable,0,,
2024-07-16 04:16:00,CNR3697750253,Success,CID280450,Auto,MG Road,Shivajinagar,252.0,105.0,Not Applicable,Not Applicable,No,Not Applicable,480,UPI,10,3.5,3.1
2024-07-21 11:50:00,CNR5078482651,Success,CID539294,Prime Plus,Jayanagar,Nagarbhavi,259.0,125.0,Not Applicable,Not Applicable,No,Not Applicable,469,Cash,8,3.7,4.4
2024-07-27 19:51:00,CNR4744027959,Success,CID694002,Bike,Electronic City,Yeshwanthpur,238.0,65.0,Not Applicable,Not Applicable,No,Not Applicable,132,Cash,9,3.7,4.5
2024-07-10 20:41:00,CNR1186417473,Success,CID633623,Prime Sedan,Magadi Road,MG Road,182.0,65.0,Not Applicable,Not Applicable,Yes,Other Issue,841,UPI,48,4.5,3.5
2024-07-10 05:48:00,CNR1423306755,Success,CID208377,Bike,Devanahalli,Hulimavu,287.0,90.0,Not Applicable,Not Applicable,Yes,Customer Demand,136,UPI,5,3.4,4.3
2024-07-23 23:43:00,CNR6503591436,Canceled by Driver,CID945644,Prime SUV,Nagarbhavi,Koramangala,,,Not Applicable,Customer related issue,Not Applicable,Not Applicable,303,Not Applicable,0,,
2024-07-15 16:27:00,CNR2962102629,Success,CID459799,Prime Plus,Kammanahalli,Cox Town,224.0,90.0,Not Applicable,Not Applicable,No,Not Applicable,181,Cash,35,4.1,3.2
2024-07-13 08:17:00,CNR1360894226,Success,CID256377,Prime Sedan,Cox Town,Kammanahalli,112.0,45.0,Not Applicable,Not Applicable,No,Not Applicable,636,Cash,3,4.4,3.1
2024-07-15 07:13:00,CNR5006915544,Canceled by Driver,CID468323,Mini,Cox Town,Basavanagudi,,,Not Applicable,Customer related issue,Not Applicable,Not Applicable,612,Not Applicable,0,,
2024-07-07 21:56:00,CNR6639937778,Canceled by Driver,CID461876,Bike,Chickpet,RT Nagar,,,Not Applicable,Personal & Car related issue,Not Applicable,Not Applicable,211,Not Applicable,0,,
2024-07-22 10:10:00,CNR5410709111,Success,CID492809,Bike,Banashankari,Frazer Town,112.0,125.0,Not Applicable,Not Applicable,No,Not Applicable,115,Cash,4,4.6,4.0
2024-07-24 15:13:00,CNR9605400759,Success,CID851288,Bike,Frazer Town,Nagarbhavi,168.0,70.0,Not Applicable,Not Applicable,No,Not Applicable,213,UPI,5,3.5,3.6
2024-07-27 08:25:00,CNR5434990792,Success,CID153983,Mini,Peenya,Banashankari,56.0,115.0,Not Applicable,Not Applicable,No,Not Applicable,482,Cash,1,4.3,3.1
2024-07-15 02:19:00,CNR2170837226,Canceled by Driver,CID350345,Prime Sedan,Vijayanagar,Cox Town,,,Not Applicable,Personal & Car related issue,Not Applicable,Not Applicable,336,Not Applicable,0,,
2024-07-07 17:46:00,CNR5349998651,Success,CID960999,Prime SUV,Sahakar Nagar,Kammanahalli,119.0,60.0,Not Applicable,Not Applicable,No,Not Applicable,1189,UPI,17,3.2,3.3
2024-07-02 20:17:00,CNR4564157992,Success,CID155177,eBike,Indiranagar,Malleshwaram,140.0,75.0,Not Applicable,Not Applicable,No,Not Applicable,828,UPI,6,3.4,4.9
2024-07-14 19:51:00,CNR7387231400,Success,CID824644,Auto,Ulsoor,Kengeri,42.0,75.0,Not Applicable,Not Applicable,No,Not Applicable,334,Cash,7,4.7,3.7
2024-07-11 09:36:00,CNR3650059678,Driver Not Found,CID671540,Bike,Majestic,Padmanabhanagar,,,Not Applicable,Not Applicable,Not Applicable,Not Applicable,610,Not Applicable,0,,
2024-07-11 20:10:00,CNR6119046702,Canceled by Driver,CID580002,eBike,Padmanabhanagar,Koramangala,,,Not Applicable,More than permitted people in there,Not Applicable,Not Applicable,779,Not Applicable,0,,
2024-07-05 17:16:00,CNR6829415386,Canceled by Driver,CID641067,Mini,Sarjapur Road,MG Road,,,Not Applicable,Customer related issue,Not Applicable,Not Applicable,435,Not Applicable,0,,
2024-07-09 21:22:00,CNR8670095290,Success,CID453883,Mini,Mysore Road,BTM Layout,168.0,130.0,Not Applicable,Not Applicable,No,Not Applicable,293,Credit Card,31,4.2,3.5
2024-07-20 00:37:00,CNR2179217125,Canceled by Driver,CID573614,Mini,Kammanahalli,Frazer Town,,,Not Applicable,Customer related issue,Not Applicable,Not Applicable,135,Not Applicable,0,,
2024-07-28 02:57:00,CNR6012219789,Success,CID522225,Prime Plus,Malleshwaram,BTM Layout,217.0,110.0,Not Applicable,Not Applicable,No,Not Applicable,100,Cash,21,4.2,5.0
2024-07-10 02:26:00,CNR3489849994,Success,CID770661,Prime Plus,HSR Layout,Hennur,273.0,70.0,Not Applicable,Not Applicable,No,Not Applicable,1618,Cash,23,3.0,4.1
2024-07-06 06:27:00,CNR2490963635,Canceled by Driver,CID594489,Auto,Sarjapur Road,Tumkur Road,,,Not Applicable,Personal & Car related issue,Not Applicable,Not Applicable,229,Not Applicable,0,,
2024-07-04 11:11:00,CNR9194875940,Canceled by Driver,CID316944,Prime Sedan,Bannerghatta Road,Rajajinagar,,,Not Applicable,Personal & Car related issue,Not Applicable,Not Applicable,811,Not Applicable,0,,
2024-07-05 06:13:00,CNR3210755001,Success,CID709406,Prime Plus,Hebbal,Mysore Road,217.0,75.0,Not Applicable,Not Applicable,No,Not Applicable,660,UPI,33,4.6,3.5
2024-07-24 09:14:00,CNR5426500348,Canceled by Driver,CID978586,eBike,Hebbal,Bellandur,,,Not Applicable,More than permitted people in there,Not Applicable,Not Applicable,988,Not Applicable,0,,
2024-07-04 06:11:00,CNR2612170434,Canceled by Driver,CID374751,Mini,MG Road,JP Nagar,,,Not Applicable,Personal & Car related issue,Not Applicable,Not Applicable,1683,Not Applicable,0,,
2024-07-08 16:14:00,CNR6598026254,Canceled by Driver,CID700746,Prime SUV,Kadugodi,Sahakar Nagar,,,Not Applicable,Customer related issue,Not Applicable,Not Applicable,385,Not Applicable,0,,
2024-07-19 22:47:00,CNR1649579821,Success,CID484021,Prime Sedan,KR Puram,Hulimavu,133.0,80.0,Not Applicable,Not Applicable,No,Not Applicable,239,UPI,20,4.4,3.6
2024-07-28 17:03:00,CNR1210424704,Driver Not Found,CID723602,Mini,Yelahanka,Jayanagar,,,Not Applicable,Not Applicable,Not Applicable,Not Applicable,445,Not Applicable,0,,
2024-07-01 06:55:00,CNR9060791959,Success,CID111876,eBike,Malleshwaram,Rajarajeshwari Nagar,245.0,130.0,Not Applicable,Not Applicable,No,Not Applicable,654,UPI,14,3.9,3.2
2024-07-11 20:26:00,CNR3489398033,Success,CID244925,Prime SUV,Richmond Town,JP Nagar,91.0,30.0,Not Applicable,Not Applicable,No,Not Applicable,200,UPI,32,4.2,3.1
2024-07-01 10:06:00,CNR3918437651,Success,CID748285,Mini,Hebbal,Banashankari,196.0,110.0,Not Applicable,Not Applicable,No,Not Applicable,361,Cash,20,3.8,3.1
2024-07-23 03:43:00,CNR2071287515,Success,CID762895,Prime Sedan,Shivajinagar,Ramamurthy Nagar,70.0,95.0,Not Applicable,Not Applicable,Yes,Customer Demand,470,UPI,44,3.2,4.1
2024-07-23 16:46:00,CNR2955069821,Success,CID268964,Bike,Basavanagudi,Vijayanagar,126.0,75.0,Not Applicable,Not Applicable,No,Not Applicable,884,UPI,46,4.0,3.6
2024-07-04 18:07:00,CNR4923837463,Success,CID317888,Prime Plus,Yeshwanthpur,Sarjapur Road,119.0,30.0,Not Applicable,Not Applicable,No,Not Applicable,113,Cash,46,4.0,4.3
2024-07-10 08:02:00,CNR9711033604,Canceled by Driver,CID543903,Prime SUV,Kammanahalli,Tumkur Road,,,Not Applicable,Personal & Car related issue,Not Applicable,Not Applicable,187,Not Applicable,0,,
2024-07-12 03:13:00,CNR7778003242,Success,CID531323,Mini,Hebbal,Chickpet,98.0,25.0,Not Applicable,Not Applicable,No,Not Applicable,376,UPI,13,4.5,4.1
2024-07-01 03:30:00,CNR1992404318,Success,CID264857,Bike,Bannerghatta Road,Tumkur Road,119.0,80.0,Not Applicable,Not Applicable,No,Not Applicable,680,Cash,1,4.9,3.8
2024-07-12 22:51:00,CNR7924593093,Canceled by Customer,CID435299,Prime SUV,Shivajinagar,RT Nagar,,,Driver asked to cancel,Not Applicable,Not Applicable,Not Applicable,116,Not Applicable,0,,
2024-07-27 13:58:00,CNR5076288184,Canceled by Driver,CID425737,Prime Sedan,Tumkur Road,Majestic,,,Not Applicable,Customer was coughing/sick,Not Applicable,Not Applicable,274,Not Applicable,0,,
2024-07-06 21:15:00,CNR1474754576,Success,CID408429,eBike,KR Puram,Basavanagudi,266.0,55.0,Not Applicable,Not Applicable,No,Not Applicable,320,Cash,43,4.0,3.9
2024-07-03 07:03:00,CNR2939505898,Canceled by Driver,CID595849,Prime Plus,JP Nagar,Sahakar Nagar,,,Not Applicable,Customer related issue,Not Applicable,Not Applicable,108,Not Applicable,0,,
2024-07-29 05:19:00,CNR5721961925,Success,CID154822,Mini,Electronic City,Marathahalli,112.0,50.0,Not Applicable,Not Applicable,No,Not Applicable,404,Cash,28,3.0,4.5
2024-07-15 22:28:00,CNR9881930520,Canceled by Driver,CID958124,Mini,Nagarbhavi,Vijayanagar,,,Not Applicable,Personal & Car related issue,Not Applicable,Not Applicable,412,Not Applicable,0,,
2024-07-17 04:10:00,CNR5410197689,Success,CID168689,Bike,Bannerghatta Road,Langford Town,119.0,130.0,Not Applicable,Not Applicable,No,Not Applicable,284,Cash,15,3.3,4.3
2024-07-10 04:42:00,CNR1707861541,Canceled by Driver,CID207179,Bike,Nagarbhavi,Tumkur Road,,,Not Applicable,Personal & Car related issue,Not Applicable,Not Applicable,382,Not Applicable,0,,
2024-07-22 07:48:00,CNR7597071144,Success,CID129425,Prime Plus,Langford Town,Malleshwaram,98.0,105.0,Not Applicable,Not Applicable,No,Not Applicable,131,UPI,49,3.2,3.1
2024-07-15 19:03:00,CNR4145882579,Driver Not Found,CID425762,Auto,Shivajinagar,Sahakar Nagar,,,Not Applicable,Not Applicable,Not Applicable,Not Applicable,882,Not Applicable,0,,
2024-07-30 09:37:00,CNR9960227817,Canceled by Driver,CID207570,Prime Plus,Magadi Road,Padmanabhanagar,,,Not Applicable,Personal & Car related issue,Not Applicable,Not Applicable,248,Not Applicable,0,,
2024-07-22 10:33:00,CNR5043204801,Success,CID104075,Prime Plus,Shantinagar,Koramangala,308.0,65.0,Not Applicable,Not Applicable,No,Not Applicable,222,UPI,35,4.1,4.0
2024-07-21 08:52:00,CNR8030463684,Success,CID181452,eBike,Tumkur Road,Jayanagar,140.0,140.0,Not Applicable,Not Applicable,No,Not Applicable,697,UPI,25,3.1,3.1
2024-07-13 02:55:00,CNR5390901591,Success,CID573174,Prime Sedan,Padmanabhanagar,Cox Town,42.0,30.0,Not Applicable,Not Applicable,No,Not Applicable,2894,UPI,17,4.7,3.3
2024-07-19 08:31:00,CNR8824686298,Success,CID480345,Bike,Hennur,Kammanahalli,252.0,100.0,Not Applicable,Not Applicable,No,Not Applicable,403,UPI,14,4.2,4.2
2024-07-03 05:03:00,CNR3378665067,Canceled by Driver,CID630441,Prime Sedan,Mysore Road,Nagarbhavi,,,Not Applicable,Customer related issue,Not Applicable,Not Applicable,125,Not Applicable,0,,
2024-07-11 05:14:00,CNR1376450399,Success,CID663932,Bike,Yelahanka,Frazer Town,189.0,115.0,Not Applicable,Not Applicable,No,Not Applicable,295,Cash,9,3.2,4.2
2024-07-17 01:29:00,CNR1044820983,Canceled by Driver,CID788983,Auto,Yeshwanthpur,Peenya,,,Not Applicable,More than permitted people in there,Not Applicable,Not Applicable,185,Not Applicable,0,,
2024-07-12 21:33:00,CNR8124784808,Success,CID686616,Bike,Kengeri,RT Nagar,266.0,70.0,Not Applicable,Not Applicable,No,Not Applicable,252,Cash,13,3.7,4.4
2024-07-25 07:20:00,CNR5215356564,Success,CID903071,eBike,Hosur Road,Shantinagar,154.0,60.0,Not Applicable,Not Applicable,No,Not Applicable,355,Cash,42,4.3,3.1
2024-07-05 09:39:00,CNR5815244022,Success,CID319976,Mini,HSR Layout,Mysore Road,252.0,50.0,Not Applicable,Not Applicable,No,Not Applicable,410,Cash,29,3.1,4.0
2024-07-02 08:12:00,CNR5302427205,Success,CID643424,Prime Sedan,Mysore Road,Chickpet,84.0,75.0,Not Applicable,Not Applicable,No,Not Applicable,229,UPI,21,4.7,4.2
2024-07-29 13:42:00,CNR2140767571,Driver Not Found,CID681034,Auto,Koramangala,Koramangala,,,Not Applicable,Not Applicable,Not Applicable,Not Applicable,856,Not Applicable,0,,
2024-07-24 01:06:00,CNR6781071146,Success,CID687722,Prime Sedan,Hebbal,Ramamurthy Nagar,224.0,125.0,Not Applicable,Not Applicable,No,Not Applicable,1883,Cash,8,3.0,4.2
2024-07-17 20:32:00,CNR5140864341,Canceled by Customer,CID541631,Prime SUV,Nagarbhavi,Chickpet,,,Driver is not moving towards pickup location,Not Applicable,Not Applicable,Not Applicable,731,Not Applicable,0,,
2024-07-06 02:25:00,CNR7382394808,Canceled by Customer,CID704202,Prime Plus,Hennur,Kadugodi,,,Wrong Address,Not Applicable,Not Applicable,Not Applicable,383,Not Applicable,0,,
2024-07-03 01:35:00,CNR7399043758,Driver Not Found,CID531876,Bike,Rajajinagar,Kammanahalli,,,Not Applicable,Not Applicable,Not Applicable,Not Applicable,276,Not Applicable,0,,
2024-07-18 11:53:00,CNR4158588014,Success,CID436706,Prime Sedan,Ramamurthy Nagar,Mysore Road,168.0,55.0,Not Applicable,Not Applicable,No,Not Applicable,107,Cash,11,4.9,4.0
2024-07-07 12:03:00,CNR5478415256,Success,CID203040,Prime SUV,Mysore Road,Indiranagar,105.0,135.0,Not Applicable,Not Applicable,No,Not Applicable,325,Cash,11,4.8,4.4
2024-07-05 04:52:00,CNR4507693429,Driver Not Found,CID435572,Bike,Shantinagar,Basavanagudi,,,Not Applicable,Not Applicable,Not Applicable,Not Applicable,1657,Not Applicable,0,,
2024-07-01 14:54:00,CNR2778160845,Canceled by Customer,CID274085,eBike,RT Nagar,Marathahalli,,,Driver asked to cancel,Not Applicable,Not Applicable,Not Applicable,224,Not Applicable,0,,
2024-07-27 12:15:00,CNR5660799565,Driver Not Found,CID437209,Mini,Shivajinagar,RT Nagar,,,Not Applicable,Not Applicable,Not Applicable,Not Applicable,432,Not Applicable,0,,
2024-07-08 06:37:00,CNR7988458486,Success,CID191053,eBike,Kammanahalli,JP Nagar,210.0,25.0,Not Applicable,Not Applicable,No,Not Applicable,943,Cash,34,4.2,3.8
2024-07-08 09:43:00,CNR3504003155,Canceled by Driver,CID452825,Bike,Shivajinagar,Electronic City,,,Not Applicable,Personal & Car related issue,Not Applicable,Not Applicable,264,Not Applicable,0,,
2024-07-07 22:21:00,CNR1397751454,Success,CID503654,Mini,Frazer Town,Devanahalli,161.0,115.0,Not Applicable,Not Applicable,No,Not Applicable,474,UPI,8,4.9,4.8
2024-07-21 09:45:00,CNR1692466215,Success,CID178305,Mini,Indiranagar,JP Nagar,161.0,60.0,Not Applicable,Not Applicable,No,Not Applicable,436,UPI,40,4.5,4.6
2024-07-20 10:53:00,CNR8099247741,Canceled by Driver,CID738941,Prime Plus,Langford Town,Shivajinagar,,,Not Applicable,Customer related issue,Not Applicable,Not Applicable,365,Not Applicable,0,,
2024-07-27 09:58:00,CNR1712781031,Canceled by Customer,CID286149,Prime SUV,Jayanagar,Kadugodi,,,Change of plans,Not Applicable,Not Applicable,Not Applicable,315,Not Applicable,0,,
2024-07-19 21:25:00,CNR1877053944,Success,CID412311,eBike,Ramamurthy Nagar,Mysore Road,112.0,75.0,Not Applicable,Not Applicable,No,Not Applicable,501,Cash,21,3.2,4.2
2024-07-01 14:21:00,CNR4697422732,Canceled by Driver,CID619073,Auto,MG Road,Chamarajpet,,,Not Applicable,More than permitted people in there,Not Applicable,Not Applicable,2455,Not Applicable,0,,
2024-07-27 01:40:00,CNR6514503161,Driver Not Found,CID836688,Prime Plus,MG Road,Bannerghatta Road,,,Not Applicable,Not Applicable,Not Applicable,Not Applicable,744,Not Applicable,0,,
2024-07-04 05:51:00,CNR8070622080,Success,CID867868,Prime Plus,Majestic,BTM Layout,49.0,70.0,Not Applicable,Not Applicable,No,Not Applicable,234,Cash,5,3.0,4.6
2024-07-05 09:02:00,CNR2342933094,Success,CID985463,Prime SUV,Cox Town,Ulsoor,56.0,125.0,Not Applicable,Not Applicable,No,Not Applicable,336,Cash,29,3.2,3.8
2024-07-02 15:39:00,CNR6774032324,Canceled by Driver,CID148434,eBike,Kengeri,KR Puram,,,Not Applicable,More than permitted people in there,Not Applicable,Not Applicable,458,Not Applicable,0,,
2024-07-07 11:02:00,CNR3165926316,Success,CID786041,Prime SUV,MG Road,Hosur Road,49.0,55.0,Not Applicable,Not Applicable,No,Not Applicable,719,Cash,34,3.9,3.3
2024-07-27 00:56:00,CNR9489511452,Canceled by Customer,CID350403,eBike,BTM Layout,Hebbal,,,Driver is not moving towards pickup location,Not Applicable,Not Applicable,Not Applicable,153,Not Applicable,0,,
2024-07-10 06:47:00,CNR7314241442,Success,CID109756,Mini,KR Puram,Devanahalli,280.0,80.0,Not Applicable,Not Applicable,No,Not Applicable,510,Cash,33,3.7,5.0
2024-07-01 11:27:00,CNR3493224256,Success,CID170167,Prime Sedan,Padmanabhanagar,Ulsoor,63.0,35.0,Not Applicable,Not Applicable,No,Not Applicable,308,UPI,28,3.2,4.0
2024-07-20 11:29:00,CNR6086581056,Success,CID355122,Auto,Bellandur,Kammanahalli,301.0,125.0,Not Applicable,Not Applicable,No,Not Applicable,535,Cash,1,4.6,3.6
2024-07-21 22:43:00,CNR5137670452,Success,CID262716,Auto,Magadi Road,Whitefield,189.0,55.0,Not Applicable,Not Applicable,No,Not Applicable,699,UPI,19,3.5,3.2
2024-07-11 16:02:00,CNR9989473194,Success,CID713511,Prime SUV,Hebbal,Bannerghatta Road,168.0,85.0,Not Applicable,Not Applicable,No,Not Applicable,321,Cash,32,4.7,4.0
2024-07-19 07:21:00,CNR2472964273,Canceled by Driver,CID908265,Prime SUV,Kadugodi,Bellandur,,,Not Applicable,More than permitted people in there,Not Applicable,Not Applicable,405,Not Applicable,0,,
2024-07-06 11:55:00,CNR6669168285,Driver Not Found,CID555438,Prime SUV,Electronic City,Ramamurthy Nagar,,,Not Applicable,Not Applicable,Not Applicable,Not Applicable,317,Not Applicable,0,,
2024-07-02 23:14:00,CNR1515356545,Success,CID527389,Prime Sedan,Frazer Town,Varthur,259.0,105.0,Not Applicable,Not Applicable,No,Not Applicable,434,Cash,3,4.4,4.3
2024-07-01 20:51:00,CNR7327931672,Canceled by Driver,CID380431,Mini,Vijayanagar,Kammanahalli,,,Not Applicable,Personal & Car related issue,Not Applicable,Not Applicable,232,Not Applicable,0,,
2024-07-04 20:21:00,CNR7109055527,Canceled by Customer,CID238484,eBike,Shivajinagar,BTM Layout,,,Driver asked to cancel,Not Applicable,Not Applicable,Not Applicable,493,Not Applicable,0,,
2024-07-13 03:59:00,CNR4551562722,Canceled by Driver,CID774638,Mini,BTM Layout,Indiranagar,,,Not Applicable,Personal & Car related issue,Not Applicable,Not Applicable,318,Not Applicable,0,,
2024-07-16 10:26:00,CNR2226631629,Success,CID971560,eBike,Whitefield,Hebbal,224.0,130.0,Not Applicable,Not Applicable,No,Not Applicable,209,Cash,40,4.3,3.5
2024-07-05 10:28:00,CNR5997710376,Canceled by Driver,CID426617,Prime Plus,Kammanahalli,JP Nagar,,,Not Applicable,Customer was coughing/sick,Not Applicable,Not Applicable,325,Not Applicable,0,,
2024-07-15 19:23:00,CNR1314980460,Success,CID662552,Auto,RT Nagar,KR Puram,259.0,50.0,Not Applicable,Not Applicable,Yes,Customer Demand,2915,UPI,10,4.1,4.2
2024-07-05 02:45:00,CNR9216208863,Success,CID920547,Prime Sedan,Sahakar Nagar,Nagarbhavi,70.0,105.0,Not Applicable,Not Applicable,Yes,Vehicle Breakdown,694,UPI,39,5.0,4.9
2024-07-21 03:22:00,CNR7296488679,Driver Not Found,CID603274,Prime Sedan,Bellandur,Richmond Town,,,Not Applicable,Not Applicable,Not Applicable,Not Applicable,190,Not Applicable,0,,
2024-07-13 20:16:00,CNR3615769686,Driver Not Found,CID482944,Mini,HSR Layout,Ulsoor,,,Not Applicable,Not Applicable,Not Applicable,Not Applicable,380,Not Applicable,0,,
2024-07-05 11:38:00,CNR6673200524,Driver Not Found,CID963710,Bike,Shantinagar,Majestic,,,Not Applicable,Not Applicable,Not Applicable,Not Applicable,781,Not Applicable,0,,
2024-07-24 00:54:00,CNR5056811544,Success,CID392481,eBike,Hebbal,JP Nagar,259.0,120.0,Not Applicable,Not Applicable,No,Not Applicable,759,Cash,47,4.8,3.1
2024-07-04 10:15:00,CNR1756694399,Driver Not Found,CID696773,Prime Plus,Kengeri,KR Puram,,,Not Applicable,Not Applicable,Not Applicable,Not Applicable,183,Not Applicable,0,,
2024-07-14 00:16:00,CNR3951286774,Success,CID694691,Auto,Kammanahalli,Kammanahalli,154.0,130.0,Not Applicable,Not Applicable,No,Not Applicable,243,UPI,9,3.7,4.7
2024-07-05 00:51:00,CNR9498292875,Success,CID216347,Prime Plus,BTM Layout,Rajarajeshwari Nagar,35.0,60.0,Not Applicable,Not Applicable,No,Not Applicable,430,UPI,39,3.4,3.3
2024-07-25 00:16:00,CNR9865645729,Success,CID166185,eBike,Ulsoor,Vijayanagar,168.0,55.0,Not Applicable,Not Applicable,No,Not Applicable,188,UPI,12,4.0,3.6
2024-07-30 22:15:00,CNR9437126340,Success,CID928671,Prime Sedan,Electronic City,Frazer Town,98.0,45.0,Not Applicable,Not Applicable,No,Not Applicable,307,Cash,21,4.5,4.4
2024-07-02 05:05:00,CNR5083130171,Success,CID976969,Prime SUV,Chickpet,Langford Town,266.0,60.0,Not Applicable,Not Applicable,No,Not Applicable,263,Cash,30,3.0,4.8
2024-07-02 21:23:00,CNR2845628172,Success,CID297774,Prime Plus,Richmond Town,Nagarbhavi,56.0,25.0,Not Applicable,Not Applicable,Yes,Vehicle Breakdown,265,UPI,13,4.2,3.4
2024-07-30 20:43:00,CNR4616970192,Success,CID205892,Prime Plus,Tumkur Road,Langford Town,196.0,50.0,Not Applicable,Not Applicable,No,Not Applicable,847,Cash,4,3.9,4.6
2024-07-29 00:51:00,CNR4617084301,Success,CID568927,eBike,Tumkur Road,Indiranagar,112.0,60.0,Not Applicable,Not Applicable,No,Not Applicable,213,Cash,9,4.9,4.9
2024-07-27 04:21:00,CNR4555353376,Success,CID827476,Auto,Rajajinagar,KR Puram,196.0,130.0,Not Applicable,Not Applicable,No,Not Applicable,270,UPI,10,3.8,3.2
2024-07-13 23:25:00,CNR3504520417,Canceled by Customer,CID585119,Bike,Basavanagudi,Ulsoor,,,Change of plans,Not Applicable,Not Applicable,Not Applicable,264,Not Applicable,0,,
2024-07-16 06:28:00,CNR4641731513,Success,CID708905,eBike,Padmanabhanagar,Hennur,266.0,130.0,Not Applicable,Not Applicable,No,Not Applicable,156,Cash,14,3.5,3.8
2024-07-14 13:23:00,CNR1407770749,Canceled by Customer,CID596712,Prime SUV,Yeshwanthpur,Koramangala,,,Driver asked to cancel,Not Applicable,Not Applicable,Not Applicable,965,Not Applicable,0,,
2024-07-09 14:31:00,CNR5567896653,Driver Not Found,CID951368,Auto,Peenya,Chickpet,,,Not Applicable,Not Applicable,Not Applicable,Not Applicable,2435,Not Applicable,0,,
2024-07-28 06:21:00,CNR1941026241,Success,CID320927,Prime Sedan,Shivajinagar,Peenya,259.0,90.0,Not Applicable,Not Applicable,No,Not Applicable,358,Cash,18,4.4,3.5
2024-07-19 14:18:00,CNR5841220379,Success,CID342040,Prime SUV,Cox Town,Majestic,294.0,120.0,Not Applicable,Not Applicable,No,Not Applicable,336,Cash,35,4.4,4.5
2024-07-12 15:42:00,CNR2182214548,Success,CID123127,Prime Plus,Bellandur,Padmanabhanagar,63.0,130.0,Not Applicable,Not Applicable,No,Not Applicable,247,UPI,20,3.6,4.0
2024-07-04 10:05:00,CNR1021669368,Canceled by Customer,CID578633,Prime SUV,Peenya,Langford Town,,,Wrong Address,Not Applicable,Not Applicable,Not Applicable,652,Not Applicable,0,,
2024-07-15 03:00:00,CNR9450633106,Canceled by Driver,CID738683,Prime SUV,Bannerghatta Road,Yelahanka,,,Not Applicable,Customer was coughing/sick,Not Applicable,Not Applicable,411,Not Applicable,0,,
2024-07-20 20:28:00,CNR4659981279,Success,CID576177,Bike,Yelahanka,Basavanagudi,273.0,115.0,Not Applicable,Not Applicable,No,Not Applicable,143,Cash,2,3.1,4.5
2024-07-24 21:35:00,CNR8947260837,Success,CID662113,Mini,Sarjapur Road,Ramamurthy Nagar,273.0,80.0,Not Applicable,Not Applicable,No,Not Applicable,311,Cash,12,4.2,3.8
2024-07-26 01:58:00,CNR2705309769,Success,CID616831,Auto,Chamarajpet,Malleshwaram,266.0,95.0,Not Applicable,Not Applicable,No,Not Applicable,196,Cash,8,4.1,4.6
2024-07-30 01:25:00,CNR5044800362,Success,CID403708,Mini,Tumkur Road,Langford Town,224.0,80.0,Not Applicable,Not Applicable,No,Not Applicable,858,Cash,29,4.1,3.4
2024-07-10 14:27:00,CNR6358211419,Success,CID705966,eBike,Hennur,BTM Layout,189.0,65.0,Not Applicable,Not Applicable,No,Not Applicable,202,Cash,47,4.1,5.0
2024-07-01 14:28:00,CNR6904411974,Success,CID148532,eBike,BTM Layout,KR Puram,63.0,55.0,Not Applicable,Not Applicable,No,Not Applicable,152,UPI,15,4.3,3.7
2024-07-01 14:41:00,CNR4379596341,Success,CID626749,eBike,Yelahanka,Bellandur,161.0,45.0,Not Applicable,Not Applicable,Yes,Customer Demand,227,UPI,33,4.9,4.2
2024-07-13 06:05:00,CNR1146460160,Success,CID930649,eBike,Sahakar Nagar,Sarjapur Road,133.0,70.0,Not Applicable,Not Applicable,No,Not Applicable,117,Cash,16,3.2,3.4
2024-07-05 09:43:00,CNR1350460696,Success,CID293671,Prime Sedan,Sarjapur Road,Devanahalli,259.0,80.0,Not Applicable,Not Applicable,No,Not Applicable,183,Credit Card,25,3.3,3.9
2024-07-22 09:23:00,CNR5172317906,Driver Not Found,CID277460,eBike,Langford Town,Kammanahalli,,,Not Applicable,Not Applicable,Not Applicable,Not Applicable,825,Not Applicable,0,,
2024-07-10 11:44:00,CNR7135268280,Success,CID180276,Prime Sedan,Chamarajpet,Devanahalli,42.0,125.0,Not Applicable,Not Applicable,No,Not Applicable,346,Cash,44,4.4,4.0
2024-07-10 17:00:00,CNR9490605597,Success,CID611872,Prime Sedan,Hosur Road,Hennur,280.0,65.0,Not Applicable,Not Applicable,No,Not Applicable,258,UPI,45,3.9,4.6
2024-07-09 01:14:00,CNR9429541614,Success,CID258601,Bike,BTM Layout,Sahakar Nagar,49.0,125.0,Not Applicable,Not Applicable,No,Not Applicable,495,UPI,36,3.3,3.2
2024-07-25 15:40:00,CNR5689056155,Success,CID928415,Auto,RT Nagar,Bellandur,35.0,125.0,Not Applicable,Not Applicable,Yes,Vehicle Breakdown,127,Cash,13,3.8,4.9
2024-07-07 03:19:00,CNR8268124004,Success,CID253718,Mini,Magadi Road,KR Puram,154.0,35.0,Not Applicable,Not Applicable,No,Not Applicable,861,Credit Card,5,3.5,4.9
2024-07-14 16:50:00,CNR3720597263,Success,CID356801,Auto,BTM Layout,RT Nagar,42.0,95.0,Not Applicable,Not Applicable,No,Not Applicable,752,UPI,12,4.6,3.6
2024-07-02 22:16:00,CNR4005111131,Driver Not Found,CID206862,Auto,Banashankari,JP Nagar,,,Not Applicable,Not Applicable,Not Applicable,Not Applicable,147,Not Applicable,0,,
2024-07-21 16:11:00,CNR6583971083,Canceled by Customer,CID233830,Prime Sedan,Cox Town,Bannerghatta Road,,,Driver is not moving towards pickup location,Not Applicable,Not Applicable,Not Applicable,172,Not Applicable,0,,
2024-07-01 18:32:00,CNR6835890878,Success,CID976424,Prime SUV,Padmanabhanagar,Bannerghatta Road,259.0,60.0,Not Applicable,Not Applicable,No,Not Applicable,158,UPI,33,3.0,4.4
2024-07-29 21:35:00,CNR9658684339,Success,CID368764,eBike,Banashankari,Chickpet,35.0,25.0,Not Applicable,Not Applicable,No,Not Applicable,605,UPI,26,5.0,3.3
2024-07-16 15:24:00,CNR4278042870,Success,CID623534,Prime Plus,Cox Town,Koramangala,273.0,25.0,Not Applicable,Not Applicable,No,Not Applicable,2778,Cash,12,3.7,3.8
2024-07-25 22:21:00,CNR9182396823,Success,CID340316,Bike,Basavanagudi,Banashankari,126.0,70.0,Not Applicable,Not Applicable,No,Not Applicable,372,UPI,2,3.8,3.5
2024-07-11 15:29:00,CNR8113207302,Success,CID722202,Prime Sedan,Tumkur Road,Hosur Road,301.0,105.0,Not Applicable,Not Applicable,No,Not Applicable,178,UPI,30,4.8,3.1
2024-07-03 11:48:00,CNR8832724736,Canceled by Customer,CID544458,Prime SUV,Langford Town,Peenya,,,AC is Not working,Not Applicable,Not Applicable,Not Applicable,675,Not Applicable,0,,
2024-07-20 22:26:00,CNR6684751156,Success,CID747216,Prime Sedan,Rajajinagar,Indiranagar,287.0,145.0,Not Applicable,Not Applicable,No,Not Applicable,544,Cash,37,3.6,4.7
2024-07-19 23:33:00,CNR3885914891,Driver Not Found,CID519607,Prime Sedan,Ramamurthy Nagar,Frazer Town,,,Not Applicable,Not Applicable,Not Applicable,Not Applicable,403,Not Applicable,0,,
2024-07-06 08:14:00,CNR8667180035,Success,CID289237,Prime SUV,KR Puram,MG Road,133.0,125.0,Not Applicable,Not Applicable,No,Not Applicable,865,UPI,42,4.0,4.9
2024-07-28 22:07:00,CNR5908025392,Success,CID360407,Bike,Kadugodi,HSR Layout,175.0,95.0,Not Applicable,Not Applicable,Yes,Customer Demand,970,Credit Card,26,4.9,3.8
2024-07-06 06:51:00,CNR9791886186,Success,CID166204,eBike,Langford Town,Kammanahalli,119.0,145.0,Not Applicable,Not Applicable,No,Not Applicable,398,Cash,4,4.8,4.0
2024-07-18 21:32:00,CNR4765567414,Canceled by Customer,CID586891,Mini,Nagarbhavi,Electronic City,,,AC is Not working,Not Applicable,Not Applicable,Not Applicable,408,Not Applicable,0,,
2024-07-06 00:12:00,CNR4151504625,Canceled by Driver,CID869740,Bike,Varthur,Frazer Town,,,Not Applicable,More than permitted people in there,Not Applicable,Not Applicable,349,Not Applicable,0,,
2024-07-09 03:12:00,CNR9303746235,Driver Not Found,CID150121,Prime Sedan,Richmond Town,Electronic City,,,Not Applicable,Not Applicable,Not Applicable,Not Applicable,384,Not Applicable,0,,
2024-07-22 13:40:00,CNR9452993253,Success,CID672583,Auto,Peenya,Mysore Road,98.0,25.0,Not Applicable,Not Applicable,No,Not Applicable,362,Cash,14,3.5,3.8
2024-07-12 00:13:00,CNR1122912960,Canceled by Driver,CID308494,Bike,Majestic,Jayanagar,,,Not Applicable,Personal & Car related issue,Not Applicable,Not Applicable,983,Not Applicable,0,,
2024-07-20 04:10:00,CNR8872574535,Success,CID643856,Prime Plus,BTM Layout,Ulsoor,189.0,90.0,Not Applicable,Not Applicable,No,Not Applicable,589,Cash,49,3.7,3.1
2024-07-16 13:40:00,CNR2708892718,Canceled by Driver,CID586809,Prime Plus,Bellandur,Basavanagudi,,,Not Applicable,Personal & Car related issue,Not Applicable,Not Applicable,651,Not Applicable,0,,
2024-07-23 17:17:00,CNR8705803191,Canceled by Driver,CID431920,Prime Sedan,Tumkur Road,Richmond Town,,,Not Applicable,Customer related issue,Not Applicable,Not Applicable,397,Not Applicable,0,,
2024-07-02 11:21:00,CNR6640075073,Success,CID337014,Prime SUV,Hulimavu,Mysore Road,126.0,55.0,Not Applicable,Not Applicable,No,Not Applicable,331,Cash,33,4.9,3.6
2024-07-17 06:01:00,CNR1569954275,Success,CID763560,Auto,Hennur,Jayanagar,147.0,100.0,Not Applicable,Not Applicable,No,Not Applicable,576,UPI,18,4.4,3.9
2024-07-01 12:00:00,CNR4501206317,Success,CID700563,eBike,Chamarajpet,Varthur,252.0,25.0,Not Applicable,Not Applicable,No,Not Applicable,206,Cash,47,3.1,4.8
2024-07-26 10:22:00,CNR3990298051,Success,CID446263,eBike,Shantinagar,Mysore Road,147.0,80.0,Not Applicable,Not Applicable,No,Not Applicable,330,Cash,10,4.7,4.1
2024-07-16 11:13:00,CNR1260475209,Success,CID128235,eBike,Sarjapur Road,Majestic,119.0,95.0,Not Applicable,Not Applicable,No,Not Applicable,185,UPI,11,3.6,3.2
2024-07-19 10:36:00,CNR9827775472,Driver Not Found,CID102073,Mini,Banashankari,Rajarajeshwari Nagar,,,Not Applicable,Not Applicable,Not Applicable,Not Applicable,188,Not Applicable,0,,
2024-07-28 01:09:00,CNR3516478497,Success,CID386024,Mini,Yelahanka,Frazer Town,140.0,65.0,Not Applicable,Not Applicable,No,Not Applicable,554,UPI,17,3.7,4.8
2024-07-16 22:59:00,CNR2157658599,Success,CID309994,Prime SUV,Chamarajpet,MG Road,224.0,35.0,Not Applicable,Not Applicable,No,Not Applicable,1738,Cash,3,4.5,4.3
2024-07-11 21:17:00,CNR4220792594,Canceled by Customer,CID853403,Prime Plus,Kadugodi,Vijayanagar,,,Driver asked to cancel,Not Applicable,Not Applicable,Not Applicable,212,Not Applicable,0,,
2024-07-30 10:50:00,CNR4147511568,Success,CID627148,Auto,Cox Town,HSR Layout,203.0,135.0,Not Applicable,Not Applicable,No,Not Applicable,353,UPI,18,3.8,3.7
2024-07-11 19:17:00,CNR6306257106,Success,CID513816,Prime SUV,Marathahalli,Shantinagar,35.0,80.0,Not Applicable,Not Applicable,No,Not Applicable,204,Cash,44,4.9,4.4
2024-07-08 14:32:00,CNR5560303958,Success,CID542627,Prime SUV,Rajajinagar,RT Nagar,287.0,45.0,Not Applicable,Not Applicable,No,Not Applicable,301,UPI,29,4.2,4.1
2024-07-14 07:15:00,CNR2251534230,Success,CID436418,eBike,RT Nagar,Yelahanka,294.0,140.0,Not Applicable,Not Applicable,No,Not Applicable,318,Cash,16,4.0,3.6
2024-07-09 08:35:00,CNR7925861983,Canceled by Customer,CID318316,Prime SUV,Yelahanka,Chickpet,,,Driver is not moving towards pickup location,Not Applicable,Not Applicable,Not Applicable,435,Not Applicable,0,,
2024-07-14 14:21:00,CNR4484349750,Canceled by Customer,CID285263,Prime SUV,Banashankari,Chamarajpet,,,Driver asked to cancel,Not Applicable,Not Applicable,Not Applicable,295,Not Applicable,0,,
2024-07-08 21:41:00,CNR3599371148,Success,CID727370,Prime Plus,Shantinagar,Marathahalli,70.0,70.0,Not Applicable,Not Applicable,No,Not Applicable,963,Cash,25,4.7,3.9
2024-07-01 09:18:00,CNR7799315362,Success,CID591517,Prime SUV,Jayanagar,JP Nagar,112.0,55.0,Not Applicable,Not Applicable,No,Not Applicable,298,UPI,34,4.4,4.5
2024-07-29 19:49:00,CNR3422036294,Success,CID886678,Bike,RT Nagar,Vijayanagar,140.0,140.0,Not Applicable,Not Applicable,No,Not Applicable,251,UPI,6,3.0,3.4
2024-07-15 06:28:00,CNR7100009353,Success,CID912896,Bike,Tumkur Road,Hulimavu,308.0,30.0,Not Applicable,Not Applicable,No,Not Applicable,835,UPI,15,3.8,3.8
2024-07-08 02:49:00,CNR4091040046,Canceled by Customer,CID547053,Auto,Hennur,Peenya,,,Driver asked to cancel,Not Applicable,Not Applicable,Not Applicable,956,Not Applicable,0,,
2024-07-24 20:25:00,CNR2431788908,Success,CID403748,Prime SUV,Mysore Road,Rajarajeshwari Nagar,224.0,30.0,Not Applicable,Not Applicable,No,Not Applicable,968,Cash,14,3.4,3.8
2024-07-20 23:20:00,CNR9362271200,Success,CID197901,Prime Sedan,Koramangala,Magadi Road,161.0,65.0,Not Applicable,Not Applicable,No,Not Applicable,120,Cash,31,5.0,4.9
2024-07-26 08:08:00,CNR4532368605,Success,CID968470,Prime SUV,Hosur Road,Hosur Road,147.0,100.0,Not Applicable,Not Applicable,No,Not Applicable,2902,Cash,20,4.0,3.6
2024-07-03 20:58:00,CNR2580871425,Driver Not Found,CID988398,Bike,Basavanagudi,Chickpet,,,Not Applicable,Not Applicable,Not Applicable,Not Applicable,444,Not Applicable,0,,
2024-07-28 07:20:00,CNR2498281784,Success,CID887293,eBike,Hebbal,Devanahalli,252.0,100.0,Not Applicable,Not Applicable,Yes,Customer Demand,1603,Cash,46,3.1,3.3
2024-07-16 16:22:00,CNR1327191591,Canceled by Driver,CID653896,Prime Sedan,Vijayanagar,Richmond Town,,,Not Applicable,More than permitted people in there,Not Applicable,Not Applicable,1525,Not Applicable,0,,
2024-07-27 19:52:00,CNR1555798099,Success,CID311411,Prime Sedan,Varthur,Ramamurthy Nagar,133.0,90.0,Not Applicable,Not Applicable,No,Not Applicable,1182,UPI,10,3.4,4.6
2024-07-16 20:58:00,CNR8641138076,Success,CID403089,Auto,Kammanahalli,Bannerghatta Road,273.0,105.0,Not Applicable,Not Applicable,No,Not Applicable,181,UPI,10,3.7,4.8
2024-07-27 18:46:00,CNR3666304152,Driver Not Found,CID114051,eBike,Cox Town,Marathahalli,,,Not Applicable,Not Applicable,Not Applicable,Not Applicable,751,Not Applicable,0,,
2024-07-02 15:57:00,CNR4537359414,Success,CID286820,Auto,Rajarajeshwari Nagar,Hulimavu,224.0,120.0,Not Applicable,Not Applicable,No,Not Applicable,178,Cash,13,3.3,4.1
2024-07-02 11:08:00,CNR2768021460,Success,CID161861,Prime Sedan,Yelahanka,Yelahanka,112.0,40.0,Not Applicable,Not Applicable,No,Not Applicable,249,UPI,25,3.1,4.0
2024-07-23 18:58:00,CNR2353437329,Driver Not Found,CID974683,Prime SUV,Hebbal,Chickpet,,,Not Applicable,Not Applicable,Not Applicable,Not Applicable,1301,Not Applicable,0,,
2024-07-04 16:22:00,CNR9940192323,Canceled by Customer,CID889695,Prime Sedan,Chamarajpet,MG Road,,,Driver is not moving towards pickup location,Not Applicable,Not Applicable,Not Applicable,151,Not Applicable,0,,
2024-07-07 14:37:00,CNR7218837747,Success,CID358641,Prime Sedan,Varthur,JP Nagar,84.0,60.0,Not Applicable,Not Applicable,No,Not Applicable,213,Cash,26,4.2,4.5
2024-07-19 01:39:00,CNR4142825376,Success,CID819034,Mini,Chickpet,Langford Town,42.0,85.0,Not Applicable,Not Applicable,No,Not Applicable,456,Cash,3,3.2,3.6
2024-07-25 01:53:00,CNR5023458265,Canceled by Driver,CID620023,Prime SUV,Kengeri,Hebbal,,,Not Applicable,Personal & Car related issue,Not Applicable,Not Applicable,2663,Not Applicable,0,,
2024-07-24 16:40:00,CNR1007123932,Success,CID967532,Prime Sedan,Bellandur,HSR Layout,203.0,60.0,Not Applicable,Not Applicable,No,Not Applicable,208,UPI,13,3.6,4.1
2024-07-19 16:27:00,CNR4550193893,Success,CID520420,Bike,Kammanahalli,Bellandur,105.0,65.0,Not Applicable,Not Applicable,No,Not Applicable,187,Cash,32,4.0,4.9
2024-07-28 22:01:00,CNR5841090793,Success,CID360931,Auto,Vijayanagar,Shantinagar,119.0,145.0,Not Applicable,Not Applicable,No,Not Applicable,279,UPI,11,3.4,3.5
2024-07-04 10:58:00,CNR1667920085,Canceled by Driver,CID692879,Auto,Hebbal,Peenya,,,Not Applicable,Personal & Car related issue,Not Applicable,Not Applicable,193,Not Applicable,0,,
2024-07-16 22:05:00,CNR3149767610,Driver Not Found,CID706060,Prime SUV,Koramangala,Bellandur,,,Not Applicable,Not Applicable,Not Applicable,Not Applicable,972,Not Applicable,0,,
2024-07-08 19:56:00,CNR4945455367,Success,CID638313,Prime Sedan,HSR Layout,Tumkur Road,210.0,120.0,Not Applicable,Not Applicable,No,Not Applicable,952,UPI,36,4.6,3.9
2024-07-18 14:07:00,CNR5854052337,Success,CID378139,Bike,Padmanabhanagar,Mysore Road,196.0,80.0,Not Applicable,Not Applicable,No,Not Applicable,460,UPI,44,4.0,3.4
2024-07-03 03:36:00,CNR3540510697,Canceled by Driver,CID462214,Prime SUV,Whitefield,Nagarbhavi,,,Not Applicable,Customer related issue,Not Applicable,Not Applicable,125,Not Applicable,0,,
2024-07-18 05:46:00,CNR7842914450,Canceled by Driver,CID909013,Auto,Chickpet,Koramangala,,,Not Applicable,Personal & Car related issue,Not Applicable,Not Applicable,759,Not Applicable,0,,
2024-07-18 01:15:00,CNR1333652537,Canceled by Driver,CID793797,Bike,Yelahanka,JP Nagar,,,Not Applicable,Customer was coughing/sick,Not Applicable,Not Applicable,453,Not Applicable,0,,
2024-07-22 21:44:00,CNR3581057285,Success,CID316824,Prime Plus,Hulimavu,Hosur Road,98.0,70.0,Not Applicable,Not Applicable,No,Not Applicable,381,Cash,21,3.3,4.9
2024-07-06 07:30:00,CNR1899455602,Canceled by Customer,CID143914,Prime SUV,Bellandur,Mysore Road,,,Driver asked to cancel,Not Applicable,Not Applicable,Not Applicable,512,Not Applicable,0,,
2024-07-04 08:15:00,CNR9424624309,Success,CID434351,Prime SUV,Malleshwaram,BTM Layout,119.0,65.0,Not Applicable,Not Applicable,No,Not Applicable,351,Cash,41,4.1,4.8
2024-07-14 18:19:00,CNR1811723895,Success,CID625161,Prime Plus,HSR Layout,Yeshwanthpur,154.0,40.0,Not Applicable,Not Applicable,No,Not Applicable,354,Cash,15,4.9,3.4
2024-07-02 04:21:00,CNR2227735091,Canceled by Driver,CID952603,Prime SUV,Hennur,Jayanagar,,,Not Applicable,Customer related issue,Not Applicable,Not Applicable,251,Not Applicable,0,,
2024-07-15 18:06:00,CNR6362108227,Success,CID270551,Prime Sedan,JP Nagar,Bellandur,203.0,55.0,Not Applicable,Not Applicable,No,Not Applicable,164,Cash,2,4.1,4.1
2024-07-03 23:02:00,CNR8459213420,Success,CID503197,Prime Sedan,Kengeri,Shantinagar,42.0,45.0,Not Applicable,Not Applicable,No,Not Applicable,600,Cash,10,4.2,4.5
2024-07-13 22:17:00,CNR4345204223,Driver Not Found,CID500203,Mini,Marathahalli,Padmanabhanagar,,,Not Applicable,Not Applicable,Not Applicable,Not Applicable,392,Not Applicable,0,,
2024-07-24 18:05:00,CNR8160075451,Success,CID999126,Prime Sedan,Yelahanka,Mysore Road,98.0,80.0,Not Applicable,Not Applicable,No,Not Applicable,187,Cash,33,3.3,3.8
2024-07-07 15:46:00,CNR3968811012,Canceled by Customer,CID244836,Prime SUV,Whitefield,Kadugodi,,,AC is Not working,Not Applicable,Not Applicable,Not Applicable,223,Not Applicable,0,,
2024-07-22 23:48:00,CNR1469614125,Success,CID612607,Prime Plus,MG Road,Kammanahalli,98.0,70.0,Not Applicable,Not Applicable,No,Not Applicable,214,Credit Card,6,4.7,4.5
2024-07-22 10:26:00,CNR7181200240,Driver Not Found,CID518731,Auto,BTM Layout,Shivajinagar,,,Not Applicable,Not Applicable,Not Applicable,Not Applicable,483,Not Applicable,0,,
2024-07-06 06:14:00,CNR5132502036,Success,CID224249,Prime SUV,Hebbal,Rajajinagar,77.0,135.0,Not Applicable,Not Applicable,No,Not Applicable,249,UPI,39,3.8,4.3
2024-07-28 09:07:00,CNR3812921899,Success,CID786635,Auto,Vijayanagar,Majestic,147.0,60.0,Not Applicable,Not Applicable,No,Not Applicable,283,Cash,16,4.9,4.9
2024-07-15 04:56:00,CNR5633339394,Success,CID862226,eBike,Bellandur,Nagarbhavi,56.0,30.0,Not Applicable,Not Applicable,No,Not Applicable,175,UPI,3,3.4,4.0
2024-07-28 15:41:00,CNR8061572736,Success,CID751772,Bike,Whitefield,Frazer Town,63.0,55.0,Not Applicable,Not Applicable,No,Not Applicable,344,Cash,29,4.9,5.0
2024-07-20 13:59:00,CNR2894449280,Driver Not Found,CID771002,Mini,Kengeri,Sahakar Nagar,,,Not Applicable,Not Applicable,Not Applicable,Not Applicable,139,Not Applicable,0,,
2024-07-20 01:24:00,CNR1085602955,Success,CID268693,Mini,Electronic City,Ulsoor,63.0,95.0,Not Applicable,Not Applicable,No,Not Applicable,281,UPI,19,4.1,3.6
2024-07-16 10:46:00,CNR1044820146,Success,CID999849,Bike,Vijayanagar,Hebbal,133.0,105.0,Not Applicable,Not Applicable,Yes,Customer Demand,494,Cash,42,4.2,4.8
2024-07-24 22:47:00,CNR4479890932,Canceled by Customer,CID370884,Prime Sedan,Ramamurthy Nagar,Banashankari,,,AC is Not working,Not Applicable,Not Applicable,Not Applicable,424,Not Applicable,0,,
2024-07-11 19:53:00,CNR7956883533,Canceled by Customer,CID618191,Prime Sedan,BTM Layout,Koramangala,,,Change of plans,Not Applicable,Not Applicable,Not Applicable,409,Not Applicable,0,,
2024-07-08 01:35:00,CNR4797993378,Success,CID737188,Auto,Marathahalli,Sahakar Nagar,224.0,125.0,Not Applicable,Not Applicable,Yes,Vehicle Breakdown,354,Cash,9,4.5,3.1
2024-07-13 12:58:00,CNR8327704957,Success,CID608586,Auto,Padmanabhanagar,Richmond Town,175.0,115.0,Not Applicable,Not Applicable,No,Not Applicable,949,Cash,18,3.9,3.2
2024-07-20 00:07:00,CNR4612826133,Success,CID301256,eBike,Bannerghatta Road,Koramangala,63.0,55.0,Not Applicable,Not Applicable,No,Not Applicable,399,Cash,28,3.4,3.7
2024-07-25 23:42:00,CNR8295524660,Driver Not Found,CID423445,Prime Sedan,Langford Town,BTM Layout,,,Not Applicable,Not Applicable,Not Applicable,Not Applicable,255,Not Applicable,0,,
2024-07-13 03:11:00,CNR6907383926,Driver Not Found,CID580075,Bike,Indiranagar,Magadi Road,,,Not Applicable,Not Applicable,Not Applicable,Not Applicable,438,Not Applicable,0,,
2024-07-20 09:54:00,CNR9186416644,Success,CID202034,Mini,RT Nagar,Bellandur,119.0,85.0,Not Applicable,Not Applicable,No,Not Applicable,459,Cash,15,4.9,3.9
2024-07-21 04:12:00,CNR9217533136,Success,CID703933,Auto,Hosur Road,Peenya,140.0,55.0,Not Applicable,Not Applicable,No,Not Applicable,294,Cash,13,4.6,3.7
2024-07-02 21:37:00,CNR6699637105,Success,CID543291,Mini,Hulimavu,Sahakar Nagar,245.0,95.0,Not Applicable,Not Applicable,No,Not Applicable,419,Cash,4,4.5,3.5
2024-07-01 04:12:00,CNR1915849196,Success,CID840714,Auto,Cox Town,RT Nagar,91.0,70.0,Not Applicable,Not Applicable,No,Not Applicable,311,Cash,17,4.8,4.8
2024-07-13 21:50:00,CNR4246937383,Success,CID807793,Mini,Hulimavu,Marathahalli,91.0,35.0,Not Applicable,Not Applicable,No,Not Applicable,247,Cash,35,4.3,3.7
2024-07-19 06:47:00,CNR5957417691,Driver Not Found,CID857960,Prime SUV,Sarjapur Road,Sarjapur Road,,,Not Applicable,Not Applicable,Not Applicable,Not Applicable,382,Not Applicable,0,,
2024-07-08 03:50:00,CNR3340457714,Success,CID133322,Auto,JP Nagar,Nagarbhavi,273.0,50.0,Not Applicable,Not Applicable,No,Not Applicable,175,Cash,14,4.8,4.6
2024-07-04 23:39:00,CNR5273468471,Success,CID394125,eBike,Bannerghatta Road,Hebbal,168.0,60.0,Not Applicable,Not Applicable,No,Not Applicable,536,Cash,33,4.7,4.7
2024-07-16 17:10:00,CNR5837391640,Success,CID142310,eBike,Electronic City,RT Nagar,210.0,25.0,Not Applicable,Not Applicable,No,Not Applicable,2904,Cash,24,4.5,3.8
2024-07-19 22:11:00,CNR2000321423,Success,CID567135,Mini,RT Nagar,Hennur,42.0,80.0,Not Applicable,Not Applicable,No,Not Applicable,368,Cash,36,4.7,4.4
2024-07-30 02:42:00,CNR8167112331,Success,CID504700,Prime Plus,Cox Town,Devanahalli,42.0,35.0,Not Applicable,Not Applicable,No,Not Applicable,458,Cash,1,3.5,3.9
2024-07-17 04:47:00,CNR7445424782,Driver Not Found,CID470393,Auto,Basavanagudi,Whitefield,,,Not Applicable,Not Applicable,Not Applicable,Not Applicable,380,Not Applicable,0,,
2024-07-03 11:52:00,CNR6848983434,Success,CID122025,Auto,Chamarajpet,Frazer Town,161.0,105.0,Not Applicable,Not Applicable,No,Not Applicable,433,UPI,18,3.4,4.9
2024-07-30 13:57:00,CNR7579831689,Success,CID887544,Prime Sedan,Mysore Road,Tumkur Road,287.0,130.0,Not Applicable,Not Applicable,No,Not Applicable,210,Cash,34,3.5,4.3
2024-07-09 06:27:00,CNR3225225220,Success,CID633423,eBike,Shantinagar,Whitefield,161.0,70.0,Not Applicable,Not Applicable,No,Not Applicable,260,Cash,8,3.1,3.1
2024-07-04 18:10:00,CNR6305132361,Driver Not Found,CID390981,Prime SUV,Mysore Road,RT Nagar,,,Not Applicable,Not Applicable,Not Applicable,Not Applicable,380,Not Applicable,0,,
2024-07-13 04:04:00,CNR2173176938,Success,CID554108,Auto,Hulimavu,Rajajinagar,70.0,45.0,Not Applicable,Not Applicable,No,Not Applicable,200,Cash,10,3.9,3.1
2024-07-22 09:45:00,CNR4211785175,Success,CID909383,Prime Sedan,Chickpet,Kengeri,217.0,115.0,Not Applicable,Not Applicable,No,Not Applicable,362,UPI,9,3.7,4.5
2024-07-15 16:03:00,CNR6474180194,Canceled by Driver,CID291098,Mini,Yelahanka,Basavanagudi,,,Not Applicable,More than permitted people in there,Not Applicable,Not Applicable,485,Not Applicable,0,,
2024-07-03 18:19:00,CNR9640696749,Success,CID633921,Prime SUV,Hebbal,Rajarajeshwari Nagar,119.0,25.0,Not Applicable,Not Applicable,No,Not Applicable,826,Cash,17,4.4,4.0
2024-07-13 01:48:00,CNR2778439429,Canceled by Driver,CID965797,Prime SUV,Tumkur Road,Tumkur Road,,,Not Applicable,More than permitted people in there,Not Applicable,Not Applicable,283,Not Applicable,0,,
2024-07-25 00:39:00,CNR9501002176,Success,CID131074,Bike,Magadi Road,Basavanagudi,56.0,105.0,Not Applicable,Not Applicable,No,Not Applicable,460,UPI,18,4.3,4.7
2024-07-14 16:42:00,CNR4298823771,Success,CID892835,Bike,Bellandur,Bannerghatta Road,224.0,75.0,Not Applicable,Not Applicable,No,Not Applicable,568,Cash,38,5.0,4.6
2024-07-27 21:17:00,CNR6380812077,Success,CID645244,Bike,Rajarajeshwari Nagar,Kammanahalli,77.0,120.0,Not Applicable,Not Applicable,No,Not Applicable,677,UPI,33,4.5,3.1
2024-07-10 07:20:00,CNR5757973446,Canceled by Driver,CID901993,Bike,HSR Layout,Devanahalli,,,Not Applicable,Personal & Car related issue,Not Applicable,Not Applicable,231,Not Applicable,0,,
2024-07-07 07:49:00,CNR7940392258,Canceled by Driver,CID613947,Prime SUV,Whitefield,Yeshwanthpur,,,Not Applicable,More than permitted people in there,Not Applicable,Not Applicable,902,Not Applicable,0,,
2024-07-19 03:15:00,CNR4969353859,Success,CID899117,Prime Sedan,Cox Town,Electronic City,196.0,45.0,Not Applicable,Not Applicable,Yes,Other Issue,923,UPI,28,4.6,3.7
2024-07-05 23:29:00,CNR2327016443,Success,CID554401,Prime Plus,Varthur,Yelahanka,252.0,130.0,Not Applicable,Not Applicable,No,Not Applicable,131,Cash,23,3.4,3.3
2024-07-30 00:47:00,CNR8055729039,Canceled by Customer,CID645188,Prime Sedan,Kammanahalli,Hennur,,,AC is Not working,Not Applicable,Not Applicable,Not Applicable,2849,Not Applicable,0,,
2024-07-21 08:57:00,CNR3767313767,Success,CID949130,eBike,MG Road,Electronic City,231.0,60.0,Not Applicable,Not Applicable,No,Not Applicable,393,UPI,34,4.8,4.6
2024-07-05 05:08:00,CNR7133650246,Success,CID628124,eBike,Hulimavu,Peenya,56.0,55.0,Not Applicable,Not Applicable,No,Not Applicable,877,UPI,5,4.7,4.4
2024-07-10 00:37:00,CNR4772215070,Success,CID366383,Mini,Shantinagar,Mysore Road,161.0,120.0,Not Applicable,Not Applicable,No,Not Applicable,932,UPI,26,4.7,4.3
2024-07-01 05:40:00,CNR6708590303,Success,CID120850,Prime Plus,Yelahanka,Hulimavu,126.0,120.0,Not Applicable,Not Applicable,No,Not Applicable,374,Cash,35,3.0,4.3
2024-07-26 10:19:00,CNR3958602435,Success,CID934157,Prime Sedan,Ramamurthy Nagar,Peenya,266.0,120.0,Not Applicable,Not Applicable,Yes,Vehicle Breakdown,341,UPI,45,3.2,4.6
2024-07-10 10:14:00,CNR8607026852,Driver Not Found,CID610589,Bike,Bannerghatta Road,Devanahalli,,,Not Applicable,Not Applicable,Not Applicable,Not Applicable,480,Not Applicable,0,,
2024-07-13 14:21:00,CNR4199411995,Canceled by Driver,CID346022,Prime Sedan,Sahakar Nagar,Varthur,,,Not Applicable,Customer related issue,Not Applicable,Not Applicable,267,Not Applicable,0,,
2024-07-11 01:48:00,CNR7639481130,Driver Not Found,CID151447,Prime SUV,MG Road,Koramangala,,,Not Applicable,Not Applicable,Not Applicable,Not Applicable,628,Not Applicable,0,,
2024-07-04 22:45:00,CNR9532302990,Success,CID540688,Auto,Vijayanagar,Varthur,252.0,25.0,Not Applicable,Not Applicable,No,Not Applicable,235,UPI,6,3.7,4.9
2024-07-01 03:18:00,CNR7992290383,Success,CID159092,eBike,Sarjapur Road,JP Nagar,238.0,65.0,Not Applicable,Not Applicable,No,Not Applicable,982,Cash,31,4.4,3.3
2024-07-27 21:22:00,CNR7446932419,Canceled by Customer,CID630715,Mini,Hennur,Vijayanagar,,,Wrong Address,Not Applicable,Not Applicable,Not Applicable,184,Not Applicable,0,,
2024-07-22 12:07:00,CNR4248343177,Success,CID358877,Prime Sedan,Yelahanka,Chickpet,105.0,30.0,Not Applicable,Not Applicable,No,Not Applicable,311,UPI,48,4.9,4.8
2024-07-03 20:52:00,CNR7984226288,Success,CID806050,Bike,Peenya,Chamarajpet,266.0,95.0,Not Applicable,Not Applicable,No,Not Applicable,203,Cash,3,3.2,3.7
2024-07-25 07:46:00,CNR9357920647,Success,CID268864,Prime SUV,MG Road,Rajarajeshwari Nagar,112.0,70.0,Not Applicable,Not Applicable,No,Not Applicable,436,Cash,32,4.5,4.0
2024-07-27 16:42:00,CNR4971525672,Driver Not Found,CID980843,Auto,Hebbal,Nagarbhavi,,,Not Applicable,Not Applicable,Not Applicable,Not Applicable,671,Not Applicable,0,,
2024-07-07 14:01:00,CNR1989670618,Canceled by Customer,CID712598,Prime Sedan,Peenya,Padmanabhanagar,,,Change of plans,Not Applicable,Not Applicable,Not Applicable,1910,Not Applicable,0,,
2024-07-26 14:12:00,CNR4966469672,Canceled by Driver,CID398706,Auto,Devanahalli,Hebbal,,,Not Applicable,Customer was coughing/sick,Not Applicable,Not Applicable,322,Not Applicable,0,,
2024-07-12 01:03:00,CNR7467278670,Success,CID968051,Prime Plus,Varthur,Hebbal,196.0,140.0,Not Applicable,Not Applicable,No,Not Applicable,936,UPI,29,3.7,4.4
2024-07-06 05:47:00,CNR5207128961,Success,CID488083,Prime Sedan,Malleshwaram,Varthur,189.0,60.0,Not Applicable,Not Applicable,No,Not Applicable,167,Cash,27,3.8,3.4
2024-07-17 04:17:00,CNR5736758511,Success,CID837204,Bike,Bellandur,MG Road,308.0,55.0,Not Applicable,Not Applicable,No,Not Applicable,474,Debit Card,12,3.1,3.7
2024-07-01 10:05:00,CNR8199582875,Success,CID641419,Auto,Nagarbhavi,Shantinagar,224.0,50.0,Not Applicable,Not Applicable,No,Not Applicable,203,Credit Card,4,4.4,4.8
2024-07-21 20:16:00,CNR5887065622,Success,CID789792,Prime SUV,Yelahanka,JP Nagar,280.0,90.0,Not Applicable,Not Applicable,No,Not Applicable,485,Cash,42,4.5,3.9
2024-07-03 14:56:00,CNR8927732445,Success,CID262250,Bike,Nagarbhavi,Malleshwaram,189.0,110.0,Not Applicable,Not Applicable,No,Not Applicable,410,UPI,7,3.2,3.6
2024-07-08 23:39:00,CNR5673223174,Success,CID205572,Prime SUV,MG Road,Richmond Town,287.0,95.0,Not Applicable,Not Applicable,No,Not Applicable,288,Cash,22,3.7,4.1
2024-07-30 22:34:00,CNR6957057294,Success,CID115860,Auto,Magadi Road,Yelahanka,231.0,135.0,Not Applicable,Not Applicable,No,Not Applicable,390,Cash,7,4.5,4.3
2024-07-20 17:09:00,CNR1879708084,Success,CID140567,Auto,JP Nagar,Malleshwaram,84.0,140.0,Not Applicable,Not Applicable,No,Not Applicable,400,Cash,14,4.6,3.8
2024-07-17 07:50:00,CNR4641824330,Success,CID249348,Prime Plus,Shivajinagar,Hebbal,182.0,60.0,Not Applicable,Not Applicable,No,Not Applicable,746,UPI,11,5.0,4.7
2024-07-07 14:53:00,CNR9632450581,Success,CID519112,Prime Plus,Hennur,Electronic City,98.0,85.0,Not Applicable,Not Applicable,No,Not Applicable,464,UPI,41,3.2,4.5
2024-07-09 19:34:00,CNR6472647501,Success,CID646441,Prime Sedan,Varthur,Yelahanka,308.0,110.0,Not Applicable,Not Applicable,No,Not Applicable,2581,Cash,15,4.7,3.6
2024-07-19 10:06:00,CNR7657668799,Success,CID222065,Auto,Kammanahalli,Peenya,182.0,105.0,Not Applicable,Not Applicable,No,Not Applicable,467,Cash,15,4.5,4.2
2024-07-11 08:57:00,CNR5145302833,Canceled by Driver,CID474747,Mini,Marathahalli,Electronic City,,,Not Applicable,Personal & Car related issue,Not Applicable,Not Applicable,725,Not Applicable,0,,
2024-07-25 10:44:00,CNR9334868111,Success,CID432737,Prime Plus,Hennur,Padmanabhanagar,126.0,60.0,Not Applicable,Not Applicable,No,Not Applicable,101,UPI,39,4.4,3.2
2024-07-11 11:44:00,CNR3895604305,Success,CID555056,Auto,Sahakar Nagar,Hebbal,210.0,145.0,Not Applicable,Not Applicable,No,Not Applicable,182,Cash,17,4.4,4.3
2024-07-29 04:11:00,CNR6191937265,Success,CID307610,Prime Sedan,MG Road,Nagarbhavi,105.0,65.0,Not Applicable,Not Applicable,Yes,Customer Demand,181,UPI,8,4.5,4.1
2024-07-24 07:25:00,CNR2521718773,Success,CID120304,Mini,Yeshwanthpur,Jayanagar,301.0,140.0,Not Applicable,Not Applicable,No,Not Applicable,992,Cash,40,4.3,3.2
2024-07-10 18:18:00,CNR6442197745,Canceled by Driver,CID930658,eBike,Vijayanagar,Cox Town,,,Not Applicable,Customer related issue,Not Applicable,Not Applicable,434,Not Applicable,0,,
2024-07-11 01:14:00,CNR6876376844,Success,CID766605,Bike,Malleshwaram,Ulsoor,98.0,45.0,Not Applicable,Not Applicable,No,Not Applicable,634,Cash,17,3.1,4.7
2024-07-19 19:37:00,CNR2636893000,Success,CID215597,Prime Sedan,Koramangala,Nagarbhavi,301.0,85.0,Not Applicable,Not Applicable,No,Not Applicable,429,UPI,13,3.2,4.0
2024-07-10 15:26:00,CNR2757113092,Canceled by Driver,CID930010,Auto,Hebbal,Padmanabhanagar,,,Not Applicable,Customer related issue,Not Applicable,Not Applicable,445,Not Applicable,0,,
2024-07-21 07:40:00,CNR7768577077,Success,CID321899,Prime Plus,Langford Town,Basavanagudi,273.0,25.0,Not Applicable,Not Applicable,No,Not Applicable,395,UPI,37,4.9,3.9
2024-07-28 06:03:00,CNR6870548093,Success,CID268441,Auto,Malleshwaram,Bellandur,203.0,70.0,Not Applicable,Not Applicable,No,Not Applicable,559,UPI,8,3.1,3.3
2024-07-23 13:55:00,CNR8279204571,Success,CID660134,eBike,Peenya,Langford Town,245.0,135.0,Not Applicable,Not Applicable,No,Not Applicable,1829,Cash,2,4.4,3.8
2024-07-20 13:22:00,CNR8361288597,Success,CID282163,eBike,Ulsoor,Magadi Road,105.0,25.0,Not Applicable,Not Applicable,No,Not Applicable,152,Cash,15,3.5,4.5
2024-07-01 10:29:00,CNR9651826381,Success,CID470644,eBike,Sahakar Nagar,Padmanabhanagar,133.0,105.0,Not Applicable,Not Applicable,No,Not Applicable,1928,Cash,33,3.6,3.8
2024-07-23 13:36:00,CNR6965881331,Success,CID262031,Prime Sedan,Vijayanagar,Hosur Road,147.0,135.0,Not Applicable,Not Applicable,No,Not Applicable,2872,Cash,16,4.4,4.8
2024-07-16 06:37:00,CNR3530584787,Driver Not Found,CID259875,Prime Plus,Shivajinagar,Electronic City,,,Not Applicable,Not Applicable,Not Applicable,Not Applicable,389,Not Applicable,0,,
2024-07-05 03:55:00,CNR4236001824,Success,CID219228,eBike,Bannerghatta Road,Varthur,210.0,40.0,Not Applicable,Not Applicable,No,Not Applicable,461,UPI,19,3.5,3.5
2024-07-17 21:15:00,CNR8914558968,Driver Not Found,CID348113,Prime SUV,HSR Layout,Varthur,,,Not Applicable,Not Applicable,Not Applicable,Not Applicable,212,Not Applicable,0,,
2024-07-15 15:28:00,CNR3264777620,Success,CID669838,Prime SUV,Nagarbhavi,Majestic,154.0,90.0,Not Applicable,Not Applicable,No,Not Applicable,236,Cash,23,3.2,4.1
2024-07-20 22:33:00,CNR8154698912,Success,CID118602,eBike,Hennur,Cox Town,266.0,80.0,Not Applicable,Not Applicable,No,Not Applicable,206,Cash,28,4.9,3.5
2024-07-07 23:53:00,CNR6990007936,Canceled by Driver,CID476537,Auto,Malleshwaram,Marathahalli,,,Not Applicable,More than permitted people in there,Not Applicable,Not Applicable,211,Not Applicable,0,,
2024-07-23 06:04:00,CNR6907502373,Success,CID362805,eBike,Rajarajeshwari Nagar,Koramangala,147.0,60.0,Not Applicable,Not Applicable,No,Not Applicable,101,UPI,7,5.0,4.8
2024-07-16 23:57:00,CNR3524776743,Canceled by Driver,CID945356,Prime Plus,Basavanagudi,Peenya,,,Not Applicable,More than permitted people in there,Not Applicable,Not Applicable,399,Not Applicable,0,,
2024-07-23 05:56:00,CNR2039550038,Success,CID204570,Mini,Kadugodi,Padmanabhanagar,252.0,70.0,Not Applicable,Not Applicable,No,Not Applicable,363,Cash,30,3.5,3.8
2024-07-10 02:17:00,CNR5549871655,Success,CID171768,Prime Sedan,Ramamurthy Nagar,Cox Town,154.0,50.0,Not Applicable,Not Applicable,No,Not Applicable,303,Cash,48,3.6,3.0
2024-07-30 22:18:00,CNR8674661116,Success,CID380472,Prime Sedan,Indiranagar,BTM Layout,168.0,65.0,Not Applicable,Not Applicable,No,Not Applicable,831,UPI,2,4.1,3.5
2024-07-01 11:43:00,CNR4165326362,Success,CID669433,Prime Sedan,Magadi Road,Vijayanagar,280.0,75.0,Not Applicable,Not Applicable,No,Not Applicable,474,Cash,18,3.1,4.1
2024-07-14 08:14:00,CNR5757546482,Success,CID730066,eBike,RT Nagar,Langford Town,259.0,25.0,Not Applicable,Not Applicable,No,Not Applicable,884,Cash,48,4.4,4.1
2024-07-16 18:25:00,CNR6856811110,Success,CID868645,Bike,Padmanabhanagar,Shantinagar,63.0,85.0,Not Applicable,Not Applicable,No,Not Applicable,220,UPI,13,4.7,4.6
2024-07-02 23:01:00,CNR1797845107,Success,CID392164,eBike,Basavanagudi,Ulsoor,301.0,40.0,Not Applicable,Not Applicable,No,Not Applicable,430,UPI,39,3.7,3.1
2024-07-09 15:06:00,CNR7634501346,Success,CID697472,eBike,Hosur Road,Peenya,301.0,75.0,Not Applicable,Not Applicable,No,Not Applicable,316,Cash,28,3.6,3.4
2024-07-23 13:26:00,CNR6723090969,Success,CID666956,Prime SUV,Yelahanka,Chickpet,98.0,95.0,Not Applicable,Not Applicable,No,Not Applicable,306,Cash,40,4.7,4.2
2024-07-24 19:19:00,CNR1419814462,Canceled by Customer,CID288593,eBike,Electronic City,Banashankari,,,Driver asked to cancel,Not Applicable,Not Applicable,Not Applicable,339,Not Applicable,0,,
2024-07-09 02:18:00,CNR8838706391,Success,CID328463,Prime Sedan,Kadugodi,Kengeri,175.0,60.0,Not Applicable,Not Applicable,No,Not Applicable,214,UPI,11,4.6,3.7
2024-07-16 08:54:00,CNR4610706121,Success,CID426464,Auto,Bannerghatta Road,Sahakar Nagar,245.0,120.0,Not Applicable,Not Applicable,No,Not Applicable,125,UPI,18,3.3,4.3
2024-07-30 13:45:00,CNR9898237040,Canceled by Driver,CID278273,Mini,Rajajinagar,HSR Layout,,,Not Applicable,Customer was coughing/sick,Not Applicable,Not Applicable,471,Not Applicable,0,,
2024-07-17 08:31:00,CNR5543335975,Canceled by Customer,CID941045,Bike,KR Puram,Shivajinagar,,,Change of plans,Not Applicable,Not Applicable,Not Applicable,350,Not Applicable,0,,
2024-07-08 01:02:00,CNR3502551610,Success,CID874356,Prime Sedan,Peenya,Magadi Road,70.0,70.0,Not Applicable,Not Applicable,No,Not Applicable,2569,Cash,45,4.7,3.2
2024-07-28 07:04:00,CNR3165691186,Success,CID357471,Auto,Indiranagar,Basavanagudi,287.0,55.0,Not Applicable,Not Applicable,No,Not Applicable,194,UPI,9,4.2,4.3
2024-07-09 17:59:00,CNR1235410213,Success,CID268413,Mini,Majestic,Kammanahalli,210.0,45.0,Not Applicable,Not Applicable,No,Not Applicable,424,UPI,2,4.1,4.3
2024-07-02 00:45:00,CNR7025741960,Driver Not Found,CID591796,Prime Plus,Rajajinagar,Yeshwanthpur,,,Not Applicable,Not Applicable,Not Applicable,Not Applicable,129,Not Applicable,0,,
2024-07-15 15:34:00,CNR3057217789,Success,CID517509,Prime Sedan,Ramamurthy Nagar,Rajajinagar,231.0,90.0,Not Applicable,Not Applicable,No,Not Applicable,439,Cash,26,4.9,3.7
2024-07-28 00:56:00,CNR2783814609,Driver Not Found,CID271988,Auto,Devanahalli,Kammanahalli,,,Not Applicable,Not Applicable,Not Applicable,Not Applicable,466,Not Applicable,0,,
2024-07-03 21:02:00,CNR4192740548,Canceled by Driver,CID486818,Prime Sedan,Whitefield,Kengeri,,,Not Applicable,Personal & Car related issue,Not Applicable,Not Applicable,2458,Not Applicable,0,,
2024-07-06 06:30:00,CNR1933383018,Driver Not Found,CID899762,Auto,Yeshwanthpur,Basavanagudi,,,Not Applicable,Not Applicable,Not Applicable,Not Applicable,290,Not Applicable,0,,
2024-07-17 23:57:00,CNR5497670075,Success,CID421880,Prime Plus,Hulimavu,Ulsoor,49.0,110.0,Not Applicable,Not Applicable,No,Not Applicable,427,Cash,40,4.2,3.8
2024-07-03 00:31:00,CNR1200251651,Driver Not Found,CID423730,Bike,Banashankari,Hebbal,,,Not Applicable,Not Applicable,Not Applicable,Not Applicable,557,Not Applicable,0,,
2024-07-18 17:10:00,CNR7885516570,Driver Not Found,CID190063,Auto,KR Puram,Rajarajeshwari Nagar,,,Not Applicable,Not Applicable,Not Applicable,Not Applicable,613,Not Applicable,0,,
2024-07-01 15:26:00,CNR9815995267,Canceled by Driver,CID314085,Mini,Langford Town,HSR Layout,,,Not Applicable,Personal & Car related issue,Not Applicable,Not Applicable,152,Not Applicable,0,,
2024-07-14 04:33:00,CNR3183033943,Success,CID568547,Mini,Rajajinagar,Hosur Road,133.0,130.0,Not Applicable,Not Applicable,No,Not Applicable,123,UPI,13,3.5,3.6
2024-07-22 08:46:00,CNR9108048516,Canceled by Driver,CID830926,Prime Sedan,Magadi Road,Hulimavu,,,Not Applicable,Customer related issue,Not Applicable,Not Applicable,299,Not Applicable,0,,
2024-07-26 11:21:00,CNR4992067485,Success,CID441306,Bike,MG Road,Padmanabhanagar,91.0,95.0,Not Applicable,Not Applicable,No,Not Applicable,924,UPI,2,4.5,3.8
2024-07-10 07:38:00,CNR4012749723,Success,CID583416,eBike,Electronic City,Banashankari,287.0,60.0,Not Applicable,Not Applicable,No,Not Applicable,487,Cash,11,4.9,3.5
2024-07-06 23:47:00,CNR7205485363,Canceled by Driver,CID995699,Auto,Sahakar Nagar,Indiranagar,,,Not Applicable,Personal & Car related issue,Not Applicable,Not Applicable,175,Not Applicable,0,,
2024-07-24 11:57:00,CNR9440661255,Success,CID666362,eBike,Koramangala,RT Nagar,91.0,25.0,Not Applicable,Not Applicable,No,Not Applicable,648,Credit Card,14,3.8,3.4
2024-07-11 20:54:00,CNR5849175663,Canceled by Customer,CID704083,Bike,Hennur,Sarjapur Road,,,AC is Not working,Not Applicable,Not Applicable,Not Applicable,217,Not Applicable,0,,
2024-07-22 18:05:00,CNR5455180525,Driver Not Found,CID699051,eBike,Padmanabhanagar,Langford Town,,,Not Applicable,Not Applicable,Not Applicable,Not Applicable,768,Not Applicable,0,,
2024-07-10 10:57:00,CNR8394964424,Success,CID927313,eBike,Hebbal,MG Road,126.0,35.0,Not Applicable,Not Applicable,No,Not Applicable,459,UPI,14,4.3,5.0
2024-07-04 23:35:00,CNR6737198788,Success,CID854799,Prime SUV,Rajajinagar,Chamarajpet,147.0,110.0,Not Applicable,Not Applicable,No,Not Applicable,341,Cash,42,3.8,4.9
2024-07-01 17:02:00,CNR8488017602,Success,CID613650,Prime Sedan,Cox Town,Shivajinagar,308.0,125.0,Not Applicable,Not Applicable,No,Not Applicable,518,UPI,38,3.7,4.8
2024-07-11 16:32:00,CNR8670572433,Driver Not Found,CID838324,Mini,Hebbal,Mysore Road,,,Not Applicable,Not Applicable,Not Applicable,Not Applicable,432,Not Applicable,0,,
2024-07-19 21:02:00,CNR2182833224,Success,CID626536,Prime SUV,Shantinagar,Chamarajpet,112.0,40.0,Not Applicable,Not Applicable,No,Not Applicable,402,Cash,3,3.6,3.1
2024-07-22 12:34:00,CNR7904509301,Success,CID764096,eBike,Sarjapur Road,Shantinagar,203.0,55.0,Not Applicable,Not Applicable,No,Not Applicable,494,UPI,28,4.0,4.3
2024-07-30 17:03:00,CNR7353175159,Success,CID732751,Prime Sedan,Padmanabhanagar,Chickpet,42.0,45.0,Not Applicable,Not Applicable,No,Not Applicable,425,Cash,31,3.4,3.2
2024-07-02 17:18:00,CNR2115843667,Driver Not Found,CID136204,Bike,Hosur Road,Varthur,,,Not Applicable,Not Applicable,Not Applicable,Not Applicable,366,Not Applicable,0,,
2024-07-20 10:50:00,CNR2161551536,Success,CID692738,Prime SUV,Ulsoor,Whitefield,266.0,135.0,Not Applicable,Not Applicable,No,Not Applicable,261,UPI,6,3.1,3.4
2024-07-03 06:04:00,CNR6707468082,Success,CID438850,Bike,Sarjapur Road,Yeshwanthpur,56.0,95.0,Not Applicable,Not Applicable,No,Not Applicable,303,UPI,18,3.6,4.5
2024-07-08 10:39:00,CNR5474791186,Canceled by Customer,CID481121,Mini,Bellandur,Rajarajeshwari Nagar,,,Change of plans,Not Applicable,Not Applicable,Not Applicable,489,Not Applicable,0,,
2024-07-04 09:13:00,CNR2628618068,Success,CID918781,Prime Sedan,MG Road,Kammanahalli,175.0,115.0,Not Applicable,Not Applicable,No,Not Applicable,1553,Credit Card,18,4.7,4.4
2024-07-04 17:09:00,CNR8567788163,Success,CID281853,Bike,Kengeri,Mysore Road,91.0,45.0,Not Applicable,Not Applicable,No,Not Applicable,242,UPI,43,3.8,3.8
2024-07-28 15:07:00,CNR4877436143,Canceled by Customer,CID461828,Auto,Bannerghatta Road,Malleshwaram,,,Change of plans,Not Applicable,Not Applicable,Not Applicable,652,Not Applicable,0,,
2024-07-28 18:56:00,CNR3198052799,Canceled by Driver,CID385670,Auto,MG Road,Chamarajpet,,,Not Applicable,Personal & Car related issue,Not Applicable,Not Applicable,477,Not Applicable,0,,
2024-07-23 09:56:00,CNR4332031474,Success,CID457260,Prime SUV,Tumkur Road,Banashankari,77.0,45.0,Not Applicable,Not Applicable,No,Not Applicable,231,Cash,4,4.3,4.1
2024-07-26 06:25:00,CNR8611939578,Success,CID435177,eBike,BTM Layout,Sahakar Nagar,224.0,110.0,Not Applicable,Not Applicable,Yes,Vehicle Breakdown,406,UPI,19,4.3,4.0
2024-07-21 19:16:00,CNR6108719091,Success,CID273595,Mini,Yeshwanthpur,HSR Layout,245.0,40.0,Not Applicable,Not Applicable,No,Not Applicable,422,UPI,13,3.8,3.5
2024-07-06 05:16:00,CNR9972097588,Success,CID189483,Bike,Magadi Road,Marathahalli,105.0,25.0,Not Applicable,Not Applicable,No,Not Applicable,129,UPI,9,3.5,3.3
2024-07-22 11:00:00,CNR8722728102,Driver Not Found,CID989738,Prime Plus,Kengeri,Shantinagar,,,Not Applicable,Not Applicable,Not Applicable,Not Applicable,425,Not Applicable,0,,
2024-07-15 03:03:00,CNR9526663399,Driver Not Found,CID771053,Prime Sedan,KR Puram,Hennur,,,Not Applicable,Not Applicable,Not Applicable,Not Applicable,140,Not Applicable,0,,
2024-07-24 10:08:00,CNR6841903855,Success,CID247941,Prime SUV,Frazer Town,KR Puram,175.0,125.0,Not Applicable,Not Applicable,No,Not Applicable,617,Cash,7,3.1,4.0
2024-07-17 19:09:00,CNR2724789145,Driver Not Found,CID223481,Prime Plus,RT Nagar,Sarjapur Road,,,Not Applicable,Not Applicable,Not Applicable,Not Applicable,396,Not Applicable,0,,
2024-07-25 19:54:00,CNR6915859115,Driver Not Found,CID853874,Prime Plus,Chamarajpet,Cox Town,,,Not Applicable,Not Applicable,Not Applicable,Not Applicable,154,Not Applicable,0,,
2024-07-16 14:34:00,CNR1875222238,Success,CID866820,Prime SUV,Ramamurthy Nagar,Ramamurthy Nagar,70.0,55.0,Not Applicable,Not Applicable,Yes,Vehicle Breakdown,985,Cash,23,4.2,3.3
2024-07-03 08:21:00,CNR3000091039,Success,CID671241,Auto,Yelahanka,Magadi Road,238.0,65.0,Not Applicable,Not Applicable,No,Not Applicable,579,UPI,16,4.4,4.8
2024-07-06 21:19:00,CNR8368541932,Canceled by Customer,CID870138,Auto,Hebbal,KR Puram,,,AC is Not working,Not Applicable,Not Applicable,Not Applicable,130,Not Applicable,0,,
2024-07-02 09:20:00,CNR4850230088,Success,CID450972,Prime SUV,Hebbal,Yelahanka,210.0,90.0,Not Applicable,Not Applicable,No,Not Applicable,145,UPI,7,4.2,4.3
2024-07-06 06:13:00,CNR9863976922,Canceled by Driver,CID151283,eBike,HSR Layout,Electronic City,,,Not Applicable,More than permitted people in there,Not Applicable,Not Applicable,435,Not Applicable,0,,
2024-07-24 01:22:00,CNR7171282238,Success,CID656851,Prime Sedan,Ramamurthy Nagar,Hulimavu,189.0,100.0,Not Applicable,Not Applicable,No,Not Applicable,494,UPI,10,4.2,4.1
2024-07-20 05:34:00,CNR8587891789,Success,CID127506,Prime Plus,Kammanahalli,Padmanabhanagar,224.0,60.0,Not Applicable,Not Applicable,No,Not Applicable,357,Cash,13,4.3,3.2
2024-07-11 17:53:00,CNR6679140966,Success,CID783445,Auto,MG Road,MG Road,161.0,90.0,Not Applicable,Not Applicable,No,Not Applicable,430,Cash,19,4.9,4.2
2024-07-09 07:45:00,CNR3199145605,Success,CID688245,eBike,Marathahalli,Bellandur,35.0,95.0,Not Applicable,Not Applicable,No,Not Applicable,117,UPI,48,3.9,4.6
2024-07-15 00:47:00,CNR7479080165,Success,CID332139,Mini,Jayanagar,BTM Layout,301.0,95.0,Not Applicable,Not Applicable,No,Not Applicable,988,UPI,29,4.8,4.2
2024-07-22 01:57:00,CNR7970415981,Success,CID468704,eBike,Peenya,Basavanagudi,140.0,30.0,Not Applicable,Not Applicable,No,Not Applicable,358,UPI,34,4.9,3.9
2024-07-17 02:32:00,CNR3808123486,Success,CID295693,Prime Sedan,Hosur Road,Indiranagar,280.0,85.0,Not Applicable,Not Applicable,No,Not Applicable,337,Cash,31,4.0,3.5
2024-07-23 08:19:00,CNR1993538739,Success,CID265433,Mini,Nagarbhavi,Kengeri,273.0,125.0,Not Applicable,Not Applicable,No,Not Applicable,262,UPI,39,4.7,3.0
2024-07-23 20:21:00,CNR9343630733,Success,CID623732,Prime Sedan,Jayanagar,MG Road,105.0,50.0,Not Applicable,Not Applicable,No,Not Applicable,241,Cash,45,4.6,3.1
2024-07-15 15:40:00,CNR8482272493,Success,CID387708,Prime Sedan,Kammanahalli,Chamarajpet,112.0,105.0,Not Applicable,Not Applicable,No,Not Applicable,478,Cash,46,4.8,4.5
2024-07-17 13:08:00,CNR8241136330,Driver Not Found,CID360075,Bike,Yelahanka,Mysore Road,,,Not Applicable,Not Applicable,Not Applicable,Not Applicable,414,Not Applicable,0,,
2024-07-08 21:04:00,CNR6860262633,Driver Not Found,CID612667,Auto,Sahakar Nagar,Kadugodi,,,Not Applicable,Not Applicable,Not Applicable,Not Applicable,807,Not Applicable,0,,
2024-07-21 19:02:00,CNR4419176799,Canceled by Driver,CID681175,Auto,Banashankari,Sahakar Nagar,,,Not Applicable,Customer related issue,Not Applicable,Not Applicable,448,Not Applicable,0,,
2024-07-06 01:37:00,CNR7697235439,Driver Not Found,CID923493,Prime Plus,Kammanahalli,Rajarajeshwari Nagar,,,Not Applicable,Not Applicable,Not Applicable,Not Applicable,725,Not Applicable,0,,
2024-07-19 07:49:00,CNR7987526690,Canceled by Customer,CID930654,Bike,Hulimavu,Frazer Town,,,Change of plans,Not Applicable,Not Applicable,Not Applicable,910,Not Applicable,0,,
2024-07-08 09:21:00,CNR5406894656,Success,CID755844,Prime Sedan,Electronic City,Hosur Road,70.0,80.0,Not Applicable,Not Applicable,No,Not Applicable,2457,Cash,12,3.7,3.5
2024-07-08 19:54:00,CNR5040406955,Canceled by Customer,CID199978,Mini,Marathahalli,Bannerghatta Road,,,Driver asked to cancel,Not Applicable,Not Applicable,Not Applicable,144,Not Applicable,0,,
2024-07-27 04:08:00,CNR9881861336,Success,CID658538,Mini,Malleshwaram,Sahakar Nagar,182.0,105.0,Not Applicable,Not Applicable,No,Not Applicable,366,Cash,37,4.9,3.9
2024-07-13 09:05:00,CNR4769976720,Driver Not Found,CID434068,Mini,Koramangala,Sarjapur Road,,,Not Applicable,Not Applicable,Not Applicable,Not Applicable,488,Not Applicable,0,,
2024-07-26 11:08:00,CNR2352979564,Success,CID190385,Prime SUV,Chamarajpet,Basavanagudi,119.0,120.0,Not Applicable,Not Applicable,No,Not Applicable,290,UPI,1,3.3,3.8
2024-07-01 02:15:00,CNR3693060056,Success,CID531076,Prime SUV,MG Road,Hulimavu,175.0,25.0,Not Applicable,Not Applicable,No,Not Applicable,120,Cash,22,3.2,4.6
2024-07-25 03:41:00,CNR5364797602,Success,CID913353,Auto,Sahakar Nagar,Langford Town,245.0,60.0,Not Applicable,Not Applicable,No,Not Applicable,460,Cash,19,4.9,3.8
2024-07-21 23:40:00,CNR9540361150,Success,CID719524,Bike,Vijayanagar,Indiranagar,70.0,105.0,Not Applicable,Not Applicable,No,Not Applicable,525,UPI,15,3.5,3.3
2024-07-08 00:31:00,CNR4917131564,Success,CID654847,Prime Plus,Indiranagar,Kadugodi,189.0,85.0,Not Applicable,Not Applicable,No,Not Applicable,968,Cash,34,4.5,3.6
2024-07-01 10:24:00,CNR1432049563,Canceled by Driver,CID715829,Prime SUV,Chamarajpet,Bellandur,,,Not Applicable,Customer related issue,Not Applicable,Not Applicable,334,Not Applicable,0,,
2024-07-05 19:23:00,CNR1779152540,Success,CID591511,eBike,Bannerghatta Road,Basavanagudi,224.0,135.0,Not Applicable,Not Applicable,No,Not Applicable,325,Cash,41,4.2,4.8
2024-07-15 00:33:00,CNR2104077748,Canceled by Driver,CID734960,Prime Sedan,Cox Town,Indiranagar,,,Not Applicable,Customer related issue,Not Applicable,Not Applicable,2076,Not Applicable,0,,
2024-07-08 17:25:00,CNR4923045733,Success,CID573444,eBike,Varthur,Bannerghatta Road,49.0,140.0,Not Applicable,Not Applicable,No,Not Applicable,278,Cash,36,4.4,3.0
2024-07-13 03:22:00,CNR7503512251,Success,CID966193,Prime SUV,Shivajinagar,Bannerghatta Road,147.0,60.0,Not Applicable,Not Applicable,No,Not Applicable,1263,Cash,11,4.4,4.6
2024-07-24 06:33:00,CNR7176952471,Canceled by Driver,CID964983,Prime Plus,Bellandur,KR Puram,,,Not Applicable,Personal & Car related issue,Not Applicable,Not Applicable,227,Not Applicable,0,,
2024-07-28 09:46:00,CNR5322382605,Canceled by Driver,CID357940,Bike,Hennur,Chamarajpet,,,Not Applicable,More than permitted people in there,Not Applicable,Not Applicable,240,Not Applicable,0,,
2024-07-27 03:59:00,CNR7600561259,Canceled by Customer,CID252278,Mini,Rajarajeshwari Nagar,Kadugodi,,,Change of plans,Not Applicable,Not Applicable,Not Applicable,455,Not Applicable,0,,
2024-07-02 13:37:00,CNR5386923516,Success,CID978528,Prime Sedan,Indiranagar,Yelahanka,168.0,65.0,Not Applicable,Not Applicable,No,Not Applicable,770,UPI,10,3.7,4.4
2024-07-19 07:39:00,CNR8650022485,Success,CID686163,Prime Plus,Banashankari,Langford Town,70.0,120.0,Not Applicable,Not Applicable,No,Not Applicable,408,Debit Card,41,4.5,4.6
2024-07-06 01:50:00,CNR7579218316,Canceled by Driver,CID409617,Auto,Basavanagudi,Rajarajeshwari Nagar,,,Not Applicable,Customer related issue,Not Applicable,Not Applicable,255,Not Applicable,0,,
2024-07-19 00:50:00,CNR8236227371,Success,CID615517,Bike,Hennur,HSR Layout,182.0,85.0,Not Applicable,Not Applicable,No,Not Applicable,277,Cash,30,3.1,5.0
2024-07-04 08:58:00,CNR5662435347,Success,CID275840,eBike,Yelahanka,Vijayanagar,70.0,70.0,Not Applicable,Not Applicable,No,Not Applicable,618,UPI,5,3.5,4.1
2024-07-02 19:12:00,CNR4068073287,Canceled by Driver,CID253228,eBike,Peenya,HSR Layout,,,Not Applicable,More than permitted people in there,Not Applicable,Not Applicable,465,Not Applicable,0,,
2024-07-25 06:00:00,CNR5327525281,Canceled by Customer,CID150741,Bike,Ramamurthy Nagar,Majestic,,,Driver asked to cancel,Not Applicable,Not Applicable,Not Applicable,313,Not Applicable,0,,
2024-07-30 15:27:00,CNR7282893416,Success,CID263638,Mini,Mysore Road,Shivajinagar,231.0,60.0,Not Applicable,Not Applicable,No,Not Applicable,259,UPI,3,4.4,4.6
2024-07-22 18:09:00,CNR6364857420,Success,CID431201,Auto,Kammanahalli,Langford Town,119.0,50.0,Not Applicable,Not Applicable,No,Not Applicable,355,Cash,2,3.0,4.2
2024-07-17 01:20:00,CNR4459130816,Canceled by Driver,CID274430,Prime Plus,Kengeri,Malleshwaram,,,Not Applicable,More than permitted people in there,Not Applicable,Not Applicable,687,Not Applicable,0,,
2024-07-14 16:29:00,CNR2620116621,Success,CID513623,Prime Sedan,Kengeri,Bellandur,273.0,50.0,Not Applicable,Not Applicable,No,Not Applicable,337,Cash,24,3.5,3.9
2024-07-18 04:10:00,CNR3590909588,Driver Not Found,CID925549,Prime SUV,Marathahalli,Richmond Town,,,Not Applicable,Not Applicable,Not Applicable,Not Applicable,390,Not Applicable,0,,
2024-07-25 06:32:00,CNR2010674549,Success,CID998784,Bike,Yelahanka,Magadi Road,196.0,135.0,Not Applicable,Not Applicable,No,Not Applicable,377,Cash,49,4.2,4.9
2024-07-09 09:43:00,CNR1116230118,Success,CID319865,Bike,Hulimavu,Peenya,301.0,105.0,Not Applicable,Not Applicable,No,Not Applicable,479,Cash,1,4.2,3.4
2024-07-05 08:22:00,CNR7825236023,Success,CID198084,Prime Plus,BTM Layout,Koramangala,273.0,140.0,Not Applicable,Not Applicable,No,Not Applicable,464,UPI,20,3.4,4.9
2024-07-16 11:18:00,CNR1266696413,Success,CID765283,Prime Sedan,Bellandur,Vijayanagar,63.0,30.0,Not Applicable,Not Applicable,No,Not Applicable,184,Cash,45,3.5,4.1
2024-07-17 21:24:00,CNR4806852208,Canceled by Customer,CID539241,Prime SUV,Indiranagar,Richmond Town,,,Driver asked to cancel,Not Applicable,Not Applicable,Not Applicable,650,Not Applicable,0,,
2024-07-17 17:46:00,CNR4466297040,Driver Not Found,CID157287,eBike,Ulsoor,Shantinagar,,,Not Applicable,Not Applicable,Not Applicable,Not Applicable,361,Not Applicable,0,,
2024-07-24 00:19:00,CNR6751037325,Canceled by Customer,CID347570,Prime SUV,Kammanahalli,Shivajinagar,,,Driver asked to cancel,Not Applicable,Not Applicable,Not Applicable,272,Not Applicable,0,,
2024-07-27 10:42:00,CNR6440244284,Success,CID507608,Prime SUV,Sahakar Nagar,JP Nagar,147.0,90.0,Not Applicable,Not Applicable,No,Not Applicable,299,UPI,9,4.1,4.5
2024-07-24 06:01:00,CNR2010524994,Success,CID767483,Auto,Rajajinagar,Indiranagar,294.0,50.0,Not Applicable,Not Applicable,No,Not Applicable,1441,UPI,19,4.3,4.3
2024-07-09 13:02:00,CNR4705924727,Driver Not Found,CID222333,Mini,BTM Layout,Ulsoor,,,Not Applicable,Not Applicable,Not Applicable,Not Applicable,2238,Not Applicable,0,,
2024-07-25 11:20:00,CNR5957290081,Success,CID126453,Prime Plus,Chamarajpet,Chamarajpet,35.0,75.0,Not Applicable,Not Applicable,No,Not Applicable,317,UPI,28,5.0,3.3
2024-07-30 15:49:00,CNR2320212529,Success,CID304233,Mini,Langford Town,Hulimavu,112.0,40.0,Not Applicable,Not Applicable,No,Not Applicable,722,Cash,3,3.5,4.1
2024-07-16 19:50:00,CNR5205125450,Success,CID538872,Mini,Shantinagar,Yeshwanthpur,35.0,135.0,Not Applicable,Not Applicable,No,Not Applicable,370,UPI,2,3.0,3.2
2024-07-05 23:08:00,CNR7531194626,Canceled by Driver,CID964369,Mini,Marathahalli,Hosur Road,,,Not Applicable,Personal & Car related issue,Not Applicable,Not Applicable,249,Not Applicable,0,,
2024-07-30 22:47:00,CNR7974771567,Driver Not Found,CID348068,eBike,Devanahalli,Yelahanka,,,Not Applicable,Not Applicable,Not Applicable,Not Applicable,152,Not Applicable,0,,
2024-07-20 04:36:00,CNR6683961309,Canceled by Customer,CID890571,Prime Sedan,Indiranagar,Bellandur,,,Driver is not moving towards pickup location,Not Applicable,Not Applicable,Not Applicable,262,Not Applicable,0,,
2024-07-25 04:03:00,CNR9718503746,Canceled by Driver,CID644126,Prime Plus,Jayanagar,Sarjapur Road,,,Not Applicable,Customer was coughing/sick,Not Applicable,Not Applicable,245,Not Applicable,0,,
2024-07-16 12:21:00,CNR9855895745,Driver Not Found,CID961903,Prime Plus,MG Road,Shantinagar,,,Not Applicable,Not Applicable,Not Applicable,Not Applicable,217,Not Applicable,0,,
2024-07-01 02:11:00,CNR6370210498,Success,CID607017,Bike,Hosur Road,Shivajinagar,301.0,105.0,Not Applicable,Not Applicable,Yes,Customer Demand,117,Debit Card,24,4.8,3.2
2024-07-13 19:18:00,CNR2705772894,Canceled by Driver,CID438436,eBike,Tumkur Road,Hennur,,,Not Applicable,Personal & Car related issue,Not Applicable,Not Applicable,209,Not Applicable,0,,
2024-07-10 15:23:00,CNR8464115309,Success,CID467397,Prime SUV,Mysore Road,Chamarajpet,35.0,65.0,Not Applicable,Not Applicable,No,Not Applicable,343,UPI,41,4.1,3.5
2024-07-16 06:37:00,CNR3856742692,Canceled by Driver,CID134156,Prime SUV,Indiranagar,Yelahanka,,,Not Applicable,Personal & Car related issue,Not Applicable,Not Applicable,858,Not Applicable,0,,
2024-07-01 02:27:00,CNR2811810980,Success,CID612810,Prime Sedan,Hosur Road,HSR Layout,259.0,145.0,Not Applicable,Not Applicable,No,Not Applicable,978,UPI,20,3.7,3.5
2024-07-03 16:45:00,CNR9153414599,Success,CID953250,eBike,Mysore Road,Banashankari,49.0,90.0,Not Applicable,Not Applicable,No,Not Applicable,788,Cash,1,4.7,3.4
2024-07-17 23:22:00,CNR9467633347,Success,CID531155,Prime SUV,Devanahalli,Devanahalli,175.0,25.0,Not Applicable,Not Applicable,No,Not Applicable,387,Cash,15,3.6,4.6
2024-07-13 07:37:00,CNR6329879011,Success,CID528785,Bike,Varthur,Chickpet,56.0,30.0,Not Applicable,Not Applicable,No,Not Applicable,388,UPI,44,4.6,3.5
2024-07-26 13:12:00,CNR7899582692,Success,CID578632,eBike,JP Nagar,Indiranagar,231.0,35.0,Not Applicable,Not Applicable,No,Not Applicable,645,UPI,12,4.2,4.8
2024-07-29 13:30:00,CNR2824646387,Success,CID120140,Prime Sedan,Rajajinagar,Jayanagar,42.0,60.0,Not Applicable,Not Applicable,No,Not Applicable,188,UPI,40,4.7,3.1
2024-07-26 06:20:00,CNR6442508213,Success,CID657138,eBike,RT Nagar,Nagarbhavi,196.0,50.0,Not Applicable,Not Applicable,No,Not Applicable,2829,UPI,17,3.5,4.8
2024-07-13 22:38:00,CNR4913202264,Canceled by Driver,CID198673,eBike,Banashankari,Devanahalli,,,Not Applicable,Personal & Car related issue,Not Applicable,Not Applicable,615,Not Applicable,0,,
2024-07-20 04:08:00,CNR5601386492,Success,CID148792,Prime SUV,Kadugodi,Padmanabhanagar,77.0,145.0,Not Applicable,Not Applicable,No,Not Applicable,163,Cash,32,3.3,4.7
2024-07-15 18:45:00,CNR7724031389,Success,CID253064,eBike,BTM Layout,Kengeri,266.0,75.0,Not Applicable,Not Applicable,No,Not Applicable,161,Cash,23,5.0,4.9
2024-07-27 13:50:00,CNR9469293792,Success,CID484826,Auto,Frazer Town,Yelahanka,91.0,35.0,Not Applicable,Not Applicable,No,Not Applicable,452,Cash,1,3.1,3.4
2024-07-19 01:22:00,CNR9873757191,Canceled by Driver,CID225093,Prime Sedan,Bannerghatta Road,Shivajinagar,,,Not Applicable,More than permitted people in there,Not Applicable,Not Applicable,937,Not Applicable,0,,
2024-07-16 20:27:00,CNR3064519626,Success,CID724306,Prime Plus,RT Nagar,Shivajinagar,63.0,145.0,Not Applicable,Not Applicable,No,Not Applicable,460,Cash,3,4.0,3.5
2024-07-08 13:57:00,CNR7356178155,Success,CID829951,Mini,Banashankari,Varthur,210.0,60.0,Not Applicable,Not Applicable,No,Not Applicable,432,Cash,48,3.5,4.2
2024-07-28 21:08:00,CNR8052368966,Driver Not Found,CID138910,eBike,Magadi Road,Hosur Road,,,Not Applicable,Not Applicable,Not Applicable,Not Applicable,942,Not Applicable,0,,
2024-07-02 11:09:00,CNR7582358284,Driver Not Found,CID154830,Bike,KR Puram,Vijayanagar,,,Not Applicable,Not Applicable,Not Applicable,Not Applicable,434,Not Applicable,0,,
2024-07-09 15:26:00,CNR2895270734,Driver Not Found,CID311543,Auto,Frazer Town,Bannerghatta Road,,,Not Applicable,Not Applicable,Not Applicable,Not Applicable,187,Not Applicable,0,,
2024-07-09 20:30:00,CNR4630553977,Success,CID288054,Mini,Hennur,Sarjapur Road,203.0,70.0,Not Applicable,Not Applicable,No,Not Applicable,2079,UPI,29,4.6,4.8
2024-07-10 03:18:00,CNR1933217801,Success,CID868863,Prime Plus,JP Nagar,Ulsoor,98.0,85.0,Not Applicable,Not Applicable,No,Not Applicable,195,Cash,36,4.5,4.8
2024-07-22 03:09:00,CNR8713182050,Canceled by Driver,CID884372,Prime Plus,Sahakar Nagar,Hosur Road,,,Not Applicable,Personal & Car related issue,Not Applicable,Not Applicable,437,Not Applicable,0,,
2024-07-10 06:47:00,CNR8639871448,Success,CID504832,Prime SUV,Electronic City,Frazer Town,287.0,45.0,Not Applicable,Not Applicable,No,Not Applicable,994,UPI,33,4.4,3.9
2024-07-29 11:46:00,CNR4574468855,Success,CID585545,Prime Sedan,Tumkur Road,Kammanahalli,105.0,60.0,Not Applicable,Not Applicable,No,Not Applicable,125,Cash,36,4.2,4.7
2024-07-02 09:22:00,CNR3977179297,Success,CID661921,Mini,Padmanabhanagar,Nagarbhavi,175.0,85.0,Not Applicable,Not Applicable,No,Not Applicable,999,UPI,10,4.7,3.2
2024-07-12 02:24:00,CNR2617054653,Success,CID187762,Auto,Shantinagar,Hennur,161.0,110.0,Not Applicable,Not Applicable,No,Not Applicable,128,Cash,17,3.6,3.5
2024-07-23 07:57:00,CNR6655511086,Canceled by Driver,CID665925,Prime Plus,Varthur,Chickpet,,,Not Applicable,Personal & Car related issue,Not Applicable,Not Applicable,196,Not Applicable,0,,
2024-07-03 23:48:00,CNR3048263050,Success,CID882591,Prime SUV,Malleshwaram,Malleshwaram,182.0,45.0,Not Applicable,Not Applicable,No,Not Applicable,394,Cash,17,3.1,4.7
2024-07-10 16:21:00,CNR2274899442,Driver Not Found,CID913241,Mini,Magadi Road,Malleshwaram,,,Not Applicable,Not Applicable,Not Applicable,Not Applicable,313,Not Applicable,0,,
2024-07-20 02:24:00,CNR5127603585,Canceled by Driver,CID902404,Prime Sedan,KR Puram,Hebbal,,,Not Applicable,Customer related issue,Not Applicable,Not Applicable,843,Not Applicable,0,,
2024-07-23 01:52:00,CNR6057254576,Canceled by Customer,CID981537,Prime Sedan,Magadi Road,Jayanagar,,,Driver asked to cancel,Not Applicable,Not Applicable,Not Applicable,357,Not Applicable,0,,
2024-07-21 12:03:00,CNR1559967873,Success,CID867845,Auto,Basavanagudi,Basavanagudi,147.0,90.0,Not Applicable,Not Applicable,No,Not Applicable,451,Cash,5,4.4,4.9
2024-07-23 17:30:00,CNR8896157615,Canceled by Customer,CID952181,Auto,Indiranagar,KR Puram,,,AC is Not working,Not Applicable,Not Applicable,Not Applicable,733,Not Applicable,0,,
2024-07-13 20:33:00,CNR3313438264,Success,CID723282,Prime SUV,Hosur Road,Nagarbhavi,217.0,95.0,Not Applicable,Not Applicable,No,Not Applicable,556,Cash,17,4.3,4.5
2024-07-27 23:27:00,CNR9821010328,Success,CID904284,eBike,Cox Town,Hulimavu,119.0,135.0,Not Applicable,Not Applicable,No,Not Applicable,272,UPI,26,3.4,4.4
2024-07-10 19:16:00,CNR4557650200,Success,CID102258,Prime Sedan,Banashankari,Frazer Town,203.0,30.0,Not Applicable,Not Applicable,No,Not Applicable,175,UPI,7,4.0,3.5
2024-07-28 18:33:00,CNR9504295972,Success,CID297625,Mini,Yeshwanthpur,Chamarajpet,42.0,145.0,Not Applicable,Not Applicable,No,Not Applicable,362,UPI,14,4.5,3.9
2024-07-28 07:25:00,CNR7302286675,Success,CID757637,Auto,Hulimavu,Ramamurthy Nagar,63.0,65.0,Not Applicable,Not Applicable,No,Not Applicable,952,UPI,18,3.3,4.7
2024-07-02 06:03:00,CNR4534711440,Success,CID383702,Mini,Indiranagar,Peenya,161.0,115.0,Not Applicable,Not Applicable,Yes,Customer Demand,255,Cash,46,3.3,3.1
2024-07-28 20:35:00,CNR3366207416,Success,CID538670,Mini,Magadi Road,JP Nagar,63.0,65.0,Not Applicable,Not Applicable,Yes,Other Issue,460,Cash,1,4.5,3.4
2024-07-08 07:37:00,CNR4682374291,Canceled by Customer,CID653785,Prime SUV,Ramamurthy Nagar,Sarjapur Road,,,AC is Not working,Not Applicable,Not Applicable,Not Applicable,739,Not Applicable,0,,
2024-07-18 12:58:00,CNR7391329715,Success,CID728132,Auto,KR Puram,Ulsoor,133.0,85.0,Not Applicable,Not Applicable,No,Not Applicable,381,Cash,3,4.4,4.8
2024-07-29 01:46:00,CNR4749199927,Success,CID305685,eBike,Frazer Town,Kadugodi,154.0,80.0,Not Applicable,Not Applicable,Yes,Customer Demand,178,UPI,14,3.8,5.0
2024-07-17 19:47:00,CNR9864340406,Canceled by Customer,CID960355,Prime SUV,Electronic City,Hulimavu,,,Change of plans,Not Applicable,Not Applicable,Not Applicable,303,Not Applicable,0,,
2024-07-04 03:22:00,CNR8173292045,Success,CID360958,Prime Plus,Ramamurthy Nagar,Whitefield,119.0,115.0,Not Applicable,Not Applicable,No,Not Applicable,439,UPI,17,3.1,4.0
2024-07-10 05:28:00,CNR5594773184,Canceled by Driver,CID924768,Bike,Whitefield,Bannerghatta Road,,,Not Applicable,Customer was coughing/sick,Not Applicable,Not Applicable,149,Not Applicable,0,,
2024-07-27 17:49:00,CNR6296081419,Canceled by Customer,CID209809,Prime Sedan,Hennur,Varthur,,,Driver is not moving towards pickup location,Not Applicable,Not Applicable,Not Applicable,265,Not Applicable,0,,
2024-07-03 01:15:00,CNR5751145021,Success,CID728736,Prime SUV,Bannerghatta Road,Frazer Town,98.0,110.0,Not Applicable,Not Applicable,No,Not Applicable,439,UPI,23,3.7,4.6
2024-07-23 15:03:00,CNR8951445020,Canceled by Driver,CID893716,eBike,Chamarajpet,Majestic,,,Not Applicable,Customer related issue,Not Applicable,Not Applicable,372,Not Applicable,0,,
2024-07-06 11:38:00,CNR6687236986,Success,CID148521,eBike,Kadugodi,Yeshwanthpur,231.0,95.0,Not Applicable,Not Applicable,No,Not Applicable,259,UPI,34,4.1,3.4
2024-07-29 11:03:00,CNR6150531271,Canceled by Driver,CID890094,Prime SUV,Rajajinagar,Indiranagar,,,Not Applicable,Personal & Car related issue,Not Applicable,Not Applicable,166,Not Applicable,0,,
2024-07-15 19:06:00,CNR9820831497,Canceled by Customer,CID452367,Mini,Mysore Road,Bannerghatta Road,,,Driver asked to cancel,Not Applicable,Not Applicable,Not Applicable,228,Not Applicable,0,,
2024-07-20 23:51:00,CNR6435350180,Success,CID518979,Bike,Richmond Town,Tumkur Road,308.0,85.0,Not Applicable,Not Applicable,No,Not Applicable,429,UPI,8,4.0,4.9
2024-07-25 15:51:00,CNR9264473238,Success,CID694283,Prime SUV,BTM Layout,Yelahanka,217.0,75.0,Not Applicable,Not Applicable,No,Not Applicable,950,Cash,9,4.7,3.9
2024-07-22 12:31:00,CNR9061132620,Success,CID496032,Auto,BTM Layout,Marathahalli,308.0,115.0,Not Applicable,Not Applicable,No,Not Applicable,908,Cash,12,3.4,4.4
2024-07-21 04:49:00,CNR7353509452,Driver Not Found,CID201812,Bike,Sahakar Nagar,Banashankari,,,Not Applicable,Not Applicable,Not Applicable,Not Applicable,106,Not Applicable,0,,
2024-07-02 05:09:00,CNR4803633199,Success,CID656133,Bike,Shantinagar,Kadugodi,35.0,135.0,Not Applicable,Not Applicable,No,Not Applicable,2118,Cash,2,3.7,4.9
2024-07-30 21:11:00,CNR6780039404,Success,CID957013,Prime SUV,Cox Town,Majestic,105.0,40.0,Not Applicable,Not Applicable,No,Not Applicable,268,UPI,2,3.5,4.9
2024-07-01 04:43:00,CNR7538267382,Success,CID524174,Prime Plus,JP Nagar,Yelahanka,280.0,145.0,Not Applicable,Not Applicable,No,Not Applicable,171,UPI,7,3.9,4.6
2024-07-13 08:01:00,CNR2667819875,Success,CID703946,Prime Sedan,Tumkur Road,Banashankari,182.0,140.0,Not Applicable,Not Applicable,No,Not Applicable,186,UPI,24,3.6,3.9
2024-07-26 13:09:00,CNR6552598928,Canceled by Driver,CID971376,Bike,Indiranagar,Hennur,,,Not Applicable,Customer was coughing/sick,Not Applicable,Not Applicable,968,Not Applicable,0,,
2024-07-04 07:51:00,CNR4629472146,Success,CID521688,Prime Sedan,Yeshwanthpur,Magadi Road,294.0,120.0,Not Applicable,Not Applicable,No,Not Applicable,851,Credit Card,29,3.4,3.1
2024-07-21 00:58:00,CNR7359641682,Driver Not Found,CID420533,eBike,Tumkur Road,RT Nagar,,,Not Applicable,Not Applicable,Not Applicable,Not Applicable,365,Not Applicable,0,,
2024-07-14 19:14:00,CNR5292519169,Success,CID679108,Prime SUV,HSR Layout,Electronic City,154.0,55.0,Not Applicable,Not Applicable,No,Not Applicable,353,UPI,21,4.7,4.7
2024-07-25 19:45:00,CNR3262578309,Success,CID326082,Mini,Shantinagar,Koramangala,301.0,110.0,Not Applicable,Not Applicable,No,Not Applicable,346,UPI,10,4.7,3.3
2024-07-30 11:20:00,CNR5286558097,Driver Not Found,CID669324,eBike,HSR Layout,Kadugodi,,,Not Applicable,Not Applicable,Not Applicable,Not Applicable,195,Not Applicable,0,,
2024-07-21 09:21:00,CNR7710203748,Success,CID873805,eBike,JP Nagar,Electronic City,56.0,30.0,Not Applicable,Not Applicable,No,Not Applicable,229,Cash,30,4.4,3.8
2024-07-17 18:32:00,CNR4983891654,Canceled by Customer,CID354057,Mini,Bannerghatta Road,Kammanahalli,,,Driver asked to cancel,Not Applicable,Not Applicable,Not Applicable,190,Not Applicable,0,,
2024-07-06 08:23:00,CNR2866658192,Success,CID573669,Auto,Devanahalli,Ulsoor,217.0,130.0,Not Applicable,Not Applicable,No,Not Applicable,458,UPI,14,3.5,4.8
2024-07-12 15:11:00,CNR2710210083,Success,CID744798,eBike,Basavanagudi,Nagarbhavi,203.0,30.0,Not Applicable,Not Applicable,No,Not Applicable,415,UPI,30,3.1,4.9
2024-07-20 01:43:00,CNR2828486385,Canceled by Customer,CID275895,eBike,Vijayanagar,Ramamurthy Nagar,,,AC is Not working,Not Applicable,Not Applicable,Not Applicable,382,Not Applicable,0,,
2024-07-09 11:02:00,CNR5403870238,Success,CID867146,Bike,Hennur,HSR Layout,294.0,140.0,Not Applicable,Not Applicable,No,Not Applicable,212,UPI,15,3.8,3.0
2024-07-05 10:59:00,CNR6316285941,Success,CID157122,eBike,Frazer Town,Magadi Road,42.0,70.0,Not Applicable,Not Applicable,No,Not Applicable,119,UPI,3,4.5,4.3
2024-07-17 14:52:00,CNR9467409376,Success,CID299483,Prime Sedan,HSR Layout,Peenya,294.0,125.0,Not Applicable,Not Applicable,No,Not Applicable,483,Credit Card,18,3.2,3.6
2024-07-11 03:40:00,CNR6651846284,Success,CID108828,Prime SUV,Shivajinagar,Bellandur,224.0,105.0,Not Applicable,Not Applicable,No,Not Applicable,365,UPI,38,3.7,3.5
2024-07-01 11:06:00,CNR3519263999,Success,CID952303,Prime Sedan,KR Puram,Rajajinagar,70.0,50.0,Not Applicable,Not Applicable,No,Not Applicable,416,Cash,20,4.8,3.3
2024-07-17 20:25:00,CNR2285217462,Canceled by Customer,CID908955,Bike,Sahakar Nagar,Peenya,,,Change of plans,Not Applicable,Not Applicable,Not Applicable,378,Not Applicable,0,,
2024-07-18 17:33:00,CNR1194156355,Driver Not Found,CID495376,Prime Plus,Yeshwanthpur,Basavanagudi,,,Not Applicable,Not Applicable,Not Applicable,Not Applicable,916,Not Applicable,0,,
2024-07-11 01:37:00,CNR8904670785,Success,CID159543,Mini,Banashankari,Cox Town,168.0,130.0,Not Applicable,Not Applicable,No,Not Applicable,101,Cash,47,3.9,4.6
2024-07-25 00:30:00,CNR8303098524,Success,CID767516,Prime Sedan,Padmanabhanagar,Shivajinagar,133.0,130.0,Not Applicable,Not Applicable,No,Not Applicable,686,Cash,31,3.3,4.5
2024-07-13 13:33:00,CNR5654057486,Success,CID804242,Auto,Rajajinagar,Malleshwaram,105.0,90.0,Not Applicable,Not Applicable,No,Not Applicable,2611,UPI,12,3.1,3.4
2024-07-29 10:15:00,CNR7868576737,Success,CID912978,eBike,Langford Town,Indiranagar,266.0,40.0,Not Applicable,Not Applicable,No,Not Applicable,496,UPI,4,4.1,3.9
2024-07-21 09:28:00,CNR5158612891,Success,CID377833,Mini,Kengeri,Tumkur Road,140.0,85.0,Not Applicable,Not Applicable,No,Not Applicable,831,UPI,35,3.3,4.3
2024-07-04 02:12:00,CNR1444436501,Success,CID785222,Prime Plus,Vijayanagar,Shivajinagar,91.0,130.0,Not Applicable,Not Applicable,No,Not Applicable,217,Cash,21,4.5,3.9
2024-07-19 05:47:00,CNR1421952345,Success,CID320308,Prime Plus,Jayanagar,Marathahalli,259.0,35.0,Not Applicable,Not Applicable,No,Not Applicable,513,UPI,28,3.1,3.4
2024-07-13 07:53:00,CNR6992290756,Success,CID797163,Bike,Whitefield,Magadi Road,63.0,130.0,Not Applicable,Not Applicable,No,Not Applicable,429,Cash,17,3.9,3.2
2024-07-29 13:07:00,CNR4248645023,Success,CID317643,eBike,Cox Town,Sarjapur Road,63.0,115.0,Not Applicable,Not Applicable,No,Not Applicable,196,Cash,26,4.0,4.2
2024-07-03 12:20:00,CNR8623705289,Canceled by Driver,CID600665,eBike,Cox Town,Ramamurthy Nagar,,,Not Applicable,More than permitted people in there,Not Applicable,Not Applicable,298,Not Applicable,0,,
2024-07-26 04:54:00,CNR4831665369,Success,CID613480,Prime Plus,Frazer Town,Shivajinagar,105.0,25.0,Not Applicable,Not Applicable,No,Not Applicable,1994,Cash,42,3.6,4.0
2024-07-22 09:39:00,CNR6976996127,Canceled by Customer,CID130690,Auto,Hosur Road,Hosur Road,,,Change of plans,Not Applicable,Not Applicable,Not Applicable,484,Not Applicable,0,,
2024-07-26 01:38:00,CNR5444509779,Driver Not Found,CID826827,Prime Plus,BTM Layout,Electronic City,,,Not Applicable,Not Applicable,Not Applicable,Not Applicable,717,Not Applicable,0,,
2024-07-03 23:35:00,CNR8255483944,Success,CID628701,Prime Sedan,Whitefield,Yelahanka,91.0,105.0,Not Applicable,Not Applicable,No,Not Applicable,245,UPI,22,3.4,3.3
2024-07-12 14:58:00,CNR6243419073,Canceled by Customer,CID491912,Auto,HSR Layout,Mysore Road,,,Driver is not moving towards pickup location,Not Applicable,Not Applicable,Not Applicable,841,Not Applicable,0,,
2024-07-20 05:21:00,CNR8447624067,Canceled by Driver,CID661180,Prime Plus,Majestic,Basavanagudi,,,Not Applicable,Customer was coughing/sick,Not Applicable,Not Applicable,315,Not Applicable,0,,
2024-07-22 17:19:00,CNR9826024907,Canceled by Customer,CID337046,Mini,Mysore Road,Nagarbhavi,,,Change of plans,Not Applicable,Not Applicable,Not Applicable,136,Not Applicable,0,,
2024-07-04 12:34:00,CNR7039408834,Canceled by Customer,CID934862,eBike,Rajajinagar,RT Nagar,,,Change of plans,Not Applicable,Not Applicable,Not Applicable,250,Not Applicable,0,,
2024-07-21 06:55:00,CNR9738628005,Success,CID442429,Prime Plus,Marathahalli,Frazer Town,287.0,130.0,Not Applicable,Not Applicable,No,Not Applicable,182,UPI,9,3.2,4.5
2024-07-29 23:44:00,CNR3823893307,Canceled by Driver,CID609990,Prime Sedan,Kengeri,Magadi Road,,,Not Applicable,Customer related issue,Not Applicable,Not Applicable,959,Not Applicable,0,,
2024-07-07 13:23:00,CNR4322990023,Success,CID437526,Bike,Bannerghatta Road,JP Nagar,161.0,40.0,Not Applicable,Not Applicable,No,Not Applicable,610,UPI,29,3.0,4.2
2024-07-24 06:18:00,CNR2965662959,Success,CID168149,Auto,Jayanagar,Mysore Road,259.0,135.0,Not Applicable,Not Applicable,No,Not Applicable,1858,UPI,5,4.2,4.4
2024-07-13 17:42:00,CNR5575838230,Success,CID538303,Auto,Sahakar Nagar,Peenya,70.0,135.0,Not Applicable,Not Applicable,No,Not Applicable,1569,UPI,2,4.8,4.8
2024-07-05 06:28:00,CNR6911194900,Success,CID609288,Bike,Nagarbhavi,Whitefield,259.0,120.0,Not Applicable,Not Applicable,No,Not Applicable,1662,Cash,19,3.4,4.2
2024-07-15 22:16:00,CNR8361920592,Canceled by Customer,CID108993,Prime Plus,Rajajinagar,KR Puram,,,Driver is not moving towards pickup location,Not Applicable,Not Applicable,Not Applicable,594,Not Applicable,0,,
2024-07-06 07:45:00,CNR5892181067,Success,CID180785,Prime SUV,Sahakar Nagar,Frazer Town,294.0,40.0,Not Applicable,Not Applicable,No,Not Applicable,1358,Debit Card,43,3.5,4.6
2024-07-24 10:00:00,CNR4290022252,Success,CID568557,Auto,Rajarajeshwari Nagar,Jayanagar,77.0,40.0,Not Applicable,Not Applicable,No,Not Applicable,2218,Cash,19,4.2,4.9
2024-07-21 04:28:00,CNR9994444461,Success,CID160888,eBike,JP Nagar,Yelahanka,273.0,140.0,Not Applicable,Not Applicable,No,Not Applicable,171,Cash,23,3.3,4.7
2024-07-28 08:05:00,CNR6043370098,Success,CID495148,Prime Plus,Ramamurthy Nagar,Frazer Town,133.0,110.0,Not Applicable,Not Applicable,No,Not Applicable,114,UPI,21,3.8,4.2
2024-07-22 23:08:00,CNR6867457372,Success,CID275673,eBike,Kengeri,Vijayanagar,189.0,125.0,Not Applicable,Not Applicable,No,Not Applicable,573,Cash,43,3.6,4.5
2024-07-08 07:57:00,CNR4301771342,Canceled by Driver,CID642894,Prime Sedan,Marathahalli,BTM Layout,,,Not Applicable,Personal & Car related issue,Not Applicable,Not Applicable,159,Not Applicable,0,,
2024-07-11 09:35:00,CNR8779244865,Success,CID291589,Prime Sedan,Koramangala,Chickpet,224.0,40.0,Not Applicable,Not Applicable,No,Not Applicable,205,UPI,9,3.3,4.6
2024-07-25 04:18:00,CNR3458566467,Canceled by Driver,CID987701,Prime Sedan,Indiranagar,Kengeri,,,Not Applicable,More than permitted people in there,Not Applicable,Not Applicable,993,Not Applicable,0,,
2024-07-22 12:49:00,CNR3003512605,Success,CID591870,eBike,Yelahanka,Shivajinagar,105.0,95.0,Not Applicable,Not Applicable,No,Not Applicable,386,Cash,23,4.0,4.1
2024-07-21 01:02:00,CNR2374199711,Canceled by Customer,CID541358,Auto,Peenya,Marathahalli,,,Driver asked to cancel,Not Applicable,Not Applicable,Not Applicable,267,Not Applicable,0,,
2024-07-15 10:16:00,CNR7308519455,Success,CID473405,Bike,Hebbal,Whitefield,280.0,30.0,Not Applicable,Not Applicable,No,Not Applicable,307,UPI,44,4.1,3.1
2024-07-15 20:29:00,CNR5842368970,Success,CID733010,eBike,Hennur,Padmanabhanagar,70.0,30.0,Not Applicable,Not Applicable,Yes,Other Issue,837,UPI,44,3.3,3.3
2024-07-22 11:48:00,CNR4020510037,Success,CID569979,Prime SUV,RT Nagar,Frazer Town,308.0,55.0,Not Applicable,Not Applicable,Yes,Customer Demand,1427,Cash,10,4.2,4.0
2024-07-18 05:58:00,CNR8539844227,Canceled by Driver,CID500519,eBike,MG Road,Peenya,,,Not Applicable,Personal & Car related issue,Not Applicable,Not Applicable,158,Not Applicable,0,,
2024-07-20 14:14:00,CNR6375576404,Success,CID117663,Bike,Cox Town,Tumkur Road,161.0,120.0,Not Applicable,Not Applicable,No,Not Applicable,321,UPI,25,3.8,4.5
2024-07-07 02:45:00,CNR6733259097,Canceled by Driver,CID800537,Bike,Hulimavu,Mysore Road,,,Not Applicable,Customer related issue,Not Applicable,Not Applicable,356,Not Applicable,0,,
2024-07-29 19:57:00,CNR4354657884,Success,CID430586,Prime Sedan,Chickpet,Tumkur Road,154.0,65.0,Not Applicable,Not Applicable,No,Not Applicable,179,UPI,30,3.3,3.8
2024-07-04 04:11:00,CNR4772547565,Success,CID272765,Prime Plus,Devanahalli,Vijayanagar,266.0,120.0,Not Applicable,Not Applicable,No,Not Applicable,244,UPI,24,3.8,3.4
2024-07-30 12:38:00,CNR8064787313,Success,CID654977,Prime Sedan,Yelahanka,Peenya,266.0,70.0,Not Applicable,Not Applicable,No,Not Applicable,434,UPI,25,4.9,3.6
2024-07-07 21:20:00,CNR6160256681,Success,CID687931,Auto,Devanahalli,Chickpet,294.0,75.0,Not Applicable,Not Applicable,No,Not Applicable,127,UPI,14,3.4,3.8
2024-07-27 06:16:00,CNR2017068575,Success,CID659606,Prime Plus,Kengeri,Mysore Road,301.0,145.0,Not Applicable,Not Applicable,No,Not Applicable,145,Cash,14,3.6,4.2
2024-07-24 04:04:00,CNR5738810482,Success,CID738752,Auto,Magadi Road,Jayanagar,147.0,120.0,Not Applicable,Not Applicable,No,Not Applicable,400,Cash,2,3.8,3.4
2024-07-15 08:00:00,CNR5870264015,Canceled by Driver,CID584880,eBike,Langford Town,Koramangala,,,Not Applicable,Customer related issue,Not Applicable,Not Applicable,447,Not Applicable,0,,
2024-07-23 23:36:00,CNR5491382308,Success,CID156471,eBike,HSR Layout,Hosur Road,56.0,140.0,Not Applicable,Not Applicable,No,Not Applicable,151,Cash,15,3.0,4.1
2024-07-18 06:37:00,CNR6462903831,Success,CID882945,Prime Sedan,Nagarbhavi,Nagarbhavi,287.0,65.0,Not Applicable,Not Applicable,No,Not Applicable,599,UPI,35,3.3,3.6
2024-07-10 17:06:00,CNR1587851288,Canceled by Driver,CID471985,Prime SUV,Shantinagar,Rajajinagar,,,Not Applicable,Personal & Car related issue,Not Applicable,Not Applicable,613,Not Applicable,0,,
2024-07-02 17:40:00,CNR7980260560,Canceled by Driver,CID964553,Prime Plus,Frazer Town,Devanahalli,,,Not Applicable,Personal & Car related issue,Not Applicable,Not Applicable,841,Not Applicable,0,,
2024-07-07 13:50:00,CNR8003345140,Canceled by Customer,CID828195,Prime Plus,Hennur,Richmond Town,,,Wrong Address,Not Applicable,Not Applicable,Not Applicable,289,Not Applicable,0,,
2024-07-12 10:47:00,CNR8887021650,Canceled by Driver,CID402900,Prime Plus,Sahakar Nagar,Kammanahalli,,,Not Applicable,Customer related issue,Not Applicable,Not Applicable,176,Not Applicable,0,,
2024-07-29 23:26:00,CNR9635811866,Success,CID821368,Prime Plus,Tumkur Road,Bannerghatta Road,189.0,100.0,Not Applicable,Not Applicable,No,Not Applicable,400,UPI,11,3.7,4.6
2024-07-03 20:30:00,CNR1348806808,Success,CID501643,Auto,Hebbal,Majestic,301.0,105.0,Not Applicable,Not Applicable,No,Not Applicable,271,Credit Card,12,3.6,3.6
2024-07-14 07:31:00,CNR2770323335,Driver Not Found,CID734484,Auto,Hosur Road,Magadi Road,,,Not Applicable,Not Applicable,Not Applicable,Not Applicable,412,Not Applicable,0,,
2024-07-08 06:20:00,CNR2088036801,Success,CID298480,Prime Sedan,Shantinagar,Langford Town,126.0,100.0,Not Applicable,Not Applicable,No,Not Applicable,278,Cash,40,3.3,3.1
2024-07-16 22:16:00,CNR2943011505,Success,CID942535,eBike,Yeshwanthpur,Chamarajpet,175.0,45.0,Not Applicable,Not Applicable,No,Not Applicable,789,UPI,13,4.0,3.4
2024-07-05 14:20:00,CNR6588159406,Success,CID366479,Prime Plus,Chickpet,Cox Town,203.0,135.0,Not Applicable,Not Applicable,No,Not Applicable,250,Cash,12,4.8,4.1
2024-07-25 22:53:00,CNR6929990772,Canceled by Driver,CID615905,Prime Plus,Chamarajpet,Yelahanka,,,Not Applicable,Customer related issue,Not Applicable,Not Applicable,376,Not Applicable,0,,
2024-07-14 20:37:00,CNR8001826837,Success,CID565901,Prime SUV,Chamarajpet,Frazer Town,308.0,140.0,Not Applicable,Not Applicable,No,Not Applicable,733,UPI,4,4.8,3.4
2024-07-02 09:55:00,CNR6456530287,Success,CID357000,Prime SUV,Sarjapur Road,Yeshwanthpur,119.0,135.0,Not Applicable,Not Applicable,No,Not Applicable,185,Credit Card,29,3.6,4.8
2024-07-30 23:06:00,CNR9632249559,Success,CID663443,Auto,Majestic,Bellandur,294.0,145.0,Not Applicable,Not Applicable,Yes,Vehicle Breakdown,832,UPI,13,3.8,3.5
2024-07-21 05:06:00,CNR4760456262,Success,CID318244,eBike,Malleshwaram,Chamarajpet,42.0,125.0,Not Applicable,Not Applicable,No,Not Applicable,973,UPI,2,4.9,3.7
2024-07-08 01:31:00,CNR3865321375,Success,CID185274,Bike,Sarjapur Road,Kengeri,91.0,85.0,Not Applicable,Not Applicable,No,Not Applicable,966,UPI,34,3.5,3.1
2024-07-09 08:33:00,CNR9360886387,Canceled by Driver,CID120516,Prime Plus,Yelahanka,Kadugodi,,,Not Applicable,Customer related issue,Not Applicable,Not Applicable,740,Not Applicable,0,,
2024-07-16 08:59:00,CNR3590303385,Success,CID611881,Prime Sedan,Padmanabhanagar,Nagarbhavi,252.0,40.0,Not Applicable,Not Applicable,No,Not Applicable,219,UPI,31,4.8,4.0
2024-07-30 01:03:00,CNR8024738927,Success,CID786762,eBike,Chickpet,Padmanabhanagar,98.0,140.0,Not Applicable,Not Applicable,No,Not Applicable,438,UPI,2,4.9,4.1
2024-07-25 22:16:00,CNR9382474093,Canceled by Driver,CID737069,Auto,Sarjapur Road,Kadugodi,,,Not Applicable,Customer related issue,Not Applicable,Not Applicable,971,Not Applicable,0,,
2024-07-08 03:50:00,CNR2781517478,Success,CID624349,Auto,Chickpet,Ramamurthy Nagar,49.0,85.0,Not Applicable,Not Applicable,No,Not Applicable,939,Cash,10,4.2,4.5
2024-07-21 10:17:00,CNR4625047079,Success,CID620267,Prime Sedan,Yeshwanthpur,Banashankari,196.0,110.0,Not Applicable,Not Applicable,No,Not Applicable,1313,UPI,46,4.1,4.7
2024-07-19 19:45:00,CNR1203729558,Success,CID389407,Bike,Majestic,Marathahalli,196.0,75.0,Not Applicable,Not Applicable,No,Not Applicable,904,Cash,47,3.9,3.9
2024-07-16 18:31:00,CNR3226160772,Success,CID619873,Prime SUV,Sahakar Nagar,Bannerghatta Road,231.0,50.0,Not Applicable,Not Applicable,Yes,Vehicle Breakdown,248,Cash,2,3.7,3.6
2024-07-07 22:25:00,CNR8333532800,Success,CID324663,Auto,Shivajinagar,Richmond Town,63.0,60.0,Not Applicable,Not Applicable,No,Not Applicable,168,Cash,17,3.9,4.0
2024-07-09 00:33:00,CNR5992773371,Success,CID887315,Auto,JP Nagar,Devanahalli,91.0,145.0,Not Applicable,Not Applicable,No,Not Applicable,378,Cash,12,4.9,4.1
2024-07-03 12:53:00,CNR2253860969,Canceled by Customer,CID137209,Prime Plus,Richmond Town,Sahakar Nagar,,,Driver asked to cancel,Not Applicable,Not Applicable,Not Applicable,837,Not Applicable,0,,
2024-07-05 00:17:00,CNR5900733603,Success,CID324336,Prime SUV,Whitefield,Peenya,119.0,55.0,Not Applicable,Not Applicable,No,Not Applicable,1664,UPI,26,4.5,4.8
2024-07-21 04:19:00,CNR3164850186,Success,CID586555,Auto,Magadi Road,Whitefield,196.0,70.0,Not Applicable,Not Applicable,No,Not Applicable,291,UPI,18,4.3,3.8
2024-07-11 17:07:00,CNR1442366548,Success,CID695616,Prime Plus,KR Puram,Kadugodi,56.0,30.0,Not Applicable,Not Applicable,No,Not Applicable,465,UPI,32,4.0,3.3
2024-07-21 08:05:00,CNR9916946053,Success,CID421050,Prime Plus,Ramamurthy Nagar,Mysore Road,259.0,110.0,Not Applicable,Not Applicable,No,Not Applicable,376,Credit Card,4,4.0,4.6
2024-07-12 18:11:00,CNR3851476309,Success,CID393627,Prime Plus,BTM Layout,Shantinagar,168.0,110.0,Not Applicable,Not Applicable,No,Not Applicable,383,Cash,10,3.4,3.4
2024-07-05 02:19:00,CNR7596100316,Success,CID681544,Prime Sedan,BTM Layout,Richmond Town,161.0,100.0,Not Applicable,Not Applicable,No,Not Applicable,426,UPI,15,3.1,3.2
2024-07-08 14:35:00,CNR3737371266,Success,CID129937,Prime Sedan,Whitefield,Chamarajpet,203.0,45.0,Not Applicable,Not Applicable,No,Not Applicable,2174,Cash,41,5.0,3.8
2024-07-18 17:33:00,CNR6474728673,Success,CID646433,Bike,Kammanahalli,Cox Town,294.0,140.0,Not Applicable,Not Applicable,No,Not Applicable,150,Cash,25,3.8,4.0
2024-07-01 12:14:00,CNR3450257050,Success,CID291679,Prime SUV,Richmond Town,Jayanagar,273.0,60.0,Not Applicable,Not Applicable,No,Not Applicable,597,UPI,45,4.8,4.8
2024-07-12 17:17:00,CNR3115942824,Success,CID696655,Prime Sedan,Kammanahalli,KR Puram,35.0,100.0,Not Applicable,Not Applicable,No,Not Applicable,366,Cash,36,3.2,3.2
2024-07-20 14:33:00,CNR1699298698,Success,CID787516,Mini,Hulimavu,Yeshwanthpur,84.0,40.0,Not Applicable,Not Applicable,No,Not Applicable,240,UPI,14,4.5,3.6
2024-07-30 05:26:00,CNR6628655608,Canceled by Driver,CID185565,Prime Plus,Cox Town,Varthur,,,Not Applicable,Personal & Car related issue,Not Applicable,Not Applicable,493,Not Applicable,0,,
2024-07-09 06:56:00,CNR4674606051,Canceled by Customer,CID277189,Mini,Shivajinagar,Langford Town,,,Driver is not moving towards pickup location,Not Applicable,Not Applicable,Not Applicable,427,Not Applicable,0,,
2024-07-29 03:22:00,CNR2269673403,Success,CID855806,Auto,Yeshwanthpur,Hulimavu,189.0,135.0,Not Applicable,Not Applicable,No,Not Applicable,867,UPI,12,4.8,3.3
2024-07-26 00:25:00,CNR5862836601,Success,CID625624,Prime SUV,Electronic City,Bellandur,91.0,120.0,Not Applicable,Not Applicable,No,Not Applicable,388,UPI,44,4.7,3.2
2024-07-16 17:06:00,CNR3941149826,Canceled by Driver,CID726907,eBike,Vijayanagar,Koramangala,,,Not Applicable,Customer related issue,Not Applicable,Not Applicable,389,Not Applicable,0,,
2024-07-28 08:18:00,CNR9860733364,Success,CID731061,Prime Plus,Peenya,Shantinagar,238.0,130.0,Not Applicable,Not Applicable,Yes,Vehicle Breakdown,429,Cash,32,3.9,4.1
2024-07-15 15:19:00,CNR8207516800,Canceled by Driver,CID447494,Prime Plus,Langford Town,Padmanabhanagar,,,Not Applicable,Customer related issue,Not Applicable,Not Applicable,292,Not Applicable,0,,
2024-07-27 08:55:00,CNR8844409078,Canceled by Driver,CID621020,Prime Plus,Cox Town,Banashankari,,,Not Applicable,Customer was coughing/sick,Not Applicable,Not Applicable,524,Not Applicable,0,,
2024-07-01 11:34:00,CNR9309320962,Success,CID612170,Mini,Padmanabhanagar,Hosur Road,259.0,100.0,Not Applicable,Not Applicable,Yes,Vehicle Breakdown,439,UPI,28,3.7,4.3
2024-07-06 15:30:00,CNR3571807479,Success,CID604113,Prime Sedan,Ulsoor,Malleshwaram,70.0,120.0,Not Applicable,Not Applicable,No,Not Applicable,166,UPI,45,3.4,4.9
2024-07-16 17:29:00,CNR1081243776,Success,CID569621,Prime Sedan,Sahakar Nagar,BTM Layout,231.0,115.0,Not Applicable,Not Applicable,No,Not Applicable,1504,Cash,12,4.4,4.9
2024-07-12 14:04:00,CNR8063031779,Driver Not Found,CID842847,Auto,Chamarajpet,JP Nagar,,,Not Applicable,Not Applicable,Not Applicable,Not Applicable,142,Not Applicable,0,,
2024-07-01 01:25:00,CNR8153235270,Canceled by Driver,CID920848,Prime Plus,Tumkur Road,Sarjapur Road,,,Not Applicable,Customer was coughing/sick,Not Applicable,Not Applicable,388,Not Applicable,0,,
2024-07-07 18:20:00,CNR3047876372,Canceled by Driver,CID191504,Bike,Indiranagar,Sarjapur Road,,,Not Applicable,Customer related issue,Not Applicable,Not Applicable,344,Not Applicable,0,,
2024-07-22 17:17:00,CNR9423689760,Driver Not Found,CID390791,Prime Sedan,HSR Layout,Indiranagar,,,Not Applicable,Not Applicable,Not Applicable,Not Applicable,910,Not Applicable,0,,
2024-07-09 13:24:00,CNR5374343095,Driver Not Found,CID516186,Prime Plus,Hosur Road,RT Nagar,,,Not Applicable,Not Applicable,Not Applicable,Not Applicable,450,Not Applicable,0,,
2024-07-07 09:42:00,CNR1515558944,Success,CID818047,Bike,Yeshwanthpur,Yeshwanthpur,161.0,90.0,Not Applicable,Not Applicable,No,Not Applicable,324,Cash,29,3.1,4.0
2024-07-08 16:34:00,CNR9755776505,Canceled by Driver,CID798471,Prime Plus,Hennur,HSR Layout,,,Not Applicable,More than permitted people in there,Not Applicable,Not Applicable,171,Not Applicable,0,,
2024-07-03 07:10:00,CNR5372929213,Canceled by Driver,CID492507,Prime Plus,Varthur,Bellandur,,,Not Applicable,More than permitted people in there,Not Applicable,Not Applicable,230,Not Applicable,0,,
2024-07-20 15:20:00,CNR2520583949,Success,CID404822,Auto,Devanahalli,Padmanabhanagar,273.0,50.0,Not Applicable,Not Applicable,No,Not Applicable,1229,Cash,19,4.8,4.7
2024-07-19 11:57:00,CNR4448997906,Canceled by Driver,CID395867,eBike,Yeshwanthpur,Peenya,,,Not Applicable,Personal & Car related issue,Not Applicable,Not Applicable,246,Not Applicable,0,,
2024-07-09 07:15:00,CNR9744681668,Success,CID461124,eBike,Marathahalli,Ramamurthy Nagar,245.0,55.0,Not Applicable,Not Applicable,No,Not Applicable,297,UPI,7,3.8,3.8
2024-07-08 14:58:00,CNR1923412428,Success,CID493673,Mini,Hosur Road,Peenya,210.0,50.0,Not Applicable,Not Applicable,No,Not Applicable,983,Cash,35,4.8,3.6
2024-07-20 15:25:00,CNR8442357495,Success,CID662529,Prime SUV,Ulsoor,Bannerghatta Road,189.0,45.0,Not Applicable,Not Applicable,No,Not Applicable,790,Cash,13,3.7,5.0
2024-07-22 17:20:00,CNR8198564388,Success,CID877500,Prime Plus,Majestic,Kengeri,273.0,90.0,Not Applicable,Not Applicable,No,Not Applicable,323,UPI,5,4.0,3.2
2024-07-07 05:27:00,CNR3803016014,Success,CID849083,eBike,Basavanagudi,Frazer Town,56.0,140.0,Not Applicable,Not Applicable,No,Not Applicable,319,Cash,16,3.5,3.0
2024-07-26 20:31:00,CNR6322817356,Success,CID785366,Prime Plus,Basavanagudi,JP Nagar,119.0,130.0,Not Applicable,Not Applicable,No,Not Applicable,208,UPI,35,4.0,3.9
2024-07-18 02:53:00,CNR8307453188,Driver Not Found,CID266917,Auto,Ramamurthy Nagar,Rajarajeshwari Nagar,,,Not Applicable,Not Applicable,Not Applicable,Not Applicable,399,Not Applicable,0,,
2024-07-08 20:58:00,CNR4923909726,Driver Not Found,CID613147,Prime SUV,Jayanagar,Cox Town,,,Not Applicable,Not Applicable,Not Applicable,Not Applicable,334,Not Applicable,0,,
2024-07-01 04:35:00,CNR3637755749,Driver Not Found,CID211188,Prime SUV,Jayanagar,MG Road,,,Not Applicable,Not Applicable,Not Applicable,Not Applicable,1594,Not Applicable,0,,
2024-07-24 23:04:00,CNR3904607028,Success,CID478699,Prime SUV,BTM Layout,Bannerghatta Road,217.0,80.0,Not Applicable,Not Applicable,No,Not Applicable,124,Cash,45,4.7,4.8
2024-07-15 18:38:00,CNR3316905513,Success,CID579514,Prime SUV,Koramangala,Chickpet,154.0,120.0,Not Applicable,Not Applicable,No,Not Applicable,247,UPI,23,4.2,3.2
2024-07-19 06:56:00,CNR2634698969,Success,CID898190,Mini,Mysore Road,Whitefield,259.0,25.0,Not Applicable,Not Applicable,No,Not Applicable,1337,Cash,28,3.0,3.9
2024-07-21 08:51:00,CNR3986445741,Success,CID126124,Bike,Nagarbhavi,Bellandur,287.0,105.0,Not Applicable,Not Applicable,No,Not Applicable,869,UPI,24,4.3,3.7
2024-07-05 04:10:00,CNR7874171249,Canceled by Driver,CID961908,Prime Plus,Devanahalli,Ramamurthy Nagar,,,Not Applicable,Customer was coughing/sick,Not Applicable,Not Applicable,479,Not Applicable,0,,
2024-07-25 03:08:00,CNR2660176050,Success,CID290469,Prime Plus,Ulsoor,Magadi Road,196.0,65.0,Not Applicable,Not Applicable,No,Not Applicable,498,UPI,31,3.1,3.8
2024-07-09 16:39:00,CNR4563158148,Success,CID812863,Auto,Hennur,Basavanagudi,294.0,110.0,Not Applicable,Not Applicable,No,Not Applicable,104,Cash,5,3.9,3.6
2024-07-18 12:57:00,CNR8841179153,Success,CID163075,Bike,Ramamurthy Nagar,Nagarbhavi,280.0,100.0,Not Applicable,Not Applicable,No,Not Applicable,176,UPI,44,4.7,4.0
2024-07-20 18:08:00,CNR2634265484,Canceled by Driver,CID354828,Prime Plus,Yelahanka,Langford Town,,,Not Applicable,Personal & Car related issue,Not Applicable,Not Applicable,482,Not Applicable,0,,
2024-07-01 02:07:00,CNR8084761444,Success,CID231612,Bike,Marathahalli,Nagarbhavi,126.0,25.0,Not Applicable,Not Applicable,Yes,Customer Demand,326,Cash,23,3.7,4.7
2024-07-03 20:36:00,CNR4346946357,Canceled by Customer,CID285475,Prime SUV,Hebbal,Shivajinagar,,,Change of plans,Not Applicable,Not Applicable,Not Applicable,131,Not Applicable,0,,
2024-07-03 10:30:00,CNR5281747546,Success,CID217321,eBike,Bannerghatta Road,Richmond Town,70.0,40.0,Not Applicable,Not Applicable,No,Not Applicable,209,Cash,16,3.9,4.1
2024-07-27 14:16:00,CNR4365180045,Success,CID879896,Mini,Kammanahalli,Cox Town,308.0,105.0,Not Applicable,Not Applicable,No,Not Applicable,405,Cash,11,4.7,3.0
2024-07-26 13:56:00,CNR9960335971,Success,CID934768,Auto,Padmanabhanagar,Bellandur,154.0,140.0,Not Applicable,Not Applicable,No,Not Applicable,2972,Cash,18,3.3,3.8
2024-07-10 02:40:00,CNR5595091564,Success,CID828958,Prime Plus,Koramangala,KR Puram,210.0,40.0,Not Applicable,Not Applicable,No,Not Applicable,333,Cash,40,4.6,3.7
2024-07-04 07:18:00,CNR1858757359,Success,CID327871,Prime Sedan,Ramamurthy Nagar,Sarjapur Road,231.0,55.0,Not Applicable,Not Applicable,No,Not Applicable,427,Cash,8,4.2,4.0
2024-07-14 07:32:00,CNR4010536980,Canceled by Customer,CID453739,Prime Sedan,Indiranagar,Richmond Town,,,Driver is not moving towards pickup location,Not Applicable,Not Applicable,Not Applicable,256,Not Applicable,0,,
2024-07-13 18:48:00,CNR1208433293,Canceled by Driver,CID620032,Prime Plus,Hebbal,Vijayanagar,,,Not Applicable,Customer related issue,Not Applicable,Not Applicable,918,Not Applicable,0,,
2024-07-03 06:48:00,CNR1346351940,Success,CID358181,Mini,Sahakar Nagar,Shantinagar,196.0,90.0,Not Applicable,Not Applicable,No,Not Applicable,136,Cash,49,3.7,4.7
2024-07-11 12:34:00,CNR9361235096,Canceled by Driver,CID369587,Prime Sedan,Kengeri,Bellandur,,,Not Applicable,Customer was coughing/sick,Not Applicable,Not Applicable,281,Not Applicable,0,,
2024-07-28 07:41:00,CNR6419699463,Success,CID997410,Prime SUV,HSR Layout,Hennur,77.0,50.0,Not Applicable,Not Applicable,No,Not Applicable,134,Cash,45,4.4,4.8
2024-07-11 14:09:00,CNR6726916390,Canceled by Customer,CID657638,Prime Sedan,Bannerghatta Road,Yelahanka,,,AC is Not working,Not Applicable,Not Applicable,Not Applicable,236,Not Applicable,0,,
2024-07-28 12:03:00,CNR5303717975,Success,CID717018,Bike,Vijayanagar,JP Nagar,91.0,50.0,Not Applicable,Not Applicable,No,Not Applicable,354,Cash,34,3.0,3.7
2024-07-17 13:53:00,CNR7518518930,Success,CID973169,Prime Plus,Yelahanka,Bellandur,294.0,30.0,Not Applicable,Not Applicable,No,Not Applicable,2632,Cash,16,3.3,3.1
2024-07-16 15:56:00,CNR1776312594,Success,CID245197,Auto,Langford Town,Chamarajpet,196.0,100.0,Not Applicable,Not Applicable,No,Not Applicable,211,UPI,18,3.5,3.2
2024-07-17 08:50:00,CNR2932791388,Success,CID467436,Mini,RT Nagar,Hebbal,294.0,55.0,Not Applicable,Not Applicable,No,Not Applicable,830,Cash,37,3.5,3.0
2024-07-16 12:42:00,CNR8398129371,Canceled by Driver,CID123213,eBike,Majestic,Jayanagar,,,Not Applicable,Customer was coughing/sick,Not Applicable,Not Applicable,313,Not Applicable,0,,
2024-07-02 03:17:00,CNR6068219104,Success,CID784320,eBike,Banashankari,Bellandur,301.0,105.0,Not Applicable,Not Applicable,No,Not Applicable,431,Cash,3,3.5,4.6
2024-07-21 04:32:00,CNR8344268129,Success,CID838027,Mini,Bannerghatta Road,BTM Layout,308.0,55.0,Not Applicable,Not Applicable,No,Not Applicable,2787,UPI,36,3.9,4.7
2024-07-11 09:39:00,CNR3341101945,Driver Not Found,CID290258,Prime Sedan,MG Road,Banashankari,,,Not Applicable,Not Applicable,Not Applicable,Not Applicable,259,Not Applicable,0,,
2024-07-07 04:04:00,CNR5331230164,Success,CID128531,Prime Plus,Devanahalli,Basavanagudi,210.0,65.0,Not Applicable,Not Applicable,No,Not Applicable,348,Cash,45,3.6,4.1
2024-07-06 17:08:00,CNR4692931156,Success,CID104916,Bike,Mysore Road,MG Road,287.0,115.0,Not Applicable,Not Applicable,No,Not Applicable,378,Cash,41,3.5,3.4
2024-07-27 12:12:00,CNR2497367430,Success,CID978001,Prime Plus,Tumkur Road,Whitefield,98.0,65.0,Not Applicable,Not Applicable,No,Not Applicable,557,UPI,15,3.4,3.1
2024-07-03 07:16:00,CNR5608929957,Driver Not Found,CID989715,Prime Sedan,Tumkur Road,Cox Town,,,Not Applicable,Not Applicable,Not Applicable,Not Applicable,914,Not Applicable,0,,
2024-07-03 12:22:00,CNR5558750285,Success,CID979594,Bike,Langford Town,Kammanahalli,35.0,85.0,Not Applicable,Not Applicable,No,Not Applicable,1556,UPI,32,4.8,4.3
2024-07-22 21:42:00,CNR7100155548,Success,CID411607,Mini,Varthur,Kadugodi,231.0,65.0,Not Applicable,Not Applicable,No,Not Applicable,486,Cash,1,4.5,4.1
2024-07-01 20:53:00,CNR7659993167,Success,CID554113,eBike,Shantinagar,Langford Town,182.0,95.0,Not Applicable,Not Applicable,No,Not Applicable,324,UPI,24,4.5,3.3
2024-07-18 16:28:00,CNR8034872001,Success,CID749932,Prime SUV,Kadugodi,Rajajinagar,231.0,50.0,Not Applicable,Not Applicable,No,Not Applicable,128,Cash,14,4.8,4.2
2024-07-25 21:39:00,CNR5255973042,Canceled by Driver,CID871776,Prime SUV,Varthur,Nagarbhavi,,,Not Applicable,Customer related issue,Not Applicable,Not Applicable,225,Not Applicable,0,,
2024-07-04 04:39:00,CNR9985900050,Driver Not Found,CID275624,Auto,Rajajinagar,Basavanagudi,,,Not Applicable,Not Applicable,Not Applicable,Not Applicable,290,Not Applicable,0,,
2024-07-24 07:55:00,CNR4873357250,Canceled by Driver,CID782228,Prime Sedan,Hulimavu,Sarjapur Road,,,Not Applicable,More than permitted people in there,Not Applicable,Not Applicable,332,Not Applicable,0,,
2024-07-24 17:09:00,CNR5835638713,Success,CID340981,Bike,BTM Layout,Cox Town,259.0,135.0,Not Applicable,Not Applicable,No,Not Applicable,281,Cash,22,4.6,3.2
2024-07-04 22:39:00,CNR1898578935,Canceled by Driver,CID514889,Prime Plus,Bellandur,Hulimavu,,,Not Applicable,Personal & Car related issue,Not Applicable,Not Applicable,2343,Not Applicable,0,,
2024-07-18 02:59:00,CNR7458269918,Success,CID488225,Prime Plus,Shivajinagar,Rajarajeshwari Nagar,126.0,80.0,Not Applicable,Not Applicable,No,Not Applicable,185,Cash,45,4.9,3.5
2024-07-14 09:50:00,CNR1153245614,Canceled by Driver,CID120846,Prime Plus,Nagarbhavi,BTM Layout,,,Not Applicable,Customer was coughing/sick,Not Applicable,Not Applicable,313,Not Applicable,0,,
2024-07-01 01:52:00,CNR4528198441,Success,CID284583,Prime Plus,Bannerghatta Road,Cox Town,294.0,105.0,Not Applicable,Not Applicable,No,Not Applicable,203,UPI,36,3.4,4.0
2024-07-10 19:04:00,CNR9348930044,Driver Not Found,CID156023,Prime Sedan,Chickpet,RT Nagar,,,Not Applicable,Not Applicable,Not Applicable,Not Applicable,913,Not Applicable,0,,
2024-07-03 10:29:00,CNR4236803635,Success,CID632373,Prime Plus,KR Puram,Chickpet,287.0,80.0,Not Applicable,Not Applicable,Yes,Vehicle Breakdown,442,Cash,23,4.2,3.9
2024-07-15 12:11:00,CNR6734631394,Driver Not Found,CID471612,Mini,Malleshwaram,Nagarbhavi,,,Not Applicable,Not Applicable,Not Applicable,Not Applicable,542,Not Applicable,0,,
2024-07-19 08:31:00,CNR5294963427,Success,CID216520,Prime Sedan,Vijayanagar,Nagarbhavi,119.0,130.0,Not Applicable,Not Applicable,No,Not Applicable,115,UPI,16,3.5,3.3
2024-07-06 20:29:00,CNR6319255962,Success,CID800857,Auto,Banashankari,Mysore Road,203.0,95.0,Not Applicable,Not Applicable,No,Not Applicable,332,UPI,2,3.6,4.5
2024-07-09 22:53:00,CNR6195759583,Canceled by Driver,CID260704,Prime SUV,Bannerghatta Road,Cox Town,,,Not Applicable,Customer related issue,Not Applicable,Not Applicable,745,Not Applicable,0,,
2024-07-07 10:53:00,CNR6732767197,Canceled by Driver,CID926002,Prime Sedan,Kammanahalli,JP Nagar,,,Not Applicable,More than permitted people in there,Not Applicable,Not Applicable,514,Not Applicable,0,,
2024-07-27 15:50:00,CNR5624752234,Success,CID712914,Auto,Electronic City,JP Nagar,238.0,90.0,Not Applicable,Not Applicable,No,Not Applicable,424,Cash,19,4.0,4.3
2024-07-03 13:33:00,CNR9829208997,Success,CID554054,Mini,Bellandur,Vijayanagar,91.0,25.0,Not Applicable,Not Applicable,No,Not Applicable,402,Cash,14,4.3,3.9
2024-07-19 21:24:00,CNR9868249176,Success,CID854344,Prime Plus,Varthur,Devanahalli,266.0,60.0,Not Applicable,Not Applicable,No,Not Applicable,479,Cash,49,4.4,3.0
2024-07-29 12:43:00,CNR3858621446,Driver Not Found,CID991407,Bike,Bellandur,Jayanagar,,,Not Applicable,Not Applicable,Not Applicable,Not Applicable,485,Not Applicable,0,,
2024-07-17 03:29:00,CNR2317222049,Success,CID502438,Prime SUV,Sarjapur Road,Bannerghatta Road,42.0,55.0,Not Applicable,Not Applicable,No,Not Applicable,490,Cash,18,4.9,3.4
2024-07-01 21:27:00,CNR7253111214,Success,CID910859,Mini,BTM Layout,RT Nagar,84.0,65.0,Not Applicable,Not Applicable,No,Not Applicable,935,Cash,15,4.1,4.1
2024-07-30 16:03:00,CNR5222324933,Success,CID642729,Prime Plus,HSR Layout,Richmond Town,273.0,70.0,Not Applicable,Not Applicable,No,Not Applicable,153,UPI,17,4.6,3.7
2024-07-21 14:28:00,CNR1923232505,Success,CID335562,Mini,JP Nagar,KR Puram,119.0,35.0,Not Applicable,Not Applicable,No,Not Applicable,202,Cash,9,4.0,4.5
2024-07-23 05:55:00,CNR5060672290,Canceled by Driver,CID307130,Prime Plus,JP Nagar,Hosur Road,,,Not Applicable,Personal & Car related issue,Not Applicable,Not Applicable,329,Not Applicable,0,,
2024-07-06 07:36:00,CNR7575787682,Success,CID373687,Prime SUV,Hennur,Banashankari,175.0,100.0,Not Applicable,Not Applicable,No,Not Applicable,199,Cash,44,3.1,3.2
2024-07-08 20:15:00,CNR4339011961,Success,CID191589,Auto,JP Nagar,Kammanahalli,154.0,40.0,Not Applicable,Not Applicable,No,Not Applicable,333,Cash,4,3.9,4.7
2024-07-02 18:40:00,CNR5068655370,Success,CID262610,Prime SUV,Whitefield,Marathahalli,210.0,50.0,Not Applicable,Not Applicable,No,Not Applicable,171,Cash,27,4.1,3.6
2024-07-21 05:28:00,CNR4597982908,Success,CID829843,eBike,Peenya,JP Nagar,224.0,30.0,Not Applicable,Not Applicable,No,Not Applicable,629,Cash,11,4.3,3.9
2024-07-13 06:44:00,CNR5927875075,Success,CID501786,eBike,JP Nagar,Rajajinagar,112.0,30.0,Not Applicable,Not Applicable,No,Not Applicable,159,Cash,12,3.6,4.7
2024-07-30 03:33:00,CNR1979112065,Success,CID753121,Auto,Hulimavu,Jayanagar,259.0,85.0,Not Applicable,Not Applicable,Yes,Other Issue,264,Cash,11,3.1,4.3
2024-07-15 20:19:00,CNR6255216977,Success,CID924824,Bike,Jayanagar,Koramangala,224.0,55.0,Not Applicable,Not Applicable,No,Not Applicable,440,Cash,42,4.0,3.5
2024-07-16 22:39:00,CNR8127123283,Canceled by Customer,CID918408,Prime Sedan,Frazer Town,Chamarajpet,,,AC is Not working,Not Applicable,Not Applicable,Not Applicable,268,Not Applicable,0,,
2024-07-29 11:09:00,CNR6639288359,Canceled by Driver,CID298690,Prime SUV,JP Nagar,Kammanahalli,,,Not Applicable,More than permitted people in there,Not Applicable,Not Applicable,249,Not Applicable,0,,
2024-07-26 06:41:00,CNR3149060278,Driver Not Found,CID761951,Mini,Cox Town,MG Road,,,Not Applicable,Not Applicable,Not Applicable,Not Applicable,979,Not Applicable,0,,
2024-07-12 20:54:00,CNR2703234276,Driver Not Found,CID641040,Mini,JP Nagar,Hosur Road,,,Not Applicable,Not Applicable,Not Applicable,Not Applicable,493,Not Applicable,0,,
2024-07-01 19:01:00,CNR3305919899,Success,CID544209,Prime Sedan,Bannerghatta Road,Varthur,259.0,85.0,Not Applicable,Not Applicable,No,Not Applicable,196,Cash,47,4.7,3.7
2024-07-21 00:17:00,CNR7652780032,Success,CID375920,eBike,Mysore Road,Basavanagudi,301.0,45.0,Not Applicable,Not Applicable,No,Not Applicable,2850,Cash,13,3.0,4.1
2024-07-16 12:17:00,CNR1248516860,Success,CID673632,Auto,Rajarajeshwari Nagar,Malleshwaram,224.0,110.0,Not Applicable,Not Applicable,No,Not Applicable,2388,Cash,6,4.1,3.9
2024-07-16 12:05:00,CNR6358163532,Success,CID577764,Mini,Magadi Road,Banashankari,42.0,115.0,Not Applicable,Not Applicable,No,Not Applicable,267,Cash,35,3.6,3.6
2024-07-06 19:06:00,CNR1691585044,Driver Not Found,CID850596,Mini,HSR Layout,Majestic,,,Not Applicable,Not Applicable,Not Applicable,Not Applicable,337,Not Applicable,0,,
2024-07-09 11:42:00,CNR8908261232,Success,CID172458,eBike,Richmond Town,Langford Town,217.0,145.0,Not Applicable,Not Applicable,No,Not Applicable,211,UPI,5,4.3,3.2
2024-07-27 03:32:00,CNR7812708290,Success,CID390347,Bike,Richmond Town,Hebbal,287.0,140.0,Not Applicable,Not Applicable,No,Not Applicable,159,UPI,26,4.1,3.1
2024-07-26 04:47:00,CNR3054232825,Success,CID252287,Mini,Marathahalli,Shantinagar,98.0,55.0,Not Applicable,Not Applicable,No,Not Applicable,112,Debit Card,47,4.0,4.8
2024-07-21 07:12:00,CNR3587158825,Success,CID250858,Bike,Mysore Road,Vijayanagar,91.0,90.0,Not Applicable,Not Applicable,No,Not Applicable,2292,Cash,19,3.3,4.3
2024-07-05 11:05:00,CNR3160178781,Success,CID569581,Prime Plus,Cox Town,Padmanabhanagar,84.0,145.0,Not Applicable,Not Applicable,No,Not Applicable,643,Cash,11,4.8,4.8
2024-07-11 12:54:00,CNR1079931910,Canceled by Driver,CID134448,Prime Plus,Shivajinagar,Koramangala,,,Not Applicable,Personal & Car related issue,Not Applicable,Not Applicable,563,Not Applicable,0,,
2024-07-03 01:27:00,CNR4090471732,Success,CID329196,Mini,Kadugodi,Chamarajpet,273.0,75.0,Not Applicable,Not Applicable,No,Not Applicable,198,Cash,35,4.8,3.9
2024-07-25 19:35:00,CNR8344806740,Success,CID444306,Prime Sedan,MG Road,Mysore Road,84.0,45.0,Not Applicable,Not Applicable,No,Not Applicable,450,Cash,20,4.4,4.8
2024-07-25 08:34:00,CNR1274250634,Success,CID117754,Mini,JP Nagar,Richmond Town,203.0,45.0,Not Applicable,Not Applicable,No,Not Applicable,422,UPI,34,5.0,3.4
2024-07-14 23:52:00,CNR3205291608,Canceled by Customer,CID963763,Mini,Bannerghatta Road,Hennur,,,Wrong Address,Not Applicable,Not Applicable,Not Applicable,509,Not Applicable,0,,
2024-07-08 22:20:00,CNR5580100581,Success,CID897782,Auto,Kadugodi,Ramamurthy Nagar,273.0,60.0,Not Applicable,Not Applicable,No,Not Applicable,200,Cash,14,4.7,4.7
2024-07-06 08:01:00,CNR2525313276,Success,CID474211,eBike,Chamarajpet,Richmond Town,245.0,85.0,Not Applicable,Not Applicable,No,Not Applicable,283,Cash,33,3.3,4.1
2024-07-04 13:26:00,CNR2730819576,Success,CID869894,Auto,Kadugodi,Shantinagar,105.0,120.0,Not Applicable,Not Applicable,No,Not Applicable,499,Cash,8,3.3,4.8
2024-07-04 16:49:00,CNR7179946956,Success,CID742913,Prime Plus,BTM Layout,JP Nagar,49.0,30.0,Not Applicable,Not Applicable,No,Not Applicable,782,Cash,3,3.3,4.3
2024-07-27 03:33:00,CNR3242714569,Canceled by Customer,CID789344,Prime Sedan,Hebbal,Kadugodi,,,Driver is not moving towards pickup location,Not Applicable,Not Applicable,Not Applicable,398,Not Applicable,0,,
2024-07-11 12:46:00,CNR1317769266,Driver Not Found,CID582595,Prime Plus,Peenya,MG Road,,,Not Applicable,Not Applicable,Not Applicable,Not Applicable,304,Not Applicable,0,,
2024-07-26 06:10:00,CNR7527634345,Driver Not Found,CID323579,Auto,Bannerghatta Road,Tumkur Road,,,Not Applicable,Not Applicable,Not Applicable,Not Applicable,119,Not Applicable,0,,
2024-07-23 04:08:00,CNR5795987348,Success,CID622870,Prime Sedan,Kengeri,Hosur Road,245.0,125.0,Not Applicable,Not Applicable,No,Not Applicable,111,UPI,10,4.0,3.4
2024-07-17 02:21:00,CNR4748711750,Success,CID467497,Prime Sedan,Ramamurthy Nagar,Padmanabhanagar,119.0,105.0,Not Applicable,Not Applicable,No,Not Applicable,236,UPI,19,4.4,3.6
2024-07-07 09:04:00,CNR4708901573,Success,CID575733,Prime Plus,Kadugodi,Padmanabhanagar,133.0,80.0,Not Applicable,Not Applicable,No,Not Applicable,806,Cash,27,3.5,4.4
2024-07-10 05:22:00,CNR2430736888,Canceled by Customer,CID749915,eBike,Varthur,Chickpet,,,Driver is not moving towards pickup location,Not Applicable,Not Applicable,Not Applicable,215,Not Applicable,0,,
2024-07-30 05:47:00,CNR6169469516,Success,CID492681,Bike,Vijayanagar,Shantinagar,56.0,65.0,Not Applicable,Not Applicable,No,Not Applicable,2655,Cash,4,3.8,3.6
2024-07-17 17:54:00,CNR3938166117,Success,CID820891,Bike,Indiranagar,RT Nagar,140.0,135.0,Not Applicable,Not Applicable,No,Not Applicable,462,Cash,42,3.7,4.2
2024-07-10 07:53:00,CNR5488457492,Success,CID242511,Bike,JP Nagar,Rajajinagar,224.0,145.0,Not Applicable,Not Applicable,No,Not Applicable,284,UPI,10,4.5,3.6
2024-07-08 00:49:00,CNR1638932314,Success,CID169024,Bike,Marathahalli,Hosur Road,182.0,140.0,Not Applicable,Not Applicable,No,Not Applicable,454,Cash,41,3.5,3.6
2024-07-10 21:07:00,CNR9783022939,Success,CID179800,eBike,Shivajinagar,Nagarbhavi,70.0,90.0,Not Applicable,Not Applicable,No,Not Applicable,319,Cash,33,3.7,4.9
2024-07-08 20:04:00,CNR9836565354,Success,CID709610,Prime Sedan,Magadi Road,Ulsoor,301.0,50.0,Not Applicable,Not Applicable,No,Not Applicable,327,Cash,38,3.2,4.2
2024-07-12 08:53:00,CNR9776291399,Success,CID715518,Prime SUV,BTM Layout,Kadugodi,91.0,60.0,Not Applicable,Not Applicable,No,Not Applicable,907,UPI,38,3.8,4.1
2024-07-20 12:35:00,CNR9190636415,Canceled by Driver,CID114492,Prime Plus,Frazer Town,Sarjapur Road,,,Not Applicable,Customer related issue,Not Applicable,Not Applicable,443,Not Applicable,0,,
2024-07-10 06:01:00,CNR6424088306,Success,CID833137,eBike,Ulsoor,Mysore Road,231.0,145.0,Not Applicable,Not Applicable,No,Not Applicable,350,Cash,34,3.5,4.4
2024-07-21 08:18:00,CNR1976896992,Success,CID323140,Prime Plus,Indiranagar,Whitefield,168.0,135.0,Not Applicable,Not Applicable,No,Not Applicable,443,Cash,35,4.0,3.1
2024-07-26 00:36:00,CNR7448019330,Success,CID891388,Bike,Hebbal,BTM Layout,126.0,85.0,Not Applicable,Not Applicable,No,Not Applicable,321,UPI,37,3.3,3.9
2024-07-12 05:01:00,CNR3697074318,Success,CID183488,Bike,Mysore Road,Magadi Road,308.0,75.0,Not Applicable,Not Applicable,No,Not Applicable,639,Cash,11,4.7,3.3
2024-07-14 04:11:00,CNR8892077628,Canceled by Customer,CID420222,Prime SUV,Rajarajeshwari Nagar,Nagarbhavi,,,Wrong Address,Not Applicable,Not Applicable,Not Applicable,127,Not Applicable,0,,
2024-07-01 06:56:00,CNR3139940392,Driver Not Found,CID101086,Auto,RT Nagar,Devanahalli,,,Not Applicable,Not Applicable,Not Applicable,Not Applicable,342,Not Applicable,0,,
2024-07-20 12:31:00,CNR2785011659,Success,CID993955,Prime SUV,Langford Town,Ulsoor,245.0,135.0,Not Applicable,Not Applicable,No,Not Applicable,316,Credit Card,16,3.4,3.4
2024-07-23 11:32:00,CNR1635085903,Success,CID173945,Auto,Yeshwanthpur,Jayanagar,210.0,110.0,Not Applicable,Not Applicable,No,Not Applicable,244,Cash,5,4.2,3.8
2024-07-21 05:00:00,CNR5266602838,Canceled by Driver,CID374360,Prime Sedan,Indiranagar,Banashankari,,,Not Applicable,Personal & Car related issue,Not Applicable,Not Applicable,446,Not Applicable,0,,
2024-07-18 06:13:00,CNR2763480846,Success,CID331734,Bike,Mysore Road,Frazer Town,266.0,25.0,Not Applicable,Not Applicable,No,Not Applicable,323,UPI,6,4.2,4.8
2024-07-12 21:19:00,CNR9903942172,Success,CID679731,Auto,Chickpet,Sarjapur Road,287.0,80.0,Not Applicable,Not Applicable,No,Not Applicable,404,Cash,18,3.7,4.6
2024-07-11 00:38:00,CNR8936489651,Success,CID656619,eBike,Langford Town,JP Nagar,210.0,60.0,Not Applicable,Not Applicable,Yes,Vehicle Breakdown,443,UPI,12,4.5,4.1
2024-07-03 10:08:00,CNR6604015843,Canceled by Customer,CID569054,Auto,Bannerghatta Road,Varthur,,,Change of plans,Not Applicable,Not Applicable,Not Applicable,326,Not Applicable,0,,
2024-07-18 12:40:00,CNR4232017745,Success,CID425327,Bike,Frazer Town,Ramamurthy Nagar,273.0,145.0,Not Applicable,Not Applicable,No,Not Applicable,370,UPI,26,4.7,3.7
2024-07-09 11:56:00,CNR7141807952,Canceled by Driver,CID662871,Auto,Chickpet,Whitefield,,,Not Applicable,Personal & Car related issue,Not Applicable,Not Applicable,639,Not Applicable,0,,
2024-07-11 03:58:00,CNR3486997317,Driver Not Found,CID389052,eBike,Hennur,Sahakar Nagar,,,Not Applicable,Not Applicable,Not Applicable,Not Applicable,250,Not Applicable,0,,
2024-07-06 13:01:00,CNR9598182519,Success,CID341065,Mini,JP Nagar,JP Nagar,175.0,110.0,Not Applicable,Not Applicable,No,Not Applicable,143,Cash,42,3.6,3.5
2024-07-01 00:30:00,CNR5528021840,Canceled by Driver,CID409647,Mini,Bannerghatta Road,Hebbal,,,Not Applicable,Customer was coughing/sick,Not Applicable,Not Applicable,239,Not Applicable,0,,
2024-07-09 09:03:00,CNR5077033541,Success,CID514139,Prime Plus,Indiranagar,Bannerghatta Road,161.0,125.0,Not Applicable,Not Applicable,No,Not Applicable,176,Cash,12,3.3,3.8
2024-07-01 08:39:00,CNR9430883322,Success,CID380671,Auto,Rajarajeshwari Nagar,Varthur,105.0,100.0,Not Applicable,Not Applicable,No,Not Applicable,470,Cash,18,3.3,5.0
2024-07-18 08:33:00,CNR2055417585,Success,CID970387,Bike,Rajarajeshwari Nagar,Tumkur Road,105.0,55.0,Not Applicable,Not Applicable,No,Not Applicable,106,UPI,21,4.1,3.6
2024-07-16 17:27:00,CNR8417648469,Success,CID473300,Prime Sedan,Bellandur,Indiranagar,301.0,95.0,Not Applicable,Not Applicable,No,Not Applicable,732,Cash,30,3.6,4.6
2024-07-18 15:28:00,CNR5055308686,Success,CID315796,eBike,Basavanagudi,Chamarajpet,70.0,90.0,Not Applicable,Not Applicable,No,Not Applicable,165,Cash,38,4.0,4.0
2024-07-08 05:19:00,CNR2809162869,Success,CID148796,Prime Plus,Malleshwaram,Langford Town,56.0,40.0,Not Applicable,Not Applicable,No,Not Applicable,247,UPI,28,4.1,4.3
2024-07-15 00:34:00,CNR3257571503,Canceled by Driver,CID281312,Prime Sedan,Malleshwaram,Malleshwaram,,,Not Applicable,Personal & Car related issue,Not Applicable,Not Applicable,789,Not Applicable,0,,
2024-07-27 08:17:00,CNR6118153717,Success,CID688173,Prime Sedan,Hebbal,Sahakar Nagar,231.0,140.0,Not Applicable,Not Applicable,No,Not Applicable,356,UPI,11,3.3,3.9
2024-07-15 00:23:00,CNR2848925349,Success,CID847416,Prime SUV,Shivajinagar,Chamarajpet,203.0,55.0,Not Applicable,Not Applicable,No,Not Applicable,234,Cash,46,3.7,3.9
2024-07-15 15:12:00,CNR1766658901,Canceled by Customer,CID689054,Prime SUV,Padmanabhanagar,Sahakar Nagar,,,Change of plans,Not Applicable,Not Applicable,Not Applicable,963,Not Applicable,0,,
2024-07-24 22:06:00,CNR9579721998,Success,CID604070,Auto,Mysore Road,Whitefield,217.0,75.0,Not Applicable,Not Applicable,No,Not Applicable,493,UPI,3,3.8,4.6
2024-07-15 11:13:00,CNR5249244786,Driver Not Found,CID612375,Auto,Kengeri,Peenya,,,Not Applicable,Not Applicable,Not Applicable,Not Applicable,701,Not Applicable,0,,
2024-07-19 14:56:00,CNR3046300797,Driver Not Found,CID777160,Prime SUV,Indiranagar,Kengeri,,,Not Applicable,Not Applicable,Not Applicable,Not Applicable,240,Not Applicable,0,,
2024-07-11 14:44:00,CNR4590869932,Canceled by Driver,CID366683,Prime SUV,Sarjapur Road,Jayanagar,,,Not Applicable,Personal & Car related issue,Not Applicable,Not Applicable,248,Not Applicable,0,,
2024-07-24 09:59:00,CNR7368085711,Success,CID166373,Prime SUV,Bannerghatta Road,Sarjapur Road,70.0,115.0,Not Applicable,Not Applicable,No,Not Applicable,166,Cash,10,4.4,3.6
2024-07-29 05:51:00,CNR8587281579,Canceled by Customer,CID310592,Prime Sedan,MG Road,Rajajinagar,,,Change of plans,Not Applicable,Not Applicable,Not Applicable,351,Not Applicable,0,,
2024-07-22 00:44:00,CNR2534960308,Success,CID672726,eBike,Frazer Town,Bannerghatta Road,287.0,50.0,Not Applicable,Not Applicable,No,Not Applicable,934,UPI,5,4.9,4.6
2024-07-21 11:13:00,CNR6150881765,Success,CID428447,Prime Plus,Padmanabhanagar,Sahakar Nagar,49.0,100.0,Not Applicable,Not Applicable,No,Not Applicable,309,Cash,23,3.5,3.5
2024-07-26 23:14:00,CNR1200053254,Success,CID414935,Prime Sedan,Electronic City,Peenya,308.0,90.0,Not Applicable,Not Applicable,No,Not Applicable,476,Cash,24,3.5,4.7
2024-07-28 21:43:00,CNR1336392791,Success,CID420927,Prime Sedan,Sahakar Nagar,Richmond Town,119.0,70.0,Not Applicable,Not Applicable,No,Not Applicable,331,Cash,20,3.9,3.5
2024-07-17 12:33:00,CNR7345181737,Canceled by Customer,CID819344,Prime Sedan,Whitefield,Mysore Road,,,Driver asked to cancel,Not Applicable,Not Applicable,Not Applicable,360,Not Applicable,0,,
2024-07-12 19:24:00,CNR8265488489,Success,CID910493,Mini,Hosur Road,Magadi Road,266.0,30.0,Not Applicable,Not Applicable,No,Not Applicable,332,Cash,12,3.2,3.9
2024-07-17 12:43:00,CNR5839270415,Success,CID853115,Auto,Yeshwanthpur,Richmond Town,105.0,35.0,Not Applicable,Not Applicable,No,Not Applicable,202,UPI,19,3.6,3.3
2024-07-22 01:21:00,CNR2139722475,Canceled by Driver,CID197929,Prime Plus,Vijayanagar,Jayanagar,,,Not Applicable,Customer related issue,Not Applicable,Not Applicable,1491,Not Applicable,0,,
2024-07-18 04:14:00,CNR5518772751,Driver Not Found,CID509566,Bike,Hebbal,Tumkur Road,,,Not Applicable,Not Applicable,Not Applicable,Not Applicable,148,Not Applicable,0,,
2024-07-09 15:47:00,CNR5558544624,Success,CID450633,Prime SUV,Basavanagudi,Shivajinagar,266.0,110.0,Not Applicable,Not Applicable,No,Not Applicable,114,Cash,36,4.7,3.5
2024-07-30 00:36:00,CNR2173917507,Success,CID946383,Prime SUV,Indiranagar,Whitefield,182.0,55.0,Not Applicable,Not Applicable,No,Not Applicable,1686,UPI,27,4.9,3.1
2024-07-07 14:00:00,CNR8064387015,Success,CID683599,Auto,Majestic,Rajajinagar,231.0,55.0,Not Applicable,Not Applicable,No,Not Applicable,171,Cash,8,3.1,3.2
2024-07-19 14:14:00,CNR6136806829,Success,CID406750,Bike,JP Nagar,Majestic,161.0,135.0,Not Applicable,Not Applicable,No,Not Applicable,664,UPI,7,3.1,4.7
2024-07-15 16:35:00,CNR4174251010,Success,CID591520,Mini,Kadugodi,Nagarbhavi,35.0,50.0,Not Applicable,Not Applicable,No,Not Applicable,194,Cash,12,3.9,3.9
2024-07-08 06:41:00,CNR4626692452,Canceled by Customer,CID687401,Prime Plus,Varthur,Varthur,,,Driver asked to cancel,Not Applicable,Not Applicable,Not Applicable,262,Not Applicable,0,,
2024-07-09 22:30:00,CNR8522083626,Success,CID523730,Prime Sedan,Hebbal,Kengeri,308.0,140.0,Not Applicable,Not Applicable,No,Not Applicable,169,Cash,28,4.3,3.6
2024-07-23 02:02:00,CNR1020270604,Success,CID747852,Prime Sedan,Shivajinagar,Shivajinagar,196.0,60.0,Not Applicable,Not Applicable,No,Not Applicable,465,Cash,12,4.4,4.7
2024-07-18 02:05:00,CNR5159618355,Canceled by Customer,CID222640,Auto,Hosur Road,Sahakar Nagar,,,Change of plans,Not Applicable,Not Applicable,Not Applicable,191,Not Applicable,0,,
2024-07-05 19:11:00,CNR5149163319,Canceled by Driver,CID994100,Prime Sedan,Electronic City,BTM Layout,,,Not Applicable,Customer related issue,Not Applicable,Not Applicable,232,Not Applicable,0,,
2024-07-03 09:53:00,CNR4469666913,Canceled by Driver,CID548297,Prime Sedan,Yeshwanthpur,Hennur,,,Not Applicable,Customer was coughing/sick,Not Applicable,Not Applicable,1171,Not Applicable,0,,
2024-07-21 21:21:00,CNR4957910794,Success,CID397582,eBike,Hulimavu,Langford Town,287.0,115.0,Not Applicable,Not Applicable,No,Not Applicable,220,Cash,36,3.0,4.8
2024-07-19 15:13:00,CNR3637119687,Success,CID878079,Auto,MG Road,Shivajinagar,266.0,90.0,Not Applicable,Not Applicable,No,Not Applicable,409,UPI,18,4.0,4.0
2024-07-16 23:35:00,CNR8145281940,Driver Not Found,CID731061,Prime Plus,JP Nagar,Chamarajpet,,,Not Applicable,Not Applicable,Not Applicable,Not Applicable,189,Not Applicable,0,,
2024-07-04 00:50:00,CNR8400230033,Success,CID517403,Mini,Peenya,MG Road,161.0,120.0,Not Applicable,Not Applicable,No,Not Applicable,791,Cash,22,4.0,3.7
2024-07-24 04:18:00,CNR3734964043,Canceled by Driver,CID699686,Auto,Banashankari,HSR Layout,,,Not Applicable,Personal & Car related issue,Not Applicable,Not Applicable,188,Not Applicable,0,,
2024-07-14 13:59:00,CNR6722892600,Success,CID463912,Mini,Hulimavu,Bellandur,175.0,135.0,Not Applicable,Not Applicable,No,Not Applicable,699,UPI,25,3.6,4.6
2024-07-24 19:15:00,CNR7732573506,Success,CID384824,eBike,HSR Layout,Basavanagudi,161.0,45.0,Not Applicable,Not Applicable,No,Not Applicable,308,UPI,3,3.4,4.3
2024-07-06 21:55:00,CNR9219123945,Canceled by Driver,CID770044,Prime SUV,Frazer Town,Vijayanagar,,,Not Applicable,Customer related issue,Not Applicable,Not Applicable,1363,Not Applicable,0,,
2024-07-07 05:55:00,CNR4611919160,Success,CID683670,Prime SUV,Majestic,Kengeri,91.0,130.0,Not Applicable,Not Applicable,No,Not Applicable,227,Cash,32,4.8,4.1
2024-07-09 06:34:00,CNR8076745333,Success,CID576231,Mini,HSR Layout,MG Road,252.0,45.0,Not Applicable,Not Applicable,No,Not Applicable,665,UPI,31,3.2,4.4
2024-07-15 07:54:00,CNR7441444733,Success,CID644175,Bike,Hennur,Vijayanagar,252.0,30.0,Not Applicable,Not Applicable,No,Not Applicable,438,Cash,33,4.0,4.3
2024-07-17 14:57:00,CNR3291803084,Canceled by Customer,CID229335,Mini,Frazer Town,Hebbal,,,Driver asked to cancel,Not Applicable,Not Applicable,Not Applicable,112,Not Applicable,0,,
2024-07-03 05:42:00,CNR5685126878,Success,CID131770,Bike,Yeshwanthpur,Bannerghatta Road,238.0,95.0,Not Applicable,Not Applicable,No,Not Applicable,191,UPI,3,3.5,3.5
2024-07-15 09:01:00,CNR7629565520,Success,CID581672,eBike,Langford Town,Langford Town,168.0,40.0,Not Applicable,Not Applicable,Yes,Customer Demand,370,UPI,32,3.7,3.3
2024-07-21 10:33:00,CNR5604874594,Success,CID849947,Prime Sedan,Marathahalli,Kammanahalli,224.0,105.0,Not Applicable,Not Applicable,No,Not Applicable,726,Cash,15,4.7,4.9
2024-07-05 17:24:00,CNR3652239029,Success,CID166315,Bike,Hennur,Banashankari,189.0,30.0,Not Applicable,Not Applicable,No,Not Applicable,277,Cash,13,4.6,3.7
2024-07-03 06:47:00,CNR6810256183,Success,CID457151,Mini,Magadi Road,Kengeri,119.0,110.0,Not Applicable,Not Applicable,No,Not Applicable,377,Cash,5,4.2,3.3
2024-07-24 20:43:00,CNR9286030785,Success,CID431679,eBike,Koramangala,Richmond Town,182.0,45.0,Not Applicable,Not Applicable,No,Not Applicable,104,UPI,3,4.5,4.4
2024-07-20 21:11:00,CNR4866451896,Success,CID472625,Prime Sedan,Hennur,Chickpet,56.0,35.0,Not Applicable,Not Applicable,No,Not Applicable,229,Cash,28,3.3,3.1
2024-07-06 05:30:00,CNR9974032302,Success,CID916836,Auto,Electronic City,Koramangala,49.0,70.0,Not Applicable,Not Applicable,No,Not Applicable,2685,UPI,14,3.1,4.2
2024-07-07 19:06:00,CNR5714348441,Canceled by Driver,CID623501,Prime Sedan,Padmanabhanagar,Padmanabhanagar,,,Not Applicable,Customer was coughing/sick,Not Applicable,Not Applicable,207,Not Applicable,0,,
2024-07-16 01:28:00,CNR4519982361,Success,CID552851,Prime Sedan,Magadi Road,Hennur,77.0,130.0,Not Applicable,Not Applicable,No,Not Applicable,466,Cash,4,3.8,4.2
2024-07-11 23:37:00,CNR9076095780,Canceled by Driver,CID513777,Auto,Sahakar Nagar,Tumkur Road,,,Not Applicable,Customer related issue,Not Applicable,Not Applicable,800,Not Applicable,0,,
2024-07-03 14:03:00,CNR8643934927,Canceled by Customer,CID839629,Prime Sedan,Cox Town,Frazer Town,,,Driver is not moving towards pickup location,Not Applicable,Not Applicable,Not Applicable,1345,Not Applicable,0,,
2024-07-01 12:05:00,CNR6582825383,Success,CID143612,Prime Plus,Hosur Road,Ulsoor,210.0,70.0,Not Applicable,Not Applicable,No,Not Applicable,273,Cash,39,4.9,5.0
2024-07-16 02:24:00,CNR7131885965,Driver Not Found,CID131707,Auto,Sarjapur Road,Malleshwaram,,,Not Applicable,Not Applicable,Not Applicable,Not Applicable,635,Not Applicable,0,,
2024-07-22 11:48:00,CNR6441626651,Success,CID833826,Bike,Frazer Town,Sarjapur Road,210.0,35.0,Not Applicable,Not Applicable,No,Not Applicable,354,UPI,33,4.4,4.3
2024-07-14 09:15:00,CNR4849186571,Success,CID430747,Mini,BTM Layout,Sarjapur Road,49.0,145.0,Not Applicable,Not Applicable,No,Not Applicable,1531,UPI,47,3.4,4.4
2024-07-13 19:00:00,CNR3471241856,Success,CID105270,Auto,Sarjapur Road,Sahakar Nagar,161.0,90.0,Not Applicable,Not Applicable,No,Not Applicable,168,UPI,16,4.2,3.0
2024-07-22 23:49:00,CNR7724569110,Success,CID786735,Mini,Nagarbhavi,Varthur,308.0,135.0,Not Applicable,Not Applicable,No,Not Applicable,223,Cash,19,3.2,4.3
2024-07-03 22:17:00,CNR7358023660,Success,CID215183,Bike,Banashankari,Malleshwaram,140.0,130.0,Not Applicable,Not Applicable,No,Not Applicable,209,Cash,48,4.8,3.6
2024-07-15 12:50:00,CNR2091733229,Canceled by Customer,CID294316,eBike,Yeshwanthpur,Frazer Town,,,Driver is not moving towards pickup location,Not Applicable,Not Applicable,Not Applicable,340,Not Applicable,0,,
2024-07-30 04:33:00,CNR3837826587,Success,CID942127,Bike,Richmond Town,Sarjapur Road,224.0,40.0,Not Applicable,Not Applicable,No,Not Applicable,211,UPI,45,4.1,3.8
2024-07-18 23:34:00,CNR5163169030,Success,CID549494,Auto,Hulimavu,Whitefield,133.0,30.0,Not Applicable,Not Applicable,No,Not Applicable,949,Cash,2,3.9,3.2
2024-07-10 18:08:00,CNR5553319014,Success,CID399421,Bike,Chickpet,Rajajinagar,175.0,65.0,Not Applicable,Not Applicable,No,Not Applicable,468,UPI,25,4.3,3.3
2024-07-24 12:11:00,CNR3758887367,Canceled by Customer,CID438240,Auto,Rajarajeshwari Nagar,Peenya,,,Driver is not moving towards pickup location,Not Applicable,Not Applicable,Not Applicable,407,Not Applicable,0,,
2024-07-26 06:30:00,CNR4684912823,Success,CID390913,Mini,Jayanagar,Frazer Town,287.0,135.0,Not Applicable,Not Applicable,No,Not Applicable,526,Cash,25,4.4,4.2
2024-07-28 08:31:00,CNR7753827590,Success,CID777111,Bike,Chickpet,Sarjapur Road,231.0,115.0,Not Applicable,Not Applicable,No,Not Applicable,143,Cash,1,3.5,3.2
2024-07-17 13:37:00,CNR4932673273,Success,CID894245,Bike,JP Nagar,Langford Town,301.0,90.0,Not Applicable,Not Applicable,No,Not Applicable,516,Cash,13,3.3,3.2
2024-07-16 15:39:00,CNR8351820470,Success,CID705745,eBike,Shantinagar,Shivajinagar,224.0,110.0,Not Applicable,Not Applicable,No,Not Applicable,191,Cash,36,4.0,4.7
2024-07-22 13:05:00,CNR9937655364,Success,CID344814,Auto,Ulsoor,Hebbal,126.0,30.0,Not Applicable,Not Applicable,No,Not Applicable,342,UPI,6,3.6,3.3
2024-07-17 15:29:00,CNR5818586234,Canceled by Driver,CID409375,Auto,Electronic City,Yeshwanthpur,,,Not Applicable,Customer related issue,Not Applicable,Not Applicable,174,Not Applicable,0,,
2024-07-13 00:00:00,CNR3494892298,Success,CID301358,Prime SUV,Electronic City,Tumkur Road,245.0,25.0,Not Applicable,Not Applicable,No,Not Applicable,111,Cash,41,3.9,4.9
2024-07-29 03:09:00,CNR4455907897,Canceled by Driver,CID714778,Prime Plus,BTM Layout,Marathahalli,,,Not Applicable,Personal & Car related issue,Not Applicable,Not Applicable,279,Not Applicable,0,,
2024-07-18 12:30:00,CNR6009964841,Driver Not Found,CID346309,Mini,Basavanagudi,Majestic,,,Not Applicable,Not Applicable,Not Applicable,Not Applicable,102,Not Applicable,0,,
2024-07-13 17:00:00,CNR2198333939,Success,CID663225,Prime Sedan,Bellandur,Sarjapur Road,231.0,120.0,Not Applicable,Not Applicable,No,Not Applicable,449,UPI,22,4.4,4.5
2024-07-28 18:11:00,CNR2145156506,Success,CID770702,Auto,Kammanahalli,Basavanagudi,126.0,140.0,Not Applicable,Not Applicable,No,Not Applicable,1423,Cash,19,3.8,4.0
2024-07-13 05:07:00,CNR4987549914,Success,CID793124,Prime SUV,JP Nagar,MG Road,259.0,35.0,Not Applicable,Not Applicable,No,Not Applicable,648,Cash,43,4.0,3.5
2024-07-18 23:47:00,CNR1613557573,Driver Not Found,CID969399,Bike,Banashankari,MG Road,,,Not Applicable,Not Applicable,Not Applicable,Not Applicable,226,Not Applicable,0,,
2024-07-08 20:18:00,CNR7875110265,Success,CID659470,Prime Plus,Peenya,Basavanagudi,273.0,110.0,Not Applicable,Not Applicable,No,Not Applicable,300,UPI,34,3.0,3.3
2024-07-01 21:57:00,CNR3275910577,Canceled by Driver,CID798514,Prime SUV,BTM Layout,JP Nagar,,,Not Applicable,More than permitted people in there,Not Applicable,Not Applicable,471,Not Applicable,0,,
2024-07-11 07:34:00,CNR3603896231,Canceled by Customer,CID955130,Mini,Sahakar Nagar,Hebbal,,,AC is Not working,Not Applicable,Not Applicable,Not Applicable,332,Not Applicable,0,,
2024-07-12 11:39:00,CNR6976686189,Success,CID305939,eBike,Bannerghatta Road,Majestic,133.0,125.0,Not Applicable,Not Applicable,No,Not Applicable,871,Cash,21,3.6,3.9
2024-07-13 02:33:00,CNR4139209911,Canceled by Driver,CID391994,Prime SUV,Ramamurthy Nagar,Shantinagar,,,Not Applicable,Customer related issue,Not Applicable,Not Applicable,240,Not Applicable,0,,
2024-07-09 12:27:00,CNR4249925012,Canceled by Customer,CID870644,Prime Plus,Koramangala,Tumkur Road,,,Change of plans,Not Applicable,Not Applicable,Not Applicable,305,Not Applicable,0,,
2024-07-20 00:52:00,CNR1476413141,Success,CID868372,Mini,Ramamurthy Nagar,Kammanahalli,161.0,40.0,Not Applicable,Not Applicable,No,Not Applicable,568,Cash,23,4.8,3.2
2024-07-22 00:39:00,CNR2033895902,Canceled by Driver,CID305351,Bike,Hulimavu,Frazer Town,,,Not Applicable,Personal & Car related issue,Not Applicable,Not Applicable,372,Not Applicable,0,,
2024-07-09 15:04:00,CNR5238698945,Canceled by Customer,CID981599,Auto,Bellandur,Marathahalli,,,Driver asked to cancel,Not Applicable,Not Applicable,Not Applicable,410,Not Applicable,0,,
2024-07-22 22:02:00,CNR5181604592,Success,CID713271,Mini,Yelahanka,Devanahalli,252.0,140.0,Not Applicable,Not Applicable,No,Not Applicable,215,Cash,10,4.6,4.6
2024-07-08 07:15:00,CNR5438966708,Success,CID788010,Auto,Ramamurthy Nagar,Langford Town,63.0,40.0,Not Applicable,Not Applicable,No,Not Applicable,624,UPI,7,4.5,4.4
2024-07-12 00:34:00,CNR6061748134,Success,CID351840,Auto,Kammanahalli,Kadugodi,175.0,25.0,Not Applicable,Not Applicable,No,Not Applicable,416,UPI,18,4.9,4.1
2024-07-11 01:11:00,CNR9847659716,Success,CID688806,eBike,Devanahalli,Jayanagar,266.0,60.0,Not Applicable,Not Applicable,No,Not Applicable,216,Cash,38,4.8,4.2
2024-07-18 07:00:00,CNR3850239899,Canceled by Customer,CID400046,Mini,Rajajinagar,Indiranagar,,,Driver is not moving towards pickup location,Not Applicable,Not Applicable,Not Applicable,532,Not Applicable,0,,
2024-07-08 23:20:00,CNR3325063299,Canceled by Driver,CID451398,Auto,Hulimavu,MG Road,,,Not Applicable,Customer related issue,Not Applicable,Not Applicable,353,Not Applicable,0,,
2024-07-13 13:12:00,CNR5226195970,Canceled by Driver,CID691167,Mini,Hulimavu,Chickpet,,,Not Applicable,Personal & Car related issue,Not Applicable,Not Applicable,670,Not Applicable,0,,
2024-07-28 09:25:00,CNR7383105327,Canceled by Driver,CID445358,eBike,Mysore Road,Shantinagar,,,Not Applicable,Customer related issue,Not Applicable,Not Applicable,378,Not Applicable,0,,
2024-07-24 11:33:00,CNR3858573047,Success,CID876296,Prime Sedan,Bannerghatta Road,Chickpet,210.0,145.0,Not Applicable,Not Applicable,No,Not Applicable,154,Cash,44,4.4,4.0
2024-07-15 20:55:00,CNR9831176107,Driver Not Found,CID101815,Auto,Kammanahalli,Vijayanagar,,,Not Applicable,Not Applicable,Not Applicable,Not Applicable,446,Not Applicable,0,,
2024-07-14 13:09:00,CNR8964866076,Success,CID409903,Auto,Bellandur,Hosur Road,182.0,145.0,Not Applicable,Not Applicable,No,Not Applicable,1680,UPI,9,4.4,4.4
2024-07-17 14:07:00,CNR1877817798,Success,CID371779,Prime Plus,Mysore Road,Hosur Road,294.0,45.0,Not Applicable,Not Applicable,Yes,Other Issue,161,UPI,30,5.0,3.5
2024-07-10 02:07:00,CNR7912041254,Canceled by Customer,CID341648,Prime Plus,Langford Town,Basavanagudi,,,Driver is not moving towards pickup location,Not Applicable,Not Applicable,Not Applicable,376,Not Applicable,0,,
2024-07-19 04:17:00,CNR9052106189,Success,CID682254,Prime Plus,Indiranagar,Basavanagudi,259.0,135.0,Not Applicable,Not Applicable,No,Not Applicable,363,UPI,45,3.2,5.0
2024-07-12 21:29:00,CNR4225286300,Success,CID771900,Auto,Richmond Town,BTM Layout,210.0,120.0,Not Applicable,Not Applicable,No,Not Applicable,387,UPI,1,4.9,3.2
2024-07-10 05:59:00,CNR5126287701,Success,CID164813,Prime Sedan,Rajarajeshwari Nagar,Whitefield,154.0,85.0,Not Applicable,Not Applicable,No,Not Applicable,273,Cash,8,4.7,3.7
2024-07-01 09:13:00,CNR7820831643,Canceled by Customer,CID277714,Auto,Mysore Road,Shivajinagar,,,AC is Not working,Not Applicable,Not Applicable,Not Applicable,318,Not Applicable,0,,
2024-07-29 08:19:00,CNR3339914571,Canceled by Driver,CID790684,Auto,Sarjapur Road,Hennur,,,Not Applicable,Personal & Car related issue,Not Applicable,Not Applicable,340,Not Applicable,0,,
2024-07-28 05:11:00,CNR3798175956,Success,CID422167,Prime Sedan,Bannerghatta Road,Sahakar Nagar,154.0,85.0,Not Applicable,Not Applicable,No,Not Applicable,967,Credit Card,28,4.4,4.2
2024-07-16 01:39:00,CNR3707949799,Success,CID888326,Prime Plus,Peenya,Ulsoor,210.0,80.0,Not Applicable,Not Applicable,No,Not Applicable,502,Cash,38,3.1,5.0
2024-07-28 03:48:00,CNR2525344084,Canceled by Driver,CID440579,eBike,Shivajinagar,Hennur,,,Not Applicable,Customer related issue,Not Applicable,Not Applicable,291,Not Applicable,0,,
2024-07-23 16:30:00,CNR3592583153,Canceled by Driver,CID420430,Prime Sedan,Hennur,Sahakar Nagar,,,Not Applicable,Personal & Car related issue,Not Applicable,Not Applicable,1936,Not Applicable,0,,
2024-07-21 02:51:00,CNR8347598740,Canceled by Driver,CID610034,Bike,Basavanagudi,Yeshwanthpur,,,Not Applicable,Customer related issue,Not Applicable,Not Applicable,190,Not Applicable,0,,
2024-07-05 11:41:00,CNR6422021108,Success,CID955287,Auto,Chickpet,Yeshwanthpur,238.0,30.0,Not Applicable,Not Applicable,No,Not Applicable,790,Cash,9,3.8,3.7
2024-07-17 20:25:00,CNR7505088720,Success,CID353376,Prime Sedan,Tumkur Road,Sarjapur Road,182.0,110.0,Not Applicable,Not Applicable,No,Not Applicable,697,Cash,37,3.0,4.0
2024-07-28 16:06:00,CNR9907443466,Success,CID823120,Prime SUV,Yelahanka,BTM Layout,266.0,90.0,Not Applicable,Not Applicable,No,Not Applicable,524,Cash,46,4.2,3.8
2024-07-03 11:11:00,CNR1995274575,Canceled by Driver,CID553289,Prime Plus,Basavanagudi,Yeshwanthpur,,,Not Applicable,More than permitted people in there,Not Applicable,Not Applicable,478,Not Applicable,0,,
2024-07-25 22:59:00,CNR4563330823,Success,CID132016,Bike,Banashankari,HSR Layout,112.0,35.0,Not Applicable,Not Applicable,No,Not Applicable,440,Cash,49,4.9,4.3
2024-07-23 23:56:00,CNR9597803039,Canceled by Driver,CID703209,Mini,Malleshwaram,Langford Town,,,Not Applicable,Customer related issue,Not Applicable,Not Applicable,293,Not Applicable,0,,
2024-07-16 17:52:00,CNR9806372337,Success,CID521783,Prime Sedan,Shivajinagar,Magadi Road,147.0,35.0,Not Applicable,Not Applicable,No,Not Applicable,528,Cash,29,3.4,3.5
2024-07-04 13:10:00,CNR9391426380,Canceled by Customer,CID581232,Auto,Kengeri,Chickpet,,,Wrong Address,Not Applicable,Not Applicable,Not Applicable,424,Not Applicable,0,,
2024-07-17 08:01:00,CNR5711398888,Driver Not Found,CID481218,Prime SUV,Hebbal,Magadi Road,,,Not Applicable,Not Applicable,Not Applicable,Not Applicable,195,Not Applicable,0,,
2024-07-15 11:09:00,CNR9923512307,Success,CID698307,eBike,Koramangala,Rajajinagar,140.0,50.0,Not Applicable,Not Applicable,No,Not Applicable,326,Credit Card,49,4.0,4.7
2024-07-01 08:03:00,CNR3327237058,Canceled by Customer,CID240650,Auto,Hennur,Hebbal,,,AC is Not working,Not Applicable,Not Applicable,Not Applicable,489,Not Applicable,0,,
2024-07-08 06:44:00,CNR8364773187,Success,CID922018,Prime Plus,MG Road,Marathahalli,224.0,90.0,Not Applicable,Not Applicable,No,Not Applicable,415,UPI,36,3.7,4.8
2024-07-23 09:20:00,CNR8015737431,Success,CID726146,Mini,Ulsoor,Cox Town,91.0,25.0,Not Applicable,Not Applicable,No,Not Applicable,438,UPI,20,3.1,3.7
2024-07-15 02:02:00,CNR7262004179,Success,CID976471,Mini,Nagarbhavi,Whitefield,308.0,115.0,Not Applicable,Not Applicable,No,Not Applicable,233,Cash,23,3.0,4.3
2024-07-08 00:05:00,CNR9147658763,Canceled by Driver,CID673791,Prime Sedan,Langford Town,Langford Town,,,Not Applicable,More than permitted people in there,Not Applicable,Not Applicable,496,Not Applicable,0,,
2024-07-16 01:06:00,CNR5933400332,Driver Not Found,CID648484,Bike,Malleshwaram,Yelahanka,,,Not Applicable,Not Applicable,Not Applicable,Not Applicable,791,Not Applicable,0,,
2024-07-07 05:34:00,CNR8911136206,Canceled by Customer,CID482738,Mini,JP Nagar,Ramamurthy Nagar,,,Driver is not moving towards pickup location,Not Applicable,Not Applicable,Not Applicable,604,Not Applicable,0,,
2024-07-21 01:59:00,CNR9362405110,Success,CID491613,Prime Sedan,Peenya,Devanahalli,245.0,85.0,Not Applicable,Not Applicable,No,Not Applicable,277,UPI,38,4.3,4.2
2024-07-21 16:42:00,CNR6981673962,Success,CID111356,eBike,Langford Town,Hosur Road,112.0,100.0,Not Applicable,Not Applicable,No,Not Applicable,696,Cash,14,4.2,4.1
2024-07-14 19:14:00,CNR3688679183,Canceled by Driver,CID632042,Prime Sedan,Kammanahalli,Shantinagar,,,Not Applicable,Customer related issue,Not Applicable,Not Applicable,218,Not Applicable,0,,
2024-07-21 20:41:00,CNR6087413915,Success,CID799434,Bike,Shantinagar,Richmond Town,273.0,115.0,Not Applicable,Not Applicable,No,Not Applicable,153,Cash,38,3.3,4.9
2024-07-02 16:53:00,CNR7535843949,Canceled by Driver,CID595987,Prime SUV,JP Nagar,Shantinagar,,,Not Applicable,Customer related issue,Not Applicable,Not Applicable,185,Not Applicable,0,,
2024-07-07 09:45:00,CNR8888096709,Canceled by Driver,CID689285,Prime Plus,Majestic,Basavanagudi,,,Not Applicable,Customer related issue,Not Applicable,Not Applicable,264,Not Applicable,0,,
2024-07-22 09:14:00,CNR9438560886,Canceled by Driver,CID989529,Mini,Bannerghatta Road,Varthur,,,Not Applicable,Customer was coughing/sick,Not Applicable,Not Applicable,461,Not Applicable,0,,
2024-07-13 11:31:00,CNR2236861104,Canceled by Driver,CID664595,Prime Plus,Hulimavu,KR Puram,,,Not Applicable,Customer related issue,Not Applicable,Not Applicable,1168,Not Applicable,0,,
2024-07-07 22:48:00,CNR6486272469,Canceled by Driver,CID970887,Prime SUV,Hosur Road,Hulimavu,,,Not Applicable,Customer related issue,Not Applicable,Not Applicable,886,Not Applicable,0,,
2024-07-01 11:30:00,CNR3370965023,Success,CID506319,Auto,Jayanagar,Bellandur,231.0,120.0,Not Applicable,Not Applicable,No,Not Applicable,232,Cash,14,3.9,4.3
2024-07-04 21:38:00,CNR8162747438,Success,CID306264,Prime SUV,Banashankari,Yeshwanthpur,63.0,115.0,Not Applicable,Not Applicable,No,Not Applicable,2337,Cash,37,4.0,4.0
2024-07-12 20:37:00,CNR4648696880,Success,CID579702,Prime Sedan,Langford Town,MG Road,273.0,135.0,Not Applicable,Not Applicable,No,Not Applicable,454,UPI,27,3.9,3.7
2024-07-22 04:29:00,CNR4081595162,Success,CID941346,Mini,Koramangala,Basavanagudi,245.0,80.0,Not Applicable,Not Applicable,No,Not Applicable,294,UPI,42,4.5,4.1
2024-07-07 13:53:00,CNR3440289042,Driver Not Found,CID166567,Mini,Hennur,Rajajinagar,,,Not Applicable,Not Applicable,Not Applicable,Not Applicable,385,Not Applicable,0,,
2024-07-09 13:41:00,CNR4133662623,Canceled by Customer,CID121053,Mini,Rajajinagar,Richmond Town,,,Driver is not moving towards pickup location,Not Applicable,Not Applicable,Not Applicable,743,Not Applicable,0,,
2024-07-07 10:45:00,CNR2120714429,Success,CID914880,eBike,Peenya,HSR Layout,133.0,105.0,Not Applicable,Not Applicable,No,Not Applicable,351,Cash,5,4.0,4.2
2024-07-14 14:32:00,CNR7105572681,Success,CID342742,Mini,Padmanabhanagar,BTM Layout,126.0,85.0,Not Applicable,Not Applicable,No,Not Applicable,243,UPI,48,3.9,4.9
2024-07-10 12:15:00,CNR3959134912,Success,CID470733,Prime Sedan,Bannerghatta Road,Rajarajeshwari Nagar,56.0,145.0,Not Applicable,Not Applicable,No,Not Applicable,439,Cash,29,4.2,4.8
2024-07-03 03:23:00,CNR9366064435,Canceled by Driver,CID778383,eBike,Ramamurthy Nagar,Hosur Road,,,Not Applicable,Customer was coughing/sick,Not Applicable,Not Applicable,111,Not Applicable,0,,
2024-07-18 16:14:00,CNR3415453208,Canceled by Customer,CID195792,Mini,Langford Town,RT Nagar,,,Driver is not moving towards pickup location,Not Applicable,Not Applicable,Not Applicable,321,Not Applicable,0,,
2024-07-02 04:29:00,CNR6184761824,Success,CID150881,Prime Plus,JP Nagar,Sahakar Nagar,301.0,45.0,Not Applicable,Not Applicable,No,Not Applicable,442,UPI,10,4.7,4.6
2024-07-01 21:05:00,CNR6952933532,Canceled by Driver,CID760060,Bike,Marathahalli,JP Nagar,,,Not Applicable,Personal & Car related issue,Not Applicable,Not Applicable,198,Not Applicable,0,,
2024-07-24 03:51:00,CNR3889704877,Driver Not Found,CID273217,Bike,Indiranagar,Indiranagar,,,Not Applicable,Not Applicable,Not Applicable,Not Applicable,383,Not Applicable,0,,
2024-07-21 16:52:00,CNR6161379443,Canceled by Driver,CID451792,eBike,Hennur,Tumkur Road,,,Not Applicable,Personal & Car related issue,Not Applicable,Not Applicable,582,Not Applicable,0,,
2024-07-16 21:40:00,CNR6183296796,Success,CID999088,Bike,Frazer Town,Koramangala,203.0,145.0,Not Applicable,Not Applicable,No,Not Applicable,2766,Cash,15,4.2,4.4
2024-07-08 02:07:00,CNR7742041644,Success,CID554896,Bike,Chamarajpet,MG Road,280.0,40.0,Not Applicable,Not Applicable,No,Not Applicable,286,UPI,26,4.8,4.7
2024-07-01 08:29:00,CNR1304415003,Driver Not Found,CID860256,eBike,Hennur,Ramamurthy Nagar,,,Not Applicable,Not Applicable,Not Applicable,Not Applicable,848,Not Applicable,0,,
2024-07-14 13:05:00,CNR2937202355,Canceled by Driver,CID714470,Prime Plus,Ramamurthy Nagar,RT Nagar,,,Not Applicable,More than permitted people in there,Not Applicable,Not Applicable,128,Not Applicable,0,,
2024-07-07 18:06:00,CNR7393852918,Success,CID309400,Prime Sedan,Varthur,Majestic,35.0,85.0,Not Applicable,Not Applicable,No,Not Applicable,305,Cash,37,3.7,4.6
2024-07-25 19:51:00,CNR7240787699,Success,CID666366,Auto,RT Nagar,Peenya,238.0,130.0,Not Applicable,Not Applicable,No,Not Applicable,1410,Cash,10,3.3,4.2
2024-07-27 09:44:00,CNR9177195644,Canceled by Driver,CID862813,Auto,Padmanabhanagar,KR Puram,,,Not Applicable,Customer related issue,Not Applicable,Not Applicable,147,Not Applicable,0,,
2024-07-28 18:35:00,CNR7141987043,Success,CID236564,Auto,Ulsoor,Bellandur,98.0,80.0,Not Applicable,Not Applicable,No,Not Applicable,494,Cash,6,3.2,4.9
2024-07-28 16:21:00,CNR3978950620,Success,CID201284,Prime SUV,Ulsoor,Marathahalli,35.0,85.0,Not Applicable,Not Applicable,No,Not Applicable,518,Cash,41,4.8,3.3
2024-07-17 03:22:00,CNR7682442692,Success,CID865929,Auto,Devanahalli,Bellandur,126.0,50.0,Not Applicable,Not Applicable,No,Not Applicable,518,Credit Card,7,3.4,3.5
2024-07-02 08:16:00,CNR3018821766,Success,CID311274,Mini,RT Nagar,Koramangala,182.0,115.0,Not Applicable,Not Applicable,No,Not Applicable,420,Cash,44,4.2,3.4
2024-07-16 09:44:00,CNR6896887172,Success,CID888851,Auto,MG Road,JP Nagar,238.0,105.0,Not Applicable,Not Applicable,No,Not Applicable,342,UPI,14,4.6,3.9
2024-07-27 09:42:00,CNR3422289005,Success,CID580858,Mini,Bellandur,Langford Town,273.0,75.0,Not Applicable,Not Applicable,No,Not Applicable,597,UPI,8,4.5,3.8
2024-07-23 00:18:00,CNR3203283524,Success,CID103357,Prime SUV,Yeshwanthpur,Vijayanagar,56.0,55.0,Not Applicable,Not Applicable,No,Not Applicable,395,Cash,30,3.9,4.1
2024-07-25 17:35:00,CNR4289257878,Canceled by Driver,CID799183,Prime Sedan,Peenya,Chickpet,,,Not Applicable,Personal & Car related issue,Not Applicable,Not Applicable,288,Not Applicable,0,,
2024-07-28 05:05:00,CNR9929350237,Success,CID769874,Bike,Rajajinagar,Bannerghatta Road,287.0,95.0,Not Applicable,Not Applicable,Yes,Other Issue,456,Cash,7,3.6,3.2
2024-07-30 11:07:00,CNR8250749036,Success,CID240053,Mini,Frazer Town,Banashankari,42.0,65.0,Not Applicable,Not Applicable,No,Not Applicable,133,Cash,9,3.5,4.6
2024-07-02 03:54:00,CNR4343482777,Success,CID471289,Bike,Varthur,Richmond Town,63.0,35.0,Not Applicable,Not Applicable,No,Not Applicable,847,UPI,41,4.3,3.3
2024-07-09 01:26:00,CNR9193201786,Success,CID459014,Bike,Banashankari,Peenya,273.0,65.0,Not Applicable,Not Applicable,Yes,Customer Demand,350,UPI,14,4.5,3.9
2024-07-07 16:31:00,CNR4806236506,Success,CID872460,Auto,Chamarajpet,Nagarbhavi,203.0,55.0,Not Applicable,Not Applicable,No,Not Applicable,371,UPI,1,4.7,3.2
2024-07-30 08:59:00,CNR9986749306,Canceled by Driver,CID670595,Mini,Nagarbhavi,Ulsoor,,,Not Applicable,Personal & Car related issue,Not Applicable,Not Applicable,181,Not Applicable,0,,
2024-07-23 21:33:00,CNR9171693279,Canceled by Customer,CID574579,Auto,Bellandur,Jayanagar,,,Driver asked to cancel,Not Applicable,Not Applicable,Not Applicable,418,Not Applicable,0,,
2024-07-21 23:32:00,CNR6146556774,Success,CID956601,Bike,Vijayanagar,Bannerghatta Road,175.0,125.0,Not Applicable,Not Applicable,No,Not Applicable,325,UPI,49,4.4,4.4
2024-07-07 16:15:00,CNR8260095789,Success,CID259312,eBike,Varthur,Shivajinagar,70.0,130.0,Not Applicable,Not Applicable,No,Not Applicable,406,Cash,37,4.8,3.6
2024-07-18 04:58:00,CNR6089283387,Success,CID844969,eBike,JP Nagar,Rajarajeshwari Nagar,84.0,55.0,Not Applicable,Not Applicable,No,Not Applicable,456,UPI,46,3.1,3.0
2024-07-13 04:07:00,CNR2970687722,Success,CID219961,eBike,Yelahanka,Varthur,231.0,80.0,Not Applicable,Not Applicable,No,Not Applicable,210,Cash,22,4.0,3.4
2024-07-12 17:04:00,CNR8839000767,Driver Not Found,CID401927,Bike,Devanahalli,BTM Layout,,,Not Applicable,Not Applicable,Not Applicable,Not Applicable,267,Not Applicable,0,,
2024-07-28 03:08:00,CNR2016337865,Canceled by Driver,CID985150,Mini,Magadi Road,Vijayanagar,,,Not Applicable,More than permitted people in there,Not Applicable,Not Applicable,150,Not Applicable,0,,
2024-07-17 21:39:00,CNR2054137966,Canceled by Driver,CID874114,Mini,Magadi Road,Hennur,,,Not Applicable,More than permitted people in there,Not Applicable,Not Applicable,446,Not Applicable,0,,
2024-07-30 17:20:00,CNR2798722102,Success,CID393600,Prime SUV,Chamarajpet,Shantinagar,133.0,30.0,Not Applicable,Not Applicable,No,Not Applicable,111,Cash,2,3.4,3.2
2024-07-13 21:27:00,CNR4517606461,Driver Not Found,CID148982,Prime SUV,Sahakar Nagar,Electronic City,,,Not Applicable,Not Applicable,Not Applicable,Not Applicable,211,Not Applicable,0,,
2024-07-15 02:10:00,CNR4893270083,Canceled by Driver,CID565155,Prime Plus,Kengeri,Cox Town,,,Not Applicable,Customer related issue,Not Applicable,Not Applicable,248,Not Applicable,0,,
2024-07-08 09:50:00,CNR2688910802,Driver Not Found,CID735853,Mini,Magadi Road,Mysore Road,,,Not Applicable,Not Applicable,Not Applicable,Not Applicable,412,Not Applicable,0,,
2024-07-05 09:47:00,CNR6428379343,Canceled by Driver,CID476958,Mini,Electronic City,BTM Layout,,,Not Applicable,Personal & Car related issue,Not Applicable,Not Applicable,694,Not Applicable,0,,
2024-07-04 20:50:00,CNR2644821293,Driver Not Found,CID404294,Prime Plus,Yeshwanthpur,Bannerghatta Road,,,Not Applicable,Not Applicable,Not Applicable,Not Applicable,265,Not Applicable,0,,
2024-07-18 15:53:00,CNR9020602928,Success,CID785158,Prime SUV,Ulsoor,Yeshwanthpur,266.0,40.0,Not Applicable,Not Applicable,No,Not Applicable,461,Cash,14,3.1,4.3
2024-07-13 19:43:00,CNR6608269639,Driver Not Found,CID364300,Prime Plus,Majestic,MG Road,,,Not Applicable,Not Applicable,Not Applicable,Not Applicable,393,Not Applicable,0,,
2024-07-27 00:59:00,CNR6116736316,Driver Not Found,CID298811,Prime Sedan,Basavanagudi,MG Road,,,Not Applicable,Not Applicable,Not Applicable,Not Applicable,544,Not Applicable,0,,
2024-07-17 08:09:00,CNR6401461454,Success,CID262665,Prime Plus,Mysore Road,HSR Layout,273.0,105.0,Not Applicable,Not Applicable,No,Not Applicable,515,Cash,16,4.9,3.3
2024-07-22 15:20:00,CNR9428511136,Success,CID438799,Prime Sedan,Chickpet,Koramangala,70.0,75.0,Not Applicable,Not Applicable,No,Not Applicable,415,Cash,19,4.3,3.8
2024-07-06 18:41:00,CNR2582500437,Success,CID272737,Auto,BTM Layout,Kammanahalli,308.0,105.0,Not Applicable,Not Applicable,No,Not Applicable,1582,UPI,11,3.2,3.4
2024-07-10 20:14:00,CNR8936062006,Success,CID783641,Prime Sedan,Devanahalli,Nagarbhavi,245.0,140.0,Not Applicable,Not Applicable,No,Not Applicable,487,UPI,17,3.8,4.6
2024-07-08 07:44:00,CNR8340969245,Canceled by Driver,CID670104,Auto,Vijayanagar,Kadugodi,,,Not Applicable,Personal & Car related issue,Not Applicable,Not Applicable,782,Not Applicable,0,,
2024-07-30 01:46:00,CNR2966713833,Success,CID285695,eBike,Indiranagar,Bannerghatta Road,140.0,85.0,Not Applicable,Not Applicable,Yes,Customer Demand,135,UPI,7,3.5,3.7
2024-07-29 12:24:00,CNR8297779708,Success,CID375705,eBike,Ulsoor,Bannerghatta Road,98.0,50.0,Not Applicable,Not Applicable,No,Not Applicable,581,Cash,9,3.7,3.5
2024-07-11 10:46:00,CNR7860128545,Canceled by Driver,CID883212,Auto,Rajajinagar,Varthur,,,Not Applicable,Personal & Car related issue,Not Applicable,Not Applicable,353,Not Applicable,0,,
2024-07-12 23:04:00,CNR8051880246,Canceled by Customer,CID523317,Mini,Shivajinagar,JP Nagar,,,Change of plans,Not Applicable,Not Applicable,Not Applicable,290,Not Applicable,0,,
2024-07-27 08:02:00,CNR5659330790,Canceled by Customer,CID184819,eBike,RT Nagar,Vijayanagar,,,Change of plans,Not Applicable,Not Applicable,Not Applicable,427,Not Applicable,0,,
2024-07-03 05:31:00,CNR8116964637,Canceled by Driver,CID523109,Bike,Electronic City,Koramangala,,,Not Applicable,More than permitted people in there,Not Applicable,Not Applicable,2133,Not Applicable,0,,
2024-07-25 09:19:00,CNR8262261059,Success,CID479646,eBike,Sarjapur Road,Kammanahalli,266.0,120.0,Not Applicable,Not Applicable,Yes,Customer Demand,233,UPI,29,4.2,3.8
2024-07-07 20:50:00,CNR9665433073,Success,CID123635,Prime Sedan,Malleshwaram,Banashankari,140.0,55.0,Not Applicable,Not Applicable,No,Not Applicable,489,UPI,49,4.8,4.3
2024-07-01 14:52:00,CNR3839765288,Canceled by Driver,CID464034,Bike,Frazer Town,Bellandur,,,Not Applicable,Personal & Car related issue,Not Applicable,Not Applicable,285,Not Applicable,0,,
2024-07-09 08:32:00,CNR1113444671,Canceled by Driver,CID699665,Prime SUV,Frazer Town,Malleshwaram,,,Not Applicable,Customer related issue,Not Applicable,Not Applicable,565,Not Applicable,0,,
2024-07-04 23:04:00,CNR9526632778,Success,CID904650,Prime Sedan,Kadugodi,Shantinagar,119.0,70.0,Not Applicable,Not Applicable,No,Not Applicable,277,Cash,48,3.4,3.9
2024-07-27 15:34:00,CNR6426839427,Success,CID462493,eBike,Bellandur,Sahakar Nagar,105.0,35.0,Not Applicable,Not Applicable,No,Not Applicable,143,Cash,16,4.5,4.6
2024-07-12 02:30:00,CNR5413595680,Success,CID206518,eBike,Hennur,Magadi Road,105.0,25.0,Not Applicable,Not Applicable,No,Not Applicable,172,Cash,12,4.5,3.1
2024-07-17 08:52:00,CNR2342174030,Canceled by Driver,CID271102,eBike,Koramangala,Nagarbhavi,,,Not Applicable,Customer related issue,Not Applicable,Not Applicable,239,Not Applicable,0,,
2024-07-21 05:07:00,CNR6444735752,Success,CID272548,Mini,Whitefield,Padmanabhanagar,308.0,135.0,Not Applicable,Not Applicable,No,Not Applicable,196,Cash,14,3.3,4.7
2024-07-26 02:31:00,CNR7285496441,Driver Not Found,CID116636,Prime Plus,Tumkur Road,Electronic City,,,Not Applicable,Not Applicable,Not Applicable,Not Applicable,304,Not Applicable,0,,
2024-07-16 03:54:00,CNR2937869413,Driver Not Found,CID622481,Bike,Nagarbhavi,Hennur,,,Not Applicable,Not Applicable,Not Applicable,Not Applicable,185,Not Applicable,0,,
2024-07-19 12:06:00,CNR1886729802,Driver Not Found,CID127590,Prime Sedan,Koramangala,Mysore Road,,,Not Applicable,Not Applicable,Not Applicable,Not Applicable,173,Not Applicable,0,,
2024-07-02 04:40:00,CNR4843931078,Canceled by Customer,CID420343,Auto,Hosur Road,Magadi Road,,,Driver asked to cancel,Not Applicable,Not Applicable,Not Applicable,597,Not Applicable,0,,
2024-07-27 12:36:00,CNR2504950864,Canceled by Customer,CID785993,Prime SUV,Chamarajpet,Padmanabhanagar,,,Driver is not moving towards pickup location,Not Applicable,Not Applicable,Not Applicable,345,Not Applicable,0,,
2024-07-13 10:34:00,CNR8893941365,Success,CID413359,Auto,Frazer Town,Langford Town,84.0,135.0,Not Applicable,Not Applicable,No,Not Applicable,161,Cash,7,3.6,4.2
2024-07-20 11:22:00,CNR7980432948,Success,CID321051,Auto,RT Nagar,Cox Town,294.0,65.0,Not Applicable,Not Applicable,Yes,Customer Demand,135,Cash,11,4.8,4.5
2024-07-07 17:29:00,CNR4538530973,Success,CID816756,Prime SUV,Sarjapur Road,Jayanagar,98.0,135.0,Not Applicable,Not Applicable,No,Not Applicable,158,Cash,24,4.9,4.1
2024-07-10 06:54:00,CNR1034132943,Success,CID890579,eBike,Shantinagar,Basavanagudi,217.0,70.0,Not Applicable,Not Applicable,No,Not Applicable,261,Cash,49,3.4,4.8
2024-07-05 23:25:00,CNR3464996803,Canceled by Driver,CID803985,Auto,Nagarbhavi,Jayanagar,,,Not Applicable,Customer was coughing/sick,Not Applicable,Not Applicable,971,Not Applicable,0,,
2024-07-22 01:47:00,CNR1967439884,Success,CID102575,Prime SUV,Koramangala,Rajarajeshwari Nagar,91.0,25.0,Not Applicable,Not Applicable,No,Not Applicable,328,Cash,1,3.9,4.3
2024-07-04 20:33:00,CNR4617931753,Success,CID195169,Mini,Yelahanka,Malleshwaram,308.0,30.0,Not Applicable,Not Applicable,No,Not Applicable,284,Cash,48,3.5,4.8
2024-07-11 10:28:00,CNR6631510721,Success,CID165049,Auto,Hebbal,Bellandur,280.0,90.0,Not Applicable,Not Applicable,No,Not Applicable,564,Cash,16,4.3,3.7
2024-07-01 19:47:00,CNR2415043185,Success,CID242035,eBike,Tumkur Road,Kadugodi,126.0,40.0,Not Applicable,Not Applicable,No,Not Applicable,501,Cash,22,3.5,3.5
2024-07-09 02:52:00,CNR2201589465,Canceled by Customer,CID733071,Prime SUV,Vijayanagar,Majestic,,,Driver is not moving towards pickup location,Not Applicable,Not Applicable,Not Applicable,409,Not Applicable,0,,
2024-07-24 02:16:00,CNR4670420073,Canceled by Driver,CID124742,Prime Plus,Kengeri,Kammanahalli,,,Not Applicable,More than permitted people in there,Not Applicable,Not Applicable,296,Not Applicable,0,,
2024-07-08 07:27:00,CNR5874300297,Success,CID423447,Mini,Sarjapur Road,Jayanagar,301.0,140.0,Not Applicable,Not Applicable,No,Not Applicable,200,UPI,36,3.8,3.7
2024-07-23 09:58:00,CNR2193943764,Success,CID633672,Prime Plus,Whitefield,Marathahalli,154.0,45.0,Not Applicable,Not Applicable,No,Not Applicable,410,Cash,49,4.6,4.6
2024-07-21 21:42:00,CNR2365449362,Success,CID343502,eBike,Hosur Road,HSR Layout,63.0,50.0,Not Applicable,Not Applicable,No,Not Applicable,295,UPI,25,3.7,3.5
2024-07-19 14:44:00,CNR8678597270,Success,CID456124,eBike,Bellandur,KR Puram,273.0,70.0,Not Applicable,Not Applicable,No,Not Applicable,264,UPI,35,4.6,4.0
2024-07-22 13:18:00,CNR9050152161,Success,CID672018,Prime SUV,Varthur,Padmanabhanagar,147.0,90.0,Not Applicable,Not Applicable,No,Not Applicable,361,UPI,12,5.0,4.3
2024-07-19 07:39:00,CNR4969077979,Success,CID230990,Prime Sedan,Majestic,Banashankari,259.0,135.0,Not Applicable,Not Applicable,Yes,Vehicle Breakdown,121,Cash,28,3.2,4.3
2024-07-09 13:15:00,CNR9997740634,Success,CID163483,Prime SUV,Yelahanka,Rajarajeshwari Nagar,196.0,100.0,Not Applicable,Not Applicable,No,Not Applicable,182,UPI,23,4.3,4.2
2024-07-15 18:11:00,CNR8705150839,Success,CID151469,Mini,Mysore Road,Kadugodi,308.0,125.0,Not Applicable,Not Applicable,No,Not Applicable,566,Cash,19,3.3,3.9
2024-07-22 13:59:00,CNR6523883489,Canceled by Driver,CID748016,Auto,Malleshwaram,Hosur Road,,,Not Applicable,Customer related issue,Not Applicable,Not Applicable,123,Not Applicable,0,,
2024-07-02 18:47:00,CNR6176874959,Success,CID142673,Bike,Bannerghatta Road,Cox Town,112.0,105.0,Not Applicable,Not Applicable,No,Not Applicable,100,Cash,24,3.4,4.4
2024-07-25 12:20:00,CNR1433406837,Canceled by Driver,CID147763,Bike,Banashankari,Sahakar Nagar,,,Not Applicable,Personal & Car related issue,Not Applicable,Not Applicable,274,Not Applicable,0,,
2024-07-26 21:57:00,CNR7878599858,Success,CID941191,Auto,Nagarbhavi,Banashankari,63.0,80.0,Not Applicable,Not Applicable,No,Not Applicable,160,Cash,5,3.9,4.3
2024-07-14 07:48:00,CNR9534659081,Success,CID317222,Prime SUV,Bellandur,Kengeri,266.0,80.0,Not Applicable,Not Applicable,No,Not Applicable,182,Cash,14,3.8,3.7
2024-07-17 23:58:00,CNR6883076100,Driver Not Found,CID587685,Prime Sedan,Devanahalli,Rajarajeshwari Nagar,,,Not Applicable,Not Applicable,Not Applicable,Not Applicable,152,Not Applicable,0,,
2024-07-24 11:07:00,CNR8299719634,Driver Not Found,CID499206,eBike,Malleshwaram,JP Nagar,,,Not Applicable,Not Applicable,Not Applicable,Not Applicable,419,Not Applicable,0,,
2024-07-13 14:50:00,CNR9644953293,Success,CID390285,Bike,Magadi Road,HSR Layout,238.0,75.0,Not Applicable,Not Applicable,No,Not Applicable,363,Cash,8,4.1,3.3
2024-07-24 13:03:00,CNR9096364027,Canceled by Customer,CID525988,Auto,Indiranagar,Sarjapur Road,,,Driver is not moving towards pickup location,Not Applicable,Not Applicable,Not Applicable,430,Not Applicable,0,,
2024-07-09 17:59:00,CNR4553605568,Success,CID885427,Prime Sedan,Richmond Town,BTM Layout,56.0,75.0,Not Applicable,Not Applicable,No,Not Applicable,314,Cash,17,3.2,3.6
2024-07-25 20:18:00,CNR2353834375,Canceled by Customer,CID284452,Mini,Varthur,Banashankari,,,Driver is not moving towards pickup location,Not Applicable,Not Applicable,Not Applicable,496,Not Applicable,0,,
2024-07-27 04:52:00,CNR5284376573,Canceled by Driver,CID138132,Prime SUV,Whitefield,Frazer Town,,,Not Applicable,Customer related issue,Not Applicable,Not Applicable,205,Not Applicable,0,,
2024-07-25 07:47:00,CNR6281767727,Success,CID947937,Prime SUV,Bellandur,Nagarbhavi,217.0,50.0,Not Applicable,Not Applicable,No,Not Applicable,1477,Credit Card,31,4.9,4.1
2024-07-20 06:23:00,CNR5382377839,Success,CID294950,Prime Plus,Hulimavu,Langford Town,63.0,140.0,Not Applicable,Not Applicable,No,Not Applicable,234,UPI,28,3.9,4.2
2024-07-18 02:59:00,CNR3370039514,Success,CID600934,Prime Sedan,Peenya,Shivajinagar,266.0,35.0,Not Applicable,Not Applicable,No,Not Applicable,357,UPI,3,3.8,4.7
2024-07-26 14:51:00,CNR8215442988,Success,CID527032,Mini,Kadugodi,Bannerghatta Road,301.0,95.0,Not Applicable,Not Applicable,No,Not Applicable,765,Cash,45,4.4,4.6
2024-07-22 18:27:00,CNR4748314815,Canceled by Customer,CID813485,Mini,JP Nagar,Kadugodi,,,Change of plans,Not Applicable,Not Applicable,Not Applicable,594,Not Applicable,0,,
2024-07-12 15:52:00,CNR8972093295,Canceled by Customer,CID515950,Prime Plus,Kadugodi,Chamarajpet,,,Change of plans,Not Applicable,Not Applicable,Not Applicable,291,Not Applicable,0,,
2024-07-04 09:16:00,CNR1809456464,Canceled by Driver,CID434429,eBike,Langford Town,Bellandur,,,Not Applicable,Customer related issue,Not Applicable,Not Applicable,119,Not Applicable,0,,
2024-07-23 21:47:00,CNR6760868414,Canceled by Driver,CID636425,eBike,Hennur,Chamarajpet,,,Not Applicable,Customer related issue,Not Applicable,Not Applicable,295,Not Applicable,0,,
2024-07-29 08:40:00,CNR2102403117,Success,CID641504,eBike,HSR Layout,Magadi Road,238.0,120.0,Not Applicable,Not Applicable,No,Not Applicable,213,Cash,1,5.0,4.0
2024-07-25 10:34:00,CNR6429467005,Canceled by Customer,CID978463,Prime Sedan,Rajarajeshwari Nagar,Magadi Road,,,Driver asked to cancel,Not Applicable,Not Applicable,Not Applicable,268,Not Applicable,0,,
2024-07-21 02:58:00,CNR1912081634,Success,CID159757,Bike,Sarjapur Road,MG Road,252.0,100.0,Not Applicable,Not Applicable,No,Not Applicable,179,UPI,17,3.2,4.7
2024-07-06 06:00:00,CNR1331300365,Success,CID202830,Mini,Rajajinagar,Peenya,70.0,65.0,Not Applicable,Not Applicable,No,Not Applicable,142,UPI,17,3.6,4.8
2024-07-08 10:13:00,CNR9762189417,Success,CID630775,Bike,Bellandur,Kengeri,273.0,40.0,Not Applicable,Not Applicable,No,Not Applicable,400,UPI,13,4.8,4.3
2024-07-28 21:20:00,CNR1870260835,Canceled by Driver,CID133965,Prime Plus,Devanahalli,Rajajinagar,,,Not Applicable,Personal & Car related issue,Not Applicable,Not Applicable,2053,Not Applicable,0,,
2024-07-13 23:02:00,CNR8744450670,Canceled by Driver,CID682545,Auto,JP Nagar,Malleshwaram,,,Not Applicable,Customer was coughing/sick,Not Applicable,Not Applicable,231,Not Applicable,0,,
2024-07-06 17:05:00,CNR9260842777,Success,CID995729,Prime SUV,RT Nagar,Yeshwanthpur,308.0,90.0,Not Applicable,Not Applicable,No,Not Applicable,472,Cash,17,3.7,4.9
2024-07-21 10:32:00,CNR7351459060,Driver Not Found,CID240352,Prime SUV,Frazer Town,Chamarajpet,,,Not Applicable,Not Applicable,Not Applicable,Not Applicable,594,Not Applicable,0,,
2024-07-19 21:07:00,CNR9211313699,Success,CID477742,Auto,Kengeri,Frazer Town,231.0,95.0,Not Applicable,Not Applicable,No,Not Applicable,370,UPI,6,3.8,4.1
2024-07-05 22:28:00,CNR3478454478,Success,CID633264,Prime SUV,Hulimavu,Nagarbhavi,49.0,95.0,Not Applicable,Not Applicable,No,Not Applicable,183,UPI,38,4.2,4.2
2024-07-20 18:46:00,CNR7161576819,Canceled by Driver,CID519614,Auto,RT Nagar,Indiranagar,,,Not Applicable,More than permitted people in there,Not Applicable,Not Applicable,139,Not Applicable,0,,
2024-07-01 12:53:00,CNR8005054872,Success,CID365583,Prime Plus,Hennur,MG Road,147.0,60.0,Not Applicable,Not Applicable,No,Not Applicable,138,Cash,31,3.6,3.1
2024-07-05 01:00:00,CNR1611561206,Driver Not Found,CID773163,Prime Sedan,Langford Town,Hulimavu,,,Not Applicable,Not Applicable,Not Applicable,Not Applicable,299,Not Applicable,0,,
2024-07-24 19:23:00,CNR9509917933,Success,CID193795,Prime Plus,Shivajinagar,Sarjapur Road,301.0,55.0,Not Applicable,Not Applicable,No,Not Applicable,2649,Cash,34,3.3,4.0
2024-07-21 23:28:00,CNR7057259711,Success,CID458269,Prime SUV,KR Puram,Malleshwaram,238.0,110.0,Not Applicable,Not Applicable,No,Not Applicable,892,Cash,49,3.4,4.1
2024-07-27 11:29:00,CNR3083512591,Success,CID430643,Bike,Hebbal,Hulimavu,189.0,130.0,Not Applicable,Not Applicable,No,Not Applicable,422,UPI,1,4.5,3.5
2024-07-07 12:21:00,CNR2830610358,Canceled by Customer,CID957730,Mini,Padmanabhanagar,MG Road,,,Driver asked to cancel,Not Applicable,Not Applicable,Not Applicable,480,Not Applicable,0,,
2024-07-06 20:45:00,CNR3061315593,Success,CID450220,Prime SUV,Cox Town,Vijayanagar,266.0,35.0,Not Applicable,Not Applicable,No,Not Applicable,133,UPI,24,3.9,4.5
2024-07-27 13:18:00,CNR8909896795,Driver Not Found,CID442773,Bike,Chickpet,Magadi Road,,,Not Applicable,Not Applicable,Not Applicable,Not Applicable,392,Not Applicable,0,,
2024-07-30 00:47:00,CNR1173530253,Canceled by Customer,CID481106,Prime Plus,Banashankari,Kengeri,,,Driver asked to cancel,Not Applicable,Not Applicable,Not Applicable,476,Not Applicable,0,,
2024-07-13 02:16:00,CNR2161752700,Success,CID905441,Prime Plus,Ramamurthy Nagar,Koramangala,119.0,145.0,Not Applicable,Not Applicable,No,Not Applicable,685,Cash,16,3.7,3.0
2024-07-16 17:08:00,CNR9469246053,Success,CID794427,Prime Plus,Basavanagudi,Sahakar Nagar,294.0,90.0,Not Applicable,Not Applicable,No,Not Applicable,581,UPI,9,4.4,3.9
2024-07-27 02:37:00,CNR9512987819,Canceled by Driver,CID972876,Prime Sedan,Bellandur,Kadugodi,,,Not Applicable,Personal & Car related issue,Not Applicable,Not Applicable,370,Not Applicable,0,,
2024-07-08 04:56:00,CNR6501514384,Success,CID582831,Prime Sedan,Langford Town,Indiranagar,84.0,40.0,Not Applicable,Not Applicable,No,Not Applicable,2730,UPI,18,3.9,4.3
2024-07-04 08:17:00,CNR3065705425,Success,CID581017,Prime SUV,Basavanagudi,Yeshwanthpur,91.0,60.0,Not Applicable,Not Applicable,No,Not Applicable,260,Cash,26,4.5,4.2
2024-07-13 06:18:00,CNR8768577690,Success,CID593909,Bike,Bannerghatta Road,Frazer Town,84.0,90.0,Not Applicable,Not Applicable,No,Not Applicable,159,Cash,28,4.7,4.2
2024-07-26 23:58:00,CNR2785687769,Canceled by Customer,CID441226,Prime Sedan,Yeshwanthpur,Basavanagudi,,,Change of plans,Not Applicable,Not Applicable,Not Applicable,449,Not Applicable,0,,
2024-07-19 12:50:00,CNR5152761063,Success,CID194488,Mini,Cox Town,Mysore Road,35.0,110.0,Not Applicable,Not Applicable,No,Not Applicable,964,UPI,1,5.0,3.6
2024-07-11 20:16:00,CNR1970415493,Success,CID369064,Prime SUV,Bannerghatta Road,Hennur,231.0,130.0,Not Applicable,Not Applicable,No,Not Applicable,247,Cash,9,3.6,4.1
2024-07-05 22:32:00,CNR1786342342,Success,CID881225,eBike,Chamarajpet,Magadi Road,161.0,95.0,Not Applicable,Not Applicable,No,Not Applicable,400,Cash,6,4.6,4.9
2024-07-26 17:04:00,CNR3425655613,Success,CID697836,Prime Sedan,Bannerghatta Road,Malleshwaram,182.0,135.0,Not Applicable,Not Applicable,No,Not Applicable,300,Cash,21,4.0,3.8
2024-07-23 23:12:00,CNR4900159493,Canceled by Customer,CID850481,Auto,Frazer Town,Varthur,,,Driver is not moving towards pickup location,Not Applicable,Not Applicable,Not Applicable,631,Not Applicable,0,,
2024-07-16 11:21:00,CNR1428473426,Success,CID711616,Prime SUV,Banashankari,Basavanagudi,42.0,50.0,Not Applicable,Not Applicable,No,Not Applicable,189,Debit Card,28,4.8,3.9
2024-07-15 02:11:00,CNR3036754599,Success,CID690612,eBike,Padmanabhanagar,Chickpet,42.0,100.0,Not Applicable,Not Applicable,No,Not Applicable,323,Cash,11,3.6,3.6
2024-07-10 06:27:00,CNR3952224782,Success,CID880116,Mini,HSR Layout,Peenya,98.0,95.0,Not Applicable,Not Applicable,No,Not Applicable,536,UPI,45,3.5,4.8
2024-07-07 16:41:00,CNR2607355412,Canceled by Driver,CID205999,Prime Sedan,Bellandur,Richmond Town,,,Not Applicable,Customer was coughing/sick,Not Applicable,Not Applicable,496,Not Applicable,0,,
2024-07-01 21:54:00,CNR4048763074,Canceled by Driver,CID636002,Bike,Richmond Town,MG Road,,,Not Applicable,Personal & Car related issue,Not Applicable,Not Applicable,436,Not Applicable,0,,
2024-07-20 09:59:00,CNR2300301311,Success,CID450777,Prime SUV,Tumkur Road,Ramamurthy Nagar,98.0,140.0,Not Applicable,Not Applicable,No,Not Applicable,789,UPI,43,4.0,4.3
2024-07-18 14:28:00,CNR7489695879,Success,CID589292,Prime Plus,BTM Layout,Malleshwaram,161.0,125.0,Not Applicable,Not Applicable,No,Not Applicable,125,Cash,4,3.5,4.4
2024-07-21 03:03:00,CNR5189470182,Canceled by Driver,CID510376,Prime Plus,Rajajinagar,Sarjapur Road,,,Not Applicable,Personal & Car related issue,Not Applicable,Not Applicable,337,Not Applicable,0,,
2024-07-03 08:33:00,CNR9461927149,Driver Not Found,CID981881,Auto,JP Nagar,Majestic,,,Not Applicable,Not Applicable,Not Applicable,Not Applicable,879,Not Applicable,0,,
2024-07-15 04:17:00,CNR4451133568,Canceled by Customer,CID447155,Mini,Koramangala,Nagarbhavi,,,AC is Not working,Not Applicable,Not Applicable,Not Applicable,252,Not Applicable,0,,
2024-07-02 11:09:00,CNR7140897087,Success,CID239849,Prime SUV,Rajarajeshwari Nagar,Mysore Road,133.0,75.0,Not Applicable,Not Applicable,No,Not Applicable,843,Cash,47,3.1,4.8
2024-07-18 02:20:00,CNR3509381363,Success,CID872661,Prime Plus,Indiranagar,BTM Layout,161.0,55.0,Not Applicable,Not Applicable,No,Not Applicable,516,Cash,33,3.7,4.4
2024-07-16 13:59:00,CNR7864042021,Canceled by Driver,CID322869,Prime Sedan,Sarjapur Road,Richmond Town,,,Not Applicable,More than permitted people in there,Not Applicable,Not Applicable,461,Not Applicable,0,,
2024-07-15 09:24:00,CNR1047672424,Canceled by Driver,CID549234,Prime Sedan,RT Nagar,Langford Town,,,Not Applicable,Customer related issue,Not Applicable,Not Applicable,942,Not Applicable,0,,
2024-07-08 18:50:00,CNR8325513270,Canceled by Customer,CID657269,Prime Plus,JP Nagar,KR Puram,,,Driver asked to cancel,Not Applicable,Not Applicable,Not Applicable,247,Not Applicable,0,,
2024-07-05 06:28:00,CNR2064531496,Driver Not Found,CID869127,Bike,Bellandur,Ramamurthy Nagar,,,Not Applicable,Not Applicable,Not Applicable,Not Applicable,465,Not Applicable,0,,
2024-07-29 20:37:00,CNR9622093003,Success,CID378221,Auto,Indiranagar,Indiranagar,196.0,100.0,Not Applicable,Not Applicable,No,Not Applicable,134,Debit Card,9,3.5,3.2
2024-07-15 18:39:00,CNR1000057875,Canceled by Driver,CID749980,Prime SUV,RT Nagar,Kengeri,,,Not Applicable,Customer was coughing/sick,Not Applicable,Not Applicable,566,Not Applicable,0,,
2024-07-23 09:55:00,CNR5668764229,Success,CID660966,Auto,Banashankari,Indiranagar,140.0,130.0,Not Applicable,Not Applicable,No,Not Applicable,527,Cash,7,3.5,3.3
2024-07-24 04:27:00,CNR9553195447,Canceled by Driver,CID438870,Prime Sedan,Kadugodi,Kammanahalli,,,Not Applicable,Customer related issue,Not Applicable,Not Applicable,745,Not Applicable,0,,
2024-07-03 21:52:00,CNR2556958518,Success,CID607251,eBike,Kammanahalli,Basavanagudi,287.0,90.0,Not Applicable,Not Applicable,No,Not Applicable,394,Cash,36,3.1,4.7
2024-07-15 11:03:00,CNR8293413271,Success,CID250927,Auto,Richmond Town,Rajarajeshwari Nagar,98.0,25.0,Not Applicable,Not Applicable,No,Not Applicable,204,UPI,6,4.6,4.2
2024-07-08 19:56:00,CNR3744125218,Success,CID394203,Prime Plus,MG Road,Koramangala,189.0,120.0,Not Applicable,Not Applicable,No,Not Applicable,381,Cash,7,4.7,4.8
2024-07-20 16:07:00,CNR6754335442,Success,CID665120,Bike,Peenya,Nagarbhavi,224.0,115.0,Not Applicable,Not Applicable,No,Not Applicable,259,Cash,29,3.6,4.5
2024-07-20 13:16:00,CNR3790815008,Success,CID330915,Prime SUV,Banashankari,Rajarajeshwari Nagar,70.0,35.0,Not Applicable,Not Applicable,No,Not Applicable,292,Cash,12,3.6,3.9
2024-07-27 05:12:00,CNR8578447556,Success,CID813787,eBike,Padmanabhanagar,Banashankari,42.0,140.0,Not Applicable,Not Applicable,No,Not Applicable,289,Cash,22,3.9,3.3
2024-07-15 10:10:00,CNR1051188185,Driver Not Found,CID692330,Auto,Cox Town,Padmanabhanagar,,,Not Applicable,Not Applicable,Not Applicable,Not Applicable,829,Not Applicable,0,,
2024-07-18 09:15:00,CNR9042279235,Success,CID738090,Auto,BTM Layout,Sarjapur Road,238.0,55.0,Not Applicable,Not Applicable,No,Not Applicable,386,Cash,12,4.7,3.7
2024-07-07 02:59:00,CNR1600204555,Success,CID582247,Mini,Hosur Road,Mysore Road,196.0,125.0,Not Applicable,Not Applicable,No,Not Applicable,231,Cash,10,4.0,4.8
2024-07-10 22:14:00,CNR9221622735,Driver Not Found,CID348241,Bike,Hebbal,Chamarajpet,,,Not Applicable,Not Applicable,Not Applicable,Not Applicable,929,Not Applicable,0,,
2024-07-20 15:52:00,CNR2259357316,Success,CID436210,Mini,Bellandur,Shantinagar,294.0,100.0,Not Applicable,Not Applicable,No,Not Applicable,2703,Cash,16,3.8,3.3
2024-07-17 10:10:00,CNR7050421914,Success,CID415562,Prime Plus,Chickpet,Rajajinagar,105.0,90.0,Not Applicable,Not Applicable,No,Not Applicable,174,Cash,5,3.4,4.5
2024-07-30 19:39:00,CNR6769894701,Canceled by Customer,CID320533,eBike,Vijayanagar,HSR Layout,,,AC is Not working,Not Applicable,Not Applicable,Not Applicable,737,Not Applicable,0,,
2024-07-30 00:17:00,CNR9110926049,Success,CID567774,Prime SUV,KR Puram,Rajajinagar,84.0,145.0,Not Applicable,Not Applicable,No,Not Applicable,841,Cash,46,4.5,4.8
2024-07-13 08:35:00,CNR8608056631,Success,CID191163,Auto,HSR Layout,Bannerghatta Road,42.0,80.0,Not Applicable,Not Applicable,No,Not Applicable,384,Cash,14,4.9,4.6
2024-07-04 05:48:00,CNR6907308165,Success,CID250768,Auto,Koramangala,Bellandur,238.0,145.0,Not Applicable,Not Applicable,No,Not Applicable,843,UPI,8,3.5,4.9
2024-07-06 00:34:00,CNR5415691574,Success,CID837439,Bike,Rajarajeshwari Nagar,Ulsoor,84.0,85.0,Not Applicable,Not Applicable,No,Not Applicable,140,UPI,48,4.6,4.1
2024-07-27 12:35:00,CNR8201233722,Canceled by Customer,CID830077,Prime Sedan,Magadi Road,MG Road,,,Wrong Address,Not Applicable,Not Applicable,Not Applicable,327,Not Applicable,0,,
2024-07-17 10:19:00,CNR7572093201,Canceled by Customer,CID406111,Bike,Rajarajeshwari Nagar,Basavanagudi,,,Driver is not moving towards pickup location,Not Applicable,Not Applicable,Not Applicable,161,Not Applicable,0,,
2024-07-27 03:56:00,CNR2164856526,Success,CID243977,Bike,Langford Town,Kammanahalli,70.0,130.0,Not Applicable,Not Applicable,No,Not Applicable,547,Cash,12,3.8,3.1
2024-07-13 13:52:00,CNR7225423083,Success,CID167997,Prime Plus,Hennur,Majestic,84.0,55.0,Not Applicable,Not Applicable,No,Not Applicable,233,UPI,25,4.5,4.9
2024-07-10 18:45:00,CNR4463295404,Driver Not Found,CID802735,Prime SUV,Shantinagar,Marathahalli,,,Not Applicable,Not Applicable,Not Applicable,Not Applicable,235,Not Applicable,0,,
2024-07-21 14:31:00,CNR9446961803,Success,CID304354,Bike,Rajajinagar,Sahakar Nagar,294.0,115.0,Not Applicable,Not Applicable,No,Not Applicable,872,UPI,6,3.5,4.4
2024-07-09 23:59:00,CNR1598350855,Driver Not Found,CID686890,Prime SUV,Banashankari,Varthur,,,Not Applicable,Not Applicable,Not Applicable,Not Applicable,388,Not Applicable,0,,
2024-07-29 19:33:00,CNR7431462160,Success,CID873704,Prime Plus,Nagarbhavi,Tumkur Road,224.0,115.0,Not Applicable,Not Applicable,No,Not Applicable,486,Cash,37,3.7,4.7
2024-07-28 14:28:00,CNR2075049836,Driver Not Found,CID409587,Bike,BTM Layout,Hebbal,,,Not Applicable,Not Applicable,Not Applicable,Not Applicable,401,Not Applicable,0,,
2024-07-14 07:41:00,CNR7976367298,Canceled by Driver,CID169945,Prime Plus,Tumkur Road,Bellandur,,,Not Applicable,Personal & Car related issue,Not Applicable,Not Applicable,304,Not Applicable,0,,
2024-07-09 19:43:00,CNR2926002801,Success,CID572011,Prime SUV,Devanahalli,Bellandur,105.0,145.0,Not Applicable,Not Applicable,No,Not Applicable,305,Cash,40,3.1,3.2
2024-07-21 21:54:00,CNR3208170742,Canceled by Customer,CID370477,Prime Sedan,Bellandur,JP Nagar,,,Change of plans,Not Applicable,Not Applicable,Not Applicable,331,Not Applicable,0,,
2024-07-01 05:06:00,CNR6502050305,Success,CID551335,Prime SUV,Hennur,Basavanagudi,203.0,125.0,Not Applicable,Not Applicable,No,Not Applicable,1760,Debit Card,5,3.2,3.6
2024-07-11 12:33:00,CNR2419244407,Canceled by Customer,CID757181,Prime Sedan,Rajarajeshwari Nagar,Langford Town,,,Driver asked to cancel,Not Applicable,Not Applicable,Not Applicable,279,Not Applicable,0,,
2024-07-18 01:55:00,CNR2806170438,Canceled by Driver,CID416494,Auto,Ulsoor,Padmanabhanagar,,,Not Applicable,Personal & Car related issue,Not Applicable,Not Applicable,289,Not Applicable,0,,
2024-07-05 22:08:00,CNR2635262677,Success,CID773380,Prime Plus,Hosur Road,JP Nagar,77.0,95.0,Not Applicable,Not Applicable,No,Not Applicable,2582,UPI,32,3.9,4.0
2024-07-18 12:38:00,CNR2084793978,Canceled by Driver,CID354749,Bike,Varthur,Richmond Town,,,Not Applicable,More than permitted people in there,Not Applicable,Not Applicable,275,Not Applicable,0,,
2024-07-24 23:50:00,CNR6573306676,Success,CID606599,Mini,Kadugodi,Varthur,119.0,145.0,Not Applicable,Not Applicable,No,Not Applicable,312,UPI,36,4.2,4.7
2024-07-02 18:43:00,CNR2577370482,Canceled by Driver,CID835095,Auto,Hulimavu,Hosur Road,,,Not Applicable,More than permitted people in there,Not Applicable,Not Applicable,572,Not Applicable,0,,
2024-07-25 22:48:00,CNR9660774032,Success,CID677681,Prime Plus,JP Nagar,Chamarajpet,119.0,90.0,Not Applicable,Not Applicable,No,Not Applicable,212,UPI,29,3.7,3.2
2024-07-21 02:41:00,CNR8143826152,Success,CID653077,Prime Sedan,Hulimavu,Shantinagar,308.0,25.0,Not Applicable,Not Applicable,No,Not Applicable,316,UPI,38,4.1,3.7
2024-07-26 02:44:00,CNR3284630610,Success,CID502886,Prime Sedan,Marathahalli,HSR Layout,42.0,30.0,Not Applicable,Not Applicable,No,Not Applicable,344,Cash,2,3.1,4.7
2024-07-09 02:23:00,CNR5523140791,Canceled by Driver,CID236695,eBike,Chamarajpet,Richmond Town,,,Not Applicable,More than permitted people in there,Not Applicable,Not Applicable,529,Not Applicable,0,,
2024-07-02 03:34:00,CNR9004376994,Driver Not Found,CID953780,Mini,Bannerghatta Road,Marathahalli,,,Not Applicable,Not Applicable,Not Applicable,Not Applicable,830,Not Applicable,0,,
2024-07-23 13:58:00,CNR9248810966,Success,CID856925,Bike,Sahakar Nagar,Langford Town,147.0,125.0,Not Applicable,Not Applicable,No,Not Applicable,870,Cash,46,4.0,4.5
2024-07-07 19:34:00,CNR7592292569,Success,CID869564,Prime Sedan,Cox Town,Shantinagar,280.0,25.0,Not Applicable,Not Applicable,No,Not Applicable,135,Cash,8,3.9,4.7
2024-07-11 04:01:00,CNR2470102813,Success,CID345612,Prime SUV,Sarjapur Road,Chamarajpet,98.0,70.0,Not Applicable,Not Applicable,No,Not Applicable,447,UPI,1,3.3,4.2
2024-07-27 00:14:00,CNR6058494987,Success,CID727723,Auto,Ramamurthy Nagar,Ulsoor,105.0,115.0,Not Applicable,Not Applicable,No,Not Applicable,227,Cash,17,3.5,4.3
2024-07-27 07:17:00,CNR8314221123,Success,CID830127,Prime Plus,Ramamurthy Nagar,Hebbal,252.0,110.0,Not Applicable,Not Applicable,No,Not Applicable,458,Cash,48,4.5,3.7
2024-07-10 01:34:00,CNR3489092648,Success,CID963934,Bike,Langford Town,Richmond Town,294.0,125.0,Not Applicable,Not Applicable,No,Not Applicable,256,Cash,34,4.7,4.1
2024-07-06 14:17:00,CNR4496110577,Success,CID617393,Prime SUV,Mysore Road,Koramangala,56.0,145.0,Not Applicable,Not Applicable,No,Not Applicable,378,Cash,43,4.6,4.9
2024-07-25 09:02:00,CNR6241026551,Success,CID241609,Prime SUV,Hulimavu,Peenya,252.0,45.0,Not Applicable,Not Applicable,No,Not Applicable,495,UPI,28,3.8,4.3
2024-07-12 00:11:00,CNR7326536976,Canceled by Driver,CID163943,Prime SUV,Banashankari,Hennur,,,Not Applicable,More than permitted people in there,Not Applicable,Not Applicable,164,Not Applicable,0,,
2024-07-15 18:30:00,CNR6976240781,Success,CID880829,Auto,Devanahalli,Hennur,252.0,25.0,Not Applicable,Not Applicable,Yes,Vehicle Breakdown,454,UPI,12,3.3,4.9
2024-07-04 23:58:00,CNR8528656737,Success,CID211948,eBike,Langford Town,Langford Town,49.0,25.0,Not Applicable,Not Applicable,No,Not Applicable,365,Cash,18,3.2,3.1
2024-07-14 09:27:00,CNR8713681955,Success,CID831631,eBike,RT Nagar,Marathahalli,217.0,105.0,Not Applicable,Not Applicable,No,Not Applicable,990,UPI,29,3.8,3.4
2024-07-02 00:46:00,CNR1162097307,Success,CID189446,eBike,Sarjapur Road,RT Nagar,42.0,120.0,Not Applicable,Not Applicable,No,Not Applicable,292,UPI,34,4.6,4.5
2024-07-06 04:51:00,CNR9464662013,Success,CID610251,Prime Sedan,Kammanahalli,Chamarajpet,224.0,100.0,Not Applicable,Not Applicable,No,Not Applicable,239,UPI,11,4.5,4.3
2024-07-25 21:06:00,CNR8493886073,Driver Not Found,CID866196,Prime SUV,Langford Town,Hosur Road,,,Not Applicable,Not Applicable,Not Applicable,Not Applicable,104,Not Applicable,0,,
2024-07-10 08:42:00,CNR1430088962,Canceled by Driver,CID657642,Bike,MG Road,Magadi Road,,,Not Applicable,More than permitted people in there,Not Applicable,Not Applicable,418,Not Applicable,0,,
2024-07-11 03:02:00,CNR9960948132,Canceled by Driver,CID289655,Prime Sedan,Sahakar Nagar,Chickpet,,,Not Applicable,Personal & Car related issue,Not Applicable,Not Applicable,246,Not Applicable,0,,
2024-07-28 10:51:00,CNR5842685246,Success,CID622710,Auto,Kadugodi,Hennur,238.0,60.0,Not Applicable,Not Applicable,No,Not Applicable,252,Cash,14,5.0,3.7
2024-07-01 15:11:00,CNR5519001222,Driver Not Found,CID622508,Prime Sedan,Marathahalli,Chamarajpet,,,Not Applicable,Not Applicable,Not Applicable,Not Applicable,483,Not Applicable,0,,
2024-07-25 08:08:00,CNR5850666444,Success,CID975328,Prime SUV,Marathahalli,Hebbal,133.0,135.0,Not Applicable,Not Applicable,No,Not Applicable,286,UPI,5,3.1,4.2
2024-07-29 10:39:00,CNR8633987623,Canceled by Driver,CID458441,Mini,Bannerghatta Road,Electronic City,,,Not Applicable,Personal & Car related issue,Not Applicable,Not Applicable,564,Not Applicable,0,,
2024-07-13 13:57:00,CNR7368951864,Success,CID531960,Prime Plus,Tumkur Road,Magadi Road,259.0,60.0,Not Applicable,Not Applicable,No,Not Applicable,388,Cash,4,4.0,3.4
2024-07-19 00:45:00,CNR1950124263,Success,CID116267,Prime Sedan,Hennur,Nagarbhavi,266.0,50.0,Not Applicable,Not Applicable,No,Not Applicable,902,UPI,33,3.1,3.4
2024-07-22 12:15:00,CNR3116586706,Success,CID498899,Prime Sedan,Rajarajeshwari Nagar,KR Puram,196.0,105.0,Not Applicable,Not Applicable,No,Not Applicable,302,UPI,33,3.9,3.1
2024-07-01 10:34:00,CNR7785245823,Canceled by Customer,CID360850,eBike,Kammanahalli,Banashankari,,,Driver is not moving towards pickup location,Not Applicable,Not Applicable,Not Applicable,286,Not Applicable,0,,
2024-07-11 07:45:00,CNR7221355135,Canceled by Driver,CID444066,eBike,Yeshwanthpur,Kadugodi,,,Not Applicable,Personal & Car related issue,Not Applicable,Not Applicable,187,Not Applicable,0,,
2024-07-20 16:47:00,CNR4373757250,Success,CID282990,eBike,Indiranagar,BTM Layout,70.0,95.0,Not Applicable,Not Applicable,No,Not Applicable,2683,Cash,25,4.2,4.3
2024-07-03 07:42:00,CNR7312480347,Success,CID861315,Bike,Nagarbhavi,Ulsoor,238.0,25.0,Not Applicable,Not Applicable,No,Not Applicable,344,UPI,31,4.1,3.4
2024-07-05 18:05:00,CNR1210593209,Success,CID467518,Mini,Padmanabhanagar,Whitefield,203.0,25.0,Not Applicable,Not Applicable,No,Not Applicable,452,Cash,8,3.1,4.0
2024-07-29 13:03:00,CNR4956503297,Success,CID964359,Prime Sedan,Yeshwanthpur,Varthur,182.0,95.0,Not Applicable,Not Applicable,No,Not Applicable,104,Cash,30,4.0,3.9
2024-07-25 15:11:00,CNR7518532052,Success,CID620536,eBike,Chamarajpet,Chickpet,105.0,130.0,Not Applicable,Not Applicable,No,Not Applicable,139,Cash,38,4.0,3.4
2024-07-13 01:06:00,CNR2506543711,Success,CID249589,Prime SUV,Kammanahalli,Whitefield,70.0,75.0,Not Applicable,Not Applicable,No,Not Applicable,390,Cash,33,4.7,3.5
2024-07-02 02:31:00,CNR7795764503,Success,CID930855,Prime Plus,Chickpet,Hosur Road,119.0,140.0,Not Applicable,Not Applicable,No,Not Applicable,994,Cash,15,3.5,3.9
2024-07-20 02:56:00,CNR9358051663,Success,CID515728,Prime Sedan,Whitefield,Ulsoor,35.0,130.0,Not Applicable,Not Applicable,No,Not Applicable,400,UPI,20,3.6,3.6
2024-07-09 14:39:00,CNR8761719847,Success,CID932613,Auto,Majestic,Mysore Road,238.0,100.0,Not Applicable,Not Applicable,No,Not Applicable,976,UPI,11,4.4,4.2
2024-07-28 21:14:00,CNR6988557553,Canceled by Driver,CID712543,Mini,Kammanahalli,Bannerghatta Road,,,Not Applicable,More than permitted people in there,Not Applicable,Not Applicable,523,Not Applicable,0,,
2024-07-02 08:51:00,CNR9709945821,Canceled by Customer,CID357343,Prime Plus,Shantinagar,MG Road,,,Driver asked to cancel,Not Applicable,Not Applicable,Not Applicable,704,Not Applicable,0,,
2024-07-27 02:12:00,CNR6095796180,Canceled by Customer,CID343111,Prime SUV,Hosur Road,Chickpet,,,Driver is not moving towards pickup location,Not Applicable,Not Applicable,Not Applicable,480,Not Applicable,0,,
2024-07-01 12:39:00,CNR9549725717,Success,CID340436,Prime SUV,Cox Town,Indiranagar,154.0,110.0,Not Applicable,Not Applicable,No,Not Applicable,325,UPI,28,4.7,3.7
2024-07-12 08:39:00,CNR1646486574,Success,CID606470,Prime SUV,Kadugodi,Jayanagar,119.0,50.0,Not Applicable,Not Applicable,No,Not Applicable,165,Credit Card,25,4.4,3.2
2024-07-10 15:35:00,CNR7707189426,Success,CID569283,Bike,Padmanabhanagar,Mysore Road,203.0,115.0,Not Applicable,Not Applicable,No,Not Applicable,961,UPI,15,4.7,4.5
2024-07-09 16:20:00,CNR7136264825,Success,CID856337,Auto,Rajarajeshwari Nagar,Hennur,238.0,50.0,Not Applicable,Not Applicable,No,Not Applicable,326,UPI,3,4.1,3.8
2024-07-15 21:18:00,CNR6799915972,Success,CID704104,eBike,Kadugodi,MG Road,231.0,80.0,Not Applicable,Not Applicable,No,Not Applicable,185,Cash,34,3.5,4.2
2024-07-15 14:29:00,CNR2470500606,Success,CID882847,Mini,Shivajinagar,Electronic City,161.0,110.0,Not Applicable,Not Applicable,No,Not Applicable,112,Cash,46,3.3,4.4
2024-07-27 03:45:00,CNR4552595333,Success,CID236660,Bike,Majestic,Electronic City,84.0,100.0,Not Applicable,Not Applicable,No,Not Applicable,407,Cash,26,3.6,3.5
2024-07-11 21:40:00,CNR3256930011,Canceled by Driver,CID756986,Bike,Shivajinagar,Chickpet,,,Not Applicable,Personal & Car related issue,Not Applicable,Not Applicable,275,Not Applicable,0,,
2024-07-04 17:52:00,CNR7316129935,Canceled by Driver,CID461175,Bike,Ramamurthy Nagar,Yelahanka,,,Not Applicable,Personal & Car related issue,Not Applicable,Not Applicable,167,Not Applicable,0,,
2024-07-05 12:31:00,CNR8914817640,Canceled by Driver,CID939663,Mini,MG Road,MG Road,,,Not Applicable,Customer related issue,Not Applicable,Not Applicable,187,Not Applicable,0,,
2024-07-01 01:10:00,CNR8191389563,Success,CID633795,eBike,Banashankari,Marathahalli,168.0,85.0,Not Applicable,Not Applicable,No,Not Applicable,460,Cash,26,4.4,4.8
2024-07-03 09:37:00,CNR3631710902,Success,CID947432,Mini,BTM Layout,Basavanagudi,133.0,130.0,Not Applicable,Not Applicable,No,Not Applicable,884,Cash,47,3.8,3.6
2024-07-04 21:37:00,CNR9172433390,Driver Not Found,CID498510,Mini,Devanahalli,Vijayanagar,,,Not Applicable,Not Applicable,Not Applicable,Not Applicable,419,Not Applicable,0,,
2024-07-02 05:37:00,CNR7642165620,Canceled by Driver,CID647991,Mini,Langford Town,Kengeri,,,Not Applicable,Customer related issue,Not Applicable,Not Applicable,1281,Not Applicable,0,,
2024-07-28 02:05:00,CNR9870101171,Success,CID522416,Prime Sedan,KR Puram,Jayanagar,147.0,145.0,Not Applicable,Not Applicable,No,Not Applicable,309,UPI,15,4.1,4.0
2024-07-20 07:56:00,CNR8170698298,Success,CID723239,Prime SUV,Kengeri,MG Road,182.0,85.0,Not Applicable,Not Applicable,No,Not Applicable,721,Credit Card,44,3.6,4.8
2024-07-09 17:58:00,CNR4298706341,Canceled by Driver,CID904841,Prime Plus,Shivajinagar,Shantinagar,,,Not Applicable,Personal & Car related issue,Not Applicable,Not Applicable,558,Not Applicable,0,,
2024-07-01 17:42:00,CNR9054372207,Success,CID439580,Bike,Whitefield,Indiranagar,266.0,70.0,Not Applicable,Not Applicable,Yes,Customer Demand,191,Cash,18,3.6,4.0
2024-07-15 06:02:00,CNR9467108707,Canceled by Driver,CID493005,Prime SUV,Chamarajpet,Cox Town,,,Not Applicable,Customer related issue,Not Applicable,Not Applicable,1353,Not Applicable,0,,
2024-07-22 07:47:00,CNR6343687831,Success,CID111194,eBike,Kammanahalli,Padmanabhanagar,301.0,75.0,Not Applicable,Not Applicable,No,Not Applicable,475,Cash,1,4.7,4.3
2024-07-26 09:33:00,CNR8101018749,Canceled by Customer,CID746106,Bike,Peenya,Majestic,,,Driver is not moving towards pickup location,Not Applicable,Not Applicable,Not Applicable,248,Not Applicable,0,,
2024-07-05 22:15:00,CNR2012079364,Canceled by Driver,CID567194,Prime Plus,Hulimavu,KR Puram,,,Not Applicable,Customer was coughing/sick,Not Applicable,Not Applicable,478,Not Applicable,0,,
2024-07-07 05:39:00,CNR1677448891,Canceled by Driver,CID187365,Mini,Banashankari,JP Nagar,,,Not Applicable,Personal & Car related issue,Not Applicable,Not Applicable,242,Not Applicable,0,,
2024-07-15 16:48:00,CNR2194932508,Success,CID161090,eBike,KR Puram,Kadugodi,119.0,80.0,Not Applicable,Not Applicable,No,Not Applicable,266,Credit Card,37,4.8,3.6
2024-07-30 23:07:00,CNR2696886863,Success,CID303662,Bike,Kammanahalli,Ulsoor,266.0,50.0,Not Applicable,Not Applicable,No,Not Applicable,134,UPI,41,4.3,3.2
2024-07-07 16:00:00,CNR9070583111,Canceled by Driver,CID782064,Mini,BTM Layout,Ramamurthy Nagar,,,Not Applicable,Personal & Car related issue,Not Applicable,Not Applicable,135,Not Applicable,0,,
2024-07-22 08:26:00,CNR6795121079,Success,CID424677,Prime SUV,Ramamurthy Nagar,Varthur,287.0,70.0,Not Applicable,Not Applicable,No,Not Applicable,1063,Credit Card,21,4.5,4.4
2024-07-01 21:05:00,CNR2464709956,Canceled by Customer,CID392481,Prime Plus,Malleshwaram,Ulsoor,,,AC is Not working,Not Applicable,Not Applicable,Not Applicable,187,Not Applicable,0,,
2024-07-11 17:32:00,CNR7347668409,Success,CID703427,Prime Sedan,Shivajinagar,Ulsoor,175.0,100.0,Not Applicable,Not Applicable,No,Not Applicable,144,Cash,37,3.9,5.0
2024-07-29 00:53:00,CNR6579183394,Success,CID418049,Prime SUV,Whitefield,Yelahanka,105.0,100.0,Not Applicable,Not Applicable,No,Not Applicable,482,Debit Card,26,3.8,4.2
2024-07-19 10:30:00,CNR4973929429,Driver Not Found,CID915527,Prime Plus,Banashankari,Langford Town,,,Not Applicable,Not Applicable,Not Applicable,Not Applicable,199,Not Applicable,0,,
2024-07-26 21:47:00,CNR1874770872,Driver Not Found,CID510595,Mini,Chickpet,Majestic,,,Not Applicable,Not Applicable,Not Applicable,Not Applicable,596,Not Applicable,0,,
2024-07-04 14:37:00,CNR3554003756,Success,CID530962,Prime Sedan,Shivajinagar,Nagarbhavi,259.0,35.0,Not Applicable,Not Applicable,No,Not Applicable,290,Debit Card,2,3.7,4.4
2024-07-13 11:00:00,CNR2526179713,Success,CID426998,Prime SUV,Whitefield,Richmond Town,308.0,40.0,Not Applicable,Not Applicable,No,Not Applicable,562,Cash,33,4.5,4.9
2024-07-01 21:30:00,CNR7614578360,Success,CID544713,Bike,Chickpet,Kengeri,112.0,75.0,Not Applicable,Not Applicable,No,Not Applicable,179,UPI,8,3.1,3.2
2024-07-15 09:25:00,CNR3073041774,Success,CID497405,Prime SUV,Magadi Road,Peenya,154.0,115.0,Not Applicable,Not Applicable,No,Not Applicable,794,Cash,6,3.4,4.2
2024-07-27 13:33:00,CNR2745324714,Success,CID819902,Prime SUV,MG Road,RT Nagar,273.0,100.0,Not Applicable,Not Applicable,No,Not Applicable,140,UPI,46,4.1,4.6
2024-07-25 02:37:00,CNR6893136857,Canceled by Customer,CID969539,Prime Plus,Varthur,Koramangala,,,Driver is not moving towards pickup location,Not Applicable,Not Applicable,Not Applicable,450,Not Applicable,0,,
2024-07-15 01:44:00,CNR1001001397,Canceled by Driver,CID473387,Mini,Devanahalli,Ulsoor,,,Not Applicable,Personal & Car related issue,Not Applicable,Not Applicable,381,Not Applicable,0,,
2024-07-17 16:37:00,CNR9318989364,Canceled by Driver,CID202345,Auto,Ulsoor,Mysore Road,,,Not Applicable,Personal & Car related issue,Not Applicable,Not Applicable,355,Not Applicable,0,,
2024-07-12 00:55:00,CNR6551272429,Success,CID538755,eBike,Devanahalli,Indiranagar,140.0,65.0,Not Applicable,Not Applicable,No,Not Applicable,252,UPI,11,4.3,4.4
2024-07-13 13:56:00,CNR8163781134,Canceled by Driver,CID298719,Bike,Cox Town,BTM Layout,,,Not Applicable,Customer related issue,Not Applicable,Not Applicable,187,Not Applicable,0,,
2024-07-22 04:00:00,CNR7264169104,Success,CID594899,eBike,Rajarajeshwari Nagar,Hebbal,189.0,30.0,Not Applicable,Not Applicable,No,Not Applicable,179,Cash,4,3.5,4.5
2024-07-12 21:22:00,CNR8991596745,Canceled by Customer,CID845344,Bike,Hebbal,Shantinagar,,,Change of plans,Not Applicable,Not Applicable,Not Applicable,1191,Not Applicable,0,,
2024-07-15 08:55:00,CNR8095500900,Success,CID447624,eBike,KR Puram,Rajarajeshwari Nagar,119.0,90.0,Not Applicable,Not Applicable,No,Not Applicable,923,UPI,20,4.8,4.9
2024-07-10 22:29:00,CNR1676847072,Success,CID916718,Mini,Majestic,Peenya,245.0,50.0,Not Applicable,Not Applicable,No,Not Applicable,335,UPI,41,4.2,3.0
2024-07-28 11:54:00,CNR4674068198,Success,CID993783,Prime SUV,Ramamurthy Nagar,Frazer Town,203.0,25.0,Not Applicable,Not Applicable,No,Not Applicable,901,UPI,12,3.7,3.0
2024-07-18 18:07:00,CNR9953370611,Success,CID705189,eBike,Hosur Road,Sahakar Nagar,280.0,45.0,Not Applicable,Not Applicable,No,Not Applicable,126,UPI,18,4.5,3.7
2024-07-18 02:07:00,CNR7663950578,Success,CID226593,eBike,Koramangala,Ramamurthy Nagar,84.0,40.0,Not Applicable,Not Applicable,No,Not Applicable,287,Cash,36,4.9,3.9
2024-07-06 13:23:00,CNR3492278278,Canceled by Customer,CID171907,Prime Sedan,Ramamurthy Nagar,Ramamurthy Nagar,,,AC is Not working,Not Applicable,Not Applicable,Not Applicable,354,Not Applicable,0,,
2024-07-10 07:34:00,CNR2290624400,Success,CID224403,Prime Sedan,Marathahalli,Electronic City,49.0,105.0,Not Applicable,Not Applicable,No,Not Applicable,707,Cash,24,3.5,3.2
2024-07-14 03:41:00,CNR9543311911,Canceled by Customer,CID541551,Bike,Majestic,Shantinagar,,,Driver is not moving towards pickup location,Not Applicable,Not Applicable,Not Applicable,256,Not Applicable,0,,
2024-07-05 08:50:00,CNR9089407318,Canceled by Driver,CID828759,Prime Plus,Hennur,Shivajinagar,,,Not Applicable,Customer related issue,Not Applicable,Not Applicable,435,Not Applicable,0,,
2024-07-03 01:11:00,CNR7810617056,Driver Not Found,CID861164,Prime Sedan,Cox Town,Sahakar Nagar,,,Not Applicable,Not Applicable,Not Applicable,Not Applicable,115,Not Applicable,0,,
2024-07-10 00:22:00,CNR3652243184,Success,CID927906,eBike,Rajajinagar,Kammanahalli,231.0,80.0,Not Applicable,Not Applicable,No,Not Applicable,121,Cash,34,3.3,3.1
2024-07-14 08:41:00,CNR4245966231,Success,CID127005,eBike,Hebbal,Hosur Road,77.0,70.0,Not Applicable,Not Applicable,No,Not Applicable,155,Cash,41,4.0,3.4
2024-07-05 10:56:00,CNR1673730566,Success,CID536357,Prime SUV,Peenya,KR Puram,105.0,50.0,Not Applicable,Not Applicable,Yes,Customer Demand,562,UPI,46,3.1,3.4
2024-07-17 06:44:00,CNR7863057221,Canceled by Driver,CID179681,Prime SUV,Padmanabhanagar,Hebbal,,,Not Applicable,Customer was coughing/sick,Not Applicable,Not Applicable,624,Not Applicable,0,,
2024-07-17 19:20:00,CNR6552192381,Success,CID301025,Mini,Shivajinagar,Chamarajpet,119.0,30.0,Not Applicable,Not Applicable,No,Not Applicable,305,UPI,5,4.4,4.0
2024-07-07 06:21:00,CNR3909154090,Canceled by Driver,CID334888,Prime Sedan,Chickpet,Sarjapur Road,,,Not Applicable,More than permitted people in there,Not Applicable,Not Applicable,361,Not Applicable,0,,
2024-07-29 02:03:00,CNR9098846866,Success,CID624378,Mini,Kammanahalli,Hulimavu,196.0,135.0,Not Applicable,Not Applicable,No,Not Applicable,382,UPI,22,4.5,4.8
2024-07-03 13:23:00,CNR7363836557,Canceled by Customer,CID714425,Bike,MG Road,Shantinagar,,,Driver is not moving towards pickup location,Not Applicable,Not Applicable,Not Applicable,378,Not Applicable,0,,
2024-07-18 19:04:00,CNR7322151178,Canceled by Customer,CID166253,Prime Sedan,Chamarajpet,Hosur Road,,,Driver is not moving towards pickup location,Not Applicable,Not Applicable,Not Applicable,455,Not Applicable,0,,
2024-07-21 12:11:00,CNR5665108150,Success,CID191820,Prime Plus,Hulimavu,Koramangala,63.0,40.0,Not Applicable,Not Applicable,No,Not Applicable,263,UPI,42,4.6,3.5
2024-07-26 14:16:00,CNR2141924592,Success,CID175823,Bike,Rajarajeshwari Nagar,Shivajinagar,42.0,100.0,Not Applicable,Not Applicable,No,Not Applicable,202,Cash,41,4.1,3.8
2024-07-17 16:31:00,CNR6233825602,Success,CID791678,Prime SUV,Kadugodi,Electronic City,196.0,130.0,Not Applicable,Not Applicable,No,Not Applicable,179,Cash,47,4.5,4.2
2024-07-27 00:07:00,CNR4486537172,Canceled by Driver,CID871852,Prime Sedan,Kengeri,Kammanahalli,,,Not Applicable,More than permitted people in there,Not Applicable,Not Applicable,836,Not Applicable,0,,
2024-07-30 01:55:00,CNR8208748437,Canceled by Driver,CID737314,Prime Sedan,Chickpet,Electronic City,,,Not Applicable,Customer related issue,Not Applicable,Not Applicable,215,Not Applicable,0,,
2024-07-06 03:05:00,CNR2251270017,Driver Not Found,CID104213,Prime Plus,Nagarbhavi,Cox Town,,,Not Applicable,Not Applicable,Not Applicable,Not Applicable,338,Not Applicable,0,,
2024-07-14 01:42:00,CNR2335006235,Canceled by Driver,CID948653,Prime SUV,Vijayanagar,Frazer Town,,,Not Applicable,Customer related issue,Not Applicable,Not Applicable,404,Not Applicable,0,,
2024-07-15 13:26:00,CNR1222922270,Driver Not Found,CID738869,Prime Plus,Hulimavu,KR Puram,,,Not Applicable,Not Applicable,Not Applicable,Not Applicable,429,Not Applicable,0,,
2024-07-09 18:12:00,CNR7038884184,Success,CID331966,eBike,Koramangala,Bellandur,217.0,90.0,Not Applicable,Not Applicable,No,Not Applicable,205,Cash,32,3.5,3.9
2024-07-06 00:54:00,CNR1093070984,Canceled by Driver,CID426650,Prime Plus,RT Nagar,Indiranagar,,,Not Applicable,Customer related issue,Not Applicable,Not Applicable,149,Not Applicable,0,,
2024-07-20 02:39:00,CNR1455973658,Success,CID832405,Prime SUV,Yeshwanthpur,Hulimavu,70.0,75.0,Not Applicable,Not Applicable,No,Not Applicable,395,UPI,12,3.5,4.1
2024-07-27 03:30:00,CNR7091854502,Success,CID374888,Mini,Richmond Town,Bannerghatta Road,252.0,30.0,Not Applicable,Not Applicable,No,Not Applicable,751,UPI,17,4.3,4.7
2024-07-16 04:51:00,CNR7715663742,Success,CID399532,eBike,Indiranagar,Hebbal,189.0,75.0,Not Applicable,Not Applicable,No,Not Applicable,332,Cash,37,5.0,3.5
2024-07-27 05:33:00,CNR5956373019,Canceled by Driver,CID100298,Mini,Yeshwanthpur,Richmond Town,,,Not Applicable,Personal & Car related issue,Not Applicable,Not Applicable,658,Not Applicable,0,,
2024-07-02 15:48:00,CNR7857874740,Canceled by Driver,CID259096,Prime SUV,Nagarbhavi,Devanahalli,,,Not Applicable,Customer was coughing/sick,Not Applicable,Not Applicable,187,Not Applicable,0,,
2024-07-15 14:57:00,CNR7483795540,Success,CID853988,Prime SUV,Rajarajeshwari Nagar,Hosur Road,280.0,35.0,Not Applicable,Not Applicable,No,Not Applicable,118,Cash,46,3.4,3.5
2024-07-20 19:27:00,CNR2700961599,Canceled by Driver,CID294051,Prime SUV,Bannerghatta Road,Malleshwaram,,,Not Applicable,Customer was coughing/sick,Not Applicable,Not Applicable,382,Not Applicable,0,,
2024-07-09 19:27:00,CNR5573706856,Success,CID696570,Auto,Magadi Road,Rajarajeshwari Nagar,238.0,65.0,Not Applicable,Not Applicable,No,Not Applicable,209,UPI,12,4.5,3.3
2024-07-03 14:59:00,CNR8900650833,Success,CID797890,eBike,Rajajinagar,JP Nagar,175.0,120.0,Not Applicable,Not Applicable,No,Not Applicable,217,Cash,19,3.9,4.9
2024-07-19 13:23:00,CNR8008204065,Success,CID488294,Bike,Sahakar Nagar,BTM Layout,280.0,50.0,Not Applicable,Not Applicable,Yes,Other Issue,902,UPI,37,4.1,4.4
2024-07-24 09:15:00,CNR7091306148,Success,CID976303,eBike,Cox Town,Basavanagudi,252.0,130.0,Not Applicable,Not Applicable,No,Not Applicable,298,Cash,4,4.0,3.4
2024-07-11 12:04:00,CNR6726586230,Success,CID616273,Mini,Ramamurthy Nagar,Langford Town,266.0,130.0,Not Applicable,Not Applicable,No,Not Applicable,405,Cash,10,4.6,4.3
2024-07-22 16:55:00,CNR6681615231,Canceled by Driver,CID975296,eBike,Langford Town,Shivajinagar,,,Not Applicable,Customer related issue,Not Applicable,Not Applicable,644,Not Applicable,0,,
2024-07-01 01:16:00,CNR5138970953,Success,CID886693,Mini,Langford Town,Tumkur Road,294.0,50.0,Not Applicable,Not Applicable,No,Not Applicable,114,Cash,27,4.9,4.5
2024-07-30 14:15:00,CNR4995791740,Success,CID996136,Prime Sedan,Langford Town,Peenya,301.0,75.0,Not Applicable,Not Applicable,No,Not Applicable,155,UPI,24,4.1,3.5
2024-07-24 16:26:00,CNR5679004210,Success,CID979942,Prime Plus,HSR Layout,Banashankari,91.0,100.0,Not Applicable,Not Applicable,No,Not Applicable,418,UPI,47,4.1,3.1
2024-07-29 15:12:00,CNR9911926321,Success,CID870235,eBike,Rajarajeshwari Nagar,Padmanabhanagar,175.0,60.0,Not Applicable,Not Applicable,No,Not Applicable,352,Cash,44,3.9,4.8
2024-07-25 09:17:00,CNR7593212934,Success,CID947584,Prime Sedan,Kengeri,Sahakar Nagar,280.0,120.0,Not Applicable,Not Applicable,No,Not Applicable,665,Cash,31,4.7,3.3
2024-07-26 18:23:00,CNR6291640848,Success,CID180728,Bike,Bannerghatta Road,Hennur,147.0,120.0,Not Applicable,Not Applicable,No,Not Applicable,307,Cash,17,4.9,4.7
2024-07-24 17:38:00,CNR3319409426,Success,CID421565,Prime SUV,Yeshwanthpur,Langford Town,119.0,35.0,Not Applicable,Not Applicable,No,Not Applicable,412,Cash,43,3.9,3.4
2024-07-07 12:39:00,CNR7727727026,Success,CID839363,Prime SUV,Hebbal,BTM Layout,147.0,125.0,Not Applicable,Not Applicable,No,Not Applicable,350,Cash,32,4.2,3.1
2024-07-04 02:15:00,CNR1689767945,Canceled by Customer,CID847072,Prime Sedan,KR Puram,Devanahalli,,,Wrong Address,Not Applicable,Not Applicable,Not Applicable,954,Not Applicable,0,,
2024-07-30 10:44:00,CNR7030589433,Success,CID301267,Prime SUV,JP Nagar,Rajajinagar,266.0,45.0,Not Applicable,Not Applicable,No,Not Applicable,274,Cash,28,3.0,4.4
2024-07-30 20:02:00,CNR3475131615,Success,CID746066,Prime Plus,Marathahalli,JP Nagar,287.0,35.0,Not Applicable,Not Applicable,No,Not Applicable,179,UPI,48,3.5,3.8
2024-07-01 09:27:00,CNR5481175292,Success,CID578518,Prime Plus,Tumkur Road,Whitefield,182.0,70.0,Not Applicable,Not Applicable,No,Not Applicable,239,UPI,27,3.0,3.7
2024-07-19 21:05:00,CNR6114195682,Success,CID106179,Prime SUV,Rajarajeshwari Nagar,Langford Town,238.0,145.0,Not Applicable,Not Applicable,No,Not Applicable,406,UPI,27,3.5,3.4
2024-07-01 08:50:00,CNR2864510086,Canceled by Driver,CID599512,Prime Plus,MG Road,Devanahalli,,,Not Applicable,More than permitted people in there,Not Applicable,Not Applicable,480,Not Applicable,0,,
2024-07-05 14:18:00,CNR4935258870,Success,CID156221,Mini,Hennur,Banashankari,105.0,120.0,Not Applicable,Not Applicable,No,Not Applicable,226,Cash,17,4.1,4.0
2024-07-09 18:30:00,CNR7845934392,Canceled by Driver,CID836503,Prime SUV,Nagarbhavi,BTM Layout,,,Not Applicable,Customer was coughing/sick,Not Applicable,Not Applicable,269,Not Applicable,0,,
2024-07-24 13:30:00,CNR2089649967,Success,CID376423,Bike,Shivajinagar,Yeshwanthpur,133.0,85.0,Not Applicable,Not Applicable,No,Not Applicable,251,UPI,5,4.0,5.0
2024-07-02 10:37:00,CNR9269518896,Success,CID762354,Prime Sedan,Bellandur,Langford Town,49.0,60.0,Not Applicable,Not Applicable,No,Not Applicable,568,Cash,40,3.4,4.0
2024-07-21 04:23:00,CNR2728573768,Success,CID578243,eBike,Tumkur Road,Magadi Road,84.0,75.0,Not Applicable,Not Applicable,No,Not Applicable,451,Cash,25,3.2,3.2
2024-07-17 11:49:00,CNR1692624365,Driver Not Found,CID182586,eBike,Cox Town,RT Nagar,,,Not Applicable,Not Applicable,Not Applicable,Not Applicable,228,Not Applicable,0,,
2024-07-12 03:53:00,CNR7218457908,Success,CID591518,Auto,Yelahanka,Bannerghatta Road,175.0,100.0,Not Applicable,Not Applicable,No,Not Applicable,295,UPI,14,4.5,3.2
2024-07-11 21:52:00,CNR9277440869,Success,CID425549,Prime SUV,Nagarbhavi,Shantinagar,126.0,130.0,Not Applicable,Not Applicable,No,Not Applicable,404,Cash,2,5.0,4.4
2024-07-16 06:50:00,CNR9463517330,Driver Not Found,CID368386,Prime SUV,Koramangala,Nagarbhavi,,,Not Applicable,Not Applicable,Not Applicable,Not Applicable,320,Not Applicable,0,,
2024-07-18 19:58:00,CNR9242258401,Canceled by Driver,CID351697,Prime Plus,Whitefield,RT Nagar,,,Not Applicable,Personal & Car related issue,Not Applicable,Not Applicable,388,Not Applicable,0,,
2024-07-23 03:17:00,CNR3970896842,Success,CID307084,Prime SUV,Marathahalli,Kadugodi,168.0,145.0,Not Applicable,Not Applicable,No,Not Applicable,818,Cash,28,3.7,5.0
2024-07-16 04:14:00,CNR7077352896,Success,CID850344,Prime SUV,Mysore Road,Varthur,245.0,75.0,Not Applicable,Not Applicable,No,Not Applicable,321,Cash,19,3.1,3.2
2024-07-25 00:26:00,CNR7785215139,Canceled by Customer,CID275642,Prime Sedan,Banashankari,Electronic City,,,Driver asked to cancel,Not Applicable,Not Applicable,Not Applicable,206,Not Applicable,0,,
2024-07-21 17:30:00,CNR6219444578,Canceled by Driver,CID462511,Mini,Peenya,Ulsoor,,,Not Applicable,More than permitted people in there,Not Applicable,Not Applicable,457,Not Applicable,0,,
2024-07-25 07:15:00,CNR6238307259,Canceled by Driver,CID136748,Prime Plus,Kammanahalli,Hebbal,,,Not Applicable,Personal & Car related issue,Not Applicable,Not Applicable,586,Not Applicable,0,,
2024-07-28 05:58:00,CNR3651906872,Success,CID611242,Prime Plus,Yelahanka,Tumkur Road,112.0,90.0,Not Applicable,Not Applicable,No,Not Applicable,263,UPI,18,4.7,3.3
2024-07-04 23:56:00,CNR4942539350,Canceled by Driver,CID820131,eBike,Hebbal,Kengeri,,,Not Applicable,More than permitted people in there,Not Applicable,Not Applicable,344,Not Applicable,0,,
2024-07-06 18:03:00,CNR9710822628,Success,CID590146,Prime Plus,Hebbal,Mysore Road,98.0,130.0,Not Applicable,Not Applicable,No,Not Applicable,181,Credit Card,42,3.1,4.1
2024-07-09 09:41:00,CNR7037763263,Canceled by Driver,CID898321,eBike,Sahakar Nagar,Cox Town,,,Not Applicable,Customer related issue,Not Applicable,Not Applicable,243,Not Applicable,0,,
2024-07-12 02:46:00,CNR2096033480,Success,CID355385,Prime SUV,HSR Layout,Langford Town,308.0,45.0,Not Applicable,Not Applicable,No,Not Applicable,2267,UPI,8,4.7,4.5
2024-07-18 00:26:00,CNR3438343289,Success,CID793396,Auto,Rajajinagar,HSR Layout,42.0,60.0,Not Applicable,Not Applicable,No,Not Applicable,111,Cash,6,5.0,3.9
2024-07-26 19:03:00,CNR1202617289,Success,CID256969,Auto,MG Road,Basavanagudi,224.0,30.0,Not Applicable,Not Applicable,No,Not Applicable,1980,Cash,9,4.2,4.9
2024-07-26 20:46:00,CNR7300426711,Success,CID851989,eBike,Hebbal,Cox Town,91.0,145.0,Not Applicable,Not Applicable,No,Not Applicable,491,Cash,42,4.6,3.5
2024-07-08 05:15:00,CNR8532557765,Success,CID172164,Prime Sedan,Marathahalli,Chamarajpet,133.0,140.0,Not Applicable,Not Applicable,No,Not Applicable,198,Cash,6,4.9,3.3
2024-07-29 23:46:00,CNR1163279069,Success,CID880000,Prime SUV,RT Nagar,Tumkur Road,154.0,110.0,Not Applicable,Not Applicable,No,Not Applicable,460,Cash,17,4.6,3.5
2024-07-21 09:07:00,CNR6798229258,Success,CID269267,Mini,Malleshwaram,Hulimavu,63.0,45.0,Not Applicable,Not Applicable,Yes,Vehicle Breakdown,179,UPI,25,4.4,3.7
2024-07-11 05:55:00,CNR3245941758,Success,CID257921,Prime SUV,KR Puram,Ulsoor,91.0,120.0,Not Applicable,Not Applicable,No,Not Applicable,486,UPI,33,3.3,4.8
2024-07-06 14:15:00,CNR5805138834,Success,CID311604,Auto,Majestic,Hennur,231.0,70.0,Not Applicable,Not Applicable,No,Not Applicable,456,Cash,10,3.4,3.9
2024-07-29 01:39:00,CNR6162564572,Success,CID984124,Mini,Hulimavu,Bannerghatta Road,147.0,110.0,Not Applicable,Not Applicable,No,Not Applicable,2746,Cash,6,3.1,4.8
2024-07-27 16:31:00,CNR7485375270,Success,CID943182,Mini,Hennur,Vijayanagar,175.0,120.0,Not Applicable,Not Applicable,No,Not Applicable,305,UPI,22,3.5,4.3
2024-07-01 19:39:00,CNR7446657856,Success,CID323022,eBike,Kadugodi,Kammanahalli,203.0,140.0,Not Applicable,Not Applicable,No,Not Applicable,906,Cash,8,5.0,4.3
2024-07-05 12:19:00,CNR9258941339,Canceled by Customer,CID390695,Mini,KR Puram,Padmanabhanagar,,,Driver is not moving towards pickup location,Not Applicable,Not Applicable,Not Applicable,517,Not Applicable,0,,
2024-07-09 15:42:00,CNR8321972711,Success,CID490525,Bike,Kammanahalli,Majestic,217.0,95.0,Not Applicable,Not Applicable,No,Not Applicable,188,Cash,6,3.6,4.5
2024-07-06 08:37:00,CNR2811586310,Success,CID267909,eBike,Rajarajeshwari Nagar,Hulimavu,105.0,125.0,Not Applicable,Not Applicable,Yes,Customer Demand,115,UPI,28,4.0,3.5
2024-07-01 22:32:00,CNR2937086455,Success,CID200755,eBike,Bannerghatta Road,Kadugodi,287.0,45.0,Not Applicable,Not Applicable,No,Not Applicable,251,Cash,45,4.6,3.4
2024-07-29 03:07:00,CNR1337834591,Canceled by Customer,CID226246,Prime SUV,Koramangala,Sahakar Nagar,,,Wrong Address,Not Applicable,Not Applicable,Not Applicable,525,Not Applicable,0,,
2024-07-21 05:56:00,CNR3756732999,Driver Not Found,CID243889,Prime Plus,Shantinagar,KR Puram,,,Not Applicable,Not Applicable,Not Applicable,Not Applicable,162,Not Applicable,0,,
2024-07-30 11:30:00,CNR7666336742,Canceled by Driver,CID872698,eBike,Cox Town,Ulsoor,,,Not Applicable,Customer related issue,Not Applicable,Not Applicable,449,Not Applicable,0,,
2024-07-15 15:52:00,CNR8576698682,Success,CID515392,Prime Sedan,Majestic,Cox Town,70.0,135.0,Not Applicable,Not Applicable,No,Not Applicable,301,UPI,33,3.1,3.2
2024-07-16 21:15:00,CNR4518432821,Success,CID664619,eBike,Kammanahalli,Yelahanka,196.0,60.0,Not Applicable,Not Applicable,No,Not Applicable,1194,Cash,10,4.5,4.5
2024-07-24 23:25:00,CNR9047644436,Canceled by Driver,CID356151,Prime SUV,Devanahalli,Nagarbhavi,,,Not Applicable,Personal & Car related issue,Not Applicable,Not Applicable,976,Not Applicable,0,,
2024-07-11 05:03:00,CNR9010718598,Success,CID320789,Bike,Hulimavu,Vijayanagar,56.0,35.0,Not Applicable,Not Applicable,No,Not Applicable,143,Cash,47,4.2,3.2
2024-07-30 14:31:00,CNR6186276409,Success,CID779717,Mini,MG Road,Ulsoor,126.0,145.0,Not Applicable,Not Applicable,No,Not Applicable,914,Cash,42,4.9,4.0
2024-07-06 10:07:00,CNR2039589959,Success,CID255198,Prime Sedan,BTM Layout,Richmond Town,77.0,30.0,Not Applicable,Not Applicable,No,Not Applicable,482,UPI,27,3.2,3.9
2024-07-19 15:13:00,CNR1200990289,Driver Not Found,CID437503,Auto,Hosur Road,Magadi Road,,,Not Applicable,Not Applicable,Not Applicable,Not Applicable,285,Not Applicable,0,,
2024-07-20 13:04:00,CNR9964176094,Success,CID343356,Prime Sedan,Cox Town,Kammanahalli,217.0,130.0,Not Applicable,Not Applicable,No,Not Applicable,637,Cash,7,4.0,3.5
2024-07-15 09:10:00,CNR7331812700,Success,CID523570,Bike,Shivajinagar,Langford Town,49.0,120.0,Not Applicable,Not Applicable,No,Not Applicable,694,Cash,35,3.9,3.7
2024-07-20 10:46:00,CNR4206162355,Success,CID999440,Bike,HSR Layout,Shantinagar,49.0,100.0,Not Applicable,Not Applicable,No,Not Applicable,455,Cash,29,3.1,4.7
2024-07-10 21:58:00,CNR8930295877,Canceled by Driver,CID743137,Auto,Majestic,Basavanagudi,,,Not Applicable,More than permitted people in there,Not Applicable,Not Applicable,2122,Not Applicable,0,,
2024-07-14 16:09:00,CNR1079120678,Driver Not Found,CID902087,Prime SUV,Yeshwanthpur,KR Puram,,,Not Applicable,Not Applicable,Not Applicable,Not Applicable,358,Not Applicable,0,,
2024-07-28 22:55:00,CNR5807862836,Success,CID777739,Bike,Peenya,Padmanabhanagar,217.0,25.0,Not Applicable,Not Applicable,No,Not Applicable,1139,Cash,1,4.3,3.8
2024-07-15 18:35:00,CNR6067788226,Canceled by Driver,CID318681,Prime SUV,Marathahalli,Kengeri,,,Not Applicable,More than permitted people in there,Not Applicable,Not Applicable,537,Not Applicable,0,,
2024-07-27 03:31:00,CNR4222882592,Success,CID391248,Prime Plus,BTM Layout,Hulimavu,63.0,60.0,Not Applicable,Not Applicable,Yes,Customer Demand,129,UPI,37,3.7,4.4
2024-07-07 09:50:00,CNR5050282101,Canceled by Customer,CID819794,Prime SUV,Yelahanka,Varthur,,,Change of plans,Not Applicable,Not Applicable,Not Applicable,118,Not Applicable,0,,
2024-07-07 19:00:00,CNR4892898248,Driver Not Found,CID285828,Prime Sedan,Devanahalli,Varthur,,,Not Applicable,Not Applicable,Not Applicable,Not Applicable,890,Not Applicable,0,,
2024-07-14 19:37:00,CNR7652438621,Success,CID622695,Prime Sedan,Varthur,JP Nagar,147.0,125.0,Not Applicable,Not Applicable,No,Not Applicable,645,UPI,49,3.5,4.2
2024-07-23 01:39:00,CNR3281379737,Driver Not Found,CID932504,Prime Plus,Whitefield,Hebbal,,,Not Applicable,Not Applicable,Not Applicable,Not Applicable,363,Not Applicable,0,,
2024-07-24 06:44:00,CNR7659479679,Success,CID149909,Auto,Koramangala,Shantinagar,308.0,30.0,Not Applicable,Not Applicable,No,Not Applicable,298,UPI,6,4.9,4.7
2024-07-17 02:43:00,CNR2631991103,Success,CID129992,Prime Plus,Nagarbhavi,Bellandur,294.0,115.0,Not Applicable,Not Applicable,No,Not Applicable,1487,Cash,43,4.4,3.5
2024-07-30 14:29:00,CNR3232314617,Driver Not Found,CID295609,Prime SUV,Chickpet,Malleshwaram,,,Not Applicable,Not Applicable,Not Applicable,Not Applicable,825,Not Applicable,0,,
2024-07-23 02:02:00,CNR4749051192,Success,CID485086,Mini,Yeshwanthpur,Chamarajpet,98.0,125.0,Not Applicable,Not Applicable,No,Not Applicable,353,Cash,23,4.1,3.9
2024-07-14 21:25:00,CNR2338641828,Success,CID411974,Mini,Yeshwanthpur,Electronic City,182.0,95.0,Not Applicable,Not Applicable,No,Not Applicable,740,UPI,11,3.3,3.7
2024-07-23 15:42:00,CNR5812154191,Canceled by Driver,CID130274,Mini,KR Puram,Cox Town,,,Not Applicable,Customer related issue,Not Applicable,Not Applicable,155,Not Applicable,0,,
2024-07-22 07:09:00,CNR5332869912,Success,CID208636,Auto,Kadugodi,Nagarbhavi,119.0,120.0,Not Applicable,Not Applicable,No,Not Applicable,191,UPI,9,4.1,4.0
2024-07-04 18:03:00,CNR3882776492,Success,CID950344,eBike,Cox Town,Hennur,98.0,75.0,Not Applicable,Not Applicable,No,Not Applicable,905,Cash,43,4.9,4.8
2024-07-29 15:23:00,CNR6060078678,Success,CID715353,Bike,Electronic City,RT Nagar,126.0,70.0,Not Applicable,Not Applicable,No,Not Applicable,261,Cash,19,4.6,3.8
2024-07-13 01:29:00,CNR9230666774,Canceled by Driver,CID652070,Prime SUV,Shantinagar,Langford Town,,,Not Applicable,Customer related issue,Not Applicable,Not Applicable,453,Not Applicable,0,,
2024-07-28 13:33:00,CNR7938772541,Success,CID336027,Mini,Vijayanagar,Bannerghatta Road,273.0,55.0,Not Applicable,Not Applicable,No,Not Applicable,624,Cash,18,4.0,4.4
2024-07-03 12:28:00,CNR5516910301,Canceled by Driver,CID191858,Prime Sedan,Kadugodi,Rajajinagar,,,Not Applicable,Customer related issue,Not Applicable,Not Applicable,990,Not Applicable,0,,
2024-07-02 01:12:00,CNR3757904668,Driver Not Found,CID856267,Prime Sedan,Cox Town,KR Puram,,,Not Applicable,Not Applicable,Not Applicable,Not Applicable,278,Not Applicable,0,,
2024-07-13 11:38:00,CNR8445601100,Success,CID790369,eBike,Shivajinagar,Indiranagar,84.0,120.0,Not Applicable,Not Applicable,No,Not Applicable,625,UPI,10,4.7,4.8
2024-07-07 07:36:00,CNR8851518708,Success,CID502034,Prime Sedan,Ramamurthy Nagar,BTM Layout,119.0,115.0,Not Applicable,Not Applicable,Yes,Customer Demand,464,Cash,16,5.0,3.8
2024-07-16 23:25:00,CNR9810974716,Success,CID350400,Auto,Sahakar Nagar,Magadi Road,105.0,90.0,Not Applicable,Not Applicable,No,Not Applicable,257,UPI,1,4.6,4.8
2024-07-05 00:27:00,CNR1989146361,Success,CID801298,Prime Plus,Yeshwanthpur,Richmond Town,224.0,65.0,Not Applicable,Not Applicable,No,Not Applicable,630,Cash,15,3.8,4.4
2024-07-13 11:06:00,CNR7507500082,Success,CID308113,Prime Plus,Hennur,Sarjapur Road,287.0,95.0,Not Applicable,Not Applicable,No,Not Applicable,624,UPI,6,4.8,4.8
2024-07-11 19:45:00,CNR8245338668,Canceled by Driver,CID535364,Auto,Rajajinagar,Varthur,,,Not Applicable,Customer related issue,Not Applicable,Not Applicable,751,Not Applicable,0,,
2024-07-06 10:12:00,CNR7780794907,Canceled by Driver,CID843873,Mini,Vijayanagar,RT Nagar,,,Not Applicable,Personal & Car related issue,Not Applicable,Not Applicable,484,Not Applicable,0,,
2024-07-17 19:48:00,CNR5638676403,Success,CID717661,eBike,Hebbal,Basavanagudi,259.0,50.0,Not Applicable,Not Applicable,No,Not Applicable,209,UPI,1,4.5,4.5
2024-07-30 10:43:00,CNR3436897842,Canceled by Driver,CID609676,Prime Sedan,Electronic City,Hebbal,,,Not Applicable,More than permitted people in there,Not Applicable,Not Applicable,145,Not Applicable,0,,
2024-07-10 02:28:00,CNR7941348579,Success,CID220639,Bike,Bellandur,Langford Town,84.0,80.0,Not Applicable,Not Applicable,No,Not Applicable,783,UPI,33,3.3,4.1
2024-07-29 23:16:00,CNR2762731332,Success,CID417673,Prime Plus,Yeshwanthpur,KR Puram,224.0,45.0,Not Applicable,Not Applicable,No,Not Applicable,2017,UPI,1,4.2,3.6
2024-07-11 14:30:00,CNR2240134484,Canceled by Customer,CID897108,Prime SUV,Kengeri,Magadi Road,,,Driver is not moving towards pickup location,Not Applicable,Not Applicable,Not Applicable,286,Not Applicable,0,,
2024-07-20 03:37:00,CNR5570697653,Success,CID476572,Prime Plus,Basavanagudi,Jayanagar,161.0,30.0,Not Applicable,Not Applicable,No,Not Applicable,383,UPI,49,3.5,4.7
2024-07-03 10:41:00,CNR7538076267,Canceled by Driver,CID304582,Mini,Rajarajeshwari Nagar,Padmanabhanagar,,,Not Applicable,Customer was coughing/sick,Not Applicable,Not Applicable,308,Not Applicable,0,,
2024-07-18 06:33:00,CNR8319186284,Driver Not Found,CID650944,Bike,Jayanagar,Devanahalli,,,Not Applicable,Not Applicable,Not Applicable,Not Applicable,324,Not Applicable,0,,
2024-07-19 19:44:00,CNR7946230222,Success,CID794565,Auto,Majestic,Hennur,56.0,75.0,Not Applicable,Not Applicable,Yes,Customer Demand,494,UPI,5,4.5,3.9
2024-07-21 13:51:00,CNR7944100434,Success,CID952889,eBike,Sarjapur Road,Peenya,77.0,90.0,Not Applicable,Not Applicable,No,Not Applicable,859,UPI,38,4.3,3.9
2024-07-21 05:17:00,CNR1653900930,Canceled by Driver,CID597670,Prime Sedan,Shantinagar,KR Puram,,,Not Applicable,Personal & Car related issue,Not Applicable,Not Applicable,281,Not Applicable,0,,
2024-07-04 17:32:00,CNR8865593275,Success,CID677216,Bike,Bannerghatta Road,Kadugodi,294.0,110.0,Not Applicable,Not Applicable,No,Not Applicable,273,Cash,35,4.1,4.1
2024-07-22 13:59:00,CNR2805482669,Success,CID573157,eBike,KR Puram,Yelahanka,280.0,55.0,Not Applicable,Not Applicable,No,Not Applicable,2553,Credit Card,26,3.8,4.1
2024-07-23 11:02:00,CNR1097500799,Canceled by Customer,CID875165,Prime SUV,Marathahalli,Indiranagar,,,Change of plans,Not Applicable,Not Applicable,Not Applicable,1061,Not Applicable,0,,
2024-07-05 15:38:00,CNR6624548890,Success,CID281251,Auto,Vijayanagar,Mysore Road,42.0,40.0,Not Applicable,Not Applicable,No,Not Applicable,305,UPI,16,4.8,4.8
2024-07-26 08:48:00,CNR3305606815,Driver Not Found,CID709787,Mini,Devanahalli,Hebbal,,,Not Applicable,Not Applicable,Not Applicable,Not Applicable,161,Not Applicable,0,,
2024-07-22 02:21:00,CNR6960364107,Success,CID930738,Auto,JP Nagar,HSR Layout,224.0,65.0,Not Applicable,Not Applicable,No,Not Applicable,426,UPI,1,3.1,3.1
2024-07-05 11:27:00,CNR1298978279,Canceled by Driver,CID332217,Prime SUV,Hebbal,Richmond Town,,,Not Applicable,Personal & Car related issue,Not Applicable,Not Applicable,124,Not Applicable,0,,
2024-07-06 10:51:00,CNR5087803855,Canceled by Customer,CID787905,Prime Sedan,Malleshwaram,Ramamurthy Nagar,,,Driver asked to cancel,Not Applicable,Not Applicable,Not Applicable,451,Not Applicable,0,,
2024-07-17 00:04:00,CNR9108186824,Canceled by Driver,CID172204,Prime SUV,Ulsoor,Electronic City,,,Not Applicable,More than permitted people in there,Not Applicable,Not Applicable,842,Not Applicable,0,,
2024-07-03 09:29:00,CNR7944971216,Success,CID398562,Mini,Electronic City,Chamarajpet,287.0,125.0,Not Applicable,Not Applicable,No,Not Applicable,215,Cash,43,5.0,3.5
2024-07-30 15:24:00,CNR3826154255,Success,CID242396,Auto,Jayanagar,Kadugodi,245.0,90.0,Not Applicable,Not Applicable,No,Not Applicable,268,Cash,3,3.2,4.2
2024-07-09 14:41:00,CNR6195773423,Success,CID347626,eBike,Peenya,Shivajinagar,259.0,110.0,Not Applicable,Not Applicable,No,Not Applicable,276,Cash,36,4.6,4.9
2024-07-07 13:22:00,CNR4811452545,Success,CID457866,Prime Plus,Peenya,Shivajinagar,98.0,40.0,Not Applicable,Not Applicable,No,Not Applicable,142,Cash,4,4.8,4.7
2024-07-06 19:40:00,CNR8037195180,Success,CID598883,Bike,Shantinagar,Shantinagar,77.0,55.0,Not Applicable,Not Applicable,Yes,Vehicle Breakdown,2460,Cash,47,4.3,3.7
2024-07-07 18:27:00,CNR9241057743,Driver Not Found,CID328568,Prime SUV,Ulsoor,Ulsoor,,,Not Applicable,Not Applicable,Not Applicable,Not Applicable,218,Not Applicable,0,,
2024-07-03 15:08:00,CNR5806955921,Canceled by Driver,CID703536,Mini,Electronic City,Frazer Town,,,Not Applicable,More than permitted people in there,Not Applicable,Not Applicable,126,Not Applicable,0,,
2024-07-23 07:56:00,CNR6501129914,Success,CID697907,Prime Plus,Tumkur Road,Kengeri,49.0,30.0,Not Applicable,Not Applicable,No,Not Applicable,2846,UPI,32,4.6,3.6
2024-07-30 19:52:00,CNR6280670658,Canceled by Customer,CID687076,Prime SUV,Marathahalli,Bannerghatta Road,,,Wrong Address,Not Applicable,Not Applicable,Not Applicable,131,Not Applicable,0,,
2024-07-02 21:46:00,CNR1300913688,Canceled by Customer,CID866335,Mini,BTM Layout,BTM Layout,,,AC is Not working,Not Applicable,Not Applicable,Not Applicable,284,Not Applicable,0,,
2024-07-29 11:29:00,CNR3630839263,Driver Not Found,CID131565,Prime SUV,BTM Layout,Malleshwaram,,,Not Applicable,Not Applicable,Not Applicable,Not Applicable,393,Not Applicable,0,,
2024-07-28 17:21:00,CNR7572630645,Success,CID416570,Mini,Yelahanka,Cox Town,175.0,120.0,Not Applicable,Not Applicable,No,Not Applicable,1385,UPI,35,4.5,3.2
2024-07-01 22:14:00,CNR4015517384,Canceled by Customer,CID303148,Auto,Ramamurthy Nagar,BTM Layout,,,Driver asked to cancel,Not Applicable,Not Applicable,Not Applicable,724,Not Applicable,0,,
2024-07-03 23:01:00,CNR2580623896,Success,CID548015,Bike,Malleshwaram,Marathahalli,203.0,95.0,Not Applicable,Not Applicable,No,Not Applicable,477,UPI,37,4.2,3.7
2024-07-02 10:23:00,CNR5982802075,Success,CID839671,Prime Sedan,BTM Layout,Richmond Town,273.0,55.0,Not Applicable,Not Applicable,No,Not Applicable,1814,UPI,3,3.8,3.1
2024-07-20 02:49:00,CNR2592237218,Success,CID284587,eBike,Langford Town,JP Nagar,112.0,105.0,Not Applicable,Not Applicable,No,Not Applicable,283,Cash,40,3.8,3.3
2024-07-24 20:42:00,CNR6768473194,Canceled by Driver,CID487458,Prime SUV,Indiranagar,Hosur Road,,,Not Applicable,Customer related issue,Not Applicable,Not Applicable,306,Not Applicable,0,,
2024-07-20 22:10:00,CNR6222102727,Success,CID164975,Bike,Koramangala,Kengeri,301.0,135.0,Not Applicable,Not Applicable,No,Not Applicable,213,Cash,10,3.2,3.4
2024-07-06 20:06:00,CNR3268443833,Success,CID800840,Prime Sedan,KR Puram,Marathahalli,217.0,110.0,Not Applicable,Not Applicable,No,Not Applicable,484,UPI,9,4.7,4.2
2024-07-30 02:39:00,CNR5510252061,Driver Not Found,CID828433,Prime Sedan,Mysore Road,BTM Layout,,,Not Applicable,Not Applicable,Not Applicable,Not Applicable,171,Not Applicable,0,,
2024-07-07 05:57:00,CNR5872553941,Driver Not Found,CID920355,Auto,Bannerghatta Road,HSR Layout,,,Not Applicable,Not Applicable,Not Applicable,Not Applicable,464,Not Applicable,0,,
2024-07-28 07:43:00,CNR6567636145,Success,CID811035,Prime Sedan,Hulimavu,Hebbal,168.0,45.0,Not Applicable,Not Applicable,No,Not Applicable,494,UPI,5,3.9,3.9
2024-07-19 16:25:00,CNR5950817071,Canceled by Driver,CID750014,Auto,Chickpet,Hulimavu,,,Not Applicable,Customer related issue,Not Applicable,Not Applicable,411,Not Applicable,0,,
2024-07-23 21:32:00,CNR1208912102,Canceled by Driver,CID176159,Bike,Shantinagar,Basavanagudi,,,Not Applicable,More than permitted people in there,Not Applicable,Not Applicable,481,Not Applicable,0,,
2024-07-13 00:27:00,CNR5624001570,Success,CID216740,Bike,Frazer Town,Koramangala,217.0,85.0,Not Applicable,Not Applicable,No,Not Applicable,1727,Cash,35,4.4,3.2
2024-07-14 12:39:00,CNR7170266732,Driver Not Found,CID349959,eBike,Whitefield,Langford Town,,,Not Applicable,Not Applicable,Not Applicable,Not Applicable,437,Not Applicable,0,,
2024-07-18 12:36:00,CNR6221256917,Success,CID233275,Bike,Cox Town,MG Road,119.0,130.0,Not Applicable,Not Applicable,Yes,Vehicle Breakdown,446,Cash,8,4.5,3.8
2024-07-16 21:23:00,CNR3632070910,Success,CID336895,Prime Sedan,Sarjapur Road,Indiranagar,301.0,65.0,Not Applicable,Not Applicable,No,Not Applicable,804,Cash,45,3.3,3.7
2024-07-22 10:51:00,CNR7605193644,Canceled by Driver,CID132627,Prime Sedan,Whitefield,Kadugodi,,,Not Applicable,Customer related issue,Not Applicable,Not Applicable,711,Not Applicable,0,,
2024-07-18 20:18:00,CNR7323978359,Success,CID578411,Prime SUV,Peenya,Vijayanagar,301.0,40.0,Not Applicable,Not Applicable,No,Not Applicable,238,Cash,30,4.2,5.0
2024-07-18 10:37:00,CNR9884775873,Success,CID956292,Auto,Bannerghatta Road,BTM Layout,287.0,140.0,Not Applicable,Not Applicable,No,Not Applicable,223,UPI,13,4.9,3.6
2024-07-21 00:10:00,CNR7718806024,Success,CID164244,Prime SUV,Cox Town,Hebbal,203.0,125.0,Not Applicable,Not Applicable,No,Not Applicable,497,Credit Card,24,3.3,4.5
2024-07-10 00:42:00,CNR4384769918,Driver Not Found,CID760134,Prime SUV,Mysore Road,Jayanagar,,,Not Applicable,Not Applicable,Not Applicable,Not Applicable,155,Not Applicable,0,,
2024-07-25 02:30:00,CNR5287563762,Success,CID888601,Prime Plus,Sarjapur Road,Rajarajeshwari Nagar,245.0,25.0,Not Applicable,Not Applicable,No,Not Applicable,399,Cash,25,4.9,3.8
2024-07-25 07:09:00,CNR2901900324,Success,CID850160,Auto,Langford Town,Ulsoor,308.0,35.0,Not Applicable,Not Applicable,No,Not Applicable,951,Cash,4,4.4,4.6
2024-07-21 08:26:00,CNR8737958905,Driver Not Found,CID880942,Prime Sedan,Hebbal,Devanahalli,,,Not Applicable,Not Applicable,Not Applicable,Not Applicable,222,Not Applicable,0,,
2024-07-27 04:26:00,CNR8224617273,Canceled by Driver,CID652251,Mini,Sahakar Nagar,Yelahanka,,,Not Applicable,Customer related issue,Not Applicable,Not Applicable,497,Not Applicable,0,,
2024-07-29 13:40:00,CNR4805597806,Success,CID246664,Prime SUV,Bellandur,Ulsoor,147.0,100.0,Not Applicable,Not Applicable,No,Not Applicable,129,Cash,21,3.7,3.8
2024-07-30 13:32:00,CNR5232567051,Success,CID771909,Prime SUV,Shivajinagar,Langford Town,91.0,120.0,Not Applicable,Not Applicable,No,Not Applicable,348,UPI,47,3.8,3.1
2024-07-01 19:06:00,CNR8201576151,Success,CID215214,Bike,Varthur,Ulsoor,301.0,45.0,Not Applicable,Not Applicable,No,Not Applicable,313,Cash,33,4.3,3.1
2024-07-02 23:22:00,CNR8885417946,Canceled by Driver,CID310202,Mini,JP Nagar,Yelahanka,,,Not Applicable,Customer was coughing/sick,Not Applicable,Not Applicable,800,Not Applicable,0,,
2024-07-18 18:56:00,CNR4030288974,Driver Not Found,CID789000,eBike,Chamarajpet,Vijayanagar,,,Not Applicable,Not Applicable,Not Applicable,Not Applicable,924,Not Applicable,0,,
2024-07-07 12:43:00,CNR9774666192,Success,CID855926,Prime Sedan,Chamarajpet,Ulsoor,245.0,65.0,Not Applicable,Not Applicable,No,Not Applicable,409,Cash,24,4.2,4.1
2024-07-22 01:02:00,CNR3603631212,Canceled by Driver,CID256239,Prime Sedan,BTM Layout,Electronic City,,,Not Applicable,Customer related issue,Not Applicable,Not Applicable,175,Not Applicable,0,,
2024-07-19 00:13:00,CNR8429614331,Success,CID861226,Bike,Peenya,Jayanagar,133.0,100.0,Not Applicable,Not Applicable,No,Not Applicable,293,Cash,2,4.8,3.9
2024-07-12 06:54:00,CNR5177307391,Canceled by Customer,CID952530,Bike,Koramangala,Shantinagar,,,AC is Not working,Not Applicable,Not Applicable,Not Applicable,380,Not Applicable,0,,
2024-07-15 14:40:00,CNR5199638753,Success,CID288788,Prime SUV,Shivajinagar,Vijayanagar,140.0,65.0,Not Applicable,Not Applicable,No,Not Applicable,360,UPI,10,5.0,3.8
2024-07-16 17:16:00,CNR5573826956,Driver Not Found,CID184253,Prime Sedan,Yeshwanthpur,Vijayanagar,,,Not Applicable,Not Applicable,Not Applicable,Not Applicable,260,Not Applicable,0,,
2024-07-06 03:15:00,CNR2529500595,Success,CID607742,eBike,MG Road,Indiranagar,231.0,65.0,Not Applicable,Not Applicable,No,Not Applicable,1915,Cash,26,4.6,3.6
2024-07-25 02:21:00,CNR4463098821,Success,CID811378,eBike,Hennur,Hebbal,287.0,130.0,Not Applicable,Not Applicable,Yes,Vehicle Breakdown,320,UPI,7,4.3,4.6
2024-07-24 18:25:00,CNR6206212659,Canceled by Customer,CID686363,Auto,Ramamurthy Nagar,Frazer Town,,,Driver asked to cancel,Not Applicable,Not Applicable,Not Applicable,437,Not Applicable,0,,
2024-07-05 20:06:00,CNR8906477970,Success,CID722071,eBike,Kammanahalli,Chickpet,112.0,85.0,Not Applicable,Not Applicable,No,Not Applicable,258,Cash,40,4.7,4.5
2024-07-05 08:46:00,CNR7777239467,Success,CID538294,eBike,Ulsoor,MG Road,168.0,125.0,Not Applicable,Not Applicable,No,Not Applicable,278,UPI,7,3.8,3.5
2024-07-16 12:38:00,CNR4994001460,Success,CID462813,Prime SUV,Jayanagar,Langford Town,161.0,145.0,Not Applicable,Not Applicable,No,Not Applicable,460,Cash,40,3.4,3.3
2024-07-04 01:25:00,CNR6337778511,Canceled by Customer,CID451173,Bike,Chickpet,Kadugodi,,,Driver is not moving towards pickup location,Not Applicable,Not Applicable,Not Applicable,2096,Not Applicable,0,,
2024-07-12 10:42:00,CNR3153311993,Success,CID799250,eBike,Ramamurthy Nagar,Hebbal,70.0,80.0,Not Applicable,Not Applicable,No,Not Applicable,396,Cash,12,4.7,3.9
2024-07-26 18:32:00,CNR8576771469,Success,CID546485,Auto,Langford Town,Koramangala,224.0,30.0,Not Applicable,Not Applicable,No,Not Applicable,2420,Cash,18,4.3,4.9
2024-07-15 02:42:00,CNR4075059225,Success,CID810605,Auto,Jayanagar,Ulsoor,294.0,130.0,Not Applicable,Not Applicable,No,Not Applicable,367,Cash,17,3.4,4.8
2024-07-02 21:26:00,CNR8762683060,Success,CID164515,Prime Plus,Shantinagar,Hebbal,224.0,65.0,Not Applicable,Not Applicable,No,Not Applicable,983,Cash,15,4.6,3.3
2024-07-26 00:58:00,CNR1789089109,Success,CID362633,eBike,Shantinagar,Tumkur Road,70.0,85.0,Not Applicable,Not Applicable,No,Not Applicable,777,UPI,45,4.1,4.7
2024-07-29 11:45:00,CNR3243575857,Canceled by Driver,CID220584,eBike,Indiranagar,Magadi Road,,,Not Applicable,Customer related issue,Not Applicable,Not Applicable,173,Not Applicable,0,,
2024-07-12 10:13:00,CNR7825477958,Canceled by Driver,CID210563,Bike,Rajajinagar,Rajarajeshwari Nagar,,,Not Applicable,Personal & Car related issue,Not Applicable,Not Applicable,187,Not Applicable,0,,
2024-07-02 17:56:00,CNR2476037796,Success,CID181777,Prime Sedan,Ulsoor,Marathahalli,56.0,125.0,Not Applicable,Not Applicable,No,Not Applicable,558,UPI,42,4.2,4.7
2024-07-06 15:27:00,CNR5946410979,Success,CID202632,Prime SUV,Varthur,Basavanagudi,224.0,70.0,Not Applicable,Not Applicable,No,Not Applicable,281,UPI,37,4.6,4.6
2024-07-12 06:43:00,CNR2425242128,Success,CID102329,Prime Plus,Koramangala,Sahakar Nagar,252.0,115.0,Not Applicable,Not Applicable,No,Not Applicable,461,Cash,22,4.3,3.7
2024-07-12 09:02:00,CNR3528535207,Driver Not Found,CID992929,Prime SUV,Magadi Road,Basavanagudi,,,Not Applicable,Not Applicable,Not Applicable,Not Applicable,146,Not Applicable,0,,
2024-07-26 04:18:00,CNR5816857323,Success,CID327840,Bike,MG Road,Shantinagar,203.0,35.0,Not Applicable,Not Applicable,No,Not Applicable,175,UPI,20,4.2,3.2
2024-07-21 04:22:00,CNR5880315052,Success,CID765618,Mini,Yeshwanthpur,Hulimavu,105.0,130.0,Not Applicable,Not Applicable,No,Not Applicable,2909,UPI,49,3.1,4.8
2024-07-14 18:57:00,CNR5647314880,Success,CID443722,Prime SUV,Bellandur,Hosur Road,49.0,65.0,Not Applicable,Not Applicable,No,Not Applicable,271,Cash,41,3.1,4.0
2024-07-07 20:16:00,CNR7354048081,Canceled by Customer,CID601642,Bike,Langford Town,Kengeri,,,Driver is not moving towards pickup location,Not Applicable,Not Applicable,Not Applicable,371,Not Applicable,0,,
2024-07-15 09:54:00,CNR9492541866,Driver Not Found,CID641752,Prime Plus,Frazer Town,Peenya,,,Not Applicable,Not Applicable,Not Applicable,Not Applicable,278,Not Applicable,0,,
2024-07-07 06:02:00,CNR9928799890,Canceled by Driver,CID182883,eBike,Magadi Road,Chickpet,,,Not Applicable,Customer was coughing/sick,Not Applicable,Not Applicable,199,Not Applicable,0,,
2024-07-18 08:36:00,CNR6102422875,Success,CID586619,Prime Sedan,Chamarajpet,Basavanagudi,161.0,110.0,Not Applicable,Not Applicable,No,Not Applicable,167,Cash,25,4.5,3.9
2024-07-19 00:12:00,CNR8757159228,Success,CID694184,Auto,Tumkur Road,Frazer Town,119.0,55.0,Not Applicable,Not Applicable,No,Not Applicable,2137,UPI,4,4.5,4.0
2024-07-28 14:01:00,CNR7716315618,Success,CID995881,Auto,Chickpet,Chamarajpet,56.0,30.0,Not Applicable,Not Applicable,No,Not Applicable,560,Cash,12,3.9,3.1
2024-07-23 07:28:00,CNR7433668271,Driver Not Found,CID468579,Prime Sedan,Ulsoor,Kengeri,,,Not Applicable,Not Applicable,Not Applicable,Not Applicable,472,Not Applicable,0,,
2024-07-22 04:17:00,CNR6914982786,Canceled by Driver,CID825842,Prime Sedan,Malleshwaram,RT Nagar,,,Not Applicable,Personal & Car related issue,Not Applicable,Not Applicable,140,Not Applicable,0,,
2024-07-08 13:26:00,CNR8594820722,Canceled by Driver,CID112970,Prime SUV,Yelahanka,Yeshwanthpur,,,Not Applicable,Personal & Car related issue,Not Applicable,Not Applicable,309,Not Applicable,0,,
2024-07-14 13:49:00,CNR4134953891,Canceled by Driver,CID168672,Prime Plus,Jayanagar,BTM Layout,,,Not Applicable,Customer was coughing/sick,Not Applicable,Not Applicable,451,Not Applicable,0,,
2024-07-19 20:45:00,CNR2071235587,Canceled by Driver,CID757498,Mini,Majestic,Ulsoor,,,Not Applicable,Customer related issue,Not Applicable,Not Applicable,555,Not Applicable,0,,
2024-07-14 00:58:00,CNR2096837068,Success,CID734696,Prime Plus,Peenya,Rajarajeshwari Nagar,182.0,40.0,Not Applicable,Not Applicable,No,Not Applicable,1318,Cash,41,3.0,3.7
2024-07-07 18:26:00,CNR2111254694,Success,CID747658,Mini,Chickpet,JP Nagar,112.0,40.0,Not Applicable,Not Applicable,No,Not Applicable,197,UPI,6,4.7,4.8
2024-07-08 10:23:00,CNR1495426801,Success,CID657407,Prime Plus,KR Puram,Rajarajeshwari Nagar,203.0,110.0,Not Applicable,Not Applicable,No,Not Applicable,311,Cash,28,4.0,4.7
2024-07-12 20:10:00,CNR5749504975,Canceled by Customer,CID264699,Prime Plus,Yeshwanthpur,Electronic City,,,Driver is not moving towards pickup location,Not Applicable,Not Applicable,Not Applicable,2160,Not Applicable,0,,
2024-07-16 18:47:00,CNR1277456368,Canceled by Driver,CID824338,Mini,Majestic,Tumkur Road,,,Not Applicable,Customer was coughing/sick,Not Applicable,Not Applicable,211,Not Applicable,0,,
2024-07-16 00:57:00,CNR2630905933,Success,CID196332,Mini,Banashankari,Ramamurthy Nagar,112.0,90.0,Not Applicable,Not Applicable,No,Not Applicable,380,UPI,21,4.7,3.4
2024-07-14 23:43:00,CNR7389004231,Success,CID454806,Prime Sedan,Sahakar Nagar,Yelahanka,35.0,105.0,Not Applicable,Not Applicable,No,Not Applicable,160,UPI,40,3.1,3.8
2024-07-25 10:33:00,CNR1269831969,Success,CID440452,Auto,Yelahanka,Whitefield,56.0,110.0,Not Applicable,Not Applicable,Yes,Customer Demand,649,Cash,9,4.5,3.3
2024-07-05 08:15:00,CNR2867916325,Success,CID139626,Bike,JP Nagar,Sarjapur Road,287.0,100.0,Not Applicable,Not Applicable,No,Not Applicable,154,Cash,34,3.1,4.2
2024-07-27 10:06:00,CNR1982864484,Success,CID442113,eBike,Malleshwaram,Richmond Town,273.0,100.0,Not Applicable,Not Applicable,No,Not Applicable,833,Cash,17,3.9,3.1
2024-07-25 18:09:00,CNR6883619736,Canceled by Driver,CID588599,Prime SUV,Hebbal,Hulimavu,,,Not Applicable,Customer related issue,Not Applicable,Not Applicable,155,Not Applicable,0,,
2024-07-20 01:44:00,CNR4404261392,Success,CID587854,Bike,BTM Layout,Cox Town,70.0,45.0,Not Applicable,Not Applicable,No,Not Applicable,2654,UPI,48,4.9,4.7
2024-07-13 04:19:00,CNR5378698234,Driver Not Found,CID938229,Mini,Banashankari,Hennur,,,Not Applicable,Not Applicable,Not Applicable,Not Applicable,331,Not Applicable,0,,
2024-07-19 10:53:00,CNR6009799043,Success,CID528314,Auto,Yelahanka,Banashankari,259.0,140.0,Not Applicable,Not Applicable,Yes,Other Issue,257,UPI,15,4.4,4.2
2024-07-13 04:00:00,CNR1157987610,Canceled by Customer,CID316723,eBike,Ulsoor,JP Nagar,,,Change of plans,Not Applicable,Not Applicable,Not Applicable,334,Not Applicable,0,,
2024-07-27 17:14:00,CNR3278936987,Canceled by Customer,CID201094,Auto,Sahakar Nagar,Banashankari,,,Change of plans,Not Applicable,Not Applicable,Not Applicable,452,Not Applicable,0,,
2024-07-30 13:07:00,CNR2200141761,Driver Not Found,CID241403,Auto,MG Road,BTM Layout,,,Not Applicable,Not Applicable,Not Applicable,Not Applicable,168,Not Applicable,0,,
2024-07-25 03:14:00,CNR9388537717,Success,CID346512,Prime Plus,Richmond Town,Marathahalli,294.0,70.0,Not Applicable,Not Applicable,No,Not Applicable,261,UPI,1,3.5,4.6
2024-07-28 13:57:00,CNR9152828907,Success,CID831207,Prime SUV,Rajajinagar,MG Road,245.0,115.0,Not Applicable,Not Applicable,No,Not Applicable,419,Credit Card,34,3.4,3.8
2024-07-26 05:00:00,CNR4789409756,Success,CID908435,Bike,Chamarajpet,Yeshwanthpur,280.0,85.0,Not Applicable,Not Applicable,No,Not Applicable,117,Cash,22,3.5,4.5
2024-07-20 00:30:00,CNR5932471542,Success,CID700496,Auto,Sahakar Nagar,Kadugodi,217.0,70.0,Not Applicable,Not Applicable,No,Not Applicable,2185,UPI,19,4.9,3.7
2024-07-15 22:07:00,CNR5221606620,Success,CID688019,Prime Plus,Hosur Road,Tumkur Road,196.0,30.0,Not Applicable,Not Applicable,Yes,Vehicle Breakdown,123,Cash,13,3.2,3.8
2024-07-30 01:11:00,CNR2067043154,Success,CID440515,eBike,Ramamurthy Nagar,Malleshwaram,119.0,120.0,Not Applicable,Not Applicable,No,Not Applicable,181,Cash,45,4.8,3.3
2024-07-21 20:35:00,CNR3074713054,Canceled by Driver,CID861420,Prime Sedan,Hebbal,Indiranagar,,,Not Applicable,Customer was coughing/sick,Not Applicable,Not Applicable,1214,Not Applicable,0,,
2024-07-14 20:11:00,CNR5298849067,Success,CID325266,Auto,Vijayanagar,Hebbal,133.0,40.0,Not Applicable,Not Applicable,No,Not Applicable,333,UPI,13,3.2,4.8
2024-07-28 13:01:00,CNR3736877170,Success,CID720979,Auto,Chamarajpet,Kammanahalli,273.0,25.0,Not Applicable,Not Applicable,No,Not Applicable,274,UPI,12,3.3,3.1
2024-07-15 01:25:00,CNR9300761735,Success,CID233777,Prime SUV,Langford Town,Sahakar Nagar,217.0,140.0,Not Applicable,Not Applicable,No,Not Applicable,496,Cash,39,4.5,4.7
2024-07-24 15:32:00,CNR1881789495,Canceled by Customer,CID469721,Prime Sedan,Shivajinagar,Peenya,,,AC is Not working,Not Applicable,Not Applicable,Not Applicable,269,Not Applicable,0,,
2024-07-07 19:37:00,CNR3481230615,Driver Not Found,CID563821,Prime Sedan,HSR Layout,Rajajinagar,,,Not Applicable,Not Applicable,Not Applicable,Not Applicable,389,Not Applicable,0,,
2024-07-23 08:57:00,CNR2073854594,Success,CID548089,Prime Sedan,Majestic,Koramangala,35.0,110.0,Not Applicable,Not Applicable,No,Not Applicable,195,Cash,37,3.9,5.0
2024-07-09 02:02:00,CNR8468105401,Canceled by Driver,CID123601,Mini,Chickpet,KR Puram,,,Not Applicable,Customer was coughing/sick,Not Applicable,Not Applicable,1618,Not Applicable,0,,
2024-07-30 05:10:00,CNR8978925599,Success,CID954158,Prime Sedan,Koramangala,Bannerghatta Road,259.0,140.0,Not Applicable,Not Applicable,No,Not Applicable,980,Cash,17,3.4,3.7
2024-07-16 04:20:00,CNR2034947830,Success,CID592072,Bike,Magadi Road,Sarjapur Road,126.0,110.0,Not Applicable,Not Applicable,No,Not Applicable,686,UPI,23,3.7,4.4
2024-07-28 19:23:00,CNR9170250740,Success,CID598728,Bike,Koramangala,Bannerghatta Road,119.0,40.0,Not Applicable,Not Applicable,No,Not Applicable,2788,UPI,2,4.0,4.9
2024-07-13 14:07:00,CNR9732142207,Canceled by Driver,CID760496,Prime Plus,Basavanagudi,Chamarajpet,,,Not Applicable,Customer related issue,Not Applicable,Not Applicable,948,Not Applicable,0,,
2024-07-26 16:43:00,CNR3382990727,Success,CID691305,eBike,Devanahalli,Bellandur,42.0,30.0,Not Applicable,Not Applicable,No,Not Applicable,483,Cash,30,4.8,3.8
2024-07-15 16:06:00,CNR2693193270,Canceled by Driver,CID834122,Prime Plus,Whitefield,Yeshwanthpur,,,Not Applicable,Personal & Car related issue,Not Applicable,Not Applicable,2268,Not Applicable,0,,
2024-07-07 22:26:00,CNR2822581185,Success,CID379460,Prime Plus,Kengeri,Shivajinagar,266.0,135.0,Not Applicable,Not Applicable,No,Not Applicable,2578,Cash,34,4.1,3.7
2024-07-02 14:04:00,CNR1122791453,Success,CID586843,eBike,Electronic City,Richmond Town,105.0,130.0,Not Applicable,Not Applicable,No,Not Applicable,396,UPI,46,4.2,3.6
2024-07-02 21:51:00,CNR8648471291,Driver Not Found,CID781132,Prime SUV,HSR Layout,Kadugodi,,,Not Applicable,Not Applicable,Not Applicable,Not Applicable,1079,Not Applicable,0,,
2024-07-14 01:07:00,CNR8858511308,Success,CID836146,Prime Sedan,Rajarajeshwari Nagar,Mysore Road,49.0,55.0,Not Applicable,Not Applicable,No,Not Applicable,2971,Cash,22,5.0,3.3
2024-07-14 08:43:00,CNR7880560095,Success,CID841114,eBike,Banashankari,Sarjapur Road,77.0,130.0,Not Applicable,Not Applicable,No,Not Applicable,474,UPI,38,3.4,3.1
2024-07-11 18:36:00,CNR2012262055,Canceled by Customer,CID343074,eBike,Yelahanka,RT Nagar,,,Driver asked to cancel,Not Applicable,Not Applicable,Not Applicable,2036,Not Applicable,0,,
2024-07-08 00:29:00,CNR5044792227,Canceled by Driver,CID705905,Bike,Chamarajpet,Hebbal,,,Not Applicable,Personal & Car related issue,Not Applicable,Not Applicable,600,Not Applicable,0,,
2024-07-24 10:51:00,CNR2423519587,Success,CID501911,Bike,Yeshwanthpur,Kengeri,105.0,90.0,Not Applicable,Not Applicable,No,Not Applicable,499,UPI,32,3.6,3.3
2024-07-07 17:56:00,CNR5878743842,Canceled by Driver,CID403769,Prime SUV,Electronic City,JP Nagar,,,Not Applicable,More than permitted people in there,Not Applicable,Not Applicable,255,Not Applicable,0,,
2024-07-24 01:29:00,CNR3306289299,Success,CID966285,Auto,RT Nagar,Hebbal,56.0,125.0,Not Applicable,Not Applicable,No,Not Applicable,2945,UPI,14,3.5,3.8
2024-07-19 23:04:00,CNR3928019769,Canceled by Driver,CID231301,eBike,Ulsoor,Shivajinagar,,,Not Applicable,Personal & Car related issue,Not Applicable,Not Applicable,130,Not Applicable,0,,
2024-07-28 16:54:00,CNR2705572170,Canceled by Customer,CID520602,Auto,Tumkur Road,Jayanagar,,,Driver asked to cancel,Not Applicable,Not Applicable,Not Applicable,276,Not Applicable,0,,
2024-07-13 03:15:00,CNR1219026546,Success,CID771278,Bike,MG Road,Magadi Road,133.0,130.0,Not Applicable,Not Applicable,No,Not Applicable,244,UPI,27,3.5,4.1
2024-07-02 10:22:00,CNR7132380126,Success,CID617761,Mini,Indiranagar,Peenya,259.0,45.0,Not Applicable,Not Applicable,No,Not Applicable,194,Cash,23,4.2,3.4
2024-07-19 01:09:00,CNR6511333323,Success,CID636089,Mini,Cox Town,Chickpet,35.0,90.0,Not Applicable,Not Applicable,No,Not Applicable,457,Cash,23,3.1,3.2
2024-07-26 03:57:00,CNR9894893534,Canceled by Driver,CID642552,eBike,Chickpet,BTM Layout,,,Not Applicable,Customer was coughing/sick,Not Applicable,Not Applicable,432,Not Applicable,0,,
2024-07-10 22:56:00,CNR2701231780,Canceled by Customer,CID258584,Auto,Malleshwaram,Bellandur,,,Driver is not moving towards pickup location,Not Applicable,Not Applicable,Not Applicable,929,Not Applicable,0,,
2024-07-26 09:43:00,CNR2032759330,Success,CID734418,Prime Sedan,Richmond Town,Marathahalli,245.0,80.0,Not Applicable,Not Applicable,No,Not Applicable,216,UPI,37,4.9,3.6
2024-07-13 21:33:00,CNR4417347940,Success,CID425747,eBike,HSR Layout,Jayanagar,147.0,25.0,Not Applicable,Not Applicable,No,Not Applicable,689,Cash,2,4.6,3.6
2024-07-03 21:11:00,CNR7140693190,Success,CID796874,eBike,Sahakar Nagar,Malleshwaram,210.0,140.0,Not Applicable,Not Applicable,No,Not Applicable,155,Cash,45,4.7,4.1
2024-07-06 18:35:00,CNR7691990891,Success,CID312145,Prime SUV,Tumkur Road,Chamarajpet,133.0,85.0,Not Applicable,Not Applicable,No,Not Applicable,2828,UPI,39,4.0,5.0
2024-07-24 01:46:00,CNR5095479427,Canceled by Driver,CID303159,Prime Sedan,Tumkur Road,Varthur,,,Not Applicable,Personal & Car related issue,Not Applicable,Not Applicable,2908,Not Applicable,0,,
2024-07-05 11:17:00,CNR7220298676,Driver Not Found,CID924383,Prime SUV,Cox Town,Hulimavu,,,Not Applicable,Not Applicable,Not Applicable,Not Applicable,107,Not Applicable,0,,
2024-07-04 15:40:00,CNR3701851424,Success,CID239295,eBike,Chamarajpet,Rajarajeshwari Nagar,273.0,30.0,Not Applicable,Not Applicable,No,Not Applicable,172,Cash,39,4.6,4.4
2024-07-19 06:29:00,CNR7201669338,Success,CID701004,Auto,Cox Town,Koramangala,266.0,100.0,Not Applicable,Not Applicable,Yes,Customer Demand,231,Cash,10,3.1,4.2
2024-07-06 21:14:00,CNR1276085697,Success,CID204410,Prime Sedan,Kadugodi,Varthur,98.0,105.0,Not Applicable,Not Applicable,No,Not Applicable,430,UPI,37,3.3,4.7
2024-07-29 20:33:00,CNR5218253723,Success,CID505180,Prime Plus,Majestic,Hebbal,301.0,115.0,Not Applicable,Not Applicable,No,Not Applicable,390,Cash,9,4.2,4.8
2024-07-30 19:58:00,CNR9436979193,Success,CID994706,Prime Plus,Shantinagar,Chamarajpet,56.0,145.0,Not Applicable,Not Applicable,No,Not Applicable,806,UPI,36,3.7,4.9
2024-07-26 08:33:00,CNR1191865060,Success,CID974258,Bike,JP Nagar,Ulsoor,224.0,25.0,Not Applicable,Not Applicable,No,Not Applicable,122,Cash,46,4.9,5.0
2024-07-09 23:09:00,CNR8303832149,Canceled by Driver,CID684816,Auto,Hebbal,Shantinagar,,,Not Applicable,More than permitted people in there,Not Applicable,Not Applicable,298,Not Applicable,0,,
2024-07-14 15:46:00,CNR4254598827,Success,CID572779,Auto,Bellandur,Padmanabhanagar,301.0,90.0,Not Applicable,Not Applicable,No,Not Applicable,892,Cash,10,4.3,4.6
2024-07-29 14:24:00,CNR5115033056,Success,CID903231,Prime SUV,Banashankari,KR Puram,56.0,60.0,Not Applicable,Not Applicable,No,Not Applicable,264,Credit Card,19,4.6,4.2
2024-07-25 09:09:00,CNR6653122153,Success,CID190130,Prime Sedan,Hennur,Ramamurthy Nagar,210.0,45.0,Not Applicable,Not Applicable,No,Not Applicable,670,UPI,40,3.0,3.3
2024-07-17 17:23:00,CNR3824109911,Success,CID311035,eBike,Sarjapur Road,Ramamurthy Nagar,266.0,105.0,Not Applicable,Not Applicable,No,Not Applicable,160,UPI,45,3.4,5.0
2024-07-25 22:33:00,CNR3998649681,Success,CID790606,Auto,Chamarajpet,Ramamurthy Nagar,77.0,120.0,Not Applicable,Not Applicable,No,Not Applicable,2863,Cash,8,4.5,4.0
2024-07-30 20:18:00,CNR2580905303,Success,CID114560,Auto,Rajajinagar,BTM Layout,308.0,145.0,Not Applicable,Not Applicable,No,Not Applicable,2260,UPI,10,4.0,4.5
2024-07-25 08:57:00,CNR6950251147,Success,CID882093,Prime Plus,Kammanahalli,Sarjapur Road,161.0,120.0,Not Applicable,Not Applicable,No,Not Applicable,818,UPI,32,3.8,4.8
2024-07-21 07:00:00,CNR8539799575,Canceled by Customer,CID247689,Prime SUV,Jayanagar,Varthur,,,AC is Not working,Not Applicable,Not Applicable,Not Applicable,238,Not Applicable,0,,
2024-07-22 16:27:00,CNR8992378203,Success,CID554163,Bike,Vijayanagar,Shantinagar,112.0,95.0,Not Applicable,Not Applicable,No,Not Applicable,852,UPI,8,3.6,3.9
2024-07-09 02:13:00,CNR8160694471,Success,CID461461,Mini,Whitefield,Rajajinagar,42.0,135.0,Not Applicable,Not Applicable,No,Not Applicable,434,Cash,25,4.8,3.9
2024-07-02 09:01:00,CNR6348350429,Success,CID602580,Bike,Jayanagar,Electronic City,252.0,130.0,Not Applicable,Not Applicable,No,Not Applicable,180,Cash,19,4.0,3.4
2024-07-09 23:39:00,CNR7111540622,Success,CID966174,eBike,Frazer Town,Nagarbhavi,98.0,100.0,Not Applicable,Not Applicable,No,Not Applicable,851,Cash,36,3.0,3.1
2024-07-02 23:01:00,CNR2921596879,Success,CID855823,Mini,Kammanahalli,Rajajinagar,70.0,55.0,Not Applicable,Not Applicable,No,Not Applicable,393,UPI,15,4.8,4.7
2024-07-10 02:19:00,CNR4211788977,Success,CID365189,Bike,Shivajinagar,Indiranagar,182.0,80.0,Not Applicable,Not Applicable,No,Not Applicable,336,UPI,21,4.7,4.5
2024-07-18 23:56:00,CNR4227214695,Canceled by Customer,CID724194,eBike,MG Road,Nagarbhavi,,,Driver is not moving towards pickup location,Not Applicable,Not Applicable,Not Applicable,424,Not Applicable,0,,
2024-07-16 21:41:00,CNR5497045917,Canceled by Driver,CID769982,Prime Plus,Padmanabhanagar,Peenya,,,Not Applicable,Personal & Car related issue,Not Applicable,Not Applicable,203,Not Applicable,0,,
2024-07-01 10:51:00,CNR3481619968,Success,CID346111,Prime Sedan,Majestic,Electronic City,175.0,80.0,Not Applicable,Not Applicable,No,Not Applicable,333,Cash,49,4.1,4.3
2024-07-24 11:26:00,CNR2743831955,Canceled by Driver,CID507808,Mini,Kadugodi,Tumkur Road,,,Not Applicable,Customer was coughing/sick,Not Applicable,Not Applicable,470,Not Applicable,0,,
2024-07-22 05:23:00,CNR6326831331,Success,CID398468,Prime Plus,Frazer Town,Yelahanka,308.0,120.0,Not Applicable,Not Applicable,No,Not Applicable,149,Cash,2,4.7,3.2
2024-07-09 16:58:00,CNR7916594305,Canceled by Customer,CID928770,Auto,Magadi Road,HSR Layout,,,Change of plans,Not Applicable,Not Applicable,Not Applicable,908,Not Applicable,0,,
2024-07-24 11:45:00,CNR9599110188,Success,CID375442,Bike,Tumkur Road,Malleshwaram,63.0,130.0,Not Applicable,Not Applicable,No,Not Applicable,1506,UPI,38,4.0,3.7
2024-07-04 12:41:00,CNR2682150637,Canceled by Driver,CID458776,Prime Plus,Koramangala,Magadi Road,,,Not Applicable,Customer was coughing/sick,Not Applicable,Not Applicable,487,Not Applicable,0,,
2024-07-19 14:28:00,CNR6632466245,Canceled by Driver,CID637644,Prime Sedan,Tumkur Road,Shivajinagar,,,Not Applicable,Customer related issue,Not Applicable,Not Applicable,442,Not Applicable,0,,
2024-07-19 09:11:00,CNR1196626219,Success,CID806441,Auto,Malleshwaram,BTM Layout,161.0,45.0,Not Applicable,Not Applicable,No,Not Applicable,1809,Cash,12,4.5,4.2
2024-07-27 05:43:00,CNR5523514613,Canceled by Driver,CID892780,Prime Plus,Chamarajpet,Padmanabhanagar,,,Not Applicable,Customer was coughing/sick,Not Applicable,Not Applicable,198,Not Applicable,0,,
2024-07-07 20:01:00,CNR8746811995,Canceled by Customer,CID376652,Prime Plus,Shantinagar,Shantinagar,,,Driver is not moving towards pickup location,Not Applicable,Not Applicable,Not Applicable,784,Not Applicable,0,,
2024-07-18 13:37:00,CNR3282043910,Canceled by Customer,CID949763,Mini,Basavanagudi,Peenya,,,Driver is not moving towards pickup location,Not Applicable,Not Applicable,Not Applicable,358,Not Applicable,0,,
2024-07-24 17:59:00,CNR1955370994,Canceled by Driver,CID739525,Prime SUV,Vijayanagar,HSR Layout,,,Not Applicable,Customer was coughing/sick,Not Applicable,Not Applicable,316,Not Applicable,0,,
2024-07-11 12:39:00,CNR1618257979,Success,CID720089,Mini,Kengeri,Majestic,238.0,40.0,Not Applicable,Not Applicable,No,Not Applicable,995,UPI,31,4.3,3.4
2024-07-01 15:10:00,CNR7082496716,Driver Not Found,CID587876,eBike,Ulsoor,MG Road,,,Not Applicable,Not Applicable,Not Applicable,Not Applicable,1908,Not Applicable,0,,
2024-07-17 08:30:00,CNR4306148458,Canceled by Driver,CID793511,Auto,Nagarbhavi,Sarjapur Road,,,Not Applicable,More than permitted people in there,Not Applicable,Not Applicable,539,Not Applicable,0,,
2024-07-09 00:48:00,CNR4721722700,Canceled by Customer,CID724734,Bike,MG Road,Hebbal,,,Wrong Address,Not Applicable,Not Applicable,Not Applicable,386,Not Applicable,0,,
2024-07-13 10:42:00,CNR7657866399,Canceled by Customer,CID573771,eBike,Nagarbhavi,Chamarajpet,,,Wrong Address,Not Applicable,Not Applicable,Not Applicable,349,Not Applicable,0,,
2024-07-27 09:29:00,CNR8305141262,Canceled by Customer,CID711277,Prime Plus,Kammanahalli,Peenya,,,Driver is not moving towards pickup location,Not Applicable,Not Applicable,Not Applicable,1631,Not Applicable,0,,
2024-07-08 12:04:00,CNR3151569595,Success,CID154643,Auto,KR Puram,Electronic City,42.0,125.0,Not Applicable,Not Applicable,No,Not Applicable,546,Cash,15,3.7,3.1
2024-07-25 03:45:00,CNR6931395143,Success,CID247346,Prime Sedan,Rajarajeshwari Nagar,Shivajinagar,210.0,75.0,Not Applicable,Not Applicable,No,Not Applicable,665,Debit Card,8,3.7,3.1
2024-07-01 00:16:00,CNR3318158193,Success,CID567241,Prime Plus,Koramangala,Kengeri,273.0,55.0,Not Applicable,Not Applicable,Yes,Other Issue,296,Cash,45,3.6,3.3
2024-07-18 11:59:00,CNR4690337971,Success,CID366758,Prime Plus,Rajajinagar,Nagarbhavi,112.0,140.0,Not Applicable,Not Applicable,No,Not Applicable,510,Cash,25,5.0,4.5
2024-07-19 16:23:00,CNR8369053564,Success,CID449861,Mini,Koramangala,Jayanagar,196.0,30.0,Not Applicable,Not Applicable,No,Not Applicable,304,UPI,46,4.4,4.5
2024-07-09 07:15:00,CNR7196671123,Canceled by Customer,CID396432,Bike,Rajajinagar,Ulsoor,,,Driver is not moving towards pickup location,Not Applicable,Not Applicable,Not Applicable,428,Not Applicable,0,,
2024-07-16 00:45:00,CNR8054535269,Canceled by Driver,CID226920,Prime SUV,Hosur Road,Electronic City,,,Not Applicable,Personal & Car related issue,Not Applicable,Not Applicable,964,Not Applicable,0,,
2024-07-05 11:51:00,CNR5602979152,Success,CID244728,Bike,Basavanagudi,BTM Layout,189.0,60.0,Not Applicable,Not Applicable,No,Not Applicable,997,Cash,24,3.6,3.7
2024-07-01 02:53:00,CNR6117745925,Canceled by Driver,CID138666,Prime SUV,Richmond Town,Ulsoor,,,Not Applicable,Personal & Car related issue,Not Applicable,Not Applicable,1364,Not Applicable,0,,
2024-07-12 08:41:00,CNR9287525849,Canceled by Customer,CID579791,Mini,Nagarbhavi,Rajajinagar,,,Driver asked to cancel,Not Applicable,Not Applicable,Not Applicable,549,Not Applicable,0,,
2024-07-19 06:10:00,CNR9159006208,Success,CID594109,eBike,Vijayanagar,Chickpet,287.0,70.0,Not Applicable,Not Applicable,No,Not Applicable,480,Cash,21,3.7,4.9
2024-07-24 02:15:00,CNR8134518885,Success,CID551000,Prime Plus,Padmanabhanagar,Rajarajeshwari Nagar,84.0,90.0,Not Applicable,Not Applicable,No,Not Applicable,832,UPI,2,3.4,4.6
2024-07-08 20:39:00,CNR7357154412,Success,CID666886,Mini,Varthur,Hulimavu,161.0,95.0,Not Applicable,Not Applicable,Yes,Vehicle Breakdown,205,Cash,29,3.5,3.5
2024-07-04 20:32:00,CNR7353587712,Success,CID612290,Prime SUV,Hosur Road,Rajajinagar,280.0,110.0,Not Applicable,Not Applicable,No,Not Applicable,114,Cash,30,4.7,4.8
2024-07-02 11:27:00,CNR2368468072,Canceled by Driver,CID100917,eBike,Padmanabhanagar,Frazer Town,,,Not Applicable,Personal & Car related issue,Not Applicable,Not Applicable,233,Not Applicable,0,,
2024-07-27 00:52:00,CNR5066939664,Success,CID797430,Bike,Koramangala,Nagarbhavi,280.0,85.0,Not Applicable,Not Applicable,Yes,Other Issue,997,Debit Card,27,4.6,3.8
2024-07-26 19:44:00,CNR5732297782,Success,CID114394,eBike,Langford Town,Cox Town,133.0,85.0,Not Applicable,Not Applicable,No,Not Applicable,534,Cash,14,3.4,3.5
2024-07-20 21:06:00,CNR1252021973,Canceled by Customer,CID498058,Prime SUV,Basavanagudi,Hulimavu,,,Wrong Address,Not Applicable,Not Applicable,Not Applicable,350,Not Applicable,0,,
2024-07-11 20:01:00,CNR3835386844,Success,CID428197,Prime SUV,Ulsoor,Chickpet,154.0,105.0,Not Applicable,Not Applicable,No,Not Applicable,394,Cash,30,4.8,3.9
2024-07-03 05:34:00,CNR9491578317,Canceled by Customer,CID554860,eBike,Hebbal,Hosur Road,,,Change of plans,Not Applicable,Not Applicable,Not Applicable,762,Not Applicable,0,,
2024-07-18 00:29:00,CNR8799951576,Success,CID576537,Prime Plus,Devanahalli,Sarjapur Road,56.0,95.0,Not Applicable,Not Applicable,No,Not Applicable,228,UPI,34,3.1,4.8
2024-07-23 17:11:00,CNR6098599837,Success,CID788422,eBike,Marathahalli,Varthur,280.0,130.0,Not Applicable,Not Applicable,No,Not Applicable,451,Cash,8,4.6,4.4
2024-07-07 16:28:00,CNR7183080063,Success,CID386450,Bike,Varthur,Rajajinagar,49.0,100.0,Not Applicable,Not Applicable,No,Not Applicable,313,Cash,49,3.8,3.4
2024-07-16 20:52:00,CNR8001989673,Success,CID646045,eBike,Mysore Road,Yeshwanthpur,203.0,80.0,Not Applicable,Not Applicable,No,Not Applicable,286,Cash,47,3.9,4.3
2024-07-09 23:20:00,CNR8650178818,Success,CID828186,Prime Plus,Devanahalli,Mysore Road,273.0,60.0,Not Applicable,Not Applicable,No,Not Applicable,384,Cash,16,3.6,3.6
2024-07-21 14:22:00,CNR1582826392,Canceled by Customer,CID705349,Prime SUV,Varthur,Yelahanka,,,Wrong Address,Not Applicable,Not Applicable,Not Applicable,2067,Not Applicable,0,,
2024-07-30 15:28:00,CNR9582981884,Success,CID886164,Prime SUV,KR Puram,JP Nagar,280.0,120.0,Not Applicable,Not Applicable,No,Not Applicable,168,UPI,40,4.6,4.2
2024-07-17 15:55:00,CNR4855430968,Success,CID853852,Auto,Electronic City,KR Puram,175.0,50.0,Not Applicable,Not Applicable,Yes,Customer Demand,950,Cash,3,3.7,4.6
2024-07-30 16:59:00,CNR1776925280,Success,CID664260,Bike,Vijayanagar,RT Nagar,84.0,140.0,Not Applicable,Not Applicable,No,Not Applicable,186,UPI,33,3.2,3.3
2024-07-07 20:28:00,CNR3080651431,Driver Not Found,CID439730,Mini,Banashankari,Banashankari,,,Not Applicable,Not Applicable,Not Applicable,Not Applicable,983,Not Applicable,0,,
2024-07-13 08:04:00,CNR9121803784,Canceled by Customer,CID263385,Auto,Hulimavu,RT Nagar,,,Driver asked to cancel,Not Applicable,Not Applicable,Not Applicable,425,Not Applicable,0,,
2024-07-14 16:20:00,CNR5708949231,Canceled by Driver,CID150570,Prime SUV,JP Nagar,Cox Town,,,Not Applicable,Customer related issue,Not Applicable,Not Applicable,296,Not Applicable,0,,
2024-07-06 10:31:00,CNR4691814463,Success,CID678891,Bike,HSR Layout,Cox Town,70.0,125.0,Not Applicable,Not Applicable,No,Not Applicable,778,Cash,19,4.6,3.7
2024-07-04 13:46:00,CNR7987443820,Driver Not Found,CID846065,Prime Plus,Ramamurthy Nagar,JP Nagar,,,Not Applicable,Not Applicable,Not Applicable,Not Applicable,211,Not Applicable,0,,
2024-07-07 04:51:00,CNR3063601451,Success,CID952976,Mini,Basavanagudi,MG Road,112.0,140.0,Not Applicable,Not Applicable,No,Not Applicable,2230,UPI,41,3.5,4.7
2024-07-28 21:33:00,CNR5454607921,Success,CID772767,eBike,Sahakar Nagar,Tumkur Road,105.0,145.0,Not Applicable,Not Applicable,No,Not Applicable,236,Cash,42,3.1,4.9
2024-07-04 17:59:00,CNR5851517964,Driver Not Found,CID682872,Bike,MG Road,Padmanabhanagar,,,Not Applicable,Not Applicable,Not Applicable,Not Applicable,279,Not Applicable,0,,
2024-07-14 12:04:00,CNR3419072139,Success,CID930126,Bike,Hebbal,Peenya,196.0,90.0,Not Applicable,Not Applicable,No,Not Applicable,428,Cash,43,4.6,4.8
2024-07-28 08:07:00,CNR1755109940,Success,CID538268,Auto,Hosur Road,Shivajinagar,147.0,45.0,Not Applicable,Not Applicable,No,Not Applicable,257,Cash,10,3.7,4.8
2024-07-13 19:25:00,CNR4909750458,Success,CID762707,Mini,Hosur Road,Hebbal,210.0,115.0,Not Applicable,Not Applicable,Yes,Vehicle Breakdown,216,Cash,3,3.4,4.4
2024-07-11 20:26:00,CNR9640979148,Success,CID751648,Mini,Ramamurthy Nagar,Kadugodi,224.0,45.0,Not Applicable,Not Applicable,No,Not Applicable,2883,Cash,44,3.9,3.5
2024-07-21 01:27:00,CNR8620498501,Canceled by Driver,CID500415,Auto,Chickpet,Malleshwaram,,,Not Applicable,More than permitted people in there,Not Applicable,Not Applicable,496,Not Applicable,0,,
2024-07-04 03:53:00,CNR4263861743,Canceled by Driver,CID357673,Bike,Hennur,Majestic,,,Not Applicable,Personal & Car related issue,Not Applicable,Not Applicable,206,Not Applicable,0,,
2024-07-04 23:39:00,CNR4572217502,Canceled by Driver,CID247051,eBike,Jayanagar,Sarjapur Road,,,Not Applicable,More than permitted people in there,Not Applicable,Not Applicable,421,Not Applicable,0,,
2024-07-01 07:37:00,CNR3716652301,Success,CID447706,Auto,Varthur,Padmanabhanagar,231.0,140.0,Not Applicable,Not Applicable,No,Not Applicable,250,UPI,4,4.1,3.5
2024-07-12 00:36:00,CNR3335835475,Driver Not Found,CID583523,Auto,Shivajinagar,Jayanagar,,,Not Applicable,Not Applicable,Not Applicable,Not Applicable,262,Not Applicable,0,,
2024-07-13 17:29:00,CNR7422212126,Success,CID246575,Prime Sedan,Kengeri,Devanahalli,308.0,145.0,Not Applicable,Not Applicable,No,Not Applicable,320,Cash,15,3.2,3.2
2024-07-08 16:27:00,CNR9749088899,Success,CID321049,Prime Plus,Magadi Road,Frazer Town,105.0,55.0,Not Applicable,Not Applicable,No,Not Applicable,341,Cash,8,3.3,3.2
2024-07-01 12:38:00,CNR5484243411,Success,CID637553,Auto,Electronic City,MG Road,224.0,135.0,Not Applicable,Not Applicable,No,Not Applicable,671,Cash,10,4.1,4.7
2024-07-27 15:29:00,CNR6565458469,Success,CID707443,Auto,Chickpet,Koramangala,49.0,100.0,Not Applicable,Not Applicable,No,Not Applicable,138,Cash,6,3.0,4.5
2024-07-08 04:40:00,CNR3880711249,Success,CID837260,Prime Sedan,Shivajinagar,Ramamurthy Nagar,294.0,90.0,Not Applicable,Not Applicable,No,Not Applicable,386,UPI,7,3.7,3.1
2024-07-08 14:57:00,CNR3528657636,Success,CID171330,Bike,Banashankari,Rajarajeshwari Nagar,56.0,30.0,Not Applicable,Not Applicable,No,Not Applicable,837,UPI,18,4.0,3.7
2024-07-07 13:31:00,CNR3518607006,Success,CID868244,eBike,Varthur,Basavanagudi,112.0,50.0,Not Applicable,Not Applicable,No,Not Applicable,1048,Cash,44,4.0,3.9
2024-07-11 20:58:00,CNR9508538218,Canceled by Customer,CID669400,Prime Plus,Ramamurthy Nagar,Rajajinagar,,,Change of plans,Not Applicable,Not Applicable,Not Applicable,273,Not Applicable,0,,
2024-07-07 02:25:00,CNR9590496437,Driver Not Found,CID949546,Prime Plus,Bannerghatta Road,Cox Town,,,Not Applicable,Not Applicable,Not Applicable,Not Applicable,672,Not Applicable,0,,
2024-07-16 13:50:00,CNR6978923660,Success,CID843464,Auto,RT Nagar,Richmond Town,56.0,80.0,Not Applicable,Not Applicable,No,Not Applicable,262,UPI,9,4.0,4.1
2024-07-02 07:41:00,CNR3220231774,Success,CID743034,eBike,Hulimavu,Marathahalli,49.0,95.0,Not Applicable,Not Applicable,No,Not Applicable,169,Cash,19,4.9,3.9
2024-07-09 00:59:00,CNR4926256850,Success,CID813429,Prime Plus,Kengeri,Hulimavu,140.0,125.0,Not Applicable,Not Applicable,No,Not Applicable,854,UPI,41,3.0,3.7
2024-07-01 19:18:00,CNR3786790522,Canceled by Driver,CID606552,Bike,Hebbal,Kammanahalli,,,Not Applicable,Personal & Car related issue,Not Applicable,Not Applicable,331,Not Applicable,0,,
2024-07-28 06:51:00,CNR4538295993,Canceled by Customer,CID432186,Bike,Varthur,MG Road,,,AC is Not working,Not Applicable,Not Applicable,Not Applicable,1412,Not Applicable,0,,
2024-07-01 08:06:00,CNR2088248753,Success,CID176452,Auto,Tumkur Road,Nagarbhavi,98.0,75.0,Not Applicable,Not Applicable,No,Not Applicable,462,Cash,5,3.4,3.9
2024-07-10 09:13:00,CNR4527812026,Success,CID528451,Mini,Sahakar Nagar,RT Nagar,49.0,65.0,Not Applicable,Not Applicable,No,Not Applicable,384,UPI,34,3.5,3.7
2024-07-25 09:30:00,CNR6308730046,Success,CID865808,Auto,JP Nagar,Kengeri,182.0,85.0,Not Applicable,Not Applicable,No,Not Applicable,327,UPI,7,3.1,4.6
2024-07-30 05:50:00,CNR8222800018,Success,CID595533,Auto,Magadi Road,Sarjapur Road,301.0,55.0,Not Applicable,Not Applicable,No,Not Applicable,316,Cash,1,3.1,4.3
2024-07-12 16:12:00,CNR2513379265,Canceled by Customer,CID657059,Prime Plus,Bellandur,Sahakar Nagar,,,Wrong Address,Not Applicable,Not Applicable,Not Applicable,160,Not Applicable,0,,
2024-07-21 22:43:00,CNR8425456059,Canceled by Driver,CID389993,Bike,Peenya,Ulsoor,,,Not Applicable,More than permitted people in there,Not Applicable,Not Applicable,206,Not Applicable,0,,
2024-07-19 01:54:00,CNR3969313631,Canceled by Customer,CID513010,Mini,Ulsoor,Marathahalli,,,Driver is not moving towards pickup location,Not Applicable,Not Applicable,Not Applicable,281,Not Applicable,0,,
2024-07-17 10:50:00,CNR8608558652,Success,CID487712,Prime SUV,Ramamurthy Nagar,Devanahalli,70.0,80.0,Not Applicable,Not Applicable,No,Not Applicable,365,UPI,42,3.5,3.5
2024-07-19 00:35:00,CNR1904147740,Success,CID739530,Bike,Vijayanagar,JP Nagar,196.0,135.0,Not Applicable,Not Applicable,No,Not Applicable,270,Cash,47,4.2,4.0
2024-07-10 22:41:00,CNR4255584050,Driver Not Found,CID196059,Prime SUV,Yelahanka,Chickpet,,,Not Applicable,Not Applicable,Not Applicable,Not Applicable,486,Not Applicable,0,,
2024-07-29 07:59:00,CNR1615482044,Canceled by Driver,CID813916,Mini,Chickpet,Richmond Town,,,Not Applicable,Personal & Car related issue,Not Applicable,Not Applicable,241,Not Applicable,0,,
2024-07-27 09:14:00,CNR9851479780,Success,CID336721,Bike,Sarjapur Road,Ulsoor,49.0,135.0,Not Applicable,Not Applicable,No,Not Applicable,158,UPI,40,4.4,3.6
2024-07-25 23:42:00,CNR7479650914,Success,CID337518,Mini,Indiranagar,Mysore Road,252.0,110.0,Not Applicable,Not Applicable,No,Not Applicable,1758,Cash,35,4.0,4.3
2024-07-06 02:17:00,CNR4782226344,Canceled by Customer,CID649051,Prime Sedan,Frazer Town,Hulimavu,,,Wrong Address,Not Applicable,Not Applicable,Not Applicable,980,Not Applicable,0,,
2024-07-06 13:10:00,CNR3319070408,Success,CID363688,eBike,Sarjapur Road,Basavanagudi,259.0,90.0,Not Applicable,Not Applicable,Yes,Other Issue,222,Cash,21,3.4,3.1
2024-07-02 02:54:00,CNR2809367074,Success,CID319121,Mini,Hebbal,Shantinagar,280.0,65.0,Not Applicable,Not Applicable,No,Not Applicable,181,Cash,22,4.1,3.3
2024-07-11 04:49:00,CNR4986643474,Success,CID904114,eBike,Kadugodi,Whitefield,42.0,145.0,Not Applicable,Not Applicable,No,Not Applicable,480,Cash,19,4.2,4.0
2024-07-04 09:26:00,CNR9492250358,Success,CID628953,Prime Plus,Mysore Road,Basavanagudi,140.0,80.0,Not Applicable,Not Applicable,No,Not Applicable,1496,Cash,44,4.1,4.5
2024-07-21 11:48:00,CNR7278618592,Success,CID698316,Mini,Nagarbhavi,Nagarbhavi,140.0,40.0,Not Applicable,Not Applicable,No,Not Applicable,431,Cash,24,3.3,3.1
2024-07-02 15:25:00,CNR8403944509,Canceled by Driver,CID194668,Prime SUV,Koramangala,Sahakar Nagar,,,Not Applicable,Customer related issue,Not Applicable,Not Applicable,366,Not Applicable,0,,
2024-07-20 00:55:00,CNR2253814064,Canceled by Driver,CID854851,Bike,Majestic,Rajarajeshwari Nagar,,,Not Applicable,Customer related issue,Not Applicable,Not Applicable,975,Not Applicable,0,,
2024-07-16 20:19:00,CNR5397403791,Success,CID733722,Bike,MG Road,Nagarbhavi,308.0,100.0,Not Applicable,Not Applicable,No,Not Applicable,146,UPI,5,4.8,3.9
2024-07-11 15:46:00,CNR3298314582,Canceled by Customer,CID475258,eBike,JP Nagar,Peenya,,,Change of plans,Not Applicable,Not Applicable,Not Applicable,132,Not Applicable,0,,
2024-07-30 05:19:00,CNR7027331809,Success,CID662428,Bike,Yeshwanthpur,Mysore Road,168.0,70.0,Not Applicable,Not Applicable,No,Not Applicable,853,UPI,3,3.3,4.6
2024-07-24 10:22:00,CNR3245505988,Success,CID318429,Prime SUV,Richmond Town,Mysore Road,77.0,30.0,Not Applicable,Not Applicable,No,Not Applicable,152,Cash,31,4.1,3.6
2024-07-14 14:49:00,CNR8700218482,Success,CID158952,Mini,Padmanabhanagar,Kengeri,56.0,30.0,Not Applicable,Not Applicable,No,Not Applicable,154,UPI,18,3.7,3.3
2024-07-14 12:57:00,CNR5468000316,Canceled by Driver,CID180735,Bike,Nagarbhavi,JP Nagar,,,Not Applicable,Personal & Car related issue,Not Applicable,Not Applicable,311,Not Applicable,0,,
2024-07-25 00:08:00,CNR6738899536,Canceled by Driver,CID425902,eBike,Tumkur Road,HSR Layout,,,Not Applicable,Customer related issue,Not Applicable,Not Applicable,148,Not Applicable,0,,
2024-07-09 05:03:00,CNR1343590061,Success,CID531436,eBike,Kengeri,Yelahanka,182.0,135.0,Not Applicable,Not Applicable,No,Not Applicable,161,Cash,40,4.8,3.8
2024-07-17 18:08:00,CNR2646965081,Canceled by Driver,CID270744,Mini,Kammanahalli,Hennur,,,Not Applicable,Customer related issue,Not Applicable,Not Applicable,391,Not Applicable,0,,
2024-07-19 13:01:00,CNR8116579838,Canceled by Driver,CID918714,eBike,BTM Layout,Shivajinagar,,,Not Applicable,Personal & Car related issue,Not Applicable,Not Applicable,478,Not Applicable,0,,
2024-07-27 23:28:00,CNR3103745996,Success,CID819987,Auto,Hebbal,Cox Town,245.0,110.0,Not Applicable,Not Applicable,No,Not Applicable,319,UPI,12,3.2,3.9
2024-07-07 11:01:00,CNR2666660584,Driver Not Found,CID922545,Bike,Ramamurthy Nagar,Koramangala,,,Not Applicable,Not Applicable,Not Applicable,Not Applicable,1204,Not Applicable,0,,
2024-07-28 06:36:00,CNR7040077857,Success,CID210379,Prime Plus,Richmond Town,Devanahalli,224.0,95.0,Not Applicable,Not Applicable,No,Not Applicable,195,UPI,38,4.2,4.4
2024-07-16 12:33:00,CNR1910759664,Canceled by Driver,CID278342,Auto,Banashankari,Hulimavu,,,Not Applicable,Personal & Car related issue,Not Applicable,Not Applicable,387,Not Applicable,0,,
2024-07-03 01:28:00,CNR9834749740,Success,CID814904,Auto,JP Nagar,Varthur,168.0,40.0,Not Applicable,Not Applicable,No,Not Applicable,215,Cash,10,4.0,4.1
2024-07-22 03:51:00,CNR4108221956,Canceled by Driver,CID196067,Prime SUV,Banashankari,Chamarajpet,,,Not Applicable,Customer related issue,Not Applicable,Not Applicable,699,Not Applicable,0,,
2024-07-04 11:47:00,CNR8533595557,Canceled by Driver,CID664482,Prime Sedan,Padmanabhanagar,Sahakar Nagar,,,Not Applicable,Customer related issue,Not Applicable,Not Applicable,211,Not Applicable,0,,
2024-07-09 14:12:00,CNR2773057161,Success,CID903413,Auto,Cox Town,Hulimavu,112.0,30.0,Not Applicable,Not Applicable,No,Not Applicable,995,Cash,5,4.6,3.9
2024-07-03 18:39:00,CNR1814605528,Canceled by Driver,CID538651,Prime SUV,Padmanabhanagar,Ramamurthy Nagar,,,Not Applicable,Customer related issue,Not Applicable,Not Applicable,405,Not Applicable,0,,
2024-07-01 05:15:00,CNR7921664554,Canceled by Driver,CID708297,Prime SUV,Hennur,Cox Town,,,Not Applicable,Customer related issue,Not Applicable,Not Applicable,296,Not Applicable,0,,
2024-07-18 21:51:00,CNR2037121062,Canceled by Driver,CID776009,Auto,Kammanahalli,Chickpet,,,Not Applicable,Customer was coughing/sick,Not Applicable,Not Applicable,287,Not Applicable,0,,
2024-07-06 00:49:00,CNR1109150461,Success,CID730149,Prime Plus,Yeshwanthpur,BTM Layout,259.0,50.0,Not Applicable,Not Applicable,No,Not Applicable,2306,UPI,49,4.4,3.6
2024-07-12 17:44:00,CNR5052404335,Driver Not Found,CID579327,eBike,Nagarbhavi,Cox Town,,,Not Applicable,Not Applicable,Not Applicable,Not Applicable,120,Not Applicable,0,,
2024-07-26 18:30:00,CNR9264056074,Success,CID693004,Prime SUV,Bellandur,Chamarajpet,98.0,140.0,Not Applicable,Not Applicable,No,Not Applicable,582,Cash,25,3.5,3.6
2024-07-23 03:17:00,CNR2029135505,Driver Not Found,CID227212,Mini,Indiranagar,Varthur,,,Not Applicable,Not Applicable,Not Applicable,Not Applicable,203,Not Applicable,0,,
2024-07-07 13:53:00,CNR8683989197,Success,CID666905,Auto,Chamarajpet,Hulimavu,168.0,55.0,Not Applicable,Not Applicable,No,Not Applicable,364,UPI,16,4.1,4.9
2024-07-25 03:35:00,CNR5226144624,Success,CID594552,Mini,Chamarajpet,Hulimavu,280.0,30.0,Not Applicable,Not Applicable,No,Not Applicable,749,UPI,45,3.8,3.5
2024-07-04 21:55:00,CNR6352247475,Driver Not Found,CID911923,Prime Sedan,KR Puram,Padmanabhanagar,,,Not Applicable,Not Applicable,Not Applicable,Not Applicable,544,Not Applicable,0,,
2024-07-07 08:15:00,CNR1306109207,Canceled by Customer,CID965000,Prime SUV,Hebbal,MG Road,,,Driver asked to cancel,Not Applicable,Not Applicable,Not Applicable,403,Not Applicable,0,,
2024-07-19 12:00:00,CNR7238996721,Driver Not Found,CID431661,Mini,Whitefield,Varthur,,,Not Applicable,Not Applicable,Not Applicable,Not Applicable,581,Not Applicable,0,,
2024-07-27 07:24:00,CNR5609066543,Canceled by Driver,CID426051,eBike,Banashankari,Yelahanka,,,Not Applicable,Customer related issue,Not Applicable,Not Applicable,558,Not Applicable,0,,
2024-07-03 16:06:00,CNR3122785825,Success,CID999548,Mini,Hosur Road,Peenya,203.0,90.0,Not Applicable,Not Applicable,Yes,Customer Demand,744,Credit Card,42,3.2,3.4
2024-07-30 17:15:00,CNR3555688057,Success,CID504359,Prime Plus,Kadugodi,Frazer Town,161.0,40.0,Not Applicable,Not Applicable,No,Not Applicable,301,Cash,24,3.5,3.9
2024-07-22 01:50:00,CNR7748137004,Success,CID393340,Mini,HSR Layout,Electronic City,168.0,105.0,Not Applicable,Not Applicable,No,Not Applicable,294,UPI,11,4.0,4.7
2024-07-17 22:17:00,CNR9022979607,Canceled by Driver,CID156875,eBike,Basavanagudi,Cox Town,,,Not Applicable,More than permitted people in there,Not Applicable,Not Applicable,167,Not Applicable,0,,
2024-07-17 20:02:00,CNR9777591288,Success,CID456978,Prime Plus,Kadugodi,Sarjapur Road,147.0,135.0,Not Applicable,Not Applicable,No,Not Applicable,675,UPI,1,4.5,4.1
2024-07-07 20:55:00,CNR5038160934,Driver Not Found,CID502761,Bike,Hennur,RT Nagar,,,Not Applicable,Not Applicable,Not Applicable,Not Applicable,419,Not Applicable,0,,
2024-07-28 00:13:00,CNR7881273754,Success,CID501487,Auto,Whitefield,Kammanahalli,119.0,35.0,Not Applicable,Not Applicable,No,Not Applicable,425,UPI,5,3.4,3.1
2024-07-23 05:33:00,CNR8275171715,Driver Not Found,CID985030,Bike,Tumkur Road,Mysore Road,,,Not Applicable,Not Applicable,Not Applicable,Not Applicable,107,Not Applicable,0,,
2024-07-10 04:02:00,CNR3397022204,Success,CID816174,Prime Plus,Nagarbhavi,Jayanagar,259.0,95.0,Not Applicable,Not Applicable,No,Not Applicable,146,Cash,4,4.8,3.4
2024-07-13 18:53:00,CNR8235926498,Success,CID793069,Mini,Frazer Town,Banashankari,280.0,50.0,Not Applicable,Not Applicable,No,Not Applicable,682,Cash,10,5.0,4.6
2024-07-13 16:39:00,CNR7137114296,Success,CID720374,Prime Sedan,Rajajinagar,Malleshwaram,49.0,45.0,Not Applicable,Not Applicable,No,Not Applicable,338,Cash,13,3.6,4.1
2024-07-18 20:52:00,CNR9251695959,Success,CID833688,Prime Plus,Hulimavu,Jayanagar,63.0,80.0,Not Applicable,Not Applicable,No,Not Applicable,2881,Cash,5,5.0,3.7
2024-07-23 08:03:00,CNR5928232817,Canceled by Driver,CID848838,eBike,Nagarbhavi,Yeshwanthpur,,,Not Applicable,Customer was coughing/sick,Not Applicable,Not Applicable,185,Not Applicable,0,,
2024-07-02 18:12:00,CNR9333220404,Driver Not Found,CID498575,Prime Plus,Whitefield,Koramangala,,,Not Applicable,Not Applicable,Not Applicable,Not Applicable,1340,Not Applicable,0,,
2024-07-16 06:33:00,CNR2519084546,Success,CID897898,Bike,Cox Town,Kengeri,147.0,45.0,Not Applicable,Not Applicable,No,Not Applicable,388,Cash,13,4.9,3.7
2024-07-08 03:59:00,CNR3257320516,Canceled by Driver,CID821344,Prime Plus,Electronic City,Bannerghatta Road,,,Not Applicable,Customer related issue,Not Applicable,Not Applicable,114,Not Applicable,0,,
2024-07-14 09:11:00,CNR4697314452,Driver Not Found,CID168330,Mini,MG Road,MG Road,,,Not Applicable,Not Applicable,Not Applicable,Not Applicable,728,Not Applicable,0,,
2024-07-08 15:30:00,CNR5066066742,Success,CID400451,Mini,Majestic,Shantinagar,252.0,45.0,Not Applicable,Not Applicable,No,Not Applicable,467,Cash,4,3.3,4.2
2024-07-22 05:22:00,CNR8508023852,Canceled by Driver,CID679418,Prime Plus,Padmanabhanagar,Koramangala,,,Not Applicable,Customer related issue,Not Applicable,Not Applicable,128,Not Applicable,0,,
2024-07-08 13:49:00,CNR6224399032,Success,CID729989,Bike,Kammanahalli,Majestic,56.0,65.0,Not Applicable,Not Applicable,No,Not Applicable,920,Cash,29,4.1,3.8
2024-07-28 18:21:00,CNR4370458852,Success,CID946934,Prime Sedan,Hebbal,Hulimavu,189.0,25.0,Not Applicable,Not Applicable,No,Not Applicable,478,Cash,10,3.7,4.1
2024-07-07 03:41:00,CNR8905219100,Success,CID548577,Mini,Yeshwanthpur,Nagarbhavi,259.0,115.0,Not Applicable,Not Applicable,No,Not Applicable,123,UPI,48,4.9,4.8
2024-07-07 03:50:00,CNR4240134773,Success,CID649111,Prime Plus,Majestic,Tumkur Road,301.0,55.0,Not Applicable,Not Applicable,No,Not Applicable,425,UPI,18,3.8,4.6
2024-07-15 21:12:00,CNR5138881182,Canceled by Customer,CID214205,Prime Sedan,Whitefield,Ulsoor,,,Change of plans,Not Applicable,Not Applicable,Not Applicable,987,Not Applicable,0,,
2024-07-18 07:07:00,CNR7556977747,Success,CID845773,eBike,Devanahalli,MG Road,189.0,70.0,Not Applicable,Not Applicable,No,Not Applicable,190,Cash,28,4.5,4.2
2024-07-20 11:58:00,CNR7467555860,Canceled by Driver,CID627851,Prime SUV,Richmond Town,Rajarajeshwari Nagar,,,Not Applicable,Personal & Car related issue,Not Applicable,Not Applicable,608,Not Applicable,0,,
2024-07-30 17:27:00,CNR9538689579,Canceled by Driver,CID960460,Prime SUV,Basavanagudi,Whitefield,,,Not Applicable,Personal & Car related issue,Not Applicable,Not Applicable,567,Not Applicable,0,,
2024-07-24 05:50:00,CNR9160294150,Success,CID886947,Bike,Kammanahalli,Tumkur Road,294.0,140.0,Not Applicable,Not Applicable,No,Not Applicable,320,UPI,11,3.6,3.7
2024-07-22 20:33:00,CNR5674246265,Success,CID825201,Prime SUV,Mysore Road,MG Road,126.0,110.0,Not Applicable,Not Applicable,No,Not Applicable,702,UPI,46,3.0,4.9
2024-07-02 04:07:00,CNR2018027566,Canceled by Driver,CID618527,Bike,Majestic,Sarjapur Road,,,Not Applicable,Customer was coughing/sick,Not Applicable,Not Applicable,843,Not Applicable,0,,
2024-07-19 15:18:00,CNR4682752060,Canceled by Customer,CID798108,Bike,Ulsoor,Bellandur,,,Driver asked to cancel,Not Applicable,Not Applicable,Not Applicable,821,Not Applicable,0,,
2024-07-22 01:27:00,CNR7087329461,Success,CID376630,Bike,Bellandur,Ramamurthy Nagar,238.0,130.0,Not Applicable,Not Applicable,No,Not Applicable,402,UPI,17,3.8,4.7
2024-07-17 17:49:00,CNR8174169629,Driver Not Found,CID292783,Mini,Langford Town,Devanahalli,,,Not Applicable,Not Applicable,Not Applicable,Not Applicable,342,Not Applicable,0,,
2024-07-05 16:45:00,CNR3819035959,Canceled by Customer,CID773223,Prime Plus,Jayanagar,Padmanabhanagar,,,Driver is not moving towards pickup location,Not Applicable,Not Applicable,Not Applicable,240,Not Applicable,0,,
2024-07-26 04:51:00,CNR2013749417,Success,CID722322,Auto,Kadugodi,RT Nagar,77.0,125.0,Not Applicable,Not Applicable,No,Not Applicable,196,Cash,5,4.0,3.3
2024-07-18 13:47:00,CNR7670368834,Success,CID739313,Prime Sedan,Banashankari,Bellandur,238.0,125.0,Not Applicable,Not Applicable,No,Not Applicable,254,Cash,43,3.7,4.2
2024-07-24 02:33:00,CNR1989547059,Canceled by Driver,CID100160,Prime Sedan,Shivajinagar,Rajarajeshwari Nagar,,,Not Applicable,Customer was coughing/sick,Not Applicable,Not Applicable,563,Not Applicable,0,,
2024-07-03 00:10:00,CNR6819795651,Canceled by Customer,CID113310,Prime Plus,Tumkur Road,Rajajinagar,,,Driver is not moving towards pickup location,Not Applicable,Not Applicable,Not Applicable,905,Not Applicable,0,,
2024-07-09 14:23:00,CNR4260870724,Canceled by Driver,CID236320,Prime Plus,Ulsoor,Whitefield,,,Not Applicable,Personal & Car related issue,Not Applicable,Not Applicable,421,Not Applicable,0,,
2024-07-05 17:14:00,CNR5521239041,Success,CID650367,Bike,Hebbal,Varthur,189.0,85.0,Not Applicable,Not Applicable,No,Not Applicable,248,Cash,8,3.9,3.1
2024-07-24 15:03:00,CNR5816789553,Driver Not Found,CID488366,Mini,Ramamurthy Nagar,Kengeri,,,Not Applicable,Not Applicable,Not Applicable,Not Applicable,278,Not Applicable,0,,
2024-07-21 18:47:00,CNR9351258633,Canceled by Driver,CID686936,Prime SUV,KR Puram,Varthur,,,Not Applicable,Customer related issue,Not Applicable,Not Applicable,274,Not Applicable,0,,
2024-07-23 07:40:00,CNR3580894492,Success,CID516454,Auto,Shantinagar,Shantinagar,154.0,75.0,Not Applicable,Not Applicable,No,Not Applicable,473,Cash,18,4.5,4.3
2024-07-27 05:29:00,CNR4432415669,Driver Not Found,CID306636,Auto,Langford Town,Yelahanka,,,Not Applicable,Not Applicable,Not Applicable,Not Applicable,486,Not Applicable,0,,
2024-07-27 07:57:00,CNR5071121084,Success,CID566102,eBike,Peenya,KR Puram,203.0,70.0,Not Applicable,Not Applicable,No,Not Applicable,1225,Cash,16,4.3,3.7
2024-07-24 16:13:00,CNR5737907169,Success,CID481235,Prime Sedan,Yelahanka,Hennur,203.0,30.0,Not Applicable,Not Applicable,No,Not Applicable,335,UPI,17,3.8,3.3
2024-07-10 21:05:00,CNR6288758309,Canceled by Driver,CID876020,Prime Sedan,Sarjapur Road,Shivajinagar,,,Not Applicable,Personal & Car related issue,Not Applicable,Not Applicable,2935,Not Applicable,0,,
2024-07-04 07:35:00,CNR7046888416,Driver Not Found,CID730485,Prime SUV,Chickpet,Marathahalli,,,Not Applicable,Not Applicable,Not Applicable,Not Applicable,418,Not Applicable,0,,
2024-07-16 07:56:00,CNR5716523484,Success,CID427061,eBike,Ulsoor,Whitefield,245.0,80.0,Not Applicable,Not Applicable,No,Not Applicable,201,UPI,31,4.3,3.6
2024-07-06 13:20:00,CNR2375023576,Success,CID669670,Mini,Sarjapur Road,Basavanagudi,133.0,135.0,Not Applicable,Not Applicable,No,Not Applicable,748,Cash,10,3.1,4.4
2024-07-22 08:04:00,CNR6828092694,Success,CID592206,Prime Plus,Nagarbhavi,Tumkur Road,84.0,75.0,Not Applicable,Not Applicable,No,Not Applicable,113,Cash,26,4.0,4.0
2024-07-09 17:20:00,CNR9574357929,Driver Not Found,CID427843,Prime Sedan,Yelahanka,RT Nagar,,,Not Applicable,Not Applicable,Not Applicable,Not Applicable,804,Not Applicable,0,,
2024-07-18 19:27:00,CNR4678932734,Canceled by Customer,CID604652,eBike,Tumkur Road,Rajajinagar,,,Driver is not moving towards pickup location,Not Applicable,Not Applicable,Not Applicable,287,Not Applicable,0,,
2024-07-05 22:50:00,CNR1987718695,Success,CID656466,eBike,Sarjapur Road,Shantinagar,273.0,120.0,Not Applicable,Not Applicable,No,Not Applicable,465,UPI,49,4.9,3.1
2024-07-17 07:28:00,CNR8510402060,Canceled by Customer,CID384873,Bike,Koramangala,Bannerghatta Road,,,Driver asked to cancel,Not Applicable,Not Applicable,Not Applicable,426,Not Applicable,0,,
2024-07-04 00:07:00,CNR5427739758,Success,CID579010,Prime Sedan,Nagarbhavi,Tumkur Road,238.0,100.0,Not Applicable,Not Applicable,No,Not Applicable,412,UPI,42,3.6,3.3
2024-07-27 04:28:00,CNR2035794846,Canceled by Customer,CID111382,Mini,Jayanagar,Malleshwaram,,,Change of plans,Not Applicable,Not Applicable,Not Applicable,123,Not Applicable,0,,
2024-07-19 07:58:00,CNR9130223016,Success,CID236331,Bike,Marathahalli,Ramamurthy Nagar,308.0,145.0,Not Applicable,Not Applicable,No,Not Applicable,460,Cash,9,3.2,3.1
2024-07-07 22:12:00,CNR3583522511,Success,CID613113,Auto,Basavanagudi,Basavanagudi,280.0,110.0,Not Applicable,Not Applicable,No,Not Applicable,330,UPI,2,4.8,4.4
2024-07-03 19:08:00,CNR3735734382,Success,CID616444,Mini,Jayanagar,BTM Layout,56.0,90.0,Not Applicable,Not Applicable,No,Not Applicable,2979,Cash,23,3.2,4.6
2024-07-04 06:15:00,CNR2255269643,Driver Not Found,CID267086,Prime SUV,Koramangala,Marathahalli,,,Not Applicable,Not Applicable,Not Applicable,Not Applicable,1630,Not Applicable,0,,
2024-07-11 20:57:00,CNR6256168917,Canceled by Driver,CID315163,Prime Plus,Hulimavu,Majestic,,,Not Applicable,Personal & Car related issue,Not Applicable,Not Applicable,789,Not Applicable,0,,
2024-07-07 12:27:00,CNR5931360873,Success,CID135761,Prime Plus,Sahakar Nagar,Cox Town,252.0,65.0,Not Applicable,Not Applicable,No,Not Applicable,904,Cash,2,4.7,4.1
2024-07-15 11:14:00,CNR9249704979,Driver Not Found,CID419390,Prime Sedan,Malleshwaram,Electronic City,,,Not Applicable,Not Applicable,Not Applicable,Not Applicable,310,Not Applicable,0,,
2024-07-03 23:42:00,CNR7327860951,Canceled by Driver,CID603290,Prime Sedan,Shivajinagar,Ulsoor,,,Not Applicable,Personal & Car related issue,Not Applicable,Not Applicable,473,Not Applicable,0,,
2024-07-14 09:10:00,CNR1844625729,Success,CID758814,eBike,Basavanagudi,Magadi Road,203.0,50.0,Not Applicable,Not Applicable,No,Not Applicable,477,UPI,42,3.5,3.1
2024-07-06 21:14:00,CNR8175448322,Success,CID834619,eBike,Kengeri,Bannerghatta Road,112.0,70.0,Not Applicable,Not Applicable,Yes,Vehicle Breakdown,307,UPI,23,4.2,4.7
2024-07-15 19:51:00,CNR5468932755,Driver Not Found,CID482038,Bike,Mysore Road,Langford Town,,,Not Applicable,Not Applicable,Not Applicable,Not Applicable,696,Not Applicable,0,,
2024-07-08 09:59:00,CNR9789118202,Success,CID567086,Prime Sedan,HSR Layout,Marathahalli,154.0,55.0,Not Applicable,Not Applicable,No,Not Applicable,244,Cash,31,3.2,4.9
2024-07-12 03:12:00,CNR6664879502,Success,CID404274,Prime Plus,Frazer Town,Yeshwanthpur,301.0,140.0,Not Applicable,Not Applicable,No,Not Applicable,2662,Cash,1,3.9,3.8
2024-07-27 09:29:00,CNR2691743458,Success,CID511583,eBike,Shantinagar,Varthur,119.0,55.0,Not Applicable,Not Applicable,Yes,Other Issue,206,Cash,29,3.6,4.3
2024-07-01 10:27:00,CNR5844675903,Success,CID810208,Prime Sedan,Sarjapur Road,Cox Town,112.0,60.0,Not Applicable,Not Applicable,No,Not Applicable,103,UPI,3,3.1,3.0
2024-07-30 11:16:00,CNR3670765845,Canceled by Customer,CID867159,Prime Sedan,Whitefield,Rajajinagar,,,Change of plans,Not Applicable,Not Applicable,Not Applicable,255,Not Applicable,0,,
2024-07-20 12:13:00,CNR2775466203,Success,CID369192,Auto,Nagarbhavi,Rajarajeshwari Nagar,70.0,105.0,Not Applicable,Not Applicable,No,Not Applicable,140,Cash,9,3.5,3.8
2024-07-28 23:00:00,CNR6716545010,Success,CID940813,Bike,Hosur Road,Varthur,231.0,120.0,Not Applicable,Not Applicable,No,Not Applicable,457,UPI,28,3.9,3.3
2024-07-14 19:25:00,CNR7959409640,Success,CID626920,Mini,Shivajinagar,MG Road,231.0,130.0,Not Applicable,Not Applicable,No,Not Applicable,867,Cash,10,4.2,3.5
2024-07-12 10:44:00,CNR2507237626,Success,CID861198,Prime SUV,Bannerghatta Road,JP Nagar,301.0,120.0,Not Applicable,Not Applicable,No,Not Applicable,1613,Cash,4,3.5,3.9
2024-07-19 02:43:00,CNR2836020873,Canceled by Driver,CID285552,Mini,Peenya,BTM Layout,,,Not Applicable,Customer related issue,Not Applicable,Not Applicable,413,Not Applicable,0,,
2024-07-12 16:21:00,CNR7519007553,Canceled by Customer,CID799221,Prime Plus,Sahakar Nagar,Koramangala,,,Wrong Address,Not Applicable,Not Applicable,Not Applicable,163,Not Applicable,0,,
2024-07-06 01:18:00,CNR9138976296,Success,CID994933,Prime Sedan,Basavanagudi,Banashankari,196.0,115.0,Not Applicable,Not Applicable,No,Not Applicable,159,Cash,2,4.3,3.8
2024-07-28 17:25:00,CNR7474244359,Success,CID213916,Prime Plus,Whitefield,JP Nagar,49.0,120.0,Not Applicable,Not Applicable,No,Not Applicable,276,UPI,4,3.5,4.8
2024-07-20 17:42:00,CNR5047468168,Success,CID333197,Prime SUV,Nagarbhavi,Malleshwaram,280.0,55.0,Not Applicable,Not Applicable,No,Not Applicable,471,UPI,4,3.8,3.4
2024-07-14 09:07:00,CNR1724045786,Success,CID521661,Prime SUV,Bannerghatta Road,Whitefield,308.0,25.0,Not Applicable,Not Applicable,No,Not Applicable,470,Credit Card,13,3.5,3.2
2024-07-02 00:02:00,CNR2755685001,Canceled by Driver,CID774914,Prime Plus,Shivajinagar,Richmond Town,,,Not Applicable,Customer related issue,Not Applicable,Not Applicable,954,Not Applicable,0,,
2024-07-11 05:05:00,CNR9268814007,Canceled by Driver,CID649473,Prime Plus,Chamarajpet,Peenya,,,Not Applicable,Customer related issue,Not Applicable,Not Applicable,731,Not Applicable,0,,
2024-07-15 13:02:00,CNR1803850220,Success,CID676546,Bike,Jayanagar,Shivajinagar,56.0,100.0,Not Applicable,Not Applicable,No,Not Applicable,2394,Cash,16,3.6,3.9
2024-07-25 08:22:00,CNR9160430370,Success,CID532347,Bike,Chickpet,Yelahanka,273.0,45.0,Not Applicable,Not Applicable,No,Not Applicable,104,UPI,18,3.4,3.1
2024-07-10 07:50:00,CNR9807127163,Success,CID997974,Bike,Richmond Town,Electronic City,49.0,105.0,Not Applicable,Not Applicable,No,Not Applicable,346,Cash,43,4.7,4.2
2024-07-12 10:43:00,CNR3501091107,Canceled by Customer,CID802101,Auto,KR Puram,Kengeri,,,Change of plans,Not Applicable,Not Applicable,Not Applicable,679,Not Applicable,0,,
2024-07-29 00:11:00,CNR8335415677,Canceled by Customer,CID903008,Prime Sedan,Nagarbhavi,Magadi Road,,,Change of plans,Not Applicable,Not Applicable,Not Applicable,810,Not Applicable,0,,
2024-07-01 21:10:00,CNR1897514824,Success,CID403694,Prime Plus,Hebbal,Bannerghatta Road,91.0,130.0,Not Applicable,Not Applicable,No,Not Applicable,479,UPI,44,4.1,4.0
2024-07-16 18:31:00,CNR6020172337,Canceled by Driver,CID312014,Prime Plus,Langford Town,Yelahanka,,,Not Applicable,Customer related issue,Not Applicable,Not Applicable,454,Not Applicable,0,,
2024-07-13 03:02:00,CNR8942075693,Success,CID194397,Prime Plus,Hosur Road,Cox Town,259.0,105.0,Not Applicable,Not Applicable,No,Not Applicable,470,Cash,19,3.3,4.6
2024-07-25 01:00:00,CNR1620037933,Success,CID708926,Auto,Shantinagar,Hulimavu,259.0,105.0,Not Applicable,Not Applicable,No,Not Applicable,276,UPI,10,4.8,4.6
2024-07-29 17:56:00,CNR4433474356,Driver Not Found,CID670528,Prime Sedan,Marathahalli,Majestic,,,Not Applicable,Not Applicable,Not Applicable,Not Applicable,108,Not Applicable,0,,
2024-07-01 12:37:00,CNR7307961026,Canceled by Customer,CID620462,Prime Plus,Magadi Road,Hosur Road,,,Change of plans,Not Applicable,Not Applicable,Not Applicable,2685,Not Applicable,0,,
2024-07-06 20:58:00,CNR3885595607,Canceled by Driver,CID373255,Mini,Basavanagudi,Electronic City,,,Not Applicable,Personal & Car related issue,Not Applicable,Not Applicable,190,Not Applicable,0,,
2024-07-23 19:15:00,CNR6977839774,Driver Not Found,CID456280,Prime SUV,Hosur Road,Whitefield,,,Not Applicable,Not Applicable,Not Applicable,Not Applicable,161,Not Applicable,0,,
2024-07-26 04:09:00,CNR1611880990,Driver Not Found,CID437475,Bike,RT Nagar,Tumkur Road,,,Not Applicable,Not Applicable,Not Applicable,Not Applicable,481,Not Applicable,0,,
2024-07-14 07:18:00,CNR9083916604,Driver Not Found,CID405083,Mini,Padmanabhanagar,Bannerghatta Road,,,Not Applicable,Not Applicable,Not Applicable,Not Applicable,989,Not Applicable,0,,
2024-07-03 19:17:00,CNR1232836692,Success,CID599424,Mini,Hennur,Padmanabhanagar,189.0,30.0,Not Applicable,Not Applicable,No,Not Applicable,394,UPI,44,4.5,4.1
2024-07-25 01:50:00,CNR2955360869,Success,CID800339,eBike,Koramangala,Frazer Town,126.0,85.0,Not Applicable,Not Applicable,No,Not Applicable,689,Cash,47,3.9,3.8
2024-07-25 19:27:00,CNR3023655546,Success,CID271403,Prime Sedan,Rajajinagar,Vijayanagar,245.0,145.0,Not Applicable,Not Applicable,No,Not Applicable,136,UPI,7,3.7,4.4
2024-07-24 13:51:00,CNR2476784209,Canceled by Customer,CID810573,Prime SUV,RT Nagar,Majestic,,,Wrong Address,Not Applicable,Not Applicable,Not Applicable,121,Not Applicable,0,,
2024-07-19 17:02:00,CNR1409404328,Success,CID296737,Prime SUV,Vijayanagar,Tumkur Road,252.0,135.0,Not Applicable,Not Applicable,No,Not Applicable,200,Cash,16,3.7,3.2
2024-07-06 06:46:00,CNR9908058772,Canceled by Driver,CID238137,Prime Sedan,KR Puram,Hennur,,,Not Applicable,Personal & Car related issue,Not Applicable,Not Applicable,793,Not Applicable,0,,
2024-07-02 20:52:00,CNR7651137912,Success,CID467256,Auto,Sahakar Nagar,Basavanagudi,217.0,95.0,Not Applicable,Not Applicable,No,Not Applicable,358,UPI,15,4.6,4.0
2024-07-03 11:08:00,CNR2948681311,Canceled by Driver,CID211629,Auto,Rajarajeshwari Nagar,Electronic City,,,Not Applicable,Customer was coughing/sick,Not Applicable,Not Applicable,933,Not Applicable,0,,
2024-07-15 10:59:00,CNR3725695435,Driver Not Found,CID404403,Prime SUV,Peenya,Marathahalli,,,Not Applicable,Not Applicable,Not Applicable,Not Applicable,141,Not Applicable,0,,
2024-07-14 01:56:00,CNR8127788987,Success,CID907905,Prime Sedan,Richmond Town,Mysore Road,182.0,35.0,Not Applicable,Not Applicable,No,Not Applicable,318,Cash,45,4.6,3.4
2024-07-18 08:24:00,CNR6491151114,Success,CID547214,Prime Plus,Bannerghatta Road,Indiranagar,140.0,65.0,Not Applicable,Not Applicable,No,Not Applicable,2454,UPI,46,3.2,3.5
2024-07-09 20:54:00,CNR6819569593,Success,CID296626,Prime Plus,Majestic,Yelahanka,84.0,60.0,Not Applicable,Not Applicable,No,Not Applicable,966,Cash,41,3.1,3.1
2024-07-17 16:16:00,CNR7187241736,Success,CID234622,Prime Plus,BTM Layout,Shivajinagar,217.0,30.0,Not Applicable,Not Applicable,No,Not Applicable,108,UPI,23,3.4,4.2
2024-07-16 02:27:00,CNR9983980393,Canceled by Driver,CID114755,eBike,Sahakar Nagar,Rajajinagar,,,Not Applicable,Customer was coughing/sick,Not Applicable,Not Applicable,376,Not Applicable,0,,
2024-07-22 02:18:00,CNR4465046095,Success,CID663946,Prime SUV,Hebbal,Devanahalli,112.0,110.0,Not Applicable,Not Applicable,No,Not Applicable,874,Cash,21,4.9,4.6
2024-07-10 10:53:00,CNR2511444284,Success,CID786221,Prime Plus,Rajajinagar,Marathahalli,203.0,140.0,Not Applicable,Not Applicable,No,Not Applicable,440,UPI,47,3.7,3.7
2024-07-20 04:05:00,CNR5393144384,Success,CID441992,Prime Plus,Kadugodi,Bannerghatta Road,245.0,60.0,Not Applicable,Not Applicable,No,Not Applicable,159,UPI,41,4.7,4.3
2024-07-02 13:33:00,CNR2951873825,Canceled by Customer,CID162197,Prime Sedan,Hebbal,Shantinagar,,,AC is Not working,Not Applicable,Not Applicable,Not Applicable,655,Not Applicable,0,,
2024-07-30 13:52:00,CNR4934109844,Canceled by Driver,CID983080,Bike,Hulimavu,HSR Layout,,,Not Applicable,Customer was coughing/sick,Not Applicable,Not Applicable,394,Not Applicable,0,,
2024-07-13 00:10:00,CNR5356735390,Success,CID883475,eBike,Basavanagudi,Kammanahalli,91.0,75.0,Not Applicable,Not Applicable,No,Not Applicable,154,UPI,20,4.2,3.4
2024-07-26 17:39:00,CNR7748887158,Success,CID300784,Prime SUV,Varthur,Kammanahalli,189.0,60.0,Not Applicable,Not Applicable,No,Not Applicable,728,UPI,30,3.5,4.2
2024-07-26 22:45:00,CNR4548485581,Success,CID649363,eBike,Nagarbhavi,Mysore Road,196.0,25.0,Not Applicable,Not Applicable,No,Not Applicable,978,UPI,25,5.0,4.7
2024-07-20 09:47:00,CNR7766020168,Driver Not Found,CID550488,Prime SUV,Chickpet,Hulimavu,,,Not Applicable,Not Applicable,Not Applicable,Not Applicable,904,Not Applicable,0,,
2024-07-01 21:45:00,CNR8962228308,Success,CID931486,Auto,Yeshwanthpur,MG Road,259.0,100.0,Not Applicable,Not Applicable,No,Not Applicable,345,Credit Card,15,4.2,3.5
2024-07-21 06:52:00,CNR8522457321,Canceled by Driver,CID716131,Prime SUV,Shantinagar,Hebbal,,,Not Applicable,Customer related issue,Not Applicable,Not Applicable,203,Not Applicable,0,,
2024-07-28 11:39:00,CNR1052599259,Success,CID654097,Prime Plus,Ramamurthy Nagar,Varthur,161.0,45.0,Not Applicable,Not Applicable,No,Not Applicable,417,Cash,42,4.7,4.9
2024-07-29 12:13:00,CNR8990111834,Success,CID289990,Bike,JP Nagar,Koramangala,238.0,140.0,Not Applicable,Not Applicable,No,Not Applicable,644,UPI,13,4.5,4.3
2024-07-14 07:52:00,CNR5877154785,Success,CID440444,eBike,Kadugodi,Rajarajeshwari Nagar,203.0,35.0,Not Applicable,Not Applicable,No,Not Applicable,377,UPI,21,4.2,4.5
2024-07-28 02:55:00,CNR2417911234,Canceled by Driver,CID362637,Prime SUV,JP Nagar,Kadugodi,,,Not Applicable,Customer was coughing/sick,Not Applicable,Not Applicable,236,Not Applicable,0,,
2024-07-08 07:21:00,CNR1539395476,Success,CID140121,Auto,JP Nagar,Banashankari,203.0,145.0,Not Applicable,Not Applicable,No,Not Applicable,182,UPI,16,4.9,4.0
2024-07-07 11:59:00,CNR9197164724,Success,CID928632,Prime Sedan,Rajarajeshwari Nagar,Bellandur,147.0,130.0,Not Applicable,Not Applicable,No,Not Applicable,743,UPI,22,3.7,3.7
2024-07-07 04:31:00,CNR8289444228,Success,CID500272,Bike,Devanahalli,Marathahalli,238.0,105.0,Not Applicable,Not Applicable,No,Not Applicable,445,UPI,39,4.4,4.6
2024-07-15 11:23:00,CNR5921255742,Success,CID190281,Bike,Frazer Town,KR Puram,119.0,110.0,Not Applicable,Not Applicable,No,Not Applicable,801,Cash,22,4.0,3.1
2024-07-30 07:46:00,CNR8121944639,Canceled by Driver,CID382409,Prime Plus,Whitefield,Vijayanagar,,,Not Applicable,More than permitted people in there,Not Applicable,Not Applicable,325,Not Applicable,0,,
2024-07-24 16:28:00,CNR1756282062,Success,CID533636,Mini,Malleshwaram,Hulimavu,77.0,70.0,Not Applicable,Not Applicable,No,Not Applicable,2724,Cash,36,4.6,3.4
2024-07-03 21:52:00,CNR2646459693,Success,CID840305,Mini,Bellandur,Hulimavu,280.0,45.0,Not Applicable,Not Applicable,No,Not Applicable,2961,UPI,15,4.3,4.5
2024-07-19 15:50:00,CNR3623278856,Success,CID599012,Bike,Ulsoor,Ramamurthy Nagar,154.0,65.0,Not Applicable,Not Applicable,No,Not Applicable,1388,Cash,32,3.2,4.5
2024-07-26 02:21:00,CNR1571757044,Driver Not Found,CID952987,Prime Plus,Banashankari,Banashankari,,,Not Applicable,Not Applicable,Not Applicable,Not Applicable,1623,Not Applicable,0,,
2024-07-11 22:02:00,CNR1322454545,Success,CID203639,Prime Sedan,Tumkur Road,Ulsoor,154.0,30.0,Not Applicable,Not Applicable,No,Not Applicable,417,Cash,1,3.4,4.6
2024-07-24 01:34:00,CNR5257312307,Canceled by Driver,CID760632,Auto,Kammanahalli,Chickpet,,,Not Applicable,Personal & Car related issue,Not Applicable,Not Applicable,644,Not Applicable,0,,
2024-07-13 08:05:00,CNR2625037336,Success,CID148815,Mini,Varthur,Rajarajeshwari Nagar,70.0,75.0,Not Applicable,Not Applicable,No,Not Applicable,367,Cash,39,4.8,4.7
2024-07-11 12:17:00,CNR9127136651,Success,CID332565,Bike,Tumkur Road,Varthur,98.0,30.0,Not Applicable,Not Applicable,Yes,Vehicle Breakdown,195,Cash,49,3.9,3.4
2024-07-19 02:12:00,CNR6064228521,Success,CID538885,Mini,Peenya,Bellandur,217.0,135.0,Not Applicable,Not Applicable,No,Not Applicable,350,Cash,30,3.1,4.9
2024-07-15 01:53:00,CNR1183420343,Success,CID744765,Prime Sedan,MG Road,Sahakar Nagar,196.0,140.0,Not Applicable,Not Applicable,No,Not Applicable,341,Cash,32,4.6,3.9
2024-07-10 21:50:00,CNR5483611728,Success,CID626732,Prime SUV,Whitefield,Jayanagar,196.0,120.0,Not Applicable,Not Applicable,No,Not Applicable,740,Cash,44,4.2,4.3
2024-07-04 12:34:00,CNR8520141861,Driver Not Found,CID679126,Mini,Chickpet,Hulimavu,,,Not Applicable,Not Applicable,Not Applicable,Not Applicable,838,Not Applicable,0,,
2024-07-06 18:42:00,CNR7917919511,Success,CID390396,Auto,Kadugodi,Vijayanagar,133.0,130.0,Not Applicable,Not Applicable,No,Not Applicable,393,Cash,7,4.7,4.7
2024-07-16 21:50:00,CNR8685924973,Success,CID278802,eBike,Bannerghatta Road,Shantinagar,42.0,75.0,Not Applicable,Not Applicable,No,Not Applicable,103,Cash,16,4.0,4.5
2024-07-29 17:45:00,CNR6092941991,Success,CID419679,eBike,Cox Town,Vijayanagar,231.0,110.0,Not Applicable,Not Applicable,No,Not Applicable,1620,Cash,13,4.6,3.5
2024-07-14 05:29:00,CNR6092046382,Canceled by Customer,CID202512,Prime Plus,Shivajinagar,Richmond Town,,,Driver is not moving towards pickup location,Not Applicable,Not Applicable,Not Applicable,134,Not Applicable,0,,
2024-07-04 04:09:00,CNR8146289660,Canceled by Driver,CID110128,Auto,Banashankari,Hebbal,,,Not Applicable,Customer was coughing/sick,Not Applicable,Not Applicable,330,Not Applicable,0,,
2024-07-08 11:43:00,CNR4840085406,Success,CID246696,Prime Plus,Sarjapur Road,Yeshwanthpur,210.0,45.0,Not Applicable,Not Applicable,No,Not Applicable,196,UPI,21,3.6,3.3
2024-07-06 04:06:00,CNR8946234771,Canceled by Driver,CID360672,Prime Plus,Ramamurthy Nagar,Tumkur Road,,,Not Applicable,Customer was coughing/sick,Not Applicable,Not Applicable,968,Not Applicable,0,,
2024-07-15 13:19:00,CNR9791356195,Driver Not Found,CID173599,eBike,Nagarbhavi,Yeshwanthpur,,,Not Applicable,Not Applicable,Not Applicable,Not Applicable,654,Not Applicable,0,,
2024-07-03 08:43:00,CNR8517183399,Success,CID390569,Prime Sedan,RT Nagar,BTM Layout,91.0,120.0,Not Applicable,Not Applicable,No,Not Applicable,429,Cash,17,4.1,3.3
2024-07-22 04:23:00,CNR4528578240,Driver Not Found,CID925471,Prime Sedan,Kengeri,Hennur,,,Not Applicable,Not Applicable,Not Applicable,Not Applicable,101,Not Applicable,0,,
2024-07-08 20:09:00,CNR3851893774,Canceled by Driver,CID123332,Prime SUV,Bellandur,Jayanagar,,,Not Applicable,Customer was coughing/sick,Not Applicable,Not Applicable,439,Not Applicable,0,,
2024-07-25 21:12:00,CNR6050699437,Driver Not Found,CID406321,Bike,MG Road,Hebbal,,,Not Applicable,Not Applicable,Not Applicable,Not Applicable,872,Not Applicable,0,,
2024-07-20 06:00:00,CNR7088597014,Success,CID192578,Prime Plus,Jayanagar,Banashankari,77.0,100.0,Not Applicable,Not Applicable,No,Not Applicable,311,Cash,41,3.7,4.8
2024-07-10 00:44:00,CNR7478558065,Success,CID339013,Prime SUV,Malleshwaram,Hennur,133.0,45.0,Not Applicable,Not Applicable,No,Not Applicable,728,Cash,19,3.8,3.1
2024-07-18 23:55:00,CNR7188419414,Success,CID900576,Mini,Sarjapur Road,Basavanagudi,266.0,135.0,Not Applicable,Not Applicable,No,Not Applicable,353,Cash,25,3.4,3.3
2024-07-16 16:51:00,CNR3706415414,Driver Not Found,CID471133,Auto,Peenya,Bannerghatta Road,,,Not Applicable,Not Applicable,Not Applicable,Not Applicable,293,Not Applicable,0,,
2024-07-27 02:55:00,CNR7715200790,Success,CID111871,Prime Sedan,Hennur,Magadi Road,280.0,25.0,Not Applicable,Not Applicable,No,Not Applicable,430,Cash,15,4.5,4.1
2024-07-14 02:50:00,CNR6711811866,Success,CID124211,Prime Plus,Devanahalli,Kadugodi,77.0,145.0,Not Applicable,Not Applicable,No,Not Applicable,922,UPI,11,4.8,5.0
2024-07-09 12:37:00,CNR7255602381,Canceled by Driver,CID237351,Mini,Peenya,Frazer Town,,,Not Applicable,Personal & Car related issue,Not Applicable,Not Applicable,163,Not Applicable,0,,
2024-07-21 15:26:00,CNR9249945439,Success,CID667771,Prime SUV,RT Nagar,Kengeri,126.0,140.0,Not Applicable,Not Applicable,No,Not Applicable,1387,UPI,45,4.9,4.7
2024-07-03 00:47:00,CNR4117678345,Success,CID279030,Mini,Indiranagar,Ramamurthy Nagar,266.0,130.0,Not Applicable,Not Applicable,No,Not Applicable,235,Cash,13,4.7,4.8
2024-07-21 01:22:00,CNR8959690434,Success,CID275748,Prime Plus,Hosur Road,Shantinagar,259.0,65.0,Not Applicable,Not Applicable,No,Not Applicable,474,UPI,45,3.8,3.9
2024-07-28 02:15:00,CNR2297148849,Canceled by Customer,CID912063,Prime Sedan,Yeshwanthpur,KR Puram,,,Wrong Address,Not Applicable,Not Applicable,Not Applicable,302,Not Applicable,0,,
2024-07-08 06:59:00,CNR2972476265,Canceled by Driver,CID763727,Auto,Hebbal,Rajajinagar,,,Not Applicable,Customer related issue,Not Applicable,Not Applicable,189,Not Applicable,0,,
2024-07-04 03:55:00,CNR6311929135,Success,CID266851,Auto,Vijayanagar,Ulsoor,259.0,60.0,Not Applicable,Not Applicable,No,Not Applicable,262,UPI,13,4.1,4.1
2024-07-04 01:04:00,CNR6076046847,Success,CID960976,Prime SUV,Kammanahalli,Langford Town,154.0,100.0,Not Applicable,Not Applicable,No,Not Applicable,158,UPI,27,3.4,3.1
2024-07-02 00:00:00,CNR4833644415,Driver Not Found,CID620828,Auto,Richmond Town,Rajajinagar,,,Not Applicable,Not Applicable,Not Applicable,Not Applicable,315,Not Applicable,0,,
2024-07-28 09:19:00,CNR1293468847,Success,CID267577,Prime Plus,Kengeri,RT Nagar,140.0,65.0,Not Applicable,Not Applicable,No,Not Applicable,254,UPI,34,4.7,4.5
2024-07-10 17:01:00,CNR6734825497,Success,CID940581,Prime Plus,Basavanagudi,Shantinagar,147.0,45.0,Not Applicable,Not Applicable,No,Not Applicable,105,UPI,21,3.9,4.8
2024-07-24 03:17:00,CNR7590459208,Success,CID312581,Auto,JP Nagar,Yeshwanthpur,189.0,80.0,Not Applicable,Not Applicable,No,Not Applicable,264,Debit Card,1,4.8,3.4
2024-07-18 09:18:00,CNR6732607814,Canceled by Driver,CID951506,Mini,Whitefield,Devanahalli,,,Not Applicable,Personal & Car related issue,Not Applicable,Not Applicable,771,Not Applicable,0,,
2024-07-13 18:03:00,CNR2758253739,Canceled by Customer,CID890947,Auto,Banashankari,Ulsoor,,,Driver is not moving towards pickup location,Not Applicable,Not Applicable,Not Applicable,800,Not Applicable,0,,
2024-07-26 08:37:00,CNR5243588020,Canceled by Customer,CID877398,Prime SUV,Peenya,Hulimavu,,,Driver asked to cancel,Not Applicable,Not Applicable,Not Applicable,397,Not Applicable,0,,
2024-07-11 14:18:00,CNR9281226361,Success,CID434593,Prime SUV,Devanahalli,Majestic,70.0,135.0,Not Applicable,Not Applicable,No,Not Applicable,207,Credit Card,39,4.3,3.6
2024-07-25 03:04:00,CNR4837279586,Success,CID592634,Prime SUV,Indiranagar,Varthur,98.0,110.0,Not Applicable,Not Applicable,No,Not Applicable,274,Cash,38,4.5,3.7
2024-07-03 07:39:00,CNR5589584108,Success,CID653027,Prime Plus,Kengeri,Hebbal,42.0,120.0,Not Applicable,Not Applicable,No,Not Applicable,792,UPI,36,5.0,4.6
2024-07-21 06:29:00,CNR6248748575,Success,CID960478,Prime SUV,Electronic City,Sahakar Nagar,105.0,75.0,Not Applicable,Not Applicable,No,Not Applicable,839,Cash,43,4.1,3.0
2024-07-08 11:52:00,CNR8966348335,Success,CID489026,Mini,Tumkur Road,Hennur,147.0,145.0,Not Applicable,Not Applicable,No,Not Applicable,438,UPI,46,4.5,3.8
2024-07-24 07:30:00,CNR7131340736,Canceled by Driver,CID669006,Auto,Padmanabhanagar,Hosur Road,,,Not Applicable,Customer related issue,Not Applicable,Not Applicable,1888,Not Applicable,0,,
2024-07-01 17:55:00,CNR6904573552,Success,CID244169,Prime SUV,Varthur,Chamarajpet,105.0,45.0,Not Applicable,Not Applicable,No,Not Applicable,283,UPI,36,3.1,4.1
2024-07-24 05:11:00,CNR9698649916,Success,CID149534,Bike,Yelahanka,Sahakar Nagar,70.0,125.0,Not Applicable,Not Applicable,No,Not Applicable,215,Cash,6,4.0,4.2
2024-07-14 19:22:00,CNR9931276719,Driver Not Found,CID622596,Prime Sedan,Nagarbhavi,Chickpet,,,Not Applicable,Not Applicable,Not Applicable,Not Applicable,548,Not Applicable,0,,
2024-07-24 21:39:00,CNR6850920598,Canceled by Driver,CID380690,Mini,KR Puram,Basavanagudi,,,Not Applicable,More than permitted people in there,Not Applicable,Not Applicable,385,Not Applicable,0,,
2024-07-05 22:04:00,CNR5651125041,Success,CID160430,Bike,Cox Town,Yeshwanthpur,168.0,45.0,Not Applicable,Not Applicable,No,Not Applicable,442,Cash,42,3.0,4.6
2024-07-29 23:18:00,CNR3261091892,Canceled by Driver,CID433284,Prime Sedan,Richmond Town,Yeshwanthpur,,,Not Applicable,Customer was coughing/sick,Not Applicable,Not Applicable,195,Not Applicable,0,,
2024-07-16 22:20:00,CNR3143234596,Driver Not Found,CID217929,Prime Sedan,Hosur Road,Malleshwaram,,,Not Applicable,Not Applicable,Not Applicable,Not Applicable,210,Not Applicable,0,,
2024-07-18 05:34:00,CNR5061918430,Canceled by Driver,CID756154,eBike,Shantinagar,Langford Town,,,Not Applicable,Personal & Car related issue,Not Applicable,Not Applicable,491,Not Applicable,0,,
2024-07-11 11:46:00,CNR6178607784,Canceled by Driver,CID346769,Bike,Yeshwanthpur,Yelahanka,,,Not Applicable,More than permitted people in there,Not Applicable,Not Applicable,443,Not Applicable,0,,
2024-07-27 05:31:00,CNR1078069161,Success,CID494882,Prime Plus,Chickpet,Rajajinagar,63.0,110.0,Not Applicable,Not Applicable,No,Not Applicable,2737,Cash,41,3.9,4.9
2024-07-22 06:17:00,CNR9944731442,Success,CID840341,Auto,Rajarajeshwari Nagar,Sarjapur Road,77.0,35.0,Not Applicable,Not Applicable,No,Not Applicable,681,Cash,16,3.7,3.8
2024-07-13 11:00:00,CNR7547965224,Success,CID790070,Bike,Bellandur,HSR Layout,266.0,90.0,Not Applicable,Not Applicable,No,Not Applicable,271,Cash,4,4.6,3.5
2024-07-26 10:32:00,CNR7353253064,Success,CID744363,Mini,Ramamurthy Nagar,Kadugodi,238.0,60.0,Not Applicable,Not Applicable,No,Not Applicable,924,UPI,47,3.0,3.7
2024-07-18 19:39:00,CNR5289147420,Canceled by Driver,CID525596,Mini,Jayanagar,Devanahalli,,,Not Applicable,Customer was coughing/sick,Not Applicable,Not Applicable,887,Not Applicable,0,,
2024-07-11 19:08:00,CNR7602987721,Success,CID759831,Mini,Mysore Road,Shivajinagar,49.0,125.0,Not Applicable,Not Applicable,No,Not Applicable,103,UPI,6,3.0,4.1
2024-07-15 15:55:00,CNR2615845989,Success,CID721880,Prime SUV,Koramangala,Hebbal,231.0,25.0,Not Applicable,Not Applicable,No,Not Applicable,754,Cash,12,3.7,3.9
2024-07-11 11:54:00,CNR9310843860,Success,CID110752,Mini,Rajarajeshwari Nagar,Rajarajeshwari Nagar,35.0,95.0,Not Applicable,Not Applicable,No,Not Applicable,389,Cash,3,3.1,4.8
2024-07-09 06:48:00,CNR3960477784,Success,CID607244,Auto,Kadugodi,MG Road,175.0,25.0,Not Applicable,Not Applicable,No,Not Applicable,1418,UPI,14,3.7,4.8
2024-07-19 05:33:00,CNR5661621243,Canceled by Customer,CID547969,Prime Plus,Hosur Road,Rajarajeshwari Nagar,,,Driver asked to cancel,Not Applicable,Not Applicable,Not Applicable,260,Not Applicable,0,,
2024-07-29 10:25:00,CNR3297872023,Success,CID684777,Prime SUV,Padmanabhanagar,Hulimavu,35.0,40.0,Not Applicable,Not Applicable,No,Not Applicable,533,Cash,39,4.0,3.7
2024-07-18 16:11:00,CNR7936155463,Success,CID217349,eBike,Ulsoor,Varthur,154.0,90.0,Not Applicable,Not Applicable,No,Not Applicable,183,Cash,3,4.3,4.0
2024-07-28 08:02:00,CNR2107339886,Success,CID403017,Prime Sedan,Bellandur,Frazer Town,126.0,90.0,Not Applicable,Not Applicable,Yes,Customer Demand,460,Cash,31,3.7,4.0
2024-07-05 19:27:00,CNR7093677203,Success,CID197103,Prime Plus,Hennur,Tumkur Road,49.0,50.0,Not Applicable,Not Applicable,No,Not Applicable,389,Cash,8,4.0,3.1
2024-07-13 16:11:00,CNR1109146156,Success,CID670571,Bike,Bellandur,Padmanabhanagar,224.0,75.0,Not Applicable,Not Applicable,No,Not Applicable,708,UPI,4,4.9,3.5
2024-07-19 10:12:00,CNR6779633437,Success,CID696776,Bike,Langford Town,Vijayanagar,238.0,120.0,Not Applicable,Not Applicable,Yes,Other Issue,700,Cash,16,3.7,3.7
2024-07-13 13:29:00,CNR7606626026,Canceled by Driver,CID811665,Prime SUV,Chamarajpet,Peenya,,,Not Applicable,Personal & Car related issue,Not Applicable,Not Applicable,499,Not Applicable,0,,
2024-07-14 08:34:00,CNR5587504984,Success,CID809372,Mini,MG Road,Cox Town,294.0,95.0,Not Applicable,Not Applicable,Yes,Vehicle Breakdown,473,Cash,19,4.8,3.9
2024-07-05 05:21:00,CNR1090170442,Canceled by Customer,CID218621,Bike,Shantinagar,Jayanagar,,,Change of plans,Not Applicable,Not Applicable,Not Applicable,101,Not Applicable,0,,
2024-07-04 17:48:00,CNR1728940058,Success,CID369358,Prime SUV,Shivajinagar,Mysore Road,308.0,125.0,Not Applicable,Not Applicable,No,Not Applicable,209,UPI,16,3.3,4.4
2024-07-16 08:08:00,CNR4946044764,Success,CID642409,Prime Sedan,Chamarajpet,Hosur Road,35.0,120.0,Not Applicable,Not Applicable,No,Not Applicable,371,Cash,41,3.2,4.3
2024-07-27 07:44:00,CNR3793254784,Success,CID347819,Mini,Vijayanagar,Shivajinagar,91.0,115.0,Not Applicable,Not Applicable,No,Not Applicable,458,UPI,17,3.3,3.7
2024-07-07 20:25:00,CNR7152185202,Canceled by Driver,CID538774,eBike,Kengeri,Chamarajpet,,,Not Applicable,More than permitted people in there,Not Applicable,Not Applicable,702,Not Applicable,0,,
2024-07-05 12:59:00,CNR7738240621,Success,CID963774,Mini,Cox Town,Rajarajeshwari Nagar,105.0,90.0,Not Applicable,Not Applicable,No,Not Applicable,341,Cash,31,4.5,3.8
2024-07-04 21:14:00,CNR2679775075,Success,CID165486,Prime SUV,Hebbal,Richmond Town,252.0,35.0,Not Applicable,Not Applicable,No,Not Applicable,181,UPI,28,4.4,4.1
2024-07-21 17:37:00,CNR3852498499,Canceled by Customer,CID988668,Mini,Richmond Town,Shivajinagar,,,Change of plans,Not Applicable,Not Applicable,Not Applicable,682,Not Applicable,0,,
2024-07-07 04:45:00,CNR8387769510,Success,CID237876,Auto,Malleshwaram,Hennur,140.0,130.0,Not Applicable,Not Applicable,No,Not Applicable,721,UPI,8,4.6,4.3
2024-07-29 22:47:00,CNR7457571898,Canceled by Driver,CID713039,eBike,Rajarajeshwari Nagar,Padmanabhanagar,,,Not Applicable,Customer related issue,Not Applicable,Not Applicable,248,Not Applicable,0,,
2024-07-08 12:39:00,CNR9471688840,Driver Not Found,CID833726,Prime SUV,Chickpet,Chamarajpet,,,Not Applicable,Not Applicable,Not Applicable,Not Applicable,394,Not Applicable,0,,
2024-07-01 21:12:00,CNR2769063521,Canceled by Driver,CID308373,Auto,Yelahanka,BTM Layout,,,Not Applicable,Customer related issue,Not Applicable,Not Applicable,188,Not Applicable,0,,
2024-07-04 07:31:00,CNR1018002700,Canceled by Customer,CID156895,Bike,Rajajinagar,Indiranagar,,,AC is Not working,Not Applicable,Not Applicable,Not Applicable,313,Not Applicable,0,,
2024-07-19 15:38:00,CNR1372420707,Driver Not Found,CID777799,Auto,Whitefield,Vijayanagar,,,Not Applicable,Not Applicable,Not Applicable,Not Applicable,1791,Not Applicable,0,,
2024-07-02 19:47:00,CNR4182876482,Success,CID197859,Prime SUV,Ramamurthy Nagar,Hebbal,182.0,130.0,Not Applicable,Not Applicable,No,Not Applicable,102,Cash,34,3.9,3.5
2024-07-26 09:33:00,CNR4442044813,Canceled by Driver,CID910110,Prime Sedan,RT Nagar,Hebbal,,,Not Applicable,Personal & Car related issue,Not Applicable,Not Applicable,478,Not Applicable,0,,
2024-07-18 12:21:00,CNR3334369264,Canceled by Customer,CID519007,Mini,Ramamurthy Nagar,Shantinagar,,,AC is Not working,Not Applicable,Not Applicable,Not Applicable,200,Not Applicable,0,,
2024-07-27 02:33:00,CNR4117458498,Driver Not Found,CID532443,Prime SUV,Majestic,Indiranagar,,,Not Applicable,Not Applicable,Not Applicable,Not Applicable,427,Not Applicable,0,,
2024-07-11 11:27:00,CNR9729723042,Canceled by Driver,CID103873,eBike,Bellandur,Jayanagar,,,Not Applicable,Customer related issue,Not Applicable,Not Applicable,972,Not Applicable,0,,
2024-07-17 14:28:00,CNR6915090675,Driver Not Found,CID401276,Prime SUV,Ulsoor,Marathahalli,,,Not Applicable,Not Applicable,Not Applicable,Not Applicable,433,Not Applicable,0,,
2024-07-25 13:39:00,CNR5533177587,Success,CID137422,Prime Plus,Bannerghatta Road,Devanahalli,70.0,85.0,Not Applicable,Not Applicable,No,Not Applicable,712,Cash,1,4.0,3.5
2024-07-26 19:42:00,CNR9759048160,Success,CID917288,Auto,Bannerghatta Road,Hebbal,35.0,45.0,Not Applicable,Not Applicable,No,Not Applicable,284,UPI,1,3.0,4.6
2024-07-25 19:23:00,CNR8832551040,Canceled by Customer,CID221136,Prime Sedan,Hulimavu,Majestic,,,Driver is not moving towards pickup location,Not Applicable,Not Applicable,Not Applicable,574,Not Applicable,0,,
2024-07-16 08:36:00,CNR4629098538,Success,CID808345,Bike,Hosur Road,Shivajinagar,224.0,140.0,Not Applicable,Not Applicable,No,Not Applicable,419,Cash,23,3.1,3.8
2024-07-09 02:41:00,CNR8157454952,Canceled by Customer,CID977353,Prime Sedan,Whitefield,Bellandur,,,Driver is not moving towards pickup location,Not Applicable,Not Applicable,Not Applicable,256,Not Applicable,0,,
2024-07-07 20:22:00,CNR6591145837,Success,CID355223,Prime SUV,Kadugodi,Shivajinagar,210.0,80.0,Not Applicable,Not Applicable,No,Not Applicable,211,UPI,34,4.8,4.2
2024-07-22 14:23:00,CNR1424049132,Canceled by Customer,CID896810,Prime Plus,MG Road,Basavanagudi,,,Driver asked to cancel,Not Applicable,Not Applicable,Not Applicable,111,Not Applicable,0,,
2024-07-10 11:05:00,CNR9310231039,Canceled by Driver,CID684658,Prime Plus,MG Road,Yeshwanthpur,,,Not Applicable,Customer related issue,Not Applicable,Not Applicable,384,Not Applicable,0,,
2024-07-05 18:06:00,CNR2448082039,Success,CID833110,Auto,Jayanagar,Shantinagar,42.0,35.0,Not Applicable,Not Applicable,No,Not Applicable,423,Cash,5,4.7,4.6
2024-07-02 21:36:00,CNR8627305202,Success,CID755747,Bike,Sarjapur Road,Electronic City,49.0,145.0,Not Applicable,Not Applicable,No,Not Applicable,322,Cash,20,3.7,4.5
2024-07-30 02:21:00,CNR3023733560,Success,CID183708,Prime Plus,Tumkur Road,Jayanagar,224.0,55.0,Not Applicable,Not Applicable,No,Not Applicable,236,Debit Card,18,4.2,3.4
2024-07-12 10:50:00,CNR9959390514,Canceled by Customer,CID929161,Prime Plus,Sarjapur Road,Kengeri,,,Driver asked to cancel,Not Applicable,Not Applicable,Not Applicable,259,Not Applicable,0,,
2024-07-17 07:01:00,CNR5256882190,Driver Not Found,CID650694,Prime SUV,Yelahanka,Frazer Town,,,Not Applicable,Not Applicable,Not Applicable,Not Applicable,299,Not Applicable,0,,
2024-07-05 16:09:00,CNR2598301148,Canceled by Driver,CID631703,Bike,Majestic,Jayanagar,,,Not Applicable,Personal & Car related issue,Not Applicable,Not Applicable,222,Not Applicable,0,,
2024-07-30 20:47:00,CNR1965485615,Success,CID838710,Prime Sedan,Bellandur,Rajarajeshwari Nagar,287.0,85.0,Not Applicable,Not Applicable,No,Not Applicable,120,Cash,19,4.0,3.9
2024-07-22 20:36:00,CNR6266184318,Success,CID724784,eBike,MG Road,Indiranagar,154.0,135.0,Not Applicable,Not Applicable,No,Not Applicable,205,UPI,8,3.9,3.3
2024-07-18 19:34:00,CNR2722353618,Success,CID684319,Auto,Shantinagar,Richmond Town,56.0,75.0,Not Applicable,Not Applicable,No,Not Applicable,657,UPI,7,3.1,4.5
2024-07-29 13:11:00,CNR3257364224,Success,CID475779,Prime SUV,Whitefield,BTM Layout,35.0,50.0,Not Applicable,Not Applicable,No,Not Applicable,198,Cash,43,3.4,4.5
2024-07-18 00:30:00,CNR8458589438,Success,CID938484,Prime Sedan,Shivajinagar,Vijayanagar,273.0,105.0,Not Applicable,Not Applicable,No,Not Applicable,379,Cash,33,4.4,4.0
2024-07-20 04:37:00,CNR6485884504,Canceled by Customer,CID274257,Auto,Frazer Town,Magadi Road,,,Driver is not moving towards pickup location,Not Applicable,Not Applicable,Not Applicable,1830,Not Applicable,0,,
2024-07-21 16:47:00,CNR2470406389,Canceled by Customer,CID857746,Prime Plus,Rajajinagar,Magadi Road,,,Driver asked to cancel,Not Applicable,Not Applicable,Not Applicable,563,Not Applicable,0,,
2024-07-16 00:45:00,CNR3035653550,Success,CID143726,Prime Plus,Hennur,Devanahalli,224.0,55.0,Not Applicable,Not Applicable,No,Not Applicable,421,Cash,18,4.3,3.2
2024-07-09 19:18:00,CNR8549662848,Canceled by Customer,CID281298,Prime Sedan,Chickpet,BTM Layout,,,Change of plans,Not Applicable,Not Applicable,Not Applicable,946,Not Applicable,0,,
2024-07-09 07:08:00,CNR8115335602,Canceled by Customer,CID613073,Prime SUV,HSR Layout,RT Nagar,,,Driver is not moving towards pickup location,Not Applicable,Not Applicable,Not Applicable,395,Not Applicable,0,,
2024-07-16 13:15:00,CNR7437090479,Canceled by Customer,CID624378,eBike,RT Nagar,Shivajinagar,,,Driver is not moving towards pickup location,Not Applicable,Not Applicable,Not Applicable,128,Not Applicable,0,,
2024-07-30 13:26:00,CNR9020506293,Canceled by Customer,CID549791,Prime SUV,Mysore Road,Hebbal,,,Change of plans,Not Applicable,Not Applicable,Not Applicable,210,Not Applicable,0,,
2024-07-07 10:09:00,CNR3849091396,Success,CID169030,Prime Sedan,Devanahalli,Cox Town,238.0,130.0,Not Applicable,Not Applicable,No,Not Applicable,507,Credit Card,48,4.2,3.8
2024-07-16 00:49:00,CNR4434047977,Canceled by Driver,CID556803,Prime SUV,Majestic,Indiranagar,,,Not Applicable,Customer was coughing/sick,Not Applicable,Not Applicable,846,Not Applicable,0,,
2024-07-04 23:45:00,CNR7856254181,Success,CID627712,Prime Plus,Koramangala,Varthur,301.0,80.0,Not Applicable,Not Applicable,No,Not Applicable,323,Cash,30,3.1,3.9
2024-07-13 20:11:00,CNR9590368936,Success,CID665099,Auto,Magadi Road,Koramangala,217.0,120.0,Not Applicable,Not Applicable,No,Not Applicable,789,Cash,19,3.0,4.2
2024-07-15 05:28:00,CNR6542755532,Canceled by Customer,CID926279,Auto,Cox Town,Langford Town,,,Driver asked to cancel,Not Applicable,Not Applicable,Not Applicable,587,Not Applicable,0,,
2024-07-18 02:31:00,CNR4870663116,Success,CID434964,eBike,RT Nagar,Frazer Town,77.0,105.0,Not Applicable,Not Applicable,No,Not Applicable,619,UPI,46,4.6,3.4
2024-07-15 04:35:00,CNR2228797720,Success,CID429291,Prime Sedan,KR Puram,Yelahanka,287.0,140.0,Not Applicable,Not Applicable,No,Not Applicable,346,UPI,22,4.7,4.2
2024-07-06 00:39:00,CNR9652020548,Driver Not Found,CID126929,Prime SUV,Rajarajeshwari Nagar,HSR Layout,,,Not Applicable,Not Applicable,Not Applicable,Not Applicable,361,Not Applicable,0,,
2024-07-21 23:41:00,CNR7163475462,Success,CID774462,eBike,Banashankari,Rajarajeshwari Nagar,112.0,90.0,Not Applicable,Not Applicable,No,Not Applicable,618,UPI,35,4.2,4.0
2024-07-19 21:20:00,CNR8804008485,Success,CID162198,Mini,Basavanagudi,Nagarbhavi,294.0,45.0,Not Applicable,Not Applicable,No,Not Applicable,485,Cash,44,4.7,3.9
2024-07-16 03:06:00,CNR8621046492,Success,CID499801,eBike,Mysore Road,Rajajinagar,154.0,140.0,Not Applicable,Not Applicable,No,Not Applicable,206,UPI,6,4.1,3.1
2024-07-08 20:19:00,CNR4742928583,Canceled by Customer,CID108333,Mini,Tumkur Road,Chickpet,,,Driver is not moving towards pickup location,Not Applicable,Not Applicable,Not Applicable,725,Not Applicable,0,,
2024-07-16 20:07:00,CNR2950219870,Canceled by Driver,CID364660,Mini,Magadi Road,Jayanagar,,,Not Applicable,Customer related issue,Not Applicable,Not Applicable,130,Not Applicable,0,,
2024-07-17 01:29:00,CNR2010971040,Canceled by Driver,CID616083,Auto,HSR Layout,Nagarbhavi,,,Not Applicable,Personal & Car related issue,Not Applicable,Not Applicable,466,Not Applicable,0,,
2024-07-13 05:53:00,CNR8576211247,Success,CID496123,Auto,JP Nagar,Richmond Town,273.0,55.0,Not Applicable,Not Applicable,No,Not Applicable,464,UPI,12,4.3,4.8
2024-07-23 00:14:00,CNR6958996578,Success,CID660186,Bike,Tumkur Road,Whitefield,42.0,125.0,Not Applicable,Not Applicable,No,Not Applicable,201,UPI,46,4.6,3.5
2024-07-23 02:14:00,CNR7611431798,Success,CID128451,Prime SUV,Rajarajeshwari Nagar,Varthur,77.0,40.0,Not Applicable,Not Applicable,No,Not Applicable,487,Credit Card,17,4.1,4.4
2024-07-06 17:26:00,CNR6123448706,Canceled by Driver,CID493860,Auto,HSR Layout,Rajajinagar,,,Not Applicable,Customer was coughing/sick,Not Applicable,Not Applicable,235,Not Applicable,0,,
2024-07-08 07:01:00,CNR5994755188,Success,CID445790,Prime Sedan,Tumkur Road,Mysore Road,203.0,50.0,Not Applicable,Not Applicable,No,Not Applicable,134,Cash,33,5.0,4.5
2024-07-06 04:44:00,CNR6882270234,Success,CID421862,eBike,Ramamurthy Nagar,Sahakar Nagar,168.0,115.0,Not Applicable,Not Applicable,No,Not Applicable,304,Cash,11,3.1,3.7
2024-07-05 05:44:00,CNR3764708614,Success,CID979438,Prime Sedan,Banashankari,Shantinagar,189.0,130.0,Not Applicable,Not Applicable,No,Not Applicable,275,Cash,33,3.6,3.7
2024-07-14 09:49:00,CNR1132854814,Success,CID857036,eBike,HSR Layout,Basavanagudi,252.0,130.0,Not Applicable,Not Applicable,No,Not Applicable,486,Cash,8,3.8,4.8
2024-07-18 21:49:00,CNR1498851449,Success,CID998637,Bike,MG Road,Richmond Town,301.0,135.0,Not Applicable,Not Applicable,No,Not Applicable,629,UPI,41,3.3,3.6
2024-07-19 15:17:00,CNR4305980377,Success,CID978287,Prime SUV,Cox Town,Mysore Road,301.0,135.0,Not Applicable,Not Applicable,No,Not Applicable,224,UPI,49,3.4,3.6
2024-07-27 16:18:00,CNR9180197103,Driver Not Found,CID775635,Auto,Bellandur,Basavanagudi,,,Not Applicable,Not Applicable,Not Applicable,Not Applicable,155,Not Applicable,0,,
2024-07-14 02:07:00,CNR7743038149,Success,CID151141,Auto,Shantinagar,Koramangala,35.0,60.0,Not Applicable,Not Applicable,No,Not Applicable,383,UPI,5,3.5,4.0
2024-07-01 14:53:00,CNR7107204055,Driver Not Found,CID237281,Prime Plus,Kengeri,Mysore Road,,,Not Applicable,Not Applicable,Not Applicable,Not Applicable,318,Not Applicable,0,,
2024-07-13 13:11:00,CNR6449087670,Success,CID190520,eBike,Hebbal,Majestic,112.0,95.0,Not Applicable,Not Applicable,No,Not Applicable,452,UPI,28,4.4,4.8
2024-07-20 02:54:00,CNR7706190272,Canceled by Driver,CID708247,Prime SUV,Varthur,Vijayanagar,,,Not Applicable,Personal & Car related issue,Not Applicable,Not Applicable,375,Not Applicable,0,,
2024-07-06 00:53:00,CNR1912210201,Success,CID847662,Prime Sedan,Mysore Road,Hennur,105.0,30.0,Not Applicable,Not Applicable,No,Not Applicable,184,UPI,23,4.2,3.5
2024-07-08 11:28:00,CNR7348472214,Success,CID636027,eBike,RT Nagar,Electronic City,168.0,65.0,Not Applicable,Not Applicable,No,Not Applicable,351,UPI,15,4.9,4.4
2024-07-29 19:01:00,CNR2547955635,Success,CID935616,Prime SUV,Ramamurthy Nagar,Kammanahalli,280.0,75.0,Not Applicable,Not Applicable,No,Not Applicable,534,UPI,21,4.2,3.2
2024-07-30 18:30:00,CNR5904788564,Success,CID808012,Prime Plus,Kadugodi,Varthur,203.0,115.0,Not Applicable,Not Applicable,No,Not Applicable,354,Cash,27,3.4,4.4
2024-07-28 00:17:00,CNR4124318653,Success,CID520218,Prime Sedan,Indiranagar,Mysore Road,273.0,110.0,Not Applicable,Not Applicable,No,Not Applicable,451,Cash,17,3.5,3.7
2024-07-14 12:31:00,CNR6254788960,Success,CID101406,Prime Plus,Rajarajeshwari Nagar,Padmanabhanagar,182.0,120.0,Not Applicable,Not Applicable,No,Not Applicable,116,Cash,13,4.1,3.7
2024-07-14 10:17:00,CNR6883217611,Driver Not Found,CID141918,Prime Sedan,Bannerghatta Road,Ulsoor,,,Not Applicable,Not Applicable,Not Applicable,Not Applicable,1268,Not Applicable,0,,
2024-07-13 13:17:00,CNR4104659830,Driver Not Found,CID778154,Prime Sedan,Magadi Road,Devanahalli,,,Not Applicable,Not Applicable,Not Applicable,Not Applicable,276,Not Applicable,0,,
2024-07-20 14:19:00,CNR6999088196,Success,CID579121,Prime SUV,Kammanahalli,Nagarbhavi,35.0,105.0,Not Applicable,Not Applicable,No,Not Applicable,806,Cash,32,4.9,4.9
2024-07-28 16:26:00,CNR7481352541,Success,CID583439,Prime Plus,Bellandur,Rajarajeshwari Nagar,238.0,55.0,Not Applicable,Not Applicable,No,Not Applicable,431,UPI,20,3.3,3.1
2024-07-18 14:45:00,CNR1318870709,Success,CID967903,Prime Plus,Kengeri,Hulimavu,287.0,75.0,Not Applicable,Not Applicable,No,Not Applicable,1077,Cash,34,4.8,3.2
2024-07-13 16:16:00,CNR7281135731,Success,CID296123,Mini,Devanahalli,Shantinagar,161.0,45.0,Not Applicable,Not Applicable,No,Not Applicable,474,Cash,23,3.1,3.9
2024-07-09 05:22:00,CNR8116953790,Success,CID181984,Prime Sedan,Devanahalli,Malleshwaram,133.0,30.0,Not Applicable,Not Applicable,No,Not Applicable,122,Cash,7,3.1,5.0
2024-07-19 06:34:00,CNR3123112315,Success,CID950391,Auto,Hosur Road,Peenya,112.0,95.0,Not Applicable,Not Applicable,Yes,Customer Demand,957,Cash,10,4.4,4.3
2024-07-09 03:17:00,CNR9207529507,Success,CID681192,Bike,Magadi Road,Jayanagar,105.0,25.0,Not Applicable,Not Applicable,No,Not Applicable,305,UPI,5,3.1,4.1
2024-07-15 13:36:00,CNR3562984416,Success,CID883872,Mini,Ramamurthy Nagar,Majestic,231.0,70.0,Not Applicable,Not Applicable,No,Not Applicable,471,Cash,41,4.4,3.2
2024-07-21 01:15:00,CNR1399380996,Success,CID229971,eBike,Whitefield,Chamarajpet,42.0,50.0,Not Applicable,Not Applicable,No,Not Applicable,144,Cash,1,4.2,3.6
2024-07-01 02:46:00,CNR1570839596,Canceled by Driver,CID319123,Mini,Vijayanagar,Devanahalli,,,Not Applicable,Personal & Car related issue,Not Applicable,Not Applicable,2922,Not Applicable,0,,
2024-07-09 05:17:00,CNR5319763488,Canceled by Driver,CID780509,Prime Plus,Chamarajpet,Indiranagar,,,Not Applicable,Customer related issue,Not Applicable,Not Applicable,206,Not Applicable,0,,
2024-07-18 01:12:00,CNR2228502802,Success,CID718292,eBike,Indiranagar,Marathahalli,42.0,25.0,Not Applicable,Not Applicable,No,Not Applicable,147,Cash,49,4.1,4.8
2024-07-11 11:23:00,CNR3642918697,Success,CID367198,Bike,Majestic,Cox Town,301.0,35.0,Not Applicable,Not Applicable,No,Not Applicable,398,Cash,43,4.5,3.6
2024-07-25 03:32:00,CNR8621403753,Success,CID366254,Prime SUV,JP Nagar,Shivajinagar,42.0,100.0,Not Applicable,Not Applicable,No,Not Applicable,488,Cash,10,4.7,3.1
2024-07-24 08:25:00,CNR2684101714,Success,CID377768,Bike,Varthur,Majestic,70.0,120.0,Not Applicable,Not Applicable,No,Not Applicable,443,UPI,13,4.6,3.0
2024-07-03 01:57:00,CNR7430676655,Success,CID400311,Prime Plus,Hosur Road,Hebbal,308.0,120.0,Not Applicable,Not Applicable,No,Not Applicable,118,Cash,11,3.2,3.7
2024-07-25 00:05:00,CNR7670990674,Success,CID936747,Bike,Kengeri,Yeshwanthpur,287.0,35.0,Not Applicable,Not Applicable,No,Not Applicable,167,UPI,17,4.0,4.1
2024-07-21 14:30:00,CNR6442011581,Success,CID272977,Bike,Chamarajpet,Malleshwaram,147.0,60.0,Not Applicable,Not Applicable,No,Not Applicable,225,Cash,18,3.5,3.7
2024-07-04 18:06:00,CNR7926414729,Success,CID165611,eBike,Yeshwanthpur,Kengeri,168.0,120.0,Not Applicable,Not Applicable,No,Not Applicable,284,Credit Card,18,3.6,4.7
2024-07-03 00:29:00,CNR9510880755,Success,CID255952,Auto,Whitefield,Koramangala,84.0,25.0,Not Applicable,Not Applicable,No,Not Applicable,236,UPI,16,3.1,3.0
2024-07-10 09:50:00,CNR1591733215,Success,CID781697,Bike,Frazer Town,Kengeri,63.0,120.0,Not Applicable,Not Applicable,No,Not Applicable,141,Cash,32,3.9,3.1
2024-07-26 09:36:00,CNR8866389327,Driver Not Found,CID317058,Bike,Hebbal,Rajarajeshwari Nagar,,,Not Applicable,Not Applicable,Not Applicable,Not Applicable,965,Not Applicable,0,,
2024-07-09 20:26:00,CNR1632042649,Success,CID920991,Bike,Frazer Town,Majestic,273.0,105.0,Not Applicable,Not Applicable,No,Not Applicable,616,Cash,30,3.4,4.4
2024-07-11 03:07:00,CNR3788821482,Driver Not Found,CID820322,Prime Plus,KR Puram,Malleshwaram,,,Not Applicable,Not Applicable,Not Applicable,Not Applicable,132,Not Applicable,0,,
2024-07-12 20:59:00,CNR1383341438,Canceled by Driver,CID831954,eBike,Varthur,Ramamurthy Nagar,,,Not Applicable,Customer related issue,Not Applicable,Not Applicable,278,Not Applicable,0,,
2024-07-30 23:39:00,CNR3748766477,Success,CID201671,Prime Sedan,Padmanabhanagar,Jayanagar,77.0,35.0,Not Applicable,Not Applicable,No,Not Applicable,243,UPI,35,3.1,4.0
2024-07-11 22:24:00,CNR8717995756,Driver Not Found,CID756578,Bike,Kammanahalli,Sarjapur Road,,,Not Applicable,Not Applicable,Not Applicable,Not Applicable,250,Not Applicable,0,,
2024-07-10 21:32:00,CNR6335059748,Success,CID707738,Mini,Basavanagudi,Sarjapur Road,49.0,40.0,Not Applicable,Not Applicable,No,Not Applicable,2144,UPI,39,3.5,3.0
2024-07-05 19:35:00,CNR3570949172,Success,CID199688,Prime SUV,Rajajinagar,Vijayanagar,245.0,120.0,Not Applicable,Not Applicable,No,Not Applicable,728,Cash,46,3.5,3.4
2024-07-22 17:45:00,CNR8106611035,Success,CID859378,Prime Plus,Majestic,Chamarajpet,266.0,25.0,Not Applicable,Not Applicable,No,Not Applicable,469,UPI,24,4.3,3.6
2024-07-15 03:58:00,CNR7944378047,Success,CID412880,Prime SUV,Sarjapur Road,RT Nagar,98.0,105.0,Not Applicable,Not Applicable,No,Not Applicable,513,Cash,3,3.0,4.9
2024-07-04 16:34:00,CNR8365139935,Success,CID145273,Prime Sedan,Jayanagar,Hulimavu,189.0,75.0,Not Applicable,Not Applicable,No,Not Applicable,444,Cash,46,3.7,3.1
2024-07-13 01:24:00,CNR1933137784,Success,CID907466,Mini,Frazer Town,Magadi Road,168.0,90.0,Not Applicable,Not Applicable,No,Not Applicable,102,UPI,14,4.4,3.3
2024-07-23 02:17:00,CNR3930071057,Canceled by Driver,CID155098,Auto,Banashankari,Marathahalli,,,Not Applicable,Personal & Car related issue,Not Applicable,Not Applicable,173,Not Applicable,0,,
2024-07-23 17:41:00,CNR1901497607,Success,CID420532,Prime SUV,Kammanahalli,Indiranagar,98.0,145.0,Not Applicable,Not Applicable,No,Not Applicable,1678,UPI,6,3.6,4.3
2024-07-02 15:14:00,CNR2281070557,Success,CID820750,Prime SUV,Rajarajeshwari Nagar,Marathahalli,266.0,125.0,Not Applicable,Not Applicable,No,Not Applicable,200,UPI,7,3.2,3.9
2024-07-28 15:46:00,CNR4335969175,Success,CID618300,Bike,Magadi Road,Hulimavu,91.0,105.0,Not Applicable,Not Applicable,No,Not Applicable,211,Credit Card,15,4.0,3.8
2024-07-20 08:52:00,CNR4199971210,Success,CID190442,Mini,Electronic City,Yeshwanthpur,133.0,90.0,Not Applicable,Not Applicable,No,Not Applicable,151,Cash,25,4.8,3.5
2024-07-30 10:50:00,CNR8301993535,Success,CID423579,Prime SUV,Mysore Road,Sahakar Nagar,245.0,125.0,Not Applicable,Not Applicable,No,Not Applicable,427,Cash,22,3.5,4.0
2024-07-06 23:46:00,CNR9238829655,Success,CID145122,eBike,Bellandur,Bannerghatta Road,196.0,70.0,Not Applicable,Not Applicable,No,Not Applicable,295,Cash,24,4.7,4.0
2024-07-12 00:44:00,CNR8208074676,Driver Not Found,CID886280,Bike,Shivajinagar,Chamarajpet,,,Not Applicable,Not Applicable,Not Applicable,Not Applicable,1326,Not Applicable,0,,
2024-07-25 23:43:00,CNR6078074022,Success,CID904800,Mini,Yelahanka,Sarjapur Road,112.0,130.0,Not Applicable,Not Applicable,No,Not Applicable,2082,UPI,34,4.5,3.3
2024-07-11 00:14:00,CNR5725709706,Success,CID412462,Prime Plus,Hebbal,Kammanahalli,154.0,145.0,Not Applicable,Not Applicable,No,Not Applicable,978,Credit Card,18,4.4,3.4
2024-07-08 22:11:00,CNR8040678713,Canceled by Driver,CID291866,Mini,Varthur,Hennur,,,Not Applicable,Personal & Car related issue,Not Applicable,Not Applicable,290,Not Applicable,0,,
2024-07-29 15:40:00,CNR4394850587,Success,CID887013,Prime Sedan,Nagarbhavi,Rajajinagar,294.0,80.0,Not Applicable,Not Applicable,No,Not Applicable,166,UPI,5,4.2,3.0
2024-07-25 23:29:00,CNR2899043532,Success,CID728204,eBike,Cox Town,Shantinagar,140.0,65.0,Not Applicable,Not Applicable,No,Not Applicable,1302,UPI,10,4.1,5.0
2024-07-20 02:38:00,CNR1126497853,Canceled by Driver,CID160953,Prime Plus,Shantinagar,Marathahalli,,,Not Applicable,Personal & Car related issue,Not Applicable,Not Applicable,786,Not Applicable,0,,
2024-07-04 15:57:00,CNR6920701768,Driver Not Found,CID913806,eBike,Richmond Town,Vijayanagar,,,Not Applicable,Not Applicable,Not Applicable,Not Applicable,438,Not Applicable,0,,
2024-07-23 18:29:00,CNR6979316598,Success,CID646512,Mini,Kengeri,Whitefield,49.0,45.0,Not Applicable,Not Applicable,No,Not Applicable,228,Cash,11,3.7,3.7
2024-07-02 16:57:00,CNR8443750508,Success,CID408357,Prime Sedan,Koramangala,Bannerghatta Road,49.0,65.0,Not Applicable,Not Applicable,No,Not Applicable,354,Cash,49,4.5,3.8
2024-07-14 23:15:00,CNR9307975202,Canceled by Customer,CID300490,eBike,Shivajinagar,Ramamurthy Nagar,,,Change of plans,Not Applicable,Not Applicable,Not Applicable,124,Not Applicable,0,,
2024-07-26 01:59:00,CNR8961706685,Success,CID434753,Bike,Kammanahalli,Electronic City,84.0,60.0,Not Applicable,Not Applicable,No,Not Applicable,104,Cash,10,3.9,3.1
2024-07-04 04:55:00,CNR2514779118,Success,CID739274,eBike,Ulsoor,Yelahanka,287.0,75.0,Not Applicable,Not Applicable,No,Not Applicable,260,Cash,1,3.6,4.9
2024-07-03 10:39:00,CNR1039486158,Success,CID361431,Bike,Banashankari,Koramangala,119.0,105.0,Not Applicable,Not Applicable,No,Not Applicable,460,Cash,40,3.8,4.0
2024-07-16 19:22:00,CNR9525666094,Success,CID372873,eBike,Kammanahalli,Majestic,266.0,80.0,Not Applicable,Not Applicable,No,Not Applicable,255,UPI,19,4.5,3.3
2024-07-22 03:50:00,CNR5967665381,Success,CID170810,Bike,Nagarbhavi,Nagarbhavi,35.0,130.0,Not Applicable,Not Applicable,No,Not Applicable,1448,Cash,39,3.1,4.3
2024-07-17 19:47:00,CNR5880435132,Success,CID788027,eBike,Frazer Town,Nagarbhavi,42.0,55.0,Not Applicable,Not Applicable,No,Not Applicable,304,UPI,25,4.9,3.5
2024-07-14 13:21:00,CNR5587360653,Canceled by Driver,CID466427,Prime Plus,Tumkur Road,HSR Layout,,,Not Applicable,More than permitted people in there,Not Applicable,Not Applicable,428,Not Applicable,0,,
2024-07-10 20:35:00,CNR9535929791,Success,CID392943,Mini,Indiranagar,Sarjapur Road,224.0,115.0,Not Applicable,Not Applicable,No,Not Applicable,624,Cash,36,3.5,3.0
2024-07-06 11:01:00,CNR6714559502,Success,CID419277,eBike,Kadugodi,MG Road,112.0,50.0,Not Applicable,Not Applicable,No,Not Applicable,558,Cash,22,3.8,4.1
2024-07-26 19:42:00,CNR3708941735,Success,CID658767,Prime SUV,Indiranagar,Mysore Road,147.0,75.0,Not Applicable,Not Applicable,No,Not Applicable,295,UPI,8,4.3,3.4
2024-07-25 05:00:00,CNR1328473062,Success,CID634906,Bike,Cox Town,Magadi Road,154.0,105.0,Not Applicable,Not Applicable,No,Not Applicable,561,UPI,11,3.6,3.2
2024-07-10 23:20:00,CNR2700724335,Canceled by Customer,CID414561,eBike,Chamarajpet,Whitefield,,,AC is Not working,Not Applicable,Not Applicable,Not Applicable,430,Not Applicable,0,,
2024-07-29 12:13:00,CNR9274605712,Driver Not Found,CID600294,Prime Sedan,Yelahanka,Langford Town,,,Not Applicable,Not Applicable,Not Applicable,Not Applicable,431,Not Applicable,0,,
2024-07-25 04:16:00,CNR8810264664,Canceled by Driver,CID193393,eBike,Varthur,Varthur,,,Not Applicable,More than permitted people in there,Not Applicable,Not Applicable,559,Not Applicable,0,,
2024-07-03 15:51:00,CNR1436492650,Success,CID167632,Bike,Langford Town,MG Road,252.0,100.0,Not Applicable,Not Applicable,No,Not Applicable,173,UPI,29,4.6,3.6
2024-07-06 07:49:00,CNR5408918947,Success,CID205905,Bike,Koramangala,Langford Town,119.0,85.0,Not Applicable,Not Applicable,Yes,Other Issue,169,Cash,3,4.7,4.7
2024-07-28 18:05:00,CNR5803877472,Success,CID718345,Prime SUV,Sahakar Nagar,Sahakar Nagar,119.0,80.0,Not Applicable,Not Applicable,No,Not Applicable,172,UPI,20,5.0,4.5
2024-07-29 07:28:00,CNR2071138406,Success,CID699688,eBike,Bannerghatta Road,HSR Layout,154.0,60.0,Not Applicable,Not Applicable,No,Not Applicable,647,Cash,24,4.8,3.5
2024-07-05 02:44:00,CNR2753516758,Canceled by Driver,CID357255,Bike,Majestic,Varthur,,,Not Applicable,Customer related issue,Not Applicable,Not Applicable,424,Not Applicable,0,,
2024-07-07 17:02:00,CNR5548614141,Success,CID149223,Prime SUV,Hennur,Sarjapur Road,56.0,130.0,Not Applicable,Not Applicable,No,Not Applicable,476,Cash,46,3.6,4.6
2024-07-02 14:55:00,CNR5468064406,Success,CID834507,Bike,Sahakar Nagar,Yeshwanthpur,168.0,65.0,Not Applicable,Not Applicable,No,Not Applicable,469,UPI,24,4.4,3.4
2024-07-20 14:19:00,CNR1815621660,Driver Not Found,CID662693,Prime SUV,KR Puram,Electronic City,,,Not Applicable,Not Applicable,Not Applicable,Not Applicable,152,Not Applicable,0,,
2024-07-22 05:46:00,CNR2880737637,Success,CID558386,Auto,Rajarajeshwari Nagar,Kengeri,70.0,95.0,Not Applicable,Not Applicable,No,Not Applicable,276,Credit Card,6,4.1,3.9
2024-07-22 09:29:00,CNR8087855298,Success,CID378582,Prime Plus,Peenya,Sahakar Nagar,112.0,30.0,Not Applicable,Not Applicable,No,Not Applicable,1093,UPI,4,4.3,3.4
2024-07-13 21:37:00,CNR2298590876,Canceled by Driver,CID748258,Prime Plus,Yeshwanthpur,Koramangala,,,Not Applicable,Personal & Car related issue,Not Applicable,Not Applicable,104,Not Applicable,0,,
2024-07-27 00:14:00,CNR1174371608,Success,CID814057,Prime SUV,Yelahanka,JP Nagar,105.0,110.0,Not Applicable,Not Applicable,No,Not Applicable,273,UPI,38,3.5,3.5
2024-07-08 07:06:00,CNR7821718763,Canceled by Driver,CID666039,Auto,Chamarajpet,Hulimavu,,,Not Applicable,Customer related issue,Not Applicable,Not Applicable,710,Not Applicable,0,,
2024-07-18 18:47:00,CNR3546954184,Success,CID783560,Prime Plus,Chamarajpet,Padmanabhanagar,56.0,105.0,Not Applicable,Not Applicable,No,Not Applicable,197,Cash,1,3.3,3.3
2024-07-04 17:16:00,CNR4983986283,Success,CID279864,Prime Sedan,Devanahalli,Mysore Road,42.0,110.0,Not Applicable,Not Applicable,No,Not Applicable,385,Credit Card,20,3.7,4.1
2024-07-05 05:35:00,CNR4900921063,Success,CID776966,eBike,Jayanagar,Malleshwaram,308.0,40.0,Not Applicable,Not Applicable,No,Not Applicable,418,UPI,38,3.8,4.2
2024-07-27 20:20:00,CNR5202648010,Driver Not Found,CID871877,Mini,Rajajinagar,Hulimavu,,,Not Applicable,Not Applicable,Not Applicable,Not Applicable,789,Not Applicable,0,,
2024-07-12 00:06:00,CNR6004262002,Canceled by Customer,CID120727,Prime SUV,Shantinagar,Ramamurthy Nagar,,,Driver is not moving towards pickup location,Not Applicable,Not Applicable,Not Applicable,425,Not Applicable,0,,
2024-07-27 18:37:00,CNR5591819112,Canceled by Customer,CID300326,Prime Sedan,Vijayanagar,Majestic,,,Driver is not moving towards pickup location,Not Applicable,Not Applicable,Not Applicable,137,Not Applicable,0,,
2024-07-06 10:32:00,CNR4121582803,Canceled by Driver,CID380856,Mini,Kadugodi,Frazer Town,,,Not Applicable,Customer related issue,Not Applicable,Not Applicable,182,Not Applicable,0,,
2024-07-18 23:23:00,CNR8654373428,Driver Not Found,CID101126,Mini,Peenya,Bellandur,,,Not Applicable,Not Applicable,Not Applicable,Not Applicable,351,Not Applicable,0,,
2024-07-02 15:28:00,CNR3843593472,Success,CID711495,Prime Sedan,BTM Layout,Whitefield,84.0,75.0,Not Applicable,Not Applicable,No,Not Applicable,238,UPI,31,3.8,3.3
2024-07-15 09:25:00,CNR5101274983,Driver Not Found,CID896463,Prime Plus,Banashankari,Tumkur Road,,,Not Applicable,Not Applicable,Not Applicable,Not Applicable,490,Not Applicable,0,,
2024-07-18 00:58:00,CNR4948415344,Canceled by Driver,CID127269,eBike,Banashankari,Hosur Road,,,Not Applicable,Customer was coughing/sick,Not Applicable,Not Applicable,609,Not Applicable,0,,
2024-07-07 01:12:00,CNR3950382642,Success,CID974023,Bike,Varthur,Sahakar Nagar,231.0,135.0,Not Applicable,Not Applicable,No,Not Applicable,254,Cash,26,4.6,4.2
2024-07-03 14:05:00,CNR4096628139,Success,CID339605,Prime Plus,HSR Layout,Shivajinagar,203.0,135.0,Not Applicable,Not Applicable,No,Not Applicable,669,Credit Card,45,4.4,4.9
2024-07-11 07:16:00,CNR1157900000,Success,CID800039,Bike,Magadi Road,Chickpet,224.0,30.0,Not Applicable,Not Applicable,No,Not Applicable,168,Cash,37,4.4,3.9
2024-07-15 04:14:00,CNR2761501465,Canceled by Driver,CID460894,Prime Sedan,Shantinagar,KR Puram,,,Not Applicable,Customer related issue,Not Applicable,Not Applicable,444,Not Applicable,0,,
2024-07-15 00:35:00,CNR2781864549,Canceled by Driver,CID547932,Bike,Kadugodi,KR Puram,,,Not Applicable,Customer related issue,Not Applicable,Not Applicable,275,Not Applicable,0,,
2024-07-27 15:20:00,CNR7515311972,Canceled by Driver,CID475115,Prime SUV,Peenya,Padmanabhanagar,,,Not Applicable,Customer related issue,Not Applicable,Not Applicable,244,Not Applicable,0,,
2024-07-20 09:13:00,CNR2348445655,Driver Not Found,CID114201,Bike,Chamarajpet,Varthur,,,Not Applicable,Not Applicable,Not Applicable,Not Applicable,423,Not Applicable,0,,
2024-07-30 00:23:00,CNR2216635737,Driver Not Found,CID108241,Prime SUV,Magadi Road,Hennur,,,Not Applicable,Not Applicable,Not Applicable,Not Applicable,250,Not Applicable,0,,
2024-07-20 17:55:00,CNR9251044721,Success,CID535846,Prime Plus,Basavanagudi,Kengeri,49.0,135.0,Not Applicable,Not Applicable,No,Not Applicable,224,Cash,16,3.2,3.2
2024-07-30 14:28:00,CNR8946432360,Driver Not Found,CID158126,Prime Sedan,Indiranagar,Koramangala,,,Not Applicable,Not Applicable,Not Applicable,Not Applicable,972,Not Applicable,0,,
2024-07-06 23:55:00,CNR8281785645,Driver Not Found,CID705923,Auto,Yelahanka,Banashankari,,,Not Applicable,Not Applicable,Not Applicable,Not Applicable,470,Not Applicable,0,,
2024-07-08 22:45:00,CNR2126877695,Canceled by Driver,CID944927,Bike,Bannerghatta Road,Varthur,,,Not Applicable,Personal & Car related issue,Not Applicable,Not Applicable,666,Not Applicable,0,,
2024-07-05 12:23:00,CNR4076787527,Success,CID152451,Prime Plus,Koramangala,Kammanahalli,182.0,25.0,Not Applicable,Not Applicable,No,Not Applicable,299,Cash,34,4.3,4.6
2024-07-01 14:44:00,CNR8801901193,Canceled by Driver,CID396070,Prime Plus,Hosur Road,Hebbal,,,Not Applicable,Customer related issue,Not Applicable,Not Applicable,172,Not Applicable,0,,
2024-07-17 12:50:00,CNR9425539722,Canceled by Driver,CID805126,eBike,KR Puram,Rajajinagar,,,Not Applicable,Customer was coughing/sick,Not Applicable,Not Applicable,2914,Not Applicable,0,,
2024-07-30 18:14:00,CNR8358761495,Success,CID759496,Prime Plus,HSR Layout,Koramangala,98.0,80.0,Not Applicable,Not Applicable,No,Not Applicable,252,Cash,12,4.8,3.4
2024-07-13 01:57:00,CNR7132825652,Success,CID875936,Prime Sedan,Sahakar Nagar,Electronic City,126.0,110.0,Not Applicable,Not Applicable,No,Not Applicable,959,Credit Card,18,4.8,4.3
2024-07-26 01:23:00,CNR2401864788,Success,CID252549,Prime Sedan,Majestic,Varthur,56.0,35.0,Not Applicable,Not Applicable,No,Not Applicable,972,Cash,27,4.1,4.5
2024-07-02 15:06:00,CNR7322156176,Success,CID522010,Bike,Jayanagar,Rajarajeshwari Nagar,154.0,35.0,Not Applicable,Not Applicable,No,Not Applicable,196,UPI,29,4.2,4.3
2024-07-20 02:40:00,CNR8984940255,Success,CID661869,eBike,Kengeri,Frazer Town,259.0,65.0,Not Applicable,Not Applicable,No,Not Applicable,794,UPI,31,4.6,3.9
2024-07-19 19:51:00,CNR8760994897,Driver Not Found,CID429913,Prime Sedan,Ulsoor,Chickpet,,,Not Applicable,Not Applicable,Not Applicable,Not Applicable,2776,Not Applicable,0,,
2024-07-30 12:45:00,CNR5633954088,Success,CID647389,Prime Sedan,Basavanagudi,Shivajinagar,210.0,60.0,Not Applicable,Not Applicable,No,Not Applicable,1319,Cash,27,5.0,3.9
2024-07-28 09:13:00,CNR5303773800,Driver Not Found,CID952079,Prime SUV,Magadi Road,Basavanagudi,,,Not Applicable,Not Applicable,Not Applicable,Not Applicable,214,Not Applicable,0,,
2024-07-28 04:33:00,CNR1115559917,Success,CID368808,Prime Sedan,Banashankari,Rajajinagar,140.0,90.0,Not Applicable,Not Applicable,No,Not Applicable,881,Cash,26,4.3,4.8
2024-07-24 18:04:00,CNR5770203213,Canceled by Customer,CID387225,Bike,Kammanahalli,HSR Layout,,,Driver asked to cancel,Not Applicable,Not Applicable,Not Applicable,605,Not Applicable,0,,
2024-07-02 12:09:00,CNR9629395665,Driver Not Found,CID615622,Auto,Malleshwaram,Kadugodi,,,Not Applicable,Not Applicable,Not Applicable,Not Applicable,870,Not Applicable,0,,
2024-07-17 16:34:00,CNR8201917973,Success,CID909385,eBike,Koramangala,Yeshwanthpur,217.0,90.0,Not Applicable,Not Applicable,Yes,Vehicle Breakdown,418,Cash,36,3.8,3.1
2024-07-02 08:57:00,CNR5185577921,Success,CID215918,Mini,Banashankari,Langford Town,91.0,115.0,Not Applicable,Not Applicable,No,Not Applicable,312,Cash,27,4.5,4.2
2024-07-02 16:42:00,CNR8234438813,Success,CID847446,Mini,Yeshwanthpur,Shivajinagar,217.0,115.0,Not Applicable,Not Applicable,No,Not Applicable,252,Cash,5,4.1,3.3
2024-07-19 08:34:00,CNR3051371247,Success,CID557823,eBike,Bellandur,Cox Town,126.0,65.0,Not Applicable,Not Applicable,No,Not Applicable,358,UPI,46,4.9,3.2
2024-07-01 07:30:00,CNR3871975150,Canceled by Customer,CID438018,eBike,Mysore Road,Ulsoor,,,Change of plans,Not Applicable,Not Applicable,Not Applicable,279,Not Applicable,0,,
2024-07-18 16:16:00,CNR8508985999,Canceled by Driver,CID342050,Bike,Frazer Town,Bannerghatta Road,,,Not Applicable,Personal & Car related issue,Not Applicable,Not Applicable,184,Not Applicable,0,,
2024-07-05 06:05:00,CNR3167882855,Success,CID120906,Auto,MG Road,Bellandur,189.0,145.0,Not Applicable,Not Applicable,No,Not Applicable,1110,UPI,15,3.2,3.7
2024-07-27 03:06:00,CNR7649883702,Success,CID567483,Bike,Magadi Road,Hulimavu,287.0,75.0,Not Applicable,Not Applicable,No,Not Applicable,136,UPI,8,4.1,4.4
2024-07-13 10:19:00,CNR2566176053,Success,CID231258,Prime Plus,Yeshwanthpur,Cox Town,224.0,145.0,Not Applicable,Not Applicable,No,Not Applicable,2985,Cash,44,3.4,4.8
2024-07-14 19:18:00,CNR3202698027,Canceled by Driver,CID225050,Bike,Sarjapur Road,Chickpet,,,Not Applicable,Personal & Car related issue,Not Applicable,Not Applicable,484,Not Applicable,0,,
2024-07-11 09:17:00,CNR9397331071,Success,CID816960,Prime Plus,Banashankari,Cox Town,238.0,90.0,Not Applicable,Not Applicable,No,Not Applicable,462,UPI,1,4.0,3.3
2024-07-14 17:44:00,CNR4978060686,Canceled by Driver,CID783381,Bike,Kammanahalli,Hennur,,,Not Applicable,More than permitted people in there,Not Applicable,Not Applicable,2139,Not Applicable,0,,
2024-07-22 10:38:00,CNR4096919603,Driver Not Found,CID502683,Bike,Sarjapur Road,Nagarbhavi,,,Not Applicable,Not Applicable,Not Applicable,Not Applicable,451,Not Applicable,0,,
2024-07-28 10:45:00,CNR1780702561,Success,CID659540,Prime SUV,Majestic,Hosur Road,280.0,110.0,Not Applicable,Not Applicable,No,Not Applicable,330,Cash,47,3.1,3.1
2024-07-17 07:46:00,CNR5876777893,Canceled by Driver,CID185635,Prime Sedan,HSR Layout,Hulimavu,,,Not Applicable,Personal & Car related issue,Not Applicable,Not Applicable,104,Not Applicable,0,,
2024-07-24 00:54:00,CNR9827150990,Canceled by Customer,CID568757,Auto,Bellandur,Shantinagar,,,Driver is not moving towards pickup location,Not Applicable,Not Applicable,Not Applicable,222,Not Applicable,0,,
2024-07-29 00:11:00,CNR3625111530,Success,CID976415,Prime Sedan,Ramamurthy Nagar,Rajarajeshwari Nagar,35.0,95.0,Not Applicable,Not Applicable,No,Not Applicable,1994,UPI,47,4.8,4.4
2024-07-17 03:27:00,CNR5819704195,Canceled by Customer,CID903459,Auto,Yelahanka,Kadugodi,,,Wrong Address,Not Applicable,Not Applicable,Not Applicable,594,Not Applicable,0,,
2024-07-30 07:42:00,CNR7304977890,Canceled by Driver,CID600600,Prime Plus,Magadi Road,Basavanagudi,,,Not Applicable,Customer was coughing/sick,Not Applicable,Not Applicable,236,Not Applicable,0,,
2024-07-14 14:03:00,CNR6556429586,Success,CID401052,Mini,Rajajinagar,Electronic City,294.0,95.0,Not Applicable,Not Applicable,No,Not Applicable,169,Cash,39,4.9,5.0
2024-07-04 15:57:00,CNR8825131609,Success,CID767917,Prime Plus,Yeshwanthpur,JP Nagar,231.0,35.0,Not Applicable,Not Applicable,No,Not Applicable,249,UPI,24,3.7,4.2
2024-07-19 19:29:00,CNR6828322876,Canceled by Driver,CID881717,Bike,Devanahalli,Rajajinagar,,,Not Applicable,Customer was coughing/sick,Not Applicable,Not Applicable,2107,Not Applicable,0,,
2024-07-21 15:14:00,CNR8327300620,Canceled by Driver,CID420239,Prime Sedan,Nagarbhavi,BTM Layout,,,Not Applicable,Personal & Car related issue,Not Applicable,Not Applicable,164,Not Applicable,0,,
2024-07-12 03:36:00,CNR1791886493,Success,CID326598,Bike,Kadugodi,Majestic,231.0,85.0,Not Applicable,Not Applicable,No,Not Applicable,958,UPI,23,4.7,4.2
2024-07-04 03:08:00,CNR9371790010,Success,CID673315,Prime Sedan,JP Nagar,Bellandur,49.0,115.0,Not Applicable,Not Applicable,No,Not Applicable,549,UPI,17,4.6,3.2
2024-07-12 23:10:00,CNR8039250342,Canceled by Customer,CID497169,Prime SUV,Frazer Town,JP Nagar,,,Driver is not moving towards pickup location,Not Applicable,Not Applicable,Not Applicable,169,Not Applicable,0,,
2024-07-15 20:06:00,CNR6022276031,Success,CID157540,Auto,Kengeri,Varthur,133.0,60.0,Not Applicable,Not Applicable,No,Not Applicable,933,UPI,7,4.8,4.8
2024-07-07 00:26:00,CNR7502687161,Success,CID923230,Prime Sedan,Vijayanagar,Indiranagar,203.0,90.0,Not Applicable,Not Applicable,No,Not Applicable,944,Debit Card,4,4.0,3.2
2024-07-02 00:19:00,CNR7935314403,Driver Not Found,CID401114,Bike,Varthur,Rajarajeshwari Nagar,,,Not Applicable,Not Applicable,Not Applicable,Not Applicable,132,Not Applicable,0,,
2024-07-17 02:36:00,CNR2116088470,Success,CID716842,Prime SUV,Basavanagudi,Kammanahalli,224.0,40.0,Not Applicable,Not Applicable,No,Not Applicable,352,UPI,34,3.6,4.9
2024-07-09 17:56:00,CNR2186973774,Canceled by Driver,CID624340,eBike,Hennur,Peenya,,,Not Applicable,Personal & Car related issue,Not Applicable,Not Applicable,237,Not Applicable,0,,
2024-07-24 10:11:00,CNR9767183971,Success,CID881866,Bike,Frazer Town,Vijayanagar,84.0,80.0,Not Applicable,Not Applicable,No,Not Applicable,998,Cash,29,3.0,3.1
2024-07-21 08:23:00,CNR2734511372,Success,CID582176,Prime Sedan,Koramangala,Frazer Town,196.0,110.0,Not Applicable,Not Applicable,No,Not Applicable,2679,UPI,49,3.2,3.3
2024-07-30 05:24:00,CNR8042150448,Success,CID219047,eBike,Jayanagar,Langford Town,266.0,45.0,Not Applicable,Not Applicable,No,Not Applicable,291,Cash,5,4.4,3.2
2024-07-04 04:04:00,CNR2391249662,Success,CID558375,Bike,Jayanagar,Ulsoor,77.0,45.0,Not Applicable,Not Applicable,No,Not Applicable,247,Cash,45,3.8,4.5
2024-07-01 19:37:00,CNR4451626143,Success,CID451416,Prime Sedan,Yeshwanthpur,Varthur,217.0,30.0,Not Applicable,Not Applicable,No,Not Applicable,498,Cash,30,4.5,3.5
2024-07-01 00:12:00,CNR7163811017,Success,CID745984,Bike,BTM Layout,Padmanabhanagar,210.0,30.0,Not Applicable,Not Applicable,No,Not Applicable,312,Cash,39,4.5,4.5
2024-07-19 02:37:00,CNR6653669643,Canceled by Driver,CID420340,eBike,Tumkur Road,Koramangala,,,Not Applicable,Customer related issue,Not Applicable,Not Applicable,164,Not Applicable,0,,
2024-07-12 11:11:00,CNR3426071556,Success,CID950301,eBike,Indiranagar,Rajarajeshwari Nagar,231.0,140.0,Not Applicable,Not Applicable,No,Not Applicable,211,Cash,37,4.4,3.1
2024-07-05 20:49:00,CNR7824961769,Canceled by Driver,CID405926,Prime SUV,MG Road,Kadugodi,,,Not Applicable,Customer related issue,Not Applicable,Not Applicable,313,Not Applicable,0,,
2024-07-16 02:40:00,CNR7520526288,Success,CID675110,Bike,Chamarajpet,Ramamurthy Nagar,140.0,105.0,Not Applicable,Not Applicable,No,Not Applicable,411,Cash,44,4.1,4.6
2024-07-06 02:01:00,CNR1642023735,Success,CID540583,eBike,Shantinagar,Bellandur,245.0,50.0,Not Applicable,Not Applicable,No,Not Applicable,837,Cash,29,3.7,4.1
2024-07-09 21:49:00,CNR6963327876,Success,CID494129,Bike,Whitefield,Magadi Road,308.0,135.0,Not Applicable,Not Applicable,No,Not Applicable,511,UPI,34,4.8,3.8
2024-07-20 14:18:00,CNR9628687459,Success,CID545363,eBike,Electronic City,Majestic,231.0,50.0,Not Applicable,Not Applicable,No,Not Applicable,409,UPI,19,3.1,3.7
2024-07-29 02:23:00,CNR9558759806,Success,CID323144,Bike,Marathahalli,Hulimavu,147.0,145.0,Not Applicable,Not Applicable,No,Not Applicable,254,Cash,30,3.6,4.4
2024-07-23 04:46:00,CNR2731808581,Canceled by Customer,CID756654,Mini,Varthur,Bannerghatta Road,,,AC is Not working,Not Applicable,Not Applicable,Not Applicable,404,Not Applicable,0,,
2024-07-08 16:07:00,CNR8936604384,Success,CID393228,Bike,Chamarajpet,Devanahalli,273.0,120.0,Not Applicable,Not Applicable,No,Not Applicable,761,Cash,19,4.2,3.5
2024-07-21 19:28:00,CNR9343205815,Success,CID766987,Prime Plus,Chamarajpet,Hennur,280.0,75.0,Not Applicable,Not Applicable,No,Not Applicable,339,Cash,35,3.6,4.2
2024-07-07 08:26:00,CNR7224105483,Canceled by Driver,CID598341,Prime Plus,Rajarajeshwari Nagar,Basavanagudi,,,Not Applicable,Personal & Car related issue,Not Applicable,Not Applicable,808,Not Applicable,0,,
2024-07-04 02:29:00,CNR9165081855,Success,CID497187,Prime Plus,Hosur Road,RT Nagar,259.0,90.0,Not Applicable,Not Applicable,No,Not Applicable,865,UPI,13,4.2,4.3
2024-07-22 22:46:00,CNR3421236961,Success,CID459633,eBike,BTM Layout,Varthur,287.0,35.0,Not Applicable,Not Applicable,No,Not Applicable,990,Cash,41,4.8,4.6
2024-07-20 21:44:00,CNR7363678089,Success,CID486347,Auto,Kadugodi,Hennur,154.0,120.0,Not Applicable,Not Applicable,Yes,Vehicle Breakdown,930,UPI,13,3.7,3.7
2024-07-08 14:37:00,CNR3301562320,Success,CID501396,eBike,Bannerghatta Road,Hosur Road,161.0,50.0,Not Applicable,Not Applicable,No,Not Applicable,394,UPI,34,3.3,4.1
2024-07-08 13:55:00,CNR1444645171,Success,CID506325,Prime Plus,KR Puram,Nagarbhavi,133.0,105.0,Not Applicable,Not Applicable,No,Not Applicable,107,UPI,31,4.9,4.7
2024-07-25 08:06:00,CNR3209932760,Canceled by Driver,CID986635,Prime SUV,BTM Layout,Ramamurthy Nagar,,,Not Applicable,Customer related issue,Not Applicable,Not Applicable,313,Not Applicable,0,,
2024-07-05 15:55:00,CNR9182187130,Success,CID467239,eBike,HSR Layout,Frazer Town,161.0,60.0,Not Applicable,Not Applicable,No,Not Applicable,259,Cash,47,4.1,3.1
2024-07-30 07:14:00,CNR4953856775,Success,CID226927,Prime SUV,Rajajinagar,Kengeri,175.0,95.0,Not Applicable,Not Applicable,No,Not Applicable,455,UPI,10,3.0,3.6
2024-07-05 06:44:00,CNR3814762847,Canceled by Driver,CID568832,eBike,Mysore Road,Vijayanagar,,,Not Applicable,Personal & Car related issue,Not Applicable,Not Applicable,499,Not Applicable,0,,
2024-07-02 23:43:00,CNR6734513052,Success,CID582132,Bike,Tumkur Road,Marathahalli,238.0,60.0,Not Applicable,Not Applicable,No,Not Applicable,800,UPI,23,3.9,4.8
2024-07-30 05:13:00,CNR9926535505,Success,CID959859,Auto,Rajarajeshwari Nagar,Hosur Road,49.0,30.0,Not Applicable,Not Applicable,No,Not Applicable,475,Cash,16,4.3,3.4
2024-07-03 06:59:00,CNR7771470962,Success,CID705593,Prime Plus,Chickpet,Ramamurthy Nagar,70.0,110.0,Not Applicable,Not Applicable,No,Not Applicable,305,UPI,19,3.6,4.9
2024-07-04 10:36:00,CNR7156750751,Canceled by Customer,CID131266,Prime Sedan,Hosur Road,Electronic City,,,Driver is not moving towards pickup location,Not Applicable,Not Applicable,Not Applicable,349,Not Applicable,0,,
2024-07-14 13:59:00,CNR7257666213,Success,CID398709,Prime SUV,Cox Town,Yelahanka,35.0,75.0,Not Applicable,Not Applicable,No,Not Applicable,1148,UPI,39,3.0,3.5
2024-07-16 20:05:00,CNR2911508368,Success,CID211190,eBike,Devanahalli,Malleshwaram,42.0,45.0,Not Applicable,Not Applicable,No,Not Applicable,647,Cash,2,3.7,4.3
2024-07-02 01:37:00,CNR2512964043,Canceled by Driver,CID722429,Mini,Langford Town,Hebbal,,,Not Applicable,More than permitted people in there,Not Applicable,Not Applicable,231,Not Applicable,0,,
2024-07-19 05:36:00,CNR8606007106,Canceled by Driver,CID545822,Prime Sedan,Chamarajpet,Hulimavu,,,Not Applicable,Personal & Car related issue,Not Applicable,Not Applicable,101,Not Applicable,0,,
2024-07-14 03:46:00,CNR8041420685,Driver Not Found,CID318051,Auto,Kadugodi,Ramamurthy Nagar,,,Not Applicable,Not Applicable,Not Applicable,Not Applicable,104,Not Applicable,0,,
2024-07-08 10:01:00,CNR6564008280,Success,CID143651,Mini,Jayanagar,Bellandur,119.0,125.0,Not Applicable,Not Applicable,No,Not Applicable,786,Cash,32,4.9,4.7
2024-07-04 19:11:00,CNR9152601959,Success,CID989884,Mini,Marathahalli,Yeshwanthpur,196.0,125.0,Not Applicable,Not Applicable,No,Not Applicable,160,Cash,16,3.4,3.9
2024-07-11 16:43:00,CNR8959185105,Driver Not Found,CID521110,Prime SUV,Mysore Road,KR Puram,,,Not Applicable,Not Applicable,Not Applicable,Not Applicable,367,Not Applicable,0,,
2024-07-06 12:07:00,CNR3429162669,Success,CID400658,Mini,Frazer Town,Kadugodi,140.0,120.0,Not Applicable,Not Applicable,No,Not Applicable,340,Cash,5,3.7,3.4
2024-07-16 10:16:00,CNR9902067696,Driver Not Found,CID803132,Prime SUV,Langford Town,Jayanagar,,,Not Applicable,Not Applicable,Not Applicable,Not Applicable,989,Not Applicable,0,,
2024-07-02 20:17:00,CNR7356224997,Success,CID127426,eBike,Kengeri,Bellandur,126.0,70.0,Not Applicable,Not Applicable,No,Not Applicable,2855,Cash,41,3.0,3.3
2024-07-29 12:21:00,CNR8519508871,Success,CID470424,Prime Sedan,Ramamurthy Nagar,Cox Town,42.0,125.0,Not Applicable,Not Applicable,No,Not Applicable,403,Cash,44,3.2,4.6
2024-07-16 17:59:00,CNR1387500599,Success,CID570193,Auto,HSR Layout,Magadi Road,91.0,100.0,Not Applicable,Not Applicable,No,Not Applicable,2494,Cash,16,3.4,3.9
2024-07-25 23:23:00,CNR1554631814,Success,CID776378,Bike,JP Nagar,Langford Town,231.0,45.0,Not Applicable,Not Applicable,No,Not Applicable,194,UPI,41,5.0,3.7
2024-07-22 15:04:00,CNR9456534056,Success,CID995931,Prime Sedan,Nagarbhavi,Bannerghatta Road,287.0,110.0,Not Applicable,Not Applicable,No,Not Applicable,225,Credit Card,19,4.6,3.7
2024-07-05 21:54:00,CNR1810419696,Success,CID551153,eBike,Yelahanka,Yelahanka,140.0,85.0,Not Applicable,Not Applicable,No,Not Applicable,457,Cash,27,4.9,3.7
2024-07-17 05:04:00,CNR5479096694,Driver Not Found,CID286831,Prime Plus,Kengeri,Devanahalli,,,Not Applicable,Not Applicable,Not Applicable,Not Applicable,487,Not Applicable,0,,
2024-07-22 22:50:00,CNR6450165673,Success,CID395759,Prime Sedan,Yelahanka,Kengeri,133.0,85.0,Not Applicable,Not Applicable,No,Not Applicable,164,Debit Card,47,3.8,4.7
2024-07-06 04:50:00,CNR6289757503,Success,CID993050,Auto,Kadugodi,MG Road,252.0,145.0,Not Applicable,Not Applicable,No,Not Applicable,784,Cash,16,4.7,3.3
2024-07-15 10:54:00,CNR5051582567,Success,CID551356,Auto,MG Road,Bellandur,35.0,145.0,Not Applicable,Not Applicable,No,Not Applicable,1248,UPI,8,3.0,4.5
2024-07-28 21:06:00,CNR9458947211,Success,CID340235,Bike,Indiranagar,Chickpet,168.0,95.0,Not Applicable,Not Applicable,No,Not Applicable,856,UPI,14,3.3,4.4
2024-07-14 16:16:00,CNR9529804500,Canceled by Customer,CID939670,Prime Plus,Jayanagar,Basavanagudi,,,Change of plans,Not Applicable,Not Applicable,Not Applicable,338,Not Applicable,0,,
2024-07-17 11:13:00,CNR3246758215,Canceled by Driver,CID338465,Prime SUV,Ramamurthy Nagar,Hulimavu,,,Not Applicable,Customer was coughing/sick,Not Applicable,Not Applicable,383,Not Applicable,0,,
2024-07-11 08:38:00,CNR4353153946,Success,CID857446,Prime Sedan,Frazer Town,Malleshwaram,273.0,130.0,Not Applicable,Not Applicable,No,Not Applicable,494,Cash,37,3.3,4.4
2024-07-25 16:01:00,CNR9727965741,Canceled by Driver,CID713106,eBike,HSR Layout,Varthur,,,Not Applicable,Personal & Car related issue,Not Applicable,Not Applicable,421,Not Applicable,0,,
2024-07-28 13:01:00,CNR2639434350,Driver Not Found,CID956885,Auto,Cox Town,Rajarajeshwari Nagar,,,Not Applicable,Not Applicable,Not Applicable,Not Applicable,327,Not Applicable,0,,
2024-07-23 17:09:00,CNR1293180073,Success,CID481421,Bike,Ulsoor,HSR Layout,154.0,70.0,Not Applicable,Not Applicable,No,Not Applicable,108,UPI,38,4.3,3.9
2024-07-06 10:13:00,CNR3200297662,Success,CID903051,Mini,Indiranagar,Hebbal,266.0,145.0,Not Applicable,Not Applicable,No,Not Applicable,159,Credit Card,41,3.0,3.7
2024-07-17 16:47:00,CNR1989895376,Success,CID206168,Mini,Ulsoor,Sahakar Nagar,273.0,85.0,Not Applicable,Not Applicable,Yes,Other Issue,2219,UPI,42,3.5,4.1
2024-07-15 07:06:00,CNR1747295793,Success,CID941549,Prime Plus,Varthur,Bannerghatta Road,35.0,60.0,Not Applicable,Not Applicable,No,Not Applicable,481,UPI,49,4.0,5.0
2024-07-14 18:36:00,CNR1564683170,Success,CID498043,Mini,KR Puram,Basavanagudi,154.0,50.0,Not Applicable,Not Applicable,No,Not Applicable,487,Cash,24,3.1,4.1
2024-07-27 21:03:00,CNR6947393880,Success,CID955966,Auto,Shantinagar,Ulsoor,133.0,85.0,Not Applicable,Not Applicable,No,Not Applicable,199,Cash,14,4.2,4.8
2024-07-18 04:21:00,CNR9844728472,Canceled by Driver,CID860586,eBike,Cox Town,MG Road,,,Not Applicable,Personal & Car related issue,Not Applicable,Not Applicable,101,Not Applicable,0,,
2024-07-26 15:10:00,CNR2106403700,Canceled by Driver,CID221374,Bike,Indiranagar,Mysore Road,,,Not Applicable,Customer related issue,Not Applicable,Not Applicable,458,Not Applicable,0,,
2024-07-21 14:16:00,CNR5147724963,Success,CID972226,Prime Sedan,Frazer Town,Ulsoor,133.0,50.0,Not Applicable,Not Applicable,No,Not Applicable,326,Cash,29,3.4,4.2
2024-07-22 23:52:00,CNR3274902597,Canceled by Driver,CID437311,eBike,JP Nagar,Yelahanka,,,Not Applicable,More than permitted people in there,Not Applicable,Not Applicable,377,Not Applicable,0,,
2024-07-28 21:06:00,CNR9419011521,Success,CID756996,Bike,Vijayanagar,Varthur,217.0,95.0,Not Applicable,Not Applicable,No,Not Applicable,455,UPI,34,4.4,4.5
2024-07-03 04:42:00,CNR8509410735,Success,CID888935,Bike,Varthur,Devanahalli,217.0,135.0,Not Applicable,Not Applicable,No,Not Applicable,729,Cash,19,3.8,3.4
2024-07-21 18:05:00,CNR4675629900,Success,CID840237,Prime Plus,Rajajinagar,Magadi Road,203.0,140.0,Not Applicable,Not Applicable,No,Not Applicable,405,Cash,45,4.1,4.2
2024-07-14 20:45:00,CNR4015422474,Canceled by Driver,CID263005,Mini,HSR Layout,Ulsoor,,,Not Applicable,Customer related issue,Not Applicable,Not Applicable,176,Not Applicable,0,,
2024-07-12 22:57:00,CNR6373892973,Success,CID876700,Prime Plus,Kammanahalli,RT Nagar,231.0,65.0,Not Applicable,Not Applicable,No,Not Applicable,618,Cash,4,4.0,4.6
2024-07-25 17:56:00,CNR9662394775,Success,CID880051,Bike,Sahakar Nagar,Sarjapur Road,280.0,60.0,Not Applicable,Not Applicable,No,Not Applicable,700,Cash,24,4.6,3.0
2024-07-06 01:29:00,CNR9235209547,Success,CID852159,Mini,Bannerghatta Road,Mysore Road,154.0,45.0,Not Applicable,Not Applicable,No,Not Applicable,247,Cash,15,4.5,3.5
2024-07-08 01:14:00,CNR4449762703,Success,CID896633,Mini,Malleshwaram,Hebbal,35.0,145.0,Not Applicable,Not Applicable,No,Not Applicable,362,UPI,37,3.6,4.3
2024-07-29 18:50:00,CNR5503980239,Driver Not Found,CID646164,Bike,Yelahanka,RT Nagar,,,Not Applicable,Not Applicable,Not Applicable,Not Applicable,440,Not Applicable,0,,
2024-07-24 19:38:00,CNR6838860815,Success,CID354318,Bike,Whitefield,Whitefield,308.0,110.0,Not Applicable,Not Applicable,No,Not Applicable,497,Cash,10,4.5,4.4
2024-07-02 01:17:00,CNR2240471899,Driver Not Found,CID378621,Auto,Kadugodi,Mysore Road,,,Not Applicable,Not Applicable,Not Applicable,Not Applicable,1993,Not Applicable,0,,
2024-07-17 19:08:00,CNR5488264804,Canceled by Customer,CID703783,Prime SUV,Peenya,Mysore Road,,,Driver asked to cancel,Not Applicable,Not Applicable,Not Applicable,337,Not Applicable,0,,
2024-07-21 20:01:00,CNR8626514481,Canceled by Driver,CID652820,Mini,Peenya,Varthur,,,Not Applicable,Personal & Car related issue,Not Applicable,Not Applicable,418,Not Applicable,0,,
2024-07-20 18:39:00,CNR8854226697,Canceled by Customer,CID637591,Prime Plus,Electronic City,BTM Layout,,,Change of plans,Not Applicable,Not Applicable,Not Applicable,431,Not Applicable,0,,
2024-07-18 05:24:00,CNR2929839840,Driver Not Found,CID168584,Mini,Electronic City,Shantinagar,,,Not Applicable,Not Applicable,Not Applicable,Not Applicable,416,Not Applicable,0,,
2024-07-19 06:01:00,CNR5075761046,Success,CID919260,Auto,Bellandur,Whitefield,147.0,80.0,Not Applicable,Not Applicable,No,Not Applicable,374,UPI,1,3.8,5.0
2024-07-21 00:36:00,CNR1906644444,Canceled by Customer,CID627861,Prime Sedan,Chickpet,Vijayanagar,,,Driver is not moving towards pickup location,Not Applicable,Not Applicable,Not Applicable,151,Not Applicable,0,,
2024-07-11 23:42:00,CNR4824517010,Success,CID728384,eBike,RT Nagar,Frazer Town,238.0,75.0,Not Applicable,Not Applicable,No,Not Applicable,363,Cash,25,5.0,3.7
2024-07-22 16:23:00,CNR9024971088,Success,CID479121,Prime Sedan,HSR Layout,Sarjapur Road,189.0,105.0,Not Applicable,Not Applicable,No,Not Applicable,219,Cash,26,4.0,3.5
2024-07-21 07:06:00,CNR3445659366,Driver Not Found,CID928257,Prime SUV,Langford Town,Hosur Road,,,Not Applicable,Not Applicable,Not Applicable,Not Applicable,803,Not Applicable,0,,
2024-07-09 14:07:00,CNR5430779966,Success,CID695203,Bike,Yeshwanthpur,Kadugodi,49.0,130.0,Not Applicable,Not Applicable,No,Not Applicable,147,UPI,25,4.4,3.9
2024-07-06 06:46:00,CNR3763477942,Success,CID486315,Auto,Rajarajeshwari Nagar,Varthur,182.0,40.0,Not Applicable,Not Applicable,No,Not Applicable,235,UPI,13,4.8,3.8
2024-07-15 12:02:00,CNR1883700746,Driver Not Found,CID863430,Prime SUV,Mysore Road,Koramangala,,,Not Applicable,Not Applicable,Not Applicable,Not Applicable,143,Not Applicable,0,,
2024-07-11 08:37:00,CNR5350336973,Canceled by Driver,CID149767,Prime Plus,Kammanahalli,Ramamurthy Nagar,,,Not Applicable,Customer related issue,Not Applicable,Not Applicable,164,Not Applicable,0,,
2024-07-11 08:06:00,CNR4557586404,Success,CID498602,Mini,Magadi Road,Cox Town,35.0,50.0,Not Applicable,Not Applicable,No,Not Applicable,2249,Cash,23,4.7,3.4
2024-07-02 15:45:00,CNR4052948378,Success,CID965457,Prime Plus,BTM Layout,Peenya,196.0,85.0,Not Applicable,Not Applicable,Yes,Customer Demand,275,UPI,36,4.1,3.4
2024-07-20 17:19:00,CNR6949323411,Success,CID836954,Prime SUV,Chamarajpet,Varthur,259.0,75.0,Not Applicable,Not Applicable,No,Not Applicable,383,UPI,10,4.6,3.3
2024-07-17 09:07:00,CNR4592124526,Success,CID498760,eBike,RT Nagar,Chickpet,273.0,120.0,Not Applicable,Not Applicable,No,Not Applicable,171,Cash,43,4.6,3.6
2024-07-17 11:52:00,CNR2549174387,Success,CID700395,Auto,JP Nagar,Devanahalli,105.0,25.0,Not Applicable,Not Applicable,Yes,Customer Demand,489,Cash,1,4.3,3.7
2024-07-18 16:36:00,CNR8956481181,Success,CID268009,Auto,Richmond Town,Nagarbhavi,133.0,140.0,Not Applicable,Not Applicable,No,Not Applicable,250,UPI,17,4.7,4.6
2024-07-01 01:47:00,CNR5449962750,Success,CID387769,Auto,Magadi Road,Banashankari,203.0,30.0,Not Applicable,Not Applicable,No,Not Applicable,239,Cash,12,4.9,4.8
2024-07-02 05:41:00,CNR8014949471,Canceled by Customer,CID550217,Mini,Cox Town,Yeshwanthpur,,,Change of plans,Not Applicable,Not Applicable,Not Applicable,201,Not Applicable,0,,
2024-07-17 03:58:00,CNR2882629934,Canceled by Customer,CID937543,eBike,MG Road,Nagarbhavi,,,Driver asked to cancel,Not Applicable,Not Applicable,Not Applicable,340,Not Applicable,0,,
2024-07-30 15:04:00,CNR7730935001,Canceled by Customer,CID887689,Bike,Marathahalli,Majestic,,,Driver is not moving towards pickup location,Not Applicable,Not Applicable,Not Applicable,362,Not Applicable,0,,
2024-07-01 08:16:00,CNR1152846508,Canceled by Driver,CID708372,Bike,Jayanagar,Malleshwaram,,,Not Applicable,Customer was coughing/sick,Not Applicable,Not Applicable,265,Not Applicable,0,,
2024-07-07 17:59:00,CNR1417093097,Canceled by Customer,CID750869,Prime Sedan,Magadi Road,Devanahalli,,,Change of plans,Not Applicable,Not Applicable,Not Applicable,314,Not Applicable,0,,
2024-07-27 05:08:00,CNR6592636031,Success,CID501280,Bike,Yeshwanthpur,Yeshwanthpur,98.0,45.0,Not Applicable,Not Applicable,No,Not Applicable,180,Cash,46,4.3,4.9
2024-07-05 04:43:00,CNR6013755656,Canceled by Driver,CID486265,Prime SUV,Hebbal,Ramamurthy Nagar,,,Not Applicable,Customer related issue,Not Applicable,Not Applicable,931,Not Applicable,0,,
2024-07-19 22:19:00,CNR6834606801,Success,CID132585,Prime Plus,BTM Layout,Majestic,301.0,145.0,Not Applicable,Not Applicable,No,Not Applicable,224,Credit Card,35,4.8,4.3
2024-07-26 08:50:00,CNR5432826006,Success,CID274839,Mini,KR Puram,Basavanagudi,224.0,75.0,Not Applicable,Not Applicable,No,Not Applicable,244,Cash,16,4.1,3.6
2024-07-09 06:22:00,CNR2727233032,Success,CID561400,Prime SUV,Hulimavu,Shivajinagar,112.0,105.0,Not Applicable,Not Applicable,No,Not Applicable,348,UPI,45,4.7,3.3
2024-07-13 10:07:00,CNR4531784374,Success,CID647466,eBike,Majestic,Electronic City,119.0,135.0,Not Applicable,Not Applicable,No,Not Applicable,413,Credit Card,23,3.7,3.4
2024-07-23 08:16:00,CNR3928181875,Success,CID182804,Prime SUV,Marathahalli,RT Nagar,210.0,75.0,Not Applicable,Not Applicable,No,Not Applicable,486,Cash,3,4.9,5.0
2024-07-29 21:35:00,CNR5970109215,Canceled by Driver,CID745043,eBike,Kengeri,Hennur,,,Not Applicable,Personal & Car related issue,Not Applicable,Not Applicable,409,Not Applicable,0,,
2024-07-24 12:34:00,CNR6410870581,Success,CID604092,Prime Plus,Hosur Road,Hulimavu,105.0,60.0,Not Applicable,Not Applicable,No,Not Applicable,460,Cash,38,4.0,4.2
2024-07-22 05:03:00,CNR9092243500,Success,CID585485,Bike,Yeshwanthpur,Tumkur Road,35.0,105.0,Not Applicable,Not Applicable,No,Not Applicable,470,Credit Card,45,3.9,3.3
2024-07-05 17:30:00,CNR8639110966,Success,CID951157,Bike,Bellandur,Richmond Town,133.0,55.0,Not Applicable,Not Applicable,No,Not Applicable,310,Cash,6,4.2,3.2
2024-07-28 14:05:00,CNR8330373680,Canceled by Driver,CID951141,eBike,Kammanahalli,JP Nagar,,,Not Applicable,More than permitted people in there,Not Applicable,Not Applicable,619,Not Applicable,0,,
2024-07-05 22:57:00,CNR9068555735,Success,CID238336,Auto,Tumkur Road,Bannerghatta Road,196.0,140.0,Not Applicable,Not Applicable,No,Not Applicable,340,UPI,15,3.8,3.5
2024-07-13 20:13:00,CNR6053715670,Success,CID623560,Prime Plus,Varthur,Kammanahalli,105.0,95.0,Not Applicable,Not Applicable,No,Not Applicable,890,Cash,44,3.3,4.9
2024-07-21 23:48:00,CNR2315453574,Success,CID830637,Prime SUV,MG Road,Langford Town,273.0,105.0,Not Applicable,Not Applicable,No,Not Applicable,390,UPI,10,3.6,4.8
2024-07-10 02:29:00,CNR4633356233,Success,CID696227,eBike,Yeshwanthpur,Peenya,63.0,130.0,Not Applicable,Not Applicable,No,Not Applicable,208,UPI,21,3.7,3.7
2024-07-30 02:30:00,CNR4291728580,Canceled by Driver,CID269785,Prime Sedan,Nagarbhavi,Cox Town,,,Not Applicable,Customer was coughing/sick,Not Applicable,Not Applicable,116,Not Applicable,0,,
2024-07-21 21:03:00,CNR2531836571,Driver Not Found,CID231209,Mini,Padmanabhanagar,Mysore Road,,,Not Applicable,Not Applicable,Not Applicable,Not Applicable,430,Not Applicable,0,,
2024-07-05 22:28:00,CNR1346271935,Success,CID973116,eBike,Langford Town,Koramangala,105.0,55.0,Not Applicable,Not Applicable,Yes,Vehicle Breakdown,672,UPI,28,4.1,3.4
2024-07-18 20:45:00,CNR2230601350,Success,CID624640,eBike,Frazer Town,Kammanahalli,126.0,135.0,Not Applicable,Not Applicable,No,Not Applicable,225,Cash,27,4.6,3.2
2024-07-04 00:54:00,CNR2734973032,Canceled by Driver,CID749322,Prime Sedan,Magadi Road,Kadugodi,,,Not Applicable,Customer related issue,Not Applicable,Not Applicable,256,Not Applicable,0,,
2024-07-24 05:06:00,CNR4521052924,Success,CID427981,Bike,Kammanahalli,Shivajinagar,231.0,90.0,Not Applicable,Not Applicable,No,Not Applicable,192,Cash,20,4.8,4.8
2024-07-03 19:01:00,CNR9633445860,Success,CID759628,Bike,Chamarajpet,Shivajinagar,91.0,35.0,Not Applicable,Not Applicable,No,Not Applicable,337,Credit Card,44,3.1,4.5
2024-07-11 01:51:00,CNR2648746086,Canceled by Driver,CID760720,Auto,Bellandur,Mysore Road,,,Not Applicable,Personal & Car related issue,Not Applicable,Not Applicable,299,Not Applicable,0,,
2024-07-15 06:03:00,CNR5700669352,Success,CID493242,Prime Plus,Shantinagar,RT Nagar,119.0,125.0,Not Applicable,Not Applicable,No,Not Applicable,484,Cash,24,4.1,4.9
2024-07-30 06:13:00,CNR5748166399,Canceled by Driver,CID729056,Auto,Whitefield,Bellandur,,,Not Applicable,Customer was coughing/sick,Not Applicable,Not Applicable,470,Not Applicable,0,,
2024-07-19 16:41:00,CNR3363911030,Success,CID127285,Bike,Rajajinagar,Nagarbhavi,49.0,115.0,Not Applicable,Not Applicable,No,Not Applicable,292,Cash,31,3.8,4.7
2024-07-09 12:26:00,CNR3087203377,Canceled by Customer,CID206115,Bike,Shivajinagar,Kammanahalli,,,Wrong Address,Not Applicable,Not Applicable,Not Applicable,440,Not Applicable,0,,
2024-07-18 16:53:00,CNR1164663529,Driver Not Found,CID584292,Auto,Frazer Town,Basavanagudi,,,Not Applicable,Not Applicable,Not Applicable,Not Applicable,303,Not Applicable,0,,
2024-07-04 00:22:00,CNR3757239456,Success,CID151380,Mini,Jayanagar,Yeshwanthpur,175.0,135.0,Not Applicable,Not Applicable,No,Not Applicable,201,Cash,49,3.2,3.4
2024-07-09 09:06:00,CNR6223453726,Canceled by Customer,CID878375,Prime Sedan,Sahakar Nagar,Hebbal,,,Change of plans,Not Applicable,Not Applicable,Not Applicable,351,Not Applicable,0,,
2024-07-16 09:31:00,CNR4880251025,Driver Not Found,CID978455,Prime Plus,Vijayanagar,Magadi Road,,,Not Applicable,Not Applicable,Not Applicable,Not Applicable,196,Not Applicable,0,,
2024-07-28 01:52:00,CNR1383037165,Success,CID491419,eBike,Majestic,Electronic City,63.0,120.0,Not Applicable,Not Applicable,No,Not Applicable,328,Cash,17,4.1,4.8
2024-07-12 11:02:00,CNR1237117772,Canceled by Customer,CID884224,Bike,Hebbal,Sahakar Nagar,,,Driver asked to cancel,Not Applicable,Not Applicable,Not Applicable,294,Not Applicable,0,,
2024-07-09 14:53:00,CNR1561258645,Success,CID535878,Bike,Chickpet,HSR Layout,210.0,25.0,Not Applicable,Not Applicable,No,Not Applicable,348,UPI,6,4.6,4.0
2024-07-09 12:02:00,CNR8705226843,Canceled by Driver,CID472089,Bike,Mysore Road,MG Road,,,Not Applicable,Customer related issue,Not Applicable,Not Applicable,100,Not Applicable,0,,
2024-07-30 13:42:00,CNR8412717506,Success,CID789376,Prime Plus,Hulimavu,Cox Town,252.0,140.0,Not Applicable,Not Applicable,No,Not Applicable,187,Cash,7,4.8,4.5
2024-07-30 18:27:00,CNR4555707710,Driver Not Found,CID538592,Bike,Peenya,Hennur,,,Not Applicable,Not Applicable,Not Applicable,Not Applicable,344,Not Applicable,0,,
2024-07-21 03:35:00,CNR6653545366,Canceled by Driver,CID286869,Mini,Varthur,Yelahanka,,,Not Applicable,Customer related issue,Not Applicable,Not Applicable,450,Not Applicable,0,,
2024-07-10 09:31:00,CNR7203958768,Success,CID715412,Bike,Nagarbhavi,Nagarbhavi,35.0,35.0,Not Applicable,Not Applicable,No,Not Applicable,292,Cash,32,3.7,4.8
2024-07-16 05:09:00,CNR2095178567,Canceled by Driver,CID871879,eBike,BTM Layout,Chickpet,,,Not Applicable,More than permitted people in there,Not Applicable,Not Applicable,764,Not Applicable,0,,
2024-07-11 01:10:00,CNR7936358386,Success,CID542537,Prime Plus,MG Road,Majestic,196.0,45.0,Not Applicable,Not Applicable,No,Not Applicable,471,Cash,31,4.0,4.1
2024-07-16 03:28:00,CNR5802651189,Canceled by Driver,CID109136,Bike,Shivajinagar,RT Nagar,,,Not Applicable,Personal & Car related issue,Not Applicable,Not Applicable,121,Not Applicable,0,,
2024-07-26 23:39:00,CNR6572280233,Success,CID733693,Prime SUV,HSR Layout,Koramangala,224.0,115.0,Not Applicable,Not Applicable,No,Not Applicable,329,Cash,4,4.9,4.7
2024-07-30 01:14:00,CNR4216157204,Success,CID200408,eBike,Cox Town,Hennur,217.0,120.0,Not Applicable,Not Applicable,No,Not Applicable,963,UPI,43,3.4,3.7
2024-07-17 05:12:00,CNR5698712990,Success,CID252436,Prime Sedan,Rajajinagar,MG Road,140.0,25.0,Not Applicable,Not Applicable,No,Not Applicable,227,Credit Card,17,3.7,3.6
2024-07-20 20:07:00,CNR8216465539,Driver Not Found,CID195136,Auto,Bellandur,Bannerghatta Road,,,Not Applicable,Not Applicable,Not Applicable,Not Applicable,813,Not Applicable,0,,
2024-07-20 20:56:00,CNR9780350204,Success,CID851741,Prime Sedan,Banashankari,BTM Layout,161.0,120.0,Not Applicable,Not Applicable,No,Not Applicable,390,UPI,34,4.5,4.6
2024-07-18 18:40:00,CNR7827676148,Success,CID701581,Auto,Nagarbhavi,Koramangala,231.0,105.0,Not Applicable,Not Applicable,No,Not Applicable,466,Credit Card,3,4.1,3.1
2024-07-24 04:23:00,CNR2449685346,Success,CID245289,Prime SUV,Ulsoor,Basavanagudi,119.0,35.0,Not Applicable,Not Applicable,No,Not Applicable,267,UPI,35,3.6,4.0
2024-07-14 06:26:00,CNR9962606507,Success,CID140196,Bike,Cox Town,Rajarajeshwari Nagar,49.0,130.0,Not Applicable,Not Applicable,No,Not Applicable,102,Debit Card,13,4.8,3.8
2024-07-11 13:24:00,CNR7251288887,Canceled by Customer,CID238774,Bike,JP Nagar,Bellandur,,,Wrong Address,Not Applicable,Not Applicable,Not Applicable,475,Not Applicable,0,,
2024-07-04 11:19:00,CNR7257594320,Success,CID844449,Prime Plus,Varthur,Kengeri,273.0,90.0,Not Applicable,Not Applicable,No,Not Applicable,405,Cash,47,3.9,3.3
2024-07-21 16:32:00,CNR8545798220,Success,CID444384,Prime Plus,Shivajinagar,Majestic,217.0,135.0,Not Applicable,Not Applicable,No,Not Applicable,143,UPI,6,4.2,3.4
2024-07-26 18:32:00,CNR5965493517,Success,CID116962,Prime SUV,Whitefield,BTM Layout,63.0,25.0,Not Applicable,Not Applicable,No,Not Applicable,490,UPI,25,4.9,3.4
2024-07-10 06:41:00,CNR9042526561,Success,CID299785,Auto,Whitefield,Rajajinagar,84.0,30.0,Not Applicable,Not Applicable,No,Not Applicable,1317,UPI,11,4.4,3.3
2024-07-25 22:15:00,CNR6404389465,Canceled by Driver,CID261548,eBike,Yeshwanthpur,Padmanabhanagar,,,Not Applicable,Customer related issue,Not Applicable,Not Applicable,638,Not Applicable,0,,
2024-07-16 08:25:00,CNR4653646473,Success,CID895432,Auto,Vijayanagar,RT Nagar,245.0,85.0,Not Applicable,Not Applicable,No,Not Applicable,444,Cash,17,3.8,4.4
2024-07-18 16:58:00,CNR3100160857,Success,CID963885,Prime SUV,Shantinagar,Sarjapur Road,119.0,25.0,Not Applicable,Not Applicable,No,Not Applicable,967,UPI,6,4.2,4.5
2024-07-21 07:51:00,CNR5031213367,Success,CID811643,Auto,Bannerghatta Road,Devanahalli,280.0,70.0,Not Applicable,Not Applicable,No,Not Applicable,813,Cash,19,3.7,4.6
2024-07-20 22:14:00,CNR2427377360,Success,CID255926,Prime SUV,Langford Town,Padmanabhanagar,154.0,70.0,Not Applicable,Not Applicable,No,Not Applicable,291,Cash,15,4.0,3.7
2024-07-16 16:40:00,CNR8020647649,Success,CID434287,Bike,Sarjapur Road,Ramamurthy Nagar,210.0,120.0,Not Applicable,Not Applicable,No,Not Applicable,327,Cash,42,4.3,4.7
2024-07-09 12:55:00,CNR5438289010,Canceled by Driver,CID209018,Prime Plus,Kammanahalli,Sahakar Nagar,,,Not Applicable,Customer related issue,Not Applicable,Not Applicable,196,Not Applicable,0,,
2024-07-16 11:08:00,CNR1405360386,Success,CID248231,Auto,KR Puram,Chickpet,42.0,65.0,Not Applicable,Not Applicable,No,Not Applicable,1161,Cash,6,4.5,3.8
2024-07-25 21:19:00,CNR8930291225,Success,CID575369,Prime SUV,JP Nagar,Magadi Road,287.0,95.0,Not Applicable,Not Applicable,No,Not Applicable,197,Cash,11,4.2,4.1
2024-07-06 21:39:00,CNR2413980123,Canceled by Driver,CID790165,Bike,Frazer Town,Sarjapur Road,,,Not Applicable,Customer related issue,Not Applicable,Not Applicable,2674,Not Applicable,0,,
2024-07-30 01:15:00,CNR8040004974,Success,CID218195,Prime SUV,Richmond Town,Kadugodi,175.0,145.0,Not Applicable,Not Applicable,No,Not Applicable,184,UPI,30,3.4,4.7
2024-07-22 09:07:00,CNR2619162466,Success,CID506782,Prime Sedan,Yeshwanthpur,JP Nagar,70.0,95.0,Not Applicable,Not Applicable,No,Not Applicable,691,UPI,2,3.0,4.1
2024-07-07 10:54:00,CNR5925014757,Driver Not Found,CID709091,eBike,Shantinagar,Majestic,,,Not Applicable,Not Applicable,Not Applicable,Not Applicable,413,Not Applicable,0,,
2024-07-30 02:47:00,CNR2172722014,Success,CID858603,Prime Sedan,Kadugodi,Whitefield,287.0,120.0,Not Applicable,Not Applicable,No,Not Applicable,369,UPI,25,4.2,4.9
2024-07-08 07:09:00,CNR4375845312,Canceled by Driver,CID292692,eBike,Hulimavu,Frazer Town,,,Not Applicable,More than permitted people in there,Not Applicable,Not Applicable,426,Not Applicable,0,,
2024-07-10 08:50:00,CNR1984156173,Success,CID878572,Prime SUV,RT Nagar,RT Nagar,91.0,120.0,Not Applicable,Not Applicable,No,Not Applicable,333,UPI,6,3.8,4.9
2024-07-08 23:36:00,CNR6039294688,Success,CID284402,Prime SUV,KR Puram,Kammanahalli,105.0,140.0,Not Applicable,Not Applicable,Yes,Customer Demand,242,Cash,10,3.9,4.0
2024-07-07 01:48:00,CNR9003220595,Success,CID800955,Mini,Whitefield,Kadugodi,84.0,60.0,Not Applicable,Not Applicable,No,Not Applicable,137,Cash,45,4.4,3.6
2024-07-08 02:16:00,CNR4615974434,Success,CID182563,eBike,Cox Town,Basavanagudi,126.0,120.0,Not Applicable,Not Applicable,No,Not Applicable,972,Cash,29,3.1,4.5
2024-07-20 13:19:00,CNR2831956944,Success,CID792966,Auto,Jayanagar,Vijayanagar,273.0,90.0,Not Applicable,Not Applicable,No,Not Applicable,202,UPI,16,4.7,4.9
2024-07-26 21:13:00,CNR6764114422,Canceled by Driver,CID498126,Auto,Shantinagar,Devanahalli,,,Not Applicable,Customer was coughing/sick,Not Applicable,Not Applicable,815,Not Applicable,0,,
2024-07-05 06:53:00,CNR2506835775,Success,CID999701,Bike,BTM Layout,Tumkur Road,231.0,60.0,Not Applicable,Not Applicable,No,Not Applicable,222,Cash,15,3.8,5.0
2024-07-30 16:32:00,CNR5146953442,Success,CID406762,Mini,Bellandur,Chamarajpet,301.0,85.0,Not Applicable,Not Applicable,Yes,Other Issue,157,Cash,34,4.6,3.1
2024-07-24 03:59:00,CNR7931498272,Driver Not Found,CID311917,Prime Sedan,Padmanabhanagar,Kengeri,,,Not Applicable,Not Applicable,Not Applicable,Not Applicable,354,Not Applicable,0,,
2024-07-24 03:22:00,CNR4495209748,Canceled by Customer,CID765066,Mini,Indiranagar,Cox Town,,,Change of plans,Not Applicable,Not Applicable,Not Applicable,1283,Not Applicable,0,,
2024-07-12 16:44:00,CNR9844383786,Canceled by Customer,CID522107,Bike,Bellandur,Sahakar Nagar,,,AC is Not working,Not Applicable,Not Applicable,Not Applicable,396,Not Applicable,0,,
2024-07-26 17:53:00,CNR7531553045,Canceled by Customer,CID255076,Prime SUV,Hulimavu,RT Nagar,,,Wrong Address,Not Applicable,Not Applicable,Not Applicable,170,Not Applicable,0,,
2024-07-03 13:51:00,CNR8533999982,Success,CID473775,Prime Sedan,Hosur Road,Padmanabhanagar,252.0,30.0,Not Applicable,Not Applicable,No,Not Applicable,555,Credit Card,36,3.3,4.0
2024-07-22 03:33:00,CNR2250772498,Success,CID673926,Prime Plus,Kadugodi,MG Road,273.0,35.0,Not Applicable,Not Applicable,No,Not Applicable,2836,Cash,27,3.5,3.4
2024-07-21 09:56:00,CNR1645184136,Success,CID586053,Bike,Indiranagar,Peenya,196.0,30.0,Not Applicable,Not Applicable,No,Not Applicable,150,Cash,22,4.7,3.1
2024-07-08 01:29:00,CNR2421675994,Canceled by Customer,CID651296,Mini,Electronic City,Peenya,,,Change of plans,Not Applicable,Not Applicable,Not Applicable,386,Not Applicable,0,,
2024-07-13 14:43:00,CNR8383251278,Driver Not Found,CID475583,eBike,JP Nagar,MG Road,,,Not Applicable,Not Applicable,Not Applicable,Not Applicable,495,Not Applicable,0,,
2024-07-02 17:06:00,CNR9898708981,Success,CID136363,Auto,Nagarbhavi,Magadi Road,301.0,50.0,Not Applicable,Not Applicable,No,Not Applicable,2915,UPI,16,4.5,3.6
2024-07-01 16:17:00,CNR4808733993,Success,CID587977,Prime Sedan,Chickpet,Sahakar Nagar,56.0,25.0,Not Applicable,Not Applicable,No,Not Applicable,558,Cash,43,4.3,3.3
2024-07-03 12:09:00,CNR2465872926,Canceled by Customer,CID993752,Bike,Electronic City,Malleshwaram,,,Driver asked to cancel,Not Applicable,Not Applicable,Not Applicable,157,Not Applicable,0,,
2024-07-03 16:36:00,CNR8802563274,Success,CID687710,Auto,Chickpet,Peenya,245.0,95.0,Not Applicable,Not Applicable,No,Not Applicable,179,Cash,13,3.4,4.9
2024-07-21 14:26:00,CNR7347145472,Canceled by Customer,CID802644,Mini,Yeshwanthpur,Langford Town,,,Driver is not moving towards pickup location,Not Applicable,Not Applicable,Not Applicable,164,Not Applicable,0,,
2024-07-21 04:51:00,CNR6261125024,Success,CID668812,Bike,Ulsoor,JP Nagar,252.0,30.0,Not Applicable,Not Applicable,No,Not Applicable,333,UPI,13,3.6,3.7
2024-07-09 21:15:00,CNR4247882297,Canceled by Driver,CID580793,Auto,Magadi Road,Ramamurthy Nagar,,,Not Applicable,Personal & Car related issue,Not Applicable,Not Applicable,786,Not Applicable,0,,
2024-07-20 22:09:00,CNR7254832338,Success,CID998565,Prime SUV,Ramamurthy Nagar,Chamarajpet,168.0,70.0,Not Applicable,Not Applicable,No,Not Applicable,220,Cash,46,3.1,3.6
2024-07-28 23:06:00,CNR4886689357,Success,CID787582,Auto,Yeshwanthpur,Yeshwanthpur,245.0,145.0,Not Applicable,Not Applicable,No,Not Applicable,280,UPI,9,4.7,4.6
2024-07-09 21:00:00,CNR9586578782,Canceled by Driver,CID188055,Auto,Yeshwanthpur,Chamarajpet,,,Not Applicable,Personal & Car related issue,Not Applicable,Not Applicable,163,Not Applicable,0,,
2024-07-16 00:56:00,CNR4299304232,Canceled by Driver,CID272588,Prime SUV,Hosur Road,Rajajinagar,,,Not Applicable,Customer related issue,Not Applicable,Not Applicable,300,Not Applicable,0,,
2024-07-06 18:44:00,CNR9012814733,Success,CID290167,Mini,Ulsoor,BTM Layout,147.0,35.0,Not Applicable,Not Applicable,No,Not Applicable,440,UPI,22,3.8,3.8
2024-07-27 08:22:00,CNR1882694073,Success,CID140803,Prime Sedan,Magadi Road,Chickpet,168.0,135.0,Not Applicable,Not Applicable,No,Not Applicable,889,UPI,42,3.8,4.9
2024-07-07 16:42:00,CNR5328558899,Success,CID959603,Prime Sedan,Rajarajeshwari Nagar,Whitefield,112.0,35.0,Not Applicable,Not Applicable,No,Not Applicable,366,Cash,14,4.1,4.0
2024-07-18 22:09:00,CNR5686000838,Canceled by Driver,CID384451,Auto,Devanahalli,Marathahalli,,,Not Applicable,Personal & Car related issue,Not Applicable,Not Applicable,437,Not Applicable,0,,
2024-07-24 14:12:00,CNR4337409612,Success,CID651383,Prime Sedan,Mysore Road,Hulimavu,273.0,105.0,Not Applicable,Not Applicable,No,Not Applicable,200,UPI,39,3.9,3.4
2024-07-18 12:52:00,CNR6017927756,Driver Not Found,CID961622,Auto,Rajarajeshwari Nagar,Banashankari,,,Not Applicable,Not Applicable,Not Applicable,Not Applicable,807,Not Applicable,0,,
2024-07-11 00:07:00,CNR3299557969,Driver Not Found,CID338687,Prime Sedan,Tumkur Road,Yeshwanthpur,,,Not Applicable,Not Applicable,Not Applicable,Not Applicable,185,Not Applicable,0,,
2024-07-13 03:13:00,CNR9715087908,Canceled by Driver,CID309712,Prime Sedan,Sarjapur Road,Jayanagar,,,Not Applicable,Customer related issue,Not Applicable,Not Applicable,478,Not Applicable,0,,
2024-07-04 10:42:00,CNR7643859455,Canceled by Customer,CID552706,Prime Plus,Rajarajeshwari Nagar,Mysore Road,,,AC is Not working,Not Applicable,Not Applicable,Not Applicable,477,Not Applicable,0,,
2024-07-26 10:57:00,CNR2719680853,Success,CID609716,Prime SUV,Kadugodi,Ramamurthy Nagar,217.0,95.0,Not Applicable,Not Applicable,No,Not Applicable,686,UPI,46,3.7,3.1
2024-07-16 06:57:00,CNR1950199677,Canceled by Driver,CID966867,Mini,Hebbal,Magadi Road,,,Not Applicable,Personal & Car related issue,Not Applicable,Not Applicable,297,Not Applicable,0,,
2024-07-21 09:26:00,CNR5965402249,Canceled by Driver,CID765391,Auto,Vijayanagar,Koramangala,,,Not Applicable,Customer was coughing/sick,Not Applicable,Not Applicable,377,Not Applicable,0,,
2024-07-12 01:07:00,CNR4332433892,Success,CID806656,eBike,Yeshwanthpur,Peenya,182.0,135.0,Not Applicable,Not Applicable,No,Not Applicable,426,UPI,10,3.5,4.0
2024-07-10 06:34:00,CNR7678416173,Success,CID952871,Auto,Bellandur,Rajajinagar,238.0,140.0,Not Applicable,Not Applicable,No,Not Applicable,617,Cash,16,4.6,4.6
2024-07-23 13:24:00,CNR2630434435,Success,CID190291,Mini,RT Nagar,Peenya,140.0,75.0,Not Applicable,Not Applicable,Yes,Vehicle Breakdown,258,Cash,45,4.9,4.1
2024-07-07 09:53:00,CNR8262851647,Success,CID851867,Prime Sedan,Bellandur,JP Nagar,147.0,40.0,Not Applicable,Not Applicable,No,Not Applicable,932,Cash,8,4.6,3.9
2024-07-24 11:50:00,CNR1969676373,Success,CID474217,Bike,Electronic City,Ramamurthy Nagar,77.0,115.0,Not Applicable,Not Applicable,No,Not Applicable,179,Cash,9,3.1,4.4
2024-07-29 17:21:00,CNR9706432912,Success,CID442398,Auto,Shantinagar,Padmanabhanagar,91.0,80.0,Not Applicable,Not Applicable,No,Not Applicable,320,Cash,5,5.0,3.3
2024-07-12 19:56:00,CNR5899212349,Success,CID224727,Prime SUV,Shivajinagar,JP Nagar,161.0,40.0,Not Applicable,Not Applicable,No,Not Applicable,204,Cash,44,3.3,5.0
2024-07-03 15:20:00,CNR1435567958,Success,CID194025,Bike,Padmanabhanagar,Ramamurthy Nagar,217.0,60.0,Not Applicable,Not Applicable,No,Not Applicable,422,Cash,12,3.3,3.8
2024-07-04 10:09:00,CNR4194717864,Canceled by Customer,CID667247,Mini,Malleshwaram,Yelahanka,,,AC is Not working,Not Applicable,Not Applicable,Not Applicable,295,Not Applicable,0,,
2024-07-17 15:44:00,CNR6312932070,Canceled by Driver,CID996734,Prime SUV,Kengeri,Malleshwaram,,,Not Applicable,Customer was coughing/sick,Not Applicable,Not Applicable,440,Not Applicable,0,,
2024-07-03 01:41:00,CNR7279022337,Canceled by Driver,CID308424,Bike,Koramangala,Padmanabhanagar,,,Not Applicable,Customer was coughing/sick,Not Applicable,Not Applicable,650,Not Applicable,0,,
2024-07-25 13:50:00,CNR6727028112,Canceled by Driver,CID298538,Prime Sedan,Chickpet,Devanahalli,,,Not Applicable,Customer was coughing/sick,Not Applicable,Not Applicable,317,Not Applicable,0,,
2024-07-15 04:00:00,CNR3859265489,Success,CID644998,Prime SUV,Koramangala,Yeshwanthpur,154.0,70.0,Not Applicable,Not Applicable,No,Not Applicable,1815,Cash,31,3.3,3.6
2024-07-03 16:49:00,CNR2341114518,Success,CID474909,Mini,Kammanahalli,Malleshwaram,119.0,135.0,Not Applicable,Not Applicable,No,Not Applicable,681,UPI,18,5.0,3.4
2024-07-23 14:34:00,CNR5074908705,Success,CID389950,eBike,Yelahanka,Tumkur Road,161.0,75.0,Not Applicable,Not Applicable,Yes,Customer Demand,179,UPI,9,4.2,4.8
2024-07-25 16:19:00,CNR1112909454,Success,CID125286,Mini,Majestic,Sahakar Nagar,168.0,70.0,Not Applicable,Not Applicable,No,Not Applicable,341,UPI,31,3.2,4.4
2024-07-20 05:52:00,CNR7712674972,Success,CID719690,Prime Sedan,Richmond Town,Nagarbhavi,231.0,35.0,Not Applicable,Not Applicable,No,Not Applicable,364,Credit Card,23,4.3,3.0
2024-07-20 18:16:00,CNR4654134518,Success,CID802466,Bike,Chamarajpet,Devanahalli,98.0,30.0,Not Applicable,Not Applicable,No,Not Applicable,345,Cash,33,3.9,3.2
2024-07-02 01:43:00,CNR4930734168,Canceled by Customer,CID101258,Prime Sedan,Hulimavu,Sarjapur Road,,,Wrong Address,Not Applicable,Not Applicable,Not Applicable,1618,Not Applicable,0,,
2024-07-22 06:10:00,CNR9454290876,Canceled by Customer,CID845583,Auto,Marathahalli,Bellandur,,,Driver is not moving towards pickup location,Not Applicable,Not Applicable,Not Applicable,219,Not Applicable,0,,
2024-07-04 02:33:00,CNR7160414819,Success,CID451901,Prime Plus,Basavanagudi,Devanahalli,231.0,95.0,Not Applicable,Not Applicable,No,Not Applicable,379,Cash,27,4.4,4.8
2024-07-29 15:37:00,CNR5421384936,Canceled by Customer,CID525401,Bike,Kengeri,Sahakar Nagar,,,AC is Not working,Not Applicable,Not Applicable,Not Applicable,1996,Not Applicable,0,,
2024-07-20 23:31:00,CNR8137950020,Canceled by Driver,CID201875,Auto,Varthur,Rajarajeshwari Nagar,,,Not Applicable,Personal & Car related issue,Not Applicable,Not Applicable,145,Not Applicable,0,,
2024-07-23 00:01:00,CNR3901678753,Canceled by Driver,CID322565,eBike,Frazer Town,RT Nagar,,,Not Applicable,Personal & Car related issue,Not Applicable,Not Applicable,260,Not Applicable,0,,
2024-07-17 07:28:00,CNR8802100765,Success,CID348167,Prime Plus,Ulsoor,Ulsoor,231.0,30.0,Not Applicable,Not Applicable,No,Not Applicable,396,UPI,14,3.6,3.1
2024-07-02 21:48:00,CNR6360483199,Success,CID468206,eBike,Marathahalli,Richmond Town,203.0,60.0,Not Applicable,Not Applicable,No,Not Applicable,579,Cash,48,3.5,3.4
2024-07-10 19:54:00,CNR5405979806,Success,CID692006,Auto,Mysore Road,Sarjapur Road,63.0,140.0,Not Applicable,Not Applicable,No,Not Applicable,498,Cash,18,3.3,3.5
2024-07-06 06:15:00,CNR9676773876,Success,CID136253,Bike,JP Nagar,RT Nagar,189.0,55.0,Not Applicable,Not Applicable,No,Not Applicable,495,UPI,41,3.8,3.9
2024-07-05 19:19:00,CNR4666560092,Success,CID932998,eBike,Banashankari,Rajajinagar,231.0,95.0,Not Applicable,Not Applicable,No,Not Applicable,395,Cash,29,3.1,3.8
2024-07-14 13:09:00,CNR1254299823,Success,CID939718,Bike,Electronic City,Devanahalli,49.0,135.0,Not Applicable,Not Applicable,No,Not Applicable,286,Cash,8,3.9,3.1
2024-07-12 16:37:00,CNR1930600625,Success,CID598726,Prime Sedan,Vijayanagar,Malleshwaram,168.0,90.0,Not Applicable,Not Applicable,No,Not Applicable,113,Cash,13,3.3,4.1
2024-07-15 23:41:00,CNR8397750961,Success,CID379348,Mini,Varthur,Whitefield,217.0,80.0,Not Applicable,Not Applicable,No,Not Applicable,136,Cash,36,3.7,4.7
2024-07-27 03:26:00,CNR9911785081,Success,CID288137,Prime Sedan,JP Nagar,Hulimavu,42.0,55.0,Not Applicable,Not Applicable,No,Not Applicable,561,Cash,43,4.7,4.9
2024-07-17 23:49:00,CNR3519376619,Canceled by Customer,CID203236,Mini,Indiranagar,JP Nagar,,,AC is Not working,Not Applicable,Not Applicable,Not Applicable,510,Not Applicable,0,,
2024-07-26 21:47:00,CNR8545864994,Success,CID389490,Mini,Koramangala,Nagarbhavi,119.0,130.0,Not Applicable,Not Applicable,No,Not Applicable,110,UPI,40,3.4,4.5
2024-07-10 12:33:00,CNR5369257640,Success,CID558246,Bike,Majestic,BTM Layout,196.0,85.0,Not Applicable,Not Applicable,No,Not Applicable,361,Cash,39,4.7,3.5
2024-07-28 11:22:00,CNR3750375922,Success,CID954124,Prime Sedan,Cox Town,Marathahalli,196.0,95.0,Not Applicable,Not Applicable,No,Not Applicable,166,UPI,18,4.6,4.5
2024-07-23 09:32:00,CNR1222744201,Driver Not Found,CID308742,Mini,Langford Town,MG Road,,,Not Applicable,Not Applicable,Not Applicable,Not Applicable,265,Not Applicable,0,,
2024-07-23 09:35:00,CNR4604102371,Success,CID779474,Mini,Yeshwanthpur,Sahakar Nagar,42.0,40.0,Not Applicable,Not Applicable,No,Not Applicable,497,Cash,1,3.0,4.2
2024-07-16 17:49:00,CNR3928066648,Success,CID521719,Auto,Kadugodi,Magadi Road,252.0,125.0,Not Applicable,Not Applicable,No,Not Applicable,844,UPI,6,3.3,4.6
2024-07-02 01:37:00,CNR6015519579,Driver Not Found,CID928384,Prime Plus,Nagarbhavi,KR Puram,,,Not Applicable,Not Applicable,Not Applicable,Not Applicable,284,Not Applicable,0,,
2024-07-04 07:26:00,CNR8881035772,Success,CID928255,Auto,Basavanagudi,Bellandur,294.0,65.0,Not Applicable,Not Applicable,No,Not Applicable,286,UPI,18,4.9,3.6
2024-07-21 16:27:00,CNR8092212680,Success,CID206007,Mini,Kengeri,Shivajinagar,126.0,50.0,Not Applicable,Not Applicable,No,Not Applicable,384,Cash,41,3.0,4.7
2024-07-29 13:10:00,CNR8159438756,Canceled by Driver,CID751261,Prime Sedan,Whitefield,Rajarajeshwari Nagar,,,Not Applicable,More than permitted people in there,Not Applicable,Not Applicable,285,Not Applicable,0,,
2024-07-01 22:14:00,CNR1618297589,Success,CID378561,Prime SUV,Richmond Town,Hosur Road,140.0,40.0,Not Applicable,Not Applicable,No,Not Applicable,163,UPI,11,4.8,4.8
2024-07-16 19:08:00,CNR4031930282,Canceled by Driver,CID416086,Prime Sedan,Ulsoor,Yeshwanthpur,,,Not Applicable,Customer related issue,Not Applicable,Not Applicable,235,Not Applicable,0,,
2024-07-05 23:18:00,CNR2204393329,Canceled by Driver,CID433873,Mini,Peenya,Rajarajeshwari Nagar,,,Not Applicable,Customer was coughing/sick,Not Applicable,Not Applicable,312,Not Applicable,0,,
2024-07-24 09:00:00,CNR1698086994,Success,CID488985,Mini,Ramamurthy Nagar,JP Nagar,112.0,70.0,Not Applicable,Not Applicable,No,Not Applicable,116,Cash,12,4.5,3.0
2024-07-18 17:08:00,CNR4847001579,Success,CID154458,Bike,Peenya,BTM Layout,63.0,120.0,Not Applicable,Not Applicable,No,Not Applicable,281,Cash,29,4.7,4.1
2024-07-19 15:17:00,CNR4675414078,Success,CID893225,Prime Plus,HSR Layout,Basavanagudi,77.0,140.0,Not Applicable,Not Applicable,No,Not Applicable,217,Cash,29,4.1,4.4
2024-07-05 02:07:00,CNR5173092301,Success,CID471691,Prime Sedan,JP Nagar,Sahakar Nagar,245.0,30.0,Not Applicable,Not Applicable,No,Not Applicable,2492,Debit Card,21,3.2,3.9
2024-07-29 12:51:00,CNR1211823871,Canceled by Customer,CID598757,Prime SUV,Sahakar Nagar,Yeshwanthpur,,,Driver asked to cancel,Not Applicable,Not Applicable,Not Applicable,131,Not Applicable,0,,
2024-07-21 05:27:00,CNR2919858815,Success,CID644859,Prime Plus,Malleshwaram,Rajajinagar,126.0,110.0,Not Applicable,Not Applicable,No,Not Applicable,358,Cash,21,3.3,4.3
2024-07-03 18:57:00,CNR7063909545,Success,CID955347,Mini,Hebbal,Koramangala,49.0,80.0,Not Applicable,Not Applicable,No,Not Applicable,1868,UPI,24,3.1,4.5
2024-07-13 23:20:00,CNR9599975429,Success,CID430148,Prime Sedan,Tumkur Road,Padmanabhanagar,147.0,30.0,Not Applicable,Not Applicable,No,Not Applicable,401,UPI,46,4.6,3.9
2024-07-01 13:38:00,CNR7037405670,Success,CID825097,Prime Sedan,Magadi Road,Chickpet,77.0,95.0,Not Applicable,Not Applicable,No,Not Applicable,284,UPI,42,4.6,4.9
2024-07-01 07:23:00,CNR9146841885,Driver Not Found,CID336484,Prime Sedan,Rajajinagar,Yeshwanthpur,,,Not Applicable,Not Applicable,Not Applicable,Not Applicable,480,Not Applicable,0,,
2024-07-18 03:41:00,CNR7274034333,Canceled by Driver,CID565066,Prime SUV,Frazer Town,Hosur Road,,,Not Applicable,More than permitted people in there,Not Applicable,Not Applicable,201,Not Applicable,0,,
2024-07-09 23:31:00,CNR6276654115,Success,CID619217,Auto,Yeshwanthpur,Hebbal,217.0,40.0,Not Applicable,Not Applicable,No,Not Applicable,411,Cash,9,3.8,4.5
2024-07-18 19:27:00,CNR4774124572,Success,CID289067,Mini,Padmanabhanagar,Varthur,217.0,55.0,Not Applicable,Not Applicable,No,Not Applicable,890,UPI,2,4.9,4.5
2024-07-24 01:25:00,CNR2141265761,Canceled by Customer,CID585144,Prime Sedan,Magadi Road,Padmanabhanagar,,,Driver is not moving towards pickup location,Not Applicable,Not Applicable,Not Applicable,346,Not Applicable,0,,
2024-07-03 09:38:00,CNR8849117664,Success,CID636355,eBike,Vijayanagar,Ulsoor,56.0,50.0,Not Applicable,Not Applicable,No,Not Applicable,179,UPI,7,4.4,3.6
2024-07-09 09:36:00,CNR8899111816,Canceled by Driver,CID966184,Auto,Hennur,BTM Layout,,,Not Applicable,Customer was coughing/sick,Not Applicable,Not Applicable,2858,Not Applicable,0,,
2024-07-24 07:33:00,CNR3277944588,Success,CID580859,eBike,Hulimavu,Nagarbhavi,119.0,30.0,Not Applicable,Not Applicable,Yes,Other Issue,425,UPI,37,4.4,3.5
2024-07-05 19:08:00,CNR4995940953,Canceled by Customer,CID188696,Prime Sedan,Yeshwanthpur,Padmanabhanagar,,,AC is Not working,Not Applicable,Not Applicable,Not Applicable,205,Not Applicable,0,,
2024-07-13 15:21:00,CNR5141700921,Success,CID409121,Bike,Padmanabhanagar,Malleshwaram,133.0,75.0,Not Applicable,Not Applicable,No,Not Applicable,728,UPI,21,3.1,4.1
2024-07-23 06:10:00,CNR4080041994,Success,CID460002,Bike,Hennur,Marathahalli,231.0,75.0,Not Applicable,Not Applicable,No,Not Applicable,1656,UPI,34,3.9,3.9
2024-07-01 23:32:00,CNR8559532606,Success,CID681023,Prime SUV,Tumkur Road,Hebbal,63.0,75.0,Not Applicable,Not Applicable,No,Not Applicable,417,UPI,11,3.3,3.8
2024-07-23 05:04:00,CNR7361435201,Success,CID388171,Prime SUV,Basavanagudi,Kadugodi,126.0,120.0,Not Applicable,Not Applicable,No,Not Applicable,339,Cash,41,3.8,3.8
2024-07-20 05:07:00,CNR5955322621,Success,CID815720,Bike,Ramamurthy Nagar,HSR Layout,217.0,80.0,Not Applicable,Not Applicable,No,Not Applicable,148,UPI,7,4.6,3.9
2024-07-17 09:00:00,CNR1132856808,Success,CID302545,eBike,Magadi Road,MG Road,266.0,135.0,Not Applicable,Not Applicable,No,Not Applicable,993,UPI,24,3.2,4.6
2024-07-16 14:18:00,CNR1834996805,Canceled by Customer,CID242436,Mini,Rajarajeshwari Nagar,Langford Town,,,AC is Not working,Not Applicable,Not Applicable,Not Applicable,276,Not Applicable,0,,
2024-07-17 08:47:00,CNR7039186463,Canceled by Customer,CID522921,Mini,Kammanahalli,Langford Town,,,Driver is not moving towards pickup location,Not Applicable,Not Applicable,Not Applicable,248,Not Applicable,0,,
2024-07-25 15:42:00,CNR8972131428,Success,CID543267,Prime SUV,Nagarbhavi,Tumkur Road,245.0,70.0,Not Applicable,Not Applicable,No,Not Applicable,1679,Cash,31,4.4,3.9
2024-07-12 08:10:00,CNR4894503895,Success,CID743086,Prime Sedan,Devanahalli,Bellandur,35.0,50.0,Not Applicable,Not Applicable,No,Not Applicable,151,UPI,42,4.0,3.1
2024-07-03 22:40:00,CNR3623560197,Success,CID308515,Prime SUV,Langford Town,MG Road,245.0,70.0,Not Applicable,Not Applicable,No,Not Applicable,200,UPI,34,4.7,4.8
2024-07-19 04:26:00,CNR2785049683,Canceled by Customer,CID243573,Prime Plus,Hebbal,Indiranagar,,,Change of plans,Not Applicable,Not Applicable,Not Applicable,431,Not Applicable,0,,
2024-07-10 13:08:00,CNR4339013353,Success,CID402582,Prime Plus,Banashankari,Chickpet,133.0,55.0,Not Applicable,Not Applicable,No,Not Applicable,864,UPI,42,4.0,4.4
2024-07-14 01:27:00,CNR2242290312,Canceled by Driver,CID773127,eBike,Frazer Town,Ulsoor,,,Not Applicable,Personal & Car related issue,Not Applicable,Not Applicable,691,Not Applicable,0,,
2024-07-11 07:02:00,CNR4734087567,Success,CID749100,Auto,Yelahanka,Koramangala,308.0,80.0,Not Applicable,Not Applicable,No,Not Applicable,371,UPI,13,4.0,3.2
2024-07-11 05:47:00,CNR7752001179,Success,CID374952,Mini,Peenya,Jayanagar,294.0,40.0,Not Applicable,Not Applicable,No,Not Applicable,148,UPI,32,4.4,4.0
2024-07-11 04:14:00,CNR6708750977,Success,CID230290,Bike,Rajarajeshwari Nagar,Bellandur,189.0,120.0,Not Applicable,Not Applicable,No,Not Applicable,396,Credit Card,3,3.7,4.8
2024-07-10 19:34:00,CNR2924111799,Success,CID418205,Auto,Tumkur Road,RT Nagar,91.0,85.0,Not Applicable,Not Applicable,Yes,Vehicle Breakdown,1864,Cash,13,3.7,3.8
2024-07-28 15:28:00,CNR2972935735,Success,CID967004,Auto,Hebbal,Kengeri,133.0,140.0,Not Applicable,Not Applicable,No,Not Applicable,365,UPI,19,3.1,3.1
2024-07-09 21:47:00,CNR6616498917,Success,CID479147,Bike,Hosur Road,Banashankari,98.0,130.0,Not Applicable,Not Applicable,No,Not Applicable,160,Cash,13,4.4,4.5
2024-07-02 13:47:00,CNR6871317042,Canceled by Customer,CID343336,Auto,Yeshwanthpur,Tumkur Road,,,Wrong Address,Not Applicable,Not Applicable,Not Applicable,419,Not Applicable,0,,
2024-07-09 08:53:00,CNR4399069121,Success,CID682939,Prime SUV,Chickpet,Mysore Road,70.0,105.0,Not Applicable,Not Applicable,No,Not Applicable,152,UPI,5,3.7,5.0
2024-07-21 17:42:00,CNR8651653686,Driver Not Found,CID910910,Prime SUV,Rajarajeshwari Nagar,Ramamurthy Nagar,,,Not Applicable,Not Applicable,Not Applicable,Not Applicable,697,Not Applicable,0,,
2024-07-09 03:52:00,CNR6423885645,Success,CID964861,Mini,Langford Town,JP Nagar,77.0,30.0,Not Applicable,Not Applicable,No,Not Applicable,286,Cash,32,3.3,3.7
2024-07-26 15:26:00,CNR7902121477,Success,CID832463,Bike,Yeshwanthpur,Yeshwanthpur,252.0,100.0,Not Applicable,Not Applicable,No,Not Applicable,282,Cash,10,4.2,4.9
2024-07-21 15:48:00,CNR7188858416,Success,CID731658,Prime Plus,Ulsoor,Kammanahalli,301.0,105.0,Not Applicable,Not Applicable,No,Not Applicable,476,UPI,47,4.9,3.1
2024-07-16 15:47:00,CNR2273005476,Success,CID355713,Mini,RT Nagar,Jayanagar,154.0,145.0,Not Applicable,Not Applicable,No,Not Applicable,400,Cash,49,4.1,4.4
2024-07-05 20:38:00,CNR4404005681,Canceled by Customer,CID219572,Mini,Sahakar Nagar,Nagarbhavi,,,Change of plans,Not Applicable,Not Applicable,Not Applicable,184,Not Applicable,0,,
2024-07-04 09:59:00,CNR4239714568,Success,CID982687,Auto,Peenya,HSR Layout,147.0,55.0,Not Applicable,Not Applicable,No,Not Applicable,262,UPI,17,4.4,3.3
2024-07-07 22:25:00,CNR4984410508,Success,CID353822,eBike,Banashankari,Rajajinagar,273.0,70.0,Not Applicable,Not Applicable,No,Not Applicable,498,Cash,1,4.4,3.6
2024-07-18 05:51:00,CNR5695668599,Success,CID654277,Mini,Nagarbhavi,HSR Layout,126.0,55.0,Not Applicable,Not Applicable,No,Not Applicable,497,Cash,9,5.0,4.0
2024-07-03 23:04:00,CNR1258747593,Canceled by Driver,CID152345,Prime Sedan,HSR Layout,Cox Town,,,Not Applicable,More than permitted people in there,Not Applicable,Not Applicable,462,Not Applicable,0,,
2024-07-01 05:15:00,CNR5048970892,Driver Not Found,CID928133,Mini,Rajarajeshwari Nagar,Hulimavu,,,Not Applicable,Not Applicable,Not Applicable,Not Applicable,506,Not Applicable,0,,
2024-07-01 15:07:00,CNR4882369745,Success,CID916646,Prime SUV,Shivajinagar,Langford Town,217.0,35.0,Not Applicable,Not Applicable,No,Not Applicable,330,Cash,26,3.2,3.1
2024-07-20 00:23:00,CNR4494858998,Success,CID645666,Prime SUV,Peenya,RT Nagar,140.0,110.0,Not Applicable,Not Applicable,No,Not Applicable,443,Cash,22,4.5,4.5
2024-07-19 22:42:00,CNR7644048791,Success,CID948850,Prime SUV,Hosur Road,Sarjapur Road,182.0,75.0,Not Applicable,Not Applicable,No,Not Applicable,584,Cash,30,3.9,4.1
2024-07-14 11:24:00,CNR6958754954,Success,CID305039,Bike,Whitefield,Frazer Town,63.0,105.0,Not Applicable,Not Applicable,No,Not Applicable,386,Cash,23,3.4,4.5
2024-07-09 23:11:00,CNR8872083745,Success,CID739205,Bike,Sahakar Nagar,Hulimavu,224.0,25.0,Not Applicable,Not Applicable,No,Not Applicable,236,Cash,49,4.9,3.3
2024-07-05 12:41:00,CNR6486217919,Success,CID339850,Auto,RT Nagar,Sarjapur Road,287.0,100.0,Not Applicable,Not Applicable,No,Not Applicable,426,Cash,8,4.9,4.6
2024-07-05 09:28:00,CNR6962187300,Driver Not Found,CID381871,Prime Plus,Hennur,Chickpet,,,Not Applicable,Not Applicable,Not Applicable,Not Applicable,107,Not Applicable,0,,
2024-07-18 06:40:00,CNR2804169638,Success,CID114340,Prime Plus,Varthur,Nagarbhavi,294.0,75.0,Not Applicable,Not Applicable,No,Not Applicable,311,Credit Card,20,3.8,4.8
2024-07-15 03:17:00,CNR6370708170,Success,CID248699,Prime Sedan,Langford Town,Peenya,140.0,85.0,Not Applicable,Not Applicable,No,Not Applicable,509,UPI,25,4.2,3.9
2024-07-23 18:43:00,CNR7337417498,Canceled by Driver,CID940326,eBike,Rajajinagar,Langford Town,,,Not Applicable,Personal & Car related issue,Not Applicable,Not Applicable,452,Not Applicable,0,,
2024-07-07 19:49:00,CNR7467927975,Success,CID855450,Auto,Shivajinagar,BTM Layout,259.0,85.0,Not Applicable,Not Applicable,No,Not Applicable,187,Cash,19,4.8,4.1
2024-07-15 16:16:00,CNR1619118382,Success,CID593946,Mini,Chickpet,Mysore Road,245.0,35.0,Not Applicable,Not Applicable,No,Not Applicable,151,Cash,31,4.5,3.4
2024-07-23 09:56:00,CNR7864486639,Canceled by Customer,CID659034,eBike,Shivajinagar,Shivajinagar,,,Driver asked to cancel,Not Applicable,Not Applicable,Not Applicable,172,Not Applicable,0,,
2024-07-18 11:24:00,CNR5359806082,Success,CID459700,Prime Plus,Chamarajpet,KR Puram,70.0,120.0,Not Applicable,Not Applicable,No,Not Applicable,425,Cash,15,3.3,3.5
2024-07-18 19:22:00,CNR8340468745,Success,CID971433,Prime Plus,HSR Layout,Padmanabhanagar,308.0,60.0,Not Applicable,Not Applicable,No,Not Applicable,161,Cash,42,4.7,3.4
2024-07-07 03:26:00,CNR2494177025,Driver Not Found,CID775547,Bike,MG Road,Frazer Town,,,Not Applicable,Not Applicable,Not Applicable,Not Applicable,362,Not Applicable,0,,
2024-07-25 20:14:00,CNR8828040544,Canceled by Driver,CID942213,eBike,Padmanabhanagar,Malleshwaram,,,Not Applicable,Customer was coughing/sick,Not Applicable,Not Applicable,366,Not Applicable,0,,
2024-07-25 20:02:00,CNR7184218548,Success,CID167521,Prime Plus,Banashankari,Indiranagar,259.0,55.0,Not Applicable,Not Applicable,No,Not Applicable,441,UPI,18,4.1,3.5
2024-07-19 03:58:00,CNR2050389227,Success,CID643836,eBike,Richmond Town,Electronic City,280.0,45.0,Not Applicable,Not Applicable,No,Not Applicable,1848,Cash,42,4.8,4.4
2024-07-24 22:19:00,CNR9379960432,Success,CID621905,Prime Plus,Cox Town,Basavanagudi,49.0,60.0,Not Applicable,Not Applicable,No,Not Applicable,411,Debit Card,10,3.9,4.4
2024-07-08 17:09:00,CNR1766827598,Success,CID186476,Prime Sedan,Magadi Road,Devanahalli,119.0,45.0,Not Applicable,Not Applicable,No,Not Applicable,389,UPI,45,3.7,3.5
2024-07-30 04:01:00,CNR8779702996,Success,CID545387,Prime Sedan,Banashankari,Peenya,301.0,90.0,Not Applicable,Not Applicable,No,Not Applicable,300,Cash,16,4.4,3.9
2024-07-26 17:47:00,CNR9722659609,Canceled by Driver,CID923973,eBike,Ulsoor,Bellandur,,,Not Applicable,Customer was coughing/sick,Not Applicable,Not Applicable,234,Not Applicable,0,,
2024-07-01 04:27:00,CNR4897624050,Driver Not Found,CID345500,Prime Sedan,Marathahalli,Mysore Road,,,Not Applicable,Not Applicable,Not Applicable,Not Applicable,372,Not Applicable,0,,
2024-07-15 19:43:00,CNR3936998861,Driver Not Found,CID484890,Prime SUV,Ulsoor,Richmond Town,,,Not Applicable,Not Applicable,Not Applicable,Not Applicable,643,Not Applicable,0,,
2024-07-24 21:34:00,CNR6678732651,Driver Not Found,CID219803,Auto,Bellandur,Sarjapur Road,,,Not Applicable,Not Applicable,Not Applicable,Not Applicable,741,Not Applicable,0,,
2024-07-22 08:19:00,CNR1024527142,Success,CID794191,Bike,Rajarajeshwari Nagar,Shantinagar,77.0,120.0,Not Applicable,Not Applicable,Yes,Other Issue,310,Cash,28,3.5,3.6
2024-07-16 18:19:00,CNR5901162324,Canceled by Driver,CID159582,Bike,Frazer Town,JP Nagar,,,Not Applicable,More than permitted people in there,Not Applicable,Not Applicable,103,Not Applicable,0,,
2024-07-09 08:06:00,CNR4613389032,Success,CID900225,eBike,Vijayanagar,JP Nagar,224.0,140.0,Not Applicable,Not Applicable,No,Not Applicable,656,UPI,3,3.8,4.6
2024-07-23 08:40:00,CNR9280717616,Success,CID913391,Prime SUV,Chickpet,Chamarajpet,168.0,65.0,Not Applicable,Not Applicable,No,Not Applicable,348,UPI,19,4.8,4.4
2024-07-02 06:50:00,CNR7947237324,Driver Not Found,CID627416,Prime SUV,Banashankari,Indiranagar,,,Not Applicable,Not Applicable,Not Applicable,Not Applicable,267,Not Applicable,0,,
2024-07-06 05:40:00,CNR7108259824,Success,CID832704,eBike,Ramamurthy Nagar,Magadi Road,231.0,40.0,Not Applicable,Not Applicable,No,Not Applicable,173,UPI,2,3.2,3.5
2024-07-08 07:39:00,CNR1396872132,Success,CID385983,Mini,Bellandur,Mysore Road,84.0,100.0,Not Applicable,Not Applicable,Yes,Other Issue,611,Cash,6,3.0,3.5
2024-07-30 23:54:00,CNR1550405337,Canceled by Driver,CID188660,Prime Sedan,MG Road,Electronic City,,,Not Applicable,Customer related issue,Not Applicable,Not Applicable,291,Not Applicable,0,,
2024-07-14 00:55:00,CNR6097571882,Driver Not Found,CID149354,Auto,HSR Layout,Whitefield,,,Not Applicable,Not Applicable,Not Applicable,Not Applicable,387,Not Applicable,0,,
2024-07-22 21:15:00,CNR9788704492,Canceled by Driver,CID229365,Prime Plus,Mysore Road,Sarjapur Road,,,Not Applicable,Customer related issue,Not Applicable,Not Applicable,330,Not Applicable,0,,
2024-07-27 19:51:00,CNR2960804418,Canceled by Customer,CID288239,Prime Sedan,Sahakar Nagar,Tumkur Road,,,Driver is not moving towards pickup location,Not Applicable,Not Applicable,Not Applicable,292,Not Applicable,0,,
2024-07-27 01:27:00,CNR7821794756,Success,CID632048,Mini,Banashankari,KR Puram,56.0,75.0,Not Applicable,Not Applicable,No,Not Applicable,302,Cash,45,3.1,4.3
2024-07-10 21:00:00,CNR8014863938,Success,CID661053,Mini,Nagarbhavi,Bellandur,238.0,75.0,Not Applicable,Not Applicable,No,Not Applicable,419,UPI,8,3.9,4.2
2024-07-10 12:36:00,CNR9413923442,Canceled by Driver,CID666846,eBike,Nagarbhavi,Majestic,,,Not Applicable,Personal & Car related issue,Not Applicable,Not Applicable,2968,Not Applicable,0,,
2024-07-11 10:38:00,CNR8429487068,Success,CID429138,Prime SUV,Hulimavu,Frazer Town,259.0,105.0,Not Applicable,Not Applicable,No,Not Applicable,363,Cash,10,3.2,4.3
2024-07-02 22:10:00,CNR8331327191,Driver Not Found,CID198752,Prime Plus,Rajajinagar,Yelahanka,,,Not Applicable,Not Applicable,Not Applicable,Not Applicable,401,Not Applicable,0,,
2024-07-30 00:53:00,CNR7175274545,Canceled by Driver,CID823395,eBike,Devanahalli,Nagarbhavi,,,Not Applicable,Personal & Car related issue,Not Applicable,Not Applicable,438,Not Applicable,0,,
2024-07-22 03:26:00,CNR1579170633,Success,CID434259,eBike,Vijayanagar,KR Puram,42.0,35.0,Not Applicable,Not Applicable,No,Not Applicable,2833,Cash,31,4.7,4.4
2024-07-17 13:02:00,CNR2743863436,Success,CID875638,Bike,Kadugodi,Rajajinagar,196.0,85.0,Not Applicable,Not Applicable,No,Not Applicable,805,Cash,31,4.4,4.3
2024-07-01 15:05:00,CNR4529539552,Success,CID225138,Mini,Rajajinagar,Sarjapur Road,175.0,35.0,Not Applicable,Not Applicable,No,Not Applicable,303,Cash,43,3.3,3.4
2024-07-05 01:01:00,CNR9374269203,Success,CID119482,Auto,Indiranagar,KR Puram,308.0,55.0,Not Applicable,Not Applicable,No,Not Applicable,2579,Cash,6,4.3,4.3
2024-07-18 06:07:00,CNR5096221566,Success,CID750829,Auto,Frazer Town,Devanahalli,238.0,45.0,Not Applicable,Not Applicable,No,Not Applicable,2030,Cash,2,4.2,3.2
2024-07-04 12:12:00,CNR6388047555,Success,CID343064,eBike,Ramamurthy Nagar,Frazer Town,112.0,110.0,Not Applicable,Not Applicable,No,Not Applicable,470,Cash,38,3.6,4.1
2024-07-09 18:49:00,CNR6131755038,Success,CID263079,Prime Plus,Bellandur,Bannerghatta Road,308.0,40.0,Not Applicable,Not Applicable,No,Not Applicable,230,Cash,15,4.9,4.1
2024-07-26 13:45:00,CNR4221605589,Success,CID958702,Prime Sedan,Banashankari,Tumkur Road,287.0,80.0,Not Applicable,Not Applicable,No,Not Applicable,352,UPI,24,4.4,4.6
2024-07-01 05:01:00,CNR8683945401,Success,CID372089,Auto,Indiranagar,RT Nagar,49.0,50.0,Not Applicable,Not Applicable,No,Not Applicable,313,Cash,12,4.8,4.3
2024-07-06 01:24:00,CNR5612834686,Driver Not Found,CID360148,Prime Plus,Koramangala,Malleshwaram,,,Not Applicable,Not Applicable,Not Applicable,Not Applicable,1292,Not Applicable,0,,
2024-07-13 17:26:00,CNR5225127969,Canceled by Customer,CID872780,Auto,BTM Layout,Marathahalli,,,Driver asked to cancel,Not Applicable,Not Applicable,Not Applicable,525,Not Applicable,0,,
2024-07-20 00:29:00,CNR6196903975,Driver Not Found,CID302461,Auto,Koramangala,Majestic,,,Not Applicable,Not Applicable,Not Applicable,Not Applicable,442,Not Applicable,0,,
2024-07-17 07:05:00,CNR2193771016,Canceled by Customer,CID376340,Prime Plus,Rajarajeshwari Nagar,Rajarajeshwari Nagar,,,Wrong Address,Not Applicable,Not Applicable,Not Applicable,311,Not Applicable,0,,
2024-07-05 19:12:00,CNR9455724810,Success,CID392943,Prime Sedan,KR Puram,Koramangala,105.0,140.0,Not Applicable,Not Applicable,No,Not Applicable,302,Cash,15,4.5,3.4
2024-07-16 12:31:00,CNR1448801141,Success,CID141193,Prime Plus,Jayanagar,Rajarajeshwari Nagar,210.0,140.0,Not Applicable,Not Applicable,No,Not Applicable,373,UPI,42,4.0,3.3
2024-07-03 05:30:00,CNR6595079152,Success,CID437498,Prime Sedan,Cox Town,Hulimavu,161.0,110.0,Not Applicable,Not Applicable,No,Not Applicable,561,UPI,37,3.2,3.7
2024-07-29 00:29:00,CNR8556781357,Success,CID837638,Prime Sedan,Cox Town,Kadugodi,175.0,120.0,Not Applicable,Not Applicable,No,Not Applicable,926,UPI,2,3.4,3.6
2024-07-06 11:01:00,CNR9114777546,Success,CID714554,Mini,HSR Layout,Whitefield,63.0,130.0,Not Applicable,Not Applicable,No,Not Applicable,354,UPI,19,3.8,3.6
2024-07-26 03:06:00,CNR1149011023,Canceled by Driver,CID583156,eBike,Richmond Town,Richmond Town,,,Not Applicable,Customer related issue,Not Applicable,Not Applicable,621,Not Applicable,0,,
2024-07-13 12:38:00,CNR7741345747,Success,CID783688,eBike,Bellandur,Shivajinagar,70.0,130.0,Not Applicable,Not Applicable,No,Not Applicable,334,Cash,36,3.8,3.6
2024-07-20 09:16:00,CNR7028340978,Canceled by Driver,CID755153,Prime SUV,Sarjapur Road,Hennur,,,Not Applicable,Customer related issue,Not Applicable,Not Applicable,931,Not Applicable,0,,
2024-07-03 08:36:00,CNR9414616486,Driver Not Found,CID635516,Bike,Banashankari,Chamarajpet,,,Not Applicable,Not Applicable,Not Applicable,Not Applicable,234,Not Applicable,0,,
2024-07-09 23:55:00,CNR9393529478,Success,CID248691,Prime Sedan,Ramamurthy Nagar,JP Nagar,238.0,30.0,Not Applicable,Not Applicable,No,Not Applicable,406,Cash,26,4.0,4.5
2024-07-08 00:59:00,CNR9057378151,Canceled by Driver,CID526944,Prime Sedan,Yelahanka,Kadugodi,,,Not Applicable,Customer was coughing/sick,Not Applicable,Not Applicable,394,Not Applicable,0,,
2024-07-17 07:21:00,CNR1535458340,Success,CID956209,eBike,Hosur Road,Padmanabhanagar,203.0,35.0,Not Applicable,Not Applicable,No,Not Applicable,389,Cash,39,3.9,4.1
2024-07-20 14:05:00,CNR7140432727,Canceled by Driver,CID898861,Bike,Tumkur Road,Koramangala,,,Not Applicable,Customer related issue,Not Applicable,Not Applicable,139,Not Applicable,0,,
2024-07-10 03:02:00,CNR9586703304,Success,CID287598,Auto,Hennur,Basavanagudi,56.0,115.0,Not Applicable,Not Applicable,No,Not Applicable,150,Cash,6,4.5,4.4
2024-07-22 14:56:00,CNR1565674385,Canceled by Customer,CID457778,eBike,Richmond Town,Marathahalli,,,Change of plans,Not Applicable,Not Applicable,Not Applicable,409,Not Applicable,0,,
2024-07-26 10:03:00,CNR2363027446,Success,CID167985,Prime Sedan,Hulimavu,Shivajinagar,56.0,100.0,Not Applicable,Not Applicable,No,Not Applicable,519,Cash,47,3.3,3.8
2024-07-02 10:02:00,CNR2205238338,Driver Not Found,CID316595,Prime Sedan,Jayanagar,Shantinagar,,,Not Applicable,Not Applicable,Not Applicable,Not Applicable,462,Not Applicable,0,,
2024-07-20 15:14:00,CNR3172427379,Canceled by Customer,CID563422,Bike,Rajarajeshwari Nagar,Kadugodi,,,Driver asked to cancel,Not Applicable,Not Applicable,Not Applicable,114,Not Applicable,0,,
2024-07-22 18:41:00,CNR7358717507,Success,CID388905,Auto,Richmond Town,Richmond Town,203.0,55.0,Not Applicable,Not Applicable,No,Not Applicable,1973,UPI,7,3.1,4.2
2024-07-10 18:00:00,CNR4800394240,Success,CID233020,Auto,Yelahanka,Chamarajpet,140.0,100.0,Not Applicable,Not Applicable,No,Not Applicable,265,UPI,15,3.6,3.4
2024-07-30 18:12:00,CNR3256492630,Canceled by Customer,CID366636,Bike,RT Nagar,Kammanahalli,,,Driver asked to cancel,Not Applicable,Not Applicable,Not Applicable,108,Not Applicable,0,,
2024-07-08 17:57:00,CNR1624191778,Success,CID100471,Bike,Nagarbhavi,Jayanagar,35.0,125.0,Not Applicable,Not Applicable,No,Not Applicable,587,Cash,12,4.9,3.1
2024-07-05 13:56:00,CNR1164138544,Success,CID350831,Mini,Kammanahalli,BTM Layout,210.0,90.0,Not Applicable,Not Applicable,No,Not Applicable,195,Cash,31,3.2,4.2
2024-07-30 04:33:00,CNR9016054425,Success,CID179764,Prime SUV,Banashankari,Shivajinagar,273.0,100.0,Not Applicable,Not Applicable,No,Not Applicable,1937,UPI,49,4.4,4.9
2024-07-26 07:02:00,CNR6602007823,Canceled by Driver,CID658544,Prime Plus,MG Road,HSR Layout,,,Not Applicable,Customer was coughing/sick,Not Applicable,Not Applicable,310,Not Applicable,0,,
2024-07-04 15:53:00,CNR2265838930,Driver Not Found,CID196714,Auto,Whitefield,HSR Layout,,,Not Applicable,Not Applicable,Not Applicable,Not Applicable,411,Not Applicable,0,,
2024-07-27 15:24:00,CNR9769537206,Driver Not Found,CID205717,Bike,Jayanagar,Tumkur Road,,,Not Applicable,Not Applicable,Not Applicable,Not Applicable,369,Not Applicable,0,,
2024-07-06 00:36:00,CNR9565355298,Success,CID327495,Auto,Magadi Road,JP Nagar,245.0,110.0,Not Applicable,Not Applicable,Yes,Vehicle Breakdown,512,UPI,1,3.6,4.1
2024-07-19 18:41:00,CNR3975960523,Success,CID107519,Prime Plus,Frazer Town,Shantinagar,63.0,60.0,Not Applicable,Not Applicable,No,Not Applicable,419,Cash,39,4.3,4.7
2024-07-19 15:56:00,CNR1803049293,Success,CID692140,eBike,Hulimavu,Nagarbhavi,119.0,50.0,Not Applicable,Not Applicable,No,Not Applicable,487,Cash,6,3.6,4.7
2024-07-12 01:43:00,CNR1185902765,Success,CID461407,Bike,Rajajinagar,Hebbal,224.0,80.0,Not Applicable,Not Applicable,Yes,Customer Demand,498,UPI,7,3.5,3.3
2024-07-22 01:58:00,CNR1838447405,Canceled by Customer,CID241848,eBike,Padmanabhanagar,Hennur,,,Change of plans,Not Applicable,Not Applicable,Not Applicable,145,Not Applicable,0,,
2024-07-25 01:11:00,CNR8171972632,Canceled by Customer,CID980071,Prime SUV,Magadi Road,Bellandur,,,Driver is not moving towards pickup location,Not Applicable,Not Applicable,Not Applicable,314,Not Applicable,0,,
2024-07-12 16:06:00,CNR2468328916,Success,CID394171,Prime SUV,Shantinagar,Yelahanka,140.0,60.0,Not Applicable,Not Applicable,No,Not Applicable,413,UPI,36,4.6,4.4
2024-07-06 11:59:00,CNR5043375577,Success,CID520372,Bike,Hebbal,Richmond Town,203.0,100.0,Not Applicable,Not Applicable,No,Not Applicable,2241,Cash,35,3.8,4.4
2024-07-30 01:46:00,CNR7479541160,Success,CID747152,Prime Plus,Shivajinagar,KR Puram,35.0,140.0,Not Applicable,Not Applicable,No,Not Applicable,859,Cash,48,4.0,3.2
2024-07-18 00:25:00,CNR2106427299,Success,CID546816,eBike,Koramangala,Indiranagar,273.0,100.0,Not Applicable,Not Applicable,No,Not Applicable,801,UPI,39,3.1,3.3
2024-07-26 05:23:00,CNR1986270741,Success,CID332203,Bike,Magadi Road,Indiranagar,224.0,55.0,Not Applicable,Not Applicable,No,Not Applicable,392,Cash,20,3.6,3.3
2024-07-25 19:07:00,CNR7981202933,Success,CID313819,Prime Plus,Hennur,Richmond Town,175.0,45.0,Not Applicable,Not Applicable,No,Not Applicable,1091,Cash,25,4.4,3.1
2024-07-27 11:03:00,CNR8666576991,Success,CID988632,eBike,Bannerghatta Road,Padmanabhanagar,189.0,95.0,Not Applicable,Not Applicable,No,Not Applicable,516,UPI,48,3.2,4.7
2024-07-05 19:46:00,CNR8545825388,Success,CID771547,Bike,Hosur Road,Ulsoor,77.0,95.0,Not Applicable,Not Applicable,No,Not Applicable,1428,UPI,47,3.6,4.2
2024-07-09 00:09:00,CNR6916128582,Success,CID990162,Prime SUV,Kadugodi,Banashankari,77.0,130.0,Not Applicable,Not Applicable,No,Not Applicable,212,UPI,49,4.6,4.4
2024-07-29 13:22:00,CNR9742499857,Success,CID697870,Auto,Indiranagar,BTM Layout,126.0,65.0,Not Applicable,Not Applicable,No,Not Applicable,720,Cash,18,3.8,4.3
2024-07-22 17:53:00,CNR8086876683,Success,CID990698,Auto,Magadi Road,Ramamurthy Nagar,273.0,50.0,Not Applicable,Not Applicable,No,Not Applicable,487,Cash,2,4.3,3.8
2024-07-21 08:57:00,CNR8761823129,Canceled by Customer,CID940094,Mini,Shivajinagar,Marathahalli,,,Driver asked to cancel,Not Applicable,Not Applicable,Not Applicable,143,Not Applicable,0,,
2024-07-23 06:27:00,CNR7727188544,Success,CID512001,Prime SUV,Majestic,Hebbal,182.0,70.0,Not Applicable,Not Applicable,No,Not Applicable,250,Cash,40,3.5,3.6
2024-07-26 11:52:00,CNR6372050036,Canceled by Driver,CID856312,Prime Plus,KR Puram,Hosur Road,,,Not Applicable,Personal & Car related issue,Not Applicable,Not Applicable,952,Not Applicable,0,,
2024-07-14 22:02:00,CNR5933904679,Success,CID324232,Prime SUV,Sarjapur Road,Bannerghatta Road,168.0,115.0,Not Applicable,Not Applicable,No,Not Applicable,1516,Cash,38,4.6,3.5
2024-07-27 08:03:00,CNR2469811621,Success,CID300393,Prime Plus,Nagarbhavi,HSR Layout,49.0,110.0,Not Applicable,Not Applicable,No,Not Applicable,479,UPI,45,3.3,4.2
2024-07-03 11:49:00,CNR6588743886,Success,CID123432,Prime SUV,Hulimavu,Kammanahalli,154.0,115.0,Not Applicable,Not Applicable,No,Not Applicable,913,UPI,44,4.8,4.6
2024-07-29 03:53:00,CNR7602308292,Canceled by Driver,CID407927,Prime Plus,Richmond Town,RT Nagar,,,Not Applicable,Personal & Car related issue,Not Applicable,Not Applicable,270,Not Applicable,0,,
2024-07-10 01:08:00,CNR6578544000,Success,CID989376,Auto,Shivajinagar,Hennur,252.0,145.0,Not Applicable,Not Applicable,No,Not Applicable,492,Cash,1,4.7,3.2
2024-07-01 16:00:00,CNR3352929476,Success,CID988395,Mini,Hosur Road,Banashankari,168.0,30.0,Not Applicable,Not Applicable,No,Not Applicable,2714,Cash,10,4.9,3.8
2024-07-08 13:04:00,CNR2683691035,Canceled by Customer,CID823756,Bike,Basavanagudi,Hebbal,,,Change of plans,Not Applicable,Not Applicable,Not Applicable,2064,Not Applicable,0,,
2024-07-15 01:12:00,CNR9598235981,Success,CID411602,Prime Plus,Peenya,Hosur Road,133.0,130.0,Not Applicable,Not Applicable,No,Not Applicable,348,Cash,4,3.4,4.1
2024-07-13 00:36:00,CNR2781529272,Canceled by Driver,CID344798,Prime SUV,Langford Town,Frazer Town,,,Not Applicable,Personal & Car related issue,Not Applicable,Not Applicable,458,Not Applicable,0,,
2024-07-17 10:30:00,CNR4043319210,Success,CID697898,Auto,Richmond Town,Nagarbhavi,189.0,95.0,Not Applicable,Not Applicable,No,Not Applicable,495,Cash,15,4.8,4.6
2024-07-03 21:59:00,CNR2734434814,Success,CID889243,Bike,Padmanabhanagar,KR Puram,168.0,50.0,Not Applicable,Not Applicable,No,Not Applicable,491,UPI,15,4.7,4.6
2024-07-30 22:50:00,CNR7895305351,Success,CID828121,Bike,Rajajinagar,Ramamurthy Nagar,126.0,90.0,Not Applicable,Not Applicable,No,Not Applicable,229,UPI,32,4.1,3.0
2024-07-24 13:46:00,CNR5425750255,Success,CID472000,Prime Sedan,KR Puram,Vijayanagar,210.0,85.0,Not Applicable,Not Applicable,No,Not Applicable,244,UPI,6,4.5,3.3
2024-07-27 11:25:00,CNR1291916305,Success,CID980488,Prime Plus,HSR Layout,Hebbal,126.0,65.0,Not Applicable,Not Applicable,No,Not Applicable,292,UPI,16,4.7,3.4
2024-07-04 00:44:00,CNR7723645587,Success,CID604441,Bike,Varthur,Hosur Road,189.0,110.0,Not Applicable,Not Applicable,No,Not Applicable,529,Credit Card,6,4.8,5.0
2024-07-16 22:04:00,CNR1222437739,Success,CID877720,eBike,Ramamurthy Nagar,Cox Town,98.0,30.0,Not Applicable,Not Applicable,No,Not Applicable,225,Cash,18,3.7,3.9
2024-07-29 07:10:00,CNR8654493149,Success,CID378028,Mini,Padmanabhanagar,Rajajinagar,231.0,55.0,Not Applicable,Not Applicable,No,Not Applicable,589,UPI,4,4.2,4.5
2024-07-11 18:33:00,CNR9931004171,Success,CID154164,Prime Plus,Vijayanagar,MG Road,35.0,100.0,Not Applicable,Not Applicable,No,Not Applicable,178,UPI,4,3.9,3.1
2024-07-04 17:16:00,CNR4606815635,Canceled by Customer,CID770180,Prime SUV,Rajarajeshwari Nagar,Malleshwaram,,,Driver asked to cancel,Not Applicable,Not Applicable,Not Applicable,324,Not Applicable,0,,
2024-07-06 04:35:00,CNR7131553342,Success,CID849004,Mini,Yeshwanthpur,Mysore Road,287.0,135.0,Not Applicable,Not Applicable,No,Not Applicable,126,Cash,18,3.2,3.6
2024-07-06 14:14:00,CNR9000049824,Success,CID793991,eBike,Jayanagar,Chamarajpet,133.0,85.0,Not Applicable,Not Applicable,No,Not Applicable,2357,Credit Card,20,3.1,4.7
2024-07-15 09:20:00,CNR6161366761,Success,CID393477,Mini,Shivajinagar,Tumkur Road,231.0,125.0,Not Applicable,Not Applicable,No,Not Applicable,957,Cash,16,4.2,4.2
2024-07-01 13:16:00,CNR2439263761,Success,CID226178,Prime Sedan,Chamarajpet,BTM Layout,98.0,60.0,Not Applicable,Not Applicable,No,Not Applicable,572,Cash,23,4.9,3.0
2024-07-20 21:04:00,CNR5607426789,Success,CID956737,Prime Plus,Kammanahalli,Varthur,238.0,45.0,Not Applicable,Not Applicable,No,Not Applicable,2139,Cash,49,4.1,3.4
2024-07-09 14:57:00,CNR1349316950,Canceled by Customer,CID823303,Auto,Chamarajpet,Hosur Road,,,AC is Not working,Not Applicable,Not Applicable,Not Applicable,1899,Not Applicable,0,,
2024-07-09 14:49:00,CNR6122755106,Success,CID123359,Prime Plus,Indiranagar,JP Nagar,189.0,140.0,Not Applicable,Not Applicable,No,Not Applicable,651,Cash,49,4.6,3.8
2024-07-19 02:16:00,CNR9078298842,Success,CID669788,eBike,Richmond Town,Chamarajpet,105.0,50.0,Not Applicable,Not Applicable,No,Not Applicable,195,UPI,21,3.0,4.8
2024-07-13 01:32:00,CNR7540746559,Success,CID848535,Prime Plus,JP Nagar,Nagarbhavi,280.0,60.0,Not Applicable,Not Applicable,No,Not Applicable,743,Cash,44,5.0,4.1
2024-07-29 17:40:00,CNR8490704291,Success,CID494385,Mini,Kengeri,Cox Town,196.0,95.0,Not Applicable,Not Applicable,No,Not Applicable,212,Cash,26,4.9,4.8
2024-07-05 16:55:00,CNR5356543517,Success,CID630711,Auto,Peenya,Shantinagar,119.0,125.0,Not Applicable,Not Applicable,No,Not Applicable,709,Cash,11,3.7,3.8
2024-07-09 06:01:00,CNR2076224258,Canceled by Customer,CID522946,Mini,Yeshwanthpur,Koramangala,,,Driver is not moving towards pickup location,Not Applicable,Not Applicable,Not Applicable,849,Not Applicable,0,,
2024-07-25 05:06:00,CNR1970178715,Canceled by Driver,CID841920,Prime Sedan,Kengeri,Banashankari,,,Not Applicable,Customer related issue,Not Applicable,Not Applicable,232,Not Applicable,0,,
2024-07-16 18:07:00,CNR1777270031,Success,CID776234,Auto,Bannerghatta Road,MG Road,56.0,55.0,Not Applicable,Not Applicable,No,Not Applicable,117,UPI,2,3.2,4.0
2024-07-11 12:10:00,CNR8843106063,Canceled by Driver,CID745192,Auto,Hulimavu,KR Puram,,,Not Applicable,Personal & Car related issue,Not Applicable,Not Applicable,467,Not Applicable,0,,
2024-07-05 16:33:00,CNR9330334069,Success,CID790535,Mini,Indiranagar,Rajajinagar,182.0,115.0,Not Applicable,Not Applicable,No,Not Applicable,961,UPI,26,3.6,3.3
2024-07-10 21:04:00,CNR9504092694,Canceled by Driver,CID663088,Prime Sedan,Bellandur,Hennur,,,Not Applicable,More than permitted people in there,Not Applicable,Not Applicable,844,Not Applicable,0,,
2024-07-25 20:59:00,CNR9046215255,Canceled by Driver,CID210502,Auto,Mysore Road,Varthur,,,Not Applicable,Personal & Car related issue,Not Applicable,Not Applicable,413,Not Applicable,0,,
2024-07-13 15:24:00,CNR5222104856,Success,CID325730,eBike,Kadugodi,Koramangala,238.0,45.0,Not Applicable,Not Applicable,No,Not Applicable,201,UPI,32,3.6,4.3
2024-07-20 14:20:00,CNR4670586724,Canceled by Customer,CID670272,Prime SUV,Shivajinagar,Peenya,,,AC is Not working,Not Applicable,Not Applicable,Not Applicable,366,Not Applicable,0,,
2024-07-18 07:35:00,CNR4219470966,Success,CID301912,Prime Sedan,Shantinagar,Bannerghatta Road,217.0,75.0,Not Applicable,Not Applicable,No,Not Applicable,717,Cash,14,3.9,3.4
2024-07-23 21:44:00,CNR6555544346,Success,CID433888,Auto,Mysore Road,Marathahalli,77.0,55.0,Not Applicable,Not Applicable,No,Not Applicable,155,UPI,1,4.6,3.9
2024-07-13 14:51:00,CNR3841453876,Success,CID749054,Prime Plus,Mysore Road,Kengeri,280.0,135.0,Not Applicable,Not Applicable,No,Not Applicable,350,Cash,29,3.9,3.8
2024-07-03 10:52:00,CNR1676135505,Success,CID485548,Bike,Banashankari,Sarjapur Road,154.0,105.0,Not Applicable,Not Applicable,No,Not Applicable,344,UPI,15,3.0,4.2
2024-07-22 06:32:00,CNR9279692917,Canceled by Driver,CID186926,Auto,Majestic,Yelahanka,,,Not Applicable,Customer related issue,Not Applicable,Not Applicable,211,Not Applicable,0,,
2024-07-21 18:10:00,CNR7925331775,Success,CID994745,Mini,Cox Town,Frazer Town,63.0,115.0,Not Applicable,Not Applicable,No,Not Applicable,215,Cash,18,3.1,3.5
2024-07-04 19:07:00,CNR7724821545,Success,CID977518,Mini,Sarjapur Road,Yelahanka,273.0,55.0,Not Applicable,Not Applicable,No,Not Applicable,349,UPI,26,3.1,3.4
2024-07-01 17:48:00,CNR7099460785,Success,CID861663,Bike,Chickpet,KR Puram,210.0,140.0,Not Applicable,Not Applicable,No,Not Applicable,449,Cash,43,4.4,3.4
2024-07-08 22:02:00,CNR1059439740,Success,CID325396,Prime Plus,Varthur,Koramangala,280.0,70.0,Not Applicable,Not Applicable,No,Not Applicable,233,Cash,48,5.0,3.6
2024-07-07 05:12:00,CNR2683100379,Success,CID758367,Prime Plus,Bannerghatta Road,Tumkur Road,133.0,145.0,Not Applicable,Not Applicable,No,Not Applicable,388,Cash,21,3.4,3.6
2024-07-30 13:42:00,CNR7105665972,Success,CID395663,Prime Plus,Mysore Road,Peenya,105.0,25.0,Not Applicable,Not Applicable,No,Not Applicable,412,UPI,38,3.3,4.2
2024-07-18 19:02:00,CNR4238977334,Success,CID320812,Auto,Rajarajeshwari Nagar,Hebbal,77.0,60.0,Not Applicable,Not Applicable,No,Not Applicable,351,Cash,13,3.0,3.5
2024-07-06 13:17:00,CNR6844086003,Success,CID280644,Prime Sedan,Nagarbhavi,Hebbal,252.0,90.0,Not Applicable,Not Applicable,No,Not Applicable,495,Cash,7,4.1,4.2
2024-07-20 05:51:00,CNR5794136149,Success,CID669208,Bike,Kammanahalli,Varthur,280.0,125.0,Not Applicable,Not Applicable,No,Not Applicable,137,UPI,30,4.4,3.3
2024-07-01 11:27:00,CNR1533623253,Success,CID350831,Auto,KR Puram,Hosur Road,154.0,70.0,Not Applicable,Not Applicable,No,Not Applicable,460,Cash,9,4.6,4.7
2024-07-18 00:12:00,CNR4658758615,Success,CID260039,Prime Plus,Chamarajpet,Kadugodi,245.0,95.0,Not Applicable,Not Applicable,No,Not Applicable,438,UPI,11,3.7,3.7
2024-07-21 09:00:00,CNR7976879860,Canceled by Driver,CID616697,Mini,Whitefield,Kammanahalli,,,Not Applicable,More than permitted people in there,Not Applicable,Not Applicable,132,Not Applicable,0,,
2024-07-22 09:29:00,CNR7536985139,Canceled by Customer,CID107273,eBike,RT Nagar,Cox Town,,,Driver is not moving towards pickup location,Not Applicable,Not Applicable,Not Applicable,1975,Not Applicable,0,,
2024-07-27 15:45:00,CNR1622436460,Success,CID219932,Prime Sedan,Chickpet,Devanahalli,84.0,90.0,Not Applicable,Not Applicable,No,Not Applicable,177,Cash,17,3.5,4.1
2024-07-08 12:51:00,CNR8476678778,Success,CID625871,Prime Plus,Rajarajeshwari Nagar,Varthur,231.0,115.0,Not Applicable,Not Applicable,No,Not Applicable,129,UPI,8,4.0,4.7
2024-07-12 00:10:00,CNR4419653254,Canceled by Driver,CID321660,Prime SUV,Malleshwaram,Hulimavu,,,Not Applicable,Personal & Car related issue,Not Applicable,Not Applicable,139,Not Applicable,0,,
2024-07-14 01:16:00,CNR9554019262,Success,CID562830,Prime Plus,Kammanahalli,Magadi Road,287.0,40.0,Not Applicable,Not Applicable,No,Not Applicable,219,Cash,27,4.9,4.8
2024-07-25 04:28:00,CNR1439173492,Canceled by Driver,CID941095,Bike,Chickpet,Sarjapur Road,,,Not Applicable,Personal & Car related issue,Not Applicable,Not Applicable,490,Not Applicable,0,,
2024-07-19 12:45:00,CNR3814628240,Success,CID339199,Bike,Whitefield,HSR Layout,308.0,135.0,Not Applicable,Not Applicable,Yes,Customer Demand,366,UPI,3,3.9,3.4
2024-07-18 12:44:00,CNR4468632161,Success,CID307932,Auto,MG Road,Malleshwaram,105.0,75.0,Not Applicable,Not Applicable,No,Not Applicable,150,Cash,17,4.5,4.4
2024-07-21 03:41:00,CNR7023594423,Success,CID284084,Prime Sedan,Sarjapur Road,Devanahalli,196.0,135.0,Not Applicable,Not Applicable,No,Not Applicable,360,Cash,10,3.9,3.3
2024-07-06 06:15:00,CNR2233009004,Canceled by Customer,CID297483,Mini,Bannerghatta Road,Marathahalli,,,AC is Not working,Not Applicable,Not Applicable,Not Applicable,678,Not Applicable,0,,
2024-07-08 11:42:00,CNR4861456640,Canceled by Driver,CID877256,Auto,Hulimavu,Ulsoor,,,Not Applicable,Customer related issue,Not Applicable,Not Applicable,687,Not Applicable,0,,
2024-07-28 01:52:00,CNR5952269148,Driver Not Found,CID364895,Bike,Chamarajpet,Jayanagar,,,Not Applicable,Not Applicable,Not Applicable,Not Applicable,339,Not Applicable,0,,
2024-07-01 01:52:00,CNR6300152398,Success,CID837527,Bike,Hosur Road,Hennur,266.0,125.0,Not Applicable,Not Applicable,No,Not Applicable,104,UPI,22,3.4,3.8
2024-07-02 06:34:00,CNR3523365738,Canceled by Driver,CID362888,Mini,Chickpet,Electronic City,,,Not Applicable,Personal & Car related issue,Not Applicable,Not Applicable,392,Not Applicable,0,,
2024-07-29 15:01:00,CNR9704431283,Driver Not Found,CID919569,Bike,Padmanabhanagar,Bellandur,,,Not Applicable,Not Applicable,Not Applicable,Not Applicable,1538,Not Applicable,0,,
2024-07-23 23:32:00,CNR8740455461,Success,CID875446,Mini,Bellandur,Rajajinagar,210.0,25.0,Not Applicable,Not Applicable,No,Not Applicable,331,Cash,47,3.6,4.7
2024-07-25 02:08:00,CNR1866756907,Success,CID413780,Prime SUV,Jayanagar,Sarjapur Road,273.0,40.0,Not Applicable,Not Applicable,No,Not Applicable,890,UPI,4,3.7,4.3
2024-07-13 14:04:00,CNR9400950982,Success,CID288820,Mini,Hebbal,Langford Town,217.0,125.0,Not Applicable,Not Applicable,No,Not Applicable,899,Cash,33,3.6,4.3
2024-07-26 16:04:00,CNR7453890204,Canceled by Driver,CID878854,Bike,Marathahalli,Sahakar Nagar,,,Not Applicable,Customer related issue,Not Applicable,Not Applicable,1535,Not Applicable,0,,
2024-07-04 00:00:00,CNR6677837197,Success,CID495813,Bike,Kengeri,Vijayanagar,294.0,125.0,Not Applicable,Not Applicable,No,Not Applicable,369,UPI,33,4.4,3.5
2024-07-29 04:47:00,CNR9221205555,Canceled by Driver,CID162374,Bike,Kadugodi,Chamarajpet,,,Not Applicable,Customer was coughing/sick,Not Applicable,Not Applicable,803,Not Applicable,0,,
2024-07-26 09:53:00,CNR3499482094,Canceled by Driver,CID981264,Prime Sedan,BTM Layout,Koramangala,,,Not Applicable,Customer was coughing/sick,Not Applicable,Not Applicable,362,Not Applicable,0,,
2024-07-22 17:33:00,CNR9115554045,Success,CID903920,Prime SUV,HSR Layout,BTM Layout,77.0,25.0,Not Applicable,Not Applicable,No,Not Applicable,932,Cash,4,4.7,3.6
2024-07-06 14:01:00,CNR7186620686,Canceled by Driver,CID804432,Prime Sedan,HSR Layout,Sahakar Nagar,,,Not Applicable,Customer related issue,Not Applicable,Not Applicable,156,Not Applicable,0,,
2024-07-18 10:46:00,CNR1400766104,Success,CID421881,Prime Sedan,Frazer Town,Bellandur,154.0,110.0,Not Applicable,Not Applicable,Yes,Vehicle Breakdown,468,Cash,41,4.7,4.0
2024-07-24 13:32:00,CNR7770635736,Success,CID598594,Prime SUV,Ulsoor,JP Nagar,287.0,145.0,Not Applicable,Not Applicable,No,Not Applicable,384,UPI,19,4.9,3.1
2024-07-20 03:52:00,CNR2150388495,Success,CID475841,Prime Sedan,Padmanabhanagar,Mysore Road,63.0,105.0,Not Applicable,Not Applicable,No,Not Applicable,820,Cash,40,4.6,4.3
2024-07-03 05:21:00,CNR4668491193,Success,CID147884,eBike,Koramangala,Yelahanka,133.0,80.0,Not Applicable,Not Applicable,No,Not Applicable,688,Cash,9,4.7,4.2
2024-07-07 06:53:00,CNR6532671218,Success,CID917205,Prime Plus,Chamarajpet,Kadugodi,168.0,50.0,Not Applicable,Not Applicable,No,Not Applicable,364,Cash,28,4.6,3.3
2024-07-23 12:13:00,CNR5581907563,Success,CID882495,Prime SUV,Hosur Road,Frazer Town,140.0,90.0,Not Applicable,Not Applicable,No,Not Applicable,472,UPI,5,4.3,4.5
2024-07-02 20:48:00,CNR7447414406,Success,CID732627,Prime Sedan,Shantinagar,Devanahalli,280.0,45.0,Not Applicable,Not Applicable,No,Not Applicable,250,Cash,15,4.9,3.3
2024-07-27 10:36:00,CNR2074184215,Canceled by Driver,CID687278,Prime Sedan,Chamarajpet,Yeshwanthpur,,,Not Applicable,Customer related issue,Not Applicable,Not Applicable,579,Not Applicable,0,,
2024-07-17 04:43:00,CNR4246750737,Success,CID733058,Prime SUV,Nagarbhavi,Bannerghatta Road,294.0,140.0,Not Applicable,Not Applicable,No,Not Applicable,662,UPI,47,4.7,4.6
2024-07-30 23:44:00,CNR6595718928,Success,CID129644,Bike,RT Nagar,Vijayanagar,203.0,45.0,Not Applicable,Not Applicable,No,Not Applicable,136,UPI,41,3.9,4.8
2024-07-15 17:19:00,CNR2779401184,Canceled by Customer,CID486278,Auto,JP Nagar,Hebbal,,,Driver asked to cancel,Not Applicable,Not Applicable,Not Applicable,385,Not Applicable,0,,
2024-07-01 18:54:00,CNR5940340006,Driver Not Found,CID954969,eBike,Tumkur Road,BTM Layout,,,Not Applicable,Not Applicable,Not Applicable,Not Applicable,234,Not Applicable,0,,
2024-07-24 22:43:00,CNR9136540786,Success,CID759524,Prime Sedan,Malleshwaram,Malleshwaram,301.0,85.0,Not Applicable,Not Applicable,Yes,Other Issue,253,UPI,34,3.8,4.7
2024-07-29 23:44:00,CNR8774071244,Success,CID898993,Prime SUV,Koramangala,Magadi Road,308.0,50.0,Not Applicable,Not Applicable,No,Not Applicable,227,Cash,46,4.9,4.1
2024-07-24 05:50:00,CNR4740070187,Driver Not Found,CID788116,Prime SUV,Langford Town,Banashankari,,,Not Applicable,Not Applicable,Not Applicable,Not Applicable,372,Not Applicable,0,,
2024-07-09 04:04:00,CNR5203859953,Success,CID450376,Prime Sedan,Majestic,Basavanagudi,168.0,135.0,Not Applicable,Not Applicable,No,Not Applicable,444,Cash,45,4.1,3.9
2024-07-08 20:04:00,CNR7928006211,Canceled by Driver,CID361348,eBike,Indiranagar,KR Puram,,,Not Applicable,More than permitted people in there,Not Applicable,Not Applicable,495,Not Applicable,0,,
2024-07-17 16:15:00,CNR6637321187,Driver Not Found,CID601542,Mini,Langford Town,Shivajinagar,,,Not Applicable,Not Applicable,Not Applicable,Not Applicable,920,Not Applicable,0,,
2024-07-11 11:44:00,CNR2796181714,Success,CID692225,Auto,Whitefield,Shivajinagar,245.0,75.0,Not Applicable,Not Applicable,No,Not Applicable,1172,UPI,16,3.1,3.8
2024-07-15 07:18:00,CNR2444300237,Canceled by Driver,CID681983,Bike,Basavanagudi,Hosur Road,,,Not Applicable,More than permitted people in there,Not Applicable,Not Applicable,535,Not Applicable,0,,
2024-07-05 20:35:00,CNR4459299788,Canceled by Driver,CID625057,eBike,Tumkur Road,Marathahalli,,,Not Applicable,Personal & Car related issue,Not Applicable,Not Applicable,740,Not Applicable,0,,
2024-07-01 22:21:00,CNR8533851959,Driver Not Found,CID655548,Prime Plus,Banashankari,Kadugodi,,,Not Applicable,Not Applicable,Not Applicable,Not Applicable,466,Not Applicable,0,,
2024-07-15 13:04:00,CNR5224010275,Success,CID947782,Prime Plus,Mysore Road,Banashankari,238.0,110.0,Not Applicable,Not Applicable,No,Not Applicable,479,Cash,7,3.6,3.3
2024-07-13 18:02:00,CNR8536075695,Canceled by Customer,CID270820,Prime SUV,Banashankari,MG Road,,,Wrong Address,Not Applicable,Not Applicable,Not Applicable,164,Not Applicable,0,,
2024-07-29 04:26:00,CNR2008940164,Success,CID407496,Prime Plus,Malleshwaram,Malleshwaram,189.0,130.0,Not Applicable,Not Applicable,No,Not Applicable,377,UPI,26,3.7,3.0
2024-07-20 22:10:00,CNR8794247848,Success,CID719932,eBike,Majestic,Shivajinagar,189.0,105.0,Not Applicable,Not Applicable,No,Not Applicable,128,Cash,14,3.1,3.2
2024-07-17 16:38:00,CNR4161184773,Canceled by Driver,CID696658,eBike,Ulsoor,Ramamurthy Nagar,,,Not Applicable,Personal & Car related issue,Not Applicable,Not Applicable,348,Not Applicable,0,,
2024-07-24 16:06:00,CNR5867424901,Success,CID406153,eBike,Chickpet,Devanahalli,84.0,105.0,Not Applicable,Not Applicable,No,Not Applicable,281,UPI,38,3.9,4.6
2024-07-13 04:11:00,CNR6415832690,Canceled by Customer,CID155236,eBike,Marathahalli,Rajarajeshwari Nagar,,,Driver is not moving towards pickup location,Not Applicable,Not Applicable,Not Applicable,173,Not Applicable,0,,
2024-07-17 06:33:00,CNR7682229640,Success,CID102011,Prime Plus,Ramamurthy Nagar,Marathahalli,217.0,110.0,Not Applicable,Not Applicable,No,Not Applicable,954,Cash,16,4.5,5.0
2024-07-16 16:10:00,CNR1653124228,Success,CID742057,Prime Plus,Sahakar Nagar,Hosur Road,245.0,90.0,Not Applicable,Not Applicable,No,Not Applicable,2626,Cash,28,3.4,5.0
2024-07-21 05:53:00,CNR1880198726,Success,CID975017,Prime Plus,Hulimavu,Yeshwanthpur,294.0,80.0,Not Applicable,Not Applicable,No,Not Applicable,361,Cash,14,4.6,3.8
2024-07-04 07:45:00,CNR3060468168,Success,CID477149,Prime SUV,Devanahalli,Sarjapur Road,301.0,135.0,Not Applicable,Not Applicable,No,Not Applicable,474,UPI,37,3.5,4.8
2024-07-20 10:43:00,CNR1985363128,Canceled by Driver,CID647346,Prime Plus,Rajajinagar,Magadi Road,,,Not Applicable,Personal & Car related issue,Not Applicable,Not Applicable,104,Not Applicable,0,,
2024-07-24 12:22:00,CNR4339298471,Success,CID812226,eBike,Hennur,Frazer Town,42.0,70.0,Not Applicable,Not Applicable,No,Not Applicable,251,Cash,15,4.0,4.1
2024-07-13 19:56:00,CNR7286395284,Success,CID147988,Auto,Jayanagar,Frazer Town,126.0,45.0,Not Applicable,Not Applicable,No,Not Applicable,301,Cash,3,4.6,3.4
2024-07-15 00:57:00,CNR4885824534,Canceled by Customer,CID306798,Prime Sedan,Rajajinagar,Koramangala,,,Wrong Address,Not Applicable,Not Applicable,Not Applicable,318,Not Applicable,0,,
2024-07-21 14:22:00,CNR5193442076,Driver Not Found,CID264526,Prime Plus,Sarjapur Road,KR Puram,,,Not Applicable,Not Applicable,Not Applicable,Not Applicable,692,Not Applicable,0,,
2024-07-25 03:14:00,CNR5025252262,Canceled by Driver,CID630583,Mini,Ramamurthy Nagar,BTM Layout,,,Not Applicable,Customer related issue,Not Applicable,Not Applicable,262,Not Applicable,0,,
2024-07-23 05:09:00,CNR5436631998,Canceled by Driver,CID253383,eBike,Sahakar Nagar,Magadi Road,,,Not Applicable,Personal & Car related issue,Not Applicable,Not Applicable,761,Not Applicable,0,,
2024-07-09 12:52:00,CNR7609891158,Success,CID860969,eBike,Peenya,Frazer Town,182.0,70.0,Not Applicable,Not Applicable,No,Not Applicable,375,Cash,29,4.6,4.5
2024-07-23 09:41:00,CNR4479513624,Success,CID591729,Bike,Indiranagar,HSR Layout,168.0,135.0,Not Applicable,Not Applicable,No,Not Applicable,349,UPI,36,3.2,3.2
2024-07-09 11:00:00,CNR9511386296,Success,CID629347,Prime Plus,BTM Layout,Nagarbhavi,91.0,120.0,Not Applicable,Not Applicable,No,Not Applicable,167,Cash,36,3.2,4.2
2024-07-19 05:45:00,CNR8741678636,Success,CID741000,Prime Sedan,HSR Layout,Sahakar Nagar,308.0,80.0,Not Applicable,Not Applicable,Yes,Vehicle Breakdown,191,UPI,45,3.5,4.8
2024-07-17 23:59:00,CNR2468556500,Driver Not Found,CID425228,Bike,Frazer Town,Bannerghatta Road,,,Not Applicable,Not Applicable,Not Applicable,Not Applicable,487,Not Applicable,0,,
2024-07-21 21:03:00,CNR4483001210,Success,CID567023,Prime SUV,KR Puram,Kammanahalli,175.0,140.0,Not Applicable,Not Applicable,No,Not Applicable,851,Cash,27,4.0,4.9
2024-07-24 19:18:00,CNR2227251972,Success,CID560643,Mini,Banashankari,Padmanabhanagar,287.0,140.0,Not Applicable,Not Applicable,No,Not Applicable,127,UPI,28,4.8,3.5
2024-07-01 23:35:00,CNR4893810837,Success,CID327674,eBike,BTM Layout,Kengeri,56.0,40.0,Not Applicable,Not Applicable,No,Not Applicable,200,Cash,31,3.9,4.5
2024-07-30 20:51:00,CNR8097812404,Success,CID569951,Bike,Kadugodi,Sahakar Nagar,182.0,40.0,Not Applicable,Not Applicable,No,Not Applicable,711,UPI,32,4.5,4.7
2024-07-08 08:34:00,CNR1733173265,Canceled by Customer,CID849843,Mini,Chickpet,Nagarbhavi,,,Driver asked to cancel,Not Applicable,Not Applicable,Not Applicable,2364,Not Applicable,0,,
2024-07-16 10:55:00,CNR7719453096,Canceled by Driver,CID837141,Prime Plus,Hebbal,RT Nagar,,,Not Applicable,More than permitted people in there,Not Applicable,Not Applicable,381,Not Applicable,0,,
2024-07-29 00:12:00,CNR1189931191,Success,CID794349,Mini,Kammanahalli,Devanahalli,224.0,75.0,Not Applicable,Not Applicable,No,Not Applicable,2379,Credit Card,9,4.9,4.9
2024-07-15 10:48:00,CNR4418721730,Success,CID247125,Prime SUV,HSR Layout,Kammanahalli,84.0,95.0,Not Applicable,Not Applicable,Yes,Vehicle Breakdown,165,UPI,14,3.2,3.8
2024-07-10 09:28:00,CNR6565168575,Success,CID600437,Mini,Nagarbhavi,Malleshwaram,140.0,40.0,Not Applicable,Not Applicable,Yes,Vehicle Breakdown,2711,UPI,9,3.4,3.2
2024-07-25 11:10:00,CNR1137138563,Success,CID145575,Auto,Frazer Town,Shantinagar,287.0,115.0,Not Applicable,Not Applicable,No,Not Applicable,675,Cash,10,3.6,4.7
2024-07-19 02:29:00,CNR7332819819,Success,CID705629,Auto,Rajajinagar,Malleshwaram,231.0,70.0,Not Applicable,Not Applicable,No,Not Applicable,447,Cash,15,4.7,3.9
2024-07-19 06:25:00,CNR3932524684,Success,CID654380,Prime SUV,Electronic City,Yelahanka,98.0,90.0,Not Applicable,Not Applicable,No,Not Applicable,317,Cash,4,3.5,4.5
2024-07-05 03:59:00,CNR6784936844,Canceled by Driver,CID360415,Mini,Sarjapur Road,BTM Layout,,,Not Applicable,Personal & Car related issue,Not Applicable,Not Applicable,125,Not Applicable,0,,
2024-07-10 22:01:00,CNR9569807747,Canceled by Driver,CID652143,eBike,Whitefield,Bellandur,,,Not Applicable,More than permitted people in there,Not Applicable,Not Applicable,2405,Not Applicable,0,,
2024-07-25 07:46:00,CNR6226208347,Success,CID797149,eBike,Ramamurthy Nagar,Bellandur,161.0,115.0,Not Applicable,Not Applicable,No,Not Applicable,264,Cash,31,3.3,4.4
2024-07-30 19:17:00,CNR2157872242,Canceled by Customer,CID932618,Mini,Frazer Town,Ramamurthy Nagar,,,Driver is not moving towards pickup location,Not Applicable,Not Applicable,Not Applicable,699,Not Applicable,0,,
2024-07-11 18:59:00,CNR1138544859,Success,CID657183,eBike,Indiranagar,Devanahalli,105.0,145.0,Not Applicable,Not Applicable,No,Not Applicable,666,Cash,45,3.1,3.9
2024-07-06 09:35:00,CNR4072202382,Success,CID906600,Prime Sedan,Ulsoor,Cox Town,91.0,30.0,Not Applicable,Not Applicable,No,Not Applicable,208,Cash,28,4.5,3.7
2024-07-21 08:55:00,CNR3873047582,Canceled by Customer,CID239234,Prime Plus,Basavanagudi,Kammanahalli,,,Driver is not moving towards pickup location,Not Applicable,Not Applicable,Not Applicable,1694,Not Applicable,0,,
2024-07-09 22:45:00,CNR7986151192,Canceled by Driver,CID552800,Prime Sedan,Banashankari,Bannerghatta Road,,,Not Applicable,More than permitted people in there,Not Applicable,Not Applicable,249,Not Applicable,0,,
2024-07-26 00:16:00,CNR1680553075,Driver Not Found,CID469677,Bike,Koramangala,Varthur,,,Not Applicable,Not Applicable,Not Applicable,Not Applicable,210,Not Applicable,0,,
2024-07-09 07:14:00,CNR4423207111,Success,CID736679,Bike,Kammanahalli,Richmond Town,231.0,130.0,Not Applicable,Not Applicable,No,Not Applicable,449,Credit Card,39,4.0,4.2
2024-07-22 06:29:00,CNR2580134525,Success,CID188391,Prime Plus,Ramamurthy Nagar,BTM Layout,280.0,105.0,Not Applicable,Not Applicable,No,Not Applicable,393,Cash,25,4.2,4.2
2024-07-27 22:49:00,CNR6850824842,Success,CID181201,eBike,Bellandur,Vijayanagar,189.0,60.0,Not Applicable,Not Applicable,No,Not Applicable,642,UPI,46,4.7,4.6
2024-07-14 22:49:00,CNR7823967156,Success,CID404247,Prime Sedan,Yeshwanthpur,Electronic City,294.0,70.0,Not Applicable,Not Applicable,No,Not Applicable,550,UPI,46,3.3,3.8
2024-07-25 17:19:00,CNR5449481866,Canceled by Customer,CID749458,Prime SUV,Indiranagar,Rajajinagar,,,Driver is not moving towards pickup location,Not Applicable,Not Applicable,Not Applicable,113,Not Applicable,0,,
2024-07-11 21:17:00,CNR7655733283,Success,CID175588,Auto,Hennur,Frazer Town,168.0,85.0,Not Applicable,Not Applicable,No,Not Applicable,885,Cash,4,3.8,4.7
2024-07-19 17:20:00,CNR1744563341,Canceled by Driver,CID702630,Prime Sedan,Hennur,Varthur,,,Not Applicable,More than permitted people in there,Not Applicable,Not Applicable,580,Not Applicable,0,,
2024-07-13 10:44:00,CNR2492253499,Success,CID881794,eBike,Shivajinagar,Chamarajpet,56.0,30.0,Not Applicable,Not Applicable,No,Not Applicable,265,UPI,33,4.7,4.4
2024-07-14 00:58:00,CNR4676735333,Success,CID314050,Prime Plus,Tumkur Road,Kammanahalli,91.0,145.0,Not Applicable,Not Applicable,No,Not Applicable,217,UPI,16,4.1,3.4
2024-07-10 00:15:00,CNR1916520798,Success,CID555397,Prime Sedan,JP Nagar,Vijayanagar,133.0,65.0,Not Applicable,Not Applicable,No,Not Applicable,219,Credit Card,42,4.3,3.8
2024-07-29 11:34:00,CNR7403593469,Canceled by Driver,CID110896,Mini,Kadugodi,Ulsoor,,,Not Applicable,Customer related issue,Not Applicable,Not Applicable,160,Not Applicable,0,,
2024-07-11 19:43:00,CNR2747878054,Canceled by Driver,CID892586,Auto,Jayanagar,Cox Town,,,Not Applicable,Personal & Car related issue,Not Applicable,Not Applicable,379,Not Applicable,0,,
2024-07-01 02:38:00,CNR7393291403,Success,CID118593,Prime Plus,Varthur,JP Nagar,301.0,120.0,Not Applicable,Not Applicable,No,Not Applicable,642,Cash,20,4.9,3.7
2024-07-18 01:17:00,CNR7986076682,Success,CID750162,Prime Sedan,Devanahalli,Yelahanka,175.0,80.0,Not Applicable,Not Applicable,No,Not Applicable,304,UPI,46,4.3,3.6
2024-07-12 02:00:00,CNR8848054978,Success,CID839423,eBike,Electronic City,Padmanabhanagar,182.0,145.0,Not Applicable,Not Applicable,No,Not Applicable,200,Cash,41,4.5,3.7
2024-07-03 13:51:00,CNR3278587017,Success,CID601847,Bike,Majestic,RT Nagar,147.0,85.0,Not Applicable,Not Applicable,No,Not Applicable,261,UPI,26,3.8,4.7
2024-07-27 12:56:00,CNR2567248746,Driver Not Found,CID633707,eBike,Peenya,Kadugodi,,,Not Applicable,Not Applicable,Not Applicable,Not Applicable,454,Not Applicable,0,,
2024-07-11 20:43:00,CNR1322588739,Driver Not Found,CID848692,Mini,Shantinagar,Kengeri,,,Not Applicable,Not Applicable,Not Applicable,Not Applicable,478,Not Applicable,0,,
2024-07-02 16:56:00,CNR4742490948,Success,CID283483,Bike,Jayanagar,Mysore Road,196.0,30.0,Not Applicable,Not Applicable,No,Not Applicable,183,UPI,32,4.3,4.7
2024-07-11 10:17:00,CNR1587547935,Success,CID343188,Auto,Mysore Road,Whitefield,98.0,135.0,Not Applicable,Not Applicable,No,Not Applicable,212,Cash,10,4.6,3.4
2024-07-25 14:25:00,CNR9940533591,Success,CID307852,Mini,Nagarbhavi,Sahakar Nagar,91.0,140.0,Not Applicable,Not Applicable,Yes,Other Issue,499,Cash,21,4.1,3.6
2024-07-06 00:53:00,CNR7477578243,Success,CID475705,Prime SUV,Majestic,Tumkur Road,196.0,90.0,Not Applicable,Not Applicable,No,Not Applicable,351,Cash,32,3.0,3.5
2024-07-30 13:42:00,CNR8597635593,Driver Not Found,CID426237,eBike,Chickpet,Rajarajeshwari Nagar,,,Not Applicable,Not Applicable,Not Applicable,Not Applicable,624,Not Applicable,0,,
2024-07-21 03:04:00,CNR7724933616,Success,CID717174,Auto,Bellandur,Hosur Road,210.0,90.0,Not Applicable,Not Applicable,No,Not Applicable,525,UPI,2,4.0,3.6
2024-07-08 16:13:00,CNR5687202550,Success,CID778177,Prime Plus,Ulsoor,Shantinagar,224.0,60.0,Not Applicable,Not Applicable,No,Not Applicable,370,Cash,40,4.8,4.6
2024-07-20 12:22:00,CNR9525325010,Canceled by Driver,CID161359,Auto,Malleshwaram,Majestic,,,Not Applicable,Customer related issue,Not Applicable,Not Applicable,237,Not Applicable,0,,
2024-07-09 17:58:00,CNR1798013544,Success,CID195992,Mini,Hennur,MG Road,196.0,100.0,Not Applicable,Not Applicable,No,Not Applicable,331,UPI,25,3.2,5.0
2024-07-08 15:49:00,CNR3194419472,Canceled by Driver,CID164857,Prime Sedan,Devanahalli,Banashankari,,,Not Applicable,Personal & Car related issue,Not Applicable,Not Applicable,415,Not Applicable,0,,
2024-07-17 12:19:00,CNR9974802082,Canceled by Driver,CID858786,eBike,Yelahanka,Rajajinagar,,,Not Applicable,Customer was coughing/sick,Not Applicable,Not Applicable,172,Not Applicable,0,,
2024-07-09 12:35:00,CNR4706031246,Success,CID563204,Mini,Chamarajpet,Yelahanka,245.0,120.0,Not Applicable,Not Applicable,No,Not Applicable,753,UPI,27,3.9,4.5
2024-07-10 18:24:00,CNR2956571066,Canceled by Driver,CID825832,Prime Plus,Sarjapur Road,Peenya,,,Not Applicable,Customer related issue,Not Applicable,Not Applicable,577,Not Applicable,0,,
2024-07-13 17:56:00,CNR4084254300,Canceled by Driver,CID622600,eBike,Indiranagar,Ramamurthy Nagar,,,Not Applicable,Customer related issue,Not Applicable,Not Applicable,196,Not Applicable,0,,
2024-07-23 22:17:00,CNR3451376293,Success,CID791990,Prime SUV,Tumkur Road,Yeshwanthpur,154.0,90.0,Not Applicable,Not Applicable,No,Not Applicable,201,UPI,21,3.5,4.9
2024-07-07 13:12:00,CNR7332240902,Success,CID560671,Mini,Magadi Road,Hennur,217.0,25.0,Not Applicable,Not Applicable,No,Not Applicable,262,UPI,38,3.6,3.6
2024-07-16 02:12:00,CNR6016734559,Canceled by Customer,CID551880,Auto,Bellandur,Bellandur,,,Driver is not moving towards pickup location,Not Applicable,Not Applicable,Not Applicable,392,Not Applicable,0,,
2024-07-29 00:38:00,CNR3341949039,Canceled by Customer,CID597646,Prime Sedan,Sarjapur Road,RT Nagar,,,Change of plans,Not Applicable,Not Applicable,Not Applicable,280,Not Applicable,0,,
2024-07-14 02:43:00,CNR4189465206,Success,CID336650,Prime Plus,Jayanagar,Rajarajeshwari Nagar,287.0,40.0,Not Applicable,Not Applicable,No,Not Applicable,773,UPI,42,5.0,4.3
2024-07-19 01:43:00,CNR2527916176,Canceled by Driver,CID522617,Prime SUV,Majestic,Sarjapur Road,,,Not Applicable,Personal & Car related issue,Not Applicable,Not Applicable,349,Not Applicable,0,,
2024-07-01 23:40:00,CNR6231894675,Success,CID578543,Prime Plus,Jayanagar,Devanahalli,49.0,130.0,Not Applicable,Not Applicable,No,Not Applicable,225,UPI,19,4.5,3.5
2024-07-21 19:06:00,CNR1835035636,Canceled by Driver,CID741093,Bike,Koramangala,Marathahalli,,,Not Applicable,Personal & Car related issue,Not Applicable,Not Applicable,331,Not Applicable,0,,
2024-07-30 12:40:00,CNR7962675719,Success,CID729588,Prime Sedan,Majestic,Bellandur,56.0,125.0,Not Applicable,Not Applicable,No,Not Applicable,498,Cash,34,4.2,3.7
2024-07-11 14:44:00,CNR9000613940,Success,CID327346,Prime Plus,Ramamurthy Nagar,Sahakar Nagar,147.0,35.0,Not Applicable,Not Applicable,No,Not Applicable,162,Cash,13,3.4,4.4
2024-07-21 00:04:00,CNR3593876618,Success,CID620282,Auto,Hebbal,Tumkur Road,259.0,35.0,Not Applicable,Not Applicable,No,Not Applicable,188,UPI,13,3.6,4.9
2024-07-26 16:08:00,CNR6277183370,Driver Not Found,CID851163,Auto,Yelahanka,Shantinagar,,,Not Applicable,Not Applicable,Not Applicable,Not Applicable,235,Not Applicable,0,,
2024-07-09 12:25:00,CNR6685679536,Canceled by Driver,CID621525,Prime SUV,Kengeri,Hennur,,,Not Applicable,Customer related issue,Not Applicable,Not Applicable,398,Not Applicable,0,,
2024-07-08 11:50:00,CNR8113749673,Success,CID150842,Prime SUV,JP Nagar,Tumkur Road,217.0,35.0,Not Applicable,Not Applicable,No,Not Applicable,708,Cash,17,4.0,4.4
2024-07-25 14:51:00,CNR5387232161,Success,CID188416,Prime Sedan,Hennur,Malleshwaram,189.0,45.0,Not Applicable,Not Applicable,No,Not Applicable,172,UPI,3,3.5,4.5
2024-07-26 10:48:00,CNR8980582404,Canceled by Driver,CID549604,Mini,Rajarajeshwari Nagar,Marathahalli,,,Not Applicable,Customer related issue,Not Applicable,Not Applicable,134,Not Applicable,0,,
2024-07-27 16:17:00,CNR4550089645,Canceled by Driver,CID428634,eBike,Kammanahalli,Whitefield,,,Not Applicable,Personal & Car related issue,Not Applicable,Not Applicable,1256,Not Applicable,0,,
2024-07-25 16:22:00,CNR7850772989,Canceled by Driver,CID473811,Prime SUV,Whitefield,Richmond Town,,,Not Applicable,Customer related issue,Not Applicable,Not Applicable,360,Not Applicable,0,,
2024-07-04 22:19:00,CNR8531426614,Canceled by Driver,CID601637,eBike,Cox Town,Peenya,,,Not Applicable,Personal & Car related issue,Not Applicable,Not Applicable,2844,Not Applicable,0,,
2024-07-14 07:32:00,CNR8651325308,Driver Not Found,CID912761,Prime Plus,Hosur Road,JP Nagar,,,Not Applicable,Not Applicable,Not Applicable,Not Applicable,652,Not Applicable,0,,
2024-07-02 09:40:00,CNR5271802199,Success,CID340424,Auto,Ulsoor,Shivajinagar,273.0,50.0,Not Applicable,Not Applicable,No,Not Applicable,733,UPI,18,3.4,3.5
2024-07-23 19:20:00,CNR2803769728,Canceled by Driver,CID568431,Prime SUV,Indiranagar,Frazer Town,,,Not Applicable,Customer related issue,Not Applicable,Not Applicable,162,Not Applicable,0,,
2024-07-19 19:32:00,CNR8295732148,Canceled by Driver,CID853619,Prime Plus,Rajajinagar,JP Nagar,,,Not Applicable,Personal & Car related issue,Not Applicable,Not Applicable,255,Not Applicable,0,,
2024-07-12 11:06:00,CNR1839583859,Success,CID734578,Bike,Majestic,Hulimavu,308.0,105.0,Not Applicable,Not Applicable,No,Not Applicable,848,UPI,18,3.7,3.7
2024-07-12 10:28:00,CNR7050112983,Success,CID368757,Prime Sedan,Peenya,Bannerghatta Road,56.0,30.0,Not Applicable,Not Applicable,No,Not Applicable,107,Cash,7,4.9,4.1
2024-07-21 06:21:00,CNR7236065033,Success,CID739237,Prime SUV,Shivajinagar,Mysore Road,217.0,100.0,Not Applicable,Not Applicable,No,Not Applicable,476,UPI,38,3.8,3.2
2024-07-03 19:06:00,CNR7327745087,Success,CID484043,Prime Plus,Shivajinagar,Shivajinagar,56.0,45.0,Not Applicable,Not Applicable,No,Not Applicable,176,UPI,24,3.8,5.0
2024-07-22 05:23:00,CNR7403605493,Canceled by Driver,CID141402,Prime Plus,HSR Layout,Nagarbhavi,,,Not Applicable,Customer was coughing/sick,Not Applicable,Not Applicable,773,Not Applicable,0,,
2024-07-04 03:09:00,CNR4263576336,Canceled by Customer,CID621016,Bike,Magadi Road,Indiranagar,,,Driver is not moving towards pickup location,Not Applicable,Not Applicable,Not Applicable,328,Not Applicable,0,,
2024-07-30 08:03:00,CNR4095656560,Success,CID882239,Prime Sedan,Chickpet,Yeshwanthpur,140.0,100.0,Not Applicable,Not Applicable,No,Not Applicable,750,UPI,13,4.3,3.8
2024-07-03 10:04:00,CNR9142929534,Driver Not Found,CID693797,Bike,Rajarajeshwari Nagar,Hebbal,,,Not Applicable,Not Applicable,Not Applicable,Not Applicable,184,Not Applicable,0,,
2024-07-10 02:30:00,CNR6271384825,Success,CID591597,Prime Plus,Nagarbhavi,Basavanagudi,308.0,75.0,Not Applicable,Not Applicable,No,Not Applicable,304,UPI,40,4.8,3.1
2024-07-27 00:55:00,CNR3659315292,Success,CID428210,Prime Plus,Mysore Road,Yeshwanthpur,63.0,90.0,Not Applicable,Not Applicable,No,Not Applicable,255,Cash,36,3.6,4.4
2024-07-04 14:32:00,CNR2432842339,Success,CID376911,Prime SUV,Shantinagar,Varthur,70.0,65.0,Not Applicable,Not Applicable,Yes,Vehicle Breakdown,271,Cash,25,4.5,3.5
2024-07-01 02:54:00,CNR4117122373,Canceled by Customer,CID201357,Auto,Cox Town,Vijayanagar,,,Change of plans,Not Applicable,Not Applicable,Not Applicable,436,Not Applicable,0,,
2024-07-01 00:16:00,CNR3070640855,Success,CID911027,Prime Sedan,Kammanahalli,Frazer Town,70.0,145.0,Not Applicable,Not Applicable,No,Not Applicable,313,Cash,24,4.3,4.4
2024-07-07 18:36:00,CNR8185097717,Canceled by Customer,CID446653,Auto,BTM Layout,Kadugodi,,,Change of plans,Not Applicable,Not Applicable,Not Applicable,594,Not Applicable,0,,
2024-07-11 07:29:00,CNR1409034117,Driver Not Found,CID910414,Mini,Frazer Town,Majestic,,,Not Applicable,Not Applicable,Not Applicable,Not Applicable,597,Not Applicable,0,,
2024-07-20 08:06:00,CNR5052912133,Driver Not Found,CID358552,Prime Sedan,Hosur Road,Bannerghatta Road,,,Not Applicable,Not Applicable,Not Applicable,Not Applicable,460,Not Applicable,0,,
2024-07-10 17:38:00,CNR6795548794,Canceled by Customer,CID252322,eBike,Peenya,Sahakar Nagar,,,Driver is not moving towards pickup location,Not Applicable,Not Applicable,Not Applicable,472,Not Applicable,0,,
2024-07-03 19:41:00,CNR9170214911,Success,CID196532,Prime SUV,Rajarajeshwari Nagar,Rajajinagar,133.0,100.0,Not Applicable,Not Applicable,No,Not Applicable,203,UPI,36,4.0,4.0
2024-07-13 00:06:00,CNR9465292423,Success,CID171507,Prime Sedan,Bellandur,Sahakar Nagar,196.0,135.0,Not Applicable,Not Applicable,Yes,Vehicle Breakdown,275,UPI,45,3.7,4.8
2024-07-15 12:52:00,CNR2540494854,Success,CID994547,Prime Plus,Whitefield,Indiranagar,182.0,130.0,Not Applicable,Not Applicable,No,Not Applicable,246,Cash,17,4.0,3.2
2024-07-03 16:01:00,CNR6936629621,Success,CID656938,Prime Sedan,Chickpet,Hulimavu,238.0,125.0,Not Applicable,Not Applicable,No,Not Applicable,878,Cash,28,4.9,4.6
2024-07-22 17:45:00,CNR3871976148,Success,CID683645,eBike,Bannerghatta Road,MG Road,259.0,85.0,Not Applicable,Not Applicable,No,Not Applicable,1158,UPI,36,4.5,3.5
2024-07-13 22:56:00,CNR1748915859,Canceled by Driver,CID299800,Prime Sedan,Nagarbhavi,Bellandur,,,Not Applicable,Personal & Car related issue,Not Applicable,Not Applicable,155,Not Applicable,0,,
2024-07-06 06:22:00,CNR1174639371,Success,CID446886,Prime Plus,Hosur Road,Kadugodi,301.0,125.0,Not Applicable,Not Applicable,No,Not Applicable,177,Cash,12,4.1,3.4
2024-07-24 07:04:00,CNR9000681908,Success,CID339476,Prime Sedan,Ulsoor,Frazer Town,175.0,80.0,Not Applicable,Not Applicable,Yes,Vehicle Breakdown,133,Cash,34,4.1,3.2
2024-07-13 18:10:00,CNR1694947203,Success,CID516321,Bike,BTM Layout,Marathahalli,140.0,130.0,Not Applicable,Not Applicable,No,Not Applicable,797,UPI,6,3.0,5.0
2024-07-05 11:58:00,CNR4280584165,Success,CID534283,Auto,JP Nagar,Malleshwaram,154.0,25.0,Not Applicable,Not Applicable,No,Not Applicable,592,UPI,6,3.1,3.8
2024-07-04 08:23:00,CNR2169652551,Success,CID812982,Mini,Majestic,Kengeri,161.0,65.0,Not Applicable,Not Applicable,No,Not Applicable,998,UPI,18,4.1,3.6
2024-07-11 16:35:00,CNR5460586050,Canceled by Driver,CID921498,Prime SUV,Devanahalli,Yeshwanthpur,,,Not Applicable,More than permitted people in there,Not Applicable,Not Applicable,1003,Not Applicable,0,,
2024-07-11 04:51:00,CNR1426914378,Success,CID278610,Auto,Devanahalli,Varthur,252.0,75.0,Not Applicable,Not Applicable,No,Not Applicable,394,UPI,1,4.5,3.5
2024-07-12 08:28:00,CNR8840850687,Success,CID274266,Prime Sedan,Marathahalli,Varthur,273.0,130.0,Not Applicable,Not Applicable,No,Not Applicable,105,UPI,26,3.8,4.3
2024-07-30 02:44:00,CNR5108603343,Success,CID426302,Prime Plus,Kengeri,Peenya,294.0,125.0,Not Applicable,Not Applicable,No,Not Applicable,226,UPI,20,4.8,4.6
2024-07-21 20:16:00,CNR6772777491,Success,CID259981,Auto,HSR Layout,Tumkur Road,91.0,120.0,Not Applicable,Not Applicable,No,Not Applicable,438,Credit Card,9,4.9,4.5
2024-07-30 09:10:00,CNR5709477099,Success,CID385480,Bike,Sarjapur Road,RT Nagar,154.0,25.0,Not Applicable,Not Applicable,No,Not Applicable,543,Cash,4,4.9,4.4
2024-07-29 08:08:00,CNR4827113953,Canceled by Driver,CID145580,Prime SUV,Banashankari,Hebbal,,,Not Applicable,Customer related issue,Not Applicable,Not Applicable,270,Not Applicable,0,,
2024-07-23 15:29:00,CNR9875932350,Success,CID876450,eBike,Nagarbhavi,Magadi Road,210.0,140.0,Not Applicable,Not Applicable,No,Not Applicable,405,UPI,39,4.2,3.3
2024-07-16 00:38:00,CNR6488269839,Canceled by Driver,CID322245,Mini,Kammanahalli,Hulimavu,,,Not Applicable,Personal & Car related issue,Not Applicable,Not Applicable,974,Not Applicable,0,,
2024-07-24 00:45:00,CNR8954971340,Success,CID833974,Bike,HSR Layout,Whitefield,49.0,125.0,Not Applicable,Not Applicable,No,Not Applicable,246,Cash,35,4.1,3.5
2024-07-11 19:43:00,CNR5361101889,Canceled by Customer,CID325286,Bike,Bellandur,RT Nagar,,,Driver asked to cancel,Not Applicable,Not Applicable,Not Applicable,253,Not Applicable,0,,
2024-07-28 03:31:00,CNR5922333510,Success,CID344326,Mini,Vijayanagar,Cox Town,280.0,105.0,Not Applicable,Not Applicable,No,Not Applicable,811,UPI,44,4.2,4.9
2024-07-24 08:29:00,CNR9225711460,Canceled by Driver,CID646320,Prime SUV,MG Road,Ramamurthy Nagar,,,Not Applicable,Customer related issue,Not Applicable,Not Applicable,225,Not Applicable,0,,
2024-07-29 12:38:00,CNR7709674839,Success,CID239011,Prime Plus,Banashankari,Sahakar Nagar,126.0,60.0,Not Applicable,Not Applicable,No,Not Applicable,199,Cash,36,4.0,4.8
2024-07-09 01:55:00,CNR3623153965,Success,CID181089,Mini,Magadi Road,Cox Town,35.0,105.0,Not Applicable,Not Applicable,No,Not Applicable,193,Cash,32,3.5,5.0
2024-07-01 09:22:00,CNR7644779777,Canceled by Driver,CID739846,eBike,Yelahanka,Malleshwaram,,,Not Applicable,Customer related issue,Not Applicable,Not Applicable,360,Not Applicable,0,,
2024-07-15 20:35:00,CNR2351723753,Success,CID520413,Prime Plus,Basavanagudi,Magadi Road,280.0,135.0,Not Applicable,Not Applicable,No,Not Applicable,162,Cash,25,4.1,4.6
2024-07-01 01:19:00,CNR4566732175,Canceled by Customer,CID518301,Bike,Basavanagudi,Peenya,,,Wrong Address,Not Applicable,Not Applicable,Not Applicable,325,Not Applicable,0,,
2024-07-12 14:56:00,CNR4138176515,Success,CID131675,Prime SUV,Vijayanagar,Peenya,189.0,30.0,Not Applicable,Not Applicable,Yes,Other Issue,284,UPI,38,5.0,3.0
2024-07-30 16:45:00,CNR2678224036,Canceled by Customer,CID524055,Bike,Yelahanka,Nagarbhavi,,,Driver asked to cancel,Not Applicable,Not Applicable,Not Applicable,279,Not Applicable,0,,
2024-07-16 01:41:00,CNR2499157269,Success,CID782949,Auto,Jayanagar,Sahakar Nagar,287.0,75.0,Not Applicable,Not Applicable,Yes,Vehicle Breakdown,437,Cash,3,3.8,3.5
2024-07-20 02:33:00,CNR9551605928,Success,CID287600,Prime Sedan,Tumkur Road,Whitefield,252.0,110.0,Not Applicable,Not Applicable,No,Not Applicable,384,Cash,37,3.8,3.2
2024-07-08 14:32:00,CNR4053198675,Success,CID515181,Prime SUV,Sahakar Nagar,Electronic City,126.0,120.0,Not Applicable,Not Applicable,No,Not Applicable,1831,Cash,26,3.9,4.4
2024-07-06 01:46:00,CNR2876091415,Driver Not Found,CID156872,eBike,Indiranagar,Hosur Road,,,Not Applicable,Not Applicable,Not Applicable,Not Applicable,156,Not Applicable,0,,
2024-07-11 00:38:00,CNR2687989166,Driver Not Found,CID245709,eBike,Mysore Road,Langford Town,,,Not Applicable,Not Applicable,Not Applicable,Not Applicable,244,Not Applicable,0,,
2024-07-30 02:00:00,CNR2775991951,Driver Not Found,CID786269,Auto,Shantinagar,Bannerghatta Road,,,Not Applicable,Not Applicable,Not Applicable,Not Applicable,302,Not Applicable,0,,
2024-07-19 00:01:00,CNR2030716782,Success,CID585584,Prime Plus,Frazer Town,Shivajinagar,105.0,45.0,Not Applicable,Not Applicable,No,Not Applicable,156,UPI,36,3.4,4.2
2024-07-06 18:53:00,CNR9329123301,Canceled by Driver,CID403569,Mini,Hulimavu,Shantinagar,,,Not Applicable,Customer was coughing/sick,Not Applicable,Not Applicable,776,Not Applicable,0,,
2024-07-15 01:10:00,CNR1047838755,Canceled by Driver,CID531032,Prime Sedan,Frazer Town,Hebbal,,,Not Applicable,Personal & Car related issue,Not Applicable,Not Applicable,331,Not Applicable,0,,
2024-07-05 09:13:00,CNR3140169718,Driver Not Found,CID747989,Mini,Hebbal,Mysore Road,,,Not Applicable,Not Applicable,Not Applicable,Not Applicable,414,Not Applicable,0,,
2024-07-07 07:54:00,CNR4480901491,Success,CID806989,Prime Plus,Ulsoor,JP Nagar,154.0,70.0,Not Applicable,Not Applicable,No,Not Applicable,397,Cash,29,4.1,4.0
2024-07-03 04:47:00,CNR6100812005,Canceled by Customer,CID911706,Mini,Ulsoor,Kadugodi,,,Driver is not moving towards pickup location,Not Applicable,Not Applicable,Not Applicable,839,Not Applicable,0,,
2024-07-16 12:44:00,CNR5264171637,Canceled by Driver,CID776599,Mini,Frazer Town,Varthur,,,Not Applicable,More than permitted people in there,Not Applicable,Not Applicable,476,Not Applicable,0,,
2024-07-20 14:21:00,CNR7468549811,Success,CID750095,Prime Sedan,Yeshwanthpur,Tumkur Road,294.0,90.0,Not Applicable,Not Applicable,No,Not Applicable,955,UPI,45,3.8,3.9
2024-07-24 20:39:00,CNR6488366050,Success,CID377566,Mini,Hennur,Kammanahalli,112.0,140.0,Not Applicable,Not Applicable,No,Not Applicable,959,Debit Card,2,4.9,3.7
2024-07-19 19:45:00,CNR8524869629,Success,CID981584,Mini,Chickpet,Basavanagudi,91.0,105.0,Not Applicable,Not Applicable,No,Not Applicable,554,Cash,42,3.7,4.9
2024-07-16 13:34:00,CNR9027752261,Canceled by Customer,CID353394,Prime Sedan,JP Nagar,Bannerghatta Road,,,Change of plans,Not Applicable,Not Applicable,Not Applicable,1146,Not Applicable,0,,
2024-07-30 02:32:00,CNR4676241189,Success,CID887228,Prime Sedan,Chamarajpet,Yeshwanthpur,245.0,50.0,Not Applicable,Not Applicable,Yes,Customer Demand,109,Cash,23,4.0,3.3
2024-07-11 01:57:00,CNR1612165508,Canceled by Customer,CID784933,Bike,Sahakar Nagar,Yelahanka,,,AC is Not working,Not Applicable,Not Applicable,Not Applicable,445,Not Applicable,0,,
2024-07-20 19:38:00,CNR9571778020,Success,CID279293,Mini,Electronic City,Majestic,182.0,30.0,Not Applicable,Not Applicable,No,Not Applicable,522,UPI,22,4.6,4.5
2024-07-25 23:23:00,CNR1116585540,Success,CID536372,Auto,Rajarajeshwari Nagar,Richmond Town,301.0,135.0,Not Applicable,Not Applicable,No,Not Applicable,2557,Cash,7,3.5,4.4
2024-07-10 06:12:00,CNR7657227274,Driver Not Found,CID448252,Auto,Majestic,Devanahalli,,,Not Applicable,Not Applicable,Not Applicable,Not Applicable,428,Not Applicable,0,,
2024-07-30 04:04:00,CNR6392517650,Success,CID925041,Bike,Hulimavu,Padmanabhanagar,266.0,105.0,Not Applicable,Not Applicable,No,Not Applicable,409,UPI,44,3.7,3.2
2024-07-07 16:02:00,CNR3562185084,Canceled by Driver,CID230007,Prime SUV,Banashankari,Nagarbhavi,,,Not Applicable,Personal & Car related issue,Not Applicable,Not Applicable,365,Not Applicable,0,,
2024-07-27 02:09:00,CNR2008690853,Canceled by Customer,CID720590,Mini,RT Nagar,Jayanagar,,,Driver is not moving towards pickup location,Not Applicable,Not Applicable,Not Applicable,2828,Not Applicable,0,,
2024-07-06 10:57:00,CNR9539158299,Success,CID309235,Auto,Jayanagar,Hennur,70.0,60.0,Not Applicable,Not Applicable,No,Not Applicable,303,Cash,1,4.2,4.4
2024-07-03 15:38:00,CNR3250171524,Success,CID197079,eBike,Rajajinagar,Kengeri,161.0,75.0,Not Applicable,Not Applicable,No,Not Applicable,425,Cash,8,3.6,4.8
2024-07-06 01:55:00,CNR8024303208,Canceled by Driver,CID129915,Prime Plus,Peenya,Shantinagar,,,Not Applicable,Personal & Car related issue,Not Applicable,Not Applicable,429,Not Applicable,0,,
2024-07-25 18:49:00,CNR7811743172,Success,CID105162,Prime SUV,Basavanagudi,JP Nagar,287.0,140.0,Not Applicable,Not Applicable,No,Not Applicable,834,Cash,20,4.1,4.1
2024-07-13 22:27:00,CNR1215107108,Success,CID414866,Prime SUV,Chickpet,Majestic,98.0,35.0,Not Applicable,Not Applicable,No,Not Applicable,2637,Cash,35,3.7,4.5
2024-07-18 08:59:00,CNR7829076928,Success,CID246183,Prime Plus,Banashankari,Rajarajeshwari Nagar,266.0,130.0,Not Applicable,Not Applicable,No,Not Applicable,173,Cash,29,3.7,3.1
2024-07-17 05:39:00,CNR4907555106,Success,CID164936,Bike,Kengeri,Majestic,147.0,115.0,Not Applicable,Not Applicable,No,Not Applicable,246,Credit Card,2,4.9,3.0
2024-07-11 18:25:00,CNR3133988564,Success,CID121827,Bike,Yeshwanthpur,Indiranagar,308.0,40.0,Not Applicable,Not Applicable,No,Not Applicable,482,UPI,16,4.3,3.5
2024-07-30 21:35:00,CNR7621321865,Canceled by Driver,CID926518,Bike,Magadi Road,Hulimavu,,,Not Applicable,Customer was coughing/sick,Not Applicable,Not Applicable,420,Not Applicable,0,,
2024-07-02 20:40:00,CNR5683115398,Driver Not Found,CID286007,Prime SUV,Whitefield,Peenya,,,Not Applicable,Not Applicable,Not Applicable,Not Applicable,318,Not Applicable,0,,
2024-07-06 12:41:00,CNR7358350942,Success,CID655762,eBike,Whitefield,Cox Town,119.0,90.0,Not Applicable,Not Applicable,No,Not Applicable,908,UPI,47,4.9,3.1
2024-07-03 22:08:00,CNR2559271922,Canceled by Customer,CID549370,Prime SUV,Electronic City,Kengeri,,,Change of plans,Not Applicable,Not Applicable,Not Applicable,386,Not Applicable,0,,
2024-07-02 05:13:00,CNR7670882749,Driver Not Found,CID920811,Mini,Banashankari,Magadi Road,,,Not Applicable,Not Applicable,Not Applicable,Not Applicable,233,Not Applicable,0,,
2024-07-14 01:34:00,CNR6898246625,Success,CID620415,Prime SUV,Cox Town,Nagarbhavi,280.0,60.0,Not Applicable,Not Applicable,No,Not Applicable,237,Debit Card,21,4.7,5.0
2024-07-29 18:26:00,CNR6009166415,Success,CID341135,Mini,Malleshwaram,Varthur,42.0,110.0,Not Applicable,Not Applicable,No,Not Applicable,264,Cash,35,5.0,4.7
2024-07-21 21:38:00,CNR3194936145,Canceled by Driver,CID323671,Prime Plus,Devanahalli,Ramamurthy Nagar,,,Not Applicable,Customer was coughing/sick,Not Applicable,Not Applicable,907,Not Applicable,0,,
2024-07-30 17:55:00,CNR8565413578,Canceled by Driver,CID329594,Prime Plus,Hebbal,Banashankari,,,Not Applicable,Customer related issue,Not Applicable,Not Applicable,328,Not Applicable,0,,
2024-07-06 17:50:00,CNR3401380838,Canceled by Customer,CID751212,eBike,Hebbal,Tumkur Road,,,Change of plans,Not Applicable,Not Applicable,Not Applicable,215,Not Applicable,0,,
2024-07-08 08:30:00,CNR8029302032,Success,CID137822,Prime Plus,Kammanahalli,Nagarbhavi,49.0,110.0,Not Applicable,Not Applicable,No,Not Applicable,248,UPI,9,4.1,3.3
2024-07-09 00:25:00,CNR3408511295,Success,CID218555,Mini,Magadi Road,Richmond Town,42.0,105.0,Not Applicable,Not Applicable,No,Not Applicable,200,Cash,8,4.8,4.4
2024-07-15 08:36:00,CNR7941206277,Success,CID676309,Prime Plus,Varthur,Cox Town,105.0,140.0,Not Applicable,Not Applicable,No,Not Applicable,1210,UPI,9,3.5,4.9
2024-07-22 17:33:00,CNR3319777562,Driver Not Found,CID327911,Prime Plus,KR Puram,Indiranagar,,,Not Applicable,Not Applicable,Not Applicable,Not Applicable,517,Not Applicable,0,,
2024-07-08 12:10:00,CNR7461023998,Canceled by Driver,CID443986,Prime SUV,Peenya,Langford Town,,,Not Applicable,Personal & Car related issue,Not Applicable,Not Applicable,487,Not Applicable,0,,
2024-07-03 13:20:00,CNR6321900152,Success,CID541201,Prime Plus,Sahakar Nagar,MG Road,203.0,65.0,Not Applicable,Not Applicable,No,Not Applicable,313,UPI,22,3.5,3.9
2024-07-29 05:32:00,CNR2967668980,Driver Not Found,CID727802,eBike,Yeshwanthpur,MG Road,,,Not Applicable,Not Applicable,Not Applicable,Not Applicable,158,Not Applicable,0,,
2024-07-03 06:56:00,CNR2179704895,Success,CID628286,Prime SUV,Vijayanagar,Majestic,161.0,35.0,Not Applicable,Not Applicable,No,Not Applicable,136,UPI,21,3.6,3.2
2024-07-27 04:20:00,CNR4087913366,Success,CID279226,Mini,Padmanabhanagar,KR Puram,119.0,70.0,Not Applicable,Not Applicable,No,Not Applicable,276,UPI,43,3.3,3.3
2024-07-13 18:12:00,CNR6063401664,Success,CID148704,Auto,MG Road,Indiranagar,182.0,100.0,Not Applicable,Not Applicable,No,Not Applicable,219,UPI,17,4.6,3.8
2024-07-18 16:34:00,CNR7362867817,Success,CID606386,Auto,Indiranagar,Hennur,49.0,135.0,Not Applicable,Not Applicable,Yes,Customer Demand,501,UPI,13,3.5,4.9
2024-07-01 12:17:00,CNR9847698660,Canceled by Customer,CID961322,eBike,Hosur Road,Marathahalli,,,Driver is not moving towards pickup location,Not Applicable,Not Applicable,Not Applicable,432,Not Applicable,0,,
2024-07-09 01:24:00,CNR4539038061,Canceled by Customer,CID668893,Prime Sedan,Padmanabhanagar,RT Nagar,,,AC is Not working,Not Applicable,Not Applicable,Not Applicable,295,Not Applicable,0,,
2024-07-23 22:23:00,CNR7160301821,Canceled by Customer,CID698244,Prime SUV,Padmanabhanagar,Shivajinagar,,,AC is Not working,Not Applicable,Not Applicable,Not Applicable,496,Not Applicable,0,,
2024-07-26 06:39:00,CNR1817071784,Success,CID567527,Prime Sedan,Malleshwaram,Jayanagar,147.0,25.0,Not Applicable,Not Applicable,No,Not Applicable,965,Cash,12,3.4,4.8
2024-07-15 10:18:00,CNR6724945204,Canceled by Driver,CID859226,Mini,Sarjapur Road,Tumkur Road,,,Not Applicable,Customer was coughing/sick,Not Applicable,Not Applicable,314,Not Applicable,0,,
2024-07-30 07:20:00,CNR7742081250,Canceled by Driver,CID505138,Bike,Varthur,Chickpet,,,Not Applicable,Customer related issue,Not Applicable,Not Applicable,497,Not Applicable,0,,
2024-07-24 20:08:00,CNR5663203268,Success,CID187474,Bike,Yeshwanthpur,Shivajinagar,126.0,95.0,Not Applicable,Not Applicable,No,Not Applicable,2023,UPI,6,4.8,4.7
2024-07-11 09:36:00,CNR5244454338,Canceled by Customer,CID555518,eBike,Kammanahalli,Peenya,,,Driver is not moving towards pickup location,Not Applicable,Not Applicable,Not Applicable,430,Not Applicable,0,,
2024-07-01 20:45:00,CNR4970874540,Success,CID663627,Auto,Hennur,Kadugodi,231.0,145.0,Not Applicable,Not Applicable,No,Not Applicable,226,UPI,10,4.3,3.7
2024-07-17 21:40:00,CNR1512939901,Canceled by Customer,CID287089,Auto,Sarjapur Road,Chickpet,,,Wrong Address,Not Applicable,Not Applicable,Not Applicable,336,Not Applicable,0,,
2024-07-22 20:06:00,CNR4608766447,Canceled by Customer,CID225805,Mini,Electronic City,Majestic,,,Wrong Address,Not Applicable,Not Applicable,Not Applicable,141,Not Applicable,0,,
2024-07-18 03:46:00,CNR6487577016,Success,CID762536,Prime Sedan,KR Puram,Nagarbhavi,308.0,145.0,Not Applicable,Not Applicable,No,Not Applicable,264,Cash,41,4.5,3.3
2024-07-14 12:10:00,CNR9736042251,Canceled by Driver,CID236575,Bike,Kammanahalli,Yelahanka,,,Not Applicable,Customer related issue,Not Applicable,Not Applicable,296,Not Applicable,0,,
2024-07-21 10:13:00,CNR1949283377,Driver Not Found,CID177966,Prime Plus,Hebbal,Cox Town,,,Not Applicable,Not Applicable,Not Applicable,Not Applicable,163,Not Applicable,0,,
2024-07-09 08:05:00,CNR1666884133,Success,CID233950,Prime Sedan,Ulsoor,Shantinagar,133.0,90.0,Not Applicable,Not Applicable,No,Not Applicable,496,UPI,37,4.8,3.6
2024-07-03 21:52:00,CNR4182085865,Success,CID804637,eBike,Malleshwaram,Ulsoor,119.0,120.0,Not Applicable,Not Applicable,No,Not Applicable,388,UPI,10,4.3,4.6
2024-07-09 11:42:00,CNR6472750551,Success,CID933989,Mini,Bannerghatta Road,Kammanahalli,196.0,135.0,Not Applicable,Not Applicable,No,Not Applicable,858,Cash,8,3.9,3.0
2024-07-13 02:00:00,CNR1264240716,Canceled by Driver,CID361183,Mini,Whitefield,Rajajinagar,,,Not Applicable,Customer related issue,Not Applicable,Not Applicable,726,Not Applicable,0,,
2024-07-30 10:01:00,CNR3249727609,Success,CID223982,Mini,Hulimavu,Hulimavu,119.0,125.0,Not Applicable,Not Applicable,No,Not Applicable,522,UPI,23,4.1,3.3
2024-07-25 18:43:00,CNR7263727679,Success,CID986383,eBike,MG Road,Devanahalli,231.0,55.0,Not Applicable,Not Applicable,No,Not Applicable,447,Cash,47,4.7,3.3
2024-07-18 06:42:00,CNR2789037653,Success,CID276041,Bike,Sarjapur Road,Yelahanka,77.0,30.0,Not Applicable,Not Applicable,No,Not Applicable,287,Cash,32,4.0,3.6
2024-07-09 04:41:00,CNR9348332787,Success,CID696821,eBike,JP Nagar,Rajajinagar,287.0,80.0,Not Applicable,Not Applicable,No,Not Applicable,262,UPI,14,4.8,3.8
2024-07-27 01:18:00,CNR5671602654,Success,CID337406,eBike,RT Nagar,Jayanagar,140.0,45.0,Not Applicable,Not Applicable,No,Not Applicable,216,UPI,21,4.1,3.1
2024-07-19 12:22:00,CNR2050292877,Canceled by Driver,CID554652,Auto,Majestic,Kadugodi,,,Not Applicable,Customer related issue,Not Applicable,Not Applicable,173,Not Applicable,0,,
2024-07-13 00:08:00,CNR8620370858,Success,CID678827,Bike,RT Nagar,Chamarajpet,168.0,75.0,Not Applicable,Not Applicable,No,Not Applicable,354,Cash,8,4.8,4.9
2024-07-26 06:45:00,CNR4714023695,Success,CID628022,Auto,Peenya,Hennur,175.0,35.0,Not Applicable,Not Applicable,Yes,Customer Demand,120,Cash,12,3.0,4.7
2024-07-07 17:26:00,CNR7571215806,Success,CID801838,eBike,Devanahalli,Vijayanagar,112.0,130.0,Not Applicable,Not Applicable,No,Not Applicable,123,UPI,15,3.4,3.0
2024-07-09 14:01:00,CNR9770320804,Success,CID517141,Mini,Ulsoor,Ramamurthy Nagar,98.0,130.0,Not Applicable,Not Applicable,No,Not Applicable,216,Cash,37,3.2,3.9
2024-07-06 08:56:00,CNR2481060963,Driver Not Found,CID691181,Prime Sedan,Padmanabhanagar,Nagarbhavi,,,Not Applicable,Not Applicable,Not Applicable,Not Applicable,2433,Not Applicable,0,,
2024-07-30 04:05:00,CNR1229054296,Success,CID901406,eBike,Sarjapur Road,KR Puram,217.0,105.0,Not Applicable,Not Applicable,No,Not Applicable,921,UPI,47,4.6,3.9
2024-07-18 11:00:00,CNR9662808101,Canceled by Customer,CID112770,Prime Sedan,Padmanabhanagar,Kengeri,,,Driver is not moving towards pickup location,Not Applicable,Not Applicable,Not Applicable,229,Not Applicable,0,,
2024-07-27 00:01:00,CNR2192595564,Success,CID214489,Auto,Padmanabhanagar,Varthur,133.0,40.0,Not Applicable,Not Applicable,No,Not Applicable,596,UPI,16,3.3,4.6
2024-07-07 10:07:00,CNR4210216851,Canceled by Driver,CID673306,Prime Plus,Kadugodi,Cox Town,,,Not Applicable,Customer related issue,Not Applicable,Not Applicable,145,Not Applicable,0,,
2024-07-07 05:59:00,CNR1468976533,Canceled by Customer,CID574312,Prime Plus,Electronic City,Sahakar Nagar,,,Change of plans,Not Applicable,Not Applicable,Not Applicable,240,Not Applicable,0,,
2024-07-28 15:30:00,CNR2419768666,Success,CID873958,Bike,Chamarajpet,Chickpet,231.0,105.0,Not Applicable,Not Applicable,No,Not Applicable,193,Cash,28,3.6,4.0
2024-07-04 12:08:00,CNR5339581403,Success,CID121237,Prime Sedan,Majestic,Ulsoor,105.0,35.0,Not Applicable,Not Applicable,No,Not Applicable,329,Cash,20,3.9,3.0
2024-07-26 19:23:00,CNR1422078781,Success,CID133038,Mini,Indiranagar,Vijayanagar,168.0,95.0,Not Applicable,Not Applicable,No,Not Applicable,338,UPI,11,3.1,3.9
2024-07-13 21:02:00,CNR2169887455,Success,CID536131,Prime SUV,Kammanahalli,Hosur Road,259.0,50.0,Not Applicable,Not Applicable,No,Not Applicable,1727,Cash,24,4.2,4.0
2024-07-26 13:21:00,CNR4761184027,Success,CID996032,Prime SUV,BTM Layout,Rajajinagar,294.0,125.0,Not Applicable,Not Applicable,No,Not Applicable,730,UPI,7,4.6,4.3
2024-07-12 11:29:00,CNR6316791372,Success,CID707412,eBike,Chickpet,Hulimavu,224.0,30.0,Not Applicable,Not Applicable,No,Not Applicable,168,UPI,11,4.5,3.0
2024-07-11 06:49:00,CNR9158787846,Success,CID271335,Mini,Peenya,HSR Layout,175.0,105.0,Not Applicable,Not Applicable,No,Not Applicable,322,Cash,32,4.6,4.7
2024-07-28 13:55:00,CNR3214203776,Success,CID267032,Prime Sedan,Yeshwanthpur,Hebbal,112.0,50.0,Not Applicable,Not Applicable,No,Not Applicable,861,UPI,37,4.8,4.3
2024-07-18 19:09:00,CNR8959855992,Success,CID118660,Auto,Sarjapur Road,JP Nagar,294.0,25.0,Not Applicable,Not Applicable,No,Not Applicable,126,Cash,16,3.4,3.8
2024-07-16 16:37:00,CNR7112674577,Success,CID118701,Prime SUV,Koramangala,Banashankari,182.0,145.0,Not Applicable,Not Applicable,No,Not Applicable,447,Cash,46,3.3,3.5
2024-07-24 23:25:00,CNR4638021610,Canceled by Driver,CID227492,Prime SUV,Hosur Road,Rajajinagar,,,Not Applicable,Customer was coughing/sick,Not Applicable,Not Applicable,311,Not Applicable,0,,
2024-07-07 15:08:00,CNR3839988154,Canceled by Driver,CID560753,Mini,Kengeri,Langford Town,,,Not Applicable,Customer was coughing/sick,Not Applicable,Not Applicable,440,Not Applicable,0,,
2024-07-06 19:55:00,CNR7961696276,Driver Not Found,CID202565,Prime Plus,Bannerghatta Road,MG Road,,,Not Applicable,Not Applicable,Not Applicable,Not Applicable,183,Not Applicable,0,,
2024-07-19 13:08:00,CNR7438975556,Success,CID780883,Bike,Peenya,Richmond Town,217.0,25.0,Not Applicable,Not Applicable,No,Not Applicable,423,UPI,24,3.4,4.9
2024-07-19 13:56:00,CNR8834601971,Success,CID598134,eBike,Hennur,Malleshwaram,84.0,115.0,Not Applicable,Not Applicable,No,Not Applicable,255,Cash,35,3.7,4.6
2024-07-23 05:53:00,CNR9260947442,Success,CID284303,Bike,Richmond Town,Frazer Town,42.0,95.0,Not Applicable,Not Applicable,No,Not Applicable,2018,Cash,48,3.2,3.6
2024-07-14 09:50:00,CNR7262412234,Driver Not Found,CID577285,Prime SUV,Mysore Road,Devanahalli,,,Not Applicable,Not Applicable,Not Applicable,Not Applicable,162,Not Applicable,0,,
2024-07-19 23:07:00,CNR7032068731,Canceled by Customer,CID447655,Bike,Marathahalli,Hulimavu,,,Driver asked to cancel,Not Applicable,Not Applicable,Not Applicable,317,Not Applicable,0,,
2024-07-26 16:38:00,CNR5029004771,Driver Not Found,CID523086,Prime Plus,Magadi Road,Richmond Town,,,Not Applicable,Not Applicable,Not Applicable,Not Applicable,286,Not Applicable,0,,
2024-07-28 12:59:00,CNR1864797080,Canceled by Driver,CID136382,Bike,Hennur,Electronic City,,,Not Applicable,More than permitted people in there,Not Applicable,Not Applicable,122,Not Applicable,0,,
2024-07-22 07:46:00,CNR7965091742,Success,CID629507,eBike,Padmanabhanagar,MG Road,147.0,35.0,Not Applicable,Not Applicable,No,Not Applicable,264,UPI,22,4.8,5.0
2024-07-11 16:09:00,CNR4856180152,Driver Not Found,CID217331,Mini,Shantinagar,Mysore Road,,,Not Applicable,Not Applicable,Not Applicable,Not Applicable,357,Not Applicable,0,,
2024-07-30 16:23:00,CNR9941669894,Success,CID715000,eBike,Langford Town,JP Nagar,168.0,95.0,Not Applicable,Not Applicable,No,Not Applicable,974,Cash,38,3.1,3.8
2024-07-17 15:02:00,CNR5837324149,Driver Not Found,CID496594,Prime SUV,Shantinagar,Kengeri,,,Not Applicable,Not Applicable,Not Applicable,Not Applicable,1506,Not Applicable,0,,
2024-07-02 08:58:00,CNR4352746494,Driver Not Found,CID736499,Auto,HSR Layout,Tumkur Road,,,Not Applicable,Not Applicable,Not Applicable,Not Applicable,169,Not Applicable,0,,
2024-07-22 14:36:00,CNR4039309400,Success,CID688426,Mini,Hosur Road,Mysore Road,105.0,85.0,Not Applicable,Not Applicable,No,Not Applicable,572,UPI,26,4.1,4.4
2024-07-04 00:03:00,CNR5427873399,Canceled by Customer,CID692971,Bike,Shivajinagar,Magadi Road,,,AC is Not working,Not Applicable,Not Applicable,Not Applicable,153,Not Applicable,0,,
2024-07-18 11:33:00,CNR5005262443,Canceled by Driver,CID127744,Prime Plus,Tumkur Road,RT Nagar,,,Not Applicable,Personal & Car related issue,Not Applicable,Not Applicable,857,Not Applicable,0,,
2024-07-21 17:29:00,CNR7782225389,Success,CID808416,Prime Plus,Devanahalli,Hebbal,133.0,45.0,Not Applicable,Not Applicable,No,Not Applicable,330,Cash,18,3.8,4.2
2024-07-07 00:04:00,CNR6449236825,Success,CID657942,Prime SUV,Peenya,Kadugodi,126.0,35.0,Not Applicable,Not Applicable,No,Not Applicable,844,Cash,36,4.7,3.6
2024-07-10 22:40:00,CNR3250731371,Success,CID478009,Auto,RT Nagar,Jayanagar,203.0,45.0,Not Applicable,Not Applicable,No,Not Applicable,437,Cash,15,4.1,3.4
2024-07-27 17:06:00,CNR8608327049,Canceled by Customer,CID727263,Prime SUV,Hulimavu,Varthur,,,Driver asked to cancel,Not Applicable,Not Applicable,Not Applicable,2767,Not Applicable,0,,
2024-07-07 17:45:00,CNR3791356085,Canceled by Customer,CID225142,Mini,Hosur Road,Kammanahalli,,,Driver is not moving towards pickup location,Not Applicable,Not Applicable,Not Applicable,162,Not Applicable,0,,
2024-07-13 03:05:00,CNR9832078502,Success,CID200105,Prime SUV,RT Nagar,Rajajinagar,294.0,55.0,Not Applicable,Not Applicable,No,Not Applicable,311,UPI,8,4.4,3.4
2024-07-03 21:53:00,CNR9554969587,Success,CID484820,Auto,BTM Layout,Shantinagar,56.0,40.0,Not Applicable,Not Applicable,No,Not Applicable,120,Cash,13,3.4,4.3
2024-07-22 02:59:00,CNR4000403545,Canceled by Customer,CID600709,Bike,Yelahanka,Richmond Town,,,Driver asked to cancel,Not Applicable,Not Applicable,Not Applicable,170,Not Applicable,0,,
2024-07-04 21:12:00,CNR4131956295,Canceled by Customer,CID538800,Prime SUV,Hulimavu,Tumkur Road,,,Driver asked to cancel,Not Applicable,Not Applicable,Not Applicable,254,Not Applicable,0,,
2024-07-25 05:20:00,CNR1769684736,Success,CID594915,Mini,Ramamurthy Nagar,Ulsoor,259.0,95.0,Not Applicable,Not Applicable,No,Not Applicable,411,UPI,43,4.5,3.1
2024-07-26 10:49:00,CNR7731586859,Driver Not Found,CID702178,Bike,Yelahanka,Richmond Town,,,Not Applicable,Not Applicable,Not Applicable,Not Applicable,109,Not Applicable,0,,
2024-07-26 07:52:00,CNR3588056160,Success,CID149189,Auto,HSR Layout,Yeshwanthpur,175.0,35.0,Not Applicable,Not Applicable,No,Not Applicable,133,Cash,5,4.7,3.9
2024-07-17 08:53:00,CNR5896584121,Driver Not Found,CID738122,eBike,Shivajinagar,Ulsoor,,,Not Applicable,Not Applicable,Not Applicable,Not Applicable,654,Not Applicable,0,,
2024-07-13 09:07:00,CNR8522962968,Success,CID815374,Prime SUV,Frazer Town,Ramamurthy Nagar,224.0,50.0,Not Applicable,Not Applicable,No,Not Applicable,101,UPI,10,3.5,3.3
2024-07-05 18:03:00,CNR1284997681,Success,CID961349,Auto,HSR Layout,Whitefield,140.0,45.0,Not Applicable,Not Applicable,No,Not Applicable,288,UPI,4,4.2,4.5
2024-07-17 09:07:00,CNR8080859061,Success,CID572117,Mini,Hulimavu,Devanahalli,280.0,130.0,Not Applicable,Not Applicable,No,Not Applicable,259,UPI,26,4.8,4.6
2024-07-05 21:02:00,CNR9421919369,Success,CID699325,Prime Plus,Yelahanka,RT Nagar,35.0,130.0,Not Applicable,Not Applicable,No,Not Applicable,877,UPI,2,3.8,4.8
2024-07-02 19:23:00,CNR6152199642,Success,CID456825,eBike,Shivajinagar,Rajajinagar,147.0,55.0,Not Applicable,Not Applicable,No,Not Applicable,474,Cash,9,4.2,3.6
2024-07-28 10:14:00,CNR4181458971,Success,CID337474,Bike,Sahakar Nagar,Tumkur Road,161.0,115.0,Not Applicable,Not Applicable,No,Not Applicable,269,Cash,27,4.2,4.6
2024-07-10 09:49:00,CNR6237368177,Canceled by Driver,CID402542,Prime SUV,Rajajinagar,Bellandur,,,Not Applicable,More than permitted people in there,Not Applicable,Not Applicable,397,Not Applicable,0,,
2024-07-09 01:55:00,CNR5706211684,Success,CID140345,Auto,Kengeri,Kadugodi,294.0,90.0,Not Applicable,Not Applicable,No,Not Applicable,309,Cash,5,3.8,3.6
2024-07-17 14:55:00,CNR5831569899,Success,CID445089,Auto,Ramamurthy Nagar,Jayanagar,273.0,130.0,Not Applicable,Not Applicable,No,Not Applicable,276,Cash,18,3.2,4.3
2024-07-18 13:19:00,CNR6966789007,Success,CID438371,Prime Sedan,Shantinagar,Hebbal,98.0,110.0,Not Applicable,Not Applicable,No,Not Applicable,279,Cash,37,4.4,4.4
2024-07-19 22:58:00,CNR8167151373,Canceled by Customer,CID801829,Auto,HSR Layout,Koramangala,,,Driver asked to cancel,Not Applicable,Not Applicable,Not Applicable,291,Not Applicable,0,,
2024-07-18 12:19:00,CNR4396452406,Success,CID469967,Bike,Vijayanagar,JP Nagar,133.0,95.0,Not Applicable,Not Applicable,No,Not Applicable,379,Cash,29,3.2,4.3
2024-07-29 05:01:00,CNR6522838304,Success,CID988745,Bike,Padmanabhanagar,Banashankari,147.0,60.0,Not Applicable,Not Applicable,No,Not Applicable,377,Cash,4,4.1,3.0
2024-07-17 19:27:00,CNR7313657360,Driver Not Found,CID242028,Prime SUV,Banashankari,Majestic,,,Not Applicable,Not Applicable,Not Applicable,Not Applicable,109,Not Applicable,0,,
2024-07-09 01:05:00,CNR3857823769,Canceled by Driver,CID860195,Bike,Langford Town,Ulsoor,,,Not Applicable,Personal & Car related issue,Not Applicable,Not Applicable,423,Not Applicable,0,,
2024-07-01 17:38:00,CNR5281206975,Success,CID376325,Bike,Chamarajpet,Frazer Town,91.0,40.0,Not Applicable,Not Applicable,No,Not Applicable,132,Cash,28,4.7,4.4
2024-07-15 22:09:00,CNR5576395163,Canceled by Driver,CID595014,Prime Sedan,Bannerghatta Road,Magadi Road,,,Not Applicable,Personal & Car related issue,Not Applicable,Not Applicable,717,Not Applicable,0,,
2024-07-01 23:51:00,CNR8746960887,Success,CID374698,eBike,Shivajinagar,Peenya,231.0,120.0,Not Applicable,Not Applicable,No,Not Applicable,140,Cash,26,4.2,3.0
2024-07-29 21:27:00,CNR5892082039,Canceled by Driver,CID971420,Prime SUV,Indiranagar,Koramangala,,,Not Applicable,Customer related issue,Not Applicable,Not Applicable,311,Not Applicable,0,,
2024-07-06 10:05:00,CNR9673429446,Canceled by Customer,CID132294,Bike,Hebbal,Sarjapur Road,,,Change of plans,Not Applicable,Not Applicable,Not Applicable,1855,Not Applicable,0,,
2024-07-12 14:32:00,CNR8024599521,Canceled by Driver,CID389503,Prime Plus,Vijayanagar,Kengeri,,,Not Applicable,Customer was coughing/sick,Not Applicable,Not Applicable,843,Not Applicable,0,,
2024-07-24 09:45:00,CNR8851014132,Success,CID113866,Bike,Banashankari,Chickpet,119.0,110.0,Not Applicable,Not Applicable,No,Not Applicable,142,Credit Card,7,3.7,3.4
2024-07-16 09:41:00,CNR6303358286,Success,CID726834,Prime Plus,Kengeri,HSR Layout,147.0,130.0,Not Applicable,Not Applicable,No,Not Applicable,343,UPI,5,3.2,4.4
2024-07-10 11:52:00,CNR9559895228,Canceled by Customer,CID643809,Mini,Majestic,Tumkur Road,,,Change of plans,Not Applicable,Not Applicable,Not Applicable,315,Not Applicable,0,,
2024-07-26 16:05:00,CNR2806337892,Success,CID613321,Prime Sedan,BTM Layout,BTM Layout,126.0,95.0,Not Applicable,Not Applicable,No,Not Applicable,435,Credit Card,43,3.8,4.6
2024-07-25 02:44:00,CNR1567637598,Canceled by Driver,CID723423,Mini,Basavanagudi,Tumkur Road,,,Not Applicable,More than permitted people in there,Not Applicable,Not Applicable,368,Not Applicable,0,,
2024-07-01 01:55:00,CNR3144560154,Canceled by Driver,CID853235,Mini,Vijayanagar,Chamarajpet,,,Not Applicable,Customer related issue,Not Applicable,Not Applicable,407,Not Applicable,0,,
2024-07-04 23:08:00,CNR1667996769,Driver Not Found,CID946199,Prime SUV,Hosur Road,Koramangala,,,Not Applicable,Not Applicable,Not Applicable,Not Applicable,179,Not Applicable,0,,
2024-07-21 20:25:00,CNR3067375503,Canceled by Customer,CID434625,Prime SUV,KR Puram,Koramangala,,,Driver asked to cancel,Not Applicable,Not Applicable,Not Applicable,245,Not Applicable,0,,
2024-07-24 07:21:00,CNR3346296127,Success,CID175480,Prime SUV,Ramamurthy Nagar,Cox Town,203.0,120.0,Not Applicable,Not Applicable,No,Not Applicable,929,Cash,8,4.1,4.9
2024-07-02 19:09:00,CNR8914982969,Canceled by Driver,CID104460,Bike,Mysore Road,Sahakar Nagar,,,Not Applicable,Customer was coughing/sick,Not Applicable,Not Applicable,174,Not Applicable,0,,
2024-07-16 08:42:00,CNR6800915244,Success,CID759468,Prime Sedan,Hosur Road,Richmond Town,210.0,50.0,Not Applicable,Not Applicable,No,Not Applicable,797,UPI,31,4.6,4.8
2024-07-18 22:51:00,CNR7820291726,Success,CID200722,Prime Plus,Padmanabhanagar,BTM Layout,161.0,130.0,Not Applicable,Not Applicable,No,Not Applicable,694,UPI,24,4.5,4.0
2024-07-26 08:37:00,CNR7311946046,Success,CID345033,Prime SUV,Rajajinagar,Chickpet,252.0,100.0,Not Applicable,Not Applicable,No,Not Applicable,351,UPI,26,4.7,3.1
2024-07-17 09:07:00,CNR2796103630,Success,CID348600,Prime SUV,RT Nagar,Bellandur,126.0,70.0,Not Applicable,Not Applicable,No,Not Applicable,152,Cash,34,4.6,3.9
2024-07-26 09:17:00,CNR6586749083,Success,CID703391,Bike,Chickpet,Shivajinagar,273.0,110.0,Not Applicable,Not Applicable,No,Not Applicable,206,Cash,1,4.1,3.4
2024-07-01 15:41:00,CNR5861698678,Success,CID337411,Prime SUV,Frazer Town,Kengeri,210.0,110.0,Not Applicable,Not Applicable,No,Not Applicable,173,Cash,49,4.9,4.2
2024-07-13 05:53:00,CNR7655974078,Success,CID356678,Bike,Bannerghatta Road,Kengeri,203.0,115.0,Not Applicable,Not Applicable,No,Not Applicable,1176,UPI,23,4.7,4.5
2024-07-18 19:19:00,CNR1436436959,Success,CID305738,Bike,Chickpet,Hebbal,301.0,50.0,Not Applicable,Not Applicable,Yes,Customer Demand,422,UPI,39,3.1,3.0
2024-07-07 11:16:00,CNR7642138594,Success,CID251891,Bike,Malleshwaram,Bannerghatta Road,231.0,70.0,Not Applicable,Not Applicable,No,Not Applicable,307,UPI,27,4.1,4.8
2024-07-02 17:02:00,CNR7831104310,Success,CID430772,eBike,Marathahalli,Ramamurthy Nagar,105.0,55.0,Not Applicable,Not Applicable,No,Not Applicable,451,Cash,11,4.0,4.5
2024-07-12 18:38:00,CNR4105928255,Success,CID717006,Mini,Frazer Town,Rajarajeshwari Nagar,35.0,130.0,Not Applicable,Not Applicable,Yes,Other Issue,272,UPI,41,4.6,3.6
2024-07-03 19:36:00,CNR4556318707,Success,CID994135,Mini,Rajajinagar,Bannerghatta Road,252.0,125.0,Not Applicable,Not Applicable,Yes,Other Issue,168,UPI,40,4.5,5.0
2024-07-15 03:59:00,CNR3473890272,Success,CID954791,Bike,Varthur,JP Nagar,294.0,80.0,Not Applicable,Not Applicable,No,Not Applicable,470,UPI,32,3.1,4.8
2024-07-26 16:07:00,CNR2081897774,Canceled by Driver,CID128702,eBike,Kengeri,Padmanabhanagar,,,Not Applicable,Personal & Car related issue,Not Applicable,Not Applicable,1599,Not Applicable,0,,
2024-07-26 08:45:00,CNR6548599195,Success,CID899236,Prime Sedan,Malleshwaram,Rajarajeshwari Nagar,189.0,95.0,Not Applicable,Not Applicable,No,Not Applicable,852,UPI,19,3.3,3.4
2024-07-30 19:05:00,CNR6188754728,Success,CID359473,Bike,Ulsoor,Hennur,77.0,75.0,Not Applicable,Not Applicable,No,Not Applicable,2213,Cash,36,3.6,4.9
2024-07-29 08:32:00,CNR9010439118,Canceled by Driver,CID156712,Bike,Hennur,Richmond Town,,,Not Applicable,Personal & Car related issue,Not Applicable,Not Applicable,748,Not Applicable,0,,
2024-07-02 13:17:00,CNR6676317680,Canceled by Customer,CID829876,eBike,Langford Town,Shantinagar,,,Driver is not moving towards pickup location,Not Applicable,Not Applicable,Not Applicable,139,Not Applicable,0,,
2024-07-29 06:08:00,CNR1216463030,Success,CID729972,Bike,Kammanahalli,Shivajinagar,245.0,110.0,Not Applicable,Not Applicable,No,Not Applicable,384,Cash,2,4.6,3.7
2024-07-29 12:48:00,CNR6756664174,Success,CID892275,eBike,Chamarajpet,Peenya,98.0,40.0,Not Applicable,Not Applicable,No,Not Applicable,380,Credit Card,32,4.2,3.4
2024-07-05 15:52:00,CNR6566330134,Canceled by Driver,CID131932,Prime SUV,Hulimavu,Sarjapur Road,,,Not Applicable,Customer related issue,Not Applicable,Not Applicable,417,Not Applicable,0,,
2024-07-16 08:14:00,CNR4602467987,Driver Not Found,CID949908,Bike,Hebbal,Frazer Town,,,Not Applicable,Not Applicable,Not Applicable,Not Applicable,2527,Not Applicable,0,,
2024-07-17 18:30:00,CNR5132162520,Canceled by Customer,CID279142,Prime Plus,Whitefield,Tumkur Road,,,AC is Not working,Not Applicable,Not Applicable,Not Applicable,479,Not Applicable,0,,
2024-07-25 07:42:00,CNR6460711042,Canceled by Driver,CID477680,eBike,Electronic City,Chickpet,,,Not Applicable,More than permitted people in there,Not Applicable,Not Applicable,902,Not Applicable,0,,
2024-07-16 02:28:00,CNR5033107367,Success,CID740415,eBike,Frazer Town,Bellandur,63.0,75.0,Not Applicable,Not Applicable,No,Not Applicable,525,UPI,19,3.3,3.5
2024-07-19 02:57:00,CNR1329860070,Success,CID774051,Mini,Tumkur Road,Electronic City,63.0,55.0,Not Applicable,Not Applicable,No,Not Applicable,392,Cash,18,5.0,4.9
2024-07-18 17:38:00,CNR9916723720,Driver Not Found,CID346275,Auto,Varthur,Shantinagar,,,Not Applicable,Not Applicable,Not Applicable,Not Applicable,191,Not Applicable,0,,
2024-07-17 14:16:00,CNR1368949857,Success,CID911118,Mini,Chickpet,Kammanahalli,252.0,60.0,Not Applicable,Not Applicable,No,Not Applicable,648,Cash,5,4.0,3.3
2024-07-17 08:11:00,CNR1150499529,Canceled by Driver,CID313584,Auto,BTM Layout,Vijayanagar,,,Not Applicable,Customer related issue,Not Applicable,Not Applicable,451,Not Applicable,0,,
2024-07-17 15:58:00,CNR9625756863,Driver Not Found,CID976701,eBike,Shivajinagar,Basavanagudi,,,Not Applicable,Not Applicable,Not Applicable,Not Applicable,305,Not Applicable,0,,
2024-07-30 05:09:00,CNR5749810578,Success,CID548072,Prime Plus,Hennur,BTM Layout,224.0,70.0,Not Applicable,Not Applicable,No,Not Applicable,309,UPI,2,4.8,4.5
2024-07-19 17:59:00,CNR9959384729,Canceled by Driver,CID581166,Prime Sedan,Whitefield,Kengeri,,,Not Applicable,Customer was coughing/sick,Not Applicable,Not Applicable,2510,Not Applicable,0,,
2024-07-26 19:19:00,CNR7486147293,Canceled by Customer,CID586378,Prime SUV,Frazer Town,Padmanabhanagar,,,Change of plans,Not Applicable,Not Applicable,Not Applicable,1185,Not Applicable,0,,
2024-07-29 09:17:00,CNR7849477865,Driver Not Found,CID742623,Mini,Tumkur Road,Kammanahalli,,,Not Applicable,Not Applicable,Not Applicable,Not Applicable,281,Not Applicable,0,,
2024-07-07 11:46:00,CNR6925439333,Success,CID705927,Prime Plus,Devanahalli,RT Nagar,280.0,85.0,Not Applicable,Not Applicable,No,Not Applicable,110,Cash,38,3.4,3.7
2024-07-29 13:34:00,CNR8143914308,Success,CID704314,Prime Sedan,Kadugodi,Nagarbhavi,105.0,25.0,Not Applicable,Not Applicable,No,Not Applicable,2939,UPI,33,4.1,3.2
2024-07-29 04:56:00,CNR2196718958,Driver Not Found,CID998991,Auto,Bannerghatta Road,Cox Town,,,Not Applicable,Not Applicable,Not Applicable,Not Applicable,176,Not Applicable,0,,
2024-07-03 19:44:00,CNR6236951862,Driver Not Found,CID845823,Prime Plus,Majestic,Yelahanka,,,Not Applicable,Not Applicable,Not Applicable,Not Applicable,834,Not Applicable,0,,
2024-07-14 13:39:00,CNR9586911984,Driver Not Found,CID109107,Auto,Kadugodi,Indiranagar,,,Not Applicable,Not Applicable,Not Applicable,Not Applicable,213,Not Applicable,0,,
2024-07-30 02:23:00,CNR4758865381,Success,CID520429,Bike,Vijayanagar,Vijayanagar,133.0,45.0,Not Applicable,Not Applicable,No,Not Applicable,123,UPI,16,3.6,3.5
2024-07-12 07:24:00,CNR8398268912,Canceled by Driver,CID119028,Prime Plus,Kadugodi,Padmanabhanagar,,,Not Applicable,Personal & Car related issue,Not Applicable,Not Applicable,854,Not Applicable,0,,
2024-07-11 15:42:00,CNR6172790031,Success,CID960392,Mini,Peenya,Vijayanagar,182.0,95.0,Not Applicable,Not Applicable,Yes,Other Issue,935,Cash,34,3.7,3.5
2024-07-30 05:20:00,CNR9700849694,Canceled by Driver,CID835306,Prime Sedan,Cox Town,Varthur,,,Not Applicable,Personal & Car related issue,Not Applicable,Not Applicable,457,Not Applicable,0,,
2024-07-26 18:28:00,CNR7184712464,Driver Not Found,CID673406,Bike,Kammanahalli,Indiranagar,,,Not Applicable,Not Applicable,Not Applicable,Not Applicable,325,Not Applicable,0,,
2024-07-29 00:47:00,CNR5077422371,Success,CID532393,Mini,Cox Town,Richmond Town,238.0,80.0,Not Applicable,Not Applicable,No,Not Applicable,2524,UPI,3,4.3,4.1
2024-07-04 23:47:00,CNR6241391631,Success,CID484670,Bike,Jayanagar,Tumkur Road,203.0,25.0,Not Applicable,Not Applicable,No,Not Applicable,668,Cash,27,3.4,4.3
2024-07-05 10:41:00,CNR4617161817,Success,CID920057,Prime SUV,Varthur,Malleshwaram,133.0,60.0,Not Applicable,Not Applicable,No,Not Applicable,473,Cash,20,4.3,4.9
2024-07-18 02:18:00,CNR3828458407,Success,CID252490,Prime SUV,Banashankari,Yeshwanthpur,259.0,50.0,Not Applicable,Not Applicable,No,Not Applicable,2474,Cash,32,3.2,4.2
2024-07-22 09:30:00,CNR6842853301,Success,CID920164,Prime SUV,Sarjapur Road,Langford Town,70.0,120.0,Not Applicable,Not Applicable,No,Not Applicable,2831,UPI,34,3.5,3.5
2024-07-02 18:46:00,CNR4526928278,Success,CID619708,Mini,Mysore Road,Yelahanka,294.0,35.0,Not Applicable,Not Applicable,No,Not Applicable,352,Cash,5,4.6,3.9
2024-07-13 07:00:00,CNR8927974037,Canceled by Driver,CID261837,Prime SUV,Shivajinagar,Vijayanagar,,,Not Applicable,Customer related issue,Not Applicable,Not Applicable,332,Not Applicable,0,,
2024-07-27 15:13:00,CNR1223427480,Success,CID848873,Prime Plus,Ulsoor,Shivajinagar,210.0,25.0,Not Applicable,Not Applicable,No,Not Applicable,321,Cash,28,3.6,3.3
2024-07-26 23:27:00,CNR6153618941,Success,CID964262,Auto,Langford Town,KR Puram,42.0,40.0,Not Applicable,Not Applicable,Yes,Customer Demand,103,Cash,12,3.2,4.3
2024-07-11 11:42:00,CNR7597457733,Canceled by Driver,CID371409,Bike,Kadugodi,Hosur Road,,,Not Applicable,More than permitted people in there,Not Applicable,Not Applicable,2436,Not Applicable,0,,
2024-07-22 04:55:00,CNR7405711211,Success,CID328635,Prime Plus,Whitefield,Bannerghatta Road,105.0,60.0,Not Applicable,Not Applicable,Yes,Customer Demand,100,Cash,49,4.2,3.4
2024-07-28 23:06:00,CNR9665430365,Success,CID536773,Bike,Indiranagar,JP Nagar,91.0,105.0,Not Applicable,Not Applicable,No,Not Applicable,462,UPI,32,4.4,4.1
2024-07-25 03:37:00,CNR4276028131,Canceled by Driver,CID925635,Mini,Kammanahalli,JP Nagar,,,Not Applicable,Customer was coughing/sick,Not Applicable,Not Applicable,170,Not Applicable,0,,
2024-07-18 00:37:00,CNR2134710532,Success,CID590587,eBike,KR Puram,Cox Town,238.0,90.0,Not Applicable,Not Applicable,Yes,Other Issue,135,Cash,32,4.9,4.0
2024-07-01 20:24:00,CNR6081569428,Success,CID700533,Prime Sedan,Devanahalli,Hulimavu,77.0,30.0,Not Applicable,Not Applicable,No,Not Applicable,145,Cash,23,4.0,3.2
2024-07-27 08:04:00,CNR1391274199,Success,CID433943,Prime Plus,Padmanabhanagar,Ramamurthy Nagar,301.0,45.0,Not Applicable,Not Applicable,No,Not Applicable,352,Cash,36,4.7,4.2
2024-07-15 13:52:00,CNR4343917076,Success,CID126834,Bike,Padmanabhanagar,Magadi Road,301.0,35.0,Not Applicable,Not Applicable,No,Not Applicable,209,Cash,32,4.1,4.8
2024-07-26 17:35:00,CNR4638206134,Success,CID260388,eBike,Shantinagar,Peenya,308.0,45.0,Not Applicable,Not Applicable,No,Not Applicable,119,Cash,20,3.7,3.0
2024-07-29 06:44:00,CNR3562269355,Canceled by Driver,CID815159,Prime Sedan,Hebbal,Yelahanka,,,Not Applicable,More than permitted people in there,Not Applicable,Not Applicable,1014,Not Applicable,0,,
2024-07-26 16:42:00,CNR6809863635,Success,CID188909,Bike,Sarjapur Road,Hennur,182.0,75.0,Not Applicable,Not Applicable,No,Not Applicable,391,UPI,39,4.1,4.6
2024-07-29 01:21:00,CNR7151362233,Canceled by Driver,CID515490,Bike,Malleshwaram,Kammanahalli,,,Not Applicable,Customer was coughing/sick,Not Applicable,Not Applicable,716,Not Applicable,0,,
2024-07-04 19:33:00,CNR8867857580,Canceled by Driver,CID507362,Prime SUV,Shantinagar,Yeshwanthpur,,,Not Applicable,More than permitted people in there,Not Applicable,Not Applicable,878,Not Applicable,0,,
2024-07-05 19:32:00,CNR3456057789,Success,CID917821,Prime Sedan,MG Road,MG Road,140.0,60.0,Not Applicable,Not Applicable,Yes,Customer Demand,464,Cash,36,3.2,3.2
2024-07-04 04:48:00,CNR9292448996,Canceled by Driver,CID921696,Prime Sedan,Shivajinagar,Hennur,,,Not Applicable,Customer related issue,Not Applicable,Not Applicable,1451,Not Applicable,0,,
2024-07-12 00:09:00,CNR9811788196,Success,CID253886,Prime SUV,Nagarbhavi,Padmanabhanagar,210.0,55.0,Not Applicable,Not Applicable,No,Not Applicable,410,UPI,31,4.9,4.9
2024-07-11 10:06:00,CNR2009416116,Canceled by Driver,CID803070,eBike,Ulsoor,HSR Layout,,,Not Applicable,Customer related issue,Not Applicable,Not Applicable,288,Not Applicable,0,,
2024-07-11 23:30:00,CNR8069306610,Driver Not Found,CID958831,Mini,Shivajinagar,Shantinagar,,,Not Applicable,Not Applicable,Not Applicable,Not Applicable,418,Not Applicable,0,,
2024-07-12 01:24:00,CNR3781563740,Success,CID120885,eBike,Basavanagudi,Richmond Town,77.0,120.0,Not Applicable,Not Applicable,No,Not Applicable,896,Cash,4,3.6,5.0
2024-07-09 23:56:00,CNR8631404541,Success,CID394826,eBike,Varthur,Ulsoor,217.0,130.0,Not Applicable,Not Applicable,No,Not Applicable,374,Cash,17,4.8,3.1
2024-07-13 00:20:00,CNR5959491790,Canceled by Driver,CID220642,Bike,Hosur Road,Hennur,,,Not Applicable,Personal & Car related issue,Not Applicable,Not Applicable,998,Not Applicable,0,,
2024-07-04 20:17:00,CNR6290128582,Success,CID579585,Prime Sedan,Whitefield,Rajajinagar,266.0,50.0,Not Applicable,Not Applicable,No,Not Applicable,287,Cash,29,4.3,4.6
2024-07-25 18:03:00,CNR5655400661,Success,CID338089,eBike,Indiranagar,Kengeri,287.0,45.0,Not Applicable,Not Applicable,Yes,Other Issue,399,Cash,46,4.8,3.2
2024-07-07 20:06:00,CNR8367311250,Success,CID171223,Prime SUV,Kammanahalli,Marathahalli,259.0,125.0,Not Applicable,Not Applicable,No,Not Applicable,168,Cash,37,3.6,3.2
2024-07-08 07:57:00,CNR9605879126,Driver Not Found,CID713304,Bike,Basavanagudi,Padmanabhanagar,,,Not Applicable,Not Applicable,Not Applicable,Not Applicable,388,Not Applicable,0,,
2024-07-02 08:10:00,CNR3802348912,Canceled by Customer,CID838652,Prime SUV,Hebbal,Cox Town,,,Change of plans,Not Applicable,Not Applicable,Not Applicable,655,Not Applicable,0,,
2024-07-20 19:54:00,CNR5445568048,Canceled by Driver,CID883647,Bike,Shivajinagar,Vijayanagar,,,Not Applicable,More than permitted people in there,Not Applicable,Not Applicable,237,Not Applicable,0,,
2024-07-05 07:41:00,CNR3274204238,Success,CID326718,Auto,Malleshwaram,Sahakar Nagar,140.0,125.0,Not Applicable,Not Applicable,No,Not Applicable,311,UPI,11,3.7,4.9
2024-07-09 10:34:00,CNR9387403288,Success,CID969089,eBike,Bannerghatta Road,Koramangala,35.0,100.0,Not Applicable,Not Applicable,No,Not Applicable,163,UPI,28,3.5,3.2
2024-07-16 19:19:00,CNR1869352468,Driver Not Found,CID320486,Mini,Langford Town,Peenya,,,Not Applicable,Not Applicable,Not Applicable,Not Applicable,304,Not Applicable,0,,
2024-07-24 17:39:00,CNR5508505090,Canceled by Customer,CID812884,Prime SUV,Richmond Town,Rajajinagar,,,Driver is not moving towards pickup location,Not Applicable,Not Applicable,Not Applicable,182,Not Applicable,0,,
2024-07-18 10:56:00,CNR9520168885,Canceled by Driver,CID371263,eBike,Banashankari,Vijayanagar,,,Not Applicable,Customer related issue,Not Applicable,Not Applicable,1141,Not Applicable,0,,
2024-07-14 07:31:00,CNR5793297714,Success,CID667237,Prime Sedan,Koramangala,Vijayanagar,224.0,40.0,Not Applicable,Not Applicable,No,Not Applicable,973,Cash,32,3.4,4.7
2024-07-15 16:20:00,CNR6856845369,Canceled by Driver,CID934852,Mini,Yeshwanthpur,Varthur,,,Not Applicable,Customer was coughing/sick,Not Applicable,Not Applicable,158,Not Applicable,0,,
2024-07-07 14:41:00,CNR6445238264,Success,CID790329,Auto,Basavanagudi,Hennur,161.0,95.0,Not Applicable,Not Applicable,No,Not Applicable,422,Cash,19,4.0,4.5
2024-07-28 00:05:00,CNR5944792794,Success,CID904183,Auto,Frazer Town,Bannerghatta Road,70.0,60.0,Not Applicable,Not Applicable,No,Not Applicable,409,UPI,15,4.6,3.9
2024-07-21 14:31:00,CNR1727290696,Driver Not Found,CID510729,Prime Sedan,Cox Town,Mysore Road,,,Not Applicable,Not Applicable,Not Applicable,Not Applicable,978,Not Applicable,0,,
2024-07-30 05:41:00,CNR9665384441,Driver Not Found,CID147121,Bike,Devanahalli,Tumkur Road,,,Not Applicable,Not Applicable,Not Applicable,Not Applicable,162,Not Applicable,0,,
2024-07-05 08:25:00,CNR2588516017,Canceled by Customer,CID312119,Prime Sedan,KR Puram,Sarjapur Road,,,Driver asked to cancel,Not Applicable,Not Applicable,Not Applicable,332,Not Applicable,0,,
2024-07-04 17:20:00,CNR8537464186,Success,CID961319,eBike,Basavanagudi,Cox Town,42.0,140.0,Not Applicable,Not Applicable,No,Not Applicable,116,UPI,45,4.3,3.3
2024-07-26 10:28:00,CNR3809051298,Success,CID134368,Prime SUV,Majestic,Hulimavu,266.0,60.0,Not Applicable,Not Applicable,No,Not Applicable,780,UPI,26,4.5,3.4
2024-07-04 18:58:00,CNR2747741016,Driver Not Found,CID816011,Prime Plus,Magadi Road,Richmond Town,,,Not Applicable,Not Applicable,Not Applicable,Not Applicable,328,Not Applicable,0,,
2024-07-30 01:18:00,CNR2631441609,Canceled by Driver,CID391840,Prime SUV,Malleshwaram,Basavanagudi,,,Not Applicable,Personal & Car related issue,Not Applicable,Not Applicable,222,Not Applicable,0,,
2024-07-14 02:42:00,CNR8764871796,Driver Not Found,CID939243,Mini,Hennur,MG Road,,,Not Applicable,Not Applicable,Not Applicable,Not Applicable,468,Not Applicable,0,,
2024-07-02 22:44:00,CNR5361484982,Success,CID424882,Auto,JP Nagar,Hebbal,98.0,110.0,Not Applicable,Not Applicable,No,Not Applicable,211,Cash,7,5.0,4.5
2024-07-20 04:43:00,CNR9822359990,Canceled by Driver,CID691249,Bike,Ramamurthy Nagar,Banashankari,,,Not Applicable,Personal & Car related issue,Not Applicable,Not Applicable,692,Not Applicable,0,,
2024-07-09 20:37:00,CNR1840395719,Canceled by Driver,CID480489,Mini,Rajajinagar,Shantinagar,,,Not Applicable,More than permitted people in there,Not Applicable,Not Applicable,981,Not Applicable,0,,
2024-07-04 06:21:00,CNR2214498865,Success,CID584916,Prime SUV,KR Puram,Langford Town,294.0,40.0,Not Applicable,Not Applicable,No,Not Applicable,623,Cash,18,3.6,3.1
2024-07-21 11:34:00,CNR7380545340,Driver Not Found,CID513541,Prime SUV,Majestic,Jayanagar,,,Not Applicable,Not Applicable,Not Applicable,Not Applicable,106,Not Applicable,0,,
2024-07-28 09:18:00,CNR6537862483,Success,CID351971,Bike,Varthur,Hosur Road,126.0,55.0,Not Applicable,Not Applicable,No,Not Applicable,897,Cash,19,3.4,3.4
2024-07-09 00:46:00,CNR8951640298,Success,CID594290,Mini,Shantinagar,JP Nagar,91.0,145.0,Not Applicable,Not Applicable,No,Not Applicable,193,Cash,38,4.8,3.4
2024-07-19 13:29:00,CNR2106299453,Success,CID257793,Prime Sedan,Rajajinagar,Basavanagudi,196.0,25.0,Not Applicable,Not Applicable,No,Not Applicable,419,UPI,7,4.0,4.9
2024-07-13 15:41:00,CNR4425220123,Driver Not Found,CID529110,Mini,KR Puram,Tumkur Road,,,Not Applicable,Not Applicable,Not Applicable,Not Applicable,407,Not Applicable,0,,
2024-07-05 03:11:00,CNR7761792436,Driver Not Found,CID215738,Prime Sedan,Koramangala,Peenya,,,Not Applicable,Not Applicable,Not Applicable,Not Applicable,107,Not Applicable,0,,
2024-07-05 09:29:00,CNR9952716088,Canceled by Driver,CID152515,Mini,Chamarajpet,Chickpet,,,Not Applicable,Customer was coughing/sick,Not Applicable,Not Applicable,174,Not Applicable,0,,
2024-07-17 15:52:00,CNR9115437154,Canceled by Customer,CID345717,Prime Sedan,Majestic,Richmond Town,,,Driver is not moving towards pickup location,Not Applicable,Not Applicable,Not Applicable,283,Not Applicable,0,,
2024-07-11 08:31:00,CNR5487406541,Success,CID311011,Prime SUV,Frazer Town,Whitefield,147.0,55.0,Not Applicable,Not Applicable,No,Not Applicable,1766,Cash,8,4.7,3.5
2024-07-25 07:54:00,CNR3890535714,Success,CID248776,Prime Plus,Tumkur Road,Vijayanagar,49.0,85.0,Not Applicable,Not Applicable,No,Not Applicable,872,UPI,2,4.2,4.1
2024-07-04 04:27:00,CNR3870499669,Success,CID520285,Prime SUV,Richmond Town,Langford Town,168.0,45.0,Not Applicable,Not Applicable,No,Not Applicable,447,UPI,30,4.4,4.4
2024-07-29 06:42:00,CNR3268243697,Success,CID597235,Bike,Shantinagar,Nagarbhavi,140.0,90.0,Not Applicable,Not Applicable,No,Not Applicable,114,Cash,41,4.6,3.5
2024-07-11 21:44:00,CNR6600812242,Canceled by Driver,CID664528,eBike,Chamarajpet,Shivajinagar,,,Not Applicable,More than permitted people in there,Not Applicable,Not Applicable,772,Not Applicable,0,,
2024-07-24 18:07:00,CNR4896411352,Canceled by Driver,CID404349,Prime Sedan,Ulsoor,Bellandur,,,Not Applicable,Customer related issue,Not Applicable,Not Applicable,257,Not Applicable,0,,
2024-07-17 19:31:00,CNR9952050418,Canceled by Driver,CID279421,Prime Plus,Ulsoor,Chickpet,,,Not Applicable,More than permitted people in there,Not Applicable,Not Applicable,133,Not Applicable,0,,
2024-07-09 19:43:00,CNR8466134272,Success,CID461026,eBike,Koramangala,HSR Layout,175.0,40.0,Not Applicable,Not Applicable,No,Not Applicable,184,Cash,42,4.3,4.3
2024-07-05 19:10:00,CNR7207482296,Success,CID594649,Prime SUV,KR Puram,BTM Layout,224.0,25.0,Not Applicable,Not Applicable,No,Not Applicable,384,UPI,48,3.2,3.2
2024-07-26 15:54:00,CNR7683354494,Driver Not Found,CID810174,eBike,Shivajinagar,Frazer Town,,,Not Applicable,Not Applicable,Not Applicable,Not Applicable,345,Not Applicable,0,,
2024-07-19 09:54:00,CNR5950605893,Success,CID821782,Bike,Kammanahalli,Varthur,175.0,85.0,Not Applicable,Not Applicable,No,Not Applicable,259,Cash,36,4.5,4.0
2024-07-20 01:41:00,CNR9339944407,Driver Not Found,CID204652,Mini,Varthur,Hulimavu,,,Not Applicable,Not Applicable,Not Applicable,Not Applicable,141,Not Applicable,0,,
2024-07-08 14:01:00,CNR8175535698,Success,CID423428,Bike,Banashankari,RT Nagar,84.0,75.0,Not Applicable,Not Applicable,No,Not Applicable,301,Cash,45,4.3,3.9
2024-07-27 21:38:00,CNR8347496552,Success,CID420688,Prime Plus,BTM Layout,Electronic City,203.0,65.0,Not Applicable,Not Applicable,No,Not Applicable,458,UPI,15,3.6,4.1
2024-07-27 01:10:00,CNR5453522339,Driver Not Found,CID664744,Auto,Tumkur Road,Richmond Town,,,Not Applicable,Not Applicable,Not Applicable,Not Applicable,157,Not Applicable,0,,
2024-07-03 09:40:00,CNR1257008320,Canceled by Driver,CID238810,Mini,Magadi Road,Shantinagar,,,Not Applicable,Customer was coughing/sick,Not Applicable,Not Applicable,221,Not Applicable,0,,
2024-07-08 13:25:00,CNR2135130610,Success,CID234922,eBike,Devanahalli,Hebbal,63.0,100.0,Not Applicable,Not Applicable,No,Not Applicable,712,Cash,27,3.5,3.3
2024-07-15 12:11:00,CNR8645664221,Driver Not Found,CID913971,Auto,Malleshwaram,Devanahalli,,,Not Applicable,Not Applicable,Not Applicable,Not Applicable,170,Not Applicable,0,,
2024-07-14 14:03:00,CNR6530648099,Success,CID170486,eBike,Chamarajpet,Kammanahalli,245.0,35.0,Not Applicable,Not Applicable,No,Not Applicable,349,UPI,34,3.1,3.9
2024-07-15 12:49:00,CNR4368699268,Success,CID617536,Bike,JP Nagar,HSR Layout,308.0,80.0,Not Applicable,Not Applicable,No,Not Applicable,2981,UPI,29,3.3,3.5
2024-07-08 09:17:00,CNR8276738000,Canceled by Customer,CID832110,Prime Sedan,BTM Layout,KR Puram,,,Driver asked to cancel,Not Applicable,Not Applicable,Not Applicable,461,Not Applicable,0,,
2024-07-27 22:01:00,CNR8334253054,Success,CID912438,Bike,Basavanagudi,Ramamurthy Nagar,126.0,125.0,Not Applicable,Not Applicable,No,Not Applicable,407,Debit Card,38,3.8,4.2
2024-07-15 05:07:00,CNR6593813654,Canceled by Driver,CID463222,Prime Sedan,Ramamurthy Nagar,Sarjapur Road,,,Not Applicable,Customer related issue,Not Applicable,Not Applicable,734,Not Applicable,0,,
2024-07-10 02:24:00,CNR1910803919,Canceled by Driver,CID415850,Auto,Kadugodi,Ramamurthy Nagar,,,Not Applicable,Personal & Car related issue,Not Applicable,Not Applicable,439,Not Applicable,0,,
2024-07-30 17:11:00,CNR6269165307,Canceled by Driver,CID430221,eBike,KR Puram,Peenya,,,Not Applicable,More than permitted people in there,Not Applicable,Not Applicable,402,Not Applicable,0,,
2024-07-15 19:53:00,CNR9987652891,Success,CID221788,Prime Plus,Yeshwanthpur,Ulsoor,189.0,60.0,Not Applicable,Not Applicable,No,Not Applicable,229,Cash,38,3.2,4.1
2024-07-03 17:56:00,CNR9332598173,Success,CID320290,Bike,Frazer Town,Bannerghatta Road,175.0,125.0,Not Applicable,Not Applicable,No,Not Applicable,870,Cash,44,3.3,3.6
2024-07-17 13:48:00,CNR4717468597,Success,CID754739,Auto,Kengeri,Marathahalli,140.0,95.0,Not Applicable,Not Applicable,No,Not Applicable,296,UPI,4,3.4,3.9
2024-07-04 15:19:00,CNR5396183977,Canceled by Customer,CID464434,eBike,Richmond Town,BTM Layout,,,Driver is not moving towards pickup location,Not Applicable,Not Applicable,Not Applicable,714,Not Applicable,0,,
2024-07-30 06:54:00,CNR9933859478,Success,CID930407,Bike,Koramangala,Chamarajpet,98.0,80.0,Not Applicable,Not Applicable,No,Not Applicable,371,Cash,31,3.6,4.6
2024-07-17 09:18:00,CNR8182393139,Canceled by Driver,CID690992,Prime SUV,Devanahalli,Cox Town,,,Not Applicable,Personal & Car related issue,Not Applicable,Not Applicable,2702,Not Applicable,0,,
2024-07-03 18:35:00,CNR6723287406,Success,CID127551,Auto,Peenya,Banashankari,273.0,90.0,Not Applicable,Not Applicable,No,Not Applicable,106,Cash,10,4.6,4.2
2024-07-04 19:36:00,CNR1226085548,Success,CID527547,Prime Sedan,Varthur,JP Nagar,273.0,95.0,Not Applicable,Not Applicable,No,Not Applicable,126,Cash,44,4.0,3.7
2024-07-30 17:43:00,CNR2378099288,Driver Not Found,CID816083,Prime Plus,JP Nagar,Frazer Town,,,Not Applicable,Not Applicable,Not Applicable,Not Applicable,116,Not Applicable,0,,
2024-07-07 19:52:00,CNR8350460478,Canceled by Customer,CID325974,Auto,Marathahalli,Kengeri,,,Driver is not moving towards pickup location,Not Applicable,Not Applicable,Not Applicable,2021,Not Applicable,0,,
2024-07-02 03:31:00,CNR5338600918,Success,CID103731,Prime Sedan,Kadugodi,Hennur,98.0,115.0,Not Applicable,Not Applicable,No,Not Applicable,392,Cash,41,3.2,4.3
2024-07-30 04:40:00,CNR6739713785,Canceled by Driver,CID319646,eBike,MG Road,Ramamurthy Nagar,,,Not Applicable,Personal & Car related issue,Not Applicable,Not Applicable,189,Not Applicable,0,,
2024-07-13 05:27:00,CNR9465134935,Success,CID598819,eBike,Malleshwaram,Bellandur,266.0,30.0,Not Applicable,Not Applicable,No,Not Applicable,426,UPI,42,4.0,3.9
2024-07-20 18:11:00,CNR8856041746,Success,CID674181,Prime Sedan,Padmanabhanagar,Yelahanka,126.0,85.0,Not Applicable,Not Applicable,No,Not Applicable,135,Cash,24,4.1,3.5
2024-07-06 22:22:00,CNR1704783304,Success,CID358171,eBike,Sarjapur Road,Richmond Town,49.0,100.0,Not Applicable,Not Applicable,No,Not Applicable,195,UPI,20,4.1,3.4
2024-07-28 18:04:00,CNR8708552203,Canceled by Driver,CID174014,Prime Plus,Rajajinagar,Yeshwanthpur,,,Not Applicable,Customer was coughing/sick,Not Applicable,Not Applicable,490,Not Applicable,0,,
2024-07-28 08:13:00,CNR5764447560,Success,CID167927,Bike,Padmanabhanagar,Mysore Road,266.0,95.0,Not Applicable,Not Applicable,No,Not Applicable,543,Cash,5,3.4,3.6
2024-07-29 22:00:00,CNR2801099655,Driver Not Found,CID623513,Prime Plus,RT Nagar,Whitefield,,,Not Applicable,Not Applicable,Not Applicable,Not Applicable,372,Not Applicable,0,,
2024-07-03 04:05:00,CNR9937203199,Success,CID841669,Prime SUV,Frazer Town,Hennur,301.0,35.0,Not Applicable,Not Applicable,No,Not Applicable,1595,UPI,30,4.3,4.9
2024-07-22 19:26:00,CNR1933110452,Canceled by Customer,CID892501,Bike,Langford Town,Tumkur Road,,,Change of plans,Not Applicable,Not Applicable,Not Applicable,103,Not Applicable,0,,
2024-07-05 15:00:00,CNR7742113973,Success,CID281954,Prime Sedan,Ramamurthy Nagar,RT Nagar,77.0,30.0,Not Applicable,Not Applicable,No,Not Applicable,138,Cash,13,4.1,3.3
2024-07-25 01:05:00,CNR4022072140,Success,CID473121,Prime SUV,Sahakar Nagar,Sarjapur Road,161.0,50.0,Not Applicable,Not Applicable,No,Not Applicable,387,Cash,23,3.7,3.7
2024-07-12 06:27:00,CNR5064552859,Success,CID922394,Prime Sedan,Vijayanagar,Majestic,196.0,60.0,Not Applicable,Not Applicable,Yes,Customer Demand,926,Cash,26,3.7,4.0
2024-07-03 16:47:00,CNR2787190106,Success,CID698616,Bike,HSR Layout,Bannerghatta Road,203.0,125.0,Not Applicable,Not Applicable,No,Not Applicable,828,Cash,25,3.2,4.8
2024-07-11 08:29:00,CNR3826873699,Canceled by Customer,CID871148,eBike,Hennur,Majestic,,,Change of plans,Not Applicable,Not Applicable,Not Applicable,339,Not Applicable,0,,
2024-07-13 22:55:00,CNR5325505524,Canceled by Driver,CID860846,Mini,Yelahanka,Langford Town,,,Not Applicable,Personal & Car related issue,Not Applicable,Not Applicable,148,Not Applicable,0,,
2024-07-12 16:48:00,CNR4979853208,Canceled by Driver,CID100487,eBike,Yelahanka,Devanahalli,,,Not Applicable,Personal & Car related issue,Not Applicable,Not Applicable,127,Not Applicable,0,,
2024-07-19 22:00:00,CNR7455227981,Success,CID136726,Mini,Kadugodi,JP Nagar,259.0,60.0,Not Applicable,Not Applicable,No,Not Applicable,341,UPI,32,3.4,3.7
2024-07-11 16:09:00,CNR8979040736,Success,CID568853,Mini,RT Nagar,Chickpet,126.0,125.0,Not Applicable,Not Applicable,No,Not Applicable,375,UPI,16,4.3,4.6
2024-07-23 18:07:00,CNR9570998026,Success,CID341994,Prime Sedan,Rajarajeshwari Nagar,Yelahanka,119.0,95.0,Not Applicable,Not Applicable,No,Not Applicable,473,Cash,12,3.3,4.2
2024-07-28 01:06:00,CNR4544197997,Canceled by Driver,CID951355,Prime SUV,Frazer Town,Frazer Town,,,Not Applicable,Personal & Car related issue,Not Applicable,Not Applicable,672,Not Applicable,0,,
2024-07-18 16:33:00,CNR3689946011,Success,CID989575,Prime Sedan,Richmond Town,RT Nagar,35.0,40.0,Not Applicable,Not Applicable,No,Not Applicable,310,UPI,39,4.5,3.7
2024-07-06 21:17:00,CNR5083970141,Success,CID125427,Prime Plus,HSR Layout,Padmanabhanagar,266.0,115.0,Not Applicable,Not Applicable,No,Not Applicable,1453,UPI,2,3.8,4.1
2024-07-11 11:19:00,CNR5394738545,Success,CID131518,Mini,Basavanagudi,Chamarajpet,84.0,85.0,Not Applicable,Not Applicable,No,Not Applicable,183,UPI,34,4.7,3.2
2024-07-16 19:10:00,CNR4229838897,Success,CID359092,Auto,Rajajinagar,Frazer Town,84.0,145.0,Not Applicable,Not Applicable,No,Not Applicable,100,Cash,8,4.5,4.5
2024-07-01 13:37:00,CNR7719916391,Success,CID135687,Auto,Chamarajpet,Majestic,224.0,80.0,Not Applicable,Not Applicable,No,Not Applicable,2487,Cash,17,3.1,3.2
2024-07-11 00:51:00,CNR5944536871,Success,CID114780,Bike,Indiranagar,Kengeri,217.0,125.0,Not Applicable,Not Applicable,No,Not Applicable,251,Cash,20,3.0,4.6
2024-07-23 22:12:00,CNR3722446058,Success,CID702358,Mini,Kammanahalli,Richmond Town,105.0,140.0,Not Applicable,Not Applicable,No,Not Applicable,2429,UPI,13,4.9,3.8
2024-07-26 13:48:00,CNR3251199692,Success,CID600630,Bike,Kammanahalli,HSR Layout,168.0,110.0,Not Applicable,Not Applicable,No,Not Applicable,2200,UPI,21,3.4,5.0
2024-07-14 04:31:00,CNR5646134220,Driver Not Found,CID394011,Prime SUV,HSR Layout,Electronic City,,,Not Applicable,Not Applicable,Not Applicable,Not Applicable,459,Not Applicable,0,,
2024-07-06 04:50:00,CNR9644909317,Success,CID526095,Auto,Kammanahalli,Shantinagar,168.0,135.0,Not Applicable,Not Applicable,No,Not Applicable,312,Credit Card,16,4.2,4.9
2024-07-16 11:23:00,CNR9937812434,Success,CID299335,Prime Sedan,MG Road,Hulimavu,35.0,105.0,Not Applicable,Not Applicable,No,Not Applicable,191,Cash,1,4.4,4.3
2024-07-25 00:28:00,CNR8316948051,Success,CID893207,Auto,Padmanabhanagar,Varthur,280.0,130.0,Not Applicable,Not Applicable,No,Not Applicable,531,Cash,7,3.7,4.9
2024-07-16 22:09:00,CNR5490261077,Success,CID277293,Bike,Varthur,Shivajinagar,231.0,85.0,Not Applicable,Not Applicable,No,Not Applicable,494,UPI,45,3.8,4.8
2024-07-14 07:33:00,CNR1527954684,Success,CID350476,Prime SUV,Sahakar Nagar,Devanahalli,77.0,115.0,Not Applicable,Not Applicable,Yes,Vehicle Breakdown,171,UPI,4,3.1,4.1
2024-07-02 16:01:00,CNR1308029331,Success,CID261002,Auto,Vijayanagar,Shantinagar,189.0,135.0,Not Applicable,Not Applicable,No,Not Applicable,761,Cash,18,4.1,4.9
2024-07-07 14:41:00,CNR9553298223,Success,CID139646,Auto,Mysore Road,Malleshwaram,105.0,135.0,Not Applicable,Not Applicable,No,Not Applicable,487,Cash,12,4.1,4.6
2024-07-27 12:33:00,CNR3358349790,Success,CID566567,Prime Plus,Rajarajeshwari Nagar,Bellandur,147.0,60.0,Not Applicable,Not Applicable,No,Not Applicable,298,UPI,39,4.3,4.2
2024-07-12 01:45:00,CNR8399619771,Success,CID891457,Prime Sedan,Shivajinagar,Jayanagar,84.0,85.0,Not Applicable,Not Applicable,No,Not Applicable,328,Cash,32,3.3,4.9
2024-07-15 11:13:00,CNR8759488137,Success,CID210286,Prime Sedan,Hebbal,Kengeri,224.0,25.0,Not Applicable,Not Applicable,No,Not Applicable,210,Cash,9,4.4,3.3
2024-07-19 19:22:00,CNR9861665165,Canceled by Driver,CID169769,Bike,Hennur,Nagarbhavi,,,Not Applicable,More than permitted people in there,Not Applicable,Not Applicable,114,Not Applicable,0,,
2024-07-16 09:38:00,CNR8867718817,Canceled by Driver,CID746991,Bike,Koramangala,Rajarajeshwari Nagar,,,Not Applicable,Customer related issue,Not Applicable,Not Applicable,2681,Not Applicable,0,,
2024-07-08 21:20:00,CNR9393804166,Success,CID246107,Prime Sedan,Mysore Road,Mysore Road,182.0,95.0,Not Applicable,Not Applicable,No,Not Applicable,235,Cash,38,3.1,4.1
2024-07-06 15:46:00,CNR2185232389,Canceled by Customer,CID358706,Auto,Varthur,Devanahalli,,,Wrong Address,Not Applicable,Not Applicable,Not Applicable,189,Not Applicable,0,,
2024-07-21 20:29:00,CNR7361961038,Canceled by Driver,CID964410,Bike,Bellandur,Langford Town,,,Not Applicable,Customer related issue,Not Applicable,Not Applicable,303,Not Applicable,0,,
2024-07-18 13:55:00,CNR2577922022,Success,CID267217,Mini,Frazer Town,Basavanagudi,112.0,70.0,Not Applicable,Not Applicable,No,Not Applicable,354,Cash,36,3.6,3.7
2024-07-03 11:34:00,CNR2910464322,Canceled by Driver,CID853491,Mini,Hosur Road,BTM Layout,,,Not Applicable,Personal & Car related issue,Not Applicable,Not Applicable,570,Not Applicable,0,,
2024-07-05 19:05:00,CNR1756205615,Success,CID113488,Prime SUV,Shivajinagar,Yelahanka,175.0,125.0,Not Applicable,Not Applicable,No,Not Applicable,454,Cash,10,4.8,3.1
2024-07-09 15:07:00,CNR4738953003,Success,CID929037,Prime SUV,Cox Town,Yeshwanthpur,238.0,105.0,Not Applicable,Not Applicable,No,Not Applicable,2470,Cash,31,4.8,4.7
2024-07-17 17:44:00,CNR3174223054,Success,CID755716,Prime SUV,Indiranagar,Mysore Road,119.0,95.0,Not Applicable,Not Applicable,No,Not Applicable,2124,UPI,17,4.3,4.0
2024-07-25 00:03:00,CNR6716167883,Success,CID430319,Bike,Devanahalli,Devanahalli,49.0,105.0,Not Applicable,Not Applicable,No,Not Applicable,340,Cash,12,3.8,3.2
2024-07-19 11:14:00,CNR5026285652,Canceled by Driver,CID787990,Prime Sedan,Kadugodi,Indiranagar,,,Not Applicable,Customer related issue,Not Applicable,Not Applicable,768,Not Applicable,0,,
2024-07-11 02:09:00,CNR7361964609,Success,CID199122,Bike,Chamarajpet,Tumkur Road,56.0,130.0,Not Applicable,Not Applicable,No,Not Applicable,431,Credit Card,13,3.9,3.1
2024-07-16 12:56:00,CNR4245661773,Success,CID863220,Mini,Shivajinagar,Electronic City,196.0,30.0,Not Applicable,Not Applicable,No,Not Applicable,285,UPI,31,3.6,3.3
2024-07-02 14:07:00,CNR3771422304,Success,CID218815,Auto,Nagarbhavi,Magadi Road,294.0,40.0,Not Applicable,Not Applicable,No,Not Applicable,423,Cash,14,3.7,4.8
2024-07-21 10:12:00,CNR1243732935,Canceled by Customer,CID101842,Prime Sedan,RT Nagar,Yelahanka,,,Driver is not moving towards pickup location,Not Applicable,Not Applicable,Not Applicable,510,Not Applicable,0,,
2024-07-14 20:34:00,CNR7148982754,Success,CID612617,Prime SUV,Malleshwaram,Varthur,112.0,70.0,Not Applicable,Not Applicable,No,Not Applicable,315,UPI,42,4.4,3.3
2024-07-06 10:22:00,CNR4869031666,Success,CID531416,Prime SUV,Sarjapur Road,Whitefield,168.0,120.0,Not Applicable,Not Applicable,No,Not Applicable,163,Cash,13,3.2,3.9
2024-07-12 18:02:00,CNR2815436686,Canceled by Driver,CID483083,Mini,Yeshwanthpur,Kengeri,,,Not Applicable,Customer was coughing/sick,Not Applicable,Not Applicable,296,Not Applicable,0,,
2024-07-24 01:40:00,CNR6015979968,Canceled by Driver,CID640166,Mini,Mysore Road,Basavanagudi,,,Not Applicable,More than permitted people in there,Not Applicable,Not Applicable,449,Not Applicable,0,,
2024-07-25 10:35:00,CNR2625160565,Success,CID481188,Auto,Vijayanagar,Ulsoor,168.0,115.0,Not Applicable,Not Applicable,No,Not Applicable,497,UPI,4,4.1,3.4
2024-07-05 05:43:00,CNR3758959121,Success,CID515058,Auto,Hebbal,Sarjapur Road,161.0,80.0,Not Applicable,Not Applicable,No,Not Applicable,402,Cash,12,3.9,3.9
2024-07-02 00:25:00,CNR1743691371,Canceled by Customer,CID392364,Prime Plus,Bellandur,RT Nagar,,,Driver is not moving towards pickup location,Not Applicable,Not Applicable,Not Applicable,2327,Not Applicable,0,,
2024-07-05 17:15:00,CNR4306101219,Success,CID327531,Prime Plus,Nagarbhavi,Sarjapur Road,301.0,130.0,Not Applicable,Not Applicable,No,Not Applicable,764,Cash,20,4.6,3.3
2024-07-01 17:48:00,CNR2217806787,Canceled by Driver,CID995974,Auto,Rajarajeshwari Nagar,RT Nagar,,,Not Applicable,More than permitted people in there,Not Applicable,Not Applicable,178,Not Applicable,0,,
2024-07-02 22:54:00,CNR4403741820,Success,CID450651,eBike,Marathahalli,Hulimavu,196.0,145.0,Not Applicable,Not Applicable,No,Not Applicable,952,Cash,31,5.0,3.1
2024-07-14 22:18:00,CNR8670770558,Canceled by Customer,CID729305,Auto,Kadugodi,Ulsoor,,,Change of plans,Not Applicable,Not Applicable,Not Applicable,280,Not Applicable,0,,
2024-07-04 16:05:00,CNR7295774902,Success,CID332470,eBike,Basavanagudi,Basavanagudi,294.0,40.0,Not Applicable,Not Applicable,No,Not Applicable,212,Cash,11,3.5,3.1
2024-07-08 21:52:00,CNR9801027679,Success,CID557855,Bike,Chamarajpet,Magadi Road,161.0,85.0,Not Applicable,Not Applicable,No,Not Applicable,2167,UPI,25,4.0,4.5
2024-07-05 11:42:00,CNR4232297182,Success,CID354421,Mini,Shantinagar,Koramangala,84.0,125.0,Not Applicable,Not Applicable,No,Not Applicable,633,Cash,42,3.7,4.8
2024-07-15 10:41:00,CNR8280890471,Success,CID432574,Prime Plus,Malleshwaram,Kammanahalli,168.0,75.0,Not Applicable,Not Applicable,Yes,Customer Demand,612,Cash,31,3.4,3.5
2024-07-06 22:48:00,CNR5487440372,Success,CID641865,eBike,Cox Town,Hosur Road,77.0,110.0,Not Applicable,Not Applicable,No,Not Applicable,2919,UPI,37,3.5,3.4
2024-07-20 02:35:00,CNR3248606388,Success,CID659052,Prime SUV,Banashankari,JP Nagar,238.0,80.0,Not Applicable,Not Applicable,No,Not Applicable,451,Cash,1,3.1,3.6
2024-07-28 00:23:00,CNR9547357428,Success,CID756490,Prime SUV,BTM Layout,Hulimavu,49.0,80.0,Not Applicable,Not Applicable,No,Not Applicable,161,Cash,25,4.8,3.7
2024-07-27 16:49:00,CNR8459020082,Canceled by Customer,CID237935,Prime Plus,Hennur,Shivajinagar,,,Wrong Address,Not Applicable,Not Applicable,Not Applicable,438,Not Applicable,0,,
2024-07-10 06:59:00,CNR1724864988,Success,CID777122,Prime Plus,Jayanagar,RT Nagar,77.0,115.0,Not Applicable,Not Applicable,No,Not Applicable,771,UPI,15,4.5,3.4
2024-07-21 23:15:00,CNR6134653939,Driver Not Found,CID985039,Prime Sedan,Yeshwanthpur,Kammanahalli,,,Not Applicable,Not Applicable,Not Applicable,Not Applicable,474,Not Applicable,0,,
2024-07-10 17:50:00,CNR4964335415,Success,CID493406,Prime SUV,Kengeri,Peenya,63.0,85.0,Not Applicable,Not Applicable,No,Not Applicable,250,Cash,42,4.2,4.7
2024-07-20 04:41:00,CNR9992314896,Success,CID388527,Prime Plus,Rajajinagar,Kammanahalli,70.0,145.0,Not Applicable,Not Applicable,No,Not Applicable,230,Cash,18,3.3,3.1
2024-07-08 18:10:00,CNR5240952329,Success,CID299248,Prime Sedan,Indiranagar,Jayanagar,140.0,110.0,Not Applicable,Not Applicable,No,Not Applicable,429,UPI,36,4.0,4.4
2024-07-08 00:02:00,CNR8869618774,Success,CID863278,Mini,Basavanagudi,Hulimavu,56.0,95.0,Not Applicable,Not Applicable,No,Not Applicable,376,UPI,20,3.7,4.4
2024-07-16 05:30:00,CNR2850058937,Canceled by Driver,CID997413,Mini,Chamarajpet,Sahakar Nagar,,,Not Applicable,Customer was coughing/sick,Not Applicable,Not Applicable,359,Not Applicable,0,,
2024-07-30 20:10:00,CNR1919541360,Canceled by Driver,CID898694,Prime Plus,Richmond Town,Marathahalli,,,Not Applicable,Personal & Car related issue,Not Applicable,Not Applicable,282,Not Applicable,0,,
2024-07-21 17:32:00,CNR1644428616,Canceled by Customer,CID590136,eBike,Rajajinagar,Peenya,,,Wrong Address,Not Applicable,Not Applicable,Not Applicable,271,Not Applicable,0,,
2024-07-21 00:41:00,CNR2774592062,Success,CID188324,eBike,HSR Layout,Hosur Road,112.0,80.0,Not Applicable,Not Applicable,No,Not Applicable,2255,UPI,36,4.3,4.1
2024-07-26 06:20:00,CNR9843760123,Driver Not Found,CID179127,Prime Plus,Peenya,Hosur Road,,,Not Applicable,Not Applicable,Not Applicable,Not Applicable,2451,Not Applicable,0,,
2024-07-22 03:34:00,CNR7300941420,Success,CID277391,Prime Plus,Mysore Road,Bellandur,231.0,145.0,Not Applicable,Not Applicable,No,Not Applicable,1740,Cash,15,4.9,3.2
2024-07-11 10:09:00,CNR2843285224,Success,CID477283,Mini,Peenya,Ramamurthy Nagar,49.0,65.0,Not Applicable,Not Applicable,No,Not Applicable,704,UPI,24,3.7,4.5
2024-07-06 13:58:00,CNR6573406802,Success,CID644668,Mini,Rajajinagar,Sahakar Nagar,105.0,50.0,Not Applicable,Not Applicable,No,Not Applicable,865,Cash,10,3.6,4.8
2024-07-29 16:12:00,CNR1064520940,Driver Not Found,CID846121,Prime Plus,MG Road,Indiranagar,,,Not Applicable,Not Applicable,Not Applicable,Not Applicable,449,Not Applicable,0,,
2024-07-01 19:35:00,CNR6628349279,Success,CID155922,Mini,Kammanahalli,Chickpet,63.0,75.0,Not Applicable,Not Applicable,No,Not Applicable,2461,Cash,29,4.0,4.7
2024-07-28 14:26:00,CNR7084956000,Success,CID450006,Mini,Hennur,Mysore Road,217.0,120.0,Not Applicable,Not Applicable,No,Not Applicable,235,UPI,29,4.0,4.8
2024-07-20 03:03:00,CNR9461551316,Success,CID412035,Mini,Hosur Road,Bellandur,287.0,50.0,Not Applicable,Not Applicable,No,Not Applicable,323,Cash,33,4.0,4.3
2024-07-29 08:36:00,CNR1916499143,Canceled by Driver,CID166570,Mini,Jayanagar,Vijayanagar,,,Not Applicable,Customer was coughing/sick,Not Applicable,Not Applicable,714,Not Applicable,0,,
2024-07-02 09:38:00,CNR4728576381,Driver Not Found,CID163704,Prime Plus,KR Puram,Hebbal,,,Not Applicable,Not Applicable,Not Applicable,Not Applicable,409,Not Applicable,0,,
2024-07-01 09:55:00,CNR5924312751,Success,CID424232,Prime SUV,Banashankari,Shivajinagar,294.0,125.0,Not Applicable,Not Applicable,No,Not Applicable,325,Cash,19,4.1,4.9
2024-07-30 00:39:00,CNR6082552534,Canceled by Driver,CID853775,Mini,Varthur,Majestic,,,Not Applicable,More than permitted people in there,Not Applicable,Not Applicable,230,Not Applicable,0,,
2024-07-22 12:18:00,CNR7870329772,Canceled by Driver,CID404552,Prime SUV,Hosur Road,Devanahalli,,,Not Applicable,More than permitted people in there,Not Applicable,Not Applicable,471,Not Applicable,0,,
2024-07-10 01:30:00,CNR6786088446,Canceled by Customer,CID904837,Prime SUV,Indiranagar,Mysore Road,,,Driver is not moving towards pickup location,Not Applicable,Not Applicable,Not Applicable,221,Not Applicable,0,,
2024-07-21 06:20:00,CNR1351628389,Success,CID306274,Prime Plus,Basavanagudi,Shantinagar,210.0,80.0,Not Applicable,Not Applicable,No,Not Applicable,238,Cash,27,4.6,3.2
2024-07-29 21:24:00,CNR7297917069,Canceled by Driver,CID201161,Prime Sedan,Electronic City,Richmond Town,,,Not Applicable,Personal & Car related issue,Not Applicable,Not Applicable,682,Not Applicable,0,,
2024-07-07 06:10:00,CNR8779757354,Success,CID691758,Prime Plus,Electronic City,RT Nagar,84.0,50.0,Not Applicable,Not Applicable,No,Not Applicable,319,Debit Card,6,4.1,4.9
2024-07-28 08:08:00,CNR8221655137,Driver Not Found,CID664002,Prime Plus,Kengeri,Sahakar Nagar,,,Not Applicable,Not Applicable,Not Applicable,Not Applicable,178,Not Applicable,0,,
2024-07-17 07:03:00,CNR7156613152,Canceled by Driver,CID904124,Prime Plus,Kengeri,KR Puram,,,Not Applicable,Personal & Car related issue,Not Applicable,Not Applicable,440,Not Applicable,0,,
2024-07-23 22:50:00,CNR6828441077,Success,CID763299,Bike,Banashankari,Sahakar Nagar,259.0,75.0,Not Applicable,Not Applicable,No,Not Applicable,734,Cash,26,4.3,3.2
2024-07-10 15:34:00,CNR8688589370,Success,CID331115,Bike,Koramangala,Hulimavu,56.0,35.0,Not Applicable,Not Applicable,No,Not Applicable,373,UPI,10,3.4,3.7
2024-07-15 20:42:00,CNR3418645092,Success,CID665758,Auto,Sahakar Nagar,Kammanahalli,231.0,105.0,Not Applicable,Not Applicable,No,Not Applicable,315,Cash,15,3.0,3.2
2024-07-27 12:33:00,CNR1742028096,Canceled by Driver,CID808004,Mini,Hebbal,Shivajinagar,,,Not Applicable,Customer related issue,Not Applicable,Not Applicable,473,Not Applicable,0,,
2024-07-01 16:33:00,CNR4162896614,Canceled by Driver,CID683301,Auto,Basavanagudi,BTM Layout,,,Not Applicable,Customer related issue,Not Applicable,Not Applicable,427,Not Applicable,0,,
2024-07-16 08:26:00,CNR4479309904,Success,CID632719,Prime SUV,Electronic City,Shivajinagar,210.0,50.0,Not Applicable,Not Applicable,No,Not Applicable,378,Cash,11,4.0,4.1
2024-07-27 03:49:00,CNR4105781640,Success,CID340983,Mini,Hulimavu,Padmanabhanagar,280.0,40.0,Not Applicable,Not Applicable,No,Not Applicable,247,Cash,9,3.2,3.7
2024-07-10 21:10:00,CNR2069107300,Canceled by Driver,CID899875,Bike,Cox Town,JP Nagar,,,Not Applicable,Customer was coughing/sick,Not Applicable,Not Applicable,671,Not Applicable,0,,
2024-07-15 13:43:00,CNR3982862679,Canceled by Driver,CID921168,Prime Sedan,Devanahalli,Ramamurthy Nagar,,,Not Applicable,More than permitted people in there,Not Applicable,Not Applicable,348,Not Applicable,0,,
2024-07-13 02:34:00,CNR9754617475,Canceled by Customer,CID726164,Prime SUV,Indiranagar,Devanahalli,,,Driver asked to cancel,Not Applicable,Not Applicable,Not Applicable,198,Not Applicable,0,,
2024-07-16 13:08:00,CNR4791524515,Success,CID908999,Prime SUV,Rajajinagar,KR Puram,105.0,105.0,Not Applicable,Not Applicable,No,Not Applicable,287,UPI,34,3.9,3.4
2024-07-29 09:41:00,CNR5943287538,Success,CID349676,Prime SUV,Shantinagar,Bannerghatta Road,266.0,55.0,Not Applicable,Not Applicable,No,Not Applicable,420,UPI,32,3.5,3.7
2024-07-12 03:18:00,CNR3913950929,Success,CID134706,Bike,Richmond Town,Bellandur,238.0,110.0,Not Applicable,Not Applicable,No,Not Applicable,565,Debit Card,11,4.9,4.1
2024-07-10 05:25:00,CNR4870211243,Canceled by Driver,CID187712,Mini,Jayanagar,KR Puram,,,Not Applicable,Customer related issue,Not Applicable,Not Applicable,231,Not Applicable,0,,
2024-07-06 17:21:00,CNR8814077909,Success,CID324476,eBike,Ulsoor,Bellandur,35.0,100.0,Not Applicable,Not Applicable,No,Not Applicable,602,UPI,45,4.7,4.2
2024-07-14 20:31:00,CNR2041694135,Success,CID229109,Bike,Shivajinagar,Langford Town,49.0,50.0,Not Applicable,Not Applicable,No,Not Applicable,823,UPI,12,3.3,4.3
2024-07-11 14:18:00,CNR7913732820,Canceled by Driver,CID150694,Mini,Yelahanka,Shantinagar,,,Not Applicable,Customer related issue,Not Applicable,Not Applicable,778,Not Applicable,0,,
2024-07-12 20:55:00,CNR9515611931,Canceled by Driver,CID855104,Prime Sedan,Malleshwaram,Ulsoor,,,Not Applicable,Personal & Car related issue,Not Applicable,Not Applicable,420,Not Applicable,0,,
2024-07-10 05:30:00,CNR8490303139,Canceled by Driver,CID755124,Prime Sedan,Hulimavu,Indiranagar,,,Not Applicable,Customer related issue,Not Applicable,Not Applicable,2294,Not Applicable,0,,
2024-07-07 08:37:00,CNR2549913308,Success,CID778964,Prime Sedan,RT Nagar,RT Nagar,98.0,100.0,Not Applicable,Not Applicable,No,Not Applicable,314,Cash,5,3.5,3.7
2024-07-22 06:33:00,CNR2898338773,Success,CID783345,Prime Sedan,Indiranagar,Koramangala,70.0,140.0,Not Applicable,Not Applicable,No,Not Applicable,149,UPI,5,4.3,4.6
2024-07-30 07:25:00,CNR4393904808,Success,CID505018,Bike,Rajarajeshwari Nagar,Magadi Road,308.0,45.0,Not Applicable,Not Applicable,No,Not Applicable,212,UPI,14,3.7,4.7
2024-07-20 22:08:00,CNR1308797496,Canceled by Driver,CID754481,eBike,Sarjapur Road,Shivajinagar,,,Not Applicable,Customer was coughing/sick,Not Applicable,Not Applicable,321,Not Applicable,0,,
2024-07-05 21:14:00,CNR3143587094,Success,CID752280,Prime Plus,Marathahalli,Tumkur Road,231.0,50.0,Not Applicable,Not Applicable,No,Not Applicable,953,UPI,13,3.6,5.0
2024-07-19 18:25:00,CNR5130733395,Success,CID736025,Prime Plus,Varthur,Kengeri,182.0,120.0,Not Applicable,Not Applicable,No,Not Applicable,617,Cash,14,4.1,4.3
2024-07-11 15:29:00,CNR7010749888,Success,CID554148,eBike,Majestic,Indiranagar,91.0,140.0,Not Applicable,Not Applicable,No,Not Applicable,320,Cash,31,3.3,3.2
2024-07-24 23:54:00,CNR3167118328,Success,CID820066,eBike,Magadi Road,MG Road,168.0,125.0,Not Applicable,Not Applicable,No,Not Applicable,286,Cash,48,4.5,3.7
2024-07-25 22:38:00,CNR2499901975,Canceled by Driver,CID985503,eBike,Marathahalli,MG Road,,,Not Applicable,More than permitted people in there,Not Applicable,Not Applicable,209,Not Applicable,0,,
2024-07-30 01:15:00,CNR8786434683,Success,CID411278,Prime Plus,Kadugodi,Sahakar Nagar,133.0,50.0,Not Applicable,Not Applicable,No,Not Applicable,411,UPI,16,4.2,4.3
2024-07-17 19:55:00,CNR4630620207,Success,CID962558,Prime Sedan,Kengeri,JP Nagar,98.0,145.0,Not Applicable,Not Applicable,No,Not Applicable,1077,UPI,15,4.7,4.3
2024-07-09 02:57:00,CNR1923666558,Success,CID420557,Prime Sedan,Chamarajpet,Peenya,175.0,25.0,Not Applicable,Not Applicable,No,Not Applicable,164,UPI,25,4.5,3.7
2024-07-17 04:21:00,CNR4371083630,Success,CID541883,eBike,Yelahanka,Padmanabhanagar,63.0,130.0,Not Applicable,Not Applicable,No,Not Applicable,241,Cash,36,3.5,3.1
2024-07-25 02:43:00,CNR4477337470,Driver Not Found,CID338448,Mini,Ramamurthy Nagar,Hosur Road,,,Not Applicable,Not Applicable,Not Applicable,Not Applicable,470,Not Applicable,0,,
2024-07-12 08:29:00,CNR7279150717,Success,CID515361,Prime Plus,Ramamurthy Nagar,Indiranagar,98.0,60.0,Not Applicable,Not Applicable,No,Not Applicable,301,Cash,40,3.5,3.3
2024-07-16 04:13:00,CNR3696165315,Success,CID105472,Auto,Koramangala,Hosur Road,70.0,40.0,Not Applicable,Not Applicable,No,Not Applicable,2951,UPI,19,3.4,3.3
2024-07-14 07:25:00,CNR1806396117,Canceled by Driver,CID867915,Prime Sedan,Bellandur,MG Road,,,Not Applicable,Customer was coughing/sick,Not Applicable,Not Applicable,353,Not Applicable,0,,
2024-07-30 04:33:00,CNR4210906969,Success,CID718152,Prime Sedan,Majestic,Malleshwaram,280.0,125.0,Not Applicable,Not Applicable,No,Not Applicable,2515,UPI,34,3.8,4.8
2024-07-10 16:13:00,CNR5238324268,Canceled by Driver,CID520526,Bike,Hennur,Sarjapur Road,,,Not Applicable,Customer related issue,Not Applicable,Not Applicable,395,Not Applicable,0,,
2024-07-08 00:30:00,CNR2054588273,Canceled by Driver,CID255589,Mini,Nagarbhavi,Hulimavu,,,Not Applicable,Customer was coughing/sick,Not Applicable,Not Applicable,2768,Not Applicable,0,,
2024-07-12 13:36:00,CNR8193978385,Success,CID712866,Prime Sedan,KR Puram,Chamarajpet,294.0,100.0,Not Applicable,Not Applicable,No,Not Applicable,210,Credit Card,21,4.9,3.5
2024-07-26 11:47:00,CNR6882431641,Canceled by Customer,CID813492,Mini,Bannerghatta Road,Vijayanagar,,,AC is Not working,Not Applicable,Not Applicable,Not Applicable,224,Not Applicable,0,,
2024-07-09 13:11:00,CNR5256668777,Success,CID862937,eBike,Frazer Town,Hulimavu,84.0,50.0,Not Applicable,Not Applicable,No,Not Applicable,235,Cash,27,4.0,3.6
2024-07-16 07:48:00,CNR4587231959,Success,CID772611,eBike,Shantinagar,Hosur Road,140.0,30.0,Not Applicable,Not Applicable,No,Not Applicable,325,UPI,7,4.7,4.5
2024-07-16 14:42:00,CNR7009276735,Success,CID568189,Prime Plus,Bellandur,Peenya,70.0,45.0,Not Applicable,Not Applicable,No,Not Applicable,490,Cash,26,4.4,4.0
2024-07-18 15:38:00,CNR2450386485,Canceled by Driver,CID284156,Prime Sedan,Nagarbhavi,KR Puram,,,Not Applicable,More than permitted people in there,Not Applicable,Not Applicable,148,Not Applicable,0,,
2024-07-03 12:34:00,CNR1015019164,Success,CID369223,Prime SUV,KR Puram,Hulimavu,182.0,85.0,Not Applicable,Not Applicable,No,Not Applicable,400,UPI,29,3.7,4.7
2024-07-02 01:13:00,CNR4248218750,Success,CID752644,Prime Sedan,JP Nagar,Jayanagar,182.0,40.0,Not Applicable,Not Applicable,No,Not Applicable,109,UPI,16,4.4,3.9
2024-07-26 17:53:00,CNR9820733853,Success,CID949055,Mini,Majestic,Devanahalli,98.0,80.0,Not Applicable,Not Applicable,No,Not Applicable,2858,UPI,29,3.1,4.2
2024-07-28 13:22:00,CNR5447274677,Success,CID863293,Prime SUV,Marathahalli,Yelahanka,217.0,115.0,Not Applicable,Not Applicable,No,Not Applicable,633,UPI,8,4.0,4.5
2024-07-06 17:31:00,CNR9113096994,Success,CID278938,Prime Sedan,Hosur Road,Indiranagar,147.0,70.0,Not Applicable,Not Applicable,No,Not Applicable,131,Cash,43,4.2,3.1
2024-07-28 11:45:00,CNR1386130929,Success,CID580753,Prime SUV,Padmanabhanagar,Devanahalli,301.0,75.0,Not Applicable,Not Applicable,Yes,Customer Demand,290,UPI,41,3.6,4.8
2024-07-21 05:03:00,CNR1392102055,Success,CID501426,Prime SUV,JP Nagar,Banashankari,35.0,35.0,Not Applicable,Not Applicable,No,Not Applicable,389,Cash,31,3.3,3.9
2024-07-19 06:49:00,CNR1492031686,Success,CID432782,Prime Sedan,Banashankari,Peenya,119.0,65.0,Not Applicable,Not Applicable,No,Not Applicable,2834,UPI,40,3.2,4.9
2024-07-02 11:31:00,CNR4614902077,Canceled by Customer,CID517114,Prime Plus,Sarjapur Road,Vijayanagar,,,Wrong Address,Not Applicable,Not Applicable,Not Applicable,2211,Not Applicable,0,,
2024-07-20 09:47:00,CNR1056087464,Canceled by Customer,CID488390,Mini,Hebbal,Ulsoor,,,Driver asked to cancel,Not Applicable,Not Applicable,Not Applicable,278,Not Applicable,0,,
2024-07-02 15:23:00,CNR5911717252,Success,CID899775,eBike,Jayanagar,Mysore Road,252.0,115.0,Not Applicable,Not Applicable,No,Not Applicable,745,UPI,37,4.2,4.8
2024-07-20 00:24:00,CNR7870736894,Success,CID666855,eBike,Ramamurthy Nagar,RT Nagar,252.0,75.0,Not Applicable,Not Applicable,No,Not Applicable,535,Cash,44,3.6,4.5
2024-07-10 07:27:00,CNR7802898667,Success,CID602280,Prime Plus,Richmond Town,Ulsoor,98.0,65.0,Not Applicable,Not Applicable,No,Not Applicable,971,Cash,17,3.6,4.6
2024-07-28 04:16:00,CNR3120251284,Success,CID913531,Mini,Hennur,Electronic City,42.0,80.0,Not Applicable,Not Applicable,No,Not Applicable,672,Cash,44,3.3,4.4
2024-07-03 00:49:00,CNR1171157938,Success,CID869320,Prime Plus,Frazer Town,Malleshwaram,140.0,60.0,Not Applicable,Not Applicable,Yes,Vehicle Breakdown,246,Cash,2,3.3,3.5
2024-07-25 10:37:00,CNR4586816320,Success,CID497785,Bike,Ramamurthy Nagar,Vijayanagar,49.0,120.0,Not Applicable,Not Applicable,No,Not Applicable,188,UPI,47,3.6,3.5
2024-07-24 09:15:00,CNR9087585856,Success,CID582789,eBike,Hosur Road,Nagarbhavi,147.0,110.0,Not Applicable,Not Applicable,No,Not Applicable,190,UPI,10,4.8,3.3
2024-07-09 07:48:00,CNR1997985713,Success,CID966412,eBike,Frazer Town,Varthur,126.0,45.0,Not Applicable,Not Applicable,Yes,Customer Demand,167,UPI,29,3.1,4.2
2024-07-29 03:19:00,CNR3686998222,Success,CID449006,Prime Sedan,HSR Layout,Indiranagar,126.0,145.0,Not Applicable,Not Applicable,No,Not Applicable,1845,Cash,3,3.2,3.8
2024-07-09 23:59:00,CNR8373311432,Success,CID277294,Bike,Nagarbhavi,Electronic City,98.0,100.0,Not Applicable,Not Applicable,No,Not Applicable,417,Cash,19,3.2,4.3
2024-07-11 04:33:00,CNR3467047522,Success,CID299149,Mini,Yeshwanthpur,Bannerghatta Road,308.0,40.0,Not Applicable,Not Applicable,Yes,Customer Demand,245,Cash,44,3.9,4.8
2024-07-23 16:22:00,CNR2783460650,Success,CID425976,eBike,Hosur Road,JP Nagar,126.0,75.0,Not Applicable,Not Applicable,No,Not Applicable,1826,Cash,22,3.1,3.1
2024-07-09 15:35:00,CNR5829658824,Success,CID553478,Prime Sedan,Chickpet,Padmanabhanagar,63.0,145.0,Not Applicable,Not Applicable,Yes,Customer Demand,377,UPI,20,3.0,3.9
2024-07-07 08:19:00,CNR4071506532,Success,CID744036,Prime Plus,Sahakar Nagar,Langford Town,245.0,25.0,Not Applicable,Not Applicable,No,Not Applicable,764,Cash,23,3.9,4.0
2024-07-05 19:04:00,CNR2480378011,Canceled by Driver,CID522008,Prime Plus,Richmond Town,HSR Layout,,,Not Applicable,Customer related issue,Not Applicable,Not Applicable,697,Not Applicable,0,,
2024-07-13 07:48:00,CNR6022124581,Success,CID606824,Prime Plus,Nagarbhavi,Richmond Town,49.0,115.0,Not Applicable,Not Applicable,No,Not Applicable,265,Cash,19,4.6,4.6
2024-07-01 14:15:00,CNR6070592203,Success,CID250423,Auto,Electronic City,Shivajinagar,294.0,35.0,Not Applicable,Not Applicable,No,Not Applicable,328,Cash,4,4.3,4.8
2024-07-11 21:38:00,CNR1099279611,Canceled by Driver,CID141599,Prime Sedan,Rajajinagar,Devanahalli,,,Not Applicable,Personal & Car related issue,Not Applicable,Not Applicable,2266,Not Applicable,0,,
2024-07-22 14:56:00,CNR1995415722,Canceled by Customer,CID632969,eBike,Yeshwanthpur,Chamarajpet,,,Wrong Address,Not Applicable,Not Applicable,Not Applicable,181,Not Applicable,0,,
2024-07-13 21:52:00,CNR8267548198,Driver Not Found,CID104120,Prime SUV,Devanahalli,Kammanahalli,,,Not Applicable,Not Applicable,Not Applicable,Not Applicable,453,Not Applicable,0,,
2024-07-20 10:47:00,CNR3246675298,Success,CID277419,Prime Sedan,Rajarajeshwari Nagar,Ulsoor,308.0,85.0,Not Applicable,Not Applicable,Yes,Vehicle Breakdown,704,UPI,1,3.7,4.0
2024-07-05 04:26:00,CNR4091007635,Success,CID122065,Auto,Tumkur Road,Peenya,35.0,85.0,Not Applicable,Not Applicable,No,Not Applicable,237,Cash,1,4.3,3.0
2024-07-23 01:58:00,CNR5110297917,Canceled by Customer,CID530177,Bike,Shantinagar,Hulimavu,,,Change of plans,Not Applicable,Not Applicable,Not Applicable,136,Not Applicable,0,,
2024-07-08 18:47:00,CNR7283247400,Success,CID538378,eBike,Shantinagar,Malleshwaram,238.0,85.0,Not Applicable,Not Applicable,No,Not Applicable,477,UPI,5,4.2,3.8
2024-07-11 12:38:00,CNR9850722348,Success,CID561618,Mini,Whitefield,Hosur Road,245.0,70.0,Not Applicable,Not Applicable,No,Not Applicable,337,Credit Card,42,3.1,4.9
2024-07-20 01:19:00,CNR5149833128,Success,CID765294,Prime Plus,Hulimavu,Hebbal,42.0,85.0,Not Applicable,Not Applicable,No,Not Applicable,241,Cash,48,4.1,4.8
2024-07-04 20:01:00,CNR4696247572,Canceled by Driver,CID583905,Prime Sedan,KR Puram,Shantinagar,,,Not Applicable,Personal & Car related issue,Not Applicable,Not Applicable,332,Not Applicable,0,,
2024-07-16 12:44:00,CNR1577836602,Success,CID767899,Prime Sedan,Tumkur Road,Malleshwaram,35.0,85.0,Not Applicable,Not Applicable,No,Not Applicable,458,UPI,18,3.2,4.9
2024-07-19 02:21:00,CNR4878444795,Canceled by Driver,CID387094,Prime Plus,Vijayanagar,Chickpet,,,Not Applicable,Customer was coughing/sick,Not Applicable,Not Applicable,473,Not Applicable,0,,
2024-07-02 14:51:00,CNR7120871798,Canceled by Driver,CID611716,Prime Plus,Cox Town,Hebbal,,,Not Applicable,Customer related issue,Not Applicable,Not Applicable,999,Not Applicable,0,,
2024-07-22 13:31:00,CNR7844619473,Driver Not Found,CID804326,Auto,Varthur,Mysore Road,,,Not Applicable,Not Applicable,Not Applicable,Not Applicable,199,Not Applicable,0,,
2024-07-15 10:29:00,CNR5425964698,Success,CID126669,Prime Sedan,Devanahalli,Majestic,77.0,125.0,Not Applicable,Not Applicable,No,Not Applicable,101,UPI,24,3.7,4.7
2024-07-02 05:36:00,CNR3381870096,Canceled by Driver,CID913837,Prime Plus,Richmond Town,Bannerghatta Road,,,Not Applicable,More than permitted people in there,Not Applicable,Not Applicable,440,Not Applicable,0,,
2024-07-03 20:16:00,CNR7592904117,Driver Not Found,CID877752,Prime Sedan,Kammanahalli,Banashankari,,,Not Applicable,Not Applicable,Not Applicable,Not Applicable,477,Not Applicable,0,,
2024-07-01 19:15:00,CNR3221418757,Success,CID381032,Prime SUV,HSR Layout,Richmond Town,189.0,80.0,Not Applicable,Not Applicable,No,Not Applicable,165,Credit Card,25,3.8,4.6
2024-07-13 17:02:00,CNR2781839167,Success,CID310697,Bike,Banashankari,RT Nagar,126.0,90.0,Not Applicable,Not Applicable,No,Not Applicable,395,Cash,43,3.9,4.8
2024-07-18 13:14:00,CNR9082452793,Success,CID641853,Prime Plus,Varthur,Electronic City,280.0,55.0,Not Applicable,Not Applicable,No,Not Applicable,253,UPI,31,3.6,4.5
2024-07-20 16:26:00,CNR5501742248,Success,CID438448,eBike,Hebbal,Rajajinagar,63.0,120.0,Not Applicable,Not Applicable,No,Not Applicable,262,Cash,19,3.4,4.9
2024-07-13 12:47:00,CNR8608166246,Success,CID942622,Prime Sedan,Mysore Road,Bellandur,133.0,115.0,Not Applicable,Not Applicable,No,Not Applicable,187,UPI,14,3.1,4.8
2024-07-07 19:12:00,CNR6954680140,Success,CID441577,Bike,Peenya,Chamarajpet,84.0,40.0,Not Applicable,Not Applicable,No,Not Applicable,139,Cash,16,4.0,3.3
2024-07-21 23:48:00,CNR1175006064,Success,CID464393,Prime Plus,Shivajinagar,Yeshwanthpur,161.0,110.0,Not Applicable,Not Applicable,No,Not Applicable,970,Cash,23,4.8,3.4
2024-07-02 05:33:00,CNR1283761704,Success,CID627512,Mini,Koramangala,Shantinagar,147.0,140.0,Not Applicable,Not Applicable,No,Not Applicable,160,Cash,36,4.1,3.9
2024-07-08 11:16:00,CNR4473205496,Success,CID505937,Prime Plus,Sahakar Nagar,Shantinagar,63.0,90.0,Not Applicable,Not Applicable,No,Not Applicable,330,Cash,48,4.3,4.5
2024-07-12 04:10:00,CNR4430013182,Success,CID334000,Prime Plus,Ramamurthy Nagar,Rajajinagar,140.0,110.0,Not Applicable,Not Applicable,No,Not Applicable,176,UPI,16,4.4,3.2
2024-07-05 12:42:00,CNR3799624732,Success,CID813126,Bike,Jayanagar,Chickpet,259.0,145.0,Not Applicable,Not Applicable,No,Not Applicable,463,Cash,2,4.9,4.2
2024-07-26 18:40:00,CNR7801304731,Canceled by Driver,CID738173,Prime SUV,BTM Layout,Ulsoor,,,Not Applicable,Customer was coughing/sick,Not Applicable,Not Applicable,484,Not Applicable,0,,
2024-07-05 10:31:00,CNR2124711669,Success,CID850172,eBike,Mysore Road,JP Nagar,224.0,85.0,Not Applicable,Not Applicable,No,Not Applicable,195,Cash,41,4.2,4.4
2024-07-20 01:44:00,CNR3310428456,Canceled by Customer,CID666675,Prime Sedan,Kengeri,Chickpet,,,Driver asked to cancel,Not Applicable,Not Applicable,Not Applicable,219,Not Applicable,0,,
2024-07-17 23:17:00,CNR1808991433,Driver Not Found,CID791155,Bike,Rajajinagar,Hulimavu,,,Not Applicable,Not Applicable,Not Applicable,Not Applicable,278,Not Applicable,0,,
2024-07-26 19:55:00,CNR6927648148,Canceled by Driver,CID916999,Prime Plus,Kadugodi,Shivajinagar,,,Not Applicable,Customer related issue,Not Applicable,Not Applicable,243,Not Applicable,0,,
2024-07-09 22:52:00,CNR5036491588,Driver Not Found,CID849673,Auto,Chickpet,Richmond Town,,,Not Applicable,Not Applicable,Not Applicable,Not Applicable,718,Not Applicable,0,,
2024-07-19 10:49:00,CNR4819031817,Success,CID312288,Mini,Hulimavu,Ramamurthy Nagar,252.0,120.0,Not Applicable,Not Applicable,Yes,Vehicle Breakdown,411,UPI,24,3.3,4.7
2024-07-20 18:41:00,CNR4178749711,Success,CID159620,Prime Sedan,Banashankari,Rajajinagar,140.0,140.0,Not Applicable,Not Applicable,No,Not Applicable,464,Cash,32,5.0,3.6
2024-07-22 00:53:00,CNR8429999213,Success,CID365706,Bike,Kammanahalli,Frazer Town,49.0,100.0,Not Applicable,Not Applicable,No,Not Applicable,467,Cash,18,4.5,3.7
2024-07-20 04:23:00,CNR8954472401,Canceled by Driver,CID972803,Mini,Majestic,Koramangala,,,Not Applicable,Customer related issue,Not Applicable,Not Applicable,126,Not Applicable,0,,
2024-07-16 20:19:00,CNR6897508263,Success,CID616816,Prime SUV,Hosur Road,HSR Layout,119.0,55.0,Not Applicable,Not Applicable,No,Not Applicable,1329,Cash,24,4.3,4.5
2024-07-06 16:15:00,CNR4946995355,Driver Not Found,CID470854,Prime Plus,Cox Town,Yeshwanthpur,,,Not Applicable,Not Applicable,Not Applicable,Not Applicable,1206,Not Applicable,0,,
2024-07-10 12:59:00,CNR6380627849,Success,CID813594,Auto,Indiranagar,Kammanahalli,84.0,145.0,Not Applicable,Not Applicable,No,Not Applicable,170,Credit Card,13,5.0,3.6
2024-07-01 18:09:00,CNR9775642018,Success,CID651487,Mini,Frazer Town,Hebbal,189.0,70.0,Not Applicable,Not Applicable,No,Not Applicable,222,UPI,36,4.6,3.1
2024-07-11 05:33:00,CNR3544882348,Success,CID453358,Prime Sedan,Indiranagar,Marathahalli,189.0,45.0,Not Applicable,Not Applicable,No,Not Applicable,436,Cash,11,3.9,4.4
2024-07-02 22:43:00,CNR9936758258,Success,CID557882,eBike,Vijayanagar,Electronic City,119.0,105.0,Not Applicable,Not Applicable,No,Not Applicable,1929,UPI,29,4.8,4.0
2024-07-28 01:26:00,CNR6666636033,Success,CID980230,Bike,Bannerghatta Road,KR Puram,161.0,100.0,Not Applicable,Not Applicable,Yes,Customer Demand,427,Cash,8,3.7,3.3
2024-07-28 23:03:00,CNR9234904835,Driver Not Found,CID598134,Prime SUV,JP Nagar,Peenya,,,Not Applicable,Not Applicable,Not Applicable,Not Applicable,520,Not Applicable,0,,
2024-07-18 05:14:00,CNR7563089544,Success,CID398352,Prime Sedan,Hulimavu,Devanahalli,301.0,85.0,Not Applicable,Not Applicable,No,Not Applicable,459,Cash,3,4.3,3.4
2024-07-03 03:43:00,CNR7446742781,Driver Not Found,CID454945,Prime Plus,Hulimavu,Chamarajpet,,,Not Applicable,Not Applicable,Not Applicable,Not Applicable,224,Not Applicable,0,,
2024-07-27 19:37:00,CNR6666273181,Canceled by Customer,CID669024,Prime Plus,Ramamurthy Nagar,Richmond Town,,,Wrong Address,Not Applicable,Not Applicable,Not Applicable,465,Not Applicable,0,,
2024-07-20 20:50:00,CNR3608870944,Success,CID983453,Prime SUV,Basavanagudi,Malleshwaram,63.0,95.0,Not Applicable,Not Applicable,No,Not Applicable,973,Cash,10,3.9,4.1
2024-07-19 01:10:00,CNR4785421914,Success,CID622480,Mini,Sarjapur Road,Kengeri,63.0,105.0,Not Applicable,Not Applicable,No,Not Applicable,435,UPI,17,4.3,4.7
2024-07-12 03:29:00,CNR7268910884,Canceled by Driver,CID628794,Prime SUV,Ramamurthy Nagar,Shantinagar,,,Not Applicable,Personal & Car related issue,Not Applicable,Not Applicable,618,Not Applicable,0,,
2024-07-28 22:37:00,CNR5192952187,Canceled by Driver,CID589878,eBike,Malleshwaram,Richmond Town,,,Not Applicable,More than permitted people in there,Not Applicable,Not Applicable,276,Not Applicable,0,,
2024-07-08 17:41:00,CNR8912706402,Success,CID394632,Auto,Peenya,Cox Town,168.0,60.0,Not Applicable,Not Applicable,No,Not Applicable,104,Cash,5,3.9,4.4
2024-07-22 13:55:00,CNR8147097559,Success,CID319522,Mini,Koramangala,Indiranagar,42.0,65.0,Not Applicable,Not Applicable,No,Not Applicable,239,Cash,22,3.4,3.2
2024-07-19 18:13:00,CNR7471229286,Success,CID105207,eBike,Langford Town,Yeshwanthpur,175.0,40.0,Not Applicable,Not Applicable,No,Not Applicable,214,Cash,40,4.3,4.5
2024-07-11 06:55:00,CNR4332272964,Success,CID128900,Mini,RT Nagar,Bellandur,287.0,125.0,Not Applicable,Not Applicable,No,Not Applicable,907,Credit Card,34,4.0,4.3
2024-07-14 09:21:00,CNR4549614934,Success,CID337914,Auto,Bellandur,Vijayanagar,168.0,135.0,Not Applicable,Not Applicable,No,Not Applicable,424,UPI,14,4.9,4.5
2024-07-29 21:17:00,CNR9142735657,Canceled by Customer,CID227504,Bike,Kadugodi,Richmond Town,,,AC is Not working,Not Applicable,Not Applicable,Not Applicable,710,Not Applicable,0,,
2024-07-23 19:51:00,CNR3555162747,Success,CID280452,Prime SUV,Langford Town,Koramangala,49.0,110.0,Not Applicable,Not Applicable,No,Not Applicable,138,Cash,24,4.8,4.3
2024-07-09 02:15:00,CNR2554282587,Success,CID943082,Prime SUV,Rajarajeshwari Nagar,Banashankari,119.0,90.0,Not Applicable,Not Applicable,No,Not Applicable,2194,UPI,27,4.5,4.8
2024-07-06 07:32:00,CNR1471470861,Success,CID626065,eBike,Langford Town,Yelahanka,287.0,140.0,Not Applicable,Not Applicable,No,Not Applicable,122,Cash,9,4.5,3.9
2024-07-02 09:44:00,CNR3244826548,Success,CID713203,Prime Sedan,Bellandur,Majestic,231.0,145.0,Not Applicable,Not Applicable,No,Not Applicable,860,UPI,42,4.2,4.4
2024-07-26 02:55:00,CNR4350057779,Canceled by Customer,CID782435,Prime SUV,Chickpet,BTM Layout,,,Wrong Address,Not Applicable,Not Applicable,Not Applicable,185,Not Applicable,0,,
2024-07-08 15:09:00,CNR4031013681,Success,CID888549,Auto,Devanahalli,Indiranagar,203.0,85.0,Not Applicable,Not Applicable,No,Not Applicable,464,Cash,4,3.9,4.5
2024-07-26 08:06:00,CNR3999503803,Canceled by Driver,CID889718,Prime Sedan,RT Nagar,BTM Layout,,,Not Applicable,Customer was coughing/sick,Not Applicable,Not Applicable,732,Not Applicable,0,,
2024-07-28 11:51:00,CNR2288107004,Success,CID396034,Mini,Indiranagar,Hebbal,287.0,35.0,Not Applicable,Not Applicable,No,Not Applicable,155,UPI,27,3.2,3.6
2024-07-03 20:17:00,CNR7647155625,Success,CID890982,Mini,Ulsoor,Langford Town,126.0,80.0,Not Applicable,Not Applicable,No,Not Applicable,284,UPI,18,4.0,4.0
2024-07-18 04:42:00,CNR7377607071,Canceled by Driver,CID740818,Prime Sedan,Sahakar Nagar,Bellandur,,,Not Applicable,Customer related issue,Not Applicable,Not Applicable,440,Not Applicable,0,,
2024-07-19 11:58:00,CNR9182417911,Success,CID592120,Auto,Hosur Road,Malleshwaram,70.0,60.0,Not Applicable,Not Applicable,No,Not Applicable,2557,Cash,7,4.1,3.5
2024-07-09 01:18:00,CNR2687017402,Driver Not Found,CID555659,Bike,Whitefield,Rajajinagar,,,Not Applicable,Not Applicable,Not Applicable,Not Applicable,286,Not Applicable,0,,
2024-07-23 21:44:00,CNR3669920801,Success,CID613231,Prime Sedan,Langford Town,Basavanagudi,77.0,50.0,Not Applicable,Not Applicable,No,Not Applicable,397,UPI,20,4.9,4.2
2024-07-16 20:00:00,CNR9024551009,Success,CID490633,Prime Sedan,Sarjapur Road,Indiranagar,70.0,50.0,Not Applicable,Not Applicable,No,Not Applicable,123,Cash,42,3.2,3.8
2024-07-26 10:49:00,CNR9758757652,Success,CID793190,Prime Plus,KR Puram,Langford Town,154.0,125.0,Not Applicable,Not Applicable,No,Not Applicable,266,Cash,25,3.6,4.0
2024-07-22 14:36:00,CNR1438903377,Success,CID232510,Mini,Rajarajeshwari Nagar,Varthur,98.0,105.0,Not Applicable,Not Applicable,No,Not Applicable,293,Cash,40,4.3,3.5
2024-07-20 10:19:00,CNR7189137081,Success,CID388876,eBike,Bellandur,Electronic City,140.0,95.0,Not Applicable,Not Applicable,No,Not Applicable,354,Cash,29,3.3,4.1
2024-07-24 20:17:00,CNR8048842078,Success,CID615520,Prime Sedan,BTM Layout,Rajajinagar,35.0,70.0,Not Applicable,Not Applicable,Yes,Customer Demand,292,Cash,25,3.4,4.3
2024-07-27 16:45:00,CNR6004567320,Success,CID480053,Prime SUV,Whitefield,Sahakar Nagar,203.0,135.0,Not Applicable,Not Applicable,No,Not Applicable,1541,Cash,39,3.7,3.6
2024-07-01 13:55:00,CNR6773356200,Success,CID308794,Prime Sedan,Indiranagar,Basavanagudi,77.0,80.0,Not Applicable,Not Applicable,No,Not Applicable,152,Cash,33,5.0,3.8
2024-07-04 10:00:00,CNR8218011732,Success,CID185238,Prime Sedan,Rajarajeshwari Nagar,Whitefield,301.0,65.0,Not Applicable,Not Applicable,No,Not Applicable,482,UPI,14,3.8,4.7
2024-07-09 21:43:00,CNR9802169108,Canceled by Customer,CID742904,Mini,Ramamurthy Nagar,MG Road,,,Driver asked to cancel,Not Applicable,Not Applicable,Not Applicable,971,Not Applicable,0,,
2024-07-24 04:30:00,CNR9930120375,Success,CID424608,Bike,Hulimavu,Hulimavu,154.0,130.0,Not Applicable,Not Applicable,Yes,Other Issue,437,Cash,39,3.6,4.6
2024-07-18 05:14:00,CNR9984461686,Canceled by Customer,CID698549,Prime SUV,KR Puram,Richmond Town,,,Wrong Address,Not Applicable,Not Applicable,Not Applicable,301,Not Applicable,0,,
2024-07-20 08:41:00,CNR3161671917,Success,CID130001,Prime SUV,Hebbal,Peenya,42.0,30.0,Not Applicable,Not Applicable,No,Not Applicable,476,UPI,29,4.6,3.1
2024-07-08 21:11:00,CNR5026315569,Success,CID780624,Auto,Chamarajpet,Hebbal,70.0,75.0,Not Applicable,Not Applicable,No,Not Applicable,567,Cash,11,3.8,3.1
2024-07-25 15:23:00,CNR9382282018,Success,CID300628,Mini,Yelahanka,Bellandur,287.0,35.0,Not Applicable,Not Applicable,No,Not Applicable,531,Cash,47,4.6,3.5
2024-07-11 08:49:00,CNR6822280714,Success,CID362544,Prime Sedan,Hennur,Vijayanagar,210.0,115.0,Not Applicable,Not Applicable,No,Not Applicable,378,UPI,9,4.4,4.3
2024-07-28 11:19:00,CNR7777209247,Canceled by Driver,CID972312,Prime SUV,Shantinagar,Padmanabhanagar,,,Not Applicable,More than permitted people in there,Not Applicable,Not Applicable,248,Not Applicable,0,,
2024-07-29 20:19:00,CNR4225630273,Success,CID862850,Prime SUV,MG Road,Kammanahalli,63.0,80.0,Not Applicable,Not Applicable,No,Not Applicable,270,Cash,31,3.7,4.3
2024-07-26 20:00:00,CNR3527770328,Canceled by Driver,CID728070,Mini,Vijayanagar,RT Nagar,,,Not Applicable,Personal & Car related issue,Not Applicable,Not Applicable,946,Not Applicable,0,,
2024-07-06 23:00:00,CNR5155193937,Canceled by Customer,CID591101,Bike,Shivajinagar,Banashankari,,,Driver asked to cancel,Not Applicable,Not Applicable,Not Applicable,366,Not Applicable,0,,
2024-07-14 03:10:00,CNR9081244128,Success,CID624916,Bike,Electronic City,MG Road,112.0,105.0,Not Applicable,Not Applicable,No,Not Applicable,256,Cash,36,4.4,4.5
2024-07-06 02:17:00,CNR2699665119,Success,CID747117,Prime Sedan,Devanahalli,Shantinagar,84.0,55.0,Not Applicable,Not Applicable,No,Not Applicable,140,Credit Card,14,3.2,4.3
2024-07-13 06:58:00,CNR7873485659,Success,CID877835,Bike,Nagarbhavi,Basavanagudi,238.0,120.0,Not Applicable,Not Applicable,No,Not Applicable,172,Cash,21,4.3,4.9
2024-07-29 04:39:00,CNR2957254407,Success,CID817863,Prime Sedan,Bannerghatta Road,Rajarajeshwari Nagar,112.0,55.0,Not Applicable,Not Applicable,No,Not Applicable,944,UPI,43,3.4,4.8
2024-07-28 12:02:00,CNR6833739675,Success,CID952915,Mini,Frazer Town,Bellandur,77.0,105.0,Not Applicable,Not Applicable,No,Not Applicable,593,Cash,27,4.4,3.8
2024-07-25 04:52:00,CNR6767888150,Success,CID794245,Prime Sedan,BTM Layout,Kadugodi,266.0,140.0,Not Applicable,Not Applicable,No,Not Applicable,764,UPI,12,3.9,4.7
2024-07-20 13:20:00,CNR6727473610,Canceled by Customer,CID169709,Prime Sedan,HSR Layout,Langford Town,,,Driver is not moving towards pickup location,Not Applicable,Not Applicable,Not Applicable,372,Not Applicable,0,,
2024-07-22 09:12:00,CNR8125651042,Success,CID254857,Auto,Koramangala,Rajajinagar,189.0,135.0,Not Applicable,Not Applicable,No,Not Applicable,224,UPI,12,3.8,4.6
2024-07-25 11:03:00,CNR6834318653,Success,CID780091,Prime Sedan,Cox Town,Nagarbhavi,35.0,85.0,Not Applicable,Not Applicable,No,Not Applicable,180,Cash,33,3.7,4.8
2024-07-03 06:35:00,CNR2536095911,Success,CID694181,Prime Plus,Varthur,Chamarajpet,301.0,65.0,Not Applicable,Not Applicable,No,Not Applicable,942,Cash,24,3.9,3.1
2024-07-13 03:15:00,CNR3884765796,Canceled by Driver,CID591400,eBike,Hebbal,Mysore Road,,,Not Applicable,Customer related issue,Not Applicable,Not Applicable,337,Not Applicable,0,,
2024-07-04 03:15:00,CNR4164829854,Canceled by Driver,CID251721,Bike,Bellandur,KR Puram,,,Not Applicable,Customer was coughing/sick,Not Applicable,Not Applicable,126,Not Applicable,0,,
2024-07-07 23:44:00,CNR8989390049,Canceled by Driver,CID422140,Mini,Hosur Road,Peenya,,,Not Applicable,Customer was coughing/sick,Not Applicable,Not Applicable,1812,Not Applicable,0,,
2024-07-09 18:19:00,CNR6453681283,Canceled by Driver,CID724477,Prime SUV,Marathahalli,RT Nagar,,,Not Applicable,Personal & Car related issue,Not Applicable,Not Applicable,169,Not Applicable,0,,
2024-07-22 02:19:00,CNR6375332740,Canceled by Driver,CID525597,Bike,Nagarbhavi,Padmanabhanagar,,,Not Applicable,Customer related issue,Not Applicable,Not Applicable,260,Not Applicable,0,,
2024-07-09 07:31:00,CNR6567147556,Canceled by Customer,CID467903,eBike,Ramamurthy Nagar,Varthur,,,Driver asked to cancel,Not Applicable,Not Applicable,Not Applicable,737,Not Applicable,0,,
2024-07-20 05:08:00,CNR8877242244,Success,CID973569,Bike,Koramangala,Yeshwanthpur,189.0,85.0,Not Applicable,Not Applicable,No,Not Applicable,269,Cash,31,4.3,4.9
2024-07-28 09:36:00,CNR8200251212,Success,CID340381,eBike,Jayanagar,KR Puram,119.0,105.0,Not Applicable,Not Applicable,No,Not Applicable,399,UPI,28,4.4,3.7
2024-07-20 11:50:00,CNR1788267513,Driver Not Found,CID307580,Mini,Rajarajeshwari Nagar,Malleshwaram,,,Not Applicable,Not Applicable,Not Applicable,Not Applicable,258,Not Applicable,0,,
2024-07-20 22:37:00,CNR1353109392,Canceled by Driver,CID389147,Bike,Yeshwanthpur,RT Nagar,,,Not Applicable,Customer related issue,Not Applicable,Not Applicable,912,Not Applicable,0,,
2024-07-13 12:21:00,CNR9645845503,Canceled by Driver,CID499582,Prime Plus,Ulsoor,Hulimavu,,,Not Applicable,Personal & Car related issue,Not Applicable,Not Applicable,100,Not Applicable,0,,
2024-07-09 02:05:00,CNR6486269470,Canceled by Driver,CID100360,Mini,Malleshwaram,Yeshwanthpur,,,Not Applicable,Customer was coughing/sick,Not Applicable,Not Applicable,112,Not Applicable,0,,
2024-07-02 07:31:00,CNR3126158450,Success,CID735138,Mini,Padmanabhanagar,Mysore Road,175.0,90.0,Not Applicable,Not Applicable,No,Not Applicable,104,UPI,31,3.0,3.3
2024-07-03 06:43:00,CNR2441583953,Canceled by Driver,CID336715,Prime Plus,Vijayanagar,Hosur Road,,,Not Applicable,Personal & Car related issue,Not Applicable,Not Applicable,350,Not Applicable,0,,
2024-07-12 09:56:00,CNR8596995083,Success,CID530088,Prime Plus,Rajajinagar,Frazer Town,77.0,90.0,Not Applicable,Not Applicable,No,Not Applicable,182,Cash,2,3.3,3.4
2024-07-30 00:51:00,CNR7708660590,Success,CID918707,eBike,Magadi Road,JP Nagar,112.0,140.0,Not Applicable,Not Applicable,No,Not Applicable,447,Cash,30,4.0,3.6
2024-07-08 14:08:00,CNR3588313019,Success,CID510486,Prime Plus,Ramamurthy Nagar,Basavanagudi,63.0,95.0,Not Applicable,Not Applicable,No,Not Applicable,480,Cash,16,4.5,4.2
2024-07-12 19:20:00,CNR9127456213,Success,CID352088,Prime Sedan,Vijayanagar,HSR Layout,252.0,60.0,Not Applicable,Not Applicable,No,Not Applicable,2392,Cash,40,3.6,3.2
2024-07-25 04:02:00,CNR6326977619,Canceled by Customer,CID778906,Prime Plus,Kengeri,Whitefield,,,Driver is not moving towards pickup location,Not Applicable,Not Applicable,Not Applicable,816,Not Applicable,0,,
2024-07-17 03:11:00,CNR9225176721,Canceled by Driver,CID227375,Prime Plus,Marathahalli,Whitefield,,,Not Applicable,Personal & Car related issue,Not Applicable,Not Applicable,2689,Not Applicable,0,,
2024-07-15 05:43:00,CNR7815116518,Success,CID333016,Mini,Frazer Town,Magadi Road,126.0,25.0,Not Applicable,Not Applicable,No,Not Applicable,231,Debit Card,3,4.8,4.7
2024-07-29 03:23:00,CNR9895705831,Success,CID337967,eBike,Marathahalli,Indiranagar,91.0,95.0,Not Applicable,Not Applicable,No,Not Applicable,153,Cash,35,4.2,4.3
2024-07-14 05:16:00,CNR7031363038,Canceled by Driver,CID826353,Prime Plus,Padmanabhanagar,Malleshwaram,,,Not Applicable,Customer related issue,Not Applicable,Not Applicable,658,Not Applicable,0,,
2024-07-29 02:52:00,CNR3485087993,Success,CID686387,Bike,Marathahalli,HSR Layout,280.0,25.0,Not Applicable,Not Applicable,No,Not Applicable,2315,Cash,19,3.9,3.1
2024-07-05 04:21:00,CNR5297197874,Success,CID162244,Mini,Hulimavu,Basavanagudi,252.0,75.0,Not Applicable,Not Applicable,No,Not Applicable,197,UPI,3,3.8,3.3
2024-07-29 06:46:00,CNR6895805367,Success,CID315293,Auto,MG Road,Bellandur,84.0,110.0,Not Applicable,Not Applicable,No,Not Applicable,443,UPI,11,4.7,4.1
2024-07-08 16:37:00,CNR3444470022,Success,CID329003,Mini,Cox Town,Hulimavu,42.0,30.0,Not Applicable,Not Applicable,Yes,Customer Demand,944,Cash,1,3.3,3.7
2024-07-29 18:04:00,CNR8432445817,Success,CID732420,Mini,KR Puram,Electronic City,217.0,80.0,Not Applicable,Not Applicable,No,Not Applicable,115,UPI,15,4.2,3.1
2024-07-10 12:49:00,CNR5401218561,Driver Not Found,CID406515,Prime SUV,Ramamurthy Nagar,Shivajinagar,,,Not Applicable,Not Applicable,Not Applicable,Not Applicable,328,Not Applicable,0,,
2024-07-15 12:12:00,CNR1731452128,Canceled by Customer,CID437983,Bike,Malleshwaram,Whitefield,,,Driver asked to cancel,Not Applicable,Not Applicable,Not Applicable,1934,Not Applicable,0,,
2024-07-13 08:53:00,CNR4371483209,Canceled by Driver,CID155461,Prime Plus,JP Nagar,MG Road,,,Not Applicable,Personal & Car related issue,Not Applicable,Not Applicable,851,Not Applicable,0,,
2024-07-27 03:27:00,CNR6021524924,Success,CID739713,Bike,Ramamurthy Nagar,Malleshwaram,259.0,135.0,Not Applicable,Not Applicable,No,Not Applicable,188,Cash,5,3.4,3.3
2024-07-16 16:48:00,CNR2845677529,Success,CID599836,Bike,Rajarajeshwari Nagar,Rajajinagar,119.0,30.0,Not Applicable,Not Applicable,No,Not Applicable,358,Cash,9,3.0,4.8
2024-07-15 08:28:00,CNR7995610437,Success,CID712400,eBike,HSR Layout,MG Road,77.0,55.0,Not Applicable,Not Applicable,No,Not Applicable,322,Cash,36,3.7,4.8
2024-07-24 00:11:00,CNR8797549736,Success,CID730612,Bike,Peenya,Hennur,119.0,65.0,Not Applicable,Not Applicable,No,Not Applicable,123,UPI,26,4.8,4.4
2024-07-13 01:12:00,CNR5273108607,Success,CID869786,Prime SUV,Bellandur,Indiranagar,175.0,120.0,Not Applicable,Not Applicable,No,Not Applicable,356,Cash,17,4.8,4.9
2024-07-24 07:43:00,CNR9659194280,Driver Not Found,CID970631,Auto,Rajajinagar,HSR Layout,,,Not Applicable,Not Applicable,Not Applicable,Not Applicable,687,Not Applicable,0,,
2024-07-06 00:58:00,CNR7494847665,Success,CID230084,Prime Plus,Chamarajpet,Kengeri,140.0,70.0,Not Applicable,Not Applicable,No,Not Applicable,448,Cash,34,3.1,3.8
2024-07-19 00:04:00,CNR1315189452,Canceled by Customer,CID472540,Mini,Richmond Town,Sarjapur Road,,,Change of plans,Not Applicable,Not Applicable,Not Applicable,671,Not Applicable,0,,
2024-07-30 20:32:00,CNR3857691551,Canceled by Driver,CID305237,Prime SUV,Richmond Town,Whitefield,,,Not Applicable,Personal & Car related issue,Not Applicable,Not Applicable,539,Not Applicable,0,,
2024-07-30 06:30:00,CNR9162270530,Driver Not Found,CID712029,Prime SUV,Koramangala,JP Nagar,,,Not Applicable,Not Applicable,Not Applicable,Not Applicable,599,Not Applicable,0,,
2024-07-29 22:44:00,CNR9293857199,Canceled by Customer,CID183368,Auto,Kammanahalli,Jayanagar,,,Driver asked to cancel,Not Applicable,Not Applicable,Not Applicable,2468,Not Applicable,0,,
2024-07-09 09:53:00,CNR5875279834,Success,CID669553,Mini,JP Nagar,Vijayanagar,35.0,65.0,Not Applicable,Not Applicable,No,Not Applicable,268,UPI,37,3.1,4.2
2024-07-09 06:53:00,CNR6891051425,Success,CID374023,Prime Plus,Jayanagar,Majestic,63.0,130.0,Not Applicable,Not Applicable,No,Not Applicable,2355,Cash,15,4.6,4.3
2024-07-09 23:58:00,CNR3019999504,Success,CID863480,Prime SUV,Chickpet,Peenya,231.0,105.0,Not Applicable,Not Applicable,No,Not Applicable,135,UPI,43,3.3,3.2
2024-07-21 11:42:00,CNR2290786193,Canceled by Driver,CID410873,Bike,Malleshwaram,KR Puram,,,Not Applicable,Customer related issue,Not Applicable,Not Applicable,175,Not Applicable,0,,
2024-07-26 14:12:00,CNR9557933569,Success,CID522871,Prime Plus,Bannerghatta Road,Magadi Road,140.0,65.0,Not Applicable,Not Applicable,No,Not Applicable,428,Cash,12,3.4,4.8
2024-07-29 09:33:00,CNR3577540678,Success,CID144598,Mini,KR Puram,Vijayanagar,91.0,85.0,Not Applicable,Not Applicable,No,Not Applicable,586,Cash,37,3.0,4.7
2024-07-18 21:29:00,CNR8646288484,Success,CID764576,eBike,JP Nagar,Ulsoor,91.0,55.0,Not Applicable,Not Applicable,No,Not Applicable,649,UPI,33,3.5,4.5
2024-07-24 08:52:00,CNR4757290535,Success,CID515539,eBike,Marathahalli,Shantinagar,91.0,135.0,Not Applicable,Not Applicable,No,Not Applicable,1032,Cash,31,4.9,3.2
2024-07-29 10:52:00,CNR9578347604,Success,CID819251,Prime Plus,Chamarajpet,RT Nagar,56.0,45.0,Not Applicable,Not Applicable,No,Not Applicable,219,Cash,44,5.0,3.7
2024-07-16 21:57:00,CNR8640096518,Canceled by Driver,CID911692,eBike,Kengeri,Banashankari,,,Not Applicable,Personal & Car related issue,Not Applicable,Not Applicable,151,Not Applicable,0,,
2024-07-26 13:34:00,CNR8311165316,Success,CID631181,Prime Plus,Jayanagar,Marathahalli,217.0,70.0,Not Applicable,Not Applicable,No,Not Applicable,441,Cash,5,3.5,3.7
2024-07-27 06:00:00,CNR8278700387,Success,CID725258,Prime Sedan,Hennur,Kadugodi,210.0,80.0,Not Applicable,Not Applicable,No,Not Applicable,117,UPI,3,3.7,3.8
2024-07-10 01:35:00,CNR7367240454,Canceled by Driver,CID378037,Prime Plus,Jayanagar,Padmanabhanagar,,,Not Applicable,More than permitted people in there,Not Applicable,Not Applicable,2099,Not Applicable,0,,
2024-07-02 05:53:00,CNR7629767966,Success,CID682105,Bike,BTM Layout,Langford Town,112.0,140.0,Not Applicable,Not Applicable,Yes,Vehicle Breakdown,878,Cash,28,3.4,3.9
2024-07-10 10:05:00,CNR4833913597,Success,CID521129,Mini,Kadugodi,Richmond Town,70.0,60.0,Not Applicable,Not Applicable,No,Not Applicable,161,Cash,7,3.7,4.9
2024-07-09 05:42:00,CNR8787384255,Canceled by Customer,CID390101,Prime Plus,Ramamurthy Nagar,Yelahanka,,,Driver asked to cancel,Not Applicable,Not Applicable,Not Applicable,539,Not Applicable,0,,
2024-07-26 19:07:00,CNR6639202116,Success,CID882445,Auto,Vijayanagar,Vijayanagar,119.0,145.0,Not Applicable,Not Applicable,No,Not Applicable,386,UPI,14,3.4,4.2
2024-07-17 18:48:00,CNR5005632888,Success,CID752985,Mini,Ramamurthy Nagar,Langford Town,161.0,70.0,Not Applicable,Not Applicable,No,Not Applicable,339,UPI,28,5.0,4.0
2024-07-14 15:43:00,CNR9347540479,Success,CID408745,Mini,RT Nagar,Varthur,182.0,30.0,Not Applicable,Not Applicable,No,Not Applicable,454,UPI,21,4.8,3.4
2024-07-09 20:58:00,CNR8312863746,Canceled by Driver,CID283012,Prime Plus,Kengeri,Chickpet,,,Not Applicable,Customer related issue,Not Applicable,Not Applicable,1050,Not Applicable,0,,
2024-07-22 18:17:00,CNR3768805523,Success,CID224343,Mini,Richmond Town,Hebbal,189.0,100.0,Not Applicable,Not Applicable,No,Not Applicable,361,Cash,28,4.5,3.3
2024-07-29 19:02:00,CNR3379313559,Canceled by Customer,CID824574,Auto,KR Puram,Ramamurthy Nagar,,,Change of plans,Not Applicable,Not Applicable,Not Applicable,233,Not Applicable,0,,
2024-07-29 02:47:00,CNR3754034378,Canceled by Customer,CID568714,eBike,Jayanagar,Sarjapur Road,,,Driver is not moving towards pickup location,Not Applicable,Not Applicable,Not Applicable,251,Not Applicable,0,,
2024-07-05 07:05:00,CNR5770874270,Canceled by Driver,CID983486,Auto,Ramamurthy Nagar,Langford Town,,,Not Applicable,Customer was coughing/sick,Not Applicable,Not Applicable,179,Not Applicable,0,,
2024-07-10 14:59:00,CNR2368665590,Success,CID906013,Auto,Kadugodi,Kengeri,126.0,70.0,Not Applicable,Not Applicable,No,Not Applicable,379,UPI,4,3.6,3.9
2024-07-18 00:55:00,CNR6130885899,Driver Not Found,CID137683,Prime Plus,Indiranagar,Langford Town,,,Not Applicable,Not Applicable,Not Applicable,Not Applicable,138,Not Applicable,0,,
2024-07-10 21:06:00,CNR6890844877,Success,CID348897,Prime Sedan,Hosur Road,Nagarbhavi,77.0,60.0,Not Applicable,Not Applicable,No,Not Applicable,460,Cash,38,3.8,4.0
2024-07-14 11:50:00,CNR4349146072,Success,CID133883,Prime Plus,JP Nagar,HSR Layout,49.0,145.0,Not Applicable,Not Applicable,No,Not Applicable,126,Cash,48,3.0,4.8
2024-07-07 19:34:00,CNR7834755118,Canceled by Driver,CID253618,Prime SUV,Peenya,Chickpet,,,Not Applicable,Customer was coughing/sick,Not Applicable,Not Applicable,108,Not Applicable,0,,
2024-07-17 18:01:00,CNR9085678467,Canceled by Driver,CID556429,Bike,Majestic,JP Nagar,,,Not Applicable,Customer related issue,Not Applicable,Not Applicable,226,Not Applicable,0,,
2024-07-28 21:28:00,CNR1106887024,Success,CID414423,eBike,Yelahanka,MG Road,112.0,70.0,Not Applicable,Not Applicable,No,Not Applicable,815,Cash,43,4.9,4.2
2024-07-21 19:50:00,CNR9788661660,Success,CID644718,Prime Sedan,Hebbal,Yeshwanthpur,217.0,120.0,Not Applicable,Not Applicable,No,Not Applicable,865,UPI,1,4.2,3.6
2024-07-07 06:20:00,CNR1985827549,Success,CID914566,Prime Sedan,Cox Town,Marathahalli,238.0,110.0,Not Applicable,Not Applicable,Yes,Vehicle Breakdown,342,Cash,17,4.8,3.3
2024-07-17 04:38:00,CNR1153563433,Success,CID979876,Bike,Ulsoor,Bellandur,189.0,55.0,Not Applicable,Not Applicable,No,Not Applicable,102,Cash,30,3.1,4.0
2024-07-13 15:03:00,CNR9802734277,Canceled by Customer,CID422850,Prime Sedan,MG Road,Whitefield,,,Driver asked to cancel,Not Applicable,Not Applicable,Not Applicable,309,Not Applicable,0,,
2024-07-21 21:55:00,CNR5427871174,Success,CID508566,Prime SUV,Indiranagar,Devanahalli,217.0,60.0,Not Applicable,Not Applicable,No,Not Applicable,357,Cash,39,4.4,3.7
2024-07-03 12:02:00,CNR3739369570,Success,CID211120,eBike,Sahakar Nagar,Bellandur,259.0,90.0,Not Applicable,Not Applicable,No,Not Applicable,236,Cash,39,4.7,3.8
2024-07-04 13:44:00,CNR8353609082,Success,CID853101,Prime Plus,Vijayanagar,Hosur Road,308.0,115.0,Not Applicable,Not Applicable,Yes,Vehicle Breakdown,2744,Cash,13,3.8,4.8
2024-07-21 15:56:00,CNR1741826985,Success,CID616966,eBike,Tumkur Road,Malleshwaram,210.0,40.0,Not Applicable,Not Applicable,No,Not Applicable,379,Cash,47,4.2,4.3
2024-07-05 06:31:00,CNR6449487398,Success,CID805026,Prime SUV,Kengeri,KR Puram,189.0,115.0,Not Applicable,Not Applicable,No,Not Applicable,774,Cash,1,4.8,3.5
2024-07-13 15:48:00,CNR1670074869,Canceled by Driver,CID222387,eBike,Rajarajeshwari Nagar,HSR Layout,,,Not Applicable,More than permitted people in there,Not Applicable,Not Applicable,934,Not Applicable,0,,
2024-07-02 00:05:00,CNR5610815650,Success,CID959750,Bike,RT Nagar,Indiranagar,56.0,75.0,Not Applicable,Not Applicable,No,Not Applicable,486,UPI,21,4.6,4.2
2024-07-24 08:20:00,CNR6188077120,Success,CID723119,Prime Plus,Indiranagar,Chickpet,273.0,90.0,Not Applicable,Not Applicable,No,Not Applicable,560,UPI,31,3.7,3.1
2024-07-13 00:25:00,CNR5540177361,Canceled by Driver,CID370013,Prime Plus,Sarjapur Road,Tumkur Road,,,Not Applicable,Customer related issue,Not Applicable,Not Applicable,2139,Not Applicable,0,,
2024-07-29 07:13:00,CNR2162323626,Canceled by Driver,CID474709,Prime Sedan,Chickpet,MG Road,,,Not Applicable,More than permitted people in there,Not Applicable,Not Applicable,1849,Not Applicable,0,,
2024-07-24 09:31:00,CNR1339100984,Success,CID269266,Bike,Rajajinagar,Shivajinagar,245.0,40.0,Not Applicable,Not Applicable,No,Not Applicable,751,Cash,23,3.5,3.7
2024-07-10 11:32:00,CNR3967911710,Success,CID389715,Prime SUV,Richmond Town,Marathahalli,147.0,140.0,Not Applicable,Not Applicable,No,Not Applicable,384,UPI,18,4.1,3.8
2024-07-19 04:10:00,CNR7493150532,Success,CID978078,eBike,Ulsoor,Cox Town,91.0,70.0,Not Applicable,Not Applicable,No,Not Applicable,295,UPI,48,4.8,4.6
2024-07-28 11:40:00,CNR9570650107,Success,CID283096,Mini,Chamarajpet,Tumkur Road,133.0,50.0,Not Applicable,Not Applicable,No,Not Applicable,134,UPI,12,4.0,3.9
2024-07-02 21:49:00,CNR4961010592,Canceled by Driver,CID123666,Auto,Chickpet,Hulimavu,,,Not Applicable,Customer related issue,Not Applicable,Not Applicable,362,Not Applicable,0,,
2024-07-03 06:18:00,CNR9578494667,Success,CID565105,Auto,HSR Layout,Shivajinagar,42.0,120.0,Not Applicable,Not Applicable,No,Not Applicable,431,UPI,1,4.0,3.7
2024-07-08 08:22:00,CNR4827835766,Canceled by Driver,CID280984,Mini,Kadugodi,Devanahalli,,,Not Applicable,Personal & Car related issue,Not Applicable,Not Applicable,1189,Not Applicable,0,,
2024-07-16 14:13:00,CNR6468734924,Success,CID980590,eBike,Mysore Road,Vijayanagar,308.0,100.0,Not Applicable,Not Applicable,Yes,Other Issue,416,UPI,22,3.7,4.7
2024-07-22 18:58:00,CNR4189692060,Success,CID655666,eBike,JP Nagar,Mysore Road,266.0,130.0,Not Applicable,Not Applicable,No,Not Applicable,863,Cash,19,4.3,3.4
2024-07-07 17:10:00,CNR3802328717,Success,CID102773,Bike,Yeshwanthpur,Ramamurthy Nagar,259.0,45.0,Not Applicable,Not Applicable,No,Not Applicable,334,UPI,22,3.6,4.2
2024-07-24 01:05:00,CNR9519480863,Success,CID608893,Prime Sedan,JP Nagar,Banashankari,133.0,60.0,Not Applicable,Not Applicable,No,Not Applicable,347,UPI,44,3.9,4.7
2024-07-06 13:18:00,CNR4691884937,Success,CID364897,Prime Plus,JP Nagar,Bellandur,175.0,120.0,Not Applicable,Not Applicable,No,Not Applicable,961,Cash,15,4.7,3.9
2024-07-30 05:14:00,CNR6972241057,Success,CID687071,Auto,JP Nagar,Marathahalli,203.0,25.0,Not Applicable,Not Applicable,No,Not Applicable,973,UPI,15,3.1,3.3
2024-07-14 23:17:00,CNR1260736556,Success,CID701081,Prime Sedan,MG Road,Bannerghatta Road,238.0,50.0,Not Applicable,Not Applicable,No,Not Applicable,332,UPI,3,3.9,4.7
2024-07-27 09:06:00,CNR5402086667,Success,CID371680,Bike,Chickpet,Marathahalli,189.0,145.0,Not Applicable,Not Applicable,No,Not Applicable,323,UPI,20,4.4,3.1
2024-07-07 04:15:00,CNR8129319314,Success,CID891151,Prime Sedan,BTM Layout,Jayanagar,245.0,75.0,Not Applicable,Not Applicable,No,Not Applicable,906,Credit Card,21,3.6,3.9
2024-07-02 15:21:00,CNR5954324942,Success,CID406570,Mini,Chamarajpet,Electronic City,84.0,95.0,Not Applicable,Not Applicable,No,Not Applicable,356,UPI,4,4.2,3.3
2024-07-19 06:27:00,CNR7330055473,Canceled by Driver,CID376787,Prime Sedan,Whitefield,BTM Layout,,,Not Applicable,Customer was coughing/sick,Not Applicable,Not Applicable,671,Not Applicable,0,,
2024-07-21 17:04:00,CNR6345281685,Success,CID172391,Mini,Cox Town,HSR Layout,168.0,30.0,Not Applicable,Not Applicable,No,Not Applicable,219,Cash,36,4.8,3.0
2024-07-18 15:15:00,CNR8429675449,Canceled by Customer,CID904881,Bike,Indiranagar,Cox Town,,,Driver is not moving towards pickup location,Not Applicable,Not Applicable,Not Applicable,2908,Not Applicable,0,,
2024-07-14 02:22:00,CNR4408766037,Success,CID243105,Bike,RT Nagar,Langford Town,252.0,40.0,Not Applicable,Not Applicable,No,Not Applicable,219,UPI,6,3.9,4.2
2024-07-18 02:20:00,CNR1504284093,Success,CID172731,Mini,Kengeri,Rajajinagar,147.0,35.0,Not Applicable,Not Applicable,No,Not Applicable,256,UPI,8,4.4,4.0
2024-07-08 18:15:00,CNR8476430939,Canceled by Customer,CID601407,Mini,Jayanagar,RT Nagar,,,Driver is not moving towards pickup location,Not Applicable,Not Applicable,Not Applicable,117,Not Applicable,0,,
2024-07-09 17:09:00,CNR3044713200,Success,CID422347,Prime SUV,Yeshwanthpur,Hulimavu,259.0,120.0,Not Applicable,Not Applicable,No,Not Applicable,213,Cash,22,3.3,3.8
2024-07-17 11:45:00,CNR5392340368,Success,CID833431,eBike,HSR Layout,Bellandur,56.0,55.0,Not Applicable,Not Applicable,Yes,Customer Demand,339,Cash,17,3.5,4.1
2024-07-09 15:28:00,CNR1855701127,Canceled by Customer,CID478396,eBike,Rajarajeshwari Nagar,Basavanagudi,,,AC is Not working,Not Applicable,Not Applicable,Not Applicable,146,Not Applicable,0,,
2024-07-12 11:21:00,CNR6125480415,Success,CID281269,Mini,Varthur,Yeshwanthpur,266.0,35.0,Not Applicable,Not Applicable,No,Not Applicable,221,UPI,20,3.9,4.6
2024-07-07 03:32:00,CNR9346872884,Success,CID739474,Prime SUV,HSR Layout,Devanahalli,308.0,45.0,Not Applicable,Not Applicable,No,Not Applicable,651,Cash,18,3.2,3.3
2024-07-20 10:08:00,CNR7740012831,Success,CID794897,eBike,Kadugodi,Hennur,42.0,50.0,Not Applicable,Not Applicable,No,Not Applicable,304,Cash,8,3.1,4.7
2024-07-20 08:20:00,CNR9428556988,Success,CID557845,Prime SUV,Whitefield,Malleshwaram,133.0,25.0,Not Applicable,Not Applicable,No,Not Applicable,417,UPI,8,4.1,3.1
2024-07-18 02:18:00,CNR6966668407,Canceled by Driver,CID397254,eBike,Sahakar Nagar,Ulsoor,,,Not Applicable,Customer related issue,Not Applicable,Not Applicable,172,Not Applicable,0,,
2024-07-19 11:43:00,CNR1744438323,Success,CID658273,Prime Plus,Banashankari,Mysore Road,196.0,60.0,Not Applicable,Not Applicable,No,Not Applicable,222,UPI,39,3.5,4.3
2024-07-20 03:27:00,CNR2635307078,Driver Not Found,CID623423,Prime Sedan,Kadugodi,Hulimavu,,,Not Applicable,Not Applicable,Not Applicable,Not Applicable,218,Not Applicable,0,,
2024-07-22 17:11:00,CNR4327598232,Canceled by Customer,CID396974,Mini,Koramangala,Kadugodi,,,Driver is not moving towards pickup location,Not Applicable,Not Applicable,Not Applicable,424,Not Applicable,0,,
2024-07-04 17:33:00,CNR1312174800,Success,CID643763,Prime Sedan,Tumkur Road,Marathahalli,98.0,115.0,Not Applicable,Not Applicable,No,Not Applicable,235,Cash,11,3.9,3.4
2024-07-21 05:43:00,CNR1816170951,Success,CID329372,Mini,Mysore Road,Mysore Road,84.0,115.0,Not Applicable,Not Applicable,No,Not Applicable,190,Cash,5,3.2,3.1
2024-07-11 16:15:00,CNR4756010436,Success,CID745687,Prime Plus,Yelahanka,Peenya,126.0,65.0,Not Applicable,Not Applicable,Yes,Other Issue,109,Cash,42,4.9,3.0
2024-07-04 14:52:00,CNR3789997294,Success,CID885418,Mini,Electronic City,Ulsoor,308.0,140.0,Not Applicable,Not Applicable,No,Not Applicable,2687,UPI,19,3.8,3.8
2024-07-07 07:21:00,CNR2810555978,Success,CID428119,eBike,Cox Town,Tumkur Road,140.0,30.0,Not Applicable,Not Applicable,No,Not Applicable,346,UPI,8,3.4,4.7
2024-07-11 07:37:00,CNR1118636123,Success,CID484774,Auto,Indiranagar,Chamarajpet,112.0,55.0,Not Applicable,Not Applicable,No,Not Applicable,394,UPI,4,3.3,3.4
2024-07-19 07:31:00,CNR7011309304,Canceled by Customer,CID724589,Auto,Chickpet,Indiranagar,,,Driver asked to cancel,Not Applicable,Not Applicable,Not Applicable,251,Not Applicable,0,,
2024-07-16 10:26:00,CNR3697504771,Success,CID334739,Auto,Kengeri,Kengeri,91.0,85.0,Not Applicable,Not Applicable,No,Not Applicable,1946,Debit Card,18,3.3,3.2
2024-07-16 08:00:00,CNR2857564341,Canceled by Driver,CID907545,Bike,Yelahanka,Kammanahalli,,,Not Applicable,Customer was coughing/sick,Not Applicable,Not Applicable,2647,Not Applicable,0,,
2024-07-26 18:24:00,CNR5227817768,Success,CID309466,Prime SUV,Banashankari,Electronic City,189.0,55.0,Not Applicable,Not Applicable,Yes,Vehicle Breakdown,426,UPI,29,3.9,4.9
2024-07-25 01:50:00,CNR5148347851,Canceled by Customer,CID578128,Prime Plus,Rajarajeshwari Nagar,Hennur,,,Change of plans,Not Applicable,Not Applicable,Not Applicable,1680,Not Applicable,0,,
2024-07-01 00:16:00,CNR4165076386,Success,CID170980,Mini,Yeshwanthpur,Frazer Town,133.0,75.0,Not Applicable,Not Applicable,No,Not Applicable,1859,UPI,48,4.6,3.4
2024-07-12 08:45:00,CNR8111160015,Canceled by Driver,CID309983,Prime SUV,Rajarajeshwari Nagar,Shivajinagar,,,Not Applicable,Customer was coughing/sick,Not Applicable,Not Applicable,347,Not Applicable,0,,
2024-07-28 12:29:00,CNR2876113566,Canceled by Driver,CID752443,Prime SUV,Koramangala,Indiranagar,,,Not Applicable,Customer was coughing/sick,Not Applicable,Not Applicable,485,Not Applicable,0,,
2024-07-15 02:55:00,CNR8368486033,Driver Not Found,CID653734,Mini,Hennur,Yeshwanthpur,,,Not Applicable,Not Applicable,Not Applicable,Not Applicable,1780,Not Applicable,0,,
2024-07-09 00:07:00,CNR3945392147,Success,CID793078,Prime Plus,Cox Town,Ramamurthy Nagar,140.0,125.0,Not Applicable,Not Applicable,Yes,Vehicle Breakdown,308,Cash,33,3.6,3.8
2024-07-07 08:58:00,CNR4280889577,Success,CID795940,eBike,Indiranagar,Indiranagar,259.0,125.0,Not Applicable,Not Applicable,No,Not Applicable,293,Cash,18,4.4,4.8
2024-07-30 05:26:00,CNR5408985113,Success,CID375593,Prime Plus,Cox Town,Ramamurthy Nagar,161.0,110.0,Not Applicable,Not Applicable,No,Not Applicable,291,UPI,41,3.8,3.4
2024-07-23 00:08:00,CNR7693833760,Success,CID624146,Prime SUV,Mysore Road,Malleshwaram,56.0,85.0,Not Applicable,Not Applicable,No,Not Applicable,459,Cash,42,3.7,4.7
2024-07-22 23:43:00,CNR6700903569,Success,CID792698,eBike,RT Nagar,Nagarbhavi,259.0,25.0,Not Applicable,Not Applicable,No,Not Applicable,2685,UPI,49,4.0,4.5
2024-07-02 22:17:00,CNR7657011451,Canceled by Customer,CID341675,Bike,Vijayanagar,Shantinagar,,,Driver asked to cancel,Not Applicable,Not Applicable,Not Applicable,1434,Not Applicable,0,,
2024-07-29 12:14:00,CNR3144939855,Canceled by Customer,CID806366,Prime SUV,Whitefield,Electronic City,,,Driver is not moving towards pickup location,Not Applicable,Not Applicable,Not Applicable,309,Not Applicable,0,,
2024-07-12 22:50:00,CNR8990301095,Canceled by Driver,CID910515,Mini,Kammanahalli,Devanahalli,,,Not Applicable,More than permitted people in there,Not Applicable,Not Applicable,362,Not Applicable,0,,
2024-07-16 00:28:00,CNR4567526961,Success,CID611711,Bike,Rajajinagar,Langford Town,280.0,65.0,Not Applicable,Not Applicable,No,Not Applicable,754,Cash,37,4.6,4.1
2024-07-26 13:10:00,CNR9091395306,Success,CID335752,Mini,Electronic City,Koramangala,182.0,105.0,Not Applicable,Not Applicable,No,Not Applicable,489,UPI,21,3.3,3.9
2024-07-06 20:40:00,CNR6772376566,Canceled by Customer,CID525728,Bike,Vijayanagar,Basavanagudi,,,Driver is not moving towards pickup location,Not Applicable,Not Applicable,Not Applicable,408,Not Applicable,0,,
2024-07-06 12:44:00,CNR1389597494,Success,CID916120,Prime Sedan,Hennur,Hennur,294.0,55.0,Not Applicable,Not Applicable,No,Not Applicable,127,Cash,35,3.0,3.7
2024-07-13 05:38:00,CNR5348214500,Success,CID800526,Bike,Rajajinagar,Malleshwaram,301.0,115.0,Not Applicable,Not Applicable,No,Not Applicable,177,UPI,27,4.2,4.7
2024-07-11 17:14:00,CNR2018456062,Canceled by Driver,CID172358,Prime Plus,Ulsoor,Vijayanagar,,,Not Applicable,Customer was coughing/sick,Not Applicable,Not Applicable,171,Not Applicable,0,,
2024-07-04 17:53:00,CNR7687292928,Success,CID240260,Prime SUV,Chickpet,Jayanagar,49.0,70.0,Not Applicable,Not Applicable,Yes,Vehicle Breakdown,597,UPI,4,4.8,4.5
2024-07-30 00:58:00,CNR4354995496,Success,CID786192,Prime Sedan,Koramangala,Hebbal,126.0,25.0,Not Applicable,Not Applicable,No,Not Applicable,208,UPI,25,3.3,3.2
2024-07-19 04:01:00,CNR6361908683,Canceled by Customer,CID524943,Prime Sedan,Sahakar Nagar,Whitefield,,,Driver is not moving towards pickup location,Not Applicable,Not Applicable,Not Applicable,218,Not Applicable,0,,
2024-07-17 19:52:00,CNR2978222005,Canceled by Customer,CID364534,Auto,Whitefield,Bellandur,,,Change of plans,Not Applicable,Not Applicable,Not Applicable,276,Not Applicable,0,,
2024-07-08 13:13:00,CNR9732990681,Canceled by Driver,CID369861,eBike,Padmanabhanagar,Banashankari,,,Not Applicable,Customer was coughing/sick,Not Applicable,Not Applicable,354,Not Applicable,0,,
2024-07-25 13:42:00,CNR1063725293,Success,CID668717,Mini,Jayanagar,Mysore Road,294.0,100.0,Not Applicable,Not Applicable,No,Not Applicable,103,UPI,26,4.7,4.3
2024-07-02 18:15:00,CNR2688082477,Success,CID165168,Prime Plus,Shantinagar,Vijayanagar,161.0,105.0,Not Applicable,Not Applicable,No,Not Applicable,249,Cash,6,3.6,4.2
2024-07-18 01:56:00,CNR4812283851,Driver Not Found,CID780470,Bike,Koramangala,Basavanagudi,,,Not Applicable,Not Applicable,Not Applicable,Not Applicable,874,Not Applicable,0,,
2024-07-03 14:21:00,CNR7446138061,Success,CID788995,Bike,Banashankari,Electronic City,35.0,85.0,Not Applicable,Not Applicable,No,Not Applicable,497,Cash,30,5.0,4.4
2024-07-16 03:13:00,CNR7861867687,Canceled by Customer,CID202283,Bike,Malleshwaram,KR Puram,,,Driver is not moving towards pickup location,Not Applicable,Not Applicable,Not Applicable,647,Not Applicable,0,,
2024-07-16 22:29:00,CNR3501342671,Success,CID282676,Bike,Langford Town,Chamarajpet,224.0,110.0,Not Applicable,Not Applicable,No,Not Applicable,214,Cash,23,4.2,4.9
2024-07-21 21:03:00,CNR9781861503,Success,CID955984,Mini,Nagarbhavi,Ulsoor,42.0,140.0,Not Applicable,Not Applicable,No,Not Applicable,1685,Cash,39,3.3,4.1
2024-07-13 15:31:00,CNR9281684297,Canceled by Driver,CID936632,Prime Plus,Basavanagudi,Kengeri,,,Not Applicable,Personal & Car related issue,Not Applicable,Not Applicable,135,Not Applicable,0,,
2024-07-30 09:26:00,CNR4646111948,Success,CID555942,Bike,Rajajinagar,Basavanagudi,91.0,85.0,Not Applicable,Not Applicable,No,Not Applicable,444,UPI,3,3.2,4.1
2024-07-09 14:54:00,CNR9929911811,Success,CID331171,Bike,Devanahalli,Kengeri,168.0,80.0,Not Applicable,Not Applicable,No,Not Applicable,268,UPI,19,3.5,3.9
2024-07-23 21:30:00,CNR9053451868,Success,CID223855,Prime Sedan,Sahakar Nagar,HSR Layout,77.0,35.0,Not Applicable,Not Applicable,No,Not Applicable,362,Cash,3,4.5,3.6
2024-07-19 07:24:00,CNR7370679851,Canceled by Driver,CID235194,Mini,RT Nagar,Ramamurthy Nagar,,,Not Applicable,Personal & Car related issue,Not Applicable,Not Applicable,851,Not Applicable,0,,
2024-07-16 21:32:00,CNR7822721842,Driver Not Found,CID373674,eBike,Majestic,Hennur,,,Not Applicable,Not Applicable,Not Applicable,Not Applicable,956,Not Applicable,0,,
2024-07-21 02:07:00,CNR9588045471,Driver Not Found,CID989345,eBike,Cox Town,Peenya,,,Not Applicable,Not Applicable,Not Applicable,Not Applicable,530,Not Applicable,0,,
2024-07-22 08:46:00,CNR7216886709,Success,CID723751,Prime Sedan,HSR Layout,Shantinagar,112.0,55.0,Not Applicable,Not Applicable,No,Not Applicable,121,Cash,48,3.1,3.8
2024-07-23 17:20:00,CNR5632853950,Success,CID801115,Mini,Whitefield,Chickpet,273.0,105.0,Not Applicable,Not Applicable,No,Not Applicable,197,Credit Card,34,5.0,4.9
2024-07-29 22:44:00,CNR9874026727,Success,CID831050,Prime Plus,Mysore Road,Peenya,126.0,55.0,Not Applicable,Not Applicable,No,Not Applicable,370,Cash,35,3.2,4.2
2024-07-02 00:01:00,CNR7369676895,Success,CID759061,Prime Sedan,Banashankari,Indiranagar,147.0,140.0,Not Applicable,Not Applicable,Yes,Other Issue,235,UPI,27,3.4,3.9
2024-07-01 10:37:00,CNR2778815061,Success,CID372942,Auto,Hulimavu,Rajarajeshwari Nagar,84.0,95.0,Not Applicable,Not Applicable,No,Not Applicable,680,Cash,16,3.6,5.0
2024-07-18 06:48:00,CNR9642291296,Success,CID970714,Bike,BTM Layout,Shantinagar,112.0,50.0,Not Applicable,Not Applicable,No,Not Applicable,121,Cash,6,3.6,3.4
2024-07-16 03:12:00,CNR1332259054,Canceled by Driver,CID323189,Prime Sedan,Peenya,Rajarajeshwari Nagar,,,Not Applicable,Customer was coughing/sick,Not Applicable,Not Applicable,383,Not Applicable,0,,
2024-07-21 13:58:00,CNR1950899652,Canceled by Driver,CID769786,Prime Sedan,Shivajinagar,Kammanahalli,,,Not Applicable,Personal & Car related issue,Not Applicable,Not Applicable,336,Not Applicable,0,,
2024-07-04 02:36:00,CNR8957790258,Canceled by Customer,CID305340,Prime Sedan,Yelahanka,JP Nagar,,,Wrong Address,Not Applicable,Not Applicable,Not Applicable,152,Not Applicable,0,,
2024-07-27 13:30:00,CNR9792299153,Success,CID693676,eBike,MG Road,Yelahanka,35.0,85.0,Not Applicable,Not Applicable,No,Not Applicable,101,UPI,20,3.9,3.7
2024-07-30 10:22:00,CNR7656050094,Success,CID816288,Prime Plus,Jayanagar,Hennur,238.0,135.0,Not Applicable,Not Applicable,No,Not Applicable,254,Credit Card,38,4.7,4.8
2024-07-01 22:59:00,CNR9928883770,Success,CID191648,eBike,Electronic City,Hebbal,196.0,35.0,Not Applicable,Not Applicable,No,Not Applicable,160,Cash,26,3.6,4.4
2024-07-17 03:13:00,CNR4591210990,Success,CID968282,eBike,MG Road,Marathahalli,70.0,145.0,Not Applicable,Not Applicable,No,Not Applicable,273,UPI,27,3.5,3.3
2024-07-06 22:44:00,CNR5911577023,Success,CID422349,Mini,Mysore Road,Richmond Town,280.0,25.0,Not Applicable,Not Applicable,No,Not Applicable,1032,Cash,15,3.1,3.7
2024-07-14 17:39:00,CNR1844966831,Canceled by Driver,CID171102,Prime Plus,Chickpet,Yeshwanthpur,,,Not Applicable,Personal & Car related issue,Not Applicable,Not Applicable,1473,Not Applicable,0,,
2024-07-09 11:55:00,CNR9445643559,Success,CID199426,Prime Plus,JP Nagar,JP Nagar,77.0,125.0,Not Applicable,Not Applicable,No,Not Applicable,385,Cash,12,3.5,4.0
2024-07-10 21:51:00,CNR1869565885,Canceled by Driver,CID838487,Mini,Kengeri,Jayanagar,,,Not Applicable,More than permitted people in there,Not Applicable,Not Applicable,374,Not Applicable,0,,
2024-07-16 19:17:00,CNR3879033056,Driver Not Found,CID810626,Prime Sedan,Vijayanagar,Peenya,,,Not Applicable,Not Applicable,Not Applicable,Not Applicable,495,Not Applicable,0,,
2024-07-26 13:55:00,CNR3291106321,Success,CID138440,Auto,Devanahalli,RT Nagar,210.0,70.0,Not Applicable,Not Applicable,No,Not Applicable,396,Cash,3,3.5,4.6
2024-07-10 04:35:00,CNR1051671420,Success,CID838551,Prime SUV,Frazer Town,Vijayanagar,259.0,120.0,Not Applicable,Not Applicable,No,Not Applicable,967,Cash,21,3.3,3.9
2024-07-07 10:40:00,CNR4473532736,Canceled by Customer,CID740440,Prime Sedan,Rajarajeshwari Nagar,Koramangala,,,Driver is not moving towards pickup location,Not Applicable,Not Applicable,Not Applicable,162,Not Applicable,0,,
2024-07-01 03:12:00,CNR1223069168,Driver Not Found,CID210375,Mini,Marathahalli,Tumkur Road,,,Not Applicable,Not Applicable,Not Applicable,Not Applicable,788,Not Applicable,0,,
2024-07-13 13:47:00,CNR7243429154,Success,CID747317,Prime Sedan,Vijayanagar,Chamarajpet,259.0,115.0,Not Applicable,Not Applicable,No,Not Applicable,424,Cash,13,3.7,3.8
2024-07-05 07:24:00,CNR8905611766,Canceled by Driver,CID319975,Bike,Shivajinagar,Chickpet,,,Not Applicable,Customer related issue,Not Applicable,Not Applicable,400,Not Applicable,0,,
2024-07-05 22:11:00,CNR9777907537,Canceled by Driver,CID946415,eBike,Hulimavu,Bannerghatta Road,,,Not Applicable,Personal & Car related issue,Not Applicable,Not Applicable,1792,Not Applicable,0,,
2024-07-30 16:06:00,CNR5506872863,Success,CID655165,Prime Sedan,Bannerghatta Road,Kadugodi,259.0,75.0,Not Applicable,Not Applicable,No,Not Applicable,474,UPI,19,3.9,4.4
2024-07-02 18:46:00,CNR5115521153,Driver Not Found,CID327389,Prime Sedan,Malleshwaram,Basavanagudi,,,Not Applicable,Not Applicable,Not Applicable,Not Applicable,462,Not Applicable,0,,
2024-07-13 01:02:00,CNR8625754528,Success,CID245728,Prime Sedan,Banashankari,Kengeri,42.0,95.0,Not Applicable,Not Applicable,No,Not Applicable,624,Cash,8,5.0,4.0
2024-07-25 03:25:00,CNR4752546669,Success,CID398967,Prime Sedan,Langford Town,Kammanahalli,161.0,40.0,Not Applicable,Not Applicable,No,Not Applicable,195,Cash,45,4.4,5.0
2024-07-03 18:36:00,CNR7782112622,Success,CID254252,eBike,Magadi Road,Electronic City,217.0,135.0,Not Applicable,Not Applicable,No,Not Applicable,747,UPI,4,3.7,3.2
2024-07-12 15:19:00,CNR3547935459,Success,CID190248,eBike,Banashankari,Hulimavu,105.0,65.0,Not Applicable,Not Applicable,No,Not Applicable,388,UPI,17,4.1,3.2
2024-07-04 08:16:00,CNR4174974681,Success,CID148856,Prime SUV,Richmond Town,Cox Town,126.0,125.0,Not Applicable,Not Applicable,No,Not Applicable,443,UPI,26,3.6,4.2
2024-07-01 21:53:00,CNR5679619175,Canceled by Driver,CID493572,Bike,Hosur Road,Kengeri,,,Not Applicable,Personal & Car related issue,Not Applicable,Not Applicable,222,Not Applicable,0,,
2024-07-05 08:05:00,CNR4175591691,Success,CID266703,Prime SUV,Indiranagar,Chickpet,105.0,125.0,Not Applicable,Not Applicable,No,Not Applicable,2043,Cash,5,4.0,4.8
2024-07-12 08:57:00,CNR9234873425,Success,CID216088,Auto,Hulimavu,Malleshwaram,147.0,110.0,Not Applicable,Not Applicable,No,Not Applicable,446,UPI,12,3.9,3.6
2024-07-18 18:43:00,CNR1946832142,Success,CID159624,Auto,Rajarajeshwari Nagar,Tumkur Road,133.0,90.0,Not Applicable,Not Applicable,No,Not Applicable,1781,UPI,15,4.5,3.2
2024-07-19 04:34:00,CNR9421244739,Driver Not Found,CID248756,Auto,Cox Town,Marathahalli,,,Not Applicable,Not Applicable,Not Applicable,Not Applicable,382,Not Applicable,0,,
2024-07-02 21:38:00,CNR9196525929,Canceled by Driver,CID859465,Prime SUV,Sarjapur Road,Varthur,,,Not Applicable,Customer related issue,Not Applicable,Not Applicable,200,Not Applicable,0,,
2024-07-07 00:41:00,CNR8724906541,Success,CID614197,Prime SUV,Electronic City,Sarjapur Road,245.0,65.0,Not Applicable,Not Applicable,No,Not Applicable,338,Cash,31,3.8,3.7
2024-07-08 15:45:00,CNR9711628697,Success,CID114988,Prime Sedan,Kadugodi,Marathahalli,273.0,40.0,Not Applicable,Not Applicable,No,Not Applicable,620,Cash,24,3.9,4.4
2024-07-23 18:41:00,CNR8712875171,Success,CID276151,Prime Sedan,Cox Town,Hennur,217.0,100.0,Not Applicable,Not Applicable,No,Not Applicable,233,Cash,17,4.4,4.3
2024-07-06 18:35:00,CNR6126155477,Canceled by Customer,CID630532,Mini,Koramangala,Peenya,,,Driver asked to cancel,Not Applicable,Not Applicable,Not Applicable,475,Not Applicable,0,,
2024-07-19 21:36:00,CNR3319908947,Driver Not Found,CID843581,Bike,Shivajinagar,KR Puram,,,Not Applicable,Not Applicable,Not Applicable,Not Applicable,480,Not Applicable,0,,
2024-07-28 05:46:00,CNR7377903743,Driver Not Found,CID929838,Bike,Indiranagar,Ulsoor,,,Not Applicable,Not Applicable,Not Applicable,Not Applicable,400,Not Applicable,0,,
2024-07-13 09:48:00,CNR8311562756,Success,CID712969,Auto,Bannerghatta Road,BTM Layout,70.0,75.0,Not Applicable,Not Applicable,No,Not Applicable,192,Cash,12,3.9,4.1
2024-07-24 22:12:00,CNR8686608560,Success,CID108358,Auto,Mysore Road,Majestic,189.0,130.0,Not Applicable,Not Applicable,No,Not Applicable,722,UPI,5,4.0,3.6
2024-07-18 20:45:00,CNR6271456426,Success,CID871419,Prime Sedan,Marathahalli,Whitefield,91.0,75.0,Not Applicable,Not Applicable,No,Not Applicable,879,UPI,44,3.0,4.2
2024-07-10 06:21:00,CNR1784324395,Success,CID779510,Prime Sedan,Magadi Road,Vijayanagar,42.0,95.0,Not Applicable,Not Applicable,No,Not Applicable,1523,UPI,27,4.5,5.0
2024-07-28 05:39:00,CNR9012841650,Success,CID960454,Prime SUV,Rajajinagar,Rajarajeshwari Nagar,133.0,60.0,Not Applicable,Not Applicable,No,Not Applicable,428,Credit Card,49,3.7,3.7
2024-07-22 14:02:00,CNR6712737027,Canceled by Driver,CID449851,Mini,Magadi Road,Indiranagar,,,Not Applicable,Personal & Car related issue,Not Applicable,Not Applicable,163,Not Applicable,0,,
2024-07-15 22:20:00,CNR5846814847,Driver Not Found,CID119287,Bike,Basavanagudi,Yelahanka,,,Not Applicable,Not Applicable,Not Applicable,Not Applicable,959,Not Applicable,0,,
2024-07-18 02:00:00,CNR3266607033,Success,CID648420,eBike,Marathahalli,Padmanabhanagar,238.0,130.0,Not Applicable,Not Applicable,Yes,Customer Demand,1410,Cash,31,4.1,4.8
2024-07-04 14:48:00,CNR3161429699,Canceled by Driver,CID287748,Auto,Koramangala,Electronic City,,,Not Applicable,Customer was coughing/sick,Not Applicable,Not Applicable,983,Not Applicable,0,,
2024-07-09 21:03:00,CNR2455561273,Success,CID375247,Bike,Marathahalli,Magadi Road,280.0,130.0,Not Applicable,Not Applicable,No,Not Applicable,480,UPI,18,4.2,3.8
2024-07-24 00:39:00,CNR5521157960,Success,CID592949,Prime SUV,HSR Layout,Langford Town,42.0,55.0,Not Applicable,Not Applicable,No,Not Applicable,479,UPI,32,3.6,4.4
2024-07-02 14:50:00,CNR7387340670,Success,CID726252,Mini,Frazer Town,Sarjapur Road,105.0,25.0,Not Applicable,Not Applicable,No,Not Applicable,130,Cash,27,3.6,3.1
2024-07-29 05:07:00,CNR8767953525,Success,CID921776,Mini,Varthur,Rajarajeshwari Nagar,49.0,115.0,Not Applicable,Not Applicable,No,Not Applicable,861,Cash,48,3.2,3.9
2024-07-25 16:30:00,CNR3302022951,Success,CID176258,Prime Sedan,Yelahanka,Whitefield,238.0,35.0,Not Applicable,Not Applicable,No,Not Applicable,104,Cash,30,3.4,4.7
2024-07-23 09:20:00,CNR5942514983,Success,CID110164,Auto,Rajajinagar,Padmanabhanagar,182.0,50.0,Not Applicable,Not Applicable,No,Not Applicable,838,UPI,1,4.0,4.6
2024-07-15 21:13:00,CNR1991231680,Success,CID919039,Mini,Electronic City,Mysore Road,252.0,30.0,Not Applicable,Not Applicable,No,Not Applicable,111,Cash,31,4.9,4.8
2024-07-19 21:03:00,CNR2459860353,Success,CID879634,Prime Sedan,Jayanagar,Basavanagudi,84.0,25.0,Not Applicable,Not Applicable,No,Not Applicable,188,UPI,8,3.1,5.0
2024-07-04 18:18:00,CNR5310130140,Driver Not Found,CID729546,Prime Sedan,Hebbal,Majestic,,,Not Applicable,Not Applicable,Not Applicable,Not Applicable,496,Not Applicable,0,,
2024-07-10 02:03:00,CNR1098646665,Canceled by Driver,CID221449,Prime Sedan,RT Nagar,Jayanagar,,,Not Applicable,Customer was coughing/sick,Not Applicable,Not Applicable,233,Not Applicable,0,,
2024-07-29 02:18:00,CNR2559745281,Success,CID263220,eBike,Rajarajeshwari Nagar,Majestic,245.0,45.0,Not Applicable,Not Applicable,No,Not Applicable,275,Cash,1,4.8,4.4
2024-07-08 00:12:00,CNR8706038631,Success,CID908102,Prime Sedan,Yelahanka,Vijayanagar,98.0,60.0,Not Applicable,Not Applicable,No,Not Applicable,463,Cash,37,4.5,4.6
2024-07-27 08:50:00,CNR6622292642,Driver Not Found,CID592482,Auto,Majestic,Peenya,,,Not Applicable,Not Applicable,Not Applicable,Not Applicable,497,Not Applicable,0,,
2024-07-11 05:15:00,CNR8222166095,Driver Not Found,CID115219,Prime SUV,Ramamurthy Nagar,Richmond Town,,,Not Applicable,Not Applicable,Not Applicable,Not Applicable,191,Not Applicable,0,,
2024-07-11 05:19:00,CNR6207887353,Driver Not Found,CID448714,Auto,Sahakar Nagar,Mysore Road,,,Not Applicable,Not Applicable,Not Applicable,Not Applicable,508,Not Applicable,0,,
2024-07-27 15:10:00,CNR4432889038,Success,CID774588,Auto,Hennur,Kengeri,140.0,45.0,Not Applicable,Not Applicable,No,Not Applicable,359,UPI,15,4.9,3.1
2024-07-14 08:32:00,CNR3950222978,Success,CID480209,Auto,Chamarajpet,JP Nagar,224.0,100.0,Not Applicable,Not Applicable,No,Not Applicable,1040,UPI,3,4.3,3.2
2024-07-11 14:04:00,CNR5241092435,Driver Not Found,CID662289,Auto,Basavanagudi,Varthur,,,Not Applicable,Not Applicable,Not Applicable,Not Applicable,296,Not Applicable,0,,
2024-07-30 16:48:00,CNR6945345986,Success,CID422523,Prime Sedan,Shivajinagar,Peenya,147.0,95.0,Not Applicable,Not Applicable,No,Not Applicable,1767,Cash,47,3.6,4.2
2024-07-18 03:40:00,CNR2081671714,Success,CID200528,Mini,Ulsoor,Ulsoor,189.0,130.0,Not Applicable,Not Applicable,No,Not Applicable,1907,Cash,49,4.2,3.5
2024-07-14 11:10:00,CNR9017333598,Canceled by Driver,CID975109,Bike,Malleshwaram,RT Nagar,,,Not Applicable,More than permitted people in there,Not Applicable,Not Applicable,119,Not Applicable,0,,
2024-07-07 05:09:00,CNR1406974116,Canceled by Driver,CID296659,Prime Plus,Jayanagar,Padmanabhanagar,,,Not Applicable,Customer was coughing/sick,Not Applicable,Not Applicable,337,Not Applicable,0,,
2024-07-18 04:15:00,CNR6428270743,Canceled by Customer,CID770330,Auto,Banashankari,Hennur,,,Driver is not moving towards pickup location,Not Applicable,Not Applicable,Not Applicable,136,Not Applicable,0,,
2024-07-25 19:50:00,CNR5653464412,Success,CID842894,Prime SUV,Magadi Road,Sahakar Nagar,273.0,50.0,Not Applicable,Not Applicable,No,Not Applicable,170,Cash,32,4.7,3.5
2024-07-18 15:34:00,CNR7539731287,Success,CID116116,Auto,Jayanagar,Kengeri,161.0,115.0,Not Applicable,Not Applicable,No,Not Applicable,141,UPI,19,5.0,3.9
2024-07-24 02:25:00,CNR1934102061,Success,CID890435,Mini,Hulimavu,Mysore Road,231.0,105.0,Not Applicable,Not Applicable,No,Not Applicable,375,UPI,47,3.6,4.4
2024-07-02 21:57:00,CNR2574508182,Canceled by Driver,CID862542,Prime SUV,HSR Layout,Hosur Road,,,Not Applicable,More than permitted people in there,Not Applicable,Not Applicable,954,Not Applicable,0,,
2024-07-05 21:26:00,CNR5779642381,Success,CID545288,Bike,RT Nagar,Bannerghatta Road,217.0,145.0,Not Applicable,Not Applicable,No,Not Applicable,494,UPI,4,3.2,4.0
2024-07-15 11:21:00,CNR5372737556,Canceled by Driver,CID265581,eBike,Majestic,Shivajinagar,,,Not Applicable,Personal & Car related issue,Not Applicable,Not Applicable,116,Not Applicable,0,,
2024-07-23 23:39:00,CNR7202799002,Success,CID251678,Bike,Whitefield,Basavanagudi,56.0,110.0,Not Applicable,Not Applicable,No,Not Applicable,728,UPI,20,4.7,3.8
2024-07-10 13:26:00,CNR3490528372,Success,CID869955,Prime SUV,Kammanahalli,Shantinagar,224.0,75.0,Not Applicable,Not Applicable,No,Not Applicable,414,Cash,37,4.1,4.6
2024-07-05 03:54:00,CNR2521549150,Success,CID163035,Mini,Sarjapur Road,Tumkur Road,56.0,50.0,Not Applicable,Not Applicable,No,Not Applicable,457,Cash,20,3.9,3.7
2024-07-14 00:55:00,CNR5739375473,Canceled by Customer,CID805411,Mini,Richmond Town,Hennur,,,Wrong Address,Not Applicable,Not Applicable,Not Applicable,373,Not Applicable,0,,
2024-07-14 03:54:00,CNR4825140528,Success,CID841597,eBike,Marathahalli,Malleshwaram,112.0,30.0,Not Applicable,Not Applicable,No,Not Applicable,192,UPI,21,3.5,5.0
2024-07-23 21:49:00,CNR2906831716,Canceled by Customer,CID438014,Bike,RT Nagar,Majestic,,,Change of plans,Not Applicable,Not Applicable,Not Applicable,663,Not Applicable,0,,
2024-07-17 19:10:00,CNR7103105916,Success,CID501931,Prime SUV,KR Puram,Kadugodi,182.0,145.0,Not Applicable,Not Applicable,No,Not Applicable,1599,Cash,14,3.5,3.9
2024-07-24 11:50:00,CNR4153746268,Driver Not Found,CID514273,Prime Sedan,Peenya,Magadi Road,,,Not Applicable,Not Applicable,Not Applicable,Not Applicable,930,Not Applicable,0,,
2024-07-12 17:23:00,CNR1235688439,Success,CID505915,eBike,KR Puram,Magadi Road,112.0,60.0,Not Applicable,Not Applicable,No,Not Applicable,185,Cash,23,4.5,3.3
2024-07-25 11:32:00,CNR5921467955,Success,CID730362,eBike,Rajarajeshwari Nagar,HSR Layout,126.0,70.0,Not Applicable,Not Applicable,No,Not Applicable,832,Cash,16,4.6,3.9
2024-07-11 19:41:00,CNR4523812291,Driver Not Found,CID816256,eBike,Nagarbhavi,Rajajinagar,,,Not Applicable,Not Applicable,Not Applicable,Not Applicable,213,Not Applicable,0,,
2024-07-01 17:31:00,CNR3891037408,Success,CID826298,Mini,Sarjapur Road,Devanahalli,168.0,45.0,Not Applicable,Not Applicable,No,Not Applicable,178,UPI,39,4.9,3.6
2024-07-01 01:36:00,CNR7722871869,Success,CID621255,Bike,Hosur Road,HSR Layout,126.0,75.0,Not Applicable,Not Applicable,No,Not Applicable,845,Cash,2,4.2,3.3
2024-07-12 01:41:00,CNR5299993367,Canceled by Driver,CID986771,Auto,Sahakar Nagar,HSR Layout,,,Not Applicable,Personal & Car related issue,Not Applicable,Not Applicable,284,Not Applicable,0,,
2024-07-17 21:54:00,CNR6251867120,Canceled by Customer,CID772740,Auto,BTM Layout,Malleshwaram,,,Change of plans,Not Applicable,Not Applicable,Not Applicable,743,Not Applicable,0,,
2024-07-12 16:33:00,CNR6739061346,Success,CID553862,Mini,Chamarajpet,JP Nagar,133.0,110.0,Not Applicable,Not Applicable,No,Not Applicable,168,UPI,31,3.1,3.8
2024-07-07 04:20:00,CNR8087229573,Success,CID968295,eBike,Richmond Town,Yelahanka,105.0,100.0,Not Applicable,Not Applicable,No,Not Applicable,422,UPI,41,3.5,3.1
2024-07-29 18:10:00,CNR8625280026,Driver Not Found,CID390462,Prime SUV,Langford Town,Majestic,,,Not Applicable,Not Applicable,Not Applicable,Not Applicable,492,Not Applicable,0,,
2024-07-11 15:08:00,CNR8317287963,Success,CID127203,Auto,Frazer Town,Chamarajpet,105.0,35.0,Not Applicable,Not Applicable,No,Not Applicable,455,Cash,8,3.8,5.0
2024-07-16 00:37:00,CNR9953272245,Success,CID137851,Prime Plus,Banashankari,KR Puram,308.0,65.0,Not Applicable,Not Applicable,Yes,Vehicle Breakdown,255,Cash,24,3.2,3.0
2024-07-13 02:25:00,CNR9081223468,Success,CID877416,Auto,Padmanabhanagar,Vijayanagar,147.0,145.0,Not Applicable,Not Applicable,No,Not Applicable,417,Cash,9,3.9,4.3
2024-07-02 01:43:00,CNR5285511247,Success,CID173294,Prime SUV,Mysore Road,Jayanagar,273.0,110.0,Not Applicable,Not Applicable,No,Not Applicable,377,Cash,29,3.9,3.4
2024-07-03 21:47:00,CNR6688685714,Success,CID423947,eBike,Whitefield,Kengeri,210.0,25.0,Not Applicable,Not Applicable,No,Not Applicable,591,UPI,31,4.4,4.6
2024-07-02 09:36:00,CNR6126998564,Driver Not Found,CID158615,Mini,Yelahanka,Kadugodi,,,Not Applicable,Not Applicable,Not Applicable,Not Applicable,655,Not Applicable,0,,
2024-07-21 08:22:00,CNR2652220190,Success,CID984453,eBike,Basavanagudi,Banashankari,140.0,140.0,Not Applicable,Not Applicable,Yes,Customer Demand,170,Cash,36,3.2,3.9
2024-07-07 17:26:00,CNR3930080566,Canceled by Customer,CID152160,Mini,Kengeri,Frazer Town,,,Driver asked to cancel,Not Applicable,Not Applicable,Not Applicable,774,Not Applicable,0,,
2024-07-12 16:58:00,CNR7456413944,Canceled by Customer,CID340309,Prime Plus,Rajarajeshwari Nagar,Kadugodi,,,Wrong Address,Not Applicable,Not Applicable,Not Applicable,838,Not Applicable,0,,
2024-07-08 22:50:00,CNR4892702711,Success,CID289898,eBike,Peenya,Padmanabhanagar,294.0,135.0,Not Applicable,Not Applicable,No,Not Applicable,182,Cash,33,3.4,4.4
2024-07-18 19:02:00,CNR4318675909,Success,CID855308,Auto,Yeshwanthpur,Peenya,210.0,70.0,Not Applicable,Not Applicable,Yes,Vehicle Breakdown,816,UPI,3,5.0,4.4
2024-07-23 19:09:00,CNR8961199790,Success,CID229037,Prime SUV,Frazer Town,Chamarajpet,154.0,100.0,Not Applicable,Not Applicable,No,Not Applicable,2881,Cash,33,3.8,4.8
2024-07-07 00:50:00,CNR2739291652,Success,CID272189,Bike,Yeshwanthpur,Jayanagar,119.0,100.0,Not Applicable,Not Applicable,No,Not Applicable,129,Cash,1,3.2,4.3
2024-07-22 08:29:00,CNR4420866452,Success,CID835523,Bike,Kammanahalli,Langford Town,224.0,125.0,Not Applicable,Not Applicable,No,Not Applicable,410,Cash,15,3.3,4.0
2024-07-20 08:52:00,CNR7486794258,Success,CID179467,Prime Sedan,Hennur,Electronic City,182.0,65.0,Not Applicable,Not Applicable,Yes,Vehicle Breakdown,334,Cash,38,4.5,4.3
2024-07-17 21:10:00,CNR5407895487,Canceled by Driver,CID147628,Prime Sedan,Hulimavu,Varthur,,,Not Applicable,Personal & Car related issue,Not Applicable,Not Applicable,402,Not Applicable,0,,
2024-07-06 01:09:00,CNR7878033163,Success,CID675647,Prime Sedan,Chickpet,Malleshwaram,238.0,120.0,Not Applicable,Not Applicable,No,Not Applicable,303,Cash,39,4.8,3.2
2024-07-02 15:32:00,CNR6963285453,Success,CID954432,Prime Plus,Nagarbhavi,Shivajinagar,105.0,35.0,Not Applicable,Not Applicable,No,Not Applicable,427,Cash,27,3.9,5.0
2024-07-21 17:15:00,CNR6533718898,Driver Not Found,CID584387,Mini,Cox Town,Ulsoor,,,Not Applicable,Not Applicable,Not Applicable,Not Applicable,1765,Not Applicable,0,,
2024-07-12 07:20:00,CNR7210781847,Canceled by Driver,CID667782,Prime Sedan,Nagarbhavi,Kadugodi,,,Not Applicable,Personal & Car related issue,Not Applicable,Not Applicable,2483,Not Applicable,0,,
2024-07-14 13:56:00,CNR4951006912,Success,CID875673,Auto,Jayanagar,Frazer Town,224.0,70.0,Not Applicable,Not Applicable,No,Not Applicable,454,Cash,6,4.8,4.1
2024-07-06 21:39:00,CNR7293191850,Success,CID190051,Mini,Hennur,Tumkur Road,63.0,75.0,Not Applicable,Not Applicable,No,Not Applicable,298,Cash,29,4.8,4.1
2024-07-01 14:30:00,CNR5052578902,Success,CID389014,Auto,Marathahalli,Rajajinagar,56.0,30.0,Not Applicable,Not Applicable,No,Not Applicable,351,UPI,14,4.0,4.4
2024-07-16 12:20:00,CNR7707847417,Canceled by Driver,CID682299,Mini,Ramamurthy Nagar,JP Nagar,,,Not Applicable,Personal & Car related issue,Not Applicable,Not Applicable,319,Not Applicable,0,,
2024-07-17 12:57:00,CNR4435398792,Success,CID439573,Prime Sedan,Kengeri,Langford Town,91.0,120.0,Not Applicable,Not Applicable,No,Not Applicable,355,UPI,24,3.8,3.6
2024-07-11 00:03:00,CNR2100445755,Success,CID722124,Bike,Jayanagar,BTM Layout,266.0,100.0,Not Applicable,Not Applicable,No,Not Applicable,410,UPI,7,4.5,4.6
2024-07-18 04:28:00,CNR4946913316,Canceled by Customer,CID314935,Mini,Shivajinagar,Ramamurthy Nagar,,,Driver is not moving towards pickup location,Not Applicable,Not Applicable,Not Applicable,2508,Not Applicable,0,,
2024-07-03 05:05:00,CNR9975485932,Success,CID609447,Mini,Yeshwanthpur,Devanahalli,238.0,25.0,Not Applicable,Not Applicable,No,Not Applicable,865,Cash,44,4.8,4.0
2024-07-18 09:57:00,CNR5828089999,Success,CID668293,eBike,Hebbal,Nagarbhavi,77.0,125.0,Not Applicable,Not Applicable,No,Not Applicable,615,UPI,17,3.6,4.6
2024-07-13 05:00:00,CNR4137203265,Success,CID793940,Mini,Majestic,Shantinagar,280.0,95.0,Not Applicable,Not Applicable,No,Not Applicable,221,Cash,46,4.2,3.4
2024-07-22 13:58:00,CNR4884472305,Success,CID431391,Bike,Rajarajeshwari Nagar,Magadi Road,91.0,140.0,Not Applicable,Not Applicable,No,Not Applicable,117,UPI,16,3.7,4.8
2024-07-01 02:09:00,CNR3559958885,Success,CID966273,eBike,Sahakar Nagar,Vijayanagar,70.0,115.0,Not Applicable,Not Applicable,No,Not Applicable,132,Cash,12,3.8,4.8
2024-07-03 04:03:00,CNR1638869477,Driver Not Found,CID384320,eBike,Yeshwanthpur,Richmond Town,,,Not Applicable,Not Applicable,Not Applicable,Not Applicable,149,Not Applicable,0,,
2024-07-05 01:06:00,CNR7436251879,Success,CID600172,Prime Sedan,Rajarajeshwari Nagar,Koramangala,119.0,120.0,Not Applicable,Not Applicable,No,Not Applicable,117,UPI,17,3.7,3.4
2024-07-22 12:21:00,CNR4308499031,Canceled by Driver,CID883730,Mini,Ulsoor,Yelahanka,,,Not Applicable,Personal & Car related issue,Not Applicable,Not Applicable,880,Not Applicable,0,,
2024-07-08 09:14:00,CNR8929343562,Success,CID913048,Prime SUV,Koramangala,Rajarajeshwari Nagar,231.0,100.0,Not Applicable,Not Applicable,No,Not Applicable,123,Cash,34,3.9,5.0
2024-07-19 07:20:00,CNR1645667678,Canceled by Driver,CID289738,Prime Sedan,Yeshwanthpur,Tumkur Road,,,Not Applicable,More than permitted people in there,Not Applicable,Not Applicable,479,Not Applicable,0,,
2024-07-08 07:04:00,CNR7683920451,Success,CID211642,eBike,Cox Town,Langford Town,252.0,25.0,Not Applicable,Not Applicable,No,Not Applicable,303,UPI,36,3.5,4.9
2024-07-27 04:02:00,CNR8785799788,Success,CID662398,Prime Plus,Hennur,Varthur,196.0,85.0,Not Applicable,Not Applicable,Yes,Vehicle Breakdown,2287,Cash,36,3.8,3.0
2024-07-26 00:45:00,CNR9682218190,Success,CID815371,Auto,Koramangala,Yelahanka,77.0,135.0,Not Applicable,Not Applicable,No,Not Applicable,458,Cash,8,3.4,4.1
2024-07-23 01:09:00,CNR2689271225,Success,CID197412,Prime Plus,Mysore Road,Padmanabhanagar,280.0,145.0,Not Applicable,Not Applicable,No,Not Applicable,207,Cash,25,4.1,3.7
2024-07-05 22:10:00,CNR6180610871,Success,CID508323,Mini,Shantinagar,Vijayanagar,196.0,60.0,Not Applicable,Not Applicable,No,Not Applicable,284,UPI,37,4.4,4.2
2024-07-27 10:52:00,CNR6591748894,Success,CID542308,eBike,Rajarajeshwari Nagar,Bellandur,203.0,90.0,Not Applicable,Not Applicable,No,Not Applicable,928,UPI,4,3.5,3.5
2024-07-17 23:28:00,CNR8046550612,Canceled by Driver,CID140517,eBike,Varthur,Koramangala,,,Not Applicable,Customer related issue,Not Applicable,Not Applicable,1677,Not Applicable,0,,
2024-07-24 02:44:00,CNR6494958816,Success,CID197933,Prime Sedan,JP Nagar,Varthur,49.0,75.0,Not Applicable,Not Applicable,No,Not Applicable,676,Cash,41,3.4,3.9
2024-07-14 02:40:00,CNR4985076906,Success,CID191057,Prime Plus,BTM Layout,Whitefield,308.0,45.0,Not Applicable,Not Applicable,No,Not Applicable,131,Cash,36,4.3,4.5
2024-07-12 19:15:00,CNR6994955447,Canceled by Driver,CID218969,Prime Plus,Bannerghatta Road,Hosur Road,,,Not Applicable,Personal & Car related issue,Not Applicable,Not Applicable,199,Not Applicable,0,,
2024-07-02 19:47:00,CNR2240654189,Canceled by Driver,CID156640,Prime SUV,Hosur Road,Marathahalli,,,Not Applicable,More than permitted people in there,Not Applicable,Not Applicable,177,Not Applicable,0,,
2024-07-16 20:43:00,CNR3521976177,Canceled by Customer,CID338201,Bike,Chamarajpet,Sarjapur Road,,,Driver is not moving towards pickup location,Not Applicable,Not Applicable,Not Applicable,297,Not Applicable,0,,
2024-07-03 19:21:00,CNR2251870925,Success,CID651188,Prime Sedan,Ramamurthy Nagar,Frazer Town,280.0,135.0,Not Applicable,Not Applicable,No,Not Applicable,527,Cash,37,3.3,4.0
2024-07-23 14:15:00,CNR1718924433,Canceled by Driver,CID190443,eBike,Vijayanagar,Padmanabhanagar,,,Not Applicable,Customer was coughing/sick,Not Applicable,Not Applicable,450,Not Applicable,0,,
2024-07-13 14:56:00,CNR3993085874,Success,CID921225,Auto,Langford Town,KR Puram,294.0,115.0,Not Applicable,Not Applicable,Yes,Other Issue,299,UPI,17,4.5,3.3
2024-07-20 09:25:00,CNR7964254286,Success,CID945039,Prime Plus,Hulimavu,HSR Layout,224.0,110.0,Not Applicable,Not Applicable,No,Not Applicable,942,Cash,22,4.4,3.8
2024-07-06 02:27:00,CNR4282498305,Canceled by Customer,CID687642,Mini,Chamarajpet,Majestic,,,Driver is not moving towards pickup location,Not Applicable,Not Applicable,Not Applicable,323,Not Applicable,0,,
2024-07-19 00:57:00,CNR6623436534,Canceled by Driver,CID799346,Auto,Sahakar Nagar,Malleshwaram,,,Not Applicable,Personal & Car related issue,Not Applicable,Not Applicable,619,Not Applicable,0,,
2024-07-28 22:10:00,CNR4959656934,Success,CID503751,Prime SUV,Hebbal,Basavanagudi,273.0,60.0,Not Applicable,Not Applicable,No,Not Applicable,914,Cash,46,4.1,3.5
2024-07-12 07:01:00,CNR5876622853,Canceled by Customer,CID403402,Bike,Ramamurthy Nagar,Shantinagar,,,Driver asked to cancel,Not Applicable,Not Applicable,Not Applicable,2343,Not Applicable,0,,
2024-07-06 09:50:00,CNR1591796728,Success,CID712446,Prime Sedan,Koramangala,Varthur,287.0,85.0,Not Applicable,Not Applicable,No,Not Applicable,238,UPI,36,3.8,4.3
2024-07-01 00:45:00,CNR3867768830,Success,CID165099,Prime Plus,Mysore Road,Sarjapur Road,196.0,90.0,Not Applicable,Not Applicable,No,Not Applicable,478,UPI,11,3.0,3.7
2024-07-18 22:45:00,CNR3183784141,Canceled by Driver,CID377652,Mini,Varthur,Chickpet,,,Not Applicable,Customer was coughing/sick,Not Applicable,Not Applicable,173,Not Applicable,0,,
2024-07-08 18:48:00,CNR7861072279,Success,CID334414,Auto,Indiranagar,Chamarajpet,77.0,75.0,Not Applicable,Not Applicable,No,Not Applicable,465,UPI,16,4.9,3.7
2024-07-06 21:08:00,CNR2167266982,Success,CID592847,Prime SUV,Sarjapur Road,Tumkur Road,189.0,65.0,Not Applicable,Not Applicable,No,Not Applicable,446,Cash,32,3.6,3.6
2024-07-21 10:01:00,CNR9905745623,Success,CID397443,Auto,Bannerghatta Road,Richmond Town,84.0,60.0,Not Applicable,Not Applicable,No,Not Applicable,149,UPI,13,4.1,3.6
2024-07-29 15:23:00,CNR8392654900,Success,CID122208,Bike,BTM Layout,RT Nagar,168.0,85.0,Not Applicable,Not Applicable,No,Not Applicable,828,Cash,43,4.5,3.9
2024-07-19 18:56:00,CNR8989192216,Success,CID561438,Bike,Tumkur Road,Hulimavu,161.0,40.0,Not Applicable,Not Applicable,Yes,Vehicle Breakdown,354,UPI,40,4.8,3.8
2024-07-15 18:06:00,CNR7825410245,Success,CID527633,Mini,Koramangala,Jayanagar,224.0,70.0,Not Applicable,Not Applicable,No,Not Applicable,397,Cash,35,4.4,4.3
2024-07-24 19:43:00,CNR2471295869,Canceled by Driver,CID299949,eBike,Sarjapur Road,Cox Town,,,Not Applicable,Personal & Car related issue,Not Applicable,Not Applicable,117,Not Applicable,0,,
2024-07-06 18:13:00,CNR5541019844,Canceled by Driver,CID964353,Mini,Bellandur,Sarjapur Road,,,Not Applicable,Personal & Car related issue,Not Applicable,Not Applicable,390,Not Applicable,0,,
2024-07-19 11:25:00,CNR8804878686,Success,CID657388,Mini,Peenya,Koramangala,112.0,145.0,Not Applicable,Not Applicable,No,Not Applicable,128,UPI,37,3.4,4.6
2024-07-28 07:15:00,CNR5501628398,Success,CID562354,Bike,Hosur Road,Hennur,308.0,85.0,Not Applicable,Not Applicable,No,Not Applicable,891,Cash,10,4.2,4.6
2024-07-14 07:30:00,CNR1443629641,Success,CID532181,Bike,Vijayanagar,Shivajinagar,224.0,85.0,Not Applicable,Not Applicable,No,Not Applicable,494,UPI,47,3.8,4.0
2024-07-08 09:34:00,CNR4672657345,Success,CID959756,Bike,Sarjapur Road,Ramamurthy Nagar,133.0,45.0,Not Applicable,Not Applicable,No,Not Applicable,243,Cash,40,3.6,4.3
2024-07-09 11:15:00,CNR5551066902,Canceled by Driver,CID210204,Prime SUV,Electronic City,Peenya,,,Not Applicable,Customer related issue,Not Applicable,Not Applicable,172,Not Applicable,0,,
2024-07-21 16:07:00,CNR4841858327,Success,CID244708,Prime SUV,Whitefield,Koramangala,84.0,125.0,Not Applicable,Not Applicable,No,Not Applicable,491,UPI,44,3.2,3.9
2024-07-10 05:17:00,CNR2330422146,Canceled by Customer,CID620943,Prime Plus,Chamarajpet,Chickpet,,,Driver asked to cancel,Not Applicable,Not Applicable,Not Applicable,475,Not Applicable,0,,
2024-07-04 19:14:00,CNR3088623146,Success,CID964723,Prime Plus,Kammanahalli,JP Nagar,217.0,25.0,Not Applicable,Not Applicable,No,Not Applicable,789,Cash,43,4.9,3.8
2024-07-05 00:29:00,CNR6846670534,Canceled by Customer,CID369612,Prime Sedan,Marathahalli,Ramamurthy Nagar,,,Driver is not moving towards pickup location,Not Applicable,Not Applicable,Not Applicable,2511,Not Applicable,0,,
2024-07-28 16:03:00,CNR7306825731,Canceled by Driver,CID611137,Prime Plus,Nagarbhavi,Jayanagar,,,Not Applicable,Personal & Car related issue,Not Applicable,Not Applicable,422,Not Applicable,0,,
2024-07-01 16:16:00,CNR3789906728,Canceled by Customer,CID590933,Prime SUV,MG Road,Sarjapur Road,,,AC is Not working,Not Applicable,Not Applicable,Not Applicable,276,Not Applicable,0,,
2024-07-24 06:27:00,CNR2741239267,Driver Not Found,CID367327,Mini,Chickpet,Ulsoor,,,Not Applicable,Not Applicable,Not Applicable,Not Applicable,361,Not Applicable,0,,
2024-07-18 20:45:00,CNR6333554701,Canceled by Customer,CID936830,Bike,Chamarajpet,KR Puram,,,Driver is not moving towards pickup location,Not Applicable,Not Applicable,Not Applicable,976,Not Applicable,0,,
2024-07-18 04:19:00,CNR6067592858,Success,CID954323,Mini,Jayanagar,Mysore Road,238.0,145.0,Not Applicable,Not Applicable,No,Not Applicable,247,Cash,39,3.9,3.6
2024-07-23 18:02:00,CNR5410971266,Success,CID547030,Prime Plus,MG Road,HSR Layout,70.0,30.0,Not Applicable,Not Applicable,No,Not Applicable,176,Cash,17,4.2,3.6
2024-07-08 02:10:00,CNR2660822136,Canceled by Driver,CID119637,Bike,Koramangala,Rajajinagar,,,Not Applicable,Customer related issue,Not Applicable,Not Applicable,644,Not Applicable,0,,
2024-07-09 08:20:00,CNR6178295406,Canceled by Driver,CID780590,Mini,Vijayanagar,Chickpet,,,Not Applicable,More than permitted people in there,Not Applicable,Not Applicable,777,Not Applicable,0,,
2024-07-11 06:14:00,CNR8640664517,Canceled by Customer,CID353713,Prime Sedan,Yelahanka,Hulimavu,,,Driver is not moving towards pickup location,Not Applicable,Not Applicable,Not Applicable,251,Not Applicable,0,,
2024-07-29 01:28:00,CNR3564709058,Success,CID870499,Prime SUV,BTM Layout,Rajarajeshwari Nagar,168.0,100.0,Not Applicable,Not Applicable,No,Not Applicable,1541,Cash,47,3.2,4.8
2024-07-11 02:50:00,CNR6269100068,Success,CID694061,Bike,Jayanagar,Shantinagar,266.0,145.0,Not Applicable,Not Applicable,No,Not Applicable,1852,UPI,8,4.3,4.6
2024-07-08 14:24:00,CNR5900389922,Canceled by Customer,CID838337,Mini,Hosur Road,Kengeri,,,Driver asked to cancel,Not Applicable,Not Applicable,Not Applicable,991,Not Applicable,0,,
2024-07-10 17:43:00,CNR2950883379,Success,CID642539,Prime SUV,Frazer Town,Kengeri,203.0,135.0,Not Applicable,Not Applicable,No,Not Applicable,671,UPI,27,4.9,4.8
2024-07-01 21:05:00,CNR9557833808,Canceled by Customer,CID116059,Prime Plus,Yelahanka,RT Nagar,,,Driver is not moving towards pickup location,Not Applicable,Not Applicable,Not Applicable,495,Not Applicable,0,,
2024-07-07 07:43:00,CNR1114716625,Success,CID824858,eBike,Basavanagudi,Nagarbhavi,70.0,135.0,Not Applicable,Not Applicable,No,Not Applicable,496,Cash,14,3.0,3.6
2024-07-12 17:59:00,CNR5127953166,Canceled by Driver,CID301637,Bike,Electronic City,JP Nagar,,,Not Applicable,Customer related issue,Not Applicable,Not Applicable,176,Not Applicable,0,,
2024-07-04 22:34:00,CNR3032683662,Success,CID678237,Auto,Nagarbhavi,Devanahalli,42.0,115.0,Not Applicable,Not Applicable,No,Not Applicable,521,UPI,18,3.9,4.2
2024-07-26 12:20:00,CNR8763421755,Success,CID126755,Prime Sedan,Indiranagar,Hennur,301.0,120.0,Not Applicable,Not Applicable,No,Not Applicable,918,Cash,1,4.9,4.1
2024-07-23 05:21:00,CNR4874521096,Canceled by Driver,CID440027,eBike,MG Road,Hulimavu,,,Not Applicable,Customer related issue,Not Applicable,Not Applicable,459,Not Applicable,0,,
2024-07-01 01:19:00,CNR3822285238,Success,CID596646,Mini,Ulsoor,Tumkur Road,175.0,95.0,Not Applicable,Not Applicable,No,Not Applicable,295,Credit Card,15,4.2,3.9
2024-07-14 06:54:00,CNR1103448210,Success,CID534975,Prime SUV,Tumkur Road,Yeshwanthpur,280.0,40.0,Not Applicable,Not Applicable,No,Not Applicable,333,Cash,33,3.2,3.2
2024-07-28 09:42:00,CNR5123363802,Canceled by Driver,CID168198,Prime SUV,Kammanahalli,Whitefield,,,Not Applicable,Personal & Car related issue,Not Applicable,Not Applicable,386,Not Applicable,0,,
2024-07-08 13:24:00,CNR2136415663,Success,CID574379,Mini,Kammanahalli,Peenya,147.0,50.0,Not Applicable,Not Applicable,No,Not Applicable,204,Cash,19,4.5,4.4
2024-07-23 05:53:00,CNR3716875974,Canceled by Driver,CID710103,Bike,HSR Layout,Sahakar Nagar,,,Not Applicable,More than permitted people in there,Not Applicable,Not Applicable,138,Not Applicable,0,,
2024-07-02 11:39:00,CNR8665271457,Success,CID587346,Bike,Rajajinagar,Whitefield,126.0,55.0,Not Applicable,Not Applicable,No,Not Applicable,260,Cash,5,4.9,4.4
2024-07-03 07:41:00,CNR4753397394,Driver Not Found,CID481103,Prime SUV,Bannerghatta Road,Whitefield,,,Not Applicable,Not Applicable,Not Applicable,Not Applicable,278,Not Applicable,0,,
2024-07-17 00:03:00,CNR6704027248,Success,CID673577,Prime Sedan,Koramangala,Marathahalli,210.0,80.0,Not Applicable,Not Applicable,Yes,Vehicle Breakdown,721,UPI,27,4.2,3.5
2024-07-03 16:05:00,CNR3854797746,Canceled by Customer,CID708654,Auto,Ramamurthy Nagar,Ulsoor,,,Driver is not moving towards pickup location,Not Applicable,Not Applicable,Not Applicable,711,Not Applicable,0,,
2024-07-07 06:47:00,CNR7908942702,Success,CID934927,Prime Sedan,Yelahanka,Sahakar Nagar,56.0,125.0,Not Applicable,Not Applicable,No,Not Applicable,173,UPI,35,3.2,3.9
2024-07-03 02:46:00,CNR2920575853,Success,CID465991,Prime Plus,Frazer Town,Basavanagudi,182.0,25.0,Not Applicable,Not Applicable,No,Not Applicable,388,UPI,30,3.5,4.1
2024-07-03 18:39:00,CNR2568297094,Success,CID190772,Auto,Electronic City,Padmanabhanagar,133.0,50.0,Not Applicable,Not Applicable,No,Not Applicable,258,Debit Card,2,4.2,4.0
2024-07-23 21:03:00,CNR6969890204,Canceled by Driver,CID347917,Bike,Yelahanka,Rajajinagar,,,Not Applicable,Personal & Car related issue,Not Applicable,Not Applicable,436,Not Applicable,0,,
2024-07-23 04:06:00,CNR7380960322,Success,CID256860,Prime Sedan,Tumkur Road,Padmanabhanagar,294.0,40.0,Not Applicable,Not Applicable,No,Not Applicable,275,UPI,39,3.9,4.4
2024-07-22 22:43:00,CNR1118121649,Driver Not Found,CID895535,Prime SUV,Whitefield,MG Road,,,Not Applicable,Not Applicable,Not Applicable,Not Applicable,269,Not Applicable,0,,
2024-07-03 04:58:00,CNR9567248263,Success,CID640875,Prime Plus,Chickpet,Peenya,112.0,100.0,Not Applicable,Not Applicable,No,Not Applicable,177,Cash,49,4.0,3.8
2024-07-30 21:39:00,CNR4178271701,Canceled by Driver,CID754258,Prime SUV,Kammanahalli,Kengeri,,,Not Applicable,More than permitted people in there,Not Applicable,Not Applicable,378,Not Applicable,0,,
2024-07-20 17:12:00,CNR1677936893,Driver Not Found,CID238887,Prime Sedan,Nagarbhavi,Mysore Road,,,Not Applicable,Not Applicable,Not Applicable,Not Applicable,377,Not Applicable,0,,
2024-07-29 23:24:00,CNR1085170813,Success,CID893401,Bike,Chamarajpet,Richmond Town,77.0,110.0,Not Applicable,Not Applicable,No,Not Applicable,240,UPI,7,4.8,3.5
2024-07-12 18:02:00,CNR7976289399,Success,CID199234,Prime SUV,Basavanagudi,Mysore Road,224.0,100.0,Not Applicable,Not Applicable,No,Not Applicable,259,UPI,34,4.8,4.3
2024-07-12 15:35:00,CNR3945199748,Success,CID414224,Prime Plus,Chamarajpet,Rajarajeshwari Nagar,133.0,35.0,Not Applicable,Not Applicable,No,Not Applicable,367,Cash,48,3.6,4.0
2024-07-16 18:09:00,CNR6570091909,Success,CID420564,Bike,Yeshwanthpur,Yeshwanthpur,182.0,45.0,Not Applicable,Not Applicable,No,Not Applicable,193,UPI,43,3.6,5.0
2024-07-22 16:22:00,CNR3507503108,Success,CID477888,Prime Plus,Bannerghatta Road,Majestic,224.0,30.0,Not Applicable,Not Applicable,No,Not Applicable,304,UPI,46,3.7,3.8
2024-07-25 20:39:00,CNR9421588128,Success,CID245723,Prime Plus,Varthur,Varthur,224.0,30.0,Not Applicable,Not Applicable,No,Not Applicable,182,Cash,27,3.8,3.9
2024-07-18 08:06:00,CNR6156692216,Canceled by Driver,CID154441,Bike,Chickpet,Frazer Town,,,Not Applicable,Customer related issue,Not Applicable,Not Applicable,185,Not Applicable,0,,
2024-07-28 05:05:00,CNR8293168976,Canceled by Customer,CID409159,Bike,Peenya,Ramamurthy Nagar,,,Change of plans,Not Applicable,Not Applicable,Not Applicable,958,Not Applicable,0,,
2024-07-22 04:36:00,CNR4554359330,Success,CID320961,eBike,Jayanagar,Magadi Road,308.0,105.0,Not Applicable,Not Applicable,No,Not Applicable,483,UPI,5,3.8,4.7
2024-07-05 01:02:00,CNR9146271136,Driver Not Found,CID747313,Bike,Tumkur Road,Kammanahalli,,,Not Applicable,Not Applicable,Not Applicable,Not Applicable,538,Not Applicable,0,,
2024-07-27 07:52:00,CNR2213420220,Canceled by Driver,CID365878,Auto,Basavanagudi,Tumkur Road,,,Not Applicable,Personal & Car related issue,Not Applicable,Not Applicable,879,Not Applicable,0,,
2024-07-05 11:07:00,CNR7111169866,Success,CID505056,Mini,Sarjapur Road,Yelahanka,294.0,85.0,Not Applicable,Not Applicable,No,Not Applicable,997,Cash,25,5.0,5.0
2024-07-08 02:49:00,CNR7452735430,Canceled by Driver,CID534062,Prime Plus,Sarjapur Road,Yelahanka,,,Not Applicable,Personal & Car related issue,Not Applicable,Not Applicable,2886,Not Applicable,0,,
2024-07-30 03:07:00,CNR7547847949,Success,CID910479,Auto,Peenya,Cox Town,98.0,115.0,Not Applicable,Not Applicable,No,Not Applicable,161,Cash,7,4.0,3.7
2024-07-18 12:39:00,CNR6137075289,Success,CID115415,Mini,Chickpet,Rajarajeshwari Nagar,175.0,65.0,Not Applicable,Not Applicable,No,Not Applicable,1845,Cash,33,4.4,3.2
2024-07-20 16:38:00,CNR5519099860,Success,CID212987,Prime Sedan,Varthur,Hosur Road,210.0,95.0,Not Applicable,Not Applicable,No,Not Applicable,674,Cash,33,3.7,4.1
2024-07-24 16:02:00,CNR8253119106,Canceled by Customer,CID555147,eBike,RT Nagar,Sahakar Nagar,,,AC is Not working,Not Applicable,Not Applicable,Not Applicable,853,Not Applicable,0,,
2024-07-17 08:09:00,CNR8069971339,Success,CID169911,Prime Sedan,Devanahalli,JP Nagar,224.0,105.0,Not Applicable,Not Applicable,No,Not Applicable,406,UPI,43,3.0,4.7
2024-07-08 03:31:00,CNR4664173132,Canceled by Driver,CID281565,eBike,Sahakar Nagar,Majestic,,,Not Applicable,Personal & Car related issue,Not Applicable,Not Applicable,371,Not Applicable,0,,
2024-07-17 10:51:00,CNR1043258487,Success,CID859355,Prime Plus,Majestic,Kadugodi,308.0,60.0,Not Applicable,Not Applicable,No,Not Applicable,868,Cash,13,3.5,4.6
2024-07-17 20:58:00,CNR1744656277,Success,CID519354,Mini,Basavanagudi,Basavanagudi,133.0,45.0,Not Applicable,Not Applicable,No,Not Applicable,325,UPI,23,4.1,4.5
2024-07-09 19:35:00,CNR5935613612,Canceled by Customer,CID377640,Prime Sedan,Hebbal,Sahakar Nagar,,,Driver asked to cancel,Not Applicable,Not Applicable,Not Applicable,163,Not Applicable,0,,
2024-07-01 05:14:00,CNR4848616031,Success,CID577809,Prime Sedan,Shivajinagar,Indiranagar,252.0,95.0,Not Applicable,Not Applicable,No,Not Applicable,685,Credit Card,34,4.0,3.8
2024-07-21 10:59:00,CNR7439761653,Success,CID604932,eBike,Kadugodi,KR Puram,56.0,70.0,Not Applicable,Not Applicable,No,Not Applicable,575,Cash,4,3.2,3.2
2024-07-09 20:34:00,CNR4012022648,Canceled by Customer,CID148973,Prime SUV,Nagarbhavi,JP Nagar,,,Driver is not moving towards pickup location,Not Applicable,Not Applicable,Not Applicable,279,Not Applicable,0,,
2024-07-30 07:08:00,CNR8984623777,Driver Not Found,CID723430,Prime Plus,Kadugodi,Yeshwanthpur,,,Not Applicable,Not Applicable,Not Applicable,Not Applicable,178,Not Applicable,0,,
2024-07-20 16:35:00,CNR4786043580,Driver Not Found,CID649937,Prime Plus,Rajarajeshwari Nagar,Bellandur,,,Not Applicable,Not Applicable,Not Applicable,Not Applicable,125,Not Applicable,0,,
2024-07-03 12:41:00,CNR2362740147,Success,CID116386,eBike,Banashankari,Nagarbhavi,35.0,105.0,Not Applicable,Not Applicable,No,Not Applicable,638,UPI,37,4.3,4.3
2024-07-29 00:37:00,CNR9401197814,Driver Not Found,CID504048,eBike,Ramamurthy Nagar,JP Nagar,,,Not Applicable,Not Applicable,Not Applicable,Not Applicable,287,Not Applicable,0,,
2024-07-04 14:52:00,CNR2095729861,Success,CID997026,Auto,Yelahanka,MG Road,105.0,145.0,Not Applicable,Not Applicable,No,Not Applicable,467,UPI,11,4.7,3.6
2024-07-20 16:50:00,CNR7681073111,Canceled by Driver,CID275613,Auto,Bannerghatta Road,Cox Town,,,Not Applicable,Personal & Car related issue,Not Applicable,Not Applicable,708,Not Applicable,0,,
2024-07-06 13:26:00,CNR7541055431,Success,CID347005,Bike,HSR Layout,Ulsoor,161.0,115.0,Not Applicable,Not Applicable,No,Not Applicable,164,Cash,48,4.8,3.1
2024-07-27 22:29:00,CNR5233023945,Success,CID264127,Mini,Basavanagudi,Yeshwanthpur,63.0,70.0,Not Applicable,Not Applicable,No,Not Applicable,2873,Cash,42,3.0,4.2
2024-07-09 02:50:00,CNR2969780051,Canceled by Driver,CID620033,Auto,Yeshwanthpur,JP Nagar,,,Not Applicable,Customer related issue,Not Applicable,Not Applicable,2213,Not Applicable,0,,
2024-07-25 22:26:00,CNR8872370139,Success,CID287292,Prime Sedan,Kengeri,Tumkur Road,196.0,135.0,Not Applicable,Not Applicable,No,Not Applicable,565,Cash,19,3.6,4.5
2024-07-08 21:36:00,CNR4228963539,Success,CID684445,Mini,Frazer Town,Sarjapur Road,231.0,75.0,Not Applicable,Not Applicable,No,Not Applicable,633,Cash,39,3.4,4.5
2024-07-26 02:56:00,CNR6535026072,Canceled by Customer,CID319222,Bike,Koramangala,Sarjapur Road,,,Driver is not moving towards pickup location,Not Applicable,Not Applicable,Not Applicable,1608,Not Applicable,0,,
2024-07-11 22:39:00,CNR8197881458,Canceled by Driver,CID376808,Prime Plus,Indiranagar,Ulsoor,,,Not Applicable,Personal & Car related issue,Not Applicable,Not Applicable,411,Not Applicable,0,,
2024-07-23 12:38:00,CNR8908227181,Canceled by Driver,CID594539,Prime Plus,Vijayanagar,KR Puram,,,Not Applicable,Personal & Car related issue,Not Applicable,Not Applicable,518,Not Applicable,0,,
2024-07-09 06:32:00,CNR1931393165,Success,CID196071,Auto,BTM Layout,Electronic City,77.0,95.0,Not Applicable,Not Applicable,Yes,Other Issue,752,UPI,13,3.6,4.0
2024-07-05 11:54:00,CNR4088683835,Success,CID816034,Prime Plus,RT Nagar,Ulsoor,63.0,130.0,Not Applicable,Not Applicable,No,Not Applicable,715,UPI,6,3.7,4.0
2024-07-02 00:54:00,CNR3124194776,Success,CID633621,Prime Plus,Peenya,Majestic,147.0,35.0,Not Applicable,Not Applicable,No,Not Applicable,472,Cash,20,4.7,3.3
2024-07-29 00:12:00,CNR5258694949,Success,CID113667,Bike,Bellandur,Padmanabhanagar,70.0,25.0,Not Applicable,Not Applicable,No,Not Applicable,197,Cash,34,4.0,4.4
2024-07-26 07:06:00,CNR6998822258,Success,CID400622,Bike,Nagarbhavi,Rajajinagar,119.0,25.0,Not Applicable,Not Applicable,No,Not Applicable,474,UPI,6,4.6,3.1
2024-07-20 10:09:00,CNR7724073915,Success,CID632201,Auto,Mysore Road,Bannerghatta Road,203.0,80.0,Not Applicable,Not Applicable,No,Not Applicable,587,UPI,8,4.9,3.1
2024-07-15 22:06:00,CNR2392739211,Success,CID655851,Prime SUV,MG Road,Shantinagar,266.0,30.0,Not Applicable,Not Applicable,No,Not Applicable,238,UPI,48,4.2,3.8
2024-07-28 02:58:00,CNR4559234939,Success,CID424429,eBike,HSR Layout,HSR Layout,98.0,145.0,Not Applicable,Not Applicable,No,Not Applicable,425,Cash,36,3.7,3.5
2024-07-25 10:44:00,CNR8334570111,Success,CID411473,Prime Sedan,Whitefield,Shantinagar,35.0,65.0,Not Applicable,Not Applicable,No,Not Applicable,132,Cash,32,3.7,4.6
2024-07-26 18:33:00,CNR7786526286,Success,CID313716,Mini,Indiranagar,Kammanahalli,84.0,65.0,Not Applicable,Not Applicable,No,Not Applicable,273,Cash,36,3.0,4.6
2024-07-10 04:54:00,CNR4188835827,Success,CID730401,Mini,Shantinagar,Hebbal,161.0,70.0,Not Applicable,Not Applicable,No,Not Applicable,497,Cash,10,4.5,4.0
2024-07-28 14:19:00,CNR9849894949,Canceled by Driver,CID714808,Mini,Jayanagar,Basavanagudi,,,Not Applicable,Customer was coughing/sick,Not Applicable,Not Applicable,271,Not Applicable,0,,
2024-07-11 03:51:00,CNR9261186812,Success,CID816295,Prime Plus,Tumkur Road,Yelahanka,126.0,40.0,Not Applicable,Not Applicable,No,Not Applicable,719,Cash,21,3.6,4.9
2024-07-04 23:03:00,CNR2117778670,Success,CID668508,Prime Plus,Chamarajpet,Ulsoor,105.0,35.0,Not Applicable,Not Applicable,Yes,Vehicle Breakdown,357,UPI,34,3.7,4.6
2024-07-12 10:47:00,CNR7854823488,Success,CID609823,Prime SUV,Chamarajpet,Kammanahalli,273.0,60.0,Not Applicable,Not Applicable,Yes,Customer Demand,250,UPI,16,4.8,4.0
2024-07-03 07:17:00,CNR9775978455,Success,CID807585,Prime SUV,Vijayanagar,Hulimavu,308.0,120.0,Not Applicable,Not Applicable,No,Not Applicable,1081,UPI,16,4.4,4.7
2024-07-04 18:47:00,CNR7244533914,Success,CID411000,eBike,RT Nagar,Chamarajpet,133.0,95.0,Not Applicable,Not Applicable,No,Not Applicable,324,UPI,48,4.5,4.1
2024-07-30 18:00:00,CNR6601676659,Success,CID104125,eBike,Sarjapur Road,Majestic,140.0,125.0,Not Applicable,Not Applicable,No,Not Applicable,243,Debit Card,23,3.1,3.8
2024-07-02 02:55:00,CNR9840104992,Success,CID297479,Prime Plus,Richmond Town,Banashankari,98.0,60.0,Not Applicable,Not Applicable,No,Not Applicable,728,Cash,23,4.1,4.0
2024-07-12 22:45:00,CNR7256165489,Success,CID348772,Prime SUV,Cox Town,Kengeri,84.0,45.0,Not Applicable,Not Applicable,No,Not Applicable,350,Cash,48,4.7,3.1
2024-07-28 20:32:00,CNR3484758024,Success,CID502682,Prime SUV,Hennur,Rajajinagar,182.0,40.0,Not Applicable,Not Applicable,No,Not Applicable,560,UPI,29,4.7,4.3
2024-07-14 13:49:00,CNR6890927414,Success,CID739140,Prime Plus,Padmanabhanagar,Frazer Town,266.0,120.0,Not Applicable,Not Applicable,No,Not Applicable,725,UPI,40,4.6,4.2
2024-07-05 06:44:00,CNR3534067335,Success,CID917526,Auto,Sahakar Nagar,Chamarajpet,49.0,45.0,Not Applicable,Not Applicable,No,Not Applicable,632,Cash,10,3.9,4.7
2024-07-28 14:08:00,CNR3791762097,Success,CID795935,Mini,Devanahalli,JP Nagar,168.0,65.0,Not Applicable,Not Applicable,Yes,Customer Demand,230,Cash,45,4.0,4.2
2024-07-28 09:36:00,CNR4520596659,Canceled by Driver,CID397083,Prime SUV,Sarjapur Road,Tumkur Road,,,Not Applicable,Customer related issue,Not Applicable,Not Applicable,121,Not Applicable,0,,
2024-07-24 01:20:00,CNR5741741661,Success,CID245424,Prime SUV,KR Puram,Marathahalli,210.0,120.0,Not Applicable,Not Applicable,No,Not Applicable,234,Cash,14,4.9,4.3
2024-07-24 12:30:00,CNR3514457425,Canceled by Driver,CID393393,Prime Sedan,Malleshwaram,KR Puram,,,Not Applicable,Personal & Car related issue,Not Applicable,Not Applicable,139,Not Applicable,0,,
2024-07-24 18:01:00,CNR9538420255,Success,CID721161,eBike,Richmond Town,Kengeri,168.0,55.0,Not Applicable,Not Applicable,No,Not Applicable,1618,Cash,36,4.8,3.1
2024-07-15 15:10:00,CNR2083681000,Success,CID851371,Prime Sedan,Rajarajeshwari Nagar,Hulimavu,49.0,135.0,Not Applicable,Not Applicable,No,Not Applicable,284,Cash,39,4.7,3.8
2024-07-19 20:32:00,CNR7221131806,Driver Not Found,CID169796,Auto,Kadugodi,Tumkur Road,,,Not Applicable,Not Applicable,Not Applicable,Not Applicable,337,Not Applicable,0,,
2024-07-08 15:06:00,CNR4898373306,Success,CID114235,eBike,Rajajinagar,Vijayanagar,182.0,60.0,Not Applicable,Not Applicable,No,Not Applicable,475,Cash,39,4.1,3.4
2024-07-04 08:15:00,CNR4730444139,Success,CID219629,Auto,Varthur,Bellandur,217.0,25.0,Not Applicable,Not Applicable,No,Not Applicable,2876,Credit Card,8,4.0,4.4
2024-07-18 17:59:00,CNR9329599910,Canceled by Driver,CID958158,Prime SUV,Chamarajpet,Yelahanka,,,Not Applicable,Personal & Car related issue,Not Applicable,Not Applicable,409,Not Applicable,0,,
2024-07-20 00:17:00,CNR7379803436,Success,CID493432,Mini,Cox Town,Shantinagar,252.0,65.0,Not Applicable,Not Applicable,No,Not Applicable,919,Cash,2,3.8,3.5
2024-07-18 13:09:00,CNR3679065804,Canceled by Customer,CID230226,Auto,Hulimavu,KR Puram,,,Driver asked to cancel,Not Applicable,Not Applicable,Not Applicable,403,Not Applicable,0,,
2024-07-29 15:46:00,CNR3195499101,Driver Not Found,CID438914,Mini,MG Road,Banashankari,,,Not Applicable,Not Applicable,Not Applicable,Not Applicable,374,Not Applicable,0,,
2024-07-11 01:37:00,CNR8564726253,Success,CID281073,Mini,Marathahalli,Banashankari,77.0,50.0,Not Applicable,Not Applicable,No,Not Applicable,392,Cash,13,3.7,3.3
2024-07-08 05:14:00,CNR7550073201,Success,CID827331,Prime Sedan,Banashankari,Sarjapur Road,245.0,35.0,Not Applicable,Not Applicable,No,Not Applicable,1000,UPI,24,3.5,4.0
2024-07-24 20:22:00,CNR1771686738,Canceled by Customer,CID304600,Auto,Richmond Town,Langford Town,,,Change of plans,Not Applicable,Not Applicable,Not Applicable,433,Not Applicable,0,,
2024-07-13 01:01:00,CNR9726360250,Success,CID837227,Mini,Yelahanka,Sahakar Nagar,175.0,145.0,Not Applicable,Not Applicable,No,Not Applicable,619,Cash,15,4.4,3.8
2024-07-17 19:38:00,CNR1822403503,Success,CID238758,Prime SUV,Whitefield,Cox Town,238.0,45.0,Not Applicable,Not Applicable,No,Not Applicable,711,UPI,9,4.5,3.8
2024-07-21 11:42:00,CNR3635562078,Canceled by Customer,CID867013,Auto,Chamarajpet,Kammanahalli,,,Driver asked to cancel,Not Applicable,Not Applicable,Not Applicable,110,Not Applicable,0,,
2024-07-01 04:21:00,CNR3736081843,Canceled by Customer,CID351742,eBike,MG Road,Peenya,,,AC is Not working,Not Applicable,Not Applicable,Not Applicable,365,Not Applicable,0,,
2024-07-21 00:12:00,CNR8492932138,Success,CID698575,Prime SUV,Peenya,Shivajinagar,112.0,50.0,Not Applicable,Not Applicable,No,Not Applicable,382,Cash,12,4.0,3.2
2024-07-07 20:18:00,CNR9660175526,Canceled by Driver,CID613992,Prime Sedan,Mysore Road,RT Nagar,,,Not Applicable,Customer related issue,Not Applicable,Not Applicable,272,Not Applicable,0,,
2024-07-09 03:14:00,CNR9786897970,Success,CID271103,Mini,Electronic City,Majestic,147.0,140.0,Not Applicable,Not Applicable,No,Not Applicable,464,UPI,30,4.2,3.9
2024-07-10 21:22:00,CNR5691605410,Success,CID950492,Mini,Varthur,Hebbal,70.0,50.0,Not Applicable,Not Applicable,No,Not Applicable,231,UPI,4,4.9,4.1
2024-07-30 20:06:00,CNR1128137895,Success,CID370610,Prime Plus,Majestic,Kadugodi,56.0,115.0,Not Applicable,Not Applicable,No,Not Applicable,438,Cash,3,3.3,4.4
2024-07-07 02:25:00,CNR8786938821,Canceled by Customer,CID629528,Auto,Chamarajpet,MG Road,,,Driver is not moving towards pickup location,Not Applicable,Not Applicable,Not Applicable,198,Not Applicable,0,,
2024-07-07 05:24:00,CNR3490970683,Canceled by Customer,CID617184,Auto,Frazer Town,Vijayanagar,,,Driver is not moving towards pickup location,Not Applicable,Not Applicable,Not Applicable,1891,Not Applicable,0,,
2024-07-12 02:00:00,CNR1675937479,Canceled by Driver,CID196517,Prime Sedan,Rajarajeshwari Nagar,Magadi Road,,,Not Applicable,Customer related issue,Not Applicable,Not Applicable,381,Not Applicable,0,,
2024-07-12 07:56:00,CNR6753032431,Canceled by Driver,CID650528,Prime Plus,Kammanahalli,Yeshwanthpur,,,Not Applicable,Personal & Car related issue,Not Applicable,Not Applicable,182,Not Applicable,0,,
2024-07-12 13:36:00,CNR7337754969,Driver Not Found,CID426286,Mini,Rajarajeshwari Nagar,Chamarajpet,,,Not Applicable,Not Applicable,Not Applicable,Not Applicable,236,Not Applicable,0,,
2024-07-26 00:32:00,CNR1740899397,Success,CID908515,Prime Sedan,Rajajinagar,Chickpet,294.0,70.0,Not Applicable,Not Applicable,No,Not Applicable,391,Cash,41,4.5,4.8
2024-07-15 01:08:00,CNR3965009148,Success,CID158063,Auto,BTM Layout,JP Nagar,301.0,85.0,Not Applicable,Not Applicable,No,Not Applicable,494,Cash,13,4.8,3.7
2024-07-03 14:39:00,CNR2224160212,Canceled by Driver,CID102655,Prime Sedan,Sarjapur Road,Basavanagudi,,,Not Applicable,Personal & Car related issue,Not Applicable,Not Applicable,423,Not Applicable,0,,
2024-07-01 17:10:00,CNR3811043486,Success,CID570765,Prime Plus,Kadugodi,Devanahalli,259.0,35.0,Not Applicable,Not Applicable,No,Not Applicable,807,Cash,37,4.8,3.4
2024-07-22 11:12:00,CNR1513772907,Success,CID202401,eBike,MG Road,Electronic City,175.0,65.0,Not Applicable,Not Applicable,No,Not Applicable,979,UPI,5,4.1,4.1
2024-07-23 07:14:00,CNR1398669028,Success,CID284769,Bike,Rajarajeshwari Nagar,Sarjapur Road,49.0,90.0,Not Applicable,Not Applicable,No,Not Applicable,294,Credit Card,37,3.2,4.0
2024-07-16 12:32:00,CNR3235217343,Success,CID950310,Prime Sedan,RT Nagar,Koramangala,140.0,75.0,Not Applicable,Not Applicable,Yes,Other Issue,936,UPI,30,4.0,3.2
2024-07-21 21:36:00,CNR4049663323,Success,CID889172,eBike,Varthur,JP Nagar,245.0,140.0,Not Applicable,Not Applicable,No,Not Applicable,365,Cash,16,4.8,3.1
2024-07-01 16:59:00,CNR7307319104,Success,CID739471,Prime Sedan,Bellandur,Rajajinagar,168.0,105.0,Not Applicable,Not Applicable,No,Not Applicable,437,Credit Card,33,3.7,3.5
2024-07-05 03:35:00,CNR6026295435,Success,CID587368,Prime SUV,Majestic,Marathahalli,63.0,30.0,Not Applicable,Not Applicable,No,Not Applicable,238,Cash,25,4.5,4.9
2024-07-25 17:06:00,CNR9448174383,Success,CID522247,eBike,MG Road,MG Road,112.0,115.0,Not Applicable,Not Applicable,No,Not Applicable,824,Cash,24,3.3,4.7
2024-07-14 04:22:00,CNR1779466622,Success,CID635980,Auto,Indiranagar,RT Nagar,49.0,90.0,Not Applicable,Not Applicable,No,Not Applicable,416,UPI,1,3.8,4.4
2024-07-24 01:11:00,CNR6112881844,Success,CID495351,eBike,Mysore Road,Tumkur Road,224.0,125.0,Not Applicable,Not Applicable,No,Not Applicable,313,UPI,43,4.0,4.3
2024-07-24 07:38:00,CNR8679695970,Success,CID137037,Bike,Magadi Road,BTM Layout,217.0,35.0,Not Applicable,Not Applicable,No,Not Applicable,350,UPI,5,5.0,4.7
2024-07-20 23:19:00,CNR3217560595,Success,CID289882,eBike,Peenya,Frazer Town,119.0,80.0,Not Applicable,Not Applicable,No,Not Applicable,1248,Debit Card,6,4.6,3.1
2024-07-28 17:44:00,CNR7104021263,Canceled by Driver,CID677608,Prime SUV,Langford Town,JP Nagar,,,Not Applicable,Customer related issue,Not Applicable,Not Applicable,2557,Not Applicable,0,,
2024-07-28 20:06:00,CNR6558207578,Canceled by Driver,CID470284,Bike,Banashankari,Hosur Road,,,Not Applicable,Customer related issue,Not Applicable,Not Applicable,140,Not Applicable,0,,
2024-07-14 08:22:00,CNR9468060652,Success,CID272892,Prime Plus,Tumkur Road,Marathahalli,35.0,110.0,Not Applicable,Not Applicable,No,Not Applicable,1350,Cash,14,4.6,4.7
2024-07-02 06:40:00,CNR8906421567,Canceled by Driver,CID712933,Prime SUV,Indiranagar,Ulsoor,,,Not Applicable,More than permitted people in there,Not Applicable,Not Applicable,339,Not Applicable,0,,
2024-07-04 22:32:00,CNR1746391227,Canceled by Driver,CID383189,Auto,Devanahalli,Yelahanka,,,Not Applicable,Customer related issue,Not Applicable,Not Applicable,250,Not Applicable,0,,
2024-07-08 15:22:00,CNR8123661975,Canceled by Driver,CID164432,Bike,Devanahalli,Rajarajeshwari Nagar,,,Not Applicable,More than permitted people in there,Not Applicable,Not Applicable,570,Not Applicable,0,,
2024-07-29 03:42:00,CNR1150111252,Success,CID899460,Auto,Mysore Road,KR Puram,182.0,120.0,Not Applicable,Not Applicable,No,Not Applicable,112,UPI,15,4.3,4.4
2024-07-26 01:46:00,CNR3498456620,Canceled by Driver,CID293603,Auto,Whitefield,Majestic,,,Not Applicable,Customer was coughing/sick,Not Applicable,Not Applicable,288,Not Applicable,0,,
2024-07-07 04:04:00,CNR4768651342,Success,CID310895,Bike,Kadugodi,Marathahalli,77.0,145.0,Not Applicable,Not Applicable,No,Not Applicable,514,UPI,48,3.1,4.5
2024-07-28 05:37:00,CNR3778065361,Canceled by Driver,CID361214,Prime Sedan,Chickpet,Devanahalli,,,Not Applicable,Personal & Car related issue,Not Applicable,Not Applicable,956,Not Applicable,0,,
2024-07-20 07:52:00,CNR8639546569,Canceled by Driver,CID854062,Prime SUV,Tumkur Road,Vijayanagar,,,Not Applicable,Customer related issue,Not Applicable,Not Applicable,1485,Not Applicable,0,,
2024-07-08 20:07:00,CNR1907101147,Canceled by Driver,CID639997,eBike,Sahakar Nagar,Yeshwanthpur,,,Not Applicable,Personal & Car related issue,Not Applicable,Not Applicable,200,Not Applicable,0,,
2024-07-23 23:34:00,CNR7799018760,Success,CID189965,eBike,Magadi Road,Sahakar Nagar,245.0,30.0,Not Applicable,Not Applicable,No,Not Applicable,215,Cash,20,3.8,4.6
2024-07-18 08:54:00,CNR2655928079,Canceled by Customer,CID380434,eBike,Yelahanka,Kengeri,,,Driver is not moving towards pickup location,Not Applicable,Not Applicable,Not Applicable,214,Not Applicable,0,,
2024-07-30 17:24:00,CNR3424351702,Canceled by Driver,CID563701,Auto,Mysore Road,Bannerghatta Road,,,Not Applicable,Customer was coughing/sick,Not Applicable,Not Applicable,201,Not Applicable,0,,
2024-07-03 11:12:00,CNR9466000475,Success,CID343675,eBike,Jayanagar,Cox Town,266.0,125.0,Not Applicable,Not Applicable,No,Not Applicable,1313,Cash,45,3.6,3.6
2024-07-04 22:57:00,CNR8877552560,Success,CID850109,Prime SUV,Tumkur Road,Marathahalli,98.0,140.0,Not Applicable,Not Applicable,No,Not Applicable,397,UPI,2,3.2,4.1
2024-07-01 19:17:00,CNR2588975298,Success,CID663460,Bike,Yelahanka,Vijayanagar,182.0,30.0,Not Applicable,Not Applicable,No,Not Applicable,166,Credit Card,7,3.1,4.0
2024-07-11 14:35:00,CNR7320694105,Canceled by Driver,CID333533,Prime Plus,Majestic,HSR Layout,,,Not Applicable,Personal & Car related issue,Not Applicable,Not Applicable,934,Not Applicable,0,,
2024-07-16 04:41:00,CNR7405685289,Success,CID729490,Mini,MG Road,Banashankari,217.0,145.0,Not Applicable,Not Applicable,No,Not Applicable,502,UPI,19,3.1,3.4
2024-07-14 23:42:00,CNR3936101959,Canceled by Customer,CID181067,Bike,Tumkur Road,Tumkur Road,,,AC is Not working,Not Applicable,Not Applicable,Not Applicable,110,Not Applicable,0,,
2024-07-23 08:12:00,CNR1322642613,Success,CID104003,Prime Plus,Whitefield,Majestic,168.0,75.0,Not Applicable,Not Applicable,No,Not Applicable,433,Cash,33,3.3,3.8
2024-07-22 21:29:00,CNR4631617536,Success,CID309561,Mini,Magadi Road,BTM Layout,189.0,55.0,Not Applicable,Not Applicable,No,Not Applicable,197,UPI,25,4.6,3.1
2024-07-02 04:01:00,CNR2776185296,Success,CID621297,Prime SUV,Richmond Town,Kammanahalli,168.0,100.0,Not Applicable,Not Applicable,No,Not Applicable,432,Cash,47,3.6,4.2
2024-07-17 17:11:00,CNR8223278080,Success,CID219074,Prime Plus,Malleshwaram,Yelahanka,161.0,40.0,Not Applicable,Not Applicable,No,Not Applicable,200,Cash,5,3.8,4.8
2024-07-01 13:54:00,CNR1494143510,Success,CID617428,Prime Sedan,Electronic City,BTM Layout,119.0,65.0,Not Applicable,Not Applicable,No,Not Applicable,127,Cash,31,4.4,4.8
2024-07-08 00:46:00,CNR6590154704,Success,CID911159,Prime Plus,MG Road,Ulsoor,147.0,40.0,Not Applicable,Not Applicable,No,Not Applicable,818,UPI,3,3.9,3.4
2024-07-06 11:23:00,CNR1672972526,Success,CID539748,Bike,Sahakar Nagar,Varthur,308.0,50.0,Not Applicable,Not Applicable,Yes,Vehicle Breakdown,2821,Cash,46,4.2,3.8
2024-07-14 08:59:00,CNR5809857868,Success,CID857772,Prime Sedan,Cox Town,Richmond Town,112.0,130.0,Not Applicable,Not Applicable,No,Not Applicable,230,UPI,33,3.9,4.0
2024-07-12 13:56:00,CNR2565694546,Canceled by Customer,CID207061,Prime SUV,Yelahanka,Frazer Town,,,Driver asked to cancel,Not Applicable,Not Applicable,Not Applicable,615,Not Applicable,0,,
2024-07-27 23:03:00,CNR2424506521,Success,CID749159,Mini,Padmanabhanagar,Hebbal,245.0,120.0,Not Applicable,Not Applicable,No,Not Applicable,130,Cash,2,4.8,4.1
2024-07-04 19:45:00,CNR4116803779,Success,CID822387,Mini,Bellandur,MG Road,126.0,105.0,Not Applicable,Not Applicable,No,Not Applicable,271,Cash,46,4.8,4.9
2024-07-15 09:47:00,CNR2940590428,Canceled by Driver,CID791736,Mini,Bellandur,Rajarajeshwari Nagar,,,Not Applicable,Customer was coughing/sick,Not Applicable,Not Applicable,915,Not Applicable,0,,
2024-07-27 04:26:00,CNR4138230892,Canceled by Customer,CID634473,Bike,Electronic City,Kammanahalli,,,Driver is not moving towards pickup location,Not Applicable,Not Applicable,Not Applicable,398,Not Applicable,0,,
2024-07-25 05:43:00,CNR7718058569,Driver Not Found,CID888800,Mini,Malleshwaram,Ulsoor,,,Not Applicable,Not Applicable,Not Applicable,Not Applicable,429,Not Applicable,0,,
2024-07-29 01:24:00,CNR5006322140,Success,CID321751,Prime SUV,Tumkur Road,Rajajinagar,203.0,25.0,Not Applicable,Not Applicable,No,Not Applicable,246,Cash,17,4.7,4.4
2024-07-01 01:47:00,CNR3916156472,Success,CID318667,Prime Plus,Ramamurthy Nagar,Marathahalli,56.0,85.0,Not Applicable,Not Applicable,No,Not Applicable,1009,Cash,48,3.8,3.6
2024-07-04 05:20:00,CNR7360654720,Success,CID605134,Prime Sedan,Hennur,Kengeri,35.0,30.0,Not Applicable,Not Applicable,No,Not Applicable,411,Cash,4,4.1,3.8
2024-07-25 08:13:00,CNR5467798743,Success,CID457438,Prime Sedan,Kammanahalli,RT Nagar,77.0,35.0,Not Applicable,Not Applicable,No,Not Applicable,443,Cash,10,3.2,3.4
2024-07-13 15:12:00,CNR3408825830,Success,CID785658,eBike,Banashankari,Magadi Road,294.0,60.0,Not Applicable,Not Applicable,No,Not Applicable,920,Cash,34,4.2,3.7
2024-07-07 09:07:00,CNR3857887817,Success,CID379320,Prime SUV,Hosur Road,Malleshwaram,35.0,140.0,Not Applicable,Not Applicable,No,Not Applicable,279,UPI,2,4.8,3.1
2024-07-06 16:23:00,CNR5018507028,Success,CID125448,Prime Plus,Magadi Road,Yeshwanthpur,182.0,135.0,Not Applicable,Not Applicable,No,Not Applicable,614,Cash,22,3.5,3.4
2024-07-01 18:09:00,CNR4062640631,Driver Not Found,CID829297,Mini,Kammanahalli,Bellandur,,,Not Applicable,Not Applicable,Not Applicable,Not Applicable,341,Not Applicable,0,,
2024-07-15 03:50:00,CNR4586775560,Success,CID123250,Prime SUV,Peenya,Bellandur,203.0,30.0,Not Applicable,Not Applicable,No,Not Applicable,484,Cash,40,4.9,5.0
2024-07-08 15:05:00,CNR9002402096,Driver Not Found,CID429762,Prime SUV,Ulsoor,Yeshwanthpur,,,Not Applicable,Not Applicable,Not Applicable,Not Applicable,194,Not Applicable,0,,
2024-07-26 17:27:00,CNR1472719434,Success,CID142578,Prime Plus,Basavanagudi,Sahakar Nagar,70.0,65.0,Not Applicable,Not Applicable,No,Not Applicable,823,UPI,12,4.4,4.8
2024-07-26 07:10:00,CNR5285749228,Canceled by Customer,CID179491,Prime Sedan,Mysore Road,Magadi Road,,,Driver is not moving towards pickup location,Not Applicable,Not Applicable,Not Applicable,372,Not Applicable,0,,
2024-07-26 06:43:00,CNR6022370916,Success,CID744788,Prime SUV,Cox Town,Sahakar Nagar,308.0,80.0,Not Applicable,Not Applicable,No,Not Applicable,209,UPI,39,4.2,4.6
2024-07-11 01:36:00,CNR7556018417,Success,CID823048,Prime Plus,BTM Layout,Marathahalli,140.0,135.0,Not Applicable,Not Applicable,No,Not Applicable,728,UPI,11,4.8,4.5
2024-07-01 16:06:00,CNR7466244060,Success,CID596242,Mini,HSR Layout,Varthur,182.0,50.0,Not Applicable,Not Applicable,No,Not Applicable,212,UPI,29,3.2,3.2
2024-07-18 22:49:00,CNR6280251686,Canceled by Driver,CID484217,Prime Sedan,Hulimavu,Malleshwaram,,,Not Applicable,Personal & Car related issue,Not Applicable,Not Applicable,293,Not Applicable,0,,
2024-07-01 01:17:00,CNR3895237552,Canceled by Driver,CID596001,Auto,Frazer Town,Padmanabhanagar,,,Not Applicable,Personal & Car related issue,Not Applicable,Not Applicable,948,Not Applicable,0,,
2024-07-24 09:17:00,CNR6573063731,Driver Not Found,CID232695,Auto,RT Nagar,Bellandur,,,Not Applicable,Not Applicable,Not Applicable,Not Applicable,847,Not Applicable,0,,
2024-07-21 13:25:00,CNR9790418029,Success,CID735744,Mini,Nagarbhavi,Frazer Town,35.0,70.0,Not Applicable,Not Applicable,Yes,Vehicle Breakdown,2909,UPI,1,4.9,4.1
2024-07-06 12:29:00,CNR2199588425,Success,CID677656,Prime SUV,Ramamurthy Nagar,MG Road,273.0,135.0,Not Applicable,Not Applicable,No,Not Applicable,407,Cash,44,4.6,4.5
2024-07-20 15:30:00,CNR6555341771,Canceled by Driver,CID314554,Auto,Electronic City,Kadugodi,,,Not Applicable,Customer was coughing/sick,Not Applicable,Not Applicable,428,Not Applicable,0,,
2024-07-30 10:59:00,CNR2392236197,Success,CID164873,Prime Plus,Sarjapur Road,Shantinagar,245.0,140.0,Not Applicable,Not Applicable,No,Not Applicable,1993,UPI,40,4.6,3.7
2024-07-14 13:27:00,CNR5308769451,Success,CID272238,Bike,Electronic City,Frazer Town,49.0,25.0,Not Applicable,Not Applicable,No,Not Applicable,122,UPI,11,3.8,3.1
2024-07-20 11:01:00,CNR8229329969,Success,CID706246,Auto,Hennur,Kammanahalli,252.0,55.0,Not Applicable,Not Applicable,No,Not Applicable,374,Cash,12,4.2,4.0
2024-07-21 22:37:00,CNR4395636797,Success,CID590114,eBike,Malleshwaram,Bellandur,280.0,135.0,Not Applicable,Not Applicable,No,Not Applicable,323,UPI,35,3.8,3.5
2024-07-01 01:43:00,CNR9156055404,Success,CID672930,Bike,Electronic City,Bannerghatta Road,189.0,95.0,Not Applicable,Not Applicable,No,Not Applicable,734,Cash,2,3.5,3.5
2024-07-12 11:10:00,CNR4511254132,Success,CID173497,Prime Sedan,Bellandur,Shivajinagar,49.0,140.0,Not Applicable,Not Applicable,No,Not Applicable,224,UPI,29,4.8,3.4
2024-07-16 18:05:00,CNR4542011051,Canceled by Driver,CID786520,Prime SUV,Marathahalli,Hebbal,,,Not Applicable,Personal & Car related issue,Not Applicable,Not Applicable,453,Not Applicable,0,,
2024-07-16 06:32:00,CNR3106233374,Success,CID469877,Prime Sedan,Shivajinagar,Malleshwaram,140.0,55.0,Not Applicable,Not Applicable,No,Not Applicable,1530,Cash,2,4.5,3.9
2024-07-09 08:50:00,CNR6457736897,Success,CID363344,Prime Plus,Hebbal,Frazer Town,294.0,90.0,Not Applicable,Not Applicable,No,Not Applicable,1594,Cash,29,4.6,4.9
2024-07-06 15:34:00,CNR5858231887,Success,CID721032,Prime Sedan,Indiranagar,RT Nagar,56.0,90.0,Not Applicable,Not Applicable,No,Not Applicable,155,UPI,28,4.4,3.7
2024-07-14 02:09:00,CNR9410959146,Canceled by Customer,CID817748,Prime Plus,HSR Layout,Richmond Town,,,Change of plans,Not Applicable,Not Applicable,Not Applicable,238,Not Applicable,0,,
2024-07-06 09:35:00,CNR8528237665,Success,CID775483,Prime SUV,Tumkur Road,KR Puram,252.0,65.0,Not Applicable,Not Applicable,No,Not Applicable,1651,UPI,16,3.4,4.6
2024-07-21 07:39:00,CNR9625588376,Canceled by Driver,CID644864,Bike,Vijayanagar,Rajarajeshwari Nagar,,,Not Applicable,More than permitted people in there,Not Applicable,Not Applicable,173,Not Applicable,0,,
2024-07-09 13:29:00,CNR6247675724,Canceled by Driver,CID541746,Bike,Ulsoor,Banashankari,,,Not Applicable,Personal & Car related issue,Not Applicable,Not Applicable,611,Not Applicable,0,,
2024-07-04 20:21:00,CNR8750781882,Driver Not Found,CID909013,Prime Sedan,BTM Layout,Yelahanka,,,Not Applicable,Not Applicable,Not Applicable,Not Applicable,161,Not Applicable,0,,
2024-07-19 22:53:00,CNR4778959489,Success,CID780218,Prime Sedan,Sarjapur Road,Hebbal,196.0,115.0,Not Applicable,Not Applicable,No,Not Applicable,360,Cash,14,4.9,4.6
2024-07-27 19:09:00,CNR7484279706,Success,CID189968,Bike,Ulsoor,Langford Town,259.0,40.0,Not Applicable,Not Applicable,No,Not Applicable,376,UPI,20,4.5,3.9
2024-07-20 14:28:00,CNR8788858390,Success,CID402713,Prime Plus,Bellandur,HSR Layout,294.0,40.0,Not Applicable,Not Applicable,No,Not Applicable,184,Credit Card,14,3.6,3.0
2024-07-09 21:33:00,CNR5827675076,Success,CID685914,Prime SUV,Langford Town,Hennur,49.0,105.0,Not Applicable,Not Applicable,No,Not Applicable,544,Cash,31,3.6,3.2
2024-07-16 21:03:00,CNR1337191843,Canceled by Driver,CID622479,Prime SUV,Banashankari,KR Puram,,,Not Applicable,Customer related issue,Not Applicable,Not Applicable,238,Not Applicable,0,,
2024-07-08 17:02:00,CNR8105062692,Success,CID180648,eBike,Majestic,Electronic City,273.0,70.0,Not Applicable,Not Applicable,No,Not Applicable,287,UPI,9,5.0,3.6
2024-07-15 12:05:00,CNR7411396878,Canceled by Driver,CID916408,Auto,Richmond Town,Vijayanagar,,,Not Applicable,More than permitted people in there,Not Applicable,Not Applicable,330,Not Applicable,0,,
2024-07-26 19:24:00,CNR1023571224,Success,CID726401,Prime SUV,Malleshwaram,Peenya,63.0,100.0,Not Applicable,Not Applicable,No,Not Applicable,458,UPI,36,3.9,3.0
2024-07-10 16:13:00,CNR7670131436,Canceled by Driver,CID846008,Bike,Whitefield,Bellandur,,,Not Applicable,Personal & Car related issue,Not Applicable,Not Applicable,167,Not Applicable,0,,
2024-07-09 02:09:00,CNR2760873947,Success,CID616960,Mini,Shivajinagar,Bellandur,154.0,100.0,Not Applicable,Not Applicable,No,Not Applicable,1174,UPI,16,4.1,3.5
2024-07-18 17:34:00,CNR8811505576,Success,CID727938,eBike,BTM Layout,Shantinagar,259.0,95.0,Not Applicable,Not Applicable,No,Not Applicable,495,Cash,1,3.9,3.1
2024-07-05 14:25:00,CNR5277686219,Success,CID291318,Prime Sedan,Chickpet,Hebbal,133.0,140.0,Not Applicable,Not Applicable,No,Not Applicable,242,Cash,25,3.2,3.4
2024-07-23 10:58:00,CNR6514707663,Success,CID722224,Mini,Sahakar Nagar,Devanahalli,210.0,90.0,Not Applicable,Not Applicable,Yes,Customer Demand,362,Cash,21,3.9,3.7
2024-07-27 08:54:00,CNR6247980110,Driver Not Found,CID466792,Bike,Magadi Road,Tumkur Road,,,Not Applicable,Not Applicable,Not Applicable,Not Applicable,476,Not Applicable,0,,
2024-07-22 20:00:00,CNR3895649064,Success,CID407233,Prime Plus,Hosur Road,Shivajinagar,49.0,75.0,Not Applicable,Not Applicable,No,Not Applicable,446,Cash,30,5.0,3.4
2024-07-14 22:26:00,CNR6338905519,Driver Not Found,CID170504,Auto,Nagarbhavi,Electronic City,,,Not Applicable,Not Applicable,Not Applicable,Not Applicable,104,Not Applicable,0,,
2024-07-24 20:01:00,CNR3855329241,Success,CID735976,eBike,Indiranagar,Sahakar Nagar,70.0,70.0,Not Applicable,Not Applicable,No,Not Applicable,470,UPI,39,3.3,4.4
2024-07-26 03:34:00,CNR8112772767,Success,CID847645,Bike,Majestic,Shivajinagar,308.0,45.0,Not Applicable,Not Applicable,No,Not Applicable,177,Cash,10,3.2,3.2
2024-07-03 21:24:00,CNR5709943616,Driver Not Found,CID979507,Auto,BTM Layout,Richmond Town,,,Not Applicable,Not Applicable,Not Applicable,Not Applicable,2857,Not Applicable,0,,
2024-07-30 02:22:00,CNR5191070661,Success,CID367251,Prime SUV,Richmond Town,Shantinagar,245.0,100.0,Not Applicable,Not Applicable,No,Not Applicable,1443,UPI,5,4.2,4.8
2024-07-04 21:45:00,CNR9204465832,Success,CID119087,Mini,Hulimavu,Shantinagar,154.0,80.0,Not Applicable,Not Applicable,No,Not Applicable,245,Cash,17,4.8,4.9
2024-07-04 10:26:00,CNR6414930547,Success,CID565755,Prime SUV,Magadi Road,Mysore Road,217.0,80.0,Not Applicable,Not Applicable,No,Not Applicable,441,Cash,16,4.1,4.9
2024-07-14 05:00:00,CNR7042040258,Canceled by Customer,CID547464,Prime Plus,Marathahalli,Majestic,,,Driver is not moving towards pickup location,Not Applicable,Not Applicable,Not Applicable,1217,Not Applicable,0,,
2024-07-01 08:11:00,CNR1423578203,Success,CID904530,Prime Plus,Tumkur Road,Nagarbhavi,175.0,25.0,Not Applicable,Not Applicable,No,Not Applicable,105,Cash,20,4.3,3.7
2024-07-18 22:39:00,CNR8452643829,Success,CID261700,Auto,Rajajinagar,Whitefield,196.0,45.0,Not Applicable,Not Applicable,No,Not Applicable,255,Cash,17,4.4,3.8
2024-07-07 22:42:00,CNR2550658646,Driver Not Found,CID646756,Auto,Richmond Town,Whitefield,,,Not Applicable,Not Applicable,Not Applicable,Not Applicable,1887,Not Applicable,0,,
2024-07-15 18:27:00,CNR3450041936,Success,CID352757,Prime Sedan,Malleshwaram,Koramangala,133.0,95.0,Not Applicable,Not Applicable,No,Not Applicable,277,UPI,17,4.4,3.2
2024-07-24 07:37:00,CNR5074533892,Success,CID247379,Auto,HSR Layout,RT Nagar,140.0,130.0,Not Applicable,Not Applicable,No,Not Applicable,460,UPI,4,3.6,3.5
2024-07-12 11:48:00,CNR4514143543,Success,CID600031,eBike,JP Nagar,Sarjapur Road,294.0,55.0,Not Applicable,Not Applicable,No,Not Applicable,229,Cash,14,4.8,4.9
2024-07-26 18:17:00,CNR3561380984,Success,CID637982,Prime Plus,Ramamurthy Nagar,Cox Town,98.0,80.0,Not Applicable,Not Applicable,No,Not Applicable,1439,Cash,23,4.2,3.2
2024-07-05 18:50:00,CNR9105600143,Canceled by Driver,CID214591,Prime SUV,Yelahanka,Rajajinagar,,,Not Applicable,Customer related issue,Not Applicable,Not Applicable,495,Not Applicable,0,,
2024-07-20 17:32:00,CNR1217543128,Driver Not Found,CID836316,Auto,Hebbal,Electronic City,,,Not Applicable,Not Applicable,Not Applicable,Not Applicable,232,Not Applicable,0,,
2024-07-21 06:32:00,CNR7449120522,Success,CID830500,Mini,Sahakar Nagar,Yelahanka,294.0,140.0,Not Applicable,Not Applicable,No,Not Applicable,237,Cash,39,3.4,3.9
2024-07-16 14:28:00,CNR5149063311,Success,CID727901,Bike,Chickpet,Koramangala,77.0,75.0,Not Applicable,Not Applicable,No,Not Applicable,228,UPI,1,3.0,4.2
2024-07-01 13:16:00,CNR5746260465,Canceled by Customer,CID194456,Prime SUV,Ulsoor,Vijayanagar,,,Driver asked to cancel,Not Applicable,Not Applicable,Not Applicable,164,Not Applicable,0,,
2024-07-10 18:15:00,CNR4065036264,Success,CID823714,Bike,JP Nagar,Ramamurthy Nagar,168.0,50.0,Not Applicable,Not Applicable,No,Not Applicable,240,Cash,26,4.8,3.0
2024-07-13 10:05:00,CNR8143586849,Success,CID801616,Mini,KR Puram,MG Road,273.0,130.0,Not Applicable,Not Applicable,No,Not Applicable,167,Cash,28,3.3,3.4
2024-07-17 00:58:00,CNR5042715873,Success,CID721494,Prime Sedan,Magadi Road,Banashankari,210.0,85.0,Not Applicable,Not Applicable,No,Not Applicable,392,UPI,29,4.2,3.3
2024-07-10 21:55:00,CNR4003124599,Success,CID854623,Prime Plus,Kengeri,RT Nagar,49.0,70.0,Not Applicable,Not Applicable,No,Not Applicable,434,Cash,7,5.0,3.1
2024-07-29 06:18:00,CNR6924944833,Success,CID920739,Prime Sedan,Cox Town,Majestic,182.0,75.0,Not Applicable,Not Applicable,No,Not Applicable,468,Cash,46,3.1,3.7
2024-07-18 02:36:00,CNR9713705408,Canceled by Customer,CID775831,eBike,Bellandur,Mysore Road,,,Driver asked to cancel,Not Applicable,Not Applicable,Not Applicable,391,Not Applicable,0,,
2024-07-08 22:18:00,CNR6493238222,Success,CID671603,Prime SUV,Bellandur,Nagarbhavi,147.0,85.0,Not Applicable,Not Applicable,No,Not Applicable,178,Cash,48,3.1,3.3
2024-07-29 00:43:00,CNR2429253648,Success,CID834297,Auto,Rajarajeshwari Nagar,Banashankari,287.0,140.0,Not Applicable,Not Applicable,No,Not Applicable,165,Cash,6,4.8,3.4
2024-07-28 22:31:00,CNR3790129584,Driver Not Found,CID512044,Prime Sedan,Sahakar Nagar,Banashankari,,,Not Applicable,Not Applicable,Not Applicable,Not Applicable,1701,Not Applicable,0,,
2024-07-15 23:12:00,CNR2400165785,Canceled by Customer,CID576213,Prime Plus,Nagarbhavi,Magadi Road,,,AC is Not working,Not Applicable,Not Applicable,Not Applicable,826,Not Applicable,0,,
2024-07-30 08:17:00,CNR5847351238,Canceled by Customer,CID768253,eBike,Malleshwaram,Shantinagar,,,Wrong Address,Not Applicable,Not Applicable,Not Applicable,979,Not Applicable,0,,
2024-07-20 22:52:00,CNR1010862069,Success,CID932905,eBike,Shantinagar,Kadugodi,210.0,65.0,Not Applicable,Not Applicable,No,Not Applicable,261,Cash,12,5.0,3.3
2024-07-10 07:28:00,CNR3531232405,Driver Not Found,CID916779,Mini,Chamarajpet,RT Nagar,,,Not Applicable,Not Applicable,Not Applicable,Not Applicable,217,Not Applicable,0,,
2024-07-28 13:51:00,CNR6533635634,Success,CID118192,Auto,Richmond Town,HSR Layout,231.0,40.0,Not Applicable,Not Applicable,No,Not Applicable,320,Cash,8,4.6,4.4
2024-07-25 22:48:00,CNR7712196779,Success,CID464950,Bike,BTM Layout,Indiranagar,105.0,140.0,Not Applicable,Not Applicable,No,Not Applicable,388,Credit Card,17,4.7,3.0
2024-07-05 00:45:00,CNR8406878048,Success,CID481550,Auto,Devanahalli,Marathahalli,175.0,105.0,Not Applicable,Not Applicable,No,Not Applicable,242,Cash,3,3.4,4.2
2024-07-14 11:41:00,CNR8886075186,Success,CID917236,Prime SUV,Cox Town,Shivajinagar,224.0,90.0,Not Applicable,Not Applicable,No,Not Applicable,657,Cash,11,4.9,3.5
2024-07-27 01:00:00,CNR1482169315,Success,CID696021,eBike,Rajajinagar,Yeshwanthpur,91.0,75.0,Not Applicable,Not Applicable,No,Not Applicable,883,UPI,30,3.2,4.6
2024-07-02 16:32:00,CNR5505111831,Canceled by Driver,CID260969,Bike,Hosur Road,Chamarajpet,,,Not Applicable,Customer was coughing/sick,Not Applicable,Not Applicable,230,Not Applicable,0,,
2024-07-14 19:17:00,CNR6102118522,Success,CID197406,eBike,Jayanagar,Indiranagar,189.0,110.0,Not Applicable,Not Applicable,No,Not Applicable,273,Cash,41,4.8,4.6
2024-07-04 15:18:00,CNR2477709708,Driver Not Found,CID526046,eBike,Ramamurthy Nagar,Bellandur,,,Not Applicable,Not Applicable,Not Applicable,Not Applicable,390,Not Applicable,0,,
2024-07-27 21:18:00,CNR2826979104,Canceled by Customer,CID799637,Prime SUV,Hulimavu,Basavanagudi,,,Driver asked to cancel,Not Applicable,Not Applicable,Not Applicable,276,Not Applicable,0,,
2024-07-06 15:33:00,CNR1308627277,Driver Not Found,CID660291,Prime SUV,Hennur,Magadi Road,,,Not Applicable,Not Applicable,Not Applicable,Not Applicable,443,Not Applicable,0,,
2024-07-11 09:34:00,CNR3553554370,Driver Not Found,CID519086,Mini,Mysore Road,Malleshwaram,,,Not Applicable,Not Applicable,Not Applicable,Not Applicable,133,Not Applicable,0,,
2024-07-26 18:46:00,CNR2063967110,Driver Not Found,CID240927,Prime SUV,Whitefield,Padmanabhanagar,,,Not Applicable,Not Applicable,Not Applicable,Not Applicable,192,Not Applicable,0,,
2024-07-23 16:22:00,CNR5326206147,Canceled by Customer,CID340369,Mini,Sarjapur Road,Kengeri,,,Driver asked to cancel,Not Applicable,Not Applicable,Not Applicable,225,Not Applicable,0,,
2024-07-16 07:39:00,CNR3092904052,Success,CID281468,Prime SUV,Hulimavu,Cox Town,77.0,100.0,Not Applicable,Not Applicable,No,Not Applicable,976,Debit Card,9,4.7,4.2
2024-07-02 20:55:00,CNR7802277133,Driver Not Found,CID107553,Bike,Varthur,Tumkur Road,,,Not Applicable,Not Applicable,Not Applicable,Not Applicable,154,Not Applicable,0,,
2024-07-29 04:53:00,CNR3598675248,Success,CID413372,Prime Sedan,Hebbal,Whitefield,84.0,70.0,Not Applicable,Not Applicable,No,Not Applicable,2855,Cash,16,3.9,4.6
2024-07-27 15:22:00,CNR4312751125,Canceled by Customer,CID710749,Prime Plus,Ulsoor,Ulsoor,,,AC is Not working,Not Applicable,Not Applicable,Not Applicable,397,Not Applicable,0,,
2024-07-10 00:35:00,CNR1083820422,Canceled by Driver,CID572342,Prime Sedan,Koramangala,BTM Layout,,,Not Applicable,Customer related issue,Not Applicable,Not Applicable,398,Not Applicable,0,,
2024-07-11 23:52:00,CNR6418723034,Driver Not Found,CID185687,Prime SUV,Majestic,Kammanahalli,,,Not Applicable,Not Applicable,Not Applicable,Not Applicable,392,Not Applicable,0,,
2024-07-07 16:28:00,CNR4234783494,Success,CID622180,Bike,Langford Town,Kadugodi,161.0,30.0,Not Applicable,Not Applicable,No,Not Applicable,179,UPI,26,4.6,4.3
2024-07-30 02:26:00,CNR8940163640,Success,CID592297,Auto,HSR Layout,Sahakar Nagar,77.0,40.0,Not Applicable,Not Applicable,No,Not Applicable,924,UPI,10,3.8,3.4
2024-07-15 16:33:00,CNR1386134515,Success,CID245678,Prime Sedan,Rajajinagar,BTM Layout,161.0,60.0,Not Applicable,Not Applicable,No,Not Applicable,215,Cash,34,4.2,4.9
2024-07-15 08:14:00,CNR1589657821,Canceled by Driver,CID415265,Prime SUV,RT Nagar,Kadugodi,,,Not Applicable,More than permitted people in there,Not Applicable,Not Applicable,307,Not Applicable,0,,
2024-07-17 01:58:00,CNR8939477991,Success,CID672015,Bike,Hennur,Padmanabhanagar,49.0,125.0,Not Applicable,Not Applicable,No,Not Applicable,440,UPI,33,3.5,3.9
2024-07-08 15:17:00,CNR6936230220,Success,CID900527,eBike,Electronic City,BTM Layout,112.0,95.0,Not Applicable,Not Applicable,No,Not Applicable,158,UPI,26,3.8,3.9
2024-07-21 17:28:00,CNR1892716085,Canceled by Customer,CID342538,Mini,Chamarajpet,Malleshwaram,,,Change of plans,Not Applicable,Not Applicable,Not Applicable,878,Not Applicable,0,,
2024-07-15 10:04:00,CNR8399616523,Driver Not Found,CID636467,Prime SUV,BTM Layout,Varthur,,,Not Applicable,Not Applicable,Not Applicable,Not Applicable,365,Not Applicable,0,,
2024-07-03 13:23:00,CNR9505923576,Driver Not Found,CID159677,Prime Sedan,Hennur,Peenya,,,Not Applicable,Not Applicable,Not Applicable,Not Applicable,996,Not Applicable,0,,
2024-07-16 21:24:00,CNR1957843757,Canceled by Driver,CID475244,Bike,Marathahalli,Hosur Road,,,Not Applicable,Customer related issue,Not Applicable,Not Applicable,339,Not Applicable,0,,
2024-07-25 20:33:00,CNR6653426939,Success,CID897888,Prime Sedan,Nagarbhavi,Magadi Road,301.0,40.0,Not Applicable,Not Applicable,No,Not Applicable,339,UPI,2,3.6,3.7
2024-07-17 02:03:00,CNR7033770503,Canceled by Driver,CID961394,eBike,Hosur Road,Majestic,,,Not Applicable,Personal & Car related issue,Not Applicable,Not Applicable,167,Not Applicable,0,,
2024-07-06 09:33:00,CNR3935496275,Success,CID234381,Prime Sedan,Bellandur,Sarjapur Road,203.0,90.0,Not Applicable,Not Applicable,No,Not Applicable,544,UPI,33,4.7,4.3
2024-07-14 08:13:00,CNR6048508832,Canceled by Driver,CID660160,Prime Sedan,Ramamurthy Nagar,Rajajinagar,,,Not Applicable,Personal & Car related issue,Not Applicable,Not Applicable,747,Not Applicable,0,,
2024-07-16 05:55:00,CNR9110210778,Canceled by Driver,CID405731,Bike,Banashankari,Magadi Road,,,Not Applicable,Customer related issue,Not Applicable,Not Applicable,723,Not Applicable,0,,
2024-07-14 11:38:00,CNR1472409378,Driver Not Found,CID716449,Prime SUV,Tumkur Road,Basavanagudi,,,Not Applicable,Not Applicable,Not Applicable,Not Applicable,2025,Not Applicable,0,,
2024-07-21 06:01:00,CNR9800541006,Success,CID973868,Prime Sedan,Chickpet,Chickpet,42.0,110.0,Not Applicable,Not Applicable,No,Not Applicable,271,Cash,47,4.5,3.4
2024-07-03 20:05:00,CNR4098426577,Canceled by Driver,CID852992,eBike,Bannerghatta Road,Marathahalli,,,Not Applicable,Customer related issue,Not Applicable,Not Applicable,323,Not Applicable,0,,
2024-07-16 13:44:00,CNR8870640421,Success,CID551425,Prime Sedan,Nagarbhavi,Kengeri,105.0,75.0,Not Applicable,Not Applicable,No,Not Applicable,1925,Cash,9,4.6,4.3
2024-07-26 04:41:00,CNR7974946610,Canceled by Customer,CID205690,Auto,Koramangala,Cox Town,,,Change of plans,Not Applicable,Not Applicable,Not Applicable,320,Not Applicable,0,,
2024-07-10 20:37:00,CNR5106252480,Driver Not Found,CID291917,eBike,Hulimavu,Basavanagudi,,,Not Applicable,Not Applicable,Not Applicable,Not Applicable,599,Not Applicable,0,,
2024-07-23 21:35:00,CNR2841994633,Success,CID180917,Bike,Kadugodi,Kengeri,224.0,90.0,Not Applicable,Not Applicable,No,Not Applicable,790,UPI,47,4.9,3.4
2024-07-17 13:51:00,CNR8877210109,Canceled by Driver,CID672905,Prime Sedan,Basavanagudi,Hosur Road,,,Not Applicable,More than permitted people in there,Not Applicable,Not Applicable,496,Not Applicable,0,,
2024-07-26 21:42:00,CNR9939955508,Success,CID908733,Auto,KR Puram,Sarjapur Road,175.0,25.0,Not Applicable,Not Applicable,No,Not Applicable,103,Cash,7,4.8,4.4
2024-07-26 19:57:00,CNR7775845183,Canceled by Driver,CID685272,Prime Plus,Ramamurthy Nagar,Kengeri,,,Not Applicable,More than permitted people in there,Not Applicable,Not Applicable,222,Not Applicable,0,,
2024-07-19 11:39:00,CNR8407356303,Success,CID924606,Prime SUV,Ulsoor,Peenya,189.0,45.0,Not Applicable,Not Applicable,No,Not Applicable,499,UPI,25,4.6,3.3
2024-07-22 17:19:00,CNR6511135963,Success,CID822194,eBike,Yelahanka,Hebbal,196.0,135.0,Not Applicable,Not Applicable,No,Not Applicable,274,UPI,2,4.7,3.5
2024-07-08 10:41:00,CNR2328891016,Success,CID327319,Prime Sedan,Frazer Town,Bannerghatta Road,140.0,70.0,Not Applicable,Not Applicable,No,Not Applicable,314,Credit Card,12,3.4,4.1
2024-07-20 10:22:00,CNR5225491174,Driver Not Found,CID178719,Bike,JP Nagar,Malleshwaram,,,Not Applicable,Not Applicable,Not Applicable,Not Applicable,436,Not Applicable,0,,
2024-07-12 11:51:00,CNR7259491562,Canceled by Customer,CID866930,eBike,Magadi Road,Sarjapur Road,,,Driver is not moving towards pickup location,Not Applicable,Not Applicable,Not Applicable,581,Not Applicable,0,,
2024-07-14 21:47:00,CNR9634052582,Success,CID389928,Auto,Varthur,Cox Town,56.0,110.0,Not Applicable,Not Applicable,No,Not Applicable,575,Cash,14,4.9,3.3
2024-07-10 11:06:00,CNR6897001897,Success,CID729692,Auto,Ramamurthy Nagar,Chamarajpet,98.0,100.0,Not Applicable,Not Applicable,No,Not Applicable,173,UPI,10,4.6,3.1
2024-07-14 06:55:00,CNR2789131575,Driver Not Found,CID297806,Auto,Bellandur,Kammanahalli,,,Not Applicable,Not Applicable,Not Applicable,Not Applicable,467,Not Applicable,0,,
2024-07-23 18:56:00,CNR2566578232,Success,CID159996,eBike,Shantinagar,Hebbal,224.0,130.0,Not Applicable,Not Applicable,No,Not Applicable,333,UPI,26,3.1,4.1
2024-07-22 02:20:00,CNR2774839352,Driver Not Found,CID432375,Mini,Koramangala,Richmond Town,,,Not Applicable,Not Applicable,Not Applicable,Not Applicable,378,Not Applicable,0,,
2024-07-02 08:59:00,CNR8486762157,Success,CID282650,Prime SUV,Mysore Road,Chickpet,63.0,85.0,Not Applicable,Not Applicable,No,Not Applicable,177,Cash,29,4.8,3.9
2024-07-16 18:21:00,CNR9906213482,Success,CID166818,Auto,Sarjapur Road,BTM Layout,98.0,80.0,Not Applicable,Not Applicable,No,Not Applicable,144,Cash,8,3.4,3.6
2024-07-07 03:28:00,CNR6467017121,Driver Not Found,CID838774,eBike,Rajarajeshwari Nagar,MG Road,,,Not Applicable,Not Applicable,Not Applicable,Not Applicable,470,Not Applicable,0,,
2024-07-24 05:34:00,CNR9561106299,Canceled by Driver,CID746676,Prime Sedan,Nagarbhavi,Sahakar Nagar,,,Not Applicable,More than permitted people in there,Not Applicable,Not Applicable,175,Not Applicable,0,,
2024-07-02 17:20:00,CNR3385680474,Success,CID242627,Bike,Banashankari,Ramamurthy Nagar,224.0,145.0,Not Applicable,Not Applicable,No,Not Applicable,427,Cash,2,3.1,4.4
2024-07-27 20:43:00,CNR7684712190,Canceled by Driver,CID498119,Prime SUV,Yelahanka,JP Nagar,,,Not Applicable,Customer related issue,Not Applicable,Not Applicable,566,Not Applicable,0,,
2024-07-19 07:04:00,CNR6888672352,Success,CID948624,Auto,JP Nagar,Ramamurthy Nagar,70.0,45.0,Not Applicable,Not Applicable,No,Not Applicable,546,UPI,13,3.7,3.0
2024-07-26 14:02:00,CNR7819362496,Success,CID142541,Prime Plus,Frazer Town,Tumkur Road,56.0,25.0,Not Applicable,Not Applicable,No,Not Applicable,837,UPI,16,4.2,4.3
2024-07-12 21:43:00,CNR7730194683,Driver Not Found,CID485420,Bike,Hennur,Koramangala,,,Not Applicable,Not Applicable,Not Applicable,Not Applicable,278,Not Applicable,0,,
2024-07-02 22:51:00,CNR5931823197,Success,CID125374,eBike,Sahakar Nagar,Shantinagar,224.0,40.0,Not Applicable,Not Applicable,No,Not Applicable,228,Cash,47,3.0,3.2
2024-07-15 10:54:00,CNR3552410767,Success,CID163148,Prime Plus,Kadugodi,Mysore Road,70.0,55.0,Not Applicable,Not Applicable,No,Not Applicable,352,Cash,36,3.1,3.3
2024-07-13 00:15:00,CNR8500315268,Success,CID386537,Prime Plus,Shantinagar,Hennur,77.0,100.0,Not Applicable,Not Applicable,No,Not Applicable,499,UPI,18,4.0,3.6
2024-07-06 08:20:00,CNR4991897853,Driver Not Found,CID989764,eBike,Frazer Town,Magadi Road,,,Not Applicable,Not Applicable,Not Applicable,Not Applicable,2289,Not Applicable,0,,
2024-07-12 19:03:00,CNR5419793849,Success,CID329527,Prime SUV,Indiranagar,Majestic,98.0,120.0,Not Applicable,Not Applicable,No,Not Applicable,179,UPI,45,3.8,4.0
2024-07-14 20:58:00,CNR6007904324,Success,CID317225,Mini,Banashankari,Chamarajpet,280.0,140.0,Not Applicable,Not Applicable,No,Not Applicable,479,Cash,35,3.0,3.0
2024-07-02 00:47:00,CNR2377885249,Canceled by Driver,CID487384,Prime Sedan,HSR Layout,Indiranagar,,,Not Applicable,Personal & Car related issue,Not Applicable,Not Applicable,713,Not Applicable,0,,
2024-07-08 18:16:00,CNR1104393651,Canceled by Driver,CID953463,Auto,Tumkur Road,Varthur,,,Not Applicable,Personal & Car related issue,Not Applicable,Not Applicable,219,Not Applicable,0,,
2024-07-18 16:53:00,CNR3565458970,Canceled by Customer,CID232539,eBike,Indiranagar,Whitefield,,,Driver asked to cancel,Not Applicable,Not Applicable,Not Applicable,147,Not Applicable,0,,
2024-07-07 11:00:00,CNR1159595248,Success,CID100797,Mini,Vijayanagar,Peenya,42.0,30.0,Not Applicable,Not Applicable,No,Not Applicable,135,Cash,43,4.4,4.4
2024-07-11 14:05:00,CNR2884773133,Success,CID899764,Bike,Bannerghatta Road,Ulsoor,301.0,115.0,Not Applicable,Not Applicable,No,Not Applicable,208,Cash,1,4.4,4.7
2024-07-07 19:47:00,CNR7558858693,Success,CID876892,Prime Plus,BTM Layout,Nagarbhavi,154.0,130.0,Not Applicable,Not Applicable,No,Not Applicable,208,UPI,37,3.1,4.3
2024-07-09 07:03:00,CNR3929490597,Success,CID578155,Auto,HSR Layout,Banashankari,112.0,25.0,Not Applicable,Not Applicable,No,Not Applicable,145,UPI,15,3.8,4.0
2024-07-20 09:10:00,CNR9108336992,Success,CID679308,Prime Plus,MG Road,Chickpet,189.0,135.0,Not Applicable,Not Applicable,No,Not Applicable,894,Cash,8,4.2,4.6
2024-07-01 00:32:00,CNR4045623850,Success,CID206822,Auto,Jayanagar,Koramangala,35.0,50.0,Not Applicable,Not Applicable,No,Not Applicable,2984,UPI,16,3.0,4.5
2024-07-10 18:15:00,CNR2539843695,Canceled by Driver,CID457092,Prime SUV,Malleshwaram,Whitefield,,,Not Applicable,Personal & Car related issue,Not Applicable,Not Applicable,1431,Not Applicable,0,,
2024-07-09 21:29:00,CNR6860919831,Success,CID712042,Prime Plus,Tumkur Road,Varthur,49.0,55.0,Not Applicable,Not Applicable,No,Not Applicable,462,UPI,38,3.7,5.0
2024-07-14 14:36:00,CNR9006036678,Success,CID937432,Prime Sedan,Malleshwaram,Ramamurthy Nagar,63.0,55.0,Not Applicable,Not Applicable,No,Not Applicable,341,Credit Card,31,3.0,3.8
2024-07-02 08:11:00,CNR6380751936,Success,CID476284,Prime Plus,Jayanagar,Richmond Town,175.0,105.0,Not Applicable,Not Applicable,No,Not Applicable,543,Cash,46,3.7,3.2
2024-07-16 19:08:00,CNR4051908439,Driver Not Found,CID855440,Mini,Indiranagar,Tumkur Road,,,Not Applicable,Not Applicable,Not Applicable,Not Applicable,774,Not Applicable,0,,
2024-07-29 14:19:00,CNR9530692627,Canceled by Customer,CID395223,Bike,Mysore Road,Koramangala,,,AC is Not working,Not Applicable,Not Applicable,Not Applicable,1336,Not Applicable,0,,
2024-07-10 14:31:00,CNR1754220005,Success,CID460770,Prime SUV,Jayanagar,Shantinagar,182.0,110.0,Not Applicable,Not Applicable,No,Not Applicable,399,UPI,4,3.9,4.3
2024-07-30 17:31:00,CNR4085530509,Canceled by Driver,CID185476,Bike,Kengeri,Tumkur Road,,,Not Applicable,More than permitted people in there,Not Applicable,Not Applicable,2540,Not Applicable,0,,
2024-07-24 10:09:00,CNR1936426751,Success,CID701019,eBike,Chamarajpet,Langford Town,217.0,55.0,Not Applicable,Not Applicable,No,Not Applicable,795,Cash,17,4.4,3.6
2024-07-09 04:36:00,CNR6748997455,Success,CID343064,Prime SUV,Kadugodi,Langford Town,105.0,90.0,Not Applicable,Not Applicable,No,Not Applicable,500,Cash,29,3.6,3.1
2024-07-19 06:44:00,CNR6398970199,Success,CID502695,Auto,Majestic,Varthur,294.0,60.0,Not Applicable,Not Applicable,No,Not Applicable,2183,UPI,6,3.9,4.0
2024-07-08 23:29:00,CNR3204817271,Success,CID475594,Prime SUV,Ramamurthy Nagar,JP Nagar,77.0,140.0,Not Applicable,Not Applicable,No,Not Applicable,107,UPI,16,4.6,3.6
2024-07-27 08:27:00,CNR1460501709,Canceled by Customer,CID232519,eBike,JP Nagar,Mysore Road,,,Driver asked to cancel,Not Applicable,Not Applicable,Not Applicable,666,Not Applicable,0,,
2024-07-15 00:43:00,CNR3680257481,Success,CID107674,Prime SUV,Marathahalli,Whitefield,252.0,115.0,Not Applicable,Not Applicable,No,Not Applicable,381,Cash,33,4.2,4.4
2024-07-06 11:50:00,CNR1108893192,Canceled by Customer,CID605380,Auto,Bannerghatta Road,HSR Layout,,,Wrong Address,Not Applicable,Not Applicable,Not Applicable,198,Not Applicable,0,,
2024-07-06 00:21:00,CNR6609143293,Success,CID273474,Prime Plus,BTM Layout,Devanahalli,175.0,145.0,Not Applicable,Not Applicable,No,Not Applicable,904,Cash,12,4.9,4.2
2024-07-23 14:29:00,CNR1918383201,Canceled by Customer,CID919512,Prime SUV,Sarjapur Road,Chamarajpet,,,AC is Not working,Not Applicable,Not Applicable,Not Applicable,363,Not Applicable,0,,
2024-07-17 00:27:00,CNR5168911262,Success,CID548055,Prime SUV,Vijayanagar,Cox Town,49.0,110.0,Not Applicable,Not Applicable,No,Not Applicable,300,Cash,32,3.3,3.6
2024-07-01 12:05:00,CNR6084322558,Success,CID716255,eBike,BTM Layout,Rajarajeshwari Nagar,189.0,45.0,Not Applicable,Not Applicable,No,Not Applicable,304,UPI,43,4.0,3.7
2024-07-15 17:17:00,CNR4801478226,Success,CID497504,Prime SUV,Electronic City,Basavanagudi,301.0,60.0,Not Applicable,Not Applicable,No,Not Applicable,196,Cash,48,3.7,5.0
2024-07-17 07:59:00,CNR3940701444,Success,CID122760,Prime SUV,Hosur Road,Nagarbhavi,238.0,140.0,Not Applicable,Not Applicable,No,Not Applicable,599,UPI,35,3.2,4.5
2024-07-09 16:12:00,CNR5009468926,Success,CID911053,Auto,Majestic,Hosur Road,231.0,115.0,Not Applicable,Not Applicable,No,Not Applicable,336,UPI,17,3.8,3.6
2024-07-08 18:34:00,CNR8288172869,Canceled by Customer,CID964448,Bike,Chickpet,Peenya,,,Change of plans,Not Applicable,Not Applicable,Not Applicable,305,Not Applicable,0,,
2024-07-09 04:13:00,CNR9712593324,Success,CID398026,Bike,Tumkur Road,MG Road,259.0,100.0,Not Applicable,Not Applicable,No,Not Applicable,1033,Cash,31,3.1,3.2
2024-07-17 14:40:00,CNR5557539911,Success,CID396122,Bike,Koramangala,Bannerghatta Road,35.0,50.0,Not Applicable,Not Applicable,No,Not Applicable,640,UPI,12,4.2,3.9
2024-07-28 15:41:00,CNR3629309512,Driver Not Found,CID327661,Prime Plus,Mysore Road,Vijayanagar,,,Not Applicable,Not Applicable,Not Applicable,Not Applicable,167,Not Applicable,0,,
2024-07-21 11:27:00,CNR3471783117,Success,CID942603,Prime Sedan,Hebbal,Hulimavu,231.0,75.0,Not Applicable,Not Applicable,No,Not Applicable,206,Cash,11,4.2,3.4
2024-07-09 19:58:00,CNR9457197050,Success,CID226655,Prime Sedan,Chamarajpet,KR Puram,70.0,70.0,Not Applicable,Not Applicable,No,Not Applicable,166,Cash,34,4.1,4.1
2024-07-16 10:14:00,CNR6431979498,Canceled by Driver,CID722153,Prime SUV,Kengeri,Nagarbhavi,,,Not Applicable,Customer related issue,Not Applicable,Not Applicable,976,Not Applicable,0,,
2024-07-29 04:07:00,CNR1749983886,Success,CID131524,Mini,Yelahanka,Varthur,301.0,75.0,Not Applicable,Not Applicable,No,Not Applicable,338,Credit Card,2,4.7,3.2
2024-07-06 07:40:00,CNR7782407133,Canceled by Driver,CID820146,eBike,Rajarajeshwari Nagar,Whitefield,,,Not Applicable,Customer was coughing/sick,Not Applicable,Not Applicable,267,Not Applicable,0,,
2024-07-09 02:05:00,CNR8436143004,Success,CID887894,Prime Plus,Indiranagar,Hebbal,126.0,110.0,Not Applicable,Not Applicable,No,Not Applicable,169,UPI,29,3.4,3.6
2024-07-10 07:06:00,CNR6266204039,Success,CID808096,Prime Plus,Nagarbhavi,Kengeri,294.0,110.0,Not Applicable,Not Applicable,No,Not Applicable,1210,Cash,32,4.3,4.6
2024-07-18 22:33:00,CNR7587840899,Success,CID118606,Prime SUV,Banashankari,Chickpet,63.0,115.0,Not Applicable,Not Applicable,No,Not Applicable,293,Cash,28,4.3,4.8
2024-07-25 14:46:00,CNR6037808927,Driver Not Found,CID748687,Mini,Richmond Town,Bellandur,,,Not Applicable,Not Applicable,Not Applicable,Not Applicable,134,Not Applicable,0,,
2024-07-29 18:38:00,CNR6295581788,Success,CID336640,Mini,Basavanagudi,Kadugodi,203.0,90.0,Not Applicable,Not Applicable,No,Not Applicable,139,UPI,42,3.9,3.8
2024-07-28 17:32:00,CNR2591357855,Success,CID603927,eBike,Vijayanagar,Bellandur,91.0,70.0,Not Applicable,Not Applicable,No,Not Applicable,228,Cash,5,4.5,3.1
2024-07-25 20:53:00,CNR4797401616,Success,CID502496,Bike,Vijayanagar,Chickpet,196.0,100.0,Not Applicable,Not Applicable,No,Not Applicable,281,UPI,37,4.8,4.7
2024-07-27 14:11:00,CNR6400235966,Success,CID336291,Prime Plus,Mysore Road,Banashankari,203.0,120.0,Not Applicable,Not Applicable,No,Not Applicable,894,Cash,19,4.0,3.9
2024-07-21 05:55:00,CNR9752466938,Success,CID526592,Prime Plus,Sarjapur Road,Cox Town,273.0,120.0,Not Applicable,Not Applicable,No,Not Applicable,210,UPI,21,3.4,3.4
2024-07-01 22:12:00,CNR2326441221,Success,CID953674,Prime SUV,Devanahalli,JP Nagar,266.0,85.0,Not Applicable,Not Applicable,No,Not Applicable,262,Cash,9,4.2,4.0
2024-07-01 00:18:00,CNR6380122705,Canceled by Customer,CID726365,eBike,Hennur,Chamarajpet,,,AC is Not working,Not Applicable,Not Applicable,Not Applicable,467,Not Applicable,0,,
2024-07-20 04:12:00,CNR2838855639,Success,CID805006,Prime Sedan,BTM Layout,Hosur Road,287.0,120.0,Not Applicable,Not Applicable,No,Not Applicable,221,UPI,20,4.1,3.5
2024-07-27 04:27:00,CNR2465584159,Success,CID705463,Prime Plus,Chamarajpet,Chamarajpet,196.0,60.0,Not Applicable,Not Applicable,No,Not Applicable,492,UPI,49,4.2,4.8
2024-07-07 13:28:00,CNR5800169082,Success,CID710447,Prime Sedan,KR Puram,Ramamurthy Nagar,182.0,90.0,Not Applicable,Not Applicable,No,Not Applicable,197,Cash,9,4.4,3.8
2024-07-15 14:49:00,CNR7221087001,Success,CID668748,Auto,Peenya,Whitefield,259.0,115.0,Not Applicable,Not Applicable,No,Not Applicable,342,UPI,14,4.5,4.4
2024-07-24 10:47:00,CNR2829862687,Canceled by Customer,CID251130,Mini,Hulimavu,Chickpet,,,AC is Not working,Not Applicable,Not Applicable,Not Applicable,305,Not Applicable,0,,
2024-07-10 03:08:00,CNR3079130094,Success,CID279462,Prime SUV,Ramamurthy Nagar,Bellandur,203.0,105.0,Not Applicable,Not Applicable,No,Not Applicable,270,Cash,15,4.2,4.7
2024-07-21 03:25:00,CNR1821599818,Canceled by Driver,CID430733,Bike,Chickpet,Nagarbhavi,,,Not Applicable,Personal & Car related issue,Not Applicable,Not Applicable,246,Not Applicable,0,,
2024-07-05 21:39:00,CNR9494527774,Success,CID756181,eBike,Yeshwanthpur,Indiranagar,224.0,60.0,Not Applicable,Not Applicable,No,Not Applicable,207,UPI,12,3.8,3.1
2024-07-27 11:35:00,CNR2342887486,Success,CID149792,Prime Plus,Mysore Road,Kadugodi,259.0,140.0,Not Applicable,Not Applicable,No,Not Applicable,812,UPI,2,4.7,4.3
2024-07-03 18:58:00,CNR4159570392,Success,CID349153,Prime Plus,Whitefield,Ramamurthy Nagar,63.0,105.0,Not Applicable,Not Applicable,No,Not Applicable,863,UPI,35,3.6,4.7
2024-07-20 03:51:00,CNR6901425330,Canceled by Driver,CID874633,Auto,Indiranagar,Yelahanka,,,Not Applicable,Personal & Car related issue,Not Applicable,Not Applicable,622,Not Applicable,0,,
2024-07-22 05:22:00,CNR4287759741,Success,CID287332,Prime SUV,MG Road,Frazer Town,301.0,95.0,Not Applicable,Not Applicable,No,Not Applicable,297,Cash,5,3.0,4.6
2024-07-16 14:33:00,CNR1522037630,Success,CID377891,Mini,JP Nagar,Chickpet,189.0,60.0,Not Applicable,Not Applicable,No,Not Applicable,751,UPI,23,4.1,4.1
2024-07-25 12:39:00,CNR9927779030,Success,CID139602,Prime Sedan,Sahakar Nagar,Langford Town,63.0,70.0,Not Applicable,Not Applicable,No,Not Applicable,283,UPI,21,4.4,4.8
2024-07-04 00:08:00,CNR5086612848,Success,CID972873,Mini,Padmanabhanagar,Sahakar Nagar,280.0,35.0,Not Applicable,Not Applicable,No,Not Applicable,334,Cash,25,4.7,3.8
2024-07-29 03:37:00,CNR6981761623,Success,CID345321,Prime Sedan,Jayanagar,Ulsoor,301.0,95.0,Not Applicable,Not Applicable,No,Not Applicable,190,Cash,29,3.9,3.3
2024-07-30 04:35:00,CNR8896294103,Success,CID168980,Mini,KR Puram,Bellandur,182.0,115.0,Not Applicable,Not Applicable,No,Not Applicable,307,Cash,21,4.9,4.7
2024-07-21 04:51:00,CNR9547703383,Success,CID889755,Prime Sedan,Devanahalli,Ramamurthy Nagar,301.0,120.0,Not Applicable,Not Applicable,No,Not Applicable,472,UPI,44,4.6,3.0
2024-07-22 17:06:00,CNR2656857920,Success,CID662364,Prime Sedan,Tumkur Road,Shantinagar,49.0,70.0,Not Applicable,Not Applicable,No,Not Applicable,107,UPI,28,3.5,3.2
2024-07-06 06:57:00,CNR9299297880,Success,CID562925,Prime SUV,Yelahanka,Kadugodi,294.0,55.0,Not Applicable,Not Applicable,No,Not Applicable,173,UPI,48,3.8,3.0
2024-07-04 22:51:00,CNR7671157891,Success,CID921820,Prime Plus,Tumkur Road,Cox Town,56.0,80.0,Not Applicable,Not Applicable,No,Not Applicable,444,Cash,17,4.5,4.9
2024-07-30 02:52:00,CNR4238928082,Success,CID372115,Mini,KR Puram,Marathahalli,224.0,75.0,Not Applicable,Not Applicable,No,Not Applicable,361,Cash,45,3.7,4.0
2024-07-12 16:05:00,CNR9373745835,Canceled by Customer,CID718905,Bike,Yeshwanthpur,Shantinagar,,,Driver asked to cancel,Not Applicable,Not Applicable,Not Applicable,719,Not Applicable,0,,
2024-07-30 16:52:00,CNR7728667218,Success,CID315625,Prime Plus,Tumkur Road,Koramangala,189.0,70.0,Not Applicable,Not Applicable,No,Not Applicable,380,Cash,10,4.4,4.2
2024-07-07 01:59:00,CNR1355039753,Success,CID877460,Prime Sedan,Rajarajeshwari Nagar,Frazer Town,252.0,135.0,Not Applicable,Not Applicable,No,Not Applicable,310,UPI,19,3.9,4.7
2024-07-09 07:52:00,CNR4996519528,Success,CID164035,Mini,Mysore Road,Rajajinagar,168.0,35.0,Not Applicable,Not Applicable,No,Not Applicable,222,UPI,29,3.5,4.1
2024-07-29 23:00:00,CNR4736747163,Success,CID344002,Mini,Chickpet,Ramamurthy Nagar,210.0,75.0,Not Applicable,Not Applicable,No,Not Applicable,708,UPI,34,3.6,4.0
2024-07-03 10:30:00,CNR2342001451,Success,CID945929,eBike,Sahakar Nagar,Majestic,196.0,70.0,Not Applicable,Not Applicable,No,Not Applicable,946,Cash,10,4.7,4.6
2024-07-11 20:35:00,CNR9944207726,Success,CID931491,Auto,Chamarajpet,Chickpet,42.0,85.0,Not Applicable,Not Applicable,No,Not Applicable,407,UPI,1,4.2,3.0
2024-07-15 10:29:00,CNR3632038100,Canceled by Driver,CID389851,Prime SUV,MG Road,Ramamurthy Nagar,,,Not Applicable,Customer related issue,Not Applicable,Not Applicable,457,Not Applicable,0,,
2024-07-25 08:57:00,CNR6147949274,Success,CID142137,eBike,Kengeri,Ulsoor,245.0,65.0,Not Applicable,Not Applicable,No,Not Applicable,408,Cash,12,4.1,4.8
2024-07-21 08:22:00,CNR4711700417,Canceled by Customer,CID326358,Bike,Majestic,Indiranagar,,,Driver asked to cancel,Not Applicable,Not Applicable,Not Applicable,300,Not Applicable,0,,
2024-07-20 04:31:00,CNR6072907513,Success,CID365183,Mini,Mysore Road,Chickpet,147.0,65.0,Not Applicable,Not Applicable,No,Not Applicable,804,Cash,31,3.2,3.5
2024-07-21 10:08:00,CNR4837850593,Success,CID237530,Auto,Hulimavu,Koramangala,63.0,140.0,Not Applicable,Not Applicable,Yes,Customer Demand,244,Cash,4,4.2,3.5
2024-07-06 00:05:00,CNR4892030897,Success,CID546514,Prime SUV,Hennur,Shivajinagar,252.0,50.0,Not Applicable,Not Applicable,No,Not Applicable,150,Cash,22,4.7,4.3
2024-07-06 08:41:00,CNR9003134413,Canceled by Customer,CID137925,Auto,HSR Layout,Kadugodi,,,Driver is not moving towards pickup location,Not Applicable,Not Applicable,Not Applicable,159,Not Applicable,0,,
2024-07-20 04:03:00,CNR7379273916,Canceled by Driver,CID933421,Bike,Shivajinagar,Sarjapur Road,,,Not Applicable,Personal & Car related issue,Not Applicable,Not Applicable,415,Not Applicable,0,,
2024-07-02 05:51:00,CNR8877851381,Canceled by Driver,CID647194,Prime Sedan,Chickpet,Hosur Road,,,Not Applicable,Customer was coughing/sick,Not Applicable,Not Applicable,235,Not Applicable,0,,
2024-07-28 09:32:00,CNR6030691437,Driver Not Found,CID539259,Prime Sedan,Hebbal,Basavanagudi,,,Not Applicable,Not Applicable,Not Applicable,Not Applicable,646,Not Applicable,0,,
2024-07-25 16:58:00,CNR7688966598,Success,CID708042,Bike,Shantinagar,Hebbal,126.0,60.0,Not Applicable,Not Applicable,No,Not Applicable,318,Cash,30,3.5,4.3
2024-07-29 06:27:00,CNR6335762338,Success,CID581335,Prime Plus,Frazer Town,Malleshwaram,70.0,80.0,Not Applicable,Not Applicable,No,Not Applicable,264,Cash,31,4.6,4.7
2024-07-29 09:35:00,CNR9380484745,Canceled by Customer,CID299390,Auto,Koramangala,HSR Layout,,,AC is Not working,Not Applicable,Not Applicable,Not Applicable,580,Not Applicable,0,,
2024-07-08 14:11:00,CNR5484900385,Success,CID606610,Prime SUV,Nagarbhavi,Ramamurthy Nagar,182.0,95.0,Not Applicable,Not Applicable,No,Not Applicable,363,Cash,32,4.7,4.7
2024-07-06 22:34:00,CNR7296691697,Success,CID232292,Prime SUV,Chamarajpet,Nagarbhavi,140.0,60.0,Not Applicable,Not Applicable,No,Not Applicable,651,UPI,34,3.1,3.1
2024-07-24 13:09:00,CNR1418170643,Success,CID546477,eBike,Whitefield,RT Nagar,266.0,60.0,Not Applicable,Not Applicable,No,Not Applicable,219,UPI,10,4.8,3.9
2024-07-15 10:44:00,CNR8074100104,Canceled by Driver,CID245779,Mini,Majestic,Kadugodi,,,Not Applicable,Customer related issue,Not Applicable,Not Applicable,233,Not Applicable,0,,
2024-07-21 03:39:00,CNR9144143710,Success,CID519228,eBike,Basavanagudi,Electronic City,70.0,90.0,Not Applicable,Not Applicable,No,Not Applicable,527,Cash,47,4.2,3.0
2024-07-09 08:08:00,CNR6076267160,Success,CID424259,Prime Plus,Padmanabhanagar,Chickpet,42.0,140.0,Not Applicable,Not Applicable,No,Not Applicable,1867,UPI,38,4.5,3.4
2024-07-24 15:59:00,CNR7545933648,Canceled by Driver,CID592008,Bike,Tumkur Road,Shantinagar,,,Not Applicable,Customer was coughing/sick,Not Applicable,Not Applicable,119,Not Applicable,0,,
2024-07-16 00:58:00,CNR1079842971,Success,CID226408,Prime SUV,Shantinagar,MG Road,266.0,75.0,Not Applicable,Not Applicable,No,Not Applicable,743,Cash,37,4.5,4.7
2024-07-18 10:42:00,CNR8995477523,Success,CID300514,eBike,Nagarbhavi,Marathahalli,133.0,105.0,Not Applicable,Not Applicable,No,Not Applicable,186,UPI,8,4.6,3.1
2024-07-11 22:49:00,CNR6147328351,Canceled by Driver,CID756509,Mini,Kadugodi,Indiranagar,,,Not Applicable,Customer was coughing/sick,Not Applicable,Not Applicable,622,Not Applicable,0,,
2024-07-08 18:25:00,CNR1580837457,Success,CID961217,Bike,HSR Layout,Yelahanka,56.0,105.0,Not Applicable,Not Applicable,No,Not Applicable,265,Cash,23,3.8,3.9
2024-07-03 09:34:00,CNR9376613581,Success,CID427571,Prime SUV,Mysore Road,Hebbal,301.0,45.0,Not Applicable,Not Applicable,No,Not Applicable,155,UPI,1,4.9,4.6
2024-07-08 01:39:00,CNR1429119518,Success,CID273967,Auto,MG Road,HSR Layout,273.0,50.0,Not Applicable,Not Applicable,No,Not Applicable,190,Cash,19,3.5,4.6
2024-07-13 01:32:00,CNR5200809358,Canceled by Customer,CID260014,Auto,Hosur Road,Rajajinagar,,,Wrong Address,Not Applicable,Not Applicable,Not Applicable,446,Not Applicable,0,,
2024-07-06 11:31:00,CNR1137749411,Canceled by Customer,CID937745,Auto,Koramangala,Shivajinagar,,,Change of plans,Not Applicable,Not Applicable,Not Applicable,1452,Not Applicable,0,,
2024-07-16 14:26:00,CNR8566500859,Canceled by Driver,CID880289,eBike,Frazer Town,Magadi Road,,,Not Applicable,Customer related issue,Not Applicable,Not Applicable,376,Not Applicable,0,,
2024-07-22 23:53:00,CNR5539984798,Canceled by Driver,CID246025,eBike,Varthur,MG Road,,,Not Applicable,Customer related issue,Not Applicable,Not Applicable,437,Not Applicable,0,,
2024-07-16 01:49:00,CNR8614049218,Success,CID324963,Bike,Sarjapur Road,Magadi Road,84.0,145.0,Not Applicable,Not Applicable,No,Not Applicable,484,UPI,38,4.9,4.2
2024-07-10 22:49:00,CNR4493812563,Driver Not Found,CID227872,Prime Sedan,Kengeri,Yelahanka,,,Not Applicable,Not Applicable,Not Applicable,Not Applicable,220,Not Applicable,0,,
2024-07-15 00:10:00,CNR6227856800,Success,CID273288,Bike,Ulsoor,Vijayanagar,154.0,80.0,Not Applicable,Not Applicable,No,Not Applicable,723,UPI,16,4.7,3.3
2024-07-17 05:24:00,CNR4413450765,Success,CID140330,Auto,Rajarajeshwari Nagar,Indiranagar,42.0,120.0,Not Applicable,Not Applicable,No,Not Applicable,441,UPI,7,3.6,4.7
2024-07-01 15:30:00,CNR8553273150,Success,CID958153,Auto,KR Puram,Sahakar Nagar,245.0,35.0,Not Applicable,Not Applicable,No,Not Applicable,554,UPI,2,4.5,5.0
2024-07-23 01:07:00,CNR7953642619,Success,CID975833,Prime Plus,Malleshwaram,Kammanahalli,259.0,95.0,Not Applicable,Not Applicable,No,Not Applicable,213,UPI,32,3.8,4.4
2024-07-12 13:01:00,CNR5861092842,Success,CID268630,Prime Sedan,Magadi Road,Kadugodi,49.0,55.0,Not Applicable,Not Applicable,No,Not Applicable,255,UPI,29,3.8,4.8
2024-07-15 09:07:00,CNR3273541314,Canceled by Driver,CID660818,Prime SUV,Whitefield,Bellandur,,,Not Applicable,Customer related issue,Not Applicable,Not Applicable,475,Not Applicable,0,,
2024-07-06 00:35:00,CNR3314351103,Success,CID945863,Auto,Richmond Town,Sahakar Nagar,224.0,80.0,Not Applicable,Not Applicable,No,Not Applicable,246,Credit Card,16,4.4,4.0
2024-07-02 17:16:00,CNR4756564441,Driver Not Found,CID522061,Bike,Kadugodi,Jayanagar,,,Not Applicable,Not Applicable,Not Applicable,Not Applicable,244,Not Applicable,0,,
2024-07-13 02:13:00,CNR2494655409,Success,CID945949,Bike,Tumkur Road,Hosur Road,154.0,95.0,Not Applicable,Not Applicable,No,Not Applicable,263,UPI,2,3.2,3.3
2024-07-25 14:26:00,CNR6048918347,Success,CID287707,Mini,Koramangala,Chickpet,252.0,65.0,Not Applicable,Not Applicable,No,Not Applicable,316,UPI,13,3.2,4.1
2024-07-22 01:41:00,CNR7951177005,Success,CID399210,Bike,Frazer Town,Magadi Road,273.0,120.0,Not Applicable,Not Applicable,No,Not Applicable,2404,UPI,19,3.3,3.8
2024-07-05 15:25:00,CNR2125611096,Canceled by Driver,CID633086,Bike,HSR Layout,BTM Layout,,,Not Applicable,Customer was coughing/sick,Not Applicable,Not Applicable,117,Not Applicable,0,,
2024-07-15 06:24:00,CNR2936376877,Success,CID394629,Prime SUV,Electronic City,Rajajinagar,266.0,45.0,Not Applicable,Not Applicable,No,Not Applicable,315,Cash,24,4.4,3.3
2024-07-17 01:59:00,CNR4516367171,Success,CID356601,Bike,Electronic City,Cox Town,91.0,110.0,Not Applicable,Not Applicable,No,Not Applicable,480,UPI,17,4.4,3.5
2024-07-20 23:20:00,CNR7229497369,Canceled by Driver,CID295961,Prime Sedan,Yelahanka,Nagarbhavi,,,Not Applicable,Customer related issue,Not Applicable,Not Applicable,110,Not Applicable,0,,
2024-07-22 07:32:00,CNR1363031241,Success,CID713014,eBike,Sahakar Nagar,Bellandur,287.0,50.0,Not Applicable,Not Applicable,No,Not Applicable,494,Cash,47,3.3,4.3
2024-07-04 20:35:00,CNR8987972781,Driver Not Found,CID438915,Auto,HSR Layout,Kengeri,,,Not Applicable,Not Applicable,Not Applicable,Not Applicable,499,Not Applicable,0,,
2024-07-09 12:42:00,CNR2426980766,Canceled by Driver,CID543372,Prime SUV,Kadugodi,Kengeri,,,Not Applicable,Personal & Car related issue,Not Applicable,Not Applicable,152,Not Applicable,0,,
2024-07-18 23:08:00,CNR8382531547,Success,CID317975,Bike,Ramamurthy Nagar,Malleshwaram,56.0,25.0,Not Applicable,Not Applicable,No,Not Applicable,1595,UPI,24,3.6,3.2
2024-07-30 15:32:00,CNR6255556189,Driver Not Found,CID117541,Mini,Hulimavu,Richmond Town,,,Not Applicable,Not Applicable,Not Applicable,Not Applicable,718,Not Applicable,0,,
2024-07-21 07:16:00,CNR2907364421,Canceled by Driver,CID519034,Auto,Sarjapur Road,KR Puram,,,Not Applicable,Personal & Car related issue,Not Applicable,Not Applicable,101,Not Applicable,0,,
2024-07-07 04:37:00,CNR2735754732,Success,CID300382,Mini,BTM Layout,Peenya,140.0,75.0,Not Applicable,Not Applicable,No,Not Applicable,580,UPI,1,4.5,4.5
2024-07-16 11:47:00,CNR8295699082,Success,CID264785,Prime Plus,Sahakar Nagar,Jayanagar,35.0,70.0,Not Applicable,Not Applicable,No,Not Applicable,2066,UPI,18,4.7,3.6
2024-07-29 17:04:00,CNR8102018264,Success,CID690719,Auto,Rajajinagar,Electronic City,140.0,145.0,Not Applicable,Not Applicable,No,Not Applicable,172,Credit Card,13,3.8,4.6
2024-07-09 23:36:00,CNR7977724705,Success,CID217084,Prime Plus,Marathahalli,Magadi Road,245.0,40.0,Not Applicable,Not Applicable,No,Not Applicable,2817,Cash,3,4.7,4.4
2024-07-14 10:35:00,CNR2937806681,Success,CID322788,Bike,Shantinagar,Sahakar Nagar,49.0,115.0,Not Applicable,Not Applicable,No,Not Applicable,137,Cash,30,4.0,5.0
2024-07-19 16:03:00,CNR6295371611,Driver Not Found,CID478066,Prime Sedan,Vijayanagar,Kengeri,,,Not Applicable,Not Applicable,Not Applicable,Not Applicable,1738,Not Applicable,0,,
2024-07-19 21:04:00,CNR2496849435,Success,CID743657,Prime Sedan,Yelahanka,Frazer Town,91.0,145.0,Not Applicable,Not Applicable,No,Not Applicable,141,Cash,33,3.0,3.8
2024-07-18 03:19:00,CNR2906822718,Canceled by Customer,CID533373,Auto,Whitefield,Basavanagudi,,,Driver is not moving towards pickup location,Not Applicable,Not Applicable,Not Applicable,565,Not Applicable,0,,
2024-07-11 02:10:00,CNR5819486860,Success,CID934328,eBike,Langford Town,KR Puram,294.0,30.0,Not Applicable,Not Applicable,No,Not Applicable,106,Credit Card,19,4.4,3.6
2024-07-27 19:35:00,CNR2538727255,Driver Not Found,CID999199,Mini,Yelahanka,Kammanahalli,,,Not Applicable,Not Applicable,Not Applicable,Not Applicable,2445,Not Applicable,0,,
2024-07-21 21:28:00,CNR7900816400,Success,CID134623,Mini,Shantinagar,Kengeri,273.0,80.0,Not Applicable,Not Applicable,No,Not Applicable,1651,Cash,24,4.5,4.3
2024-07-09 18:49:00,CNR3462588722,Success,CID412798,Auto,Magadi Road,Tumkur Road,154.0,65.0,Not Applicable,Not Applicable,No,Not Applicable,508,Cash,11,4.3,3.1
2024-07-06 20:34:00,CNR3940536940,Driver Not Found,CID803381,Prime SUV,Richmond Town,Nagarbhavi,,,Not Applicable,Not Applicable,Not Applicable,Not Applicable,391,Not Applicable,0,,
2024-07-06 15:35:00,CNR5500152111,Canceled by Customer,CID589871,eBike,Varthur,BTM Layout,,,AC is Not working,Not Applicable,Not Applicable,Not Applicable,201,Not Applicable,0,,
2024-07-08 16:01:00,CNR1449765811,Success,CID832118,Mini,RT Nagar,Yeshwanthpur,154.0,70.0,Not Applicable,Not Applicable,No,Not Applicable,821,UPI,44,4.1,4.1
2024-07-29 10:40:00,CNR7363919445,Canceled by Driver,CID915883,Auto,Cox Town,Jayanagar,,,Not Applicable,Personal & Car related issue,Not Applicable,Not Applicable,408,Not Applicable,0,,
2024-07-21 03:15:00,CNR6502366226,Canceled by Customer,CID810988,Prime Plus,Varthur,Hulimavu,,,Wrong Address,Not Applicable,Not Applicable,Not Applicable,423,Not Applicable,0,,
2024-07-21 12:07:00,CNR3987170332,Driver Not Found,CID728098,Prime SUV,Varthur,Marathahalli,,,Not Applicable,Not Applicable,Not Applicable,Not Applicable,1175,Not Applicable,0,,
2024-07-02 09:35:00,CNR1457012760,Driver Not Found,CID259682,Prime Plus,Padmanabhanagar,Tumkur Road,,,Not Applicable,Not Applicable,Not Applicable,Not Applicable,157,Not Applicable,0,,
2024-07-14 15:13:00,CNR5198730481,Success,CID111365,Bike,Richmond Town,Basavanagudi,70.0,120.0,Not Applicable,Not Applicable,No,Not Applicable,794,Cash,16,3.2,3.6
2024-07-30 01:13:00,CNR1173842972,Canceled by Customer,CID492677,Mini,Varthur,Chamarajpet,,,Driver asked to cancel,Not Applicable,Not Applicable,Not Applicable,399,Not Applicable,0,,
2024-07-18 00:33:00,CNR2206005082,Canceled by Driver,CID884173,Auto,Hebbal,Malleshwaram,,,Not Applicable,Customer related issue,Not Applicable,Not Applicable,383,Not Applicable,0,,
2024-07-11 10:00:00,CNR8746157786,Success,CID437024,Prime Sedan,Shivajinagar,Basavanagudi,161.0,50.0,Not Applicable,Not Applicable,Yes,Other Issue,247,UPI,3,4.5,3.1
2024-07-10 06:59:00,CNR7152664449,Success,CID998979,Prime Sedan,Indiranagar,Malleshwaram,140.0,100.0,Not Applicable,Not Applicable,Yes,Customer Demand,168,UPI,36,3.3,4.7
2024-07-06 04:52:00,CNR9055024447,Success,CID123460,Auto,Chamarajpet,Hennur,280.0,60.0,Not Applicable,Not Applicable,No,Not Applicable,225,UPI,12,4.4,4.8
2024-07-26 12:46:00,CNR5425225086,Canceled by Driver,CID973956,Bike,Chickpet,Basavanagudi,,,Not Applicable,Customer related issue,Not Applicable,Not Applicable,343,Not Applicable,0,,
2024-07-08 14:24:00,CNR4784065754,Canceled by Driver,CID634513,Auto,Devanahalli,Sarjapur Road,,,Not Applicable,More than permitted people in there,Not Applicable,Not Applicable,424,Not Applicable,0,,
2024-07-16 22:22:00,CNR7148024387,Success,CID526132,Auto,Majestic,RT Nagar,287.0,30.0,Not Applicable,Not Applicable,No,Not Applicable,724,UPI,2,4.3,4.2
2024-07-07 08:19:00,CNR7118226015,Success,CID561884,eBike,Tumkur Road,Majestic,287.0,110.0,Not Applicable,Not Applicable,No,Not Applicable,1362,UPI,25,3.0,3.4
2024-07-11 16:14:00,CNR5155551713,Driver Not Found,CID426520,Mini,Magadi Road,Electronic City,,,Not Applicable,Not Applicable,Not Applicable,Not Applicable,702,Not Applicable,0,,
2024-07-01 01:34:00,CNR3906676818,Canceled by Driver,CID794682,Bike,Chamarajpet,Kammanahalli,,,Not Applicable,Personal & Car related issue,Not Applicable,Not Applicable,723,Not Applicable,0,,
2024-07-18 00:56:00,CNR6609180209,Driver Not Found,CID665744,Prime SUV,MG Road,Marathahalli,,,Not Applicable,Not Applicable,Not Applicable,Not Applicable,410,Not Applicable,0,,
2024-07-13 17:08:00,CNR4587445926,Success,CID878502,Prime Plus,Ramamurthy Nagar,Sahakar Nagar,217.0,130.0,Not Applicable,Not Applicable,No,Not Applicable,303,Cash,6,4.6,3.1
2024-07-23 18:51:00,CNR8110877475,Success,CID737442,Auto,Sarjapur Road,Sahakar Nagar,224.0,140.0,Not Applicable,Not Applicable,No,Not Applicable,146,UPI,11,3.7,3.7
2024-07-20 11:12:00,CNR9501597736,Success,CID209260,Prime Sedan,Marathahalli,Frazer Town,245.0,65.0,Not Applicable,Not Applicable,No,Not Applicable,2478,UPI,48,3.3,4.7
2024-07-01 08:37:00,CNR7910651035,Success,CID393163,Prime Plus,Basavanagudi,Yelahanka,56.0,85.0,Not Applicable,Not Applicable,No,Not Applicable,2174,Cash,20,3.7,3.0
2024-07-27 06:57:00,CNR8583337954,Canceled by Driver,CID984573,Mini,Rajarajeshwari Nagar,Mysore Road,,,Not Applicable,Customer related issue,Not Applicable,Not Applicable,174,Not Applicable,0,,
2024-07-10 10:13:00,CNR3743374885,Success,CID161517,Mini,Jayanagar,MG Road,245.0,50.0,Not Applicable,Not Applicable,No,Not Applicable,480,Cash,17,3.3,3.6
2024-07-26 22:46:00,CNR8808715637,Success,CID375888,Auto,Rajajinagar,Jayanagar,203.0,95.0,Not Applicable,Not Applicable,Yes,Customer Demand,375,UPI,14,3.4,3.7
2024-07-12 08:02:00,CNR2885137855,Canceled by Driver,CID396555,Bike,Kadugodi,Magadi Road,,,Not Applicable,Personal & Car related issue,Not Applicable,Not Applicable,464,Not Applicable,0,,
2024-07-24 08:23:00,CNR3270541228,Canceled by Driver,CID497106,eBike,Yelahanka,Bannerghatta Road,,,Not Applicable,Personal & Car related issue,Not Applicable,Not Applicable,453,Not Applicable,0,,
2024-07-28 01:32:00,CNR6491184147,Success,CID145793,Prime SUV,Rajarajeshwari Nagar,Tumkur Road,252.0,55.0,Not Applicable,Not Applicable,No,Not Applicable,425,Cash,48,4.5,4.6
2024-07-27 12:01:00,CNR4316828854,Canceled by Driver,CID334095,Prime Sedan,Hosur Road,Yeshwanthpur,,,Not Applicable,Customer related issue,Not Applicable,Not Applicable,199,Not Applicable,0,,
2024-07-11 07:32:00,CNR4319450357,Driver Not Found,CID982984,eBike,Frazer Town,Bellandur,,,Not Applicable,Not Applicable,Not Applicable,Not Applicable,429,Not Applicable,0,,
2024-07-22 13:58:00,CNR9588618590,Canceled by Driver,CID693591,Prime Plus,Devanahalli,Electronic City,,,Not Applicable,Customer was coughing/sick,Not Applicable,Not Applicable,971,Not Applicable,0,,
2024-07-11 21:59:00,CNR6538668522,Success,CID543222,Auto,Frazer Town,Devanahalli,77.0,90.0,Not Applicable,Not Applicable,No,Not Applicable,1475,UPI,5,4.0,3.8
2024-07-17 08:04:00,CNR1498790979,Driver Not Found,CID267915,Prime Sedan,Hosur Road,Majestic,,,Not Applicable,Not Applicable,Not Applicable,Not Applicable,344,Not Applicable,0,,
2024-07-24 09:29:00,CNR3573153762,Success,CID771694,Auto,Marathahalli,Yelahanka,154.0,125.0,Not Applicable,Not Applicable,No,Not Applicable,194,Cash,12,3.9,3.6
2024-07-24 02:04:00,CNR6918723585,Success,CID523721,Prime Plus,BTM Layout,Devanahalli,252.0,35.0,Not Applicable,Not Applicable,No,Not Applicable,885,Cash,23,3.4,3.5
2024-07-22 04:32:00,CNR5729878803,Success,CID312915,Prime Sedan,Hosur Road,HSR Layout,168.0,80.0,Not Applicable,Not Applicable,No,Not Applicable,414,Cash,22,3.2,4.8
2024-07-12 15:57:00,CNR1268382891,Success,CID968312,Prime SUV,Padmanabhanagar,Padmanabhanagar,301.0,85.0,Not Applicable,Not Applicable,No,Not Applicable,633,UPI,18,3.7,4.1
2024-07-18 23:45:00,CNR2955171195,Success,CID883723,eBike,Frazer Town,Basavanagudi,231.0,60.0,Not Applicable,Not Applicable,Yes,Customer Demand,340,UPI,45,3.1,4.1
2024-07-29 01:25:00,CNR6785596726,Success,CID440963,Bike,JP Nagar,Indiranagar,210.0,55.0,Not Applicable,Not Applicable,No,Not Applicable,312,UPI,45,4.1,3.9
2024-07-20 16:20:00,CNR6710995321,Success,CID632077,Mini,Magadi Road,Cox Town,308.0,85.0,Not Applicable,Not Applicable,No,Not Applicable,467,Cash,40,3.9,3.0
2024-07-08 06:29:00,CNR9646326151,Driver Not Found,CID403605,Mini,Hennur,Nagarbhavi,,,Not Applicable,Not Applicable,Not Applicable,Not Applicable,332,Not Applicable,0,,
2024-07-30 05:12:00,CNR4863309898,Success,CID501767,Prime Sedan,KR Puram,Frazer Town,84.0,50.0,Not Applicable,Not Applicable,No,Not Applicable,467,UPI,37,4.9,4.9
2024-07-26 10:28:00,CNR6692660831,Driver Not Found,CID666183,Mini,Frazer Town,Padmanabhanagar,,,Not Applicable,Not Applicable,Not Applicable,Not Applicable,264,Not Applicable,0,,
2024-07-02 20:40:00,CNR1012659092,Driver Not Found,CID370404,Bike,Hebbal,Sahakar Nagar,,,Not Applicable,Not Applicable,Not Applicable,Not Applicable,124,Not Applicable,0,,
2024-07-30 06:03:00,CNR7703748601,Success,CID987691,Bike,Kammanahalli,Yeshwanthpur,77.0,90.0,Not Applicable,Not Applicable,No,Not Applicable,154,UPI,22,4.6,4.4
2024-07-17 08:26:00,CNR4271795871,Canceled by Customer,CID797740,Mini,Magadi Road,Ulsoor,,,Driver is not moving towards pickup location,Not Applicable,Not Applicable,Not Applicable,232,Not Applicable,0,,
2024-07-23 14:00:00,CNR2439526755,Canceled by Customer,CID883768,Bike,Banashankari,Chickpet,,,Driver is not moving towards pickup location,Not Applicable,Not Applicable,Not Applicable,461,Not Applicable,0,,
2024-07-04 01:42:00,CNR3133719551,Canceled by Customer,CID606167,Prime Sedan,Shantinagar,Padmanabhanagar,,,Driver asked to cancel,Not Applicable,Not Applicable,Not Applicable,272,Not Applicable,0,,
2024-07-07 21:10:00,CNR6782848992,Canceled by Driver,CID454790,Auto,Frazer Town,Vijayanagar,,,Not Applicable,More than permitted people in there,Not Applicable,Not Applicable,894,Not Applicable,0,,
2024-07-24 04:47:00,CNR4066570925,Success,CID542823,Prime Plus,Koramangala,BTM Layout,259.0,145.0,Not Applicable,Not Applicable,Yes,Vehicle Breakdown,946,UPI,3,4.3,3.2
2024-07-23 10:23:00,CNR9405533547,Canceled by Customer,CID211420,Prime Plus,Hebbal,Ramamurthy Nagar,,,Driver asked to cancel,Not Applicable,Not Applicable,Not Applicable,324,Not Applicable,0,,
2024-07-01 22:40:00,CNR2392684208,Success,CID429844,Auto,Padmanabhanagar,Kengeri,105.0,35.0,Not Applicable,Not Applicable,No,Not Applicable,459,UPI,15,3.4,3.4
2024-07-18 20:13:00,CNR7306505510,Success,CID236482,Prime Sedan,Langford Town,HSR Layout,182.0,35.0,Not Applicable,Not Applicable,No,Not Applicable,487,Cash,42,4.2,3.8
2024-07-25 07:10:00,CNR8348273420,Driver Not Found,CID811988,Prime Plus,Indiranagar,Sarjapur Road,,,Not Applicable,Not Applicable,Not Applicable,Not Applicable,400,Not Applicable,0,,
2024-07-27 08:30:00,CNR2212466290,Success,CID424620,Bike,Chamarajpet,Indiranagar,112.0,65.0,Not Applicable,Not Applicable,No,Not Applicable,857,Cash,27,3.3,4.3
2024-07-24 23:59:00,CNR1537641538,Success,CID315528,Prime Plus,Yeshwanthpur,Tumkur Road,280.0,65.0,Not Applicable,Not Applicable,No,Not Applicable,509,Cash,30,4.4,3.1
2024-07-22 10:02:00,CNR9551215084,Success,CID178172,Prime Plus,Vijayanagar,Peenya,280.0,135.0,Not Applicable,Not Applicable,No,Not Applicable,411,UPI,31,4.9,3.2
2024-07-12 16:49:00,CNR1963759904,Success,CID454174,Prime SUV,Kengeri,Magadi Road,105.0,25.0,Not Applicable,Not Applicable,No,Not Applicable,453,UPI,26,3.8,3.4
2024-07-04 01:34:00,CNR9620429249,Canceled by Driver,CID496643,Prime Sedan,Whitefield,Electronic City,,,Not Applicable,More than permitted people in there,Not Applicable,Not Applicable,305,Not Applicable,0,,
2024-07-22 14:48:00,CNR4594510482,Success,CID763010,Prime Sedan,Indiranagar,Indiranagar,196.0,130.0,Not Applicable,Not Applicable,No,Not Applicable,545,Cash,46,4.4,3.2
2024-07-30 01:48:00,CNR3283049537,Success,CID155464,Prime Sedan,Varthur,Chickpet,140.0,125.0,Not Applicable,Not Applicable,No,Not Applicable,789,Debit Card,36,4.3,4.9
2024-07-01 06:33:00,CNR6803058443,Success,CID286054,Bike,Kammanahalli,Marathahalli,119.0,105.0,Not Applicable,Not Applicable,No,Not Applicable,903,Cash,41,4.7,3.9
2024-07-30 04:05:00,CNR8115096239,Success,CID653353,eBike,HSR Layout,Banashankari,140.0,130.0,Not Applicable,Not Applicable,No,Not Applicable,343,Cash,28,3.1,3.8
2024-07-16 10:53:00,CNR7899460756,Success,CID491928,Bike,Chickpet,Koramangala,196.0,35.0,Not Applicable,Not Applicable,No,Not Applicable,839,Cash,30,4.3,3.7
2024-07-16 17:15:00,CNR8646819304,Driver Not Found,CID187421,Bike,Hulimavu,MG Road,,,Not Applicable,Not Applicable,Not Applicable,Not Applicable,684,Not Applicable,0,,
2024-07-30 04:05:00,CNR9005391097,Success,CID594522,Prime Plus,Sahakar Nagar,KR Puram,266.0,65.0,Not Applicable,Not Applicable,No,Not Applicable,874,UPI,37,4.5,4.1
2024-07-17 14:31:00,CNR3990170317,Success,CID163213,Prime SUV,Rajajinagar,Hebbal,238.0,45.0,Not Applicable,Not Applicable,No,Not Applicable,1751,Cash,15,3.9,5.0
2024-07-28 22:41:00,CNR5030470067,Driver Not Found,CID852886,Prime Sedan,Yeshwanthpur,Bellandur,,,Not Applicable,Not Applicable,Not Applicable,Not Applicable,273,Not Applicable,0,,
2024-07-30 23:22:00,CNR4769748371,Success,CID228037,Prime SUV,Frazer Town,Frazer Town,287.0,50.0,Not Applicable,Not Applicable,No,Not Applicable,383,Cash,25,4.6,4.6
2024-07-30 17:04:00,CNR4251031227,Success,CID521433,Auto,Koramangala,Nagarbhavi,280.0,75.0,Not Applicable,Not Applicable,No,Not Applicable,447,UPI,10,3.0,3.4
2024-07-10 20:33:00,CNR5641090747,Canceled by Driver,CID604723,eBike,Vijayanagar,Peenya,,,Not Applicable,More than permitted people in there,Not Applicable,Not Applicable,373,Not Applicable,0,,
2024-07-08 22:26:00,CNR3669164517,Success,CID458928,Prime Sedan,Hulimavu,Majestic,266.0,100.0,Not Applicable,Not Applicable,No,Not Applicable,428,UPI,38,3.5,4.2
2024-07-08 05:05:00,CNR4656092110,Driver Not Found,CID859503,eBike,MG Road,BTM Layout,,,Not Applicable,Not Applicable,Not Applicable,Not Applicable,324,Not Applicable,0,,
2024-07-22 22:19:00,CNR8332076912,Success,CID769869,Prime SUV,KR Puram,Bellandur,301.0,125.0,Not Applicable,Not Applicable,No,Not Applicable,773,UPI,31,3.5,4.4
2024-07-24 11:08:00,CNR7365512257,Driver Not Found,CID831026,Bike,Yelahanka,Yelahanka,,,Not Applicable,Not Applicable,Not Applicable,Not Applicable,482,Not Applicable,0,,
2024-07-21 02:57:00,CNR4487311673,Success,CID622405,Bike,Malleshwaram,Hosur Road,105.0,100.0,Not Applicable,Not Applicable,No,Not Applicable,473,Cash,23,3.1,4.5
2024-07-11 16:49:00,CNR1269894301,Success,CID137308,Prime SUV,Jayanagar,Varthur,238.0,105.0,Not Applicable,Not Applicable,Yes,Vehicle Breakdown,2639,UPI,20,3.2,4.9
2024-07-07 18:49:00,CNR5306095801,Success,CID854207,Auto,Devanahalli,Koramangala,287.0,130.0,Not Applicable,Not Applicable,No,Not Applicable,705,Cash,5,4.5,3.2
2024-07-17 04:23:00,CNR1431213015,Driver Not Found,CID729483,Prime SUV,Vijayanagar,Magadi Road,,,Not Applicable,Not Applicable,Not Applicable,Not Applicable,574,Not Applicable,0,,
2024-07-03 16:26:00,CNR9835105875,Success,CID730382,Bike,Sarjapur Road,Chamarajpet,42.0,30.0,Not Applicable,Not Applicable,No,Not Applicable,390,Cash,26,3.9,3.4
2024-07-17 21:26:00,CNR5790969596,Success,CID455522,Prime Plus,Yeshwanthpur,BTM Layout,210.0,45.0,Not Applicable,Not Applicable,No,Not Applicable,202,Cash,16,4.4,3.6
2024-07-28 13:41:00,CNR5742450668,Success,CID180332,Bike,HSR Layout,Mysore Road,175.0,60.0,Not Applicable,Not Applicable,No,Not Applicable,178,UPI,24,3.7,3.4
2024-07-10 11:34:00,CNR3916896226,Success,CID476049,eBike,Devanahalli,Tumkur Road,35.0,90.0,Not Applicable,Not Applicable,No,Not Applicable,335,Cash,46,3.7,4.1
2024-07-28 11:24:00,CNR1421958199,Success,CID695300,Prime Plus,Hosur Road,Shivajinagar,231.0,80.0,Not Applicable,Not Applicable,No,Not Applicable,449,Cash,34,4.8,3.1
2024-07-28 05:30:00,CNR2298566979,Success,CID528821,Mini,Indiranagar,Kadugodi,161.0,80.0,Not Applicable,Not Applicable,No,Not Applicable,441,UPI,40,4.2,4.6
2024-07-17 04:57:00,CNR5637592025,Success,CID390234,Mini,Chamarajpet,Rajajinagar,182.0,30.0,Not Applicable,Not Applicable,No,Not Applicable,150,UPI,42,5.0,3.8
2024-07-12 18:42:00,CNR2442651735,Success,CID732499,Mini,Cox Town,Jayanagar,294.0,110.0,Not Applicable,Not Applicable,No,Not Applicable,295,Cash,40,4.6,4.2
2024-07-19 01:18:00,CNR2663216051,Canceled by Customer,CID693785,Mini,Varthur,Devanahalli,,,Driver is not moving towards pickup location,Not Applicable,Not Applicable,Not Applicable,256,Not Applicable,0,,
2024-07-04 17:53:00,CNR6441848653,Canceled by Customer,CID864018,Prime SUV,HSR Layout,Indiranagar,,,Driver is not moving towards pickup location,Not Applicable,Not Applicable,Not Applicable,179,Not Applicable,0,,
2024-07-10 23:47:00,CNR1892717603,Success,CID314310,Prime SUV,Indiranagar,Ramamurthy Nagar,84.0,110.0,Not Applicable,Not Applicable,No,Not Applicable,102,Cash,5,3.2,3.2
2024-07-07 19:26:00,CNR6398361649,Success,CID582232,Prime Plus,Banashankari,Magadi Road,210.0,120.0,Not Applicable,Not Applicable,No,Not Applicable,663,UPI,36,4.2,5.0
2024-07-20 05:29:00,CNR6908856956,Success,CID988238,Prime SUV,Sarjapur Road,Indiranagar,175.0,95.0,Not Applicable,Not Applicable,No,Not Applicable,493,Cash,5,4.7,3.6
2024-07-24 22:13:00,CNR6393598222,Success,CID920755,Auto,Bellandur,Banashankari,224.0,75.0,Not Applicable,Not Applicable,No,Not Applicable,200,UPI,3,4.4,3.4
2024-07-18 05:10:00,CNR6825847890,Driver Not Found,CID854656,Auto,Koramangala,Shivajinagar,,,Not Applicable,Not Applicable,Not Applicable,Not Applicable,350,Not Applicable,0,,
2024-07-21 07:34:00,CNR7672815300,Success,CID625351,Auto,Mysore Road,Banashankari,231.0,105.0,Not Applicable,Not Applicable,No,Not Applicable,2941,Cash,5,4.4,5.0
2024-07-27 01:59:00,CNR1974654973,Success,CID638837,eBike,Kammanahalli,Magadi Road,77.0,120.0,Not Applicable,Not Applicable,No,Not Applicable,967,Cash,28,3.6,3.0
2024-07-15 02:40:00,CNR3765159193,Success,CID563760,Bike,Shivajinagar,Shantinagar,182.0,85.0,Not Applicable,Not Applicable,No,Not Applicable,2033,Cash,48,4.2,3.3
2024-07-30 22:20:00,CNR7554123305,Success,CID375565,Mini,Vijayanagar,Vijayanagar,154.0,125.0,Not Applicable,Not Applicable,No,Not Applicable,170,Cash,5,3.5,4.5
2024-07-25 13:33:00,CNR3864695301,Success,CID827101,Auto,Hulimavu,Devanahalli,105.0,115.0,Not Applicable,Not Applicable,No,Not Applicable,112,UPI,5,4.9,4.2
2024-07-15 19:56:00,CNR5989042897,Success,CID527794,Bike,BTM Layout,Shivajinagar,245.0,105.0,Not Applicable,Not Applicable,No,Not Applicable,492,UPI,36,4.3,3.8
2024-07-12 20:10:00,CNR5835235239,Driver Not Found,CID733321,Bike,Kammanahalli,Shivajinagar,,,Not Applicable,Not Applicable,Not Applicable,Not Applicable,103,Not Applicable,0,,
2024-07-02 14:55:00,CNR3596921705,Canceled by Customer,CID547153,Auto,Rajajinagar,Kammanahalli,,,Change of plans,Not Applicable,Not Applicable,Not Applicable,108,Not Applicable,0,,
2024-07-01 14:55:00,CNR6676515262,Success,CID976224,Prime SUV,Bellandur,Hosur Road,182.0,45.0,Not Applicable,Not Applicable,No,Not Applicable,683,UPI,33,3.7,4.9
2024-07-16 05:02:00,CNR6148503243,Success,CID637829,Prime Plus,Sarjapur Road,Richmond Town,154.0,115.0,Not Applicable,Not Applicable,No,Not Applicable,222,Cash,48,4.2,3.8
2024-07-10 07:24:00,CNR7617442108,Canceled by Driver,CID971441,Bike,Majestic,Hosur Road,,,Not Applicable,Personal & Car related issue,Not Applicable,Not Applicable,798,Not Applicable,0,,
2024-07-19 08:09:00,CNR2594779111,Canceled by Customer,CID791800,Auto,Kadugodi,Basavanagudi,,,Driver is not moving towards pickup location,Not Applicable,Not Applicable,Not Applicable,754,Not Applicable,0,,
2024-07-03 14:48:00,CNR7426701897,Success,CID232085,Auto,BTM Layout,KR Puram,182.0,70.0,Not Applicable,Not Applicable,No,Not Applicable,198,Cash,9,4.4,3.4
2024-07-08 12:02:00,CNR4402934905,Success,CID331946,Auto,Peenya,Padmanabhanagar,140.0,65.0,Not Applicable,Not Applicable,No,Not Applicable,594,Cash,12,4.9,4.3
2024-07-30 11:06:00,CNR3870624041,Driver Not Found,CID558276,Auto,Bannerghatta Road,Yeshwanthpur,,,Not Applicable,Not Applicable,Not Applicable,Not Applicable,414,Not Applicable,0,,
2024-07-21 21:00:00,CNR2970820259,Success,CID770164,Prime Plus,RT Nagar,Peenya,210.0,135.0,Not Applicable,Not Applicable,No,Not Applicable,417,UPI,41,3.7,3.3
2024-07-07 22:16:00,CNR6592030354,Canceled by Driver,CID896131,Mini,Devanahalli,KR Puram,,,Not Applicable,Personal & Car related issue,Not Applicable,Not Applicable,145,Not Applicable,0,,
2024-07-15 22:42:00,CNR5396811861,Success,CID565475,eBike,Richmond Town,Majestic,245.0,140.0,Not Applicable,Not Applicable,No,Not Applicable,124,Cash,21,3.2,3.2
2024-07-17 11:14:00,CNR4292622212,Success,CID957371,Prime SUV,Frazer Town,Nagarbhavi,224.0,50.0,Not Applicable,Not Applicable,No,Not Applicable,210,Credit Card,10,5.0,4.2
2024-07-15 03:31:00,CNR8528263803,Driver Not Found,CID152194,Auto,Bellandur,Hosur Road,,,Not Applicable,Not Applicable,Not Applicable,Not Applicable,209,Not Applicable,0,,
2024-07-06 04:06:00,CNR3026151516,Canceled by Driver,CID186755,eBike,Chamarajpet,Peenya,,,Not Applicable,Customer related issue,Not Applicable,Not Applicable,102,Not Applicable,0,,
2024-07-05 08:02:00,CNR1533265509,Success,CID677560,Bike,Richmond Town,Electronic City,70.0,105.0,Not Applicable,Not Applicable,No,Not Applicable,353,UPI,39,3.0,4.5
2024-07-13 02:34:00,CNR7064093804,Success,CID180135,eBike,Hosur Road,Hebbal,70.0,120.0,Not Applicable,Not Applicable,No,Not Applicable,446,Cash,13,4.1,4.3
2024-07-27 14:46:00,CNR7081756876,Driver Not Found,CID326985,Auto,Rajarajeshwari Nagar,Ulsoor,,,Not Applicable,Not Applicable,Not Applicable,Not Applicable,726,Not Applicable,0,,
2024-07-14 11:21:00,CNR8572068426,Success,CID462462,Prime SUV,Whitefield,Yelahanka,77.0,120.0,Not Applicable,Not Applicable,No,Not Applicable,1982,UPI,46,3.7,3.8
2024-07-12 18:12:00,CNR8314599311,Success,CID905161,Bike,MG Road,Jayanagar,77.0,65.0,Not Applicable,Not Applicable,No,Not Applicable,333,UPI,20,4.8,4.3
2024-07-16 16:37:00,CNR5348784774,Canceled by Driver,CID236626,Bike,Indiranagar,Frazer Town,,,Not Applicable,Customer was coughing/sick,Not Applicable,Not Applicable,224,Not Applicable,0,,
2024-07-05 01:46:00,CNR6413493171,Canceled by Driver,CID810991,Prime Plus,JP Nagar,Frazer Town,,,Not Applicable,Customer related issue,Not Applicable,Not Applicable,331,Not Applicable,0,,
2024-07-04 03:28:00,CNR8733381892,Success,CID182545,Prime Plus,Ulsoor,Marathahalli,203.0,95.0,Not Applicable,Not Applicable,No,Not Applicable,926,Cash,39,4.9,3.4
2024-07-16 19:01:00,CNR9988077025,Canceled by Customer,CID208714,Prime SUV,Jayanagar,Banashankari,,,Driver is not moving towards pickup location,Not Applicable,Not Applicable,Not Applicable,450,Not Applicable,0,,
2024-07-09 15:57:00,CNR9327354816,Success,CID494561,Prime SUV,Rajarajeshwari Nagar,Rajajinagar,196.0,65.0,Not Applicable,Not Applicable,No,Not Applicable,806,UPI,25,4.8,4.4
2024-07-26 12:47:00,CNR7491729510,Success,CID895914,Mini,Indiranagar,Varthur,252.0,120.0,Not Applicable,Not Applicable,No,Not Applicable,1886,Credit Card,31,4.1,3.7
2024-07-16 00:38:00,CNR5957886979,Canceled by Customer,CID918415,Prime Plus,HSR Layout,Mysore Road,,,Wrong Address,Not Applicable,Not Applicable,Not Applicable,335,Not Applicable,0,,
2024-07-19 11:29:00,CNR8765513916,Success,CID686368,Bike,Tumkur Road,Whitefield,77.0,55.0,Not Applicable,Not Applicable,No,Not Applicable,119,UPI,12,4.7,4.5
2024-07-09 17:49:00,CNR2191906802,Success,CID297751,Auto,Majestic,Electronic City,98.0,65.0,Not Applicable,Not Applicable,No,Not Applicable,176,Cash,4,4.6,4.8
2024-07-02 21:50:00,CNR3123361810,Success,CID681720,Prime Sedan,Tumkur Road,Koramangala,84.0,70.0,Not Applicable,Not Applicable,No,Not Applicable,175,Cash,14,3.8,4.8
2024-07-26 13:16:00,CNR2077268840,Success,CID546260,Mini,Hebbal,Sahakar Nagar,231.0,125.0,Not Applicable,Not Applicable,No,Not Applicable,2114,Cash,8,3.3,3.6
2024-07-06 15:25:00,CNR4915441989,Canceled by Customer,CID509309,Auto,HSR Layout,JP Nagar,,,Driver is not moving towards pickup location,Not Applicable,Not Applicable,Not Applicable,700,Not Applicable,0,,
2024-07-27 04:04:00,CNR2174211237,Success,CID491406,Prime Plus,Rajarajeshwari Nagar,Basavanagudi,287.0,75.0,Not Applicable,Not Applicable,No,Not Applicable,857,Cash,24,4.5,4.6
2024-07-15 11:44:00,CNR8387342574,Success,CID815110,Prime Plus,Ramamurthy Nagar,Langford Town,287.0,125.0,Not Applicable,Not Applicable,No,Not Applicable,350,Cash,6,3.9,4.8
2024-07-13 19:35:00,CNR4963217870,Success,CID135620,Auto,Ramamurthy Nagar,Magadi Road,182.0,120.0,Not Applicable,Not Applicable,No,Not Applicable,137,Cash,15,3.7,3.8
2024-07-14 05:43:00,CNR5316051124,Success,CID229111,Bike,Peenya,Devanahalli,98.0,120.0,Not Applicable,Not Applicable,No,Not Applicable,212,UPI,41,3.8,4.6
2024-07-03 03:11:00,CNR6494456987,Success,CID395158,Prime SUV,Devanahalli,BTM Layout,196.0,50.0,Not Applicable,Not Applicable,No,Not Applicable,411,Credit Card,14,4.9,3.8
2024-07-18 16:26:00,CNR9954491295,Success,CID321363,eBike,HSR Layout,Majestic,35.0,45.0,Not Applicable,Not Applicable,No,Not Applicable,329,UPI,1,3.4,3.1
2024-07-14 10:25:00,CNR5221153393,Success,CID823699,Prime SUV,Ramamurthy Nagar,Nagarbhavi,189.0,30.0,Not Applicable,Not Applicable,No,Not Applicable,906,UPI,35,4.9,3.7
2024-07-13 10:16:00,CNR9668293405,Success,CID239380,eBike,Sahakar Nagar,Basavanagudi,77.0,125.0,Not Applicable,Not Applicable,No,Not Applicable,180,Cash,18,4.1,4.9
2024-07-04 17:50:00,CNR5614299630,Success,CID239581,Bike,Rajajinagar,Chickpet,154.0,115.0,Not Applicable,Not Applicable,No,Not Applicable,362,UPI,32,4.1,3.4
2024-07-16 03:35:00,CNR4044240746,Canceled by Driver,CID902893,Auto,Ulsoor,Frazer Town,,,Not Applicable,More than permitted people in there,Not Applicable,Not Applicable,106,Not Applicable,0,,
2024-07-29 01:09:00,CNR5854308528,Driver Not Found,CID128323,Prime SUV,Rajajinagar,Chickpet,,,Not Applicable,Not Applicable,Not Applicable,Not Applicable,318,Not Applicable,0,,
2024-07-23 01:57:00,CNR9747923251,Canceled by Driver,CID395292,eBike,Shantinagar,Chickpet,,,Not Applicable,Customer related issue,Not Applicable,Not Applicable,176,Not Applicable,0,,
2024-07-23 00:26:00,CNR6504546484,Success,CID297959,Prime SUV,Indiranagar,Kadugodi,63.0,110.0,Not Applicable,Not Applicable,No,Not Applicable,163,Cash,42,4.2,3.3
2024-07-29 01:01:00,CNR6742317101,Driver Not Found,CID538310,eBike,Kengeri,Yeshwanthpur,,,Not Applicable,Not Applicable,Not Applicable,Not Applicable,358,Not Applicable,0,,
2024-07-08 12:37:00,CNR7284585905,Driver Not Found,CID832433,eBike,Yeshwanthpur,Bellandur,,,Not Applicable,Not Applicable,Not Applicable,Not Applicable,492,Not Applicable,0,,
2024-07-11 14:29:00,CNR2418482408,Success,CID719168,Bike,Bellandur,Yelahanka,147.0,35.0,Not Applicable,Not Applicable,No,Not Applicable,516,Cash,35,4.9,3.7
2024-07-10 19:51:00,CNR9696232216,Driver Not Found,CID712594,Mini,Kammanahalli,Yeshwanthpur,,,Not Applicable,Not Applicable,Not Applicable,Not Applicable,311,Not Applicable,0,,
2024-07-27 15:10:00,CNR2380925051,Success,CID148027,Auto,Majestic,BTM Layout,175.0,75.0,Not Applicable,Not Applicable,No,Not Applicable,244,Cash,16,4.6,4.7
2024-07-28 18:29:00,CNR7887528759,Canceled by Driver,CID908126,Prime Sedan,Peenya,Frazer Town,,,Not Applicable,More than permitted people in there,Not Applicable,Not Applicable,345,Not Applicable,0,,
2024-07-30 13:05:00,CNR2401377934,Success,CID330424,Prime SUV,Tumkur Road,Jayanagar,168.0,95.0,Not Applicable,Not Applicable,No,Not Applicable,916,UPI,48,3.3,4.6
2024-07-21 08:15:00,CNR1231620897,Success,CID897265,Mini,Kadugodi,Rajajinagar,252.0,105.0,Not Applicable,Not Applicable,No,Not Applicable,267,UPI,40,4.3,4.4
2024-07-14 20:32:00,CNR8823787704,Canceled by Driver,CID228661,Mini,Rajarajeshwari Nagar,Padmanabhanagar,,,Not Applicable,More than permitted people in there,Not Applicable,Not Applicable,473,Not Applicable,0,,
2024-07-20 22:05:00,CNR3912108473,Success,CID769242,Auto,Kengeri,Rajarajeshwari Nagar,56.0,140.0,Not Applicable,Not Applicable,No,Not Applicable,249,UPI,19,4.2,4.1
2024-07-19 11:15:00,CNR5236117888,Canceled by Driver,CID712457,Auto,Rajajinagar,Bannerghatta Road,,,Not Applicable,Customer related issue,Not Applicable,Not Applicable,527,Not Applicable,0,,
2024-07-19 08:37:00,CNR5432630395,Canceled by Driver,CID873090,Mini,Koramangala,Padmanabhanagar,,,Not Applicable,More than permitted people in there,Not Applicable,Not Applicable,695,Not Applicable,0,,
2024-07-22 18:27:00,CNR3672685396,Canceled by Customer,CID556074,Bike,Shivajinagar,Kadugodi,,,Change of plans,Not Applicable,Not Applicable,Not Applicable,435,Not Applicable,0,,
2024-07-15 22:13:00,CNR5617020935,Canceled by Driver,CID912520,Prime Plus,Yeshwanthpur,HSR Layout,,,Not Applicable,Customer related issue,Not Applicable,Not Applicable,253,Not Applicable,0,,
2024-07-07 14:54:00,CNR6668057913,Success,CID733801,Prime Sedan,Bellandur,KR Puram,308.0,135.0,Not Applicable,Not Applicable,No,Not Applicable,263,Cash,12,3.7,3.5
2024-07-08 23:50:00,CNR7522405281,Canceled by Driver,CID856733,Prime Plus,Chickpet,BTM Layout,,,Not Applicable,Personal & Car related issue,Not Applicable,Not Applicable,411,Not Applicable,0,,
2024-07-08 21:30:00,CNR4373366046,Success,CID840939,Mini,Hebbal,HSR Layout,140.0,70.0,Not Applicable,Not Applicable,No,Not Applicable,205,Cash,1,3.3,4.2
2024-07-15 21:56:00,CNR7151359959,Driver Not Found,CID219595,Mini,Hulimavu,Indiranagar,,,Not Applicable,Not Applicable,Not Applicable,Not Applicable,314,Not Applicable,0,,
2024-07-24 15:44:00,CNR8811746809,Success,CID450664,Bike,KR Puram,Padmanabhanagar,266.0,50.0,Not Applicable,Not Applicable,No,Not Applicable,206,UPI,49,4.0,3.3
2024-07-05 11:20:00,CNR1240724838,Success,CID515044,Auto,Bellandur,BTM Layout,175.0,55.0,Not Applicable,Not Applicable,No,Not Applicable,136,UPI,14,4.6,4.1
2024-07-25 14:54:00,CNR6018549071,Success,CID252005,Auto,KR Puram,Varthur,308.0,90.0,Not Applicable,Not Applicable,No,Not Applicable,722,UPI,5,3.6,4.9
2024-07-05 02:31:00,CNR5645021094,Driver Not Found,CID927893,Prime Sedan,Chickpet,Chickpet,,,Not Applicable,Not Applicable,Not Applicable,Not Applicable,118,Not Applicable,0,,
2024-07-27 03:52:00,CNR2586605514,Canceled by Customer,CID739907,Auto,Kadugodi,Shantinagar,,,Driver asked to cancel,Not Applicable,Not Applicable,Not Applicable,168,Not Applicable,0,,
2024-07-07 16:24:00,CNR5385106814,Success,CID962272,Prime SUV,Hosur Road,Devanahalli,252.0,120.0,Not Applicable,Not Applicable,No,Not Applicable,313,Cash,16,3.6,3.4
2024-07-29 15:31:00,CNR8079288370,Success,CID171635,eBike,Sahakar Nagar,Frazer Town,224.0,125.0,Not Applicable,Not Applicable,No,Not Applicable,104,Cash,6,4.4,4.9
2024-07-25 20:02:00,CNR4484821570,Canceled by Customer,CID228155,Mini,Devanahalli,Shivajinagar,,,AC is Not working,Not Applicable,Not Applicable,Not Applicable,1723,Not Applicable,0,,
2024-07-08 01:20:00,CNR5444290863,Success,CID248765,Prime SUV,Ulsoor,Richmond Town,77.0,140.0,Not Applicable,Not Applicable,No,Not Applicable,368,UPI,42,4.9,4.0
2024-07-21 01:38:00,CNR5003954150,Success,CID881680,Bike,Ulsoor,Hebbal,224.0,100.0,Not Applicable,Not Applicable,Yes,Customer Demand,1168,UPI,49,3.8,4.1
2024-07-19 01:59:00,CNR3821713779,Success,CID391264,Prime Sedan,Hulimavu,Sahakar Nagar,245.0,80.0,Not Applicable,Not Applicable,No,Not Applicable,297,Cash,30,3.4,4.4
2024-07-24 05:13:00,CNR6260653247,Success,CID345583,Prime Sedan,Hennur,Ramamurthy Nagar,147.0,90.0,Not Applicable,Not Applicable,No,Not Applicable,641,UPI,15,4.9,3.2
2024-07-20 07:04:00,CNR8182700211,Canceled by Driver,CID321059,Prime SUV,Cox Town,Cox Town,,,Not Applicable,Personal & Car related issue,Not Applicable,Not Applicable,385,Not Applicable,0,,
2024-07-27 00:26:00,CNR2712130604,Success,CID712546,Mini,Whitefield,Kengeri,70.0,145.0,Not Applicable,Not Applicable,No,Not Applicable,153,Cash,21,4.9,4.7
2024-07-19 14:43:00,CNR4928802832,Canceled by Customer,CID500474,Prime Plus,Sarjapur Road,Chamarajpet,,,Driver is not moving towards pickup location,Not Applicable,Not Applicable,Not Applicable,248,Not Applicable,0,,
2024-07-21 04:19:00,CNR7931332542,Driver Not Found,CID484174,Bike,Cox Town,JP Nagar,,,Not Applicable,Not Applicable,Not Applicable,Not Applicable,510,Not Applicable,0,,
2024-07-15 04:31:00,CNR4847909470,Success,CID323864,Auto,MG Road,Kengeri,147.0,75.0,Not Applicable,Not Applicable,No,Not Applicable,276,Cash,9,3.3,3.5
2024-07-08 19:47:00,CNR1572339360,Success,CID874849,Prime SUV,Basavanagudi,Hosur Road,161.0,100.0,Not Applicable,Not Applicable,No,Not Applicable,1640,UPI,15,3.2,4.3
2024-07-08 01:02:00,CNR7830287303,Success,CID134389,Prime SUV,Basavanagudi,Tumkur Road,210.0,85.0,Not Applicable,Not Applicable,No,Not Applicable,170,UPI,15,4.9,4.1
2024-07-04 03:57:00,CNR7573077726,Success,CID983214,eBike,Langford Town,Kammanahalli,56.0,115.0,Not Applicable,Not Applicable,No,Not Applicable,383,Cash,6,3.4,3.1
2024-07-21 10:30:00,CNR1425701954,Canceled by Customer,CID270536,Auto,Langford Town,Kengeri,,,Driver asked to cancel,Not Applicable,Not Applicable,Not Applicable,305,Not Applicable,0,,
2024-07-15 21:29:00,CNR7845014211,Success,CID721645,Prime Plus,Hennur,Rajarajeshwari Nagar,280.0,45.0,Not Applicable,Not Applicable,No,Not Applicable,890,UPI,14,3.9,4.6
2024-07-08 07:25:00,CNR3765456652,Success,CID570683,Auto,Varthur,Ramamurthy Nagar,196.0,55.0,Not Applicable,Not Applicable,No,Not Applicable,840,UPI,11,4.5,3.5
2024-07-29 12:23:00,CNR7832614129,Driver Not Found,CID180779,eBike,Vijayanagar,Tumkur Road,,,Not Applicable,Not Applicable,Not Applicable,Not Applicable,176,Not Applicable,0,,
2024-07-03 00:50:00,CNR4978795529,Success,CID466236,Prime SUV,Marathahalli,Vijayanagar,133.0,110.0,Not Applicable,Not Applicable,No,Not Applicable,580,UPI,4,3.7,4.5
2024-07-24 17:43:00,CNR2140945693,Driver Not Found,CID451655,Bike,Jayanagar,Yelahanka,,,Not Applicable,Not Applicable,Not Applicable,Not Applicable,895,Not Applicable,0,,
2024-07-17 09:31:00,CNR6624112040,Success,CID302707,eBike,JP Nagar,Malleshwaram,147.0,85.0,Not Applicable,Not Applicable,No,Not Applicable,381,Cash,16,3.5,3.3
2024-07-27 18:06:00,CNR2043406349,Driver Not Found,CID690157,Bike,Hebbal,Padmanabhanagar,,,Not Applicable,Not Applicable,Not Applicable,Not Applicable,328,Not Applicable,0,,
2024-07-30 11:03:00,CNR5515303399,Canceled by Customer,CID514779,Prime SUV,Kammanahalli,Nagarbhavi,,,Driver asked to cancel,Not Applicable,Not Applicable,Not Applicable,371,Not Applicable,0,,
2024-07-04 09:27:00,CNR7722859111,Canceled by Customer,CID827328,eBike,Ramamurthy Nagar,Hosur Road,,,Driver asked to cancel,Not Applicable,Not Applicable,Not Applicable,730,Not Applicable,0,,
2024-07-07 08:31:00,CNR4497057857,Canceled by Driver,CID876658,Prime Plus,Sarjapur Road,Sahakar Nagar,,,Not Applicable,Customer was coughing/sick,Not Applicable,Not Applicable,971,Not Applicable,0,,
2024-07-30 08:49:00,CNR3493309875,Success,CID453692,Auto,Banashankari,Electronic City,56.0,105.0,Not Applicable,Not Applicable,No,Not Applicable,165,UPI,6,3.5,4.9
2024-07-20 17:36:00,CNR9058740560,Canceled by Customer,CID414344,eBike,RT Nagar,Sahakar Nagar,,,Driver is not moving towards pickup location,Not Applicable,Not Applicable,Not Applicable,375,Not Applicable,0,,
2024-07-17 23:01:00,CNR6969216344,Success,CID869642,Prime Sedan,Mysore Road,Vijayanagar,189.0,55.0,Not Applicable,Not Applicable,No,Not Applicable,930,UPI,1,4.4,4.1
2024-07-16 18:49:00,CNR7506355717,Canceled by Driver,CID122154,Prime Plus,Jayanagar,Mysore Road,,,Not Applicable,Customer related issue,Not Applicable,Not Applicable,786,Not Applicable,0,,
2024-07-01 02:29:00,CNR1917624445,Canceled by Driver,CID552205,Prime Sedan,Whitefield,Cox Town,,,Not Applicable,More than permitted people in there,Not Applicable,Not Applicable,330,Not Applicable,0,,
2024-07-09 23:52:00,CNR8774059720,Success,CID161030,Bike,Hosur Road,KR Puram,175.0,25.0,Not Applicable,Not Applicable,No,Not Applicable,250,Cash,2,3.6,3.5
2024-07-01 14:03:00,CNR1599822530,Success,CID445959,Mini,Sahakar Nagar,Langford Town,224.0,105.0,Not Applicable,Not Applicable,No,Not Applicable,128,UPI,24,3.9,3.1
2024-07-28 13:23:00,CNR4894553735,Canceled by Customer,CID294784,Prime Sedan,Magadi Road,Bannerghatta Road,,,Driver asked to cancel,Not Applicable,Not Applicable,Not Applicable,121,Not Applicable,0,,
2024-07-24 00:10:00,CNR3278581679,Success,CID649387,Mini,Electronic City,Marathahalli,98.0,130.0,Not Applicable,Not Applicable,No,Not Applicable,263,UPI,26,4.5,4.8
2024-07-06 01:23:00,CNR5402359990,Success,CID944215,Prime Sedan,Devanahalli,Ulsoor,210.0,65.0,Not Applicable,Not Applicable,No,Not Applicable,216,UPI,46,3.0,3.5
2024-07-08 03:14:00,CNR8358219873,Success,CID742729,eBike,Jayanagar,RT Nagar,140.0,145.0,Not Applicable,Not Applicable,No,Not Applicable,493,UPI,47,4.5,3.8
2024-07-02 18:53:00,CNR4438083678,Success,CID394099,Prime Sedan,RT Nagar,Cox Town,217.0,50.0,Not Applicable,Not Applicable,No,Not Applicable,462,UPI,33,3.1,3.7
2024-07-17 16:36:00,CNR7528587067,Success,CID480069,Prime Plus,Mysore Road,Malleshwaram,287.0,80.0,Not Applicable,Not Applicable,No,Not Applicable,115,UPI,19,3.2,3.6
2024-07-28 14:09:00,CNR7451722737,Success,CID686911,Mini,Koramangala,Shivajinagar,238.0,125.0,Not Applicable,Not Applicable,No,Not Applicable,1720,Cash,43,4.0,4.6
2024-07-01 04:17:00,CNR2571923575,Canceled by Driver,CID663749,Prime Sedan,Marathahalli,Vijayanagar,,,Not Applicable,More than permitted people in there,Not Applicable,Not Applicable,786,Not Applicable,0,,
2024-07-16 07:59:00,CNR4686326859,Success,CID665028,Prime Sedan,Frazer Town,Banashankari,70.0,90.0,Not Applicable,Not Applicable,No,Not Applicable,1067,Cash,45,3.2,3.7
2024-07-07 21:31:00,CNR9464306870,Success,CID580751,Bike,Ramamurthy Nagar,Indiranagar,203.0,80.0,Not Applicable,Not Applicable,No,Not Applicable,395,UPI,48,3.9,4.0
2024-07-04 00:46:00,CNR4793178390,Canceled by Customer,CID706034,eBike,Whitefield,Magadi Road,,,AC is Not working,Not Applicable,Not Applicable,Not Applicable,417,Not Applicable,0,,
2024-07-15 00:09:00,CNR3540382141,Success,CID306104,Prime Sedan,Hosur Road,Koramangala,119.0,135.0,Not Applicable,Not Applicable,No,Not Applicable,376,Cash,6,4.2,3.1
2024-07-23 12:05:00,CNR8946179992,Canceled by Driver,CID353261,eBike,Hennur,Varthur,,,Not Applicable,Customer was coughing/sick,Not Applicable,Not Applicable,246,Not Applicable,0,,
2024-07-02 19:06:00,CNR5098540061,Success,CID465309,Mini,Sarjapur Road,Basavanagudi,287.0,105.0,Not Applicable,Not Applicable,No,Not Applicable,207,Cash,9,4.4,4.6
2024-07-26 18:30:00,CNR8288524533,Success,CID198899,Mini,Sarjapur Road,Kengeri,294.0,120.0,Not Applicable,Not Applicable,No,Not Applicable,396,Credit Card,10,3.2,4.9
2024-07-03 21:26:00,CNR9423180787,Canceled by Customer,CID495064,Prime SUV,Majestic,Varthur,,,Change of plans,Not Applicable,Not Applicable,Not Applicable,210,Not Applicable,0,,
2024-07-04 06:19:00,CNR5064414810,Driver Not Found,CID929960,Bike,RT Nagar,Tumkur Road,,,Not Applicable,Not Applicable,Not Applicable,Not Applicable,723,Not Applicable,0,,
2024-07-23 08:24:00,CNR1070743553,Success,CID178940,Mini,BTM Layout,Ulsoor,308.0,135.0,Not Applicable,Not Applicable,No,Not Applicable,254,UPI,37,4.2,4.7
2024-07-13 03:47:00,CNR8054102938,Driver Not Found,CID839850,Prime SUV,Kengeri,JP Nagar,,,Not Applicable,Not Applicable,Not Applicable,Not Applicable,1938,Not Applicable,0,,
2024-07-16 08:24:00,CNR2546209216,Canceled by Driver,CID146838,Auto,Bellandur,Banashankari,,,Not Applicable,Customer was coughing/sick,Not Applicable,Not Applicable,491,Not Applicable,0,,
2024-07-13 14:37:00,CNR6175032513,Success,CID155471,Prime Plus,Marathahalli,Peenya,287.0,35.0,Not Applicable,Not Applicable,No,Not Applicable,295,Cash,39,4.2,3.1
2024-07-06 10:49:00,CNR2931781304,Canceled by Driver,CID300878,Mini,Varthur,Kammanahalli,,,Not Applicable,Personal & Car related issue,Not Applicable,Not Applicable,337,Not Applicable,0,,
2024-07-03 08:35:00,CNR1387505327,Success,CID866135,Prime Plus,Ulsoor,Devanahalli,245.0,60.0,Not Applicable,Not Applicable,No,Not Applicable,256,Cash,34,3.9,4.8
2024-07-02 16:57:00,CNR2999898804,Driver Not Found,CID799118,eBike,Basavanagudi,Frazer Town,,,Not Applicable,Not Applicable,Not Applicable,Not Applicable,2641,Not Applicable,0,,
2024-07-26 05:22:00,CNR1256740312,Success,CID999095,Mini,Yelahanka,JP Nagar,245.0,100.0,Not Applicable,Not Applicable,No,Not Applicable,391,Cash,42,4.2,4.0
2024-07-03 11:11:00,CNR6814760465,Success,CID617325,Bike,Marathahalli,Jayanagar,301.0,110.0,Not Applicable,Not Applicable,No,Not Applicable,304,Cash,37,3.4,4.9
2024-07-04 08:03:00,CNR6799501244,Success,CID213288,Bike,JP Nagar,RT Nagar,161.0,115.0,Not Applicable,Not Applicable,No,Not Applicable,218,Cash,38,4.1,4.0
2024-07-11 13:38:00,CNR3586435098,Success,CID361177,Prime Sedan,Langford Town,KR Puram,35.0,105.0,Not Applicable,Not Applicable,No,Not Applicable,211,Cash,37,3.2,3.7
2024-07-16 06:46:00,CNR1153840789,Success,CID995759,Prime Sedan,Yeshwanthpur,Yeshwanthpur,301.0,50.0,Not Applicable,Not Applicable,No,Not Applicable,273,Cash,44,4.4,3.1
2024-07-23 08:01:00,CNR1062048282,Success,CID293475,Prime SUV,Shivajinagar,RT Nagar,196.0,115.0,Not Applicable,Not Applicable,No,Not Applicable,434,Cash,17,4.2,4.3
2024-07-07 16:53:00,CNR5553518140,Canceled by Driver,CID779109,Prime Sedan,Nagarbhavi,BTM Layout,,,Not Applicable,Personal & Car related issue,Not Applicable,Not Applicable,304,Not Applicable,0,,
2024-07-24 05:23:00,CNR7731536773,Success,CID669933,Mini,Chamarajpet,Chickpet,245.0,70.0,Not Applicable,Not Applicable,No,Not Applicable,154,Debit Card,11,3.2,4.2
2024-07-12 08:35:00,CNR7987503909,Success,CID733466,Prime Plus,Langford Town,Padmanabhanagar,217.0,120.0,Not Applicable,Not Applicable,No,Not Applicable,255,Cash,34,3.1,4.4
2024-07-25 01:26:00,CNR3393633642,Success,CID252076,Prime SUV,MG Road,Ulsoor,63.0,115.0,Not Applicable,Not Applicable,No,Not Applicable,282,Cash,5,4.0,4.7
2024-07-10 00:38:00,CNR9315100091,Success,CID776392,Prime Plus,Ramamurthy Nagar,Tumkur Road,154.0,30.0,Not Applicable,Not Applicable,Yes,Customer Demand,265,Cash,22,3.7,4.9
2024-07-30 21:44:00,CNR4590185128,Success,CID241153,Auto,Shantinagar,KR Puram,301.0,140.0,Not Applicable,Not Applicable,No,Not Applicable,502,Cash,11,3.2,4.0
2024-07-22 04:39:00,CNR3453921037,Success,CID977447,Mini,Rajarajeshwari Nagar,Hennur,168.0,90.0,Not Applicable,Not Applicable,No,Not Applicable,182,UPI,36,4.2,3.7
2024-07-12 00:25:00,CNR6643903679,Canceled by Driver,CID635665,Prime Sedan,Rajajinagar,Ulsoor,,,Not Applicable,Customer was coughing/sick,Not Applicable,Not Applicable,927,Not Applicable,0,,
2024-07-16 12:58:00,CNR2928740254,Success,CID664592,Prime Plus,Yeshwanthpur,Padmanabhanagar,189.0,145.0,Not Applicable,Not Applicable,No,Not Applicable,551,Cash,33,4.9,4.1
2024-07-11 17:20:00,CNR9665306180,Success,CID794740,eBike,Rajajinagar,Shivajinagar,154.0,135.0,Not Applicable,Not Applicable,No,Not Applicable,452,Cash,33,4.5,4.1
2024-07-13 16:01:00,CNR9620732822,Success,CID412288,Mini,Sarjapur Road,Rajajinagar,49.0,65.0,Not Applicable,Not Applicable,No,Not Applicable,896,UPI,20,3.5,4.9
2024-07-01 18:20:00,CNR3557427916,Success,CID849718,Prime Sedan,Devanahalli,Devanahalli,308.0,145.0,Not Applicable,Not Applicable,No,Not Applicable,272,UPI,6,4.5,3.3
2024-07-08 00:07:00,CNR6395145984,Success,CID238854,eBike,Marathahalli,Richmond Town,273.0,25.0,Not Applicable,Not Applicable,No,Not Applicable,789,Cash,36,4.2,3.8
2024-07-14 03:01:00,CNR2279098469,Success,CID855535,Bike,HSR Layout,Ramamurthy Nagar,133.0,105.0,Not Applicable,Not Applicable,No,Not Applicable,985,Cash,28,3.2,3.5
2024-07-20 01:42:00,CNR7330724474,Success,CID420160,Prime Plus,Electronic City,Yeshwanthpur,308.0,35.0,Not Applicable,Not Applicable,No,Not Applicable,478,UPI,26,3.8,4.8
2024-07-13 04:18:00,CNR1829502184,Success,CID615431,Auto,Rajajinagar,Marathahalli,70.0,30.0,Not Applicable,Not Applicable,No,Not Applicable,227,UPI,8,4.1,3.2
2024-07-18 06:15:00,CNR9305271030,Canceled by Driver,CID183369,eBike,Padmanabhanagar,JP Nagar,,,Not Applicable,Customer was coughing/sick,Not Applicable,Not Applicable,889,Not Applicable,0,,
2024-07-10 18:44:00,CNR5840469548,Success,CID841035,Prime SUV,Sahakar Nagar,Richmond Town,196.0,140.0,Not Applicable,Not Applicable,No,Not Applicable,262,UPI,7,3.2,4.1
2024-07-29 09:35:00,CNR9760316906,Canceled by Driver,CID382580,eBike,Cox Town,Magadi Road,,,Not Applicable,Personal & Car related issue,Not Applicable,Not Applicable,631,Not Applicable,0,,
2024-07-23 14:58:00,CNR8238413497,Success,CID156311,Prime SUV,Frazer Town,Varthur,154.0,90.0,Not Applicable,Not Applicable,No,Not Applicable,327,Cash,36,3.0,4.2
2024-07-24 02:48:00,CNR5957084087,Driver Not Found,CID878521,eBike,BTM Layout,Ulsoor,,,Not Applicable,Not Applicable,Not Applicable,Not Applicable,280,Not Applicable,0,,
2024-07-03 04:18:00,CNR3250582253,Success,CID191663,Auto,Padmanabhanagar,Bannerghatta Road,308.0,60.0,Not Applicable,Not Applicable,No,Not Applicable,465,Cash,4,3.2,3.9
2024-07-23 01:24:00,CNR6439602675,Canceled by Driver,CID171194,Auto,Chamarajpet,Bellandur,,,Not Applicable,Personal & Car related issue,Not Applicable,Not Applicable,121,Not Applicable,0,,
2024-07-28 11:32:00,CNR5591148568,Success,CID453423,Prime SUV,Kadugodi,Yelahanka,63.0,90.0,Not Applicable,Not Applicable,No,Not Applicable,278,Cash,12,3.9,4.2
2024-07-26 21:06:00,CNR3021211243,Canceled by Customer,CID576597,Prime Plus,Langford Town,Kadugodi,,,Driver asked to cancel,Not Applicable,Not Applicable,Not Applicable,923,Not Applicable,0,,
2024-07-02 03:13:00,CNR4035710697,Success,CID547227,eBike,Koramangala,Electronic City,287.0,30.0,Not Applicable,Not Applicable,No,Not Applicable,2031,Cash,25,3.4,5.0
2024-07-04 01:49:00,CNR1626542960,Canceled by Customer,CID167427,Prime Plus,Varthur,Frazer Town,,,Driver is not moving towards pickup location,Not Applicable,Not Applicable,Not Applicable,172,Not Applicable,0,,
2024-07-10 00:08:00,CNR5422871778,Success,CID292518,eBike,Kammanahalli,Cox Town,42.0,40.0,Not Applicable,Not Applicable,Yes,Customer Demand,938,UPI,47,4.4,5.0
2024-07-28 11:07:00,CNR2589301755,Canceled by Driver,CID693135,Prime Plus,Devanahalli,JP Nagar,,,Not Applicable,Customer related issue,Not Applicable,Not Applicable,245,Not Applicable,0,,
2024-07-24 14:37:00,CNR2146816366,Canceled by Driver,CID936021,Prime SUV,Bannerghatta Road,Magadi Road,,,Not Applicable,Customer related issue,Not Applicable,Not Applicable,454,Not Applicable,0,,
2024-07-03 00:49:00,CNR2233936265,Canceled by Customer,CID925133,Auto,Jayanagar,Jayanagar,,,Change of plans,Not Applicable,Not Applicable,Not Applicable,911,Not Applicable,0,,
2024-07-27 11:08:00,CNR6749583899,Success,CID133608,Bike,Indiranagar,Devanahalli,294.0,35.0,Not Applicable,Not Applicable,No,Not Applicable,905,Cash,29,3.4,3.1
2024-07-22 03:32:00,CNR1954879346,Driver Not Found,CID403982,Auto,Electronic City,Kammanahalli,,,Not Applicable,Not Applicable,Not Applicable,Not Applicable,340,Not Applicable,0,,
2024-07-28 07:18:00,CNR4569468106,Driver Not Found,CID385845,Prime Sedan,RT Nagar,Shivajinagar,,,Not Applicable,Not Applicable,Not Applicable,Not Applicable,508,Not Applicable,0,,
2024-07-18 17:09:00,CNR9454080357,Success,CID903356,eBike,Indiranagar,Majestic,245.0,145.0,Not Applicable,Not Applicable,No,Not Applicable,163,UPI,1,4.5,3.9
2024-07-23 20:04:00,CNR1854271017,Success,CID149836,Auto,Marathahalli,BTM Layout,245.0,45.0,Not Applicable,Not Applicable,No,Not Applicable,226,Cash,8,3.8,4.1
2024-07-30 22:27:00,CNR6323114483,Success,CID389571,Prime Plus,Banashankari,Sahakar Nagar,238.0,135.0,Not Applicable,Not Applicable,No,Not Applicable,465,UPI,37,4.0,4.2
2024-07-14 21:48:00,CNR9194648991,Success,CID873675,Auto,Frazer Town,Hosur Road,210.0,25.0,Not Applicable,Not Applicable,Yes,Vehicle Breakdown,288,Cash,16,3.4,4.5
2024-07-30 19:34:00,CNR9650628026,Success,CID127068,Prime SUV,RT Nagar,Malleshwaram,266.0,80.0,Not Applicable,Not Applicable,Yes,Vehicle Breakdown,448,Cash,24,3.7,3.3
2024-07-30 10:40:00,CNR8196661658,Canceled by Driver,CID159791,Prime Plus,RT Nagar,Yeshwanthpur,,,Not Applicable,Personal & Car related issue,Not Applicable,Not Applicable,238,Not Applicable,0,,
2024-07-18 05:19:00,CNR4182900065,Canceled by Driver,CID715332,eBike,Chamarajpet,Ramamurthy Nagar,,,Not Applicable,Customer related issue,Not Applicable,Not Applicable,197,Not Applicable,0,,
2024-07-19 02:46:00,CNR4695301430,Canceled by Customer,CID394844,Prime Plus,Bellandur,Kengeri,,,Driver asked to cancel,Not Applicable,Not Applicable,Not Applicable,357,Not Applicable,0,,
2024-07-24 10:29:00,CNR9407747801,Canceled by Customer,CID823566,Mini,Kengeri,Sarjapur Road,,,Driver is not moving towards pickup location,Not Applicable,Not Applicable,Not Applicable,342,Not Applicable,0,,
2024-07-06 14:00:00,CNR7790534550,Success,CID143773,Prime Sedan,Varthur,Shantinagar,119.0,90.0,Not Applicable,Not Applicable,No,Not Applicable,482,UPI,31,4.8,5.0
2024-07-17 16:23:00,CNR2935339271,Success,CID804724,Bike,MG Road,JP Nagar,98.0,70.0,Not Applicable,Not Applicable,No,Not Applicable,861,Cash,34,3.3,4.2
2024-07-10 08:27:00,CNR8675322858,Success,CID272529,Mini,Koramangala,Jayanagar,35.0,100.0,Not Applicable,Not Applicable,No,Not Applicable,2911,Cash,10,3.6,3.1
2024-07-20 12:56:00,CNR3876731335,Canceled by Driver,CID568986,Bike,Marathahalli,Mysore Road,,,Not Applicable,Customer related issue,Not Applicable,Not Applicable,203,Not Applicable,0,,
2024-07-26 16:54:00,CNR8062393979,Success,CID387310,Prime Plus,Ulsoor,Peenya,119.0,55.0,Not Applicable,Not Applicable,No,Not Applicable,992,Cash,19,4.4,4.4
2024-07-24 03:58:00,CNR4743502427,Success,CID430725,Prime Plus,Frazer Town,Vijayanagar,203.0,115.0,Not Applicable,Not Applicable,No,Not Applicable,122,Cash,14,3.1,3.1
2024-07-12 13:31:00,CNR2835177615,Driver Not Found,CID539387,Mini,MG Road,Ulsoor,,,Not Applicable,Not Applicable,Not Applicable,Not Applicable,189,Not Applicable,0,,
2024-07-08 11:57:00,CNR4152414178,Driver Not Found,CID688329,eBike,Richmond Town,Ramamurthy Nagar,,,Not Applicable,Not Applicable,Not Applicable,Not Applicable,153,Not Applicable,0,,
2024-07-13 04:34:00,CNR4574179158,Success,CID676097,Prime Plus,Padmanabhanagar,Kadugodi,105.0,25.0,Not Applicable,Not Applicable,No,Not Applicable,163,Cash,44,4.9,3.2
2024-07-13 22:36:00,CNR3767633353,Canceled by Customer,CID840934,Prime Sedan,KR Puram,Magadi Road,,,Change of plans,Not Applicable,Not Applicable,Not Applicable,487,Not Applicable,0,,
2024-07-12 19:02:00,CNR7619871968,Success,CID395517,Bike,Kadugodi,Basavanagudi,189.0,110.0,Not Applicable,Not Applicable,No,Not Applicable,202,UPI,14,5.0,3.1
2024-07-14 07:55:00,CNR3368633743,Canceled by Customer,CID173735,Bike,Tumkur Road,RT Nagar,,,Change of plans,Not Applicable,Not Applicable,Not Applicable,361,Not Applicable,0,,
2024-07-27 09:48:00,CNR8151977113,Driver Not Found,CID570344,Prime SUV,Kadugodi,Rajajinagar,,,Not Applicable,Not Applicable,Not Applicable,Not Applicable,600,Not Applicable,0,,
2024-07-20 16:28:00,CNR4366290885,Canceled by Driver,CID586248,Prime Sedan,Padmanabhanagar,Majestic,,,Not Applicable,Customer was coughing/sick,Not Applicable,Not Applicable,2633,Not Applicable,0,,
2024-07-10 14:45:00,CNR4757376303,Canceled by Driver,CID917815,eBike,RT Nagar,RT Nagar,,,Not Applicable,Customer was coughing/sick,Not Applicable,Not Applicable,389,Not Applicable,0,,
2024-07-27 17:21:00,CNR3829685655,Success,CID213321,Bike,Ulsoor,Ramamurthy Nagar,224.0,105.0,Not Applicable,Not Applicable,No,Not Applicable,243,UPI,48,4.3,4.1
2024-07-19 22:31:00,CNR1673744758,Canceled by Driver,CID831360,eBike,Whitefield,Nagarbhavi,,,Not Applicable,Customer related issue,Not Applicable,Not Applicable,347,Not Applicable,0,,
2024-07-14 13:00:00,CNR5837667645,Success,CID305182,Prime Plus,JP Nagar,Electronic City,91.0,25.0,Not Applicable,Not Applicable,No,Not Applicable,1346,UPI,13,4.0,3.9
2024-07-05 20:46:00,CNR9641393147,Success,CID744010,Prime Sedan,Cox Town,Electronic City,56.0,135.0,Not Applicable,Not Applicable,No,Not Applicable,457,Cash,34,3.1,4.8
2024-07-16 11:44:00,CNR7736548184,Canceled by Driver,CID916551,Prime Sedan,Vijayanagar,Rajajinagar,,,Not Applicable,Customer related issue,Not Applicable,Not Applicable,124,Not Applicable,0,,
2024-07-05 05:25:00,CNR8520322313,Success,CID582383,Prime Sedan,Kadugodi,Sahakar Nagar,42.0,95.0,Not Applicable,Not Applicable,No,Not Applicable,209,Cash,33,4.2,4.7
2024-07-08 17:13:00,CNR3884371080,Success,CID696436,Prime Plus,Chamarajpet,Devanahalli,224.0,30.0,Not Applicable,Not Applicable,No,Not Applicable,411,Cash,23,3.1,4.8
2024-07-23 06:30:00,CNR1787038189,Canceled by Driver,CID530889,Auto,Tumkur Road,Yeshwanthpur,,,Not Applicable,More than permitted people in there,Not Applicable,Not Applicable,337,Not Applicable,0,,
2024-07-07 19:53:00,CNR3856043549,Canceled by Customer,CID332854,eBike,Yeshwanthpur,Shantinagar,,,Driver is not moving towards pickup location,Not Applicable,Not Applicable,Not Applicable,552,Not Applicable,0,,
2024-07-29 04:08:00,CNR3522674373,Success,CID358035,Mini,BTM Layout,Devanahalli,119.0,125.0,Not Applicable,Not Applicable,No,Not Applicable,1653,Cash,26,3.3,3.6
2024-07-06 20:49:00,CNR4154876583,Success,CID361815,Mini,Sarjapur Road,Hennur,245.0,95.0,Not Applicable,Not Applicable,No,Not Applicable,268,Credit Card,22,3.8,4.1
2024-07-27 14:10:00,CNR2706757521,Canceled by Customer,CID863380,Prime Plus,Yeshwanthpur,Mysore Road,,,Driver asked to cancel,Not Applicable,Not Applicable,Not Applicable,981,Not Applicable,0,,
2024-07-14 17:52:00,CNR2758862393,Success,CID791225,eBike,Yeshwanthpur,Hennur,182.0,65.0,Not Applicable,Not Applicable,No,Not Applicable,288,UPI,22,3.1,4.9
2024-07-09 05:41:00,CNR1018212985,Success,CID603032,Prime Sedan,Yeshwanthpur,Yeshwanthpur,91.0,140.0,Not Applicable,Not Applicable,No,Not Applicable,675,Cash,21,4.2,4.7
2024-07-14 15:11:00,CNR2800304196,Success,CID538628,Prime SUV,MG Road,Bellandur,112.0,45.0,Not Applicable,Not Applicable,No,Not Applicable,378,Cash,34,3.7,4.1
2024-07-19 15:02:00,CNR2521292332,Canceled by Driver,CID389487,Prime Plus,Cox Town,RT Nagar,,,Not Applicable,Personal & Car related issue,Not Applicable,Not Applicable,506,Not Applicable,0,,
2024-07-30 22:34:00,CNR9323681548,Success,CID596823,Prime Plus,Ramamurthy Nagar,Shivajinagar,266.0,85.0,Not Applicable,Not Applicable,No,Not Applicable,379,Cash,14,4.7,4.0
2024-07-30 18:32:00,CNR1247318720,Success,CID815894,Prime SUV,Kadugodi,Ulsoor,217.0,50.0,Not Applicable,Not Applicable,No,Not Applicable,248,Cash,1,4.2,3.4
2024-07-06 22:09:00,CNR8235657180,Success,CID514179,Prime Plus,Electronic City,Varthur,245.0,145.0,Not Applicable,Not Applicable,No,Not Applicable,393,Cash,46,3.4,4.9
2024-07-16 04:17:00,CNR1000917188,Success,CID201887,Auto,Chickpet,RT Nagar,119.0,110.0,Not Applicable,Not Applicable,No,Not Applicable,372,UPI,10,5.0,3.1
2024-07-21 01:58:00,CNR7684102782,Success,CID294571,Prime SUV,Richmond Town,Malleshwaram,63.0,140.0,Not Applicable,Not Applicable,No,Not Applicable,138,UPI,30,4.8,4.8
2024-07-24 14:19:00,CNR2925767076,Canceled by Customer,CID850785,Bike,Ramamurthy Nagar,Shivajinagar,,,Driver is not moving towards pickup location,Not Applicable,Not Applicable,Not Applicable,686,Not Applicable,0,,
2024-07-17 15:17:00,CNR3144401886,Canceled by Customer,CID228976,Prime Plus,Shantinagar,Kammanahalli,,,Driver is not moving towards pickup location,Not Applicable,Not Applicable,Not Applicable,239,Not Applicable,0,,
2024-07-29 09:53:00,CNR2776175215,Success,CID690298,Mini,Sarjapur Road,KR Puram,273.0,130.0,Not Applicable,Not Applicable,No,Not Applicable,304,UPI,42,3.3,3.2
2024-07-25 23:22:00,CNR4918109312,Canceled by Driver,CID178416,eBike,Basavanagudi,Whitefield,,,Not Applicable,Customer related issue,Not Applicable,Not Applicable,378,Not Applicable,0,,
2024-07-17 06:43:00,CNR7184174367,Success,CID366738,eBike,Nagarbhavi,Sahakar Nagar,119.0,145.0,Not Applicable,Not Applicable,No,Not Applicable,287,Cash,6,4.4,3.0
2024-07-13 13:54:00,CNR6580388673,Canceled by Driver,CID955145,eBike,Kadugodi,RT Nagar,,,Not Applicable,Personal & Car related issue,Not Applicable,Not Applicable,220,Not Applicable,0,,
2024-07-08 21:36:00,CNR8087431030,Success,CID630004,Prime Sedan,RT Nagar,Padmanabhanagar,259.0,140.0,Not Applicable,Not Applicable,No,Not Applicable,375,UPI,4,3.7,3.8
2024-07-16 04:07:00,CNR2817975274,Success,CID613248,Prime Sedan,Rajarajeshwari Nagar,Hebbal,63.0,85.0,Not Applicable,Not Applicable,No,Not Applicable,559,UPI,37,3.9,4.8
2024-07-16 10:19:00,CNR3880415100,Success,CID627495,Mini,Frazer Town,Langford Town,224.0,65.0,Not Applicable,Not Applicable,No,Not Applicable,146,UPI,45,4.3,3.9
2024-07-09 01:39:00,CNR3093393959,Success,CID544536,Mini,Indiranagar,Banashankari,49.0,125.0,Not Applicable,Not Applicable,No,Not Applicable,862,Credit Card,37,3.2,4.8
2024-07-21 03:42:00,CNR2073998855,Success,CID155948,Prime Plus,Koramangala,Chamarajpet,161.0,30.0,Not Applicable,Not Applicable,No,Not Applicable,139,Cash,5,4.0,4.6
2024-07-24 00:54:00,CNR3596806635,Driver Not Found,CID122491,Prime Plus,Rajajinagar,BTM Layout,,,Not Applicable,Not Applicable,Not Applicable,Not Applicable,378,Not Applicable,0,,
2024-07-12 13:23:00,CNR7161492974,Success,CID849757,Prime Plus,BTM Layout,Basavanagudi,161.0,90.0,Not Applicable,Not Applicable,No,Not Applicable,942,Credit Card,2,3.3,3.6
2024-07-15 01:02:00,CNR2719122161,Success,CID885515,eBike,RT Nagar,Koramangala,294.0,90.0,Not Applicable,Not Applicable,No,Not Applicable,245,Cash,7,4.3,3.4
2024-07-10 01:10:00,CNR9410964189,Canceled by Customer,CID596644,Prime Plus,Magadi Road,Sahakar Nagar,,,Driver is not moving towards pickup location,Not Applicable,Not Applicable,Not Applicable,2584,Not Applicable,0,,
2024-07-01 03:18:00,CNR2525869176,Success,CID487078,Prime Plus,Richmond Town,Vijayanagar,133.0,120.0,Not Applicable,Not Applicable,No,Not Applicable,238,UPI,35,4.8,4.0
2024-07-14 19:09:00,CNR8129646741,Success,CID786369,eBike,Hulimavu,Langford Town,161.0,125.0,Not Applicable,Not Applicable,No,Not Applicable,445,Cash,25,4.2,4.3
2024-07-30 22:46:00,CNR4513419197,Canceled by Driver,CID602826,Auto,Tumkur Road,Sahakar Nagar,,,Not Applicable,Personal & Car related issue,Not Applicable,Not Applicable,190,Not Applicable,0,,
2024-07-16 00:49:00,CNR6679709962,Success,CID617974,Prime SUV,Devanahalli,Shivajinagar,161.0,110.0,Not Applicable,Not Applicable,No,Not Applicable,164,UPI,8,3.7,3.6
2024-07-14 16:31:00,CNR2369864789,Success,CID714201,eBike,Cox Town,Shantinagar,294.0,125.0,Not Applicable,Not Applicable,No,Not Applicable,273,UPI,27,4.1,4.1
2024-07-14 11:37:00,CNR2013504086,Canceled by Customer,CID658029,Auto,Varthur,Hosur Road,,,Driver is not moving towards pickup location,Not Applicable,Not Applicable,Not Applicable,2068,Not Applicable,0,,
2024-07-20 08:27:00,CNR6828811817,Success,CID239071,Prime Plus,Chickpet,Hennur,56.0,105.0,Not Applicable,Not Applicable,No,Not Applicable,480,Credit Card,48,3.3,3.1
2024-07-21 05:58:00,CNR4245339027,Canceled by Driver,CID158459,Prime Plus,Kammanahalli,Ramamurthy Nagar,,,Not Applicable,Customer was coughing/sick,Not Applicable,Not Applicable,704,Not Applicable,0,,
2024-07-19 10:31:00,CNR5367479966,Canceled by Driver,CID838476,Bike,Devanahalli,Hennur,,,Not Applicable,Customer related issue,Not Applicable,Not Applicable,408,Not Applicable,0,,
2024-07-14 06:53:00,CNR8709258394,Success,CID998097,Bike,Sahakar Nagar,Hosur Road,147.0,40.0,Not Applicable,Not Applicable,No,Not Applicable,246,UPI,22,4.2,3.2
2024-07-20 11:58:00,CNR1605703254,Success,CID603443,Auto,HSR Layout,Langford Town,35.0,130.0,Not Applicable,Not Applicable,No,Not Applicable,2127,UPI,15,3.3,3.9
2024-07-23 12:26:00,CNR3676795103,Canceled by Customer,CID391280,Auto,Bannerghatta Road,HSR Layout,,,Driver is not moving towards pickup location,Not Applicable,Not Applicable,Not Applicable,278,Not Applicable,0,,
2024-07-28 08:39:00,CNR3188177767,Success,CID796245,Prime Sedan,Hosur Road,Ramamurthy Nagar,224.0,110.0,Not Applicable,Not Applicable,No,Not Applicable,165,UPI,26,4.6,3.9
2024-07-19 06:53:00,CNR1313875777,Success,CID140789,Auto,Varthur,Sarjapur Road,175.0,60.0,Not Applicable,Not Applicable,No,Not Applicable,476,Cash,18,3.0,3.4
2024-07-11 09:41:00,CNR6707564755,Canceled by Driver,CID565815,Prime SUV,HSR Layout,Banashankari,,,Not Applicable,Personal & Car related issue,Not Applicable,Not Applicable,208,Not Applicable,0,,
2024-07-14 00:51:00,CNR5087274023,Canceled by Driver,CID740973,Bike,Chamarajpet,Kadugodi,,,Not Applicable,Personal & Car related issue,Not Applicable,Not Applicable,380,Not Applicable,0,,
2024-07-19 07:04:00,CNR9465078230,Canceled by Driver,CID152438,Auto,RT Nagar,JP Nagar,,,Not Applicable,Personal & Car related issue,Not Applicable,Not Applicable,513,Not Applicable,0,,
2024-07-20 05:31:00,CNR5891190601,Success,CID489558,Mini,Chamarajpet,Chamarajpet,154.0,95.0,Not Applicable,Not Applicable,No,Not Applicable,199,UPI,6,3.9,3.6
2024-07-18 09:07:00,CNR4137726060,Success,CID933747,eBike,Yeshwanthpur,Hebbal,119.0,55.0,Not Applicable,Not Applicable,No,Not Applicable,516,UPI,18,3.6,4.4
2024-07-18 09:24:00,CNR5717714772,Success,CID714605,Prime Sedan,Langford Town,Varthur,77.0,75.0,Not Applicable,Not Applicable,No,Not Applicable,312,UPI,42,4.1,3.9
2024-07-14 20:44:00,CNR2535908078,Success,CID710451,Prime Plus,Bannerghatta Road,Chickpet,182.0,35.0,Not Applicable,Not Applicable,No,Not Applicable,323,Cash,4,3.3,4.9
2024-07-02 23:38:00,CNR9968316664,Success,CID235009,Mini,Koramangala,Yelahanka,147.0,85.0,Not Applicable,Not Applicable,No,Not Applicable,277,UPI,22,4.2,3.5
2024-07-08 09:39:00,CNR1290230981,Success,CID985372,Prime SUV,Vijayanagar,Marathahalli,294.0,75.0,Not Applicable,Not Applicable,No,Not Applicable,329,UPI,24,3.8,4.7
2024-07-17 02:17:00,CNR8945765555,Success,CID459293,Prime SUV,Chickpet,Jayanagar,112.0,85.0,Not Applicable,Not Applicable,No,Not Applicable,446,UPI,3,4.8,4.1
2024-07-27 17:11:00,CNR7233801561,Canceled by Driver,CID244291,eBike,Kengeri,Marathahalli,,,Not Applicable,Personal & Car related issue,Not Applicable,Not Applicable,141,Not Applicable,0,,
2024-07-22 06:01:00,CNR4966836301,Success,CID561179,Prime Sedan,Mysore Road,Langford Town,301.0,145.0,Not Applicable,Not Applicable,Yes,Vehicle Breakdown,650,UPI,26,4.2,5.0
2024-07-05 18:27:00,CNR2120669760,Canceled by Customer,CID622141,Prime SUV,RT Nagar,Cox Town,,,Driver is not moving towards pickup location,Not Applicable,Not Applicable,Not Applicable,922,Not Applicable,0,,
2024-07-27 23:38:00,CNR2703050097,Canceled by Customer,CID648759,Bike,Ulsoor,Sarjapur Road,,,Driver asked to cancel,Not Applicable,Not Applicable,Not Applicable,110,Not Applicable,0,,
2024-07-18 17:35:00,CNR5586551783,Driver Not Found,CID439272,Prime Plus,Indiranagar,KR Puram,,,Not Applicable,Not Applicable,Not Applicable,Not Applicable,296,Not Applicable,0,,
2024-07-24 16:08:00,CNR2235070256,Success,CID894268,Prime Plus,Kadugodi,Whitefield,238.0,95.0,Not Applicable,Not Applicable,No,Not Applicable,515,Cash,3,3.7,4.2
2024-07-24 07:34:00,CNR5506807916,Success,CID304409,eBike,Jayanagar,Langford Town,273.0,55.0,Not Applicable,Not Applicable,No,Not Applicable,477,Cash,44,4.4,3.2
2024-07-18 07:33:00,CNR5332191187,Canceled by Driver,CID969675,Bike,Rajajinagar,Cox Town,,,Not Applicable,Personal & Car related issue,Not Applicable,Not Applicable,467,Not Applicable,0,,
2024-07-07 02:05:00,CNR3256154323,Success,CID129744,Prime Sedan,Langford Town,Ramamurthy Nagar,308.0,75.0,Not Applicable,Not Applicable,No,Not Applicable,495,Cash,36,4.6,3.4
2024-07-20 14:48:00,CNR7490348128,Canceled by Customer,CID948697,Auto,Magadi Road,Cox Town,,,AC is Not working,Not Applicable,Not Applicable,Not Applicable,142,Not Applicable,0,,
2024-07-15 16:52:00,CNR1628466462,Success,CID284803,Mini,Tumkur Road,RT Nagar,133.0,125.0,Not Applicable,Not Applicable,No,Not Applicable,1787,UPI,38,4.3,3.3
2024-07-15 12:44:00,CNR5719169728,Canceled by Driver,CID331868,Auto,Langford Town,KR Puram,,,Not Applicable,Personal & Car related issue,Not Applicable,Not Applicable,203,Not Applicable,0,,
2024-07-08 14:51:00,CNR2752788967,Success,CID995005,Mini,Magadi Road,Vijayanagar,35.0,60.0,Not Applicable,Not Applicable,No,Not Applicable,346,Cash,27,3.6,3.2
2024-07-29 09:42:00,CNR8081667668,Canceled by Customer,CID636187,Prime SUV,Basavanagudi,Hennur,,,AC is Not working,Not Applicable,Not Applicable,Not Applicable,375,Not Applicable,0,,
2024-07-08 15:59:00,CNR6583189903,Success,CID652055,Mini,Vijayanagar,Hulimavu,56.0,145.0,Not Applicable,Not Applicable,No,Not Applicable,424,UPI,25,3.8,5.0
2024-07-05 06:43:00,CNR7844960505,Success,CID115806,Prime Sedan,Kengeri,Whitefield,294.0,120.0,Not Applicable,Not Applicable,No,Not Applicable,163,UPI,9,4.3,3.4
2024-07-24 02:37:00,CNR4917912442,Success,CID778471,Mini,Varthur,Langford Town,231.0,85.0,Not Applicable,Not Applicable,No,Not Applicable,915,UPI,32,3.4,3.7
2024-07-29 11:01:00,CNR8988253003,Success,CID671566,Mini,Rajarajeshwari Nagar,Nagarbhavi,98.0,45.0,Not Applicable,Not Applicable,No,Not Applicable,421,Cash,48,4.0,3.8
2024-07-13 12:31:00,CNR9724037202,Success,CID411688,Prime SUV,Padmanabhanagar,Majestic,196.0,115.0,Not Applicable,Not Applicable,No,Not Applicable,192,Cash,44,3.8,3.9
2024-07-15 07:37:00,CNR1401248530,Driver Not Found,CID974220,Bike,Marathahalli,Hulimavu,,,Not Applicable,Not Applicable,Not Applicable,Not Applicable,199,Not Applicable,0,,
2024-07-24 02:08:00,CNR6356860049,Driver Not Found,CID746907,eBike,Langford Town,Frazer Town,,,Not Applicable,Not Applicable,Not Applicable,Not Applicable,172,Not Applicable,0,,
2024-07-18 23:38:00,CNR8841743691,Success,CID398042,Bike,Vijayanagar,Sarjapur Road,294.0,40.0,Not Applicable,Not Applicable,No,Not Applicable,281,UPI,28,4.3,4.2
2024-07-29 15:24:00,CNR5040493358,Canceled by Customer,CID538162,Prime SUV,Nagarbhavi,Ulsoor,,,AC is Not working,Not Applicable,Not Applicable,Not Applicable,386,Not Applicable,0,,
2024-07-06 21:46:00,CNR4611627963,Success,CID967414,Bike,Yeshwanthpur,KR Puram,133.0,85.0,Not Applicable,Not Applicable,No,Not Applicable,191,Credit Card,35,5.0,3.5
2024-07-30 12:31:00,CNR1031839366,Success,CID554266,Prime Sedan,JP Nagar,Rajarajeshwari Nagar,35.0,65.0,Not Applicable,Not Applicable,No,Not Applicable,436,UPI,28,3.1,3.0
2024-07-19 06:41:00,CNR7023075837,Success,CID106636,Auto,Indiranagar,BTM Layout,252.0,125.0,Not Applicable,Not Applicable,No,Not Applicable,638,Cash,6,5.0,4.3
2024-07-26 19:45:00,CNR9215978722,Driver Not Found,CID985320,Prime Plus,Tumkur Road,Hennur,,,Not Applicable,Not Applicable,Not Applicable,Not Applicable,346,Not Applicable,0,,
2024-07-26 07:57:00,CNR7976958848,Success,CID310839,Mini,Cox Town,Hulimavu,273.0,80.0,Not Applicable,Not Applicable,No,Not Applicable,275,Cash,9,3.7,4.2
2024-07-27 02:59:00,CNR8643819344,Success,CID355962,eBike,Kammanahalli,Electronic City,210.0,45.0,Not Applicable,Not Applicable,No,Not Applicable,112,Cash,15,4.9,4.7
2024-07-13 21:28:00,CNR3148817000,Success,CID353298,Bike,Chickpet,Koramangala,63.0,145.0,Not Applicable,Not Applicable,No,Not Applicable,127,UPI,18,3.3,3.1
2024-07-07 03:19:00,CNR6801778663,Driver Not Found,CID713393,Auto,Electronic City,Mysore Road,,,Not Applicable,Not Applicable,Not Applicable,Not Applicable,454,Not Applicable,0,,
2024-07-21 13:30:00,CNR5692486346,Success,CID905914,Bike,Devanahalli,Kengeri,56.0,70.0,Not Applicable,Not Applicable,No,Not Applicable,230,UPI,49,3.2,4.3
2024-07-14 04:09:00,CNR1962188864,Success,CID559708,eBike,Padmanabhanagar,Ulsoor,210.0,110.0,Not Applicable,Not Applicable,No,Not Applicable,1243,Cash,3,4.1,4.4
2024-07-15 07:53:00,CNR8838255833,Success,CID114681,Prime Plus,Indiranagar,Marathahalli,245.0,70.0,Not Applicable,Not Applicable,No,Not Applicable,804,UPI,33,3.1,4.2
2024-07-20 21:34:00,CNR4580470630,Success,CID824607,Bike,Marathahalli,Mysore Road,301.0,60.0,Not Applicable,Not Applicable,No,Not Applicable,408,Cash,3,4.0,4.4
2024-07-01 22:54:00,CNR5140469229,Success,CID995289,Prime SUV,Langford Town,Kengeri,287.0,35.0,Not Applicable,Not Applicable,No,Not Applicable,460,Credit Card,38,3.8,3.9
2024-07-07 20:45:00,CNR5614546655,Canceled by Driver,CID113882,Auto,Bannerghatta Road,Hennur,,,Not Applicable,Personal & Car related issue,Not Applicable,Not Applicable,340,Not Applicable,0,,
2024-07-03 21:05:00,CNR8001686708,Canceled by Driver,CID132504,Mini,Hebbal,Sarjapur Road,,,Not Applicable,Customer was coughing/sick,Not Applicable,Not Applicable,867,Not Applicable,0,,
2024-07-16 20:20:00,CNR4406529216,Success,CID727565,Mini,Shivajinagar,Sahakar Nagar,119.0,130.0,Not Applicable,Not Applicable,No,Not Applicable,300,UPI,49,3.7,4.6
2024-07-28 11:01:00,CNR2318972585,Success,CID961762,Bike,Electronic City,Cox Town,280.0,50.0,Not Applicable,Not Applicable,No,Not Applicable,355,UPI,15,4.0,3.2
2024-07-09 19:05:00,CNR5138235775,Driver Not Found,CID431816,Prime Sedan,Basavanagudi,Basavanagudi,,,Not Applicable,Not Applicable,Not Applicable,Not Applicable,250,Not Applicable,0,,
2024-07-23 21:07:00,CNR6370322899,Canceled by Driver,CID430867,Prime SUV,Whitefield,Hennur,,,Not Applicable,Personal & Car related issue,Not Applicable,Not Applicable,329,Not Applicable,0,,
2024-07-03 21:54:00,CNR6726382187,Success,CID713133,Prime Sedan,Banashankari,Marathahalli,126.0,95.0,Not Applicable,Not Applicable,No,Not Applicable,345,Cash,47,4.3,3.7
2024-07-26 14:48:00,CNR4879370695,Canceled by Driver,CID950550,Prime SUV,MG Road,Yelahanka,,,Not Applicable,More than permitted people in there,Not Applicable,Not Applicable,122,Not Applicable,0,,
2024-07-05 15:38:00,CNR1085329225,Canceled by Customer,CID579127,Mini,Nagarbhavi,Yeshwanthpur,,,Driver asked to cancel,Not Applicable,Not Applicable,Not Applicable,242,Not Applicable,0,,
2024-07-22 01:04:00,CNR1906862382,Success,CID711023,Prime Sedan,Tumkur Road,Kadugodi,182.0,130.0,Not Applicable,Not Applicable,No,Not Applicable,263,Cash,13,4.4,3.9
2024-07-01 16:24:00,CNR7113358074,Success,CID170099,Mini,MG Road,Mysore Road,259.0,100.0,Not Applicable,Not Applicable,No,Not Applicable,236,Cash,32,3.2,3.7
2024-07-16 22:36:00,CNR7025810829,Success,CID361188,eBike,Mysore Road,Bannerghatta Road,140.0,85.0,Not Applicable,Not Applicable,No,Not Applicable,206,Cash,17,4.1,4.0
2024-07-09 15:53:00,CNR9836163630,Success,CID463318,Prime SUV,BTM Layout,Sarjapur Road,126.0,105.0,Not Applicable,Not Applicable,Yes,Other Issue,359,Debit Card,1,4.9,3.7
2024-07-01 10:51:00,CNR9222517535,Success,CID958271,Mini,Malleshwaram,MG Road,133.0,115.0,Not Applicable,Not Applicable,No,Not Applicable,479,Cash,24,3.3,3.1
2024-07-09 14:49:00,CNR4047440035,Canceled by Customer,CID789910,Bike,HSR Layout,Ulsoor,,,Change of plans,Not Applicable,Not Applicable,Not Applicable,1304,Not Applicable,0,,
2024-07-10 00:23:00,CNR8426873615,Canceled by Customer,CID532459,Prime Plus,Yeshwanthpur,Hebbal,,,Driver asked to cancel,Not Applicable,Not Applicable,Not Applicable,376,Not Applicable,0,,
2024-07-10 22:39:00,CNR2955936668,Success,CID968287,Prime Plus,Vijayanagar,Rajajinagar,252.0,70.0,Not Applicable,Not Applicable,No,Not Applicable,286,UPI,41,3.7,4.5
2024-07-21 19:10:00,CNR8289488624,Success,CID532033,Prime Sedan,Shantinagar,Kammanahalli,259.0,95.0,Not Applicable,Not Applicable,Yes,Vehicle Breakdown,364,Cash,21,3.9,4.2
2024-07-16 06:11:00,CNR6513119452,Driver Not Found,CID526136,Prime Plus,Marathahalli,MG Road,,,Not Applicable,Not Applicable,Not Applicable,Not Applicable,248,Not Applicable,0,,
2024-07-20 09:17:00,CNR6366082477,Canceled by Driver,CID991005,Prime Sedan,Rajajinagar,Yelahanka,,,Not Applicable,Personal & Car related issue,Not Applicable,Not Applicable,233,Not Applicable,0,,
2024-07-13 19:47:00,CNR7593346811,Canceled by Driver,CID266091,Prime SUV,Richmond Town,HSR Layout,,,Not Applicable,Customer related issue,Not Applicable,Not Applicable,157,Not Applicable,0,,
2024-07-12 18:49:00,CNR8598771537,Success,CID356930,eBike,Hebbal,KR Puram,287.0,80.0,Not Applicable,Not Applicable,No,Not Applicable,400,UPI,3,3.0,3.7
2024-07-18 00:52:00,CNR4231472298,Success,CID209955,Auto,Bellandur,Marathahalli,161.0,25.0,Not Applicable,Not Applicable,Yes,Vehicle Breakdown,614,UPI,16,4.5,4.9
2024-07-25 13:14:00,CNR9982465073,Success,CID213484,Prime Sedan,KR Puram,Mysore Road,259.0,110.0,Not Applicable,Not Applicable,No,Not Applicable,249,Credit Card,18,4.5,4.0
2024-07-01 12:09:00,CNR3261463032,Driver Not Found,CID213744,Auto,Sahakar Nagar,Rajajinagar,,,Not Applicable,Not Applicable,Not Applicable,Not Applicable,300,Not Applicable,0,,
2024-07-23 12:19:00,CNR8324806154,Success,CID581296,eBike,Frazer Town,Chickpet,154.0,60.0,Not Applicable,Not Applicable,No,Not Applicable,140,Cash,1,4.7,4.0
2024-07-13 03:01:00,CNR5136258739,Success,CID757128,eBike,Indiranagar,Banashankari,70.0,130.0,Not Applicable,Not Applicable,No,Not Applicable,219,Cash,11,3.6,4.2
2024-07-20 09:06:00,CNR7328448581,Driver Not Found,CID754202,eBike,Nagarbhavi,RT Nagar,,,Not Applicable,Not Applicable,Not Applicable,Not Applicable,279,Not Applicable,0,,
2024-07-19 02:26:00,CNR1418718820,Canceled by Customer,CID683728,Auto,HSR Layout,Langford Town,,,Driver is not moving towards pickup location,Not Applicable,Not Applicable,Not Applicable,469,Not Applicable,0,,
2024-07-15 13:35:00,CNR5472808086,Canceled by Driver,CID398057,Mini,Devanahalli,KR Puram,,,Not Applicable,Customer related issue,Not Applicable,Not Applicable,554,Not Applicable,0,,
2024-07-03 10:22:00,CNR6184736799,Success,CID224978,Prime Plus,Yeshwanthpur,Magadi Road,280.0,35.0,Not Applicable,Not Applicable,No,Not Applicable,718,UPI,20,3.6,4.3
2024-07-18 08:42:00,CNR4259534522,Canceled by Customer,CID724551,Auto,Hosur Road,Yeshwanthpur,,,Driver is not moving towards pickup location,Not Applicable,Not Applicable,Not Applicable,101,Not Applicable,0,,
2024-07-04 03:20:00,CNR4648062306,Success,CID309074,Prime SUV,Hennur,Rajarajeshwari Nagar,294.0,40.0,Not Applicable,Not Applicable,No,Not Applicable,332,UPI,20,4.1,4.4
2024-07-02 20:44:00,CNR1466885794,Canceled by Customer,CID433827,Auto,Tumkur Road,Electronic City,,,Driver asked to cancel,Not Applicable,Not Applicable,Not Applicable,481,Not Applicable,0,,
2024-07-27 06:16:00,CNR4231429705,Success,CID350906,Prime Plus,HSR Layout,Frazer Town,126.0,55.0,Not Applicable,Not Applicable,Yes,Vehicle Breakdown,888,UPI,24,4.6,4.2
2024-07-14 13:15:00,CNR5862280906,Canceled by Driver,CID131416,Prime Sedan,Malleshwaram,Kammanahalli,,,Not Applicable,More than permitted people in there,Not Applicable,Not Applicable,285,Not Applicable,0,,
2024-07-26 15:42:00,CNR4797707655,Success,CID244097,eBike,Sahakar Nagar,Tumkur Road,84.0,115.0,Not Applicable,Not Applicable,No,Not Applicable,718,Cash,27,3.8,3.6
2024-07-27 06:12:00,CNR8657800162,Canceled by Customer,CID227593,Prime Plus,Bellandur,Langford Town,,,AC is Not working,Not Applicable,Not Applicable,Not Applicable,871,Not Applicable,0,,
2024-07-16 01:51:00,CNR3775843256,Success,CID880257,Prime Plus,Yelahanka,Hennur,182.0,105.0,Not Applicable,Not Applicable,No,Not Applicable,355,Cash,19,4.4,3.4
2024-07-03 16:11:00,CNR7880639082,Success,CID211816,Mini,Kengeri,Shantinagar,266.0,90.0,Not Applicable,Not Applicable,No,Not Applicable,379,Cash,7,4.0,4.3
2024-07-17 04:27:00,CNR8326113064,Success,CID201088,Prime Sedan,Rajarajeshwari Nagar,RT Nagar,147.0,60.0,Not Applicable,Not Applicable,No,Not Applicable,1696,UPI,4,3.1,3.7
2024-07-04 10:52:00,CNR1238568581,Canceled by Driver,CID749370,eBike,Yelahanka,Bellandur,,,Not Applicable,Customer related issue,Not Applicable,Not Applicable,641,Not Applicable,0,,
2024-07-28 15:35:00,CNR1057703944,Success,CID532648,Prime Plus,Shivajinagar,Ulsoor,210.0,95.0,Not Applicable,Not Applicable,No,Not Applicable,170,Cash,46,3.9,3.7
2024-07-20 13:55:00,CNR7838531274,Success,CID295930,Prime Plus,Tumkur Road,Sarjapur Road,203.0,115.0,Not Applicable,Not Applicable,No,Not Applicable,397,UPI,6,4.9,3.5
2024-07-10 01:37:00,CNR5599193693,Success,CID422711,Prime Sedan,Rajajinagar,Electronic City,56.0,75.0,Not Applicable,Not Applicable,No,Not Applicable,1582,UPI,1,4.0,5.0
2024-07-20 04:47:00,CNR7649790634,Canceled by Customer,CID750419,Prime SUV,Richmond Town,Chamarajpet,,,Driver is not moving towards pickup location,Not Applicable,Not Applicable,Not Applicable,539,Not Applicable,0,,
2024-07-03 05:51:00,CNR4754219144,Canceled by Customer,CID909450,Prime Plus,Banashankari,Electronic City,,,Change of plans,Not Applicable,Not Applicable,Not Applicable,762,Not Applicable,0,,
2024-07-07 02:45:00,CNR9316288265,Canceled by Driver,CID786976,Prime SUV,MG Road,Kammanahalli,,,Not Applicable,More than permitted people in there,Not Applicable,Not Applicable,315,Not Applicable,0,,
2024-07-27 07:22:00,CNR7676298709,Canceled by Driver,CID332469,Mini,Yeshwanthpur,Hennur,,,Not Applicable,Customer related issue,Not Applicable,Not Applicable,385,Not Applicable,0,,
2024-07-18 18:21:00,CNR6312807975,Success,CID378182,Mini,Shantinagar,Yelahanka,105.0,25.0,Not Applicable,Not Applicable,No,Not Applicable,444,UPI,43,3.7,3.1
2024-07-30 12:22:00,CNR4061813549,Success,CID502211,Prime SUV,Kadugodi,Ramamurthy Nagar,91.0,105.0,Not Applicable,Not Applicable,No,Not Applicable,816,Cash,21,5.0,4.8
2024-07-17 20:49:00,CNR1554841811,Canceled by Customer,CID340013,Prime Sedan,HSR Layout,Yelahanka,,,AC is Not working,Not Applicable,Not Applicable,Not Applicable,190,Not Applicable,0,,
2024-07-30 07:14:00,CNR4006811418,Success,CID816167,eBike,Kengeri,Frazer Town,273.0,55.0,Not Applicable,Not Applicable,No,Not Applicable,854,UPI,44,3.1,3.8
2024-07-27 09:10:00,CNR2511504540,Success,CID236684,Bike,BTM Layout,Rajajinagar,70.0,120.0,Not Applicable,Not Applicable,No,Not Applicable,462,UPI,22,4.1,4.4
2024-07-01 18:57:00,CNR3789198403,Success,CID471824,Prime Plus,Kadugodi,Sahakar Nagar,210.0,70.0,Not Applicable,Not Applicable,No,Not Applicable,478,Cash,25,3.4,3.8
2024-07-20 13:58:00,CNR3236769297,Success,CID515171,eBike,Sahakar Nagar,Whitefield,98.0,95.0,Not Applicable,Not Applicable,No,Not Applicable,518,Cash,39,3.9,3.9
2024-07-13 05:49:00,CNR9949502058,Canceled by Customer,CID918104,Prime SUV,Whitefield,MG Road,,,Driver is not moving towards pickup location,Not Applicable,Not Applicable,Not Applicable,317,Not Applicable,0,,
2024-07-19 00:36:00,CNR3582955522,Success,CID585748,Prime Plus,Vijayanagar,Chamarajpet,77.0,70.0,Not Applicable,Not Applicable,No,Not Applicable,240,UPI,37,3.0,4.6
2024-07-23 08:51:00,CNR4137117342,Canceled by Driver,CID832840,Prime SUV,HSR Layout,JP Nagar,,,Not Applicable,Customer was coughing/sick,Not Applicable,Not Applicable,143,Not Applicable,0,,
2024-07-29 02:55:00,CNR4936345744,Success,CID638819,Prime Sedan,Ramamurthy Nagar,Bannerghatta Road,49.0,80.0,Not Applicable,Not Applicable,No,Not Applicable,130,UPI,25,3.8,3.6
2024-07-19 07:18:00,CNR7585556667,Success,CID772611,Prime Sedan,RT Nagar,HSR Layout,182.0,55.0,Not Applicable,Not Applicable,No,Not Applicable,406,Cash,11,4.8,4.2
2024-07-17 02:56:00,CNR9813058067,Canceled by Customer,CID201572,Bike,Ulsoor,Chamarajpet,,,Change of plans,Not Applicable,Not Applicable,Not Applicable,322,Not Applicable,0,,
2024-07-24 23:08:00,CNR3492200587,Success,CID632469,Mini,Devanahalli,MG Road,35.0,110.0,Not Applicable,Not Applicable,Yes,Vehicle Breakdown,236,UPI,19,4.0,3.6
2024-07-22 13:24:00,CNR8691726468,Success,CID703509,Prime SUV,Chamarajpet,BTM Layout,140.0,65.0,Not Applicable,Not Applicable,No,Not Applicable,748,Credit Card,13,3.8,4.0
2024-07-08 19:51:00,CNR9915084597,Driver Not Found,CID885941,Auto,Ulsoor,Shivajinagar,,,Not Applicable,Not Applicable,Not Applicable,Not Applicable,1649,Not Applicable,0,,
2024-07-14 18:25:00,CNR6720308983,Canceled by Customer,CID246603,Mini,Kammanahalli,Malleshwaram,,,Driver is not moving towards pickup location,Not Applicable,Not Applicable,Not Applicable,357,Not Applicable,0,,
2024-07-10 03:28:00,CNR2030403195,Success,CID102171,Prime Plus,JP Nagar,KR Puram,161.0,110.0,Not Applicable,Not Applicable,No,Not Applicable,241,Cash,21,4.8,3.4
2024-07-10 22:51:00,CNR6681965367,Success,CID123368,Auto,Cox Town,KR Puram,224.0,85.0,Not Applicable,Not Applicable,No,Not Applicable,470,Cash,1,3.0,4.7
2024-07-12 19:05:00,CNR7686306307,Success,CID381172,Mini,Shantinagar,Padmanabhanagar,35.0,80.0,Not Applicable,Not Applicable,No,Not Applicable,136,UPI,18,3.1,4.3
2024-07-21 14:43:00,CNR3714123021,Success,CID941826,Prime Sedan,Hosur Road,Jayanagar,154.0,75.0,Not Applicable,Not Applicable,No,Not Applicable,227,Cash,49,3.7,3.4
2024-07-20 16:53:00,CNR8476749636,Canceled by Customer,CID541861,Mini,Cox Town,Basavanagudi,,,Change of plans,Not Applicable,Not Applicable,Not Applicable,383,Not Applicable,0,,
2024-07-29 07:08:00,CNR8162321087,Success,CID726699,Mini,Electronic City,HSR Layout,98.0,110.0,Not Applicable,Not Applicable,No,Not Applicable,269,Cash,13,4.2,4.7
2024-07-05 11:14:00,CNR2166740336,Success,CID768260,Prime Sedan,JP Nagar,Hulimavu,56.0,145.0,Not Applicable,Not Applicable,No,Not Applicable,1173,UPI,6,4.3,3.7
2024-07-30 20:46:00,CNR1106700661,Success,CID121929,Auto,Banashankari,Shantinagar,147.0,130.0,Not Applicable,Not Applicable,No,Not Applicable,790,Cash,14,4.0,4.7
2024-07-29 02:01:00,CNR2623863481,Success,CID503680,Mini,MG Road,Peenya,203.0,45.0,Not Applicable,Not Applicable,No,Not Applicable,694,Cash,41,4.7,3.4
2024-07-07 05:21:00,CNR5200837634,Canceled by Driver,CID429598,Prime SUV,Kadugodi,Whitefield,,,Not Applicable,Personal & Car related issue,Not Applicable,Not Applicable,286,Not Applicable,0,,
2024-07-14 12:20:00,CNR1339486336,Success,CID107415,Mini,Nagarbhavi,Marathahalli,77.0,80.0,Not Applicable,Not Applicable,No,Not Applicable,147,Cash,31,4.9,4.4
2024-07-02 09:49:00,CNR7501961785,Success,CID486502,Prime SUV,Kengeri,Yelahanka,91.0,140.0,Not Applicable,Not Applicable,No,Not Applicable,575,Cash,35,3.5,4.8
2024-07-28 12:21:00,CNR8080840271,Success,CID963654,Prime Sedan,HSR Layout,Indiranagar,189.0,110.0,Not Applicable,Not Applicable,No,Not Applicable,203,UPI,47,4.5,4.0
2024-07-28 02:42:00,CNR5231862687,Canceled by Customer,CID422097,eBike,Mysore Road,Whitefield,,,Driver asked to cancel,Not Applicable,Not Applicable,Not Applicable,441,Not Applicable,0,,
2024-07-14 02:12:00,CNR8347442916,Success,CID528903,Prime Plus,HSR Layout,Richmond Town,161.0,145.0,Not Applicable,Not Applicable,No,Not Applicable,739,Cash,43,4.4,4.7
2024-07-17 19:26:00,CNR4744512761,Success,CID919840,Prime SUV,Kengeri,Shivajinagar,119.0,55.0,Not Applicable,Not Applicable,No,Not Applicable,136,Cash,15,4.9,4.0
2024-07-01 06:43:00,CNR9991118365,Success,CID152278,Prime SUV,Bellandur,MG Road,105.0,115.0,Not Applicable,Not Applicable,No,Not Applicable,220,Cash,24,3.1,4.2
2024-07-29 08:24:00,CNR3014232824,Canceled by Driver,CID918468,Bike,Banashankari,Vijayanagar,,,Not Applicable,Personal & Car related issue,Not Applicable,Not Applicable,234,Not Applicable,0,,
2024-07-08 02:01:00,CNR8561602866,Canceled by Customer,CID649532,Auto,Indiranagar,Frazer Town,,,AC is Not working,Not Applicable,Not Applicable,Not Applicable,224,Not Applicable,0,,
2024-07-23 20:35:00,CNR2690459875,Canceled by Driver,CID203439,Bike,Nagarbhavi,HSR Layout,,,Not Applicable,Customer was coughing/sick,Not Applicable,Not Applicable,184,Not Applicable,0,,
2024-07-06 08:22:00,CNR4886950610,Success,CID542403,Prime Plus,Rajajinagar,Mysore Road,119.0,60.0,Not Applicable,Not Applicable,No,Not Applicable,2467,UPI,4,4.7,4.9
2024-07-11 06:38:00,CNR6682786661,Success,CID743546,Prime SUV,Malleshwaram,Koramangala,70.0,140.0,Not Applicable,Not Applicable,No,Not Applicable,795,UPI,40,4.7,4.3
2024-07-09 21:17:00,CNR6044879167,Success,CID576838,Auto,Jayanagar,Rajarajeshwari Nagar,161.0,35.0,Not Applicable,Not Applicable,No,Not Applicable,414,Cash,8,4.3,4.0
2024-07-12 20:38:00,CNR4262079839,Success,CID838049,Prime SUV,Yeshwanthpur,Cox Town,245.0,65.0,Not Applicable,Not Applicable,No,Not Applicable,163,Cash,21,3.6,5.0
2024-07-27 14:18:00,CNR3398289070,Success,CID614185,Auto,BTM Layout,Langford Town,231.0,85.0,Not Applicable,Not Applicable,No,Not Applicable,169,Cash,8,3.6,4.2
2024-07-12 05:43:00,CNR8799753380,Canceled by Customer,CID314441,Prime SUV,KR Puram,RT Nagar,,,Driver is not moving towards pickup location,Not Applicable,Not Applicable,Not Applicable,186,Not Applicable,0,,
2024-07-26 12:26:00,CNR2865199151,Success,CID364157,Prime Sedan,Bannerghatta Road,Frazer Town,224.0,40.0,Not Applicable,Not Applicable,No,Not Applicable,244,Cash,26,3.9,3.3
2024-07-06 23:49:00,CNR7418820843,Canceled by Driver,CID968250,Prime SUV,Jayanagar,Marathahalli,,,Not Applicable,Customer was coughing/sick,Not Applicable,Not Applicable,328,Not Applicable,0,,
2024-07-03 01:50:00,CNR5917190639,Driver Not Found,CID871108,Bike,Jayanagar,Nagarbhavi,,,Not Applicable,Not Applicable,Not Applicable,Not Applicable,130,Not Applicable,0,,
2024-07-21 14:36:00,CNR6962568693,Success,CID780220,Prime SUV,Frazer Town,Bellandur,245.0,70.0,Not Applicable,Not Applicable,No,Not Applicable,245,Cash,30,4.3,4.9
2024-07-30 22:20:00,CNR8658268988,Success,CID537846,Bike,Frazer Town,Majestic,154.0,85.0,Not Applicable,Not Applicable,No,Not Applicable,2113,UPI,6,4.1,4.5
2024-07-23 04:16:00,CNR5360851975,Success,CID133988,Auto,Electronic City,Richmond Town,175.0,40.0,Not Applicable,Not Applicable,No,Not Applicable,499,Cash,17,4.6,4.3
2024-07-27 08:02:00,CNR4631832397,Success,CID429959,Prime Plus,Sahakar Nagar,Richmond Town,294.0,80.0,Not Applicable,Not Applicable,No,Not Applicable,651,Cash,11,3.1,3.8
2024-07-13 10:41:00,CNR9583153097,Canceled by Customer,CID362509,Mini,Magadi Road,Devanahalli,,,Change of plans,Not Applicable,Not Applicable,Not Applicable,395,Not Applicable,0,,
2024-07-26 14:59:00,CNR6820049823,Success,CID889381,Prime Plus,Kengeri,Ramamurthy Nagar,168.0,40.0,Not Applicable,Not Applicable,No,Not Applicable,2020,Cash,44,4.8,4.6
2024-07-17 11:49:00,CNR2214920609,Success,CID889139,eBike,Frazer Town,Hosur Road,35.0,135.0,Not Applicable,Not Applicable,Yes,Vehicle Breakdown,227,Credit Card,34,3.8,5.0
2024-07-11 19:23:00,CNR2870974642,Success,CID956843,eBike,Chickpet,Kadugodi,189.0,140.0,Not Applicable,Not Applicable,No,Not Applicable,792,Cash,21,4.3,4.9
2024-07-25 09:56:00,CNR8140954973,Success,CID187112,Auto,Marathahalli,Peenya,42.0,100.0,Not Applicable,Not Applicable,No,Not Applicable,274,Cash,10,4.4,4.8
2024-07-14 16:58:00,CNR3986200679,Success,CID251553,Prime SUV,Basavanagudi,RT Nagar,203.0,80.0,Not Applicable,Not Applicable,No,Not Applicable,325,UPI,4,4.9,3.7
2024-07-23 04:49:00,CNR4449952770,Success,CID907522,Auto,Magadi Road,Indiranagar,196.0,80.0,Not Applicable,Not Applicable,No,Not Applicable,396,Cash,18,4.8,3.1
2024-07-25 05:29:00,CNR4157745943,Canceled by Customer,CID914415,Auto,Devanahalli,Sahakar Nagar,,,AC is Not working,Not Applicable,Not Applicable,Not Applicable,108,Not Applicable,0,,
2024-07-23 14:01:00,CNR3005005023,Success,CID157448,Auto,Sarjapur Road,Malleshwaram,112.0,25.0,Not Applicable,Not Applicable,No,Not Applicable,551,UPI,5,3.8,3.4
2024-07-25 14:47:00,CNR2238011369,Driver Not Found,CID613017,Prime Sedan,Chickpet,HSR Layout,,,Not Applicable,Not Applicable,Not Applicable,Not Applicable,102,Not Applicable,0,,
2024-07-12 07:44:00,CNR1968399816,Success,CID786317,Prime SUV,Bannerghatta Road,Whitefield,287.0,110.0,Not Applicable,Not Applicable,No,Not Applicable,368,Cash,39,4.4,3.0
2024-07-13 05:52:00,CNR1648711382,Success,CID560911,eBike,Hosur Road,Koramangala,70.0,145.0,Not Applicable,Not Applicable,No,Not Applicable,762,Cash,16,5.0,3.6
2024-07-01 02:52:00,CNR4754516396,Success,CID623815,Auto,Majestic,Cox Town,287.0,95.0,Not Applicable,Not Applicable,No,Not Applicable,283,UPI,8,3.0,4.8
2024-07-10 19:02:00,CNR1156150761,Canceled by Driver,CID537523,Auto,Padmanabhanagar,Peenya,,,Not Applicable,Personal & Car related issue,Not Applicable,Not Applicable,165,Not Applicable,0,,
2024-07-05 14:05:00,CNR7590139695,Success,CID564989,Auto,Varthur,Shivajinagar,147.0,145.0,Not Applicable,Not Applicable,No,Not Applicable,1512,UPI,3,4.3,4.5
2024-07-19 21:57:00,CNR4308196314,Success,CID130044,Bike,Varthur,Yeshwanthpur,308.0,80.0,Not Applicable,Not Applicable,No,Not Applicable,180,Cash,17,3.1,4.2
2024-07-06 07:56:00,CNR9981219515,Driver Not Found,CID274980,Prime Plus,HSR Layout,KR Puram,,,Not Applicable,Not Applicable,Not Applicable,Not Applicable,324,Not Applicable,0,,
2024-07-08 06:57:00,CNR4887975125,Success,CID389081,Prime Plus,HSR Layout,Sahakar Nagar,147.0,65.0,Not Applicable,Not Applicable,No,Not Applicable,429,Credit Card,20,3.8,3.4
2024-07-25 22:28:00,CNR4757054177,Canceled by Customer,CID598933,Prime Plus,Magadi Road,BTM Layout,,,Change of plans,Not Applicable,Not Applicable,Not Applicable,2305,Not Applicable,0,,
2024-07-19 15:43:00,CNR4703737460,Canceled by Customer,CID216193,eBike,Majestic,RT Nagar,,,Driver is not moving towards pickup location,Not Applicable,Not Applicable,Not Applicable,200,Not Applicable,0,,
2024-07-10 23:35:00,CNR1106296744,Canceled by Driver,CID715822,Bike,Chickpet,Mysore Road,,,Not Applicable,Customer was coughing/sick,Not Applicable,Not Applicable,469,Not Applicable,0,,
2024-07-13 01:07:00,CNR1706503327,Success,CID303678,Prime SUV,Bellandur,Mysore Road,63.0,70.0,Not Applicable,Not Applicable,No,Not Applicable,117,Cash,13,3.6,3.8
2024-07-18 12:20:00,CNR8267311737,Driver Not Found,CID393489,Prime Plus,MG Road,Kadugodi,,,Not Applicable,Not Applicable,Not Applicable,Not Applicable,175,Not Applicable,0,,
2024-07-14 22:25:00,CNR8402640928,Success,CID679100,Prime Sedan,Rajarajeshwari Nagar,Chamarajpet,154.0,135.0,Not Applicable,Not Applicable,No,Not Applicable,193,UPI,1,4.9,4.6
2024-07-26 18:14:00,CNR7769623107,Canceled by Customer,CID208329,Prime SUV,Padmanabhanagar,Whitefield,,,Driver is not moving towards pickup location,Not Applicable,Not Applicable,Not Applicable,446,Not Applicable,0,,
2024-07-18 17:56:00,CNR6514852304,Success,CID960654,Mini,Shivajinagar,JP Nagar,245.0,100.0,Not Applicable,Not Applicable,Yes,Vehicle Breakdown,268,Cash,11,3.3,3.3
2024-07-08 15:30:00,CNR1720985456,Canceled by Customer,CID207643,eBike,Hennur,Yeshwanthpur,,,Driver asked to cancel,Not Applicable,Not Applicable,Not Applicable,162,Not Applicable,0,,
2024-07-02 08:39:00,CNR6381106299,Success,CID163492,Bike,Shivajinagar,Kammanahalli,133.0,60.0,Not Applicable,Not Applicable,No,Not Applicable,429,UPI,41,3.5,3.4
2024-07-23 16:36:00,CNR4064737762,Success,CID332482,Mini,Magadi Road,Yeshwanthpur,252.0,145.0,Not Applicable,Not Applicable,No,Not Applicable,413,Cash,44,4.3,4.0
2024-07-07 17:10:00,CNR8807173708,Success,CID791726,Auto,Yeshwanthpur,Mysore Road,294.0,75.0,Not Applicable,Not Applicable,No,Not Applicable,451,Cash,18,4.4,4.8
2024-07-04 08:04:00,CNR9208388863,Success,CID984257,Bike,RT Nagar,MG Road,231.0,85.0,Not Applicable,Not Applicable,No,Not Applicable,194,Credit Card,31,3.5,3.7
2024-07-24 11:05:00,CNR4058230496,Success,CID538017,Prime Plus,Jayanagar,Varthur,273.0,135.0,Not Applicable,Not Applicable,No,Not Applicable,753,Cash,16,3.7,4.7
2024-07-10 05:31:00,CNR7489032415,Canceled by Driver,CID971668,Bike,Malleshwaram,Devanahalli,,,Not Applicable,Customer related issue,Not Applicable,Not Applicable,153,Not Applicable,0,,
2024-07-24 06:10:00,CNR1961483266,Canceled by Customer,CID390090,eBike,Nagarbhavi,JP Nagar,,,Driver is not moving towards pickup location,Not Applicable,Not Applicable,Not Applicable,669,Not Applicable,0,,
2024-07-23 15:38:00,CNR4988156615,Success,CID418917,Auto,Basavanagudi,Tumkur Road,252.0,60.0,Not Applicable,Not Applicable,No,Not Applicable,315,Cash,11,4.4,3.5
2024-07-02 06:07:00,CNR3252121971,Success,CID404452,Prime SUV,BTM Layout,Electronic City,266.0,40.0,Not Applicable,Not Applicable,No,Not Applicable,656,Cash,33,3.2,4.0
2024-07-18 12:25:00,CNR4884803751,Success,CID623186,Mini,Richmond Town,Chickpet,308.0,75.0,Not Applicable,Not Applicable,No,Not Applicable,287,Cash,13,3.7,4.5
2024-07-10 05:23:00,CNR3835959946,Success,CID386863,Prime Sedan,Kadugodi,Bannerghatta Road,266.0,65.0,Not Applicable,Not Applicable,No,Not Applicable,310,Cash,45,4.1,3.6
2024-07-28 17:21:00,CNR5047844269,Success,CID452620,eBike,Yelahanka,Hennur,98.0,60.0,Not Applicable,Not Applicable,No,Not Applicable,485,Cash,16,4.2,3.5
2024-07-06 20:49:00,CNR3805875257,Success,CID923245,Prime Sedan,Mysore Road,MG Road,308.0,100.0,Not Applicable,Not Applicable,No,Not Applicable,154,Cash,27,3.9,4.6
2024-07-12 10:39:00,CNR5531928514,Driver Not Found,CID903606,Auto,Shantinagar,Chamarajpet,,,Not Applicable,Not Applicable,Not Applicable,Not Applicable,2547,Not Applicable,0,,
2024-07-02 11:48:00,CNR9682882388,Success,CID180628,Prime Plus,HSR Layout,Indiranagar,161.0,35.0,Not Applicable,Not Applicable,No,Not Applicable,194,UPI,40,5.0,3.8
2024-07-03 08:56:00,CNR8844083063,Driver Not Found,CID998005,eBike,Indiranagar,Kadugodi,,,Not Applicable,Not Applicable,Not Applicable,Not Applicable,145,Not Applicable,0,,
2024-07-26 04:53:00,CNR7722799615,Driver Not Found,CID450048,Mini,Shivajinagar,Jayanagar,,,Not Applicable,Not Applicable,Not Applicable,Not Applicable,584,Not Applicable,0,,
2024-07-19 23:37:00,CNR4167276499,Success,CID465562,Prime SUV,Kadugodi,Yeshwanthpur,126.0,80.0,Not Applicable,Not Applicable,No,Not Applicable,2149,UPI,5,4.9,3.7
2024-07-09 10:09:00,CNR3271998734,Driver Not Found,CID670823,Prime Sedan,Shantinagar,Whitefield,,,Not Applicable,Not Applicable,Not Applicable,Not Applicable,498,Not Applicable,0,,
2024-07-18 19:08:00,CNR3194990258,Success,CID314384,Auto,Malleshwaram,Sahakar Nagar,210.0,30.0,Not Applicable,Not Applicable,No,Not Applicable,1714,UPI,3,4.2,3.7
2024-07-17 20:55:00,CNR5961975001,Driver Not Found,CID537219,Mini,Ramamurthy Nagar,BTM Layout,,,Not Applicable,Not Applicable,Not Applicable,Not Applicable,840,Not Applicable,0,,
2024-07-05 01:59:00,CNR5547917642,Driver Not Found,CID871074,Prime SUV,HSR Layout,Whitefield,,,Not Applicable,Not Applicable,Not Applicable,Not Applicable,2344,Not Applicable,0,,
2024-07-22 14:12:00,CNR9987993715,Success,CID686031,Mini,MG Road,Magadi Road,210.0,65.0,Not Applicable,Not Applicable,No,Not Applicable,575,UPI,38,4.0,3.6
2024-07-08 05:25:00,CNR4975029196,Canceled by Driver,CID586429,Bike,Ramamurthy Nagar,Marathahalli,,,Not Applicable,Personal & Car related issue,Not Applicable,Not Applicable,235,Not Applicable,0,,
2024-07-05 00:48:00,CNR2856325789,Success,CID174573,Prime Sedan,Hebbal,Shantinagar,119.0,130.0,Not Applicable,Not Applicable,No,Not Applicable,399,UPI,37,3.9,4.3
2024-07-23 01:31:00,CNR8248162466,Canceled by Customer,CID835907,Bike,Banashankari,Mysore Road,,,Change of plans,Not Applicable,Not Applicable,Not Applicable,370,Not Applicable,0,,
2024-07-11 08:28:00,CNR8634391017,Canceled by Driver,CID557091,Mini,Malleshwaram,MG Road,,,Not Applicable,Personal & Car related issue,Not Applicable,Not Applicable,465,Not Applicable,0,,
2024-07-12 04:04:00,CNR1768209413,Success,CID382094,Prime Sedan,RT Nagar,Mysore Road,147.0,135.0,Not Applicable,Not Applicable,No,Not Applicable,217,UPI,20,4.7,4.7
2024-07-21 16:29:00,CNR1346042503,Canceled by Driver,CID863145,Prime SUV,Vijayanagar,Cox Town,,,Not Applicable,Customer was coughing/sick,Not Applicable,Not Applicable,849,Not Applicable,0,,
2024-07-19 10:22:00,CNR8852479620,Success,CID869579,Prime SUV,Hosur Road,Peenya,294.0,40.0,Not Applicable,Not Applicable,No,Not Applicable,1691,Cash,4,3.6,4.3
2024-07-02 06:23:00,CNR3666353718,Canceled by Customer,CID752649,Prime SUV,Devanahalli,Padmanabhanagar,,,Change of plans,Not Applicable,Not Applicable,Not Applicable,210,Not Applicable,0,,
2024-07-16 16:52:00,CNR5997735435,Success,CID930441,Prime SUV,Padmanabhanagar,Rajarajeshwari Nagar,245.0,45.0,Not Applicable,Not Applicable,No,Not Applicable,274,Cash,22,3.2,3.7
2024-07-29 10:40:00,CNR4339475808,Success,CID620938,eBike,MG Road,Hennur,91.0,125.0,Not Applicable,Not Applicable,No,Not Applicable,893,Cash,8,4.9,4.7
2024-07-10 13:37:00,CNR8496637052,Success,CID624909,eBike,Mysore Road,Padmanabhanagar,217.0,65.0,Not Applicable,Not Applicable,No,Not Applicable,465,UPI,41,4.3,4.6
2024-07-12 17:47:00,CNR9198167858,Canceled by Driver,CID530436,Mini,Ulsoor,Vijayanagar,,,Not Applicable,Customer was coughing/sick,Not Applicable,Not Applicable,904,Not Applicable,0,,
2024-07-19 01:38:00,CNR3978181421,Success,CID797964,Prime Plus,Kengeri,Rajarajeshwari Nagar,98.0,30.0,Not Applicable,Not Applicable,No,Not Applicable,1095,UPI,8,3.7,3.8
2024-07-08 06:31:00,CNR5725390886,Driver Not Found,CID620745,Auto,Jayanagar,Richmond Town,,,Not Applicable,Not Applicable,Not Applicable,Not Applicable,379,Not Applicable,0,,
2024-07-13 00:49:00,CNR5803215173,Success,CID948478,Mini,Yeshwanthpur,Shantinagar,77.0,50.0,Not Applicable,Not Applicable,No,Not Applicable,182,UPI,26,3.3,3.1
2024-07-04 06:23:00,CNR1160718666,Success,CID713277,Mini,Yelahanka,Yelahanka,70.0,75.0,Not Applicable,Not Applicable,No,Not Applicable,170,Cash,39,4.0,4.0
2024-07-11 11:42:00,CNR2575567593,Canceled by Customer,CID255007,Prime Plus,Whitefield,Kadugodi,,,Change of plans,Not Applicable,Not Applicable,Not Applicable,258,Not Applicable,0,,
2024-07-30 07:43:00,CNR1541672422,Success,CID280007,Mini,Cox Town,Frazer Town,105.0,125.0,Not Applicable,Not Applicable,No,Not Applicable,996,UPI,16,3.9,4.6
2024-07-21 03:45:00,CNR9366912979,Canceled by Driver,CID729776,Prime SUV,Richmond Town,Whitefield,,,Not Applicable,Personal & Car related issue,Not Applicable,Not Applicable,242,Not Applicable,0,,
2024-07-14 14:46:00,CNR9355720693,Success,CID241729,Mini,Bellandur,Indiranagar,84.0,35.0,Not Applicable,Not Applicable,No,Not Applicable,109,Cash,44,4.1,3.5
2024-07-11 19:16:00,CNR1812685311,Success,CID990494,Prime Sedan,Kadugodi,Kammanahalli,245.0,100.0,Not Applicable,Not Applicable,No,Not Applicable,2001,UPI,31,4.3,4.0
2024-07-05 04:02:00,CNR8068850588,Success,CID492090,Prime SUV,Sarjapur Road,Yelahanka,189.0,135.0,Not Applicable,Not Applicable,Yes,Customer Demand,381,UPI,29,3.6,4.0
2024-07-08 19:36:00,CNR1090241527,Success,CID284881,eBike,Electronic City,BTM Layout,91.0,80.0,Not Applicable,Not Applicable,No,Not Applicable,827,UPI,44,4.7,4.3
2024-07-29 01:04:00,CNR3815987526,Driver Not Found,CID684217,Auto,MG Road,JP Nagar,,,Not Applicable,Not Applicable,Not Applicable,Not Applicable,349,Not Applicable,0,,
2024-07-14 13:52:00,CNR9842341859,Canceled by Driver,CID282763,Prime Plus,Yeshwanthpur,Kammanahalli,,,Not Applicable,Customer was coughing/sick,Not Applicable,Not Applicable,2389,Not Applicable,0,,
2024-07-25 17:26:00,CNR3276420402,Driver Not Found,CID927573,Bike,Mysore Road,Basavanagudi,,,Not Applicable,Not Applicable,Not Applicable,Not Applicable,513,Not Applicable,0,,
2024-07-08 12:07:00,CNR9415931862,Success,CID507751,Prime SUV,Shantinagar,Yelahanka,126.0,100.0,Not Applicable,Not Applicable,No,Not Applicable,746,Credit Card,43,3.0,3.4
2024-07-01 20:04:00,CNR1195672626,Success,CID435230,eBike,Hosur Road,Indiranagar,112.0,85.0,Not Applicable,Not Applicable,No,Not Applicable,362,UPI,21,4.5,4.9
2024-07-24 10:47:00,CNR3950484159,Success,CID890838,Prime Sedan,Vijayanagar,Electronic City,119.0,115.0,Not Applicable,Not Applicable,No,Not Applicable,820,UPI,31,3.9,4.6
2024-07-11 11:05:00,CNR4571611592,Driver Not Found,CID775259,Prime SUV,Koramangala,Jayanagar,,,Not Applicable,Not Applicable,Not Applicable,Not Applicable,288,Not Applicable,0,,
2024-07-11 06:28:00,CNR5736779946,Canceled by Customer,CID267520,Prime Plus,Langford Town,Jayanagar,,,Wrong Address,Not Applicable,Not Applicable,Not Applicable,142,Not Applicable,0,,
2024-07-08 23:29:00,CNR9715636682,Success,CID281399,Mini,Electronic City,Sahakar Nagar,56.0,40.0,Not Applicable,Not Applicable,No,Not Applicable,402,Cash,3,4.8,4.9
2024-07-01 19:21:00,CNR3486100561,Success,CID753899,eBike,Shivajinagar,Hulimavu,84.0,120.0,Not Applicable,Not Applicable,No,Not Applicable,306,Cash,16,4.1,3.4
2024-07-08 15:20:00,CNR7039708022,Success,CID815476,Bike,Whitefield,Varthur,252.0,75.0,Not Applicable,Not Applicable,No,Not Applicable,292,Cash,47,4.9,4.3
2024-07-03 14:40:00,CNR9349523190,Success,CID577526,Prime Plus,Shivajinagar,Ramamurthy Nagar,168.0,95.0,Not Applicable,Not Applicable,No,Not Applicable,341,Debit Card,28,4.8,4.4
2024-07-15 02:53:00,CNR6486130312,Success,CID644370,Auto,JP Nagar,Bellandur,175.0,140.0,Not Applicable,Not Applicable,No,Not Applicable,162,Cash,4,3.8,4.5
2024-07-25 10:51:00,CNR7019271694,Canceled by Customer,CID654583,Prime Sedan,Bannerghatta Road,Whitefield,,,Driver is not moving towards pickup location,Not Applicable,Not Applicable,Not Applicable,496,Not Applicable,0,,
2024-07-06 10:21:00,CNR8497285142,Canceled by Driver,CID217646,Prime Sedan,Rajajinagar,MG Road,,,Not Applicable,Customer related issue,Not Applicable,Not Applicable,192,Not Applicable,0,,
2024-07-03 22:51:00,CNR6686169791,Driver Not Found,CID447985,Prime Plus,Shivajinagar,Ramamurthy Nagar,,,Not Applicable,Not Applicable,Not Applicable,Not Applicable,1199,Not Applicable,0,,
2024-07-15 05:03:00,CNR1536696100,Success,CID649128,Prime Plus,Indiranagar,Chamarajpet,175.0,135.0,Not Applicable,Not Applicable,No,Not Applicable,322,UPI,7,4.9,4.8
2024-07-30 11:48:00,CNR1686486714,Success,CID561118,Bike,Vijayanagar,Hulimavu,210.0,90.0,Not Applicable,Not Applicable,No,Not Applicable,260,UPI,26,4.7,4.9
2024-07-02 15:26:00,CNR1363756071,Success,CID959240,Prime Plus,Hosur Road,Hebbal,112.0,115.0,Not Applicable,Not Applicable,No,Not Applicable,353,Cash,9,3.1,3.0
2024-07-09 20:40:00,CNR4933790177,Driver Not Found,CID207561,Mini,Hennur,Kadugodi,,,Not Applicable,Not Applicable,Not Applicable,Not Applicable,114,Not Applicable,0,,
2024-07-29 10:06:00,CNR3250288402,Success,CID782682,Prime SUV,JP Nagar,Banashankari,56.0,90.0,Not Applicable,Not Applicable,No,Not Applicable,402,Cash,33,3.7,4.2
2024-07-01 05:33:00,CNR7046954805,Success,CID475527,Prime SUV,Frazer Town,Vijayanagar,35.0,75.0,Not Applicable,Not Applicable,Yes,Vehicle Breakdown,183,Cash,19,4.0,3.6
2024-07-23 05:59:00,CNR8904126364,Success,CID630921,Prime Sedan,Nagarbhavi,Bellandur,119.0,140.0,Not Applicable,Not Applicable,No,Not Applicable,226,Cash,16,4.8,4.8
2024-07-10 13:30:00,CNR1141475714,Success,CID780006,Mini,RT Nagar,Hulimavu,217.0,140.0,Not Applicable,Not Applicable,No,Not Applicable,112,UPI,7,4.3,3.5
2024-07-17 20:38:00,CNR6060275547,Canceled by Customer,CID243427,Bike,Majestic,Rajajinagar,,,Driver is not moving towards pickup location,Not Applicable,Not Applicable,Not Applicable,218,Not Applicable,0,,
2024-07-26 05:28:00,CNR7725296447,Canceled by Customer,CID191679,Prime SUV,Chamarajpet,Rajarajeshwari Nagar,,,Driver asked to cancel,Not Applicable,Not Applicable,Not Applicable,171,Not Applicable,0,,
2024-07-02 06:33:00,CNR5638706347,Success,CID775291,eBike,Jayanagar,Basavanagudi,161.0,145.0,Not Applicable,Not Applicable,No,Not Applicable,169,Cash,47,3.7,3.7
2024-07-08 14:28:00,CNR6896319293,Canceled by Driver,CID307638,Prime Plus,Majestic,Tumkur Road,,,Not Applicable,Customer related issue,Not Applicable,Not Applicable,377,Not Applicable,0,,
2024-07-16 16:03:00,CNR1029610077,Success,CID610887,Prime Sedan,Tumkur Road,Chickpet,77.0,55.0,Not Applicable,Not Applicable,No,Not Applicable,2322,Cash,22,3.4,3.9
2024-07-13 07:11:00,CNR9906718416,Success,CID349817,eBike,HSR Layout,Frazer Town,287.0,120.0,Not Applicable,Not Applicable,No,Not Applicable,1036,Cash,21,4.7,4.3
2024-07-21 22:22:00,CNR3186713359,Success,CID766892,Bike,Chamarajpet,Koramangala,154.0,125.0,Not Applicable,Not Applicable,No,Not Applicable,443,Cash,43,4.0,4.3
2024-07-26 06:39:00,CNR8990614842,Canceled by Driver,CID695146,Mini,Whitefield,Indiranagar,,,Not Applicable,Customer related issue,Not Applicable,Not Applicable,426,Not Applicable,0,,
2024-07-17 23:33:00,CNR6737394912,Canceled by Driver,CID344987,Mini,Cox Town,Cox Town,,,Not Applicable,Personal & Car related issue,Not Applicable,Not Applicable,576,Not Applicable,0,,
2024-07-30 02:01:00,CNR7244222728,Canceled by Driver,CID424109,Prime SUV,Magadi Road,KR Puram,,,Not Applicable,Personal & Car related issue,Not Applicable,Not Applicable,213,Not Applicable,0,,
2024-07-14 21:42:00,CNR2686510291,Canceled by Driver,CID716856,Prime Plus,Padmanabhanagar,Basavanagudi,,,Not Applicable,Personal & Car related issue,Not Applicable,Not Applicable,385,Not Applicable,0,,
2024-07-08 22:01:00,CNR7181680975,Driver Not Found,CID639627,Prime Plus,Indiranagar,Frazer Town,,,Not Applicable,Not Applicable,Not Applicable,Not Applicable,144,Not Applicable,0,,
2024-07-24 01:52:00,CNR9894763050,Success,CID455305,Auto,Richmond Town,Frazer Town,147.0,115.0,Not Applicable,Not Applicable,No,Not Applicable,492,UPI,15,4.2,3.4
2024-07-25 19:23:00,CNR5359264225,Canceled by Customer,CID437891,Prime SUV,Tumkur Road,Padmanabhanagar,,,Wrong Address,Not Applicable,Not Applicable,Not Applicable,525,Not Applicable,0,,
2024-07-06 18:30:00,CNR2776644859,Canceled by Driver,CID437108,Prime SUV,Whitefield,Yelahanka,,,Not Applicable,Personal & Car related issue,Not Applicable,Not Applicable,322,Not Applicable,0,,
2024-07-05 18:51:00,CNR9123873110,Success,CID554535,Prime SUV,Nagarbhavi,Mysore Road,224.0,60.0,Not Applicable,Not Applicable,No,Not Applicable,297,Cash,26,3.1,3.6
2024-07-07 08:18:00,CNR4529310236,Success,CID135045,Auto,Kammanahalli,Shantinagar,294.0,95.0,Not Applicable,Not Applicable,No,Not Applicable,272,Credit Card,8,3.4,3.7
2024-07-06 08:10:00,CNR4126891834,Success,CID427486,Mini,Electronic City,MG Road,154.0,105.0,Not Applicable,Not Applicable,No,Not Applicable,305,UPI,24,4.9,4.9
2024-07-06 00:26:00,CNR6547233588,Canceled by Customer,CID805027,eBike,Hosur Road,RT Nagar,,,Driver asked to cancel,Not Applicable,Not Applicable,Not Applicable,211,Not Applicable,0,,
2024-07-13 18:09:00,CNR2981674991,Success,CID249338,eBike,Ulsoor,Basavanagudi,294.0,55.0,Not Applicable,Not Applicable,No,Not Applicable,266,Cash,35,4.9,3.6
2024-07-17 04:21:00,CNR8628347930,Success,CID288406,eBike,Marathahalli,JP Nagar,133.0,125.0,Not Applicable,Not Applicable,No,Not Applicable,184,Cash,12,3.8,4.4
2024-07-01 04:46:00,CNR1100782098,Success,CID614737,eBike,Indiranagar,Koramangala,175.0,130.0,Not Applicable,Not Applicable,No,Not Applicable,656,UPI,19,3.0,4.8
2024-07-28 16:09:00,CNR2603154964,Driver Not Found,CID683115,Prime Sedan,Kadugodi,Yeshwanthpur,,,Not Applicable,Not Applicable,Not Applicable,Not Applicable,821,Not Applicable,0,,
2024-07-14 18:36:00,CNR7071609611,Success,CID891430,Prime Plus,Bellandur,Malleshwaram,140.0,70.0,Not Applicable,Not Applicable,No,Not Applicable,137,Cash,3,4.1,3.3
2024-07-05 08:49:00,CNR6463565285,Success,CID465356,Prime Plus,Hulimavu,Nagarbhavi,154.0,70.0,Not Applicable,Not Applicable,No,Not Applicable,694,Cash,34,3.7,3.5
2024-07-06 06:55:00,CNR6517625145,Success,CID984983,Prime Plus,Kadugodi,Basavanagudi,140.0,130.0,Not Applicable,Not Applicable,No,Not Applicable,993,UPI,3,3.7,4.4
2024-07-29 06:57:00,CNR9079672132,Canceled by Driver,CID599216,Bike,Chickpet,Vijayanagar,,,Not Applicable,Customer related issue,Not Applicable,Not Applicable,763,Not Applicable,0,,
2024-07-02 21:20:00,CNR9207191503,Success,CID292322,Auto,Hulimavu,Hulimavu,308.0,80.0,Not Applicable,Not Applicable,Yes,Vehicle Breakdown,148,Cash,1,4.2,3.6
2024-07-22 07:35:00,CNR4382108541,Canceled by Customer,CID427642,Prime SUV,Ulsoor,RT Nagar,,,Driver asked to cancel,Not Applicable,Not Applicable,Not Applicable,140,Not Applicable,0,,
2024-07-30 04:30:00,CNR6633298095,Canceled by Driver,CID162562,Prime SUV,Padmanabhanagar,Electronic City,,,Not Applicable,Personal & Car related issue,Not Applicable,Not Applicable,250,Not Applicable,0,,
2024-07-07 19:46:00,CNR6811748566,Success,CID574543,Prime Plus,Kammanahalli,Majestic,196.0,110.0,Not Applicable,Not Applicable,No,Not Applicable,233,UPI,46,4.1,3.0
2024-07-02 08:28:00,CNR7400072898,Canceled by Driver,CID801446,Prime Plus,Basavanagudi,Jayanagar,,,Not Applicable,Customer related issue,Not Applicable,Not Applicable,2945,Not Applicable,0,,
2024-07-21 22:48:00,CNR2168250979,Canceled by Driver,CID390354,Prime SUV,MG Road,Hebbal,,,Not Applicable,Customer was coughing/sick,Not Applicable,Not Applicable,102,Not Applicable,0,,
2024-07-16 00:30:00,CNR4123925741,Success,CID748172,eBike,Chickpet,Shivajinagar,259.0,75.0,Not Applicable,Not Applicable,No,Not Applicable,326,Cash,37,4.3,4.0
2024-07-12 02:11:00,CNR3366767142,Success,CID445618,Bike,Whitefield,JP Nagar,175.0,80.0,Not Applicable,Not Applicable,No,Not Applicable,310,Cash,45,4.0,3.6
2024-07-12 05:40:00,CNR2716014259,Success,CID899695,Bike,Hennur,Bannerghatta Road,217.0,115.0,Not Applicable,Not Applicable,No,Not Applicable,492,UPI,41,3.1,3.5
2024-07-16 11:44:00,CNR2941509263,Driver Not Found,CID979208,Auto,Majestic,Richmond Town,,,Not Applicable,Not Applicable,Not Applicable,Not Applicable,413,Not Applicable,0,,
2024-07-17 14:07:00,CNR3816890722,Driver Not Found,CID847619,Prime SUV,Chickpet,Banashankari,,,Not Applicable,Not Applicable,Not Applicable,Not Applicable,2542,Not Applicable,0,,
2024-07-13 20:50:00,CNR8588486731,Success,CID847744,Bike,Ramamurthy Nagar,Chickpet,266.0,35.0,Not Applicable,Not Applicable,No,Not Applicable,201,UPI,11,4.6,3.4
2024-07-30 09:59:00,CNR8951104864,Canceled by Driver,CID367593,eBike,BTM Layout,Peenya,,,Not Applicable,Personal & Car related issue,Not Applicable,Not Applicable,434,Not Applicable,0,,
2024-07-13 00:38:00,CNR4032073393,Success,CID634399,Prime SUV,RT Nagar,Chickpet,189.0,135.0,Not Applicable,Not Applicable,Yes,Vehicle Breakdown,584,Cash,16,4.6,4.7
2024-07-16 06:47:00,CNR4086326994,Success,CID599352,Prime Sedan,Cox Town,Koramangala,203.0,75.0,Not Applicable,Not Applicable,No,Not Applicable,488,Cash,7,3.7,4.3
2024-07-21 10:37:00,CNR6957174155,Success,CID291688,Bike,Whitefield,Indiranagar,77.0,40.0,Not Applicable,Not Applicable,No,Not Applicable,328,Cash,16,4.3,3.3
2024-07-20 23:10:00,CNR5268983355,Driver Not Found,CID768455,Prime SUV,Bannerghatta Road,Sahakar Nagar,,,Not Applicable,Not Applicable,Not Applicable,Not Applicable,397,Not Applicable,0,,
2024-07-05 18:07:00,CNR2800024693,Canceled by Customer,CID336966,Prime Sedan,RT Nagar,Hebbal,,,Driver asked to cancel,Not Applicable,Not Applicable,Not Applicable,199,Not Applicable,0,,
2024-07-23 11:27:00,CNR3839890964,Success,CID560456,Mini,BTM Layout,Basavanagudi,126.0,25.0,Not Applicable,Not Applicable,No,Not Applicable,202,UPI,33,3.1,3.4
2024-07-28 21:15:00,CNR1203939967,Success,CID981377,Prime Sedan,JP Nagar,RT Nagar,126.0,90.0,Not Applicable,Not Applicable,No,Not Applicable,149,Cash,33,4.8,3.3
2024-07-09 01:46:00,CNR8154853620,Success,CID463766,Prime Plus,Hosur Road,Frazer Town,231.0,135.0,Not Applicable,Not Applicable,No,Not Applicable,358,UPI,39,4.1,3.5
2024-07-15 05:07:00,CNR5431988864,Success,CID177793,eBike,Yelahanka,MG Road,140.0,70.0,Not Applicable,Not Applicable,No,Not Applicable,296,Cash,4,3.7,3.9
2024-07-29 23:31:00,CNR7351736867,Success,CID145499,eBike,Electronic City,Ulsoor,161.0,100.0,Not Applicable,Not Applicable,No,Not Applicable,403,Cash,43,4.4,4.2
2024-07-08 17:53:00,CNR7070857518,Canceled by Driver,CID743277,eBike,BTM Layout,Shivajinagar,,,Not Applicable,Customer related issue,Not Applicable,Not Applicable,195,Not Applicable,0,,
2024-07-17 20:23:00,CNR8829773875,Canceled by Driver,CID106491,Mini,Majestic,Shantinagar,,,Not Applicable,Customer was coughing/sick,Not Applicable,Not Applicable,198,Not Applicable,0,,
2024-07-20 21:43:00,CNR3687139302,Success,CID246074,eBike,Basavanagudi,Chamarajpet,210.0,35.0,Not Applicable,Not Applicable,Yes,Customer Demand,156,UPI,23,3.1,3.7
2024-07-26 21:04:00,CNR8451865076,Success,CID677621,Prime SUV,Electronic City,Ulsoor,301.0,50.0,Not Applicable,Not Applicable,No,Not Applicable,172,UPI,42,3.6,4.4
2024-07-01 06:44:00,CNR3271028337,Canceled by Customer,CID254405,Auto,Bannerghatta Road,Cox Town,,,Wrong Address,Not Applicable,Not Applicable,Not Applicable,432,Not Applicable,0,,
2024-07-29 18:24:00,CNR3394175423,Success,CID120498,Mini,Basavanagudi,Mysore Road,266.0,90.0,Not Applicable,Not Applicable,No,Not Applicable,938,Cash,27,4.9,3.2
2024-07-22 08:17:00,CNR2046603670,Success,CID632180,Prime Sedan,Magadi Road,Nagarbhavi,252.0,40.0,Not Applicable,Not Applicable,No,Not Applicable,407,Cash,4,3.8,4.3
2024-07-20 19:31:00,CNR7118172829,Success,CID750859,Bike,Nagarbhavi,Indiranagar,238.0,90.0,Not Applicable,Not Applicable,No,Not Applicable,435,Cash,4,4.8,5.0
2024-07-19 05:01:00,CNR7786703524,Success,CID502462,eBike,Sahakar Nagar,HSR Layout,35.0,135.0,Not Applicable,Not Applicable,No,Not Applicable,665,UPI,6,4.7,4.5
2024-07-22 23:03:00,CNR1126124337,Canceled by Customer,CID242013,Bike,Yeshwanthpur,Hebbal,,,Driver asked to cancel,Not Applicable,Not Applicable,Not Applicable,181,Not Applicable,0,,
2024-07-22 17:52:00,CNR7242754857,Success,CID643091,eBike,Shantinagar,Electronic City,245.0,115.0,Not Applicable,Not Applicable,Yes,Vehicle Breakdown,291,Cash,17,4.5,3.5
2024-07-07 15:32:00,CNR7030238012,Canceled by Customer,CID328256,Bike,Banashankari,Hebbal,,,Driver is not moving towards pickup location,Not Applicable,Not Applicable,Not Applicable,908,Not Applicable,0,,
2024-07-17 11:31:00,CNR7275122112,Canceled by Driver,CID646216,Auto,JP Nagar,Cox Town,,,Not Applicable,Customer related issue,Not Applicable,Not Applicable,335,Not Applicable,0,,
2024-07-23 18:39:00,CNR7774048275,Success,CID380514,Mini,Kadugodi,Magadi Road,294.0,130.0,Not Applicable,Not Applicable,No,Not Applicable,183,UPI,25,3.3,4.4
2024-07-08 20:19:00,CNR5861248069,Success,CID667444,Auto,Marathahalli,Kengeri,126.0,110.0,Not Applicable,Not Applicable,No,Not Applicable,232,Cash,10,4.6,3.9
2024-07-06 05:24:00,CNR8843073559,Driver Not Found,CID394292,Mini,Electronic City,Electronic City,,,Not Applicable,Not Applicable,Not Applicable,Not Applicable,124,Not Applicable,0,,
2024-07-19 14:55:00,CNR7359131744,Success,CID845456,Bike,Padmanabhanagar,Sahakar Nagar,224.0,110.0,Not Applicable,Not Applicable,No,Not Applicable,183,UPI,14,3.2,4.1
2024-07-11 11:49:00,CNR7223431052,Success,CID217681,eBike,Ramamurthy Nagar,Hosur Road,154.0,50.0,Not Applicable,Not Applicable,No,Not Applicable,327,Cash,16,3.2,3.6
2024-07-06 18:13:00,CNR3630044963,Success,CID812843,Auto,Shivajinagar,Malleshwaram,203.0,115.0,Not Applicable,Not Applicable,No,Not Applicable,466,UPI,10,3.1,4.2
2024-07-11 05:10:00,CNR6932713067,Success,CID610852,Mini,Chickpet,Koramangala,42.0,80.0,Not Applicable,Not Applicable,No,Not Applicable,495,Cash,29,4.8,4.3
2024-07-11 15:26:00,CNR9016918882,Canceled by Driver,CID957151,Prime SUV,Kengeri,Hosur Road,,,Not Applicable,Customer was coughing/sick,Not Applicable,Not Applicable,437,Not Applicable,0,,
2024-07-07 01:59:00,CNR8485151996,Success,CID925891,Prime Plus,Chickpet,Shantinagar,56.0,130.0,Not Applicable,Not Applicable,No,Not Applicable,520,Cash,34,3.8,4.2
2024-07-20 17:50:00,CNR2168479200,Driver Not Found,CID235795,Prime Sedan,Kadugodi,Langford Town,,,Not Applicable,Not Applicable,Not Applicable,Not Applicable,333,Not Applicable,0,,
2024-07-12 18:59:00,CNR9460258470,Driver Not Found,CID544792,Prime Sedan,Rajajinagar,Sarjapur Road,,,Not Applicable,Not Applicable,Not Applicable,Not Applicable,343,Not Applicable,0,,
2024-07-21 10:49:00,CNR8744419360,Driver Not Found,CID211963,Auto,Bellandur,Hulimavu,,,Not Applicable,Not Applicable,Not Applicable,Not Applicable,118,Not Applicable,0,,
2024-07-18 03:09:00,CNR2630321063,Success,CID407776,Mini,Nagarbhavi,Cox Town,280.0,110.0,Not Applicable,Not Applicable,No,Not Applicable,477,Cash,3,4.1,3.2
2024-07-01 22:53:00,CNR3812647722,Success,CID534265,Prime Sedan,Kadugodi,Marathahalli,294.0,60.0,Not Applicable,Not Applicable,No,Not Applicable,540,UPI,19,3.6,3.1
2024-07-18 09:33:00,CNR8159297854,Driver Not Found,CID716674,Prime Plus,Langford Town,Hennur,,,Not Applicable,Not Applicable,Not Applicable,Not Applicable,819,Not Applicable,0,,
2024-07-02 09:56:00,CNR9215035240,Success,CID681341,Prime SUV,Padmanabhanagar,Koramangala,126.0,100.0,Not Applicable,Not Applicable,No,Not Applicable,312,Cash,47,4.3,4.1
2024-07-16 17:35:00,CNR3334522210,Success,CID137323,Auto,JP Nagar,Chamarajpet,182.0,85.0,Not Applicable,Not Applicable,No,Not Applicable,180,UPI,3,4.1,4.1
2024-07-22 12:41:00,CNR5370604352,Success,CID656822,Auto,Hosur Road,Marathahalli,252.0,110.0,Not Applicable,Not Applicable,No,Not Applicable,126,Cash,16,3.1,3.7
2024-07-20 02:23:00,CNR9489384576,Canceled by Driver,CID704059,Prime SUV,Whitefield,Vijayanagar,,,Not Applicable,Customer was coughing/sick,Not Applicable,Not Applicable,148,Not Applicable,0,,
2024-07-23 08:28:00,CNR8892682822,Canceled by Driver,CID659647,eBike,Tumkur Road,Hebbal,,,Not Applicable,Customer related issue,Not Applicable,Not Applicable,341,Not Applicable,0,,
2024-07-30 20:31:00,CNR8623457130,Canceled by Driver,CID867993,Prime Plus,Yelahanka,JP Nagar,,,Not Applicable,Customer related issue,Not Applicable,Not Applicable,218,Not Applicable,0,,
2024-07-23 12:21:00,CNR2606729918,Success,CID182217,Prime Plus,KR Puram,BTM Layout,126.0,115.0,Not Applicable,Not Applicable,No,Not Applicable,961,Cash,46,4.6,4.8
2024-07-21 06:33:00,CNR4910497501,Success,CID745904,Prime Plus,Shivajinagar,JP Nagar,231.0,70.0,Not Applicable,Not Applicable,No,Not Applicable,143,Cash,14,4.4,4.6
2024-07-23 01:19:00,CNR6213092486,Canceled by Driver,CID118707,Prime Plus,Hennur,Jayanagar,,,Not Applicable,Personal & Car related issue,Not Applicable,Not Applicable,157,Not Applicable,0,,
2024-07-04 18:12:00,CNR8569132298,Success,CID316533,eBike,Ramamurthy Nagar,Hosur Road,308.0,120.0,Not Applicable,Not Applicable,Yes,Vehicle Breakdown,385,Cash,47,4.9,4.8
2024-07-22 17:17:00,CNR5733465948,Canceled by Customer,CID176405,Auto,Devanahalli,Sarjapur Road,,,Driver is not moving towards pickup location,Not Applicable,Not Applicable,Not Applicable,389,Not Applicable,0,,
2024-07-24 13:25:00,CNR3755344403,Success,CID181469,Auto,RT Nagar,Majestic,266.0,65.0,Not Applicable,Not Applicable,No,Not Applicable,415,Cash,14,4.2,3.9
2024-07-23 00:27:00,CNR7931369194,Success,CID522871,Prime Plus,Hosur Road,Chamarajpet,196.0,110.0,Not Applicable,Not Applicable,Yes,Vehicle Breakdown,631,UPI,8,3.5,4.6
2024-07-04 19:32:00,CNR1869409728,Success,CID868122,Prime Sedan,Hosur Road,Electronic City,294.0,45.0,Not Applicable,Not Applicable,No,Not Applicable,146,Cash,26,3.0,3.9
2024-07-23 01:49:00,CNR5738108627,Canceled by Customer,CID736490,Auto,Frazer Town,MG Road,,,Driver asked to cancel,Not Applicable,Not Applicable,Not Applicable,281,Not Applicable,0,,
2024-07-29 03:27:00,CNR9300072809,Success,CID206130,Prime Plus,Chamarajpet,JP Nagar,42.0,115.0,Not Applicable,Not Applicable,No,Not Applicable,486,UPI,45,3.7,4.1
2024-07-21 11:10:00,CNR4845466264,Success,CID555881,Prime Plus,Hosur Road,Indiranagar,231.0,50.0,Not Applicable,Not Applicable,No,Not Applicable,413,Cash,40,3.9,4.0
2024-07-10 03:18:00,CNR2119664610,Success,CID473661,Prime Plus,Richmond Town,Peenya,273.0,90.0,Not Applicable,Not Applicable,No,Not Applicable,209,Cash,33,3.7,4.2
2024-07-22 17:52:00,CNR3800290435,Success,CID481592,Prime SUV,Basavanagudi,Bannerghatta Road,294.0,110.0,Not Applicable,Not Applicable,No,Not Applicable,272,Credit Card,22,3.0,3.6
2024-07-20 02:14:00,CNR2545421132,Success,CID697369,Bike,Hebbal,HSR Layout,154.0,65.0,Not Applicable,Not Applicable,No,Not Applicable,1310,Cash,3,4.4,3.5
2024-07-01 22:24:00,CNR1725715589,Success,CID769966,Prime Sedan,Majestic,Kammanahalli,35.0,110.0,Not Applicable,Not Applicable,No,Not Applicable,783,Cash,9,4.8,4.1
2024-07-14 14:17:00,CNR7904265795,Success,CID510543,Prime Sedan,KR Puram,Kadugodi,161.0,85.0,Not Applicable,Not Applicable,No,Not Applicable,423,UPI,19,3.4,4.7
2024-07-06 14:02:00,CNR5162544750,Success,CID905210,eBike,Sarjapur Road,Koramangala,91.0,130.0,Not Applicable,Not Applicable,No,Not Applicable,268,UPI,34,5.0,3.9
2024-07-09 22:07:00,CNR6574155272,Canceled by Driver,CID904377,Mini,Kengeri,Banashankari,,,Not Applicable,More than permitted people in there,Not Applicable,Not Applicable,515,Not Applicable,0,,
2024-07-12 14:05:00,CNR9171920895,Driver Not Found,CID389252,Prime Plus,Hulimavu,Koramangala,,,Not Applicable,Not Applicable,Not Applicable,Not Applicable,371,Not Applicable,0,,
2024-07-29 22:12:00,CNR4868798182,Success,CID262102,Auto,Chamarajpet,Ramamurthy Nagar,133.0,65.0,Not Applicable,Not Applicable,No,Not Applicable,131,Cash,18,3.5,4.0
2024-07-24 05:18:00,CNR6482163924,Success,CID901911,Bike,Sahakar Nagar,Rajarajeshwari Nagar,266.0,110.0,Not Applicable,Not Applicable,No,Not Applicable,878,Cash,47,3.7,5.0
2024-07-22 22:19:00,CNR7773393266,Success,CID460471,Prime Sedan,Indiranagar,Chickpet,280.0,70.0,Not Applicable,Not Applicable,No,Not Applicable,227,Cash,20,3.5,3.6
2024-07-18 08:12:00,CNR1846103032,Success,CID755287,Mini,Magadi Road,Sahakar Nagar,91.0,70.0,Not Applicable,Not Applicable,No,Not Applicable,433,Cash,40,3.1,4.8
2024-07-10 11:22:00,CNR5650181550,Canceled by Driver,CID747597,Prime SUV,BTM Layout,MG Road,,,Not Applicable,Customer was coughing/sick,Not Applicable,Not Applicable,972,Not Applicable,0,,
2024-07-03 08:27:00,CNR9154874508,Success,CID720001,Prime Plus,Bellandur,Majestic,56.0,130.0,Not Applicable,Not Applicable,No,Not Applicable,391,UPI,11,4.7,3.8
2024-07-12 14:56:00,CNR4798740056,Driver Not Found,CID109938,Prime Sedan,Ulsoor,Whitefield,,,Not Applicable,Not Applicable,Not Applicable,Not Applicable,176,Not Applicable,0,,
2024-07-10 20:00:00,CNR5072955224,Success,CID798156,Mini,Ulsoor,BTM Layout,42.0,125.0,Not Applicable,Not Applicable,No,Not Applicable,258,UPI,36,3.3,3.9
2024-07-02 20:39:00,CNR5391890761,Success,CID906819,Prime Sedan,Vijayanagar,Marathahalli,84.0,95.0,Not Applicable,Not Applicable,No,Not Applicable,173,Credit Card,11,3.2,4.6
2024-07-19 04:18:00,CNR6288985500,Driver Not Found,CID635041,Prime Plus,Chickpet,Whitefield,,,Not Applicable,Not Applicable,Not Applicable,Not Applicable,371,Not Applicable,0,,
2024-07-08 11:50:00,CNR2301444957,Success,CID240419,Prime Sedan,HSR Layout,Marathahalli,91.0,60.0,Not Applicable,Not Applicable,No,Not Applicable,393,Cash,41,3.5,4.2
2024-07-28 17:43:00,CNR5970928519,Canceled by Customer,CID550585,Auto,BTM Layout,Padmanabhanagar,,,Driver asked to cancel,Not Applicable,Not Applicable,Not Applicable,747,Not Applicable,0,,
2024-07-28 10:53:00,CNR2173973652,Success,CID994570,Mini,Marathahalli,Hulimavu,91.0,135.0,Not Applicable,Not Applicable,No,Not Applicable,516,UPI,32,3.3,3.7
2024-07-30 23:29:00,CNR1542885764,Success,CID473400,eBike,Basavanagudi,Cox Town,294.0,25.0,Not Applicable,Not Applicable,No,Not Applicable,1416,Cash,43,4.7,4.1
2024-07-01 03:04:00,CNR9544827072,Success,CID978987,Prime Plus,Whitefield,Vijayanagar,245.0,140.0,Not Applicable,Not Applicable,No,Not Applicable,2767,UPI,4,4.5,5.0
2024-07-30 09:01:00,CNR1518929345,Success,CID154520,Auto,Hennur,HSR Layout,189.0,65.0,Not Applicable,Not Applicable,No,Not Applicable,546,UPI,11,3.8,3.4
2024-07-30 02:21:00,CNR3011091229,Success,CID682076,Auto,Peenya,JP Nagar,91.0,30.0,Not Applicable,Not Applicable,No,Not Applicable,337,Cash,13,3.5,4.2
2024-07-10 00:16:00,CNR3769238986,Success,CID218509,Prime SUV,Sarjapur Road,Hebbal,294.0,110.0,Not Applicable,Not Applicable,No,Not Applicable,364,UPI,4,3.2,3.8
2024-07-11 21:09:00,CNR6364887637,Success,CID870067,eBike,Bellandur,Rajajinagar,266.0,95.0,Not Applicable,Not Applicable,No,Not Applicable,459,Cash,30,4.5,3.8
2024-07-20 03:34:00,CNR2672165642,Success,CID392739,Bike,Malleshwaram,Cox Town,280.0,70.0,Not Applicable,Not Applicable,Yes,Vehicle Breakdown,158,UPI,42,3.6,4.4
2024-07-11 21:57:00,CNR5055155767,Success,CID250600,Prime Sedan,Sarjapur Road,Rajarajeshwari Nagar,154.0,65.0,Not Applicable,Not Applicable,No,Not Applicable,363,Credit Card,7,3.9,4.5
2024-07-06 17:03:00,CNR5857812784,Success,CID422528,Prime Plus,Hebbal,Bellandur,217.0,70.0,Not Applicable,Not Applicable,No,Not Applicable,286,Cash,38,3.0,3.7
2024-07-16 15:23:00,CNR4573931239,Driver Not Found,CID835935,eBike,Kammanahalli,Peenya,,,Not Applicable,Not Applicable,Not Applicable,Not Applicable,524,Not Applicable,0,,
2024-07-06 09:16:00,CNR5741625558,Driver Not Found,CID469905,Prime Plus,JP Nagar,Ramamurthy Nagar,,,Not Applicable,Not Applicable,Not Applicable,Not Applicable,256,Not Applicable,0,,
2024-07-08 01:38:00,CNR9385975161,Success,CID489308,eBike,Shivajinagar,Hebbal,84.0,100.0,Not Applicable,Not Applicable,No,Not Applicable,286,Cash,28,4.2,4.8
2024-07-11 16:47:00,CNR1636878806,Success,CID122243,eBike,Hulimavu,Kammanahalli,133.0,35.0,Not Applicable,Not Applicable,No,Not Applicable,650,Cash,25,3.8,3.5
2024-07-04 17:31:00,CNR8103159633,Success,CID582224,eBike,Peenya,Yeshwanthpur,294.0,30.0,Not Applicable,Not Applicable,No,Not Applicable,119,UPI,25,4.6,4.9
2024-07-30 05:55:00,CNR6954358702,Success,CID615685,Prime SUV,Cox Town,HSR Layout,252.0,45.0,Not Applicable,Not Applicable,No,Not Applicable,307,Cash,34,4.5,4.3
2024-07-18 22:53:00,CNR6854767577,Success,CID946062,Auto,Banashankari,Nagarbhavi,203.0,120.0,Not Applicable,Not Applicable,No,Not Applicable,346,UPI,13,3.3,4.2
2024-07-11 10:30:00,CNR2495676407,Canceled by Driver,CID453663,Bike,Langford Town,Yelahanka,,,Not Applicable,More than permitted people in there,Not Applicable,Not Applicable,106,Not Applicable,0,,
2024-07-07 23:06:00,CNR8548079227,Driver Not Found,CID205565,eBike,Kengeri,Sarjapur Road,,,Not Applicable,Not Applicable,Not Applicable,Not Applicable,224,Not Applicable,0,,
2024-07-26 23:22:00,CNR4036280245,Success,CID503353,eBike,Hebbal,Majestic,245.0,85.0,Not Applicable,Not Applicable,No,Not Applicable,205,UPI,10,3.2,3.9
2024-07-06 08:54:00,CNR4734918411,Success,CID637032,Prime Plus,Malleshwaram,Tumkur Road,217.0,85.0,Not Applicable,Not Applicable,No,Not Applicable,435,Cash,6,4.1,4.8
2024-07-04 20:21:00,CNR8980944510,Driver Not Found,CID593605,Prime Plus,Sahakar Nagar,Hennur,,,Not Applicable,Not Applicable,Not Applicable,Not Applicable,332,Not Applicable,0,,
2024-07-11 15:17:00,CNR1031278912,Driver Not Found,CID186218,eBike,Frazer Town,Hebbal,,,Not Applicable,Not Applicable,Not Applicable,Not Applicable,351,Not Applicable,0,,
2024-07-23 13:24:00,CNR8807977456,Success,CID316439,Prime Plus,JP Nagar,RT Nagar,238.0,45.0,Not Applicable,Not Applicable,No,Not Applicable,445,UPI,20,4.9,3.7
2024-07-18 17:23:00,CNR4678662370,Canceled by Customer,CID968544,Prime SUV,Malleshwaram,Hosur Road,,,Change of plans,Not Applicable,Not Applicable,Not Applicable,105,Not Applicable,0,,
2024-07-24 04:04:00,CNR9367577369,Canceled by Driver,CID916726,Mini,Mysore Road,Vijayanagar,,,Not Applicable,Personal & Car related issue,Not Applicable,Not Applicable,741,Not Applicable,0,,
2024-07-15 07:16:00,CNR3398162986,Success,CID648375,eBike,Magadi Road,Padmanabhanagar,294.0,75.0,Not Applicable,Not Applicable,No,Not Applicable,129,UPI,1,3.1,3.9
2024-07-19 14:37:00,CNR7033466000,Success,CID643566,Mini,Sahakar Nagar,Kadugodi,42.0,55.0,Not Applicable,Not Applicable,No,Not Applicable,406,Cash,47,3.7,4.1
2024-07-29 10:04:00,CNR8688866690,Success,CID191653,Prime Sedan,Marathahalli,Hebbal,168.0,25.0,Not Applicable,Not Applicable,No,Not Applicable,310,Cash,3,4.4,4.6
2024-07-23 02:32:00,CNR3217981688,Success,CID270863,Prime Sedan,Hosur Road,Malleshwaram,273.0,60.0,Not Applicable,Not Applicable,No,Not Applicable,270,Cash,4,3.5,4.6
2024-07-17 03:54:00,CNR1062207294,Success,CID178308,eBike,Electronic City,Vijayanagar,175.0,125.0,Not Applicable,Not Applicable,No,Not Applicable,196,UPI,19,3.7,4.9
2024-07-10 09:24:00,CNR5994079560,Success,CID252942,Bike,Jayanagar,Padmanabhanagar,259.0,75.0,Not Applicable,Not Applicable,No,Not Applicable,2285,UPI,48,3.2,3.8
2024-07-01 11:14:00,CNR9563752339,Success,CID888889,Prime SUV,Cox Town,Rajajinagar,105.0,110.0,Not Applicable,Not Applicable,No,Not Applicable,530,UPI,43,3.2,3.6
2024-07-29 13:13:00,CNR6447786148,Success,CID292747,Prime Plus,Peenya,Kengeri,168.0,105.0,Not Applicable,Not Applicable,No,Not Applicable,372,Cash,29,4.0,4.9
2024-07-10 07:45:00,CNR3499711514,Success,CID222281,Bike,Shivajinagar,Indiranagar,189.0,50.0,Not Applicable,Not Applicable,No,Not Applicable,1882,UPI,14,4.5,3.1
2024-07-03 08:35:00,CNR8298388465,Success,CID143465,Prime SUV,Langford Town,Marathahalli,259.0,40.0,Not Applicable,Not Applicable,No,Not Applicable,461,Cash,19,4.8,4.3
2024-07-19 16:21:00,CNR1740050141,Success,CID971360,Auto,Chickpet,Ulsoor,259.0,95.0,Not Applicable,Not Applicable,Yes,Customer Demand,300,UPI,15,3.6,3.5
2024-07-18 13:02:00,CNR3773740904,Success,CID191826,Prime Plus,Hennur,Hebbal,294.0,85.0,Not Applicable,Not Applicable,No,Not Applicable,406,UPI,45,4.9,3.2
2024-07-28 09:04:00,CNR9745332793,Driver Not Found,CID493036,Prime Sedan,Cox Town,Indiranagar,,,Not Applicable,Not Applicable,Not Applicable,Not Applicable,365,Not Applicable,0,,
2024-07-12 20:35:00,CNR4275511221,Success,CID351728,Auto,Richmond Town,Bannerghatta Road,280.0,70.0,Not Applicable,Not Applicable,No,Not Applicable,319,UPI,17,4.1,4.8
2024-07-07 13:13:00,CNR8019234030,Success,CID398073,Prime Plus,Padmanabhanagar,Chickpet,175.0,85.0,Not Applicable,Not Applicable,No,Not Applicable,588,Cash,37,3.1,4.1
2024-07-20 20:29:00,CNR4656714899,Success,CID795735,Prime Plus,Kengeri,Basavanagudi,294.0,25.0,Not Applicable,Not Applicable,No,Not Applicable,389,Cash,30,4.7,3.2
2024-07-20 03:39:00,CNR4720312003,Success,CID878764,Mini,Sarjapur Road,Shivajinagar,105.0,145.0,Not Applicable,Not Applicable,No,Not Applicable,775,Cash,35,4.2,3.7
2024-07-25 06:10:00,CNR7228551806,Canceled by Driver,CID686065,Prime Sedan,Kengeri,Nagarbhavi,,,Not Applicable,Customer related issue,Not Applicable,Not Applicable,304,Not Applicable,0,,
2024-07-28 06:08:00,CNR7792681267,Success,CID121142,Auto,Yelahanka,Frazer Town,63.0,50.0,Not Applicable,Not Applicable,No,Not Applicable,635,UPI,3,4.0,3.0
2024-07-18 03:50:00,CNR3080335592,Success,CID854521,eBike,Varthur,JP Nagar,280.0,125.0,Not Applicable,Not Applicable,No,Not Applicable,553,UPI,27,4.7,3.9
2024-07-10 19:46:00,CNR3508791661,Success,CID110068,eBike,Electronic City,Ramamurthy Nagar,224.0,95.0,Not Applicable,Not Applicable,No,Not Applicable,923,Cash,24,3.4,3.6
2024-07-05 04:21:00,CNR4250066321,Driver Not Found,CID843642,Prime SUV,Varthur,MG Road,,,Not Applicable,Not Applicable,Not Applicable,Not Applicable,766,Not Applicable,0,,
2024-07-10 21:39:00,CNR1711796156,Canceled by Driver,CID374093,Prime Sedan,Whitefield,HSR Layout,,,Not Applicable,More than permitted people in there,Not Applicable,Not Applicable,412,Not Applicable,0,,
2024-07-29 10:40:00,CNR3481031214,Driver Not Found,CID173629,Prime SUV,Frazer Town,Kadugodi,,,Not Applicable,Not Applicable,Not Applicable,Not Applicable,300,Not Applicable,0,,
2024-07-04 13:48:00,CNR9274148932,Canceled by Customer,CID332634,Prime Sedan,Marathahalli,Mysore Road,,,Driver asked to cancel,Not Applicable,Not Applicable,Not Applicable,2322,Not Applicable,0,,
2024-07-30 14:29:00,CNR7759835246,Success,CID936627,Auto,RT Nagar,Yeshwanthpur,63.0,100.0,Not Applicable,Not Applicable,No,Not Applicable,209,Cash,18,3.5,3.1
2024-07-29 11:09:00,CNR2930673147,Success,CID206379,eBike,Rajajinagar,Basavanagudi,196.0,115.0,Not Applicable,Not Applicable,No,Not Applicable,253,Cash,5,4.8,4.5
2024-07-28 21:13:00,CNR6332096323,Success,CID779665,Mini,Majestic,Malleshwaram,280.0,145.0,Not Applicable,Not Applicable,No,Not Applicable,468,Cash,6,4.8,3.2
2024-07-27 14:15:00,CNR5685300365,Canceled by Customer,CID695569,Prime Sedan,Bannerghatta Road,Electronic City,,,Change of plans,Not Applicable,Not Applicable,Not Applicable,317,Not Applicable,0,,
2024-07-02 18:18:00,CNR9685766310,Success,CID384074,Prime SUV,Langford Town,Yelahanka,168.0,130.0,Not Applicable,Not Applicable,No,Not Applicable,229,Cash,29,3.3,4.7
2024-07-21 06:07:00,CNR1672677504,Canceled by Driver,CID467243,Prime SUV,Koramangala,Frazer Town,,,Not Applicable,Personal & Car related issue,Not Applicable,Not Applicable,656,Not Applicable,0,,
2024-07-16 08:15:00,CNR2829352139,Success,CID688001,Prime SUV,Hulimavu,Kengeri,238.0,105.0,Not Applicable,Not Applicable,No,Not Applicable,912,Cash,7,3.9,3.2
2024-07-30 01:27:00,CNR6075133853,Canceled by Driver,CID788468,eBike,Devanahalli,Sahakar Nagar,,,Not Applicable,More than permitted people in there,Not Applicable,Not Applicable,866,Not Applicable,0,,
2024-07-19 13:23:00,CNR1933289758,Success,CID296364,eBike,Hebbal,Jayanagar,287.0,40.0,Not Applicable,Not Applicable,No,Not Applicable,651,UPI,15,3.5,4.9
2024-07-30 05:02:00,CNR7469222932,Canceled by Driver,CID447937,Prime Sedan,Padmanabhanagar,Kammanahalli,,,Not Applicable,Personal & Car related issue,Not Applicable,Not Applicable,2344,Not Applicable,0,,
2024-07-23 05:50:00,CNR2667565284,Success,CID732557,Auto,HSR Layout,Padmanabhanagar,175.0,125.0,Not Applicable,Not Applicable,No,Not Applicable,704,Cash,7,3.5,3.9
2024-07-26 20:59:00,CNR4370497419,Canceled by Driver,CID254148,eBike,Rajarajeshwari Nagar,Kengeri,,,Not Applicable,Customer related issue,Not Applicable,Not Applicable,148,Not Applicable,0,,
2024-07-08 10:07:00,CNR5026779175,Success,CID605951,Prime Sedan,Ramamurthy Nagar,Chickpet,35.0,100.0,Not Applicable,Not Applicable,No,Not Applicable,461,Cash,20,4.7,4.3
2024-07-18 15:29:00,CNR5942952009,Success,CID602518,Bike,JP Nagar,MG Road,49.0,70.0,Not Applicable,Not Applicable,No,Not Applicable,747,UPI,26,4.9,4.9
2024-07-20 22:04:00,CNR1013614931,Success,CID548522,Bike,Nagarbhavi,Frazer Town,105.0,110.0,Not Applicable,Not Applicable,Yes,Customer Demand,439,Cash,17,3.9,3.1
2024-07-16 15:14:00,CNR7048335955,Canceled by Customer,CID606469,Prime SUV,Electronic City,Koramangala,,,Change of plans,Not Applicable,Not Applicable,Not Applicable,870,Not Applicable,0,,
2024-07-02 15:46:00,CNR8123131743,Canceled by Customer,CID470092,Mini,Tumkur Road,Richmond Town,,,Driver is not moving towards pickup location,Not Applicable,Not Applicable,Not Applicable,348,Not Applicable,0,,
2024-07-10 02:54:00,CNR9638291315,Canceled by Driver,CID503325,Prime SUV,Marathahalli,Bellandur,,,Not Applicable,Customer related issue,Not Applicable,Not Applicable,1678,Not Applicable,0,,
2024-07-19 04:35:00,CNR4232786238,Success,CID879145,Prime Sedan,Hosur Road,HSR Layout,84.0,110.0,Not Applicable,Not Applicable,No,Not Applicable,497,Cash,39,3.4,4.9
2024-07-08 11:23:00,CNR7491079471,Success,CID618190,Bike,HSR Layout,Kadugodi,42.0,40.0,Not Applicable,Not Applicable,No,Not Applicable,468,Cash,33,3.6,3.5
2024-07-08 06:25:00,CNR7926840593,Success,CID702842,Auto,Hebbal,Banashankari,210.0,90.0,Not Applicable,Not Applicable,No,Not Applicable,423,Cash,12,3.2,4.5
2024-07-13 05:46:00,CNR3450658419,Success,CID832540,Bike,Ramamurthy Nagar,Bellandur,287.0,125.0,Not Applicable,Not Applicable,No,Not Applicable,452,UPI,40,4.9,4.6
2024-07-14 22:15:00,CNR5640857571,Canceled by Driver,CID868228,Auto,Bannerghatta Road,Frazer Town,,,Not Applicable,Customer was coughing/sick,Not Applicable,Not Applicable,287,Not Applicable,0,,
2024-07-23 08:07:00,CNR1521163628,Canceled by Customer,CID573959,Bike,Kadugodi,Ramamurthy Nagar,,,Driver asked to cancel,Not Applicable,Not Applicable,Not Applicable,326,Not Applicable,0,,
2024-07-12 06:13:00,CNR9130917722,Success,CID317811,eBike,Chickpet,Kadugodi,259.0,95.0,Not Applicable,Not Applicable,No,Not Applicable,220,UPI,2,3.5,3.7
2024-07-11 20:42:00,CNR2047766880,Driver Not Found,CID627559,Bike,HSR Layout,Bannerghatta Road,,,Not Applicable,Not Applicable,Not Applicable,Not Applicable,149,Not Applicable,0,,
2024-07-19 09:55:00,CNR1687333829,Success,CID186696,Auto,BTM Layout,Basavanagudi,273.0,120.0,Not Applicable,Not Applicable,No,Not Applicable,438,Cash,8,4.6,4.0
2024-07-04 09:42:00,CNR3187641506,Canceled by Driver,CID931232,Prime SUV,Yelahanka,Kengeri,,,Not Applicable,Personal & Car related issue,Not Applicable,Not Applicable,222,Not Applicable,0,,
2024-07-19 10:41:00,CNR1965899742,Success,CID166641,Bike,Frazer Town,Rajarajeshwari Nagar,266.0,105.0,Not Applicable,Not Applicable,No,Not Applicable,404,UPI,34,4.9,4.1
2024-07-26 11:04:00,CNR4720346895,Success,CID234330,Prime SUV,Yeshwanthpur,RT Nagar,49.0,120.0,Not Applicable,Not Applicable,No,Not Applicable,295,UPI,2,4.3,3.9
2024-07-28 01:35:00,CNR1692843705,Success,CID116655,eBike,Sahakar Nagar,Yelahanka,133.0,65.0,Not Applicable,Not Applicable,Yes,Vehicle Breakdown,371,Cash,27,3.1,4.9
2024-07-20 23:05:00,CNR1154675257,Canceled by Driver,CID215425,Bike,Yeshwanthpur,Hebbal,,,Not Applicable,Personal & Car related issue,Not Applicable,Not Applicable,294,Not Applicable,0,,
2024-07-24 04:56:00,CNR7479255013,Success,CID609826,eBike,Electronic City,Jayanagar,56.0,110.0,Not Applicable,Not Applicable,No,Not Applicable,152,Cash,33,4.5,3.9
2024-07-24 20:55:00,CNR5744637279,Success,CID447219,Prime Sedan,Indiranagar,Padmanabhanagar,224.0,35.0,Not Applicable,Not Applicable,No,Not Applicable,460,UPI,29,3.3,3.6
2024-07-25 20:03:00,CNR9770824598,Canceled by Driver,CID299939,Prime Sedan,Majestic,Indiranagar,,,Not Applicable,Customer related issue,Not Applicable,Not Applicable,416,Not Applicable,0,,
2024-07-14 07:38:00,CNR6655046668,Success,CID465931,Prime Sedan,Sahakar Nagar,Chamarajpet,301.0,135.0,Not Applicable,Not Applicable,No,Not Applicable,1215,Cash,6,3.2,4.3
2024-07-07 15:05:00,CNR2455601329,Success,CID781807,eBike,MG Road,Hosur Road,77.0,100.0,Not Applicable,Not Applicable,No,Not Applicable,153,Cash,21,4.8,3.5
2024-07-24 02:00:00,CNR4265166811,Driver Not Found,CID999707,Mini,Yelahanka,Frazer Town,,,Not Applicable,Not Applicable,Not Applicable,Not Applicable,373,Not Applicable,0,,
2024-07-04 17:18:00,CNR2820867014,Success,CID893610,Auto,Majestic,Tumkur Road,63.0,105.0,Not Applicable,Not Applicable,No,Not Applicable,125,UPI,19,4.6,3.2
2024-07-29 05:41:00,CNR8023810802,Success,CID976102,Prime SUV,Hosur Road,Magadi Road,133.0,140.0,Not Applicable,Not Applicable,No,Not Applicable,1894,Credit Card,1,3.7,4.7
2024-07-08 17:35:00,CNR8941246433,Success,CID239988,Prime Plus,Hennur,Padmanabhanagar,168.0,100.0,Not Applicable,Not Applicable,No,Not Applicable,283,Cash,22,3.3,3.3
2024-07-11 11:41:00,CNR8596580510,Success,CID474012,Prime Plus,Marathahalli,Varthur,189.0,115.0,Not Applicable,Not Applicable,No,Not Applicable,283,Cash,35,4.2,4.3
2024-07-14 09:59:00,CNR3260923005,Success,CID286550,Prime Plus,Electronic City,Bellandur,294.0,45.0,Not Applicable,Not Applicable,No,Not Applicable,847,UPI,36,3.7,3.4
2024-07-08 05:12:00,CNR3778359180,Canceled by Driver,CID763026,Mini,RT Nagar,Shivajinagar,,,Not Applicable,Customer was coughing/sick,Not Applicable,Not Applicable,370,Not Applicable,0,,
2024-07-24 03:43:00,CNR2324885517,Canceled by Driver,CID236349,eBike,Bellandur,Chickpet,,,Not Applicable,Personal & Car related issue,Not Applicable,Not Applicable,534,Not Applicable,0,,
2024-07-03 23:59:00,CNR4086223302,Success,CID862106,Bike,Hennur,Magadi Road,35.0,30.0,Not Applicable,Not Applicable,No,Not Applicable,1386,UPI,23,4.7,3.6
2024-07-20 19:02:00,CNR8757512214,Success,CID661594,Prime Sedan,Peenya,Majestic,217.0,75.0,Not Applicable,Not Applicable,No,Not Applicable,489,Cash,19,3.9,4.3
2024-07-18 23:42:00,CNR3344105487,Canceled by Customer,CID807269,Prime Sedan,Malleshwaram,JP Nagar,,,Change of plans,Not Applicable,Not Applicable,Not Applicable,861,Not Applicable,0,,
2024-07-05 00:05:00,CNR1392129916,Canceled by Driver,CID358100,eBike,Padmanabhanagar,HSR Layout,,,Not Applicable,Customer related issue,Not Applicable,Not Applicable,1277,Not Applicable,0,,
2024-07-15 06:43:00,CNR9559277632,Driver Not Found,CID823765,Prime SUV,Yelahanka,Hebbal,,,Not Applicable,Not Applicable,Not Applicable,Not Applicable,1948,Not Applicable,0,,
2024-07-08 05:02:00,CNR2515699046,Canceled by Driver,CID662035,Prime Plus,Indiranagar,Chickpet,,,Not Applicable,Customer related issue,Not Applicable,Not Applicable,204,Not Applicable,0,,
2024-07-01 10:47:00,CNR1805916568,Success,CID601442,Prime Plus,KR Puram,KR Puram,112.0,145.0,Not Applicable,Not Applicable,No,Not Applicable,489,Cash,27,4.6,4.9
2024-07-28 20:17:00,CNR4015959757,Canceled by Driver,CID851067,Bike,Sarjapur Road,Mysore Road,,,Not Applicable,Customer was coughing/sick,Not Applicable,Not Applicable,241,Not Applicable,0,,
2024-07-12 09:20:00,CNR1626213093,Canceled by Driver,CID292908,Mini,Bannerghatta Road,Padmanabhanagar,,,Not Applicable,Personal & Car related issue,Not Applicable,Not Applicable,154,Not Applicable,0,,
2024-07-02 23:15:00,CNR1864609923,Canceled by Driver,CID448973,Mini,Frazer Town,Shantinagar,,,Not Applicable,Personal & Car related issue,Not Applicable,Not Applicable,499,Not Applicable,0,,
2024-07-06 19:04:00,CNR8339519816,Success,CID436586,Auto,Hebbal,Ramamurthy Nagar,189.0,125.0,Not Applicable,Not Applicable,No,Not Applicable,684,Cash,4,3.1,3.2
2024-07-19 02:36:00,CNR8558550501,Success,CID452214,Prime Sedan,Cox Town,Indiranagar,35.0,145.0,Not Applicable,Not Applicable,No,Not Applicable,100,UPI,9,4.3,5.0
2024-07-22 23:22:00,CNR3699031205,Canceled by Driver,CID134273,Prime Sedan,Kammanahalli,Ulsoor,,,Not Applicable,Customer was coughing/sick,Not Applicable,Not Applicable,960,Not Applicable,0,,
2024-07-21 17:52:00,CNR8071292390,Driver Not Found,CID579647,Mini,Marathahalli,Tumkur Road,,,Not Applicable,Not Applicable,Not Applicable,Not Applicable,168,Not Applicable,0,,
2024-07-20 17:34:00,CNR5853335820,Canceled by Driver,CID961323,eBike,Whitefield,Ulsoor,,,Not Applicable,Customer related issue,Not Applicable,Not Applicable,469,Not Applicable,0,,
2024-07-13 18:53:00,CNR8880178196,Success,CID855929,Prime Sedan,Ulsoor,Chamarajpet,63.0,140.0,Not Applicable,Not Applicable,No,Not Applicable,191,Cash,23,4.4,3.6
2024-07-06 03:59:00,CNR2341975544,Success,CID199426,Bike,Rajajinagar,Frazer Town,266.0,135.0,Not Applicable,Not Applicable,No,Not Applicable,268,Cash,35,3.3,3.5
2024-07-02 00:12:00,CNR8197660253,Success,CID803234,Mini,Electronic City,Peenya,182.0,40.0,Not Applicable,Not Applicable,No,Not Applicable,464,UPI,15,3.6,4.3
2024-07-05 11:55:00,CNR4256193190,Canceled by Driver,CID489782,Auto,Electronic City,JP Nagar,,,Not Applicable,Customer was coughing/sick,Not Applicable,Not Applicable,157,Not Applicable,0,,
2024-07-06 02:21:00,CNR6558758659,Canceled by Driver,CID109191,Auto,Kengeri,Frazer Town,,,Not Applicable,Personal & Car related issue,Not Applicable,Not Applicable,150,Not Applicable,0,,
2024-07-24 09:48:00,CNR9922513058,Success,CID649774,Bike,Indiranagar,Mysore Road,119.0,75.0,Not Applicable,Not Applicable,No,Not Applicable,675,UPI,16,3.4,4.7
2024-07-10 08:12:00,CNR6404861422,Success,CID630948,Mini,Majestic,JP Nagar,168.0,140.0,Not Applicable,Not Applicable,No,Not Applicable,159,UPI,14,3.9,4.4
2024-07-16 23:40:00,CNR7983134067,Canceled by Driver,CID238105,Bike,Kengeri,Sarjapur Road,,,Not Applicable,More than permitted people in there,Not Applicable,Not Applicable,428,Not Applicable,0,,
2024-07-18 19:33:00,CNR7436716199,Success,CID717074,Prime Plus,Vijayanagar,Hebbal,70.0,30.0,Not Applicable,Not Applicable,No,Not Applicable,1945,UPI,4,3.1,3.4
2024-07-09 19:10:00,CNR5453769222,Success,CID499643,Prime Plus,Nagarbhavi,KR Puram,175.0,110.0,Not Applicable,Not Applicable,No,Not Applicable,426,Cash,40,3.8,4.1
2024-07-28 01:23:00,CNR3278051115,Driver Not Found,CID779686,Auto,Varthur,BTM Layout,,,Not Applicable,Not Applicable,Not Applicable,Not Applicable,337,Not Applicable,0,,
2024-07-10 06:18:00,CNR2273116528,Canceled by Driver,CID816364,Bike,Kammanahalli,Chickpet,,,Not Applicable,Personal & Car related issue,Not Applicable,Not Applicable,188,Not Applicable,0,,
2024-07-08 09:40:00,CNR9320274438,Driver Not Found,CID156114,eBike,Devanahalli,Majestic,,,Not Applicable,Not Applicable,Not Applicable,Not Applicable,189,Not Applicable,0,,
2024-07-22 04:35:00,CNR7848209199,Canceled by Driver,CID251612,Auto,Bannerghatta Road,Sarjapur Road,,,Not Applicable,Customer related issue,Not Applicable,Not Applicable,246,Not Applicable,0,,
2024-07-25 06:17:00,CNR5750365065,Canceled by Driver,CID258843,Prime Sedan,Ulsoor,MG Road,,,Not Applicable,Customer was coughing/sick,Not Applicable,Not Applicable,949,Not Applicable,0,,
2024-07-29 00:19:00,CNR9986996209,Success,CID121915,Bike,BTM Layout,JP Nagar,77.0,130.0,Not Applicable,Not Applicable,No,Not Applicable,129,Cash,5,3.3,4.1
2024-07-20 01:05:00,CNR8753054507,Success,CID868979,Prime SUV,Shantinagar,Whitefield,98.0,130.0,Not Applicable,Not Applicable,No,Not Applicable,244,Cash,20,4.7,4.5
2024-07-03 20:21:00,CNR4666520599,Success,CID810761,Prime Plus,Chickpet,Ramamurthy Nagar,140.0,80.0,Not Applicable,Not Applicable,No,Not Applicable,441,UPI,18,3.7,4.4
2024-07-14 19:34:00,CNR5857123210,Success,CID567060,Auto,Nagarbhavi,Malleshwaram,238.0,125.0,Not Applicable,Not Applicable,No,Not Applicable,253,Cash,7,4.3,3.9
2024-07-20 20:11:00,CNR3564636877,Canceled by Customer,CID225771,Auto,Rajarajeshwari Nagar,Chickpet,,,Wrong Address,Not Applicable,Not Applicable,Not Applicable,1585,Not Applicable,0,,
2024-07-13 18:51:00,CNR3750520851,Success,CID537550,Prime Plus,Marathahalli,Shantinagar,294.0,125.0,Not Applicable,Not Applicable,No,Not Applicable,231,Cash,37,4.3,3.9
2024-07-21 23:48:00,CNR7578220594,Success,CID586024,Prime Plus,Varthur,HSR Layout,161.0,25.0,Not Applicable,Not Applicable,No,Not Applicable,384,Cash,33,4.6,4.4
2024-07-21 05:38:00,CNR6198733962,Canceled by Driver,CID136924,Auto,Yeshwanthpur,Kammanahalli,,,Not Applicable,More than permitted people in there,Not Applicable,Not Applicable,182,Not Applicable,0,,
2024-07-13 20:36:00,CNR2606438607,Success,CID349740,Prime Plus,Majestic,Kengeri,35.0,140.0,Not Applicable,Not Applicable,No,Not Applicable,373,UPI,8,4.3,4.6
2024-07-23 15:28:00,CNR6000417186,Success,CID834422,Prime SUV,Hennur,Vijayanagar,105.0,25.0,Not Applicable,Not Applicable,No,Not Applicable,167,UPI,29,3.7,5.0
2024-07-26 10:07:00,CNR5311035942,Success,CID909226,Auto,Sarjapur Road,Kengeri,77.0,60.0,Not Applicable,Not Applicable,Yes,Vehicle Breakdown,460,UPI,10,5.0,4.6
2024-07-22 16:16:00,CNR2243598475,Success,CID399226,Mini,RT Nagar,Rajarajeshwari Nagar,84.0,55.0,Not Applicable,Not Applicable,No,Not Applicable,289,Cash,42,4.8,4.4
2024-07-08 04:00:00,CNR5360376343,Success,CID947130,Prime Sedan,Magadi Road,Hulimavu,238.0,65.0,Not Applicable,Not Applicable,Yes,Vehicle Breakdown,156,UPI,31,3.6,4.1
2024-07-19 17:17:00,CNR7803601696,Canceled by Customer,CID907792,eBike,Cox Town,HSR Layout,,,Driver asked to cancel,Not Applicable,Not Applicable,Not Applicable,902,Not Applicable,0,,
2024-07-24 02:20:00,CNR1295673560,Success,CID888687,Bike,Kengeri,Kadugodi,287.0,85.0,Not Applicable,Not Applicable,No,Not Applicable,136,Credit Card,14,3.4,3.2
2024-07-11 00:58:00,CNR4114183045,Success,CID732337,Prime Sedan,HSR Layout,Chamarajpet,133.0,85.0,Not Applicable,Not Applicable,No,Not Applicable,197,UPI,44,3.6,3.1
2024-07-06 11:23:00,CNR8636567959,Canceled by Driver,CID368601,eBike,Tumkur Road,Jayanagar,,,Not Applicable,Personal & Car related issue,Not Applicable,Not Applicable,653,Not Applicable,0,,
2024-07-25 15:17:00,CNR4132791188,Success,CID759229,Bike,Varthur,BTM Layout,252.0,60.0,Not Applicable,Not Applicable,No,Not Applicable,569,Cash,48,3.1,3.4
2024-07-02 22:51:00,CNR9354266423,Success,CID308897,Mini,Shivajinagar,JP Nagar,49.0,120.0,Not Applicable,Not Applicable,No,Not Applicable,295,Cash,11,3.6,3.2
2024-07-02 12:21:00,CNR9701555890,Success,CID702850,Prime Sedan,Indiranagar,Rajajinagar,35.0,135.0,Not Applicable,Not Applicable,No,Not Applicable,179,Cash,20,3.1,4.9
2024-07-13 13:29:00,CNR9413461760,Success,CID664871,Auto,Sahakar Nagar,Basavanagudi,56.0,60.0,Not Applicable,Not Applicable,No,Not Applicable,447,Cash,13,4.9,4.2
2024-07-07 20:10:00,CNR3303570062,Success,CID696020,Mini,KR Puram,KR Puram,42.0,40.0,Not Applicable,Not Applicable,No,Not Applicable,400,UPI,18,3.3,4.3
2024-07-14 18:56:00,CNR6805172270,Canceled by Customer,CID908696,Mini,KR Puram,Bannerghatta Road,,,Driver is not moving towards pickup location,Not Applicable,Not Applicable,Not Applicable,367,Not Applicable,0,,
2024-07-09 14:31:00,CNR8076476388,Success,CID934858,Mini,Bellandur,Whitefield,245.0,80.0,Not Applicable,Not Applicable,No,Not Applicable,419,UPI,39,3.5,3.9
2024-07-15 18:57:00,CNR4709453431,Success,CID151560,Prime SUV,Ulsoor,Banashankari,252.0,25.0,Not Applicable,Not Applicable,No,Not Applicable,376,UPI,42,4.6,3.8
2024-07-15 17:32:00,CNR8239704208,Success,CID222438,eBike,Koramangala,Sahakar Nagar,119.0,30.0,Not Applicable,Not Applicable,No,Not Applicable,263,Cash,45,4.1,4.6
2024-07-12 10:20:00,CNR8111406352,Success,CID353745,Prime Sedan,Peenya,MG Road,196.0,25.0,Not Applicable,Not Applicable,No,Not Applicable,111,Cash,14,4.1,3.7
2024-07-24 10:05:00,CNR6163753660,Success,CID958986,Auto,Richmond Town,Shantinagar,259.0,130.0,Not Applicable,Not Applicable,No,Not Applicable,260,Credit Card,15,3.3,4.1
2024-07-25 19:00:00,CNR5545887432,Driver Not Found,CID880339,Prime Sedan,Kammanahalli,Ulsoor,,,Not Applicable,Not Applicable,Not Applicable,Not Applicable,613,Not Applicable,0,,
2024-07-14 08:03:00,CNR2779624413,Canceled by Driver,CID382863,Prime SUV,Sarjapur Road,Jayanagar,,,Not Applicable,Customer related issue,Not Applicable,Not Applicable,934,Not Applicable,0,,
2024-07-22 23:23:00,CNR6500924239,Canceled by Customer,CID448248,Bike,Langford Town,Kengeri,,,Change of plans,Not Applicable,Not Applicable,Not Applicable,203,Not Applicable,0,,
2024-07-16 20:27:00,CNR3635538969,Canceled by Driver,CID147637,Mini,Sahakar Nagar,Devanahalli,,,Not Applicable,Personal & Car related issue,Not Applicable,Not Applicable,247,Not Applicable,0,,
2024-07-28 00:35:00,CNR4926120141,Success,CID314416,Mini,Sarjapur Road,Nagarbhavi,280.0,110.0,Not Applicable,Not Applicable,No,Not Applicable,827,UPI,44,4.6,4.6
2024-07-16 11:24:00,CNR7632911694,Success,CID984338,Prime Sedan,Magadi Road,Jayanagar,182.0,105.0,Not Applicable,Not Applicable,No,Not Applicable,2063,UPI,16,3.5,4.2
2024-07-10 19:30:00,CNR7437748684,Canceled by Driver,CID335152,Prime Sedan,KR Puram,HSR Layout,,,Not Applicable,Personal & Car related issue,Not Applicable,Not Applicable,236,Not Applicable,0,,
2024-07-03 15:15:00,CNR7436280180,Canceled by Driver,CID917540,Prime Sedan,Devanahalli,Peenya,,,Not Applicable,Customer related issue,Not Applicable,Not Applicable,415,Not Applicable,0,,
2024-07-13 00:54:00,CNR4187767196,Canceled by Driver,CID636017,Mini,Shivajinagar,Peenya,,,Not Applicable,More than permitted people in there,Not Applicable,Not Applicable,174,Not Applicable,0,,
2024-07-26 00:21:00,CNR7970603844,Canceled by Driver,CID848453,eBike,Shantinagar,MG Road,,,Not Applicable,More than permitted people in there,Not Applicable,Not Applicable,2969,Not Applicable,0,,
2024-07-15 23:06:00,CNR8846458494,Canceled by Driver,CID572920,Mini,Hulimavu,Kammanahalli,,,Not Applicable,Customer related issue,Not Applicable,Not Applicable,385,Not Applicable,0,,
2024-07-13 22:22:00,CNR6762242980,Driver Not Found,CID594254,Auto,Richmond Town,Yeshwanthpur,,,Not Applicable,Not Applicable,Not Applicable,Not Applicable,936,Not Applicable,0,,
2024-07-27 22:27:00,CNR3676057059,Driver Not Found,CID309094,Auto,Ulsoor,Yelahanka,,,Not Applicable,Not Applicable,Not Applicable,Not Applicable,235,Not Applicable,0,,
2024-07-25 16:19:00,CNR2901810667,Canceled by Driver,CID234496,Prime SUV,Chickpet,Basavanagudi,,,Not Applicable,More than permitted people in there,Not Applicable,Not Applicable,257,Not Applicable,0,,
2024-07-18 15:44:00,CNR9957769410,Success,CID259185,eBike,Langford Town,Hebbal,98.0,140.0,Not Applicable,Not Applicable,Yes,Vehicle Breakdown,670,UPI,9,4.4,3.1
2024-07-27 13:56:00,CNR5371972299,Success,CID645063,Mini,HSR Layout,Hulimavu,252.0,50.0,Not Applicable,Not Applicable,No,Not Applicable,2773,Cash,33,4.4,3.3
2024-07-22 00:52:00,CNR9066524451,Success,CID595354,Prime Plus,HSR Layout,Basavanagudi,112.0,140.0,Not Applicable,Not Applicable,No,Not Applicable,296,Cash,28,3.1,3.1
2024-07-04 11:45:00,CNR5218007856,Success,CID698550,Mini,Peenya,Yeshwanthpur,168.0,80.0,Not Applicable,Not Applicable,No,Not Applicable,246,UPI,35,3.8,3.4
2024-07-07 00:27:00,CNR7118260001,Success,CID471202,Bike,Yeshwanthpur,Mysore Road,84.0,90.0,Not Applicable,Not Applicable,No,Not Applicable,2121,Cash,31,4.8,4.4
2024-07-07 18:15:00,CNR8095906923,Canceled by Driver,CID665331,Bike,Shivajinagar,Kammanahalli,,,Not Applicable,Personal & Car related issue,Not Applicable,Not Applicable,294,Not Applicable,0,,
2024-07-01 01:19:00,CNR8691258984,Canceled by Customer,CID389199,Mini,Ulsoor,Peenya,,,Driver is not moving towards pickup location,Not Applicable,Not Applicable,Not Applicable,475,Not Applicable,0,,
2024-07-09 16:57:00,CNR7115238079,Canceled by Customer,CID169938,eBike,Shantinagar,Shivajinagar,,,Driver is not moving towards pickup location,Not Applicable,Not Applicable,Not Applicable,334,Not Applicable,0,,
2024-07-29 10:23:00,CNR7917472505,Success,CID455949,Bike,Jayanagar,Mysore Road,280.0,25.0,Not Applicable,Not Applicable,No,Not Applicable,435,Cash,3,4.9,3.3
2024-07-27 01:51:00,CNR8139450867,Success,CID716513,eBike,Malleshwaram,Chickpet,105.0,55.0,Not Applicable,Not Applicable,No,Not Applicable,267,UPI,20,5.0,4.8
2024-07-24 11:30:00,CNR9850904665,Success,CID352103,Prime Plus,Shivajinagar,Shivajinagar,154.0,140.0,Not Applicable,Not Applicable,No,Not Applicable,382,UPI,25,3.6,4.2
2024-07-16 22:45:00,CNR3600568757,Success,CID756152,Mini,Kadugodi,Malleshwaram,252.0,145.0,Not Applicable,Not Applicable,No,Not Applicable,588,Cash,3,5.0,3.9
2024-07-19 15:15:00,CNR4357104337,Success,CID916384,eBike,Nagarbhavi,Shantinagar,154.0,125.0,Not Applicable,Not Applicable,No,Not Applicable,442,UPI,47,4.7,3.5
2024-07-14 10:41:00,CNR8408195522,Success,CID375485,Prime Plus,Chamarajpet,Malleshwaram,112.0,65.0,Not Applicable,Not Applicable,No,Not Applicable,210,Cash,7,4.8,4.6
2024-07-20 18:16:00,CNR2576396540,Canceled by Driver,CID699753,Bike,Hulimavu,Mysore Road,,,Not Applicable,Customer related issue,Not Applicable,Not Applicable,154,Not Applicable,0,,
2024-07-21 02:45:00,CNR3321668087,Canceled by Driver,CID852164,Mini,Hulimavu,Hulimavu,,,Not Applicable,Customer related issue,Not Applicable,Not Applicable,105,Not Applicable,0,,
2024-07-07 18:24:00,CNR5350143011,Driver Not Found,CID591061,Auto,Peenya,Sahakar Nagar,,,Not Applicable,Not Applicable,Not Applicable,Not Applicable,417,Not Applicable,0,,
2024-07-18 14:15:00,CNR7501261973,Success,CID738448,Prime Plus,Cox Town,Kammanahalli,84.0,90.0,Not Applicable,Not Applicable,No,Not Applicable,416,Cash,43,4.0,3.4
2024-07-24 04:30:00,CNR1555368708,Success,CID793434,Auto,MG Road,JP Nagar,56.0,50.0,Not Applicable,Not Applicable,No,Not Applicable,299,UPI,15,4.4,3.0
2024-07-19 04:53:00,CNR9222452523,Success,CID236087,Bike,Rajajinagar,Langford Town,56.0,75.0,Not Applicable,Not Applicable,No,Not Applicable,396,UPI,10,3.4,4.3
2024-07-11 04:08:00,CNR8625949320,Success,CID962187,Prime Sedan,Cox Town,Kammanahalli,91.0,115.0,Not Applicable,Not Applicable,No,Not Applicable,361,UPI,25,4.9,4.1
2024-07-21 18:30:00,CNR1317596815,Success,CID972632,Auto,Bellandur,Koramangala,161.0,105.0,Not Applicable,Not Applicable,No,Not Applicable,489,UPI,10,3.3,4.3
2024-07-20 12:27:00,CNR5619231602,Success,CID664320,Mini,Cox Town,Kammanahalli,245.0,50.0,Not Applicable,Not Applicable,No,Not Applicable,981,UPI,18,4.4,3.8
2024-07-01 19:44:00,CNR3473580482,Canceled by Driver,CID483837,eBike,Tumkur Road,Cox Town,,,Not Applicable,Customer related issue,Not Applicable,Not Applicable,1536,Not Applicable,0,,
2024-07-03 16:42:00,CNR3257154581,Success,CID259187,Bike,Banashankari,Kadugodi,119.0,30.0,Not Applicable,Not Applicable,No,Not Applicable,627,UPI,12,4.4,3.2
2024-07-04 11:06:00,CNR7926466903,Success,CID602681,Prime Sedan,Jayanagar,Jayanagar,217.0,125.0,Not Applicable,Not Applicable,No,Not Applicable,2788,Cash,38,4.6,3.9
2024-07-25 23:56:00,CNR8936356118,Success,CID982416,Prime Plus,Kadugodi,Nagarbhavi,231.0,140.0,Not Applicable,Not Applicable,No,Not Applicable,402,Cash,8,4.0,3.7
2024-07-16 19:06:00,CNR5533121534,Success,CID495543,Prime Plus,HSR Layout,Mysore Road,210.0,80.0,Not Applicable,Not Applicable,No,Not Applicable,363,UPI,18,3.8,3.5
2024-07-27 16:15:00,CNR9741502613,Success,CID379541,Prime Plus,Banashankari,Bannerghatta Road,189.0,60.0,Not Applicable,Not Applicable,No,Not Applicable,608,Cash,22,3.2,3.1
2024-07-11 20:41:00,CNR1422496225,Success,CID581984,eBike,Ulsoor,Koramangala,182.0,140.0,Not Applicable,Not Applicable,No,Not Applicable,407,Cash,42,4.0,3.1
2024-07-15 22:07:00,CNR3489268014,Success,CID190786,Prime Plus,Yelahanka,Hosur Road,56.0,115.0,Not Applicable,Not Applicable,No,Not Applicable,924,Cash,37,3.2,4.7
2024-07-19 02:16:00,CNR1026128974,Canceled by Customer,CID559761,eBike,Banashankari,Peenya,,,Driver asked to cancel,Not Applicable,Not Applicable,Not Applicable,1224,Not Applicable,0,,
2024-07-20 15:00:00,CNR6837437885,Success,CID508749,Bike,Indiranagar,KR Puram,56.0,75.0,Not Applicable,Not Applicable,No,Not Applicable,325,Cash,12,3.3,3.7
2024-07-27 02:40:00,CNR8186947056,Success,CID211242,Prime SUV,Devanahalli,Hennur,182.0,30.0,Not Applicable,Not Applicable,No,Not Applicable,710,UPI,23,3.5,4.7
2024-07-09 16:27:00,CNR5053516838,Success,CID452589,eBike,Electronic City,Vijayanagar,105.0,75.0,Not Applicable,Not Applicable,No,Not Applicable,810,UPI,11,3.7,3.5
2024-07-14 02:34:00,CNR6046295565,Success,CID517777,Prime Plus,Tumkur Road,Vijayanagar,182.0,95.0,Not Applicable,Not Applicable,Yes,Vehicle Breakdown,121,Cash,43,3.3,4.3
2024-07-06 04:25:00,CNR3669274052,Driver Not Found,CID107903,eBike,KR Puram,Tumkur Road,,,Not Applicable,Not Applicable,Not Applicable,Not Applicable,197,Not Applicable,0,,
2024-07-22 08:51:00,CNR3094075950,Driver Not Found,CID614645,Bike,Shantinagar,Devanahalli,,,Not Applicable,Not Applicable,Not Applicable,Not Applicable,165,Not Applicable,0,,
2024-07-19 23:58:00,CNR4170825589,Success,CID343976,Bike,Langford Town,Kadugodi,147.0,130.0,Not Applicable,Not Applicable,Yes,Vehicle Breakdown,334,Cash,23,3.5,3.7
2024-07-14 19:13:00,CNR2487732727,Canceled by Driver,CID474693,Bike,Sarjapur Road,Varthur,,,Not Applicable,Personal & Car related issue,Not Applicable,Not Applicable,338,Not Applicable,0,,
2024-07-04 16:36:00,CNR8956795328,Success,CID955548,Prime Sedan,Koramangala,Bellandur,133.0,55.0,Not Applicable,Not Applicable,No,Not Applicable,344,UPI,26,4.1,3.2
2024-07-23 04:42:00,CNR9645220069,Canceled by Driver,CID532618,eBike,Malleshwaram,Nagarbhavi,,,Not Applicable,Customer related issue,Not Applicable,Not Applicable,272,Not Applicable,0,,
2024-07-26 04:02:00,CNR3162020889,Canceled by Driver,CID839935,Prime SUV,Kengeri,Koramangala,,,Not Applicable,Personal & Car related issue,Not Applicable,Not Applicable,191,Not Applicable,0,,
2024-07-14 21:29:00,CNR1275927286,Success,CID661847,eBike,Kengeri,Koramangala,217.0,70.0,Not Applicable,Not Applicable,No,Not Applicable,1517,Cash,48,3.1,4.6
2024-07-28 19:52:00,CNR7906418209,Driver Not Found,CID969069,eBike,Rajajinagar,Hebbal,,,Not Applicable,Not Applicable,Not Applicable,Not Applicable,691,Not Applicable,0,,
2024-07-10 09:53:00,CNR4363100462,Success,CID826655,Auto,Chamarajpet,Banashankari,294.0,95.0,Not Applicable,Not Applicable,No,Not Applicable,405,Cash,9,4.4,4.7
2024-07-19 02:28:00,CNR4963241832,Success,CID516047,Prime Sedan,Indiranagar,MG Road,35.0,70.0,Not Applicable,Not Applicable,Yes,Other Issue,512,UPI,46,3.0,3.5
2024-07-24 10:27:00,CNR4857352773,Canceled by Driver,CID842633,Mini,Yeshwanthpur,Ulsoor,,,Not Applicable,More than permitted people in there,Not Applicable,Not Applicable,169,Not Applicable,0,,
2024-07-01 02:36:00,CNR2498029517,Success,CID871557,Prime Sedan,Shantinagar,Bannerghatta Road,126.0,85.0,Not Applicable,Not Applicable,No,Not Applicable,191,UPI,39,4.8,4.4
2024-07-26 09:20:00,CNR8765286957,Success,CID910568,Bike,Cox Town,Hosur Road,294.0,40.0,Not Applicable,Not Applicable,No,Not Applicable,398,Cash,46,3.9,4.5
2024-07-14 02:34:00,CNR4695271018,Success,CID649050,Auto,Yelahanka,HSR Layout,126.0,85.0,Not Applicable,Not Applicable,No,Not Applicable,103,Cash,11,4.0,4.2
2024-07-05 22:27:00,CNR7338561737,Canceled by Customer,CID479801,Prime Plus,Koramangala,Cox Town,,,Driver is not moving towards pickup location,Not Applicable,Not Applicable,Not Applicable,2689,Not Applicable,0,,
2024-07-26 17:44:00,CNR2000016741,Driver Not Found,CID634191,Mini,Hennur,Rajarajeshwari Nagar,,,Not Applicable,Not Applicable,Not Applicable,Not Applicable,442,Not Applicable,0,,
2024-07-21 19:41:00,CNR9730745718,Success,CID957838,Mini,Yeshwanthpur,Ulsoor,203.0,50.0,Not Applicable,Not Applicable,No,Not Applicable,275,Cash,39,3.7,3.6
2024-07-21 10:22:00,CNR2190317726,Driver Not Found,CID815865,eBike,BTM Layout,Majestic,,,Not Applicable,Not Applicable,Not Applicable,Not Applicable,761,Not Applicable,0,,
2024-07-27 19:25:00,CNR2683655755,Success,CID938429,Auto,Majestic,Rajarajeshwari Nagar,63.0,50.0,Not Applicable,Not Applicable,No,Not Applicable,349,Cash,18,4.0,4.8
2024-07-03 04:51:00,CNR2950662729,Success,CID835937,eBike,Cox Town,Cox Town,287.0,145.0,Not Applicable,Not Applicable,No,Not Applicable,488,Credit Card,39,3.5,4.5
2024-07-22 19:37:00,CNR2861685500,Success,CID995218,Bike,Shantinagar,Chamarajpet,294.0,70.0,Not Applicable,Not Applicable,No,Not Applicable,186,Cash,42,3.9,4.7
2024-07-14 16:24:00,CNR2213052563,Success,CID825684,Mini,Hennur,Mysore Road,280.0,130.0,Not Applicable,Not Applicable,No,Not Applicable,301,UPI,47,4.1,3.6
2024-07-03 05:53:00,CNR4725041695,Success,CID442490,Auto,Malleshwaram,Devanahalli,175.0,100.0,Not Applicable,Not Applicable,No,Not Applicable,2579,Credit Card,17,3.9,4.9
2024-07-23 00:24:00,CNR4032160840,Success,CID984574,Prime Plus,Hennur,Marathahalli,217.0,25.0,Not Applicable,Not Applicable,No,Not Applicable,100,Cash,29,4.9,4.8
2024-07-14 17:30:00,CNR4952748936,Driver Not Found,CID944212,Mini,Langford Town,Varthur,,,Not Applicable,Not Applicable,Not Applicable,Not Applicable,2634,Not Applicable,0,,
2024-07-29 08:00:00,CNR9217474220,Canceled by Customer,CID453304,Bike,Rajarajeshwari Nagar,KR Puram,,,AC is Not working,Not Applicable,Not Applicable,Not Applicable,289,Not Applicable,0,,
2024-07-13 23:32:00,CNR7378354717,Success,CID699807,Bike,Chamarajpet,Kengeri,294.0,85.0,Not Applicable,Not Applicable,No,Not Applicable,1242,UPI,24,4.7,4.3
2024-07-14 05:30:00,CNR2060538376,Success,CID120271,Auto,Yeshwanthpur,Kammanahalli,168.0,30.0,Not Applicable,Not Applicable,No,Not Applicable,353,UPI,8,4.2,3.6
2024-07-06 17:45:00,CNR9022932763,Success,CID232724,Prime Plus,Rajarajeshwari Nagar,RT Nagar,70.0,130.0,Not Applicable,Not Applicable,No,Not Applicable,159,UPI,29,3.7,4.8
2024-07-03 13:37:00,CNR7678573231,Success,CID304018,Bike,Kadugodi,Nagarbhavi,189.0,85.0,Not Applicable,Not Applicable,No,Not Applicable,443,Cash,34,4.3,3.6
2024-07-11 07:07:00,CNR6266527437,Driver Not Found,CID224527,eBike,Sarjapur Road,Devanahalli,,,Not Applicable,Not Applicable,Not Applicable,Not Applicable,460,Not Applicable,0,,
2024-07-01 10:08:00,CNR8454665110,Canceled by Driver,CID168338,Mini,Indiranagar,Indiranagar,,,Not Applicable,Customer related issue,Not Applicable,Not Applicable,136,Not Applicable,0,,
2024-07-24 11:44:00,CNR3568562871,Success,CID485817,Prime Plus,Tumkur Road,Langford Town,70.0,40.0,Not Applicable,Not Applicable,Yes,Other Issue,661,Cash,37,4.9,3.6
2024-07-18 16:54:00,CNR1029641373,Success,CID890521,Mini,Shivajinagar,HSR Layout,161.0,75.0,Not Applicable,Not Applicable,No,Not Applicable,1407,UPI,23,4.8,3.2
2024-07-19 00:47:00,CNR3004670365,Canceled by Customer,CID853881,Prime Plus,Shivajinagar,Sarjapur Road,,,AC is Not working,Not Applicable,Not Applicable,Not Applicable,462,Not Applicable,0,,
2024-07-02 10:37:00,CNR9638927658,Canceled by Driver,CID399973,Prime SUV,Rajarajeshwari Nagar,Rajarajeshwari Nagar,,,Not Applicable,Customer was coughing/sick,Not Applicable,Not Applicable,469,Not Applicable,0,,
2024-07-14 09:35:00,CNR8313007112,Success,CID928158,Prime Sedan,Hennur,Electronic City,140.0,145.0,Not Applicable,Not Applicable,No,Not Applicable,489,Cash,7,3.7,3.8
2024-07-23 12:00:00,CNR8422119761,Success,CID793160,Auto,Frazer Town,Jayanagar,84.0,95.0,Not Applicable,Not Applicable,No,Not Applicable,323,Cash,3,5.0,3.3
2024-07-23 02:10:00,CNR7813004909,Success,CID549603,Auto,Majestic,Padmanabhanagar,280.0,70.0,Not Applicable,Not Applicable,No,Not Applicable,371,Cash,17,4.2,3.4
2024-07-01 02:35:00,CNR2704272957,Success,CID290020,Bike,Hosur Road,Rajarajeshwari Nagar,98.0,115.0,Not Applicable,Not Applicable,No,Not Applicable,344,Cash,4,3.9,3.2
2024-07-05 19:25:00,CNR3682180994,Canceled by Driver,CID313438,Prime SUV,Kadugodi,Jayanagar,,,Not Applicable,Personal & Car related issue,Not Applicable,Not Applicable,898,Not Applicable,0,,
2024-07-22 23:29:00,CNR6565585005,Canceled by Customer,CID815777,Prime SUV,Chamarajpet,Padmanabhanagar,,,Wrong Address,Not Applicable,Not Applicable,Not Applicable,754,Not Applicable,0,,
2024-07-08 21:22:00,CNR1328080581,Driver Not Found,CID678168,Bike,Mysore Road,Kadugodi,,,Not Applicable,Not Applicable,Not Applicable,Not Applicable,250,Not Applicable,0,,
2024-07-10 13:05:00,CNR7594649703,Success,CID508617,Prime SUV,Ulsoor,Majestic,91.0,35.0,Not Applicable,Not Applicable,No,Not Applicable,448,UPI,2,3.3,4.0
2024-07-02 22:28:00,CNR4354428346,Success,CID690009,eBike,Varthur,Indiranagar,112.0,110.0,Not Applicable,Not Applicable,No,Not Applicable,365,Cash,18,3.6,4.4
2024-07-12 10:27:00,CNR2116858408,Success,CID579727,Prime Sedan,Sarjapur Road,Kammanahalli,70.0,125.0,Not Applicable,Not Applicable,No,Not Applicable,341,UPI,2,3.4,4.1
2024-07-16 18:07:00,CNR8503975611,Canceled by Driver,CID705603,Bike,Bannerghatta Road,JP Nagar,,,Not Applicable,Customer related issue,Not Applicable,Not Applicable,307,Not Applicable,0,,
2024-07-17 02:05:00,CNR3363182646,Success,CID752272,Prime Plus,Frazer Town,Peenya,182.0,55.0,Not Applicable,Not Applicable,No,Not Applicable,495,UPI,32,4.5,4.6
2024-07-26 08:16:00,CNR5170128460,Canceled by Customer,CID236973,Prime Plus,Indiranagar,Hosur Road,,,Driver is not moving towards pickup location,Not Applicable,Not Applicable,Not Applicable,221,Not Applicable,0,,
2024-07-03 07:57:00,CNR7566941452,Canceled by Driver,CID389788,eBike,Devanahalli,Hebbal,,,Not Applicable,More than permitted people in there,Not Applicable,Not Applicable,821,Not Applicable,0,,
2024-07-27 10:31:00,CNR1008886522,Success,CID581491,Auto,Hosur Road,Yeshwanthpur,147.0,30.0,Not Applicable,Not Applicable,No,Not Applicable,402,Cash,7,4.6,4.0
2024-07-12 16:40:00,CNR7717046380,Success,CID403644,Bike,Vijayanagar,Kammanahalli,161.0,55.0,Not Applicable,Not Applicable,No,Not Applicable,412,Cash,13,4.3,4.2
2024-07-01 01:32:00,CNR6620843617,Success,CID485768,Bike,Vijayanagar,Peenya,161.0,135.0,Not Applicable,Not Applicable,Yes,Vehicle Breakdown,326,Cash,35,4.5,4.3
2024-07-04 03:40:00,CNR3545343220,Canceled by Customer,CID912188,Bike,Hebbal,Varthur,,,Change of plans,Not Applicable,Not Applicable,Not Applicable,599,Not Applicable,0,,
2024-07-10 08:56:00,CNR7947815624,Success,CID146261,Prime Sedan,Jayanagar,Yelahanka,161.0,70.0,Not Applicable,Not Applicable,No,Not Applicable,329,Cash,44,4.0,4.0
2024-07-12 06:02:00,CNR4122125892,Success,CID837333,Bike,Richmond Town,Ramamurthy Nagar,280.0,35.0,Not Applicable,Not Applicable,No,Not Applicable,2279,UPI,13,3.4,4.0
2024-07-14 16:46:00,CNR1444873516,Driver Not Found,CID102270,eBike,Ulsoor,Banashankari,,,Not Applicable,Not Applicable,Not Applicable,Not Applicable,397,Not Applicable,0,,
2024-07-23 21:18:00,CNR6481728986,Success,CID674130,Mini,JP Nagar,Tumkur Road,189.0,105.0,Not Applicable,Not Applicable,No,Not Applicable,206,Cash,41,4.3,3.8
2024-07-13 06:27:00,CNR1122302122,Success,CID169273,Mini,Devanahalli,Basavanagudi,84.0,55.0,Not Applicable,Not Applicable,No,Not Applicable,221,Cash,34,3.1,3.7
2024-07-17 13:12:00,CNR7432860416,Success,CID355946,Prime Plus,Marathahalli,Majestic,266.0,95.0,Not Applicable,Not Applicable,No,Not Applicable,512,Cash,24,3.9,3.3
2024-07-14 19:15:00,CNR3466848640,Success,CID889476,Auto,Peenya,Peenya,294.0,105.0,Not Applicable,Not Applicable,No,Not Applicable,231,UPI,2,3.2,3.7
2024-07-01 14:46:00,CNR9498179255,Canceled by Driver,CID464567,Mini,RT Nagar,Kammanahalli,,,Not Applicable,Customer related issue,Not Applicable,Not Applicable,450,Not Applicable,0,,
2024-07-19 05:05:00,CNR4577258395,Success,CID427965,Prime SUV,Sahakar Nagar,Bannerghatta Road,140.0,75.0,Not Applicable,Not Applicable,No,Not Applicable,258,Cash,35,3.1,3.8
2024-07-12 21:26:00,CNR8873171754,Canceled by Driver,CID189336,Prime Sedan,Devanahalli,Yeshwanthpur,,,Not Applicable,More than permitted people in there,Not Applicable,Not Applicable,464,Not Applicable,0,,
2024-07-29 06:03:00,CNR1079929477,Success,CID846083,Auto,Nagarbhavi,Banashankari,168.0,85.0,Not Applicable,Not Applicable,No,Not Applicable,330,UPI,18,3.3,5.0
2024-07-17 00:14:00,CNR9452091583,Success,CID975355,Prime Sedan,Sarjapur Road,Malleshwaram,63.0,45.0,Not Applicable,Not Applicable,No,Not Applicable,301,UPI,34,3.5,4.0
2024-07-22 17:11:00,CNR5396233487,Success,CID541606,Prime Sedan,Banashankari,Sahakar Nagar,273.0,145.0,Not Applicable,Not Applicable,No,Not Applicable,244,Cash,7,3.4,3.2
2024-07-29 02:53:00,CNR7109006380,Success,CID427783,Mini,Mysore Road,Hosur Road,217.0,125.0,Not Applicable,Not Applicable,No,Not Applicable,854,Cash,14,5.0,3.7
2024-07-03 00:03:00,CNR3400935559,Canceled by Driver,CID460476,Prime SUV,Bannerghatta Road,Peenya,,,Not Applicable,Customer was coughing/sick,Not Applicable,Not Applicable,146,Not Applicable,0,,
2024-07-27 07:46:00,CNR7606952283,Canceled by Driver,CID385041,eBike,Bannerghatta Road,Bannerghatta Road,,,Not Applicable,Customer related issue,Not Applicable,Not Applicable,177,Not Applicable,0,,
2024-07-18 12:02:00,CNR7414932444,Driver Not Found,CID388987,Mini,HSR Layout,Sahakar Nagar,,,Not Applicable,Not Applicable,Not Applicable,Not Applicable,449,Not Applicable,0,,
2024-07-19 13:47:00,CNR4646749313,Success,CID280873,Prime SUV,Rajarajeshwari Nagar,Indiranagar,56.0,40.0,Not Applicable,Not Applicable,No,Not Applicable,932,Cash,5,3.2,3.0
2024-07-18 22:43:00,CNR5137866202,Success,CID800877,Prime SUV,Kammanahalli,HSR Layout,119.0,135.0,Not Applicable,Not Applicable,No,Not Applicable,2042,Cash,19,3.4,4.2
2024-07-12 15:19:00,CNR9966479353,Success,CID524249,Auto,Tumkur Road,MG Road,119.0,100.0,Not Applicable,Not Applicable,No,Not Applicable,844,Credit Card,8,3.6,3.5
2024-07-20 12:32:00,CNR2657022739,Success,CID975060,Prime SUV,Mysore Road,Majestic,63.0,70.0,Not Applicable,Not Applicable,No,Not Applicable,674,UPI,14,4.6,4.8
2024-07-03 09:26:00,CNR4308057514,Success,CID332780,Prime SUV,Majestic,Hebbal,147.0,115.0,Not Applicable,Not Applicable,No,Not Applicable,1991,UPI,41,4.7,4.2
2024-07-04 18:02:00,CNR1598342552,Success,CID720202,Mini,Electronic City,Rajarajeshwari Nagar,175.0,70.0,Not Applicable,Not Applicable,No,Not Applicable,274,Cash,36,4.1,3.9
2024-07-29 12:30:00,CNR6684594184,Success,CID516571,Prime SUV,Majestic,Sahakar Nagar,245.0,115.0,Not Applicable,Not Applicable,No,Not Applicable,927,Cash,22,4.1,4.0
2024-07-23 09:23:00,CNR7892784044,Success,CID892815,Auto,Cox Town,HSR Layout,42.0,60.0,Not Applicable,Not Applicable,No,Not Applicable,1971,UPI,13,4.9,3.8
2024-07-13 03:50:00,CNR7794179080,Canceled by Customer,CID220994,Prime SUV,HSR Layout,Kadugodi,,,Change of plans,Not Applicable,Not Applicable,Not Applicable,687,Not Applicable,0,,
2024-07-17 15:13:00,CNR7702791143,Success,CID367691,Prime Plus,Ulsoor,Magadi Road,105.0,60.0,Not Applicable,Not Applicable,No,Not Applicable,244,UPI,1,3.7,4.0
2024-07-22 07:51:00,CNR3905255189,Success,CID178912,Prime Sedan,Kengeri,Bellandur,147.0,95.0,Not Applicable,Not Applicable,No,Not Applicable,109,Cash,13,3.6,4.4
2024-07-24 15:24:00,CNR3088876614,Success,CID885156,Prime Plus,Langford Town,Banashankari,77.0,115.0,Not Applicable,Not Applicable,No,Not Applicable,298,Credit Card,5,3.9,3.3
2024-07-13 15:05:00,CNR4762587209,Canceled by Customer,CID717752,Prime SUV,JP Nagar,Tumkur Road,,,AC is Not working,Not Applicable,Not Applicable,Not Applicable,151,Not Applicable,0,,
2024-07-12 08:39:00,CNR8755106108,Canceled by Driver,CID517100,Prime Plus,Sahakar Nagar,Bellandur,,,Not Applicable,Personal & Car related issue,Not Applicable,Not Applicable,211,Not Applicable,0,,
2024-07-09 15:11:00,CNR6033012820,Canceled by Driver,CID894548,Prime Plus,Hosur Road,Shivajinagar,,,Not Applicable,Personal & Car related issue,Not Applicable,Not Applicable,1503,Not Applicable,0,,
2024-07-25 05:39:00,CNR2951606837,Success,CID113583,Auto,Majestic,MG Road,133.0,120.0,Not Applicable,Not Applicable,No,Not Applicable,494,Cash,8,3.4,3.3
2024-07-08 22:38:00,CNR4454215710,Success,CID369653,Prime Sedan,Koramangala,Whitefield,126.0,75.0,Not Applicable,Not Applicable,No,Not Applicable,205,UPI,6,3.6,4.9
2024-07-20 16:48:00,CNR3186992930,Canceled by Customer,CID687897,Bike,Ramamurthy Nagar,Sarjapur Road,,,Driver asked to cancel,Not Applicable,Not Applicable,Not Applicable,179,Not Applicable,0,,
2024-07-18 17:18:00,CNR1398488995,Success,CID888621,Mini,MG Road,Rajarajeshwari Nagar,217.0,95.0,Not Applicable,Not Applicable,No,Not Applicable,170,Cash,16,3.7,3.3
2024-07-23 16:35:00,CNR7748733557,Success,CID551772,Prime Plus,Jayanagar,Hebbal,98.0,80.0,Not Applicable,Not Applicable,No,Not Applicable,132,UPI,38,4.0,5.0
2024-07-18 20:05:00,CNR8473122096,Success,CID939766,eBike,Malleshwaram,Chamarajpet,126.0,45.0,Not Applicable,Not Applicable,No,Not Applicable,156,Cash,21,3.2,4.6
2024-07-27 05:55:00,CNR8943817842,Success,CID948022,Prime SUV,Tumkur Road,Frazer Town,98.0,60.0,Not Applicable,Not Applicable,No,Not Applicable,946,UPI,12,4.6,5.0
2024-07-23 16:06:00,CNR6504709949,Success,CID419036,Bike,Mysore Road,Varthur,140.0,45.0,Not Applicable,Not Applicable,No,Not Applicable,188,Credit Card,10,4.2,4.3
2024-07-29 19:22:00,CNR5134821096,Success,CID575761,Bike,Majestic,Kengeri,126.0,70.0,Not Applicable,Not Applicable,No,Not Applicable,200,UPI,18,3.8,4.6
2024-07-19 04:49:00,CNR5182994880,Success,CID341757,Prime Plus,Majestic,Cox Town,154.0,120.0,Not Applicable,Not Applicable,No,Not Applicable,931,Cash,29,3.8,3.4
2024-07-21 17:16:00,CNR2284187525,Canceled by Driver,CID117318,Prime Sedan,KR Puram,Hulimavu,,,Not Applicable,Customer was coughing/sick,Not Applicable,Not Applicable,453,Not Applicable,0,,
2024-07-30 07:15:00,CNR6216868471,Canceled by Driver,CID795062,eBike,Nagarbhavi,Rajajinagar,,,Not Applicable,Customer related issue,Not Applicable,Not Applicable,815,Not Applicable,0,,
2024-07-11 10:28:00,CNR6434046861,Canceled by Driver,CID854310,Mini,Cox Town,Shivajinagar,,,Not Applicable,Personal & Car related issue,Not Applicable,Not Applicable,929,Not Applicable,0,,
2024-07-18 12:58:00,CNR8680379581,Success,CID781992,Mini,BTM Layout,KR Puram,231.0,125.0,Not Applicable,Not Applicable,No,Not Applicable,494,UPI,20,3.9,3.1
2024-07-08 12:44:00,CNR9312355119,Success,CID592217,Prime SUV,Sarjapur Road,Chamarajpet,147.0,120.0,Not Applicable,Not Applicable,No,Not Applicable,149,Cash,39,3.1,3.2
2024-07-18 07:32:00,CNR6719158330,Success,CID641663,Prime Plus,Peenya,Hulimavu,210.0,75.0,Not Applicable,Not Applicable,No,Not Applicable,262,UPI,36,4.6,3.2
2024-07-24 20:54:00,CNR4417659673,Driver Not Found,CID186326,Auto,Padmanabhanagar,Nagarbhavi,,,Not Applicable,Not Applicable,Not Applicable,Not Applicable,122,Not Applicable,0,,
2024-07-26 18:49:00,CNR7447506081,Success,CID713317,Mini,Hennur,Hennur,189.0,135.0,Not Applicable,Not Applicable,Yes,Customer Demand,877,UPI,42,4.0,3.8
2024-07-02 09:04:00,CNR6784874871,Driver Not Found,CID446539,Prime SUV,Malleshwaram,HSR Layout,,,Not Applicable,Not Applicable,Not Applicable,Not Applicable,106,Not Applicable,0,,
2024-07-08 06:06:00,CNR5511003859,Driver Not Found,CID452388,eBike,Chamarajpet,Padmanabhanagar,,,Not Applicable,Not Applicable,Not Applicable,Not Applicable,971,Not Applicable,0,,
2024-07-30 00:44:00,CNR1414320678,Canceled by Driver,CID886984,Prime Sedan,Shantinagar,Magadi Road,,,Not Applicable,More than permitted people in there,Not Applicable,Not Applicable,465,Not Applicable,0,,
2024-07-09 18:29:00,CNR5650244401,Success,CID414537,Bike,Banashankari,Sahakar Nagar,154.0,90.0,Not Applicable,Not Applicable,No,Not Applicable,502,Cash,5,4.5,3.6
2024-07-30 15:59:00,CNR4985723063,Success,CID374821,Prime Plus,Tumkur Road,Yeshwanthpur,259.0,130.0,Not Applicable,Not Applicable,No,Not Applicable,106,Cash,37,4.7,4.8
2024-07-30 15:36:00,CNR3958853196,Canceled by Driver,CID354100,Auto,Kadugodi,Cox Town,,,Not Applicable,Personal & Car related issue,Not Applicable,Not Applicable,462,Not Applicable,0,,
2024-07-16 06:58:00,CNR2182571000,Success,CID541643,Auto,Hulimavu,Peenya,70.0,45.0,Not Applicable,Not Applicable,No,Not Applicable,426,Cash,10,3.6,3.3
2024-07-01 21:59:00,CNR6471924826,Canceled by Driver,CID710864,Bike,Koramangala,Yeshwanthpur,,,Not Applicable,Customer was coughing/sick,Not Applicable,Not Applicable,421,Not Applicable,0,,
2024-07-29 12:06:00,CNR2871475258,Success,CID270249,Bike,Basavanagudi,Ulsoor,133.0,70.0,Not Applicable,Not Applicable,No,Not Applicable,367,UPI,5,4.2,4.4
2024-07-22 08:26:00,CNR7646453584,Success,CID497388,Prime Plus,BTM Layout,Hosur Road,280.0,130.0,Not Applicable,Not Applicable,No,Not Applicable,576,Cash,22,4.5,4.6
2024-07-01 15:15:00,CNR7526209583,Canceled by Customer,CID682114,Mini,Ulsoor,BTM Layout,,,AC is Not working,Not Applicable,Not Applicable,Not Applicable,1292,Not Applicable,0,,
2024-07-10 13:39:00,CNR3317354373,Success,CID184447,Prime Plus,Chickpet,Koramangala,161.0,45.0,Not Applicable,Not Applicable,No,Not Applicable,1554,Cash,16,3.1,4.4
2024-07-27 23:22:00,CNR6558318174,Success,CID462760,Mini,Sahakar Nagar,Tumkur Road,273.0,50.0,Not Applicable,Not Applicable,No,Not Applicable,354,UPI,24,4.4,4.7
2024-07-19 11:36:00,CNR7967047346,Success,CID363796,Auto,Rajarajeshwari Nagar,Yelahanka,266.0,75.0,Not Applicable,Not Applicable,No,Not Applicable,359,Credit Card,9,4.5,4.8
2024-07-18 03:23:00,CNR6774710174,Success,CID968717,Prime Plus,Majestic,Shivajinagar,224.0,95.0,Not Applicable,Not Applicable,No,Not Applicable,169,Cash,43,3.2,4.2
2024-07-07 22:49:00,CNR9338994674,Canceled by Driver,CID487731,Prime SUV,Electronic City,Hennur,,,Not Applicable,Personal & Car related issue,Not Applicable,Not Applicable,2665,Not Applicable,0,,
2024-07-11 01:10:00,CNR4080664250,Success,CID836095,eBike,Ulsoor,Rajarajeshwari Nagar,126.0,65.0,Not Applicable,Not Applicable,No,Not Applicable,337,UPI,21,4.1,4.7
2024-07-29 15:37:00,CNR8043549714,Canceled by Customer,CID653779,Prime Plus,Padmanabhanagar,Richmond Town,,,AC is Not working,Not Applicable,Not Applicable,Not Applicable,217,Not Applicable,0,,
2024-07-18 22:32:00,CNR9367706063,Success,CID737639,Prime Sedan,Koramangala,Shivajinagar,266.0,80.0,Not Applicable,Not Applicable,No,Not Applicable,240,UPI,42,3.4,3.6
2024-07-18 10:46:00,CNR5236772833,Canceled by Driver,CID321691,eBike,Varthur,Whitefield,,,Not Applicable,Customer related issue,Not Applicable,Not Applicable,142,Not Applicable,0,,
2024-07-07 19:06:00,CNR6487227337,Success,CID490156,Prime SUV,Jayanagar,Chamarajpet,140.0,140.0,Not Applicable,Not Applicable,No,Not Applicable,265,Cash,18,5.0,3.0
2024-07-10 04:34:00,CNR4510840870,Success,CID872778,Prime Sedan,MG Road,Cox Town,154.0,55.0,Not Applicable,Not Applicable,No,Not Applicable,404,Cash,49,3.7,3.3
2024-07-30 04:17:00,CNR8446922483,Success,CID685597,Prime Plus,Hennur,Sahakar Nagar,266.0,105.0,Not Applicable,Not Applicable,No,Not Applicable,596,Cash,43,3.0,3.8
2024-07-04 05:14:00,CNR1133479927,Success,CID466172,Prime Plus,Majestic,Peenya,266.0,120.0,Not Applicable,Not Applicable,No,Not Applicable,301,Cash,26,3.8,3.6
2024-07-24 06:59:00,CNR1494486602,Driver Not Found,CID843215,Prime Plus,Rajajinagar,Hulimavu,,,Not Applicable,Not Applicable,Not Applicable,Not Applicable,479,Not Applicable,0,,
2024-07-12 10:35:00,CNR4410541040,Driver Not Found,CID130192,Prime SUV,Bannerghatta Road,Cox Town,,,Not Applicable,Not Applicable,Not Applicable,Not Applicable,251,Not Applicable,0,,
2024-07-20 15:11:00,CNR3154286702,Success,CID582030,Prime Plus,Bellandur,Indiranagar,63.0,125.0,Not Applicable,Not Applicable,No,Not Applicable,1734,UPI,11,4.6,4.8
2024-07-04 08:22:00,CNR2067159967,Success,CID141529,Prime Plus,Yeshwanthpur,Marathahalli,112.0,70.0,Not Applicable,Not Applicable,No,Not Applicable,104,Cash,25,4.5,3.8
2024-07-08 22:41:00,CNR6661399690,Success,CID636884,Prime SUV,Langford Town,Yelahanka,189.0,90.0,Not Applicable,Not Applicable,No,Not Applicable,419,Cash,4,4.4,4.5
2024-07-16 02:17:00,CNR3887434661,Canceled by Driver,CID964355,Bike,Chickpet,Jayanagar,,,Not Applicable,Customer was coughing/sick,Not Applicable,Not Applicable,1946,Not Applicable,0,,
2024-07-18 07:40:00,CNR8680091878,Success,CID920838,Auto,Shantinagar,Hennur,273.0,80.0,Not Applicable,Not Applicable,No,Not Applicable,356,Cash,13,3.4,3.4
2024-07-24 19:28:00,CNR5219674367,Success,CID909803,Auto,Koramangala,Hosur Road,126.0,25.0,Not Applicable,Not Applicable,No,Not Applicable,581,UPI,13,3.7,3.7
2024-07-10 07:43:00,CNR9840614450,Success,CID119346,eBike,BTM Layout,BTM Layout,259.0,90.0,Not Applicable,Not Applicable,No,Not Applicable,324,UPI,13,3.9,4.1
2024-07-23 16:44:00,CNR4617913510,Canceled by Customer,CID982104,Bike,Hennur,Marathahalli,,,Wrong Address,Not Applicable,Not Applicable,Not Applicable,920,Not Applicable,0,,
2024-07-13 11:27:00,CNR4675679298,Canceled by Customer,CID468425,Bike,Vijayanagar,Rajajinagar,,,AC is Not working,Not Applicable,Not Applicable,Not Applicable,477,Not Applicable,0,,
2024-07-02 10:32:00,CNR8115007331,Success,CID687206,Auto,Chickpet,Mysore Road,210.0,135.0,Not Applicable,Not Applicable,No,Not Applicable,307,Cash,12,4.8,4.9
2024-07-10 12:00:00,CNR2101048817,Success,CID778024,Mini,Banashankari,Langford Town,252.0,80.0,Not Applicable,Not Applicable,Yes,Customer Demand,349,UPI,32,3.9,3.6
2024-07-29 08:43:00,CNR5521693257,Success,CID279796,Bike,Jayanagar,Varthur,140.0,60.0,Not Applicable,Not Applicable,No,Not Applicable,385,UPI,39,4.9,4.5
2024-07-22 17:33:00,CNR7103880762,Driver Not Found,CID402965,Prime SUV,Majestic,Vijayanagar,,,Not Applicable,Not Applicable,Not Applicable,Not Applicable,459,Not Applicable,0,,
2024-07-08 20:20:00,CNR5366891192,Success,CID196158,eBike,Langford Town,Nagarbhavi,210.0,135.0,Not Applicable,Not Applicable,No,Not Applicable,518,Cash,34,3.9,3.6
2024-07-05 22:53:00,CNR3582768289,Canceled by Driver,CID928726,Prime Plus,Majestic,Electronic City,,,Not Applicable,Personal & Car related issue,Not Applicable,Not Applicable,677,Not Applicable,0,,
2024-07-12 03:12:00,CNR1049621842,Canceled by Customer,CID189750,Mini,Indiranagar,RT Nagar,,,Change of plans,Not Applicable,Not Applicable,Not Applicable,475,Not Applicable,0,,
2024-07-24 16:06:00,CNR9832591947,Success,CID633618,Prime Plus,Richmond Town,Banashankari,182.0,55.0,Not Applicable,Not Applicable,No,Not Applicable,472,Debit Card,7,3.8,3.7
2024-07-09 05:29:00,CNR2919368155,Success,CID252944,Auto,Cox Town,Indiranagar,259.0,95.0,Not Applicable,Not Applicable,No,Not Applicable,159,Cash,6,3.5,3.4
2024-07-23 22:52:00,CNR5537162747,Canceled by Driver,CID833384,Bike,BTM Layout,MG Road,,,Not Applicable,Personal & Car related issue,Not Applicable,Not Applicable,261,Not Applicable,0,,
2024-07-28 09:20:00,CNR9453928709,Success,CID291133,Prime SUV,Vijayanagar,Padmanabhanagar,287.0,40.0,Not Applicable,Not Applicable,No,Not Applicable,234,UPI,19,4.1,4.0
2024-07-30 12:10:00,CNR9951453614,Success,CID706606,Prime SUV,Kadugodi,Kammanahalli,140.0,75.0,Not Applicable,Not Applicable,No,Not Applicable,318,UPI,16,5.0,3.8
2024-07-30 14:34:00,CNR3810578964,Canceled by Driver,CID514091,Mini,JP Nagar,Bellandur,,,Not Applicable,Personal & Car related issue,Not Applicable,Not Applicable,324,Not Applicable,0,,
2024-07-18 17:09:00,CNR1432358572,Canceled by Driver,CID740428,Prime Sedan,Yeshwanthpur,MG Road,,,Not Applicable,Personal & Car related issue,Not Applicable,Not Applicable,548,Not Applicable,0,,
2024-07-01 04:37:00,CNR7709321761,Success,CID323918,Prime Plus,Vijayanagar,Hosur Road,140.0,135.0,Not Applicable,Not Applicable,No,Not Applicable,248,Cash,41,4.7,3.5
2024-07-29 07:17:00,CNR4788343991,Driver Not Found,CID817917,Prime Plus,Mysore Road,Sarjapur Road,,,Not Applicable,Not Applicable,Not Applicable,Not Applicable,375,Not Applicable,0,,
2024-07-28 11:36:00,CNR8930473734,Canceled by Customer,CID532867,Prime Sedan,Vijayanagar,Tumkur Road,,,AC is Not working,Not Applicable,Not Applicable,Not Applicable,548,Not Applicable,0,,
2024-07-22 04:49:00,CNR1145668300,Success,CID368432,Auto,Bellandur,Yelahanka,266.0,85.0,Not Applicable,Not Applicable,No,Not Applicable,493,Cash,19,3.8,4.2
2024-07-26 18:44:00,CNR6839917098,Success,CID432819,Auto,Hennur,Kammanahalli,266.0,75.0,Not Applicable,Not Applicable,No,Not Applicable,231,Cash,4,3.3,4.4
2024-07-25 17:54:00,CNR6586747976,Success,CID998240,Prime Plus,Hennur,Malleshwaram,294.0,85.0,Not Applicable,Not Applicable,No,Not Applicable,185,UPI,1,5.0,4.7
2024-07-11 23:55:00,CNR8963128499,Canceled by Driver,CID930988,Prime Sedan,Basavanagudi,Peenya,,,Not Applicable,Customer related issue,Not Applicable,Not Applicable,438,Not Applicable,0,,
2024-07-23 00:21:00,CNR1207920075,Success,CID952703,Bike,KR Puram,Magadi Road,308.0,120.0,Not Applicable,Not Applicable,No,Not Applicable,610,UPI,33,3.4,3.1
2024-07-11 09:41:00,CNR2193464877,Success,CID490766,Prime Sedan,Varthur,Hulimavu,168.0,75.0,Not Applicable,Not Applicable,No,Not Applicable,397,UPI,2,4.8,3.1
2024-07-17 13:18:00,CNR7999123343,Success,CID561404,Bike,Sarjapur Road,Yeshwanthpur,217.0,55.0,Not Applicable,Not Applicable,No,Not Applicable,345,Cash,27,4.4,4.6
2024-07-23 20:02:00,CNR4178188602,Canceled by Driver,CID725005,Mini,HSR Layout,Basavanagudi,,,Not Applicable,Personal & Car related issue,Not Applicable,Not Applicable,263,Not Applicable,0,,
2024-07-22 15:58:00,CNR8611117230,Canceled by Customer,CID411999,Prime SUV,Whitefield,Cox Town,,,Driver asked to cancel,Not Applicable,Not Applicable,Not Applicable,482,Not Applicable,0,,
2024-07-04 18:38:00,CNR5167799941,Driver Not Found,CID127208,Prime Plus,Shantinagar,Koramangala,,,Not Applicable,Not Applicable,Not Applicable,Not Applicable,115,Not Applicable,0,,
2024-07-26 22:53:00,CNR2198345512,Driver Not Found,CID653417,Bike,Whitefield,Nagarbhavi,,,Not Applicable,Not Applicable,Not Applicable,Not Applicable,743,Not Applicable,0,,
2024-07-21 12:08:00,CNR3373939838,Success,CID535581,Prime SUV,Hulimavu,Devanahalli,119.0,145.0,Not Applicable,Not Applicable,No,Not Applicable,277,UPI,47,4.8,3.4
2024-07-21 19:07:00,CNR6712877233,Success,CID484325,Prime Sedan,Whitefield,Indiranagar,259.0,140.0,Not Applicable,Not Applicable,No,Not Applicable,865,UPI,13,3.5,4.0
2024-07-02 19:01:00,CNR8940259282,Canceled by Customer,CID167777,Prime SUV,Chickpet,Hulimavu,,,Driver asked to cancel,Not Applicable,Not Applicable,Not Applicable,424,Not Applicable,0,,
2024-07-02 18:07:00,CNR6461371550,Success,CID588424,Prime Sedan,Rajarajeshwari Nagar,Bellandur,217.0,25.0,Not Applicable,Not Applicable,No,Not Applicable,325,Cash,45,4.1,4.4
2024-07-07 20:59:00,CNR1893509396,Success,CID949166,Mini,Shivajinagar,Hulimavu,70.0,130.0,Not Applicable,Not Applicable,No,Not Applicable,1281,Cash,2,5.0,3.2
2024-07-16 22:44:00,CNR4705632890,Success,CID459497,Bike,Basavanagudi,Shantinagar,77.0,60.0,Not Applicable,Not Applicable,No,Not Applicable,475,UPI,10,4.2,3.3
2024-07-12 15:52:00,CNR7671812031,Success,CID783559,eBike,Kadugodi,Frazer Town,70.0,100.0,Not Applicable,Not Applicable,No,Not Applicable,300,Cash,29,3.2,3.6
2024-07-06 20:55:00,CNR2012788807,Success,CID403018,Prime Plus,BTM Layout,Kengeri,168.0,50.0,Not Applicable,Not Applicable,No,Not Applicable,191,UPI,7,4.1,4.8
2024-07-07 20:14:00,CNR8634882005,Driver Not Found,CID443854,Mini,Magadi Road,Rajajinagar,,,Not Applicable,Not Applicable,Not Applicable,Not Applicable,134,Not Applicable,0,,
2024-07-20 06:43:00,CNR6547264457,Canceled by Driver,CID965561,Prime SUV,Mysore Road,Marathahalli,,,Not Applicable,Customer was coughing/sick,Not Applicable,Not Applicable,799,Not Applicable,0,,
2024-07-27 01:07:00,CNR5300146175,Success,CID458606,eBike,Marathahalli,Basavanagudi,287.0,115.0,Not Applicable,Not Applicable,No,Not Applicable,657,Cash,8,4.8,4.0
2024-07-09 04:22:00,CNR5048694902,Success,CID443035,eBike,Hulimavu,Ramamurthy Nagar,35.0,50.0,Not Applicable,Not Applicable,No,Not Applicable,494,UPI,23,3.3,3.1
2024-07-19 14:15:00,CNR9710864602,Success,CID778412,Prime SUV,Yelahanka,Sarjapur Road,42.0,125.0,Not Applicable,Not Applicable,No,Not Applicable,917,Cash,25,4.6,4.4
2024-07-15 16:01:00,CNR2022280845,Success,CID784114,Bike,Rajarajeshwari Nagar,Majestic,252.0,100.0,Not Applicable,Not Applicable,No,Not Applicable,444,UPI,37,3.1,4.5
2024-07-01 08:31:00,CNR5754184787,Success,CID721495,eBike,Hebbal,JP Nagar,126.0,50.0,Not Applicable,Not Applicable,No,Not Applicable,641,Cash,49,3.4,3.1
2024-07-04 02:52:00,CNR5152655492,Success,CID992461,Auto,Electronic City,Malleshwaram,42.0,30.0,Not Applicable,Not Applicable,No,Not Applicable,359,UPI,15,4.2,4.4
2024-07-18 14:31:00,CNR3652526630,Success,CID513642,Auto,Banashankari,Kammanahalli,231.0,140.0,Not Applicable,Not Applicable,No,Not Applicable,120,UPI,3,3.7,3.1
2024-07-07 15:29:00,CNR6167812021,Success,CID480171,Prime SUV,Yelahanka,Yeshwanthpur,84.0,35.0,Not Applicable,Not Applicable,Yes,Vehicle Breakdown,240,Cash,22,3.6,4.4
2024-07-30 22:53:00,CNR4644177481,Success,CID512324,Prime Plus,Banashankari,Frazer Town,217.0,50.0,Not Applicable,Not Applicable,No,Not Applicable,550,Cash,44,4.4,3.2
2024-07-28 10:07:00,CNR1243146294,Success,CID361234,eBike,Mysore Road,Jayanagar,98.0,80.0,Not Applicable,Not Applicable,No,Not Applicable,436,Cash,33,3.3,4.7
2024-07-17 02:56:00,CNR7154285939,Canceled by Driver,CID525431,Prime Plus,Rajarajeshwari Nagar,Bannerghatta Road,,,Not Applicable,Customer related issue,Not Applicable,Not Applicable,969,Not Applicable,0,,
2024-07-19 15:48:00,CNR9945348283,Success,CID916722,Auto,Richmond Town,Rajarajeshwari Nagar,231.0,100.0,Not Applicable,Not Applicable,Yes,Customer Demand,333,UPI,3,4.9,4.1
2024-07-19 09:22:00,CNR7230868303,Canceled by Driver,CID850075,Prime Sedan,Richmond Town,Hebbal,,,Not Applicable,Customer was coughing/sick,Not Applicable,Not Applicable,227,Not Applicable,0,,
2024-07-23 21:57:00,CNR3891763888,Success,CID271041,eBike,Frazer Town,Bannerghatta Road,91.0,105.0,Not Applicable,Not Applicable,No,Not Applicable,394,UPI,41,3.5,4.4
2024-07-19 14:26:00,CNR8318795435,Success,CID236388,Mini,Yelahanka,Yelahanka,140.0,100.0,Not Applicable,Not Applicable,No,Not Applicable,249,UPI,40,4.5,4.9
2024-07-22 13:49:00,CNR9171451647,Success,CID612159,Prime Plus,Bellandur,Bannerghatta Road,140.0,115.0,Not Applicable,Not Applicable,No,Not Applicable,880,UPI,48,4.3,3.3
2024-07-05 09:09:00,CNR4434320595,Success,CID125356,Prime Sedan,Shantinagar,Malleshwaram,245.0,65.0,Not Applicable,Not Applicable,No,Not Applicable,566,UPI,21,3.9,4.1
2024-07-18 09:17:00,CNR4359655609,Canceled by Customer,CID966917,Bike,Sarjapur Road,Hennur,,,Driver is not moving towards pickup location,Not Applicable,Not Applicable,Not Applicable,456,Not Applicable,0,,
2024-07-05 07:27:00,CNR2656516797,Success,CID462573,Prime SUV,JP Nagar,JP Nagar,182.0,85.0,Not Applicable,Not Applicable,No,Not Applicable,287,Cash,33,3.7,4.4
2024-07-01 12:57:00,CNR5123782976,Success,CID631454,Bike,Marathahalli,Vijayanagar,70.0,25.0,Not Applicable,Not Applicable,No,Not Applicable,189,Cash,34,4.5,4.2
2024-07-25 08:19:00,CNR9358610657,Success,CID827408,Auto,Electronic City,Electronic City,42.0,130.0,Not Applicable,Not Applicable,No,Not Applicable,458,Cash,11,4.4,4.9
2024-07-24 20:34:00,CNR7000562901,Canceled by Customer,CID328424,Prime SUV,Indiranagar,Cox Town,,,Driver asked to cancel,Not Applicable,Not Applicable,Not Applicable,387,Not Applicable,0,,
2024-07-11 10:01:00,CNR5149893858,Driver Not Found,CID136107,Mini,Varthur,Richmond Town,,,Not Applicable,Not Applicable,Not Applicable,Not Applicable,418,Not Applicable,0,,
2024-07-16 06:29:00,CNR4591426685,Driver Not Found,CID459289,Prime Sedan,Marathahalli,Rajajinagar,,,Not Applicable,Not Applicable,Not Applicable,Not Applicable,565,Not Applicable,0,,
2024-07-27 23:39:00,CNR3402776880,Canceled by Customer,CID824414,Auto,HSR Layout,Kadugodi,,,Driver asked to cancel,Not Applicable,Not Applicable,Not Applicable,867,Not Applicable,0,,
2024-07-22 02:27:00,CNR3423701345,Success,CID693180,Prime Sedan,Sarjapur Road,Majestic,182.0,145.0,Not Applicable,Not Applicable,Yes,Customer Demand,938,Cash,48,4.0,3.6
2024-07-14 13:30:00,CNR3409133685,Success,CID183215,Prime Sedan,BTM Layout,Hulimavu,182.0,135.0,Not Applicable,Not Applicable,No,Not Applicable,202,Cash,10,3.1,4.3
2024-07-18 12:20:00,CNR9754574381,Canceled by Customer,CID671213,Mini,Cox Town,Majestic,,,Driver asked to cancel,Not Applicable,Not Applicable,Not Applicable,2844,Not Applicable,0,,
2024-07-28 05:02:00,CNR6974042781,Canceled by Driver,CID588495,Bike,RT Nagar,Hosur Road,,,Not Applicable,Customer was coughing/sick,Not Applicable,Not Applicable,379,Not Applicable,0,,
2024-07-16 09:05:00,CNR7714110061,Canceled by Driver,CID742182,Bike,Kengeri,Marathahalli,,,Not Applicable,More than permitted people in there,Not Applicable,Not Applicable,209,Not Applicable,0,,
2024-07-08 11:39:00,CNR4701270392,Canceled by Customer,CID591436,Prime Plus,KR Puram,Ulsoor,,,Driver is not moving towards pickup location,Not Applicable,Not Applicable,Not Applicable,649,Not Applicable,0,,
2024-07-30 07:33:00,CNR6588002777,Success,CID178078,Mini,Shantinagar,Langford Town,210.0,90.0,Not Applicable,Not Applicable,No,Not Applicable,819,Cash,26,4.7,4.6
2024-07-28 00:49:00,CNR5483784504,Success,CID999933,Bike,Rajarajeshwari Nagar,Whitefield,133.0,70.0,Not Applicable,Not Applicable,No,Not Applicable,196,Cash,3,4.9,4.5
2024-07-18 11:45:00,CNR4842994498,Success,CID693505,Mini,Basavanagudi,Jayanagar,168.0,145.0,Not Applicable,Not Applicable,No,Not Applicable,165,Cash,41,4.5,3.8
2024-07-02 11:25:00,CNR1102539329,Success,CID417475,eBike,Hennur,Indiranagar,294.0,90.0,Not Applicable,Not Applicable,No,Not Applicable,358,UPI,13,4.8,4.2
2024-07-06 20:55:00,CNR3834875007,Success,CID589764,Prime Sedan,Peenya,Rajajinagar,252.0,55.0,Not Applicable,Not Applicable,No,Not Applicable,407,UPI,38,4.7,3.0
2024-07-11 04:52:00,CNR1207124587,Canceled by Customer,CID715502,eBike,Ramamurthy Nagar,KR Puram,,,Driver is not moving towards pickup location,Not Applicable,Not Applicable,Not Applicable,185,Not Applicable,0,,
2024-07-10 00:43:00,CNR2074636156,Success,CID192139,Prime Sedan,Whitefield,Magadi Road,49.0,130.0,Not Applicable,Not Applicable,Yes,Vehicle Breakdown,508,Cash,4,3.6,4.5
2024-07-13 17:59:00,CNR6327048265,Success,CID314432,Auto,KR Puram,Magadi Road,161.0,90.0,Not Applicable,Not Applicable,No,Not Applicable,148,Cash,6,4.9,3.4
2024-07-03 18:18:00,CNR9963331524,Success,CID141952,Auto,Shivajinagar,Shivajinagar,189.0,110.0,Not Applicable,Not Applicable,No,Not Applicable,177,UPI,11,3.6,4.9
2024-07-06 15:20:00,CNR1910049982,Success,CID972466,Auto,RT Nagar,Hulimavu,35.0,105.0,Not Applicable,Not Applicable,No,Not Applicable,153,UPI,15,4.9,3.9
2024-07-02 23:41:00,CNR9863766919,Canceled by Driver,CID591046,Bike,Banashankari,Langford Town,,,Not Applicable,Customer was coughing/sick,Not Applicable,Not Applicable,370,Not Applicable,0,,
2024-07-14 08:01:00,CNR7522072546,Driver Not Found,CID841072,Mini,Sarjapur Road,Banashankari,,,Not Applicable,Not Applicable,Not Applicable,Not Applicable,237,Not Applicable,0,,
2024-07-24 02:59:00,CNR5340505129,Canceled by Customer,CID864962,Auto,Padmanabhanagar,Frazer Town,,,Driver asked to cancel,Not Applicable,Not Applicable,Not Applicable,260,Not Applicable,0,,
2024-07-05 22:19:00,CNR1091786489,Success,CID761884,Prime SUV,Banashankari,Electronic City,63.0,90.0,Not Applicable,Not Applicable,No,Not Applicable,242,Cash,5,4.2,4.6
2024-07-30 21:35:00,CNR4466432291,Success,CID626312,Prime SUV,Basavanagudi,RT Nagar,77.0,40.0,Not Applicable,Not Applicable,No,Not Applicable,448,Cash,30,4.4,3.8
2024-07-17 14:40:00,CNR4796856058,Success,CID565067,Bike,Malleshwaram,Nagarbhavi,70.0,140.0,Not Applicable,Not Applicable,No,Not Applicable,1172,UPI,27,5.0,3.5
2024-07-19 06:36:00,CNR9528053371,Success,CID723888,Bike,Yelahanka,Majestic,112.0,130.0,Not Applicable,Not Applicable,No,Not Applicable,118,Cash,23,4.2,3.9
2024-07-20 10:14:00,CNR5852670645,Success,CID628427,Auto,Electronic City,Rajarajeshwari Nagar,217.0,80.0,Not Applicable,Not Applicable,No,Not Applicable,2213,UPI,16,3.3,4.1
2024-07-12 20:49:00,CNR9582388100,Canceled by Driver,CID273773,Auto,Hulimavu,Basavanagudi,,,Not Applicable,Personal & Car related issue,Not Applicable,Not Applicable,756,Not Applicable,0,,
2024-07-06 22:54:00,CNR4459727436,Canceled by Customer,CID536314,Bike,RT Nagar,Banashankari,,,Driver is not moving towards pickup location,Not Applicable,Not Applicable,Not Applicable,1173,Not Applicable,0,,
2024-07-24 18:29:00,CNR3016244583,Driver Not Found,CID495892,Bike,Hebbal,RT Nagar,,,Not Applicable,Not Applicable,Not Applicable,Not Applicable,359,Not Applicable,0,,
2024-07-19 14:10:00,CNR9573322658,Success,CID141198,eBike,BTM Layout,Basavanagudi,161.0,40.0,Not Applicable,Not Applicable,No,Not Applicable,362,UPI,49,4.1,3.7
2024-07-04 04:50:00,CNR1099172673,Canceled by Driver,CID951333,Prime Sedan,Varthur,Bannerghatta Road,,,Not Applicable,Customer was coughing/sick,Not Applicable,Not Applicable,139,Not Applicable,0,,
2024-07-21 04:54:00,CNR6975719823,Canceled by Driver,CID767497,Prime Plus,Magadi Road,Yelahanka,,,Not Applicable,More than permitted people in there,Not Applicable,Not Applicable,113,Not Applicable,0,,
2024-07-04 09:38:00,CNR1559335043,Success,CID284284,Mini,Padmanabhanagar,Rajajinagar,259.0,35.0,Not Applicable,Not Applicable,No,Not Applicable,801,UPI,24,3.6,3.4
2024-07-30 03:52:00,CNR6649633406,Canceled by Customer,CID738062,Prime Plus,Chickpet,KR Puram,,,Driver is not moving towards pickup location,Not Applicable,Not Applicable,Not Applicable,399,Not Applicable,0,,
2024-07-27 00:49:00,CNR3540341955,Success,CID996162,Prime Sedan,Electronic City,Shantinagar,147.0,30.0,Not Applicable,Not Applicable,No,Not Applicable,681,UPI,42,3.3,4.1
2024-07-14 15:57:00,CNR2492956572,Driver Not Found,CID791040,Auto,RT Nagar,Sahakar Nagar,,,Not Applicable,Not Applicable,Not Applicable,Not Applicable,347,Not Applicable,0,,
2024-07-23 07:12:00,CNR9413981620,Success,CID564502,Prime Sedan,Chickpet,Richmond Town,147.0,145.0,Not Applicable,Not Applicable,No,Not Applicable,578,Cash,33,3.9,4.3
2024-07-27 16:04:00,CNR8181288072,Success,CID426276,Prime SUV,Sarjapur Road,Ulsoor,224.0,60.0,Not Applicable,Not Applicable,No,Not Applicable,121,UPI,46,3.2,4.1
2024-07-16 12:10:00,CNR2212315904,Canceled by Driver,CID907518,eBike,Jayanagar,Frazer Town,,,Not Applicable,Personal & Car related issue,Not Applicable,Not Applicable,100,Not Applicable,0,,
2024-07-05 13:19:00,CNR7347262276,Success,CID528082,Prime Plus,Padmanabhanagar,Indiranagar,126.0,135.0,Not Applicable,Not Applicable,No,Not Applicable,551,Credit Card,21,3.9,4.8
2024-07-27 06:22:00,CNR6285521898,Driver Not Found,CID455655,eBike,Banashankari,Peenya,,,Not Applicable,Not Applicable,Not Applicable,Not Applicable,498,Not Applicable,0,,
2024-07-09 12:59:00,CNR4724788038,Success,CID115675,Prime Sedan,KR Puram,Malleshwaram,63.0,75.0,Not Applicable,Not Applicable,No,Not Applicable,205,UPI,47,3.2,3.0
2024-07-10 21:49:00,CNR9878755996,Canceled by Driver,CID694260,eBike,RT Nagar,Mysore Road,,,Not Applicable,Customer related issue,Not Applicable,Not Applicable,104,Not Applicable,0,,
2024-07-28 00:21:00,CNR8379989756,Canceled by Driver,CID440741,Prime Plus,Ramamurthy Nagar,Magadi Road,,,Not Applicable,More than permitted people in there,Not Applicable,Not Applicable,460,Not Applicable,0,,
2024-07-04 11:32:00,CNR1855476011,Success,CID274563,Bike,Electronic City,Kadugodi,154.0,125.0,Not Applicable,Not Applicable,No,Not Applicable,229,UPI,36,4.7,3.6
2024-07-24 18:26:00,CNR3770352384,Success,CID770133,Bike,Sahakar Nagar,MG Road,77.0,140.0,Not Applicable,Not Applicable,No,Not Applicable,403,Cash,49,3.6,4.5
2024-07-18 03:59:00,CNR6087026649,Driver Not Found,CID788203,Bike,Padmanabhanagar,Marathahalli,,,Not Applicable,Not Applicable,Not Applicable,Not Applicable,310,Not Applicable,0,,
2024-07-17 14:53:00,CNR7364721455,Canceled by Driver,CID848313,Mini,Yeshwanthpur,Frazer Town,,,Not Applicable,Personal & Car related issue,Not Applicable,Not Applicable,752,Not Applicable,0,,
2024-07-04 08:02:00,CNR6917114229,Success,CID200148,eBike,Ramamurthy Nagar,Shantinagar,301.0,130.0,Not Applicable,Not Applicable,No,Not Applicable,354,Cash,40,3.7,4.8
2024-07-21 10:17:00,CNR5666847319,Canceled by Customer,CID163105,Mini,Varthur,Marathahalli,,,Driver asked to cancel,Not Applicable,Not Applicable,Not Applicable,975,Not Applicable,0,,
2024-07-13 09:24:00,CNR3960231362,Success,CID737647,Prime SUV,Yeshwanthpur,Yeshwanthpur,63.0,130.0,Not Applicable,Not Applicable,No,Not Applicable,293,UPI,11,3.7,4.0
2024-07-23 22:47:00,CNR6036363943,Driver Not Found,CID821996,eBike,Marathahalli,Padmanabhanagar,,,Not Applicable,Not Applicable,Not Applicable,Not Applicable,190,Not Applicable,0,,
2024-07-08 09:52:00,CNR5493046970,Success,CID832134,Prime SUV,Peenya,Magadi Road,259.0,40.0,Not Applicable,Not Applicable,No,Not Applicable,408,Cash,33,5.0,4.9
2024-07-05 08:07:00,CNR8827309428,Canceled by Driver,CID769286,Prime Plus,Kengeri,Koramangala,,,Not Applicable,More than permitted people in there,Not Applicable,Not Applicable,271,Not Applicable,0,,
2024-07-02 08:21:00,CNR5929192650,Canceled by Driver,CID182008,eBike,Kammanahalli,Koramangala,,,Not Applicable,Customer related issue,Not Applicable,Not Applicable,212,Not Applicable,0,,
2024-07-10 05:43:00,CNR3517632482,Success,CID910394,Mini,Shivajinagar,Majestic,245.0,75.0,Not Applicable,Not Applicable,No,Not Applicable,390,Cash,37,3.1,3.6
2024-07-18 16:17:00,CNR6168043819,Canceled by Driver,CID886469,Prime SUV,Chamarajpet,Yeshwanthpur,,,Not Applicable,Customer related issue,Not Applicable,Not Applicable,1218,Not Applicable,0,,
2024-07-29 13:11:00,CNR9790502952,Success,CID792038,Auto,Bellandur,Electronic City,168.0,40.0,Not Applicable,Not Applicable,No,Not Applicable,486,Cash,9,4.6,4.8
2024-07-05 00:45:00,CNR5232650277,Success,CID974645,Prime SUV,Yelahanka,JP Nagar,259.0,110.0,Not Applicable,Not Applicable,Yes,Customer Demand,162,UPI,4,3.3,4.9
2024-07-14 21:48:00,CNR1447213646,Success,CID520877,Bike,Yeshwanthpur,Yelahanka,182.0,145.0,Not Applicable,Not Applicable,No,Not Applicable,310,UPI,44,3.3,3.8
2024-07-11 16:06:00,CNR7936834122,Success,CID254149,eBike,Ramamurthy Nagar,Electronic City,140.0,125.0,Not Applicable,Not Applicable,No,Not Applicable,973,Credit Card,23,4.7,3.0
2024-07-20 04:40:00,CNR8569077475,Success,CID367997,Prime Plus,Nagarbhavi,Nagarbhavi,42.0,110.0,Not Applicable,Not Applicable,No,Not Applicable,586,Cash,3,3.5,4.0
2024-07-22 16:31:00,CNR9791854307,Driver Not Found,CID836433,Prime Sedan,Hennur,Hosur Road,,,Not Applicable,Not Applicable,Not Applicable,Not Applicable,162,Not Applicable,0,,
2024-07-07 03:17:00,CNR6322243758,Canceled by Driver,CID673813,Bike,RT Nagar,Shivajinagar,,,Not Applicable,Customer related issue,Not Applicable,Not Applicable,376,Not Applicable,0,,
2024-07-04 01:43:00,CNR9103996834,Success,CID135301,Prime SUV,Jayanagar,Ulsoor,175.0,40.0,Not Applicable,Not Applicable,No,Not Applicable,894,Cash,35,3.5,3.1
2024-07-29 13:06:00,CNR9115038038,Success,CID103739,Auto,Shantinagar,Bellandur,126.0,60.0,Not Applicable,Not Applicable,No,Not Applicable,376,UPI,4,3.5,3.7
2024-07-21 20:23:00,CNR8055294026,Success,CID171031,Prime SUV,Ramamurthy Nagar,Indiranagar,63.0,110.0,Not Applicable,Not Applicable,No,Not Applicable,2850,Cash,12,5.0,4.9
2024-07-10 11:27:00,CNR4485555558,Success,CID529141,Mini,Sarjapur Road,Cox Town,238.0,110.0,Not Applicable,Not Applicable,No,Not Applicable,471,UPI,21,3.1,3.6
2024-07-22 13:32:00,CNR8269922606,Canceled by Customer,CID564167,Mini,Basavanagudi,Richmond Town,,,AC is Not working,Not Applicable,Not Applicable,Not Applicable,875,Not Applicable,0,,
2024-07-24 08:48:00,CNR6659462852,Success,CID455779,Prime Plus,Ramamurthy Nagar,Majestic,70.0,105.0,Not Applicable,Not Applicable,No,Not Applicable,252,Cash,6,4.2,4.5
2024-07-02 03:04:00,CNR6001322998,Driver Not Found,CID684136,Prime Plus,Hosur Road,Kengeri,,,Not Applicable,Not Applicable,Not Applicable,Not Applicable,503,Not Applicable,0,,
2024-07-22 15:34:00,CNR6956085258,Success,CID578217,Prime Sedan,Shivajinagar,Ulsoor,175.0,60.0,Not Applicable,Not Applicable,No,Not Applicable,457,UPI,6,3.7,4.5
2024-07-16 14:07:00,CNR1240575364,Canceled by Driver,CID378466,Prime Plus,Shivajinagar,Hennur,,,Not Applicable,Personal & Car related issue,Not Applicable,Not Applicable,422,Not Applicable,0,,
2024-07-01 15:31:00,CNR9827218934,Success,CID980623,Prime Sedan,Ramamurthy Nagar,Ulsoor,77.0,75.0,Not Applicable,Not Applicable,No,Not Applicable,110,UPI,48,4.0,4.2
2024-07-26 17:45:00,CNR4188811123,Success,CID464191,Auto,Hulimavu,Koramangala,105.0,80.0,Not Applicable,Not Applicable,No,Not Applicable,440,UPI,4,4.2,4.3
2024-07-30 01:01:00,CNR3922176256,Success,CID864476,Prime SUV,Indiranagar,Yeshwanthpur,287.0,115.0,Not Applicable,Not Applicable,No,Not Applicable,127,Cash,1,3.1,3.2
2024-07-05 17:57:00,CNR9564508760,Success,CID461079,eBike,Jayanagar,BTM Layout,196.0,30.0,Not Applicable,Not Applicable,No,Not Applicable,279,Cash,32,4.6,3.8
2024-07-23 09:34:00,CNR6156812107,Success,CID536014,Prime Plus,Chamarajpet,Mysore Road,224.0,95.0,Not Applicable,Not Applicable,No,Not Applicable,312,Cash,34,4.0,3.9
2024-07-20 03:34:00,CNR4341737995,Success,CID130761,Mini,MG Road,Kengeri,154.0,90.0,Not Applicable,Not Applicable,Yes,Vehicle Breakdown,430,Cash,44,4.6,4.6
2024-07-01 16:42:00,CNR5369329075,Success,CID741723,Prime Plus,Rajarajeshwari Nagar,Sarjapur Road,203.0,145.0,Not Applicable,Not Applicable,No,Not Applicable,323,Cash,5,4.0,3.7
2024-07-25 06:46:00,CNR9387982356,Success,CID491445,Auto,Banashankari,Kadugodi,273.0,35.0,Not Applicable,Not Applicable,Yes,Other Issue,1696,UPI,14,3.8,4.8
2024-07-23 17:23:00,CNR5272351078,Success,CID654508,Auto,Majestic,Yelahanka,210.0,90.0,Not Applicable,Not Applicable,No,Not Applicable,258,Cash,2,5.0,3.6
2024-07-15 15:02:00,CNR8471094505,Canceled by Driver,CID239309,eBike,HSR Layout,JP Nagar,,,Not Applicable,Personal & Car related issue,Not Applicable,Not Applicable,386,Not Applicable,0,,
2024-07-24 04:05:00,CNR1793800532,Canceled by Customer,CID552831,Mini,Yeshwanthpur,Shivajinagar,,,Driver is not moving towards pickup location,Not Applicable,Not Applicable,Not Applicable,456,Not Applicable,0,,
2024-07-24 16:11:00,CNR2038578560,Success,CID362809,Auto,Frazer Town,BTM Layout,203.0,90.0,Not Applicable,Not Applicable,No,Not Applicable,254,UPI,12,4.3,3.1
2024-07-13 16:55:00,CNR5906877320,Success,CID751648,Prime Plus,MG Road,Magadi Road,280.0,65.0,Not Applicable,Not Applicable,No,Not Applicable,230,UPI,43,3.3,4.2
2024-07-15 13:29:00,CNR3152870457,Canceled by Driver,CID203107,Mini,Whitefield,Electronic City,,,Not Applicable,Personal & Car related issue,Not Applicable,Not Applicable,459,Not Applicable,0,,
2024-07-09 20:53:00,CNR8617452054,Driver Not Found,CID508131,Prime SUV,KR Puram,Frazer Town,,,Not Applicable,Not Applicable,Not Applicable,Not Applicable,151,Not Applicable,0,,
2024-07-04 10:08:00,CNR5600650369,Success,CID218086,Prime Plus,Koramangala,Shantinagar,140.0,110.0,Not Applicable,Not Applicable,No,Not Applicable,2063,Cash,20,4.9,4.8
2024-07-14 16:22:00,CNR3819264020,Success,CID979362,Mini,Hennur,Malleshwaram,154.0,30.0,Not Applicable,Not Applicable,No,Not Applicable,408,Cash,32,4.4,4.1
2024-07-09 21:04:00,CNR3417394513,Success,CID928520,Prime SUV,Malleshwaram,Vijayanagar,252.0,135.0,Not Applicable,Not Applicable,No,Not Applicable,309,Cash,17,3.7,4.6
2024-07-07 07:14:00,CNR9886734448,Success,CID236338,Prime SUV,Yelahanka,Koramangala,56.0,100.0,Not Applicable,Not Applicable,No,Not Applicable,182,Cash,20,4.6,4.1
2024-07-01 19:07:00,CNR8467836706,Success,CID204692,Auto,Hosur Road,Hennur,126.0,65.0,Not Applicable,Not Applicable,No,Not Applicable,605,Cash,5,4.7,4.2
2024-07-30 22:40:00,CNR5478977187,Success,CID132764,Prime SUV,Mysore Road,Shantinagar,84.0,130.0,Not Applicable,Not Applicable,No,Not Applicable,328,Cash,6,4.6,5.0
2024-07-24 03:10:00,CNR8025526529,Driver Not Found,CID694077,Prime Plus,Jayanagar,Magadi Road,,,Not Applicable,Not Applicable,Not Applicable,Not Applicable,2267,Not Applicable,0,,
2024-07-15 17:30:00,CNR4490614999,Success,CID548196,eBike,Malleshwaram,Malleshwaram,259.0,90.0,Not Applicable,Not Applicable,No,Not Applicable,396,UPI,45,4.1,4.9
2024-07-14 02:12:00,CNR1068517571,Success,CID168479,Prime Plus,Yelahanka,Jayanagar,280.0,125.0,Not Applicable,Not Applicable,No,Not Applicable,435,Cash,17,4.1,3.3
2024-07-11 22:16:00,CNR8447830425,Success,CID126607,Prime SUV,Yeshwanthpur,Bannerghatta Road,182.0,75.0,Not Applicable,Not Applicable,No,Not Applicable,221,Cash,32,3.6,3.8
2024-07-07 22:04:00,CNR8848787864,Success,CID707712,Mini,Marathahalli,Kammanahalli,301.0,125.0,Not Applicable,Not Applicable,No,Not Applicable,276,Cash,28,4.3,4.0
2024-07-29 04:43:00,CNR6085414429,Success,CID830936,eBike,Hebbal,Devanahalli,133.0,105.0,Not Applicable,Not Applicable,No,Not Applicable,2531,UPI,31,4.7,4.3
2024-07-16 12:05:00,CNR4062056668,Success,CID898379,Bike,JP Nagar,Electronic City,147.0,130.0,Not Applicable,Not Applicable,No,Not Applicable,794,UPI,9,4.7,4.3
2024-07-09 03:28:00,CNR1105204713,Success,CID452795,Prime SUV,Hosur Road,Richmond Town,154.0,145.0,Not Applicable,Not Applicable,No,Not Applicable,313,Cash,34,4.3,4.9
2024-07-16 13:46:00,CNR7883854701,Success,CID350670,Bike,Rajarajeshwari Nagar,RT Nagar,287.0,75.0,Not Applicable,Not Applicable,No,Not Applicable,398,UPI,4,4.0,3.5
2024-07-28 10:50:00,CNR6032027269,Success,CID495571,Bike,Shantinagar,Koramangala,56.0,100.0,Not Applicable,Not Applicable,No,Not Applicable,365,Cash,23,3.4,5.0
2024-07-30 21:14:00,CNR2099604029,Success,CID369871,Bike,Shivajinagar,Chamarajpet,161.0,90.0,Not Applicable,Not Applicable,No,Not Applicable,135,Cash,18,4.2,4.4
2024-07-27 07:40:00,CNR9490435521,Driver Not Found,CID769300,Prime Plus,Mysore Road,Ulsoor,,,Not Applicable,Not Applicable,Not Applicable,Not Applicable,835,Not Applicable,0,,
2024-07-17 11:05:00,CNR6237545823,Success,CID554485,Prime Plus,Malleshwaram,Mysore Road,140.0,110.0,Not Applicable,Not Applicable,No,Not Applicable,256,Cash,32,5.0,4.1
2024-07-28 00:16:00,CNR4416991299,Success,CID673344,Prime SUV,Tumkur Road,Vijayanagar,238.0,85.0,Not Applicable,Not Applicable,No,Not Applicable,464,UPI,23,4.7,3.9
2024-07-26 07:11:00,CNR6184423853,Canceled by Driver,CID230375,eBike,Sahakar Nagar,Langford Town,,,Not Applicable,Customer related issue,Not Applicable,Not Applicable,398,Not Applicable,0,,
2024-07-09 01:22:00,CNR3292339249,Canceled by Customer,CID135520,Auto,Basavanagudi,Kammanahalli,,,Driver is not moving towards pickup location,Not Applicable,Not Applicable,Not Applicable,551,Not Applicable,0,,
2024-07-08 17:09:00,CNR8887136901,Success,CID946199,Prime SUV,Kengeri,Devanahalli,105.0,105.0,Not Applicable,Not Applicable,No,Not Applicable,308,Cash,5,3.1,4.5
2024-07-26 07:06:00,CNR9822515499,Canceled by Customer,CID877011,eBike,Chamarajpet,Devanahalli,,,Change of plans,Not Applicable,Not Applicable,Not Applicable,499,Not Applicable,0,,
2024-07-19 23:53:00,CNR3426431937,Canceled by Driver,CID222909,Bike,JP Nagar,RT Nagar,,,Not Applicable,Customer related issue,Not Applicable,Not Applicable,403,Not Applicable,0,,
2024-07-25 11:18:00,CNR2261784944,Canceled by Driver,CID510392,Prime Plus,Banashankari,JP Nagar,,,Not Applicable,Customer was coughing/sick,Not Applicable,Not Applicable,279,Not Applicable,0,,
2024-07-23 19:34:00,CNR1099744967,Driver Not Found,CID566697,Prime SUV,KR Puram,Banashankari,,,Not Applicable,Not Applicable,Not Applicable,Not Applicable,774,Not Applicable,0,,
2024-07-16 13:37:00,CNR9468271512,Canceled by Driver,CID752595,eBike,Richmond Town,BTM Layout,,,Not Applicable,Personal & Car related issue,Not Applicable,Not Applicable,1635,Not Applicable,0,,
2024-07-01 15:31:00,CNR2165585268,Canceled by Driver,CID299103,Prime Plus,Marathahalli,Bannerghatta Road,,,Not Applicable,Personal & Car related issue,Not Applicable,Not Applicable,431,Not Applicable,0,,
2024-07-04 16:25:00,CNR1351711000,Driver Not Found,CID763496,Prime Plus,Yelahanka,RT Nagar,,,Not Applicable,Not Applicable,Not Applicable,Not Applicable,472,Not Applicable,0,,
2024-07-09 05:42:00,CNR2524830340,Canceled by Driver,CID997583,eBike,Malleshwaram,Jayanagar,,,Not Applicable,More than permitted people in there,Not Applicable,Not Applicable,430,Not Applicable,0,,
2024-07-17 18:48:00,CNR6975781656,Success,CID760233,Prime SUV,Hosur Road,Jayanagar,175.0,45.0,Not Applicable,Not Applicable,No,Not Applicable,212,Cash,10,4.6,4.6
2024-07-07 10:20:00,CNR8433982350,Driver Not Found,CID501107,Prime SUV,Yelahanka,Shantinagar,,,Not Applicable,Not Applicable,Not Applicable,Not Applicable,761,Not Applicable,0,,
2024-07-19 16:57:00,CNR8578184681,Success,CID189336,Prime Plus,Electronic City,RT Nagar,147.0,45.0,Not Applicable,Not Applicable,Yes,Customer Demand,294,UPI,40,4.4,3.6
2024-07-29 03:38:00,CNR9822301169,Success,CID698578,Bike,Richmond Town,Hulimavu,252.0,75.0,Not Applicable,Not Applicable,No,Not Applicable,751,Cash,3,4.6,3.2
2024-07-06 05:47:00,CNR4763981372,Canceled by Driver,CID809919,Mini,Richmond Town,Basavanagudi,,,Not Applicable,Personal & Car related issue,Not Applicable,Not Applicable,201,Not Applicable,0,,
2024-07-29 19:13:00,CNR3613856723,Driver Not Found,CID744149,Auto,Electronic City,Sarjapur Road,,,Not Applicable,Not Applicable,Not Applicable,Not Applicable,261,Not Applicable,0,,
2024-07-25 11:48:00,CNR9363346258,Success,CID226642,Prime Sedan,Koramangala,KR Puram,238.0,55.0,Not Applicable,Not Applicable,No,Not Applicable,484,Cash,34,4.4,3.3
2024-07-28 02:53:00,CNR1766662887,Success,CID501528,Prime Plus,HSR Layout,Kadugodi,196.0,95.0,Not Applicable,Not Applicable,No,Not Applicable,395,Cash,16,4.7,4.0
2024-07-26 21:33:00,CNR1587563663,Success,CID244707,Prime SUV,Majestic,Indiranagar,147.0,40.0,Not Applicable,Not Applicable,No,Not Applicable,677,UPI,19,4.6,4.3
2024-07-10 11:47:00,CNR4711622611,Canceled by Customer,CID909368,Mini,JP Nagar,Ulsoor,,,Change of plans,Not Applicable,Not Applicable,Not Applicable,196,Not Applicable,0,,
2024-07-27 21:06:00,CNR8492019347,Success,CID957880,Bike,Sahakar Nagar,Richmond Town,231.0,40.0,Not Applicable,Not Applicable,No,Not Applicable,122,Cash,32,3.2,4.5
2024-07-23 06:46:00,CNR8493581792,Driver Not Found,CID526762,Prime Sedan,Yelahanka,Chickpet,,,Not Applicable,Not Applicable,Not Applicable,Not Applicable,222,Not Applicable,0,,
2024-07-25 20:16:00,CNR4749820005,Canceled by Driver,CID742990,Auto,Bannerghatta Road,Cox Town,,,Not Applicable,Customer related issue,Not Applicable,Not Applicable,256,Not Applicable,0,,
2024-07-19 14:00:00,CNR7878612843,Success,CID742729,Prime Sedan,Hosur Road,HSR Layout,98.0,65.0,Not Applicable,Not Applicable,No,Not Applicable,498,Cash,46,4.3,3.3
2024-07-18 05:27:00,CNR3442903736,Canceled by Customer,CID309479,Mini,Richmond Town,Shantinagar,,,Change of plans,Not Applicable,Not Applicable,Not Applicable,574,Not Applicable,0,,
2024-07-10 02:41:00,CNR1214321761,Canceled by Customer,CID873547,Prime Plus,Varthur,Kengeri,,,Driver is not moving towards pickup location,Not Applicable,Not Applicable,Not Applicable,372,Not Applicable,0,,
2024-07-18 04:50:00,CNR7483748898,Canceled by Customer,CID643670,Prime Plus,Yeshwanthpur,Padmanabhanagar,,,Change of plans,Not Applicable,Not Applicable,Not Applicable,176,Not Applicable,0,,
2024-07-10 05:05:00,CNR7307352431,Canceled by Driver,CID271445,Prime Plus,Kadugodi,Kammanahalli,,,Not Applicable,More than permitted people in there,Not Applicable,Not Applicable,529,Not Applicable,0,,
2024-07-02 19:10:00,CNR4223174855,Success,CID605461,Bike,Hebbal,MG Road,35.0,120.0,Not Applicable,Not Applicable,No,Not Applicable,947,Cash,48,4.4,4.8
2024-07-20 05:50:00,CNR9125309194,Canceled by Driver,CID915789,Mini,Tumkur Road,Peenya,,,Not Applicable,Customer was coughing/sick,Not Applicable,Not Applicable,224,Not Applicable,0,,
2024-07-05 08:38:00,CNR2092974101,Success,CID916729,Auto,KR Puram,Varthur,147.0,75.0,Not Applicable,Not Applicable,No,Not Applicable,301,UPI,16,4.3,4.4
2024-07-11 16:35:00,CNR7869925984,Canceled by Customer,CID506755,Prime SUV,Basavanagudi,Hulimavu,,,Driver is not moving towards pickup location,Not Applicable,Not Applicable,Not Applicable,494,Not Applicable,0,,
2024-07-20 10:12:00,CNR7014087063,Canceled by Customer,CID917742,eBike,Rajarajeshwari Nagar,BTM Layout,,,Wrong Address,Not Applicable,Not Applicable,Not Applicable,650,Not Applicable,0,,
2024-07-04 07:38:00,CNR8008912210,Success,CID374748,Auto,Rajarajeshwari Nagar,Kengeri,112.0,105.0,Not Applicable,Not Applicable,No,Not Applicable,445,Cash,15,4.6,4.2
2024-07-04 13:38:00,CNR1401910018,Canceled by Driver,CID894206,Auto,Hulimavu,Bellandur,,,Not Applicable,Customer related issue,Not Applicable,Not Applicable,254,Not Applicable,0,,
2024-07-17 11:28:00,CNR4877345687,Driver Not Found,CID828907,Mini,Hosur Road,KR Puram,,,Not Applicable,Not Applicable,Not Applicable,Not Applicable,218,Not Applicable,0,,
2024-07-24 16:11:00,CNR7556393242,Success,CID393028,Prime SUV,Mysore Road,Richmond Town,280.0,110.0,Not Applicable,Not Applicable,No,Not Applicable,440,Cash,26,3.2,3.8
2024-07-23 21:16:00,CNR7698948105,Canceled by Customer,CID459010,Bike,Yeshwanthpur,Frazer Town,,,AC is Not working,Not Applicable,Not Applicable,Not Applicable,2335,Not Applicable,0,,
2024-07-04 03:37:00,CNR5473444956,Canceled by Driver,CID607107,Prime Sedan,Kammanahalli,Varthur,,,Not Applicable,Customer related issue,Not Applicable,Not Applicable,286,Not Applicable,0,,
2024-07-14 11:34:00,CNR8588862961,Success,CID515743,Auto,Langford Town,Frazer Town,308.0,65.0,Not Applicable,Not Applicable,No,Not Applicable,756,UPI,6,4.1,3.5
2024-07-21 23:49:00,CNR9535888496,Canceled by Driver,CID712464,Prime Plus,Peenya,JP Nagar,,,Not Applicable,Personal & Car related issue,Not Applicable,Not Applicable,336,Not Applicable,0,,
2024-07-22 05:05:00,CNR5133416982,Success,CID732962,Auto,Frazer Town,Shivajinagar,273.0,70.0,Not Applicable,Not Applicable,No,Not Applicable,476,UPI,6,4.8,4.3
2024-07-08 13:55:00,CNR5605784156,Canceled by Driver,CID970816,eBike,Rajarajeshwari Nagar,Indiranagar,,,Not Applicable,Customer was coughing/sick,Not Applicable,Not Applicable,170,Not Applicable,0,,
2024-07-02 01:58:00,CNR1582664493,Driver Not Found,CID295003,Prime Plus,Cox Town,Hulimavu,,,Not Applicable,Not Applicable,Not Applicable,Not Applicable,366,Not Applicable,0,,
2024-07-06 05:13:00,CNR4932502069,Canceled by Driver,CID130326,Bike,Langford Town,MG Road,,,Not Applicable,Personal & Car related issue,Not Applicable,Not Applicable,392,Not Applicable,0,,
2024-07-11 23:37:00,CNR4092507159,Canceled by Driver,CID437345,Mini,Majestic,Chickpet,,,Not Applicable,Customer related issue,Not Applicable,Not Applicable,407,Not Applicable,0,,
2024-07-26 10:58:00,CNR3150141015,Success,CID541316,eBike,Kammanahalli,Devanahalli,301.0,135.0,Not Applicable,Not Applicable,No,Not Applicable,385,UPI,41,5.0,4.3
2024-07-20 12:09:00,CNR4665229852,Success,CID643548,Mini,Padmanabhanagar,Cox Town,147.0,65.0,Not Applicable,Not Applicable,No,Not Applicable,1313,UPI,32,4.9,3.5
2024-07-25 10:43:00,CNR7629214368,Canceled by Customer,CID780564,Bike,MG Road,Nagarbhavi,,,Change of plans,Not Applicable,Not Applicable,Not Applicable,430,Not Applicable,0,,
2024-07-16 11:51:00,CNR7536949300,Success,CID778344,Bike,Electronic City,MG Road,224.0,110.0,Not Applicable,Not Applicable,No,Not Applicable,410,Cash,36,4.5,4.5
2024-07-04 14:00:00,CNR2182574679,Canceled by Customer,CID317837,Prime SUV,Marathahalli,RT Nagar,,,Change of plans,Not Applicable,Not Applicable,Not Applicable,499,Not Applicable,0,,
2024-07-16 18:05:00,CNR1892572142,Driver Not Found,CID865216,Auto,Indiranagar,Whitefield,,,Not Applicable,Not Applicable,Not Applicable,Not Applicable,248,Not Applicable,0,,
2024-07-10 14:18:00,CNR9817413595,Success,CID719224,Bike,BTM Layout,Devanahalli,70.0,55.0,Not Applicable,Not Applicable,No,Not Applicable,427,Cash,44,3.7,4.8
2024-07-18 17:20:00,CNR3888196064,Success,CID967984,Bike,Richmond Town,Peenya,266.0,40.0,Not Applicable,Not Applicable,No,Not Applicable,966,UPI,38,4.6,3.8
2024-07-10 14:23:00,CNR8000335127,Success,CID313573,Bike,Hebbal,Langford Town,182.0,110.0,Not Applicable,Not Applicable,No,Not Applicable,919,Cash,44,3.3,3.7
2024-07-12 17:00:00,CNR6500663082,Success,CID455654,Auto,Malleshwaram,Cox Town,231.0,140.0,Not Applicable,Not Applicable,No,Not Applicable,194,UPI,1,3.7,4.6
2024-07-10 05:55:00,CNR7918348995,Canceled by Driver,CID733962,Auto,Sahakar Nagar,Shivajinagar,,,Not Applicable,Customer was coughing/sick,Not Applicable,Not Applicable,167,Not Applicable,0,,
2024-07-21 19:11:00,CNR7658128794,Success,CID783126,Auto,Kadugodi,Bannerghatta Road,154.0,25.0,Not Applicable,Not Applicable,No,Not Applicable,492,UPI,12,3.5,4.0
2024-07-05 09:22:00,CNR4413567040,Driver Not Found,CID466885,Prime Sedan,BTM Layout,Magadi Road,,,Not Applicable,Not Applicable,Not Applicable,Not Applicable,440,Not Applicable,0,,
2024-07-21 14:37:00,CNR6961097156,Driver Not Found,CID692168,Prime Sedan,Cox Town,Basavanagudi,,,Not Applicable,Not Applicable,Not Applicable,Not Applicable,718,Not Applicable,0,,
2024-07-11 08:06:00,CNR2397223073,Success,CID568114,eBike,Hosur Road,Magadi Road,189.0,105.0,Not Applicable,Not Applicable,No,Not Applicable,1621,UPI,39,4.6,3.3
2024-07-19 22:58:00,CNR8942334602,Canceled by Driver,CID696322,Prime Sedan,MG Road,Banashankari,,,Not Applicable,Customer was coughing/sick,Not Applicable,Not Applicable,887,Not Applicable,0,,
2024-07-14 11:45:00,CNR5777126121,Success,CID151254,Prime Sedan,Peenya,Vijayanagar,77.0,75.0,Not Applicable,Not Applicable,No,Not Applicable,269,Cash,21,3.5,4.7
2024-07-03 18:22:00,CNR4667954839,Canceled by Customer,CID808683,eBike,Kadugodi,Electronic City,,,Change of plans,Not Applicable,Not Applicable,Not Applicable,1921,Not Applicable,0,,
2024-07-27 12:50:00,CNR8978824219,Driver Not Found,CID525319,Auto,Ulsoor,Chickpet,,,Not Applicable,Not Applicable,Not Applicable,Not Applicable,222,Not Applicable,0,,
2024-07-29 01:37:00,CNR3244330167,Driver Not Found,CID128997,Prime Sedan,Hulimavu,Whitefield,,,Not Applicable,Not Applicable,Not Applicable,Not Applicable,247,Not Applicable,0,,
2024-07-24 22:31:00,CNR4240361080,Driver Not Found,CID899393,Auto,Ulsoor,Hebbal,,,Not Applicable,Not Applicable,Not Applicable,Not Applicable,2035,Not Applicable,0,,
2024-07-20 08:57:00,CNR6140405710,Success,CID462725,Prime SUV,Whitefield,Koramangala,182.0,115.0,Not Applicable,Not Applicable,No,Not Applicable,793,UPI,26,4.6,4.4
2024-07-03 18:00:00,CNR1508036118,Success,CID138896,Auto,Ramamurthy Nagar,Indiranagar,56.0,95.0,Not Applicable,Not Applicable,No,Not Applicable,793,UPI,13,3.4,4.0
2024-07-19 06:42:00,CNR8655795912,Canceled by Customer,CID247515,Prime SUV,Banashankari,Chickpet,,,Driver is not moving towards pickup location,Not Applicable,Not Applicable,Not Applicable,410,Not Applicable,0,,
2024-07-14 10:49:00,CNR9065197513,Success,CID126185,Prime Plus,Cox Town,Kadugodi,245.0,120.0,Not Applicable,Not Applicable,No,Not Applicable,719,UPI,32,3.9,3.7
2024-07-06 19:58:00,CNR2310619357,Success,CID388478,Prime Plus,Cox Town,Nagarbhavi,203.0,110.0,Not Applicable,Not Applicable,No,Not Applicable,392,UPI,28,3.4,4.4
2024-07-23 05:04:00,CNR4087184778,Success,CID686699,Mini,RT Nagar,Tumkur Road,91.0,140.0,Not Applicable,Not Applicable,No,Not Applicable,496,UPI,23,3.0,3.1
2024-07-23 00:34:00,CNR1162697275,Canceled by Customer,CID172913,Bike,Vijayanagar,Padmanabhanagar,,,Driver is not moving towards pickup location,Not Applicable,Not Applicable,Not Applicable,360,Not Applicable,0,,
2024-07-17 15:20:00,CNR7227003226,Success,CID798849,Bike,Chickpet,MG Road,301.0,135.0,Not Applicable,Not Applicable,No,Not Applicable,216,Cash,5,3.7,4.3
2024-07-24 06:41:00,CNR6979545917,Success,CID669036,Bike,Sahakar Nagar,Sarjapur Road,140.0,145.0,Not Applicable,Not Applicable,No,Not Applicable,538,UPI,38,3.3,3.1
2024-07-26 14:21:00,CNR5409980083,Canceled by Driver,CID858136,Mini,Mysore Road,Kadugodi,,,Not Applicable,Customer related issue,Not Applicable,Not Applicable,617,Not Applicable,0,,
2024-07-03 07:41:00,CNR1110709540,Success,CID596762,eBike,RT Nagar,Ulsoor,196.0,35.0,Not Applicable,Not Applicable,No,Not Applicable,234,Cash,32,4.9,3.4
2024-07-15 13:53:00,CNR6723394502,Success,CID476857,eBike,Sarjapur Road,Kengeri,77.0,75.0,Not Applicable,Not Applicable,No,Not Applicable,230,UPI,25,4.9,3.1
2024-07-15 15:39:00,CNR1867799097,Success,CID333115,Bike,Majestic,Banashankari,91.0,55.0,Not Applicable,Not Applicable,No,Not Applicable,344,Cash,18,3.0,4.8
2024-07-21 16:34:00,CNR8917001042,Canceled by Driver,CID501783,Bike,Chickpet,HSR Layout,,,Not Applicable,Customer related issue,Not Applicable,Not Applicable,285,Not Applicable,0,,
2024-07-19 02:20:00,CNR4730873918,Driver Not Found,CID774934,Prime Sedan,Chickpet,Tumkur Road,,,Not Applicable,Not Applicable,Not Applicable,Not Applicable,104,Not Applicable,0,,
2024-07-19 11:13:00,CNR9726201335,Success,CID507789,Bike,Ramamurthy Nagar,Hebbal,280.0,145.0,Not Applicable,Not Applicable,No,Not Applicable,172,Cash,44,4.2,4.5
2024-07-25 20:57:00,CNR9696449487,Success,CID234826,Prime Sedan,Electronic City,Ulsoor,161.0,30.0,Not Applicable,Not Applicable,No,Not Applicable,340,Cash,26,4.2,3.3
2024-07-14 01:33:00,CNR8714633582,Success,CID108694,Prime Sedan,Indiranagar,HSR Layout,175.0,50.0,Not Applicable,Not Applicable,No,Not Applicable,129,Cash,24,3.7,4.2
2024-07-25 19:00:00,CNR3914407798,Success,CID901209,Bike,Cox Town,Electronic City,161.0,105.0,Not Applicable,Not Applicable,No,Not Applicable,474,Cash,25,3.7,3.3
2024-07-02 12:50:00,CNR7390670412,Driver Not Found,CID773988,Prime Sedan,Majestic,Koramangala,,,Not Applicable,Not Applicable,Not Applicable,Not Applicable,111,Not Applicable,0,,
2024-07-29 17:22:00,CNR7707018284,Canceled by Driver,CID197563,Auto,Vijayanagar,Richmond Town,,,Not Applicable,Personal & Car related issue,Not Applicable,Not Applicable,767,Not Applicable,0,,
2024-07-12 16:05:00,CNR7203117873,Canceled by Driver,CID654718,Auto,Vijayanagar,Basavanagudi,,,Not Applicable,Customer related issue,Not Applicable,Not Applicable,552,Not Applicable,0,,
2024-07-10 13:41:00,CNR6048127403,Canceled by Driver,CID463762,Auto,Hebbal,Devanahalli,,,Not Applicable,More than permitted people in there,Not Applicable,Not Applicable,278,Not Applicable,0,,
2024-07-27 05:53:00,CNR5360618988,Success,CID729628,Auto,Hulimavu,KR Puram,301.0,130.0,Not Applicable,Not Applicable,No,Not Applicable,607,Cash,19,3.1,3.6
2024-07-28 11:16:00,CNR2244790621,Driver Not Found,CID690468,Prime Sedan,Ramamurthy Nagar,HSR Layout,,,Not Applicable,Not Applicable,Not Applicable,Not Applicable,366,Not Applicable,0,,
2024-07-08 08:18:00,CNR6498677203,Success,CID521730,Auto,Nagarbhavi,Marathahalli,98.0,95.0,Not Applicable,Not Applicable,No,Not Applicable,604,UPI,15,3.1,4.2
2024-07-30 11:16:00,CNR9682382950,Canceled by Driver,CID995043,Mini,KR Puram,Devanahalli,,,Not Applicable,Personal & Car related issue,Not Applicable,Not Applicable,240,Not Applicable,0,,
2024-07-22 10:52:00,CNR1304611017,Driver Not Found,CID203769,Prime SUV,HSR Layout,Peenya,,,Not Applicable,Not Applicable,Not Applicable,Not Applicable,265,Not Applicable,0,,
2024-07-01 03:21:00,CNR2570332222,Driver Not Found,CID909048,Mini,Varthur,Hulimavu,,,Not Applicable,Not Applicable,Not Applicable,Not Applicable,103,Not Applicable,0,,
2024-07-17 06:28:00,CNR9393085069,Success,CID510227,Mini,Kammanahalli,Magadi Road,42.0,65.0,Not Applicable,Not Applicable,No,Not Applicable,150,UPI,1,3.3,4.1
2024-07-30 09:08:00,CNR7346484778,Success,CID943797,Mini,Sarjapur Road,Rajarajeshwari Nagar,259.0,25.0,Not Applicable,Not Applicable,No,Not Applicable,842,Cash,23,3.2,3.7
2024-07-13 04:24:00,CNR3078763755,Canceled by Driver,CID178833,eBike,Jayanagar,Yeshwanthpur,,,Not Applicable,Personal & Car related issue,Not Applicable,Not Applicable,607,Not Applicable,0,,
2024-07-17 14:23:00,CNR2482922867,Canceled by Driver,CID964466,Bike,Richmond Town,Cox Town,,,Not Applicable,More than permitted people in there,Not Applicable,Not Applicable,386,Not Applicable,0,,
2024-07-03 21:00:00,CNR9794700573,Success,CID641319,eBike,Electronic City,Sarjapur Road,196.0,130.0,Not Applicable,Not Applicable,No,Not Applicable,120,Cash,9,3.8,3.6
2024-07-14 17:17:00,CNR6145872826,Canceled by Customer,CID886318,Auto,Yelahanka,Bannerghatta Road,,,AC is Not working,Not Applicable,Not Applicable,Not Applicable,580,Not Applicable,0,,
2024-07-06 17:10:00,CNR2315205553,Success,CID902533,eBike,HSR Layout,Tumkur Road,308.0,40.0,Not Applicable,Not Applicable,No,Not Applicable,112,Cash,11,4.9,4.5
2024-07-22 14:33:00,CNR5391474232,Success,CID745020,Prime SUV,Devanahalli,Mysore Road,217.0,35.0,Not Applicable,Not Applicable,No,Not Applicable,1699,UPI,1,4.6,4.6
2024-07-24 19:22:00,CNR6520202844,Success,CID947456,Prime SUV,KR Puram,KR Puram,280.0,95.0,Not Applicable,Not Applicable,No,Not Applicable,130,Cash,48,3.2,4.9
2024-07-08 10:59:00,CNR4227592403,Canceled by Driver,CID949295,Auto,Chamarajpet,Majestic,,,Not Applicable,Personal & Car related issue,Not Applicable,Not Applicable,523,Not Applicable,0,,
2024-07-13 17:24:00,CNR1226223794,Success,CID572619,Bike,Langford Town,Rajarajeshwari Nagar,203.0,70.0,Not Applicable,Not Applicable,No,Not Applicable,448,UPI,22,4.1,3.1
2024-07-10 17:55:00,CNR3736726897,Success,CID319186,Prime Sedan,Ulsoor,Koramangala,98.0,95.0,Not Applicable,Not Applicable,No,Not Applicable,479,Cash,35,3.5,3.5
2024-07-25 10:05:00,CNR1207049052,Canceled by Customer,CID486855,Auto,HSR Layout,Kammanahalli,,,Change of plans,Not Applicable,Not Applicable,Not Applicable,127,Not Applicable,0,,
2024-07-11 00:37:00,CNR4685616492,Success,CID699893,Mini,Koramangala,Chamarajpet,189.0,105.0,Not Applicable,Not Applicable,No,Not Applicable,437,UPI,35,4.9,3.5
2024-07-23 14:22:00,CNR6888755133,Success,CID712842,Prime Plus,Basavanagudi,Padmanabhanagar,84.0,120.0,Not Applicable,Not Applicable,No,Not Applicable,356,Credit Card,49,4.5,3.3
2024-07-18 17:04:00,CNR5516512427,Success,CID781040,eBike,Sarjapur Road,Marathahalli,70.0,130.0,Not Applicable,Not Applicable,Yes,Customer Demand,237,UPI,25,3.2,3.6
2024-07-22 23:14:00,CNR8641739093,Success,CID368769,Prime Plus,Peenya,Padmanabhanagar,49.0,65.0,Not Applicable,Not Applicable,No,Not Applicable,301,Cash,27,3.5,3.5
2024-07-03 00:34:00,CNR4690914994,Success,CID925956,Prime Sedan,Jayanagar,Yeshwanthpur,238.0,40.0,Not Applicable,Not Applicable,No,Not Applicable,616,UPI,46,4.4,3.2
2024-07-20 12:35:00,CNR4474456211,Canceled by Customer,CID139642,eBike,Sahakar Nagar,Hosur Road,,,Wrong Address,Not Applicable,Not Applicable,Not Applicable,326,Not Applicable,0,,
2024-07-20 12:31:00,CNR4889955408,Success,CID992058,Prime SUV,Nagarbhavi,Chamarajpet,189.0,135.0,Not Applicable,Not Applicable,No,Not Applicable,390,UPI,33,3.8,3.7
2024-07-29 11:35:00,CNR1497776756,Canceled by Driver,CID619962,Prime Plus,Magadi Road,Magadi Road,,,Not Applicable,Customer related issue,Not Applicable,Not Applicable,186,Not Applicable,0,,
2024-07-14 03:29:00,CNR6728531773,Success,CID446500,eBike,Shivajinagar,Nagarbhavi,245.0,30.0,Not Applicable,Not Applicable,No,Not Applicable,374,Cash,33,4.0,3.6
2024-07-15 08:34:00,CNR5126530190,Success,CID609206,Mini,Sarjapur Road,Jayanagar,133.0,145.0,Not Applicable,Not Applicable,No,Not Applicable,168,Cash,15,4.5,4.7
2024-07-07 06:16:00,CNR5719244724,Success,CID512604,Auto,Ramamurthy Nagar,Kadugodi,259.0,100.0,Not Applicable,Not Applicable,No,Not Applicable,798,Cash,7,4.7,3.0
2024-07-18 06:41:00,CNR5571476280,Canceled by Customer,CID283671,Prime SUV,Bannerghatta Road,Devanahalli,,,Driver is not moving towards pickup location,Not Applicable,Not Applicable,Not Applicable,798,Not Applicable,0,,
2024-07-19 23:04:00,CNR8171125558,Success,CID811546,Prime SUV,RT Nagar,Whitefield,112.0,145.0,Not Applicable,Not Applicable,No,Not Applicable,189,Cash,29,3.3,4.0
2024-07-17 22:50:00,CNR2940602065,Driver Not Found,CID190907,Prime Sedan,Cox Town,Ulsoor,,,Not Applicable,Not Applicable,Not Applicable,Not Applicable,1478,Not Applicable,0,,
2024-07-18 04:14:00,CNR2110121928,Success,CID164725,Prime Plus,Whitefield,Cox Town,161.0,90.0,Not Applicable,Not Applicable,No,Not Applicable,285,Cash,39,3.9,4.7
2024-07-23 06:12:00,CNR4146379886,Driver Not Found,CID406551,Prime Plus,Majestic,Yeshwanthpur,,,Not Applicable,Not Applicable,Not Applicable,Not Applicable,201,Not Applicable,0,,
2024-07-16 15:53:00,CNR4111213029,Canceled by Customer,CID830082,Bike,Ramamurthy Nagar,Indiranagar,,,Driver asked to cancel,Not Applicable,Not Applicable,Not Applicable,1485,Not Applicable,0,,
2024-07-14 06:23:00,CNR2105319952,Success,CID392414,eBike,Hebbal,Nagarbhavi,133.0,105.0,Not Applicable,Not Applicable,No,Not Applicable,358,Cash,44,4.7,4.7
2024-07-25 00:29:00,CNR6213163931,Canceled by Driver,CID947619,Auto,Kadugodi,RT Nagar,,,Not Applicable,More than permitted people in there,Not Applicable,Not Applicable,2332,Not Applicable,0,,
2024-07-01 01:38:00,CNR7805697006,Success,CID622377,Mini,Koramangala,JP Nagar,35.0,35.0,Not Applicable,Not Applicable,No,Not Applicable,148,Cash,39,4.7,4.7
2024-07-11 01:16:00,CNR1355471137,Driver Not Found,CID872675,Bike,Malleshwaram,Padmanabhanagar,,,Not Applicable,Not Applicable,Not Applicable,Not Applicable,262,Not Applicable,0,,
2024-07-29 13:14:00,CNR1360428474,Success,CID755242,Prime SUV,Rajarajeshwari Nagar,Cox Town,252.0,105.0,Not Applicable,Not Applicable,No,Not Applicable,467,UPI,26,3.5,4.6
2024-07-25 20:17:00,CNR3582298743,Canceled by Driver,CID973847,Prime Sedan,Hennur,RT Nagar,,,Not Applicable,More than permitted people in there,Not Applicable,Not Applicable,179,Not Applicable,0,,
2024-07-29 23:41:00,CNR2314552864,Canceled by Driver,CID970052,Mini,Rajajinagar,Langford Town,,,Not Applicable,Personal & Car related issue,Not Applicable,Not Applicable,110,Not Applicable,0,,
2024-07-08 22:02:00,CNR5318850213,Driver Not Found,CID818324,Prime Sedan,Devanahalli,Electronic City,,,Not Applicable,Not Applicable,Not Applicable,Not Applicable,419,Not Applicable,0,,
2024-07-21 10:33:00,CNR3519915270,Canceled by Driver,CID304050,eBike,JP Nagar,Kengeri,,,Not Applicable,More than permitted people in there,Not Applicable,Not Applicable,2581,Not Applicable,0,,
2024-07-20 18:21:00,CNR8930012351,Success,CID951216,eBike,Kadugodi,Indiranagar,266.0,35.0,Not Applicable,Not Applicable,No,Not Applicable,385,Cash,37,4.1,4.7
2024-07-01 18:52:00,CNR3558066627,Success,CID240801,Prime Sedan,Malleshwaram,Hebbal,217.0,125.0,Not Applicable,Not Applicable,No,Not Applicable,126,Cash,38,3.4,4.5
2024-07-30 13:21:00,CNR7314095080,Success,CID567111,Prime Plus,Koramangala,BTM Layout,224.0,55.0,Not Applicable,Not Applicable,No,Not Applicable,201,UPI,16,4.6,3.6
2024-07-07 23:31:00,CNR7817692736,Success,CID367454,Prime Plus,Jayanagar,Devanahalli,175.0,100.0,Not Applicable,Not Applicable,No,Not Applicable,297,UPI,18,4.5,5.0
2024-07-18 03:08:00,CNR2801997094,Driver Not Found,CID201932,Prime SUV,KR Puram,Peenya,,,Not Applicable,Not Applicable,Not Applicable,Not Applicable,400,Not Applicable,0,,
2024-07-23 11:29:00,CNR1973273348,Success,CID926462,eBike,Jayanagar,Chickpet,252.0,125.0,Not Applicable,Not Applicable,No,Not Applicable,897,Cash,28,4.6,3.2
2024-07-01 04:30:00,CNR6752331368,Success,CID592864,eBike,Banashankari,Padmanabhanagar,98.0,145.0,Not Applicable,Not Applicable,No,Not Applicable,592,Cash,4,4.8,3.8
2024-07-15 21:20:00,CNR4689766305,Success,CID956165,Prime Plus,Cox Town,Malleshwaram,217.0,55.0,Not Applicable,Not Applicable,Yes,Customer Demand,613,Cash,40,4.6,3.5
2024-07-10 06:28:00,CNR4156301689,Success,CID103914,Auto,Chamarajpet,Hulimavu,217.0,100.0,Not Applicable,Not Applicable,No,Not Applicable,263,Credit Card,4,3.1,4.2
2024-07-25 23:05:00,CNR2085531250,Canceled by Driver,CID765392,Prime SUV,Sahakar Nagar,Yeshwanthpur,,,Not Applicable,Personal & Car related issue,Not Applicable,Not Applicable,200,Not Applicable,0,,
2024-07-23 12:46:00,CNR6383916564,Canceled by Customer,CID558752,Bike,Shantinagar,Bellandur,,,AC is Not working,Not Applicable,Not Applicable,Not Applicable,551,Not Applicable,0,,
2024-07-08 10:10:00,CNR6029512250,Success,CID674694,Prime Sedan,Yeshwanthpur,RT Nagar,119.0,105.0,Not Applicable,Not Applicable,No,Not Applicable,214,Cash,6,4.6,3.6
2024-07-27 05:00:00,CNR2880868249,Canceled by Customer,CID356546,Mini,Majestic,Indiranagar,,,Wrong Address,Not Applicable,Not Applicable,Not Applicable,317,Not Applicable,0,,
2024-07-28 11:32:00,CNR2158984527,Canceled by Customer,CID604661,Prime Sedan,Sahakar Nagar,Kadugodi,,,Change of plans,Not Applicable,Not Applicable,Not Applicable,717,Not Applicable,0,,
2024-07-23 07:43:00,CNR1795468322,Canceled by Customer,CID244024,Bike,Kammanahalli,Koramangala,,,Driver is not moving towards pickup location,Not Applicable,Not Applicable,Not Applicable,304,Not Applicable,0,,
2024-07-03 17:21:00,CNR9168091699,Canceled by Customer,CID816770,Prime Sedan,Bellandur,MG Road,,,Driver is not moving towards pickup location,Not Applicable,Not Applicable,Not Applicable,418,Not Applicable,0,,
2024-07-04 19:14:00,CNR6344439367,Success,CID734092,Auto,Sarjapur Road,RT Nagar,42.0,145.0,Not Applicable,Not Applicable,No,Not Applicable,365,UPI,12,4.8,3.5
2024-07-28 15:40:00,CNR3674496425,Success,CID334920,Auto,MG Road,Cox Town,35.0,35.0,Not Applicable,Not Applicable,No,Not Applicable,485,Cash,7,4.8,3.8
2024-07-13 21:11:00,CNR5588100413,Success,CID318289,Prime Plus,Frazer Town,Hulimavu,245.0,100.0,Not Applicable,Not Applicable,No,Not Applicable,306,UPI,6,4.8,3.7
2024-07-20 08:11:00,CNR5050914138,Canceled by Driver,CID360553,Prime Plus,Chickpet,Yelahanka,,,Not Applicable,Personal & Car related issue,Not Applicable,Not Applicable,455,Not Applicable,0,,
2024-07-21 12:23:00,CNR8349121604,Driver Not Found,CID560616,Prime Plus,Jayanagar,Yeshwanthpur,,,Not Applicable,Not Applicable,Not Applicable,Not Applicable,247,Not Applicable,0,,
2024-07-24 05:20:00,CNR5754897138,Success,CID386614,Prime SUV,Padmanabhanagar,Bellandur,168.0,60.0,Not Applicable,Not Applicable,Yes,Other Issue,2848,Cash,23,4.9,4.7
2024-07-21 10:02:00,CNR1033193256,Success,CID683930,Prime Sedan,BTM Layout,Cox Town,154.0,145.0,Not Applicable,Not Applicable,No,Not Applicable,389,Credit Card,15,4.9,4.6
2024-07-28 22:02:00,CNR2349287315,Success,CID211443,eBike,Shantinagar,Mysore Road,245.0,140.0,Not Applicable,Not Applicable,No,Not Applicable,304,Cash,8,5.0,3.8
2024-07-20 12:12:00,CNR9112604987,Success,CID130522,Bike,Sarjapur Road,Padmanabhanagar,105.0,45.0,Not Applicable,Not Applicable,No,Not Applicable,1558,Cash,1,3.3,4.8
2024-07-25 16:12:00,CNR2197133204,Success,CID281353,Mini,Richmond Town,Kadugodi,35.0,90.0,Not Applicable,Not Applicable,Yes,Vehicle Breakdown,986,Cash,23,3.4,3.1
2024-07-05 07:38:00,CNR5835995340,Success,CID289721,Prime Sedan,Koramangala,Shantinagar,56.0,125.0,Not Applicable,Not Applicable,No,Not Applicable,181,Cash,30,4.4,3.7
2024-07-05 03:27:00,CNR8774465910,Success,CID659366,eBike,Richmond Town,Mysore Road,273.0,25.0,Not Applicable,Not Applicable,No,Not Applicable,464,Cash,39,3.9,4.5
2024-07-04 17:55:00,CNR4969717463,Success,CID683181,Prime Sedan,Hennur,Yelahanka,238.0,130.0,Not Applicable,Not Applicable,No,Not Applicable,107,UPI,8,4.3,4.1
2024-07-12 21:32:00,CNR9264198902,Success,CID833726,Auto,Electronic City,Marathahalli,189.0,45.0,Not Applicable,Not Applicable,No,Not Applicable,114,Cash,4,3.4,4.6
2024-07-12 00:59:00,CNR6779823903,Success,CID514282,Prime SUV,Kengeri,Richmond Town,287.0,35.0,Not Applicable,Not Applicable,No,Not Applicable,271,UPI,23,3.5,3.0
2024-07-21 20:50:00,CNR7720934195,Success,CID923447,Prime Sedan,Sarjapur Road,Kammanahalli,182.0,30.0,Not Applicable,Not Applicable,Yes,Customer Demand,585,Cash,40,4.6,3.4
2024-07-08 17:26:00,CNR6712323223,Driver Not Found,CID230575,Prime SUV,Yelahanka,Yelahanka,,,Not Applicable,Not Applicable,Not Applicable,Not Applicable,618,Not Applicable,0,,
2024-07-01 04:07:00,CNR8900627667,Success,CID366258,eBike,Bellandur,Richmond Town,77.0,140.0,Not Applicable,Not Applicable,No,Not Applicable,390,Cash,28,4.9,4.4
2024-07-21 07:27:00,CNR2571268120,Success,CID977139,Prime Plus,Marathahalli,Jayanagar,119.0,130.0,Not Applicable,Not Applicable,No,Not Applicable,778,Cash,2,3.9,3.2
2024-07-09 12:22:00,CNR2596724845,Canceled by Driver,CID891887,Prime Sedan,Rajajinagar,Magadi Road,,,Not Applicable,Personal & Car related issue,Not Applicable,Not Applicable,2794,Not Applicable,0,,
2024-07-21 17:23:00,CNR1337846296,Success,CID648545,Prime SUV,Bannerghatta Road,Langford Town,56.0,95.0,Not Applicable,Not Applicable,No,Not Applicable,442,Cash,3,4.7,3.4
2024-07-22 02:16:00,CNR2220525424,Success,CID438845,eBike,Kammanahalli,JP Nagar,210.0,70.0,Not Applicable,Not Applicable,No,Not Applicable,523,Cash,38,3.1,4.5
2024-07-19 17:30:00,CNR5900086470,Success,CID300344,Prime Plus,KR Puram,Rajajinagar,238.0,115.0,Not Applicable,Not Applicable,No,Not Applicable,250,Cash,41,4.5,3.8
2024-07-03 08:58:00,CNR9663261469,Canceled by Driver,CID469752,Auto,Hebbal,Hennur,,,Not Applicable,More than permitted people in there,Not Applicable,Not Applicable,422,Not Applicable,0,,
2024-07-07 02:06:00,CNR4337609300,Success,CID737928,eBike,Shantinagar,BTM Layout,112.0,130.0,Not Applicable,Not Applicable,No,Not Applicable,422,UPI,46,3.8,3.1
2024-07-18 01:19:00,CNR5309883313,Canceled by Driver,CID170637,Mini,HSR Layout,Tumkur Road,,,Not Applicable,Customer related issue,Not Applicable,Not Applicable,134,Not Applicable,0,,
2024-07-22 18:17:00,CNR1641313023,Success,CID718952,Mini,Magadi Road,Kammanahalli,210.0,70.0,Not Applicable,Not Applicable,No,Not Applicable,2282,UPI,41,4.1,4.8
2024-07-18 03:43:00,CNR7286804846,Canceled by Driver,CID547757,Mini,Frazer Town,Cox Town,,,Not Applicable,Personal & Car related issue,Not Applicable,Not Applicable,853,Not Applicable,0,,
2024-07-11 13:51:00,CNR7196321003,Success,CID543409,Auto,MG Road,Hosur Road,252.0,130.0,Not Applicable,Not Applicable,No,Not Applicable,296,Cash,3,4.8,3.6
2024-07-22 03:23:00,CNR5043354365,Success,CID907224,Auto,Mysore Road,Ramamurthy Nagar,259.0,95.0,Not Applicable,Not Applicable,No,Not Applicable,2586,Cash,9,4.6,3.9
2024-07-29 05:57:00,CNR7050634459,Success,CID630584,Mini,Mysore Road,Rajajinagar,252.0,45.0,Not Applicable,Not Applicable,Yes,Customer Demand,1087,Cash,30,3.8,4.1
2024-07-14 05:55:00,CNR3938056515,Driver Not Found,CID666766,Prime Plus,Hulimavu,Yeshwanthpur,,,Not Applicable,Not Applicable,Not Applicable,Not Applicable,1979,Not Applicable,0,,
2024-07-20 18:58:00,CNR1535205196,Driver Not Found,CID431141,Prime Sedan,BTM Layout,KR Puram,,,Not Applicable,Not Applicable,Not Applicable,Not Applicable,265,Not Applicable,0,,
2024-07-06 07:20:00,CNR6023069230,Success,CID492141,Mini,Ramamurthy Nagar,Chamarajpet,98.0,80.0,Not Applicable,Not Applicable,Yes,Customer Demand,369,UPI,28,4.0,4.9
2024-07-29 23:31:00,CNR1524786064,Success,CID424446,Bike,Cox Town,Rajarajeshwari Nagar,294.0,120.0,Not Applicable,Not Applicable,No,Not Applicable,874,Cash,14,3.3,3.3
2024-07-01 09:17:00,CNR6276982149,Canceled by Customer,CID648502,Mini,MG Road,Vijayanagar,,,Driver is not moving towards pickup location,Not Applicable,Not Applicable,Not Applicable,344,Not Applicable,0,,
2024-07-06 17:55:00,CNR1556910559,Canceled by Customer,CID157055,Prime Sedan,MG Road,Shivajinagar,,,AC is Not working,Not Applicable,Not Applicable,Not Applicable,542,Not Applicable,0,,
2024-07-04 04:04:00,CNR4856107518,Success,CID998970,Prime Plus,Kammanahalli,Yelahanka,84.0,40.0,Not Applicable,Not Applicable,No,Not Applicable,425,UPI,47,3.4,3.2
2024-07-05 17:54:00,CNR7018021045,Driver Not Found,CID558127,Prime Plus,Hebbal,Jayanagar,,,Not Applicable,Not Applicable,Not Applicable,Not Applicable,392,Not Applicable,0,,
2024-07-25 06:38:00,CNR6494381427,Success,CID452422,Prime SUV,Shivajinagar,RT Nagar,42.0,45.0,Not Applicable,Not Applicable,No,Not Applicable,177,UPI,11,3.5,3.9
2024-07-27 04:22:00,CNR1686178765,Success,CID377033,Prime Sedan,Langford Town,Rajajinagar,63.0,40.0,Not Applicable,Not Applicable,No,Not Applicable,384,Cash,48,5.0,4.6
2024-07-25 22:48:00,CNR4093690436,Canceled by Driver,CID837718,Bike,RT Nagar,Shantinagar,,,Not Applicable,Customer related issue,Not Applicable,Not Applicable,932,Not Applicable,0,,
2024-07-21 13:38:00,CNR7123305302,Success,CID509117,Prime SUV,Chickpet,Basavanagudi,63.0,30.0,Not Applicable,Not Applicable,No,Not Applicable,145,UPI,33,4.5,3.5
2024-07-03 05:09:00,CNR6904180462,Success,CID237599,eBike,Devanahalli,Frazer Town,287.0,125.0,Not Applicable,Not Applicable,No,Not Applicable,164,UPI,36,3.6,4.2
2024-07-25 14:48:00,CNR4988390055,Canceled by Driver,CID564427,Auto,Rajajinagar,Peenya,,,Not Applicable,Personal & Car related issue,Not Applicable,Not Applicable,422,Not Applicable,0,,
2024-07-03 19:10:00,CNR1461636536,Success,CID679824,Prime SUV,Sarjapur Road,Ulsoor,308.0,45.0,Not Applicable,Not Applicable,No,Not Applicable,436,UPI,17,4.0,4.0
2024-07-04 10:19:00,CNR5114681130,Success,CID786185,Mini,Frazer Town,Hebbal,203.0,95.0,Not Applicable,Not Applicable,Yes,Customer Demand,669,Cash,16,3.1,3.3
2024-07-17 06:22:00,CNR1620558967,Driver Not Found,CID301285,Bike,Padmanabhanagar,Magadi Road,,,Not Applicable,Not Applicable,Not Applicable,Not Applicable,361,Not Applicable,0,,
2024-07-14 16:06:00,CNR2717615006,Success,CID317560,Prime Sedan,HSR Layout,Rajarajeshwari Nagar,70.0,140.0,Not Applicable,Not Applicable,No,Not Applicable,196,Cash,16,4.4,3.5
2024-07-25 01:13:00,CNR6955632819,Success,CID795767,eBike,Ramamurthy Nagar,Kengeri,224.0,85.0,Not Applicable,Not Applicable,No,Not Applicable,271,Cash,9,3.5,4.3
2024-07-04 03:16:00,CNR4186557886,Success,CID620972,Auto,Banashankari,Frazer Town,217.0,85.0,Not Applicable,Not Applicable,No,Not Applicable,377,Cash,3,3.4,3.4
2024-07-17 02:24:00,CNR9814465694,Success,CID636964,Bike,HSR Layout,Chickpet,56.0,75.0,Not Applicable,Not Applicable,No,Not Applicable,859,UPI,17,3.4,3.4
2024-07-08 12:15:00,CNR9920525766,Canceled by Customer,CID884759,Prime SUV,Ulsoor,Marathahalli,,,Driver is not moving towards pickup location,Not Applicable,Not Applicable,Not Applicable,471,Not Applicable,0,,
2024-07-06 01:56:00,CNR1964921132,Success,CID493765,eBike,Rajajinagar,JP Nagar,63.0,125.0,Not Applicable,Not Applicable,Yes,Customer Demand,266,UPI,35,4.2,5.0
2024-07-19 11:52:00,CNR3079362862,Canceled by Customer,CID284993,Bike,Richmond Town,Yeshwanthpur,,,Driver asked to cancel,Not Applicable,Not Applicable,Not Applicable,388,Not Applicable,0,,
2024-07-17 13:13:00,CNR1655804252,Success,CID815254,Prime Sedan,Malleshwaram,Varthur,252.0,130.0,Not Applicable,Not Applicable,No,Not Applicable,111,Cash,48,4.4,4.0
2024-07-11 08:06:00,CNR9346188578,Success,CID505324,Mini,Ulsoor,MG Road,105.0,140.0,Not Applicable,Not Applicable,No,Not Applicable,571,UPI,9,3.0,5.0
2024-07-13 15:09:00,CNR5801780525,Success,CID916154,Bike,Sarjapur Road,Kadugodi,70.0,65.0,Not Applicable,Not Applicable,No,Not Applicable,304,UPI,15,3.5,3.1
2024-07-03 04:04:00,CNR1393503451,Success,CID960100,eBike,Majestic,Devanahalli,133.0,70.0,Not Applicable,Not Applicable,No,Not Applicable,295,UPI,35,4.8,5.0
2024-07-11 17:25:00,CNR9803893220,Canceled by Driver,CID484739,eBike,Hennur,Whitefield,,,Not Applicable,Personal & Car related issue,Not Applicable,Not Applicable,149,Not Applicable,0,,
2024-07-13 23:30:00,CNR3180394828,Driver Not Found,CID690776,Mini,Hulimavu,Electronic City,,,Not Applicable,Not Applicable,Not Applicable,Not Applicable,892,Not Applicable,0,,
2024-07-23 00:31:00,CNR6981172453,Canceled by Driver,CID297578,Bike,Sahakar Nagar,Nagarbhavi,,,Not Applicable,Personal & Car related issue,Not Applicable,Not Applicable,230,Not Applicable,0,,
2024-07-15 12:00:00,CNR4594386881,Success,CID232929,Prime Sedan,Indiranagar,Kammanahalli,77.0,50.0,Not Applicable,Not Applicable,Yes,Vehicle Breakdown,2705,UPI,2,3.9,5.0
2024-07-16 06:33:00,CNR2244825418,Success,CID541123,Mini,Bannerghatta Road,Cox Town,49.0,110.0,Not Applicable,Not Applicable,No,Not Applicable,810,Credit Card,4,4.2,3.2
2024-07-26 10:36:00,CNR8422995943,Success,CID117789,Prime Sedan,Yelahanka,Marathahalli,217.0,145.0,Not Applicable,Not Applicable,No,Not Applicable,421,UPI,8,3.9,3.6
2024-07-19 06:21:00,CNR2607644990,Canceled by Driver,CID956683,Prime SUV,Chickpet,Bellandur,,,Not Applicable,Personal & Car related issue,Not Applicable,Not Applicable,157,Not Applicable,0,,
2024-07-29 22:43:00,CNR1514663048,Success,CID836870,Auto,Kengeri,Mysore Road,119.0,25.0,Not Applicable,Not Applicable,No,Not Applicable,257,UPI,13,4.8,4.1
2024-07-23 16:04:00,CNR6807749843,Success,CID261040,Prime Plus,Peenya,Tumkur Road,161.0,110.0,Not Applicable,Not Applicable,No,Not Applicable,128,Cash,42,3.3,5.0
2024-07-06 08:27:00,CNR4974893964,Canceled by Driver,CID138920,Prime Sedan,Electronic City,Shivajinagar,,,Not Applicable,Personal & Car related issue,Not Applicable,Not Applicable,957,Not Applicable,0,,
2024-07-13 07:56:00,CNR8641412162,Success,CID415413,Prime SUV,Electronic City,Nagarbhavi,49.0,110.0,Not Applicable,Not Applicable,No,Not Applicable,330,UPI,13,4.9,3.5
2024-07-10 10:04:00,CNR1862152987,Success,CID557514,Bike,JP Nagar,Chickpet,231.0,115.0,Not Applicable,Not Applicable,No,Not Applicable,344,Cash,31,4.8,4.9
2024-07-26 00:31:00,CNR4635213942,Success,CID456642,Prime SUV,Majestic,KR Puram,105.0,145.0,Not Applicable,Not Applicable,No,Not Applicable,494,Cash,39,4.1,3.9
2024-07-14 05:51:00,CNR8993095455,Canceled by Customer,CID632595,eBike,Ramamurthy Nagar,MG Road,,,Driver asked to cancel,Not Applicable,Not Applicable,Not Applicable,1655,Not Applicable,0,,
2024-07-28 20:40:00,CNR4353862657,Success,CID782625,eBike,Whitefield,Padmanabhanagar,56.0,110.0,Not Applicable,Not Applicable,No,Not Applicable,103,Cash,32,3.4,4.0
2024-07-20 11:16:00,CNR1218822639,Success,CID696253,Auto,Devanahalli,Padmanabhanagar,77.0,40.0,Not Applicable,Not Applicable,No,Not Applicable,284,UPI,2,4.7,3.4
2024-07-24 17:53:00,CNR1969956138,Canceled by Customer,CID397830,Auto,Chamarajpet,RT Nagar,,,Change of plans,Not Applicable,Not Applicable,Not Applicable,1217,Not Applicable,0,,
2024-07-28 06:43:00,CNR4940489949,Driver Not Found,CID853215,Auto,Yeshwanthpur,Shivajinagar,,,Not Applicable,Not Applicable,Not Applicable,Not Applicable,1216,Not Applicable,0,,
2024-07-10 15:48:00,CNR9264168526,Canceled by Customer,CID472535,Mini,Indiranagar,Langford Town,,,Driver asked to cancel,Not Applicable,Not Applicable,Not Applicable,581,Not Applicable,0,,
2024-07-01 04:49:00,CNR4855842609,Success,CID364558,Bike,Padmanabhanagar,Rajajinagar,217.0,65.0,Not Applicable,Not Applicable,No,Not Applicable,1447,Cash,24,4.6,3.7
2024-07-08 15:32:00,CNR1605059197,Driver Not Found,CID503177,eBike,Tumkur Road,KR Puram,,,Not Applicable,Not Applicable,Not Applicable,Not Applicable,727,Not Applicable,0,,
2024-07-19 02:45:00,CNR8088290617,Success,CID850753,Prime Plus,Hennur,Mysore Road,49.0,55.0,Not Applicable,Not Applicable,No,Not Applicable,875,Credit Card,15,3.6,4.0
2024-07-13 16:25:00,CNR3928520603,Canceled by Customer,CID908528,Bike,Rajarajeshwari Nagar,Kengeri,,,Driver is not moving towards pickup location,Not Applicable,Not Applicable,Not Applicable,905,Not Applicable,0,,
2024-07-11 15:29:00,CNR2465150222,Success,CID609992,Prime Sedan,Koramangala,Basavanagudi,196.0,25.0,Not Applicable,Not Applicable,No,Not Applicable,554,Cash,9,3.1,4.8
2024-07-20 20:54:00,CNR8114162545,Driver Not Found,CID777562,eBike,Varthur,Malleshwaram,,,Not Applicable,Not Applicable,Not Applicable,Not Applicable,345,Not Applicable,0,,
2024-07-15 01:23:00,CNR6122941533,Canceled by Driver,CID690730,Auto,Devanahalli,Mysore Road,,,Not Applicable,Personal & Car related issue,Not Applicable,Not Applicable,389,Not Applicable,0,,
2024-07-16 16:52:00,CNR1517482688,Driver Not Found,CID451185,Prime SUV,Sahakar Nagar,Indiranagar,,,Not Applicable,Not Applicable,Not Applicable,Not Applicable,616,Not Applicable,0,,
2024-07-21 13:50:00,CNR2296000580,Success,CID201742,eBike,Rajajinagar,Mysore Road,273.0,55.0,Not Applicable,Not Applicable,No,Not Applicable,2007,UPI,24,3.8,3.8
2024-07-16 18:45:00,CNR8085750435,Driver Not Found,CID235557,eBike,Cox Town,Padmanabhanagar,,,Not Applicable,Not Applicable,Not Applicable,Not Applicable,166,Not Applicable,0,,
2024-07-04 20:23:00,CNR4028078289,Success,CID570790,Prime Plus,Marathahalli,Marathahalli,301.0,125.0,Not Applicable,Not Applicable,No,Not Applicable,575,Cash,40,4.4,3.2
2024-07-25 03:54:00,CNR5615059173,Canceled by Driver,CID965302,Auto,Basavanagudi,Bellandur,,,Not Applicable,Customer related issue,Not Applicable,Not Applicable,340,Not Applicable,0,,
2024-07-28 17:39:00,CNR2545158098,Success,CID677313,Prime Plus,Nagarbhavi,Hosur Road,42.0,25.0,Not Applicable,Not Applicable,No,Not Applicable,234,Cash,38,3.9,3.6
2024-07-07 19:09:00,CNR8664407662,Canceled by Customer,CID164278,eBike,Sarjapur Road,Hennur,,,Driver asked to cancel,Not Applicable,Not Applicable,Not Applicable,531,Not Applicable,0,,
2024-07-22 19:28:00,CNR4847382614,Success,CID374134,Prime Plus,Kengeri,Kadugodi,280.0,35.0,Not Applicable,Not Applicable,No,Not Applicable,491,Cash,17,4.0,4.2
2024-07-21 05:39:00,CNR2441697787,Success,CID294190,Prime Sedan,Rajarajeshwari Nagar,HSR Layout,217.0,110.0,Not Applicable,Not Applicable,No,Not Applicable,534,UPI,17,3.1,3.8
2024-07-06 08:56:00,CNR9890306277,Success,CID286806,Prime SUV,Richmond Town,Cox Town,217.0,40.0,Not Applicable,Not Applicable,No,Not Applicable,194,UPI,32,4.1,3.3
2024-07-29 18:58:00,CNR9235483565,Success,CID915987,Prime Plus,JP Nagar,KR Puram,91.0,25.0,Not Applicable,Not Applicable,No,Not Applicable,2581,Credit Card,25,4.9,3.8
2024-07-26 22:07:00,CNR6570241432,Canceled by Driver,CID190016,eBike,Hosur Road,Tumkur Road,,,Not Applicable,Personal & Car related issue,Not Applicable,Not Applicable,341,Not Applicable,0,,
2024-07-29 22:57:00,CNR1821528364,Success,CID152789,Prime Plus,Bannerghatta Road,Peenya,280.0,140.0,Not Applicable,Not Applicable,No,Not Applicable,723,Cash,40,3.6,3.4
2024-07-23 04:10:00,CNR5717637792,Success,CID794830,Bike,BTM Layout,Electronic City,308.0,135.0,Not Applicable,Not Applicable,No,Not Applicable,161,Cash,49,5.0,4.3
2024-07-28 03:22:00,CNR9456909582,Success,CID897393,Prime SUV,Tumkur Road,Bannerghatta Road,70.0,75.0,Not Applicable,Not Applicable,No,Not Applicable,299,UPI,9,3.2,3.8
2024-07-28 10:52:00,CNR3831193497,Canceled by Customer,CID257964,Prime SUV,Mysore Road,Rajarajeshwari Nagar,,,Driver is not moving towards pickup location,Not Applicable,Not Applicable,Not Applicable,456,Not Applicable,0,,
2024-07-30 00:57:00,CNR4253482265,Success,CID474195,Auto,Kammanahalli,Majestic,49.0,85.0,Not Applicable,Not Applicable,No,Not Applicable,470,Credit Card,15,3.1,4.6
2024-07-17 10:32:00,CNR5523202379,Canceled by Customer,CID150276,Prime Plus,Nagarbhavi,Majestic,,,Wrong Address,Not Applicable,Not Applicable,Not Applicable,371,Not Applicable,0,,
2024-07-10 21:52:00,CNR8179478610,Success,CID985672,Prime Sedan,Vijayanagar,BTM Layout,49.0,35.0,Not Applicable,Not Applicable,No,Not Applicable,849,Cash,21,4.9,4.1
2024-07-22 12:55:00,CNR9709790605,Driver Not Found,CID402754,Prime Plus,Kammanahalli,Indiranagar,,,Not Applicable,Not Applicable,Not Applicable,Not Applicable,443,Not Applicable,0,,
2024-07-23 08:03:00,CNR9203311012,Success,CID714038,Prime Sedan,Nagarbhavi,Kengeri,112.0,50.0,Not Applicable,Not Applicable,No,Not Applicable,392,UPI,1,4.2,4.6
2024-07-26 02:58:00,CNR1100573061,Success,CID263825,Auto,Hebbal,Yeshwanthpur,98.0,25.0,Not Applicable,Not Applicable,No,Not Applicable,1596,UPI,2,4.0,4.8
2024-07-17 03:59:00,CNR1886500930,Success,CID439263,Mini,Koramangala,Indiranagar,168.0,135.0,Not Applicable,Not Applicable,No,Not Applicable,198,UPI,14,4.8,3.4
2024-07-15 10:18:00,CNR9953420680,Success,CID668830,Prime Plus,Devanahalli,Padmanabhanagar,252.0,120.0,Not Applicable,Not Applicable,No,Not Applicable,483,UPI,49,4.2,4.1
2024-07-11 03:38:00,CNR6965411379,Success,CID367306,Bike,Majestic,BTM Layout,203.0,105.0,Not Applicable,Not Applicable,No,Not Applicable,131,UPI,29,3.7,4.3
2024-07-21 17:50:00,CNR1622792457,Success,CID554928,Prime Plus,Langford Town,Magadi Road,182.0,70.0,Not Applicable,Not Applicable,No,Not Applicable,292,Cash,31,3.0,3.7
2024-07-13 05:05:00,CNR5643901880,Success,CID333934,Prime Sedan,KR Puram,Marathahalli,84.0,35.0,Not Applicable,Not Applicable,No,Not Applicable,227,Cash,43,4.7,3.6
2024-07-13 03:45:00,CNR5104282606,Success,CID929210,Prime Plus,Sahakar Nagar,Jayanagar,35.0,30.0,Not Applicable,Not Applicable,No,Not Applicable,477,UPI,21,4.4,3.4
2024-07-23 03:38:00,CNR8019182392,Success,CID958236,Auto,Shivajinagar,Frazer Town,168.0,50.0,Not Applicable,Not Applicable,No,Not Applicable,940,Cash,2,3.5,5.0
2024-07-02 01:25:00,CNR1810211433,Success,CID864864,eBike,Sarjapur Road,Cox Town,266.0,85.0,Not Applicable,Not Applicable,No,Not Applicable,1786,Cash,12,3.6,4.7
2024-07-02 07:58:00,CNR6937708603,Canceled by Driver,CID812534,Prime SUV,Hennur,Sahakar Nagar,,,Not Applicable,Personal & Car related issue,Not Applicable,Not Applicable,991,Not Applicable,0,,
2024-07-15 00:57:00,CNR1644073172,Driver Not Found,CID826829,Prime Plus,Richmond Town,Richmond Town,,,Not Applicable,Not Applicable,Not Applicable,Not Applicable,625,Not Applicable,0,,
2024-07-05 08:14:00,CNR4590875490,Success,CID455747,Prime SUV,Ramamurthy Nagar,Malleshwaram,70.0,145.0,Not Applicable,Not Applicable,No,Not Applicable,133,Cash,38,3.2,4.5
2024-07-22 16:57:00,CNR7503133084,Success,CID607315,Mini,Kammanahalli,Shivajinagar,301.0,70.0,Not Applicable,Not Applicable,No,Not Applicable,373,Cash,11,3.3,3.7
2024-07-25 09:59:00,CNR4100202106,Success,CID841758,Prime SUV,Hebbal,Richmond Town,168.0,25.0,Not Applicable,Not Applicable,No,Not Applicable,664,UPI,48,4.3,4.5
2024-07-24 11:09:00,CNR9647687323,Driver Not Found,CID790278,Auto,Chickpet,HSR Layout,,,Not Applicable,Not Applicable,Not Applicable,Not Applicable,604,Not Applicable,0,,
2024-07-14 19:30:00,CNR4580386583,Canceled by Customer,CID900836,Prime Sedan,Rajajinagar,Indiranagar,,,Driver is not moving towards pickup location,Not Applicable,Not Applicable,Not Applicable,429,Not Applicable,0,,
2024-07-29 19:30:00,CNR2694325675,Canceled by Customer,CID446360,Prime Plus,Malleshwaram,Chickpet,,,AC is Not working,Not Applicable,Not Applicable,Not Applicable,133,Not Applicable,0,,
2024-07-10 03:55:00,CNR1030858515,Success,CID781812,Bike,Majestic,Hennur,133.0,135.0,Not Applicable,Not Applicable,No,Not Applicable,458,UPI,47,4.3,3.5
2024-07-09 12:52:00,CNR8274186011,Canceled by Customer,CID351442,Auto,Kadugodi,Ulsoor,,,Driver asked to cancel,Not Applicable,Not Applicable,Not Applicable,441,Not Applicable,0,,
2024-07-18 01:58:00,CNR3407891659,Canceled by Driver,CID658579,Auto,Bellandur,Kammanahalli,,,Not Applicable,More than permitted people in there,Not Applicable,Not Applicable,829,Not Applicable,0,,
2024-07-12 13:53:00,CNR6655940473,Canceled by Driver,CID380660,Prime SUV,Hulimavu,Majestic,,,Not Applicable,Customer related issue,Not Applicable,Not Applicable,648,Not Applicable,0,,
2024-07-24 22:43:00,CNR5072424885,Success,CID985322,Prime Plus,Mysore Road,Sarjapur Road,182.0,95.0,Not Applicable,Not Applicable,No,Not Applicable,438,Cash,46,3.8,4.7
2024-07-23 16:07:00,CNR4866395442,Success,CID752802,Prime Plus,Mysore Road,Sahakar Nagar,77.0,80.0,Not Applicable,Not Applicable,No,Not Applicable,545,Cash,40,3.1,4.3
2024-07-14 12:59:00,CNR3130765766,Success,CID858139,Bike,Yelahanka,Whitefield,147.0,100.0,Not Applicable,Not Applicable,No,Not Applicable,602,UPI,36,3.2,3.6
2024-07-14 13:06:00,CNR1919898500,Success,CID253920,Auto,BTM Layout,Langford Town,273.0,135.0,Not Applicable,Not Applicable,Yes,Vehicle Breakdown,643,UPI,15,4.3,4.7
2024-07-08 09:04:00,CNR7794873337,Success,CID650552,Prime Plus,Bannerghatta Road,Chickpet,112.0,125.0,Not Applicable,Not Applicable,No,Not Applicable,958,UPI,32,3.6,3.8
2024-07-21 22:45:00,CNR8267276612,Success,CID480854,Prime Sedan,Peenya,Indiranagar,168.0,85.0,Not Applicable,Not Applicable,No,Not Applicable,213,UPI,37,4.8,3.1
2024-07-11 22:14:00,CNR3794586116,Success,CID533581,Prime SUV,Banashankari,Devanahalli,287.0,40.0,Not Applicable,Not Applicable,No,Not Applicable,382,Cash,10,3.2,4.6
2024-07-11 20:31:00,CNR3361899541,Success,CID372136,eBike,Yeshwanthpur,Langford Town,294.0,140.0,Not Applicable,Not Applicable,No,Not Applicable,586,Cash,8,4.7,4.1
2024-07-19 23:54:00,CNR7563303553,Canceled by Driver,CID129994,Prime SUV,MG Road,Frazer Town,,,Not Applicable,Personal & Car related issue,Not Applicable,Not Applicable,430,Not Applicable,0,,
2024-07-02 21:54:00,CNR8915205142,Success,CID713542,Mini,Rajajinagar,Indiranagar,63.0,90.0,Not Applicable,Not Applicable,No,Not Applicable,422,UPI,11,4.8,3.7
2024-07-06 14:18:00,CNR2103186755,Success,CID744150,eBike,Banashankari,Shivajinagar,98.0,40.0,Not Applicable,Not Applicable,No,Not Applicable,2706,Cash,38,3.5,4.0
2024-07-29 18:35:00,CNR5339546610,Success,CID267643,eBike,Ulsoor,Kengeri,77.0,115.0,Not Applicable,Not Applicable,No,Not Applicable,431,Cash,42,4.5,4.1
2024-07-26 23:23:00,CNR9195046316,Driver Not Found,CID559909,Mini,Kadugodi,Frazer Town,,,Not Applicable,Not Applicable,Not Applicable,Not Applicable,705,Not Applicable,0,,
2024-07-20 10:53:00,CNR4219464115,Canceled by Customer,CID697366,Auto,Magadi Road,Malleshwaram,,,Driver asked to cancel,Not Applicable,Not Applicable,Not Applicable,149,Not Applicable,0,,
2024-07-11 17:51:00,CNR8039508268,Driver Not Found,CID739990,Prime SUV,Marathahalli,Koramangala,,,Not Applicable,Not Applicable,Not Applicable,Not Applicable,421,Not Applicable,0,,
2024-07-22 17:00:00,CNR1286310206,Canceled by Customer,CID598467,Prime Sedan,Electronic City,Hosur Road,,,Driver is not moving towards pickup location,Not Applicable,Not Applicable,Not Applicable,360,Not Applicable,0,,
2024-07-25 20:57:00,CNR3853973434,Canceled by Driver,CID774317,Prime SUV,Basavanagudi,Electronic City,,,Not Applicable,Customer related issue,Not Applicable,Not Applicable,220,Not Applicable,0,,
2024-07-09 20:09:00,CNR8211405737,Driver Not Found,CID930247,Mini,Vijayanagar,Richmond Town,,,Not Applicable,Not Applicable,Not Applicable,Not Applicable,781,Not Applicable,0,,
2024-07-02 22:23:00,CNR4576194094,Canceled by Customer,CID297902,Prime SUV,Jayanagar,Mysore Road,,,Change of plans,Not Applicable,Not Applicable,Not Applicable,213,Not Applicable,0,,
2024-07-23 20:03:00,CNR9700783144,Canceled by Driver,CID462196,Prime SUV,Peenya,Peenya,,,Not Applicable,Personal & Car related issue,Not Applicable,Not Applicable,2092,Not Applicable,0,,
2024-07-18 02:02:00,CNR4682067321,Success,CID301618,eBike,Padmanabhanagar,Tumkur Road,175.0,90.0,Not Applicable,Not Applicable,No,Not Applicable,1503,UPI,38,3.0,3.5
2024-07-06 18:20:00,CNR4888228075,Success,CID221997,Mini,Koramangala,Nagarbhavi,84.0,50.0,Not Applicable,Not Applicable,No,Not Applicable,2882,Credit Card,42,4.0,4.0
2024-07-16 04:34:00,CNR4067019306,Canceled by Driver,CID524189,Prime Sedan,Shivajinagar,JP Nagar,,,Not Applicable,Personal & Car related issue,Not Applicable,Not Applicable,468,Not Applicable,0,,
2024-07-14 12:04:00,CNR3379737005,Canceled by Driver,CID927494,Mini,Bannerghatta Road,Ulsoor,,,Not Applicable,Customer related issue,Not Applicable,Not Applicable,240,Not Applicable,0,,
2024-07-11 06:02:00,CNR5241927212,Canceled by Customer,CID872991,Bike,Devanahalli,Ramamurthy Nagar,,,Change of plans,Not Applicable,Not Applicable,Not Applicable,225,Not Applicable,0,,
2024-07-21 11:32:00,CNR8799505418,Canceled by Driver,CID870430,Mini,Electronic City,JP Nagar,,,Not Applicable,Personal & Car related issue,Not Applicable,Not Applicable,910,Not Applicable,0,,
2024-07-03 08:24:00,CNR9375897920,Success,CID284691,Prime Sedan,BTM Layout,Frazer Town,238.0,85.0,Not Applicable,Not Applicable,No,Not Applicable,465,UPI,12,4.7,3.7
2024-07-24 06:49:00,CNR3182915362,Success,CID307878,Prime SUV,Shantinagar,Electronic City,224.0,75.0,Not Applicable,Not Applicable,No,Not Applicable,136,Cash,4,3.6,4.2
2024-07-16 11:28:00,CNR4483948564,Canceled by Driver,CID134455,Prime Sedan,Magadi Road,Sahakar Nagar,,,Not Applicable,Customer was coughing/sick,Not Applicable,Not Applicable,334,Not Applicable,0,,
2024-07-06 16:03:00,CNR7843780428,Canceled by Customer,CID336601,eBike,Tumkur Road,Langford Town,,,AC is Not working,Not Applicable,Not Applicable,Not Applicable,162,Not Applicable,0,,
2024-07-01 19:30:00,CNR2938402988,Success,CID594968,Prime Plus,RT Nagar,Chamarajpet,224.0,25.0,Not Applicable,Not Applicable,No,Not Applicable,194,UPI,28,4.3,4.0
2024-07-04 06:17:00,CNR8749811324,Canceled by Customer,CID461913,Mini,KR Puram,Magadi Road,,,Wrong Address,Not Applicable,Not Applicable,Not Applicable,211,Not Applicable,0,,
2024-07-10 12:21:00,CNR5542368420,Canceled by Customer,CID947544,Auto,Koramangala,Sahakar Nagar,,,Change of plans,Not Applicable,Not Applicable,Not Applicable,116,Not Applicable,0,,
2024-07-24 05:29:00,CNR4374291022,Canceled by Customer,CID143955,eBike,Sahakar Nagar,Hennur,,,Change of plans,Not Applicable,Not Applicable,Not Applicable,299,Not Applicable,0,,
2024-07-14 23:39:00,CNR3103230710,Success,CID512081,Auto,Shivajinagar,Basavanagudi,280.0,80.0,Not Applicable,Not Applicable,No,Not Applicable,432,Cash,4,4.7,4.1
2024-07-22 13:03:00,CNR1991654016,Success,CID586105,Prime Sedan,Hulimavu,Magadi Road,308.0,140.0,Not Applicable,Not Applicable,No,Not Applicable,2576,Cash,27,4.6,4.1
2024-07-07 19:21:00,CNR2756808177,Driver Not Found,CID949648,Auto,Basavanagudi,Indiranagar,,,Not Applicable,Not Applicable,Not Applicable,Not Applicable,1460,Not Applicable,0,,
2024-07-20 12:50:00,CNR8151258011,Success,CID506623,Prime SUV,Electronic City,Magadi Road,280.0,130.0,Not Applicable,Not Applicable,No,Not Applicable,413,Cash,29,3.9,4.0
2024-07-13 16:25:00,CNR5156844037,Canceled by Driver,CID690668,Auto,Hebbal,Frazer Town,,,Not Applicable,Personal & Car related issue,Not Applicable,Not Applicable,272,Not Applicable,0,,
2024-07-10 00:04:00,CNR4918882091,Success,CID768416,Bike,Yeshwanthpur,Shivajinagar,63.0,70.0,Not Applicable,Not Applicable,No,Not Applicable,495,Cash,30,3.4,4.9
2024-07-09 05:34:00,CNR7677810682,Canceled by Driver,CID804763,Bike,Hennur,Basavanagudi,,,Not Applicable,Customer was coughing/sick,Not Applicable,Not Applicable,196,Not Applicable,0,,
2024-07-05 06:47:00,CNR4441189006,Driver Not Found,CID942667,eBike,Langford Town,Frazer Town,,,Not Applicable,Not Applicable,Not Applicable,Not Applicable,488,Not Applicable,0,,
2024-07-23 23:31:00,CNR4089677272,Success,CID922605,Prime SUV,Langford Town,Indiranagar,168.0,50.0,Not Applicable,Not Applicable,No,Not Applicable,531,Credit Card,4,4.2,3.5
2024-07-28 05:53:00,CNR9485453890,Canceled by Driver,CID840427,Auto,Cox Town,JP Nagar,,,Not Applicable,Personal & Car related issue,Not Applicable,Not Applicable,717,Not Applicable,0,,
2024-07-14 18:04:00,CNR4151585054,Success,CID295987,Prime Plus,Electronic City,RT Nagar,266.0,25.0,Not Applicable,Not Applicable,No,Not Applicable,150,UPI,3,3.9,3.2
2024-07-04 19:25:00,CNR8931782298,Success,CID507766,eBike,Yeshwanthpur,Rajarajeshwari Nagar,308.0,25.0,Not Applicable,Not Applicable,No,Not Applicable,320,Cash,16,4.9,4.2
2024-07-19 08:13:00,CNR7595458913,Driver Not Found,CID165768,Bike,Varthur,MG Road,,,Not Applicable,Not Applicable,Not Applicable,Not Applicable,367,Not Applicable,0,,
2024-07-19 20:29:00,CNR3657787247,Success,CID506247,Auto,Bannerghatta Road,Majestic,280.0,85.0,Not Applicable,Not Applicable,No,Not Applicable,126,Cash,12,3.6,4.1
2024-07-21 19:39:00,CNR1528801006,Success,CID541509,Prime SUV,Padmanabhanagar,Malleshwaram,154.0,65.0,Not Applicable,Not Applicable,No,Not Applicable,1747,UPI,20,3.2,4.1
2024-07-30 16:11:00,CNR9073589276,Canceled by Driver,CID260402,Bike,Sarjapur Road,Nagarbhavi,,,Not Applicable,Customer related issue,Not Applicable,Not Applicable,623,Not Applicable,0,,
2024-07-04 05:36:00,CNR2174474713,Success,CID308404,Auto,Rajajinagar,Nagarbhavi,161.0,50.0,Not Applicable,Not Applicable,No,Not Applicable,116,UPI,3,4.7,4.8
2024-07-02 08:17:00,CNR4907206757,Success,CID942594,Prime Sedan,Mysore Road,Mysore Road,126.0,45.0,Not Applicable,Not Applicable,No,Not Applicable,267,UPI,46,4.1,4.0
2024-07-24 15:14:00,CNR3242974982,Success,CID985282,Bike,Sarjapur Road,Varthur,84.0,90.0,Not Applicable,Not Applicable,No,Not Applicable,317,UPI,39,4.9,4.7
2024-07-16 02:47:00,CNR7124083931,Success,CID276443,Prime Plus,JP Nagar,KR Puram,112.0,90.0,Not Applicable,Not Applicable,No,Not Applicable,229,Cash,6,4.3,4.0
2024-07-19 03:05:00,CNR9203073790,Success,CID175309,Mini,Hebbal,Bellandur,140.0,115.0,Not Applicable,Not Applicable,No,Not Applicable,144,UPI,1,3.4,4.1
2024-07-13 08:38:00,CNR6983343785,Success,CID402623,Bike,Koramangala,Hebbal,133.0,55.0,Not Applicable,Not Applicable,No,Not Applicable,291,Cash,41,4.2,4.8
2024-07-11 13:56:00,CNR7718527419,Canceled by Driver,CID224976,Prime Plus,BTM Layout,Majestic,,,Not Applicable,Personal & Car related issue,Not Applicable,Not Applicable,705,Not Applicable,0,,
2024-07-20 18:53:00,CNR8500473980,Canceled by Customer,CID984966,eBike,Whitefield,Ramamurthy Nagar,,,Driver asked to cancel,Not Applicable,Not Applicable,Not Applicable,449,Not Applicable,0,,
2024-07-09 13:55:00,CNR5248925929,Success,CID706022,Mini,Shivajinagar,Bannerghatta Road,147.0,50.0,Not Applicable,Not Applicable,No,Not Applicable,660,Cash,28,3.2,3.5
2024-07-23 05:47:00,CNR5716608495,Success,CID626618,Bike,Kengeri,Shantinagar,301.0,45.0,Not Applicable,Not Applicable,No,Not Applicable,133,UPI,17,3.4,3.8
2024-07-19 06:48:00,CNR1542737251,Canceled by Driver,CID510221,Bike,Padmanabhanagar,JP Nagar,,,Not Applicable,Customer was coughing/sick,Not Applicable,Not Applicable,107,Not Applicable,0,,
2024-07-12 18:54:00,CNR1733791926,Success,CID232933,Prime SUV,RT Nagar,Richmond Town,161.0,125.0,Not Applicable,Not Applicable,No,Not Applicable,1574,UPI,36,3.3,3.2
2024-07-07 15:25:00,CNR3469734867,Canceled by Customer,CID133477,Bike,Vijayanagar,Malleshwaram,,,AC is Not working,Not Applicable,Not Applicable,Not Applicable,254,Not Applicable,0,,
2024-07-28 19:26:00,CNR1027441947,Driver Not Found,CID640463,Mini,Yeshwanthpur,Kengeri,,,Not Applicable,Not Applicable,Not Applicable,Not Applicable,314,Not Applicable,0,,
2024-07-24 11:50:00,CNR2275657556,Success,CID887721,Auto,Kengeri,Malleshwaram,98.0,125.0,Not Applicable,Not Applicable,No,Not Applicable,479,UPI,3,4.2,4.8
2024-07-09 04:07:00,CNR9693039109,Success,CID198624,eBike,Shivajinagar,Rajajinagar,126.0,135.0,Not Applicable,Not Applicable,No,Not Applicable,347,UPI,25,3.7,4.9
2024-07-10 22:30:00,CNR7844911000,Success,CID284588,Mini,Rajarajeshwari Nagar,JP Nagar,252.0,135.0,Not Applicable,Not Applicable,No,Not Applicable,372,Cash,36,4.0,4.2
2024-07-21 02:38:00,CNR2567359477,Canceled by Driver,CID962748,eBike,Kadugodi,Bannerghatta Road,,,Not Applicable,Personal & Car related issue,Not Applicable,Not Applicable,148,Not Applicable,0,,
2024-07-07 02:54:00,CNR8327050410,Success,CID752174,Auto,Rajajinagar,BTM Layout,308.0,45.0,Not Applicable,Not Applicable,No,Not Applicable,365,UPI,6,3.9,5.0
2024-07-03 14:15:00,CNR7334062888,Success,CID997106,Prime Plus,Koramangala,Kengeri,119.0,75.0,Not Applicable,Not Applicable,No,Not Applicable,229,UPI,41,4.0,4.0
2024-07-20 00:58:00,CNR3856510037,Success,CID785512,eBike,BTM Layout,Varthur,147.0,135.0,Not Applicable,Not Applicable,No,Not Applicable,440,Cash,2,3.7,4.8
2024-07-04 10:46:00,CNR7012561537,Success,CID696320,Bike,Electronic City,Kengeri,49.0,60.0,Not Applicable,Not Applicable,No,Not Applicable,1050,UPI,36,4.4,3.7
2024-07-15 09:34:00,CNR8757611096,Success,CID774756,Mini,Nagarbhavi,Indiranagar,252.0,115.0,Not Applicable,Not Applicable,No,Not Applicable,897,Cash,41,4.3,4.1
2024-07-28 22:33:00,CNR6848807611,Success,CID134626,Prime Plus,BTM Layout,Hennur,161.0,75.0,Not Applicable,Not Applicable,No,Not Applicable,160,Cash,20,4.4,4.6
2024-07-30 21:41:00,CNR4878134049,Success,CID876482,Prime Sedan,Yeshwanthpur,Magadi Road,70.0,125.0,Not Applicable,Not Applicable,No,Not Applicable,140,UPI,37,4.6,4.4
2024-07-16 16:18:00,CNR9330856120,Success,CID307044,Prime Sedan,Indiranagar,Varthur,147.0,115.0,Not Applicable,Not Applicable,No,Not Applicable,214,UPI,17,3.9,3.5
2024-07-27 09:02:00,CNR8286471003,Driver Not Found,CID523891,eBike,Hulimavu,Frazer Town,,,Not Applicable,Not Applicable,Not Applicable,Not Applicable,273,Not Applicable,0,,
2024-07-27 09:58:00,CNR9262688856,Success,CID631174,eBike,Hennur,Marathahalli,231.0,130.0,Not Applicable,Not Applicable,No,Not Applicable,465,UPI,7,3.6,4.1
2024-07-07 14:41:00,CNR9123578221,Success,CID801592,eBike,Banashankari,Kengeri,196.0,30.0,Not Applicable,Not Applicable,No,Not Applicable,689,Cash,21,4.9,4.5
2024-07-06 12:41:00,CNR8571189555,Success,CID682748,Prime Sedan,Ulsoor,Richmond Town,91.0,130.0,Not Applicable,Not Applicable,No,Not Applicable,942,UPI,20,4.8,4.4
2024-07-01 06:43:00,CNR7772606875,Success,CID742604,Mini,Malleshwaram,Basavanagudi,42.0,110.0,Not Applicable,Not Applicable,No,Not Applicable,214,UPI,34,4.0,4.6
2024-07-10 02:50:00,CNR1543086136,Canceled by Customer,CID235409,Prime SUV,Kammanahalli,Whitefield,,,Driver is not moving towards pickup location,Not Applicable,Not Applicable,Not Applicable,788,Not Applicable,0,,
2024-07-14 05:16:00,CNR2728072170,Success,CID798875,eBike,MG Road,Chickpet,112.0,50.0,Not Applicable,Not Applicable,No,Not Applicable,228,UPI,2,4.3,4.7
2024-07-02 11:20:00,CNR1832878646,Canceled by Customer,CID492453,eBike,KR Puram,Richmond Town,,,Wrong Address,Not Applicable,Not Applicable,Not Applicable,363,Not Applicable,0,,
2024-07-04 09:58:00,CNR1874053606,Success,CID311181,Prime SUV,Rajarajeshwari Nagar,Koramangala,189.0,65.0,Not Applicable,Not Applicable,No,Not Applicable,136,Cash,39,3.9,3.2
2024-07-20 12:09:00,CNR9972732337,Success,CID825167,Prime Sedan,Hosur Road,Hulimavu,196.0,55.0,Not Applicable,Not Applicable,No,Not Applicable,239,UPI,9,3.7,3.7
2024-07-01 04:00:00,CNR4406923863,Driver Not Found,CID357898,Mini,Yelahanka,Devanahalli,,,Not Applicable,Not Applicable,Not Applicable,Not Applicable,275,Not Applicable,0,,
2024-07-15 09:07:00,CNR5039216637,Canceled by Driver,CID358651,Auto,Ulsoor,Langford Town,,,Not Applicable,Personal & Car related issue,Not Applicable,Not Applicable,228,Not Applicable,0,,
2024-07-20 06:12:00,CNR5812984999,Canceled by Customer,CID495054,Prime Sedan,Rajarajeshwari Nagar,Chamarajpet,,,Change of plans,Not Applicable,Not Applicable,Not Applicable,2358,Not Applicable,0,,
2024-07-25 15:47:00,CNR6036684765,Canceled by Customer,CID351462,Prime Sedan,Indiranagar,Indiranagar,,,Change of plans,Not Applicable,Not Applicable,Not Applicable,340,Not Applicable,0,,
2024-07-14 17:57:00,CNR2380042873,Success,CID370506,Prime Sedan,Electronic City,Ulsoor,35.0,45.0,Not Applicable,Not Applicable,No,Not Applicable,457,UPI,4,4.8,3.8
2024-07-20 18:36:00,CNR4634168435,Canceled by Driver,CID704526,Prime Sedan,Rajajinagar,Tumkur Road,,,Not Applicable,More than permitted people in there,Not Applicable,Not Applicable,225,Not Applicable,0,,
2024-07-14 16:13:00,CNR5981422982,Success,CID403920,Prime Sedan,Langford Town,Cox Town,231.0,25.0,Not Applicable,Not Applicable,No,Not Applicable,355,Cash,6,4.5,4.3
2024-07-22 07:59:00,CNR4189204689,Success,CID584512,Prime SUV,RT Nagar,Hennur,105.0,105.0,Not Applicable,Not Applicable,No,Not Applicable,317,Cash,18,3.0,4.2
2024-07-01 20:24:00,CNR7157968101,Success,CID110179,eBike,Devanahalli,Basavanagudi,308.0,40.0,Not Applicable,Not Applicable,No,Not Applicable,479,UPI,43,3.7,3.9
2024-07-18 04:33:00,CNR8683780527,Success,CID542778,Prime SUV,Kengeri,Rajarajeshwari Nagar,301.0,135.0,Not Applicable,Not Applicable,No,Not Applicable,365,UPI,20,3.5,3.3
2024-07-23 16:51:00,CNR2853617118,Driver Not Found,CID220842,Prime Plus,Hebbal,Indiranagar,,,Not Applicable,Not Applicable,Not Applicable,Not Applicable,398,Not Applicable,0,,
2024-07-17 10:10:00,CNR4314089693,Canceled by Driver,CID537042,Prime SUV,Hulimavu,Ulsoor,,,Not Applicable,Personal & Car related issue,Not Applicable,Not Applicable,2164,Not Applicable,0,,
2024-07-09 22:37:00,CNR6952797684,Canceled by Driver,CID131841,Prime SUV,Peenya,Kammanahalli,,,Not Applicable,Customer was coughing/sick,Not Applicable,Not Applicable,206,Not Applicable,0,,
2024-07-25 12:50:00,CNR5939646483,Canceled by Driver,CID223744,eBike,JP Nagar,Varthur,,,Not Applicable,More than permitted people in there,Not Applicable,Not Applicable,582,Not Applicable,0,,
2024-07-23 07:03:00,CNR6234857074,Canceled by Driver,CID361731,Prime Plus,Kengeri,Kadugodi,,,Not Applicable,Customer was coughing/sick,Not Applicable,Not Applicable,221,Not Applicable,0,,
2024-07-03 01:05:00,CNR7573785921,Success,CID325779,Prime Plus,Chamarajpet,Kengeri,77.0,105.0,Not Applicable,Not Applicable,No,Not Applicable,221,UPI,38,4.7,4.1
2024-07-22 12:18:00,CNR3624500144,Success,CID103442,Mini,Whitefield,BTM Layout,168.0,125.0,Not Applicable,Not Applicable,No,Not Applicable,188,UPI,4,3.0,4.4
2024-07-23 06:39:00,CNR1812085200,Canceled by Driver,CID974825,Mini,Marathahalli,KR Puram,,,Not Applicable,Personal & Car related issue,Not Applicable,Not Applicable,131,Not Applicable,0,,
2024-07-18 08:25:00,CNR8745278624,Success,CID243534,Auto,Chickpet,Hebbal,112.0,105.0,Not Applicable,Not Applicable,No,Not Applicable,370,Cash,10,4.2,4.8
2024-07-12 12:59:00,CNR5733335588,Canceled by Driver,CID400162,eBike,Chamarajpet,Banashankari,,,Not Applicable,Personal & Car related issue,Not Applicable,Not Applicable,356,Not Applicable,0,,
2024-07-02 15:12:00,CNR8236602532,Canceled by Customer,CID522384,eBike,Marathahalli,Shivajinagar,,,Driver asked to cancel,Not Applicable,Not Applicable,Not Applicable,419,Not Applicable,0,,
2024-07-17 04:02:00,CNR1615985960,Success,CID648056,Auto,Langford Town,JP Nagar,280.0,135.0,Not Applicable,Not Applicable,No,Not Applicable,242,UPI,14,3.9,4.8
2024-07-09 17:42:00,CNR1940588185,Success,CID278932,Prime SUV,Richmond Town,Langford Town,231.0,90.0,Not Applicable,Not Applicable,No,Not Applicable,2121,UPI,29,5.0,4.0
2024-07-20 16:52:00,CNR2602387606,Canceled by Driver,CID456243,Bike,Hebbal,Hebbal,,,Not Applicable,Customer related issue,Not Applicable,Not Applicable,385,Not Applicable,0,,
2024-07-14 19:24:00,CNR3264725235,Success,CID677911,Prime SUV,KR Puram,Jayanagar,112.0,50.0,Not Applicable,Not Applicable,No,Not Applicable,404,Cash,33,3.5,4.3
2024-07-04 14:28:00,CNR4197957771,Success,CID927216,Prime Plus,Majestic,Indiranagar,259.0,95.0,Not Applicable,Not Applicable,Yes,Other Issue,175,Cash,41,3.7,3.5
2024-07-15 09:08:00,CNR7745017560,Canceled by Driver,CID629382,Mini,Majestic,Mysore Road,,,Not Applicable,Personal & Car related issue,Not Applicable,Not Applicable,381,Not Applicable,0,,
2024-07-19 20:34:00,CNR6159163747,Canceled by Driver,CID751010,Prime Plus,Kadugodi,Padmanabhanagar,,,Not Applicable,Personal & Car related issue,Not Applicable,Not Applicable,326,Not Applicable,0,,
2024-07-30 23:18:00,CNR8488540725,Success,CID122363,Bike,Peenya,Sarjapur Road,126.0,80.0,Not Applicable,Not Applicable,No,Not Applicable,134,Cash,34,4.6,3.7
2024-07-08 13:22:00,CNR2440153243,Canceled by Customer,CID758941,Bike,BTM Layout,Kadugodi,,,Driver asked to cancel,Not Applicable,Not Applicable,Not Applicable,491,Not Applicable,0,,
2024-07-25 02:48:00,CNR6327330447,Canceled by Customer,CID371319,Prime Plus,Padmanabhanagar,Richmond Town,,,Driver asked to cancel,Not Applicable,Not Applicable,Not Applicable,387,Not Applicable,0,,
2024-07-03 08:03:00,CNR2158533347,Canceled by Driver,CID745977,Mini,Whitefield,Whitefield,,,Not Applicable,Personal & Car related issue,Not Applicable,Not Applicable,134,Not Applicable,0,,
2024-07-28 19:22:00,CNR8406258958,Canceled by Driver,CID252200,Auto,Hulimavu,Magadi Road,,,Not Applicable,Personal & Car related issue,Not Applicable,Not Applicable,679,Not Applicable,0,,
2024-07-08 14:22:00,CNR8861099625,Canceled by Driver,CID503557,Prime SUV,Basavanagudi,Hennur,,,Not Applicable,Personal & Car related issue,Not Applicable,Not Applicable,948,Not Applicable,0,,
2024-07-04 15:54:00,CNR9261803083,Success,CID513717,Mini,MG Road,KR Puram,259.0,60.0,Not Applicable,Not Applicable,No,Not Applicable,400,UPI,39,4.4,3.2
2024-07-01 13:47:00,CNR6710530503,Canceled by Customer,CID289865,Bike,Devanahalli,Devanahalli,,,Wrong Address,Not Applicable,Not Applicable,Not Applicable,242,Not Applicable,0,,
2024-07-12 16:38:00,CNR6902846338,Success,CID868308,eBike,Kadugodi,Frazer Town,196.0,40.0,Not Applicable,Not Applicable,No,Not Applicable,127,UPI,32,3.2,3.9
2024-07-29 20:01:00,CNR4550310772,Success,CID450689,Prime SUV,Richmond Town,MG Road,42.0,130.0,Not Applicable,Not Applicable,No,Not Applicable,226,Cash,35,3.6,5.0
2024-07-20 08:05:00,CNR4069343862,Success,CID459059,Mini,Bannerghatta Road,Cox Town,287.0,105.0,Not Applicable,Not Applicable,No,Not Applicable,231,UPI,15,3.0,3.2
2024-07-04 05:38:00,CNR4151264428,Canceled by Driver,CID753848,Prime Plus,Bellandur,Kengeri,,,Not Applicable,Personal & Car related issue,Not Applicable,Not Applicable,317,Not Applicable,0,,
2024-07-13 06:56:00,CNR4487732281,Success,CID856899,Prime SUV,Langford Town,Sarjapur Road,126.0,45.0,Not Applicable,Not Applicable,No,Not Applicable,573,Cash,1,3.5,3.7
2024-07-02 07:30:00,CNR6597634639,Canceled by Customer,CID890908,Mini,Majestic,JP Nagar,,,Driver is not moving towards pickup location,Not Applicable,Not Applicable,Not Applicable,2743,Not Applicable,0,,
2024-07-15 15:47:00,CNR6389424344,Success,CID258827,Prime SUV,Hosur Road,Hulimavu,168.0,55.0,Not Applicable,Not Applicable,Yes,Customer Demand,2862,Cash,2,4.9,4.1
2024-07-13 13:50:00,CNR9356993989,Canceled by Customer,CID677892,Prime Sedan,Indiranagar,Chamarajpet,,,Driver is not moving towards pickup location,Not Applicable,Not Applicable,Not Applicable,438,Not Applicable,0,,
2024-07-18 18:42:00,CNR5278122276,Canceled by Driver,CID397472,Bike,Bannerghatta Road,Tumkur Road,,,Not Applicable,Personal & Car related issue,Not Applicable,Not Applicable,286,Not Applicable,0,,
2024-07-18 09:34:00,CNR4906161774,Canceled by Driver,CID214732,eBike,Yelahanka,Ulsoor,,,Not Applicable,More than permitted people in there,Not Applicable,Not Applicable,858,Not Applicable,0,,
2024-07-11 20:16:00,CNR3123206261,Success,CID716474,Prime SUV,KR Puram,RT Nagar,231.0,125.0,Not Applicable,Not Applicable,No,Not Applicable,765,UPI,40,3.2,4.6
2024-07-01 11:18:00,CNR6194852864,Canceled by Customer,CID836684,Auto,Kammanahalli,Sarjapur Road,,,Driver asked to cancel,Not Applicable,Not Applicable,Not Applicable,353,Not Applicable,0,,
2024-07-12 16:15:00,CNR7617708048,Success,CID745742,Mini,Hebbal,Shivajinagar,308.0,110.0,Not Applicable,Not Applicable,No,Not Applicable,249,Cash,46,4.1,3.7
2024-07-30 12:25:00,CNR1165343854,Driver Not Found,CID830374,Prime Plus,Shivajinagar,BTM Layout,,,Not Applicable,Not Applicable,Not Applicable,Not Applicable,669,Not Applicable,0,,
2024-07-07 15:58:00,CNR5810184702,Driver Not Found,CID624623,Prime Plus,Yeshwanthpur,Richmond Town,,,Not Applicable,Not Applicable,Not Applicable,Not Applicable,403,Not Applicable,0,,
2024-07-26 22:20:00,CNR9987133512,Canceled by Driver,CID333858,Prime SUV,Frazer Town,Mysore Road,,,Not Applicable,More than permitted people in there,Not Applicable,Not Applicable,437,Not Applicable,0,,
2024-07-10 17:28:00,CNR5530020669,Canceled by Driver,CID367518,Prime Plus,Chamarajpet,Kengeri,,,Not Applicable,Customer was coughing/sick,Not Applicable,Not Applicable,214,Not Applicable,0,,
2024-07-29 16:57:00,CNR2416716026,Success,CID272676,Mini,Yeshwanthpur,Kengeri,266.0,55.0,Not Applicable,Not Applicable,No,Not Applicable,184,UPI,30,4.2,4.0
2024-07-30 16:47:00,CNR3042985397,Success,CID108872,Auto,Yelahanka,BTM Layout,287.0,40.0,Not Applicable,Not Applicable,No,Not Applicable,273,Cash,9,4.5,3.3
2024-07-04 14:03:00,CNR5301494454,Success,CID307579,Bike,Hulimavu,Tumkur Road,49.0,55.0,Not Applicable,Not Applicable,Yes,Customer Demand,763,Cash,42,4.2,4.3
2024-07-05 15:14:00,CNR7945151240,Success,CID139402,Prime SUV,Sarjapur Road,Mysore Road,35.0,40.0,Not Applicable,Not Applicable,No,Not Applicable,231,Cash,25,4.1,3.9
2024-07-28 10:14:00,CNR6684716332,Success,CID832496,Prime Plus,Padmanabhanagar,Frazer Town,217.0,110.0,Not Applicable,Not Applicable,No,Not Applicable,147,UPI,33,3.1,4.1
2024-07-17 12:51:00,CNR3062054708,Success,CID405211,Prime SUV,RT Nagar,Electronic City,70.0,105.0,Not Applicable,Not Applicable,No,Not Applicable,683,Cash,12,4.4,4.1
2024-07-09 14:09:00,CNR8374117684,Canceled by Driver,CID502910,Prime Sedan,Yelahanka,Whitefield,,,Not Applicable,More than permitted people in there,Not Applicable,Not Applicable,328,Not Applicable,0,,
2024-07-10 23:03:00,CNR1394226079,Success,CID512226,Auto,Yelahanka,Shivajinagar,98.0,80.0,Not Applicable,Not Applicable,No,Not Applicable,917,Cash,3,3.3,3.1
2024-07-22 14:43:00,CNR7291420839,Success,CID415977,Mini,Bellandur,Nagarbhavi,56.0,50.0,Not Applicable,Not Applicable,No,Not Applicable,401,Cash,39,3.6,4.5
2024-07-01 20:42:00,CNR6695045798,Success,CID671329,eBike,Electronic City,Hulimavu,84.0,65.0,Not Applicable,Not Applicable,No,Not Applicable,399,Cash,43,4.9,4.4
2024-07-24 17:24:00,CNR3899127111,Success,CID374183,Prime SUV,MG Road,Kammanahalli,91.0,125.0,Not Applicable,Not Applicable,No,Not Applicable,330,UPI,39,3.5,4.5
2024-07-13 08:25:00,CNR1056373517,Success,CID913750,Prime Plus,Hulimavu,BTM Layout,273.0,115.0,Not Applicable,Not Applicable,No,Not Applicable,225,Cash,6,3.8,4.9
2024-07-18 04:04:00,CNR7541330770,Canceled by Driver,CID869222,eBike,Majestic,Peenya,,,Not Applicable,Customer was coughing/sick,Not Applicable,Not Applicable,178,Not Applicable,0,,
2024-07-04 19:01:00,CNR4511236331,Success,CID262349,Prime Sedan,Jayanagar,MG Road,119.0,65.0,Not Applicable,Not Applicable,No,Not Applicable,1614,UPI,27,3.2,4.4
2024-07-02 06:09:00,CNR9617414978,Success,CID801643,Mini,Marathahalli,BTM Layout,35.0,110.0,Not Applicable,Not Applicable,No,Not Applicable,268,UPI,45,3.4,3.6
2024-07-15 14:08:00,CNR9397738294,Success,CID426241,Prime Plus,Hebbal,Chamarajpet,245.0,30.0,Not Applicable,Not Applicable,No,Not Applicable,1758,Cash,20,4.5,4.1
2024-07-18 12:04:00,CNR6258697200,Success,CID361922,Prime Plus,RT Nagar,Yeshwanthpur,56.0,145.0,Not Applicable,Not Applicable,No,Not Applicable,787,Cash,33,4.3,4.3
2024-07-03 18:39:00,CNR6079567912,Success,CID984677,Prime Sedan,Tumkur Road,Sahakar Nagar,49.0,40.0,Not Applicable,Not Applicable,No,Not Applicable,757,UPI,39,3.1,3.0
2024-07-27 14:13:00,CNR2199643775,Success,CID868473,Prime SUV,Hulimavu,Padmanabhanagar,189.0,135.0,Not Applicable,Not Applicable,No,Not Applicable,916,Cash,36,4.9,3.1
2024-07-05 22:34:00,CNR5210070139,Canceled by Driver,CID425607,Prime Sedan,Sahakar Nagar,Malleshwaram,,,Not Applicable,Personal & Car related issue,Not Applicable,Not Applicable,253,Not Applicable,0,,
2024-07-27 02:52:00,CNR4398597315,Success,CID650437,Auto,Kadugodi,Padmanabhanagar,63.0,30.0,Not Applicable,Not Applicable,No,Not Applicable,204,UPI,2,4.0,4.1
2024-07-30 12:22:00,CNR5937121920,Success,CID936300,Prime Sedan,Padmanabhanagar,Basavanagudi,56.0,60.0,Not Applicable,Not Applicable,No,Not Applicable,566,Cash,12,3.9,4.2
2024-07-12 03:24:00,CNR6421509816,Canceled by Driver,CID780784,Prime Plus,Kadugodi,Padmanabhanagar,,,Not Applicable,Customer was coughing/sick,Not Applicable,Not Applicable,118,Not Applicable,0,,
2024-07-01 17:19:00,CNR3103528290,Canceled by Driver,CID171236,Bike,JP Nagar,Hennur,,,Not Applicable,Customer related issue,Not Applicable,Not Applicable,825,Not Applicable,0,,
2024-07-25 12:08:00,CNR2506434965,Success,CID608803,Bike,Hennur,Langford Town,98.0,110.0,Not Applicable,Not Applicable,No,Not Applicable,194,UPI,3,3.5,4.7
2024-07-18 16:32:00,CNR4964875607,Canceled by Driver,CID860356,eBike,Chamarajpet,Malleshwaram,,,Not Applicable,More than permitted people in there,Not Applicable,Not Applicable,753,Not Applicable,0,,
2024-07-14 11:36:00,CNR7666928718,Success,CID220097,Mini,Hosur Road,Majestic,119.0,45.0,Not Applicable,Not Applicable,No,Not Applicable,647,Cash,40,4.6,4.1
2024-07-10 21:53:00,CNR2959114950,Success,CID140184,Prime SUV,RT Nagar,Sahakar Nagar,42.0,80.0,Not Applicable,Not Applicable,No,Not Applicable,1720,Cash,16,4.4,3.1
2024-07-11 12:56:00,CNR5521196163,Success,CID142755,Mini,Ulsoor,Yeshwanthpur,42.0,105.0,Not Applicable,Not Applicable,No,Not Applicable,322,Cash,32,4.2,3.4
2024-07-18 08:02:00,CNR9487607450,Success,CID755059,Prime Plus,Bannerghatta Road,Bellandur,133.0,40.0,Not Applicable,Not Applicable,No,Not Applicable,236,UPI,48,4.4,4.8
2024-07-22 14:58:00,CNR8401501231,Success,CID181859,Auto,Varthur,Padmanabhanagar,245.0,100.0,Not Applicable,Not Applicable,No,Not Applicable,312,UPI,14,4.0,4.0
2024-07-24 10:05:00,CNR5102827917,Success,CID670338,Mini,Yeshwanthpur,BTM Layout,77.0,145.0,Not Applicable,Not Applicable,No,Not Applicable,749,Cash,22,5.0,3.3
2024-07-20 04:52:00,CNR5096875411,Success,CID416847,Prime SUV,Nagarbhavi,Majestic,91.0,80.0,Not Applicable,Not Applicable,No,Not Applicable,317,UPI,47,4.3,4.4
2024-07-07 12:02:00,CNR5032941820,Success,CID414474,Prime Plus,Kadugodi,Cox Town,224.0,140.0,Not Applicable,Not Applicable,No,Not Applicable,817,UPI,14,4.4,4.5
2024-07-23 08:51:00,CNR6168256476,Driver Not Found,CID823786,eBike,Yelahanka,Koramangala,,,Not Applicable,Not Applicable,Not Applicable,Not Applicable,1844,Not Applicable,0,,
2024-07-27 22:49:00,CNR8210447357,Success,CID118718,Prime Sedan,Sahakar Nagar,Nagarbhavi,294.0,75.0,Not Applicable,Not Applicable,No,Not Applicable,138,Cash,15,3.2,4.1
2024-07-03 06:34:00,CNR9151321421,Canceled by Driver,CID224983,Prime Plus,Kengeri,Peenya,,,Not Applicable,Personal & Car related issue,Not Applicable,Not Applicable,317,Not Applicable,0,,
2024-07-29 02:48:00,CNR1369706776,Success,CID147402,Prime SUV,Padmanabhanagar,Bannerghatta Road,63.0,85.0,Not Applicable,Not Applicable,No,Not Applicable,380,Cash,45,4.7,3.5
2024-07-20 03:33:00,CNR2680454983,Success,CID764648,Mini,Kengeri,Shantinagar,126.0,105.0,Not Applicable,Not Applicable,No,Not Applicable,291,UPI,27,4.4,3.1
2024-07-27 15:15:00,CNR6038162442,Success,CID431916,Bike,Chickpet,Malleshwaram,63.0,70.0,Not Applicable,Not Applicable,Yes,Vehicle Breakdown,322,Cash,11,3.6,4.4
2024-07-28 02:40:00,CNR9892352938,Canceled by Customer,CID304491,Auto,Basavanagudi,JP Nagar,,,Driver is not moving towards pickup location,Not Applicable,Not Applicable,Not Applicable,481,Not Applicable,0,,
2024-07-03 14:05:00,CNR2451121324,Success,CID274554,Prime Plus,Kammanahalli,Ramamurthy Nagar,112.0,50.0,Not Applicable,Not Applicable,No,Not Applicable,312,Cash,11,3.9,3.7
2024-07-23 07:59:00,CNR7114242598,Success,CID443798,Auto,Devanahalli,Majestic,42.0,95.0,Not Applicable,Not Applicable,Yes,Vehicle Breakdown,2940,UPI,1,4.1,4.1
2024-07-27 23:18:00,CNR9458321295,Success,CID531037,Prime Sedan,HSR Layout,Varthur,56.0,120.0,Not Applicable,Not Applicable,No,Not Applicable,167,Cash,31,4.7,3.1
2024-07-09 00:20:00,CNR8427714856,Success,CID378166,Prime SUV,Chamarajpet,Hulimavu,112.0,135.0,Not Applicable,Not Applicable,No,Not Applicable,301,UPI,7,4.1,3.7
2024-07-17 09:55:00,CNR8555280636,Success,CID306569,Prime SUV,Tumkur Road,Malleshwaram,63.0,120.0,Not Applicable,Not Applicable,Yes,Other Issue,638,UPI,17,4.7,3.3
2024-07-03 09:48:00,CNR7648649364,Success,CID157039,Prime Plus,Hulimavu,Electronic City,203.0,30.0,Not Applicable,Not Applicable,No,Not Applicable,238,UPI,7,3.1,4.1
2024-07-29 13:12:00,CNR8520270440,Canceled by Driver,CID390194,Auto,Chamarajpet,BTM Layout,,,Not Applicable,Customer was coughing/sick,Not Applicable,Not Applicable,413,Not Applicable,0,,
2024-07-29 10:51:00,CNR5139175437,Canceled by Driver,CID902742,Prime Sedan,Rajajinagar,Chamarajpet,,,Not Applicable,More than permitted people in there,Not Applicable,Not Applicable,613,Not Applicable,0,,
2024-07-21 15:39:00,CNR1849869714,Driver Not Found,CID885222,Prime SUV,Shantinagar,Hebbal,,,Not Applicable,Not Applicable,Not Applicable,Not Applicable,484,Not Applicable,0,,
2024-07-08 09:03:00,CNR6312241558,Canceled by Customer,CID964708,Prime Plus,Hebbal,JP Nagar,,,Change of plans,Not Applicable,Not Applicable,Not Applicable,391,Not Applicable,0,,
2024-07-12 22:37:00,CNR3530385301,Success,CID270654,Prime Plus,Hosur Road,Hulimavu,308.0,55.0,Not Applicable,Not Applicable,No,Not Applicable,453,UPI,2,3.7,4.2
2024-07-05 12:47:00,CNR4583561970,Driver Not Found,CID420772,Mini,Indiranagar,Bellandur,,,Not Applicable,Not Applicable,Not Applicable,Not Applicable,311,Not Applicable,0,,
2024-07-25 11:44:00,CNR8744136424,Success,CID187694,Prime Plus,Koramangala,Cox Town,259.0,40.0,Not Applicable,Not Applicable,No,Not Applicable,248,UPI,25,3.0,4.8
2024-07-13 12:56:00,CNR8719404019,Canceled by Driver,CID549690,Bike,Mysore Road,Indiranagar,,,Not Applicable,More than permitted people in there,Not Applicable,Not Applicable,331,Not Applicable,0,,
2024-07-04 06:26:00,CNR1782727723,Success,CID383410,Mini,Ramamurthy Nagar,Jayanagar,112.0,90.0,Not Applicable,Not Applicable,No,Not Applicable,255,Cash,12,4.1,3.8
2024-07-22 15:40:00,CNR7449020457,Success,CID708918,Bike,Padmanabhanagar,Bellandur,203.0,35.0,Not Applicable,Not Applicable,No,Not Applicable,607,UPI,6,4.8,3.7
2024-07-24 06:41:00,CNR5131264775,Canceled by Driver,CID533386,eBike,Ulsoor,Electronic City,,,Not Applicable,Personal & Car related issue,Not Applicable,Not Applicable,479,Not Applicable,0,,
2024-07-12 07:17:00,CNR3894281448,Success,CID929397,eBike,JP Nagar,Shivajinagar,196.0,105.0,Not Applicable,Not Applicable,Yes,Customer Demand,214,Cash,32,3.8,5.0
2024-07-26 01:02:00,CNR3850764486,Success,CID233701,Bike,Banashankari,Hosur Road,154.0,55.0,Not Applicable,Not Applicable,No,Not Applicable,482,Cash,46,4.1,3.1
2024-07-14 04:30:00,CNR5934023454,Success,CID409634,eBike,Hebbal,Majestic,182.0,95.0,Not Applicable,Not Applicable,No,Not Applicable,310,UPI,12,4.0,4.3
2024-07-23 16:54:00,CNR4999417500,Success,CID590766,Bike,Mysore Road,Hennur,77.0,50.0,Not Applicable,Not Applicable,No,Not Applicable,355,Cash,39,3.9,3.3
2024-07-06 23:06:00,CNR7400917553,Success,CID592094,eBike,Hulimavu,Chamarajpet,238.0,120.0,Not Applicable,Not Applicable,No,Not Applicable,193,Cash,46,4.0,4.6
2024-07-30 06:12:00,CNR8844490011,Driver Not Found,CID911147,Bike,Devanahalli,Hulimavu,,,Not Applicable,Not Applicable,Not Applicable,Not Applicable,465,Not Applicable,0,,
2024-07-22 15:28:00,CNR4852030083,Success,CID940261,Prime Sedan,KR Puram,Electronic City,280.0,35.0,Not Applicable,Not Applicable,No,Not Applicable,451,Cash,16,3.6,3.9
2024-07-06 20:40:00,CNR9768329333,Success,CID401735,Auto,Kadugodi,Nagarbhavi,217.0,145.0,Not Applicable,Not Applicable,No,Not Applicable,218,Cash,3,4.6,3.3
2024-07-16 01:03:00,CNR8325758045,Success,CID540962,Mini,Kadugodi,Shivajinagar,49.0,65.0,Not Applicable,Not Applicable,No,Not Applicable,959,UPI,19,3.6,4.1
2024-07-06 08:01:00,CNR7945519135,Success,CID102481,Prime Sedan,Sahakar Nagar,Tumkur Road,245.0,105.0,Not Applicable,Not Applicable,No,Not Applicable,141,UPI,17,4.4,4.0
2024-07-02 18:28:00,CNR6766836134,Success,CID147909,Auto,Langford Town,Whitefield,266.0,75.0,Not Applicable,Not Applicable,Yes,Vehicle Breakdown,1757,Cash,1,3.6,3.7
2024-07-04 23:14:00,CNR6152720217,Success,CID451084,Prime Plus,Shivajinagar,Sahakar Nagar,308.0,110.0,Not Applicable,Not Applicable,No,Not Applicable,451,UPI,4,4.1,3.8
2024-07-17 16:08:00,CNR8721412107,Success,CID355953,Prime Sedan,Langford Town,Yelahanka,182.0,25.0,Not Applicable,Not Applicable,No,Not Applicable,483,Cash,16,3.6,4.8
2024-07-08 17:37:00,CNR3248889811,Success,CID865849,Prime Plus,Kadugodi,Kammanahalli,231.0,85.0,Not Applicable,Not Applicable,No,Not Applicable,2522,Cash,15,4.2,4.2
2024-07-16 13:21:00,CNR7802431291,Success,CID319037,Auto,Malleshwaram,Langford Town,91.0,120.0,Not Applicable,Not Applicable,No,Not Applicable,304,UPI,6,3.1,3.4
2024-07-09 03:28:00,CNR8320756657,Success,CID633246,eBike,Kengeri,Kadugodi,140.0,145.0,Not Applicable,Not Applicable,No,Not Applicable,328,Cash,30,4.6,4.1
2024-07-24 09:29:00,CNR5049438274,Success,CID291472,Mini,Hosur Road,Kengeri,98.0,125.0,Not Applicable,Not Applicable,No,Not Applicable,636,UPI,29,3.2,3.1
2024-07-27 20:10:00,CNR9966305193,Success,CID263336,Auto,RT Nagar,BTM Layout,63.0,25.0,Not Applicable,Not Applicable,No,Not Applicable,181,Cash,2,3.5,3.9
2024-07-26 06:32:00,CNR9690061591,Success,CID574928,Prime SUV,Frazer Town,Yelahanka,196.0,110.0,Not Applicable,Not Applicable,No,Not Applicable,188,UPI,18,3.7,3.2
2024-07-06 23:32:00,CNR3018991857,Success,CID795433,Mini,Indiranagar,Mysore Road,294.0,95.0,Not Applicable,Not Applicable,No,Not Applicable,372,Cash,1,4.9,3.5
2024-07-03 11:04:00,CNR1181387063,Success,CID789468,Prime Sedan,Ramamurthy Nagar,Rajarajeshwari Nagar,119.0,120.0,Not Applicable,Not Applicable,No,Not Applicable,384,Cash,25,4.0,3.8
2024-07-15 10:58:00,CNR8760021264,Success,CID566465,Mini,Varthur,Jayanagar,119.0,135.0,Not Applicable,Not Applicable,No,Not Applicable,979,Cash,34,4.8,3.7
2024-07-23 07:29:00,CNR1093197234,Success,CID567150,Prime Plus,Nagarbhavi,Langford Town,308.0,145.0,Not Applicable,Not Applicable,No,Not Applicable,384,Credit Card,18,4.2,4.0
2024-07-28 01:01:00,CNR8903730326,Success,CID177598,Auto,Padmanabhanagar,Tumkur Road,84.0,110.0,Not Applicable,Not Applicable,No,Not Applicable,320,Cash,3,4.5,3.6
2024-07-28 23:13:00,CNR4357844211,Success,CID816989,Auto,Cox Town,Hulimavu,189.0,50.0,Not Applicable,Not Applicable,No,Not Applicable,303,Cash,8,3.4,4.3
2024-07-02 08:36:00,CNR7916013134,Canceled by Customer,CID116858,eBike,Whitefield,Marathahalli,,,Driver is not moving towards pickup location,Not Applicable,Not Applicable,Not Applicable,761,Not Applicable,0,,
2024-07-25 01:36:00,CNR3072034311,Success,CID353227,Prime Plus,Chamarajpet,Hulimavu,119.0,140.0,Not Applicable,Not Applicable,No,Not Applicable,403,Cash,17,4.9,4.8
2024-07-09 19:10:00,CNR1016951098,Driver Not Found,CID105049,Prime Sedan,Chamarajpet,Sahakar Nagar,,,Not Applicable,Not Applicable,Not Applicable,Not Applicable,438,Not Applicable,0,,
2024-07-03 14:14:00,CNR1827125407,Success,CID818457,Auto,Yeshwanthpur,Sarjapur Road,294.0,140.0,Not Applicable,Not Applicable,Yes,Customer Demand,1045,UPI,1,3.2,3.1
2024-07-13 03:15:00,CNR2671583822,Success,CID469553,Auto,Sahakar Nagar,Cox Town,63.0,90.0,Not Applicable,Not Applicable,No,Not Applicable,255,UPI,8,3.8,4.4
2024-07-10 00:38:00,CNR5799797074,Success,CID470924,Prime Sedan,Kadugodi,Hebbal,119.0,120.0,Not Applicable,Not Applicable,No,Not Applicable,2713,Cash,45,3.9,4.5
2024-07-03 18:51:00,CNR2535922548,Canceled by Driver,CID948367,Prime Sedan,Hennur,BTM Layout,,,Not Applicable,Customer related issue,Not Applicable,Not Applicable,173,Not Applicable,0,,
2024-07-28 22:56:00,CNR5065275360,Success,CID789279,eBike,Peenya,Indiranagar,147.0,40.0,Not Applicable,Not Applicable,No,Not Applicable,908,Cash,5,4.2,4.1
2024-07-14 13:23:00,CNR6302025568,Success,CID139039,Auto,Jayanagar,Shivajinagar,238.0,140.0,Not Applicable,Not Applicable,No,Not Applicable,220,Credit Card,7,4.8,4.5
2024-07-25 05:17:00,CNR8312748391,Canceled by Customer,CID161091,Prime Plus,Langford Town,Rajajinagar,,,Driver is not moving towards pickup location,Not Applicable,Not Applicable,Not Applicable,596,Not Applicable,0,,
2024-07-03 12:14:00,CNR7114083856,Success,CID582391,eBike,Bannerghatta Road,Bannerghatta Road,189.0,140.0,Not Applicable,Not Applicable,No,Not Applicable,118,UPI,49,3.0,3.1
2024-07-01 21:54:00,CNR2939593608,Success,CID237967,Prime SUV,Cox Town,RT Nagar,70.0,30.0,Not Applicable,Not Applicable,No,Not Applicable,255,Cash,26,4.1,4.7
2024-07-27 12:32:00,CNR3642383085,Success,CID593493,Auto,Frazer Town,Padmanabhanagar,154.0,35.0,Not Applicable,Not Applicable,No,Not Applicable,671,UPI,9,4.3,3.3
2024-07-27 01:32:00,CNR2122777371,Success,CID597810,eBike,Basavanagudi,Langford Town,266.0,65.0,Not Applicable,Not Applicable,No,Not Applicable,230,Cash,21,4.5,4.1
2024-07-28 15:34:00,CNR4013515478,Success,CID414527,Prime SUV,Koramangala,Majestic,266.0,145.0,Not Applicable,Not Applicable,No,Not Applicable,821,UPI,32,4.3,3.0
2024-07-03 11:30:00,CNR9379252937,Success,CID300566,Mini,Kammanahalli,Kammanahalli,161.0,145.0,Not Applicable,Not Applicable,No,Not Applicable,163,Cash,35,3.1,4.1
2024-07-24 05:29:00,CNR7177444065,Success,CID918330,Auto,Varthur,Tumkur Road,231.0,90.0,Not Applicable,Not Applicable,No,Not Applicable,272,Cash,5,4.3,3.1
2024-07-22 20:56:00,CNR8052803146,Success,CID860750,Prime Sedan,Kammanahalli,Hebbal,266.0,135.0,Not Applicable,Not Applicable,No,Not Applicable,184,UPI,22,3.1,3.2
2024-07-14 17:53:00,CNR3784110150,Success,CID550057,Bike,Sarjapur Road,Koramangala,84.0,50.0,Not Applicable,Not Applicable,No,Not Applicable,1414,Cash,14,4.3,4.0
2024-07-18 09:06:00,CNR6229430456,Success,CID979422,eBike,Shivajinagar,Chamarajpet,217.0,40.0,Not Applicable,Not Applicable,No,Not Applicable,357,Cash,21,3.3,3.2
2024-07-13 11:54:00,CNR8819675192,Success,CID439086,Auto,Kengeri,Nagarbhavi,252.0,60.0,Not Applicable,Not Applicable,No,Not Applicable,1368,UPI,17,3.5,3.9
2024-07-04 04:35:00,CNR3354813610,Success,CID106810,Prime Plus,Mysore Road,Sahakar Nagar,245.0,75.0,Not Applicable,Not Applicable,No,Not Applicable,158,UPI,11,3.6,3.6
2024-07-19 23:04:00,CNR6886336390,Success,CID445455,eBike,BTM Layout,Vijayanagar,84.0,25.0,Not Applicable,Not Applicable,No,Not Applicable,689,UPI,7,4.7,4.9
2024-07-02 18:07:00,CNR5122539485,Success,CID592457,Auto,Rajarajeshwari Nagar,Bannerghatta Road,210.0,140.0,Not Applicable,Not Applicable,No,Not Applicable,2028,Cash,2,3.5,4.0
2024-07-29 10:10:00,CNR2922955180,Driver Not Found,CID467268,eBike,Magadi Road,Ulsoor,,,Not Applicable,Not Applicable,Not Applicable,Not Applicable,1922,Not Applicable,0,,
2024-07-02 05:05:00,CNR9416266038,Success,CID119708,Auto,BTM Layout,Tumkur Road,147.0,70.0,Not Applicable,Not Applicable,No,Not Applicable,454,UPI,3,3.9,3.3
2024-07-10 02:01:00,CNR6250586972,Success,CID344414,Bike,Richmond Town,Sarjapur Road,119.0,135.0,Not Applicable,Not Applicable,No,Not Applicable,187,Cash,24,3.9,3.2
2024-07-24 04:11:00,CNR6221763889,Success,CID500253,Prime Sedan,MG Road,Hennur,210.0,65.0,Not Applicable,Not Applicable,No,Not Applicable,130,Cash,31,4.6,4.5
2024-07-27 02:46:00,CNR7198062431,Success,CID988868,Bike,BTM Layout,Devanahalli,77.0,55.0,Not Applicable,Not Applicable,No,Not Applicable,384,UPI,20,4.0,4.4
2024-07-18 10:07:00,CNR8871455007,Canceled by Driver,CID901609,Prime Plus,Ramamurthy Nagar,RT Nagar,,,Not Applicable,Customer related issue,Not Applicable,Not Applicable,935,Not Applicable,0,,
2024-07-20 20:25:00,CNR8224343592,Canceled by Driver,CID123886,Prime Sedan,Hosur Road,Indiranagar,,,Not Applicable,Personal & Car related issue,Not Applicable,Not Applicable,470,Not Applicable,0,,
2024-07-13 09:02:00,CNR5335702685,Success,CID500189,Bike,Kammanahalli,Kammanahalli,70.0,30.0,Not Applicable,Not Applicable,No,Not Applicable,400,UPI,5,4.0,3.3
2024-07-25 09:02:00,CNR9322944083,Success,CID197202,Auto,Bannerghatta Road,Ramamurthy Nagar,91.0,100.0,Not Applicable,Not Applicable,No,Not Applicable,118,UPI,4,3.5,3.6
2024-07-18 04:25:00,CNR4813913795,Success,CID416877,Bike,Jayanagar,Hebbal,119.0,130.0,Not Applicable,Not Applicable,No,Not Applicable,450,Cash,9,4.1,3.3
2024-07-14 22:02:00,CNR5423960373,Success,CID789931,Mini,Devanahalli,Sahakar Nagar,245.0,115.0,Not Applicable,Not Applicable,No,Not Applicable,127,Cash,11,3.7,4.8
2024-07-10 21:51:00,CNR5376561583,Canceled by Driver,CID633870,Auto,Majestic,Rajajinagar,,,Not Applicable,Personal & Car related issue,Not Applicable,Not Applicable,438,Not Applicable,0,,
2024-07-29 04:20:00,CNR3546363312,Success,CID700992,Bike,Sahakar Nagar,KR Puram,301.0,25.0,Not Applicable,Not Applicable,Yes,Customer Demand,442,UPI,49,4.3,4.4
2024-07-01 04:02:00,CNR2042190337,Success,CID622625,eBike,Malleshwaram,Majestic,140.0,140.0,Not Applicable,Not Applicable,No,Not Applicable,185,UPI,44,3.8,4.7
2024-07-01 04:11:00,CNR3139891472,Success,CID704141,eBike,Kammanahalli,Kadugodi,175.0,30.0,Not Applicable,Not Applicable,No,Not Applicable,177,Cash,41,5.0,4.2
2024-07-07 16:46:00,CNR8862730104,Success,CID717461,Prime Plus,Shantinagar,Richmond Town,238.0,135.0,Not Applicable,Not Applicable,No,Not Applicable,568,Cash,27,3.6,4.5
2024-07-28 02:08:00,CNR3337443766,Canceled by Driver,CID387846,eBike,Bellandur,Rajajinagar,,,Not Applicable,More than permitted people in there,Not Applicable,Not Applicable,775,Not Applicable,0,,
2024-07-14 09:39:00,CNR4528793133,Success,CID522948,Prime Plus,Basavanagudi,MG Road,252.0,55.0,Not Applicable,Not Applicable,No,Not Applicable,771,UPI,30,3.9,3.6
2024-07-05 09:24:00,CNR9265192280,Success,CID933915,eBike,Malleshwaram,Padmanabhanagar,84.0,145.0,Not Applicable,Not Applicable,No,Not Applicable,741,UPI,28,3.8,4.0
2024-07-08 10:51:00,CNR4085415735,Success,CID376290,Prime Sedan,Malleshwaram,Cox Town,280.0,130.0,Not Applicable,Not Applicable,No,Not Applicable,449,Cash,35,3.0,3.8
2024-07-23 18:26:00,CNR4845475467,Success,CID751359,Prime Plus,BTM Layout,Electronic City,35.0,30.0,Not Applicable,Not Applicable,No,Not Applicable,180,UPI,40,4.0,3.6
2024-07-25 05:45:00,CNR1542618560,Canceled by Driver,CID538532,Bike,Rajarajeshwari Nagar,Padmanabhanagar,,,Not Applicable,Personal & Car related issue,Not Applicable,Not Applicable,377,Not Applicable,0,,
2024-07-07 02:34:00,CNR9884301080,Success,CID765130,Auto,Magadi Road,JP Nagar,245.0,65.0,Not Applicable,Not Applicable,Yes,Vehicle Breakdown,355,Cash,16,3.5,3.9
2024-07-15 07:14:00,CNR7906214758,Driver Not Found,CID925527,Prime Sedan,Kammanahalli,Kadugodi,,,Not Applicable,Not Applicable,Not Applicable,Not Applicable,285,Not Applicable,0,,
2024-07-06 09:58:00,CNR3944450522,Canceled by Driver,CID367744,Prime Sedan,Basavanagudi,Mysore Road,,,Not Applicable,Customer related issue,Not Applicable,Not Applicable,379,Not Applicable,0,,
2024-07-14 10:57:00,CNR5906765756,Canceled by Driver,CID485507,Mini,Padmanabhanagar,RT Nagar,,,Not Applicable,Personal & Car related issue,Not Applicable,Not Applicable,311,Not Applicable,0,,
2024-07-20 16:46:00,CNR7554466669,Success,CID618228,Auto,Banashankari,Nagarbhavi,266.0,75.0,Not Applicable,Not Applicable,No,Not Applicable,333,Cash,9,3.7,4.6
2024-07-02 20:51:00,CNR6452358409,Canceled by Driver,CID569934,Auto,RT Nagar,Electronic City,,,Not Applicable,Customer related issue,Not Applicable,Not Applicable,2663,Not Applicable,0,,
2024-07-09 15:43:00,CNR2670829239,Canceled by Driver,CID523962,Prime Plus,Hennur,Majestic,,,Not Applicable,Customer related issue,Not Applicable,Not Applicable,567,Not Applicable,0,,
2024-07-17 12:07:00,CNR8081525620,Success,CID834505,Prime Sedan,Varthur,Frazer Town,91.0,25.0,Not Applicable,Not Applicable,No,Not Applicable,483,Cash,45,4.5,5.0
2024-07-05 13:21:00,CNR2711201366,Success,CID737779,Mini,Frazer Town,Ramamurthy Nagar,245.0,40.0,Not Applicable,Not Applicable,No,Not Applicable,445,Cash,7,4.4,4.1
2024-07-26 20:34:00,CNR5418012465,Success,CID245400,eBike,Peenya,Malleshwaram,70.0,60.0,Not Applicable,Not Applicable,No,Not Applicable,378,UPI,23,4.3,4.7
2024-07-30 09:58:00,CNR6840459389,Success,CID800376,Prime SUV,Mysore Road,Kadugodi,210.0,80.0,Not Applicable,Not Applicable,No,Not Applicable,225,UPI,41,4.8,3.4
2024-07-04 19:38:00,CNR7131093024,Canceled by Driver,CID984612,Auto,Shantinagar,Bannerghatta Road,,,Not Applicable,Customer related issue,Not Applicable,Not Applicable,424,Not Applicable,0,,
2024-07-29 16:18:00,CNR8135147307,Canceled by Driver,CID123785,eBike,Whitefield,Hebbal,,,Not Applicable,Personal & Car related issue,Not Applicable,Not Applicable,305,Not Applicable,0,,
2024-07-27 02:03:00,CNR9679015991,Success,CID166974,Bike,BTM Layout,Rajajinagar,266.0,70.0,Not Applicable,Not Applicable,No,Not Applicable,346,UPI,17,3.1,3.1
2024-07-09 21:42:00,CNR8445135417,Success,CID601849,Prime SUV,Marathahalli,JP Nagar,70.0,145.0,Not Applicable,Not Applicable,No,Not Applicable,102,UPI,22,4.8,3.1
2024-07-28 16:44:00,CNR9019435216,Success,CID553906,eBike,JP Nagar,RT Nagar,287.0,130.0,Not Applicable,Not Applicable,No,Not Applicable,486,Cash,41,3.1,4.8
2024-07-09 19:04:00,CNR7809918920,Canceled by Driver,CID561493,Prime SUV,Shivajinagar,Frazer Town,,,Not Applicable,Personal & Car related issue,Not Applicable,Not Applicable,876,Not Applicable,0,,
2024-07-30 06:52:00,CNR7506086427,Success,CID368248,Prime SUV,Rajajinagar,Hebbal,77.0,35.0,Not Applicable,Not Applicable,No,Not Applicable,346,Cash,41,4.5,3.7
2024-07-23 10:23:00,CNR4970909391,Driver Not Found,CID445588,Prime SUV,Malleshwaram,Banashankari,,,Not Applicable,Not Applicable,Not Applicable,Not Applicable,647,Not Applicable,0,,
2024-07-30 19:58:00,CNR9472691880,Canceled by Customer,CID656859,Prime Plus,Padmanabhanagar,Jayanagar,,,Change of plans,Not Applicable,Not Applicable,Not Applicable,222,Not Applicable,0,,
2024-07-27 04:42:00,CNR4633922275,Canceled by Driver,CID630904,Prime Sedan,Hulimavu,JP Nagar,,,Not Applicable,Customer related issue,Not Applicable,Not Applicable,638,Not Applicable,0,,
2024-07-12 12:28:00,CNR3850613238,Success,CID347872,Mini,Tumkur Road,Whitefield,49.0,105.0,Not Applicable,Not Applicable,No,Not Applicable,170,Cash,2,4.5,3.9
2024-07-08 22:36:00,CNR5262378216,Success,CID190050,Bike,Peenya,Electronic City,301.0,145.0,Not Applicable,Not Applicable,No,Not Applicable,888,Cash,9,4.1,3.1
2024-07-30 03:39:00,CNR6060018715,Success,CID793943,Prime Plus,Jayanagar,Hebbal,70.0,130.0,Not Applicable,Not Applicable,No,Not Applicable,2780,Cash,45,4.6,3.4
2024-07-06 12:51:00,CNR3660478663,Success,CID661110,Prime Plus,Jayanagar,BTM Layout,56.0,95.0,Not Applicable,Not Applicable,No,Not Applicable,491,Cash,30,4.1,4.5
2024-07-05 05:59:00,CNR9426702240,Success,CID317512,Mini,Hulimavu,Tumkur Road,91.0,115.0,Not Applicable,Not Applicable,No,Not Applicable,679,UPI,37,3.5,3.4
2024-07-25 11:43:00,CNR4999007115,Canceled by Customer,CID783796,eBike,RT Nagar,Basavanagudi,,,Wrong Address,Not Applicable,Not Applicable,Not Applicable,161,Not Applicable,0,,
2024-07-13 15:03:00,CNR4754473064,Success,CID308174,Mini,Peenya,Peenya,98.0,35.0,Not Applicable,Not Applicable,No,Not Applicable,807,UPI,11,3.9,3.3
2024-07-28 23:09:00,CNR8559098332,Canceled by Customer,CID104632,eBike,Devanahalli,Koramangala,,,Driver asked to cancel,Not Applicable,Not Applicable,Not Applicable,225,Not Applicable,0,,
2024-07-26 01:37:00,CNR1371053942,Success,CID280507,Prime Sedan,Rajarajeshwari Nagar,Hosur Road,217.0,130.0,Not Applicable,Not Applicable,No,Not Applicable,424,Cash,32,4.7,3.5
2024-07-18 09:53:00,CNR8067953737,Success,CID312379,Prime SUV,MG Road,Basavanagudi,126.0,130.0,Not Applicable,Not Applicable,No,Not Applicable,340,Cash,5,3.9,4.6
2024-07-22 22:55:00,CNR8732877674,Success,CID137317,Bike,Frazer Town,Yeshwanthpur,70.0,125.0,Not Applicable,Not Applicable,No,Not Applicable,816,UPI,30,4.3,3.1
2024-07-17 13:56:00,CNR4150669731,Success,CID597891,eBike,Whitefield,Bellandur,119.0,75.0,Not Applicable,Not Applicable,No,Not Applicable,394,Credit Card,15,4.6,3.7
2024-07-03 08:13:00,CNR7355705817,Driver Not Found,CID357489,Prime Sedan,Shantinagar,Hennur,,,Not Applicable,Not Applicable,Not Applicable,Not Applicable,107,Not Applicable,0,,
2024-07-22 02:45:00,CNR7551766085,Success,CID297373,Prime Plus,Rajarajeshwari Nagar,Vijayanagar,63.0,95.0,Not Applicable,Not Applicable,No,Not Applicable,314,Cash,48,4.2,3.7
2024-07-28 02:04:00,CNR3957070261,Success,CID813491,Prime SUV,Hennur,Langford Town,119.0,70.0,Not Applicable,Not Applicable,No,Not Applicable,539,UPI,1,3.9,4.8
2024-07-15 17:39:00,CNR4524341429,Canceled by Driver,CID904767,Auto,Hosur Road,JP Nagar,,,Not Applicable,Personal & Car related issue,Not Applicable,Not Applicable,517,Not Applicable,0,,
2024-07-11 09:40:00,CNR5202938467,Success,CID146705,Prime SUV,Rajarajeshwari Nagar,KR Puram,42.0,70.0,Not Applicable,Not Applicable,No,Not Applicable,269,Cash,12,3.7,3.2
2024-07-21 17:52:00,CNR8657354524,Canceled by Customer,CID432884,Bike,Richmond Town,Basavanagudi,,,Wrong Address,Not Applicable,Not Applicable,Not Applicable,1165,Not Applicable,0,,
2024-07-20 00:12:00,CNR7175399716,Success,CID874437,Bike,Hebbal,Rajajinagar,217.0,135.0,Not Applicable,Not Applicable,No,Not Applicable,215,Cash,43,4.8,4.8
2024-07-19 18:37:00,CNR2351291782,Success,CID929283,Prime Sedan,Whitefield,KR Puram,168.0,60.0,Not Applicable,Not Applicable,No,Not Applicable,315,Cash,21,3.8,4.4
2024-07-25 07:03:00,CNR4035677546,Success,CID587487,Prime SUV,Hennur,Peenya,84.0,105.0,Not Applicable,Not Applicable,No,Not Applicable,203,Cash,4,3.8,3.6
2024-07-26 15:14:00,CNR2234144506,Canceled by Customer,CID711730,Prime SUV,Kammanahalli,MG Road,,,Driver is not moving towards pickup location,Not Applicable,Not Applicable,Not Applicable,345,Not Applicable,0,,
2024-07-29 05:21:00,CNR7931784701,Success,CID840249,Mini,Sahakar Nagar,Hennur,245.0,35.0,Not Applicable,Not Applicable,No,Not Applicable,185,UPI,14,4.9,4.5
2024-07-16 08:05:00,CNR2998994924,Success,CID710916,Prime Plus,Ramamurthy Nagar,Electronic City,231.0,85.0,Not Applicable,Not Applicable,Yes,Customer Demand,833,UPI,32,4.2,3.3
2024-07-19 06:54:00,CNR9381294823,Success,CID172463,Prime Sedan,Yelahanka,Hosur Road,105.0,95.0,Not Applicable,Not Applicable,No,Not Applicable,234,UPI,10,4.9,4.0
2024-07-11 10:11:00,CNR6325807093,Success,CID626089,Auto,HSR Layout,Varthur,245.0,95.0,Not Applicable,Not Applicable,No,Not Applicable,2219,Cash,10,3.1,4.9
2024-07-28 11:18:00,CNR2170030850,Success,CID961938,Bike,Rajajinagar,Banashankari,301.0,25.0,Not Applicable,Not Applicable,No,Not Applicable,1419,Cash,29,4.0,4.7
2024-07-07 00:21:00,CNR5272327465,Success,CID716223,Prime SUV,Hennur,JP Nagar,147.0,125.0,Not Applicable,Not Applicable,Yes,Vehicle Breakdown,492,Cash,39,4.6,3.7
2024-07-14 07:28:00,CNR9326460628,Success,CID382361,eBike,Magadi Road,Rajarajeshwari Nagar,77.0,140.0,Not Applicable,Not Applicable,No,Not Applicable,232,UPI,3,4.0,4.1
2024-07-07 22:55:00,CNR6263060702,Canceled by Driver,CID148257,Auto,Koramangala,Sahakar Nagar,,,Not Applicable,More than permitted people in there,Not Applicable,Not Applicable,470,Not Applicable,0,,
2024-07-22 08:56:00,CNR3903969280,Canceled by Driver,CID566534,Mini,Whitefield,BTM Layout,,,Not Applicable,Personal & Car related issue,Not Applicable,Not Applicable,766,Not Applicable,0,,
2024-07-11 04:40:00,CNR3535434835,Canceled by Driver,CID587650,eBike,KR Puram,Tumkur Road,,,Not Applicable,Personal & Car related issue,Not Applicable,Not Applicable,177,Not Applicable,0,,
2024-07-24 01:25:00,CNR9100673937,Driver Not Found,CID870702,Prime SUV,Jayanagar,Chamarajpet,,,Not Applicable,Not Applicable,Not Applicable,Not Applicable,145,Not Applicable,0,,
2024-07-02 11:17:00,CNR6816098979,Canceled by Customer,CID445106,Mini,Jayanagar,Marathahalli,,,Driver is not moving towards pickup location,Not Applicable,Not Applicable,Not Applicable,353,Not Applicable,0,,
2024-07-07 09:14:00,CNR7691174933,Success,CID336948,Auto,Yeshwanthpur,Kammanahalli,105.0,85.0,Not Applicable,Not Applicable,No,Not Applicable,146,Cash,1,3.2,3.9
2024-07-16 18:35:00,CNR5876271952,Success,CID802879,Mini,Hulimavu,Hulimavu,203.0,95.0,Not Applicable,Not Applicable,No,Not Applicable,221,UPI,14,4.9,4.6
2024-07-14 14:15:00,CNR3037189488,Success,CID121700,Bike,Shantinagar,Marathahalli,49.0,80.0,Not Applicable,Not Applicable,No,Not Applicable,352,Cash,3,4.5,3.2
2024-07-28 09:20:00,CNR8968489245,Success,CID543583,Mini,Magadi Road,MG Road,245.0,30.0,Not Applicable,Not Applicable,Yes,Customer Demand,1583,UPI,31,4.3,4.7
2024-07-30 15:51:00,CNR2599021373,Success,CID245929,Prime Plus,Hulimavu,MG Road,175.0,70.0,Not Applicable,Not Applicable,No,Not Applicable,2475,UPI,25,4.9,3.2
2024-07-07 04:51:00,CNR4112575710,Success,CID959236,Prime SUV,Mysore Road,Yeshwanthpur,70.0,110.0,Not Applicable,Not Applicable,No,Not Applicable,669,UPI,30,4.8,4.6
2024-07-28 07:33:00,CNR3977317643,Success,CID804814,eBike,Electronic City,Rajarajeshwari Nagar,168.0,25.0,Not Applicable,Not Applicable,No,Not Applicable,282,UPI,43,3.8,4.2
2024-07-22 05:14:00,CNR9589962344,Success,CID140994,eBike,Chickpet,Mysore Road,308.0,90.0,Not Applicable,Not Applicable,No,Not Applicable,353,Cash,37,3.1,4.5
2024-07-02 07:19:00,CNR1823416332,Success,CID315229,Prime Plus,Hennur,Jayanagar,84.0,100.0,Not Applicable,Not Applicable,No,Not Applicable,549,UPI,25,4.5,3.2
2024-07-16 21:59:00,CNR3204898009,Canceled by Driver,CID613187,eBike,Malleshwaram,Indiranagar,,,Not Applicable,Customer was coughing/sick,Not Applicable,Not Applicable,279,Not Applicable,0,,
2024-07-03 14:33:00,CNR6291018112,Canceled by Customer,CID503635,Auto,MG Road,Sarjapur Road,,,Driver is not moving towards pickup location,Not Applicable,Not Applicable,Not Applicable,964,Not Applicable,0,,
2024-07-22 10:14:00,CNR3600959220,Success,CID435771,Prime Sedan,Kammanahalli,Yelahanka,84.0,70.0,Not Applicable,Not Applicable,No,Not Applicable,338,UPI,39,4.8,3.5
2024-07-09 15:12:00,CNR7133515081,Driver Not Found,CID391378,Mini,KR Puram,Shantinagar,,,Not Applicable,Not Applicable,Not Applicable,Not Applicable,618,Not Applicable,0,,
2024-07-30 08:57:00,CNR1132380105,Success,CID939621,Mini,Bannerghatta Road,Kadugodi,287.0,140.0,Not Applicable,Not Applicable,Yes,Customer Demand,995,UPI,36,3.2,3.1
2024-07-25 19:05:00,CNR8551075022,Success,CID119450,Mini,Banashankari,Devanahalli,63.0,50.0,Not Applicable,Not Applicable,No,Not Applicable,493,UPI,36,4.4,4.7
2024-07-18 14:42:00,CNR6890391328,Canceled by Driver,CID408291,Auto,Hebbal,JP Nagar,,,Not Applicable,Customer related issue,Not Applicable,Not Applicable,244,Not Applicable,0,,
2024-07-04 23:36:00,CNR5657773706,Canceled by Driver,CID774423,Bike,Rajajinagar,Koramangala,,,Not Applicable,Customer was coughing/sick,Not Applicable,Not Applicable,367,Not Applicable,0,,
2024-07-02 09:09:00,CNR4078545207,Success,CID319102,Mini,Whitefield,Richmond Town,189.0,105.0,Not Applicable,Not Applicable,No,Not Applicable,1283,Cash,42,3.4,4.1
2024-07-24 18:55:00,CNR8912400726,Success,CID681109,Prime SUV,Vijayanagar,Banashankari,259.0,90.0,Not Applicable,Not Applicable,No,Not Applicable,679,UPI,48,3.5,3.7
2024-07-22 06:19:00,CNR8149519363,Success,CID522579,Prime Plus,Banashankari,Ulsoor,301.0,95.0,Not Applicable,Not Applicable,No,Not Applicable,177,Credit Card,4,4.6,4.2
2024-07-23 10:50:00,CNR4648574706,Canceled by Driver,CID997069,Prime Plus,Indiranagar,Chickpet,,,Not Applicable,Personal & Car related issue,Not Applicable,Not Applicable,976,Not Applicable,0,,
2024-07-26 18:02:00,CNR6900979239,Success,CID762466,Prime SUV,Chickpet,Hulimavu,91.0,55.0,Not Applicable,Not Applicable,Yes,Other Issue,348,Cash,36,3.2,4.1
2024-07-26 12:30:00,CNR2425582495,Driver Not Found,CID982532,Prime SUV,Cox Town,Shantinagar,,,Not Applicable,Not Applicable,Not Applicable,Not Applicable,481,Not Applicable,0,,
2024-07-28 20:21:00,CNR7669648907,Success,CID497420,Prime Sedan,JP Nagar,Frazer Town,210.0,90.0,Not Applicable,Not Applicable,No,Not Applicable,143,Cash,46,4.6,3.1
2024-07-12 08:52:00,CNR2455921727,Success,CID559625,Mini,Hebbal,Chamarajpet,133.0,75.0,Not Applicable,Not Applicable,No,Not Applicable,254,UPI,22,3.1,3.6
2024-07-26 09:43:00,CNR9057695165,Driver Not Found,CID464504,Prime SUV,Hennur,Cox Town,,,Not Applicable,Not Applicable,Not Applicable,Not Applicable,354,Not Applicable,0,,
2024-07-13 14:37:00,CNR5620237805,Canceled by Driver,CID219220,Bike,BTM Layout,Yeshwanthpur,,,Not Applicable,Personal & Car related issue,Not Applicable,Not Applicable,240,Not Applicable,0,,
2024-07-11 07:40:00,CNR7542082483,Success,CID108595,Prime SUV,Ramamurthy Nagar,MG Road,203.0,125.0,Not Applicable,Not Applicable,No,Not Applicable,394,Cash,35,4.6,3.3
2024-07-23 18:52:00,CNR5552373389,Success,CID429332,Prime Sedan,Yelahanka,JP Nagar,203.0,110.0,Not Applicable,Not Applicable,No,Not Applicable,338,Cash,25,3.1,4.1
2024-07-07 11:28:00,CNR9947194470,Success,CID779341,Prime Plus,Mysore Road,Whitefield,84.0,95.0,Not Applicable,Not Applicable,No,Not Applicable,773,UPI,13,4.5,4.2
2024-07-16 18:40:00,CNR7372044147,Success,CID948272,eBike,Marathahalli,Hulimavu,126.0,90.0,Not Applicable,Not Applicable,No,Not Applicable,158,UPI,20,4.2,4.0
2024-07-09 12:09:00,CNR9402602706,Success,CID360667,Prime Sedan,Kadugodi,Malleshwaram,161.0,45.0,Not Applicable,Not Applicable,No,Not Applicable,486,Cash,46,3.3,3.2
2024-07-19 00:18:00,CNR2126933088,Canceled by Driver,CID972389,Prime Plus,Ramamurthy Nagar,Hosur Road,,,Not Applicable,More than permitted people in there,Not Applicable,Not Applicable,750,Not Applicable,0,,
2024-07-12 11:15:00,CNR4224687819,Success,CID570167,Bike,Jayanagar,Bannerghatta Road,49.0,145.0,Not Applicable,Not Applicable,Yes,Other Issue,357,Debit Card,8,5.0,4.6
2024-07-27 10:24:00,CNR8117781124,Success,CID777582,eBike,Hennur,Hebbal,273.0,105.0,Not Applicable,Not Applicable,No,Not Applicable,388,UPI,14,4.1,3.5
2024-07-30 02:13:00,CNR3552877887,Success,CID474129,Bike,Tumkur Road,HSR Layout,182.0,65.0,Not Applicable,Not Applicable,No,Not Applicable,195,Credit Card,16,4.8,3.7
2024-07-16 06:31:00,CNR7074158091,Success,CID252644,Bike,HSR Layout,Chickpet,196.0,125.0,Not Applicable,Not Applicable,Yes,Customer Demand,355,UPI,40,4.2,3.9
2024-07-27 04:17:00,CNR7747992352,Driver Not Found,CID841191,Prime Sedan,Majestic,Koramangala,,,Not Applicable,Not Applicable,Not Applicable,Not Applicable,327,Not Applicable,0,,
2024-07-19 01:42:00,CNR5458503905,Canceled by Driver,CID611800,Prime Plus,Nagarbhavi,Chickpet,,,Not Applicable,Personal & Car related issue,Not Applicable,Not Applicable,419,Not Applicable,0,,
2024-07-16 12:46:00,CNR7900988859,Success,CID951761,Prime Plus,Richmond Town,Varthur,287.0,55.0,Not Applicable,Not Applicable,No,Not Applicable,2844,UPI,35,4.7,4.9
2024-07-02 07:09:00,CNR3695287335,Driver Not Found,CID853719,Prime SUV,BTM Layout,Richmond Town,,,Not Applicable,Not Applicable,Not Applicable,Not Applicable,332,Not Applicable,0,,
2024-07-25 07:37:00,CNR7423804003,Driver Not Found,CID853716,Auto,Mysore Road,MG Road,,,Not Applicable,Not Applicable,Not Applicable,Not Applicable,665,Not Applicable,0,,
2024-07-26 12:15:00,CNR1150944088,Canceled by Driver,CID634108,Auto,Banashankari,Rajajinagar,,,Not Applicable,More than permitted people in there,Not Applicable,Not Applicable,293,Not Applicable,0,,
2024-07-15 08:18:00,CNR3518529775,Canceled by Driver,CID776805,eBike,Mysore Road,Shivajinagar,,,Not Applicable,More than permitted people in there,Not Applicable,Not Applicable,438,Not Applicable,0,,
2024-07-18 02:09:00,CNR4350935646,Driver Not Found,CID272201,eBike,Langford Town,BTM Layout,,,Not Applicable,Not Applicable,Not Applicable,Not Applicable,292,Not Applicable,0,,
2024-07-28 02:02:00,CNR5745750447,Success,CID158936,Mini,Tumkur Road,Magadi Road,217.0,35.0,Not Applicable,Not Applicable,No,Not Applicable,333,UPI,18,4.1,3.2
2024-07-04 05:06:00,CNR1097567551,Success,CID315730,Bike,Whitefield,Hosur Road,231.0,30.0,Not Applicable,Not Applicable,No,Not Applicable,227,Cash,27,3.4,4.8
2024-07-24 15:47:00,CNR7032493243,Success,CID670697,Auto,Hennur,Hennur,287.0,110.0,Not Applicable,Not Applicable,Yes,Customer Demand,213,UPI,17,5.0,3.3
2024-07-25 02:35:00,CNR2370550800,Canceled by Customer,CID213941,Mini,Devanahalli,Hennur,,,Driver asked to cancel,Not Applicable,Not Applicable,Not Applicable,342,Not Applicable,0,,
2024-07-22 23:42:00,CNR8147309315,Canceled by Customer,CID268975,Mini,Banashankari,Hennur,,,Driver is not moving towards pickup location,Not Applicable,Not Applicable,Not Applicable,317,Not Applicable,0,,
2024-07-29 14:43:00,CNR1791475203,Success,CID233053,Prime Plus,Ramamurthy Nagar,Koramangala,154.0,70.0,Not Applicable,Not Applicable,Yes,Vehicle Breakdown,592,Cash,42,3.4,4.6
2024-07-28 14:29:00,CNR8426385750,Success,CID730140,Mini,Whitefield,Kengeri,63.0,75.0,Not Applicable,Not Applicable,No,Not Applicable,100,UPI,46,3.8,3.3
2024-07-08 05:40:00,CNR9514828015,Success,CID297623,Prime SUV,Langford Town,Sarjapur Road,210.0,50.0,Not Applicable,Not Applicable,Yes,Vehicle Breakdown,379,Cash,19,3.1,5.0
2024-07-06 21:56:00,CNR6516903928,Success,CID600309,Prime SUV,Rajarajeshwari Nagar,Peenya,112.0,50.0,Not Applicable,Not Applicable,Yes,Vehicle Breakdown,444,Cash,40,3.3,3.5
2024-07-19 13:03:00,CNR4984062796,Success,CID656847,eBike,Richmond Town,Peenya,98.0,130.0,Not Applicable,Not Applicable,No,Not Applicable,198,Cash,48,4.4,3.1
2024-07-09 09:36:00,CNR3235991664,Success,CID382155,Prime SUV,Mysore Road,Sahakar Nagar,238.0,30.0,Not Applicable,Not Applicable,Yes,Customer Demand,2086,UPI,29,4.3,4.0
2024-07-01 12:28:00,CNR9976445154,Driver Not Found,CID551604,Mini,Chickpet,Yeshwanthpur,,,Not Applicable,Not Applicable,Not Applicable,Not Applicable,210,Not Applicable,0,,
2024-07-10 01:05:00,CNR6229514438,Canceled by Customer,CID233020,eBike,HSR Layout,Whitefield,,,Wrong Address,Not Applicable,Not Applicable,Not Applicable,235,Not Applicable,0,,
2024-07-19 01:20:00,CNR8699566980,Success,CID558481,Bike,Sahakar Nagar,Tumkur Road,203.0,115.0,Not Applicable,Not Applicable,No,Not Applicable,257,UPI,37,3.2,3.2
2024-07-17 21:03:00,CNR1914238257,Canceled by Driver,CID982274,Bike,Bannerghatta Road,Basavanagudi,,,Not Applicable,Personal & Car related issue,Not Applicable,Not Applicable,467,Not Applicable,0,,
2024-07-30 10:48:00,CNR8891203770,Canceled by Driver,CID735459,Bike,Mysore Road,Richmond Town,,,Not Applicable,Customer related issue,Not Applicable,Not Applicable,994,Not Applicable,0,,
2024-07-11 20:20:00,CNR3007371044,Driver Not Found,CID876787,Prime Sedan,Nagarbhavi,HSR Layout,,,Not Applicable,Not Applicable,Not Applicable,Not Applicable,144,Not Applicable,0,,
2024-07-28 23:37:00,CNR9497254681,Canceled by Customer,CID129194,Prime Plus,Hosur Road,Frazer Town,,,Driver is not moving towards pickup location,Not Applicable,Not Applicable,Not Applicable,126,Not Applicable,0,,
2024-07-25 04:02:00,CNR6392950180,Success,CID763028,Prime SUV,Kadugodi,Shantinagar,49.0,40.0,Not Applicable,Not Applicable,No,Not Applicable,414,Cash,27,3.0,3.9
2024-07-12 12:11:00,CNR4884585876,Canceled by Driver,CID857781,Prime SUV,Yelahanka,Shivajinagar,,,Not Applicable,More than permitted people in there,Not Applicable,Not Applicable,357,Not Applicable,0,,
2024-07-02 13:29:00,CNR6609218382,Driver Not Found,CID404946,Bike,Shivajinagar,Koramangala,,,Not Applicable,Not Applicable,Not Applicable,Not Applicable,222,Not Applicable,0,,
2024-07-01 12:48:00,CNR6834118234,Canceled by Driver,CID216556,eBike,Banashankari,Ramamurthy Nagar,,,Not Applicable,Customer related issue,Not Applicable,Not Applicable,172,Not Applicable,0,,
2024-07-26 03:06:00,CNR4470947246,Canceled by Driver,CID840147,Bike,KR Puram,Rajarajeshwari Nagar,,,Not Applicable,Personal & Car related issue,Not Applicable,Not Applicable,375,Not Applicable,0,,
2024-07-10 02:42:00,CNR9708034959,Driver Not Found,CID987723,eBike,Hennur,Magadi Road,,,Not Applicable,Not Applicable,Not Applicable,Not Applicable,203,Not Applicable,0,,
2024-07-05 00:36:00,CNR2048703934,Canceled by Driver,CID974984,Prime Sedan,Hosur Road,Vijayanagar,,,Not Applicable,Personal & Car related issue,Not Applicable,Not Applicable,275,Not Applicable,0,,
2024-07-29 12:49:00,CNR1437099641,Success,CID638586,Prime Plus,Chamarajpet,Bannerghatta Road,294.0,25.0,Not Applicable,Not Applicable,No,Not Applicable,226,Cash,13,3.1,3.1
2024-07-04 07:47:00,CNR5211590057,Success,CID920299,Mini,Whitefield,Chickpet,308.0,115.0,Not Applicable,Not Applicable,No,Not Applicable,162,Cash,17,3.7,4.7
2024-07-14 13:50:00,CNR6329428359,Success,CID825859,eBike,Padmanabhanagar,Bannerghatta Road,56.0,140.0,Not Applicable,Not Applicable,No,Not Applicable,277,UPI,42,5.0,4.0
2024-07-07 22:16:00,CNR8907846464,Success,CID104413,Mini,Magadi Road,Devanahalli,196.0,110.0,Not Applicable,Not Applicable,No,Not Applicable,902,UPI,35,3.8,4.7
2024-07-14 18:22:00,CNR7737682199,Success,CID836449,Mini,Jayanagar,Hennur,70.0,45.0,Not Applicable,Not Applicable,No,Not Applicable,291,UPI,10,3.2,3.9
2024-07-02 11:28:00,CNR9828980151,Success,CID620923,Bike,Hennur,Yelahanka,84.0,60.0,Not Applicable,Not Applicable,No,Not Applicable,291,UPI,9,3.3,4.2
2024-07-15 23:34:00,CNR1513948544,Driver Not Found,CID222447,Auto,Kammanahalli,Hosur Road,,,Not Applicable,Not Applicable,Not Applicable,Not Applicable,159,Not Applicable,0,,
2024-07-25 18:51:00,CNR1924697245,Success,CID440160,Prime Sedan,Bannerghatta Road,Ramamurthy Nagar,203.0,25.0,Not Applicable,Not Applicable,Yes,Other Issue,999,Cash,8,3.2,4.4
2024-07-19 19:41:00,CNR7186546710,Canceled by Customer,CID205297,Prime SUV,Indiranagar,Hulimavu,,,Change of plans,Not Applicable,Not Applicable,Not Applicable,929,Not Applicable,0,,
2024-07-07 16:04:00,CNR2083290551,Success,CID695763,Auto,Richmond Town,Majestic,70.0,135.0,Not Applicable,Not Applicable,No,Not Applicable,883,Cash,7,4.8,4.9
2024-07-03 21:01:00,CNR7880698376,Success,CID279011,Bike,Frazer Town,Koramangala,280.0,40.0,Not Applicable,Not Applicable,No,Not Applicable,836,Cash,1,4.1,4.5
2024-07-10 07:49:00,CNR8172554459,Driver Not Found,CID274323,Auto,Varthur,Electronic City,,,Not Applicable,Not Applicable,Not Applicable,Not Applicable,253,Not Applicable,0,,
2024-07-20 07:00:00,CNR8059105217,Success,CID361599,Prime Sedan,Frazer Town,Padmanabhanagar,308.0,25.0,Not Applicable,Not Applicable,No,Not Applicable,353,Credit Card,20,4.5,3.1
2024-07-14 14:05:00,CNR7916933650,Success,CID694950,eBike,Chamarajpet,Malleshwaram,42.0,110.0,Not Applicable,Not Applicable,No,Not Applicable,580,Cash,27,4.2,5.0
2024-07-11 09:30:00,CNR2610117295,Canceled by Driver,CID554116,Prime SUV,Yeshwanthpur,Peenya,,,Not Applicable,Customer was coughing/sick,Not Applicable,Not Applicable,758,Not Applicable,0,,
2024-07-11 21:58:00,CNR9083472994,Canceled by Driver,CID579372,Auto,JP Nagar,Vijayanagar,,,Not Applicable,Personal & Car related issue,Not Applicable,Not Applicable,382,Not Applicable,0,,
2024-07-03 06:22:00,CNR7632968691,Success,CID456187,Prime SUV,Hosur Road,Tumkur Road,196.0,50.0,Not Applicable,Not Applicable,No,Not Applicable,1840,UPI,9,3.1,3.0
2024-07-27 00:09:00,CNR6192041171,Success,CID970058,Prime Sedan,Kengeri,Ramamurthy Nagar,35.0,30.0,Not Applicable,Not Applicable,No,Not Applicable,493,Cash,9,3.9,3.1
2024-07-03 23:03:00,CNR7484541413,Success,CID367760,Prime Plus,Chamarajpet,Tumkur Road,70.0,40.0,Not Applicable,Not Applicable,No,Not Applicable,139,Cash,5,4.5,4.0
2024-07-02 15:49:00,CNR5481937481,Success,CID220272,Prime SUV,Malleshwaram,Hulimavu,147.0,25.0,Not Applicable,Not Applicable,No,Not Applicable,313,Cash,46,3.8,3.6
2024-07-16 06:52:00,CNR7073232895,Driver Not Found,CID460660,eBike,Malleshwaram,Richmond Town,,,Not Applicable,Not Applicable,Not Applicable,Not Applicable,236,Not Applicable,0,,
2024-07-15 03:35:00,CNR6233321754,Success,CID864445,Prime Sedan,Richmond Town,BTM Layout,168.0,50.0,Not Applicable,Not Applicable,No,Not Applicable,421,Cash,27,4.2,4.3
2024-07-19 21:58:00,CNR7459383149,Success,CID892459,eBike,Banashankari,Yeshwanthpur,308.0,90.0,Not Applicable,Not Applicable,No,Not Applicable,358,Cash,32,4.5,5.0
2024-07-22 10:22:00,CNR6684832644,Canceled by Driver,CID713735,Prime Plus,Rajarajeshwari Nagar,Tumkur Road,,,Not Applicable,Customer related issue,Not Applicable,Not Applicable,793,Not Applicable,0,,
2024-07-07 06:25:00,CNR9476954767,Canceled by Customer,CID679486,Bike,Majestic,Kammanahalli,,,AC is Not working,Not Applicable,Not Applicable,Not Applicable,336,Not Applicable,0,,
2024-07-10 09:54:00,CNR5784285363,Success,CID653562,Prime SUV,MG Road,Richmond Town,287.0,40.0,Not Applicable,Not Applicable,No,Not Applicable,978,UPI,14,4.4,4.3
2024-07-07 15:22:00,CNR6628950803,Success,CID902362,Auto,Rajarajeshwari Nagar,Yeshwanthpur,77.0,40.0,Not Applicable,Not Applicable,No,Not Applicable,934,Cash,4,3.0,3.3
2024-07-22 06:11:00,CNR3522839243,Canceled by Driver,CID676521,Prime Plus,Ulsoor,Cox Town,,,Not Applicable,Personal & Car related issue,Not Applicable,Not Applicable,163,Not Applicable,0,,
2024-07-30 16:08:00,CNR5024779772,Success,CID234140,eBike,Hosur Road,Bannerghatta Road,287.0,105.0,Not Applicable,Not Applicable,No,Not Applicable,113,Cash,22,4.2,4.0
2024-07-14 09:43:00,CNR3988501902,Driver Not Found,CID808728,Prime Plus,Hulimavu,Koramangala,,,Not Applicable,Not Applicable,Not Applicable,Not Applicable,791,Not Applicable,0,,
2024-07-04 05:07:00,CNR2585330648,Success,CID238651,Bike,Rajajinagar,Chamarajpet,308.0,35.0,Not Applicable,Not Applicable,No,Not Applicable,718,UPI,6,4.4,4.8
2024-07-20 02:36:00,CNR1329988362,Canceled by Driver,CID675663,eBike,Koramangala,Whitefield,,,Not Applicable,More than permitted people in there,Not Applicable,Not Applicable,451,Not Applicable,0,,
2024-07-28 13:03:00,CNR5047303390,Success,CID140005,Mini,Hebbal,Sahakar Nagar,175.0,130.0,Not Applicable,Not Applicable,No,Not Applicable,163,UPI,17,4.8,3.7
2024-07-26 12:38:00,CNR8398589277,Canceled by Customer,CID417182,Mini,Kadugodi,Electronic City,,,AC is Not working,Not Applicable,Not Applicable,Not Applicable,410,Not Applicable,0,,
2024-07-07 21:25:00,CNR6134299781,Success,CID492082,eBike,BTM Layout,Kengeri,182.0,35.0,Not Applicable,Not Applicable,No,Not Applicable,230,Cash,47,3.0,4.0
2024-07-10 10:48:00,CNR5361823728,Success,CID799381,eBike,Sahakar Nagar,Hulimavu,196.0,115.0,Not Applicable,Not Applicable,No,Not Applicable,678,Cash,4,3.2,4.9
2024-07-16 02:33:00,CNR9225290993,Success,CID651605,Prime Sedan,Frazer Town,Padmanabhanagar,49.0,65.0,Not Applicable,Not Applicable,No,Not Applicable,214,Credit Card,7,3.5,4.9
2024-07-08 19:35:00,CNR9753587509,Success,CID410795,Prime Plus,Tumkur Road,Ulsoor,63.0,80.0,Not Applicable,Not Applicable,Yes,Vehicle Breakdown,801,Cash,31,3.8,3.2
2024-07-20 09:31:00,CNR2169509559,Success,CID303571,Mini,Yelahanka,Yelahanka,294.0,125.0,Not Applicable,Not Applicable,No,Not Applicable,694,UPI,28,3.9,4.2
2024-07-26 23:08:00,CNR2551886961,Success,CID579305,Prime Sedan,Ramamurthy Nagar,Malleshwaram,182.0,30.0,Not Applicable,Not Applicable,No,Not Applicable,398,Cash,48,3.8,4.8
2024-07-25 06:31:00,CNR2007203686,Success,CID263342,Prime Sedan,Shantinagar,Koramangala,98.0,55.0,Not Applicable,Not Applicable,No,Not Applicable,158,Cash,5,4.0,4.7
2024-07-13 10:32:00,CNR1181139928,Success,CID120815,Auto,Yeshwanthpur,Kengeri,161.0,30.0,Not Applicable,Not Applicable,No,Not Applicable,814,Cash,8,3.9,3.8
2024-07-13 00:28:00,CNR1031294630,Driver Not Found,CID116197,Prime Plus,Malleshwaram,Whitefield,,,Not Applicable,Not Applicable,Not Applicable,Not Applicable,467,Not Applicable,0,,
2024-07-29 12:10:00,CNR4428645849,Driver Not Found,CID251405,Prime SUV,Rajarajeshwari Nagar,Langford Town,,,Not Applicable,Not Applicable,Not Applicable,Not Applicable,342,Not Applicable,0,,
2024-07-04 06:22:00,CNR5297243974,Success,CID300072,Mini,Kengeri,Yelahanka,56.0,45.0,Not Applicable,Not Applicable,No,Not Applicable,199,Cash,28,4.0,4.6
2024-07-03 02:51:00,CNR5916249007,Canceled by Customer,CID282245,Mini,Hennur,Rajarajeshwari Nagar,,,Change of plans,Not Applicable,Not Applicable,Not Applicable,283,Not Applicable,0,,
2024-07-20 07:42:00,CNR2512191057,Canceled by Customer,CID250447,Bike,Peenya,Hulimavu,,,Driver is not moving towards pickup location,Not Applicable,Not Applicable,Not Applicable,471,Not Applicable,0,,
2024-07-22 17:42:00,CNR3752736714,Success,CID108147,Auto,Malleshwaram,JP Nagar,294.0,50.0,Not Applicable,Not Applicable,No,Not Applicable,231,UPI,18,4.2,4.8
2024-07-25 21:56:00,CNR7546393418,Success,CID955928,Prime SUV,Yeshwanthpur,Frazer Town,175.0,50.0,Not Applicable,Not Applicable,No,Not Applicable,348,Cash,36,3.7,4.0
2024-07-17 05:15:00,CNR1013715208,Success,CID875683,Bike,Frazer Town,Mysore Road,182.0,40.0,Not Applicable,Not Applicable,No,Not Applicable,117,UPI,32,3.2,4.7
2024-07-15 15:39:00,CNR6551906177,Success,CID259229,eBike,Bannerghatta Road,Devanahalli,301.0,140.0,Not Applicable,Not Applicable,No,Not Applicable,894,Cash,31,4.1,4.5
2024-07-01 23:41:00,CNR7056181943,Success,CID919032,Prime Plus,Hennur,Tumkur Road,245.0,120.0,Not Applicable,Not Applicable,No,Not Applicable,413,UPI,48,4.3,4.8
2024-07-12 22:33:00,CNR3287055519,Success,CID970331,Prime Sedan,Kengeri,Ramamurthy Nagar,308.0,55.0,Not Applicable,Not Applicable,No,Not Applicable,303,Cash,2,4.2,4.6
2024-07-15 15:41:00,CNR7785963529,Success,CID108443,Mini,Indiranagar,Kadugodi,42.0,25.0,Not Applicable,Not Applicable,No,Not Applicable,128,UPI,22,4.6,4.3
2024-07-28 02:06:00,CNR8023561073,Success,CID464133,Mini,Cox Town,Magadi Road,224.0,30.0,Not Applicable,Not Applicable,No,Not Applicable,344,Cash,33,4.8,3.5
2024-07-20 20:04:00,CNR7167254141,Canceled by Driver,CID975810,Prime SUV,Marathahalli,Basavanagudi,,,Not Applicable,Personal & Car related issue,Not Applicable,Not Applicable,441,Not Applicable,0,,
2024-07-25 16:09:00,CNR6341031441,Success,CID937338,Prime SUV,Langford Town,Langford Town,189.0,55.0,Not Applicable,Not Applicable,No,Not Applicable,429,Cash,49,5.0,4.8
2024-07-04 21:02:00,CNR2171632626,Success,CID261621,eBike,Hulimavu,Chamarajpet,105.0,30.0,Not Applicable,Not Applicable,No,Not Applicable,163,Cash,21,4.0,3.2
2024-07-24 08:47:00,CNR4158438150,Canceled by Driver,CID190753,Prime SUV,Sahakar Nagar,Whitefield,,,Not Applicable,Personal & Car related issue,Not Applicable,Not Applicable,918,Not Applicable,0,,
2024-07-10 21:28:00,CNR4096121189,Success,CID497250,Prime Plus,Bellandur,Bellandur,70.0,125.0,Not Applicable,Not Applicable,No,Not Applicable,496,Cash,11,4.8,3.7
2024-07-01 17:04:00,CNR7232394582,Success,CID627128,Mini,Banashankari,Ulsoor,224.0,40.0,Not Applicable,Not Applicable,No,Not Applicable,224,UPI,10,4.6,4.0
2024-07-02 15:56:00,CNR1885520360,Success,CID102157,Prime SUV,Sarjapur Road,MG Road,280.0,100.0,Not Applicable,Not Applicable,No,Not Applicable,101,Cash,9,3.5,4.0
2024-07-30 14:36:00,CNR9375009917,Driver Not Found,CID551376,eBike,Devanahalli,Chamarajpet,,,Not Applicable,Not Applicable,Not Applicable,Not Applicable,2221,Not Applicable,0,,
2024-07-19 05:29:00,CNR4289105700,Success,CID862474,Auto,Shantinagar,Chickpet,70.0,65.0,Not Applicable,Not Applicable,No,Not Applicable,270,Cash,18,4.7,3.8
2024-07-05 01:54:00,CNR1789209722,Canceled by Driver,CID574669,Mini,MG Road,Basavanagudi,,,Not Applicable,Customer related issue,Not Applicable,Not Applicable,776,Not Applicable,0,,
2024-07-07 12:35:00,CNR5376829177,Success,CID339070,Prime SUV,Hulimavu,Mysore Road,196.0,60.0,Not Applicable,Not Applicable,No,Not Applicable,266,UPI,15,4.9,4.7
2024-07-09 19:20:00,CNR9941797379,Success,CID416073,Auto,Koramangala,Vijayanagar,154.0,105.0,Not Applicable,Not Applicable,No,Not Applicable,420,Cash,12,4.2,3.5
2024-07-20 15:14:00,CNR9189140580,Success,CID407895,Prime Plus,Electronic City,Basavanagudi,42.0,110.0,Not Applicable,Not Applicable,No,Not Applicable,485,Credit Card,8,3.5,3.6
2024-07-26 20:57:00,CNR3783198282,Canceled by Driver,CID766607,eBike,Padmanabhanagar,Bellandur,,,Not Applicable,Customer related issue,Not Applicable,Not Applicable,471,Not Applicable,0,,
2024-07-28 07:18:00,CNR8166870935,Success,CID361413,eBike,Rajarajeshwari Nagar,Shivajinagar,182.0,35.0,Not Applicable,Not Applicable,No,Not Applicable,2690,Cash,40,4.7,4.2
2024-07-12 21:02:00,CNR8446906949,Success,CID792024,Prime Plus,Rajajinagar,Devanahalli,308.0,120.0,Not Applicable,Not Applicable,No,Not Applicable,490,Cash,33,4.6,4.1
2024-07-20 06:14:00,CNR9466948836,Success,CID467331,eBike,Peenya,Nagarbhavi,84.0,55.0,Not Applicable,Not Applicable,No,Not Applicable,965,Cash,17,3.3,3.2
2024-07-20 19:47:00,CNR4873375004,Canceled by Driver,CID985418,Prime SUV,Koramangala,Bellandur,,,Not Applicable,Personal & Car related issue,Not Applicable,Not Applicable,2997,Not Applicable,0,,
2024-07-19 05:26:00,CNR3201164600,Success,CID562420,Prime Sedan,Yeshwanthpur,Yelahanka,70.0,100.0,Not Applicable,Not Applicable,No,Not Applicable,127,UPI,24,4.0,4.5
2024-07-05 00:57:00,CNR2072052731,Success,CID472585,Prime Plus,Whitefield,Magadi Road,154.0,140.0,Not Applicable,Not Applicable,No,Not Applicable,474,UPI,38,3.8,3.3
2024-07-28 11:22:00,CNR3554001807,Success,CID300960,Mini,Devanahalli,Vijayanagar,231.0,35.0,Not Applicable,Not Applicable,No,Not Applicable,396,Cash,11,3.7,3.5
2024-07-19 11:02:00,CNR7870776940,Canceled by Customer,CID568809,eBike,Frazer Town,Peenya,,,Driver asked to cancel,Not Applicable,Not Applicable,Not Applicable,468,Not Applicable,0,,
2024-07-22 23:26:00,CNR7815370432,Success,CID431654,Prime Sedan,Yeshwanthpur,Ramamurthy Nagar,105.0,45.0,Not Applicable,Not Applicable,No,Not Applicable,1862,UPI,35,3.5,4.7
2024-07-25 11:20:00,CNR3780648456,Success,CID385534,Prime Sedan,Richmond Town,Shantinagar,91.0,120.0,Not Applicable,Not Applicable,No,Not Applicable,176,Cash,28,4.9,3.7
2024-07-10 15:44:00,CNR5864069608,Canceled by Driver,CID567182,Prime Sedan,Varthur,Hosur Road,,,Not Applicable,More than permitted people in there,Not Applicable,Not Applicable,173,Not Applicable,0,,
2024-07-26 16:50:00,CNR1083506221,Canceled by Driver,CID902685,Bike,Shantinagar,Kengeri,,,Not Applicable,Customer was coughing/sick,Not Applicable,Not Applicable,199,Not Applicable,0,,
2024-07-15 23:03:00,CNR3438930160,Success,CID859533,Prime Plus,Banashankari,Chickpet,91.0,90.0,Not Applicable,Not Applicable,No,Not Applicable,643,Cash,12,5.0,4.4
2024-07-26 12:23:00,CNR9251701653,Canceled by Customer,CID857868,Mini,JP Nagar,Rajajinagar,,,Driver is not moving towards pickup location,Not Applicable,Not Applicable,Not Applicable,260,Not Applicable,0,,
2024-07-21 00:51:00,CNR8301518728,Success,CID975325,Prime SUV,Richmond Town,Jayanagar,154.0,110.0,Not Applicable,Not Applicable,No,Not Applicable,973,UPI,32,4.8,4.2
2024-07-15 15:26:00,CNR6992490431,Success,CID561209,Auto,Ramamurthy Nagar,BTM Layout,217.0,140.0,Not Applicable,Not Applicable,No,Not Applicable,436,Credit Card,5,3.5,4.5
2024-07-02 04:04:00,CNR7022886516,Canceled by Driver,CID582242,eBike,Langford Town,Jayanagar,,,Not Applicable,Personal & Car related issue,Not Applicable,Not Applicable,496,Not Applicable,0,,
2024-07-26 16:27:00,CNR1066069182,Canceled by Driver,CID519330,Prime Sedan,Hennur,Bannerghatta Road,,,Not Applicable,Personal & Car related issue,Not Applicable,Not Applicable,898,Not Applicable,0,,
2024-07-27 08:07:00,CNR5257581831,Driver Not Found,CID375011,Bike,Jayanagar,Nagarbhavi,,,Not Applicable,Not Applicable,Not Applicable,Not Applicable,609,Not Applicable,0,,
2024-07-15 18:18:00,CNR8111456337,Success,CID755790,Prime Sedan,Electronic City,BTM Layout,147.0,55.0,Not Applicable,Not Applicable,No,Not Applicable,406,Cash,10,4.8,4.0
2024-07-25 16:13:00,CNR4159187570,Canceled by Driver,CID287009,Auto,Nagarbhavi,MG Road,,,Not Applicable,Personal & Car related issue,Not Applicable,Not Applicable,424,Not Applicable,0,,
2024-07-02 02:37:00,CNR9880303486,Driver Not Found,CID534287,eBike,HSR Layout,Tumkur Road,,,Not Applicable,Not Applicable,Not Applicable,Not Applicable,362,Not Applicable,0,,
2024-07-24 20:20:00,CNR3028626634,Success,CID782983,Mini,Padmanabhanagar,Hosur Road,49.0,30.0,Not Applicable,Not Applicable,No,Not Applicable,289,UPI,48,4.0,3.4
2024-07-12 14:32:00,CNR5069590948,Success,CID584567,Prime Plus,Marathahalli,Indiranagar,266.0,100.0,Not Applicable,Not Applicable,No,Not Applicable,1833,Cash,23,3.9,4.0
2024-07-01 21:01:00,CNR6753382946,Success,CID578490,Prime Plus,Nagarbhavi,Vijayanagar,217.0,90.0,Not Applicable,Not Applicable,No,Not Applicable,202,Cash,27,3.4,3.2
2024-07-13 15:58:00,CNR3049728109,Canceled by Customer,CID663102,Mini,Hosur Road,Kammanahalli,,,Change of plans,Not Applicable,Not Applicable,Not Applicable,131,Not Applicable,0,,
2024-07-14 21:04:00,CNR1858203108,Success,CID119862,Prime Plus,Marathahalli,Majestic,266.0,45.0,Not Applicable,Not Applicable,No,Not Applicable,929,Cash,33,4.9,4.9
2024-07-03 08:03:00,CNR9923380772,Driver Not Found,CID876919,Prime Sedan,HSR Layout,Indiranagar,,,Not Applicable,Not Applicable,Not Applicable,Not Applicable,1255,Not Applicable,0,,
2024-07-28 00:22:00,CNR4361276836,Success,CID394032,Auto,Hennur,Sarjapur Road,280.0,130.0,Not Applicable,Not Applicable,No,Not Applicable,322,UPI,14,4.6,4.0
2024-07-04 08:36:00,CNR8929636982,Driver Not Found,CID996861,Mini,Peenya,Shivajinagar,,,Not Applicable,Not Applicable,Not Applicable,Not Applicable,233,Not Applicable,0,,
2024-07-28 14:12:00,CNR2218586538,Canceled by Driver,CID220955,Prime Plus,Rajarajeshwari Nagar,Chamarajpet,,,Not Applicable,Personal & Car related issue,Not Applicable,Not Applicable,120,Not Applicable,0,,
2024-07-23 21:21:00,CNR6241662888,Success,CID419600,eBike,Vijayanagar,Hennur,196.0,95.0,Not Applicable,Not Applicable,No,Not Applicable,791,Cash,12,4.0,4.6
2024-07-17 07:16:00,CNR5574603626,Success,CID610635,Auto,Nagarbhavi,Marathahalli,189.0,55.0,Not Applicable,Not Applicable,No,Not Applicable,2809,Credit Card,4,3.4,3.2
2024-07-27 00:45:00,CNR2511803592,Canceled by Driver,CID891350,Prime Sedan,Yeshwanthpur,Chickpet,,,Not Applicable,Customer was coughing/sick,Not Applicable,Not Applicable,155,Not Applicable,0,,
2024-07-17 15:50:00,CNR8484252081,Canceled by Driver,CID151597,Prime Sedan,Langford Town,Banashankari,,,Not Applicable,Customer related issue,Not Applicable,Not Applicable,908,Not Applicable,0,,
2024-07-27 13:57:00,CNR4076386510,Success,CID655779,eBike,Varthur,Bellandur,98.0,55.0,Not Applicable,Not Applicable,No,Not Applicable,778,UPI,20,3.4,4.7
2024-07-20 13:17:00,CNR6608932876,Driver Not Found,CID129100,Bike,MG Road,Mysore Road,,,Not Applicable,Not Applicable,Not Applicable,Not Applicable,334,Not Applicable,0,,
2024-07-01 12:14:00,CNR8769330629,Canceled by Driver,CID552505,eBike,Majestic,Hebbal,,,Not Applicable,Personal & Car related issue,Not Applicable,Not Applicable,1420,Not Applicable,0,,
2024-07-23 02:22:00,CNR7169807482,Driver Not Found,CID510839,Prime Plus,Nagarbhavi,Shantinagar,,,Not Applicable,Not Applicable,Not Applicable,Not Applicable,298,Not Applicable,0,,
2024-07-17 07:00:00,CNR6970675495,Success,CID580299,Mini,Kammanahalli,Electronic City,259.0,65.0,Not Applicable,Not Applicable,No,Not Applicable,164,UPI,36,4.9,3.8
2024-07-17 23:36:00,CNR4011693825,Success,CID741488,Bike,Yeshwanthpur,Nagarbhavi,238.0,55.0,Not Applicable,Not Applicable,No,Not Applicable,2943,UPI,8,4.9,4.8
2024-07-05 08:12:00,CNR5698024686,Success,CID141054,Prime Sedan,RT Nagar,Hebbal,259.0,30.0,Not Applicable,Not Applicable,No,Not Applicable,328,UPI,48,4.0,4.7
2024-07-01 09:29:00,CNR6688841230,Success,CID476504,Prime SUV,Malleshwaram,Kammanahalli,98.0,105.0,Not Applicable,Not Applicable,No,Not Applicable,355,UPI,35,4.7,3.5
2024-07-20 14:16:00,CNR6294465347,Success,CID532955,Prime SUV,Yeshwanthpur,Basavanagudi,35.0,35.0,Not Applicable,Not Applicable,No,Not Applicable,683,UPI,36,3.3,3.5
2024-07-09 15:28:00,CNR3869506330,Canceled by Driver,CID127462,eBike,MG Road,Yelahanka,,,Not Applicable,Customer was coughing/sick,Not Applicable,Not Applicable,992,Not Applicable,0,,
2024-07-02 08:36:00,CNR1889961047,Success,CID911800,Auto,Shivajinagar,Hennur,63.0,100.0,Not Applicable,Not Applicable,No,Not Applicable,393,UPI,17,4.2,3.1
2024-07-03 06:26:00,CNR3454706112,Driver Not Found,CID930142,Bike,Hebbal,BTM Layout,,,Not Applicable,Not Applicable,Not Applicable,Not Applicable,346,Not Applicable,0,,
2024-07-18 02:28:00,CNR3676429734,Success,CID537553,Bike,BTM Layout,Hennur,168.0,65.0,Not Applicable,Not Applicable,No,Not Applicable,903,UPI,5,3.8,3.7
2024-07-27 10:40:00,CNR5406058542,Success,CID203455,eBike,Padmanabhanagar,Whitefield,280.0,145.0,Not Applicable,Not Applicable,No,Not Applicable,137,Cash,26,4.1,3.6
2024-07-10 02:30:00,CNR5249383970,Success,CID300491,Auto,Magadi Road,Magadi Road,280.0,40.0,Not Applicable,Not Applicable,No,Not Applicable,104,Cash,14,3.9,3.9
2024-07-02 00:01:00,CNR5339936864,Success,CID492383,Prime Plus,Ramamurthy Nagar,Chamarajpet,224.0,55.0,Not Applicable,Not Applicable,No,Not Applicable,263,UPI,8,3.0,4.2
2024-07-11 19:47:00,CNR1500818167,Success,CID248369,Prime Sedan,Ramamurthy Nagar,Padmanabhanagar,210.0,110.0,Not Applicable,Not Applicable,No,Not Applicable,765,UPI,30,4.8,4.0
2024-07-11 23:43:00,CNR7702999168,Success,CID649339,Prime Plus,JP Nagar,Padmanabhanagar,224.0,110.0,Not Applicable,Not Applicable,No,Not Applicable,267,Cash,39,4.4,4.5
2024-07-28 21:17:00,CNR9635992592,Success,CID327120,eBike,Hennur,Sarjapur Road,161.0,60.0,Not Applicable,Not Applicable,No,Not Applicable,324,Cash,14,3.4,4.4
2024-07-11 06:59:00,CNR2384705797,Success,CID989715,Prime Sedan,Mysore Road,Richmond Town,56.0,55.0,Not Applicable,Not Applicable,No,Not Applicable,633,Cash,46,4.4,3.4
2024-07-12 08:06:00,CNR1390939364,Success,CID208572,Prime Sedan,Kammanahalli,Kammanahalli,294.0,80.0,Not Applicable,Not Applicable,No,Not Applicable,270,Cash,16,3.0,3.8
2024-07-03 01:19:00,CNR3595888118,Success,CID625514,Bike,Bannerghatta Road,Sarjapur Road,98.0,50.0,Not Applicable,Not Applicable,No,Not Applicable,689,Cash,43,3.8,4.8
2024-07-04 07:36:00,CNR7851653521,Success,CID228997,Prime SUV,Kadugodi,Frazer Town,77.0,25.0,Not Applicable,Not Applicable,No,Not Applicable,2325,Cash,11,3.8,3.9
2024-07-24 06:54:00,CNR8207527114,Success,CID948836,Auto,Ulsoor,Hosur Road,63.0,60.0,Not Applicable,Not Applicable,No,Not Applicable,348,Cash,10,4.4,4.2
2024-07-13 09:29:00,CNR9933307068,Canceled by Customer,CID327136,eBike,Yelahanka,Kengeri,,,Driver asked to cancel,Not Applicable,Not Applicable,Not Applicable,482,Not Applicable,0,,
2024-07-12 05:36:00,CNR3959235370,Success,CID580376,Prime SUV,KR Puram,Tumkur Road,238.0,105.0,Not Applicable,Not Applicable,No,Not Applicable,171,Cash,43,4.0,4.2
2024-07-30 03:49:00,CNR3972200342,Success,CID739401,Prime Sedan,Rajajinagar,Kammanahalli,273.0,70.0,Not Applicable,Not Applicable,No,Not Applicable,1527,Cash,32,4.5,4.5
2024-07-08 00:21:00,CNR1113845692,Success,CID846971,Prime Plus,Banashankari,Devanahalli,301.0,120.0,Not Applicable,Not Applicable,No,Not Applicable,963,UPI,12,4.5,4.4
2024-07-12 08:14:00,CNR3580831076,Success,CID308264,Mini,Majestic,Basavanagudi,273.0,45.0,Not Applicable,Not Applicable,No,Not Applicable,250,UPI,8,4.1,4.4
2024-07-11 22:11:00,CNR7352192395,Success,CID821289,Prime SUV,Basavanagudi,Sahakar Nagar,308.0,80.0,Not Applicable,Not Applicable,No,Not Applicable,462,UPI,4,3.4,5.0
2024-07-27 22:02:00,CNR6528720961,Canceled by Driver,CID705235,Prime Plus,Electronic City,BTM Layout,,,Not Applicable,Customer related issue,Not Applicable,Not Applicable,154,Not Applicable,0,,
2024-07-15 00:59:00,CNR2185018465,Success,CID503112,eBike,Hulimavu,Chamarajpet,252.0,25.0,Not Applicable,Not Applicable,No,Not Applicable,202,Cash,32,3.2,4.2
2024-07-05 02:34:00,CNR5926639830,Success,CID557003,eBike,RT Nagar,Kengeri,294.0,140.0,Not Applicable,Not Applicable,No,Not Applicable,465,Cash,2,3.3,4.0
2024-07-30 12:04:00,CNR7576570814,Success,CID679540,Prime SUV,Peenya,Cox Town,119.0,90.0,Not Applicable,Not Applicable,No,Not Applicable,292,UPI,32,4.3,3.5
2024-07-27 04:40:00,CNR3059884262,Canceled by Driver,CID436332,Prime Plus,Whitefield,Marathahalli,,,Not Applicable,Personal & Car related issue,Not Applicable,Not Applicable,963,Not Applicable,0,,
2024-07-30 13:36:00,CNR5867106861,Success,CID633654,eBike,Tumkur Road,Hebbal,245.0,110.0,Not Applicable,Not Applicable,No,Not Applicable,403,UPI,10,3.8,3.8
2024-07-22 13:19:00,CNR7787305022,Driver Not Found,CID674360,Mini,Kadugodi,Majestic,,,Not Applicable,Not Applicable,Not Applicable,Not Applicable,446,Not Applicable,0,,
2024-07-21 06:05:00,CNR7376174124,Driver Not Found,CID571379,Prime SUV,Yelahanka,RT Nagar,,,Not Applicable,Not Applicable,Not Applicable,Not Applicable,1077,Not Applicable,0,,
2024-07-22 06:47:00,CNR5647473233,Driver Not Found,CID895647,Prime SUV,Hennur,Nagarbhavi,,,Not Applicable,Not Applicable,Not Applicable,Not Applicable,833,Not Applicable,0,,
2024-07-26 20:35:00,CNR7868332648,Success,CID828655,Auto,Rajarajeshwari Nagar,Ulsoor,161.0,75.0,Not Applicable,Not Applicable,No,Not Applicable,357,UPI,4,4.3,3.5
2024-07-18 06:07:00,CNR8943119674,Success,CID318480,Bike,Indiranagar,Koramangala,91.0,60.0,Not Applicable,Not Applicable,No,Not Applicable,469,Cash,36,3.7,3.3
2024-07-03 22:58:00,CNR5759636010,Success,CID279209,Prime Plus,Devanahalli,RT Nagar,98.0,115.0,Not Applicable,Not Applicable,No,Not Applicable,1695,Cash,41,3.8,4.0
2024-07-10 20:05:00,CNR7100410771,Success,CID204034,Bike,Padmanabhanagar,Koramangala,63.0,90.0,Not Applicable,Not Applicable,No,Not Applicable,487,Cash,26,4.9,4.8
2024-07-26 22:28:00,CNR7933448088,Canceled by Customer,CID765540,Prime Sedan,Magadi Road,Vijayanagar,,,Driver asked to cancel,Not Applicable,Not Applicable,Not Applicable,483,Not Applicable,0,,
2024-07-09 19:29:00,CNR6089090375,Success,CID914952,Prime SUV,Rajajinagar,Padmanabhanagar,119.0,65.0,Not Applicable,Not Applicable,No,Not Applicable,1546,Cash,31,3.3,4.7
2024-07-06 00:42:00,CNR6316495123,Success,CID569635,Prime Sedan,Malleshwaram,Jayanagar,35.0,45.0,Not Applicable,Not Applicable,No,Not Applicable,166,Cash,32,5.0,4.7
2024-07-16 17:11:00,CNR6641252115,Canceled by Customer,CID705103,Auto,Chickpet,Malleshwaram,,,Driver asked to cancel,Not Applicable,Not Applicable,Not Applicable,470,Not Applicable,0,,
2024-07-18 14:40:00,CNR8297512559,Canceled by Driver,CID663061,Prime SUV,Hebbal,Basavanagudi,,,Not Applicable,Personal & Car related issue,Not Applicable,Not Applicable,863,Not Applicable,0,,
2024-07-15 11:56:00,CNR3211915076,Canceled by Driver,CID643021,Prime Sedan,Hennur,Rajajinagar,,,Not Applicable,Personal & Car related issue,Not Applicable,Not Applicable,785,Not Applicable,0,,
2024-07-18 14:38:00,CNR9495251701,Success,CID577239,Bike,Sarjapur Road,MG Road,231.0,85.0,Not Applicable,Not Applicable,No,Not Applicable,976,Cash,45,3.5,4.3
2024-07-24 09:11:00,CNR6097798225,Success,CID829096,Bike,Frazer Town,Koramangala,70.0,135.0,Not Applicable,Not Applicable,No,Not Applicable,272,Cash,33,3.7,4.7
2024-07-12 07:34:00,CNR5942494667,Canceled by Driver,CID129258,eBike,Ulsoor,Majestic,,,Not Applicable,Customer related issue,Not Applicable,Not Applicable,258,Not Applicable,0,,
2024-07-04 18:01:00,CNR5377137122,Success,CID237592,Bike,Rajajinagar,Whitefield,105.0,70.0,Not Applicable,Not Applicable,No,Not Applicable,711,Cash,2,3.2,4.3
2024-07-26 17:50:00,CNR2710449230,Success,CID752471,Mini,Frazer Town,Hulimavu,238.0,50.0,Not Applicable,Not Applicable,No,Not Applicable,149,Cash,4,4.6,3.2
2024-07-01 07:41:00,CNR6611874058,Canceled by Customer,CID799641,Prime SUV,Padmanabhanagar,RT Nagar,,,Driver asked to cancel,Not Applicable,Not Applicable,Not Applicable,455,Not Applicable,0,,
2024-07-09 00:04:00,CNR9176037991,Driver Not Found,CID592356,Auto,Shivajinagar,Jayanagar,,,Not Applicable,Not Applicable,Not Applicable,Not Applicable,397,Not Applicable,0,,
2024-07-26 21:26:00,CNR6809232717,Success,CID575307,Mini,Indiranagar,Devanahalli,161.0,85.0,Not Applicable,Not Applicable,No,Not Applicable,360,UPI,29,4.1,4.3
2024-07-24 21:03:00,CNR5827775875,Canceled by Driver,CID866145,eBike,Bannerghatta Road,Indiranagar,,,Not Applicable,More than permitted people in there,Not Applicable,Not Applicable,927,Not Applicable,0,,
2024-07-11 08:49:00,CNR2155556925,Success,CID753636,Auto,RT Nagar,Shivajinagar,91.0,90.0,Not Applicable,Not Applicable,Yes,Vehicle Breakdown,543,UPI,17,4.6,3.9
2024-07-10 22:33:00,CNR4404887305,Driver Not Found,CID701409,Auto,Devanahalli,Ramamurthy Nagar,,,Not Applicable,Not Applicable,Not Applicable,Not Applicable,466,Not Applicable,0,,
2024-07-04 19:44:00,CNR4038795616,Success,CID361390,Prime SUV,Cox Town,Chamarajpet,238.0,25.0,Not Applicable,Not Applicable,No,Not Applicable,283,Credit Card,48,3.4,3.2
2024-07-03 20:01:00,CNR4627647595,Success,CID574331,eBike,Sarjapur Road,Sarjapur Road,70.0,45.0,Not Applicable,Not Applicable,Yes,Customer Demand,369,UPI,47,4.1,4.3
2024-07-11 12:05:00,CNR9634387369,Canceled by Driver,CID272198,Auto,Ramamurthy Nagar,Tumkur Road,,,Not Applicable,Personal & Car related issue,Not Applicable,Not Applicable,400,Not Applicable,0,,
2024-07-19 11:00:00,CNR4979234112,Success,CID566560,Prime SUV,Frazer Town,Mysore Road,259.0,30.0,Not Applicable,Not Applicable,No,Not Applicable,322,Cash,43,3.2,3.1
2024-07-11 22:49:00,CNR4956887048,Canceled by Customer,CID694171,Prime SUV,Yeshwanthpur,Magadi Road,,,Driver is not moving towards pickup location,Not Applicable,Not Applicable,Not Applicable,829,Not Applicable,0,,
2024-07-22 00:29:00,CNR7916261173,Success,CID170405,Prime Plus,RT Nagar,Hebbal,245.0,30.0,Not Applicable,Not Applicable,No,Not Applicable,934,UPI,37,3.8,4.5
2024-07-09 08:46:00,CNR5962529489,Success,CID827619,Prime SUV,Peenya,Majestic,49.0,55.0,Not Applicable,Not Applicable,No,Not Applicable,337,Cash,16,3.1,4.9
2024-07-08 04:29:00,CNR5430658843,Success,CID423343,Prime Sedan,Sarjapur Road,Langford Town,91.0,75.0,Not Applicable,Not Applicable,Yes,Vehicle Breakdown,414,Cash,16,4.5,4.8
2024-07-30 02:05:00,CNR4714022321,Success,CID247878,Prime Sedan,Kengeri,Hosur Road,287.0,120.0,Not Applicable,Not Applicable,No,Not Applicable,150,Cash,33,3.2,3.4
2024-07-27 17:10:00,CNR1351173983,Success,CID631935,Prime Plus,RT Nagar,Kengeri,49.0,80.0,Not Applicable,Not Applicable,No,Not Applicable,2576,Cash,43,4.3,4.9
2024-07-01 08:00:00,CNR4046773850,Success,CID428084,Prime Plus,Basavanagudi,Ramamurthy Nagar,294.0,135.0,Not Applicable,Not Applicable,No,Not Applicable,475,UPI,43,3.8,4.8
2024-07-20 09:36:00,CNR6993763755,Success,CID988061,Prime SUV,KR Puram,Tumkur Road,189.0,110.0,Not Applicable,Not Applicable,No,Not Applicable,451,Cash,28,4.8,4.9
2024-07-06 12:35:00,CNR3161870993,Canceled by Customer,CID622538,Prime SUV,Mysore Road,Ulsoor,,,Driver is not moving towards pickup location,Not Applicable,Not Applicable,Not Applicable,112,Not Applicable,0,,
2024-07-11 09:37:00,CNR4736884124,Success,CID161666,Bike,Devanahalli,MG Road,161.0,60.0,Not Applicable,Not Applicable,No,Not Applicable,481,UPI,49,4.0,4.0
2024-07-20 15:22:00,CNR6814117724,Canceled by Driver,CID824792,Bike,Hosur Road,Whitefield,,,Not Applicable,More than permitted people in there,Not Applicable,Not Applicable,450,Not Applicable,0,,
2024-07-02 23:39:00,CNR3235168530,Success,CID758640,Auto,Hennur,Cox Town,77.0,105.0,Not Applicable,Not Applicable,No,Not Applicable,432,Cash,16,3.8,4.5
2024-07-24 15:39:00,CNR5927952222,Canceled by Driver,CID235132,Bike,Electronic City,Whitefield,,,Not Applicable,Customer related issue,Not Applicable,Not Applicable,566,Not Applicable,0,,
2024-07-13 05:32:00,CNR7256270975,Canceled by Driver,CID327918,Auto,Kengeri,MG Road,,,Not Applicable,Personal & Car related issue,Not Applicable,Not Applicable,190,Not Applicable,0,,
2024-07-02 10:33:00,CNR1980242425,Success,CID164384,Prime SUV,Hulimavu,Basavanagudi,77.0,110.0,Not Applicable,Not Applicable,No,Not Applicable,181,Cash,11,3.8,3.2
2024-07-30 13:39:00,CNR8058179500,Canceled by Driver,CID800775,Auto,Yeshwanthpur,Indiranagar,,,Not Applicable,Personal & Car related issue,Not Applicable,Not Applicable,724,Not Applicable,0,,
2024-07-13 15:58:00,CNR5421957149,Success,CID293304,Bike,Rajarajeshwari Nagar,Magadi Road,140.0,30.0,Not Applicable,Not Applicable,Yes,Customer Demand,320,UPI,25,3.0,4.8
2024-07-13 07:07:00,CNR5833531258,Success,CID114542,Bike,Yelahanka,Peenya,203.0,130.0,Not Applicable,Not Applicable,No,Not Applicable,883,Cash,12,4.4,4.1
2024-07-24 04:04:00,CNR4786440665,Success,CID342195,Mini,Kammanahalli,Ramamurthy Nagar,147.0,40.0,Not Applicable,Not Applicable,Yes,Vehicle Breakdown,684,UPI,34,3.7,5.0
2024-07-04 19:36:00,CNR3442774555,Success,CID528521,Prime Sedan,Mysore Road,Kadugodi,35.0,85.0,Not Applicable,Not Applicable,No,Not Applicable,641,Cash,38,4.3,3.0
2024-07-27 22:43:00,CNR3138516480,Canceled by Driver,CID910911,Prime Plus,Hosur Road,Tumkur Road,,,Not Applicable,Personal & Car related issue,Not Applicable,Not Applicable,821,Not Applicable,0,,
2024-07-14 02:31:00,CNR8317209308,Success,CID402093,Bike,BTM Layout,Devanahalli,238.0,25.0,Not Applicable,Not Applicable,No,Not Applicable,197,UPI,47,4.1,4.9
2024-07-08 03:59:00,CNR2996346215,Success,CID121888,Prime Plus,Bannerghatta Road,Yeshwanthpur,49.0,110.0,Not Applicable,Not Applicable,No,Not Applicable,954,Cash,3,3.8,4.1
2024-07-12 01:43:00,CNR8876289517,Canceled by Customer,CID631706,Mini,Hebbal,Jayanagar,,,Driver asked to cancel,Not Applicable,Not Applicable,Not Applicable,954,Not Applicable,0,,
2024-07-24 00:47:00,CNR5953457264,Success,CID427699,Prime Plus,Malleshwaram,Mysore Road,42.0,65.0,Not Applicable,Not Applicable,No,Not Applicable,246,Cash,17,3.2,4.7
2024-07-27 00:07:00,CNR3771063315,Canceled by Driver,CID245202,Mini,Ulsoor,Rajajinagar,,,Not Applicable,Customer related issue,Not Applicable,Not Applicable,2438,Not Applicable,0,,
2024-07-20 08:54:00,CNR4939023664,Success,CID711397,Prime Plus,Banashankari,Bellandur,175.0,130.0,Not Applicable,Not Applicable,No,Not Applicable,321,Cash,39,4.8,4.0
2024-07-28 21:35:00,CNR4225440750,Canceled by Driver,CID955809,Prime Sedan,RT Nagar,Shantinagar,,,Not Applicable,Customer related issue,Not Applicable,Not Applicable,843,Not Applicable,0,,
2024-07-15 15:11:00,CNR6374809830,Success,CID406407,Prime Plus,Kengeri,RT Nagar,126.0,120.0,Not Applicable,Not Applicable,No,Not Applicable,924,UPI,9,4.2,4.6
2024-07-05 23:17:00,CNR1591115340,Canceled by Driver,CID106494,eBike,Kadugodi,Banashankari,,,Not Applicable,Customer was coughing/sick,Not Applicable,Not Applicable,189,Not Applicable,0,,
2024-07-12 08:49:00,CNR8370798476,Success,CID204219,Prime Plus,Indiranagar,Banashankari,196.0,55.0,Not Applicable,Not Applicable,No,Not Applicable,367,Cash,45,4.2,4.6
2024-07-09 14:14:00,CNR6052638787,Canceled by Customer,CID418648,Prime Sedan,Shivajinagar,JP Nagar,,,Wrong Address,Not Applicable,Not Applicable,Not Applicable,939,Not Applicable,0,,
2024-07-08 16:04:00,CNR2603068464,Canceled by Driver,CID267843,Auto,Indiranagar,Ulsoor,,,Not Applicable,Customer was coughing/sick,Not Applicable,Not Applicable,602,Not Applicable,0,,
2024-07-07 16:13:00,CNR7887679625,Canceled by Driver,CID747394,Mini,Chickpet,Mysore Road,,,Not Applicable,Customer was coughing/sick,Not Applicable,Not Applicable,171,Not Applicable,0,,
2024-07-05 05:26:00,CNR8255263669,Success,CID619450,Prime Sedan,Tumkur Road,Langford Town,287.0,55.0,Not Applicable,Not Applicable,No,Not Applicable,296,Cash,25,4.9,4.2
2024-07-10 14:30:00,CNR2156401951,Success,CID534642,Bike,Banashankari,Hebbal,294.0,60.0,Not Applicable,Not Applicable,No,Not Applicable,288,Cash,20,4.5,3.7
2024-07-03 00:04:00,CNR5392005283,Success,CID281004,Mini,Electronic City,Padmanabhanagar,287.0,95.0,Not Applicable,Not Applicable,No,Not Applicable,755,UPI,45,3.9,3.0
2024-07-27 19:54:00,CNR4650924790,Success,CID683829,eBike,KR Puram,Mysore Road,308.0,145.0,Not Applicable,Not Applicable,No,Not Applicable,283,Cash,44,3.6,4.5
2024-07-28 20:32:00,CNR3536893824,Canceled by Driver,CID999854,Mini,Vijayanagar,Chamarajpet,,,Not Applicable,Customer related issue,Not Applicable,Not Applicable,456,Not Applicable,0,,
2024-07-05 23:06:00,CNR8070923131,Success,CID389916,Mini,Chamarajpet,Koramangala,301.0,35.0,Not Applicable,Not Applicable,Yes,Vehicle Breakdown,584,Credit Card,32,3.5,3.7
2024-07-02 09:04:00,CNR9362406993,Canceled by Driver,CID644913,Mini,Yeshwanthpur,Banashankari,,,Not Applicable,Customer related issue,Not Applicable,Not Applicable,2704,Not Applicable,0,,
2024-07-27 04:31:00,CNR8629339751,Success,CID279844,eBike,Yeshwanthpur,Kengeri,119.0,135.0,Not Applicable,Not Applicable,No,Not Applicable,273,Cash,33,3.9,3.4
2024-07-27 05:39:00,CNR5009746363,Success,CID574279,Prime Sedan,Frazer Town,Richmond Town,308.0,50.0,Not Applicable,Not Applicable,No,Not Applicable,124,UPI,49,4.8,3.2
2024-07-02 15:07:00,CNR6071362299,Success,CID639844,Mini,KR Puram,Padmanabhanagar,294.0,80.0,Not Applicable,Not Applicable,No,Not Applicable,745,Cash,25,4.0,5.0
2024-07-20 20:18:00,CNR9878079421,Success,CID695173,Prime Sedan,Chickpet,Yelahanka,196.0,80.0,Not Applicable,Not Applicable,No,Not Applicable,289,Cash,17,4.9,3.8
2024-07-16 09:42:00,CNR7283412996,Success,CID908823,Bike,Jayanagar,Kadugodi,308.0,90.0,Not Applicable,Not Applicable,No,Not Applicable,111,UPI,22,4.5,4.0
2024-07-10 02:41:00,CNR9321286830,Canceled by Driver,CID969067,Prime Plus,Ulsoor,Sahakar Nagar,,,Not Applicable,Personal & Car related issue,Not Applicable,Not Applicable,141,Not Applicable,0,,
2024-07-07 21:35:00,CNR9938037629,Success,CID735845,Prime SUV,Hebbal,Hebbal,133.0,115.0,Not Applicable,Not Applicable,No,Not Applicable,114,Debit Card,41,3.1,4.8
2024-07-06 20:08:00,CNR1209859165,Success,CID454202,Auto,MG Road,Devanahalli,77.0,75.0,Not Applicable,Not Applicable,Yes,Customer Demand,262,UPI,14,4.0,4.0
2024-07-26 20:33:00,CNR3039310433,Success,CID137282,Auto,Chamarajpet,Vijayanagar,147.0,30.0,Not Applicable,Not Applicable,No,Not Applicable,107,Cash,4,3.7,4.1
2024-07-23 18:39:00,CNR5699719096,Canceled by Driver,CID907509,Mini,Rajarajeshwari Nagar,Magadi Road,,,Not Applicable,Personal & Car related issue,Not Applicable,Not Applicable,164,Not Applicable,0,,
2024-07-16 16:10:00,CNR5177791296,Success,CID941232,Mini,Sahakar Nagar,Shivajinagar,224.0,110.0,Not Applicable,Not Applicable,No,Not Applicable,140,UPI,32,3.4,3.5
2024-07-05 20:51:00,CNR3410173029,Success,CID226693,Bike,Frazer Town,Frazer Town,294.0,115.0,Not Applicable,Not Applicable,No,Not Applicable,140,UPI,1,3.1,3.4
2024-07-18 04:08:00,CNR5390325916,Success,CID609153,Prime Sedan,Marathahalli,Magadi Road,238.0,50.0,Not Applicable,Not Applicable,No,Not Applicable,1147,UPI,32,3.9,4.0
2024-07-24 00:00:00,CNR1006231039,Canceled by Driver,CID912624,Auto,Kammanahalli,Bellandur,,,Not Applicable,Personal & Car related issue,Not Applicable,Not Applicable,169,Not Applicable,0,,
2024-07-12 15:34:00,CNR7928957138,Success,CID337845,Auto,Cox Town,RT Nagar,203.0,130.0,Not Applicable,Not Applicable,No,Not Applicable,591,UPI,9,4.5,3.8
2024-07-29 11:37:00,CNR4674012827,Canceled by Customer,CID607696,eBike,Varthur,Frazer Town,,,AC is Not working,Not Applicable,Not Applicable,Not Applicable,488,Not Applicable,0,,
2024-07-13 07:19:00,CNR1537438810,Success,CID588141,Prime SUV,Hulimavu,Bannerghatta Road,63.0,40.0,Not Applicable,Not Applicable,No,Not Applicable,142,Cash,34,5.0,3.8
2024-07-25 18:31:00,CNR3405106556,Success,CID537384,Mini,Peenya,BTM Layout,245.0,35.0,Not Applicable,Not Applicable,Yes,Other Issue,2910,Cash,30,4.0,4.5
2024-07-28 01:35:00,CNR3306360928,Canceled by Driver,CID968912,Auto,Majestic,Koramangala,,,Not Applicable,Customer was coughing/sick,Not Applicable,Not Applicable,150,Not Applicable,0,,
2024-07-17 07:10:00,CNR3180157073,Success,CID703606,Auto,Indiranagar,Magadi Road,70.0,120.0,Not Applicable,Not Applicable,No,Not Applicable,468,Cash,13,3.5,4.9
2024-07-10 21:12:00,CNR8408321345,Success,CID512938,Prime Plus,BTM Layout,Shivajinagar,168.0,105.0,Not Applicable,Not Applicable,No,Not Applicable,278,UPI,32,4.0,3.4
2024-07-28 04:28:00,CNR6784310524,Success,CID474181,Mini,Banashankari,Padmanabhanagar,98.0,135.0,Not Applicable,Not Applicable,No,Not Applicable,597,Cash,29,4.5,3.6
2024-07-04 06:13:00,CNR9727781834,Success,CID333344,Prime Sedan,Kadugodi,Langford Town,308.0,80.0,Not Applicable,Not Applicable,Yes,Customer Demand,394,Cash,14,4.2,3.2
2024-07-04 02:59:00,CNR8163830609,Success,CID212826,Bike,Sarjapur Road,Basavanagudi,287.0,95.0,Not Applicable,Not Applicable,No,Not Applicable,108,Cash,25,4.0,3.8
2024-07-23 08:27:00,CNR5668291531,Success,CID550784,eBike,Sahakar Nagar,Padmanabhanagar,84.0,85.0,Not Applicable,Not Applicable,No,Not Applicable,392,Cash,46,3.5,3.7
2024-07-30 23:21:00,CNR6206800988,Success,CID994017,Prime Sedan,Devanahalli,BTM Layout,175.0,55.0,Not Applicable,Not Applicable,No,Not Applicable,156,Cash,7,4.9,3.7
2024-07-04 03:17:00,CNR2031308348,Success,CID514978,Prime Sedan,Frazer Town,Langford Town,203.0,130.0,Not Applicable,Not Applicable,No,Not Applicable,145,Cash,36,4.1,4.2
2024-07-27 08:48:00,CNR9450220694,Success,CID414408,Mini,Peenya,Peenya,224.0,120.0,Not Applicable,Not Applicable,Yes,Vehicle Breakdown,901,UPI,2,3.6,3.1
2024-07-11 04:11:00,CNR4101726513,Driver Not Found,CID485895,eBike,Bannerghatta Road,Chickpet,,,Not Applicable,Not Applicable,Not Applicable,Not Applicable,242,Not Applicable,0,,
2024-07-08 00:10:00,CNR6153534587,Canceled by Driver,CID693104,Bike,Indiranagar,Majestic,,,Not Applicable,Customer related issue,Not Applicable,Not Applicable,225,Not Applicable,0,,
2024-07-16 16:45:00,CNR4194198019,Success,CID690937,Prime SUV,Cox Town,Jayanagar,245.0,75.0,Not Applicable,Not Applicable,No,Not Applicable,140,UPI,24,3.2,3.6
2024-07-10 23:53:00,CNR3128694656,Canceled by Driver,CID946715,eBike,Shivajinagar,Marathahalli,,,Not Applicable,Personal & Car related issue,Not Applicable,Not Applicable,151,Not Applicable,0,,
2024-07-17 07:39:00,CNR8307179193,Success,CID270958,Prime SUV,Peenya,Hebbal,112.0,80.0,Not Applicable,Not Applicable,No,Not Applicable,733,UPI,18,3.7,4.7
2024-07-14 04:54:00,CNR5576369199,Success,CID312034,Auto,Malleshwaram,Hebbal,224.0,75.0,Not Applicable,Not Applicable,No,Not Applicable,540,Cash,4,4.9,4.5
2024-07-29 15:08:00,CNR5285998265,Canceled by Customer,CID790530,Prime Plus,Shivajinagar,Padmanabhanagar,,,Driver is not moving towards pickup location,Not Applicable,Not Applicable,Not Applicable,136,Not Applicable,0,,
2024-07-05 22:48:00,CNR9811945175,Success,CID249500,Prime Plus,Vijayanagar,Shantinagar,196.0,45.0,Not Applicable,Not Applicable,No,Not Applicable,446,UPI,48,4.1,4.6
2024-07-17 17:47:00,CNR3354789723,Canceled by Driver,CID148555,Prime SUV,Marathahalli,Devanahalli,,,Not Applicable,Customer was coughing/sick,Not Applicable,Not Applicable,843,Not Applicable,0,,
2024-07-25 03:23:00,CNR6638689197,Success,CID475828,eBike,Devanahalli,Magadi Road,231.0,125.0,Not Applicable,Not Applicable,No,Not Applicable,310,Cash,45,4.4,3.7
2024-07-08 16:11:00,CNR1574623059,Canceled by Driver,CID194155,Auto,Varthur,JP Nagar,,,Not Applicable,Personal & Car related issue,Not Applicable,Not Applicable,307,Not Applicable,0,,
2024-07-21 18:46:00,CNR9394239859,Success,CID943368,Mini,Langford Town,Hulimavu,133.0,110.0,Not Applicable,Not Applicable,No,Not Applicable,892,Cash,23,3.7,3.1
2024-07-02 00:11:00,CNR9816261677,Canceled by Customer,CID719054,Prime SUV,Varthur,Indiranagar,,,AC is Not working,Not Applicable,Not Applicable,Not Applicable,202,Not Applicable,0,,
2024-07-25 14:08:00,CNR5151929328,Success,CID531761,Prime Plus,Mysore Road,Sarjapur Road,231.0,70.0,Not Applicable,Not Applicable,No,Not Applicable,412,Cash,18,4.3,4.4
2024-07-02 06:15:00,CNR3522844501,Success,CID378547,Bike,Vijayanagar,Vijayanagar,287.0,140.0,Not Applicable,Not Applicable,No,Not Applicable,106,Cash,48,4.7,4.6
2024-07-12 04:16:00,CNR9649066012,Success,CID911787,Auto,Kengeri,Peenya,140.0,80.0,Not Applicable,Not Applicable,No,Not Applicable,271,Cash,12,3.2,3.7
2024-07-28 22:15:00,CNR3323884331,Success,CID620590,Prime Sedan,Sahakar Nagar,Kengeri,77.0,50.0,Not Applicable,Not Applicable,No,Not Applicable,168,Credit Card,20,3.4,3.5
2024-07-04 05:15:00,CNR5308726627,Success,CID627280,Mini,Malleshwaram,Rajajinagar,84.0,30.0,Not Applicable,Not Applicable,No,Not Applicable,199,UPI,46,3.3,4.1
2024-07-30 14:53:00,CNR4891635895,Canceled by Customer,CID682977,Prime Sedan,Padmanabhanagar,Electronic City,,,Driver is not moving towards pickup location,Not Applicable,Not Applicable,Not Applicable,236,Not Applicable,0,,
2024-07-17 05:45:00,CNR3337927395,Success,CID639810,Prime Plus,Shivajinagar,Shivajinagar,84.0,90.0,Not Applicable,Not Applicable,No,Not Applicable,234,UPI,15,3.2,3.4
2024-07-29 21:18:00,CNR7634036879,Driver Not Found,CID371184,Prime SUV,Bannerghatta Road,Rajajinagar,,,Not Applicable,Not Applicable,Not Applicable,Not Applicable,534,Not Applicable,0,,
2024-07-09 10:48:00,CNR9000736594,Driver Not Found,CID932649,Prime Plus,Varthur,RT Nagar,,,Not Applicable,Not Applicable,Not Applicable,Not Applicable,321,Not Applicable,0,,
2024-07-14 11:29:00,CNR9334110237,Canceled by Driver,CID961426,Mini,Kadugodi,Jayanagar,,,Not Applicable,Customer related issue,Not Applicable,Not Applicable,309,Not Applicable,0,,
2024-07-03 17:55:00,CNR1014933991,Success,CID270112,Prime Sedan,Frazer Town,Yelahanka,259.0,30.0,Not Applicable,Not Applicable,No,Not Applicable,358,Cash,26,4.0,3.2
2024-07-02 23:43:00,CNR1326312889,Success,CID185587,Auto,Bannerghatta Road,Nagarbhavi,280.0,75.0,Not Applicable,Not Applicable,Yes,Vehicle Breakdown,171,Credit Card,1,4.3,4.2
2024-07-19 21:29:00,CNR1924497945,Success,CID970652,Mini,Yeshwanthpur,Frazer Town,112.0,60.0,Not Applicable,Not Applicable,No,Not Applicable,486,Cash,12,4.4,4.2
2024-07-25 12:14:00,CNR1482661153,Success,CID499417,eBike,Bellandur,Yelahanka,287.0,35.0,Not Applicable,Not Applicable,No,Not Applicable,279,Cash,17,4.5,3.5
2024-07-07 17:39:00,CNR1334985167,Success,CID394436,Prime SUV,Marathahalli,Devanahalli,105.0,55.0,Not Applicable,Not Applicable,No,Not Applicable,901,Cash,24,3.7,3.9
2024-07-10 12:42:00,CNR1076593043,Canceled by Driver,CID507691,Prime SUV,Rajajinagar,Devanahalli,,,Not Applicable,Customer was coughing/sick,Not Applicable,Not Applicable,407,Not Applicable,0,,
2024-07-18 17:51:00,CNR7308211027,Canceled by Driver,CID947793,Mini,Bellandur,Bellandur,,,Not Applicable,Personal & Car related issue,Not Applicable,Not Applicable,356,Not Applicable,0,,
2024-07-23 09:03:00,CNR3647215649,Success,CID644185,Prime Plus,Rajajinagar,BTM Layout,112.0,45.0,Not Applicable,Not Applicable,No,Not Applicable,398,Cash,23,4.7,3.8
2024-07-12 09:37:00,CNR2751315443,Canceled by Driver,CID656477,Bike,MG Road,Shivajinagar,,,Not Applicable,Customer was coughing/sick,Not Applicable,Not Applicable,818,Not Applicable,0,,
2024-07-20 14:04:00,CNR6232888283,Canceled by Driver,CID722566,Auto,Kammanahalli,Vijayanagar,,,Not Applicable,Customer was coughing/sick,Not Applicable,Not Applicable,1775,Not Applicable,0,,
2024-07-09 12:27:00,CNR4507175518,Success,CID317961,Auto,Tumkur Road,Devanahalli,182.0,65.0,Not Applicable,Not Applicable,No,Not Applicable,484,UPI,11,3.5,3.3
2024-07-14 23:49:00,CNR3044854845,Success,CID543245,Prime Sedan,Jayanagar,Varthur,203.0,35.0,Not Applicable,Not Applicable,No,Not Applicable,309,UPI,37,3.2,3.6
2024-07-20 16:29:00,CNR9659875798,Success,CID668510,Auto,KR Puram,Koramangala,252.0,105.0,Not Applicable,Not Applicable,No,Not Applicable,148,Cash,4,4.1,4.9
2024-07-16 06:06:00,CNR4455712401,Success,CID525768,Auto,Marathahalli,JP Nagar,133.0,50.0,Not Applicable,Not Applicable,No,Not Applicable,318,Cash,10,3.3,3.9
2024-07-27 08:39:00,CNR2301993236,Success,CID958234,Prime Plus,Vijayanagar,Indiranagar,70.0,100.0,Not Applicable,Not Applicable,No,Not Applicable,232,Cash,33,3.2,3.5
2024-07-19 12:03:00,CNR9127910419,Canceled by Driver,CID618451,eBike,Hosur Road,Tumkur Road,,,Not Applicable,Customer related issue,Not Applicable,Not Applicable,231,Not Applicable,0,,
2024-07-12 09:16:00,CNR2046963636,Success,CID704835,Bike,Rajarajeshwari Nagar,Koramangala,161.0,100.0,Not Applicable,Not Applicable,Yes,Vehicle Breakdown,455,UPI,3,3.5,4.0
2024-07-20 17:07:00,CNR1490292731,Success,CID591211,Mini,Cox Town,Magadi Road,119.0,50.0,Not Applicable,Not Applicable,No,Not Applicable,278,Credit Card,30,4.0,4.7
2024-07-12 22:07:00,CNR8854331377,Success,CID392181,eBike,Rajarajeshwari Nagar,Electronic City,140.0,90.0,Not Applicable,Not Applicable,No,Not Applicable,1478,Debit Card,30,3.8,3.5
2024-07-06 20:50:00,CNR1931437471,Success,CID740924,Bike,Chickpet,Langford Town,126.0,35.0,Not Applicable,Not Applicable,No,Not Applicable,2233,Cash,41,4.2,3.2
2024-07-22 23:20:00,CNR7207082658,Canceled by Driver,CID303847,Auto,Magadi Road,Tumkur Road,,,Not Applicable,More than permitted people in there,Not Applicable,Not Applicable,656,Not Applicable,0,,
2024-07-08 13:59:00,CNR5110669800,Canceled by Driver,CID803556,Prime Plus,Mysore Road,Sarjapur Road,,,Not Applicable,Personal & Car related issue,Not Applicable,Not Applicable,447,Not Applicable,0,,
2024-07-20 05:45:00,CNR1277640186,Success,CID892580,Prime Plus,Hosur Road,KR Puram,112.0,50.0,Not Applicable,Not Applicable,No,Not Applicable,339,Cash,18,4.1,4.7
2024-07-21 08:00:00,CNR3852531603,Driver Not Found,CID426985,Mini,Shantinagar,Yelahanka,,,Not Applicable,Not Applicable,Not Applicable,Not Applicable,216,Not Applicable,0,,
2024-07-03 09:50:00,CNR1676286382,Canceled by Driver,CID174261,Prime SUV,Hulimavu,Sahakar Nagar,,,Not Applicable,Personal & Car related issue,Not Applicable,Not Applicable,375,Not Applicable,0,,
2024-07-16 01:24:00,CNR1197537421,Driver Not Found,CID902734,Auto,Yeshwanthpur,Malleshwaram,,,Not Applicable,Not Applicable,Not Applicable,Not Applicable,318,Not Applicable,0,,
2024-07-28 22:32:00,CNR6471117987,Canceled by Customer,CID346134,Auto,Nagarbhavi,Ramamurthy Nagar,,,Driver asked to cancel,Not Applicable,Not Applicable,Not Applicable,633,Not Applicable,0,,
2024-07-05 19:29:00,CNR6286232393,Success,CID825735,Prime SUV,Hosur Road,Hosur Road,126.0,55.0,Not Applicable,Not Applicable,No,Not Applicable,122,Cash,8,4.5,4.8
2024-07-06 01:15:00,CNR6245267249,Success,CID629672,Prime Plus,Basavanagudi,Kengeri,49.0,25.0,Not Applicable,Not Applicable,No,Not Applicable,188,Cash,36,3.5,4.3
2024-07-19 19:55:00,CNR2454310299,Canceled by Driver,CID807031,Prime Plus,KR Puram,MG Road,,,Not Applicable,Customer related issue,Not Applicable,Not Applicable,276,Not Applicable,0,,
2024-07-28 06:20:00,CNR9483758349,Canceled by Customer,CID529271,Bike,Marathahalli,MG Road,,,Wrong Address,Not Applicable,Not Applicable,Not Applicable,109,Not Applicable,0,,
2024-07-24 16:49:00,CNR7135895721,Canceled by Customer,CID306666,Prime SUV,Bellandur,Chamarajpet,,,Driver asked to cancel,Not Applicable,Not Applicable,Not Applicable,422,Not Applicable,0,,
2024-07-04 15:59:00,CNR2132230784,Canceled by Driver,CID403838,Mini,Padmanabhanagar,Chamarajpet,,,Not Applicable,More than permitted people in there,Not Applicable,Not Applicable,674,Not Applicable,0,,
2024-07-12 08:24:00,CNR4567868240,Canceled by Driver,CID626755,Prime Sedan,Tumkur Road,Malleshwaram,,,Not Applicable,Personal & Car related issue,Not Applicable,Not Applicable,256,Not Applicable,0,,
2024-07-29 22:07:00,CNR3617010291,Driver Not Found,CID670395,Bike,Chickpet,Peenya,,,Not Applicable,Not Applicable,Not Applicable,Not Applicable,2450,Not Applicable,0,,
2024-07-09 00:27:00,CNR7291153394,Success,CID405135,Mini,Banashankari,Varthur,175.0,85.0,Not Applicable,Not Applicable,No,Not Applicable,1411,Cash,48,3.3,3.6
2024-07-03 01:48:00,CNR1655964518,Success,CID933660,Prime Plus,Chickpet,Kammanahalli,126.0,90.0,Not Applicable,Not Applicable,Yes,Vehicle Breakdown,106,Cash,23,4.4,4.8
2024-07-03 03:05:00,CNR5492988058,Success,CID655084,Bike,Cox Town,Varthur,273.0,115.0,Not Applicable,Not Applicable,No,Not Applicable,124,Cash,16,3.1,4.5
2024-07-16 04:06:00,CNR1589117817,Driver Not Found,CID608663,Prime SUV,Electronic City,Kengeri,,,Not Applicable,Not Applicable,Not Applicable,Not Applicable,481,Not Applicable,0,,
2024-07-26 03:32:00,CNR6747637721,Success,CID505371,Bike,Yeshwanthpur,Koramangala,287.0,35.0,Not Applicable,Not Applicable,No,Not Applicable,101,Cash,42,3.8,3.3
2024-07-07 18:04:00,CNR3108555390,Success,CID702435,Mini,Rajajinagar,JP Nagar,49.0,65.0,Not Applicable,Not Applicable,No,Not Applicable,2675,Cash,19,3.8,3.6
2024-07-23 17:48:00,CNR6005067697,Success,CID641073,Auto,Kadugodi,Banashankari,133.0,90.0,Not Applicable,Not Applicable,No,Not Applicable,303,Cash,13,4.7,3.2
2024-07-01 03:36:00,CNR1003243021,Success,CID953482,Prime SUV,Bannerghatta Road,Indiranagar,231.0,100.0,Not Applicable,Not Applicable,No,Not Applicable,819,UPI,45,4.5,4.6
2024-07-11 04:58:00,CNR1973591991,Success,CID653537,Prime Sedan,Frazer Town,Chamarajpet,112.0,75.0,Not Applicable,Not Applicable,No,Not Applicable,1796,UPI,35,3.5,4.6
2024-07-02 22:04:00,CNR4386357705,Canceled by Customer,CID875883,Prime Sedan,Padmanabhanagar,Hennur,,,Driver asked to cancel,Not Applicable,Not Applicable,Not Applicable,372,Not Applicable,0,,
2024-07-01 01:44:00,CNR4432258572,Success,CID977500,Prime SUV,Majestic,Nagarbhavi,154.0,145.0,Not Applicable,Not Applicable,No,Not Applicable,186,UPI,5,3.1,4.7
2024-07-10 23:05:00,CNR4168668042,Canceled by Driver,CID486405,Mini,Basavanagudi,Indiranagar,,,Not Applicable,Customer related issue,Not Applicable,Not Applicable,420,Not Applicable,0,,
2024-07-22 10:56:00,CNR7422999411,Canceled by Driver,CID649427,Auto,Mysore Road,Shantinagar,,,Not Applicable,More than permitted people in there,Not Applicable,Not Applicable,426,Not Applicable,0,,
2024-07-26 18:52:00,CNR1002835436,Success,CID281203,eBike,BTM Layout,Basavanagudi,238.0,55.0,Not Applicable,Not Applicable,No,Not Applicable,248,Cash,21,4.1,3.8
2024-07-27 21:03:00,CNR1053383842,Success,CID615312,Bike,Shivajinagar,Malleshwaram,175.0,115.0,Not Applicable,Not Applicable,No,Not Applicable,297,UPI,47,4.4,4.6
2024-07-03 18:43:00,CNR8404053464,Success,CID167498,Mini,Mysore Road,Peenya,105.0,70.0,Not Applicable,Not Applicable,No,Not Applicable,996,Cash,5,3.5,4.2
2024-07-10 14:50:00,CNR1045144767,Success,CID395671,Mini,Kadugodi,Tumkur Road,63.0,120.0,Not Applicable,Not Applicable,No,Not Applicable,376,UPI,22,3.6,4.3
2024-07-14 03:38:00,CNR1243492994,Success,CID890107,Auto,Richmond Town,Banashankari,273.0,115.0,Not Applicable,Not Applicable,No,Not Applicable,930,Cash,17,3.2,3.9
2024-07-15 21:20:00,CNR7513648089,Success,CID330575,Auto,Tumkur Road,Hennur,294.0,70.0,Not Applicable,Not Applicable,No,Not Applicable,220,Cash,15,3.7,3.5
2024-07-12 16:58:00,CNR9749969856,Success,CID949339,Mini,Marathahalli,Rajarajeshwari Nagar,161.0,135.0,Not Applicable,Not Applicable,No,Not Applicable,278,Cash,18,3.8,3.3
2024-07-11 00:23:00,CNR7369188776,Canceled by Driver,CID189355,Auto,Rajajinagar,Whitefield,,,Not Applicable,Personal & Car related issue,Not Applicable,Not Applicable,387,Not Applicable,0,,
2024-07-01 11:09:00,CNR9313168584,Success,CID775750,Prime Sedan,Yelahanka,KR Puram,63.0,85.0,Not Applicable,Not Applicable,No,Not Applicable,2480,Cash,15,5.0,3.3
2024-07-08 15:35:00,CNR6672043602,Success,CID370503,Prime Plus,Richmond Town,Ulsoor,231.0,85.0,Not Applicable,Not Applicable,No,Not Applicable,315,Cash,49,4.1,4.7
2024-07-13 20:28:00,CNR9495927472,Canceled by Driver,CID713065,Mini,BTM Layout,Padmanabhanagar,,,Not Applicable,Customer related issue,Not Applicable,Not Applicable,280,Not Applicable,0,,
2024-07-14 20:12:00,CNR5743116046,Driver Not Found,CID679197,eBike,Kadugodi,Ramamurthy Nagar,,,Not Applicable,Not Applicable,Not Applicable,Not Applicable,525,Not Applicable,0,,
2024-07-25 11:57:00,CNR4858163518,Success,CID989597,Prime Plus,Sahakar Nagar,Malleshwaram,119.0,95.0,Not Applicable,Not Applicable,No,Not Applicable,273,UPI,41,3.4,4.9
2024-07-06 10:22:00,CNR6735460904,Canceled by Driver,CID652502,Prime Plus,Hennur,Frazer Town,,,Not Applicable,Customer related issue,Not Applicable,Not Applicable,570,Not Applicable,0,,
2024-07-03 19:56:00,CNR1699000341,Driver Not Found,CID521481,Auto,Kadugodi,Kammanahalli,,,Not Applicable,Not Applicable,Not Applicable,Not Applicable,231,Not Applicable,0,,
2024-07-15 12:18:00,CNR9758174223,Success,CID474565,eBike,Magadi Road,Hennur,175.0,105.0,Not Applicable,Not Applicable,No,Not Applicable,543,Cash,36,4.7,4.5
2024-07-07 22:41:00,CNR1496914683,Success,CID353726,Prime Sedan,JP Nagar,Majestic,238.0,25.0,Not Applicable,Not Applicable,No,Not Applicable,340,Cash,32,3.8,3.5
2024-07-12 18:09:00,CNR7447559225,Success,CID646607,Bike,Sarjapur Road,Sahakar Nagar,56.0,40.0,Not Applicable,Not Applicable,No,Not Applicable,642,UPI,3,3.9,4.6
2024-07-25 14:30:00,CNR9228902594,Canceled by Driver,CID627045,Prime Plus,Koramangala,Tumkur Road,,,Not Applicable,Customer related issue,Not Applicable,Not Applicable,788,Not Applicable,0,,
2024-07-27 20:13:00,CNR6696022504,Success,CID858782,Prime Sedan,MG Road,Ramamurthy Nagar,203.0,135.0,Not Applicable,Not Applicable,No,Not Applicable,201,UPI,32,4.2,4.0
2024-07-06 05:53:00,CNR6058109315,Success,CID882458,Prime Sedan,Shivajinagar,Bellandur,308.0,125.0,Not Applicable,Not Applicable,No,Not Applicable,277,Cash,47,3.7,4.0
2024-07-25 19:28:00,CNR1631322029,Driver Not Found,CID947644,Auto,Ramamurthy Nagar,MG Road,,,Not Applicable,Not Applicable,Not Applicable,Not Applicable,443,Not Applicable,0,,
2024-07-14 13:37:00,CNR3239612143,Success,CID429179,Prime Plus,Electronic City,Devanahalli,238.0,85.0,Not Applicable,Not Applicable,No,Not Applicable,738,UPI,25,4.8,4.5
2024-07-01 03:34:00,CNR6595425871,Canceled by Customer,CID283393,Auto,Majestic,Kengeri,,,Change of plans,Not Applicable,Not Applicable,Not Applicable,269,Not Applicable,0,,
2024-07-23 17:57:00,CNR6542814352,Canceled by Driver,CID536394,Prime Sedan,Cox Town,Hosur Road,,,Not Applicable,Customer was coughing/sick,Not Applicable,Not Applicable,216,Not Applicable,0,,
2024-07-07 20:25:00,CNR7279103981,Success,CID780626,eBike,Bellandur,Frazer Town,189.0,110.0,Not Applicable,Not Applicable,No,Not Applicable,415,UPI,6,3.7,4.5
2024-07-17 00:41:00,CNR3864054223,Canceled by Customer,CID743766,Prime SUV,Basavanagudi,Chamarajpet,,,Driver asked to cancel,Not Applicable,Not Applicable,Not Applicable,994,Not Applicable,0,,
2024-07-29 14:12:00,CNR1778620255,Success,CID989665,Prime Plus,Bellandur,Yeshwanthpur,231.0,45.0,Not Applicable,Not Applicable,No,Not Applicable,723,UPI,45,3.5,4.5
2024-07-17 23:35:00,CNR9277908129,Success,CID114648,Prime Plus,Bellandur,Majestic,119.0,140.0,Not Applicable,Not Applicable,No,Not Applicable,170,Cash,49,3.3,3.7
2024-07-28 16:10:00,CNR6080004962,Success,CID419230,Mini,Shantinagar,Koramangala,77.0,95.0,Not Applicable,Not Applicable,No,Not Applicable,502,Cash,9,3.2,3.8
2024-07-02 06:51:00,CNR7674608462,Driver Not Found,CID253642,Auto,Kammanahalli,Cox Town,,,Not Applicable,Not Applicable,Not Applicable,Not Applicable,673,Not Applicable,0,,
2024-07-09 13:10:00,CNR8711127039,Canceled by Driver,CID588796,Mini,Magadi Road,Bannerghatta Road,,,Not Applicable,More than permitted people in there,Not Applicable,Not Applicable,262,Not Applicable,0,,
2024-07-28 14:57:00,CNR1826789523,Success,CID135179,Prime Plus,Banashankari,Rajajinagar,154.0,55.0,Not Applicable,Not Applicable,No,Not Applicable,307,UPI,41,4.1,4.4
2024-07-28 18:49:00,CNR1773456223,Success,CID747439,Prime SUV,BTM Layout,Sarjapur Road,42.0,35.0,Not Applicable,Not Applicable,No,Not Applicable,424,UPI,1,4.3,4.6
2024-07-30 21:26:00,CNR5918849520,Success,CID720546,Prime SUV,Koramangala,Chickpet,308.0,55.0,Not Applicable,Not Applicable,No,Not Applicable,214,Cash,1,3.1,4.3
2024-07-25 20:03:00,CNR7563886154,Driver Not Found,CID890929,Prime Sedan,Hennur,BTM Layout,,,Not Applicable,Not Applicable,Not Applicable,Not Applicable,2846,Not Applicable,0,,
2024-07-18 23:09:00,CNR7032281711,Success,CID602027,Prime Plus,Hulimavu,Padmanabhanagar,287.0,40.0,Not Applicable,Not Applicable,No,Not Applicable,389,Cash,26,4.9,3.4
2024-07-09 19:31:00,CNR2880134528,Success,CID117728,Bike,Hennur,Hosur Road,217.0,95.0,Not Applicable,Not Applicable,No,Not Applicable,366,UPI,4,4.2,3.2
2024-07-21 18:50:00,CNR5929307303,Success,CID359647,Auto,Marathahalli,Magadi Road,91.0,100.0,Not Applicable,Not Applicable,No,Not Applicable,317,UPI,4,3.3,4.8
2024-07-23 23:26:00,CNR1404125050,Success,CID674640,Bike,Ulsoor,Cox Town,287.0,140.0,Not Applicable,Not Applicable,No,Not Applicable,168,Cash,30,4.5,4.8
2024-07-14 05:29:00,CNR6675601611,Success,CID667793,Auto,Tumkur Road,Peenya,182.0,40.0,Not Applicable,Not Applicable,No,Not Applicable,294,Cash,11,4.7,3.8
2024-07-23 12:43:00,CNR8783112165,Success,CID429703,Prime Sedan,RT Nagar,Kengeri,266.0,115.0,Not Applicable,Not Applicable,No,Not Applicable,2427,Cash,41,3.4,4.9
2024-07-25 00:53:00,CNR1728574731,Driver Not Found,CID368729,Prime SUV,Hosur Road,Basavanagudi,,,Not Applicable,Not Applicable,Not Applicable,Not Applicable,267,Not Applicable,0,,
2024-07-23 13:00:00,CNR8843293788,Canceled by Driver,CID758580,Prime Plus,Banashankari,Whitefield,,,Not Applicable,Personal & Car related issue,Not Applicable,Not Applicable,165,Not Applicable,0,,
2024-07-15 01:19:00,CNR5718594358,Success,CID318350,eBike,Jayanagar,Mysore Road,224.0,120.0,Not Applicable,Not Applicable,No,Not Applicable,271,UPI,15,5.0,4.1
2024-07-28 22:30:00,CNR4440575307,Success,CID540801,Bike,Tumkur Road,Mysore Road,287.0,105.0,Not Applicable,Not Applicable,No,Not Applicable,457,Cash,30,3.2,4.3
2024-07-20 10:20:00,CNR5306018710,Canceled by Customer,CID623120,Prime SUV,BTM Layout,Rajarajeshwari Nagar,,,Driver is not moving towards pickup location,Not Applicable,Not Applicable,Not Applicable,1266,Not Applicable,0,,
2024-07-09 04:18:00,CNR6671315210,Canceled by Customer,CID676561,Mini,Basavanagudi,MG Road,,,AC is Not working,Not Applicable,Not Applicable,Not Applicable,463,Not Applicable,0,,
2024-07-04 23:20:00,CNR5730955055,Success,CID516486,Prime Plus,Hebbal,Malleshwaram,168.0,85.0,Not Applicable,Not Applicable,No,Not Applicable,160,UPI,23,4.4,4.1
2024-07-07 00:26:00,CNR1315503362,Success,CID297523,Mini,Magadi Road,Kammanahalli,42.0,60.0,Not Applicable,Not Applicable,No,Not Applicable,694,Cash,34,4.5,4.4
2024-07-04 11:46:00,CNR7767530349,Success,CID245043,Mini,Sarjapur Road,Tumkur Road,301.0,40.0,Not Applicable,Not Applicable,No,Not Applicable,499,Cash,13,3.2,4.2
2024-07-22 02:21:00,CNR6209297136,Canceled by Driver,CID837934,Mini,Langford Town,Bellandur,,,Not Applicable,Customer was coughing/sick,Not Applicable,Not Applicable,2373,Not Applicable,0,,
2024-07-10 19:04:00,CNR8986729670,Success,CID970246,eBike,Mysore Road,Chamarajpet,182.0,50.0,Not Applicable,Not Applicable,No,Not Applicable,426,UPI,3,4.8,4.3
2024-07-14 21:43:00,CNR8122219730,Canceled by Customer,CID818591,Prime Sedan,Sarjapur Road,Ulsoor,,,Change of plans,Not Applicable,Not Applicable,Not Applicable,322,Not Applicable,0,,
2024-07-13 22:39:00,CNR8070232581,Success,CID522501,Bike,KR Puram,BTM Layout,210.0,125.0,Not Applicable,Not Applicable,No,Not Applicable,112,UPI,19,3.3,3.8
2024-07-05 12:30:00,CNR3989440945,Success,CID258032,eBike,Whitefield,Shantinagar,112.0,145.0,Not Applicable,Not Applicable,No,Not Applicable,723,Cash,23,4.8,3.3
2024-07-11 03:48:00,CNR1494959340,Success,CID661851,Prime Plus,BTM Layout,Ulsoor,126.0,135.0,Not Applicable,Not Applicable,No,Not Applicable,267,Cash,25,4.0,4.2
2024-07-05 02:55:00,CNR3836743239,Success,CID423197,Prime Sedan,Chamarajpet,Varthur,140.0,70.0,Not Applicable,Not Applicable,No,Not Applicable,733,Cash,16,3.2,4.4
2024-07-10 15:04:00,CNR9470801130,Success,CID781039,Prime Sedan,Basavanagudi,Varthur,203.0,30.0,Not Applicable,Not Applicable,No,Not Applicable,339,Cash,38,5.0,4.4
2024-07-01 11:13:00,CNR6516902904,Success,CID384069,Prime SUV,Langford Town,HSR Layout,175.0,135.0,Not Applicable,Not Applicable,No,Not Applicable,307,Cash,6,3.9,4.0
2024-07-19 19:11:00,CNR8568746362,Success,CID873623,Mini,Richmond Town,BTM Layout,210.0,50.0,Not Applicable,Not Applicable,No,Not Applicable,379,UPI,30,4.0,3.5
2024-07-23 08:20:00,CNR9946443578,Success,CID164368,Bike,Ramamurthy Nagar,Sahakar Nagar,84.0,45.0,Not Applicable,Not Applicable,No,Not Applicable,470,UPI,49,4.3,5.0
2024-07-06 18:49:00,CNR5506489781,Success,CID504633,Auto,Tumkur Road,Jayanagar,49.0,130.0,Not Applicable,Not Applicable,No,Not Applicable,155,Cash,6,3.4,3.6
2024-07-10 10:43:00,CNR1936414827,Success,CID299518,Prime Sedan,Peenya,Sahakar Nagar,105.0,45.0,Not Applicable,Not Applicable,No,Not Applicable,163,UPI,39,3.4,3.7
2024-07-19 15:50:00,CNR8512756854,Success,CID428136,Auto,Devanahalli,Hennur,266.0,85.0,Not Applicable,Not Applicable,No,Not Applicable,319,UPI,3,4.6,3.2
2024-07-21 18:52:00,CNR1968117427,Success,CID178343,eBike,Rajajinagar,Magadi Road,217.0,105.0,Not Applicable,Not Applicable,No,Not Applicable,218,Cash,29,4.1,4.9
2024-07-27 01:26:00,CNR3283113768,Success,CID350753,eBike,Vijayanagar,Jayanagar,294.0,135.0,Not Applicable,Not Applicable,No,Not Applicable,213,Cash,29,4.0,4.4
2024-07-20 01:56:00,CNR3481219097,Canceled by Customer,CID737250,Prime Sedan,Basavanagudi,Ramamurthy Nagar,,,Wrong Address,Not Applicable,Not Applicable,Not Applicable,346,Not Applicable,0,,
2024-07-17 07:29:00,CNR8267863919,Canceled by Customer,CID577925,Auto,BTM Layout,Banashankari,,,Wrong Address,Not Applicable,Not Applicable,Not Applicable,327,Not Applicable,0,,
2024-07-18 20:56:00,CNR5231336938,Success,CID416248,Prime SUV,Langford Town,Hulimavu,301.0,95.0,Not Applicable,Not Applicable,No,Not Applicable,348,UPI,38,3.6,3.3
2024-07-28 15:54:00,CNR1212604880,Canceled by Customer,CID174618,Mini,Indiranagar,Shantinagar,,,Driver is not moving towards pickup location,Not Applicable,Not Applicable,Not Applicable,448,Not Applicable,0,,
2024-07-25 01:14:00,CNR9081965994,Canceled by Driver,CID853555,eBike,JP Nagar,Chickpet,,,Not Applicable,Customer related issue,Not Applicable,Not Applicable,844,Not Applicable,0,,
2024-07-21 02:21:00,CNR4541659255,Success,CID136421,Auto,Rajarajeshwari Nagar,Basavanagudi,140.0,70.0,Not Applicable,Not Applicable,No,Not Applicable,713,Credit Card,10,4.7,3.6
2024-07-23 12:34:00,CNR6651464227,Success,CID572514,Auto,Langford Town,HSR Layout,98.0,50.0,Not Applicable,Not Applicable,No,Not Applicable,446,Cash,12,4.9,3.9
2024-07-01 08:15:00,CNR5199471442,Success,CID359818,Prime Plus,Nagarbhavi,Hulimavu,308.0,95.0,Not Applicable,Not Applicable,No,Not Applicable,341,UPI,25,3.9,3.5
2024-07-26 11:21:00,CNR4947975618,Driver Not Found,CID501741,eBike,Langford Town,Vijayanagar,,,Not Applicable,Not Applicable,Not Applicable,Not Applicable,137,Not Applicable,0,,
2024-07-29 23:52:00,CNR2045539282,Driver Not Found,CID558507,Prime Sedan,Kengeri,Chamarajpet,,,Not Applicable,Not Applicable,Not Applicable,Not Applicable,323,Not Applicable,0,,
2024-07-21 02:47:00,CNR9218107279,Success,CID955799,eBike,Varthur,KR Puram,224.0,45.0,Not Applicable,Not Applicable,No,Not Applicable,909,Credit Card,11,4.9,4.3
2024-07-22 03:56:00,CNR9919951630,Success,CID366060,Bike,Shivajinagar,Varthur,196.0,115.0,Not Applicable,Not Applicable,No,Not Applicable,389,UPI,39,4.6,4.5
2024-07-18 04:43:00,CNR2975855680,Success,CID638613,Mini,Padmanabhanagar,Jayanagar,308.0,100.0,Not Applicable,Not Applicable,No,Not Applicable,145,Cash,9,3.2,3.8
2024-07-20 05:02:00,CNR8869976995,Success,CID363056,Mini,Jayanagar,Kammanahalli,98.0,105.0,Not Applicable,Not Applicable,No,Not Applicable,298,UPI,10,3.2,4.8
2024-07-17 06:34:00,CNR2272451781,Success,CID549573,Prime Sedan,Magadi Road,Cox Town,259.0,100.0,Not Applicable,Not Applicable,No,Not Applicable,252,Cash,17,4.3,3.1
2024-07-16 04:04:00,CNR9575599663,Success,CID662798,Auto,Langford Town,Bellandur,203.0,115.0,Not Applicable,Not Applicable,No,Not Applicable,139,UPI,15,3.7,3.1
2024-07-07 04:09:00,CNR6312351140,Success,CID264714,Auto,Ramamurthy Nagar,Koramangala,196.0,145.0,Not Applicable,Not Applicable,No,Not Applicable,377,UPI,8,3.4,4.5
2024-07-18 19:13:00,CNR5511021373,Success,CID332305,Prime SUV,Kengeri,RT Nagar,35.0,85.0,Not Applicable,Not Applicable,No,Not Applicable,565,UPI,31,4.0,3.3
2024-07-07 06:37:00,CNR9591458284,Success,CID487281,eBike,Bannerghatta Road,JP Nagar,245.0,145.0,Not Applicable,Not Applicable,No,Not Applicable,351,Cash,1,5.0,3.8
2024-07-14 16:51:00,CNR4355707223,Success,CID584935,Mini,Rajajinagar,Bannerghatta Road,35.0,45.0,Not Applicable,Not Applicable,No,Not Applicable,162,UPI,11,4.5,4.7
2024-07-07 00:01:00,CNR8789814808,Success,CID138699,eBike,Devanahalli,Shivajinagar,56.0,55.0,Not Applicable,Not Applicable,No,Not Applicable,294,Cash,36,4.1,4.2
2024-07-14 07:29:00,CNR2436349595,Success,CID554394,eBike,Chamarajpet,Hennur,56.0,60.0,Not Applicable,Not Applicable,No,Not Applicable,336,Cash,48,4.4,4.6
2024-07-29 10:22:00,CNR9249549358,Success,CID157062,Mini,Indiranagar,Malleshwaram,84.0,105.0,Not Applicable,Not Applicable,No,Not Applicable,863,UPI,27,3.1,3.5
2024-07-22 04:34:00,CNR9371355900,Success,CID164753,Prime SUV,Hennur,Devanahalli,161.0,125.0,Not Applicable,Not Applicable,No,Not Applicable,287,Cash,41,3.8,4.4
2024-07-05 21:35:00,CNR3898045342,Success,CID509539,eBike,Hulimavu,RT Nagar,77.0,115.0,Not Applicable,Not Applicable,No,Not Applicable,362,Cash,17,3.9,3.9
2024-07-07 05:04:00,CNR8925447701,Success,CID280538,Prime Sedan,Cox Town,JP Nagar,224.0,145.0,Not Applicable,Not Applicable,No,Not Applicable,1520,UPI,31,3.5,4.1
2024-07-03 20:27:00,CNR3054006268,Canceled by Customer,CID781591,Bike,Marathahalli,Kengeri,,,Driver asked to cancel,Not Applicable,Not Applicable,Not Applicable,242,Not Applicable,0,,
2024-07-12 07:08:00,CNR8221627624,Canceled by Driver,CID688978,Prime SUV,Frazer Town,Sarjapur Road,,,Not Applicable,Customer related issue,Not Applicable,Not Applicable,338,Not Applicable,0,,
2024-07-03 06:28:00,CNR3695084219,Success,CID763428,Auto,BTM Layout,Langford Town,231.0,105.0,Not Applicable,Not Applicable,No,Not Applicable,654,Cash,5,4.2,4.5
2024-07-20 12:55:00,CNR6524998110,Success,CID304296,Prime Plus,Cox Town,Chickpet,63.0,135.0,Not Applicable,Not Applicable,No,Not Applicable,363,UPI,18,4.8,4.1
2024-07-06 17:24:00,CNR6955996639,Canceled by Driver,CID619998,eBike,Ulsoor,HSR Layout,,,Not Applicable,Customer was coughing/sick,Not Applicable,Not Applicable,382,Not Applicable,0,,
2024-07-21 18:38:00,CNR8336541796,Canceled by Customer,CID681190,eBike,Ramamurthy Nagar,RT Nagar,,,Driver is not moving towards pickup location,Not Applicable,Not Applicable,Not Applicable,289,Not Applicable,0,,
2024-07-01 21:28:00,CNR2971226668,Canceled by Customer,CID723453,Prime SUV,Tumkur Road,Yelahanka,,,Driver asked to cancel,Not Applicable,Not Applicable,Not Applicable,1497,Not Applicable,0,,
2024-07-29 07:36:00,CNR7884548440,Success,CID254694,Prime Plus,Ulsoor,Rajajinagar,98.0,115.0,Not Applicable,Not Applicable,No,Not Applicable,265,UPI,41,3.8,4.9
2024-07-13 12:02:00,CNR5196269927,Success,CID790282,Mini,Chamarajpet,RT Nagar,168.0,90.0,Not Applicable,Not Applicable,No,Not Applicable,541,Cash,4,3.1,4.3
2024-07-26 02:37:00,CNR7439663675,Success,CID789930,Prime Plus,Bellandur,Bellandur,210.0,145.0,Not Applicable,Not Applicable,No,Not Applicable,611,Cash,45,3.7,4.8
2024-07-06 20:03:00,CNR8513590792,Success,CID765271,Prime Sedan,HSR Layout,Indiranagar,154.0,130.0,Not Applicable,Not Applicable,No,Not Applicable,441,UPI,7,4.7,5.0
2024-07-05 15:22:00,CNR8870886157,Success,CID274211,eBike,Mysore Road,Sahakar Nagar,308.0,60.0,Not Applicable,Not Applicable,No,Not Applicable,127,Cash,16,4.4,4.1
2024-07-30 01:17:00,CNR9946736713,Success,CID970649,Prime Plus,Chamarajpet,Kadugodi,189.0,90.0,Not Applicable,Not Applicable,No,Not Applicable,181,Cash,25,3.1,3.1
2024-07-02 05:16:00,CNR6257482619,Success,CID183592,Auto,Rajajinagar,Hebbal,119.0,135.0,Not Applicable,Not Applicable,Yes,Customer Demand,2762,Cash,11,3.4,4.0
2024-07-29 03:59:00,CNR9239729152,Success,CID245681,Prime SUV,Hennur,Yeshwanthpur,287.0,25.0,Not Applicable,Not Applicable,No,Not Applicable,122,UPI,44,4.0,4.8
2024-07-06 21:08:00,CNR6588337532,Success,CID102731,Mini,Shantinagar,Peenya,140.0,30.0,Not Applicable,Not Applicable,No,Not Applicable,409,UPI,18,3.1,3.7
2024-07-14 01:27:00,CNR9227009604,Canceled by Customer,CID985332,Bike,Shantinagar,Kammanahalli,,,Driver asked to cancel,Not Applicable,Not Applicable,Not Applicable,378,Not Applicable,0,,
2024-07-12 14:07:00,CNR4579363036,Success,CID939143,eBike,Chickpet,Shantinagar,217.0,35.0,Not Applicable,Not Applicable,No,Not Applicable,163,Cash,28,4.6,3.3
2024-07-08 21:33:00,CNR1184303367,Success,CID519426,eBike,Padmanabhanagar,Bellandur,168.0,35.0,Not Applicable,Not Applicable,No,Not Applicable,129,Cash,13,3.7,3.6
2024-07-11 09:49:00,CNR2834398919,Success,CID151949,Mini,Magadi Road,Yeshwanthpur,119.0,45.0,Not Applicable,Not Applicable,No,Not Applicable,746,UPI,45,3.7,3.8
2024-07-09 20:20:00,CNR2846983288,Success,CID711019,Prime Sedan,Cox Town,Hennur,63.0,115.0,Not Applicable,Not Applicable,No,Not Applicable,171,UPI,13,4.5,3.6
2024-07-22 05:53:00,CNR8692830448,Success,CID580990,Prime SUV,Jayanagar,Sarjapur Road,126.0,100.0,Not Applicable,Not Applicable,No,Not Applicable,362,Cash,39,3.3,3.6
2024-07-15 17:43:00,CNR6859329061,Driver Not Found,CID600493,Prime Sedan,JP Nagar,KR Puram,,,Not Applicable,Not Applicable,Not Applicable,Not Applicable,379,Not Applicable,0,,
2024-07-29 05:12:00,CNR6108028956,Success,CID721905,Auto,Frazer Town,Yeshwanthpur,287.0,30.0,Not Applicable,Not Applicable,No,Not Applicable,140,UPI,16,4.3,3.5
2024-07-23 22:56:00,CNR2983168783,Canceled by Customer,CID699320,Bike,Vijayanagar,Indiranagar,,,Driver asked to cancel,Not Applicable,Not Applicable,Not Applicable,461,Not Applicable,0,,
2024-07-05 14:34:00,CNR2257697324,Canceled by Driver,CID841849,Prime SUV,Ulsoor,Devanahalli,,,Not Applicable,Personal & Car related issue,Not Applicable,Not Applicable,260,Not Applicable,0,,
2024-07-23 12:24:00,CNR4630444767,Driver Not Found,CID531091,Auto,Kengeri,Shivajinagar,,,Not Applicable,Not Applicable,Not Applicable,Not Applicable,418,Not Applicable,0,,
2024-07-26 09:57:00,CNR1672516323,Canceled by Customer,CID944388,Prime SUV,Kadugodi,Ramamurthy Nagar,,,Change of plans,Not Applicable,Not Applicable,Not Applicable,844,Not Applicable,0,,
2024-07-11 16:42:00,CNR2586459369,Success,CID112849,Bike,Peenya,Kammanahalli,294.0,65.0,Not Applicable,Not Applicable,No,Not Applicable,269,Cash,21,3.6,3.8
2024-07-06 17:13:00,CNR8929438245,Canceled by Driver,CID628993,Mini,Chamarajpet,Sarjapur Road,,,Not Applicable,Personal & Car related issue,Not Applicable,Not Applicable,128,Not Applicable,0,,
2024-07-20 18:47:00,CNR6073462877,Success,CID875697,eBike,Richmond Town,Shantinagar,203.0,75.0,Not Applicable,Not Applicable,No,Not Applicable,260,UPI,14,4.7,3.4
2024-07-02 08:21:00,CNR3979165086,Success,CID716575,Prime Sedan,Koramangala,Majestic,273.0,25.0,Not Applicable,Not Applicable,Yes,Vehicle Breakdown,260,UPI,10,3.9,3.1
2024-07-28 22:09:00,CNR9361679414,Canceled by Driver,CID486021,Prime SUV,RT Nagar,Koramangala,,,Not Applicable,Personal & Car related issue,Not Applicable,Not Applicable,920,Not Applicable,0,,
2024-07-07 03:52:00,CNR2400898687,Canceled by Driver,CID908655,Prime Plus,Shantinagar,Chamarajpet,,,Not Applicable,Personal & Car related issue,Not Applicable,Not Applicable,220,Not Applicable,0,,
2024-07-02 00:34:00,CNR4756913908,Driver Not Found,CID442446,Prime Sedan,Vijayanagar,Jayanagar,,,Not Applicable,Not Applicable,Not Applicable,Not Applicable,392,Not Applicable,0,,
2024-07-10 00:14:00,CNR3450977670,Driver Not Found,CID781531,Prime Plus,Hebbal,Frazer Town,,,Not Applicable,Not Applicable,Not Applicable,Not Applicable,256,Not Applicable,0,,
2024-07-15 19:46:00,CNR2551431749,Success,CID479068,Prime Sedan,Tumkur Road,HSR Layout,266.0,40.0,Not Applicable,Not Applicable,Yes,Other Issue,160,Credit Card,19,3.2,3.1
2024-07-21 15:36:00,CNR1748581778,Success,CID272406,Auto,Jayanagar,Banashankari,217.0,35.0,Not Applicable,Not Applicable,No,Not Applicable,132,Cash,17,4.0,4.5
2024-07-05 11:56:00,CNR5732882745,Success,CID746308,Prime Plus,Shivajinagar,Tumkur Road,42.0,75.0,Not Applicable,Not Applicable,No,Not Applicable,129,Cash,27,4.6,4.5
2024-07-17 20:37:00,CNR2845865795,Driver Not Found,CID620365,Prime Plus,Langford Town,Richmond Town,,,Not Applicable,Not Applicable,Not Applicable,Not Applicable,661,Not Applicable,0,,
2024-07-12 02:34:00,CNR1265024677,Canceled by Driver,CID530438,Auto,Whitefield,Nagarbhavi,,,Not Applicable,Personal & Car related issue,Not Applicable,Not Applicable,404,Not Applicable,0,,
2024-07-27 00:23:00,CNR7775113486,Success,CID783095,eBike,Kengeri,Kadugodi,154.0,135.0,Not Applicable,Not Applicable,No,Not Applicable,499,Cash,21,3.1,3.9
2024-07-21 10:14:00,CNR1662713333,Success,CID234644,eBike,JP Nagar,Vijayanagar,119.0,145.0,Not Applicable,Not Applicable,No,Not Applicable,567,UPI,36,3.2,3.8
2024-07-12 23:43:00,CNR4721088254,Driver Not Found,CID196964,Prime Plus,Basavanagudi,Tumkur Road,,,Not Applicable,Not Applicable,Not Applicable,Not Applicable,719,Not Applicable,0,,
2024-07-20 22:54:00,CNR3437452542,Driver Not Found,CID710724,Bike,Ramamurthy Nagar,HSR Layout,,,Not Applicable,Not Applicable,Not Applicable,Not Applicable,479,Not Applicable,0,,
2024-07-03 17:32:00,CNR8557398218,Success,CID829303,Auto,Sahakar Nagar,Cox Town,196.0,140.0,Not Applicable,Not Applicable,No,Not Applicable,408,Cash,7,4.2,4.1
2024-07-28 18:41:00,CNR3697797653,Driver Not Found,CID670994,Prime Sedan,Magadi Road,Koramangala,,,Not Applicable,Not Applicable,Not Applicable,Not Applicable,326,Not Applicable,0,,
2024-07-30 17:51:00,CNR6679912484,Success,CID138202,Prime SUV,Basavanagudi,Chamarajpet,294.0,80.0,Not Applicable,Not Applicable,No,Not Applicable,165,UPI,12,4.8,3.6
2024-07-18 02:55:00,CNR1752838445,Success,CID517999,Prime SUV,Langford Town,Devanahalli,238.0,25.0,Not Applicable,Not Applicable,No,Not Applicable,973,UPI,38,3.9,3.1
2024-07-12 09:29:00,CNR6930268035,Canceled by Driver,CID536155,Bike,Chickpet,Chamarajpet,,,Not Applicable,Customer related issue,Not Applicable,Not Applicable,118,Not Applicable,0,,
2024-07-19 01:13:00,CNR9281862040,Success,CID259776,Bike,Electronic City,Tumkur Road,63.0,40.0,Not Applicable,Not Applicable,No,Not Applicable,471,Cash,24,5.0,4.4
2024-07-06 18:08:00,CNR8319958824,Success,CID101305,Prime Plus,Cox Town,Whitefield,77.0,40.0,Not Applicable,Not Applicable,No,Not Applicable,252,UPI,19,3.1,4.3
2024-07-07 00:28:00,CNR3772187142,Success,CID656619,Mini,Sahakar Nagar,HSR Layout,112.0,45.0,Not Applicable,Not Applicable,No,Not Applicable,269,Cash,19,3.6,4.3
2024-07-28 07:28:00,CNR1747390328,Success,CID258588,eBike,HSR Layout,Kammanahalli,154.0,40.0,Not Applicable,Not Applicable,No,Not Applicable,283,Cash,25,3.3,4.8
2024-07-22 01:50:00,CNR1433525882,Success,CID582885,eBike,Shivajinagar,Vijayanagar,175.0,90.0,Not Applicable,Not Applicable,No,Not Applicable,317,Cash,32,4.8,4.7
2024-07-10 12:45:00,CNR4864076564,Success,CID791447,Bike,Rajajinagar,Cox Town,280.0,95.0,Not Applicable,Not Applicable,No,Not Applicable,2762,UPI,39,3.5,5.0
2024-07-09 14:35:00,CNR6225321821,Success,CID817114,Mini,Varthur,Frazer Town,133.0,65.0,Not Applicable,Not Applicable,No,Not Applicable,317,UPI,19,3.6,3.5
2024-07-15 21:08:00,CNR4354216469,Success,CID277919,Mini,Langford Town,Shantinagar,231.0,100.0,Not Applicable,Not Applicable,No,Not Applicable,2050,Cash,3,4.6,4.5
2024-07-12 19:12:00,CNR8909218644,Success,CID710103,Mini,JP Nagar,Kengeri,154.0,25.0,Not Applicable,Not Applicable,No,Not Applicable,872,Cash,25,3.0,4.4
2024-07-12 05:17:00,CNR9296966071,Success,CID143931,Prime Plus,Yeshwanthpur,Padmanabhanagar,273.0,25.0,Not Applicable,Not Applicable,Yes,Other Issue,900,Cash,40,3.1,3.2
2024-07-17 15:31:00,CNR3586476906,Driver Not Found,CID990441,Bike,Sahakar Nagar,Rajajinagar,,,Not Applicable,Not Applicable,Not Applicable,Not Applicable,749,Not Applicable,0,,
2024-07-07 03:40:00,CNR9521781592,Success,CID996327,Mini,Tumkur Road,BTM Layout,217.0,95.0,Not Applicable,Not Applicable,No,Not Applicable,947,UPI,29,4.9,3.9
2024-07-09 13:03:00,CNR8665070834,Success,CID580720,Prime SUV,RT Nagar,Kadugodi,42.0,50.0,Not Applicable,Not Applicable,No,Not Applicable,181,UPI,47,4.2,4.2
2024-07-10 06:51:00,CNR1697435162,Driver Not Found,CID187484,Mini,Shantinagar,Frazer Town,,,Not Applicable,Not Applicable,Not Applicable,Not Applicable,415,Not Applicable,0,,
2024-07-29 23:42:00,CNR9742641878,Success,CID336536,Bike,Whitefield,Tumkur Road,231.0,45.0,Not Applicable,Not Applicable,No,Not Applicable,269,Cash,42,4.8,4.3
2024-07-29 14:51:00,CNR4809648327,Success,CID749345,Auto,Richmond Town,Kengeri,84.0,105.0,Not Applicable,Not Applicable,No,Not Applicable,351,UPI,1,3.2,5.0
2024-07-12 16:38:00,CNR2503249606,Success,CID345750,eBike,Sahakar Nagar,Koramangala,238.0,30.0,Not Applicable,Not Applicable,No,Not Applicable,237,UPI,38,3.3,3.0
2024-07-29 11:11:00,CNR5824911682,Success,CID401892,Mini,Kengeri,Cox Town,42.0,110.0,Not Applicable,Not Applicable,No,Not Applicable,440,Cash,49,3.4,5.0
2024-07-16 17:07:00,CNR2586111972,Canceled by Driver,CID790154,Auto,BTM Layout,Peenya,,,Not Applicable,Personal & Car related issue,Not Applicable,Not Applicable,704,Not Applicable,0,,
2024-07-16 10:49:00,CNR2752930632,Success,CID186083,Mini,Cox Town,Banashankari,238.0,105.0,Not Applicable,Not Applicable,No,Not Applicable,916,Cash,26,3.1,3.2
2024-07-24 14:22:00,CNR5656602089,Canceled by Customer,CID726802,Mini,Frazer Town,Bannerghatta Road,,,Driver asked to cancel,Not Applicable,Not Applicable,Not Applicable,390,Not Applicable,0,,
2024-07-15 23:10:00,CNR2954237211,Canceled by Driver,CID647292,Prime SUV,Sarjapur Road,Bellandur,,,Not Applicable,More than permitted people in there,Not Applicable,Not Applicable,425,Not Applicable,0,,
2024-07-07 03:31:00,CNR7262448151,Success,CID818198,Prime SUV,RT Nagar,Ulsoor,91.0,90.0,Not Applicable,Not Applicable,No,Not Applicable,101,Cash,35,4.3,3.2
2024-07-13 01:10:00,CNR6424999485,Canceled by Customer,CID727299,Auto,Magadi Road,Banashankari,,,Driver asked to cancel,Not Applicable,Not Applicable,Not Applicable,319,Not Applicable,0,,
2024-07-04 21:40:00,CNR3615884026,Success,CID967333,eBike,Banashankari,HSR Layout,203.0,60.0,Not Applicable,Not Applicable,No,Not Applicable,932,UPI,49,3.1,3.5
2024-07-09 18:40:00,CNR7285966855,Success,CID980970,Prime Plus,Varthur,Whitefield,35.0,140.0,Not Applicable,Not Applicable,No,Not Applicable,752,UPI,3,3.1,3.9
2024-07-17 00:10:00,CNR4737990193,Success,CID165815,Bike,Chickpet,Koramangala,126.0,90.0,Not Applicable,Not Applicable,No,Not Applicable,229,UPI,2,3.1,4.4
2024-07-13 03:31:00,CNR6635220279,Success,CID887939,Bike,Sahakar Nagar,Langford Town,56.0,125.0,Not Applicable,Not Applicable,No,Not Applicable,297,UPI,4,4.2,4.2
2024-07-29 04:58:00,CNR6156246022,Success,CID661940,Mini,Chamarajpet,Vijayanagar,49.0,55.0,Not Applicable,Not Applicable,No,Not Applicable,222,UPI,40,3.6,4.2
2024-07-11 19:10:00,CNR6518419801,Canceled by Driver,CID924145,Prime Plus,Jayanagar,Whitefield,,,Not Applicable,Customer related issue,Not Applicable,Not Applicable,462,Not Applicable,0,,
2024-07-25 00:28:00,CNR4661407408,Success,CID910478,Bike,Devanahalli,Nagarbhavi,266.0,115.0,Not Applicable,Not Applicable,No,Not Applicable,366,Cash,10,4.6,3.3
2024-07-23 09:48:00,CNR3361189833,Success,CID856438,Prime SUV,Varthur,Ulsoor,210.0,90.0,Not Applicable,Not Applicable,No,Not Applicable,168,UPI,48,4.3,4.0
2024-07-14 01:54:00,CNR6151338861,Driver Not Found,CID633873,Prime Sedan,Electronic City,Chickpet,,,Not Applicable,Not Applicable,Not Applicable,Not Applicable,423,Not Applicable,0,,
2024-07-17 07:03:00,CNR6498674009,Canceled by Driver,CID719561,Mini,Whitefield,Mysore Road,,,Not Applicable,Customer related issue,Not Applicable,Not Applicable,522,Not Applicable,0,,
2024-07-20 01:05:00,CNR2659636909,Success,CID955267,Mini,Cox Town,Kadugodi,77.0,75.0,Not Applicable,Not Applicable,No,Not Applicable,357,Cash,14,4.8,3.8
2024-07-16 11:27:00,CNR7536429670,Success,CID519420,Bike,Ulsoor,Majestic,238.0,70.0,Not Applicable,Not Applicable,No,Not Applicable,491,UPI,17,3.6,3.4
2024-07-08 03:05:00,CNR4012122451,Success,CID670644,Prime SUV,Kammanahalli,Mysore Road,273.0,100.0,Not Applicable,Not Applicable,No,Not Applicable,192,Cash,41,4.5,4.5
2024-07-11 17:42:00,CNR6621727519,Canceled by Driver,CID485686,Prime Plus,Hennur,Mysore Road,,,Not Applicable,Customer was coughing/sick,Not Applicable,Not Applicable,335,Not Applicable,0,,
2024-07-27 03:24:00,CNR9369963285,Driver Not Found,CID831693,Prime SUV,Shivajinagar,Langford Town,,,Not Applicable,Not Applicable,Not Applicable,Not Applicable,304,Not Applicable,0,,
2024-07-15 12:17:00,CNR4428119905,Success,CID471922,eBike,Varthur,Shantinagar,98.0,100.0,Not Applicable,Not Applicable,No,Not Applicable,944,Cash,16,3.8,4.3
2024-07-11 15:54:00,CNR6812357558,Success,CID850231,Mini,Marathahalli,Majestic,63.0,85.0,Not Applicable,Not Applicable,No,Not Applicable,1530,UPI,47,4.6,3.2
2024-07-12 20:53:00,CNR6625601745,Success,CID180181,Prime SUV,JP Nagar,Tumkur Road,217.0,70.0,Not Applicable,Not Applicable,No,Not Applicable,391,UPI,39,4.8,4.7
2024-07-21 09:34:00,CNR8565417346,Success,CID930390,Prime SUV,Cox Town,Ulsoor,210.0,45.0,Not Applicable,Not Applicable,No,Not Applicable,145,Cash,36,3.9,4.1
2024-07-04 06:39:00,CNR8139277321,Success,CID758968,Prime Plus,Tumkur Road,Vijayanagar,70.0,135.0,Not Applicable,Not Applicable,No,Not Applicable,833,UPI,1,4.3,3.3
2024-07-28 01:22:00,CNR4686326536,Canceled by Customer,CID203948,Mini,Devanahalli,Ulsoor,,,Driver is not moving towards pickup location,Not Applicable,Not Applicable,Not Applicable,159,Not Applicable,0,,
2024-07-09 12:36:00,CNR3070888253,Success,CID950104,Mini,Yeshwanthpur,JP Nagar,56.0,130.0,Not Applicable,Not Applicable,No,Not Applicable,220,Cash,18,3.5,4.6
2024-07-26 16:07:00,CNR5738396970,Success,CID560989,Prime Sedan,Ramamurthy Nagar,Yelahanka,266.0,140.0,Not Applicable,Not Applicable,No,Not Applicable,847,UPI,25,3.6,3.3
2024-07-12 02:42:00,CNR1129845607,Success,CID230016,Mini,Electronic City,Shantinagar,112.0,105.0,Not Applicable,Not Applicable,No,Not Applicable,112,Cash,5,3.8,4.5
2024-07-02 08:17:00,CNR2543834049,Success,CID550040,Auto,Frazer Town,Ramamurthy Nagar,112.0,85.0,Not Applicable,Not Applicable,No,Not Applicable,458,UPI,12,3.2,3.0
2024-07-28 11:41:00,CNR7864296703,Canceled by Customer,CID995359,eBike,Koramangala,Ramamurthy Nagar,,,Change of plans,Not Applicable,Not Applicable,Not Applicable,774,Not Applicable,0,,
2024-07-18 11:39:00,CNR4017402374,Canceled by Driver,CID849220,Mini,Ramamurthy Nagar,Kadugodi,,,Not Applicable,Personal & Car related issue,Not Applicable,Not Applicable,918,Not Applicable,0,,
2024-07-01 04:21:00,CNR9033172661,Canceled by Driver,CID770696,Prime Plus,Peenya,Indiranagar,,,Not Applicable,More than permitted people in there,Not Applicable,Not Applicable,539,Not Applicable,0,,
2024-07-26 06:00:00,CNR6470342315,Success,CID261005,Prime Sedan,Richmond Town,Whitefield,147.0,135.0,Not Applicable,Not Applicable,No,Not Applicable,345,Cash,29,5.0,3.8
2024-07-07 04:52:00,CNR2629109852,Success,CID246814,Mini,Cox Town,Vijayanagar,119.0,145.0,Not Applicable,Not Applicable,No,Not Applicable,460,UPI,3,4.4,4.7
2024-07-27 15:34:00,CNR6991959597,Success,CID162259,Prime SUV,Nagarbhavi,Indiranagar,308.0,130.0,Not Applicable,Not Applicable,No,Not Applicable,283,Cash,5,3.9,4.7
2024-07-25 13:06:00,CNR2180631264,Driver Not Found,CID170635,Bike,Frazer Town,Ulsoor,,,Not Applicable,Not Applicable,Not Applicable,Not Applicable,1897,Not Applicable,0,,
2024-07-13 04:36:00,CNR5057835724,Canceled by Driver,CID795948,Prime Plus,Hosur Road,Marathahalli,,,Not Applicable,Customer related issue,Not Applicable,Not Applicable,487,Not Applicable,0,,
2024-07-09 16:48:00,CNR8463414408,Driver Not Found,CID956077,Bike,KR Puram,Chamarajpet,,,Not Applicable,Not Applicable,Not Applicable,Not Applicable,277,Not Applicable,0,,
2024-07-28 07:32:00,CNR4792585438,Driver Not Found,CID520803,eBike,Marathahalli,Varthur,,,Not Applicable,Not Applicable,Not Applicable,Not Applicable,941,Not Applicable,0,,
2024-07-05 08:34:00,CNR5061480447,Driver Not Found,CID690708,Prime SUV,Marathahalli,Sarjapur Road,,,Not Applicable,Not Applicable,Not Applicable,Not Applicable,207,Not Applicable,0,,
2024-07-23 04:56:00,CNR4791888094,Canceled by Driver,CID829062,Auto,Nagarbhavi,BTM Layout,,,Not Applicable,Customer related issue,Not Applicable,Not Applicable,396,Not Applicable,0,,
2024-07-05 02:11:00,CNR1752227832,Success,CID130576,Prime SUV,BTM Layout,Kengeri,224.0,95.0,Not Applicable,Not Applicable,No,Not Applicable,269,UPI,19,3.7,4.8
2024-07-10 21:45:00,CNR2330627359,Canceled by Customer,CID647030,Prime Sedan,MG Road,Yelahanka,,,Driver asked to cancel,Not Applicable,Not Applicable,Not Applicable,177,Not Applicable,0,,
2024-07-22 10:14:00,CNR8296941377,Canceled by Driver,CID230181,eBike,Hennur,Bannerghatta Road,,,Not Applicable,Personal & Car related issue,Not Applicable,Not Applicable,296,Not Applicable,0,,
2024-07-23 08:08:00,CNR7558336906,Canceled by Driver,CID128336,Bike,Magadi Road,Yeshwanthpur,,,Not Applicable,Customer was coughing/sick,Not Applicable,Not Applicable,341,Not Applicable,0,,
2024-07-29 11:56:00,CNR3282842022,Success,CID133356,eBike,Hennur,Whitefield,112.0,40.0,Not Applicable,Not Applicable,Yes,Customer Demand,408,UPI,9,4.5,4.8
2024-07-08 17:25:00,CNR1019467762,Canceled by Driver,CID698390,Prime Sedan,Basavanagudi,Hulimavu,,,Not Applicable,Customer related issue,Not Applicable,Not Applicable,240,Not Applicable,0,,
2024-07-16 13:01:00,CNR4678613214,Driver Not Found,CID291063,Bike,Cox Town,Electronic City,,,Not Applicable,Not Applicable,Not Applicable,Not Applicable,301,Not Applicable,0,,
2024-07-06 19:58:00,CNR3489701410,Success,CID396242,Prime Sedan,Indiranagar,BTM Layout,133.0,65.0,Not Applicable,Not Applicable,No,Not Applicable,146,Cash,22,4.3,3.5
2024-07-25 23:39:00,CNR7591886548,Driver Not Found,CID707554,eBike,Frazer Town,Kengeri,,,Not Applicable,Not Applicable,Not Applicable,Not Applicable,391,Not Applicable,0,,
2024-07-14 05:24:00,CNR3251960383,Canceled by Customer,CID862231,Mini,Ramamurthy Nagar,Cox Town,,,Change of plans,Not Applicable,Not Applicable,Not Applicable,434,Not Applicable,0,,
2024-07-24 01:30:00,CNR4746064665,Success,CID838294,Prime Sedan,Bannerghatta Road,Ramamurthy Nagar,252.0,125.0,Not Applicable,Not Applicable,No,Not Applicable,486,Cash,10,4.1,3.3
2024-07-07 16:22:00,CNR9995969548,Success,CID296109,Auto,Chamarajpet,Richmond Town,273.0,95.0,Not Applicable,Not Applicable,No,Not Applicable,534,Cash,9,3.5,5.0
2024-07-05 07:51:00,CNR4955091386,Canceled by Customer,CID477654,Mini,Ramamurthy Nagar,Marathahalli,,,AC is Not working,Not Applicable,Not Applicable,Not Applicable,394,Not Applicable,0,,
2024-07-06 01:35:00,CNR3297936958,Canceled by Driver,CID390123,eBike,Marathahalli,Kadugodi,,,Not Applicable,Personal & Car related issue,Not Applicable,Not Applicable,668,Not Applicable,0,,
2024-07-13 19:01:00,CNR4270063934,Success,CID687032,Prime Plus,Varthur,Cox Town,112.0,55.0,Not Applicable,Not Applicable,No,Not Applicable,611,Cash,48,4.1,3.0
2024-07-25 17:29:00,CNR7149079969,Success,CID248801,Prime SUV,Whitefield,Langford Town,84.0,25.0,Not Applicable,Not Applicable,No,Not Applicable,520,Cash,15,4.0,3.5
2024-07-12 21:52:00,CNR7308617722,Canceled by Driver,CID838468,Prime Sedan,Vijayanagar,Hulimavu,,,Not Applicable,Customer was coughing/sick,Not Applicable,Not Applicable,381,Not Applicable,0,,
2024-07-16 21:38:00,CNR3762745242,Canceled by Driver,CID384035,Prime SUV,Mysore Road,Indiranagar,,,Not Applicable,Personal & Car related issue,Not Applicable,Not Applicable,214,Not Applicable,0,,
2024-07-30 15:17:00,CNR6314343092,Canceled by Driver,CID799758,eBike,Kadugodi,Varthur,,,Not Applicable,Customer related issue,Not Applicable,Not Applicable,944,Not Applicable,0,,
2024-07-26 12:58:00,CNR7159094622,Success,CID464023,Prime SUV,Indiranagar,Chamarajpet,133.0,75.0,Not Applicable,Not Applicable,No,Not Applicable,361,Cash,16,4.8,4.4
2024-07-05 10:06:00,CNR5655208424,Canceled by Driver,CID371774,Bike,Malleshwaram,Richmond Town,,,Not Applicable,Personal & Car related issue,Not Applicable,Not Applicable,386,Not Applicable,0,,
2024-07-12 07:18:00,CNR6679164027,Success,CID387052,Auto,Chamarajpet,Kadugodi,98.0,45.0,Not Applicable,Not Applicable,No,Not Applicable,224,Cash,7,4.6,4.3
2024-07-19 04:43:00,CNR9997606735,Success,CID295943,Mini,Yeshwanthpur,Cox Town,308.0,75.0,Not Applicable,Not Applicable,No,Not Applicable,182,Credit Card,14,4.7,4.5
2024-07-20 20:43:00,CNR4575199064,Success,CID147542,eBike,Chickpet,Majestic,126.0,30.0,Not Applicable,Not Applicable,No,Not Applicable,314,UPI,33,4.0,3.8
2024-07-03 02:32:00,CNR1782325425,Driver Not Found,CID373843,Prime Sedan,Hennur,Magadi Road,,,Not Applicable,Not Applicable,Not Applicable,Not Applicable,736,Not Applicable,0,,
2024-07-02 01:29:00,CNR4565724611,Success,CID869336,Prime Sedan,Jayanagar,Varthur,182.0,80.0,Not Applicable,Not Applicable,No,Not Applicable,831,UPI,46,3.5,3.9
2024-07-07 02:29:00,CNR7846754683,Success,CID412554,Bike,Devanahalli,KR Puram,161.0,120.0,Not Applicable,Not Applicable,No,Not Applicable,236,Credit Card,26,3.5,4.4
2024-07-21 14:49:00,CNR8454237468,Canceled by Driver,CID852084,Mini,Shivajinagar,Ramamurthy Nagar,,,Not Applicable,Customer related issue,Not Applicable,Not Applicable,219,Not Applicable,0,,
2024-07-18 08:50:00,CNR1836947532,Success,CID701263,Prime SUV,Kengeri,Sarjapur Road,63.0,130.0,Not Applicable,Not Applicable,No,Not Applicable,859,Cash,17,3.3,4.4
2024-07-29 09:34:00,CNR6699394154,Success,CID834196,Prime Sedan,Cox Town,JP Nagar,161.0,30.0,Not Applicable,Not Applicable,No,Not Applicable,168,Credit Card,42,4.0,4.9
2024-07-10 16:16:00,CNR4810482993,Success,CID523222,Mini,Indiranagar,Chickpet,182.0,70.0,Not Applicable,Not Applicable,No,Not Applicable,197,Cash,32,4.9,3.4
2024-07-17 23:12:00,CNR8014505872,Success,CID172034,Mini,Sarjapur Road,Koramangala,231.0,120.0,Not Applicable,Not Applicable,No,Not Applicable,388,Cash,32,3.7,4.2
2024-07-15 11:32:00,CNR7943276451,Success,CID356175,Auto,JP Nagar,Banashankari,280.0,50.0,Not Applicable,Not Applicable,No,Not Applicable,145,Cash,5,4.7,3.8
2024-07-09 14:42:00,CNR4451534831,Success,CID183601,Prime SUV,Sarjapur Road,Majestic,259.0,65.0,Not Applicable,Not Applicable,No,Not Applicable,2814,Cash,9,3.7,3.9
2024-07-29 18:35:00,CNR3773326101,Canceled by Customer,CID901391,Auto,Shivajinagar,Sarjapur Road,,,Driver asked to cancel,Not Applicable,Not Applicable,Not Applicable,303,Not Applicable,0,,
2024-07-25 19:48:00,CNR9276146781,Canceled by Driver,CID566882,Prime Plus,Basavanagudi,Shivajinagar,,,Not Applicable,Personal & Car related issue,Not Applicable,Not Applicable,849,Not Applicable,0,,
2024-07-02 07:32:00,CNR1325400257,Success,CID174668,Prime Sedan,Padmanabhanagar,Kadugodi,280.0,45.0,Not Applicable,Not Applicable,No,Not Applicable,211,UPI,10,4.1,3.5
2024-07-15 00:13:00,CNR3333367678,Driver Not Found,CID580209,eBike,RT Nagar,Vijayanagar,,,Not Applicable,Not Applicable,Not Applicable,Not Applicable,2438,Not Applicable,0,,
2024-07-19 09:41:00,CNR2604084002,Success,CID799317,Prime Sedan,MG Road,Ulsoor,147.0,60.0,Not Applicable,Not Applicable,No,Not Applicable,629,UPI,12,4.6,3.4
2024-07-01 05:07:00,CNR2866599558,Canceled by Driver,CID578773,Prime Sedan,Langford Town,Shivajinagar,,,Not Applicable,More than permitted people in there,Not Applicable,Not Applicable,389,Not Applicable,0,,
2024-07-06 08:22:00,CNR4161357200,Canceled by Driver,CID607236,Bike,Indiranagar,HSR Layout,,,Not Applicable,Customer related issue,Not Applicable,Not Applicable,2444,Not Applicable,0,,
2024-07-28 05:39:00,CNR5382242581,Canceled by Customer,CID657481,Prime Plus,Whitefield,BTM Layout,,,Driver is not moving towards pickup location,Not Applicable,Not Applicable,Not Applicable,444,Not Applicable,0,,
2024-07-28 01:18:00,CNR9613925077,Success,CID290926,Auto,Padmanabhanagar,Yelahanka,140.0,125.0,Not Applicable,Not Applicable,No,Not Applicable,173,UPI,7,4.2,3.0
2024-07-30 16:53:00,CNR4271961299,Success,CID992328,Mini,Ulsoor,Rajarajeshwari Nagar,189.0,65.0,Not Applicable,Not Applicable,No,Not Applicable,373,UPI,9,4.5,4.9
2024-07-16 14:34:00,CNR4927020356,Success,CID165997,Prime SUV,Mysore Road,Basavanagudi,126.0,25.0,Not Applicable,Not Applicable,No,Not Applicable,487,Cash,39,4.5,3.3
2024-07-07 02:25:00,CNR3435167816,Success,CID867851,Prime Sedan,Hosur Road,Malleshwaram,280.0,35.0,Not Applicable,Not Applicable,No,Not Applicable,429,Cash,28,4.2,4.8
2024-07-19 01:03:00,CNR6698309972,Driver Not Found,CID469062,Mini,Hennur,Padmanabhanagar,,,Not Applicable,Not Applicable,Not Applicable,Not Applicable,102,Not Applicable,0,,
2024-07-29 02:54:00,CNR8054037131,Success,CID223714,Mini,Malleshwaram,Sahakar Nagar,308.0,65.0,Not Applicable,Not Applicable,Yes,Customer Demand,327,UPI,28,4.1,3.5
2024-07-22 00:39:00,CNR4292271982,Success,CID436075,eBike,Jayanagar,Magadi Road,210.0,95.0,Not Applicable,Not Applicable,No,Not Applicable,159,Cash,23,4.4,4.8
2024-07-23 05:29:00,CNR1150847308,Success,CID391034,eBike,Malleshwaram,Sarjapur Road,217.0,45.0,Not Applicable,Not Applicable,No,Not Applicable,192,Cash,30,3.8,4.9
2024-07-21 14:34:00,CNR9416308582,Canceled by Driver,CID424517,Prime SUV,Sarjapur Road,Hosur Road,,,Not Applicable,Personal & Car related issue,Not Applicable,Not Applicable,492,Not Applicable,0,,
2024-07-05 18:44:00,CNR4260954930,Canceled by Customer,CID728851,Prime Plus,Shantinagar,Hennur,,,Wrong Address,Not Applicable,Not Applicable,Not Applicable,281,Not Applicable,0,,
2024-07-27 14:48:00,CNR6454977832,Success,CID691663,Bike,KR Puram,Electronic City,203.0,40.0,Not Applicable,Not Applicable,No,Not Applicable,400,Cash,9,4.9,3.8
2024-07-09 20:34:00,CNR1114072976,Success,CID344303,Auto,Malleshwaram,Marathahalli,133.0,130.0,Not Applicable,Not Applicable,No,Not Applicable,182,UPI,10,4.8,4.5
2024-07-18 18:34:00,CNR8765675272,Driver Not Found,CID595671,Prime Plus,Varthur,Rajajinagar,,,Not Applicable,Not Applicable,Not Applicable,Not Applicable,800,Not Applicable,0,,
2024-07-30 14:43:00,CNR7625346974,Success,CID397729,Bike,Bellandur,Hulimavu,119.0,75.0,Not Applicable,Not Applicable,No,Not Applicable,890,UPI,44,4.0,4.3
2024-07-04 07:54:00,CNR2777907512,Success,CID792632,Auto,Basavanagudi,Basavanagudi,308.0,45.0,Not Applicable,Not Applicable,No,Not Applicable,180,Cash,11,3.1,3.1
2024-07-22 12:12:00,CNR4036340485,Canceled by Customer,CID456850,eBike,Hebbal,Cox Town,,,Driver is not moving towards pickup location,Not Applicable,Not Applicable,Not Applicable,201,Not Applicable,0,,
2024-07-11 07:12:00,CNR6668670232,Success,CID682759,Prime Plus,Yelahanka,Banashankari,224.0,115.0,Not Applicable,Not Applicable,No,Not Applicable,196,UPI,36,3.1,4.7
2024-07-16 18:57:00,CNR3915881284,Success,CID492691,Prime Plus,Frazer Town,Kammanahalli,196.0,35.0,Not Applicable,Not Applicable,No,Not Applicable,472,Credit Card,7,3.4,4.3
2024-07-19 06:21:00,CNR6364066908,Success,CID766458,Prime Sedan,Tumkur Road,BTM Layout,49.0,45.0,Not Applicable,Not Applicable,No,Not Applicable,1320,UPI,41,4.9,3.5
2024-07-25 15:34:00,CNR6243472806,Canceled by Driver,CID272812,Prime SUV,BTM Layout,Koramangala,,,Not Applicable,More than permitted people in there,Not Applicable,Not Applicable,353,Not Applicable,0,,
2024-07-14 19:18:00,CNR1871727735,Success,CID201515,Prime Sedan,JP Nagar,BTM Layout,301.0,145.0,Not Applicable,Not Applicable,No,Not Applicable,295,UPI,7,4.4,4.6
2024-07-03 13:23:00,CNR7338468290,Canceled by Driver,CID907938,Prime Sedan,Shantinagar,Rajarajeshwari Nagar,,,Not Applicable,More than permitted people in there,Not Applicable,Not Applicable,160,Not Applicable,0,,
2024-07-02 04:38:00,CNR6157591334,Canceled by Driver,CID651144,Auto,Devanahalli,Sarjapur Road,,,Not Applicable,Customer related issue,Not Applicable,Not Applicable,136,Not Applicable,0,,
2024-07-06 00:31:00,CNR1903038973,Canceled by Driver,CID443539,Bike,Whitefield,Malleshwaram,,,Not Applicable,Customer related issue,Not Applicable,Not Applicable,440,Not Applicable,0,,
2024-07-08 16:03:00,CNR1162512095,Canceled by Driver,CID965879,eBike,Marathahalli,Yelahanka,,,Not Applicable,Customer related issue,Not Applicable,Not Applicable,446,Not Applicable,0,,
2024-07-09 02:54:00,CNR9442453003,Driver Not Found,CID182027,eBike,Chamarajpet,BTM Layout,,,Not Applicable,Not Applicable,Not Applicable,Not Applicable,353,Not Applicable,0,,
2024-07-09 23:27:00,CNR3448049857,Canceled by Driver,CID960845,Auto,Padmanabhanagar,Bellandur,,,Not Applicable,Customer related issue,Not Applicable,Not Applicable,437,Not Applicable,0,,
2024-07-11 12:26:00,CNR5746266991,Success,CID189695,Prime SUV,Chickpet,Sarjapur Road,273.0,85.0,Not Applicable,Not Applicable,No,Not Applicable,403,Cash,33,4.4,3.7
2024-07-13 16:41:00,CNR9263533741,Canceled by Customer,CID716970,Prime Sedan,Magadi Road,Vijayanagar,,,Driver asked to cancel,Not Applicable,Not Applicable,Not Applicable,335,Not Applicable,0,,
2024-07-10 21:19:00,CNR6721750166,Success,CID549777,Bike,RT Nagar,Bellandur,70.0,140.0,Not Applicable,Not Applicable,No,Not Applicable,957,UPI,40,4.2,3.6
2024-07-08 08:45:00,CNR1757294775,Success,CID932492,Bike,MG Road,Rajarajeshwari Nagar,84.0,40.0,Not Applicable,Not Applicable,No,Not Applicable,107,UPI,25,4.3,4.8
2024-07-17 07:19:00,CNR4892632996,Driver Not Found,CID987535,Auto,Jayanagar,Whitefield,,,Not Applicable,Not Applicable,Not Applicable,Not Applicable,492,Not Applicable,0,,
2024-07-25 17:40:00,CNR8813501129,Driver Not Found,CID982508,Mini,Malleshwaram,Whitefield,,,Not Applicable,Not Applicable,Not Applicable,Not Applicable,481,Not Applicable,0,,
2024-07-19 20:42:00,CNR2608508661,Success,CID707653,Prime SUV,Kengeri,Sahakar Nagar,266.0,30.0,Not Applicable,Not Applicable,No,Not Applicable,334,Cash,36,3.6,4.8
2024-07-30 20:30:00,CNR9690992483,Canceled by Driver,CID251550,Mini,Chickpet,HSR Layout,,,Not Applicable,Customer related issue,Not Applicable,Not Applicable,240,Not Applicable,0,,
2024-07-19 12:50:00,CNR7731085592,Success,CID329169,Prime SUV,Bannerghatta Road,Rajajinagar,301.0,125.0,Not Applicable,Not Applicable,No,Not Applicable,1879,Cash,11,4.7,4.2
2024-07-07 01:44:00,CNR1588770074,Canceled by Driver,CID824783,eBike,Padmanabhanagar,Indiranagar,,,Not Applicable,Customer was coughing/sick,Not Applicable,Not Applicable,697,Not Applicable,0,,
2024-07-22 02:16:00,CNR5041681193,Success,CID872218,Prime Plus,Majestic,Chickpet,70.0,45.0,Not Applicable,Not Applicable,No,Not Applicable,324,UPI,7,4.9,4.7
2024-07-23 12:43:00,CNR9933894187,Canceled by Customer,CID972231,Auto,Varthur,Yelahanka,,,Driver asked to cancel,Not Applicable,Not Applicable,Not Applicable,315,Not Applicable,0,,
2024-07-20 05:05:00,CNR7949106149,Canceled by Driver,CID991251,Prime Sedan,Kammanahalli,Sarjapur Road,,,Not Applicable,Personal & Car related issue,Not Applicable,Not Applicable,642,Not Applicable,0,,
2024-07-26 15:59:00,CNR3196755047,Success,CID696922,Prime Sedan,Marathahalli,Majestic,161.0,135.0,Not Applicable,Not Applicable,No,Not Applicable,671,Cash,25,4.7,3.6
2024-07-02 13:18:00,CNR1192486278,Success,CID429869,Prime Sedan,BTM Layout,Hebbal,63.0,125.0,Not Applicable,Not Applicable,No,Not Applicable,778,Cash,1,3.3,4.4
2024-07-17 18:28:00,CNR6396997975,Success,CID556982,Prime SUV,Peenya,Rajajinagar,77.0,125.0,Not Applicable,Not Applicable,No,Not Applicable,630,UPI,2,4.3,3.8
2024-07-18 13:12:00,CNR4594734150,Success,CID439961,Mini,RT Nagar,Chickpet,133.0,105.0,Not Applicable,Not Applicable,No,Not Applicable,101,UPI,23,4.6,3.1
2024-07-11 12:53:00,CNR7525097932,Canceled by Customer,CID658943,Bike,Peenya,Ramamurthy Nagar,,,Driver asked to cancel,Not Applicable,Not Applicable,Not Applicable,351,Not Applicable,0,,
2024-07-10 06:27:00,CNR5780055971,Success,CID281422,Mini,Marathahalli,Yeshwanthpur,56.0,25.0,Not Applicable,Not Applicable,No,Not Applicable,331,UPI,29,4.6,3.9
2024-07-05 09:17:00,CNR4958527663,Success,CID156859,Prime SUV,Shivajinagar,RT Nagar,287.0,45.0,Not Applicable,Not Applicable,No,Not Applicable,2656,Cash,6,4.4,3.7
2024-07-05 10:40:00,CNR9577542811,Success,CID955921,Bike,Frazer Town,Varthur,133.0,85.0,Not Applicable,Not Applicable,No,Not Applicable,667,Cash,48,4.1,3.2
2024-07-13 23:05:00,CNR6640398901,Success,CID605158,Auto,Indiranagar,Bellandur,231.0,30.0,Not Applicable,Not Applicable,No,Not Applicable,452,UPI,13,3.8,4.9
2024-07-01 09:52:00,CNR5393678666,Success,CID269078,Bike,Mysore Road,Cox Town,196.0,125.0,Not Applicable,Not Applicable,Yes,Other Issue,844,Cash,27,4.3,3.7
2024-07-29 17:17:00,CNR8398881090,Success,CID499770,Auto,Hulimavu,Shantinagar,161.0,30.0,Not Applicable,Not Applicable,No,Not Applicable,882,Cash,17,4.7,4.6
2024-07-08 19:48:00,CNR4852363145,Success,CID314674,Prime Plus,Hebbal,Rajarajeshwari Nagar,175.0,30.0,Not Applicable,Not Applicable,No,Not Applicable,385,UPI,33,3.4,3.0
2024-07-20 06:05:00,CNR7402243648,Success,CID542169,Prime SUV,Vijayanagar,Rajarajeshwari Nagar,119.0,70.0,Not Applicable,Not Applicable,No,Not Applicable,420,Cash,24,4.8,3.6
2024-07-05 11:16:00,CNR3688621537,Canceled by Driver,CID599100,Bike,Hennur,Chamarajpet,,,Not Applicable,Customer related issue,Not Applicable,Not Applicable,702,Not Applicable,0,,
2024-07-03 03:19:00,CNR7438861204,Success,CID598086,Prime SUV,Kengeri,Mysore Road,308.0,90.0,Not Applicable,Not Applicable,No,Not Applicable,295,Cash,44,5.0,4.6
2024-07-08 22:43:00,CNR7002304272,Success,CID366543,Bike,Basavanagudi,KR Puram,273.0,120.0,Not Applicable,Not Applicable,No,Not Applicable,241,Cash,27,3.6,3.4
2024-07-06 05:38:00,CNR6656757424,Canceled by Customer,CID829817,Prime SUV,Varthur,Marathahalli,,,Driver is not moving towards pickup location,Not Applicable,Not Applicable,Not Applicable,312,Not Applicable,0,,
2024-07-11 08:47:00,CNR4066321400,Success,CID172089,Prime SUV,Shantinagar,Magadi Road,273.0,40.0,Not Applicable,Not Applicable,No,Not Applicable,102,UPI,45,3.8,3.6
2024-07-02 14:37:00,CNR6630562480,Success,CID537388,Prime Sedan,Mysore Road,Indiranagar,49.0,85.0,Not Applicable,Not Applicable,No,Not Applicable,338,UPI,35,3.3,4.2
2024-07-01 12:09:00,CNR8561196776,Success,CID709266,Bike,Ulsoor,Banashankari,266.0,55.0,Not Applicable,Not Applicable,No,Not Applicable,160,UPI,20,3.4,4.3
2024-07-11 04:18:00,CNR2083496434,Success,CID809009,Prime Sedan,Whitefield,KR Puram,63.0,80.0,Not Applicable,Not Applicable,No,Not Applicable,305,UPI,1,3.6,4.8
2024-07-15 21:13:00,CNR8943006389,Canceled by Customer,CID641447,Bike,Padmanabhanagar,MG Road,,,AC is Not working,Not Applicable,Not Applicable,Not Applicable,305,Not Applicable,0,,
2024-07-22 18:57:00,CNR5661519287,Canceled by Driver,CID820604,Auto,Tumkur Road,Nagarbhavi,,,Not Applicable,Customer was coughing/sick,Not Applicable,Not Applicable,274,Not Applicable,0,,
2024-07-24 08:06:00,CNR3415478120,Driver Not Found,CID987120,Prime Plus,Varthur,Vijayanagar,,,Not Applicable,Not Applicable,Not Applicable,Not Applicable,164,Not Applicable,0,,
2024-07-10 18:40:00,CNR1204198818,Success,CID429099,Prime Plus,Bellandur,Whitefield,77.0,125.0,Not Applicable,Not Applicable,No,Not Applicable,196,Cash,33,3.0,4.7
2024-07-07 18:06:00,CNR4306125277,Success,CID885229,Prime SUV,Bellandur,Chickpet,98.0,55.0,Not Applicable,Not Applicable,No,Not Applicable,618,Credit Card,34,4.1,4.5
2024-07-14 14:14:00,CNR2088526375,Success,CID745224,Prime SUV,Majestic,Kammanahalli,203.0,80.0,Not Applicable,Not Applicable,No,Not Applicable,183,Cash,35,3.6,4.4
2024-07-17 05:02:00,CNR1329763207,Canceled by Driver,CID578790,Bike,Hebbal,Ramamurthy Nagar,,,Not Applicable,Customer related issue,Not Applicable,Not Applicable,330,Not Applicable,0,,
2024-07-27 14:55:00,CNR2264472830,Success,CID358432,eBike,BTM Layout,Ramamurthy Nagar,98.0,80.0,Not Applicable,Not Applicable,Yes,Customer Demand,432,UPI,25,4.3,4.6
2024-07-01 05:20:00,CNR6170918138,Success,CID749942,Prime Sedan,Jayanagar,Langford Town,252.0,85.0,Not Applicable,Not Applicable,No,Not Applicable,451,Cash,16,3.2,4.1
2024-07-27 05:14:00,CNR3030847237,Success,CID459970,Prime SUV,JP Nagar,Vijayanagar,56.0,100.0,Not Applicable,Not Applicable,No,Not Applicable,562,Cash,29,4.4,4.5
2024-07-15 21:07:00,CNR7649096694,Success,CID457195,Prime Plus,Peenya,MG Road,231.0,55.0,Not Applicable,Not Applicable,Yes,Customer Demand,370,UPI,42,3.3,3.2
2024-07-02 19:55:00,CNR7025070231,Canceled by Driver,CID150388,Prime SUV,Padmanabhanagar,Devanahalli,,,Not Applicable,Customer related issue,Not Applicable,Not Applicable,267,Not Applicable,0,,
2024-07-12 07:09:00,CNR3812631921,Success,CID419199,Mini,Koramangala,Kammanahalli,273.0,40.0,Not Applicable,Not Applicable,No,Not Applicable,427,Cash,7,3.8,4.6
2024-07-15 13:14:00,CNR6798262096,Success,CID506039,Mini,Rajarajeshwari Nagar,Yelahanka,196.0,125.0,Not Applicable,Not Applicable,No,Not Applicable,1855,UPI,20,4.2,3.8
2024-07-18 14:52:00,CNR1543083161,Success,CID587543,Auto,Magadi Road,Devanahalli,133.0,60.0,Not Applicable,Not Applicable,No,Not Applicable,441,UPI,12,4.0,4.6
2024-07-14 12:53:00,CNR8878800013,Canceled by Customer,CID249466,Mini,Bellandur,Hebbal,,,AC is Not working,Not Applicable,Not Applicable,Not Applicable,202,Not Applicable,0,,
2024-07-11 13:49:00,CNR7729887896,Driver Not Found,CID608485,Prime Plus,Vijayanagar,Chamarajpet,,,Not Applicable,Not Applicable,Not Applicable,Not Applicable,827,Not Applicable,0,,
2024-07-25 13:18:00,CNR9431241424,Success,CID505762,Auto,Peenya,Mysore Road,210.0,60.0,Not Applicable,Not Applicable,Yes,Customer Demand,395,UPI,11,3.9,4.2
2024-07-27 00:10:00,CNR6459609207,Success,CID937635,Prime Sedan,Devanahalli,JP Nagar,49.0,95.0,Not Applicable,Not Applicable,No,Not Applicable,648,UPI,20,3.1,3.3
2024-07-22 15:25:00,CNR4745093692,Success,CID202904,eBike,Chamarajpet,Chickpet,259.0,35.0,Not Applicable,Not Applicable,No,Not Applicable,208,Cash,45,3.0,3.7
2024-07-20 16:02:00,CNR2067369235,Canceled by Customer,CID382101,Auto,Whitefield,Vijayanagar,,,Driver asked to cancel,Not Applicable,Not Applicable,Not Applicable,394,Not Applicable,0,,
2024-07-19 19:59:00,CNR1242427406,Driver Not Found,CID349211,Mini,Majestic,Vijayanagar,,,Not Applicable,Not Applicable,Not Applicable,Not Applicable,437,Not Applicable,0,,
2024-07-08 06:39:00,CNR4409220717,Driver Not Found,CID895785,Prime SUV,Rajarajeshwari Nagar,Hebbal,,,Not Applicable,Not Applicable,Not Applicable,Not Applicable,176,Not Applicable,0,,
2024-07-18 02:58:00,CNR5526564438,Driver Not Found,CID681733,Mini,Langford Town,KR Puram,,,Not Applicable,Not Applicable,Not Applicable,Not Applicable,2031,Not Applicable,0,,
2024-07-25 22:43:00,CNR9204483851,Success,CID639844,eBike,KR Puram,Kengeri,140.0,135.0,Not Applicable,Not Applicable,No,Not Applicable,499,Cash,30,3.2,4.2
2024-07-15 23:35:00,CNR7602069564,Driver Not Found,CID846505,Prime SUV,Rajarajeshwari Nagar,Magadi Road,,,Not Applicable,Not Applicable,Not Applicable,Not Applicable,467,Not Applicable,0,,
2024-07-01 06:50:00,CNR7849350108,Success,CID208225,Prime SUV,Koramangala,Nagarbhavi,133.0,35.0,Not Applicable,Not Applicable,No,Not Applicable,479,UPI,35,3.6,4.6
2024-07-07 23:41:00,CNR8321384463,Success,CID577682,Auto,Shantinagar,Richmond Town,217.0,105.0,Not Applicable,Not Applicable,No,Not Applicable,430,Cash,10,4.1,4.2
2024-07-13 00:09:00,CNR3518100674,Success,CID866097,Auto,Cox Town,Hebbal,105.0,115.0,Not Applicable,Not Applicable,Yes,Customer Demand,334,Cash,3,3.4,4.9
2024-07-03 13:45:00,CNR3375394263,Driver Not Found,CID492008,Prime Plus,Yeshwanthpur,Magadi Road,,,Not Applicable,Not Applicable,Not Applicable,Not Applicable,831,Not Applicable,0,,
2024-07-27 18:26:00,CNR3111191177,Canceled by Driver,CID188131,Prime Sedan,Kammanahalli,Malleshwaram,,,Not Applicable,Customer related issue,Not Applicable,Not Applicable,383,Not Applicable,0,,
2024-07-11 13:43:00,CNR7344171015,Success,CID371345,Prime Sedan,JP Nagar,Cox Town,175.0,140.0,Not Applicable,Not Applicable,No,Not Applicable,317,Cash,32,3.5,4.2
2024-07-18 09:36:00,CNR4223004863,Success,CID442772,eBike,Tumkur Road,Banashankari,196.0,105.0,Not Applicable,Not Applicable,No,Not Applicable,380,UPI,42,3.3,4.4
2024-07-26 15:04:00,CNR1110215312,Success,CID502063,Auto,Shantinagar,Sarjapur Road,245.0,120.0,Not Applicable,Not Applicable,No,Not Applicable,411,Cash,3,4.1,4.1
2024-07-25 00:40:00,CNR1572862474,Canceled by Driver,CID875382,Prime Plus,Hosur Road,Chickpet,,,Not Applicable,Personal & Car related issue,Not Applicable,Not Applicable,498,Not Applicable,0,,
2024-07-18 13:15:00,CNR9307347668,Success,CID785336,eBike,Hulimavu,Magadi Road,196.0,95.0,Not Applicable,Not Applicable,No,Not Applicable,227,Cash,24,4.7,3.2
2024-07-19 15:39:00,CNR7279691869,Canceled by Customer,CID687284,Prime Sedan,Frazer Town,Hulimavu,,,Driver is not moving towards pickup location,Not Applicable,Not Applicable,Not Applicable,209,Not Applicable,0,,
2024-07-27 19:41:00,CNR6513601976,Success,CID635021,Bike,Majestic,Shivajinagar,301.0,135.0,Not Applicable,Not Applicable,No,Not Applicable,839,Cash,41,3.7,4.2
2024-07-12 09:53:00,CNR9936585414,Canceled by Driver,CID402046,Prime Sedan,Malleshwaram,Kammanahalli,,,Not Applicable,Customer related issue,Not Applicable,Not Applicable,188,Not Applicable,0,,
2024-07-12 23:09:00,CNR9398847373,Success,CID816427,Prime Sedan,Shivajinagar,Kengeri,56.0,25.0,Not Applicable,Not Applicable,No,Not Applicable,351,UPI,30,4.5,3.7
2024-07-21 18:49:00,CNR4986382096,Success,CID853003,Auto,Richmond Town,Marathahalli,63.0,140.0,Not Applicable,Not Applicable,No,Not Applicable,390,Cash,12,4.0,3.4
2024-07-11 07:25:00,CNR3670582395,Success,CID334538,eBike,Hennur,Malleshwaram,224.0,35.0,Not Applicable,Not Applicable,No,Not Applicable,886,Cash,38,4.7,4.2
2024-07-05 18:08:00,CNR4384811707,Success,CID378451,eBike,Banashankari,Indiranagar,154.0,30.0,Not Applicable,Not Applicable,No,Not Applicable,148,Credit Card,9,4.0,4.4
2024-07-28 10:33:00,CNR2782589309,Canceled by Customer,CID732837,Mini,Nagarbhavi,Tumkur Road,,,Wrong Address,Not Applicable,Not Applicable,Not Applicable,378,Not Applicable,0,,
2024-07-04 17:20:00,CNR7437180021,Success,CID580405,Mini,Shivajinagar,Devanahalli,287.0,60.0,Not Applicable,Not Applicable,No,Not Applicable,550,UPI,27,4.4,4.4
2024-07-13 19:29:00,CNR9284768835,Success,CID966538,eBike,Bellandur,Hulimavu,84.0,40.0,Not Applicable,Not Applicable,No,Not Applicable,356,UPI,6,3.1,4.3
2024-07-03 22:12:00,CNR8128376206,Success,CID560808,Mini,Sarjapur Road,Koramangala,98.0,25.0,Not Applicable,Not Applicable,No,Not Applicable,230,Cash,49,3.3,3.0
2024-07-20 08:56:00,CNR4987919385,Success,CID191099,Bike,Magadi Road,Vijayanagar,161.0,140.0,Not Applicable,Not Applicable,No,Not Applicable,176,Cash,16,4.4,4.7
2024-07-07 16:27:00,CNR5533855592,Canceled by Driver,CID652617,Mini,Majestic,Rajajinagar,,,Not Applicable,Customer related issue,Not Applicable,Not Applicable,446,Not Applicable,0,,
2024-07-30 00:09:00,CNR7858637615,Canceled by Customer,CID590480,Bike,Basavanagudi,KR Puram,,,Wrong Address,Not Applicable,Not Applicable,Not Applicable,179,Not Applicable,0,,
2024-07-21 02:37:00,CNR1680406279,Success,CID348475,Prime Plus,Malleshwaram,Hosur Road,147.0,60.0,Not Applicable,Not Applicable,No,Not Applicable,266,Cash,44,5.0,4.7
2024-07-14 18:03:00,CNR1645515167,Canceled by Driver,CID156740,Auto,Richmond Town,RT Nagar,,,Not Applicable,More than permitted people in there,Not Applicable,Not Applicable,545,Not Applicable,0,,
2024-07-22 14:07:00,CNR6968033426,Success,CID902071,Prime Sedan,Hebbal,Ramamurthy Nagar,42.0,105.0,Not Applicable,Not Applicable,No,Not Applicable,491,UPI,5,3.3,4.3
2024-07-22 06:26:00,CNR7560341548,Success,CID410075,Mini,Nagarbhavi,Majestic,84.0,45.0,Not Applicable,Not Applicable,No,Not Applicable,137,Cash,18,3.8,3.5
2024-07-23 19:35:00,CNR7688487713,Success,CID508765,Prime SUV,Sarjapur Road,Electronic City,252.0,30.0,Not Applicable,Not Applicable,No,Not Applicable,797,Cash,18,4.5,4.1
2024-07-12 00:12:00,CNR1165590039,Success,CID247938,Auto,Devanahalli,Mysore Road,217.0,40.0,Not Applicable,Not Applicable,No,Not Applicable,573,Cash,11,3.4,4.5
2024-07-08 04:24:00,CNR8924104111,Success,CID738867,eBike,Hulimavu,Ramamurthy Nagar,119.0,125.0,Not Applicable,Not Applicable,No,Not Applicable,298,Cash,26,3.9,5.0
2024-07-06 12:32:00,CNR4417811060,Success,CID845787,Prime SUV,Chamarajpet,Rajarajeshwari Nagar,294.0,125.0,Not Applicable,Not Applicable,No,Not Applicable,2996,UPI,19,4.5,4.4
2024-07-30 15:42:00,CNR2292248587,Success,CID188502,Prime SUV,Kengeri,KR Puram,154.0,130.0,Not Applicable,Not Applicable,No,Not Applicable,2939,UPI,19,3.8,4.4
2024-07-18 13:56:00,CNR4481958132,Driver Not Found,CID939241,Prime SUV,Shivajinagar,Malleshwaram,,,Not Applicable,Not Applicable,Not Applicable,Not Applicable,420,Not Applicable,0,,
2024-07-02 09:55:00,CNR6092328124,Canceled by Driver,CID513707,Prime Plus,Kengeri,Langford Town,,,Not Applicable,Customer was coughing/sick,Not Applicable,Not Applicable,948,Not Applicable,0,,
2024-07-09 20:55:00,CNR2164232433,Success,CID785361,Auto,Mysore Road,Ramamurthy Nagar,280.0,30.0,Not Applicable,Not Applicable,No,Not Applicable,2821,Cash,10,3.3,3.9
2024-07-10 17:06:00,CNR6566505113,Success,CID982371,Bike,KR Puram,Hosur Road,84.0,130.0,Not Applicable,Not Applicable,No,Not Applicable,361,UPI,39,4.4,3.5
2024-07-01 23:50:00,CNR6880778146,Success,CID675967,Bike,Bannerghatta Road,Hennur,42.0,75.0,Not Applicable,Not Applicable,No,Not Applicable,132,Cash,18,3.0,3.5
2024-07-02 20:03:00,CNR5896233781,Success,CID162067,Prime SUV,Chickpet,Hebbal,273.0,40.0,Not Applicable,Not Applicable,No,Not Applicable,363,UPI,9,3.6,3.3
2024-07-18 08:39:00,CNR9802210440,Driver Not Found,CID929955,Prime Plus,Peenya,Mysore Road,,,Not Applicable,Not Applicable,Not Applicable,Not Applicable,300,Not Applicable,0,,
2024-07-02 18:54:00,CNR4231951629,Success,CID206939,Bike,BTM Layout,Ulsoor,168.0,90.0,Not Applicable,Not Applicable,No,Not Applicable,307,Cash,33,3.2,3.5
2024-07-02 21:14:00,CNR3413669174,Success,CID709159,Prime Sedan,Ramamurthy Nagar,Chickpet,224.0,80.0,Not Applicable,Not Applicable,No,Not Applicable,152,Cash,7,4.1,4.1
2024-07-29 06:19:00,CNR5485470161,Success,CID861271,Prime Plus,Kengeri,Sahakar Nagar,238.0,100.0,Not Applicable,Not Applicable,No,Not Applicable,195,UPI,37,4.9,4.3
2024-07-24 15:31:00,CNR7030783807,Canceled by Customer,CID116761,Auto,Indiranagar,Kadugodi,,,Change of plans,Not Applicable,Not Applicable,Not Applicable,458,Not Applicable,0,,
2024-07-23 14:18:00,CNR6683449580,Success,CID547936,Mini,Nagarbhavi,Chickpet,161.0,140.0,Not Applicable,Not Applicable,No,Not Applicable,141,Cash,22,4.1,3.7
2024-07-30 06:14:00,CNR2992663448,Driver Not Found,CID529298,Prime Sedan,Nagarbhavi,Rajarajeshwari Nagar,,,Not Applicable,Not Applicable,Not Applicable,Not Applicable,293,Not Applicable,0,,
2024-07-20 07:08:00,CNR4817865866,Success,CID850624,Auto,Bannerghatta Road,Shantinagar,245.0,45.0,Not Applicable,Not Applicable,No,Not Applicable,187,Credit Card,16,3.8,3.2
2024-07-01 13:04:00,CNR8144567089,Success,CID741543,Mini,Hennur,Electronic City,91.0,30.0,Not Applicable,Not Applicable,No,Not Applicable,325,Cash,16,4.1,3.1
2024-07-18 12:13:00,CNR2433922805,Success,CID364339,eBike,Banashankari,Frazer Town,49.0,105.0,Not Applicable,Not Applicable,No,Not Applicable,415,Cash,13,4.7,4.5
2024-07-14 20:49:00,CNR4091382655,Success,CID492246,Prime Sedan,Vijayanagar,Devanahalli,133.0,105.0,Not Applicable,Not Applicable,No,Not Applicable,307,Cash,37,3.5,3.1
2024-07-11 07:57:00,CNR6127046023,Success,CID829498,Prime Sedan,Indiranagar,Langford Town,98.0,145.0,Not Applicable,Not Applicable,No,Not Applicable,158,UPI,43,4.1,4.7
2024-07-12 14:32:00,CNR1839771715,Success,CID840595,Prime SUV,Mysore Road,Whitefield,35.0,135.0,Not Applicable,Not Applicable,No,Not Applicable,790,Cash,7,4.7,3.1
2024-07-29 17:14:00,CNR6300179441,Success,CID213891,eBike,Magadi Road,Bannerghatta Road,273.0,55.0,Not Applicable,Not Applicable,No,Not Applicable,223,Cash,27,4.3,4.5
2024-07-22 05:58:00,CNR4331020475,Success,CID115530,Auto,Electronic City,Bannerghatta Road,63.0,85.0,Not Applicable,Not Applicable,No,Not Applicable,311,Cash,1,4.3,5.0
2024-07-06 23:56:00,CNR1367281197,Driver Not Found,CID744666,Auto,Electronic City,Koramangala,,,Not Applicable,Not Applicable,Not Applicable,Not Applicable,460,Not Applicable,0,,
2024-07-03 05:48:00,CNR9376051609,Driver Not Found,CID526884,Bike,HSR Layout,Nagarbhavi,,,Not Applicable,Not Applicable,Not Applicable,Not Applicable,616,Not Applicable,0,,
2024-07-12 18:44:00,CNR9479928173,Driver Not Found,CID929944,Bike,Shivajinagar,Whitefield,,,Not Applicable,Not Applicable,Not Applicable,Not Applicable,945,Not Applicable,0,,
2024-07-05 04:37:00,CNR8736841948,Success,CID142708,Mini,Chamarajpet,RT Nagar,189.0,135.0,Not Applicable,Not Applicable,No,Not Applicable,485,UPI,40,3.3,4.9
2024-07-01 07:35:00,CNR4355702499,Canceled by Customer,CID632851,eBike,Basavanagudi,Bannerghatta Road,,,Change of plans,Not Applicable,Not Applicable,Not Applicable,2899,Not Applicable,0,,
2024-07-13 15:38:00,CNR3403511589,Success,CID860101,Prime Sedan,Magadi Road,RT Nagar,63.0,95.0,Not Applicable,Not Applicable,No,Not Applicable,754,UPI,33,4.9,4.2
2024-07-13 04:38:00,CNR7474042522,Success,CID862808,Auto,Shivajinagar,Indiranagar,98.0,75.0,Not Applicable,Not Applicable,No,Not Applicable,289,Cash,6,3.2,4.4
2024-07-15 07:50:00,CNR4759154795,Canceled by Customer,CID802696,Mini,Basavanagudi,Basavanagudi,,,Driver is not moving towards pickup location,Not Applicable,Not Applicable,Not Applicable,358,Not Applicable,0,,
2024-07-02 18:01:00,CNR4431073290,Driver Not Found,CID949698,Prime SUV,MG Road,Padmanabhanagar,,,Not Applicable,Not Applicable,Not Applicable,Not Applicable,678,Not Applicable,0,,
2024-07-08 01:11:00,CNR8516088509,Success,CID102885,Prime Sedan,Jayanagar,Whitefield,147.0,115.0,Not Applicable,Not Applicable,Yes,Vehicle Breakdown,2944,Cash,40,3.7,4.1
2024-07-04 16:44:00,CNR1523274685,Success,CID744736,Bike,Yelahanka,Langford Town,168.0,120.0,Not Applicable,Not Applicable,No,Not Applicable,478,Cash,45,3.6,4.0
2024-07-20 22:53:00,CNR7228188475,Success,CID619656,eBike,Marathahalli,Shivajinagar,266.0,50.0,Not Applicable,Not Applicable,No,Not Applicable,120,UPI,7,4.8,4.1
2024-07-23 09:46:00,CNR3394066292,Success,CID873975,eBike,Chickpet,Banashankari,119.0,95.0,Not Applicable,Not Applicable,No,Not Applicable,112,UPI,31,3.6,3.0
2024-07-22 14:27:00,CNR5914739961,Success,CID331402,Prime Sedan,Richmond Town,Hebbal,210.0,95.0,Not Applicable,Not Applicable,No,Not Applicable,105,UPI,33,3.6,4.6
2024-07-14 19:20:00,CNR1415495309,Success,CID779378,Mini,Hennur,Chamarajpet,77.0,45.0,Not Applicable,Not Applicable,No,Not Applicable,207,UPI,2,4.3,3.3
2024-07-12 19:24:00,CNR8605005803,Driver Not Found,CID251780,Bike,RT Nagar,KR Puram,,,Not Applicable,Not Applicable,Not Applicable,Not Applicable,408,Not Applicable,0,,
2024-07-06 17:46:00,CNR4812412804,Canceled by Driver,CID124427,Mini,Majestic,Bellandur,,,Not Applicable,Personal & Car related issue,Not Applicable,Not Applicable,418,Not Applicable,0,,
2024-07-04 09:51:00,CNR7812039983,Canceled by Driver,CID826369,Prime Plus,Basavanagudi,Hosur Road,,,Not Applicable,Personal & Car related issue,Not Applicable,Not Applicable,194,Not Applicable,0,,
2024-07-03 07:33:00,CNR4959106573,Canceled by Driver,CID958251,Auto,BTM Layout,Hosur Road,,,Not Applicable,Customer was coughing/sick,Not Applicable,Not Applicable,812,Not Applicable,0,,
2024-07-13 04:10:00,CNR8953720386,Canceled by Customer,CID421626,Mini,BTM Layout,Marathahalli,,,AC is Not working,Not Applicable,Not Applicable,Not Applicable,526,Not Applicable,0,,
2024-07-15 18:59:00,CNR2606387801,Success,CID466173,Auto,Devanahalli,Rajajinagar,287.0,80.0,Not Applicable,Not Applicable,No,Not Applicable,163,UPI,2,3.2,4.7
2024-07-02 22:18:00,CNR6999270101,Driver Not Found,CID272573,Auto,JP Nagar,Banashankari,,,Not Applicable,Not Applicable,Not Applicable,Not Applicable,289,Not Applicable,0,,
2024-07-15 22:15:00,CNR2346609261,Success,CID503510,Bike,Sarjapur Road,Mysore Road,126.0,25.0,Not Applicable,Not Applicable,No,Not Applicable,472,Cash,10,4.7,3.2
2024-07-03 00:18:00,CNR6698626536,Success,CID471552,Prime Plus,HSR Layout,Langford Town,301.0,115.0,Not Applicable,Not Applicable,No,Not Applicable,491,Cash,18,4.3,3.7
2024-07-17 04:24:00,CNR6510314549,Canceled by Customer,CID459271,eBike,Mysore Road,Kammanahalli,,,Driver asked to cancel,Not Applicable,Not Applicable,Not Applicable,216,Not Applicable,0,,
2024-07-26 01:33:00,CNR4648995142,Success,CID507335,Prime Plus,Basavanagudi,MG Road,168.0,95.0,Not Applicable,Not Applicable,No,Not Applicable,373,Cash,20,3.9,3.7
2024-07-15 08:25:00,CNR4123486231,Success,CID728537,Auto,Sahakar Nagar,Langford Town,238.0,110.0,Not Applicable,Not Applicable,No,Not Applicable,847,Cash,10,3.0,4.4
2024-07-19 06:44:00,CNR5625869063,Success,CID632224,Prime Plus,HSR Layout,RT Nagar,252.0,115.0,Not Applicable,Not Applicable,No,Not Applicable,639,Credit Card,16,4.1,4.3
2024-07-08 13:57:00,CNR7016545288,Success,CID742726,Prime Plus,Magadi Road,Hosur Road,112.0,135.0,Not Applicable,Not Applicable,No,Not Applicable,285,UPI,12,3.9,3.5
2024-07-08 22:24:00,CNR7932127677,Canceled by Driver,CID702551,Prime SUV,Indiranagar,Ulsoor,,,Not Applicable,Personal & Car related issue,Not Applicable,Not Applicable,663,Not Applicable,0,,
2024-07-21 12:32:00,CNR1978304034,Success,CID527309,Auto,Mysore Road,Cox Town,252.0,75.0,Not Applicable,Not Applicable,Yes,Customer Demand,946,Cash,14,5.0,3.3
2024-07-19 02:11:00,CNR3093368907,Success,CID997650,Prime Plus,Nagarbhavi,Whitefield,175.0,115.0,Not Applicable,Not Applicable,No,Not Applicable,433,Cash,14,4.0,3.7
2024-07-01 04:22:00,CNR9224288761,Canceled by Customer,CID776031,eBike,Magadi Road,Rajarajeshwari Nagar,,,Driver asked to cancel,Not Applicable,Not Applicable,Not Applicable,332,Not Applicable,0,,
2024-07-18 17:55:00,CNR9878698541,Success,CID343603,Bike,Malleshwaram,Cox Town,147.0,130.0,Not Applicable,Not Applicable,No,Not Applicable,789,Cash,43,5.0,3.9
2024-07-05 22:26:00,CNR5026377941,Canceled by Customer,CID793903,Prime Sedan,Cox Town,Tumkur Road,,,Change of plans,Not Applicable,Not Applicable,Not Applicable,357,Not Applicable,0,,
2024-07-01 19:21:00,CNR4373025650,Success,CID552625,Prime SUV,Marathahalli,Sahakar Nagar,35.0,65.0,Not Applicable,Not Applicable,No,Not Applicable,456,Cash,43,3.0,4.4
2024-07-02 11:12:00,CNR7626462910,Driver Not Found,CID250226,Prime Plus,Hebbal,Ulsoor,,,Not Applicable,Not Applicable,Not Applicable,Not Applicable,310,Not Applicable,0,,
2024-07-15 02:00:00,CNR2251729793,Canceled by Customer,CID801664,eBike,Banashankari,Hosur Road,,,Wrong Address,Not Applicable,Not Applicable,Not Applicable,984,Not Applicable,0,,
2024-07-27 20:41:00,CNR5737598825,Driver Not Found,CID647423,Auto,Malleshwaram,Hebbal,,,Not Applicable,Not Applicable,Not Applicable,Not Applicable,159,Not Applicable,0,,
2024-07-20 19:05:00,CNR6186509141,Success,CID178150,Mini,BTM Layout,Sahakar Nagar,112.0,45.0,Not Applicable,Not Applicable,No,Not Applicable,450,Cash,17,3.3,4.6
2024-07-08 20:06:00,CNR6009984157,Canceled by Driver,CID854905,Prime Plus,Frazer Town,MG Road,,,Not Applicable,Personal & Car related issue,Not Applicable,Not Applicable,124,Not Applicable,0,,
2024-07-16 07:10:00,CNR2880121024,Success,CID507296,Auto,Tumkur Road,Cox Town,119.0,55.0,Not Applicable,Not Applicable,No,Not Applicable,181,Cash,5,4.4,3.9
2024-07-16 00:24:00,CNR8390167338,Canceled by Customer,CID773760,Prime Sedan,Magadi Road,Chamarajpet,,,Driver is not moving towards pickup location,Not Applicable,Not Applicable,Not Applicable,191,Not Applicable,0,,
2024-07-03 16:50:00,CNR1606598940,Success,CID820969,Bike,Hulimavu,Ulsoor,203.0,125.0,Not Applicable,Not Applicable,No,Not Applicable,807,UPI,39,4.7,3.4
2024-07-28 02:48:00,CNR1160524469,Driver Not Found,CID171882,Prime SUV,Mysore Road,Hennur,,,Not Applicable,Not Applicable,Not Applicable,Not Applicable,2532,Not Applicable,0,,
2024-07-01 09:17:00,CNR5254528019,Success,CID605960,Prime Sedan,Whitefield,Indiranagar,56.0,140.0,Not Applicable,Not Applicable,No,Not Applicable,244,UPI,39,4.2,3.1
2024-07-17 04:16:00,CNR8334735521,Success,CID582889,eBike,Yeshwanthpur,Varthur,161.0,35.0,Not Applicable,Not Applicable,No,Not Applicable,2202,Cash,17,3.0,4.2
2024-07-18 18:27:00,CNR2389801865,Success,CID831138,Prime Sedan,MG Road,Kengeri,168.0,90.0,Not Applicable,Not Applicable,No,Not Applicable,349,UPI,4,3.6,5.0
2024-07-24 09:46:00,CNR6830458675,Success,CID621066,eBike,Shantinagar,Electronic City,63.0,95.0,Not Applicable,Not Applicable,No,Not Applicable,271,Cash,11,4.0,3.8
2024-07-07 21:29:00,CNR9854462559,Success,CID787497,eBike,Vijayanagar,Hulimavu,105.0,85.0,Not Applicable,Not Applicable,No,Not Applicable,339,UPI,16,4.1,3.5
2024-07-21 01:53:00,CNR7868726991,Canceled by Driver,CID147485,eBike,Electronic City,Varthur,,,Not Applicable,Customer was coughing/sick,Not Applicable,Not Applicable,194,Not Applicable,0,,
2024-07-30 12:30:00,CNR1559096149,Canceled by Driver,CID459582,Prime Sedan,Tumkur Road,Rajajinagar,,,Not Applicable,Customer related issue,Not Applicable,Not Applicable,2170,Not Applicable,0,,
2024-07-29 01:09:00,CNR6411364291,Success,CID521575,Bike,HSR Layout,Koramangala,259.0,80.0,Not Applicable,Not Applicable,No,Not Applicable,191,UPI,46,4.6,3.7
2024-07-30 09:36:00,CNR9144029894,Success,CID438379,eBike,BTM Layout,Devanahalli,119.0,25.0,Not Applicable,Not Applicable,No,Not Applicable,607,UPI,17,4.8,4.4
2024-07-05 00:28:00,CNR3317112588,Driver Not Found,CID268098,eBike,Peenya,Peenya,,,Not Applicable,Not Applicable,Not Applicable,Not Applicable,470,Not Applicable,0,,
2024-07-21 15:01:00,CNR5180942166,Success,CID874185,Bike,Richmond Town,Banashankari,196.0,70.0,Not Applicable,Not Applicable,No,Not Applicable,2150,UPI,21,3.8,3.9
2024-07-23 13:50:00,CNR5154535696,Success,CID358202,Prime Plus,Chickpet,Kengeri,84.0,45.0,Not Applicable,Not Applicable,No,Not Applicable,367,UPI,30,4.2,4.6
2024-07-10 04:36:00,CNR6216137793,Success,CID554037,Prime SUV,Ramamurthy Nagar,RT Nagar,77.0,95.0,Not Applicable,Not Applicable,No,Not Applicable,117,Cash,26,4.4,4.0
2024-07-30 21:13:00,CNR7597963295,Success,CID843164,Prime SUV,Majestic,Rajajinagar,175.0,145.0,Not Applicable,Not Applicable,No,Not Applicable,614,Cash,28,4.7,3.1
2024-07-16 20:45:00,CNR3077880551,Canceled by Driver,CID464788,Prime Plus,Majestic,Hebbal,,,Not Applicable,Personal & Car related issue,Not Applicable,Not Applicable,795,Not Applicable,0,,
2024-07-16 18:38:00,CNR2483594986,Success,CID310555,Bike,Richmond Town,Bellandur,273.0,25.0,Not Applicable,Not Applicable,No,Not Applicable,164,Cash,39,3.8,3.1
2024-07-16 21:54:00,CNR4918195639,Canceled by Customer,CID555706,Prime Plus,Ramamurthy Nagar,Kadugodi,,,Driver asked to cancel,Not Applicable,Not Applicable,Not Applicable,185,Not Applicable,0,,
2024-07-26 18:46:00,CNR7993370255,Driver Not Found,CID658572,Mini,Langford Town,Hebbal,,,Not Applicable,Not Applicable,Not Applicable,Not Applicable,344,Not Applicable,0,,
2024-07-16 14:39:00,CNR5874276998,Success,CID320060,Mini,JP Nagar,Ulsoor,63.0,85.0,Not Applicable,Not Applicable,No,Not Applicable,681,Cash,23,3.4,4.0
2024-07-15 01:56:00,CNR6775415033,Success,CID904701,Prime SUV,Banashankari,JP Nagar,301.0,120.0,Not Applicable,Not Applicable,No,Not Applicable,376,Cash,43,4.3,3.2
2024-07-16 14:24:00,CNR3157160913,Success,CID578206,Prime Plus,Magadi Road,Rajajinagar,70.0,85.0,Not Applicable,Not Applicable,No,Not Applicable,423,Cash,37,4.2,4.0
2024-07-12 06:51:00,CNR6686873805,Success,CID991243,Mini,Rajarajeshwari Nagar,Devanahalli,280.0,50.0,Not Applicable,Not Applicable,No,Not Applicable,280,UPI,3,4.4,4.7
2024-07-03 20:02:00,CNR9567481505,Success,CID221513,eBike,Ulsoor,KR Puram,308.0,45.0,Not Applicable,Not Applicable,No,Not Applicable,142,UPI,8,3.2,4.2
2024-07-03 05:01:00,CNR1531162257,Canceled by Customer,CID280780,Auto,Malleshwaram,Shivajinagar,,,Change of plans,Not Applicable,Not Applicable,Not Applicable,153,Not Applicable,0,,
2024-07-09 10:24:00,CNR9338717049,Success,CID550362,Prime Plus,Ulsoor,Rajarajeshwari Nagar,105.0,25.0,Not Applicable,Not Applicable,No,Not Applicable,274,UPI,11,4.2,3.4
2024-07-25 14:22:00,CNR7099608376,Canceled by Driver,CID383791,Bike,Peenya,MG Road,,,Not Applicable,More than permitted people in there,Not Applicable,Not Applicable,417,Not Applicable,0,,
2024-07-07 07:19:00,CNR5208861822,Canceled by Customer,CID825624,Prime Plus,HSR Layout,Ulsoor,,,Change of plans,Not Applicable,Not Applicable,Not Applicable,537,Not Applicable,0,,
2024-07-09 19:11:00,CNR5779573833,Driver Not Found,CID261360,Mini,Ramamurthy Nagar,Hulimavu,,,Not Applicable,Not Applicable,Not Applicable,Not Applicable,240,Not Applicable,0,,
2024-07-23 11:22:00,CNR4555185314,Success,CID669426,Prime Plus,Ulsoor,Cox Town,224.0,105.0,Not Applicable,Not Applicable,No,Not Applicable,804,Credit Card,36,4.5,4.3
2024-07-25 19:27:00,CNR5335640203,Driver Not Found,CID210961,Prime Plus,Ulsoor,Kammanahalli,,,Not Applicable,Not Applicable,Not Applicable,Not Applicable,784,Not Applicable,0,,
2024-07-17 05:01:00,CNR6822991723,Driver Not Found,CID256986,eBike,MG Road,Rajarajeshwari Nagar,,,Not Applicable,Not Applicable,Not Applicable,Not Applicable,906,Not Applicable,0,,
2024-07-13 01:29:00,CNR3081084220,Canceled by Driver,CID503049,Prime SUV,Hebbal,Basavanagudi,,,Not Applicable,Customer was coughing/sick,Not Applicable,Not Applicable,234,Not Applicable,0,,
2024-07-08 20:32:00,CNR3593414455,Canceled by Driver,CID193220,Bike,Frazer Town,Chamarajpet,,,Not Applicable,Customer related issue,Not Applicable,Not Applicable,337,Not Applicable,0,,
2024-07-25 12:12:00,CNR6219646843,Success,CID436195,eBike,Padmanabhanagar,Ulsoor,112.0,130.0,Not Applicable,Not Applicable,Yes,Other Issue,311,UPI,38,4.9,3.1
2024-07-22 21:40:00,CNR6387860974,Success,CID766673,Mini,JP Nagar,Yeshwanthpur,140.0,145.0,Not Applicable,Not Applicable,No,Not Applicable,215,Cash,22,4.1,4.8
2024-07-26 11:27:00,CNR8215598763,Success,CID673980,Prime SUV,Shantinagar,Hosur Road,140.0,125.0,Not Applicable,Not Applicable,No,Not Applicable,477,UPI,41,3.5,3.1
2024-07-07 15:27:00,CNR6879808841,Success,CID373778,Auto,Malleshwaram,Padmanabhanagar,175.0,130.0,Not Applicable,Not Applicable,No,Not Applicable,372,UPI,16,3.0,3.9
2024-07-20 03:18:00,CNR3136710876,Canceled by Driver,CID207442,Prime Sedan,Jayanagar,Ramamurthy Nagar,,,Not Applicable,Customer related issue,Not Applicable,Not Applicable,462,Not Applicable,0,,
2024-07-06 11:11:00,CNR8672350192,Success,CID538206,eBike,Ramamurthy Nagar,Padmanabhanagar,112.0,70.0,Not Applicable,Not Applicable,No,Not Applicable,1166,UPI,31,4.1,4.7
2024-07-26 11:34:00,CNR3862027470,Success,CID277757,Prime Plus,Ramamurthy Nagar,Rajarajeshwari Nagar,119.0,115.0,Not Applicable,Not Applicable,No,Not Applicable,447,UPI,38,4.2,3.2
2024-07-16 20:59:00,CNR3834809455,Canceled by Driver,CID124596,eBike,Shantinagar,Banashankari,,,Not Applicable,Customer related issue,Not Applicable,Not Applicable,371,Not Applicable,0,,
2024-07-12 23:54:00,CNR1001021527,Driver Not Found,CID878063,Prime SUV,JP Nagar,MG Road,,,Not Applicable,Not Applicable,Not Applicable,Not Applicable,154,Not Applicable,0,,
2024-07-30 22:45:00,CNR5481358788,Driver Not Found,CID349171,Prime Sedan,Majestic,KR Puram,,,Not Applicable,Not Applicable,Not Applicable,Not Applicable,279,Not Applicable,0,,
2024-07-27 08:49:00,CNR8907985346,Success,CID274312,Prime SUV,Hennur,Sarjapur Road,217.0,95.0,Not Applicable,Not Applicable,Yes,Other Issue,317,Cash,28,4.2,3.5
2024-07-09 02:54:00,CNR2929382101,Success,CID234627,Mini,Chamarajpet,Yelahanka,112.0,130.0,Not Applicable,Not Applicable,No,Not Applicable,112,UPI,21,3.3,4.7
2024-07-12 05:08:00,CNR5012651945,Driver Not Found,CID937267,Auto,Hulimavu,RT Nagar,,,Not Applicable,Not Applicable,Not Applicable,Not Applicable,921,Not Applicable,0,,
2024-07-22 13:42:00,CNR6244812816,Success,CID845108,Bike,Magadi Road,Hebbal,168.0,65.0,Not Applicable,Not Applicable,No,Not Applicable,954,Cash,10,3.6,4.5
2024-07-22 13:11:00,CNR2195515179,Success,CID244837,Auto,Rajarajeshwari Nagar,Kammanahalli,273.0,125.0,Not Applicable,Not Applicable,No,Not Applicable,229,UPI,11,3.4,4.3
2024-07-05 13:04:00,CNR5250845831,Success,CID220066,Prime Plus,Rajarajeshwari Nagar,Yeshwanthpur,70.0,70.0,Not Applicable,Not Applicable,No,Not Applicable,492,Cash,31,3.4,3.2
2024-07-26 00:01:00,CNR7693182354,Success,CID735399,Prime SUV,Hulimavu,Jayanagar,70.0,120.0,Not Applicable,Not Applicable,No,Not Applicable,706,Credit Card,12,3.7,4.5
2024-07-23 10:24:00,CNR6381197679,Success,CID931465,Prime SUV,BTM Layout,JP Nagar,119.0,100.0,Not Applicable,Not Applicable,Yes,Customer Demand,960,UPI,9,4.9,3.0
2024-07-02 22:24:00,CNR6914375838,Success,CID903580,Prime Sedan,Hennur,Kammanahalli,126.0,50.0,Not Applicable,Not Applicable,No,Not Applicable,431,UPI,40,4.1,4.1
2024-07-18 05:25:00,CNR6244442637,Driver Not Found,CID906937,Prime Sedan,Varthur,Tumkur Road,,,Not Applicable,Not Applicable,Not Applicable,Not Applicable,125,Not Applicable,0,,
2024-07-12 01:52:00,CNR2568420065,Canceled by Driver,CID652530,Prime Plus,Vijayanagar,Electronic City,,,Not Applicable,Customer related issue,Not Applicable,Not Applicable,176,Not Applicable,0,,
2024-07-19 10:49:00,CNR5989208216,Success,CID988630,Bike,Hosur Road,Kadugodi,175.0,105.0,Not Applicable,Not Applicable,No,Not Applicable,271,UPI,31,3.7,4.2
2024-07-20 09:51:00,CNR4080880028,Success,CID131930,eBike,Marathahalli,Hennur,175.0,65.0,Not Applicable,Not Applicable,No,Not Applicable,482,Cash,12,4.6,4.6
2024-07-24 20:17:00,CNR7073556106,Success,CID516009,Mini,Mysore Road,Hebbal,175.0,140.0,Not Applicable,Not Applicable,No,Not Applicable,205,UPI,28,3.4,4.2
2024-07-19 04:18:00,CNR1707275819,Success,CID510287,Mini,Kammanahalli,Shivajinagar,266.0,40.0,Not Applicable,Not Applicable,No,Not Applicable,520,Cash,48,4.6,3.1
2024-07-13 23:19:00,CNR9089632117,Canceled by Customer,CID715610,Bike,Mysore Road,Indiranagar,,,AC is Not working,Not Applicable,Not Applicable,Not Applicable,368,Not Applicable,0,,
2024-07-09 23:14:00,CNR2633493663,Success,CID901982,eBike,Yeshwanthpur,Yeshwanthpur,70.0,75.0,Not Applicable,Not Applicable,No,Not Applicable,929,Cash,8,3.9,3.7
2024-07-28 14:11:00,CNR7418256574,Canceled by Driver,CID128797,Prime Sedan,Frazer Town,Ramamurthy Nagar,,,Not Applicable,More than permitted people in there,Not Applicable,Not Applicable,250,Not Applicable,0,,
2024-07-13 00:54:00,CNR7996492787,Success,CID605095,Bike,Banashankari,BTM Layout,259.0,130.0,Not Applicable,Not Applicable,No,Not Applicable,498,Cash,18,3.9,3.6
2024-07-21 20:52:00,CNR9024415712,Success,CID248424,Prime Plus,Sahakar Nagar,Rajarajeshwari Nagar,133.0,110.0,Not Applicable,Not Applicable,No,Not Applicable,215,UPI,20,4.9,3.8
2024-07-05 20:39:00,CNR4504317127,Canceled by Customer,CID356269,Bike,Langford Town,Tumkur Road,,,Driver is not moving towards pickup location,Not Applicable,Not Applicable,Not Applicable,400,Not Applicable,0,,
2024-07-13 08:11:00,CNR3913868771,Success,CID583598,Prime Sedan,Ulsoor,Vijayanagar,56.0,30.0,Not Applicable,Not Applicable,No,Not Applicable,227,UPI,17,4.6,3.9
2024-07-03 18:24:00,CNR2290963694,Success,CID380197,Prime Sedan,Ulsoor,Koramangala,287.0,55.0,Not Applicable,Not Applicable,No,Not Applicable,116,UPI,30,4.3,4.0
2024-07-11 21:08:00,CNR8259192976,Success,CID134254,Bike,RT Nagar,Bellandur,217.0,125.0,Not Applicable,Not Applicable,No,Not Applicable,2565,Cash,32,4.5,3.1
2024-07-24 12:43:00,CNR3006712257,Success,CID789976,Prime SUV,KR Puram,Hulimavu,154.0,70.0,Not Applicable,Not Applicable,No,Not Applicable,195,UPI,20,4.6,3.7
2024-07-24 21:47:00,CNR6231977084,Success,CID151028,Auto,Sarjapur Road,Hebbal,49.0,105.0,Not Applicable,Not Applicable,No,Not Applicable,163,Credit Card,11,3.4,3.7
2024-07-15 05:07:00,CNR4407212101,Success,CID812292,Prime Plus,Hennur,Langford Town,266.0,95.0,Not Applicable,Not Applicable,No,Not Applicable,457,Cash,31,3.5,4.1
2024-07-17 05:28:00,CNR4727291137,Canceled by Customer,CID933452,Prime SUV,Kengeri,Koramangala,,,Wrong Address,Not Applicable,Not Applicable,Not Applicable,413,Not Applicable,0,,
2024-07-26 13:25:00,CNR1307786468,Canceled by Customer,CID191024,Mini,Richmond Town,Hebbal,,,Driver is not moving towards pickup location,Not Applicable,Not Applicable,Not Applicable,920,Not Applicable,0,,
2024-07-25 16:10:00,CNR2197402709,Success,CID515593,Auto,HSR Layout,Banashankari,154.0,75.0,Not Applicable,Not Applicable,No,Not Applicable,430,UPI,17,4.0,3.9
2024-07-11 18:07:00,CNR8916631841,Success,CID930966,Auto,Electronic City,Bannerghatta Road,168.0,55.0,Not Applicable,Not Applicable,No,Not Applicable,433,UPI,15,4.1,4.6
2024-07-22 02:06:00,CNR4728557019,Canceled by Driver,CID281060,Bike,Richmond Town,Hebbal,,,Not Applicable,Customer related issue,Not Applicable,Not Applicable,389,Not Applicable,0,,
2024-07-02 03:02:00,CNR5757605377,Success,CID515800,Prime Sedan,MG Road,Padmanabhanagar,259.0,85.0,Not Applicable,Not Applicable,No,Not Applicable,815,Cash,20,3.1,3.5
2024-07-20 03:16:00,CNR8970776323,Success,CID210123,Prime SUV,Jayanagar,Shivajinagar,98.0,25.0,Not Applicable,Not Applicable,No,Not Applicable,108,UPI,41,3.5,4.2
2024-07-26 06:44:00,CNR8174239517,Success,CID894383,Mini,Sahakar Nagar,Ramamurthy Nagar,105.0,60.0,Not Applicable,Not Applicable,No,Not Applicable,376,UPI,45,4.7,4.1
2024-07-06 14:53:00,CNR9319289824,Success,CID165393,Prime Plus,Tumkur Road,KR Puram,203.0,35.0,Not Applicable,Not Applicable,No,Not Applicable,235,UPI,12,3.4,4.0
2024-07-23 00:29:00,CNR2289007764,Success,CID359366,Prime Plus,MG Road,Kadugodi,196.0,70.0,Not Applicable,Not Applicable,No,Not Applicable,264,Credit Card,32,4.0,3.3
2024-07-26 04:17:00,CNR8612530169,Canceled by Driver,CID611566,Bike,Padmanabhanagar,Richmond Town,,,Not Applicable,Personal & Car related issue,Not Applicable,Not Applicable,140,Not Applicable,0,,
2024-07-13 08:28:00,CNR6513043915,Success,CID168955,Prime Sedan,Marathahalli,Shantinagar,231.0,95.0,Not Applicable,Not Applicable,No,Not Applicable,419,UPI,19,4.7,3.4
2024-07-14 06:23:00,CNR4737726065,Canceled by Customer,CID956517,Prime Sedan,Frazer Town,Kammanahalli,,,Driver asked to cancel,Not Applicable,Not Applicable,Not Applicable,320,Not Applicable,0,,
2024-07-14 10:03:00,CNR5792438278,Canceled by Driver,CID147706,Prime SUV,Jayanagar,MG Road,,,Not Applicable,More than permitted people in there,Not Applicable,Not Applicable,436,Not Applicable,0,,
2024-07-20 08:52:00,CNR4790263408,Canceled by Driver,CID634474,Prime SUV,Sarjapur Road,Padmanabhanagar,,,Not Applicable,Personal & Car related issue,Not Applicable,Not Applicable,657,Not Applicable,0,,
2024-07-11 01:06:00,CNR3722205708,Canceled by Driver,CID633524,eBike,Varthur,JP Nagar,,,Not Applicable,Customer related issue,Not Applicable,Not Applicable,270,Not Applicable,0,,
2024-07-27 06:09:00,CNR4689546477,Canceled by Driver,CID877855,Prime SUV,Vijayanagar,Shantinagar,,,Not Applicable,More than permitted people in there,Not Applicable,Not Applicable,917,Not Applicable,0,,
2024-07-22 14:16:00,CNR8525377262,Canceled by Driver,CID704376,Bike,KR Puram,Shivajinagar,,,Not Applicable,Customer related issue,Not Applicable,Not Applicable,131,Not Applicable,0,,
2024-07-24 18:53:00,CNR1800578786,Success,CID255298,Prime SUV,KR Puram,Sarjapur Road,217.0,25.0,Not Applicable,Not Applicable,No,Not Applicable,206,Cash,23,4.9,3.7
2024-07-15 11:08:00,CNR8302617764,Success,CID257614,Prime Sedan,Whitefield,Cox Town,91.0,30.0,Not Applicable,Not Applicable,No,Not Applicable,417,UPI,29,4.8,5.0
2024-07-23 02:05:00,CNR7362936162,Canceled by Driver,CID904671,Mini,KR Puram,HSR Layout,,,Not Applicable,Customer was coughing/sick,Not Applicable,Not Applicable,126,Not Applicable,0,,
2024-07-11 04:10:00,CNR1990058275,Success,CID701193,Auto,Chamarajpet,Marathahalli,35.0,140.0,Not Applicable,Not Applicable,No,Not Applicable,460,Cash,10,4.6,4.4
2024-07-05 16:35:00,CNR6172562828,Canceled by Customer,CID353465,Prime SUV,Indiranagar,Magadi Road,,,Driver asked to cancel,Not Applicable,Not Applicable,Not Applicable,318,Not Applicable,0,,
2024-07-09 05:36:00,CNR5443147342,Canceled by Customer,CID315384,eBike,Kadugodi,Nagarbhavi,,,Driver asked to cancel,Not Applicable,Not Applicable,Not Applicable,2486,Not Applicable,0,,
2024-07-14 11:19:00,CNR1440287485,Canceled by Driver,CID784935,Bike,Kengeri,Indiranagar,,,Not Applicable,Customer related issue,Not Applicable,Not Applicable,224,Not Applicable,0,,
2024-07-22 06:52:00,CNR3257239633,Success,CID112071,Auto,Yelahanka,Varthur,280.0,110.0,Not Applicable,Not Applicable,No,Not Applicable,205,Cash,9,4.2,4.6
2024-07-18 16:27:00,CNR1020035916,Success,CID674580,Mini,Malleshwaram,Nagarbhavi,91.0,105.0,Not Applicable,Not Applicable,No,Not Applicable,1100,Cash,21,4.7,3.4
2024-07-28 15:41:00,CNR5178182481,Success,CID676304,Prime SUV,Hulimavu,Vijayanagar,203.0,95.0,Not Applicable,Not Applicable,No,Not Applicable,341,Cash,31,5.0,3.9
2024-07-25 13:08:00,CNR1808606511,Success,CID989693,Prime Plus,Hennur,Koramangala,231.0,130.0,Not Applicable,Not Applicable,No,Not Applicable,447,Cash,34,4.9,4.2
2024-07-11 07:54:00,CNR1646718303,Success,CID852384,eBike,Hulimavu,Shivajinagar,56.0,100.0,Not Applicable,Not Applicable,No,Not Applicable,182,Cash,1,3.7,3.2
2024-07-30 17:36:00,CNR4376914393,Success,CID725595,Prime Sedan,Langford Town,Basavanagudi,119.0,85.0,Not Applicable,Not Applicable,No,Not Applicable,300,Cash,24,4.0,3.3
2024-07-09 14:57:00,CNR6740153036,Canceled by Driver,CID603973,Mini,Bellandur,Devanahalli,,,Not Applicable,Personal & Car related issue,Not Applicable,Not Applicable,135,Not Applicable,0,,
2024-07-19 09:27:00,CNR5874557470,Success,CID770447,Prime Plus,Hosur Road,Hosur Road,259.0,140.0,Not Applicable,Not Applicable,No,Not Applicable,299,Cash,45,3.3,4.5
2024-07-29 13:50:00,CNR4773303479,Canceled by Customer,CID639962,Prime SUV,Sarjapur Road,Indiranagar,,,Driver is not moving towards pickup location,Not Applicable,Not Applicable,Not Applicable,408,Not Applicable,0,,
2024-07-25 23:15:00,CNR2843068200,Success,CID374106,Bike,Magadi Road,Sahakar Nagar,91.0,65.0,Not Applicable,Not Applicable,Yes,Customer Demand,2585,Cash,20,3.4,4.9
2024-07-29 19:27:00,CNR3307267548,Success,CID849581,Prime SUV,MG Road,Nagarbhavi,266.0,80.0,Not Applicable,Not Applicable,No,Not Applicable,182,Cash,33,3.6,4.7
2024-07-28 09:37:00,CNR4974873525,Canceled by Driver,CID511218,Mini,Tumkur Road,Bellandur,,,Not Applicable,Personal & Car related issue,Not Applicable,Not Applicable,312,Not Applicable,0,,
2024-07-07 20:14:00,CNR6125976063,Success,CID604931,Bike,KR Puram,Electronic City,287.0,105.0,Not Applicable,Not Applicable,No,Not Applicable,132,Cash,17,3.5,3.0
2024-07-20 02:47:00,CNR6490972001,Success,CID889140,eBike,Indiranagar,Peenya,161.0,115.0,Not Applicable,Not Applicable,No,Not Applicable,141,Cash,47,4.5,4.8
2024-07-28 17:19:00,CNR7702925576,Canceled by Customer,CID911372,Prime Plus,Bannerghatta Road,Nagarbhavi,,,AC is Not working,Not Applicable,Not Applicable,Not Applicable,390,Not Applicable,0,,
2024-07-08 04:13:00,CNR6731589478,Success,CID790479,Mini,Indiranagar,Frazer Town,42.0,80.0,Not Applicable,Not Applicable,No,Not Applicable,134,Cash,19,4.2,4.9
2024-07-19 12:20:00,CNR1600307545,Success,CID747546,Prime SUV,Varthur,Tumkur Road,98.0,100.0,Not Applicable,Not Applicable,No,Not Applicable,353,UPI,16,4.8,3.1
2024-07-13 12:58:00,CNR1409223819,Driver Not Found,CID293219,Mini,Majestic,Nagarbhavi,,,Not Applicable,Not Applicable,Not Applicable,Not Applicable,672,Not Applicable,0,,
2024-07-16 20:23:00,CNR8215040141,Success,CID937527,eBike,Koramangala,JP Nagar,217.0,70.0,Not Applicable,Not Applicable,No,Not Applicable,268,Debit Card,39,4.8,3.3
2024-07-10 11:48:00,CNR6203372504,Success,CID331924,Prime Plus,MG Road,Rajarajeshwari Nagar,49.0,30.0,Not Applicable,Not Applicable,No,Not Applicable,312,Cash,32,3.6,3.1
2024-07-24 00:17:00,CNR1649346519,Success,CID154190,Prime Plus,Ulsoor,JP Nagar,231.0,55.0,Not Applicable,Not Applicable,No,Not Applicable,999,Cash,22,3.8,4.7
2024-07-11 22:59:00,CNR5831403798,Driver Not Found,CID980516,Prime SUV,Indiranagar,Electronic City,,,Not Applicable,Not Applicable,Not Applicable,Not Applicable,391,Not Applicable,0,,
2024-07-08 03:08:00,CNR7690795939,Driver Not Found,CID698074,eBike,Jayanagar,Padmanabhanagar,,,Not Applicable,Not Applicable,Not Applicable,Not Applicable,1923,Not Applicable,0,,
2024-07-14 14:51:00,CNR3304227978,Success,CID186080,Prime SUV,Nagarbhavi,Peenya,231.0,70.0,Not Applicable,Not Applicable,No,Not Applicable,980,Cash,15,4.0,4.0
2024-07-04 09:18:00,CNR2739637063,Success,CID558240,Mini,Ramamurthy Nagar,Yelahanka,238.0,65.0,Not Applicable,Not Applicable,No,Not Applicable,169,Debit Card,4,4.5,3.6
2024-07-24 06:21:00,CNR9214840602,Success,CID105637,Auto,Nagarbhavi,Jayanagar,154.0,40.0,Not Applicable,Not Applicable,No,Not Applicable,335,UPI,18,4.2,3.3
2024-07-01 14:21:00,CNR9892457369,Canceled by Customer,CID594610,Prime SUV,Hulimavu,Ramamurthy Nagar,,,Change of plans,Not Applicable,Not Applicable,Not Applicable,558,Not Applicable,0,,
2024-07-02 08:42:00,CNR7419221613,Success,CID676948,eBike,Varthur,Indiranagar,35.0,55.0,Not Applicable,Not Applicable,No,Not Applicable,187,UPI,23,4.3,4.2
2024-07-28 08:18:00,CNR9630014751,Success,CID791490,Mini,Nagarbhavi,Chickpet,231.0,35.0,Not Applicable,Not Applicable,Yes,Customer Demand,275,UPI,13,4.2,4.0
2024-07-02 04:35:00,CNR6155634621,Success,CID712429,Bike,Majestic,Sarjapur Road,301.0,65.0,Not Applicable,Not Applicable,Yes,Other Issue,404,UPI,45,3.3,4.1
2024-07-07 04:52:00,CNR4826982559,Success,CID436014,Prime Sedan,Shantinagar,Hebbal,182.0,75.0,Not Applicable,Not Applicable,No,Not Applicable,135,Cash,48,3.7,3.8
2024-07-14 13:56:00,CNR9011989438,Driver Not Found,CID242608,Auto,Majestic,Banashankari,,,Not Applicable,Not Applicable,Not Applicable,Not Applicable,376,Not Applicable,0,,
2024-07-27 09:32:00,CNR7706573859,Success,CID607965,Prime Sedan,Kengeri,Chickpet,126.0,55.0,Not Applicable,Not Applicable,No,Not Applicable,265,Cash,35,3.1,4.5
2024-07-17 14:41:00,CNR9839556730,Canceled by Driver,CID285043,Prime SUV,Nagarbhavi,Sarjapur Road,,,Not Applicable,Customer related issue,Not Applicable,Not Applicable,2313,Not Applicable,0,,
2024-07-03 01:49:00,CNR6464854151,Success,CID103487,Bike,Varthur,Hulimavu,154.0,115.0,Not Applicable,Not Applicable,No,Not Applicable,509,Cash,3,4.5,3.7
2024-07-28 16:10:00,CNR9532594352,Canceled by Driver,CID336464,Prime SUV,Marathahalli,Majestic,,,Not Applicable,Personal & Car related issue,Not Applicable,Not Applicable,251,Not Applicable,0,,
2024-07-06 03:08:00,CNR6980967432,Success,CID616222,Mini,Rajarajeshwari Nagar,Langford Town,56.0,135.0,Not Applicable,Not Applicable,No,Not Applicable,209,UPI,44,4.6,3.1
2024-07-04 01:47:00,CNR6453529724,Success,CID699318,Prime Plus,Kengeri,Cox Town,154.0,70.0,Not Applicable,Not Applicable,No,Not Applicable,401,Cash,31,4.7,4.8
2024-07-25 23:06:00,CNR7184406588,Success,CID852896,Prime SUV,JP Nagar,KR Puram,161.0,130.0,Not Applicable,Not Applicable,No,Not Applicable,409,Cash,12,4.2,4.2
2024-07-21 05:14:00,CNR9845885255,Success,CID221973,Prime SUV,Tumkur Road,Tumkur Road,91.0,30.0,Not Applicable,Not Applicable,No,Not Applicable,360,Cash,41,4.8,4.6
2024-07-21 21:46:00,CNR3282031564,Success,CID596640,Prime SUV,Hosur Road,Cox Town,42.0,105.0,Not Applicable,Not Applicable,No,Not Applicable,1242,Cash,22,4.8,3.6
2024-07-29 04:42:00,CNR5796441880,Success,CID618219,Prime SUV,Whitefield,HSR Layout,70.0,30.0,Not Applicable,Not Applicable,No,Not Applicable,554,UPI,33,4.6,4.7
2024-07-18 15:17:00,CNR6907615917,Driver Not Found,CID272847,Prime SUV,Bannerghatta Road,Magadi Road,,,Not Applicable,Not Applicable,Not Applicable,Not Applicable,130,Not Applicable,0,,
2024-07-07 02:57:00,CNR2055251205,Success,CID952742,eBike,Banashankari,Marathahalli,287.0,80.0,Not Applicable,Not Applicable,Yes,Other Issue,508,Cash,11,4.3,3.6
2024-07-03 20:34:00,CNR6175609344,Success,CID270481,Bike,Mysore Road,Rajajinagar,210.0,85.0,Not Applicable,Not Applicable,No,Not Applicable,121,Cash,18,3.8,4.2
2024-07-30 11:31:00,CNR7650200625,Canceled by Driver,CID556480,Auto,Marathahalli,Mysore Road,,,Not Applicable,Customer related issue,Not Applicable,Not Applicable,831,Not Applicable,0,,
2024-07-24 10:35:00,CNR1913540492,Success,CID842717,Bike,Kadugodi,RT Nagar,252.0,70.0,Not Applicable,Not Applicable,No,Not Applicable,125,Cash,23,4.1,4.4
2024-07-29 03:44:00,CNR2431502730,Canceled by Driver,CID226806,Prime SUV,Jayanagar,Basavanagudi,,,Not Applicable,Customer related issue,Not Applicable,Not Applicable,206,Not Applicable,0,,
2024-07-13 22:28:00,CNR3102438362,Success,CID671274,Bike,Hulimavu,Peenya,231.0,105.0,Not Applicable,Not Applicable,No,Not Applicable,258,UPI,32,4.0,4.6
2024-07-10 19:54:00,CNR1001021163,Canceled by Driver,CID501805,Prime Plus,HSR Layout,Whitefield,,,Not Applicable,Customer related issue,Not Applicable,Not Applicable,165,Not Applicable,0,,
2024-07-16 10:02:00,CNR6730382709,Success,CID515667,Prime Plus,Shantinagar,Jayanagar,294.0,85.0,Not Applicable,Not Applicable,No,Not Applicable,129,Cash,35,4.3,3.0
2024-07-29 14:41:00,CNR6974153361,Success,CID497666,Mini,Ramamurthy Nagar,Nagarbhavi,91.0,85.0,Not Applicable,Not Applicable,No,Not Applicable,122,UPI,29,4.3,5.0
2024-07-21 21:42:00,CNR3121414336,Canceled by Driver,CID865574,eBike,Hulimavu,Electronic City,,,Not Applicable,More than permitted people in there,Not Applicable,Not Applicable,244,Not Applicable,0,,
2024-07-09 06:46:00,CNR5305979073,Canceled by Driver,CID449108,Prime SUV,Whitefield,Padmanabhanagar,,,Not Applicable,Customer was coughing/sick,Not Applicable,Not Applicable,2969,Not Applicable,0,,
2024-07-20 10:37:00,CNR4083789384,Success,CID902321,Prime Plus,Rajarajeshwari Nagar,JP Nagar,119.0,95.0,Not Applicable,Not Applicable,No,Not Applicable,419,UPI,6,4.0,3.8
2024-07-11 10:25:00,CNR8006082358,Success,CID218689,Mini,Malleshwaram,Ulsoor,49.0,45.0,Not Applicable,Not Applicable,No,Not Applicable,711,UPI,32,4.2,3.5
2024-07-12 22:32:00,CNR7433577691,Success,CID986408,eBike,Kammanahalli,Padmanabhanagar,259.0,70.0,Not Applicable,Not Applicable,No,Not Applicable,544,Cash,26,3.4,3.7
2024-07-28 23:20:00,CNR9266597277,Canceled by Driver,CID925799,Prime Sedan,Malleshwaram,Hennur,,,Not Applicable,Customer related issue,Not Applicable,Not Applicable,133,Not Applicable,0,,
2024-07-06 06:29:00,CNR6828518676,Driver Not Found,CID571334,eBike,Ulsoor,Sarjapur Road,,,Not Applicable,Not Applicable,Not Applicable,Not Applicable,243,Not Applicable,0,,
2024-07-21 16:53:00,CNR5880728782,Canceled by Driver,CID141517,Bike,JP Nagar,Hebbal,,,Not Applicable,Customer related issue,Not Applicable,Not Applicable,1766,Not Applicable,0,,
2024-07-17 01:31:00,CNR4930956895,Success,CID283170,Bike,Frazer Town,Hebbal,210.0,115.0,Not Applicable,Not Applicable,No,Not Applicable,406,Debit Card,1,4.9,3.3
2024-07-07 05:39:00,CNR2538443588,Success,CID660978,Prime Sedan,Padmanabhanagar,Langford Town,301.0,105.0,Not Applicable,Not Applicable,No,Not Applicable,406,UPI,25,4.6,4.6
2024-07-05 02:15:00,CNR5522941302,Canceled by Customer,CID576053,Auto,Rajarajeshwari Nagar,Electronic City,,,AC is Not working,Not Applicable,Not Applicable,Not Applicable,202,Not Applicable,0,,
2024-07-07 09:27:00,CNR9791053228,Canceled by Customer,CID936273,Prime SUV,Tumkur Road,Peenya,,,Driver is not moving towards pickup location,Not Applicable,Not Applicable,Not Applicable,251,Not Applicable,0,,
2024-07-12 12:31:00,CNR1684988052,Canceled by Driver,CID513428,eBike,MG Road,Shivajinagar,,,Not Applicable,Customer related issue,Not Applicable,Not Applicable,382,Not Applicable,0,,
2024-07-25 23:20:00,CNR2840552442,Success,CID882439,Prime Sedan,RT Nagar,Mysore Road,98.0,100.0,Not Applicable,Not Applicable,No,Not Applicable,679,Cash,23,4.0,4.2
2024-07-22 03:06:00,CNR1782255438,Canceled by Driver,CID166399,eBike,Yelahanka,Magadi Road,,,Not Applicable,Customer related issue,Not Applicable,Not Applicable,261,Not Applicable,0,,
2024-07-15 20:09:00,CNR4101613422,Success,CID209119,eBike,Kengeri,Ramamurthy Nagar,161.0,110.0,Not Applicable,Not Applicable,No,Not Applicable,120,Cash,1,3.5,3.5
2024-07-20 04:43:00,CNR6892626180,Driver Not Found,CID247068,Prime Sedan,Devanahalli,Sahakar Nagar,,,Not Applicable,Not Applicable,Not Applicable,Not Applicable,448,Not Applicable,0,,
2024-07-29 08:10:00,CNR5168568270,Canceled by Driver,CID812571,Bike,Banashankari,Rajarajeshwari Nagar,,,Not Applicable,Customer related issue,Not Applicable,Not Applicable,338,Not Applicable,0,,
2024-07-08 06:45:00,CNR6283926917,Success,CID472635,eBike,Banashankari,Yeshwanthpur,287.0,25.0,Not Applicable,Not Applicable,No,Not Applicable,907,UPI,45,3.7,3.0
2024-07-18 08:27:00,CNR3085146933,Success,CID618463,Prime Plus,Padmanabhanagar,Shantinagar,259.0,35.0,Not Applicable,Not Applicable,No,Not Applicable,262,Cash,46,4.3,4.5
2024-07-28 11:51:00,CNR9684905030,Success,CID226238,Prime Plus,Jayanagar,Rajarajeshwari Nagar,287.0,90.0,Not Applicable,Not Applicable,No,Not Applicable,151,Cash,6,4.9,4.3
2024-07-12 00:56:00,CNR3735266485,Success,CID442268,Prime SUV,Kadugodi,JP Nagar,98.0,90.0,Not Applicable,Not Applicable,No,Not Applicable,110,Cash,34,3.2,3.4
2024-07-06 21:24:00,CNR5772116703,Canceled by Driver,CID107441,eBike,Marathahalli,Rajajinagar,,,Not Applicable,Personal & Car related issue,Not Applicable,Not Applicable,324,Not Applicable,0,,
2024-07-03 05:32:00,CNR4021287721,Success,CID897269,Prime Plus,Yelahanka,Magadi Road,70.0,120.0,Not Applicable,Not Applicable,No,Not Applicable,211,Cash,39,3.2,4.1
2024-07-05 23:41:00,CNR6854053111,Success,CID767279,Auto,Bannerghatta Road,Basavanagudi,63.0,45.0,Not Applicable,Not Applicable,No,Not Applicable,483,Cash,2,5.0,4.8
2024-07-08 22:40:00,CNR4040253905,Success,CID964064,eBike,BTM Layout,Richmond Town,266.0,130.0,Not Applicable,Not Applicable,No,Not Applicable,365,Cash,24,3.4,4.7
2024-07-30 03:49:00,CNR5609036358,Success,CID857942,Mini,Bellandur,Shivajinagar,42.0,135.0,Not Applicable,Not Applicable,No,Not Applicable,963,Cash,2,3.1,4.0
2024-07-04 13:08:00,CNR5845027142,Success,CID580883,Prime Sedan,Chamarajpet,Hennur,203.0,90.0,Not Applicable,Not Applicable,No,Not Applicable,343,UPI,35,4.2,3.5
2024-07-20 21:28:00,CNR8494829694,Canceled by Driver,CID392129,Prime SUV,KR Puram,Bellandur,,,Not Applicable,Customer related issue,Not Applicable,Not Applicable,754,Not Applicable,0,,
2024-07-21 07:07:00,CNR2744556142,Success,CID605201,Mini,Rajajinagar,Indiranagar,112.0,110.0,Not Applicable,Not Applicable,No,Not Applicable,126,Cash,18,3.8,4.7
2024-07-15 02:30:00,CNR4216458770,Success,CID599698,Prime SUV,Bellandur,Nagarbhavi,203.0,60.0,Not Applicable,Not Applicable,No,Not Applicable,124,Cash,17,3.7,3.3
2024-07-10 16:45:00,CNR6053761276,Driver Not Found,CID226611,Prime Plus,Kengeri,Kammanahalli,,,Not Applicable,Not Applicable,Not Applicable,Not Applicable,192,Not Applicable,0,,
2024-07-10 08:22:00,CNR2602421406,Success,CID142923,Mini,Richmond Town,Rajarajeshwari Nagar,224.0,55.0,Not Applicable,Not Applicable,No,Not Applicable,127,Cash,22,3.4,3.2
2024-07-30 02:15:00,CNR1302192738,Success,CID531746,eBike,Sarjapur Road,Hosur Road,161.0,60.0,Not Applicable,Not Applicable,No,Not Applicable,614,UPI,28,4.1,3.8
2024-07-16 14:32:00,CNR9656986503,Driver Not Found,CID970562,Prime Plus,MG Road,Jayanagar,,,Not Applicable,Not Applicable,Not Applicable,Not Applicable,1340,Not Applicable,0,,
2024-07-10 15:09:00,CNR3112374255,Success,CID569054,Prime SUV,Padmanabhanagar,Basavanagudi,91.0,135.0,Not Applicable,Not Applicable,No,Not Applicable,293,Cash,1,4.2,4.3
2024-07-17 05:38:00,CNR9362635380,Success,CID157746,Prime Plus,Richmond Town,Peenya,42.0,100.0,Not Applicable,Not Applicable,No,Not Applicable,209,Cash,29,3.6,3.3
2024-07-22 12:05:00,CNR5242804867,Success,CID961825,Mini,Ramamurthy Nagar,Yelahanka,56.0,70.0,Not Applicable,Not Applicable,No,Not Applicable,119,UPI,22,3.6,4.6
2024-07-01 21:30:00,CNR3625837703,Canceled by Customer,CID925406,Prime Plus,Malleshwaram,Whitefield,,,Change of plans,Not Applicable,Not Applicable,Not Applicable,528,Not Applicable,0,,
2024-07-17 00:56:00,CNR4486805378,Success,CID463920,Mini,KR Puram,HSR Layout,70.0,90.0,Not Applicable,Not Applicable,No,Not Applicable,296,UPI,15,4.2,4.8
2024-07-29 19:08:00,CNR8662914076,Success,CID696075,Prime SUV,Mysore Road,Basavanagudi,252.0,125.0,Not Applicable,Not Applicable,No,Not Applicable,919,Cash,37,3.0,3.2
2024-07-22 06:57:00,CNR1547726736,Driver Not Found,CID233574,Prime SUV,Kammanahalli,Shantinagar,,,Not Applicable,Not Applicable,Not Applicable,Not Applicable,105,Not Applicable,0,,
2024-07-02 21:06:00,CNR5535717731,Success,CID827593,Prime Plus,Whitefield,Indiranagar,273.0,60.0,Not Applicable,Not Applicable,No,Not Applicable,159,Cash,27,3.0,3.7
2024-07-27 14:03:00,CNR9279226813,Canceled by Driver,CID822786,eBike,Cox Town,Tumkur Road,,,Not Applicable,Personal & Car related issue,Not Applicable,Not Applicable,892,Not Applicable,0,,
2024-07-23 05:51:00,CNR6470185789,Success,CID849911,Auto,RT Nagar,Yeshwanthpur,84.0,135.0,Not Applicable,Not Applicable,No,Not Applicable,413,UPI,11,4.3,4.3
2024-07-08 09:46:00,CNR8276294761,Success,CID265714,Prime Sedan,KR Puram,Yelahanka,224.0,45.0,Not Applicable,Not Applicable,No,Not Applicable,785,Cash,33,4.9,4.1
2024-07-22 04:24:00,CNR5898618266,Canceled by Driver,CID319682,Bike,Sahakar Nagar,Banashankari,,,Not Applicable,Customer related issue,Not Applicable,Not Applicable,429,Not Applicable,0,,
2024-07-09 14:55:00,CNR5386186498,Success,CID914606,Bike,Hosur Road,Shantinagar,175.0,135.0,Not Applicable,Not Applicable,No,Not Applicable,2259,Cash,22,4.1,3.7
2024-07-16 01:43:00,CNR2646753906,Canceled by Driver,CID346010,Prime Plus,Whitefield,JP Nagar,,,Not Applicable,Customer related issue,Not Applicable,Not Applicable,312,Not Applicable,0,,
2024-07-08 09:37:00,CNR7052740835,Canceled by Driver,CID957130,Prime SUV,Ulsoor,Kadugodi,,,Not Applicable,Customer was coughing/sick,Not Applicable,Not Applicable,129,Not Applicable,0,,
2024-07-18 22:21:00,CNR1592136174,Canceled by Customer,CID755930,Prime Sedan,Peenya,Sarjapur Road,,,Change of plans,Not Applicable,Not Applicable,Not Applicable,960,Not Applicable,0,,
2024-07-27 14:42:00,CNR3247232685,Success,CID328560,Bike,Frazer Town,Indiranagar,98.0,25.0,Not Applicable,Not Applicable,No,Not Applicable,120,UPI,33,3.6,4.1
2024-07-01 19:18:00,CNR5720045348,Success,CID724722,Prime Sedan,Hosur Road,Sahakar Nagar,252.0,115.0,Not Applicable,Not Applicable,No,Not Applicable,245,UPI,16,4.3,3.1
2024-07-05 06:19:00,CNR9099823620,Success,CID437101,Mini,Hulimavu,Marathahalli,91.0,75.0,Not Applicable,Not Applicable,No,Not Applicable,400,UPI,19,4.5,4.0
2024-07-15 20:03:00,CNR7342140888,Success,CID523078,Bike,Cox Town,Hebbal,210.0,25.0,Not Applicable,Not Applicable,No,Not Applicable,346,Cash,15,3.3,4.7
2024-07-16 13:28:00,CNR5931830440,Success,CID234284,Prime SUV,HSR Layout,Vijayanagar,189.0,90.0,Not Applicable,Not Applicable,No,Not Applicable,127,Cash,29,3.8,4.5
2024-07-07 08:29:00,CNR2814862399,Canceled by Driver,CID130918,Mini,Ramamurthy Nagar,Banashankari,,,Not Applicable,Customer related issue,Not Applicable,Not Applicable,704,Not Applicable,0,,
2024-07-17 19:24:00,CNR2020749573,Canceled by Driver,CID162071,Mini,Kammanahalli,Shivajinagar,,,Not Applicable,Customer related issue,Not Applicable,Not Applicable,240,Not Applicable,0,,
2024-07-26 21:17:00,CNR5922105813,Canceled by Driver,CID140837,Prime Plus,Kammanahalli,Frazer Town,,,Not Applicable,Customer related issue,Not Applicable,Not Applicable,185,Not Applicable,0,,
2024-07-29 17:07:00,CNR6358124808,Canceled by Driver,CID308059,Prime Sedan,Kadugodi,Hennur,,,Not Applicable,Personal & Car related issue,Not Applicable,Not Applicable,329,Not Applicable,0,,
2024-07-14 10:12:00,CNR4729801349,Canceled by Customer,CID640019,Prime Plus,Kengeri,Peenya,,,AC is Not working,Not Applicable,Not Applicable,Not Applicable,320,Not Applicable,0,,
2024-07-05 13:21:00,CNR3322048668,Success,CID853183,Mini,Basavanagudi,Kengeri,56.0,35.0,Not Applicable,Not Applicable,No,Not Applicable,430,UPI,47,3.1,5.0
2024-07-26 18:20:00,CNR9938066150,Canceled by Customer,CID966017,eBike,Yeshwanthpur,MG Road,,,Change of plans,Not Applicable,Not Applicable,Not Applicable,393,Not Applicable,0,,
2024-07-07 15:52:00,CNR7195838676,Canceled by Customer,CID401712,Prime SUV,Electronic City,Frazer Town,,,Wrong Address,Not Applicable,Not Applicable,Not Applicable,739,Not Applicable,0,,
2024-07-25 17:08:00,CNR9301838536,Success,CID711118,eBike,Jayanagar,Bellandur,301.0,90.0,Not Applicable,Not Applicable,No,Not Applicable,396,UPI,27,3.2,4.4
2024-07-06 05:09:00,CNR2155776410,Driver Not Found,CID576150,Prime Sedan,Varthur,Bellandur,,,Not Applicable,Not Applicable,Not Applicable,Not Applicable,540,Not Applicable,0,,
2024-07-15 10:18:00,CNR1998201133,Canceled by Driver,CID605912,Prime Sedan,Hennur,Malleshwaram,,,Not Applicable,More than permitted people in there,Not Applicable,Not Applicable,1839,Not Applicable,0,,
2024-07-26 02:16:00,CNR5960410602,Success,CID276769,Auto,BTM Layout,Marathahalli,308.0,30.0,Not Applicable,Not Applicable,No,Not Applicable,318,Cash,11,3.4,3.5
2024-07-22 11:11:00,CNR2228728251,Success,CID200703,Prime Plus,Marathahalli,Shivajinagar,287.0,120.0,Not Applicable,Not Applicable,No,Not Applicable,485,Cash,2,3.3,3.9
2024-07-17 12:10:00,CNR9238099452,Success,CID565650,Auto,Chamarajpet,Yeshwanthpur,273.0,85.0,Not Applicable,Not Applicable,No,Not Applicable,118,UPI,12,3.1,3.9
2024-07-21 07:35:00,CNR7538220907,Success,CID590107,Bike,RT Nagar,Hosur Road,252.0,65.0,Not Applicable,Not Applicable,No,Not Applicable,289,UPI,4,4.4,3.7
2024-07-17 10:08:00,CNR2634135076,Canceled by Customer,CID208325,Auto,Majestic,Vijayanagar,,,Driver is not moving towards pickup location,Not Applicable,Not Applicable,Not Applicable,335,Not Applicable,0,,
2024-07-10 10:58:00,CNR4810972070,Success,CID825344,Bike,Indiranagar,Kadugodi,308.0,55.0,Not Applicable,Not Applicable,No,Not Applicable,360,UPI,6,3.3,3.7
2024-07-30 20:27:00,CNR4605986445,Success,CID156378,Prime Plus,Frazer Town,Peenya,105.0,110.0,Not Applicable,Not Applicable,No,Not Applicable,508,UPI,4,4.2,4.1
2024-07-03 10:14:00,CNR6852824831,Success,CID646518,Prime Plus,Whitefield,Yeshwanthpur,196.0,140.0,Not Applicable,Not Applicable,No,Not Applicable,363,Cash,11,4.6,3.9
2024-07-07 00:45:00,CNR6422318148,Canceled by Customer,CID964583,Mini,Malleshwaram,Magadi Road,,,AC is Not working,Not Applicable,Not Applicable,Not Applicable,219,Not Applicable,0,,
2024-07-26 19:47:00,CNR9746323044,Canceled by Driver,CID394776,eBike,Sahakar Nagar,Nagarbhavi,,,Not Applicable,Customer related issue,Not Applicable,Not Applicable,274,Not Applicable,0,,
2024-07-09 23:19:00,CNR2658365921,Driver Not Found,CID801746,eBike,Ulsoor,Langford Town,,,Not Applicable,Not Applicable,Not Applicable,Not Applicable,430,Not Applicable,0,,
2024-07-27 23:54:00,CNR3989825316,Canceled by Driver,CID393147,Auto,Chamarajpet,Basavanagudi,,,Not Applicable,Personal & Car related issue,Not Applicable,Not Applicable,135,Not Applicable,0,,
2024-07-02 21:34:00,CNR7612633184,Driver Not Found,CID681234,Bike,Mysore Road,Devanahalli,,,Not Applicable,Not Applicable,Not Applicable,Not Applicable,345,Not Applicable,0,,
2024-07-23 16:29:00,CNR4573762813,Success,CID700746,eBike,KR Puram,Bannerghatta Road,189.0,65.0,Not Applicable,Not Applicable,No,Not Applicable,197,Cash,9,5.0,4.9
2024-07-09 06:26:00,CNR3436165843,Success,CID524698,Prime SUV,Kadugodi,Banashankari,119.0,100.0,Not Applicable,Not Applicable,No,Not Applicable,378,Cash,4,3.8,3.2
2024-07-10 07:21:00,CNR4604756254,Canceled by Customer,CID888904,Bike,Padmanabhanagar,Chamarajpet,,,Driver asked to cancel,Not Applicable,Not Applicable,Not Applicable,245,Not Applicable,0,,
2024-07-21 21:59:00,CNR1439600853,Success,CID243443,eBike,HSR Layout,Rajarajeshwari Nagar,196.0,25.0,Not Applicable,Not Applicable,Yes,Vehicle Breakdown,290,UPI,1,3.7,3.5
2024-07-10 15:43:00,CNR5549400680,Driver Not Found,CID177213,Prime Sedan,Kammanahalli,Chamarajpet,,,Not Applicable,Not Applicable,Not Applicable,Not Applicable,1985,Not Applicable,0,,
2024-07-09 10:39:00,CNR4430302738,Driver Not Found,CID534043,Prime Sedan,Rajajinagar,Devanahalli,,,Not Applicable,Not Applicable,Not Applicable,Not Applicable,2224,Not Applicable,0,,
2024-07-03 14:14:00,CNR5686966024,Success,CID137650,Auto,Kengeri,Kengeri,49.0,145.0,Not Applicable,Not Applicable,No,Not Applicable,436,UPI,4,3.2,4.0
2024-07-15 10:38:00,CNR5835508295,Canceled by Driver,CID440657,Prime SUV,Yelahanka,Banashankari,,,Not Applicable,Customer was coughing/sick,Not Applicable,Not Applicable,447,Not Applicable,0,,
2024-07-16 00:52:00,CNR3821867597,Driver Not Found,CID346419,Prime SUV,Hennur,Chamarajpet,,,Not Applicable,Not Applicable,Not Applicable,Not Applicable,706,Not Applicable,0,,
2024-07-17 23:38:00,CNR4066725631,Success,CID189471,Prime Sedan,Tumkur Road,JP Nagar,189.0,90.0,Not Applicable,Not Applicable,No,Not Applicable,852,Cash,3,5.0,3.9
2024-07-05 10:02:00,CNR9789495901,Canceled by Driver,CID180843,Auto,Yeshwanthpur,Marathahalli,,,Not Applicable,Customer was coughing/sick,Not Applicable,Not Applicable,116,Not Applicable,0,,
2024-07-21 06:35:00,CNR7527744069,Driver Not Found,CID276110,Mini,MG Road,Devanahalli,,,Not Applicable,Not Applicable,Not Applicable,Not Applicable,115,Not Applicable,0,,
2024-07-10 23:13:00,CNR5183676048,Success,CID868826,Auto,Hebbal,Rajajinagar,301.0,125.0,Not Applicable,Not Applicable,No,Not Applicable,341,UPI,7,3.6,4.1
2024-07-01 07:36:00,CNR3261934403,Success,CID982932,eBike,Yelahanka,KR Puram,189.0,90.0,Not Applicable,Not Applicable,No,Not Applicable,438,Cash,25,4.9,3.6
2024-07-25 12:22:00,CNR9786099951,Canceled by Customer,CID678029,Bike,Electronic City,Padmanabhanagar,,,Change of plans,Not Applicable,Not Applicable,Not Applicable,247,Not Applicable,0,,
2024-07-02 13:57:00,CNR2600966624,Canceled by Driver,CID361182,Prime Plus,Indiranagar,Kammanahalli,,,Not Applicable,Customer was coughing/sick,Not Applicable,Not Applicable,969,Not Applicable,0,,
2024-07-10 01:13:00,CNR9306798690,Success,CID845569,Prime SUV,Banashankari,Rajarajeshwari Nagar,259.0,65.0,Not Applicable,Not Applicable,No,Not Applicable,133,UPI,47,3.3,3.1
2024-07-01 00:11:00,CNR3131792229,Success,CID792471,Prime Sedan,Nagarbhavi,MG Road,126.0,115.0,Not Applicable,Not Applicable,No,Not Applicable,414,UPI,8,3.2,3.3
2024-07-14 01:05:00,CNR3657141450,Success,CID743055,Bike,Banashankari,Indiranagar,280.0,25.0,Not Applicable,Not Applicable,No,Not Applicable,566,Cash,38,3.2,4.2
2024-07-30 07:57:00,CNR9094931486,Driver Not Found,CID831274,Bike,Hosur Road,HSR Layout,,,Not Applicable,Not Applicable,Not Applicable,Not Applicable,337,Not Applicable,0,,
2024-07-16 02:29:00,CNR8609595300,Success,CID734053,Prime SUV,Tumkur Road,Hulimavu,140.0,65.0,Not Applicable,Not Applicable,No,Not Applicable,911,UPI,45,4.6,3.7
2024-07-11 22:25:00,CNR6335453076,Canceled by Driver,CID474908,Prime Plus,RT Nagar,Chamarajpet,,,Not Applicable,Customer related issue,Not Applicable,Not Applicable,428,Not Applicable,0,,
2024-07-26 09:43:00,CNR3475147166,Success,CID784880,eBike,Basavanagudi,Ulsoor,301.0,70.0,Not Applicable,Not Applicable,No,Not Applicable,348,Credit Card,11,4.2,4.5
2024-07-02 18:34:00,CNR3915697954,Success,CID207583,Prime Sedan,MG Road,Marathahalli,112.0,50.0,Not Applicable,Not Applicable,No,Not Applicable,294,Cash,37,4.8,3.1
2024-07-23 15:17:00,CNR5653022567,Driver Not Found,CID723856,Bike,Bellandur,Sarjapur Road,,,Not Applicable,Not Applicable,Not Applicable,Not Applicable,429,Not Applicable,0,,
2024-07-13 23:35:00,CNR8485530519,Success,CID554355,Mini,Kammanahalli,Ulsoor,84.0,140.0,Not Applicable,Not Applicable,No,Not Applicable,734,Cash,14,4.6,3.4
2024-07-04 23:10:00,CNR2148155246,Success,CID732412,Mini,Shivajinagar,Hennur,91.0,70.0,Not Applicable,Not Applicable,No,Not Applicable,121,Cash,22,4.4,4.0
2024-07-16 10:57:00,CNR2600729278,Success,CID994456,Prime Plus,Mysore Road,Bannerghatta Road,294.0,85.0,Not Applicable,Not Applicable,No,Not Applicable,274,Cash,10,3.8,4.2
2024-07-30 07:56:00,CNR5635050102,Driver Not Found,CID146597,Bike,Majestic,Malleshwaram,,,Not Applicable,Not Applicable,Not Applicable,Not Applicable,359,Not Applicable,0,,
2024-07-01 00:00:00,CNR4197668379,Success,CID451984,Prime Plus,Malleshwaram,BTM Layout,238.0,140.0,Not Applicable,Not Applicable,No,Not Applicable,791,Cash,31,3.1,4.7
2024-07-08 05:17:00,CNR4855946583,Success,CID967283,Prime SUV,MG Road,Chickpet,308.0,60.0,Not Applicable,Not Applicable,No,Not Applicable,193,Cash,33,3.4,4.9
2024-07-11 13:36:00,CNR6123322947,Success,CID376350,Bike,Mysore Road,Ulsoor,133.0,55.0,Not Applicable,Not Applicable,No,Not Applicable,817,UPI,19,4.4,4.9
2024-07-02 03:17:00,CNR6703638603,Canceled by Driver,CID172814,eBike,Kadugodi,Sarjapur Road,,,Not Applicable,Customer was coughing/sick,Not Applicable,Not Applicable,267,Not Applicable,0,,
2024-07-07 06:14:00,CNR2785545882,Canceled by Driver,CID456135,Bike,Hulimavu,Kengeri,,,Not Applicable,Customer related issue,Not Applicable,Not Applicable,186,Not Applicable,0,,
2024-07-30 15:20:00,CNR6018468312,Success,CID410766,Mini,Majestic,Bannerghatta Road,196.0,30.0,Not Applicable,Not Applicable,Yes,Customer Demand,1230,UPI,2,5.0,4.5
2024-07-07 18:44:00,CNR9115862142,Canceled by Customer,CID630612,Auto,Rajarajeshwari Nagar,Magadi Road,,,Driver is not moving towards pickup location,Not Applicable,Not Applicable,Not Applicable,482,Not Applicable,0,,
2024-07-06 18:27:00,CNR7791246917,Success,CID836222,Prime Sedan,Sahakar Nagar,Marathahalli,112.0,40.0,Not Applicable,Not Applicable,No,Not Applicable,448,Cash,3,4.5,3.7
2024-07-08 16:26:00,CNR3868302622,Success,CID388023,Bike,Majestic,Vijayanagar,168.0,55.0,Not Applicable,Not Applicable,No,Not Applicable,743,Cash,9,3.1,4.2
2024-07-18 16:31:00,CNR9694833410,Success,CID381617,Prime Plus,Yelahanka,Hosur Road,189.0,115.0,Not Applicable,Not Applicable,No,Not Applicable,622,Cash,33,4.3,3.5
2024-07-07 08:36:00,CNR7917237614,Success,CID549533,Prime Sedan,Kammanahalli,Varthur,119.0,35.0,Not Applicable,Not Applicable,Yes,Vehicle Breakdown,593,UPI,16,4.0,3.6
2024-07-21 19:13:00,CNR3051150112,Driver Not Found,CID840137,Auto,Sarjapur Road,Shantinagar,,,Not Applicable,Not Applicable,Not Applicable,Not Applicable,434,Not Applicable,0,,
2024-07-12 01:04:00,CNR5380395608,Success,CID857551,Mini,Whitefield,RT Nagar,56.0,35.0,Not Applicable,Not Applicable,No,Not Applicable,149,Cash,4,3.4,3.4
2024-07-22 06:26:00,CNR3501179106,Success,CID961599,Prime Plus,Hebbal,Indiranagar,154.0,60.0,Not Applicable,Not Applicable,No,Not Applicable,2752,UPI,9,3.9,4.1
2024-07-09 09:40:00,CNR2430741633,Success,CID303448,Prime SUV,Devanahalli,Rajarajeshwari Nagar,196.0,120.0,Not Applicable,Not Applicable,No,Not Applicable,438,Cash,30,4.3,3.1
2024-07-14 17:54:00,CNR5942659929,Success,CID626412,Prime SUV,Rajajinagar,Padmanabhanagar,217.0,60.0,Not Applicable,Not Applicable,No,Not Applicable,229,UPI,19,4.7,3.5
2024-07-29 21:13:00,CNR6324335357,Success,CID681977,Auto,Sarjapur Road,Devanahalli,308.0,130.0,Not Applicable,Not Applicable,Yes,Customer Demand,420,Cash,11,3.9,3.5
2024-07-29 09:53:00,CNR8146526852,Success,CID295112,Mini,BTM Layout,Bannerghatta Road,182.0,140.0,Not Applicable,Not Applicable,No,Not Applicable,497,Cash,3,3.6,3.4
2024-07-09 09:14:00,CNR2500226917,Canceled by Driver,CID663532,Prime Plus,Rajajinagar,Sarjapur Road,,,Not Applicable,Customer related issue,Not Applicable,Not Applicable,807,Not Applicable,0,,
2024-07-29 01:54:00,CNR2767581896,Success,CID307662,Auto,Koramangala,Kengeri,161.0,60.0,Not Applicable,Not Applicable,No,Not Applicable,184,Cash,9,3.5,4.6
2024-07-27 17:22:00,CNR4821138202,Success,CID640881,Bike,Devanahalli,Majestic,42.0,120.0,Not Applicable,Not Applicable,No,Not Applicable,132,Cash,22,3.3,3.2
2024-07-27 06:14:00,CNR6819009498,Success,CID284373,Prime Sedan,Kammanahalli,Langford Town,49.0,35.0,Not Applicable,Not Applicable,No,Not Applicable,260,Cash,20,3.2,4.5
2024-07-03 09:23:00,CNR6639869197,Success,CID366181,Bike,Yeshwanthpur,Koramangala,161.0,55.0,Not Applicable,Not Applicable,No,Not Applicable,1567,Cash,12,4.5,5.0
2024-07-20 01:20:00,CNR2675327514,Success,CID593265,eBike,Richmond Town,Hosur Road,196.0,50.0,Not Applicable,Not Applicable,No,Not Applicable,214,Cash,18,4.1,3.2
2024-07-29 22:25:00,CNR6556559401,Success,CID329881,Auto,Indiranagar,Hebbal,161.0,60.0,Not Applicable,Not Applicable,No,Not Applicable,493,UPI,18,4.4,4.1
2024-07-20 11:28:00,CNR7005352866,Success,CID770639,Prime SUV,Whitefield,Sahakar Nagar,217.0,130.0,Not Applicable,Not Applicable,No,Not Applicable,443,Cash,15,3.3,3.2
2024-07-22 19:40:00,CNR3835993918,Success,CID359258,Mini,Jayanagar,Nagarbhavi,147.0,25.0,Not Applicable,Not Applicable,No,Not Applicable,461,Cash,26,3.8,3.3
2024-07-10 19:23:00,CNR9637774281,Success,CID570799,Prime SUV,Shantinagar,Shivajinagar,161.0,35.0,Not Applicable,Not Applicable,No,Not Applicable,432,Cash,21,3.7,4.5
2024-07-10 23:04:00,CNR8888322237,Canceled by Driver,CID867434,Prime SUV,HSR Layout,Sarjapur Road,,,Not Applicable,Customer was coughing/sick,Not Applicable,Not Applicable,414,Not Applicable,0,,
2024-07-16 01:46:00,CNR4890694024,Success,CID306232,Prime Sedan,Banashankari,BTM Layout,133.0,70.0,Not Applicable,Not Applicable,No,Not Applicable,784,UPI,41,3.0,4.5
2024-07-22 20:49:00,CNR8084759659,Success,CID649594,Prime Plus,Kengeri,Shantinagar,224.0,25.0,Not Applicable,Not Applicable,No,Not Applicable,309,UPI,21,3.9,3.4
2024-07-09 12:39:00,CNR2686369421,Success,CID704865,Mini,Rajarajeshwari Nagar,Peenya,56.0,35.0,Not Applicable,Not Applicable,Yes,Customer Demand,215,UPI,42,3.2,4.9
2024-07-13 00:42:00,CNR2106739993,Success,CID568269,Prime Plus,Richmond Town,Varthur,119.0,90.0,Not Applicable,Not Applicable,No,Not Applicable,291,UPI,48,3.5,4.2
2024-07-15 17:18:00,CNR9941103103,Success,CID208733,Mini,Cox Town,Chickpet,259.0,140.0,Not Applicable,Not Applicable,No,Not Applicable,379,Cash,15,4.3,3.3
2024-07-25 08:36:00,CNR3333861758,Canceled by Customer,CID206024,eBike,HSR Layout,Bellandur,,,Driver asked to cancel,Not Applicable,Not Applicable,Not Applicable,279,Not Applicable,0,,
2024-07-19 23:52:00,CNR9525032575,Driver Not Found,CID181991,Auto,Devanahalli,Rajajinagar,,,Not Applicable,Not Applicable,Not Applicable,Not Applicable,254,Not Applicable,0,,
2024-07-21 22:32:00,CNR1243548849,Success,CID509819,Bike,Marathahalli,Hosur Road,308.0,35.0,Not Applicable,Not Applicable,No,Not Applicable,162,Cash,41,4.5,4.5
2024-07-05 11:15:00,CNR6806447710,Canceled by Driver,CID504730,Prime Plus,Langford Town,Hulimavu,,,Not Applicable,Customer was coughing/sick,Not Applicable,Not Applicable,805,Not Applicable,0,,
2024-07-18 20:57:00,CNR1042935590,Canceled by Driver,CID458347,Auto,Jayanagar,Sarjapur Road,,,Not Applicable,Personal & Car related issue,Not Applicable,Not Applicable,1988,Not Applicable,0,,
2024-07-27 02:45:00,CNR5180399499,Driver Not Found,CID472864,Prime Plus,Peenya,Majestic,,,Not Applicable,Not Applicable,Not Applicable,Not Applicable,405,Not Applicable,0,,
2024-07-17 21:03:00,CNR8508865610,Canceled by Customer,CID116137,eBike,Hebbal,Whitefield,,,Driver is not moving towards pickup location,Not Applicable,Not Applicable,Not Applicable,443,Not Applicable,0,,
2024-07-05 17:22:00,CNR6002832063,Success,CID150043,eBike,Padmanabhanagar,Electronic City,238.0,60.0,Not Applicable,Not Applicable,No,Not Applicable,113,Cash,29,3.9,3.8
2024-07-12 01:33:00,CNR8584565624,Canceled by Driver,CID793108,Auto,Devanahalli,Frazer Town,,,Not Applicable,Customer was coughing/sick,Not Applicable,Not Applicable,613,Not Applicable,0,,
2024-07-01 07:19:00,CNR4107220204,Success,CID165562,Mini,Jayanagar,Sahakar Nagar,203.0,50.0,Not Applicable,Not Applicable,No,Not Applicable,454,Cash,46,4.1,3.2
2024-07-15 16:13:00,CNR7242869708,Success,CID218787,Prime Sedan,KR Puram,Kengeri,210.0,65.0,Not Applicable,Not Applicable,No,Not Applicable,402,UPI,9,3.6,3.7
2024-07-16 07:51:00,CNR7452473129,Driver Not Found,CID365921,Bike,Nagarbhavi,Sahakar Nagar,,,Not Applicable,Not Applicable,Not Applicable,Not Applicable,257,Not Applicable,0,,
2024-07-17 09:39:00,CNR2759807968,Driver Not Found,CID231222,Mini,Hennur,Malleshwaram,,,Not Applicable,Not Applicable,Not Applicable,Not Applicable,252,Not Applicable,0,,
2024-07-08 10:00:00,CNR5945389510,Success,CID401757,eBike,Kadugodi,Langford Town,161.0,125.0,Not Applicable,Not Applicable,No,Not Applicable,857,Cash,31,3.4,4.0
2024-07-25 17:06:00,CNR3571251287,Canceled by Driver,CID433503,Prime Sedan,Yelahanka,Kengeri,,,Not Applicable,Personal & Car related issue,Not Applicable,Not Applicable,432,Not Applicable,0,,
2024-07-30 18:44:00,CNR8253545717,Success,CID805723,eBike,Ramamurthy Nagar,Hennur,196.0,130.0,Not Applicable,Not Applicable,No,Not Applicable,471,Cash,7,3.2,3.8
2024-07-21 20:04:00,CNR8117410016,Success,CID679396,Auto,Richmond Town,Whitefield,245.0,125.0,Not Applicable,Not Applicable,No,Not Applicable,717,Cash,15,3.4,3.9
2024-07-30 13:51:00,CNR8694239592,Canceled by Driver,CID249246,Prime Plus,Marathahalli,Langford Town,,,Not Applicable,More than permitted people in there,Not Applicable,Not Applicable,2679,Not Applicable,0,,
2024-07-10 00:10:00,CNR6650257127,Success,CID862793,Bike,Devanahalli,Shivajinagar,182.0,140.0,Not Applicable,Not Applicable,No,Not Applicable,295,UPI,48,3.3,4.3
2024-07-22 13:29:00,CNR5957420631,Success,CID379332,Auto,HSR Layout,Vijayanagar,294.0,85.0,Not Applicable,Not Applicable,No,Not Applicable,527,Cash,15,3.9,4.1
2024-07-12 14:50:00,CNR2685868606,Success,CID832517,Prime Plus,Bannerghatta Road,Kadugodi,175.0,30.0,Not Applicable,Not Applicable,No,Not Applicable,300,Cash,36,3.4,3.8
2024-07-29 02:15:00,CNR9366887379,Success,CID759656,Mini,Padmanabhanagar,HSR Layout,63.0,125.0,Not Applicable,Not Applicable,No,Not Applicable,757,UPI,3,3.7,3.8
2024-07-22 10:21:00,CNR1924835376,Canceled by Driver,CID194003,Prime Sedan,Marathahalli,Electronic City,,,Not Applicable,Personal & Car related issue,Not Applicable,Not Applicable,313,Not Applicable,0,,
2024-07-20 11:09:00,CNR3121064263,Canceled by Customer,CID496871,Bike,JP Nagar,Kadugodi,,,Driver is not moving towards pickup location,Not Applicable,Not Applicable,Not Applicable,335,Not Applicable,0,,
2024-07-21 21:15:00,CNR1796549097,Success,CID265262,Auto,Padmanabhanagar,Bellandur,238.0,70.0,Not Applicable,Not Applicable,Yes,Other Issue,949,UPI,7,4.0,4.7
2024-07-03 21:31:00,CNR7902666786,Canceled by Driver,CID797234,Prime Plus,Kadugodi,Richmond Town,,,Not Applicable,Customer related issue,Not Applicable,Not Applicable,120,Not Applicable,0,,
2024-07-04 20:48:00,CNR6052180262,Canceled by Driver,CID127814,Prime Sedan,Peenya,Electronic City,,,Not Applicable,More than permitted people in there,Not Applicable,Not Applicable,155,Not Applicable,0,,
2024-07-26 09:05:00,CNR8649987809,Success,CID127777,Auto,Chickpet,Frazer Town,294.0,30.0,Not Applicable,Not Applicable,No,Not Applicable,366,UPI,10,3.8,5.0
2024-07-11 08:14:00,CNR3572601519,Success,CID925250,Auto,Vijayanagar,Hosur Road,35.0,120.0,Not Applicable,Not Applicable,No,Not Applicable,485,Credit Card,6,3.9,3.7
2024-07-20 20:55:00,CNR9800602951,Success,CID368062,Prime Sedan,Chickpet,KR Puram,175.0,80.0,Not Applicable,Not Applicable,No,Not Applicable,791,UPI,14,3.5,3.5
2024-07-17 09:36:00,CNR7742852673,Driver Not Found,CID882521,Mini,Ulsoor,Bellandur,,,Not Applicable,Not Applicable,Not Applicable,Not Applicable,423,Not Applicable,0,,
2024-07-02 09:05:00,CNR5011769713,Canceled by Driver,CID605187,Mini,Koramangala,MG Road,,,Not Applicable,More than permitted people in there,Not Applicable,Not Applicable,315,Not Applicable,0,,
2024-07-01 01:53:00,CNR3658325259,Success,CID731085,Bike,Ulsoor,Yelahanka,280.0,85.0,Not Applicable,Not Applicable,No,Not Applicable,334,Debit Card,35,4.8,3.2
2024-07-20 08:32:00,CNR8931319445,Canceled by Driver,CID660785,Prime Sedan,Koramangala,Kadugodi,,,Not Applicable,More than permitted people in there,Not Applicable,Not Applicable,460,Not Applicable,0,,
2024-07-30 14:59:00,CNR7163578367,Driver Not Found,CID751539,eBike,Kadugodi,Chamarajpet,,,Not Applicable,Not Applicable,Not Applicable,Not Applicable,302,Not Applicable,0,,
2024-07-14 05:55:00,CNR4805688967,Driver Not Found,CID170949,Prime Sedan,Nagarbhavi,JP Nagar,,,Not Applicable,Not Applicable,Not Applicable,Not Applicable,968,Not Applicable,0,,
2024-07-28 01:31:00,CNR9706378402,Success,CID706246,Prime Plus,Padmanabhanagar,Basavanagudi,259.0,60.0,Not Applicable,Not Applicable,No,Not Applicable,900,Cash,30,4.5,3.4
2024-07-11 11:05:00,CNR1288574571,Success,CID547787,Prime SUV,Shantinagar,Bannerghatta Road,84.0,145.0,Not Applicable,Not Applicable,No,Not Applicable,1097,UPI,3,4.5,3.0
2024-07-13 02:59:00,CNR3116112615,Success,CID749523,Prime Plus,Indiranagar,Ulsoor,189.0,40.0,Not Applicable,Not Applicable,No,Not Applicable,2472,Cash,23,3.9,4.5
2024-07-07 03:46:00,CNR7313431613,Success,CID268603,Auto,Sahakar Nagar,Magadi Road,154.0,35.0,Not Applicable,Not Applicable,No,Not Applicable,323,UPI,2,3.3,3.7
2024-07-09 01:12:00,CNR3680645575,Canceled by Driver,CID159063,Bike,Bellandur,Hosur Road,,,Not Applicable,Personal & Car related issue,Not Applicable,Not Applicable,2349,Not Applicable,0,,
2024-07-01 08:16:00,CNR8816658276,Success,CID355799,Bike,Nagarbhavi,Hennur,63.0,90.0,Not Applicable,Not Applicable,No,Not Applicable,271,UPI,18,5.0,4.6
2024-07-14 05:24:00,CNR1121107559,Success,CID409932,Prime SUV,Whitefield,Shivajinagar,175.0,30.0,Not Applicable,Not Applicable,No,Not Applicable,773,UPI,25,3.5,4.9
2024-07-02 11:49:00,CNR5104574129,Success,CID545690,eBike,Rajajinagar,Indiranagar,224.0,70.0,Not Applicable,Not Applicable,Yes,Other Issue,1367,Cash,18,3.1,4.0
2024-07-13 06:20:00,CNR7229749512,Success,CID346025,Bike,Whitefield,Kengeri,84.0,145.0,Not Applicable,Not Applicable,No,Not Applicable,262,Cash,44,3.9,3.9
2024-07-18 03:54:00,CNR5989516625,Canceled by Customer,CID300475,Prime SUV,Cox Town,Peenya,,,Driver asked to cancel,Not Applicable,Not Applicable,Not Applicable,1934,Not Applicable,0,,
2024-07-24 14:20:00,CNR9835057445,Canceled by Customer,CID843149,eBike,Nagarbhavi,Mysore Road,,,Driver asked to cancel,Not Applicable,Not Applicable,Not Applicable,366,Not Applicable,0,,
2024-07-28 05:00:00,CNR3916414181,Success,CID636277,Auto,Hennur,Whitefield,217.0,135.0,Not Applicable,Not Applicable,No,Not Applicable,202,Cash,15,3.1,4.5
2024-07-05 19:57:00,CNR8102798885,Driver Not Found,CID315481,Mini,Devanahalli,Ramamurthy Nagar,,,Not Applicable,Not Applicable,Not Applicable,Not Applicable,182,Not Applicable,0,,
2024-07-12 00:03:00,CNR2697894766,Canceled by Driver,CID182207,eBike,Chamarajpet,Chickpet,,,Not Applicable,Personal & Car related issue,Not Applicable,Not Applicable,439,Not Applicable,0,,
2024-07-04 15:50:00,CNR7877156469,Success,CID582316,eBike,Ulsoor,Varthur,217.0,95.0,Not Applicable,Not Applicable,No,Not Applicable,2443,UPI,33,4.9,3.7
2024-07-23 23:42:00,CNR7002413922,Success,CID191627,Prime Sedan,Electronic City,MG Road,91.0,65.0,Not Applicable,Not Applicable,No,Not Applicable,119,Cash,47,3.9,3.7
2024-07-19 22:53:00,CNR6587652556,Driver Not Found,CID687852,eBike,HSR Layout,Hulimavu,,,Not Applicable,Not Applicable,Not Applicable,Not Applicable,2861,Not Applicable,0,,
2024-07-07 06:50:00,CNR9746186280,Success,CID304344,Bike,Rajajinagar,Koramangala,42.0,95.0,Not Applicable,Not Applicable,No,Not Applicable,320,UPI,6,3.4,3.5
2024-07-11 21:37:00,CNR7227323669,Success,CID808763,Auto,BTM Layout,Frazer Town,203.0,70.0,Not Applicable,Not Applicable,No,Not Applicable,805,Cash,14,3.9,4.1
2024-07-09 21:09:00,CNR8155862363,Driver Not Found,CID371256,Prime Sedan,Kengeri,Malleshwaram,,,Not Applicable,Not Applicable,Not Applicable,Not Applicable,355,Not Applicable,0,,
2024-07-30 11:50:00,CNR4275164525,Success,CID939870,Prime Plus,Chickpet,Malleshwaram,273.0,110.0,Not Applicable,Not Applicable,No,Not Applicable,393,Cash,32,4.3,3.8
2024-07-09 05:57:00,CNR7043164489,Success,CID895561,Prime SUV,Rajarajeshwari Nagar,Rajajinagar,119.0,45.0,Not Applicable,Not Applicable,No,Not Applicable,694,Cash,40,3.9,3.8
2024-07-19 16:07:00,CNR4919731856,Success,CID271307,Prime Plus,Richmond Town,Padmanabhanagar,91.0,120.0,Not Applicable,Not Applicable,No,Not Applicable,247,Debit Card,31,4.8,3.2
2024-07-11 18:17:00,CNR4908529181,Canceled by Driver,CID197667,Auto,Varthur,Magadi Road,,,Not Applicable,Customer related issue,Not Applicable,Not Applicable,139,Not Applicable,0,,
2024-07-02 12:29:00,CNR2506723042,Success,CID398728,Bike,Chickpet,Koramangala,308.0,55.0,Not Applicable,Not Applicable,No,Not Applicable,128,UPI,20,3.3,4.1
2024-07-13 22:08:00,CNR9936053418,Driver Not Found,CID931104,Prime Plus,Nagarbhavi,Peenya,,,Not Applicable,Not Applicable,Not Applicable,Not Applicable,328,Not Applicable,0,,
2024-07-12 10:42:00,CNR7815117255,Canceled by Driver,CID539950,Auto,Koramangala,Tumkur Road,,,Not Applicable,Personal & Car related issue,Not Applicable,Not Applicable,793,Not Applicable,0,,
2024-07-23 21:54:00,CNR8144606082,Success,CID404997,Bike,Indiranagar,Bellandur,126.0,45.0,Not Applicable,Not Applicable,No,Not Applicable,1582,Cash,28,3.5,3.1
2024-07-13 13:30:00,CNR3488070865,Success,CID827980,Bike,Shantinagar,Yelahanka,49.0,50.0,Not Applicable,Not Applicable,No,Not Applicable,526,Cash,18,4.4,3.6
2024-07-26 09:46:00,CNR4507128813,Success,CID937501,Prime Sedan,KR Puram,Langford Town,77.0,60.0,Not Applicable,Not Applicable,No,Not Applicable,594,Cash,27,4.1,3.3
2024-07-11 09:23:00,CNR9065228728,Success,CID217055,Prime Plus,Magadi Road,Vijayanagar,259.0,130.0,Not Applicable,Not Applicable,No,Not Applicable,264,UPI,19,4.8,4.3
2024-07-24 23:42:00,CNR7905556873,Success,CID418726,Prime Plus,Richmond Town,Basavanagudi,196.0,100.0,Not Applicable,Not Applicable,No,Not Applicable,175,Cash,2,3.9,3.0
2024-07-17 20:37:00,CNR7389033865,Success,CID563172,Prime Plus,Cox Town,BTM Layout,168.0,35.0,Not Applicable,Not Applicable,No,Not Applicable,154,UPI,8,4.4,3.8
2024-07-06 21:18:00,CNR1205544637,Success,CID176765,Bike,Richmond Town,Basavanagudi,252.0,30.0,Not Applicable,Not Applicable,No,Not Applicable,706,Cash,2,4.2,3.8
2024-07-13 08:23:00,CNR5434960502,Canceled by Customer,CID368153,Prime SUV,Devanahalli,HSR Layout,,,AC is Not working,Not Applicable,Not Applicable,Not Applicable,1746,Not Applicable,0,,
2024-07-03 20:23:00,CNR7534504119,Success,CID768146,Bike,Mysore Road,Indiranagar,238.0,105.0,Not Applicable,Not Applicable,No,Not Applicable,418,Cash,23,4.0,3.9
2024-07-04 13:05:00,CNR8832690915,Canceled by Customer,CID278989,Auto,Peenya,JP Nagar,,,AC is Not working,Not Applicable,Not Applicable,Not Applicable,219,Not Applicable,0,,
2024-07-17 10:00:00,CNR6530546978,Canceled by Customer,CID758409,Bike,Tumkur Road,Hulimavu,,,AC is Not working,Not Applicable,Not Applicable,Not Applicable,267,Not Applicable,0,,
2024-07-13 01:28:00,CNR9879972660,Canceled by Customer,CID160605,Auto,Bellandur,Marathahalli,,,Change of plans,Not Applicable,Not Applicable,Not Applicable,114,Not Applicable,0,,
2024-07-19 22:32:00,CNR2501129101,Success,CID428208,Prime Plus,Whitefield,Nagarbhavi,133.0,145.0,Not Applicable,Not Applicable,No,Not Applicable,480,UPI,6,3.6,3.3
2024-07-23 17:55:00,CNR3303446320,Success,CID775835,Prime Plus,Bannerghatta Road,Mysore Road,126.0,85.0,Not Applicable,Not Applicable,Yes,Customer Demand,281,UPI,40,4.1,3.5
2024-07-10 03:40:00,CNR4457029771,Success,CID198814,Bike,Whitefield,MG Road,35.0,55.0,Not Applicable,Not Applicable,No,Not Applicable,124,UPI,20,4.4,4.5
2024-07-01 09:22:00,CNR4781388627,Success,CID703045,eBike,Chickpet,Jayanagar,217.0,125.0,Not Applicable,Not Applicable,No,Not Applicable,183,Cash,36,4.0,4.1
2024-07-04 22:55:00,CNR2249653589,Success,CID510970,Prime Sedan,Frazer Town,Yelahanka,231.0,30.0,Not Applicable,Not Applicable,No,Not Applicable,2686,UPI,17,4.3,3.8
2024-07-29 18:37:00,CNR9776848334,Success,CID754030,Prime SUV,Shivajinagar,Bellandur,147.0,135.0,Not Applicable,Not Applicable,No,Not Applicable,564,UPI,15,4.2,5.0
2024-07-30 12:30:00,CNR7747537831,Canceled by Customer,CID653215,eBike,Electronic City,Kadugodi,,,Change of plans,Not Applicable,Not Applicable,Not Applicable,287,Not Applicable,0,,
2024-07-15 13:03:00,CNR9834327843,Success,CID458245,Mini,Ramamurthy Nagar,Malleshwaram,175.0,35.0,Not Applicable,Not Applicable,No,Not Applicable,349,Cash,8,4.7,3.2
2024-07-10 07:11:00,CNR1804622493,Success,CID388524,Prime Plus,Majestic,Majestic,224.0,140.0,Not Applicable,Not Applicable,No,Not Applicable,322,UPI,13,4.7,4.2
2024-07-10 23:29:00,CNR1955611328,Canceled by Driver,CID835945,Prime Sedan,Indiranagar,Langford Town,,,Not Applicable,More than permitted people in there,Not Applicable,Not Applicable,443,Not Applicable,0,,
2024-07-13 03:32:00,CNR9194857264,Success,CID989695,Auto,Hulimavu,Bannerghatta Road,77.0,75.0,Not Applicable,Not Applicable,No,Not Applicable,583,Cash,14,4.1,4.4
2024-07-12 18:13:00,CNR3748240470,Canceled by Driver,CID632547,Bike,Cox Town,Yelahanka,,,Not Applicable,Customer related issue,Not Applicable,Not Applicable,2588,Not Applicable,0,,
2024-07-19 20:08:00,CNR8924212103,Success,CID442436,Mini,Sahakar Nagar,Hennur,182.0,50.0,Not Applicable,Not Applicable,No,Not Applicable,262,Credit Card,24,4.7,4.2
2024-07-03 13:03:00,CNR6738457134,Canceled by Driver,CID542469,Prime Sedan,Shantinagar,Langford Town,,,Not Applicable,Personal & Car related issue,Not Applicable,Not Applicable,343,Not Applicable,0,,
2024-07-17 07:22:00,CNR3316306473,Success,CID188402,Prime SUV,Yelahanka,KR Puram,84.0,100.0,Not Applicable,Not Applicable,No,Not Applicable,143,Cash,11,3.4,5.0
2024-07-11 06:07:00,CNR4027401772,Success,CID653188,Prime SUV,Mysore Road,Sahakar Nagar,168.0,105.0,Not Applicable,Not Applicable,No,Not Applicable,438,Cash,37,3.3,4.5
2024-07-15 16:40:00,CNR7740456970,Success,CID620816,Mini,Peenya,Banashankari,84.0,55.0,Not Applicable,Not Applicable,No,Not Applicable,189,UPI,14,4.3,4.5
2024-07-09 16:37:00,CNR2313986208,Success,CID857380,Prime Plus,Langford Town,KR Puram,294.0,100.0,Not Applicable,Not Applicable,No,Not Applicable,107,Cash,3,3.6,4.2
2024-07-16 09:42:00,CNR2427578640,Success,CID341935,Auto,Sarjapur Road,Yelahanka,245.0,60.0,Not Applicable,Not Applicable,No,Not Applicable,171,Cash,3,3.3,4.2
2024-07-14 17:43:00,CNR1004817801,Success,CID562025,Prime Sedan,Yelahanka,Cox Town,224.0,140.0,Not Applicable,Not Applicable,No,Not Applicable,254,UPI,44,4.3,4.2
2024-07-02 21:44:00,CNR9086520795,Canceled by Customer,CID679806,Prime Plus,Ulsoor,Jayanagar,,,Driver asked to cancel,Not Applicable,Not Applicable,Not Applicable,2600,Not Applicable,0,,
2024-07-20 04:45:00,CNR3245881389,Canceled by Driver,CID450674,eBike,Varthur,Peenya,,,Not Applicable,Customer related issue,Not Applicable,Not Applicable,584,Not Applicable,0,,
2024-07-10 09:02:00,CNR5038949329,Success,CID991382,Bike,Banashankari,Rajajinagar,35.0,55.0,Not Applicable,Not Applicable,No,Not Applicable,2259,Cash,2,4.4,3.7
2024-07-20 10:52:00,CNR8335029380,Success,CID277860,eBike,Rajarajeshwari Nagar,Shivajinagar,98.0,65.0,Not Applicable,Not Applicable,No,Not Applicable,307,UPI,42,4.9,4.0
2024-07-30 15:54:00,CNR1648669062,Canceled by Driver,CID935605,Prime SUV,Yeshwanthpur,Koramangala,,,Not Applicable,More than permitted people in there,Not Applicable,Not Applicable,149,Not Applicable,0,,
2024-07-04 00:32:00,CNR5189273537,Success,CID840999,Prime Plus,Kammanahalli,Richmond Town,280.0,135.0,Not Applicable,Not Applicable,No,Not Applicable,275,Cash,9,3.2,4.5
2024-07-16 19:50:00,CNR9379386080,Success,CID647592,eBike,Hennur,JP Nagar,119.0,100.0,Not Applicable,Not Applicable,No,Not Applicable,434,Cash,48,4.8,3.3
2024-07-03 11:37:00,CNR2290949084,Success,CID628150,Prime Sedan,Nagarbhavi,Yeshwanthpur,203.0,135.0,Not Applicable,Not Applicable,Yes,Vehicle Breakdown,796,Cash,20,3.4,4.2
2024-07-23 22:30:00,CNR8575209824,Canceled by Customer,CID313614,Bike,Malleshwaram,Banashankari,,,Driver asked to cancel,Not Applicable,Not Applicable,Not Applicable,468,Not Applicable,0,,
2024-07-13 06:42:00,CNR8764524621,Success,CID827106,Auto,Malleshwaram,Indiranagar,196.0,45.0,Not Applicable,Not Applicable,No,Not Applicable,462,Cash,9,3.9,4.1
2024-07-15 06:50:00,CNR7469100095,Canceled by Driver,CID813056,Auto,Kammanahalli,Marathahalli,,,Not Applicable,Personal & Car related issue,Not Applicable,Not Applicable,559,Not Applicable,0,,
2024-07-17 00:09:00,CNR5130627298,Success,CID976274,Prime SUV,Cox Town,Rajarajeshwari Nagar,154.0,30.0,Not Applicable,Not Applicable,No,Not Applicable,920,Cash,47,4.8,3.0
2024-07-27 09:28:00,CNR3086497868,Success,CID674658,eBike,Kengeri,Hulimavu,175.0,95.0,Not Applicable,Not Applicable,No,Not Applicable,667,Cash,13,3.4,4.9
2024-07-30 23:32:00,CNR7977938945,Driver Not Found,CID755586,eBike,Hosur Road,HSR Layout,,,Not Applicable,Not Applicable,Not Applicable,Not Applicable,220,Not Applicable,0,,
2024-07-07 12:21:00,CNR4483550710,Success,CID169804,Auto,Chamarajpet,Ulsoor,217.0,145.0,Not Applicable,Not Applicable,No,Not Applicable,361,Cash,5,3.2,3.8
2024-07-17 08:43:00,CNR5343823425,Success,CID202073,Bike,Hulimavu,Devanahalli,63.0,70.0,Not Applicable,Not Applicable,No,Not Applicable,186,Cash,29,4.6,4.3
2024-07-21 04:13:00,CNR3392278630,Canceled by Customer,CID218105,Auto,Koramangala,Rajarajeshwari Nagar,,,AC is Not working,Not Applicable,Not Applicable,Not Applicable,579,Not Applicable,0,,
2024-07-12 16:02:00,CNR8364830277,Canceled by Driver,CID557413,eBike,JP Nagar,Chickpet,,,Not Applicable,Customer related issue,Not Applicable,Not Applicable,447,Not Applicable,0,,
2024-07-27 17:38:00,CNR3096909322,Success,CID250726,Mini,Shantinagar,Chamarajpet,203.0,60.0,Not Applicable,Not Applicable,No,Not Applicable,962,Cash,36,4.5,3.2
2024-07-26 09:22:00,CNR3636633401,Success,CID198875,Prime Sedan,Indiranagar,Whitefield,84.0,125.0,Not Applicable,Not Applicable,No,Not Applicable,419,UPI,14,4.5,4.5
2024-07-16 05:34:00,CNR8583734441,Success,CID531024,Auto,Koramangala,Ulsoor,294.0,95.0,Not Applicable,Not Applicable,No,Not Applicable,378,Cash,17,4.2,4.6
2024-07-08 09:36:00,CNR8030288203,Success,CID252727,Prime Sedan,Shivajinagar,Malleshwaram,119.0,135.0,Not Applicable,Not Applicable,No,Not Applicable,260,UPI,17,3.7,4.3
2024-07-08 20:30:00,CNR7412389102,Canceled by Driver,CID501426,Prime Sedan,Cox Town,Whitefield,,,Not Applicable,Personal & Car related issue,Not Applicable,Not Applicable,1624,Not Applicable,0,,
2024-07-23 15:42:00,CNR3975717991,Success,CID877462,Prime SUV,Ulsoor,Kadugodi,91.0,115.0,Not Applicable,Not Applicable,No,Not Applicable,160,UPI,46,3.1,3.0
2024-07-05 19:52:00,CNR8182649477,Canceled by Driver,CID308777,Mini,MG Road,Hebbal,,,Not Applicable,Personal & Car related issue,Not Applicable,Not Applicable,176,Not Applicable,0,,
2024-07-02 01:09:00,CNR5093203959,Success,CID633595,Auto,Basavanagudi,Magadi Road,252.0,30.0,Not Applicable,Not Applicable,No,Not Applicable,143,UPI,18,3.6,3.9
2024-07-08 15:08:00,CNR4238848845,Success,CID817428,eBike,Electronic City,Peenya,252.0,35.0,Not Applicable,Not Applicable,No,Not Applicable,967,Cash,43,3.4,4.6
2024-07-09 04:08:00,CNR3586743231,Success,CID119299,Bike,Hosur Road,Magadi Road,175.0,40.0,Not Applicable,Not Applicable,No,Not Applicable,132,UPI,10,3.5,4.5
2024-07-16 10:22:00,CNR6099683231,Success,CID846835,eBike,Rajarajeshwari Nagar,Hebbal,308.0,40.0,Not Applicable,Not Applicable,No,Not Applicable,380,Cash,15,3.5,3.7
2024-07-27 19:47:00,CNR9210429236,Success,CID678923,Prime Sedan,Hulimavu,Mysore Road,189.0,35.0,Not Applicable,Not Applicable,No,Not Applicable,162,Cash,49,5.0,4.4
2024-07-06 16:05:00,CNR3612011652,Success,CID198081,Auto,Hulimavu,BTM Layout,203.0,30.0,Not Applicable,Not Applicable,No,Not Applicable,477,Cash,1,3.4,4.3
2024-07-09 17:26:00,CNR7657383945,Canceled by Driver,CID727685,Prime Sedan,JP Nagar,Shivajinagar,,,Not Applicable,Personal & Car related issue,Not Applicable,Not Applicable,573,Not Applicable,0,,
2024-07-02 17:23:00,CNR4066909288,Success,CID263134,Prime Sedan,Langford Town,Shantinagar,91.0,80.0,Not Applicable,Not Applicable,No,Not Applicable,1855,UPI,22,5.0,3.4
2024-07-05 17:15:00,CNR8978421373,Success,CID740102,eBike,Chamarajpet,Cox Town,252.0,55.0,Not Applicable,Not Applicable,No,Not Applicable,369,Cash,47,4.2,3.2
2024-07-30 06:11:00,CNR3232402810,Success,CID636643,Prime Plus,Electronic City,Bannerghatta Road,252.0,80.0,Not Applicable,Not Applicable,No,Not Applicable,836,Credit Card,7,3.5,4.7
2024-07-21 18:53:00,CNR7449599854,Success,CID310809,Prime Sedan,Indiranagar,MG Road,98.0,65.0,Not Applicable,Not Applicable,No,Not Applicable,2175,Cash,49,4.9,5.0
2024-07-29 14:08:00,CNR1693292502,Success,CID539114,Auto,Kengeri,Tumkur Road,91.0,120.0,Not Applicable,Not Applicable,No,Not Applicable,674,UPI,3,3.6,3.8
2024-07-20 12:04:00,CNR7335835557,Success,CID216170,Auto,Magadi Road,Ramamurthy Nagar,84.0,50.0,Not Applicable,Not Applicable,No,Not Applicable,501,Cash,2,4.6,4.2
2024-07-25 01:03:00,CNR2484545492,Success,CID223720,Prime Sedan,Tumkur Road,HSR Layout,308.0,145.0,Not Applicable,Not Applicable,No,Not Applicable,203,Cash,35,3.1,4.1
2024-07-19 17:49:00,CNR9411500814,Success,CID834352,eBike,Peenya,Hebbal,49.0,135.0,Not Applicable,Not Applicable,No,Not Applicable,183,Cash,18,4.4,4.6
2024-07-26 19:51:00,CNR6902769196,Success,CID592702,Auto,Ulsoor,BTM Layout,133.0,85.0,Not Applicable,Not Applicable,No,Not Applicable,284,Cash,2,3.3,4.3
2024-07-03 01:26:00,CNR1380372479,Success,CID311779,Prime SUV,Indiranagar,Magadi Road,168.0,95.0,Not Applicable,Not Applicable,Yes,Vehicle Breakdown,724,Credit Card,24,4.8,4.6
2024-07-03 12:31:00,CNR8315513081,Success,CID464577,Mini,Sarjapur Road,Indiranagar,161.0,45.0,Not Applicable,Not Applicable,No,Not Applicable,326,Credit Card,12,4.3,3.9
2024-07-12 18:55:00,CNR3575086000,Success,CID935983,Mini,Ulsoor,Padmanabhanagar,231.0,130.0,Not Applicable,Not Applicable,No,Not Applicable,381,UPI,45,3.2,3.8
2024-07-18 13:20:00,CNR9638283511,Driver Not Found,CID565667,Prime Sedan,Malleshwaram,Cox Town,,,Not Applicable,Not Applicable,Not Applicable,Not Applicable,456,Not Applicable,0,,
2024-07-03 01:13:00,CNR3081189476,Driver Not Found,CID700464,Bike,Varthur,Rajarajeshwari Nagar,,,Not Applicable,Not Applicable,Not Applicable,Not Applicable,233,Not Applicable,0,,
2024-07-22 01:40:00,CNR4759530993,Success,CID219760,Prime SUV,Sahakar Nagar,Bellandur,238.0,75.0,Not Applicable,Not Applicable,No,Not Applicable,332,UPI,12,3.5,4.1
2024-07-16 23:35:00,CNR2995448224,Success,CID534533,Bike,Malleshwaram,Jayanagar,238.0,85.0,Not Applicable,Not Applicable,No,Not Applicable,434,Cash,18,3.4,4.4
2024-07-13 23:15:00,CNR5471854904,Success,CID879457,Prime Plus,Bannerghatta Road,Sarjapur Road,147.0,85.0,Not Applicable,Not Applicable,No,Not Applicable,241,Debit Card,5,3.1,4.1
2024-07-18 22:35:00,CNR1996273921,Canceled by Customer,CID389203,Auto,MG Road,Hebbal,,,Driver is not moving towards pickup location,Not Applicable,Not Applicable,Not Applicable,731,Not Applicable,0,,
2024-07-19 15:26:00,CNR6867891649,Canceled by Customer,CID625688,Prime SUV,Langford Town,Chamarajpet,,,Driver asked to cancel,Not Applicable,Not Applicable,Not Applicable,298,Not Applicable,0,,
2024-07-13 06:09:00,CNR1495183568,Driver Not Found,CID327469,Prime Plus,Langford Town,Hennur,,,Not Applicable,Not Applicable,Not Applicable,Not Applicable,456,Not Applicable,0,,
2024-07-23 07:02:00,CNR2417980469,Driver Not Found,CID722907,eBike,Majestic,Yelahanka,,,Not Applicable,Not Applicable,Not Applicable,Not Applicable,283,Not Applicable,0,,
2024-07-11 17:54:00,CNR6444919777,Canceled by Customer,CID406608,eBike,Majestic,MG Road,,,Change of plans,Not Applicable,Not Applicable,Not Applicable,504,Not Applicable,0,,
2024-07-17 03:40:00,CNR1538928545,Canceled by Driver,CID347459,Prime SUV,Hennur,Banashankari,,,Not Applicable,Customer was coughing/sick,Not Applicable,Not Applicable,458,Not Applicable,0,,
2024-07-26 12:31:00,CNR9074819887,Canceled by Customer,CID583174,Bike,Shivajinagar,Peenya,,,AC is Not working,Not Applicable,Not Applicable,Not Applicable,483,Not Applicable,0,,
2024-07-25 17:42:00,CNR1208498146,Success,CID844663,Bike,Banashankari,Bellandur,98.0,105.0,Not Applicable,Not Applicable,No,Not Applicable,490,UPI,32,3.8,4.2
2024-07-05 20:05:00,CNR8818208125,Success,CID571893,Prime Plus,Cox Town,MG Road,119.0,120.0,Not Applicable,Not Applicable,No,Not Applicable,555,Cash,49,4.8,3.8
2024-07-10 00:45:00,CNR4328575677,Canceled by Customer,CID695570,Prime Plus,Hulimavu,Basavanagudi,,,Wrong Address,Not Applicable,Not Applicable,Not Applicable,543,Not Applicable,0,,
2024-07-30 15:10:00,CNR6955784794,Canceled by Customer,CID520504,Prime Plus,Sahakar Nagar,JP Nagar,,,Driver is not moving towards pickup location,Not Applicable,Not Applicable,Not Applicable,312,Not Applicable,0,,
2024-07-18 08:37:00,CNR9825428864,Success,CID262312,Auto,Richmond Town,Bannerghatta Road,70.0,130.0,Not Applicable,Not Applicable,No,Not Applicable,490,Cash,10,3.1,3.1
2024-07-13 14:52:00,CNR6744587633,Success,CID784989,Auto,Rajarajeshwari Nagar,Richmond Town,77.0,70.0,Not Applicable,Not Applicable,No,Not Applicable,469,Cash,9,3.8,3.5
2024-07-23 16:17:00,CNR7359725019,Canceled by Customer,CID515390,eBike,Ulsoor,Banashankari,,,Driver asked to cancel,Not Applicable,Not Applicable,Not Applicable,419,Not Applicable,0,,
2024-07-13 08:27:00,CNR4620249618,Success,CID435648,Mini,Chickpet,Yelahanka,273.0,65.0,Not Applicable,Not Applicable,No,Not Applicable,161,Cash,1,3.2,3.1
2024-07-27 07:20:00,CNR6432299714,Success,CID806399,Prime Sedan,Bellandur,Rajarajeshwari Nagar,126.0,110.0,Not Applicable,Not Applicable,No,Not Applicable,770,UPI,32,3.5,4.0
2024-07-29 13:22:00,CNR6797085650,Driver Not Found,CID435665,Auto,Langford Town,BTM Layout,,,Not Applicable,Not Applicable,Not Applicable,Not Applicable,447,Not Applicable,0,,
2024-07-14 19:00:00,CNR7111622634,Canceled by Driver,CID669770,Prime Sedan,Kadugodi,Magadi Road,,,Not Applicable,Personal & Car related issue,Not Applicable,Not Applicable,377,Not Applicable,0,,
2024-07-09 08:35:00,CNR7973649199,Success,CID939616,eBike,Basavanagudi,Rajajinagar,112.0,120.0,Not Applicable,Not Applicable,No,Not Applicable,184,Cash,3,4.8,4.5
2024-07-17 19:37:00,CNR4576245872,Success,CID638543,Prime SUV,Kammanahalli,Shantinagar,182.0,60.0,Not Applicable,Not Applicable,No,Not Applicable,321,UPI,22,3.4,4.3
2024-07-01 05:43:00,CNR8195082290,Canceled by Driver,CID593974,Prime Sedan,Yeshwanthpur,Mysore Road,,,Not Applicable,Customer related issue,Not Applicable,Not Applicable,425,Not Applicable,0,,
2024-07-30 00:45:00,CNR4242760832,Driver Not Found,CID727622,Prime SUV,Vijayanagar,Magadi Road,,,Not Applicable,Not Applicable,Not Applicable,Not Applicable,199,Not Applicable,0,,
2024-07-16 09:22:00,CNR1145282172,Canceled by Customer,CID124067,Prime Plus,Vijayanagar,Chickpet,,,AC is Not working,Not Applicable,Not Applicable,Not Applicable,439,Not Applicable,0,,
2024-07-04 15:43:00,CNR5367556349,Success,CID384880,Bike,Shivajinagar,MG Road,154.0,55.0,Not Applicable,Not Applicable,No,Not Applicable,2162,Cash,29,4.1,3.7
2024-07-24 09:31:00,CNR1851665764,Canceled by Driver,CID169033,Prime SUV,Rajarajeshwari Nagar,Yeshwanthpur,,,Not Applicable,Customer was coughing/sick,Not Applicable,Not Applicable,213,Not Applicable,0,,
2024-07-30 09:56:00,CNR1285615658,Success,CID547716,Bike,Rajajinagar,Langford Town,77.0,30.0,Not Applicable,Not Applicable,No,Not Applicable,175,UPI,4,4.4,4.4
2024-07-10 01:04:00,CNR2427828106,Success,CID962549,eBike,RT Nagar,Koramangala,175.0,50.0,Not Applicable,Not Applicable,No,Not Applicable,677,Cash,9,4.5,4.5
2024-07-04 17:52:00,CNR4658006046,Success,CID421268,Prime SUV,Rajarajeshwari Nagar,Chamarajpet,266.0,85.0,Not Applicable,Not Applicable,No,Not Applicable,1932,Cash,32,4.3,4.0
2024-07-29 06:20:00,CNR4993117115,Success,CID351382,Prime SUV,Marathahalli,Bellandur,273.0,25.0,Not Applicable,Not Applicable,No,Not Applicable,613,Cash,4,3.9,3.5
2024-07-04 19:33:00,CNR9660464334,Canceled by Customer,CID984490,Prime SUV,Kammanahalli,JP Nagar,,,Driver asked to cancel,Not Applicable,Not Applicable,Not Applicable,109,Not Applicable,0,,
2024-07-06 19:06:00,CNR8477789128,Success,CID200054,Mini,Frazer Town,Varthur,147.0,140.0,Not Applicable,Not Applicable,No,Not Applicable,346,Cash,44,4.5,4.2
2024-07-06 02:18:00,CNR3980174512,Success,CID422285,Prime Plus,Ramamurthy Nagar,Whitefield,98.0,70.0,Not Applicable,Not Applicable,No,Not Applicable,2476,UPI,44,4.9,4.9
2024-07-26 12:09:00,CNR9031353124,Success,CID533301,Auto,Hosur Road,Hebbal,217.0,125.0,Not Applicable,Not Applicable,No,Not Applicable,298,UPI,1,4.9,4.2
2024-07-17 10:38:00,CNR3227915319,Success,CID237547,eBike,JP Nagar,Vijayanagar,49.0,45.0,Not Applicable,Not Applicable,No,Not Applicable,930,Cash,49,3.4,4.6
2024-07-13 11:25:00,CNR2321933756,Canceled by Driver,CID496961,Auto,Banashankari,Richmond Town,,,Not Applicable,Personal & Car related issue,Not Applicable,Not Applicable,479,Not Applicable,0,,
2024-07-26 03:16:00,CNR4153269367,Success,CID484006,Auto,Langford Town,Mysore Road,287.0,110.0,Not Applicable,Not Applicable,Yes,Customer Demand,443,Cash,1,4.8,4.7
2024-07-07 17:26:00,CNR9970260557,Success,CID125672,Mini,Hebbal,Koramangala,56.0,80.0,Not Applicable,Not Applicable,No,Not Applicable,515,Cash,17,4.4,3.7
2024-07-02 15:49:00,CNR4846530163,Success,CID713042,eBike,Peenya,Magadi Road,147.0,50.0,Not Applicable,Not Applicable,No,Not Applicable,1907,Cash,20,3.0,4.1
2024-07-30 12:41:00,CNR6605137331,Canceled by Driver,CID721586,Mini,RT Nagar,MG Road,,,Not Applicable,Personal & Car related issue,Not Applicable,Not Applicable,628,Not Applicable,0,,
2024-07-27 12:18:00,CNR4351114051,Canceled by Driver,CID519027,Mini,Chickpet,KR Puram,,,Not Applicable,Customer was coughing/sick,Not Applicable,Not Applicable,349,Not Applicable,0,,
2024-07-24 22:54:00,CNR9357667379,Success,CID617229,Mini,Vijayanagar,Chamarajpet,203.0,50.0,Not Applicable,Not Applicable,No,Not Applicable,288,Credit Card,43,4.8,3.1
2024-07-13 12:25:00,CNR4062881603,Success,CID683932,Auto,Ramamurthy Nagar,Rajarajeshwari Nagar,126.0,140.0,Not Applicable,Not Applicable,No,Not Applicable,603,Cash,10,4.6,4.6
2024-07-09 12:01:00,CNR3357287492,Success,CID274450,Bike,Shantinagar,Rajajinagar,210.0,100.0,Not Applicable,Not Applicable,No,Not Applicable,2529,UPI,13,3.1,4.6
2024-07-05 06:59:00,CNR8103539030,Success,CID998001,Prime Sedan,Magadi Road,Bellandur,287.0,85.0,Not Applicable,Not Applicable,No,Not Applicable,447,Debit Card,25,3.8,4.5
2024-07-25 15:42:00,CNR7476614518,Success,CID257320,Mini,Mysore Road,Hulimavu,42.0,115.0,Not Applicable,Not Applicable,No,Not Applicable,792,UPI,9,4.2,3.5
2024-07-14 06:05:00,CNR2179913961,Success,CID664399,Mini,Cox Town,MG Road,126.0,120.0,Not Applicable,Not Applicable,No,Not Applicable,362,UPI,26,3.9,3.2
2024-07-22 16:38:00,CNR7192650354,Canceled by Customer,CID777441,Prime SUV,Indiranagar,Ulsoor,,,AC is Not working,Not Applicable,Not Applicable,Not Applicable,281,Not Applicable,0,,
2024-07-26 17:32:00,CNR3301934496,Success,CID311128,Mini,Yelahanka,Bellandur,91.0,75.0,Not Applicable,Not Applicable,No,Not Applicable,817,UPI,6,3.9,4.2
2024-07-06 19:21:00,CNR4732923996,Success,CID152719,Mini,Rajajinagar,Shantinagar,308.0,25.0,Not Applicable,Not Applicable,No,Not Applicable,288,Debit Card,35,5.0,3.1
2024-07-10 08:10:00,CNR3017473711,Success,CID413265,eBike,Vijayanagar,HSR Layout,301.0,75.0,Not Applicable,Not Applicable,No,Not Applicable,923,UPI,21,3.6,4.9
2024-07-25 04:57:00,CNR1870902232,Success,CID270182,Mini,RT Nagar,Varthur,168.0,65.0,Not Applicable,Not Applicable,No,Not Applicable,921,Cash,8,3.9,4.4
2024-07-06 20:00:00,CNR4009324093,Canceled by Driver,CID886084,Prime SUV,Electronic City,Malleshwaram,,,Not Applicable,Customer related issue,Not Applicable,Not Applicable,1064,Not Applicable,0,,
2024-07-07 08:18:00,CNR3763670660,Driver Not Found,CID883471,Prime SUV,Ulsoor,Chickpet,,,Not Applicable,Not Applicable,Not Applicable,Not Applicable,136,Not Applicable,0,,
2024-07-12 11:31:00,CNR9980841174,Canceled by Driver,CID939557,Auto,Rajarajeshwari Nagar,Bannerghatta Road,,,Not Applicable,Customer related issue,Not Applicable,Not Applicable,268,Not Applicable,0,,
2024-07-29 17:46:00,CNR3579910537,Canceled by Driver,CID891322,eBike,Whitefield,BTM Layout,,,Not Applicable,Customer related issue,Not Applicable,Not Applicable,1992,Not Applicable,0,,
2024-07-18 09:39:00,CNR4627535901,Canceled by Customer,CID392953,Auto,RT Nagar,JP Nagar,,,Wrong Address,Not Applicable,Not Applicable,Not Applicable,1510,Not Applicable,0,,
2024-07-27 22:10:00,CNR2825185662,Success,CID816896,eBike,Cox Town,Sahakar Nagar,224.0,125.0,Not Applicable,Not Applicable,No,Not Applicable,275,Cash,49,4.6,4.8
2024-07-04 22:53:00,CNR6204071559,Canceled by Driver,CID391368,Prime Sedan,KR Puram,Ulsoor,,,Not Applicable,More than permitted people in there,Not Applicable,Not Applicable,308,Not Applicable,0,,
2024-07-11 00:43:00,CNR5650493389,Canceled by Driver,CID913159,Bike,HSR Layout,Hosur Road,,,Not Applicable,Personal & Car related issue,Not Applicable,Not Applicable,807,Not Applicable,0,,
2024-07-10 10:38:00,CNR4158225314,Success,CID965937,Prime Sedan,Vijayanagar,Kammanahalli,238.0,140.0,Not Applicable,Not Applicable,No,Not Applicable,495,UPI,30,3.7,3.0
2024-07-25 12:05:00,CNR4700373446,Success,CID137314,Prime Plus,Nagarbhavi,Vijayanagar,196.0,105.0,Not Applicable,Not Applicable,No,Not Applicable,362,UPI,25,3.5,4.6
2024-07-02 13:17:00,CNR5903421982,Driver Not Found,CID647546,eBike,BTM Layout,Yeshwanthpur,,,Not Applicable,Not Applicable,Not Applicable,Not Applicable,635,Not Applicable,0,,
2024-07-12 10:19:00,CNR6819071783,Success,CID692808,Bike,Majestic,Shantinagar,49.0,85.0,Not Applicable,Not Applicable,No,Not Applicable,457,UPI,3,4.6,4.1
2024-07-12 22:57:00,CNR7893981398,Success,CID933329,Bike,Kengeri,Padmanabhanagar,266.0,110.0,Not Applicable,Not Applicable,Yes,Customer Demand,957,UPI,29,3.6,4.1
2024-07-10 03:38:00,CNR7855027579,Success,CID801715,eBike,JP Nagar,Kengeri,168.0,135.0,Not Applicable,Not Applicable,No,Not Applicable,292,UPI,48,5.0,4.6
2024-07-27 03:18:00,CNR5504420891,Success,CID917171,eBike,Hennur,Mysore Road,259.0,100.0,Not Applicable,Not Applicable,No,Not Applicable,591,Cash,33,4.5,4.1
2024-07-07 07:24:00,CNR8171009201,Canceled by Driver,CID304537,Auto,Bannerghatta Road,Varthur,,,Not Applicable,Personal & Car related issue,Not Applicable,Not Applicable,969,Not Applicable,0,,
2024-07-26 19:35:00,CNR5807834320,Success,CID831455,Prime Sedan,Kengeri,Sahakar Nagar,203.0,45.0,Not Applicable,Not Applicable,No,Not Applicable,612,Cash,42,3.7,4.0
2024-07-25 21:43:00,CNR8375031016,Success,CID195257,Mini,Whitefield,Padmanabhanagar,98.0,105.0,Not Applicable,Not Applicable,No,Not Applicable,388,UPI,15,4.9,4.0
2024-07-18 14:29:00,CNR7134046121,Canceled by Customer,CID379061,Mini,Tumkur Road,Yeshwanthpur,,,Driver is not moving towards pickup location,Not Applicable,Not Applicable,Not Applicable,198,Not Applicable,0,,
2024-07-08 13:28:00,CNR5606436159,Driver Not Found,CID653423,Mini,Yelahanka,Chickpet,,,Not Applicable,Not Applicable,Not Applicable,Not Applicable,306,Not Applicable,0,,
2024-07-29 21:20:00,CNR8381838655,Canceled by Customer,CID362642,Prime Sedan,Peenya,HSR Layout,,,Driver is not moving towards pickup location,Not Applicable,Not Applicable,Not Applicable,1371,Not Applicable,0,,
2024-07-06 14:47:00,CNR8424454002,Success,CID814011,Prime Sedan,Rajajinagar,Bannerghatta Road,42.0,145.0,Not Applicable,Not Applicable,No,Not Applicable,314,Cash,35,3.1,4.5
2024-07-06 00:04:00,CNR5231522376,Canceled by Customer,CID846023,Mini,Yelahanka,Langford Town,,,Driver is not moving towards pickup location,Not Applicable,Not Applicable,Not Applicable,541,Not Applicable,0,,
2024-07-09 17:52:00,CNR4151037275,Canceled by Driver,CID914570,Prime Sedan,Chamarajpet,Hulimavu,,,Not Applicable,Personal & Car related issue,Not Applicable,Not Applicable,2827,Not Applicable,0,,
2024-07-22 22:29:00,CNR9519574812,Success,CID205798,eBike,Shivajinagar,Varthur,203.0,100.0,Not Applicable,Not Applicable,No,Not Applicable,899,Cash,1,3.8,4.3
2024-07-09 08:15:00,CNR3322478469,Canceled by Driver,CID162280,Auto,Rajarajeshwari Nagar,Kadugodi,,,Not Applicable,Customer was coughing/sick,Not Applicable,Not Applicable,950,Not Applicable,0,,
2024-07-09 23:05:00,CNR1175882724,Success,CID159443,Prime Plus,Koramangala,HSR Layout,105.0,100.0,Not Applicable,Not Applicable,No,Not Applicable,341,UPI,25,4.6,4.9
2024-07-05 20:01:00,CNR4756336540,Success,CID321714,Prime Sedan,Cox Town,Indiranagar,42.0,100.0,Not Applicable,Not Applicable,No,Not Applicable,128,Cash,5,3.2,3.1
2024-07-03 21:38:00,CNR8335218188,Success,CID344816,Prime Plus,Chickpet,Sahakar Nagar,280.0,140.0,Not Applicable,Not Applicable,No,Not Applicable,234,Cash,17,4.1,3.1
2024-07-03 13:50:00,CNR1787513453,Canceled by Driver,CID476204,Prime Sedan,MG Road,Sarjapur Road,,,Not Applicable,More than permitted people in there,Not Applicable,Not Applicable,542,Not Applicable,0,,
2024-07-05 23:31:00,CNR6628724164,Success,CID473876,eBike,Yeshwanthpur,Electronic City,161.0,115.0,Not Applicable,Not Applicable,No,Not Applicable,534,Cash,47,4.3,4.2
2024-07-27 00:26:00,CNR8054206950,Success,CID300767,Mini,Mysore Road,Rajajinagar,266.0,45.0,Not Applicable,Not Applicable,No,Not Applicable,131,UPI,3,3.3,4.5
2024-07-30 21:38:00,CNR3964523164,Canceled by Driver,CID549080,Auto,Koramangala,Indiranagar,,,Not Applicable,Personal & Car related issue,Not Applicable,Not Applicable,344,Not Applicable,0,,
2024-07-01 15:52:00,CNR9779172609,Canceled by Customer,CID725721,Prime Sedan,Hulimavu,Rajarajeshwari Nagar,,,Driver asked to cancel,Not Applicable,Not Applicable,Not Applicable,381,Not Applicable,0,,
2024-07-22 19:02:00,CNR4130249712,Success,CID767224,Bike,Shantinagar,Hennur,126.0,65.0,Not Applicable,Not Applicable,No,Not Applicable,186,UPI,30,4.3,4.3
2024-07-14 10:10:00,CNR8717835716,Success,CID414650,eBike,Langford Town,Electronic City,273.0,25.0,Not Applicable,Not Applicable,No,Not Applicable,523,Cash,32,3.8,3.4
2024-07-19 01:14:00,CNR4920760684,Success,CID175683,Auto,Langford Town,MG Road,224.0,80.0,Not Applicable,Not Applicable,No,Not Applicable,537,Credit Card,2,3.0,3.9
2024-07-05 19:02:00,CNR5401503311,Success,CID248613,Auto,Bannerghatta Road,JP Nagar,84.0,115.0,Not Applicable,Not Applicable,No,Not Applicable,398,UPI,14,3.8,3.2
2024-07-11 04:49:00,CNR6395536674,Success,CID547658,Mini,Kengeri,KR Puram,140.0,130.0,Not Applicable,Not Applicable,No,Not Applicable,232,Cash,2,4.0,3.6
2024-07-16 17:53:00,CNR1675085089,Canceled by Customer,CID458919,Mini,Mysore Road,Rajarajeshwari Nagar,,,Driver asked to cancel,Not Applicable,Not Applicable,Not Applicable,770,Not Applicable,0,,
2024-07-11 14:23:00,CNR6370935784,Success,CID950014,Mini,Padmanabhanagar,RT Nagar,217.0,125.0,Not Applicable,Not Applicable,No,Not Applicable,264,Cash,1,4.5,4.9
2024-07-05 10:08:00,CNR6340779432,Canceled by Customer,CID357980,Bike,Bannerghatta Road,Shantinagar,,,Driver asked to cancel,Not Applicable,Not Applicable,Not Applicable,222,Not Applicable,0,,
2024-07-12 12:28:00,CNR2316239494,Canceled by Customer,CID323996,Mini,Cox Town,Marathahalli,,,Driver is not moving towards pickup location,Not Applicable,Not Applicable,Not Applicable,768,Not Applicable,0,,
2024-07-16 16:44:00,CNR3044810967,Success,CID552332,Mini,Magadi Road,Nagarbhavi,196.0,45.0,Not Applicable,Not Applicable,No,Not Applicable,400,Credit Card,4,3.9,3.8
2024-07-15 14:37:00,CNR3520683805,Success,CID983728,Prime Sedan,Ulsoor,Devanahalli,91.0,105.0,Not Applicable,Not Applicable,No,Not Applicable,541,UPI,37,3.5,3.3
2024-07-16 20:11:00,CNR6243292359,Canceled by Customer,CID609760,Prime Plus,Vijayanagar,Kammanahalli,,,Driver is not moving towards pickup location,Not Applicable,Not Applicable,Not Applicable,257,Not Applicable,0,,
2024-07-14 11:12:00,CNR9323175750,Driver Not Found,CID302370,Prime Plus,Banashankari,Hosur Road,,,Not Applicable,Not Applicable,Not Applicable,Not Applicable,2501,Not Applicable,0,,
2024-07-02 09:53:00,CNR1046370091,Success,CID587769,Prime Plus,RT Nagar,Padmanabhanagar,147.0,25.0,Not Applicable,Not Applicable,No,Not Applicable,365,Cash,7,3.7,5.0
2024-07-10 23:44:00,CNR6327440828,Canceled by Driver,CID622900,Prime Plus,Sahakar Nagar,Hulimavu,,,Not Applicable,Customer related issue,Not Applicable,Not Applicable,190,Not Applicable,0,,
2024-07-10 20:50:00,CNR5606201380,Success,CID856510,Prime SUV,KR Puram,Sarjapur Road,224.0,110.0,Not Applicable,Not Applicable,Yes,Customer Demand,426,Cash,33,4.0,3.4
2024-07-09 02:45:00,CNR2876989856,Success,CID956885,Bike,HSR Layout,Malleshwaram,91.0,110.0,Not Applicable,Not Applicable,No,Not Applicable,391,Cash,4,3.2,3.2
2024-07-12 01:02:00,CNR1893357693,Success,CID759735,Mini,Vijayanagar,Basavanagudi,147.0,35.0,Not Applicable,Not Applicable,No,Not Applicable,152,UPI,44,3.7,3.9
2024-07-24 16:13:00,CNR4786126125,Success,CID763249,eBike,JP Nagar,Varthur,259.0,65.0,Not Applicable,Not Applicable,No,Not Applicable,167,UPI,35,3.4,4.4
2024-07-03 01:39:00,CNR6012790977,Success,CID844218,Auto,Ulsoor,RT Nagar,147.0,45.0,Not Applicable,Not Applicable,No,Not Applicable,463,UPI,18,4.8,3.8
2024-07-03 05:37:00,CNR8258020913,Success,CID337377,Auto,Frazer Town,Tumkur Road,126.0,125.0,Not Applicable,Not Applicable,No,Not Applicable,2932,Cash,13,4.3,3.1
2024-07-01 14:28:00,CNR1648402230,Canceled by Driver,CID746800,Prime SUV,Kammanahalli,Hebbal,,,Not Applicable,Customer related issue,Not Applicable,Not Applicable,204,Not Applicable,0,,
2024-07-01 15:03:00,CNR8480079377,Canceled by Customer,CID362278,Mini,Cox Town,Tumkur Road,,,Driver asked to cancel,Not Applicable,Not Applicable,Not Applicable,442,Not Applicable,0,,
2024-07-24 00:31:00,CNR1723474439,Driver Not Found,CID302340,Prime Plus,Bannerghatta Road,Rajajinagar,,,Not Applicable,Not Applicable,Not Applicable,Not Applicable,377,Not Applicable,0,,
2024-07-24 11:23:00,CNR9578595066,Canceled by Customer,CID744688,Prime Plus,Richmond Town,Kammanahalli,,,AC is Not working,Not Applicable,Not Applicable,Not Applicable,964,Not Applicable,0,,
2024-07-03 20:38:00,CNR6082399886,Success,CID613765,eBike,Padmanabhanagar,Basavanagudi,112.0,45.0,Not Applicable,Not Applicable,No,Not Applicable,2338,UPI,9,3.6,3.9
2024-07-25 21:36:00,CNR2938610620,Success,CID141194,eBike,Frazer Town,Indiranagar,35.0,100.0,Not Applicable,Not Applicable,No,Not Applicable,875,Cash,35,4.1,4.4
2024-07-27 15:03:00,CNR3105266928,Driver Not Found,CID673317,Mini,Varthur,Indiranagar,,,Not Applicable,Not Applicable,Not Applicable,Not Applicable,237,Not Applicable,0,,
2024-07-25 05:17:00,CNR9751034970,Canceled by Driver,CID133467,Prime SUV,Peenya,Banashankari,,,Not Applicable,Customer related issue,Not Applicable,Not Applicable,2438,Not Applicable,0,,
2024-07-24 23:51:00,CNR1508585794,Success,CID638554,Prime Plus,Varthur,Rajarajeshwari Nagar,273.0,115.0,Not Applicable,Not Applicable,No,Not Applicable,222,UPI,3,4.1,4.4
2024-07-30 04:15:00,CNR1979295603,Success,CID543665,Auto,Magadi Road,Malleshwaram,56.0,95.0,Not Applicable,Not Applicable,No,Not Applicable,601,Cash,17,3.2,4.8
2024-07-27 00:33:00,CNR2790892497,Success,CID976417,Mini,Sahakar Nagar,Bannerghatta Road,77.0,40.0,Not Applicable,Not Applicable,No,Not Applicable,251,UPI,19,3.0,4.3
2024-07-05 21:30:00,CNR3067289810,Success,CID533553,Prime Plus,Cox Town,Peenya,161.0,145.0,Not Applicable,Not Applicable,No,Not Applicable,365,UPI,25,4.5,4.3
2024-07-21 08:32:00,CNR4036402583,Canceled by Customer,CID490548,Prime SUV,Sahakar Nagar,Tumkur Road,,,Driver is not moving towards pickup location,Not Applicable,Not Applicable,Not Applicable,275,Not Applicable,0,,
2024-07-25 09:02:00,CNR9533294225,Canceled by Driver,CID787892,Prime SUV,Hennur,Kadugodi,,,Not Applicable,Customer related issue,Not Applicable,Not Applicable,1469,Not Applicable,0,,
2024-07-29 04:53:00,CNR9878158921,Success,CID813001,Mini,JP Nagar,Magadi Road,294.0,90.0,Not Applicable,Not Applicable,No,Not Applicable,2952,UPI,6,5.0,3.7
2024-07-02 15:09:00,CNR4531575766,Success,CID915226,Prime Sedan,MG Road,Banashankari,98.0,130.0,Not Applicable,Not Applicable,No,Not Applicable,423,UPI,37,3.5,4.7
2024-07-09 16:11:00,CNR8649632220,Canceled by Driver,CID687274,Prime SUV,Jayanagar,Vijayanagar,,,Not Applicable,Customer was coughing/sick,Not Applicable,Not Applicable,221,Not Applicable,0,,
2024-07-16 01:57:00,CNR9261491294,Success,CID837885,Prime Plus,Bannerghatta Road,KR Puram,161.0,125.0,Not Applicable,Not Applicable,No,Not Applicable,295,UPI,34,3.5,4.7
2024-07-14 19:52:00,CNR1191318351,Success,CID612579,Prime SUV,Basavanagudi,Kammanahalli,217.0,70.0,Not Applicable,Not Applicable,No,Not Applicable,484,Cash,22,3.9,4.3
2024-07-27 02:41:00,CNR8135854135,Success,CID303320,Bike,Jayanagar,Yeshwanthpur,77.0,30.0,Not Applicable,Not Applicable,No,Not Applicable,487,Cash,14,4.7,4.7
2024-07-09 21:15:00,CNR8330666406,Success,CID559167,Prime Sedan,Devanahalli,Shantinagar,119.0,25.0,Not Applicable,Not Applicable,No,Not Applicable,1392,Cash,23,3.3,4.1
2024-07-20 03:25:00,CNR4495965318,Success,CID664852,Bike,Nagarbhavi,Jayanagar,301.0,130.0,Not Applicable,Not Applicable,No,Not Applicable,485,UPI,40,3.4,3.5
2024-07-08 03:06:00,CNR6966105654,Success,CID402390,eBike,Ramamurthy Nagar,Whitefield,217.0,30.0,Not Applicable,Not Applicable,No,Not Applicable,396,UPI,45,3.3,4.4
2024-07-26 14:36:00,CNR6466535640,Success,CID888234,Prime Sedan,HSR Layout,Malleshwaram,119.0,55.0,Not Applicable,Not Applicable,No,Not Applicable,318,Cash,36,3.2,3.6
2024-07-29 07:58:00,CNR9544934372,Canceled by Driver,CID921721,Prime SUV,Langford Town,Frazer Town,,,Not Applicable,Customer related issue,Not Applicable,Not Applicable,483,Not Applicable,0,,
2024-07-13 01:39:00,CNR1935807381,Canceled by Customer,CID123083,Prime SUV,Indiranagar,Bellandur,,,AC is Not working,Not Applicable,Not Applicable,Not Applicable,266,Not Applicable,0,,
2024-07-24 20:16:00,CNR8437060481,Success,CID556542,Prime Plus,Sahakar Nagar,Cox Town,140.0,90.0,Not Applicable,Not Applicable,No,Not Applicable,201,UPI,41,3.6,4.0
2024-07-27 22:26:00,CNR6794017858,Success,CID547702,Mini,Langford Town,Padmanabhanagar,56.0,125.0,Not Applicable,Not Applicable,No,Not Applicable,2638,UPI,9,4.1,3.7
2024-07-30 06:04:00,CNR2083132691,Canceled by Driver,CID830796,Prime Sedan,Tumkur Road,Richmond Town,,,Not Applicable,Customer related issue,Not Applicable,Not Applicable,113,Not Applicable,0,,
2024-07-20 21:30:00,CNR4868786046,Success,CID635568,Auto,Devanahalli,Jayanagar,217.0,115.0,Not Applicable,Not Applicable,No,Not Applicable,479,Cash,10,4.5,5.0
2024-07-14 07:42:00,CNR7277168180,Success,CID568145,Prime Sedan,Vijayanagar,Hebbal,91.0,25.0,Not Applicable,Not Applicable,No,Not Applicable,775,Cash,20,4.4,4.1
2024-07-28 12:12:00,CNR9456172317,Success,CID339022,eBike,Hosur Road,Shantinagar,168.0,140.0,Not Applicable,Not Applicable,No,Not Applicable,372,Cash,6,4.8,4.2
2024-07-21 23:08:00,CNR9909207614,Success,CID455691,eBike,Banashankari,Nagarbhavi,140.0,95.0,Not Applicable,Not Applicable,No,Not Applicable,281,UPI,29,4.8,3.5
2024-07-29 18:03:00,CNR9699228327,Success,CID163270,Prime Plus,Mysore Road,Bannerghatta Road,308.0,75.0,Not Applicable,Not Applicable,No,Not Applicable,440,Cash,4,4.3,3.3
2024-07-22 13:43:00,CNR8784393250,Success,CID515709,eBike,Nagarbhavi,Mysore Road,175.0,120.0,Not Applicable,Not Applicable,No,Not Applicable,181,Cash,20,4.2,4.9
2024-07-28 08:19:00,CNR1084503749,Canceled by Driver,CID964301,Mini,Rajarajeshwari Nagar,Indiranagar,,,Not Applicable,Customer was coughing/sick,Not Applicable,Not Applicable,2432,Not Applicable,0,,
2024-07-08 16:27:00,CNR8092117957,Canceled by Customer,CID952257,eBike,Bannerghatta Road,Varthur,,,Driver asked to cancel,Not Applicable,Not Applicable,Not Applicable,2470,Not Applicable,0,,
2024-07-20 16:37:00,CNR5035331410,Success,CID364867,Prime SUV,KR Puram,Electronic City,56.0,25.0,Not Applicable,Not Applicable,No,Not Applicable,147,UPI,1,4.6,4.8
2024-07-11 13:23:00,CNR9122583821,Canceled by Driver,CID463432,Mini,Hosur Road,Peenya,,,Not Applicable,Customer related issue,Not Applicable,Not Applicable,398,Not Applicable,0,,
2024-07-08 19:45:00,CNR5827473806,Success,CID411120,Mini,Bannerghatta Road,BTM Layout,224.0,100.0,Not Applicable,Not Applicable,No,Not Applicable,714,Cash,2,3.1,4.2
2024-07-09 02:33:00,CNR3462707689,Success,CID609575,Prime Plus,Mysore Road,Ramamurthy Nagar,126.0,60.0,Not Applicable,Not Applicable,No,Not Applicable,333,Cash,18,3.7,4.2
2024-07-08 20:34:00,CNR3414169247,Success,CID808223,Mini,Kadugodi,Chickpet,35.0,100.0,Not Applicable,Not Applicable,No,Not Applicable,967,Cash,10,3.7,4.4
2024-07-27 15:53:00,CNR3840367685,Canceled by Driver,CID134347,Prime SUV,JP Nagar,Malleshwaram,,,Not Applicable,Customer was coughing/sick,Not Applicable,Not Applicable,896,Not Applicable,0,,
2024-07-24 13:17:00,CNR6808351101,Driver Not Found,CID160055,Prime Plus,Koramangala,KR Puram,,,Not Applicable,Not Applicable,Not Applicable,Not Applicable,292,Not Applicable,0,,
2024-07-26 11:38:00,CNR8800963627,Canceled by Driver,CID679581,eBike,Bannerghatta Road,Tumkur Road,,,Not Applicable,More than permitted people in there,Not Applicable,Not Applicable,284,Not Applicable,0,,
2024-07-08 08:03:00,CNR6846974550,Canceled by Customer,CID609852,Prime Sedan,Shantinagar,Rajarajeshwari Nagar,,,Change of plans,Not Applicable,Not Applicable,Not Applicable,555,Not Applicable,0,,
2024-07-10 21:20:00,CNR3748444564,Canceled by Customer,CID931113,eBike,Sahakar Nagar,Bannerghatta Road,,,AC is Not working,Not Applicable,Not Applicable,Not Applicable,983,Not Applicable,0,,
2024-07-06 21:22:00,CNR1133010093,Success,CID773377,eBike,Hebbal,Chickpet,98.0,75.0,Not Applicable,Not Applicable,No,Not Applicable,421,UPI,15,4.6,4.3
2024-07-17 02:02:00,CNR7895118588,Success,CID382933,Prime SUV,Ulsoor,Banashankari,287.0,130.0,Not Applicable,Not Applicable,No,Not Applicable,332,Cash,30,5.0,3.4
2024-07-05 03:17:00,CNR5520787319,Success,CID818367,Mini,Rajajinagar,Majestic,175.0,100.0,Not Applicable,Not Applicable,No,Not Applicable,431,Cash,21,3.2,4.3
2024-07-11 10:00:00,CNR3212748276,Success,CID815060,eBike,Sarjapur Road,Rajarajeshwari Nagar,266.0,75.0,Not Applicable,Not Applicable,Yes,Customer Demand,114,Cash,32,5.0,4.4
2024-07-18 11:34:00,CNR2800276844,Success,CID137086,Bike,Hosur Road,Varthur,259.0,125.0,Not Applicable,Not Applicable,No,Not Applicable,2771,Cash,44,4.8,3.5
2024-07-17 12:56:00,CNR9886381251,Canceled by Customer,CID331759,Bike,Hosur Road,Hennur,,,Driver is not moving towards pickup location,Not Applicable,Not Applicable,Not Applicable,387,Not Applicable,0,,
2024-07-22 08:44:00,CNR6132308929,Success,CID758358,Prime Sedan,Kammanahalli,Tumkur Road,245.0,115.0,Not Applicable,Not Applicable,No,Not Applicable,549,Cash,36,4.6,3.1
2024-07-24 20:59:00,CNR1405510899,Success,CID709190,Prime SUV,Hebbal,Bannerghatta Road,252.0,145.0,Not Applicable,Not Applicable,Yes,Other Issue,277,Cash,41,4.1,4.9
2024-07-23 08:54:00,CNR2413427341,Canceled by Driver,CID691909,Prime Sedan,Langford Town,Banashankari,,,Not Applicable,More than permitted people in there,Not Applicable,Not Applicable,428,Not Applicable,0,,
2024-07-04 08:01:00,CNR4599998192,Success,CID989625,Auto,Indiranagar,Jayanagar,49.0,85.0,Not Applicable,Not Applicable,No,Not Applicable,443,UPI,12,3.4,3.9
2024-07-11 15:05:00,CNR5133769083,Success,CID149024,eBike,Shantinagar,RT Nagar,182.0,65.0,Not Applicable,Not Applicable,Yes,Customer Demand,628,Cash,44,3.3,4.3
2024-07-05 05:45:00,CNR1362775046,Success,CID965997,Auto,Kadugodi,Sahakar Nagar,182.0,40.0,Not Applicable,Not Applicable,No,Not Applicable,125,Cash,15,4.9,4.9
2024-07-18 12:31:00,CNR4425810253,Success,CID256317,eBike,Whitefield,Peenya,252.0,110.0,Not Applicable,Not Applicable,No,Not Applicable,149,Cash,44,4.1,3.8
2024-07-01 14:05:00,CNR8348473526,Success,CID788351,Bike,Varthur,Bannerghatta Road,273.0,120.0,Not Applicable,Not Applicable,No,Not Applicable,242,UPI,31,4.5,3.8
2024-07-16 17:02:00,CNR3460242416,Canceled by Driver,CID880542,Prime Plus,BTM Layout,Marathahalli,,,Not Applicable,Personal & Car related issue,Not Applicable,Not Applicable,114,Not Applicable,0,,
2024-07-07 01:59:00,CNR2874594531,Success,CID789459,Bike,Ramamurthy Nagar,HSR Layout,245.0,80.0,Not Applicable,Not Applicable,No,Not Applicable,665,UPI,5,4.5,4.0
2024-07-06 00:04:00,CNR3556631611,Canceled by Driver,CID778188,eBike,Tumkur Road,Shantinagar,,,Not Applicable,Customer related issue,Not Applicable,Not Applicable,607,Not Applicable,0,,
2024-07-23 07:37:00,CNR5535443409,Driver Not Found,CID901013,Prime Sedan,Banashankari,Frazer Town,,,Not Applicable,Not Applicable,Not Applicable,Not Applicable,241,Not Applicable,0,,
2024-07-21 06:44:00,CNR8588950753,Canceled by Customer,CID447158,Prime SUV,Tumkur Road,Tumkur Road,,,Driver asked to cancel,Not Applicable,Not Applicable,Not Applicable,237,Not Applicable,0,,
2024-07-08 21:15:00,CNR3871126199,Success,CID759302,Bike,Varthur,Cox Town,147.0,65.0,Not Applicable,Not Applicable,No,Not Applicable,322,Cash,14,3.1,3.8
2024-07-04 10:30:00,CNR4440576644,Success,CID174197,Prime SUV,Bannerghatta Road,Tumkur Road,70.0,125.0,Not Applicable,Not Applicable,No,Not Applicable,470,Credit Card,3,4.8,4.8
2024-07-29 06:15:00,CNR2883842271,Canceled by Customer,CID108235,Prime Sedan,Majestic,JP Nagar,,,Driver asked to cancel,Not Applicable,Not Applicable,Not Applicable,376,Not Applicable,0,,
2024-07-17 07:49:00,CNR7912470993,Success,CID402709,Prime SUV,Varthur,Chickpet,273.0,95.0,Not Applicable,Not Applicable,No,Not Applicable,621,UPI,1,4.3,3.2
2024-07-26 04:11:00,CNR4336836549,Success,CID576537,Prime SUV,HSR Layout,Kammanahalli,105.0,80.0,Not Applicable,Not Applicable,No,Not Applicable,294,UPI,12,4.6,3.8
2024-07-13 05:22:00,CNR3958636268,Canceled by Driver,CID366658,Mini,Langford Town,Basavanagudi,,,Not Applicable,More than permitted people in there,Not Applicable,Not Applicable,291,Not Applicable,0,,
2024-07-20 11:36:00,CNR1353555953,Success,CID733881,Prime Plus,Basavanagudi,Padmanabhanagar,231.0,30.0,Not Applicable,Not Applicable,No,Not Applicable,2434,Cash,24,4.6,4.3
2024-07-07 03:29:00,CNR1829802954,Driver Not Found,CID292323,Bike,Nagarbhavi,Kammanahalli,,,Not Applicable,Not Applicable,Not Applicable,Not Applicable,325,Not Applicable,0,,
2024-07-04 14:29:00,CNR9231749554,Success,CID215393,Bike,Yeshwanthpur,Malleshwaram,35.0,40.0,Not Applicable,Not Applicable,No,Not Applicable,695,Cash,7,3.5,3.7
2024-07-30 10:34:00,CNR5602854400,Canceled by Customer,CID899475,Bike,Chamarajpet,Padmanabhanagar,,,Driver asked to cancel,Not Applicable,Not Applicable,Not Applicable,685,Not Applicable,0,,
2024-07-14 17:27:00,CNR1101721850,Driver Not Found,CID677871,Prime Sedan,Ramamurthy Nagar,Devanahalli,,,Not Applicable,Not Applicable,Not Applicable,Not Applicable,596,Not Applicable,0,,
2024-07-21 21:05:00,CNR4531179270,Canceled by Driver,CID326911,Auto,Mysore Road,Yelahanka,,,Not Applicable,Personal & Car related issue,Not Applicable,Not Applicable,2033,Not Applicable,0,,
2024-07-13 14:16:00,CNR6316167462,Success,CID115925,Prime SUV,KR Puram,Frazer Town,189.0,25.0,Not Applicable,Not Applicable,No,Not Applicable,121,Cash,13,4.3,4.7
2024-07-26 00:48:00,CNR8413780106,Success,CID911308,Prime Sedan,Frazer Town,Padmanabhanagar,63.0,80.0,Not Applicable,Not Applicable,No,Not Applicable,560,Cash,26,3.2,4.8
2024-07-02 06:56:00,CNR1435733290,Success,CID371094,Prime Sedan,HSR Layout,Shivajinagar,42.0,85.0,Not Applicable,Not Applicable,No,Not Applicable,237,UPI,39,3.3,3.1
2024-07-16 11:49:00,CNR7164158310,Success,CID580907,Mini,Ramamurthy Nagar,Hennur,154.0,35.0,Not Applicable,Not Applicable,No,Not Applicable,231,UPI,43,3.1,4.6
2024-07-03 15:56:00,CNR8343466477,Success,CID320951,Prime Plus,Bellandur,Basavanagudi,210.0,105.0,Not Applicable,Not Applicable,No,Not Applicable,289,Cash,43,4.5,3.1
2024-07-13 20:12:00,CNR5338683103,Canceled by Customer,CID314081,eBike,Padmanabhanagar,Mysore Road,,,Change of plans,Not Applicable,Not Applicable,Not Applicable,266,Not Applicable,0,,
2024-07-07 12:51:00,CNR2714344637,Driver Not Found,CID197252,Auto,Devanahalli,BTM Layout,,,Not Applicable,Not Applicable,Not Applicable,Not Applicable,773,Not Applicable,0,,
2024-07-24 21:37:00,CNR4198659557,Success,CID484356,Prime Plus,Shantinagar,Cox Town,154.0,95.0,Not Applicable,Not Applicable,No,Not Applicable,200,UPI,21,3.3,4.5
2024-07-10 16:56:00,CNR2461401217,Canceled by Customer,CID742620,Prime SUV,Shivajinagar,Sahakar Nagar,,,Driver is not moving towards pickup location,Not Applicable,Not Applicable,Not Applicable,165,Not Applicable,0,,
2024-07-25 15:07:00,CNR6326579441,Canceled by Customer,CID844302,eBike,MG Road,Devanahalli,,,AC is Not working,Not Applicable,Not Applicable,Not Applicable,225,Not Applicable,0,,
2024-07-25 11:56:00,CNR1754948109,Success,CID617241,Auto,Electronic City,Tumkur Road,91.0,130.0,Not Applicable,Not Applicable,No,Not Applicable,487,Credit Card,1,3.5,3.5
2024-07-24 19:09:00,CNR8758773431,Success,CID409050,Prime Plus,Sarjapur Road,Varthur,119.0,120.0,Not Applicable,Not Applicable,No,Not Applicable,337,UPI,12,4.0,4.9
2024-07-27 12:32:00,CNR3413648441,Canceled by Driver,CID512419,Mini,BTM Layout,Chamarajpet,,,Not Applicable,Customer related issue,Not Applicable,Not Applicable,416,Not Applicable,0,,
2024-07-23 08:15:00,CNR1729271362,Canceled by Driver,CID554550,eBike,Shivajinagar,Hennur,,,Not Applicable,Personal & Car related issue,Not Applicable,Not Applicable,248,Not Applicable,0,,
2024-07-27 02:14:00,CNR9545501373,Driver Not Found,CID467946,Mini,Chamarajpet,Devanahalli,,,Not Applicable,Not Applicable,Not Applicable,Not Applicable,670,Not Applicable,0,,
2024-07-06 23:51:00,CNR9975686099,Success,CID913962,Prime Sedan,Yelahanka,Shivajinagar,126.0,80.0,Not Applicable,Not Applicable,No,Not Applicable,349,UPI,7,4.6,3.4
2024-07-22 18:22:00,CNR2798521828,Canceled by Customer,CID761784,eBike,MG Road,Rajajinagar,,,Wrong Address,Not Applicable,Not Applicable,Not Applicable,844,Not Applicable,0,,
2024-07-21 13:20:00,CNR5833772259,Canceled by Customer,CID949134,Mini,Bellandur,Rajajinagar,,,AC is Not working,Not Applicable,Not Applicable,Not Applicable,313,Not Applicable,0,,
2024-07-15 16:55:00,CNR2832733739,Success,CID148744,eBike,Hosur Road,Sarjapur Road,35.0,115.0,Not Applicable,Not Applicable,No,Not Applicable,499,Cash,32,3.8,4.5
2024-07-08 19:59:00,CNR8855700639,Success,CID618393,Auto,Basavanagudi,Yeshwanthpur,126.0,80.0,Not Applicable,Not Applicable,No,Not Applicable,163,Credit Card,3,4.4,3.0
2024-07-10 00:21:00,CNR2218653185,Canceled by Customer,CID641501,Bike,Sarjapur Road,Whitefield,,,Driver asked to cancel,Not Applicable,Not Applicable,Not Applicable,1162,Not Applicable,0,,
2024-07-22 21:36:00,CNR3493660660,Success,CID422022,Auto,Vijayanagar,Frazer Town,126.0,45.0,Not Applicable,Not Applicable,No,Not Applicable,441,Cash,4,4.9,3.3
2024-07-26 06:06:00,CNR1118273059,Canceled by Driver,CID104746,Prime SUV,Sarjapur Road,Kammanahalli,,,Not Applicable,Personal & Car related issue,Not Applicable,Not Applicable,479,Not Applicable,0,,
2024-07-18 08:01:00,CNR2630039208,Driver Not Found,CID709036,eBike,MG Road,MG Road,,,Not Applicable,Not Applicable,Not Applicable,Not Applicable,215,Not Applicable,0,,
2024-07-15 11:00:00,CNR9515023599,Success,CID191276,Prime Sedan,Basavanagudi,Bellandur,203.0,45.0,Not Applicable,Not Applicable,No,Not Applicable,115,UPI,18,4.0,3.0
2024-07-10 18:51:00,CNR1030737009,Success,CID120886,Prime Plus,Vijayanagar,Sarjapur Road,49.0,135.0,Not Applicable,Not Applicable,No,Not Applicable,375,UPI,37,3.6,3.4
2024-07-11 11:42:00,CNR7215921161,Canceled by Customer,CID987423,Prime Plus,Chickpet,Yeshwanthpur,,,Driver asked to cancel,Not Applicable,Not Applicable,Not Applicable,154,Not Applicable,0,,
2024-07-27 05:47:00,CNR6537362697,Success,CID958446,eBike,Shivajinagar,Hebbal,126.0,130.0,Not Applicable,Not Applicable,No,Not Applicable,486,Cash,29,4.5,3.5
2024-07-14 05:03:00,CNR8257479869,Success,CID534519,Bike,Varthur,Hulimavu,189.0,120.0,Not Applicable,Not Applicable,No,Not Applicable,233,Cash,18,4.3,4.2
2024-07-29 15:43:00,CNR6776438510,Success,CID844600,Mini,Indiranagar,Shivajinagar,35.0,25.0,Not Applicable,Not Applicable,No,Not Applicable,242,UPI,36,3.4,3.8
2024-07-19 04:03:00,CNR4165363700,Canceled by Customer,CID688949,Prime Sedan,Yeshwanthpur,Marathahalli,,,Driver is not moving towards pickup location,Not Applicable,Not Applicable,Not Applicable,1289,Not Applicable,0,,
2024-07-27 13:14:00,CNR6983610936,Success,CID787707,Prime SUV,Basavanagudi,Yelahanka,77.0,65.0,Not Applicable,Not Applicable,No,Not Applicable,309,Cash,28,3.5,3.4
2024-07-27 22:23:00,CNR9129365312,Driver Not Found,CID517077,Auto,Shantinagar,RT Nagar,,,Not Applicable,Not Applicable,Not Applicable,Not Applicable,192,Not Applicable,0,,
2024-07-08 14:18:00,CNR6204114258,Success,CID433095,eBike,Padmanabhanagar,Richmond Town,84.0,125.0,Not Applicable,Not Applicable,No,Not Applicable,631,UPI,19,3.1,4.3
2024-07-03 16:24:00,CNR2902579159,Success,CID638498,Auto,Ramamurthy Nagar,Mysore Road,196.0,35.0,Not Applicable,Not Applicable,No,Not Applicable,737,Cash,11,4.0,3.2
2024-07-25 07:46:00,CNR9904684385,Success,CID350479,Prime SUV,Peenya,Hulimavu,294.0,35.0,Not Applicable,Not Applicable,No,Not Applicable,170,UPI,16,4.4,4.0
2024-07-15 14:49:00,CNR5535494833,Success,CID140054,Prime Plus,BTM Layout,MG Road,301.0,95.0,Not Applicable,Not Applicable,No,Not Applicable,727,Cash,13,3.1,3.1
2024-07-02 15:29:00,CNR9703628958,Driver Not Found,CID232609,Prime SUV,Basavanagudi,Ulsoor,,,Not Applicable,Not Applicable,Not Applicable,Not Applicable,342,Not Applicable,0,,
2024-07-05 06:03:00,CNR1366884062,Success,CID432504,Bike,Bannerghatta Road,Hebbal,245.0,115.0,Not Applicable,Not Applicable,No,Not Applicable,683,Cash,36,3.8,3.4
2024-07-27 20:33:00,CNR1877292218,Canceled by Customer,CID777236,Prime SUV,Vijayanagar,Richmond Town,,,AC is Not working,Not Applicable,Not Applicable,Not Applicable,331,Not Applicable,0,,
2024-07-06 23:01:00,CNR8647909858,Success,CID644587,eBike,Sahakar Nagar,Ulsoor,280.0,110.0,Not Applicable,Not Applicable,No,Not Applicable,380,UPI,25,4.8,4.9
2024-07-18 00:19:00,CNR3651795588,Canceled by Driver,CID810191,Prime Sedan,BTM Layout,Whitefield,,,Not Applicable,Customer was coughing/sick,Not Applicable,Not Applicable,320,Not Applicable,0,,
2024-07-29 07:13:00,CNR9114962669,Driver Not Found,CID840438,Auto,Cox Town,Peenya,,,Not Applicable,Not Applicable,Not Applicable,Not Applicable,357,Not Applicable,0,,
2024-07-24 14:02:00,CNR2940962560,Success,CID314417,Prime Sedan,Kengeri,Ulsoor,98.0,90.0,Not Applicable,Not Applicable,No,Not Applicable,281,Cash,49,4.3,4.6
2024-07-16 08:29:00,CNR4082129404,Canceled by Driver,CID504393,Prime Plus,Ramamurthy Nagar,JP Nagar,,,Not Applicable,Customer related issue,Not Applicable,Not Applicable,162,Not Applicable,0,,
2024-07-21 02:43:00,CNR7649048156,Success,CID802464,Prime Plus,Rajarajeshwari Nagar,Ulsoor,259.0,70.0,Not Applicable,Not Applicable,No,Not Applicable,600,Cash,29,4.0,4.6
2024-07-01 07:32:00,CNR7149944342,Canceled by Driver,CID921699,Prime SUV,KR Puram,BTM Layout,,,Not Applicable,Personal & Car related issue,Not Applicable,Not Applicable,226,Not Applicable,0,,
2024-07-14 08:31:00,CNR1146030028,Canceled by Driver,CID854834,Prime Sedan,Padmanabhanagar,Kammanahalli,,,Not Applicable,Personal & Car related issue,Not Applicable,Not Applicable,105,Not Applicable,0,,
2024-07-05 00:03:00,CNR7713793014,Driver Not Found,CID449992,Prime SUV,Basavanagudi,Rajajinagar,,,Not Applicable,Not Applicable,Not Applicable,Not Applicable,1175,Not Applicable,0,,
2024-07-12 22:54:00,CNR1157007756,Canceled by Customer,CID676477,eBike,Hosur Road,Chickpet,,,Driver asked to cancel,Not Applicable,Not Applicable,Not Applicable,354,Not Applicable,0,,
2024-07-16 12:13:00,CNR6331346573,Success,CID548951,Prime SUV,Yeshwanthpur,Bannerghatta Road,35.0,50.0,Not Applicable,Not Applicable,No,Not Applicable,166,UPI,36,4.3,4.5
2024-07-01 21:21:00,CNR1790603800,Canceled by Driver,CID890710,Auto,Chamarajpet,Bannerghatta Road,,,Not Applicable,Personal & Car related issue,Not Applicable,Not Applicable,390,Not Applicable,0,,
2024-07-02 10:49:00,CNR5328252649,Success,CID963601,Mini,Padmanabhanagar,Indiranagar,56.0,140.0,Not Applicable,Not Applicable,No,Not Applicable,2937,UPI,11,3.1,4.9
2024-07-03 18:35:00,CNR7096218852,Success,CID773062,Mini,Nagarbhavi,Devanahalli,91.0,120.0,Not Applicable,Not Applicable,No,Not Applicable,108,UPI,15,3.8,3.6
2024-07-06 22:02:00,CNR8909774815,Driver Not Found,CID987715,Prime Plus,BTM Layout,Sarjapur Road,,,Not Applicable,Not Applicable,Not Applicable,Not Applicable,855,Not Applicable,0,,
2024-07-26 02:58:00,CNR2739338713,Canceled by Driver,CID639525,Mini,Malleshwaram,Magadi Road,,,Not Applicable,Customer was coughing/sick,Not Applicable,Not Applicable,384,Not Applicable,0,,
2024-07-12 14:21:00,CNR1162814781,Success,CID661897,Prime Plus,Whitefield,Varthur,98.0,105.0,Not Applicable,Not Applicable,No,Not Applicable,136,UPI,28,4.0,3.3
2024-07-25 00:02:00,CNR7225576361,Success,CID991921,Auto,Yelahanka,Yeshwanthpur,154.0,135.0,Not Applicable,Not Applicable,No,Not Applicable,256,Cash,17,3.5,3.2
2024-07-10 23:20:00,CNR7205332395,Success,CID271137,Bike,Bannerghatta Road,HSR Layout,252.0,145.0,Not Applicable,Not Applicable,No,Not Applicable,463,Cash,9,4.4,4.4
2024-07-23 17:36:00,CNR8452449902,Success,CID250957,eBike,Chickpet,Electronic City,259.0,25.0,Not Applicable,Not Applicable,No,Not Applicable,991,Cash,20,3.4,4.0
2024-07-27 11:14:00,CNR4734605353,Driver Not Found,CID163083,Bike,Nagarbhavi,Magadi Road,,,Not Applicable,Not Applicable,Not Applicable,Not Applicable,691,Not Applicable,0,,
2024-07-27 10:44:00,CNR8147460544,Success,CID954417,Prime SUV,Varthur,Shantinagar,273.0,65.0,Not Applicable,Not Applicable,No,Not Applicable,568,Cash,9,4.9,3.6
2024-07-20 22:14:00,CNR7280189598,Canceled by Customer,CID173161,Bike,Magadi Road,Padmanabhanagar,,,AC is Not working,Not Applicable,Not Applicable,Not Applicable,395,Not Applicable,0,,
2024-07-06 00:18:00,CNR5193435015,Success,CID481814,Prime Plus,Hebbal,Hebbal,259.0,50.0,Not Applicable,Not Applicable,No,Not Applicable,726,UPI,18,3.6,4.1
2024-07-08 20:23:00,CNR6063556706,Canceled by Driver,CID334099,Bike,Sahakar Nagar,Peenya,,,Not Applicable,Customer was coughing/sick,Not Applicable,Not Applicable,219,Not Applicable,0,,
2024-07-11 15:14:00,CNR4462148635,Success,CID213791,Prime Sedan,RT Nagar,HSR Layout,175.0,105.0,Not Applicable,Not Applicable,No,Not Applicable,793,Cash,6,3.9,3.4
2024-07-07 06:02:00,CNR9294842754,Driver Not Found,CID341306,Prime Plus,Shivajinagar,Langford Town,,,Not Applicable,Not Applicable,Not Applicable,Not Applicable,245,Not Applicable,0,,
2024-07-25 06:52:00,CNR6536526839,Canceled by Driver,CID754204,Mini,Chamarajpet,HSR Layout,,,Not Applicable,Personal & Car related issue,Not Applicable,Not Applicable,498,Not Applicable,0,,
2024-07-14 12:44:00,CNR4214593720,Canceled by Driver,CID200252,Mini,RT Nagar,Richmond Town,,,Not Applicable,More than permitted people in there,Not Applicable,Not Applicable,268,Not Applicable,0,,
2024-07-22 04:06:00,CNR6455847445,Success,CID377725,Auto,Kammanahalli,Mysore Road,98.0,85.0,Not Applicable,Not Applicable,No,Not Applicable,272,UPI,9,3.4,3.1
2024-07-23 21:00:00,CNR3881354939,Success,CID169083,eBike,Ramamurthy Nagar,Shivajinagar,133.0,100.0,Not Applicable,Not Applicable,No,Not Applicable,1004,UPI,20,3.2,4.9
2024-07-06 14:20:00,CNR8895528574,Success,CID267285,eBike,Devanahalli,Hebbal,112.0,130.0,Not Applicable,Not Applicable,No,Not Applicable,273,UPI,21,4.8,4.2
2024-07-10 06:02:00,CNR3883330366,Canceled by Driver,CID542602,Bike,Rajajinagar,Magadi Road,,,Not Applicable,Customer was coughing/sick,Not Applicable,Not Applicable,101,Not Applicable,0,,
2024-07-14 23:21:00,CNR5232045551,Canceled by Driver,CID833780,Prime Plus,Shantinagar,Padmanabhanagar,,,Not Applicable,More than permitted people in there,Not Applicable,Not Applicable,144,Not Applicable,0,,
2024-07-14 21:03:00,CNR6184573906,Canceled by Customer,CID879770,Prime SUV,Banashankari,Majestic,,,Change of plans,Not Applicable,Not Applicable,Not Applicable,555,Not Applicable,0,,
2024-07-05 09:25:00,CNR7254958216,Success,CID842829,Prime Plus,Hennur,Shivajinagar,266.0,75.0,Not Applicable,Not Applicable,No,Not Applicable,1967,Cash,1,4.8,3.4
2024-07-23 12:46:00,CNR6709414108,Success,CID498809,Auto,Sarjapur Road,Hulimavu,217.0,85.0,Not Applicable,Not Applicable,No,Not Applicable,517,UPI,18,3.8,3.7
2024-07-27 13:32:00,CNR3794487621,Success,CID258406,Bike,Shantinagar,Magadi Road,238.0,65.0,Not Applicable,Not Applicable,No,Not Applicable,2512,Cash,45,3.6,4.9
2024-07-24 02:24:00,CNR3075642685,Driver Not Found,CID395905,Prime SUV,Hennur,Kammanahalli,,,Not Applicable,Not Applicable,Not Applicable,Not Applicable,459,Not Applicable,0,,
2024-07-28 21:28:00,CNR3133074996,Success,CID973385,Auto,Bellandur,Electronic City,245.0,120.0,Not Applicable,Not Applicable,Yes,Customer Demand,317,UPI,8,4.7,4.2
2024-07-23 07:35:00,CNR9351899610,Canceled by Customer,CID460120,Mini,Indiranagar,Padmanabhanagar,,,Driver is not moving towards pickup location,Not Applicable,Not Applicable,Not Applicable,936,Not Applicable,0,,
2024-07-21 18:37:00,CNR4257746002,Success,CID238645,eBike,Langford Town,Electronic City,161.0,140.0,Not Applicable,Not Applicable,No,Not Applicable,313,Cash,22,4.3,3.6
2024-07-18 06:27:00,CNR5588254717,Canceled by Driver,CID368457,eBike,Koramangala,Kengeri,,,Not Applicable,Customer related issue,Not Applicable,Not Applicable,226,Not Applicable,0,,
2024-07-29 13:25:00,CNR3257571541,Success,CID606487,Auto,Devanahalli,Shivajinagar,98.0,115.0,Not Applicable,Not Applicable,No,Not Applicable,703,Cash,13,3.8,4.8
2024-07-27 09:06:00,CNR8759211738,Success,CID856674,Prime Sedan,Sarjapur Road,Richmond Town,280.0,60.0,Not Applicable,Not Applicable,No,Not Applicable,272,Cash,44,3.4,4.4
2024-07-21 05:04:00,CNR2494295802,Success,CID728803,Prime SUV,Varthur,Langford Town,168.0,35.0,Not Applicable,Not Applicable,Yes,Customer Demand,942,Cash,35,4.6,4.7
2024-07-08 07:13:00,CNR5237733558,Success,CID521421,eBike,Bellandur,Hulimavu,154.0,55.0,Not Applicable,Not Applicable,No,Not Applicable,373,Cash,20,4.5,3.2
2024-07-03 17:51:00,CNR2991143282,Success,CID904650,Prime SUV,HSR Layout,Rajajinagar,42.0,105.0,Not Applicable,Not Applicable,No,Not Applicable,157,Cash,46,4.2,3.6
2024-07-05 21:11:00,CNR5333176051,Success,CID457032,Mini,KR Puram,Chickpet,140.0,65.0,Not Applicable,Not Applicable,No,Not Applicable,381,Cash,17,4.8,4.5
2024-07-26 16:06:00,CNR1523829115,Success,CID950091,Mini,Hennur,Shivajinagar,70.0,50.0,Not Applicable,Not Applicable,No,Not Applicable,358,UPI,25,4.9,3.4
2024-07-11 20:07:00,CNR6068774938,Success,CID989361,Bike,Vijayanagar,MG Road,182.0,75.0,Not Applicable,Not Applicable,No,Not Applicable,122,Cash,13,3.8,3.9
2024-07-21 06:52:00,CNR3472452179,Canceled by Driver,CID926934,eBike,Langford Town,MG Road,,,Not Applicable,Customer related issue,Not Applicable,Not Applicable,452,Not Applicable,0,,
2024-07-06 13:43:00,CNR3169314991,Driver Not Found,CID179866,eBike,Kadugodi,Marathahalli,,,Not Applicable,Not Applicable,Not Applicable,Not Applicable,793,Not Applicable,0,,
2024-07-13 07:47:00,CNR2339384055,Success,CID437397,Bike,Varthur,Rajajinagar,252.0,25.0,Not Applicable,Not Applicable,No,Not Applicable,350,UPI,45,4.5,4.2
2024-07-07 19:18:00,CNR1838101037,Canceled by Driver,CID611097,Mini,Peenya,Ulsoor,,,Not Applicable,More than permitted people in there,Not Applicable,Not Applicable,227,Not Applicable,0,,
2024-07-09 10:15:00,CNR2167804668,Success,CID173770,Auto,Ulsoor,Basavanagudi,224.0,130.0,Not Applicable,Not Applicable,No,Not Applicable,301,Cash,13,3.2,3.3
2024-07-19 06:20:00,CNR6403987037,Success,CID751708,eBike,Chickpet,Majestic,308.0,140.0,Not Applicable,Not Applicable,No,Not Applicable,232,UPI,25,3.3,3.6
2024-07-11 11:10:00,CNR9743558219,Success,CID230042,Prime Plus,Jayanagar,Majestic,42.0,75.0,Not Applicable,Not Applicable,No,Not Applicable,285,Cash,36,5.0,3.5
2024-07-09 20:17:00,CNR4669885272,Success,CID345105,Mini,Hulimavu,BTM Layout,112.0,60.0,Not Applicable,Not Applicable,No,Not Applicable,498,Cash,7,3.1,3.6
2024-07-23 10:01:00,CNR8695642061,Success,CID515785,Prime SUV,Rajajinagar,Langford Town,182.0,35.0,Not Applicable,Not Applicable,No,Not Applicable,432,Debit Card,16,4.7,3.8
2024-07-16 07:45:00,CNR8033253450,Driver Not Found,CID771718,eBike,Hosur Road,Langford Town,,,Not Applicable,Not Applicable,Not Applicable,Not Applicable,198,Not Applicable,0,,
2024-07-17 16:39:00,CNR9758712309,Success,CID178408,Prime SUV,Marathahalli,Bannerghatta Road,273.0,60.0,Not Applicable,Not Applicable,No,Not Applicable,250,Cash,47,4.2,3.9
2024-07-08 22:56:00,CNR1145078074,Success,CID921265,Prime SUV,Whitefield,Yeshwanthpur,266.0,130.0,Not Applicable,Not Applicable,No,Not Applicable,337,Cash,40,3.9,4.0
2024-07-01 00:50:00,CNR4095112488,Success,CID325641,Auto,Yeshwanthpur,Padmanabhanagar,294.0,115.0,Not Applicable,Not Applicable,No,Not Applicable,298,UPI,17,4.7,3.4
2024-07-04 05:39:00,CNR9732658973,Success,CID878973,Prime SUV,Padmanabhanagar,Vijayanagar,196.0,105.0,Not Applicable,Not Applicable,No,Not Applicable,748,UPI,28,3.9,4.2
2024-07-07 04:59:00,CNR6525497772,Success,CID174091,eBike,Padmanabhanagar,Indiranagar,259.0,70.0,Not Applicable,Not Applicable,No,Not Applicable,748,Cash,32,4.4,4.8
2024-07-16 02:43:00,CNR1054397974,Success,CID645398,Prime Plus,Whitefield,Chamarajpet,77.0,140.0,Not Applicable,Not Applicable,No,Not Applicable,621,Cash,1,3.3,4.3
2024-07-04 03:30:00,CNR2609602279,Success,CID228012,Prime Sedan,Magadi Road,Whitefield,154.0,130.0,Not Applicable,Not Applicable,No,Not Applicable,432,Cash,34,3.9,4.5
2024-07-16 07:38:00,CNR9063407303,Canceled by Customer,CID767929,eBike,Kammanahalli,Hulimavu,,,Driver is not moving towards pickup location,Not Applicable,Not Applicable,Not Applicable,330,Not Applicable,0,,
2024-07-25 21:17:00,CNR2527167308,Canceled by Customer,CID846362,eBike,Hosur Road,Cox Town,,,Driver asked to cancel,Not Applicable,Not Applicable,Not Applicable,966,Not Applicable,0,,
2024-07-24 19:51:00,CNR9254449258,Success,CID915262,Auto,Peenya,Padmanabhanagar,210.0,70.0,Not Applicable,Not Applicable,No,Not Applicable,395,UPI,14,3.9,3.4
2024-07-21 04:49:00,CNR7440222060,Success,CID887501,Prime Plus,Sahakar Nagar,Ramamurthy Nagar,245.0,85.0,Not Applicable,Not Applicable,No,Not Applicable,328,UPI,18,4.6,4.1
2024-07-11 17:39:00,CNR5769761050,Success,CID188416,Auto,Chickpet,Hulimavu,231.0,110.0,Not Applicable,Not Applicable,No,Not Applicable,674,Cash,14,4.9,4.7
2024-07-03 16:21:00,CNR6698506281,Canceled by Driver,CID768624,Prime Plus,Tumkur Road,Shantinagar,,,Not Applicable,Customer related issue,Not Applicable,Not Applicable,201,Not Applicable,0,,
2024-07-18 04:11:00,CNR6598317405,Success,CID103309,Mini,Marathahalli,Whitefield,168.0,140.0,Not Applicable,Not Applicable,Yes,Other Issue,741,Cash,31,4.3,3.5
2024-07-28 08:14:00,CNR3964950035,Success,CID382900,Prime Sedan,Koramangala,Bellandur,70.0,110.0,Not Applicable,Not Applicable,No,Not Applicable,466,UPI,23,3.3,3.7
2024-07-12 07:01:00,CNR2648261774,Canceled by Driver,CID158652,Bike,Tumkur Road,KR Puram,,,Not Applicable,More than permitted people in there,Not Applicable,Not Applicable,597,Not Applicable,0,,
2024-07-05 02:24:00,CNR3579435033,Success,CID487606,Bike,MG Road,RT Nagar,301.0,65.0,Not Applicable,Not Applicable,No,Not Applicable,247,Cash,2,3.8,3.0
2024-07-26 23:40:00,CNR8965532792,Success,CID142232,Auto,Electronic City,Padmanabhanagar,259.0,55.0,Not Applicable,Not Applicable,No,Not Applicable,386,Cash,16,3.7,4.8
2024-07-08 07:06:00,CNR7301140102,Success,CID584092,Bike,Jayanagar,Indiranagar,140.0,95.0,Not Applicable,Not Applicable,No,Not Applicable,478,UPI,19,4.3,4.4
2024-07-09 19:11:00,CNR4984647287,Canceled by Customer,CID565065,Prime Sedan,Sahakar Nagar,Hebbal,,,Change of plans,Not Applicable,Not Applicable,Not Applicable,436,Not Applicable,0,,
2024-07-23 23:42:00,CNR6023392208,Success,CID947744,Auto,Ramamurthy Nagar,Langford Town,63.0,145.0,Not Applicable,Not Applicable,No,Not Applicable,460,Debit Card,15,3.4,3.2
2024-07-11 02:55:00,CNR5245674566,Driver Not Found,CID719384,Prime Plus,Whitefield,Bannerghatta Road,,,Not Applicable,Not Applicable,Not Applicable,Not Applicable,188,Not Applicable,0,,
2024-07-09 15:29:00,CNR5017046812,Success,CID599043,Auto,Koramangala,JP Nagar,189.0,35.0,Not Applicable,Not Applicable,No,Not Applicable,420,UPI,19,4.2,3.3
2024-07-23 11:21:00,CNR8867481537,Success,CID860195,Auto,Sarjapur Road,Varthur,189.0,90.0,Not Applicable,Not Applicable,No,Not Applicable,392,UPI,11,4.2,4.5
2024-07-01 23:56:00,CNR9235211882,Canceled by Customer,CID882188,Auto,Electronic City,Hulimavu,,,Change of plans,Not Applicable,Not Applicable,Not Applicable,981,Not Applicable,0,,
2024-07-22 12:53:00,CNR1743528770,Success,CID351689,Prime Sedan,RT Nagar,Frazer Town,210.0,70.0,Not Applicable,Not Applicable,No,Not Applicable,1317,Cash,20,4.3,3.4
2024-07-04 19:33:00,CNR8882989130,Canceled by Driver,CID294517,eBike,Hulimavu,Basavanagudi,,,Not Applicable,Customer was coughing/sick,Not Applicable,Not Applicable,334,Not Applicable,0,,
2024-07-12 06:44:00,CNR2499557038,Success,CID815453,Mini,RT Nagar,Shantinagar,42.0,70.0,Not Applicable,Not Applicable,No,Not Applicable,376,Cash,34,4.6,3.2
2024-07-25 07:43:00,CNR4657133865,Success,CID864264,Prime Plus,Yeshwanthpur,Yelahanka,294.0,75.0,Not Applicable,Not Applicable,No,Not Applicable,142,UPI,7,3.4,3.6
2024-07-20 23:38:00,CNR3026720254,Success,CID499552,Prime SUV,Chamarajpet,Bellandur,196.0,80.0,Not Applicable,Not Applicable,No,Not Applicable,142,UPI,46,4.7,4.5
2024-07-14 06:01:00,CNR2906289227,Success,CID380340,Auto,Yelahanka,Frazer Town,231.0,40.0,Not Applicable,Not Applicable,No,Not Applicable,116,UPI,9,3.3,3.5
2024-07-05 17:56:00,CNR5120770654,Canceled by Driver,CID657424,Bike,Ramamurthy Nagar,Shantinagar,,,Not Applicable,More than permitted people in there,Not Applicable,Not Applicable,387,Not Applicable,0,,
2024-07-02 19:50:00,CNR8851724691,Canceled by Driver,CID508671,Prime SUV,Magadi Road,Cox Town,,,Not Applicable,Customer was coughing/sick,Not Applicable,Not Applicable,317,Not Applicable,0,,
2024-07-08 04:05:00,CNR3675796752,Canceled by Customer,CID936543,Prime Sedan,Electronic City,Padmanabhanagar,,,Change of plans,Not Applicable,Not Applicable,Not Applicable,436,Not Applicable,0,,
2024-07-20 23:16:00,CNR6036678401,Success,CID902975,eBike,Majestic,Hennur,63.0,45.0,Not Applicable,Not Applicable,No,Not Applicable,148,UPI,30,4.8,3.2
2024-07-28 08:11:00,CNR8156926208,Success,CID386564,Prime Plus,Marathahalli,Rajajinagar,126.0,50.0,Not Applicable,Not Applicable,No,Not Applicable,958,UPI,1,4.2,3.1
2024-07-13 12:09:00,CNR6500149849,Success,CID241156,Bike,Kadugodi,Mysore Road,98.0,130.0,Not Applicable,Not Applicable,No,Not Applicable,226,Cash,32,4.6,4.3
2024-07-06 05:07:00,CNR1239182358,Success,CID622968,Mini,Kammanahalli,Nagarbhavi,252.0,65.0,Not Applicable,Not Applicable,No,Not Applicable,992,UPI,49,4.3,4.4
2024-07-16 06:08:00,CNR9478054927,Success,CID838261,eBike,Sarjapur Road,Marathahalli,35.0,75.0,Not Applicable,Not Applicable,No,Not Applicable,298,UPI,2,4.4,3.6
2024-07-01 14:15:00,CNR5155493446,Driver Not Found,CID509292,Auto,KR Puram,Kengeri,,,Not Applicable,Not Applicable,Not Applicable,Not Applicable,2388,Not Applicable,0,,
2024-07-21 17:24:00,CNR2498031218,Success,CID860491,Prime SUV,Vijayanagar,Banashankari,189.0,125.0,Not Applicable,Not Applicable,No,Not Applicable,960,Cash,34,4.7,4.8
2024-07-29 13:32:00,CNR9391423793,Canceled by Driver,CID616965,eBike,Tumkur Road,Marathahalli,,,Not Applicable,More than permitted people in there,Not Applicable,Not Applicable,1443,Not Applicable,0,,
2024-07-23 10:44:00,CNR1274862772,Canceled by Customer,CID748643,Mini,Kadugodi,RT Nagar,,,Driver is not moving towards pickup location,Not Applicable,Not Applicable,Not Applicable,123,Not Applicable,0,,
2024-07-20 02:05:00,CNR3810299653,Canceled by Driver,CID335417,Mini,Whitefield,Devanahalli,,,Not Applicable,Customer was coughing/sick,Not Applicable,Not Applicable,208,Not Applicable,0,,
2024-07-11 23:31:00,CNR7989082646,Success,CID220514,Prime SUV,Hennur,Bellandur,238.0,95.0,Not Applicable,Not Applicable,No,Not Applicable,407,Cash,29,3.8,3.9
2024-07-29 06:53:00,CNR8954621447,Success,CID210183,Prime SUV,Yeshwanthpur,Indiranagar,238.0,105.0,Not Applicable,Not Applicable,No,Not Applicable,673,UPI,33,3.1,4.5
2024-07-20 17:03:00,CNR9102733624,Driver Not Found,CID738267,eBike,Chamarajpet,Varthur,,,Not Applicable,Not Applicable,Not Applicable,Not Applicable,1619,Not Applicable,0,,
2024-07-12 23:24:00,CNR9913991431,Canceled by Customer,CID477999,Prime Plus,Indiranagar,Yeshwanthpur,,,AC is Not working,Not Applicable,Not Applicable,Not Applicable,487,Not Applicable,0,,
2024-07-19 19:53:00,CNR5467423098,Canceled by Driver,CID277106,Bike,KR Puram,Rajajinagar,,,Not Applicable,Customer related issue,Not Applicable,Not Applicable,388,Not Applicable,0,,
2024-07-23 08:15:00,CNR2651886797,Canceled by Driver,CID178560,eBike,Basavanagudi,Indiranagar,,,Not Applicable,Customer was coughing/sick,Not Applicable,Not Applicable,985,Not Applicable,0,,
2024-07-07 23:11:00,CNR5430516297,Success,CID798703,Prime Plus,Cox Town,Peenya,210.0,145.0,Not Applicable,Not Applicable,No,Not Applicable,407,UPI,27,4.4,3.2
2024-07-10 21:44:00,CNR9850644519,Success,CID610170,Bike,Sarjapur Road,Bellandur,161.0,90.0,Not Applicable,Not Applicable,No,Not Applicable,325,Cash,49,4.6,4.9
2024-07-17 21:02:00,CNR5994208152,Success,CID195944,Prime Plus,Sahakar Nagar,Yeshwanthpur,273.0,65.0,Not Applicable,Not Applicable,No,Not Applicable,359,UPI,6,3.8,4.3
2024-07-23 09:33:00,CNR7198744178,Success,CID934158,eBike,Shantinagar,MG Road,308.0,105.0,Not Applicable,Not Applicable,No,Not Applicable,462,UPI,23,3.2,3.1
2024-07-25 01:34:00,CNR4873469681,Driver Not Found,CID122098,Auto,Tumkur Road,Kengeri,,,Not Applicable,Not Applicable,Not Applicable,Not Applicable,2737,Not Applicable,0,,
2024-07-27 01:59:00,CNR8707907782,Success,CID566686,Prime Plus,Hosur Road,Langford Town,294.0,85.0,Not Applicable,Not Applicable,No,Not Applicable,846,Cash,41,3.8,4.7
2024-07-30 10:24:00,CNR5604716408,Driver Not Found,CID462334,eBike,Hennur,Devanahalli,,,Not Applicable,Not Applicable,Not Applicable,Not Applicable,315,Not Applicable,0,,
2024-07-06 09:30:00,CNR5117841357,Success,CID718074,Bike,Chamarajpet,Devanahalli,63.0,25.0,Not Applicable,Not Applicable,No,Not Applicable,483,UPI,3,4.7,3.5
2024-07-02 20:52:00,CNR7761662736,Success,CID796684,Prime Plus,Hennur,Marathahalli,91.0,120.0,Not Applicable,Not Applicable,No,Not Applicable,155,UPI,21,3.2,4.7
2024-07-28 22:09:00,CNR3173372242,Success,CID908301,Prime Sedan,Padmanabhanagar,KR Puram,63.0,60.0,Not Applicable,Not Applicable,No,Not Applicable,351,UPI,14,3.1,3.3
2024-07-03 20:37:00,CNR3986473238,Success,CID180486,Mini,Frazer Town,MG Road,168.0,35.0,Not Applicable,Not Applicable,No,Not Applicable,769,Cash,14,4.1,3.7
2024-07-28 05:02:00,CNR1058546551,Canceled by Driver,CID582727,Mini,Hebbal,Malleshwaram,,,Not Applicable,Customer was coughing/sick,Not Applicable,Not Applicable,205,Not Applicable,0,,
2024-07-20 19:23:00,CNR5379874904,Success,CID238665,Bike,Hosur Road,Frazer Town,196.0,125.0,Not Applicable,Not Applicable,No,Not Applicable,271,UPI,31,4.1,3.9
2024-07-25 05:51:00,CNR7911489165,Success,CID828449,Prime Plus,Koramangala,Chamarajpet,224.0,145.0,Not Applicable,Not Applicable,No,Not Applicable,185,UPI,35,3.7,3.3
2024-07-03 09:16:00,CNR9868588433,Driver Not Found,CID980652,Bike,Cox Town,Marathahalli,,,Not Applicable,Not Applicable,Not Applicable,Not Applicable,138,Not Applicable,0,,
2024-07-23 10:39:00,CNR3560449910,Success,CID145641,Auto,Vijayanagar,Sarjapur Road,175.0,30.0,Not Applicable,Not Applicable,No,Not Applicable,366,UPI,6,4.6,4.9
2024-07-21 13:21:00,CNR8211142350,Success,CID314605,Bike,Shantinagar,Rajajinagar,98.0,60.0,Not Applicable,Not Applicable,No,Not Applicable,1288,UPI,11,4.7,3.8
2024-07-24 06:16:00,CNR8929419877,Canceled by Driver,CID957902,Prime Sedan,Chickpet,Yeshwanthpur,,,Not Applicable,More than permitted people in there,Not Applicable,Not Applicable,200,Not Applicable,0,,
2024-07-05 18:08:00,CNR5311141035,Canceled by Driver,CID735108,Prime Plus,Frazer Town,Indiranagar,,,Not Applicable,Personal & Car related issue,Not Applicable,Not Applicable,410,Not Applicable,0,,
2024-07-18 07:25:00,CNR5267994015,Success,CID117118,Prime SUV,Indiranagar,Rajajinagar,308.0,70.0,Not Applicable,Not Applicable,Yes,Customer Demand,838,UPI,17,4.0,3.1
2024-07-28 21:08:00,CNR1099587471,Driver Not Found,CID265793,Prime SUV,Mysore Road,Shantinagar,,,Not Applicable,Not Applicable,Not Applicable,Not Applicable,2559,Not Applicable,0,,
2024-07-03 13:01:00,CNR9228110917,Success,CID738806,Prime Plus,Cox Town,RT Nagar,175.0,120.0,Not Applicable,Not Applicable,No,Not Applicable,294,Cash,22,3.1,3.0
2024-07-12 09:16:00,CNR1220288995,Success,CID275775,Auto,Basavanagudi,Yelahanka,301.0,120.0,Not Applicable,Not Applicable,No,Not Applicable,413,UPI,11,3.7,4.7
2024-07-06 07:08:00,CNR6173396899,Success,CID696248,Prime Plus,Majestic,Hennur,126.0,95.0,Not Applicable,Not Applicable,No,Not Applicable,378,Cash,26,3.1,4.7
2024-07-11 05:41:00,CNR5661731618,Canceled by Driver,CID845199,Bike,Jayanagar,RT Nagar,,,Not Applicable,Customer was coughing/sick,Not Applicable,Not Applicable,2613,Not Applicable,0,,
2024-07-02 02:23:00,CNR3161877342,Success,CID685748,eBike,Hosur Road,Bannerghatta Road,35.0,90.0,Not Applicable,Not Applicable,No,Not Applicable,317,Credit Card,9,4.6,4.4
2024-07-27 07:19:00,CNR7900660766,Success,CID895233,Mini,Jayanagar,Tumkur Road,133.0,130.0,Not Applicable,Not Applicable,No,Not Applicable,348,Cash,39,4.4,3.4
2024-07-05 00:25:00,CNR2888022036,Success,CID974281,Prime Plus,Koramangala,Shivajinagar,63.0,95.0,Not Applicable,Not Applicable,No,Not Applicable,675,Cash,7,4.8,4.6
2024-07-24 10:13:00,CNR9031041945,Success,CID943081,Bike,Sarjapur Road,Marathahalli,259.0,50.0,Not Applicable,Not Applicable,No,Not Applicable,451,UPI,47,4.1,4.9
2024-07-28 12:13:00,CNR7087817208,Success,CID871210,eBike,Hosur Road,Frazer Town,168.0,50.0,Not Applicable,Not Applicable,No,Not Applicable,327,UPI,10,3.6,4.0
2024-07-13 01:38:00,CNR9347097110,Canceled by Customer,CID631894,Prime Plus,Indiranagar,Rajarajeshwari Nagar,,,Change of plans,Not Applicable,Not Applicable,Not Applicable,925,Not Applicable,0,,
2024-07-14 15:48:00,CNR7544871516,Success,CID374926,Prime SUV,Langford Town,Hennur,105.0,130.0,Not Applicable,Not Applicable,No,Not Applicable,2971,Cash,21,3.6,4.7
2024-07-18 01:48:00,CNR4274613121,Canceled by Driver,CID476762,Mini,Ramamurthy Nagar,Hosur Road,,,Not Applicable,More than permitted people in there,Not Applicable,Not Applicable,228,Not Applicable,0,,
2024-07-06 04:16:00,CNR6419661453,Canceled by Customer,CID885276,Auto,Kengeri,Bellandur,,,Wrong Address,Not Applicable,Not Applicable,Not Applicable,182,Not Applicable,0,,
2024-07-29 06:59:00,CNR6591368189,Canceled by Driver,CID927800,Prime Plus,Jayanagar,Shantinagar,,,Not Applicable,Customer related issue,Not Applicable,Not Applicable,274,Not Applicable,0,,
2024-07-24 09:40:00,CNR5823289614,Driver Not Found,CID143195,Prime Sedan,Whitefield,Nagarbhavi,,,Not Applicable,Not Applicable,Not Applicable,Not Applicable,561,Not Applicable,0,,
2024-07-11 06:19:00,CNR4930087028,Canceled by Customer,CID745867,Bike,Tumkur Road,Rajajinagar,,,Driver asked to cancel,Not Applicable,Not Applicable,Not Applicable,436,Not Applicable,0,,
2024-07-24 18:00:00,CNR7039370420,Success,CID977662,Mini,Jayanagar,Langford Town,266.0,30.0,Not Applicable,Not Applicable,No,Not Applicable,117,UPI,1,3.6,3.3
2024-07-25 07:52:00,CNR6446426944,Canceled by Driver,CID320318,Bike,Koramangala,Frazer Town,,,Not Applicable,Personal & Car related issue,Not Applicable,Not Applicable,232,Not Applicable,0,,
2024-07-18 01:51:00,CNR9027076574,Success,CID358013,Auto,Bannerghatta Road,Ulsoor,140.0,25.0,Not Applicable,Not Applicable,No,Not Applicable,372,UPI,19,4.1,4.5
2024-07-29 06:59:00,CNR9717840338,Success,CID877237,eBike,Majestic,Shivajinagar,301.0,110.0,Not Applicable,Not Applicable,No,Not Applicable,1128,UPI,36,4.2,3.2
2024-07-09 20:08:00,CNR4582843655,Success,CID849434,Prime SUV,Magadi Road,Nagarbhavi,273.0,120.0,Not Applicable,Not Applicable,No,Not Applicable,475,Cash,5,4.9,4.1
2024-07-04 17:20:00,CNR9386859490,Success,CID254866,Auto,Tumkur Road,Basavanagudi,63.0,40.0,Not Applicable,Not Applicable,No,Not Applicable,644,UPI,12,4.3,4.4
2024-07-07 17:28:00,CNR8547949511,Driver Not Found,CID568725,Prime SUV,Richmond Town,Koramangala,,,Not Applicable,Not Applicable,Not Applicable,Not Applicable,429,Not Applicable,0,,
2024-07-30 08:19:00,CNR2104830363,Canceled by Customer,CID829221,Mini,Kengeri,Mysore Road,,,Driver is not moving towards pickup location,Not Applicable,Not Applicable,Not Applicable,1012,Not Applicable,0,,
2024-07-13 16:21:00,CNR3162230462,Success,CID919299,Mini,Hosur Road,Rajajinagar,105.0,30.0,Not Applicable,Not Applicable,No,Not Applicable,2171,Cash,4,3.9,3.7
2024-07-18 19:10:00,CNR8869294159,Success,CID474045,Prime Plus,JP Nagar,JP Nagar,259.0,125.0,Not Applicable,Not Applicable,No,Not Applicable,105,Credit Card,15,3.6,3.6
2024-07-12 05:19:00,CNR8816681192,Success,CID857354,Prime Sedan,BTM Layout,Shivajinagar,105.0,60.0,Not Applicable,Not Applicable,Yes,Vehicle Breakdown,434,UPI,21,3.3,3.5
2024-07-19 12:40:00,CNR1537740713,Canceled by Driver,CID275103,Prime Sedan,Whitefield,Kengeri,,,Not Applicable,Customer was coughing/sick,Not Applicable,Not Applicable,221,Not Applicable,0,,
2024-07-11 23:39:00,CNR4432130276,Success,CID139159,Prime Sedan,Bannerghatta Road,Hennur,161.0,100.0,Not Applicable,Not Applicable,No,Not Applicable,408,Cash,39,4.2,3.6
2024-07-10 14:28:00,CNR5774969110,Success,CID254732,Auto,Hulimavu,Jayanagar,224.0,115.0,Not Applicable,Not Applicable,No,Not Applicable,230,Cash,12,3.8,3.5
2024-07-25 09:46:00,CNR7492875702,Canceled by Driver,CID688368,Auto,Sarjapur Road,MG Road,,,Not Applicable,Personal & Car related issue,Not Applicable,Not Applicable,115,Not Applicable,0,,
2024-07-22 21:44:00,CNR8869823585,Success,CID168052,Prime Plus,RT Nagar,Cox Town,189.0,60.0,Not Applicable,Not Applicable,No,Not Applicable,654,UPI,25,5.0,3.9
2024-07-09 17:29:00,CNR1882289216,Success,CID772199,Prime Plus,Kengeri,Hosur Road,56.0,90.0,Not Applicable,Not Applicable,No,Not Applicable,419,Cash,36,4.3,4.8
2024-07-21 14:23:00,CNR3233333157,Canceled by Driver,CID915597,Mini,Cox Town,Padmanabhanagar,,,Not Applicable,Personal & Car related issue,Not Applicable,Not Applicable,316,Not Applicable,0,,
2024-07-24 10:39:00,CNR9174556803,Success,CID622302,Prime Plus,Sarjapur Road,Langford Town,105.0,30.0,Not Applicable,Not Applicable,No,Not Applicable,309,UPI,38,4.4,4.3
2024-07-01 20:35:00,CNR6737527979,Success,CID928437,Auto,Bannerghatta Road,Tumkur Road,147.0,45.0,Not Applicable,Not Applicable,No,Not Applicable,726,Cash,19,3.9,4.1
2024-07-13 14:10:00,CNR2459599239,Success,CID413901,eBike,Peenya,KR Puram,210.0,60.0,Not Applicable,Not Applicable,No,Not Applicable,709,Cash,22,3.1,4.2
2024-07-15 18:17:00,CNR8965541932,Success,CID876264,Mini,Yeshwanthpur,Marathahalli,203.0,85.0,Not Applicable,Not Applicable,No,Not Applicable,198,Cash,31,3.3,4.5
2024-07-29 04:49:00,CNR9996924045,Success,CID799197,Mini,MG Road,Kadugodi,77.0,135.0,Not Applicable,Not Applicable,No,Not Applicable,145,Cash,24,4.6,4.6
2024-07-09 08:14:00,CNR5429835114,Canceled by Customer,CID504223,Bike,Hosur Road,RT Nagar,,,Driver asked to cancel,Not Applicable,Not Applicable,Not Applicable,146,Not Applicable,0,,
2024-07-07 07:46:00,CNR3875116868,Success,CID527731,Prime Plus,KR Puram,Bellandur,245.0,50.0,Not Applicable,Not Applicable,No,Not Applicable,363,Cash,41,4.7,4.2
2024-07-04 17:15:00,CNR6105783809,Canceled by Customer,CID971183,Prime Plus,Sahakar Nagar,Langford Town,,,Change of plans,Not Applicable,Not Applicable,Not Applicable,814,Not Applicable,0,,
2024-07-23 13:37:00,CNR1063541879,Canceled by Customer,CID646969,Mini,Kammanahalli,HSR Layout,,,Change of plans,Not Applicable,Not Applicable,Not Applicable,278,Not Applicable,0,,
2024-07-13 01:33:00,CNR2958555662,Success,CID151940,Prime Sedan,Majestic,Peenya,70.0,65.0,Not Applicable,Not Applicable,No,Not Applicable,286,Cash,26,3.6,4.6
2024-07-03 21:51:00,CNR3244773786,Success,CID745048,Prime Sedan,Yeshwanthpur,Tumkur Road,203.0,130.0,Not Applicable,Not Applicable,No,Not Applicable,724,Cash,28,3.2,5.0
2024-07-17 21:59:00,CNR8887332332,Success,CID261793,eBike,Kengeri,Mysore Road,224.0,135.0,Not Applicable,Not Applicable,No,Not Applicable,180,UPI,48,4.2,3.1
2024-07-09 03:39:00,CNR3698346129,Success,CID596045,Bike,Tumkur Road,Majestic,35.0,120.0,Not Applicable,Not Applicable,No,Not Applicable,211,Cash,26,3.6,3.7
2024-07-08 06:18:00,CNR7860491578,Success,CID257584,Prime Sedan,Nagarbhavi,Langford Town,175.0,85.0,Not Applicable,Not Applicable,No,Not Applicable,569,Cash,29,4.4,3.1
2024-07-10 12:12:00,CNR4089118156,Success,CID551142,Prime Sedan,Yelahanka,Richmond Town,126.0,80.0,Not Applicable,Not Applicable,No,Not Applicable,397,Cash,25,5.0,4.3
2024-07-26 13:30:00,CNR6725727544,Success,CID727062,Mini,Chickpet,Yelahanka,112.0,85.0,Not Applicable,Not Applicable,No,Not Applicable,236,Cash,35,4.7,4.8
2024-07-13 17:44:00,CNR9506160076,Success,CID261627,Auto,Shivajinagar,Whitefield,161.0,105.0,Not Applicable,Not Applicable,No,Not Applicable,209,Cash,1,3.3,3.5
2024-07-13 04:23:00,CNR2280208345,Canceled by Customer,CID720613,Auto,Varthur,BTM Layout,,,Driver asked to cancel,Not Applicable,Not Applicable,Not Applicable,270,Not Applicable,0,,
2024-07-21 03:26:00,CNR1749608277,Success,CID470008,Prime Plus,Magadi Road,Electronic City,175.0,95.0,Not Applicable,Not Applicable,No,Not Applicable,488,UPI,17,3.9,3.3
2024-07-04 04:29:00,CNR4883843509,Success,CID339140,Prime Sedan,Langford Town,Kengeri,70.0,45.0,Not Applicable,Not Applicable,No,Not Applicable,289,Credit Card,42,4.6,4.2
2024-07-05 23:28:00,CNR8363548334,Success,CID985514,eBike,Vijayanagar,Bellandur,140.0,95.0,Not Applicable,Not Applicable,No,Not Applicable,633,UPI,31,4.2,3.9
2024-07-12 17:21:00,CNR5921205969,Success,CID780242,Mini,Electronic City,Kengeri,252.0,60.0,Not Applicable,Not Applicable,No,Not Applicable,460,Cash,48,3.9,3.6
2024-07-08 18:41:00,CNR8038536142,Success,CID756947,Bike,Langford Town,Vijayanagar,42.0,140.0,Not Applicable,Not Applicable,No,Not Applicable,245,Cash,11,4.2,4.4
2024-07-21 18:44:00,CNR1499415287,Success,CID687976,Prime Plus,Tumkur Road,Kengeri,266.0,135.0,Not Applicable,Not Applicable,No,Not Applicable,510,Cash,5,4.0,4.2
2024-07-12 09:15:00,CNR8895407575,Success,CID915829,Bike,Peenya,Rajarajeshwari Nagar,245.0,55.0,Not Applicable,Not Applicable,No,Not Applicable,401,Cash,38,4.4,4.7
2024-07-21 20:43:00,CNR4789913277,Success,CID464756,Prime Sedan,Marathahalli,Jayanagar,259.0,60.0,Not Applicable,Not Applicable,No,Not Applicable,414,Cash,37,4.0,4.2
2024-07-15 22:20:00,CNR4553040629,Success,CID217528,Prime SUV,Hulimavu,Tumkur Road,308.0,110.0,Not Applicable,Not Applicable,No,Not Applicable,168,Cash,3,4.3,4.1
2024-07-20 16:51:00,CNR1852174945,Success,CID973652,eBike,MG Road,Padmanabhanagar,210.0,100.0,Not Applicable,Not Applicable,No,Not Applicable,134,Cash,10,4.5,3.4
2024-07-30 17:32:00,CNR3447427398,Driver Not Found,CID212805,Auto,Marathahalli,Ulsoor,,,Not Applicable,Not Applicable,Not Applicable,Not Applicable,328,Not Applicable,0,,
2024-07-19 03:21:00,CNR3641061250,Success,CID317757,Auto,HSR Layout,Banashankari,245.0,140.0,Not Applicable,Not Applicable,No,Not Applicable,336,UPI,18,4.0,3.4
2024-07-28 03:00:00,CNR8133176342,Success,CID266931,Auto,Marathahalli,Padmanabhanagar,210.0,55.0,Not Applicable,Not Applicable,No,Not Applicable,407,Cash,5,3.5,3.3
2024-07-06 22:58:00,CNR4405497047,Driver Not Found,CID122021,Bike,KR Puram,RT Nagar,,,Not Applicable,Not Applicable,Not Applicable,Not Applicable,101,Not Applicable,0,,
2024-07-02 07:08:00,CNR9350026565,Canceled by Driver,CID362621,Bike,Ramamurthy Nagar,Padmanabhanagar,,,Not Applicable,Personal & Car related issue,Not Applicable,Not Applicable,152,Not Applicable,0,,
2024-07-04 05:02:00,CNR1439461275,Success,CID213298,Prime Plus,Peenya,Frazer Town,273.0,85.0,Not Applicable,Not Applicable,No,Not Applicable,183,Cash,8,4.3,3.4
2024-07-13 07:50:00,CNR4743419173,Success,CID194219,Auto,Rajarajeshwari Nagar,Mysore Road,175.0,80.0,Not Applicable,Not Applicable,No,Not Applicable,264,Credit Card,13,3.3,3.3
2024-07-17 21:48:00,CNR6578390326,Success,CID806727,Mini,Hulimavu,Indiranagar,280.0,80.0,Not Applicable,Not Applicable,No,Not Applicable,431,UPI,18,3.2,3.2
2024-07-09 07:49:00,CNR5335169210,Driver Not Found,CID902621,Auto,Indiranagar,Sarjapur Road,,,Not Applicable,Not Applicable,Not Applicable,Not Applicable,220,Not Applicable,0,,
2024-07-16 17:16:00,CNR4142995515,Success,CID294906,Prime SUV,Banashankari,Mysore Road,42.0,40.0,Not Applicable,Not Applicable,No,Not Applicable,483,Cash,39,4.8,4.4
2024-07-19 10:17:00,CNR4167732428,Success,CID987761,Auto,Richmond Town,Rajajinagar,49.0,30.0,Not Applicable,Not Applicable,Yes,Customer Demand,2509,UPI,8,3.9,3.8
2024-07-09 06:05:00,CNR9752581859,Success,CID214148,Bike,Chickpet,MG Road,182.0,70.0,Not Applicable,Not Applicable,No,Not Applicable,2584,UPI,4,4.9,5.0
2024-07-14 05:57:00,CNR2011751984,Success,CID356511,Prime SUV,Tumkur Road,BTM Layout,294.0,65.0,Not Applicable,Not Applicable,No,Not Applicable,449,Cash,38,3.7,3.4
2024-07-15 04:37:00,CNR3517475970,Success,CID164620,Auto,Frazer Town,Rajajinagar,259.0,30.0,Not Applicable,Not Applicable,No,Not Applicable,316,UPI,14,3.4,3.1
2024-07-28 16:03:00,CNR5804315731,Canceled by Driver,CID770809,Auto,Hulimavu,Yelahanka,,,Not Applicable,Personal & Car related issue,Not Applicable,Not Applicable,109,Not Applicable,0,,
2024-07-12 02:18:00,CNR4636469088,Success,CID790175,Bike,HSR Layout,Shivajinagar,175.0,55.0,Not Applicable,Not Applicable,No,Not Applicable,2288,UPI,24,4.7,3.8
2024-07-06 04:02:00,CNR2876196008,Success,CID866374,Prime Plus,Cox Town,Majestic,301.0,130.0,Not Applicable,Not Applicable,No,Not Applicable,160,UPI,20,4.0,4.7
2024-07-25 06:55:00,CNR7844015255,Driver Not Found,CID385064,Prime SUV,Magadi Road,Peenya,,,Not Applicable,Not Applicable,Not Applicable,Not Applicable,299,Not Applicable,0,,
2024-07-15 20:23:00,CNR5654970408,Success,CID611812,Auto,Jayanagar,Indiranagar,210.0,140.0,Not Applicable,Not Applicable,No,Not Applicable,543,Cash,15,3.4,4.0
2024-07-16 16:56:00,CNR3921303074,Success,CID373233,Prime Plus,Banashankari,Banashankari,49.0,120.0,Not Applicable,Not Applicable,No,Not Applicable,1106,UPI,44,4.3,3.1
2024-07-13 15:24:00,CNR5453452919,Driver Not Found,CID415762,Bike,Hebbal,Marathahalli,,,Not Applicable,Not Applicable,Not Applicable,Not Applicable,488,Not Applicable,0,,
2024-07-28 04:18:00,CNR8563862150,Success,CID619527,Mini,Rajajinagar,Ulsoor,231.0,110.0,Not Applicable,Not Applicable,Yes,Customer Demand,188,Cash,46,4.5,3.1
2024-07-08 19:50:00,CNR8090402112,Success,CID873725,Mini,Yeshwanthpur,Vijayanagar,112.0,50.0,Not Applicable,Not Applicable,No,Not Applicable,741,Cash,26,4.9,4.0
2024-07-11 21:39:00,CNR6232352292,Canceled by Driver,CID320488,Mini,Magadi Road,Hennur,,,Not Applicable,Customer related issue,Not Applicable,Not Applicable,2197,Not Applicable,0,,
2024-07-21 05:45:00,CNR6664179869,Canceled by Customer,CID949649,Bike,Koramangala,JP Nagar,,,Driver is not moving towards pickup location,Not Applicable,Not Applicable,Not Applicable,974,Not Applicable,0,,
2024-07-14 13:52:00,CNR3480739142,Success,CID464023,Prime Plus,Hebbal,Cox Town,154.0,40.0,Not Applicable,Not Applicable,No,Not Applicable,371,Cash,36,3.7,3.7
2024-07-16 23:21:00,CNR2730715384,Success,CID238816,eBike,Chickpet,Frazer Town,203.0,90.0,Not Applicable,Not Applicable,No,Not Applicable,364,UPI,32,4.3,3.8
2024-07-17 07:52:00,CNR4488966901,Success,CID345738,Prime Plus,Kengeri,KR Puram,217.0,95.0,Not Applicable,Not Applicable,No,Not Applicable,455,Cash,23,4.2,3.0
2024-07-23 15:49:00,CNR2833846603,Canceled by Driver,CID264159,Mini,Devanahalli,Varthur,,,Not Applicable,Personal & Car related issue,Not Applicable,Not Applicable,208,Not Applicable,0,,
2024-07-01 09:52:00,CNR3651920614,Success,CID571031,Mini,Peenya,Sahakar Nagar,210.0,125.0,Not Applicable,Not Applicable,No,Not Applicable,342,UPI,29,4.6,4.7
2024-07-02 14:49:00,CNR1459033423,Canceled by Customer,CID511694,Prime SUV,Ramamurthy Nagar,Whitefield,,,Driver asked to cancel,Not Applicable,Not Applicable,Not Applicable,281,Not Applicable,0,,
2024-07-04 15:05:00,CNR2049954003,Success,CID566490,Bike,Nagarbhavi,Richmond Town,273.0,80.0,Not Applicable,Not Applicable,No,Not Applicable,633,UPI,19,4.3,3.2
2024-07-23 11:50:00,CNR4061134381,Success,CID850688,Prime SUV,Bannerghatta Road,Mysore Road,119.0,105.0,Not Applicable,Not Applicable,No,Not Applicable,124,Cash,43,3.0,3.7
2024-07-10 08:35:00,CNR1011873021,Success,CID920033,Prime Sedan,Kengeri,Nagarbhavi,203.0,95.0,Not Applicable,Not Applicable,No,Not Applicable,991,Cash,37,4.8,3.7
2024-07-06 08:48:00,CNR3374600271,Canceled by Customer,CID555558,Bike,Ulsoor,Tumkur Road,,,Change of plans,Not Applicable,Not Applicable,Not Applicable,357,Not Applicable,0,,
2024-07-19 08:07:00,CNR6469895165,Success,CID155800,Mini,Majestic,Vijayanagar,49.0,110.0,Not Applicable,Not Applicable,No,Not Applicable,264,Cash,35,3.6,4.7
2024-07-03 12:48:00,CNR9004637405,Success,CID682581,eBike,MG Road,Rajajinagar,301.0,135.0,Not Applicable,Not Applicable,No,Not Applicable,104,Cash,28,3.2,4.7
2024-07-22 04:59:00,CNR5972794913,Canceled by Customer,CID399308,Prime Sedan,Hulimavu,Devanahalli,,,Driver asked to cancel,Not Applicable,Not Applicable,Not Applicable,242,Not Applicable,0,,
2024-07-11 02:56:00,CNR4677739398,Success,CID206243,Bike,KR Puram,Kengeri,91.0,110.0,Not Applicable,Not Applicable,No,Not Applicable,464,Cash,18,3.8,3.6
2024-07-01 05:22:00,CNR5248795516,Driver Not Found,CID908099,Prime SUV,Cox Town,Shivajinagar,,,Not Applicable,Not Applicable,Not Applicable,Not Applicable,266,Not Applicable,0,,
2024-07-10 06:10:00,CNR5177579580,Canceled by Customer,CID247241,Prime Plus,RT Nagar,Kadugodi,,,Driver asked to cancel,Not Applicable,Not Applicable,Not Applicable,421,Not Applicable,0,,
2024-07-09 03:00:00,CNR9539572242,Success,CID626739,Prime SUV,JP Nagar,Shantinagar,91.0,105.0,Not Applicable,Not Applicable,No,Not Applicable,422,UPI,11,3.8,3.2
2024-07-17 01:02:00,CNR4965965150,Driver Not Found,CID192274,Auto,Peenya,Kammanahalli,,,Not Applicable,Not Applicable,Not Applicable,Not Applicable,539,Not Applicable,0,,
2024-07-18 10:35:00,CNR2616982602,Driver Not Found,CID756217,Auto,Chamarajpet,BTM Layout,,,Not Applicable,Not Applicable,Not Applicable,Not Applicable,2031,Not Applicable,0,,
2024-07-30 03:29:00,CNR4301611571,Success,CID680320,Prime SUV,Ulsoor,Jayanagar,77.0,65.0,Not Applicable,Not Applicable,No,Not Applicable,2209,Cash,40,4.2,4.4
2024-07-29 09:36:00,CNR7010116307,Success,CID200294,Prime Sedan,Basavanagudi,MG Road,301.0,100.0,Not Applicable,Not Applicable,No,Not Applicable,813,Cash,5,3.5,4.7
2024-07-29 15:38:00,CNR7011049788,Success,CID344681,Mini,Frazer Town,Sarjapur Road,280.0,30.0,Not Applicable,Not Applicable,No,Not Applicable,739,Cash,43,4.6,3.7
2024-07-19 01:37:00,CNR6608938365,Success,CID746455,Prime Sedan,Hulimavu,Peenya,273.0,145.0,Not Applicable,Not Applicable,No,Not Applicable,845,UPI,11,3.8,4.8
2024-07-20 11:35:00,CNR3436114341,Success,CID281826,eBike,Marathahalli,Jayanagar,168.0,40.0,Not Applicable,Not Applicable,No,Not Applicable,185,Cash,15,3.6,3.5
2024-07-19 21:52:00,CNR8869465071,Success,CID961628,Bike,Whitefield,MG Road,84.0,100.0,Not Applicable,Not Applicable,No,Not Applicable,910,UPI,33,4.4,3.4
2024-07-12 07:56:00,CNR7502123064,Driver Not Found,CID887667,Mini,Sahakar Nagar,Jayanagar,,,Not Applicable,Not Applicable,Not Applicable,Not Applicable,328,Not Applicable,0,,
2024-07-15 01:08:00,CNR8072234152,Success,CID214586,Auto,Varthur,Kammanahalli,112.0,90.0,Not Applicable,Not Applicable,No,Not Applicable,245,UPI,14,3.6,4.7
2024-07-17 22:55:00,CNR2852884032,Success,CID788673,Bike,Magadi Road,Frazer Town,175.0,135.0,Not Applicable,Not Applicable,No,Not Applicable,438,Cash,22,4.9,3.1
2024-07-05 07:37:00,CNR1431508603,Success,CID793952,Auto,Padmanabhanagar,Vijayanagar,196.0,75.0,Not Applicable,Not Applicable,No,Not Applicable,400,Cash,11,4.7,4.7
2024-07-12 06:51:00,CNR4547901212,Canceled by Driver,CID870148,Auto,Banashankari,Marathahalli,,,Not Applicable,More than permitted people in there,Not Applicable,Not Applicable,480,Not Applicable,0,,
2024-07-25 06:05:00,CNR3562475169,Success,CID273462,eBike,KR Puram,Hulimavu,84.0,30.0,Not Applicable,Not Applicable,No,Not Applicable,164,Cash,22,4.9,3.5
2024-07-02 22:08:00,CNR9455610296,Success,CID705001,Bike,Magadi Road,Sarjapur Road,182.0,145.0,Not Applicable,Not Applicable,No,Not Applicable,767,Cash,32,4.2,3.6
2024-07-01 02:39:00,CNR4214299379,Success,CID693677,Bike,Yelahanka,Frazer Town,182.0,45.0,Not Applicable,Not Applicable,No,Not Applicable,334,UPI,25,4.4,3.2
2024-07-12 15:17:00,CNR4149647844,Canceled by Driver,CID286947,Prime Plus,Hennur,Vijayanagar,,,Not Applicable,Personal & Car related issue,Not Applicable,Not Applicable,288,Not Applicable,0,,
2024-07-02 14:42:00,CNR6325354163,Success,CID697307,Auto,JP Nagar,Mysore Road,182.0,60.0,Not Applicable,Not Applicable,No,Not Applicable,989,UPI,1,3.2,3.1
2024-07-10 20:02:00,CNR6926175969,Success,CID833319,Prime SUV,Chickpet,Mysore Road,182.0,90.0,Not Applicable,Not Applicable,No,Not Applicable,324,UPI,35,4.0,3.1
2024-07-14 23:26:00,CNR6392246070,Success,CID645355,Prime Plus,Yeshwanthpur,Hosur Road,238.0,135.0,Not Applicable,Not Applicable,No,Not Applicable,196,UPI,44,4.1,3.3
2024-07-02 07:31:00,CNR9218038145,Canceled by Driver,CID360724,Prime SUV,Sarjapur Road,Hebbal,,,Not Applicable,Customer related issue,Not Applicable,Not Applicable,116,Not Applicable,0,,
2024-07-08 14:40:00,CNR6100146739,Canceled by Driver,CID625230,Mini,Jayanagar,Sahakar Nagar,,,Not Applicable,Customer related issue,Not Applicable,Not Applicable,341,Not Applicable,0,,
2024-07-06 09:28:00,CNR9716048084,Success,CID162680,Prime SUV,Varthur,JP Nagar,175.0,100.0,Not Applicable,Not Applicable,Yes,Other Issue,864,Cash,34,3.3,3.3
2024-07-17 02:38:00,CNR3004714623,Success,CID374103,eBike,MG Road,Koramangala,280.0,25.0,Not Applicable,Not Applicable,No,Not Applicable,107,Cash,21,4.3,4.8
2024-07-26 06:59:00,CNR1299618599,Success,CID786003,Prime SUV,Hosur Road,Hulimavu,119.0,105.0,Not Applicable,Not Applicable,No,Not Applicable,130,UPI,42,3.2,4.5
2024-07-04 05:17:00,CNR4721464131,Success,CID567148,Prime Sedan,Basavanagudi,Shivajinagar,259.0,25.0,Not Applicable,Not Applicable,No,Not Applicable,151,Cash,31,4.6,3.0
2024-07-14 03:33:00,CNR3189504682,Success,CID763521,Prime Plus,Indiranagar,Kammanahalli,168.0,120.0,Not Applicable,Not Applicable,No,Not Applicable,772,Cash,39,3.3,4.2
2024-07-08 16:03:00,CNR8820830771,Canceled by Customer,CID398868,eBike,Marathahalli,Tumkur Road,,,Wrong Address,Not Applicable,Not Applicable,Not Applicable,294,Not Applicable,0,,
2024-07-09 08:18:00,CNR9205646400,Success,CID958231,Prime SUV,Electronic City,Cox Town,273.0,35.0,Not Applicable,Not Applicable,No,Not Applicable,227,Cash,27,4.0,3.7
2024-07-18 15:51:00,CNR1729913837,Success,CID644676,Bike,Devanahalli,Magadi Road,105.0,70.0,Not Applicable,Not Applicable,No,Not Applicable,965,UPI,49,4.6,3.1
2024-07-24 17:58:00,CNR6385337935,Success,CID157088,Auto,Peenya,Bellandur,259.0,140.0,Not Applicable,Not Applicable,Yes,Customer Demand,2996,Cash,11,4.4,3.9
2024-07-07 13:12:00,CNR4299614547,Canceled by Customer,CID611244,Prime SUV,Bellandur,Electronic City,,,Driver asked to cancel,Not Applicable,Not Applicable,Not Applicable,448,Not Applicable,0,,
2024-07-26 19:45:00,CNR9430497904,Success,CID452150,Auto,Banashankari,Peenya,49.0,135.0,Not Applicable,Not Applicable,No,Not Applicable,808,Cash,10,4.1,4.2
2024-07-04 19:18:00,CNR1075588766,Success,CID572764,Prime SUV,Chickpet,Whitefield,294.0,105.0,Not Applicable,Not Applicable,No,Not Applicable,797,Cash,25,4.8,3.1
2024-07-20 23:53:00,CNR4831168432,Canceled by Customer,CID627292,Mini,Rajajinagar,Mysore Road,,,Driver asked to cancel,Not Applicable,Not Applicable,Not Applicable,686,Not Applicable,0,,
2024-07-20 08:53:00,CNR5414380514,Success,CID358028,Mini,BTM Layout,Jayanagar,140.0,70.0,Not Applicable,Not Applicable,No,Not Applicable,198,UPI,39,4.4,3.4
2024-07-15 07:26:00,CNR2597160940,Success,CID296076,eBike,Electronic City,Peenya,231.0,115.0,Not Applicable,Not Applicable,No,Not Applicable,324,UPI,1,4.8,3.3
2024-07-05 18:16:00,CNR6182289233,Canceled by Driver,CID235204,Mini,Peenya,Frazer Town,,,Not Applicable,Customer was coughing/sick,Not Applicable,Not Applicable,1921,Not Applicable,0,,
2024-07-22 14:46:00,CNR6302380695,Success,CID744712,Prime Sedan,Ulsoor,Kammanahalli,301.0,50.0,Not Applicable,Not Applicable,No,Not Applicable,698,UPI,20,4.6,4.9
2024-07-21 09:04:00,CNR5654825786,Success,CID401604,Prime SUV,HSR Layout,Rajajinagar,308.0,105.0,Not Applicable,Not Applicable,No,Not Applicable,244,Cash,36,3.7,3.5
2024-07-17 00:43:00,CNR8654680981,Success,CID961108,Prime Sedan,KR Puram,Chickpet,308.0,80.0,Not Applicable,Not Applicable,No,Not Applicable,483,Cash,24,4.5,3.3
2024-07-14 13:16:00,CNR7611781661,Success,CID493265,Prime Plus,Frazer Town,Bannerghatta Road,259.0,110.0,Not Applicable,Not Applicable,No,Not Applicable,212,Cash,4,4.6,4.7
2024-07-23 20:10:00,CNR9304437890,Canceled by Driver,CID560764,eBike,HSR Layout,Ramamurthy Nagar,,,Not Applicable,Customer related issue,Not Applicable,Not Applicable,272,Not Applicable,0,,
2024-07-10 13:33:00,CNR8750610267,Success,CID620492,eBike,Shantinagar,Sahakar Nagar,133.0,135.0,Not Applicable,Not Applicable,No,Not Applicable,503,UPI,49,3.9,4.7
2024-07-15 01:19:00,CNR7726259584,Success,CID206324,Auto,Nagarbhavi,Rajarajeshwari Nagar,91.0,25.0,Not Applicable,Not Applicable,No,Not Applicable,274,UPI,4,4.4,4.8
2024-07-26 02:12:00,CNR4356010181,Success,CID342011,Prime SUV,Shantinagar,Ramamurthy Nagar,98.0,135.0,Not Applicable,Not Applicable,No,Not Applicable,917,Cash,1,4.1,3.0
2024-07-19 23:44:00,CNR1379685273,Success,CID543923,Bike,Yelahanka,Devanahalli,105.0,115.0,Not Applicable,Not Applicable,No,Not Applicable,105,Cash,43,3.6,3.3
2024-07-16 22:57:00,CNR6048507111,Canceled by Driver,CID244700,Auto,Rajajinagar,Kengeri,,,Not Applicable,Customer was coughing/sick,Not Applicable,Not Applicable,219,Not Applicable,0,,
2024-07-27 00:07:00,CNR8542373287,Success,CID860524,eBike,Malleshwaram,Chamarajpet,133.0,100.0,Not Applicable,Not Applicable,No,Not Applicable,166,Cash,18,4.6,3.4
2024-07-16 05:46:00,CNR5206230984,Success,CID235565,Prime Sedan,Ramamurthy Nagar,Nagarbhavi,189.0,135.0,Not Applicable,Not Applicable,No,Not Applicable,365,Cash,2,3.0,3.7
2024-07-17 12:19:00,CNR8984325946,Driver Not Found,CID562787,Prime Plus,Rajajinagar,Varthur,,,Not Applicable,Not Applicable,Not Applicable,Not Applicable,163,Not Applicable,0,,
2024-07-10 13:30:00,CNR7041358873,Success,CID245427,Prime Plus,Rajajinagar,Frazer Town,112.0,105.0,Not Applicable,Not Applicable,No,Not Applicable,952,Cash,30,3.7,4.0
2024-07-15 00:30:00,CNR1361318330,Success,CID738088,Bike,Rajajinagar,Banashankari,189.0,80.0,Not Applicable,Not Applicable,No,Not Applicable,138,Cash,19,4.5,3.2
2024-07-17 08:48:00,CNR2215205917,Driver Not Found,CID574468,Mini,Sarjapur Road,Shantinagar,,,Not Applicable,Not Applicable,Not Applicable,Not Applicable,146,Not Applicable,0,,
2024-07-02 22:26:00,CNR2749645940,Canceled by Driver,CID340985,Mini,JP Nagar,Rajajinagar,,,Not Applicable,Customer was coughing/sick,Not Applicable,Not Applicable,398,Not Applicable,0,,
2024-07-07 06:13:00,CNR1346206052,Canceled by Driver,CID373675,Prime Sedan,Ulsoor,Frazer Town,,,Not Applicable,Customer was coughing/sick,Not Applicable,Not Applicable,431,Not Applicable,0,,
2024-07-23 16:55:00,CNR6903297219,Canceled by Driver,CID119820,Bike,Jayanagar,Ulsoor,,,Not Applicable,More than permitted people in there,Not Applicable,Not Applicable,711,Not Applicable,0,,
2024-07-04 04:41:00,CNR9127617167,Canceled by Customer,CID908796,Auto,Basavanagudi,Koramangala,,,AC is Not working,Not Applicable,Not Applicable,Not Applicable,356,Not Applicable,0,,
2024-07-27 00:41:00,CNR5261817742,Driver Not Found,CID653843,Bike,Padmanabhanagar,Devanahalli,,,Not Applicable,Not Applicable,Not Applicable,Not Applicable,825,Not Applicable,0,,
2024-07-09 05:38:00,CNR3584562146,Success,CID246022,Prime Sedan,Ulsoor,Cox Town,147.0,25.0,Not Applicable,Not Applicable,No,Not Applicable,993,Cash,31,4.8,3.2
2024-07-26 04:36:00,CNR8209492913,Driver Not Found,CID127602,Prime SUV,Kadugodi,Langford Town,,,Not Applicable,Not Applicable,Not Applicable,Not Applicable,304,Not Applicable,0,,
2024-07-19 09:23:00,CNR1021677274,Success,CID152408,Prime Plus,Rajarajeshwari Nagar,Basavanagudi,105.0,85.0,Not Applicable,Not Applicable,No,Not Applicable,132,UPI,45,3.6,4.0
2024-07-18 16:07:00,CNR6284917310,Canceled by Driver,CID248417,Bike,RT Nagar,Devanahalli,,,Not Applicable,Personal & Car related issue,Not Applicable,Not Applicable,2752,Not Applicable,0,,
2024-07-17 00:09:00,CNR4692966059,Success,CID817369,Bike,Richmond Town,Nagarbhavi,105.0,35.0,Not Applicable,Not Applicable,No,Not Applicable,173,Cash,27,4.7,3.7
2024-07-01 15:37:00,CNR6576301003,Driver Not Found,CID344502,eBike,Nagarbhavi,Rajajinagar,,,Not Applicable,Not Applicable,Not Applicable,Not Applicable,223,Not Applicable,0,,
2024-07-21 09:12:00,CNR3384480933,Canceled by Customer,CID543318,Bike,JP Nagar,Chamarajpet,,,Driver asked to cancel,Not Applicable,Not Applicable,Not Applicable,307,Not Applicable,0,,
2024-07-29 03:22:00,CNR5234237803,Success,CID143082,Prime SUV,Langford Town,MG Road,154.0,90.0,Not Applicable,Not Applicable,No,Not Applicable,121,Cash,34,4.2,3.9
2024-07-27 12:44:00,CNR9987812523,Success,CID187202,Prime Plus,HSR Layout,Hosur Road,259.0,75.0,Not Applicable,Not Applicable,No,Not Applicable,142,Cash,4,4.4,3.8
2024-07-10 18:56:00,CNR5054622843,Success,CID385585,Bike,Bannerghatta Road,Kadugodi,245.0,125.0,Not Applicable,Not Applicable,No,Not Applicable,448,Cash,47,3.2,3.0
2024-07-17 00:23:00,CNR2269899532,Success,CID180969,Bike,Whitefield,KR Puram,203.0,65.0,Not Applicable,Not Applicable,No,Not Applicable,2563,Cash,26,4.7,4.1
2024-07-18 03:25:00,CNR2172749250,Success,CID793818,Mini,Bannerghatta Road,Majestic,63.0,145.0,Not Applicable,Not Applicable,No,Not Applicable,159,UPI,25,4.2,4.0
2024-07-03 15:58:00,CNR1270262397,Canceled by Driver,CID236819,Prime SUV,JP Nagar,Majestic,,,Not Applicable,Customer was coughing/sick,Not Applicable,Not Applicable,318,Not Applicable,0,,
2024-07-05 00:30:00,CNR1772192054,Canceled by Customer,CID302939,Mini,Frazer Town,Koramangala,,,AC is Not working,Not Applicable,Not Applicable,Not Applicable,256,Not Applicable,0,,
2024-07-01 20:29:00,CNR3546675439,Driver Not Found,CID547461,Mini,Vijayanagar,Varthur,,,Not Applicable,Not Applicable,Not Applicable,Not Applicable,759,Not Applicable,0,,
2024-07-23 20:26:00,CNR9508065741,Driver Not Found,CID417000,Mini,Peenya,Malleshwaram,,,Not Applicable,Not Applicable,Not Applicable,Not Applicable,597,Not Applicable,0,,
2024-07-03 02:25:00,CNR7159041270,Success,CID790763,Prime SUV,RT Nagar,Padmanabhanagar,161.0,90.0,Not Applicable,Not Applicable,No,Not Applicable,441,UPI,17,4.0,3.7
2024-07-03 17:25:00,CNR2490877107,Success,CID518097,Prime Sedan,KR Puram,MG Road,308.0,135.0,Not Applicable,Not Applicable,No,Not Applicable,515,UPI,36,4.8,4.6
2024-07-30 17:18:00,CNR1977156943,Success,CID190418,Prime SUV,Kammanahalli,Cox Town,301.0,70.0,Not Applicable,Not Applicable,No,Not Applicable,450,Cash,3,4.1,3.0
2024-07-18 03:23:00,CNR8836337135,Success,CID970372,Prime Sedan,Indiranagar,Ulsoor,259.0,115.0,Not Applicable,Not Applicable,No,Not Applicable,308,Cash,47,3.6,4.0
2024-07-26 15:23:00,CNR7314784728,Canceled by Driver,CID132886,Prime SUV,Shivajinagar,Langford Town,,,Not Applicable,Personal & Car related issue,Not Applicable,Not Applicable,325,Not Applicable,0,,
2024-07-21 08:05:00,CNR2686090199,Canceled by Customer,CID453449,eBike,JP Nagar,Chickpet,,,Change of plans,Not Applicable,Not Applicable,Not Applicable,328,Not Applicable,0,,
2024-07-04 06:02:00,CNR2168468090,Success,CID738801,Prime Plus,Vijayanagar,Langford Town,238.0,115.0,Not Applicable,Not Applicable,No,Not Applicable,470,UPI,26,3.6,4.9
2024-07-03 14:25:00,CNR4388469017,Success,CID746852,Mini,Yelahanka,Vijayanagar,105.0,140.0,Not Applicable,Not Applicable,No,Not Applicable,409,Cash,45,4.9,3.3
2024-07-23 14:53:00,CNR5532904108,Success,CID666563,Bike,Chickpet,Shantinagar,49.0,95.0,Not Applicable,Not Applicable,No,Not Applicable,481,Cash,20,4.0,4.9
2024-07-05 06:20:00,CNR3581136976,Canceled by Driver,CID602950,Prime Plus,Jayanagar,Jayanagar,,,Not Applicable,More than permitted people in there,Not Applicable,Not Applicable,325,Not Applicable,0,,
2024-07-03 21:26:00,CNR7900993305,Success,CID381265,Bike,Chamarajpet,Magadi Road,133.0,50.0,Not Applicable,Not Applicable,No,Not Applicable,552,Cash,31,3.3,4.8
2024-07-18 04:21:00,CNR3799031121,Canceled by Driver,CID186664,Prime Sedan,Hosur Road,Devanahalli,,,Not Applicable,Personal & Car related issue,Not Applicable,Not Applicable,192,Not Applicable,0,,
2024-07-06 10:05:00,CNR7697909438,Success,CID894579,Prime SUV,Whitefield,Yeshwanthpur,70.0,110.0,Not Applicable,Not Applicable,No,Not Applicable,176,Cash,16,4.3,4.7
2024-07-25 17:10:00,CNR5947519791,Success,CID210024,eBike,Tumkur Road,Bellandur,203.0,125.0,Not Applicable,Not Applicable,No,Not Applicable,488,UPI,49,4.6,3.9
2024-07-15 05:17:00,CNR4383897351,Success,CID880071,Prime Plus,Kammanahalli,Rajajinagar,84.0,100.0,Not Applicable,Not Applicable,No,Not Applicable,165,UPI,19,3.9,4.2
2024-07-28 17:47:00,CNR2408306821,Success,CID942408,eBike,Basavanagudi,Devanahalli,259.0,30.0,Not Applicable,Not Applicable,No,Not Applicable,208,Debit Card,2,4.1,3.5
2024-07-23 06:07:00,CNR1942018362,Success,CID506527,Bike,Bannerghatta Road,Chamarajpet,168.0,125.0,Not Applicable,Not Applicable,No,Not Applicable,236,UPI,43,4.3,4.0
2024-07-21 07:48:00,CNR2272681022,Canceled by Customer,CID220147,Mini,Varthur,Majestic,,,Driver is not moving towards pickup location,Not Applicable,Not Applicable,Not Applicable,230,Not Applicable,0,,
2024-07-18 16:29:00,CNR4092018205,Canceled by Driver,CID161860,Prime Sedan,Hebbal,Richmond Town,,,Not Applicable,Customer was coughing/sick,Not Applicable,Not Applicable,157,Not Applicable,0,,
2024-07-23 16:40:00,CNR7307883077,Canceled by Driver,CID878882,Auto,MG Road,Chickpet,,,Not Applicable,Personal & Car related issue,Not Applicable,Not Applicable,364,Not Applicable,0,,
2024-07-16 18:31:00,CNR6064110654,Driver Not Found,CID545701,eBike,Malleshwaram,Hulimavu,,,Not Applicable,Not Applicable,Not Applicable,Not Applicable,458,Not Applicable,0,,
2024-07-13 15:27:00,CNR7653757699,Success,CID150874,Mini,Rajarajeshwari Nagar,Electronic City,196.0,45.0,Not Applicable,Not Applicable,No,Not Applicable,194,Cash,2,4.2,4.0
2024-07-20 10:06:00,CNR6116181526,Canceled by Customer,CID441587,eBike,Yeshwanthpur,Koramangala,,,Driver is not moving towards pickup location,Not Applicable,Not Applicable,Not Applicable,392,Not Applicable,0,,
2024-07-13 10:51:00,CNR3914052478,Success,CID568776,Bike,Nagarbhavi,Mysore Road,245.0,50.0,Not Applicable,Not Applicable,No,Not Applicable,429,UPI,1,3.3,4.9
2024-07-05 16:35:00,CNR8148067404,Success,CID754681,Mini,Hennur,Shantinagar,217.0,95.0,Not Applicable,Not Applicable,No,Not Applicable,251,Cash,45,3.2,4.4
2024-07-16 16:00:00,CNR9173731172,Success,CID438947,Mini,Majestic,Indiranagar,280.0,125.0,Not Applicable,Not Applicable,No,Not Applicable,321,Credit Card,21,4.2,4.0
2024-07-17 00:55:00,CNR5074088751,Success,CID632309,Prime SUV,Shantinagar,HSR Layout,245.0,85.0,Not Applicable,Not Applicable,No,Not Applicable,1055,Cash,29,4.4,3.3
2024-07-19 15:56:00,CNR3339241830,Success,CID104685,Auto,Langford Town,Padmanabhanagar,259.0,80.0,Not Applicable,Not Applicable,No,Not Applicable,2385,UPI,3,4.0,3.7
2024-07-08 13:35:00,CNR8371519854,Driver Not Found,CID297273,Auto,Electronic City,RT Nagar,,,Not Applicable,Not Applicable,Not Applicable,Not Applicable,677,Not Applicable,0,,
2024-07-23 23:34:00,CNR6241245129,Driver Not Found,CID568113,Prime SUV,Nagarbhavi,Jayanagar,,,Not Applicable,Not Applicable,Not Applicable,Not Applicable,433,Not Applicable,0,,
2024-07-02 11:17:00,CNR9858618246,Canceled by Driver,CID516599,Prime SUV,Richmond Town,Frazer Town,,,Not Applicable,Personal & Car related issue,Not Applicable,Not Applicable,189,Not Applicable,0,,
2024-07-25 01:22:00,CNR7696047560,Driver Not Found,CID251060,Bike,Hebbal,Cox Town,,,Not Applicable,Not Applicable,Not Applicable,Not Applicable,287,Not Applicable,0,,
2024-07-08 09:27:00,CNR5021010112,Canceled by Driver,CID979819,Mini,Hennur,Tumkur Road,,,Not Applicable,Personal & Car related issue,Not Applicable,Not Applicable,1878,Not Applicable,0,,
2024-07-22 01:33:00,CNR6432979355,Driver Not Found,CID831014,Auto,Shivajinagar,MG Road,,,Not Applicable,Not Applicable,Not Applicable,Not Applicable,183,Not Applicable,0,,
2024-07-27 04:06:00,CNR9767002951,Success,CID735298,Auto,Richmond Town,Sarjapur Road,238.0,85.0,Not Applicable,Not Applicable,No,Not Applicable,912,Cash,17,3.8,4.6
2024-07-02 13:21:00,CNR9256302074,Success,CID117992,Bike,Rajajinagar,Shantinagar,266.0,120.0,Not Applicable,Not Applicable,No,Not Applicable,434,UPI,8,4.1,4.5
2024-07-05 21:53:00,CNR2696887979,Success,CID366717,Prime Sedan,Ramamurthy Nagar,Shivajinagar,84.0,130.0,Not Applicable,Not Applicable,No,Not Applicable,240,Cash,44,4.7,4.8
2024-07-27 14:01:00,CNR9083420444,Success,CID647622,Prime Sedan,Electronic City,Ulsoor,294.0,80.0,Not Applicable,Not Applicable,No,Not Applicable,2423,UPI,25,4.3,4.0
2024-07-18 03:35:00,CNR8702718276,Success,CID175279,eBike,Rajarajeshwari Nagar,Hennur,98.0,105.0,Not Applicable,Not Applicable,No,Not Applicable,533,Cash,22,4.5,3.9
2024-07-19 11:29:00,CNR1180122249,Success,CID774394,Auto,Electronic City,Bannerghatta Road,196.0,65.0,Not Applicable,Not Applicable,No,Not Applicable,148,UPI,14,3.1,3.0
2024-07-25 11:10:00,CNR9312771475,Canceled by Driver,CID817096,Auto,Kengeri,Padmanabhanagar,,,Not Applicable,Customer related issue,Not Applicable,Not Applicable,391,Not Applicable,0,,
2024-07-11 06:39:00,CNR1931045702,Success,CID132172,Auto,JP Nagar,Chamarajpet,91.0,50.0,Not Applicable,Not Applicable,No,Not Applicable,477,Cash,15,4.7,4.1
2024-07-22 10:58:00,CNR7115090750,Success,CID638653,Prime SUV,Yeshwanthpur,MG Road,238.0,115.0,Not Applicable,Not Applicable,No,Not Applicable,397,Cash,11,3.7,3.8
2024-07-14 09:10:00,CNR4559202999,Success,CID161590,Auto,Kammanahalli,Nagarbhavi,154.0,125.0,Not Applicable,Not Applicable,No,Not Applicable,510,UPI,17,4.9,4.4
2024-07-16 02:34:00,CNR5938765581,Success,CID693942,Bike,Bellandur,Koramangala,294.0,85.0,Not Applicable,Not Applicable,No,Not Applicable,2352,UPI,38,3.9,4.0
2024-07-22 06:31:00,CNR3893046794,Success,CID953594,Prime Sedan,Yelahanka,Hulimavu,154.0,75.0,Not Applicable,Not Applicable,No,Not Applicable,619,UPI,10,4.7,4.7
2024-07-21 03:05:00,CNR3840901291,Success,CID334646,Prime Plus,Tumkur Road,Cox Town,168.0,70.0,Not Applicable,Not Applicable,No,Not Applicable,765,UPI,35,3.8,3.3
2024-07-10 14:20:00,CNR6036674779,Success,CID426760,eBike,Sarjapur Road,Koramangala,126.0,25.0,Not Applicable,Not Applicable,No,Not Applicable,441,UPI,6,3.6,4.2
2024-07-04 14:43:00,CNR1666186884,Success,CID448200,Bike,Malleshwaram,Bannerghatta Road,126.0,60.0,Not Applicable,Not Applicable,No,Not Applicable,167,Cash,10,3.7,3.9
2024-07-25 05:22:00,CNR5454713422,Success,CID373858,Prime Sedan,Yelahanka,Ramamurthy Nagar,147.0,135.0,Not Applicable,Not Applicable,No,Not Applicable,413,UPI,45,3.6,4.3
2024-07-22 23:33:00,CNR4831902896,Success,CID911045,Mini,Indiranagar,BTM Layout,126.0,40.0,Not Applicable,Not Applicable,No,Not Applicable,442,Cash,21,4.3,4.0
2024-07-07 08:08:00,CNR8889719384,Success,CID603345,Prime Plus,Mysore Road,Kengeri,147.0,120.0,Not Applicable,Not Applicable,No,Not Applicable,336,Cash,6,3.0,4.1
2024-07-08 12:46:00,CNR7501587985,Success,CID963716,Prime Plus,Cox Town,RT Nagar,119.0,105.0,Not Applicable,Not Applicable,No,Not Applicable,228,UPI,12,3.5,3.7
2024-07-13 20:35:00,CNR4368641101,Driver Not Found,CID396687,Mini,Hulimavu,JP Nagar,,,Not Applicable,Not Applicable,Not Applicable,Not Applicable,680,Not Applicable,0,,
2024-07-11 20:33:00,CNR2309335318,Success,CID403202,Mini,Frazer Town,Koramangala,49.0,90.0,Not Applicable,Not Applicable,No,Not Applicable,114,UPI,38,4.7,3.9
2024-07-30 08:50:00,CNR1354851162,Success,CID953767,Prime Sedan,Vijayanagar,Shantinagar,98.0,40.0,Not Applicable,Not Applicable,No,Not Applicable,199,Cash,44,3.5,4.1
2024-07-10 02:31:00,CNR8178405822,Success,CID287427,Prime Plus,Yeshwanthpur,Jayanagar,49.0,60.0,Not Applicable,Not Applicable,No,Not Applicable,121,Debit Card,35,3.4,4.6
2024-07-02 21:43:00,CNR3383291337,Canceled by Driver,CID353332,eBike,Varthur,Sahakar Nagar,,,Not Applicable,Personal & Car related issue,Not Applicable,Not Applicable,183,Not Applicable,0,,
2024-07-18 21:17:00,CNR8088160988,Success,CID526704,Auto,Marathahalli,KR Puram,196.0,55.0,Not Applicable,Not Applicable,Yes,Vehicle Breakdown,381,UPI,7,3.4,4.0
2024-07-03 23:59:00,CNR3606626809,Canceled by Customer,CID376797,Mini,Malleshwaram,BTM Layout,,,Driver asked to cancel,Not Applicable,Not Applicable,Not Applicable,473,Not Applicable,0,,
2024-07-13 05:12:00,CNR1065041656,Success,CID689506,eBike,Hebbal,Shivajinagar,301.0,40.0,Not Applicable,Not Applicable,No,Not Applicable,1329,UPI,38,4.7,3.1
2024-07-26 19:37:00,CNR6723301879,Success,CID553805,Bike,MG Road,Vijayanagar,140.0,110.0,Not Applicable,Not Applicable,No,Not Applicable,968,UPI,20,3.4,4.0
2024-07-09 04:56:00,CNR1404970396,Driver Not Found,CID162591,Prime Plus,Langford Town,Padmanabhanagar,,,Not Applicable,Not Applicable,Not Applicable,Not Applicable,177,Not Applicable,0,,
2024-07-05 08:59:00,CNR3631631605,Success,CID245621,Mini,Koramangala,Yelahanka,161.0,25.0,Not Applicable,Not Applicable,No,Not Applicable,924,UPI,31,4.9,4.9
2024-07-15 06:35:00,CNR3786252893,Driver Not Found,CID943580,Auto,Ulsoor,Chickpet,,,Not Applicable,Not Applicable,Not Applicable,Not Applicable,160,Not Applicable,0,,
2024-07-20 06:05:00,CNR1169240574,Success,CID942537,Auto,JP Nagar,JP Nagar,259.0,85.0,Not Applicable,Not Applicable,No,Not Applicable,499,Cash,12,4.7,4.6
2024-07-04 12:41:00,CNR9588091461,Success,CID219509,Bike,Jayanagar,Kengeri,182.0,105.0,Not Applicable,Not Applicable,No,Not Applicable,185,Cash,7,4.0,3.2
2024-07-07 09:42:00,CNR8948967668,Success,CID591172,Mini,Vijayanagar,Langford Town,119.0,85.0,Not Applicable,Not Applicable,No,Not Applicable,275,Cash,32,3.2,3.2
2024-07-02 05:53:00,CNR3724087891,Canceled by Customer,CID790860,Bike,Devanahalli,Yeshwanthpur,,,AC is Not working,Not Applicable,Not Applicable,Not Applicable,1971,Not Applicable,0,,
2024-07-22 12:21:00,CNR8606880659,Success,CID470703,Auto,Jayanagar,Kammanahalli,126.0,100.0,Not Applicable,Not Applicable,No,Not Applicable,477,Cash,7,3.9,3.5
2024-07-16 10:02:00,CNR5226924731,Success,CID477265,Prime Plus,Shivajinagar,Kengeri,77.0,30.0,Not Applicable,Not Applicable,No,Not Applicable,221,Debit Card,39,3.4,3.2
2024-07-30 21:27:00,CNR8758721324,Success,CID845660,Bike,JP Nagar,Banashankari,308.0,130.0,Not Applicable,Not Applicable,No,Not Applicable,1939,Cash,10,3.2,3.5
2024-07-17 13:08:00,CNR1554411164,Success,CID496824,eBike,Chamarajpet,Hebbal,252.0,145.0,Not Applicable,Not Applicable,No,Not Applicable,178,UPI,37,4.8,3.7
2024-07-06 00:14:00,CNR9626297035,Success,CID861528,Prime SUV,Yeshwanthpur,Tumkur Road,231.0,110.0,Not Applicable,Not Applicable,No,Not Applicable,165,Cash,27,3.7,4.0
2024-07-16 09:32:00,CNR8041390446,Canceled by Driver,CID808361,eBike,Cox Town,Kengeri,,,Not Applicable,Customer was coughing/sick,Not Applicable,Not Applicable,238,Not Applicable,0,,
2024-07-24 04:48:00,CNR4361698062,Canceled by Customer,CID891103,Mini,Mysore Road,Yelahanka,,,Driver is not moving towards pickup location,Not Applicable,Not Applicable,Not Applicable,1769,Not Applicable,0,,
2024-07-15 07:45:00,CNR4598979692,Success,CID870327,eBike,Padmanabhanagar,Bannerghatta Road,126.0,70.0,Not Applicable,Not Applicable,No,Not Applicable,210,UPI,15,3.9,4.1
2024-07-08 11:51:00,CNR9673232768,Success,CID692448,Prime SUV,HSR Layout,RT Nagar,224.0,110.0,Not Applicable,Not Applicable,No,Not Applicable,423,Cash,25,4.8,3.4
2024-07-24 22:22:00,CNR7400562901,Success,CID462185,Prime Plus,Chickpet,Padmanabhanagar,175.0,130.0,Not Applicable,Not Applicable,No,Not Applicable,770,Cash,42,3.3,4.9
2024-07-13 21:29:00,CNR6454544033,Canceled by Driver,CID461853,Prime Plus,Magadi Road,Hosur Road,,,Not Applicable,Personal & Car related issue,Not Applicable,Not Applicable,298,Not Applicable,0,,
2024-07-11 01:58:00,CNR6979978939,Driver Not Found,CID471664,Auto,KR Puram,Peenya,,,Not Applicable,Not Applicable,Not Applicable,Not Applicable,208,Not Applicable,0,,
2024-07-12 08:49:00,CNR8462066417,Success,CID537202,eBike,Peenya,Bellandur,182.0,60.0,Not Applicable,Not Applicable,No,Not Applicable,325,Cash,24,3.2,3.4
2024-07-22 07:36:00,CNR3772981432,Success,CID615585,Auto,Malleshwaram,Marathahalli,168.0,145.0,Not Applicable,Not Applicable,No,Not Applicable,462,Cash,9,3.4,4.1
2024-07-05 10:18:00,CNR5461463620,Success,CID320780,Prime Sedan,Richmond Town,Marathahalli,196.0,90.0,Not Applicable,Not Applicable,No,Not Applicable,327,UPI,18,4.9,3.1
2024-07-15 02:46:00,CNR1981432937,Canceled by Customer,CID722769,Prime SUV,Hennur,KR Puram,,,Wrong Address,Not Applicable,Not Applicable,Not Applicable,332,Not Applicable,0,,
2024-07-18 03:21:00,CNR4195960514,Success,CID683457,Auto,Vijayanagar,Frazer Town,231.0,130.0,Not Applicable,Not Applicable,Yes,Vehicle Breakdown,2961,UPI,14,3.9,4.5
2024-07-10 10:43:00,CNR7876247487,Canceled by Driver,CID837108,Auto,Varthur,KR Puram,,,Not Applicable,More than permitted people in there,Not Applicable,Not Applicable,306,Not Applicable,0,,
2024-07-10 17:50:00,CNR5724400710,Success,CID741361,Prime Sedan,Sahakar Nagar,Electronic City,161.0,60.0,Not Applicable,Not Applicable,No,Not Applicable,1728,UPI,10,4.7,3.1
2024-07-27 20:40:00,CNR2285973573,Canceled by Driver,CID584865,Bike,Bellandur,Yelahanka,,,Not Applicable,Customer related issue,Not Applicable,Not Applicable,261,Not Applicable,0,,
2024-07-07 05:59:00,CNR6191068135,Success,CID697274,Bike,Majestic,Hulimavu,308.0,130.0,Not Applicable,Not Applicable,No,Not Applicable,425,UPI,42,3.4,3.9
2024-07-19 13:23:00,CNR7905154612,Success,CID149367,Prime Sedan,Varthur,Devanahalli,98.0,145.0,Not Applicable,Not Applicable,No,Not Applicable,163,UPI,4,4.6,3.2
2024-07-24 03:44:00,CNR7770323051,Success,CID804888,Prime Sedan,BTM Layout,Kengeri,126.0,95.0,Not Applicable,Not Applicable,No,Not Applicable,366,UPI,43,3.4,3.4
2024-07-30 05:31:00,CNR6949065464,Success,CID363922,eBike,Nagarbhavi,Vijayanagar,280.0,115.0,Not Applicable,Not Applicable,No,Not Applicable,997,Cash,7,4.5,4.1
2024-07-15 06:04:00,CNR2970998143,Canceled by Customer,CID388425,Prime Sedan,JP Nagar,Tumkur Road,,,Driver is not moving towards pickup location,Not Applicable,Not Applicable,Not Applicable,280,Not Applicable,0,,
2024-07-06 16:11:00,CNR6158075145,Success,CID533186,Auto,Varthur,Hennur,245.0,130.0,Not Applicable,Not Applicable,No,Not Applicable,1528,UPI,1,4.0,3.0
2024-07-26 08:57:00,CNR1194943979,Success,CID108577,Prime Plus,Padmanabhanagar,Mysore Road,63.0,110.0,Not Applicable,Not Applicable,No,Not Applicable,103,Cash,10,4.8,4.2
2024-07-16 04:41:00,CNR1864272552,Success,CID648669,eBike,Bellandur,Electronic City,238.0,75.0,Not Applicable,Not Applicable,No,Not Applicable,213,Cash,16,3.1,3.8
2024-07-04 06:27:00,CNR5402044008,Success,CID690026,eBike,Hebbal,Hennur,154.0,85.0,Not Applicable,Not Applicable,No,Not Applicable,308,UPI,5,3.4,3.7
2024-07-07 23:08:00,CNR8835236670,Success,CID966638,Mini,Devanahalli,Magadi Road,133.0,130.0,Not Applicable,Not Applicable,No,Not Applicable,855,Credit Card,1,3.3,3.2
2024-07-02 10:09:00,CNR1552412898,Success,CID533831,eBike,Hebbal,Jayanagar,266.0,85.0,Not Applicable,Not Applicable,No,Not Applicable,447,Cash,15,4.5,3.6
2024-07-23 21:09:00,CNR2307222664,Success,CID836593,Bike,Majestic,Chamarajpet,308.0,45.0,Not Applicable,Not Applicable,No,Not Applicable,261,UPI,41,4.7,4.6
2024-07-20 04:36:00,CNR1152838959,Canceled by Driver,CID704968,eBike,MG Road,Rajajinagar,,,Not Applicable,More than permitted people in there,Not Applicable,Not Applicable,451,Not Applicable,0,,
2024-07-19 02:08:00,CNR1205943503,Canceled by Driver,CID452253,Mini,JP Nagar,Nagarbhavi,,,Not Applicable,Customer related issue,Not Applicable,Not Applicable,501,Not Applicable,0,,
2024-07-10 08:39:00,CNR2048880627,Canceled by Driver,CID703873,Prime Plus,Kadugodi,Vijayanagar,,,Not Applicable,Personal & Car related issue,Not Applicable,Not Applicable,122,Not Applicable,0,,
2024-07-17 10:13:00,CNR9238847954,Success,CID585785,Prime Sedan,Malleshwaram,Shantinagar,252.0,35.0,Not Applicable,Not Applicable,No,Not Applicable,382,Cash,25,3.5,3.5
2024-07-06 22:35:00,CNR4170781557,Success,CID724646,Mini,Nagarbhavi,Rajarajeshwari Nagar,70.0,85.0,Not Applicable,Not Applicable,No,Not Applicable,961,Cash,28,3.9,4.4
2024-07-26 02:27:00,CNR7070141106,Canceled by Driver,CID330008,Mini,Hosur Road,Kadugodi,,,Not Applicable,More than permitted people in there,Not Applicable,Not Applicable,390,Not Applicable,0,,
2024-07-10 22:57:00,CNR2296042140,Success,CID342877,Prime SUV,Richmond Town,Frazer Town,91.0,60.0,Not Applicable,Not Applicable,No,Not Applicable,219,Cash,11,4.9,4.7
2024-07-14 01:08:00,CNR1904978848,Success,CID245648,Prime Sedan,RT Nagar,Shivajinagar,56.0,55.0,Not Applicable,Not Applicable,No,Not Applicable,247,Cash,34,3.1,4.7
2024-07-16 15:00:00,CNR9685912356,Success,CID909739,Prime Sedan,RT Nagar,Sahakar Nagar,119.0,45.0,Not Applicable,Not Applicable,No,Not Applicable,378,Cash,25,4.5,3.5
2024-07-02 13:31:00,CNR5454721612,Success,CID912500,Prime Sedan,Hennur,Hosur Road,49.0,80.0,Not Applicable,Not Applicable,No,Not Applicable,213,Cash,47,3.2,4.9
2024-07-06 19:26:00,CNR6264028450,Canceled by Driver,CID162466,Mini,Whitefield,Koramangala,,,Not Applicable,Personal & Car related issue,Not Applicable,Not Applicable,288,Not Applicable,0,,
2024-07-04 06:23:00,CNR7137019170,Canceled by Driver,CID373712,Bike,Nagarbhavi,Hulimavu,,,Not Applicable,Customer was coughing/sick,Not Applicable,Not Applicable,115,Not Applicable,0,,
2024-07-20 12:28:00,CNR5563361102,Driver Not Found,CID183508,eBike,HSR Layout,Koramangala,,,Not Applicable,Not Applicable,Not Applicable,Not Applicable,318,Not Applicable,0,,
2024-07-10 21:56:00,CNR3801392294,Success,CID337372,Prime Plus,Sahakar Nagar,Malleshwaram,238.0,30.0,Not Applicable,Not Applicable,No,Not Applicable,448,Cash,38,4.2,3.3
2024-07-16 05:48:00,CNR2177054933,Success,CID525228,Bike,Hosur Road,Langford Town,98.0,25.0,Not Applicable,Not Applicable,No,Not Applicable,867,UPI,16,4.3,4.3
2024-07-04 16:19:00,CNR4575298791,Success,CID918204,Bike,Kadugodi,RT Nagar,161.0,55.0,Not Applicable,Not Applicable,No,Not Applicable,317,Cash,27,4.5,3.0
2024-07-07 10:43:00,CNR4113385903,Driver Not Found,CID765935,Prime Plus,Malleshwaram,Shivajinagar,,,Not Applicable,Not Applicable,Not Applicable,Not Applicable,659,Not Applicable,0,,
2024-07-08 21:15:00,CNR8807885210,Driver Not Found,CID491414,Bike,Richmond Town,KR Puram,,,Not Applicable,Not Applicable,Not Applicable,Not Applicable,469,Not Applicable,0,,
2024-07-11 15:40:00,CNR1411067487,Success,CID651652,Mini,Padmanabhanagar,Ramamurthy Nagar,98.0,135.0,Not Applicable,Not Applicable,No,Not Applicable,293,UPI,14,3.5,3.0
2024-07-02 22:01:00,CNR4820240422,Success,CID970561,Mini,Banashankari,Bannerghatta Road,84.0,95.0,Not Applicable,Not Applicable,No,Not Applicable,943,UPI,23,4.9,3.3
2024-07-01 19:15:00,CNR1986974441,Success,CID753849,Prime Sedan,KR Puram,Rajajinagar,238.0,25.0,Not Applicable,Not Applicable,No,Not Applicable,369,UPI,37,4.8,3.3
2024-07-22 11:01:00,CNR4174118605,Success,CID395854,Prime Sedan,Ulsoor,Malleshwaram,77.0,90.0,Not Applicable,Not Applicable,No,Not Applicable,390,UPI,26,3.7,3.5
2024-07-03 21:11:00,CNR1247938072,Canceled by Driver,CID150466,Auto,Banashankari,JP Nagar,,,Not Applicable,Customer related issue,Not Applicable,Not Applicable,1198,Not Applicable,0,,
2024-07-15 01:54:00,CNR4019555990,Driver Not Found,CID746745,eBike,Peenya,Nagarbhavi,,,Not Applicable,Not Applicable,Not Applicable,Not Applicable,111,Not Applicable,0,,
2024-07-27 12:47:00,CNR8272564875,Driver Not Found,CID315491,Auto,Indiranagar,Rajajinagar,,,Not Applicable,Not Applicable,Not Applicable,Not Applicable,1549,Not Applicable,0,,
2024-07-26 00:14:00,CNR1473258390,Canceled by Driver,CID830338,eBike,Nagarbhavi,Nagarbhavi,,,Not Applicable,Customer related issue,Not Applicable,Not Applicable,292,Not Applicable,0,,
2024-07-22 07:17:00,CNR4133279854,Success,CID778668,Bike,Ulsoor,Bellandur,140.0,65.0,Not Applicable,Not Applicable,No,Not Applicable,464,Cash,10,4.9,4.4
2024-07-25 15:38:00,CNR7922520490,Success,CID528465,Auto,Varthur,Rajajinagar,280.0,85.0,Not Applicable,Not Applicable,No,Not Applicable,496,UPI,2,4.8,3.1
2024-07-02 00:04:00,CNR1499836961,Canceled by Driver,CID722549,Auto,Ramamurthy Nagar,Rajarajeshwari Nagar,,,Not Applicable,Customer was coughing/sick,Not Applicable,Not Applicable,687,Not Applicable,0,,
2024-07-18 05:51:00,CNR5999106781,Success,CID562931,Auto,Hennur,Kengeri,168.0,75.0,Not Applicable,Not Applicable,No,Not Applicable,284,UPI,4,3.0,3.5
2024-07-24 23:04:00,CNR7572291082,Success,CID598341,Mini,Sarjapur Road,JP Nagar,175.0,80.0,Not Applicable,Not Applicable,No,Not Applicable,985,Cash,15,3.8,5.0
2024-07-25 05:15:00,CNR1079066229,Success,CID510188,Bike,Chickpet,Nagarbhavi,49.0,115.0,Not Applicable,Not Applicable,No,Not Applicable,194,Cash,48,4.5,4.4
2024-07-14 00:24:00,CNR6567392133,Success,CID941105,Mini,Hulimavu,Hulimavu,161.0,90.0,Not Applicable,Not Applicable,No,Not Applicable,103,Cash,28,4.6,4.0
2024-07-21 07:27:00,CNR3219831147,Success,CID427474,Mini,Indiranagar,Devanahalli,140.0,135.0,Not Applicable,Not Applicable,No,Not Applicable,419,UPI,46,3.7,4.2
2024-07-07 07:25:00,CNR3247027627,Canceled by Driver,CID818727,eBike,Peenya,Kammanahalli,,,Not Applicable,More than permitted people in there,Not Applicable,Not Applicable,2674,Not Applicable,0,,
2024-07-11 23:57:00,CNR2127706492,Success,CID335194,Auto,Majestic,Koramangala,175.0,130.0,Not Applicable,Not Applicable,No,Not Applicable,494,Cash,1,4.5,3.3
2024-07-01 10:37:00,CNR4141687032,Success,CID365701,Prime Plus,Hennur,Vijayanagar,168.0,85.0,Not Applicable,Not Applicable,No,Not Applicable,182,Cash,7,3.2,4.5
2024-07-29 08:55:00,CNR2468537778,Success,CID752175,Prime SUV,Yelahanka,Rajarajeshwari Nagar,224.0,100.0,Not Applicable,Not Applicable,No,Not Applicable,153,UPI,31,3.4,3.8
2024-07-04 17:49:00,CNR5791830541,Canceled by Driver,CID640416,Bike,Electronic City,Frazer Town,,,Not Applicable,Customer was coughing/sick,Not Applicable,Not Applicable,178,Not Applicable,0,,
2024-07-29 02:50:00,CNR7721808117,Canceled by Driver,CID344835,Prime Plus,Nagarbhavi,Hulimavu,,,Not Applicable,More than permitted people in there,Not Applicable,Not Applicable,382,Not Applicable,0,,
2024-07-02 14:40:00,CNR8147098360,Success,CID725601,Auto,Bellandur,Kammanahalli,231.0,145.0,Not Applicable,Not Applicable,No,Not Applicable,523,Cash,7,4.0,3.1
2024-07-19 17:50:00,CNR3984590568,Canceled by Customer,CID578102,Bike,Koramangala,Basavanagudi,,,Change of plans,Not Applicable,Not Applicable,Not Applicable,411,Not Applicable,0,,
2024-07-30 03:32:00,CNR6183751332,Success,CID719666,Prime SUV,Majestic,Hebbal,70.0,35.0,Not Applicable,Not Applicable,No,Not Applicable,695,Cash,20,3.9,3.6
2024-07-27 00:35:00,CNR4331754478,Canceled by Driver,CID629469,Prime Plus,Malleshwaram,Yeshwanthpur,,,Not Applicable,Customer related issue,Not Applicable,Not Applicable,260,Not Applicable,0,,
2024-07-14 20:16:00,CNR9919839691,Canceled by Customer,CID304961,Bike,Bellandur,Ulsoor,,,Driver asked to cancel,Not Applicable,Not Applicable,Not Applicable,198,Not Applicable,0,,
2024-07-01 16:56:00,CNR4635842598,Canceled by Customer,CID164577,Auto,Hulimavu,Chickpet,,,Change of plans,Not Applicable,Not Applicable,Not Applicable,2009,Not Applicable,0,,
2024-07-20 22:33:00,CNR1736149868,Success,CID103169,Bike,Basavanagudi,Mysore Road,231.0,55.0,Not Applicable,Not Applicable,No,Not Applicable,1554,Cash,49,3.1,3.7
2024-07-16 16:59:00,CNR8340382081,Canceled by Customer,CID818649,Mini,Shivajinagar,Mysore Road,,,Driver asked to cancel,Not Applicable,Not Applicable,Not Applicable,486,Not Applicable,0,,
2024-07-01 22:30:00,CNR9671809352,Success,CID700999,Prime Sedan,RT Nagar,Ulsoor,210.0,30.0,Not Applicable,Not Applicable,No,Not Applicable,400,Debit Card,36,3.5,4.6
2024-07-06 17:46:00,CNR3263563311,Driver Not Found,CID943942,Prime SUV,Kammanahalli,Rajajinagar,,,Not Applicable,Not Applicable,Not Applicable,Not Applicable,130,Not Applicable,0,,
2024-07-01 10:25:00,CNR1424261210,Driver Not Found,CID278877,Prime Plus,Whitefield,Banashankari,,,Not Applicable,Not Applicable,Not Applicable,Not Applicable,351,Not Applicable,0,,
2024-07-08 23:21:00,CNR4398613288,Canceled by Driver,CID299839,Bike,Bannerghatta Road,Kadugodi,,,Not Applicable,Personal & Car related issue,Not Applicable,Not Applicable,141,Not Applicable,0,,
2024-07-04 18:39:00,CNR6802623675,Success,CID620448,Prime SUV,Nagarbhavi,Electronic City,35.0,125.0,Not Applicable,Not Applicable,Yes,Vehicle Breakdown,377,Cash,24,4.0,4.0
2024-07-01 02:13:00,CNR8565045575,Success,CID659460,Auto,Chamarajpet,Bannerghatta Road,210.0,125.0,Not Applicable,Not Applicable,No,Not Applicable,214,Credit Card,18,4.3,3.3
2024-07-12 07:35:00,CNR5414190740,Success,CID104585,Auto,Cox Town,Cox Town,301.0,95.0,Not Applicable,Not Applicable,No,Not Applicable,2275,UPI,10,4.2,3.2
2024-07-11 15:23:00,CNR2287472779,Success,CID533471,Prime Plus,Electronic City,Richmond Town,70.0,110.0,Not Applicable,Not Applicable,No,Not Applicable,195,Cash,45,4.9,4.4
2024-07-05 18:23:00,CNR8180034983,Success,CID121916,Auto,RT Nagar,Sahakar Nagar,91.0,40.0,Not Applicable,Not Applicable,No,Not Applicable,693,Cash,11,4.6,3.7
2024-07-25 14:02:00,CNR7405250571,Canceled by Driver,CID194200,eBike,Basavanagudi,Bellandur,,,Not Applicable,Customer was coughing/sick,Not Applicable,Not Applicable,370,Not Applicable,0,,
2024-07-04 05:00:00,CNR9578789214,Canceled by Driver,CID659242,Prime Sedan,Frazer Town,JP Nagar,,,Not Applicable,More than permitted people in there,Not Applicable,Not Applicable,2044,Not Applicable,0,,
2024-07-17 21:20:00,CNR8134505574,Success,CID185873,Auto,Varthur,Vijayanagar,147.0,85.0,Not Applicable,Not Applicable,No,Not Applicable,1283,UPI,15,4.7,4.4
2024-07-28 20:24:00,CNR4403631591,Success,CID467251,Mini,Hosur Road,Rajajinagar,196.0,85.0,Not Applicable,Not Applicable,No,Not Applicable,242,UPI,44,4.4,4.5
2024-07-02 16:36:00,CNR9615783142,Canceled by Customer,CID134056,Prime Plus,Chickpet,Sarjapur Road,,,Driver is not moving towards pickup location,Not Applicable,Not Applicable,Not Applicable,343,Not Applicable,0,,
2024-07-22 09:12:00,CNR2212279145,Driver Not Found,CID698695,Mini,Marathahalli,Kengeri,,,Not Applicable,Not Applicable,Not Applicable,Not Applicable,377,Not Applicable,0,,
2024-07-13 05:08:00,CNR7986249349,Success,CID859561,eBike,Jayanagar,Kadugodi,189.0,65.0,Not Applicable,Not Applicable,No,Not Applicable,483,UPI,19,4.5,4.3
2024-07-03 11:40:00,CNR6518046445,Success,CID677982,Bike,Electronic City,Bannerghatta Road,203.0,130.0,Not Applicable,Not Applicable,No,Not Applicable,859,Cash,30,4.6,3.9
2024-07-29 11:14:00,CNR7607637839,Success,CID536220,Mini,Bellandur,KR Puram,182.0,135.0,Not Applicable,Not Applicable,No,Not Applicable,274,Cash,31,3.9,4.4
2024-07-18 21:32:00,CNR2124544786,Success,CID650750,Prime Sedan,Padmanabhanagar,Jayanagar,210.0,110.0,Not Applicable,Not Applicable,No,Not Applicable,300,Debit Card,9,3.1,3.3
2024-07-11 02:35:00,CNR9911469738,Canceled by Driver,CID679827,Prime Plus,Hulimavu,Frazer Town,,,Not Applicable,Customer related issue,Not Applicable,Not Applicable,2862,Not Applicable,0,,
2024-07-16 00:02:00,CNR2503756130,Success,CID784338,Auto,Rajajinagar,Malleshwaram,259.0,105.0,Not Applicable,Not Applicable,No,Not Applicable,631,Cash,7,3.4,3.5
2024-07-10 10:21:00,CNR2225193037,Canceled by Customer,CID361962,Mini,Electronic City,Hulimavu,,,Driver is not moving towards pickup location,Not Applicable,Not Applicable,Not Applicable,181,Not Applicable,0,,
2024-07-04 13:42:00,CNR8923795052,Driver Not Found,CID977682,Prime Plus,Sahakar Nagar,Electronic City,,,Not Applicable,Not Applicable,Not Applicable,Not Applicable,286,Not Applicable,0,,
2024-07-15 11:20:00,CNR3489867775,Success,CID339286,Prime SUV,Rajarajeshwari Nagar,Kengeri,168.0,125.0,Not Applicable,Not Applicable,No,Not Applicable,2310,Cash,28,3.9,4.3
2024-07-14 19:36:00,CNR8194763553,Success,CID635530,Prime SUV,Langford Town,Rajarajeshwari Nagar,182.0,35.0,Not Applicable,Not Applicable,No,Not Applicable,266,Cash,27,4.4,3.9
2024-07-19 11:09:00,CNR5330269580,Success,CID941486,Bike,Ramamurthy Nagar,Ramamurthy Nagar,266.0,115.0,Not Applicable,Not Applicable,No,Not Applicable,630,UPI,26,3.4,3.1
2024-07-10 11:37:00,CNR9735113050,Success,CID375880,eBike,Yelahanka,JP Nagar,259.0,95.0,Not Applicable,Not Applicable,No,Not Applicable,444,UPI,30,4.2,4.7
2024-07-25 08:54:00,CNR8322806560,Success,CID855830,Auto,KR Puram,RT Nagar,63.0,45.0,Not Applicable,Not Applicable,No,Not Applicable,870,UPI,2,3.9,4.4
2024-07-30 09:16:00,CNR5425708215,Driver Not Found,CID285371,Prime Plus,Shivajinagar,Indiranagar,,,Not Applicable,Not Applicable,Not Applicable,Not Applicable,382,Not Applicable,0,,
2024-07-14 16:00:00,CNR7552706822,Success,CID444287,Bike,Whitefield,Tumkur Road,49.0,130.0,Not Applicable,Not Applicable,No,Not Applicable,474,Cash,23,3.4,3.9
2024-07-12 00:22:00,CNR2705405973,Success,CID510020,Prime SUV,Malleshwaram,Langford Town,63.0,65.0,Not Applicable,Not Applicable,No,Not Applicable,215,UPI,27,4.1,3.1
2024-07-17 02:50:00,CNR2487639058,Driver Not Found,CID695022,Prime SUV,Yelahanka,Shivajinagar,,,Not Applicable,Not Applicable,Not Applicable,Not Applicable,901,Not Applicable,0,,
2024-07-24 19:39:00,CNR9731752456,Canceled by Customer,CID225234,Mini,Sahakar Nagar,Yelahanka,,,Driver asked to cancel,Not Applicable,Not Applicable,Not Applicable,488,Not Applicable,0,,
2024-07-26 03:13:00,CNR3012359315,Success,CID142531,Prime SUV,BTM Layout,Richmond Town,119.0,140.0,Not Applicable,Not Applicable,No,Not Applicable,110,Cash,37,4.8,4.6
2024-07-25 13:34:00,CNR6373512149,Success,CID315606,eBike,Tumkur Road,Indiranagar,70.0,85.0,Not Applicable,Not Applicable,No,Not Applicable,431,Cash,15,4.1,5.0
2024-07-11 20:37:00,CNR1370361420,Canceled by Driver,CID375020,Bike,Kammanahalli,Malleshwaram,,,Not Applicable,Customer was coughing/sick,Not Applicable,Not Applicable,846,Not Applicable,0,,
2024-07-26 07:54:00,CNR9946727128,Success,CID637023,eBike,Kammanahalli,Ramamurthy Nagar,182.0,110.0,Not Applicable,Not Applicable,No,Not Applicable,957,Cash,18,4.2,3.3
2024-07-05 05:52:00,CNR4828902147,Driver Not Found,CID571625,Auto,Koramangala,Varthur,,,Not Applicable,Not Applicable,Not Applicable,Not Applicable,986,Not Applicable,0,,
2024-07-25 20:01:00,CNR2074922619,Success,CID675547,Auto,Shantinagar,Hebbal,168.0,55.0,Not Applicable,Not Applicable,Yes,Other Issue,393,Cash,14,3.6,4.1
2024-07-30 07:11:00,CNR9660426109,Canceled by Driver,CID392821,Mini,Basavanagudi,Rajarajeshwari Nagar,,,Not Applicable,Customer related issue,Not Applicable,Not Applicable,502,Not Applicable,0,,
2024-07-08 12:17:00,CNR7035550351,Success,CID306327,Prime Sedan,KR Puram,Basavanagudi,217.0,115.0,Not Applicable,Not Applicable,No,Not Applicable,506,Cash,1,3.2,4.1
2024-07-18 08:41:00,CNR1335086397,Canceled by Customer,CID340444,Prime Plus,Malleshwaram,Sahakar Nagar,,,AC is Not working,Not Applicable,Not Applicable,Not Applicable,412,Not Applicable,0,,
2024-07-29 20:58:00,CNR3140237420,Success,CID652330,Bike,Koramangala,Devanahalli,210.0,135.0,Not Applicable,Not Applicable,No,Not Applicable,364,UPI,28,4.6,3.8
2024-07-07 12:45:00,CNR1993516342,Success,CID810005,Prime SUV,Banashankari,KR Puram,133.0,125.0,Not Applicable,Not Applicable,No,Not Applicable,696,Cash,25,4.9,4.4
2024-07-05 08:26:00,CNR1162157542,Canceled by Driver,CID351793,Auto,Kengeri,Kengeri,,,Not Applicable,Customer was coughing/sick,Not Applicable,Not Applicable,491,Not Applicable,0,,
2024-07-21 08:30:00,CNR9286495938,Success,CID777806,Mini,Rajajinagar,Devanahalli,98.0,60.0,Not Applicable,Not Applicable,No,Not Applicable,159,Cash,35,4.9,3.0
2024-07-24 13:44:00,CNR4063129284,Success,CID726520,Bike,Indiranagar,Shantinagar,224.0,40.0,Not Applicable,Not Applicable,No,Not Applicable,2907,UPI,47,4.8,4.7
2024-07-13 08:35:00,CNR4031427892,Success,CID520172,Prime Sedan,HSR Layout,Frazer Town,231.0,125.0,Not Applicable,Not Applicable,No,Not Applicable,499,Cash,23,4.5,4.9
2024-07-26 17:48:00,CNR2116424193,Canceled by Driver,CID942667,Mini,MG Road,Whitefield,,,Not Applicable,Customer was coughing/sick,Not Applicable,Not Applicable,2702,Not Applicable,0,,
2024-07-24 15:26:00,CNR4915588914,Canceled by Customer,CID558349,eBike,Basavanagudi,Whitefield,,,Driver is not moving towards pickup location,Not Applicable,Not Applicable,Not Applicable,336,Not Applicable,0,,
2024-07-21 18:34:00,CNR5415845393,Driver Not Found,CID676962,Mini,Devanahalli,Basavanagudi,,,Not Applicable,Not Applicable,Not Applicable,Not Applicable,214,Not Applicable,0,,
2024-07-05 18:44:00,CNR3682543756,Success,CID314781,Auto,Electronic City,Mysore Road,294.0,65.0,Not Applicable,Not Applicable,No,Not Applicable,384,Cash,12,4.7,4.2
2024-07-19 22:42:00,CNR3978744683,Success,CID150915,eBike,Marathahalli,Shantinagar,266.0,55.0,Not Applicable,Not Applicable,No,Not Applicable,312,Cash,31,4.6,3.7
2024-07-16 20:12:00,CNR3517940965,Success,CID208396,Prime Sedan,Shivajinagar,Hulimavu,224.0,115.0,Not Applicable,Not Applicable,No,Not Applicable,251,UPI,29,3.9,3.1
2024-07-16 03:58:00,CNR1279846619,Canceled by Driver,CID856333,Bike,Electronic City,Varthur,,,Not Applicable,Customer related issue,Not Applicable,Not Applicable,354,Not Applicable,0,,
2024-07-26 04:14:00,CNR8387260052,Canceled by Driver,CID965462,Prime SUV,JP Nagar,Ramamurthy Nagar,,,Not Applicable,Personal & Car related issue,Not Applicable,Not Applicable,303,Not Applicable,0,,
2024-07-27 11:24:00,CNR1659149499,Success,CID689565,Auto,Sarjapur Road,Rajarajeshwari Nagar,231.0,100.0,Not Applicable,Not Applicable,No,Not Applicable,696,Credit Card,4,3.5,3.2
2024-07-28 00:29:00,CNR5326178848,Driver Not Found,CID936585,Bike,Hennur,Padmanabhanagar,,,Not Applicable,Not Applicable,Not Applicable,Not Applicable,1639,Not Applicable,0,,
2024-07-17 01:11:00,CNR1251847576,Driver Not Found,CID975125,eBike,Hosur Road,Kengeri,,,Not Applicable,Not Applicable,Not Applicable,Not Applicable,310,Not Applicable,0,,
2024-07-15 16:21:00,CNR6883242725,Success,CID148830,Auto,Yelahanka,Yelahanka,245.0,65.0,Not Applicable,Not Applicable,No,Not Applicable,170,Cash,2,3.4,4.4
2024-07-11 22:29:00,CNR2352032152,Success,CID528799,Bike,Chamarajpet,Ramamurthy Nagar,147.0,35.0,Not Applicable,Not Applicable,No,Not Applicable,386,Cash,19,4.2,3.8
2024-07-09 15:40:00,CNR5945069412,Success,CID406668,Prime Sedan,Tumkur Road,JP Nagar,35.0,135.0,Not Applicable,Not Applicable,No,Not Applicable,223,Cash,40,4.1,3.4
2024-07-01 00:05:00,CNR2979520888,Success,CID815153,eBike,Indiranagar,JP Nagar,224.0,60.0,Not Applicable,Not Applicable,No,Not Applicable,127,Cash,10,3.9,4.1
2024-07-23 07:53:00,CNR3883684863,Canceled by Driver,CID571514,Bike,Kadugodi,KR Puram,,,Not Applicable,Customer related issue,Not Applicable,Not Applicable,276,Not Applicable,0,,
2024-07-28 23:11:00,CNR8379419673,Success,CID414695,eBike,Hebbal,Basavanagudi,259.0,145.0,Not Applicable,Not Applicable,No,Not Applicable,156,Cash,6,4.3,4.0
2024-07-27 02:47:00,CNR1472461855,Success,CID908713,Prime SUV,Devanahalli,Hulimavu,154.0,80.0,Not Applicable,Not Applicable,No,Not Applicable,379,UPI,43,4.5,4.8
2024-07-08 06:40:00,CNR7689644023,Success,CID519720,Bike,HSR Layout,BTM Layout,245.0,115.0,Not Applicable,Not Applicable,No,Not Applicable,402,Cash,49,3.7,3.9
2024-07-14 10:49:00,CNR9491938606,Success,CID360020,Mini,RT Nagar,Banashankari,70.0,80.0,Not Applicable,Not Applicable,No,Not Applicable,240,Cash,47,4.8,4.4
2024-07-18 23:45:00,CNR9984517923,Success,CID909634,Prime Sedan,Malleshwaram,Langford Town,294.0,95.0,Not Applicable,Not Applicable,No,Not Applicable,2532,UPI,42,5.0,3.8
2024-07-25 01:51:00,CNR4391862337,Success,CID680961,Prime Sedan,Kengeri,Yeshwanthpur,49.0,120.0,Not Applicable,Not Applicable,No,Not Applicable,427,UPI,18,3.5,4.0
2024-07-14 15:08:00,CNR9224581786,Canceled by Driver,CID675034,eBike,Frazer Town,Vijayanagar,,,Not Applicable,Personal & Car related issue,Not Applicable,Not Applicable,581,Not Applicable,0,,
2024-07-12 16:04:00,CNR9750237845,Success,CID826771,Mini,Basavanagudi,Hebbal,84.0,25.0,Not Applicable,Not Applicable,No,Not Applicable,805,Cash,36,4.6,3.6
2024-07-26 02:42:00,CNR5943064077,Success,CID821898,Prime Plus,HSR Layout,Basavanagudi,84.0,35.0,Not Applicable,Not Applicable,No,Not Applicable,1410,Cash,21,3.7,4.0
2024-07-17 09:35:00,CNR2356943577,Driver Not Found,CID572031,eBike,Peenya,Chamarajpet,,,Not Applicable,Not Applicable,Not Applicable,Not Applicable,989,Not Applicable,0,,
2024-07-26 02:06:00,CNR7821190817,Success,CID497253,Auto,BTM Layout,RT Nagar,287.0,65.0,Not Applicable,Not Applicable,No,Not Applicable,537,UPI,13,3.1,4.7
2024-07-09 13:48:00,CNR8600714773,Canceled by Driver,CID670254,Prime SUV,Yeshwanthpur,Frazer Town,,,Not Applicable,Personal & Car related issue,Not Applicable,Not Applicable,2201,Not Applicable,0,,
2024-07-28 14:18:00,CNR6422672050,Success,CID897988,Mini,Ramamurthy Nagar,Indiranagar,217.0,60.0,Not Applicable,Not Applicable,No,Not Applicable,421,Cash,10,3.2,3.5
2024-07-21 15:19:00,CNR4819890615,Success,CID641330,Auto,Kengeri,Malleshwaram,49.0,125.0,Not Applicable,Not Applicable,No,Not Applicable,2872,UPI,3,4.1,4.4
2024-07-02 15:05:00,CNR1121541270,Canceled by Customer,CID981085,Prime Sedan,Mysore Road,Kengeri,,,Driver is not moving towards pickup location,Not Applicable,Not Applicable,Not Applicable,296,Not Applicable,0,,
2024-07-26 05:18:00,CNR8559970118,Success,CID544540,Prime Sedan,Bellandur,Yeshwanthpur,140.0,80.0,Not Applicable,Not Applicable,No,Not Applicable,257,UPI,18,4.4,4.8
2024-07-19 21:46:00,CNR2256827129,Canceled by Driver,CID911534,Mini,Sarjapur Road,Majestic,,,Not Applicable,More than permitted people in there,Not Applicable,Not Applicable,233,Not Applicable,0,,
2024-07-22 05:39:00,CNR3838675364,Success,CID847645,Prime Plus,Kammanahalli,BTM Layout,224.0,115.0,Not Applicable,Not Applicable,Yes,Vehicle Breakdown,138,Cash,31,5.0,4.9
2024-07-23 05:16:00,CNR5090951976,Success,CID270400,Prime Sedan,Koramangala,Ulsoor,161.0,45.0,Not Applicable,Not Applicable,No,Not Applicable,499,UPI,29,4.7,4.5
2024-07-20 06:02:00,CNR7539232914,Success,CID752781,Prime Plus,RT Nagar,Kadugodi,273.0,65.0,Not Applicable,Not Applicable,Yes,Other Issue,514,UPI,42,4.7,4.7
2024-07-02 17:23:00,CNR8726886506,Success,CID860700,Auto,Marathahalli,Ramamurthy Nagar,147.0,145.0,Not Applicable,Not Applicable,No,Not Applicable,114,Cash,5,3.4,4.5
2024-07-21 01:54:00,CNR8018230317,Success,CID562318,Auto,Yeshwanthpur,Vijayanagar,168.0,60.0,Not Applicable,Not Applicable,No,Not Applicable,483,UPI,5,3.8,4.5
2024-07-30 07:26:00,CNR1515192979,Success,CID414054,Prime Plus,Hennur,Yelahanka,266.0,145.0,Not Applicable,Not Applicable,No,Not Applicable,432,UPI,44,3.5,3.9
2024-07-21 09:21:00,CNR2047400843,Driver Not Found,CID876533,Prime Sedan,Hennur,Hulimavu,,,Not Applicable,Not Applicable,Not Applicable,Not Applicable,219,Not Applicable,0,,
2024-07-12 08:04:00,CNR4683061060,Success,CID525026,Prime SUV,KR Puram,Koramangala,259.0,80.0,Not Applicable,Not Applicable,No,Not Applicable,415,Cash,31,3.1,4.9
2024-07-16 11:04:00,CNR5078395778,Canceled by Driver,CID389014,Mini,Yeshwanthpur,Magadi Road,,,Not Applicable,More than permitted people in there,Not Applicable,Not Applicable,324,Not Applicable,0,,
2024-07-26 01:19:00,CNR2001862597,Canceled by Driver,CID714583,Auto,BTM Layout,Ramamurthy Nagar,,,Not Applicable,Personal & Car related issue,Not Applicable,Not Applicable,721,Not Applicable,0,,
2024-07-29 05:17:00,CNR5002424548,Success,CID632189,Bike,Electronic City,Bellandur,42.0,95.0,Not Applicable,Not Applicable,No,Not Applicable,205,Cash,4,3.7,4.9
2024-07-03 16:53:00,CNR5550966444,Success,CID177287,Prime SUV,Varthur,Basavanagudi,182.0,130.0,Not Applicable,Not Applicable,Yes,Vehicle Breakdown,2223,Cash,6,4.6,3.0
2024-07-10 11:31:00,CNR9566587601,Success,CID745427,eBike,Mysore Road,Cox Town,35.0,80.0,Not Applicable,Not Applicable,No,Not Applicable,179,Cash,2,4.2,3.5
2024-07-10 09:15:00,CNR8101245925,Success,CID950224,Prime Sedan,Malleshwaram,Tumkur Road,196.0,120.0,Not Applicable,Not Applicable,No,Not Applicable,959,Cash,17,3.3,4.3
2024-07-03 17:55:00,CNR4882187867,Canceled by Driver,CID113521,eBike,Ramamurthy Nagar,KR Puram,,,Not Applicable,Customer related issue,Not Applicable,Not Applicable,247,Not Applicable,0,,
2024-07-10 04:03:00,CNR3612023095,Success,CID329755,Prime Sedan,Bellandur,Sahakar Nagar,308.0,90.0,Not Applicable,Not Applicable,Yes,Other Issue,257,Cash,36,3.3,3.7
2024-07-02 09:54:00,CNR1410343839,Success,CID421474,eBike,Yeshwanthpur,Ramamurthy Nagar,70.0,95.0,Not Applicable,Not Applicable,No,Not Applicable,192,Cash,37,3.8,3.9
2024-07-06 11:17:00,CNR6917109437,Success,CID192995,Prime Sedan,Kadugodi,KR Puram,154.0,110.0,Not Applicable,Not Applicable,Yes,Customer Demand,450,Debit Card,40,4.7,3.5
2024-07-13 07:38:00,CNR1238312945,Success,CID322805,eBike,Kadugodi,Bellandur,77.0,80.0,Not Applicable,Not Applicable,No,Not Applicable,184,Cash,40,3.8,3.5
2024-07-25 18:03:00,CNR7587717418,Success,CID146621,Prime SUV,Banashankari,Bannerghatta Road,294.0,65.0,Not Applicable,Not Applicable,No,Not Applicable,310,Cash,9,3.4,3.2
2024-07-21 05:25:00,CNR6357632000,Success,CID241730,Mini,Nagarbhavi,Rajajinagar,231.0,40.0,Not Applicable,Not Applicable,No,Not Applicable,217,Cash,41,4.2,3.8
2024-07-23 16:21:00,CNR9713948394,Success,CID169274,Bike,Rajajinagar,Bannerghatta Road,42.0,115.0,Not Applicable,Not Applicable,No,Not Applicable,384,Cash,29,4.2,4.6
2024-07-20 14:16:00,CNR5009982234,Success,CID284402,Prime SUV,Koramangala,Magadi Road,287.0,130.0,Not Applicable,Not Applicable,No,Not Applicable,110,Cash,24,4.5,4.6
2024-07-13 16:17:00,CNR8258037167,Success,CID766841,Auto,Electronic City,Marathahalli,266.0,30.0,Not Applicable,Not Applicable,No,Not Applicable,348,Cash,4,4.5,4.3
2024-07-01 00:22:00,CNR2589789915,Success,CID229613,Mini,Yeshwanthpur,Chickpet,245.0,145.0,Not Applicable,Not Applicable,No,Not Applicable,544,Cash,7,3.9,5.0
2024-07-19 03:09:00,CNR4551191498,Success,CID176199,eBike,Sahakar Nagar,Varthur,259.0,75.0,Not Applicable,Not Applicable,No,Not Applicable,1834,UPI,28,4.8,4.2
2024-07-20 20:32:00,CNR8809511612,Success,CID604211,Prime SUV,Koramangala,Chickpet,196.0,115.0,Not Applicable,Not Applicable,No,Not Applicable,425,Credit Card,35,4.4,3.2
2024-07-07 01:03:00,CNR5750005966,Canceled by Driver,CID130282,eBike,Mysore Road,Rajajinagar,,,Not Applicable,Customer related issue,Not Applicable,Not Applicable,383,Not Applicable,0,,
2024-07-16 03:08:00,CNR7450972013,Success,CID541194,Prime SUV,Langford Town,Sahakar Nagar,245.0,95.0,Not Applicable,Not Applicable,No,Not Applicable,375,Cash,21,4.2,3.2
2024-07-07 02:01:00,CNR3710367412,Canceled by Driver,CID212566,eBike,Peenya,Sarjapur Road,,,Not Applicable,Customer related issue,Not Applicable,Not Applicable,470,Not Applicable,0,,
2024-07-27 21:42:00,CNR7794690302,Success,CID317614,Prime Plus,Chickpet,Hebbal,245.0,30.0,Not Applicable,Not Applicable,No,Not Applicable,539,Cash,21,4.9,4.9
2024-07-16 21:04:00,CNR9745278472,Success,CID382013,Auto,Kadugodi,KR Puram,252.0,80.0,Not Applicable,Not Applicable,No,Not Applicable,500,Cash,12,3.3,4.8
2024-07-01 14:29:00,CNR6571459158,Success,CID511539,Bike,HSR Layout,Varthur,63.0,140.0,Not Applicable,Not Applicable,No,Not Applicable,114,Cash,4,3.6,4.1
2024-07-10 20:38:00,CNR1720666137,Success,CID475104,Auto,Tumkur Road,Tumkur Road,175.0,105.0,Not Applicable,Not Applicable,No,Not Applicable,212,Cash,9,3.1,4.6
2024-07-12 12:12:00,CNR5804837990,Canceled by Driver,CID897252,Auto,Vijayanagar,Marathahalli,,,Not Applicable,Customer related issue,Not Applicable,Not Applicable,437,Not Applicable,0,,
2024-07-07 11:04:00,CNR3946173482,Success,CID311847,eBike,Chickpet,Bannerghatta Road,49.0,65.0,Not Applicable,Not Applicable,No,Not Applicable,498,Cash,36,3.7,4.0
2024-07-07 08:19:00,CNR4384972029,Success,CID459123,Prime SUV,Yelahanka,Basavanagudi,133.0,130.0,Not Applicable,Not Applicable,No,Not Applicable,108,Cash,3,3.5,3.4
2024-07-09 13:00:00,CNR7424644996,Success,CID687060,Prime Sedan,Indiranagar,Bannerghatta Road,203.0,120.0,Not Applicable,Not Applicable,No,Not Applicable,423,Cash,40,3.5,3.3
2024-07-20 23:23:00,CNR1316585876,Success,CID413600,Prime SUV,Kadugodi,Sahakar Nagar,231.0,95.0,Not Applicable,Not Applicable,No,Not Applicable,2478,UPI,8,4.6,3.5
2024-07-11 20:33:00,CNR1577194972,Canceled by Customer,CID861701,Prime Sedan,Cox Town,RT Nagar,,,Wrong Address,Not Applicable,Not Applicable,Not Applicable,317,Not Applicable,0,,
2024-07-28 22:42:00,CNR6751767954,Success,CID238875,Auto,Yelahanka,Richmond Town,42.0,140.0,Not Applicable,Not Applicable,No,Not Applicable,723,Cash,13,3.6,4.8
2024-07-17 03:29:00,CNR3278277859,Success,CID458099,Prime Plus,Sarjapur Road,Banashankari,161.0,75.0,Not Applicable,Not Applicable,No,Not Applicable,933,UPI,36,4.1,3.1
2024-07-28 10:03:00,CNR6572172795,Success,CID967761,Auto,Frazer Town,Sarjapur Road,238.0,110.0,Not Applicable,Not Applicable,No,Not Applicable,347,Cash,4,3.9,3.3
2024-07-05 11:01:00,CNR1144629811,Success,CID398272,Prime Sedan,Magadi Road,Langford Town,245.0,125.0,Not Applicable,Not Applicable,No,Not Applicable,737,UPI,40,4.7,4.7
2024-07-22 00:27:00,CNR3850903476,Success,CID539380,Mini,Richmond Town,Basavanagudi,42.0,55.0,Not Applicable,Not Applicable,No,Not Applicable,695,UPI,22,3.0,4.0
2024-07-19 19:29:00,CNR5013189581,Canceled by Driver,CID138725,Mini,Whitefield,Chickpet,,,Not Applicable,Customer was coughing/sick,Not Applicable,Not Applicable,147,Not Applicable,0,,
2024-07-09 00:00:00,CNR5915707469,Canceled by Customer,CID680869,Prime SUV,Jayanagar,Cox Town,,,Change of plans,Not Applicable,Not Applicable,Not Applicable,471,Not Applicable,0,,
2024-07-10 15:52:00,CNR6023395484,Success,CID688536,Auto,Marathahalli,Hulimavu,273.0,100.0,Not Applicable,Not Applicable,No,Not Applicable,533,Cash,5,3.6,4.7
2024-07-10 20:04:00,CNR8361967800,Success,CID187492,Prime Sedan,Devanahalli,Kammanahalli,42.0,35.0,Not Applicable,Not Applicable,No,Not Applicable,238,Cash,15,4.5,4.8
2024-07-09 21:02:00,CNR7428404210,Success,CID135245,Mini,Langford Town,RT Nagar,63.0,75.0,Not Applicable,Not Applicable,No,Not Applicable,209,Cash,45,4.7,3.4
2024-07-05 15:00:00,CNR6072601837,Success,CID756178,Auto,Kammanahalli,Ulsoor,147.0,90.0,Not Applicable,Not Applicable,No,Not Applicable,108,Cash,14,3.9,3.1
2024-07-11 10:19:00,CNR3165309649,Success,CID724860,Prime Sedan,Ulsoor,Padmanabhanagar,56.0,30.0,Not Applicable,Not Applicable,No,Not Applicable,106,Credit Card,35,4.6,3.3
2024-07-23 17:40:00,CNR3218862526,Driver Not Found,CID366796,Bike,Kadugodi,Mysore Road,,,Not Applicable,Not Applicable,Not Applicable,Not Applicable,176,Not Applicable,0,,
2024-07-13 03:34:00,CNR8811582638,Canceled by Driver,CID653999,Prime Plus,Bannerghatta Road,Ulsoor,,,Not Applicable,Customer was coughing/sick,Not Applicable,Not Applicable,1016,Not Applicable,0,,
2024-07-27 11:50:00,CNR2880975445,Success,CID836338,Prime SUV,RT Nagar,Majestic,224.0,135.0,Not Applicable,Not Applicable,No,Not Applicable,218,Cash,18,4.5,4.6
2024-07-08 07:58:00,CNR4695992934,Canceled by Customer,CID387473,Prime SUV,RT Nagar,Hosur Road,,,Driver is not moving towards pickup location,Not Applicable,Not Applicable,Not Applicable,329,Not Applicable,0,,
2024-07-18 04:12:00,CNR3147483754,Success,CID637239,Auto,Varthur,Banashankari,175.0,90.0,Not Applicable,Not Applicable,No,Not Applicable,373,Cash,2,3.6,4.9
2024-07-02 16:40:00,CNR4101782902,Success,CID744976,Mini,JP Nagar,Sarjapur Road,49.0,45.0,Not Applicable,Not Applicable,No,Not Applicable,108,Cash,15,4.3,3.8
2024-07-06 23:01:00,CNR9886894036,Canceled by Driver,CID226709,Bike,Banashankari,Bellandur,,,Not Applicable,Customer related issue,Not Applicable,Not Applicable,304,Not Applicable,0,,
2024-07-26 20:22:00,CNR9344736508,Success,CID188923,Prime SUV,Indiranagar,Kammanahalli,224.0,130.0,Not Applicable,Not Applicable,No,Not Applicable,303,UPI,7,4.4,3.7
2024-07-03 14:16:00,CNR7611105768,Success,CID275801,Prime Plus,RT Nagar,Banashankari,42.0,30.0,Not Applicable,Not Applicable,No,Not Applicable,112,UPI,3,3.3,3.9
2024-07-21 00:34:00,CNR6249725306,Success,CID689232,eBike,Kadugodi,Electronic City,259.0,55.0,Not Applicable,Not Applicable,No,Not Applicable,937,Cash,17,3.0,3.1
2024-07-11 07:58:00,CNR5683350504,Driver Not Found,CID985752,Prime SUV,Marathahalli,Jayanagar,,,Not Applicable,Not Applicable,Not Applicable,Not Applicable,2986,Not Applicable,0,,
2024-07-13 10:25:00,CNR2401864347,Driver Not Found,CID438861,eBike,Kadugodi,Kammanahalli,,,Not Applicable,Not Applicable,Not Applicable,Not Applicable,485,Not Applicable,0,,
2024-07-12 15:54:00,CNR3065436259,Driver Not Found,CID310273,eBike,Whitefield,Yeshwanthpur,,,Not Applicable,Not Applicable,Not Applicable,Not Applicable,284,Not Applicable,0,,
2024-07-08 04:30:00,CNR5924700971,Success,CID729409,Prime SUV,Sahakar Nagar,Koramangala,273.0,90.0,Not Applicable,Not Applicable,No,Not Applicable,477,Credit Card,47,3.0,3.5
2024-07-03 17:00:00,CNR8562771598,Success,CID242343,Prime Sedan,Hosur Road,KR Puram,56.0,60.0,Not Applicable,Not Applicable,No,Not Applicable,241,Cash,47,3.1,4.2
2024-07-17 19:58:00,CNR5148836265,Success,CID875471,eBike,Padmanabhanagar,MG Road,217.0,140.0,Not Applicable,Not Applicable,No,Not Applicable,271,Cash,9,4.7,3.7
2024-07-17 02:25:00,CNR3461589037,Success,CID196706,Prime Plus,Sahakar Nagar,Marathahalli,266.0,60.0,Not Applicable,Not Applicable,No,Not Applicable,867,Cash,6,3.5,4.1
2024-07-14 23:56:00,CNR5490952743,Success,CID500918,eBike,Marathahalli,Bannerghatta Road,259.0,125.0,Not Applicable,Not Applicable,No,Not Applicable,728,UPI,37,4.9,3.5
2024-07-24 11:35:00,CNR8409713090,Success,CID636285,eBike,Richmond Town,Electronic City,189.0,110.0,Not Applicable,Not Applicable,No,Not Applicable,268,UPI,15,4.0,3.1
2024-07-14 07:18:00,CNR4953843835,Canceled by Driver,CID194791,Prime Sedan,Varthur,Sarjapur Road,,,Not Applicable,Customer was coughing/sick,Not Applicable,Not Applicable,485,Not Applicable,0,,
2024-07-02 13:15:00,CNR7968739414,Canceled by Driver,CID774633,Prime Sedan,Peenya,Ulsoor,,,Not Applicable,Personal & Car related issue,Not Applicable,Not Applicable,2711,Not Applicable,0,,
2024-07-07 02:24:00,CNR6211229548,Canceled by Driver,CID497385,Mini,Vijayanagar,Varthur,,,Not Applicable,Customer was coughing/sick,Not Applicable,Not Applicable,410,Not Applicable,0,,
2024-07-06 19:12:00,CNR8512446755,Success,CID549591,Prime SUV,Langford Town,Padmanabhanagar,168.0,35.0,Not Applicable,Not Applicable,No,Not Applicable,891,Debit Card,11,3.5,4.8
2024-07-21 16:29:00,CNR1370359588,Success,CID489172,Prime Sedan,Chickpet,Chickpet,301.0,35.0,Not Applicable,Not Applicable,No,Not Applicable,111,UPI,14,3.9,4.4
2024-07-27 01:03:00,CNR8669215768,Success,CID534491,Prime Plus,Koramangala,Hebbal,217.0,85.0,Not Applicable,Not Applicable,No,Not Applicable,450,Cash,42,4.5,4.4
2024-07-01 09:15:00,CNR3823674080,Success,CID782350,Mini,Tumkur Road,Sahakar Nagar,56.0,125.0,Not Applicable,Not Applicable,No,Not Applicable,329,Cash,12,4.7,4.0
2024-07-14 16:24:00,CNR9150250017,Success,CID843744,Mini,Hulimavu,BTM Layout,175.0,135.0,Not Applicable,Not Applicable,No,Not Applicable,371,Cash,21,3.8,4.1
2024-07-14 12:32:00,CNR6221192116,Success,CID384467,Bike,Kadugodi,BTM Layout,42.0,40.0,Not Applicable,Not Applicable,No,Not Applicable,468,UPI,24,4.3,4.8
2024-07-22 12:50:00,CNR3442844959,Success,CID348922,Prime SUV,Hennur,Frazer Town,189.0,70.0,Not Applicable,Not Applicable,Yes,Vehicle Breakdown,440,UPI,5,3.1,4.8
2024-07-12 07:50:00,CNR6908312792,Success,CID393375,Prime Sedan,Jayanagar,MG Road,231.0,145.0,Not Applicable,Not Applicable,No,Not Applicable,2877,UPI,19,4.9,3.6
2024-07-29 18:13:00,CNR8429512114,Success,CID607720,Prime SUV,Cox Town,Bannerghatta Road,294.0,115.0,Not Applicable,Not Applicable,No,Not Applicable,745,Cash,3,3.9,3.8
2024-07-27 05:02:00,CNR5907811227,Success,CID239786,eBike,JP Nagar,Padmanabhanagar,182.0,85.0,Not Applicable,Not Applicable,No,Not Applicable,136,UPI,24,4.7,4.6
2024-07-08 08:54:00,CNR5704898505,Canceled by Customer,CID448820,Prime Plus,Ulsoor,Sahakar Nagar,,,Wrong Address,Not Applicable,Not Applicable,Not Applicable,810,Not Applicable,0,,
2024-07-19 00:33:00,CNR5059344215,Success,CID590897,eBike,Banashankari,Kadugodi,287.0,40.0,Not Applicable,Not Applicable,No,Not Applicable,244,UPI,33,4.8,4.3
2024-07-08 04:18:00,CNR9167572019,Success,CID625124,eBike,Hulimavu,Hennur,140.0,140.0,Not Applicable,Not Applicable,No,Not Applicable,286,Cash,47,4.4,3.0
2024-07-04 23:21:00,CNR4345674708,Canceled by Driver,CID335086,Mini,Varthur,Ramamurthy Nagar,,,Not Applicable,More than permitted people in there,Not Applicable,Not Applicable,263,Not Applicable,0,,
2024-07-24 02:07:00,CNR9587160574,Canceled by Driver,CID930507,eBike,Banashankari,Hosur Road,,,Not Applicable,Personal & Car related issue,Not Applicable,Not Applicable,161,Not Applicable,0,,
2024-07-06 04:44:00,CNR6958991021,Canceled by Customer,CID159674,Prime Sedan,Sahakar Nagar,Bellandur,,,Change of plans,Not Applicable,Not Applicable,Not Applicable,441,Not Applicable,0,,
2024-07-14 12:12:00,CNR2735528264,Success,CID289662,Prime Plus,Bellandur,Varthur,252.0,35.0,Not Applicable,Not Applicable,No,Not Applicable,2383,Cash,36,3.6,4.7
2024-07-25 23:09:00,CNR3941315368,Success,CID952452,Mini,Bannerghatta Road,Marathahalli,42.0,105.0,Not Applicable,Not Applicable,No,Not Applicable,323,UPI,48,4.6,3.6
2024-07-11 15:18:00,CNR2400229666,Success,CID653853,Mini,Ulsoor,Cox Town,35.0,125.0,Not Applicable,Not Applicable,No,Not Applicable,130,UPI,26,3.3,3.1
2024-07-16 07:30:00,CNR6960821726,Canceled by Customer,CID555858,Auto,Yeshwanthpur,Magadi Road,,,Driver is not moving towards pickup location,Not Applicable,Not Applicable,Not Applicable,147,Not Applicable,0,,
2024-07-04 06:33:00,CNR3900275920,Success,CID955038,Prime Plus,Rajajinagar,Hebbal,182.0,110.0,Not Applicable,Not Applicable,No,Not Applicable,399,UPI,41,3.7,4.9
2024-07-20 00:08:00,CNR5656324925,Success,CID617702,Prime SUV,Hebbal,Cox Town,105.0,60.0,Not Applicable,Not Applicable,No,Not Applicable,766,Cash,28,3.3,3.5
2024-07-09 01:27:00,CNR8330412384,Success,CID137326,Mini,Vijayanagar,RT Nagar,77.0,140.0,Not Applicable,Not Applicable,No,Not Applicable,2075,UPI,31,4.1,3.2
2024-07-10 01:26:00,CNR4858629840,Success,CID265332,Prime Sedan,JP Nagar,Ramamurthy Nagar,70.0,65.0,Not Applicable,Not Applicable,No,Not Applicable,404,UPI,34,3.9,3.1
2024-07-11 18:05:00,CNR6279016191,Success,CID143060,Prime SUV,Kadugodi,MG Road,77.0,30.0,Not Applicable,Not Applicable,No,Not Applicable,210,Cash,23,3.4,3.1
2024-07-10 16:07:00,CNR9252116555,Success,CID963663,Mini,KR Puram,Vijayanagar,133.0,50.0,Not Applicable,Not Applicable,No,Not Applicable,1220,UPI,41,3.5,4.9
2024-07-12 19:03:00,CNR7230998801,Driver Not Found,CID312790,Prime SUV,KR Puram,Jayanagar,,,Not Applicable,Not Applicable,Not Applicable,Not Applicable,364,Not Applicable,0,,
2024-07-26 13:51:00,CNR4826149837,Success,CID720140,Bike,Ulsoor,Electronic City,140.0,100.0,Not Applicable,Not Applicable,No,Not Applicable,134,Cash,14,4.2,3.1
2024-07-08 07:36:00,CNR8666833259,Success,CID774444,eBike,BTM Layout,Padmanabhanagar,42.0,105.0,Not Applicable,Not Applicable,No,Not Applicable,545,UPI,37,4.0,4.7
2024-07-30 09:22:00,CNR6869467098,Success,CID203377,Prime Sedan,Basavanagudi,Ulsoor,273.0,85.0,Not Applicable,Not Applicable,No,Not Applicable,1858,Cash,44,4.3,4.2
2024-07-20 08:08:00,CNR7381933355,Success,CID526186,Prime Sedan,Marathahalli,Electronic City,84.0,55.0,Not Applicable,Not Applicable,Yes,Customer Demand,761,UPI,42,4.2,4.1
2024-07-06 19:25:00,CNR4617243588,Canceled by Driver,CID200049,Prime Sedan,Rajajinagar,Malleshwaram,,,Not Applicable,Personal & Car related issue,Not Applicable,Not Applicable,422,Not Applicable,0,,
2024-07-16 17:50:00,CNR2690186003,Canceled by Driver,CID768859,Prime SUV,Ramamurthy Nagar,Indiranagar,,,Not Applicable,Personal & Car related issue,Not Applicable,Not Applicable,1640,Not Applicable,0,,
2024-07-01 17:36:00,CNR9045972803,Canceled by Customer,CID494523,eBike,Rajarajeshwari Nagar,Mysore Road,,,Driver is not moving towards pickup location,Not Applicable,Not Applicable,Not Applicable,302,Not Applicable,0,,
2024-07-06 09:03:00,CNR3514409004,Canceled by Customer,CID915704,Bike,Rajarajeshwari Nagar,Cox Town,,,Driver is not moving towards pickup location,Not Applicable,Not Applicable,Not Applicable,308,Not Applicable,0,,
2024-07-17 15:46:00,CNR8480109827,Success,CID285454,Auto,Hosur Road,Malleshwaram,287.0,90.0,Not Applicable,Not Applicable,No,Not Applicable,213,Cash,11,4.7,3.7
2024-07-19 16:20:00,CNR1442131605,Success,CID801373,Prime Plus,Chickpet,Magadi Road,182.0,105.0,Not Applicable,Not Applicable,No,Not Applicable,267,UPI,39,3.9,4.8
2024-07-21 13:22:00,CNR7733551330,Canceled by Driver,CID786270,Bike,Indiranagar,Ulsoor,,,Not Applicable,Personal & Car related issue,Not Applicable,Not Applicable,493,Not Applicable,0,,
2024-07-09 12:24:00,CNR3458847185,Success,CID795508,Prime SUV,Rajajinagar,HSR Layout,252.0,95.0,Not Applicable,Not Applicable,No,Not Applicable,2307,Cash,21,4.0,3.8
2024-07-06 20:51:00,CNR2585464449,Canceled by Driver,CID255149,Mini,Hennur,Kengeri,,,Not Applicable,Personal & Car related issue,Not Applicable,Not Applicable,376,Not Applicable,0,,
2024-07-27 12:27:00,CNR4072159816,Driver Not Found,CID593642,Prime Sedan,Chamarajpet,Rajarajeshwari Nagar,,,Not Applicable,Not Applicable,Not Applicable,Not Applicable,268,Not Applicable,0,,
2024-07-28 13:45:00,CNR6346641980,Driver Not Found,CID109066,Mini,Frazer Town,Vijayanagar,,,Not Applicable,Not Applicable,Not Applicable,Not Applicable,412,Not Applicable,0,,
2024-07-05 18:31:00,CNR1024310579,Success,CID320029,eBike,Vijayanagar,Peenya,56.0,120.0,Not Applicable,Not Applicable,No,Not Applicable,568,UPI,29,4.4,4.1
2024-07-13 10:58:00,CNR6967880564,Canceled by Driver,CID834847,eBike,Kammanahalli,Richmond Town,,,Not Applicable,Personal & Car related issue,Not Applicable,Not Applicable,138,Not Applicable,0,,
2024-07-20 01:53:00,CNR5093478061,Driver Not Found,CID978548,Auto,Hebbal,Frazer Town,,,Not Applicable,Not Applicable,Not Applicable,Not Applicable,938,Not Applicable,0,,
2024-07-01 06:41:00,CNR6941314214,Success,CID794259,Prime Plus,Mysore Road,Hennur,175.0,90.0,Not Applicable,Not Applicable,No,Not Applicable,312,UPI,6,4.9,3.5
2024-07-09 14:15:00,CNR3953296081,Canceled by Driver,CID720433,Prime Plus,Indiranagar,Kammanahalli,,,Not Applicable,Personal & Car related issue,Not Applicable,Not Applicable,861,Not Applicable,0,,
2024-07-13 13:14:00,CNR5014764334,Canceled by Driver,CID726800,Prime Plus,Whitefield,Mysore Road,,,Not Applicable,Personal & Car related issue,Not Applicable,Not Applicable,495,Not Applicable,0,,
2024-07-25 12:26:00,CNR8528888785,Success,CID808500,Prime SUV,Sahakar Nagar,JP Nagar,308.0,130.0,Not Applicable,Not Applicable,No,Not Applicable,329,Cash,20,3.0,3.8
2024-07-02 09:42:00,CNR3703160757,Success,CID230452,Auto,Rajarajeshwari Nagar,Bannerghatta Road,70.0,50.0,Not Applicable,Not Applicable,No,Not Applicable,412,Cash,4,4.4,5.0
2024-07-09 16:46:00,CNR9082369972,Canceled by Customer,CID525668,Auto,Bannerghatta Road,RT Nagar,,,Change of plans,Not Applicable,Not Applicable,Not Applicable,158,Not Applicable,0,,
2024-07-26 00:03:00,CNR8417708477,Success,CID528687,Auto,Marathahalli,BTM Layout,189.0,75.0,Not Applicable,Not Applicable,No,Not Applicable,133,Cash,19,3.5,3.8
2024-07-23 03:13:00,CNR2605579865,Success,CID272590,Prime Sedan,Ramamurthy Nagar,Chamarajpet,63.0,120.0,Not Applicable,Not Applicable,No,Not Applicable,286,Cash,48,4.6,3.9
2024-07-08 13:53:00,CNR5140878384,Success,CID113884,Prime SUV,Peenya,HSR Layout,259.0,45.0,Not Applicable,Not Applicable,No,Not Applicable,676,UPI,41,3.3,4.9
2024-07-29 21:21:00,CNR5007297882,Success,CID921620,eBike,Whitefield,Rajarajeshwari Nagar,70.0,100.0,Not Applicable,Not Applicable,No,Not Applicable,198,UPI,42,3.1,3.5
2024-07-08 09:28:00,CNR4804539105,Canceled by Driver,CID370420,Auto,Sarjapur Road,Chamarajpet,,,Not Applicable,Customer was coughing/sick,Not Applicable,Not Applicable,488,Not Applicable,0,,
2024-07-10 14:15:00,CNR3575994614,Driver Not Found,CID590128,Prime Sedan,Magadi Road,Varthur,,,Not Applicable,Not Applicable,Not Applicable,Not Applicable,522,Not Applicable,0,,
2024-07-16 21:39:00,CNR3743062048,Success,CID402308,Mini,Jayanagar,Padmanabhanagar,203.0,95.0,Not Applicable,Not Applicable,No,Not Applicable,639,UPI,23,4.7,4.3
2024-07-09 07:32:00,CNR1406226891,Canceled by Driver,CID226238,Prime SUV,Nagarbhavi,Electronic City,,,Not Applicable,More than permitted people in there,Not Applicable,Not Applicable,305,Not Applicable,0,,
2024-07-13 11:33:00,CNR2205716170,Canceled by Driver,CID278065,Mini,Jayanagar,Kengeri,,,Not Applicable,Customer related issue,Not Applicable,Not Applicable,261,Not Applicable,0,,
2024-07-08 02:17:00,CNR9773878832,Success,CID828757,Prime Plus,Hennur,Mysore Road,56.0,115.0,Not Applicable,Not Applicable,No,Not Applicable,118,UPI,8,3.2,3.1
2024-07-19 14:14:00,CNR7523931468,Success,CID131740,eBike,Whitefield,Kengeri,189.0,145.0,Not Applicable,Not Applicable,No,Not Applicable,658,UPI,39,3.7,3.7
2024-07-23 04:33:00,CNR6289059544,Canceled by Customer,CID391177,Prime SUV,Koramangala,Sahakar Nagar,,,Driver asked to cancel,Not Applicable,Not Applicable,Not Applicable,424,Not Applicable,0,,
2024-07-30 09:07:00,CNR3898546579,Success,CID743306,Prime Plus,Chickpet,KR Puram,84.0,45.0,Not Applicable,Not Applicable,No,Not Applicable,170,UPI,26,4.9,4.1
2024-07-12 04:35:00,CNR3071716675,Success,CID649149,eBike,BTM Layout,Devanahalli,224.0,60.0,Not Applicable,Not Applicable,No,Not Applicable,310,Cash,13,4.9,3.8
2024-07-12 18:50:00,CNR5730252734,Success,CID720810,Auto,Bannerghatta Road,Shantinagar,56.0,55.0,Not Applicable,Not Applicable,No,Not Applicable,1242,Cash,10,3.2,4.6
2024-07-14 15:23:00,CNR9196260826,Success,CID384196,eBike,Peenya,Electronic City,35.0,140.0,Not Applicable,Not Applicable,No,Not Applicable,249,Cash,18,3.6,4.0
2024-07-17 07:03:00,CNR8267200892,Driver Not Found,CID942119,Prime SUV,Vijayanagar,Whitefield,,,Not Applicable,Not Applicable,Not Applicable,Not Applicable,447,Not Applicable,0,,
2024-07-12 04:52:00,CNR8137106009,Success,CID306830,Prime Plus,Indiranagar,JP Nagar,140.0,100.0,Not Applicable,Not Applicable,No,Not Applicable,244,Cash,43,4.5,4.0
2024-07-20 11:34:00,CNR5680357501,Success,CID673978,Auto,Padmanabhanagar,Cox Town,224.0,115.0,Not Applicable,Not Applicable,No,Not Applicable,328,UPI,11,4.8,3.3
2024-07-23 02:52:00,CNR3449220110,Success,CID726108,Prime Plus,Cox Town,RT Nagar,280.0,40.0,Not Applicable,Not Applicable,No,Not Applicable,329,UPI,45,4.7,4.9
2024-07-30 13:52:00,CNR5373768301,Success,CID380043,eBike,Majestic,Rajajinagar,119.0,65.0,Not Applicable,Not Applicable,No,Not Applicable,244,UPI,32,4.9,3.3
2024-07-10 03:48:00,CNR8241562869,Success,CID813322,Mini,Rajajinagar,Mysore Road,245.0,110.0,Not Applicable,Not Applicable,No,Not Applicable,452,UPI,39,4.2,4.7
2024-07-25 10:58:00,CNR8031404106,Canceled by Customer,CID258836,Prime Plus,Peenya,Padmanabhanagar,,,Driver asked to cancel,Not Applicable,Not Applicable,Not Applicable,455,Not Applicable,0,,
2024-07-22 23:35:00,CNR9944443869,Canceled by Driver,CID130559,Bike,Kengeri,Kammanahalli,,,Not Applicable,Customer related issue,Not Applicable,Not Applicable,429,Not Applicable,0,,
2024-07-06 21:56:00,CNR8528021565,Driver Not Found,CID624850,eBike,Chickpet,Rajarajeshwari Nagar,,,Not Applicable,Not Applicable,Not Applicable,Not Applicable,829,Not Applicable,0,,
2024-07-26 14:18:00,CNR3693333344,Canceled by Customer,CID559581,Mini,Marathahalli,Hebbal,,,AC is Not working,Not Applicable,Not Applicable,Not Applicable,465,Not Applicable,0,,
2024-07-03 22:41:00,CNR2130670195,Driver Not Found,CID268000,Prime Sedan,Vijayanagar,Tumkur Road,,,Not Applicable,Not Applicable,Not Applicable,Not Applicable,480,Not Applicable,0,,
2024-07-29 00:06:00,CNR3919030059,Success,CID210761,Prime Sedan,Hosur Road,Shantinagar,161.0,145.0,Not Applicable,Not Applicable,Yes,Customer Demand,679,Cash,29,4.3,5.0
2024-07-14 05:31:00,CNR5786476139,Success,CID887825,Auto,Vijayanagar,JP Nagar,77.0,135.0,Not Applicable,Not Applicable,No,Not Applicable,113,UPI,13,4.9,4.4
2024-07-11 13:49:00,CNR7867656715,Success,CID596051,Prime SUV,BTM Layout,Marathahalli,168.0,100.0,Not Applicable,Not Applicable,No,Not Applicable,419,UPI,29,3.3,4.9
2024-07-15 00:59:00,CNR8258447965,Success,CID802468,eBike,Basavanagudi,JP Nagar,294.0,130.0,Not Applicable,Not Applicable,No,Not Applicable,115,Cash,9,4.5,4.6
2024-07-11 01:56:00,CNR9973731431,Success,CID598951,Auto,Varthur,Chickpet,196.0,30.0,Not Applicable,Not Applicable,No,Not Applicable,182,Cash,4,3.9,3.0
2024-07-14 23:56:00,CNR8487136483,Success,CID761358,Prime Plus,Shantinagar,Rajajinagar,203.0,135.0,Not Applicable,Not Applicable,No,Not Applicable,497,Cash,45,4.6,3.7
2024-07-22 14:47:00,CNR6296400033,Success,CID228109,eBike,Langford Town,Frazer Town,105.0,75.0,Not Applicable,Not Applicable,No,Not Applicable,338,UPI,23,3.1,4.0
2024-07-14 23:12:00,CNR8860126946,Success,CID105011,Prime Plus,Sahakar Nagar,Kadugodi,217.0,30.0,Not Applicable,Not Applicable,No,Not Applicable,110,UPI,6,3.9,4.0
2024-07-18 19:43:00,CNR4105652169,Success,CID119055,Prime SUV,Nagarbhavi,Bannerghatta Road,168.0,110.0,Not Applicable,Not Applicable,No,Not Applicable,192,Cash,2,4.4,3.3
2024-07-08 18:48:00,CNR6877444625,Canceled by Driver,CID387507,Prime Plus,Hebbal,Nagarbhavi,,,Not Applicable,Customer related issue,Not Applicable,Not Applicable,200,Not Applicable,0,,
2024-07-26 14:52:00,CNR1021429213,Success,CID339049,Bike,Chickpet,Basavanagudi,245.0,115.0,Not Applicable,Not Applicable,No,Not Applicable,474,UPI,15,3.3,3.5
2024-07-21 10:18:00,CNR2047963279,Canceled by Customer,CID807507,Auto,Kengeri,MG Road,,,Wrong Address,Not Applicable,Not Applicable,Not Applicable,469,Not Applicable,0,,
2024-07-05 19:33:00,CNR8203055718,Success,CID719359,Prime Plus,Basavanagudi,Frazer Town,294.0,55.0,Not Applicable,Not Applicable,No,Not Applicable,281,UPI,25,4.1,4.6
2024-07-19 11:58:00,CNR8192600215,Canceled by Customer,CID503676,Prime Sedan,Majestic,Vijayanagar,,,Change of plans,Not Applicable,Not Applicable,Not Applicable,344,Not Applicable,0,,
2024-07-12 22:57:00,CNR7912495126,Canceled by Driver,CID364815,Prime SUV,Magadi Road,Devanahalli,,,Not Applicable,Personal & Car related issue,Not Applicable,Not Applicable,359,Not Applicable,0,,
2024-07-04 07:07:00,CNR7253718493,Success,CID974321,eBike,MG Road,Peenya,196.0,105.0,Not Applicable,Not Applicable,No,Not Applicable,477,Cash,4,3.6,4.7
2024-07-27 10:49:00,CNR3388703254,Success,CID981858,eBike,Indiranagar,Devanahalli,203.0,75.0,Not Applicable,Not Applicable,No,Not Applicable,427,UPI,32,4.3,4.0
2024-07-10 14:30:00,CNR7391225351,Success,CID717242,Bike,Tumkur Road,JP Nagar,238.0,115.0,Not Applicable,Not Applicable,No,Not Applicable,499,Cash,27,3.3,3.1
2024-07-25 14:22:00,CNR1900582887,Success,CID581961,Prime Sedan,Peenya,Bannerghatta Road,203.0,115.0,Not Applicable,Not Applicable,No,Not Applicable,110,UPI,48,3.2,3.9
2024-07-22 11:36:00,CNR2521674835,Canceled by Driver,CID507507,Bike,Majestic,Mysore Road,,,Not Applicable,Customer related issue,Not Applicable,Not Applicable,473,Not Applicable,0,,
2024-07-17 14:36:00,CNR6285581544,Canceled by Driver,CID708260,Auto,Chickpet,Varthur,,,Not Applicable,Customer related issue,Not Applicable,Not Applicable,329,Not Applicable,0,,
2024-07-13 10:38:00,CNR9508029421,Canceled by Driver,CID221348,Prime Plus,JP Nagar,Shantinagar,,,Not Applicable,Customer was coughing/sick,Not Applicable,Not Applicable,178,Not Applicable,0,,
2024-07-14 11:22:00,CNR3527082835,Success,CID894061,Mini,Koramangala,Indiranagar,140.0,145.0,Not Applicable,Not Applicable,No,Not Applicable,472,UPI,41,3.3,3.8
2024-07-07 00:57:00,CNR9628406768,Success,CID592747,Prime Sedan,Rajarajeshwari Nagar,Marathahalli,196.0,125.0,Not Applicable,Not Applicable,No,Not Applicable,473,Cash,39,4.8,3.8
2024-07-16 18:55:00,CNR9939866791,Success,CID933648,Prime Plus,Jayanagar,KR Puram,245.0,60.0,Not Applicable,Not Applicable,Yes,Customer Demand,376,Cash,7,3.5,3.9
2024-07-07 00:54:00,CNR1564748629,Success,CID831987,Mini,Rajarajeshwari Nagar,Bannerghatta Road,140.0,45.0,Not Applicable,Not Applicable,No,Not Applicable,119,Cash,48,4.4,4.7
2024-07-14 18:29:00,CNR1836035506,Success,CID261706,eBike,Tumkur Road,MG Road,112.0,75.0,Not Applicable,Not Applicable,No,Not Applicable,491,Cash,15,3.1,4.4
2024-07-12 14:13:00,CNR3634444546,Success,CID171311,eBike,Malleshwaram,Electronic City,210.0,85.0,Not Applicable,Not Applicable,No,Not Applicable,209,Cash,33,3.3,4.0
2024-07-01 02:55:00,CNR1454239906,Success,CID950240,Prime SUV,Hosur Road,RT Nagar,175.0,110.0,Not Applicable,Not Applicable,No,Not Applicable,121,Cash,46,3.6,4.6
2024-07-07 12:34:00,CNR1941788281,Canceled by Customer,CID349086,eBike,Ramamurthy Nagar,Langford Town,,,Driver is not moving towards pickup location,Not Applicable,Not Applicable,Not Applicable,264,Not Applicable,0,,
2024-07-15 01:11:00,CNR2179493412,Success,CID702008,eBike,MG Road,Mysore Road,231.0,140.0,Not Applicable,Not Applicable,No,Not Applicable,359,Cash,9,3.6,4.1
2024-07-29 16:52:00,CNR4773219384,Success,CID657807,Prime SUV,Kengeri,Mysore Road,217.0,105.0,Not Applicable,Not Applicable,No,Not Applicable,203,Cash,2,4.4,3.8
2024-07-10 14:33:00,CNR1296311247,Canceled by Customer,CID444049,Mini,Richmond Town,Sahakar Nagar,,,Wrong Address,Not Applicable,Not Applicable,Not Applicable,849,Not Applicable,0,,
2024-07-07 11:19:00,CNR3744595507,Success,CID800481,Prime Sedan,Hosur Road,Bellandur,287.0,90.0,Not Applicable,Not Applicable,No,Not Applicable,199,UPI,26,3.9,4.2
2024-07-04 18:44:00,CNR6129547802,Success,CID625036,Prime SUV,Electronic City,Varthur,77.0,140.0,Not Applicable,Not Applicable,No,Not Applicable,429,UPI,6,4.7,3.9
2024-07-26 08:49:00,CNR2830535692,Canceled by Driver,CID491704,Auto,Kengeri,Nagarbhavi,,,Not Applicable,Customer related issue,Not Applicable,Not Applicable,889,Not Applicable,0,,
2024-07-11 15:36:00,CNR4019946673,Success,CID214479,Prime Plus,Hebbal,Devanahalli,77.0,25.0,Not Applicable,Not Applicable,No,Not Applicable,392,Credit Card,26,3.8,3.9
2024-07-14 12:49:00,CNR8120207180,Success,CID559787,Prime SUV,Kengeri,Ulsoor,259.0,130.0,Not Applicable,Not Applicable,No,Not Applicable,939,Cash,25,3.8,3.3
2024-07-26 17:03:00,CNR5700312182,Canceled by Customer,CID142602,Auto,HSR Layout,Hennur,,,Driver is not moving towards pickup location,Not Applicable,Not Applicable,Not Applicable,347,Not Applicable,0,,
2024-07-27 08:17:00,CNR4960796733,Canceled by Driver,CID789778,Mini,Kadugodi,Kadugodi,,,Not Applicable,More than permitted people in there,Not Applicable,Not Applicable,166,Not Applicable,0,,
2024-07-24 12:30:00,CNR6879212821,Canceled by Driver,CID176169,Prime SUV,KR Puram,Chickpet,,,Not Applicable,Customer related issue,Not Applicable,Not Applicable,146,Not Applicable,0,,
2024-07-15 18:26:00,CNR6621235049,Success,CID792106,Mini,Banashankari,Vijayanagar,84.0,145.0,Not Applicable,Not Applicable,No,Not Applicable,311,Cash,17,4.6,4.6
2024-07-13 23:12:00,CNR9882732085,Success,CID747128,Prime Plus,Ulsoor,Kadugodi,259.0,95.0,Not Applicable,Not Applicable,No,Not Applicable,348,Cash,11,4.8,4.3
2024-07-09 04:56:00,CNR8245927315,Success,CID533570,Prime SUV,Whitefield,Shivajinagar,126.0,35.0,Not Applicable,Not Applicable,No,Not Applicable,402,Cash,25,4.9,4.0
2024-07-15 08:56:00,CNR5534000421,Success,CID441561,Prime Plus,Ulsoor,Magadi Road,77.0,40.0,Not Applicable,Not Applicable,No,Not Applicable,158,Cash,21,4.4,4.2
2024-07-08 09:47:00,CNR1437777173,Success,CID113659,Auto,Shantinagar,Banashankari,147.0,95.0,Not Applicable,Not Applicable,No,Not Applicable,960,Cash,7,4.4,3.6
2024-07-28 13:23:00,CNR3056220190,Success,CID811367,Prime SUV,Kammanahalli,Kammanahalli,35.0,120.0,Not Applicable,Not Applicable,No,Not Applicable,254,UPI,20,4.4,4.1
2024-07-14 18:10:00,CNR9428453135,Canceled by Customer,CID708377,Bike,Hulimavu,Hulimavu,,,AC is Not working,Not Applicable,Not Applicable,Not Applicable,418,Not Applicable,0,,
2024-07-14 07:12:00,CNR3559680639,Success,CID799672,Auto,Shantinagar,Kammanahalli,112.0,60.0,Not Applicable,Not Applicable,No,Not Applicable,468,Cash,1,3.5,3.2
2024-07-20 20:16:00,CNR4008870526,Success,CID769384,Prime Plus,Ulsoor,Kammanahalli,238.0,115.0,Not Applicable,Not Applicable,Yes,Other Issue,264,UPI,20,4.6,4.3
2024-07-27 02:29:00,CNR4823717522,Success,CID800738,Bike,HSR Layout,Bannerghatta Road,259.0,135.0,Not Applicable,Not Applicable,No,Not Applicable,274,UPI,24,3.5,3.8
2024-07-13 12:56:00,CNR4176822053,Success,CID652117,Mini,Marathahalli,Nagarbhavi,168.0,85.0,Not Applicable,Not Applicable,No,Not Applicable,817,Cash,18,3.6,4.0
2024-07-02 10:21:00,CNR6617093355,Success,CID320513,Prime Plus,Majestic,Hosur Road,154.0,75.0,Not Applicable,Not Applicable,No,Not Applicable,230,Cash,48,4.0,3.3
2024-07-12 19:20:00,CNR9605367740,Canceled by Customer,CID872870,Prime Sedan,Marathahalli,Yelahanka,,,Driver asked to cancel,Not Applicable,Not Applicable,Not Applicable,645,Not Applicable,0,,
2024-07-17 00:59:00,CNR7692815697,Driver Not Found,CID886869,Prime Plus,Sarjapur Road,KR Puram,,,Not Applicable,Not Applicable,Not Applicable,Not Applicable,498,Not Applicable,0,,
2024-07-30 19:26:00,CNR1376289810,Success,CID163335,Prime SUV,Koramangala,Yeshwanthpur,63.0,70.0,Not Applicable,Not Applicable,No,Not Applicable,318,UPI,16,4.2,3.3
2024-07-08 11:01:00,CNR1650177400,Canceled by Driver,CID358763,eBike,Shantinagar,Indiranagar,,,Not Applicable,Personal & Car related issue,Not Applicable,Not Applicable,387,Not Applicable,0,,
2024-07-20 12:04:00,CNR1714867416,Success,CID575491,eBike,Sahakar Nagar,Mysore Road,168.0,60.0,Not Applicable,Not Applicable,Yes,Vehicle Breakdown,307,UPI,10,4.0,4.8
2024-07-05 17:55:00,CNR5685803726,Success,CID498375,eBike,Marathahalli,Cox Town,238.0,50.0,Not Applicable,Not Applicable,No,Not Applicable,189,Cash,5,4.2,4.8
2024-07-21 19:42:00,CNR1218962282,Success,CID739774,Prime Sedan,Kengeri,Hebbal,245.0,40.0,Not Applicable,Not Applicable,No,Not Applicable,480,Cash,8,4.6,4.1
2024-07-23 04:21:00,CNR2975066657,Canceled by Customer,CID215316,Prime Sedan,Varthur,Koramangala,,,Driver is not moving towards pickup location,Not Applicable,Not Applicable,Not Applicable,2407,Not Applicable,0,,
2024-07-04 15:59:00,CNR6047529136,Success,CID868979,Prime SUV,Marathahalli,Kammanahalli,245.0,55.0,Not Applicable,Not Applicable,No,Not Applicable,435,Cash,30,4.8,4.6
2024-07-29 07:29:00,CNR1219000392,Canceled by Driver,CID329983,Prime Sedan,Hulimavu,Kammanahalli,,,Not Applicable,Personal & Car related issue,Not Applicable,Not Applicable,1226,Not Applicable,0,,
2024-07-10 13:06:00,CNR2349520793,Canceled by Customer,CID527440,Prime Plus,Whitefield,Padmanabhanagar,,,AC is Not working,Not Applicable,Not Applicable,Not Applicable,959,Not Applicable,0,,
2024-07-11 07:58:00,CNR3698074616,Success,CID559219,Prime Plus,Devanahalli,Sahakar Nagar,140.0,70.0,Not Applicable,Not Applicable,No,Not Applicable,375,UPI,11,4.1,4.6
2024-07-02 13:59:00,CNR4611937429,Success,CID918978,Mini,Vijayanagar,Rajarajeshwari Nagar,217.0,105.0,Not Applicable,Not Applicable,No,Not Applicable,478,Cash,3,3.8,3.7
2024-07-28 18:15:00,CNR2887941638,Success,CID918151,Prime Plus,Kammanahalli,Hosur Road,280.0,115.0,Not Applicable,Not Applicable,No,Not Applicable,669,UPI,27,4.5,3.1
2024-07-19 01:18:00,CNR2017069010,Success,CID838771,Prime Sedan,KR Puram,Shantinagar,224.0,40.0,Not Applicable,Not Applicable,No,Not Applicable,466,Cash,29,4.4,3.3
2024-07-08 13:11:00,CNR7891894457,Success,CID843158,Auto,Electronic City,Sarjapur Road,231.0,125.0,Not Applicable,Not Applicable,No,Not Applicable,199,Cash,13,3.2,4.7
2024-07-02 22:34:00,CNR1759178122,Success,CID758168,Prime SUV,Shivajinagar,Rajarajeshwari Nagar,175.0,130.0,Not Applicable,Not Applicable,No,Not Applicable,2786,UPI,42,4.9,3.6
2024-07-07 14:08:00,CNR9434783653,Success,CID471130,Prime Plus,Shantinagar,Ramamurthy Nagar,196.0,85.0,Not Applicable,Not Applicable,No,Not Applicable,736,UPI,48,4.7,3.3
2024-07-23 01:56:00,CNR4325700470,Success,CID437683,Prime SUV,Jayanagar,Hulimavu,203.0,50.0,Not Applicable,Not Applicable,No,Not Applicable,471,Credit Card,7,4.1,4.5
2024-07-24 21:21:00,CNR3503792550,Success,CID731484,Prime Plus,Richmond Town,JP Nagar,91.0,55.0,Not Applicable,Not Applicable,No,Not Applicable,261,UPI,6,5.0,3.5
2024-07-05 00:15:00,CNR2449879903,Success,CID191929,Prime Sedan,Indiranagar,JP Nagar,224.0,25.0,Not Applicable,Not Applicable,No,Not Applicable,402,Cash,27,4.7,4.3
2024-07-10 00:00:00,CNR3848463966,Success,CID735478,Bike,Basavanagudi,Hulimavu,238.0,105.0,Not Applicable,Not Applicable,No,Not Applicable,407,Cash,42,4.5,4.3
2024-07-06 04:45:00,CNR7857582550,Canceled by Driver,CID447998,Prime Sedan,Whitefield,Ramamurthy Nagar,,,Not Applicable,Customer related issue,Not Applicable,Not Applicable,397,Not Applicable,0,,
2024-07-03 00:24:00,CNR9875999836,Driver Not Found,CID769760,eBike,RT Nagar,Hebbal,,,Not Applicable,Not Applicable,Not Applicable,Not Applicable,169,Not Applicable,0,,
2024-07-16 11:06:00,CNR8009276652,Canceled by Driver,CID882295,Auto,Langford Town,Ulsoor,,,Not Applicable,Customer related issue,Not Applicable,Not Applicable,1419,Not Applicable,0,,
2024-07-27 23:14:00,CNR7485410526,Success,CID977485,eBike,BTM Layout,Whitefield,203.0,110.0,Not Applicable,Not Applicable,No,Not Applicable,296,UPI,43,4.2,4.3
2024-07-22 13:33:00,CNR4687074647,Success,CID367514,Mini,Tumkur Road,Vijayanagar,56.0,140.0,Not Applicable,Not Applicable,No,Not Applicable,894,Credit Card,18,4.0,3.7
2024-07-20 01:47:00,CNR4678997652,Canceled by Driver,CID880022,Prime SUV,Marathahalli,Rajajinagar,,,Not Applicable,Customer related issue,Not Applicable,Not Applicable,356,Not Applicable,0,,
2024-07-16 22:10:00,CNR2419274123,Driver Not Found,CID731163,Prime SUV,Kadugodi,Hennur,,,Not Applicable,Not Applicable,Not Applicable,Not Applicable,177,Not Applicable,0,,
2024-07-28 15:37:00,CNR1736752238,Driver Not Found,CID526764,eBike,Yeshwanthpur,Malleshwaram,,,Not Applicable,Not Applicable,Not Applicable,Not Applicable,1831,Not Applicable,0,,
2024-07-04 00:21:00,CNR6639017703,Canceled by Customer,CID253138,Prime Sedan,Indiranagar,Hebbal,,,Driver is not moving towards pickup location,Not Applicable,Not Applicable,Not Applicable,783,Not Applicable,0,,
2024-07-08 21:39:00,CNR7056214936,Success,CID659721,Mini,Whitefield,Rajajinagar,112.0,140.0,Not Applicable,Not Applicable,No,Not Applicable,441,UPI,3,4.3,4.3
2024-07-07 03:24:00,CNR4219139901,Success,CID582515,Mini,Hosur Road,Chickpet,294.0,145.0,Not Applicable,Not Applicable,No,Not Applicable,2873,Debit Card,3,3.6,4.6
2024-07-09 15:54:00,CNR8899416813,Driver Not Found,CID926807,Bike,Rajarajeshwari Nagar,BTM Layout,,,Not Applicable,Not Applicable,Not Applicable,Not Applicable,402,Not Applicable,0,,
2024-07-24 18:48:00,CNR6562509185,Canceled by Customer,CID828756,Bike,Langford Town,Hebbal,,,Driver is not moving towards pickup location,Not Applicable,Not Applicable,Not Applicable,370,Not Applicable,0,,
2024-07-03 05:59:00,CNR1180972362,Canceled by Driver,CID723998,Bike,BTM Layout,Vijayanagar,,,Not Applicable,Customer was coughing/sick,Not Applicable,Not Applicable,1221,Not Applicable,0,,
2024-07-21 01:12:00,CNR3425042113,Success,CID466868,eBike,Hulimavu,KR Puram,308.0,135.0,Not Applicable,Not Applicable,No,Not Applicable,304,UPI,9,3.8,4.6
2024-07-17 15:20:00,CNR7024404723,Success,CID575866,Prime Plus,Mysore Road,Shivajinagar,35.0,95.0,Not Applicable,Not Applicable,No,Not Applicable,121,UPI,23,5.0,4.9
2024-07-03 03:04:00,CNR1839562004,Success,CID954871,Mini,Frazer Town,Electronic City,266.0,25.0,Not Applicable,Not Applicable,No,Not Applicable,133,Cash,18,3.5,3.5
2024-07-06 03:44:00,CNR9153466544,Success,CID792154,eBike,Majestic,Bellandur,77.0,85.0,Not Applicable,Not Applicable,No,Not Applicable,175,Credit Card,45,4.2,4.1
2024-07-15 00:34:00,CNR9762721595,Driver Not Found,CID119760,Auto,Bannerghatta Road,HSR Layout,,,Not Applicable,Not Applicable,Not Applicable,Not Applicable,161,Not Applicable,0,,
2024-07-16 03:15:00,CNR5978278861,Success,CID709368,Prime Plus,Electronic City,Marathahalli,196.0,30.0,Not Applicable,Not Applicable,No,Not Applicable,439,Cash,29,4.8,4.1
2024-07-03 12:50:00,CNR2049640471,Driver Not Found,CID525252,Auto,Kadugodi,Devanahalli,,,Not Applicable,Not Applicable,Not Applicable,Not Applicable,461,Not Applicable,0,,
2024-07-12 14:35:00,CNR2065612414,Success,CID657728,Prime SUV,Chickpet,Tumkur Road,287.0,50.0,Not Applicable,Not Applicable,No,Not Applicable,341,UPI,10,3.7,5.0
2024-07-18 22:11:00,CNR7218463758,Success,CID530147,Prime Plus,Varthur,Yelahanka,56.0,45.0,Not Applicable,Not Applicable,No,Not Applicable,703,Cash,22,3.6,4.0
2024-07-30 00:27:00,CNR7082313633,Success,CID195385,eBike,HSR Layout,Cox Town,301.0,125.0,Not Applicable,Not Applicable,No,Not Applicable,111,UPI,5,3.5,4.0
2024-07-15 00:07:00,CNR4405829521,Success,CID490980,Bike,Shivajinagar,BTM Layout,161.0,135.0,Not Applicable,Not Applicable,No,Not Applicable,605,Cash,23,4.6,4.6
2024-07-30 02:47:00,CNR5783313362,Canceled by Driver,CID476928,Prime SUV,RT Nagar,Rajarajeshwari Nagar,,,Not Applicable,Customer was coughing/sick,Not Applicable,Not Applicable,587,Not Applicable,0,,
2024-07-29 22:32:00,CNR3060865691,Success,CID663569,Prime SUV,JP Nagar,Sahakar Nagar,147.0,35.0,Not Applicable,Not Applicable,No,Not Applicable,110,Cash,29,3.1,3.3
2024-07-16 05:50:00,CNR7994873368,Success,CID357476,Prime SUV,Langford Town,Richmond Town,252.0,105.0,Not Applicable,Not Applicable,No,Not Applicable,437,UPI,36,4.4,3.3
2024-07-14 13:34:00,CNR6462864932,Success,CID420791,Prime Sedan,MG Road,Devanahalli,280.0,40.0,Not Applicable,Not Applicable,No,Not Applicable,482,Cash,11,4.3,3.3
2024-07-30 21:12:00,CNR5819646191,Success,CID110199,Prime SUV,Hosur Road,Basavanagudi,287.0,130.0,Not Applicable,Not Applicable,No,Not Applicable,850,UPI,8,3.8,3.5
2024-07-13 02:15:00,CNR2257912538,Success,CID803491,Bike,Hosur Road,Banashankari,133.0,105.0,Not Applicable,Not Applicable,No,Not Applicable,876,UPI,2,3.4,3.7
2024-07-18 14:42:00,CNR1658329268,Success,CID711834,Prime Plus,Indiranagar,Chamarajpet,196.0,65.0,Not Applicable,Not Applicable,No,Not Applicable,134,Cash,45,3.6,3.0
2024-07-19 05:36:00,CNR6356970377,Success,CID437789,Prime Sedan,Kadugodi,Nagarbhavi,154.0,50.0,Not Applicable,Not Applicable,No,Not Applicable,539,UPI,17,4.1,3.6
2024-07-22 06:02:00,CNR2281413361,Canceled by Driver,CID176504,Auto,Whitefield,Malleshwaram,,,Not Applicable,Customer related issue,Not Applicable,Not Applicable,920,Not Applicable,0,,
2024-07-30 16:07:00,CNR1462072714,Success,CID782886,Auto,Hennur,Padmanabhanagar,266.0,55.0,Not Applicable,Not Applicable,No,Not Applicable,438,UPI,17,3.0,4.6
2024-07-09 20:33:00,CNR4528490428,Success,CID281151,Prime SUV,Kengeri,RT Nagar,210.0,85.0,Not Applicable,Not Applicable,No,Not Applicable,258,Cash,25,3.5,3.8
2024-07-23 12:56:00,CNR4240451738,Success,CID161190,eBike,Shivajinagar,Ulsoor,112.0,35.0,Not Applicable,Not Applicable,No,Not Applicable,532,Cash,49,3.2,3.7
2024-07-04 14:15:00,CNR9899168694,Success,CID653645,Prime Plus,Hosur Road,JP Nagar,245.0,35.0,Not Applicable,Not Applicable,No,Not Applicable,384,Cash,17,4.4,3.5
2024-07-19 21:16:00,CNR3352573421,Canceled by Customer,CID644105,Prime Plus,Koramangala,Shivajinagar,,,Driver is not moving towards pickup location,Not Applicable,Not Applicable,Not Applicable,136,Not Applicable,0,,
2024-07-13 02:36:00,CNR3088390609,Success,CID447871,Prime SUV,Kadugodi,Yelahanka,280.0,90.0,Not Applicable,Not Applicable,Yes,Customer Demand,430,Cash,35,3.4,3.6
2024-07-28 19:08:00,CNR6741174064,Success,CID543648,Bike,JP Nagar,Kadugodi,126.0,120.0,Not Applicable,Not Applicable,No,Not Applicable,302,UPI,45,4.7,3.4
2024-07-20 01:14:00,CNR1860538782,Success,CID336911,Prime SUV,MG Road,KR Puram,42.0,35.0,Not Applicable,Not Applicable,No,Not Applicable,116,UPI,45,4.9,3.1
2024-07-03 17:39:00,CNR4399635888,Success,CID309222,Prime SUV,Koramangala,Hennur,287.0,145.0,Not Applicable,Not Applicable,No,Not Applicable,127,Cash,31,5.0,3.7
2024-07-22 12:59:00,CNR2544775293,Success,CID485580,Prime SUV,Richmond Town,Sahakar Nagar,84.0,85.0,Not Applicable,Not Applicable,No,Not Applicable,830,Cash,13,4.7,4.2
2024-07-07 15:03:00,CNR1654787676,Success,CID820277,Bike,Bannerghatta Road,Hulimavu,210.0,105.0,Not Applicable,Not Applicable,No,Not Applicable,176,Cash,13,4.9,3.8
2024-07-09 13:25:00,CNR6340005027,Success,CID718171,Mini,Varthur,Marathahalli,35.0,95.0,Not Applicable,Not Applicable,No,Not Applicable,351,UPI,26,3.8,3.4
2024-07-12 02:04:00,CNR8719903904,Canceled by Driver,CID124521,Auto,Sarjapur Road,Jayanagar,,,Not Applicable,Customer was coughing/sick,Not Applicable,Not Applicable,465,Not Applicable,0,,
2024-07-09 06:15:00,CNR9129698195,Success,CID663390,Mini,Ramamurthy Nagar,Electronic City,287.0,90.0,Not Applicable,Not Applicable,No,Not Applicable,227,Cash,11,3.7,3.2
2024-07-18 20:57:00,CNR6764589537,Success,CID127765,Prime SUV,Majestic,Cox Town,189.0,100.0,Not Applicable,Not Applicable,No,Not Applicable,926,Cash,40,3.6,3.6
2024-07-03 20:38:00,CNR3712770136,Driver Not Found,CID937066,Bike,Kadugodi,Kadugodi,,,Not Applicable,Not Applicable,Not Applicable,Not Applicable,703,Not Applicable,0,,
2024-07-23 06:40:00,CNR1037856236,Success,CID921524,Prime Plus,Hennur,Majestic,308.0,90.0,Not Applicable,Not Applicable,No,Not Applicable,199,Cash,32,3.4,3.7
2024-07-02 04:35:00,CNR4209586531,Canceled by Driver,CID161157,Auto,JP Nagar,JP Nagar,,,Not Applicable,Personal & Car related issue,Not Applicable,Not Applicable,2851,Not Applicable,0,,
2024-07-04 18:04:00,CNR4101313273,Success,CID448701,eBike,Whitefield,Rajarajeshwari Nagar,182.0,80.0,Not Applicable,Not Applicable,No,Not Applicable,113,UPI,37,4.8,4.3
2024-07-24 09:37:00,CNR9592341722,Driver Not Found,CID166841,Auto,Richmond Town,Devanahalli,,,Not Applicable,Not Applicable,Not Applicable,Not Applicable,339,Not Applicable,0,,
2024-07-06 03:49:00,CNR5981582791,Success,CID273784,Prime SUV,Langford Town,Indiranagar,301.0,90.0,Not Applicable,Not Applicable,No,Not Applicable,449,Cash,42,4.9,3.3
2024-07-19 13:56:00,CNR3043092058,Success,CID493819,eBike,Shivajinagar,MG Road,252.0,60.0,Not Applicable,Not Applicable,No,Not Applicable,104,Cash,26,4.2,4.1
2024-07-17 14:17:00,CNR6958657541,Success,CID711893,Prime Sedan,KR Puram,Richmond Town,140.0,145.0,Not Applicable,Not Applicable,No,Not Applicable,380,Cash,15,3.1,4.5
2024-07-22 09:27:00,CNR8297683698,Success,CID712370,Prime Sedan,Hennur,Bannerghatta Road,280.0,40.0,Not Applicable,Not Applicable,No,Not Applicable,2783,Cash,18,3.6,3.6
2024-07-12 19:27:00,CNR5997736451,Canceled by Customer,CID344259,Auto,Frazer Town,Hennur,,,Driver is not moving towards pickup location,Not Applicable,Not Applicable,Not Applicable,833,Not Applicable,0,,
2024-07-30 18:36:00,CNR4520660864,Canceled by Driver,CID898095,Prime Sedan,Marathahalli,Yelahanka,,,Not Applicable,Personal & Car related issue,Not Applicable,Not Applicable,155,Not Applicable,0,,
2024-07-01 22:28:00,CNR3987247099,Success,CID703311,Auto,Kammanahalli,Hennur,301.0,45.0,Not Applicable,Not Applicable,No,Not Applicable,447,UPI,11,3.6,3.2
2024-07-07 17:49:00,CNR3068648874,Success,CID142420,Auto,JP Nagar,Hebbal,42.0,65.0,Not Applicable,Not Applicable,No,Not Applicable,432,UPI,7,3.6,3.3
2024-07-13 05:05:00,CNR8620504571,Success,CID454158,Mini,Hulimavu,Hulimavu,266.0,65.0,Not Applicable,Not Applicable,No,Not Applicable,292,UPI,33,4.1,5.0
2024-07-14 04:09:00,CNR3481284936,Success,CID989500,Prime SUV,Shantinagar,Bellandur,245.0,85.0,Not Applicable,Not Applicable,No,Not Applicable,837,UPI,46,4.1,3.9
2024-07-04 02:00:00,CNR6009504649,Success,CID474534,Prime SUV,Bannerghatta Road,Hulimavu,294.0,90.0,Not Applicable,Not Applicable,No,Not Applicable,346,Cash,30,4.0,3.9
2024-07-08 13:18:00,CNR5871422413,Success,CID154345,Prime Sedan,Malleshwaram,Devanahalli,231.0,100.0,Not Applicable,Not Applicable,No,Not Applicable,272,Cash,13,4.4,4.8
2024-07-15 08:50:00,CNR5026646280,Success,CID758766,Prime Sedan,Ramamurthy Nagar,Malleshwaram,147.0,140.0,Not Applicable,Not Applicable,No,Not Applicable,936,Cash,44,4.0,3.2
2024-07-10 11:53:00,CNR7925410444,Success,CID459559,Prime Plus,KR Puram,Cox Town,273.0,30.0,Not Applicable,Not Applicable,No,Not Applicable,439,Cash,13,4.9,4.5
2024-07-28 07:00:00,CNR3431487835,Success,CID999900,Mini,Varthur,Rajajinagar,161.0,50.0,Not Applicable,Not Applicable,No,Not Applicable,244,UPI,45,4.8,4.1
2024-07-24 15:54:00,CNR5491846545,Success,CID915129,Prime Plus,Mysore Road,Hebbal,301.0,25.0,Not Applicable,Not Applicable,No,Not Applicable,797,Cash,8,4.1,5.0
2024-07-11 17:31:00,CNR2049786634,Success,CID367487,Prime Plus,Hebbal,Langford Town,175.0,125.0,Not Applicable,Not Applicable,No,Not Applicable,242,UPI,33,4.2,4.6
2024-07-22 09:04:00,CNR1735190004,Success,CID924599,Bike,Shivajinagar,Majestic,287.0,30.0,Not Applicable,Not Applicable,No,Not Applicable,447,Cash,24,3.6,3.7
2024-07-14 14:23:00,CNR5617883916,Success,CID326672,Prime Sedan,Rajarajeshwari Nagar,Devanahalli,42.0,125.0,Not Applicable,Not Applicable,No,Not Applicable,988,Cash,40,4.8,4.3
2024-07-23 17:05:00,CNR3683124746,Canceled by Driver,CID908106,Prime Sedan,KR Puram,Hennur,,,Not Applicable,Customer was coughing/sick,Not Applicable,Not Applicable,279,Not Applicable,0,,
2024-07-22 10:10:00,CNR4493465762,Canceled by Customer,CID470273,Prime Plus,Shantinagar,Electronic City,,,Change of plans,Not Applicable,Not Applicable,Not Applicable,319,Not Applicable,0,,
2024-07-26 08:57:00,CNR6623188033,Success,CID655723,Prime Sedan,Langford Town,Cox Town,231.0,45.0,Not Applicable,Not Applicable,No,Not Applicable,278,Cash,37,3.6,4.8
2024-07-08 10:46:00,CNR8507183249,Driver Not Found,CID283885,eBike,Chickpet,RT Nagar,,,Not Applicable,Not Applicable,Not Applicable,Not Applicable,380,Not Applicable,0,,
2024-07-09 15:23:00,CNR6097555627,Canceled by Customer,CID191431,Auto,Bellandur,Jayanagar,,,Driver is not moving towards pickup location,Not Applicable,Not Applicable,Not Applicable,215,Not Applicable,0,,
2024-07-19 09:11:00,CNR3870994410,Canceled by Driver,CID350272,Bike,Hennur,Ramamurthy Nagar,,,Not Applicable,Customer related issue,Not Applicable,Not Applicable,838,Not Applicable,0,,
2024-07-02 15:37:00,CNR9168300382,Driver Not Found,CID114774,Auto,Basavanagudi,Peenya,,,Not Applicable,Not Applicable,Not Applicable,Not Applicable,222,Not Applicable,0,,
2024-07-17 18:36:00,CNR6692128871,Success,CID280262,Prime Plus,Indiranagar,Kengeri,231.0,125.0,Not Applicable,Not Applicable,No,Not Applicable,121,UPI,16,4.8,3.9
2024-07-29 18:17:00,CNR3813107695,Driver Not Found,CID599959,Prime Sedan,Whitefield,Nagarbhavi,,,Not Applicable,Not Applicable,Not Applicable,Not Applicable,480,Not Applicable,0,,
2024-07-12 05:36:00,CNR9048312992,Success,CID155093,Mini,Hennur,Cox Town,147.0,90.0,Not Applicable,Not Applicable,No,Not Applicable,2263,Cash,15,4.4,4.7
2024-07-05 08:25:00,CNR8185193882,Success,CID191845,eBike,Shivajinagar,Peenya,119.0,75.0,Not Applicable,Not Applicable,No,Not Applicable,1965,Cash,44,4.4,3.8
2024-07-20 11:45:00,CNR4322746095,Success,CID114736,Prime SUV,MG Road,Kammanahalli,119.0,110.0,Not Applicable,Not Applicable,No,Not Applicable,182,UPI,48,4.5,3.9
2024-07-03 00:10:00,CNR3503085387,Success,CID328562,Mini,KR Puram,Nagarbhavi,259.0,80.0,Not Applicable,Not Applicable,No,Not Applicable,1080,UPI,43,3.9,3.3
2024-07-23 01:45:00,CNR2680991329,Success,CID910724,Auto,Shivajinagar,Vijayanagar,126.0,50.0,Not Applicable,Not Applicable,No,Not Applicable,844,UPI,1,4.5,4.9
2024-07-14 01:57:00,CNR7545163537,Success,CID484261,Prime Plus,Devanahalli,JP Nagar,266.0,105.0,Not Applicable,Not Applicable,No,Not Applicable,193,UPI,34,3.6,3.3
2024-07-30 03:14:00,CNR2222384486,Success,CID759137,eBike,Yeshwanthpur,KR Puram,224.0,130.0,Not Applicable,Not Applicable,No,Not Applicable,468,Cash,21,4.3,4.0
2024-07-01 10:20:00,CNR6487662031,Driver Not Found,CID700306,Prime Sedan,Varthur,Hosur Road,,,Not Applicable,Not Applicable,Not Applicable,Not Applicable,138,Not Applicable,0,,
2024-07-22 18:39:00,CNR1985551705,Driver Not Found,CID102943,Prime Plus,Sarjapur Road,Yeshwanthpur,,,Not Applicable,Not Applicable,Not Applicable,Not Applicable,273,Not Applicable,0,,
2024-07-29 00:08:00,CNR2416319012,Success,CID873897,Prime Sedan,Frazer Town,Magadi Road,224.0,115.0,Not Applicable,Not Applicable,No,Not Applicable,489,Cash,16,4.5,4.8
2024-07-24 17:19:00,CNR4715278597,Success,CID466309,Prime Plus,Varthur,Nagarbhavi,294.0,105.0,Not Applicable,Not Applicable,No,Not Applicable,293,UPI,43,3.1,4.8
2024-07-18 09:40:00,CNR2147288647,Success,CID887916,Auto,MG Road,HSR Layout,189.0,135.0,Not Applicable,Not Applicable,No,Not Applicable,237,UPI,12,3.9,4.6
2024-07-28 07:42:00,CNR2656739171,Canceled by Driver,CID706189,Bike,Varthur,Sahakar Nagar,,,Not Applicable,Customer related issue,Not Applicable,Not Applicable,1710,Not Applicable,0,,
2024-07-06 08:52:00,CNR3199794816,Success,CID991861,Prime Plus,Marathahalli,Ulsoor,273.0,130.0,Not Applicable,Not Applicable,No,Not Applicable,124,Cash,8,3.6,3.5
2024-07-13 06:15:00,CNR2206024309,Canceled by Driver,CID528081,Bike,Mysore Road,Ramamurthy Nagar,,,Not Applicable,Customer was coughing/sick,Not Applicable,Not Applicable,1121,Not Applicable,0,,
2024-07-22 10:54:00,CNR1130084417,Success,CID875512,Bike,Bannerghatta Road,Padmanabhanagar,49.0,80.0,Not Applicable,Not Applicable,No,Not Applicable,317,UPI,48,4.0,4.1
2024-07-20 10:50:00,CNR5779004804,Driver Not Found,CID602338,Prime SUV,Bannerghatta Road,Sahakar Nagar,,,Not Applicable,Not Applicable,Not Applicable,Not Applicable,320,Not Applicable,0,,
2024-07-07 03:28:00,CNR5263091847,Success,CID483137,Prime Sedan,Mysore Road,Padmanabhanagar,217.0,135.0,Not Applicable,Not Applicable,No,Not Applicable,512,UPI,11,5.0,4.2
2024-07-09 09:51:00,CNR8719139127,Success,CID818507,Mini,MG Road,Devanahalli,301.0,110.0,Not Applicable,Not Applicable,No,Not Applicable,801,UPI,41,3.7,4.6
2024-07-10 00:43:00,CNR8021688928,Canceled by Customer,CID514667,Auto,Shivajinagar,Shantinagar,,,Driver is not moving towards pickup location,Not Applicable,Not Applicable,Not Applicable,150,Not Applicable,0,,
2024-07-05 16:39:00,CNR5320090028,Success,CID794591,Prime Sedan,Magadi Road,Langford Town,70.0,50.0,Not Applicable,Not Applicable,No,Not Applicable,675,Cash,49,3.5,3.2
2024-07-16 11:59:00,CNR2911684274,Success,CID585886,Prime Sedan,Majestic,Ramamurthy Nagar,203.0,65.0,Not Applicable,Not Applicable,No,Not Applicable,463,UPI,9,4.2,4.3
2024-07-01 07:35:00,CNR6550262860,Success,CID924997,Prime SUV,Magadi Road,MG Road,266.0,80.0,Not Applicable,Not Applicable,No,Not Applicable,409,Cash,9,3.9,3.1
2024-07-27 00:56:00,CNR3010875914,Success,CID185957,Bike,Hulimavu,Kadugodi,252.0,55.0,Not Applicable,Not Applicable,No,Not Applicable,304,Cash,8,3.8,4.9
2024-07-12 22:33:00,CNR5066871940,Success,CID690271,Bike,Basavanagudi,MG Road,231.0,140.0,Not Applicable,Not Applicable,No,Not Applicable,178,UPI,37,3.9,3.4
2024-07-13 19:13:00,CNR8114009754,Success,CID516585,Mini,Hulimavu,Banashankari,91.0,30.0,Not Applicable,Not Applicable,No,Not Applicable,344,UPI,14,4.0,4.2
2024-07-05 11:07:00,CNR7073561947,Canceled by Driver,CID551176,eBike,Hennur,Indiranagar,,,Not Applicable,Customer related issue,Not Applicable,Not Applicable,432,Not Applicable,0,,
2024-07-15 10:10:00,CNR3376839517,Success,CID341693,Auto,Nagarbhavi,Nagarbhavi,308.0,95.0,Not Applicable,Not Applicable,No,Not Applicable,156,Cash,10,4.2,4.7
2024-07-24 21:18:00,CNR5385132402,Success,CID490082,Auto,Varthur,Shivajinagar,231.0,30.0,Not Applicable,Not Applicable,No,Not Applicable,422,Cash,14,4.4,3.2
2024-07-24 03:43:00,CNR7997182947,Success,CID517159,Mini,Devanahalli,Majestic,231.0,25.0,Not Applicable,Not Applicable,No,Not Applicable,128,Cash,16,3.1,3.0
2024-07-16 08:08:00,CNR2624591957,Success,CID905527,eBike,Yelahanka,Hennur,98.0,95.0,Not Applicable,Not Applicable,No,Not Applicable,368,Cash,3,3.4,4.6
2024-07-23 18:25:00,CNR2746169585,Success,CID997058,Bike,Langford Town,Majestic,133.0,70.0,Not Applicable,Not Applicable,No,Not Applicable,241,UPI,22,3.8,3.0
2024-07-27 04:53:00,CNR7123943241,Success,CID547361,Prime Sedan,Hosur Road,Chamarajpet,35.0,105.0,Not Applicable,Not Applicable,No,Not Applicable,2695,Cash,42,4.3,4.5
2024-07-23 11:15:00,CNR7351168598,Success,CID613447,eBike,Bannerghatta Road,Cox Town,119.0,145.0,Not Applicable,Not Applicable,No,Not Applicable,239,Cash,46,3.3,3.8
2024-07-20 12:56:00,CNR1859419667,Driver Not Found,CID794182,eBike,Hosur Road,Rajarajeshwari Nagar,,,Not Applicable,Not Applicable,Not Applicable,Not Applicable,744,Not Applicable,0,,
2024-07-06 23:14:00,CNR1928584599,Canceled by Customer,CID721674,Prime SUV,Marathahalli,Langford Town,,,Change of plans,Not Applicable,Not Applicable,Not Applicable,645,Not Applicable,0,,
2024-07-22 15:30:00,CNR4891942254,Success,CID227913,eBike,Whitefield,Frazer Town,238.0,120.0,Not Applicable,Not Applicable,No,Not Applicable,270,Cash,23,5.0,3.6
2024-07-08 15:17:00,CNR8281171802,Success,CID777106,Prime SUV,Majestic,Varthur,287.0,55.0,Not Applicable,Not Applicable,No,Not Applicable,409,UPI,20,4.5,4.5
2024-07-11 14:46:00,CNR3336178553,Success,CID110438,Prime SUV,Shivajinagar,Magadi Road,84.0,120.0,Not Applicable,Not Applicable,No,Not Applicable,423,Cash,26,3.9,3.9
2024-07-13 01:37:00,CNR8479467018,Canceled by Driver,CID828926,Prime Sedan,Bannerghatta Road,Marathahalli,,,Not Applicable,More than permitted people in there,Not Applicable,Not Applicable,268,Not Applicable,0,,
2024-07-24 00:31:00,CNR2747286712,Success,CID968683,Mini,Kengeri,Ramamurthy Nagar,168.0,140.0,Not Applicable,Not Applicable,No,Not Applicable,336,Credit Card,5,3.9,3.4
2024-07-09 12:15:00,CNR5505869992,Success,CID684043,Auto,Kadugodi,Chickpet,140.0,130.0,Not Applicable,Not Applicable,No,Not Applicable,550,Credit Card,17,3.1,4.6
2024-07-09 13:12:00,CNR4431255646,Canceled by Driver,CID147584,Prime SUV,Peenya,RT Nagar,,,Not Applicable,Customer was coughing/sick,Not Applicable,Not Applicable,158,Not Applicable,0,,
2024-07-01 03:15:00,CNR7790324100,Success,CID690891,Bike,Sarjapur Road,Rajajinagar,42.0,105.0,Not Applicable,Not Applicable,No,Not Applicable,544,UPI,43,3.9,3.2
2024-07-15 09:48:00,CNR3671492720,Canceled by Driver,CID506296,Prime SUV,Frazer Town,Sahakar Nagar,,,Not Applicable,Personal & Car related issue,Not Applicable,Not Applicable,647,Not Applicable,0,,
2024-07-10 21:51:00,CNR6323857236,Success,CID608617,Bike,Jayanagar,Whitefield,175.0,80.0,Not Applicable,Not Applicable,No,Not Applicable,606,Cash,49,4.4,4.3
2024-07-08 12:27:00,CNR2506697680,Driver Not Found,CID302627,Auto,Hulimavu,Tumkur Road,,,Not Applicable,Not Applicable,Not Applicable,Not Applicable,438,Not Applicable,0,,
2024-07-26 21:04:00,CNR7405719404,Success,CID846117,eBike,Langford Town,Kengeri,287.0,45.0,Not Applicable,Not Applicable,No,Not Applicable,241,UPI,8,4.2,3.9
2024-07-28 02:04:00,CNR4617847891,Success,CID318570,eBike,Koramangala,Shivajinagar,105.0,80.0,Not Applicable,Not Applicable,No,Not Applicable,261,Cash,22,4.7,4.3
2024-07-22 08:39:00,CNR8424556025,Success,CID758278,Prime Sedan,Magadi Road,KR Puram,119.0,30.0,Not Applicable,Not Applicable,No,Not Applicable,390,Cash,26,3.9,4.2
2024-07-18 22:17:00,CNR6933736213,Success,CID779220,eBike,Cox Town,Hulimavu,196.0,140.0,Not Applicable,Not Applicable,No,Not Applicable,475,Debit Card,36,4.4,4.9
2024-07-11 03:10:00,CNR9011137847,Success,CID445116,Mini,Kammanahalli,Jayanagar,252.0,60.0,Not Applicable,Not Applicable,No,Not Applicable,747,UPI,18,4.1,5.0
2024-07-23 12:16:00,CNR2888100169,Canceled by Customer,CID928411,Bike,Vijayanagar,Hosur Road,,,AC is Not working,Not Applicable,Not Applicable,Not Applicable,2114,Not Applicable,0,,
2024-07-24 18:12:00,CNR2710144790,Success,CID127477,Prime Sedan,Malleshwaram,Ramamurthy Nagar,182.0,110.0,Not Applicable,Not Applicable,No,Not Applicable,632,UPI,16,3.2,4.2
2024-07-02 00:42:00,CNR5937762921,Canceled by Driver,CID204002,Bike,RT Nagar,RT Nagar,,,Not Applicable,Personal & Car related issue,Not Applicable,Not Applicable,294,Not Applicable,0,,
2024-07-21 17:04:00,CNR8041634248,Success,CID671280,Auto,Magadi Road,RT Nagar,161.0,95.0,Not Applicable,Not Applicable,No,Not Applicable,502,Cash,7,3.6,3.2
2024-07-01 23:40:00,CNR1268842246,Success,CID232320,Bike,Electronic City,Richmond Town,35.0,30.0,Not Applicable,Not Applicable,No,Not Applicable,849,Cash,14,3.3,4.1
2024-07-25 09:56:00,CNR3811570455,Success,CID804325,Bike,Hosur Road,Ulsoor,182.0,135.0,Not Applicable,Not Applicable,No,Not Applicable,485,Cash,44,4.1,3.8
2024-07-23 17:48:00,CNR6090871158,Driver Not Found,CID629631,Prime Plus,Hosur Road,Bannerghatta Road,,,Not Applicable,Not Applicable,Not Applicable,Not Applicable,182,Not Applicable,0,,
2024-07-03 04:09:00,CNR6302384502,Driver Not Found,CID184210,Prime SUV,Basavanagudi,Hennur,,,Not Applicable,Not Applicable,Not Applicable,Not Applicable,222,Not Applicable,0,,
2024-07-06 10:05:00,CNR4192481835,Success,CID239264,Mini,Basavanagudi,Padmanabhanagar,175.0,60.0,Not Applicable,Not Applicable,No,Not Applicable,149,Cash,25,3.2,3.6
2024-07-26 13:51:00,CNR1062126324,Canceled by Driver,CID248728,Auto,Bannerghatta Road,Rajarajeshwari Nagar,,,Not Applicable,More than permitted people in there,Not Applicable,Not Applicable,497,Not Applicable,0,,
2024-07-08 14:53:00,CNR6175903479,Success,CID839688,Prime Sedan,Sahakar Nagar,Bellandur,98.0,60.0,Not Applicable,Not Applicable,No,Not Applicable,1509,Cash,44,4.7,3.8
2024-07-14 01:17:00,CNR3139121880,Canceled by Customer,CID688238,Prime Sedan,Rajajinagar,Electronic City,,,AC is Not working,Not Applicable,Not Applicable,Not Applicable,2957,Not Applicable,0,,
2024-07-09 18:42:00,CNR7346181069,Canceled by Driver,CID609635,Auto,Kammanahalli,Chamarajpet,,,Not Applicable,Personal & Car related issue,Not Applicable,Not Applicable,1908,Not Applicable,0,,
2024-07-28 06:47:00,CNR4185434265,Success,CID896800,Prime SUV,Magadi Road,Nagarbhavi,147.0,65.0,Not Applicable,Not Applicable,No,Not Applicable,344,Cash,26,3.8,3.6
2024-07-17 12:59:00,CNR5413805930,Success,CID939660,Auto,Shivajinagar,Hosur Road,105.0,65.0,Not Applicable,Not Applicable,No,Not Applicable,879,Cash,3,4.2,3.0
2024-07-10 16:01:00,CNR5655542502,Canceled by Driver,CID323926,eBike,Hennur,Padmanabhanagar,,,Not Applicable,Personal & Car related issue,Not Applicable,Not Applicable,396,Not Applicable,0,,
2024-07-17 20:07:00,CNR2736314931,Canceled by Driver,CID715408,Prime SUV,Shivajinagar,Whitefield,,,Not Applicable,Customer was coughing/sick,Not Applicable,Not Applicable,807,Not Applicable,0,,
2024-07-19 18:34:00,CNR8365764077,Driver Not Found,CID594953,Prime SUV,MG Road,Sarjapur Road,,,Not Applicable,Not Applicable,Not Applicable,Not Applicable,110,Not Applicable,0,,
2024-07-02 14:58:00,CNR7966331649,Canceled by Customer,CID317288,Prime SUV,Hebbal,Hennur,,,AC is Not working,Not Applicable,Not Applicable,Not Applicable,471,Not Applicable,0,,
2024-07-05 07:59:00,CNR2855035923,Success,CID351482,Auto,Chamarajpet,HSR Layout,154.0,135.0,Not Applicable,Not Applicable,No,Not Applicable,105,Cash,17,3.8,4.1
2024-07-07 00:11:00,CNR2040858693,Canceled by Customer,CID889770,Prime Sedan,Nagarbhavi,KR Puram,,,Change of plans,Not Applicable,Not Applicable,Not Applicable,127,Not Applicable,0,,
2024-07-25 15:05:00,CNR7402783694,Success,CID346543,Prime Sedan,Sahakar Nagar,Kengeri,63.0,135.0,Not Applicable,Not Applicable,No,Not Applicable,697,Cash,47,3.5,3.1
2024-07-01 12:29:00,CNR4692973642,Success,CID927742,Prime Plus,Malleshwaram,Majestic,245.0,135.0,Not Applicable,Not Applicable,No,Not Applicable,282,Cash,25,4.1,4.3
2024-07-02 17:16:00,CNR2431388175,Success,CID882504,Mini,RT Nagar,Magadi Road,168.0,100.0,Not Applicable,Not Applicable,No,Not Applicable,708,UPI,38,3.9,4.3
2024-07-10 17:31:00,CNR3295558496,Success,CID780008,Prime Sedan,Ramamurthy Nagar,Chamarajpet,280.0,25.0,Not Applicable,Not Applicable,No,Not Applicable,136,Debit Card,30,3.6,4.3
2024-07-28 16:29:00,CNR2387767289,Success,CID677765,Prime Sedan,Malleshwaram,KR Puram,203.0,85.0,Not Applicable,Not Applicable,No,Not Applicable,287,UPI,25,3.4,3.2
2024-07-10 07:30:00,CNR3798448283,Success,CID770507,Prime Sedan,RT Nagar,Sahakar Nagar,266.0,135.0,Not Applicable,Not Applicable,No,Not Applicable,494,UPI,36,3.7,4.6
2024-07-29 21:54:00,CNR7662674936,Success,CID492813,Auto,Kadugodi,KR Puram,231.0,80.0,Not Applicable,Not Applicable,No,Not Applicable,246,Cash,12,4.8,3.4
2024-07-27 07:48:00,CNR4237567301,Success,CID794504,Prime Plus,MG Road,Malleshwaram,273.0,35.0,Not Applicable,Not Applicable,No,Not Applicable,683,UPI,29,3.5,4.3
2024-07-04 17:36:00,CNR3543909383,Canceled by Driver,CID243576,eBike,Bannerghatta Road,Majestic,,,Not Applicable,More than permitted people in there,Not Applicable,Not Applicable,411,Not Applicable,0,,
2024-07-26 10:20:00,CNR1416757783,Success,CID784679,Prime Plus,Hulimavu,Kammanahalli,224.0,25.0,Not Applicable,Not Applicable,No,Not Applicable,380,Cash,5,4.1,5.0
2024-07-03 02:20:00,CNR3623289216,Canceled by Driver,CID817824,Mini,Tumkur Road,Cox Town,,,Not Applicable,Personal & Car related issue,Not Applicable,Not Applicable,129,Not Applicable,0,,
2024-07-23 05:45:00,CNR8158381209,Success,CID436553,Prime Sedan,Chamarajpet,Banashankari,224.0,35.0,Not Applicable,Not Applicable,No,Not Applicable,340,Cash,41,3.1,3.5
2024-07-14 03:09:00,CNR7698916807,Success,CID381017,Bike,Padmanabhanagar,Vijayanagar,56.0,130.0,Not Applicable,Not Applicable,No,Not Applicable,450,UPI,9,3.9,3.4
2024-07-23 17:58:00,CNR5748225035,Success,CID674669,Auto,Marathahalli,Padmanabhanagar,49.0,25.0,Not Applicable,Not Applicable,Yes,Customer Demand,134,UPI,5,4.6,4.0
2024-07-08 17:46:00,CNR5447000285,Success,CID479110,Bike,Peenya,Kengeri,119.0,115.0,Not Applicable,Not Applicable,No,Not Applicable,454,Cash,9,3.0,3.0
2024-07-22 08:13:00,CNR8890149870,Success,CID139887,eBike,Hebbal,BTM Layout,189.0,100.0,Not Applicable,Not Applicable,No,Not Applicable,255,UPI,3,4.2,3.2
2024-07-20 11:59:00,CNR3132772109,Success,CID446811,Bike,Banashankari,Bannerghatta Road,238.0,125.0,Not Applicable,Not Applicable,No,Not Applicable,383,Credit Card,36,3.1,3.1
2024-07-05 19:06:00,CNR8971056057,Success,CID548325,Mini,Basavanagudi,Kammanahalli,203.0,90.0,Not Applicable,Not Applicable,No,Not Applicable,290,Cash,20,3.7,3.1
2024-07-09 09:43:00,CNR9729531863,Canceled by Driver,CID206103,Prime SUV,Chickpet,BTM Layout,,,Not Applicable,Customer related issue,Not Applicable,Not Applicable,353,Not Applicable,0,,
2024-07-24 18:04:00,CNR8719172973,Success,CID798716,Bike,Whitefield,KR Puram,105.0,55.0,Not Applicable,Not Applicable,No,Not Applicable,343,Cash,29,4.3,3.5
2024-07-07 21:19:00,CNR3223139556,Success,CID822685,Auto,Majestic,Yeshwanthpur,259.0,125.0,Not Applicable,Not Applicable,No,Not Applicable,168,UPI,16,4.6,3.3
2024-07-06 18:48:00,CNR2278227778,Success,CID486454,Mini,Cox Town,Nagarbhavi,105.0,85.0,Not Applicable,Not Applicable,No,Not Applicable,876,UPI,35,4.7,3.8
2024-07-06 19:11:00,CNR7827692452,Success,CID671520,eBike,Hulimavu,Shantinagar,63.0,25.0,Not Applicable,Not Applicable,No,Not Applicable,962,Credit Card,29,3.9,3.4
2024-07-01 03:39:00,CNR3619737885,Canceled by Driver,CID788448,Prime SUV,Rajarajeshwari Nagar,Banashankari,,,Not Applicable,Personal & Car related issue,Not Applicable,Not Applicable,337,Not Applicable,0,,
2024-07-07 17:21:00,CNR7775036462,Canceled by Driver,CID133901,eBike,Chamarajpet,Kadugodi,,,Not Applicable,Customer was coughing/sick,Not Applicable,Not Applicable,1060,Not Applicable,0,,
2024-07-19 14:30:00,CNR9916420349,Canceled by Driver,CID469189,eBike,Bannerghatta Road,RT Nagar,,,Not Applicable,Customer was coughing/sick,Not Applicable,Not Applicable,139,Not Applicable,0,,
2024-07-26 10:33:00,CNR1017573275,Canceled by Driver,CID824067,Prime Sedan,Kengeri,Basavanagudi,,,Not Applicable,Personal & Car related issue,Not Applicable,Not Applicable,449,Not Applicable,0,,
2024-07-18 00:27:00,CNR9971599902,Canceled by Driver,CID533266,Mini,Rajajinagar,Kengeri,,,Not Applicable,Personal & Car related issue,Not Applicable,Not Applicable,2111,Not Applicable,0,,
2024-07-07 08:29:00,CNR5171959722,Canceled by Driver,CID806826,Bike,Bannerghatta Road,Devanahalli,,,Not Applicable,Personal & Car related issue,Not Applicable,Not Applicable,552,Not Applicable,0,,
2024-07-22 09:34:00,CNR8129577135,Success,CID833464,Prime Plus,Chamarajpet,KR Puram,217.0,25.0,Not Applicable,Not Applicable,No,Not Applicable,620,Cash,30,4.4,4.6
2024-07-09 00:00:00,CNR4255421503,Canceled by Driver,CID962568,eBike,Majestic,Frazer Town,,,Not Applicable,More than permitted people in there,Not Applicable,Not Applicable,470,Not Applicable,0,,
2024-07-05 01:50:00,CNR6108008100,Success,CID467187,Auto,Nagarbhavi,Bannerghatta Road,154.0,45.0,Not Applicable,Not Applicable,No,Not Applicable,492,Cash,11,3.5,4.4
2024-07-03 11:34:00,CNR7554869464,Success,CID799234,Bike,Banashankari,Malleshwaram,126.0,120.0,Not Applicable,Not Applicable,No,Not Applicable,249,Cash,9,3.9,4.1
2024-07-22 16:57:00,CNR2369856942,Canceled by Driver,CID304434,Prime Sedan,Cox Town,Sarjapur Road,,,Not Applicable,Personal & Car related issue,Not Applicable,Not Applicable,228,Not Applicable,0,,
2024-07-06 06:09:00,CNR3715397389,Success,CID779541,Prime SUV,Yeshwanthpur,Kengeri,133.0,40.0,Not Applicable,Not Applicable,No,Not Applicable,884,Cash,22,3.6,3.0
2024-07-24 02:13:00,CNR2162293296,Success,CID318900,Mini,Ulsoor,Chamarajpet,70.0,25.0,Not Applicable,Not Applicable,No,Not Applicable,132,UPI,47,4.6,3.3
2024-07-09 11:31:00,CNR9729370627,Canceled by Customer,CID943422,Prime Plus,Ramamurthy Nagar,Majestic,,,Driver is not moving towards pickup location,Not Applicable,Not Applicable,Not Applicable,451,Not Applicable,0,,
2024-07-28 20:05:00,CNR9658415470,Success,CID249847,Prime Sedan,Ulsoor,Jayanagar,224.0,85.0,Not Applicable,Not Applicable,No,Not Applicable,245,Cash,1,4.6,3.6
2024-07-24 17:09:00,CNR1333747863,Success,CID177622,Mini,Hulimavu,Vijayanagar,301.0,80.0,Not Applicable,Not Applicable,No,Not Applicable,261,Cash,46,3.5,4.5
2024-07-16 01:09:00,CNR9099190748,Success,CID576521,Prime Sedan,Hennur,Electronic City,91.0,100.0,Not Applicable,Not Applicable,No,Not Applicable,972,UPI,34,3.1,4.4
2024-07-09 22:40:00,CNR5736909388,Success,CID680257,Prime Plus,Ramamurthy Nagar,Banashankari,238.0,60.0,Not Applicable,Not Applicable,No,Not Applicable,385,UPI,4,4.5,4.5
2024-07-01 15:53:00,CNR2899375080,Driver Not Found,CID508220,Mini,Hebbal,JP Nagar,,,Not Applicable,Not Applicable,Not Applicable,Not Applicable,308,Not Applicable,0,,
2024-07-12 09:55:00,CNR5002295295,Canceled by Driver,CID819803,Prime Plus,Frazer Town,Whitefield,,,Not Applicable,Customer related issue,Not Applicable,Not Applicable,119,Not Applicable,0,,
2024-07-02 14:51:00,CNR8638993312,Success,CID808058,Prime Sedan,Chickpet,Bellandur,294.0,85.0,Not Applicable,Not Applicable,No,Not Applicable,450,UPI,30,3.0,4.2
2024-07-04 02:35:00,CNR5987856073,Canceled by Customer,CID285283,Auto,Basavanagudi,Magadi Road,,,Driver asked to cancel,Not Applicable,Not Applicable,Not Applicable,1285,Not Applicable,0,,
2024-07-12 11:30:00,CNR6912305748,Canceled by Driver,CID483430,Mini,Sahakar Nagar,Shantinagar,,,Not Applicable,Personal & Car related issue,Not Applicable,Not Applicable,354,Not Applicable,0,,
2024-07-15 12:03:00,CNR4343587145,Success,CID626179,Prime Plus,Shivajinagar,Tumkur Road,35.0,80.0,Not Applicable,Not Applicable,No,Not Applicable,610,Cash,13,3.5,4.7
2024-07-21 21:58:00,CNR7724319218,Driver Not Found,CID977486,Mini,Varthur,Yelahanka,,,Not Applicable,Not Applicable,Not Applicable,Not Applicable,296,Not Applicable,0,,
2024-07-18 03:41:00,CNR1769616184,Canceled by Driver,CID751662,Prime Plus,Sarjapur Road,Ramamurthy Nagar,,,Not Applicable,Customer related issue,Not Applicable,Not Applicable,819,Not Applicable,0,,
2024-07-11 02:03:00,CNR9096117997,Driver Not Found,CID272706,Mini,Sahakar Nagar,Yelahanka,,,Not Applicable,Not Applicable,Not Applicable,Not Applicable,654,Not Applicable,0,,
2024-07-13 13:20:00,CNR9773491996,Success,CID943041,Bike,Shivajinagar,Kammanahalli,294.0,100.0,Not Applicable,Not Applicable,No,Not Applicable,234,Cash,36,3.2,3.3
2024-07-04 16:10:00,CNR8711891930,Success,CID958249,Prime Sedan,Sahakar Nagar,Padmanabhanagar,119.0,50.0,Not Applicable,Not Applicable,No,Not Applicable,152,Cash,48,3.2,4.0
2024-07-28 07:21:00,CNR2680389032,Success,CID997679,Mini,Padmanabhanagar,JP Nagar,280.0,65.0,Not Applicable,Not Applicable,No,Not Applicable,237,Cash,36,4.2,4.3
2024-07-21 07:26:00,CNR5220004292,Success,CID197391,Prime SUV,Banashankari,Sarjapur Road,49.0,85.0,Not Applicable,Not Applicable,No,Not Applicable,463,UPI,10,3.5,3.4
2024-07-07 05:23:00,CNR2907252996,Success,CID155742,Mini,Indiranagar,Richmond Town,175.0,35.0,Not Applicable,Not Applicable,No,Not Applicable,767,UPI,47,4.4,4.6
2024-07-06 07:49:00,CNR2339387649,Success,CID622097,Auto,Varthur,MG Road,252.0,95.0,Not Applicable,Not Applicable,No,Not Applicable,183,Cash,3,4.8,3.2
2024-07-28 01:14:00,CNR8113582063,Success,CID980341,eBike,Kammanahalli,Varthur,98.0,30.0,Not Applicable,Not Applicable,Yes,Customer Demand,420,Cash,49,3.8,3.9
2024-07-20 06:15:00,CNR1069704448,Canceled by Driver,CID284990,Mini,Malleshwaram,Rajajinagar,,,Not Applicable,Customer was coughing/sick,Not Applicable,Not Applicable,256,Not Applicable,0,,
2024-07-08 04:09:00,CNR5311699969,Driver Not Found,CID927324,Bike,BTM Layout,Hosur Road,,,Not Applicable,Not Applicable,Not Applicable,Not Applicable,225,Not Applicable,0,,
2024-07-06 09:30:00,CNR2902310440,Success,CID427834,Prime Sedan,Koramangala,Tumkur Road,63.0,50.0,Not Applicable,Not Applicable,No,Not Applicable,250,UPI,13,4.3,3.6
2024-07-11 13:04:00,CNR5794068877,Canceled by Customer,CID790582,eBike,Marathahalli,Bellandur,,,Driver asked to cancel,Not Applicable,Not Applicable,Not Applicable,502,Not Applicable,0,,
2024-07-28 08:46:00,CNR8519434608,Canceled by Driver,CID310792,Mini,KR Puram,Vijayanagar,,,Not Applicable,Personal & Car related issue,Not Applicable,Not Applicable,220,Not Applicable,0,,
2024-07-11 11:23:00,CNR4631554330,Canceled by Customer,CID878748,Prime SUV,Bannerghatta Road,Rajarajeshwari Nagar,,,Driver asked to cancel,Not Applicable,Not Applicable,Not Applicable,164,Not Applicable,0,,
2024-07-12 01:19:00,CNR3894130119,Success,CID782530,Mini,Kadugodi,Tumkur Road,119.0,85.0,Not Applicable,Not Applicable,No,Not Applicable,345,Cash,8,4.4,4.3
2024-07-25 16:17:00,CNR7848954846,Success,CID666039,Prime SUV,Ramamurthy Nagar,Basavanagudi,259.0,35.0,Not Applicable,Not Applicable,No,Not Applicable,124,Cash,31,4.1,4.5
2024-07-27 11:15:00,CNR5771735140,Canceled by Driver,CID591890,Mini,Frazer Town,JP Nagar,,,Not Applicable,Personal & Car related issue,Not Applicable,Not Applicable,480,Not Applicable,0,,
2024-07-17 00:51:00,CNR8726872686,Success,CID349092,eBike,Hulimavu,Peenya,182.0,95.0,Not Applicable,Not Applicable,No,Not Applicable,570,Cash,10,4.2,3.7
2024-07-13 13:46:00,CNR3877967660,Success,CID501597,Auto,Frazer Town,Rajajinagar,301.0,65.0,Not Applicable,Not Applicable,No,Not Applicable,234,UPI,8,3.8,4.2
2024-07-17 09:52:00,CNR5609243180,Canceled by Driver,CID841582,eBike,Hosur Road,Malleshwaram,,,Not Applicable,Personal & Car related issue,Not Applicable,Not Applicable,298,Not Applicable,0,,
2024-07-17 03:34:00,CNR9099878800,Canceled by Driver,CID406679,Auto,Banashankari,Basavanagudi,,,Not Applicable,Customer related issue,Not Applicable,Not Applicable,609,Not Applicable,0,,
2024-07-02 02:34:00,CNR1197787702,Canceled by Driver,CID136755,Bike,Peenya,Malleshwaram,,,Not Applicable,Personal & Car related issue,Not Applicable,Not Applicable,2847,Not Applicable,0,,
2024-07-09 11:41:00,CNR1336808763,Canceled by Driver,CID984918,Prime Plus,Magadi Road,Rajajinagar,,,Not Applicable,Customer was coughing/sick,Not Applicable,Not Applicable,1010,Not Applicable,0,,
2024-07-16 07:06:00,CNR3074452345,Success,CID686832,Prime Sedan,Kengeri,Ramamurthy Nagar,175.0,105.0,Not Applicable,Not Applicable,Yes,Vehicle Breakdown,252,Cash,3,3.3,4.3
2024-07-11 02:02:00,CNR3769358078,Driver Not Found,CID855881,Bike,Devanahalli,Cox Town,,,Not Applicable,Not Applicable,Not Applicable,Not Applicable,279,Not Applicable,0,,
2024-07-12 22:58:00,CNR3980361203,Canceled by Driver,CID844391,Prime Plus,HSR Layout,Jayanagar,,,Not Applicable,Personal & Car related issue,Not Applicable,Not Applicable,703,Not Applicable,0,,
2024-07-17 20:33:00,CNR3362206045,Success,CID798482,Bike,Koramangala,Electronic City,252.0,100.0,Not Applicable,Not Applicable,No,Not Applicable,167,Cash,37,3.8,3.7
2024-07-09 23:08:00,CNR6161669315,Success,CID664887,Auto,Peenya,Kammanahalli,273.0,80.0,Not Applicable,Not Applicable,No,Not Applicable,132,UPI,7,3.6,4.3
2024-07-21 09:43:00,CNR4961522748,Canceled by Customer,CID802174,Mini,Sahakar Nagar,Devanahalli,,,Driver is not moving towards pickup location,Not Applicable,Not Applicable,Not Applicable,242,Not Applicable,0,,
2024-07-25 19:05:00,CNR6730917675,Success,CID731924,Auto,Langford Town,Bannerghatta Road,287.0,80.0,Not Applicable,Not Applicable,No,Not Applicable,2824,Cash,2,3.3,3.2
2024-07-15 12:28:00,CNR8932688022,Success,CID196036,Mini,Shivajinagar,Devanahalli,133.0,95.0,Not Applicable,Not Applicable,No,Not Applicable,742,Cash,22,3.4,4.2
2024-07-25 17:58:00,CNR9129155335,Canceled by Customer,CID624349,eBike,Vijayanagar,MG Road,,,Driver is not moving towards pickup location,Not Applicable,Not Applicable,Not Applicable,421,Not Applicable,0,,
2024-07-28 09:00:00,CNR3105318129,Success,CID776073,Mini,Majestic,Devanahalli,196.0,140.0,Not Applicable,Not Applicable,No,Not Applicable,164,UPI,31,3.8,4.8
2024-07-17 17:19:00,CNR1479014415,Canceled by Customer,CID242697,Prime SUV,Bellandur,Shivajinagar,,,Driver asked to cancel,Not Applicable,Not Applicable,Not Applicable,314,Not Applicable,0,,
2024-07-09 17:52:00,CNR2575780625,Driver Not Found,CID101929,Auto,Hebbal,Whitefield,,,Not Applicable,Not Applicable,Not Applicable,Not Applicable,674,Not Applicable,0,,
2024-07-29 22:35:00,CNR2714133418,Canceled by Customer,CID895391,eBike,Chamarajpet,RT Nagar,,,AC is Not working,Not Applicable,Not Applicable,Not Applicable,124,Not Applicable,0,,
2024-07-28 11:57:00,CNR8715403019,Success,CID705922,Mini,Magadi Road,Indiranagar,294.0,100.0,Not Applicable,Not Applicable,No,Not Applicable,262,UPI,25,4.9,3.4
2024-07-25 12:20:00,CNR2355005427,Success,CID123278,Auto,BTM Layout,Chickpet,147.0,145.0,Not Applicable,Not Applicable,No,Not Applicable,272,UPI,17,3.4,3.0
2024-07-01 03:46:00,CNR7996207953,Success,CID721429,Mini,Yelahanka,Nagarbhavi,56.0,145.0,Not Applicable,Not Applicable,No,Not Applicable,181,Cash,11,3.1,4.7
2024-07-11 23:26:00,CNR4363752997,Success,CID102320,Prime SUV,Chickpet,Hosur Road,196.0,125.0,Not Applicable,Not Applicable,No,Not Applicable,150,Cash,27,4.3,3.7
2024-07-23 17:03:00,CNR1547782634,Success,CID742163,Prime Sedan,Tumkur Road,Hennur,259.0,75.0,Not Applicable,Not Applicable,No,Not Applicable,207,Cash,34,4.1,3.3
2024-07-12 13:08:00,CNR5817525665,Success,CID269673,Mini,Vijayanagar,JP Nagar,308.0,135.0,Not Applicable,Not Applicable,No,Not Applicable,615,Cash,18,4.5,3.5
2024-07-16 04:35:00,CNR2307130041,Success,CID116083,Mini,BTM Layout,RT Nagar,231.0,135.0,Not Applicable,Not Applicable,No,Not Applicable,455,UPI,35,3.4,3.1
2024-07-24 07:00:00,CNR7653172773,Canceled by Driver,CID640868,Prime Plus,Bellandur,Kammanahalli,,,Not Applicable,Customer was coughing/sick,Not Applicable,Not Applicable,984,Not Applicable,0,,
2024-07-05 10:37:00,CNR1574436766,Success,CID541721,Bike,Electronic City,Hebbal,308.0,85.0,Not Applicable,Not Applicable,No,Not Applicable,412,UPI,20,4.7,3.1
2024-07-26 18:48:00,CNR7042618847,Driver Not Found,CID133187,Mini,Hebbal,Yelahanka,,,Not Applicable,Not Applicable,Not Applicable,Not Applicable,413,Not Applicable,0,,
2024-07-19 18:16:00,CNR1740252940,Canceled by Customer,CID903282,Prime Sedan,KR Puram,Hulimavu,,,Driver asked to cancel,Not Applicable,Not Applicable,Not Applicable,123,Not Applicable,0,,
2024-07-28 08:07:00,CNR8842887260,Success,CID439014,Prime Sedan,Devanahalli,Varthur,266.0,140.0,Not Applicable,Not Applicable,No,Not Applicable,882,Cash,42,3.9,5.0
2024-07-03 08:23:00,CNR4982231054,Canceled by Customer,CID653314,Prime SUV,Hebbal,Tumkur Road,,,Driver asked to cancel,Not Applicable,Not Applicable,Not Applicable,998,Not Applicable,0,,
2024-07-18 16:04:00,CNR3228198693,Driver Not Found,CID848257,Bike,Kengeri,Nagarbhavi,,,Not Applicable,Not Applicable,Not Applicable,Not Applicable,156,Not Applicable,0,,
2024-07-26 21:18:00,CNR5828611952,Canceled by Customer,CID907680,Prime Plus,Marathahalli,Nagarbhavi,,,Driver is not moving towards pickup location,Not Applicable,Not Applicable,Not Applicable,912,Not Applicable,0,,
2024-07-09 01:22:00,CNR1110034225,Success,CID518203,Prime Sedan,Electronic City,Sahakar Nagar,245.0,65.0,Not Applicable,Not Applicable,No,Not Applicable,488,Cash,49,3.3,4.5
2024-07-14 00:06:00,CNR4406084979,Success,CID644694,Prime SUV,MG Road,Frazer Town,210.0,130.0,Not Applicable,Not Applicable,No,Not Applicable,317,UPI,32,4.7,3.3
2024-07-27 00:40:00,CNR2676438545,Canceled by Driver,CID244706,Bike,Banashankari,Majestic,,,Not Applicable,Customer was coughing/sick,Not Applicable,Not Applicable,429,Not Applicable,0,,
2024-07-25 09:28:00,CNR9511877695,Canceled by Customer,CID856630,Auto,Frazer Town,Peenya,,,Driver is not moving towards pickup location,Not Applicable,Not Applicable,Not Applicable,436,Not Applicable,0,,
2024-07-18 16:33:00,CNR9493756047,Canceled by Driver,CID196216,Prime Sedan,Ulsoor,Bannerghatta Road,,,Not Applicable,Personal & Car related issue,Not Applicable,Not Applicable,911,Not Applicable,0,,
2024-07-01 13:43:00,CNR6202903025,Canceled by Driver,CID921637,eBike,Ramamurthy Nagar,Bannerghatta Road,,,Not Applicable,Personal & Car related issue,Not Applicable,Not Applicable,1639,Not Applicable,0,,
2024-07-28 12:08:00,CNR7333541946,Canceled by Driver,CID313043,Bike,Richmond Town,Koramangala,,,Not Applicable,Customer was coughing/sick,Not Applicable,Not Applicable,137,Not Applicable,0,,
2024-07-04 07:41:00,CNR7629782665,Success,CID506689,Prime Sedan,Yelahanka,Koramangala,175.0,60.0,Not Applicable,Not Applicable,No,Not Applicable,242,Cash,2,4.8,4.8
2024-07-22 00:07:00,CNR3907109063,Success,CID620786,Bike,Hebbal,Koramangala,245.0,25.0,Not Applicable,Not Applicable,No,Not Applicable,388,Cash,47,3.7,3.9
2024-07-10 01:29:00,CNR8559671759,Success,CID650472,Mini,Shivajinagar,Marathahalli,154.0,70.0,Not Applicable,Not Applicable,No,Not Applicable,152,UPI,38,5.0,4.9
2024-07-29 05:12:00,CNR3944988750,Canceled by Customer,CID433489,Mini,Malleshwaram,Malleshwaram,,,AC is Not working,Not Applicable,Not Applicable,Not Applicable,159,Not Applicable,0,,
2024-07-18 03:32:00,CNR1747641790,Canceled by Driver,CID613456,Prime Sedan,Tumkur Road,Hennur,,,Not Applicable,Customer was coughing/sick,Not Applicable,Not Applicable,480,Not Applicable,0,,
2024-07-30 17:11:00,CNR3227072770,Success,CID356467,Bike,Ramamurthy Nagar,MG Road,84.0,90.0,Not Applicable,Not Applicable,No,Not Applicable,154,UPI,39,4.1,4.3
2024-07-04 07:11:00,CNR8872065182,Success,CID643928,Mini,Electronic City,Koramangala,203.0,50.0,Not Applicable,Not Applicable,No,Not Applicable,821,UPI,25,4.8,4.9
2024-07-28 18:38:00,CNR4943671887,Success,CID860228,Auto,Cox Town,Hennur,287.0,95.0,Not Applicable,Not Applicable,No,Not Applicable,375,UPI,2,3.6,4.5
2024-07-04 21:44:00,CNR1444633071,Canceled by Driver,CID982234,Prime SUV,Hebbal,Vijayanagar,,,Not Applicable,More than permitted people in there,Not Applicable,Not Applicable,236,Not Applicable,0,,
2024-07-15 14:41:00,CNR6815534056,Success,CID823758,Prime Sedan,Langford Town,Chickpet,161.0,25.0,Not Applicable,Not Applicable,No,Not Applicable,985,UPI,6,3.8,3.3
2024-07-13 03:41:00,CNR1446257657,Canceled by Driver,CID379683,Prime Sedan,Frazer Town,Peenya,,,Not Applicable,Personal & Car related issue,Not Applicable,Not Applicable,549,Not Applicable,0,,
2024-07-22 11:34:00,CNR9123701458,Success,CID482698,Bike,Sahakar Nagar,Mysore Road,42.0,80.0,Not Applicable,Not Applicable,No,Not Applicable,515,Debit Card,3,3.2,3.3
2024-07-22 10:15:00,CNR3414151694,Driver Not Found,CID401968,Prime Sedan,Kengeri,Koramangala,,,Not Applicable,Not Applicable,Not Applicable,Not Applicable,211,Not Applicable,0,,
2024-07-24 03:30:00,CNR4566495208,Canceled by Customer,CID112323,Prime SUV,HSR Layout,Yelahanka,,,AC is Not working,Not Applicable,Not Applicable,Not Applicable,652,Not Applicable,0,,
2024-07-30 18:54:00,CNR3538804552,Canceled by Driver,CID294484,Prime Plus,BTM Layout,Hulimavu,,,Not Applicable,Customer was coughing/sick,Not Applicable,Not Applicable,471,Not Applicable,0,,
2024-07-17 23:02:00,CNR2813649623,Success,CID926743,Prime SUV,Hosur Road,BTM Layout,252.0,40.0,Not Applicable,Not Applicable,No,Not Applicable,198,Cash,12,4.4,3.7
2024-07-03 09:06:00,CNR5805740596,Canceled by Driver,CID138035,Prime SUV,Langford Town,Bannerghatta Road,,,Not Applicable,More than permitted people in there,Not Applicable,Not Applicable,383,Not Applicable,0,,
2024-07-29 11:02:00,CNR1240555274,Success,CID713170,Mini,Jayanagar,Marathahalli,280.0,70.0,Not Applicable,Not Applicable,No,Not Applicable,438,UPI,22,3.6,3.8
2024-07-30 04:59:00,CNR6207257824,Success,CID837211,Prime SUV,Kengeri,Mysore Road,147.0,70.0,Not Applicable,Not Applicable,No,Not Applicable,242,UPI,10,3.6,4.0
2024-07-06 18:58:00,CNR9712562847,Canceled by Driver,CID883428,eBike,Devanahalli,Tumkur Road,,,Not Applicable,Customer was coughing/sick,Not Applicable,Not Applicable,1278,Not Applicable,0,,
2024-07-05 13:36:00,CNR8595836309,Success,CID574337,Prime Plus,Rajarajeshwari Nagar,Cox Town,196.0,60.0,Not Applicable,Not Applicable,No,Not Applicable,283,Cash,5,3.8,4.4
2024-07-07 23:28:00,CNR5139373380,Canceled by Driver,CID991107,Prime SUV,Bellandur,Yelahanka,,,Not Applicable,Customer was coughing/sick,Not Applicable,Not Applicable,176,Not Applicable,0,,
2024-07-03 12:10:00,CNR2316134263,Canceled by Driver,CID566624,Bike,Sahakar Nagar,Rajajinagar,,,Not Applicable,Customer was coughing/sick,Not Applicable,Not Applicable,205,Not Applicable,0,,
2024-07-18 08:47:00,CNR5073361121,Success,CID174113,Mini,Bellandur,Varthur,161.0,65.0,Not Applicable,Not Applicable,No,Not Applicable,294,Cash,27,3.9,3.2
2024-07-29 04:40:00,CNR4058731452,Success,CID323272,Prime SUV,Hebbal,Magadi Road,273.0,130.0,Not Applicable,Not Applicable,No,Not Applicable,689,UPI,6,3.6,3.0
2024-07-16 23:17:00,CNR3681121617,Success,CID362109,Prime Plus,Koramangala,Electronic City,182.0,115.0,Not Applicable,Not Applicable,No,Not Applicable,412,Cash,20,4.9,3.9
2024-07-07 23:05:00,CNR4140035330,Success,CID699606,Bike,Frazer Town,Yelahanka,126.0,105.0,Not Applicable,Not Applicable,No,Not Applicable,199,UPI,6,4.6,4.9
2024-07-13 19:37:00,CNR9734295289,Success,CID569362,Bike,Malleshwaram,Indiranagar,77.0,65.0,Not Applicable,Not Applicable,No,Not Applicable,498,Cash,49,3.0,4.8
2024-07-28 06:54:00,CNR6283176351,Success,CID683416,Prime Plus,Hebbal,Vijayanagar,49.0,60.0,Not Applicable,Not Applicable,No,Not Applicable,329,UPI,31,4.1,5.0
2024-07-06 00:10:00,CNR6181210348,Success,CID920902,Bike,Nagarbhavi,HSR Layout,77.0,145.0,Not Applicable,Not Applicable,Yes,Vehicle Breakdown,433,Cash,42,3.7,4.6
2024-07-17 09:52:00,CNR8983017468,Success,CID756749,Auto,Rajajinagar,Marathahalli,105.0,90.0,Not Applicable,Not Applicable,No,Not Applicable,435,Cash,10,4.8,3.5
2024-07-06 10:11:00,CNR5761989783,Canceled by Customer,CID460105,Mini,Yelahanka,Frazer Town,,,Driver asked to cancel,Not Applicable,Not Applicable,Not Applicable,642,Not Applicable,0,,
2024-07-05 12:39:00,CNR1928617247,Success,CID112420,eBike,Banashankari,Bannerghatta Road,63.0,35.0,Not Applicable,Not Applicable,No,Not Applicable,451,Credit Card,5,3.9,4.4
2024-07-07 23:45:00,CNR4092381103,Success,CID901328,Mini,Koramangala,Bellandur,147.0,85.0,Not Applicable,Not Applicable,No,Not Applicable,236,Cash,37,3.7,4.3
2024-07-15 10:56:00,CNR7847852260,Success,CID355548,Prime SUV,Rajajinagar,RT Nagar,126.0,35.0,Not Applicable,Not Applicable,No,Not Applicable,279,UPI,29,3.1,3.7
2024-07-15 16:24:00,CNR4255799943,Success,CID206574,Prime Sedan,Hebbal,Kengeri,259.0,80.0,Not Applicable,Not Applicable,No,Not Applicable,369,Cash,29,3.6,4.1
2024-07-08 17:43:00,CNR2520483587,Canceled by Driver,CID387895,Prime SUV,Richmond Town,Mysore Road,,,Not Applicable,Personal & Car related issue,Not Applicable,Not Applicable,433,Not Applicable,0,,
2024-07-14 18:06:00,CNR8574736123,Success,CID120021,Mini,Tumkur Road,Shivajinagar,189.0,25.0,Not Applicable,Not Applicable,No,Not Applicable,282,Cash,40,3.8,4.2
2024-07-17 18:53:00,CNR2207172154,Canceled by Driver,CID223117,Auto,Rajajinagar,Bannerghatta Road,,,Not Applicable,Customer related issue,Not Applicable,Not Applicable,148,Not Applicable,0,,
2024-07-17 15:57:00,CNR6163751527,Driver Not Found,CID292031,Auto,Kengeri,Hulimavu,,,Not Applicable,Not Applicable,Not Applicable,Not Applicable,231,Not Applicable,0,,
2024-07-17 05:22:00,CNR6904510944,Driver Not Found,CID327765,Mini,BTM Layout,Richmond Town,,,Not Applicable,Not Applicable,Not Applicable,Not Applicable,491,Not Applicable,0,,
2024-07-04 18:32:00,CNR8282483836,Success,CID677370,Prime Sedan,Malleshwaram,Kammanahalli,77.0,105.0,Not Applicable,Not Applicable,No,Not Applicable,353,Cash,10,3.7,4.2
2024-07-19 08:49:00,CNR1382153471,Driver Not Found,CID642389,Prime Sedan,Nagarbhavi,Kammanahalli,,,Not Applicable,Not Applicable,Not Applicable,Not Applicable,234,Not Applicable,0,,
2024-07-09 03:19:00,CNR6458853877,Success,CID793140,Prime Sedan,Kadugodi,Tumkur Road,238.0,55.0,Not Applicable,Not Applicable,No,Not Applicable,391,Cash,19,3.2,4.2
2024-07-29 07:38:00,CNR2875484999,Success,CID192896,Bike,Richmond Town,Varthur,56.0,75.0,Not Applicable,Not Applicable,No,Not Applicable,298,Cash,45,4.3,3.8
2024-07-20 21:45:00,CNR5000002545,Success,CID787491,Prime Sedan,Nagarbhavi,KR Puram,119.0,95.0,Not Applicable,Not Applicable,No,Not Applicable,497,Cash,24,3.3,4.1
2024-07-17 21:43:00,CNR6654743273,Success,CID307396,Bike,Rajarajeshwari Nagar,Yelahanka,203.0,90.0,Not Applicable,Not Applicable,No,Not Applicable,836,Cash,20,3.6,4.7
2024-07-03 07:16:00,CNR7238745395,Canceled by Driver,CID940722,Mini,Magadi Road,Vijayanagar,,,Not Applicable,Personal & Car related issue,Not Applicable,Not Applicable,138,Not Applicable,0,,
2024-07-26 16:05:00,CNR7058943837,Canceled by Customer,CID388539,Prime Sedan,Koramangala,Frazer Town,,,Change of plans,Not Applicable,Not Applicable,Not Applicable,344,Not Applicable,0,,
2024-07-23 03:54:00,CNR3803534321,Success,CID879651,Prime Sedan,RT Nagar,Whitefield,70.0,65.0,Not Applicable,Not Applicable,No,Not Applicable,289,Cash,24,3.9,3.1
2024-07-25 02:43:00,CNR2361440144,Success,CID552129,eBike,Hennur,Indiranagar,42.0,85.0,Not Applicable,Not Applicable,No,Not Applicable,473,UPI,9,4.1,4.3
2024-07-16 09:05:00,CNR2222502429,Success,CID492593,Bike,Malleshwaram,Hennur,252.0,135.0,Not Applicable,Not Applicable,No,Not Applicable,239,Cash,34,3.8,4.9
2024-07-10 20:16:00,CNR8555221030,Success,CID528583,Prime Sedan,Yeshwanthpur,Mysore Road,77.0,140.0,Not Applicable,Not Applicable,No,Not Applicable,424,UPI,42,4.9,3.1
2024-07-02 08:37:00,CNR3517715951,Success,CID186540,eBike,Bannerghatta Road,Chickpet,119.0,125.0,Not Applicable,Not Applicable,No,Not Applicable,139,UPI,2,3.8,3.9
2024-07-26 12:24:00,CNR9453803078,Success,CID758342,Auto,Shantinagar,Banashankari,217.0,100.0,Not Applicable,Not Applicable,No,Not Applicable,198,Cash,10,4.7,4.2
2024-07-17 22:21:00,CNR7657342884,Canceled by Driver,CID414219,eBike,RT Nagar,Majestic,,,Not Applicable,Customer related issue,Not Applicable,Not Applicable,184,Not Applicable,0,,
2024-07-21 18:51:00,CNR4411349692,Success,CID669844,Prime Sedan,Langford Town,Magadi Road,133.0,60.0,Not Applicable,Not Applicable,No,Not Applicable,448,Cash,38,4.8,4.9
2024-07-05 13:38:00,CNR6850480032,Canceled by Driver,CID962903,Prime Sedan,RT Nagar,Shivajinagar,,,Not Applicable,Personal & Car related issue,Not Applicable,Not Applicable,452,Not Applicable,0,,
2024-07-23 00:21:00,CNR9055604245,Canceled by Driver,CID426511,eBike,Bellandur,Ulsoor,,,Not Applicable,Personal & Car related issue,Not Applicable,Not Applicable,445,Not Applicable,0,,
2024-07-06 00:36:00,CNR5266228881,Success,CID243791,Auto,Nagarbhavi,Shivajinagar,154.0,95.0,Not Applicable,Not Applicable,No,Not Applicable,280,Cash,8,4.7,3.3
2024-07-02 00:56:00,CNR4731853336,Success,CID283890,Prime SUV,Kengeri,Richmond Town,294.0,115.0,Not Applicable,Not Applicable,No,Not Applicable,362,Cash,7,4.6,3.1
2024-07-16 09:01:00,CNR5979969545,Success,CID493591,Prime SUV,Yeshwanthpur,Indiranagar,308.0,90.0,Not Applicable,Not Applicable,No,Not Applicable,2610,Cash,7,4.4,4.0
2024-07-04 07:47:00,CNR9006491040,Success,CID874542,eBike,Kadugodi,Majestic,35.0,75.0,Not Applicable,Not Applicable,No,Not Applicable,296,Cash,32,3.7,3.4
2024-07-26 06:47:00,CNR1465229514,Success,CID851184,Prime SUV,Bannerghatta Road,MG Road,189.0,95.0,Not Applicable,Not Applicable,No,Not Applicable,693,UPI,44,4.4,4.4
2024-07-08 09:07:00,CNR5158914237,Driver Not Found,CID828100,Prime Plus,MG Road,Hosur Road,,,Not Applicable,Not Applicable,Not Applicable,Not Applicable,468,Not Applicable,0,,
2024-07-30 10:09:00,CNR6898964601,Canceled by Driver,CID414767,eBike,Sarjapur Road,Marathahalli,,,Not Applicable,Customer was coughing/sick,Not Applicable,Not Applicable,211,Not Applicable,0,,
2024-07-26 01:11:00,CNR1108787379,Success,CID635915,eBike,Jayanagar,Peenya,189.0,25.0,Not Applicable,Not Applicable,No,Not Applicable,236,Cash,33,4.8,3.9
2024-07-21 19:29:00,CNR6628455938,Driver Not Found,CID478769,Prime Plus,Magadi Road,Cox Town,,,Not Applicable,Not Applicable,Not Applicable,Not Applicable,176,Not Applicable,0,,
2024-07-20 12:48:00,CNR5476177529,Success,CID220026,Mini,Rajarajeshwari Nagar,Sarjapur Road,112.0,60.0,Not Applicable,Not Applicable,No,Not Applicable,167,UPI,49,3.7,3.2
2024-07-13 11:37:00,CNR3180938826,Success,CID821755,Bike,Frazer Town,Yelahanka,224.0,110.0,Not Applicable,Not Applicable,No,Not Applicable,475,Cash,5,4.5,3.4
2024-07-29 12:01:00,CNR8288795364,Success,CID238236,Auto,Hosur Road,Rajarajeshwari Nagar,301.0,80.0,Not Applicable,Not Applicable,No,Not Applicable,871,Credit Card,12,3.0,3.1
2024-07-05 02:53:00,CNR8750730627,Success,CID242813,Bike,Kengeri,Frazer Town,98.0,55.0,Not Applicable,Not Applicable,No,Not Applicable,127,UPI,45,3.9,4.2
2024-07-26 12:08:00,CNR4067950462,Canceled by Driver,CID135017,Prime Sedan,Bannerghatta Road,Hosur Road,,,Not Applicable,More than permitted people in there,Not Applicable,Not Applicable,218,Not Applicable,0,,
2024-07-11 19:28:00,CNR7810789202,Success,CID831639,eBike,Hennur,Shivajinagar,301.0,30.0,Not Applicable,Not Applicable,No,Not Applicable,1459,Debit Card,12,4.1,3.4
2024-07-25 13:57:00,CNR9382848614,Driver Not Found,CID249991,Prime Plus,Chamarajpet,Sahakar Nagar,,,Not Applicable,Not Applicable,Not Applicable,Not Applicable,120,Not Applicable,0,,
2024-07-24 08:55:00,CNR6247742838,Canceled by Customer,CID558197,eBike,RT Nagar,Marathahalli,,,Driver asked to cancel,Not Applicable,Not Applicable,Not Applicable,299,Not Applicable,0,,
2024-07-18 05:31:00,CNR9255448895,Success,CID933740,Prime Sedan,Koramangala,Shivajinagar,112.0,145.0,Not Applicable,Not Applicable,No,Not Applicable,547,Cash,27,4.0,4.1
2024-07-09 14:00:00,CNR4938404525,Success,CID941745,eBike,Hennur,Peenya,182.0,120.0,Not Applicable,Not Applicable,No,Not Applicable,351,Cash,48,3.4,3.8
2024-07-12 20:51:00,CNR9609317497,Canceled by Driver,CID632477,Mini,Frazer Town,Koramangala,,,Not Applicable,Customer was coughing/sick,Not Applicable,Not Applicable,740,Not Applicable,0,,
2024-07-02 00:02:00,CNR2286237082,Success,CID756452,eBike,Basavanagudi,Hulimavu,133.0,135.0,Not Applicable,Not Applicable,No,Not Applicable,280,Cash,37,4.8,4.2
2024-07-01 23:56:00,CNR8593398868,Success,CID271792,Prime Plus,Cox Town,Kammanahalli,35.0,30.0,Not Applicable,Not Applicable,No,Not Applicable,604,Cash,39,3.1,3.6
2024-07-05 23:39:00,CNR9904825199,Success,CID468263,Mini,Magadi Road,Mysore Road,49.0,120.0,Not Applicable,Not Applicable,Yes,Other Issue,1450,UPI,49,3.9,4.6
2024-07-09 08:21:00,CNR7177813518,Canceled by Driver,CID909407,Bike,Sarjapur Road,Magadi Road,,,Not Applicable,Personal & Car related issue,Not Applicable,Not Applicable,760,Not Applicable,0,,
2024-07-11 07:58:00,CNR5854569133,Canceled by Customer,CID671758,Bike,Bannerghatta Road,RT Nagar,,,Driver is not moving towards pickup location,Not Applicable,Not Applicable,Not Applicable,778,Not Applicable,0,,
2024-07-10 06:03:00,CNR5935666525,Success,CID191171,Prime Plus,Shantinagar,Hosur Road,112.0,140.0,Not Applicable,Not Applicable,No,Not Applicable,151,Cash,35,3.4,4.9
2024-07-06 20:58:00,CNR2619631427,Success,CID232293,Prime Plus,RT Nagar,Magadi Road,245.0,120.0,Not Applicable,Not Applicable,No,Not Applicable,684,Cash,23,3.5,4.3
2024-07-29 10:52:00,CNR5775525000,Success,CID267870,Bike,BTM Layout,Chickpet,203.0,40.0,Not Applicable,Not Applicable,No,Not Applicable,161,Cash,6,4.8,5.0
2024-07-06 18:08:00,CNR1241469691,Success,CID414716,Prime SUV,Varthur,RT Nagar,238.0,95.0,Not Applicable,Not Applicable,No,Not Applicable,336,UPI,40,3.2,3.9
2024-07-03 21:10:00,CNR2906659178,Success,CID138254,eBike,Hebbal,Kadugodi,217.0,65.0,Not Applicable,Not Applicable,No,Not Applicable,613,Credit Card,21,4.7,3.0
2024-07-12 05:21:00,CNR2083354376,Success,CID572726,Prime SUV,Nagarbhavi,Sarjapur Road,154.0,145.0,Not Applicable,Not Applicable,No,Not Applicable,131,Cash,47,5.0,3.1
2024-07-30 03:45:00,CNR1730754923,Success,CID439729,eBike,Basavanagudi,JP Nagar,238.0,55.0,Not Applicable,Not Applicable,No,Not Applicable,2685,Cash,24,3.8,3.4
2024-07-25 10:27:00,CNR7750935169,Success,CID524589,Bike,Rajarajeshwari Nagar,Shantinagar,210.0,35.0,Not Applicable,Not Applicable,No,Not Applicable,1165,Cash,30,4.2,4.5
2024-07-22 15:25:00,CNR8880187165,Canceled by Driver,CID298100,Prime SUV,Hulimavu,Banashankari,,,Not Applicable,Customer was coughing/sick,Not Applicable,Not Applicable,606,Not Applicable,0,,
2024-07-08 06:02:00,CNR9735415629,Canceled by Driver,CID695203,Auto,Varthur,Sahakar Nagar,,,Not Applicable,More than permitted people in there,Not Applicable,Not Applicable,223,Not Applicable,0,,
2024-07-06 19:35:00,CNR7789782419,Success,CID785779,Prime Plus,Sahakar Nagar,Kengeri,147.0,35.0,Not Applicable,Not Applicable,No,Not Applicable,387,UPI,20,4.6,3.4
2024-07-30 15:06:00,CNR9334631061,Success,CID169901,Auto,Sarjapur Road,KR Puram,42.0,100.0,Not Applicable,Not Applicable,No,Not Applicable,337,Cash,9,4.8,3.6
2024-07-05 07:19:00,CNR3727964545,Canceled by Customer,CID921656,Prime Sedan,Marathahalli,Hosur Road,,,Wrong Address,Not Applicable,Not Applicable,Not Applicable,2672,Not Applicable,0,,
2024-07-05 12:56:00,CNR6226207187,Success,CID424990,eBike,Shantinagar,Langford Town,161.0,140.0,Not Applicable,Not Applicable,No,Not Applicable,276,Cash,42,4.6,4.2
2024-07-30 23:37:00,CNR9194326864,Success,CID375327,Prime Sedan,Jayanagar,Yelahanka,287.0,70.0,Not Applicable,Not Applicable,No,Not Applicable,362,Cash,11,4.5,3.4
2024-07-14 04:54:00,CNR9697940415,Success,CID876673,eBike,MG Road,MG Road,196.0,105.0,Not Applicable,Not Applicable,No,Not Applicable,368,Cash,21,4.8,3.5
2024-07-22 12:00:00,CNR1734234264,Success,CID467030,eBike,Hosur Road,Koramangala,203.0,70.0,Not Applicable,Not Applicable,No,Not Applicable,115,Cash,46,4.4,4.9
2024-07-20 01:37:00,CNR3470058986,Success,CID717448,Prime Sedan,Hennur,Yelahanka,245.0,75.0,Not Applicable,Not Applicable,No,Not Applicable,158,UPI,24,3.6,4.2
2024-07-22 12:33:00,CNR4144922095,Success,CID625087,Mini,Bellandur,Koramangala,301.0,135.0,Not Applicable,Not Applicable,No,Not Applicable,325,Cash,47,4.9,4.0
2024-07-19 18:49:00,CNR7373382284,Success,CID152600,Bike,Indiranagar,Malleshwaram,105.0,90.0,Not Applicable,Not Applicable,No,Not Applicable,1595,UPI,45,4.7,3.7
2024-07-11 05:46:00,CNR9930473297,Success,CID475418,Bike,Rajarajeshwari Nagar,Majestic,308.0,145.0,Not Applicable,Not Applicable,No,Not Applicable,2989,UPI,22,3.7,3.7
2024-07-03 21:40:00,CNR4199122077,Success,CID330829,Mini,Electronic City,Varthur,231.0,50.0,Not Applicable,Not Applicable,No,Not Applicable,239,UPI,46,4.4,3.9
2024-07-03 00:13:00,CNR9749570084,Success,CID664355,Prime Plus,Devanahalli,Electronic City,154.0,135.0,Not Applicable,Not Applicable,No,Not Applicable,758,Cash,29,3.4,4.9
2024-07-27 08:41:00,CNR1715412355,Success,CID235617,eBike,Frazer Town,MG Road,301.0,55.0,Not Applicable,Not Applicable,No,Not Applicable,161,Cash,17,4.1,3.6
2024-07-08 23:23:00,CNR5350748047,Success,CID906057,eBike,Chamarajpet,Yeshwanthpur,140.0,40.0,Not Applicable,Not Applicable,No,Not Applicable,598,UPI,37,3.5,3.1
2024-07-28 08:30:00,CNR2844149643,Canceled by Driver,CID409206,Bike,Tumkur Road,Ramamurthy Nagar,,,Not Applicable,Personal & Car related issue,Not Applicable,Not Applicable,226,Not Applicable,0,,
2024-07-22 16:17:00,CNR9677984195,Canceled by Driver,CID906613,Bike,MG Road,Chickpet,,,Not Applicable,Personal & Car related issue,Not Applicable,Not Applicable,205,Not Applicable,0,,
2024-07-17 19:58:00,CNR2784266002,Success,CID624822,Prime SUV,Hosur Road,Yeshwanthpur,245.0,110.0,Not Applicable,Not Applicable,No,Not Applicable,399,Cash,33,4.9,4.0
2024-07-17 13:14:00,CNR7565247454,Success,CID278767,Bike,Majestic,Hulimavu,84.0,120.0,Not Applicable,Not Applicable,No,Not Applicable,122,UPI,39,4.1,4.1
2024-07-26 03:44:00,CNR4981801501,Canceled by Driver,CID982623,Bike,Whitefield,Chamarajpet,,,Not Applicable,Personal & Car related issue,Not Applicable,Not Applicable,202,Not Applicable,0,,
2024-07-09 06:59:00,CNR8049488048,Success,CID530288,Prime SUV,Hulimavu,Sahakar Nagar,154.0,85.0,Not Applicable,Not Applicable,No,Not Applicable,406,UPI,47,4.0,5.0
2024-07-22 05:44:00,CNR9034714337,Success,CID882166,Prime SUV,Hulimavu,Padmanabhanagar,35.0,60.0,Not Applicable,Not Applicable,No,Not Applicable,261,Cash,13,3.9,3.7
2024-07-09 10:05:00,CNR3388217721,Canceled by Driver,CID442572,Prime Plus,RT Nagar,Richmond Town,,,Not Applicable,Customer was coughing/sick,Not Applicable,Not Applicable,181,Not Applicable,0,,
2024-07-30 06:48:00,CNR2245948140,Success,CID907837,Prime SUV,Indiranagar,Sarjapur Road,126.0,40.0,Not Applicable,Not Applicable,No,Not Applicable,381,Cash,40,3.4,3.3
2024-07-08 19:43:00,CNR2472476660,Success,CID854277,Prime Plus,Bellandur,Electronic City,294.0,85.0,Not Applicable,Not Applicable,No,Not Applicable,884,Cash,24,4.1,4.2
2024-07-12 01:47:00,CNR7094630383,Success,CID378591,Prime Plus,Bannerghatta Road,Devanahalli,203.0,90.0,Not Applicable,Not Applicable,No,Not Applicable,484,Cash,46,4.2,3.3
2024-07-03 18:09:00,CNR2250686184,Canceled by Driver,CID309083,Prime Plus,Malleshwaram,Rajajinagar,,,Not Applicable,Customer was coughing/sick,Not Applicable,Not Applicable,297,Not Applicable,0,,
2024-07-08 05:28:00,CNR6673574274,Success,CID567552,Prime Sedan,Hebbal,Sahakar Nagar,308.0,105.0,Not Applicable,Not Applicable,No,Not Applicable,361,Cash,44,3.8,4.4
2024-07-21 01:08:00,CNR6963515771,Success,CID444651,eBike,KR Puram,Shantinagar,245.0,70.0,Not Applicable,Not Applicable,No,Not Applicable,485,Cash,37,4.1,3.1
2024-07-30 23:29:00,CNR1092048947,Canceled by Driver,CID559052,eBike,Tumkur Road,Mysore Road,,,Not Applicable,Personal & Car related issue,Not Applicable,Not Applicable,1978,Not Applicable,0,,
2024-07-11 17:09:00,CNR4523017586,Success,CID112287,eBike,Ulsoor,Kadugodi,245.0,55.0,Not Applicable,Not Applicable,No,Not Applicable,143,UPI,34,3.2,3.5
2024-07-11 23:16:00,CNR4709368638,Driver Not Found,CID779123,Mini,Banashankari,Bellandur,,,Not Applicable,Not Applicable,Not Applicable,Not Applicable,284,Not Applicable,0,,
2024-07-06 05:15:00,CNR2399696637,Canceled by Driver,CID385510,Prime SUV,RT Nagar,Majestic,,,Not Applicable,Personal & Car related issue,Not Applicable,Not Applicable,111,Not Applicable,0,,
2024-07-19 07:59:00,CNR4463557974,Success,CID356781,Prime Sedan,Bannerghatta Road,Yeshwanthpur,210.0,75.0,Not Applicable,Not Applicable,No,Not Applicable,880,UPI,46,4.8,4.8
2024-07-10 16:53:00,CNR3184646773,Driver Not Found,CID210037,Prime Sedan,Devanahalli,Shivajinagar,,,Not Applicable,Not Applicable,Not Applicable,Not Applicable,315,Not Applicable,0,,
2024-07-01 07:55:00,CNR4907224096,Canceled by Driver,CID798764,Mini,Banashankari,Shivajinagar,,,Not Applicable,Personal & Car related issue,Not Applicable,Not Applicable,866,Not Applicable,0,,
2024-07-14 06:55:00,CNR7181379410,Success,CID330768,eBike,Chamarajpet,Magadi Road,308.0,30.0,Not Applicable,Not Applicable,No,Not Applicable,395,Cash,25,3.8,3.2
2024-07-19 17:08:00,CNR6575231231,Success,CID806854,eBike,Jayanagar,JP Nagar,126.0,80.0,Not Applicable,Not Applicable,No,Not Applicable,117,Credit Card,38,3.3,4.7
2024-07-05 02:03:00,CNR5806658094,Success,CID803178,Prime SUV,Malleshwaram,Chamarajpet,154.0,85.0,Not Applicable,Not Applicable,Yes,Other Issue,837,Cash,2,4.6,3.7
2024-07-22 14:20:00,CNR7672373639,Success,CID333757,Prime SUV,Jayanagar,Yelahanka,238.0,140.0,Not Applicable,Not Applicable,No,Not Applicable,760,Cash,18,4.2,3.7
2024-07-28 19:37:00,CNR4698420968,Success,CID268753,Bike,Yeshwanthpur,Rajajinagar,77.0,95.0,Not Applicable,Not Applicable,No,Not Applicable,169,Cash,44,3.8,4.7
2024-07-04 17:40:00,CNR9484782597,Success,CID708785,Prime Sedan,Ulsoor,Chamarajpet,161.0,25.0,Not Applicable,Not Applicable,No,Not Applicable,274,UPI,33,4.7,4.4
2024-07-08 11:12:00,CNR8123386175,Canceled by Customer,CID947229,Bike,JP Nagar,Mysore Road,,,Change of plans,Not Applicable,Not Applicable,Not Applicable,223,Not Applicable,0,,
2024-07-22 15:18:00,CNR3826104655,Success,CID828727,Prime Plus,Koramangala,Chamarajpet,245.0,60.0,Not Applicable,Not Applicable,No,Not Applicable,151,UPI,30,3.9,3.1
2024-07-14 12:57:00,CNR5066860346,Canceled by Driver,CID405836,Prime SUV,Marathahalli,Varthur,,,Not Applicable,More than permitted people in there,Not Applicable,Not Applicable,437,Not Applicable,0,,
2024-07-03 10:56:00,CNR2655798418,Canceled by Customer,CID313390,Mini,Banashankari,JP Nagar,,,Change of plans,Not Applicable,Not Applicable,Not Applicable,561,Not Applicable,0,,
2024-07-08 18:21:00,CNR5231681975,Success,CID330383,Auto,Vijayanagar,Chickpet,147.0,35.0,Not Applicable,Not Applicable,No,Not Applicable,278,UPI,7,4.5,3.3
2024-07-02 02:47:00,CNR3208091956,Success,CID475402,Prime SUV,JP Nagar,Chamarajpet,203.0,140.0,Not Applicable,Not Applicable,No,Not Applicable,189,Cash,5,3.7,4.4
2024-07-30 00:55:00,CNR7946044654,Canceled by Driver,CID280998,Prime Plus,Nagarbhavi,Chickpet,,,Not Applicable,Customer was coughing/sick,Not Applicable,Not Applicable,860,Not Applicable,0,,
2024-07-27 18:45:00,CNR6345694684,Canceled by Driver,CID665624,Auto,Kammanahalli,Hosur Road,,,Not Applicable,Customer was coughing/sick,Not Applicable,Not Applicable,1271,Not Applicable,0,,
2024-07-12 07:05:00,CNR1529298938,Canceled by Customer,CID404011,Prime SUV,Banashankari,Hulimavu,,,Driver asked to cancel,Not Applicable,Not Applicable,Not Applicable,255,Not Applicable,0,,
2024-07-05 03:54:00,CNR6736957055,Driver Not Found,CID464691,Mini,HSR Layout,Kengeri,,,Not Applicable,Not Applicable,Not Applicable,Not Applicable,259,Not Applicable,0,,
2024-07-05 07:32:00,CNR5510981419,Success,CID106046,Prime SUV,Chickpet,Shivajinagar,182.0,80.0,Not Applicable,Not Applicable,No,Not Applicable,111,Cash,12,4.5,4.7
2024-07-11 13:07:00,CNR3989579524,Success,CID408070,Auto,Hebbal,Ramamurthy Nagar,196.0,90.0,Not Applicable,Not Applicable,No,Not Applicable,2324,Cash,19,3.4,3.7
2024-07-02 09:56:00,CNR7900642168,Canceled by Customer,CID809138,Prime Plus,MG Road,Cox Town,,,Driver is not moving towards pickup location,Not Applicable,Not Applicable,Not Applicable,580,Not Applicable,0,,
2024-07-19 01:03:00,CNR2306225096,Success,CID988642,Auto,Malleshwaram,Ramamurthy Nagar,175.0,50.0,Not Applicable,Not Applicable,No,Not Applicable,238,UPI,18,4.7,5.0
2024-07-26 05:05:00,CNR4043131874,Success,CID101451,Prime SUV,Padmanabhanagar,Malleshwaram,196.0,65.0,Not Applicable,Not Applicable,No,Not Applicable,113,UPI,15,3.2,4.3
2024-07-04 06:31:00,CNR3060969889,Success,CID488929,Prime Sedan,Banashankari,Jayanagar,294.0,40.0,Not Applicable,Not Applicable,No,Not Applicable,456,Cash,16,4.6,3.0
2024-07-15 13:34:00,CNR8330987551,Canceled by Driver,CID739765,Prime Plus,Ramamurthy Nagar,Devanahalli,,,Not Applicable,More than permitted people in there,Not Applicable,Not Applicable,194,Not Applicable,0,,
2024-07-14 21:15:00,CNR6589156841,Success,CID608804,Prime SUV,Bannerghatta Road,Electronic City,140.0,80.0,Not Applicable,Not Applicable,No,Not Applicable,153,Cash,13,3.7,3.8
2024-07-20 09:53:00,CNR1133929748,Driver Not Found,CID222738,Mini,HSR Layout,Sahakar Nagar,,,Not Applicable,Not Applicable,Not Applicable,Not Applicable,228,Not Applicable,0,,
2024-07-06 05:17:00,CNR9076339136,Success,CID498978,eBike,Electronic City,HSR Layout,217.0,140.0,Not Applicable,Not Applicable,No,Not Applicable,315,Cash,9,4.6,3.4
2024-07-28 22:09:00,CNR9767463668,Canceled by Customer,CID239955,Prime Plus,Peenya,Basavanagudi,,,Driver asked to cancel,Not Applicable,Not Applicable,Not Applicable,384,Not Applicable,0,,
2024-07-15 07:43:00,CNR2478595274,Canceled by Customer,CID550002,Prime Plus,Nagarbhavi,Kadugodi,,,Change of plans,Not Applicable,Not Applicable,Not Applicable,213,Not Applicable,0,,
2024-07-17 16:44:00,CNR9688614493,Success,CID895001,Mini,Indiranagar,Vijayanagar,98.0,125.0,Not Applicable,Not Applicable,Yes,Customer Demand,2051,UPI,40,4.6,3.6
2024-07-21 03:18:00,CNR9700781542,Success,CID183720,Prime Sedan,Shantinagar,Hebbal,238.0,85.0,Not Applicable,Not Applicable,No,Not Applicable,390,UPI,36,4.9,3.1
2024-07-12 21:35:00,CNR2580775695,Canceled by Driver,CID551438,Prime Plus,Magadi Road,Banashankari,,,Not Applicable,Personal & Car related issue,Not Applicable,Not Applicable,412,Not Applicable,0,,
2024-07-28 02:14:00,CNR5092873677,Canceled by Customer,CID114130,Mini,Tumkur Road,Nagarbhavi,,,AC is Not working,Not Applicable,Not Applicable,Not Applicable,418,Not Applicable,0,,
2024-07-11 11:33:00,CNR6472826067,Canceled by Driver,CID800900,Prime Plus,Basavanagudi,Rajajinagar,,,Not Applicable,Customer was coughing/sick,Not Applicable,Not Applicable,395,Not Applicable,0,,
2024-07-14 20:16:00,CNR8166445969,Success,CID611875,Prime SUV,Shantinagar,Langford Town,252.0,30.0,Not Applicable,Not Applicable,No,Not Applicable,133,UPI,41,3.1,4.9
2024-07-28 12:11:00,CNR5190764378,Success,CID183688,Prime Plus,Yeshwanthpur,Shivajinagar,182.0,55.0,Not Applicable,Not Applicable,No,Not Applicable,221,Cash,39,4.8,4.6
2024-07-07 17:37:00,CNR7162263740,Success,CID979521,Prime Plus,Rajarajeshwari Nagar,Hennur,154.0,60.0,Not Applicable,Not Applicable,No,Not Applicable,994,UPI,39,4.2,4.9
2024-07-17 11:16:00,CNR3370843457,Canceled by Customer,CID327623,Prime SUV,Bellandur,Frazer Town,,,Driver is not moving towards pickup location,Not Applicable,Not Applicable,Not Applicable,134,Not Applicable,0,,
2024-07-18 17:23:00,CNR9364388497,Success,CID794348,Prime Plus,Hulimavu,BTM Layout,210.0,60.0,Not Applicable,Not Applicable,No,Not Applicable,474,Cash,29,3.9,3.4
2024-07-13 19:47:00,CNR1791651781,Success,CID151591,Prime Sedan,Vijayanagar,Bannerghatta Road,112.0,145.0,Not Applicable,Not Applicable,No,Not Applicable,290,UPI,29,4.2,3.1
2024-07-09 02:57:00,CNR2017620410,Success,CID795781,Prime Sedan,Frazer Town,Rajarajeshwari Nagar,49.0,100.0,Not Applicable,Not Applicable,No,Not Applicable,298,Cash,33,4.7,3.1
2024-07-12 11:50:00,CNR4316189348,Success,CID650501,Auto,Devanahalli,Peenya,119.0,110.0,Not Applicable,Not Applicable,Yes,Customer Demand,279,Cash,14,3.3,3.9
2024-07-03 16:16:00,CNR4001604926,Driver Not Found,CID960200,Prime Sedan,Frazer Town,Richmond Town,,,Not Applicable,Not Applicable,Not Applicable,Not Applicable,652,Not Applicable,0,,
2024-07-06 19:31:00,CNR1361833123,Canceled by Driver,CID633012,Prime Plus,Nagarbhavi,Marathahalli,,,Not Applicable,Customer related issue,Not Applicable,Not Applicable,175,Not Applicable,0,,
2024-07-21 00:35:00,CNR7172217032,Success,CID801052,Prime Plus,Varthur,Ramamurthy Nagar,252.0,55.0,Not Applicable,Not Applicable,No,Not Applicable,124,UPI,48,3.1,3.3
2024-07-22 08:23:00,CNR9368466461,Canceled by Customer,CID644541,Prime SUV,Cox Town,Ramamurthy Nagar,,,Driver is not moving towards pickup location,Not Applicable,Not Applicable,Not Applicable,216,Not Applicable,0,,
2024-07-28 11:20:00,CNR3200763118,Success,CID224650,Prime Sedan,Kadugodi,Vijayanagar,154.0,75.0,Not Applicable,Not Applicable,No,Not Applicable,481,Debit Card,12,4.3,3.1
2024-07-14 02:33:00,CNR4898352125,Success,CID115061,Bike,Electronic City,HSR Layout,63.0,70.0,Not Applicable,Not Applicable,No,Not Applicable,961,UPI,49,3.5,4.8
2024-07-27 04:17:00,CNR4414553073,Success,CID532695,Prime Sedan,MG Road,Indiranagar,182.0,25.0,Not Applicable,Not Applicable,No,Not Applicable,848,Cash,44,3.6,3.3
2024-07-19 08:35:00,CNR5457285737,Canceled by Driver,CID964353,Bike,Varthur,Varthur,,,Not Applicable,Customer was coughing/sick,Not Applicable,Not Applicable,342,Not Applicable,0,,
2024-07-04 23:50:00,CNR6338026385,Success,CID848692,Bike,Ulsoor,Padmanabhanagar,273.0,30.0,Not Applicable,Not Applicable,No,Not Applicable,458,Cash,14,3.2,3.2
2024-07-02 11:32:00,CNR6095846932,Success,CID499668,Bike,Malleshwaram,Yelahanka,252.0,50.0,Not Applicable,Not Applicable,No,Not Applicable,131,UPI,39,4.0,3.5
2024-07-13 23:20:00,CNR3729583944,Success,CID405506,Auto,Varthur,Indiranagar,259.0,145.0,Not Applicable,Not Applicable,No,Not Applicable,191,Cash,16,4.2,4.0
2024-07-03 13:53:00,CNR6085839240,Success,CID583234,Prime Plus,Majestic,Cox Town,112.0,145.0,Not Applicable,Not Applicable,No,Not Applicable,758,UPI,10,4.3,3.3
2024-07-27 23:20:00,CNR6462968883,Success,CID102290,Mini,Majestic,Jayanagar,294.0,145.0,Not Applicable,Not Applicable,No,Not Applicable,855,Cash,33,3.4,4.3
2024-07-06 21:06:00,CNR7958188729,Success,CID131463,Prime Plus,Rajajinagar,Whitefield,266.0,25.0,Not Applicable,Not Applicable,No,Not Applicable,1940,Cash,29,3.3,4.7
2024-07-05 05:16:00,CNR1649640630,Success,CID192757,Bike,Hulimavu,Whitefield,98.0,125.0,Not Applicable,Not Applicable,No,Not Applicable,405,UPI,48,3.2,3.3
2024-07-24 06:56:00,CNR3911387324,Driver Not Found,CID698476,Mini,Chickpet,JP Nagar,,,Not Applicable,Not Applicable,Not Applicable,Not Applicable,814,Not Applicable,0,,
2024-07-01 17:43:00,CNR1481361084,Success,CID292649,Prime Plus,Whitefield,BTM Layout,259.0,130.0,Not Applicable,Not Applicable,No,Not Applicable,263,Cash,46,4.7,3.5
2024-07-11 06:32:00,CNR1141162776,Success,CID666225,Prime SUV,Rajarajeshwari Nagar,Bellandur,287.0,35.0,Not Applicable,Not Applicable,No,Not Applicable,945,UPI,32,4.5,3.9
2024-07-13 08:05:00,CNR2873220057,Success,CID530595,Prime Plus,Indiranagar,Rajarajeshwari Nagar,245.0,145.0,Not Applicable,Not Applicable,No,Not Applicable,148,Credit Card,4,3.4,4.5
2024-07-27 06:04:00,CNR7012788588,Driver Not Found,CID796155,Prime Plus,Ulsoor,Koramangala,,,Not Applicable,Not Applicable,Not Applicable,Not Applicable,702,Not Applicable,0,,
2024-07-15 03:51:00,CNR3246223230,Success,CID126698,Prime SUV,Hosur Road,Langford Town,161.0,55.0,Not Applicable,Not Applicable,No,Not Applicable,563,Cash,34,4.2,4.3
2024-07-19 20:41:00,CNR2988540808,Driver Not Found,CID229953,Prime Sedan,Electronic City,Hosur Road,,,Not Applicable,Not Applicable,Not Applicable,Not Applicable,1890,Not Applicable,0,,
2024-07-21 04:04:00,CNR9548357563,Canceled by Customer,CID808628,Prime SUV,Padmanabhanagar,Bannerghatta Road,,,Wrong Address,Not Applicable,Not Applicable,Not Applicable,684,Not Applicable,0,,
2024-07-09 15:13:00,CNR2065092555,Canceled by Driver,CID853008,Mini,Kengeri,Varthur,,,Not Applicable,Customer was coughing/sick,Not Applicable,Not Applicable,188,Not Applicable,0,,
2024-07-21 14:28:00,CNR8498134965,Success,CID252701,Mini,Electronic City,BTM Layout,35.0,35.0,Not Applicable,Not Applicable,No,Not Applicable,252,Cash,42,3.1,4.3
2024-07-09 18:08:00,CNR1110777463,Success,CID414821,Prime Plus,Padmanabhanagar,Varthur,91.0,40.0,Not Applicable,Not Applicable,No,Not Applicable,293,Cash,23,3.2,4.5
2024-07-01 06:04:00,CNR6227520907,Success,CID627728,Prime Sedan,Tumkur Road,Hosur Road,112.0,120.0,Not Applicable,Not Applicable,No,Not Applicable,2090,Cash,16,4.7,4.4
2024-07-03 02:16:00,CNR6659074864,Success,CID986113,Prime Plus,Whitefield,Ulsoor,84.0,85.0,Not Applicable,Not Applicable,No,Not Applicable,451,Cash,49,3.7,3.5
2024-07-11 17:30:00,CNR2160320364,Driver Not Found,CID923678,Auto,Kammanahalli,Richmond Town,,,Not Applicable,Not Applicable,Not Applicable,Not Applicable,391,Not Applicable,0,,
2024-07-05 15:02:00,CNR9712785485,Canceled by Customer,CID776973,eBike,Koramangala,Basavanagudi,,,AC is Not working,Not Applicable,Not Applicable,Not Applicable,652,Not Applicable,0,,
2024-07-25 08:14:00,CNR1323888797,Success,CID617895,Mini,MG Road,Langford Town,175.0,65.0,Not Applicable,Not Applicable,No,Not Applicable,209,UPI,33,3.9,4.2
2024-07-13 17:41:00,CNR8842476738,Success,CID155217,Prime Plus,Devanahalli,Whitefield,168.0,85.0,Not Applicable,Not Applicable,No,Not Applicable,174,Cash,20,4.8,4.2
2024-07-25 21:53:00,CNR9443719373,Success,CID655913,Mini,Jayanagar,Rajarajeshwari Nagar,308.0,40.0,Not Applicable,Not Applicable,Yes,Other Issue,268,UPI,3,4.0,3.0
2024-07-11 11:22:00,CNR8317490048,Success,CID622208,Prime Sedan,Hulimavu,Sahakar Nagar,294.0,90.0,Not Applicable,Not Applicable,No,Not Applicable,303,Cash,20,3.8,3.7
2024-07-04 05:30:00,CNR6711766591,Success,CID698324,eBike,Langford Town,Kammanahalli,287.0,40.0,Not Applicable,Not Applicable,No,Not Applicable,561,UPI,41,3.0,3.1
2024-07-21 21:04:00,CNR2795187362,Driver Not Found,CID690921,Prime Plus,Chamarajpet,Hebbal,,,Not Applicable,Not Applicable,Not Applicable,Not Applicable,223,Not Applicable,0,,
2024-07-02 05:44:00,CNR1827424656,Canceled by Customer,CID915515,Prime Plus,Hosur Road,Sahakar Nagar,,,Change of plans,Not Applicable,Not Applicable,Not Applicable,979,Not Applicable,0,,
2024-07-02 08:24:00,CNR9363554446,Canceled by Customer,CID295320,Prime Plus,Kadugodi,Mysore Road,,,Change of plans,Not Applicable,Not Applicable,Not Applicable,867,Not Applicable,0,,
2024-07-06 04:44:00,CNR5132838593,Success,CID848082,Auto,Rajarajeshwari Nagar,Hennur,273.0,40.0,Not Applicable,Not Applicable,No,Not Applicable,227,Cash,6,4.1,3.0
2024-07-25 14:32:00,CNR9011565797,Driver Not Found,CID487905,Prime SUV,Hennur,KR Puram,,,Not Applicable,Not Applicable,Not Applicable,Not Applicable,959,Not Applicable,0,,
2024-07-17 16:21:00,CNR9046367338,Success,CID817145,Prime Plus,Rajarajeshwari Nagar,Basavanagudi,301.0,45.0,Not Applicable,Not Applicable,No,Not Applicable,2710,Cash,32,3.9,3.9
2024-07-17 03:43:00,CNR2800462480,Success,CID126956,Mini,Chamarajpet,Frazer Town,301.0,95.0,Not Applicable,Not Applicable,No,Not Applicable,419,UPI,24,3.1,4.4
2024-07-29 05:13:00,CNR3828743457,Canceled by Driver,CID858235,Auto,Hosur Road,Marathahalli,,,Not Applicable,More than permitted people in there,Not Applicable,Not Applicable,402,Not Applicable,0,,
2024-07-15 07:54:00,CNR8126180185,Success,CID354272,Prime Plus,JP Nagar,Chickpet,42.0,35.0,Not Applicable,Not Applicable,No,Not Applicable,425,Cash,23,4.2,3.1
2024-07-18 12:25:00,CNR7400959853,Canceled by Customer,CID262567,Auto,Varthur,Hulimavu,,,Change of plans,Not Applicable,Not Applicable,Not Applicable,427,Not Applicable,0,,
2024-07-06 22:53:00,CNR2641406135,Canceled by Customer,CID844796,Prime Plus,Rajarajeshwari Nagar,Yeshwanthpur,,,Driver is not moving towards pickup location,Not Applicable,Not Applicable,Not Applicable,381,Not Applicable,0,,
2024-07-04 13:05:00,CNR8984755321,Canceled by Driver,CID636019,eBike,Kengeri,Langford Town,,,Not Applicable,Customer related issue,Not Applicable,Not Applicable,165,Not Applicable,0,,
2024-07-08 00:08:00,CNR4377843261,Success,CID718229,Mini,Majestic,HSR Layout,210.0,25.0,Not Applicable,Not Applicable,No,Not Applicable,303,UPI,46,4.3,3.8
2024-07-14 13:45:00,CNR7860204233,Canceled by Driver,CID484922,Prime SUV,Ulsoor,Langford Town,,,Not Applicable,Customer was coughing/sick,Not Applicable,Not Applicable,365,Not Applicable,0,,
2024-07-10 01:35:00,CNR6885856601,Success,CID566126,Bike,Rajajinagar,Hennur,203.0,95.0,Not Applicable,Not Applicable,No,Not Applicable,889,Cash,46,3.4,4.1
2024-07-13 23:51:00,CNR6472644236,Canceled by Driver,CID719885,Bike,BTM Layout,Marathahalli,,,Not Applicable,Personal & Car related issue,Not Applicable,Not Applicable,190,Not Applicable,0,,
2024-07-14 14:52:00,CNR3596509355,Driver Not Found,CID859220,Bike,Electronic City,Koramangala,,,Not Applicable,Not Applicable,Not Applicable,Not Applicable,823,Not Applicable,0,,
2024-07-16 14:38:00,CNR4834462820,Success,CID809683,Mini,Marathahalli,Yeshwanthpur,217.0,30.0,Not Applicable,Not Applicable,No,Not Applicable,2286,Cash,33,4.4,4.8
2024-07-09 21:44:00,CNR4736862690,Success,CID418887,Auto,Rajarajeshwari Nagar,Marathahalli,203.0,25.0,Not Applicable,Not Applicable,No,Not Applicable,153,Cash,7,4.4,5.0
2024-07-13 06:47:00,CNR1841095251,Success,CID181005,eBike,Kammanahalli,Yeshwanthpur,91.0,60.0,Not Applicable,Not Applicable,No,Not Applicable,361,UPI,20,3.0,3.5
2024-07-08 09:42:00,CNR2007764280,Driver Not Found,CID864781,Auto,RT Nagar,RT Nagar,,,Not Applicable,Not Applicable,Not Applicable,Not Applicable,233,Not Applicable,0,,
2024-07-11 09:49:00,CNR3476334790,Canceled by Customer,CID753231,Bike,Bellandur,Hulimavu,,,Change of plans,Not Applicable,Not Applicable,Not Applicable,196,Not Applicable,0,,
2024-07-16 16:04:00,CNR7097417389,Canceled by Customer,CID219686,Mini,Magadi Road,BTM Layout,,,Driver asked to cancel,Not Applicable,Not Applicable,Not Applicable,102,Not Applicable,0,,
2024-07-01 06:02:00,CNR8825356676,Canceled by Customer,CID885310,Auto,Sahakar Nagar,Magadi Road,,,Driver is not moving towards pickup location,Not Applicable,Not Applicable,Not Applicable,393,Not Applicable,0,,
2024-07-05 22:22:00,CNR9359917961,Success,CID764314,Prime Sedan,Yelahanka,Hosur Road,224.0,130.0,Not Applicable,Not Applicable,No,Not Applicable,1491,Cash,7,3.7,4.5
2024-07-14 08:42:00,CNR8969947017,Success,CID553491,Auto,Ramamurthy Nagar,Devanahalli,70.0,75.0,Not Applicable,Not Applicable,No,Not Applicable,1995,UPI,10,3.5,3.7
2024-07-23 05:57:00,CNR1618842978,Success,CID382914,Auto,KR Puram,Langford Town,217.0,85.0,Not Applicable,Not Applicable,No,Not Applicable,388,Cash,7,3.1,3.1
2024-07-01 18:04:00,CNR6929773812,Canceled by Customer,CID609490,Prime SUV,Sarjapur Road,Shivajinagar,,,AC is Not working,Not Applicable,Not Applicable,Not Applicable,332,Not Applicable,0,,
2024-07-18 13:25:00,CNR3049746277,Success,CID104704,Prime Sedan,Bannerghatta Road,Yeshwanthpur,175.0,110.0,Not Applicable,Not Applicable,No,Not Applicable,307,UPI,43,3.9,3.9
2024-07-19 19:47:00,CNR7079672009,Success,CID809219,Mini,Nagarbhavi,Kengeri,77.0,75.0,Not Applicable,Not Applicable,No,Not Applicable,600,UPI,20,3.1,4.4
2024-07-24 23:13:00,CNR1373866324,Canceled by Customer,CID619139,Bike,Yeshwanthpur,Devanahalli,,,Driver asked to cancel,Not Applicable,Not Applicable,Not Applicable,378,Not Applicable,0,,
2024-07-02 23:54:00,CNR4490021560,Canceled by Driver,CID187720,Bike,Sarjapur Road,Kengeri,,,Not Applicable,Customer related issue,Not Applicable,Not Applicable,320,Not Applicable,0,,
2024-07-01 06:37:00,CNR4982925961,Canceled by Driver,CID460883,eBike,Chamarajpet,Rajarajeshwari Nagar,,,Not Applicable,Customer related issue,Not Applicable,Not Applicable,749,Not Applicable,0,,
2024-07-28 03:31:00,CNR3494021200,Success,CID807589,eBike,Banashankari,Hebbal,238.0,40.0,Not Applicable,Not Applicable,No,Not Applicable,2067,UPI,37,4.4,4.3
2024-07-16 13:07:00,CNR1231740613,Success,CID953113,Bike,Kengeri,RT Nagar,112.0,95.0,Not Applicable,Not Applicable,No,Not Applicable,678,Cash,47,4.0,3.5
2024-07-28 15:35:00,CNR8096602726,Success,CID325820,Auto,Devanahalli,Bannerghatta Road,147.0,110.0,Not Applicable,Not Applicable,No,Not Applicable,168,Cash,14,3.5,3.2
2024-07-21 04:40:00,CNR3704121879,Success,CID219589,Bike,MG Road,Hosur Road,35.0,40.0,Not Applicable,Not Applicable,No,Not Applicable,247,UPI,46,4.1,3.9
2024-07-24 02:01:00,CNR6828745710,Canceled by Driver,CID968198,eBike,Malleshwaram,BTM Layout,,,Not Applicable,Customer was coughing/sick,Not Applicable,Not Applicable,386,Not Applicable,0,,
2024-07-06 11:39:00,CNR7842853877,Success,CID992272,Prime SUV,Chickpet,Hebbal,182.0,65.0,Not Applicable,Not Applicable,No,Not Applicable,174,UPI,49,4.2,4.3
2024-07-20 08:48:00,CNR6445803425,Canceled by Customer,CID745317,Prime Sedan,Tumkur Road,Jayanagar,,,Driver is not moving towards pickup location,Not Applicable,Not Applicable,Not Applicable,446,Not Applicable,0,,
2024-07-30 21:54:00,CNR8249312100,Success,CID434964,Prime SUV,BTM Layout,Majestic,301.0,130.0,Not Applicable,Not Applicable,No,Not Applicable,265,Cash,17,3.9,4.7
2024-07-04 15:42:00,CNR1582481969,Canceled by Customer,CID184860,eBike,Mysore Road,Langford Town,,,AC is Not working,Not Applicable,Not Applicable,Not Applicable,826,Not Applicable,0,,
2024-07-28 06:57:00,CNR6864903774,Success,CID176322,Prime Sedan,Sahakar Nagar,Cox Town,280.0,135.0,Not Applicable,Not Applicable,No,Not Applicable,116,UPI,40,3.4,3.6
2024-07-20 02:40:00,CNR2877199638,Success,CID182192,eBike,Ramamurthy Nagar,Nagarbhavi,56.0,115.0,Not Applicable,Not Applicable,No,Not Applicable,306,UPI,6,3.8,3.8
2024-07-09 06:54:00,CNR3671628086,Canceled by Customer,CID916040,Auto,Chickpet,Varthur,,,Driver is not moving towards pickup location,Not Applicable,Not Applicable,Not Applicable,830,Not Applicable,0,,
2024-07-12 17:15:00,CNR2002345482,Success,CID980273,eBike,Indiranagar,MG Road,287.0,75.0,Not Applicable,Not Applicable,No,Not Applicable,763,Cash,27,3.6,4.2
2024-07-29 16:44:00,CNR8960409688,Success,CID527493,Bike,Majestic,Basavanagudi,266.0,50.0,Not Applicable,Not Applicable,No,Not Applicable,424,Cash,25,4.2,4.4
2024-07-11 22:02:00,CNR8646176591,Success,CID584321,Prime Sedan,Kengeri,Vijayanagar,273.0,65.0,Not Applicable,Not Applicable,No,Not Applicable,818,Cash,13,4.5,3.6
2024-07-26 11:24:00,CNR5602943989,Canceled by Customer,CID345063,eBike,Padmanabhanagar,Vijayanagar,,,AC is Not working,Not Applicable,Not Applicable,Not Applicable,1003,Not Applicable,0,,
2024-07-19 20:43:00,CNR9154630683,Success,CID974318,Auto,Langford Town,Varthur,56.0,55.0,Not Applicable,Not Applicable,No,Not Applicable,392,Cash,1,3.7,4.1
2024-07-23 07:43:00,CNR3065366414,Success,CID499754,Auto,Koramangala,Cox Town,189.0,100.0,Not Applicable,Not Applicable,No,Not Applicable,215,Cash,9,3.4,3.1
2024-07-14 03:33:00,CNR2519228876,Success,CID735753,Bike,Nagarbhavi,Sahakar Nagar,168.0,80.0,Not Applicable,Not Applicable,No,Not Applicable,216,UPI,8,3.6,3.9
2024-07-12 12:50:00,CNR3171599502,Driver Not Found,CID686377,Mini,Bannerghatta Road,Nagarbhavi,,,Not Applicable,Not Applicable,Not Applicable,Not Applicable,415,Not Applicable,0,,
2024-07-27 03:58:00,CNR7301311607,Canceled by Driver,CID303572,Auto,Hebbal,Sahakar Nagar,,,Not Applicable,Customer related issue,Not Applicable,Not Applicable,154,Not Applicable,0,,
2024-07-25 09:42:00,CNR3312676603,Success,CID177336,Prime Sedan,Banashankari,BTM Layout,196.0,105.0,Not Applicable,Not Applicable,No,Not Applicable,359,UPI,44,3.3,3.2
2024-07-29 14:49:00,CNR1743078267,Canceled by Driver,CID775169,Prime Plus,Richmond Town,BTM Layout,,,Not Applicable,Customer related issue,Not Applicable,Not Applicable,689,Not Applicable,0,,
2024-07-10 23:45:00,CNR2333696024,Canceled by Driver,CID408944,Mini,Yeshwanthpur,MG Road,,,Not Applicable,Customer related issue,Not Applicable,Not Applicable,384,Not Applicable,0,,
2024-07-06 16:38:00,CNR2305424266,Success,CID338929,eBike,JP Nagar,Hosur Road,196.0,65.0,Not Applicable,Not Applicable,No,Not Applicable,377,Cash,5,4.9,4.7
2024-07-13 20:00:00,CNR9866057793,Driver Not Found,CID770397,Auto,Hosur Road,Sarjapur Road,,,Not Applicable,Not Applicable,Not Applicable,Not Applicable,135,Not Applicable,0,,
2024-07-02 12:58:00,CNR3079784546,Success,CID965363,Bike,MG Road,Jayanagar,210.0,65.0,Not Applicable,Not Applicable,No,Not Applicable,270,UPI,1,4.3,3.1
2024-07-22 03:26:00,CNR4143955974,Success,CID799089,Prime Sedan,Chamarajpet,Varthur,126.0,110.0,Not Applicable,Not Applicable,No,Not Applicable,271,UPI,46,3.7,3.3
2024-07-02 05:30:00,CNR9638497991,Canceled by Customer,CID108615,Bike,Indiranagar,RT Nagar,,,Change of plans,Not Applicable,Not Applicable,Not Applicable,258,Not Applicable,0,,
2024-07-06 19:05:00,CNR8476258510,Canceled by Driver,CID323062,Prime Plus,KR Puram,Varthur,,,Not Applicable,Customer related issue,Not Applicable,Not Applicable,483,Not Applicable,0,,
2024-07-27 13:22:00,CNR4091984201,Success,CID908557,Mini,Yelahanka,Peenya,49.0,105.0,Not Applicable,Not Applicable,No,Not Applicable,385,Cash,40,4.1,4.7
2024-07-22 15:53:00,CNR2709421241,Success,CID106142,Bike,Sarjapur Road,BTM Layout,168.0,25.0,Not Applicable,Not Applicable,No,Not Applicable,210,Cash,34,3.6,3.2
2024-07-28 02:12:00,CNR5731900227,Success,CID666760,Prime SUV,Basavanagudi,Bellandur,105.0,130.0,Not Applicable,Not Applicable,No,Not Applicable,823,Cash,18,4.4,3.2
2024-07-21 19:06:00,CNR7332070168,Canceled by Driver,CID716096,Bike,Shivajinagar,BTM Layout,,,Not Applicable,Customer related issue,Not Applicable,Not Applicable,397,Not Applicable,0,,
2024-07-02 07:13:00,CNR3415403058,Success,CID974511,eBike,MG Road,Marathahalli,98.0,30.0,Not Applicable,Not Applicable,No,Not Applicable,309,UPI,6,3.1,3.4
2024-07-17 02:18:00,CNR1831838366,Canceled by Driver,CID211974,eBike,Langford Town,Kammanahalli,,,Not Applicable,Personal & Car related issue,Not Applicable,Not Applicable,139,Not Applicable,0,,
2024-07-25 02:05:00,CNR2343231508,Success,CID294997,Prime Plus,Langford Town,Tumkur Road,301.0,125.0,Not Applicable,Not Applicable,No,Not Applicable,273,Cash,40,3.9,3.7
2024-07-23 21:57:00,CNR3635856486,Canceled by Customer,CID495780,Prime SUV,Marathahalli,Marathahalli,,,Driver asked to cancel,Not Applicable,Not Applicable,Not Applicable,347,Not Applicable,0,,
2024-07-02 07:42:00,CNR8361090905,Success,CID180545,eBike,Kadugodi,Devanahalli,42.0,40.0,Not Applicable,Not Applicable,Yes,Customer Demand,378,Cash,25,3.1,4.6
2024-07-15 22:58:00,CNR6897043712,Success,CID757136,Mini,Kengeri,KR Puram,308.0,70.0,Not Applicable,Not Applicable,No,Not Applicable,357,UPI,19,3.3,3.4
2024-07-25 22:24:00,CNR8802166818,Success,CID519611,Auto,Hebbal,Yeshwanthpur,266.0,145.0,Not Applicable,Not Applicable,No,Not Applicable,273,UPI,15,3.6,4.5
2024-07-08 08:09:00,CNR5847263118,Success,CID114015,Mini,Vijayanagar,HSR Layout,308.0,70.0,Not Applicable,Not Applicable,No,Not Applicable,456,UPI,23,3.5,3.3
2024-07-16 19:57:00,CNR8933835533,Success,CID198211,Prime Plus,BTM Layout,Kadugodi,147.0,145.0,Not Applicable,Not Applicable,No,Not Applicable,483,Cash,45,4.9,4.3
2024-07-17 17:52:00,CNR8665550640,Canceled by Driver,CID586833,Prime SUV,Indiranagar,Whitefield,,,Not Applicable,Customer related issue,Not Applicable,Not Applicable,416,Not Applicable,0,,
2024-07-11 04:19:00,CNR5918771819,Driver Not Found,CID337854,Prime Sedan,Magadi Road,Hebbal,,,Not Applicable,Not Applicable,Not Applicable,Not Applicable,989,Not Applicable,0,,
2024-07-27 22:31:00,CNR7734722652,Success,CID630741,Mini,Jayanagar,Marathahalli,49.0,125.0,Not Applicable,Not Applicable,No,Not Applicable,154,UPI,6,3.8,5.0
2024-07-23 23:12:00,CNR9149324875,Canceled by Driver,CID581116,Auto,HSR Layout,Mysore Road,,,Not Applicable,Customer was coughing/sick,Not Applicable,Not Applicable,319,Not Applicable,0,,
2024-07-03 05:29:00,CNR1487072103,Canceled by Driver,CID978919,eBike,Kengeri,Ulsoor,,,Not Applicable,Personal & Car related issue,Not Applicable,Not Applicable,2808,Not Applicable,0,,
2024-07-13 11:14:00,CNR1095866755,Success,CID877756,Prime SUV,Langford Town,Padmanabhanagar,182.0,65.0,Not Applicable,Not Applicable,No,Not Applicable,2543,UPI,27,3.6,4.6
2024-07-26 21:20:00,CNR1144411318,Success,CID990859,Auto,Malleshwaram,Mysore Road,105.0,65.0,Not Applicable,Not Applicable,No,Not Applicable,937,Cash,13,3.3,3.4
2024-07-13 10:45:00,CNR8375369053,Canceled by Customer,CID684142,Prime SUV,Banashankari,Ramamurthy Nagar,,,Change of plans,Not Applicable,Not Applicable,Not Applicable,259,Not Applicable,0,,
2024-07-30 16:54:00,CNR2839042831,Success,CID106364,Auto,Magadi Road,Whitefield,161.0,110.0,Not Applicable,Not Applicable,No,Not Applicable,356,UPI,8,4.8,3.7
2024-07-20 04:18:00,CNR2887056741,Canceled by Customer,CID437483,Bike,Banashankari,Marathahalli,,,Driver is not moving towards pickup location,Not Applicable,Not Applicable,Not Applicable,469,Not Applicable,0,,
2024-07-20 12:41:00,CNR4446865705,Canceled by Customer,CID165478,Mini,Indiranagar,Ulsoor,,,Driver is not moving towards pickup location,Not Applicable,Not Applicable,Not Applicable,408,Not Applicable,0,,
2024-07-30 20:34:00,CNR3653855197,Driver Not Found,CID680534,Auto,Whitefield,KR Puram,,,Not Applicable,Not Applicable,Not Applicable,Not Applicable,363,Not Applicable,0,,
2024-07-18 03:51:00,CNR5603783529,Success,CID226296,Prime Plus,Vijayanagar,Cox Town,168.0,50.0,Not Applicable,Not Applicable,No,Not Applicable,477,UPI,1,3.4,4.9
2024-07-30 12:49:00,CNR8184136796,Success,CID975709,Bike,Ulsoor,Bellandur,119.0,45.0,Not Applicable,Not Applicable,No,Not Applicable,345,UPI,23,3.2,4.2
2024-07-13 16:23:00,CNR8484510132,Canceled by Customer,CID744140,Prime Plus,Vijayanagar,Whitefield,,,Driver asked to cancel,Not Applicable,Not Applicable,Not Applicable,344,Not Applicable,0,,
2024-07-28 11:47:00,CNR8491261674,Success,CID631128,Prime Sedan,Magadi Road,Majestic,210.0,70.0,Not Applicable,Not Applicable,Yes,Customer Demand,2409,Cash,3,3.4,3.8
2024-07-18 23:43:00,CNR5148349288,Canceled by Driver,CID485845,Prime Plus,Devanahalli,HSR Layout,,,Not Applicable,Personal & Car related issue,Not Applicable,Not Applicable,550,Not Applicable,0,,
2024-07-02 10:13:00,CNR5336362919,Success,CID379132,Bike,Richmond Town,JP Nagar,126.0,100.0,Not Applicable,Not Applicable,No,Not Applicable,409,UPI,23,3.8,5.0
2024-07-19 00:33:00,CNR4419813372,Canceled by Driver,CID801127,Prime Plus,Koramangala,Hulimavu,,,Not Applicable,Customer related issue,Not Applicable,Not Applicable,808,Not Applicable,0,,
2024-07-17 17:55:00,CNR8884247391,Success,CID982594,Bike,Electronic City,Richmond Town,35.0,110.0,Not Applicable,Not Applicable,No,Not Applicable,345,UPI,22,4.1,4.9
2024-07-15 21:57:00,CNR4186221828,Canceled by Driver,CID643145,Prime Plus,Bellandur,BTM Layout,,,Not Applicable,More than permitted people in there,Not Applicable,Not Applicable,308,Not Applicable,0,,
2024-07-29 12:46:00,CNR7101461247,Canceled by Driver,CID385958,Prime SUV,Rajajinagar,Peenya,,,Not Applicable,Customer was coughing/sick,Not Applicable,Not Applicable,641,Not Applicable,0,,
2024-07-25 23:01:00,CNR4161463851,Success,CID790977,eBike,RT Nagar,Magadi Road,161.0,145.0,Not Applicable,Not Applicable,No,Not Applicable,469,Cash,30,4.1,3.0
2024-07-18 01:33:00,CNR4325940833,Canceled by Customer,CID291773,Prime SUV,Langford Town,Hulimavu,,,Change of plans,Not Applicable,Not Applicable,Not Applicable,196,Not Applicable,0,,
2024-07-08 00:35:00,CNR6272229911,Canceled by Driver,CID945771,Auto,Hosur Road,Devanahalli,,,Not Applicable,Customer related issue,Not Applicable,Not Applicable,2706,Not Applicable,0,,
2024-07-10 14:41:00,CNR7559671276,Success,CID671609,Bike,Banashankari,Electronic City,105.0,125.0,Not Applicable,Not Applicable,No,Not Applicable,451,Cash,48,4.2,4.2
2024-07-05 10:39:00,CNR7338939773,Canceled by Driver,CID339951,Prime Sedan,Bellandur,Padmanabhanagar,,,Not Applicable,Personal & Car related issue,Not Applicable,Not Applicable,747,Not Applicable,0,,
2024-07-20 21:09:00,CNR3663919732,Success,CID948705,Auto,Bellandur,Varthur,133.0,30.0,Not Applicable,Not Applicable,No,Not Applicable,222,UPI,6,4.2,4.4
2024-07-19 16:27:00,CNR2255609205,Success,CID937327,Prime Plus,KR Puram,Rajarajeshwari Nagar,161.0,120.0,Not Applicable,Not Applicable,No,Not Applicable,272,Cash,26,5.0,3.8
2024-07-22 02:42:00,CNR4027328503,Success,CID301277,Prime SUV,Indiranagar,Rajarajeshwari Nagar,77.0,80.0,Not Applicable,Not Applicable,No,Not Applicable,173,Cash,16,3.7,3.5
2024-07-04 23:03:00,CNR7638033274,Canceled by Driver,CID789812,Auto,Marathahalli,Vijayanagar,,,Not Applicable,Customer related issue,Not Applicable,Not Applicable,388,Not Applicable,0,,
2024-07-15 08:55:00,CNR5095447195,Canceled by Customer,CID588118,Prime SUV,Nagarbhavi,HSR Layout,,,Driver is not moving towards pickup location,Not Applicable,Not Applicable,Not Applicable,468,Not Applicable,0,,
2024-07-28 17:00:00,CNR7319005914,Canceled by Driver,CID871872,Bike,Peenya,Rajajinagar,,,Not Applicable,Personal & Car related issue,Not Applicable,Not Applicable,490,Not Applicable,0,,
2024-07-09 01:43:00,CNR3940936687,Canceled by Driver,CID719228,eBike,Rajarajeshwari Nagar,Magadi Road,,,Not Applicable,More than permitted people in there,Not Applicable,Not Applicable,429,Not Applicable,0,,
2024-07-22 05:26:00,CNR8321851290,Driver Not Found,CID327308,eBike,Tumkur Road,Devanahalli,,,Not Applicable,Not Applicable,Not Applicable,Not Applicable,292,Not Applicable,0,,
2024-07-30 06:36:00,CNR4833465451,Canceled by Customer,CID704028,eBike,Shivajinagar,Hennur,,,Driver is not moving towards pickup location,Not Applicable,Not Applicable,Not Applicable,172,Not Applicable,0,,
2024-07-02 08:49:00,CNR1785159977,Success,CID973989,Mini,Ramamurthy Nagar,Hosur Road,42.0,145.0,Not Applicable,Not Applicable,No,Not Applicable,796,Cash,11,4.7,4.6
2024-07-01 02:28:00,CNR5017237231,Canceled by Driver,CID870231,Prime Plus,Varthur,Richmond Town,,,Not Applicable,More than permitted people in there,Not Applicable,Not Applicable,1955,Not Applicable,0,,
2024-07-01 12:38:00,CNR3027848484,Success,CID277325,Bike,Shantinagar,Whitefield,301.0,125.0,Not Applicable,Not Applicable,No,Not Applicable,721,Cash,3,3.8,4.9
2024-07-15 13:33:00,CNR3467363736,Canceled by Customer,CID383256,Auto,Mysore Road,Sahakar Nagar,,,Driver is not moving towards pickup location,Not Applicable,Not Applicable,Not Applicable,181,Not Applicable,0,,
2024-07-08 02:49:00,CNR9596516972,Success,CID859561,Mini,Sahakar Nagar,Chamarajpet,161.0,25.0,Not Applicable,Not Applicable,No,Not Applicable,332,UPI,5,3.5,3.2
2024-07-13 04:22:00,CNR2419635838,Canceled by Driver,CID176956,Mini,Vijayanagar,Frazer Town,,,Not Applicable,More than permitted people in there,Not Applicable,Not Applicable,420,Not Applicable,0,,
2024-07-16 18:27:00,CNR5581388589,Canceled by Customer,CID194023,eBike,Hulimavu,Sarjapur Road,,,Wrong Address,Not Applicable,Not Applicable,Not Applicable,187,Not Applicable,0,,
2024-07-29 04:41:00,CNR5528897319,Canceled by Customer,CID858004,Prime SUV,Hebbal,Indiranagar,,,AC is Not working,Not Applicable,Not Applicable,Not Applicable,624,Not Applicable,0,,
2024-07-06 23:13:00,CNR3615977340,Success,CID966458,eBike,Devanahalli,Sarjapur Road,301.0,120.0,Not Applicable,Not Applicable,No,Not Applicable,560,UPI,20,4.6,4.2
2024-07-07 02:48:00,CNR3975459304,Canceled by Driver,CID256974,Prime Plus,Chickpet,Padmanabhanagar,,,Not Applicable,Customer was coughing/sick,Not Applicable,Not Applicable,275,Not Applicable,0,,
2024-07-15 16:01:00,CNR8914963172,Driver Not Found,CID200821,eBike,Tumkur Road,Chickpet,,,Not Applicable,Not Applicable,Not Applicable,Not Applicable,439,Not Applicable,0,,
2024-07-02 13:30:00,CNR6555466133,Success,CID675666,Auto,Bellandur,Bellandur,203.0,90.0,Not Applicable,Not Applicable,No,Not Applicable,208,UPI,13,4.6,3.8
2024-07-20 11:07:00,CNR9628816945,Canceled by Customer,CID650238,Auto,Peenya,Vijayanagar,,,Change of plans,Not Applicable,Not Applicable,Not Applicable,220,Not Applicable,0,,
2024-07-06 17:48:00,CNR2888353127,Canceled by Driver,CID766917,Mini,Electronic City,Langford Town,,,Not Applicable,Customer related issue,Not Applicable,Not Applicable,477,Not Applicable,0,,
2024-07-10 20:37:00,CNR1012313933,Canceled by Customer,CID968159,Prime Plus,Devanahalli,JP Nagar,,,Change of plans,Not Applicable,Not Applicable,Not Applicable,548,Not Applicable,0,,
2024-07-17 11:02:00,CNR8104964544,Success,CID814601,Prime Sedan,Nagarbhavi,Indiranagar,98.0,50.0,Not Applicable,Not Applicable,No,Not Applicable,181,Cash,26,4.9,3.9
2024-07-23 23:08:00,CNR6052422232,Success,CID280717,Prime SUV,Whitefield,Hosur Road,287.0,125.0,Not Applicable,Not Applicable,No,Not Applicable,276,UPI,16,3.6,4.1
2024-07-22 19:18:00,CNR7792170472,Success,CID476406,Prime Plus,Chickpet,Mysore Road,266.0,85.0,Not Applicable,Not Applicable,No,Not Applicable,626,Cash,26,3.4,4.1
2024-07-22 05:11:00,CNR3803857195,Canceled by Customer,CID659579,Prime SUV,RT Nagar,Vijayanagar,,,AC is Not working,Not Applicable,Not Applicable,Not Applicable,182,Not Applicable,0,,
2024-07-17 18:20:00,CNR5701998365,Canceled by Driver,CID260406,Mini,KR Puram,BTM Layout,,,Not Applicable,Personal & Car related issue,Not Applicable,Not Applicable,301,Not Applicable,0,,
2024-07-12 18:25:00,CNR5849175999,Success,CID630374,Prime Sedan,Nagarbhavi,Majestic,91.0,80.0,Not Applicable,Not Applicable,No,Not Applicable,232,UPI,9,3.8,4.6
2024-07-09 17:14:00,CNR9787013609,Success,CID752679,Prime Sedan,Shivajinagar,Majestic,140.0,90.0,Not Applicable,Not Applicable,No,Not Applicable,487,UPI,44,3.4,3.2
2024-07-13 02:46:00,CNR9246447757,Canceled by Customer,CID717903,Mini,Banashankari,JP Nagar,,,Driver asked to cancel,Not Applicable,Not Applicable,Not Applicable,292,Not Applicable,0,,
2024-07-07 01:02:00,CNR6856901333,Canceled by Driver,CID519020,Auto,Marathahalli,Marathahalli,,,Not Applicable,Personal & Car related issue,Not Applicable,Not Applicable,445,Not Applicable,0,,
2024-07-25 20:23:00,CNR3511600733,Success,CID229959,Prime SUV,Bellandur,Yelahanka,70.0,95.0,Not Applicable,Not Applicable,No,Not Applicable,1598,Cash,48,4.8,4.6
2024-07-26 12:16:00,CNR3545831889,Success,CID584846,Auto,Nagarbhavi,Sahakar Nagar,182.0,70.0,Not Applicable,Not Applicable,No,Not Applicable,1628,UPI,5,4.8,4.5
2024-07-20 04:40:00,CNR2031477512,Success,CID158569,Prime Plus,Jayanagar,Bellandur,308.0,25.0,Not Applicable,Not Applicable,No,Not Applicable,331,Cash,18,4.8,3.8
2024-07-05 08:53:00,CNR7042268264,Canceled by Customer,CID962091,Prime Sedan,Rajajinagar,Hebbal,,,Driver asked to cancel,Not Applicable,Not Applicable,Not Applicable,602,Not Applicable,0,,
2024-07-02 05:07:00,CNR2343074902,Success,CID264300,eBike,Kammanahalli,Cox Town,98.0,140.0,Not Applicable,Not Applicable,No,Not Applicable,440,UPI,9,4.6,4.5
2024-07-10 21:26:00,CNR5237699924,Canceled by Driver,CID431333,Prime SUV,Richmond Town,Yeshwanthpur,,,Not Applicable,Customer related issue,Not Applicable,Not Applicable,280,Not Applicable,0,,
2024-07-13 19:33:00,CNR4466155952,Success,CID229495,Auto,Padmanabhanagar,Shivajinagar,196.0,125.0,Not Applicable,Not Applicable,Yes,Vehicle Breakdown,290,UPI,18,4.0,3.9
2024-07-07 00:00:00,CNR3774884759,Canceled by Driver,CID129087,Auto,Ramamurthy Nagar,Nagarbhavi,,,Not Applicable,Customer related issue,Not Applicable,Not Applicable,1781,Not Applicable,0,,
2024-07-01 09:05:00,CNR8975743782,Canceled by Customer,CID289773,Prime SUV,Ramamurthy Nagar,KR Puram,,,AC is Not working,Not Applicable,Not Applicable,Not Applicable,487,Not Applicable,0,,
2024-07-04 19:11:00,CNR7403503012,Success,CID484186,Prime Plus,HSR Layout,Hebbal,189.0,45.0,Not Applicable,Not Applicable,No,Not Applicable,792,UPI,31,3.5,3.1
2024-07-08 13:31:00,CNR9788208026,Canceled by Driver,CID537483,Prime SUV,Varthur,Mysore Road,,,Not Applicable,More than permitted people in there,Not Applicable,Not Applicable,243,Not Applicable,0,,
2024-07-25 08:53:00,CNR8599361766,Success,CID169705,Prime Plus,Marathahalli,Langford Town,168.0,50.0,Not Applicable,Not Applicable,No,Not Applicable,359,Cash,18,4.5,3.1
2024-07-28 19:37:00,CNR9761531488,Success,CID992422,Prime Plus,Hosur Road,Malleshwaram,56.0,30.0,Not Applicable,Not Applicable,No,Not Applicable,382,Cash,13,3.6,3.5
2024-07-24 16:38:00,CNR5676150399,Success,CID995180,Bike,Bellandur,Whitefield,266.0,55.0,Not Applicable,Not Applicable,No,Not Applicable,2016,Cash,14,4.7,4.1
2024-07-07 18:44:00,CNR5768382064,Success,CID432244,Prime Sedan,Malleshwaram,Chamarajpet,217.0,65.0,Not Applicable,Not Applicable,No,Not Applicable,108,UPI,43,4.0,4.7
2024-07-04 07:28:00,CNR4789886700,Success,CID796005,Bike,Cox Town,Vijayanagar,133.0,95.0,Not Applicable,Not Applicable,No,Not Applicable,843,Credit Card,43,3.8,4.3
2024-07-24 04:07:00,CNR1375715411,Canceled by Customer,CID669141,Prime Plus,Devanahalli,Hosur Road,,,Wrong Address,Not Applicable,Not Applicable,Not Applicable,419,Not Applicable,0,,
2024-07-03 21:17:00,CNR7000573935,Canceled by Driver,CID408198,Prime Plus,Bannerghatta Road,Rajarajeshwari Nagar,,,Not Applicable,Customer related issue,Not Applicable,Not Applicable,245,Not Applicable,0,,
2024-07-30 13:31:00,CNR9572719605,Success,CID585793,eBike,Malleshwaram,Whitefield,245.0,140.0,Not Applicable,Not Applicable,No,Not Applicable,960,Cash,26,3.9,3.6
2024-07-13 06:09:00,CNR4853546936,Canceled by Customer,CID281440,Prime SUV,Kadugodi,HSR Layout,,,Driver is not moving towards pickup location,Not Applicable,Not Applicable,Not Applicable,235,Not Applicable,0,,
2024-07-22 00:16:00,CNR4783432253,Success,CID480832,Prime Plus,Kengeri,Shantinagar,42.0,90.0,Not Applicable,Not Applicable,No,Not Applicable,1470,UPI,26,4.7,3.7
2024-07-04 22:59:00,CNR2845866706,Success,CID372577,Auto,Electronic City,KR Puram,238.0,130.0,Not Applicable,Not Applicable,No,Not Applicable,414,Cash,12,4.6,4.5
2024-07-28 06:59:00,CNR7868011798,Success,CID197219,Auto,Rajajinagar,Vijayanagar,49.0,95.0,Not Applicable,Not Applicable,No,Not Applicable,572,UPI,18,4.4,3.5
2024-07-16 18:55:00,CNR2371832593,Success,CID871301,Auto,Mysore Road,Bannerghatta Road,119.0,140.0,Not Applicable,Not Applicable,No,Not Applicable,567,Cash,5,3.6,4.8
2024-07-26 15:18:00,CNR5428562721,Success,CID967819,eBike,Hebbal,Ulsoor,119.0,80.0,Not Applicable,Not Applicable,No,Not Applicable,491,UPI,47,4.5,3.2
2024-07-23 19:30:00,CNR1098865341,Success,CID149862,Prime SUV,Kammanahalli,Padmanabhanagar,112.0,95.0,Not Applicable,Not Applicable,No,Not Applicable,115,UPI,45,4.4,4.5
2024-07-10 19:05:00,CNR2665543909,Success,CID135111,Auto,Sahakar Nagar,Padmanabhanagar,77.0,125.0,Not Applicable,Not Applicable,No,Not Applicable,298,Cash,6,4.1,3.2
2024-07-21 21:52:00,CNR7081475426,Success,CID640613,Prime Plus,Banashankari,Chamarajpet,91.0,135.0,Not Applicable,Not Applicable,No,Not Applicable,416,Cash,18,3.7,3.8
2024-07-28 12:01:00,CNR7988634557,Canceled by Customer,CID173475,eBike,Ramamurthy Nagar,Shantinagar,,,AC is Not working,Not Applicable,Not Applicable,Not Applicable,263,Not Applicable,0,,
2024-07-06 19:14:00,CNR8137735110,Canceled by Customer,CID296664,Mini,Mysore Road,Padmanabhanagar,,,Change of plans,Not Applicable,Not Applicable,Not Applicable,593,Not Applicable,0,,
2024-07-18 03:39:00,CNR4578905696,Success,CID338275,Auto,MG Road,RT Nagar,259.0,35.0,Not Applicable,Not Applicable,No,Not Applicable,106,Cash,11,3.3,4.1
2024-07-05 22:36:00,CNR6234937744,Success,CID230685,Prime Sedan,Vijayanagar,JP Nagar,308.0,75.0,Not Applicable,Not Applicable,No,Not Applicable,165,UPI,4,4.7,3.5
2024-07-04 16:37:00,CNR8874459578,Success,CID217449,Prime Sedan,Rajarajeshwari Nagar,Shantinagar,189.0,55.0,Not Applicable,Not Applicable,No,Not Applicable,727,Cash,25,3.5,4.3
2024-07-26 20:17:00,CNR7102807888,Canceled by Customer,CID929179,Auto,Yeshwanthpur,Kammanahalli,,,Change of plans,Not Applicable,Not Applicable,Not Applicable,291,Not Applicable,0,,
2024-07-14 13:57:00,CNR5628852696,Canceled by Customer,CID636304,eBike,Devanahalli,Kengeri,,,Change of plans,Not Applicable,Not Applicable,Not Applicable,319,Not Applicable,0,,
2024-07-04 04:15:00,CNR6186056091,Canceled by Driver,CID824262,Mini,Banashankari,Koramangala,,,Not Applicable,Personal & Car related issue,Not Applicable,Not Applicable,748,Not Applicable,0,,
2024-07-11 11:58:00,CNR2432974107,Success,CID375144,Mini,Indiranagar,Hebbal,273.0,30.0,Not Applicable,Not Applicable,No,Not Applicable,772,Cash,10,3.8,4.1
2024-07-16 00:17:00,CNR7035269366,Driver Not Found,CID704656,Prime Plus,Cox Town,Sahakar Nagar,,,Not Applicable,Not Applicable,Not Applicable,Not Applicable,877,Not Applicable,0,,
2024-07-14 06:13:00,CNR2074314539,Success,CID611155,Auto,Majestic,Richmond Town,287.0,100.0,Not Applicable,Not Applicable,No,Not Applicable,1515,UPI,10,4.3,4.4
2024-07-05 11:46:00,CNR8702854220,Success,CID215808,Bike,Tumkur Road,Hosur Road,294.0,80.0,Not Applicable,Not Applicable,No,Not Applicable,705,Cash,17,3.9,4.3
2024-07-06 02:10:00,CNR9578355487,Success,CID227736,Mini,Basavanagudi,Ramamurthy Nagar,210.0,50.0,Not Applicable,Not Applicable,No,Not Applicable,222,UPI,30,4.7,4.9
2024-07-05 08:55:00,CNR1341308103,Driver Not Found,CID270471,Prime Plus,Malleshwaram,Peenya,,,Not Applicable,Not Applicable,Not Applicable,Not Applicable,481,Not Applicable,0,,
2024-07-28 01:41:00,CNR8585800859,Canceled by Customer,CID988407,Prime Sedan,Kengeri,Frazer Town,,,Driver asked to cancel,Not Applicable,Not Applicable,Not Applicable,736,Not Applicable,0,,
2024-07-14 17:50:00,CNR1370989568,Canceled by Driver,CID549955,Prime Plus,RT Nagar,Indiranagar,,,Not Applicable,Personal & Car related issue,Not Applicable,Not Applicable,403,Not Applicable,0,,
2024-07-30 20:58:00,CNR4126756561,Success,CID972649,Mini,Nagarbhavi,Frazer Town,210.0,75.0,Not Applicable,Not Applicable,No,Not Applicable,874,UPI,48,3.2,3.0
2024-07-16 09:36:00,CNR4760186167,Success,CID177133,Bike,Electronic City,Shantinagar,266.0,75.0,Not Applicable,Not Applicable,No,Not Applicable,276,Cash,45,4.2,3.9
2024-07-03 15:08:00,CNR5443814559,Canceled by Driver,CID766675,Mini,Yeshwanthpur,Shantinagar,,,Not Applicable,Customer was coughing/sick,Not Applicable,Not Applicable,940,Not Applicable,0,,
2024-07-17 16:05:00,CNR1149359833,Success,CID927471,Prime SUV,Rajarajeshwari Nagar,Tumkur Road,126.0,125.0,Not Applicable,Not Applicable,No,Not Applicable,858,Cash,25,4.3,4.7
2024-07-30 14:32:00,CNR7790722982,Success,CID267656,Mini,Rajajinagar,BTM Layout,133.0,120.0,Not Applicable,Not Applicable,No,Not Applicable,2938,UPI,8,4.8,3.2
2024-07-22 14:09:00,CNR9471422943,Success,CID646202,Prime Sedan,Kammanahalli,Varthur,49.0,80.0,Not Applicable,Not Applicable,No,Not Applicable,407,Cash,36,4.6,5.0
2024-07-09 21:41:00,CNR1004523719,Success,CID329023,Prime SUV,Ulsoor,Sarjapur Road,266.0,50.0,Not Applicable,Not Applicable,No,Not Applicable,1555,Cash,33,4.1,4.2
2024-07-19 23:05:00,CNR8861671037,Success,CID473825,Prime Sedan,Ulsoor,Hulimavu,133.0,25.0,Not Applicable,Not Applicable,No,Not Applicable,394,UPI,28,3.4,4.4
2024-07-02 13:04:00,CNR6299446234,Success,CID376632,Bike,Shivajinagar,Shivajinagar,77.0,135.0,Not Applicable,Not Applicable,No,Not Applicable,581,Cash,9,3.2,4.9
2024-07-29 12:32:00,CNR3309178063,Success,CID631262,Mini,Hebbal,Rajajinagar,210.0,80.0,Not Applicable,Not Applicable,No,Not Applicable,404,UPI,8,4.7,4.7
2024-07-20 00:17:00,CNR5170214670,Success,CID972857,eBike,Bellandur,MG Road,273.0,80.0,Not Applicable,Not Applicable,No,Not Applicable,121,UPI,17,3.8,4.5
2024-07-24 12:19:00,CNR7818970046,Canceled by Customer,CID826848,eBike,Bannerghatta Road,RT Nagar,,,Driver is not moving towards pickup location,Not Applicable,Not Applicable,Not Applicable,987,Not Applicable,0,,
2024-07-09 20:29:00,CNR8172975822,Driver Not Found,CID289879,eBike,Varthur,Peenya,,,Not Applicable,Not Applicable,Not Applicable,Not Applicable,912,Not Applicable,0,,
2024-07-03 16:35:00,CNR1222439450,Driver Not Found,CID901653,Bike,KR Puram,Hosur Road,,,Not Applicable,Not Applicable,Not Applicable,Not Applicable,228,Not Applicable,0,,
2024-07-11 02:45:00,CNR1878813193,Driver Not Found,CID705549,Mini,MG Road,Varthur,,,Not Applicable,Not Applicable,Not Applicable,Not Applicable,552,Not Applicable,0,,
2024-07-22 17:41:00,CNR4812319369,Canceled by Driver,CID942075,Auto,RT Nagar,Rajajinagar,,,Not Applicable,Customer related issue,Not Applicable,Not Applicable,113,Not Applicable,0,,
2024-07-02 07:40:00,CNR1403052128,Success,CID718293,Bike,Sahakar Nagar,Sarjapur Road,252.0,70.0,Not Applicable,Not Applicable,No,Not Applicable,786,UPI,28,4.5,4.9
2024-07-02 13:17:00,CNR4218249372,Canceled by Driver,CID360417,Prime SUV,Yeshwanthpur,Mysore Road,,,Not Applicable,Customer related issue,Not Applicable,Not Applicable,422,Not Applicable,0,,
2024-07-01 10:15:00,CNR1509939287,Canceled by Customer,CID598438,Prime Sedan,Kammanahalli,Bannerghatta Road,,,AC is Not working,Not Applicable,Not Applicable,Not Applicable,645,Not Applicable,0,,
2024-07-15 08:10:00,CNR3183278518,Canceled by Driver,CID189090,eBike,Kengeri,RT Nagar,,,Not Applicable,Customer was coughing/sick,Not Applicable,Not Applicable,440,Not Applicable,0,,
2024-07-10 16:45:00,CNR9387836111,Success,CID520953,Auto,Shivajinagar,Kengeri,238.0,115.0,Not Applicable,Not Applicable,No,Not Applicable,261,UPI,13,3.0,4.8
2024-07-22 16:18:00,CNR1053431484,Canceled by Customer,CID323769,Prime Sedan,Malleshwaram,Rajarajeshwari Nagar,,,Change of plans,Not Applicable,Not Applicable,Not Applicable,386,Not Applicable,0,,
2024-07-14 05:10:00,CNR7627008351,Success,CID709563,Bike,Marathahalli,Kadugodi,224.0,65.0,Not Applicable,Not Applicable,No,Not Applicable,200,UPI,30,3.2,3.7
2024-07-02 21:05:00,CNR9238085894,Canceled by Customer,CID884850,Auto,Marathahalli,Koramangala,,,Driver asked to cancel,Not Applicable,Not Applicable,Not Applicable,837,Not Applicable,0,,
2024-07-30 22:37:00,CNR6699777267,Success,CID401226,Auto,RT Nagar,RT Nagar,140.0,120.0,Not Applicable,Not Applicable,No,Not Applicable,951,UPI,5,4.5,3.8
2024-07-14 12:10:00,CNR7589725828,Success,CID849150,Bike,Nagarbhavi,Majestic,56.0,35.0,Not Applicable,Not Applicable,No,Not Applicable,252,UPI,40,3.9,4.1
2024-07-17 07:21:00,CNR8080839946,Driver Not Found,CID247543,Auto,Marathahalli,Whitefield,,,Not Applicable,Not Applicable,Not Applicable,Not Applicable,394,Not Applicable,0,,
2024-07-05 23:42:00,CNR4214941685,Canceled by Driver,CID855745,Bike,Majestic,Hennur,,,Not Applicable,More than permitted people in there,Not Applicable,Not Applicable,446,Not Applicable,0,,
2024-07-15 14:24:00,CNR9648029985,Success,CID750193,Mini,JP Nagar,Nagarbhavi,133.0,80.0,Not Applicable,Not Applicable,No,Not Applicable,487,Debit Card,31,3.7,3.2
2024-07-25 22:54:00,CNR5440947610,Success,CID124697,Prime Plus,Padmanabhanagar,Cox Town,49.0,90.0,Not Applicable,Not Applicable,No,Not Applicable,418,Cash,39,4.5,3.9
2024-07-24 10:25:00,CNR8083544246,Success,CID161260,Prime SUV,MG Road,Chickpet,84.0,125.0,Not Applicable,Not Applicable,No,Not Applicable,176,Cash,38,4.9,3.3
2024-07-01 21:40:00,CNR7815169655,Success,CID794986,Prime Plus,Marathahalli,KR Puram,196.0,115.0,Not Applicable,Not Applicable,No,Not Applicable,1391,UPI,47,3.6,4.9
2024-07-21 02:33:00,CNR3964170545,Success,CID175186,eBike,Marathahalli,Padmanabhanagar,224.0,35.0,Not Applicable,Not Applicable,No,Not Applicable,447,Cash,12,3.5,3.7
2024-07-21 02:50:00,CNR1256598741,Success,CID679379,Prime Plus,Banashankari,Electronic City,196.0,50.0,Not Applicable,Not Applicable,No,Not Applicable,329,Cash,42,4.9,4.0
2024-07-16 22:54:00,CNR3072104692,Success,CID717481,Mini,Hulimavu,Indiranagar,210.0,85.0,Not Applicable,Not Applicable,No,Not Applicable,206,Cash,33,4.1,3.4
2024-07-19 02:20:00,CNR2796271670,Success,CID789346,Prime Sedan,Richmond Town,Varthur,217.0,85.0,Not Applicable,Not Applicable,No,Not Applicable,688,Cash,6,4.7,4.1
2024-07-17 13:58:00,CNR3683146765,Success,CID650011,Prime SUV,Hennur,Langford Town,133.0,110.0,Not Applicable,Not Applicable,Yes,Customer Demand,351,Cash,27,4.8,4.9
2024-07-23 14:44:00,CNR6934499966,Success,CID736331,Mini,Shivajinagar,Sahakar Nagar,224.0,35.0,Not Applicable,Not Applicable,Yes,Vehicle Breakdown,957,UPI,41,3.6,3.9
2024-07-02 07:02:00,CNR7418366038,Success,CID130053,eBike,Magadi Road,Rajajinagar,273.0,45.0,Not Applicable,Not Applicable,No,Not Applicable,264,Cash,9,3.7,3.4
2024-07-28 08:21:00,CNR9124094429,Driver Not Found,CID584878,eBike,Vijayanagar,MG Road,,,Not Applicable,Not Applicable,Not Applicable,Not Applicable,549,Not Applicable,0,,
2024-07-15 00:17:00,CNR7129072144,Canceled by Driver,CID689310,Prime SUV,Shantinagar,Chickpet,,,Not Applicable,Customer related issue,Not Applicable,Not Applicable,179,Not Applicable,0,,
2024-07-13 04:50:00,CNR1989815173,Success,CID467095,Prime SUV,Electronic City,Varthur,91.0,65.0,Not Applicable,Not Applicable,No,Not Applicable,244,Cash,2,4.3,3.2
2024-07-17 13:46:00,CNR7045208369,Success,CID186885,Bike,Bellandur,Jayanagar,140.0,115.0,Not Applicable,Not Applicable,No,Not Applicable,220,Cash,4,4.5,4.5
2024-07-26 17:46:00,CNR8277401712,Success,CID891472,Prime SUV,Bellandur,Yeshwanthpur,175.0,75.0,Not Applicable,Not Applicable,No,Not Applicable,597,Cash,4,4.7,3.5
2024-07-20 01:53:00,CNR7378751826,Driver Not Found,CID434655,Mini,Electronic City,Yeshwanthpur,,,Not Applicable,Not Applicable,Not Applicable,Not Applicable,1560,Not Applicable,0,,
2024-07-15 15:35:00,CNR3700095176,Success,CID576624,Prime Sedan,Shantinagar,Frazer Town,140.0,100.0,Not Applicable,Not Applicable,No,Not Applicable,1855,Cash,28,4.8,3.1
2024-07-05 01:57:00,CNR3080194252,Canceled by Driver,CID874897,Auto,Hosur Road,Hebbal,,,Not Applicable,Customer was coughing/sick,Not Applicable,Not Applicable,484,Not Applicable,0,,
2024-07-03 02:01:00,CNR4572015796,Success,CID275903,Prime SUV,Malleshwaram,Malleshwaram,84.0,100.0,Not Applicable,Not Applicable,No,Not Applicable,762,UPI,17,4.2,3.7
2024-07-21 20:27:00,CNR1694595670,Canceled by Customer,CID315200,Prime Plus,Bellandur,Langford Town,,,Driver asked to cancel,Not Applicable,Not Applicable,Not Applicable,2998,Not Applicable,0,,
2024-07-16 04:49:00,CNR3719737133,Canceled by Driver,CID885064,Bike,Bellandur,Magadi Road,,,Not Applicable,Personal & Car related issue,Not Applicable,Not Applicable,314,Not Applicable,0,,
2024-07-30 04:19:00,CNR2538434244,Success,CID246233,Prime Sedan,Indiranagar,JP Nagar,91.0,70.0,Not Applicable,Not Applicable,No,Not Applicable,925,UPI,2,3.5,3.7
2024-07-25 18:20:00,CNR9309121488,Success,CID315288,Auto,Bannerghatta Road,Tumkur Road,77.0,65.0,Not Applicable,Not Applicable,Yes,Vehicle Breakdown,431,Credit Card,18,4.3,3.0
2024-07-08 07:28:00,CNR1130928264,Success,CID813335,Prime Sedan,Banashankari,BTM Layout,308.0,35.0,Not Applicable,Not Applicable,Yes,Customer Demand,280,UPI,37,4.3,4.4
2024-07-09 23:04:00,CNR3986904052,Driver Not Found,CID124739,Prime SUV,Malleshwaram,Koramangala,,,Not Applicable,Not Applicable,Not Applicable,Not Applicable,1382,Not Applicable,0,,
2024-07-23 07:08:00,CNR8318185046,Canceled by Customer,CID921034,Bike,Electronic City,Peenya,,,Wrong Address,Not Applicable,Not Applicable,Not Applicable,121,Not Applicable,0,,
2024-07-02 23:16:00,CNR2871408195,Success,CID278086,Mini,Electronic City,Rajajinagar,35.0,90.0,Not Applicable,Not Applicable,No,Not Applicable,1375,UPI,31,3.4,3.3
2024-07-20 04:45:00,CNR3067887732,Success,CID295842,Auto,Sahakar Nagar,Varthur,161.0,140.0,Not Applicable,Not Applicable,No,Not Applicable,297,Cash,16,3.8,4.0
2024-07-07 18:25:00,CNR1039070168,Success,CID698035,Bike,Hennur,Padmanabhanagar,91.0,100.0,Not Applicable,Not Applicable,No,Not Applicable,2973,Cash,44,3.8,3.1
2024-07-08 05:20:00,CNR5092615039,Success,CID950732,Auto,Sahakar Nagar,Langford Town,105.0,40.0,Not Applicable,Not Applicable,No,Not Applicable,135,Cash,12,3.2,3.8
2024-07-20 20:45:00,CNR6580968139,Canceled by Driver,CID523015,Prime Sedan,Bannerghatta Road,Richmond Town,,,Not Applicable,Customer related issue,Not Applicable,Not Applicable,1823,Not Applicable,0,,
2024-07-18 15:35:00,CNR8042441547,Success,CID544799,Auto,Cox Town,Bannerghatta Road,224.0,95.0,Not Applicable,Not Applicable,No,Not Applicable,191,UPI,2,3.8,3.6
2024-07-21 14:21:00,CNR5552738624,Success,CID998486,Prime Plus,Hosur Road,Hennur,182.0,95.0,Not Applicable,Not Applicable,No,Not Applicable,298,UPI,2,3.4,4.5
2024-07-05 22:55:00,CNR9951086945,Success,CID789983,Auto,Banashankari,Devanahalli,112.0,70.0,Not Applicable,Not Applicable,No,Not Applicable,117,Cash,15,3.4,3.6
2024-07-20 10:08:00,CNR1161066147,Success,CID397752,Prime Plus,Marathahalli,Bannerghatta Road,189.0,60.0,Not Applicable,Not Applicable,No,Not Applicable,226,Cash,19,3.8,4.7
2024-07-23 04:40:00,CNR2995488798,Success,CID773291,Auto,Ulsoor,Kammanahalli,77.0,55.0,Not Applicable,Not Applicable,No,Not Applicable,636,Credit Card,14,4.7,4.7
2024-07-08 12:50:00,CNR6835667726,Canceled by Driver,CID818025,Auto,Shivajinagar,Frazer Town,,,Not Applicable,Personal & Car related issue,Not Applicable,Not Applicable,193,Not Applicable,0,,
2024-07-25 00:11:00,CNR5827228795,Canceled by Customer,CID896388,Bike,Sahakar Nagar,Majestic,,,Driver is not moving towards pickup location,Not Applicable,Not Applicable,Not Applicable,310,Not Applicable,0,,
2024-07-11 00:23:00,CNR1018648316,Success,CID171702,Prime Sedan,Hennur,Peenya,133.0,40.0,Not Applicable,Not Applicable,No,Not Applicable,475,UPI,42,3.7,3.3
2024-07-18 21:44:00,CNR7002737368,Success,CID319809,Auto,Rajajinagar,Padmanabhanagar,77.0,85.0,Not Applicable,Not Applicable,No,Not Applicable,757,UPI,5,4.5,4.8
2024-07-12 18:50:00,CNR7863554900,Success,CID123099,Prime Sedan,Kengeri,Chickpet,84.0,25.0,Not Applicable,Not Applicable,No,Not Applicable,309,Cash,16,4.9,4.0
2024-07-19 05:23:00,CNR7540218209,Success,CID549040,Prime Sedan,HSR Layout,Majestic,266.0,115.0,Not Applicable,Not Applicable,No,Not Applicable,172,UPI,46,4.2,3.7
2024-07-01 11:54:00,CNR1624602667,Success,CID749781,Auto,HSR Layout,Hulimavu,105.0,50.0,Not Applicable,Not Applicable,No,Not Applicable,335,Debit Card,4,4.0,4.3
2024-07-07 12:09:00,CNR6865589491,Canceled by Driver,CID446528,Mini,Banashankari,Kadugodi,,,Not Applicable,Customer was coughing/sick,Not Applicable,Not Applicable,528,Not Applicable,0,,
2024-07-03 22:15:00,CNR3408124150,Canceled by Driver,CID864578,Prime Sedan,Langford Town,Marathahalli,,,Not Applicable,More than permitted people in there,Not Applicable,Not Applicable,743,Not Applicable,0,,
2024-07-18 01:07:00,CNR5991347736,Canceled by Customer,CID836539,Bike,Kengeri,Cox Town,,,Wrong Address,Not Applicable,Not Applicable,Not Applicable,223,Not Applicable,0,,
2024-07-11 06:47:00,CNR9733018702,Success,CID292759,Auto,Yelahanka,Banashankari,63.0,135.0,Not Applicable,Not Applicable,Yes,Customer Demand,497,UPI,6,3.4,3.5
2024-07-01 17:15:00,CNR9947930978,Canceled by Driver,CID119633,Bike,Malleshwaram,Mysore Road,,,Not Applicable,Personal & Car related issue,Not Applicable,Not Applicable,691,Not Applicable,0,,
2024-07-11 08:05:00,CNR9195190817,Success,CID906904,Bike,Ramamurthy Nagar,Koramangala,35.0,65.0,Not Applicable,Not Applicable,No,Not Applicable,325,UPI,5,3.2,3.9
2024-07-14 04:50:00,CNR1408832964,Canceled by Driver,CID623509,Auto,Yeshwanthpur,Yelahanka,,,Not Applicable,Customer was coughing/sick,Not Applicable,Not Applicable,939,Not Applicable,0,,
2024-07-30 04:25:00,CNR1783680148,Driver Not Found,CID322540,Auto,Padmanabhanagar,Hebbal,,,Not Applicable,Not Applicable,Not Applicable,Not Applicable,282,Not Applicable,0,,
2024-07-18 03:02:00,CNR6762427668,Success,CID614194,eBike,Nagarbhavi,KR Puram,154.0,115.0,Not Applicable,Not Applicable,No,Not Applicable,278,UPI,34,3.0,4.8
2024-07-04 12:07:00,CNR8975438265,Canceled by Driver,CID843865,Prime Sedan,Malleshwaram,Tumkur Road,,,Not Applicable,Personal & Car related issue,Not Applicable,Not Applicable,904,Not Applicable,0,,
2024-07-21 04:41:00,CNR2475031568,Success,CID898337,Mini,Kammanahalli,HSR Layout,252.0,85.0,Not Applicable,Not Applicable,No,Not Applicable,252,UPI,47,4.8,4.1
2024-07-02 19:26:00,CNR7562541359,Success,CID186580,Bike,Mysore Road,Whitefield,231.0,125.0,Not Applicable,Not Applicable,No,Not Applicable,352,Cash,35,5.0,3.1
2024-07-03 08:11:00,CNR8649187270,Success,CID618297,eBike,Electronic City,Shivajinagar,154.0,30.0,Not Applicable,Not Applicable,No,Not Applicable,231,Cash,9,4.3,3.3
2024-07-04 03:54:00,CNR2515695011,Canceled by Driver,CID977701,Prime Plus,Majestic,MG Road,,,Not Applicable,Personal & Car related issue,Not Applicable,Not Applicable,277,Not Applicable,0,,
2024-07-23 17:56:00,CNR8377404733,Canceled by Customer,CID609502,Bike,RT Nagar,Yeshwanthpur,,,Change of plans,Not Applicable,Not Applicable,Not Applicable,237,Not Applicable,0,,
2024-07-07 13:29:00,CNR2533490222,Canceled by Driver,CID262826,Mini,Tumkur Road,Indiranagar,,,Not Applicable,Customer related issue,Not Applicable,Not Applicable,992,Not Applicable,0,,
2024-07-16 18:16:00,CNR9306474509,Canceled by Driver,CID458483,eBike,Kengeri,Ramamurthy Nagar,,,Not Applicable,Customer was coughing/sick,Not Applicable,Not Applicable,869,Not Applicable,0,,
2024-07-04 16:41:00,CNR1750951555,Success,CID184606,Auto,Bannerghatta Road,Mysore Road,196.0,30.0,Not Applicable,Not Applicable,No,Not Applicable,609,Cash,4,3.7,3.4
2024-07-04 19:27:00,CNR9572482514,Success,CID737851,Prime Plus,Frazer Town,Yeshwanthpur,147.0,55.0,Not Applicable,Not Applicable,No,Not Applicable,352,Cash,23,4.1,4.4
2024-07-12 19:39:00,CNR7308247738,Driver Not Found,CID457015,Prime Plus,Sahakar Nagar,KR Puram,,,Not Applicable,Not Applicable,Not Applicable,Not Applicable,120,Not Applicable,0,,
2024-07-28 07:05:00,CNR2956568911,Success,CID936940,Prime SUV,BTM Layout,Mysore Road,294.0,75.0,Not Applicable,Not Applicable,No,Not Applicable,177,UPI,28,3.5,3.4
2024-07-11 07:20:00,CNR6061070570,Driver Not Found,CID810137,Prime SUV,Malleshwaram,Yeshwanthpur,,,Not Applicable,Not Applicable,Not Applicable,Not Applicable,621,Not Applicable,0,,
2024-07-12 22:23:00,CNR2341328745,Success,CID301574,Prime Plus,Devanahalli,Richmond Town,56.0,55.0,Not Applicable,Not Applicable,No,Not Applicable,198,UPI,22,3.3,4.6
2024-07-26 08:59:00,CNR1066521721,Success,CID245207,Mini,Majestic,Bannerghatta Road,175.0,75.0,Not Applicable,Not Applicable,No,Not Applicable,179,UPI,5,3.9,3.8
2024-07-14 07:07:00,CNR6959516474,Success,CID562789,Prime Plus,Shivajinagar,Bellandur,210.0,50.0,Not Applicable,Not Applicable,No,Not Applicable,929,Cash,23,3.7,4.7
2024-07-09 08:34:00,CNR8507539153,Success,CID869959,Prime SUV,Mysore Road,BTM Layout,98.0,120.0,Not Applicable,Not Applicable,No,Not Applicable,368,UPI,17,3.2,4.9
2024-07-19 10:57:00,CNR2427338470,Success,CID732691,Mini,Basavanagudi,Malleshwaram,245.0,55.0,Not Applicable,Not Applicable,No,Not Applicable,235,Credit Card,48,4.5,4.8
2024-07-28 23:55:00,CNR1156133130,Driver Not Found,CID242416,Prime Plus,Majestic,Bannerghatta Road,,,Not Applicable,Not Applicable,Not Applicable,Not Applicable,405,Not Applicable,0,,
2024-07-19 19:53:00,CNR2343217274,Canceled by Driver,CID920880,Mini,Frazer Town,Sahakar Nagar,,,Not Applicable,Customer was coughing/sick,Not Applicable,Not Applicable,485,Not Applicable,0,,
2024-07-07 21:13:00,CNR6296653612,Success,CID975364,Auto,Sarjapur Road,Hosur Road,112.0,30.0,Not Applicable,Not Applicable,No,Not Applicable,345,Cash,10,4.2,4.2
2024-07-13 21:48:00,CNR1030740851,Canceled by Customer,CID774819,Auto,Tumkur Road,Whitefield,,,AC is Not working,Not Applicable,Not Applicable,Not Applicable,244,Not Applicable,0,,
2024-07-08 08:11:00,CNR2647952053,Success,CID437747,Bike,KR Puram,Rajarajeshwari Nagar,98.0,55.0,Not Applicable,Not Applicable,No,Not Applicable,1992,Credit Card,34,3.7,3.8
2024-07-18 09:37:00,CNR6818081100,Success,CID374217,Auto,Bellandur,Shivajinagar,105.0,115.0,Not Applicable,Not Applicable,No,Not Applicable,150,Cash,16,3.5,4.0
2024-07-13 02:34:00,CNR1183445560,Driver Not Found,CID434599,Bike,HSR Layout,Ulsoor,,,Not Applicable,Not Applicable,Not Applicable,Not Applicable,2106,Not Applicable,0,,
2024-07-11 18:14:00,CNR8201927728,Success,CID277444,Prime Plus,Frazer Town,Varthur,49.0,30.0,Not Applicable,Not Applicable,No,Not Applicable,193,UPI,31,3.4,3.8
2024-07-20 02:21:00,CNR7528673262,Canceled by Driver,CID402968,Prime Sedan,Bannerghatta Road,Kadugodi,,,Not Applicable,More than permitted people in there,Not Applicable,Not Applicable,2356,Not Applicable,0,,
2024-07-19 04:41:00,CNR1100459551,Success,CID116154,Bike,Koramangala,Ulsoor,238.0,40.0,Not Applicable,Not Applicable,Yes,Other Issue,353,UPI,42,4.2,3.0
2024-07-22 20:31:00,CNR8330456599,Success,CID325368,Prime SUV,BTM Layout,Hosur Road,70.0,60.0,Not Applicable,Not Applicable,No,Not Applicable,326,Cash,32,3.4,4.7
2024-07-03 19:43:00,CNR2045254002,Success,CID406337,Auto,Shivajinagar,Hosur Road,119.0,65.0,Not Applicable,Not Applicable,Yes,Customer Demand,262,Credit Card,7,4.7,4.0
2024-07-26 02:41:00,CNR6841055695,Success,CID494859,Prime Plus,Ramamurthy Nagar,Ulsoor,112.0,60.0,Not Applicable,Not Applicable,No,Not Applicable,188,UPI,42,3.9,3.8
2024-07-28 06:45:00,CNR2798620585,Driver Not Found,CID302339,Prime Plus,RT Nagar,MG Road,,,Not Applicable,Not Applicable,Not Applicable,Not Applicable,387,Not Applicable,0,,
2024-07-22 17:01:00,CNR5348037805,Success,CID400641,Prime Plus,Ramamurthy Nagar,Richmond Town,140.0,125.0,Not Applicable,Not Applicable,No,Not Applicable,540,UPI,19,4.7,3.2
2024-07-18 06:29:00,CNR4280517239,Success,CID252181,Prime Plus,Richmond Town,Chickpet,308.0,130.0,Not Applicable,Not Applicable,No,Not Applicable,2571,UPI,25,4.8,4.7
2024-07-15 17:28:00,CNR9170807938,Success,CID589768,eBike,Sarjapur Road,Nagarbhavi,147.0,125.0,Not Applicable,Not Applicable,No,Not Applicable,742,UPI,33,4.0,4.6
2024-07-03 12:41:00,CNR9944488887,Success,CID940142,Prime Plus,Kengeri,Banashankari,91.0,110.0,Not Applicable,Not Applicable,No,Not Applicable,410,Cash,44,4.4,4.7
2024-07-14 01:14:00,CNR2863252329,Success,CID800600,Mini,Banashankari,Peenya,126.0,40.0,Not Applicable,Not Applicable,No,Not Applicable,438,Cash,11,4.5,3.1
2024-07-26 15:12:00,CNR1896850929,Success,CID309613,Mini,Nagarbhavi,Nagarbhavi,280.0,40.0,Not Applicable,Not Applicable,No,Not Applicable,792,UPI,7,4.0,4.1
2024-07-02 03:11:00,CNR3258921190,Success,CID850526,Prime SUV,Shivajinagar,Basavanagudi,77.0,125.0,Not Applicable,Not Applicable,No,Not Applicable,285,Cash,20,4.9,4.3
2024-07-12 00:31:00,CNR6496416637,Canceled by Driver,CID286672,Auto,Richmond Town,Chamarajpet,,,Not Applicable,Customer related issue,Not Applicable,Not Applicable,698,Not Applicable,0,,
2024-07-22 03:54:00,CNR5445368745,Success,CID579499,Mini,Frazer Town,Nagarbhavi,56.0,145.0,Not Applicable,Not Applicable,No,Not Applicable,285,UPI,40,3.9,3.8
2024-07-24 02:00:00,CNR7154635194,Canceled by Driver,CID606745,Auto,Basavanagudi,Rajarajeshwari Nagar,,,Not Applicable,More than permitted people in there,Not Applicable,Not Applicable,792,Not Applicable,0,,
2024-07-17 02:55:00,CNR3797009917,Canceled by Driver,CID331706,Auto,Kengeri,Tumkur Road,,,Not Applicable,Personal & Car related issue,Not Applicable,Not Applicable,436,Not Applicable,0,,
2024-07-11 12:25:00,CNR4170023350,Success,CID775023,Bike,Devanahalli,Ulsoor,252.0,35.0,Not Applicable,Not Applicable,Yes,Vehicle Breakdown,636,Credit Card,19,4.1,3.4
2024-07-02 02:24:00,CNR5219319137,Driver Not Found,CID353241,Bike,Hebbal,KR Puram,,,Not Applicable,Not Applicable,Not Applicable,Not Applicable,321,Not Applicable,0,,
2024-07-15 03:24:00,CNR9563020056,Success,CID205232,Bike,Mysore Road,Hebbal,252.0,60.0,Not Applicable,Not Applicable,Yes,Vehicle Breakdown,257,Cash,47,3.3,3.4
2024-07-07 09:44:00,CNR7482928423,Success,CID542806,Mini,BTM Layout,Kadugodi,196.0,40.0,Not Applicable,Not Applicable,No,Not Applicable,262,UPI,46,4.9,4.5
2024-07-03 16:37:00,CNR2982994278,Success,CID185334,Prime Sedan,Electronic City,Indiranagar,49.0,65.0,Not Applicable,Not Applicable,No,Not Applicable,906,UPI,37,4.7,4.8
2024-07-16 04:41:00,CNR5484882141,Success,CID374473,Auto,Cox Town,Hulimavu,112.0,125.0,Not Applicable,Not Applicable,No,Not Applicable,193,UPI,4,4.6,3.7
2024-07-11 14:49:00,CNR1041079813,Success,CID292081,Prime Sedan,KR Puram,Sahakar Nagar,161.0,120.0,Not Applicable,Not Applicable,No,Not Applicable,971,Cash,38,3.4,3.1
2024-07-28 02:39:00,CNR1538407650,Success,CID526756,Prime SUV,Shivajinagar,Mysore Road,203.0,65.0,Not Applicable,Not Applicable,No,Not Applicable,402,Cash,18,4.7,4.4
2024-07-19 02:45:00,CNR8954395263,Success,CID583726,Prime Plus,Bellandur,Peenya,238.0,95.0,Not Applicable,Not Applicable,No,Not Applicable,2902,Cash,4,4.8,4.5
2024-07-23 15:25:00,CNR2995363239,Canceled by Driver,CID963816,Mini,Rajajinagar,Shantinagar,,,Not Applicable,More than permitted people in there,Not Applicable,Not Applicable,410,Not Applicable,0,,
2024-07-03 11:03:00,CNR8747342201,Success,CID385927,Prime Sedan,Richmond Town,Nagarbhavi,161.0,100.0,Not Applicable,Not Applicable,No,Not Applicable,681,Cash,49,3.3,4.1
2024-07-15 08:31:00,CNR6351639504,Success,CID682056,Prime Plus,Hulimavu,Hulimavu,147.0,25.0,Not Applicable,Not Applicable,No,Not Applicable,358,UPI,27,3.1,5.0
2024-07-23 06:43:00,CNR8434342616,Success,CID501856,Prime Plus,Majestic,Padmanabhanagar,42.0,105.0,Not Applicable,Not Applicable,No,Not Applicable,316,Cash,39,3.9,3.8
2024-07-20 07:13:00,CNR4137503998,Success,CID512773,Mini,Cox Town,Magadi Road,308.0,60.0,Not Applicable,Not Applicable,No,Not Applicable,457,Cash,20,3.8,3.8
2024-07-20 05:23:00,CNR2424936687,Success,CID621085,Prime SUV,BTM Layout,Hennur,308.0,45.0,Not Applicable,Not Applicable,No,Not Applicable,784,UPI,22,3.6,3.6
2024-07-16 20:26:00,CNR4382545704,Success,CID962110,Auto,Hosur Road,Magadi Road,238.0,60.0,Not Applicable,Not Applicable,No,Not Applicable,258,Cash,16,3.0,4.5
2024-07-07 18:41:00,CNR4173685287,Success,CID154353,Bike,Yeshwanthpur,Vijayanagar,301.0,95.0,Not Applicable,Not Applicable,No,Not Applicable,2726,Cash,21,4.9,3.8
2024-07-05 16:33:00,CNR2758458069,Success,CID600558,Prime Sedan,Chickpet,JP Nagar,224.0,65.0,Not Applicable,Not Applicable,No,Not Applicable,579,Cash,43,3.6,4.3
2024-07-19 21:35:00,CNR4330250569,Success,CID861837,Prime Plus,Mysore Road,Mysore Road,189.0,25.0,Not Applicable,Not Applicable,No,Not Applicable,446,Cash,19,3.9,4.7
2024-07-01 20:32:00,CNR1560383296,Success,CID570220,Prime Sedan,Shantinagar,Kammanahalli,168.0,70.0,Not Applicable,Not Applicable,No,Not Applicable,656,Cash,12,3.4,3.5
2024-07-21 07:47:00,CNR1117892347,Success,CID320434,Prime SUV,Bellandur,Majestic,273.0,25.0,Not Applicable,Not Applicable,No,Not Applicable,321,UPI,2,3.5,3.7
2024-07-24 22:38:00,CNR9385456429,Canceled by Driver,CID577822,eBike,Varthur,Sahakar Nagar,,,Not Applicable,Personal & Car related issue,Not Applicable,Not Applicable,532,Not Applicable,0,,
2024-07-07 02:13:00,CNR9821817229,Canceled by Customer,CID440963,Mini,Rajarajeshwari Nagar,Shantinagar,,,Driver asked to cancel,Not Applicable,Not Applicable,Not Applicable,1361,Not Applicable,0,,
2024-07-27 18:28:00,CNR6931115437,Success,CID841144,Prime Plus,Ramamurthy Nagar,Hennur,161.0,90.0,Not Applicable,Not Applicable,No,Not Applicable,493,Credit Card,32,3.8,3.5
2024-07-12 20:11:00,CNR8388345332,Canceled by Driver,CID195872,eBike,Rajarajeshwari Nagar,Marathahalli,,,Not Applicable,Customer was coughing/sick,Not Applicable,Not Applicable,198,Not Applicable,0,,
2024-07-29 03:16:00,CNR6669866327,Success,CID439157,Auto,Hennur,BTM Layout,154.0,60.0,Not Applicable,Not Applicable,No,Not Applicable,867,Cash,4,3.2,4.7
2024-07-17 23:02:00,CNR1841584567,Canceled by Driver,CID671998,Auto,Rajajinagar,Bannerghatta Road,,,Not Applicable,More than permitted people in there,Not Applicable,Not Applicable,151,Not Applicable,0,,
2024-07-11 21:34:00,CNR9160782247,Driver Not Found,CID483218,Prime Plus,Nagarbhavi,Devanahalli,,,Not Applicable,Not Applicable,Not Applicable,Not Applicable,489,Not Applicable,0,,
2024-07-07 06:09:00,CNR5598184832,Canceled by Driver,CID249311,eBike,JP Nagar,Chamarajpet,,,Not Applicable,Customer was coughing/sick,Not Applicable,Not Applicable,184,Not Applicable,0,,
2024-07-24 17:23:00,CNR3436719782,Success,CID368883,Prime Plus,BTM Layout,Hulimavu,168.0,25.0,Not Applicable,Not Applicable,No,Not Applicable,223,Cash,47,3.7,3.0
2024-07-17 18:32:00,CNR5188366974,Success,CID664710,Auto,Nagarbhavi,Richmond Town,182.0,90.0,Not Applicable,Not Applicable,No,Not Applicable,820,UPI,2,4.6,4.5
2024-07-20 19:44:00,CNR7521660361,Success,CID891333,Prime Sedan,Cox Town,Chamarajpet,196.0,110.0,Not Applicable,Not Applicable,No,Not Applicable,429,Cash,44,3.4,5.0
2024-07-14 19:10:00,CNR4245116467,Success,CID739846,Mini,Malleshwaram,Kadugodi,238.0,135.0,Not Applicable,Not Applicable,No,Not Applicable,241,UPI,23,3.6,4.5
2024-07-19 03:25:00,CNR1034964216,Success,CID933139,Bike,KR Puram,Kadugodi,105.0,125.0,Not Applicable,Not Applicable,No,Not Applicable,496,Cash,2,4.8,3.9
2024-07-03 15:00:00,CNR1388763635,Success,CID688426,Prime Sedan,MG Road,Richmond Town,224.0,125.0,Not Applicable,Not Applicable,No,Not Applicable,368,UPI,6,4.5,3.7
2024-07-08 03:37:00,CNR1057761784,Canceled by Driver,CID606452,Bike,Padmanabhanagar,Vijayanagar,,,Not Applicable,More than permitted people in there,Not Applicable,Not Applicable,181,Not Applicable,0,,
2024-07-05 06:17:00,CNR4612626679,Success,CID181746,Prime SUV,HSR Layout,Hennur,301.0,85.0,Not Applicable,Not Applicable,No,Not Applicable,892,UPI,15,3.8,4.6
2024-07-01 14:10:00,CNR3918393699,Success,CID117611,Bike,Hennur,Bellandur,112.0,55.0,Not Applicable,Not Applicable,No,Not Applicable,301,UPI,11,3.1,3.5
2024-07-02 09:06:00,CNR3333455655,Canceled by Driver,CID412266,eBike,Mysore Road,Rajarajeshwari Nagar,,,Not Applicable,Customer related issue,Not Applicable,Not Applicable,346,Not Applicable,0,,
2024-07-16 13:02:00,CNR3741135125,Success,CID371700,Mini,Sahakar Nagar,Ulsoor,294.0,35.0,Not Applicable,Not Applicable,No,Not Applicable,127,Cash,44,4.6,4.2
2024-07-02 08:35:00,CNR5122107372,Success,CID404741,Auto,Vijayanagar,Electronic City,154.0,25.0,Not Applicable,Not Applicable,No,Not Applicable,480,UPI,8,4.4,4.9
2024-07-28 02:05:00,CNR3168036036,Canceled by Driver,CID372308,Auto,Indiranagar,Hennur,,,Not Applicable,Personal & Car related issue,Not Applicable,Not Applicable,243,Not Applicable,0,,
2024-07-03 23:48:00,CNR3320036788,Canceled by Customer,CID376732,Bike,MG Road,Rajarajeshwari Nagar,,,Change of plans,Not Applicable,Not Applicable,Not Applicable,626,Not Applicable,0,,
2024-07-19 09:22:00,CNR2370839338,Success,CID613463,Auto,Ulsoor,Bellandur,301.0,120.0,Not Applicable,Not Applicable,No,Not Applicable,521,Cash,5,3.0,3.7
2024-07-16 11:44:00,CNR4177582197,Canceled by Driver,CID248189,eBike,Cox Town,Bannerghatta Road,,,Not Applicable,Customer related issue,Not Applicable,Not Applicable,2302,Not Applicable,0,,
2024-07-28 14:12:00,CNR7573436369,Success,CID964764,Prime Sedan,Nagarbhavi,Kadugodi,35.0,100.0,Not Applicable,Not Applicable,No,Not Applicable,1616,UPI,8,4.3,3.2
2024-07-25 02:10:00,CNR7743493148,Success,CID146521,Prime SUV,Padmanabhanagar,Langford Town,273.0,80.0,Not Applicable,Not Applicable,No,Not Applicable,237,Cash,17,4.1,4.8
2024-07-27 03:43:00,CNR5311694132,Success,CID697960,eBike,Shivajinagar,Magadi Road,245.0,145.0,Not Applicable,Not Applicable,Yes,Vehicle Breakdown,110,Cash,39,3.9,3.3
2024-07-20 06:06:00,CNR4328226463,Success,CID836020,Prime SUV,Chickpet,Nagarbhavi,252.0,45.0,Not Applicable,Not Applicable,No,Not Applicable,836,Cash,31,4.4,4.5
2024-07-01 05:08:00,CNR8532604345,Success,CID331998,eBike,KR Puram,Yeshwanthpur,77.0,130.0,Not Applicable,Not Applicable,Yes,Vehicle Breakdown,346,Cash,24,4.2,3.1
2024-07-27 06:39:00,CNR7304781790,Canceled by Driver,CID485781,Auto,Magadi Road,HSR Layout,,,Not Applicable,Customer was coughing/sick,Not Applicable,Not Applicable,441,Not Applicable,0,,
2024-07-04 15:54:00,CNR9115808158,Success,CID393067,Mini,RT Nagar,Padmanabhanagar,203.0,115.0,Not Applicable,Not Applicable,No,Not Applicable,344,UPI,35,5.0,3.4
2024-07-13 18:12:00,CNR7343524538,Canceled by Customer,CID470770,eBike,Tumkur Road,KR Puram,,,AC is Not working,Not Applicable,Not Applicable,Not Applicable,989,Not Applicable,0,,
2024-07-25 09:19:00,CNR4645304435,Success,CID669918,Mini,BTM Layout,Hulimavu,140.0,110.0,Not Applicable,Not Applicable,No,Not Applicable,452,Cash,27,3.4,4.0
2024-07-02 20:14:00,CNR3086296447,Success,CID271060,Bike,Padmanabhanagar,Peenya,210.0,55.0,Not Applicable,Not Applicable,No,Not Applicable,181,UPI,33,3.7,4.5
2024-07-04 04:13:00,CNR2176015125,Success,CID820339,Prime Plus,Ulsoor,Sarjapur Road,203.0,30.0,Not Applicable,Not Applicable,No,Not Applicable,527,UPI,10,3.2,3.5
2024-07-17 12:06:00,CNR4392285292,Canceled by Driver,CID981724,Auto,Ulsoor,Jayanagar,,,Not Applicable,Personal & Car related issue,Not Applicable,Not Applicable,403,Not Applicable,0,,
2024-07-02 02:10:00,CNR3748066883,Canceled by Driver,CID251962,Mini,Peenya,Hulimavu,,,Not Applicable,Personal & Car related issue,Not Applicable,Not Applicable,223,Not Applicable,0,,
2024-07-21 08:39:00,CNR3588140017,Success,CID964817,Bike,Kammanahalli,Cox Town,217.0,35.0,Not Applicable,Not Applicable,No,Not Applicable,422,UPI,43,4.2,3.6
2024-07-26 14:12:00,CNR4816965009,Success,CID704624,Prime SUV,Hulimavu,Padmanabhanagar,287.0,65.0,Not Applicable,Not Applicable,Yes,Vehicle Breakdown,887,Cash,46,4.9,3.0
2024-07-08 22:24:00,CNR3784054180,Driver Not Found,CID413089,Bike,Basavanagudi,Basavanagudi,,,Not Applicable,Not Applicable,Not Applicable,Not Applicable,440,Not Applicable,0,,
2024-07-03 20:59:00,CNR4357691045,Success,CID451042,Prime SUV,Indiranagar,Bellandur,238.0,60.0,Not Applicable,Not Applicable,No,Not Applicable,476,Cash,23,4.3,3.2
2024-07-23 06:17:00,CNR8649167839,Success,CID472463,Prime SUV,Cox Town,Jayanagar,91.0,75.0,Not Applicable,Not Applicable,No,Not Applicable,192,UPI,17,4.4,4.6
2024-07-22 10:32:00,CNR9465516979,Driver Not Found,CID204029,eBike,Malleshwaram,Langford Town,,,Not Applicable,Not Applicable,Not Applicable,Not Applicable,203,Not Applicable,0,,
2024-07-01 22:25:00,CNR8271631026,Success,CID468026,Mini,Indiranagar,Kengeri,266.0,100.0,Not Applicable,Not Applicable,No,Not Applicable,422,UPI,48,4.1,4.1
2024-07-29 15:29:00,CNR4941519761,Success,CID399020,Prime Plus,Basavanagudi,Varthur,196.0,105.0,Not Applicable,Not Applicable,No,Not Applicable,104,Credit Card,47,3.4,4.5
2024-07-30 17:54:00,CNR1828853192,Success,CID891590,Mini,Cox Town,Chamarajpet,56.0,55.0,Not Applicable,Not Applicable,No,Not Applicable,386,Cash,3,4.3,3.7
2024-07-24 18:38:00,CNR5790647060,Canceled by Customer,CID165970,Auto,Electronic City,Banashankari,,,Driver asked to cancel,Not Applicable,Not Applicable,Not Applicable,139,Not Applicable,0,,
2024-07-09 23:14:00,CNR3957969417,Success,CID412048,Prime Sedan,Magadi Road,Marathahalli,252.0,85.0,Not Applicable,Not Applicable,No,Not Applicable,447,Cash,21,3.8,3.7
2024-07-02 23:35:00,CNR3384052319,Success,CID809226,Prime SUV,RT Nagar,Marathahalli,175.0,95.0,Not Applicable,Not Applicable,No,Not Applicable,373,Cash,31,4.4,3.5
2024-07-02 16:14:00,CNR5410352757,Success,CID866074,eBike,Frazer Town,KR Puram,91.0,45.0,Not Applicable,Not Applicable,No,Not Applicable,297,Cash,20,4.3,3.2
2024-07-10 14:03:00,CNR4890248914,Canceled by Customer,CID597610,eBike,Rajarajeshwari Nagar,Mysore Road,,,Driver asked to cancel,Not Applicable,Not Applicable,Not Applicable,234,Not Applicable,0,,
2024-07-28 14:13:00,CNR9048258354,Success,CID280666,Prime SUV,Kengeri,KR Puram,154.0,90.0,Not Applicable,Not Applicable,No,Not Applicable,455,Debit Card,48,4.6,4.3
2024-07-09 06:20:00,CNR6037251816,Canceled by Driver,CID236962,Auto,Indiranagar,Vijayanagar,,,Not Applicable,Personal & Car related issue,Not Applicable,Not Applicable,396,Not Applicable,0,,
2024-07-14 00:35:00,CNR9122871989,Success,CID820794,Auto,Rajajinagar,Koramangala,91.0,115.0,Not Applicable,Not Applicable,No,Not Applicable,478,Cash,15,4.9,3.1
2024-07-05 16:08:00,CNR7826488063,Success,CID667244,Bike,Varthur,Kengeri,84.0,30.0,Not Applicable,Not Applicable,No,Not Applicable,519,UPI,39,3.1,3.3
2024-07-18 11:36:00,CNR8868062202,Success,CID628614,Mini,Cox Town,Shantinagar,294.0,145.0,Not Applicable,Not Applicable,No,Not Applicable,680,Cash,29,4.5,3.7
2024-07-27 07:22:00,CNR3146832217,Success,CID916709,Bike,Nagarbhavi,Cox Town,147.0,30.0,Not Applicable,Not Applicable,No,Not Applicable,494,Cash,19,4.4,4.9
2024-07-28 01:47:00,CNR7925613987,Canceled by Driver,CID890058,Auto,Devanahalli,Chickpet,,,Not Applicable,Customer related issue,Not Applicable,Not Applicable,471,Not Applicable,0,,
2024-07-27 05:25:00,CNR4753231576,Canceled by Driver,CID606068,eBike,Electronic City,Indiranagar,,,Not Applicable,More than permitted people in there,Not Applicable,Not Applicable,348,Not Applicable,0,,
2024-07-06 11:58:00,CNR7828512478,Canceled by Driver,CID271274,Prime Plus,Electronic City,Banashankari,,,Not Applicable,Personal & Car related issue,Not Applicable,Not Applicable,100,Not Applicable,0,,
2024-07-23 04:30:00,CNR2223506340,Success,CID606685,eBike,Hennur,Chamarajpet,217.0,75.0,Not Applicable,Not Applicable,No,Not Applicable,407,Cash,24,3.4,3.7
2024-07-10 11:23:00,CNR9705925651,Canceled by Driver,CID546947,eBike,Nagarbhavi,MG Road,,,Not Applicable,Customer was coughing/sick,Not Applicable,Not Applicable,591,Not Applicable,0,,
2024-07-21 08:50:00,CNR8702266364,Success,CID824820,Bike,Yeshwanthpur,Varthur,287.0,25.0,Not Applicable,Not Applicable,No,Not Applicable,659,Cash,13,4.5,3.3
2024-07-22 20:28:00,CNR8344294059,Success,CID920851,Prime Plus,Chamarajpet,Tumkur Road,63.0,120.0,Not Applicable,Not Applicable,No,Not Applicable,449,Cash,32,3.9,3.6
2024-07-05 16:44:00,CNR3626150647,Driver Not Found,CID347192,Bike,Malleshwaram,Shivajinagar,,,Not Applicable,Not Applicable,Not Applicable,Not Applicable,217,Not Applicable,0,,
2024-07-28 03:23:00,CNR9477034635,Success,CID106130,Prime Plus,Hennur,Yeshwanthpur,217.0,135.0,Not Applicable,Not Applicable,No,Not Applicable,1848,UPI,34,5.0,3.5
2024-07-03 07:43:00,CNR5553309856,Canceled by Customer,CID509694,eBike,Hebbal,Koramangala,,,AC is Not working,Not Applicable,Not Applicable,Not Applicable,751,Not Applicable,0,,
2024-07-10 21:28:00,CNR6832006868,Driver Not Found,CID920230,Prime Sedan,Varthur,Chamarajpet,,,Not Applicable,Not Applicable,Not Applicable,Not Applicable,413,Not Applicable,0,,
2024-07-13 18:25:00,CNR6796748768,Canceled by Driver,CID841989,Prime Sedan,Peenya,Banashankari,,,Not Applicable,More than permitted people in there,Not Applicable,Not Applicable,692,Not Applicable,0,,
2024-07-08 06:51:00,CNR1911458806,Canceled by Driver,CID309091,Prime SUV,RT Nagar,Richmond Town,,,Not Applicable,Customer was coughing/sick,Not Applicable,Not Applicable,315,Not Applicable,0,,
2024-07-05 12:51:00,CNR5682418665,Success,CID653162,Bike,Kadugodi,Devanahalli,224.0,105.0,Not Applicable,Not Applicable,No,Not Applicable,358,UPI,36,4.6,3.9
2024-07-23 00:28:00,CNR9050780551,Success,CID572475,Prime SUV,Electronic City,JP Nagar,273.0,90.0,Not Applicable,Not Applicable,No,Not Applicable,845,Cash,2,3.1,5.0
2024-07-12 04:21:00,CNR8478957885,Canceled by Driver,CID289441,Prime Sedan,Marathahalli,Electronic City,,,Not Applicable,Customer related issue,Not Applicable,Not Applicable,766,Not Applicable,0,,
2024-07-10 00:55:00,CNR9940827781,Success,CID383370,Prime Plus,Indiranagar,Tumkur Road,154.0,30.0,Not Applicable,Not Applicable,No,Not Applicable,138,UPI,18,3.3,4.7
2024-07-26 17:48:00,CNR3975754453,Canceled by Customer,CID923888,Prime SUV,Whitefield,Hosur Road,,,Change of plans,Not Applicable,Not Applicable,Not Applicable,449,Not Applicable,0,,
2024-07-05 00:22:00,CNR4270311714,Success,CID855843,Auto,Hennur,Padmanabhanagar,259.0,60.0,Not Applicable,Not Applicable,No,Not Applicable,818,Debit Card,8,4.6,4.9
2024-07-27 12:54:00,CNR1808490179,Success,CID681498,Prime SUV,Rajajinagar,Varthur,245.0,140.0,Not Applicable,Not Applicable,No,Not Applicable,265,Cash,20,4.1,4.8
2024-07-26 13:32:00,CNR3989025307,Canceled by Customer,CID941826,eBike,Sahakar Nagar,MG Road,,,Driver is not moving towards pickup location,Not Applicable,Not Applicable,Not Applicable,424,Not Applicable,0,,
2024-07-27 03:27:00,CNR2442782569,Success,CID852449,Mini,Jayanagar,Hosur Road,63.0,95.0,Not Applicable,Not Applicable,No,Not Applicable,167,UPI,19,4.5,3.4
2024-07-30 22:40:00,CNR5433801585,Success,CID610339,eBike,Mysore Road,Koramangala,98.0,60.0,Not Applicable,Not Applicable,No,Not Applicable,244,UPI,35,3.1,3.3
2024-07-27 11:54:00,CNR6316121811,Driver Not Found,CID337391,Auto,Basavanagudi,Whitefield,,,Not Applicable,Not Applicable,Not Applicable,Not Applicable,464,Not Applicable,0,,
2024-07-09 10:31:00,CNR1016151173,Success,CID217284,Prime SUV,Sarjapur Road,Shivajinagar,70.0,105.0,Not Applicable,Not Applicable,No,Not Applicable,296,Cash,3,3.9,4.5
2024-07-05 17:03:00,CNR5988508062,Success,CID563389,Prime SUV,Yeshwanthpur,Rajarajeshwari Nagar,84.0,100.0,Not Applicable,Not Applicable,No,Not Applicable,156,Cash,27,4.0,3.3
2024-07-26 14:12:00,CNR7670291364,Success,CID324494,Prime Sedan,Magadi Road,Padmanabhanagar,231.0,80.0,Not Applicable,Not Applicable,No,Not Applicable,453,UPI,9,4.2,3.8
2024-07-29 11:54:00,CNR7854366186,Success,CID944745,Auto,BTM Layout,BTM Layout,77.0,35.0,Not Applicable,Not Applicable,No,Not Applicable,299,Cash,5,4.4,4.7
2024-07-01 20:09:00,CNR1824096122,Success,CID253613,Prime SUV,Chickpet,Yeshwanthpur,154.0,115.0,Not Applicable,Not Applicable,No,Not Applicable,920,UPI,42,4.9,4.5
2024-07-27 10:06:00,CNR6840899613,Success,CID370800,Bike,Cox Town,Electronic City,49.0,100.0,Not Applicable,Not Applicable,No,Not Applicable,2198,Cash,18,3.9,4.5
2024-07-15 12:22:00,CNR2364706263,Success,CID443488,Prime Plus,HSR Layout,Rajarajeshwari Nagar,63.0,110.0,Not Applicable,Not Applicable,No,Not Applicable,128,Cash,5,4.4,3.3
2024-07-19 01:00:00,CNR9749379860,Success,CID349463,Prime Plus,Hulimavu,Banashankari,154.0,120.0,Not Applicable,Not Applicable,No,Not Applicable,540,UPI,5,4.0,3.1
2024-07-30 00:22:00,CNR8655154631,Success,CID981719,Auto,Malleshwaram,Hebbal,203.0,95.0,Not Applicable,Not Applicable,Yes,Customer Demand,294,UPI,6,3.2,4.0
2024-07-20 00:05:00,CNR3375932566,Success,CID797038,Auto,Vijayanagar,Varthur,266.0,120.0,Not Applicable,Not Applicable,No,Not Applicable,474,UPI,13,4.2,4.5
2024-07-15 10:30:00,CNR6461312406,Canceled by Driver,CID844101,Auto,Vijayanagar,Chickpet,,,Not Applicable,More than permitted people in there,Not Applicable,Not Applicable,228,Not Applicable,0,,
2024-07-23 15:40:00,CNR4993251945,Success,CID188781,Prime Plus,Kammanahalli,Whitefield,105.0,130.0,Not Applicable,Not Applicable,No,Not Applicable,330,UPI,15,4.4,3.8
2024-07-12 06:23:00,CNR4713715707,Success,CID413331,Bike,Ulsoor,Vijayanagar,154.0,70.0,Not Applicable,Not Applicable,No,Not Applicable,405,Cash,20,4.2,4.7
2024-07-16 17:15:00,CNR5417556666,Success,CID112233,eBike,Kengeri,Hennur,224.0,100.0,Not Applicable,Not Applicable,No,Not Applicable,2867,UPI,16,4.4,3.9
2024-07-24 03:46:00,CNR9197997882,Success,CID131093,Bike,Malleshwaram,Magadi Road,168.0,125.0,Not Applicable,Not Applicable,No,Not Applicable,471,UPI,22,5.0,3.2
2024-07-13 12:58:00,CNR1679484487,Success,CID471842,eBike,Bannerghatta Road,HSR Layout,280.0,65.0,Not Applicable,Not Applicable,No,Not Applicable,200,Cash,34,4.0,4.7
2024-07-20 17:09:00,CNR9050379393,Driver Not Found,CID800873,Mini,Bannerghatta Road,Chickpet,,,Not Applicable,Not Applicable,Not Applicable,Not Applicable,926,Not Applicable,0,,
2024-07-20 05:03:00,CNR7579643272,Driver Not Found,CID584792,Auto,Nagarbhavi,Langford Town,,,Not Applicable,Not Applicable,Not Applicable,Not Applicable,338,Not Applicable,0,,
2024-07-13 02:40:00,CNR5381326564,Success,CID503890,Auto,Vijayanagar,MG Road,140.0,115.0,Not Applicable,Not Applicable,No,Not Applicable,416,UPI,16,3.8,3.0
2024-07-09 14:01:00,CNR8550887242,Success,CID756715,Prime Plus,RT Nagar,Jayanagar,182.0,75.0,Not Applicable,Not Applicable,No,Not Applicable,117,Cash,1,3.0,4.3
2024-07-17 05:15:00,CNR5614238349,Success,CID119817,Bike,Chickpet,Jayanagar,70.0,115.0,Not Applicable,Not Applicable,No,Not Applicable,615,Cash,47,4.2,3.5
2024-07-11 00:21:00,CNR8151979792,Success,CID358474,Prime Plus,Devanahalli,Banashankari,224.0,50.0,Not Applicable,Not Applicable,No,Not Applicable,853,UPI,43,4.4,3.6
2024-07-14 23:54:00,CNR3889103466,Success,CID461343,eBike,Bellandur,Mysore Road,196.0,105.0,Not Applicable,Not Applicable,No,Not Applicable,951,Cash,47,4.4,4.6
2024-07-02 17:29:00,CNR5049325852,Driver Not Found,CID845969,Prime Sedan,Hebbal,Yeshwanthpur,,,Not Applicable,Not Applicable,Not Applicable,Not Applicable,714,Not Applicable,0,,
2024-07-16 12:41:00,CNR1093945305,Success,CID582662,Mini,Malleshwaram,Kadugodi,280.0,35.0,Not Applicable,Not Applicable,No,Not Applicable,461,UPI,43,4.9,3.2
2024-07-26 07:13:00,CNR9950983512,Canceled by Customer,CID503263,Bike,KR Puram,Padmanabhanagar,,,Wrong Address,Not Applicable,Not Applicable,Not Applicable,377,Not Applicable,0,,
2024-07-05 10:20:00,CNR3746294839,Success,CID353306,Mini,Mysore Road,Shivajinagar,203.0,85.0,Not Applicable,Not Applicable,No,Not Applicable,447,Cash,40,4.6,4.7
2024-07-08 02:41:00,CNR3467308427,Success,CID822412,Prime Plus,RT Nagar,Frazer Town,147.0,145.0,Not Applicable,Not Applicable,No,Not Applicable,127,UPI,1,4.1,4.7
2024-07-18 04:28:00,CNR8073355466,Canceled by Driver,CID916421,Bike,Yeshwanthpur,BTM Layout,,,Not Applicable,More than permitted people in there,Not Applicable,Not Applicable,183,Not Applicable,0,,
2024-07-06 05:10:00,CNR9871025728,Success,CID779569,Prime SUV,KR Puram,Shivajinagar,154.0,35.0,Not Applicable,Not Applicable,No,Not Applicable,312,UPI,11,4.4,4.2
2024-07-17 04:15:00,CNR7202002546,Success,CID176556,Bike,Basavanagudi,Majestic,133.0,90.0,Not Applicable,Not Applicable,No,Not Applicable,415,Cash,18,3.3,4.8
2024-07-16 10:14:00,CNR8629745510,Success,CID173008,Prime SUV,Shivajinagar,Nagarbhavi,112.0,50.0,Not Applicable,Not Applicable,No,Not Applicable,477,UPI,20,3.5,4.2
2024-07-15 18:50:00,CNR3415615519,Canceled by Customer,CID607346,eBike,RT Nagar,Jayanagar,,,Driver asked to cancel,Not Applicable,Not Applicable,Not Applicable,671,Not Applicable,0,,
2024-07-23 16:29:00,CNR7017688612,Success,CID895894,Mini,Yelahanka,Hebbal,287.0,115.0,Not Applicable,Not Applicable,No,Not Applicable,143,UPI,13,3.8,4.3
2024-07-23 22:02:00,CNR1003155954,Canceled by Customer,CID305028,Mini,Malleshwaram,Padmanabhanagar,,,Wrong Address,Not Applicable,Not Applicable,Not Applicable,330,Not Applicable,0,,
2024-07-24 00:35:00,CNR4297857706,Success,CID611390,Prime Plus,Shantinagar,Chamarajpet,63.0,95.0,Not Applicable,Not Applicable,No,Not Applicable,132,UPI,25,3.5,4.6
2024-07-03 10:39:00,CNR5004520615,Canceled by Driver,CID786102,Prime SUV,Yeshwanthpur,Ramamurthy Nagar,,,Not Applicable,Customer was coughing/sick,Not Applicable,Not Applicable,1587,Not Applicable,0,,
2024-07-15 18:17:00,CNR1544234911,Success,CID199479,Bike,Nagarbhavi,JP Nagar,35.0,60.0,Not Applicable,Not Applicable,No,Not Applicable,342,Cash,37,4.8,4.8
2024-07-02 22:53:00,CNR2570550173,Success,CID591601,Auto,Shivajinagar,Kammanahalli,238.0,80.0,Not Applicable,Not Applicable,No,Not Applicable,132,UPI,3,4.6,4.0
2024-07-15 12:37:00,CNR9938551533,Success,CID796158,Prime Sedan,Indiranagar,Shantinagar,35.0,95.0,Not Applicable,Not Applicable,No,Not Applicable,308,Cash,32,3.7,4.9
2024-07-09 09:42:00,CNR2169282322,Driver Not Found,CID183437,eBike,Cox Town,JP Nagar,,,Not Applicable,Not Applicable,Not Applicable,Not Applicable,887,Not Applicable,0,,
2024-07-19 07:11:00,CNR7178360922,Success,CID267921,Prime SUV,Malleshwaram,Nagarbhavi,231.0,70.0,Not Applicable,Not Applicable,No,Not Applicable,305,Cash,33,4.3,5.0
2024-07-17 09:58:00,CNR9881827302,Success,CID665284,Auto,JP Nagar,Indiranagar,273.0,80.0,Not Applicable,Not Applicable,No,Not Applicable,446,Cash,15,4.0,4.8
2024-07-20 20:11:00,CNR9586529271,Driver Not Found,CID502049,Auto,Varthur,Sahakar Nagar,,,Not Applicable,Not Applicable,Not Applicable,Not Applicable,175,Not Applicable,0,,
2024-07-17 06:42:00,CNR3451975019,Success,CID946531,Prime Sedan,Kammanahalli,Langford Town,105.0,90.0,Not Applicable,Not Applicable,No,Not Applicable,117,Cash,47,4.6,4.1
2024-07-16 13:23:00,CNR2433872479,Success,CID496293,Prime SUV,Padmanabhanagar,Hulimavu,308.0,85.0,Not Applicable,Not Applicable,No,Not Applicable,155,Cash,39,3.5,3.5
2024-07-07 04:48:00,CNR4238252052,Canceled by Driver,CID813449,Prime Sedan,Hebbal,BTM Layout,,,Not Applicable,Personal & Car related issue,Not Applicable,Not Applicable,2783,Not Applicable,0,,
2024-07-05 19:08:00,CNR6183492466,Success,CID227521,Auto,Malleshwaram,Nagarbhavi,154.0,125.0,Not Applicable,Not Applicable,No,Not Applicable,518,Cash,18,4.5,4.8
2024-07-23 19:26:00,CNR6970713771,Success,CID410656,Bike,Sarjapur Road,JP Nagar,42.0,100.0,Not Applicable,Not Applicable,No,Not Applicable,134,Cash,2,3.7,4.5
2024-07-17 21:01:00,CNR7590642955,Canceled by Driver,CID494618,Bike,Nagarbhavi,Marathahalli,,,Not Applicable,Customer related issue,Not Applicable,Not Applicable,226,Not Applicable,0,,
2024-07-15 13:02:00,CNR8113075632,Canceled by Driver,CID827857,eBike,Hebbal,BTM Layout,,,Not Applicable,More than permitted people in there,Not Applicable,Not Applicable,288,Not Applicable,0,,
2024-07-20 15:55:00,CNR4443686136,Success,CID642248,Auto,Nagarbhavi,Varthur,119.0,65.0,Not Applicable,Not Applicable,No,Not Applicable,173,Cash,11,5.0,4.3
2024-07-07 12:33:00,CNR6673475395,Success,CID478671,eBike,Peenya,Whitefield,140.0,65.0,Not Applicable,Not Applicable,No,Not Applicable,469,UPI,3,3.9,4.1
2024-07-29 19:22:00,CNR4951475024,Success,CID383483,eBike,JP Nagar,Sarjapur Road,63.0,80.0,Not Applicable,Not Applicable,No,Not Applicable,192,Cash,45,4.4,3.3
2024-07-02 21:10:00,CNR1396358114,Success,CID129167,Auto,Koramangala,Sahakar Nagar,196.0,35.0,Not Applicable,Not Applicable,No,Not Applicable,298,UPI,13,4.8,3.0
2024-07-12 10:16:00,CNR5913941132,Success,CID821727,Bike,Indiranagar,Banashankari,168.0,120.0,Not Applicable,Not Applicable,No,Not Applicable,145,Cash,41,4.8,4.0
2024-07-07 19:20:00,CNR1198920258,Success,CID890261,Bike,Sarjapur Road,Magadi Road,147.0,25.0,Not Applicable,Not Applicable,No,Not Applicable,815,Cash,38,3.2,4.8
2024-07-14 11:35:00,CNR1453775146,Success,CID304133,Auto,Shivajinagar,HSR Layout,266.0,25.0,Not Applicable,Not Applicable,No,Not Applicable,962,Cash,3,3.2,3.9
2024-07-12 09:32:00,CNR3767848164,Success,CID559676,Mini,Magadi Road,RT Nagar,210.0,130.0,Not Applicable,Not Applicable,No,Not Applicable,439,Cash,48,4.5,4.3
2024-07-29 10:49:00,CNR2809841370,Success,CID650673,Prime Plus,Kengeri,Basavanagudi,77.0,105.0,Not Applicable,Not Applicable,No,Not Applicable,180,Cash,17,4.4,4.6
2024-07-15 16:15:00,CNR5423960701,Canceled by Customer,CID369860,Mini,KR Puram,Marathahalli,,,Driver is not moving towards pickup location,Not Applicable,Not Applicable,Not Applicable,197,Not Applicable,0,,
2024-07-09 03:19:00,CNR5678150665,Success,CID688859,Prime Plus,Langford Town,Kadugodi,49.0,45.0,Not Applicable,Not Applicable,No,Not Applicable,714,Cash,8,4.5,3.2
2024-07-16 22:07:00,CNR9892593606,Success,CID718809,Prime Sedan,Sarjapur Road,Malleshwaram,175.0,140.0,Not Applicable,Not Applicable,No,Not Applicable,176,Cash,8,3.4,4.1
2024-07-28 03:18:00,CNR8562150091,Success,CID219206,Auto,Nagarbhavi,Koramangala,217.0,45.0,Not Applicable,Not Applicable,No,Not Applicable,320,UPI,10,3.1,3.9
2024-07-26 06:03:00,CNR2280241002,Driver Not Found,CID962379,Prime SUV,Frazer Town,Ramamurthy Nagar,,,Not Applicable,Not Applicable,Not Applicable,Not Applicable,459,Not Applicable,0,,
2024-07-28 09:00:00,CNR8977866974,Success,CID329183,Prime Sedan,Rajarajeshwari Nagar,Peenya,238.0,70.0,Not Applicable,Not Applicable,No,Not Applicable,114,UPI,6,3.4,4.9
2024-07-15 09:06:00,CNR8883977253,Success,CID258405,Prime Plus,Vijayanagar,Devanahalli,245.0,30.0,Not Applicable,Not Applicable,No,Not Applicable,418,Cash,30,4.4,4.3
2024-07-03 19:33:00,CNR1053092963,Success,CID119778,Prime Sedan,Varthur,Varthur,126.0,105.0,Not Applicable,Not Applicable,No,Not Applicable,428,Cash,41,4.8,3.5
2024-07-17 08:30:00,CNR1048145695,Success,CID206500,eBike,Peenya,JP Nagar,84.0,90.0,Not Applicable,Not Applicable,No,Not Applicable,255,Cash,40,3.1,4.5
2024-07-14 04:42:00,CNR1478009403,Canceled by Driver,CID256898,Prime Sedan,BTM Layout,JP Nagar,,,Not Applicable,Personal & Car related issue,Not Applicable,Not Applicable,560,Not Applicable,0,,
2024-07-13 11:06:00,CNR8750118607,Canceled by Customer,CID513830,Prime SUV,Frazer Town,Bannerghatta Road,,,Driver is not moving towards pickup location,Not Applicable,Not Applicable,Not Applicable,764,Not Applicable,0,,
2024-07-26 08:42:00,CNR8293808107,Success,CID850180,Auto,Jayanagar,Mysore Road,259.0,95.0,Not Applicable,Not Applicable,No,Not Applicable,473,Cash,5,3.6,4.6
2024-07-07 10:07:00,CNR2938448396,Success,CID829066,Auto,Magadi Road,HSR Layout,105.0,85.0,Not Applicable,Not Applicable,Yes,Vehicle Breakdown,523,Cash,6,3.8,4.1
2024-07-11 08:48:00,CNR9414351499,Canceled by Customer,CID519679,eBike,Vijayanagar,Langford Town,,,AC is Not working,Not Applicable,Not Applicable,Not Applicable,170,Not Applicable,0,,
2024-07-11 01:53:00,CNR5753526242,Success,CID454312,Prime SUV,Marathahalli,Kadugodi,245.0,25.0,Not Applicable,Not Applicable,No,Not Applicable,194,UPI,29,3.9,4.9
2024-07-19 15:25:00,CNR3466621349,Canceled by Driver,CID120555,Auto,Kadugodi,Hebbal,,,Not Applicable,More than permitted people in there,Not Applicable,Not Applicable,304,Not Applicable,0,,
2024-07-02 10:57:00,CNR7238973317,Success,CID853014,Prime Sedan,Ulsoor,Mysore Road,168.0,30.0,Not Applicable,Not Applicable,No,Not Applicable,173,UPI,25,4.5,4.7
2024-07-19 09:00:00,CNR6578843503,Success,CID638340,Prime Plus,Indiranagar,RT Nagar,105.0,130.0,Not Applicable,Not Applicable,No,Not Applicable,910,UPI,39,4.6,4.3
2024-07-10 09:05:00,CNR7853471202,Canceled by Customer,CID188227,Prime Plus,Devanahalli,BTM Layout,,,Change of plans,Not Applicable,Not Applicable,Not Applicable,2508,Not Applicable,0,,
2024-07-24 05:50:00,CNR9007989260,Success,CID512458,Auto,JP Nagar,Hulimavu,98.0,65.0,Not Applicable,Not Applicable,No,Not Applicable,289,Cash,5,3.2,3.9
2024-07-20 08:08:00,CNR2548472742,Success,CID947782,Prime SUV,Tumkur Road,Ulsoor,168.0,90.0,Not Applicable,Not Applicable,No,Not Applicable,444,Cash,13,3.1,3.4
2024-07-13 11:48:00,CNR9388209445,Canceled by Driver,CID436394,Bike,Tumkur Road,JP Nagar,,,Not Applicable,Customer related issue,Not Applicable,Not Applicable,487,Not Applicable,0,,
2024-07-27 08:18:00,CNR6507677216,Success,CID873535,Prime Sedan,Magadi Road,Banashankari,238.0,65.0,Not Applicable,Not Applicable,No,Not Applicable,525,Cash,46,3.5,3.5
2024-07-19 05:39:00,CNR4710268211,Success,CID864600,Prime Plus,HSR Layout,Padmanabhanagar,210.0,60.0,Not Applicable,Not Applicable,No,Not Applicable,411,UPI,20,3.6,3.8
2024-07-16 11:23:00,CNR9061576125,Success,CID981653,Prime Plus,Banashankari,Bellandur,182.0,85.0,Not Applicable,Not Applicable,No,Not Applicable,328,Cash,11,3.1,3.2
2024-07-20 23:22:00,CNR3176238501,Canceled by Driver,CID898171,Prime Plus,RT Nagar,Peenya,,,Not Applicable,Customer was coughing/sick,Not Applicable,Not Applicable,1460,Not Applicable,0,,
2024-07-01 14:19:00,CNR3240516061,Canceled by Driver,CID949250,Auto,Basavanagudi,Sarjapur Road,,,Not Applicable,Customer related issue,Not Applicable,Not Applicable,321,Not Applicable,0,,
2024-07-07 21:25:00,CNR5708864000,Success,CID664016,Bike,Padmanabhanagar,Ulsoor,280.0,140.0,Not Applicable,Not Applicable,Yes,Customer Demand,106,UPI,29,4.1,4.9
2024-07-10 00:36:00,CNR8953962689,Canceled by Driver,CID491213,Prime SUV,Richmond Town,Jayanagar,,,Not Applicable,Customer related issue,Not Applicable,Not Applicable,850,Not Applicable,0,,
2024-07-25 23:01:00,CNR5296232182,Canceled by Customer,CID959116,Bike,RT Nagar,KR Puram,,,Change of plans,Not Applicable,Not Applicable,Not Applicable,392,Not Applicable,0,,
2024-07-04 23:26:00,CNR5916925388,Success,CID492073,Mini,Cox Town,Shantinagar,196.0,75.0,Not Applicable,Not Applicable,Yes,Customer Demand,312,Credit Card,8,4.9,3.1
2024-07-10 21:10:00,CNR8476407385,Success,CID652268,eBike,Sahakar Nagar,Mysore Road,84.0,85.0,Not Applicable,Not Applicable,No,Not Applicable,320,UPI,7,3.9,3.8
2024-07-03 19:04:00,CNR4146840388,Driver Not Found,CID713608,Auto,Mysore Road,Ulsoor,,,Not Applicable,Not Applicable,Not Applicable,Not Applicable,209,Not Applicable,0,,
2024-07-16 09:59:00,CNR5504433472,Canceled by Customer,CID302237,Prime SUV,Frazer Town,JP Nagar,,,Driver is not moving towards pickup location,Not Applicable,Not Applicable,Not Applicable,245,Not Applicable,0,,
2024-07-21 00:53:00,CNR7530177903,Success,CID145857,Bike,Ulsoor,Majestic,63.0,25.0,Not Applicable,Not Applicable,No,Not Applicable,680,Cash,42,4.5,4.5
2024-07-21 02:27:00,CNR1427300138,Canceled by Customer,CID309329,Prime Sedan,Ramamurthy Nagar,Langford Town,,,Driver is not moving towards pickup location,Not Applicable,Not Applicable,Not Applicable,116,Not Applicable,0,,
2024-07-10 03:49:00,CNR4084839301,Canceled by Driver,CID465342,eBike,Yeshwanthpur,Malleshwaram,,,Not Applicable,Personal & Car related issue,Not Applicable,Not Applicable,376,Not Applicable,0,,
2024-07-23 23:10:00,CNR5825695696,Driver Not Found,CID907714,Prime Sedan,Ramamurthy Nagar,Majestic,,,Not Applicable,Not Applicable,Not Applicable,Not Applicable,145,Not Applicable,0,,
2024-07-17 07:46:00,CNR2530431274,Success,CID877783,Mini,Magadi Road,Rajajinagar,161.0,65.0,Not Applicable,Not Applicable,No,Not Applicable,918,UPI,43,3.1,3.9
2024-07-17 02:37:00,CNR1448384797,Driver Not Found,CID252202,Mini,Majestic,Kammanahalli,,,Not Applicable,Not Applicable,Not Applicable,Not Applicable,409,Not Applicable,0,,
2024-07-05 16:30:00,CNR3681271804,Success,CID168338,Auto,Vijayanagar,JP Nagar,175.0,130.0,Not Applicable,Not Applicable,No,Not Applicable,368,Cash,13,3.9,3.6
2024-07-27 08:56:00,CNR4506935723,Success,CID236627,Prime SUV,Hennur,Electronic City,140.0,40.0,Not Applicable,Not Applicable,No,Not Applicable,973,Cash,8,4.4,3.0
2024-07-19 06:06:00,CNR4041358996,Success,CID655948,Auto,Hebbal,Marathahalli,161.0,80.0,Not Applicable,Not Applicable,No,Not Applicable,651,Cash,17,4.9,3.9
2024-07-15 06:39:00,CNR7835074319,Success,CID724575,eBike,Bellandur,Kadugodi,224.0,35.0,Not Applicable,Not Applicable,No,Not Applicable,462,UPI,20,4.6,3.4
2024-07-22 19:40:00,CNR5409809454,Success,CID759329,Mini,MG Road,JP Nagar,287.0,85.0,Not Applicable,Not Applicable,No,Not Applicable,172,Cash,20,3.7,4.6
2024-07-28 04:03:00,CNR7270187625,Canceled by Driver,CID455318,Prime SUV,Basavanagudi,Kammanahalli,,,Not Applicable,Customer related issue,Not Applicable,Not Applicable,706,Not Applicable,0,,
2024-07-05 05:59:00,CNR5069868906,Canceled by Customer,CID685431,Bike,Shantinagar,Jayanagar,,,Driver asked to cancel,Not Applicable,Not Applicable,Not Applicable,288,Not Applicable,0,,
2024-07-22 09:36:00,CNR4507316786,Driver Not Found,CID695195,Mini,Vijayanagar,Banashankari,,,Not Applicable,Not Applicable,Not Applicable,Not Applicable,1095,Not Applicable,0,,
2024-07-17 15:59:00,CNR3276752758,Success,CID330912,Prime Sedan,Kengeri,Richmond Town,168.0,55.0,Not Applicable,Not Applicable,No,Not Applicable,292,Cash,2,3.8,4.1
2024-07-19 10:51:00,CNR6010125784,Success,CID356676,eBike,JP Nagar,Jayanagar,84.0,130.0,Not Applicable,Not Applicable,No,Not Applicable,387,Cash,39,3.8,3.5
2024-07-01 23:37:00,CNR8479060892,Success,CID964771,Bike,Whitefield,JP Nagar,126.0,140.0,Not Applicable,Not Applicable,No,Not Applicable,365,UPI,36,3.0,4.0
2024-07-15 19:36:00,CNR5615125414,Success,CID172326,Mini,BTM Layout,Hulimavu,245.0,120.0,Not Applicable,Not Applicable,No,Not Applicable,498,UPI,9,3.8,3.7
2024-07-26 21:35:00,CNR7442658047,Canceled by Customer,CID156574,Prime Plus,Cox Town,Bellandur,,,Driver asked to cancel,Not Applicable,Not Applicable,Not Applicable,487,Not Applicable,0,,
2024-07-12 23:45:00,CNR8264847066,Success,CID561299,Prime Sedan,Basavanagudi,Mysore Road,42.0,45.0,Not Applicable,Not Applicable,No,Not Applicable,274,Cash,10,3.8,4.4
2024-07-01 07:24:00,CNR4836773279,Success,CID648356,Prime Sedan,Electronic City,Magadi Road,105.0,105.0,Not Applicable,Not Applicable,No,Not Applicable,2902,Cash,47,3.2,3.1
2024-07-12 20:51:00,CNR8293612928,Canceled by Customer,CID684864,Bike,Koramangala,Kammanahalli,,,Wrong Address,Not Applicable,Not Applicable,Not Applicable,734,Not Applicable,0,,
2024-07-18 12:30:00,CNR8849791475,Success,CID521568,Prime SUV,Koramangala,RT Nagar,217.0,30.0,Not Applicable,Not Applicable,No,Not Applicable,380,Cash,41,4.7,3.3
2024-07-03 09:11:00,CNR5528473290,Canceled by Driver,CID702891,Prime SUV,Magadi Road,Marathahalli,,,Not Applicable,More than permitted people in there,Not Applicable,Not Applicable,859,Not Applicable,0,,
2024-07-26 14:10:00,CNR2351278507,Canceled by Customer,CID249462,Prime SUV,Koramangala,Nagarbhavi,,,Change of plans,Not Applicable,Not Applicable,Not Applicable,652,Not Applicable,0,,
2024-07-15 08:33:00,CNR4845140749,Success,CID462519,Bike,Kengeri,Ulsoor,168.0,140.0,Not Applicable,Not Applicable,No,Not Applicable,198,UPI,26,5.0,3.6
2024-07-07 02:32:00,CNR1553532390,Canceled by Driver,CID209250,Prime Plus,RT Nagar,Banashankari,,,Not Applicable,Personal & Car related issue,Not Applicable,Not Applicable,1156,Not Applicable,0,,
2024-07-07 11:15:00,CNR7881703666,Success,CID106427,Prime Plus,Kammanahalli,Shantinagar,294.0,85.0,Not Applicable,Not Applicable,Yes,Customer Demand,402,Cash,19,4.5,3.7
2024-07-10 16:45:00,CNR2711179674,Success,CID408039,Prime Sedan,HSR Layout,Marathahalli,175.0,105.0,Not Applicable,Not Applicable,Yes,Vehicle Breakdown,121,UPI,13,4.3,4.9
2024-07-06 21:04:00,CNR5476699122,Success,CID299636,Prime SUV,HSR Layout,Shivajinagar,77.0,55.0,Not Applicable,Not Applicable,No,Not Applicable,963,Cash,9,4.4,3.8
2024-07-15 01:00:00,CNR2412843636,Driver Not Found,CID684975,eBike,Whitefield,Kadugodi,,,Not Applicable,Not Applicable,Not Applicable,Not Applicable,337,Not Applicable,0,,
2024-07-30 20:49:00,CNR3353085059,Success,CID808246,Auto,Mysore Road,Bellandur,287.0,70.0,Not Applicable,Not Applicable,No,Not Applicable,300,UPI,10,3.3,3.4
2024-07-03 21:56:00,CNR5226857301,Driver Not Found,CID563542,Prime SUV,Richmond Town,BTM Layout,,,Not Applicable,Not Applicable,Not Applicable,Not Applicable,1282,Not Applicable,0,,
2024-07-25 13:27:00,CNR2443792245,Success,CID827370,eBike,Indiranagar,Majestic,63.0,60.0,Not Applicable,Not Applicable,No,Not Applicable,672,Cash,41,4.0,3.4
2024-07-10 05:02:00,CNR3754383152,Success,CID359185,Prime SUV,MG Road,Mysore Road,182.0,120.0,Not Applicable,Not Applicable,No,Not Applicable,221,Cash,38,4.9,3.7
2024-07-24 23:06:00,CNR5054513358,Success,CID836210,Prime SUV,Hosur Road,Yelahanka,217.0,40.0,Not Applicable,Not Applicable,No,Not Applicable,428,Cash,32,4.5,3.1
2024-07-06 06:09:00,CNR9836193652,Success,CID402325,eBike,Tumkur Road,Jayanagar,280.0,90.0,Not Applicable,Not Applicable,No,Not Applicable,102,UPI,4,4.0,3.5
2024-07-13 19:19:00,CNR1361664411,Success,CID498235,Bike,RT Nagar,KR Puram,168.0,30.0,Not Applicable,Not Applicable,No,Not Applicable,625,Cash,28,4.3,3.1
2024-07-06 22:10:00,CNR8862611157,Success,CID817171,Prime Plus,Padmanabhanagar,JP Nagar,203.0,75.0,Not Applicable,Not Applicable,No,Not Applicable,211,UPI,49,4.5,4.6
2024-07-20 19:45:00,CNR6639283895,Success,CID499923,Auto,Shantinagar,Magadi Road,42.0,40.0,Not Applicable,Not Applicable,No,Not Applicable,237,UPI,9,3.1,3.7
2024-07-10 14:53:00,CNR5404877606,Success,CID352876,Mini,Tumkur Road,Shantinagar,147.0,40.0,Not Applicable,Not Applicable,No,Not Applicable,631,Cash,20,4.4,4.8
2024-07-17 16:18:00,CNR1759179447,Canceled by Driver,CID960939,eBike,Hulimavu,Padmanabhanagar,,,Not Applicable,Customer was coughing/sick,Not Applicable,Not Applicable,370,Not Applicable,0,,
2024-07-08 23:11:00,CNR9246127312,Success,CID271966,Prime Plus,Shivajinagar,Kadugodi,91.0,135.0,Not Applicable,Not Applicable,No,Not Applicable,439,Cash,22,3.2,4.8
2024-07-03 13:19:00,CNR1098269048,Canceled by Driver,CID716136,Auto,Langford Town,Mysore Road,,,Not Applicable,Personal & Car related issue,Not Applicable,Not Applicable,322,Not Applicable,0,,
2024-07-12 00:29:00,CNR8349182204,Driver Not Found,CID537838,Prime SUV,Nagarbhavi,Yeshwanthpur,,,Not Applicable,Not Applicable,Not Applicable,Not Applicable,210,Not Applicable,0,,
2024-07-01 19:36:00,CNR7705823788,Success,CID314759,Mini,Bellandur,Bellandur,119.0,60.0,Not Applicable,Not Applicable,No,Not Applicable,1660,UPI,19,4.4,4.0
2024-07-30 21:54:00,CNR8815263911,Driver Not Found,CID350445,Bike,Electronic City,Hennur,,,Not Applicable,Not Applicable,Not Applicable,Not Applicable,134,Not Applicable,0,,
2024-07-13 12:59:00,CNR1653078364,Success,CID810340,Auto,Kadugodi,Devanahalli,266.0,75.0,Not Applicable,Not Applicable,No,Not Applicable,184,Cash,15,4.4,3.6
2024-07-04 19:01:00,CNR6937298133,Success,CID866861,Prime Sedan,Jayanagar,Bannerghatta Road,112.0,130.0,Not Applicable,Not Applicable,No,Not Applicable,291,Cash,32,4.7,4.7
2024-07-08 17:07:00,CNR9667855178,Canceled by Driver,CID153536,Prime Sedan,Devanahalli,Cox Town,,,Not Applicable,Personal & Car related issue,Not Applicable,Not Applicable,465,Not Applicable,0,,
2024-07-07 08:51:00,CNR3268305034,Canceled by Customer,CID357135,Mini,Shivajinagar,Frazer Town,,,Driver asked to cancel,Not Applicable,Not Applicable,Not Applicable,245,Not Applicable,0,,
2024-07-11 17:54:00,CNR8481268464,Canceled by Customer,CID858787,Prime Plus,Rajarajeshwari Nagar,Banashankari,,,Driver asked to cancel,Not Applicable,Not Applicable,Not Applicable,196,Not Applicable,0,,
2024-07-24 17:27:00,CNR4736939087,Success,CID627869,Bike,Sarjapur Road,Hebbal,259.0,110.0,Not Applicable,Not Applicable,No,Not Applicable,400,UPI,44,4.1,3.7
2024-07-19 22:25:00,CNR5634292492,Driver Not Found,CID589470,Auto,Kengeri,Hulimavu,,,Not Applicable,Not Applicable,Not Applicable,Not Applicable,228,Not Applicable,0,,
2024-07-27 02:55:00,CNR7837700150,Success,CID922189,Prime SUV,Padmanabhanagar,Jayanagar,98.0,110.0,Not Applicable,Not Applicable,Yes,Customer Demand,100,Cash,12,4.1,4.1
2024-07-25 05:26:00,CNR2040578191,Driver Not Found,CID573741,Prime SUV,Hosur Road,Hebbal,,,Not Applicable,Not Applicable,Not Applicable,Not Applicable,146,Not Applicable,0,,
2024-07-25 12:29:00,CNR3548279561,Success,CID541661,Mini,BTM Layout,Rajajinagar,98.0,70.0,Not Applicable,Not Applicable,No,Not Applicable,554,Cash,20,4.4,3.8
2024-07-17 16:25:00,CNR9164209970,Success,CID640096,Auto,Yeshwanthpur,Majestic,259.0,25.0,Not Applicable,Not Applicable,No,Not Applicable,952,Cash,15,4.7,4.4
2024-07-07 12:31:00,CNR1245941106,Success,CID137539,eBike,Indiranagar,Shantinagar,35.0,135.0,Not Applicable,Not Applicable,No,Not Applicable,578,Credit Card,48,4.7,4.0
2024-07-28 01:45:00,CNR2227110513,Success,CID515253,eBike,Rajajinagar,Richmond Town,161.0,40.0,Not Applicable,Not Applicable,No,Not Applicable,911,Cash,41,4.7,3.6
2024-07-05 04:29:00,CNR2639069684,Success,CID575686,Prime Sedan,Banashankari,Mysore Road,196.0,120.0,Not Applicable,Not Applicable,No,Not Applicable,185,Cash,39,3.7,4.8
2024-07-30 05:30:00,CNR9568888137,Canceled by Driver,CID468312,Mini,Shantinagar,Electronic City,,,Not Applicable,Customer related issue,Not Applicable,Not Applicable,150,Not Applicable,0,,
2024-07-23 00:35:00,CNR3382075924,Canceled by Customer,CID309689,Prime Plus,Koramangala,Kadugodi,,,Change of plans,Not Applicable,Not Applicable,Not Applicable,324,Not Applicable,0,,
2024-07-29 09:41:00,CNR1428935482,Canceled by Customer,CID140061,Prime Sedan,Kengeri,Basavanagudi,,,Wrong Address,Not Applicable,Not Applicable,Not Applicable,211,Not Applicable,0,,
2024-07-24 03:30:00,CNR2743980051,Success,CID878526,Auto,Hosur Road,Rajajinagar,182.0,130.0,Not Applicable,Not Applicable,No,Not Applicable,368,Cash,2,3.0,3.1
2024-07-12 14:59:00,CNR8424171103,Success,CID245771,eBike,JP Nagar,Electronic City,154.0,60.0,Not Applicable,Not Applicable,No,Not Applicable,351,Cash,18,3.3,3.6
2024-07-18 02:11:00,CNR5132847277,Success,CID446060,Prime Sedan,Chickpet,Padmanabhanagar,189.0,120.0,Not Applicable,Not Applicable,No,Not Applicable,412,UPI,7,3.7,4.6
2024-07-04 20:05:00,CNR5058451259,Success,CID579805,Prime SUV,Bellandur,Hulimavu,77.0,125.0,Not Applicable,Not Applicable,No,Not Applicable,516,UPI,25,4.8,3.8
2024-07-16 11:45:00,CNR9650751366,Success,CID226010,Prime SUV,Hennur,Indiranagar,217.0,35.0,Not Applicable,Not Applicable,No,Not Applicable,201,UPI,32,4.1,4.8
2024-07-27 20:25:00,CNR7478196017,Success,CID970950,eBike,Tumkur Road,Indiranagar,308.0,135.0,Not Applicable,Not Applicable,No,Not Applicable,2794,UPI,17,4.8,3.5
2024-07-28 14:25:00,CNR2235355411,Canceled by Customer,CID606290,Prime Plus,Hosur Road,Peenya,,,Change of plans,Not Applicable,Not Applicable,Not Applicable,184,Not Applicable,0,,
2024-07-19 05:33:00,CNR4069538782,Success,CID349186,Bike,Varthur,Hebbal,203.0,110.0,Not Applicable,Not Applicable,No,Not Applicable,256,Cash,16,4.8,3.6
2024-07-22 23:54:00,CNR3814955232,Success,CID693149,Prime SUV,Shantinagar,Indiranagar,217.0,105.0,Not Applicable,Not Applicable,No,Not Applicable,123,Cash,22,4.1,3.3
2024-07-08 23:20:00,CNR6941278773,Success,CID359259,eBike,Marathahalli,Chickpet,154.0,115.0,Not Applicable,Not Applicable,No,Not Applicable,413,Cash,6,4.7,4.4
2024-07-10 19:39:00,CNR4385323589,Success,CID799670,Bike,Electronic City,Koramangala,294.0,65.0,Not Applicable,Not Applicable,No,Not Applicable,962,UPI,47,4.2,4.9
2024-07-25 22:24:00,CNR6722092803,Canceled by Customer,CID413155,Prime Sedan,Chamarajpet,Majestic,,,Wrong Address,Not Applicable,Not Applicable,Not Applicable,269,Not Applicable,0,,
2024-07-24 05:30:00,CNR4456178936,Canceled by Driver,CID868659,eBike,Yelahanka,Richmond Town,,,Not Applicable,Customer related issue,Not Applicable,Not Applicable,242,Not Applicable,0,,
2024-07-06 12:23:00,CNR6869424354,Canceled by Customer,CID249084,Prime SUV,Langford Town,Devanahalli,,,AC is Not working,Not Applicable,Not Applicable,Not Applicable,165,Not Applicable,0,,
2024-07-07 03:06:00,CNR8814846497,Canceled by Customer,CID892774,Prime SUV,KR Puram,Kammanahalli,,,AC is Not working,Not Applicable,Not Applicable,Not Applicable,214,Not Applicable,0,,
2024-07-06 08:44:00,CNR6743328900,Canceled by Driver,CID773032,Prime Sedan,Magadi Road,RT Nagar,,,Not Applicable,Customer related issue,Not Applicable,Not Applicable,205,Not Applicable,0,,
2024-07-16 12:34:00,CNR9600581269,Success,CID501058,Prime Sedan,Tumkur Road,Cox Town,273.0,130.0,Not Applicable,Not Applicable,No,Not Applicable,689,Cash,18,4.9,3.4
2024-07-17 00:37:00,CNR6306359485,Success,CID737959,Prime SUV,Magadi Road,Yeshwanthpur,105.0,145.0,Not Applicable,Not Applicable,No,Not Applicable,1907,UPI,17,4.2,4.7
2024-07-24 04:57:00,CNR1256711965,Success,CID955479,Bike,Sahakar Nagar,Yeshwanthpur,119.0,60.0,Not Applicable,Not Applicable,No,Not Applicable,2670,Cash,3,4.4,4.1
2024-07-07 17:57:00,CNR4589758919,Success,CID166292,Mini,Yelahanka,Whitefield,224.0,45.0,Not Applicable,Not Applicable,No,Not Applicable,2786,UPI,8,3.7,4.7
2024-07-17 22:06:00,CNR3129108718,Driver Not Found,CID750876,Bike,Langford Town,Devanahalli,,,Not Applicable,Not Applicable,Not Applicable,Not Applicable,162,Not Applicable,0,,
2024-07-10 07:34:00,CNR7151808369,Success,CID369977,Prime Sedan,Richmond Town,Hennur,49.0,50.0,Not Applicable,Not Applicable,No,Not Applicable,181,UPI,16,4.3,4.1
2024-07-03 20:55:00,CNR9468312606,Success,CID746277,Prime Sedan,Langford Town,Chickpet,224.0,140.0,Not Applicable,Not Applicable,No,Not Applicable,2175,UPI,12,4.6,3.7
2024-07-02 19:25:00,CNR4969925943,Success,CID766568,Prime Sedan,Rajajinagar,Ulsoor,245.0,145.0,Not Applicable,Not Applicable,No,Not Applicable,262,UPI,39,3.3,3.4
2024-07-19 05:54:00,CNR3752058181,Driver Not Found,CID352008,Mini,RT Nagar,BTM Layout,,,Not Applicable,Not Applicable,Not Applicable,Not Applicable,462,Not Applicable,0,,
2024-07-14 15:30:00,CNR2897628742,Success,CID550528,eBike,Shantinagar,Sahakar Nagar,63.0,80.0,Not Applicable,Not Applicable,No,Not Applicable,118,UPI,34,4.1,3.4
2024-07-22 08:50:00,CNR3790561270,Canceled by Driver,CID682372,Auto,Kammanahalli,Richmond Town,,,Not Applicable,Customer related issue,Not Applicable,Not Applicable,351,Not Applicable,0,,
2024-07-27 12:13:00,CNR3046057294,Canceled by Customer,CID880208,Prime Sedan,Varthur,Jayanagar,,,Driver asked to cancel,Not Applicable,Not Applicable,Not Applicable,443,Not Applicable,0,,
2024-07-22 00:04:00,CNR8149360948,Canceled by Customer,CID306046,Prime Plus,Majestic,Malleshwaram,,,Driver is not moving towards pickup location,Not Applicable,Not Applicable,Not Applicable,490,Not Applicable,0,,
2024-07-19 22:10:00,CNR8896943327,Driver Not Found,CID852324,eBike,Sahakar Nagar,Jayanagar,,,Not Applicable,Not Applicable,Not Applicable,Not Applicable,236,Not Applicable,0,,
2024-07-07 12:19:00,CNR7915436693,Success,CID979753,Mini,Hulimavu,BTM Layout,196.0,95.0,Not Applicable,Not Applicable,Yes,Customer Demand,452,UPI,35,4.2,3.0
2024-07-17 03:38:00,CNR2988094627,Canceled by Driver,CID408364,Mini,Indiranagar,Tumkur Road,,,Not Applicable,Personal & Car related issue,Not Applicable,Not Applicable,628,Not Applicable,0,,
2024-07-13 13:38:00,CNR3845909533,Success,CID892292,Auto,Yelahanka,Cox Town,238.0,40.0,Not Applicable,Not Applicable,No,Not Applicable,296,Cash,11,4.3,4.4
2024-07-09 22:57:00,CNR3751337946,Success,CID455761,Prime SUV,Yelahanka,Magadi Road,154.0,135.0,Not Applicable,Not Applicable,No,Not Applicable,489,Cash,47,4.5,4.6
2024-07-15 01:56:00,CNR4889076400,Driver Not Found,CID825193,eBike,Hulimavu,RT Nagar,,,Not Applicable,Not Applicable,Not Applicable,Not Applicable,163,Not Applicable,0,,
2024-07-25 01:54:00,CNR7522172174,Canceled by Driver,CID238916,eBike,Rajajinagar,Bannerghatta Road,,,Not Applicable,Customer was coughing/sick,Not Applicable,Not Applicable,583,Not Applicable,0,,
2024-07-18 02:24:00,CNR3635858685,Success,CID925978,Bike,RT Nagar,Hennur,294.0,40.0,Not Applicable,Not Applicable,No,Not Applicable,396,UPI,18,4.0,3.8
2024-07-09 11:56:00,CNR6538943898,Success,CID977436,Prime Plus,Magadi Road,Kadugodi,224.0,65.0,Not Applicable,Not Applicable,No,Not Applicable,983,Cash,12,4.8,3.2
2024-07-20 05:28:00,CNR8488255933,Success,CID295383,Prime SUV,Kadugodi,Ramamurthy Nagar,112.0,95.0,Not Applicable,Not Applicable,No,Not Applicable,379,Cash,38,4.9,3.6
2024-07-07 21:34:00,CNR8485147989,Canceled by Driver,CID114526,Prime SUV,Banashankari,Kadugodi,,,Not Applicable,Customer related issue,Not Applicable,Not Applicable,398,Not Applicable,0,,
2024-07-07 11:44:00,CNR5816338497,Canceled by Customer,CID434089,Auto,Vijayanagar,Sahakar Nagar,,,Driver asked to cancel,Not Applicable,Not Applicable,Not Applicable,128,Not Applicable,0,,
2024-07-11 23:08:00,CNR5243673433,Canceled by Driver,CID620244,Prime SUV,Varthur,Yelahanka,,,Not Applicable,Customer related issue,Not Applicable,Not Applicable,2025,Not Applicable,0,,
2024-07-13 09:14:00,CNR6159705812,Canceled by Driver,CID358441,Prime Plus,Langford Town,Frazer Town,,,Not Applicable,Customer was coughing/sick,Not Applicable,Not Applicable,427,Not Applicable,0,,
2024-07-05 04:32:00,CNR2573161507,Canceled by Driver,CID285674,Prime SUV,Chamarajpet,Marathahalli,,,Not Applicable,Customer related issue,Not Applicable,Not Applicable,178,Not Applicable,0,,
2024-07-24 14:17:00,CNR5385144535,Success,CID362698,Prime Plus,Hennur,Yeshwanthpur,140.0,35.0,Not Applicable,Not Applicable,No,Not Applicable,302,Cash,16,4.4,3.6
2024-07-25 07:57:00,CNR7891415099,Driver Not Found,CID974072,Mini,Basavanagudi,Rajarajeshwari Nagar,,,Not Applicable,Not Applicable,Not Applicable,Not Applicable,426,Not Applicable,0,,
2024-07-07 17:09:00,CNR3181146414,Canceled by Driver,CID534622,Prime SUV,Langford Town,Koramangala,,,Not Applicable,Personal & Car related issue,Not Applicable,Not Applicable,452,Not Applicable,0,,
2024-07-10 16:31:00,CNR6941524391,Success,CID513209,Auto,Whitefield,Marathahalli,63.0,135.0,Not Applicable,Not Applicable,No,Not Applicable,899,Cash,4,4.2,3.9
2024-07-30 17:38:00,CNR9605985034,Canceled by Driver,CID811834,Mini,Jayanagar,Hebbal,,,Not Applicable,Personal & Car related issue,Not Applicable,Not Applicable,489,Not Applicable,0,,
2024-07-13 06:03:00,CNR1278579477,Success,CID520508,Bike,Mysore Road,Electronic City,70.0,120.0,Not Applicable,Not Applicable,No,Not Applicable,2950,Cash,42,3.7,3.1
2024-07-30 12:29:00,CNR2923173362,Success,CID780945,Auto,Padmanabhanagar,Whitefield,238.0,100.0,Not Applicable,Not Applicable,No,Not Applicable,414,UPI,18,5.0,3.7
2024-07-10 22:10:00,CNR8813067916,Success,CID903596,Auto,Nagarbhavi,Tumkur Road,210.0,105.0,Not Applicable,Not Applicable,No,Not Applicable,416,Cash,8,4.1,4.4
2024-07-28 13:38:00,CNR4630008135,Success,CID184609,Mini,Peenya,Majestic,175.0,65.0,Not Applicable,Not Applicable,No,Not Applicable,286,Cash,40,4.5,4.2
2024-07-04 12:10:00,CNR8991084824,Canceled by Driver,CID544749,Prime SUV,Sarjapur Road,Basavanagudi,,,Not Applicable,More than permitted people in there,Not Applicable,Not Applicable,650,Not Applicable,0,,
2024-07-29 21:52:00,CNR7063602519,Success,CID737423,Prime Plus,Malleshwaram,HSR Layout,294.0,45.0,Not Applicable,Not Applicable,No,Not Applicable,2402,Cash,45,3.7,4.0
2024-07-03 04:40:00,CNR9386952746,Success,CID410295,eBike,BTM Layout,Rajarajeshwari Nagar,280.0,90.0,Not Applicable,Not Applicable,No,Not Applicable,157,UPI,40,4.2,3.9
2024-07-06 05:36:00,CNR6635842293,Success,CID356964,Prime Plus,Sahakar Nagar,Shivajinagar,189.0,45.0,Not Applicable,Not Applicable,No,Not Applicable,494,Cash,13,4.7,4.9
2024-07-16 09:33:00,CNR5552770609,Success,CID512989,Prime Sedan,Malleshwaram,Electronic City,70.0,25.0,Not Applicable,Not Applicable,No,Not Applicable,318,UPI,15,4.5,4.8
2024-07-26 06:02:00,CNR7203101527,Success,CID781197,Bike,MG Road,Langford Town,287.0,105.0,Not Applicable,Not Applicable,Yes,Vehicle Breakdown,491,Cash,2,4.1,3.5
2024-07-04 12:38:00,CNR1489752055,Canceled by Driver,CID730292,Prime Plus,Koramangala,Mysore Road,,,Not Applicable,Customer related issue,Not Applicable,Not Applicable,453,Not Applicable,0,,
2024-07-13 18:23:00,CNR1665223881,Success,CID537386,Prime Sedan,Tumkur Road,Majestic,259.0,65.0,Not Applicable,Not Applicable,No,Not Applicable,1977,Cash,32,3.5,3.6
2024-07-22 22:11:00,CNR1399824381,Canceled by Driver,CID801160,Prime Sedan,Langford Town,Hennur,,,Not Applicable,Customer was coughing/sick,Not Applicable,Not Applicable,373,Not Applicable,0,,
2024-07-15 19:42:00,CNR3072250236,Success,CID165363,Bike,Nagarbhavi,Shantinagar,119.0,40.0,Not Applicable,Not Applicable,No,Not Applicable,669,UPI,7,4.9,3.2
2024-07-20 18:59:00,CNR1786632167,Success,CID589288,Prime SUV,Yelahanka,Kadugodi,56.0,75.0,Not Applicable,Not Applicable,No,Not Applicable,279,Cash,33,4.1,3.8
2024-07-30 06:05:00,CNR6798369513,Success,CID431338,Prime SUV,Hennur,Nagarbhavi,280.0,60.0,Not Applicable,Not Applicable,No,Not Applicable,358,Cash,46,3.9,4.4
2024-07-03 03:53:00,CNR7805885174,Success,CID264705,Bike,Bellandur,HSR Layout,168.0,105.0,Not Applicable,Not Applicable,No,Not Applicable,627,UPI,22,4.8,4.4
2024-07-27 10:07:00,CNR5479512732,Success,CID324649,eBike,Frazer Town,Chickpet,273.0,140.0,Not Applicable,Not Applicable,No,Not Applicable,454,UPI,8,5.0,3.2
2024-07-05 20:12:00,CNR5750471285,Success,CID331018,Prime Plus,Vijayanagar,Ramamurthy Nagar,294.0,110.0,Not Applicable,Not Applicable,No,Not Applicable,564,UPI,8,4.6,3.4
2024-07-01 08:15:00,CNR8105577224,Success,CID403466,Bike,Peenya,Magadi Road,140.0,115.0,Not Applicable,Not Applicable,No,Not Applicable,450,UPI,43,3.2,3.1
2024-07-27 22:35:00,CNR4060940239,Canceled by Customer,CID580620,Prime Plus,Devanahalli,Electronic City,,,Driver is not moving towards pickup location,Not Applicable,Not Applicable,Not Applicable,299,Not Applicable,0,,
2024-07-07 20:41:00,CNR4014614618,Success,CID755042,Mini,Sahakar Nagar,Yelahanka,49.0,80.0,Not Applicable,Not Applicable,Yes,Vehicle Breakdown,576,UPI,6,3.3,3.0
2024-07-16 01:20:00,CNR2160401610,Success,CID413115,Prime Sedan,Padmanabhanagar,Hennur,105.0,65.0,Not Applicable,Not Applicable,No,Not Applicable,323,Cash,48,3.6,4.1
2024-07-16 03:53:00,CNR1388369490,Success,CID120953,Prime Plus,Ulsoor,Jayanagar,196.0,25.0,Not Applicable,Not Applicable,Yes,Other Issue,143,Cash,4,4.9,4.5
2024-07-21 00:10:00,CNR3595277619,Driver Not Found,CID555610,Bike,Hennur,Padmanabhanagar,,,Not Applicable,Not Applicable,Not Applicable,Not Applicable,323,Not Applicable,0,,
2024-07-27 02:36:00,CNR6822166744,Success,CID992488,eBike,Ulsoor,Kammanahalli,308.0,30.0,Not Applicable,Not Applicable,No,Not Applicable,523,Cash,30,3.5,4.7
2024-07-07 06:24:00,CNR2776484058,Canceled by Driver,CID630761,Mini,Sarjapur Road,Ramamurthy Nagar,,,Not Applicable,Customer was coughing/sick,Not Applicable,Not Applicable,125,Not Applicable,0,,
2024-07-08 03:34:00,CNR5682266341,Success,CID819479,Auto,Chickpet,Richmond Town,84.0,115.0,Not Applicable,Not Applicable,No,Not Applicable,418,UPI,13,3.0,4.4
2024-07-09 10:45:00,CNR3897587288,Success,CID475479,eBike,Padmanabhanagar,Sarjapur Road,105.0,110.0,Not Applicable,Not Applicable,No,Not Applicable,279,UPI,49,4.4,3.3
2024-07-04 16:24:00,CNR1891220396,Success,CID604800,Mini,RT Nagar,Ramamurthy Nagar,266.0,135.0,Not Applicable,Not Applicable,No,Not Applicable,115,UPI,13,3.5,3.7
2024-07-10 10:31:00,CNR3922942529,Canceled by Customer,CID801528,Prime Sedan,Devanahalli,Hennur,,,Driver is not moving towards pickup location,Not Applicable,Not Applicable,Not Applicable,132,Not Applicable,0,,
2024-07-30 20:36:00,CNR1308989793,Canceled by Customer,CID520944,eBike,Banashankari,Sarjapur Road,,,Driver asked to cancel,Not Applicable,Not Applicable,Not Applicable,216,Not Applicable,0,,
2024-07-19 09:35:00,CNR4409072461,Success,CID873088,eBike,Sarjapur Road,Kammanahalli,154.0,55.0,Not Applicable,Not Applicable,No,Not Applicable,196,UPI,48,3.4,3.5
2024-07-10 17:48:00,CNR5313267568,Success,CID145562,Prime Sedan,Mysore Road,Yelahanka,133.0,60.0,Not Applicable,Not Applicable,Yes,Vehicle Breakdown,209,UPI,11,4.2,4.7
2024-07-15 08:39:00,CNR8925351483,Success,CID582061,eBike,Padmanabhanagar,Kengeri,77.0,75.0,Not Applicable,Not Applicable,No,Not Applicable,339,Cash,31,3.1,4.1
2024-07-23 20:23:00,CNR3374901793,Success,CID205182,Prime Sedan,RT Nagar,Hosur Road,140.0,85.0,Not Applicable,Not Applicable,No,Not Applicable,915,UPI,31,5.0,4.1
2024-07-12 14:52:00,CNR2828904058,Canceled by Driver,CID475707,Bike,Langford Town,Peenya,,,Not Applicable,More than permitted people in there,Not Applicable,Not Applicable,389,Not Applicable,0,,
2024-07-23 16:00:00,CNR4520961008,Success,CID393850,Prime SUV,HSR Layout,BTM Layout,301.0,95.0,Not Applicable,Not Applicable,No,Not Applicable,204,Cash,39,4.7,3.3
2024-07-23 10:46:00,CNR5343725284,Driver Not Found,CID543359,Auto,Whitefield,Bellandur,,,Not Applicable,Not Applicable,Not Applicable,Not Applicable,101,Not Applicable,0,,
2024-07-18 15:03:00,CNR2526885142,Success,CID314212,Prime Sedan,Ramamurthy Nagar,RT Nagar,238.0,85.0,Not Applicable,Not Applicable,No,Not Applicable,223,Cash,25,4.3,4.7
2024-07-04 19:18:00,CNR9199558100,Success,CID443431,Mini,Vijayanagar,JP Nagar,133.0,95.0,Not Applicable,Not Applicable,No,Not Applicable,457,Cash,3,3.8,4.5
2024-07-22 03:54:00,CNR4923057175,Success,CID421042,Mini,Banashankari,Hennur,112.0,135.0,Not Applicable,Not Applicable,No,Not Applicable,349,UPI,23,4.4,3.5
2024-07-09 19:26:00,CNR5392291161,Driver Not Found,CID137886,eBike,Rajarajeshwari Nagar,JP Nagar,,,Not Applicable,Not Applicable,Not Applicable,Not Applicable,183,Not Applicable,0,,
2024-07-27 23:38:00,CNR4143291225,Success,CID785364,Prime SUV,Mysore Road,Indiranagar,133.0,85.0,Not Applicable,Not Applicable,No,Not Applicable,364,UPI,43,4.6,4.8
2024-07-08 07:52:00,CNR6610073930,Canceled by Customer,CID981929,Prime SUV,Yelahanka,Ramamurthy Nagar,,,Driver is not moving towards pickup location,Not Applicable,Not Applicable,Not Applicable,645,Not Applicable,0,,
2024-07-13 13:47:00,CNR1241264957,Canceled by Driver,CID213631,Prime Plus,Varthur,Yelahanka,,,Not Applicable,Personal & Car related issue,Not Applicable,Not Applicable,281,Not Applicable,0,,
2024-07-11 02:57:00,CNR4643162508,Success,CID178969,Prime Plus,Ramamurthy Nagar,Sarjapur Road,203.0,85.0,Not Applicable,Not Applicable,No,Not Applicable,373,UPI,18,3.6,4.1
2024-07-26 01:35:00,CNR9671628915,Success,CID697284,Prime Plus,Koramangala,Whitefield,42.0,85.0,Not Applicable,Not Applicable,No,Not Applicable,259,UPI,6,3.0,5.0
2024-07-01 06:22:00,CNR5529664906,Canceled by Driver,CID719521,Mini,Shivajinagar,Varthur,,,Not Applicable,Customer related issue,Not Applicable,Not Applicable,386,Not Applicable,0,,
2024-07-22 22:54:00,CNR3182126537,Success,CID326880,Prime Sedan,Magadi Road,Yelahanka,280.0,135.0,Not Applicable,Not Applicable,No,Not Applicable,325,UPI,16,3.6,3.1
2024-07-29 15:12:00,CNR7258427462,Success,CID560515,Prime Plus,Cox Town,Majestic,105.0,140.0,Not Applicable,Not Applicable,No,Not Applicable,976,Cash,20,5.0,3.2
2024-07-19 16:46:00,CNR1044244000,Success,CID171140,Prime Plus,Magadi Road,Hulimavu,84.0,140.0,Not Applicable,Not Applicable,No,Not Applicable,222,Cash,17,3.6,4.9
2024-07-20 20:15:00,CNR7775876849,Canceled by Driver,CID776711,Bike,Shivajinagar,Marathahalli,,,Not Applicable,More than permitted people in there,Not Applicable,Not Applicable,230,Not Applicable,0,,
2024-07-16 17:36:00,CNR3314139157,Driver Not Found,CID779508,eBike,Marathahalli,BTM Layout,,,Not Applicable,Not Applicable,Not Applicable,Not Applicable,123,Not Applicable,0,,
2024-07-04 16:13:00,CNR6501138559,Driver Not Found,CID246265,Mini,Peenya,Hebbal,,,Not Applicable,Not Applicable,Not Applicable,Not Applicable,593,Not Applicable,0,,
2024-07-17 05:55:00,CNR7932236566,Success,CID390331,Prime Plus,Mysore Road,JP Nagar,35.0,40.0,Not Applicable,Not Applicable,No,Not Applicable,472,Cash,23,4.0,4.2
2024-07-07 12:08:00,CNR8680208275,Success,CID421840,Prime SUV,Hennur,Indiranagar,105.0,35.0,Not Applicable,Not Applicable,No,Not Applicable,197,Cash,26,3.4,3.7
2024-07-24 07:41:00,CNR8588199563,Success,CID498993,Auto,Basavanagudi,Hennur,84.0,60.0,Not Applicable,Not Applicable,No,Not Applicable,756,UPI,7,4.1,4.5
2024-07-22 23:51:00,CNR4380986829,Driver Not Found,CID945705,eBike,Magadi Road,Padmanabhanagar,,,Not Applicable,Not Applicable,Not Applicable,Not Applicable,1634,Not Applicable,0,,
2024-07-18 05:35:00,CNR5218748140,Success,CID758297,Auto,Richmond Town,Indiranagar,224.0,80.0,Not Applicable,Not Applicable,No,Not Applicable,2638,Cash,4,3.9,4.2
2024-07-04 21:31:00,CNR7653520637,Success,CID853064,Bike,Magadi Road,Kadugodi,63.0,75.0,Not Applicable,Not Applicable,No,Not Applicable,566,Cash,18,3.9,3.8
2024-07-07 07:09:00,CNR8784531441,Canceled by Driver,CID560906,eBike,Kengeri,Ulsoor,,,Not Applicable,Personal & Car related issue,Not Applicable,Not Applicable,303,Not Applicable,0,,
2024-07-08 05:28:00,CNR3004713893,Canceled by Customer,CID893493,Prime Sedan,Rajarajeshwari Nagar,Shivajinagar,,,Driver asked to cancel,Not Applicable,Not Applicable,Not Applicable,424,Not Applicable,0,,
2024-07-24 09:42:00,CNR8962605628,Success,CID467588,Prime Plus,Banashankari,Richmond Town,63.0,140.0,Not Applicable,Not Applicable,No,Not Applicable,245,UPI,31,3.7,5.0
2024-07-12 20:13:00,CNR1038427525,Canceled by Customer,CID719065,Prime Sedan,Richmond Town,Hennur,,,Driver asked to cancel,Not Applicable,Not Applicable,Not Applicable,440,Not Applicable,0,,
2024-07-09 02:58:00,CNR1954793877,Success,CID417113,Mini,Malleshwaram,Kadugodi,77.0,125.0,Not Applicable,Not Applicable,No,Not Applicable,480,UPI,31,4.2,3.5
2024-07-28 12:27:00,CNR6970521825,Success,CID115610,Auto,Richmond Town,Varthur,273.0,65.0,Not Applicable,Not Applicable,No,Not Applicable,1704,Cash,14,3.3,3.4
2024-07-07 00:10:00,CNR6942545795,Success,CID470465,Auto,Rajarajeshwari Nagar,Rajarajeshwari Nagar,252.0,50.0,Not Applicable,Not Applicable,No,Not Applicable,521,Cash,5,4.6,4.4
2024-07-13 06:01:00,CNR4617531493,Success,CID527033,eBike,Marathahalli,Hennur,84.0,45.0,Not Applicable,Not Applicable,No,Not Applicable,2503,UPI,36,3.0,4.4
2024-07-21 20:05:00,CNR9427099978,Success,CID885481,Prime SUV,Majestic,MG Road,84.0,115.0,Not Applicable,Not Applicable,No,Not Applicable,986,Cash,35,4.4,4.7
2024-07-12 20:11:00,CNR8402734015,Driver Not Found,CID919899,Mini,Hennur,Padmanabhanagar,,,Not Applicable,Not Applicable,Not Applicable,Not Applicable,660,Not Applicable,0,,
2024-07-14 04:30:00,CNR4063606016,Success,CID866783,Prime SUV,Whitefield,Ulsoor,301.0,65.0,Not Applicable,Not Applicable,No,Not Applicable,321,Cash,22,3.5,3.3
2024-07-30 21:06:00,CNR7175585085,Success,CID260552,Prime Plus,Rajarajeshwari Nagar,Mysore Road,42.0,55.0,Not Applicable,Not Applicable,No,Not Applicable,341,UPI,33,4.0,3.4
2024-07-16 10:44:00,CNR9277520170,Success,CID787329,eBike,Frazer Town,Ulsoor,154.0,50.0,Not Applicable,Not Applicable,No,Not Applicable,377,UPI,48,3.9,5.0
2024-07-28 09:49:00,CNR1404417938,Canceled by Driver,CID578845,Auto,KR Puram,Malleshwaram,,,Not Applicable,Personal & Car related issue,Not Applicable,Not Applicable,468,Not Applicable,0,,
2024-07-15 19:57:00,CNR5130354705,Success,CID530204,Prime Sedan,Tumkur Road,Bannerghatta Road,140.0,75.0,Not Applicable,Not Applicable,No,Not Applicable,765,Cash,5,3.8,3.2
2024-07-13 10:22:00,CNR3153159508,Canceled by Customer,CID762214,Bike,Yeshwanthpur,JP Nagar,,,Driver is not moving towards pickup location,Not Applicable,Not Applicable,Not Applicable,661,Not Applicable,0,,
2024-07-06 13:12:00,CNR5840711941,Driver Not Found,CID394630,Prime Sedan,Richmond Town,Shivajinagar,,,Not Applicable,Not Applicable,Not Applicable,Not Applicable,394,Not Applicable,0,,
2024-07-26 21:37:00,CNR6192155278,Driver Not Found,CID788292,Prime SUV,Shantinagar,Hosur Road,,,Not Applicable,Not Applicable,Not Applicable,Not Applicable,530,Not Applicable,0,,
2024-07-29 16:27:00,CNR3713475233,Success,CID379291,Mini,Yelahanka,Indiranagar,224.0,100.0,Not Applicable,Not Applicable,No,Not Applicable,292,UPI,34,3.4,3.1
2024-07-14 13:08:00,CNR7508665991,Success,CID722393,Auto,Banashankari,Ulsoor,308.0,35.0,Not Applicable,Not Applicable,Yes,Other Issue,262,Cash,8,3.0,3.7
2024-07-04 08:32:00,CNR6833721009,Success,CID413308,Prime Sedan,Chamarajpet,Kadugodi,140.0,75.0,Not Applicable,Not Applicable,No,Not Applicable,280,Cash,25,4.9,3.6
2024-07-19 21:41:00,CNR7262437495,Canceled by Customer,CID797566,Prime Plus,Mysore Road,MG Road,,,Driver asked to cancel,Not Applicable,Not Applicable,Not Applicable,314,Not Applicable,0,,
2024-07-22 09:58:00,CNR7379795718,Success,CID675133,Prime SUV,Kengeri,Ulsoor,231.0,125.0,Not Applicable,Not Applicable,No,Not Applicable,487,UPI,5,3.6,4.8
2024-07-05 03:22:00,CNR2797950301,Success,CID786635,Bike,Magadi Road,Whitefield,56.0,65.0,Not Applicable,Not Applicable,No,Not Applicable,289,Cash,36,4.5,4.5
2024-07-30 15:51:00,CNR4690764645,Success,CID352262,Prime Plus,HSR Layout,RT Nagar,259.0,115.0,Not Applicable,Not Applicable,No,Not Applicable,1854,UPI,41,3.9,3.4
2024-07-01 02:20:00,CNR5560320172,Success,CID677671,eBike,Majestic,Basavanagudi,56.0,75.0,Not Applicable,Not Applicable,No,Not Applicable,605,Cash,14,4.3,4.2
2024-07-01 13:32:00,CNR1501890577,Success,CID907168,Prime SUV,Richmond Town,Padmanabhanagar,182.0,105.0,Not Applicable,Not Applicable,No,Not Applicable,786,Cash,6,3.7,4.6
2024-07-25 20:15:00,CNR3556107964,Canceled by Driver,CID821463,Bike,BTM Layout,Richmond Town,,,Not Applicable,Personal & Car related issue,Not Applicable,Not Applicable,884,Not Applicable,0,,
2024-07-05 17:57:00,CNR6073822915,Success,CID389930,Mini,Banashankari,Rajajinagar,126.0,60.0,Not Applicable,Not Applicable,Yes,Vehicle Breakdown,167,UPI,16,4.0,4.4
2024-07-14 15:29:00,CNR2624962679,Success,CID305390,Prime SUV,Sarjapur Road,Yeshwanthpur,203.0,70.0,Not Applicable,Not Applicable,No,Not Applicable,100,UPI,28,3.4,3.1
2024-07-29 16:48:00,CNR5096205053,Success,CID301722,Prime Plus,Hebbal,Kammanahalli,245.0,140.0,Not Applicable,Not Applicable,No,Not Applicable,136,Cash,40,4.1,3.4
2024-07-25 12:41:00,CNR1062965630,Canceled by Driver,CID746733,eBike,Electronic City,Rajarajeshwari Nagar,,,Not Applicable,More than permitted people in there,Not Applicable,Not Applicable,675,Not Applicable,0,,
2024-07-20 22:57:00,CNR9512097045,Canceled by Driver,CID882131,Prime Plus,Majestic,Chamarajpet,,,Not Applicable,Customer related issue,Not Applicable,Not Applicable,447,Not Applicable,0,,
2024-07-12 23:36:00,CNR7264140112,Success,CID405144,Prime Plus,Mysore Road,Cox Town,231.0,100.0,Not Applicable,Not Applicable,No,Not Applicable,488,Cash,44,3.5,3.1
2024-07-14 03:34:00,CNR6291663164,Success,CID243056,Auto,Koramangala,Bannerghatta Road,84.0,55.0,Not Applicable,Not Applicable,No,Not Applicable,460,UPI,17,3.5,3.5
2024-07-27 15:51:00,CNR1542449490,Success,CID910327,Prime Plus,Langford Town,Sahakar Nagar,273.0,145.0,Not Applicable,Not Applicable,No,Not Applicable,969,Cash,15,3.7,3.0
2024-07-03 20:04:00,CNR9323350164,Canceled by Customer,CID687078,Prime Plus,KR Puram,Yeshwanthpur,,,Driver is not moving towards pickup location,Not Applicable,Not Applicable,Not Applicable,387,Not Applicable,0,,
2024-07-03 04:58:00,CNR8640437121,Canceled by Customer,CID935585,Prime Sedan,Sarjapur Road,Langford Town,,,Change of plans,Not Applicable,Not Applicable,Not Applicable,585,Not Applicable,0,,
2024-07-15 10:14:00,CNR3228691945,Success,CID681282,eBike,Hosur Road,Yelahanka,70.0,130.0,Not Applicable,Not Applicable,No,Not Applicable,477,Cash,17,4.2,3.4
2024-07-11 22:10:00,CNR1950493605,Success,CID428654,Prime Sedan,Hosur Road,Chickpet,203.0,105.0,Not Applicable,Not Applicable,No,Not Applicable,627,Cash,2,4.5,3.4
2024-07-09 11:35:00,CNR9295246249,Success,CID521916,Bike,Peenya,Rajarajeshwari Nagar,112.0,40.0,Not Applicable,Not Applicable,No,Not Applicable,809,Cash,40,4.5,4.5
2024-07-15 09:48:00,CNR6711193593,Success,CID974422,Prime Plus,Yelahanka,Rajarajeshwari Nagar,238.0,50.0,Not Applicable,Not Applicable,No,Not Applicable,284,Cash,2,4.5,3.5
2024-07-23 09:04:00,CNR4558864421,Success,CID148388,Prime SUV,Devanahalli,Nagarbhavi,105.0,70.0,Not Applicable,Not Applicable,No,Not Applicable,842,Cash,38,4.4,4.2
2024-07-21 14:23:00,CNR7370049101,Driver Not Found,CID277587,Prime Plus,Hosur Road,Majestic,,,Not Applicable,Not Applicable,Not Applicable,Not Applicable,781,Not Applicable,0,,
2024-07-02 08:33:00,CNR4211099329,Success,CID668972,Prime SUV,Cox Town,Richmond Town,84.0,120.0,Not Applicable,Not Applicable,No,Not Applicable,979,Cash,30,4.7,4.7
2024-07-04 14:33:00,CNR5578545764,Success,CID957176,Prime Plus,Hosur Road,HSR Layout,154.0,75.0,Not Applicable,Not Applicable,No,Not Applicable,297,Cash,23,3.1,4.3
2024-07-01 18:50:00,CNR8759269821,Success,CID263493,Mini,Rajarajeshwari Nagar,Bannerghatta Road,154.0,80.0,Not Applicable,Not Applicable,No,Not Applicable,376,Cash,33,3.1,4.0
2024-07-02 07:20:00,CNR8734016949,Success,CID783249,Prime Plus,Malleshwaram,KR Puram,119.0,95.0,Not Applicable,Not Applicable,No,Not Applicable,326,UPI,27,4.5,3.3
2024-07-22 01:36:00,CNR7428394712,Success,CID105036,Auto,Rajarajeshwari Nagar,Tumkur Road,210.0,125.0,Not Applicable,Not Applicable,No,Not Applicable,469,Cash,14,4.8,4.0
2024-07-05 15:16:00,CNR5166102185,Success,CID497270,Mini,Kadugodi,Basavanagudi,210.0,100.0,Not Applicable,Not Applicable,No,Not Applicable,464,Cash,27,3.4,3.1
2024-07-18 09:46:00,CNR8581629374,Canceled by Driver,CID518423,eBike,Rajarajeshwari Nagar,Ramamurthy Nagar,,,Not Applicable,Personal & Car related issue,Not Applicable,Not Applicable,658,Not Applicable,0,,
2024-07-17 15:17:00,CNR4103720351,Success,CID483548,Prime Plus,Richmond Town,Hulimavu,294.0,25.0,Not Applicable,Not Applicable,No,Not Applicable,187,UPI,16,4.1,3.2
2024-07-22 17:12:00,CNR1854741521,Success,CID623904,Prime Sedan,Hebbal,Kadugodi,182.0,100.0,Not Applicable,Not Applicable,No,Not Applicable,860,Cash,35,4.5,4.6
2024-07-25 09:55:00,CNR1570152785,Success,CID666519,Mini,Koramangala,Ulsoor,98.0,90.0,Not Applicable,Not Applicable,No,Not Applicable,756,UPI,8,4.6,4.8
2024-07-23 03:32:00,CNR9513746277,Canceled by Driver,CID113587,Bike,Richmond Town,Varthur,,,Not Applicable,More than permitted people in there,Not Applicable,Not Applicable,235,Not Applicable,0,,
2024-07-29 03:51:00,CNR4186927938,Canceled by Customer,CID726204,Prime Sedan,Yeshwanthpur,Peenya,,,Driver is not moving towards pickup location,Not Applicable,Not Applicable,Not Applicable,461,Not Applicable,0,,
2024-07-17 20:37:00,CNR1703895746,Success,CID747927,eBike,Varthur,Kadugodi,182.0,145.0,Not Applicable,Not Applicable,No,Not Applicable,2260,Cash,32,3.7,4.4
2024-07-23 07:56:00,CNR8126694860,Success,CID306457,Prime Plus,RT Nagar,RT Nagar,294.0,70.0,Not Applicable,Not Applicable,No,Not Applicable,456,Cash,43,4.0,4.6
2024-07-16 03:37:00,CNR3098607047,Canceled by Driver,CID932001,Bike,Vijayanagar,Malleshwaram,,,Not Applicable,Customer was coughing/sick,Not Applicable,Not Applicable,155,Not Applicable,0,,
2024-07-25 05:22:00,CNR7905227773,Success,CID420193,Auto,Electronic City,Electronic City,154.0,135.0,Not Applicable,Not Applicable,No,Not Applicable,792,Cash,4,3.1,4.9
2024-07-01 23:38:00,CNR6746229600,Success,CID874839,eBike,Sarjapur Road,RT Nagar,266.0,130.0,Not Applicable,Not Applicable,No,Not Applicable,1021,Cash,18,4.5,4.5
2024-07-20 01:19:00,CNR6426566758,Canceled by Driver,CID834060,Prime Plus,Basavanagudi,Basavanagudi,,,Not Applicable,Personal & Car related issue,Not Applicable,Not Applicable,904,Not Applicable,0,,
2024-07-17 09:28:00,CNR7296160890,Canceled by Customer,CID971715,Prime Plus,Nagarbhavi,Frazer Town,,,Wrong Address,Not Applicable,Not Applicable,Not Applicable,264,Not Applicable,0,,
2024-07-07 16:33:00,CNR7856820100,Success,CID121820,Bike,Whitefield,Padmanabhanagar,147.0,25.0,Not Applicable,Not Applicable,No,Not Applicable,2575,Credit Card,9,3.7,4.3
2024-07-17 11:38:00,CNR6678450105,Success,CID991633,Bike,Sarjapur Road,Devanahalli,238.0,90.0,Not Applicable,Not Applicable,No,Not Applicable,370,UPI,20,4.5,4.8
2024-07-20 20:09:00,CNR1976442872,Canceled by Driver,CID636358,Prime Sedan,Rajajinagar,Ulsoor,,,Not Applicable,Personal & Car related issue,Not Applicable,Not Applicable,448,Not Applicable,0,,
2024-07-26 21:29:00,CNR5421722058,Canceled by Driver,CID495384,Prime SUV,Devanahalli,BTM Layout,,,Not Applicable,Personal & Car related issue,Not Applicable,Not Applicable,443,Not Applicable,0,,
2024-07-24 10:21:00,CNR8403066715,Success,CID271076,Bike,Padmanabhanagar,Kammanahalli,252.0,65.0,Not Applicable,Not Applicable,No,Not Applicable,224,Cash,43,5.0,4.8
2024-07-04 11:10:00,CNR5955585216,Canceled by Driver,CID529167,Auto,Sarjapur Road,MG Road,,,Not Applicable,Customer was coughing/sick,Not Applicable,Not Applicable,376,Not Applicable,0,,
2024-07-02 05:11:00,CNR6124315803,Success,CID107171,Prime Sedan,Hosur Road,Malleshwaram,252.0,85.0,Not Applicable,Not Applicable,Yes,Vehicle Breakdown,112,Cash,32,3.8,3.4
2024-07-29 19:36:00,CNR5263128136,Driver Not Found,CID811268,Prime SUV,Devanahalli,Ramamurthy Nagar,,,Not Applicable,Not Applicable,Not Applicable,Not Applicable,895,Not Applicable,0,,
2024-07-06 21:13:00,CNR9962293258,Success,CID707761,Bike,HSR Layout,Hebbal,56.0,65.0,Not Applicable,Not Applicable,No,Not Applicable,340,Cash,9,4.0,3.8
2024-07-11 03:54:00,CNR4619300347,Success,CID430141,eBike,Ulsoor,Vijayanagar,224.0,25.0,Not Applicable,Not Applicable,No,Not Applicable,317,UPI,40,3.1,4.0
2024-07-22 21:55:00,CNR3926354992,Success,CID471330,Auto,Peenya,Kengeri,301.0,45.0,Not Applicable,Not Applicable,No,Not Applicable,373,UPI,7,3.0,3.4
2024-07-20 02:18:00,CNR8619887610,Canceled by Driver,CID239965,Prime Plus,Padmanabhanagar,RT Nagar,,,Not Applicable,Customer was coughing/sick,Not Applicable,Not Applicable,673,Not Applicable,0,,
2024-07-27 05:46:00,CNR6033073559,Success,CID373991,Mini,Kadugodi,Basavanagudi,35.0,90.0,Not Applicable,Not Applicable,No,Not Applicable,2177,Cash,27,4.0,3.6
2024-07-01 16:25:00,CNR6124745138,Driver Not Found,CID286745,Prime Plus,Sahakar Nagar,Langford Town,,,Not Applicable,Not Applicable,Not Applicable,Not Applicable,273,Not Applicable,0,,
2024-07-13 23:34:00,CNR1297725082,Success,CID694817,Mini,Yeshwanthpur,Kammanahalli,42.0,30.0,Not Applicable,Not Applicable,Yes,Customer Demand,331,Credit Card,6,3.8,4.4
2024-07-18 21:48:00,CNR6550487021,Success,CID847679,Auto,Sahakar Nagar,Whitefield,63.0,145.0,Not Applicable,Not Applicable,No,Not Applicable,270,Cash,16,3.1,4.1
2024-07-27 15:48:00,CNR4234920086,Canceled by Driver,CID106820,Mini,Yelahanka,Hosur Road,,,Not Applicable,Customer was coughing/sick,Not Applicable,Not Applicable,208,Not Applicable,0,,
2024-07-20 11:56:00,CNR2308471811,Driver Not Found,CID843487,Prime Plus,Yelahanka,Kadugodi,,,Not Applicable,Not Applicable,Not Applicable,Not Applicable,164,Not Applicable,0,,
2024-07-22 13:14:00,CNR5293175461,Success,CID992623,Mini,RT Nagar,Sahakar Nagar,77.0,45.0,Not Applicable,Not Applicable,No,Not Applicable,265,Cash,16,3.3,4.7
2024-07-27 11:18:00,CNR2259191912,Success,CID233787,Prime Plus,Langford Town,Hennur,105.0,25.0,Not Applicable,Not Applicable,No,Not Applicable,453,UPI,38,4.6,3.5
2024-07-06 17:26:00,CNR2708781627,Success,CID436986,Bike,Tumkur Road,Langford Town,112.0,120.0,Not Applicable,Not Applicable,No,Not Applicable,1515,Cash,25,3.5,3.8
2024-07-08 05:03:00,CNR1412562564,Success,CID914379,Prime Sedan,Marathahalli,Mysore Road,126.0,65.0,Not Applicable,Not Applicable,No,Not Applicable,264,Cash,10,3.0,3.3
2024-07-04 04:01:00,CNR6399943702,Canceled by Driver,CID106216,Prime Sedan,Bellandur,RT Nagar,,,Not Applicable,More than permitted people in there,Not Applicable,Not Applicable,886,Not Applicable,0,,
2024-07-08 11:40:00,CNR7186012336,Success,CID734160,Prime Plus,Cox Town,KR Puram,56.0,145.0,Not Applicable,Not Applicable,No,Not Applicable,982,UPI,15,3.3,3.8
2024-07-08 02:06:00,CNR8710440178,Canceled by Driver,CID398986,Mini,MG Road,Peenya,,,Not Applicable,Personal & Car related issue,Not Applicable,Not Applicable,163,Not Applicable,0,,
2024-07-19 18:33:00,CNR1481912411,Canceled by Driver,CID164989,Auto,Bannerghatta Road,Rajarajeshwari Nagar,,,Not Applicable,Customer related issue,Not Applicable,Not Applicable,147,Not Applicable,0,,
2024-07-01 02:44:00,CNR1353327887,Success,CID642371,Auto,Bellandur,Majestic,231.0,80.0,Not Applicable,Not Applicable,Yes,Customer Demand,385,Cash,6,3.4,3.4
2024-07-23 16:18:00,CNR3265910844,Success,CID521764,Prime Plus,Rajarajeshwari Nagar,Chickpet,49.0,45.0,Not Applicable,Not Applicable,Yes,Vehicle Breakdown,107,Cash,39,4.4,4.2
2024-07-27 19:25:00,CNR1510308936,Success,CID486550,Prime SUV,Jayanagar,JP Nagar,266.0,65.0,Not Applicable,Not Applicable,No,Not Applicable,1260,Cash,38,4.4,3.5
2024-07-27 15:02:00,CNR7328577186,Success,CID827875,Prime Plus,Shivajinagar,Cox Town,154.0,90.0,Not Applicable,Not Applicable,No,Not Applicable,362,Cash,31,3.3,3.6
2024-07-21 23:57:00,CNR2473262251,Success,CID707072,Auto,Majestic,Hulimavu,161.0,75.0,Not Applicable,Not Applicable,No,Not Applicable,464,Cash,13,3.1,3.9
2024-07-08 12:54:00,CNR5156501143,Success,CID489468,Auto,BTM Layout,JP Nagar,238.0,115.0,Not Applicable,Not Applicable,No,Not Applicable,326,Cash,10,3.2,4.5
2024-07-27 02:16:00,CNR4330023164,Success,CID539172,Prime Sedan,Kengeri,Jayanagar,112.0,110.0,Not Applicable,Not Applicable,Yes,Vehicle Breakdown,697,Cash,17,5.0,3.3
2024-07-16 03:46:00,CNR9900555170,Driver Not Found,CID140717,Bike,Kengeri,Chickpet,,,Not Applicable,Not Applicable,Not Applicable,Not Applicable,558,Not Applicable,0,,
2024-07-05 11:14:00,CNR5057205606,Canceled by Customer,CID872517,eBike,BTM Layout,Shivajinagar,,,Driver is not moving towards pickup location,Not Applicable,Not Applicable,Not Applicable,722,Not Applicable,0,,
2024-07-26 00:13:00,CNR7210190967,Canceled by Driver,CID711604,Prime SUV,Varthur,Indiranagar,,,Not Applicable,Customer related issue,Not Applicable,Not Applicable,471,Not Applicable,0,,
2024-07-05 04:41:00,CNR1972457043,Success,CID392936,Prime SUV,Indiranagar,Yelahanka,140.0,30.0,Not Applicable,Not Applicable,No,Not Applicable,249,Cash,5,4.4,3.4
2024-07-19 10:16:00,CNR6861623695,Canceled by Driver,CID545352,Prime Sedan,Shantinagar,Basavanagudi,,,Not Applicable,Customer related issue,Not Applicable,Not Applicable,352,Not Applicable,0,,
2024-07-01 09:21:00,CNR6663300308,Success,CID765311,Mini,Hennur,HSR Layout,140.0,120.0,Not Applicable,Not Applicable,No,Not Applicable,738,UPI,25,4.5,3.7
2024-07-08 00:39:00,CNR1053483794,Success,CID192825,Prime Plus,Yelahanka,Jayanagar,238.0,135.0,Not Applicable,Not Applicable,No,Not Applicable,407,UPI,35,4.8,3.7
2024-07-06 11:59:00,CNR6808297307,Success,CID929515,Auto,Banashankari,Mysore Road,70.0,85.0,Not Applicable,Not Applicable,No,Not Applicable,243,Cash,2,3.2,4.3
2024-07-02 00:31:00,CNR2838591674,Success,CID893727,Prime SUV,Bellandur,Mysore Road,294.0,145.0,Not Applicable,Not Applicable,No,Not Applicable,922,Cash,28,4.5,5.0
2024-07-03 03:59:00,CNR8552610869,Success,CID775437,Prime Sedan,Langford Town,Yeshwanthpur,161.0,30.0,Not Applicable,Not Applicable,No,Not Applicable,939,UPI,40,3.6,3.5
2024-07-22 18:14:00,CNR6494176504,Driver Not Found,CID102905,Prime Sedan,Chickpet,Magadi Road,,,Not Applicable,Not Applicable,Not Applicable,Not Applicable,396,Not Applicable,0,,
2024-07-19 19:38:00,CNR2303578816,Success,CID660190,Prime Plus,Shantinagar,Richmond Town,98.0,80.0,Not Applicable,Not Applicable,No,Not Applicable,164,UPI,42,4.5,4.3
2024-07-29 12:25:00,CNR1992308067,Success,CID952940,Prime Sedan,Koramangala,MG Road,140.0,80.0,Not Applicable,Not Applicable,No,Not Applicable,202,UPI,46,4.6,3.3
2024-07-10 07:53:00,CNR3278425650,Success,CID915924,Auto,Devanahalli,Tumkur Road,203.0,40.0,Not Applicable,Not Applicable,No,Not Applicable,468,UPI,15,4.9,4.0
2024-07-05 17:31:00,CNR3244359764,Success,CID756523,Prime Sedan,Rajarajeshwari Nagar,Devanahalli,294.0,75.0,Not Applicable,Not Applicable,No,Not Applicable,125,UPI,10,3.6,3.7
2024-07-28 20:59:00,CNR6774816203,Success,CID794265,Auto,Basavanagudi,Frazer Town,35.0,145.0,Not Applicable,Not Applicable,No,Not Applicable,260,UPI,9,4.2,4.4
2024-07-24 11:04:00,CNR4572808899,Canceled by Driver,CID160480,Prime SUV,Shivajinagar,Richmond Town,,,Not Applicable,Personal & Car related issue,Not Applicable,Not Applicable,182,Not Applicable,0,,
2024-07-25 10:25:00,CNR7331502904,Canceled by Driver,CID670732,Auto,Kadugodi,Kengeri,,,Not Applicable,Customer was coughing/sick,Not Applicable,Not Applicable,443,Not Applicable,0,,
2024-07-08 01:27:00,CNR7977053081,Success,CID860948,Prime SUV,Frazer Town,Ulsoor,49.0,75.0,Not Applicable,Not Applicable,No,Not Applicable,867,UPI,5,3.2,3.0
2024-07-15 10:11:00,CNR8788942816,Canceled by Customer,CID800612,Prime Sedan,Ramamurthy Nagar,RT Nagar,,,Driver is not moving towards pickup location,Not Applicable,Not Applicable,Not Applicable,482,Not Applicable,0,,
2024-07-01 19:12:00,CNR7295053060,Canceled by Driver,CID151052,eBike,Magadi Road,Koramangala,,,Not Applicable,More than permitted people in there,Not Applicable,Not Applicable,376,Not Applicable,0,,
2024-07-25 11:53:00,CNR3674996072,Canceled by Customer,CID242437,eBike,JP Nagar,Whitefield,,,AC is Not working,Not Applicable,Not Applicable,Not Applicable,756,Not Applicable,0,,
2024-07-14 12:13:00,CNR3790408062,Success,CID341368,Prime Plus,Kammanahalli,HSR Layout,273.0,75.0,Not Applicable,Not Applicable,No,Not Applicable,337,Cash,23,4.0,4.5
2024-07-14 07:42:00,CNR6163921202,Success,CID961675,Prime Plus,Devanahalli,Kengeri,217.0,145.0,Not Applicable,Not Applicable,No,Not Applicable,125,UPI,34,4.0,3.2
2024-07-17 13:52:00,CNR3985427159,Canceled by Driver,CID646610,Prime Plus,Whitefield,Chickpet,,,Not Applicable,Personal & Car related issue,Not Applicable,Not Applicable,670,Not Applicable,0,,
2024-07-22 00:08:00,CNR8786293544,Success,CID128351,Prime Plus,Bannerghatta Road,Peenya,161.0,115.0,Not Applicable,Not Applicable,No,Not Applicable,414,Cash,8,4.7,3.4
2024-07-01 01:28:00,CNR3861102797,Success,CID732068,Prime SUV,Langford Town,Richmond Town,182.0,100.0,Not Applicable,Not Applicable,No,Not Applicable,360,Cash,20,3.2,3.5
2024-07-25 17:22:00,CNR4141405764,Success,CID696124,eBike,Varthur,Rajajinagar,154.0,130.0,Not Applicable,Not Applicable,No,Not Applicable,137,UPI,3,4.8,4.1
2024-07-03 03:29:00,CNR3266220498,Success,CID528583,Mini,Shantinagar,Cox Town,161.0,130.0,Not Applicable,Not Applicable,No,Not Applicable,2394,Cash,48,4.6,3.1
2024-07-12 09:32:00,CNR9471989222,Success,CID724300,Bike,Yelahanka,Sarjapur Road,294.0,115.0,Not Applicable,Not Applicable,No,Not Applicable,362,Cash,2,4.7,4.9
2024-07-12 23:01:00,CNR5405645053,Canceled by Driver,CID287947,Prime SUV,Ulsoor,Whitefield,,,Not Applicable,Customer related issue,Not Applicable,Not Applicable,128,Not Applicable,0,,
2024-07-21 14:18:00,CNR6162283584,Success,CID493703,Prime Plus,Rajarajeshwari Nagar,Sahakar Nagar,91.0,75.0,Not Applicable,Not Applicable,No,Not Applicable,159,Cash,46,4.6,3.5
2024-07-29 13:04:00,CNR4815322136,Driver Not Found,CID600032,Prime Sedan,Sarjapur Road,Chickpet,,,Not Applicable,Not Applicable,Not Applicable,Not Applicable,229,Not Applicable,0,,
2024-07-18 14:43:00,CNR1616540742,Success,CID160676,eBike,Shivajinagar,Devanahalli,168.0,65.0,Not Applicable,Not Applicable,No,Not Applicable,224,Cash,14,4.9,3.1
2024-07-06 12:34:00,CNR3044223415,Canceled by Driver,CID569056,Auto,Yeshwanthpur,Hulimavu,,,Not Applicable,Customer related issue,Not Applicable,Not Applicable,139,Not Applicable,0,,
2024-07-02 22:38:00,CNR8973854687,Success,CID773500,Prime Sedan,Devanahalli,Indiranagar,98.0,145.0,Not Applicable,Not Applicable,No,Not Applicable,269,Cash,40,3.8,3.2
2024-07-16 02:11:00,CNR2776889688,Success,CID617190,Prime Sedan,Marathahalli,Nagarbhavi,77.0,70.0,Not Applicable,Not Applicable,No,Not Applicable,843,UPI,24,4.1,4.5
2024-07-21 12:25:00,CNR1714407410,Driver Not Found,CID547321,Prime Plus,Frazer Town,Hebbal,,,Not Applicable,Not Applicable,Not Applicable,Not Applicable,1141,Not Applicable,0,,
2024-07-24 04:28:00,CNR8762495599,Success,CID508390,eBike,Vijayanagar,Vijayanagar,301.0,115.0,Not Applicable,Not Applicable,No,Not Applicable,369,UPI,10,3.9,4.7
2024-07-27 02:05:00,CNR2978105429,Success,CID875742,Auto,Frazer Town,Rajarajeshwari Nagar,119.0,45.0,Not Applicable,Not Applicable,No,Not Applicable,448,Cash,3,4.0,4.1
2024-07-06 22:05:00,CNR8438572125,Success,CID248696,eBike,Chamarajpet,Shivajinagar,280.0,45.0,Not Applicable,Not Applicable,No,Not Applicable,157,UPI,32,4.8,4.7
2024-07-29 05:28:00,CNR1740338119,Canceled by Customer,CID231887,Prime Sedan,Electronic City,Sarjapur Road,,,Driver is not moving towards pickup location,Not Applicable,Not Applicable,Not Applicable,347,Not Applicable,0,,
2024-07-07 08:38:00,CNR5859943005,Success,CID876019,Prime Plus,Langford Town,MG Road,259.0,75.0,Not Applicable,Not Applicable,No,Not Applicable,666,UPI,18,4.6,3.2
2024-07-29 17:02:00,CNR7602760451,Canceled by Customer,CID259824,eBike,BTM Layout,Nagarbhavi,,,Driver is not moving towards pickup location,Not Applicable,Not Applicable,Not Applicable,2387,Not Applicable,0,,
2024-07-25 09:21:00,CNR2747611396,Success,CID135897,Mini,Malleshwaram,Banashankari,84.0,110.0,Not Applicable,Not Applicable,No,Not Applicable,250,Cash,12,4.5,4.2
2024-07-29 16:51:00,CNR2047439244,Success,CID578431,Auto,JP Nagar,Vijayanagar,147.0,50.0,Not Applicable,Not Applicable,Yes,Vehicle Breakdown,497,Cash,2,3.5,4.1
2024-07-20 16:20:00,CNR5764846405,Success,CID983055,Auto,Devanahalli,Tumkur Road,112.0,140.0,Not Applicable,Not Applicable,No,Not Applicable,924,UPI,17,3.0,4.6
2024-07-05 22:55:00,CNR2959768551,Success,CID892803,Prime Sedan,Magadi Road,Rajarajeshwari Nagar,91.0,45.0,Not Applicable,Not Applicable,No,Not Applicable,647,Cash,29,4.7,4.3
2024-07-03 09:57:00,CNR9848586927,Success,CID774992,eBike,Jayanagar,Ulsoor,147.0,95.0,Not Applicable,Not Applicable,No,Not Applicable,393,Cash,47,4.1,3.3
2024-07-27 16:16:00,CNR7017825928,Success,CID978160,Bike,RT Nagar,Mysore Road,112.0,65.0,Not Applicable,Not Applicable,No,Not Applicable,410,UPI,42,4.7,4.1
2024-07-13 03:13:00,CNR8478158235,Success,CID791173,Mini,Chamarajpet,Whitefield,203.0,45.0,Not Applicable,Not Applicable,No,Not Applicable,415,UPI,8,4.8,4.1
2024-07-23 16:08:00,CNR4972800435,Success,CID529744,eBike,Devanahalli,Tumkur Road,280.0,95.0,Not Applicable,Not Applicable,No,Not Applicable,122,Cash,37,5.0,3.9
2024-07-19 17:45:00,CNR5397026126,Driver Not Found,CID832174,Auto,Mysore Road,Kammanahalli,,,Not Applicable,Not Applicable,Not Applicable,Not Applicable,490,Not Applicable,0,,
2024-07-07 08:41:00,CNR5989492643,Success,CID854678,Mini,Magadi Road,BTM Layout,154.0,100.0,Not Applicable,Not Applicable,No,Not Applicable,412,UPI,26,4.5,4.9
2024-07-14 22:16:00,CNR5134700999,Success,CID677930,Prime Plus,Ramamurthy Nagar,Banashankari,77.0,55.0,Not Applicable,Not Applicable,No,Not Applicable,860,UPI,11,4.9,3.7
2024-07-21 12:32:00,CNR5617770897,Success,CID800698,Prime Sedan,Magadi Road,RT Nagar,154.0,65.0,Not Applicable,Not Applicable,No,Not Applicable,320,UPI,5,4.6,3.5
2024-07-27 00:02:00,CNR2411756535,Success,CID233759,Prime Plus,Varthur,Kammanahalli,42.0,130.0,Not Applicable,Not Applicable,No,Not Applicable,704,UPI,31,3.4,5.0
2024-07-09 04:20:00,CNR2396076865,Success,CID579470,Auto,Richmond Town,Magadi Road,140.0,145.0,Not Applicable,Not Applicable,No,Not Applicable,416,UPI,13,4.2,3.7
2024-07-23 19:14:00,CNR5818281569,Driver Not Found,CID113960,Bike,Sarjapur Road,Rajajinagar,,,Not Applicable,Not Applicable,Not Applicable,Not Applicable,374,Not Applicable,0,,
2024-07-21 00:54:00,CNR1475511458,Success,CID298585,eBike,Kadugodi,Varthur,168.0,85.0,Not Applicable,Not Applicable,No,Not Applicable,269,UPI,36,3.1,3.9
2024-07-12 17:58:00,CNR1385012974,Driver Not Found,CID199181,Prime Sedan,Yelahanka,Rajarajeshwari Nagar,,,Not Applicable,Not Applicable,Not Applicable,Not Applicable,513,Not Applicable,0,,
2024-07-30 04:08:00,CNR3269735668,Success,CID576677,Prime Plus,Whitefield,Yelahanka,168.0,105.0,Not Applicable,Not Applicable,No,Not Applicable,808,UPI,12,4.3,4.1
2024-07-02 16:05:00,CNR8026356133,Canceled by Customer,CID193335,Bike,Cox Town,Yelahanka,,,Driver is not moving towards pickup location,Not Applicable,Not Applicable,Not Applicable,1500,Not Applicable,0,,
2024-07-10 03:53:00,CNR9768435296,Success,CID772429,Prime Sedan,Devanahalli,Sahakar Nagar,98.0,145.0,Not Applicable,Not Applicable,No,Not Applicable,124,UPI,14,4.9,4.6
2024-07-30 00:05:00,CNR4071211164,Driver Not Found,CID652304,Prime Plus,Tumkur Road,Frazer Town,,,Not Applicable,Not Applicable,Not Applicable,Not Applicable,273,Not Applicable,0,,
2024-07-03 01:40:00,CNR1888189595,Success,CID400459,Prime Sedan,Electronic City,KR Puram,189.0,55.0,Not Applicable,Not Applicable,No,Not Applicable,1739,Cash,17,3.5,3.7
2024-07-06 21:06:00,CNR3970000726,Canceled by Customer,CID935359,Auto,Sarjapur Road,Peenya,,,Change of plans,Not Applicable,Not Applicable,Not Applicable,1737,Not Applicable,0,,
2024-07-10 21:43:00,CNR8424696076,Success,CID663743,Auto,Whitefield,Mysore Road,112.0,35.0,Not Applicable,Not Applicable,No,Not Applicable,534,Cash,14,4.0,4.2
2024-07-13 15:41:00,CNR8714559047,Success,CID451356,Auto,Frazer Town,Sarjapur Road,161.0,80.0,Not Applicable,Not Applicable,No,Not Applicable,436,Cash,8,3.1,4.4
2024-07-03 02:41:00,CNR8026135543,Success,CID813561,Bike,Hulimavu,Banashankari,70.0,125.0,Not Applicable,Not Applicable,No,Not Applicable,397,Cash,26,3.9,4.7
2024-07-24 10:02:00,CNR5684747859,Success,CID165293,eBike,Chickpet,KR Puram,182.0,135.0,Not Applicable,Not Applicable,Yes,Customer Demand,496,UPI,29,4.3,4.7
2024-07-29 23:06:00,CNR9063326546,Canceled by Customer,CID265928,Prime Plus,Hebbal,Kadugodi,,,Change of plans,Not Applicable,Not Applicable,Not Applicable,585,Not Applicable,0,,
2024-07-07 02:52:00,CNR7373558386,Canceled by Customer,CID322801,Auto,Peenya,Hennur,,,AC is Not working,Not Applicable,Not Applicable,Not Applicable,568,Not Applicable,0,,
2024-07-05 11:51:00,CNR9778859517,Canceled by Customer,CID497407,Prime SUV,Frazer Town,Majestic,,,Driver asked to cancel,Not Applicable,Not Applicable,Not Applicable,237,Not Applicable,0,,
2024-07-03 19:44:00,CNR7910903528,Canceled by Driver,CID755140,Prime Sedan,Sahakar Nagar,Sahakar Nagar,,,Not Applicable,Personal & Car related issue,Not Applicable,Not Applicable,2777,Not Applicable,0,,
2024-07-19 12:46:00,CNR1408074400,Success,CID832945,Prime Plus,Marathahalli,Shivajinagar,280.0,110.0,Not Applicable,Not Applicable,No,Not Applicable,170,Cash,5,3.4,3.8
2024-07-27 18:07:00,CNR3768935613,Canceled by Driver,CID638993,Prime Plus,Chamarajpet,Kadugodi,,,Not Applicable,More than permitted people in there,Not Applicable,Not Applicable,406,Not Applicable,0,,
2024-07-24 07:09:00,CNR2937955239,Driver Not Found,CID504341,eBike,RT Nagar,HSR Layout,,,Not Applicable,Not Applicable,Not Applicable,Not Applicable,153,Not Applicable,0,,
2024-07-25 21:36:00,CNR3203556851,Canceled by Driver,CID101179,Auto,Langford Town,Richmond Town,,,Not Applicable,More than permitted people in there,Not Applicable,Not Applicable,102,Not Applicable,0,,
2024-07-22 16:41:00,CNR2370492486,Success,CID435129,eBike,Nagarbhavi,Richmond Town,217.0,25.0,Not Applicable,Not Applicable,No,Not Applicable,457,Cash,30,3.5,4.0
2024-07-17 15:42:00,CNR3746293730,Success,CID565059,Bike,Langford Town,Malleshwaram,259.0,130.0,Not Applicable,Not Applicable,No,Not Applicable,541,UPI,11,4.9,3.8
2024-07-09 15:16:00,CNR7299155405,Canceled by Driver,CID619568,Prime SUV,Koramangala,Hosur Road,,,Not Applicable,Personal & Car related issue,Not Applicable,Not Applicable,238,Not Applicable,0,,
2024-07-17 19:50:00,CNR9676819800,Success,CID181021,Prime SUV,Chickpet,Kengeri,154.0,60.0,Not Applicable,Not Applicable,No,Not Applicable,274,UPI,16,3.3,3.1
2024-07-30 17:19:00,CNR4255595454,Success,CID177522,Mini,Marathahalli,Sarjapur Road,175.0,135.0,Not Applicable,Not Applicable,Yes,Customer Demand,649,Cash,21,4.6,4.2
2024-07-20 03:06:00,CNR3324429372,Success,CID797837,Prime Sedan,Tumkur Road,Shantinagar,189.0,105.0,Not Applicable,Not Applicable,No,Not Applicable,259,Cash,48,4.5,3.1
2024-07-20 20:37:00,CNR7026431291,Driver Not Found,CID861138,Prime Plus,Bellandur,Kammanahalli,,,Not Applicable,Not Applicable,Not Applicable,Not Applicable,261,Not Applicable,0,,
2024-07-15 10:49:00,CNR2591394053,Success,CID139935,Prime SUV,Hulimavu,Yeshwanthpur,126.0,135.0,Not Applicable,Not Applicable,No,Not Applicable,353,Cash,13,3.0,4.3
2024-07-27 13:42:00,CNR1313128666,Success,CID972111,eBike,Richmond Town,Varthur,126.0,140.0,Not Applicable,Not Applicable,No,Not Applicable,400,Cash,38,4.0,3.3
2024-07-07 21:33:00,CNR6703660015,Success,CID507041,Prime Sedan,Bannerghatta Road,Rajajinagar,161.0,30.0,Not Applicable,Not Applicable,No,Not Applicable,821,UPI,15,3.9,3.6
2024-07-25 02:44:00,CNR8627796416,Canceled by Driver,CID498157,Prime Plus,Sarjapur Road,Bannerghatta Road,,,Not Applicable,More than permitted people in there,Not Applicable,Not Applicable,397,Not Applicable,0,,
2024-07-27 18:25:00,CNR5454928912,Driver Not Found,CID364673,Auto,Ulsoor,Indiranagar,,,Not Applicable,Not Applicable,Not Applicable,Not Applicable,722,Not Applicable,0,,
2024-07-29 00:31:00,CNR1479035080,Driver Not Found,CID865508,Prime Plus,Cox Town,Marathahalli,,,Not Applicable,Not Applicable,Not Applicable,Not Applicable,260,Not Applicable,0,,
2024-07-26 17:54:00,CNR4008689887,Success,CID944690,Mini,Electronic City,Shivajinagar,35.0,75.0,Not Applicable,Not Applicable,No,Not Applicable,845,Cash,23,3.0,5.0
2024-07-16 10:33:00,CNR7951832287,Success,CID957769,eBike,RT Nagar,Hosur Road,91.0,120.0,Not Applicable,Not Applicable,No,Not Applicable,217,UPI,31,4.8,4.5
2024-07-04 14:40:00,CNR5873107824,Success,CID172759,eBike,Rajarajeshwari Nagar,Shivajinagar,294.0,145.0,Not Applicable,Not Applicable,No,Not Applicable,116,Cash,11,3.4,4.7
2024-07-25 01:17:00,CNR4404383225,Success,CID862156,Prime SUV,Sarjapur Road,Magadi Road,91.0,55.0,Not Applicable,Not Applicable,No,Not Applicable,170,Cash,32,4.1,4.6
2024-07-19 22:48:00,CNR8849178851,Success,CID808278,eBike,Ramamurthy Nagar,Magadi Road,49.0,40.0,Not Applicable,Not Applicable,No,Not Applicable,327,Cash,43,3.0,4.0
2024-07-18 05:12:00,CNR9998020034,Canceled by Customer,CID219285,Bike,Kengeri,Sahakar Nagar,,,Change of plans,Not Applicable,Not Applicable,Not Applicable,235,Not Applicable,0,,
2024-07-05 04:54:00,CNR2771689943,Success,CID255018,Prime Sedan,HSR Layout,Jayanagar,175.0,130.0,Not Applicable,Not Applicable,No,Not Applicable,129,Cash,33,3.8,3.1
2024-07-23 14:53:00,CNR2443744592,Success,CID918730,Auto,Kadugodi,Shantinagar,231.0,90.0,Not Applicable,Not Applicable,No,Not Applicable,122,Credit Card,9,4.3,3.7
2024-07-14 13:36:00,CNR8740246835,Driver Not Found,CID858625,Bike,Indiranagar,Koramangala,,,Not Applicable,Not Applicable,Not Applicable,Not Applicable,2663,Not Applicable,0,,
2024-07-17 21:28:00,CNR1857592142,Canceled by Customer,CID695074,Prime SUV,Bellandur,Sahakar Nagar,,,Change of plans,Not Applicable,Not Applicable,Not Applicable,128,Not Applicable,0,,
2024-07-24 14:04:00,CNR4738882358,Driver Not Found,CID232355,Prime Sedan,Chickpet,Shantinagar,,,Not Applicable,Not Applicable,Not Applicable,Not Applicable,813,Not Applicable,0,,
2024-07-01 19:36:00,CNR6790984587,Success,CID546197,Prime Sedan,Mysore Road,Chickpet,63.0,135.0,Not Applicable,Not Applicable,No,Not Applicable,310,Cash,34,4.4,3.9
2024-07-15 22:27:00,CNR8488124740,Canceled by Customer,CID817312,Prime SUV,Kengeri,Chickpet,,,Driver asked to cancel,Not Applicable,Not Applicable,Not Applicable,303,Not Applicable,0,,
2024-07-20 18:00:00,CNR8510831361,Success,CID790781,Bike,Richmond Town,Electronic City,133.0,65.0,Not Applicable,Not Applicable,No,Not Applicable,128,UPI,8,3.4,3.0
2024-07-04 23:58:00,CNR4302082677,Success,CID235085,Bike,Chickpet,Bellandur,273.0,105.0,Not Applicable,Not Applicable,No,Not Applicable,644,Cash,9,3.3,4.6
2024-07-06 01:29:00,CNR6209193613,Success,CID216115,Prime Plus,Richmond Town,Indiranagar,203.0,45.0,Not Applicable,Not Applicable,No,Not Applicable,268,Cash,7,4.7,3.8
2024-07-24 17:32:00,CNR9109007437,Canceled by Driver,CID689154,Bike,Peenya,Nagarbhavi,,,Not Applicable,Customer was coughing/sick,Not Applicable,Not Applicable,460,Not Applicable,0,,
2024-07-04 09:19:00,CNR3418594066,Success,CID346188,Bike,Shivajinagar,Hulimavu,224.0,80.0,Not Applicable,Not Applicable,No,Not Applicable,238,Credit Card,29,4.3,3.2
2024-07-12 08:18:00,CNR4829823389,Success,CID658143,Auto,Magadi Road,Electronic City,105.0,130.0,Not Applicable,Not Applicable,No,Not Applicable,208,Cash,10,4.7,4.1
2024-07-29 14:47:00,CNR6542008527,Canceled by Driver,CID226251,eBike,KR Puram,Chickpet,,,Not Applicable,Personal & Car related issue,Not Applicable,Not Applicable,773,Not Applicable,0,,
2024-07-12 17:11:00,CNR4469303116,Driver Not Found,CID305761,Mini,Rajarajeshwari Nagar,Indiranagar,,,Not Applicable,Not Applicable,Not Applicable,Not Applicable,172,Not Applicable,0,,
2024-07-01 13:00:00,CNR9087819374,Canceled by Driver,CID634539,Prime SUV,RT Nagar,Banashankari,,,Not Applicable,Customer related issue,Not Applicable,Not Applicable,928,Not Applicable,0,,
2024-07-02 16:15:00,CNR2044769679,Success,CID769110,Prime SUV,Magadi Road,Shantinagar,42.0,40.0,Not Applicable,Not Applicable,No,Not Applicable,329,UPI,45,3.8,3.9
2024-07-23 18:26:00,CNR4451297016,Driver Not Found,CID284829,Prime Sedan,Marathahalli,Nagarbhavi,,,Not Applicable,Not Applicable,Not Applicable,Not Applicable,353,Not Applicable,0,,
2024-07-06 06:16:00,CNR6528830495,Canceled by Driver,CID524426,Bike,Marathahalli,Rajarajeshwari Nagar,,,Not Applicable,Personal & Car related issue,Not Applicable,Not Applicable,370,Not Applicable,0,,
2024-07-25 11:45:00,CNR4815062758,Success,CID434740,Prime Sedan,Kammanahalli,Kengeri,126.0,35.0,Not Applicable,Not Applicable,No,Not Applicable,663,UPI,1,4.5,3.1
2024-07-30 11:30:00,CNR1123755962,Driver Not Found,CID747577,Prime SUV,Jayanagar,Varthur,,,Not Applicable,Not Applicable,Not Applicable,Not Applicable,371,Not Applicable,0,,
2024-07-20 02:34:00,CNR1139691375,Driver Not Found,CID536938,Prime SUV,Jayanagar,Cox Town,,,Not Applicable,Not Applicable,Not Applicable,Not Applicable,493,Not Applicable,0,,
2024-07-25 06:53:00,CNR4670605497,Success,CID979827,Bike,HSR Layout,Devanahalli,126.0,40.0,Not Applicable,Not Applicable,No,Not Applicable,196,Cash,9,3.2,3.7
2024-07-05 19:30:00,CNR7359539790,Canceled by Customer,CID991461,eBike,Electronic City,Sahakar Nagar,,,Driver asked to cancel,Not Applicable,Not Applicable,Not Applicable,220,Not Applicable,0,,
2024-07-03 17:37:00,CNR5945470649,Success,CID440721,Bike,Chamarajpet,Jayanagar,84.0,65.0,Not Applicable,Not Applicable,No,Not Applicable,250,Cash,14,3.1,3.8
2024-07-25 19:48:00,CNR3256838906,Canceled by Driver,CID755008,Mini,Basavanagudi,Jayanagar,,,Not Applicable,Personal & Car related issue,Not Applicable,Not Applicable,452,Not Applicable,0,,
2024-07-28 10:39:00,CNR1424664985,Canceled by Customer,CID574932,Prime SUV,Ramamurthy Nagar,Majestic,,,Driver asked to cancel,Not Applicable,Not Applicable,Not Applicable,347,Not Applicable,0,,
2024-07-27 17:31:00,CNR9445907971,Success,CID233209,Auto,Bannerghatta Road,Sarjapur Road,273.0,80.0,Not Applicable,Not Applicable,Yes,Vehicle Breakdown,419,Cash,12,3.1,4.5
2024-07-19 10:29:00,CNR5008041172,Canceled by Driver,CID279254,Bike,Hennur,MG Road,,,Not Applicable,More than permitted people in there,Not Applicable,Not Applicable,244,Not Applicable,0,,
2024-07-23 04:08:00,CNR7623935058,Success,CID610623,eBike,Kengeri,Kengeri,42.0,140.0,Not Applicable,Not Applicable,No,Not Applicable,141,Cash,13,4.8,4.7
2024-07-16 09:49:00,CNR6035898245,Driver Not Found,CID836419,Bike,Koramangala,Chamarajpet,,,Not Applicable,Not Applicable,Not Applicable,Not Applicable,427,Not Applicable,0,,
2024-07-16 11:12:00,CNR8570038628,Canceled by Driver,CID604295,Mini,Vijayanagar,Bannerghatta Road,,,Not Applicable,Customer was coughing/sick,Not Applicable,Not Applicable,419,Not Applicable,0,,
2024-07-27 14:01:00,CNR4081830467,Success,CID291523,Auto,MG Road,Bellandur,63.0,110.0,Not Applicable,Not Applicable,No,Not Applicable,1828,Cash,4,4.7,4.9
2024-07-08 21:36:00,CNR5556826798,Canceled by Driver,CID140056,Prime Sedan,Ulsoor,Indiranagar,,,Not Applicable,More than permitted people in there,Not Applicable,Not Applicable,156,Not Applicable,0,,
2024-07-09 11:23:00,CNR5020663115,Success,CID265445,Auto,Indiranagar,Marathahalli,98.0,45.0,Not Applicable,Not Applicable,No,Not Applicable,102,UPI,5,3.6,3.8
2024-07-09 07:32:00,CNR5533241213,Canceled by Customer,CID674289,Prime Sedan,Bellandur,Chickpet,,,AC is Not working,Not Applicable,Not Applicable,Not Applicable,922,Not Applicable,0,,
2024-07-20 07:17:00,CNR1509496338,Success,CID320795,eBike,Devanahalli,Yelahanka,210.0,30.0,Not Applicable,Not Applicable,No,Not Applicable,929,Cash,18,4.4,4.7
2024-07-09 16:08:00,CNR1270220940,Success,CID796138,Bike,Basavanagudi,Bellandur,203.0,100.0,Not Applicable,Not Applicable,No,Not Applicable,743,Cash,27,4.4,3.7
2024-07-29 18:03:00,CNR5496382144,Success,CID318008,Auto,Magadi Road,Nagarbhavi,252.0,120.0,Not Applicable,Not Applicable,No,Not Applicable,740,Cash,6,3.9,4.4
2024-07-14 11:33:00,CNR8604894279,Success,CID904303,Prime Sedan,Cox Town,Varthur,203.0,120.0,Not Applicable,Not Applicable,No,Not Applicable,162,Cash,40,4.8,4.6
2024-07-08 09:19:00,CNR9237874657,Canceled by Customer,CID826517,Prime Plus,KR Puram,Langford Town,,,Driver asked to cancel,Not Applicable,Not Applicable,Not Applicable,235,Not Applicable,0,,
2024-07-15 03:08:00,CNR4941018845,Success,CID974156,Prime Sedan,Padmanabhanagar,Hebbal,56.0,65.0,Not Applicable,Not Applicable,No,Not Applicable,465,Cash,44,3.7,3.3
2024-07-28 22:04:00,CNR7079807614,Canceled by Driver,CID450157,Mini,Marathahalli,Hulimavu,,,Not Applicable,Customer was coughing/sick,Not Applicable,Not Applicable,163,Not Applicable,0,,
2024-07-11 15:48:00,CNR1334683621,Success,CID179885,Mini,Varthur,Sarjapur Road,133.0,70.0,Not Applicable,Not Applicable,Yes,Customer Demand,400,Cash,21,4.8,5.0
2024-07-23 15:19:00,CNR7375040403,Success,CID258625,Auto,Basavanagudi,Whitefield,98.0,40.0,Not Applicable,Not Applicable,No,Not Applicable,200,Credit Card,14,5.0,4.9
2024-07-17 08:17:00,CNR1509387537,Driver Not Found,CID418107,Prime Plus,Devanahalli,Frazer Town,,,Not Applicable,Not Applicable,Not Applicable,Not Applicable,923,Not Applicable,0,,
2024-07-19 15:47:00,CNR7187105114,Success,CID866749,Prime SUV,Hulimavu,Hulimavu,161.0,110.0,Not Applicable,Not Applicable,No,Not Applicable,902,UPI,6,3.2,3.6
2024-07-16 00:45:00,CNR3411793264,Canceled by Driver,CID152260,Mini,Chickpet,HSR Layout,,,Not Applicable,Personal & Car related issue,Not Applicable,Not Applicable,922,Not Applicable,0,,
2024-07-23 09:34:00,CNR4733564161,Canceled by Driver,CID528521,Mini,Kengeri,Chickpet,,,Not Applicable,Customer related issue,Not Applicable,Not Applicable,428,Not Applicable,0,,
2024-07-15 03:16:00,CNR4865416933,Success,CID495188,Prime Sedan,Electronic City,Vijayanagar,252.0,105.0,Not Applicable,Not Applicable,No,Not Applicable,934,Cash,27,4.8,3.7
2024-07-11 20:51:00,CNR7474548520,Success,CID550198,eBike,Banashankari,JP Nagar,112.0,85.0,Not Applicable,Not Applicable,No,Not Applicable,467,Cash,30,3.8,4.3
2024-07-20 09:48:00,CNR8153895435,Success,CID803608,Auto,Shivajinagar,Langford Town,84.0,45.0,Not Applicable,Not Applicable,No,Not Applicable,797,UPI,8,4.2,3.9
2024-07-27 16:48:00,CNR6843838789,Driver Not Found,CID647097,Prime Plus,Chickpet,Chamarajpet,,,Not Applicable,Not Applicable,Not Applicable,Not Applicable,137,Not Applicable,0,,
2024-07-27 19:12:00,CNR3933653633,Canceled by Driver,CID684706,Prime Plus,Chickpet,Cox Town,,,Not Applicable,Customer related issue,Not Applicable,Not Applicable,779,Not Applicable,0,,
2024-07-16 04:37:00,CNR2050425562,Success,CID652590,Prime Plus,BTM Layout,Chamarajpet,77.0,135.0,Not Applicable,Not Applicable,No,Not Applicable,205,Cash,34,3.4,3.0
2024-07-21 22:35:00,CNR2598619737,Success,CID661710,Prime Sedan,Hebbal,MG Road,308.0,115.0,Not Applicable,Not Applicable,No,Not Applicable,484,Cash,25,3.3,4.5
2024-07-21 01:26:00,CNR9380556569,Driver Not Found,CID355337,Mini,Chamarajpet,RT Nagar,,,Not Applicable,Not Applicable,Not Applicable,Not Applicable,243,Not Applicable,0,,
2024-07-20 08:27:00,CNR2274739510,Success,CID580448,Prime Plus,Electronic City,Sahakar Nagar,161.0,95.0,Not Applicable,Not Applicable,No,Not Applicable,491,Cash,36,4.4,3.7
2024-07-18 14:54:00,CNR4127683073,Canceled by Driver,CID139349,Bike,Hosur Road,Nagarbhavi,,,Not Applicable,Customer related issue,Not Applicable,Not Applicable,259,Not Applicable,0,,
2024-07-06 04:37:00,CNR9637075697,Success,CID915287,Mini,Ramamurthy Nagar,Jayanagar,238.0,95.0,Not Applicable,Not Applicable,No,Not Applicable,205,Cash,19,4.4,3.5
2024-07-14 11:55:00,CNR7447783634,Success,CID722939,Prime SUV,Rajajinagar,Chickpet,287.0,75.0,Not Applicable,Not Applicable,No,Not Applicable,2422,UPI,34,4.1,3.7
2024-07-19 09:22:00,CNR2104942344,Success,CID175995,Bike,Banashankari,Kammanahalli,217.0,55.0,Not Applicable,Not Applicable,No,Not Applicable,272,Cash,15,3.4,4.5
2024-07-17 11:33:00,CNR6662870369,Success,CID513649,Bike,Rajarajeshwari Nagar,Hennur,98.0,55.0,Not Applicable,Not Applicable,Yes,Vehicle Breakdown,834,Cash,26,3.6,3.3
2024-07-21 22:40:00,CNR2273049185,Canceled by Driver,CID856490,Auto,Varthur,Koramangala,,,Not Applicable,Personal & Car related issue,Not Applicable,Not Applicable,379,Not Applicable,0,,
2024-07-04 06:30:00,CNR5039172659,Driver Not Found,CID159711,eBike,Electronic City,Hennur,,,Not Applicable,Not Applicable,Not Applicable,Not Applicable,707,Not Applicable,0,,
2024-07-21 02:03:00,CNR3180887810,Success,CID270231,Bike,Mysore Road,Frazer Town,84.0,115.0,Not Applicable,Not Applicable,No,Not Applicable,270,UPI,27,4.9,4.3
2024-07-12 06:55:00,CNR7652646367,Success,CID143303,Prime Sedan,Whitefield,Mysore Road,308.0,100.0,Not Applicable,Not Applicable,No,Not Applicable,234,UPI,4,3.5,4.8
2024-07-02 13:41:00,CNR2785933971,Canceled by Customer,CID839800,Auto,Hebbal,Hulimavu,,,Change of plans,Not Applicable,Not Applicable,Not Applicable,126,Not Applicable,0,,
2024-07-30 14:23:00,CNR3567129147,Driver Not Found,CID339438,Mini,Hosur Road,Electronic City,,,Not Applicable,Not Applicable,Not Applicable,Not Applicable,384,Not Applicable,0,,
2024-07-02 20:13:00,CNR7311027052,Success,CID201384,Bike,RT Nagar,Yelahanka,266.0,115.0,Not Applicable,Not Applicable,No,Not Applicable,194,Cash,34,3.3,4.9
2024-07-15 12:32:00,CNR9948772875,Success,CID246305,Mini,Hebbal,Magadi Road,126.0,100.0,Not Applicable,Not Applicable,No,Not Applicable,299,Cash,46,3.5,4.5
2024-07-09 00:51:00,CNR6016883895,Driver Not Found,CID635342,Mini,Chamarajpet,Kengeri,,,Not Applicable,Not Applicable,Not Applicable,Not Applicable,235,Not Applicable,0,,
2024-07-05 18:13:00,CNR1092612654,Success,CID171615,eBike,Ulsoor,Yeshwanthpur,259.0,85.0,Not Applicable,Not Applicable,No,Not Applicable,1999,Cash,29,3.7,4.9
2024-07-30 02:25:00,CNR2126452501,Success,CID495947,Mini,Padmanabhanagar,Banashankari,280.0,115.0,Not Applicable,Not Applicable,No,Not Applicable,410,Cash,43,4.1,4.5
2024-07-27 04:49:00,CNR9336180012,Success,CID113074,Prime Sedan,Basavanagudi,Basavanagudi,238.0,50.0,Not Applicable,Not Applicable,No,Not Applicable,532,UPI,6,4.3,3.2
2024-07-21 21:09:00,CNR9922156262,Success,CID324635,Mini,Sahakar Nagar,Vijayanagar,308.0,45.0,Not Applicable,Not Applicable,No,Not Applicable,781,Cash,10,4.3,3.8
2024-07-01 18:46:00,CNR5609271915,Driver Not Found,CID934757,Mini,Rajarajeshwari Nagar,Majestic,,,Not Applicable,Not Applicable,Not Applicable,Not Applicable,231,Not Applicable,0,,
2024-07-15 14:41:00,CNR8227063873,Success,CID351437,Prime SUV,Mysore Road,KR Puram,308.0,35.0,Not Applicable,Not Applicable,No,Not Applicable,208,Cash,17,4.0,4.3
2024-07-03 00:08:00,CNR8304853245,Success,CID744168,Auto,Kammanahalli,Yeshwanthpur,210.0,35.0,Not Applicable,Not Applicable,No,Not Applicable,946,Cash,9,4.4,4.5
2024-07-22 02:37:00,CNR2239641418,Canceled by Customer,CID585999,Prime Plus,Devanahalli,MG Road,,,Driver asked to cancel,Not Applicable,Not Applicable,Not Applicable,191,Not Applicable,0,,
2024-07-20 19:26:00,CNR8682411097,Success,CID562070,eBike,Tumkur Road,RT Nagar,35.0,70.0,Not Applicable,Not Applicable,No,Not Applicable,479,Credit Card,17,3.1,3.3
2024-07-12 17:15:00,CNR5775885830,Canceled by Customer,CID211466,Prime Sedan,Ramamurthy Nagar,Tumkur Road,,,Change of plans,Not Applicable,Not Applicable,Not Applicable,1767,Not Applicable,0,,
2024-07-01 08:09:00,CNR1073757199,Success,CID205707,Prime Sedan,Cox Town,BTM Layout,280.0,55.0,Not Applicable,Not Applicable,No,Not Applicable,189,Cash,12,4.5,3.1
2024-07-12 10:11:00,CNR8462716092,Driver Not Found,CID196972,Prime SUV,Shantinagar,Mysore Road,,,Not Applicable,Not Applicable,Not Applicable,Not Applicable,255,Not Applicable,0,,
2024-07-29 22:01:00,CNR9023616064,Success,CID314261,Prime Sedan,Yeshwanthpur,Malleshwaram,126.0,40.0,Not Applicable,Not Applicable,No,Not Applicable,565,Cash,26,3.5,4.3
2024-07-11 21:55:00,CNR3318712314,Success,CID914578,Mini,Sarjapur Road,Bellandur,154.0,50.0,Not Applicable,Not Applicable,No,Not Applicable,362,UPI,25,4.4,4.6
2024-07-16 23:42:00,CNR4177613220,Success,CID406703,Mini,Ulsoor,Marathahalli,280.0,110.0,Not Applicable,Not Applicable,No,Not Applicable,205,UPI,6,3.1,4.4
2024-07-02 02:42:00,CNR9828367360,Success,CID991409,Prime SUV,Shantinagar,BTM Layout,259.0,125.0,Not Applicable,Not Applicable,No,Not Applicable,366,Cash,1,3.9,3.6
2024-07-26 21:23:00,CNR9055948819,Canceled by Driver,CID341366,Prime Plus,JP Nagar,Majestic,,,Not Applicable,Personal & Car related issue,Not Applicable,Not Applicable,2478,Not Applicable,0,,
2024-07-15 18:14:00,CNR3112429402,Success,CID994349,Auto,Langford Town,Padmanabhanagar,147.0,80.0,Not Applicable,Not Applicable,No,Not Applicable,257,Cash,12,3.9,3.6
2024-07-01 04:18:00,CNR1198553420,Canceled by Driver,CID684245,Auto,Koramangala,Ramamurthy Nagar,,,Not Applicable,More than permitted people in there,Not Applicable,Not Applicable,343,Not Applicable,0,,
2024-07-26 20:03:00,CNR3770624872,Canceled by Driver,CID227287,Prime Plus,Kadugodi,RT Nagar,,,Not Applicable,Customer was coughing/sick,Not Applicable,Not Applicable,236,Not Applicable,0,,
2024-07-19 00:47:00,CNR3131695338,Canceled by Driver,CID548485,Prime Plus,Kammanahalli,Kadugodi,,,Not Applicable,Customer was coughing/sick,Not Applicable,Not Applicable,907,Not Applicable,0,,
2024-07-16 07:14:00,CNR8337651334,Success,CID377716,Bike,Ulsoor,Magadi Road,280.0,85.0,Not Applicable,Not Applicable,No,Not Applicable,914,UPI,18,3.6,3.5
2024-07-09 18:07:00,CNR7873295950,Success,CID280617,Prime SUV,Langford Town,Magadi Road,168.0,120.0,Not Applicable,Not Applicable,No,Not Applicable,217,UPI,5,4.7,3.5
2024-07-28 04:39:00,CNR4281987396,Success,CID203519,Prime Plus,Koramangala,Sahakar Nagar,182.0,80.0,Not Applicable,Not Applicable,No,Not Applicable,207,UPI,23,4.6,4.1
2024-07-19 14:35:00,CNR8221331633,Success,CID120472,Prime SUV,Magadi Road,Kammanahalli,217.0,145.0,Not Applicable,Not Applicable,No,Not Applicable,493,Cash,11,4.8,3.9
2024-07-02 17:38:00,CNR8845059351,Canceled by Driver,CID432561,Auto,Cox Town,Sarjapur Road,,,Not Applicable,Customer related issue,Not Applicable,Not Applicable,232,Not Applicable,0,,
2024-07-13 11:20:00,CNR9608540114,Success,CID882271,Prime SUV,Shivajinagar,KR Puram,147.0,115.0,Not Applicable,Not Applicable,No,Not Applicable,133,Cash,40,3.6,3.1
2024-07-22 14:41:00,CNR2624398743,Success,CID222350,Prime SUV,Nagarbhavi,Shivajinagar,91.0,120.0,Not Applicable,Not Applicable,No,Not Applicable,495,UPI,30,4.7,3.8
2024-07-29 02:33:00,CNR6877752447,Canceled by Driver,CID860099,eBike,Varthur,Vijayanagar,,,Not Applicable,Customer was coughing/sick,Not Applicable,Not Applicable,489,Not Applicable,0,,
2024-07-23 10:22:00,CNR9438761710,Success,CID497454,Mini,Indiranagar,Hosur Road,175.0,40.0,Not Applicable,Not Applicable,No,Not Applicable,826,Cash,17,3.7,3.5
2024-07-17 19:11:00,CNR4763729712,Success,CID111987,eBike,Langford Town,Chamarajpet,245.0,65.0,Not Applicable,Not Applicable,No,Not Applicable,351,UPI,15,3.8,4.6
2024-07-09 04:26:00,CNR2996151732,Success,CID480115,Mini,Nagarbhavi,Kadugodi,154.0,135.0,Not Applicable,Not Applicable,No,Not Applicable,424,UPI,23,4.5,3.0
2024-07-22 19:38:00,CNR4668543496,Success,CID545525,Prime Plus,Electronic City,Koramangala,49.0,145.0,Not Applicable,Not Applicable,No,Not Applicable,481,UPI,2,3.0,3.9
2024-07-27 21:34:00,CNR9266605405,Canceled by Driver,CID602370,Mini,MG Road,Shivajinagar,,,Not Applicable,Customer related issue,Not Applicable,Not Applicable,305,Not Applicable,0,,
2024-07-02 13:48:00,CNR6005695109,Success,CID696297,Prime Sedan,RT Nagar,HSR Layout,77.0,100.0,Not Applicable,Not Applicable,No,Not Applicable,747,Cash,39,3.5,3.6
2024-07-14 02:55:00,CNR7760260398,Success,CID835656,Mini,Hennur,Ramamurthy Nagar,112.0,120.0,Not Applicable,Not Applicable,Yes,Customer Demand,135,Cash,30,3.8,4.9
2024-07-30 17:54:00,CNR2230095266,Canceled by Customer,CID519782,Bike,Rajajinagar,Malleshwaram,,,Driver is not moving towards pickup location,Not Applicable,Not Applicable,Not Applicable,168,Not Applicable,0,,
2024-07-20 12:33:00,CNR8918539916,Canceled by Customer,CID772737,Bike,Indiranagar,Whitefield,,,Wrong Address,Not Applicable,Not Applicable,Not Applicable,345,Not Applicable,0,,
2024-07-10 16:41:00,CNR4432905390,Canceled by Driver,CID912688,Mini,Nagarbhavi,Chickpet,,,Not Applicable,Customer related issue,Not Applicable,Not Applicable,676,Not Applicable,0,,
2024-07-15 14:16:00,CNR3150846494,Driver Not Found,CID747407,Prime Plus,KR Puram,Ramamurthy Nagar,,,Not Applicable,Not Applicable,Not Applicable,Not Applicable,961,Not Applicable,0,,
2024-07-19 14:06:00,CNR8368057256,Success,CID774963,eBike,Cox Town,Ulsoor,280.0,35.0,Not Applicable,Not Applicable,No,Not Applicable,295,UPI,7,4.9,3.3
2024-07-12 02:43:00,CNR9255412770,Success,CID135919,Prime Sedan,Hennur,Cox Town,217.0,135.0,Not Applicable,Not Applicable,No,Not Applicable,796,Credit Card,24,4.4,3.6
2024-07-21 12:48:00,CNR6311993777,Success,CID531369,Bike,Kengeri,Koramangala,238.0,40.0,Not Applicable,Not Applicable,No,Not Applicable,980,Cash,13,3.7,3.1
2024-07-29 19:00:00,CNR2486610586,Canceled by Driver,CID247432,Bike,MG Road,Bannerghatta Road,,,Not Applicable,Customer related issue,Not Applicable,Not Applicable,232,Not Applicable,0,,
2024-07-15 09:52:00,CNR5664178231,Success,CID326373,Mini,Hebbal,Varthur,245.0,105.0,Not Applicable,Not Applicable,No,Not Applicable,615,Cash,3,4.0,3.8
2024-07-28 11:11:00,CNR6052423498,Success,CID925178,Bike,Richmond Town,Kadugodi,105.0,40.0,Not Applicable,Not Applicable,Yes,Vehicle Breakdown,296,UPI,21,3.6,4.4
2024-07-10 19:15:00,CNR3575662982,Canceled by Customer,CID778484,Prime Sedan,Jayanagar,Kammanahalli,,,Driver asked to cancel,Not Applicable,Not Applicable,Not Applicable,357,Not Applicable,0,,
2024-07-09 18:07:00,CNR4948759345,Canceled by Customer,CID657611,Auto,Devanahalli,Chickpet,,,AC is Not working,Not Applicable,Not Applicable,Not Applicable,957,Not Applicable,0,,
2024-07-05 16:04:00,CNR7564697861,Success,CID532158,Auto,Chamarajpet,Ramamurthy Nagar,119.0,30.0,Not Applicable,Not Applicable,No,Not Applicable,108,Cash,19,3.1,5.0
2024-07-15 10:30:00,CNR7270155870,Success,CID192476,eBike,RT Nagar,Peenya,154.0,125.0,Not Applicable,Not Applicable,No,Not Applicable,347,Cash,31,3.9,3.5
2024-07-14 00:21:00,CNR3815273817,Success,CID694366,Prime Plus,Vijayanagar,Rajajinagar,133.0,40.0,Not Applicable,Not Applicable,No,Not Applicable,941,UPI,34,3.1,3.5
2024-07-03 09:28:00,CNR1178606145,Success,CID481499,Mini,BTM Layout,Koramangala,252.0,30.0,Not Applicable,Not Applicable,No,Not Applicable,172,Cash,10,4.3,4.4
2024-07-25 23:59:00,CNR4241844540,Canceled by Driver,CID101736,Mini,Rajajinagar,Hebbal,,,Not Applicable,Customer related issue,Not Applicable,Not Applicable,766,Not Applicable,0,,
2024-07-10 17:38:00,CNR4285294069,Canceled by Driver,CID310785,Bike,BTM Layout,Mysore Road,,,Not Applicable,Personal & Car related issue,Not Applicable,Not Applicable,272,Not Applicable,0,,
2024-07-12 23:02:00,CNR7657097385,Success,CID416935,Auto,Hulimavu,Varthur,175.0,60.0,Not Applicable,Not Applicable,No,Not Applicable,441,UPI,10,3.8,3.0
2024-07-16 17:23:00,CNR9635944348,Success,CID349424,Auto,Kadugodi,Kengeri,273.0,45.0,Not Applicable,Not Applicable,No,Not Applicable,308,Cash,6,3.7,4.7
2024-07-10 11:56:00,CNR2556038746,Success,CID753711,Mini,Marathahalli,BTM Layout,203.0,75.0,Not Applicable,Not Applicable,No,Not Applicable,686,UPI,39,3.9,3.0
2024-07-09 14:55:00,CNR6660677373,Success,CID339225,Prime Sedan,Marathahalli,Hebbal,273.0,140.0,Not Applicable,Not Applicable,No,Not Applicable,207,Cash,48,4.0,4.9
2024-07-23 02:12:00,CNR6153342532,Success,CID573552,eBike,Varthur,Marathahalli,84.0,130.0,Not Applicable,Not Applicable,No,Not Applicable,2998,Cash,12,3.6,3.7
2024-07-13 08:38:00,CNR6126060045,Success,CID169833,Bike,Padmanabhanagar,RT Nagar,154.0,115.0,Not Applicable,Not Applicable,No,Not Applicable,284,Cash,13,3.8,3.0
2024-07-28 05:22:00,CNR7044607109,Canceled by Driver,CID816557,eBike,Ulsoor,BTM Layout,,,Not Applicable,Personal & Car related issue,Not Applicable,Not Applicable,252,Not Applicable,0,,
2024-07-02 02:36:00,CNR8821051525,Canceled by Driver,CID355133,eBike,Rajajinagar,Koramangala,,,Not Applicable,Customer was coughing/sick,Not Applicable,Not Applicable,311,Not Applicable,0,,
2024-07-06 15:05:00,CNR3705829137,Success,CID812663,Mini,Rajarajeshwari Nagar,HSR Layout,294.0,35.0,Not Applicable,Not Applicable,No,Not Applicable,199,UPI,6,3.5,3.3
2024-07-29 18:25:00,CNR2880477683,Success,CID458672,Mini,Shivajinagar,Kammanahalli,182.0,60.0,Not Applicable,Not Applicable,No,Not Applicable,222,Cash,32,3.2,4.1
2024-07-10 18:31:00,CNR3265795339,Success,CID676065,Prime SUV,Richmond Town,Devanahalli,294.0,30.0,Not Applicable,Not Applicable,No,Not Applicable,383,UPI,7,4.1,4.3
2024-07-10 20:58:00,CNR5582270900,Success,CID703936,Prime SUV,KR Puram,BTM Layout,196.0,95.0,Not Applicable,Not Applicable,No,Not Applicable,756,Cash,14,4.1,4.8
2024-07-24 22:51:00,CNR9928058130,Success,CID543146,Mini,Cox Town,Nagarbhavi,98.0,35.0,Not Applicable,Not Applicable,No,Not Applicable,332,Cash,5,3.9,3.2
2024-07-09 02:52:00,CNR8861730573,Success,CID785614,Auto,Koramangala,Hulimavu,168.0,120.0,Not Applicable,Not Applicable,No,Not Applicable,213,Cash,15,4.1,4.9
2024-07-23 05:51:00,CNR2777065200,Driver Not Found,CID298736,Prime SUV,Vijayanagar,Padmanabhanagar,,,Not Applicable,Not Applicable,Not Applicable,Not Applicable,418,Not Applicable,0,,
2024-07-04 23:43:00,CNR9273741815,Canceled by Driver,CID330332,Auto,HSR Layout,Cox Town,,,Not Applicable,Customer was coughing/sick,Not Applicable,Not Applicable,495,Not Applicable,0,,
2024-07-12 20:05:00,CNR6487012347,Canceled by Customer,CID181569,Prime Plus,KR Puram,BTM Layout,,,Change of plans,Not Applicable,Not Applicable,Not Applicable,722,Not Applicable,0,,
2024-07-16 14:50:00,CNR3833158726,Canceled by Driver,CID576670,Prime SUV,Rajajinagar,Bannerghatta Road,,,Not Applicable,Customer related issue,Not Applicable,Not Applicable,224,Not Applicable,0,,
2024-07-09 02:28:00,CNR9875913750,Success,CID691982,Prime Sedan,Shivajinagar,Jayanagar,77.0,100.0,Not Applicable,Not Applicable,No,Not Applicable,193,UPI,21,4.2,3.6
2024-07-29 01:23:00,CNR3627219851,Driver Not Found,CID788454,Prime Sedan,Magadi Road,MG Road,,,Not Applicable,Not Applicable,Not Applicable,Not Applicable,942,Not Applicable,0,,
2024-07-02 05:07:00,CNR8535578163,Canceled by Driver,CID179978,Prime Sedan,Kadugodi,Yelahanka,,,Not Applicable,Customer related issue,Not Applicable,Not Applicable,124,Not Applicable,0,,
2024-07-10 11:51:00,CNR6956327030,Success,CID702172,Auto,Langford Town,Ulsoor,224.0,30.0,Not Applicable,Not Applicable,No,Not Applicable,486,Cash,18,3.1,3.5
2024-07-08 14:46:00,CNR5731819636,Canceled by Customer,CID574302,Auto,Bannerghatta Road,Langford Town,,,Driver asked to cancel,Not Applicable,Not Applicable,Not Applicable,150,Not Applicable,0,,
2024-07-13 20:31:00,CNR8784971465,Success,CID126643,Bike,Sahakar Nagar,KR Puram,175.0,120.0,Not Applicable,Not Applicable,No,Not Applicable,467,Cash,39,4.6,3.0
2024-07-26 18:04:00,CNR5971344137,Success,CID194455,Bike,Rajarajeshwari Nagar,Devanahalli,140.0,55.0,Not Applicable,Not Applicable,No,Not Applicable,188,Cash,2,3.1,4.7
2024-07-23 09:13:00,CNR6114650509,Success,CID309433,Mini,Rajajinagar,Malleshwaram,112.0,100.0,Not Applicable,Not Applicable,No,Not Applicable,144,Cash,31,4.2,4.9
2024-07-21 22:02:00,CNR7111323733,Success,CID648302,Prime SUV,Yelahanka,Devanahalli,119.0,60.0,Not Applicable,Not Applicable,No,Not Applicable,268,Cash,23,3.1,4.5
2024-07-04 12:00:00,CNR9009381555,Success,CID237673,Prime Sedan,Hulimavu,Hosur Road,259.0,125.0,Not Applicable,Not Applicable,No,Not Applicable,942,UPI,3,4.5,3.0
2024-07-18 22:07:00,CNR3410296395,Success,CID499586,Mini,Mysore Road,Varthur,231.0,55.0,Not Applicable,Not Applicable,No,Not Applicable,392,UPI,45,4.6,4.7
2024-07-26 11:54:00,CNR8796837665,Success,CID940254,Prime Plus,HSR Layout,Bellandur,294.0,40.0,Not Applicable,Not Applicable,No,Not Applicable,222,UPI,19,3.3,4.7
2024-07-02 23:38:00,CNR9014340852,Canceled by Driver,CID114670,Prime Plus,Ramamurthy Nagar,BTM Layout,,,Not Applicable,Personal & Car related issue,Not Applicable,Not Applicable,346,Not Applicable,0,,
2024-07-02 08:36:00,CNR9778679070,Canceled by Customer,CID611740,Prime Plus,Electronic City,Cox Town,,,Driver is not moving towards pickup location,Not Applicable,Not Applicable,Not Applicable,429,Not Applicable,0,,
2024-07-23 05:20:00,CNR3229705789,Canceled by Driver,CID519802,Auto,Majestic,Cox Town,,,Not Applicable,Personal & Car related issue,Not Applicable,Not Applicable,424,Not Applicable,0,,
2024-07-04 23:51:00,CNR2875631963,Success,CID530233,Bike,Ramamurthy Nagar,Yeshwanthpur,294.0,30.0,Not Applicable,Not Applicable,No,Not Applicable,424,UPI,9,4.9,3.5
2024-07-05 13:58:00,CNR8672872746,Success,CID903986,Mini,Sarjapur Road,Rajarajeshwari Nagar,182.0,115.0,Not Applicable,Not Applicable,No,Not Applicable,214,UPI,37,3.9,4.4
2024-07-14 06:31:00,CNR6210124668,Success,CID945122,Prime SUV,Devanahalli,Richmond Town,35.0,55.0,Not Applicable,Not Applicable,No,Not Applicable,693,UPI,5,3.6,3.6
2024-07-04 06:45:00,CNR2765431240,Success,CID702816,eBike,Kammanahalli,Frazer Town,84.0,45.0,Not Applicable,Not Applicable,No,Not Applicable,626,Cash,6,3.3,4.4
2024-07-30 17:05:00,CNR8890149628,Success,CID105886,Bike,Cox Town,Marathahalli,42.0,115.0,Not Applicable,Not Applicable,No,Not Applicable,454,Cash,32,3.5,3.4
2024-07-17 09:11:00,CNR7838311363,Success,CID702419,Bike,Varthur,Rajarajeshwari Nagar,168.0,75.0,Not Applicable,Not Applicable,No,Not Applicable,724,Cash,31,4.4,3.6
2024-07-20 01:03:00,CNR7480546020,Success,CID458138,Prime Sedan,Magadi Road,Rajajinagar,308.0,130.0,Not Applicable,Not Applicable,No,Not Applicable,867,UPI,36,4.5,4.3
2024-07-29 11:15:00,CNR5814952339,Canceled by Driver,CID831991,Prime SUV,Ulsoor,Sahakar Nagar,,,Not Applicable,More than permitted people in there,Not Applicable,Not Applicable,816,Not Applicable,0,,
2024-07-24 06:35:00,CNR7875130494,Success,CID584960,eBike,Peenya,Hennur,231.0,40.0,Not Applicable,Not Applicable,No,Not Applicable,309,Credit Card,22,3.8,3.4
2024-07-05 09:30:00,CNR1750341052,Canceled by Customer,CID908558,Bike,Banashankari,Peenya,,,Wrong Address,Not Applicable,Not Applicable,Not Applicable,367,Not Applicable,0,,
2024-07-25 14:47:00,CNR6015754196,Success,CID619113,Mini,Chickpet,Vijayanagar,259.0,30.0,Not Applicable,Not Applicable,No,Not Applicable,479,Cash,5,5.0,3.1
2024-07-16 18:42:00,CNR4412076474,Canceled by Driver,CID331276,Bike,Cox Town,Rajajinagar,,,Not Applicable,More than permitted people in there,Not Applicable,Not Applicable,428,Not Applicable,0,,
2024-07-15 20:51:00,CNR1482323284,Canceled by Driver,CID330791,Mini,Malleshwaram,Shivajinagar,,,Not Applicable,Personal & Car related issue,Not Applicable,Not Applicable,475,Not Applicable,0,,
2024-07-02 02:00:00,CNR7585593570,Success,CID126834,Prime Sedan,Bannerghatta Road,Basavanagudi,203.0,100.0,Not Applicable,Not Applicable,No,Not Applicable,312,Cash,41,3.9,4.9
2024-07-08 18:42:00,CNR7238640736,Success,CID134480,Prime SUV,Hulimavu,Bannerghatta Road,63.0,100.0,Not Applicable,Not Applicable,No,Not Applicable,176,UPI,35,4.9,3.2
2024-07-11 22:51:00,CNR9163506927,Success,CID515821,eBike,Koramangala,Kadugodi,287.0,115.0,Not Applicable,Not Applicable,No,Not Applicable,482,Cash,10,3.2,3.0
2024-07-18 05:14:00,CNR1011605881,Driver Not Found,CID478355,Prime Sedan,Chamarajpet,Jayanagar,,,Not Applicable,Not Applicable,Not Applicable,Not Applicable,372,Not Applicable,0,,
2024-07-20 23:01:00,CNR3280842039,Success,CID652009,Bike,Hulimavu,Hennur,161.0,145.0,Not Applicable,Not Applicable,No,Not Applicable,103,Cash,37,3.7,4.9
2024-07-13 09:32:00,CNR4056813982,Driver Not Found,CID789582,eBike,Banashankari,Rajajinagar,,,Not Applicable,Not Applicable,Not Applicable,Not Applicable,234,Not Applicable,0,,
2024-07-03 14:17:00,CNR4279815098,Canceled by Driver,CID397433,Mini,Yelahanka,Kammanahalli,,,Not Applicable,Customer was coughing/sick,Not Applicable,Not Applicable,104,Not Applicable,0,,
2024-07-17 08:30:00,CNR6516340363,Success,CID646000,Auto,Kammanahalli,Nagarbhavi,196.0,25.0,Not Applicable,Not Applicable,No,Not Applicable,248,UPI,12,3.9,3.3
2024-07-28 17:03:00,CNR2700371905,Success,CID266006,Prime Sedan,Padmanabhanagar,Indiranagar,203.0,95.0,Not Applicable,Not Applicable,No,Not Applicable,822,UPI,3,4.2,3.8
2024-07-27 18:15:00,CNR2052616311,Driver Not Found,CID264723,eBike,BTM Layout,Richmond Town,,,Not Applicable,Not Applicable,Not Applicable,Not Applicable,287,Not Applicable,0,,
2024-07-23 10:03:00,CNR6583800588,Canceled by Driver,CID369203,Auto,MG Road,Devanahalli,,,Not Applicable,Customer related issue,Not Applicable,Not Applicable,409,Not Applicable,0,,
2024-07-02 17:20:00,CNR2238592873,Canceled by Customer,CID309679,Prime SUV,Banashankari,Jayanagar,,,Driver is not moving towards pickup location,Not Applicable,Not Applicable,Not Applicable,280,Not Applicable,0,,
2024-07-05 18:30:00,CNR9394331410,Driver Not Found,CID635916,Prime SUV,Ramamurthy Nagar,Vijayanagar,,,Not Applicable,Not Applicable,Not Applicable,Not Applicable,469,Not Applicable,0,,
2024-07-16 12:26:00,CNR6108734296,Canceled by Driver,CID938835,Prime SUV,Kadugodi,Ulsoor,,,Not Applicable,Personal & Car related issue,Not Applicable,Not Applicable,850,Not Applicable,0,,
2024-07-12 07:31:00,CNR8888148743,Driver Not Found,CID283153,Auto,Vijayanagar,Devanahalli,,,Not Applicable,Not Applicable,Not Applicable,Not Applicable,174,Not Applicable,0,,
2024-07-28 08:47:00,CNR5202905332,Success,CID877374,Prime SUV,HSR Layout,Yelahanka,280.0,45.0,Not Applicable,Not Applicable,No,Not Applicable,767,Cash,41,3.0,4.4
2024-07-26 05:07:00,CNR5896787164,Success,CID668796,Prime SUV,KR Puram,Ramamurthy Nagar,217.0,60.0,Not Applicable,Not Applicable,No,Not Applicable,499,UPI,46,3.9,3.2
2024-07-30 03:47:00,CNR5387279367,Success,CID468684,Mini,Ulsoor,Malleshwaram,238.0,30.0,Not Applicable,Not Applicable,No,Not Applicable,454,Cash,32,3.0,5.0
2024-07-04 17:14:00,CNR2374139484,Success,CID926588,Bike,Mysore Road,Whitefield,168.0,90.0,Not Applicable,Not Applicable,No,Not Applicable,753,Credit Card,32,4.2,3.6
2024-07-04 00:01:00,CNR1438512896,Success,CID834002,Prime SUV,Majestic,Hulimavu,301.0,40.0,Not Applicable,Not Applicable,No,Not Applicable,103,UPI,34,4.2,4.2
2024-07-19 07:55:00,CNR6983688670,Success,CID790911,Prime SUV,Sahakar Nagar,JP Nagar,259.0,115.0,Not Applicable,Not Applicable,No,Not Applicable,714,Cash,42,3.0,4.2
2024-07-22 11:40:00,CNR1160528234,Success,CID791208,eBike,Peenya,Sarjapur Road,56.0,65.0,Not Applicable,Not Applicable,No,Not Applicable,2806,UPI,32,3.5,4.6
2024-07-10 20:32:00,CNR8506263102,Canceled by Customer,CID490281,Mini,Devanahalli,Majestic,,,Change of plans,Not Applicable,Not Applicable,Not Applicable,162,Not Applicable,0,,
2024-07-01 14:38:00,CNR8839652205,Success,CID992105,eBike,MG Road,RT Nagar,161.0,55.0,Not Applicable,Not Applicable,No,Not Applicable,1089,Cash,11,3.1,4.2
2024-07-27 20:53:00,CNR6101216885,Success,CID141603,Bike,Whitefield,Banashankari,287.0,65.0,Not Applicable,Not Applicable,No,Not Applicable,1765,Cash,27,3.2,4.3
2024-07-05 01:16:00,CNR2386804169,Success,CID251167,eBike,Vijayanagar,JP Nagar,168.0,85.0,Not Applicable,Not Applicable,No,Not Applicable,985,Cash,30,3.5,3.9
2024-07-18 00:39:00,CNR1662885472,Success,CID888829,eBike,Langford Town,Shantinagar,203.0,105.0,Not Applicable,Not Applicable,No,Not Applicable,400,Cash,27,3.3,3.4
2024-07-05 05:36:00,CNR7048696551,Success,CID549163,eBike,Electronic City,Banashankari,280.0,110.0,Not Applicable,Not Applicable,No,Not Applicable,425,Cash,7,4.5,3.0
2024-07-13 08:32:00,CNR3880880656,Driver Not Found,CID730202,Prime Sedan,Sahakar Nagar,Hennur,,,Not Applicable,Not Applicable,Not Applicable,Not Applicable,392,Not Applicable,0,,
2024-07-03 02:14:00,CNR6456954057,Success,CID525707,eBike,Bellandur,Jayanagar,203.0,125.0,Not Applicable,Not Applicable,Yes,Other Issue,421,Credit Card,40,4.0,4.1
2024-07-09 04:12:00,CNR7002371527,Success,CID863158,Bike,Marathahalli,KR Puram,280.0,50.0,Not Applicable,Not Applicable,No,Not Applicable,104,Cash,4,5.0,4.2
2024-07-12 00:18:00,CNR4973679417,Success,CID342751,eBike,Ulsoor,Kadugodi,231.0,145.0,Not Applicable,Not Applicable,No,Not Applicable,107,Cash,12,3.6,3.8
2024-07-22 15:12:00,CNR8543516340,Success,CID835320,eBike,Indiranagar,Kadugodi,175.0,65.0,Not Applicable,Not Applicable,No,Not Applicable,304,Cash,36,4.8,4.3
2024-07-07 04:59:00,CNR7282128110,Success,CID480191,Prime Sedan,Bannerghatta Road,Hulimavu,161.0,80.0,Not Applicable,Not Applicable,No,Not Applicable,432,Credit Card,42,3.6,3.4
2024-07-16 13:15:00,CNR2560382134,Canceled by Driver,CID228153,Prime SUV,Jayanagar,JP Nagar,,,Not Applicable,Personal & Car related issue,Not Applicable,Not Applicable,204,Not Applicable,0,,
2024-07-08 11:48:00,CNR6492262703,Canceled by Customer,CID698275,Auto,Sahakar Nagar,Hosur Road,,,AC is Not working,Not Applicable,Not Applicable,Not Applicable,292,Not Applicable,0,,
2024-07-02 08:31:00,CNR2574133684,Canceled by Driver,CID537066,eBike,Tumkur Road,RT Nagar,,,Not Applicable,More than permitted people in there,Not Applicable,Not Applicable,326,Not Applicable,0,,
2024-07-15 23:08:00,CNR6436152143,Success,CID612826,Auto,Rajarajeshwari Nagar,Devanahalli,252.0,125.0,Not Applicable,Not Applicable,No,Not Applicable,131,UPI,1,4.8,3.6
2024-07-26 06:29:00,CNR5196927611,Success,CID104261,Bike,Vijayanagar,Nagarbhavi,161.0,145.0,Not Applicable,Not Applicable,No,Not Applicable,777,Debit Card,25,4.5,4.0
2024-07-12 12:44:00,CNR3461111756,Canceled by Customer,CID113843,Prime SUV,Langford Town,Sarjapur Road,,,Driver is not moving towards pickup location,Not Applicable,Not Applicable,Not Applicable,2458,Not Applicable,0,,
2024-07-11 02:48:00,CNR5003255655,Success,CID808947,Bike,Mysore Road,Indiranagar,77.0,100.0,Not Applicable,Not Applicable,No,Not Applicable,810,Cash,10,4.1,3.7
2024-07-03 13:28:00,CNR7424015408,Success,CID731365,Prime Sedan,Cox Town,KR Puram,175.0,65.0,Not Applicable,Not Applicable,No,Not Applicable,343,Cash,42,4.6,4.5
2024-07-14 14:18:00,CNR2706808768,Success,CID466763,Prime Sedan,Indiranagar,Jayanagar,56.0,70.0,Not Applicable,Not Applicable,No,Not Applicable,136,UPI,3,3.2,3.6
2024-07-26 13:09:00,CNR5591251625,Success,CID585193,Auto,Rajarajeshwari Nagar,Tumkur Road,273.0,115.0,Not Applicable,Not Applicable,No,Not Applicable,313,Cash,7,3.6,4.8
2024-07-08 03:50:00,CNR3233923689,Driver Not Found,CID873806,Auto,Magadi Road,MG Road,,,Not Applicable,Not Applicable,Not Applicable,Not Applicable,202,Not Applicable,0,,
2024-07-01 04:51:00,CNR4216588600,Success,CID896775,Auto,Basavanagudi,Varthur,231.0,115.0,Not Applicable,Not Applicable,No,Not Applicable,908,UPI,3,3.3,4.7
2024-07-27 12:00:00,CNR8840556352,Driver Not Found,CID423766,Bike,Tumkur Road,Mysore Road,,,Not Applicable,Not Applicable,Not Applicable,Not Applicable,169,Not Applicable,0,,
2024-07-07 10:56:00,CNR4895986674,Success,CID497244,Prime SUV,Kadugodi,Richmond Town,140.0,85.0,Not Applicable,Not Applicable,Yes,Vehicle Breakdown,169,Cash,6,4.0,4.0
2024-07-25 17:31:00,CNR1759490941,Success,CID997089,eBike,Cox Town,Shantinagar,105.0,145.0,Not Applicable,Not Applicable,No,Not Applicable,127,Cash,23,4.6,3.8
2024-07-25 09:26:00,CNR9594866013,Canceled by Driver,CID841876,Mini,Richmond Town,HSR Layout,,,Not Applicable,Customer related issue,Not Applicable,Not Applicable,555,Not Applicable,0,,
2024-07-08 21:21:00,CNR3679522370,Canceled by Driver,CID782891,Prime SUV,Chickpet,Padmanabhanagar,,,Not Applicable,Personal & Car related issue,Not Applicable,Not Applicable,795,Not Applicable,0,,
2024-07-02 14:53:00,CNR6254919993,Success,CID748584,Prime SUV,Rajajinagar,Yeshwanthpur,210.0,100.0,Not Applicable,Not Applicable,No,Not Applicable,491,Cash,27,4.1,4.1
2024-07-10 09:26:00,CNR9160897008,Canceled by Driver,CID535541,Mini,Kammanahalli,Bellandur,,,Not Applicable,Customer related issue,Not Applicable,Not Applicable,362,Not Applicable,0,,
2024-07-20 13:43:00,CNR2796146507,Success,CID701189,Prime Sedan,Kammanahalli,HSR Layout,231.0,95.0,Not Applicable,Not Applicable,No,Not Applicable,241,Credit Card,9,4.9,4.5
2024-07-01 00:25:00,CNR7483359722,Canceled by Driver,CID440452,Prime SUV,Chamarajpet,Bellandur,,,Not Applicable,Personal & Car related issue,Not Applicable,Not Applicable,302,Not Applicable,0,,
2024-07-02 11:03:00,CNR2256924867,Canceled by Driver,CID172624,Bike,Basavanagudi,Malleshwaram,,,Not Applicable,Customer was coughing/sick,Not Applicable,Not Applicable,598,Not Applicable,0,,
2024-07-02 22:31:00,CNR5998269987,Canceled by Driver,CID379923,eBike,Electronic City,KR Puram,,,Not Applicable,Customer was coughing/sick,Not Applicable,Not Applicable,193,Not Applicable,0,,
2024-07-01 00:10:00,CNR4701807652,Success,CID786439,eBike,Padmanabhanagar,Hosur Road,147.0,100.0,Not Applicable,Not Applicable,No,Not Applicable,176,Cash,45,4.1,3.9
2024-07-12 12:16:00,CNR2981954851,Driver Not Found,CID885191,Prime Sedan,Yelahanka,Sahakar Nagar,,,Not Applicable,Not Applicable,Not Applicable,Not Applicable,157,Not Applicable,0,,
2024-07-07 02:34:00,CNR7469880583,Success,CID568118,eBike,Yeshwanthpur,Magadi Road,140.0,105.0,Not Applicable,Not Applicable,No,Not Applicable,169,UPI,21,3.2,4.0
2024-07-30 15:29:00,CNR7614049219,Success,CID265960,Prime Sedan,Jayanagar,Rajarajeshwari Nagar,224.0,100.0,Not Applicable,Not Applicable,No,Not Applicable,455,Debit Card,48,3.8,3.7
2024-07-17 02:00:00,CNR1518490511,Success,CID669427,Prime Plus,RT Nagar,Cox Town,161.0,120.0,Not Applicable,Not Applicable,No,Not Applicable,367,Cash,20,3.9,3.0
2024-07-25 21:42:00,CNR8956713386,Driver Not Found,CID116928,Bike,Peenya,KR Puram,,,Not Applicable,Not Applicable,Not Applicable,Not Applicable,346,Not Applicable,0,,
2024-07-17 04:33:00,CNR2562465223,Success,CID730109,Mini,Rajajinagar,Basavanagudi,91.0,130.0,Not Applicable,Not Applicable,No,Not Applicable,480,UPI,37,3.1,4.2
2024-07-08 17:59:00,CNR6215567263,Canceled by Driver,CID284284,Bike,Marathahalli,HSR Layout,,,Not Applicable,Personal & Car related issue,Not Applicable,Not Applicable,350,Not Applicable,0,,
2024-07-28 16:11:00,CNR2179293848,Success,CID961655,eBike,Marathahalli,Devanahalli,175.0,65.0,Not Applicable,Not Applicable,No,Not Applicable,155,UPI,25,3.5,4.8
2024-07-06 20:43:00,CNR8412823658,Success,CID186522,eBike,Richmond Town,Shivajinagar,56.0,105.0,Not Applicable,Not Applicable,No,Not Applicable,2649,Cash,17,3.8,4.1
2024-07-03 23:42:00,CNR8882382390,Success,CID912036,Prime Sedan,Banashankari,Padmanabhanagar,189.0,25.0,Not Applicable,Not Applicable,Yes,Other Issue,371,Cash,32,3.3,3.3
2024-07-08 00:47:00,CNR7325591270,Success,CID433219,Prime Sedan,Banashankari,Padmanabhanagar,238.0,75.0,Not Applicable,Not Applicable,No,Not Applicable,266,Cash,45,3.1,4.9
2024-07-28 03:39:00,CNR8532137150,Canceled by Customer,CID855728,Prime Plus,MG Road,Chickpet,,,Driver is not moving towards pickup location,Not Applicable,Not Applicable,Not Applicable,208,Not Applicable,0,,
2024-07-08 01:10:00,CNR2008642521,Success,CID758252,Prime Plus,HSR Layout,Shantinagar,154.0,145.0,Not Applicable,Not Applicable,No,Not Applicable,350,UPI,11,4.6,4.2
2024-07-06 15:03:00,CNR9922788873,Canceled by Customer,CID648833,Mini,Malleshwaram,Yeshwanthpur,,,Driver asked to cancel,Not Applicable,Not Applicable,Not Applicable,474,Not Applicable,0,,
2024-07-28 22:29:00,CNR3302841215,Driver Not Found,CID263960,Auto,Chamarajpet,MG Road,,,Not Applicable,Not Applicable,Not Applicable,Not Applicable,288,Not Applicable,0,,
2024-07-07 20:11:00,CNR6726417607,Success,CID735238,Prime Plus,Ramamurthy Nagar,Ramamurthy Nagar,231.0,60.0,Not Applicable,Not Applicable,No,Not Applicable,392,Cash,14,4.0,4.1
2024-07-18 17:23:00,CNR3829903129,Success,CID880697,eBike,Chickpet,Bellandur,203.0,95.0,Not Applicable,Not Applicable,No,Not Applicable,644,Cash,31,4.3,3.3
2024-07-28 13:12:00,CNR4603233981,Canceled by Driver,CID881705,Auto,Sarjapur Road,Bellandur,,,Not Applicable,Customer related issue,Not Applicable,Not Applicable,480,Not Applicable,0,,
2024-07-14 11:21:00,CNR1278432494,Success,CID708698,Mini,Padmanabhanagar,RT Nagar,175.0,45.0,Not Applicable,Not Applicable,No,Not Applicable,192,UPI,39,4.9,3.5
2024-07-27 21:46:00,CNR4159890597,Canceled by Driver,CID168035,Prime Sedan,HSR Layout,Mysore Road,,,Not Applicable,Personal & Car related issue,Not Applicable,Not Applicable,2412,Not Applicable,0,,
2024-07-29 22:20:00,CNR1174510859,Success,CID164607,Prime SUV,Devanahalli,Marathahalli,147.0,100.0,Not Applicable,Not Applicable,No,Not Applicable,843,Cash,7,4.9,4.2
2024-07-17 03:43:00,CNR8973232333,Success,CID331973,Prime Plus,Whitefield,Magadi Road,217.0,30.0,Not Applicable,Not Applicable,No,Not Applicable,1232,UPI,48,4.5,3.5
2024-07-23 12:10:00,CNR1909061557,Canceled by Customer,CID113674,Prime Sedan,Varthur,Hennur,,,Driver is not moving towards pickup location,Not Applicable,Not Applicable,Not Applicable,2277,Not Applicable,0,,
2024-07-17 00:01:00,CNR6751814757,Success,CID871780,Mini,Hennur,Shivajinagar,273.0,100.0,Not Applicable,Not Applicable,No,Not Applicable,369,UPI,24,4.2,3.9
2024-07-16 07:54:00,CNR5047064792,Success,CID353921,Prime Plus,Bellandur,Shivajinagar,301.0,145.0,Not Applicable,Not Applicable,No,Not Applicable,961,Cash,16,4.7,3.5
2024-07-01 20:57:00,CNR9094528115,Canceled by Customer,CID776326,Mini,Frazer Town,Kadugodi,,,Change of plans,Not Applicable,Not Applicable,Not Applicable,1866,Not Applicable,0,,
2024-07-10 13:14:00,CNR6073357427,Success,CID965914,Bike,Peenya,Richmond Town,42.0,35.0,Not Applicable,Not Applicable,No,Not Applicable,447,Cash,44,3.2,3.1
2024-07-13 18:11:00,CNR9205312207,Canceled by Driver,CID187526,Prime SUV,Hosur Road,Yeshwanthpur,,,Not Applicable,Personal & Car related issue,Not Applicable,Not Applicable,235,Not Applicable,0,,
2024-07-03 00:30:00,CNR1984602496,Success,CID301955,Auto,Nagarbhavi,Nagarbhavi,273.0,145.0,Not Applicable,Not Applicable,No,Not Applicable,226,Cash,8,4.7,4.9
2024-07-13 09:50:00,CNR8450454133,Success,CID249958,Auto,Jayanagar,BTM Layout,196.0,75.0,Not Applicable,Not Applicable,No,Not Applicable,122,Cash,19,4.1,4.6
2024-07-26 08:01:00,CNR9246731133,Canceled by Customer,CID148943,Bike,BTM Layout,Whitefield,,,Wrong Address,Not Applicable,Not Applicable,Not Applicable,126,Not Applicable,0,,
2024-07-22 15:42:00,CNR9273881721,Success,CID196609,Bike,Rajajinagar,Hosur Road,273.0,35.0,Not Applicable,Not Applicable,No,Not Applicable,316,UPI,19,3.8,3.4
2024-07-28 01:21:00,CNR8945771255,Success,CID689776,eBike,Langford Town,Bannerghatta Road,91.0,25.0,Not Applicable,Not Applicable,Yes,Customer Demand,404,Cash,26,5.0,4.5
2024-07-03 11:53:00,CNR5287770313,Success,CID513153,Auto,BTM Layout,Padmanabhanagar,259.0,135.0,Not Applicable,Not Applicable,No,Not Applicable,109,Cash,17,4.4,3.7
2024-07-08 14:59:00,CNR7194305302,Success,CID114019,Bike,Malleshwaram,Indiranagar,147.0,45.0,Not Applicable,Not Applicable,No,Not Applicable,470,Cash,29,4.2,3.5
2024-07-09 09:35:00,CNR7790460777,Success,CID751504,Bike,Ramamurthy Nagar,Magadi Road,280.0,65.0,Not Applicable,Not Applicable,No,Not Applicable,605,UPI,12,3.3,4.2
2024-07-14 07:34:00,CNR3012104636,Canceled by Customer,CID791459,Prime SUV,Shantinagar,Ulsoor,,,AC is Not working,Not Applicable,Not Applicable,Not Applicable,791,Not Applicable,0,,
2024-07-30 12:09:00,CNR3136788626,Success,CID895113,Prime SUV,Langford Town,Magadi Road,280.0,45.0,Not Applicable,Not Applicable,Yes,Other Issue,166,Cash,46,4.1,4.2
2024-07-13 17:12:00,CNR7191658360,Driver Not Found,CID855985,Mini,Langford Town,KR Puram,,,Not Applicable,Not Applicable,Not Applicable,Not Applicable,2439,Not Applicable,0,,
2024-07-11 01:06:00,CNR4377694724,Success,CID623005,Prime Plus,Sahakar Nagar,Chickpet,280.0,25.0,Not Applicable,Not Applicable,No,Not Applicable,657,Cash,24,3.5,3.7
2024-07-18 08:48:00,CNR3227546357,Success,CID997066,Prime Plus,Ulsoor,Hennur,203.0,30.0,Not Applicable,Not Applicable,No,Not Applicable,703,UPI,16,4.5,3.1
2024-07-28 13:10:00,CNR8997683751,Canceled by Driver,CID488586,Prime SUV,BTM Layout,Majestic,,,Not Applicable,Personal & Car related issue,Not Applicable,Not Applicable,155,Not Applicable,0,,
2024-07-22 17:17:00,CNR5286414450,Canceled by Customer,CID884760,Bike,Bellandur,Whitefield,,,Driver is not moving towards pickup location,Not Applicable,Not Applicable,Not Applicable,889,Not Applicable,0,,
2024-07-18 14:43:00,CNR4093663343,Success,CID449158,Prime Plus,Varthur,RT Nagar,266.0,75.0,Not Applicable,Not Applicable,No,Not Applicable,235,UPI,35,3.9,4.5
2024-07-04 20:08:00,CNR8228739814,Success,CID137486,Mini,Banashankari,Chickpet,252.0,35.0,Not Applicable,Not Applicable,Yes,Customer Demand,361,UPI,31,3.8,4.5
2024-07-18 15:32:00,CNR4063626317,Canceled by Driver,CID399705,Prime Plus,Jayanagar,Magadi Road,,,Not Applicable,Personal & Car related issue,Not Applicable,Not Applicable,277,Not Applicable,0,,
2024-07-01 19:41:00,CNR7848594440,Success,CID764794,Prime Plus,Kadugodi,Chamarajpet,231.0,145.0,Not Applicable,Not Applicable,No,Not Applicable,686,UPI,32,3.0,3.2
2024-07-22 16:22:00,CNR4699007922,Success,CID484215,Auto,Rajajinagar,Ulsoor,224.0,70.0,Not Applicable,Not Applicable,No,Not Applicable,308,UPI,13,3.8,4.9
2024-07-10 05:27:00,CNR2656512261,Success,CID578969,Prime Plus,Peenya,Ramamurthy Nagar,70.0,115.0,Not Applicable,Not Applicable,No,Not Applicable,359,Cash,41,4.7,3.3
2024-07-28 07:14:00,CNR1144177507,Success,CID164375,Prime Plus,Rajarajeshwari Nagar,Basavanagudi,287.0,75.0,Not Applicable,Not Applicable,Yes,Other Issue,305,UPI,25,3.2,3.9
2024-07-27 15:57:00,CNR2268401298,Success,CID494042,Prime Sedan,Bannerghatta Road,Kadugodi,245.0,65.0,Not Applicable,Not Applicable,No,Not Applicable,474,UPI,3,4.0,4.4
2024-07-13 04:36:00,CNR8363634925,Success,CID470078,Mini,Jayanagar,Ramamurthy Nagar,294.0,120.0,Not Applicable,Not Applicable,No,Not Applicable,560,Cash,1,3.3,3.9
2024-07-15 17:17:00,CNR1598575592,Success,CID854070,Prime Sedan,Peenya,Hebbal,182.0,45.0,Not Applicable,Not Applicable,No,Not Applicable,172,UPI,12,4.2,4.4
2024-07-23 12:24:00,CNR7773901854,Success,CID936480,eBike,Tumkur Road,Richmond Town,154.0,120.0,Not Applicable,Not Applicable,Yes,Customer Demand,115,Cash,14,4.3,3.1
2024-07-22 03:38:00,CNR3643153326,Canceled by Customer,CID248236,Prime SUV,Hebbal,Majestic,,,Change of plans,Not Applicable,Not Applicable,Not Applicable,638,Not Applicable,0,,
2024-07-08 06:00:00,CNR1718884799,Canceled by Driver,CID686506,Prime Sedan,MG Road,Rajajinagar,,,Not Applicable,Customer related issue,Not Applicable,Not Applicable,474,Not Applicable,0,,
2024-07-18 20:31:00,CNR5923100512,Canceled by Customer,CID815920,Bike,Devanahalli,Ulsoor,,,AC is Not working,Not Applicable,Not Applicable,Not Applicable,454,Not Applicable,0,,
2024-07-09 16:30:00,CNR4441820655,Success,CID624600,Prime Plus,Koramangala,Rajarajeshwari Nagar,105.0,45.0,Not Applicable,Not Applicable,No,Not Applicable,830,Cash,4,4.6,3.8
2024-07-20 19:59:00,CNR1942149006,Success,CID634637,eBike,Rajarajeshwari Nagar,Kadugodi,280.0,70.0,Not Applicable,Not Applicable,No,Not Applicable,167,UPI,21,3.4,4.8
2024-07-14 07:17:00,CNR6315903906,Success,CID393432,Prime SUV,Mysore Road,Cox Town,126.0,75.0,Not Applicable,Not Applicable,No,Not Applicable,621,Cash,25,3.5,4.8
2024-07-09 04:06:00,CNR5252490550,Success,CID226332,Prime SUV,Bellandur,MG Road,168.0,25.0,Not Applicable,Not Applicable,Yes,Other Issue,247,Credit Card,45,4.9,4.0
2024-07-25 22:54:00,CNR1784687521,Canceled by Driver,CID909681,Prime SUV,KR Puram,Marathahalli,,,Not Applicable,Personal & Car related issue,Not Applicable,Not Applicable,851,Not Applicable,0,,
2024-07-08 08:14:00,CNR2321457554,Success,CID605375,Bike,Chickpet,Hosur Road,203.0,135.0,Not Applicable,Not Applicable,No,Not Applicable,427,UPI,1,3.7,4.6
2024-07-29 06:31:00,CNR4117246354,Success,CID189035,Prime Plus,Indiranagar,Mysore Road,35.0,100.0,Not Applicable,Not Applicable,No,Not Applicable,268,Credit Card,31,3.2,3.2
2024-07-20 02:46:00,CNR2074298421,Success,CID670039,Bike,Kengeri,Majestic,119.0,120.0,Not Applicable,Not Applicable,No,Not Applicable,566,Cash,6,4.8,3.6
2024-07-26 14:26:00,CNR3308523606,Success,CID273230,Bike,Jayanagar,Electronic City,308.0,95.0,Not Applicable,Not Applicable,No,Not Applicable,387,Cash,47,3.7,4.6
2024-07-16 06:39:00,CNR2831006099,Canceled by Driver,CID854359,Prime Plus,Peenya,Bellandur,,,Not Applicable,Personal & Car related issue,Not Applicable,Not Applicable,533,Not Applicable,0,,
2024-07-15 06:31:00,CNR8074844837,Canceled by Driver,CID482919,Prime Plus,Magadi Road,KR Puram,,,Not Applicable,More than permitted people in there,Not Applicable,Not Applicable,199,Not Applicable,0,,
2024-07-02 18:30:00,CNR7427017156,Success,CID390121,eBike,Yelahanka,Koramangala,91.0,130.0,Not Applicable,Not Applicable,No,Not Applicable,730,Cash,30,4.1,4.9
2024-07-27 07:06:00,CNR6529776114,Success,CID402246,Auto,Malleshwaram,Marathahalli,245.0,110.0,Not Applicable,Not Applicable,No,Not Applicable,913,UPI,15,3.7,3.3
2024-07-06 06:40:00,CNR7624121856,Driver Not Found,CID170828,eBike,MG Road,Devanahalli,,,Not Applicable,Not Applicable,Not Applicable,Not Applicable,328,Not Applicable,0,,
2024-07-12 07:45:00,CNR1072523904,Canceled by Driver,CID816799,Prime SUV,Shivajinagar,HSR Layout,,,Not Applicable,Customer was coughing/sick,Not Applicable,Not Applicable,370,Not Applicable,0,,
2024-07-24 04:25:00,CNR3130060409,Success,CID564508,Prime Plus,Marathahalli,Chamarajpet,238.0,140.0,Not Applicable,Not Applicable,No,Not Applicable,166,UPI,35,3.7,3.4
2024-07-14 02:50:00,CNR5617064357,Canceled by Customer,CID271198,Prime Plus,Hulimavu,Rajarajeshwari Nagar,,,Driver is not moving towards pickup location,Not Applicable,Not Applicable,Not Applicable,782,Not Applicable,0,,
2024-07-06 22:10:00,CNR8807316791,Driver Not Found,CID913045,Auto,Indiranagar,Hennur,,,Not Applicable,Not Applicable,Not Applicable,Not Applicable,470,Not Applicable,0,,
2024-07-05 07:53:00,CNR3290390160,Success,CID479457,Auto,Sahakar Nagar,Yeshwanthpur,294.0,25.0,Not Applicable,Not Applicable,No,Not Applicable,271,UPI,1,4.9,4.8
2024-07-20 07:29:00,CNR2307631691,Canceled by Driver,CID919816,Mini,Malleshwaram,Electronic City,,,Not Applicable,Customer related issue,Not Applicable,Not Applicable,707,Not Applicable,0,,
2024-07-13 04:18:00,CNR4442604440,Driver Not Found,CID590159,Prime Sedan,Langford Town,Nagarbhavi,,,Not Applicable,Not Applicable,Not Applicable,Not Applicable,618,Not Applicable,0,,
2024-07-12 03:52:00,CNR1612781788,Success,CID494746,Prime Sedan,Varthur,Bellandur,252.0,85.0,Not Applicable,Not Applicable,No,Not Applicable,1357,UPI,6,4.5,4.2
2024-07-02 02:06:00,CNR5642381335,Canceled by Driver,CID654498,eBike,Devanahalli,Indiranagar,,,Not Applicable,Personal & Car related issue,Not Applicable,Not Applicable,431,Not Applicable,0,,
2024-07-13 19:21:00,CNR8643020967,Success,CID923103,Mini,Jayanagar,Shantinagar,49.0,35.0,Not Applicable,Not Applicable,No,Not Applicable,1997,Cash,29,4.1,3.2
2024-07-30 09:10:00,CNR2948325619,Success,CID174002,eBike,KR Puram,Marathahalli,189.0,135.0,Not Applicable,Not Applicable,No,Not Applicable,359,Cash,38,4.3,4.8
2024-07-20 06:00:00,CNR3691163369,Success,CID158702,Prime Sedan,Bannerghatta Road,Varthur,301.0,55.0,Not Applicable,Not Applicable,No,Not Applicable,752,Cash,43,4.5,4.6
2024-07-06 17:16:00,CNR5458988627,Canceled by Customer,CID561720,Mini,RT Nagar,Hebbal,,,Driver asked to cancel,Not Applicable,Not Applicable,Not Applicable,489,Not Applicable,0,,
2024-07-06 14:47:00,CNR5259539942,Driver Not Found,CID296711,Prime Sedan,Ramamurthy Nagar,KR Puram,,,Not Applicable,Not Applicable,Not Applicable,Not Applicable,411,Not Applicable,0,,
2024-07-27 22:49:00,CNR6067121800,Success,CID273035,eBike,Peenya,Rajajinagar,91.0,115.0,Not Applicable,Not Applicable,No,Not Applicable,450,UPI,47,4.3,4.9
2024-07-01 11:32:00,CNR1714651571,Success,CID259449,Prime Plus,Nagarbhavi,Jayanagar,91.0,95.0,Not Applicable,Not Applicable,No,Not Applicable,344,Cash,46,3.5,5.0
2024-07-18 05:48:00,CNR1687233229,Driver Not Found,CID447657,Bike,Indiranagar,KR Puram,,,Not Applicable,Not Applicable,Not Applicable,Not Applicable,179,Not Applicable,0,,
2024-07-21 20:32:00,CNR6017746971,Canceled by Driver,CID250090,Prime Sedan,Shantinagar,Chamarajpet,,,Not Applicable,Customer related issue,Not Applicable,Not Applicable,892,Not Applicable,0,,
2024-07-03 06:54:00,CNR8527708833,Success,CID281792,eBike,Devanahalli,Bellandur,35.0,90.0,Not Applicable,Not Applicable,No,Not Applicable,421,Cash,44,3.0,4.5
2024-07-14 05:05:00,CNR3219500159,Success,CID721181,eBike,Frazer Town,Rajarajeshwari Nagar,224.0,80.0,Not Applicable,Not Applicable,No,Not Applicable,1827,UPI,44,3.8,4.6
2024-07-14 02:49:00,CNR4231039140,Success,CID519062,Mini,Ulsoor,Shivajinagar,77.0,100.0,Not Applicable,Not Applicable,No,Not Applicable,872,Cash,43,4.8,4.4
2024-07-30 09:13:00,CNR2862385489,Canceled by Driver,CID440616,Mini,Kengeri,Hennur,,,Not Applicable,Customer related issue,Not Applicable,Not Applicable,310,Not Applicable,0,,
2024-07-03 02:33:00,CNR6474395429,Success,CID630111,eBike,Varthur,Yeshwanthpur,280.0,30.0,Not Applicable,Not Applicable,No,Not Applicable,371,UPI,20,4.4,3.1
2024-07-23 21:34:00,CNR9907037143,Success,CID611001,Prime SUV,Indiranagar,JP Nagar,147.0,40.0,Not Applicable,Not Applicable,No,Not Applicable,622,Cash,43,4.6,4.8
2024-07-02 17:53:00,CNR8965270595,Canceled by Customer,CID749574,Prime Sedan,Chamarajpet,Bellandur,,,Driver is not moving towards pickup location,Not Applicable,Not Applicable,Not Applicable,311,Not Applicable,0,,
2024-07-20 21:46:00,CNR7207797524,Canceled by Driver,CID431138,Prime SUV,Langford Town,Koramangala,,,Not Applicable,Personal & Car related issue,Not Applicable,Not Applicable,332,Not Applicable,0,,
2024-07-18 13:28:00,CNR1653861382,Canceled by Driver,CID736060,Auto,Richmond Town,Hosur Road,,,Not Applicable,Personal & Car related issue,Not Applicable,Not Applicable,379,Not Applicable,0,,
2024-07-12 07:12:00,CNR5030034044,Success,CID915589,Prime SUV,Padmanabhanagar,BTM Layout,203.0,95.0,Not Applicable,Not Applicable,No,Not Applicable,1766,UPI,36,3.0,4.2
2024-07-11 17:12:00,CNR1975410437,Canceled by Driver,CID295486,Mini,Peenya,KR Puram,,,Not Applicable,Customer was coughing/sick,Not Applicable,Not Applicable,207,Not Applicable,0,,
2024-07-03 20:45:00,CNR8002248096,Success,CID195166,Prime Plus,Whitefield,Yeshwanthpur,105.0,65.0,Not Applicable,Not Applicable,No,Not Applicable,261,Cash,40,4.6,4.3
2024-07-01 05:38:00,CNR9099031318,Success,CID648982,Bike,Whitefield,Magadi Road,154.0,75.0,Not Applicable,Not Applicable,No,Not Applicable,111,UPI,36,4.2,4.5
2024-07-13 03:11:00,CNR1418059659,Canceled by Customer,CID726923,Bike,Hennur,JP Nagar,,,Change of plans,Not Applicable,Not Applicable,Not Applicable,283,Not Applicable,0,,
2024-07-29 13:21:00,CNR3752143208,Canceled by Driver,CID363352,Auto,Padmanabhanagar,Richmond Town,,,Not Applicable,Customer was coughing/sick,Not Applicable,Not Applicable,118,Not Applicable,0,,
2024-07-19 12:31:00,CNR3058471047,Success,CID778881,Bike,Hennur,Indiranagar,105.0,95.0,Not Applicable,Not Applicable,No,Not Applicable,317,Cash,46,3.9,4.1
2024-07-09 22:45:00,CNR4640466724,Driver Not Found,CID256386,Prime Plus,Chickpet,Majestic,,,Not Applicable,Not Applicable,Not Applicable,Not Applicable,242,Not Applicable,0,,
2024-07-24 00:01:00,CNR6753326360,Driver Not Found,CID649738,Bike,Sahakar Nagar,Tumkur Road,,,Not Applicable,Not Applicable,Not Applicable,Not Applicable,946,Not Applicable,0,,
2024-07-04 01:43:00,CNR4040803030,Canceled by Driver,CID563231,Prime SUV,Hebbal,Hulimavu,,,Not Applicable,Personal & Car related issue,Not Applicable,Not Applicable,543,Not Applicable,0,,
2024-07-07 22:22:00,CNR8088968614,Success,CID853147,Mini,Yelahanka,Majestic,266.0,65.0,Not Applicable,Not Applicable,No,Not Applicable,305,UPI,19,4.9,4.1
2024-07-12 03:53:00,CNR7463101760,Canceled by Driver,CID761894,Mini,Frazer Town,Frazer Town,,,Not Applicable,More than permitted people in there,Not Applicable,Not Applicable,175,Not Applicable,0,,
2024-07-03 05:34:00,CNR2456491313,Success,CID556957,Prime Sedan,Chamarajpet,Majestic,182.0,85.0,Not Applicable,Not Applicable,No,Not Applicable,604,UPI,25,3.4,3.8
2024-07-03 21:43:00,CNR9391808272,Canceled by Customer,CID714828,Prime SUV,Sarjapur Road,Sarjapur Road,,,Driver is not moving towards pickup location,Not Applicable,Not Applicable,Not Applicable,266,Not Applicable,0,,
2024-07-29 22:31:00,CNR8175597584,Canceled by Driver,CID607167,Prime Sedan,Vijayanagar,Koramangala,,,Not Applicable,Customer was coughing/sick,Not Applicable,Not Applicable,601,Not Applicable,0,,
2024-07-11 01:02:00,CNR5284924003,Success,CID283611,Bike,Jayanagar,Banashankari,210.0,145.0,Not Applicable,Not Applicable,No,Not Applicable,225,Cash,43,3.5,4.6
2024-07-29 10:45:00,CNR9221328424,Canceled by Driver,CID743971,Bike,Mysore Road,Vijayanagar,,,Not Applicable,Personal & Car related issue,Not Applicable,Not Applicable,211,Not Applicable,0,,
2024-07-14 05:49:00,CNR8538886015,Driver Not Found,CID880569,Prime Sedan,Marathahalli,Rajajinagar,,,Not Applicable,Not Applicable,Not Applicable,Not Applicable,417,Not Applicable,0,,
2024-07-10 16:37:00,CNR4127625096,Success,CID845206,Prime Plus,Kammanahalli,Bannerghatta Road,308.0,115.0,Not Applicable,Not Applicable,No,Not Applicable,199,UPI,3,3.5,3.9
2024-07-07 03:52:00,CNR3309212939,Driver Not Found,CID827747,Prime Sedan,Electronic City,Varthur,,,Not Applicable,Not Applicable,Not Applicable,Not Applicable,885,Not Applicable,0,,
2024-07-04 20:34:00,CNR2359655016,Success,CID389457,Prime Sedan,Jayanagar,Hulimavu,112.0,125.0,Not Applicable,Not Applicable,No,Not Applicable,480,UPI,25,3.9,4.9
2024-07-08 15:53:00,CNR5007813877,Success,CID340178,Bike,Electronic City,RT Nagar,294.0,145.0,Not Applicable,Not Applicable,No,Not Applicable,486,Cash,17,4.0,3.4
2024-07-06 06:19:00,CNR5823221991,Success,CID553440,eBike,Hennur,Cox Town,63.0,80.0,Not Applicable,Not Applicable,No,Not Applicable,452,Cash,49,4.5,3.5
2024-07-14 10:39:00,CNR7537574139,Success,CID625991,Mini,Hebbal,Padmanabhanagar,294.0,35.0,Not Applicable,Not Applicable,No,Not Applicable,418,Cash,34,4.4,3.7
2024-07-26 20:16:00,CNR7973717352,Success,CID310269,Bike,Whitefield,Hebbal,231.0,130.0,Not Applicable,Not Applicable,No,Not Applicable,671,Cash,17,4.8,3.6
2024-07-05 16:06:00,CNR5406228010,Success,CID422913,Prime Plus,Bellandur,Shivajinagar,98.0,95.0,Not Applicable,Not Applicable,No,Not Applicable,228,Cash,21,3.5,3.5
2024-07-19 12:55:00,CNR4379233362,Success,CID223422,Bike,Chickpet,Varthur,238.0,55.0,Not Applicable,Not Applicable,No,Not Applicable,484,UPI,12,3.8,3.8
2024-07-22 16:18:00,CNR8360445157,Success,CID370052,Prime SUV,HSR Layout,Rajarajeshwari Nagar,196.0,35.0,Not Applicable,Not Applicable,No,Not Applicable,222,UPI,34,3.8,3.0
2024-07-17 03:01:00,CNR4584735331,Success,CID232432,Prime SUV,Cox Town,Bellandur,308.0,100.0,Not Applicable,Not Applicable,No,Not Applicable,938,Cash,10,4.8,4.9
2024-07-12 04:36:00,CNR1287668980,Success,CID670042,eBike,Cox Town,Koramangala,35.0,125.0,Not Applicable,Not Applicable,No,Not Applicable,372,UPI,29,4.8,3.4
2024-07-08 06:45:00,CNR7831876224,Success,CID399116,Prime Plus,Sahakar Nagar,Magadi Road,63.0,30.0,Not Applicable,Not Applicable,No,Not Applicable,281,UPI,36,3.4,4.2
2024-07-05 03:13:00,CNR1240815023,Canceled by Driver,CID804246,Auto,Electronic City,Hebbal,,,Not Applicable,Personal & Car related issue,Not Applicable,Not Applicable,348,Not Applicable,0,,
2024-07-09 23:15:00,CNR6181662238,Success,CID906890,eBike,Mysore Road,MG Road,301.0,135.0,Not Applicable,Not Applicable,No,Not Applicable,368,Cash,12,4.7,4.2
2024-07-14 01:08:00,CNR8032256437,Success,CID999791,Mini,JP Nagar,Kadugodi,105.0,55.0,Not Applicable,Not Applicable,No,Not Applicable,344,UPI,14,4.8,3.1
2024-07-07 23:41:00,CNR2097808790,Success,CID441080,Mini,Chamarajpet,Sahakar Nagar,42.0,125.0,Not Applicable,Not Applicable,No,Not Applicable,681,Cash,7,4.4,4.4
2024-07-14 21:03:00,CNR9935927321,Success,CID284426,Auto,Marathahalli,RT Nagar,175.0,35.0,Not Applicable,Not Applicable,No,Not Applicable,2983,Cash,13,3.2,3.6
2024-07-19 01:23:00,CNR9183662010,Success,CID352708,Auto,Hennur,Bellandur,273.0,100.0,Not Applicable,Not Applicable,No,Not Applicable,125,UPI,9,3.3,3.6
2024-07-15 07:24:00,CNR7163304497,Success,CID396173,Bike,Hosur Road,Shivajinagar,42.0,60.0,Not Applicable,Not Applicable,No,Not Applicable,417,Cash,43,3.1,3.8
2024-07-25 19:55:00,CNR7366691978,Success,CID887913,Auto,Malleshwaram,MG Road,287.0,60.0,Not Applicable,Not Applicable,No,Not Applicable,429,UPI,5,3.1,4.2
2024-07-24 17:40:00,CNR4404336127,Success,CID135279,Bike,MG Road,Magadi Road,175.0,35.0,Not Applicable,Not Applicable,No,Not Applicable,329,Cash,7,3.2,3.0
2024-07-30 22:12:00,CNR3747746242,Success,CID109388,Bike,Kadugodi,Langford Town,70.0,75.0,Not Applicable,Not Applicable,No,Not Applicable,593,UPI,26,4.3,4.9
2024-07-05 22:07:00,CNR6036639335,Success,CID714913,Mini,Kammanahalli,Majestic,70.0,55.0,Not Applicable,Not Applicable,No,Not Applicable,171,UPI,12,3.1,4.1
2024-07-13 00:43:00,CNR2021823991,Success,CID360896,Prime SUV,Richmond Town,Hebbal,105.0,135.0,Not Applicable,Not Applicable,No,Not Applicable,238,UPI,33,3.4,3.6
2024-07-25 06:56:00,CNR4095206411,Success,CID775458,Auto,Malleshwaram,Hosur Road,266.0,90.0,Not Applicable,Not Applicable,No,Not Applicable,768,Cash,9,4.7,3.8
2024-07-06 12:09:00,CNR2082398243,Success,CID681284,Prime SUV,Kadugodi,Indiranagar,84.0,110.0,Not Applicable,Not Applicable,No,Not Applicable,332,Cash,41,3.6,3.6
2024-07-20 10:55:00,CNR4154243431,Success,CID799587,Prime Sedan,Bellandur,Indiranagar,140.0,105.0,Not Applicable,Not Applicable,No,Not Applicable,405,UPI,37,3.8,4.8
2024-07-13 11:26:00,CNR7556702142,Success,CID770512,Prime Plus,Devanahalli,Hennur,91.0,50.0,Not Applicable,Not Applicable,Yes,Other Issue,656,Cash,25,4.6,4.1
2024-07-28 15:45:00,CNR2169639566,Success,CID529467,Prime Plus,Cox Town,Sahakar Nagar,98.0,60.0,Not Applicable,Not Applicable,No,Not Applicable,424,Cash,9,4.0,3.5
2024-07-13 05:17:00,CNR1635443207,Canceled by Driver,CID358065,Bike,Indiranagar,Shivajinagar,,,Not Applicable,Customer was coughing/sick,Not Applicable,Not Applicable,2139,Not Applicable,0,,
2024-07-20 04:46:00,CNR9890404023,Success,CID350222,Mini,Padmanabhanagar,Electronic City,147.0,100.0,Not Applicable,Not Applicable,No,Not Applicable,2135,Cash,39,3.0,4.1
2024-07-24 11:35:00,CNR8587852802,Success,CID678672,Prime Sedan,Langford Town,Shivajinagar,133.0,35.0,Not Applicable,Not Applicable,No,Not Applicable,461,UPI,26,3.7,3.7
2024-07-22 05:41:00,CNR2733178513,Success,CID335601,Bike,Hebbal,Padmanabhanagar,308.0,110.0,Not Applicable,Not Applicable,No,Not Applicable,229,UPI,15,4.1,3.2
2024-07-25 18:33:00,CNR4388079811,Success,CID292914,Mini,Basavanagudi,Hosur Road,161.0,140.0,Not Applicable,Not Applicable,No,Not Applicable,196,Cash,37,4.2,4.4
2024-07-23 13:24:00,CNR3070563198,Success,CID988587,Prime SUV,Shivajinagar,Jayanagar,308.0,90.0,Not Applicable,Not Applicable,No,Not Applicable,267,UPI,10,4.7,4.2
2024-07-29 08:55:00,CNR1838829221,Success,CID908438,eBike,Bannerghatta Road,JP Nagar,175.0,90.0,Not Applicable,Not Applicable,No,Not Applicable,159,UPI,6,3.9,3.1
2024-07-04 17:26:00,CNR4363060634,Success,CID850944,Auto,Shivajinagar,Hebbal,112.0,75.0,Not Applicable,Not Applicable,No,Not Applicable,309,UPI,3,3.3,3.6
2024-07-14 21:44:00,CNR9287113761,Canceled by Customer,CID742127,Bike,Nagarbhavi,Hosur Road,,,Driver is not moving towards pickup location,Not Applicable,Not Applicable,Not Applicable,777,Not Applicable,0,,
2024-07-15 18:08:00,CNR9403927883,Canceled by Customer,CID200283,Mini,Yeshwanthpur,MG Road,,,Driver is not moving towards pickup location,Not Applicable,Not Applicable,Not Applicable,205,Not Applicable,0,,
2024-07-18 16:13:00,CNR7682487127,Success,CID769376,Auto,Banashankari,Basavanagudi,168.0,120.0,Not Applicable,Not Applicable,No,Not Applicable,2029,Cash,12,4.1,3.7
2024-07-20 00:52:00,CNR7503767539,Success,CID751994,Prime Sedan,Marathahalli,Rajajinagar,196.0,100.0,Not Applicable,Not Applicable,No,Not Applicable,181,UPI,8,4.4,4.9
2024-07-26 19:54:00,CNR2197929185,Success,CID852249,Prime Sedan,Marathahalli,Bannerghatta Road,280.0,50.0,Not Applicable,Not Applicable,No,Not Applicable,385,UPI,27,3.9,4.5
2024-07-15 18:44:00,CNR3711220009,Success,CID432590,Auto,Kengeri,Whitefield,280.0,85.0,Not Applicable,Not Applicable,No,Not Applicable,122,Cash,6,4.5,4.9
2024-07-27 14:33:00,CNR9996198957,Success,CID654664,Prime Plus,Ramamurthy Nagar,Indiranagar,42.0,70.0,Not Applicable,Not Applicable,No,Not Applicable,298,Debit Card,32,3.2,4.1
2024-07-19 07:01:00,CNR2948810968,Canceled by Driver,CID963443,Prime Sedan,Yeshwanthpur,Indiranagar,,,Not Applicable,Customer related issue,Not Applicable,Not Applicable,348,Not Applicable,0,,
2024-07-08 16:04:00,CNR7386528647,Success,CID300713,Prime Plus,Indiranagar,Chamarajpet,203.0,50.0,Not Applicable,Not Applicable,No,Not Applicable,603,UPI,4,3.8,3.5
2024-07-12 07:11:00,CNR1463351139,Driver Not Found,CID371686,Auto,Rajarajeshwari Nagar,Koramangala,,,Not Applicable,Not Applicable,Not Applicable,Not Applicable,301,Not Applicable,0,,
2024-07-10 10:57:00,CNR9243368218,Driver Not Found,CID140920,Mini,Padmanabhanagar,MG Road,,,Not Applicable,Not Applicable,Not Applicable,Not Applicable,463,Not Applicable,0,,
2024-07-25 17:38:00,CNR3641306230,Success,CID723813,Prime Plus,Devanahalli,Electronic City,238.0,65.0,Not Applicable,Not Applicable,No,Not Applicable,391,Cash,27,4.1,3.0
2024-07-12 18:25:00,CNR8754672841,Success,CID421674,Prime Plus,Kengeri,Sahakar Nagar,266.0,110.0,Not Applicable,Not Applicable,No,Not Applicable,751,Cash,9,4.1,4.9
2024-07-06 15:20:00,CNR5992202655,Success,CID256410,Prime SUV,KR Puram,KR Puram,301.0,65.0,Not Applicable,Not Applicable,No,Not Applicable,413,Cash,26,3.8,4.8
2024-07-28 12:01:00,CNR3027185894,Success,CID790155,Auto,Yeshwanthpur,Ulsoor,301.0,140.0,Not Applicable,Not Applicable,No,Not Applicable,361,UPI,1,4.5,4.0
2024-07-23 17:25:00,CNR9843283490,Success,CID244715,Prime SUV,KR Puram,JP Nagar,231.0,35.0,Not Applicable,Not Applicable,No,Not Applicable,438,UPI,16,4.9,4.8
2024-07-15 07:52:00,CNR3971291195,Canceled by Customer,CID114131,Prime SUV,Hulimavu,Koramangala,,,Driver is not moving towards pickup location,Not Applicable,Not Applicable,Not Applicable,356,Not Applicable,0,,
2024-07-03 19:15:00,CNR8054196151,Success,CID978633,Prime SUV,Bellandur,Chickpet,210.0,75.0,Not Applicable,Not Applicable,No,Not Applicable,146,Cash,21,4.6,4.8
2024-07-23 14:20:00,CNR5283332688,Success,CID388993,Prime SUV,Chickpet,Bellandur,301.0,65.0,Not Applicable,Not Applicable,No,Not Applicable,978,Cash,26,3.0,3.9
2024-07-20 10:16:00,CNR5649463028,Driver Not Found,CID318807,Bike,Hennur,Peenya,,,Not Applicable,Not Applicable,Not Applicable,Not Applicable,603,Not Applicable,0,,
2024-07-27 11:19:00,CNR5660876251,Success,CID363057,Prime SUV,Marathahalli,Peenya,91.0,130.0,Not Applicable,Not Applicable,No,Not Applicable,284,Cash,4,3.1,3.4
2024-07-02 07:07:00,CNR3992170335,Success,CID491962,Mini,Kengeri,Yelahanka,98.0,80.0,Not Applicable,Not Applicable,No,Not Applicable,944,Debit Card,44,4.9,4.2
2024-07-22 08:48:00,CNR5059489200,Success,CID736821,Auto,Indiranagar,KR Puram,84.0,55.0,Not Applicable,Not Applicable,No,Not Applicable,147,UPI,5,3.7,4.0
2024-07-17 18:29:00,CNR1609023250,Success,CID582127,Mini,Devanahalli,Vijayanagar,280.0,110.0,Not Applicable,Not Applicable,No,Not Applicable,366,Cash,2,4.3,3.8
2024-07-20 23:29:00,CNR5299127579,Success,CID372107,Mini,Electronic City,Indiranagar,280.0,110.0,Not Applicable,Not Applicable,No,Not Applicable,172,Cash,10,4.9,4.5
2024-07-02 23:12:00,CNR8583890784,Success,CID433270,Prime Plus,Kengeri,Ulsoor,252.0,140.0,Not Applicable,Not Applicable,No,Not Applicable,637,UPI,5,3.5,3.2
2024-07-23 07:51:00,CNR4492251810,Success,CID828689,Mini,Malleshwaram,Banashankari,70.0,30.0,Not Applicable,Not Applicable,No,Not Applicable,396,Cash,33,3.9,4.0
2024-07-19 00:32:00,CNR8084525741,Driver Not Found,CID969170,Prime Sedan,Hulimavu,Hosur Road,,,Not Applicable,Not Applicable,Not Applicable,Not Applicable,273,Not Applicable,0,,
2024-07-30 22:35:00,CNR9339737618,Success,CID989962,Prime Plus,Frazer Town,Bellandur,189.0,55.0,Not Applicable,Not Applicable,Yes,Other Issue,268,UPI,49,4.4,4.4
2024-07-19 03:46:00,CNR5781210765,Success,CID151679,Mini,KR Puram,Nagarbhavi,119.0,25.0,Not Applicable,Not Applicable,No,Not Applicable,123,UPI,3,3.4,4.6
2024-07-24 00:01:00,CNR2858131951,Success,CID218607,Prime Plus,Frazer Town,Hebbal,217.0,45.0,Not Applicable,Not Applicable,No,Not Applicable,785,Cash,11,3.2,4.2
2024-07-29 13:39:00,CNR5248672213,Driver Not Found,CID442691,Bike,Kadugodi,Chamarajpet,,,Not Applicable,Not Applicable,Not Applicable,Not Applicable,257,Not Applicable,0,,
2024-07-24 13:30:00,CNR4928214098,Driver Not Found,CID999080,Auto,Langford Town,Shantinagar,,,Not Applicable,Not Applicable,Not Applicable,Not Applicable,255,Not Applicable,0,,
2024-07-11 21:08:00,CNR1739309108,Success,CID471702,Prime Plus,Electronic City,Whitefield,168.0,30.0,Not Applicable,Not Applicable,No,Not Applicable,284,Cash,6,3.9,3.0
2024-07-25 07:18:00,CNR5727173892,Success,CID206977,Mini,Magadi Road,Vijayanagar,91.0,95.0,Not Applicable,Not Applicable,No,Not Applicable,355,UPI,49,4.6,3.1
2024-07-30 23:42:00,CNR3108633821,Success,CID382676,Prime Sedan,Yeshwanthpur,Chamarajpet,119.0,110.0,Not Applicable,Not Applicable,Yes,Other Issue,938,Cash,13,3.5,3.7
2024-07-20 06:14:00,CNR6533552282,Driver Not Found,CID170348,eBike,Banashankari,Bellandur,,,Not Applicable,Not Applicable,Not Applicable,Not Applicable,239,Not Applicable,0,,
2024-07-25 16:37:00,CNR4734106969,Canceled by Driver,CID611012,Prime SUV,RT Nagar,Hosur Road,,,Not Applicable,Customer was coughing/sick,Not Applicable,Not Applicable,487,Not Applicable,0,,
2024-07-02 00:50:00,CNR8335105995,Success,CID408565,Prime Sedan,Kammanahalli,Ramamurthy Nagar,35.0,95.0,Not Applicable,Not Applicable,No,Not Applicable,174,UPI,4,3.7,4.4
2024-07-09 06:00:00,CNR2309460703,Canceled by Driver,CID800043,Prime SUV,Jayanagar,Kammanahalli,,,Not Applicable,More than permitted people in there,Not Applicable,Not Applicable,819,Not Applicable,0,,
2024-07-02 18:48:00,CNR1738300160,Success,CID350363,eBike,Rajarajeshwari Nagar,Vijayanagar,259.0,70.0,Not Applicable,Not Applicable,No,Not Applicable,802,UPI,39,4.8,4.1
2024-07-12 00:27:00,CNR4471391531,Driver Not Found,CID567702,eBike,Hennur,Sarjapur Road,,,Not Applicable,Not Applicable,Not Applicable,Not Applicable,427,Not Applicable,0,,
2024-07-07 22:24:00,CNR1481681811,Success,CID306954,Prime Sedan,Ramamurthy Nagar,Kengeri,308.0,30.0,Not Applicable,Not Applicable,No,Not Applicable,324,Cash,16,3.3,4.6
2024-07-15 07:22:00,CNR3963124651,Canceled by Driver,CID187658,Auto,Peenya,Kengeri,,,Not Applicable,Customer related issue,Not Applicable,Not Applicable,407,Not Applicable,0,,
2024-07-15 07:49:00,CNR5811103153,Success,CID888098,Auto,Kadugodi,Richmond Town,217.0,50.0,Not Applicable,Not Applicable,No,Not Applicable,288,Cash,1,4.4,3.5
2024-07-03 08:41:00,CNR3249554549,Success,CID937446,Prime SUV,Frazer Town,Chickpet,49.0,140.0,Not Applicable,Not Applicable,No,Not Applicable,470,UPI,11,4.3,3.5
2024-07-06 17:38:00,CNR2378161492,Success,CID350385,Prime Plus,Hebbal,Indiranagar,182.0,130.0,Not Applicable,Not Applicable,No,Not Applicable,167,Cash,7,4.2,3.6
2024-07-05 01:09:00,CNR4969838104,Canceled by Customer,CID209346,Bike,Hennur,Chamarajpet,,,Driver is not moving towards pickup location,Not Applicable,Not Applicable,Not Applicable,851,Not Applicable,0,,
2024-07-27 16:57:00,CNR9541172716,Success,CID126690,Prime SUV,JP Nagar,Sarjapur Road,203.0,110.0,Not Applicable,Not Applicable,No,Not Applicable,2718,Cash,28,3.7,4.6
2024-07-29 15:26:00,CNR7195983052,Success,CID189749,Prime Plus,Frazer Town,Bellandur,105.0,125.0,Not Applicable,Not Applicable,No,Not Applicable,271,UPI,44,3.1,3.8
2024-07-28 19:30:00,CNR2514164009,Success,CID507211,Prime SUV,Yelahanka,Shantinagar,161.0,110.0,Not Applicable,Not Applicable,No,Not Applicable,188,UPI,16,4.2,5.0
2024-07-06 00:30:00,CNR7887054970,Success,CID768632,eBike,Ulsoor,BTM Layout,133.0,140.0,Not Applicable,Not Applicable,No,Not Applicable,531,Cash,2,4.6,3.8
2024-07-15 08:04:00,CNR3203070845,Success,CID830012,Prime SUV,Indiranagar,Koramangala,140.0,90.0,Not Applicable,Not Applicable,No,Not Applicable,2145,Cash,31,3.9,4.1
2024-07-26 12:40:00,CNR9860744006,Canceled by Driver,CID319005,Prime SUV,BTM Layout,Whitefield,,,Not Applicable,Personal & Car related issue,Not Applicable,Not Applicable,449,Not Applicable,0,,
2024-07-05 09:51:00,CNR3195279039,Driver Not Found,CID577670,Prime Sedan,Hosur Road,Koramangala,,,Not Applicable,Not Applicable,Not Applicable,Not Applicable,290,Not Applicable,0,,
2024-07-13 18:53:00,CNR8322652580,Canceled by Driver,CID861927,Prime SUV,MG Road,Yeshwanthpur,,,Not Applicable,Personal & Car related issue,Not Applicable,Not Applicable,683,Not Applicable,0,,
2024-07-30 03:31:00,CNR7994226570,Success,CID162356,Mini,Rajarajeshwari Nagar,MG Road,308.0,70.0,Not Applicable,Not Applicable,No,Not Applicable,313,Cash,19,4.5,4.3
2024-07-14 02:09:00,CNR4992245284,Success,CID824976,eBike,Magadi Road,MG Road,91.0,125.0,Not Applicable,Not Applicable,No,Not Applicable,2655,Cash,12,3.7,4.3
2024-07-29 11:40:00,CNR7813152156,Success,CID737348,Bike,Ulsoor,JP Nagar,287.0,25.0,Not Applicable,Not Applicable,No,Not Applicable,148,Cash,3,4.1,4.1
2024-07-18 00:05:00,CNR4954776628,Canceled by Driver,CID524848,Prime Sedan,KR Puram,Ulsoor,,,Not Applicable,Customer was coughing/sick,Not Applicable,Not Applicable,377,Not Applicable,0,,
2024-07-25 00:59:00,CNR5653896554,Canceled by Driver,CID776836,Prime Sedan,Hebbal,BTM Layout,,,Not Applicable,Personal & Car related issue,Not Applicable,Not Applicable,184,Not Applicable,0,,
2024-07-07 14:15:00,CNR8107004885,Success,CID443518,eBike,Ulsoor,Peenya,63.0,65.0,Not Applicable,Not Applicable,No,Not Applicable,825,Credit Card,12,3.5,3.9
2024-07-12 10:25:00,CNR6831926898,Canceled by Driver,CID765476,Bike,Indiranagar,Basavanagudi,,,Not Applicable,Personal & Car related issue,Not Applicable,Not Applicable,152,Not Applicable,0,,
2024-07-21 20:30:00,CNR6932590772,Driver Not Found,CID539203,Prime Plus,Hosur Road,Sahakar Nagar,,,Not Applicable,Not Applicable,Not Applicable,Not Applicable,406,Not Applicable,0,,
2024-07-03 18:48:00,CNR6536447193,Driver Not Found,CID710250,Prime Plus,Rajajinagar,Indiranagar,,,Not Applicable,Not Applicable,Not Applicable,Not Applicable,441,Not Applicable,0,,
2024-07-17 13:15:00,CNR7171235502,Success,CID831463,Auto,MG Road,Bellandur,308.0,60.0,Not Applicable,Not Applicable,Yes,Customer Demand,786,Cash,11,4.2,4.9
2024-07-30 17:47:00,CNR7165938928,Success,CID978373,Prime SUV,Nagarbhavi,Ramamurthy Nagar,287.0,70.0,Not Applicable,Not Applicable,No,Not Applicable,427,UPI,4,3.6,3.3
2024-07-15 19:04:00,CNR8438969257,Canceled by Driver,CID179892,Mini,Frazer Town,Banashankari,,,Not Applicable,Personal & Car related issue,Not Applicable,Not Applicable,122,Not Applicable,0,,
2024-07-25 14:50:00,CNR2013539285,Success,CID879468,Mini,Majestic,Hennur,140.0,75.0,Not Applicable,Not Applicable,No,Not Applicable,721,Cash,7,3.7,3.8
2024-07-09 02:55:00,CNR2735200829,Driver Not Found,CID412551,Mini,Mysore Road,Hebbal,,,Not Applicable,Not Applicable,Not Applicable,Not Applicable,813,Not Applicable,0,,
2024-07-04 17:30:00,CNR1223638220,Success,CID596119,Bike,Chickpet,Hennur,210.0,140.0,Not Applicable,Not Applicable,No,Not Applicable,770,UPI,41,4.1,3.3
2024-07-06 16:33:00,CNR1711807354,Success,CID267119,Prime Sedan,Shantinagar,Chamarajpet,112.0,115.0,Not Applicable,Not Applicable,No,Not Applicable,357,UPI,14,4.8,4.0
2024-07-01 01:21:00,CNR6942276519,Success,CID169888,Auto,Kammanahalli,Richmond Town,91.0,90.0,Not Applicable,Not Applicable,No,Not Applicable,184,UPI,16,3.4,4.4
2024-07-05 12:41:00,CNR1687242554,Success,CID957861,Prime Sedan,Basavanagudi,Chamarajpet,196.0,110.0,Not Applicable,Not Applicable,No,Not Applicable,337,Cash,16,4.3,3.0
2024-07-12 17:18:00,CNR5639593578,Success,CID283853,Mini,Banashankari,Vijayanagar,154.0,110.0,Not Applicable,Not Applicable,No,Not Applicable,953,Cash,25,3.8,3.4
2024-07-23 11:08:00,CNR2851438880,Success,CID566275,Bike,Rajajinagar,Magadi Road,105.0,105.0,Not Applicable,Not Applicable,No,Not Applicable,678,Cash,39,3.8,3.6
2024-07-07 17:39:00,CNR5767132428,Canceled by Driver,CID379280,Prime Sedan,Bannerghatta Road,Electronic City,,,Not Applicable,More than permitted people in there,Not Applicable,Not Applicable,2075,Not Applicable,0,,
2024-07-19 07:29:00,CNR1563441305,Success,CID650551,Mini,Hennur,Banashankari,273.0,130.0,Not Applicable,Not Applicable,No,Not Applicable,819,Cash,1,3.8,3.9
2024-07-05 17:14:00,CNR6993010904,Canceled by Driver,CID386504,Bike,Yeshwanthpur,KR Puram,,,Not Applicable,Customer was coughing/sick,Not Applicable,Not Applicable,448,Not Applicable,0,,
2024-07-09 13:22:00,CNR7364662537,Success,CID562772,Prime SUV,Yeshwanthpur,Tumkur Road,70.0,90.0,Not Applicable,Not Applicable,No,Not Applicable,771,UPI,2,3.8,3.2
2024-07-28 15:35:00,CNR8165100515,Canceled by Customer,CID103134,Prime Plus,Indiranagar,Hulimavu,,,Change of plans,Not Applicable,Not Applicable,Not Applicable,2862,Not Applicable,0,,
2024-07-07 09:58:00,CNR1184908411,Canceled by Customer,CID343186,Mini,Bellandur,Bellandur,,,Change of plans,Not Applicable,Not Applicable,Not Applicable,666,Not Applicable,0,,
2024-07-09 21:20:00,CNR4034167636,Success,CID372083,Auto,Nagarbhavi,Peenya,161.0,50.0,Not Applicable,Not Applicable,No,Not Applicable,1634,UPI,3,3.3,4.8
2024-07-22 18:30:00,CNR2147743755,Success,CID362429,eBike,Whitefield,Electronic City,280.0,120.0,Not Applicable,Not Applicable,No,Not Applicable,247,Cash,38,4.0,4.3
2024-07-17 00:37:00,CNR1422688325,Success,CID478796,Mini,Varthur,HSR Layout,217.0,135.0,Not Applicable,Not Applicable,No,Not Applicable,109,UPI,49,3.3,3.2
2024-07-07 05:02:00,CNR9433738349,Driver Not Found,CID693254,Bike,Marathahalli,Langford Town,,,Not Applicable,Not Applicable,Not Applicable,Not Applicable,1413,Not Applicable,0,,
2024-07-11 18:37:00,CNR7483786532,Success,CID506822,Bike,Devanahalli,Marathahalli,259.0,140.0,Not Applicable,Not Applicable,No,Not Applicable,277,Cash,34,3.4,4.4
2024-07-16 17:24:00,CNR3691286582,Canceled by Customer,CID629227,Mini,Peenya,Shivajinagar,,,Driver is not moving towards pickup location,Not Applicable,Not Applicable,Not Applicable,381,Not Applicable,0,,
2024-07-14 23:09:00,CNR2572270704,Success,CID218811,Prime SUV,MG Road,Tumkur Road,105.0,40.0,Not Applicable,Not Applicable,No,Not Applicable,2563,UPI,11,4.3,4.0
2024-07-28 00:56:00,CNR1109509483,Success,CID898951,Auto,Hebbal,Peenya,259.0,25.0,Not Applicable,Not Applicable,No,Not Applicable,1938,UPI,10,3.1,4.9
2024-07-21 17:35:00,CNR2834896130,Success,CID630478,Bike,Kadugodi,Mysore Road,224.0,125.0,Not Applicable,Not Applicable,No,Not Applicable,176,Cash,14,3.8,3.2
2024-07-02 06:23:00,CNR9050616850,Success,CID452758,Prime Plus,Indiranagar,Majestic,217.0,55.0,Not Applicable,Not Applicable,Yes,Customer Demand,151,Cash,21,4.9,3.6
2024-07-16 19:48:00,CNR8064950092,Success,CID617709,Bike,JP Nagar,Marathahalli,189.0,95.0,Not Applicable,Not Applicable,No,Not Applicable,354,UPI,26,3.3,4.4
2024-07-15 22:37:00,CNR2746270395,Driver Not Found,CID549831,Prime Plus,KR Puram,Marathahalli,,,Not Applicable,Not Applicable,Not Applicable,Not Applicable,359,Not Applicable,0,,
2024-07-19 03:37:00,CNR6026510549,Success,CID101725,Prime Plus,Indiranagar,Shantinagar,189.0,100.0,Not Applicable,Not Applicable,No,Not Applicable,203,Cash,42,3.1,3.9
2024-07-30 21:50:00,CNR9706651088,Driver Not Found,CID936145,Mini,Basavanagudi,Jayanagar,,,Not Applicable,Not Applicable,Not Applicable,Not Applicable,391,Not Applicable,0,,
2024-07-20 18:40:00,CNR8462072971,Success,CID247288,eBike,Jayanagar,Koramangala,224.0,125.0,Not Applicable,Not Applicable,No,Not Applicable,364,UPI,45,3.5,4.3
2024-07-09 08:11:00,CNR8172914042,Success,CID942574,eBike,Yeshwanthpur,Koramangala,98.0,65.0,Not Applicable,Not Applicable,No,Not Applicable,170,Cash,22,3.7,3.6
2024-07-24 09:50:00,CNR3573259533,Success,CID843543,eBike,Indiranagar,Cox Town,161.0,85.0,Not Applicable,Not Applicable,No,Not Applicable,945,UPI,26,4.7,3.4
2024-07-16 17:10:00,CNR9022748323,Success,CID558011,Auto,Jayanagar,Vijayanagar,77.0,40.0,Not Applicable,Not Applicable,No,Not Applicable,179,Cash,17,3.6,4.4
2024-07-30 13:35:00,CNR3499052989,Success,CID491145,Bike,Marathahalli,Bellandur,133.0,25.0,Not Applicable,Not Applicable,No,Not Applicable,263,Cash,43,3.3,3.4
2024-07-05 12:18:00,CNR1138925977,Success,CID947749,Prime SUV,Koramangala,Rajarajeshwari Nagar,287.0,135.0,Not Applicable,Not Applicable,No,Not Applicable,456,Cash,21,4.7,4.9
2024-07-15 10:56:00,CNR7144410316,Driver Not Found,CID830003,Prime Plus,Hennur,Varthur,,,Not Applicable,Not Applicable,Not Applicable,Not Applicable,415,Not Applicable,0,,
2024-07-04 02:54:00,CNR6103597623,Success,CID766708,Prime Plus,MG Road,Hebbal,301.0,135.0,Not Applicable,Not Applicable,No,Not Applicable,357,Cash,13,3.6,4.9
2024-07-12 20:17:00,CNR4710494154,Success,CID205062,Prime Sedan,Chamarajpet,Tumkur Road,84.0,90.0,Not Applicable,Not Applicable,No,Not Applicable,368,Cash,38,4.7,5.0
2024-07-16 02:37:00,CNR2515539766,Success,CID730386,Prime Plus,Majestic,JP Nagar,63.0,55.0,Not Applicable,Not Applicable,No,Not Applicable,408,Cash,18,4.2,3.6
2024-07-20 14:55:00,CNR5958406040,Driver Not Found,CID213309,eBike,Bellandur,Bannerghatta Road,,,Not Applicable,Not Applicable,Not Applicable,Not Applicable,1823,Not Applicable,0,,
2024-07-09 01:55:00,CNR9318105204,Canceled by Driver,CID732795,Mini,KR Puram,Whitefield,,,Not Applicable,Personal & Car related issue,Not Applicable,Not Applicable,464,Not Applicable,0,,
2024-07-19 23:38:00,CNR1222005096,Success,CID267677,Mini,Marathahalli,Shantinagar,301.0,35.0,Not Applicable,Not Applicable,No,Not Applicable,325,UPI,26,4.1,4.9
2024-07-28 12:38:00,CNR9223580626,Canceled by Driver,CID425066,Prime Sedan,Banashankari,Magadi Road,,,Not Applicable,Personal & Car related issue,Not Applicable,Not Applicable,408,Not Applicable,0,,
2024-07-04 08:25:00,CNR8501079706,Success,CID977319,Prime Plus,Jayanagar,JP Nagar,210.0,50.0,Not Applicable,Not Applicable,No,Not Applicable,418,UPI,47,4.2,4.1
2024-07-12 00:43:00,CNR2969785296,Success,CID195102,Prime SUV,Ulsoor,Basavanagudi,42.0,115.0,Not Applicable,Not Applicable,No,Not Applicable,459,Cash,37,3.8,4.4
2024-07-15 07:52:00,CNR1868177828,Success,CID526311,Auto,Shantinagar,Indiranagar,196.0,80.0,Not Applicable,Not Applicable,No,Not Applicable,274,Cash,13,3.1,3.9
2024-07-02 22:08:00,CNR8994367687,Success,CID850206,Bike,MG Road,Ramamurthy Nagar,77.0,145.0,Not Applicable,Not Applicable,No,Not Applicable,114,UPI,4,4.9,4.5
2024-07-18 00:37:00,CNR2861701415,Canceled by Customer,CID238719,Mini,Yeshwanthpur,Chamarajpet,,,Change of plans,Not Applicable,Not Applicable,Not Applicable,750,Not Applicable,0,,
2024-07-16 09:01:00,CNR9340628387,Success,CID280846,Prime Sedan,Basavanagudi,Hosur Road,91.0,120.0,Not Applicable,Not Applicable,No,Not Applicable,950,Credit Card,27,4.2,3.6
2024-07-14 15:06:00,CNR7774229401,Canceled by Customer,CID323578,Prime Sedan,Koramangala,Rajajinagar,,,Driver is not moving towards pickup location,Not Applicable,Not Applicable,Not Applicable,1375,Not Applicable,0,,
2024-07-09 00:13:00,CNR7772487552,Success,CID422523,Bike,Yelahanka,Cox Town,224.0,25.0,Not Applicable,Not Applicable,Yes,Customer Demand,154,Credit Card,30,4.1,4.7
2024-07-19 02:31:00,CNR9735153842,Canceled by Driver,CID916607,Prime Sedan,Indiranagar,Ulsoor,,,Not Applicable,Customer related issue,Not Applicable,Not Applicable,461,Not Applicable,0,,
2024-07-24 14:38:00,CNR2957513125,Success,CID701573,Bike,Kengeri,Malleshwaram,98.0,105.0,Not Applicable,Not Applicable,No,Not Applicable,476,UPI,31,4.6,4.6
2024-07-29 14:34:00,CNR7104577765,Canceled by Driver,CID612744,Prime Sedan,Electronic City,Langford Town,,,Not Applicable,Customer related issue,Not Applicable,Not Applicable,396,Not Applicable,0,,
2024-07-13 15:36:00,CNR9298464364,Success,CID744060,Mini,Hulimavu,Basavanagudi,168.0,30.0,Not Applicable,Not Applicable,Yes,Other Issue,402,Cash,16,4.7,3.2
2024-07-13 02:44:00,CNR5628531002,Success,CID109721,Prime Plus,Langford Town,BTM Layout,280.0,40.0,Not Applicable,Not Applicable,No,Not Applicable,2548,Cash,11,3.0,3.5
2024-07-10 09:51:00,CNR8864168526,Canceled by Driver,CID457876,Auto,Kadugodi,Cox Town,,,Not Applicable,Customer related issue,Not Applicable,Not Applicable,415,Not Applicable,0,,
2024-07-14 14:28:00,CNR2384296340,Canceled by Driver,CID413680,Prime Sedan,Shivajinagar,Varthur,,,Not Applicable,Customer related issue,Not Applicable,Not Applicable,2851,Not Applicable,0,,
2024-07-28 08:23:00,CNR4756644824,Success,CID885914,Prime Sedan,Hennur,Magadi Road,252.0,95.0,Not Applicable,Not Applicable,No,Not Applicable,245,Cash,26,4.6,3.9
2024-07-02 14:56:00,CNR5893033495,Canceled by Driver,CID601356,Prime Plus,Marathahalli,Richmond Town,,,Not Applicable,Personal & Car related issue,Not Applicable,Not Applicable,387,Not Applicable,0,,
2024-07-20 19:46:00,CNR6962683575,Canceled by Customer,CID968095,Auto,HSR Layout,Padmanabhanagar,,,Driver asked to cancel,Not Applicable,Not Applicable,Not Applicable,154,Not Applicable,0,,
2024-07-27 22:01:00,CNR6598438814,Success,CID937334,Prime SUV,Hulimavu,RT Nagar,238.0,65.0,Not Applicable,Not Applicable,No,Not Applicable,443,UPI,4,3.9,3.8
2024-07-12 03:34:00,CNR6365968738,Success,CID558141,Prime SUV,Shantinagar,Nagarbhavi,168.0,100.0,Not Applicable,Not Applicable,No,Not Applicable,175,Cash,7,3.6,3.3
2024-07-10 03:56:00,CNR7111507507,Success,CID404866,Prime Sedan,Cox Town,Magadi Road,238.0,45.0,Not Applicable,Not Applicable,No,Not Applicable,392,UPI,29,4.1,4.5
2024-07-24 10:40:00,CNR3365593692,Success,CID598752,Auto,Basavanagudi,Padmanabhanagar,182.0,140.0,Not Applicable,Not Applicable,No,Not Applicable,325,UPI,2,4.5,3.3
2024-07-06 17:15:00,CNR8531969368,Success,CID836869,Prime Plus,Varthur,Ramamurthy Nagar,147.0,50.0,Not Applicable,Not Applicable,No,Not Applicable,307,UPI,45,3.7,3.9
2024-07-28 21:48:00,CNR2255606910,Canceled by Driver,CID769389,Bike,Richmond Town,Chickpet,,,Not Applicable,More than permitted people in there,Not Applicable,Not Applicable,402,Not Applicable,0,,
2024-07-23 07:53:00,CNR8542612366,Canceled by Driver,CID621987,Bike,Hennur,HSR Layout,,,Not Applicable,Personal & Car related issue,Not Applicable,Not Applicable,335,Not Applicable,0,,
2024-07-06 08:53:00,CNR5049741065,Success,CID794513,Mini,Cox Town,JP Nagar,147.0,55.0,Not Applicable,Not Applicable,No,Not Applicable,637,UPI,27,4.8,3.8
2024-07-25 10:12:00,CNR8273043242,Success,CID325637,Prime SUV,Sahakar Nagar,Shivajinagar,273.0,90.0,Not Applicable,Not Applicable,No,Not Applicable,660,Cash,37,4.3,4.5
2024-07-08 04:18:00,CNR2672685706,Success,CID295357,Prime Plus,MG Road,Richmond Town,259.0,45.0,Not Applicable,Not Applicable,No,Not Applicable,290,UPI,19,5.0,4.3
2024-07-17 19:55:00,CNR7544209096,Success,CID697914,Prime Sedan,Indiranagar,HSR Layout,119.0,55.0,Not Applicable,Not Applicable,No,Not Applicable,972,UPI,41,4.3,4.0
2024-07-24 13:25:00,CNR6012790036,Success,CID427852,Bike,Frazer Town,Peenya,147.0,50.0,Not Applicable,Not Applicable,No,Not Applicable,716,UPI,42,4.7,4.6
2024-07-07 20:19:00,CNR4772389003,Canceled by Driver,CID141622,Prime Plus,Ulsoor,Padmanabhanagar,,,Not Applicable,Personal & Car related issue,Not Applicable,Not Applicable,265,Not Applicable,0,,
2024-07-15 08:40:00,CNR9995445769,Success,CID180980,eBike,Banashankari,Electronic City,35.0,105.0,Not Applicable,Not Applicable,No,Not Applicable,2103,UPI,22,3.5,4.0
2024-07-01 18:29:00,CNR1520934955,Success,CID842217,Prime Sedan,Vijayanagar,Peenya,63.0,125.0,Not Applicable,Not Applicable,No,Not Applicable,185,Cash,40,3.5,4.5
2024-07-18 13:20:00,CNR8412775671,Success,CID945840,Prime SUV,Hulimavu,Vijayanagar,224.0,135.0,Not Applicable,Not Applicable,Yes,Vehicle Breakdown,223,UPI,32,4.4,4.1
2024-07-02 06:13:00,CNR1847741595,Success,CID899261,eBike,Indiranagar,Frazer Town,133.0,145.0,Not Applicable,Not Applicable,No,Not Applicable,960,Debit Card,35,3.0,3.3
2024-07-03 06:25:00,CNR4071890081,Success,CID159013,Prime Sedan,Kadugodi,KR Puram,70.0,60.0,Not Applicable,Not Applicable,No,Not Applicable,290,Cash,46,4.0,3.1
2024-07-23 08:35:00,CNR8428810985,Canceled by Customer,CID129045,Prime Sedan,Rajarajeshwari Nagar,Majestic,,,Driver is not moving towards pickup location,Not Applicable,Not Applicable,Not Applicable,488,Not Applicable,0,,
2024-07-09 11:48:00,CNR7586944627,Canceled by Driver,CID815060,Prime SUV,Yeshwanthpur,Chickpet,,,Not Applicable,Personal & Car related issue,Not Applicable,Not Applicable,507,Not Applicable,0,,
2024-07-06 16:55:00,CNR6099225424,Success,CID213286,Bike,Hosur Road,Kammanahalli,245.0,40.0,Not Applicable,Not Applicable,No,Not Applicable,2235,Cash,14,4.5,4.5
2024-07-11 13:42:00,CNR2292466792,Success,CID294004,eBike,Peenya,HSR Layout,287.0,105.0,Not Applicable,Not Applicable,No,Not Applicable,215,UPI,5,4.1,5.0
2024-07-19 19:29:00,CNR1800217163,Success,CID636653,Prime Plus,Rajarajeshwari Nagar,Kengeri,252.0,140.0,Not Applicable,Not Applicable,No,Not Applicable,478,UPI,49,3.8,3.3
2024-07-10 09:22:00,CNR2788393392,Canceled by Driver,CID645901,Mini,HSR Layout,Shivajinagar,,,Not Applicable,Personal & Car related issue,Not Applicable,Not Applicable,269,Not Applicable,0,,
2024-07-15 05:21:00,CNR5923820744,Success,CID673061,Bike,Peenya,Yelahanka,35.0,140.0,Not Applicable,Not Applicable,No,Not Applicable,170,Cash,19,4.1,3.1
2024-07-07 22:45:00,CNR5516500350,Success,CID747030,Prime Sedan,KR Puram,Kadugodi,161.0,125.0,Not Applicable,Not Applicable,No,Not Applicable,315,UPI,35,4.5,3.6
2024-07-01 01:14:00,CNR2859454044,Success,CID889055,Mini,Richmond Town,Ulsoor,175.0,25.0,Not Applicable,Not Applicable,No,Not Applicable,220,Cash,36,3.7,4.8
2024-07-15 01:44:00,CNR1492612791,Driver Not Found,CID899128,eBike,Indiranagar,HSR Layout,,,Not Applicable,Not Applicable,Not Applicable,Not Applicable,102,Not Applicable,0,,
2024-07-05 13:37:00,CNR9167286368,Success,CID416937,Mini,Nagarbhavi,Chamarajpet,154.0,75.0,Not Applicable,Not Applicable,No,Not Applicable,717,UPI,25,3.1,3.1
2024-07-26 23:15:00,CNR6569755905,Success,CID254931,Prime SUV,Mysore Road,Hebbal,238.0,95.0,Not Applicable,Not Applicable,No,Not Applicable,577,Cash,32,4.7,4.8
2024-07-30 22:07:00,CNR8491826623,Success,CID534038,Mini,Mysore Road,Varthur,119.0,110.0,Not Applicable,Not Applicable,No,Not Applicable,181,UPI,18,3.1,4.4
2024-07-29 11:27:00,CNR9237911996,Success,CID442987,eBike,Hebbal,BTM Layout,98.0,80.0,Not Applicable,Not Applicable,No,Not Applicable,241,Cash,30,4.0,4.2
2024-07-03 10:13:00,CNR7898967383,Success,CID173967,Auto,Yeshwanthpur,Chickpet,49.0,55.0,Not Applicable,Not Applicable,No,Not Applicable,388,UPI,2,4.2,3.1
2024-07-01 17:57:00,CNR8140500218,Success,CID916364,eBike,Yelahanka,Electronic City,112.0,70.0,Not Applicable,Not Applicable,No,Not Applicable,820,UPI,15,4.1,4.4
2024-07-19 11:44:00,CNR2998116820,Driver Not Found,CID918129,Prime Sedan,Frazer Town,BTM Layout,,,Not Applicable,Not Applicable,Not Applicable,Not Applicable,771,Not Applicable,0,,
2024-07-21 00:48:00,CNR9785953702,Success,CID220663,Prime Sedan,Varthur,Padmanabhanagar,287.0,80.0,Not Applicable,Not Applicable,No,Not Applicable,1521,Cash,10,3.1,4.4
2024-07-30 23:30:00,CNR4760219955,Success,CID973519,eBike,Magadi Road,Koramangala,147.0,50.0,Not Applicable,Not Applicable,No,Not Applicable,263,Cash,37,3.9,4.2
2024-07-13 21:13:00,CNR9990069814,Driver Not Found,CID291082,Mini,Whitefield,Ulsoor,,,Not Applicable,Not Applicable,Not Applicable,Not Applicable,143,Not Applicable,0,,
2024-07-27 02:08:00,CNR5532635393,Success,CID450791,eBike,Hennur,Tumkur Road,112.0,95.0,Not Applicable,Not Applicable,No,Not Applicable,191,Cash,24,4.9,3.6
2024-07-18 19:47:00,CNR6474493890,Canceled by Driver,CID762418,Prime Plus,Hennur,Majestic,,,Not Applicable,Customer related issue,Not Applicable,Not Applicable,388,Not Applicable,0,,
2024-07-26 04:29:00,CNR4169520384,Canceled by Driver,CID525467,Prime Sedan,Bellandur,RT Nagar,,,Not Applicable,Customer related issue,Not Applicable,Not Applicable,424,Not Applicable,0,,
2024-07-01 15:32:00,CNR7273298094,Success,CID148901,Auto,Shivajinagar,Cox Town,308.0,140.0,Not Applicable,Not Applicable,No,Not Applicable,163,Credit Card,5,4.8,4.6
2024-07-02 15:17:00,CNR8471911000,Success,CID354637,Prime SUV,Tumkur Road,Majestic,182.0,65.0,Not Applicable,Not Applicable,No,Not Applicable,2785,Cash,48,3.8,4.0
2024-07-06 17:21:00,CNR7545562781,Success,CID422872,Prime Plus,Kengeri,KR Puram,42.0,60.0,Not Applicable,Not Applicable,No,Not Applicable,962,Cash,49,3.8,4.1
2024-07-09 21:27:00,CNR5832357693,Canceled by Driver,CID412182,Mini,Rajajinagar,Hebbal,,,Not Applicable,Customer related issue,Not Applicable,Not Applicable,180,Not Applicable,0,,
2024-07-14 02:08:00,CNR8587878214,Driver Not Found,CID824915,Prime Sedan,Langford Town,Yelahanka,,,Not Applicable,Not Applicable,Not Applicable,Not Applicable,337,Not Applicable,0,,
2024-07-21 23:20:00,CNR7809321470,Success,CID320532,Prime Plus,Hennur,Devanahalli,133.0,140.0,Not Applicable,Not Applicable,No,Not Applicable,896,Cash,5,4.1,4.2
2024-07-11 15:16:00,CNR6720004308,Success,CID113173,Prime Plus,MG Road,Shantinagar,294.0,100.0,Not Applicable,Not Applicable,No,Not Applicable,557,UPI,7,4.6,3.8
2024-07-19 21:37:00,CNR8571780993,Success,CID937807,Prime Plus,JP Nagar,Magadi Road,42.0,145.0,Not Applicable,Not Applicable,No,Not Applicable,866,Cash,30,4.8,4.6
2024-07-10 12:34:00,CNR4098271119,Success,CID595608,Mini,Magadi Road,Electronic City,231.0,130.0,Not Applicable,Not Applicable,No,Not Applicable,390,UPI,40,4.0,4.3
2024-07-16 19:05:00,CNR5947752793,Success,CID645622,eBike,Frazer Town,Ulsoor,231.0,95.0,Not Applicable,Not Applicable,No,Not Applicable,291,Cash,30,4.7,3.3
2024-07-07 01:55:00,CNR1645927028,Success,CID632564,Bike,Kammanahalli,RT Nagar,42.0,90.0,Not Applicable,Not Applicable,No,Not Applicable,280,UPI,35,3.1,4.0
2024-07-14 02:59:00,CNR2754321943,Success,CID332724,Auto,Koramangala,MG Road,266.0,115.0,Not Applicable,Not Applicable,No,Not Applicable,121,Cash,2,3.1,3.8
2024-07-26 21:59:00,CNR8219107666,Success,CID488580,Mini,Bellandur,Ramamurthy Nagar,245.0,70.0,Not Applicable,Not Applicable,No,Not Applicable,390,Cash,8,4.4,3.5
2024-07-04 17:59:00,CNR7837054382,Success,CID844042,Prime Sedan,Richmond Town,KR Puram,168.0,55.0,Not Applicable,Not Applicable,No,Not Applicable,709,UPI,40,4.5,3.6
2024-07-25 21:09:00,CNR9313227302,Success,CID275322,Bike,Frazer Town,Malleshwaram,210.0,95.0,Not Applicable,Not Applicable,No,Not Applicable,129,UPI,25,3.9,3.7
2024-07-10 03:56:00,CNR5370717226,Success,CID715419,Prime Sedan,Yeshwanthpur,Magadi Road,217.0,85.0,Not Applicable,Not Applicable,No,Not Applicable,243,Cash,31,3.8,3.7
2024-07-13 19:39:00,CNR5076986204,Success,CID230749,Prime Sedan,Sahakar Nagar,RT Nagar,105.0,115.0,Not Applicable,Not Applicable,No,Not Applicable,955,UPI,21,4.4,4.8
2024-07-13 04:48:00,CNR1382786777,Canceled by Customer,CID540177,Mini,JP Nagar,Majestic,,,Wrong Address,Not Applicable,Not Applicable,Not Applicable,113,Not Applicable,0,,
2024-07-12 07:48:00,CNR7666683009,Success,CID703410,Prime Sedan,Chamarajpet,Devanahalli,42.0,95.0,Not Applicable,Not Applicable,No,Not Applicable,463,UPI,41,4.2,4.6
2024-07-05 10:20:00,CNR5085069099,Success,CID716571,Prime Plus,Ulsoor,Cox Town,154.0,145.0,Not Applicable,Not Applicable,No,Not Applicable,137,Cash,9,3.9,4.1
2024-07-26 14:03:00,CNR2835278068,Success,CID344423,Prime Sedan,Malleshwaram,Devanahalli,287.0,60.0,Not Applicable,Not Applicable,No,Not Applicable,341,UPI,30,4.9,3.0
2024-07-15 11:54:00,CNR6281134007,Success,CID285129,Prime SUV,Hosur Road,Ulsoor,287.0,60.0,Not Applicable,Not Applicable,No,Not Applicable,266,Cash,30,4.9,3.5
2024-07-20 08:52:00,CNR5804687636,Success,CID665264,Bike,Hennur,RT Nagar,147.0,145.0,Not Applicable,Not Applicable,No,Not Applicable,259,Cash,49,3.6,3.1
2024-07-15 20:23:00,CNR4300194415,Success,CID913523,Prime SUV,Magadi Road,RT Nagar,112.0,115.0,Not Applicable,Not Applicable,No,Not Applicable,555,UPI,33,3.8,4.3
2024-07-15 08:33:00,CNR5155919319,Success,CID496582,Prime Sedan,Majestic,Shivajinagar,252.0,30.0,Not Applicable,Not Applicable,No,Not Applicable,605,Cash,1,4.8,3.8
2024-07-09 10:37:00,CNR5557335592,Canceled by Driver,CID957083,Mini,Hebbal,KR Puram,,,Not Applicable,Customer related issue,Not Applicable,Not Applicable,339,Not Applicable,0,,
2024-07-21 01:38:00,CNR1704172660,Success,CID885580,Mini,Mysore Road,Ramamurthy Nagar,98.0,45.0,Not Applicable,Not Applicable,No,Not Applicable,261,Cash,45,3.2,4.1
2024-07-24 05:49:00,CNR8195133659,Success,CID463646,Mini,Sarjapur Road,Hennur,231.0,115.0,Not Applicable,Not Applicable,No,Not Applicable,816,UPI,32,4.0,4.8
2024-07-30 09:22:00,CNR9458790166,Success,CID983014,Mini,MG Road,Kengeri,98.0,145.0,Not Applicable,Not Applicable,No,Not Applicable,188,Cash,28,3.2,4.1
2024-07-07 17:41:00,CNR3943086059,Canceled by Driver,CID259774,Bike,Chamarajpet,Kammanahalli,,,Not Applicable,Customer was coughing/sick,Not Applicable,Not Applicable,2246,Not Applicable,0,,
2024-07-05 09:21:00,CNR4195845721,Success,CID241993,Auto,Hebbal,Padmanabhanagar,42.0,95.0,Not Applicable,Not Applicable,No,Not Applicable,125,UPI,8,4.9,3.1
2024-07-28 23:36:00,CNR9716801404,Driver Not Found,CID620211,Auto,Sahakar Nagar,Nagarbhavi,,,Not Applicable,Not Applicable,Not Applicable,Not Applicable,112,Not Applicable,0,,
2024-07-02 23:46:00,CNR4328801142,Success,CID696972,eBike,Whitefield,Chickpet,91.0,145.0,Not Applicable,Not Applicable,No,Not Applicable,361,Cash,4,4.7,4.1
2024-07-12 21:11:00,CNR6839351592,Driver Not Found,CID267895,Prime Sedan,Ulsoor,Marathahalli,,,Not Applicable,Not Applicable,Not Applicable,Not Applicable,700,Not Applicable,0,,
2024-07-19 03:37:00,CNR7847981504,Driver Not Found,CID615406,Auto,Malleshwaram,Kammanahalli,,,Not Applicable,Not Applicable,Not Applicable,Not Applicable,444,Not Applicable,0,,
2024-07-23 07:39:00,CNR8352918753,Canceled by Customer,CID971831,Bike,Rajajinagar,Varthur,,,Wrong Address,Not Applicable,Not Applicable,Not Applicable,471,Not Applicable,0,,
2024-07-01 09:52:00,CNR9385608108,Success,CID158008,Mini,Langford Town,Ulsoor,196.0,120.0,Not Applicable,Not Applicable,No,Not Applicable,411,UPI,24,3.9,4.2
2024-07-19 13:30:00,CNR4349429515,Success,CID209387,Auto,Chamarajpet,Rajarajeshwari Nagar,294.0,100.0,Not Applicable,Not Applicable,No,Not Applicable,252,Cash,19,3.1,4.8
2024-07-06 08:03:00,CNR7527445860,Canceled by Driver,CID755482,Prime Plus,Ulsoor,Koramangala,,,Not Applicable,Personal & Car related issue,Not Applicable,Not Applicable,178,Not Applicable,0,,
2024-07-17 01:43:00,CNR6002923493,Canceled by Driver,CID147876,Prime SUV,Hulimavu,Kammanahalli,,,Not Applicable,Customer was coughing/sick,Not Applicable,Not Applicable,411,Not Applicable,0,,
2024-07-21 07:59:00,CNR3603289973,Canceled by Driver,CID163472,Bike,Tumkur Road,Basavanagudi,,,Not Applicable,Customer was coughing/sick,Not Applicable,Not Applicable,442,Not Applicable,0,,
2024-07-10 14:38:00,CNR4571911886,Canceled by Customer,CID358220,Auto,Yelahanka,Hosur Road,,,Driver asked to cancel,Not Applicable,Not Applicable,Not Applicable,245,Not Applicable,0,,
2024-07-21 19:15:00,CNR9687262201,Success,CID272798,Prime SUV,Varthur,Peenya,140.0,85.0,Not Applicable,Not Applicable,No,Not Applicable,245,Cash,48,4.1,3.6
2024-07-20 07:00:00,CNR2853632937,Driver Not Found,CID621547,Auto,Yelahanka,Devanahalli,,,Not Applicable,Not Applicable,Not Applicable,Not Applicable,207,Not Applicable,0,,
2024-07-29 12:45:00,CNR3825557987,Canceled by Driver,CID100620,eBike,Nagarbhavi,HSR Layout,,,Not Applicable,Customer related issue,Not Applicable,Not Applicable,936,Not Applicable,0,,
2024-07-12 02:30:00,CNR4633266548,Success,CID446476,Bike,Banashankari,RT Nagar,133.0,75.0,Not Applicable,Not Applicable,No,Not Applicable,317,Cash,34,3.6,3.5
2024-07-20 12:08:00,CNR1438575368,Canceled by Customer,CID475879,Prime SUV,Sahakar Nagar,HSR Layout,,,Wrong Address,Not Applicable,Not Applicable,Not Applicable,376,Not Applicable,0,,
2024-07-08 10:09:00,CNR2285928853,Success,CID748702,Mini,HSR Layout,Bellandur,161.0,125.0,Not Applicable,Not Applicable,No,Not Applicable,994,Cash,27,4.3,4.9
2024-07-10 08:49:00,CNR8078135131,Success,CID342703,eBike,Malleshwaram,Vijayanagar,91.0,125.0,Not Applicable,Not Applicable,No,Not Applicable,185,Cash,12,3.6,3.6
2024-07-11 04:52:00,CNR9481715601,Success,CID403519,Auto,Yelahanka,Sarjapur Road,126.0,65.0,Not Applicable,Not Applicable,No,Not Applicable,979,Cash,17,4.1,3.0
2024-07-09 00:26:00,CNR1281218655,Canceled by Driver,CID461590,eBike,Bannerghatta Road,Richmond Town,,,Not Applicable,Customer was coughing/sick,Not Applicable,Not Applicable,875,Not Applicable,0,,
2024-07-20 05:19:00,CNR6395059804,Success,CID190614,eBike,Basavanagudi,Jayanagar,231.0,30.0,Not Applicable,Not Applicable,No,Not Applicable,887,UPI,9,5.0,3.7
2024-07-15 14:04:00,CNR6549881713,Success,CID833462,Auto,Cox Town,Langford Town,238.0,40.0,Not Applicable,Not Applicable,No,Not Applicable,755,UPI,5,3.9,3.6
2024-07-01 20:52:00,CNR5410375869,Canceled by Driver,CID932346,Prime SUV,Chamarajpet,Vijayanagar,,,Not Applicable,Personal & Car related issue,Not Applicable,Not Applicable,372,Not Applicable,0,,
2024-07-30 07:47:00,CNR9420173285,Success,CID600983,Prime Sedan,Indiranagar,Electronic City,98.0,100.0,Not Applicable,Not Applicable,No,Not Applicable,761,Cash,37,4.4,4.4
2024-07-12 06:36:00,CNR9038549519,Success,CID789223,Mini,Ulsoor,Basavanagudi,182.0,135.0,Not Applicable,Not Applicable,No,Not Applicable,295,Cash,46,3.9,4.5
2024-07-17 23:21:00,CNR7543055300,Success,CID589365,eBike,Kammanahalli,Tumkur Road,98.0,25.0,Not Applicable,Not Applicable,No,Not Applicable,325,UPI,3,4.7,3.2
2024-07-25 10:54:00,CNR5773500192,Success,CID881098,Bike,Yelahanka,Whitefield,203.0,60.0,Not Applicable,Not Applicable,No,Not Applicable,390,UPI,13,3.2,3.9
2024-07-22 09:57:00,CNR7709693126,Success,CID570330,Auto,Whitefield,Frazer Town,70.0,90.0,Not Applicable,Not Applicable,No,Not Applicable,357,UPI,12,4.8,3.7
2024-07-30 12:47:00,CNR8534587550,Success,CID333767,Bike,Yeshwanthpur,Sahakar Nagar,168.0,65.0,Not Applicable,Not Applicable,No,Not Applicable,416,Cash,26,4.1,4.9
2024-07-07 20:11:00,CNR4240751131,Success,CID831095,Prime SUV,Hennur,Basavanagudi,126.0,55.0,Not Applicable,Not Applicable,No,Not Applicable,512,Cash,43,4.9,3.4
2024-07-14 04:06:00,CNR8772032908,Canceled by Driver,CID597369,eBike,MG Road,Yeshwanthpur,,,Not Applicable,Customer related issue,Not Applicable,Not Applicable,175,Not Applicable,0,,
2024-07-27 14:18:00,CNR6310494237,Success,CID640714,Mini,Koramangala,Cox Town,98.0,80.0,Not Applicable,Not Applicable,No,Not Applicable,1231,UPI,25,4.5,4.9
2024-07-03 23:02:00,CNR7800099411,Driver Not Found,CID845838,Prime Sedan,KR Puram,Nagarbhavi,,,Not Applicable,Not Applicable,Not Applicable,Not Applicable,340,Not Applicable,0,,
2024-07-10 06:44:00,CNR3340457918,Canceled by Customer,CID523315,Prime Plus,Cox Town,Cox Town,,,Wrong Address,Not Applicable,Not Applicable,Not Applicable,441,Not Applicable,0,,
2024-07-23 12:03:00,CNR3270361737,Canceled by Driver,CID141524,Auto,Ulsoor,Kammanahalli,,,Not Applicable,Customer was coughing/sick,Not Applicable,Not Applicable,219,Not Applicable,0,,
2024-07-12 23:21:00,CNR5165777846,Success,CID747205,eBike,Sahakar Nagar,Whitefield,308.0,45.0,Not Applicable,Not Applicable,No,Not Applicable,561,Cash,28,4.9,4.4
2024-07-24 13:12:00,CNR4813404298,Canceled by Driver,CID688601,eBike,Bellandur,Sarjapur Road,,,Not Applicable,More than permitted people in there,Not Applicable,Not Applicable,133,Not Applicable,0,,
2024-07-29 23:09:00,CNR6585054545,Success,CID553073,Prime Plus,Shantinagar,Yelahanka,63.0,25.0,Not Applicable,Not Applicable,No,Not Applicable,189,Cash,16,4.0,4.7
2024-07-14 11:34:00,CNR6158611153,Driver Not Found,CID285288,Prime Plus,Hennur,Hosur Road,,,Not Applicable,Not Applicable,Not Applicable,Not Applicable,381,Not Applicable,0,,
2024-07-25 23:00:00,CNR4963550303,Success,CID669489,Auto,Jayanagar,Peenya,245.0,90.0,Not Applicable,Not Applicable,No,Not Applicable,256,UPI,11,4.1,4.3
2024-07-06 18:12:00,CNR8270172094,Success,CID866911,Mini,Peenya,Ulsoor,245.0,130.0,Not Applicable,Not Applicable,No,Not Applicable,182,UPI,35,3.7,3.0
2024-07-16 17:14:00,CNR6925695752,Driver Not Found,CID524796,Prime SUV,BTM Layout,Kengeri,,,Not Applicable,Not Applicable,Not Applicable,Not Applicable,229,Not Applicable,0,,
2024-07-20 01:36:00,CNR9918184493,Success,CID752688,Auto,Ulsoor,Rajarajeshwari Nagar,287.0,40.0,Not Applicable,Not Applicable,No,Not Applicable,445,Cash,17,4.6,3.3
2024-07-12 18:54:00,CNR3308856627,Canceled by Customer,CID666007,Auto,Ulsoor,Bellandur,,,AC is Not working,Not Applicable,Not Applicable,Not Applicable,247,Not Applicable,0,,
2024-07-06 20:13:00,CNR6833548284,Success,CID924878,Auto,Shivajinagar,Cox Town,217.0,80.0,Not Applicable,Not Applicable,No,Not Applicable,991,Cash,7,3.5,4.6
2024-07-16 15:07:00,CNR7442270782,Success,CID724813,Prime Plus,Kengeri,Tumkur Road,35.0,85.0,Not Applicable,Not Applicable,No,Not Applicable,291,UPI,22,4.6,3.5
2024-07-06 05:30:00,CNR2964111012,Success,CID642338,Bike,Indiranagar,Magadi Road,119.0,115.0,Not Applicable,Not Applicable,No,Not Applicable,317,UPI,30,3.6,4.0
2024-07-12 05:01:00,CNR9602026728,Success,CID573171,Prime Plus,Majestic,Marathahalli,133.0,40.0,Not Applicable,Not Applicable,No,Not Applicable,172,Cash,19,4.7,3.9
2024-07-18 10:57:00,CNR3839709332,Success,CID842459,eBike,Electronic City,Kammanahalli,182.0,105.0,Not Applicable,Not Applicable,No,Not Applicable,334,UPI,35,4.9,4.3
2024-07-08 15:27:00,CNR9173762226,Canceled by Driver,CID330889,Mini,Peenya,Magadi Road,,,Not Applicable,Personal & Car related issue,Not Applicable,Not Applicable,671,Not Applicable,0,,
2024-07-18 23:46:00,CNR2419648971,Canceled by Driver,CID374601,Prime SUV,Sahakar Nagar,Varthur,,,Not Applicable,More than permitted people in there,Not Applicable,Not Applicable,2398,Not Applicable,0,,
2024-07-13 07:11:00,CNR2487274704,Success,CID595160,Mini,Yelahanka,Yelahanka,161.0,25.0,Not Applicable,Not Applicable,No,Not Applicable,479,Cash,12,4.1,3.5
2024-07-13 12:05:00,CNR5907127000,Success,CID532414,Bike,Sahakar Nagar,Nagarbhavi,98.0,115.0,Not Applicable,Not Applicable,No,Not Applicable,452,Cash,33,4.5,3.7
2024-07-19 14:05:00,CNR4947629222,Canceled by Driver,CID193472,Mini,Electronic City,Langford Town,,,Not Applicable,Customer related issue,Not Applicable,Not Applicable,246,Not Applicable,0,,
2024-07-30 05:58:00,CNR8775105656,Canceled by Driver,CID648712,Prime Plus,Ramamurthy Nagar,Kadugodi,,,Not Applicable,Personal & Car related issue,Not Applicable,Not Applicable,670,Not Applicable,0,,
2024-07-22 06:28:00,CNR1366030728,Success,CID794562,Mini,Majestic,KR Puram,119.0,110.0,Not Applicable,Not Applicable,No,Not Applicable,915,Cash,7,3.6,3.0
2024-07-06 09:31:00,CNR9085533440,Driver Not Found,CID109466,eBike,Sarjapur Road,BTM Layout,,,Not Applicable,Not Applicable,Not Applicable,Not Applicable,2672,Not Applicable,0,,
2024-07-07 12:09:00,CNR5776636190,Success,CID834257,Prime Sedan,Basavanagudi,Padmanabhanagar,175.0,50.0,Not Applicable,Not Applicable,No,Not Applicable,389,UPI,34,3.5,3.0
2024-07-25 06:22:00,CNR1046254448,Canceled by Driver,CID919444,Prime SUV,Hulimavu,KR Puram,,,Not Applicable,Customer was coughing/sick,Not Applicable,Not Applicable,380,Not Applicable,0,,
2024-07-21 21:41:00,CNR1698194022,Canceled by Driver,CID775463,Prime SUV,BTM Layout,RT Nagar,,,Not Applicable,Customer was coughing/sick,Not Applicable,Not Applicable,914,Not Applicable,0,,
2024-07-13 21:38:00,CNR5446291502,Success,CID516088,Prime SUV,Cox Town,Frazer Town,273.0,105.0,Not Applicable,Not Applicable,No,Not Applicable,333,UPI,10,3.8,3.3
2024-07-28 04:53:00,CNR6290291423,Success,CID239140,Prime SUV,Ulsoor,Nagarbhavi,203.0,55.0,Not Applicable,Not Applicable,No,Not Applicable,245,UPI,35,3.6,3.4
2024-07-05 21:20:00,CNR3056442666,Success,CID639705,Mini,Bannerghatta Road,Electronic City,140.0,125.0,Not Applicable,Not Applicable,No,Not Applicable,1090,Cash,26,4.0,3.7
2024-07-03 01:33:00,CNR3144190910,Success,CID600753,Bike,Kammanahalli,Padmanabhanagar,133.0,70.0,Not Applicable,Not Applicable,No,Not Applicable,491,Cash,10,4.7,4.6
2024-07-17 04:01:00,CNR6595345524,Success,CID985479,Prime Plus,Devanahalli,Yelahanka,203.0,80.0,Not Applicable,Not Applicable,No,Not Applicable,469,Cash,32,4.1,4.8
2024-07-15 02:13:00,CNR8681471389,Success,CID996491,Prime SUV,Cox Town,Koramangala,252.0,75.0,Not Applicable,Not Applicable,No,Not Applicable,198,Cash,6,3.3,3.0
2024-07-04 10:10:00,CNR6215244382,Success,CID205245,Auto,Kadugodi,Indiranagar,98.0,65.0,Not Applicable,Not Applicable,No,Not Applicable,615,UPI,18,4.9,4.9
2024-07-16 08:30:00,CNR7141986930,Success,CID808165,Bike,Majestic,Richmond Town,112.0,130.0,Not Applicable,Not Applicable,No,Not Applicable,517,Cash,29,3.3,3.4
2024-07-22 06:17:00,CNR2993078567,Canceled by Driver,CID615682,Mini,Hennur,Jayanagar,,,Not Applicable,Customer related issue,Not Applicable,Not Applicable,432,Not Applicable,0,,
2024-07-10 04:43:00,CNR3542932059,Success,CID378873,Mini,Electronic City,Basavanagudi,56.0,125.0,Not Applicable,Not Applicable,No,Not Applicable,661,UPI,7,4.6,4.5
2024-07-08 19:52:00,CNR8939318495,Driver Not Found,CID926259,Prime Sedan,Magadi Road,Kammanahalli,,,Not Applicable,Not Applicable,Not Applicable,Not Applicable,376,Not Applicable,0,,
2024-07-17 15:09:00,CNR6326335574,Success,CID459712,eBike,Shantinagar,Malleshwaram,168.0,60.0,Not Applicable,Not Applicable,No,Not Applicable,351,Cash,43,3.8,3.7
2024-07-27 09:59:00,CNR1685653020,Canceled by Driver,CID944780,eBike,Rajajinagar,Richmond Town,,,Not Applicable,Customer was coughing/sick,Not Applicable,Not Applicable,219,Not Applicable,0,,
2024-07-06 22:34:00,CNR4242109392,Success,CID651392,eBike,KR Puram,Tumkur Road,91.0,95.0,Not Applicable,Not Applicable,No,Not Applicable,995,Cash,25,3.6,4.1
2024-07-25 16:03:00,CNR8203975449,Success,CID785665,Prime SUV,Peenya,Rajarajeshwari Nagar,189.0,105.0,Not Applicable,Not Applicable,Yes,Vehicle Breakdown,189,Cash,30,4.1,4.2
2024-07-12 15:25:00,CNR7035391137,Canceled by Driver,CID181912,Mini,Marathahalli,Cox Town,,,Not Applicable,Customer related issue,Not Applicable,Not Applicable,179,Not Applicable,0,,
2024-07-03 05:10:00,CNR6145684001,Success,CID677442,Mini,Tumkur Road,Ramamurthy Nagar,126.0,80.0,Not Applicable,Not Applicable,No,Not Applicable,488,UPI,29,3.8,4.7
2024-07-01 16:42:00,CNR7686733077,Canceled by Customer,CID644330,Prime Sedan,Rajajinagar,Chickpet,,,Change of plans,Not Applicable,Not Applicable,Not Applicable,419,Not Applicable,0,,
2024-07-27 16:57:00,CNR6806236239,Success,CID459507,Prime Sedan,HSR Layout,Malleshwaram,266.0,30.0,Not Applicable,Not Applicable,No,Not Applicable,758,UPI,37,4.6,3.3
2024-07-20 05:52:00,CNR2298704487,Success,CID148205,Mini,Majestic,Cox Town,161.0,105.0,Not Applicable,Not Applicable,Yes,Other Issue,514,UPI,14,4.8,4.0
2024-07-15 09:01:00,CNR8965049631,Success,CID200059,Prime SUV,Nagarbhavi,Shivajinagar,224.0,95.0,Not Applicable,Not Applicable,No,Not Applicable,404,UPI,27,3.3,4.9
2024-07-16 15:44:00,CNR3927298009,Success,CID702126,Prime Sedan,Richmond Town,Cox Town,231.0,145.0,Not Applicable,Not Applicable,No,Not Applicable,862,UPI,34,4.2,3.2
2024-07-21 01:56:00,CNR6387870443,Success,CID303087,Mini,KR Puram,Majestic,217.0,135.0,Not Applicable,Not Applicable,No,Not Applicable,414,Cash,33,3.4,3.7
2024-07-28 22:13:00,CNR4598508763,Success,CID326855,Prime Plus,Kengeri,MG Road,210.0,110.0,Not Applicable,Not Applicable,No,Not Applicable,2860,Cash,11,4.0,3.0
2024-07-12 18:30:00,CNR9601282745,Success,CID544107,Auto,Kengeri,Tumkur Road,203.0,120.0,Not Applicable,Not Applicable,No,Not Applicable,263,Cash,14,4.4,3.5
2024-07-05 08:23:00,CNR5953866413,Canceled by Driver,CID967741,Prime Plus,BTM Layout,Ulsoor,,,Not Applicable,Personal & Car related issue,Not Applicable,Not Applicable,352,Not Applicable,0,,
2024-07-05 10:55:00,CNR4312585851,Canceled by Customer,CID710856,Prime SUV,Electronic City,Chickpet,,,Change of plans,Not Applicable,Not Applicable,Not Applicable,381,Not Applicable,0,,
2024-07-13 21:08:00,CNR4252056293,Canceled by Driver,CID468025,Prime SUV,Electronic City,Chamarajpet,,,Not Applicable,Customer related issue,Not Applicable,Not Applicable,368,Not Applicable,0,,
2024-07-07 13:15:00,CNR4578121200,Success,CID462422,Prime SUV,Marathahalli,Banashankari,210.0,125.0,Not Applicable,Not Applicable,No,Not Applicable,474,UPI,8,3.8,3.6
2024-07-11 11:18:00,CNR7777559337,Success,CID989155,Auto,Banashankari,Marathahalli,182.0,70.0,Not Applicable,Not Applicable,No,Not Applicable,899,UPI,5,3.6,3.3
2024-07-25 01:19:00,CNR9098888384,Canceled by Driver,CID719138,Prime SUV,Bellandur,Langford Town,,,Not Applicable,Customer related issue,Not Applicable,Not Applicable,242,Not Applicable,0,,
2024-07-11 16:57:00,CNR7590529799,Canceled by Driver,CID650601,Bike,Magadi Road,Kengeri,,,Not Applicable,Customer related issue,Not Applicable,Not Applicable,244,Not Applicable,0,,
2024-07-14 15:53:00,CNR1840456894,Driver Not Found,CID241708,Mini,Mysore Road,Hosur Road,,,Not Applicable,Not Applicable,Not Applicable,Not Applicable,703,Not Applicable,0,,
2024-07-30 18:55:00,CNR4956796488,Canceled by Driver,CID607235,Prime SUV,Nagarbhavi,Magadi Road,,,Not Applicable,Customer related issue,Not Applicable,Not Applicable,689,Not Applicable,0,,
2024-07-29 18:39:00,CNR4133905869,Canceled by Driver,CID821590,Prime Sedan,Varthur,Hennur,,,Not Applicable,Customer was coughing/sick,Not Applicable,Not Applicable,359,Not Applicable,0,,
2024-07-27 08:27:00,CNR6273670093,Canceled by Driver,CID503577,Auto,Shantinagar,Tumkur Road,,,Not Applicable,Customer related issue,Not Applicable,Not Applicable,137,Not Applicable,0,,
2024-07-28 19:12:00,CNR4057260037,Success,CID129709,Prime Plus,Yelahanka,Hebbal,308.0,110.0,Not Applicable,Not Applicable,No,Not Applicable,318,UPI,14,4.6,4.6
2024-07-26 12:41:00,CNR6799009806,Driver Not Found,CID833029,eBike,Hennur,Hosur Road,,,Not Applicable,Not Applicable,Not Applicable,Not Applicable,879,Not Applicable,0,,
2024-07-30 11:10:00,CNR5600818735,Driver Not Found,CID105721,Prime Sedan,Indiranagar,Magadi Road,,,Not Applicable,Not Applicable,Not Applicable,Not Applicable,470,Not Applicable,0,,
2024-07-07 06:47:00,CNR1508660765,Success,CID442514,Mini,Yeshwanthpur,Basavanagudi,56.0,70.0,Not Applicable,Not Applicable,No,Not Applicable,379,UPI,32,3.6,3.5
2024-07-08 12:30:00,CNR3368278179,Success,CID921365,Prime Plus,Frazer Town,Yelahanka,175.0,130.0,Not Applicable,Not Applicable,No,Not Applicable,232,Cash,6,3.5,4.9
2024-07-12 20:35:00,CNR4893500449,Driver Not Found,CID853713,eBike,Majestic,KR Puram,,,Not Applicable,Not Applicable,Not Applicable,Not Applicable,322,Not Applicable,0,,
2024-07-01 13:49:00,CNR2068947328,Driver Not Found,CID194253,Prime Plus,Koramangala,Whitefield,,,Not Applicable,Not Applicable,Not Applicable,Not Applicable,324,Not Applicable,0,,
2024-07-30 14:28:00,CNR7930567896,Success,CID902363,Mini,Padmanabhanagar,Yeshwanthpur,175.0,80.0,Not Applicable,Not Applicable,No,Not Applicable,348,Cash,40,3.6,4.5
2024-07-18 10:32:00,CNR8442238728,Canceled by Driver,CID786989,Prime SUV,Ramamurthy Nagar,Tumkur Road,,,Not Applicable,Customer related issue,Not Applicable,Not Applicable,444,Not Applicable,0,,
2024-07-12 21:26:00,CNR8785054871,Success,CID557765,Prime Plus,Langford Town,Sarjapur Road,168.0,125.0,Not Applicable,Not Applicable,No,Not Applicable,920,Cash,12,3.2,4.3
2024-07-30 00:42:00,CNR2938892355,Success,CID134271,eBike,BTM Layout,Frazer Town,70.0,135.0,Not Applicable,Not Applicable,Yes,Vehicle Breakdown,791,Cash,17,4.8,4.2
2024-07-23 13:53:00,CNR9417608722,Success,CID781727,Prime SUV,Banashankari,Peenya,210.0,30.0,Not Applicable,Not Applicable,No,Not Applicable,126,Cash,19,3.1,4.1
2024-07-08 13:51:00,CNR7839247004,Canceled by Driver,CID190300,Mini,Sahakar Nagar,Rajajinagar,,,Not Applicable,Customer related issue,Not Applicable,Not Applicable,573,Not Applicable,0,,
2024-07-27 09:29:00,CNR6864195786,Success,CID502262,Mini,Hulimavu,HSR Layout,266.0,95.0,Not Applicable,Not Applicable,No,Not Applicable,262,Cash,26,3.7,4.3
2024-07-17 23:00:00,CNR4701695561,Canceled by Driver,CID340854,Prime SUV,JP Nagar,Majestic,,,Not Applicable,Personal & Car related issue,Not Applicable,Not Applicable,722,Not Applicable,0,,
2024-07-07 12:13:00,CNR4162379573,Driver Not Found,CID893150,Prime Plus,Rajajinagar,JP Nagar,,,Not Applicable,Not Applicable,Not Applicable,Not Applicable,406,Not Applicable,0,,
2024-07-19 21:40:00,CNR6298942968,Success,CID347978,Prime Sedan,Shivajinagar,Varthur,98.0,110.0,Not Applicable,Not Applicable,No,Not Applicable,724,Cash,11,4.4,4.7
2024-07-01 13:31:00,CNR2465427313,Canceled by Driver,CID956807,Mini,Peenya,Basavanagudi,,,Not Applicable,Personal & Car related issue,Not Applicable,Not Applicable,170,Not Applicable,0,,
2024-07-16 02:08:00,CNR3377607365,Driver Not Found,CID695858,Mini,BTM Layout,Sarjapur Road,,,Not Applicable,Not Applicable,Not Applicable,Not Applicable,305,Not Applicable,0,,
2024-07-22 12:55:00,CNR1661369109,Success,CID995196,Prime SUV,Sahakar Nagar,Cox Town,308.0,95.0,Not Applicable,Not Applicable,No,Not Applicable,1034,UPI,38,3.4,3.3
2024-07-14 19:25:00,CNR2668939070,Success,CID914194,Prime Sedan,Bellandur,Rajarajeshwari Nagar,77.0,50.0,Not Applicable,Not Applicable,No,Not Applicable,1296,Credit Card,24,4.4,3.4
2024-07-11 00:59:00,CNR3422797188,Canceled by Driver,CID354235,Prime Sedan,Malleshwaram,Kadugodi,,,Not Applicable,Customer was coughing/sick,Not Applicable,Not Applicable,970,Not Applicable,0,,
2024-07-07 20:01:00,CNR3724204105,Canceled by Driver,CID943629,Prime Plus,Rajajinagar,Bellandur,,,Not Applicable,More than permitted people in there,Not Applicable,Not Applicable,317,Not Applicable,0,,
2024-07-24 17:58:00,CNR3697092532,Success,CID936672,Mini,Rajajinagar,Banashankari,210.0,130.0,Not Applicable,Not Applicable,No,Not Applicable,201,Cash,46,3.4,4.7
2024-07-14 18:26:00,CNR4634885212,Canceled by Driver,CID829992,Auto,Hennur,Richmond Town,,,Not Applicable,More than permitted people in there,Not Applicable,Not Applicable,289,Not Applicable,0,,
2024-07-22 05:08:00,CNR6154441744,Success,CID631385,Prime Sedan,RT Nagar,Hulimavu,224.0,90.0,Not Applicable,Not Applicable,No,Not Applicable,359,Cash,7,4.5,3.8
2024-07-14 13:38:00,CNR2969437015,Success,CID304822,Prime SUV,Rajajinagar,Tumkur Road,210.0,100.0,Not Applicable,Not Applicable,No,Not Applicable,475,Cash,6,3.2,4.9
2024-07-30 05:34:00,CNR3772678769,Success,CID717098,Prime Plus,Langford Town,RT Nagar,175.0,100.0,Not Applicable,Not Applicable,No,Not Applicable,251,Cash,47,4.1,4.9
2024-07-26 23:20:00,CNR1034673389,Canceled by Driver,CID112269,Prime Sedan,Kammanahalli,Electronic City,,,Not Applicable,Personal & Car related issue,Not Applicable,Not Applicable,2386,Not Applicable,0,,
2024-07-26 03:05:00,CNR2620734052,Success,CID212392,Prime Plus,Padmanabhanagar,HSR Layout,245.0,110.0,Not Applicable,Not Applicable,No,Not Applicable,355,Cash,25,3.2,3.7
2024-07-07 14:42:00,CNR8087529059,Canceled by Customer,CID884352,Auto,Rajajinagar,Basavanagudi,,,Change of plans,Not Applicable,Not Applicable,Not Applicable,106,Not Applicable,0,,
2024-07-21 04:40:00,CNR4536947249,Canceled by Driver,CID414307,Prime Plus,HSR Layout,Ramamurthy Nagar,,,Not Applicable,Customer was coughing/sick,Not Applicable,Not Applicable,339,Not Applicable,0,,
2024-07-02 11:38:00,CNR5727017860,Success,CID841703,Prime Plus,Kadugodi,Rajajinagar,301.0,60.0,Not Applicable,Not Applicable,No,Not Applicable,585,Cash,7,4.1,3.9
2024-07-08 14:05:00,CNR5846673349,Success,CID748384,eBike,Kengeri,Sahakar Nagar,273.0,100.0,Not Applicable,Not Applicable,No,Not Applicable,277,UPI,35,3.9,3.5
2024-07-04 16:46:00,CNR5758012150,Success,CID331584,Prime SUV,Tumkur Road,Jayanagar,84.0,45.0,Not Applicable,Not Applicable,No,Not Applicable,320,Cash,8,3.4,3.5
2024-07-17 15:52:00,CNR1083125381,Success,CID282637,Bike,Kadugodi,Banashankari,175.0,110.0,Not Applicable,Not Applicable,No,Not Applicable,341,Cash,26,4.6,4.5
2024-07-19 02:43:00,CNR1089444268,Canceled by Customer,CID608294,Mini,Marathahalli,Sahakar Nagar,,,AC is Not working,Not Applicable,Not Applicable,Not Applicable,455,Not Applicable,0,,
2024-07-01 13:21:00,CNR4172904108,Success,CID723314,Mini,RT Nagar,Tumkur Road,266.0,40.0,Not Applicable,Not Applicable,No,Not Applicable,223,Cash,20,4.8,3.3
2024-07-07 14:28:00,CNR1616839291,Success,CID508725,Prime SUV,RT Nagar,Majestic,42.0,45.0,Not Applicable,Not Applicable,No,Not Applicable,455,Cash,7,3.7,3.2
2024-07-18 17:13:00,CNR8506927878,Driver Not Found,CID668704,Prime Plus,Kammanahalli,Langford Town,,,Not Applicable,Not Applicable,Not Applicable,Not Applicable,795,Not Applicable,0,,
2024-07-22 11:52:00,CNR8312727262,Canceled by Customer,CID369232,Prime Plus,Shantinagar,Devanahalli,,,AC is Not working,Not Applicable,Not Applicable,Not Applicable,107,Not Applicable,0,,
2024-07-06 00:35:00,CNR8969080497,Success,CID157351,Auto,Hulimavu,Chamarajpet,154.0,120.0,Not Applicable,Not Applicable,No,Not Applicable,181,UPI,8,3.8,5.0
2024-07-13 17:20:00,CNR3824975454,Canceled by Driver,CID752261,Bike,Chickpet,Magadi Road,,,Not Applicable,Personal & Car related issue,Not Applicable,Not Applicable,2976,Not Applicable,0,,
2024-07-06 21:12:00,CNR2901270871,Canceled by Customer,CID971047,eBike,JP Nagar,Ramamurthy Nagar,,,Driver asked to cancel,Not Applicable,Not Applicable,Not Applicable,362,Not Applicable,0,,
2024-07-14 13:13:00,CNR7073599662,Success,CID107405,eBike,Basavanagudi,Mysore Road,91.0,45.0,Not Applicable,Not Applicable,No,Not Applicable,317,Credit Card,9,4.3,3.3
2024-07-30 09:28:00,CNR5260799355,Success,CID895659,Prime SUV,Frazer Town,Vijayanagar,133.0,25.0,Not Applicable,Not Applicable,No,Not Applicable,333,UPI,18,3.3,3.3
2024-07-01 22:58:00,CNR5413778953,Success,CID436523,Mini,Hebbal,Banashankari,273.0,115.0,Not Applicable,Not Applicable,No,Not Applicable,421,Cash,45,3.8,4.0
2024-07-28 11:11:00,CNR2572397659,Canceled by Driver,CID160292,Prime Sedan,Langford Town,Cox Town,,,Not Applicable,More than permitted people in there,Not Applicable,Not Applicable,216,Not Applicable,0,,
2024-07-25 01:27:00,CNR3790962987,Success,CID473937,eBike,Kengeri,Banashankari,224.0,40.0,Not Applicable,Not Applicable,No,Not Applicable,204,UPI,1,3.6,4.0
2024-07-19 13:50:00,CNR4630751882,Success,CID472904,Bike,Varthur,Shantinagar,308.0,90.0,Not Applicable,Not Applicable,No,Not Applicable,2856,UPI,40,4.4,4.9
2024-07-04 20:55:00,CNR9719073127,Driver Not Found,CID366061,Mini,Kammanahalli,Koramangala,,,Not Applicable,Not Applicable,Not Applicable,Not Applicable,399,Not Applicable,0,,
2024-07-15 02:33:00,CNR5011754381,Canceled by Driver,CID139565,Bike,Vijayanagar,Peenya,,,Not Applicable,Personal & Car related issue,Not Applicable,Not Applicable,690,Not Applicable,0,,
2024-07-14 06:14:00,CNR2129159091,Success,CID459603,eBike,Kengeri,Electronic City,119.0,105.0,Not Applicable,Not Applicable,No,Not Applicable,337,Cash,34,4.7,4.2
2024-07-05 16:58:00,CNR8269788837,Success,CID599176,eBike,KR Puram,Cox Town,147.0,25.0,Not Applicable,Not Applicable,No,Not Applicable,106,UPI,22,5.0,3.1
2024-07-30 04:05:00,CNR6834949674,Canceled by Driver,CID586919,Prime Sedan,Cox Town,Yeshwanthpur,,,Not Applicable,More than permitted people in there,Not Applicable,Not Applicable,625,Not Applicable,0,,
2024-07-22 01:07:00,CNR8674354332,Canceled by Driver,CID641117,eBike,Rajarajeshwari Nagar,Hebbal,,,Not Applicable,More than permitted people in there,Not Applicable,Not Applicable,213,Not Applicable,0,,
2024-07-22 10:43:00,CNR6450789304,Success,CID401115,Mini,Vijayanagar,Majestic,112.0,35.0,Not Applicable,Not Applicable,No,Not Applicable,564,Cash,23,3.1,3.4
2024-07-09 19:50:00,CNR2429846536,Success,CID372958,Prime Plus,Hulimavu,Vijayanagar,217.0,40.0,Not Applicable,Not Applicable,No,Not Applicable,402,UPI,15,4.5,5.0
2024-07-08 04:23:00,CNR1373705765,Success,CID542228,Mini,Vijayanagar,RT Nagar,259.0,120.0,Not Applicable,Not Applicable,Yes,Customer Demand,287,Cash,42,3.8,3.7
2024-07-08 17:15:00,CNR7636069119,Success,CID326146,eBike,HSR Layout,Hosur Road,126.0,45.0,Not Applicable,Not Applicable,No,Not Applicable,146,Cash,18,3.4,4.5
2024-07-15 11:24:00,CNR8550008524,Success,CID524946,Auto,Bellandur,Devanahalli,210.0,70.0,Not Applicable,Not Applicable,No,Not Applicable,305,UPI,12,4.8,3.4
2024-07-29 17:57:00,CNR7442926650,Canceled by Customer,CID241998,Bike,Indiranagar,Indiranagar,,,Driver asked to cancel,Not Applicable,Not Applicable,Not Applicable,2169,Not Applicable,0,,
2024-07-25 13:17:00,CNR4617679255,Success,CID132890,Bike,Kammanahalli,Vijayanagar,280.0,120.0,Not Applicable,Not Applicable,No,Not Applicable,301,UPI,31,3.4,3.5
2024-07-27 07:45:00,CNR8373257175,Success,CID100613,Prime Sedan,Devanahalli,Richmond Town,266.0,60.0,Not Applicable,Not Applicable,No,Not Applicable,306,UPI,36,3.2,4.5
2024-07-10 20:57:00,CNR8930990852,Success,CID358212,Bike,HSR Layout,Koramangala,259.0,40.0,Not Applicable,Not Applicable,No,Not Applicable,659,UPI,26,3.8,3.4
2024-07-01 23:19:00,CNR2744071474,Success,CID756173,Prime Plus,Hebbal,Yelahanka,252.0,140.0,Not Applicable,Not Applicable,No,Not Applicable,811,UPI,5,3.9,4.5
2024-07-28 23:42:00,CNR4284294570,Driver Not Found,CID462691,Bike,Kammanahalli,Frazer Town,,,Not Applicable,Not Applicable,Not Applicable,Not Applicable,859,Not Applicable,0,,
2024-07-13 05:56:00,CNR1964664520,Canceled by Driver,CID364054,Prime Plus,RT Nagar,Kammanahalli,,,Not Applicable,More than permitted people in there,Not Applicable,Not Applicable,656,Not Applicable,0,,
2024-07-10 11:10:00,CNR2369527813,Success,CID908878,Prime SUV,Malleshwaram,Chickpet,294.0,105.0,Not Applicable,Not Applicable,No,Not Applicable,402,Cash,17,4.9,3.9
2024-07-03 19:17:00,CNR2178147665,Success,CID936482,Prime Sedan,Nagarbhavi,Majestic,98.0,45.0,Not Applicable,Not Applicable,No,Not Applicable,388,Cash,15,3.1,4.8
2024-07-02 12:45:00,CNR6270257281,Canceled by Driver,CID831348,Bike,Sahakar Nagar,Sarjapur Road,,,Not Applicable,Customer related issue,Not Applicable,Not Applicable,374,Not Applicable,0,,
2024-07-19 19:51:00,CNR2252133898,Success,CID203850,Auto,Kengeri,Indiranagar,273.0,80.0,Not Applicable,Not Applicable,No,Not Applicable,110,UPI,6,4.1,4.4
2024-07-18 23:26:00,CNR7565831191,Driver Not Found,CID118134,Mini,Hulimavu,Chamarajpet,,,Not Applicable,Not Applicable,Not Applicable,Not Applicable,808,Not Applicable,0,,
2024-07-17 03:51:00,CNR8119619057,Success,CID977228,eBike,Shivajinagar,Kadugodi,231.0,140.0,Not Applicable,Not Applicable,No,Not Applicable,957,Cash,44,3.3,4.5
2024-07-14 23:15:00,CNR8698598134,Success,CID588795,Auto,KR Puram,Chickpet,224.0,90.0,Not Applicable,Not Applicable,No,Not Applicable,172,Cash,15,3.0,4.6
2024-07-28 04:29:00,CNR3136083847,Driver Not Found,CID327734,Bike,Marathahalli,Sarjapur Road,,,Not Applicable,Not Applicable,Not Applicable,Not Applicable,124,Not Applicable,0,,
2024-07-07 01:15:00,CNR9008933225,Success,CID978028,Mini,Kengeri,Jayanagar,161.0,45.0,Not Applicable,Not Applicable,No,Not Applicable,394,Cash,5,3.9,3.6
2024-07-02 14:29:00,CNR6451173801,Success,CID968798,Mini,Magadi Road,Basavanagudi,168.0,65.0,Not Applicable,Not Applicable,No,Not Applicable,1693,Cash,43,4.9,4.9
2024-07-01 08:31:00,CNR6988115257,Success,CID149654,Prime Sedan,Ulsoor,RT Nagar,98.0,115.0,Not Applicable,Not Applicable,No,Not Applicable,242,Cash,45,4.2,3.4
2024-07-01 04:28:00,CNR2218350012,Driver Not Found,CID378200,Bike,RT Nagar,Sarjapur Road,,,Not Applicable,Not Applicable,Not Applicable,Not Applicable,420,Not Applicable,0,,
2024-07-21 21:46:00,CNR3691222669,Success,CID877487,eBike,Koramangala,Indiranagar,189.0,95.0,Not Applicable,Not Applicable,No,Not Applicable,227,UPI,3,3.7,4.7
2024-07-27 18:36:00,CNR3074956498,Canceled by Driver,CID419501,eBike,Bannerghatta Road,JP Nagar,,,Not Applicable,Personal & Car related issue,Not Applicable,Not Applicable,105,Not Applicable,0,,
2024-07-19 04:18:00,CNR8665207001,Success,CID978350,Prime SUV,Hebbal,Sahakar Nagar,147.0,125.0,Not Applicable,Not Applicable,No,Not Applicable,340,UPI,6,3.2,4.3
2024-07-20 04:34:00,CNR6667877001,Canceled by Driver,CID370516,Auto,Electronic City,Koramangala,,,Not Applicable,Personal & Car related issue,Not Applicable,Not Applicable,776,Not Applicable,0,,
2024-07-28 04:55:00,CNR5398325588,Success,CID623105,Prime Sedan,Rajarajeshwari Nagar,BTM Layout,175.0,40.0,Not Applicable,Not Applicable,No,Not Applicable,361,UPI,1,3.4,4.4
2024-07-19 20:07:00,CNR1988208599,Success,CID458798,Bike,Kengeri,Marathahalli,35.0,110.0,Not Applicable,Not Applicable,No,Not Applicable,162,Credit Card,19,4.3,3.2
2024-07-23 03:31:00,CNR9717660859,Canceled by Driver,CID722148,Prime SUV,Cox Town,Bellandur,,,Not Applicable,Personal & Car related issue,Not Applicable,Not Applicable,159,Not Applicable,0,,
2024-07-28 10:25:00,CNR8601453047,Success,CID565958,Auto,Bellandur,KR Puram,231.0,85.0,Not Applicable,Not Applicable,No,Not Applicable,634,Cash,18,4.5,3.5
2024-07-25 01:55:00,CNR6145769316,Canceled by Driver,CID745978,Bike,Bannerghatta Road,Hulimavu,,,Not Applicable,Personal & Car related issue,Not Applicable,Not Applicable,255,Not Applicable,0,,
2024-07-14 20:21:00,CNR4674375061,Success,CID565515,Bike,Padmanabhanagar,RT Nagar,259.0,135.0,Not Applicable,Not Applicable,No,Not Applicable,939,Cash,49,4.8,4.8
2024-07-18 01:32:00,CNR4307644241,Success,CID974305,Auto,Shantinagar,Chickpet,105.0,135.0,Not Applicable,Not Applicable,No,Not Applicable,1715,UPI,8,3.2,3.5
2024-07-23 09:52:00,CNR4348389303,Success,CID580154,Prime Sedan,Hosur Road,JP Nagar,224.0,135.0,Not Applicable,Not Applicable,No,Not Applicable,152,Cash,24,4.4,4.0
2024-07-25 23:54:00,CNR2605517321,Success,CID895200,Bike,Hulimavu,Yeshwanthpur,301.0,110.0,Not Applicable,Not Applicable,No,Not Applicable,436,Cash,39,4.0,3.2
2024-07-12 06:14:00,CNR4401644565,Success,CID492497,Bike,Ulsoor,Indiranagar,287.0,45.0,Not Applicable,Not Applicable,No,Not Applicable,113,Credit Card,14,4.5,3.9
2024-07-16 19:26:00,CNR7129392618,Success,CID679680,Prime SUV,Sarjapur Road,BTM Layout,91.0,145.0,Not Applicable,Not Applicable,No,Not Applicable,290,Cash,17,4.4,3.6
2024-07-03 19:19:00,CNR3681693194,Success,CID806808,eBike,Nagarbhavi,Nagarbhavi,77.0,40.0,Not Applicable,Not Applicable,No,Not Applicable,271,Cash,14,4.1,4.4
2024-07-08 19:50:00,CNR8294814099,Driver Not Found,CID219618,eBike,Jayanagar,Marathahalli,,,Not Applicable,Not Applicable,Not Applicable,Not Applicable,226,Not Applicable,0,,
2024-07-30 15:30:00,CNR7712387846,Success,CID715453,Mini,Banashankari,Indiranagar,259.0,75.0,Not Applicable,Not Applicable,No,Not Applicable,294,Cash,18,4.9,3.8
2024-07-03 18:41:00,CNR3578212007,Driver Not Found,CID827911,Bike,Jayanagar,Frazer Town,,,Not Applicable,Not Applicable,Not Applicable,Not Applicable,217,Not Applicable,0,,
2024-07-12 06:16:00,CNR3430221936,Canceled by Customer,CID264760,Mini,Kengeri,Shivajinagar,,,Wrong Address,Not Applicable,Not Applicable,Not Applicable,250,Not Applicable,0,,
2024-07-27 14:21:00,CNR7218935950,Success,CID561914,Auto,Langford Town,Malleshwaram,217.0,30.0,Not Applicable,Not Applicable,No,Not Applicable,704,UPI,11,3.4,3.8
2024-07-23 19:17:00,CNR4617762893,Success,CID877160,Prime Sedan,Cox Town,Indiranagar,140.0,60.0,Not Applicable,Not Applicable,No,Not Applicable,339,Debit Card,11,4.1,3.7
2024-07-14 16:51:00,CNR8599782578,Success,CID386605,Prime SUV,Peenya,Hosur Road,273.0,115.0,Not Applicable,Not Applicable,Yes,Customer Demand,227,UPI,43,3.5,3.2
2024-07-01 16:12:00,CNR9108997633,Success,CID610156,eBike,Sarjapur Road,Shantinagar,49.0,135.0,Not Applicable,Not Applicable,No,Not Applicable,210,UPI,18,4.8,3.9
2024-07-05 23:27:00,CNR6881120894,Canceled by Customer,CID397564,Prime SUV,Jayanagar,Hulimavu,,,Driver is not moving towards pickup location,Not Applicable,Not Applicable,Not Applicable,252,Not Applicable,0,,
2024-07-29 20:45:00,CNR3459787100,Success,CID618024,Prime Sedan,Basavanagudi,Electronic City,105.0,40.0,Not Applicable,Not Applicable,No,Not Applicable,260,Cash,8,4.3,4.3
2024-07-10 10:13:00,CNR6597558327,Success,CID798119,Prime Sedan,Ulsoor,Kadugodi,168.0,30.0,Not Applicable,Not Applicable,No,Not Applicable,2157,UPI,47,4.5,4.4
2024-07-24 21:59:00,CNR3696273374,Success,CID869395,Bike,Hosur Road,Koramangala,112.0,105.0,Not Applicable,Not Applicable,No,Not Applicable,467,UPI,36,3.4,3.0
2024-07-02 13:54:00,CNR3823588317,Success,CID706737,eBike,Kammanahalli,Malleshwaram,301.0,75.0,Not Applicable,Not Applicable,No,Not Applicable,780,UPI,20,3.4,3.0
2024-07-11 19:38:00,CNR5460634728,Success,CID275540,Bike,Varthur,Sahakar Nagar,49.0,105.0,Not Applicable,Not Applicable,No,Not Applicable,293,Cash,28,3.9,3.2
2024-07-06 14:29:00,CNR6949777596,Success,CID663355,Prime SUV,Vijayanagar,Kengeri,63.0,55.0,Not Applicable,Not Applicable,No,Not Applicable,203,Cash,15,4.1,4.0
2024-07-13 09:23:00,CNR1614105387,Driver Not Found,CID580010,Prime Sedan,Chamarajpet,Frazer Town,,,Not Applicable,Not Applicable,Not Applicable,Not Applicable,517,Not Applicable,0,,
2024-07-17 06:01:00,CNR6516403089,Canceled by Driver,CID863964,Auto,Kadugodi,Sarjapur Road,,,Not Applicable,Customer was coughing/sick,Not Applicable,Not Applicable,423,Not Applicable,0,,
2024-07-29 02:35:00,CNR2562449599,Canceled by Driver,CID649118,Prime SUV,Sarjapur Road,Shivajinagar,,,Not Applicable,Customer related issue,Not Applicable,Not Applicable,437,Not Applicable,0,,
2024-07-19 14:49:00,CNR7769831859,Canceled by Driver,CID542122,Bike,Indiranagar,Yeshwanthpur,,,Not Applicable,Customer related issue,Not Applicable,Not Applicable,305,Not Applicable,0,,
2024-07-03 13:03:00,CNR9362261342,Success,CID604952,Mini,Bannerghatta Road,Whitefield,273.0,45.0,Not Applicable,Not Applicable,No,Not Applicable,488,UPI,9,4.3,3.7
2024-07-16 14:56:00,CNR9450784009,Driver Not Found,CID611947,eBike,Koramangala,Rajajinagar,,,Not Applicable,Not Applicable,Not Applicable,Not Applicable,347,Not Applicable,0,,
2024-07-28 17:03:00,CNR5882733414,Success,CID170378,Prime Sedan,Whitefield,KR Puram,35.0,90.0,Not Applicable,Not Applicable,No,Not Applicable,975,UPI,31,3.2,3.5
2024-07-06 13:50:00,CNR9483148417,Success,CID804108,Mini,Banashankari,Ramamurthy Nagar,182.0,85.0,Not Applicable,Not Applicable,No,Not Applicable,170,UPI,46,4.0,4.2
2024-07-23 19:04:00,CNR5600309043,Canceled by Driver,CID736497,Prime Sedan,KR Puram,Tumkur Road,,,Not Applicable,Personal & Car related issue,Not Applicable,Not Applicable,137,Not Applicable,0,,
2024-07-09 01:17:00,CNR8191300467,Canceled by Driver,CID164017,Prime Plus,Langford Town,Kadugodi,,,Not Applicable,Personal & Car related issue,Not Applicable,Not Applicable,329,Not Applicable,0,,
2024-07-29 06:57:00,CNR8618652543,Success,CID854382,Prime Plus,Marathahalli,Koramangala,175.0,30.0,Not Applicable,Not Applicable,No,Not Applicable,208,Cash,45,3.5,4.9
2024-07-12 14:50:00,CNR7683544944,Canceled by Driver,CID738321,Prime Sedan,Cox Town,Yeshwanthpur,,,Not Applicable,Personal & Car related issue,Not Applicable,Not Applicable,342,Not Applicable,0,,
2024-07-12 22:24:00,CNR8962783232,Success,CID424295,Prime Sedan,Chickpet,Devanahalli,224.0,110.0,Not Applicable,Not Applicable,No,Not Applicable,753,Cash,45,4.1,4.4
2024-07-12 15:20:00,CNR7874740441,Canceled by Driver,CID628718,Auto,Yeshwanthpur,Frazer Town,,,Not Applicable,Customer related issue,Not Applicable,Not Applicable,389,Not Applicable,0,,
2024-07-01 10:47:00,CNR3964650951,Canceled by Driver,CID787090,Auto,Rajajinagar,Mysore Road,,,Not Applicable,Customer was coughing/sick,Not Applicable,Not Applicable,403,Not Applicable,0,,
2024-07-24 12:58:00,CNR7176785112,Success,CID830931,eBike,Padmanabhanagar,Marathahalli,231.0,85.0,Not Applicable,Not Applicable,No,Not Applicable,126,UPI,2,4.7,3.3
2024-07-30 19:07:00,CNR6938551732,Success,CID886475,Prime Plus,Shivajinagar,Whitefield,154.0,35.0,Not Applicable,Not Applicable,No,Not Applicable,151,UPI,16,3.6,3.3
2024-07-02 15:40:00,CNR7666987128,Success,CID571549,Mini,Frazer Town,Hennur,301.0,25.0,Not Applicable,Not Applicable,No,Not Applicable,836,UPI,6,3.4,4.2
2024-07-02 04:47:00,CNR6544294679,Success,CID803243,Bike,Bannerghatta Road,Banashankari,259.0,105.0,Not Applicable,Not Applicable,No,Not Applicable,485,Cash,11,3.6,3.4
2024-07-27 00:55:00,CNR4898910266,Success,CID635889,Prime Plus,HSR Layout,Yeshwanthpur,56.0,75.0,Not Applicable,Not Applicable,No,Not Applicable,160,Cash,14,3.1,4.3
2024-07-17 10:53:00,CNR2185571609,Success,CID711813,Prime Plus,Vijayanagar,MG Road,189.0,55.0,Not Applicable,Not Applicable,No,Not Applicable,378,Credit Card,16,3.7,3.9
2024-07-19 17:47:00,CNR4192780799,Driver Not Found,CID178299,eBike,JP Nagar,Koramangala,,,Not Applicable,Not Applicable,Not Applicable,Not Applicable,361,Not Applicable,0,,
2024-07-05 19:41:00,CNR3661705977,Success,CID525639,Bike,Kammanahalli,Malleshwaram,266.0,120.0,Not Applicable,Not Applicable,No,Not Applicable,187,Cash,12,4.0,4.7
2024-07-12 08:02:00,CNR6847629514,Success,CID480278,Prime SUV,Koramangala,Koramangala,273.0,100.0,Not Applicable,Not Applicable,No,Not Applicable,123,Cash,36,3.5,3.5
2024-07-13 06:56:00,CNR7689815571,Success,CID743965,Mini,Koramangala,Hosur Road,63.0,80.0,Not Applicable,Not Applicable,No,Not Applicable,217,Cash,13,3.8,3.7
2024-07-29 17:58:00,CNR3144923616,Canceled by Customer,CID901340,Bike,Vijayanagar,Kammanahalli,,,Driver is not moving towards pickup location,Not Applicable,Not Applicable,Not Applicable,572,Not Applicable,0,,
2024-07-19 14:47:00,CNR5413687127,Success,CID432913,Mini,Hosur Road,Majestic,154.0,75.0,Not Applicable,Not Applicable,No,Not Applicable,230,Cash,33,5.0,4.6
2024-07-03 21:00:00,CNR5544815141,Canceled by Driver,CID367531,Prime SUV,Hulimavu,Kengeri,,,Not Applicable,Personal & Car related issue,Not Applicable,Not Applicable,255,Not Applicable,0,,
2024-07-30 18:51:00,CNR2003336974,Success,CID849288,Prime Sedan,Rajarajeshwari Nagar,Varthur,238.0,85.0,Not Applicable,Not Applicable,No,Not Applicable,437,UPI,1,4.7,4.1
2024-07-11 07:08:00,CNR8267496253,Canceled by Driver,CID514995,Bike,Majestic,Majestic,,,Not Applicable,Customer related issue,Not Applicable,Not Applicable,422,Not Applicable,0,,
2024-07-24 09:17:00,CNR2954476520,Success,CID691345,Prime SUV,MG Road,Banashankari,77.0,125.0,Not Applicable,Not Applicable,No,Not Applicable,557,Cash,21,4.0,3.8
2024-07-14 23:52:00,CNR9159838352,Canceled by Customer,CID263184,Bike,Banashankari,Kammanahalli,,,Wrong Address,Not Applicable,Not Applicable,Not Applicable,428,Not Applicable,0,,
2024-07-22 05:05:00,CNR5279313992,Success,CID351362,Mini,BTM Layout,Padmanabhanagar,42.0,145.0,Not Applicable,Not Applicable,No,Not Applicable,235,UPI,12,4.2,4.8
2024-07-25 03:07:00,CNR4925038838,Success,CID825785,eBike,Koramangala,HSR Layout,161.0,60.0,Not Applicable,Not Applicable,No,Not Applicable,236,Credit Card,25,3.7,4.3
2024-07-24 20:52:00,CNR8865822678,Success,CID536688,Prime Plus,Koramangala,Vijayanagar,273.0,125.0,Not Applicable,Not Applicable,No,Not Applicable,178,UPI,49,4.5,3.5
2024-07-25 00:13:00,CNR9861251566,Success,CID365662,Mini,Basavanagudi,Shivajinagar,308.0,50.0,Not Applicable,Not Applicable,No,Not Applicable,154,Cash,6,3.2,4.7
2024-07-26 12:22:00,CNR2464229033,Success,CID626884,Prime Plus,Koramangala,Kammanahalli,49.0,80.0,Not Applicable,Not Applicable,No,Not Applicable,1334,Cash,8,4.8,3.8
2024-07-05 15:23:00,CNR3486280025,Canceled by Customer,CID548273,Auto,Bannerghatta Road,Ramamurthy Nagar,,,AC is Not working,Not Applicable,Not Applicable,Not Applicable,260,Not Applicable,0,,
2024-07-11 19:56:00,CNR1713367901,Success,CID322631,Prime Plus,Shantinagar,Yeshwanthpur,294.0,125.0,Not Applicable,Not Applicable,No,Not Applicable,146,Cash,35,4.1,4.7
2024-07-23 22:07:00,CNR6766884908,Canceled by Customer,CID334580,Mini,Bannerghatta Road,Marathahalli,,,AC is Not working,Not Applicable,Not Applicable,Not Applicable,856,Not Applicable,0,,
2024-07-17 03:53:00,CNR4178696165,Success,CID957456,Auto,Tumkur Road,Frazer Town,35.0,65.0,Not Applicable,Not Applicable,No,Not Applicable,698,UPI,5,4.5,4.8
2024-07-11 10:39:00,CNR7225594418,Success,CID109563,Auto,Chickpet,Mysore Road,182.0,130.0,Not Applicable,Not Applicable,No,Not Applicable,614,Cash,14,3.9,4.4
2024-07-12 18:48:00,CNR5839188116,Success,CID816240,Auto,BTM Layout,Yeshwanthpur,154.0,120.0,Not Applicable,Not Applicable,No,Not Applicable,122,Cash,9,3.8,4.4
2024-07-23 21:22:00,CNR5710822159,Canceled by Driver,CID117774,eBike,Ramamurthy Nagar,Richmond Town,,,Not Applicable,Customer related issue,Not Applicable,Not Applicable,531,Not Applicable,0,,
2024-07-13 11:29:00,CNR7770649461,Driver Not Found,CID674111,Mini,Marathahalli,Kammanahalli,,,Not Applicable,Not Applicable,Not Applicable,Not Applicable,907,Not Applicable,0,,
2024-07-29 01:23:00,CNR5878477903,Success,CID321602,Mini,Marathahalli,Hulimavu,98.0,50.0,Not Applicable,Not Applicable,No,Not Applicable,2908,Cash,8,4.0,3.5
2024-07-29 13:47:00,CNR6721972065,Success,CID877149,Prime Plus,Whitefield,Hosur Road,91.0,35.0,Not Applicable,Not Applicable,No,Not Applicable,321,Cash,3,4.5,3.7
2024-07-09 11:11:00,CNR8019157555,Success,CID150823,Bike,Hosur Road,RT Nagar,287.0,125.0,Not Applicable,Not Applicable,No,Not Applicable,2089,Cash,9,3.6,4.0
2024-07-09 13:17:00,CNR6600339490,Driver Not Found,CID183046,Prime Sedan,Chickpet,Rajarajeshwari Nagar,,,Not Applicable,Not Applicable,Not Applicable,Not Applicable,495,Not Applicable,0,,
2024-07-30 09:01:00,CNR5833451744,Success,CID762968,Bike,Indiranagar,Basavanagudi,245.0,40.0,Not Applicable,Not Applicable,No,Not Applicable,140,UPI,21,4.8,3.0
2024-07-14 01:00:00,CNR6610669434,Success,CID586405,Prime SUV,Shivajinagar,Peenya,35.0,95.0,Not Applicable,Not Applicable,Yes,Customer Demand,338,Cash,22,3.4,4.6
2024-07-14 17:58:00,CNR4446356783,Success,CID329021,Auto,Richmond Town,Koramangala,196.0,45.0,Not Applicable,Not Applicable,No,Not Applicable,352,Credit Card,6,4.9,4.2
2024-07-26 04:31:00,CNR1418520520,Driver Not Found,CID668721,eBike,Hosur Road,Sahakar Nagar,,,Not Applicable,Not Applicable,Not Applicable,Not Applicable,805,Not Applicable,0,,
2024-07-30 04:31:00,CNR9102782923,Canceled by Driver,CID286470,Auto,Shantinagar,Marathahalli,,,Not Applicable,Customer related issue,Not Applicable,Not Applicable,325,Not Applicable,0,,
2024-07-16 10:54:00,CNR8173788824,Success,CID467149,Prime Sedan,Rajajinagar,Vijayanagar,252.0,60.0,Not Applicable,Not Applicable,No,Not Applicable,840,Credit Card,36,3.7,4.3
2024-07-16 03:59:00,CNR7617472634,Canceled by Driver,CID210224,eBike,BTM Layout,Hennur,,,Not Applicable,Personal & Car related issue,Not Applicable,Not Applicable,232,Not Applicable,0,,
2024-07-10 12:27:00,CNR4688298799,Success,CID125011,Prime SUV,Kengeri,Vijayanagar,224.0,145.0,Not Applicable,Not Applicable,No,Not Applicable,496,Cash,20,4.4,4.4
2024-07-23 08:31:00,CNR7558673585,Canceled by Driver,CID984662,Prime Sedan,Chickpet,Ramamurthy Nagar,,,Not Applicable,Customer related issue,Not Applicable,Not Applicable,793,Not Applicable,0,,
2024-07-25 15:54:00,CNR7734993002,Canceled by Driver,CID680966,Bike,Tumkur Road,Peenya,,,Not Applicable,Customer was coughing/sick,Not Applicable,Not Applicable,825,Not Applicable,0,,
2024-07-07 20:38:00,CNR8169958120,Success,CID238918,eBike,Richmond Town,Rajarajeshwari Nagar,133.0,90.0,Not Applicable,Not Applicable,No,Not Applicable,765,Cash,7,4.4,3.1
2024-07-05 11:12:00,CNR2542829474,Driver Not Found,CID659519,Mini,Frazer Town,Marathahalli,,,Not Applicable,Not Applicable,Not Applicable,Not Applicable,704,Not Applicable,0,,
2024-07-25 20:05:00,CNR3435680684,Success,CID682486,eBike,Indiranagar,Shantinagar,196.0,45.0,Not Applicable,Not Applicable,No,Not Applicable,444,UPI,2,3.0,4.3
2024-07-28 02:55:00,CNR9103852455,Success,CID864259,Prime Plus,Yelahanka,KR Puram,175.0,35.0,Not Applicable,Not Applicable,No,Not Applicable,462,UPI,40,3.5,3.4
2024-07-16 19:32:00,CNR4029877143,Success,CID597236,Auto,BTM Layout,Chamarajpet,168.0,60.0,Not Applicable,Not Applicable,No,Not Applicable,674,Cash,16,4.3,3.2
2024-07-06 13:55:00,CNR9175137898,Success,CID593769,Prime Sedan,Varthur,Magadi Road,84.0,25.0,Not Applicable,Not Applicable,No,Not Applicable,692,UPI,29,4.6,4.5
2024-07-19 11:23:00,CNR8452050342,Success,CID931128,Bike,HSR Layout,Kammanahalli,294.0,105.0,Not Applicable,Not Applicable,No,Not Applicable,462,UPI,34,4.1,4.9
2024-07-09 07:32:00,CNR2555784118,Success,CID715073,eBike,Peenya,Cox Town,105.0,105.0,Not Applicable,Not Applicable,No,Not Applicable,263,UPI,8,3.5,4.4
2024-07-17 10:55:00,CNR4347152274,Canceled by Driver,CID267421,Bike,Sahakar Nagar,Shantinagar,,,Not Applicable,Customer related issue,Not Applicable,Not Applicable,148,Not Applicable,0,,
2024-07-11 01:34:00,CNR7849663666,Canceled by Customer,CID865112,Prime Plus,Bellandur,RT Nagar,,,Change of plans,Not Applicable,Not Applicable,Not Applicable,2947,Not Applicable,0,,
2024-07-25 00:42:00,CNR8334434240,Canceled by Driver,CID202538,Prime SUV,HSR Layout,MG Road,,,Not Applicable,Personal & Car related issue,Not Applicable,Not Applicable,171,Not Applicable,0,,
2024-07-23 22:25:00,CNR8892636035,Success,CID330906,Prime Plus,Langford Town,Magadi Road,161.0,60.0,Not Applicable,Not Applicable,No,Not Applicable,1604,Cash,15,3.7,4.6
2024-07-22 17:27:00,CNR5228271782,Success,CID291066,Bike,Basavanagudi,Hosur Road,224.0,95.0,Not Applicable,Not Applicable,Yes,Other Issue,568,Cash,17,3.4,3.3
2024-07-07 01:05:00,CNR3295963729,Success,CID250704,Prime Sedan,Chamarajpet,Devanahalli,252.0,120.0,Not Applicable,Not Applicable,No,Not Applicable,181,UPI,25,3.7,4.5
2024-07-01 10:29:00,CNR7184794748,Canceled by Customer,CID481976,Prime Sedan,Marathahalli,Hosur Road,,,Driver is not moving towards pickup location,Not Applicable,Not Applicable,Not Applicable,273,Not Applicable,0,,
2024-07-29 07:32:00,CNR3400314650,Canceled by Customer,CID892774,Prime Sedan,Magadi Road,Yeshwanthpur,,,Change of plans,Not Applicable,Not Applicable,Not Applicable,489,Not Applicable,0,,
2024-07-05 16:57:00,CNR4994909199,Canceled by Customer,CID432768,Bike,Devanahalli,Ulsoor,,,Wrong Address,Not Applicable,Not Applicable,Not Applicable,441,Not Applicable,0,,
2024-07-04 10:55:00,CNR8618280976,Success,CID823334,Auto,Electronic City,Langford Town,182.0,140.0,Not Applicable,Not Applicable,No,Not Applicable,105,UPI,6,3.3,3.4
2024-07-30 12:33:00,CNR2443582009,Canceled by Customer,CID185439,Bike,Bellandur,Indiranagar,,,Driver asked to cancel,Not Applicable,Not Applicable,Not Applicable,150,Not Applicable,0,,
2024-07-27 21:54:00,CNR1992683188,Driver Not Found,CID960168,Prime Plus,Varthur,Ulsoor,,,Not Applicable,Not Applicable,Not Applicable,Not Applicable,248,Not Applicable,0,,
2024-07-02 22:18:00,CNR3139837582,Success,CID519236,Prime Plus,Magadi Road,Electronic City,105.0,125.0,Not Applicable,Not Applicable,No,Not Applicable,304,UPI,5,3.1,4.9
2024-07-28 20:24:00,CNR3342395902,Success,CID959785,Mini,Cox Town,Chamarajpet,196.0,115.0,Not Applicable,Not Applicable,No,Not Applicable,447,Cash,20,4.3,3.1
2024-07-25 20:51:00,CNR2137639940,Canceled by Customer,CID461274,Prime Plus,Jayanagar,Tumkur Road,,,Driver is not moving towards pickup location,Not Applicable,Not Applicable,Not Applicable,267,Not Applicable,0,,
2024-07-01 18:19:00,CNR4783028371,Success,CID721117,Auto,Hulimavu,Yeshwanthpur,35.0,110.0,Not Applicable,Not Applicable,No,Not Applicable,279,UPI,15,4.9,4.5
2024-07-01 07:52:00,CNR5789284116,Success,CID431754,eBike,Shantinagar,Tumkur Road,70.0,135.0,Not Applicable,Not Applicable,No,Not Applicable,263,UPI,25,4.3,4.2
2024-07-14 15:38:00,CNR2490332303,Canceled by Customer,CID270525,Bike,Whitefield,Langford Town,,,Driver asked to cancel,Not Applicable,Not Applicable,Not Applicable,349,Not Applicable,0,,
2024-07-28 13:33:00,CNR1386890969,Canceled by Driver,CID837053,Prime SUV,Electronic City,Mysore Road,,,Not Applicable,Customer related issue,Not Applicable,Not Applicable,364,Not Applicable,0,,
2024-07-23 11:21:00,CNR8944786874,Canceled by Driver,CID686696,Auto,Hulimavu,Sarjapur Road,,,Not Applicable,More than permitted people in there,Not Applicable,Not Applicable,417,Not Applicable,0,,
2024-07-26 20:06:00,CNR8589481133,Success,CID776543,Prime Sedan,Langford Town,Vijayanagar,140.0,140.0,Not Applicable,Not Applicable,No,Not Applicable,397,Cash,12,3.6,3.5
2024-07-10 09:46:00,CNR4308555393,Driver Not Found,CID777332,eBike,Majestic,Yelahanka,,,Not Applicable,Not Applicable,Not Applicable,Not Applicable,242,Not Applicable,0,,
2024-07-21 13:41:00,CNR4806377095,Driver Not Found,CID887158,Mini,RT Nagar,JP Nagar,,,Not Applicable,Not Applicable,Not Applicable,Not Applicable,396,Not Applicable,0,,
2024-07-23 14:15:00,CNR5939364519,Success,CID173165,eBike,Magadi Road,Hosur Road,210.0,120.0,Not Applicable,Not Applicable,No,Not Applicable,123,UPI,49,4.4,3.6
2024-07-10 16:29:00,CNR2420980881,Canceled by Customer,CID107132,eBike,Hebbal,Jayanagar,,,Driver asked to cancel,Not Applicable,Not Applicable,Not Applicable,535,Not Applicable,0,,
2024-07-22 07:57:00,CNR4579573254,Canceled by Customer,CID137669,Prime Sedan,HSR Layout,Kammanahalli,,,Driver is not moving towards pickup location,Not Applicable,Not Applicable,Not Applicable,310,Not Applicable,0,,
2024-07-10 20:21:00,CNR7884948424,Success,CID988757,Bike,Shivajinagar,Richmond Town,161.0,50.0,Not Applicable,Not Applicable,No,Not Applicable,129,Cash,25,4.9,3.4
2024-07-12 12:14:00,CNR1730294971,Success,CID821258,Auto,Yelahanka,Magadi Road,133.0,145.0,Not Applicable,Not Applicable,No,Not Applicable,1209,Cash,19,3.5,3.3
2024-07-15 22:05:00,CNR2003350805,Success,CID833204,Prime Sedan,BTM Layout,Yeshwanthpur,147.0,90.0,Not Applicable,Not Applicable,No,Not Applicable,483,UPI,3,3.3,4.1
2024-07-23 07:25:00,CNR2130167355,Success,CID747045,Prime SUV,Jayanagar,Langford Town,140.0,45.0,Not Applicable,Not Applicable,No,Not Applicable,266,Cash,39,3.8,5.0
2024-07-03 20:58:00,CNR6805043644,Driver Not Found,CID485336,Prime Sedan,Whitefield,Bellandur,,,Not Applicable,Not Applicable,Not Applicable,Not Applicable,135,Not Applicable,0,,
2024-07-11 22:58:00,CNR1468572258,Success,CID975250,Bike,Bannerghatta Road,RT Nagar,126.0,125.0,Not Applicable,Not Applicable,No,Not Applicable,446,Credit Card,10,4.3,4.7
2024-07-17 17:27:00,CNR4143979695,Success,CID760950,Mini,BTM Layout,Tumkur Road,98.0,130.0,Not Applicable,Not Applicable,No,Not Applicable,386,UPI,14,3.4,4.7
2024-07-25 11:41:00,CNR7643191641,Driver Not Found,CID512931,Prime Plus,Magadi Road,Electronic City,,,Not Applicable,Not Applicable,Not Applicable,Not Applicable,629,Not Applicable,0,,
2024-07-28 02:04:00,CNR1644050250,Driver Not Found,CID317697,Prime SUV,Hennur,Ramamurthy Nagar,,,Not Applicable,Not Applicable,Not Applicable,Not Applicable,263,Not Applicable,0,,
2024-07-30 15:19:00,CNR4024721019,Canceled by Customer,CID764203,Auto,Peenya,Peenya,,,Driver is not moving towards pickup location,Not Applicable,Not Applicable,Not Applicable,263,Not Applicable,0,,
2024-07-29 18:45:00,CNR3996167389,Canceled by Driver,CID167464,Mini,Bannerghatta Road,Electronic City,,,Not Applicable,More than permitted people in there,Not Applicable,Not Applicable,1070,Not Applicable,0,,
2024-07-04 00:03:00,CNR4083770229,Driver Not Found,CID814015,eBike,Rajarajeshwari Nagar,Devanahalli,,,Not Applicable,Not Applicable,Not Applicable,Not Applicable,417,Not Applicable,0,,
2024-07-02 02:36:00,CNR6907103803,Success,CID968046,Bike,Chickpet,Whitefield,77.0,55.0,Not Applicable,Not Applicable,No,Not Applicable,220,Cash,28,4.5,3.2
2024-07-30 14:41:00,CNR4939766406,Success,CID496075,Auto,Bellandur,KR Puram,175.0,100.0,Not Applicable,Not Applicable,No,Not Applicable,2930,Cash,4,3.0,3.5
2024-07-05 20:47:00,CNR7969728218,Success,CID190016,eBike,Kengeri,Indiranagar,231.0,110.0,Not Applicable,Not Applicable,No,Not Applicable,277,Cash,6,4.2,4.8
2024-07-23 17:18:00,CNR6617565694,Success,CID908733,eBike,Hulimavu,RT Nagar,224.0,90.0,Not Applicable,Not Applicable,No,Not Applicable,113,UPI,47,4.2,4.3
2024-07-20 07:23:00,CNR9696173235,Success,CID769365,Prime Plus,Indiranagar,Chickpet,189.0,110.0,Not Applicable,Not Applicable,No,Not Applicable,971,UPI,26,4.1,3.4
2024-07-17 12:30:00,CNR6275095016,Success,CID516599,eBike,Sahakar Nagar,Shantinagar,238.0,65.0,Not Applicable,Not Applicable,No,Not Applicable,298,UPI,7,4.1,3.7
2024-07-12 20:00:00,CNR1660364706,Success,CID819637,Mini,BTM Layout,Koramangala,168.0,70.0,Not Applicable,Not Applicable,No,Not Applicable,268,Cash,49,4.5,4.9
2024-07-05 17:25:00,CNR1394175081,Success,CID788827,Mini,Shivajinagar,KR Puram,217.0,30.0,Not Applicable,Not Applicable,No,Not Applicable,515,Cash,41,3.5,3.2
2024-07-03 14:44:00,CNR8457168999,Canceled by Customer,CID393529,Prime Plus,Chamarajpet,Banashankari,,,Driver is not moving towards pickup location,Not Applicable,Not Applicable,Not Applicable,349,Not Applicable,0,,
2024-07-22 03:49:00,CNR3478031733,Success,CID877838,Bike,BTM Layout,Frazer Town,161.0,100.0,Not Applicable,Not Applicable,No,Not Applicable,869,Cash,13,3.0,5.0
2024-07-26 04:01:00,CNR1107642074,Canceled by Driver,CID457534,Prime SUV,Sahakar Nagar,Bellandur,,,Not Applicable,Customer was coughing/sick,Not Applicable,Not Applicable,2732,Not Applicable,0,,
2024-07-21 08:03:00,CNR9122944128,Success,CID590429,Bike,Richmond Town,Bannerghatta Road,119.0,95.0,Not Applicable,Not Applicable,No,Not Applicable,306,Cash,39,3.1,3.7
2024-07-14 10:25:00,CNR4234527224,Success,CID231213,Bike,Jayanagar,Cox Town,147.0,105.0,Not Applicable,Not Applicable,No,Not Applicable,495,Cash,42,3.4,3.9
2024-07-29 10:58:00,CNR1531568386,Canceled by Customer,CID317505,Prime SUV,Vijayanagar,Jayanagar,,,Change of plans,Not Applicable,Not Applicable,Not Applicable,1044,Not Applicable,0,,
2024-07-06 01:42:00,CNR6331367271,Success,CID596618,Mini,MG Road,Ulsoor,301.0,25.0,Not Applicable,Not Applicable,No,Not Applicable,123,UPI,11,3.9,3.7
2024-07-12 03:28:00,CNR6644363731,Success,CID216211,Prime Sedan,Peenya,Koramangala,133.0,120.0,Not Applicable,Not Applicable,No,Not Applicable,148,UPI,29,4.9,3.7
2024-07-27 12:20:00,CNR8509233636,Canceled by Driver,CID975201,Prime Sedan,Kammanahalli,Yeshwanthpur,,,Not Applicable,Customer was coughing/sick,Not Applicable,Not Applicable,105,Not Applicable,0,,
2024-07-30 07:38:00,CNR7551545695,Canceled by Driver,CID751392,Mini,Hulimavu,Hulimavu,,,Not Applicable,More than permitted people in there,Not Applicable,Not Applicable,2216,Not Applicable,0,,
2024-07-12 11:17:00,CNR6077520158,Canceled by Driver,CID760760,Auto,Basavanagudi,Chickpet,,,Not Applicable,Customer related issue,Not Applicable,Not Applicable,370,Not Applicable,0,,
2024-07-21 05:02:00,CNR4970415686,Success,CID535913,Auto,Shantinagar,Vijayanagar,91.0,135.0,Not Applicable,Not Applicable,No,Not Applicable,662,Cash,7,5.0,3.5
2024-07-19 16:26:00,CNR1288195023,Success,CID406194,Prime Plus,Mysore Road,Vijayanagar,259.0,75.0,Not Applicable,Not Applicable,No,Not Applicable,155,UPI,10,4.6,3.8
2024-07-28 12:23:00,CNR6566385988,Success,CID355974,Prime Sedan,Frazer Town,Hulimavu,273.0,45.0,Not Applicable,Not Applicable,No,Not Applicable,438,Cash,28,4.0,4.5
2024-07-15 08:48:00,CNR6074886301,Canceled by Driver,CID783302,Prime SUV,Marathahalli,Marathahalli,,,Not Applicable,Personal & Car related issue,Not Applicable,Not Applicable,991,Not Applicable,0,,
2024-07-29 02:12:00,CNR8385756636,Driver Not Found,CID253651,eBike,Richmond Town,Banashankari,,,Not Applicable,Not Applicable,Not Applicable,Not Applicable,231,Not Applicable,0,,
2024-07-29 04:39:00,CNR9819076124,Success,CID111483,Auto,Yeshwanthpur,Frazer Town,119.0,75.0,Not Applicable,Not Applicable,No,Not Applicable,277,UPI,19,3.5,3.7
2024-07-02 01:58:00,CNR7677669696,Success,CID606275,eBike,Electronic City,Marathahalli,133.0,45.0,Not Applicable,Not Applicable,No,Not Applicable,770,Cash,15,4.6,3.8
2024-07-17 00:23:00,CNR1605590077,Canceled by Driver,CID508079,Prime SUV,Rajajinagar,Peenya,,,Not Applicable,Personal & Car related issue,Not Applicable,Not Applicable,182,Not Applicable,0,,
2024-07-16 15:04:00,CNR1835834491,Canceled by Driver,CID699703,Prime Plus,Kengeri,Shivajinagar,,,Not Applicable,Personal & Car related issue,Not Applicable,Not Applicable,310,Not Applicable,0,,
2024-07-26 23:13:00,CNR8319932546,Success,CID884544,Mini,RT Nagar,Frazer Town,70.0,125.0,Not Applicable,Not Applicable,No,Not Applicable,315,Cash,47,3.3,4.9
2024-07-25 11:44:00,CNR9328357819,Success,CID466875,Bike,Banashankari,Chamarajpet,112.0,40.0,Not Applicable,Not Applicable,No,Not Applicable,965,UPI,15,4.0,4.3
2024-07-28 13:28:00,CNR1053121665,Canceled by Driver,CID716171,Prime Plus,Sarjapur Road,BTM Layout,,,Not Applicable,Customer related issue,Not Applicable,Not Applicable,263,Not Applicable,0,,
2024-07-27 02:04:00,CNR8105967485,Driver Not Found,CID932593,Prime SUV,Cox Town,Hulimavu,,,Not Applicable,Not Applicable,Not Applicable,Not Applicable,302,Not Applicable,0,,
2024-07-25 19:57:00,CNR8486949445,Success,CID653007,Bike,Frazer Town,Ramamurthy Nagar,112.0,45.0,Not Applicable,Not Applicable,No,Not Applicable,323,Cash,37,4.1,4.6
2024-07-28 05:58:00,CNR6532523828,Success,CID937859,Mini,Shantinagar,Malleshwaram,140.0,60.0,Not Applicable,Not Applicable,No,Not Applicable,110,Cash,30,3.2,4.1
2024-07-04 04:15:00,CNR5592935862,Driver Not Found,CID583061,Auto,Indiranagar,Majestic,,,Not Applicable,Not Applicable,Not Applicable,Not Applicable,1194,Not Applicable,0,,
2024-07-27 09:15:00,CNR7442659055,Success,CID194126,Prime SUV,Richmond Town,Shantinagar,210.0,30.0,Not Applicable,Not Applicable,No,Not Applicable,1642,UPI,45,4.6,3.2
2024-07-11 15:55:00,CNR8719911018,Canceled by Driver,CID655373,eBike,RT Nagar,Ramamurthy Nagar,,,Not Applicable,Customer related issue,Not Applicable,Not Applicable,494,Not Applicable,0,,
2024-07-30 18:20:00,CNR6315459055,Driver Not Found,CID675361,eBike,Frazer Town,Nagarbhavi,,,Not Applicable,Not Applicable,Not Applicable,Not Applicable,227,Not Applicable,0,,
2024-07-17 00:52:00,CNR2188914189,Driver Not Found,CID861330,Bike,Frazer Town,Chickpet,,,Not Applicable,Not Applicable,Not Applicable,Not Applicable,211,Not Applicable,0,,
2024-07-25 16:50:00,CNR5584129624,Success,CID383212,Prime Plus,Koramangala,Hulimavu,77.0,140.0,Not Applicable,Not Applicable,No,Not Applicable,366,Cash,46,3.6,3.4
2024-07-01 22:41:00,CNR2204861714,Canceled by Customer,CID240354,Prime Sedan,Varthur,Padmanabhanagar,,,Change of plans,Not Applicable,Not Applicable,Not Applicable,117,Not Applicable,0,,
2024-07-08 22:47:00,CNR5979373643,Canceled by Customer,CID390726,Bike,Devanahalli,Magadi Road,,,Driver is not moving towards pickup location,Not Applicable,Not Applicable,Not Applicable,452,Not Applicable,0,,
2024-07-09 11:43:00,CNR2683262045,Success,CID242915,Prime Sedan,Koramangala,Shantinagar,266.0,65.0,Not Applicable,Not Applicable,No,Not Applicable,454,UPI,32,3.3,3.5
2024-07-20 11:44:00,CNR2561470575,Success,CID699489,Auto,Peenya,Banashankari,42.0,135.0,Not Applicable,Not Applicable,No,Not Applicable,244,Cash,3,4.4,3.7
2024-07-08 03:54:00,CNR1496404831,Success,CID261943,Mini,Bannerghatta Road,KR Puram,133.0,145.0,Not Applicable,Not Applicable,No,Not Applicable,330,Cash,15,4.4,3.5
2024-07-04 06:46:00,CNR4440660556,Success,CID417948,Mini,Chickpet,Marathahalli,273.0,40.0,Not Applicable,Not Applicable,No,Not Applicable,329,UPI,19,3.1,4.5
2024-07-19 02:46:00,CNR4816343257,Success,CID688600,Prime Sedan,Ulsoor,Chickpet,266.0,120.0,Not Applicable,Not Applicable,No,Not Applicable,374,UPI,2,3.5,4.6
2024-07-16 11:12:00,CNR7904701766,Success,CID764504,Prime Sedan,Hosur Road,Shantinagar,224.0,85.0,Not Applicable,Not Applicable,No,Not Applicable,135,UPI,46,3.8,5.0
2024-07-25 04:24:00,CNR4590057871,Success,CID175928,Prime Sedan,Varthur,Peenya,189.0,125.0,Not Applicable,Not Applicable,No,Not Applicable,117,UPI,46,4.4,3.3
2024-07-10 01:03:00,CNR4334375299,Success,CID235555,Bike,Malleshwaram,Indiranagar,238.0,120.0,Not Applicable,Not Applicable,No,Not Applicable,451,UPI,17,3.3,4.1
2024-07-08 09:23:00,CNR8519865780,Success,CID252737,Mini,Hulimavu,Magadi Road,238.0,70.0,Not Applicable,Not Applicable,No,Not Applicable,442,Cash,19,3.5,3.5
2024-07-12 02:04:00,CNR1167985306,Canceled by Driver,CID811678,Prime Plus,Bannerghatta Road,Basavanagudi,,,Not Applicable,Customer related issue,Not Applicable,Not Applicable,943,Not Applicable,0,,
2024-07-14 12:27:00,CNR2900976849,Success,CID125599,Prime Sedan,Frazer Town,Shivajinagar,35.0,105.0,Not Applicable,Not Applicable,Yes,Other Issue,483,Cash,22,4.5,3.7
2024-07-16 05:30:00,CNR9576811025,Success,CID543093,Bike,Hosur Road,Devanahalli,217.0,80.0,Not Applicable,Not Applicable,No,Not Applicable,131,UPI,45,3.5,3.6
2024-07-23 19:35:00,CNR7763458543,Success,CID223394,Prime Sedan,Mysore Road,Koramangala,70.0,25.0,Not Applicable,Not Applicable,No,Not Applicable,315,UPI,34,4.6,4.7
2024-07-27 20:34:00,CNR8005774170,Success,CID382926,Prime Plus,Sahakar Nagar,Frazer Town,245.0,55.0,Not Applicable,Not Applicable,No,Not Applicable,256,Cash,13,3.0,4.4
2024-07-11 13:42:00,CNR3373924211,Success,CID160528,eBike,Banashankari,Nagarbhavi,266.0,115.0,Not Applicable,Not Applicable,No,Not Applicable,1017,Cash,32,3.5,4.6
2024-07-22 04:12:00,CNR3486836018,Success,CID367368,Prime SUV,Peenya,Vijayanagar,126.0,100.0,Not Applicable,Not Applicable,Yes,Other Issue,250,UPI,47,4.8,4.9
2024-07-07 19:06:00,CNR5557980933,Driver Not Found,CID227233,Prime Plus,Kengeri,Chamarajpet,,,Not Applicable,Not Applicable,Not Applicable,Not Applicable,2969,Not Applicable,0,,
2024-07-13 19:45:00,CNR9952163020,Driver Not Found,CID704698,Prime Plus,Banashankari,Bellandur,,,Not Applicable,Not Applicable,Not Applicable,Not Applicable,280,Not Applicable,0,,
2024-07-27 04:14:00,CNR3684653375,Success,CID449211,Mini,Whitefield,Peenya,301.0,140.0,Not Applicable,Not Applicable,No,Not Applicable,434,Cash,38,4.3,4.0
2024-07-28 02:52:00,CNR7499792098,Canceled by Customer,CID839954,Prime SUV,Ulsoor,Hebbal,,,Wrong Address,Not Applicable,Not Applicable,Not Applicable,203,Not Applicable,0,,
2024-07-29 20:27:00,CNR9120043176,Driver Not Found,CID706604,Mini,Kadugodi,Malleshwaram,,,Not Applicable,Not Applicable,Not Applicable,Not Applicable,130,Not Applicable,0,,
2024-07-28 09:34:00,CNR6888188311,Success,CID226270,Prime Sedan,Sarjapur Road,MG Road,133.0,105.0,Not Applicable,Not Applicable,No,Not Applicable,457,UPI,30,3.9,3.7
2024-07-19 10:47:00,CNR7486252813,Canceled by Customer,CID248507,eBike,Magadi Road,Whitefield,,,Driver is not moving towards pickup location,Not Applicable,Not Applicable,Not Applicable,994,Not Applicable,0,,
2024-07-07 20:20:00,CNR8874656305,Success,CID137205,Bike,Whitefield,Kammanahalli,182.0,115.0,Not Applicable,Not Applicable,No,Not Applicable,531,Cash,12,3.4,3.4
2024-07-22 04:55:00,CNR8958546608,Success,CID228443,Prime SUV,Sahakar Nagar,Mysore Road,294.0,100.0,Not Applicable,Not Applicable,No,Not Applicable,532,UPI,23,3.3,3.0
2024-07-03 05:10:00,CNR8027267568,Canceled by Customer,CID407559,Prime SUV,Hebbal,Yelahanka,,,Change of plans,Not Applicable,Not Applicable,Not Applicable,449,Not Applicable,0,,
2024-07-08 13:31:00,CNR4437608880,Success,CID418192,eBike,Chamarajpet,Devanahalli,161.0,70.0,Not Applicable,Not Applicable,No,Not Applicable,701,Cash,17,3.7,3.8
2024-07-08 09:39:00,CNR6427619248,Success,CID496794,Prime Sedan,Rajarajeshwari Nagar,Chamarajpet,147.0,30.0,Not Applicable,Not Applicable,No,Not Applicable,183,Cash,5,3.6,3.5
2024-07-30 03:46:00,CNR8253637663,Success,CID345853,eBike,Ramamurthy Nagar,Ramamurthy Nagar,168.0,140.0,Not Applicable,Not Applicable,No,Not Applicable,239,Cash,30,3.6,4.3
2024-07-28 19:14:00,CNR2693072515,Canceled by Driver,CID981774,Prime Plus,Ramamurthy Nagar,Electronic City,,,Not Applicable,Customer related issue,Not Applicable,Not Applicable,340,Not Applicable,0,,
2024-07-10 09:27:00,CNR3029879548,Success,CID122367,Auto,Koramangala,RT Nagar,119.0,110.0,Not Applicable,Not Applicable,No,Not Applicable,467,UPI,15,3.1,4.8
2024-07-19 22:34:00,CNR7096058137,Success,CID487795,Auto,Ramamurthy Nagar,BTM Layout,203.0,115.0,Not Applicable,Not Applicable,No,Not Applicable,604,UPI,11,4.5,4.8
2024-07-09 07:37:00,CNR9006974322,Canceled by Driver,CID806407,Mini,Indiranagar,Rajajinagar,,,Not Applicable,Customer was coughing/sick,Not Applicable,Not Applicable,370,Not Applicable,0,,
2024-07-20 13:18:00,CNR7123387215,Success,CID199719,Mini,Koramangala,Kammanahalli,98.0,35.0,Not Applicable,Not Applicable,No,Not Applicable,443,Cash,8,4.4,4.8
2024-07-19 22:37:00,CNR9460709498,Success,CID751844,eBike,Kadugodi,Peenya,196.0,70.0,Not Applicable,Not Applicable,No,Not Applicable,291,Cash,48,3.5,4.6
2024-07-12 22:42:00,CNR9517067548,Success,CID694967,eBike,Shivajinagar,Sahakar Nagar,287.0,95.0,Not Applicable,Not Applicable,No,Not Applicable,2477,Credit Card,29,3.3,4.6
2024-07-20 13:23:00,CNR1555642765,Success,CID755022,Mini,Chickpet,Rajarajeshwari Nagar,224.0,80.0,Not Applicable,Not Applicable,No,Not Applicable,271,UPI,45,3.2,4.1
2024-07-03 16:54:00,CNR9571646811,Success,CID468127,Prime Sedan,Magadi Road,Mysore Road,147.0,80.0,Not Applicable,Not Applicable,No,Not Applicable,433,Cash,25,3.0,3.6
2024-07-12 20:56:00,CNR5099571216,Canceled by Driver,CID270011,Prime SUV,Kadugodi,Sarjapur Road,,,Not Applicable,Customer was coughing/sick,Not Applicable,Not Applicable,848,Not Applicable,0,,
2024-07-28 15:17:00,CNR5878004404,Success,CID152855,Prime SUV,Chickpet,Bannerghatta Road,252.0,95.0,Not Applicable,Not Applicable,No,Not Applicable,475,UPI,8,4.2,4.8
2024-07-23 06:19:00,CNR6216644842,Canceled by Driver,CID688387,eBike,Shivajinagar,Shantinagar,,,Not Applicable,Personal & Car related issue,Not Applicable,Not Applicable,444,Not Applicable,0,,
2024-07-15 21:59:00,CNR6556832243,Success,CID626239,Prime Sedan,Kengeri,MG Road,84.0,135.0,Not Applicable,Not Applicable,No,Not Applicable,840,UPI,33,4.5,3.8
2024-07-07 04:15:00,CNR9401035717,Success,CID606525,Auto,Whitefield,Ramamurthy Nagar,105.0,100.0,Not Applicable,Not Applicable,No,Not Applicable,299,Cash,13,3.2,3.4
2024-07-27 16:02:00,CNR5934502275,Canceled by Customer,CID483856,Prime Plus,Nagarbhavi,Hebbal,,,Wrong Address,Not Applicable,Not Applicable,Not Applicable,377,Not Applicable,0,,
2024-07-11 05:15:00,CNR4872001069,Success,CID692767,Prime Sedan,Nagarbhavi,Langford Town,308.0,115.0,Not Applicable,Not Applicable,No,Not Applicable,547,Cash,24,4.1,4.6
2024-07-09 11:36:00,CNR9997421206,Canceled by Customer,CID626201,eBike,Shantinagar,Whitefield,,,Change of plans,Not Applicable,Not Applicable,Not Applicable,925,Not Applicable,0,,
2024-07-13 21:35:00,CNR4962882584,Success,CID711673,Prime SUV,Kadugodi,Chamarajpet,266.0,140.0,Not Applicable,Not Applicable,No,Not Applicable,686,UPI,41,3.8,4.4
2024-07-27 02:05:00,CNR6795417857,Success,CID745433,Mini,Varthur,Jayanagar,98.0,125.0,Not Applicable,Not Applicable,No,Not Applicable,314,UPI,36,3.1,4.9
2024-07-07 14:10:00,CNR2325173985,Success,CID839914,Bike,Peenya,Basavanagudi,112.0,25.0,Not Applicable,Not Applicable,No,Not Applicable,320,UPI,36,4.0,4.3
2024-07-03 04:37:00,CNR2769936968,Canceled by Customer,CID919930,Bike,Bannerghatta Road,Shivajinagar,,,Driver is not moving towards pickup location,Not Applicable,Not Applicable,Not Applicable,398,Not Applicable,0,,
2024-07-29 12:47:00,CNR1224162279,Success,CID974190,Bike,Hulimavu,Koramangala,189.0,75.0,Not Applicable,Not Applicable,No,Not Applicable,2925,Cash,38,3.2,3.3
2024-07-30 01:41:00,CNR1450583653,Canceled by Customer,CID190948,Prime SUV,BTM Layout,Shivajinagar,,,Change of plans,Not Applicable,Not Applicable,Not Applicable,782,Not Applicable,0,,
2024-07-06 01:50:00,CNR5991890043,Driver Not Found,CID523824,Mini,Frazer Town,Varthur,,,Not Applicable,Not Applicable,Not Applicable,Not Applicable,134,Not Applicable,0,,
2024-07-23 02:13:00,CNR9384745045,Success,CID402038,Bike,Malleshwaram,Mysore Road,238.0,35.0,Not Applicable,Not Applicable,No,Not Applicable,423,Cash,15,3.4,4.2
2024-07-10 23:17:00,CNR3178986009,Success,CID664012,Prime Plus,Peenya,Magadi Road,63.0,70.0,Not Applicable,Not Applicable,No,Not Applicable,479,Cash,49,3.1,4.7
2024-07-17 09:30:00,CNR4250702456,Success,CID284511,eBike,Kengeri,Hebbal,238.0,115.0,Not Applicable,Not Applicable,No,Not Applicable,700,Cash,38,3.9,4.3
2024-07-06 19:13:00,CNR8749449320,Canceled by Customer,CID462410,Bike,Nagarbhavi,Ulsoor,,,Wrong Address,Not Applicable,Not Applicable,Not Applicable,494,Not Applicable,0,,
2024-07-29 11:11:00,CNR5717205276,Success,CID635856,Bike,JP Nagar,Vijayanagar,168.0,40.0,Not Applicable,Not Applicable,No,Not Applicable,2439,Cash,31,3.5,3.7
2024-07-14 11:00:00,CNR4929133518,Canceled by Customer,CID556252,Prime Sedan,Hennur,Malleshwaram,,,Driver asked to cancel,Not Applicable,Not Applicable,Not Applicable,458,Not Applicable,0,,
2024-07-19 12:15:00,CNR3027732457,Success,CID708185,Prime SUV,Nagarbhavi,Sarjapur Road,63.0,60.0,Not Applicable,Not Applicable,No,Not Applicable,280,Cash,1,3.1,3.2
2024-07-21 14:35:00,CNR9824696388,Canceled by Driver,CID569769,Mini,Yeshwanthpur,Peenya,,,Not Applicable,Personal & Car related issue,Not Applicable,Not Applicable,437,Not Applicable,0,,
2024-07-30 23:05:00,CNR5629799060,Success,CID739841,Mini,Vijayanagar,Bannerghatta Road,259.0,145.0,Not Applicable,Not Applicable,Yes,Vehicle Breakdown,854,Cash,21,3.4,4.7
2024-07-01 00:07:00,CNR4105626939,Success,CID156346,Prime Plus,Kengeri,Frazer Town,161.0,55.0,Not Applicable,Not Applicable,No,Not Applicable,368,UPI,11,3.9,3.0
2024-07-28 00:29:00,CNR5150050625,Success,CID740163,Prime Plus,Langford Town,MG Road,154.0,40.0,Not Applicable,Not Applicable,Yes,Other Issue,644,Cash,5,4.4,3.7
2024-07-24 04:29:00,CNR6871078109,Canceled by Driver,CID733101,Prime SUV,Tumkur Road,JP Nagar,,,Not Applicable,Personal & Car related issue,Not Applicable,Not Applicable,317,Not Applicable,0,,
2024-07-23 04:30:00,CNR7469070802,Canceled by Customer,CID538867,Mini,Majestic,Marathahalli,,,Driver asked to cancel,Not Applicable,Not Applicable,Not Applicable,233,Not Applicable,0,,
2024-07-26 11:20:00,CNR5015199111,Success,CID685415,Prime Sedan,Chickpet,Electronic City,168.0,55.0,Not Applicable,Not Applicable,No,Not Applicable,399,Cash,17,4.6,3.9
2024-07-10 07:41:00,CNR3884218841,Success,CID783854,Prime SUV,RT Nagar,RT Nagar,301.0,60.0,Not Applicable,Not Applicable,No,Not Applicable,614,Cash,7,4.6,4.6
2024-07-05 19:25:00,CNR3924584993,Success,CID458862,Auto,Indiranagar,Ulsoor,196.0,100.0,Not Applicable,Not Applicable,No,Not Applicable,725,Cash,6,3.5,4.0
2024-07-13 20:07:00,CNR4173459805,Success,CID862630,eBike,Shantinagar,Rajajinagar,98.0,90.0,Not Applicable,Not Applicable,No,Not Applicable,248,Cash,44,3.4,3.3
2024-07-17 04:48:00,CNR3303695837,Success,CID684340,Prime Plus,Jayanagar,Banashankari,273.0,25.0,Not Applicable,Not Applicable,No,Not Applicable,282,Cash,24,4.9,3.8
2024-07-02 01:19:00,CNR6745552811,Success,CID689837,Prime SUV,Nagarbhavi,Cox Town,77.0,130.0,Not Applicable,Not Applicable,No,Not Applicable,423,Cash,36,4.0,4.0
2024-07-22 22:26:00,CNR9176996337,Canceled by Customer,CID818586,Prime SUV,Kadugodi,Yelahanka,,,AC is Not working,Not Applicable,Not Applicable,Not Applicable,260,Not Applicable,0,,
2024-07-07 03:17:00,CNR7886940691,Canceled by Customer,CID935838,Prime SUV,Shivajinagar,Kammanahalli,,,Driver is not moving towards pickup location,Not Applicable,Not Applicable,Not Applicable,466,Not Applicable,0,,
2024-07-01 13:18:00,CNR6422608239,Success,CID339339,Prime SUV,Rajarajeshwari Nagar,Vijayanagar,105.0,25.0,Not Applicable,Not Applicable,No,Not Applicable,141,UPI,35,3.8,4.2
2024-07-29 09:21:00,CNR4197979866,Success,CID219796,Prime Sedan,KR Puram,BTM Layout,294.0,30.0,Not Applicable,Not Applicable,No,Not Applicable,178,Credit Card,48,4.3,4.9
2024-07-09 06:46:00,CNR8645259664,Success,CID189446,Prime SUV,BTM Layout,Kammanahalli,203.0,70.0,Not Applicable,Not Applicable,No,Not Applicable,423,Cash,2,4.4,4.0
2024-07-09 15:50:00,CNR7139396352,Success,CID104468,Prime Sedan,Ulsoor,Hosur Road,217.0,120.0,Not Applicable,Not Applicable,No,Not Applicable,449,UPI,34,4.7,3.9
2024-07-23 10:24:00,CNR6978226867,Success,CID974229,Prime Sedan,Cox Town,Koramangala,161.0,120.0,Not Applicable,Not Applicable,No,Not Applicable,123,Cash,26,4.1,4.3
2024-07-06 21:13:00,CNR5182139592,Success,CID928827,Prime SUV,Devanahalli,Peenya,140.0,25.0,Not Applicable,Not Applicable,No,Not Applicable,518,UPI,40,3.3,3.9
2024-07-28 03:08:00,CNR9613489096,Success,CID291079,Auto,Bannerghatta Road,Mysore Road,238.0,55.0,Not Applicable,Not Applicable,No,Not Applicable,373,UPI,18,4.4,4.1
2024-07-24 08:13:00,CNR8983691622,Canceled by Driver,CID744413,Prime SUV,Indiranagar,Kengeri,,,Not Applicable,Customer related issue,Not Applicable,Not Applicable,346,Not Applicable,0,,
2024-07-16 03:55:00,CNR7202546922,Success,CID198381,Prime Plus,Ulsoor,Indiranagar,196.0,135.0,Not Applicable,Not Applicable,No,Not Applicable,483,Cash,45,4.0,3.7
2024-07-26 04:02:00,CNR9957288568,Canceled by Customer,CID706705,eBike,Chickpet,Malleshwaram,,,Driver is not moving towards pickup location,Not Applicable,Not Applicable,Not Applicable,349,Not Applicable,0,,
2024-07-19 17:43:00,CNR2187531261,Success,CID806592,Prime SUV,Rajarajeshwari Nagar,Kengeri,280.0,35.0,Not Applicable,Not Applicable,No,Not Applicable,527,UPI,43,3.7,3.1
2024-07-23 05:07:00,CNR7639512676,Success,CID291038,Bike,HSR Layout,Tumkur Road,175.0,35.0,Not Applicable,Not Applicable,No,Not Applicable,420,Cash,12,3.9,3.5
2024-07-06 05:08:00,CNR8903195199,Success,CID452250,Auto,Tumkur Road,BTM Layout,273.0,80.0,Not Applicable,Not Applicable,No,Not Applicable,447,Cash,15,3.5,5.0
2024-07-18 05:48:00,CNR7382780297,Success,CID656145,Prime Plus,Malleshwaram,Varthur,259.0,35.0,Not Applicable,Not Applicable,No,Not Applicable,551,UPI,43,4.4,4.9
2024-07-02 07:52:00,CNR7236148626,Driver Not Found,CID247070,eBike,Shivajinagar,Mysore Road,,,Not Applicable,Not Applicable,Not Applicable,Not Applicable,251,Not Applicable,0,,
2024-07-16 21:57:00,CNR7727774422,Driver Not Found,CID845971,Prime SUV,Mysore Road,Kammanahalli,,,Not Applicable,Not Applicable,Not Applicable,Not Applicable,130,Not Applicable,0,,
2024-07-19 05:23:00,CNR1826391538,Success,CID412403,Mini,Padmanabhanagar,Rajarajeshwari Nagar,35.0,60.0,Not Applicable,Not Applicable,No,Not Applicable,504,Cash,35,4.7,3.6
2024-07-27 07:32:00,CNR7188334346,Success,CID347631,eBike,Cox Town,Frazer Town,203.0,115.0,Not Applicable,Not Applicable,No,Not Applicable,864,Cash,19,4.4,4.4
2024-07-26 03:10:00,CNR1301703261,Success,CID482698,Prime Plus,Jayanagar,Ramamurthy Nagar,49.0,60.0,Not Applicable,Not Applicable,Yes,Vehicle Breakdown,335,UPI,23,4.9,3.7
2024-07-21 20:54:00,CNR8213021261,Success,CID778589,Auto,Indiranagar,Yelahanka,238.0,145.0,Not Applicable,Not Applicable,Yes,Customer Demand,284,UPI,8,4.7,4.5
2024-07-07 16:47:00,CNR8108404897,Canceled by Driver,CID458789,Bike,Chickpet,JP Nagar,,,Not Applicable,More than permitted people in there,Not Applicable,Not Applicable,974,Not Applicable,0,,
2024-07-06 16:44:00,CNR5710903282,Canceled by Driver,CID537861,Mini,JP Nagar,Richmond Town,,,Not Applicable,Customer related issue,Not Applicable,Not Applicable,1350,Not Applicable,0,,
2024-07-11 18:06:00,CNR9115035174,Success,CID683744,eBike,Rajarajeshwari Nagar,Hulimavu,266.0,145.0,Not Applicable,Not Applicable,No,Not Applicable,395,Credit Card,35,3.5,3.2
2024-07-25 13:08:00,CNR8485002878,Success,CID602179,Prime SUV,Hulimavu,Basavanagudi,112.0,100.0,Not Applicable,Not Applicable,No,Not Applicable,468,Cash,23,3.5,3.2
2024-07-13 06:33:00,CNR9056167941,Success,CID826044,Prime Sedan,MG Road,Whitefield,231.0,100.0,Not Applicable,Not Applicable,No,Not Applicable,536,Cash,33,4.5,3.9
2024-07-12 06:50:00,CNR6000713605,Success,CID811339,Prime Sedan,Yeshwanthpur,Varthur,175.0,50.0,Not Applicable,Not Applicable,No,Not Applicable,485,UPI,1,3.0,3.0
2024-07-13 02:47:00,CNR2495372637,Success,CID426881,Mini,Frazer Town,Hulimavu,112.0,35.0,Not Applicable,Not Applicable,No,Not Applicable,241,UPI,17,3.8,3.9
2024-07-11 19:27:00,CNR5246311543,Success,CID997760,Prime SUV,Electronic City,Jayanagar,210.0,65.0,Not Applicable,Not Applicable,No,Not Applicable,912,UPI,14,3.1,4.3
2024-07-24 18:22:00,CNR9001529081,Success,CID779121,Bike,JP Nagar,Mysore Road,63.0,30.0,Not Applicable,Not Applicable,No,Not Applicable,295,Cash,18,3.5,4.9
2024-07-12 03:14:00,CNR3943120602,Success,CID678444,Auto,Hebbal,Sarjapur Road,217.0,25.0,Not Applicable,Not Applicable,No,Not Applicable,476,UPI,14,4.6,3.6
2024-07-23 06:33:00,CNR4626462557,Driver Not Found,CID279897,Prime SUV,Hennur,Kengeri,,,Not Applicable,Not Applicable,Not Applicable,Not Applicable,379,Not Applicable,0,,
2024-07-17 01:04:00,CNR4966096847,Success,CID999491,eBike,Devanahalli,HSR Layout,63.0,55.0,Not Applicable,Not Applicable,No,Not Applicable,136,Cash,4,4.1,4.0
2024-07-02 20:28:00,CNR2149624352,Success,CID351124,eBike,KR Puram,JP Nagar,210.0,80.0,Not Applicable,Not Applicable,No,Not Applicable,978,Cash,10,4.6,4.2
2024-07-28 05:42:00,CNR9548408632,Success,CID655662,Auto,Bannerghatta Road,Hosur Road,84.0,80.0,Not Applicable,Not Applicable,No,Not Applicable,393,UPI,2,4.8,3.6
2024-07-21 17:40:00,CNR7510543732,Driver Not Found,CID992376,Prime SUV,JP Nagar,Kengeri,,,Not Applicable,Not Applicable,Not Applicable,Not Applicable,129,Not Applicable,0,,
2024-07-06 17:44:00,CNR4941560188,Canceled by Driver,CID657157,Prime SUV,Shivajinagar,HSR Layout,,,Not Applicable,Customer related issue,Not Applicable,Not Applicable,273,Not Applicable,0,,
2024-07-09 14:43:00,CNR8564389603,Success,CID299890,Bike,Indiranagar,Rajarajeshwari Nagar,112.0,105.0,Not Applicable,Not Applicable,No,Not Applicable,249,Cash,32,4.1,3.5
2024-07-10 06:28:00,CNR5216121732,Success,CID773417,Bike,KR Puram,Whitefield,196.0,75.0,Not Applicable,Not Applicable,No,Not Applicable,235,Cash,12,3.8,3.7
2024-07-25 10:55:00,CNR5367433047,Success,CID757520,Prime SUV,MG Road,BTM Layout,189.0,55.0,Not Applicable,Not Applicable,No,Not Applicable,359,Cash,14,3.9,3.2
2024-07-19 18:09:00,CNR9481050249,Success,CID506656,Auto,Sahakar Nagar,Yelahanka,49.0,65.0,Not Applicable,Not Applicable,No,Not Applicable,234,UPI,15,3.2,4.3
2024-07-03 00:06:00,CNR3056112525,Canceled by Driver,CID547664,Auto,Varthur,Hosur Road,,,Not Applicable,Personal & Car related issue,Not Applicable,Not Applicable,274,Not Applicable,0,,
2024-07-14 04:00:00,CNR5558077702,Canceled by Driver,CID696939,Prime Plus,Chickpet,Kammanahalli,,,Not Applicable,Customer was coughing/sick,Not Applicable,Not Applicable,138,Not Applicable,0,,
2024-07-27 13:53:00,CNR7248048915,Success,CID553217,Auto,Indiranagar,Nagarbhavi,217.0,135.0,Not Applicable,Not Applicable,No,Not Applicable,890,UPI,8,4.9,4.4
2024-07-08 05:19:00,CNR7797648936,Success,CID599205,eBike,Shantinagar,Vijayanagar,112.0,45.0,Not Applicable,Not Applicable,No,Not Applicable,218,Cash,4,4.0,4.2
2024-07-18 19:43:00,CNR5862754763,Driver Not Found,CID104302,Bike,Electronic City,Jayanagar,,,Not Applicable,Not Applicable,Not Applicable,Not Applicable,199,Not Applicable,0,,
2024-07-22 00:24:00,CNR9065377683,Canceled by Driver,CID678506,Prime SUV,Whitefield,Sarjapur Road,,,Not Applicable,More than permitted people in there,Not Applicable,Not Applicable,381,Not Applicable,0,,
2024-07-06 22:30:00,CNR8199192401,Canceled by Driver,CID996015,Auto,Varthur,Rajarajeshwari Nagar,,,Not Applicable,Customer related issue,Not Applicable,Not Applicable,274,Not Applicable,0,,
2024-07-26 10:08:00,CNR1904475818,Driver Not Found,CID547443,Auto,Hulimavu,Yelahanka,,,Not Applicable,Not Applicable,Not Applicable,Not Applicable,197,Not Applicable,0,,
2024-07-20 06:55:00,CNR8306672238,Success,CID720788,Prime Sedan,Ramamurthy Nagar,Devanahalli,210.0,130.0,Not Applicable,Not Applicable,No,Not Applicable,524,Cash,4,4.2,3.5
2024-07-16 18:05:00,CNR6632595526,Success,CID356376,Prime SUV,Langford Town,Vijayanagar,287.0,140.0,Not Applicable,Not Applicable,No,Not Applicable,1531,Cash,14,3.5,3.9
2024-07-11 06:35:00,CNR5135513073,Driver Not Found,CID125413,eBike,MG Road,Hulimavu,,,Not Applicable,Not Applicable,Not Applicable,Not Applicable,2716,Not Applicable,0,,
2024-07-02 07:04:00,CNR4858850856,Canceled by Customer,CID175778,Prime Sedan,HSR Layout,Marathahalli,,,AC is Not working,Not Applicable,Not Applicable,Not Applicable,278,Not Applicable,0,,
2024-07-22 01:50:00,CNR1078049713,Canceled by Driver,CID155692,Bike,Bannerghatta Road,Varthur,,,Not Applicable,Personal & Car related issue,Not Applicable,Not Applicable,2431,Not Applicable,0,,
2024-07-22 19:51:00,CNR4299644804,Canceled by Driver,CID468879,Prime Sedan,Kadugodi,Langford Town,,,Not Applicable,More than permitted people in there,Not Applicable,Not Applicable,429,Not Applicable,0,,
2024-07-28 20:53:00,CNR2223618266,Success,CID811510,eBike,Yeshwanthpur,Vijayanagar,133.0,65.0,Not Applicable,Not Applicable,No,Not Applicable,442,Cash,28,3.0,3.1
2024-07-16 06:38:00,CNR1767107175,Canceled by Driver,CID660267,eBike,Tumkur Road,Hulimavu,,,Not Applicable,Customer related issue,Not Applicable,Not Applicable,424,Not Applicable,0,,
2024-07-18 05:41:00,CNR5435282783,Success,CID998711,Auto,Hennur,Magadi Road,98.0,130.0,Not Applicable,Not Applicable,Yes,Vehicle Breakdown,2449,UPI,8,4.8,3.7
2024-07-21 19:20:00,CNR3942461262,Canceled by Driver,CID391532,Prime Plus,Ramamurthy Nagar,Jayanagar,,,Not Applicable,Personal & Car related issue,Not Applicable,Not Applicable,240,Not Applicable,0,,
2024-07-13 20:09:00,CNR6087324118,Success,CID832476,Prime Plus,Tumkur Road,Hulimavu,105.0,105.0,Not Applicable,Not Applicable,No,Not Applicable,334,UPI,27,3.8,3.5
2024-07-12 03:40:00,CNR3992775727,Success,CID903109,Prime Plus,Banashankari,Koramangala,280.0,50.0,Not Applicable,Not Applicable,No,Not Applicable,483,Cash,33,3.1,4.3
2024-07-22 13:46:00,CNR4077231929,Success,CID705471,Bike,Magadi Road,Magadi Road,231.0,115.0,Not Applicable,Not Applicable,No,Not Applicable,386,Cash,31,4.3,3.5
2024-07-05 02:07:00,CNR9308425817,Success,CID608881,Mini,Majestic,Banashankari,154.0,140.0,Not Applicable,Not Applicable,No,Not Applicable,485,Cash,7,4.2,3.5
2024-07-06 22:12:00,CNR3383031864,Success,CID873117,Prime SUV,BTM Layout,Basavanagudi,147.0,100.0,Not Applicable,Not Applicable,No,Not Applicable,425,Cash,14,3.8,3.9
2024-07-04 16:54:00,CNR1806297788,Success,CID648141,Auto,Rajajinagar,Basavanagudi,182.0,105.0,Not Applicable,Not Applicable,No,Not Applicable,164,UPI,19,3.5,3.7
2024-07-05 18:55:00,CNR2683478463,Success,CID958854,Prime SUV,Electronic City,Ulsoor,287.0,140.0,Not Applicable,Not Applicable,No,Not Applicable,123,UPI,20,3.6,4.0
2024-07-19 14:40:00,CNR3214479730,Canceled by Driver,CID881445,Prime Plus,Kammanahalli,Hosur Road,,,Not Applicable,Customer related issue,Not Applicable,Not Applicable,797,Not Applicable,0,,
2024-07-17 05:52:00,CNR6504237882,Success,CID524949,Bike,Vijayanagar,Indiranagar,301.0,50.0,Not Applicable,Not Applicable,No,Not Applicable,470,Credit Card,45,4.7,4.0
2024-07-30 22:55:00,CNR5455437486,Canceled by Customer,CID519050,Prime SUV,Whitefield,Frazer Town,,,Wrong Address,Not Applicable,Not Applicable,Not Applicable,1364,Not Applicable,0,,
2024-07-06 19:37:00,CNR6161279069,Canceled by Customer,CID335655,Auto,Ulsoor,Kadugodi,,,AC is Not working,Not Applicable,Not Applicable,Not Applicable,703,Not Applicable,0,,
2024-07-29 14:57:00,CNR2738678494,Success,CID149407,Prime Sedan,Yelahanka,Frazer Town,182.0,130.0,Not Applicable,Not Applicable,No,Not Applicable,983,UPI,8,4.9,4.4
2024-07-09 19:40:00,CNR4049469128,Success,CID907578,Prime SUV,Ramamurthy Nagar,BTM Layout,175.0,50.0,Not Applicable,Not Applicable,No,Not Applicable,204,Cash,40,4.5,3.0
2024-07-16 00:23:00,CNR8691643936,Success,CID319421,eBike,Hebbal,Basavanagudi,98.0,25.0,Not Applicable,Not Applicable,No,Not Applicable,136,UPI,30,4.2,4.5
2024-07-22 05:26:00,CNR4168899223,Success,CID260142,Prime Sedan,Banashankari,Bellandur,35.0,80.0,Not Applicable,Not Applicable,No,Not Applicable,391,Cash,19,3.3,4.6
2024-07-25 14:54:00,CNR4215608310,Success,CID458482,eBike,Ulsoor,BTM Layout,112.0,105.0,Not Applicable,Not Applicable,No,Not Applicable,109,Cash,49,3.8,4.7
2024-07-09 22:08:00,CNR8052946353,Success,CID882472,eBike,Jayanagar,Malleshwaram,217.0,145.0,Not Applicable,Not Applicable,Yes,Other Issue,498,Cash,5,3.9,4.3
2024-07-24 19:54:00,CNR9813050127,Canceled by Customer,CID548577,Prime SUV,Chamarajpet,Marathahalli,,,Driver is not moving towards pickup location,Not Applicable,Not Applicable,Not Applicable,149,Not Applicable,0,,
2024-07-09 05:25:00,CNR6028067471,Success,CID196176,Prime Sedan,Majestic,KR Puram,238.0,145.0,Not Applicable,Not Applicable,No,Not Applicable,178,Cash,42,3.5,4.1
2024-07-18 18:16:00,CNR6184074678,Driver Not Found,CID909817,Mini,Frazer Town,Banashankari,,,Not Applicable,Not Applicable,Not Applicable,Not Applicable,957,Not Applicable,0,,
2024-07-22 09:30:00,CNR3251713218,Canceled by Driver,CID542055,eBike,Chickpet,Basavanagudi,,,Not Applicable,Customer was coughing/sick,Not Applicable,Not Applicable,601,Not Applicable,0,,
2024-07-25 17:29:00,CNR4637134369,Success,CID916773,Prime SUV,Magadi Road,Basavanagudi,189.0,90.0,Not Applicable,Not Applicable,No,Not Applicable,435,UPI,47,4.2,4.1
2024-07-22 08:56:00,CNR9993689154,Success,CID533547,Auto,Banashankari,Yeshwanthpur,112.0,50.0,Not Applicable,Not Applicable,No,Not Applicable,992,Cash,14,4.9,4.4
2024-07-18 06:04:00,CNR1979522526,Success,CID222486,Prime Sedan,Padmanabhanagar,Hosur Road,210.0,80.0,Not Applicable,Not Applicable,No,Not Applicable,407,Cash,1,4.7,3.6
2024-07-05 13:59:00,CNR8848475479,Success,CID400609,Bike,Rajajinagar,Malleshwaram,252.0,35.0,Not Applicable,Not Applicable,No,Not Applicable,295,Cash,1,3.8,3.5
2024-07-10 16:40:00,CNR5919069704,Success,CID866810,Prime Sedan,Tumkur Road,Bannerghatta Road,147.0,45.0,Not Applicable,Not Applicable,No,Not Applicable,216,UPI,10,3.2,3.1
2024-07-02 13:27:00,CNR6830398737,Canceled by Driver,CID932302,Prime SUV,Whitefield,Yeshwanthpur,,,Not Applicable,Customer was coughing/sick,Not Applicable,Not Applicable,149,Not Applicable,0,,
2024-07-28 06:36:00,CNR1695402651,Success,CID765351,Prime Sedan,Chamarajpet,Yelahanka,196.0,70.0,Not Applicable,Not Applicable,No,Not Applicable,550,UPI,15,4.1,4.3
2024-07-15 03:53:00,CNR7671277772,Success,CID353363,Auto,Bellandur,Koramangala,294.0,65.0,Not Applicable,Not Applicable,No,Not Applicable,807,UPI,15,4.1,3.4
2024-07-06 18:43:00,CNR2234464331,Success,CID275585,Prime SUV,Devanahalli,Marathahalli,210.0,30.0,Not Applicable,Not Applicable,No,Not Applicable,795,Cash,39,3.5,3.6
2024-07-01 20:45:00,CNR9834158227,Canceled by Driver,CID461269,Prime Plus,Rajarajeshwari Nagar,BTM Layout,,,Not Applicable,Customer was coughing/sick,Not Applicable,Not Applicable,217,Not Applicable,0,,
2024-07-11 04:56:00,CNR7892650316,Success,CID688483,eBike,RT Nagar,Kengeri,217.0,30.0,Not Applicable,Not Applicable,No,Not Applicable,716,Cash,8,3.4,4.0
2024-07-28 20:26:00,CNR7939417007,Success,CID504927,Auto,Chickpet,Varthur,287.0,75.0,Not Applicable,Not Applicable,No,Not Applicable,208,Cash,13,3.6,3.5
2024-07-03 17:45:00,CNR5176161638,Canceled by Driver,CID653392,Bike,Rajajinagar,Electronic City,,,Not Applicable,Customer was coughing/sick,Not Applicable,Not Applicable,140,Not Applicable,0,,
2024-07-12 13:15:00,CNR2159243294,Canceled by Driver,CID394274,Auto,RT Nagar,Varthur,,,Not Applicable,Personal & Car related issue,Not Applicable,Not Applicable,404,Not Applicable,0,,
2024-07-28 08:38:00,CNR5597713237,Success,CID395715,Bike,Cox Town,Hulimavu,175.0,25.0,Not Applicable,Not Applicable,No,Not Applicable,344,UPI,48,3.8,4.8
2024-07-27 00:56:00,CNR8176672908,Canceled by Driver,CID998338,Prime Plus,Yelahanka,Hebbal,,,Not Applicable,More than permitted people in there,Not Applicable,Not Applicable,223,Not Applicable,0,,
2024-07-24 12:03:00,CNR8438646063,Canceled by Driver,CID774561,Bike,Frazer Town,Shivajinagar,,,Not Applicable,Customer related issue,Not Applicable,Not Applicable,838,Not Applicable,0,,
2024-07-06 02:12:00,CNR3788076187,Success,CID449801,Prime Plus,Chickpet,Nagarbhavi,161.0,25.0,Not Applicable,Not Applicable,Yes,Vehicle Breakdown,703,Cash,17,3.6,3.7
2024-07-20 18:17:00,CNR9001065029,Success,CID745651,Auto,BTM Layout,Cox Town,112.0,25.0,Not Applicable,Not Applicable,No,Not Applicable,259,UPI,11,3.8,3.8
2024-07-06 11:53:00,CNR8778709419,Success,CID105036,Auto,RT Nagar,Hosur Road,259.0,80.0,Not Applicable,Not Applicable,No,Not Applicable,2403,Cash,8,3.3,3.3
2024-07-17 08:07:00,CNR3930667716,Success,CID994483,Auto,Malleshwaram,Marathahalli,287.0,120.0,Not Applicable,Not Applicable,No,Not Applicable,395,UPI,2,3.9,4.9
2024-07-12 21:54:00,CNR5597732404,Success,CID589481,Prime SUV,Yelahanka,Devanahalli,273.0,120.0,Not Applicable,Not Applicable,No,Not Applicable,239,Cash,1,3.6,3.9
2024-07-03 05:37:00,CNR3296071781,Success,CID434924,eBike,Indiranagar,Hosur Road,210.0,80.0,Not Applicable,Not Applicable,No,Not Applicable,992,UPI,16,3.2,3.4
2024-07-05 22:42:00,CNR2187507699,Success,CID364608,Auto,Electronic City,Tumkur Road,98.0,55.0,Not Applicable,Not Applicable,No,Not Applicable,148,Cash,14,3.3,4.9
2024-07-26 14:33:00,CNR3825408168,Success,CID245801,Mini,Langford Town,Chickpet,49.0,25.0,Not Applicable,Not Applicable,No,Not Applicable,498,UPI,17,4.9,3.3
2024-07-30 18:04:00,CNR7302699695,Success,CID599520,Mini,Richmond Town,Cox Town,161.0,95.0,Not Applicable,Not Applicable,No,Not Applicable,401,Cash,38,3.9,4.4
2024-07-16 14:21:00,CNR1942680554,Success,CID497526,eBike,Cox Town,Hennur,287.0,115.0,Not Applicable,Not Applicable,No,Not Applicable,321,UPI,48,4.2,3.7
2024-07-02 00:36:00,CNR3072486405,Success,CID282022,Prime Plus,Marathahalli,Bannerghatta Road,133.0,60.0,Not Applicable,Not Applicable,No,Not Applicable,351,UPI,1,3.2,4.6
2024-07-12 07:32:00,CNR5578881754,Canceled by Driver,CID564760,Bike,Sahakar Nagar,Jayanagar,,,Not Applicable,Customer was coughing/sick,Not Applicable,Not Applicable,105,Not Applicable,0,,
2024-07-07 12:22:00,CNR7241153154,Success,CID429514,Prime SUV,Malleshwaram,Bannerghatta Road,182.0,55.0,Not Applicable,Not Applicable,No,Not Applicable,383,UPI,34,3.6,4.1
2024-07-19 20:31:00,CNR7934387340,Success,CID336371,Bike,Kengeri,Ulsoor,231.0,95.0,Not Applicable,Not Applicable,No,Not Applicable,253,Cash,8,3.7,4.5
2024-07-01 10:20:00,CNR3838997629,Success,CID252920,Prime SUV,Hulimavu,Magadi Road,175.0,115.0,Not Applicable,Not Applicable,No,Not Applicable,559,Cash,35,3.6,4.2
2024-07-17 12:16:00,CNR5704538426,Success,CID868729,Mini,Rajarajeshwari Nagar,Chickpet,203.0,120.0,Not Applicable,Not Applicable,No,Not Applicable,2277,UPI,38,3.0,4.5
2024-07-21 22:53:00,CNR5444618969,Driver Not Found,CID541737,Mini,Langford Town,Peenya,,,Not Applicable,Not Applicable,Not Applicable,Not Applicable,249,Not Applicable,0,,
2024-07-15 15:26:00,CNR5247360300,Success,CID647910,Prime Sedan,HSR Layout,Shantinagar,238.0,125.0,Not Applicable,Not Applicable,No,Not Applicable,149,Cash,12,3.5,3.5
2024-07-05 17:54:00,CNR4868444376,Success,CID248325,eBike,Tumkur Road,Bannerghatta Road,154.0,115.0,Not Applicable,Not Applicable,No,Not Applicable,155,Cash,11,3.8,4.8
2024-07-29 08:39:00,CNR9100807097,Canceled by Customer,CID197108,Prime Plus,Jayanagar,Yeshwanthpur,,,Driver is not moving towards pickup location,Not Applicable,Not Applicable,Not Applicable,445,Not Applicable,0,,
2024-07-26 23:04:00,CNR6550513769,Success,CID260020,Prime SUV,Marathahalli,Mysore Road,182.0,120.0,Not Applicable,Not Applicable,No,Not Applicable,483,UPI,20,3.7,5.0
2024-07-07 23:08:00,CNR2776666029,Canceled by Driver,CID480372,Prime Sedan,Hulimavu,Langford Town,,,Not Applicable,Personal & Car related issue,Not Applicable,Not Applicable,217,Not Applicable,0,,
2024-07-30 05:26:00,CNR2465371082,Driver Not Found,CID201882,Mini,Devanahalli,Koramangala,,,Not Applicable,Not Applicable,Not Applicable,Not Applicable,161,Not Applicable,0,,
2024-07-19 21:40:00,CNR3562000037,Success,CID459759,Mini,BTM Layout,Marathahalli,77.0,90.0,Not Applicable,Not Applicable,No,Not Applicable,810,UPI,15,4.9,4.2
2024-07-24 13:20:00,CNR3356446918,Canceled by Driver,CID794574,Prime Plus,Jayanagar,Devanahalli,,,Not Applicable,Personal & Car related issue,Not Applicable,Not Applicable,471,Not Applicable,0,,
2024-07-23 13:20:00,CNR9802841253,Canceled by Driver,CID539347,Prime Sedan,Kengeri,Ulsoor,,,Not Applicable,Customer related issue,Not Applicable,Not Applicable,922,Not Applicable,0,,
2024-07-28 12:41:00,CNR4860526557,Canceled by Driver,CID860639,Mini,Electronic City,Sahakar Nagar,,,Not Applicable,Customer related issue,Not Applicable,Not Applicable,350,Not Applicable,0,,
2024-07-12 02:12:00,CNR3747423146,Driver Not Found,CID401527,Prime Sedan,RT Nagar,Banashankari,,,Not Applicable,Not Applicable,Not Applicable,Not Applicable,358,Not Applicable,0,,
2024-07-02 02:43:00,CNR8816244608,Canceled by Driver,CID345371,Prime SUV,HSR Layout,Padmanabhanagar,,,Not Applicable,Customer related issue,Not Applicable,Not Applicable,477,Not Applicable,0,,
2024-07-01 17:34:00,CNR6126619135,Success,CID462552,Mini,BTM Layout,Richmond Town,238.0,30.0,Not Applicable,Not Applicable,No,Not Applicable,301,Credit Card,27,4.0,3.0
2024-07-19 14:36:00,CNR4468638176,Success,CID104476,Auto,Kengeri,Banashankari,196.0,105.0,Not Applicable,Not Applicable,No,Not Applicable,258,UPI,11,4.7,4.5
2024-07-13 14:16:00,CNR7704424484,Success,CID952205,eBike,Shivajinagar,Vijayanagar,98.0,125.0,Not Applicable,Not Applicable,No,Not Applicable,190,UPI,13,4.4,4.4
2024-07-17 07:14:00,CNR7178854059,Canceled by Customer,CID943818,Bike,JP Nagar,Ulsoor,,,AC is Not working,Not Applicable,Not Applicable,Not Applicable,734,Not Applicable,0,,
2024-07-05 11:38:00,CNR2788732789,Success,CID413783,Prime SUV,Kammanahalli,Chamarajpet,203.0,145.0,Not Applicable,Not Applicable,No,Not Applicable,233,UPI,26,3.3,4.6
2024-07-05 03:13:00,CNR3374965250,Canceled by Driver,CID742304,Prime Plus,Rajarajeshwari Nagar,Magadi Road,,,Not Applicable,Personal & Car related issue,Not Applicable,Not Applicable,392,Not Applicable,0,,
2024-07-02 17:17:00,CNR9399808986,Success,CID947666,Auto,Peenya,Mysore Road,168.0,85.0,Not Applicable,Not Applicable,No,Not Applicable,287,Cash,9,3.9,4.4
2024-07-22 13:30:00,CNR4827262981,Success,CID678231,Prime Sedan,Tumkur Road,RT Nagar,77.0,90.0,Not Applicable,Not Applicable,No,Not Applicable,1435,UPI,47,4.2,3.1
2024-07-26 03:10:00,CNR5383202956,Success,CID497162,Bike,Yelahanka,Nagarbhavi,98.0,50.0,Not Applicable,Not Applicable,No,Not Applicable,801,UPI,48,3.4,4.0
2024-07-20 08:53:00,CNR2693758835,Canceled by Customer,CID924202,Prime Sedan,Rajarajeshwari Nagar,JP Nagar,,,Wrong Address,Not Applicable,Not Applicable,Not Applicable,617,Not Applicable,0,,
2024-07-26 12:49:00,CNR9179529193,Success,CID329047,Bike,Majestic,Langford Town,210.0,60.0,Not Applicable,Not Applicable,No,Not Applicable,353,Cash,18,3.1,3.1
2024-07-14 16:05:00,CNR2541868261,Driver Not Found,CID346657,Auto,Chickpet,Electronic City,,,Not Applicable,Not Applicable,Not Applicable,Not Applicable,446,Not Applicable,0,,
2024-07-11 20:24:00,CNR3826275209,Canceled by Driver,CID105863,Auto,HSR Layout,RT Nagar,,,Not Applicable,Customer was coughing/sick,Not Applicable,Not Applicable,225,Not Applicable,0,,
2024-07-14 20:28:00,CNR2011766295,Success,CID704970,Prime SUV,Langford Town,Peenya,294.0,80.0,Not Applicable,Not Applicable,No,Not Applicable,460,Cash,24,4.9,3.7
2024-07-09 09:50:00,CNR3822231501,Driver Not Found,CID468815,Prime Plus,Hosur Road,Basavanagudi,,,Not Applicable,Not Applicable,Not Applicable,Not Applicable,148,Not Applicable,0,,
2024-07-29 04:18:00,CNR4498798411,Canceled by Driver,CID114025,Auto,Bannerghatta Road,RT Nagar,,,Not Applicable,Customer related issue,Not Applicable,Not Applicable,574,Not Applicable,0,,
2024-07-19 11:57:00,CNR3169405259,Canceled by Driver,CID769938,Auto,Shantinagar,Mysore Road,,,Not Applicable,Customer related issue,Not Applicable,Not Applicable,110,Not Applicable,0,,
2024-07-19 16:44:00,CNR5264180333,Success,CID129226,Mini,Shantinagar,RT Nagar,119.0,25.0,Not Applicable,Not Applicable,No,Not Applicable,499,Cash,13,3.1,4.6
2024-07-02 17:04:00,CNR7198565957,Success,CID683544,Prime Sedan,Whitefield,Bannerghatta Road,168.0,120.0,Not Applicable,Not Applicable,No,Not Applicable,260,UPI,19,3.2,4.7
2024-07-21 12:57:00,CNR7060271556,Canceled by Driver,CID513912,Auto,Koramangala,Yelahanka,,,Not Applicable,Customer related issue,Not Applicable,Not Applicable,449,Not Applicable,0,,
2024-07-04 22:32:00,CNR4719670128,Success,CID783673,Auto,Basavanagudi,Kammanahalli,301.0,80.0,Not Applicable,Not Applicable,No,Not Applicable,216,Cash,9,3.9,4.5
2024-07-06 21:15:00,CNR8495916783,Canceled by Customer,CID729708,Auto,Magadi Road,Tumkur Road,,,AC is Not working,Not Applicable,Not Applicable,Not Applicable,936,Not Applicable,0,,
2024-07-08 12:43:00,CNR4727223787,Success,CID899592,Mini,Koramangala,Varthur,133.0,115.0,Not Applicable,Not Applicable,No,Not Applicable,256,UPI,16,3.8,4.0
2024-07-07 04:30:00,CNR5219081491,Success,CID672667,Prime SUV,Magadi Road,Kammanahalli,287.0,70.0,Not Applicable,Not Applicable,No,Not Applicable,437,UPI,38,3.0,3.1
2024-07-16 19:49:00,CNR8253838315,Canceled by Driver,CID283358,eBike,Majestic,Electronic City,,,Not Applicable,Personal & Car related issue,Not Applicable,Not Applicable,981,Not Applicable,0,,
2024-07-29 14:34:00,CNR9400593701,Success,CID880971,Mini,Sahakar Nagar,Shivajinagar,294.0,90.0,Not Applicable,Not Applicable,No,Not Applicable,227,UPI,11,4.5,3.2
2024-07-02 05:45:00,CNR7652951198,Success,CID956522,Bike,Yelahanka,Sahakar Nagar,238.0,135.0,Not Applicable,Not Applicable,No,Not Applicable,236,UPI,7,4.1,3.0
2024-07-22 10:45:00,CNR8796764651,Success,CID951746,Bike,Peenya,Yeshwanthpur,210.0,70.0,Not Applicable,Not Applicable,No,Not Applicable,109,Cash,37,4.6,3.5
2024-07-11 16:26:00,CNR1182549520,Success,CID560394,Prime Sedan,Ramamurthy Nagar,Indiranagar,133.0,85.0,Not Applicable,Not Applicable,No,Not Applicable,149,UPI,12,4.6,3.1
2024-07-27 22:07:00,CNR6112044096,Success,CID327280,Prime Plus,Kammanahalli,Yeshwanthpur,308.0,100.0,Not Applicable,Not Applicable,No,Not Applicable,859,Cash,30,4.0,4.9
2024-07-30 04:43:00,CNR8881578073,Driver Not Found,CID818434,Prime Plus,Frazer Town,Ulsoor,,,Not Applicable,Not Applicable,Not Applicable,Not Applicable,160,Not Applicable,0,,
2024-07-17 15:56:00,CNR7909654909,Canceled by Driver,CID612451,Bike,Chickpet,Rajajinagar,,,Not Applicable,Customer was coughing/sick,Not Applicable,Not Applicable,215,Not Applicable,0,,
2024-07-07 09:51:00,CNR7128699167,Success,CID671461,Prime Plus,Marathahalli,HSR Layout,98.0,115.0,Not Applicable,Not Applicable,No,Not Applicable,904,UPI,5,3.6,3.7
2024-07-03 20:25:00,CNR7110069565,Success,CID894429,Prime Sedan,Kammanahalli,Shivajinagar,294.0,80.0,Not Applicable,Not Applicable,No,Not Applicable,267,Cash,15,4.2,3.1
2024-07-23 20:39:00,CNR9088109061,Success,CID898496,Mini,Richmond Town,Marathahalli,238.0,40.0,Not Applicable,Not Applicable,No,Not Applicable,241,Cash,19,3.6,4.2
2024-07-25 16:56:00,CNR7755655091,Success,CID279902,eBike,Tumkur Road,Hulimavu,238.0,145.0,Not Applicable,Not Applicable,No,Not Applicable,491,Cash,44,3.2,3.9
2024-07-28 00:09:00,CNR6473784526,Success,CID177140,Mini,Yeshwanthpur,Langford Town,105.0,65.0,Not Applicable,Not Applicable,No,Not Applicable,483,UPI,34,3.1,4.9
2024-07-28 22:24:00,CNR9860298233,Success,CID747794,Prime Sedan,KR Puram,Frazer Town,231.0,45.0,Not Applicable,Not Applicable,No,Not Applicable,538,Cash,16,4.8,3.4
2024-07-03 21:06:00,CNR6235474027,Canceled by Customer,CID913260,Prime SUV,Bannerghatta Road,Malleshwaram,,,Driver is not moving towards pickup location,Not Applicable,Not Applicable,Not Applicable,357,Not Applicable,0,,
2024-07-15 11:41:00,CNR2518939483,Success,CID597190,Prime SUV,Rajarajeshwari Nagar,Kammanahalli,175.0,45.0,Not Applicable,Not Applicable,No,Not Applicable,179,Cash,6,4.9,4.5
2024-07-08 01:08:00,CNR6507869220,Success,CID139090,Bike,BTM Layout,Jayanagar,70.0,30.0,Not Applicable,Not Applicable,Yes,Customer Demand,386,UPI,21,3.4,3.5
2024-07-01 06:15:00,CNR7129550562,Success,CID188517,Auto,Mysore Road,Kammanahalli,154.0,55.0,Not Applicable,Not Applicable,No,Not Applicable,358,Cash,14,5.0,3.2
2024-07-22 22:14:00,CNR9899170659,Success,CID780729,eBike,Sahakar Nagar,Banashankari,280.0,30.0,Not Applicable,Not Applicable,No,Not Applicable,891,Cash,10,4.6,3.4
2024-07-22 09:56:00,CNR7889705536,Canceled by Driver,CID976766,Bike,Peenya,Banashankari,,,Not Applicable,Personal & Car related issue,Not Applicable,Not Applicable,164,Not Applicable,0,,
2024-07-22 21:58:00,CNR5615497669,Canceled by Customer,CID824697,eBike,Varthur,Malleshwaram,,,Driver is not moving towards pickup location,Not Applicable,Not Applicable,Not Applicable,404,Not Applicable,0,,
2024-07-03 09:20:00,CNR8531782033,Success,CID944037,Mini,Ulsoor,Vijayanagar,126.0,105.0,Not Applicable,Not Applicable,No,Not Applicable,420,UPI,15,3.8,4.5
2024-07-16 12:37:00,CNR4605828993,Success,CID590255,Prime Sedan,BTM Layout,Chamarajpet,196.0,60.0,Not Applicable,Not Applicable,No,Not Applicable,331,UPI,13,4.3,4.8
2024-07-05 13:50:00,CNR8785455324,Success,CID115151,eBike,Marathahalli,Shivajinagar,35.0,120.0,Not Applicable,Not Applicable,No,Not Applicable,546,Cash,14,3.3,3.9
2024-07-18 20:00:00,CNR6616818389,Success,CID697611,Prime Plus,KR Puram,Padmanabhanagar,203.0,80.0,Not Applicable,Not Applicable,No,Not Applicable,1832,Cash,45,3.5,4.9
2024-07-29 09:52:00,CNR8832594388,Success,CID761582,eBike,Magadi Road,Ulsoor,119.0,40.0,Not Applicable,Not Applicable,No,Not Applicable,998,Cash,18,4.1,4.9
2024-07-20 00:09:00,CNR3489595709,Success,CID940057,Prime Sedan,Hulimavu,Hosur Road,63.0,125.0,Not Applicable,Not Applicable,No,Not Applicable,305,UPI,8,4.1,3.3
2024-07-23 01:46:00,CNR3126816740,Canceled by Driver,CID350156,Auto,Chamarajpet,Marathahalli,,,Not Applicable,Personal & Car related issue,Not Applicable,Not Applicable,178,Not Applicable,0,,
2024-07-11 19:40:00,CNR8445673583,Success,CID606420,Prime SUV,Banashankari,Bannerghatta Road,105.0,105.0,Not Applicable,Not Applicable,No,Not Applicable,647,Cash,21,4.2,4.1
2024-07-01 18:32:00,CNR3964588431,Success,CID124467,Prime SUV,Yeshwanthpur,Magadi Road,161.0,85.0,Not Applicable,Not Applicable,No,Not Applicable,332,UPI,23,3.2,3.9
2024-07-30 17:12:00,CNR9033044906,Success,CID842840,Prime Sedan,MG Road,Rajajinagar,273.0,30.0,Not Applicable,Not Applicable,No,Not Applicable,946,UPI,36,4.4,3.9
2024-07-29 15:02:00,CNR2623061855,Canceled by Driver,CID451195,Auto,Rajajinagar,Jayanagar,,,Not Applicable,More than permitted people in there,Not Applicable,Not Applicable,820,Not Applicable,0,,
2024-07-02 05:00:00,CNR1525394785,Canceled by Customer,CID716513,Auto,Padmanabhanagar,Mysore Road,,,Driver is not moving towards pickup location,Not Applicable,Not Applicable,Not Applicable,347,Not Applicable,0,,
2024-07-13 23:58:00,CNR7901674630,Success,CID587885,Auto,BTM Layout,Tumkur Road,203.0,125.0,Not Applicable,Not Applicable,No,Not Applicable,1526,UPI,10,4.1,3.0
2024-07-27 23:16:00,CNR5804300497,Canceled by Driver,CID353503,eBike,Ulsoor,Electronic City,,,Not Applicable,Customer related issue,Not Applicable,Not Applicable,388,Not Applicable,0,,
2024-07-26 03:47:00,CNR9467439760,Canceled by Driver,CID286049,Prime Sedan,Nagarbhavi,Ulsoor,,,Not Applicable,Customer related issue,Not Applicable,Not Applicable,861,Not Applicable,0,,
2024-07-19 02:49:00,CNR5842455448,Canceled by Customer,CID605688,Mini,Langford Town,Tumkur Road,,,Driver is not moving towards pickup location,Not Applicable,Not Applicable,Not Applicable,376,Not Applicable,0,,
2024-07-01 05:02:00,CNR3098410022,Success,CID594612,Prime SUV,Sarjapur Road,HSR Layout,147.0,70.0,Not Applicable,Not Applicable,No,Not Applicable,431,Cash,8,3.1,4.3
2024-07-04 02:03:00,CNR7618924833,Canceled by Driver,CID794266,Bike,Hulimavu,Kengeri,,,Not Applicable,Customer was coughing/sick,Not Applicable,Not Applicable,680,Not Applicable,0,,
2024-07-09 18:13:00,CNR5221234990,Driver Not Found,CID108119,eBike,Cox Town,Jayanagar,,,Not Applicable,Not Applicable,Not Applicable,Not Applicable,122,Not Applicable,0,,
2024-07-05 23:44:00,CNR8051706660,Success,CID808295,Prime Sedan,Rajajinagar,Chamarajpet,35.0,60.0,Not Applicable,Not Applicable,Yes,Customer Demand,826,Cash,10,4.8,3.7
2024-07-10 07:48:00,CNR8727441918,Canceled by Customer,CID677028,eBike,Bellandur,Peenya,,,Change of plans,Not Applicable,Not Applicable,Not Applicable,2057,Not Applicable,0,,
2024-07-05 11:11:00,CNR1964640462,Success,CID198129,Prime SUV,Magadi Road,Yelahanka,259.0,105.0,Not Applicable,Not Applicable,No,Not Applicable,976,UPI,26,4.9,4.8
2024-07-03 12:48:00,CNR4898080789,Driver Not Found,CID273833,Mini,Rajajinagar,Vijayanagar,,,Not Applicable,Not Applicable,Not Applicable,Not Applicable,792,Not Applicable,0,,
2024-07-28 01:21:00,CNR9627852679,Success,CID306445,Prime SUV,Bannerghatta Road,Shivajinagar,84.0,105.0,Not Applicable,Not Applicable,No,Not Applicable,498,Cash,15,3.9,3.1
2024-07-10 03:55:00,CNR3265875191,Canceled by Customer,CID668074,Prime Sedan,Marathahalli,Chickpet,,,AC is Not working,Not Applicable,Not Applicable,Not Applicable,145,Not Applicable,0,,
2024-07-27 00:17:00,CNR1844828609,Success,CID256809,Prime SUV,Yelahanka,Hosur Road,294.0,85.0,Not Applicable,Not Applicable,No,Not Applicable,256,UPI,31,4.2,3.0
2024-07-06 15:37:00,CNR9157408491,Success,CID816638,Bike,Kengeri,Chamarajpet,91.0,50.0,Not Applicable,Not Applicable,No,Not Applicable,322,UPI,18,4.0,3.2
2024-07-03 11:49:00,CNR3807199752,Success,CID723207,Auto,Magadi Road,Koramangala,161.0,55.0,Not Applicable,Not Applicable,No,Not Applicable,106,Cash,17,3.5,4.3
2024-07-01 02:15:00,CNR5470071748,Success,CID702168,Auto,Electronic City,Rajarajeshwari Nagar,70.0,110.0,Not Applicable,Not Applicable,No,Not Applicable,435,Cash,4,4.0,3.8
2024-07-27 00:57:00,CNR9502990579,Success,CID244416,Auto,Kammanahalli,HSR Layout,182.0,135.0,Not Applicable,Not Applicable,No,Not Applicable,673,Cash,12,4.0,4.9
2024-07-13 15:10:00,CNR8416956578,Success,CID767128,Prime Sedan,Padmanabhanagar,Banashankari,189.0,125.0,Not Applicable,Not Applicable,No,Not Applicable,111,UPI,36,3.3,4.9
2024-07-06 15:17:00,CNR3090331411,Success,CID731513,Prime Sedan,Mysore Road,Whitefield,231.0,45.0,Not Applicable,Not Applicable,No,Not Applicable,966,UPI,28,3.8,4.9
2024-07-17 22:11:00,CNR8791430476,Success,CID307416,Mini,Malleshwaram,RT Nagar,287.0,130.0,Not Applicable,Not Applicable,Yes,Vehicle Breakdown,180,UPI,35,4.8,3.9
2024-07-15 00:36:00,CNR1915351211,Canceled by Driver,CID376432,Prime Sedan,Ulsoor,HSR Layout,,,Not Applicable,Customer was coughing/sick,Not Applicable,Not Applicable,390,Not Applicable,0,,
2024-07-12 04:56:00,CNR5474400065,Success,CID253230,eBike,Chamarajpet,Yelahanka,210.0,75.0,Not Applicable,Not Applicable,No,Not Applicable,305,Cash,28,4.7,4.6
2024-07-10 17:09:00,CNR6456978314,Success,CID172149,Mini,Mysore Road,Ulsoor,140.0,50.0,Not Applicable,Not Applicable,No,Not Applicable,1177,Cash,45,4.0,4.4
2024-07-12 14:35:00,CNR3503685203,Canceled by Driver,CID266932,eBike,Sahakar Nagar,Peenya,,,Not Applicable,Customer was coughing/sick,Not Applicable,Not Applicable,409,Not Applicable,0,,
2024-07-30 00:55:00,CNR5695957387,Success,CID137337,Prime SUV,Hebbal,Tumkur Road,35.0,25.0,Not Applicable,Not Applicable,No,Not Applicable,397,UPI,37,3.6,3.6
2024-07-29 03:05:00,CNR7991936227,Success,CID756802,Prime Sedan,Hosur Road,Malleshwaram,308.0,115.0,Not Applicable,Not Applicable,No,Not Applicable,2455,UPI,29,3.3,4.3
2024-07-07 18:55:00,CNR8641443918,Success,CID729557,Prime SUV,Frazer Town,Vijayanagar,119.0,40.0,Not Applicable,Not Applicable,No,Not Applicable,769,UPI,21,4.8,3.0
2024-07-20 00:27:00,CNR1489899429,Driver Not Found,CID346861,eBike,Sahakar Nagar,Bannerghatta Road,,,Not Applicable,Not Applicable,Not Applicable,Not Applicable,217,Not Applicable,0,,
2024-07-08 05:31:00,CNR9217400340,Success,CID796951,Prime Sedan,Chickpet,Mysore Road,266.0,40.0,Not Applicable,Not Applicable,No,Not Applicable,1280,Cash,5,3.9,3.4
2024-07-04 13:28:00,CNR1383544597,Success,CID792927,Prime Plus,Ulsoor,JP Nagar,203.0,125.0,Not Applicable,Not Applicable,No,Not Applicable,379,Cash,1,3.6,4.8
2024-07-17 18:09:00,CNR9833602402,Success,CID339159,Prime Plus,Kengeri,RT Nagar,231.0,50.0,Not Applicable,Not Applicable,No,Not Applicable,1249,UPI,31,3.8,3.5
2024-07-07 08:50:00,CNR7001337681,Canceled by Driver,CID262675,Mini,JP Nagar,JP Nagar,,,Not Applicable,More than permitted people in there,Not Applicable,Not Applicable,152,Not Applicable,0,,
2024-07-25 03:21:00,CNR7781325411,Success,CID129407,eBike,Padmanabhanagar,Peenya,252.0,60.0,Not Applicable,Not Applicable,No,Not Applicable,233,UPI,2,3.9,3.1
2024-07-13 13:24:00,CNR7341090487,Canceled by Driver,CID926533,Bike,Bellandur,HSR Layout,,,Not Applicable,Personal & Car related issue,Not Applicable,Not Applicable,498,Not Applicable,0,,
2024-07-21 00:07:00,CNR5488098282,Success,CID322724,Auto,Chamarajpet,Chamarajpet,140.0,90.0,Not Applicable,Not Applicable,No,Not Applicable,181,UPI,16,4.1,4.4
2024-07-08 02:52:00,CNR2687568637,Success,CID985497,Prime Sedan,Sarjapur Road,Hennur,203.0,95.0,Not Applicable,Not Applicable,No,Not Applicable,982,UPI,25,3.8,3.2
2024-07-26 14:14:00,CNR2965483594,Canceled by Driver,CID567388,Prime SUV,Padmanabhanagar,Tumkur Road,,,Not Applicable,Customer related issue,Not Applicable,Not Applicable,328,Not Applicable,0,,
2024-07-23 20:59:00,CNR2209294328,Canceled by Customer,CID976606,Prime Sedan,MG Road,Malleshwaram,,,Driver asked to cancel,Not Applicable,Not Applicable,Not Applicable,352,Not Applicable,0,,
2024-07-23 13:18:00,CNR5689355224,Success,CID549027,Prime Plus,Peenya,Varthur,49.0,135.0,Not Applicable,Not Applicable,No,Not Applicable,386,Credit Card,45,4.7,4.7
2024-07-28 11:22:00,CNR3570762350,Success,CID482163,Auto,Richmond Town,Jayanagar,105.0,40.0,Not Applicable,Not Applicable,No,Not Applicable,229,Cash,10,3.6,3.2
2024-07-28 10:06:00,CNR8904914325,Success,CID979053,Bike,Indiranagar,Banashankari,49.0,135.0,Not Applicable,Not Applicable,No,Not Applicable,320,Cash,46,3.8,3.1
2024-07-09 06:22:00,CNR9408265121,Success,CID612044,Mini,Cox Town,Varthur,126.0,100.0,Not Applicable,Not Applicable,No,Not Applicable,829,Cash,24,4.7,3.6
2024-07-14 06:43:00,CNR2249674353,Canceled by Customer,CID423818,Prime Plus,Shivajinagar,Chamarajpet,,,Change of plans,Not Applicable,Not Applicable,Not Applicable,944,Not Applicable,0,,
2024-07-20 18:32:00,CNR9083748255,Canceled by Customer,CID796889,Auto,Nagarbhavi,Yelahanka,,,Driver is not moving towards pickup location,Not Applicable,Not Applicable,Not Applicable,106,Not Applicable,0,,
2024-07-23 22:13:00,CNR1191978038,Canceled by Customer,CID281220,Mini,Hulimavu,Ramamurthy Nagar,,,AC is Not working,Not Applicable,Not Applicable,Not Applicable,481,Not Applicable,0,,
2024-07-13 08:45:00,CNR4479865745,Driver Not Found,CID969432,Prime SUV,Kammanahalli,Indiranagar,,,Not Applicable,Not Applicable,Not Applicable,Not Applicable,390,Not Applicable,0,,
2024-07-27 19:51:00,CNR8115722534,Success,CID892648,Prime SUV,Yelahanka,Hulimavu,287.0,35.0,Not Applicable,Not Applicable,No,Not Applicable,467,UPI,19,4.5,3.2
2024-07-29 06:12:00,CNR8647198501,Success,CID305285,Prime SUV,Richmond Town,Yeshwanthpur,56.0,45.0,Not Applicable,Not Applicable,No,Not Applicable,192,UPI,8,4.4,3.8
2024-07-11 16:44:00,CNR3834145684,Success,CID691255,Prime Sedan,Ulsoor,Frazer Town,252.0,95.0,Not Applicable,Not Applicable,No,Not Applicable,724,UPI,23,3.6,4.1
2024-07-18 12:22:00,CNR4703548301,Success,CID755564,Mini,Varthur,Mysore Road,91.0,125.0,Not Applicable,Not Applicable,No,Not Applicable,411,Credit Card,14,3.2,3.3
2024-07-13 21:23:00,CNR2625184995,Success,CID399816,Bike,Koramangala,BTM Layout,280.0,85.0,Not Applicable,Not Applicable,No,Not Applicable,234,UPI,48,4.0,4.4
2024-07-01 15:56:00,CNR9801337920,Success,CID907257,Bike,Ramamurthy Nagar,Hosur Road,49.0,55.0,Not Applicable,Not Applicable,No,Not Applicable,468,Cash,7,4.1,4.6
2024-07-16 10:28:00,CNR7030654816,Canceled by Customer,CID687150,Prime Sedan,Sarjapur Road,Rajarajeshwari Nagar,,,Change of plans,Not Applicable,Not Applicable,Not Applicable,274,Not Applicable,0,,
2024-07-24 23:21:00,CNR8605487797,Canceled by Driver,CID789860,eBike,Yelahanka,Kengeri,,,Not Applicable,Personal & Car related issue,Not Applicable,Not Applicable,659,Not Applicable,0,,
2024-07-23 02:45:00,CNR3122699467,Canceled by Driver,CID225508,Auto,Langford Town,Indiranagar,,,Not Applicable,Customer related issue,Not Applicable,Not Applicable,990,Not Applicable,0,,
2024-07-04 15:57:00,CNR1494081182,Success,CID667978,Bike,Whitefield,Jayanagar,224.0,110.0,Not Applicable,Not Applicable,No,Not Applicable,251,Credit Card,25,4.4,3.7
2024-07-16 19:11:00,CNR8739278707,Canceled by Customer,CID946692,Auto,Shantinagar,Richmond Town,,,Driver asked to cancel,Not Applicable,Not Applicable,Not Applicable,321,Not Applicable,0,,
2024-07-08 23:22:00,CNR2731521945,Driver Not Found,CID910030,eBike,Vijayanagar,Electronic City,,,Not Applicable,Not Applicable,Not Applicable,Not Applicable,122,Not Applicable,0,,
2024-07-28 13:01:00,CNR7390448694,Success,CID323920,Prime SUV,Electronic City,Ulsoor,175.0,115.0,Not Applicable,Not Applicable,No,Not Applicable,433,UPI,27,3.7,3.8
2024-07-16 07:10:00,CNR1324272679,Success,CID138070,Bike,Frazer Town,Basavanagudi,301.0,110.0,Not Applicable,Not Applicable,No,Not Applicable,413,Cash,36,4.6,4.3
2024-07-25 00:18:00,CNR5479896413,Canceled by Driver,CID424522,Auto,HSR Layout,KR Puram,,,Not Applicable,Customer was coughing/sick,Not Applicable,Not Applicable,1276,Not Applicable,0,,
2024-07-18 08:15:00,CNR4130040369,Canceled by Customer,CID275322,Prime Plus,Devanahalli,Frazer Town,,,Driver is not moving towards pickup location,Not Applicable,Not Applicable,Not Applicable,2432,Not Applicable,0,,
2024-07-01 23:30:00,CNR2571461291,Success,CID950881,eBike,Tumkur Road,Yelahanka,231.0,135.0,Not Applicable,Not Applicable,No,Not Applicable,456,Cash,6,3.8,4.9
2024-07-09 20:37:00,CNR4402583975,Success,CID163073,Prime Plus,Electronic City,Hosur Road,49.0,55.0,Not Applicable,Not Applicable,No,Not Applicable,826,Cash,29,4.9,4.4
2024-07-13 20:08:00,CNR7921370825,Success,CID153083,Prime SUV,Hosur Road,Richmond Town,175.0,100.0,Not Applicable,Not Applicable,No,Not Applicable,721,UPI,32,3.2,3.9
2024-07-11 12:19:00,CNR6466144547,Success,CID262541,Bike,Magadi Road,Magadi Road,63.0,45.0,Not Applicable,Not Applicable,No,Not Applicable,233,Credit Card,37,3.5,3.3
2024-07-05 18:12:00,CNR6439614898,Canceled by Customer,CID255084,Prime Sedan,KR Puram,KR Puram,,,AC is Not working,Not Applicable,Not Applicable,Not Applicable,353,Not Applicable,0,,
2024-07-29 15:57:00,CNR7449572325,Success,CID602869,Auto,Whitefield,Frazer Town,196.0,120.0,Not Applicable,Not Applicable,No,Not Applicable,487,UPI,13,4.9,3.2
2024-07-12 04:41:00,CNR7594965636,Success,CID671214,eBike,Tumkur Road,Hebbal,77.0,120.0,Not Applicable,Not Applicable,No,Not Applicable,575,Cash,16,3.2,3.4
2024-07-10 14:03:00,CNR9267321103,Canceled by Customer,CID581798,Prime SUV,Electronic City,Jayanagar,,,Change of plans,Not Applicable,Not Applicable,Not Applicable,232,Not Applicable,0,,
2024-07-19 20:43:00,CNR4455444870,Driver Not Found,CID510503,Prime Sedan,Yelahanka,Rajarajeshwari Nagar,,,Not Applicable,Not Applicable,Not Applicable,Not Applicable,276,Not Applicable,0,,
2024-07-25 04:32:00,CNR7552401241,Success,CID479162,Auto,Vijayanagar,Kadugodi,280.0,85.0,Not Applicable,Not Applicable,No,Not Applicable,757,UPI,12,4.7,4.5
2024-07-05 08:46:00,CNR6606464697,Success,CID721010,Auto,Rajarajeshwari Nagar,Sarjapur Road,189.0,110.0,Not Applicable,Not Applicable,No,Not Applicable,122,Cash,8,4.2,3.0
2024-07-24 05:04:00,CNR5157512757,Driver Not Found,CID971352,eBike,Sahakar Nagar,Langford Town,,,Not Applicable,Not Applicable,Not Applicable,Not Applicable,335,Not Applicable,0,,
2024-07-25 19:36:00,CNR6046957029,Driver Not Found,CID296808,Prime Sedan,Yeshwanthpur,Shantinagar,,,Not Applicable,Not Applicable,Not Applicable,Not Applicable,2413,Not Applicable,0,,
2024-07-08 07:03:00,CNR4773151579,Success,CID797493,eBike,Varthur,Magadi Road,224.0,130.0,Not Applicable,Not Applicable,No,Not Applicable,136,UPI,41,3.6,3.2
2024-07-27 17:28:00,CNR8026139391,Canceled by Customer,CID975935,Mini,Langford Town,Devanahalli,,,Driver asked to cancel,Not Applicable,Not Applicable,Not Applicable,453,Not Applicable,0,,
2024-07-15 06:13:00,CNR9330192462,Canceled by Customer,CID611241,eBike,Malleshwaram,Mysore Road,,,AC is Not working,Not Applicable,Not Applicable,Not Applicable,286,Not Applicable,0,,
2024-07-09 11:18:00,CNR6661281177,Driver Not Found,CID359460,Prime SUV,Hulimavu,Tumkur Road,,,Not Applicable,Not Applicable,Not Applicable,Not Applicable,442,Not Applicable,0,,
2024-07-17 02:58:00,CNR8109598235,Success,CID298023,eBike,Bellandur,Banashankari,161.0,55.0,Not Applicable,Not Applicable,No,Not Applicable,414,UPI,40,4.3,4.9
2024-07-05 23:17:00,CNR9790526764,Success,CID532035,Prime Sedan,Kengeri,Marathahalli,56.0,55.0,Not Applicable,Not Applicable,No,Not Applicable,665,Cash,18,3.2,4.9
2024-07-03 05:45:00,CNR1911531805,Success,CID692202,eBike,Vijayanagar,Marathahalli,182.0,80.0,Not Applicable,Not Applicable,No,Not Applicable,309,Cash,41,4.5,3.8
2024-07-22 16:17:00,CNR9985583686,Success,CID428699,Bike,Marathahalli,Yelahanka,119.0,80.0,Not Applicable,Not Applicable,No,Not Applicable,230,UPI,34,4.1,4.2
2024-07-24 21:54:00,CNR1292921809,Canceled by Driver,CID519210,Prime Sedan,Chickpet,Frazer Town,,,Not Applicable,Personal & Car related issue,Not Applicable,Not Applicable,227,Not Applicable,0,,
2024-07-01 16:24:00,CNR2396120758,Success,CID185572,Prime Plus,Bannerghatta Road,Varthur,182.0,125.0,Not Applicable,Not Applicable,Yes,Customer Demand,952,UPI,23,3.4,3.3
2024-07-27 17:29:00,CNR4577908500,Success,CID476682,eBike,Basavanagudi,Rajajinagar,35.0,40.0,Not Applicable,Not Applicable,No,Not Applicable,2172,UPI,44,5.0,3.2
2024-07-10 22:29:00,CNR4566457050,Canceled by Driver,CID641972,Auto,Vijayanagar,Kengeri,,,Not Applicable,Personal & Car related issue,Not Applicable,Not Applicable,264,Not Applicable,0,,
2024-07-21 18:03:00,CNR6644643618,Canceled by Driver,CID468741,Mini,Langford Town,HSR Layout,,,Not Applicable,Personal & Car related issue,Not Applicable,Not Applicable,272,Not Applicable,0,,
2024-07-28 04:14:00,CNR7314748822,Canceled by Driver,CID261222,Prime Plus,Nagarbhavi,Ulsoor,,,Not Applicable,Personal & Car related issue,Not Applicable,Not Applicable,332,Not Applicable,0,,
2024-07-13 18:23:00,CNR3556152604,Success,CID116454,Prime Sedan,Bellandur,Chamarajpet,196.0,110.0,Not Applicable,Not Applicable,No,Not Applicable,485,Cash,33,4.0,3.0
2024-07-13 22:05:00,CNR8509437536,Canceled by Customer,CID273520,Prime Sedan,Kadugodi,Ramamurthy Nagar,,,AC is Not working,Not Applicable,Not Applicable,Not Applicable,2835,Not Applicable,0,,
2024-07-21 20:04:00,CNR3025360700,Success,CID679604,Prime Sedan,Richmond Town,Vijayanagar,98.0,125.0,Not Applicable,Not Applicable,No,Not Applicable,724,Cash,47,4.6,3.9
2024-07-30 03:38:00,CNR4484661855,Canceled by Customer,CID149632,Auto,Shantinagar,Bannerghatta Road,,,Change of plans,Not Applicable,Not Applicable,Not Applicable,172,Not Applicable,0,,
2024-07-23 07:55:00,CNR1233678355,Canceled by Driver,CID256846,Prime Plus,Yelahanka,Sarjapur Road,,,Not Applicable,Customer was coughing/sick,Not Applicable,Not Applicable,350,Not Applicable,0,,
2024-07-03 16:21:00,CNR9625499292,Canceled by Driver,CID718764,Bike,Yeshwanthpur,Cox Town,,,Not Applicable,Customer was coughing/sick,Not Applicable,Not Applicable,331,Not Applicable,0,,
2024-07-08 19:27:00,CNR7750582013,Success,CID717404,Prime Sedan,Vijayanagar,Yelahanka,196.0,45.0,Not Applicable,Not Applicable,No,Not Applicable,162,Debit Card,32,3.1,3.3
2024-07-06 21:45:00,CNR2253281045,Canceled by Driver,CID166739,Prime Plus,Varthur,Banashankari,,,Not Applicable,Customer related issue,Not Applicable,Not Applicable,286,Not Applicable,0,,
2024-07-09 12:11:00,CNR2096671018,Success,CID815071,Prime SUV,Jayanagar,Basavanagudi,168.0,45.0,Not Applicable,Not Applicable,No,Not Applicable,473,Cash,14,3.6,4.7
2024-07-23 08:35:00,CNR2044409219,Success,CID556218,Prime Sedan,Shantinagar,Rajajinagar,112.0,40.0,Not Applicable,Not Applicable,No,Not Applicable,299,Cash,5,4.4,4.2
2024-07-27 14:54:00,CNR9696161786,Success,CID460295,Prime Sedan,Hebbal,Banashankari,77.0,100.0,Not Applicable,Not Applicable,No,Not Applicable,289,Cash,36,3.8,3.2
2024-07-22 00:24:00,CNR6383879309,Canceled by Driver,CID506374,Prime SUV,Indiranagar,Basavanagudi,,,Not Applicable,Personal & Car related issue,Not Applicable,Not Applicable,1533,Not Applicable,0,,
2024-07-16 08:29:00,CNR6917863224,Success,CID956263,eBike,Varthur,Sarjapur Road,84.0,115.0,Not Applicable,Not Applicable,No,Not Applicable,122,Cash,15,4.0,3.9
2024-07-15 20:03:00,CNR2082045727,Success,CID574380,eBike,Kammanahalli,Cox Town,140.0,70.0,Not Applicable,Not Applicable,Yes,Customer Demand,310,UPI,45,4.7,4.2
2024-07-29 12:59:00,CNR9315940035,Success,CID408532,Auto,Varthur,Bannerghatta Road,112.0,75.0,Not Applicable,Not Applicable,Yes,Vehicle Breakdown,228,Cash,17,3.9,3.8
2024-07-25 18:59:00,CNR6357947363,Success,CID815124,Auto,Sahakar Nagar,Electronic City,35.0,25.0,Not Applicable,Not Applicable,No,Not Applicable,820,UPI,10,4.3,3.7
2024-07-15 00:36:00,CNR5026445912,Success,CID360656,Prime Sedan,Frazer Town,JP Nagar,126.0,110.0,Not Applicable,Not Applicable,No,Not Applicable,742,Cash,18,4.3,3.7
2024-07-07 19:12:00,CNR4707109867,Success,CID898247,Prime SUV,Hennur,RT Nagar,63.0,45.0,Not Applicable,Not Applicable,No,Not Applicable,427,Cash,13,4.9,4.7
2024-07-28 21:38:00,CNR9792714907,Canceled by Driver,CID951284,Bike,Nagarbhavi,Majestic,,,Not Applicable,Personal & Car related issue,Not Applicable,Not Applicable,1153,Not Applicable,0,,
2024-07-22 22:28:00,CNR2522712163,Canceled by Driver,CID149700,Bike,Majestic,Tumkur Road,,,Not Applicable,Personal & Car related issue,Not Applicable,Not Applicable,2440,Not Applicable,0,,
2024-07-08 17:09:00,CNR8521327729,Success,CID471200,Prime Plus,Indiranagar,Whitefield,238.0,35.0,Not Applicable,Not Applicable,No,Not Applicable,201,Cash,24,3.1,3.7
2024-07-24 06:09:00,CNR5513276798,Success,CID602415,eBike,Mysore Road,Ramamurthy Nagar,105.0,95.0,Not Applicable,Not Applicable,No,Not Applicable,691,UPI,23,4.4,3.6
2024-07-06 21:05:00,CNR2291068165,Success,CID546593,Mini,Devanahalli,KR Puram,196.0,100.0,Not Applicable,Not Applicable,No,Not Applicable,174,UPI,28,4.2,4.7
2024-07-11 23:29:00,CNR6910665541,Driver Not Found,CID773742,eBike,Ulsoor,Richmond Town,,,Not Applicable,Not Applicable,Not Applicable,Not Applicable,277,Not Applicable,0,,
2024-07-17 15:37:00,CNR5020298686,Success,CID641107,Prime Plus,Hennur,Banashankari,189.0,80.0,Not Applicable,Not Applicable,No,Not Applicable,238,Cash,32,3.8,3.4
2024-07-05 19:04:00,CNR6771347972,Canceled by Driver,CID536474,Prime SUV,Hennur,Bannerghatta Road,,,Not Applicable,Customer related issue,Not Applicable,Not Applicable,137,Not Applicable,0,,
2024-07-21 04:44:00,CNR4475898191,Canceled by Customer,CID260483,Prime Sedan,Padmanabhanagar,Jayanagar,,,Change of plans,Not Applicable,Not Applicable,Not Applicable,107,Not Applicable,0,,
2024-07-16 15:05:00,CNR2137638505,Success,CID950680,Mini,Padmanabhanagar,Vijayanagar,175.0,100.0,Not Applicable,Not Applicable,No,Not Applicable,403,UPI,22,3.8,3.2
2024-07-02 16:55:00,CNR8670474584,Success,CID418157,Bike,Indiranagar,Yeshwanthpur,210.0,115.0,Not Applicable,Not Applicable,No,Not Applicable,160,UPI,1,4.5,3.1
2024-07-28 11:03:00,CNR9763410139,Canceled by Driver,CID663076,Mini,Mysore Road,Sarjapur Road,,,Not Applicable,Personal & Car related issue,Not Applicable,Not Applicable,716,Not Applicable,0,,
2024-07-14 04:02:00,CNR3171033256,Success,CID942928,Prime Sedan,Marathahalli,Ulsoor,196.0,115.0,Not Applicable,Not Applicable,Yes,Vehicle Breakdown,473,UPI,10,3.1,4.9
2024-07-21 07:55:00,CNR9208881205,Success,CID942043,Bike,Ulsoor,Vijayanagar,287.0,30.0,Not Applicable,Not Applicable,No,Not Applicable,381,UPI,25,4.6,3.0
2024-07-20 09:57:00,CNR2577397628,Success,CID507065,eBike,Banashankari,Yelahanka,210.0,85.0,Not Applicable,Not Applicable,No,Not Applicable,2626,UPI,33,3.6,4.0
2024-07-24 03:13:00,CNR4773525798,Success,CID900644,Auto,KR Puram,Padmanabhanagar,98.0,135.0,Not Applicable,Not Applicable,No,Not Applicable,274,UPI,11,3.6,3.6
2024-07-30 03:10:00,CNR2444014572,Success,CID730052,Prime Sedan,Nagarbhavi,Yelahanka,133.0,40.0,Not Applicable,Not Applicable,Yes,Customer Demand,301,Cash,40,4.7,3.7
2024-07-18 07:54:00,CNR6722440621,Success,CID462574,eBike,Indiranagar,Ulsoor,35.0,145.0,Not Applicable,Not Applicable,Yes,Customer Demand,539,Cash,11,3.3,4.4
2024-07-01 06:22:00,CNR9391611031,Success,CID157835,eBike,Kadugodi,Nagarbhavi,91.0,140.0,Not Applicable,Not Applicable,No,Not Applicable,452,Cash,24,4.4,4.8
2024-07-02 16:39:00,CNR2744703947,Success,CID261781,Mini,Nagarbhavi,BTM Layout,182.0,140.0,Not Applicable,Not Applicable,No,Not Applicable,260,Cash,32,4.9,3.1
2024-07-03 07:13:00,CNR5851760305,Success,CID940356,Prime Plus,Hosur Road,Jayanagar,196.0,50.0,Not Applicable,Not Applicable,No,Not Applicable,244,Cash,36,3.7,3.2
2024-07-18 23:25:00,CNR2885095331,Canceled by Driver,CID786195,Prime Plus,Rajajinagar,Bannerghatta Road,,,Not Applicable,Personal & Car related issue,Not Applicable,Not Applicable,491,Not Applicable,0,,
2024-07-13 10:10:00,CNR5282816343,Success,CID988380,eBike,Indiranagar,Indiranagar,147.0,140.0,Not Applicable,Not Applicable,No,Not Applicable,675,UPI,14,4.1,4.0
2024-07-14 11:10:00,CNR8844969278,Canceled by Driver,CID530722,Mini,Cox Town,Shantinagar,,,Not Applicable,Customer related issue,Not Applicable,Not Applicable,375,Not Applicable,0,,
2024-07-02 21:16:00,CNR1918792328,Success,CID222466,eBike,Shantinagar,Ulsoor,133.0,130.0,Not Applicable,Not Applicable,No,Not Applicable,275,Cash,11,3.5,3.5
2024-07-17 18:13:00,CNR2185436118,Canceled by Driver,CID934954,eBike,Langford Town,Ulsoor,,,Not Applicable,Customer related issue,Not Applicable,Not Applicable,221,Not Applicable,0,,
2024-07-15 05:25:00,CNR8522399681,Driver Not Found,CID712596,eBike,Ulsoor,RT Nagar,,,Not Applicable,Not Applicable,Not Applicable,Not Applicable,477,Not Applicable,0,,
2024-07-07 14:20:00,CNR3225800587,Success,CID137350,Auto,Marathahalli,Padmanabhanagar,70.0,110.0,Not Applicable,Not Applicable,No,Not Applicable,719,Cash,11,4.8,4.5
2024-07-30 02:38:00,CNR7887629516,Canceled by Customer,CID351175,eBike,MG Road,Kammanahalli,,,Driver asked to cancel,Not Applicable,Not Applicable,Not Applicable,161,Not Applicable,0,,
2024-07-26 01:14:00,CNR6108872069,Canceled by Customer,CID163963,Prime Sedan,Cox Town,Peenya,,,Driver asked to cancel,Not Applicable,Not Applicable,Not Applicable,437,Not Applicable,0,,
2024-07-11 03:00:00,CNR5830452623,Canceled by Customer,CID934420,Prime Sedan,Devanahalli,Magadi Road,,,Driver asked to cancel,Not Applicable,Not Applicable,Not Applicable,429,Not Applicable,0,,
2024-07-08 10:03:00,CNR8716847622,Canceled by Driver,CID183870,eBike,Electronic City,Whitefield,,,Not Applicable,Personal & Car related issue,Not Applicable,Not Applicable,763,Not Applicable,0,,
2024-07-28 12:23:00,CNR7115277523,Driver Not Found,CID327232,eBike,Yelahanka,JP Nagar,,,Not Applicable,Not Applicable,Not Applicable,Not Applicable,215,Not Applicable,0,,
2024-07-29 16:29:00,CNR4622730171,Success,CID320739,Bike,Jayanagar,Varthur,112.0,50.0,Not Applicable,Not Applicable,No,Not Applicable,695,UPI,15,4.5,4.0
2024-07-19 04:59:00,CNR5995548682,Canceled by Driver,CID802629,Prime Sedan,Richmond Town,Frazer Town,,,Not Applicable,Customer related issue,Not Applicable,Not Applicable,272,Not Applicable,0,,
2024-07-07 17:15:00,CNR5331091268,Success,CID572475,Prime Plus,Devanahalli,Mysore Road,175.0,45.0,Not Applicable,Not Applicable,No,Not Applicable,324,Credit Card,47,3.8,3.5
2024-07-19 07:38:00,CNR1992965748,Success,CID414009,Prime SUV,Malleshwaram,MG Road,224.0,125.0,Not Applicable,Not Applicable,No,Not Applicable,259,Cash,49,4.4,4.1
2024-07-04 08:28:00,CNR2481351091,Success,CID820462,Mini,Hennur,Chamarajpet,84.0,110.0,Not Applicable,Not Applicable,No,Not Applicable,450,Cash,40,3.0,4.6
2024-07-29 17:20:00,CNR4464508352,Success,CID837233,eBike,Mysore Road,Frazer Town,112.0,130.0,Not Applicable,Not Applicable,No,Not Applicable,289,UPI,45,3.8,3.5
2024-07-30 06:26:00,CNR1372947602,Driver Not Found,CID997711,Auto,Tumkur Road,Ramamurthy Nagar,,,Not Applicable,Not Applicable,Not Applicable,Not Applicable,263,Not Applicable,0,,
2024-07-25 21:26:00,CNR9784379580,Success,CID592431,Prime Plus,Hebbal,Whitefield,98.0,50.0,Not Applicable,Not Applicable,No,Not Applicable,735,Cash,1,3.3,4.9
2024-07-19 15:15:00,CNR1880545486,Success,CID534118,Prime Plus,Padmanabhanagar,Jayanagar,154.0,40.0,Not Applicable,Not Applicable,No,Not Applicable,695,Credit Card,5,4.3,3.6
2024-07-20 19:55:00,CNR5498379957,Success,CID911050,eBike,Jayanagar,Kengeri,84.0,125.0,Not Applicable,Not Applicable,No,Not Applicable,133,UPI,45,3.8,3.6
2024-07-03 16:02:00,CNR5508620708,Canceled by Driver,CID247742,eBike,Basavanagudi,Mysore Road,,,Not Applicable,Customer related issue,Not Applicable,Not Applicable,437,Not Applicable,0,,
2024-07-06 15:52:00,CNR5578198237,Success,CID183887,Prime SUV,Hebbal,Marathahalli,147.0,130.0,Not Applicable,Not Applicable,No,Not Applicable,2501,Cash,11,3.7,4.9
2024-07-21 21:28:00,CNR9808697328,Success,CID126979,Prime Plus,HSR Layout,Banashankari,42.0,50.0,Not Applicable,Not Applicable,No,Not Applicable,386,UPI,43,3.4,4.6
2024-07-24 07:39:00,CNR5138446471,Success,CID852412,Bike,Hulimavu,HSR Layout,105.0,95.0,Not Applicable,Not Applicable,No,Not Applicable,290,Cash,6,4.0,3.4
2024-07-03 22:30:00,CNR7242260241,Canceled by Driver,CID492057,Prime Sedan,Sarjapur Road,Bannerghatta Road,,,Not Applicable,Customer was coughing/sick,Not Applicable,Not Applicable,870,Not Applicable,0,,
2024-07-19 03:52:00,CNR4663448094,Driver Not Found,CID163765,Prime SUV,Whitefield,Nagarbhavi,,,Not Applicable,Not Applicable,Not Applicable,Not Applicable,327,Not Applicable,0,,
2024-07-11 09:52:00,CNR2897585053,Success,CID673034,Prime SUV,Sarjapur Road,Hosur Road,147.0,110.0,Not Applicable,Not Applicable,No,Not Applicable,665,Cash,13,5.0,3.5
2024-07-07 10:56:00,CNR6254180144,Success,CID603253,Bike,Jayanagar,RT Nagar,203.0,75.0,Not Applicable,Not Applicable,No,Not Applicable,181,Cash,16,3.9,4.3
2024-07-16 15:04:00,CNR7009830509,Success,CID325549,Bike,Varthur,Mysore Road,42.0,140.0,Not Applicable,Not Applicable,No,Not Applicable,329,Debit Card,47,3.6,4.2
2024-07-13 08:32:00,CNR8162569735,Success,CID802728,Bike,Koramangala,Hosur Road,119.0,70.0,Not Applicable,Not Applicable,No,Not Applicable,870,UPI,27,4.1,4.3
2024-07-22 17:52:00,CNR9246472239,Canceled by Driver,CID853869,Bike,Koramangala,Bellandur,,,Not Applicable,Customer was coughing/sick,Not Applicable,Not Applicable,392,Not Applicable,0,,
2024-07-15 23:02:00,CNR3771690872,Success,CID556501,eBike,Whitefield,Padmanabhanagar,42.0,80.0,Not Applicable,Not Applicable,No,Not Applicable,475,UPI,19,4.9,4.0
2024-07-26 15:36:00,CNR9807059453,Canceled by Driver,CID170283,Bike,Hulimavu,Hulimavu,,,Not Applicable,Personal & Car related issue,Not Applicable,Not Applicable,795,Not Applicable,0,,
2024-07-05 18:12:00,CNR4455327454,Canceled by Driver,CID617245,Mini,Koramangala,HSR Layout,,,Not Applicable,More than permitted people in there,Not Applicable,Not Applicable,125,Not Applicable,0,,
2024-07-27 21:05:00,CNR8852123742,Success,CID956227,Mini,RT Nagar,Koramangala,231.0,70.0,Not Applicable,Not Applicable,No,Not Applicable,282,Debit Card,42,3.4,3.9
2024-07-17 03:32:00,CNR3014316707,Success,CID736340,Prime Plus,Koramangala,Padmanabhanagar,56.0,95.0,Not Applicable,Not Applicable,No,Not Applicable,465,Cash,17,4.0,3.3
2024-07-18 09:27:00,CNR4283021515,Canceled by Driver,CID157770,Auto,Rajajinagar,RT Nagar,,,Not Applicable,Personal & Car related issue,Not Applicable,Not Applicable,114,Not Applicable,0,,
2024-07-24 08:11:00,CNR7521302819,Success,CID753596,Prime Sedan,Whitefield,Kadugodi,119.0,70.0,Not Applicable,Not Applicable,No,Not Applicable,319,UPI,43,4.4,4.1
2024-07-21 13:51:00,CNR3717477842,Success,CID733794,Mini,RT Nagar,Cox Town,77.0,35.0,Not Applicable,Not Applicable,No,Not Applicable,156,Cash,13,3.4,3.6
2024-07-27 08:04:00,CNR8459908726,Success,CID508628,Prime Sedan,Banashankari,Yelahanka,77.0,90.0,Not Applicable,Not Applicable,No,Not Applicable,381,UPI,10,4.5,3.2
2024-07-18 07:24:00,CNR8869418850,Canceled by Driver,CID964938,Mini,Varthur,Magadi Road,,,Not Applicable,Customer related issue,Not Applicable,Not Applicable,536,Not Applicable,0,,
2024-07-29 14:38:00,CNR2998224997,Success,CID462752,Auto,Electronic City,Rajarajeshwari Nagar,196.0,120.0,Not Applicable,Not Applicable,No,Not Applicable,225,UPI,10,3.4,4.4
2024-07-16 17:34:00,CNR2409315306,Success,CID926428,Prime Sedan,Malleshwaram,Kengeri,217.0,80.0,Not Applicable,Not Applicable,No,Not Applicable,468,Cash,29,4.1,3.8
2024-07-14 23:06:00,CNR3069952321,Success,CID759460,Mini,Langford Town,Malleshwaram,196.0,75.0,Not Applicable,Not Applicable,No,Not Applicable,152,UPI,17,3.3,4.4
2024-07-22 16:46:00,CNR1147297390,Success,CID305829,eBike,JP Nagar,Whitefield,126.0,120.0,Not Applicable,Not Applicable,No,Not Applicable,194,Cash,24,5.0,3.0
2024-07-12 16:37:00,CNR9249452288,Driver Not Found,CID414197,eBike,Tumkur Road,Jayanagar,,,Not Applicable,Not Applicable,Not Applicable,Not Applicable,2732,Not Applicable,0,,
2024-07-08 11:46:00,CNR8103965732,Canceled by Driver,CID677129,Prime Plus,Malleshwaram,Marathahalli,,,Not Applicable,Personal & Car related issue,Not Applicable,Not Applicable,145,Not Applicable,0,,
2024-07-04 21:21:00,CNR3384023681,Canceled by Driver,CID626502,Prime SUV,Basavanagudi,Mysore Road,,,Not Applicable,Customer was coughing/sick,Not Applicable,Not Applicable,109,Not Applicable,0,,
2024-07-29 19:24:00,CNR8623041540,Success,CID925104,Prime Sedan,Hebbal,Nagarbhavi,273.0,125.0,Not Applicable,Not Applicable,No,Not Applicable,232,Cash,21,3.8,4.7
2024-07-21 18:59:00,CNR5000367880,Canceled by Customer,CID245296,Prime Plus,Kammanahalli,Bellandur,,,Change of plans,Not Applicable,Not Applicable,Not Applicable,1609,Not Applicable,0,,
2024-07-29 08:40:00,CNR5300375484,Success,CID172592,Prime Sedan,Banashankari,Magadi Road,77.0,105.0,Not Applicable,Not Applicable,No,Not Applicable,841,UPI,23,3.1,3.2
2024-07-06 18:02:00,CNR7281892735,Success,CID734991,Prime Sedan,Yelahanka,Electronic City,203.0,110.0,Not Applicable,Not Applicable,No,Not Applicable,913,Cash,46,3.5,4.8
2024-07-03 18:22:00,CNR5298126948,Success,CID831816,Mini,Electronic City,Padmanabhanagar,154.0,35.0,Not Applicable,Not Applicable,No,Not Applicable,248,Cash,30,3.4,4.0
2024-07-13 22:10:00,CNR4427907523,Canceled by Driver,CID564939,eBike,MG Road,Sarjapur Road,,,Not Applicable,Personal & Car related issue,Not Applicable,Not Applicable,316,Not Applicable,0,,
2024-07-14 06:51:00,CNR5520376550,Success,CID759583,Prime Plus,RT Nagar,Jayanagar,259.0,75.0,Not Applicable,Not Applicable,No,Not Applicable,532,Cash,13,3.9,4.8
2024-07-25 06:50:00,CNR3309742877,Canceled by Customer,CID775440,Prime Plus,Banashankari,Marathahalli,,,AC is Not working,Not Applicable,Not Applicable,Not Applicable,322,Not Applicable,0,,
2024-07-15 23:29:00,CNR9241980429,Success,CID330167,Mini,Varthur,Basavanagudi,98.0,50.0,Not Applicable,Not Applicable,No,Not Applicable,199,Cash,10,4.9,4.5
2024-07-21 06:12:00,CNR3933130725,Success,CID381368,Prime Plus,RT Nagar,Shantinagar,133.0,50.0,Not Applicable,Not Applicable,No,Not Applicable,305,UPI,15,4.0,4.9
2024-07-07 08:52:00,CNR2998573853,Canceled by Customer,CID380648,Prime SUV,Banashankari,Indiranagar,,,Driver is not moving towards pickup location,Not Applicable,Not Applicable,Not Applicable,151,Not Applicable,0,,
2024-07-22 04:02:00,CNR1067569498,Canceled by Customer,CID597219,Mini,Yeshwanthpur,Mysore Road,,,AC is Not working,Not Applicable,Not Applicable,Not Applicable,175,Not Applicable,0,,
2024-07-26 08:14:00,CNR5521447697,Driver Not Found,CID824378,Prime SUV,Banashankari,Devanahalli,,,Not Applicable,Not Applicable,Not Applicable,Not Applicable,524,Not Applicable,0,,
2024-07-17 07:26:00,CNR3299025499,Success,CID382525,Mini,Shivajinagar,Yelahanka,308.0,60.0,Not Applicable,Not Applicable,No,Not Applicable,107,Cash,1,3.6,4.0
2024-07-14 10:32:00,CNR4072555206,Canceled by Customer,CID867231,Prime SUV,Shantinagar,Kengeri,,,Change of plans,Not Applicable,Not Applicable,Not Applicable,431,Not Applicable,0,,
2024-07-19 00:00:00,CNR2044763123,Success,CID569544,Bike,JP Nagar,Langford Town,189.0,25.0,Not Applicable,Not Applicable,Yes,Vehicle Breakdown,156,UPI,1,4.5,4.6
2024-07-11 01:38:00,CNR2183784415,Success,CID199197,Prime Plus,Padmanabhanagar,Kadugodi,56.0,95.0,Not Applicable,Not Applicable,No,Not Applicable,444,Cash,32,4.9,3.4
2024-07-11 03:12:00,CNR1357049548,Success,CID737793,Bike,Basavanagudi,Shantinagar,105.0,35.0,Not Applicable,Not Applicable,No,Not Applicable,838,Cash,12,4.5,4.2
2024-07-25 04:32:00,CNR4808910264,Canceled by Driver,CID933246,eBike,Majestic,Hebbal,,,Not Applicable,Personal & Car related issue,Not Applicable,Not Applicable,788,Not Applicable,0,,
2024-07-30 02:29:00,CNR1480556175,Canceled by Driver,CID695069,Prime Plus,Frazer Town,Sahakar Nagar,,,Not Applicable,More than permitted people in there,Not Applicable,Not Applicable,293,Not Applicable,0,,
2024-07-06 15:19:00,CNR7083853466,Success,CID202129,eBike,Mysore Road,Malleshwaram,77.0,95.0,Not Applicable,Not Applicable,No,Not Applicable,117,UPI,24,4.3,4.3
2024-07-07 17:44:00,CNR1241249205,Success,CID912569,Prime Sedan,Peenya,Hosur Road,287.0,35.0,Not Applicable,Not Applicable,No,Not Applicable,451,UPI,21,3.7,3.7
2024-07-28 19:10:00,CNR5649716706,Canceled by Driver,CID922845,Prime SUV,Kengeri,Sahakar Nagar,,,Not Applicable,Personal & Car related issue,Not Applicable,Not Applicable,910,Not Applicable,0,,
2024-07-23 11:05:00,CNR2633959418,Success,CID251655,Prime SUV,Varthur,Mysore Road,308.0,50.0,Not Applicable,Not Applicable,No,Not Applicable,626,UPI,44,4.8,3.6
2024-07-30 14:47:00,CNR1015813242,Canceled by Customer,CID121265,Prime SUV,Padmanabhanagar,Rajarajeshwari Nagar,,,Change of plans,Not Applicable,Not Applicable,Not Applicable,372,Not Applicable,0,,
2024-07-16 07:06:00,CNR7309028207,Success,CID499199,Mini,Bannerghatta Road,Banashankari,182.0,30.0,Not Applicable,Not Applicable,No,Not Applicable,348,Cash,17,3.6,4.0
2024-07-09 09:29:00,CNR7255560194,Success,CID676980,eBike,Padmanabhanagar,Devanahalli,189.0,100.0,Not Applicable,Not Applicable,No,Not Applicable,2548,Cash,7,3.2,4.3
2024-07-11 19:29:00,CNR9289657825,Canceled by Driver,CID798967,Prime Sedan,Frazer Town,RT Nagar,,,Not Applicable,Customer was coughing/sick,Not Applicable,Not Applicable,492,Not Applicable,0,,
2024-07-24 22:27:00,CNR9517152933,Success,CID463234,Prime SUV,Sarjapur Road,Padmanabhanagar,287.0,100.0,Not Applicable,Not Applicable,No,Not Applicable,360,Cash,29,3.4,4.8
2024-07-08 23:59:00,CNR5028978446,Canceled by Customer,CID174715,eBike,Electronic City,Kengeri,,,Driver asked to cancel,Not Applicable,Not Applicable,Not Applicable,598,Not Applicable,0,,
2024-07-08 17:30:00,CNR9567765501,Success,CID794444,Mini,Nagarbhavi,Cox Town,112.0,90.0,Not Applicable,Not Applicable,No,Not Applicable,396,UPI,37,4.0,3.4
2024-07-25 21:47:00,CNR3587648537,Success,CID587180,Mini,Rajajinagar,BTM Layout,231.0,80.0,Not Applicable,Not Applicable,No,Not Applicable,234,Cash,26,4.7,3.8
2024-07-15 02:32:00,CNR6055551051,Success,CID127332,Auto,Hebbal,Yeshwanthpur,168.0,50.0,Not Applicable,Not Applicable,No,Not Applicable,830,UPI,18,4.0,3.0
2024-07-16 19:53:00,CNR5955618146,Success,CID726817,Prime SUV,Hosur Road,Shantinagar,42.0,140.0,Not Applicable,Not Applicable,No,Not Applicable,1961,UPI,36,4.1,3.7
2024-07-26 22:31:00,CNR1192048529,Canceled by Driver,CID308946,eBike,KR Puram,Vijayanagar,,,Not Applicable,Customer was coughing/sick,Not Applicable,Not Applicable,468,Not Applicable,0,,
2024-07-19 11:51:00,CNR7321491395,Canceled by Customer,CID857625,eBike,Banashankari,Kengeri,,,Change of plans,Not Applicable,Not Applicable,Not Applicable,2359,Not Applicable,0,,
2024-07-14 07:03:00,CNR5508581206,Canceled by Driver,CID705197,Bike,Ramamurthy Nagar,HSR Layout,,,Not Applicable,Personal & Car related issue,Not Applicable,Not Applicable,489,Not Applicable,0,,
2024-07-23 13:47:00,CNR1623701590,Driver Not Found,CID695639,Prime Plus,HSR Layout,Chickpet,,,Not Applicable,Not Applicable,Not Applicable,Not Applicable,160,Not Applicable,0,,
2024-07-27 17:29:00,CNR3089245185,Success,CID919719,Bike,Kadugodi,Vijayanagar,147.0,140.0,Not Applicable,Not Applicable,No,Not Applicable,513,Cash,43,3.3,3.5
2024-07-11 15:25:00,CNR5363609120,Canceled by Customer,CID877122,Prime SUV,Rajajinagar,Varthur,,,Driver is not moving towards pickup location,Not Applicable,Not Applicable,Not Applicable,430,Not Applicable,0,,
2024-07-03 05:40:00,CNR8262889113,Success,CID825912,Mini,Basavanagudi,Electronic City,77.0,130.0,Not Applicable,Not Applicable,No,Not Applicable,471,Cash,11,3.8,3.6
2024-07-06 15:56:00,CNR6051987580,Success,CID154582,Prime Plus,Nagarbhavi,Tumkur Road,119.0,90.0,Not Applicable,Not Applicable,No,Not Applicable,806,Cash,15,3.6,3.5
2024-07-20 17:42:00,CNR8686548685,Success,CID724685,Prime Plus,HSR Layout,HSR Layout,84.0,60.0,Not Applicable,Not Applicable,No,Not Applicable,263,Cash,1,3.1,3.4
2024-07-13 04:41:00,CNR5512640083,Success,CID352151,Auto,Hebbal,Yeshwanthpur,42.0,130.0,Not Applicable,Not Applicable,Yes,Vehicle Breakdown,242,UPI,11,3.5,4.2
2024-07-09 20:30:00,CNR8957389252,Success,CID819692,Prime Sedan,Chickpet,Magadi Road,175.0,145.0,Not Applicable,Not Applicable,No,Not Applicable,439,Cash,2,3.8,3.8
2024-07-09 13:26:00,CNR2202514116,Driver Not Found,CID966942,Prime Sedan,Chamarajpet,Basavanagudi,,,Not Applicable,Not Applicable,Not Applicable,Not Applicable,408,Not Applicable,0,,
2024-07-27 14:49:00,CNR3164952902,Success,CID701537,Prime Plus,Vijayanagar,Hennur,210.0,105.0,Not Applicable,Not Applicable,No,Not Applicable,373,Cash,38,3.8,4.1
2024-07-07 20:53:00,CNR5227434776,Success,CID755722,Mini,Yelahanka,Ramamurthy Nagar,252.0,145.0,Not Applicable,Not Applicable,No,Not Applicable,201,Cash,44,3.9,4.6
2024-07-01 13:48:00,CNR3170261087,Canceled by Driver,CID714900,Prime Sedan,BTM Layout,Nagarbhavi,,,Not Applicable,Personal & Car related issue,Not Applicable,Not Applicable,340,Not Applicable,0,,
2024-07-16 05:07:00,CNR7162811323,Success,CID184074,Prime Sedan,Hennur,Vijayanagar,245.0,35.0,Not Applicable,Not Applicable,No,Not Applicable,756,UPI,10,3.5,3.7
2024-07-22 06:37:00,CNR9992911661,Canceled by Customer,CID843612,Prime Plus,Vijayanagar,HSR Layout,,,Driver is not moving towards pickup location,Not Applicable,Not Applicable,Not Applicable,117,Not Applicable,0,,
2024-07-25 10:20:00,CNR9024970684,Success,CID806018,Auto,Electronic City,Yeshwanthpur,280.0,45.0,Not Applicable,Not Applicable,No,Not Applicable,2639,UPI,1,3.4,4.8
2024-07-13 05:16:00,CNR9260657007,Canceled by Driver,CID972981,Prime SUV,KR Puram,Richmond Town,,,Not Applicable,Customer was coughing/sick,Not Applicable,Not Applicable,482,Not Applicable,0,,
2024-07-26 03:31:00,CNR4618241164,Canceled by Customer,CID985560,Mini,KR Puram,Rajajinagar,,,Driver asked to cancel,Not Applicable,Not Applicable,Not Applicable,499,Not Applicable,0,,
2024-07-22 21:12:00,CNR5707637705,Driver Not Found,CID388039,Prime Sedan,Kengeri,HSR Layout,,,Not Applicable,Not Applicable,Not Applicable,Not Applicable,460,Not Applicable,0,,
2024-07-28 05:13:00,CNR1607914131,Canceled by Customer,CID770113,Prime SUV,Kadugodi,MG Road,,,AC is Not working,Not Applicable,Not Applicable,Not Applicable,840,Not Applicable,0,,
2024-07-19 06:57:00,CNR7855882407,Success,CID697531,Prime Plus,Tumkur Road,Marathahalli,287.0,65.0,Not Applicable,Not Applicable,No,Not Applicable,369,Cash,32,4.1,4.4
2024-07-22 14:25:00,CNR4427630799,Success,CID826503,Auto,Richmond Town,Rajajinagar,266.0,30.0,Not Applicable,Not Applicable,No,Not Applicable,620,Cash,2,3.7,4.6
2024-07-26 05:57:00,CNR7702440915,Driver Not Found,CID769371,Mini,Mysore Road,Cox Town,,,Not Applicable,Not Applicable,Not Applicable,Not Applicable,929,Not Applicable,0,,
2024-07-21 12:27:00,CNR6698658604,Canceled by Driver,CID648638,Prime Plus,JP Nagar,Koramangala,,,Not Applicable,More than permitted people in there,Not Applicable,Not Applicable,139,Not Applicable,0,,
2024-07-14 12:25:00,CNR3348677059,Success,CID669313,eBike,MG Road,Frazer Town,259.0,100.0,Not Applicable,Not Applicable,No,Not Applicable,475,Cash,27,3.3,3.1
2024-07-13 12:02:00,CNR6135150703,Canceled by Driver,CID859620,Auto,Magadi Road,Marathahalli,,,Not Applicable,Customer was coughing/sick,Not Applicable,Not Applicable,256,Not Applicable,0,,
2024-07-06 06:13:00,CNR7832074030,Success,CID445785,eBike,Bellandur,Nagarbhavi,49.0,25.0,Not Applicable,Not Applicable,No,Not Applicable,628,UPI,20,4.0,4.9
2024-07-28 00:19:00,CNR8923683355,Success,CID188542,Mini,Mysore Road,Yeshwanthpur,70.0,135.0,Not Applicable,Not Applicable,No,Not Applicable,146,UPI,33,3.5,4.7
2024-07-13 23:37:00,CNR2067981221,Success,CID524619,Prime Plus,Yelahanka,Hennur,308.0,65.0,Not Applicable,Not Applicable,No,Not Applicable,466,Credit Card,42,4.4,3.5
2024-07-13 05:44:00,CNR4167349564,Success,CID721828,Auto,Cox Town,Ramamurthy Nagar,56.0,70.0,Not Applicable,Not Applicable,No,Not Applicable,870,Cash,16,4.9,3.7
2024-07-21 02:36:00,CNR7873672148,Success,CID437103,Prime Plus,Langford Town,RT Nagar,56.0,100.0,Not Applicable,Not Applicable,No,Not Applicable,995,Cash,28,4.2,4.9
2024-07-04 01:33:00,CNR8695091047,Success,CID928785,Prime SUV,Rajajinagar,Majestic,42.0,140.0,Not Applicable,Not Applicable,Yes,Customer Demand,1065,Cash,2,4.0,4.6
2024-07-02 15:31:00,CNR4503787548,Success,CID524003,eBike,Kammanahalli,Tumkur Road,238.0,105.0,Not Applicable,Not Applicable,No,Not Applicable,883,Cash,23,4.9,4.4
2024-07-15 20:08:00,CNR1531065511,Success,CID800421,Mini,Vijayanagar,Banashankari,140.0,85.0,Not Applicable,Not Applicable,No,Not Applicable,114,Cash,9,3.7,4.6
2024-07-30 18:22:00,CNR6565752456,Success,CID411433,Prime Plus,Magadi Road,Hebbal,49.0,65.0,Not Applicable,Not Applicable,No,Not Applicable,486,Cash,23,3.4,3.4
2024-07-29 19:33:00,CNR1089537104,Driver Not Found,CID218643,Prime Sedan,Ramamurthy Nagar,Banashankari,,,Not Applicable,Not Applicable,Not Applicable,Not Applicable,498,Not Applicable,0,,
2024-07-20 21:54:00,CNR2840747949,Success,CID412202,Prime Sedan,Majestic,Hosur Road,49.0,70.0,Not Applicable,Not Applicable,No,Not Applicable,166,UPI,48,4.1,4.4
2024-07-12 13:01:00,CNR7106714350,Canceled by Customer,CID578816,Prime SUV,MG Road,Jayanagar,,,AC is Not working,Not Applicable,Not Applicable,Not Applicable,331,Not Applicable,0,,
2024-07-11 15:51:00,CNR2922082093,Driver Not Found,CID436200,Prime Sedan,Bannerghatta Road,Frazer Town,,,Not Applicable,Not Applicable,Not Applicable,Not Applicable,293,Not Applicable,0,,
2024-07-18 15:34:00,CNR1849765510,Success,CID408927,Prime Sedan,Malleshwaram,Chickpet,161.0,75.0,Not Applicable,Not Applicable,No,Not Applicable,133,UPI,38,3.9,3.3
2024-07-27 14:41:00,CNR1624109183,Success,CID918736,Prime Sedan,Kammanahalli,Kadugodi,175.0,90.0,Not Applicable,Not Applicable,No,Not Applicable,213,UPI,37,4.9,4.1
2024-07-01 17:01:00,CNR2832213853,Success,CID112630,Prime SUV,Hosur Road,Banashankari,217.0,85.0,Not Applicable,Not Applicable,No,Not Applicable,419,Cash,24,4.8,4.8
2024-07-23 07:20:00,CNR3275416343,Success,CID443245,Prime Plus,Shantinagar,Koramangala,161.0,75.0,Not Applicable,Not Applicable,No,Not Applicable,322,UPI,47,3.4,4.8
2024-07-08 14:56:00,CNR6940327204,Success,CID765720,Prime Plus,Indiranagar,Hulimavu,84.0,45.0,Not Applicable,Not Applicable,No,Not Applicable,278,UPI,19,3.4,3.1
2024-07-23 00:33:00,CNR7373310180,Canceled by Customer,CID264495,Bike,Koramangala,Nagarbhavi,,,Driver is not moving towards pickup location,Not Applicable,Not Applicable,Not Applicable,871,Not Applicable,0,,
2024-07-09 08:20:00,CNR6763984741,Canceled by Driver,CID102942,Prime Plus,Langford Town,Banashankari,,,Not Applicable,More than permitted people in there,Not Applicable,Not Applicable,548,Not Applicable,0,,
2024-07-19 16:33:00,CNR7980392114,Success,CID407348,Prime Sedan,Chamarajpet,Hennur,126.0,110.0,Not Applicable,Not Applicable,No,Not Applicable,1263,Cash,20,3.8,4.6
2024-07-08 06:55:00,CNR6934573994,Canceled by Driver,CID380134,Bike,Majestic,HSR Layout,,,Not Applicable,Customer was coughing/sick,Not Applicable,Not Applicable,285,Not Applicable,0,,
2024-07-26 03:14:00,CNR3370905817,Success,CID167474,Auto,Indiranagar,Kengeri,273.0,130.0,Not Applicable,Not Applicable,No,Not Applicable,945,Cash,11,3.4,4.6
2024-07-23 02:28:00,CNR9134034046,Success,CID593354,Prime Sedan,Rajajinagar,Ramamurthy Nagar,259.0,40.0,Not Applicable,Not Applicable,No,Not Applicable,141,UPI,43,3.8,3.8
2024-07-04 08:05:00,CNR3375017031,Success,CID608035,Prime Plus,Padmanabhanagar,Shantinagar,63.0,100.0,Not Applicable,Not Applicable,No,Not Applicable,263,Credit Card,38,4.9,3.2
2024-07-19 16:22:00,CNR8977438827,Success,CID873282,Auto,Tumkur Road,Sarjapur Road,175.0,85.0,Not Applicable,Not Applicable,No,Not Applicable,281,Cash,12,3.3,4.8
2024-07-01 07:57:00,CNR5147749992,Canceled by Driver,CID812023,Auto,Yelahanka,Electronic City,,,Not Applicable,Customer was coughing/sick,Not Applicable,Not Applicable,445,Not Applicable,0,,
2024-07-27 04:46:00,CNR8941389774,Success,CID548042,Prime SUV,Ulsoor,Frazer Town,217.0,85.0,Not Applicable,Not Applicable,No,Not Applicable,139,Cash,11,3.2,3.6
2024-07-15 23:25:00,CNR9901804879,Canceled by Driver,CID230811,Prime Sedan,BTM Layout,Langford Town,,,Not Applicable,Customer was coughing/sick,Not Applicable,Not Applicable,624,Not Applicable,0,,
2024-07-14 21:18:00,CNR8407002971,Success,CID624981,Prime Plus,Jayanagar,Hulimavu,182.0,135.0,Not Applicable,Not Applicable,No,Not Applicable,1526,UPI,13,4.2,4.8
2024-07-14 14:24:00,CNR5598464472,Canceled by Customer,CID475758,Prime Plus,Basavanagudi,Cox Town,,,Wrong Address,Not Applicable,Not Applicable,Not Applicable,835,Not Applicable,0,,
2024-07-04 16:52:00,CNR8342399933,Canceled by Driver,CID840412,eBike,Chickpet,Padmanabhanagar,,,Not Applicable,Customer related issue,Not Applicable,Not Applicable,162,Not Applicable,0,,
2024-07-27 11:34:00,CNR1620758076,Success,CID682367,Prime SUV,Nagarbhavi,Marathahalli,238.0,80.0,Not Applicable,Not Applicable,No,Not Applicable,161,Cash,8,4.1,3.0
2024-07-02 02:40:00,CNR3150484243,Success,CID456198,Bike,Langford Town,Langford Town,189.0,35.0,Not Applicable,Not Applicable,No,Not Applicable,213,UPI,39,3.6,3.8
2024-07-15 20:06:00,CNR2452963662,Success,CID997175,Prime Plus,Shantinagar,MG Road,238.0,100.0,Not Applicable,Not Applicable,No,Not Applicable,546,UPI,47,4.6,4.7
2024-07-02 21:09:00,CNR7360630836,Success,CID207723,Mini,Banashankari,Kadugodi,231.0,45.0,Not Applicable,Not Applicable,No,Not Applicable,250,UPI,15,4.2,4.1
2024-07-05 02:30:00,CNR3952126227,Driver Not Found,CID592113,Bike,HSR Layout,Hebbal,,,Not Applicable,Not Applicable,Not Applicable,Not Applicable,211,Not Applicable,0,,
2024-07-19 09:54:00,CNR4151314663,Success,CID927924,Prime Sedan,Bellandur,BTM Layout,42.0,135.0,Not Applicable,Not Applicable,No,Not Applicable,268,Cash,11,4.1,4.3
2024-07-18 17:40:00,CNR2694105299,Success,CID664620,Mini,Koramangala,Electronic City,175.0,50.0,Not Applicable,Not Applicable,Yes,Customer Demand,555,Cash,20,4.6,4.9
2024-07-08 16:02:00,CNR3886148062,Success,CID443809,Prime Plus,Bellandur,Basavanagudi,105.0,130.0,Not Applicable,Not Applicable,No,Not Applicable,850,Cash,11,4.4,4.9
2024-07-07 01:52:00,CNR6996762618,Success,CID620185,Auto,Yelahanka,Majestic,112.0,90.0,Not Applicable,Not Applicable,No,Not Applicable,2593,Cash,15,3.6,3.7
2024-07-24 03:50:00,CNR3268711801,Success,CID947618,Mini,Basavanagudi,Sarjapur Road,273.0,60.0,Not Applicable,Not Applicable,No,Not Applicable,1680,UPI,9,3.9,3.5
2024-07-11 07:28:00,CNR1471231411,Success,CID467410,Prime Sedan,Hosur Road,Majestic,91.0,125.0,Not Applicable,Not Applicable,No,Not Applicable,463,UPI,26,3.5,3.7
2024-07-27 13:38:00,CNR1076408353,Driver Not Found,CID771545,Bike,HSR Layout,Banashankari,,,Not Applicable,Not Applicable,Not Applicable,Not Applicable,340,Not Applicable,0,,
2024-07-08 10:48:00,CNR3591020606,Canceled by Driver,CID531632,Prime Plus,Devanahalli,Indiranagar,,,Not Applicable,Personal & Car related issue,Not Applicable,Not Applicable,545,Not Applicable,0,,
2024-07-02 22:52:00,CNR5732698239,Success,CID112660,Prime Sedan,Chickpet,Ramamurthy Nagar,224.0,30.0,Not Applicable,Not Applicable,Yes,Vehicle Breakdown,292,Cash,21,4.4,5.0
2024-07-07 08:00:00,CNR3508309467,Canceled by Driver,CID912453,Bike,Hebbal,MG Road,,,Not Applicable,Customer related issue,Not Applicable,Not Applicable,199,Not Applicable,0,,
2024-07-20 03:26:00,CNR7418083328,Success,CID270599,eBike,Richmond Town,Hulimavu,301.0,60.0,Not Applicable,Not Applicable,No,Not Applicable,859,Debit Card,41,4.1,4.5
2024-07-03 11:01:00,CNR2439782800,Canceled by Driver,CID721270,Prime SUV,Kammanahalli,Hulimavu,,,Not Applicable,Customer was coughing/sick,Not Applicable,Not Applicable,299,Not Applicable,0,,
2024-07-26 23:08:00,CNR6814209066,Driver Not Found,CID416910,Prime SUV,Hosur Road,Bellandur,,,Not Applicable,Not Applicable,Not Applicable,Not Applicable,857,Not Applicable,0,,
2024-07-10 15:07:00,CNR5921604461,Canceled by Driver,CID692101,Prime Sedan,Frazer Town,Chamarajpet,,,Not Applicable,Customer was coughing/sick,Not Applicable,Not Applicable,203,Not Applicable,0,,
2024-07-06 05:27:00,CNR1072374350,Success,CID238297,Bike,JP Nagar,Hosur Road,308.0,145.0,Not Applicable,Not Applicable,No,Not Applicable,247,Cash,33,4.7,3.6
2024-07-06 00:10:00,CNR2291690955,Success,CID946896,Prime SUV,Tumkur Road,HSR Layout,84.0,45.0,Not Applicable,Not Applicable,No,Not Applicable,150,Cash,37,3.6,4.7
2024-07-04 05:40:00,CNR3782231958,Success,CID110980,Prime Sedan,Kengeri,HSR Layout,273.0,130.0,Not Applicable,Not Applicable,Yes,Other Issue,828,Credit Card,26,4.7,3.3
2024-07-19 16:55:00,CNR5274551560,Success,CID657394,Prime Sedan,Bellandur,BTM Layout,280.0,75.0,Not Applicable,Not Applicable,No,Not Applicable,559,Cash,7,3.4,3.5
2024-07-23 18:41:00,CNR8559470452,Driver Not Found,CID418413,Prime SUV,Kadugodi,Bellandur,,,Not Applicable,Not Applicable,Not Applicable,Not Applicable,331,Not Applicable,0,,
2024-07-10 11:30:00,CNR1033246643,Canceled by Customer,CID330582,Prime Plus,Bellandur,Padmanabhanagar,,,Change of plans,Not Applicable,Not Applicable,Not Applicable,334,Not Applicable,0,,
2024-07-08 03:06:00,CNR3227445123,Success,CID129591,Mini,Basavanagudi,Kengeri,119.0,65.0,Not Applicable,Not Applicable,No,Not Applicable,497,UPI,2,3.6,3.6
2024-07-24 12:53:00,CNR9630762729,Canceled by Driver,CID121084,Prime Sedan,Chickpet,Indiranagar,,,Not Applicable,Customer related issue,Not Applicable,Not Applicable,147,Not Applicable,0,,
2024-07-10 09:04:00,CNR9137647976,Success,CID175568,Mini,Kengeri,Devanahalli,203.0,25.0,Not Applicable,Not Applicable,No,Not Applicable,2141,UPI,20,3.0,4.8
2024-07-22 06:48:00,CNR5089512330,Success,CID571049,Mini,Sarjapur Road,Tumkur Road,105.0,105.0,Not Applicable,Not Applicable,No,Not Applicable,433,UPI,43,3.0,4.1
2024-07-12 12:16:00,CNR3324771042,Canceled by Driver,CID364786,Auto,Nagarbhavi,Yelahanka,,,Not Applicable,More than permitted people in there,Not Applicable,Not Applicable,140,Not Applicable,0,,
2024-07-30 20:24:00,CNR7220257200,Success,CID215174,Bike,Ulsoor,Mysore Road,280.0,95.0,Not Applicable,Not Applicable,No,Not Applicable,138,Cash,33,4.3,3.9
2024-07-26 17:23:00,CNR3698163858,Canceled by Customer,CID958649,eBike,Bannerghatta Road,Rajajinagar,,,Driver is not moving towards pickup location,Not Applicable,Not Applicable,Not Applicable,826,Not Applicable,0,,
2024-07-23 14:21:00,CNR6461366453,Success,CID579360,Prime Sedan,Magadi Road,Sahakar Nagar,238.0,60.0,Not Applicable,Not Applicable,No,Not Applicable,1908,Cash,48,4.2,4.7
2024-07-14 08:02:00,CNR6530812959,Canceled by Driver,CID867357,Mini,Kammanahalli,Magadi Road,,,Not Applicable,Customer related issue,Not Applicable,Not Applicable,184,Not Applicable,0,,
2024-07-20 16:02:00,CNR5971269116,Canceled by Customer,CID154753,eBike,Sarjapur Road,Sarjapur Road,,,Driver asked to cancel,Not Applicable,Not Applicable,Not Applicable,148,Not Applicable,0,,
2024-07-18 06:41:00,CNR4574324009,Success,CID934901,Mini,Hennur,Hebbal,301.0,100.0,Not Applicable,Not Applicable,No,Not Applicable,459,UPI,5,3.2,3.9
2024-07-29 20:24:00,CNR1731880926,Canceled by Customer,CID912760,Mini,Mysore Road,Hulimavu,,,Driver is not moving towards pickup location,Not Applicable,Not Applicable,Not Applicable,693,Not Applicable,0,,
2024-07-21 19:46:00,CNR5631348391,Success,CID165612,Bike,HSR Layout,BTM Layout,175.0,105.0,Not Applicable,Not Applicable,No,Not Applicable,309,Cash,19,3.8,3.1
2024-07-17 03:03:00,CNR3767216774,Success,CID792886,Prime Plus,Rajarajeshwari Nagar,HSR Layout,294.0,145.0,Not Applicable,Not Applicable,No,Not Applicable,388,Cash,14,3.2,3.1
2024-07-21 18:55:00,CNR4565352713,Success,CID700124,Prime Sedan,Mysore Road,Marathahalli,182.0,75.0,Not Applicable,Not Applicable,No,Not Applicable,417,Cash,43,3.3,4.8
2024-07-19 13:55:00,CNR3794680782,Success,CID711329,Prime Plus,Richmond Town,Richmond Town,189.0,90.0,Not Applicable,Not Applicable,No,Not Applicable,205,Cash,26,3.2,4.6
2024-07-10 02:27:00,CNR8343710753,Driver Not Found,CID989087,Auto,Kadugodi,Koramangala,,,Not Applicable,Not Applicable,Not Applicable,Not Applicable,924,Not Applicable,0,,
2024-07-07 06:59:00,CNR2610609830,Canceled by Driver,CID336292,Prime Sedan,Hebbal,Hosur Road,,,Not Applicable,Personal & Car related issue,Not Applicable,Not Applicable,151,Not Applicable,0,,
2024-07-28 02:45:00,CNR4981427674,Success,CID541827,Prime Sedan,Chamarajpet,Ulsoor,175.0,50.0,Not Applicable,Not Applicable,No,Not Applicable,636,Cash,42,3.2,4.0
2024-07-15 19:59:00,CNR1254071907,Success,CID645486,Prime Sedan,Rajarajeshwari Nagar,Cox Town,147.0,100.0,Not Applicable,Not Applicable,No,Not Applicable,196,Cash,18,4.2,3.8
2024-07-27 19:54:00,CNR5799841799,Success,CID571099,Prime Plus,KR Puram,Sahakar Nagar,224.0,75.0,Not Applicable,Not Applicable,No,Not Applicable,159,Cash,17,3.9,3.3
2024-07-07 17:26:00,CNR1765988105,Success,CID930045,Prime SUV,Devanahalli,Shivajinagar,84.0,65.0,Not Applicable,Not Applicable,No,Not Applicable,2477,Debit Card,32,4.2,3.0
2024-07-25 12:11:00,CNR1345297271,Success,CID222270,Mini,Marathahalli,Kengeri,140.0,50.0,Not Applicable,Not Applicable,No,Not Applicable,2166,Cash,38,3.9,3.4
2024-07-17 00:20:00,CNR1791817700,Driver Not Found,CID749143,Prime SUV,Varthur,Hennur,,,Not Applicable,Not Applicable,Not Applicable,Not Applicable,653,Not Applicable,0,,
2024-07-14 01:51:00,CNR3799388276,Driver Not Found,CID406861,Prime Sedan,Kengeri,MG Road,,,Not Applicable,Not Applicable,Not Applicable,Not Applicable,249,Not Applicable,0,,
2024-07-13 22:40:00,CNR7485572922,Driver Not Found,CID940394,Mini,KR Puram,Chickpet,,,Not Applicable,Not Applicable,Not Applicable,Not Applicable,488,Not Applicable,0,,
2024-07-07 13:09:00,CNR9001753786,Success,CID590284,eBike,Rajajinagar,Mysore Road,273.0,135.0,Not Applicable,Not Applicable,No,Not Applicable,571,Cash,6,4.0,4.6
2024-07-06 03:49:00,CNR2582315537,Success,CID360032,Mini,Kadugodi,Koramangala,56.0,50.0,Not Applicable,Not Applicable,No,Not Applicable,373,UPI,47,3.8,4.5
2024-07-28 00:42:00,CNR4092700317,Success,CID865128,Mini,JP Nagar,Chamarajpet,49.0,140.0,Not Applicable,Not Applicable,No,Not Applicable,303,UPI,30,3.0,5.0
2024-07-18 16:04:00,CNR4971865825,Driver Not Found,CID802078,Mini,Chamarajpet,Rajarajeshwari Nagar,,,Not Applicable,Not Applicable,Not Applicable,Not Applicable,483,Not Applicable,0,,
2024-07-19 05:33:00,CNR8839901608,Success,CID659354,Prime Sedan,Vijayanagar,Bellandur,168.0,125.0,Not Applicable,Not Applicable,No,Not Applicable,107,Cash,26,4.9,3.1
2024-07-27 07:54:00,CNR4180350749,Canceled by Customer,CID911143,Prime Plus,Padmanabhanagar,Bellandur,,,Change of plans,Not Applicable,Not Applicable,Not Applicable,305,Not Applicable,0,,
2024-07-10 03:18:00,CNR8598556087,Success,CID232869,Prime Sedan,Mysore Road,Padmanabhanagar,189.0,30.0,Not Applicable,Not Applicable,Yes,Vehicle Breakdown,267,Credit Card,40,4.7,3.1
2024-07-22 02:27:00,CNR8054250841,Canceled by Driver,CID402545,Auto,Hulimavu,Bellandur,,,Not Applicable,More than permitted people in there,Not Applicable,Not Applicable,314,Not Applicable,0,,
2024-07-02 15:49:00,CNR9019963775,Canceled by Driver,CID220323,eBike,Shantinagar,Devanahalli,,,Not Applicable,Customer related issue,Not Applicable,Not Applicable,114,Not Applicable,0,,
2024-07-28 15:35:00,CNR4228002681,Success,CID415486,Mini,Shantinagar,Devanahalli,273.0,110.0,Not Applicable,Not Applicable,No,Not Applicable,1065,Cash,2,3.6,4.2
2024-07-20 19:15:00,CNR1122503954,Success,CID431813,Prime Plus,Vijayanagar,Ramamurthy Nagar,301.0,60.0,Not Applicable,Not Applicable,No,Not Applicable,628,UPI,30,4.8,3.9
2024-07-09 02:27:00,CNR3301641828,Success,CID135780,Prime Plus,Malleshwaram,KR Puram,259.0,145.0,Not Applicable,Not Applicable,No,Not Applicable,330,UPI,39,4.4,4.4
2024-07-20 04:42:00,CNR2703119902,Success,CID529377,Mini,Kengeri,Jayanagar,133.0,30.0,Not Applicable,Not Applicable,No,Not Applicable,228,UPI,14,3.5,5.0
2024-07-17 21:44:00,CNR4421525129,Success,CID721350,Prime Sedan,Chamarajpet,Rajajinagar,49.0,130.0,Not Applicable,Not Applicable,No,Not Applicable,122,UPI,11,5.0,4.5
2024-07-06 13:34:00,CNR3048814889,Driver Not Found,CID860449,eBike,JP Nagar,Devanahalli,,,Not Applicable,Not Applicable,Not Applicable,Not Applicable,858,Not Applicable,0,,
2024-07-15 11:31:00,CNR2874013971,Canceled by Driver,CID793717,Prime Plus,Magadi Road,Hulimavu,,,Not Applicable,Personal & Car related issue,Not Applicable,Not Applicable,898,Not Applicable,0,,
2024-07-08 01:27:00,CNR7211011603,Success,CID922571,Prime Plus,Bellandur,Devanahalli,168.0,65.0,Not Applicable,Not Applicable,No,Not Applicable,812,Cash,29,4.1,4.5
2024-07-27 23:23:00,CNR3000813935,Success,CID952244,eBike,Peenya,Yelahanka,189.0,50.0,Not Applicable,Not Applicable,No,Not Applicable,137,Cash,8,3.3,4.7
2024-07-27 13:55:00,CNR8879935637,Canceled by Driver,CID353178,Prime Plus,JP Nagar,Padmanabhanagar,,,Not Applicable,Personal & Car related issue,Not Applicable,Not Applicable,789,Not Applicable,0,,
2024-07-12 11:44:00,CNR5269719637,Canceled by Driver,CID377309,Prime Plus,JP Nagar,Banashankari,,,Not Applicable,Customer related issue,Not Applicable,Not Applicable,109,Not Applicable,0,,
2024-07-26 08:02:00,CNR3234906394,Canceled by Driver,CID154291,Prime Sedan,Banashankari,Banashankari,,,Not Applicable,Customer related issue,Not Applicable,Not Applicable,461,Not Applicable,0,,
2024-07-07 17:19:00,CNR6122552408,Success,CID977331,Prime Plus,Peenya,Rajarajeshwari Nagar,49.0,45.0,Not Applicable,Not Applicable,No,Not Applicable,611,UPI,20,3.3,4.1
2024-07-12 15:30:00,CNR5906148543,Success,CID487242,Prime SUV,MG Road,Ulsoor,84.0,75.0,Not Applicable,Not Applicable,No,Not Applicable,358,UPI,16,4.1,3.3
2024-07-26 06:40:00,CNR7417883535,Canceled by Driver,CID979888,Prime Sedan,Shivajinagar,Kammanahalli,,,Not Applicable,Customer was coughing/sick,Not Applicable,Not Applicable,402,Not Applicable,0,,
2024-07-28 07:50:00,CNR7031730562,Success,CID432476,Bike,Banashankari,Electronic City,245.0,105.0,Not Applicable,Not Applicable,No,Not Applicable,2661,Cash,17,3.5,3.0
2024-07-26 17:20:00,CNR2696564897,Canceled by Driver,CID212895,Prime SUV,Varthur,Padmanabhanagar,,,Not Applicable,Customer related issue,Not Applicable,Not Applicable,492,Not Applicable,0,,
2024-07-03 01:34:00,CNR7083423355,Canceled by Customer,CID409033,Auto,Jayanagar,Rajajinagar,,,Wrong Address,Not Applicable,Not Applicable,Not Applicable,432,Not Applicable,0,,
2024-07-24 16:50:00,CNR4894075896,Success,CID478173,Auto,Sahakar Nagar,Vijayanagar,70.0,45.0,Not Applicable,Not Applicable,No,Not Applicable,130,Cash,8,4.7,3.3
2024-07-17 16:09:00,CNR1360850001,Success,CID696497,Bike,Vijayanagar,Langford Town,112.0,60.0,Not Applicable,Not Applicable,No,Not Applicable,231,Cash,33,4.3,4.4
2024-07-11 15:26:00,CNR3595353259,Success,CID399240,Prime Plus,Kadugodi,Basavanagudi,210.0,55.0,Not Applicable,Not Applicable,No,Not Applicable,442,UPI,18,3.4,4.4
2024-07-30 21:54:00,CNR8882894538,Success,CID525102,Prime Plus,RT Nagar,Cox Town,273.0,120.0,Not Applicable,Not Applicable,No,Not Applicable,248,Cash,25,4.5,3.9
2024-07-30 00:55:00,CNR3216873160,Success,CID642891,Prime SUV,Shivajinagar,RT Nagar,133.0,65.0,Not Applicable,Not Applicable,No,Not Applicable,923,Cash,47,3.3,3.2
2024-07-28 07:27:00,CNR4118916945,Success,CID187406,Prime Plus,Koramangala,Rajarajeshwari Nagar,112.0,110.0,Not Applicable,Not Applicable,No,Not Applicable,357,UPI,35,4.2,4.6
2024-07-24 23:23:00,CNR2104829495,Success,CID690367,Prime Plus,Hennur,Hebbal,175.0,110.0,Not Applicable,Not Applicable,No,Not Applicable,216,Cash,1,4.4,4.7
2024-07-27 16:55:00,CNR9717582153,Success,CID831708,Mini,Indiranagar,Langford Town,105.0,30.0,Not Applicable,Not Applicable,No,Not Applicable,334,Cash,28,4.5,4.7
2024-07-03 09:31:00,CNR6796440528,Canceled by Customer,CID410678,Auto,Frazer Town,Yeshwanthpur,,,Driver is not moving towards pickup location,Not Applicable,Not Applicable,Not Applicable,235,Not Applicable,0,,
2024-07-27 19:06:00,CNR7701430465,Success,CID554853,Bike,HSR Layout,Kammanahalli,42.0,75.0,Not Applicable,Not Applicable,No,Not Applicable,472,Cash,49,3.8,3.6
2024-07-01 07:30:00,CNR7201955269,Success,CID170484,Prime Sedan,Kadugodi,KR Puram,126.0,25.0,Not Applicable,Not Applicable,No,Not Applicable,245,Credit Card,38,4.8,4.3
2024-07-17 20:26:00,CNR5876011149,Canceled by Driver,CID715496,Prime Plus,Kengeri,Kengeri,,,Not Applicable,Personal & Car related issue,Not Applicable,Not Applicable,852,Not Applicable,0,,
2024-07-30 08:21:00,CNR3159818363,Success,CID612014,Mini,Jayanagar,Kadugodi,42.0,105.0,Not Applicable,Not Applicable,No,Not Applicable,163,Cash,42,4.0,4.5
2024-07-17 16:38:00,CNR1138184624,Success,CID846062,Bike,Koramangala,Langford Town,175.0,115.0,Not Applicable,Not Applicable,No,Not Applicable,534,UPI,33,3.7,4.8
2024-07-12 09:03:00,CNR4088536977,Success,CID401809,Prime Sedan,Shantinagar,Nagarbhavi,287.0,65.0,Not Applicable,Not Applicable,No,Not Applicable,719,Cash,3,3.4,4.6
2024-07-30 16:45:00,CNR8403347577,Success,CID503391,eBike,Kadugodi,Rajajinagar,35.0,130.0,Not Applicable,Not Applicable,No,Not Applicable,153,Cash,10,3.3,3.3
2024-07-17 02:47:00,CNR9802900121,Success,CID404587,Bike,Koramangala,Vijayanagar,112.0,65.0,Not Applicable,Not Applicable,No,Not Applicable,447,Cash,5,4.8,3.8
2024-07-17 04:18:00,CNR6077511765,Success,CID158344,eBike,Indiranagar,Rajajinagar,210.0,110.0,Not Applicable,Not Applicable,No,Not Applicable,414,Cash,8,4.3,3.6
2024-07-23 18:04:00,CNR7219884743,Success,CID115432,Prime Plus,Hebbal,Majestic,210.0,85.0,Not Applicable,Not Applicable,Yes,Customer Demand,283,UPI,10,3.3,3.3
2024-07-21 20:40:00,CNR4238905597,Success,CID775957,Auto,Hosur Road,Mysore Road,112.0,125.0,Not Applicable,Not Applicable,No,Not Applicable,819,Cash,12,3.2,4.5
2024-07-29 09:28:00,CNR7805382939,Success,CID812728,Auto,Rajajinagar,Koramangala,217.0,105.0,Not Applicable,Not Applicable,No,Not Applicable,279,Cash,8,4.5,4.5
2024-07-01 11:04:00,CNR8869646597,Success,CID224509,Auto,Sahakar Nagar,Ulsoor,217.0,65.0,Not Applicable,Not Applicable,No,Not Applicable,668,Cash,4,3.7,4.5
2024-07-09 14:03:00,CNR7530495975,Success,CID713027,Prime Sedan,Shantinagar,Ramamurthy Nagar,210.0,120.0,Not Applicable,Not Applicable,No,Not Applicable,491,Cash,13,3.2,5.0
2024-07-20 13:51:00,CNR2449053618,Success,CID358655,Mini,Jayanagar,Rajarajeshwari Nagar,252.0,75.0,Not Applicable,Not Applicable,No,Not Applicable,158,UPI,7,4.0,4.2
2024-07-02 03:59:00,CNR1352284612,Canceled by Driver,CID287906,Mini,KR Puram,Basavanagudi,,,Not Applicable,Personal & Car related issue,Not Applicable,Not Applicable,115,Not Applicable,0,,
2024-07-04 21:54:00,CNR3951882055,Success,CID715661,eBike,Tumkur Road,Bannerghatta Road,35.0,90.0,Not Applicable,Not Applicable,No,Not Applicable,961,UPI,37,3.2,4.0
2024-07-10 21:45:00,CNR1069901565,Canceled by Customer,CID681697,Prime Plus,Sarjapur Road,Nagarbhavi,,,Driver is not moving towards pickup location,Not Applicable,Not Applicable,Not Applicable,222,Not Applicable,0,,
2024-07-25 01:04:00,CNR6920999727,Success,CID688755,Auto,Devanahalli,Vijayanagar,308.0,60.0,Not Applicable,Not Applicable,No,Not Applicable,203,UPI,16,4.0,4.0
2024-07-04 10:03:00,CNR5563981863,Canceled by Driver,CID845947,Mini,Rajajinagar,Majestic,,,Not Applicable,Customer related issue,Not Applicable,Not Applicable,166,Not Applicable,0,,
2024-07-14 02:11:00,CNR9488129895,Success,CID510791,Prime SUV,Whitefield,Whitefield,70.0,140.0,Not Applicable,Not Applicable,No,Not Applicable,499,UPI,16,3.4,3.2
2024-07-10 14:54:00,CNR7561695078,Success,CID154620,Prime Plus,Hulimavu,Langford Town,147.0,25.0,Not Applicable,Not Applicable,No,Not Applicable,482,UPI,15,4.4,4.8
2024-07-07 04:58:00,CNR8105695213,Success,CID552936,eBike,Sarjapur Road,Electronic City,224.0,145.0,Not Applicable,Not Applicable,No,Not Applicable,225,Cash,7,4.2,3.4
2024-07-15 14:37:00,CNR9184197885,Success,CID602859,Mini,Electronic City,Hosur Road,119.0,55.0,Not Applicable,Not Applicable,No,Not Applicable,988,UPI,46,3.9,4.9
2024-07-26 06:38:00,CNR1680223236,Success,CID314982,eBike,HSR Layout,Basavanagudi,77.0,145.0,Not Applicable,Not Applicable,No,Not Applicable,780,Cash,33,4.7,4.1
2024-07-11 21:47:00,CNR6778347182,Success,CID260098,Prime Plus,Peenya,Frazer Town,189.0,40.0,Not Applicable,Not Applicable,No,Not Applicable,297,UPI,40,4.3,3.7
2024-07-20 10:27:00,CNR5494107303,Success,CID703260,Bike,Cox Town,Richmond Town,224.0,75.0,Not Applicable,Not Applicable,No,Not Applicable,334,Cash,11,3.8,3.2
2024-07-09 11:27:00,CNR9470937347,Success,CID423329,Prime SUV,Frazer Town,Mysore Road,203.0,50.0,Not Applicable,Not Applicable,Yes,Customer Demand,444,UPI,6,3.4,4.4
2024-07-30 12:24:00,CNR7523281648,Success,CID829410,Prime Plus,Richmond Town,Rajajinagar,189.0,105.0,Not Applicable,Not Applicable,No,Not Applicable,225,Cash,47,3.3,4.7
2024-07-24 04:12:00,CNR7427706270,Success,CID467255,Prime SUV,Tumkur Road,Chamarajpet,98.0,100.0,Not Applicable,Not Applicable,No,Not Applicable,482,Cash,37,4.9,3.2
2024-07-18 15:18:00,CNR3558087176,Driver Not Found,CID509893,Prime SUV,Padmanabhanagar,Marathahalli,,,Not Applicable,Not Applicable,Not Applicable,Not Applicable,331,Not Applicable,0,,
2024-07-09 01:11:00,CNR9347383302,Success,CID503622,Prime Sedan,Bannerghatta Road,Cox Town,266.0,70.0,Not Applicable,Not Applicable,No,Not Applicable,173,UPI,8,3.8,4.1
2024-07-22 17:20:00,CNR5250153677,Canceled by Customer,CID491820,Auto,RT Nagar,HSR Layout,,,Wrong Address,Not Applicable,Not Applicable,Not Applicable,183,Not Applicable,0,,
2024-07-24 17:44:00,CNR7481516771,Success,CID774125,Prime Sedan,Electronic City,Malleshwaram,63.0,135.0,Not Applicable,Not Applicable,No,Not Applicable,388,UPI,12,4.5,4.8
2024-07-14 04:18:00,CNR8954171350,Success,CID495811,Auto,Shivajinagar,Shantinagar,301.0,130.0,Not Applicable,Not Applicable,No,Not Applicable,623,UPI,10,4.5,3.9
2024-07-09 17:01:00,CNR4305816995,Success,CID423119,Prime SUV,Frazer Town,Richmond Town,203.0,65.0,Not Applicable,Not Applicable,No,Not Applicable,223,Cash,4,4.8,3.7
2024-07-05 05:53:00,CNR2779856586,Success,CID772942,Mini,Mysore Road,Ramamurthy Nagar,287.0,110.0,Not Applicable,Not Applicable,No,Not Applicable,199,Cash,14,3.6,4.4
2024-07-06 01:30:00,CNR7913850333,Success,CID137419,Mini,Majestic,Hennur,252.0,55.0,Not Applicable,Not Applicable,No,Not Applicable,145,Cash,31,4.6,3.7
2024-07-01 18:23:00,CNR9161810574,Success,CID617983,Auto,Kadugodi,Frazer Town,70.0,55.0,Not Applicable,Not Applicable,No,Not Applicable,266,UPI,9,4.2,4.9
2024-07-10 04:09:00,CNR1569725034,Success,CID926285,Auto,Yelahanka,Koramangala,182.0,40.0,Not Applicable,Not Applicable,Yes,Vehicle Breakdown,919,UPI,10,4.0,3.8
2024-07-16 10:05:00,CNR6760768283,Success,CID988817,Prime SUV,Langford Town,Majestic,98.0,30.0,Not Applicable,Not Applicable,No,Not Applicable,118,Cash,4,4.1,4.5
2024-07-02 13:26:00,CNR8306088881,Canceled by Driver,CID238668,Prime SUV,Magadi Road,Chickpet,,,Not Applicable,Personal & Car related issue,Not Applicable,Not Applicable,308,Not Applicable,0,,
2024-07-02 07:27:00,CNR2048854628,Canceled by Driver,CID895698,Prime Sedan,Kadugodi,Hennur,,,Not Applicable,Personal & Car related issue,Not Applicable,Not Applicable,2568,Not Applicable,0,,
2024-07-27 15:33:00,CNR9360988335,Success,CID995274,Prime Sedan,Ramamurthy Nagar,Chamarajpet,147.0,135.0,Not Applicable,Not Applicable,No,Not Applicable,702,Cash,48,4.2,4.5
2024-07-07 19:05:00,CNR4968010147,Success,CID723716,Bike,Ramamurthy Nagar,Kengeri,203.0,70.0,Not Applicable,Not Applicable,No,Not Applicable,292,UPI,41,4.6,4.0
2024-07-21 09:13:00,CNR3795018431,Success,CID120530,Prime SUV,Nagarbhavi,Bellandur,63.0,90.0,Not Applicable,Not Applicable,No,Not Applicable,387,UPI,40,4.9,4.1
2024-07-14 02:01:00,CNR3095122537,Canceled by Driver,CID794561,eBike,Padmanabhanagar,Indiranagar,,,Not Applicable,Personal & Car related issue,Not Applicable,Not Applicable,172,Not Applicable,0,,
2024-07-08 07:55:00,CNR9623794471,Canceled by Customer,CID144463,Prime Sedan,Rajajinagar,Koramangala,,,Wrong Address,Not Applicable,Not Applicable,Not Applicable,648,Not Applicable,0,,
2024-07-26 12:44:00,CNR7312885941,Success,CID650547,Auto,Sahakar Nagar,Kammanahalli,98.0,125.0,Not Applicable,Not Applicable,No,Not Applicable,789,UPI,10,4.0,4.9
2024-07-04 17:34:00,CNR4706093551,Success,CID665903,Prime Sedan,Kammanahalli,Yelahanka,259.0,115.0,Not Applicable,Not Applicable,No,Not Applicable,467,Cash,28,3.3,4.6
2024-07-14 03:42:00,CNR9204330042,Success,CID663601,Prime Plus,Kadugodi,Chamarajpet,35.0,80.0,Not Applicable,Not Applicable,No,Not Applicable,168,Cash,36,4.6,3.5
2024-07-17 16:58:00,CNR5338325273,Canceled by Driver,CID510370,Auto,JP Nagar,KR Puram,,,Not Applicable,Customer related issue,Not Applicable,Not Applicable,907,Not Applicable,0,,
2024-07-28 01:44:00,CNR9080730674,Success,CID790092,Prime SUV,JP Nagar,Tumkur Road,301.0,95.0,Not Applicable,Not Applicable,No,Not Applicable,105,Cash,15,4.7,4.7
2024-07-20 09:30:00,CNR2978711530,Success,CID456938,Bike,Peenya,Peenya,210.0,45.0,Not Applicable,Not Applicable,No,Not Applicable,369,Cash,32,3.2,3.8
2024-07-04 08:20:00,CNR2505345571,Success,CID588346,Prime SUV,Padmanabhanagar,Bannerghatta Road,161.0,130.0,Not Applicable,Not Applicable,Yes,Vehicle Breakdown,474,UPI,35,4.6,3.1
2024-07-19 04:23:00,CNR7059985451,Success,CID217791,Prime Sedan,Indiranagar,Shivajinagar,273.0,100.0,Not Applicable,Not Applicable,No,Not Applicable,169,Cash,42,4.0,3.9
2024-07-07 07:10:00,CNR8940816026,Success,CID819499,Prime SUV,HSR Layout,Sarjapur Road,280.0,130.0,Not Applicable,Not Applicable,No,Not Applicable,340,Cash,23,3.8,3.6
2024-07-05 11:20:00,CNR2845192452,Success,CID206227,eBike,Banashankari,Yelahanka,168.0,110.0,Not Applicable,Not Applicable,No,Not Applicable,931,UPI,25,4.3,3.9
2024-07-13 11:02:00,CNR4647401452,Success,CID589837,Prime SUV,Electronic City,Marathahalli,224.0,125.0,Not Applicable,Not Applicable,No,Not Applicable,313,UPI,43,4.9,3.9
2024-07-13 00:15:00,CNR7090258084,Success,CID631540,Bike,Peenya,Shantinagar,217.0,50.0,Not Applicable,Not Applicable,No,Not Applicable,462,Cash,22,3.8,3.8
2024-07-19 15:31:00,CNR4090712987,Success,CID510061,Prime Sedan,JP Nagar,Kengeri,231.0,50.0,Not Applicable,Not Applicable,Yes,Customer Demand,366,Cash,18,4.0,4.6
2024-07-02 00:37:00,CNR4331613932,Success,CID252199,Mini,Cox Town,Electronic City,245.0,125.0,Not Applicable,Not Applicable,No,Not Applicable,191,Cash,49,4.5,4.1
2024-07-14 10:35:00,CNR4687981329,Success,CID497384,Prime Sedan,Rajarajeshwari Nagar,Hennur,168.0,135.0,Not Applicable,Not Applicable,No,Not Applicable,125,Cash,23,4.5,4.3
2024-07-23 09:35:00,CNR6222109921,Success,CID906981,Prime Plus,Indiranagar,Whitefield,126.0,95.0,Not Applicable,Not Applicable,No,Not Applicable,258,UPI,27,3.6,4.4
2024-07-20 22:07:00,CNR2879123065,Canceled by Driver,CID227159,Prime Plus,Magadi Road,Chamarajpet,,,Not Applicable,More than permitted people in there,Not Applicable,Not Applicable,875,Not Applicable,0,,
2024-07-13 22:03:00,CNR8288958649,Success,CID555023,Prime SUV,Kengeri,Koramangala,203.0,130.0,Not Applicable,Not Applicable,No,Not Applicable,1211,Cash,17,3.8,3.4
2024-07-08 14:13:00,CNR1292123531,Success,CID801242,Mini,Richmond Town,JP Nagar,84.0,75.0,Not Applicable,Not Applicable,No,Not Applicable,362,Cash,11,4.8,3.1
2024-07-21 16:35:00,CNR3004643207,Canceled by Driver,CID370963,Bike,Shivajinagar,Koramangala,,,Not Applicable,More than permitted people in there,Not Applicable,Not Applicable,324,Not Applicable,0,,
2024-07-19 21:10:00,CNR3754957980,Success,CID684901,Prime SUV,Rajarajeshwari Nagar,Chickpet,112.0,35.0,Not Applicable,Not Applicable,No,Not Applicable,160,Cash,8,4.9,4.5
2024-07-24 22:17:00,CNR9291505911,Success,CID365370,eBike,Nagarbhavi,Marathahalli,196.0,85.0,Not Applicable,Not Applicable,Yes,Vehicle Breakdown,432,Cash,48,5.0,4.1
2024-07-09 10:02:00,CNR6665592160,Success,CID715932,eBike,Hennur,Peenya,140.0,90.0,Not Applicable,Not Applicable,No,Not Applicable,128,UPI,32,3.9,4.0
2024-07-08 08:00:00,CNR9257979284,Canceled by Driver,CID927265,Bike,Kammanahalli,Kammanahalli,,,Not Applicable,More than permitted people in there,Not Applicable,Not Applicable,1417,Not Applicable,0,,
2024-07-19 18:42:00,CNR6367906930,Success,CID752898,Prime Plus,Sahakar Nagar,Frazer Town,63.0,80.0,Not Applicable,Not Applicable,No,Not Applicable,160,UPI,16,4.5,3.3
2024-07-08 01:10:00,CNR1331825762,Success,CID812466,Prime Sedan,Rajarajeshwari Nagar,Mysore Road,308.0,140.0,Not Applicable,Not Applicable,No,Not Applicable,250,UPI,38,3.4,3.2
2024-07-20 00:32:00,CNR3937976757,Success,CID587335,Prime Sedan,Electronic City,Tumkur Road,126.0,90.0,Not Applicable,Not Applicable,No,Not Applicable,211,Cash,44,4.7,3.6
2024-07-09 16:40:00,CNR6993392636,Success,CID172381,eBike,Chickpet,Rajajinagar,84.0,115.0,Not Applicable,Not Applicable,No,Not Applicable,956,UPI,45,4.2,3.7
2024-07-20 13:13:00,CNR2890056116,Success,CID965667,Bike,Ramamurthy Nagar,Frazer Town,259.0,145.0,Not Applicable,Not Applicable,No,Not Applicable,109,Cash,2,3.8,4.9
2024-07-25 00:09:00,CNR7209157352,Canceled by Driver,CID240678,Auto,Rajajinagar,Hosur Road,,,Not Applicable,More than permitted people in there,Not Applicable,Not Applicable,423,Not Applicable,0,,
2024-07-01 21:55:00,CNR2796200489,Success,CID735216,Prime Plus,Sarjapur Road,Chickpet,294.0,40.0,Not Applicable,Not Applicable,No,Not Applicable,626,UPI,22,3.9,4.5
2024-07-22 05:24:00,CNR6499582883,Canceled by Driver,CID106834,Prime SUV,Banashankari,Koramangala,,,Not Applicable,Customer related issue,Not Applicable,Not Applicable,333,Not Applicable,0,,
2024-07-11 06:46:00,CNR7200531620,Driver Not Found,CID304463,Prime Plus,MG Road,HSR Layout,,,Not Applicable,Not Applicable,Not Applicable,Not Applicable,177,Not Applicable,0,,
2024-07-28 05:13:00,CNR3193569580,Success,CID595081,Prime SUV,Chickpet,Peenya,77.0,35.0,Not Applicable,Not Applicable,No,Not Applicable,333,Cash,45,4.6,3.3
2024-07-18 09:15:00,CNR8844959993,Canceled by Customer,CID795814,Mini,Malleshwaram,Hebbal,,,Driver is not moving towards pickup location,Not Applicable,Not Applicable,Not Applicable,2600,Not Applicable,0,,
2024-07-22 16:17:00,CNR2592751283,Success,CID472339,Bike,Ulsoor,Hosur Road,294.0,135.0,Not Applicable,Not Applicable,No,Not Applicable,166,Cash,26,3.7,4.8
2024-07-15 05:52:00,CNR7166536478,Success,CID653420,eBike,Majestic,Yelahanka,63.0,115.0,Not Applicable,Not Applicable,No,Not Applicable,317,Cash,43,3.9,3.5
2024-07-07 15:00:00,CNR3512783898,Success,CID130937,Bike,Sarjapur Road,Frazer Town,273.0,25.0,Not Applicable,Not Applicable,No,Not Applicable,847,Credit Card,7,3.5,4.5
2024-07-22 09:28:00,CNR7595560548,Canceled by Customer,CID190989,Mini,Bellandur,Marathahalli,,,Driver is not moving towards pickup location,Not Applicable,Not Applicable,Not Applicable,917,Not Applicable,0,,
2024-07-12 23:44:00,CNR7854831104,Success,CID256959,Prime Plus,Yelahanka,Electronic City,140.0,95.0,Not Applicable,Not Applicable,Yes,Other Issue,503,UPI,40,4.9,4.7
2024-07-12 13:01:00,CNR2875245098,Canceled by Customer,CID534255,eBike,MG Road,Koramangala,,,Driver is not moving towards pickup location,Not Applicable,Not Applicable,Not Applicable,300,Not Applicable,0,,
2024-07-02 21:47:00,CNR5574849617,Success,CID152343,Bike,Kengeri,Sarjapur Road,252.0,110.0,Not Applicable,Not Applicable,No,Not Applicable,141,Cash,10,4.5,5.0
2024-07-27 19:55:00,CNR4233727038,Success,CID334581,Auto,Banashankari,Vijayanagar,273.0,145.0,Not Applicable,Not Applicable,No,Not Applicable,1619,UPI,11,4.2,4.7
2024-07-27 15:27:00,CNR8521139328,Canceled by Customer,CID908600,Mini,Ulsoor,Shantinagar,,,Driver is not moving towards pickup location,Not Applicable,Not Applicable,Not Applicable,151,Not Applicable,0,,
2024-07-30 16:48:00,CNR7974448833,Driver Not Found,CID595109,Prime SUV,Mysore Road,Magadi Road,,,Not Applicable,Not Applicable,Not Applicable,Not Applicable,268,Not Applicable,0,,
2024-07-13 21:45:00,CNR2957110695,Success,CID114227,Auto,Shantinagar,Magadi Road,105.0,40.0,Not Applicable,Not Applicable,No,Not Applicable,405,Cash,16,4.0,4.7
2024-07-07 04:31:00,CNR3380378663,Canceled by Driver,CID441361,Prime SUV,Tumkur Road,Hennur,,,Not Applicable,Customer related issue,Not Applicable,Not Applicable,268,Not Applicable,0,,
2024-07-10 00:12:00,CNR7585727494,Success,CID390559,Prime Sedan,Malleshwaram,Koramangala,154.0,115.0,Not Applicable,Not Applicable,No,Not Applicable,471,Cash,33,4.2,4.9
2024-07-18 03:46:00,CNR8988492028,Success,CID352024,Mini,Chickpet,Kengeri,203.0,115.0,Not Applicable,Not Applicable,No,Not Applicable,739,Cash,27,3.6,4.2
2024-07-22 19:43:00,CNR7978711526,Canceled by Driver,CID337945,eBike,Richmond Town,Padmanabhanagar,,,Not Applicable,Customer was coughing/sick,Not Applicable,Not Applicable,645,Not Applicable,0,,
2024-07-13 23:39:00,CNR8575469381,Success,CID282531,Auto,Bannerghatta Road,Hosur Road,245.0,60.0,Not Applicable,Not Applicable,No,Not Applicable,346,UPI,18,4.7,4.9
2024-07-15 02:08:00,CNR5320070753,Canceled by Customer,CID248335,Prime Plus,Shantinagar,Koramangala,,,Driver is not moving towards pickup location,Not Applicable,Not Applicable,Not Applicable,113,Not Applicable,0,,
2024-07-05 11:29:00,CNR3028072619,Canceled by Customer,CID889226,Mini,Rajajinagar,Devanahalli,,,Wrong Address,Not Applicable,Not Applicable,Not Applicable,332,Not Applicable,0,,
2024-07-17 03:23:00,CNR6093110512,Canceled by Driver,CID787484,Bike,Rajajinagar,Hebbal,,,Not Applicable,More than permitted people in there,Not Applicable,Not Applicable,2997,Not Applicable,0,,
2024-07-08 05:11:00,CNR6837049514,Success,CID388259,Bike,Varthur,Basavanagudi,112.0,40.0,Not Applicable,Not Applicable,No,Not Applicable,494,Credit Card,25,3.5,4.5
2024-07-02 22:44:00,CNR2239508709,Canceled by Driver,CID757658,Auto,Tumkur Road,Cox Town,,,Not Applicable,More than permitted people in there,Not Applicable,Not Applicable,751,Not Applicable,0,,
2024-07-23 22:39:00,CNR4430801415,Success,CID128056,eBike,Ulsoor,Bannerghatta Road,182.0,100.0,Not Applicable,Not Applicable,No,Not Applicable,239,Cash,16,3.6,4.0
2024-07-21 11:06:00,CNR6161465572,Canceled by Driver,CID210942,Mini,Bellandur,Whitefield,,,Not Applicable,Customer was coughing/sick,Not Applicable,Not Applicable,620,Not Applicable,0,,
2024-07-23 09:59:00,CNR7846320343,Canceled by Driver,CID758552,Prime SUV,Whitefield,Chickpet,,,Not Applicable,More than permitted people in there,Not Applicable,Not Applicable,1732,Not Applicable,0,,
2024-07-06 12:21:00,CNR2235436894,Success,CID452995,Prime SUV,Mysore Road,Marathahalli,245.0,60.0,Not Applicable,Not Applicable,No,Not Applicable,136,UPI,37,4.3,4.1
2024-07-04 13:32:00,CNR9621287435,Canceled by Driver,CID231502,Prime Sedan,Hebbal,Kengeri,,,Not Applicable,Customer related issue,Not Applicable,Not Applicable,847,Not Applicable,0,,
2024-07-12 02:46:00,CNR8066378073,Success,CID911954,Auto,Mysore Road,Shivajinagar,63.0,80.0,Not Applicable,Not Applicable,Yes,Vehicle Breakdown,502,Cash,16,3.5,4.4
2024-07-19 06:29:00,CNR5825636951,Driver Not Found,CID650988,eBike,Mysore Road,Ulsoor,,,Not Applicable,Not Applicable,Not Applicable,Not Applicable,327,Not Applicable,0,,
2024-07-29 17:58:00,CNR6481878028,Canceled by Customer,CID319030,Mini,Shantinagar,JP Nagar,,,Driver is not moving towards pickup location,Not Applicable,Not Applicable,Not Applicable,479,Not Applicable,0,,
2024-07-27 04:14:00,CNR3957730986,Canceled by Driver,CID491083,Prime Sedan,HSR Layout,Basavanagudi,,,Not Applicable,Personal & Car related issue,Not Applicable,Not Applicable,498,Not Applicable,0,,
2024-07-29 21:33:00,CNR7096245540,Canceled by Customer,CID350372,Auto,Kengeri,Marathahalli,,,Driver is not moving towards pickup location,Not Applicable,Not Applicable,Not Applicable,284,Not Applicable,0,,
2024-07-21 11:06:00,CNR5190357674,Success,CID238332,Auto,Marathahalli,Marathahalli,259.0,130.0,Not Applicable,Not Applicable,No,Not Applicable,427,UPI,14,4.1,4.8
2024-07-27 02:10:00,CNR4664538067,Success,CID831999,Bike,Bellandur,Varthur,196.0,50.0,Not Applicable,Not Applicable,Yes,Customer Demand,497,Cash,2,4.9,3.2
2024-07-04 10:11:00,CNR5184271672,Canceled by Customer,CID883884,Mini,Devanahalli,Devanahalli,,,Driver asked to cancel,Not Applicable,Not Applicable,Not Applicable,320,Not Applicable,0,,
2024-07-14 01:42:00,CNR3713971696,Success,CID952356,Mini,Hulimavu,Hennur,161.0,55.0,Not Applicable,Not Applicable,Yes,Other Issue,351,Cash,3,3.5,3.2
2024-07-19 17:06:00,CNR7844777253,Success,CID618691,Prime Sedan,MG Road,Yeshwanthpur,42.0,25.0,Not Applicable,Not Applicable,No,Not Applicable,428,Cash,10,3.0,4.2
2024-07-04 20:26:00,CNR8916508328,Canceled by Driver,CID827381,Prime Plus,Ramamurthy Nagar,Richmond Town,,,Not Applicable,Customer related issue,Not Applicable,Not Applicable,571,Not Applicable,0,,
2024-07-19 16:08:00,CNR7501128277,Success,CID817368,eBike,Magadi Road,Malleshwaram,91.0,45.0,Not Applicable,Not Applicable,No,Not Applicable,459,UPI,12,4.7,3.7
2024-07-12 07:29:00,CNR3315486629,Canceled by Driver,CID594113,Prime SUV,Yelahanka,Kammanahalli,,,Not Applicable,Customer related issue,Not Applicable,Not Applicable,357,Not Applicable,0,,
2024-07-12 18:22:00,CNR4036791213,Driver Not Found,CID177052,Bike,Rajajinagar,Richmond Town,,,Not Applicable,Not Applicable,Not Applicable,Not Applicable,252,Not Applicable,0,,
2024-07-27 13:29:00,CNR8627469643,Success,CID392400,Auto,Sarjapur Road,Langford Town,301.0,95.0,Not Applicable,Not Applicable,No,Not Applicable,264,Cash,1,3.7,4.5
2024-07-03 13:39:00,CNR2912218437,Success,CID143496,Prime SUV,Langford Town,Padmanabhanagar,203.0,140.0,Not Applicable,Not Applicable,No,Not Applicable,466,Cash,48,4.9,4.3
2024-07-30 03:36:00,CNR7432225374,Driver Not Found,CID619371,Auto,Banashankari,Varthur,,,Not Applicable,Not Applicable,Not Applicable,Not Applicable,407,Not Applicable,0,,
2024-07-20 08:32:00,CNR9712463712,Success,CID726461,Prime Sedan,Kadugodi,Hennur,42.0,135.0,Not Applicable,Not Applicable,No,Not Applicable,271,UPI,2,3.6,3.1
2024-07-24 00:54:00,CNR8243527458,Canceled by Driver,CID428141,Bike,Yeshwanthpur,Sarjapur Road,,,Not Applicable,Customer related issue,Not Applicable,Not Applicable,262,Not Applicable,0,,
2024-07-03 22:53:00,CNR5804524152,Success,CID776090,Prime Plus,Ramamurthy Nagar,Banashankari,231.0,65.0,Not Applicable,Not Applicable,No,Not Applicable,432,Cash,5,3.6,3.8
2024-07-30 06:16:00,CNR2213936887,Driver Not Found,CID250588,Prime Plus,Basavanagudi,Kammanahalli,,,Not Applicable,Not Applicable,Not Applicable,Not Applicable,276,Not Applicable,0,,
2024-07-08 00:03:00,CNR2889663439,Success,CID218978,Prime SUV,Tumkur Road,Hennur,77.0,85.0,Not Applicable,Not Applicable,No,Not Applicable,210,Cash,15,4.2,3.8
2024-07-26 11:31:00,CNR4620237960,Success,CID935955,Prime SUV,Malleshwaram,Frazer Town,70.0,90.0,Not Applicable,Not Applicable,No,Not Applicable,298,UPI,33,3.5,4.8
2024-07-11 12:01:00,CNR3159193266,Success,CID504067,Prime Plus,Marathahalli,Devanahalli,287.0,55.0,Not Applicable,Not Applicable,Yes,Other Issue,193,Cash,18,3.7,4.6
2024-07-18 02:43:00,CNR5248068366,Driver Not Found,CID610701,Prime Sedan,Magadi Road,Hulimavu,,,Not Applicable,Not Applicable,Not Applicable,Not Applicable,422,Not Applicable,0,,
2024-07-21 16:47:00,CNR2083266824,Canceled by Customer,CID328337,Prime Sedan,Chickpet,JP Nagar,,,Change of plans,Not Applicable,Not Applicable,Not Applicable,470,Not Applicable,0,,
2024-07-08 18:15:00,CNR3196763591,Success,CID533305,Prime Plus,Rajajinagar,Basavanagudi,238.0,30.0,Not Applicable,Not Applicable,No,Not Applicable,426,Cash,29,3.8,3.9
2024-07-01 05:04:00,CNR4679282903,Canceled by Customer,CID433704,Auto,Tumkur Road,Hennur,,,Change of plans,Not Applicable,Not Applicable,Not Applicable,113,Not Applicable,0,,
2024-07-07 03:10:00,CNR5798773357,Driver Not Found,CID978804,Prime Sedan,Kadugodi,Rajarajeshwari Nagar,,,Not Applicable,Not Applicable,Not Applicable,Not Applicable,412,Not Applicable,0,,
2024-07-14 15:05:00,CNR7666224695,Driver Not Found,CID159493,Prime Plus,Rajajinagar,Yelahanka,,,Not Applicable,Not Applicable,Not Applicable,Not Applicable,927,Not Applicable,0,,
2024-07-08 08:09:00,CNR5571303613,Canceled by Driver,CID966690,Prime Plus,JP Nagar,Malleshwaram,,,Not Applicable,Customer was coughing/sick,Not Applicable,Not Applicable,228,Not Applicable,0,,
2024-07-25 05:21:00,CNR3216666093,Success,CID431197,Auto,Bannerghatta Road,Yelahanka,224.0,140.0,Not Applicable,Not Applicable,No,Not Applicable,424,Cash,11,3.1,4.7
2024-07-01 17:02:00,CNR5395923263,Success,CID614177,Bike,Kammanahalli,Basavanagudi,35.0,50.0,Not Applicable,Not Applicable,No,Not Applicable,262,UPI,24,4.9,4.8
2024-07-12 02:30:00,CNR2034303088,Canceled by Driver,CID233833,Mini,RT Nagar,Majestic,,,Not Applicable,Personal & Car related issue,Not Applicable,Not Applicable,683,Not Applicable,0,,
2024-07-20 13:14:00,CNR8615278579,Success,CID765919,eBike,Varthur,Shivajinagar,203.0,55.0,Not Applicable,Not Applicable,Yes,Customer Demand,342,Cash,49,3.1,4.4
2024-07-18 23:55:00,CNR3478027252,Canceled by Driver,CID698798,Prime Plus,Yelahanka,Hennur,,,Not Applicable,Personal & Car related issue,Not Applicable,Not Applicable,384,Not Applicable,0,,
2024-07-10 08:22:00,CNR3507335690,Canceled by Driver,CID849435,Prime SUV,Kadugodi,Shivajinagar,,,Not Applicable,Customer related issue,Not Applicable,Not Applicable,156,Not Applicable,0,,
2024-07-24 13:43:00,CNR3362247818,Success,CID338024,Bike,Nagarbhavi,Langford Town,70.0,100.0,Not Applicable,Not Applicable,No,Not Applicable,461,Cash,15,4.4,4.3
2024-07-26 05:43:00,CNR5437992300,Success,CID965495,Mini,Chamarajpet,Shivajinagar,203.0,65.0,Not Applicable,Not Applicable,No,Not Applicable,847,UPI,31,4.5,4.1
2024-07-29 15:44:00,CNR2429738197,Success,CID628281,Prime Sedan,Kammanahalli,Sarjapur Road,217.0,145.0,Not Applicable,Not Applicable,No,Not Applicable,129,Cash,45,4.3,3.2
2024-07-28 23:46:00,CNR6996014392,Success,CID580404,Prime Plus,JP Nagar,KR Puram,35.0,85.0,Not Applicable,Not Applicable,No,Not Applicable,2674,Cash,39,4.5,3.7
2024-07-14 17:01:00,CNR1243250668,Success,CID426300,Auto,Jayanagar,Hulimavu,287.0,30.0,Not Applicable,Not Applicable,No,Not Applicable,319,Cash,8,3.6,3.3
2024-07-21 15:52:00,CNR9586383791,Success,CID363470,Prime Sedan,Tumkur Road,Padmanabhanagar,98.0,130.0,Not Applicable,Not Applicable,No,Not Applicable,150,Cash,16,4.2,3.1
2024-07-20 10:42:00,CNR5236134090,Success,CID632480,Mini,Hulimavu,Majestic,182.0,80.0,Not Applicable,Not Applicable,No,Not Applicable,114,Debit Card,23,3.6,3.9
2024-07-01 12:04:00,CNR3409350716,Success,CID288970,Prime Plus,Shivajinagar,Marathahalli,280.0,115.0,Not Applicable,Not Applicable,No,Not Applicable,570,UPI,17,4.0,4.3
2024-07-04 20:05:00,CNR7673493469,Success,CID195740,Auto,Frazer Town,Cox Town,168.0,115.0,Not Applicable,Not Applicable,No,Not Applicable,602,UPI,19,4.1,4.4
2024-07-02 06:01:00,CNR5887276156,Canceled by Driver,CID893889,Prime Plus,KR Puram,Indiranagar,,,Not Applicable,Customer was coughing/sick,Not Applicable,Not Applicable,394,Not Applicable,0,,
2024-07-21 02:06:00,CNR9681900513,Success,CID298900,Bike,Vijayanagar,Bellandur,259.0,50.0,Not Applicable,Not Applicable,No,Not Applicable,238,Cash,48,4.0,4.0
2024-07-28 14:41:00,CNR7200194650,Driver Not Found,CID797048,Prime Plus,Bannerghatta Road,Hebbal,,,Not Applicable,Not Applicable,Not Applicable,Not Applicable,478,Not Applicable,0,,
2024-07-05 10:03:00,CNR6944505430,Success,CID152681,Prime Sedan,Peenya,Padmanabhanagar,182.0,25.0,Not Applicable,Not Applicable,No,Not Applicable,853,Cash,33,4.1,4.7
2024-07-19 03:20:00,CNR5612414356,Success,CID832250,eBike,Sahakar Nagar,Hosur Road,140.0,135.0,Not Applicable,Not Applicable,No,Not Applicable,291,UPI,13,3.7,4.9
2024-07-17 18:53:00,CNR4186085872,Canceled by Driver,CID667775,eBike,Padmanabhanagar,Sarjapur Road,,,Not Applicable,Personal & Car related issue,Not Applicable,Not Applicable,471,Not Applicable,0,,
2024-07-16 18:31:00,CNR3968872195,Success,CID385493,Prime Sedan,Devanahalli,Peenya,168.0,80.0,Not Applicable,Not Applicable,No,Not Applicable,430,Debit Card,33,3.7,4.5
2024-07-03 20:10:00,CNR6083061350,Success,CID684161,Mini,Kadugodi,Ramamurthy Nagar,196.0,80.0,Not Applicable,Not Applicable,No,Not Applicable,277,Cash,14,4.7,4.4
2024-07-17 14:54:00,CNR2748337528,Success,CID694537,Mini,Hennur,Rajarajeshwari Nagar,273.0,120.0,Not Applicable,Not Applicable,No,Not Applicable,259,Cash,29,3.9,3.9
2024-07-21 15:28:00,CNR1773103753,Canceled by Driver,CID265395,Prime SUV,Cox Town,HSR Layout,,,Not Applicable,Customer was coughing/sick,Not Applicable,Not Applicable,172,Not Applicable,0,,
2024-07-17 12:05:00,CNR6385765346,Success,CID868863,Prime Plus,Magadi Road,Cox Town,259.0,130.0,Not Applicable,Not Applicable,Yes,Vehicle Breakdown,120,UPI,13,3.9,3.5
2024-07-27 09:39:00,CNR5806043152,Success,CID424681,eBike,Padmanabhanagar,Richmond Town,126.0,75.0,Not Applicable,Not Applicable,No,Not Applicable,2132,Cash,35,4.6,4.5
2024-07-07 18:14:00,CNR1373482203,Success,CID628464,Prime Plus,Devanahalli,JP Nagar,63.0,35.0,Not Applicable,Not Applicable,No,Not Applicable,403,UPI,20,4.7,3.1
2024-07-26 11:39:00,CNR5789042406,Canceled by Driver,CID923262,Prime Sedan,Hulimavu,Hulimavu,,,Not Applicable,Customer was coughing/sick,Not Applicable,Not Applicable,232,Not Applicable,0,,
2024-07-17 13:34:00,CNR8756994779,Canceled by Driver,CID843741,Bike,Mysore Road,Bannerghatta Road,,,Not Applicable,Customer was coughing/sick,Not Applicable,Not Applicable,203,Not Applicable,0,,
2024-07-01 18:34:00,CNR1095789691,Success,CID313668,Prime Sedan,Rajajinagar,Indiranagar,140.0,65.0,Not Applicable,Not Applicable,No,Not Applicable,236,UPI,20,3.7,3.2
2024-07-23 05:57:00,CNR8550187326,Success,CID431652,Prime SUV,Electronic City,Indiranagar,196.0,65.0,Not Applicable,Not Applicable,Yes,Vehicle Breakdown,908,UPI,33,3.8,3.3
2024-07-28 02:52:00,CNR6392985642,Success,CID268601,Prime Sedan,JP Nagar,Kengeri,112.0,55.0,Not Applicable,Not Applicable,No,Not Applicable,1321,Cash,46,3.5,3.9
2024-07-06 16:26:00,CNR1558994645,Success,CID570766,Auto,Peenya,Ramamurthy Nagar,126.0,135.0,Not Applicable,Not Applicable,No,Not Applicable,811,UPI,11,4.3,4.4
2024-07-20 11:36:00,CNR5944662019,Success,CID441560,eBike,Mysore Road,Hebbal,161.0,125.0,Not Applicable,Not Applicable,No,Not Applicable,446,Credit Card,16,3.9,4.7
2024-07-18 00:03:00,CNR3361841884,Success,CID507865,Prime Plus,Magadi Road,Padmanabhanagar,35.0,130.0,Not Applicable,Not Applicable,No,Not Applicable,400,UPI,49,4.4,3.4
2024-07-26 23:38:00,CNR1132671796,Canceled by Driver,CID616610,Auto,Frazer Town,Shantinagar,,,Not Applicable,Customer related issue,Not Applicable,Not Applicable,128,Not Applicable,0,,
2024-07-17 05:04:00,CNR8806507521,Canceled by Driver,CID603143,Mini,Ulsoor,Hulimavu,,,Not Applicable,Personal & Car related issue,Not Applicable,Not Applicable,247,Not Applicable,0,,
2024-07-05 12:57:00,CNR9898429024,Success,CID678242,Prime Plus,Chickpet,Chickpet,301.0,50.0,Not Applicable,Not Applicable,No,Not Applicable,428,UPI,37,3.7,3.7
2024-07-29 23:06:00,CNR7370467386,Success,CID582150,Prime Sedan,Rajajinagar,Electronic City,301.0,40.0,Not Applicable,Not Applicable,No,Not Applicable,449,UPI,46,4.5,4.4
2024-07-25 02:52:00,CNR5429683387,Canceled by Driver,CID105835,eBike,Sahakar Nagar,Yelahanka,,,Not Applicable,Personal & Car related issue,Not Applicable,Not Applicable,189,Not Applicable,0,,
2024-07-22 21:50:00,CNR9164741817,Driver Not Found,CID817258,Prime Sedan,HSR Layout,Richmond Town,,,Not Applicable,Not Applicable,Not Applicable,Not Applicable,798,Not Applicable,0,,
2024-07-06 21:57:00,CNR7716117576,Canceled by Driver,CID439105,Prime Sedan,Kadugodi,Cox Town,,,Not Applicable,Customer related issue,Not Applicable,Not Applicable,1260,Not Applicable,0,,
2024-07-30 17:19:00,CNR3425468233,Canceled by Customer,CID200523,Prime Plus,Sarjapur Road,Ramamurthy Nagar,,,Driver asked to cancel,Not Applicable,Not Applicable,Not Applicable,283,Not Applicable,0,,
2024-07-03 15:54:00,CNR1395763593,Success,CID863644,Bike,Yeshwanthpur,Yeshwanthpur,154.0,90.0,Not Applicable,Not Applicable,No,Not Applicable,665,Cash,7,3.7,3.5
2024-07-01 19:44:00,CNR8293683387,Driver Not Found,CID994313,Bike,Mysore Road,Shivajinagar,,,Not Applicable,Not Applicable,Not Applicable,Not Applicable,179,Not Applicable,0,,
2024-07-12 06:41:00,CNR5041456170,Success,CID399413,Prime SUV,MG Road,Ramamurthy Nagar,140.0,145.0,Not Applicable,Not Applicable,No,Not Applicable,349,Cash,12,3.1,3.0
2024-07-06 10:31:00,CNR4261981732,Driver Not Found,CID708696,Bike,Bellandur,Shivajinagar,,,Not Applicable,Not Applicable,Not Applicable,Not Applicable,361,Not Applicable,0,,
2024-07-11 12:32:00,CNR2615714836,Driver Not Found,CID129838,Bike,Sahakar Nagar,Whitefield,,,Not Applicable,Not Applicable,Not Applicable,Not Applicable,447,Not Applicable,0,,
2024-07-06 11:09:00,CNR2172907337,Success,CID225627,Mini,Kadugodi,Tumkur Road,42.0,95.0,Not Applicable,Not Applicable,No,Not Applicable,173,Cash,15,3.8,4.6
2024-07-06 10:05:00,CNR1386833131,Success,CID657231,Bike,Padmanabhanagar,Padmanabhanagar,196.0,125.0,Not Applicable,Not Applicable,No,Not Applicable,316,UPI,25,4.8,4.8
2024-07-07 10:09:00,CNR8001183270,Success,CID532892,Prime Plus,Sahakar Nagar,Shantinagar,140.0,55.0,Not Applicable,Not Applicable,No,Not Applicable,149,UPI,13,4.3,3.5
2024-07-22 15:49:00,CNR6593562646,Canceled by Driver,CID633743,Auto,Langford Town,Kammanahalli,,,Not Applicable,More than permitted people in there,Not Applicable,Not Applicable,541,Not Applicable,0,,
2024-07-30 15:18:00,CNR6575514448,Success,CID915068,Auto,Hulimavu,Peenya,217.0,45.0,Not Applicable,Not Applicable,No,Not Applicable,2613,UPI,6,3.4,3.1
2024-07-24 22:36:00,CNR7112713890,Driver Not Found,CID419897,Prime Sedan,Rajajinagar,Koramangala,,,Not Applicable,Not Applicable,Not Applicable,Not Applicable,193,Not Applicable,0,,
2024-07-03 06:18:00,CNR2584367406,Success,CID219288,Prime Plus,Hosur Road,Ramamurthy Nagar,252.0,40.0,Not Applicable,Not Applicable,No,Not Applicable,267,Cash,10,3.1,3.3
2024-07-25 18:08:00,CNR4526057535,Success,CID343855,eBike,Kammanahalli,Marathahalli,238.0,30.0,Not Applicable,Not Applicable,No,Not Applicable,767,Cash,46,3.4,3.8
2024-07-17 19:10:00,CNR2532578991,Success,CID608061,Mini,Shantinagar,Frazer Town,210.0,120.0,Not Applicable,Not Applicable,No,Not Applicable,258,UPI,23,3.5,3.8
2024-07-12 10:59:00,CNR6425544077,Success,CID663652,Prime Sedan,Hulimavu,HSR Layout,196.0,65.0,Not Applicable,Not Applicable,No,Not Applicable,130,Cash,26,4.5,3.9
2024-07-13 19:48:00,CNR6107424162,Canceled by Driver,CID419117,Bike,Magadi Road,Padmanabhanagar,,,Not Applicable,Personal & Car related issue,Not Applicable,Not Applicable,831,Not Applicable,0,,
2024-07-26 04:13:00,CNR8713246689,Success,CID536274,Prime SUV,Nagarbhavi,Shivajinagar,182.0,100.0,Not Applicable,Not Applicable,No,Not Applicable,317,Cash,20,3.3,3.5
2024-07-14 19:18:00,CNR2380189604,Canceled by Driver,CID227319,Auto,Majestic,Kadugodi,,,Not Applicable,Personal & Car related issue,Not Applicable,Not Applicable,1817,Not Applicable,0,,
2024-07-24 07:25:00,CNR7403907764,Success,CID154541,Mini,Basavanagudi,KR Puram,245.0,140.0,Not Applicable,Not Applicable,No,Not Applicable,403,Cash,4,4.8,4.0
2024-07-18 23:00:00,CNR1767363380,Success,CID435818,Bike,Jayanagar,Devanahalli,210.0,90.0,Not Applicable,Not Applicable,No,Not Applicable,277,UPI,8,3.0,3.1
2024-07-13 09:39:00,CNR8393063292,Success,CID146011,Prime Plus,MG Road,Sarjapur Road,238.0,85.0,Not Applicable,Not Applicable,No,Not Applicable,298,Cash,5,4.4,4.0
2024-07-09 16:49:00,CNR2583856349,Canceled by Driver,CID289766,Prime Sedan,BTM Layout,Marathahalli,,,Not Applicable,Personal & Car related issue,Not Applicable,Not Applicable,417,Not Applicable,0,,
2024-07-02 00:06:00,CNR3024904512,Success,CID785260,Mini,Malleshwaram,Marathahalli,259.0,115.0,Not Applicable,Not Applicable,No,Not Applicable,491,UPI,39,3.9,4.5
2024-07-26 11:15:00,CNR9171639083,Driver Not Found,CID653251,Prime SUV,Kammanahalli,Malleshwaram,,,Not Applicable,Not Applicable,Not Applicable,Not Applicable,798,Not Applicable,0,,
2024-07-04 06:14:00,CNR2907827825,Canceled by Customer,CID464544,Prime Sedan,Basavanagudi,Devanahalli,,,AC is Not working,Not Applicable,Not Applicable,Not Applicable,2290,Not Applicable,0,,
2024-07-08 07:17:00,CNR1937450763,Success,CID477546,Auto,Basavanagudi,Yelahanka,203.0,75.0,Not Applicable,Not Applicable,No,Not Applicable,167,Cash,11,3.5,4.3
2024-07-19 03:38:00,CNR4504086281,Success,CID166460,eBike,Jayanagar,Chamarajpet,91.0,95.0,Not Applicable,Not Applicable,No,Not Applicable,733,Cash,2,3.2,4.9
2024-07-09 14:35:00,CNR4535110239,Success,CID918324,Prime Sedan,Rajajinagar,Bellandur,119.0,100.0,Not Applicable,Not Applicable,No,Not Applicable,202,UPI,21,3.8,4.6
2024-07-18 05:29:00,CNR4082207156,Success,CID467629,Auto,Yeshwanthpur,Hennur,42.0,110.0,Not Applicable,Not Applicable,No,Not Applicable,2028,Cash,14,3.6,5.0
2024-07-23 03:27:00,CNR9634954331,Success,CID815332,eBike,Peenya,Chickpet,56.0,65.0,Not Applicable,Not Applicable,No,Not Applicable,427,Cash,9,3.7,4.1
2024-07-20 00:10:00,CNR4757710408,Success,CID432334,Prime Plus,KR Puram,Richmond Town,266.0,140.0,Not Applicable,Not Applicable,Yes,Other Issue,256,Cash,22,4.9,4.4
2024-07-06 22:30:00,CNR8094861027,Success,CID122795,Mini,Yelahanka,Frazer Town,280.0,60.0,Not Applicable,Not Applicable,No,Not Applicable,282,Cash,4,3.6,3.5
2024-07-19 23:38:00,CNR3922762466,Success,CID892807,Auto,Yeshwanthpur,Sahakar Nagar,238.0,120.0,Not Applicable,Not Applicable,No,Not Applicable,333,UPI,10,3.8,3.7
2024-07-13 04:49:00,CNR7489801904,Success,CID306785,Prime Sedan,JP Nagar,Chickpet,84.0,55.0,Not Applicable,Not Applicable,No,Not Applicable,754,Cash,39,3.1,4.4
2024-07-20 11:43:00,CNR3422559973,Canceled by Driver,CID862059,Prime SUV,Langford Town,Bannerghatta Road,,,Not Applicable,Customer related issue,Not Applicable,Not Applicable,279,Not Applicable,0,,
2024-07-06 20:22:00,CNR6118236844,Success,CID927268,Prime Plus,Bannerghatta Road,MG Road,266.0,140.0,Not Applicable,Not Applicable,No,Not Applicable,278,Cash,8,4.3,3.0
2024-07-15 03:20:00,CNR1562653177,Success,CID463312,Bike,Sarjapur Road,RT Nagar,189.0,35.0,Not Applicable,Not Applicable,No,Not Applicable,248,UPI,5,3.5,3.6
2024-07-12 05:06:00,CNR1018301070,Success,CID113237,Prime Plus,Banashankari,Richmond Town,287.0,95.0,Not Applicable,Not Applicable,No,Not Applicable,484,UPI,19,3.2,4.6
2024-07-29 16:48:00,CNR5274139991,Driver Not Found,CID900174,Auto,MG Road,Mysore Road,,,Not Applicable,Not Applicable,Not Applicable,Not Applicable,419,Not Applicable,0,,
2024-07-06 21:50:00,CNR8259226333,Canceled by Customer,CID891975,Auto,Frazer Town,KR Puram,,,Driver is not moving towards pickup location,Not Applicable,Not Applicable,Not Applicable,2078,Not Applicable,0,,
2024-07-02 21:03:00,CNR2659080195,Success,CID709577,Auto,Ramamurthy Nagar,Majestic,189.0,50.0,Not Applicable,Not Applicable,No,Not Applicable,617,UPI,18,3.8,4.5
2024-07-11 15:16:00,CNR2945915910,Success,CID632922,eBike,Basavanagudi,Majestic,56.0,115.0,Not Applicable,Not Applicable,No,Not Applicable,399,UPI,41,3.4,4.3
2024-07-24 04:26:00,CNR9298087797,Canceled by Driver,CID356987,Bike,Padmanabhanagar,Yelahanka,,,Not Applicable,Customer related issue,Not Applicable,Not Applicable,427,Not Applicable,0,,
2024-07-24 21:14:00,CNR8242265937,Canceled by Customer,CID492521,Prime SUV,Hebbal,Richmond Town,,,Driver asked to cancel,Not Applicable,Not Applicable,Not Applicable,478,Not Applicable,0,,
2024-07-10 01:19:00,CNR5393237774,Success,CID868397,Auto,Indiranagar,Cox Town,98.0,125.0,Not Applicable,Not Applicable,Yes,Vehicle Breakdown,146,Cash,17,4.0,3.5
2024-07-26 09:30:00,CNR7103472616,Success,CID822611,Prime Plus,Yelahanka,JP Nagar,42.0,40.0,Not Applicable,Not Applicable,No,Not Applicable,449,UPI,40,4.6,4.6
2024-07-14 01:38:00,CNR5060073145,Canceled by Driver,CID701056,Bike,Vijayanagar,Malleshwaram,,,Not Applicable,Customer related issue,Not Applicable,Not Applicable,479,Not Applicable,0,,
2024-07-07 15:06:00,CNR2679239081,Success,CID768680,Prime SUV,Cox Town,Sarjapur Road,84.0,140.0,Not Applicable,Not Applicable,No,Not Applicable,151,Cash,23,4.8,3.3
2024-07-03 02:32:00,CNR9146565116,Success,CID298344,Mini,Rajajinagar,Rajarajeshwari Nagar,147.0,115.0,Not Applicable,Not Applicable,No,Not Applicable,452,UPI,6,3.9,3.9
2024-07-05 15:12:00,CNR1358292154,Success,CID473312,Prime SUV,Mysore Road,Hennur,140.0,85.0,Not Applicable,Not Applicable,No,Not Applicable,1588,UPI,48,3.8,3.3
2024-07-19 16:11:00,CNR8154666263,Success,CID559098,Bike,Kammanahalli,BTM Layout,77.0,70.0,Not Applicable,Not Applicable,No,Not Applicable,329,UPI,32,4.6,3.6
2024-07-19 09:37:00,CNR9424574234,Canceled by Customer,CID685217,Prime Plus,Hulimavu,Majestic,,,Driver asked to cancel,Not Applicable,Not Applicable,Not Applicable,801,Not Applicable,0,,
2024-07-10 05:44:00,CNR4458487475,Success,CID631995,Prime SUV,Yeshwanthpur,Banashankari,70.0,70.0,Not Applicable,Not Applicable,No,Not Applicable,1922,Cash,37,4.8,4.5
2024-07-03 18:29:00,CNR6762593008,Driver Not Found,CID915578,Prime Sedan,MG Road,Hosur Road,,,Not Applicable,Not Applicable,Not Applicable,Not Applicable,143,Not Applicable,0,,
2024-07-22 12:48:00,CNR7363997159,Canceled by Driver,CID748373,Bike,Sahakar Nagar,Electronic City,,,Not Applicable,More than permitted people in there,Not Applicable,Not Applicable,457,Not Applicable,0,,
2024-07-29 02:34:00,CNR5552723427,Success,CID385714,Auto,Yeshwanthpur,Whitefield,140.0,65.0,Not Applicable,Not Applicable,No,Not Applicable,171,Cash,18,3.5,4.0
2024-07-15 05:46:00,CNR9051624306,Success,CID877717,Mini,Frazer Town,Nagarbhavi,70.0,95.0,Not Applicable,Not Applicable,No,Not Applicable,483,Credit Card,44,4.0,4.9
2024-07-26 13:25:00,CNR5553221556,Driver Not Found,CID779071,Bike,Chickpet,Jayanagar,,,Not Applicable,Not Applicable,Not Applicable,Not Applicable,418,Not Applicable,0,,
2024-07-26 15:05:00,CNR4364096405,Canceled by Driver,CID334455,Auto,Basavanagudi,Indiranagar,,,Not Applicable,Customer was coughing/sick,Not Applicable,Not Applicable,439,Not Applicable,0,,
2024-07-23 03:47:00,CNR5234960388,Success,CID736457,eBike,Varthur,Shantinagar,245.0,55.0,Not Applicable,Not Applicable,No,Not Applicable,902,UPI,3,4.9,3.2
2024-07-15 04:34:00,CNR6712744645,Success,CID210208,Prime SUV,RT Nagar,Electronic City,203.0,40.0,Not Applicable,Not Applicable,Yes,Vehicle Breakdown,318,UPI,31,3.3,4.8
2024-07-22 19:22:00,CNR3387161202,Driver Not Found,CID186795,Prime Sedan,Langford Town,HSR Layout,,,Not Applicable,Not Applicable,Not Applicable,Not Applicable,115,Not Applicable,0,,
2024-07-05 00:41:00,CNR1122996317,Success,CID770532,eBike,Hosur Road,Vijayanagar,70.0,50.0,Not Applicable,Not Applicable,No,Not Applicable,145,Cash,8,4.1,3.9
2024-07-28 04:19:00,CNR1073653151,Canceled by Customer,CID480869,Prime Plus,Koramangala,Majestic,,,Driver is not moving towards pickup location,Not Applicable,Not Applicable,Not Applicable,225,Not Applicable,0,,
2024-07-05 05:38:00,CNR6239298615,Success,CID736370,Prime Sedan,Hennur,Ulsoor,63.0,85.0,Not Applicable,Not Applicable,No,Not Applicable,2029,Cash,44,4.3,3.5
2024-07-04 23:06:00,CNR1170501377,Success,CID469044,eBike,Tumkur Road,Bellandur,105.0,40.0,Not Applicable,Not Applicable,No,Not Applicable,244,UPI,49,3.1,3.5
2024-07-15 22:09:00,CNR7018387408,Canceled by Driver,CID506437,Auto,Vijayanagar,Vijayanagar,,,Not Applicable,Customer related issue,Not Applicable,Not Applicable,464,Not Applicable,0,,
2024-07-29 00:50:00,CNR9084934590,Success,CID429211,Bike,MG Road,Hennur,56.0,75.0,Not Applicable,Not Applicable,No,Not Applicable,973,Cash,9,3.0,3.1
2024-07-20 22:28:00,CNR4771506818,Success,CID770012,Bike,Jayanagar,Electronic City,77.0,135.0,Not Applicable,Not Applicable,No,Not Applicable,2961,Cash,34,3.4,4.7
2024-07-09 18:20:00,CNR3263014564,Canceled by Driver,CID596322,Bike,JP Nagar,Banashankari,,,Not Applicable,More than permitted people in there,Not Applicable,Not Applicable,312,Not Applicable,0,,
2024-07-29 19:54:00,CNR4281109355,Success,CID504192,Prime SUV,Kengeri,Varthur,63.0,145.0,Not Applicable,Not Applicable,No,Not Applicable,443,UPI,35,4.8,4.9
2024-07-20 17:03:00,CNR1597859054,Success,CID289242,Mini,Richmond Town,Kengeri,49.0,90.0,Not Applicable,Not Applicable,No,Not Applicable,428,UPI,35,3.9,4.6
2024-07-10 15:08:00,CNR9885686960,Canceled by Driver,CID358639,Prime SUV,Jayanagar,Devanahalli,,,Not Applicable,More than permitted people in there,Not Applicable,Not Applicable,146,Not Applicable,0,,
2024-07-30 17:05:00,CNR8985665922,Success,CID573386,eBike,Langford Town,Electronic City,98.0,140.0,Not Applicable,Not Applicable,No,Not Applicable,355,Cash,45,4.7,4.3
2024-07-06 05:34:00,CNR8514885557,Driver Not Found,CID537726,Auto,Shantinagar,Kadugodi,,,Not Applicable,Not Applicable,Not Applicable,Not Applicable,264,Not Applicable,0,,
2024-07-30 07:20:00,CNR3822899443,Success,CID269828,Auto,Chamarajpet,Tumkur Road,112.0,25.0,Not Applicable,Not Applicable,No,Not Applicable,402,Cash,13,4.3,4.4
2024-07-28 15:33:00,CNR6276712879,Success,CID755651,Bike,KR Puram,Yeshwanthpur,224.0,140.0,Not Applicable,Not Applicable,No,Not Applicable,1037,Cash,41,4.3,4.7
2024-07-10 23:24:00,CNR4570120969,Canceled by Driver,CID262215,Mini,Chickpet,Hulimavu,,,Not Applicable,Personal & Car related issue,Not Applicable,Not Applicable,888,Not Applicable,0,,
2024-07-18 13:12:00,CNR2582183539,Success,CID988672,Prime Sedan,Rajarajeshwari Nagar,HSR Layout,112.0,25.0,Not Applicable,Not Applicable,No,Not Applicable,143,Credit Card,39,4.6,4.5
2024-07-12 10:21:00,CNR8722877066,Success,CID495781,Bike,RT Nagar,Chamarajpet,182.0,65.0,Not Applicable,Not Applicable,No,Not Applicable,796,Credit Card,9,3.3,3.8
2024-07-18 19:06:00,CNR5740875652,Success,CID712050,Prime SUV,Kadugodi,Ulsoor,168.0,95.0,Not Applicable,Not Applicable,No,Not Applicable,314,Cash,20,4.1,4.4
2024-07-21 14:11:00,CNR7403296394,Canceled by Driver,CID249776,Prime Plus,Devanahalli,Kengeri,,,Not Applicable,Customer related issue,Not Applicable,Not Applicable,407,Not Applicable,0,,
2024-07-19 03:07:00,CNR1176428598,Success,CID940689,Prime Sedan,Indiranagar,Padmanabhanagar,259.0,130.0,Not Applicable,Not Applicable,No,Not Applicable,571,UPI,48,3.9,3.2
2024-07-09 10:56:00,CNR7673952936,Canceled by Customer,CID726976,Bike,Whitefield,Frazer Town,,,Driver asked to cancel,Not Applicable,Not Applicable,Not Applicable,341,Not Applicable,0,,
2024-07-30 23:25:00,CNR1295413051,Success,CID608783,Mini,Yelahanka,Shantinagar,154.0,50.0,Not Applicable,Not Applicable,No,Not Applicable,2640,Cash,22,4.3,4.8
2024-07-24 04:39:00,CNR3710176805,Success,CID905791,Prime SUV,Chickpet,Varthur,203.0,50.0,Not Applicable,Not Applicable,No,Not Applicable,243,Cash,30,4.1,3.3
2024-07-02 04:02:00,CNR4453900731,Success,CID355605,eBike,Ulsoor,Yelahanka,70.0,40.0,Not Applicable,Not Applicable,No,Not Applicable,133,Debit Card,16,3.1,4.4
2024-07-19 14:00:00,CNR3527085693,Driver Not Found,CID497831,Prime Sedan,MG Road,Whitefield,,,Not Applicable,Not Applicable,Not Applicable,Not Applicable,325,Not Applicable,0,,
2024-07-14 06:11:00,CNR9474580045,Canceled by Driver,CID963412,Mini,HSR Layout,Rajajinagar,,,Not Applicable,More than permitted people in there,Not Applicable,Not Applicable,603,Not Applicable,0,,
2024-07-04 01:10:00,CNR3879956876,Success,CID439919,eBike,Kengeri,Vijayanagar,196.0,115.0,Not Applicable,Not Applicable,No,Not Applicable,580,Cash,17,3.3,4.5
2024-07-03 00:14:00,CNR5221501715,Success,CID635386,Auto,Sahakar Nagar,Devanahalli,280.0,65.0,Not Applicable,Not Applicable,No,Not Applicable,146,UPI,8,3.6,3.5
2024-07-10 07:41:00,CNR6358155064,Success,CID595114,Mini,Malleshwaram,Hebbal,42.0,75.0,Not Applicable,Not Applicable,No,Not Applicable,666,UPI,45,4.4,4.9
2024-07-02 13:06:00,CNR7633447655,Success,CID483260,Prime SUV,BTM Layout,Tumkur Road,266.0,60.0,Not Applicable,Not Applicable,No,Not Applicable,337,Cash,22,3.5,3.2
2024-07-21 02:17:00,CNR4890847101,Success,CID688728,Mini,Rajajinagar,Ramamurthy Nagar,154.0,85.0,Not Applicable,Not Applicable,No,Not Applicable,187,Credit Card,5,4.8,3.7
2024-07-22 07:56:00,CNR6424141331,Canceled by Customer,CID976625,Prime Sedan,Basavanagudi,Padmanabhanagar,,,Change of plans,Not Applicable,Not Applicable,Not Applicable,462,Not Applicable,0,,
2024-07-14 06:09:00,CNR3393537906,Driver Not Found,CID739968,Prime Sedan,Hennur,Hulimavu,,,Not Applicable,Not Applicable,Not Applicable,Not Applicable,183,Not Applicable,0,,
2024-07-24 05:25:00,CNR2734908397,Success,CID754295,Bike,Bellandur,Mysore Road,259.0,140.0,Not Applicable,Not Applicable,Yes,Customer Demand,955,UPI,3,4.5,4.2
2024-07-19 00:12:00,CNR6950585627,Success,CID192446,Bike,Chamarajpet,Rajarajeshwari Nagar,119.0,30.0,Not Applicable,Not Applicable,No,Not Applicable,342,UPI,7,3.2,3.9
2024-07-29 23:58:00,CNR3904987941,Canceled by Driver,CID188537,Mini,Varthur,Chickpet,,,Not Applicable,Customer related issue,Not Applicable,Not Applicable,346,Not Applicable,0,,
2024-07-22 11:55:00,CNR6168333630,Canceled by Driver,CID943550,Prime Sedan,Kadugodi,BTM Layout,,,Not Applicable,Customer related issue,Not Applicable,Not Applicable,430,Not Applicable,0,,
2024-07-19 16:22:00,CNR6814861810,Success,CID414831,Prime Plus,BTM Layout,Marathahalli,70.0,70.0,Not Applicable,Not Applicable,No,Not Applicable,687,Cash,10,4.7,4.2
2024-07-09 06:57:00,CNR6256026923,Success,CID111416,Prime Sedan,Hosur Road,Majestic,77.0,40.0,Not Applicable,Not Applicable,No,Not Applicable,990,UPI,43,4.6,3.1
2024-07-07 21:59:00,CNR1193552197,Success,CID553423,Prime Plus,Hosur Road,Jayanagar,252.0,40.0,Not Applicable,Not Applicable,No,Not Applicable,275,UPI,9,4.9,4.4
2024-07-13 06:25:00,CNR8607547456,Success,CID266327,Auto,MG Road,Cox Town,266.0,95.0,Not Applicable,Not Applicable,No,Not Applicable,160,Cash,12,4.6,5.0
2024-07-18 19:36:00,CNR4751326041,Driver Not Found,CID406781,Prime Sedan,Bellandur,Richmond Town,,,Not Applicable,Not Applicable,Not Applicable,Not Applicable,853,Not Applicable,0,,
2024-07-22 19:47:00,CNR3555239806,Success,CID494752,Prime Sedan,Yeshwanthpur,Frazer Town,217.0,110.0,Not Applicable,Not Applicable,No,Not Applicable,710,Cash,19,4.1,3.8
2024-07-03 03:31:00,CNR8964149959,Success,CID149963,eBike,Bannerghatta Road,Basavanagudi,203.0,65.0,Not Applicable,Not Applicable,Yes,Vehicle Breakdown,467,UPI,29,3.7,4.3
2024-07-17 19:13:00,CNR1220965644,Success,CID427835,Prime Plus,Tumkur Road,Shivajinagar,273.0,140.0,Not Applicable,Not Applicable,No,Not Applicable,181,UPI,31,4.3,4.8
2024-07-24 03:50:00,CNR4263144587,Canceled by Driver,CID797094,Prime SUV,Majestic,Hennur,,,Not Applicable,Customer related issue,Not Applicable,Not Applicable,286,Not Applicable,0,,
2024-07-08 04:43:00,CNR3051424077,Canceled by Driver,CID397862,Mini,JP Nagar,Sahakar Nagar,,,Not Applicable,More than permitted people in there,Not Applicable,Not Applicable,469,Not Applicable,0,,
2024-07-15 04:37:00,CNR9591241186,Canceled by Customer,CID836108,Prime Sedan,Whitefield,Hosur Road,,,Driver asked to cancel,Not Applicable,Not Applicable,Not Applicable,348,Not Applicable,0,,
2024-07-12 22:00:00,CNR7352403512,Success,CID371943,Prime SUV,Sahakar Nagar,Jayanagar,189.0,90.0,Not Applicable,Not Applicable,No,Not Applicable,571,UPI,1,3.4,4.9
2024-07-07 23:01:00,CNR8210421988,Success,CID174689,Mini,Basavanagudi,Kammanahalli,259.0,35.0,Not Applicable,Not Applicable,No,Not Applicable,658,Cash,40,3.7,3.6
2024-07-26 16:06:00,CNR8790898485,Success,CID204317,Bike,Frazer Town,Basavanagudi,35.0,85.0,Not Applicable,Not Applicable,No,Not Applicable,181,Cash,39,3.8,4.4
2024-07-02 04:00:00,CNR7307436664,Success,CID738175,Prime Plus,Devanahalli,Malleshwaram,63.0,115.0,Not Applicable,Not Applicable,No,Not Applicable,191,Credit Card,44,3.6,3.9
2024-07-29 19:32:00,CNR2042864126,Success,CID327535,Prime SUV,Langford Town,Richmond Town,168.0,100.0,Not Applicable,Not Applicable,No,Not Applicable,717,Cash,7,3.9,4.5
2024-07-24 13:16:00,CNR7279094119,Canceled by Customer,CID911540,Prime Sedan,Yelahanka,Rajarajeshwari Nagar,,,Driver asked to cancel,Not Applicable,Not Applicable,Not Applicable,324,Not Applicable,0,,
2024-07-30 08:41:00,CNR5488017332,Success,CID842831,Mini,Richmond Town,Hennur,294.0,110.0,Not Applicable,Not Applicable,No,Not Applicable,401,Cash,44,3.5,3.2
2024-07-23 13:48:00,CNR4208617993,Canceled by Driver,CID142213,Prime Plus,Varthur,Kengeri,,,Not Applicable,Customer was coughing/sick,Not Applicable,Not Applicable,503,Not Applicable,0,,
2024-07-26 15:52:00,CNR3922844672,Success,CID927565,eBike,Bellandur,Whitefield,49.0,55.0,Not Applicable,Not Applicable,No,Not Applicable,151,Cash,17,4.7,3.6
2024-07-27 18:24:00,CNR6733571980,Success,CID645288,Prime SUV,MG Road,Padmanabhanagar,147.0,130.0,Not Applicable,Not Applicable,No,Not Applicable,742,UPI,46,3.9,4.6
2024-07-05 23:01:00,CNR1836848858,Success,CID701843,eBike,Kadugodi,Ulsoor,196.0,35.0,Not Applicable,Not Applicable,No,Not Applicable,191,Cash,49,3.6,4.9
2024-07-15 17:38:00,CNR5858843721,Success,CID696178,Prime SUV,Peenya,Marathahalli,224.0,105.0,Not Applicable,Not Applicable,Yes,Other Issue,206,UPI,18,3.5,4.4
2024-07-08 16:30:00,CNR1725370321,Success,CID451630,Prime Plus,Frazer Town,Ramamurthy Nagar,294.0,50.0,Not Applicable,Not Applicable,No,Not Applicable,169,UPI,46,5.0,4.7
2024-07-20 16:42:00,CNR6139968228,Success,CID999447,eBike,Hebbal,Peenya,126.0,75.0,Not Applicable,Not Applicable,No,Not Applicable,370,Cash,4,4.7,4.2
2024-07-02 01:17:00,CNR4301811794,Success,CID493837,eBike,HSR Layout,Rajajinagar,91.0,60.0,Not Applicable,Not Applicable,No,Not Applicable,886,Cash,22,3.9,4.1
2024-07-05 04:22:00,CNR8580700680,Success,CID433954,eBike,Hebbal,Bannerghatta Road,84.0,100.0,Not Applicable,Not Applicable,No,Not Applicable,313,UPI,3,4.2,3.8
2024-07-24 03:17:00,CNR5133909649,Success,CID547685,Prime SUV,Chamarajpet,Hosur Road,231.0,55.0,Not Applicable,Not Applicable,No,Not Applicable,580,UPI,37,4.0,3.1
2024-07-25 18:11:00,CNR2449133127,Canceled by Driver,CID657638,Mini,Sarjapur Road,Kammanahalli,,,Not Applicable,Personal & Car related issue,Not Applicable,Not Applicable,146,Not Applicable,0,,
2024-07-15 22:50:00,CNR4136457806,Canceled by Driver,CID973318,eBike,Whitefield,Tumkur Road,,,Not Applicable,More than permitted people in there,Not Applicable,Not Applicable,475,Not Applicable,0,,
2024-07-02 14:25:00,CNR3485860515,Canceled by Customer,CID425506,Bike,Sahakar Nagar,Hosur Road,,,Driver is not moving towards pickup location,Not Applicable,Not Applicable,Not Applicable,102,Not Applicable,0,,
2024-07-12 19:38:00,CNR8863602414,Canceled by Driver,CID779785,Auto,Kengeri,Bannerghatta Road,,,Not Applicable,Personal & Car related issue,Not Applicable,Not Applicable,369,Not Applicable,0,,
2024-07-07 22:26:00,CNR4842179571,Success,CID792793,Prime SUV,Magadi Road,Vijayanagar,119.0,55.0,Not Applicable,Not Applicable,No,Not Applicable,1152,UPI,15,4.8,3.1
2024-07-13 15:39:00,CNR3486468280,Success,CID418217,Auto,Rajarajeshwari Nagar,Hosur Road,56.0,40.0,Not Applicable,Not Applicable,No,Not Applicable,342,UPI,10,4.8,3.0
2024-07-05 12:13:00,CNR5232606962,Canceled by Driver,CID727994,Auto,Banashankari,Yeshwanthpur,,,Not Applicable,More than permitted people in there,Not Applicable,Not Applicable,885,Not Applicable,0,,
2024-07-09 17:25:00,CNR8004375305,Canceled by Customer,CID194133,Prime SUV,Basavanagudi,Richmond Town,,,Driver is not moving towards pickup location,Not Applicable,Not Applicable,Not Applicable,429,Not Applicable,0,,
2024-07-13 11:22:00,CNR9536888514,Canceled by Customer,CID605415,Prime Sedan,Magadi Road,Rajajinagar,,,AC is Not working,Not Applicable,Not Applicable,Not Applicable,159,Not Applicable,0,,
2024-07-06 21:08:00,CNR8874637633,Success,CID805105,Prime SUV,Shantinagar,Sahakar Nagar,308.0,120.0,Not Applicable,Not Applicable,No,Not Applicable,338,Cash,26,4.3,3.9
2024-07-06 21:03:00,CNR9297079120,Success,CID305096,Auto,Whitefield,Chickpet,154.0,95.0,Not Applicable,Not Applicable,No,Not Applicable,363,Cash,8,3.3,3.3
2024-07-24 08:39:00,CNR3647045716,Canceled by Driver,CID634125,Prime Plus,Varthur,Devanahalli,,,Not Applicable,Customer was coughing/sick,Not Applicable,Not Applicable,218,Not Applicable,0,,
2024-07-06 21:04:00,CNR5779743160,Canceled by Customer,CID397838,Prime Sedan,Rajarajeshwari Nagar,Kengeri,,,Driver is not moving towards pickup location,Not Applicable,Not Applicable,Not Applicable,2813,Not Applicable,0,,
2024-07-20 00:45:00,CNR2589063379,Success,CID917906,Mini,JP Nagar,Bannerghatta Road,154.0,135.0,Not Applicable,Not Applicable,No,Not Applicable,949,UPI,19,3.2,4.6
2024-07-06 04:24:00,CNR2441075374,Canceled by Driver,CID567218,Prime Sedan,Majestic,Indiranagar,,,Not Applicable,Personal & Car related issue,Not Applicable,Not Applicable,197,Not Applicable,0,,
2024-07-03 00:08:00,CNR6796111831,Success,CID458254,eBike,Tumkur Road,Ramamurthy Nagar,294.0,55.0,Not Applicable,Not Applicable,No,Not Applicable,461,Cash,8,4.7,4.3
2024-07-17 10:01:00,CNR4931015315,Driver Not Found,CID196590,Mini,Hosur Road,Varthur,,,Not Applicable,Not Applicable,Not Applicable,Not Applicable,247,Not Applicable,0,,
2024-07-26 18:09:00,CNR7992204828,Success,CID528681,Mini,Magadi Road,Peenya,77.0,85.0,Not Applicable,Not Applicable,No,Not Applicable,254,Cash,39,3.3,3.2
2024-07-05 20:54:00,CNR7829505241,Canceled by Driver,CID795637,Prime Plus,Hulimavu,Shivajinagar,,,Not Applicable,Customer was coughing/sick,Not Applicable,Not Applicable,788,Not Applicable,0,,
2024-07-20 21:09:00,CNR7832968803,Success,CID242142,Prime Plus,RT Nagar,RT Nagar,189.0,60.0,Not Applicable,Not Applicable,No,Not Applicable,417,UPI,3,4.0,3.1
2024-07-02 17:03:00,CNR4353657554,Success,CID811398,Bike,Kengeri,Peenya,308.0,30.0,Not Applicable,Not Applicable,No,Not Applicable,172,Cash,41,3.1,4.7
2024-07-15 09:41:00,CNR4519861330,Driver Not Found,CID577667,Prime Sedan,Ramamurthy Nagar,Yeshwanthpur,,,Not Applicable,Not Applicable,Not Applicable,Not Applicable,1972,Not Applicable,0,,
2024-07-20 23:36:00,CNR7572421656,Canceled by Customer,CID849168,Prime SUV,Whitefield,Koramangala,,,Change of plans,Not Applicable,Not Applicable,Not Applicable,279,Not Applicable,0,,
2024-07-04 20:24:00,CNR5120199500,Success,CID386322,Prime Plus,Basavanagudi,Kammanahalli,224.0,50.0,Not Applicable,Not Applicable,No,Not Applicable,190,Cash,15,4.5,4.5
2024-07-18 20:55:00,CNR7519739440,Success,CID769147,Prime Sedan,JP Nagar,Shivajinagar,154.0,75.0,Not Applicable,Not Applicable,No,Not Applicable,170,Cash,33,3.1,4.1
2024-07-15 04:32:00,CNR2240173951,Success,CID253882,Auto,Vijayanagar,Nagarbhavi,301.0,70.0,Not Applicable,Not Applicable,No,Not Applicable,266,Cash,19,3.8,4.5
2024-07-12 01:08:00,CNR7431170713,Driver Not Found,CID350532,Auto,Cox Town,Kengeri,,,Not Applicable,Not Applicable,Not Applicable,Not Applicable,444,Not Applicable,0,,
2024-07-12 14:28:00,CNR7636301366,Success,CID131902,Prime Plus,Koramangala,Sahakar Nagar,175.0,120.0,Not Applicable,Not Applicable,No,Not Applicable,384,Cash,43,3.3,3.9
2024-07-02 21:41:00,CNR9356477642,Success,CID669683,eBike,Padmanabhanagar,Kammanahalli,231.0,105.0,Not Applicable,Not Applicable,No,Not Applicable,423,Cash,18,4.9,3.1
2024-07-08 01:53:00,CNR9016840358,Canceled by Driver,CID965933,Prime SUV,Frazer Town,HSR Layout,,,Not Applicable,Customer was coughing/sick,Not Applicable,Not Applicable,255,Not Applicable,0,,
2024-07-13 07:03:00,CNR8603462248,Canceled by Driver,CID363276,Prime SUV,Kadugodi,Banashankari,,,Not Applicable,Personal & Car related issue,Not Applicable,Not Applicable,361,Not Applicable,0,,
2024-07-11 22:22:00,CNR6537855617,Canceled by Driver,CID294598,Prime Sedan,Ulsoor,Ulsoor,,,Not Applicable,Personal & Car related issue,Not Applicable,Not Applicable,644,Not Applicable,0,,
2024-07-10 21:14:00,CNR2119438595,Canceled by Customer,CID894167,Auto,HSR Layout,Jayanagar,,,Driver is not moving towards pickup location,Not Applicable,Not Applicable,Not Applicable,207,Not Applicable,0,,
2024-07-04 23:49:00,CNR3321724150,Success,CID724426,Mini,Sarjapur Road,Vijayanagar,224.0,75.0,Not Applicable,Not Applicable,No,Not Applicable,483,Cash,10,4.0,3.9
2024-07-09 17:32:00,CNR8203268595,Success,CID807833,Prime Sedan,Hebbal,Shantinagar,224.0,120.0,Not Applicable,Not Applicable,No,Not Applicable,433,UPI,28,3.5,3.2
2024-07-18 23:49:00,CNR2744133354,Driver Not Found,CID783576,Mini,Langford Town,Yelahanka,,,Not Applicable,Not Applicable,Not Applicable,Not Applicable,1158,Not Applicable,0,,
2024-07-15 20:44:00,CNR5943103888,Canceled by Customer,CID721176,Bike,Varthur,Shantinagar,,,Driver asked to cancel,Not Applicable,Not Applicable,Not Applicable,209,Not Applicable,0,,
2024-07-28 06:25:00,CNR4819710918,Success,CID734609,eBike,Hosur Road,Richmond Town,294.0,140.0,Not Applicable,Not Applicable,No,Not Applicable,225,Cash,2,3.4,3.1
2024-07-12 20:41:00,CNR7053295809,Success,CID887891,Mini,Majestic,Padmanabhanagar,210.0,145.0,Not Applicable,Not Applicable,No,Not Applicable,209,Cash,42,4.9,4.5
2024-07-04 01:58:00,CNR3991160472,Success,CID549526,Auto,Richmond Town,Rajajinagar,196.0,145.0,Not Applicable,Not Applicable,No,Not Applicable,432,Cash,8,4.9,3.9
2024-07-24 14:42:00,CNR2973110609,Success,CID330012,Bike,Ramamurthy Nagar,Ulsoor,161.0,50.0,Not Applicable,Not Applicable,No,Not Applicable,567,Cash,8,3.9,4.9
2024-07-06 19:43:00,CNR4380198090,Success,CID920777,Prime Plus,Jayanagar,Chamarajpet,77.0,65.0,Not Applicable,Not Applicable,No,Not Applicable,162,Cash,33,3.4,4.2
2024-07-30 10:35:00,CNR2501386598,Canceled by Driver,CID177699,Prime Plus,Banashankari,Koramangala,,,Not Applicable,Customer related issue,Not Applicable,Not Applicable,472,Not Applicable,0,,
2024-07-23 14:59:00,CNR4432424329,Success,CID802700,Prime Plus,Whitefield,Peenya,217.0,90.0,Not Applicable,Not Applicable,No,Not Applicable,218,Cash,37,3.8,4.0
2024-07-19 08:34:00,CNR8104316664,Success,CID963916,eBike,Rajarajeshwari Nagar,Rajarajeshwari Nagar,42.0,40.0,Not Applicable,Not Applicable,No,Not Applicable,169,UPI,18,4.2,4.1
2024-07-19 13:09:00,CNR4801032328,Driver Not Found,CID782795,Mini,Hulimavu,Sarjapur Road,,,Not Applicable,Not Applicable,Not Applicable,Not Applicable,372,Not Applicable,0,,
2024-07-27 16:44:00,CNR9091737648,Driver Not Found,CID307945,eBike,Bellandur,Banashankari,,,Not Applicable,Not Applicable,Not Applicable,Not Applicable,301,Not Applicable,0,,
2024-07-05 09:08:00,CNR6290168871,Success,CID783673,eBike,Kengeri,JP Nagar,217.0,55.0,Not Applicable,Not Applicable,Yes,Other Issue,845,UPI,24,5.0,4.4
2024-07-21 06:30:00,CNR2691802903,Canceled by Customer,CID592171,Auto,Indiranagar,Sahakar Nagar,,,Change of plans,Not Applicable,Not Applicable,Not Applicable,340,Not Applicable,0,,
2024-07-23 07:08:00,CNR9821713207,Driver Not Found,CID773289,Prime SUV,Peenya,Devanahalli,,,Not Applicable,Not Applicable,Not Applicable,Not Applicable,448,Not Applicable,0,,
2024-07-04 21:55:00,CNR4914717757,Success,CID898982,Auto,Hennur,Tumkur Road,301.0,140.0,Not Applicable,Not Applicable,No,Not Applicable,269,Cash,5,3.9,3.3
2024-07-03 07:23:00,CNR5218683430,Success,CID145550,Prime SUV,Sahakar Nagar,RT Nagar,273.0,115.0,Not Applicable,Not Applicable,No,Not Applicable,312,UPI,37,4.5,4.4
2024-07-20 04:57:00,CNR6709231773,Driver Not Found,CID542565,Mini,Sarjapur Road,Indiranagar,,,Not Applicable,Not Applicable,Not Applicable,Not Applicable,218,Not Applicable,0,,
2024-07-19 09:57:00,CNR9617930330,Canceled by Driver,CID288594,Prime Plus,Hebbal,RT Nagar,,,Not Applicable,Customer was coughing/sick,Not Applicable,Not Applicable,581,Not Applicable,0,,
2024-07-30 22:31:00,CNR8954926031,Canceled by Driver,CID357238,Prime SUV,BTM Layout,Bellandur,,,Not Applicable,Personal & Car related issue,Not Applicable,Not Applicable,145,Not Applicable,0,,
2024-07-16 20:45:00,CNR4821806437,Success,CID739610,Prime Sedan,Richmond Town,Ulsoor,42.0,105.0,Not Applicable,Not Applicable,No,Not Applicable,738,Cash,1,4.8,4.1
2024-07-19 16:17:00,CNR2764075880,Canceled by Driver,CID293243,Prime SUV,Basavanagudi,Kadugodi,,,Not Applicable,Personal & Car related issue,Not Applicable,Not Applicable,283,Not Applicable,0,,
2024-07-07 17:31:00,CNR1901298383,Canceled by Driver,CID614293,Prime Plus,Rajarajeshwari Nagar,Yelahanka,,,Not Applicable,Customer related issue,Not Applicable,Not Applicable,2805,Not Applicable,0,,
2024-07-29 12:57:00,CNR6737791620,Success,CID813052,Prime SUV,Mysore Road,Basavanagudi,84.0,115.0,Not Applicable,Not Applicable,No,Not Applicable,465,Cash,31,4.3,4.0
2024-07-26 18:42:00,CNR7898565366,Canceled by Driver,CID409023,Prime SUV,Mysore Road,Shivajinagar,,,Not Applicable,Customer related issue,Not Applicable,Not Applicable,110,Not Applicable,0,,
2024-07-13 07:18:00,CNR6285835618,Canceled by Driver,CID482482,Prime Plus,Sahakar Nagar,Koramangala,,,Not Applicable,More than permitted people in there,Not Applicable,Not Applicable,409,Not Applicable,0,,
2024-07-20 16:32:00,CNR3091231038,Canceled by Driver,CID293896,Bike,Hennur,Bellandur,,,Not Applicable,Customer related issue,Not Applicable,Not Applicable,432,Not Applicable,0,,
2024-07-18 13:13:00,CNR8324584020,Success,CID625152,Prime SUV,Koramangala,Basavanagudi,105.0,110.0,Not Applicable,Not Applicable,No,Not Applicable,102,UPI,8,4.1,4.2
2024-07-18 02:55:00,CNR3772652330,Success,CID925883,Auto,Richmond Town,Yelahanka,119.0,60.0,Not Applicable,Not Applicable,No,Not Applicable,485,UPI,4,4.4,4.4
2024-07-17 19:42:00,CNR9922305923,Success,CID278611,Prime Plus,Basavanagudi,Whitefield,133.0,50.0,Not Applicable,Not Applicable,No,Not Applicable,174,UPI,5,3.3,4.6
2024-07-17 16:57:00,CNR4540874986,Success,CID952763,Mini,Malleshwaram,Richmond Town,294.0,135.0,Not Applicable,Not Applicable,No,Not Applicable,518,UPI,28,4.0,4.8
2024-07-20 09:15:00,CNR8301292795,Driver Not Found,CID392186,Prime Plus,KR Puram,Nagarbhavi,,,Not Applicable,Not Applicable,Not Applicable,Not Applicable,718,Not Applicable,0,,
2024-07-11 01:31:00,CNR1523421849,Driver Not Found,CID471458,Prime Sedan,Hennur,Malleshwaram,,,Not Applicable,Not Applicable,Not Applicable,Not Applicable,480,Not Applicable,0,,
2024-07-16 13:05:00,CNR1379582397,Success,CID576910,Bike,Padmanabhanagar,RT Nagar,161.0,115.0,Not Applicable,Not Applicable,No,Not Applicable,328,Cash,21,3.5,3.4
2024-07-26 12:05:00,CNR6277531110,Success,CID764824,Prime SUV,Ulsoor,Shivajinagar,126.0,30.0,Not Applicable,Not Applicable,No,Not Applicable,466,UPI,44,4.2,4.8
2024-07-30 12:01:00,CNR1621480313,Success,CID855035,Prime Plus,Yeshwanthpur,Hebbal,49.0,55.0,Not Applicable,Not Applicable,No,Not Applicable,209,UPI,19,3.7,3.3
2024-07-17 19:47:00,CNR6959261094,Success,CID606493,Prime SUV,RT Nagar,Yeshwanthpur,280.0,40.0,Not Applicable,Not Applicable,No,Not Applicable,985,UPI,20,4.2,3.8
2024-07-03 03:20:00,CNR1424809668,Canceled by Customer,CID226955,Auto,Basavanagudi,Yelahanka,,,Driver is not moving towards pickup location,Not Applicable,Not Applicable,Not Applicable,299,Not Applicable,0,,
2024-07-14 10:52:00,CNR6792700624,Driver Not Found,CID322067,Prime Sedan,Varthur,Bellandur,,,Not Applicable,Not Applicable,Not Applicable,Not Applicable,154,Not Applicable,0,,
2024-07-30 08:02:00,CNR1809133688,Canceled by Driver,CID170084,Prime Sedan,JP Nagar,Langford Town,,,Not Applicable,Customer related issue,Not Applicable,Not Applicable,273,Not Applicable,0,,
2024-07-25 09:26:00,CNR8659000067,Driver Not Found,CID242869,Bike,Sarjapur Road,Tumkur Road,,,Not Applicable,Not Applicable,Not Applicable,Not Applicable,281,Not Applicable,0,,
2024-07-24 15:57:00,CNR5519614244,Canceled by Customer,CID252579,Prime Plus,Rajajinagar,Langford Town,,,AC is Not working,Not Applicable,Not Applicable,Not Applicable,354,Not Applicable,0,,
2024-07-03 03:53:00,CNR9977816089,Driver Not Found,CID527621,Prime SUV,Majestic,Mysore Road,,,Not Applicable,Not Applicable,Not Applicable,Not Applicable,346,Not Applicable,0,,
2024-07-13 13:57:00,CNR4630274626,Driver Not Found,CID960527,Mini,Electronic City,Yelahanka,,,Not Applicable,Not Applicable,Not Applicable,Not Applicable,241,Not Applicable,0,,
2024-07-02 10:57:00,CNR8233331106,Success,CID888116,Mini,Kengeri,Yelahanka,98.0,90.0,Not Applicable,Not Applicable,No,Not Applicable,937,UPI,15,4.1,3.0
2024-07-08 15:42:00,CNR1955106777,Canceled by Driver,CID895431,Prime Plus,KR Puram,Majestic,,,Not Applicable,Customer was coughing/sick,Not Applicable,Not Applicable,113,Not Applicable,0,,
2024-07-26 05:51:00,CNR7566430655,Driver Not Found,CID310402,Bike,Banashankari,RT Nagar,,,Not Applicable,Not Applicable,Not Applicable,Not Applicable,403,Not Applicable,0,,
2024-07-09 08:54:00,CNR3369436414,Success,CID962821,Bike,Tumkur Road,Shantinagar,84.0,35.0,Not Applicable,Not Applicable,No,Not Applicable,1423,Cash,19,3.9,4.2
2024-07-14 11:20:00,CNR3362583324,Success,CID139056,Prime Sedan,Ramamurthy Nagar,Electronic City,196.0,40.0,Not Applicable,Not Applicable,No,Not Applicable,168,Cash,3,4.7,4.6
2024-07-20 08:31:00,CNR8414590537,Canceled by Driver,CID320395,Mini,JP Nagar,Kammanahalli,,,Not Applicable,Personal & Car related issue,Not Applicable,Not Applicable,434,Not Applicable,0,,
2024-07-05 19:46:00,CNR5631625388,Success,CID351412,Mini,Rajajinagar,Ramamurthy Nagar,70.0,125.0,Not Applicable,Not Applicable,No,Not Applicable,283,Cash,25,4.9,4.9
2024-07-23 15:03:00,CNR5697731541,Success,CID907356,Prime Sedan,Mysore Road,Ulsoor,56.0,75.0,Not Applicable,Not Applicable,No,Not Applicable,174,Cash,12,3.9,4.6
2024-07-15 18:09:00,CNR5064592453,Success,CID740403,Auto,Richmond Town,Mysore Road,231.0,35.0,Not Applicable,Not Applicable,No,Not Applicable,442,Cash,19,3.5,4.6
2024-07-19 20:35:00,CNR4946470108,Success,CID269796,Auto,MG Road,Rajarajeshwari Nagar,147.0,60.0,Not Applicable,Not Applicable,No,Not Applicable,346,UPI,18,3.9,4.1
2024-07-15 10:09:00,CNR7343865476,Success,CID843149,Prime Plus,Nagarbhavi,Tumkur Road,133.0,60.0,Not Applicable,Not Applicable,No,Not Applicable,2417,UPI,37,3.7,4.6
2024-07-28 00:14:00,CNR2212242326,Canceled by Customer,CID576005,Prime Plus,Malleshwaram,Yelahanka,,,Driver is not moving towards pickup location,Not Applicable,Not Applicable,Not Applicable,299,Not Applicable,0,,
2024-07-30 04:44:00,CNR3101151997,Success,CID868642,Bike,Chamarajpet,Bellandur,217.0,120.0,Not Applicable,Not Applicable,No,Not Applicable,186,UPI,34,3.7,4.5
2024-07-13 00:10:00,CNR7742589314,Success,CID495887,Prime SUV,Nagarbhavi,KR Puram,161.0,60.0,Not Applicable,Not Applicable,No,Not Applicable,374,UPI,49,4.3,3.3
2024-07-17 20:30:00,CNR3421592083,Success,CID726538,eBike,Jayanagar,Whitefield,210.0,100.0,Not Applicable,Not Applicable,No,Not Applicable,578,UPI,35,3.7,4.5
2024-07-07 05:10:00,CNR6959121832,Canceled by Driver,CID521267,eBike,Nagarbhavi,Hennur,,,Not Applicable,Personal & Car related issue,Not Applicable,Not Applicable,282,Not Applicable,0,,
2024-07-24 21:33:00,CNR3428233853,Success,CID775129,Bike,Kammanahalli,KR Puram,224.0,45.0,Not Applicable,Not Applicable,No,Not Applicable,465,Cash,37,4.7,3.4
2024-07-26 23:15:00,CNR9283519599,Success,CID537792,Bike,Mysore Road,BTM Layout,231.0,100.0,Not Applicable,Not Applicable,No,Not Applicable,339,UPI,7,4.4,3.7
2024-07-26 16:54:00,CNR8186540438,Driver Not Found,CID315708,Prime SUV,RT Nagar,Bannerghatta Road,,,Not Applicable,Not Applicable,Not Applicable,Not Applicable,338,Not Applicable,0,,
2024-07-04 05:25:00,CNR7662670155,Canceled by Driver,CID173225,Prime Sedan,Kadugodi,Richmond Town,,,Not Applicable,Customer was coughing/sick,Not Applicable,Not Applicable,483,Not Applicable,0,,
2024-07-17 08:23:00,CNR3270029175,Canceled by Driver,CID266553,eBike,Kammanahalli,Sahakar Nagar,,,Not Applicable,Customer related issue,Not Applicable,Not Applicable,257,Not Applicable,0,,
2024-07-30 00:50:00,CNR9449064877,Driver Not Found,CID284319,Prime Plus,Electronic City,Varthur,,,Not Applicable,Not Applicable,Not Applicable,Not Applicable,956,Not Applicable,0,,
2024-07-10 02:54:00,CNR3479128238,Canceled by Driver,CID549932,Auto,Hennur,Devanahalli,,,Not Applicable,Personal & Car related issue,Not Applicable,Not Applicable,2920,Not Applicable,0,,
2024-07-14 06:49:00,CNR5789176472,Success,CID725078,Auto,Kadugodi,Kammanahalli,252.0,105.0,Not Applicable,Not Applicable,No,Not Applicable,2318,UPI,17,3.6,3.3
2024-07-12 16:29:00,CNR5361784898,Canceled by Customer,CID501387,Prime Plus,Vijayanagar,Yelahanka,,,Driver is not moving towards pickup location,Not Applicable,Not Applicable,Not Applicable,856,Not Applicable,0,,
2024-07-24 14:47:00,CNR3040904815,Success,CID356071,Prime SUV,Chamarajpet,Nagarbhavi,91.0,75.0,Not Applicable,Not Applicable,No,Not Applicable,708,Cash,41,4.3,3.4
2024-07-21 19:56:00,CNR4407763042,Success,CID836856,Prime Sedan,Koramangala,Hosur Road,203.0,125.0,Not Applicable,Not Applicable,No,Not Applicable,293,UPI,11,3.4,3.3
2024-07-25 08:33:00,CNR2400369923,Success,CID300646,Prime Sedan,Langford Town,Shivajinagar,294.0,55.0,Not Applicable,Not Applicable,No,Not Applicable,371,Cash,15,3.7,4.0
2024-07-18 23:14:00,CNR9754119420,Success,CID226162,Mini,Electronic City,Yeshwanthpur,182.0,125.0,Not Applicable,Not Applicable,No,Not Applicable,412,Cash,30,4.5,4.5
2024-07-07 11:52:00,CNR8584642274,Success,CID853046,Bike,Ramamurthy Nagar,Chickpet,84.0,135.0,Not Applicable,Not Applicable,No,Not Applicable,169,Cash,15,3.2,5.0
2024-07-27 20:57:00,CNR5606536812,Success,CID473147,Prime Plus,Devanahalli,Chamarajpet,91.0,55.0,Not Applicable,Not Applicable,No,Not Applicable,821,Cash,47,3.4,4.4
2024-07-05 14:41:00,CNR7147203302,Canceled by Customer,CID663777,Mini,Marathahalli,Shivajinagar,,,Driver asked to cancel,Not Applicable,Not Applicable,Not Applicable,301,Not Applicable,0,,
2024-07-16 01:21:00,CNR9896056637,Driver Not Found,CID914073,Mini,Hulimavu,MG Road,,,Not Applicable,Not Applicable,Not Applicable,Not Applicable,262,Not Applicable,0,,
2024-07-24 23:13:00,CNR4233028898,Success,CID157586,Mini,Chamarajpet,Majestic,98.0,140.0,Not Applicable,Not Applicable,No,Not Applicable,2424,Debit Card,39,3.3,3.5
2024-07-23 23:22:00,CNR3182250436,Canceled by Driver,CID587233,Prime SUV,Hulimavu,Mysore Road,,,Not Applicable,More than permitted people in there,Not Applicable,Not Applicable,364,Not Applicable,0,,
2024-07-09 18:47:00,CNR7444298096,Driver Not Found,CID361049,Prime SUV,BTM Layout,Varthur,,,Not Applicable,Not Applicable,Not Applicable,Not Applicable,499,Not Applicable,0,,
2024-07-23 18:45:00,CNR1886012649,Success,CID426809,Bike,Shivajinagar,Ulsoor,196.0,110.0,Not Applicable,Not Applicable,No,Not Applicable,377,Credit Card,19,3.0,3.7
2024-07-13 16:32:00,CNR7465269259,Success,CID200664,Auto,Sarjapur Road,Padmanabhanagar,308.0,35.0,Not Applicable,Not Applicable,No,Not Applicable,256,Cash,5,4.5,4.2
2024-07-23 09:29:00,CNR8947117548,Canceled by Customer,CID560971,eBike,Bannerghatta Road,Marathahalli,,,Driver is not moving towards pickup location,Not Applicable,Not Applicable,Not Applicable,154,Not Applicable,0,,
2024-07-22 12:16:00,CNR6941105419,Canceled by Driver,CID405526,Prime SUV,Majestic,Yeshwanthpur,,,Not Applicable,Customer was coughing/sick,Not Applicable,Not Applicable,527,Not Applicable,0,,
2024-07-10 04:22:00,CNR4392026260,Success,CID540640,Prime SUV,MG Road,BTM Layout,56.0,120.0,Not Applicable,Not Applicable,No,Not Applicable,340,UPI,23,4.6,4.3
2024-07-16 18:31:00,CNR3743282483,Success,CID640468,eBike,Langford Town,Electronic City,84.0,105.0,Not Applicable,Not Applicable,No,Not Applicable,348,Cash,29,4.8,4.6
2024-07-02 00:59:00,CNR4125032107,Canceled by Driver,CID919898,Prime Sedan,Vijayanagar,RT Nagar,,,Not Applicable,Customer related issue,Not Applicable,Not Applicable,202,Not Applicable,0,,
2024-07-17 15:26:00,CNR4663906600,Driver Not Found,CID907596,Bike,Rajajinagar,Sarjapur Road,,,Not Applicable,Not Applicable,Not Applicable,Not Applicable,2929,Not Applicable,0,,
2024-07-13 13:09:00,CNR4280829686,Driver Not Found,CID596303,Prime Sedan,Rajarajeshwari Nagar,Malleshwaram,,,Not Applicable,Not Applicable,Not Applicable,Not Applicable,291,Not Applicable,0,,
2024-07-04 16:13:00,CNR8508245965,Success,CID405877,Bike,Yeshwanthpur,Jayanagar,77.0,145.0,Not Applicable,Not Applicable,No,Not Applicable,495,UPI,43,3.3,3.6
2024-07-22 05:16:00,CNR6616713876,Canceled by Customer,CID396298,Prime SUV,Shivajinagar,Yelahanka,,,Driver asked to cancel,Not Applicable,Not Applicable,Not Applicable,409,Not Applicable,0,,
2024-07-09 18:36:00,CNR9675027664,Canceled by Driver,CID276010,Mini,Shantinagar,Peenya,,,Not Applicable,More than permitted people in there,Not Applicable,Not Applicable,975,Not Applicable,0,,
2024-07-17 05:02:00,CNR5609907594,Driver Not Found,CID273147,Bike,Frazer Town,Richmond Town,,,Not Applicable,Not Applicable,Not Applicable,Not Applicable,124,Not Applicable,0,,
2024-07-03 18:30:00,CNR1844228614,Canceled by Customer,CID873960,Auto,Rajajinagar,Hennur,,,Driver asked to cancel,Not Applicable,Not Applicable,Not Applicable,418,Not Applicable,0,,
2024-07-21 08:44:00,CNR6922947470,Success,CID225210,Mini,Chickpet,Hebbal,252.0,75.0,Not Applicable,Not Applicable,No,Not Applicable,275,Cash,39,5.0,4.9
2024-07-10 00:55:00,CNR4110138248,Success,CID724774,Bike,Chamarajpet,Ramamurthy Nagar,245.0,30.0,Not Applicable,Not Applicable,No,Not Applicable,260,UPI,24,3.6,4.9
2024-07-18 11:06:00,CNR1104523843,Success,CID795170,eBike,Langford Town,Majestic,224.0,135.0,Not Applicable,Not Applicable,No,Not Applicable,401,Cash,37,4.4,3.9
2024-07-24 19:17:00,CNR7526719338,Success,CID425346,Bike,Indiranagar,Shantinagar,203.0,125.0,Not Applicable,Not Applicable,No,Not Applicable,380,Cash,11,4.3,4.3
2024-07-11 14:31:00,CNR7912014049,Success,CID775661,eBike,Majestic,Hosur Road,70.0,75.0,Not Applicable,Not Applicable,No,Not Applicable,463,UPI,11,3.7,4.7
2024-07-16 04:47:00,CNR3429569716,Canceled by Driver,CID521725,Prime Plus,RT Nagar,Hennur,,,Not Applicable,Customer related issue,Not Applicable,Not Applicable,748,Not Applicable,0,,
2024-07-18 13:11:00,CNR6342602064,Success,CID874989,Prime SUV,JP Nagar,Jayanagar,224.0,40.0,Not Applicable,Not Applicable,No,Not Applicable,2013,UPI,46,3.2,3.9
2024-07-27 17:01:00,CNR5621264063,Success,CID532465,Bike,Padmanabhanagar,Shivajinagar,105.0,65.0,Not Applicable,Not Applicable,No,Not Applicable,399,Debit Card,17,4.2,3.0
2024-07-10 01:53:00,CNR4874339038,Success,CID653716,Bike,Padmanabhanagar,Sarjapur Road,280.0,35.0,Not Applicable,Not Applicable,No,Not Applicable,565,Cash,8,3.1,3.8
2024-07-09 23:34:00,CNR4961081881,Canceled by Driver,CID809398,Auto,Magadi Road,Ulsoor,,,Not Applicable,More than permitted people in there,Not Applicable,Not Applicable,1173,Not Applicable,0,,
2024-07-11 14:09:00,CNR1075923685,Success,CID965928,Prime Sedan,Hosur Road,Yelahanka,91.0,135.0,Not Applicable,Not Applicable,No,Not Applicable,633,Cash,46,4.8,4.0
2024-07-16 10:03:00,CNR9687017976,Success,CID488934,Mini,Hulimavu,Ramamurthy Nagar,245.0,125.0,Not Applicable,Not Applicable,No,Not Applicable,347,Cash,4,4.6,4.6
2024-07-14 09:08:00,CNR9166625910,Success,CID151479,Auto,Sarjapur Road,Kengeri,119.0,40.0,Not Applicable,Not Applicable,No,Not Applicable,246,UPI,16,3.3,4.1
2024-07-17 07:47:00,CNR7646828961,Success,CID211691,Prime Plus,Mysore Road,Rajajinagar,56.0,145.0,Not Applicable,Not Applicable,No,Not Applicable,798,Cash,38,4.1,3.6
2024-07-15 02:30:00,CNR6401526874,Canceled by Customer,CID734509,Prime SUV,Malleshwaram,Hosur Road,,,Change of plans,Not Applicable,Not Applicable,Not Applicable,875,Not Applicable,0,,
2024-07-26 12:28:00,CNR9082294973,Success,CID559977,Prime Plus,Ulsoor,Sahakar Nagar,182.0,120.0,Not Applicable,Not Applicable,No,Not Applicable,966,UPI,46,3.5,3.6
2024-07-16 16:44:00,CNR2850970937,Success,CID489769,eBike,MG Road,Hulimavu,105.0,100.0,Not Applicable,Not Applicable,No,Not Applicable,676,Cash,43,3.8,3.5
2024-07-23 05:33:00,CNR2891947201,Canceled by Driver,CID439828,Bike,Chickpet,Chickpet,,,Not Applicable,More than permitted people in there,Not Applicable,Not Applicable,128,Not Applicable,0,,
2024-07-30 20:16:00,CNR6093523279,Driver Not Found,CID534749,Auto,Mysore Road,KR Puram,,,Not Applicable,Not Applicable,Not Applicable,Not Applicable,131,Not Applicable,0,,
2024-07-22 21:50:00,CNR5622703281,Success,CID796720,Prime Sedan,Hosur Road,Basavanagudi,119.0,115.0,Not Applicable,Not Applicable,No,Not Applicable,216,Cash,5,4.4,3.9
2024-07-30 08:54:00,CNR5805258544,Success,CID991378,eBike,Basavanagudi,Bellandur,35.0,60.0,Not Applicable,Not Applicable,No,Not Applicable,517,UPI,4,4.9,3.4
2024-07-26 13:26:00,CNR4394554628,Canceled by Driver,CID799508,Prime Sedan,JP Nagar,Varthur,,,Not Applicable,Customer related issue,Not Applicable,Not Applicable,1498,Not Applicable,0,,
2024-07-10 07:24:00,CNR6696362640,Success,CID886216,Prime SUV,Kadugodi,RT Nagar,280.0,95.0,Not Applicable,Not Applicable,No,Not Applicable,268,UPI,25,3.1,3.5
2024-07-13 06:21:00,CNR5215291157,Success,CID477556,Prime Plus,Ulsoor,Marathahalli,49.0,25.0,Not Applicable,Not Applicable,No,Not Applicable,190,Cash,45,3.7,3.8
2024-07-12 09:21:00,CNR6470408675,Canceled by Driver,CID746417,Auto,Sahakar Nagar,Varthur,,,Not Applicable,Personal & Car related issue,Not Applicable,Not Applicable,281,Not Applicable,0,,
2024-07-02 19:25:00,CNR4740260613,Canceled by Driver,CID360519,Prime Sedan,Yelahanka,Padmanabhanagar,,,Not Applicable,Personal & Car related issue,Not Applicable,Not Applicable,780,Not Applicable,0,,
2024-07-17 12:53:00,CNR4079550781,Success,CID360339,Mini,BTM Layout,Hosur Road,217.0,120.0,Not Applicable,Not Applicable,No,Not Applicable,483,UPI,13,4.0,4.8
2024-07-13 11:23:00,CNR6497284409,Success,CID807120,Auto,Hulimavu,Kengeri,126.0,125.0,Not Applicable,Not Applicable,No,Not Applicable,298,Cash,10,4.6,3.4
2024-07-12 07:42:00,CNR7985855817,Success,CID323864,Prime Sedan,Langford Town,RT Nagar,154.0,140.0,Not Applicable,Not Applicable,No,Not Applicable,225,Cash,25,3.1,3.3
2024-07-12 02:07:00,CNR6277074696,Canceled by Driver,CID397354,Prime Sedan,Indiranagar,Tumkur Road,,,Not Applicable,Personal & Car related issue,Not Applicable,Not Applicable,426,Not Applicable,0,,
2024-07-22 00:44:00,CNR5684310647,Success,CID303280,Prime Plus,Richmond Town,Ulsoor,301.0,90.0,Not Applicable,Not Applicable,No,Not Applicable,167,Cash,4,4.2,4.2
2024-07-21 18:34:00,CNR9283305569,Success,CID856317,Mini,Sahakar Nagar,Whitefield,280.0,140.0,Not Applicable,Not Applicable,Yes,Customer Demand,541,Cash,45,4.9,3.4
2024-07-30 21:00:00,CNR5650799987,Success,CID537962,Prime SUV,BTM Layout,Mysore Road,259.0,75.0,Not Applicable,Not Applicable,No,Not Applicable,138,UPI,24,4.1,3.6
2024-07-15 00:50:00,CNR1235974537,Canceled by Customer,CID721726,Prime SUV,RT Nagar,Rajajinagar,,,AC is Not working,Not Applicable,Not Applicable,Not Applicable,185,Not Applicable,0,,
2024-07-07 05:50:00,CNR9204860818,Success,CID345404,Auto,KR Puram,Frazer Town,266.0,100.0,Not Applicable,Not Applicable,No,Not Applicable,2414,Cash,9,3.6,4.3
2024-07-09 16:58:00,CNR3420952109,Success,CID563350,Prime Sedan,Jayanagar,MG Road,182.0,135.0,Not Applicable,Not Applicable,No,Not Applicable,301,UPI,19,3.3,4.7
2024-07-10 11:17:00,CNR5341753623,Success,CID610187,eBike,Electronic City,Shantinagar,217.0,55.0,Not Applicable,Not Applicable,No,Not Applicable,708,Cash,2,4.4,3.6
2024-07-27 13:01:00,CNR7066760892,Success,CID531168,Prime Sedan,Ulsoor,Whitefield,84.0,110.0,Not Applicable,Not Applicable,No,Not Applicable,234,Cash,29,4.8,4.3
2024-07-27 19:48:00,CNR1000964086,Success,CID443421,Auto,KR Puram,Richmond Town,189.0,25.0,Not Applicable,Not Applicable,No,Not Applicable,181,Credit Card,17,3.5,5.0
2024-07-06 15:07:00,CNR3619150016,Canceled by Customer,CID111000,Prime SUV,HSR Layout,Devanahalli,,,Driver asked to cancel,Not Applicable,Not Applicable,Not Applicable,223,Not Applicable,0,,
2024-07-17 23:40:00,CNR7786394711,Success,CID933944,Bike,Sahakar Nagar,Basavanagudi,119.0,100.0,Not Applicable,Not Applicable,No,Not Applicable,363,UPI,20,3.7,3.4
2024-07-03 14:13:00,CNR6533879531,Canceled by Driver,CID219793,Prime Plus,Jayanagar,Kammanahalli,,,Not Applicable,More than permitted people in there,Not Applicable,Not Applicable,312,Not Applicable,0,,
2024-07-29 20:36:00,CNR3319949447,Success,CID617063,Mini,KR Puram,Kadugodi,259.0,95.0,Not Applicable,Not Applicable,No,Not Applicable,554,Cash,24,4.7,3.5
2024-07-26 01:52:00,CNR7847140360,Success,CID713233,Bike,Rajajinagar,Ramamurthy Nagar,112.0,55.0,Not Applicable,Not Applicable,No,Not Applicable,1887,UPI,18,3.2,3.4
2024-07-10 10:41:00,CNR4573372145,Canceled by Driver,CID578017,Prime Sedan,Varthur,Basavanagudi,,,Not Applicable,Personal & Car related issue,Not Applicable,Not Applicable,458,Not Applicable,0,,
2024-07-24 13:54:00,CNR7532541675,Canceled by Customer,CID208523,Bike,Frazer Town,Bellandur,,,Driver is not moving towards pickup location,Not Applicable,Not Applicable,Not Applicable,432,Not Applicable,0,,
2024-07-21 19:56:00,CNR5673411692,Canceled by Driver,CID664947,Prime Sedan,Mysore Road,Jayanagar,,,Not Applicable,Personal & Car related issue,Not Applicable,Not Applicable,271,Not Applicable,0,,
2024-07-10 04:03:00,CNR6708518784,Canceled by Driver,CID886204,Auto,RT Nagar,Ramamurthy Nagar,,,Not Applicable,Personal & Car related issue,Not Applicable,Not Applicable,179,Not Applicable,0,,
2024-07-04 03:36:00,CNR7373269824,Canceled by Customer,CID161945,Prime Plus,Chamarajpet,Whitefield,,,Driver asked to cancel,Not Applicable,Not Applicable,Not Applicable,539,Not Applicable,0,,
2024-07-06 21:43:00,CNR9292726814,Canceled by Driver,CID295936,Mini,Yeshwanthpur,Rajajinagar,,,Not Applicable,Customer was coughing/sick,Not Applicable,Not Applicable,457,Not Applicable,0,,
2024-07-05 00:41:00,CNR7482206696,Driver Not Found,CID451485,Prime Plus,Varthur,Malleshwaram,,,Not Applicable,Not Applicable,Not Applicable,Not Applicable,449,Not Applicable,0,,
2024-07-28 02:40:00,CNR6218767236,Success,CID514646,Prime Sedan,RT Nagar,Kammanahalli,308.0,105.0,Not Applicable,Not Applicable,No,Not Applicable,428,Cash,12,3.1,3.1
2024-07-01 01:06:00,CNR8635446776,Success,CID621684,Auto,Malleshwaram,Kammanahalli,210.0,25.0,Not Applicable,Not Applicable,No,Not Applicable,338,Cash,5,4.5,3.3
2024-07-28 03:57:00,CNR1703315243,Success,CID952210,Prime Sedan,Kengeri,Malleshwaram,196.0,135.0,Not Applicable,Not Applicable,No,Not Applicable,264,Cash,24,3.5,4.5
2024-07-09 06:58:00,CNR4879663605,Success,CID553018,Prime SUV,Frazer Town,Electronic City,112.0,70.0,Not Applicable,Not Applicable,No,Not Applicable,477,UPI,22,4.0,4.9
2024-07-28 18:22:00,CNR3532276266,Success,CID105551,Prime Sedan,Varthur,Kammanahalli,196.0,55.0,Not Applicable,Not Applicable,No,Not Applicable,1507,Cash,45,4.4,4.9
2024-07-20 00:02:00,CNR1365970833,Success,CID684842,Auto,Marathahalli,Vijayanagar,49.0,105.0,Not Applicable,Not Applicable,No,Not Applicable,309,UPI,8,3.3,4.1
2024-07-29 19:37:00,CNR8994390197,Success,CID939451,Prime SUV,Koramangala,Ramamurthy Nagar,105.0,115.0,Not Applicable,Not Applicable,No,Not Applicable,202,UPI,46,3.7,3.3
2024-07-28 17:41:00,CNR8677070088,Success,CID527522,Prime Sedan,Malleshwaram,Mysore Road,196.0,115.0,Not Applicable,Not Applicable,No,Not Applicable,534,Cash,4,4.8,4.7
2024-07-01 17:14:00,CNR6690117551,Success,CID701739,Bike,Shivajinagar,Kadugodi,98.0,50.0,Not Applicable,Not Applicable,No,Not Applicable,492,Cash,29,4.7,3.5
2024-07-04 10:21:00,CNR9115043469,Success,CID154518,Prime SUV,Tumkur Road,Malleshwaram,182.0,85.0,Not Applicable,Not Applicable,No,Not Applicable,546,Cash,40,4.1,4.5
2024-07-24 00:46:00,CNR6544945951,Success,CID562618,Prime SUV,Sahakar Nagar,Richmond Town,231.0,50.0,Not Applicable,Not Applicable,No,Not Applicable,361,UPI,26,4.1,3.3
2024-07-20 21:31:00,CNR6196245839,Canceled by Customer,CID473210,Auto,Cox Town,Nagarbhavi,,,Driver asked to cancel,Not Applicable,Not Applicable,Not Applicable,343,Not Applicable,0,,
2024-07-23 20:14:00,CNR7943183562,Canceled by Customer,CID247080,Bike,Shantinagar,Magadi Road,,,Change of plans,Not Applicable,Not Applicable,Not Applicable,2108,Not Applicable,0,,
2024-07-01 03:03:00,CNR2437558878,Canceled by Customer,CID236395,Prime SUV,KR Puram,Sahakar Nagar,,,Driver is not moving towards pickup location,Not Applicable,Not Applicable,Not Applicable,652,Not Applicable,0,,
2024-07-12 03:16:00,CNR9840716175,Success,CID139823,Auto,Peenya,Majestic,168.0,120.0,Not Applicable,Not Applicable,No,Not Applicable,303,Cash,19,4.5,4.5
2024-07-09 11:06:00,CNR5189395413,Success,CID406676,Auto,Magadi Road,Indiranagar,91.0,80.0,Not Applicable,Not Applicable,No,Not Applicable,103,Cash,8,4.7,3.6
2024-07-07 13:49:00,CNR8733053058,Success,CID951515,Prime Sedan,Bellandur,JP Nagar,112.0,80.0,Not Applicable,Not Applicable,No,Not Applicable,850,UPI,17,4.7,3.7
2024-07-19 09:19:00,CNR7024848424,Success,CID117328,eBike,Padmanabhanagar,MG Road,63.0,110.0,Not Applicable,Not Applicable,No,Not Applicable,329,UPI,17,3.1,4.4
2024-07-27 07:49:00,CNR4890069340,Driver Not Found,CID922711,Prime SUV,Langford Town,MG Road,,,Not Applicable,Not Applicable,Not Applicable,Not Applicable,369,Not Applicable,0,,
2024-07-12 04:16:00,CNR5688257416,Success,CID603908,Prime Plus,Banashankari,Hebbal,196.0,130.0,Not Applicable,Not Applicable,No,Not Applicable,959,Cash,8,3.7,4.0
2024-07-06 20:24:00,CNR8935115351,Success,CID539416,Prime Sedan,Kammanahalli,Kammanahalli,133.0,140.0,Not Applicable,Not Applicable,No,Not Applicable,914,UPI,42,3.8,4.8
2024-07-18 04:59:00,CNR3994373415,Canceled by Customer,CID404725,Prime SUV,Cox Town,Banashankari,,,Driver is not moving towards pickup location,Not Applicable,Not Applicable,Not Applicable,424,Not Applicable,0,,
2024-07-25 10:20:00,CNR4013221343,Success,CID392108,Mini,Devanahalli,Sahakar Nagar,224.0,40.0,Not Applicable,Not Applicable,No,Not Applicable,145,Cash,3,3.9,4.0
2024-07-17 06:20:00,CNR2076860762,Canceled by Driver,CID271861,eBike,Vijayanagar,Sahakar Nagar,,,Not Applicable,Personal & Car related issue,Not Applicable,Not Applicable,217,Not Applicable,0,,
2024-07-12 23:59:00,CNR4616480150,Success,CID834878,Mini,Devanahalli,Jayanagar,119.0,75.0,Not Applicable,Not Applicable,No,Not Applicable,117,Cash,9,4.1,4.8
2024-07-07 20:15:00,CNR6924154642,Success,CID905768,Prime Plus,Kengeri,Richmond Town,35.0,110.0,Not Applicable,Not Applicable,No,Not Applicable,883,UPI,11,4.1,4.1
2024-07-01 10:19:00,CNR2324752652,Success,CID159065,Bike,Langford Town,Indiranagar,273.0,55.0,Not Applicable,Not Applicable,Yes,Customer Demand,344,UPI,39,3.0,3.5
2024-07-05 21:06:00,CNR6737504465,Success,CID738638,Prime SUV,Electronic City,Magadi Road,133.0,115.0,Not Applicable,Not Applicable,No,Not Applicable,608,Cash,4,4.2,4.4
2024-07-30 03:29:00,CNR2347678327,Success,CID545442,Prime SUV,Kadugodi,Magadi Road,70.0,125.0,Not Applicable,Not Applicable,No,Not Applicable,475,Cash,36,4.5,3.9
2024-07-06 11:38:00,CNR4151042199,Driver Not Found,CID230728,Mini,Yelahanka,Banashankari,,,Not Applicable,Not Applicable,Not Applicable,Not Applicable,638,Not Applicable,0,,
2024-07-11 06:27:00,CNR3175761814,Canceled by Driver,CID475725,Mini,Cox Town,Hulimavu,,,Not Applicable,More than permitted people in there,Not Applicable,Not Applicable,351,Not Applicable,0,,
2024-07-15 20:07:00,CNR1299254159,Canceled by Driver,CID317719,eBike,Mysore Road,Yelahanka,,,Not Applicable,More than permitted people in there,Not Applicable,Not Applicable,164,Not Applicable,0,,
2024-07-06 07:02:00,CNR7892810392,Success,CID751753,Bike,Sahakar Nagar,Kammanahalli,273.0,95.0,Not Applicable,Not Applicable,No,Not Applicable,758,Cash,28,4.3,4.5
2024-07-13 21:46:00,CNR6088361836,Driver Not Found,CID426921,Bike,Bannerghatta Road,Hulimavu,,,Not Applicable,Not Applicable,Not Applicable,Not Applicable,335,Not Applicable,0,,
2024-07-03 18:00:00,CNR7166444969,Success,CID285311,eBike,Cox Town,Devanahalli,112.0,75.0,Not Applicable,Not Applicable,Yes,Customer Demand,238,Cash,39,4.0,3.4
2024-07-19 23:07:00,CNR7745361577,Driver Not Found,CID111558,Prime Sedan,Rajajinagar,Malleshwaram,,,Not Applicable,Not Applicable,Not Applicable,Not Applicable,404,Not Applicable,0,,
2024-07-26 02:40:00,CNR6522616551,Success,CID205956,Auto,Malleshwaram,Magadi Road,273.0,50.0,Not Applicable,Not Applicable,No,Not Applicable,1588,UPI,16,3.2,3.4
2024-07-26 10:22:00,CNR3131036283,Success,CID139939,Mini,Bannerghatta Road,Hosur Road,294.0,35.0,Not Applicable,Not Applicable,No,Not Applicable,453,UPI,39,4.8,4.1
2024-07-07 12:20:00,CNR5214612329,Success,CID303678,Prime SUV,Richmond Town,JP Nagar,259.0,125.0,Not Applicable,Not Applicable,No,Not Applicable,861,Cash,49,3.3,4.9
2024-07-29 03:15:00,CNR7906384514,Success,CID652912,Auto,Bellandur,Sarjapur Road,196.0,115.0,Not Applicable,Not Applicable,No,Not Applicable,425,UPI,4,3.1,4.3
2024-07-27 02:43:00,CNR7593616985,Success,CID693156,Prime Sedan,Richmond Town,RT Nagar,84.0,35.0,Not Applicable,Not Applicable,No,Not Applicable,712,UPI,4,4.8,3.8
2024-07-02 10:28:00,CNR8403699848,Canceled by Driver,CID140850,Bike,Yeshwanthpur,Vijayanagar,,,Not Applicable,Customer related issue,Not Applicable,Not Applicable,1016,Not Applicable,0,,
2024-07-10 02:50:00,CNR2383407311,Canceled by Driver,CID467332,Bike,Jayanagar,Tumkur Road,,,Not Applicable,Customer related issue,Not Applicable,Not Applicable,487,Not Applicable,0,,
2024-07-12 04:39:00,CNR9112697552,Success,CID121502,Bike,Jayanagar,Yeshwanthpur,42.0,50.0,Not Applicable,Not Applicable,No,Not Applicable,206,Cash,37,4.3,3.1
2024-07-12 07:28:00,CNR3190153159,Success,CID350777,Mini,RT Nagar,Padmanabhanagar,308.0,45.0,Not Applicable,Not Applicable,No,Not Applicable,2978,UPI,5,4.8,3.5
2024-07-10 06:14:00,CNR2711655765,Success,CID130111,Mini,Chickpet,Rajarajeshwari Nagar,182.0,60.0,Not Applicable,Not Applicable,No,Not Applicable,378,UPI,49,3.1,3.2
2024-07-12 10:34:00,CNR1578171369,Success,CID592999,Auto,Indiranagar,Hebbal,308.0,30.0,Not Applicable,Not Applicable,No,Not Applicable,1794,UPI,5,3.4,3.8
2024-07-04 20:12:00,CNR4988813343,Canceled by Customer,CID168914,Prime Sedan,Marathahalli,Whitefield,,,Driver is not moving towards pickup location,Not Applicable,Not Applicable,Not Applicable,324,Not Applicable,0,,
2024-07-30 13:26:00,CNR1882906341,Success,CID768334,eBike,MG Road,Rajajinagar,133.0,130.0,Not Applicable,Not Applicable,Yes,Other Issue,1369,UPI,49,3.1,4.7
2024-07-27 16:19:00,CNR7031736796,Success,CID332485,Auto,Bannerghatta Road,Padmanabhanagar,112.0,115.0,Not Applicable,Not Applicable,No,Not Applicable,322,UPI,13,4.1,4.9
2024-07-02 13:35:00,CNR2690350351,Canceled by Customer,CID922443,Auto,Rajarajeshwari Nagar,Cox Town,,,AC is Not working,Not Applicable,Not Applicable,Not Applicable,218,Not Applicable,0,,
2024-07-25 09:30:00,CNR9938965989,Success,CID617887,eBike,Peenya,Mysore Road,217.0,95.0,Not Applicable,Not Applicable,No,Not Applicable,705,UPI,45,4.6,4.7
2024-07-30 01:37:00,CNR3410789864,Canceled by Driver,CID644927,Auto,Majestic,Bannerghatta Road,,,Not Applicable,Customer was coughing/sick,Not Applicable,Not Applicable,451,Not Applicable,0,,
2024-07-16 19:07:00,CNR5425154851,Canceled by Driver,CID151503,Prime SUV,BTM Layout,Ulsoor,,,Not Applicable,Personal & Car related issue,Not Applicable,Not Applicable,349,Not Applicable,0,,
2024-07-11 14:32:00,CNR1173078634,Canceled by Driver,CID630199,Auto,KR Puram,RT Nagar,,,Not Applicable,Personal & Car related issue,Not Applicable,Not Applicable,161,Not Applicable,0,,
2024-07-10 21:33:00,CNR5530649243,Success,CID570955,Bike,Marathahalli,Sahakar Nagar,63.0,130.0,Not Applicable,Not Applicable,No,Not Applicable,174,Cash,5,4.1,3.3
2024-07-23 22:52:00,CNR4127423393,Driver Not Found,CID778312,Prime Sedan,Basavanagudi,Frazer Town,,,Not Applicable,Not Applicable,Not Applicable,Not Applicable,230,Not Applicable,0,,
2024-07-01 16:22:00,CNR9257988896,Success,CID192753,Prime Plus,Marathahalli,Bellandur,196.0,50.0,Not Applicable,Not Applicable,No,Not Applicable,350,Cash,16,4.6,3.5
2024-07-15 16:38:00,CNR2359326315,Driver Not Found,CID956686,Auto,Mysore Road,Magadi Road,,,Not Applicable,Not Applicable,Not Applicable,Not Applicable,466,Not Applicable,0,,
2024-07-23 07:22:00,CNR6182236484,Success,CID333763,Prime SUV,Basavanagudi,HSR Layout,42.0,105.0,Not Applicable,Not Applicable,No,Not Applicable,209,UPI,18,4.8,3.1
2024-07-20 06:26:00,CNR7870121642,Success,CID766352,Prime SUV,HSR Layout,Rajajinagar,252.0,70.0,Not Applicable,Not Applicable,No,Not Applicable,325,UPI,45,4.7,4.3
2024-07-25 15:57:00,CNR6393213351,Canceled by Driver,CID135021,Bike,Padmanabhanagar,Indiranagar,,,Not Applicable,Personal & Car related issue,Not Applicable,Not Applicable,166,Not Applicable,0,,
2024-07-05 15:33:00,CNR8556672630,Success,CID165004,Bike,Sarjapur Road,Magadi Road,224.0,100.0,Not Applicable,Not Applicable,No,Not Applicable,457,UPI,43,4.5,4.3
2024-07-22 21:07:00,CNR7108935118,Canceled by Customer,CID500423,Prime Sedan,MG Road,Kammanahalli,,,Wrong Address,Not Applicable,Not Applicable,Not Applicable,404,Not Applicable,0,,
2024-07-30 11:22:00,CNR4938415702,Success,CID620082,Prime SUV,KR Puram,Shantinagar,70.0,85.0,Not Applicable,Not Applicable,No,Not Applicable,1883,UPI,5,4.3,5.0
2024-07-05 08:58:00,CNR6325992726,Success,CID931503,Auto,RT Nagar,Rajajinagar,287.0,60.0,Not Applicable,Not Applicable,No,Not Applicable,286,Cash,16,3.3,3.0
2024-07-22 03:19:00,CNR6562446512,Success,CID775174,Auto,Vijayanagar,KR Puram,168.0,140.0,Not Applicable,Not Applicable,No,Not Applicable,418,UPI,11,3.2,3.1
2024-07-29 05:56:00,CNR2276579411,Canceled by Customer,CID731934,Prime Plus,Yelahanka,Kadugodi,,,Driver asked to cancel,Not Applicable,Not Applicable,Not Applicable,439,Not Applicable,0,,
2024-07-04 15:45:00,CNR4490413146,Driver Not Found,CID928540,Prime Sedan,Bannerghatta Road,Peenya,,,Not Applicable,Not Applicable,Not Applicable,Not Applicable,2978,Not Applicable,0,,
2024-07-30 07:41:00,CNR6725934036,Success,CID102426,Prime SUV,Ulsoor,Majestic,252.0,30.0,Not Applicable,Not Applicable,No,Not Applicable,323,Cash,17,4.3,4.9
2024-07-02 12:19:00,CNR4274289789,Driver Not Found,CID803039,eBike,Ramamurthy Nagar,Indiranagar,,,Not Applicable,Not Applicable,Not Applicable,Not Applicable,165,Not Applicable,0,,
2024-07-26 00:20:00,CNR5606353237,Success,CID717618,eBike,Yeshwanthpur,Sahakar Nagar,126.0,70.0,Not Applicable,Not Applicable,Yes,Customer Demand,638,Cash,27,4.5,4.5
2024-07-12 16:13:00,CNR2675223229,Canceled by Customer,CID505297,Prime Plus,Shivajinagar,Bellandur,,,Driver is not moving towards pickup location,Not Applicable,Not Applicable,Not Applicable,188,Not Applicable,0,,
2024-07-26 23:53:00,CNR2336278033,Canceled by Driver,CID401022,Prime Plus,Indiranagar,Peenya,,,Not Applicable,Customer was coughing/sick,Not Applicable,Not Applicable,1789,Not Applicable,0,,
2024-07-04 20:03:00,CNR7593930839,Success,CID352607,Mini,Banashankari,Hosur Road,84.0,90.0,Not Applicable,Not Applicable,No,Not Applicable,180,UPI,30,4.7,3.4
2024-07-28 14:08:00,CNR3991633847,Driver Not Found,CID844666,Prime Sedan,Vijayanagar,Indiranagar,,,Not Applicable,Not Applicable,Not Applicable,Not Applicable,1266,Not Applicable,0,,
2024-07-18 19:04:00,CNR1826260167,Canceled by Driver,CID268533,eBike,Varthur,RT Nagar,,,Not Applicable,Personal & Car related issue,Not Applicable,Not Applicable,257,Not Applicable,0,,
2024-07-21 10:07:00,CNR4236520220,Canceled by Driver,CID345553,Auto,Cox Town,Ramamurthy Nagar,,,Not Applicable,Personal & Car related issue,Not Applicable,Not Applicable,908,Not Applicable,0,,
2024-07-14 11:13:00,CNR5982922692,Success,CID778553,Prime Plus,Frazer Town,JP Nagar,238.0,135.0,Not Applicable,Not Applicable,No,Not Applicable,1796,UPI,49,4.3,4.3
2024-07-27 20:20:00,CNR9985830984,Success,CID875230,Prime SUV,Hennur,Malleshwaram,91.0,110.0,Not Applicable,Not Applicable,No,Not Applicable,228,Cash,40,3.2,4.5
2024-07-26 16:33:00,CNR5322637883,Canceled by Driver,CID833807,Auto,BTM Layout,Tumkur Road,,,Not Applicable,Customer was coughing/sick,Not Applicable,Not Applicable,296,Not Applicable,0,,
2024-07-25 23:35:00,CNR6496738608,Success,CID366683,Mini,Hulimavu,BTM Layout,126.0,95.0,Not Applicable,Not Applicable,No,Not Applicable,430,UPI,14,4.3,3.0
2024-07-29 13:29:00,CNR2106318767,Success,CID335829,Bike,MG Road,RT Nagar,189.0,75.0,Not Applicable,Not Applicable,No,Not Applicable,226,UPI,27,3.4,4.4
2024-07-30 15:39:00,CNR8782058281,Success,CID526618,Bike,Kammanahalli,Yeshwanthpur,91.0,125.0,Not Applicable,Not Applicable,No,Not Applicable,857,Cash,25,4.7,4.2
2024-07-25 09:02:00,CNR3689892588,Success,CID684078,Mini,Chamarajpet,Hebbal,133.0,145.0,Not Applicable,Not Applicable,No,Not Applicable,319,Cash,16,3.4,3.1
2024-07-22 11:19:00,CNR5487821223,Canceled by Driver,CID218553,Mini,HSR Layout,Kengeri,,,Not Applicable,Customer related issue,Not Applicable,Not Applicable,174,Not Applicable,0,,
2024-07-08 18:32:00,CNR3955586686,Canceled by Customer,CID323505,Mini,Whitefield,Shivajinagar,,,Driver asked to cancel,Not Applicable,Not Applicable,Not Applicable,276,Not Applicable,0,,
2024-07-09 01:00:00,CNR8262945953,Success,CID745258,Bike,Koramangala,Magadi Road,280.0,105.0,Not Applicable,Not Applicable,No,Not Applicable,396,UPI,6,3.1,4.0
2024-07-11 01:03:00,CNR5322646814,Success,CID271181,Prime SUV,Indiranagar,Chickpet,287.0,25.0,Not Applicable,Not Applicable,No,Not Applicable,177,Cash,29,3.9,3.9
2024-07-06 15:06:00,CNR7944128778,Canceled by Driver,CID329988,eBike,Padmanabhanagar,Varthur,,,Not Applicable,Customer related issue,Not Applicable,Not Applicable,723,Not Applicable,0,,
2024-07-16 09:07:00,CNR8817735462,Driver Not Found,CID149292,Prime Plus,Frazer Town,Bannerghatta Road,,,Not Applicable,Not Applicable,Not Applicable,Not Applicable,992,Not Applicable,0,,
2024-07-23 00:19:00,CNR7007164453,Success,CID660958,eBike,Kadugodi,Chickpet,308.0,80.0,Not Applicable,Not Applicable,No,Not Applicable,493,Cash,40,3.7,3.3
2024-07-26 20:11:00,CNR2022623164,Success,CID700874,Prime Sedan,Banashankari,JP Nagar,133.0,105.0,Not Applicable,Not Applicable,No,Not Applicable,474,UPI,36,3.3,3.7
2024-07-20 19:18:00,CNR3932285045,Success,CID773511,Mini,Kengeri,RT Nagar,273.0,70.0,Not Applicable,Not Applicable,No,Not Applicable,283,UPI,16,3.7,4.0
2024-07-14 12:02:00,CNR6395514126,Success,CID662301,Auto,Langford Town,Sahakar Nagar,63.0,25.0,Not Applicable,Not Applicable,No,Not Applicable,848,Cash,10,4.9,4.8
2024-07-19 11:24:00,CNR6976179884,Success,CID854255,Prime Sedan,Ramamurthy Nagar,Marathahalli,70.0,25.0,Not Applicable,Not Applicable,No,Not Applicable,331,Cash,45,3.5,4.5
2024-07-11 15:15:00,CNR3677837724,Success,CID190239,Auto,Mysore Road,Electronic City,245.0,50.0,Not Applicable,Not Applicable,No,Not Applicable,850,UPI,10,4.2,4.1
2024-07-23 13:58:00,CNR8152864388,Success,CID343222,eBike,Ramamurthy Nagar,Basavanagudi,182.0,115.0,Not Applicable,Not Applicable,No,Not Applicable,760,UPI,41,5.0,3.6
2024-07-23 13:03:00,CNR7122643806,Success,CID420839,Bike,Varthur,Basavanagudi,196.0,40.0,Not Applicable,Not Applicable,No,Not Applicable,250,Cash,7,4.2,4.9
2024-07-19 07:10:00,CNR1103818701,Success,CID354773,Prime Sedan,KR Puram,MG Road,217.0,140.0,Not Applicable,Not Applicable,No,Not Applicable,438,UPI,43,3.4,4.0
2024-07-01 01:07:00,CNR4744465880,Driver Not Found,CID406014,Mini,Nagarbhavi,Bellandur,,,Not Applicable,Not Applicable,Not Applicable,Not Applicable,398,Not Applicable,0,,
2024-07-21 09:03:00,CNR5201722663,Canceled by Customer,CID912786,Prime Sedan,Devanahalli,Hosur Road,,,Driver is not moving towards pickup location,Not Applicable,Not Applicable,Not Applicable,417,Not Applicable,0,,
2024-07-10 19:54:00,CNR5891762537,Success,CID376458,Bike,Malleshwaram,Sarjapur Road,224.0,140.0,Not Applicable,Not Applicable,No,Not Applicable,180,Cash,15,3.7,3.8
2024-07-25 16:29:00,CNR2569387574,Success,CID445174,eBike,Langford Town,Shivajinagar,168.0,55.0,Not Applicable,Not Applicable,No,Not Applicable,131,UPI,42,4.9,3.6
2024-07-19 04:30:00,CNR9949956745,Driver Not Found,CID750989,Auto,Padmanabhanagar,Hulimavu,,,Not Applicable,Not Applicable,Not Applicable,Not Applicable,364,Not Applicable,0,,
2024-07-26 14:36:00,CNR9920135389,Success,CID694316,Prime Plus,Hebbal,RT Nagar,70.0,125.0,Not Applicable,Not Applicable,No,Not Applicable,151,Cash,48,4.5,4.4
2024-07-10 05:07:00,CNR1369511919,Success,CID191951,eBike,Magadi Road,Chamarajpet,189.0,100.0,Not Applicable,Not Applicable,Yes,Vehicle Breakdown,132,UPI,42,3.4,4.2
2024-07-28 08:01:00,CNR6288042020,Success,CID219528,Prime SUV,RT Nagar,Marathahalli,77.0,140.0,Not Applicable,Not Applicable,Yes,Customer Demand,224,UPI,23,3.2,3.3
2024-07-18 01:23:00,CNR5577752639,Success,CID764498,Mini,Marathahalli,Hulimavu,63.0,120.0,Not Applicable,Not Applicable,No,Not Applicable,602,UPI,1,3.2,4.3
2024-07-05 00:15:00,CNR5659744477,Canceled by Driver,CID402113,Auto,Hennur,Sahakar Nagar,,,Not Applicable,Customer related issue,Not Applicable,Not Applicable,1305,Not Applicable,0,,
2024-07-30 00:36:00,CNR3550794242,Canceled by Driver,CID698194,eBike,Malleshwaram,Shantinagar,,,Not Applicable,Personal & Car related issue,Not Applicable,Not Applicable,405,Not Applicable,0,,
2024-07-02 21:46:00,CNR4968751518,Success,CID483365,Prime Plus,Peenya,Chamarajpet,189.0,50.0,Not Applicable,Not Applicable,No,Not Applicable,309,UPI,9,4.6,3.8
2024-07-04 19:33:00,CNR9184496748,Success,CID756842,Prime Plus,Ulsoor,Langford Town,112.0,115.0,Not Applicable,Not Applicable,No,Not Applicable,549,UPI,6,4.8,4.2
2024-07-04 15:19:00,CNR2069326821,Success,CID563584,Bike,Sarjapur Road,Hulimavu,56.0,30.0,Not Applicable,Not Applicable,No,Not Applicable,452,UPI,36,4.4,3.8
2024-07-12 05:51:00,CNR6196185791,Driver Not Found,CID192318,Auto,Hosur Road,Sarjapur Road,,,Not Applicable,Not Applicable,Not Applicable,Not Applicable,329,Not Applicable,0,,
2024-07-17 13:54:00,CNR5208526601,Success,CID942991,Prime SUV,Chickpet,Varthur,168.0,90.0,Not Applicable,Not Applicable,Yes,Other Issue,415,UPI,21,4.8,3.7
2024-07-12 02:44:00,CNR8729070898,Success,CID678956,eBike,Electronic City,Kadugodi,238.0,140.0,Not Applicable,Not Applicable,No,Not Applicable,392,UPI,2,3.9,3.1
2024-07-24 21:12:00,CNR8489340042,Driver Not Found,CID602269,eBike,Nagarbhavi,Basavanagudi,,,Not Applicable,Not Applicable,Not Applicable,Not Applicable,131,Not Applicable,0,,
2024-07-01 19:18:00,CNR9199126716,Success,CID362452,Prime Plus,Bannerghatta Road,Banashankari,63.0,65.0,Not Applicable,Not Applicable,No,Not Applicable,291,Cash,33,3.1,3.2
2024-07-06 20:05:00,CNR6792507546,Success,CID275852,Prime Plus,Peenya,Ulsoor,266.0,80.0,Not Applicable,Not Applicable,Yes,Customer Demand,202,UPI,35,4.0,4.7
2024-07-10 12:46:00,CNR4461388948,Success,CID157927,Prime Plus,Rajajinagar,Mysore Road,259.0,65.0,Not Applicable,Not Applicable,No,Not Applicable,199,Cash,30,3.6,3.9
2024-07-26 21:40:00,CNR3037153766,Success,CID732741,eBike,Rajarajeshwari Nagar,Hennur,168.0,75.0,Not Applicable,Not Applicable,No,Not Applicable,807,Cash,22,4.0,3.1
2024-07-03 09:32:00,CNR6531403558,Success,CID364755,Prime SUV,Hebbal,Ramamurthy Nagar,63.0,110.0,Not Applicable,Not Applicable,Yes,Vehicle Breakdown,250,UPI,2,4.6,4.0
2024-07-03 21:59:00,CNR5559829682,Success,CID572072,Auto,Kammanahalli,Electronic City,189.0,100.0,Not Applicable,Not Applicable,No,Not Applicable,315,Cash,1,3.3,3.5
2024-07-27 17:24:00,CNR4320117039,Success,CID879222,Bike,Kengeri,Chickpet,119.0,110.0,Not Applicable,Not Applicable,No,Not Applicable,300,Cash,12,3.2,3.2
2024-07-28 19:14:00,CNR5689369978,Canceled by Driver,CID305017,Prime Sedan,BTM Layout,Hulimavu,,,Not Applicable,Customer related issue,Not Applicable,Not Applicable,301,Not Applicable,0,,
2024-07-21 22:26:00,CNR9906137773,Canceled by Customer,CID366218,Prime Sedan,Chickpet,Peenya,,,Driver asked to cancel,Not Applicable,Not Applicable,Not Applicable,270,Not Applicable,0,,
2024-07-12 03:22:00,CNR7635573876,Canceled by Driver,CID156683,eBike,Langford Town,Cox Town,,,Not Applicable,Customer related issue,Not Applicable,Not Applicable,941,Not Applicable,0,,
2024-07-25 17:28:00,CNR2155937745,Canceled by Driver,CID938073,Auto,Ramamurthy Nagar,Chamarajpet,,,Not Applicable,Customer was coughing/sick,Not Applicable,Not Applicable,194,Not Applicable,0,,
2024-07-10 12:58:00,CNR3245125823,Success,CID911030,Auto,Ulsoor,Shivajinagar,182.0,130.0,Not Applicable,Not Applicable,No,Not Applicable,194,UPI,14,4.2,4.4
2024-07-20 22:33:00,CNR8183841671,Canceled by Driver,CID651548,Bike,Whitefield,Yelahanka,,,Not Applicable,Customer related issue,Not Applicable,Not Applicable,229,Not Applicable,0,,
2024-07-09 02:41:00,CNR7464871078,Canceled by Driver,CID639042,Auto,Varthur,Padmanabhanagar,,,Not Applicable,Customer related issue,Not Applicable,Not Applicable,195,Not Applicable,0,,
2024-07-05 18:55:00,CNR3404794417,Success,CID745288,Prime SUV,Richmond Town,Tumkur Road,49.0,140.0,Not Applicable,Not Applicable,Yes,Customer Demand,291,Cash,48,5.0,3.7
2024-07-19 01:25:00,CNR5562634089,Success,CID216752,Auto,Richmond Town,Peenya,238.0,65.0,Not Applicable,Not Applicable,No,Not Applicable,179,UPI,12,4.1,3.7
2024-07-10 18:57:00,CNR3264560797,Canceled by Customer,CID834936,Prime Plus,Shantinagar,Jayanagar,,,Driver asked to cancel,Not Applicable,Not Applicable,Not Applicable,827,Not Applicable,0,,
2024-07-04 17:27:00,CNR8702556681,Success,CID200860,eBike,Nagarbhavi,Ulsoor,49.0,100.0,Not Applicable,Not Applicable,No,Not Applicable,731,Cash,40,4.5,4.3
2024-07-19 15:59:00,CNR5983361794,Success,CID433876,Prime SUV,KR Puram,Kengeri,105.0,145.0,Not Applicable,Not Applicable,Yes,Customer Demand,326,UPI,17,4.7,4.1
2024-07-22 23:34:00,CNR5215529508,Success,CID460377,Prime Plus,Hebbal,Peenya,210.0,50.0,Not Applicable,Not Applicable,No,Not Applicable,130,UPI,39,4.9,3.4
2024-07-12 21:42:00,CNR4484118771,Canceled by Driver,CID841145,Bike,Langford Town,Rajarajeshwari Nagar,,,Not Applicable,More than permitted people in there,Not Applicable,Not Applicable,297,Not Applicable,0,,
2024-07-05 22:47:00,CNR6066047995,Canceled by Driver,CID367963,Auto,Bellandur,Kammanahalli,,,Not Applicable,Customer related issue,Not Applicable,Not Applicable,2433,Not Applicable,0,,
2024-07-14 18:42:00,CNR3897852692,Canceled by Driver,CID714266,Prime Plus,Jayanagar,Magadi Road,,,Not Applicable,Customer related issue,Not Applicable,Not Applicable,452,Not Applicable,0,,
2024-07-06 08:40:00,CNR2655227701,Success,CID904368,Prime Plus,Majestic,Jayanagar,245.0,135.0,Not Applicable,Not Applicable,No,Not Applicable,572,Cash,49,4.5,4.7
2024-07-16 14:54:00,CNR7761688626,Success,CID531106,Prime Plus,Varthur,Rajarajeshwari Nagar,189.0,130.0,Not Applicable,Not Applicable,No,Not Applicable,821,UPI,21,3.6,4.5
2024-07-30 12:38:00,CNR9952168845,Canceled by Customer,CID934974,Prime SUV,Hosur Road,Nagarbhavi,,,Driver asked to cancel,Not Applicable,Not Applicable,Not Applicable,207,Not Applicable,0,,
2024-07-13 00:56:00,CNR5234371273,Canceled by Driver,CID701239,Mini,Rajajinagar,Basavanagudi,,,Not Applicable,More than permitted people in there,Not Applicable,Not Applicable,160,Not Applicable,0,,
2024-07-03 06:10:00,CNR3327191588,Success,CID712010,Bike,Vijayanagar,Hosur Road,196.0,110.0,Not Applicable,Not Applicable,No,Not Applicable,173,UPI,14,4.4,4.2
2024-07-12 06:58:00,CNR5093065000,Success,CID102785,Auto,Hennur,Hulimavu,280.0,105.0,Not Applicable,Not Applicable,No,Not Applicable,856,UPI,14,4.7,4.6
2024-07-26 05:30:00,CNR9268065692,Success,CID607635,Prime Sedan,Kammanahalli,Koramangala,280.0,75.0,Not Applicable,Not Applicable,No,Not Applicable,494,Cash,43,3.7,3.6
2024-07-03 12:07:00,CNR5250420537,Success,CID906091,Auto,BTM Layout,Devanahalli,98.0,55.0,Not Applicable,Not Applicable,No,Not Applicable,868,Cash,10,4.7,3.9
2024-07-15 03:12:00,CNR8292473210,Success,CID551935,Prime Sedan,Jayanagar,Sarjapur Road,70.0,80.0,Not Applicable,Not Applicable,No,Not Applicable,201,UPI,39,3.5,5.0
2024-07-11 05:05:00,CNR3880953479,Success,CID275009,Mini,Peenya,Bannerghatta Road,77.0,65.0,Not Applicable,Not Applicable,No,Not Applicable,369,UPI,20,4.4,3.3
2024-07-05 12:27:00,CNR1713153673,Success,CID765853,Bike,Marathahalli,Varthur,245.0,120.0,Not Applicable,Not Applicable,No,Not Applicable,646,UPI,33,3.3,4.5
2024-07-01 08:49:00,CNR8034475395,Success,CID313540,Prime SUV,Shivajinagar,JP Nagar,252.0,55.0,Not Applicable,Not Applicable,No,Not Applicable,326,Cash,42,4.1,3.2
2024-07-15 23:28:00,CNR5862424429,Canceled by Driver,CID286561,Prime Plus,Yelahanka,Chamarajpet,,,Not Applicable,Personal & Car related issue,Not Applicable,Not Applicable,491,Not Applicable,0,,
2024-07-12 09:08:00,CNR5806502022,Success,CID458560,Prime Plus,KR Puram,Rajarajeshwari Nagar,35.0,145.0,Not Applicable,Not Applicable,Yes,Customer Demand,275,UPI,19,3.1,3.8
2024-07-03 05:27:00,CNR2482885388,Canceled by Driver,CID243021,Auto,Shivajinagar,Hosur Road,,,Not Applicable,More than permitted people in there,Not Applicable,Not Applicable,203,Not Applicable,0,,
2024-07-01 09:44:00,CNR7541078924,Success,CID740163,eBike,Hebbal,Rajarajeshwari Nagar,91.0,95.0,Not Applicable,Not Applicable,No,Not Applicable,254,UPI,49,4.1,4.8
2024-07-08 14:16:00,CNR3892233998,Success,CID215900,Bike,Ramamurthy Nagar,JP Nagar,112.0,80.0,Not Applicable,Not Applicable,No,Not Applicable,198,Cash,15,3.7,3.6
2024-07-15 22:04:00,CNR4441518677,Success,CID316460,Mini,HSR Layout,Majestic,154.0,90.0,Not Applicable,Not Applicable,No,Not Applicable,318,Cash,1,4.9,4.7
2024-07-05 03:40:00,CNR1204311507,Success,CID999213,Auto,Indiranagar,Nagarbhavi,49.0,135.0,Not Applicable,Not Applicable,No,Not Applicable,337,UPI,1,3.4,3.0
2024-07-16 06:09:00,CNR1299972351,Success,CID613346,Auto,Vijayanagar,Shantinagar,273.0,50.0,Not Applicable,Not Applicable,No,Not Applicable,127,Cash,13,3.4,3.1
2024-07-10 14:18:00,CNR8727240260,Success,CID877141,Auto,Nagarbhavi,Koramangala,133.0,115.0,Not Applicable,Not Applicable,No,Not Applicable,291,UPI,1,4.3,3.1
2024-07-26 18:22:00,CNR8165999752,Canceled by Customer,CID899489,eBike,Sarjapur Road,Vijayanagar,,,Driver asked to cancel,Not Applicable,Not Applicable,Not Applicable,817,Not Applicable,0,,
2024-07-29 18:50:00,CNR7407946967,Success,CID139105,Prime Sedan,MG Road,KR Puram,77.0,50.0,Not Applicable,Not Applicable,No,Not Applicable,487,Cash,32,3.0,3.5
2024-07-09 18:05:00,CNR8105814818,Driver Not Found,CID929120,Prime Plus,Sahakar Nagar,Langford Town,,,Not Applicable,Not Applicable,Not Applicable,Not Applicable,359,Not Applicable,0,,
2024-07-10 13:55:00,CNR2871020120,Success,CID340408,Prime SUV,Magadi Road,Bellandur,161.0,125.0,Not Applicable,Not Applicable,No,Not Applicable,446,Cash,12,4.1,4.3
2024-07-16 18:18:00,CNR8839115245,Driver Not Found,CID374706,Mini,KR Puram,KR Puram,,,Not Applicable,Not Applicable,Not Applicable,Not Applicable,282,Not Applicable,0,,
2024-07-28 15:40:00,CNR2250147648,Success,CID136989,Prime Sedan,Kengeri,Kadugodi,42.0,105.0,Not Applicable,Not Applicable,No,Not Applicable,203,UPI,9,3.3,4.9
2024-07-25 07:44:00,CNR9285347037,Success,CID966311,Prime Sedan,Mysore Road,Varthur,245.0,85.0,Not Applicable,Not Applicable,No,Not Applicable,998,Cash,18,4.2,4.3
2024-07-09 06:36:00,CNR4415449396,Success,CID692249,Prime SUV,Shivajinagar,Chickpet,231.0,80.0,Not Applicable,Not Applicable,No,Not Applicable,295,UPI,22,3.3,3.9
2024-07-01 10:46:00,CNR8238424090,Success,CID946607,Mini,Kadugodi,Mysore Road,182.0,120.0,Not Applicable,Not Applicable,No,Not Applicable,123,Cash,26,4.6,3.6
2024-07-29 07:04:00,CNR5060660960,Success,CID249617,eBike,Sarjapur Road,Rajarajeshwari Nagar,56.0,100.0,Not Applicable,Not Applicable,No,Not Applicable,2425,UPI,44,4.9,4.6
2024-07-18 22:18:00,CNR1595363404,Success,CID860209,Prime Plus,Devanahalli,Ramamurthy Nagar,273.0,35.0,Not Applicable,Not Applicable,Yes,Customer Demand,169,Cash,1,3.7,5.0
2024-07-06 20:49:00,CNR5196488528,Success,CID273383,eBike,Devanahalli,HSR Layout,35.0,95.0,Not Applicable,Not Applicable,No,Not Applicable,2237,UPI,11,3.8,3.2
2024-07-01 00:46:00,CNR9059571222,Canceled by Driver,CID329441,Prime SUV,Nagarbhavi,KR Puram,,,Not Applicable,Customer related issue,Not Applicable,Not Applicable,1229,Not Applicable,0,,
2024-07-03 07:47:00,CNR2313359214,Driver Not Found,CID536466,eBike,Yelahanka,Chickpet,,,Not Applicable,Not Applicable,Not Applicable,Not Applicable,702,Not Applicable,0,,
2024-07-26 11:01:00,CNR1600555836,Success,CID652467,Prime Plus,Kadugodi,Varthur,175.0,115.0,Not Applicable,Not Applicable,Yes,Vehicle Breakdown,1158,Cash,46,3.3,3.5
2024-07-19 02:04:00,CNR1506980466,Success,CID351177,Auto,Chickpet,HSR Layout,231.0,75.0,Not Applicable,Not Applicable,No,Not Applicable,195,UPI,8,4.4,3.9
2024-07-18 03:34:00,CNR4655794980,Success,CID549013,Bike,HSR Layout,Malleshwaram,266.0,145.0,Not Applicable,Not Applicable,No,Not Applicable,277,Cash,11,3.4,3.9
2024-07-19 23:49:00,CNR1044615000,Canceled by Driver,CID585739,Prime Plus,Bannerghatta Road,Hennur,,,Not Applicable,More than permitted people in there,Not Applicable,Not Applicable,423,Not Applicable,0,,
2024-07-15 02:19:00,CNR7471907559,Success,CID266167,Bike,Richmond Town,Cox Town,217.0,135.0,Not Applicable,Not Applicable,No,Not Applicable,133,UPI,35,3.6,5.0
2024-07-16 07:49:00,CNR4164872249,Success,CID299176,Prime Sedan,Hennur,Mysore Road,70.0,115.0,Not Applicable,Not Applicable,No,Not Applicable,2693,UPI,42,4.2,4.4
2024-07-19 18:25:00,CNR9317249074,Canceled by Driver,CID646628,Prime Sedan,Ulsoor,Hosur Road,,,Not Applicable,Customer related issue,Not Applicable,Not Applicable,457,Not Applicable,0,,
2024-07-11 15:28:00,CNR1360704558,Success,CID362172,eBike,Nagarbhavi,Padmanabhanagar,217.0,100.0,Not Applicable,Not Applicable,No,Not Applicable,969,Cash,15,3.5,4.8
2024-07-20 17:03:00,CNR5503420438,Driver Not Found,CID848216,Prime Plus,Marathahalli,Kammanahalli,,,Not Applicable,Not Applicable,Not Applicable,Not Applicable,527,Not Applicable,0,,
2024-07-30 21:24:00,CNR3632764524,Success,CID329169,eBike,Malleshwaram,Rajarajeshwari Nagar,308.0,40.0,Not Applicable,Not Applicable,No,Not Applicable,478,Cash,41,4.5,3.5
2024-07-08 18:31:00,CNR3450439649,Success,CID606644,Prime SUV,Chickpet,Bannerghatta Road,140.0,120.0,Not Applicable,Not Applicable,No,Not Applicable,2703,UPI,3,3.7,3.8
2024-07-02 22:47:00,CNR8566099954,Success,CID565215,Prime Plus,Ramamurthy Nagar,Ramamurthy Nagar,161.0,110.0,Not Applicable,Not Applicable,No,Not Applicable,363,UPI,37,3.1,4.8
2024-07-14 04:28:00,CNR3333764881,Success,CID541016,Prime Sedan,Koramangala,MG Road,238.0,55.0,Not Applicable,Not Applicable,No,Not Applicable,312,Cash,36,4.5,3.5
2024-07-03 14:25:00,CNR6315581529,Success,CID875432,Mini,Malleshwaram,Nagarbhavi,140.0,30.0,Not Applicable,Not Applicable,No,Not Applicable,428,Cash,40,3.9,4.2
2024-07-01 05:04:00,CNR4379885023,Driver Not Found,CID911163,Prime SUV,Hennur,Langford Town,,,Not Applicable,Not Applicable,Not Applicable,Not Applicable,386,Not Applicable,0,,
2024-07-28 22:57:00,CNR1348401251,Success,CID667422,Prime Sedan,Hennur,Electronic City,175.0,30.0,Not Applicable,Not Applicable,No,Not Applicable,886,Cash,43,4.4,3.6
2024-07-09 16:19:00,CNR5999048084,Success,CID677490,Mini,BTM Layout,Rajajinagar,252.0,105.0,Not Applicable,Not Applicable,No,Not Applicable,420,UPI,9,4.2,4.7
2024-07-18 12:23:00,CNR1974382593,Canceled by Driver,CID897998,Mini,MG Road,Magadi Road,,,Not Applicable,Personal & Car related issue,Not Applicable,Not Applicable,960,Not Applicable,0,,
2024-07-11 17:42:00,CNR5426294620,Success,CID586495,eBike,JP Nagar,Hosur Road,259.0,140.0,Not Applicable,Not Applicable,No,Not Applicable,359,UPI,49,3.7,4.4
2024-07-13 10:58:00,CNR4606803362,Success,CID752928,Mini,Sahakar Nagar,Langford Town,294.0,140.0,Not Applicable,Not Applicable,No,Not Applicable,448,Cash,19,3.2,3.3
2024-07-05 21:03:00,CNR8529922974,Canceled by Driver,CID730173,Prime Plus,HSR Layout,Yelahanka,,,Not Applicable,More than permitted people in there,Not Applicable,Not Applicable,497,Not Applicable,0,,
2024-07-19 12:10:00,CNR5615056733,Success,CID850145,eBike,Jayanagar,Indiranagar,147.0,50.0,Not Applicable,Not Applicable,No,Not Applicable,438,Cash,38,3.9,3.7
2024-07-29 11:07:00,CNR2553031359,Success,CID338293,Mini,Electronic City,Frazer Town,112.0,35.0,Not Applicable,Not Applicable,No,Not Applicable,121,Cash,43,4.1,4.7
2024-07-28 17:16:00,CNR6518957824,Success,CID979110,Auto,Rajarajeshwari Nagar,Rajarajeshwari Nagar,63.0,60.0,Not Applicable,Not Applicable,No,Not Applicable,205,Credit Card,8,3.0,4.5
2024-07-16 00:03:00,CNR6727931849,Success,CID261238,Prime Sedan,Cox Town,Tumkur Road,112.0,45.0,Not Applicable,Not Applicable,No,Not Applicable,814,Cash,20,3.3,4.5
2024-07-20 11:30:00,CNR1534665268,Success,CID529450,eBike,Chamarajpet,Tumkur Road,245.0,115.0,Not Applicable,Not Applicable,No,Not Applicable,336,UPI,11,4.0,3.8
2024-07-21 09:12:00,CNR5003632273,Driver Not Found,CID362577,Prime Plus,Yelahanka,Rajajinagar,,,Not Applicable,Not Applicable,Not Applicable,Not Applicable,493,Not Applicable,0,,
2024-07-03 15:54:00,CNR7261811830,Success,CID629696,Prime Plus,Malleshwaram,KR Puram,42.0,35.0,Not Applicable,Not Applicable,No,Not Applicable,939,Cash,8,4.4,4.6
2024-07-22 20:49:00,CNR3156198978,Driver Not Found,CID182087,Prime Plus,Electronic City,Ramamurthy Nagar,,,Not Applicable,Not Applicable,Not Applicable,Not Applicable,174,Not Applicable,0,,
2024-07-18 15:53:00,CNR9676501322,Canceled by Customer,CID528480,Prime Plus,Rajarajeshwari Nagar,Kammanahalli,,,Driver is not moving towards pickup location,Not Applicable,Not Applicable,Not Applicable,228,Not Applicable,0,,
2024-07-25 19:21:00,CNR5800346495,Canceled by Customer,CID688565,Bike,Chamarajpet,HSR Layout,,,Driver is not moving towards pickup location,Not Applicable,Not Applicable,Not Applicable,466,Not Applicable,0,,
2024-07-25 03:42:00,CNR7162153571,Canceled by Driver,CID940510,Prime SUV,Chickpet,Magadi Road,,,Not Applicable,Customer related issue,Not Applicable,Not Applicable,170,Not Applicable,0,,
2024-07-22 21:32:00,CNR3964489675,Canceled by Customer,CID306651,Prime SUV,Rajajinagar,Sarjapur Road,,,Driver is not moving towards pickup location,Not Applicable,Not Applicable,Not Applicable,335,Not Applicable,0,,
2024-07-16 17:24:00,CNR6310458915,Success,CID158141,Auto,Sahakar Nagar,BTM Layout,182.0,85.0,Not Applicable,Not Applicable,No,Not Applicable,243,Cash,10,4.2,3.6
2024-07-28 01:31:00,CNR5832783214,Canceled by Driver,CID869957,eBike,Indiranagar,Ulsoor,,,Not Applicable,Personal & Car related issue,Not Applicable,Not Applicable,655,Not Applicable,0,,
2024-07-22 20:07:00,CNR2387437082,Canceled by Customer,CID470167,Prime Sedan,MG Road,Tumkur Road,,,Driver asked to cancel,Not Applicable,Not Applicable,Not Applicable,907,Not Applicable,0,,
2024-07-29 20:00:00,CNR6513697443,Success,CID188187,eBike,Whitefield,Chickpet,126.0,80.0,Not Applicable,Not Applicable,No,Not Applicable,431,UPI,49,3.7,3.1
2024-07-16 11:43:00,CNR3067522682,Success,CID188813,Auto,Devanahalli,Bellandur,308.0,40.0,Not Applicable,Not Applicable,No,Not Applicable,142,UPI,4,3.9,3.8
2024-07-11 16:09:00,CNR8000908629,Success,CID263446,Prime Sedan,Koramangala,Yeshwanthpur,266.0,95.0,Not Applicable,Not Applicable,No,Not Applicable,461,Debit Card,24,4.2,3.3
2024-07-01 21:14:00,CNR7735336594,Canceled by Customer,CID282327,Prime Sedan,Malleshwaram,Tumkur Road,,,Driver is not moving towards pickup location,Not Applicable,Not Applicable,Not Applicable,400,Not Applicable,0,,
2024-07-29 21:30:00,CNR6490767516,Success,CID126294,eBike,Magadi Road,Chamarajpet,189.0,105.0,Not Applicable,Not Applicable,No,Not Applicable,264,Cash,20,3.1,3.4
2024-07-17 22:03:00,CNR1190793270,Success,CID949000,Bike,Bellandur,Bannerghatta Road,266.0,140.0,Not Applicable,Not Applicable,No,Not Applicable,499,Cash,24,3.4,3.7
2024-07-09 06:17:00,CNR4663032512,Success,CID900517,Prime SUV,Padmanabhanagar,Majestic,280.0,75.0,Not Applicable,Not Applicable,No,Not Applicable,340,UPI,24,4.9,3.3
2024-07-09 04:57:00,CNR8083013843,Canceled by Driver,CID574080,Auto,Bellandur,Majestic,,,Not Applicable,Customer related issue,Not Applicable,Not Applicable,331,Not Applicable,0,,
2024-07-11 23:29:00,CNR4615123316,Success,CID272309,Auto,Koramangala,Hennur,238.0,30.0,Not Applicable,Not Applicable,No,Not Applicable,193,Cash,4,5.0,5.0
2024-07-15 11:31:00,CNR7196136742,Driver Not Found,CID205164,Prime SUV,Padmanabhanagar,Padmanabhanagar,,,Not Applicable,Not Applicable,Not Applicable,Not Applicable,459,Not Applicable,0,,
2024-07-13 10:15:00,CNR8990840452,Canceled by Driver,CID344811,Auto,Devanahalli,Ramamurthy Nagar,,,Not Applicable,Personal & Car related issue,Not Applicable,Not Applicable,233,Not Applicable,0,,
2024-07-11 12:03:00,CNR4657612308,Driver Not Found,CID123398,eBike,Bellandur,Vijayanagar,,,Not Applicable,Not Applicable,Not Applicable,Not Applicable,512,Not Applicable,0,,
2024-07-22 09:04:00,CNR7337490439,Success,CID306893,Prime Sedan,JP Nagar,MG Road,273.0,90.0,Not Applicable,Not Applicable,No,Not Applicable,897,UPI,40,4.7,3.1
2024-07-30 09:30:00,CNR2725858279,Success,CID161644,Bike,BTM Layout,Marathahalli,112.0,90.0,Not Applicable,Not Applicable,No,Not Applicable,355,Debit Card,32,5.0,3.8
2024-07-19 09:57:00,CNR1618802677,Success,CID310347,Mini,RT Nagar,Bellandur,182.0,40.0,Not Applicable,Not Applicable,No,Not Applicable,256,Cash,31,4.8,3.1
2024-07-27 15:38:00,CNR4521945088,Canceled by Driver,CID205532,Prime Sedan,Rajarajeshwari Nagar,Nagarbhavi,,,Not Applicable,Personal & Car related issue,Not Applicable,Not Applicable,479,Not Applicable,0,,
2024-07-28 13:56:00,CNR4565034748,Success,CID928328,Bike,Electronic City,Bannerghatta Road,224.0,35.0,Not Applicable,Not Applicable,No,Not Applicable,430,Cash,37,3.1,4.1
2024-07-02 00:58:00,CNR7265784847,Canceled by Customer,CID815437,Prime Plus,Richmond Town,Devanahalli,,,Driver asked to cancel,Not Applicable,Not Applicable,Not Applicable,389,Not Applicable,0,,
2024-07-27 01:59:00,CNR3618624787,Canceled by Driver,CID857262,Auto,Rajajinagar,Electronic City,,,Not Applicable,Customer was coughing/sick,Not Applicable,Not Applicable,786,Not Applicable,0,,
2024-07-07 05:27:00,CNR8784756360,Success,CID770158,eBike,Shantinagar,Kammanahalli,112.0,30.0,Not Applicable,Not Applicable,No,Not Applicable,346,Debit Card,49,4.4,4.3
2024-07-24 08:59:00,CNR5803480670,Canceled by Driver,CID963248,Prime SUV,Peenya,Majestic,,,Not Applicable,Personal & Car related issue,Not Applicable,Not Applicable,1800,Not Applicable,0,,
2024-07-10 13:47:00,CNR5877096580,Success,CID642716,Prime Plus,Chamarajpet,Sarjapur Road,189.0,45.0,Not Applicable,Not Applicable,No,Not Applicable,217,Cash,47,4.6,4.2
2024-07-05 07:52:00,CNR9817314495,Success,CID762062,Bike,Majestic,Bellandur,266.0,80.0,Not Applicable,Not Applicable,No,Not Applicable,674,UPI,31,3.1,4.8
2024-07-19 01:51:00,CNR4322635131,Canceled by Customer,CID595780,Mini,Magadi Road,Chamarajpet,,,AC is Not working,Not Applicable,Not Applicable,Not Applicable,381,Not Applicable,0,,
2024-07-11 23:12:00,CNR4190878414,Success,CID325248,Prime SUV,Yelahanka,Hosur Road,112.0,95.0,Not Applicable,Not Applicable,No,Not Applicable,497,Cash,18,3.0,4.8
2024-07-22 01:28:00,CNR4990570721,Success,CID570559,eBike,Peenya,Tumkur Road,35.0,50.0,Not Applicable,Not Applicable,No,Not Applicable,492,Cash,34,3.7,4.9
2024-07-15 04:56:00,CNR2676436188,Canceled by Customer,CID107989,Auto,Hennur,Banashankari,,,Wrong Address,Not Applicable,Not Applicable,Not Applicable,328,Not Applicable,0,,
2024-07-19 22:43:00,CNR9484884044,Success,CID297630,Prime Plus,Indiranagar,Varthur,35.0,135.0,Not Applicable,Not Applicable,No,Not Applicable,834,Cash,2,3.8,3.0
2024-07-29 00:51:00,CNR5283555818,Success,CID146807,Mini,Cox Town,Shantinagar,126.0,110.0,Not Applicable,Not Applicable,No,Not Applicable,132,Credit Card,37,4.1,3.6
2024-07-20 18:27:00,CNR9315387931,Success,CID719568,Bike,Marathahalli,Kammanahalli,98.0,100.0,Not Applicable,Not Applicable,No,Not Applicable,282,Cash,37,4.2,3.1
2024-07-15 23:48:00,CNR1122430401,Driver Not Found,CID133425,Mini,Kammanahalli,Shivajinagar,,,Not Applicable,Not Applicable,Not Applicable,Not Applicable,788,Not Applicable,0,,
2024-07-05 05:00:00,CNR2638838064,Canceled by Customer,CID744586,Prime Plus,Cox Town,Rajarajeshwari Nagar,,,Driver is not moving towards pickup location,Not Applicable,Not Applicable,Not Applicable,437,Not Applicable,0,,
2024-07-18 05:18:00,CNR5283786174,Canceled by Driver,CID513977,Mini,Ramamurthy Nagar,Devanahalli,,,Not Applicable,Personal & Car related issue,Not Applicable,Not Applicable,162,Not Applicable,0,,
2024-07-22 16:57:00,CNR3324610574,Canceled by Driver,CID783105,Prime Sedan,Bannerghatta Road,Sahakar Nagar,,,Not Applicable,Customer related issue,Not Applicable,Not Applicable,113,Not Applicable,0,,
2024-07-23 15:35:00,CNR3644074024,Success,CID637863,Mini,Jayanagar,Nagarbhavi,238.0,110.0,Not Applicable,Not Applicable,No,Not Applicable,782,UPI,37,3.4,3.5
2024-07-25 22:44:00,CNR6574040583,Success,CID488967,Prime Plus,Padmanabhanagar,Sarjapur Road,287.0,135.0,Not Applicable,Not Applicable,No,Not Applicable,423,Cash,18,3.5,3.2
2024-07-06 12:53:00,CNR4864607822,Driver Not Found,CID877104,Bike,Hosur Road,Langford Town,,,Not Applicable,Not Applicable,Not Applicable,Not Applicable,600,Not Applicable,0,,
2024-07-06 20:20:00,CNR2699964944,Driver Not Found,CID964829,Bike,Indiranagar,Kengeri,,,Not Applicable,Not Applicable,Not Applicable,Not Applicable,222,Not Applicable,0,,
2024-07-07 23:57:00,CNR6940361324,Success,CID141231,Bike,Chamarajpet,Bellandur,154.0,80.0,Not Applicable,Not Applicable,No,Not Applicable,653,Cash,33,4.2,3.5
2024-07-19 10:05:00,CNR8256827089,Success,CID559172,Mini,Chickpet,Basavanagudi,133.0,25.0,Not Applicable,Not Applicable,No,Not Applicable,383,UPI,5,4.1,5.0
2024-07-10 09:00:00,CNR8780836201,Success,CID901231,Bike,Hulimavu,Indiranagar,175.0,100.0,Not Applicable,Not Applicable,No,Not Applicable,302,Cash,46,4.7,4.6
2024-07-14 09:27:00,CNR8306413690,Success,CID249266,Prime Plus,Whitefield,Koramangala,238.0,110.0,Not Applicable,Not Applicable,No,Not Applicable,148,UPI,24,3.7,3.5
2024-07-29 08:20:00,CNR3165770100,Canceled by Driver,CID873001,Auto,Sarjapur Road,Varthur,,,Not Applicable,Personal & Car related issue,Not Applicable,Not Applicable,263,Not Applicable,0,,
2024-07-07 17:39:00,CNR7808695865,Driver Not Found,CID455328,Auto,KR Puram,Sarjapur Road,,,Not Applicable,Not Applicable,Not Applicable,Not Applicable,126,Not Applicable,0,,
2024-07-22 18:01:00,CNR5170777551,Success,CID844879,Prime Sedan,Rajarajeshwari Nagar,HSR Layout,119.0,95.0,Not Applicable,Not Applicable,Yes,Customer Demand,393,UPI,49,3.1,4.4
2024-07-10 11:26:00,CNR1735033591,Success,CID653690,Bike,Majestic,RT Nagar,133.0,135.0,Not Applicable,Not Applicable,No,Not Applicable,479,UPI,26,4.5,3.3
2024-07-04 19:52:00,CNR4286396649,Success,CID205237,Prime Sedan,Kammanahalli,Yeshwanthpur,91.0,110.0,Not Applicable,Not Applicable,No,Not Applicable,268,Cash,36,3.7,3.7
2024-07-13 04:38:00,CNR8919141037,Success,CID293902,Prime SUV,Rajajinagar,Nagarbhavi,126.0,140.0,Not Applicable,Not Applicable,No,Not Applicable,369,Cash,29,4.1,3.6
2024-07-24 08:59:00,CNR8915615379,Success,CID101088,eBike,Koramangala,Mysore Road,287.0,65.0,Not Applicable,Not Applicable,Yes,Other Issue,278,UPI,41,3.9,4.2
2024-07-29 02:53:00,CNR7119994046,Success,CID538899,Mini,Bannerghatta Road,Tumkur Road,161.0,90.0,Not Applicable,Not Applicable,No,Not Applicable,675,Cash,1,4.3,4.5
2024-07-06 22:45:00,CNR7475432206,Canceled by Driver,CID395611,Prime SUV,Rajajinagar,BTM Layout,,,Not Applicable,Customer related issue,Not Applicable,Not Applicable,245,Not Applicable,0,,
2024-07-04 19:52:00,CNR7249852813,Canceled by Customer,CID465595,Auto,Bannerghatta Road,Ulsoor,,,Driver asked to cancel,Not Applicable,Not Applicable,Not Applicable,1178,Not Applicable,0,,
2024-07-19 09:40:00,CNR6179631755,Success,CID758919,Bike,Hosur Road,Nagarbhavi,231.0,65.0,Not Applicable,Not Applicable,Yes,Customer Demand,205,Cash,5,4.8,3.1
2024-07-06 06:56:00,CNR4754646363,Success,CID272581,Bike,Jayanagar,Sarjapur Road,98.0,125.0,Not Applicable,Not Applicable,No,Not Applicable,211,Cash,5,3.1,3.1
2024-07-23 04:31:00,CNR8878004149,Success,CID269448,Auto,Ulsoor,Hennur,259.0,135.0,Not Applicable,Not Applicable,No,Not Applicable,943,Cash,6,4.7,3.1
2024-07-23 14:15:00,CNR1429614655,Success,CID121479,Prime Plus,Hebbal,Padmanabhanagar,98.0,60.0,Not Applicable,Not Applicable,No,Not Applicable,595,UPI,25,4.5,4.6
2024-07-26 20:12:00,CNR6681069813,Success,CID268477,Bike,Nagarbhavi,Marathahalli,161.0,70.0,Not Applicable,Not Applicable,No,Not Applicable,838,UPI,41,3.0,3.3
2024-07-03 08:19:00,CNR6504729302,Canceled by Driver,CID528028,Bike,MG Road,Shantinagar,,,Not Applicable,Customer was coughing/sick,Not Applicable,Not Applicable,1453,Not Applicable,0,,
2024-07-01 15:33:00,CNR1878753588,Success,CID409379,Prime SUV,Ramamurthy Nagar,Bellandur,126.0,120.0,Not Applicable,Not Applicable,Yes,Customer Demand,310,Cash,45,4.6,4.7
2024-07-10 22:33:00,CNR2515384411,Driver Not Found,CID658440,eBike,Yeshwanthpur,MG Road,,,Not Applicable,Not Applicable,Not Applicable,Not Applicable,780,Not Applicable,0,,
2024-07-12 15:03:00,CNR2729664486,Canceled by Driver,CID934992,Prime SUV,Chickpet,Shantinagar,,,Not Applicable,Personal & Car related issue,Not Applicable,Not Applicable,425,Not Applicable,0,,
2024-07-16 14:09:00,CNR7506775870,Canceled by Driver,CID888667,Prime Plus,Nagarbhavi,Shivajinagar,,,Not Applicable,Personal & Car related issue,Not Applicable,Not Applicable,216,Not Applicable,0,,
2024-07-15 18:36:00,CNR2423088422,Success,CID480269,Auto,Hulimavu,Kammanahalli,70.0,65.0,Not Applicable,Not Applicable,No,Not Applicable,419,UPI,17,3.9,4.2
2024-07-01 00:35:00,CNR7483971296,Success,CID382528,Prime Sedan,Hennur,Mysore Road,189.0,130.0,Not Applicable,Not Applicable,No,Not Applicable,2741,Cash,40,3.5,4.0
2024-07-01 07:37:00,CNR1059504312,Canceled by Customer,CID662258,Prime SUV,Kammanahalli,Bellandur,,,Driver asked to cancel,Not Applicable,Not Applicable,Not Applicable,944,Not Applicable,0,,
2024-07-18 10:22:00,CNR9683613984,Canceled by Driver,CID827333,eBike,Hulimavu,Majestic,,,Not Applicable,Personal & Car related issue,Not Applicable,Not Applicable,275,Not Applicable,0,,
2024-07-15 16:29:00,CNR4769723054,Canceled by Customer,CID847756,Prime SUV,Mysore Road,Sahakar Nagar,,,Driver is not moving towards pickup location,Not Applicable,Not Applicable,Not Applicable,262,Not Applicable,0,,
2024-07-25 04:03:00,CNR8413971102,Success,CID854194,Prime SUV,Hosur Road,BTM Layout,259.0,60.0,Not Applicable,Not Applicable,No,Not Applicable,289,UPI,41,4.8,3.1
2024-07-26 16:15:00,CNR3155332073,Driver Not Found,CID448721,Prime Plus,Rajarajeshwari Nagar,HSR Layout,,,Not Applicable,Not Applicable,Not Applicable,Not Applicable,213,Not Applicable,0,,
2024-07-15 07:38:00,CNR9475662597,Success,CID749767,Prime Plus,Chamarajpet,HSR Layout,203.0,25.0,Not Applicable,Not Applicable,No,Not Applicable,258,Cash,45,3.3,4.3
2024-07-15 11:29:00,CNR1362952384,Success,CID185476,Prime Plus,Shantinagar,KR Puram,147.0,135.0,Not Applicable,Not Applicable,No,Not Applicable,496,Cash,8,4.7,4.2
2024-07-21 04:24:00,CNR2063640544,Success,CID311371,Prime Plus,Ulsoor,MG Road,287.0,35.0,Not Applicable,Not Applicable,No,Not Applicable,123,Credit Card,12,4.1,4.7
2024-07-03 20:26:00,CNR5919257647,Success,CID785476,Prime Plus,Magadi Road,Kammanahalli,112.0,80.0,Not Applicable,Not Applicable,No,Not Applicable,2033,Cash,39,3.4,4.3
2024-07-23 01:44:00,CNR3486527155,Success,CID517950,Prime Plus,Jayanagar,Cox Town,210.0,35.0,Not Applicable,Not Applicable,No,Not Applicable,104,Credit Card,23,4.7,4.7
2024-07-11 07:24:00,CNR7047355541,Canceled by Customer,CID780315,Prime Plus,BTM Layout,JP Nagar,,,AC is Not working,Not Applicable,Not Applicable,Not Applicable,331,Not Applicable,0,,
2024-07-13 05:44:00,CNR8174760315,Success,CID844266,Mini,Whitefield,Ulsoor,42.0,100.0,Not Applicable,Not Applicable,No,Not Applicable,300,Cash,45,3.7,4.8
2024-07-21 21:11:00,CNR2855129343,Success,CID554662,eBike,Majestic,Banashankari,189.0,100.0,Not Applicable,Not Applicable,No,Not Applicable,440,UPI,45,4.3,4.4
2024-07-07 12:42:00,CNR3945977376,Success,CID649846,eBike,Jayanagar,Shivajinagar,224.0,105.0,Not Applicable,Not Applicable,Yes,Other Issue,919,Cash,40,4.4,3.7
2024-07-01 11:17:00,CNR8250943431,Canceled by Driver,CID219102,Bike,Hulimavu,Mysore Road,,,Not Applicable,Personal & Car related issue,Not Applicable,Not Applicable,768,Not Applicable,0,,
2024-07-09 13:50:00,CNR3647109618,Canceled by Driver,CID873763,Mini,Ramamurthy Nagar,JP Nagar,,,Not Applicable,Personal & Car related issue,Not Applicable,Not Applicable,488,Not Applicable,0,,
2024-07-29 04:06:00,CNR5389526576,Success,CID387914,Bike,Yelahanka,Devanahalli,175.0,25.0,Not Applicable,Not Applicable,No,Not Applicable,275,UPI,40,3.6,4.1
2024-07-05 15:18:00,CNR5705219855,Success,CID181481,Prime Sedan,Hulimavu,Rajajinagar,63.0,85.0,Not Applicable,Not Applicable,No,Not Applicable,186,Cash,27,3.3,4.0
2024-07-25 17:23:00,CNR6566561252,Canceled by Customer,CID511842,Auto,Shivajinagar,Cox Town,,,Wrong Address,Not Applicable,Not Applicable,Not Applicable,131,Not Applicable,0,,
2024-07-07 18:10:00,CNR2572707729,Success,CID937263,Bike,Mysore Road,Ramamurthy Nagar,273.0,55.0,Not Applicable,Not Applicable,No,Not Applicable,159,Credit Card,35,4.5,3.1
2024-07-23 12:35:00,CNR8250024950,Driver Not Found,CID268832,Auto,Shivajinagar,Marathahalli,,,Not Applicable,Not Applicable,Not Applicable,Not Applicable,2800,Not Applicable,0,,
2024-07-07 03:42:00,CNR1568296592,Canceled by Customer,CID147556,Bike,Electronic City,Yeshwanthpur,,,AC is Not working,Not Applicable,Not Applicable,Not Applicable,798,Not Applicable,0,,
2024-07-01 18:01:00,CNR3231552366,Success,CID318173,eBike,Koramangala,Sahakar Nagar,238.0,95.0,Not Applicable,Not Applicable,No,Not Applicable,724,Cash,4,3.3,3.5
2024-07-04 20:52:00,CNR8878008552,Canceled by Customer,CID435956,Mini,Sarjapur Road,HSR Layout,,,AC is Not working,Not Applicable,Not Applicable,Not Applicable,2084,Not Applicable,0,,
2024-07-05 02:45:00,CNR4240313066,Canceled by Driver,CID723660,Auto,Indiranagar,Kengeri,,,Not Applicable,Customer related issue,Not Applicable,Not Applicable,986,Not Applicable,0,,
2024-07-05 11:25:00,CNR6645438249,Success,CID898767,Prime Plus,Bannerghatta Road,Chamarajpet,56.0,135.0,Not Applicable,Not Applicable,No,Not Applicable,354,UPI,6,3.3,5.0
2024-07-09 08:43:00,CNR6117892066,Success,CID914120,Prime Plus,BTM Layout,JP Nagar,252.0,75.0,Not Applicable,Not Applicable,No,Not Applicable,128,UPI,35,3.8,4.7
2024-07-16 17:39:00,CNR1950703618,Canceled by Driver,CID107164,Auto,Hulimavu,Peenya,,,Not Applicable,Personal & Car related issue,Not Applicable,Not Applicable,577,Not Applicable,0,,
2024-07-03 05:58:00,CNR7172254540,Success,CID178405,Bike,Koramangala,KR Puram,252.0,65.0,Not Applicable,Not Applicable,No,Not Applicable,199,UPI,1,3.4,3.3
2024-07-30 18:58:00,CNR9690670866,Canceled by Driver,CID822700,Prime SUV,Malleshwaram,Banashankari,,,Not Applicable,Customer was coughing/sick,Not Applicable,Not Applicable,2102,Not Applicable,0,,
2024-07-19 23:40:00,CNR7224768259,Success,CID244163,Mini,Ramamurthy Nagar,Malleshwaram,91.0,140.0,Not Applicable,Not Applicable,No,Not Applicable,433,UPI,2,4.0,4.8
2024-07-17 05:23:00,CNR1244758993,Canceled by Customer,CID988341,Prime Plus,Rajarajeshwari Nagar,HSR Layout,,,Driver is not moving towards pickup location,Not Applicable,Not Applicable,Not Applicable,391,Not Applicable,0,,
2024-07-21 02:11:00,CNR7025987290,Success,CID232434,Auto,Indiranagar,Rajajinagar,203.0,75.0,Not Applicable,Not Applicable,No,Not Applicable,124,Cash,15,4.0,4.2
2024-07-30 07:45:00,CNR9953297614,Driver Not Found,CID489305,Mini,Hebbal,Hulimavu,,,Not Applicable,Not Applicable,Not Applicable,Not Applicable,302,Not Applicable,0,,
2024-07-27 01:27:00,CNR4299436269,Canceled by Driver,CID962023,Prime Plus,RT Nagar,Kengeri,,,Not Applicable,Customer related issue,Not Applicable,Not Applicable,737,Not Applicable,0,,
2024-07-24 18:28:00,CNR1396313670,Success,CID322501,Auto,Hennur,Yeshwanthpur,196.0,85.0,Not Applicable,Not Applicable,No,Not Applicable,142,UPI,3,3.2,4.9
2024-07-03 13:36:00,CNR4999803279,Success,CID230484,Mini,Richmond Town,Hulimavu,63.0,70.0,Not Applicable,Not Applicable,No,Not Applicable,334,Cash,14,3.6,3.6
2024-07-05 08:27:00,CNR4817790353,Success,CID277559,Prime Sedan,Padmanabhanagar,Indiranagar,147.0,120.0,Not Applicable,Not Applicable,No,Not Applicable,129,Cash,21,3.2,3.6
2024-07-14 06:31:00,CNR4229688407,Canceled by Driver,CID335091,Bike,Indiranagar,BTM Layout,,,Not Applicable,Personal & Car related issue,Not Applicable,Not Applicable,234,Not Applicable,0,,
2024-07-18 11:14:00,CNR6921446920,Success,CID862165,Prime Sedan,Chamarajpet,Frazer Town,105.0,25.0,Not Applicable,Not Applicable,No,Not Applicable,1405,Cash,46,4.3,3.2
2024-07-19 22:16:00,CNR8937909757,Success,CID617949,Prime Sedan,Nagarbhavi,Cox Town,182.0,70.0,Not Applicable,Not Applicable,No,Not Applicable,1585,Cash,32,3.0,3.5
2024-07-14 12:19:00,CNR5679762167,Canceled by Customer,CID373094,Auto,Rajarajeshwari Nagar,Padmanabhanagar,,,Driver is not moving towards pickup location,Not Applicable,Not Applicable,Not Applicable,232,Not Applicable,0,,
2024-07-11 22:54:00,CNR1174581557,Driver Not Found,CID669844,Mini,Kadugodi,Frazer Town,,,Not Applicable,Not Applicable,Not Applicable,Not Applicable,153,Not Applicable,0,,
2024-07-10 18:03:00,CNR4546242076,Success,CID494163,Mini,Frazer Town,MG Road,98.0,90.0,Not Applicable,Not Applicable,No,Not Applicable,126,Cash,9,4.4,3.6
2024-07-05 17:53:00,CNR2456435545,Success,CID376945,Prime Sedan,RT Nagar,Vijayanagar,140.0,80.0,Not Applicable,Not Applicable,No,Not Applicable,988,Cash,48,3.6,3.3
2024-07-30 19:12:00,CNR9217321845,Success,CID498724,Prime SUV,Ramamurthy Nagar,Hulimavu,217.0,40.0,Not Applicable,Not Applicable,No,Not Applicable,236,UPI,9,3.7,3.8
2024-07-11 17:53:00,CNR2339395691,Driver Not Found,CID580871,Prime Sedan,Hulimavu,Bellandur,,,Not Applicable,Not Applicable,Not Applicable,Not Applicable,150,Not Applicable,0,,
2024-07-02 08:32:00,CNR4543084857,Canceled by Customer,CID640009,Prime SUV,Nagarbhavi,Padmanabhanagar,,,AC is Not working,Not Applicable,Not Applicable,Not Applicable,2835,Not Applicable,0,,
2024-07-29 21:03:00,CNR2409454276,Success,CID997732,Prime Sedan,Hulimavu,Banashankari,273.0,95.0,Not Applicable,Not Applicable,Yes,Vehicle Breakdown,116,UPI,12,4.9,3.4
2024-07-24 02:58:00,CNR6962664302,Success,CID894808,Mini,MG Road,Vijayanagar,98.0,140.0,Not Applicable,Not Applicable,No,Not Applicable,160,UPI,28,3.7,4.4
2024-07-02 03:40:00,CNR6459412556,Success,CID555295,Mini,Devanahalli,Basavanagudi,175.0,140.0,Not Applicable,Not Applicable,No,Not Applicable,564,UPI,25,4.8,4.2
2024-07-22 22:53:00,CNR9154966837,Canceled by Customer,CID385428,Bike,Basavanagudi,RT Nagar,,,Change of plans,Not Applicable,Not Applicable,Not Applicable,440,Not Applicable,0,,
2024-07-08 00:01:00,CNR9495823122,Canceled by Customer,CID462088,Prime Sedan,Nagarbhavi,Chickpet,,,Change of plans,Not Applicable,Not Applicable,Not Applicable,596,Not Applicable,0,,
2024-07-10 04:17:00,CNR7586162361,Canceled by Driver,CID215268,Prime Sedan,Hebbal,JP Nagar,,,Not Applicable,More than permitted people in there,Not Applicable,Not Applicable,362,Not Applicable,0,,
2024-07-27 06:45:00,CNR6576437041,Canceled by Customer,CID746394,eBike,Hosur Road,Marathahalli,,,Driver is not moving towards pickup location,Not Applicable,Not Applicable,Not Applicable,412,Not Applicable,0,,
2024-07-20 06:52:00,CNR6095688184,Canceled by Customer,CID887525,Prime Plus,Cox Town,Bellandur,,,Wrong Address,Not Applicable,Not Applicable,Not Applicable,413,Not Applicable,0,,
2024-07-19 07:47:00,CNR6348839663,Success,CID761151,Bike,Hebbal,Marathahalli,175.0,80.0,Not Applicable,Not Applicable,No,Not Applicable,1155,UPI,43,3.6,4.6
2024-07-30 10:20:00,CNR7488112236,Canceled by Customer,CID333376,Prime Sedan,Peenya,MG Road,,,Driver asked to cancel,Not Applicable,Not Applicable,Not Applicable,387,Not Applicable,0,,
2024-07-06 19:48:00,CNR9569258854,Success,CID579890,Prime Sedan,Shivajinagar,Banashankari,154.0,120.0,Not Applicable,Not Applicable,No,Not Applicable,131,Cash,40,4.3,4.1
2024-07-25 23:20:00,CNR4803111555,Success,CID449202,Prime SUV,Hebbal,Cox Town,238.0,65.0,Not Applicable,Not Applicable,No,Not Applicable,624,Cash,18,5.0,3.1
2024-07-11 11:40:00,CNR9925787749,Success,CID125528,Prime Plus,Hulimavu,Basavanagudi,77.0,55.0,Not Applicable,Not Applicable,No,Not Applicable,2412,UPI,11,4.8,3.6
2024-07-09 03:52:00,CNR8787081618,Success,CID246128,eBike,Chickpet,Koramangala,245.0,130.0,Not Applicable,Not Applicable,Yes,Other Issue,123,Cash,12,4.8,3.5
2024-07-30 06:39:00,CNR8489237752,Success,CID796181,eBike,Shivajinagar,Basavanagudi,35.0,90.0,Not Applicable,Not Applicable,Yes,Vehicle Breakdown,401,Cash,1,4.1,4.5
2024-07-20 22:58:00,CNR2540055727,Success,CID708176,Prime Sedan,Banashankari,Majestic,161.0,25.0,Not Applicable,Not Applicable,No,Not Applicable,373,Debit Card,34,3.4,4.4
2024-07-29 08:22:00,CNR6861957031,Canceled by Driver,CID551097,Auto,Tumkur Road,KR Puram,,,Not Applicable,Customer related issue,Not Applicable,Not Applicable,236,Not Applicable,0,,
2024-07-29 08:13:00,CNR4537935402,Canceled by Customer,CID582405,Prime SUV,Hennur,Banashankari,,,Driver asked to cancel,Not Applicable,Not Applicable,Not Applicable,695,Not Applicable,0,,
2024-07-28 19:00:00,CNR4713658844,Success,CID893587,Bike,Bellandur,Electronic City,105.0,135.0,Not Applicable,Not Applicable,No,Not Applicable,163,UPI,44,3.1,4.0
2024-07-12 03:55:00,CNR5551182224,Success,CID789430,Bike,Electronic City,Vijayanagar,70.0,60.0,Not Applicable,Not Applicable,No,Not Applicable,831,UPI,26,3.1,4.5
2024-07-16 19:14:00,CNR5370055612,Success,CID203996,Mini,Bellandur,BTM Layout,140.0,130.0,Not Applicable,Not Applicable,No,Not Applicable,472,Cash,32,4.9,4.3
2024-07-25 11:20:00,CNR1791876655,Canceled by Customer,CID797161,Mini,Marathahalli,Chickpet,,,Driver asked to cancel,Not Applicable,Not Applicable,Not Applicable,440,Not Applicable,0,,
2024-07-10 15:58:00,CNR4737321270,Success,CID831565,Prime Plus,Electronic City,Cox Town,154.0,145.0,Not Applicable,Not Applicable,No,Not Applicable,102,UPI,6,3.8,3.7
2024-07-30 16:10:00,CNR6873920180,Success,CID525108,Prime Plus,JP Nagar,Frazer Town,224.0,100.0,Not Applicable,Not Applicable,No,Not Applicable,189,Cash,27,4.0,4.1
2024-07-02 15:18:00,CNR6803935927,Success,CID785682,Prime SUV,Bannerghatta Road,Majestic,154.0,35.0,Not Applicable,Not Applicable,No,Not Applicable,309,UPI,45,3.5,3.8
2024-07-14 19:07:00,CNR8857582847,Driver Not Found,CID139546,Prime Sedan,Tumkur Road,Langford Town,,,Not Applicable,Not Applicable,Not Applicable,Not Applicable,452,Not Applicable,0,,
2024-07-19 06:26:00,CNR7123863795,Canceled by Driver,CID998998,Bike,Magadi Road,Tumkur Road,,,Not Applicable,Customer related issue,Not Applicable,Not Applicable,432,Not Applicable,0,,
2024-07-30 03:56:00,CNR8945647646,Success,CID697183,Mini,Indiranagar,Ramamurthy Nagar,77.0,80.0,Not Applicable,Not Applicable,No,Not Applicable,476,Cash,15,4.5,4.4
2024-07-02 15:30:00,CNR6403765994,Success,CID808330,Prime Plus,Indiranagar,Shivajinagar,280.0,25.0,Not Applicable,Not Applicable,No,Not Applicable,138,Cash,36,4.3,4.5
2024-07-05 17:01:00,CNR6756177527,Success,CID818641,Bike,Kengeri,Indiranagar,189.0,110.0,Not Applicable,Not Applicable,No,Not Applicable,185,Credit Card,7,3.3,4.7
2024-07-14 18:10:00,CNR1056653354,Success,CID569540,Auto,Marathahalli,HSR Layout,273.0,50.0,Not Applicable,Not Applicable,No,Not Applicable,227,UPI,15,3.3,3.6
2024-07-04 16:47:00,CNR1028545081,Success,CID929474,Auto,Malleshwaram,Yeshwanthpur,84.0,120.0,Not Applicable,Not Applicable,No,Not Applicable,478,UPI,11,3.7,3.5
2024-07-25 19:25:00,CNR2806591034,Success,CID370950,Mini,Koramangala,Tumkur Road,63.0,80.0,Not Applicable,Not Applicable,No,Not Applicable,1264,Cash,27,4.7,4.8
2024-07-14 06:08:00,CNR2315348035,Success,CID413238,Prime Plus,Koramangala,Electronic City,308.0,105.0,Not Applicable,Not Applicable,No,Not Applicable,209,UPI,43,4.5,4.7
2024-07-26 09:39:00,CNR1259864168,Success,CID559293,eBike,Cox Town,Padmanabhanagar,266.0,30.0,Not Applicable,Not Applicable,No,Not Applicable,261,UPI,20,3.8,3.1
2024-07-25 22:27:00,CNR6735068235,Canceled by Customer,CID786222,Prime Sedan,Hosur Road,Basavanagudi,,,Driver asked to cancel,Not Applicable,Not Applicable,Not Applicable,870,Not Applicable,0,,
2024-07-17 12:59:00,CNR5978422102,Canceled by Driver,CID743043,Mini,Devanahalli,Ulsoor,,,Not Applicable,More than permitted people in there,Not Applicable,Not Applicable,280,Not Applicable,0,,
2024-07-30 16:26:00,CNR3938675683,Canceled by Driver,CID615051,Prime SUV,Vijayanagar,Marathahalli,,,Not Applicable,Personal & Car related issue,Not Applicable,Not Applicable,135,Not Applicable,0,,
2024-07-08 00:31:00,CNR1004783868,Success,CID968908,Prime Plus,Hebbal,Hosur Road,259.0,35.0,Not Applicable,Not Applicable,No,Not Applicable,442,Cash,11,4.6,4.1
2024-07-30 02:38:00,CNR3373956516,Driver Not Found,CID490845,Prime Sedan,Hebbal,Jayanagar,,,Not Applicable,Not Applicable,Not Applicable,Not Applicable,1881,Not Applicable,0,,
2024-07-11 00:12:00,CNR1365592759,Success,CID127556,Prime Plus,Electronic City,Bannerghatta Road,168.0,110.0,Not Applicable,Not Applicable,No,Not Applicable,644,UPI,49,4.7,3.7
2024-07-04 21:02:00,CNR2460980530,Success,CID386466,Prime Plus,Chickpet,Indiranagar,182.0,65.0,Not Applicable,Not Applicable,No,Not Applicable,131,Cash,4,4.5,3.3
2024-07-25 14:45:00,CNR3082003450,Success,CID426475,Prime Sedan,Hebbal,Hebbal,91.0,65.0,Not Applicable,Not Applicable,No,Not Applicable,879,Cash,4,5.0,4.8
2024-07-13 13:09:00,CNR4518820892,Success,CID462303,Bike,Magadi Road,Yelahanka,168.0,55.0,Not Applicable,Not Applicable,No,Not Applicable,106,Cash,21,4.6,4.1
2024-07-09 16:04:00,CNR1179909507,Success,CID788389,Prime SUV,Sarjapur Road,Koramangala,35.0,60.0,Not Applicable,Not Applicable,Yes,Vehicle Breakdown,498,Cash,11,4.0,3.5
2024-07-11 20:10:00,CNR2996056455,Success,CID709184,Prime SUV,Shantinagar,Sarjapur Road,140.0,100.0,Not Applicable,Not Applicable,No,Not Applicable,588,Cash,11,4.1,3.6
2024-07-01 00:56:00,CNR1859686384,Success,CID284712,Bike,Ramamurthy Nagar,Shivajinagar,203.0,120.0,Not Applicable,Not Applicable,No,Not Applicable,360,UPI,23,3.7,3.7
2024-07-12 15:05:00,CNR9501755165,Success,CID662085,Auto,HSR Layout,BTM Layout,231.0,110.0,Not Applicable,Not Applicable,No,Not Applicable,309,UPI,1,4.7,4.2
2024-07-17 18:18:00,CNR8894324351,Success,CID196025,Mini,Nagarbhavi,MG Road,98.0,100.0,Not Applicable,Not Applicable,No,Not Applicable,753,UPI,47,4.1,3.2
2024-07-29 10:49:00,CNR6838218811,Success,CID123593,Prime Plus,Koramangala,Hennur,203.0,75.0,Not Applicable,Not Applicable,Yes,Vehicle Breakdown,642,Cash,46,4.4,5.0
2024-07-01 12:08:00,CNR2974726685,Driver Not Found,CID721612,Bike,Varthur,Koramangala,,,Not Applicable,Not Applicable,Not Applicable,Not Applicable,624,Not Applicable,0,,
2024-07-19 17:45:00,CNR2619888138,Success,CID422321,Prime SUV,Banashankari,Banashankari,133.0,120.0,Not Applicable,Not Applicable,No,Not Applicable,713,Cash,13,4.7,4.3
2024-07-01 22:51:00,CNR7778385376,Canceled by Driver,CID347634,Bike,Kammanahalli,Yeshwanthpur,,,Not Applicable,Personal & Car related issue,Not Applicable,Not Applicable,151,Not Applicable,0,,
2024-07-12 19:21:00,CNR9328335353,Success,CID338886,Mini,Hebbal,Basavanagudi,294.0,90.0,Not Applicable,Not Applicable,No,Not Applicable,216,UPI,2,3.2,3.6
2024-07-01 03:14:00,CNR1696115143,Success,CID886759,Bike,Frazer Town,Shivajinagar,133.0,60.0,Not Applicable,Not Applicable,No,Not Applicable,951,UPI,29,4.8,4.7
2024-07-13 05:31:00,CNR6937327130,Driver Not Found,CID825574,eBike,Richmond Town,Basavanagudi,,,Not Applicable,Not Applicable,Not Applicable,Not Applicable,190,Not Applicable,0,,
2024-07-01 05:42:00,CNR4387476599,Driver Not Found,CID216301,Bike,Yeshwanthpur,Magadi Road,,,Not Applicable,Not Applicable,Not Applicable,Not Applicable,121,Not Applicable,0,,
2024-07-09 14:48:00,CNR5237756733,Success,CID139682,Bike,Kammanahalli,Ramamurthy Nagar,245.0,55.0,Not Applicable,Not Applicable,No,Not Applicable,636,UPI,33,3.5,4.5
2024-07-10 17:09:00,CNR7253093478,Success,CID956468,Auto,KR Puram,Shivajinagar,182.0,105.0,Not Applicable,Not Applicable,No,Not Applicable,2867,Credit Card,19,3.1,4.2
2024-07-06 00:44:00,CNR9110351330,Canceled by Customer,CID904140,Auto,Chamarajpet,Frazer Town,,,Driver is not moving towards pickup location,Not Applicable,Not Applicable,Not Applicable,196,Not Applicable,0,,
2024-07-11 18:47:00,CNR2102903759,Success,CID556364,Prime Plus,Mysore Road,Peenya,266.0,115.0,Not Applicable,Not Applicable,No,Not Applicable,1279,Cash,42,3.9,3.3
2024-07-28 08:51:00,CNR6488330805,Success,CID583941,eBike,Kengeri,RT Nagar,133.0,65.0,Not Applicable,Not Applicable,No,Not Applicable,190,Debit Card,17,4.2,4.0
2024-07-01 22:32:00,CNR1916223788,Canceled by Driver,CID596777,Auto,Yeshwanthpur,Basavanagudi,,,Not Applicable,Customer was coughing/sick,Not Applicable,Not Applicable,291,Not Applicable,0,,
2024-07-27 16:42:00,CNR9243654814,Success,CID104280,Auto,Padmanabhanagar,Varthur,245.0,75.0,Not Applicable,Not Applicable,No,Not Applicable,753,Cash,2,4.9,4.4
2024-07-16 05:24:00,CNR9689996257,Canceled by Customer,CID590440,eBike,Mysore Road,HSR Layout,,,Driver asked to cancel,Not Applicable,Not Applicable,Not Applicable,396,Not Applicable,0,,
2024-07-16 23:52:00,CNR1036408487,Canceled by Customer,CID929446,Mini,Padmanabhanagar,Peenya,,,Wrong Address,Not Applicable,Not Applicable,Not Applicable,473,Not Applicable,0,,
2024-07-23 22:37:00,CNR2615890091,Success,CID881839,Bike,Indiranagar,Richmond Town,217.0,115.0,Not Applicable,Not Applicable,No,Not Applicable,130,Credit Card,35,3.6,3.1
2024-07-08 01:20:00,CNR2781822647,Driver Not Found,CID651581,Prime Plus,Rajarajeshwari Nagar,KR Puram,,,Not Applicable,Not Applicable,Not Applicable,Not Applicable,134,Not Applicable,0,,
2024-07-08 20:30:00,CNR8499337340,Driver Not Found,CID247942,Prime Plus,Bellandur,Hosur Road,,,Not Applicable,Not Applicable,Not Applicable,Not Applicable,424,Not Applicable,0,,
2024-07-02 06:00:00,CNR9877449419,Success,CID296489,Prime Sedan,Rajajinagar,Sarjapur Road,231.0,50.0,Not Applicable,Not Applicable,No,Not Applicable,278,Cash,17,4.4,5.0
2024-07-07 14:45:00,CNR9400498474,Canceled by Customer,CID141226,Prime Plus,HSR Layout,Sahakar Nagar,,,AC is Not working,Not Applicable,Not Applicable,Not Applicable,106,Not Applicable,0,,
2024-07-18 21:47:00,CNR7550795181,Canceled by Driver,CID419656,Bike,Sahakar Nagar,Electronic City,,,Not Applicable,Customer related issue,Not Applicable,Not Applicable,381,Not Applicable,0,,
2024-07-09 16:44:00,CNR4474164391,Canceled by Customer,CID208542,Mini,RT Nagar,Koramangala,,,Driver is not moving towards pickup location,Not Applicable,Not Applicable,Not Applicable,418,Not Applicable,0,,
2024-07-26 04:11:00,CNR9111032657,Canceled by Driver,CID687590,Prime SUV,Ulsoor,Marathahalli,,,Not Applicable,More than permitted people in there,Not Applicable,Not Applicable,365,Not Applicable,0,,
2024-07-11 22:08:00,CNR3349638936,Success,CID906024,Auto,Chamarajpet,Varthur,217.0,25.0,Not Applicable,Not Applicable,No,Not Applicable,377,Debit Card,6,4.5,3.4
2024-07-16 14:29:00,CNR4330355024,Success,CID480505,Prime SUV,Yelahanka,Magadi Road,119.0,55.0,Not Applicable,Not Applicable,No,Not Applicable,605,Cash,36,4.7,3.2
2024-07-16 14:57:00,CNR3325824628,Success,CID299508,Prime Sedan,Whitefield,Mysore Road,217.0,135.0,Not Applicable,Not Applicable,No,Not Applicable,322,UPI,25,3.4,3.9
2024-07-28 07:16:00,CNR2716280507,Canceled by Driver,CID619966,Prime Plus,Jayanagar,Kadugodi,,,Not Applicable,Personal & Car related issue,Not Applicable,Not Applicable,461,Not Applicable,0,,
2024-07-23 05:04:00,CNR2654799151,Driver Not Found,CID725472,eBike,RT Nagar,Cox Town,,,Not Applicable,Not Applicable,Not Applicable,Not Applicable,189,Not Applicable,0,,
2024-07-08 02:21:00,CNR7738330253,Canceled by Driver,CID935390,Mini,HSR Layout,Peenya,,,Not Applicable,More than permitted people in there,Not Applicable,Not Applicable,366,Not Applicable,0,,
2024-07-18 05:25:00,CNR2234487899,Canceled by Driver,CID896043,Prime Plus,Padmanabhanagar,Hennur,,,Not Applicable,Personal & Car related issue,Not Applicable,Not Applicable,905,Not Applicable,0,,
2024-07-24 07:09:00,CNR1525293631,Driver Not Found,CID325543,Prime Sedan,KR Puram,Yelahanka,,,Not Applicable,Not Applicable,Not Applicable,Not Applicable,530,Not Applicable,0,,
2024-07-10 04:22:00,CNR6154064010,Success,CID765127,Prime Sedan,Chickpet,Richmond Town,112.0,120.0,Not Applicable,Not Applicable,No,Not Applicable,879,UPI,22,4.0,5.0
2024-07-28 19:21:00,CNR7096011474,Success,CID425982,Auto,Whitefield,Hennur,91.0,135.0,Not Applicable,Not Applicable,No,Not Applicable,334,Cash,8,4.3,3.5
2024-07-13 03:56:00,CNR9045302788,Success,CID531532,Prime Sedan,Banashankari,Devanahalli,112.0,55.0,Not Applicable,Not Applicable,No,Not Applicable,435,UPI,28,4.5,4.7
2024-07-19 21:40:00,CNR7383159142,Driver Not Found,CID508885,Auto,Rajarajeshwari Nagar,BTM Layout,,,Not Applicable,Not Applicable,Not Applicable,Not Applicable,229,Not Applicable,0,,
2024-07-22 14:24:00,CNR5484935135,Success,CID549074,Mini,Langford Town,Shantinagar,245.0,80.0,Not Applicable,Not Applicable,No,Not Applicable,1324,UPI,1,3.9,4.4
2024-07-07 06:10:00,CNR8535098538,Success,CID184292,Auto,Vijayanagar,Whitefield,84.0,45.0,Not Applicable,Not Applicable,No,Not Applicable,258,Cash,4,3.7,3.0
2024-07-09 15:11:00,CNR9454019880,Driver Not Found,CID915360,Bike,RT Nagar,Nagarbhavi,,,Not Applicable,Not Applicable,Not Applicable,Not Applicable,367,Not Applicable,0,,
2024-07-03 19:15:00,CNR6414251788,Success,CID368942,Auto,Hosur Road,Sahakar Nagar,98.0,45.0,Not Applicable,Not Applicable,No,Not Applicable,847,Cash,14,3.4,4.5
2024-07-25 09:58:00,CNR6555887251,Canceled by Customer,CID823907,Bike,Mysore Road,Marathahalli,,,Driver asked to cancel,Not Applicable,Not Applicable,Not Applicable,618,Not Applicable,0,,
2024-07-03 10:49:00,CNR3852756735,Success,CID920755,Prime SUV,Chamarajpet,Rajarajeshwari Nagar,238.0,35.0,Not Applicable,Not Applicable,No,Not Applicable,400,Cash,7,3.3,3.5
2024-07-30 06:45:00,CNR6816984160,Success,CID576424,Mini,Shivajinagar,Ulsoor,42.0,125.0,Not Applicable,Not Applicable,No,Not Applicable,1400,Cash,13,3.8,3.3
2024-07-26 09:37:00,CNR1138520712,Success,CID465748,Auto,Whitefield,Frazer Town,154.0,130.0,Not Applicable,Not Applicable,No,Not Applicable,488,Cash,13,4.8,3.5
2024-07-03 21:26:00,CNR4056795840,Canceled by Customer,CID527605,Prime Plus,Sarjapur Road,Electronic City,,,Driver is not moving towards pickup location,Not Applicable,Not Applicable,Not Applicable,233,Not Applicable,0,,
2024-07-24 09:24:00,CNR3990155646,Success,CID751985,Prime SUV,Hennur,Sarjapur Road,224.0,70.0,Not Applicable,Not Applicable,No,Not Applicable,411,UPI,8,3.7,4.2
2024-07-12 02:42:00,CNR3490585377,Driver Not Found,CID145431,Prime Plus,Richmond Town,Hulimavu,,,Not Applicable,Not Applicable,Not Applicable,Not Applicable,395,Not Applicable,0,,
2024-07-05 15:10:00,CNR2593492340,Success,CID597726,Bike,Banashankari,Peenya,224.0,35.0,Not Applicable,Not Applicable,No,Not Applicable,161,UPI,1,3.6,3.5
2024-07-07 01:40:00,CNR7657256295,Success,CID182737,Mini,Hosur Road,RT Nagar,294.0,55.0,Not Applicable,Not Applicable,No,Not Applicable,2425,UPI,23,3.3,4.5
2024-07-27 02:23:00,CNR1446664645,Success,CID879698,Bike,Malleshwaram,BTM Layout,280.0,115.0,Not Applicable,Not Applicable,No,Not Applicable,251,Cash,10,3.7,4.2
2024-07-05 18:12:00,CNR3538505358,Success,CID432022,Bike,Padmanabhanagar,Devanahalli,105.0,130.0,Not Applicable,Not Applicable,No,Not Applicable,308,UPI,23,3.2,3.3
2024-07-19 10:44:00,CNR6934548572,Success,CID443990,Auto,RT Nagar,Nagarbhavi,35.0,30.0,Not Applicable,Not Applicable,No,Not Applicable,495,UPI,7,4.6,3.8
2024-07-26 16:03:00,CNR6596237810,Canceled by Driver,CID884117,Mini,Mysore Road,Peenya,,,Not Applicable,Customer related issue,Not Applicable,Not Applicable,666,Not Applicable,0,,
2024-07-17 07:26:00,CNR2221544684,Success,CID135417,Auto,Vijayanagar,Yeshwanthpur,245.0,35.0,Not Applicable,Not Applicable,No,Not Applicable,127,UPI,16,4.4,3.6
2024-07-18 11:24:00,CNR2460252151,Driver Not Found,CID572533,eBike,Cox Town,Kammanahalli,,,Not Applicable,Not Applicable,Not Applicable,Not Applicable,264,Not Applicable,0,,
2024-07-21 23:08:00,CNR4271260508,Success,CID221681,Prime SUV,Cox Town,Cox Town,175.0,140.0,Not Applicable,Not Applicable,No,Not Applicable,167,UPI,3,4.0,3.1
2024-07-12 15:23:00,CNR8069568995,Driver Not Found,CID444274,Bike,KR Puram,Whitefield,,,Not Applicable,Not Applicable,Not Applicable,Not Applicable,885,Not Applicable,0,,
2024-07-19 15:00:00,CNR4623167813,Canceled by Driver,CID255176,Mini,KR Puram,Yeshwanthpur,,,Not Applicable,More than permitted people in there,Not Applicable,Not Applicable,2919,Not Applicable,0,,
2024-07-15 09:22:00,CNR7995330337,Success,CID690038,eBike,Hosur Road,Electronic City,252.0,40.0,Not Applicable,Not Applicable,No,Not Applicable,167,Cash,3,4.4,4.0
2024-07-20 08:02:00,CNR1330006634,Success,CID738481,Prime Sedan,Varthur,Hebbal,266.0,125.0,Not Applicable,Not Applicable,No,Not Applicable,140,UPI,48,3.4,3.3
2024-07-01 09:28:00,CNR5230754600,Success,CID459853,Prime Plus,Rajajinagar,Basavanagudi,84.0,120.0,Not Applicable,Not Applicable,No,Not Applicable,231,UPI,36,4.5,3.3
2024-07-26 20:53:00,CNR6878535824,Canceled by Driver,CID156011,Prime SUV,Shantinagar,Richmond Town,,,Not Applicable,Customer related issue,Not Applicable,Not Applicable,474,Not Applicable,0,,
2024-07-30 10:31:00,CNR5373096822,Success,CID844377,Prime Sedan,Langford Town,RT Nagar,266.0,145.0,Not Applicable,Not Applicable,No,Not Applicable,203,Cash,10,4.6,4.1
2024-07-15 05:02:00,CNR4478327242,Success,CID555064,eBike,Varthur,Bellandur,91.0,75.0,Not Applicable,Not Applicable,No,Not Applicable,650,Cash,13,3.1,4.2
2024-07-25 23:39:00,CNR8463899940,Success,CID520830,Auto,Hebbal,Bellandur,175.0,40.0,Not Applicable,Not Applicable,No,Not Applicable,460,UPI,10,3.3,4.8
2024-07-26 21:46:00,CNR1501614444,Success,CID240310,Mini,Shantinagar,Whitefield,189.0,30.0,Not Applicable,Not Applicable,No,Not Applicable,1756,Cash,33,3.5,3.5
2024-07-13 09:57:00,CNR9940622958,Success,CID265857,Prime Plus,BTM Layout,Chamarajpet,126.0,105.0,Not Applicable,Not Applicable,No,Not Applicable,1410,Cash,25,3.2,4.2
2024-07-29 06:19:00,CNR2977480063,Success,CID351725,Bike,Langford Town,RT Nagar,203.0,120.0,Not Applicable,Not Applicable,No,Not Applicable,142,UPI,6,4.3,3.6
2024-07-19 20:56:00,CNR7414654092,Success,CID115662,Prime Plus,Hennur,Hulimavu,70.0,70.0,Not Applicable,Not Applicable,No,Not Applicable,120,Cash,42,4.1,3.1
2024-07-07 08:31:00,CNR5548393391,Success,CID614685,Prime SUV,Bellandur,Kadugodi,224.0,30.0,Not Applicable,Not Applicable,No,Not Applicable,2857,UPI,14,4.7,3.0
2024-07-16 04:24:00,CNR4516785228,Success,CID911994,Bike,Frazer Town,Tumkur Road,161.0,140.0,Not Applicable,Not Applicable,No,Not Applicable,353,UPI,27,4.2,3.1
2024-07-25 02:05:00,CNR2931251826,Driver Not Found,CID611076,Prime Plus,Koramangala,Marathahalli,,,Not Applicable,Not Applicable,Not Applicable,Not Applicable,938,Not Applicable,0,,
2024-07-03 12:38:00,CNR3463730690,Success,CID746900,Auto,BTM Layout,Peenya,133.0,70.0,Not Applicable,Not Applicable,No,Not Applicable,979,Cash,7,3.9,4.7
2024-07-19 20:45:00,CNR9407997009,Canceled by Driver,CID189830,Auto,Hulimavu,Shivajinagar,,,Not Applicable,Personal & Car related issue,Not Applicable,Not Applicable,425,Not Applicable,0,,
2024-07-27 03:18:00,CNR2579442949,Driver Not Found,CID300021,Prime Sedan,Malleshwaram,Padmanabhanagar,,,Not Applicable,Not Applicable,Not Applicable,Not Applicable,424,Not Applicable,0,,
2024-07-24 08:56:00,CNR1492134724,Success,CID986627,Prime Sedan,Hennur,Richmond Town,301.0,75.0,Not Applicable,Not Applicable,No,Not Applicable,464,Cash,18,3.9,4.7
2024-07-29 09:13:00,CNR5064980413,Success,CID482219,Prime SUV,Kadugodi,Bellandur,301.0,95.0,Not Applicable,Not Applicable,No,Not Applicable,144,Cash,14,4.8,3.4
2024-07-24 03:34:00,CNR7489074963,Success,CID724044,Prime Sedan,Tumkur Road,Tumkur Road,105.0,85.0,Not Applicable,Not Applicable,No,Not Applicable,260,Cash,10,3.7,4.1
2024-07-14 10:47:00,CNR2567876213,Canceled by Driver,CID944850,eBike,KR Puram,Shivajinagar,,,Not Applicable,Personal & Car related issue,Not Applicable,Not Applicable,2448,Not Applicable,0,,
2024-07-08 05:30:00,CNR2678290631,Success,CID754318,Prime Plus,RT Nagar,Yeshwanthpur,252.0,105.0,Not Applicable,Not Applicable,No,Not Applicable,396,Cash,43,3.7,3.0
2024-07-20 01:56:00,CNR1873414307,Success,CID725764,Auto,Varthur,Shantinagar,70.0,85.0,Not Applicable,Not Applicable,No,Not Applicable,349,UPI,17,4.0,3.5
2024-07-17 20:55:00,CNR3270897079,Success,CID863015,eBike,Yeshwanthpur,Kengeri,273.0,90.0,Not Applicable,Not Applicable,No,Not Applicable,370,Cash,33,3.3,4.6
2024-07-14 19:51:00,CNR7375183955,Success,CID489296,Mini,Hennur,RT Nagar,63.0,25.0,Not Applicable,Not Applicable,No,Not Applicable,326,Cash,13,3.6,4.1
2024-07-26 07:29:00,CNR6550374590,Canceled by Customer,CID551096,Mini,Devanahalli,RT Nagar,,,Change of plans,Not Applicable,Not Applicable,Not Applicable,163,Not Applicable,0,,
2024-07-13 07:40:00,CNR3359006978,Driver Not Found,CID671798,eBike,Tumkur Road,Banashankari,,,Not Applicable,Not Applicable,Not Applicable,Not Applicable,209,Not Applicable,0,,
2024-07-20 21:27:00,CNR2248006870,Success,CID296973,eBike,Shivajinagar,Mysore Road,273.0,65.0,Not Applicable,Not Applicable,No,Not Applicable,488,UPI,22,3.0,4.5
2024-07-16 07:42:00,CNR4315057375,Canceled by Driver,CID755805,eBike,Electronic City,Koramangala,,,Not Applicable,More than permitted people in there,Not Applicable,Not Applicable,240,Not Applicable,0,,
2024-07-29 19:26:00,CNR2993545667,Success,CID251641,Auto,Kadugodi,Richmond Town,98.0,70.0,Not Applicable,Not Applicable,No,Not Applicable,274,UPI,1,4.4,3.6
2024-07-01 05:42:00,CNR3260990592,Success,CID889371,Auto,Jayanagar,Jayanagar,147.0,145.0,Not Applicable,Not Applicable,No,Not Applicable,176,Cash,13,3.6,3.8
2024-07-13 13:41:00,CNR9047513540,Success,CID198147,eBike,Banashankari,Ulsoor,280.0,130.0,Not Applicable,Not Applicable,No,Not Applicable,533,UPI,6,3.0,4.8
2024-07-28 15:12:00,CNR8615576542,Driver Not Found,CID264565,Mini,Marathahalli,Peenya,,,Not Applicable,Not Applicable,Not Applicable,Not Applicable,177,Not Applicable,0,,
2024-07-10 08:24:00,CNR4950384605,Success,CID344525,Prime Plus,Chickpet,Yelahanka,308.0,55.0,Not Applicable,Not Applicable,No,Not Applicable,443,UPI,7,4.0,4.7
2024-07-14 01:29:00,CNR5306334461,Canceled by Driver,CID535201,Prime SUV,Jayanagar,Hennur,,,Not Applicable,More than permitted people in there,Not Applicable,Not Applicable,354,Not Applicable,0,,
2024-07-16 07:05:00,CNR1567866368,Driver Not Found,CID753347,Prime Plus,BTM Layout,Shantinagar,,,Not Applicable,Not Applicable,Not Applicable,Not Applicable,2990,Not Applicable,0,,
2024-07-28 18:38:00,CNR2094477000,Success,CID645422,Bike,Chickpet,Malleshwaram,91.0,120.0,Not Applicable,Not Applicable,No,Not Applicable,143,Cash,47,3.5,3.1
2024-07-15 20:32:00,CNR3762156351,Canceled by Driver,CID775820,Prime SUV,Koramangala,Bannerghatta Road,,,Not Applicable,Customer related issue,Not Applicable,Not Applicable,449,Not Applicable,0,,
2024-07-03 21:12:00,CNR2193720130,Canceled by Driver,CID313806,Auto,Basavanagudi,Ulsoor,,,Not Applicable,More than permitted people in there,Not Applicable,Not Applicable,449,Not Applicable,0,,
2024-07-24 23:20:00,CNR9668558036,Success,CID648897,Prime SUV,Rajarajeshwari Nagar,KR Puram,154.0,45.0,Not Applicable,Not Applicable,No,Not Applicable,215,UPI,34,3.2,4.2
2024-07-25 15:31:00,CNR6077186090,Success,CID549259,Mini,Yeshwanthpur,Yelahanka,273.0,55.0,Not Applicable,Not Applicable,No,Not Applicable,468,Credit Card,3,3.5,4.8
2024-07-02 04:21:00,CNR6350621104,Success,CID954755,Prime Plus,Bellandur,Devanahalli,294.0,55.0,Not Applicable,Not Applicable,Yes,Customer Demand,1800,Cash,23,3.1,4.2
2024-07-02 19:43:00,CNR3949304828,Success,CID871287,Prime Sedan,Frazer Town,Ramamurthy Nagar,308.0,75.0,Not Applicable,Not Applicable,No,Not Applicable,201,UPI,21,4.3,3.7
2024-07-10 09:31:00,CNR7127675024,Success,CID658575,eBike,Rajarajeshwari Nagar,Malleshwaram,238.0,50.0,Not Applicable,Not Applicable,No,Not Applicable,409,UPI,39,3.4,4.4
2024-07-10 14:21:00,CNR9228995741,Success,CID442529,eBike,Tumkur Road,Kengeri,189.0,50.0,Not Applicable,Not Applicable,No,Not Applicable,256,UPI,46,4.5,4.7
2024-07-02 03:46:00,CNR7365597785,Canceled by Driver,CID600667,Bike,Kengeri,Kadugodi,,,Not Applicable,More than permitted people in there,Not Applicable,Not Applicable,451,Not Applicable,0,,
2024-07-08 06:00:00,CNR3073770695,Canceled by Driver,CID410489,eBike,Tumkur Road,Malleshwaram,,,Not Applicable,Personal & Car related issue,Not Applicable,Not Applicable,290,Not Applicable,0,,
2024-07-15 18:58:00,CNR5588437099,Success,CID197183,Prime Plus,Rajajinagar,Ramamurthy Nagar,252.0,145.0,Not Applicable,Not Applicable,No,Not Applicable,430,UPI,25,3.6,3.4
2024-07-20 20:17:00,CNR4966981896,Success,CID328332,Bike,BTM Layout,Cox Town,259.0,75.0,Not Applicable,Not Applicable,No,Not Applicable,337,Cash,8,4.4,4.5
2024-07-26 01:30:00,CNR5897452199,Success,CID326921,eBike,Whitefield,Electronic City,77.0,85.0,Not Applicable,Not Applicable,No,Not Applicable,183,UPI,15,3.7,4.2
2024-07-17 05:52:00,CNR4566452707,Success,CID201009,Bike,Ramamurthy Nagar,Jayanagar,35.0,145.0,Not Applicable,Not Applicable,No,Not Applicable,2294,UPI,32,4.1,3.7
2024-07-18 14:27:00,CNR3168367371,Canceled by Driver,CID486101,Bike,Frazer Town,Hebbal,,,Not Applicable,Personal & Car related issue,Not Applicable,Not Applicable,278,Not Applicable,0,,
2024-07-01 07:59:00,CNR7047392942,Canceled by Customer,CID404494,Auto,Hebbal,Bannerghatta Road,,,Driver asked to cancel,Not Applicable,Not Applicable,Not Applicable,436,Not Applicable,0,,
2024-07-12 04:36:00,CNR8740884636,Success,CID986433,Auto,Cox Town,Hebbal,294.0,50.0,Not Applicable,Not Applicable,No,Not Applicable,281,Cash,19,4.1,3.6
2024-07-29 16:06:00,CNR9612479793,Success,CID859907,Prime Sedan,Peenya,Ulsoor,70.0,30.0,Not Applicable,Not Applicable,No,Not Applicable,475,Cash,45,3.6,4.4
2024-07-20 22:41:00,CNR9394387670,Success,CID557030,eBike,Varthur,Indiranagar,140.0,120.0,Not Applicable,Not Applicable,No,Not Applicable,684,Cash,45,3.2,4.2
2024-07-04 21:43:00,CNR5645185250,Success,CID983877,Auto,Majestic,Kadugodi,189.0,80.0,Not Applicable,Not Applicable,No,Not Applicable,716,UPI,6,3.6,4.8
2024-07-18 07:21:00,CNR4189844728,Canceled by Driver,CID584028,eBike,Hebbal,Sarjapur Road,,,Not Applicable,More than permitted people in there,Not Applicable,Not Applicable,963,Not Applicable,0,,
2024-07-04 05:11:00,CNR8919721592,Canceled by Customer,CID271117,Prime SUV,Shivajinagar,Jayanagar,,,Driver is not moving towards pickup location,Not Applicable,Not Applicable,Not Applicable,458,Not Applicable,0,,
2024-07-11 15:03:00,CNR6949318000,Success,CID173956,Prime SUV,Ramamurthy Nagar,Tumkur Road,273.0,45.0,Not Applicable,Not Applicable,Yes,Vehicle Breakdown,227,Cash,2,4.8,4.4
2024-07-25 06:38:00,CNR3067991018,Canceled by Driver,CID159813,Auto,Yeshwanthpur,Hebbal,,,Not Applicable,Personal & Car related issue,Not Applicable,Not Applicable,482,Not Applicable,0,,
2024-07-04 08:00:00,CNR3141180264,Canceled by Driver,CID194278,eBike,Ulsoor,Ulsoor,,,Not Applicable,Personal & Car related issue,Not Applicable,Not Applicable,451,Not Applicable,0,,
2024-07-02 03:51:00,CNR3115282866,Success,CID390348,Bike,HSR Layout,Cox Town,56.0,40.0,Not Applicable,Not Applicable,No,Not Applicable,431,UPI,32,3.8,3.0
2024-07-06 17:51:00,CNR7005797116,Canceled by Driver,CID307189,Bike,Hulimavu,Vijayanagar,,,Not Applicable,More than permitted people in there,Not Applicable,Not Applicable,839,Not Applicable,0,,
2024-07-29 03:33:00,CNR2957449806,Success,CID445802,Prime SUV,Devanahalli,Electronic City,252.0,125.0,Not Applicable,Not Applicable,No,Not Applicable,353,UPI,48,4.3,4.5
2024-07-23 13:22:00,CNR1687397814,Canceled by Driver,CID352370,eBike,MG Road,Mysore Road,,,Not Applicable,Personal & Car related issue,Not Applicable,Not Applicable,451,Not Applicable,0,,
2024-07-25 04:41:00,CNR6877721410,Success,CID248129,Bike,Peenya,Hennur,56.0,95.0,Not Applicable,Not Applicable,Yes,Customer Demand,330,UPI,7,3.8,3.5
2024-07-10 03:40:00,CNR7917143058,Success,CID964979,Prime Sedan,HSR Layout,Hulimavu,112.0,70.0,Not Applicable,Not Applicable,No,Not Applicable,253,UPI,13,4.3,4.4
2024-07-05 00:24:00,CNR9703818336,Success,CID379489,Prime Sedan,Vijayanagar,Tumkur Road,77.0,55.0,Not Applicable,Not Applicable,No,Not Applicable,101,UPI,15,3.7,4.1
2024-07-02 20:29:00,CNR8929021805,Canceled by Customer,CID865547,Bike,Sahakar Nagar,Kammanahalli,,,Wrong Address,Not Applicable,Not Applicable,Not Applicable,433,Not Applicable,0,,
2024-07-18 18:27:00,CNR3903240726,Success,CID548455,Mini,JP Nagar,Bellandur,217.0,100.0,Not Applicable,Not Applicable,No,Not Applicable,238,Cash,16,5.0,3.2
2024-07-13 12:02:00,CNR2562457761,Success,CID160434,eBike,Langford Town,Hennur,49.0,130.0,Not Applicable,Not Applicable,No,Not Applicable,144,Cash,38,4.4,4.1
2024-07-07 22:20:00,CNR9497379708,Canceled by Driver,CID997402,Auto,Shivajinagar,MG Road,,,Not Applicable,Customer was coughing/sick,Not Applicable,Not Applicable,305,Not Applicable,0,,
2024-07-21 11:10:00,CNR3698942682,Success,CID789824,Bike,HSR Layout,Chamarajpet,161.0,75.0,Not Applicable,Not Applicable,No,Not Applicable,962,Cash,7,4.8,4.1
2024-07-06 19:03:00,CNR1716037937,Success,CID765166,Prime SUV,Hulimavu,Hennur,56.0,30.0,Not Applicable,Not Applicable,No,Not Applicable,307,Credit Card,40,4.2,4.6
2024-07-14 21:54:00,CNR8846996622,Success,CID105000,Mini,JP Nagar,Sahakar Nagar,154.0,75.0,Not Applicable,Not Applicable,No,Not Applicable,624,UPI,11,4.2,4.3
2024-07-15 20:01:00,CNR1502042140,Driver Not Found,CID875740,eBike,Malleshwaram,Chamarajpet,,,Not Applicable,Not Applicable,Not Applicable,Not Applicable,470,Not Applicable,0,,
2024-07-07 14:38:00,CNR4457951479,Success,CID738569,Prime Plus,Rajarajeshwari Nagar,Vijayanagar,70.0,60.0,Not Applicable,Not Applicable,No,Not Applicable,179,Cash,35,3.2,3.9
2024-07-22 06:13:00,CNR1224342401,Success,CID397077,Bike,Frazer Town,Richmond Town,49.0,35.0,Not Applicable,Not Applicable,No,Not Applicable,2271,Cash,9,4.7,4.4
2024-07-16 17:14:00,CNR7240107350,Canceled by Driver,CID375553,eBike,Mysore Road,Cox Town,,,Not Applicable,Personal & Car related issue,Not Applicable,Not Applicable,792,Not Applicable,0,,
2024-07-08 06:27:00,CNR8434099256,Success,CID882331,Bike,Basavanagudi,KR Puram,126.0,125.0,Not Applicable,Not Applicable,No,Not Applicable,695,UPI,19,3.6,3.3
2024-07-22 07:37:00,CNR3960919431,Success,CID432984,Bike,BTM Layout,Chamarajpet,182.0,75.0,Not Applicable,Not Applicable,No,Not Applicable,476,Cash,3,4.4,4.5
2024-07-03 21:41:00,CNR4977405360,Success,CID131555,Prime SUV,Ulsoor,Rajajinagar,105.0,85.0,Not Applicable,Not Applicable,No,Not Applicable,465,Cash,22,3.4,4.5
2024-07-27 10:23:00,CNR4572203522,Canceled by Driver,CID360928,Prime Plus,Langford Town,Ramamurthy Nagar,,,Not Applicable,More than permitted people in there,Not Applicable,Not Applicable,324,Not Applicable,0,,
2024-07-29 09:39:00,CNR6036262521,Success,CID503970,Bike,HSR Layout,Jayanagar,133.0,115.0,Not Applicable,Not Applicable,No,Not Applicable,322,Cash,26,4.2,3.9
2024-07-30 10:20:00,CNR4625606574,Success,CID688634,Auto,Ramamurthy Nagar,Whitefield,280.0,60.0,Not Applicable,Not Applicable,No,Not Applicable,293,Cash,3,4.6,5.0
2024-07-24 09:55:00,CNR4975375124,Canceled by Driver,CID619264,Prime Sedan,Marathahalli,Cox Town,,,Not Applicable,Personal & Car related issue,Not Applicable,Not Applicable,342,Not Applicable,0,,
2024-07-08 21:03:00,CNR1094396176,Canceled by Customer,CID520987,Bike,HSR Layout,MG Road,,,Driver is not moving towards pickup location,Not Applicable,Not Applicable,Not Applicable,1465,Not Applicable,0,,
2024-07-16 00:53:00,CNR8136288104,Canceled by Customer,CID926017,Prime Plus,Padmanabhanagar,Tumkur Road,,,Change of plans,Not Applicable,Not Applicable,Not Applicable,496,Not Applicable,0,,
2024-07-26 23:17:00,CNR2767498903,Canceled by Driver,CID704169,eBike,Shivajinagar,Frazer Town,,,Not Applicable,Customer was coughing/sick,Not Applicable,Not Applicable,2158,Not Applicable,0,,
2024-07-03 00:25:00,CNR3033939471,Success,CID839058,Bike,Sarjapur Road,Varthur,77.0,45.0,Not Applicable,Not Applicable,Yes,Customer Demand,490,Cash,9,3.7,4.5
2024-07-15 13:29:00,CNR7691277199,Success,CID186669,Bike,MG Road,MG Road,252.0,50.0,Not Applicable,Not Applicable,No,Not Applicable,388,Cash,17,4.1,4.5
2024-07-27 19:33:00,CNR7967462337,Canceled by Customer,CID337179,Mini,Nagarbhavi,Cox Town,,,Change of plans,Not Applicable,Not Applicable,Not Applicable,825,Not Applicable,0,,
2024-07-09 09:38:00,CNR5339772651,Driver Not Found,CID967380,Bike,Kengeri,Yelahanka,,,Not Applicable,Not Applicable,Not Applicable,Not Applicable,163,Not Applicable,0,,
2024-07-13 11:42:00,CNR2408072247,Success,CID852186,eBike,Malleshwaram,Cox Town,105.0,110.0,Not Applicable,Not Applicable,Yes,Customer Demand,691,Cash,49,4.0,4.5
2024-07-10 04:58:00,CNR1061412464,Success,CID529906,Auto,HSR Layout,Cox Town,70.0,35.0,Not Applicable,Not Applicable,Yes,Other Issue,215,Cash,1,3.2,4.2
2024-07-16 17:47:00,CNR2005089645,Canceled by Driver,CID882472,Prime Sedan,Rajajinagar,Nagarbhavi,,,Not Applicable,Personal & Car related issue,Not Applicable,Not Applicable,804,Not Applicable,0,,
2024-07-15 09:32:00,CNR6146813447,Success,CID235403,Prime Sedan,Sarjapur Road,Ulsoor,154.0,35.0,Not Applicable,Not Applicable,No,Not Applicable,397,Cash,22,3.5,3.3
2024-07-23 12:04:00,CNR4537631607,Success,CID787546,Prime Plus,Vijayanagar,KR Puram,133.0,120.0,Not Applicable,Not Applicable,No,Not Applicable,209,UPI,44,4.1,4.2
2024-07-05 16:55:00,CNR7111249610,Success,CID729652,Mini,Frazer Town,Majestic,175.0,25.0,Not Applicable,Not Applicable,No,Not Applicable,125,UPI,23,3.6,3.4
2024-07-05 00:34:00,CNR1949532700,Success,CID141843,Auto,Magadi Road,Hulimavu,210.0,40.0,Not Applicable,Not Applicable,No,Not Applicable,193,Cash,11,3.0,4.8
2024-07-14 13:04:00,CNR1074311020,Success,CID335884,Bike,Shivajinagar,Sahakar Nagar,266.0,85.0,Not Applicable,Not Applicable,No,Not Applicable,179,Cash,30,3.8,4.4
2024-07-11 03:30:00,CNR2960685870,Canceled by Driver,CID413639,Prime Plus,BTM Layout,HSR Layout,,,Not Applicable,Customer related issue,Not Applicable,Not Applicable,228,Not Applicable,0,,
2024-07-16 14:34:00,CNR6404052777,Canceled by Driver,CID947766,Prime SUV,Kammanahalli,Magadi Road,,,Not Applicable,Personal & Car related issue,Not Applicable,Not Applicable,243,Not Applicable,0,,
2024-07-02 00:45:00,CNR9022489366,Success,CID407625,Prime Sedan,Langford Town,Sahakar Nagar,147.0,90.0,Not Applicable,Not Applicable,No,Not Applicable,548,UPI,1,3.6,4.4
2024-07-22 07:02:00,CNR3959035845,Success,CID408103,eBike,Malleshwaram,Marathahalli,252.0,35.0,Not Applicable,Not Applicable,No,Not Applicable,280,Cash,30,4.7,3.6
2024-07-17 08:44:00,CNR8436096011,Success,CID750370,Bike,Vijayanagar,Tumkur Road,266.0,45.0,Not Applicable,Not Applicable,No,Not Applicable,156,Cash,30,4.7,3.4
2024-07-22 06:21:00,CNR9952720757,Success,CID741575,Bike,Jayanagar,Yeshwanthpur,98.0,30.0,Not Applicable,Not Applicable,No,Not Applicable,121,Credit Card,22,3.6,4.0
2024-07-08 13:48:00,CNR9948805353,Canceled by Driver,CID783229,Prime Sedan,Rajajinagar,Vijayanagar,,,Not Applicable,Customer was coughing/sick,Not Applicable,Not Applicable,230,Not Applicable,0,,
2024-07-21 17:31:00,CNR3096564539,Canceled by Driver,CID948795,Prime Sedan,Rajarajeshwari Nagar,RT Nagar,,,Not Applicable,More than permitted people in there,Not Applicable,Not Applicable,222,Not Applicable,0,,
2024-07-06 10:05:00,CNR9933643149,Success,CID407317,Prime Plus,JP Nagar,Bannerghatta Road,231.0,125.0,Not Applicable,Not Applicable,No,Not Applicable,757,UPI,14,4.9,3.3
2024-07-11 16:59:00,CNR4536870599,Success,CID728610,Prime SUV,Cox Town,Richmond Town,259.0,25.0,Not Applicable,Not Applicable,No,Not Applicable,330,UPI,17,3.5,4.6
2024-07-29 08:23:00,CNR3132754805,Success,CID938549,Bike,Magadi Road,Rajajinagar,42.0,50.0,Not Applicable,Not Applicable,No,Not Applicable,602,Cash,48,4.7,3.9
2024-07-03 07:57:00,CNR3579898614,Driver Not Found,CID598920,Mini,Devanahalli,Kengeri,,,Not Applicable,Not Applicable,Not Applicable,Not Applicable,289,Not Applicable,0,,
2024-07-20 05:26:00,CNR1564948446,Success,CID718157,eBike,Basavanagudi,Hulimavu,98.0,105.0,Not Applicable,Not Applicable,No,Not Applicable,547,Cash,25,3.2,4.7
2024-07-08 17:07:00,CNR6788066204,Success,CID763380,Prime Plus,Sarjapur Road,Electronic City,84.0,115.0,Not Applicable,Not Applicable,No,Not Applicable,166,UPI,7,4.9,3.6
2024-07-05 20:45:00,CNR8851136963,Driver Not Found,CID623713,eBike,MG Road,Hosur Road,,,Not Applicable,Not Applicable,Not Applicable,Not Applicable,152,Not Applicable,0,,
2024-07-29 02:50:00,CNR2409577958,Driver Not Found,CID165193,Prime SUV,Bannerghatta Road,Magadi Road,,,Not Applicable,Not Applicable,Not Applicable,Not Applicable,1873,Not Applicable,0,,
2024-07-08 03:04:00,CNR6112430671,Success,CID623583,Bike,Chickpet,Vijayanagar,84.0,35.0,Not Applicable,Not Applicable,No,Not Applicable,699,Cash,26,3.9,4.5
2024-07-09 09:51:00,CNR5135443512,Success,CID828499,Prime Plus,Sarjapur Road,Basavanagudi,217.0,125.0,Not Applicable,Not Applicable,No,Not Applicable,397,Cash,38,4.7,4.0
2024-07-06 07:05:00,CNR6729116768,Success,CID381846,Auto,Hebbal,Bannerghatta Road,238.0,95.0,Not Applicable,Not Applicable,No,Not Applicable,292,Cash,10,3.1,4.7
2024-07-04 16:17:00,CNR9715534293,Success,CID759239,eBike,Mysore Road,Banashankari,119.0,80.0,Not Applicable,Not Applicable,No,Not Applicable,479,Cash,36,3.5,3.6
2024-07-09 15:41:00,CNR1606839767,Success,CID218192,Auto,Shivajinagar,Sahakar Nagar,56.0,115.0,Not Applicable,Not Applicable,No,Not Applicable,967,UPI,4,4.6,4.6
2024-07-19 14:35:00,CNR6234764775,Canceled by Driver,CID453821,Auto,Sahakar Nagar,Hulimavu,,,Not Applicable,Customer was coughing/sick,Not Applicable,Not Applicable,240,Not Applicable,0,,
2024-07-01 06:44:00,CNR1982664460,Canceled by Driver,CID142074,Auto,BTM Layout,Koramangala,,,Not Applicable,Customer was coughing/sick,Not Applicable,Not Applicable,450,Not Applicable,0,,
2024-07-12 12:46:00,CNR9764487408,Success,CID972231,Prime Plus,Shantinagar,Koramangala,126.0,60.0,Not Applicable,Not Applicable,No,Not Applicable,362,Cash,13,4.6,4.5
2024-07-21 12:16:00,CNR9131167886,Success,CID912552,Prime SUV,Basavanagudi,Electronic City,77.0,85.0,Not Applicable,Not Applicable,No,Not Applicable,830,Cash,33,3.6,3.1
2024-07-12 06:42:00,CNR2792364257,Canceled by Driver,CID119972,Auto,Hosur Road,Koramangala,,,Not Applicable,Customer related issue,Not Applicable,Not Applicable,462,Not Applicable,0,,
2024-07-28 15:29:00,CNR7078900992,Success,CID842264,Prime Plus,Hulimavu,Cox Town,154.0,115.0,Not Applicable,Not Applicable,No,Not Applicable,289,Cash,27,4.4,3.3
2024-07-29 17:41:00,CNR2712553524,Canceled by Driver,CID113041,Bike,Sarjapur Road,KR Puram,,,Not Applicable,Personal & Car related issue,Not Applicable,Not Applicable,466,Not Applicable,0,,
2024-07-27 08:18:00,CNR4443787911,Canceled by Customer,CID744436,eBike,Bellandur,Yeshwanthpur,,,Change of plans,Not Applicable,Not Applicable,Not Applicable,1899,Not Applicable,0,,
2024-07-28 19:04:00,CNR5542915319,Canceled by Customer,CID397367,Auto,Kammanahalli,Chickpet,,,AC is Not working,Not Applicable,Not Applicable,Not Applicable,281,Not Applicable,0,,
2024-07-28 22:31:00,CNR2676595449,Success,CID498023,Auto,Mysore Road,Marathahalli,161.0,120.0,Not Applicable,Not Applicable,No,Not Applicable,306,Cash,17,4.2,3.5
2024-07-14 00:12:00,CNR7163805595,Success,CID899544,Bike,BTM Layout,Peenya,266.0,25.0,Not Applicable,Not Applicable,No,Not Applicable,182,Cash,46,4.5,4.7
2024-07-25 12:15:00,CNR4072384999,Canceled by Driver,CID299746,Auto,HSR Layout,Electronic City,,,Not Applicable,Customer related issue,Not Applicable,Not Applicable,577,Not Applicable,0,,
2024-07-14 07:44:00,CNR1771770456,Driver Not Found,CID291845,Prime SUV,Hennur,Tumkur Road,,,Not Applicable,Not Applicable,Not Applicable,Not Applicable,119,Not Applicable,0,,
2024-07-25 00:30:00,CNR3911679862,Success,CID973271,Mini,Tumkur Road,Electronic City,168.0,120.0,Not Applicable,Not Applicable,No,Not Applicable,500,Cash,26,4.5,3.8
2024-07-13 17:51:00,CNR4985608152,Success,CID580609,Prime Sedan,Hennur,Rajarajeshwari Nagar,273.0,50.0,Not Applicable,Not Applicable,No,Not Applicable,451,UPI,29,5.0,4.4
2024-07-11 04:28:00,CNR4716649690,Driver Not Found,CID567867,Auto,Tumkur Road,Vijayanagar,,,Not Applicable,Not Applicable,Not Applicable,Not Applicable,817,Not Applicable,0,,
2024-07-06 05:09:00,CNR4016074683,Success,CID638415,Bike,Indiranagar,Nagarbhavi,231.0,55.0,Not Applicable,Not Applicable,No,Not Applicable,324,Cash,2,4.9,3.3
2024-07-20 08:01:00,CNR4188522226,Success,CID961759,Mini,Whitefield,Yeshwanthpur,182.0,130.0,Not Applicable,Not Applicable,No,Not Applicable,434,UPI,15,3.9,3.7
2024-07-25 11:47:00,CNR3457204484,Driver Not Found,CID233079,Bike,Sarjapur Road,Ramamurthy Nagar,,,Not Applicable,Not Applicable,Not Applicable,Not Applicable,345,Not Applicable,0,,
2024-07-02 11:23:00,CNR4771083353,Success,CID408446,eBike,Majestic,Majestic,84.0,50.0,Not Applicable,Not Applicable,No,Not Applicable,2983,Cash,47,4.8,4.8
2024-07-10 08:10:00,CNR3544975988,Success,CID254490,Prime Plus,Koramangala,Malleshwaram,245.0,60.0,Not Applicable,Not Applicable,No,Not Applicable,126,Cash,15,3.9,4.9
2024-07-07 22:09:00,CNR9812208231,Success,CID290614,eBike,Bellandur,Electronic City,252.0,70.0,Not Applicable,Not Applicable,No,Not Applicable,332,Cash,20,4.6,4.4
2024-07-10 20:50:00,CNR5579962206,Driver Not Found,CID871986,Prime Plus,Marathahalli,Hulimavu,,,Not Applicable,Not Applicable,Not Applicable,Not Applicable,412,Not Applicable,0,,
2024-07-20 02:12:00,CNR7334848380,Success,CID211427,Prime Sedan,Banashankari,Sahakar Nagar,196.0,45.0,Not Applicable,Not Applicable,No,Not Applicable,131,UPI,11,3.2,4.0
2024-07-08 05:22:00,CNR8827574469,Success,CID429601,Prime Plus,Chickpet,JP Nagar,49.0,80.0,Not Applicable,Not Applicable,No,Not Applicable,161,Cash,41,3.3,4.9
2024-07-27 20:46:00,CNR4969026634,Canceled by Driver,CID570701,Prime Sedan,Chickpet,Hosur Road,,,Not Applicable,Personal & Car related issue,Not Applicable,Not Applicable,419,Not Applicable,0,,
2024-07-12 03:42:00,CNR8140201648,Canceled by Driver,CID163845,Prime Sedan,Padmanabhanagar,Jayanagar,,,Not Applicable,More than permitted people in there,Not Applicable,Not Applicable,354,Not Applicable,0,,
2024-07-08 06:48:00,CNR7412330396,Success,CID439644,eBike,Mysore Road,Hulimavu,161.0,65.0,Not Applicable,Not Applicable,No,Not Applicable,739,Cash,20,4.4,4.6
2024-07-23 06:21:00,CNR3378920270,Success,CID461336,Auto,Varthur,Bannerghatta Road,301.0,30.0,Not Applicable,Not Applicable,No,Not Applicable,467,UPI,8,3.7,5.0
2024-07-09 00:25:00,CNR3373248755,Success,CID904389,Prime Plus,MG Road,Varthur,196.0,75.0,Not Applicable,Not Applicable,No,Not Applicable,925,Cash,37,3.6,4.1
2024-07-07 17:45:00,CNR2922058370,Canceled by Driver,CID664962,Prime Sedan,Majestic,Vijayanagar,,,Not Applicable,Personal & Car related issue,Not Applicable,Not Applicable,651,Not Applicable,0,,
2024-07-18 16:30:00,CNR8349403724,Canceled by Driver,CID986509,eBike,Basavanagudi,HSR Layout,,,Not Applicable,Customer related issue,Not Applicable,Not Applicable,920,Not Applicable,0,,
2024-07-28 22:49:00,CNR5923948570,Success,CID234263,Mini,Peenya,Kammanahalli,189.0,40.0,Not Applicable,Not Applicable,No,Not Applicable,232,Cash,26,4.5,4.8
2024-07-27 09:52:00,CNR1102515782,Success,CID661587,Auto,Hebbal,BTM Layout,287.0,60.0,Not Applicable,Not Applicable,No,Not Applicable,608,UPI,12,3.1,4.5
2024-07-16 17:53:00,CNR2355602731,Success,CID846309,Prime Sedan,Sahakar Nagar,Padmanabhanagar,238.0,45.0,Not Applicable,Not Applicable,No,Not Applicable,337,UPI,28,3.3,3.8
2024-07-16 22:01:00,CNR2649959917,Success,CID661044,Auto,Kammanahalli,Yeshwanthpur,252.0,105.0,Not Applicable,Not Applicable,No,Not Applicable,1468,Cash,2,4.4,3.2
2024-07-19 03:43:00,CNR9385164781,Success,CID976856,Prime Plus,Kengeri,Jayanagar,49.0,25.0,Not Applicable,Not Applicable,No,Not Applicable,644,Cash,48,4.9,4.9
2024-07-19 17:30:00,CNR6015502796,Canceled by Driver,CID979377,Prime Sedan,RT Nagar,Vijayanagar,,,Not Applicable,Personal & Car related issue,Not Applicable,Not Applicable,216,Not Applicable,0,,
2024-07-16 06:49:00,CNR8332679250,Success,CID167140,Auto,Majestic,Hennur,301.0,40.0,Not Applicable,Not Applicable,No,Not Applicable,947,Cash,17,3.5,3.7
2024-07-09 20:03:00,CNR2617706701,Success,CID843602,eBike,Rajarajeshwari Nagar,RT Nagar,49.0,45.0,Not Applicable,Not Applicable,No,Not Applicable,485,Cash,36,3.6,3.1
2024-07-26 03:15:00,CNR5515962036,Success,CID620281,Mini,Vijayanagar,Ramamurthy Nagar,147.0,135.0,Not Applicable,Not Applicable,No,Not Applicable,1089,Cash,20,3.2,4.5
2024-07-13 08:11:00,CNR5763583816,Success,CID941100,Prime Plus,Shantinagar,Banashankari,91.0,105.0,Not Applicable,Not Applicable,No,Not Applicable,289,Cash,1,3.3,3.7
2024-07-02 18:25:00,CNR2436839823,Driver Not Found,CID158528,Mini,Rajarajeshwari Nagar,Kadugodi,,,Not Applicable,Not Applicable,Not Applicable,Not Applicable,427,Not Applicable,0,,
2024-07-11 20:45:00,CNR5954288342,Success,CID517638,Mini,Chickpet,Varthur,35.0,90.0,Not Applicable,Not Applicable,No,Not Applicable,142,Cash,36,4.5,3.7
2024-07-10 15:17:00,CNR7750636567,Driver Not Found,CID197922,Auto,Cox Town,Bellandur,,,Not Applicable,Not Applicable,Not Applicable,Not Applicable,822,Not Applicable,0,,
2024-07-25 06:41:00,CNR2857813158,Canceled by Driver,CID718516,Prime Sedan,Bannerghatta Road,Chickpet,,,Not Applicable,Personal & Car related issue,Not Applicable,Not Applicable,391,Not Applicable,0,,
2024-07-22 08:12:00,CNR6361718487,Success,CID202704,Prime Sedan,Mysore Road,Bellandur,210.0,105.0,Not Applicable,Not Applicable,No,Not Applicable,2414,UPI,28,4.3,4.9
2024-07-04 23:50:00,CNR1741466773,Canceled by Driver,CID256534,eBike,Tumkur Road,Chamarajpet,,,Not Applicable,Customer related issue,Not Applicable,Not Applicable,233,Not Applicable,0,,
2024-07-17 01:57:00,CNR9446019943,Success,CID697375,eBike,Hosur Road,Kadugodi,245.0,90.0,Not Applicable,Not Applicable,No,Not Applicable,2559,Cash,28,4.0,3.6
2024-07-23 22:28:00,CNR6016428633,Success,CID165595,Mini,Cox Town,HSR Layout,280.0,45.0,Not Applicable,Not Applicable,No,Not Applicable,144,UPI,12,4.3,4.0
2024-07-16 23:55:00,CNR2236978724,Success,CID900458,Bike,Bellandur,Majestic,259.0,60.0,Not Applicable,Not Applicable,No,Not Applicable,375,UPI,2,4.8,3.3
2024-07-28 06:45:00,CNR6538012278,Success,CID291597,Prime Sedan,Mysore Road,Electronic City,35.0,80.0,Not Applicable,Not Applicable,No,Not Applicable,484,UPI,25,4.3,4.4
2024-07-21 20:00:00,CNR1112036745,Driver Not Found,CID534250,Prime SUV,Hebbal,Hebbal,,,Not Applicable,Not Applicable,Not Applicable,Not Applicable,229,Not Applicable,0,,
2024-07-15 13:16:00,CNR6628168698,Success,CID476486,Auto,RT Nagar,Hebbal,294.0,25.0,Not Applicable,Not Applicable,No,Not Applicable,284,UPI,9,4.5,4.3
2024-07-16 09:00:00,CNR5570307066,Success,CID440583,Prime Plus,Bellandur,Shivajinagar,294.0,75.0,Not Applicable,Not Applicable,No,Not Applicable,144,Cash,14,4.3,4.7
2024-07-29 19:36:00,CNR3288303232,Success,CID443504,eBike,Chickpet,Shivajinagar,273.0,130.0,Not Applicable,Not Applicable,No,Not Applicable,112,UPI,1,3.4,3.9
2024-07-17 02:24:00,CNR3559722388,Canceled by Driver,CID403086,Prime SUV,Shantinagar,RT Nagar,,,Not Applicable,Personal & Car related issue,Not Applicable,Not Applicable,426,Not Applicable,0,,
2024-07-19 05:48:00,CNR4228139131,Success,CID211764,Mini,JP Nagar,Ulsoor,91.0,105.0,Not Applicable,Not Applicable,No,Not Applicable,434,Cash,42,3.4,4.4
2024-07-28 20:58:00,CNR4467402065,Success,CID394145,Mini,Hulimavu,Marathahalli,308.0,125.0,Not Applicable,Not Applicable,No,Not Applicable,109,UPI,20,3.4,4.2
2024-07-21 23:26:00,CNR4574570286,Driver Not Found,CID848754,eBike,HSR Layout,Hennur,,,Not Applicable,Not Applicable,Not Applicable,Not Applicable,749,Not Applicable,0,,
2024-07-27 07:21:00,CNR4571808577,Success,CID767578,eBike,Peenya,Devanahalli,49.0,60.0,Not Applicable,Not Applicable,Yes,Other Issue,280,Cash,25,4.1,3.3
2024-07-28 01:23:00,CNR6071382671,Canceled by Driver,CID768793,Prime Plus,Richmond Town,Whitefield,,,Not Applicable,Customer related issue,Not Applicable,Not Applicable,217,Not Applicable,0,,
2024-07-29 22:03:00,CNR2261567399,Canceled by Driver,CID733032,Prime SUV,Chickpet,Yelahanka,,,Not Applicable,Customer related issue,Not Applicable,Not Applicable,410,Not Applicable,0,,
2024-07-21 06:29:00,CNR3998217862,Canceled by Customer,CID769221,Bike,Electronic City,Peenya,,,Driver is not moving towards pickup location,Not Applicable,Not Applicable,Not Applicable,252,Not Applicable,0,,
2024-07-03 07:10:00,CNR9192304244,Canceled by Driver,CID205235,eBike,Bellandur,Chamarajpet,,,Not Applicable,Customer was coughing/sick,Not Applicable,Not Applicable,783,Not Applicable,0,,
2024-07-21 08:45:00,CNR7180815920,Success,CID875562,Prime Sedan,RT Nagar,Hennur,238.0,105.0,Not Applicable,Not Applicable,No,Not Applicable,327,UPI,10,4.8,3.7
2024-07-06 16:59:00,CNR1681182656,Canceled by Driver,CID140215,Bike,Yeshwanthpur,Rajajinagar,,,Not Applicable,Personal & Car related issue,Not Applicable,Not Applicable,192,Not Applicable,0,,
2024-07-10 05:45:00,CNR1405789311,Success,CID792698,Prime Sedan,BTM Layout,Magadi Road,161.0,95.0,Not Applicable,Not Applicable,No,Not Applicable,1772,Cash,13,3.4,3.9
2024-07-21 04:18:00,CNR6398940065,Canceled by Driver,CID477529,Prime Plus,Nagarbhavi,Shivajinagar,,,Not Applicable,Customer was coughing/sick,Not Applicable,Not Applicable,1243,Not Applicable,0,,
2024-07-22 20:34:00,CNR8581872321,Canceled by Driver,CID272315,Auto,Tumkur Road,Shivajinagar,,,Not Applicable,More than permitted people in there,Not Applicable,Not Applicable,415,Not Applicable,0,,
2024-07-09 17:58:00,CNR2093186115,Success,CID102406,Auto,KR Puram,Hulimavu,238.0,95.0,Not Applicable,Not Applicable,No,Not Applicable,620,Cash,10,4.1,3.4
2024-07-25 23:08:00,CNR3448365690,Success,CID893823,Bike,HSR Layout,Rajarajeshwari Nagar,245.0,140.0,Not Applicable,Not Applicable,No,Not Applicable,427,UPI,35,4.2,3.3
2024-07-10 15:59:00,CNR4439600724,Success,CID405450,Auto,Magadi Road,HSR Layout,147.0,50.0,Not Applicable,Not Applicable,No,Not Applicable,771,UPI,16,4.6,3.1
2024-07-27 21:09:00,CNR2494081634,Success,CID133347,Mini,Hebbal,Chamarajpet,287.0,25.0,Not Applicable,Not Applicable,No,Not Applicable,287,UPI,29,4.7,4.2
2024-07-06 18:31:00,CNR8852161293,Success,CID326004,Bike,Ulsoor,RT Nagar,266.0,125.0,Not Applicable,Not Applicable,No,Not Applicable,214,Cash,19,4.0,4.5
2024-07-17 12:57:00,CNR1549965467,Success,CID834145,Prime Sedan,Koramangala,Richmond Town,98.0,80.0,Not Applicable,Not Applicable,No,Not Applicable,265,UPI,15,3.4,4.6
2024-07-26 03:28:00,CNR7436056092,Success,CID876248,Prime Sedan,Hennur,Indiranagar,84.0,80.0,Not Applicable,Not Applicable,No,Not Applicable,772,Cash,1,4.7,3.9
2024-07-26 02:33:00,CNR3067872862,Canceled by Driver,CID571907,Auto,KR Puram,Langford Town,,,Not Applicable,Customer related issue,Not Applicable,Not Applicable,233,Not Applicable,0,,
2024-07-29 09:45:00,CNR9221689901,Success,CID504851,Prime Sedan,Yeshwanthpur,Hulimavu,231.0,100.0,Not Applicable,Not Applicable,No,Not Applicable,352,Cash,5,4.4,4.3
2024-07-21 00:15:00,CNR2817965979,Success,CID116431,eBike,Shantinagar,Cox Town,77.0,95.0,Not Applicable,Not Applicable,No,Not Applicable,354,UPI,48,3.9,3.9
2024-07-19 06:04:00,CNR3553136727,Success,CID369820,Bike,Mysore Road,Shivajinagar,196.0,35.0,Not Applicable,Not Applicable,No,Not Applicable,321,Cash,44,4.8,3.8
2024-07-18 20:01:00,CNR9610697428,Success,CID618123,Prime SUV,Chamarajpet,Frazer Town,98.0,55.0,Not Applicable,Not Applicable,No,Not Applicable,332,UPI,20,3.3,4.6
2024-07-19 13:04:00,CNR3395027659,Success,CID136656,Prime Sedan,Chickpet,Majestic,196.0,145.0,Not Applicable,Not Applicable,No,Not Applicable,309,UPI,17,4.7,4.1
2024-07-15 15:40:00,CNR6523406055,Success,CID187568,Prime Sedan,Rajajinagar,RT Nagar,133.0,120.0,Not Applicable,Not Applicable,No,Not Applicable,125,Cash,21,4.5,4.1
2024-07-23 23:24:00,CNR9189615788,Success,CID817834,Auto,Magadi Road,Langford Town,49.0,115.0,Not Applicable,Not Applicable,No,Not Applicable,109,UPI,1,3.3,4.5
2024-07-02 10:52:00,CNR5048575903,Canceled by Customer,CID190363,Prime Plus,Rajarajeshwari Nagar,Kengeri,,,Change of plans,Not Applicable,Not Applicable,Not Applicable,318,Not Applicable,0,,
2024-07-12 14:02:00,CNR8291567451,Success,CID181676,Bike,Hosur Road,Rajajinagar,217.0,25.0,Not Applicable,Not Applicable,No,Not Applicable,115,UPI,28,3.3,3.9
2024-07-29 14:34:00,CNR9826888605,Driver Not Found,CID389974,Auto,Bellandur,Langford Town,,,Not Applicable,Not Applicable,Not Applicable,Not Applicable,461,Not Applicable,0,,
2024-07-30 11:27:00,CNR8519322131,Success,CID554662,eBike,Tumkur Road,Hulimavu,245.0,125.0,Not Applicable,Not Applicable,No,Not Applicable,960,UPI,23,3.9,3.3
2024-07-29 10:09:00,CNR6075650164,Success,CID525983,Prime SUV,Ramamurthy Nagar,Cox Town,252.0,100.0,Not Applicable,Not Applicable,No,Not Applicable,210,UPI,44,3.8,4.3
2024-07-12 17:43:00,CNR4132809382,Success,CID833539,Prime SUV,Koramangala,Shivajinagar,175.0,50.0,Not Applicable,Not Applicable,No,Not Applicable,2491,Cash,14,4.7,3.9
2024-07-26 03:17:00,CNR4811330659,Canceled by Driver,CID204040,Prime SUV,Electronic City,MG Road,,,Not Applicable,Customer related issue,Not Applicable,Not Applicable,367,Not Applicable,0,,
2024-07-06 20:45:00,CNR4581691993,Success,CID413599,Auto,RT Nagar,Kadugodi,196.0,40.0,Not Applicable,Not Applicable,No,Not Applicable,1910,UPI,3,4.0,3.3
2024-07-02 02:23:00,CNR8145527610,Success,CID323292,Mini,MG Road,JP Nagar,154.0,30.0,Not Applicable,Not Applicable,No,Not Applicable,1519,UPI,18,3.2,4.8
2024-07-01 01:31:00,CNR3384714834,Success,CID756305,Prime SUV,Hosur Road,Bellandur,168.0,65.0,Not Applicable,Not Applicable,No,Not Applicable,1241,Cash,35,3.8,3.9
2024-07-24 18:21:00,CNR4509564855,Success,CID843833,eBike,Sarjapur Road,Hennur,98.0,80.0,Not Applicable,Not Applicable,No,Not Applicable,477,UPI,18,4.6,3.5
2024-07-05 15:39:00,CNR7027792888,Success,CID549304,eBike,BTM Layout,Electronic City,42.0,120.0,Not Applicable,Not Applicable,No,Not Applicable,618,Cash,35,3.5,3.3
2024-07-01 20:02:00,CNR7109494734,Success,CID858609,Auto,Koramangala,Sahakar Nagar,126.0,135.0,Not Applicable,Not Applicable,No,Not Applicable,807,Cash,6,4.3,5.0
2024-07-06 00:12:00,CNR1666437918,Success,CID417268,Mini,RT Nagar,MG Road,84.0,25.0,Not Applicable,Not Applicable,Yes,Vehicle Breakdown,201,Cash,35,3.5,3.3
2024-07-29 17:06:00,CNR7989228272,Canceled by Driver,CID687030,Prime SUV,Hennur,Basavanagudi,,,Not Applicable,Personal & Car related issue,Not Applicable,Not Applicable,133,Not Applicable,0,,
2024-07-01 09:44:00,CNR5939803757,Success,CID461755,Bike,Devanahalli,Frazer Town,70.0,95.0,Not Applicable,Not Applicable,No,Not Applicable,1219,UPI,11,4.1,4.0
2024-07-13 01:13:00,CNR9908628390,Driver Not Found,CID219115,eBike,Marathahalli,Chickpet,,,Not Applicable,Not Applicable,Not Applicable,Not Applicable,983,Not Applicable,0,,
2024-07-13 04:28:00,CNR5241451057,Success,CID636451,Bike,Kengeri,Malleshwaram,77.0,130.0,Not Applicable,Not Applicable,Yes,Vehicle Breakdown,662,Cash,21,3.0,4.4
2024-07-13 14:09:00,CNR4220617624,Success,CID783100,Prime SUV,Tumkur Road,Vijayanagar,147.0,25.0,Not Applicable,Not Applicable,No,Not Applicable,131,UPI,25,4.2,4.2
2024-07-25 09:40:00,CNR8714171392,Success,CID944533,Mini,Kengeri,Richmond Town,231.0,85.0,Not Applicable,Not Applicable,No,Not Applicable,100,UPI,42,3.5,3.3
2024-07-22 13:52:00,CNR4235542550,Success,CID152735,Prime Sedan,Sahakar Nagar,Frazer Town,301.0,75.0,Not Applicable,Not Applicable,No,Not Applicable,266,UPI,23,4.3,4.2
2024-07-16 04:43:00,CNR4551124862,Canceled by Driver,CID287567,Prime Sedan,BTM Layout,Hebbal,,,Not Applicable,Customer related issue,Not Applicable,Not Applicable,927,Not Applicable,0,,
2024-07-07 11:45:00,CNR6772123294,Driver Not Found,CID949585,Prime Plus,Majestic,Varthur,,,Not Applicable,Not Applicable,Not Applicable,Not Applicable,201,Not Applicable,0,,
2024-07-26 02:41:00,CNR9005727228,Success,CID899255,Bike,Majestic,Mysore Road,273.0,40.0,Not Applicable,Not Applicable,No,Not Applicable,895,Cash,5,4.0,3.3
2024-07-13 13:37:00,CNR6636166699,Canceled by Driver,CID660034,Bike,Mysore Road,Chamarajpet,,,Not Applicable,Personal & Car related issue,Not Applicable,Not Applicable,2803,Not Applicable,0,,
2024-07-22 14:40:00,CNR2262227329,Success,CID225704,Bike,Bellandur,Cox Town,308.0,70.0,Not Applicable,Not Applicable,No,Not Applicable,472,UPI,27,3.5,3.8
2024-07-23 05:14:00,CNR4219995743,Success,CID727038,Bike,Kengeri,Bannerghatta Road,35.0,130.0,Not Applicable,Not Applicable,No,Not Applicable,131,UPI,37,4.4,4.9
2024-07-04 07:22:00,CNR5239545459,Success,CID329315,Prime SUV,Varthur,Whitefield,259.0,40.0,Not Applicable,Not Applicable,No,Not Applicable,157,UPI,46,3.9,3.9
2024-07-07 13:17:00,CNR9583545004,Driver Not Found,CID329445,Mini,Ulsoor,Rajajinagar,,,Not Applicable,Not Applicable,Not Applicable,Not Applicable,320,Not Applicable,0,,
2024-07-26 10:04:00,CNR6357311916,Success,CID144831,Prime Sedan,BTM Layout,Koramangala,63.0,80.0,Not Applicable,Not Applicable,No,Not Applicable,431,UPI,23,4.4,3.2
2024-07-06 16:55:00,CNR6642132304,Success,CID682888,eBike,Padmanabhanagar,Yelahanka,231.0,75.0,Not Applicable,Not Applicable,No,Not Applicable,308,UPI,3,4.5,3.4
2024-07-23 07:19:00,CNR4306947037,Canceled by Driver,CID371894,Auto,Yelahanka,Kengeri,,,Not Applicable,Customer related issue,Not Applicable,Not Applicable,2733,Not Applicable,0,,
2024-07-08 21:27:00,CNR7744659853,Success,CID649791,Mini,Rajarajeshwari Nagar,Hennur,287.0,90.0,Not Applicable,Not Applicable,No,Not Applicable,256,UPI,8,3.9,4.0
2024-07-12 21:35:00,CNR6789468254,Success,CID508005,eBike,Ulsoor,Bellandur,119.0,105.0,Not Applicable,Not Applicable,No,Not Applicable,368,Cash,29,3.2,4.5
2024-07-27 02:58:00,CNR5647263903,Driver Not Found,CID453644,Prime SUV,Nagarbhavi,Mysore Road,,,Not Applicable,Not Applicable,Not Applicable,Not Applicable,451,Not Applicable,0,,
2024-07-21 14:05:00,CNR8044859686,Success,CID317495,Prime Plus,Kengeri,Peenya,203.0,135.0,Not Applicable,Not Applicable,No,Not Applicable,422,UPI,44,3.8,5.0
2024-07-30 21:02:00,CNR6021236122,Success,CID520185,eBike,Peenya,Hosur Road,126.0,135.0,Not Applicable,Not Applicable,No,Not Applicable,257,UPI,10,4.0,3.9
2024-07-30 13:17:00,CNR3464487797,Canceled by Customer,CID358547,Bike,Kammanahalli,Kammanahalli,,,Driver is not moving towards pickup location,Not Applicable,Not Applicable,Not Applicable,106,Not Applicable,0,,
2024-07-17 02:47:00,CNR9639513583,Driver Not Found,CID954764,Prime Plus,Indiranagar,Chickpet,,,Not Applicable,Not Applicable,Not Applicable,Not Applicable,105,Not Applicable,0,,
2024-07-08 10:35:00,CNR4454824866,Canceled by Driver,CID296384,eBike,Koramangala,Shivajinagar,,,Not Applicable,Customer related issue,Not Applicable,Not Applicable,440,Not Applicable,0,,
2024-07-11 09:46:00,CNR3104534776,Success,CID908325,Prime SUV,Peenya,Langford Town,147.0,50.0,Not Applicable,Not Applicable,No,Not Applicable,348,Cash,5,4.8,3.4
2024-07-29 11:57:00,CNR5973381916,Success,CID273297,Mini,Hennur,MG Road,308.0,135.0,Not Applicable,Not Applicable,No,Not Applicable,423,UPI,23,3.9,4.3
2024-07-24 07:06:00,CNR3061161491,Canceled by Driver,CID307261,Auto,Peenya,Electronic City,,,Not Applicable,More than permitted people in there,Not Applicable,Not Applicable,129,Not Applicable,0,,
2024-07-16 02:35:00,CNR4164562289,Success,CID934664,Auto,Jayanagar,Yeshwanthpur,301.0,35.0,Not Applicable,Not Applicable,No,Not Applicable,477,UPI,12,3.2,4.3
2024-07-02 20:54:00,CNR3283699544,Canceled by Customer,CID699257,Auto,Magadi Road,RT Nagar,,,Driver is not moving towards pickup location,Not Applicable,Not Applicable,Not Applicable,399,Not Applicable,0,,
2024-07-23 19:42:00,CNR4466787692,Success,CID385074,eBike,Kadugodi,HSR Layout,252.0,70.0,Not Applicable,Not Applicable,No,Not Applicable,258,Credit Card,28,4.0,4.8
2024-07-17 21:29:00,CNR1784883858,Success,CID525205,Prime SUV,MG Road,Bannerghatta Road,147.0,85.0,Not Applicable,Not Applicable,No,Not Applicable,387,Cash,31,4.1,3.1
2024-07-10 03:19:00,CNR6039137760,Success,CID482764,eBike,Chamarajpet,Peenya,98.0,60.0,Not Applicable,Not Applicable,No,Not Applicable,228,UPI,4,3.1,3.5
2024-07-14 05:37:00,CNR2825358706,Success,CID711855,Auto,Nagarbhavi,Devanahalli,168.0,115.0,Not Applicable,Not Applicable,No,Not Applicable,473,UPI,14,4.5,3.2
2024-07-04 09:33:00,CNR8736599007,Success,CID995995,Bike,Magadi Road,Kadugodi,42.0,110.0,Not Applicable,Not Applicable,No,Not Applicable,286,Cash,18,4.9,4.7
2024-07-26 15:42:00,CNR8997113926,Canceled by Driver,CID794076,eBike,RT Nagar,Peenya,,,Not Applicable,Personal & Car related issue,Not Applicable,Not Applicable,294,Not Applicable,0,,
2024-07-15 11:06:00,CNR5152589645,Success,CID357685,Mini,Malleshwaram,HSR Layout,105.0,110.0,Not Applicable,Not Applicable,No,Not Applicable,188,Cash,40,3.4,4.0
2024-07-07 15:01:00,CNR6318701985,Success,CID963502,Mini,Bannerghatta Road,Bellandur,49.0,105.0,Not Applicable,Not Applicable,No,Not Applicable,969,UPI,8,3.9,4.6
2024-07-09 14:57:00,CNR1882656607,Success,CID644103,eBike,Hebbal,Devanahalli,238.0,55.0,Not Applicable,Not Applicable,No,Not Applicable,212,Cash,14,3.6,4.9
2024-07-26 21:44:00,CNR6902149479,Driver Not Found,CID593684,Prime Plus,Richmond Town,Hennur,,,Not Applicable,Not Applicable,Not Applicable,Not Applicable,316,Not Applicable,0,,
2024-07-28 15:54:00,CNR2583715274,Driver Not Found,CID625244,eBike,Banashankari,HSR Layout,,,Not Applicable,Not Applicable,Not Applicable,Not Applicable,664,Not Applicable,0,,
2024-07-21 07:01:00,CNR1641279393,Success,CID206948,Mini,Frazer Town,KR Puram,49.0,110.0,Not Applicable,Not Applicable,No,Not Applicable,132,UPI,35,3.4,3.4
2024-07-16 10:04:00,CNR6400385018,Success,CID990432,Bike,HSR Layout,Hebbal,182.0,115.0,Not Applicable,Not Applicable,Yes,Vehicle Breakdown,316,Credit Card,35,4.5,3.5
2024-07-26 16:13:00,CNR4398329479,Driver Not Found,CID842585,Prime Sedan,Shantinagar,Basavanagudi,,,Not Applicable,Not Applicable,Not Applicable,Not Applicable,357,Not Applicable,0,,
2024-07-19 10:15:00,CNR8106151177,Success,CID561830,Auto,Langford Town,Chickpet,126.0,135.0,Not Applicable,Not Applicable,No,Not Applicable,266,UPI,7,4.0,4.7
2024-07-16 14:48:00,CNR4561866533,Success,CID999125,Mini,Kadugodi,Rajajinagar,266.0,35.0,Not Applicable,Not Applicable,No,Not Applicable,483,Cash,41,3.4,4.8
2024-07-12 05:52:00,CNR6141314667,Success,CID317763,Auto,Rajajinagar,Padmanabhanagar,189.0,45.0,Not Applicable,Not Applicable,No,Not Applicable,360,Cash,11,3.4,3.5
2024-07-02 09:55:00,CNR6285293867,Success,CID471080,Mini,Hebbal,Kadugodi,203.0,115.0,Not Applicable,Not Applicable,No,Not Applicable,166,Cash,43,4.7,4.2
2024-07-11 19:56:00,CNR3147862861,Success,CID216741,Mini,MG Road,Hulimavu,182.0,115.0,Not Applicable,Not Applicable,No,Not Applicable,492,UPI,17,3.8,3.6
2024-07-17 23:03:00,CNR4560028352,Driver Not Found,CID947907,Prime SUV,Jayanagar,Ramamurthy Nagar,,,Not Applicable,Not Applicable,Not Applicable,Not Applicable,243,Not Applicable,0,,
2024-07-17 01:04:00,CNR7839165222,Canceled by Driver,CID897858,Prime Plus,Magadi Road,BTM Layout,,,Not Applicable,Customer related issue,Not Applicable,Not Applicable,758,Not Applicable,0,,
2024-07-09 16:22:00,CNR7991303064,Canceled by Customer,CID287113,Mini,Peenya,Chamarajpet,,,AC is Not working,Not Applicable,Not Applicable,Not Applicable,309,Not Applicable,0,,
2024-07-23 14:05:00,CNR7296474722,Canceled by Customer,CID525644,Mini,Hosur Road,Hosur Road,,,Driver is not moving towards pickup location,Not Applicable,Not Applicable,Not Applicable,1489,Not Applicable,0,,
2024-07-05 10:40:00,CNR7972650904,Success,CID264452,Prime SUV,JP Nagar,Rajajinagar,231.0,120.0,Not Applicable,Not Applicable,No,Not Applicable,239,UPI,28,3.0,3.9
2024-07-13 22:08:00,CNR9426600213,Success,CID963865,Prime Sedan,HSR Layout,Mysore Road,56.0,90.0,Not Applicable,Not Applicable,No,Not Applicable,398,UPI,46,3.9,4.8
2024-07-02 18:48:00,CNR6959733178,Success,CID339783,Auto,Electronic City,Hennur,77.0,115.0,Not Applicable,Not Applicable,Yes,Customer Demand,877,Cash,19,3.1,4.5
2024-07-20 16:11:00,CNR7838248292,Success,CID999417,Prime Plus,Sarjapur Road,Frazer Town,133.0,40.0,Not Applicable,Not Applicable,No,Not Applicable,155,UPI,2,4.6,5.0
2024-07-26 07:43:00,CNR2694721025,Canceled by Customer,CID179100,Bike,Nagarbhavi,Marathahalli,,,Driver is not moving towards pickup location,Not Applicable,Not Applicable,Not Applicable,497,Not Applicable,0,,
2024-07-11 06:08:00,CNR1825580381,Success,CID108299,Mini,Shivajinagar,Vijayanagar,147.0,60.0,Not Applicable,Not Applicable,No,Not Applicable,277,UPI,25,3.0,3.4
2024-07-01 22:29:00,CNR9379304478,Success,CID953235,Prime SUV,Banashankari,Yeshwanthpur,119.0,130.0,Not Applicable,Not Applicable,No,Not Applicable,118,UPI,1,4.1,3.8
2024-07-06 08:28:00,CNR8735055575,Success,CID115362,eBike,Majestic,Peenya,35.0,75.0,Not Applicable,Not Applicable,No,Not Applicable,1451,Cash,44,3.3,3.3
2024-07-27 03:14:00,CNR2056979811,Driver Not Found,CID559770,eBike,Electronic City,Majestic,,,Not Applicable,Not Applicable,Not Applicable,Not Applicable,812,Not Applicable,0,,
2024-07-10 13:58:00,CNR8155353926,Canceled by Customer,CID726665,Prime SUV,Bellandur,Richmond Town,,,Driver asked to cancel,Not Applicable,Not Applicable,Not Applicable,501,Not Applicable,0,,
2024-07-14 12:55:00,CNR2868559084,Success,CID365614,Auto,Kammanahalli,Hosur Road,147.0,65.0,Not Applicable,Not Applicable,No,Not Applicable,149,UPI,1,4.7,4.4
2024-07-07 05:11:00,CNR9576446652,Success,CID224435,eBike,RT Nagar,Majestic,35.0,100.0,Not Applicable,Not Applicable,No,Not Applicable,247,Cash,41,4.9,3.7
2024-07-16 15:22:00,CNR3421896450,Canceled by Driver,CID692293,Bike,Sarjapur Road,Sahakar Nagar,,,Not Applicable,More than permitted people in there,Not Applicable,Not Applicable,450,Not Applicable,0,,
2024-07-04 00:32:00,CNR9046095676,Success,CID707438,Auto,Bannerghatta Road,Ulsoor,70.0,80.0,Not Applicable,Not Applicable,No,Not Applicable,1726,Cash,8,3.8,3.7
2024-07-08 05:50:00,CNR6826762859,Canceled by Customer,CID582497,Auto,Rajarajeshwari Nagar,Marathahalli,,,Driver asked to cancel,Not Applicable,Not Applicable,Not Applicable,427,Not Applicable,0,,
2024-07-10 10:38:00,CNR4531559705,Success,CID554011,Prime SUV,Yeshwanthpur,Sahakar Nagar,77.0,85.0,Not Applicable,Not Applicable,No,Not Applicable,107,Credit Card,23,3.1,4.8
2024-07-01 11:36:00,CNR9583945506,Success,CID670166,Prime Sedan,Malleshwaram,Mysore Road,196.0,135.0,Not Applicable,Not Applicable,No,Not Applicable,308,UPI,29,3.6,4.5
2024-07-01 14:51:00,CNR4374296410,Canceled by Driver,CID900767,Prime Plus,Peenya,Hennur,,,Not Applicable,Customer related issue,Not Applicable,Not Applicable,301,Not Applicable,0,,
2024-07-01 03:04:00,CNR2685438618,Driver Not Found,CID765237,Prime Sedan,Hosur Road,Devanahalli,,,Not Applicable,Not Applicable,Not Applicable,Not Applicable,340,Not Applicable,0,,
2024-07-03 10:44:00,CNR9895482494,Success,CID260872,Mini,Ramamurthy Nagar,Whitefield,182.0,100.0,Not Applicable,Not Applicable,No,Not Applicable,2019,Cash,33,3.4,4.9
2024-07-05 18:01:00,CNR6433620468,Success,CID613675,eBike,Magadi Road,Cox Town,203.0,130.0,Not Applicable,Not Applicable,No,Not Applicable,235,UPI,38,3.6,3.7
2024-07-18 13:16:00,CNR3394871660,Success,CID764438,Auto,HSR Layout,Ramamurthy Nagar,175.0,70.0,Not Applicable,Not Applicable,No,Not Applicable,815,UPI,10,3.9,4.6
2024-07-02 06:12:00,CNR6235321574,Canceled by Customer,CID995718,eBike,Hosur Road,Sarjapur Road,,,Change of plans,Not Applicable,Not Applicable,Not Applicable,462,Not Applicable,0,,
2024-07-04 00:52:00,CNR7371942646,Canceled by Driver,CID913600,Auto,Whitefield,Magadi Road,,,Not Applicable,Customer related issue,Not Applicable,Not Applicable,477,Not Applicable,0,,
2024-07-13 03:23:00,CNR5568677228,Driver Not Found,CID476432,Mini,Cox Town,Kadugodi,,,Not Applicable,Not Applicable,Not Applicable,Not Applicable,442,Not Applicable,0,,
2024-07-12 11:28:00,CNR6329997185,Success,CID985434,Prime Plus,Tumkur Road,Kengeri,63.0,55.0,Not Applicable,Not Applicable,No,Not Applicable,573,Cash,42,3.8,4.2
2024-07-16 22:04:00,CNR5161772939,Success,CID699534,Prime SUV,Bannerghatta Road,Majestic,224.0,125.0,Not Applicable,Not Applicable,No,Not Applicable,339,Cash,10,3.4,3.9
2024-07-11 09:06:00,CNR3539392498,Canceled by Driver,CID508398,Prime Plus,RT Nagar,Ramamurthy Nagar,,,Not Applicable,Customer related issue,Not Applicable,Not Applicable,231,Not Applicable,0,,
2024-07-14 09:58:00,CNR2580054330,Success,CID940835,Mini,Banashankari,Cox Town,245.0,80.0,Not Applicable,Not Applicable,No,Not Applicable,821,Cash,31,3.2,3.1
2024-07-08 04:46:00,CNR1637381659,Success,CID359935,Bike,Hebbal,Frazer Town,280.0,65.0,Not Applicable,Not Applicable,No,Not Applicable,478,Cash,48,4.2,4.6
2024-07-11 01:37:00,CNR1337627608,Canceled by Driver,CID544166,Bike,Whitefield,Mysore Road,,,Not Applicable,Personal & Car related issue,Not Applicable,Not Applicable,210,Not Applicable,0,,
2024-07-08 10:04:00,CNR7435546523,Success,CID541527,Mini,Mysore Road,Kammanahalli,77.0,50.0,Not Applicable,Not Applicable,No,Not Applicable,956,Cash,42,3.2,3.3
2024-07-10 13:10:00,CNR9475820367,Canceled by Driver,CID248854,Prime SUV,Chamarajpet,Ramamurthy Nagar,,,Not Applicable,Customer related issue,Not Applicable,Not Applicable,541,Not Applicable,0,,
2024-07-24 14:25:00,CNR3247982404,Success,CID286389,Prime SUV,Basavanagudi,Kammanahalli,252.0,125.0,Not Applicable,Not Applicable,No,Not Applicable,491,Debit Card,25,4.4,5.0
2024-07-01 10:05:00,CNR1030996662,Driver Not Found,CID916962,Auto,Rajajinagar,Devanahalli,,,Not Applicable,Not Applicable,Not Applicable,Not Applicable,146,Not Applicable,0,,
2024-07-29 23:19:00,CNR2518754789,Success,CID635627,Bike,Majestic,MG Road,35.0,50.0,Not Applicable,Not Applicable,No,Not Applicable,450,Cash,49,4.0,4.9
2024-07-18 11:24:00,CNR7594192702,Canceled by Customer,CID726991,eBike,Indiranagar,Chamarajpet,,,Driver asked to cancel,Not Applicable,Not Applicable,Not Applicable,174,Not Applicable,0,,
2024-07-23 17:16:00,CNR9410557216,Success,CID847399,Mini,MG Road,Sahakar Nagar,175.0,140.0,Not Applicable,Not Applicable,No,Not Applicable,259,Cash,24,4.2,4.2
2024-07-26 14:22:00,CNR7273393262,Success,CID720820,eBike,Ramamurthy Nagar,Chickpet,35.0,140.0,Not Applicable,Not Applicable,No,Not Applicable,284,UPI,18,3.2,4.5
2024-07-01 00:58:00,CNR1146063615,Success,CID634254,Auto,Whitefield,Bannerghatta Road,112.0,90.0,Not Applicable,Not Applicable,No,Not Applicable,2581,Cash,8,4.5,4.5
2024-07-11 06:51:00,CNR8233386581,Success,CID752915,Prime Sedan,Basavanagudi,Malleshwaram,238.0,140.0,Not Applicable,Not Applicable,No,Not Applicable,2252,Cash,43,4.4,3.0
2024-07-04 03:24:00,CNR4539444711,Driver Not Found,CID486471,Bike,Langford Town,Jayanagar,,,Not Applicable,Not Applicable,Not Applicable,Not Applicable,431,Not Applicable,0,,
2024-07-09 18:49:00,CNR5363514534,Success,CID384307,Prime Plus,Jayanagar,Richmond Town,308.0,65.0,Not Applicable,Not Applicable,No,Not Applicable,496,Cash,45,4.7,4.0
2024-07-22 19:34:00,CNR8901289803,Driver Not Found,CID602420,Prime Plus,Hennur,Mysore Road,,,Not Applicable,Not Applicable,Not Applicable,Not Applicable,458,Not Applicable,0,,
2024-07-02 20:19:00,CNR3424954962,Success,CID438678,Prime SUV,Ulsoor,JP Nagar,119.0,105.0,Not Applicable,Not Applicable,No,Not Applicable,389,UPI,48,4.5,3.6
2024-07-23 20:04:00,CNR2220676293,Success,CID728349,Prime SUV,Electronic City,Frazer Town,154.0,100.0,Not Applicable,Not Applicable,No,Not Applicable,139,Cash,36,3.9,3.3
2024-07-21 19:09:00,CNR3474126499,Canceled by Driver,CID632608,Bike,Richmond Town,Bellandur,,,Not Applicable,Personal & Car related issue,Not Applicable,Not Applicable,134,Not Applicable,0,,
2024-07-07 22:31:00,CNR8678635739,Success,CID495246,Auto,Basavanagudi,Chamarajpet,196.0,85.0,Not Applicable,Not Applicable,No,Not Applicable,642,Cash,9,3.9,4.9
2024-07-04 02:25:00,CNR3521201432,Success,CID429981,Prime Sedan,RT Nagar,Malleshwaram,112.0,120.0,Not Applicable,Not Applicable,No,Not Applicable,447,UPI,30,4.2,4.6
2024-07-12 07:24:00,CNR2951041207,Driver Not Found,CID750315,Prime SUV,Sarjapur Road,Hebbal,,,Not Applicable,Not Applicable,Not Applicable,Not Applicable,405,Not Applicable,0,,
2024-07-09 20:56:00,CNR3946737983,Success,CID268426,Prime SUV,MG Road,Kammanahalli,154.0,55.0,Not Applicable,Not Applicable,No,Not Applicable,113,UPI,19,4.0,3.6
2024-07-06 09:45:00,CNR7920629073,Success,CID333166,Prime SUV,Rajarajeshwari Nagar,Devanahalli,217.0,100.0,Not Applicable,Not Applicable,No,Not Applicable,990,UPI,21,4.9,3.9
2024-07-29 20:15:00,CNR2822512742,Canceled by Driver,CID356615,eBike,Hebbal,Hennur,,,Not Applicable,More than permitted people in there,Not Applicable,Not Applicable,577,Not Applicable,0,,
2024-07-19 16:23:00,CNR4562060809,Success,CID493561,Prime SUV,Sarjapur Road,Kengeri,140.0,125.0,Not Applicable,Not Applicable,No,Not Applicable,263,Cash,43,4.9,3.9
2024-07-01 16:52:00,CNR3334880720,Success,CID383840,eBike,BTM Layout,Ulsoor,56.0,85.0,Not Applicable,Not Applicable,No,Not Applicable,179,Cash,26,4.4,4.0
2024-07-09 14:02:00,CNR5090414352,Success,CID936570,Bike,BTM Layout,Kengeri,287.0,100.0,Not Applicable,Not Applicable,No,Not Applicable,219,Cash,13,4.0,4.6
2024-07-13 09:44:00,CNR7431920938,Driver Not Found,CID136905,Mini,Sarjapur Road,Whitefield,,,Not Applicable,Not Applicable,Not Applicable,Not Applicable,1744,Not Applicable,0,,
2024-07-11 15:50:00,CNR1042574291,Driver Not Found,CID644305,Prime Plus,Hulimavu,Hennur,,,Not Applicable,Not Applicable,Not Applicable,Not Applicable,860,Not Applicable,0,,
2024-07-05 18:03:00,CNR3885513344,Success,CID601451,Prime Sedan,Electronic City,Whitefield,189.0,140.0,Not Applicable,Not Applicable,No,Not Applicable,960,Cash,3,3.0,4.0
2024-07-29 14:00:00,CNR2276306793,Success,CID371983,Prime Plus,HSR Layout,Shantinagar,168.0,85.0,Not Applicable,Not Applicable,Yes,Other Issue,445,Cash,21,4.7,4.6
2024-07-02 16:10:00,CNR7875512681,Success,CID761720,Mini,Chickpet,MG Road,70.0,25.0,Not Applicable,Not Applicable,No,Not Applicable,421,Cash,43,3.3,3.2
2024-07-19 13:26:00,CNR4977076938,Driver Not Found,CID208995,Auto,Cox Town,Koramangala,,,Not Applicable,Not Applicable,Not Applicable,Not Applicable,113,Not Applicable,0,,
2024-07-08 01:11:00,CNR4086834463,Success,CID318125,Mini,RT Nagar,Koramangala,238.0,75.0,Not Applicable,Not Applicable,No,Not Applicable,925,Cash,43,3.7,4.9
2024-07-25 17:16:00,CNR3270072964,Success,CID913241,Prime Sedan,Hennur,Hulimavu,217.0,90.0,Not Applicable,Not Applicable,No,Not Applicable,786,Credit Card,2,4.3,3.1
2024-07-07 23:18:00,CNR4341648498,Canceled by Driver,CID353281,Mini,Tumkur Road,Indiranagar,,,Not Applicable,Customer was coughing/sick,Not Applicable,Not Applicable,164,Not Applicable,0,,
2024-07-17 12:47:00,CNR2390994407,Success,CID897333,eBike,HSR Layout,Banashankari,161.0,55.0,Not Applicable,Not Applicable,No,Not Applicable,358,UPI,23,3.5,3.8
2024-07-15 17:04:00,CNR7720172111,Canceled by Driver,CID658657,Mini,Nagarbhavi,Bellandur,,,Not Applicable,Personal & Car related issue,Not Applicable,Not Applicable,1978,Not Applicable,0,,
2024-07-27 08:05:00,CNR4014589941,Success,CID686943,Prime Sedan,Yelahanka,Bannerghatta Road,196.0,50.0,Not Applicable,Not Applicable,Yes,Vehicle Breakdown,493,Cash,48,3.2,3.7
2024-07-01 09:30:00,CNR2931760097,Success,CID971873,Prime Plus,Vijayanagar,BTM Layout,119.0,95.0,Not Applicable,Not Applicable,No,Not Applicable,331,UPI,34,4.9,3.5
2024-07-08 08:55:00,CNR9679958258,Success,CID452538,Prime Sedan,Devanahalli,Ramamurthy Nagar,35.0,80.0,Not Applicable,Not Applicable,No,Not Applicable,2419,Cash,32,4.0,3.7
2024-07-02 20:11:00,CNR3209400341,Success,CID803996,Mini,Ramamurthy Nagar,BTM Layout,77.0,105.0,Not Applicable,Not Applicable,No,Not Applicable,693,Cash,47,4.4,4.8
2024-07-22 22:46:00,CNR3668361866,Success,CID860575,Prime Sedan,Richmond Town,Rajarajeshwari Nagar,161.0,100.0,Not Applicable,Not Applicable,No,Not Applicable,313,UPI,19,3.6,4.6
2024-07-01 22:32:00,CNR1491328525,Success,CID305809,Bike,Sahakar Nagar,Varthur,126.0,95.0,Not Applicable,Not Applicable,No,Not Applicable,219,Cash,33,4.3,3.5
2024-07-21 18:59:00,CNR7591625544,Success,CID851962,Prime Plus,Peenya,Cox Town,35.0,100.0,Not Applicable,Not Applicable,No,Not Applicable,401,Cash,36,3.7,3.1
2024-07-09 10:47:00,CNR3579746186,Success,CID178821,Prime Plus,Nagarbhavi,Mysore Road,287.0,60.0,Not Applicable,Not Applicable,No,Not Applicable,376,Cash,31,3.4,4.4
2024-07-27 00:17:00,CNR2984961801,Driver Not Found,CID517289,eBike,Koramangala,Hosur Road,,,Not Applicable,Not Applicable,Not Applicable,Not Applicable,317,Not Applicable,0,,
2024-07-05 01:40:00,CNR6702221531,Success,CID785952,Auto,Langford Town,KR Puram,231.0,50.0,Not Applicable,Not Applicable,No,Not Applicable,200,Cash,16,3.5,4.0
2024-07-02 11:03:00,CNR3680217566,Success,CID775236,eBike,Frazer Town,Magadi Road,280.0,60.0,Not Applicable,Not Applicable,No,Not Applicable,1920,Cash,48,3.9,3.6
2024-07-12 08:35:00,CNR2301487947,Canceled by Driver,CID821132,eBike,Basavanagudi,Yelahanka,,,Not Applicable,More than permitted people in there,Not Applicable,Not Applicable,481,Not Applicable,0,,
2024-07-06 21:08:00,CNR6543803526,Success,CID572862,Bike,Kengeri,BTM Layout,210.0,60.0,Not Applicable,Not Applicable,No,Not Applicable,794,Cash,42,4.1,4.6
2024-07-13 23:57:00,CNR5698968615,Success,CID422517,Bike,Ulsoor,JP Nagar,35.0,60.0,Not Applicable,Not Applicable,No,Not Applicable,684,Credit Card,7,4.5,4.3
2024-07-24 02:13:00,CNR3726466757,Driver Not Found,CID407811,Bike,Koramangala,JP Nagar,,,Not Applicable,Not Applicable,Not Applicable,Not Applicable,1628,Not Applicable,0,,
2024-07-27 11:42:00,CNR1283280001,Success,CID801555,Bike,Banashankari,Basavanagudi,42.0,110.0,Not Applicable,Not Applicable,No,Not Applicable,934,Cash,18,3.9,4.9
2024-07-26 19:34:00,CNR4568305026,Canceled by Customer,CID603333,Mini,Majestic,Tumkur Road,,,Driver asked to cancel,Not Applicable,Not Applicable,Not Applicable,597,Not Applicable,0,,
2024-07-28 21:32:00,CNR3144120565,Canceled by Driver,CID370000,Mini,Yelahanka,BTM Layout,,,Not Applicable,Personal & Car related issue,Not Applicable,Not Applicable,608,Not Applicable,0,,
2024-07-04 19:23:00,CNR7605317064,Canceled by Driver,CID798212,Mini,Ramamurthy Nagar,Sahakar Nagar,,,Not Applicable,Personal & Car related issue,Not Applicable,Not Applicable,381,Not Applicable,0,,
2024-07-18 07:55:00,CNR8539544402,Success,CID770296,Prime Sedan,Koramangala,Bannerghatta Road,224.0,25.0,Not Applicable,Not Applicable,No,Not Applicable,176,UPI,9,4.0,4.6
2024-07-01 03:42:00,CNR6846850269,Success,CID771771,Bike,Electronic City,Sarjapur Road,273.0,115.0,Not Applicable,Not Applicable,No,Not Applicable,1899,UPI,21,3.3,3.6
2024-07-18 07:04:00,CNR1652384363,Driver Not Found,CID316219,Prime Sedan,Whitefield,Majestic,,,Not Applicable,Not Applicable,Not Applicable,Not Applicable,274,Not Applicable,0,,
2024-07-06 22:40:00,CNR6123538366,Canceled by Driver,CID233266,Prime Plus,Vijayanagar,Majestic,,,Not Applicable,Customer was coughing/sick,Not Applicable,Not Applicable,652,Not Applicable,0,,
2024-07-09 22:52:00,CNR7059000703,Success,CID889527,eBike,Marathahalli,Chamarajpet,77.0,65.0,Not Applicable,Not Applicable,No,Not Applicable,1004,Credit Card,8,4.4,3.5
2024-07-25 03:16:00,CNR3155837916,Success,CID980679,Mini,Tumkur Road,Padmanabhanagar,252.0,95.0,Not Applicable,Not Applicable,No,Not Applicable,313,Cash,5,4.9,3.9
2024-07-02 08:26:00,CNR2921119661,Driver Not Found,CID833926,eBike,Rajarajeshwari Nagar,Basavanagudi,,,Not Applicable,Not Applicable,Not Applicable,Not Applicable,151,Not Applicable,0,,
2024-07-23 08:57:00,CNR9657759307,Success,CID998486,Prime Sedan,Peenya,Jayanagar,161.0,60.0,Not Applicable,Not Applicable,No,Not Applicable,308,Cash,13,3.3,4.6
2024-07-09 12:21:00,CNR6550675871,Success,CID287375,Mini,Richmond Town,Hennur,210.0,60.0,Not Applicable,Not Applicable,No,Not Applicable,190,UPI,8,3.8,3.4
2024-07-07 21:49:00,CNR7950795694,Success,CID350057,Prime Sedan,Yeshwanthpur,Richmond Town,231.0,55.0,Not Applicable,Not Applicable,No,Not Applicable,928,UPI,11,3.4,4.6
2024-07-01 12:18:00,CNR5015898421,Driver Not Found,CID576630,Prime SUV,Shantinagar,Rajajinagar,,,Not Applicable,Not Applicable,Not Applicable,Not Applicable,207,Not Applicable,0,,
2024-07-21 09:01:00,CNR8632903803,Canceled by Driver,CID748969,Mini,Indiranagar,RT Nagar,,,Not Applicable,Customer related issue,Not Applicable,Not Applicable,246,Not Applicable,0,,
2024-07-02 16:19:00,CNR9835173622,Success,CID187534,Auto,Banashankari,Basavanagudi,168.0,30.0,Not Applicable,Not Applicable,No,Not Applicable,459,Cash,7,3.8,3.2
2024-07-16 13:53:00,CNR3248948041,Canceled by Driver,CID249183,Mini,Sarjapur Road,Kengeri,,,Not Applicable,Personal & Car related issue,Not Applicable,Not Applicable,222,Not Applicable,0,,
2024-07-10 20:13:00,CNR6976503549,Success,CID706212,Bike,Shantinagar,Kengeri,140.0,80.0,Not Applicable,Not Applicable,No,Not Applicable,1536,Credit Card,32,4.8,5.0
2024-07-04 02:35:00,CNR4877918315,Canceled by Driver,CID341381,eBike,Richmond Town,Marathahalli,,,Not Applicable,Customer related issue,Not Applicable,Not Applicable,1105,Not Applicable,0,,
2024-07-15 09:43:00,CNR3505107015,Success,CID395906,Prime Plus,RT Nagar,BTM Layout,84.0,130.0,Not Applicable,Not Applicable,No,Not Applicable,813,UPI,33,4.3,3.7
2024-07-18 12:39:00,CNR1985200750,Driver Not Found,CID178959,Prime Plus,Padmanabhanagar,JP Nagar,,,Not Applicable,Not Applicable,Not Applicable,Not Applicable,968,Not Applicable,0,,
2024-07-11 21:40:00,CNR4704151242,Canceled by Driver,CID242278,Prime Plus,Mysore Road,Kengeri,,,Not Applicable,Customer related issue,Not Applicable,Not Applicable,698,Not Applicable,0,,
2024-07-11 20:22:00,CNR8300427042,Success,CID200264,Mini,Frazer Town,Hennur,287.0,65.0,Not Applicable,Not Applicable,No,Not Applicable,468,UPI,25,3.9,4.8
2024-07-13 07:34:00,CNR5646286487,Success,CID464635,Prime Sedan,Bannerghatta Road,Yeshwanthpur,35.0,100.0,Not Applicable,Not Applicable,No,Not Applicable,108,UPI,4,3.6,3.6
2024-07-28 22:37:00,CNR4428992378,Success,CID663623,Prime Sedan,Sarjapur Road,Vijayanagar,91.0,65.0,Not Applicable,Not Applicable,No,Not Applicable,852,Debit Card,16,4.7,4.3
2024-07-25 16:55:00,CNR4663988035,Success,CID786558,Prime SUV,Tumkur Road,Banashankari,35.0,130.0,Not Applicable,Not Applicable,No,Not Applicable,139,UPI,6,4.9,4.8
2024-07-01 01:13:00,CNR2597262089,Canceled by Driver,CID389171,eBike,Tumkur Road,Devanahalli,,,Not Applicable,Customer related issue,Not Applicable,Not Applicable,694,Not Applicable,0,,
2024-07-16 02:01:00,CNR1184436956,Canceled by Driver,CID887948,eBike,Hosur Road,Hebbal,,,Not Applicable,Personal & Car related issue,Not Applicable,Not Applicable,965,Not Applicable,0,,
2024-07-08 13:03:00,CNR6915018643,Success,CID395909,Prime SUV,Malleshwaram,Whitefield,112.0,140.0,Not Applicable,Not Applicable,No,Not Applicable,2133,Cash,40,4.7,4.1
2024-07-21 13:55:00,CNR9805328807,Success,CID591070,Mini,KR Puram,Hosur Road,287.0,30.0,Not Applicable,Not Applicable,No,Not Applicable,428,Cash,39,3.7,4.1
2024-07-05 10:43:00,CNR3908960387,Success,CID530480,Prime Sedan,Sahakar Nagar,Magadi Road,147.0,30.0,Not Applicable,Not Applicable,No,Not Applicable,106,Cash,19,3.5,3.7
2024-07-05 18:20:00,CNR8942778568,Driver Not Found,CID497606,Prime SUV,Indiranagar,Ramamurthy Nagar,,,Not Applicable,Not Applicable,Not Applicable,Not Applicable,191,Not Applicable,0,,
2024-07-04 17:49:00,CNR5165891635,Success,CID862216,Prime SUV,Magadi Road,Hosur Road,259.0,120.0,Not Applicable,Not Applicable,Yes,Vehicle Breakdown,585,Cash,49,4.8,3.4
2024-07-18 13:32:00,CNR8884880346,Success,CID816887,Prime Sedan,Electronic City,Hebbal,252.0,85.0,Not Applicable,Not Applicable,No,Not Applicable,257,Cash,24,3.1,3.4
2024-07-16 11:06:00,CNR8626442811,Success,CID189134,Bike,Sarjapur Road,Mysore Road,280.0,80.0,Not Applicable,Not Applicable,No,Not Applicable,447,UPI,21,4.3,4.6
2024-07-14 08:43:00,CNR3938632159,Success,CID671474,Bike,Kadugodi,Jayanagar,70.0,75.0,Not Applicable,Not Applicable,No,Not Applicable,481,UPI,45,4.2,5.0
2024-07-27 07:31:00,CNR5745568574,Canceled by Driver,CID234996,Mini,Marathahalli,Peenya,,,Not Applicable,Customer related issue,Not Applicable,Not Applicable,464,Not Applicable,0,,
2024-07-26 14:40:00,CNR9540591861,Success,CID496590,Prime Sedan,Tumkur Road,Kammanahalli,35.0,85.0,Not Applicable,Not Applicable,No,Not Applicable,714,UPI,12,3.7,3.2
2024-07-20 16:11:00,CNR8760693569,Success,CID134208,Auto,Peenya,Yelahanka,77.0,100.0,Not Applicable,Not Applicable,No,Not Applicable,1611,Cash,16,3.6,3.9
2024-07-28 18:23:00,CNR4162889474,Driver Not Found,CID590666,Auto,Kengeri,Sahakar Nagar,,,Not Applicable,Not Applicable,Not Applicable,Not Applicable,143,Not Applicable,0,,
2024-07-15 06:00:00,CNR8944767503,Success,CID232865,Prime Plus,Marathahalli,Devanahalli,294.0,115.0,Not Applicable,Not Applicable,No,Not Applicable,458,UPI,48,3.3,3.3
2024-07-28 19:18:00,CNR8115550541,Success,CID915648,Bike,KR Puram,Devanahalli,210.0,60.0,Not Applicable,Not Applicable,No,Not Applicable,446,UPI,4,3.3,4.8
2024-07-16 20:02:00,CNR5573157434,Success,CID721562,eBike,Sahakar Nagar,Koramangala,217.0,65.0,Not Applicable,Not Applicable,No,Not Applicable,130,Cash,43,3.2,4.1
2024-07-05 16:13:00,CNR8601813331,Canceled by Driver,CID597459,Auto,Kammanahalli,Banashankari,,,Not Applicable,Personal & Car related issue,Not Applicable,Not Applicable,471,Not Applicable,0,,
2024-07-28 02:18:00,CNR6351383171,Canceled by Customer,CID559899,Mini,Hulimavu,Marathahalli,,,AC is Not working,Not Applicable,Not Applicable,Not Applicable,207,Not Applicable,0,,
2024-07-23 19:56:00,CNR3802838135,Success,CID137199,eBike,Sahakar Nagar,Hennur,175.0,140.0,Not Applicable,Not Applicable,No,Not Applicable,272,UPI,21,3.4,4.4
2024-07-26 17:53:00,CNR9533038542,Success,CID642578,Prime SUV,JP Nagar,Rajajinagar,56.0,130.0,Not Applicable,Not Applicable,No,Not Applicable,387,UPI,10,4.7,4.7
2024-07-02 20:32:00,CNR2293401780,Driver Not Found,CID777315,Prime Plus,Basavanagudi,Varthur,,,Not Applicable,Not Applicable,Not Applicable,Not Applicable,456,Not Applicable,0,,
2024-07-25 01:06:00,CNR7067253282,Success,CID525639,Prime SUV,Hebbal,Banashankari,231.0,140.0,Not Applicable,Not Applicable,No,Not Applicable,333,Cash,15,4.1,3.9
2024-07-03 23:03:00,CNR2276021179,Canceled by Driver,CID234547,Prime Plus,Ulsoor,Ramamurthy Nagar,,,Not Applicable,Customer related issue,Not Applicable,Not Applicable,160,Not Applicable,0,,
2024-07-16 10:34:00,CNR5745560562,Success,CID661816,Auto,Richmond Town,Langford Town,140.0,110.0,Not Applicable,Not Applicable,No,Not Applicable,876,UPI,15,4.1,4.9
2024-07-14 00:34:00,CNR1354764602,Success,CID266327,Prime SUV,Yeshwanthpur,Hulimavu,154.0,110.0,Not Applicable,Not Applicable,No,Not Applicable,854,UPI,48,4.2,3.1
2024-07-26 09:28:00,CNR9297772297,Driver Not Found,CID844881,Bike,Peenya,Yelahanka,,,Not Applicable,Not Applicable,Not Applicable,Not Applicable,390,Not Applicable,0,,
2024-07-02 07:11:00,CNR5769334644,Success,CID190337,Auto,Richmond Town,Devanahalli,133.0,140.0,Not Applicable,Not Applicable,No,Not Applicable,346,Cash,3,3.9,3.6
2024-07-10 14:35:00,CNR4312033985,Canceled by Driver,CID105355,Prime SUV,Rajajinagar,KR Puram,,,Not Applicable,Personal & Car related issue,Not Applicable,Not Applicable,574,Not Applicable,0,,
2024-07-26 03:56:00,CNR3084043470,Success,CID338583,Auto,Jayanagar,Hennur,196.0,35.0,Not Applicable,Not Applicable,No,Not Applicable,1863,Cash,5,3.3,3.7
2024-07-19 21:16:00,CNR8898644755,Success,CID175557,Auto,Indiranagar,Kammanahalli,56.0,30.0,Not Applicable,Not Applicable,No,Not Applicable,202,Cash,15,4.0,4.4
2024-07-05 17:38:00,CNR2676465834,Success,CID906590,Prime Sedan,Ramamurthy Nagar,Kammanahalli,224.0,50.0,Not Applicable,Not Applicable,No,Not Applicable,905,Cash,3,4.4,4.3
2024-07-06 06:21:00,CNR2875301653,Canceled by Driver,CID726940,Bike,Hulimavu,Padmanabhanagar,,,Not Applicable,Customer was coughing/sick,Not Applicable,Not Applicable,238,Not Applicable,0,,
2024-07-15 18:34:00,CNR1445364942,Success,CID321404,Bike,Langford Town,Ramamurthy Nagar,175.0,30.0,Not Applicable,Not Applicable,No,Not Applicable,412,UPI,26,4.5,3.4
2024-07-24 03:11:00,CNR2559239767,Canceled by Driver,CID835005,Prime Sedan,Chickpet,Malleshwaram,,,Not Applicable,Customer related issue,Not Applicable,Not Applicable,101,Not Applicable,0,,
2024-07-01 14:59:00,CNR1277284780,Success,CID166466,Mini,MG Road,Mysore Road,238.0,90.0,Not Applicable,Not Applicable,No,Not Applicable,681,Cash,16,4.0,3.8
2024-07-08 02:40:00,CNR6235695459,Canceled by Driver,CID639522,Prime Sedan,Rajarajeshwari Nagar,RT Nagar,,,Not Applicable,Customer related issue,Not Applicable,Not Applicable,280,Not Applicable,0,,
2024-07-15 15:11:00,CNR2888096514,Canceled by Customer,CID748179,Prime Plus,Langford Town,Bannerghatta Road,,,Change of plans,Not Applicable,Not Applicable,Not Applicable,862,Not Applicable,0,,
2024-07-22 19:05:00,CNR2553946806,Driver Not Found,CID214238,Bike,Kadugodi,Sahakar Nagar,,,Not Applicable,Not Applicable,Not Applicable,Not Applicable,466,Not Applicable,0,,
2024-07-14 13:13:00,CNR7730328464,Canceled by Driver,CID432091,Auto,Malleshwaram,Malleshwaram,,,Not Applicable,Customer related issue,Not Applicable,Not Applicable,298,Not Applicable,0,,
2024-07-30 07:28:00,CNR5743126464,Success,CID124500,Prime Plus,Richmond Town,Devanahalli,175.0,145.0,Not Applicable,Not Applicable,No,Not Applicable,350,UPI,42,3.1,3.4
2024-07-13 10:22:00,CNR3494946441,Success,CID976831,Bike,Magadi Road,Mysore Road,105.0,115.0,Not Applicable,Not Applicable,No,Not Applicable,618,Cash,13,3.8,4.1
2024-07-16 12:52:00,CNR8833871638,Success,CID782309,Bike,Varthur,Mysore Road,308.0,70.0,Not Applicable,Not Applicable,No,Not Applicable,770,UPI,21,4.2,4.5
2024-07-22 01:20:00,CNR2003089428,Canceled by Customer,CID751409,Bike,Tumkur Road,Devanahalli,,,Change of plans,Not Applicable,Not Applicable,Not Applicable,1903,Not Applicable,0,,
2024-07-27 03:34:00,CNR1138100718,Driver Not Found,CID494254,Prime Plus,Sarjapur Road,Chamarajpet,,,Not Applicable,Not Applicable,Not Applicable,Not Applicable,1317,Not Applicable,0,,
2024-07-29 03:57:00,CNR1682564150,Success,CID792105,Mini,Marathahalli,Sarjapur Road,252.0,100.0,Not Applicable,Not Applicable,No,Not Applicable,626,Cash,23,3.3,3.9
2024-07-30 01:57:00,CNR3056686533,Canceled by Customer,CID974130,Mini,RT Nagar,JP Nagar,,,Driver asked to cancel,Not Applicable,Not Applicable,Not Applicable,376,Not Applicable,0,,
2024-07-22 16:35:00,CNR9429591114,Canceled by Driver,CID465328,Mini,Majestic,Chamarajpet,,,Not Applicable,Customer was coughing/sick,Not Applicable,Not Applicable,502,Not Applicable,0,,
2024-07-12 18:22:00,CNR1290480933,Canceled by Driver,CID263782,Auto,Ramamurthy Nagar,Richmond Town,,,Not Applicable,Personal & Car related issue,Not Applicable,Not Applicable,431,Not Applicable,0,,
2024-07-11 03:25:00,CNR6404772611,Success,CID970416,Mini,Sarjapur Road,HSR Layout,308.0,90.0,Not Applicable,Not Applicable,No,Not Applicable,225,Cash,28,3.4,4.4
2024-07-19 17:57:00,CNR8875905821,Canceled by Driver,CID168895,Mini,Electronic City,Kengeri,,,Not Applicable,Personal & Car related issue,Not Applicable,Not Applicable,442,Not Applicable,0,,
2024-07-26 14:10:00,CNR5936445246,Success,CID704074,Prime SUV,Banashankari,Sarjapur Road,217.0,45.0,Not Applicable,Not Applicable,No,Not Applicable,448,Cash,35,4.2,3.4
2024-07-17 03:18:00,CNR6378029264,Canceled by Driver,CID310447,Auto,Chickpet,HSR Layout,,,Not Applicable,Customer related issue,Not Applicable,Not Applicable,458,Not Applicable,0,,
2024-07-04 04:30:00,CNR1568512415,Driver Not Found,CID213966,Mini,Whitefield,Richmond Town,,,Not Applicable,Not Applicable,Not Applicable,Not Applicable,349,Not Applicable,0,,
2024-07-22 19:48:00,CNR7008642574,Success,CID464783,eBike,Hennur,Magadi Road,77.0,90.0,Not Applicable,Not Applicable,No,Not Applicable,121,Cash,6,4.5,3.1
2024-07-27 19:12:00,CNR9355280063,Canceled by Customer,CID713223,Prime Plus,Basavanagudi,Mysore Road,,,Driver is not moving towards pickup location,Not Applicable,Not Applicable,Not Applicable,240,Not Applicable,0,,
2024-07-05 21:58:00,CNR5831727059,Success,CID159097,Prime SUV,Majestic,Rajarajeshwari Nagar,105.0,90.0,Not Applicable,Not Applicable,No,Not Applicable,2006,Cash,17,3.9,3.3
2024-07-15 16:24:00,CNR3664720519,Success,CID880780,Bike,HSR Layout,Frazer Town,280.0,95.0,Not Applicable,Not Applicable,No,Not Applicable,418,UPI,23,4.8,4.6
2024-07-16 22:08:00,CNR1443367626,Success,CID348793,eBike,Ramamurthy Nagar,Hebbal,203.0,100.0,Not Applicable,Not Applicable,No,Not Applicable,251,UPI,33,3.8,4.5
2024-07-18 12:54:00,CNR7743316722,Success,CID223284,eBike,Bellandur,Koramangala,49.0,80.0,Not Applicable,Not Applicable,No,Not Applicable,573,Cash,37,3.3,3.2
2024-07-24 02:02:00,CNR6301764435,Success,CID986694,Prime Sedan,Yelahanka,MG Road,196.0,30.0,Not Applicable,Not Applicable,No,Not Applicable,215,Cash,9,4.4,5.0
2024-07-01 03:18:00,CNR6051001451,Success,CID180559,Auto,Banashankari,Hosur Road,112.0,40.0,Not Applicable,Not Applicable,Yes,Vehicle Breakdown,155,Cash,2,3.7,4.9
2024-07-18 01:44:00,CNR2208961471,Success,CID699086,Auto,Langford Town,Whitefield,287.0,25.0,Not Applicable,Not Applicable,Yes,Customer Demand,462,UPI,14,4.1,4.4
2024-07-24 04:59:00,CNR6357751717,Success,CID454983,Prime SUV,Langford Town,Cox Town,266.0,120.0,Not Applicable,Not Applicable,No,Not Applicable,861,UPI,35,3.9,3.6
2024-07-01 13:50:00,CNR3396264648,Canceled by Driver,CID892646,eBike,Hennur,Rajarajeshwari Nagar,,,Not Applicable,Customer was coughing/sick,Not Applicable,Not Applicable,909,Not Applicable,0,,
2024-07-29 19:09:00,CNR2227964974,Success,CID547618,Prime Plus,Majestic,Peenya,84.0,110.0,Not Applicable,Not Applicable,No,Not Applicable,168,UPI,21,3.9,3.4
2024-07-16 13:23:00,CNR7967336111,Success,CID361676,Auto,Ulsoor,Frazer Town,287.0,100.0,Not Applicable,Not Applicable,No,Not Applicable,366,UPI,12,4.4,3.6
2024-07-19 00:19:00,CNR8896364166,Canceled by Driver,CID696808,Mini,Frazer Town,Ramamurthy Nagar,,,Not Applicable,Personal & Car related issue,Not Applicable,Not Applicable,293,Not Applicable,0,,
2024-07-01 11:31:00,CNR1223116906,Success,CID218407,eBike,Bannerghatta Road,Bellandur,119.0,110.0,Not Applicable,Not Applicable,No,Not Applicable,982,Cash,23,3.2,4.5
2024-07-28 08:09:00,CNR3750892145,Success,CID844051,Bike,Whitefield,Sahakar Nagar,77.0,80.0,Not Applicable,Not Applicable,No,Not Applicable,561,UPI,40,4.0,3.1
2024-07-02 00:04:00,CNR3619947396,Success,CID186202,Prime Plus,Frazer Town,Indiranagar,175.0,70.0,Not Applicable,Not Applicable,No,Not Applicable,686,Credit Card,10,4.5,3.5
2024-07-26 03:33:00,CNR7261064080,Success,CID944773,Prime Plus,Bannerghatta Road,Cox Town,259.0,100.0,Not Applicable,Not Applicable,No,Not Applicable,208,Cash,23,3.8,3.6
2024-07-10 15:38:00,CNR7027359686,Success,CID885545,Auto,Ramamurthy Nagar,Electronic City,266.0,115.0,Not Applicable,Not Applicable,No,Not Applicable,118,UPI,10,4.9,4.0
2024-07-18 02:22:00,CNR3448592716,Success,CID105200,Prime Plus,Langford Town,Jayanagar,119.0,75.0,Not Applicable,Not Applicable,No,Not Applicable,199,Cash,39,3.3,4.7
2024-07-02 20:37:00,CNR2670466718,Canceled by Customer,CID125534,Auto,BTM Layout,Padmanabhanagar,,,Driver is not moving towards pickup location,Not Applicable,Not Applicable,Not Applicable,461,Not Applicable,0,,
2024-07-19 08:16:00,CNR8407945058,Success,CID574953,Auto,Ramamurthy Nagar,Nagarbhavi,189.0,85.0,Not Applicable,Not Applicable,No,Not Applicable,272,UPI,14,4.9,3.9
2024-07-03 11:42:00,CNR5399255901,Success,CID632629,Bike,Magadi Road,Frazer Town,245.0,105.0,Not Applicable,Not Applicable,No,Not Applicable,339,Cash,16,4.4,4.0
2024-07-16 19:24:00,CNR6175724776,Success,CID718543,Mini,Shantinagar,Mysore Road,42.0,110.0,Not Applicable,Not Applicable,No,Not Applicable,483,Cash,13,4.6,3.8
2024-07-10 02:56:00,CNR4904966843,Success,CID470005,Auto,Kadugodi,Malleshwaram,126.0,75.0,Not Applicable,Not Applicable,No,Not Applicable,1555,Cash,11,3.8,3.9
2024-07-29 21:38:00,CNR5453523757,Success,CID833177,Bike,Frazer Town,Chamarajpet,182.0,70.0,Not Applicable,Not Applicable,No,Not Applicable,2670,Cash,23,3.3,3.3
2024-07-04 20:44:00,CNR3648194333,Success,CID120561,Prime Plus,Yeshwanthpur,HSR Layout,42.0,65.0,Not Applicable,Not Applicable,No,Not Applicable,753,Credit Card,17,3.5,3.9
2024-07-01 00:25:00,CNR4084457155,Driver Not Found,CID953540,eBike,Marathahalli,MG Road,,,Not Applicable,Not Applicable,Not Applicable,Not Applicable,841,Not Applicable,0,,
2024-07-10 10:47:00,CNR7138789685,Success,CID900477,Mini,Chickpet,Frazer Town,56.0,120.0,Not Applicable,Not Applicable,No,Not Applicable,363,UPI,18,4.5,3.1
2024-07-11 06:28:00,CNR6933604290,Canceled by Driver,CID897236,Bike,Ramamurthy Nagar,Malleshwaram,,,Not Applicable,Customer related issue,Not Applicable,Not Applicable,936,Not Applicable,0,,
2024-07-28 23:53:00,CNR6558251662,Success,CID875656,Prime Sedan,Ulsoor,Jayanagar,49.0,90.0,Not Applicable,Not Applicable,Yes,Vehicle Breakdown,397,UPI,49,4.6,3.5
2024-07-08 02:48:00,CNR2663811755,Driver Not Found,CID867606,Prime Plus,Sahakar Nagar,Malleshwaram,,,Not Applicable,Not Applicable,Not Applicable,Not Applicable,167,Not Applicable,0,,
2024-07-30 02:55:00,CNR2018102592,Success,CID735941,Prime Sedan,KR Puram,JP Nagar,161.0,35.0,Not Applicable,Not Applicable,No,Not Applicable,149,UPI,37,3.1,3.2
2024-07-04 07:22:00,CNR9128636710,Success,CID441872,Mini,Shivajinagar,Rajajinagar,77.0,125.0,Not Applicable,Not Applicable,No,Not Applicable,379,Cash,5,3.3,3.9
2024-07-08 04:53:00,CNR8235391961,Success,CID894666,Bike,Richmond Town,Kammanahalli,182.0,85.0,Not Applicable,Not Applicable,No,Not Applicable,242,Cash,38,3.8,3.4
2024-07-24 22:30:00,CNR5354860031,Success,CID822152,Bike,Vijayanagar,Nagarbhavi,112.0,60.0,Not Applicable,Not Applicable,No,Not Applicable,439,Cash,3,3.0,4.4
2024-07-26 20:36:00,CNR9833036366,Canceled by Driver,CID969448,Prime Sedan,Shantinagar,HSR Layout,,,Not Applicable,Customer was coughing/sick,Not Applicable,Not Applicable,462,Not Applicable,0,,
2024-07-22 10:01:00,CNR6256233529,Canceled by Driver,CID229691,Auto,Bannerghatta Road,Mysore Road,,,Not Applicable,Customer was coughing/sick,Not Applicable,Not Applicable,475,Not Applicable,0,,
2024-07-25 02:46:00,CNR7614881055,Success,CID562265,eBike,Majestic,Marathahalli,245.0,50.0,Not Applicable,Not Applicable,No,Not Applicable,318,Cash,27,3.5,3.3
2024-07-10 13:12:00,CNR7555481072,Success,CID914066,Prime Sedan,Kengeri,Marathahalli,105.0,45.0,Not Applicable,Not Applicable,No,Not Applicable,432,UPI,11,3.8,4.2
2024-07-05 01:19:00,CNR1737753172,Canceled by Customer,CID515619,Auto,Shivajinagar,Magadi Road,,,Driver asked to cancel,Not Applicable,Not Applicable,Not Applicable,355,Not Applicable,0,,
2024-07-11 05:15:00,CNR5423323477,Success,CID316173,Prime SUV,MG Road,Cox Town,280.0,135.0,Not Applicable,Not Applicable,No,Not Applicable,245,Cash,31,4.8,3.9
2024-07-08 19:12:00,CNR5324639567,Success,CID794962,Bike,Cox Town,Kengeri,238.0,140.0,Not Applicable,Not Applicable,No,Not Applicable,385,UPI,9,4.1,4.5
2024-07-03 00:02:00,CNR3879562400,Driver Not Found,CID697158,Prime Plus,Shivajinagar,Peenya,,,Not Applicable,Not Applicable,Not Applicable,Not Applicable,969,Not Applicable,0,,
2024-07-16 01:06:00,CNR2602630414,Success,CID146324,eBike,Varthur,Sarjapur Road,245.0,75.0,Not Applicable,Not Applicable,No,Not Applicable,857,Cash,13,3.3,4.6
2024-07-21 03:23:00,CNR9714050580,Success,CID289907,Bike,Majestic,Kadugodi,49.0,90.0,Not Applicable,Not Applicable,No,Not Applicable,403,Cash,23,3.7,4.6
2024-07-20 12:19:00,CNR7730752667,Canceled by Customer,CID255694,Prime Plus,Shantinagar,Magadi Road,,,Change of plans,Not Applicable,Not Applicable,Not Applicable,817,Not Applicable,0,,
2024-07-19 09:16:00,CNR9037641742,Success,CID743133,eBike,Basavanagudi,KR Puram,154.0,40.0,Not Applicable,Not Applicable,No,Not Applicable,720,Cash,4,3.3,3.1
2024-07-03 14:50:00,CNR4410358225,Canceled by Driver,CID220196,Bike,Hennur,Peenya,,,Not Applicable,More than permitted people in there,Not Applicable,Not Applicable,426,Not Applicable,0,,
2024-07-19 12:47:00,CNR2703317356,Canceled by Driver,CID333494,Bike,RT Nagar,Hennur,,,Not Applicable,More than permitted people in there,Not Applicable,Not Applicable,485,Not Applicable,0,,
2024-07-01 07:44:00,CNR5896151065,Canceled by Driver,CID816912,Auto,Kengeri,Hosur Road,,,Not Applicable,Customer related issue,Not Applicable,Not Applicable,250,Not Applicable,0,,
2024-07-20 04:30:00,CNR9675062920,Success,CID439015,Auto,JP Nagar,Whitefield,217.0,95.0,Not Applicable,Not Applicable,No,Not Applicable,264,UPI,8,3.7,3.8
2024-07-08 21:29:00,CNR2798842248,Success,CID204304,Bike,Banashankari,Devanahalli,168.0,135.0,Not Applicable,Not Applicable,No,Not Applicable,167,UPI,13,4.3,3.4
2024-07-25 10:17:00,CNR3815079970,Canceled by Customer,CID734086,Auto,Nagarbhavi,Koramangala,,,Wrong Address,Not Applicable,Not Applicable,Not Applicable,838,Not Applicable,0,,
2024-07-10 04:38:00,CNR9599242920,Success,CID929893,Prime SUV,Mysore Road,Ulsoor,224.0,55.0,Not Applicable,Not Applicable,No,Not Applicable,113,Cash,4,3.9,3.4
2024-07-12 17:01:00,CNR1552745314,Success,CID562928,eBike,Kengeri,Peenya,224.0,35.0,Not Applicable,Not Applicable,No,Not Applicable,386,UPI,25,4.5,3.9
2024-07-28 22:23:00,CNR4773512313,Canceled by Customer,CID217894,Bike,Padmanabhanagar,Yelahanka,,,AC is Not working,Not Applicable,Not Applicable,Not Applicable,131,Not Applicable,0,,
2024-07-15 22:00:00,CNR5498313122,Success,CID178828,Auto,Whitefield,Devanahalli,140.0,140.0,Not Applicable,Not Applicable,No,Not Applicable,314,Cash,13,4.1,4.9
2024-07-19 00:09:00,CNR5681617242,Driver Not Found,CID178041,Prime SUV,Padmanabhanagar,Padmanabhanagar,,,Not Applicable,Not Applicable,Not Applicable,Not Applicable,916,Not Applicable,0,,
2024-07-30 16:58:00,CNR3452747360,Canceled by Driver,CID396827,eBike,Devanahalli,Padmanabhanagar,,,Not Applicable,Customer was coughing/sick,Not Applicable,Not Applicable,2244,Not Applicable,0,,
2024-07-26 23:16:00,CNR8173014307,Canceled by Driver,CID728598,Mini,Kammanahalli,KR Puram,,,Not Applicable,Customer related issue,Not Applicable,Not Applicable,141,Not Applicable,0,,
2024-07-08 10:40:00,CNR6244509630,Success,CID196675,Prime Sedan,Ulsoor,Whitefield,119.0,120.0,Not Applicable,Not Applicable,No,Not Applicable,384,Credit Card,45,3.8,4.3
2024-07-26 20:00:00,CNR3230625156,Canceled by Driver,CID925860,Prime SUV,Rajajinagar,MG Road,,,Not Applicable,Personal & Car related issue,Not Applicable,Not Applicable,391,Not Applicable,0,,
2024-07-04 17:57:00,CNR4157024422,Success,CID717361,Bike,Hebbal,Jayanagar,119.0,70.0,Not Applicable,Not Applicable,No,Not Applicable,188,UPI,5,3.4,4.9
2024-07-23 15:03:00,CNR9686190421,Success,CID504059,Prime Sedan,Shantinagar,Marathahalli,245.0,50.0,Not Applicable,Not Applicable,Yes,Customer Demand,328,Cash,14,4.7,3.9
2024-07-16 01:20:00,CNR5432181680,Success,CID541910,Prime Plus,Jayanagar,Indiranagar,217.0,45.0,Not Applicable,Not Applicable,No,Not Applicable,2187,Cash,15,3.2,3.6
2024-07-28 18:10:00,CNR8108940269,Driver Not Found,CID280651,Mini,Majestic,Nagarbhavi,,,Not Applicable,Not Applicable,Not Applicable,Not Applicable,360,Not Applicable,0,,
2024-07-23 23:45:00,CNR2247224510,Canceled by Customer,CID887175,Prime Plus,Rajarajeshwari Nagar,Hebbal,,,Driver is not moving towards pickup location,Not Applicable,Not Applicable,Not Applicable,696,Not Applicable,0,,
2024-07-25 20:33:00,CNR4305954373,Canceled by Customer,CID691180,Auto,Bannerghatta Road,Ulsoor,,,Change of plans,Not Applicable,Not Applicable,Not Applicable,199,Not Applicable,0,,
2024-07-02 02:07:00,CNR3162395239,Success,CID203068,Prime SUV,Hulimavu,Yeshwanthpur,112.0,145.0,Not Applicable,Not Applicable,No,Not Applicable,329,Cash,29,4.1,4.6
2024-07-09 21:00:00,CNR9490177667,Success,CID117063,Auto,Jayanagar,Vijayanagar,182.0,105.0,Not Applicable,Not Applicable,No,Not Applicable,377,Cash,14,3.7,4.0
2024-07-24 23:09:00,CNR7773487826,Success,CID875265,Auto,Yelahanka,Hulimavu,98.0,85.0,Not Applicable,Not Applicable,No,Not Applicable,204,Cash,12,4.4,4.4
2024-07-19 09:23:00,CNR8338332592,Success,CID449004,Prime SUV,Chamarajpet,Hosur Road,294.0,120.0,Not Applicable,Not Applicable,No,Not Applicable,260,Cash,12,3.5,3.5
2024-07-23 20:53:00,CNR8528078670,Success,CID629331,Prime Plus,Hosur Road,MG Road,126.0,55.0,Not Applicable,Not Applicable,No,Not Applicable,873,Cash,17,3.8,3.4
2024-07-13 14:26:00,CNR7039070578,Success,CID529002,Auto,MG Road,RT Nagar,154.0,120.0,Not Applicable,Not Applicable,No,Not Applicable,446,UPI,19,4.5,3.9
2024-07-27 16:42:00,CNR8013627392,Driver Not Found,CID690568,Bike,Chamarajpet,Hulimavu,,,Not Applicable,Not Applicable,Not Applicable,Not Applicable,147,Not Applicable,0,,
2024-07-10 03:20:00,CNR8844596009,Success,CID167181,Prime Sedan,Malleshwaram,Bellandur,287.0,120.0,Not Applicable,Not Applicable,No,Not Applicable,872,UPI,7,4.7,3.6
2024-07-10 16:36:00,CNR2471893931,Driver Not Found,CID416759,eBike,Sarjapur Road,Jayanagar,,,Not Applicable,Not Applicable,Not Applicable,Not Applicable,368,Not Applicable,0,,
2024-07-28 03:33:00,CNR4969561394,Success,CID464556,Prime Plus,Vijayanagar,Devanahalli,238.0,110.0,Not Applicable,Not Applicable,Yes,Customer Demand,205,Cash,10,4.0,3.4
2024-07-18 14:14:00,CNR9967550097,Success,CID847459,Prime SUV,Basavanagudi,Kammanahalli,301.0,120.0,Not Applicable,Not Applicable,Yes,Vehicle Breakdown,273,Cash,10,3.8,4.1
2024-07-08 10:22:00,CNR4787844622,Success,CID444364,Mini,Majestic,Whitefield,175.0,70.0,Not Applicable,Not Applicable,No,Not Applicable,1797,UPI,22,3.4,4.5
2024-07-01 00:11:00,CNR6307885417,Canceled by Driver,CID265536,Mini,Whitefield,Padmanabhanagar,,,Not Applicable,Customer was coughing/sick,Not Applicable,Not Applicable,269,Not Applicable,0,,
2024-07-02 18:12:00,CNR3725857393,Canceled by Customer,CID546029,Prime Plus,Rajarajeshwari Nagar,Peenya,,,Driver is not moving towards pickup location,Not Applicable,Not Applicable,Not Applicable,189,Not Applicable,0,,
2024-07-28 11:04:00,CNR6635590726,Success,CID460271,eBike,Marathahalli,Yeshwanthpur,126.0,75.0,Not Applicable,Not Applicable,No,Not Applicable,483,UPI,48,4.0,4.7
2024-07-04 03:17:00,CNR4354813545,Success,CID210214,Prime Sedan,Yeshwanthpur,Nagarbhavi,273.0,140.0,Not Applicable,Not Applicable,Yes,Customer Demand,2057,Cash,12,3.7,3.8
2024-07-02 14:39:00,CNR9070579416,Success,CID135834,Mini,Malleshwaram,KR Puram,266.0,135.0,Not Applicable,Not Applicable,No,Not Applicable,261,UPI,26,3.0,3.4
2024-07-01 02:25:00,CNR8035196262,Canceled by Driver,CID769261,Prime SUV,Hebbal,Kadugodi,,,Not Applicable,Customer was coughing/sick,Not Applicable,Not Applicable,291,Not Applicable,0,,
2024-07-21 10:22:00,CNR5558716958,Canceled by Driver,CID432439,Auto,Tumkur Road,Sarjapur Road,,,Not Applicable,Customer was coughing/sick,Not Applicable,Not Applicable,295,Not Applicable,0,,
2024-07-15 06:58:00,CNR7017988683,Success,CID711253,Bike,Tumkur Road,MG Road,238.0,140.0,Not Applicable,Not Applicable,No,Not Applicable,435,UPI,8,4.0,3.5
2024-07-13 14:12:00,CNR4561050704,Success,CID540684,Prime Sedan,Shivajinagar,Shivajinagar,273.0,70.0,Not Applicable,Not Applicable,Yes,Customer Demand,413,UPI,31,3.2,3.9
2024-07-25 10:34:00,CNR4932710150,Success,CID104323,eBike,BTM Layout,Shantinagar,119.0,35.0,Not Applicable,Not Applicable,No,Not Applicable,102,Cash,6,3.0,4.3
2024-07-15 08:20:00,CNR7391611825,Success,CID964466,Bike,Shivajinagar,Langford Town,210.0,65.0,Not Applicable,Not Applicable,Yes,Vehicle Breakdown,519,Cash,33,4.5,4.4
2024-07-15 11:02:00,CNR9645377194,Success,CID249827,Prime SUV,MG Road,Shantinagar,168.0,125.0,Not Applicable,Not Applicable,No,Not Applicable,232,UPI,29,5.0,3.7
2024-07-15 17:18:00,CNR5048947732,Success,CID513261,eBike,Kengeri,Hosur Road,105.0,70.0,Not Applicable,Not Applicable,No,Not Applicable,336,UPI,4,3.8,4.1
2024-07-23 03:01:00,CNR1376990643,Canceled by Driver,CID805578,Prime Plus,Varthur,Mysore Road,,,Not Applicable,Customer was coughing/sick,Not Applicable,Not Applicable,132,Not Applicable,0,,
2024-07-10 08:12:00,CNR1466084955,Success,CID142773,Bike,Rajarajeshwari Nagar,Mysore Road,217.0,95.0,Not Applicable,Not Applicable,No,Not Applicable,249,Cash,19,3.4,3.9
2024-07-18 14:42:00,CNR9101260924,Success,CID167800,Prime SUV,Peenya,RT Nagar,35.0,70.0,Not Applicable,Not Applicable,No,Not Applicable,202,UPI,39,3.4,4.3
2024-07-13 08:59:00,CNR2048264189,Canceled by Driver,CID457486,Auto,Malleshwaram,Devanahalli,,,Not Applicable,More than permitted people in there,Not Applicable,Not Applicable,581,Not Applicable,0,,
2024-07-18 11:09:00,CNR8178885072,Success,CID551295,Bike,Richmond Town,Sarjapur Road,252.0,100.0,Not Applicable,Not Applicable,No,Not Applicable,615,Cash,2,4.3,3.1
2024-07-15 20:00:00,CNR6472869869,Success,CID950553,Prime Sedan,Tumkur Road,Langford Town,217.0,45.0,Not Applicable,Not Applicable,No,Not Applicable,311,Cash,46,4.7,3.6
2024-07-23 21:16:00,CNR9378852420,Success,CID173850,eBike,HSR Layout,Shivajinagar,133.0,145.0,Not Applicable,Not Applicable,No,Not Applicable,218,Cash,38,4.8,4.7
2024-07-16 04:21:00,CNR1437584142,Success,CID638368,eBike,Peenya,Magadi Road,98.0,60.0,Not Applicable,Not Applicable,No,Not Applicable,2869,UPI,15,3.2,4.3
2024-07-09 11:31:00,CNR2275853034,Success,CID735972,eBike,Rajajinagar,Basavanagudi,259.0,145.0,Not Applicable,Not Applicable,No,Not Applicable,1117,Cash,45,3.7,4.6
2024-07-14 13:35:00,CNR7268042130,Canceled by Driver,CID395619,Bike,Hulimavu,Majestic,,,Not Applicable,Customer was coughing/sick,Not Applicable,Not Applicable,576,Not Applicable,0,,
2024-07-16 08:16:00,CNR3123432526,Canceled by Driver,CID865976,Prime Sedan,Koramangala,Sarjapur Road,,,Not Applicable,Personal & Car related issue,Not Applicable,Not Applicable,345,Not Applicable,0,,
2024-07-27 05:26:00,CNR8610428883,Canceled by Driver,CID135777,eBike,Majestic,Bellandur,,,Not Applicable,Customer related issue,Not Applicable,Not Applicable,665,Not Applicable,0,,
2024-07-16 15:54:00,CNR3713077086,Success,CID799476,Mini,Rajarajeshwari Nagar,Richmond Town,238.0,35.0,Not Applicable,Not Applicable,No,Not Applicable,957,Credit Card,33,4.7,3.8
2024-07-15 00:21:00,CNR5932578806,Success,CID240782,Auto,RT Nagar,Basavanagudi,140.0,110.0,Not Applicable,Not Applicable,No,Not Applicable,343,Cash,3,3.1,4.2
2024-07-17 17:32:00,CNR8941410650,Driver Not Found,CID670290,eBike,Peenya,Chamarajpet,,,Not Applicable,Not Applicable,Not Applicable,Not Applicable,1323,Not Applicable,0,,
2024-07-04 18:57:00,CNR2765924429,Success,CID354134,Prime SUV,Bellandur,Jayanagar,35.0,125.0,Not Applicable,Not Applicable,No,Not Applicable,271,UPI,9,4.6,4.6
2024-07-05 17:32:00,CNR1397924512,Driver Not Found,CID710080,Mini,Hennur,Marathahalli,,,Not Applicable,Not Applicable,Not Applicable,Not Applicable,429,Not Applicable,0,,
2024-07-15 17:10:00,CNR1556856897,Driver Not Found,CID579366,eBike,Hulimavu,Mysore Road,,,Not Applicable,Not Applicable,Not Applicable,Not Applicable,955,Not Applicable,0,,
2024-07-29 14:07:00,CNR2130366819,Success,CID827167,Prime Sedan,Banashankari,BTM Layout,70.0,30.0,Not Applicable,Not Applicable,No,Not Applicable,423,Cash,4,3.2,4.0
2024-07-12 11:14:00,CNR5318892243,Success,CID427790,Mini,Shantinagar,BTM Layout,196.0,80.0,Not Applicable,Not Applicable,No,Not Applicable,489,Cash,21,3.1,4.5
2024-07-13 07:10:00,CNR1224209189,Canceled by Driver,CID326769,Auto,Bellandur,Kengeri,,,Not Applicable,Customer related issue,Not Applicable,Not Applicable,365,Not Applicable,0,,
2024-07-07 12:10:00,CNR4761271743,Canceled by Driver,CID608427,eBike,Hennur,Rajarajeshwari Nagar,,,Not Applicable,Customer related issue,Not Applicable,Not Applicable,582,Not Applicable,0,,
2024-07-04 09:23:00,CNR4262364127,Success,CID213383,Mini,Langford Town,Langford Town,126.0,60.0,Not Applicable,Not Applicable,No,Not Applicable,956,Cash,23,4.1,3.7
2024-07-16 07:40:00,CNR6890443716,Success,CID332852,Prime SUV,Hosur Road,Sahakar Nagar,126.0,40.0,Not Applicable,Not Applicable,No,Not Applicable,461,UPI,3,3.8,4.6
2024-07-10 12:20:00,CNR6771331006,Canceled by Customer,CID446071,Mini,Whitefield,Banashankari,,,Driver is not moving towards pickup location,Not Applicable,Not Applicable,Not Applicable,2180,Not Applicable,0,,
2024-07-14 11:44:00,CNR5913810238,Driver Not Found,CID132298,eBike,Nagarbhavi,Rajarajeshwari Nagar,,,Not Applicable,Not Applicable,Not Applicable,Not Applicable,381,Not Applicable,0,,
2024-07-29 14:50:00,CNR1640890063,Canceled by Driver,CID754176,Prime Plus,Yeshwanthpur,Sarjapur Road,,,Not Applicable,Customer related issue,Not Applicable,Not Applicable,180,Not Applicable,0,,
2024-07-21 09:33:00,CNR9920427288,Driver Not Found,CID450717,Mini,MG Road,Nagarbhavi,,,Not Applicable,Not Applicable,Not Applicable,Not Applicable,589,Not Applicable,0,,
2024-07-26 08:08:00,CNR4145903415,Success,CID755656,eBike,Nagarbhavi,Shantinagar,308.0,115.0,Not Applicable,Not Applicable,No,Not Applicable,319,Cash,28,3.9,3.0
2024-07-05 21:59:00,CNR1103872829,Success,CID243579,Prime Sedan,Magadi Road,Hulimavu,49.0,105.0,Not Applicable,Not Applicable,No,Not Applicable,344,Cash,45,4.3,3.8
2024-07-12 05:44:00,CNR5258612289,Success,CID147534,Bike,Mysore Road,Sarjapur Road,98.0,35.0,Not Applicable,Not Applicable,No,Not Applicable,130,UPI,13,3.3,3.9
2024-07-02 22:28:00,CNR6110137084,Success,CID805123,Bike,Tumkur Road,Kammanahalli,259.0,115.0,Not Applicable,Not Applicable,No,Not Applicable,1684,Cash,24,4.9,4.0
2024-07-21 05:15:00,CNR5125715774,Canceled by Driver,CID755962,Auto,Sarjapur Road,Shivajinagar,,,Not Applicable,Personal & Car related issue,Not Applicable,Not Applicable,391,Not Applicable,0,,
2024-07-10 05:02:00,CNR1091487944,Success,CID111675,Auto,JP Nagar,Indiranagar,231.0,135.0,Not Applicable,Not Applicable,No,Not Applicable,2715,UPI,15,4.9,4.1
2024-07-24 08:10:00,CNR4945047573,Canceled by Driver,CID962642,Prime SUV,Bellandur,Kammanahalli,,,Not Applicable,Personal & Car related issue,Not Applicable,Not Applicable,313,Not Applicable,0,,
2024-07-26 11:44:00,CNR3835111090,Canceled by Driver,CID768418,Bike,Rajarajeshwari Nagar,Kammanahalli,,,Not Applicable,Personal & Car related issue,Not Applicable,Not Applicable,114,Not Applicable,0,,
2024-07-19 10:20:00,CNR5026784025,Success,CID209579,Prime Plus,Devanahalli,Hulimavu,91.0,140.0,Not Applicable,Not Applicable,No,Not Applicable,770,Cash,35,4.2,3.9
2024-07-12 16:21:00,CNR9202094474,Success,CID392750,Auto,Electronic City,Rajarajeshwari Nagar,70.0,125.0,Not Applicable,Not Applicable,No,Not Applicable,887,Cash,3,3.6,3.4
2024-07-02 01:25:00,CNR6268867548,Success,CID273330,Prime Plus,Hulimavu,Rajajinagar,77.0,70.0,Not Applicable,Not Applicable,No,Not Applicable,205,Cash,45,3.3,3.6
2024-07-05 17:50:00,CNR8303995414,Success,CID469452,Prime SUV,Padmanabhanagar,Shivajinagar,147.0,40.0,Not Applicable,Not Applicable,No,Not Applicable,304,UPI,12,4.3,3.5
2024-07-23 22:26:00,CNR9596455531,Success,CID331038,Mini,Indiranagar,Padmanabhanagar,273.0,25.0,Not Applicable,Not Applicable,No,Not Applicable,192,Cash,2,3.6,4.6
2024-07-21 02:54:00,CNR4102782078,Success,CID142052,Prime SUV,Devanahalli,Indiranagar,112.0,60.0,Not Applicable,Not Applicable,No,Not Applicable,988,UPI,14,4.7,4.2
2024-07-19 03:04:00,CNR6754088405,Success,CID390145,Mini,Shantinagar,Chamarajpet,280.0,135.0,Not Applicable,Not Applicable,No,Not Applicable,480,UPI,43,4.5,4.8
2024-07-14 01:05:00,CNR4817493640,Success,CID694765,Prime SUV,Kammanahalli,Banashankari,49.0,65.0,Not Applicable,Not Applicable,No,Not Applicable,418,Credit Card,37,4.5,3.7
2024-07-01 13:49:00,CNR9485502277,Driver Not Found,CID160921,Prime Sedan,JP Nagar,Hennur,,,Not Applicable,Not Applicable,Not Applicable,Not Applicable,477,Not Applicable,0,,
2024-07-26 05:03:00,CNR5954972301,Canceled by Driver,CID363124,Mini,HSR Layout,Bellandur,,,Not Applicable,Personal & Car related issue,Not Applicable,Not Applicable,110,Not Applicable,0,,
2024-07-14 00:42:00,CNR8382258071,Success,CID337509,Prime SUV,Chamarajpet,Rajajinagar,98.0,30.0,Not Applicable,Not Applicable,No,Not Applicable,406,UPI,2,3.6,3.1
2024-07-27 22:19:00,CNR4342040262,Canceled by Customer,CID323231,Prime Plus,BTM Layout,Rajarajeshwari Nagar,,,Change of plans,Not Applicable,Not Applicable,Not Applicable,833,Not Applicable,0,,
2024-07-13 12:55:00,CNR4341897911,Canceled by Driver,CID892073,Bike,Sarjapur Road,Ramamurthy Nagar,,,Not Applicable,Personal & Car related issue,Not Applicable,Not Applicable,125,Not Applicable,0,,
2024-07-29 03:50:00,CNR2974798993,Canceled by Driver,CID360578,Bike,MG Road,Whitefield,,,Not Applicable,Personal & Car related issue,Not Applicable,Not Applicable,389,Not Applicable,0,,
2024-07-21 10:11:00,CNR3877038947,Success,CID129964,Prime Sedan,Whitefield,Varthur,63.0,135.0,Not Applicable,Not Applicable,No,Not Applicable,868,Cash,47,3.7,5.0
2024-07-17 19:23:00,CNR7769376959,Success,CID445252,Prime Sedan,Varthur,MG Road,56.0,70.0,Not Applicable,Not Applicable,No,Not Applicable,334,Cash,34,4.2,4.1
2024-07-12 22:44:00,CNR7120873234,Success,CID195644,Prime Sedan,MG Road,Bannerghatta Road,266.0,140.0,Not Applicable,Not Applicable,No,Not Applicable,746,Cash,28,3.3,3.6
2024-07-24 14:06:00,CNR7675610523,Success,CID521835,Prime Sedan,Ulsoor,Tumkur Road,161.0,85.0,Not Applicable,Not Applicable,No,Not Applicable,261,Cash,10,5.0,4.6
2024-07-15 11:34:00,CNR4466148784,Success,CID128192,Bike,MG Road,Yelahanka,294.0,80.0,Not Applicable,Not Applicable,No,Not Applicable,432,UPI,25,3.2,5.0
2024-07-27 20:17:00,CNR7701629265,Success,CID170991,eBike,Electronic City,Jayanagar,294.0,140.0,Not Applicable,Not Applicable,No,Not Applicable,189,UPI,12,4.8,4.4
2024-07-01 04:43:00,CNR3366333445,Success,CID352616,Prime Plus,Shantinagar,Shivajinagar,56.0,135.0,Not Applicable,Not Applicable,No,Not Applicable,690,Cash,32,4.4,4.9
2024-07-26 06:22:00,CNR6908165597,Canceled by Customer,CID650998,Prime SUV,Sarjapur Road,Hosur Road,,,Driver asked to cancel,Not Applicable,Not Applicable,Not Applicable,2589,Not Applicable,0,,
2024-07-29 08:54:00,CNR4255644824,Success,CID429174,Auto,KR Puram,Hennur,308.0,90.0,Not Applicable,Not Applicable,No,Not Applicable,498,Cash,6,4.6,3.5
2024-07-24 15:02:00,CNR2927359315,Canceled by Driver,CID790632,Prime SUV,Cox Town,Kadugodi,,,Not Applicable,Personal & Car related issue,Not Applicable,Not Applicable,360,Not Applicable,0,,
2024-07-09 17:45:00,CNR4041092877,Success,CID552154,eBike,Langford Town,Ramamurthy Nagar,252.0,45.0,Not Applicable,Not Applicable,No,Not Applicable,219,UPI,3,3.8,3.5
2024-07-29 03:19:00,CNR6334549987,Success,CID495342,Bike,Rajajinagar,Kammanahalli,273.0,50.0,Not Applicable,Not Applicable,No,Not Applicable,302,UPI,47,3.5,3.1
2024-07-01 11:06:00,CNR3120717270,Driver Not Found,CID752863,eBike,Rajajinagar,KR Puram,,,Not Applicable,Not Applicable,Not Applicable,Not Applicable,547,Not Applicable,0,,
2024-07-15 13:21:00,CNR5668689061,Success,CID923269,Bike,Richmond Town,Langford Town,301.0,50.0,Not Applicable,Not Applicable,No,Not Applicable,187,UPI,20,4.1,3.7
2024-07-15 19:30:00,CNR2046710379,Success,CID401458,Prime SUV,Shivajinagar,MG Road,182.0,50.0,Not Applicable,Not Applicable,No,Not Applicable,303,Cash,41,4.5,3.9
2024-07-01 00:45:00,CNR2503531641,Canceled by Driver,CID549292,eBike,Basavanagudi,Ramamurthy Nagar,,,Not Applicable,Personal & Car related issue,Not Applicable,Not Applicable,481,Not Applicable,0,,
2024-07-05 18:49:00,CNR4495804654,Success,CID166311,Auto,Magadi Road,MG Road,56.0,120.0,Not Applicable,Not Applicable,No,Not Applicable,509,UPI,6,4.3,3.7
2024-07-27 23:27:00,CNR7053306020,Success,CID958785,Bike,Electronic City,MG Road,224.0,30.0,Not Applicable,Not Applicable,No,Not Applicable,283,Cash,16,3.6,4.8
2024-07-24 16:58:00,CNR4413636554,Success,CID209600,eBike,Jayanagar,Marathahalli,245.0,40.0,Not Applicable,Not Applicable,No,Not Applicable,466,UPI,17,3.9,3.9
2024-07-05 21:39:00,CNR1424323594,Success,CID894857,Prime Sedan,Chickpet,Mysore Road,245.0,130.0,Not Applicable,Not Applicable,No,Not Applicable,937,Cash,20,4.6,3.7
2024-07-09 07:59:00,CNR6764177260,Success,CID459933,Prime SUV,Nagarbhavi,Marathahalli,98.0,130.0,Not Applicable,Not Applicable,No,Not Applicable,725,Cash,4,4.9,4.3
2024-07-08 18:24:00,CNR8282918739,Success,CID310045,Auto,Indiranagar,Nagarbhavi,147.0,115.0,Not Applicable,Not Applicable,No,Not Applicable,644,Cash,2,4.0,3.6
2024-07-02 07:14:00,CNR6653935634,Success,CID668384,Prime SUV,Banashankari,Sahakar Nagar,238.0,35.0,Not Applicable,Not Applicable,No,Not Applicable,1601,Cash,1,3.1,3.5
2024-07-25 16:03:00,CNR8613262573,Success,CID674998,Auto,Vijayanagar,HSR Layout,182.0,80.0,Not Applicable,Not Applicable,Yes,Customer Demand,277,Cash,10,4.6,4.3
2024-07-27 22:59:00,CNR3568620163,Driver Not Found,CID613857,Prime Sedan,Indiranagar,Varthur,,,Not Applicable,Not Applicable,Not Applicable,Not Applicable,1062,Not Applicable,0,,
2024-07-14 18:33:00,CNR4979861575,Success,CID194892,Prime Sedan,Hosur Road,Whitefield,294.0,90.0,Not Applicable,Not Applicable,No,Not Applicable,119,Cash,27,4.6,4.8
2024-07-15 11:10:00,CNR4160626414,Success,CID975469,Prime Plus,Nagarbhavi,Yeshwanthpur,175.0,40.0,Not Applicable,Not Applicable,No,Not Applicable,330,UPI,31,3.6,4.4
2024-07-13 13:09:00,CNR7668739955,Success,CID919996,Prime Plus,Majestic,Richmond Town,175.0,25.0,Not Applicable,Not Applicable,No,Not Applicable,475,UPI,38,3.8,4.2
2024-07-29 01:01:00,CNR1330013861,Success,CID872323,Prime Sedan,KR Puram,Devanahalli,154.0,45.0,Not Applicable,Not Applicable,No,Not Applicable,847,Cash,4,3.6,3.1
2024-07-19 06:07:00,CNR7260915536,Success,CID578931,Mini,Sahakar Nagar,Basavanagudi,42.0,110.0,Not Applicable,Not Applicable,No,Not Applicable,2647,Cash,10,4.2,4.8
2024-07-07 23:12:00,CNR9243875364,Driver Not Found,CID623203,Auto,Sahakar Nagar,Basavanagudi,,,Not Applicable,Not Applicable,Not Applicable,Not Applicable,268,Not Applicable,0,,
2024-07-02 20:05:00,CNR1097863300,Success,CID890910,eBike,Sarjapur Road,Shantinagar,252.0,125.0,Not Applicable,Not Applicable,No,Not Applicable,1054,UPI,26,4.5,3.6
2024-07-28 01:13:00,CNR5827586933,Success,CID424795,Bike,Hulimavu,Magadi Road,84.0,60.0,Not Applicable,Not Applicable,No,Not Applicable,457,Cash,38,4.3,4.4
2024-07-10 15:07:00,CNR9972452680,Success,CID728720,Prime SUV,Marathahalli,Jayanagar,245.0,45.0,Not Applicable,Not Applicable,No,Not Applicable,130,Cash,14,4.4,4.7
2024-07-05 11:13:00,CNR3247872892,Success,CID394691,Prime Plus,Jayanagar,Sahakar Nagar,189.0,35.0,Not Applicable,Not Applicable,No,Not Applicable,137,Cash,38,3.3,3.5
2024-07-18 21:32:00,CNR6308090262,Success,CID983621,Mini,Sarjapur Road,Tumkur Road,189.0,115.0,Not Applicable,Not Applicable,No,Not Applicable,844,Cash,38,3.2,4.7
2024-07-23 20:02:00,CNR8957579366,Success,CID679721,eBike,Chickpet,Basavanagudi,91.0,30.0,Not Applicable,Not Applicable,No,Not Applicable,490,UPI,23,4.0,3.2
2024-07-26 12:57:00,CNR7028105215,Canceled by Driver,CID771524,Mini,Koramangala,Jayanagar,,,Not Applicable,Personal & Car related issue,Not Applicable,Not Applicable,521,Not Applicable,0,,
2024-07-24 06:08:00,CNR9098642159,Success,CID259809,Auto,Hennur,Kammanahalli,105.0,75.0,Not Applicable,Not Applicable,No,Not Applicable,115,UPI,10,3.9,3.3
2024-07-27 05:49:00,CNR7953402301,Success,CID888856,eBike,Bannerghatta Road,Tumkur Road,112.0,135.0,Not Applicable,Not Applicable,No,Not Applicable,196,UPI,37,4.2,4.9
2024-07-13 14:01:00,CNR7607097234,Driver Not Found,CID201969,Prime SUV,Hosur Road,MG Road,,,Not Applicable,Not Applicable,Not Applicable,Not Applicable,1816,Not Applicable,0,,
2024-07-20 20:50:00,CNR7486374526,Success,CID245395,eBike,Langford Town,Yeshwanthpur,63.0,30.0,Not Applicable,Not Applicable,No,Not Applicable,392,Cash,26,4.9,4.1
2024-07-12 03:51:00,CNR6765688916,Success,CID843319,Bike,MG Road,Hulimavu,91.0,25.0,Not Applicable,Not Applicable,No,Not Applicable,535,Cash,9,3.1,3.5
2024-07-07 12:32:00,CNR3198017532,Success,CID945141,Prime SUV,Banashankari,Richmond Town,70.0,45.0,Not Applicable,Not Applicable,No,Not Applicable,881,Cash,49,4.4,4.1
2024-07-06 13:54:00,CNR9442904160,Success,CID879232,Bike,Rajajinagar,Richmond Town,70.0,30.0,Not Applicable,Not Applicable,No,Not Applicable,794,UPI,27,4.5,3.4
2024-07-16 23:16:00,CNR5847021263,Success,CID921640,Prime Sedan,Marathahalli,Padmanabhanagar,224.0,25.0,Not Applicable,Not Applicable,No,Not Applicable,294,Cash,33,3.8,4.6
2024-07-11 04:14:00,CNR7063364096,Success,CID131556,Auto,Nagarbhavi,Indiranagar,287.0,50.0,Not Applicable,Not Applicable,Yes,Customer Demand,1708,UPI,6,4.2,3.8
2024-07-17 07:02:00,CNR1281921978,Canceled by Driver,CID550835,Prime Sedan,Malleshwaram,Kammanahalli,,,Not Applicable,More than permitted people in there,Not Applicable,Not Applicable,490,Not Applicable,0,,
2024-07-16 05:11:00,CNR8506923076,Success,CID412895,Bike,Koramangala,Kengeri,133.0,105.0,Not Applicable,Not Applicable,Yes,Vehicle Breakdown,126,Cash,8,3.7,4.8
2024-07-05 11:34:00,CNR2957710642,Driver Not Found,CID361092,Prime SUV,Ramamurthy Nagar,Indiranagar,,,Not Applicable,Not Applicable,Not Applicable,Not Applicable,465,Not Applicable,0,,
2024-07-22 04:35:00,CNR6286445347,Canceled by Driver,CID916349,eBike,HSR Layout,Chamarajpet,,,Not Applicable,Personal & Car related issue,Not Applicable,Not Applicable,288,Not Applicable,0,,
2024-07-06 12:07:00,CNR6843882362,Success,CID581640,Auto,Ramamurthy Nagar,Frazer Town,70.0,25.0,Not Applicable,Not Applicable,No,Not Applicable,308,Cash,7,3.0,4.8
2024-07-25 06:27:00,CNR5527443594,Canceled by Driver,CID636786,Auto,Richmond Town,Indiranagar,,,Not Applicable,Customer was coughing/sick,Not Applicable,Not Applicable,380,Not Applicable,0,,
2024-07-30 12:49:00,CNR4415246917,Success,CID472511,Bike,Koramangala,BTM Layout,301.0,35.0,Not Applicable,Not Applicable,No,Not Applicable,216,Cash,40,3.2,4.8
2024-07-25 16:59:00,CNR4103484964,Success,CID672363,Bike,Electronic City,Shivajinagar,266.0,65.0,Not Applicable,Not Applicable,No,Not Applicable,260,Cash,30,3.2,4.4
2024-07-05 18:02:00,CNR7495260205,Success,CID446850,Prime Sedan,Whitefield,Peenya,105.0,45.0,Not Applicable,Not Applicable,No,Not Applicable,364,Cash,46,4.4,3.6
2024-07-11 00:55:00,CNR8077278013,Canceled by Driver,CID102823,Bike,Vijayanagar,Kadugodi,,,Not Applicable,Customer was coughing/sick,Not Applicable,Not Applicable,923,Not Applicable,0,,
2024-07-10 05:45:00,CNR5618401912,Success,CID301484,Prime SUV,Indiranagar,JP Nagar,42.0,140.0,Not Applicable,Not Applicable,No,Not Applicable,945,UPI,45,3.6,4.0
2024-07-22 03:08:00,CNR5618470737,Canceled by Driver,CID928441,Prime Sedan,Vijayanagar,Devanahalli,,,Not Applicable,More than permitted people in there,Not Applicable,Not Applicable,2256,Not Applicable,0,,
2024-07-02 06:11:00,CNR1472450002,Driver Not Found,CID661712,Mini,Marathahalli,Marathahalli,,,Not Applicable,Not Applicable,Not Applicable,Not Applicable,215,Not Applicable,0,,
2024-07-23 14:46:00,CNR3174283232,Success,CID146253,eBike,Magadi Road,Langford Town,217.0,75.0,Not Applicable,Not Applicable,No,Not Applicable,352,UPI,47,5.0,3.7
2024-07-04 22:38:00,CNR2852540015,Driver Not Found,CID446696,Prime Sedan,Mysore Road,Electronic City,,,Not Applicable,Not Applicable,Not Applicable,Not Applicable,448,Not Applicable,0,,
2024-07-06 06:08:00,CNR5860181330,Canceled by Driver,CID426587,Bike,Malleshwaram,Yelahanka,,,Not Applicable,Customer was coughing/sick,Not Applicable,Not Applicable,174,Not Applicable,0,,
2024-07-07 17:48:00,CNR5461818984,Success,CID448660,Mini,Hennur,Electronic City,231.0,40.0,Not Applicable,Not Applicable,No,Not Applicable,384,Cash,38,4.2,3.6
2024-07-28 07:51:00,CNR8215240836,Canceled by Driver,CID589734,Prime Plus,Padmanabhanagar,Rajajinagar,,,Not Applicable,Customer was coughing/sick,Not Applicable,Not Applicable,302,Not Applicable,0,,
2024-07-19 14:45:00,CNR6219173469,Success,CID823498,Bike,KR Puram,Tumkur Road,77.0,85.0,Not Applicable,Not Applicable,No,Not Applicable,2884,Cash,41,4.3,4.3
2024-07-02 18:18:00,CNR4721846735,Success,CID694439,eBike,Yeshwanthpur,Banashankari,238.0,50.0,Not Applicable,Not Applicable,No,Not Applicable,595,Cash,18,3.6,3.3
2024-07-10 21:38:00,CNR3680004438,Canceled by Driver,CID752922,Prime Sedan,Hulimavu,Whitefield,,,Not Applicable,More than permitted people in there,Not Applicable,Not Applicable,122,Not Applicable,0,,
2024-07-02 13:21:00,CNR4489247106,Success,CID392282,Prime SUV,Kadugodi,Shivajinagar,175.0,110.0,Not Applicable,Not Applicable,Yes,Customer Demand,1593,Cash,19,4.2,4.7
2024-07-28 23:52:00,CNR9685348785,Success,CID397759,eBike,Rajajinagar,Vijayanagar,196.0,135.0,Not Applicable,Not Applicable,Yes,Vehicle Breakdown,122,Cash,20,4.6,3.3
2024-07-13 02:35:00,CNR4290669717,Success,CID504673,eBike,Hosur Road,Shivajinagar,133.0,30.0,Not Applicable,Not Applicable,No,Not Applicable,2370,Cash,34,3.8,3.7
2024-07-17 15:23:00,CNR9446823339,Success,CID313546,Prime Sedan,Frazer Town,Peenya,175.0,95.0,Not Applicable,Not Applicable,No,Not Applicable,129,Cash,9,3.3,4.1
2024-07-30 17:01:00,CNR2604377177,Success,CID487957,Auto,Cox Town,Kadugodi,224.0,125.0,Not Applicable,Not Applicable,No,Not Applicable,445,Cash,2,3.7,4.8
2024-07-23 21:11:00,CNR7900710525,Success,CID723354,Prime Sedan,Hosur Road,Hennur,217.0,105.0,Not Applicable,Not Applicable,Yes,Vehicle Breakdown,115,UPI,10,4.7,4.2
2024-07-14 04:10:00,CNR4033582812,Driver Not Found,CID774216,Mini,Tumkur Road,Richmond Town,,,Not Applicable,Not Applicable,Not Applicable,Not Applicable,112,Not Applicable,0,,
2024-07-25 10:34:00,CNR4003331267,Success,CID888750,Bike,Vijayanagar,Padmanabhanagar,238.0,40.0,Not Applicable,Not Applicable,No,Not Applicable,301,Cash,1,3.9,4.8
2024-07-27 01:41:00,CNR6605769274,Success,CID701084,Auto,Koramangala,Ramamurthy Nagar,294.0,80.0,Not Applicable,Not Applicable,No,Not Applicable,422,Cash,9,3.1,3.9
2024-07-19 19:46:00,CNR4357583420,Canceled by Customer,CID440254,Prime Plus,Rajajinagar,Nagarbhavi,,,Wrong Address,Not Applicable,Not Applicable,Not Applicable,884,Not Applicable,0,,
2024-07-09 14:10:00,CNR5332778907,Success,CID261474,Bike,Langford Town,Bellandur,98.0,95.0,Not Applicable,Not Applicable,No,Not Applicable,567,Cash,19,4.4,4.7
2024-07-02 10:44:00,CNR2945205620,Success,CID673097,Bike,Padmanabhanagar,JP Nagar,245.0,60.0,Not Applicable,Not Applicable,No,Not Applicable,824,Cash,42,3.2,3.8
2024-07-28 12:03:00,CNR2539870154,Canceled by Driver,CID891650,eBike,Chamarajpet,BTM Layout,,,Not Applicable,Personal & Car related issue,Not Applicable,Not Applicable,175,Not Applicable,0,,
2024-07-27 02:06:00,CNR2581791460,Success,CID514162,Bike,Sahakar Nagar,Koramangala,91.0,120.0,Not Applicable,Not Applicable,No,Not Applicable,841,Cash,25,3.0,3.5
2024-07-29 08:47:00,CNR6533122449,Success,CID670906,Prime Plus,Yeshwanthpur,Magadi Road,70.0,100.0,Not Applicable,Not Applicable,No,Not Applicable,318,Debit Card,4,4.0,4.5
2024-07-02 15:31:00,CNR4046252951,Success,CID846499,eBike,Shantinagar,Cox Town,196.0,75.0,Not Applicable,Not Applicable,No,Not Applicable,691,Cash,5,4.5,4.6
2024-07-19 12:27:00,CNR3234027661,Canceled by Driver,CID371962,Bike,Sahakar Nagar,Rajajinagar,,,Not Applicable,More than permitted people in there,Not Applicable,Not Applicable,163,Not Applicable,0,,
2024-07-24 09:55:00,CNR6319812786,Success,CID739509,Auto,Sarjapur Road,Hennur,56.0,80.0,Not Applicable,Not Applicable,No,Not Applicable,276,UPI,16,3.5,4.5
2024-07-06 01:36:00,CNR1260439243,Canceled by Driver,CID960087,eBike,Yelahanka,Hennur,,,Not Applicable,Personal & Car related issue,Not Applicable,Not Applicable,286,Not Applicable,0,,
2024-07-16 03:13:00,CNR2099549763,Driver Not Found,CID966976,Prime Sedan,Ulsoor,Richmond Town,,,Not Applicable,Not Applicable,Not Applicable,Not Applicable,442,Not Applicable,0,,
2024-07-25 07:01:00,CNR4305895515,Success,CID522359,Prime SUV,Marathahalli,KR Puram,308.0,125.0,Not Applicable,Not Applicable,No,Not Applicable,2590,UPI,14,4.1,3.4
2024-07-17 00:51:00,CNR1694516515,Success,CID639851,Prime Sedan,MG Road,Cox Town,266.0,40.0,Not Applicable,Not Applicable,No,Not Applicable,1988,Cash,23,4.4,3.0
2024-07-08 08:31:00,CNR9530968891,Driver Not Found,CID877004,Mini,Shantinagar,Whitefield,,,Not Applicable,Not Applicable,Not Applicable,Not Applicable,243,Not Applicable,0,,
2024-07-21 18:04:00,CNR4444262170,Success,CID215200,Prime Plus,Malleshwaram,MG Road,49.0,120.0,Not Applicable,Not Applicable,No,Not Applicable,721,UPI,13,3.1,3.2
2024-07-02 22:22:00,CNR1998319899,Success,CID971199,eBike,Kammanahalli,Frazer Town,266.0,140.0,Not Applicable,Not Applicable,Yes,Other Issue,454,UPI,12,4.4,3.4
2024-07-02 10:17:00,CNR6321835772,Driver Not Found,CID688785,Prime Plus,Hulimavu,Nagarbhavi,,,Not Applicable,Not Applicable,Not Applicable,Not Applicable,287,Not Applicable,0,,
2024-07-25 11:50:00,CNR2965120618,Canceled by Driver,CID782702,Prime SUV,Sahakar Nagar,Peenya,,,Not Applicable,Customer related issue,Not Applicable,Not Applicable,405,Not Applicable,0,,
2024-07-13 21:46:00,CNR6242376810,Success,CID455028,eBike,Tumkur Road,Magadi Road,63.0,125.0,Not Applicable,Not Applicable,No,Not Applicable,918,Cash,26,3.4,4.2
2024-07-05 04:23:00,CNR7616636420,Canceled by Driver,CID738131,Prime Plus,Rajarajeshwari Nagar,Devanahalli,,,Not Applicable,Customer was coughing/sick,Not Applicable,Not Applicable,792,Not Applicable,0,,
2024-07-24 23:38:00,CNR6155758917,Success,CID305129,Prime Plus,Jayanagar,Nagarbhavi,35.0,95.0,Not Applicable,Not Applicable,No,Not Applicable,237,UPI,9,3.2,4.0
2024-07-15 06:11:00,CNR2745831340,Success,CID649477,Mini,Shantinagar,Majestic,161.0,30.0,Not Applicable,Not Applicable,No,Not Applicable,383,UPI,1,4.9,4.9
2024-07-14 00:23:00,CNR5031345299,Success,CID339521,Prime Sedan,Hulimavu,Indiranagar,238.0,120.0,Not Applicable,Not Applicable,No,Not Applicable,468,Cash,38,3.8,3.3
2024-07-28 13:44:00,CNR7991220807,Canceled by Customer,CID616097,Auto,HSR Layout,Shantinagar,,,AC is Not working,Not Applicable,Not Applicable,Not Applicable,383,Not Applicable,0,,
2024-07-21 05:14:00,CNR8238375099,Success,CID635481,eBike,Hebbal,Nagarbhavi,203.0,110.0,Not Applicable,Not Applicable,No,Not Applicable,775,Cash,22,4.6,4.2
2024-07-20 01:15:00,CNR3251798292,Canceled by Driver,CID930525,Prime Sedan,Kammanahalli,Vijayanagar,,,Not Applicable,Personal & Car related issue,Not Applicable,Not Applicable,2118,Not Applicable,0,,
2024-07-05 11:17:00,CNR9634478768,Canceled by Driver,CID775202,Prime SUV,Yelahanka,Indiranagar,,,Not Applicable,Customer related issue,Not Applicable,Not Applicable,709,Not Applicable,0,,
2024-07-25 08:12:00,CNR4817343815,Success,CID981423,Mini,Devanahalli,Chamarajpet,168.0,140.0,Not Applicable,Not Applicable,No,Not Applicable,1844,Cash,42,3.8,4.5
2024-07-26 01:53:00,CNR1802454105,Success,CID412611,Prime SUV,KR Puram,Kengeri,231.0,120.0,Not Applicable,Not Applicable,No,Not Applicable,234,Cash,26,4.5,3.2
2024-07-18 21:43:00,CNR9243310238,Success,CID647176,Prime Sedan,Koramangala,Hebbal,119.0,45.0,Not Applicable,Not Applicable,No,Not Applicable,243,UPI,47,4.8,4.3
2024-07-13 20:25:00,CNR4806451271,Success,CID678430,Prime Sedan,Hosur Road,Rajarajeshwari Nagar,259.0,35.0,Not Applicable,Not Applicable,No,Not Applicable,157,Cash,38,3.9,3.3
2024-07-12 05:41:00,CNR8758577443,Canceled by Customer,CID968295,Mini,Kengeri,Kengeri,,,Driver asked to cancel,Not Applicable,Not Applicable,Not Applicable,874,Not Applicable,0,,
2024-07-10 05:41:00,CNR5412486894,Success,CID921917,Mini,RT Nagar,Malleshwaram,112.0,90.0,Not Applicable,Not Applicable,No,Not Applicable,387,UPI,22,3.6,3.6
2024-07-21 04:10:00,CNR8801729804,Canceled by Driver,CID355664,Prime Sedan,Ramamurthy Nagar,Hulimavu,,,Not Applicable,Personal & Car related issue,Not Applicable,Not Applicable,885,Not Applicable,0,,
2024-07-04 09:43:00,CNR7428997088,Success,CID535296,Prime Plus,HSR Layout,Jayanagar,210.0,30.0,Not Applicable,Not Applicable,No,Not Applicable,341,Credit Card,40,3.1,3.3
2024-07-09 11:50:00,CNR2239335008,Success,CID183339,Mini,Sahakar Nagar,Basavanagudi,245.0,50.0,Not Applicable,Not Applicable,No,Not Applicable,861,Cash,49,4.1,3.8
2024-07-27 22:46:00,CNR3888487697,Success,CID307506,Prime Sedan,JP Nagar,Marathahalli,231.0,40.0,Not Applicable,Not Applicable,No,Not Applicable,353,UPI,31,4.0,4.5
2024-07-28 03:31:00,CNR4640797729,Canceled by Driver,CID252121,Bike,Yelahanka,KR Puram,,,Not Applicable,Personal & Car related issue,Not Applicable,Not Applicable,913,Not Applicable,0,,
2024-07-06 21:16:00,CNR1335353136,Success,CID367680,Prime Sedan,Cox Town,HSR Layout,252.0,50.0,Not Applicable,Not Applicable,No,Not Applicable,353,UPI,2,3.3,3.4
2024-07-21 10:03:00,CNR7694502860,Canceled by Customer,CID662310,Prime Plus,Vijayanagar,Vijayanagar,,,Change of plans,Not Applicable,Not Applicable,Not Applicable,247,Not Applicable,0,,
2024-07-08 22:25:00,CNR1908397005,Driver Not Found,CID115584,Mini,Whitefield,Hennur,,,Not Applicable,Not Applicable,Not Applicable,Not Applicable,429,Not Applicable,0,,
2024-07-23 14:05:00,CNR2822578498,Success,CID177583,Prime SUV,Koramangala,Mysore Road,168.0,90.0,Not Applicable,Not Applicable,No,Not Applicable,909,UPI,35,3.4,4.4
2024-07-07 03:26:00,CNR4176226531,Success,CID932181,Prime Plus,Sarjapur Road,Marathahalli,259.0,80.0,Not Applicable,Not Applicable,Yes,Customer Demand,497,Cash,48,5.0,5.0
2024-07-03 01:26:00,CNR9809667538,Canceled by Customer,CID741665,Prime Plus,Ramamurthy Nagar,Tumkur Road,,,Driver asked to cancel,Not Applicable,Not Applicable,Not Applicable,387,Not Applicable,0,,
2024-07-18 14:22:00,CNR8931459333,Driver Not Found,CID591513,Prime Sedan,Sahakar Nagar,Koramangala,,,Not Applicable,Not Applicable,Not Applicable,Not Applicable,127,Not Applicable,0,,
2024-07-16 15:42:00,CNR2377890467,Success,CID767545,Prime SUV,Chickpet,Bellandur,63.0,105.0,Not Applicable,Not Applicable,Yes,Customer Demand,199,UPI,49,4.4,3.3
2024-07-20 05:47:00,CNR8831368320,Success,CID738828,Auto,Vijayanagar,Varthur,280.0,40.0,Not Applicable,Not Applicable,No,Not Applicable,852,UPI,15,3.1,4.3
2024-07-19 00:49:00,CNR8004707727,Driver Not Found,CID625833,eBike,Shantinagar,Sahakar Nagar,,,Not Applicable,Not Applicable,Not Applicable,Not Applicable,360,Not Applicable,0,,
2024-07-29 11:27:00,CNR4802579767,Success,CID188754,eBike,Mysore Road,Chickpet,224.0,110.0,Not Applicable,Not Applicable,No,Not Applicable,326,Cash,36,4.4,4.0
2024-07-22 04:07:00,CNR2048954836,Success,CID262232,Bike,Devanahalli,Yeshwanthpur,140.0,135.0,Not Applicable,Not Applicable,Yes,Other Issue,381,Cash,27,4.7,3.7
2024-07-27 20:55:00,CNR4418797640,Driver Not Found,CID307527,Prime SUV,Kengeri,Kammanahalli,,,Not Applicable,Not Applicable,Not Applicable,Not Applicable,549,Not Applicable,0,,
2024-07-08 04:44:00,CNR3745130475,Success,CID238193,Prime SUV,Frazer Town,Kengeri,140.0,135.0,Not Applicable,Not Applicable,No,Not Applicable,247,UPI,47,4.2,4.1
2024-07-05 06:06:00,CNR6522659057,Driver Not Found,CID850819,Prime SUV,Hosur Road,Sahakar Nagar,,,Not Applicable,Not Applicable,Not Applicable,Not Applicable,110,Not Applicable,0,,
2024-07-22 16:59:00,CNR6865715160,Success,CID945016,Prime SUV,Banashankari,Hosur Road,133.0,120.0,Not Applicable,Not Applicable,No,Not Applicable,869,Cash,11,3.6,3.8
2024-07-10 00:52:00,CNR5476466757,Canceled by Driver,CID487067,Bike,BTM Layout,Tumkur Road,,,Not Applicable,Personal & Car related issue,Not Applicable,Not Applicable,170,Not Applicable,0,,
2024-07-03 17:35:00,CNR6960052908,Success,CID752429,eBike,HSR Layout,Chamarajpet,294.0,65.0,Not Applicable,Not Applicable,No,Not Applicable,776,Cash,1,4.8,4.1
2024-07-10 16:16:00,CNR1689614268,Canceled by Driver,CID555878,Prime Plus,Hulimavu,Rajarajeshwari Nagar,,,Not Applicable,Personal & Car related issue,Not Applicable,Not Applicable,2459,Not Applicable,0,,
2024-07-28 14:52:00,CNR9210573208,Canceled by Customer,CID687679,Prime Sedan,Magadi Road,Basavanagudi,,,Driver asked to cancel,Not Applicable,Not Applicable,Not Applicable,445,Not Applicable,0,,
2024-07-17 15:14:00,CNR1110240739,Canceled by Driver,CID771271,eBike,Mysore Road,Rajajinagar,,,Not Applicable,Customer was coughing/sick,Not Applicable,Not Applicable,138,Not Applicable,0,,
2024-07-14 08:46:00,CNR6345910408,Success,CID401038,Prime SUV,Kengeri,Shantinagar,140.0,125.0,Not Applicable,Not Applicable,No,Not Applicable,172,Cash,45,4.0,3.3
2024-07-16 00:47:00,CNR1342928996,Success,CID153064,Auto,Whitefield,Bannerghatta Road,98.0,35.0,Not Applicable,Not Applicable,No,Not Applicable,761,Cash,5,3.2,3.7
2024-07-25 11:41:00,CNR8766840716,Canceled by Driver,CID964418,Prime SUV,BTM Layout,Sahakar Nagar,,,Not Applicable,Customer was coughing/sick,Not Applicable,Not Applicable,996,Not Applicable,0,,
2024-07-11 02:59:00,CNR9006010709,Success,CID949411,Auto,Rajarajeshwari Nagar,Ulsoor,210.0,100.0,Not Applicable,Not Applicable,No,Not Applicable,126,UPI,13,4.2,4.6
2024-07-30 16:30:00,CNR7791043983,Driver Not Found,CID917595,eBike,Richmond Town,JP Nagar,,,Not Applicable,Not Applicable,Not Applicable,Not Applicable,258,Not Applicable,0,,
2024-07-30 22:09:00,CNR2854610286,Success,CID624927,Prime SUV,Bannerghatta Road,Malleshwaram,231.0,70.0,Not Applicable,Not Applicable,No,Not Applicable,295,UPI,44,3.2,4.5
2024-07-09 10:57:00,CNR9775311516,Canceled by Driver,CID432112,eBike,Rajarajeshwari Nagar,Frazer Town,,,Not Applicable,Personal & Car related issue,Not Applicable,Not Applicable,349,Not Applicable,0,,
2024-07-07 12:15:00,CNR2673021129,Success,CID984422,Prime Sedan,JP Nagar,Ulsoor,70.0,120.0,Not Applicable,Not Applicable,No,Not Applicable,664,Credit Card,3,4.1,3.1
2024-07-23 11:51:00,CNR8713045590,Success,CID468688,Bike,Indiranagar,Kengeri,42.0,100.0,Not Applicable,Not Applicable,No,Not Applicable,688,Cash,13,3.1,3.4
2024-07-03 02:58:00,CNR1290279522,Canceled by Driver,CID788681,Mini,Nagarbhavi,Yeshwanthpur,,,Not Applicable,Customer related issue,Not Applicable,Not Applicable,347,Not Applicable,0,,
2024-07-15 09:08:00,CNR4039723796,Success,CID673192,Prime Plus,Ramamurthy Nagar,Ulsoor,245.0,40.0,Not Applicable,Not Applicable,No,Not Applicable,392,Cash,26,4.8,4.7
2024-07-11 05:52:00,CNR2132332943,Success,CID169963,Prime Sedan,Ulsoor,Shantinagar,168.0,70.0,Not Applicable,Not Applicable,No,Not Applicable,199,UPI,42,4.6,4.8
2024-07-10 22:55:00,CNR6596949586,Success,CID493214,Prime SUV,Whitefield,Frazer Town,98.0,85.0,Not Applicable,Not Applicable,No,Not Applicable,333,Cash,25,4.4,3.1
2024-07-12 10:12:00,CNR6217289320,Canceled by Driver,CID947388,Prime Plus,Rajarajeshwari Nagar,Jayanagar,,,Not Applicable,More than permitted people in there,Not Applicable,Not Applicable,113,Not Applicable,0,,
2024-07-08 03:43:00,CNR7210085615,Success,CID137066,Mini,Vijayanagar,Yeshwanthpur,91.0,50.0,Not Applicable,Not Applicable,No,Not Applicable,791,UPI,1,3.4,4.9
2024-07-03 09:55:00,CNR9362216725,Canceled by Driver,CID450099,Bike,Vijayanagar,RT Nagar,,,Not Applicable,More than permitted people in there,Not Applicable,Not Applicable,2603,Not Applicable,0,,
2024-07-04 16:24:00,CNR4294075594,Canceled by Driver,CID971664,Prime Sedan,Chamarajpet,Whitefield,,,Not Applicable,Customer was coughing/sick,Not Applicable,Not Applicable,486,Not Applicable,0,,
2024-07-05 04:55:00,CNR7147778795,Success,CID952181,Auto,Kadugodi,KR Puram,273.0,45.0,Not Applicable,Not Applicable,No,Not Applicable,406,UPI,1,4.4,3.5
2024-07-02 12:07:00,CNR3514712265,Success,CID846631,eBike,Yelahanka,Malleshwaram,182.0,110.0,Not Applicable,Not Applicable,No,Not Applicable,268,Cash,41,3.4,3.4
2024-07-02 22:00:00,CNR8241107058,Canceled by Driver,CID215383,eBike,KR Puram,Chickpet,,,Not Applicable,Customer related issue,Not Applicable,Not Applicable,838,Not Applicable,0,,
2024-07-09 11:32:00,CNR4707472432,Driver Not Found,CID726165,Prime Sedan,Marathahalli,Tumkur Road,,,Not Applicable,Not Applicable,Not Applicable,Not Applicable,168,Not Applicable,0,,
2024-07-13 11:49:00,CNR1284517463,Driver Not Found,CID104089,Prime Sedan,Kadugodi,Nagarbhavi,,,Not Applicable,Not Applicable,Not Applicable,Not Applicable,329,Not Applicable,0,,
2024-07-02 16:15:00,CNR1513878840,Canceled by Customer,CID304416,Prime Plus,Yelahanka,Tumkur Road,,,Driver is not moving towards pickup location,Not Applicable,Not Applicable,Not Applicable,548,Not Applicable,0,,
2024-07-18 05:28:00,CNR1832438608,Success,CID474452,Bike,Kadugodi,Bannerghatta Road,245.0,80.0,Not Applicable,Not Applicable,No,Not Applicable,431,Cash,11,4.8,3.2
2024-07-20 04:02:00,CNR9581023817,Success,CID229742,Bike,Tumkur Road,Bannerghatta Road,147.0,95.0,Not Applicable,Not Applicable,No,Not Applicable,758,Cash,26,3.5,3.5
2024-07-11 05:20:00,CNR9376265932,Success,CID387232,Prime Sedan,MG Road,Devanahalli,126.0,30.0,Not Applicable,Not Applicable,Yes,Vehicle Breakdown,670,Cash,7,3.7,5.0
2024-07-22 20:33:00,CNR8490029954,Success,CID245224,eBike,Koramangala,Chamarajpet,119.0,130.0,Not Applicable,Not Applicable,No,Not Applicable,110,Cash,17,4.9,4.0
2024-07-29 02:22:00,CNR7353946714,Success,CID754330,Prime SUV,Kadugodi,Tumkur Road,140.0,60.0,Not Applicable,Not Applicable,No,Not Applicable,320,Credit Card,12,3.1,4.9
2024-07-06 19:14:00,CNR7146811490,Driver Not Found,CID679942,Bike,Richmond Town,Peenya,,,Not Applicable,Not Applicable,Not Applicable,Not Applicable,312,Not Applicable,0,,
2024-07-20 15:38:00,CNR1728090161,Success,CID986719,Prime Plus,MG Road,Basavanagudi,168.0,110.0,Not Applicable,Not Applicable,No,Not Applicable,145,Cash,44,3.5,3.1
2024-07-30 06:54:00,CNR9899545266,Success,CID245664,eBike,Hebbal,Shivajinagar,112.0,105.0,Not Applicable,Not Applicable,No,Not Applicable,222,UPI,16,4.1,4.4
2024-07-07 19:21:00,CNR7106861095,Success,CID157888,Prime Plus,Magadi Road,Majestic,259.0,70.0,Not Applicable,Not Applicable,No,Not Applicable,315,Cash,46,3.2,3.2
2024-07-07 14:17:00,CNR8149637124,Canceled by Customer,CID520344,Bike,MG Road,Hosur Road,,,Driver is not moving towards pickup location,Not Applicable,Not Applicable,Not Applicable,441,Not Applicable,0,,
2024-07-16 02:46:00,CNR9146056675,Success,CID613682,eBike,Padmanabhanagar,Rajarajeshwari Nagar,98.0,90.0,Not Applicable,Not Applicable,No,Not Applicable,996,UPI,44,4.2,3.2
2024-07-28 10:52:00,CNR7247816291,Success,CID254529,Auto,Chamarajpet,Chamarajpet,119.0,30.0,Not Applicable,Not Applicable,No,Not Applicable,1092,UPI,10,3.2,3.2
2024-07-10 04:56:00,CNR9422911797,Success,CID689524,Mini,BTM Layout,Marathahalli,161.0,90.0,Not Applicable,Not Applicable,No,Not Applicable,458,Cash,39,4.1,4.3
2024-07-20 07:33:00,CNR1556537662,Success,CID172224,Prime SUV,Shivajinagar,Padmanabhanagar,224.0,30.0,Not Applicable,Not Applicable,No,Not Applicable,483,Cash,43,4.7,3.7
2024-07-11 21:51:00,CNR1620729696,Success,CID203750,Prime Sedan,Bellandur,Devanahalli,203.0,80.0,Not Applicable,Not Applicable,No,Not Applicable,286,Cash,31,3.7,3.8
2024-07-28 22:18:00,CNR3036084364,Canceled by Customer,CID135127,Prime SUV,Ramamurthy Nagar,Rajajinagar,,,Driver asked to cancel,Not Applicable,Not Applicable,Not Applicable,108,Not Applicable,0,,
2024-07-06 12:36:00,CNR2726021508,Canceled by Driver,CID994106,eBike,Chamarajpet,Kengeri,,,Not Applicable,Customer was coughing/sick,Not Applicable,Not Applicable,679,Not Applicable,0,,
2024-07-22 23:35:00,CNR1826453337,Canceled by Driver,CID937250,Mini,Varthur,Magadi Road,,,Not Applicable,Personal & Car related issue,Not Applicable,Not Applicable,118,Not Applicable,0,,
2024-07-24 17:26:00,CNR3551668335,Success,CID363950,eBike,Kammanahalli,Jayanagar,147.0,90.0,Not Applicable,Not Applicable,No,Not Applicable,214,UPI,45,4.2,3.8
2024-07-12 00:52:00,CNR5997312494,Success,CID401529,Auto,Majestic,Mysore Road,182.0,70.0,Not Applicable,Not Applicable,No,Not Applicable,823,Cash,10,4.2,3.4
2024-07-05 12:10:00,CNR4562447009,Success,CID111771,Auto,Vijayanagar,Padmanabhanagar,294.0,135.0,Not Applicable,Not Applicable,No,Not Applicable,350,UPI,3,3.1,3.4
2024-07-23 11:41:00,CNR1804374957,Success,CID870761,Prime Sedan,Bannerghatta Road,Jayanagar,98.0,105.0,Not Applicable,Not Applicable,No,Not Applicable,309,UPI,2,3.5,5.0
2024-07-19 00:43:00,CNR6767503528,Success,CID889011,Bike,Sahakar Nagar,KR Puram,105.0,70.0,Not Applicable,Not Applicable,No,Not Applicable,367,Cash,15,4.1,3.8
2024-07-04 10:27:00,CNR4162916367,Success,CID168037,Prime Plus,Nagarbhavi,Kengeri,210.0,100.0,Not Applicable,Not Applicable,Yes,Vehicle Breakdown,210,UPI,47,3.9,4.6
2024-07-03 05:39:00,CNR6857937628,Success,CID155859,Prime Plus,Chamarajpet,Kengeri,175.0,95.0,Not Applicable,Not Applicable,No,Not Applicable,290,Cash,21,4.3,4.7
2024-07-04 10:35:00,CNR2210280195,Success,CID290038,Prime Sedan,HSR Layout,RT Nagar,126.0,65.0,Not Applicable,Not Applicable,No,Not Applicable,2928,Cash,12,4.6,3.6
2024-07-16 00:45:00,CNR3031528462,Canceled by Driver,CID556568,Prime SUV,Magadi Road,Kammanahalli,,,Not Applicable,Personal & Car related issue,Not Applicable,Not Applicable,328,Not Applicable,0,,
2024-07-23 15:02:00,CNR1723294155,Success,CID540193,Auto,Padmanabhanagar,MG Road,49.0,90.0,Not Applicable,Not Applicable,No,Not Applicable,203,Debit Card,16,4.0,4.1
2024-07-02 01:52:00,CNR2224771654,Success,CID644890,Prime Sedan,Mysore Road,Whitefield,63.0,105.0,Not Applicable,Not Applicable,No,Not Applicable,256,UPI,12,4.5,3.3
2024-07-12 07:34:00,CNR2900721226,Success,CID132837,eBike,Rajarajeshwari Nagar,Jayanagar,133.0,120.0,Not Applicable,Not Applicable,No,Not Applicable,838,UPI,35,4.6,3.3
2024-07-28 02:37:00,CNR2582447131,Success,CID870802,eBike,Tumkur Road,Nagarbhavi,133.0,125.0,Not Applicable,Not Applicable,No,Not Applicable,158,Cash,30,3.5,3.1
2024-07-30 09:27:00,CNR8005132638,Success,CID945193,Prime Sedan,Malleshwaram,Richmond Town,224.0,100.0,Not Applicable,Not Applicable,No,Not Applicable,132,Cash,3,4.1,4.2
2024-07-26 14:25:00,CNR2948755319,Success,CID333191,Mini,Vijayanagar,Mysore Road,294.0,145.0,Not Applicable,Not Applicable,No,Not Applicable,816,Cash,7,4.0,3.7
2024-07-15 18:13:00,CNR4683326638,Canceled by Driver,CID207637,Prime Sedan,Shivajinagar,Devanahalli,,,Not Applicable,Customer related issue,Not Applicable,Not Applicable,247,Not Applicable,0,,
2024-07-06 17:23:00,CNR6325744760,Driver Not Found,CID116471,Mini,Chamarajpet,Jayanagar,,,Not Applicable,Not Applicable,Not Applicable,Not Applicable,286,Not Applicable,0,,
2024-07-17 03:09:00,CNR7721681443,Success,CID371298,Mini,Kadugodi,Koramangala,63.0,25.0,Not Applicable,Not Applicable,No,Not Applicable,406,Cash,30,3.5,3.2
2024-07-05 00:56:00,CNR5239742456,Success,CID325817,Mini,Marathahalli,Basavanagudi,266.0,25.0,Not Applicable,Not Applicable,No,Not Applicable,296,UPI,44,4.4,3.4
2024-07-12 03:53:00,CNR1353207985,Success,CID211226,Auto,JP Nagar,Peenya,105.0,145.0,Not Applicable,Not Applicable,No,Not Applicable,134,UPI,18,4.7,3.4
2024-07-11 04:00:00,CNR9926399357,Success,CID413117,Prime Plus,Padmanabhanagar,Sahakar Nagar,238.0,75.0,Not Applicable,Not Applicable,No,Not Applicable,228,Cash,39,4.4,4.8
2024-07-11 05:11:00,CNR2039294640,Success,CID636790,eBike,Majestic,Indiranagar,161.0,85.0,Not Applicable,Not Applicable,No,Not Applicable,479,UPI,44,4.1,3.5
2024-07-04 00:49:00,CNR8857736915,Success,CID106378,Prime Plus,Hulimavu,Chamarajpet,231.0,35.0,Not Applicable,Not Applicable,No,Not Applicable,219,Cash,4,4.9,3.7
2024-07-05 15:38:00,CNR7205324159,Success,CID105971,Prime Sedan,Kadugodi,Marathahalli,238.0,130.0,Not Applicable,Not Applicable,No,Not Applicable,322,Cash,48,3.8,3.5
2024-07-21 13:40:00,CNR2765529370,Success,CID943951,eBike,Nagarbhavi,Nagarbhavi,301.0,90.0,Not Applicable,Not Applicable,No,Not Applicable,178,Cash,39,3.7,4.9
2024-07-30 01:59:00,CNR2893125085,Success,CID205850,Auto,BTM Layout,Kammanahalli,42.0,95.0,Not Applicable,Not Applicable,No,Not Applicable,552,UPI,2,4.2,3.7
2024-07-17 13:15:00,CNR9296237262,Canceled by Driver,CID764207,Prime Plus,Kammanahalli,Padmanabhanagar,,,Not Applicable,Customer was coughing/sick,Not Applicable,Not Applicable,715,Not Applicable,0,,
2024-07-20 05:54:00,CNR3365087560,Success,CID580367,Mini,Hebbal,JP Nagar,147.0,105.0,Not Applicable,Not Applicable,No,Not Applicable,422,Cash,16,3.7,4.7
2024-07-05 21:56:00,CNR9637624762,Driver Not Found,CID118520,Prime Sedan,Kengeri,Devanahalli,,,Not Applicable,Not Applicable,Not Applicable,Not Applicable,317,Not Applicable,0,,
2024-07-02 12:57:00,CNR9718558778,Success,CID637627,Prime Sedan,Cox Town,Tumkur Road,105.0,95.0,Not Applicable,Not Applicable,No,Not Applicable,959,UPI,33,3.0,4.9
2024-07-28 19:44:00,CNR4606547295,Success,CID102953,Mini,Peenya,Magadi Road,147.0,110.0,Not Applicable,Not Applicable,No,Not Applicable,135,Cash,11,3.5,4.3
2024-07-15 08:12:00,CNR3616309475,Success,CID552085,Prime Sedan,Mysore Road,JP Nagar,273.0,35.0,Not Applicable,Not Applicable,No,Not Applicable,549,UPI,8,4.7,3.6
2024-07-24 03:55:00,CNR7881542269,Driver Not Found,CID866828,Prime Plus,Yeshwanthpur,Chamarajpet,,,Not Applicable,Not Applicable,Not Applicable,Not Applicable,319,Not Applicable,0,,
2024-07-26 07:31:00,CNR6190253215,Canceled by Customer,CID768615,Mini,Bellandur,Padmanabhanagar,,,Driver asked to cancel,Not Applicable,Not Applicable,Not Applicable,267,Not Applicable,0,,
2024-07-17 18:39:00,CNR7869321954,Canceled by Customer,CID833074,Mini,MG Road,Devanahalli,,,Change of plans,Not Applicable,Not Applicable,Not Applicable,442,Not Applicable,0,,
2024-07-14 14:08:00,CNR5341823693,Driver Not Found,CID232807,Prime Sedan,Bellandur,Whitefield,,,Not Applicable,Not Applicable,Not Applicable,Not Applicable,311,Not Applicable,0,,
2024-07-29 01:45:00,CNR9374903560,Canceled by Driver,CID356941,Prime Sedan,Majestic,Mysore Road,,,Not Applicable,Customer related issue,Not Applicable,Not Applicable,533,Not Applicable,0,,
2024-07-25 21:42:00,CNR9893197436,Success,CID513960,Prime SUV,JP Nagar,Langford Town,91.0,135.0,Not Applicable,Not Applicable,No,Not Applicable,605,Credit Card,6,4.7,4.6
2024-07-14 21:14:00,CNR2587989276,Driver Not Found,CID808231,Prime Plus,Chickpet,Bannerghatta Road,,,Not Applicable,Not Applicable,Not Applicable,Not Applicable,658,Not Applicable,0,,
2024-07-12 02:46:00,CNR4160241062,Success,CID681154,Prime SUV,Hebbal,BTM Layout,175.0,105.0,Not Applicable,Not Applicable,No,Not Applicable,217,UPI,42,3.3,3.5
2024-07-23 06:27:00,CNR8414605309,Success,CID149906,Prime Plus,Bellandur,Sarjapur Road,182.0,45.0,Not Applicable,Not Applicable,No,Not Applicable,949,Cash,20,4.7,4.0
2024-07-24 09:51:00,CNR6850655169,Canceled by Driver,CID689231,eBike,Majestic,Padmanabhanagar,,,Not Applicable,Personal & Car related issue,Not Applicable,Not Applicable,482,Not Applicable,0,,
2024-07-02 05:00:00,CNR2220702172,Success,CID992324,Mini,Cox Town,Rajarajeshwari Nagar,280.0,95.0,Not Applicable,Not Applicable,No,Not Applicable,215,UPI,35,4.1,3.0
2024-07-04 19:02:00,CNR8999627679,Success,CID476134,Prime SUV,JP Nagar,Hulimavu,105.0,45.0,Not Applicable,Not Applicable,No,Not Applicable,321,Cash,38,3.6,3.9
2024-07-05 19:51:00,CNR5790885214,Success,CID971309,Prime Plus,MG Road,Whitefield,168.0,95.0,Not Applicable,Not Applicable,No,Not Applicable,116,UPI,29,5.0,4.0
2024-07-27 06:59:00,CNR6870439233,Success,CID838344,Prime Plus,Koramangala,KR Puram,168.0,40.0,Not Applicable,Not Applicable,No,Not Applicable,888,Cash,14,3.8,4.2
2024-07-07 03:18:00,CNR1157846453,Driver Not Found,CID472814,eBike,Ulsoor,Rajajinagar,,,Not Applicable,Not Applicable,Not Applicable,Not Applicable,602,Not Applicable,0,,
2024-07-13 09:28:00,CNR2788760770,Canceled by Driver,CID134303,Bike,Devanahalli,Cox Town,,,Not Applicable,Customer was coughing/sick,Not Applicable,Not Applicable,129,Not Applicable,0,,
2024-07-12 11:06:00,CNR3814216284,Canceled by Driver,CID465860,Mini,Rajarajeshwari Nagar,Kadugodi,,,Not Applicable,More than permitted people in there,Not Applicable,Not Applicable,792,Not Applicable,0,,
2024-07-08 23:20:00,CNR1400357391,Canceled by Customer,CID699254,Prime Plus,KR Puram,Hulimavu,,,Wrong Address,Not Applicable,Not Applicable,Not Applicable,519,Not Applicable,0,,
2024-07-22 06:21:00,CNR9144120627,Canceled by Driver,CID638699,Prime Sedan,Rajarajeshwari Nagar,Whitefield,,,Not Applicable,Personal & Car related issue,Not Applicable,Not Applicable,265,Not Applicable,0,,
2024-07-03 17:50:00,CNR9251411193,Success,CID974310,Mini,KR Puram,Devanahalli,231.0,40.0,Not Applicable,Not Applicable,No,Not Applicable,573,UPI,45,3.0,4.0
2024-07-08 18:41:00,CNR2049112752,Success,CID349553,Bike,Kadugodi,Cox Town,133.0,55.0,Not Applicable,Not Applicable,No,Not Applicable,680,UPI,19,3.1,3.0
2024-07-20 14:46:00,CNR3820687137,Canceled by Driver,CID429809,Prime SUV,Hosur Road,Chamarajpet,,,Not Applicable,Personal & Car related issue,Not Applicable,Not Applicable,249,Not Applicable,0,,
2024-07-19 15:54:00,CNR2306111710,Canceled by Customer,CID397805,Prime Plus,Bellandur,Bellandur,,,AC is Not working,Not Applicable,Not Applicable,Not Applicable,660,Not Applicable,0,,
2024-07-25 07:53:00,CNR1175718598,Driver Not Found,CID415742,Auto,Rajarajeshwari Nagar,Bellandur,,,Not Applicable,Not Applicable,Not Applicable,Not Applicable,139,Not Applicable,0,,
2024-07-27 14:29:00,CNR6613124987,Success,CID517678,eBike,Electronic City,HSR Layout,252.0,45.0,Not Applicable,Not Applicable,Yes,Vehicle Breakdown,984,Cash,4,3.2,3.9
2024-07-05 09:47:00,CNR8752175527,Canceled by Customer,CID210230,Prime SUV,Rajajinagar,JP Nagar,,,Driver is not moving towards pickup location,Not Applicable,Not Applicable,Not Applicable,700,Not Applicable,0,,
2024-07-13 00:36:00,CNR9962917053,Success,CID173768,Bike,Chamarajpet,Electronic City,196.0,140.0,Not Applicable,Not Applicable,No,Not Applicable,417,UPI,15,4.9,3.7
2024-07-10 23:40:00,CNR7527635545,Canceled by Driver,CID917146,Bike,Kadugodi,BTM Layout,,,Not Applicable,Customer related issue,Not Applicable,Not Applicable,232,Not Applicable,0,,
2024-07-15 18:01:00,CNR4047875969,Driver Not Found,CID631938,Prime Sedan,Shivajinagar,Mysore Road,,,Not Applicable,Not Applicable,Not Applicable,Not Applicable,169,Not Applicable,0,,
2024-07-25 08:31:00,CNR3554475186,Canceled by Driver,CID608232,Prime SUV,Mysore Road,Kadugodi,,,Not Applicable,Customer was coughing/sick,Not Applicable,Not Applicable,669,Not Applicable,0,,
2024-07-15 02:23:00,CNR5344056467,Canceled by Customer,CID245169,Prime Sedan,Varthur,Sarjapur Road,,,Change of plans,Not Applicable,Not Applicable,Not Applicable,389,Not Applicable,0,,
2024-07-18 14:20:00,CNR7916755626,Success,CID465353,Prime Sedan,Sarjapur Road,Majestic,168.0,100.0,Not Applicable,Not Applicable,No,Not Applicable,257,UPI,2,4.9,4.1
2024-07-14 17:28:00,CNR6257189712,Success,CID945785,Prime Sedan,MG Road,Sarjapur Road,161.0,115.0,Not Applicable,Not Applicable,No,Not Applicable,194,UPI,39,4.6,4.7
2024-07-30 19:49:00,CNR6976601046,Canceled by Driver,CID930490,Prime Sedan,Devanahalli,JP Nagar,,,Not Applicable,Customer related issue,Not Applicable,Not Applicable,140,Not Applicable,0,,
2024-07-02 20:40:00,CNR9793846304,Success,CID900856,Prime Plus,Hebbal,Chickpet,161.0,45.0,Not Applicable,Not Applicable,No,Not Applicable,371,Cash,1,4.8,4.3
2024-07-05 21:26:00,CNR4378719690,Success,CID669419,Mini,Padmanabhanagar,Shivajinagar,294.0,140.0,Not Applicable,Not Applicable,No,Not Applicable,372,UPI,31,3.5,3.6
2024-07-10 04:48:00,CNR6096339484,Canceled by Driver,CID593976,eBike,Devanahalli,Devanahalli,,,Not Applicable,More than permitted people in there,Not Applicable,Not Applicable,1895,Not Applicable,0,,
2024-07-16 06:30:00,CNR3373450181,Canceled by Driver,CID693610,Auto,Rajarajeshwari Nagar,Vijayanagar,,,Not Applicable,Personal & Car related issue,Not Applicable,Not Applicable,355,Not Applicable,0,,
2024-07-08 16:43:00,CNR8672512669,Success,CID169440,Mini,Jayanagar,Indiranagar,35.0,35.0,Not Applicable,Not Applicable,No,Not Applicable,424,Cash,18,4.8,3.6
2024-07-02 19:24:00,CNR8987423177,Success,CID587704,Prime Sedan,Kammanahalli,Kengeri,182.0,75.0,Not Applicable,Not Applicable,No,Not Applicable,130,Credit Card,39,4.8,4.9
2024-07-16 15:13:00,CNR7403345672,Success,CID615395,Prime SUV,Marathahalli,Bannerghatta Road,301.0,70.0,Not Applicable,Not Applicable,No,Not Applicable,161,Cash,38,3.9,3.4
2024-07-11 19:31:00,CNR5719174615,Success,CID212000,Mini,Yelahanka,Bannerghatta Road,175.0,25.0,Not Applicable,Not Applicable,No,Not Applicable,440,UPI,10,4.3,4.2
2024-07-19 01:36:00,CNR6533193107,Success,CID472946,Mini,Banashankari,Sarjapur Road,77.0,145.0,Not Applicable,Not Applicable,No,Not Applicable,573,UPI,25,3.5,3.3
2024-07-29 10:39:00,CNR8901317561,Success,CID751165,Auto,Banashankari,Hennur,189.0,115.0,Not Applicable,Not Applicable,No,Not Applicable,495,Cash,13,3.5,4.9
2024-07-04 11:34:00,CNR7346389326,Success,CID825382,Mini,Shantinagar,Richmond Town,294.0,95.0,Not Applicable,Not Applicable,No,Not Applicable,219,Cash,5,3.8,4.7
2024-07-03 10:17:00,CNR8167284889,Success,CID391147,Prime SUV,Kadugodi,Tumkur Road,294.0,135.0,Not Applicable,Not Applicable,No,Not Applicable,855,UPI,25,3.1,4.6
2024-07-07 21:23:00,CNR9109212221,Canceled by Customer,CID290053,eBike,Langford Town,Marathahalli,,,Driver is not moving towards pickup location,Not Applicable,Not Applicable,Not Applicable,127,Not Applicable,0,,
2024-07-13 05:03:00,CNR8689046622,Driver Not Found,CID218972,Bike,Kengeri,Ramamurthy Nagar,,,Not Applicable,Not Applicable,Not Applicable,Not Applicable,855,Not Applicable,0,,
2024-07-13 08:32:00,CNR5021805994,Canceled by Driver,CID213127,Prime Sedan,Marathahalli,Banashankari,,,Not Applicable,Customer related issue,Not Applicable,Not Applicable,445,Not Applicable,0,,
2024-07-04 18:54:00,CNR9449856503,Driver Not Found,CID632179,eBike,Vijayanagar,Padmanabhanagar,,,Not Applicable,Not Applicable,Not Applicable,Not Applicable,122,Not Applicable,0,,
2024-07-24 06:18:00,CNR4017600727,Driver Not Found,CID640408,Prime SUV,Rajajinagar,Electronic City,,,Not Applicable,Not Applicable,Not Applicable,Not Applicable,223,Not Applicable,0,,
2024-07-05 02:34:00,CNR4074834698,Success,CID691662,Prime Sedan,Bannerghatta Road,Kadugodi,161.0,65.0,Not Applicable,Not Applicable,No,Not Applicable,133,Cash,44,3.6,4.7
2024-07-15 02:48:00,CNR9506371052,Success,CID626357,Bike,Devanahalli,Magadi Road,210.0,55.0,Not Applicable,Not Applicable,No,Not Applicable,963,UPI,28,4.1,3.4
2024-07-20 05:03:00,CNR1869058596,Success,CID168331,Auto,Varthur,BTM Layout,224.0,40.0,Not Applicable,Not Applicable,No,Not Applicable,532,UPI,19,3.6,4.2
2024-07-24 14:50:00,CNR9476188427,Canceled by Driver,CID550790,Auto,Hulimavu,Magadi Road,,,Not Applicable,Customer was coughing/sick,Not Applicable,Not Applicable,887,Not Applicable,0,,
2024-07-23 07:03:00,CNR7882074462,Success,CID505050,Prime Plus,Nagarbhavi,Kammanahalli,210.0,100.0,Not Applicable,Not Applicable,No,Not Applicable,487,Cash,47,4.1,4.8
2024-07-17 04:07:00,CNR3652722030,Canceled by Driver,CID567672,Mini,Tumkur Road,Basavanagudi,,,Not Applicable,Customer related issue,Not Applicable,Not Applicable,258,Not Applicable,0,,
2024-07-08 09:42:00,CNR2129809539,Canceled by Driver,CID300735,Prime SUV,Hulimavu,Kengeri,,,Not Applicable,Personal & Car related issue,Not Applicable,Not Applicable,454,Not Applicable,0,,
2024-07-10 12:39:00,CNR4221328203,Success,CID662330,Prime Plus,Hulimavu,Majestic,70.0,65.0,Not Applicable,Not Applicable,No,Not Applicable,350,UPI,8,3.6,4.8
2024-07-13 22:25:00,CNR6253093467,Success,CID927081,Prime Plus,Devanahalli,Electronic City,182.0,95.0,Not Applicable,Not Applicable,No,Not Applicable,657,Cash,39,3.8,3.5
2024-07-12 05:40:00,CNR6915830366,Driver Not Found,CID613351,Auto,Chamarajpet,Varthur,,,Not Applicable,Not Applicable,Not Applicable,Not Applicable,274,Not Applicable,0,,
2024-07-12 07:26:00,CNR2250053132,Success,CID368660,Auto,BTM Layout,Tumkur Road,231.0,50.0,Not Applicable,Not Applicable,No,Not Applicable,387,UPI,15,4.7,4.4
2024-07-30 10:12:00,CNR8367775463,Success,CID153056,eBike,Bannerghatta Road,Bellandur,161.0,110.0,Not Applicable,Not Applicable,No,Not Applicable,804,Cash,28,3.2,4.4
2024-07-17 04:47:00,CNR6499774212,Success,CID704358,Bike,JP Nagar,Richmond Town,42.0,80.0,Not Applicable,Not Applicable,No,Not Applicable,333,Cash,34,3.8,3.5
2024-07-14 12:38:00,CNR1054099519,Driver Not Found,CID584214,Mini,Indiranagar,Hennur,,,Not Applicable,Not Applicable,Not Applicable,Not Applicable,212,Not Applicable,0,,
2024-07-06 08:11:00,CNR3673976459,Canceled by Driver,CID389571,Prime Sedan,Rajarajeshwari Nagar,Hennur,,,Not Applicable,Personal & Car related issue,Not Applicable,Not Applicable,404,Not Applicable,0,,
2024-07-07 21:51:00,CNR1393257481,Driver Not Found,CID373543,Prime Plus,Malleshwaram,Tumkur Road,,,Not Applicable,Not Applicable,Not Applicable,Not Applicable,427,Not Applicable,0,,
2024-07-09 06:29:00,CNR9069562423,Success,CID461160,Mini,Marathahalli,Yeshwanthpur,182.0,110.0,Not Applicable,Not Applicable,No,Not Applicable,250,UPI,10,4.2,4.3
2024-07-27 19:50:00,CNR7600931708,Success,CID371306,Prime Sedan,MG Road,Padmanabhanagar,112.0,80.0,Not Applicable,Not Applicable,Yes,Vehicle Breakdown,163,Cash,7,3.9,3.7
2024-07-23 02:51:00,CNR4030071579,Success,CID787340,Prime Plus,Nagarbhavi,Hosur Road,140.0,55.0,Not Applicable,Not Applicable,No,Not Applicable,254,UPI,5,4.7,4.0
2024-07-04 16:52:00,CNR7657586896,Success,CID861183,eBike,Kengeri,Shantinagar,245.0,115.0,Not Applicable,Not Applicable,No,Not Applicable,105,Debit Card,28,4.9,3.5
2024-07-29 10:31:00,CNR6561531165,Canceled by Driver,CID664374,Prime Sedan,KR Puram,KR Puram,,,Not Applicable,More than permitted people in there,Not Applicable,Not Applicable,887,Not Applicable,0,,
2024-07-16 14:37:00,CNR3073270798,Canceled by Driver,CID150070,Prime Sedan,Richmond Town,Indiranagar,,,Not Applicable,Personal & Car related issue,Not Applicable,Not Applicable,340,Not Applicable,0,,
2024-07-18 02:21:00,CNR2751651987,Success,CID187341,eBike,Ulsoor,Peenya,70.0,75.0,Not Applicable,Not Applicable,No,Not Applicable,481,UPI,47,4.4,3.6
2024-07-10 19:25:00,CNR7462746662,Driver Not Found,CID527473,Prime Sedan,Kengeri,Bellandur,,,Not Applicable,Not Applicable,Not Applicable,Not Applicable,279,Not Applicable,0,,
2024-07-29 16:00:00,CNR7423646951,Canceled by Customer,CID609087,Prime SUV,Kengeri,Kadugodi,,,Driver is not moving towards pickup location,Not Applicable,Not Applicable,Not Applicable,661,Not Applicable,0,,
2024-07-07 03:36:00,CNR7693287802,Canceled by Customer,CID707261,Auto,Hulimavu,Malleshwaram,,,Change of plans,Not Applicable,Not Applicable,Not Applicable,213,Not Applicable,0,,
2024-07-17 04:48:00,CNR7484203215,Canceled by Driver,CID525278,Prime Sedan,Yeshwanthpur,Richmond Town,,,Not Applicable,Customer related issue,Not Applicable,Not Applicable,310,Not Applicable,0,,
2024-07-18 04:24:00,CNR9411245807,Success,CID129772,Prime Plus,JP Nagar,Peenya,266.0,115.0,Not Applicable,Not Applicable,No,Not Applicable,231,UPI,5,3.2,4.6
2024-07-29 15:47:00,CNR9435755369,Success,CID271303,Prime Plus,Richmond Town,KR Puram,217.0,110.0,Not Applicable,Not Applicable,Yes,Vehicle Breakdown,963,Cash,38,3.7,4.8
2024-07-28 09:54:00,CNR5876246687,Success,CID259743,eBike,Whitefield,Jayanagar,182.0,100.0,Not Applicable,Not Applicable,No,Not Applicable,225,UPI,25,4.6,4.9
2024-07-19 00:30:00,CNR7566885424,Canceled by Customer,CID138456,Bike,Yeshwanthpur,Sahakar Nagar,,,Driver asked to cancel,Not Applicable,Not Applicable,Not Applicable,304,Not Applicable,0,,
2024-07-06 10:37:00,CNR1090415265,Canceled by Customer,CID988699,Mini,Tumkur Road,Banashankari,,,AC is Not working,Not Applicable,Not Applicable,Not Applicable,157,Not Applicable,0,,
2024-07-14 21:46:00,CNR8121333924,Success,CID949625,Prime SUV,Frazer Town,Electronic City,196.0,75.0,Not Applicable,Not Applicable,No,Not Applicable,203,Cash,45,3.0,4.9
2024-07-24 22:25:00,CNR2969755221,Success,CID754573,Bike,Chamarajpet,Ramamurthy Nagar,147.0,95.0,Not Applicable,Not Applicable,No,Not Applicable,247,UPI,8,3.8,3.6
2024-07-10 12:08:00,CNR8337430156,Success,CID825926,Prime Plus,Basavanagudi,Ramamurthy Nagar,161.0,90.0,Not Applicable,Not Applicable,Yes,Customer Demand,416,UPI,32,3.9,3.4
2024-07-21 09:07:00,CNR4208935525,Success,CID361443,Bike,Yeshwanthpur,Shantinagar,35.0,110.0,Not Applicable,Not Applicable,No,Not Applicable,404,Cash,42,3.4,3.6
2024-07-08 13:47:00,CNR1100478756,Canceled by Driver,CID756596,Bike,Ulsoor,Majestic,,,Not Applicable,Customer related issue,Not Applicable,Not Applicable,136,Not Applicable,0,,
2024-07-08 14:55:00,CNR2618673519,Success,CID647253,Bike,Hennur,Varthur,49.0,50.0,Not Applicable,Not Applicable,No,Not Applicable,447,UPI,8,4.2,4.9
2024-07-30 02:23:00,CNR7999334099,Success,CID919557,Bike,Padmanabhanagar,Rajarajeshwari Nagar,98.0,115.0,Not Applicable,Not Applicable,Yes,Customer Demand,158,UPI,16,3.6,3.7
2024-07-08 15:10:00,CNR8430519685,Canceled by Driver,CID302317,Prime Plus,Whitefield,Kammanahalli,,,Not Applicable,Personal & Car related issue,Not Applicable,Not Applicable,100,Not Applicable,0,,
2024-07-29 09:05:00,CNR7489927931,Success,CID605451,Prime SUV,Yeshwanthpur,Hulimavu,259.0,110.0,Not Applicable,Not Applicable,No,Not Applicable,249,Cash,36,3.9,4.3
2024-07-14 15:19:00,CNR8884442901,Canceled by Driver,CID275888,Mini,Langford Town,Yelahanka,,,Not Applicable,Customer related issue,Not Applicable,Not Applicable,108,Not Applicable,0,,
2024-07-16 07:30:00,CNR6837850466,Success,CID895071,Prime SUV,Peenya,Frazer Town,42.0,30.0,Not Applicable,Not Applicable,No,Not Applicable,236,Credit Card,19,3.9,3.7
2024-07-17 16:15:00,CNR6578521549,Success,CID397389,eBike,Hosur Road,BTM Layout,301.0,65.0,Not Applicable,Not Applicable,No,Not Applicable,543,UPI,27,4.9,4.4
2024-07-14 03:05:00,CNR1475434582,Success,CID452267,Prime Plus,HSR Layout,HSR Layout,98.0,105.0,Not Applicable,Not Applicable,No,Not Applicable,298,UPI,49,4.6,3.5
2024-07-12 13:57:00,CNR2115568607,Driver Not Found,CID947816,Mini,Jayanagar,Malleshwaram,,,Not Applicable,Not Applicable,Not Applicable,Not Applicable,256,Not Applicable,0,,
2024-07-10 11:25:00,CNR8619756210,Success,CID845222,Bike,Varthur,Ramamurthy Nagar,294.0,40.0,Not Applicable,Not Applicable,No,Not Applicable,226,UPI,34,3.1,3.3
2024-07-08 09:29:00,CNR9693884633,Success,CID831130,Bike,Hennur,Electronic City,35.0,145.0,Not Applicable,Not Applicable,No,Not Applicable,873,UPI,10,4.0,3.0
2024-07-04 16:18:00,CNR1422985862,Success,CID419684,Auto,Tumkur Road,Whitefield,168.0,110.0,Not Applicable,Not Applicable,Yes,Customer Demand,172,UPI,11,3.4,4.4
2024-07-20 06:56:00,CNR8278608275,Success,CID834865,eBike,Malleshwaram,Magadi Road,182.0,105.0,Not Applicable,Not Applicable,No,Not Applicable,393,Cash,32,3.3,3.5
2024-07-30 21:00:00,CNR9182525608,Driver Not Found,CID240532,Prime SUV,BTM Layout,Hennur,,,Not Applicable,Not Applicable,Not Applicable,Not Applicable,357,Not Applicable,0,,
2024-07-02 06:55:00,CNR5277275135,Success,CID748734,Auto,Nagarbhavi,Jayanagar,224.0,95.0,Not Applicable,Not Applicable,No,Not Applicable,992,UPI,15,3.2,4.8
2024-07-03 18:40:00,CNR3847254494,Canceled by Driver,CID589105,Auto,Nagarbhavi,Magadi Road,,,Not Applicable,Customer related issue,Not Applicable,Not Applicable,679,Not Applicable,0,,
2024-07-22 13:48:00,CNR3840792760,Success,CID832844,eBike,Nagarbhavi,Rajajinagar,112.0,110.0,Not Applicable,Not Applicable,No,Not Applicable,2962,Cash,42,4.3,3.6
2024-07-08 03:26:00,CNR4210705267,Success,CID157758,Prime Sedan,Padmanabhanagar,Rajarajeshwari Nagar,217.0,145.0,Not Applicable,Not Applicable,No,Not Applicable,593,Cash,15,3.8,4.9
2024-07-30 18:08:00,CNR7697753844,Driver Not Found,CID210576,Auto,Sarjapur Road,Chamarajpet,,,Not Applicable,Not Applicable,Not Applicable,Not Applicable,775,Not Applicable,0,,
2024-07-14 07:03:00,CNR6527891365,Canceled by Customer,CID995304,eBike,Ramamurthy Nagar,Rajarajeshwari Nagar,,,Driver is not moving towards pickup location,Not Applicable,Not Applicable,Not Applicable,390,Not Applicable,0,,
2024-07-01 18:34:00,CNR9399113608,Success,CID278432,Bike,Koramangala,Marathahalli,161.0,55.0,Not Applicable,Not Applicable,No,Not Applicable,242,Debit Card,47,4.8,4.0
2024-07-02 06:40:00,CNR4508794063,Driver Not Found,CID867099,Bike,Rajajinagar,Peenya,,,Not Applicable,Not Applicable,Not Applicable,Not Applicable,349,Not Applicable,0,,
2024-07-29 19:52:00,CNR3825635451,Success,CID251245,Prime SUV,Shantinagar,BTM Layout,42.0,110.0,Not Applicable,Not Applicable,No,Not Applicable,227,UPI,47,3.3,3.6
2024-07-29 20:46:00,CNR8547912815,Success,CID285700,Mini,Vijayanagar,Sahakar Nagar,231.0,70.0,Not Applicable,Not Applicable,No,Not Applicable,147,Credit Card,33,5.0,3.9
2024-07-12 05:24:00,CNR7464841307,Success,CID256662,Bike,Chickpet,JP Nagar,259.0,95.0,Not Applicable,Not Applicable,No,Not Applicable,854,Cash,7,4.3,3.0
2024-07-04 11:22:00,CNR9074149755,Success,CID469451,Prime Sedan,Marathahalli,Peenya,168.0,55.0,Not Applicable,Not Applicable,No,Not Applicable,176,Cash,27,4.0,4.0
2024-07-28 02:24:00,CNR6259082122,Canceled by Customer,CID542603,Auto,Banashankari,Chickpet,,,Driver asked to cancel,Not Applicable,Not Applicable,Not Applicable,265,Not Applicable,0,,
2024-07-06 08:23:00,CNR4134635551,Success,CID868113,Auto,Frazer Town,Vijayanagar,70.0,60.0,Not Applicable,Not Applicable,No,Not Applicable,2993,UPI,8,3.1,4.0
2024-07-17 17:38:00,CNR1275443878,Canceled by Customer,CID507311,Mini,Devanahalli,Whitefield,,,Driver asked to cancel,Not Applicable,Not Applicable,Not Applicable,104,Not Applicable,0,,
2024-07-30 05:36:00,CNR1531417401,Success,CID513455,Prime SUV,Ulsoor,Banashankari,168.0,65.0,Not Applicable,Not Applicable,No,Not Applicable,1398,Cash,45,4.1,4.6
2024-07-12 20:56:00,CNR3363249836,Success,CID314508,Auto,Yeshwanthpur,HSR Layout,70.0,50.0,Not Applicable,Not Applicable,No,Not Applicable,495,Cash,6,3.1,3.9
2024-07-13 03:49:00,CNR7175261635,Canceled by Customer,CID791524,eBike,Chickpet,Richmond Town,,,Driver asked to cancel,Not Applicable,Not Applicable,Not Applicable,2413,Not Applicable,0,,
2024-07-18 18:22:00,CNR8727937236,Success,CID699020,Prime Plus,Sahakar Nagar,Hennur,56.0,40.0,Not Applicable,Not Applicable,No,Not Applicable,329,Cash,36,4.0,4.2
2024-07-04 10:04:00,CNR8049802931,Success,CID529213,Mini,Devanahalli,Whitefield,175.0,80.0,Not Applicable,Not Applicable,No,Not Applicable,1381,Cash,15,4.9,4.0
2024-07-13 18:53:00,CNR4803013157,Success,CID982140,Bike,Magadi Road,Rajarajeshwari Nagar,224.0,95.0,Not Applicable,Not Applicable,No,Not Applicable,450,UPI,27,3.2,3.6
2024-07-23 20:52:00,CNR1729164617,Success,CID398595,eBike,Richmond Town,Kengeri,84.0,25.0,Not Applicable,Not Applicable,No,Not Applicable,456,Cash,33,4.7,4.0
2024-07-03 01:37:00,CNR7415931810,Canceled by Driver,CID866613,eBike,Langford Town,Shivajinagar,,,Not Applicable,More than permitted people in there,Not Applicable,Not Applicable,365,Not Applicable,0,,
2024-07-20 23:11:00,CNR5248498679,Success,CID282069,eBike,BTM Layout,Hebbal,91.0,60.0,Not Applicable,Not Applicable,No,Not Applicable,444,Cash,2,3.5,3.7
2024-07-09 03:35:00,CNR1651742856,Success,CID522377,Bike,Chickpet,Indiranagar,196.0,90.0,Not Applicable,Not Applicable,No,Not Applicable,2747,UPI,25,3.0,4.9
2024-07-12 06:01:00,CNR3991518246,Canceled by Driver,CID608548,Prime Sedan,Vijayanagar,Shivajinagar,,,Not Applicable,Personal & Car related issue,Not Applicable,Not Applicable,165,Not Applicable,0,,
2024-07-09 18:16:00,CNR2217145079,Success,CID408436,eBike,JP Nagar,Richmond Town,147.0,85.0,Not Applicable,Not Applicable,No,Not Applicable,710,Cash,1,4.0,3.8
2024-07-12 09:09:00,CNR9236263147,Success,CID509007,Auto,Hebbal,Rajajinagar,189.0,80.0,Not Applicable,Not Applicable,No,Not Applicable,824,UPI,19,3.7,3.8
2024-07-20 06:14:00,CNR8932860997,Success,CID358544,Prime Plus,Hennur,Sarjapur Road,252.0,120.0,Not Applicable,Not Applicable,No,Not Applicable,1073,Cash,18,4.0,3.5
2024-07-13 19:56:00,CNR7095093075,Success,CID703264,Auto,Shivajinagar,Electronic City,238.0,100.0,Not Applicable,Not Applicable,No,Not Applicable,184,UPI,19,4.9,3.6
2024-07-11 07:30:00,CNR7911625919,Success,CID570711,Auto,HSR Layout,Basavanagudi,112.0,80.0,Not Applicable,Not Applicable,No,Not Applicable,213,Credit Card,15,4.0,4.3
2024-07-05 06:34:00,CNR5635400631,Canceled by Customer,CID768646,Prime Plus,Ramamurthy Nagar,Hosur Road,,,Wrong Address,Not Applicable,Not Applicable,Not Applicable,404,Not Applicable,0,,
2024-07-25 20:25:00,CNR7486317186,Driver Not Found,CID505116,eBike,Kadugodi,Mysore Road,,,Not Applicable,Not Applicable,Not Applicable,Not Applicable,478,Not Applicable,0,,
2024-07-29 07:48:00,CNR5541169462,Success,CID468766,Bike,HSR Layout,Peenya,84.0,30.0,Not Applicable,Not Applicable,No,Not Applicable,499,UPI,23,3.0,4.2
2024-07-01 18:12:00,CNR8779821499,Canceled by Driver,CID622362,Prime Sedan,Sahakar Nagar,Sarjapur Road,,,Not Applicable,Personal & Car related issue,Not Applicable,Not Applicable,394,Not Applicable,0,,
2024-07-14 14:26:00,CNR8918208835,Success,CID230026,Prime SUV,Majestic,Indiranagar,168.0,30.0,Not Applicable,Not Applicable,No,Not Applicable,163,UPI,29,3.0,3.6
2024-07-23 12:43:00,CNR7703833865,Success,CID684468,Prime Sedan,Magadi Road,Tumkur Road,77.0,30.0,Not Applicable,Not Applicable,No,Not Applicable,172,Cash,25,4.1,4.0
2024-07-15 22:56:00,CNR1739665865,Driver Not Found,CID381742,Auto,Nagarbhavi,Richmond Town,,,Not Applicable,Not Applicable,Not Applicable,Not Applicable,287,Not Applicable,0,,
2024-07-06 10:43:00,CNR8941804840,Driver Not Found,CID605213,eBike,Jayanagar,Padmanabhanagar,,,Not Applicable,Not Applicable,Not Applicable,Not Applicable,258,Not Applicable,0,,
2024-07-06 08:03:00,CNR5225096155,Success,CID622230,Auto,Cox Town,Rajarajeshwari Nagar,196.0,90.0,Not Applicable,Not Applicable,No,Not Applicable,270,Cash,8,4.1,3.1
2024-07-09 21:11:00,CNR3713612365,Canceled by Driver,CID633675,Mini,Hebbal,Marathahalli,,,Not Applicable,Personal & Car related issue,Not Applicable,Not Applicable,544,Not Applicable,0,,
2024-07-16 14:55:00,CNR9713766208,Canceled by Driver,CID794032,Bike,Yelahanka,Hebbal,,,Not Applicable,Personal & Car related issue,Not Applicable,Not Applicable,718,Not Applicable,0,,
2024-07-09 02:44:00,CNR1097305900,Canceled by Driver,CID293155,Prime Plus,Cox Town,Bannerghatta Road,,,Not Applicable,More than permitted people in there,Not Applicable,Not Applicable,497,Not Applicable,0,,
2024-07-04 18:38:00,CNR8881712172,Canceled by Customer,CID506301,eBike,Bannerghatta Road,Richmond Town,,,Change of plans,Not Applicable,Not Applicable,Not Applicable,215,Not Applicable,0,,
2024-07-20 08:56:00,CNR1069681435,Success,CID967000,Bike,Basavanagudi,Sahakar Nagar,189.0,100.0,Not Applicable,Not Applicable,No,Not Applicable,156,UPI,46,4.0,3.8
2024-07-21 08:31:00,CNR8068460046,Success,CID120001,Prime Sedan,Jayanagar,MG Road,280.0,90.0,Not Applicable,Not Applicable,No,Not Applicable,156,Cash,16,4.0,3.2
2024-07-22 14:25:00,CNR1676959810,Success,CID407804,Prime Plus,Chickpet,Shivajinagar,105.0,25.0,Not Applicable,Not Applicable,No,Not Applicable,132,UPI,16,4.9,4.4
2024-07-17 21:07:00,CNR6267817494,Success,CID871496,Bike,Hosur Road,Jayanagar,210.0,85.0,Not Applicable,Not Applicable,No,Not Applicable,620,Cash,39,3.6,4.5
2024-07-14 03:57:00,CNR1854074129,Success,CID198488,Bike,Yelahanka,Kengeri,42.0,40.0,Not Applicable,Not Applicable,No,Not Applicable,473,Cash,47,4.0,4.4
2024-07-13 12:41:00,CNR3022572341,Success,CID778296,Prime Sedan,Hebbal,Padmanabhanagar,168.0,125.0,Not Applicable,Not Applicable,No,Not Applicable,393,UPI,30,4.4,3.6
2024-07-03 16:47:00,CNR7406609326,Success,CID501861,Auto,Ulsoor,Ramamurthy Nagar,259.0,75.0,Not Applicable,Not Applicable,No,Not Applicable,844,UPI,5,4.1,4.8
2024-07-24 10:25:00,CNR2390850507,Canceled by Driver,CID119637,Bike,Whitefield,Peenya,,,Not Applicable,Customer was coughing/sick,Not Applicable,Not Applicable,748,Not Applicable,0,,
2024-07-06 19:55:00,CNR9886277725,Success,CID673060,Auto,Malleshwaram,Kengeri,112.0,65.0,Not Applicable,Not Applicable,No,Not Applicable,181,Cash,14,3.1,3.9
2024-07-16 20:48:00,CNR6905226312,Success,CID352950,Bike,Hennur,Peenya,189.0,55.0,Not Applicable,Not Applicable,No,Not Applicable,817,Cash,27,4.3,5.0
2024-07-06 09:02:00,CNR2629226717,Success,CID279821,Prime Plus,Frazer Town,Frazer Town,105.0,40.0,Not Applicable,Not Applicable,No,Not Applicable,847,UPI,5,4.3,3.6
2024-07-11 22:26:00,CNR3879464839,Success,CID999872,Auto,Shantinagar,Bellandur,280.0,55.0,Not Applicable,Not Applicable,No,Not Applicable,114,Cash,10,4.7,4.6
2024-07-01 19:57:00,CNR3530808898,Success,CID797285,Prime Plus,Hebbal,Langford Town,56.0,115.0,Not Applicable,Not Applicable,No,Not Applicable,443,Cash,16,3.8,4.7
2024-07-22 00:56:00,CNR9165825465,Driver Not Found,CID648581,Bike,Hosur Road,Sahakar Nagar,,,Not Applicable,Not Applicable,Not Applicable,Not Applicable,346,Not Applicable,0,,
2024-07-10 01:53:00,CNR1973426999,Success,CID330620,eBike,Jayanagar,Langford Town,35.0,110.0,Not Applicable,Not Applicable,No,Not Applicable,353,Cash,39,3.8,3.1
2024-07-30 16:59:00,CNR3139510639,Success,CID258657,Prime SUV,Indiranagar,Shantinagar,259.0,70.0,Not Applicable,Not Applicable,No,Not Applicable,137,Cash,16,3.5,3.9
2024-07-17 01:44:00,CNR5885235060,Success,CID380949,Auto,Banashankari,Rajajinagar,147.0,135.0,Not Applicable,Not Applicable,No,Not Applicable,822,UPI,1,4.5,4.8
2024-07-16 04:12:00,CNR3965144813,Canceled by Driver,CID419703,Prime Plus,Yelahanka,RT Nagar,,,Not Applicable,Customer related issue,Not Applicable,Not Applicable,452,Not Applicable,0,,
2024-07-15 11:44:00,CNR9582908073,Success,CID518833,Bike,Padmanabhanagar,Rajarajeshwari Nagar,84.0,70.0,Not Applicable,Not Applicable,No,Not Applicable,248,UPI,4,4.4,4.9
2024-07-23 13:29:00,CNR5785053530,Success,CID992936,Auto,Padmanabhanagar,Basavanagudi,140.0,100.0,Not Applicable,Not Applicable,No,Not Applicable,280,Cash,9,4.0,4.6
2024-07-04 06:45:00,CNR4679151589,Success,CID605554,Auto,Magadi Road,Electronic City,91.0,70.0,Not Applicable,Not Applicable,No,Not Applicable,165,Cash,11,3.3,5.0
2024-07-05 19:39:00,CNR9963226756,Success,CID211569,Mini,Yelahanka,Hebbal,301.0,55.0,Not Applicable,Not Applicable,No,Not Applicable,459,Cash,15,3.3,4.4
2024-07-09 09:53:00,CNR9105978792,Success,CID670783,Prime Sedan,Hulimavu,Kengeri,217.0,100.0,Not Applicable,Not Applicable,Yes,Vehicle Breakdown,804,Debit Card,1,3.1,3.4
2024-07-05 07:50:00,CNR8014760086,Success,CID821208,Prime Plus,Malleshwaram,Frazer Town,147.0,75.0,Not Applicable,Not Applicable,No,Not Applicable,274,UPI,19,3.1,4.9
2024-07-25 17:31:00,CNR5697235582,Canceled by Driver,CID730022,eBike,Yeshwanthpur,Sahakar Nagar,,,Not Applicable,Customer related issue,Not Applicable,Not Applicable,284,Not Applicable,0,,
2024-07-12 15:25:00,CNR3333954781,Canceled by Driver,CID598954,Mini,Yeshwanthpur,Sarjapur Road,,,Not Applicable,Personal & Car related issue,Not Applicable,Not Applicable,421,Not Applicable,0,,
2024-07-22 04:54:00,CNR4083568970,Success,CID947407,Prime Plus,Jayanagar,Shivajinagar,70.0,135.0,Not Applicable,Not Applicable,No,Not Applicable,152,Cash,41,4.7,4.5
2024-07-29 10:41:00,CNR1314416615,Success,CID594110,Prime SUV,Padmanabhanagar,Sarjapur Road,238.0,45.0,Not Applicable,Not Applicable,No,Not Applicable,399,Cash,3,4.8,3.9
2024-07-06 13:10:00,CNR1496021834,Canceled by Driver,CID794544,Prime Sedan,Shantinagar,Chickpet,,,Not Applicable,Personal & Car related issue,Not Applicable,Not Applicable,614,Not Applicable,0,,
2024-07-13 21:00:00,CNR8118308921,Success,CID158643,Prime SUV,Yeshwanthpur,RT Nagar,168.0,35.0,Not Applicable,Not Applicable,No,Not Applicable,142,Cash,11,3.9,4.1
2024-07-18 17:49:00,CNR6611446912,Success,CID692838,Bike,Whitefield,HSR Layout,287.0,30.0,Not Applicable,Not Applicable,No,Not Applicable,725,UPI,42,4.3,4.9
2024-07-01 06:31:00,CNR3989318027,Success,CID768123,Bike,Mysore Road,Mysore Road,161.0,140.0,Not Applicable,Not Applicable,No,Not Applicable,271,Cash,5,3.8,3.7
2024-07-21 03:28:00,CNR9891626907,Success,CID115718,Prime SUV,Marathahalli,Kammanahalli,98.0,120.0,Not Applicable,Not Applicable,No,Not Applicable,212,Cash,1,4.7,3.7
2024-07-28 18:01:00,CNR8578505680,Success,CID756768,Auto,Majestic,Sarjapur Road,56.0,130.0,Not Applicable,Not Applicable,No,Not Applicable,428,Cash,19,4.3,4.4
2024-07-13 10:15:00,CNR7056960517,Canceled by Driver,CID704641,Auto,Langford Town,Devanahalli,,,Not Applicable,More than permitted people in there,Not Applicable,Not Applicable,148,Not Applicable,0,,
2024-07-19 17:31:00,CNR7344537019,Driver Not Found,CID342883,Mini,Peenya,Padmanabhanagar,,,Not Applicable,Not Applicable,Not Applicable,Not Applicable,477,Not Applicable,0,,
2024-07-27 09:53:00,CNR5451180459,Success,CID645644,Prime Plus,Chickpet,Frazer Town,42.0,125.0,Not Applicable,Not Applicable,No,Not Applicable,405,Cash,26,4.5,4.0
2024-07-06 10:31:00,CNR7192437877,Success,CID769731,Prime Plus,Banashankari,Kengeri,280.0,130.0,Not Applicable,Not Applicable,No,Not Applicable,171,Cash,44,4.1,4.4
2024-07-12 16:00:00,CNR1634244073,Canceled by Driver,CID587087,Mini,Hosur Road,Ulsoor,,,Not Applicable,Customer was coughing/sick,Not Applicable,Not Applicable,146,Not Applicable,0,,
2024-07-20 06:10:00,CNR4163866491,Canceled by Driver,CID540485,Auto,Whitefield,Rajarajeshwari Nagar,,,Not Applicable,More than permitted people in there,Not Applicable,Not Applicable,809,Not Applicable,0,,
2024-07-27 12:11:00,CNR6239519327,Success,CID117657,Auto,Langford Town,Jayanagar,196.0,25.0,Not Applicable,Not Applicable,No,Not Applicable,530,Cash,16,3.2,3.9
2024-07-02 07:40:00,CNR2452070152,Success,CID745716,Mini,Mysore Road,Langford Town,231.0,35.0,Not Applicable,Not Applicable,No,Not Applicable,437,UPI,33,5.0,3.8
2024-07-27 06:29:00,CNR4639706311,Canceled by Driver,CID302345,Auto,KR Puram,Koramangala,,,Not Applicable,Customer related issue,Not Applicable,Not Applicable,942,Not Applicable,0,,
2024-07-13 22:00:00,CNR9325627884,Success,CID900087,Bike,Hebbal,Sarjapur Road,196.0,35.0,Not Applicable,Not Applicable,No,Not Applicable,276,Cash,27,3.9,4.0
2024-07-14 20:45:00,CNR1885559609,Success,CID221162,Auto,Peenya,Indiranagar,189.0,45.0,Not Applicable,Not Applicable,No,Not Applicable,127,Cash,14,4.9,3.5
2024-07-08 13:49:00,CNR9376838311,Driver Not Found,CID817382,Prime SUV,Indiranagar,Bellandur,,,Not Applicable,Not Applicable,Not Applicable,Not Applicable,936,Not Applicable,0,,
2024-07-11 01:09:00,CNR2507785622,Success,CID324029,Prime Plus,Koramangala,Jayanagar,56.0,50.0,Not Applicable,Not Applicable,No,Not Applicable,431,Cash,13,4.1,4.2
2024-07-23 12:17:00,CNR1937666946,Success,CID562625,Prime Plus,Koramangala,Hennur,56.0,65.0,Not Applicable,Not Applicable,No,Not Applicable,513,Cash,3,3.4,3.9
2024-07-12 19:59:00,CNR5033467192,Success,CID971726,Prime SUV,Sahakar Nagar,Mysore Road,217.0,110.0,Not Applicable,Not Applicable,No,Not Applicable,170,Cash,21,4.5,4.4
2024-07-28 15:47:00,CNR9113576669,Canceled by Driver,CID974034,Prime Sedan,Marathahalli,Ramamurthy Nagar,,,Not Applicable,Customer related issue,Not Applicable,Not Applicable,421,Not Applicable,0,,
2024-07-24 15:10:00,CNR8564210878,Success,CID191763,eBike,Electronic City,Hulimavu,161.0,90.0,Not Applicable,Not Applicable,No,Not Applicable,426,UPI,31,4.4,4.3
2024-07-02 08:38:00,CNR8964320826,Success,CID535280,Auto,Kengeri,Hebbal,252.0,145.0,Not Applicable,Not Applicable,No,Not Applicable,494,UPI,12,4.0,4.3
2024-07-17 19:47:00,CNR6342234664,Success,CID396572,Prime Plus,Tumkur Road,HSR Layout,119.0,90.0,Not Applicable,Not Applicable,No,Not Applicable,767,UPI,49,4.6,3.3
2024-07-13 11:27:00,CNR3920003101,Success,CID124154,Prime SUV,Peenya,Rajarajeshwari Nagar,294.0,40.0,Not Applicable,Not Applicable,No,Not Applicable,350,Cash,41,3.9,3.5
2024-07-04 19:43:00,CNR6563821303,Success,CID286384,Prime Plus,Malleshwaram,Banashankari,182.0,120.0,Not Applicable,Not Applicable,No,Not Applicable,790,Cash,46,4.3,3.3
2024-07-07 09:47:00,CNR7579762837,Success,CID240371,eBike,Magadi Road,Majestic,84.0,60.0,Not Applicable,Not Applicable,No,Not Applicable,363,UPI,38,4.7,3.8
2024-07-29 18:33:00,CNR4990128261,Success,CID845065,Prime Plus,Rajarajeshwari Nagar,Chickpet,105.0,135.0,Not Applicable,Not Applicable,No,Not Applicable,652,UPI,36,4.6,3.8
2024-07-25 17:17:00,CNR9563459234,Canceled by Driver,CID891923,Prime SUV,Hosur Road,Magadi Road,,,Not Applicable,Personal & Car related issue,Not Applicable,Not Applicable,395,Not Applicable,0,,
2024-07-17 11:34:00,CNR6262986888,Success,CID381059,Mini,Indiranagar,Shivajinagar,70.0,45.0,Not Applicable,Not Applicable,No,Not Applicable,175,Cash,26,4.3,3.5
2024-07-11 05:58:00,CNR3146495249,Canceled by Customer,CID916224,eBike,Rajajinagar,Peenya,,,Change of plans,Not Applicable,Not Applicable,Not Applicable,283,Not Applicable,0,,
2024-07-26 01:58:00,CNR9445384036,Canceled by Customer,CID633719,Prime Sedan,Koramangala,Cox Town,,,Driver asked to cancel,Not Applicable,Not Applicable,Not Applicable,203,Not Applicable,0,,
2024-07-05 13:32:00,CNR4239666957,Success,CID580722,Bike,Hennur,Peenya,252.0,125.0,Not Applicable,Not Applicable,No,Not Applicable,219,Cash,46,4.5,3.6
2024-07-25 02:00:00,CNR8627834356,Success,CID380222,Mini,Langford Town,Peenya,98.0,145.0,Not Applicable,Not Applicable,No,Not Applicable,226,Cash,11,3.1,4.4
2024-07-22 22:12:00,CNR1517797209,Success,CID412031,Auto,Shantinagar,Kadugodi,147.0,80.0,Not Applicable,Not Applicable,No,Not Applicable,236,Cash,2,3.2,4.7
2024-07-16 16:23:00,CNR9752073325,Driver Not Found,CID320305,eBike,Jayanagar,JP Nagar,,,Not Applicable,Not Applicable,Not Applicable,Not Applicable,343,Not Applicable,0,,
2024-07-13 21:33:00,CNR5534214626,Success,CID118412,Prime SUV,Bellandur,Bellandur,287.0,60.0,Not Applicable,Not Applicable,Yes,Customer Demand,297,UPI,22,4.7,3.3
2024-07-02 07:14:00,CNR5344668000,Success,CID501343,Prime SUV,Rajajinagar,Magadi Road,112.0,110.0,Not Applicable,Not Applicable,No,Not Applicable,1676,Cash,36,3.2,3.5
2024-07-09 07:32:00,CNR7011893310,Canceled by Driver,CID384270,eBike,Shantinagar,Cox Town,,,Not Applicable,Customer related issue,Not Applicable,Not Applicable,1449,Not Applicable,0,,
2024-07-03 04:57:00,CNR1954089658,Canceled by Driver,CID744825,Prime Plus,Bannerghatta Road,Shantinagar,,,Not Applicable,Customer related issue,Not Applicable,Not Applicable,366,Not Applicable,0,,
2024-07-22 23:42:00,CNR9920433574,Success,CID219120,eBike,Bannerghatta Road,Hebbal,294.0,135.0,Not Applicable,Not Applicable,No,Not Applicable,943,Cash,21,5.0,3.9
2024-07-19 08:40:00,CNR8631523594,Canceled by Customer,CID989300,Bike,Marathahalli,JP Nagar,,,Driver is not moving towards pickup location,Not Applicable,Not Applicable,Not Applicable,114,Not Applicable,0,,
2024-07-17 23:35:00,CNR7666730683,Driver Not Found,CID105982,Mini,Sarjapur Road,Ramamurthy Nagar,,,Not Applicable,Not Applicable,Not Applicable,Not Applicable,189,Not Applicable,0,,
2024-07-30 00:51:00,CNR4632614458,Success,CID257264,Bike,Sarjapur Road,MG Road,84.0,60.0,Not Applicable,Not Applicable,No,Not Applicable,936,Cash,25,4.8,4.5
2024-07-05 18:01:00,CNR8885061887,Canceled by Driver,CID345999,Prime SUV,Richmond Town,Bellandur,,,Not Applicable,Personal & Car related issue,Not Applicable,Not Applicable,213,Not Applicable,0,,
2024-07-19 11:21:00,CNR2665187698,Success,CID599201,Auto,Tumkur Road,HSR Layout,77.0,120.0,Not Applicable,Not Applicable,No,Not Applicable,1277,Cash,6,3.5,3.8
2024-07-25 14:06:00,CNR7416916982,Success,CID528796,Mini,KR Puram,Shivajinagar,280.0,105.0,Not Applicable,Not Applicable,No,Not Applicable,835,Cash,7,3.5,3.1
2024-07-29 21:39:00,CNR1907195483,Success,CID771129,Auto,Magadi Road,Hennur,168.0,100.0,Not Applicable,Not Applicable,Yes,Vehicle Breakdown,474,Cash,11,4.3,4.9
2024-07-18 07:22:00,CNR4182017901,Canceled by Driver,CID679716,Prime SUV,Tumkur Road,Padmanabhanagar,,,Not Applicable,Personal & Car related issue,Not Applicable,Not Applicable,351,Not Applicable,0,,
2024-07-13 06:19:00,CNR6839038181,Success,CID234770,Bike,BTM Layout,Shivajinagar,161.0,65.0,Not Applicable,Not Applicable,No,Not Applicable,132,Cash,21,4.9,4.8
2024-07-02 01:13:00,CNR7758934135,Success,CID974633,Prime Plus,Magadi Road,Sahakar Nagar,252.0,145.0,Not Applicable,Not Applicable,No,Not Applicable,959,Cash,32,3.9,4.2
2024-07-25 04:07:00,CNR4716294516,Success,CID858343,Auto,Langford Town,HSR Layout,42.0,35.0,Not Applicable,Not Applicable,No,Not Applicable,420,Cash,12,3.9,4.0
2024-07-09 06:49:00,CNR1077458896,Canceled by Driver,CID434041,Mini,Cox Town,JP Nagar,,,Not Applicable,Customer related issue,Not Applicable,Not Applicable,332,Not Applicable,0,,
2024-07-22 00:54:00,CNR2444419142,Driver Not Found,CID903684,eBike,Kammanahalli,Peenya,,,Not Applicable,Not Applicable,Not Applicable,Not Applicable,731,Not Applicable,0,,
2024-07-27 11:50:00,CNR5564345737,Success,CID305927,Auto,Langford Town,RT Nagar,231.0,55.0,Not Applicable,Not Applicable,No,Not Applicable,920,Cash,19,3.5,3.3
2024-07-01 04:07:00,CNR4433934183,Canceled by Driver,CID199017,Bike,Hebbal,Shantinagar,,,Not Applicable,More than permitted people in there,Not Applicable,Not Applicable,431,Not Applicable,0,,
2024-07-16 13:33:00,CNR3238992554,Success,CID197167,Bike,Hosur Road,Rajajinagar,140.0,120.0,Not Applicable,Not Applicable,No,Not Applicable,230,UPI,40,4.7,4.5
2024-07-16 10:15:00,CNR5824453056,Success,CID581805,Prime Plus,Peenya,Frazer Town,273.0,130.0,Not Applicable,Not Applicable,No,Not Applicable,460,UPI,22,4.4,3.7
2024-07-18 23:22:00,CNR4413556859,Success,CID867117,Mini,MG Road,Koramangala,175.0,80.0,Not Applicable,Not Applicable,No,Not Applicable,1911,Cash,6,4.1,4.1
2024-07-15 04:24:00,CNR9065985569,Success,CID367574,Mini,Ramamurthy Nagar,Jayanagar,140.0,85.0,Not Applicable,Not Applicable,No,Not Applicable,552,Cash,37,3.5,3.1
2024-07-11 23:00:00,CNR2484377405,Success,CID753443,Prime Sedan,Tumkur Road,Hosur Road,63.0,55.0,Not Applicable,Not Applicable,No,Not Applicable,1727,Cash,8,4.9,3.4
2024-07-13 02:49:00,CNR2644452049,Success,CID261482,Prime SUV,Chickpet,Ulsoor,231.0,70.0,Not Applicable,Not Applicable,No,Not Applicable,847,Cash,2,3.7,3.9
2024-07-24 07:12:00,CNR6748497514,Canceled by Driver,CID356316,Prime Plus,Kengeri,Basavanagudi,,,Not Applicable,More than permitted people in there,Not Applicable,Not Applicable,123,Not Applicable,0,,
2024-07-23 16:28:00,CNR5340667959,Success,CID437404,Prime SUV,Marathahalli,Chickpet,98.0,120.0,Not Applicable,Not Applicable,No,Not Applicable,155,UPI,24,4.6,4.6
2024-07-05 11:56:00,CNR8331245608,Canceled by Driver,CID318940,eBike,Yeshwanthpur,RT Nagar,,,Not Applicable,Customer was coughing/sick,Not Applicable,Not Applicable,205,Not Applicable,0,,
2024-07-22 14:38:00,CNR5588975425,Success,CID763337,Prime SUV,BTM Layout,Richmond Town,91.0,35.0,Not Applicable,Not Applicable,No,Not Applicable,309,Cash,25,3.7,3.6
2024-07-29 18:54:00,CNR6533291333,Canceled by Customer,CID506190,Prime SUV,HSR Layout,Kammanahalli,,,Driver asked to cancel,Not Applicable,Not Applicable,Not Applicable,290,Not Applicable,0,,
2024-07-19 22:20:00,CNR8742149947,Driver Not Found,CID414243,Auto,BTM Layout,Marathahalli,,,Not Applicable,Not Applicable,Not Applicable,Not Applicable,638,Not Applicable,0,,
2024-07-02 08:10:00,CNR4212727296,Canceled by Customer,CID766539,Auto,Basavanagudi,Sarjapur Road,,,Driver asked to cancel,Not Applicable,Not Applicable,Not Applicable,1311,Not Applicable,0,,
2024-07-16 10:18:00,CNR5587398977,Success,CID833630,Auto,Langford Town,Yeshwanthpur,140.0,70.0,Not Applicable,Not Applicable,No,Not Applicable,479,UPI,10,4.7,5.0
2024-07-19 13:07:00,CNR4591989849,Driver Not Found,CID290933,Prime Sedan,Ulsoor,Padmanabhanagar,,,Not Applicable,Not Applicable,Not Applicable,Not Applicable,623,Not Applicable,0,,
2024-07-03 05:14:00,CNR9932799583,Canceled by Driver,CID752889,Auto,Banashankari,Rajarajeshwari Nagar,,,Not Applicable,Customer related issue,Not Applicable,Not Applicable,2535,Not Applicable,0,,
2024-07-30 00:36:00,CNR2674941499,Success,CID958840,Bike,Vijayanagar,Kadugodi,35.0,40.0,Not Applicable,Not Applicable,No,Not Applicable,2906,UPI,8,3.3,3.6
2024-07-07 06:14:00,CNR3085115555,Success,CID583913,Prime Sedan,Langford Town,Mysore Road,154.0,110.0,Not Applicable,Not Applicable,No,Not Applicable,246,Cash,42,4.9,3.8
2024-07-08 00:31:00,CNR4442731508,Driver Not Found,CID912651,Auto,Banashankari,Ramamurthy Nagar,,,Not Applicable,Not Applicable,Not Applicable,Not Applicable,381,Not Applicable,0,,
2024-07-11 14:06:00,CNR7472053373,Driver Not Found,CID740301,Prime Plus,Devanahalli,Koramangala,,,Not Applicable,Not Applicable,Not Applicable,Not Applicable,293,Not Applicable,0,,
2024-07-27 22:14:00,CNR6946818261,Driver Not Found,CID342537,eBike,Malleshwaram,Majestic,,,Not Applicable,Not Applicable,Not Applicable,Not Applicable,274,Not Applicable,0,,
2024-07-12 21:36:00,CNR9747416825,Success,CID284766,Prime SUV,Hebbal,Hebbal,161.0,85.0,Not Applicable,Not Applicable,No,Not Applicable,155,UPI,21,4.1,4.2
2024-07-25 02:28:00,CNR6125975419,Success,CID326029,Prime Plus,HSR Layout,Jayanagar,77.0,45.0,Not Applicable,Not Applicable,No,Not Applicable,383,Cash,13,4.5,4.1
2024-07-03 08:15:00,CNR9982934017,Canceled by Driver,CID185898,Prime SUV,Kengeri,Hennur,,,Not Applicable,Personal & Car related issue,Not Applicable,Not Applicable,375,Not Applicable,0,,
2024-07-28 21:00:00,CNR3341075017,Canceled by Driver,CID846567,Prime Plus,Shantinagar,Koramangala,,,Not Applicable,More than permitted people in there,Not Applicable,Not Applicable,275,Not Applicable,0,,
2024-07-29 16:48:00,CNR3454777428,Success,CID906354,Auto,Peenya,Richmond Town,196.0,145.0,Not Applicable,Not Applicable,No,Not Applicable,327,UPI,13,4.2,3.5
2024-07-21 01:56:00,CNR5183788293,Success,CID951653,Prime Sedan,Malleshwaram,Frazer Town,168.0,105.0,Not Applicable,Not Applicable,No,Not Applicable,310,Credit Card,28,3.9,4.3
2024-07-20 13:31:00,CNR9047929419,Success,CID673435,Prime SUV,Kengeri,BTM Layout,231.0,125.0,Not Applicable,Not Applicable,No,Not Applicable,461,Cash,27,4.7,4.0
2024-07-04 02:14:00,CNR2260626098,Success,CID409673,Prime Sedan,Banashankari,Ramamurthy Nagar,70.0,110.0,Not Applicable,Not Applicable,No,Not Applicable,330,UPI,45,4.4,4.2
2024-07-26 20:39:00,CNR3491313257,Success,CID838423,Bike,Bellandur,Frazer Town,301.0,45.0,Not Applicable,Not Applicable,No,Not Applicable,1503,Cash,32,4.1,4.9
2024-07-22 02:23:00,CNR2158579248,Success,CID225075,Prime Sedan,Whitefield,Indiranagar,133.0,30.0,Not Applicable,Not Applicable,No,Not Applicable,545,Cash,1,4.3,4.0
2024-07-24 01:43:00,CNR1250139050,Success,CID775847,Mini,JP Nagar,Peenya,210.0,140.0,Not Applicable,Not Applicable,No,Not Applicable,1656,Cash,42,4.4,3.5
2024-07-12 22:21:00,CNR8027638136,Success,CID222650,eBike,Sahakar Nagar,Hulimavu,140.0,140.0,Not Applicable,Not Applicable,No,Not Applicable,195,UPI,5,4.2,3.0
2024-07-22 00:12:00,CNR6583476027,Canceled by Driver,CID681623,Prime SUV,Ramamurthy Nagar,Tumkur Road,,,Not Applicable,Customer was coughing/sick,Not Applicable,Not Applicable,298,Not Applicable,0,,
2024-07-05 11:58:00,CNR9390062638,Success,CID964591,eBike,Shivajinagar,Hosur Road,70.0,140.0,Not Applicable,Not Applicable,No,Not Applicable,329,UPI,9,4.3,4.5
2024-07-19 02:34:00,CNR2155517576,Success,CID469785,Bike,Sarjapur Road,Varthur,70.0,40.0,Not Applicable,Not Applicable,No,Not Applicable,356,Cash,27,4.4,4.2
2024-07-07 02:38:00,CNR5441503937,Success,CID357864,Prime Sedan,Shivajinagar,Rajarajeshwari Nagar,203.0,60.0,Not Applicable,Not Applicable,No,Not Applicable,2280,Cash,1,3.3,4.4
2024-07-02 05:53:00,CNR5579918358,Canceled by Customer,CID521477,Bike,Rajajinagar,Hulimavu,,,Driver asked to cancel,Not Applicable,Not Applicable,Not Applicable,306,Not Applicable,0,,
2024-07-12 04:08:00,CNR6586421352,Success,CID392460,Prime Plus,Langford Town,Electronic City,266.0,25.0,Not Applicable,Not Applicable,No,Not Applicable,181,Cash,28,4.8,4.2
2024-07-28 22:05:00,CNR9986040669,Success,CID847947,Bike,Nagarbhavi,Majestic,280.0,80.0,Not Applicable,Not Applicable,No,Not Applicable,213,Cash,33,3.0,4.8
2024-07-05 09:00:00,CNR3260659499,Success,CID409944,Mini,Kadugodi,Cox Town,308.0,65.0,Not Applicable,Not Applicable,No,Not Applicable,380,Cash,23,3.5,4.3
2024-07-13 11:06:00,CNR8515720289,Success,CID498686,Bike,Whitefield,Ulsoor,147.0,30.0,Not Applicable,Not Applicable,No,Not Applicable,561,Debit Card,2,3.6,3.5
2024-07-21 05:07:00,CNR2670682667,Success,CID737393,Mini,Rajarajeshwari Nagar,Richmond Town,56.0,50.0,Not Applicable,Not Applicable,No,Not Applicable,802,UPI,22,3.5,3.4
2024-07-28 15:27:00,CNR9526979830,Canceled by Customer,CID356531,Auto,Banashankari,JP Nagar,,,Driver asked to cancel,Not Applicable,Not Applicable,Not Applicable,806,Not Applicable,0,,
2024-07-27 13:51:00,CNR1703613622,Success,CID175627,Prime Sedan,Yeshwanthpur,Hebbal,294.0,30.0,Not Applicable,Not Applicable,No,Not Applicable,2847,Cash,36,3.8,4.4
2024-07-06 20:45:00,CNR8605253674,Success,CID118162,Prime Sedan,Ramamurthy Nagar,Rajajinagar,119.0,30.0,Not Applicable,Not Applicable,No,Not Applicable,400,Cash,45,4.7,4.9
2024-07-10 16:31:00,CNR1327227252,Driver Not Found,CID743769,Mini,Rajarajeshwari Nagar,Devanahalli,,,Not Applicable,Not Applicable,Not Applicable,Not Applicable,469,Not Applicable,0,,
2024-07-24 12:47:00,CNR4124566218,Success,CID730665,Prime Plus,Vijayanagar,Shantinagar,189.0,140.0,Not Applicable,Not Applicable,No,Not Applicable,394,Cash,7,4.1,4.7
2024-07-02 15:34:00,CNR9530511360,Success,CID333069,Prime Plus,HSR Layout,Hosur Road,224.0,110.0,Not Applicable,Not Applicable,No,Not Applicable,285,UPI,26,4.5,4.9
2024-07-13 15:19:00,CNR4189302233,Success,CID887027,Mini,Shivajinagar,JP Nagar,301.0,35.0,Not Applicable,Not Applicable,No,Not Applicable,118,Debit Card,39,3.8,3.5
2024-07-05 17:34:00,CNR6286214684,Canceled by Customer,CID497547,Prime Sedan,Tumkur Road,Hennur,,,Driver asked to cancel,Not Applicable,Not Applicable,Not Applicable,415,Not Applicable,0,,
2024-07-03 10:21:00,CNR6900152161,Success,CID944670,Prime Plus,Jayanagar,Langford Town,147.0,85.0,Not Applicable,Not Applicable,No,Not Applicable,450,Cash,18,4.4,3.3
2024-07-13 00:48:00,CNR3963700933,Canceled by Driver,CID460299,Prime Sedan,MG Road,Magadi Road,,,Not Applicable,More than permitted people in there,Not Applicable,Not Applicable,487,Not Applicable,0,,
2024-07-26 08:13:00,CNR9109604294,Success,CID480936,eBike,Ulsoor,KR Puram,175.0,135.0,Not Applicable,Not Applicable,No,Not Applicable,836,UPI,8,3.5,3.7
2024-07-24 14:41:00,CNR9437009300,Success,CID767727,Bike,BTM Layout,Majestic,91.0,70.0,Not Applicable,Not Applicable,No,Not Applicable,192,Cash,6,3.8,4.9
2024-07-11 01:18:00,CNR9593559420,Driver Not Found,CID812699,Bike,Majestic,Electronic City,,,Not Applicable,Not Applicable,Not Applicable,Not Applicable,457,Not Applicable,0,,
2024-07-15 18:58:00,CNR9874337752,Success,CID707273,Prime SUV,RT Nagar,Devanahalli,77.0,110.0,Not Applicable,Not Applicable,No,Not Applicable,360,Cash,27,4.8,4.7
2024-07-08 02:58:00,CNR6913869687,Canceled by Driver,CID995019,eBike,Jayanagar,Peenya,,,Not Applicable,More than permitted people in there,Not Applicable,Not Applicable,365,Not Applicable,0,,
2024-07-16 03:26:00,CNR9392785427,Canceled by Customer,CID991001,Prime Plus,Marathahalli,Banashankari,,,Driver asked to cancel,Not Applicable,Not Applicable,Not Applicable,133,Not Applicable,0,,
2024-07-16 11:47:00,CNR6941311235,Success,CID132100,Prime SUV,RT Nagar,Frazer Town,308.0,80.0,Not Applicable,Not Applicable,No,Not Applicable,410,UPI,25,3.9,3.9
2024-07-26 00:34:00,CNR4724636631,Success,CID335482,Auto,Hebbal,Indiranagar,273.0,30.0,Not Applicable,Not Applicable,No,Not Applicable,702,Cash,1,4.5,5.0
2024-07-22 17:25:00,CNR7576305859,Canceled by Driver,CID637295,eBike,Basavanagudi,Ulsoor,,,Not Applicable,Personal & Car related issue,Not Applicable,Not Applicable,232,Not Applicable,0,,
2024-07-20 23:52:00,CNR7770242465,Success,CID555556,eBike,Rajajinagar,Rajarajeshwari Nagar,112.0,100.0,Not Applicable,Not Applicable,No,Not Applicable,544,UPI,21,4.7,3.1
2024-07-04 07:17:00,CNR3331223775,Driver Not Found,CID371297,eBike,Frazer Town,Hulimavu,,,Not Applicable,Not Applicable,Not Applicable,Not Applicable,179,Not Applicable,0,,
2024-07-03 09:05:00,CNR5606583042,Canceled by Customer,CID636791,Prime SUV,Langford Town,JP Nagar,,,Driver is not moving towards pickup location,Not Applicable,Not Applicable,Not Applicable,305,Not Applicable,0,,
2024-07-15 02:13:00,CNR3224143407,Driver Not Found,CID910874,Bike,BTM Layout,Hennur,,,Not Applicable,Not Applicable,Not Applicable,Not Applicable,663,Not Applicable,0,,
2024-07-22 18:16:00,CNR4173685437,Success,CID117538,Auto,Shantinagar,Hebbal,84.0,60.0,Not Applicable,Not Applicable,No,Not Applicable,741,Cash,6,4.5,4.2
2024-07-25 14:43:00,CNR9803053655,Success,CID142486,Prime SUV,Koramangala,Marathahalli,133.0,105.0,Not Applicable,Not Applicable,No,Not Applicable,277,UPI,41,3.7,4.0
2024-07-23 02:45:00,CNR9824842730,Canceled by Customer,CID837139,Bike,Majestic,Magadi Road,,,Change of plans,Not Applicable,Not Applicable,Not Applicable,121,Not Applicable,0,,
2024-07-20 19:31:00,CNR6334313376,Canceled by Driver,CID833364,Auto,Koramangala,HSR Layout,,,Not Applicable,Customer related issue,Not Applicable,Not Applicable,505,Not Applicable,0,,
2024-07-19 18:28:00,CNR3482165524,Success,CID843999,Auto,Yelahanka,Chickpet,161.0,110.0,Not Applicable,Not Applicable,No,Not Applicable,577,UPI,11,3.7,4.0
2024-07-17 18:32:00,CNR6026343840,Success,CID490344,Prime Sedan,Tumkur Road,Hebbal,133.0,30.0,Not Applicable,Not Applicable,No,Not Applicable,469,UPI,38,3.3,3.6
2024-07-23 05:30:00,CNR4885693792,Success,CID554299,eBike,RT Nagar,Chamarajpet,280.0,25.0,Not Applicable,Not Applicable,No,Not Applicable,398,UPI,6,3.5,3.0
2024-07-04 23:40:00,CNR1896866123,Success,CID730824,Prime Plus,Majestic,Hebbal,308.0,105.0,Not Applicable,Not Applicable,No,Not Applicable,430,Cash,35,4.5,4.2
2024-07-29 23:18:00,CNR2159186703,Success,CID436602,Mini,Marathahalli,Shantinagar,98.0,105.0,Not Applicable,Not Applicable,No,Not Applicable,329,Cash,14,3.7,3.5
2024-07-07 14:01:00,CNR8163037896,Success,CID453676,eBike,Bellandur,Malleshwaram,238.0,35.0,Not Applicable,Not Applicable,No,Not Applicable,740,UPI,18,3.5,4.5
2024-07-13 01:02:00,CNR9640868772,Canceled by Driver,CID147155,Bike,Ramamurthy Nagar,Langford Town,,,Not Applicable,Personal & Car related issue,Not Applicable,Not Applicable,193,Not Applicable,0,,
2024-07-06 07:34:00,CNR7654601530,Success,CID845373,Prime SUV,Shantinagar,Shivajinagar,259.0,115.0,Not Applicable,Not Applicable,No,Not Applicable,892,Cash,32,3.1,3.1
2024-07-24 07:31:00,CNR5623713312,Canceled by Driver,CID202525,Mini,RT Nagar,Chickpet,,,Not Applicable,Customer related issue,Not Applicable,Not Applicable,232,Not Applicable,0,,
2024-07-02 14:58:00,CNR1514841751,Success,CID365353,Auto,Peenya,Hulimavu,252.0,145.0,Not Applicable,Not Applicable,No,Not Applicable,363,UPI,19,3.4,3.8
2024-07-18 15:32:00,CNR9770141327,Success,CID264150,Auto,Frazer Town,Ulsoor,245.0,50.0,Not Applicable,Not Applicable,No,Not Applicable,220,UPI,11,4.1,3.7
2024-07-10 09:59:00,CNR4264727519,Canceled by Customer,CID802377,Auto,Sahakar Nagar,Shivajinagar,,,Driver is not moving towards pickup location,Not Applicable,Not Applicable,Not Applicable,131,Not Applicable,0,,
2024-07-29 20:34:00,CNR4347839572,Success,CID367597,eBike,Indiranagar,Basavanagudi,175.0,80.0,Not Applicable,Not Applicable,No,Not Applicable,102,UPI,8,4.2,3.5
2024-07-10 22:32:00,CNR5507255126,Canceled by Driver,CID966778,Mini,Marathahalli,Basavanagudi,,,Not Applicable,Customer related issue,Not Applicable,Not Applicable,319,Not Applicable,0,,
2024-07-13 08:40:00,CNR5675213222,Success,CID555551,Auto,Shantinagar,Jayanagar,273.0,30.0,Not Applicable,Not Applicable,No,Not Applicable,115,Cash,5,4.8,3.9
2024-07-22 15:26:00,CNR6429616523,Success,CID395017,eBike,Shantinagar,BTM Layout,49.0,35.0,Not Applicable,Not Applicable,No,Not Applicable,257,UPI,13,4.8,3.3
2024-07-23 20:02:00,CNR8163772025,Success,CID852550,Prime SUV,Hulimavu,Banashankari,140.0,90.0,Not Applicable,Not Applicable,No,Not Applicable,369,Cash,32,3.9,3.4
2024-07-30 22:01:00,CNR8232642271,Success,CID508239,Prime Plus,Hulimavu,Nagarbhavi,98.0,105.0,Not Applicable,Not Applicable,No,Not Applicable,131,Cash,18,3.3,4.0
2024-07-23 20:31:00,CNR8407686564,Canceled by Driver,CID829343,Prime Plus,Varthur,Malleshwaram,,,Not Applicable,Customer was coughing/sick,Not Applicable,Not Applicable,279,Not Applicable,0,,
2024-07-08 18:32:00,CNR9769335609,Success,CID197196,Prime Sedan,Ulsoor,MG Road,238.0,105.0,Not Applicable,Not Applicable,No,Not Applicable,2171,Cash,43,4.2,3.4
2024-07-01 16:07:00,CNR5882760670,Success,CID134163,Bike,Hulimavu,Langford Town,70.0,60.0,Not Applicable,Not Applicable,No,Not Applicable,299,UPI,31,3.2,4.5
2024-07-08 09:58:00,CNR9955659272,Success,CID740883,Bike,KR Puram,Cox Town,98.0,35.0,Not Applicable,Not Applicable,No,Not Applicable,455,UPI,11,4.5,4.4
2024-07-11 02:51:00,CNR1926335581,Success,CID974765,Bike,Kammanahalli,Kadugodi,224.0,125.0,Not Applicable,Not Applicable,No,Not Applicable,462,UPI,47,4.5,4.4
2024-07-11 21:26:00,CNR8188337055,Success,CID707564,Prime SUV,Rajarajeshwari Nagar,Shantinagar,42.0,40.0,Not Applicable,Not Applicable,No,Not Applicable,147,Debit Card,13,5.0,4.8
2024-07-13 08:03:00,CNR1250667182,Success,CID112738,Auto,Marathahalli,Peenya,196.0,40.0,Not Applicable,Not Applicable,Yes,Vehicle Breakdown,306,UPI,17,4.4,4.5
2024-07-13 05:12:00,CNR2274054742,Success,CID226429,Bike,Hebbal,Nagarbhavi,42.0,95.0,Not Applicable,Not Applicable,No,Not Applicable,838,UPI,15,3.8,4.4
2024-07-06 13:26:00,CNR8353172212,Success,CID490776,Prime SUV,BTM Layout,Vijayanagar,105.0,85.0,Not Applicable,Not Applicable,No,Not Applicable,1877,Cash,43,3.3,4.5
2024-07-15 02:43:00,CNR4301187629,Success,CID325139,Prime SUV,Rajarajeshwari Nagar,Bannerghatta Road,231.0,60.0,Not Applicable,Not Applicable,No,Not Applicable,597,UPI,8,3.4,4.9
2024-07-01 23:46:00,CNR6803798196,Canceled by Customer,CID580972,Prime SUV,Electronic City,Tumkur Road,,,Driver is not moving towards pickup location,Not Applicable,Not Applicable,Not Applicable,326,Not Applicable,0,,
2024-07-18 10:46:00,CNR4649345263,Success,CID382466,Mini,Koramangala,Devanahalli,182.0,140.0,Not Applicable,Not Applicable,Yes,Vehicle Breakdown,315,UPI,36,3.6,4.3
2024-07-17 19:36:00,CNR3842860061,Canceled by Driver,CID527514,eBike,HSR Layout,Shantinagar,,,Not Applicable,Customer related issue,Not Applicable,Not Applicable,452,Not Applicable,0,,
2024-07-09 16:50:00,CNR7030931737,Success,CID727294,Prime SUV,KR Puram,Rajajinagar,196.0,70.0,Not Applicable,Not Applicable,No,Not Applicable,989,Cash,13,4.8,4.2
2024-07-01 08:07:00,CNR2318076418,Success,CID411999,Prime Sedan,Majestic,Indiranagar,70.0,90.0,Not Applicable,Not Applicable,No,Not Applicable,549,Cash,2,4.8,4.1
2024-07-10 11:43:00,CNR1050067825,Success,CID956134,eBike,Padmanabhanagar,Ramamurthy Nagar,245.0,30.0,Not Applicable,Not Applicable,No,Not Applicable,295,Cash,15,4.9,4.9
2024-07-22 07:32:00,CNR6357652922,Canceled by Customer,CID529624,Prime Sedan,Tumkur Road,RT Nagar,,,Driver is not moving towards pickup location,Not Applicable,Not Applicable,Not Applicable,637,Not Applicable,0,,
2024-07-11 09:56:00,CNR9722816182,Driver Not Found,CID239764,Auto,Basavanagudi,Kammanahalli,,,Not Applicable,Not Applicable,Not Applicable,Not Applicable,213,Not Applicable,0,,
2024-07-18 05:30:00,CNR5739185145,Canceled by Driver,CID427837,Prime Sedan,Padmanabhanagar,Whitefield,,,Not Applicable,Customer related issue,Not Applicable,Not Applicable,140,Not Applicable,0,,
2024-07-02 12:37:00,CNR1895329074,Success,CID191934,eBike,Cox Town,Whitefield,147.0,70.0,Not Applicable,Not Applicable,No,Not Applicable,113,Cash,42,3.9,4.8
2024-07-10 08:59:00,CNR1134024119,Success,CID316327,eBike,Malleshwaram,Ramamurthy Nagar,287.0,80.0,Not Applicable,Not Applicable,No,Not Applicable,303,Cash,36,4.8,3.7
2024-07-13 11:31:00,CNR2057503229,Success,CID510377,Prime SUV,Richmond Town,Ulsoor,161.0,65.0,Not Applicable,Not Applicable,No,Not Applicable,460,UPI,3,3.1,4.3
2024-07-06 00:50:00,CNR8193481850,Canceled by Driver,CID437487,Auto,Chamarajpet,Banashankari,,,Not Applicable,Personal & Car related issue,Not Applicable,Not Applicable,812,Not Applicable,0,,
2024-07-02 00:38:00,CNR9413414269,Success,CID716913,eBike,Malleshwaram,KR Puram,259.0,70.0,Not Applicable,Not Applicable,No,Not Applicable,134,Cash,40,4.0,4.0
2024-07-10 13:56:00,CNR6519902810,Success,CID767952,Auto,Rajajinagar,Cox Town,147.0,135.0,Not Applicable,Not Applicable,No,Not Applicable,454,Cash,4,4.7,3.7
2024-07-27 23:15:00,CNR1863696809,Driver Not Found,CID529165,Bike,Jayanagar,Cox Town,,,Not Applicable,Not Applicable,Not Applicable,Not Applicable,742,Not Applicable,0,,
2024-07-13 08:09:00,CNR1100460931,Driver Not Found,CID681891,Prime Sedan,Magadi Road,Bellandur,,,Not Applicable,Not Applicable,Not Applicable,Not Applicable,274,Not Applicable,0,,
2024-07-25 14:27:00,CNR3077597076,Canceled by Customer,CID365812,eBike,Frazer Town,Sarjapur Road,,,Driver asked to cancel,Not Applicable,Not Applicable,Not Applicable,381,Not Applicable,0,,
2024-07-28 15:55:00,CNR9929464095,Success,CID799236,eBike,Kammanahalli,Sahakar Nagar,231.0,65.0,Not Applicable,Not Applicable,No,Not Applicable,2613,UPI,19,4.9,4.4
2024-07-05 05:05:00,CNR1587101733,Driver Not Found,CID431279,Prime SUV,Ulsoor,Sahakar Nagar,,,Not Applicable,Not Applicable,Not Applicable,Not Applicable,932,Not Applicable,0,,
2024-07-18 23:21:00,CNR2123469336,Success,CID493044,Mini,Kammanahalli,Langford Town,98.0,130.0,Not Applicable,Not Applicable,No,Not Applicable,345,UPI,26,4.8,3.4
2024-07-06 06:36:00,CNR3466024729,Driver Not Found,CID386643,Prime Plus,Sahakar Nagar,Magadi Road,,,Not Applicable,Not Applicable,Not Applicable,Not Applicable,157,Not Applicable,0,,
2024-07-08 17:45:00,CNR9654815855,Canceled by Customer,CID896952,Mini,Koramangala,Ramamurthy Nagar,,,Driver is not moving towards pickup location,Not Applicable,Not Applicable,Not Applicable,269,Not Applicable,0,,
2024-07-20 21:07:00,CNR9872567966,Success,CID748317,eBike,Langford Town,Hennur,84.0,70.0,Not Applicable,Not Applicable,No,Not Applicable,662,Cash,29,3.9,4.5
2024-07-02 01:32:00,CNR3519891523,Canceled by Driver,CID947602,Prime Plus,Langford Town,Vijayanagar,,,Not Applicable,Personal & Car related issue,Not Applicable,Not Applicable,174,Not Applicable,0,,
2024-07-10 00:34:00,CNR7235440138,Success,CID111929,Bike,Yeshwanthpur,Padmanabhanagar,140.0,135.0,Not Applicable,Not Applicable,No,Not Applicable,239,Cash,24,3.1,3.2
2024-07-03 07:28:00,CNR2624521911,Success,CID668982,Prime SUV,Basavanagudi,Bannerghatta Road,259.0,55.0,Not Applicable,Not Applicable,No,Not Applicable,140,Cash,39,4.0,3.5
2024-07-28 06:53:00,CNR1532667304,Driver Not Found,CID708605,Mini,Koramangala,Koramangala,,,Not Applicable,Not Applicable,Not Applicable,Not Applicable,118,Not Applicable,0,,
2024-07-26 13:24:00,CNR3727786629,Driver Not Found,CID403788,Bike,Kadugodi,Hosur Road,,,Not Applicable,Not Applicable,Not Applicable,Not Applicable,103,Not Applicable,0,,
2024-07-16 18:42:00,CNR5999597999,Success,CID414181,Auto,Marathahalli,Yeshwanthpur,63.0,130.0,Not Applicable,Not Applicable,No,Not Applicable,413,Cash,5,3.5,4.5
2024-07-11 12:49:00,CNR3257640401,Success,CID500835,Prime SUV,Ramamurthy Nagar,Vijayanagar,140.0,130.0,Not Applicable,Not Applicable,No,Not Applicable,183,Cash,13,3.8,3.4
2024-07-18 14:38:00,CNR9920293651,Driver Not Found,CID428976,Prime Plus,Yeshwanthpur,Marathahalli,,,Not Applicable,Not Applicable,Not Applicable,Not Applicable,549,Not Applicable,0,,
2024-07-13 23:14:00,CNR1543816894,Success,CID548331,Auto,Indiranagar,Richmond Town,91.0,50.0,Not Applicable,Not Applicable,No,Not Applicable,726,Cash,5,3.5,3.0
2024-07-24 07:28:00,CNR2760734606,Canceled by Driver,CID323630,Mini,Hulimavu,MG Road,,,Not Applicable,Customer was coughing/sick,Not Applicable,Not Applicable,487,Not Applicable,0,,
2024-07-27 07:01:00,CNR5403652775,Success,CID406104,Auto,BTM Layout,Cox Town,175.0,135.0,Not Applicable,Not Applicable,Yes,Other Issue,1478,UPI,1,3.8,4.2
2024-07-02 09:19:00,CNR2772235009,Success,CID473798,Prime SUV,Sarjapur Road,JP Nagar,42.0,60.0,Not Applicable,Not Applicable,No,Not Applicable,393,Cash,5,3.5,4.6
2024-07-20 06:57:00,CNR9035828277,Success,CID828061,eBike,Chickpet,Marathahalli,259.0,75.0,Not Applicable,Not Applicable,No,Not Applicable,101,Cash,2,4.9,4.3
2024-07-03 17:11:00,CNR8614300696,Driver Not Found,CID259664,Bike,Banashankari,Yelahanka,,,Not Applicable,Not Applicable,Not Applicable,Not Applicable,545,Not Applicable,0,,
2024-07-17 17:43:00,CNR1542310413,Canceled by Driver,CID663450,Prime Plus,Bellandur,Hulimavu,,,Not Applicable,Customer related issue,Not Applicable,Not Applicable,461,Not Applicable,0,,
2024-07-14 09:20:00,CNR3353499537,Driver Not Found,CID355268,Prime Sedan,Malleshwaram,Tumkur Road,,,Not Applicable,Not Applicable,Not Applicable,Not Applicable,1671,Not Applicable,0,,
2024-07-26 19:34:00,CNR4895177077,Success,CID266336,Prime Sedan,Marathahalli,Cox Town,189.0,30.0,Not Applicable,Not Applicable,No,Not Applicable,280,UPI,38,3.4,4.1
2024-07-27 03:00:00,CNR9746233803,Success,CID922711,eBike,Chickpet,RT Nagar,42.0,135.0,Not Applicable,Not Applicable,No,Not Applicable,310,UPI,7,3.8,3.3
2024-07-11 09:06:00,CNR9435918848,Success,CID371654,Prime Plus,Richmond Town,Varthur,245.0,35.0,Not Applicable,Not Applicable,No,Not Applicable,111,Cash,41,3.6,3.8
2024-07-28 15:12:00,CNR3100315174,Success,CID334158,Auto,Vijayanagar,Richmond Town,84.0,145.0,Not Applicable,Not Applicable,No,Not Applicable,1097,UPI,17,4.3,3.3
2024-07-14 13:59:00,CNR1233288615,Success,CID113188,Prime SUV,Bannerghatta Road,JP Nagar,35.0,75.0,Not Applicable,Not Applicable,No,Not Applicable,2201,Cash,37,3.6,3.2
2024-07-14 14:56:00,CNR2035612716,Success,CID118301,eBike,Indiranagar,Magadi Road,210.0,140.0,Not Applicable,Not Applicable,No,Not Applicable,267,UPI,47,3.4,3.1
2024-07-01 13:57:00,CNR9721127070,Success,CID217959,Auto,Ulsoor,Hennur,175.0,125.0,Not Applicable,Not Applicable,No,Not Applicable,462,UPI,3,4.8,4.4
2024-07-01 22:04:00,CNR1991076428,Canceled by Driver,CID615288,Bike,Rajarajeshwari Nagar,Hebbal,,,Not Applicable,Customer was coughing/sick,Not Applicable,Not Applicable,494,Not Applicable,0,,
2024-07-02 01:31:00,CNR6308430488,Canceled by Customer,CID784871,Bike,Frazer Town,Hebbal,,,Driver is not moving towards pickup location,Not Applicable,Not Applicable,Not Applicable,715,Not Applicable,0,,
2024-07-18 08:27:00,CNR5437584755,Success,CID606502,Prime Plus,Malleshwaram,Indiranagar,287.0,35.0,Not Applicable,Not Applicable,No,Not Applicable,420,Cash,47,4.6,4.0
2024-07-26 04:35:00,CNR7936403064,Success,CID701728,Bike,Koramangala,Marathahalli,210.0,90.0,Not Applicable,Not Applicable,No,Not Applicable,1851,Cash,10,3.3,4.7
2024-07-29 13:44:00,CNR3145158107,Success,CID911789,Mini,Cox Town,Tumkur Road,252.0,100.0,Not Applicable,Not Applicable,No,Not Applicable,461,Credit Card,7,3.8,3.4
2024-07-30 11:14:00,CNR9043084950,Success,CID794292,Prime Plus,RT Nagar,Rajajinagar,49.0,40.0,Not Applicable,Not Applicable,No,Not Applicable,212,UPI,14,4.7,3.7
2024-07-02 15:40:00,CNR7806546143,Success,CID324292,eBike,Peenya,Whitefield,203.0,145.0,Not Applicable,Not Applicable,No,Not Applicable,2213,Cash,12,4.9,3.7
2024-07-18 05:07:00,CNR9848260115,Success,CID954754,Auto,Ramamurthy Nagar,Magadi Road,56.0,120.0,Not Applicable,Not Applicable,No,Not Applicable,330,UPI,1,3.4,3.7
2024-07-04 07:33:00,CNR7702388698,Success,CID779965,Mini,Peenya,Magadi Road,119.0,85.0,Not Applicable,Not Applicable,No,Not Applicable,993,UPI,23,4.4,3.3
2024-07-27 19:00:00,CNR3229975713,Success,CID514425,eBike,Langford Town,Rajajinagar,168.0,110.0,Not Applicable,Not Applicable,No,Not Applicable,432,UPI,31,4.4,4.4
2024-07-05 18:27:00,CNR8775474239,Success,CID577422,eBike,Whitefield,Jayanagar,301.0,145.0,Not Applicable,Not Applicable,No,Not Applicable,262,UPI,37,4.2,4.8
2024-07-29 15:16:00,CNR8931675902,Driver Not Found,CID242536,Prime Sedan,Frazer Town,Shivajinagar,,,Not Applicable,Not Applicable,Not Applicable,Not Applicable,477,Not Applicable,0,,
2024-07-19 14:21:00,CNR1822617758,Success,CID417983,Prime SUV,Marathahalli,MG Road,63.0,60.0,Not Applicable,Not Applicable,No,Not Applicable,105,Cash,15,4.2,4.8
2024-07-28 11:07:00,CNR5410503511,Success,CID228660,Auto,Shivajinagar,Varthur,294.0,145.0,Not Applicable,Not Applicable,No,Not Applicable,413,UPI,8,4.7,4.8
2024-07-20 15:16:00,CNR5308746136,Canceled by Customer,CID728982,Mini,Magadi Road,Richmond Town,,,Driver is not moving towards pickup location,Not Applicable,Not Applicable,Not Applicable,200,Not Applicable,0,,
2024-07-07 22:42:00,CNR5181732156,Canceled by Driver,CID120923,Mini,Shantinagar,Yelahanka,,,Not Applicable,Personal & Car related issue,Not Applicable,Not Applicable,389,Not Applicable,0,,
2024-07-21 13:09:00,CNR8218465664,Success,CID532844,Auto,KR Puram,Indiranagar,224.0,90.0,Not Applicable,Not Applicable,No,Not Applicable,2506,Cash,19,3.2,3.5
2024-07-26 04:56:00,CNR6663074601,Success,CID465451,Mini,Devanahalli,Kammanahalli,301.0,25.0,Not Applicable,Not Applicable,No,Not Applicable,108,Credit Card,46,4.6,4.2
2024-07-06 03:29:00,CNR9071269514,Success,CID321591,Bike,Cox Town,Marathahalli,210.0,125.0,Not Applicable,Not Applicable,No,Not Applicable,814,Cash,40,3.8,3.8
2024-07-26 07:19:00,CNR7893985081,Canceled by Driver,CID375853,Auto,Shivajinagar,Hennur,,,Not Applicable,Personal & Car related issue,Not Applicable,Not Applicable,155,Not Applicable,0,,
2024-07-28 02:10:00,CNR5737498711,Success,CID855883,Prime Sedan,Hebbal,Kammanahalli,35.0,80.0,Not Applicable,Not Applicable,No,Not Applicable,912,Cash,47,3.2,3.4
2024-07-07 07:13:00,CNR7903982150,Success,CID382380,Bike,Kadugodi,Bannerghatta Road,301.0,130.0,Not Applicable,Not Applicable,No,Not Applicable,588,Cash,42,3.2,4.8
2024-07-01 17:02:00,CNR6333859963,Success,CID333614,Prime Sedan,Electronic City,Rajajinagar,112.0,130.0,Not Applicable,Not Applicable,No,Not Applicable,260,Debit Card,33,4.8,4.1
2024-07-21 02:54:00,CNR9558951707,Canceled by Driver,CID140471,Prime Sedan,Bannerghatta Road,Padmanabhanagar,,,Not Applicable,Customer related issue,Not Applicable,Not Applicable,554,Not Applicable,0,,
2024-07-19 17:31:00,CNR8076884699,Success,CID373122,Bike,Electronic City,Indiranagar,154.0,100.0,Not Applicable,Not Applicable,No,Not Applicable,281,Cash,5,3.8,3.2
2024-07-14 07:40:00,CNR7948258644,Success,CID672809,Auto,Padmanabhanagar,Kadugodi,70.0,90.0,Not Applicable,Not Applicable,No,Not Applicable,293,Cash,8,3.7,4.6
2024-07-15 18:00:00,CNR2620771124,Success,CID342872,Mini,Malleshwaram,Shivajinagar,175.0,80.0,Not Applicable,Not Applicable,No,Not Applicable,482,UPI,45,3.3,3.7
2024-07-22 02:15:00,CNR9411792491,Success,CID950211,Bike,Shantinagar,Yelahanka,231.0,145.0,Not Applicable,Not Applicable,No,Not Applicable,1225,Cash,16,4.0,3.1
2024-07-04 23:32:00,CNR3439590769,Success,CID310525,Prime SUV,Langford Town,Devanahalli,112.0,135.0,Not Applicable,Not Applicable,No,Not Applicable,374,Cash,7,4.2,3.2
2024-07-27 07:37:00,CNR9085031905,Canceled by Customer,CID210638,Bike,Mysore Road,Yelahanka,,,Change of plans,Not Applicable,Not Applicable,Not Applicable,145,Not Applicable,0,,
2024-07-22 14:58:00,CNR2233195427,Canceled by Customer,CID730674,Prime SUV,Yelahanka,Varthur,,,Change of plans,Not Applicable,Not Applicable,Not Applicable,454,Not Applicable,0,,
2024-07-14 12:15:00,CNR8904695915,Success,CID116863,eBike,Nagarbhavi,Varthur,42.0,30.0,Not Applicable,Not Applicable,No,Not Applicable,156,Credit Card,37,4.8,3.0
2024-07-09 09:40:00,CNR1498011159,Canceled by Driver,CID822814,Prime Plus,Jayanagar,Sahakar Nagar,,,Not Applicable,Customer related issue,Not Applicable,Not Applicable,214,Not Applicable,0,,
2024-07-13 17:18:00,CNR9890985350,Canceled by Driver,CID878820,Prime SUV,JP Nagar,MG Road,,,Not Applicable,Customer related issue,Not Applicable,Not Applicable,202,Not Applicable,0,,
2024-07-10 21:31:00,CNR3188604175,Success,CID613693,eBike,Nagarbhavi,Tumkur Road,231.0,65.0,Not Applicable,Not Applicable,No,Not Applicable,105,Cash,31,4.1,3.6
2024-07-02 15:21:00,CNR9290539536,Success,CID447117,eBike,Richmond Town,JP Nagar,84.0,95.0,Not Applicable,Not Applicable,No,Not Applicable,194,UPI,21,3.6,4.2
2024-07-14 10:29:00,CNR7017594093,Success,CID280852,eBike,Shivajinagar,Rajajinagar,133.0,135.0,Not Applicable,Not Applicable,No,Not Applicable,398,Cash,12,3.2,3.7
2024-07-06 02:49:00,CNR7620801947,Canceled by Driver,CID238169,Prime Plus,Peenya,Majestic,,,Not Applicable,Personal & Car related issue,Not Applicable,Not Applicable,391,Not Applicable,0,,
2024-07-15 04:36:00,CNR8411310545,Success,CID634372,eBike,Ulsoor,Yelahanka,49.0,50.0,Not Applicable,Not Applicable,No,Not Applicable,342,Cash,5,4.7,3.1
2024-07-07 03:08:00,CNR7103645468,Success,CID786729,Mini,Shantinagar,Magadi Road,245.0,110.0,Not Applicable,Not Applicable,No,Not Applicable,336,Cash,37,3.4,4.2
2024-07-04 20:00:00,CNR7342449635,Success,CID366757,Prime Plus,Malleshwaram,Mysore Road,56.0,45.0,Not Applicable,Not Applicable,No,Not Applicable,664,Cash,7,4.6,3.0
2024-07-17 08:20:00,CNR1488327949,Success,CID980605,Bike,Yeshwanthpur,KR Puram,161.0,95.0,Not Applicable,Not Applicable,Yes,Customer Demand,482,Cash,32,3.6,4.8
2024-07-29 15:10:00,CNR5782311203,Driver Not Found,CID448024,Prime Sedan,Vijayanagar,Kammanahalli,,,Not Applicable,Not Applicable,Not Applicable,Not Applicable,212,Not Applicable,0,,
2024-07-30 08:41:00,CNR1463983890,Canceled by Driver,CID742040,Bike,Mysore Road,KR Puram,,,Not Applicable,Customer related issue,Not Applicable,Not Applicable,285,Not Applicable,0,,
2024-07-01 14:12:00,CNR7351133650,Canceled by Driver,CID641896,Bike,Bannerghatta Road,Kammanahalli,,,Not Applicable,Customer was coughing/sick,Not Applicable,Not Applicable,605,Not Applicable,0,,
2024-07-13 18:13:00,CNR9106294215,Success,CID699998,Bike,Peenya,Ramamurthy Nagar,56.0,140.0,Not Applicable,Not Applicable,No,Not Applicable,752,UPI,24,4.8,4.9
2024-07-22 14:47:00,CNR9537080931,Success,CID730256,Prime Plus,Electronic City,Nagarbhavi,252.0,70.0,Not Applicable,Not Applicable,No,Not Applicable,738,Cash,23,3.5,4.0
2024-07-07 10:33:00,CNR3111086857,Canceled by Customer,CID393414,Prime Sedan,BTM Layout,Shivajinagar,,,Driver is not moving towards pickup location,Not Applicable,Not Applicable,Not Applicable,166,Not Applicable,0,,
2024-07-21 03:02:00,CNR1704326496,Canceled by Customer,CID154465,Prime Plus,Peenya,Magadi Road,,,AC is Not working,Not Applicable,Not Applicable,Not Applicable,410,Not Applicable,0,,
2024-07-24 04:23:00,CNR5429857137,Success,CID536234,Mini,Hulimavu,Hulimavu,280.0,35.0,Not Applicable,Not Applicable,No,Not Applicable,221,Cash,23,4.5,3.6
2024-07-28 19:58:00,CNR7369883490,Success,CID116958,eBike,Malleshwaram,Marathahalli,98.0,95.0,Not Applicable,Not Applicable,No,Not Applicable,458,Cash,18,4.8,4.3
2024-07-17 09:10:00,CNR6805162163,Canceled by Driver,CID340734,Prime SUV,JP Nagar,HSR Layout,,,Not Applicable,Personal & Car related issue,Not Applicable,Not Applicable,442,Not Applicable,0,,
2024-07-13 07:18:00,CNR4161594218,Driver Not Found,CID668235,Auto,Banashankari,Cox Town,,,Not Applicable,Not Applicable,Not Applicable,Not Applicable,188,Not Applicable,0,,
2024-07-11 06:49:00,CNR6211238238,Canceled by Driver,CID784335,Prime SUV,Majestic,Hennur,,,Not Applicable,Customer was coughing/sick,Not Applicable,Not Applicable,237,Not Applicable,0,,
2024-07-15 13:45:00,CNR5604077088,Success,CID505835,Mini,Vijayanagar,Chamarajpet,294.0,55.0,Not Applicable,Not Applicable,No,Not Applicable,576,Cash,20,5.0,3.4
2024-07-20 14:05:00,CNR2298209209,Success,CID562508,Prime SUV,HSR Layout,Yeshwanthpur,49.0,50.0,Not Applicable,Not Applicable,No,Not Applicable,987,UPI,37,4.0,3.6
2024-07-21 23:35:00,CNR4665028005,Success,CID983616,eBike,Shivajinagar,Mysore Road,308.0,85.0,Not Applicable,Not Applicable,Yes,Vehicle Breakdown,633,UPI,1,4.6,3.8
2024-07-15 07:10:00,CNR1383803233,Success,CID735301,Prime SUV,Malleshwaram,Devanahalli,56.0,45.0,Not Applicable,Not Applicable,No,Not Applicable,649,UPI,34,3.9,4.3
2024-07-29 12:52:00,CNR8258077071,Success,CID948996,Bike,Basavanagudi,Kammanahalli,105.0,50.0,Not Applicable,Not Applicable,No,Not Applicable,596,UPI,11,3.3,4.4
2024-07-23 07:21:00,CNR1807248297,Success,CID750031,Prime Plus,Banashankari,BTM Layout,238.0,120.0,Not Applicable,Not Applicable,No,Not Applicable,1272,UPI,4,5.0,3.1
2024-07-02 20:54:00,CNR4184084112,Success,CID760250,eBike,Hosur Road,Ulsoor,112.0,90.0,Not Applicable,Not Applicable,No,Not Applicable,218,UPI,39,4.3,3.0
2024-07-10 19:09:00,CNR3702204537,Success,CID918056,Mini,Whitefield,Whitefield,126.0,90.0,Not Applicable,Not Applicable,No,Not Applicable,427,UPI,7,4.3,3.9
2024-07-04 14:37:00,CNR6382660593,Canceled by Driver,CID944196,Prime Plus,Padmanabhanagar,Mysore Road,,,Not Applicable,Personal & Car related issue,Not Applicable,Not Applicable,926,Not Applicable,0,,
2024-07-26 07:59:00,CNR1209560790,Driver Not Found,CID927444,Prime Sedan,Marathahalli,Langford Town,,,Not Applicable,Not Applicable,Not Applicable,Not Applicable,405,Not Applicable,0,,
2024-07-16 09:37:00,CNR6179290029,Driver Not Found,CID254157,Prime Plus,Shantinagar,Sarjapur Road,,,Not Applicable,Not Applicable,Not Applicable,Not Applicable,232,Not Applicable,0,,
2024-07-17 15:13:00,CNR8605309998,Success,CID724064,Bike,Devanahalli,Chickpet,273.0,45.0,Not Applicable,Not Applicable,No,Not Applicable,125,UPI,30,4.2,4.1
2024-07-23 10:11:00,CNR2591257676,Success,CID546228,Prime SUV,Chickpet,Rajajinagar,77.0,125.0,Not Applicable,Not Applicable,No,Not Applicable,384,UPI,21,4.6,4.9
2024-07-08 10:00:00,CNR4096186947,Success,CID581873,Mini,Langford Town,JP Nagar,63.0,40.0,Not Applicable,Not Applicable,No,Not Applicable,639,Cash,43,3.2,4.0
2024-07-05 07:26:00,CNR8317520013,Driver Not Found,CID515147,Prime Sedan,Marathahalli,Devanahalli,,,Not Applicable,Not Applicable,Not Applicable,Not Applicable,117,Not Applicable,0,,
2024-07-26 18:44:00,CNR6271014055,Success,CID284580,Auto,Whitefield,Hosur Road,42.0,25.0,Not Applicable,Not Applicable,No,Not Applicable,462,Cash,19,3.9,4.2
2024-07-30 17:42:00,CNR1141015799,Success,CID338548,Prime SUV,Nagarbhavi,Mysore Road,238.0,140.0,Not Applicable,Not Applicable,No,Not Applicable,150,Cash,12,3.3,3.3
2024-07-17 12:54:00,CNR5374428922,Canceled by Customer,CID296154,Prime SUV,Hosur Road,Vijayanagar,,,AC is Not working,Not Applicable,Not Applicable,Not Applicable,419,Not Applicable,0,,
2024-07-24 07:43:00,CNR2491204720,Canceled by Driver,CID976340,Prime Sedan,KR Puram,Langford Town,,,Not Applicable,Personal & Car related issue,Not Applicable,Not Applicable,125,Not Applicable,0,,
2024-07-03 20:04:00,CNR4549100558,Driver Not Found,CID910088,Bike,Majestic,BTM Layout,,,Not Applicable,Not Applicable,Not Applicable,Not Applicable,362,Not Applicable,0,,
2024-07-06 20:45:00,CNR5024723556,Success,CID635271,Auto,Richmond Town,Tumkur Road,56.0,90.0,Not Applicable,Not Applicable,No,Not Applicable,424,UPI,13,4.1,3.7
2024-07-02 13:43:00,CNR7867369640,Success,CID757456,Prime Plus,Chamarajpet,Yeshwanthpur,154.0,115.0,Not Applicable,Not Applicable,No,Not Applicable,2352,UPI,12,4.0,3.3
2024-07-26 22:05:00,CNR9018353870,Canceled by Driver,CID310219,Bike,Cox Town,Kammanahalli,,,Not Applicable,Customer was coughing/sick,Not Applicable,Not Applicable,262,Not Applicable,0,,
2024-07-18 19:37:00,CNR6898032448,Success,CID243896,eBike,Marathahalli,JP Nagar,175.0,80.0,Not Applicable,Not Applicable,No,Not Applicable,433,Cash,1,3.6,4.3
2024-07-12 14:29:00,CNR9405386436,Success,CID392884,Prime Plus,Peenya,Hosur Road,63.0,125.0,Not Applicable,Not Applicable,No,Not Applicable,218,UPI,20,4.1,3.0
2024-07-23 08:00:00,CNR7559523505,Success,CID195211,Bike,Majestic,Richmond Town,280.0,30.0,Not Applicable,Not Applicable,No,Not Applicable,381,UPI,22,3.4,4.9
2024-07-02 04:34:00,CNR4794697571,Driver Not Found,CID557238,Prime SUV,BTM Layout,Devanahalli,,,Not Applicable,Not Applicable,Not Applicable,Not Applicable,226,Not Applicable,0,,
2024-07-27 04:03:00,CNR7961525422,Success,CID340272,Prime SUV,Nagarbhavi,Sarjapur Road,126.0,50.0,Not Applicable,Not Applicable,No,Not Applicable,407,Cash,1,4.0,3.9
2024-07-26 05:56:00,CNR4841456433,Success,CID693305,Prime Plus,Bellandur,Rajarajeshwari Nagar,63.0,75.0,Not Applicable,Not Applicable,No,Not Applicable,304,Cash,13,3.4,3.1
2024-07-03 10:57:00,CNR2059003017,Canceled by Customer,CID290086,Auto,Padmanabhanagar,Cox Town,,,Change of plans,Not Applicable,Not Applicable,Not Applicable,756,Not Applicable,0,,
2024-07-07 20:20:00,CNR3486704298,Success,CID646921,Prime Plus,MG Road,Shantinagar,98.0,35.0,Not Applicable,Not Applicable,No,Not Applicable,388,UPI,19,3.5,3.2
2024-07-01 16:33:00,CNR9548146904,Success,CID383948,eBike,Sahakar Nagar,Nagarbhavi,259.0,30.0,Not Applicable,Not Applicable,No,Not Applicable,159,Cash,35,3.2,3.5
2024-07-05 09:00:00,CNR1737740831,Success,CID196342,Prime SUV,Bellandur,Nagarbhavi,189.0,130.0,Not Applicable,Not Applicable,No,Not Applicable,1830,UPI,23,3.7,4.0
2024-07-04 16:30:00,CNR7233996824,Success,CID465736,Auto,Hulimavu,Yelahanka,175.0,90.0,Not Applicable,Not Applicable,No,Not Applicable,1860,Cash,13,4.2,3.3
2024-07-01 18:25:00,CNR8401821758,Success,CID100206,Prime Plus,Richmond Town,Kammanahalli,301.0,125.0,Not Applicable,Not Applicable,No,Not Applicable,291,Cash,23,3.6,3.3
2024-07-04 16:22:00,CNR1389226553,Success,CID853660,Auto,Varthur,Shivajinagar,266.0,140.0,Not Applicable,Not Applicable,No,Not Applicable,244,UPI,9,4.5,3.7
2024-07-20 10:21:00,CNR6889361859,Canceled by Driver,CID498582,Auto,Yelahanka,Bannerghatta Road,,,Not Applicable,Personal & Car related issue,Not Applicable,Not Applicable,609,Not Applicable,0,,
2024-07-29 13:33:00,CNR4998419115,Driver Not Found,CID650690,eBike,Cox Town,Hosur Road,,,Not Applicable,Not Applicable,Not Applicable,Not Applicable,403,Not Applicable,0,,
2024-07-25 10:32:00,CNR7742108726,Canceled by Customer,CID724893,Bike,Kammanahalli,Ramamurthy Nagar,,,Driver is not moving towards pickup location,Not Applicable,Not Applicable,Not Applicable,397,Not Applicable,0,,
2024-07-11 12:06:00,CNR1042042584,Driver Not Found,CID883195,Mini,RT Nagar,Whitefield,,,Not Applicable,Not Applicable,Not Applicable,Not Applicable,263,Not Applicable,0,,
2024-07-01 18:13:00,CNR8454684592,Success,CID212989,Prime Sedan,Varthur,MG Road,196.0,65.0,Not Applicable,Not Applicable,No,Not Applicable,137,Cash,30,3.4,3.6
2024-07-02 01:55:00,CNR1783653692,Success,CID507658,Prime Plus,Marathahalli,Kengeri,280.0,40.0,Not Applicable,Not Applicable,No,Not Applicable,434,Cash,33,4.8,4.3
2024-07-16 17:00:00,CNR6847634271,Canceled by Customer,CID226051,Bike,Chamarajpet,Bannerghatta Road,,,Driver is not moving towards pickup location,Not Applicable,Not Applicable,Not Applicable,169,Not Applicable,0,,
2024-07-29 01:14:00,CNR6539069010,Success,CID825607,eBike,Shantinagar,Chamarajpet,273.0,75.0,Not Applicable,Not Applicable,No,Not Applicable,826,Cash,20,3.6,4.5
2024-07-13 20:12:00,CNR1807011882,Success,CID710865,Prime SUV,Shivajinagar,Hennur,231.0,80.0,Not Applicable,Not Applicable,No,Not Applicable,261,Cash,20,4.2,4.0
2024-07-22 01:34:00,CNR8701746578,Success,CID989759,Auto,Richmond Town,RT Nagar,56.0,115.0,Not Applicable,Not Applicable,No,Not Applicable,461,UPI,16,4.0,4.8
2024-07-13 09:46:00,CNR7291679207,Canceled by Driver,CID584241,Prime Plus,Magadi Road,BTM Layout,,,Not Applicable,Customer was coughing/sick,Not Applicable,Not Applicable,326,Not Applicable,0,,
2024-07-23 08:31:00,CNR7644595097,Driver Not Found,CID574970,Bike,Hulimavu,JP Nagar,,,Not Applicable,Not Applicable,Not Applicable,Not Applicable,197,Not Applicable,0,,
2024-07-05 20:44:00,CNR9119095976,Success,CID396869,Prime Sedan,Chamarajpet,Hosur Road,175.0,70.0,Not Applicable,Not Applicable,No,Not Applicable,460,UPI,6,3.9,4.9
2024-07-20 20:10:00,CNR4916901934,Success,CID109363,eBike,Koramangala,Kammanahalli,140.0,55.0,Not Applicable,Not Applicable,No,Not Applicable,915,Cash,24,4.2,4.4
2024-07-26 08:51:00,CNR3497807089,Success,CID762480,Prime Plus,Bellandur,Devanahalli,42.0,60.0,Not Applicable,Not Applicable,No,Not Applicable,367,Cash,32,4.2,4.9
2024-07-01 09:25:00,CNR9344988503,Success,CID426801,eBike,Kengeri,Shantinagar,217.0,95.0,Not Applicable,Not Applicable,No,Not Applicable,111,Cash,11,4.4,3.8
2024-07-13 04:31:00,CNR6410919759,Canceled by Driver,CID856427,Mini,Padmanabhanagar,Hulimavu,,,Not Applicable,Personal & Car related issue,Not Applicable,Not Applicable,2479,Not Applicable,0,,
2024-07-20 02:44:00,CNR2073182652,Driver Not Found,CID973513,Prime Sedan,Koramangala,Banashankari,,,Not Applicable,Not Applicable,Not Applicable,Not Applicable,201,Not Applicable,0,,
2024-07-28 05:32:00,CNR4560642047,Success,CID208731,Mini,Ramamurthy Nagar,Bellandur,308.0,25.0,Not Applicable,Not Applicable,No,Not Applicable,387,Cash,5,4.4,5.0
2024-07-09 09:00:00,CNR8714457966,Success,CID399648,Prime SUV,Langford Town,Shantinagar,168.0,110.0,Not Applicable,Not Applicable,No,Not Applicable,365,Cash,32,3.1,4.3
2024-07-16 13:18:00,CNR7192119421,Success,CID615383,Mini,MG Road,Kengeri,182.0,80.0,Not Applicable,Not Applicable,No,Not Applicable,794,Cash,45,4.5,4.4
2024-07-21 12:08:00,CNR5898698766,Success,CID871448,Auto,KR Puram,Shivajinagar,98.0,30.0,Not Applicable,Not Applicable,No,Not Applicable,150,Credit Card,15,4.1,3.9
2024-07-10 07:36:00,CNR9340363848,Success,CID176617,Prime Plus,Banashankari,Ramamurthy Nagar,273.0,60.0,Not Applicable,Not Applicable,No,Not Applicable,931,UPI,6,3.8,4.0
2024-07-12 01:26:00,CNR1264643635,Success,CID180150,Auto,JP Nagar,Kammanahalli,91.0,95.0,Not Applicable,Not Applicable,No,Not Applicable,261,Cash,2,3.5,3.5
2024-07-04 10:44:00,CNR2695402239,Success,CID254956,Mini,Yeshwanthpur,Basavanagudi,70.0,90.0,Not Applicable,Not Applicable,No,Not Applicable,152,Cash,23,3.4,3.2
2024-07-28 02:58:00,CNR3399391536,Driver Not Found,CID470114,Prime SUV,MG Road,Rajajinagar,,,Not Applicable,Not Applicable,Not Applicable,Not Applicable,855,Not Applicable,0,,
2024-07-03 12:06:00,CNR7595566295,Success,CID560748,Prime SUV,Ulsoor,Sahakar Nagar,203.0,115.0,Not Applicable,Not Applicable,No,Not Applicable,104,Cash,25,5.0,3.3
2024-07-14 01:10:00,CNR2325571536,Success,CID292675,Bike,Basavanagudi,Frazer Town,70.0,40.0,Not Applicable,Not Applicable,No,Not Applicable,119,UPI,1,4.4,4.8
2024-07-01 09:51:00,CNR2263638020,Success,CID125373,Prime Sedan,Cox Town,Bannerghatta Road,49.0,65.0,Not Applicable,Not Applicable,No,Not Applicable,191,UPI,8,4.2,3.7
2024-07-19 20:07:00,CNR7505814557,Success,CID249402,Prime Plus,Sarjapur Road,Nagarbhavi,175.0,115.0,Not Applicable,Not Applicable,No,Not Applicable,160,UPI,27,4.3,4.0
2024-07-02 18:29:00,CNR9719257129,Success,CID803279,eBike,Mysore Road,Frazer Town,49.0,125.0,Not Applicable,Not Applicable,No,Not Applicable,127,Cash,14,4.7,4.3
2024-07-05 06:58:00,CNR8839286607,Success,CID529171,eBike,Chamarajpet,Yelahanka,112.0,140.0,Not Applicable,Not Applicable,No,Not Applicable,441,Credit Card,2,4.9,3.2
2024-07-26 07:09:00,CNR8556454077,Canceled by Driver,CID629747,Auto,Malleshwaram,Majestic,,,Not Applicable,Customer related issue,Not Applicable,Not Applicable,872,Not Applicable,0,,
2024-07-18 02:11:00,CNR3202147551,Canceled by Driver,CID538983,Mini,Indiranagar,Langford Town,,,Not Applicable,More than permitted people in there,Not Applicable,Not Applicable,227,Not Applicable,0,,
2024-07-24 08:29:00,CNR4036083177,Success,CID355778,Prime Sedan,RT Nagar,Chickpet,98.0,45.0,Not Applicable,Not Applicable,No,Not Applicable,163,UPI,11,3.9,3.3
2024-07-05 00:04:00,CNR9013056159,Driver Not Found,CID282444,Prime Plus,Peenya,Yelahanka,,,Not Applicable,Not Applicable,Not Applicable,Not Applicable,123,Not Applicable,0,,
2024-07-27 08:34:00,CNR3286042503,Driver Not Found,CID108337,Mini,Kammanahalli,Mysore Road,,,Not Applicable,Not Applicable,Not Applicable,Not Applicable,184,Not Applicable,0,,
2024-07-09 08:29:00,CNR4557967137,Success,CID337717,Mini,Mysore Road,Shantinagar,140.0,55.0,Not Applicable,Not Applicable,No,Not Applicable,176,Cash,43,4.9,3.6
2024-07-03 00:44:00,CNR6527553121,Success,CID729832,Mini,Koramangala,HSR Layout,182.0,100.0,Not Applicable,Not Applicable,No,Not Applicable,178,Cash,23,4.7,4.6
2024-07-24 18:39:00,CNR6576400722,Success,CID460632,eBike,Rajajinagar,Varthur,42.0,100.0,Not Applicable,Not Applicable,No,Not Applicable,327,Cash,1,4.7,3.6
2024-07-01 10:52:00,CNR3024790656,Driver Not Found,CID339960,Mini,Devanahalli,Frazer Town,,,Not Applicable,Not Applicable,Not Applicable,Not Applicable,319,Not Applicable,0,,
2024-07-01 14:18:00,CNR8813931448,Success,CID298446,Mini,Shantinagar,KR Puram,133.0,55.0,Not Applicable,Not Applicable,No,Not Applicable,847,UPI,34,3.8,4.9
2024-07-04 17:31:00,CNR3819228531,Canceled by Driver,CID870527,eBike,Sarjapur Road,Langford Town,,,Not Applicable,Personal & Car related issue,Not Applicable,Not Applicable,524,Not Applicable,0,,
2024-07-21 11:24:00,CNR4786807463,Success,CID162761,eBike,Basavanagudi,Indiranagar,280.0,110.0,Not Applicable,Not Applicable,No,Not Applicable,463,UPI,2,4.3,4.7
2024-07-17 04:52:00,CNR1925909946,Canceled by Driver,CID851377,Mini,Rajarajeshwari Nagar,Kadugodi,,,Not Applicable,Personal & Car related issue,Not Applicable,Not Applicable,429,Not Applicable,0,,
2024-07-30 18:41:00,CNR8618618711,Canceled by Driver,CID195681,Prime SUV,Yelahanka,Vijayanagar,,,Not Applicable,Personal & Car related issue,Not Applicable,Not Applicable,372,Not Applicable,0,,
2024-07-08 01:44:00,CNR7842059113,Driver Not Found,CID867900,Mini,Sahakar Nagar,Whitefield,,,Not Applicable,Not Applicable,Not Applicable,Not Applicable,435,Not Applicable,0,,
2024-07-16 17:44:00,CNR7352904460,Success,CID301338,Prime Plus,Peenya,Varthur,238.0,100.0,Not Applicable,Not Applicable,No,Not Applicable,374,Cash,46,3.9,3.1
2024-07-06 22:18:00,CNR9708072865,Success,CID631138,Bike,Kammanahalli,Whitefield,238.0,125.0,Not Applicable,Not Applicable,No,Not Applicable,1479,UPI,34,3.3,3.8
2024-07-04 06:54:00,CNR8085772059,Success,CID666536,eBike,Basavanagudi,Majestic,91.0,40.0,Not Applicable,Not Applicable,No,Not Applicable,430,Cash,20,4.0,3.4
2024-07-09 00:17:00,CNR9771320820,Canceled by Driver,CID851582,Mini,Yelahanka,Ramamurthy Nagar,,,Not Applicable,Customer related issue,Not Applicable,Not Applicable,164,Not Applicable,0,,
2024-07-09 05:37:00,CNR1518145871,Canceled by Customer,CID203702,Prime Sedan,HSR Layout,Richmond Town,,,Driver is not moving towards pickup location,Not Applicable,Not Applicable,Not Applicable,455,Not Applicable,0,,
2024-07-16 06:07:00,CNR4763324865,Canceled by Driver,CID181319,Mini,Sahakar Nagar,Koramangala,,,Not Applicable,Personal & Car related issue,Not Applicable,Not Applicable,2820,Not Applicable,0,,
2024-07-24 08:17:00,CNR3396503037,Canceled by Driver,CID217616,Mini,Koramangala,Hulimavu,,,Not Applicable,Personal & Car related issue,Not Applicable,Not Applicable,828,Not Applicable,0,,
2024-07-06 00:52:00,CNR4864668505,Success,CID542921,Auto,Majestic,Langford Town,217.0,55.0,Not Applicable,Not Applicable,No,Not Applicable,266,Cash,3,4.1,3.2
2024-07-02 19:41:00,CNR3918240746,Success,CID493499,Prime Sedan,MG Road,Indiranagar,182.0,145.0,Not Applicable,Not Applicable,No,Not Applicable,340,Cash,6,3.6,3.1
2024-07-23 14:03:00,CNR7382454035,Success,CID583433,Prime SUV,Ramamurthy Nagar,JP Nagar,189.0,130.0,Not Applicable,Not Applicable,No,Not Applicable,321,Cash,27,4.9,3.5
2024-07-27 17:10:00,CNR3911096443,Driver Not Found,CID876725,Prime Sedan,Malleshwaram,Jayanagar,,,Not Applicable,Not Applicable,Not Applicable,Not Applicable,408,Not Applicable,0,,
2024-07-13 13:30:00,CNR3612851128,Success,CID825264,eBike,Magadi Road,Marathahalli,308.0,75.0,Not Applicable,Not Applicable,No,Not Applicable,880,UPI,43,4.7,3.8
2024-07-19 19:22:00,CNR4382638694,Success,CID796460,Bike,Malleshwaram,Vijayanagar,112.0,110.0,Not Applicable,Not Applicable,No,Not Applicable,215,UPI,42,3.4,3.1
2024-07-25 06:44:00,CNR1581897262,Success,CID548646,Bike,Jayanagar,Rajajinagar,280.0,145.0,Not Applicable,Not Applicable,No,Not Applicable,328,UPI,7,3.1,4.2
2024-07-09 00:25:00,CNR3346259796,Canceled by Driver,CID559436,Prime Sedan,Kengeri,Peenya,,,Not Applicable,Customer was coughing/sick,Not Applicable,Not Applicable,455,Not Applicable,0,,
2024-07-23 22:53:00,CNR6366322181,Canceled by Customer,CID128323,Auto,Indiranagar,Kammanahalli,,,Driver is not moving towards pickup location,Not Applicable,Not Applicable,Not Applicable,167,Not Applicable,0,,
2024-07-23 03:52:00,CNR1514830861,Success,CID506414,Prime SUV,Yelahanka,Rajajinagar,210.0,90.0,Not Applicable,Not Applicable,No,Not Applicable,267,Cash,10,4.3,3.1
2024-07-06 18:55:00,CNR2568705225,Success,CID608772,eBike,Magadi Road,Malleshwaram,175.0,90.0,Not Applicable,Not Applicable,No,Not Applicable,537,UPI,1,5.0,4.2
2024-07-13 08:44:00,CNR8950841726,Success,CID304074,Auto,Nagarbhavi,Magadi Road,35.0,40.0,Not Applicable,Not Applicable,No,Not Applicable,494,Cash,3,3.3,3.6
2024-07-01 01:26:00,CNR2587788397,Success,CID134597,Bike,Peenya,Nagarbhavi,77.0,135.0,Not Applicable,Not Applicable,No,Not Applicable,106,UPI,23,3.2,4.1
2024-07-05 12:25:00,CNR8878879318,Success,CID193458,Auto,Majestic,Ulsoor,301.0,70.0,Not Applicable,Not Applicable,No,Not Applicable,979,UPI,19,4.1,3.2
2024-07-29 02:09:00,CNR2397261535,Success,CID139643,Auto,Bannerghatta Road,Vijayanagar,147.0,140.0,Not Applicable,Not Applicable,No,Not Applicable,271,Cash,14,4.7,3.7
2024-07-08 18:05:00,CNR6775723678,Success,CID944182,Auto,JP Nagar,Padmanabhanagar,308.0,145.0,Not Applicable,Not Applicable,No,Not Applicable,464,Cash,16,3.7,3.7
2024-07-30 12:24:00,CNR7256272787,Canceled by Driver,CID627227,Auto,Basavanagudi,Varthur,,,Not Applicable,Customer related issue,Not Applicable,Not Applicable,412,Not Applicable,0,,
2024-07-25 18:02:00,CNR8889948734,Success,CID366553,eBike,MG Road,Varthur,147.0,30.0,Not Applicable,Not Applicable,No,Not Applicable,190,Cash,18,4.5,3.5
2024-07-24 06:21:00,CNR1482735139,Success,CID225873,eBike,Whitefield,Varthur,140.0,110.0,Not Applicable,Not Applicable,No,Not Applicable,388,Cash,48,3.1,3.7
2024-07-14 19:06:00,CNR8977908433,Success,CID369767,Auto,Banashankari,Marathahalli,63.0,25.0,Not Applicable,Not Applicable,No,Not Applicable,810,Cash,3,4.9,4.7
2024-07-07 18:19:00,CNR5954016911,Success,CID413757,Prime SUV,KR Puram,Bannerghatta Road,273.0,100.0,Not Applicable,Not Applicable,Yes,Vehicle Breakdown,768,UPI,43,4.4,3.9
2024-07-13 13:43:00,CNR6123890472,Canceled by Driver,CID727975,Prime SUV,Marathahalli,JP Nagar,,,Not Applicable,Customer related issue,Not Applicable,Not Applicable,867,Not Applicable,0,,
2024-07-22 12:11:00,CNR4056703379,Canceled by Customer,CID285740,Auto,Ramamurthy Nagar,Majestic,,,Wrong Address,Not Applicable,Not Applicable,Not Applicable,486,Not Applicable,0,,
2024-07-15 17:56:00,CNR6476205625,Success,CID107622,Mini,Hebbal,Bannerghatta Road,175.0,35.0,Not Applicable,Not Applicable,No,Not Applicable,270,UPI,38,4.6,3.6
2024-07-18 22:54:00,CNR7268568598,Driver Not Found,CID197376,Prime SUV,Basavanagudi,Jayanagar,,,Not Applicable,Not Applicable,Not Applicable,Not Applicable,476,Not Applicable,0,,
2024-07-24 15:17:00,CNR4468505469,Canceled by Driver,CID455447,Prime SUV,RT Nagar,Tumkur Road,,,Not Applicable,Customer related issue,Not Applicable,Not Applicable,517,Not Applicable,0,,
2024-07-10 11:06:00,CNR9007314525,Canceled by Driver,CID186114,Auto,Hulimavu,Malleshwaram,,,Not Applicable,Personal & Car related issue,Not Applicable,Not Applicable,293,Not Applicable,0,,
2024-07-16 18:45:00,CNR7383710826,Canceled by Customer,CID630364,Prime Plus,Banashankari,KR Puram,,,Driver is not moving towards pickup location,Not Applicable,Not Applicable,Not Applicable,811,Not Applicable,0,,
2024-07-13 20:35:00,CNR7570476087,Success,CID841691,Bike,Tumkur Road,Hosur Road,42.0,35.0,Not Applicable,Not Applicable,No,Not Applicable,216,Cash,8,3.3,4.4
2024-07-12 05:04:00,CNR7629710483,Success,CID493229,Prime SUV,BTM Layout,Langford Town,210.0,65.0,Not Applicable,Not Applicable,No,Not Applicable,362,UPI,13,4.5,3.0
2024-07-05 18:56:00,CNR1186765269,Success,CID443936,Bike,Electronic City,Yelahanka,49.0,145.0,Not Applicable,Not Applicable,No,Not Applicable,2639,UPI,21,3.4,3.1
2024-07-16 19:01:00,CNR7270650687,Canceled by Driver,CID883319,eBike,Langford Town,Shivajinagar,,,Not Applicable,More than permitted people in there,Not Applicable,Not Applicable,762,Not Applicable,0,,
2024-07-30 09:45:00,CNR6094122027,Success,CID406569,Prime Plus,Chickpet,Peenya,182.0,85.0,Not Applicable,Not Applicable,No,Not Applicable,365,Cash,46,3.2,3.0
2024-07-22 06:55:00,CNR9075623998,Driver Not Found,CID902875,Bike,Sarjapur Road,Rajajinagar,,,Not Applicable,Not Applicable,Not Applicable,Not Applicable,238,Not Applicable,0,,
2024-07-12 02:09:00,CNR2802783452,Success,CID838770,Prime Sedan,Malleshwaram,Magadi Road,49.0,130.0,Not Applicable,Not Applicable,No,Not Applicable,222,Cash,39,4.3,3.2
2024-07-24 12:17:00,CNR6447706296,Success,CID218740,Prime SUV,Marathahalli,Koramangala,98.0,80.0,Not Applicable,Not Applicable,No,Not Applicable,592,UPI,41,3.1,4.0
2024-07-26 14:28:00,CNR9255462328,Success,CID446722,Prime SUV,KR Puram,Hennur,70.0,130.0,Not Applicable,Not Applicable,No,Not Applicable,257,Cash,25,3.3,4.9
2024-07-25 03:29:00,CNR2317666293,Success,CID894730,Prime SUV,Varthur,Mysore Road,98.0,60.0,Not Applicable,Not Applicable,No,Not Applicable,496,UPI,26,4.9,4.6
2024-07-15 22:21:00,CNR1738976281,Success,CID147086,Prime SUV,Hosur Road,Hennur,70.0,125.0,Not Applicable,Not Applicable,No,Not Applicable,398,Cash,25,4.7,3.8
2024-07-18 15:42:00,CNR6189366321,Success,CID589450,eBike,Bellandur,Yelahanka,35.0,115.0,Not Applicable,Not Applicable,No,Not Applicable,483,Cash,33,3.1,4.3
2024-07-09 11:18:00,CNR4015409027,Success,CID107617,eBike,Marathahalli,Indiranagar,210.0,30.0,Not Applicable,Not Applicable,No,Not Applicable,485,UPI,33,4.1,4.7
2024-07-03 11:57:00,CNR8296683021,Success,CID182515,Mini,Peenya,Rajajinagar,210.0,130.0,Not Applicable,Not Applicable,No,Not Applicable,680,UPI,25,3.6,4.4
2024-07-25 00:19:00,CNR3467293498,Success,CID178897,Auto,HSR Layout,HSR Layout,308.0,35.0,Not Applicable,Not Applicable,No,Not Applicable,2855,UPI,4,4.5,4.2
2024-07-14 06:57:00,CNR7777492435,Success,CID588001,Bike,Mysore Road,Hebbal,147.0,115.0,Not Applicable,Not Applicable,No,Not Applicable,351,Cash,31,4.2,4.4
2024-07-11 19:12:00,CNR2165401152,Canceled by Driver,CID558349,eBike,Banashankari,Langford Town,,,Not Applicable,Personal & Car related issue,Not Applicable,Not Applicable,604,Not Applicable,0,,
2024-07-14 22:03:00,CNR9155016468,Success,CID415890,Auto,Kammanahalli,MG Road,91.0,40.0,Not Applicable,Not Applicable,No,Not Applicable,183,Cash,2,3.0,3.9
2024-07-24 12:17:00,CNR5921467168,Success,CID213948,eBike,Mysore Road,Marathahalli,49.0,55.0,Not Applicable,Not Applicable,No,Not Applicable,1898,Cash,27,4.1,3.3
2024-07-15 13:51:00,CNR7020145765,Success,CID845549,Prime SUV,Hosur Road,BTM Layout,273.0,25.0,Not Applicable,Not Applicable,No,Not Applicable,412,UPI,24,4.0,4.9
2024-07-20 10:22:00,CNR1300299707,Success,CID256324,Prime Plus,HSR Layout,Ramamurthy Nagar,119.0,85.0,Not Applicable,Not Applicable,No,Not Applicable,375,Cash,38,3.7,4.8
2024-07-09 05:20:00,CNR8256069845,Success,CID545865,Prime Plus,Magadi Road,BTM Layout,175.0,80.0,Not Applicable,Not Applicable,No,Not Applicable,275,Credit Card,37,3.5,3.7
2024-07-29 07:20:00,CNR6562825345,Canceled by Driver,CID774036,Prime Sedan,Chamarajpet,Electronic City,,,Not Applicable,Customer related issue,Not Applicable,Not Applicable,1114,Not Applicable,0,,
2024-07-28 11:30:00,CNR8126452638,Success,CID514694,Prime SUV,BTM Layout,Richmond Town,245.0,70.0,Not Applicable,Not Applicable,No,Not Applicable,427,UPI,18,3.1,3.2
2024-07-07 20:11:00,CNR9095304406,Success,CID525044,Auto,Richmond Town,Jayanagar,91.0,35.0,Not Applicable,Not Applicable,No,Not Applicable,527,UPI,5,4.9,4.9
2024-07-12 16:19:00,CNR5079153699,Canceled by Driver,CID308691,Prime SUV,KR Puram,Magadi Road,,,Not Applicable,More than permitted people in there,Not Applicable,Not Applicable,2569,Not Applicable,0,,
2024-07-25 15:59:00,CNR8122212686,Canceled by Driver,CID207363,Prime SUV,Kammanahalli,Koramangala,,,Not Applicable,Personal & Car related issue,Not Applicable,Not Applicable,188,Not Applicable,0,,
2024-07-21 14:00:00,CNR9794793892,Success,CID660865,Prime SUV,Malleshwaram,Langford Town,245.0,85.0,Not Applicable,Not Applicable,No,Not Applicable,261,UPI,29,5.0,3.0
2024-07-14 17:00:00,CNR3890206777,Success,CID883437,Auto,Ulsoor,Banashankari,266.0,90.0,Not Applicable,Not Applicable,No,Not Applicable,125,UPI,1,3.4,3.4
2024-07-15 07:49:00,CNR3005481971,Success,CID365429,eBike,Shantinagar,Banashankari,168.0,130.0,Not Applicable,Not Applicable,No,Not Applicable,490,UPI,33,3.1,4.3
2024-07-12 18:01:00,CNR1531259277,Driver Not Found,CID556185,eBike,Koramangala,Padmanabhanagar,,,Not Applicable,Not Applicable,Not Applicable,Not Applicable,406,Not Applicable,0,,
2024-07-10 07:48:00,CNR1328743345,Success,CID481696,Prime SUV,BTM Layout,BTM Layout,91.0,140.0,Not Applicable,Not Applicable,Yes,Other Issue,105,Cash,15,3.5,3.1
2024-07-01 20:42:00,CNR6293317819,Success,CID903899,Prime Plus,JP Nagar,Rajajinagar,147.0,25.0,Not Applicable,Not Applicable,No,Not Applicable,857,Cash,7,4.6,3.4
2024-07-01 23:58:00,CNR7599891681,Success,CID300852,Prime Sedan,Devanahalli,Frazer Town,273.0,25.0,Not Applicable,Not Applicable,No,Not Applicable,173,Cash,37,3.6,4.7
2024-07-06 13:38:00,CNR8391422298,Success,CID731052,Mini,Kammanahalli,Devanahalli,238.0,115.0,Not Applicable,Not Applicable,No,Not Applicable,334,UPI,5,3.3,4.6
2024-07-10 05:58:00,CNR7631026940,Canceled by Driver,CID188003,Prime Plus,MG Road,Magadi Road,,,Not Applicable,Customer related issue,Not Applicable,Not Applicable,1552,Not Applicable,0,,
2024-07-17 13:52:00,CNR9200695810,Success,CID381824,eBike,Majestic,BTM Layout,308.0,110.0,Not Applicable,Not Applicable,No,Not Applicable,309,Cash,18,4.1,4.5
2024-07-14 08:07:00,CNR2023764552,Canceled by Driver,CID953463,eBike,Mysore Road,Marathahalli,,,Not Applicable,Personal & Car related issue,Not Applicable,Not Applicable,365,Not Applicable,0,,
2024-07-13 04:02:00,CNR3247968504,Success,CID647586,Mini,Cox Town,Richmond Town,42.0,135.0,Not Applicable,Not Applicable,No,Not Applicable,386,UPI,20,3.4,3.7
2024-07-26 02:26:00,CNR8401827922,Success,CID757740,Mini,Electronic City,Shivajinagar,238.0,130.0,Not Applicable,Not Applicable,No,Not Applicable,849,Cash,38,3.3,3.9
2024-07-01 22:32:00,CNR8719208805,Success,CID301194,Prime Plus,Electronic City,JP Nagar,84.0,105.0,Not Applicable,Not Applicable,No,Not Applicable,1495,UPI,31,3.4,4.7
2024-07-18 21:31:00,CNR3908616265,Success,CID210413,Prime Sedan,Kengeri,Rajarajeshwari Nagar,63.0,110.0,Not Applicable,Not Applicable,No,Not Applicable,181,Cash,14,3.2,3.3
2024-07-19 07:09:00,CNR6645292853,Driver Not Found,CID940052,Prime Plus,Hennur,Magadi Road,,,Not Applicable,Not Applicable,Not Applicable,Not Applicable,2388,Not Applicable,0,,
2024-07-14 15:39:00,CNR7565502123,Success,CID404459,Prime Plus,Hennur,BTM Layout,252.0,85.0,Not Applicable,Not Applicable,No,Not Applicable,171,Cash,49,3.8,4.9
2024-07-03 03:34:00,CNR4390268138,Success,CID982156,Prime SUV,Banashankari,Padmanabhanagar,98.0,50.0,Not Applicable,Not Applicable,No,Not Applicable,272,UPI,46,3.7,4.3
2024-07-24 17:19:00,CNR2238284939,Success,CID899276,eBike,Ramamurthy Nagar,Vijayanagar,217.0,110.0,Not Applicable,Not Applicable,No,Not Applicable,483,UPI,6,3.0,4.8
2024-07-05 23:47:00,CNR5298841498,Success,CID980019,Auto,Richmond Town,Koramangala,294.0,125.0,Not Applicable,Not Applicable,No,Not Applicable,374,Credit Card,4,3.2,4.4
2024-07-05 16:50:00,CNR2256859727,Success,CID887111,eBike,Devanahalli,Padmanabhanagar,91.0,80.0,Not Applicable,Not Applicable,No,Not Applicable,561,Cash,23,4.3,3.9
2024-07-18 06:06:00,CNR3844287274,Success,CID501271,Prime Plus,Devanahalli,Koramangala,175.0,40.0,Not Applicable,Not Applicable,No,Not Applicable,834,UPI,42,3.5,4.4
2024-07-01 19:20:00,CNR8919014632,Canceled by Driver,CID992345,Mini,JP Nagar,Jayanagar,,,Not Applicable,Personal & Car related issue,Not Applicable,Not Applicable,429,Not Applicable,0,,
2024-07-22 21:46:00,CNR1532256504,Canceled by Driver,CID618146,Prime Plus,Peenya,Nagarbhavi,,,Not Applicable,More than permitted people in there,Not Applicable,Not Applicable,1322,Not Applicable,0,,
2024-07-23 13:45:00,CNR1037888030,Driver Not Found,CID400652,Prime SUV,Hebbal,Sarjapur Road,,,Not Applicable,Not Applicable,Not Applicable,Not Applicable,2132,Not Applicable,0,,
2024-07-30 06:52:00,CNR4077905339,Success,CID735607,Mini,Basavanagudi,JP Nagar,42.0,140.0,Not Applicable,Not Applicable,No,Not Applicable,389,Cash,5,3.0,5.0
2024-07-08 14:58:00,CNR6001785807,Success,CID474369,Bike,Bellandur,BTM Layout,301.0,115.0,Not Applicable,Not Applicable,No,Not Applicable,1632,UPI,32,3.7,4.9
2024-07-24 14:19:00,CNR7732765785,Success,CID631912,eBike,Hosur Road,Chickpet,105.0,90.0,Not Applicable,Not Applicable,No,Not Applicable,248,UPI,10,4.6,4.5
2024-07-20 02:00:00,CNR1451644630,Success,CID995121,Prime Plus,Bellandur,Basavanagudi,231.0,125.0,Not Applicable,Not Applicable,No,Not Applicable,213,Cash,16,3.4,3.4
2024-07-29 08:19:00,CNR2971709455,Success,CID839312,Auto,Padmanabhanagar,Bannerghatta Road,49.0,40.0,Not Applicable,Not Applicable,No,Not Applicable,338,Cash,2,4.6,3.7
2024-07-18 00:18:00,CNR4850297894,Success,CID979542,Prime Plus,Nagarbhavi,Whitefield,175.0,80.0,Not Applicable,Not Applicable,No,Not Applicable,296,Cash,7,3.1,5.0
2024-07-17 14:33:00,CNR6545398434,Driver Not Found,CID587974,Prime Sedan,BTM Layout,Cox Town,,,Not Applicable,Not Applicable,Not Applicable,Not Applicable,470,Not Applicable,0,,
2024-07-30 04:19:00,CNR8073861323,Canceled by Driver,CID795531,Prime Sedan,RT Nagar,Tumkur Road,,,Not Applicable,More than permitted people in there,Not Applicable,Not Applicable,408,Not Applicable,0,,
2024-07-20 03:59:00,CNR1021872553,Success,CID956342,Prime Sedan,Mysore Road,Majestic,147.0,95.0,Not Applicable,Not Applicable,No,Not Applicable,801,Cash,32,4.4,4.4
2024-07-07 17:08:00,CNR2530661408,Canceled by Customer,CID255530,Mini,Ramamurthy Nagar,Hosur Road,,,Driver is not moving towards pickup location,Not Applicable,Not Applicable,Not Applicable,367,Not Applicable,0,,
2024-07-15 01:57:00,CNR8121230041,Success,CID964490,Prime Plus,Chamarajpet,Hebbal,210.0,130.0,Not Applicable,Not Applicable,No,Not Applicable,272,Cash,33,3.5,3.5
2024-07-05 09:49:00,CNR1564764206,Canceled by Driver,CID898569,Prime Sedan,Indiranagar,Langford Town,,,Not Applicable,Customer related issue,Not Applicable,Not Applicable,632,Not Applicable,0,,
2024-07-22 20:47:00,CNR8220262452,Success,CID473259,eBike,Indiranagar,Vijayanagar,210.0,135.0,Not Applicable,Not Applicable,No,Not Applicable,305,UPI,24,3.8,4.7
2024-07-13 13:44:00,CNR7094096220,Success,CID187530,Auto,Magadi Road,Langford Town,301.0,40.0,Not Applicable,Not Applicable,No,Not Applicable,464,UPI,1,3.2,4.3
2024-07-06 14:44:00,CNR3748583853,Success,CID386628,eBike,MG Road,Ulsoor,126.0,55.0,Not Applicable,Not Applicable,No,Not Applicable,229,UPI,39,4.3,4.3
2024-07-09 19:21:00,CNR5668903060,Canceled by Driver,CID449501,Bike,Koramangala,Hulimavu,,,Not Applicable,Personal & Car related issue,Not Applicable,Not Applicable,291,Not Applicable,0,,
2024-07-05 21:41:00,CNR2588731767,Success,CID710572,Bike,HSR Layout,Yeshwanthpur,196.0,110.0,Not Applicable,Not Applicable,Yes,Customer Demand,157,UPI,46,3.5,5.0
2024-07-24 03:54:00,CNR2961592783,Canceled by Driver,CID716218,Prime Plus,Sahakar Nagar,Indiranagar,,,Not Applicable,Personal & Car related issue,Not Applicable,Not Applicable,443,Not Applicable,0,,
2024-07-05 04:59:00,CNR2944629151,Success,CID978288,Bike,Yelahanka,Cox Town,182.0,60.0,Not Applicable,Not Applicable,No,Not Applicable,414,Cash,6,4.8,3.3
2024-07-04 23:45:00,CNR8590038037,Driver Not Found,CID645489,Auto,Sarjapur Road,Hennur,,,Not Applicable,Not Applicable,Not Applicable,Not Applicable,782,Not Applicable,0,,
2024-07-18 12:14:00,CNR9358825070,Canceled by Driver,CID264722,Bike,Peenya,Shantinagar,,,Not Applicable,More than permitted people in there,Not Applicable,Not Applicable,166,Not Applicable,0,,
2024-07-18 20:35:00,CNR3304699596,Success,CID823805,Prime SUV,Whitefield,Vijayanagar,126.0,35.0,Not Applicable,Not Applicable,No,Not Applicable,482,Cash,17,4.0,3.5
2024-07-02 02:40:00,CNR3627493962,Success,CID425803,Mini,HSR Layout,Kadugodi,217.0,70.0,Not Applicable,Not Applicable,No,Not Applicable,226,UPI,44,4.5,3.8
2024-07-17 09:26:00,CNR5611151904,Success,CID362220,Auto,Kadugodi,BTM Layout,112.0,60.0,Not Applicable,Not Applicable,No,Not Applicable,591,UPI,12,3.5,3.5
2024-07-20 01:23:00,CNR3895922365,Canceled by Driver,CID924406,Prime Sedan,Whitefield,Mysore Road,,,Not Applicable,Customer related issue,Not Applicable,Not Applicable,2276,Not Applicable,0,,
2024-07-24 09:06:00,CNR6689770150,Success,CID986489,eBike,Hosur Road,Bannerghatta Road,259.0,55.0,Not Applicable,Not Applicable,No,Not Applicable,360,Cash,13,4.0,3.6
2024-07-29 02:29:00,CNR4031951684,Canceled by Driver,CID314255,Bike,Frazer Town,Shivajinagar,,,Not Applicable,Customer related issue,Not Applicable,Not Applicable,255,Not Applicable,0,,
2024-07-08 09:14:00,CNR5475093089,Canceled by Driver,CID414462,Prime SUV,Chamarajpet,Malleshwaram,,,Not Applicable,Personal & Car related issue,Not Applicable,Not Applicable,438,Not Applicable,0,,
2024-07-19 06:18:00,CNR8775762845,Success,CID317596,Mini,Whitefield,Jayanagar,189.0,70.0,Not Applicable,Not Applicable,No,Not Applicable,227,Cash,28,4.9,3.3
2024-07-22 12:20:00,CNR6716431900,Success,CID476959,Auto,Hebbal,Kammanahalli,63.0,95.0,Not Applicable,Not Applicable,No,Not Applicable,420,Cash,2,3.3,3.3
2024-07-12 05:19:00,CNR2043691666,Success,CID121646,eBike,Nagarbhavi,Majestic,168.0,135.0,Not Applicable,Not Applicable,Yes,Other Issue,233,UPI,5,3.6,3.5
2024-07-14 12:20:00,CNR4696529183,Canceled by Driver,CID287750,Mini,Tumkur Road,Mysore Road,,,Not Applicable,More than permitted people in there,Not Applicable,Not Applicable,256,Not Applicable,0,,
2024-07-04 01:57:00,CNR5406394826,Success,CID171295,Prime Sedan,Chamarajpet,Shantinagar,308.0,105.0,Not Applicable,Not Applicable,No,Not Applicable,281,Cash,34,3.9,4.8
2024-07-13 15:56:00,CNR2344079819,Success,CID953797,Bike,Jayanagar,Rajarajeshwari Nagar,210.0,65.0,Not Applicable,Not Applicable,No,Not Applicable,923,UPI,24,4.3,5.0
2024-07-11 09:23:00,CNR5677166662,Canceled by Driver,CID678071,Prime Plus,Sarjapur Road,Hebbal,,,Not Applicable,Customer related issue,Not Applicable,Not Applicable,477,Not Applicable,0,,
2024-07-03 04:18:00,CNR8793936993,Canceled by Driver,CID864188,Mini,Shantinagar,Kadugodi,,,Not Applicable,Personal & Car related issue,Not Applicable,Not Applicable,214,Not Applicable,0,,
2024-07-03 16:42:00,CNR9632581760,Success,CID747787,Prime SUV,MG Road,Hennur,161.0,85.0,Not Applicable,Not Applicable,No,Not Applicable,307,Cash,18,3.3,4.6
2024-07-24 17:25:00,CNR8108962771,Canceled by Customer,CID927151,Prime SUV,Yelahanka,Bellandur,,,Change of plans,Not Applicable,Not Applicable,Not Applicable,1723,Not Applicable,0,,
2024-07-10 19:49:00,CNR1330660646,Driver Not Found,CID830970,eBike,Kammanahalli,Ramamurthy Nagar,,,Not Applicable,Not Applicable,Not Applicable,Not Applicable,963,Not Applicable,0,,
2024-07-26 21:43:00,CNR3779724956,Canceled by Driver,CID301739,eBike,Koramangala,Magadi Road,,,Not Applicable,More than permitted people in there,Not Applicable,Not Applicable,739,Not Applicable,0,,
2024-07-08 21:48:00,CNR6845705876,Canceled by Driver,CID730951,Prime SUV,Hosur Road,JP Nagar,,,Not Applicable,More than permitted people in there,Not Applicable,Not Applicable,1680,Not Applicable,0,,
2024-07-23 17:31:00,CNR3839706057,Driver Not Found,CID261941,Prime Sedan,Bannerghatta Road,Richmond Town,,,Not Applicable,Not Applicable,Not Applicable,Not Applicable,433,Not Applicable,0,,
2024-07-10 08:04:00,CNR9200009596,Success,CID783333,Mini,Kammanahalli,Padmanabhanagar,119.0,135.0,Not Applicable,Not Applicable,No,Not Applicable,731,Cash,31,4.9,4.7
2024-07-27 12:40:00,CNR3341302468,Driver Not Found,CID779436,Auto,Ramamurthy Nagar,Koramangala,,,Not Applicable,Not Applicable,Not Applicable,Not Applicable,237,Not Applicable,0,,
2024-07-29 01:08:00,CNR3470640072,Success,CID869146,Bike,Ramamurthy Nagar,Ramamurthy Nagar,231.0,25.0,Not Applicable,Not Applicable,Yes,Vehicle Breakdown,355,UPI,15,4.0,3.4
2024-07-05 23:59:00,CNR7048856954,Success,CID820749,eBike,Rajajinagar,Kengeri,112.0,135.0,Not Applicable,Not Applicable,No,Not Applicable,1583,Cash,31,3.8,3.7
2024-07-15 21:19:00,CNR5208076439,Canceled by Driver,CID641821,Prime SUV,Cox Town,Peenya,,,Not Applicable,More than permitted people in there,Not Applicable,Not Applicable,2230,Not Applicable,0,,
2024-07-02 13:34:00,CNR5681527132,Canceled by Customer,CID851126,Bike,Richmond Town,Malleshwaram,,,Driver asked to cancel,Not Applicable,Not Applicable,Not Applicable,213,Not Applicable,0,,
2024-07-14 00:53:00,CNR6364862016,Driver Not Found,CID291524,Prime SUV,Jayanagar,Bellandur,,,Not Applicable,Not Applicable,Not Applicable,Not Applicable,377,Not Applicable,0,,
2024-07-20 11:48:00,CNR6884336379,Canceled by Driver,CID903939,Prime Sedan,Basavanagudi,Shantinagar,,,Not Applicable,Personal & Car related issue,Not Applicable,Not Applicable,773,Not Applicable,0,,
2024-07-12 06:13:00,CNR4621986624,Success,CID462092,eBike,Rajajinagar,MG Road,224.0,35.0,Not Applicable,Not Applicable,No,Not Applicable,437,Debit Card,32,4.4,4.4
2024-07-03 09:52:00,CNR6594118503,Success,CID318451,Prime Sedan,Hennur,Vijayanagar,238.0,140.0,Not Applicable,Not Applicable,No,Not Applicable,308,UPI,12,3.8,4.1
2024-07-06 00:46:00,CNR6359391476,Canceled by Customer,CID251159,eBike,Kammanahalli,Koramangala,,,Driver is not moving towards pickup location,Not Applicable,Not Applicable,Not Applicable,888,Not Applicable,0,,
2024-07-17 03:04:00,CNR1309557469,Success,CID199806,eBike,HSR Layout,Hennur,203.0,40.0,Not Applicable,Not Applicable,No,Not Applicable,1843,Cash,34,3.4,3.1
2024-07-29 17:55:00,CNR6509890053,Success,CID250955,eBike,RT Nagar,Bannerghatta Road,63.0,25.0,Not Applicable,Not Applicable,No,Not Applicable,290,Cash,44,3.7,3.0
2024-07-26 13:23:00,CNR8748088762,Success,CID804235,Prime Sedan,Kammanahalli,Chickpet,210.0,40.0,Not Applicable,Not Applicable,No,Not Applicable,328,Cash,15,5.0,3.1
2024-07-21 15:45:00,CNR7672668466,Success,CID831084,Mini,Varthur,Hebbal,245.0,50.0,Not Applicable,Not Applicable,No,Not Applicable,275,UPI,1,4.8,4.6
2024-07-28 04:17:00,CNR6362630821,Success,CID670800,Prime Sedan,Varthur,RT Nagar,154.0,125.0,Not Applicable,Not Applicable,No,Not Applicable,411,UPI,10,3.8,3.6
2024-07-26 13:33:00,CNR3483194576,Success,CID491624,Prime SUV,Ulsoor,Mysore Road,63.0,140.0,Not Applicable,Not Applicable,No,Not Applicable,185,Cash,25,3.7,3.8
2024-07-20 05:12:00,CNR6345596361,Driver Not Found,CID797746,Bike,Cox Town,Indiranagar,,,Not Applicable,Not Applicable,Not Applicable,Not Applicable,641,Not Applicable,0,,
2024-07-26 13:10:00,CNR9259527987,Success,CID367682,Prime Sedan,Tumkur Road,Jayanagar,154.0,110.0,Not Applicable,Not Applicable,No,Not Applicable,295,UPI,1,3.1,3.0
2024-07-18 00:32:00,CNR8248041466,Canceled by Driver,CID619332,Prime SUV,Tumkur Road,Yeshwanthpur,,,Not Applicable,Customer was coughing/sick,Not Applicable,Not Applicable,1295,Not Applicable,0,,
2024-07-06 06:59:00,CNR7480145384,Success,CID616034,eBike,Ulsoor,Vijayanagar,224.0,145.0,Not Applicable,Not Applicable,No,Not Applicable,638,Cash,18,4.7,3.6
2024-07-08 16:00:00,CNR7662467079,Canceled by Customer,CID696970,eBike,Chamarajpet,Mysore Road,,,Wrong Address,Not Applicable,Not Applicable,Not Applicable,1394,Not Applicable,0,,
2024-07-01 15:40:00,CNR4355893206,Canceled by Customer,CID893551,Bike,Sarjapur Road,Hennur,,,Change of plans,Not Applicable,Not Applicable,Not Applicable,1412,Not Applicable,0,,
2024-07-03 09:34:00,CNR9376724991,Success,CID910235,eBike,Devanahalli,JP Nagar,175.0,55.0,Not Applicable,Not Applicable,No,Not Applicable,718,Cash,6,3.4,3.5
2024-07-01 10:37:00,CNR4022422102,Canceled by Driver,CID495913,Mini,MG Road,Mysore Road,,,Not Applicable,Customer was coughing/sick,Not Applicable,Not Applicable,214,Not Applicable,0,,
2024-07-02 08:09:00,CNR4113300482,Success,CID292771,eBike,Jayanagar,Electronic City,252.0,90.0,Not Applicable,Not Applicable,Yes,Customer Demand,272,UPI,22,3.9,4.9
2024-07-25 08:45:00,CNR3741661915,Canceled by Driver,CID918902,Bike,Majestic,Richmond Town,,,Not Applicable,Customer was coughing/sick,Not Applicable,Not Applicable,247,Not Applicable,0,,
2024-07-07 02:31:00,CNR8607090767,Success,CID750400,Bike,Electronic City,Sarjapur Road,77.0,35.0,Not Applicable,Not Applicable,No,Not Applicable,278,Cash,23,4.9,4.5
2024-07-11 17:14:00,CNR9053280859,Success,CID833057,Prime Sedan,Hosur Road,Padmanabhanagar,189.0,120.0,Not Applicable,Not Applicable,No,Not Applicable,382,Cash,19,4.3,3.5
2024-07-29 00:33:00,CNR6515134209,Canceled by Customer,CID642922,Prime Sedan,Padmanabhanagar,Yeshwanthpur,,,Driver is not moving towards pickup location,Not Applicable,Not Applicable,Not Applicable,812,Not Applicable,0,,
2024-07-12 05:46:00,CNR2714884257,Success,CID717624,Mini,Rajarajeshwari Nagar,Hulimavu,56.0,45.0,Not Applicable,Not Applicable,No,Not Applicable,326,Cash,5,3.6,4.9
2024-07-01 19:30:00,CNR9588411443,Success,CID738644,Auto,Hulimavu,Mysore Road,84.0,145.0,Not Applicable,Not Applicable,No,Not Applicable,445,Cash,10,3.0,3.9
2024-07-20 00:24:00,CNR6285568499,Success,CID366467,Auto,MG Road,Whitefield,280.0,90.0,Not Applicable,Not Applicable,No,Not Applicable,167,UPI,3,3.6,4.6
2024-07-29 19:08:00,CNR3326707422,Canceled by Customer,CID492797,Prime Plus,Langford Town,Bannerghatta Road,,,Change of plans,Not Applicable,Not Applicable,Not Applicable,744,Not Applicable,0,,
2024-07-24 04:14:00,CNR2158753570,Success,CID625517,eBike,Rajarajeshwari Nagar,Malleshwaram,91.0,90.0,Not Applicable,Not Applicable,No,Not Applicable,949,UPI,49,3.6,4.9
2024-07-18 10:26:00,CNR6853292108,Success,CID941879,Prime Plus,Cox Town,Yeshwanthpur,175.0,30.0,Not Applicable,Not Applicable,No,Not Applicable,2870,Cash,49,3.3,4.1
2024-07-09 17:22:00,CNR9826366146,Success,CID116263,Prime Plus,Banashankari,Yeshwanthpur,49.0,50.0,Not Applicable,Not Applicable,No,Not Applicable,291,UPI,24,5.0,3.4
2024-07-25 19:29:00,CNR4590932475,Canceled by Customer,CID577856,Prime Sedan,Chickpet,Koramangala,,,Driver asked to cancel,Not Applicable,Not Applicable,Not Applicable,478,Not Applicable,0,,
2024-07-11 09:16:00,CNR4139441770,Success,CID269601,Prime SUV,Sahakar Nagar,Rajarajeshwari Nagar,301.0,80.0,Not Applicable,Not Applicable,No,Not Applicable,267,Cash,20,5.0,3.9
2024-07-13 19:08:00,CNR5415931400,Success,CID895740,Auto,Majestic,Yeshwanthpur,266.0,30.0,Not Applicable,Not Applicable,No,Not Applicable,244,Cash,15,4.7,4.0
2024-07-07 21:51:00,CNR2991750338,Success,CID551304,Bike,Whitefield,Ulsoor,287.0,125.0,Not Applicable,Not Applicable,No,Not Applicable,141,UPI,25,3.4,3.3
2024-07-03 18:18:00,CNR2143987609,Success,CID509968,Prime Sedan,Frazer Town,Nagarbhavi,182.0,80.0,Not Applicable,Not Applicable,No,Not Applicable,124,Credit Card,43,4.6,3.1
2024-07-11 03:09:00,CNR3790925502,Canceled by Customer,CID827902,Auto,Frazer Town,Shantinagar,,,Wrong Address,Not Applicable,Not Applicable,Not Applicable,1477,Not Applicable,0,,
2024-07-01 23:24:00,CNR2442161280,Success,CID598329,Prime Sedan,Electronic City,Whitefield,56.0,125.0,Not Applicable,Not Applicable,No,Not Applicable,195,Credit Card,33,3.7,3.9
2024-07-06 18:20:00,CNR1937252912,Driver Not Found,CID178540,Prime SUV,Rajajinagar,KR Puram,,,Not Applicable,Not Applicable,Not Applicable,Not Applicable,860,Not Applicable,0,,
2024-07-09 23:51:00,CNR6594484752,Success,CID284240,Prime SUV,Nagarbhavi,Rajajinagar,77.0,70.0,Not Applicable,Not Applicable,No,Not Applicable,262,UPI,33,3.4,3.6
2024-07-07 22:08:00,CNR2533509857,Success,CID641003,eBike,Richmond Town,Nagarbhavi,231.0,85.0,Not Applicable,Not Applicable,No,Not Applicable,428,UPI,4,3.4,4.0
2024-07-06 21:51:00,CNR5403872536,Success,CID347133,Bike,Shantinagar,Kammanahalli,259.0,110.0,Not Applicable,Not Applicable,No,Not Applicable,496,Cash,23,3.2,4.2
2024-07-20 03:22:00,CNR1317724770,Canceled by Driver,CID397593,Prime Plus,RT Nagar,Hebbal,,,Not Applicable,Customer related issue,Not Applicable,Not Applicable,103,Not Applicable,0,,
2024-07-09 20:57:00,CNR6935218541,Success,CID910202,Prime Plus,Magadi Road,Kengeri,98.0,115.0,Not Applicable,Not Applicable,No,Not Applicable,358,Cash,19,3.9,3.3
2024-07-07 02:31:00,CNR8411487545,Driver Not Found,CID494482,Prime Plus,Richmond Town,Yelahanka,,,Not Applicable,Not Applicable,Not Applicable,Not Applicable,420,Not Applicable,0,,
2024-07-23 09:17:00,CNR7812042738,Canceled by Driver,CID524358,Prime SUV,Jayanagar,Frazer Town,,,Not Applicable,Personal & Car related issue,Not Applicable,Not Applicable,347,Not Applicable,0,,
2024-07-18 05:20:00,CNR8744379333,Canceled by Driver,CID127279,Prime SUV,Ramamurthy Nagar,Frazer Town,,,Not Applicable,Customer related issue,Not Applicable,Not Applicable,1080,Not Applicable,0,,
2024-07-08 11:46:00,CNR8342388841,Success,CID319003,Prime Plus,Cox Town,Banashankari,175.0,115.0,Not Applicable,Not Applicable,No,Not Applicable,271,Cash,13,4.1,4.7
2024-07-02 12:47:00,CNR6554366756,Success,CID978766,Prime Sedan,Ulsoor,Kammanahalli,273.0,95.0,Not Applicable,Not Applicable,No,Not Applicable,115,Cash,49,4.8,4.3
2024-07-29 19:13:00,CNR4408258675,Canceled by Driver,CID489029,Mini,Ulsoor,Bannerghatta Road,,,Not Applicable,More than permitted people in there,Not Applicable,Not Applicable,190,Not Applicable,0,,
2024-07-12 11:04:00,CNR6240654768,Canceled by Customer,CID869553,Mini,Chickpet,Rajarajeshwari Nagar,,,Driver is not moving towards pickup location,Not Applicable,Not Applicable,Not Applicable,974,Not Applicable,0,,
2024-07-16 00:07:00,CNR8747002995,Success,CID598198,eBike,Rajarajeshwari Nagar,Frazer Town,280.0,130.0,Not Applicable,Not Applicable,No,Not Applicable,2159,Cash,14,3.8,3.1
2024-07-17 22:59:00,CNR1164684471,Driver Not Found,CID744354,Auto,Whitefield,Chickpet,,,Not Applicable,Not Applicable,Not Applicable,Not Applicable,148,Not Applicable,0,,
2024-07-15 01:40:00,CNR8405607106,Driver Not Found,CID666000,Mini,Tumkur Road,Tumkur Road,,,Not Applicable,Not Applicable,Not Applicable,Not Applicable,439,Not Applicable,0,,
2024-07-04 21:18:00,CNR3975990447,Success,CID428929,Auto,Mysore Road,Langford Town,112.0,60.0,Not Applicable,Not Applicable,No,Not Applicable,393,Cash,16,4.8,4.0
2024-07-26 07:18:00,CNR2283621009,Canceled by Customer,CID938665,Prime Plus,Hosur Road,Jayanagar,,,AC is Not working,Not Applicable,Not Applicable,Not Applicable,340,Not Applicable,0,,
2024-07-22 19:46:00,CNR6068767963,Success,CID586535,eBike,Ulsoor,Bannerghatta Road,70.0,25.0,Not Applicable,Not Applicable,No,Not Applicable,830,UPI,11,3.9,4.6
2024-07-14 22:49:00,CNR8640197238,Success,CID807056,Bike,HSR Layout,Richmond Town,70.0,140.0,Not Applicable,Not Applicable,No,Not Applicable,449,Credit Card,44,3.8,4.8
2024-07-16 08:58:00,CNR1325236482,Canceled by Driver,CID790456,Prime Plus,Padmanabhanagar,Jayanagar,,,Not Applicable,More than permitted people in there,Not Applicable,Not Applicable,272,Not Applicable,0,,
2024-07-18 14:57:00,CNR9555590721,Driver Not Found,CID473210,Mini,Bannerghatta Road,Cox Town,,,Not Applicable,Not Applicable,Not Applicable,Not Applicable,459,Not Applicable,0,,
2024-07-23 14:56:00,CNR5541942750,Success,CID594262,Prime Plus,Frazer Town,JP Nagar,238.0,30.0,Not Applicable,Not Applicable,No,Not Applicable,240,UPI,48,3.0,3.3
2024-07-12 23:34:00,CNR9146481769,Canceled by Driver,CID206155,Mini,Hosur Road,Ulsoor,,,Not Applicable,Customer related issue,Not Applicable,Not Applicable,258,Not Applicable,0,,
2024-07-08 20:59:00,CNR1010342677,Success,CID702479,Prime Plus,Jayanagar,Kammanahalli,56.0,105.0,Not Applicable,Not Applicable,No,Not Applicable,1320,UPI,6,3.2,3.3
2024-07-24 10:45:00,CNR1174692968,Canceled by Driver,CID719498,Bike,Jayanagar,RT Nagar,,,Not Applicable,Customer related issue,Not Applicable,Not Applicable,282,Not Applicable,0,,
2024-07-02 08:34:00,CNR6051805549,Success,CID109869,Mini,Shantinagar,MG Road,84.0,35.0,Not Applicable,Not Applicable,No,Not Applicable,154,UPI,44,4.3,3.1
2024-07-26 10:50:00,CNR3304228117,Success,CID201594,Prime Plus,Basavanagudi,Cox Town,266.0,120.0,Not Applicable,Not Applicable,No,Not Applicable,415,UPI,22,3.5,3.7
2024-07-10 05:00:00,CNR4459839482,Success,CID578902,eBike,Bannerghatta Road,Cox Town,77.0,70.0,Not Applicable,Not Applicable,No,Not Applicable,362,UPI,28,3.4,3.7
2024-07-19 08:56:00,CNR4278437712,Canceled by Driver,CID321268,eBike,Frazer Town,JP Nagar,,,Not Applicable,More than permitted people in there,Not Applicable,Not Applicable,2075,Not Applicable,0,,
2024-07-20 17:02:00,CNR1748677163,Canceled by Driver,CID665601,Prime Plus,Hulimavu,Hulimavu,,,Not Applicable,Customer related issue,Not Applicable,Not Applicable,304,Not Applicable,0,,
2024-07-24 15:04:00,CNR9087314619,Success,CID314485,eBike,Hosur Road,Marathahalli,70.0,90.0,Not Applicable,Not Applicable,No,Not Applicable,400,Cash,28,3.7,4.0
2024-07-04 05:21:00,CNR5540220362,Canceled by Driver,CID128969,eBike,Koramangala,Langford Town,,,Not Applicable,Personal & Car related issue,Not Applicable,Not Applicable,428,Not Applicable,0,,
2024-07-29 15:52:00,CNR3670558049,Success,CID591635,Prime SUV,Koramangala,Langford Town,168.0,70.0,Not Applicable,Not Applicable,No,Not Applicable,172,UPI,29,3.5,3.2
2024-07-03 05:39:00,CNR5229559856,Success,CID459469,Bike,Banashankari,HSR Layout,98.0,95.0,Not Applicable,Not Applicable,No,Not Applicable,113,UPI,44,3.4,4.3
2024-07-27 09:30:00,CNR1527050285,Success,CID261273,Prime SUV,Banashankari,Hebbal,140.0,50.0,Not Applicable,Not Applicable,No,Not Applicable,311,Cash,10,3.4,3.2
2024-07-11 13:49:00,CNR5317739567,Canceled by Customer,CID385895,eBike,Bellandur,Koramangala,,,Wrong Address,Not Applicable,Not Applicable,Not Applicable,481,Not Applicable,0,,
2024-07-09 13:06:00,CNR4078796026,Success,CID631489,Bike,HSR Layout,Rajarajeshwari Nagar,238.0,145.0,Not Applicable,Not Applicable,No,Not Applicable,456,UPI,41,3.4,4.4
2024-07-26 10:51:00,CNR9508315794,Success,CID131592,Auto,Hennur,Kadugodi,147.0,135.0,Not Applicable,Not Applicable,No,Not Applicable,758,Credit Card,16,3.5,4.8
2024-07-28 17:43:00,CNR7568231742,Canceled by Customer,CID378959,eBike,Tumkur Road,Majestic,,,Driver asked to cancel,Not Applicable,Not Applicable,Not Applicable,1708,Not Applicable,0,,
2024-07-09 09:03:00,CNR8365120083,Success,CID662124,Bike,Chamarajpet,Kengeri,231.0,45.0,Not Applicable,Not Applicable,No,Not Applicable,459,UPI,1,3.3,4.6
2024-07-12 12:08:00,CNR5517964366,Success,CID438481,Auto,Cox Town,Shivajinagar,56.0,70.0,Not Applicable,Not Applicable,No,Not Applicable,505,UPI,11,3.6,3.7
2024-07-01 13:16:00,CNR7242122483,Success,CID261307,Prime Sedan,Peenya,Electronic City,245.0,105.0,Not Applicable,Not Applicable,No,Not Applicable,236,UPI,15,4.5,3.2
2024-07-23 22:12:00,CNR4619250681,Success,CID317968,Auto,Jayanagar,Sahakar Nagar,126.0,130.0,Not Applicable,Not Applicable,No,Not Applicable,110,UPI,1,3.0,4.6
2024-07-11 19:41:00,CNR5714214791,Success,CID990867,Prime Plus,Yelahanka,Ulsoor,182.0,50.0,Not Applicable,Not Applicable,No,Not Applicable,498,Cash,35,4.3,4.2
2024-07-02 11:58:00,CNR5777916238,Success,CID193894,Mini,Frazer Town,Koramangala,77.0,110.0,Not Applicable,Not Applicable,No,Not Applicable,256,UPI,40,4.9,3.8
2024-07-14 18:46:00,CNR2741055415,Success,CID828012,Mini,Kengeri,Koramangala,49.0,85.0,Not Applicable,Not Applicable,No,Not Applicable,256,Credit Card,29,4.2,3.6
2024-07-12 16:52:00,CNR5483093695,Driver Not Found,CID936370,Mini,Shivajinagar,Electronic City,,,Not Applicable,Not Applicable,Not Applicable,Not Applicable,381,Not Applicable,0,,
2024-07-07 12:54:00,CNR3592765348,Driver Not Found,CID987977,eBike,Majestic,RT Nagar,,,Not Applicable,Not Applicable,Not Applicable,Not Applicable,483,Not Applicable,0,,
2024-07-11 18:16:00,CNR9186002737,Success,CID230459,Auto,Jayanagar,Malleshwaram,252.0,70.0,Not Applicable,Not Applicable,No,Not Applicable,350,Cash,5,4.2,3.4
2024-07-10 13:44:00,CNR8139231420,Canceled by Customer,CID236672,eBike,Nagarbhavi,Bellandur,,,Wrong Address,Not Applicable,Not Applicable,Not Applicable,428,Not Applicable,0,,
2024-07-08 04:47:00,CNR7016453365,Driver Not Found,CID521441,Prime Plus,Padmanabhanagar,Vijayanagar,,,Not Applicable,Not Applicable,Not Applicable,Not Applicable,968,Not Applicable,0,,
2024-07-20 10:13:00,CNR9549793317,Success,CID897788,Bike,Mysore Road,Indiranagar,189.0,90.0,Not Applicable,Not Applicable,Yes,Vehicle Breakdown,386,Cash,32,3.4,4.2
2024-07-28 08:05:00,CNR2931883684,Success,CID212710,Prime Plus,RT Nagar,JP Nagar,147.0,100.0,Not Applicable,Not Applicable,No,Not Applicable,450,Cash,7,4.2,3.2
2024-07-09 00:56:00,CNR2909598947,Success,CID208600,Auto,KR Puram,Jayanagar,35.0,105.0,Not Applicable,Not Applicable,No,Not Applicable,230,UPI,4,4.1,3.3
2024-07-19 05:26:00,CNR5068075582,Canceled by Customer,CID961753,Prime Plus,JP Nagar,Hulimavu,,,Driver asked to cancel,Not Applicable,Not Applicable,Not Applicable,366,Not Applicable,0,,
2024-07-27 23:32:00,CNR9368117960,Success,CID687274,Bike,Bellandur,Shantinagar,56.0,90.0,Not Applicable,Not Applicable,No,Not Applicable,813,Cash,8,4.7,3.2
2024-07-11 21:51:00,CNR4637325903,Driver Not Found,CID760746,Prime Plus,Indiranagar,Yelahanka,,,Not Applicable,Not Applicable,Not Applicable,Not Applicable,302,Not Applicable,0,,
2024-07-16 13:49:00,CNR7429042239,Canceled by Driver,CID327159,Auto,Richmond Town,Hebbal,,,Not Applicable,Customer related issue,Not Applicable,Not Applicable,1793,Not Applicable,0,,
2024-07-12 11:17:00,CNR3418879210,Success,CID340729,Bike,Kadugodi,Kammanahalli,217.0,85.0,Not Applicable,Not Applicable,No,Not Applicable,493,UPI,43,3.4,4.2
2024-07-27 12:52:00,CNR3667227943,Driver Not Found,CID659624,Prime Plus,Langford Town,Shantinagar,,,Not Applicable,Not Applicable,Not Applicable,Not Applicable,258,Not Applicable,0,,
2024-07-07 10:37:00,CNR2379570791,Success,CID241693,Prime SUV,KR Puram,Electronic City,287.0,30.0,Not Applicable,Not Applicable,No,Not Applicable,173,Credit Card,45,3.1,3.2
2024-07-12 01:46:00,CNR9810686949,Success,CID579319,Prime SUV,MG Road,Langford Town,203.0,75.0,Not Applicable,Not Applicable,No,Not Applicable,257,Cash,48,4.0,3.5
2024-07-21 01:16:00,CNR6262932326,Canceled by Driver,CID369236,Bike,KR Puram,HSR Layout,,,Not Applicable,More than permitted people in there,Not Applicable,Not Applicable,172,Not Applicable,0,,
2024-07-23 12:52:00,CNR4552073959,Success,CID891772,eBike,Rajarajeshwari Nagar,Chickpet,105.0,100.0,Not Applicable,Not Applicable,No,Not Applicable,644,Cash,22,4.4,4.8
2024-07-04 17:42:00,CNR9735793712,Success,CID383347,Bike,Cox Town,Bannerghatta Road,189.0,30.0,Not Applicable,Not Applicable,No,Not Applicable,414,Cash,44,4.5,4.1
2024-07-15 17:27:00,CNR8326412815,Success,CID208471,Prime Sedan,Devanahalli,Chamarajpet,147.0,135.0,Not Applicable,Not Applicable,No,Not Applicable,779,Cash,2,3.2,4.7
2024-07-20 09:26:00,CNR6111264503,Success,CID904700,Prime SUV,Shantinagar,Shivajinagar,154.0,145.0,Not Applicable,Not Applicable,No,Not Applicable,470,UPI,26,3.3,4.7
2024-07-22 08:21:00,CNR5281081872,Success,CID234856,Prime Plus,Whitefield,Malleshwaram,175.0,60.0,Not Applicable,Not Applicable,No,Not Applicable,118,Cash,37,4.5,4.9
2024-07-03 00:50:00,CNR8114225075,Canceled by Driver,CID526871,Prime Sedan,RT Nagar,Chamarajpet,,,Not Applicable,Personal & Car related issue,Not Applicable,Not Applicable,498,Not Applicable,0,,
2024-07-25 18:37:00,CNR3975911592,Success,CID811200,Auto,Nagarbhavi,KR Puram,126.0,60.0,Not Applicable,Not Applicable,No,Not Applicable,334,Cash,8,4.5,3.8
2024-07-17 11:10:00,CNR2272621494,Success,CID500823,Bike,Bannerghatta Road,Sahakar Nagar,280.0,50.0,Not Applicable,Not Applicable,No,Not Applicable,479,Cash,9,3.3,4.7
2024-07-20 04:29:00,CNR8643865328,Success,CID587761,Auto,Hulimavu,Tumkur Road,105.0,55.0,Not Applicable,Not Applicable,No,Not Applicable,451,Cash,18,4.1,3.1
2024-07-19 10:57:00,CNR7237733457,Success,CID153821,Bike,Richmond Town,HSR Layout,77.0,70.0,Not Applicable,Not Applicable,No,Not Applicable,2033,UPI,18,4.8,3.6
2024-07-30 00:43:00,CNR4970199498,Success,CID910367,Bike,Sahakar Nagar,Magadi Road,140.0,95.0,Not Applicable,Not Applicable,No,Not Applicable,313,Cash,22,4.1,4.0
2024-07-21 23:04:00,CNR5944534481,Canceled by Customer,CID303043,eBike,Kammanahalli,Varthur,,,Driver asked to cancel,Not Applicable,Not Applicable,Not Applicable,710,Not Applicable,0,,
2024-07-28 08:07:00,CNR2658751007,Success,CID168621,Prime Plus,Hennur,Padmanabhanagar,217.0,40.0,Not Applicable,Not Applicable,Yes,Vehicle Breakdown,2504,UPI,30,4.7,3.4
2024-07-29 21:06:00,CNR6092892421,Success,CID471164,Mini,Sarjapur Road,Kengeri,182.0,135.0,Not Applicable,Not Applicable,No,Not Applicable,2664,Credit Card,30,5.0,3.9
2024-07-15 07:43:00,CNR6988652860,Driver Not Found,CID300210,Mini,Yeshwanthpur,Chamarajpet,,,Not Applicable,Not Applicable,Not Applicable,Not Applicable,258,Not Applicable,0,,
2024-07-22 18:41:00,CNR3287754922,Canceled by Driver,CID889593,Auto,Majestic,Basavanagudi,,,Not Applicable,Personal & Car related issue,Not Applicable,Not Applicable,285,Not Applicable,0,,
2024-07-08 12:12:00,CNR2047834795,Success,CID233467,Mini,Malleshwaram,Magadi Road,98.0,70.0,Not Applicable,Not Applicable,Yes,Customer Demand,497,Cash,23,3.6,3.7
2024-07-27 15:57:00,CNR5199088982,Success,CID554293,eBike,Richmond Town,Shivajinagar,175.0,80.0,Not Applicable,Not Applicable,No,Not Applicable,365,Cash,23,3.9,4.8
2024-07-06 15:42:00,CNR8966201369,Success,CID777220,Bike,Marathahalli,Devanahalli,196.0,85.0,Not Applicable,Not Applicable,No,Not Applicable,945,UPI,36,3.7,3.7
2024-07-25 11:11:00,CNR4224907100,Success,CID932530,Prime Plus,Richmond Town,Rajarajeshwari Nagar,49.0,30.0,Not Applicable,Not Applicable,No,Not Applicable,2562,Credit Card,44,3.9,3.3
2024-07-20 06:16:00,CNR9552788143,Success,CID789258,Prime Sedan,MG Road,Yelahanka,196.0,135.0,Not Applicable,Not Applicable,No,Not Applicable,403,UPI,36,3.8,3.6
2024-07-16 00:42:00,CNR7360899517,Success,CID577531,Prime SUV,Kammanahalli,HSR Layout,196.0,75.0,Not Applicable,Not Applicable,No,Not Applicable,546,UPI,23,4.8,3.2
2024-07-20 10:43:00,CNR1155611291,Success,CID628471,Auto,Majestic,Rajajinagar,182.0,40.0,Not Applicable,Not Applicable,No,Not Applicable,896,Cash,2,3.8,4.1
2024-07-16 00:57:00,CNR2350115653,Success,CID472267,Prime SUV,Whitefield,Ulsoor,161.0,100.0,Not Applicable,Not Applicable,No,Not Applicable,496,Cash,45,4.3,4.3
2024-07-15 15:04:00,CNR7432129990,Success,CID253649,Prime Plus,Magadi Road,Majestic,280.0,60.0,Not Applicable,Not Applicable,No,Not Applicable,422,UPI,35,4.1,4.3
2024-07-28 00:11:00,CNR7321281041,Success,CID541224,Auto,Tumkur Road,Rajarajeshwari Nagar,252.0,40.0,Not Applicable,Not Applicable,No,Not Applicable,362,UPI,15,4.1,4.4
2024-07-09 15:29:00,CNR6929416592,Success,CID776726,Bike,Tumkur Road,Bannerghatta Road,133.0,135.0,Not Applicable,Not Applicable,No,Not Applicable,408,Cash,6,3.5,4.0
2024-07-01 13:04:00,CNR9247883945,Success,CID982862,Mini,RT Nagar,Chickpet,119.0,40.0,Not Applicable,Not Applicable,No,Not Applicable,465,UPI,26,3.2,5.0
2024-07-03 09:45:00,CNR1456911016,Canceled by Driver,CID761306,Prime SUV,Rajarajeshwari Nagar,Shantinagar,,,Not Applicable,Customer related issue,Not Applicable,Not Applicable,142,Not Applicable,0,,
2024-07-05 23:08:00,CNR1292810924,Canceled by Driver,CID504250,Prime Plus,Peenya,Richmond Town,,,Not Applicable,Customer related issue,Not Applicable,Not Applicable,309,Not Applicable,0,,
2024-07-03 04:03:00,CNR2148043430,Success,CID536958,Bike,Rajajinagar,Richmond Town,217.0,100.0,Not Applicable,Not Applicable,No,Not Applicable,499,Cash,48,4.3,3.1
2024-07-07 03:06:00,CNR9915423112,Canceled by Driver,CID401483,Prime Plus,Mysore Road,HSR Layout,,,Not Applicable,Customer related issue,Not Applicable,Not Applicable,850,Not Applicable,0,,
2024-07-12 14:38:00,CNR6739208719,Success,CID416697,Bike,Hebbal,Majestic,266.0,80.0,Not Applicable,Not Applicable,No,Not Applicable,777,UPI,43,4.1,4.0
2024-07-23 00:19:00,CNR6276560263,Success,CID432987,eBike,Kadugodi,Cox Town,35.0,130.0,Not Applicable,Not Applicable,No,Not Applicable,287,UPI,20,3.9,4.9
2024-07-10 19:36:00,CNR1743748850,Canceled by Customer,CID603388,Prime Plus,Bannerghatta Road,Cox Town,,,Change of plans,Not Applicable,Not Applicable,Not Applicable,507,Not Applicable,0,,
2024-07-20 19:49:00,CNR3358532223,Success,CID191497,Bike,Richmond Town,Marathahalli,84.0,105.0,Not Applicable,Not Applicable,No,Not Applicable,305,UPI,49,4.0,4.5
2024-07-03 11:10:00,CNR1920356912,Success,CID309241,Bike,Vijayanagar,Mysore Road,77.0,70.0,Not Applicable,Not Applicable,No,Not Applicable,252,Cash,21,3.9,3.8
2024-07-06 12:08:00,CNR9227266181,Driver Not Found,CID491469,Auto,Vijayanagar,JP Nagar,,,Not Applicable,Not Applicable,Not Applicable,Not Applicable,180,Not Applicable,0,,
2024-07-20 19:54:00,CNR3592199374,Success,CID320361,Auto,Hennur,Banashankari,308.0,125.0,Not Applicable,Not Applicable,No,Not Applicable,481,Credit Card,1,4.2,3.7
2024-07-14 03:44:00,CNR4776083392,Success,CID672745,eBike,Cox Town,Banashankari,77.0,70.0,Not Applicable,Not Applicable,No,Not Applicable,588,Cash,37,4.7,4.3
2024-07-21 22:50:00,CNR2818951788,Success,CID105846,Prime Sedan,Cox Town,Malleshwaram,91.0,55.0,Not Applicable,Not Applicable,No,Not Applicable,642,Cash,23,3.1,3.1
2024-07-03 20:45:00,CNR9417022987,Canceled by Customer,CID209135,Prime Plus,Hulimavu,Whitefield,,,Driver is not moving towards pickup location,Not Applicable,Not Applicable,Not Applicable,204,Not Applicable,0,,
2024-07-04 23:03:00,CNR4414388280,Success,CID950712,eBike,HSR Layout,Yeshwanthpur,294.0,140.0,Not Applicable,Not Applicable,No,Not Applicable,229,Cash,18,3.4,3.1
2024-07-07 21:03:00,CNR1963375128,Success,CID650132,Prime SUV,Magadi Road,Electronic City,70.0,60.0,Not Applicable,Not Applicable,No,Not Applicable,213,Cash,29,3.6,4.9
2024-07-09 17:56:00,CNR7723357750,Canceled by Driver,CID501944,Auto,JP Nagar,Hennur,,,Not Applicable,Customer was coughing/sick,Not Applicable,Not Applicable,903,Not Applicable,0,,
2024-07-04 21:50:00,CNR9917281153,Canceled by Customer,CID618138,Prime Sedan,Marathahalli,Richmond Town,,,Driver asked to cancel,Not Applicable,Not Applicable,Not Applicable,2899,Not Applicable,0,,
2024-07-20 01:24:00,CNR2276318696,Success,CID735267,Auto,Tumkur Road,Banashankari,175.0,55.0,Not Applicable,Not Applicable,No,Not Applicable,526,Cash,17,4.3,5.0
2024-07-04 11:46:00,CNR7129369362,Canceled by Driver,CID725372,eBike,Yeshwanthpur,Marathahalli,,,Not Applicable,Customer related issue,Not Applicable,Not Applicable,818,Not Applicable,0,,
2024-07-26 11:04:00,CNR9798786762,Success,CID327342,eBike,Tumkur Road,Nagarbhavi,231.0,35.0,Not Applicable,Not Applicable,No,Not Applicable,704,Credit Card,41,3.6,4.7
2024-07-28 06:06:00,CNR2903181671,Success,CID313414,Auto,Basavanagudi,Hennur,189.0,65.0,Not Applicable,Not Applicable,No,Not Applicable,486,Cash,1,3.6,3.7
2024-07-01 09:11:00,CNR8714211349,Success,CID623375,Auto,Richmond Town,Richmond Town,133.0,65.0,Not Applicable,Not Applicable,No,Not Applicable,148,UPI,2,4.5,3.5
2024-07-17 03:44:00,CNR8203507765,Canceled by Customer,CID396303,Bike,Sahakar Nagar,Marathahalli,,,Driver is not moving towards pickup location,Not Applicable,Not Applicable,Not Applicable,2270,Not Applicable,0,,
2024-07-10 11:43:00,CNR2064513719,Success,CID148615,Mini,Ramamurthy Nagar,Shivajinagar,147.0,85.0,Not Applicable,Not Applicable,No,Not Applicable,2981,Cash,42,3.3,4.6
2024-07-05 21:34:00,CNR7072204709,Driver Not Found,CID569700,Prime Plus,Varthur,Whitefield,,,Not Applicable,Not Applicable,Not Applicable,Not Applicable,318,Not Applicable,0,,
2024-07-18 09:28:00,CNR1426300749,Success,CID539465,Bike,Devanahalli,Richmond Town,280.0,75.0,Not Applicable,Not Applicable,No,Not Applicable,405,UPI,29,3.1,3.2
2024-07-27 22:30:00,CNR4408302733,Success,CID188802,Auto,RT Nagar,Bellandur,266.0,105.0,Not Applicable,Not Applicable,No,Not Applicable,2588,UPI,17,4.5,3.9
2024-07-27 01:40:00,CNR2496348508,Success,CID966653,eBike,Hulimavu,Majestic,147.0,110.0,Not Applicable,Not Applicable,No,Not Applicable,2943,Cash,6,4.8,4.8
2024-07-07 00:19:00,CNR2881463364,Canceled by Driver,CID701485,eBike,RT Nagar,Magadi Road,,,Not Applicable,Personal & Car related issue,Not Applicable,Not Applicable,617,Not Applicable,0,,
2024-07-20 18:48:00,CNR4431798577,Success,CID296347,Auto,Kadugodi,Padmanabhanagar,196.0,145.0,Not Applicable,Not Applicable,No,Not Applicable,944,Cash,2,3.9,4.2
2024-07-13 16:58:00,CNR1119747906,Canceled by Driver,CID440571,eBike,Padmanabhanagar,HSR Layout,,,Not Applicable,Customer was coughing/sick,Not Applicable,Not Applicable,704,Not Applicable,0,,
2024-07-27 13:46:00,CNR4327949400,Success,CID377876,Bike,Langford Town,Tumkur Road,210.0,100.0,Not Applicable,Not Applicable,No,Not Applicable,186,Cash,17,4.5,3.8
2024-07-24 10:00:00,CNR2678755364,Success,CID506428,Prime SUV,Shivajinagar,Banashankari,231.0,65.0,Not Applicable,Not Applicable,No,Not Applicable,649,Cash,21,4.4,4.4
2024-07-19 07:01:00,CNR3852114634,Driver Not Found,CID668219,Auto,Hosur Road,Malleshwaram,,,Not Applicable,Not Applicable,Not Applicable,Not Applicable,286,Not Applicable,0,,
2024-07-21 06:01:00,CNR3380579684,Canceled by Driver,CID705767,Prime Sedan,Ramamurthy Nagar,Kadugodi,,,Not Applicable,More than permitted people in there,Not Applicable,Not Applicable,334,Not Applicable,0,,
2024-07-24 10:46:00,CNR5962206181,Driver Not Found,CID751377,Auto,Hosur Road,Hennur,,,Not Applicable,Not Applicable,Not Applicable,Not Applicable,253,Not Applicable,0,,
2024-07-06 03:54:00,CNR5426980184,Canceled by Customer,CID456519,Mini,Ramamurthy Nagar,Devanahalli,,,Driver asked to cancel,Not Applicable,Not Applicable,Not Applicable,334,Not Applicable,0,,
2024-07-13 18:05:00,CNR4907303095,Canceled by Customer,CID226739,Auto,Frazer Town,Bellandur,,,Driver is not moving towards pickup location,Not Applicable,Not Applicable,Not Applicable,909,Not Applicable,0,,
2024-07-19 21:53:00,CNR5632130891,Success,CID262140,Auto,Kammanahalli,Rajarajeshwari Nagar,217.0,105.0,Not Applicable,Not Applicable,Yes,Vehicle Breakdown,259,Cash,8,4.8,3.3
2024-07-18 02:59:00,CNR9328474409,Success,CID859137,Prime SUV,Hennur,Peenya,84.0,75.0,Not Applicable,Not Applicable,No,Not Applicable,200,UPI,9,4.0,4.7
2024-07-19 08:13:00,CNR9550178329,Driver Not Found,CID368276,Mini,Majestic,Devanahalli,,,Not Applicable,Not Applicable,Not Applicable,Not Applicable,992,Not Applicable,0,,
2024-07-28 11:58:00,CNR8468474378,Success,CID290419,eBike,Sarjapur Road,Malleshwaram,287.0,65.0,Not Applicable,Not Applicable,No,Not Applicable,252,UPI,45,4.2,3.6
2024-07-08 11:59:00,CNR3877156463,Success,CID995989,Bike,Richmond Town,Rajarajeshwari Nagar,224.0,70.0,Not Applicable,Not Applicable,No,Not Applicable,323,Cash,40,4.8,3.2
2024-07-04 05:46:00,CNR4617456463,Driver Not Found,CID415245,Auto,Hosur Road,Jayanagar,,,Not Applicable,Not Applicable,Not Applicable,Not Applicable,241,Not Applicable,0,,
2024-07-05 18:28:00,CNR7981497920,Canceled by Customer,CID129756,Prime Plus,Malleshwaram,Devanahalli,,,Driver is not moving towards pickup location,Not Applicable,Not Applicable,Not Applicable,269,Not Applicable,0,,
2024-07-18 12:19:00,CNR3345878771,Canceled by Driver,CID860530,eBike,Mysore Road,Marathahalli,,,Not Applicable,Personal & Car related issue,Not Applicable,Not Applicable,377,Not Applicable,0,,
2024-07-22 20:40:00,CNR7360140303,Success,CID352424,Prime SUV,Rajajinagar,BTM Layout,91.0,60.0,Not Applicable,Not Applicable,No,Not Applicable,313,UPI,21,4.5,4.4
2024-07-24 13:30:00,CNR1077210337,Success,CID143312,eBike,Chickpet,Peenya,133.0,120.0,Not Applicable,Not Applicable,No,Not Applicable,188,UPI,12,3.1,3.4
2024-07-04 13:54:00,CNR6560721046,Success,CID918310,Prime Plus,Nagarbhavi,Shivajinagar,56.0,110.0,Not Applicable,Not Applicable,No,Not Applicable,381,Cash,22,3.2,3.7
2024-07-07 22:33:00,CNR1754342479,Success,CID558591,Prime SUV,Cox Town,Shivajinagar,203.0,100.0,Not Applicable,Not Applicable,No,Not Applicable,439,Credit Card,48,4.0,4.5
2024-07-06 21:10:00,CNR1940829135,Success,CID378700,Prime Sedan,Chickpet,Padmanabhanagar,196.0,70.0,Not Applicable,Not Applicable,No,Not Applicable,536,Cash,19,3.4,3.1
2024-07-11 13:45:00,CNR4932997524,Success,CID983365,Bike,Malleshwaram,Rajajinagar,42.0,85.0,Not Applicable,Not Applicable,No,Not Applicable,419,Cash,16,4.1,4.5
2024-07-09 17:05:00,CNR9372514694,Canceled by Customer,CID804260,Mini,Devanahalli,Yeshwanthpur,,,Driver is not moving towards pickup location,Not Applicable,Not Applicable,Not Applicable,311,Not Applicable,0,,
2024-07-18 04:11:00,CNR4950493330,Canceled by Driver,CID770228,Bike,Rajarajeshwari Nagar,Yelahanka,,,Not Applicable,Customer was coughing/sick,Not Applicable,Not Applicable,106,Not Applicable,0,,
2024-07-21 06:04:00,CNR5105030757,Success,CID512236,Bike,Devanahalli,Banashankari,42.0,120.0,Not Applicable,Not Applicable,No,Not Applicable,365,Cash,33,4.7,3.0
2024-07-27 20:54:00,CNR6242964179,Success,CID751875,eBike,Kammanahalli,Cox Town,105.0,80.0,Not Applicable,Not Applicable,No,Not Applicable,188,UPI,39,4.9,3.9
2024-07-12 18:55:00,CNR2429790025,Success,CID956990,eBike,Hulimavu,Frazer Town,217.0,115.0,Not Applicable,Not Applicable,No,Not Applicable,200,Cash,8,3.6,4.1
2024-07-30 19:12:00,CNR3313072658,Success,CID882393,Bike,Chamarajpet,Hebbal,210.0,95.0,Not Applicable,Not Applicable,No,Not Applicable,100,Cash,16,3.5,4.1
2024-07-04 11:45:00,CNR1238026764,Success,CID379686,Prime SUV,Hennur,Electronic City,189.0,45.0,Not Applicable,Not Applicable,No,Not Applicable,244,Cash,47,3.5,4.7
2024-07-04 12:36:00,CNR3761044152,Success,CID210747,Auto,Chickpet,Richmond Town,182.0,115.0,Not Applicable,Not Applicable,No,Not Applicable,227,Cash,15,3.4,3.3
2024-07-05 01:20:00,CNR7551872951,Success,CID560105,Prime SUV,Devanahalli,BTM Layout,217.0,45.0,Not Applicable,Not Applicable,No,Not Applicable,396,Cash,45,4.3,4.5
2024-07-09 02:46:00,CNR4010179158,Success,CID464404,Prime Plus,Devanahalli,Frazer Town,273.0,80.0,Not Applicable,Not Applicable,No,Not Applicable,660,UPI,15,4.1,4.3
2024-07-23 23:15:00,CNR4968817101,Success,CID649094,Prime Plus,MG Road,Nagarbhavi,252.0,130.0,Not Applicable,Not Applicable,No,Not Applicable,2275,Cash,14,4.5,4.3
2024-07-04 22:29:00,CNR9722888261,Success,CID833411,Auto,HSR Layout,Hosur Road,231.0,25.0,Not Applicable,Not Applicable,No,Not Applicable,495,UPI,14,4.0,4.6
2024-07-02 11:42:00,CNR2234101714,Success,CID890360,Prime SUV,Nagarbhavi,Tumkur Road,133.0,105.0,Not Applicable,Not Applicable,No,Not Applicable,250,Cash,18,4.6,3.4
2024-07-20 06:52:00,CNR6880723192,Success,CID536823,eBike,Devanahalli,Bannerghatta Road,266.0,80.0,Not Applicable,Not Applicable,No,Not Applicable,499,UPI,28,3.3,3.6
2024-07-21 10:21:00,CNR5401822606,Success,CID140479,eBike,Electronic City,JP Nagar,259.0,30.0,Not Applicable,Not Applicable,No,Not Applicable,651,Cash,37,4.7,4.5
2024-07-03 04:50:00,CNR6932529155,Success,CID434232,Mini,Cox Town,Peenya,287.0,25.0,Not Applicable,Not Applicable,No,Not Applicable,677,UPI,44,3.8,4.2
2024-07-16 15:27:00,CNR9583658222,Success,CID913028,Prime Plus,Chickpet,Kadugodi,98.0,140.0,Not Applicable,Not Applicable,No,Not Applicable,2577,Cash,8,5.0,4.7
2024-07-16 12:02:00,CNR1724611940,Canceled by Driver,CID301233,Auto,Basavanagudi,Banashankari,,,Not Applicable,Customer was coughing/sick,Not Applicable,Not Applicable,1716,Not Applicable,0,,
2024-07-13 15:13:00,CNR5416207936,Canceled by Customer,CID100939,eBike,Langford Town,Hulimavu,,,Change of plans,Not Applicable,Not Applicable,Not Applicable,2578,Not Applicable,0,,
2024-07-18 05:11:00,CNR8976086426,Success,CID171206,Auto,KR Puram,Rajajinagar,196.0,135.0,Not Applicable,Not Applicable,No,Not Applicable,607,UPI,17,5.0,4.0
2024-07-06 16:36:00,CNR2009202681,Success,CID245563,Auto,Ramamurthy Nagar,BTM Layout,231.0,85.0,Not Applicable,Not Applicable,No,Not Applicable,270,Cash,5,4.7,3.4
2024-07-29 23:17:00,CNR1385366067,Success,CID645560,eBike,Kadugodi,Sarjapur Road,273.0,30.0,Not Applicable,Not Applicable,No,Not Applicable,134,UPI,17,4.2,4.1
2024-07-16 04:15:00,CNR7163746301,Success,CID217969,Prime SUV,BTM Layout,Cox Town,238.0,40.0,Not Applicable,Not Applicable,No,Not Applicable,735,Cash,26,4.4,4.5
2024-07-26 20:58:00,CNR4427768736,Success,CID891097,Prime SUV,Rajarajeshwari Nagar,RT Nagar,217.0,100.0,Not Applicable,Not Applicable,No,Not Applicable,255,UPI,15,4.8,3.1
2024-07-24 07:16:00,CNR3392282011,Success,CID980881,eBike,Koramangala,Bellandur,77.0,80.0,Not Applicable,Not Applicable,No,Not Applicable,602,UPI,10,4.1,4.0
2024-07-04 13:52:00,CNR4435631640,Driver Not Found,CID892020,eBike,Magadi Road,Magadi Road,,,Not Applicable,Not Applicable,Not Applicable,Not Applicable,105,Not Applicable,0,,
2024-07-26 19:50:00,CNR5447969545,Success,CID366314,eBike,Rajajinagar,Whitefield,245.0,135.0,Not Applicable,Not Applicable,No,Not Applicable,756,UPI,2,4.1,3.9
2024-07-30 02:16:00,CNR1578589396,Success,CID210478,Prime SUV,Kammanahalli,Chamarajpet,168.0,75.0,Not Applicable,Not Applicable,No,Not Applicable,1848,Cash,32,4.5,4.7
2024-07-28 20:03:00,CNR5769949311,Driver Not Found,CID623497,eBike,Devanahalli,Koramangala,,,Not Applicable,Not Applicable,Not Applicable,Not Applicable,346,Not Applicable,0,,
2024-07-18 17:53:00,CNR4972054749,Success,CID316822,Prime Plus,Sarjapur Road,Mysore Road,301.0,35.0,Not Applicable,Not Applicable,No,Not Applicable,305,Cash,44,4.5,4.0
2024-07-16 06:12:00,CNR2336610407,Canceled by Driver,CID538062,Mini,Richmond Town,Whitefield,,,Not Applicable,Personal & Car related issue,Not Applicable,Not Applicable,105,Not Applicable,0,,
2024-07-26 15:27:00,CNR3135283789,Canceled by Driver,CID414276,Mini,Richmond Town,Devanahalli,,,Not Applicable,Personal & Car related issue,Not Applicable,Not Applicable,150,Not Applicable,0,,
2024-07-18 16:37:00,CNR9595484662,Success,CID572554,Prime Plus,Mysore Road,Rajajinagar,91.0,25.0,Not Applicable,Not Applicable,No,Not Applicable,2630,Cash,18,3.2,4.8
2024-07-18 02:47:00,CNR9518779357,Canceled by Driver,CID323734,Prime SUV,Koramangala,Varthur,,,Not Applicable,Personal & Car related issue,Not Applicable,Not Applicable,386,Not Applicable,0,,
2024-07-24 15:40:00,CNR4471168813,Success,CID851826,Bike,Chickpet,JP Nagar,196.0,115.0,Not Applicable,Not Applicable,No,Not Applicable,409,Cash,33,4.5,4.2
2024-07-10 04:20:00,CNR6589431702,Canceled by Driver,CID495064,Mini,Hebbal,Vijayanagar,,,Not Applicable,Personal & Car related issue,Not Applicable,Not Applicable,936,Not Applicable,0,,
2024-07-29 20:44:00,CNR5845643180,Success,CID777321,Prime Plus,HSR Layout,Sarjapur Road,112.0,85.0,Not Applicable,Not Applicable,No,Not Applicable,154,Cash,23,3.3,3.5
2024-07-03 17:12:00,CNR7407005048,Success,CID556119,eBike,Hebbal,Koramangala,49.0,105.0,Not Applicable,Not Applicable,No,Not Applicable,945,Cash,25,3.1,4.4
2024-07-03 22:12:00,CNR3862888051,Canceled by Driver,CID294354,Prime SUV,Kengeri,Hosur Road,,,Not Applicable,Customer related issue,Not Applicable,Not Applicable,330,Not Applicable,0,,
2024-07-15 19:58:00,CNR9526374184,Success,CID806883,Prime Sedan,Kammanahalli,Chamarajpet,161.0,130.0,Not Applicable,Not Applicable,No,Not Applicable,249,Cash,7,4.2,4.3
2024-07-25 09:02:00,CNR1689379501,Canceled by Driver,CID829540,Mini,Nagarbhavi,Padmanabhanagar,,,Not Applicable,Customer was coughing/sick,Not Applicable,Not Applicable,349,Not Applicable,0,,
2024-07-06 23:40:00,CNR8098777424,Success,CID771922,Mini,HSR Layout,Varthur,49.0,125.0,Not Applicable,Not Applicable,No,Not Applicable,260,Cash,34,4.6,3.8
2024-07-18 14:59:00,CNR6566437147,Success,CID996546,Bike,Chamarajpet,Kammanahalli,154.0,55.0,Not Applicable,Not Applicable,No,Not Applicable,142,UPI,9,3.2,4.3
2024-07-22 17:44:00,CNR1486209892,Success,CID916633,Auto,Chickpet,Ulsoor,70.0,55.0,Not Applicable,Not Applicable,No,Not Applicable,828,UPI,16,3.8,3.2
2024-07-30 06:10:00,CNR5315081102,Success,CID284453,Prime Sedan,Ulsoor,Basavanagudi,56.0,125.0,Not Applicable,Not Applicable,No,Not Applicable,286,Cash,19,4.4,4.1
2024-07-29 15:54:00,CNR2942042373,Success,CID180500,Prime Sedan,Kammanahalli,Kadugodi,259.0,110.0,Not Applicable,Not Applicable,No,Not Applicable,106,UPI,13,5.0,4.8
2024-07-24 13:30:00,CNR3471634995,Success,CID689317,Prime SUV,Bannerghatta Road,Jayanagar,119.0,55.0,Not Applicable,Not Applicable,No,Not Applicable,1263,UPI,20,4.9,4.7
2024-07-10 12:41:00,CNR3484862805,Canceled by Driver,CID838447,Prime SUV,Devanahalli,Tumkur Road,,,Not Applicable,Personal & Car related issue,Not Applicable,Not Applicable,322,Not Applicable,0,,
2024-07-18 23:02:00,CNR7214652071,Success,CID336908,Prime Plus,BTM Layout,Bannerghatta Road,77.0,85.0,Not Applicable,Not Applicable,No,Not Applicable,720,Credit Card,31,3.8,4.9
2024-07-05 01:28:00,CNR2302110807,Canceled by Driver,CID535312,Prime Plus,MG Road,HSR Layout,,,Not Applicable,More than permitted people in there,Not Applicable,Not Applicable,333,Not Applicable,0,,
2024-07-21 10:23:00,CNR8174121819,Success,CID965437,Bike,Malleshwaram,Cox Town,63.0,95.0,Not Applicable,Not Applicable,No,Not Applicable,1931,Cash,16,4.7,3.5
2024-07-26 09:35:00,CNR1289260254,Canceled by Customer,CID551288,Mini,Hulimavu,Chickpet,,,Driver asked to cancel,Not Applicable,Not Applicable,Not Applicable,978,Not Applicable,0,,
2024-07-28 03:23:00,CNR2844318411,Success,CID657126,Bike,Devanahalli,Frazer Town,252.0,60.0,Not Applicable,Not Applicable,No,Not Applicable,931,UPI,33,4.4,4.5
2024-07-02 19:42:00,CNR9852720813,Success,CID541983,Bike,Mysore Road,Marathahalli,203.0,130.0,Not Applicable,Not Applicable,No,Not Applicable,599,Cash,8,3.3,3.5
2024-07-17 11:18:00,CNR5218919169,Success,CID591795,eBike,Devanahalli,Kengeri,140.0,95.0,Not Applicable,Not Applicable,Yes,Customer Demand,116,UPI,31,3.6,4.0
2024-07-30 19:17:00,CNR2280585358,Canceled by Customer,CID580822,Prime Sedan,Chamarajpet,Ramamurthy Nagar,,,Change of plans,Not Applicable,Not Applicable,Not Applicable,446,Not Applicable,0,,
2024-07-08 15:41:00,CNR6106951756,Success,CID240699,Prime Plus,Bannerghatta Road,Basavanagudi,42.0,30.0,Not Applicable,Not Applicable,Yes,Vehicle Breakdown,959,UPI,23,4.5,3.1
2024-07-13 03:41:00,CNR8143924412,Success,CID876668,Prime Plus,Hebbal,BTM Layout,224.0,105.0,Not Applicable,Not Applicable,No,Not Applicable,479,UPI,27,4.6,3.3
2024-07-30 13:22:00,CNR8486823454,Success,CID767277,Mini,Yelahanka,Majestic,245.0,115.0,Not Applicable,Not Applicable,No,Not Applicable,247,UPI,9,3.2,4.0
2024-07-05 03:38:00,CNR4202670070,Success,CID795547,Prime SUV,Hennur,Cox Town,280.0,115.0,Not Applicable,Not Applicable,No,Not Applicable,473,UPI,5,3.3,5.0
2024-07-19 10:31:00,CNR2114239824,Success,CID792656,Auto,Sahakar Nagar,Chamarajpet,161.0,40.0,Not Applicable,Not Applicable,No,Not Applicable,361,UPI,11,3.2,3.9
2024-07-03 19:32:00,CNR3608735442,Success,CID204512,Prime Sedan,Langford Town,Sarjapur Road,266.0,30.0,Not Applicable,Not Applicable,No,Not Applicable,203,UPI,32,3.0,3.6
2024-07-24 08:11:00,CNR6363646199,Canceled by Customer,CID166611,Auto,BTM Layout,Kengeri,,,Change of plans,Not Applicable,Not Applicable,Not Applicable,198,Not Applicable,0,,
2024-07-14 20:23:00,CNR7412838030,Success,CID279257,Prime Plus,Basavanagudi,Kengeri,259.0,145.0,Not Applicable,Not Applicable,No,Not Applicable,495,Debit Card,43,4.8,3.3
2024-07-22 18:36:00,CNR5606954250,Canceled by Driver,CID512915,Auto,JP Nagar,Peenya,,,Not Applicable,Customer was coughing/sick,Not Applicable,Not Applicable,1124,Not Applicable,0,,
2024-07-30 15:54:00,CNR6851390859,Success,CID586280,Prime Sedan,Rajarajeshwari Nagar,Vijayanagar,287.0,90.0,Not Applicable,Not Applicable,No,Not Applicable,343,UPI,43,4.9,4.1
2024-07-23 15:18:00,CNR9557928657,Success,CID299905,Prime SUV,Hebbal,Malleshwaram,259.0,60.0,Not Applicable,Not Applicable,No,Not Applicable,2009,UPI,4,4.7,4.7
2024-07-28 22:05:00,CNR1971230248,Driver Not Found,CID959276,eBike,Yelahanka,Shivajinagar,,,Not Applicable,Not Applicable,Not Applicable,Not Applicable,342,Not Applicable,0,,
2024-07-23 18:46:00,CNR8883412398,Success,CID233429,Auto,Banashankari,Electronic City,133.0,140.0,Not Applicable,Not Applicable,No,Not Applicable,816,Credit Card,5,3.5,3.6
2024-07-28 11:24:00,CNR4921589294,Success,CID990621,eBike,Rajarajeshwari Nagar,BTM Layout,154.0,90.0,Not Applicable,Not Applicable,No,Not Applicable,256,UPI,41,3.6,4.4
2024-07-27 02:17:00,CNR7760041739,Canceled by Driver,CID349707,Prime SUV,Hosur Road,Devanahalli,,,Not Applicable,More than permitted people in there,Not Applicable,Not Applicable,321,Not Applicable,0,,
2024-07-15 06:09:00,CNR4884706722,Canceled by Driver,CID981954,Mini,RT Nagar,KR Puram,,,Not Applicable,Personal & Car related issue,Not Applicable,Not Applicable,790,Not Applicable,0,,
2024-07-29 03:08:00,CNR1175462088,Success,CID846522,Prime Sedan,Chickpet,Langford Town,266.0,100.0,Not Applicable,Not Applicable,No,Not Applicable,414,UPI,20,3.6,3.8
2024-07-24 02:30:00,CNR8251508158,Success,CID886223,Prime Sedan,KR Puram,BTM Layout,168.0,65.0,Not Applicable,Not Applicable,No,Not Applicable,347,UPI,35,4.9,5.0
2024-07-08 19:21:00,CNR7825480138,Success,CID751610,Prime SUV,Cox Town,BTM Layout,294.0,45.0,Not Applicable,Not Applicable,No,Not Applicable,244,Cash,25,4.8,3.9
2024-07-09 06:51:00,CNR3611941733,Success,CID917830,Prime Sedan,HSR Layout,KR Puram,63.0,100.0,Not Applicable,Not Applicable,No,Not Applicable,297,Cash,30,4.1,3.8
2024-07-15 16:30:00,CNR3077388167,Success,CID289067,Prime SUV,Shantinagar,Tumkur Road,287.0,80.0,Not Applicable,Not Applicable,Yes,Vehicle Breakdown,164,UPI,39,4.7,4.9
2024-07-01 17:13:00,CNR1952935984,Success,CID222288,Auto,Richmond Town,Rajajinagar,105.0,25.0,Not Applicable,Not Applicable,No,Not Applicable,451,Cash,18,4.7,3.5
2024-07-11 10:08:00,CNR6026314536,Success,CID302214,Prime Plus,Sarjapur Road,Basavanagudi,112.0,145.0,Not Applicable,Not Applicable,No,Not Applicable,188,Cash,44,3.1,4.1
2024-07-10 00:20:00,CNR6424647069,Success,CID746763,Mini,Hennur,Bellandur,42.0,30.0,Not Applicable,Not Applicable,No,Not Applicable,190,Cash,32,3.9,3.1
2024-07-09 03:01:00,CNR6083708603,Driver Not Found,CID338844,Bike,Shantinagar,Padmanabhanagar,,,Not Applicable,Not Applicable,Not Applicable,Not Applicable,2766,Not Applicable,0,,
2024-07-29 01:26:00,CNR4086934363,Canceled by Driver,CID592760,Prime Sedan,Bellandur,Peenya,,,Not Applicable,Customer related issue,Not Applicable,Not Applicable,358,Not Applicable,0,,
2024-07-20 06:50:00,CNR3448786368,Success,CID938973,eBike,BTM Layout,Kadugodi,98.0,145.0,Not Applicable,Not Applicable,No,Not Applicable,175,UPI,16,3.1,3.4
2024-07-10 21:19:00,CNR3193617760,Success,CID130604,Prime Sedan,Chickpet,Banashankari,238.0,85.0,Not Applicable,Not Applicable,No,Not Applicable,148,Cash,48,4.6,4.1
2024-07-10 23:37:00,CNR2211654510,Driver Not Found,CID318937,Bike,Nagarbhavi,Marathahalli,,,Not Applicable,Not Applicable,Not Applicable,Not Applicable,715,Not Applicable,0,,
2024-07-01 19:24:00,CNR6254557485,Success,CID986566,Prime SUV,Marathahalli,JP Nagar,259.0,65.0,Not Applicable,Not Applicable,No,Not Applicable,202,UPI,1,3.7,4.5
2024-07-19 21:44:00,CNR9033523811,Canceled by Driver,CID227258,Prime SUV,BTM Layout,Mysore Road,,,Not Applicable,More than permitted people in there,Not Applicable,Not Applicable,156,Not Applicable,0,,
2024-07-16 20:18:00,CNR5572979664,Driver Not Found,CID411910,eBike,Richmond Town,Richmond Town,,,Not Applicable,Not Applicable,Not Applicable,Not Applicable,264,Not Applicable,0,,
2024-07-28 13:25:00,CNR6385712766,Driver Not Found,CID637194,eBike,Koramangala,Padmanabhanagar,,,Not Applicable,Not Applicable,Not Applicable,Not Applicable,154,Not Applicable,0,,
2024-07-09 08:15:00,CNR8879133515,Driver Not Found,CID884759,Mini,Mysore Road,Richmond Town,,,Not Applicable,Not Applicable,Not Applicable,Not Applicable,1620,Not Applicable,0,,
2024-07-23 22:08:00,CNR5858174170,Success,CID299298,eBike,Kammanahalli,JP Nagar,161.0,110.0,Not Applicable,Not Applicable,No,Not Applicable,174,UPI,16,4.0,3.6
2024-07-15 14:15:00,CNR8105228507,Canceled by Driver,CID459040,eBike,Tumkur Road,Frazer Town,,,Not Applicable,Personal & Car related issue,Not Applicable,Not Applicable,2487,Not Applicable,0,,
2024-07-12 15:27:00,CNR2282475158,Success,CID186308,eBike,Nagarbhavi,Sahakar Nagar,112.0,40.0,Not Applicable,Not Applicable,No,Not Applicable,658,Cash,11,3.6,3.9
2024-07-14 23:38:00,CNR9732984976,Success,CID635255,Mini,Hebbal,BTM Layout,182.0,55.0,Not Applicable,Not Applicable,Yes,Vehicle Breakdown,254,UPI,38,4.3,3.1
2024-07-01 17:50:00,CNR5908770817,Success,CID219356,eBike,Hulimavu,Chamarajpet,189.0,50.0,Not Applicable,Not Applicable,No,Not Applicable,804,Credit Card,47,3.5,4.3
2024-07-30 18:44:00,CNR7505460103,Success,CID361510,Prime Plus,Bellandur,Vijayanagar,126.0,35.0,Not Applicable,Not Applicable,No,Not Applicable,2112,Cash,36,3.5,3.2
2024-07-24 14:57:00,CNR3170865798,Success,CID752799,Prime Sedan,Hulimavu,Indiranagar,56.0,50.0,Not Applicable,Not Applicable,No,Not Applicable,119,Cash,6,4.7,4.5
2024-07-08 06:21:00,CNR4445650336,Success,CID134504,Bike,Banashankari,Jayanagar,210.0,95.0,Not Applicable,Not Applicable,No,Not Applicable,135,UPI,8,3.5,4.7
2024-07-20 21:50:00,CNR2130179271,Success,CID622182,Prime Plus,Tumkur Road,Electronic City,301.0,95.0,Not Applicable,Not Applicable,Yes,Customer Demand,366,Cash,16,4.1,3.2
2024-07-21 09:39:00,CNR5886054405,Canceled by Driver,CID719379,eBike,Richmond Town,Langford Town,,,Not Applicable,Customer was coughing/sick,Not Applicable,Not Applicable,183,Not Applicable,0,,
2024-07-08 05:43:00,CNR1671672723,Success,CID710989,eBike,Hebbal,Rajarajeshwari Nagar,119.0,140.0,Not Applicable,Not Applicable,No,Not Applicable,238,Cash,9,4.7,4.4
2024-07-30 10:12:00,CNR3748772929,Success,CID823607,Prime Plus,Hebbal,Ramamurthy Nagar,231.0,75.0,Not Applicable,Not Applicable,No,Not Applicable,419,Cash,42,3.0,3.6
2024-07-06 03:20:00,CNR2785071413,Success,CID284822,Bike,Bellandur,Kengeri,140.0,100.0,Not Applicable,Not Applicable,No,Not Applicable,427,Cash,20,4.3,4.2
2024-07-20 10:21:00,CNR6604347640,Canceled by Driver,CID667861,eBike,Chamarajpet,Koramangala,,,Not Applicable,Personal & Car related issue,Not Applicable,Not Applicable,461,Not Applicable,0,,
2024-07-03 09:12:00,CNR3624318328,Success,CID622769,Prime Sedan,Langford Town,Jayanagar,189.0,100.0,Not Applicable,Not Applicable,No,Not Applicable,127,UPI,1,4.8,4.5
2024-07-30 20:34:00,CNR3073966982,Canceled by Customer,CID836477,Prime Sedan,Tumkur Road,Frazer Town,,,AC is Not working,Not Applicable,Not Applicable,Not Applicable,2136,Not Applicable,0,,
2024-07-07 00:09:00,CNR7759666081,Success,CID974099,Prime Plus,Bannerghatta Road,Majestic,112.0,95.0,Not Applicable,Not Applicable,No,Not Applicable,803,Cash,10,4.3,4.0
2024-07-06 23:57:00,CNR6165939574,Success,CID990801,Prime SUV,Tumkur Road,Magadi Road,35.0,105.0,Not Applicable,Not Applicable,No,Not Applicable,144,UPI,25,3.4,4.7
2024-07-19 07:43:00,CNR9580925970,Success,CID752527,Bike,Ramamurthy Nagar,Tumkur Road,301.0,30.0,Not Applicable,Not Applicable,No,Not Applicable,114,Cash,39,3.8,3.5
2024-07-10 13:07:00,CNR4205988190,Success,CID318749,Prime Sedan,Padmanabhanagar,Jayanagar,238.0,25.0,Not Applicable,Not Applicable,No,Not Applicable,294,Cash,23,4.9,3.0
2024-07-25 00:38:00,CNR6447315253,Canceled by Driver,CID335600,Bike,Banashankari,Richmond Town,,,Not Applicable,Customer was coughing/sick,Not Applicable,Not Applicable,164,Not Applicable,0,,
2024-07-23 01:22:00,CNR1359319063,Canceled by Customer,CID281900,eBike,Kengeri,Electronic City,,,AC is Not working,Not Applicable,Not Applicable,Not Applicable,289,Not Applicable,0,,
2024-07-24 22:49:00,CNR4846727956,Success,CID705401,Prime SUV,Malleshwaram,Basavanagudi,231.0,30.0,Not Applicable,Not Applicable,No,Not Applicable,2530,UPI,29,3.5,3.9
2024-07-23 22:18:00,CNR1736400677,Success,CID322546,Auto,Banashankari,Ramamurthy Nagar,175.0,115.0,Not Applicable,Not Applicable,No,Not Applicable,693,Cash,12,3.1,4.3
2024-07-27 09:58:00,CNR4540838883,Success,CID458919,Prime Plus,Nagarbhavi,Marathahalli,161.0,100.0,Not Applicable,Not Applicable,No,Not Applicable,206,UPI,45,3.7,4.0
2024-07-05 08:27:00,CNR6588949173,Success,CID151756,Prime Plus,Varthur,KR Puram,287.0,130.0,Not Applicable,Not Applicable,No,Not Applicable,483,Cash,31,3.6,4.1
2024-07-16 02:11:00,CNR2644197902,Canceled by Driver,CID247313,Bike,Hebbal,Hulimavu,,,Not Applicable,Personal & Car related issue,Not Applicable,Not Applicable,435,Not Applicable,0,,
2024-07-15 17:56:00,CNR3545023898,Success,CID707350,Prime SUV,Bellandur,Jayanagar,189.0,65.0,Not Applicable,Not Applicable,No,Not Applicable,202,UPI,35,3.6,4.7
2024-07-26 16:23:00,CNR6159057427,Success,CID504821,Prime SUV,Electronic City,MG Road,280.0,130.0,Not Applicable,Not Applicable,No,Not Applicable,118,Cash,49,4.5,3.5
2024-07-05 20:21:00,CNR7993003664,Success,CID230021,eBike,Frazer Town,Hennur,154.0,145.0,Not Applicable,Not Applicable,No,Not Applicable,289,UPI,23,4.0,4.7
2024-07-05 18:24:00,CNR4922841041,Canceled by Driver,CID613499,Prime Plus,Rajarajeshwari Nagar,Vijayanagar,,,Not Applicable,Personal & Car related issue,Not Applicable,Not Applicable,439,Not Applicable,0,,
2024-07-26 17:36:00,CNR2929712770,Success,CID496411,Mini,HSR Layout,BTM Layout,49.0,70.0,Not Applicable,Not Applicable,No,Not Applicable,1478,UPI,30,5.0,3.8
2024-07-24 14:39:00,CNR4657380021,Canceled by Driver,CID176709,Auto,BTM Layout,Yelahanka,,,Not Applicable,Customer related issue,Not Applicable,Not Applicable,948,Not Applicable,0,,
2024-07-23 21:31:00,CNR1063946843,Canceled by Driver,CID381445,Auto,Shantinagar,Langford Town,,,Not Applicable,Personal & Car related issue,Not Applicable,Not Applicable,156,Not Applicable,0,,
2024-07-16 10:07:00,CNR2368341316,Success,CID553539,eBike,Shantinagar,Devanahalli,77.0,50.0,Not Applicable,Not Applicable,No,Not Applicable,1286,UPI,34,3.2,3.3
2024-07-04 08:27:00,CNR4333972005,Canceled by Customer,CID526019,Auto,Tumkur Road,Sarjapur Road,,,Driver asked to cancel,Not Applicable,Not Applicable,Not Applicable,357,Not Applicable,0,,
2024-07-28 08:14:00,CNR2564517772,Success,CID187875,Prime Sedan,Malleshwaram,Varthur,294.0,35.0,Not Applicable,Not Applicable,No,Not Applicable,189,UPI,49,4.4,3.8
2024-07-16 09:32:00,CNR9040947027,Success,CID198451,Prime Plus,Varthur,Whitefield,49.0,115.0,Not Applicable,Not Applicable,No,Not Applicable,168,UPI,20,3.9,4.3
2024-07-21 14:29:00,CNR8424473799,Driver Not Found,CID561676,eBike,Marathahalli,Indiranagar,,,Not Applicable,Not Applicable,Not Applicable,Not Applicable,938,Not Applicable,0,,
2024-07-02 11:59:00,CNR3375150235,Driver Not Found,CID158443,Mini,Kammanahalli,MG Road,,,Not Applicable,Not Applicable,Not Applicable,Not Applicable,392,Not Applicable,0,,
2024-07-27 05:09:00,CNR5379640148,Success,CID391185,Prime SUV,Mysore Road,Nagarbhavi,308.0,60.0,Not Applicable,Not Applicable,No,Not Applicable,147,Cash,27,4.1,3.1
2024-07-07 21:02:00,CNR4332779349,Success,CID620835,Auto,Bannerghatta Road,Indiranagar,231.0,70.0,Not Applicable,Not Applicable,No,Not Applicable,854,Cash,6,3.7,4.5
2024-07-10 03:20:00,CNR1366112647,Success,CID673056,Prime Sedan,Bellandur,Kadugodi,140.0,85.0,Not Applicable,Not Applicable,No,Not Applicable,273,Cash,9,3.4,3.8
2024-07-20 16:51:00,CNR9047160691,Success,CID615125,Mini,Sahakar Nagar,MG Road,112.0,60.0,Not Applicable,Not Applicable,No,Not Applicable,382,Cash,30,3.9,4.3
2024-07-24 17:44:00,CNR6038587548,Success,CID122391,Auto,RT Nagar,Kammanahalli,35.0,140.0,Not Applicable,Not Applicable,Yes,Other Issue,473,Cash,4,4.0,4.5
2024-07-03 20:44:00,CNR2683526642,Success,CID640267,Auto,Frazer Town,Mysore Road,161.0,85.0,Not Applicable,Not Applicable,No,Not Applicable,215,UPI,3,3.9,3.5
2024-07-04 18:02:00,CNR9740455511,Success,CID339843,Mini,Hebbal,Sahakar Nagar,70.0,30.0,Not Applicable,Not Applicable,No,Not Applicable,407,Cash,9,3.7,4.3
2024-07-11 14:43:00,CNR3932129912,Success,CID366783,Prime Sedan,BTM Layout,KR Puram,203.0,95.0,Not Applicable,Not Applicable,No,Not Applicable,1112,Cash,45,4.0,4.8
2024-07-27 09:30:00,CNR2127825179,Success,CID911423,eBike,Marathahalli,Kammanahalli,259.0,130.0,Not Applicable,Not Applicable,No,Not Applicable,164,Cash,1,3.9,3.0
2024-07-12 21:51:00,CNR8971177253,Success,CID324813,Prime Plus,Kadugodi,Yeshwanthpur,308.0,80.0,Not Applicable,Not Applicable,No,Not Applicable,129,Cash,19,4.5,3.8
2024-07-01 04:57:00,CNR2673699165,Canceled by Driver,CID183410,Prime Plus,Hosur Road,Whitefield,,,Not Applicable,Customer related issue,Not Applicable,Not Applicable,1852,Not Applicable,0,,
2024-07-22 22:11:00,CNR3008811760,Driver Not Found,CID400868,Bike,Sarjapur Road,Whitefield,,,Not Applicable,Not Applicable,Not Applicable,Not Applicable,1642,Not Applicable,0,,
2024-07-04 01:46:00,CNR3095730410,Canceled by Driver,CID948219,Prime Plus,Peenya,Rajarajeshwari Nagar,,,Not Applicable,Customer related issue,Not Applicable,Not Applicable,401,Not Applicable,0,,
2024-07-25 12:33:00,CNR6873528933,Canceled by Customer,CID251927,Prime Sedan,Hennur,Tumkur Road,,,Change of plans,Not Applicable,Not Applicable,Not Applicable,169,Not Applicable,0,,
2024-07-02 23:09:00,CNR1432644043,Success,CID830048,Auto,Kengeri,Indiranagar,259.0,80.0,Not Applicable,Not Applicable,No,Not Applicable,141,Cash,11,3.3,4.4
2024-07-25 23:52:00,CNR7807896473,Success,CID189578,eBike,KR Puram,Cox Town,35.0,55.0,Not Applicable,Not Applicable,No,Not Applicable,714,UPI,15,3.6,3.1
2024-07-23 13:00:00,CNR4896568439,Success,CID869592,eBike,Rajajinagar,Electronic City,266.0,60.0,Not Applicable,Not Applicable,No,Not Applicable,763,UPI,42,3.3,4.9
2024-07-23 09:14:00,CNR4663954039,Canceled by Driver,CID120739,Prime Sedan,Mysore Road,Devanahalli,,,Not Applicable,Customer related issue,Not Applicable,Not Applicable,433,Not Applicable,0,,
2024-07-19 06:07:00,CNR1176606322,Driver Not Found,CID550094,eBike,Cox Town,Ramamurthy Nagar,,,Not Applicable,Not Applicable,Not Applicable,Not Applicable,968,Not Applicable,0,,
2024-07-10 00:46:00,CNR5323157013,Success,CID989217,Prime Sedan,Whitefield,Yelahanka,210.0,145.0,Not Applicable,Not Applicable,No,Not Applicable,458,Cash,29,3.9,4.2
2024-07-15 16:17:00,CNR2301163652,Success,CID989616,Bike,JP Nagar,Jayanagar,98.0,125.0,Not Applicable,Not Applicable,No,Not Applicable,264,UPI,5,3.9,4.9
2024-07-24 05:34:00,CNR1587753837,Success,CID703065,Bike,Shantinagar,KR Puram,301.0,25.0,Not Applicable,Not Applicable,No,Not Applicable,102,Cash,5,4.5,4.3
2024-07-06 04:10:00,CNR2975896773,Success,CID323606,eBike,Hosur Road,Kengeri,35.0,90.0,Not Applicable,Not Applicable,No,Not Applicable,869,UPI,24,4.4,3.6
2024-07-16 00:42:00,CNR7679268356,Success,CID789570,Auto,Whitefield,Cox Town,266.0,110.0,Not Applicable,Not Applicable,No,Not Applicable,561,UPI,1,4.8,3.1
2024-07-29 21:28:00,CNR4666261225,Success,CID722195,Mini,Tumkur Road,KR Puram,56.0,60.0,Not Applicable,Not Applicable,No,Not Applicable,302,Cash,15,5.0,4.6
2024-07-15 10:02:00,CNR8514850396,Success,CID307028,Mini,KR Puram,Frazer Town,91.0,55.0,Not Applicable,Not Applicable,No,Not Applicable,367,UPI,16,3.2,3.2
2024-07-03 05:04:00,CNR3275922995,Success,CID449463,Prime Sedan,MG Road,Devanahalli,119.0,145.0,Not Applicable,Not Applicable,No,Not Applicable,792,UPI,18,4.7,3.1
2024-07-15 12:24:00,CNR7345254487,Success,CID928006,Bike,Sahakar Nagar,Mysore Road,252.0,40.0,Not Applicable,Not Applicable,No,Not Applicable,284,Cash,43,3.1,3.8
2024-07-16 19:26:00,CNR7042464590,Driver Not Found,CID480345,Bike,Langford Town,Peenya,,,Not Applicable,Not Applicable,Not Applicable,Not Applicable,111,Not Applicable,0,,
2024-07-03 03:01:00,CNR2851479163,Canceled by Customer,CID967317,Prime Plus,Indiranagar,BTM Layout,,,Driver asked to cancel,Not Applicable,Not Applicable,Not Applicable,362,Not Applicable,0,,
2024-07-25 12:40:00,CNR3458210691,Canceled by Driver,CID611437,Prime SUV,Ulsoor,RT Nagar,,,Not Applicable,Personal & Car related issue,Not Applicable,Not Applicable,378,Not Applicable,0,,
2024-07-06 14:15:00,CNR3350330641,Success,CID241136,Prime Sedan,Rajarajeshwari Nagar,Peenya,196.0,70.0,Not Applicable,Not Applicable,No,Not Applicable,490,Cash,18,4.2,3.5
2024-07-23 07:20:00,CNR1422307945,Canceled by Driver,CID754294,Auto,Koramangala,HSR Layout,,,Not Applicable,Personal & Car related issue,Not Applicable,Not Applicable,412,Not Applicable,0,,
2024-07-14 12:17:00,CNR8650984276,Canceled by Customer,CID607169,Prime SUV,Chickpet,Rajarajeshwari Nagar,,,Driver is not moving towards pickup location,Not Applicable,Not Applicable,Not Applicable,819,Not Applicable,0,,
2024-07-24 06:33:00,CNR1501175930,Success,CID801433,Bike,Ramamurthy Nagar,Shivajinagar,42.0,125.0,Not Applicable,Not Applicable,No,Not Applicable,990,Cash,11,3.0,4.6
2024-07-06 05:54:00,CNR2866811611,Success,CID305575,Auto,Nagarbhavi,Hebbal,70.0,65.0,Not Applicable,Not Applicable,No,Not Applicable,198,Cash,16,4.5,4.6
2024-07-02 08:23:00,CNR3982582549,Success,CID280499,Prime Plus,Hebbal,Shivajinagar,217.0,80.0,Not Applicable,Not Applicable,No,Not Applicable,447,UPI,30,4.8,3.9
2024-07-02 13:51:00,CNR7382711617,Success,CID326898,Bike,Devanahalli,Nagarbhavi,112.0,85.0,Not Applicable,Not Applicable,No,Not Applicable,441,UPI,7,4.7,3.9
2024-07-09 04:20:00,CNR8483038687,Canceled by Driver,CID137286,Prime SUV,Vijayanagar,Chamarajpet,,,Not Applicable,Customer was coughing/sick,Not Applicable,Not Applicable,698,Not Applicable,0,,
2024-07-20 06:20:00,CNR5558552333,Driver Not Found,CID774821,Prime Sedan,Sarjapur Road,Chamarajpet,,,Not Applicable,Not Applicable,Not Applicable,Not Applicable,417,Not Applicable,0,,
2024-07-02 19:02:00,CNR2986059488,Canceled by Driver,CID958817,Prime Plus,Ramamurthy Nagar,Richmond Town,,,Not Applicable,More than permitted people in there,Not Applicable,Not Applicable,304,Not Applicable,0,,
2024-07-30 08:53:00,CNR1844924323,Success,CID255851,Mini,Langford Town,Sarjapur Road,35.0,100.0,Not Applicable,Not Applicable,No,Not Applicable,412,UPI,9,4.2,4.1
2024-07-28 12:32:00,CNR9466758889,Canceled by Customer,CID535971,Prime Sedan,Yeshwanthpur,MG Road,,,Change of plans,Not Applicable,Not Applicable,Not Applicable,418,Not Applicable,0,,
2024-07-27 00:57:00,CNR6406364263,Canceled by Driver,CID168136,Auto,Ramamurthy Nagar,Chamarajpet,,,Not Applicable,More than permitted people in there,Not Applicable,Not Applicable,936,Not Applicable,0,,
2024-07-16 09:39:00,CNR5438526387,Canceled by Driver,CID195812,Mini,Koramangala,Richmond Town,,,Not Applicable,Customer related issue,Not Applicable,Not Applicable,1556,Not Applicable,0,,
2024-07-12 21:15:00,CNR9863761713,Canceled by Driver,CID226197,Mini,Magadi Road,Whitefield,,,Not Applicable,Customer was coughing/sick,Not Applicable,Not Applicable,1587,Not Applicable,0,,
2024-07-11 19:54:00,CNR5429660853,Success,CID356489,Prime Plus,Basavanagudi,Hulimavu,203.0,135.0,Not Applicable,Not Applicable,No,Not Applicable,266,UPI,1,4.1,4.2
2024-07-20 07:43:00,CNR3052514062,Success,CID800925,Mini,Padmanabhanagar,Peenya,266.0,130.0,Not Applicable,Not Applicable,No,Not Applicable,123,UPI,19,3.7,3.8
2024-07-16 21:15:00,CNR7081108431,Canceled by Driver,CID564076,eBike,Ulsoor,Sarjapur Road,,,Not Applicable,Customer related issue,Not Applicable,Not Applicable,222,Not Applicable,0,,
2024-07-10 18:33:00,CNR3829990653,Driver Not Found,CID584228,Mini,Indiranagar,Sahakar Nagar,,,Not Applicable,Not Applicable,Not Applicable,Not Applicable,823,Not Applicable,0,,
2024-07-10 13:59:00,CNR2052908737,Success,CID791472,Bike,Ramamurthy Nagar,MG Road,42.0,110.0,Not Applicable,Not Applicable,Yes,Customer Demand,727,Cash,16,3.6,3.7
2024-07-29 21:05:00,CNR8518619407,Success,CID752311,eBike,Majestic,Rajarajeshwari Nagar,203.0,25.0,Not Applicable,Not Applicable,No,Not Applicable,568,Cash,21,3.2,4.1
2024-07-02 07:37:00,CNR9537094116,Success,CID673753,Auto,Rajarajeshwari Nagar,Yeshwanthpur,56.0,100.0,Not Applicable,Not Applicable,No,Not Applicable,106,Cash,15,3.9,4.2
2024-07-07 08:22:00,CNR7884123283,Driver Not Found,CID689252,Mini,Magadi Road,MG Road,,,Not Applicable,Not Applicable,Not Applicable,Not Applicable,1108,Not Applicable,0,,
2024-07-19 23:57:00,CNR9470542292,Success,CID488850,Prime SUV,Magadi Road,Sarjapur Road,224.0,25.0,Not Applicable,Not Applicable,No,Not Applicable,2635,Credit Card,13,4.0,4.4
2024-07-24 20:40:00,CNR1988722094,Success,CID191374,Prime Sedan,Rajarajeshwari Nagar,Devanahalli,238.0,135.0,Not Applicable,Not Applicable,No,Not Applicable,286,Cash,6,3.7,3.9
2024-07-15 02:18:00,CNR5050212680,Success,CID859485,Auto,MG Road,Hennur,119.0,85.0,Not Applicable,Not Applicable,No,Not Applicable,627,Cash,1,4.3,3.9
2024-07-06 17:24:00,CNR6296962431,Canceled by Driver,CID862224,Prime Plus,MG Road,Devanahalli,,,Not Applicable,Personal & Car related issue,Not Applicable,Not Applicable,425,Not Applicable,0,,
2024-07-25 21:44:00,CNR2455734042,Success,CID173466,Bike,MG Road,Basavanagudi,168.0,115.0,Not Applicable,Not Applicable,No,Not Applicable,249,UPI,24,4.3,4.6
2024-07-28 06:28:00,CNR8096789883,Success,CID160609,eBike,Richmond Town,Yelahanka,182.0,40.0,Not Applicable,Not Applicable,No,Not Applicable,437,Cash,45,3.3,3.0
2024-07-14 18:20:00,CNR4477950543,Success,CID185816,Prime Sedan,BTM Layout,Devanahalli,196.0,35.0,Not Applicable,Not Applicable,No,Not Applicable,294,UPI,31,4.9,4.4
2024-07-12 06:58:00,CNR8937257888,Canceled by Customer,CID980809,Prime Plus,Rajarajeshwari Nagar,Mysore Road,,,Driver asked to cancel,Not Applicable,Not Applicable,Not Applicable,568,Not Applicable,0,,
2024-07-23 15:50:00,CNR4414089645,Success,CID177618,Mini,Basavanagudi,Nagarbhavi,245.0,70.0,Not Applicable,Not Applicable,No,Not Applicable,312,UPI,19,4.9,4.1
2024-07-12 12:08:00,CNR1684813821,Success,CID694954,Bike,Hosur Road,Koramangala,91.0,110.0,Not Applicable,Not Applicable,No,Not Applicable,219,Cash,8,3.5,3.7
2024-07-13 11:48:00,CNR4773349593,Success,CID451892,eBike,Marathahalli,Bannerghatta Road,301.0,110.0,Not Applicable,Not Applicable,No,Not Applicable,567,UPI,33,3.7,4.3
2024-07-22 20:14:00,CNR7341180935,Canceled by Customer,CID756644,Prime Plus,Frazer Town,Chamarajpet,,,Driver is not moving towards pickup location,Not Applicable,Not Applicable,Not Applicable,270,Not Applicable,0,,
2024-07-05 16:14:00,CNR4514090504,Canceled by Driver,CID553844,Prime Plus,HSR Layout,Yelahanka,,,Not Applicable,Personal & Car related issue,Not Applicable,Not Applicable,451,Not Applicable,0,,
2024-07-24 12:18:00,CNR7315538222,Canceled by Driver,CID429835,Auto,Cox Town,Richmond Town,,,Not Applicable,More than permitted people in there,Not Applicable,Not Applicable,374,Not Applicable,0,,
2024-07-04 16:22:00,CNR3303403395,Canceled by Driver,CID289756,eBike,Yelahanka,Vijayanagar,,,Not Applicable,Customer related issue,Not Applicable,Not Applicable,690,Not Applicable,0,,
2024-07-02 02:05:00,CNR5849121319,Canceled by Customer,CID286425,Bike,Mysore Road,Richmond Town,,,Wrong Address,Not Applicable,Not Applicable,Not Applicable,166,Not Applicable,0,,
2024-07-23 11:17:00,CNR8203711071,Success,CID822884,Mini,Richmond Town,Banashankari,161.0,130.0,Not Applicable,Not Applicable,No,Not Applicable,105,Cash,24,4.5,3.1
2024-07-03 06:49:00,CNR1878903636,Success,CID507571,eBike,Kadugodi,Kengeri,70.0,110.0,Not Applicable,Not Applicable,No,Not Applicable,104,UPI,18,3.5,3.8
2024-07-17 22:24:00,CNR2779016485,Success,CID858019,Mini,Ulsoor,Kengeri,301.0,145.0,Not Applicable,Not Applicable,No,Not Applicable,449,Credit Card,4,4.4,3.3
2024-07-23 02:02:00,CNR1905618867,Canceled by Driver,CID706484,eBike,Electronic City,Magadi Road,,,Not Applicable,Personal & Car related issue,Not Applicable,Not Applicable,966,Not Applicable,0,,
2024-07-11 18:24:00,CNR2984448659,Success,CID436029,Auto,Shantinagar,Vijayanagar,182.0,90.0,Not Applicable,Not Applicable,No,Not Applicable,736,UPI,15,4.2,4.6
2024-07-25 03:58:00,CNR1390749477,Success,CID694786,Prime Plus,Hennur,Chamarajpet,84.0,145.0,Not Applicable,Not Applicable,No,Not Applicable,279,UPI,29,4.0,4.4
2024-07-11 08:33:00,CNR6237040350,Success,CID136441,eBike,Ulsoor,Majestic,245.0,145.0,Not Applicable,Not Applicable,No,Not Applicable,373,UPI,3,3.3,4.7
2024-07-11 10:36:00,CNR2837171015,Success,CID195654,Auto,Ramamurthy Nagar,Padmanabhanagar,98.0,140.0,Not Applicable,Not Applicable,No,Not Applicable,161,Cash,2,4.9,4.2
2024-07-19 14:32:00,CNR5880097135,Success,CID598903,eBike,Hosur Road,Ramamurthy Nagar,196.0,85.0,Not Applicable,Not Applicable,No,Not Applicable,193,Cash,35,4.6,4.7
2024-07-21 15:21:00,CNR7445149184,Success,CID181273,Prime Plus,BTM Layout,Whitefield,105.0,95.0,Not Applicable,Not Applicable,No,Not Applicable,597,UPI,14,3.3,4.4
2024-07-13 16:51:00,CNR1424545653,Success,CID248372,Mini,Banashankari,KR Puram,259.0,70.0,Not Applicable,Not Applicable,No,Not Applicable,263,Cash,16,4.0,3.8
2024-07-23 06:44:00,CNR9706506496,Canceled by Driver,CID233687,Prime Sedan,Hosur Road,Nagarbhavi,,,Not Applicable,Personal & Car related issue,Not Applicable,Not Applicable,685,Not Applicable,0,,
2024-07-19 18:28:00,CNR1222560406,Canceled by Driver,CID374985,Bike,Chamarajpet,Rajajinagar,,,Not Applicable,Personal & Car related issue,Not Applicable,Not Applicable,353,Not Applicable,0,,
2024-07-10 05:35:00,CNR5763521407,Driver Not Found,CID285843,Bike,Yelahanka,Vijayanagar,,,Not Applicable,Not Applicable,Not Applicable,Not Applicable,132,Not Applicable,0,,
2024-07-16 10:30:00,CNR4711118716,Success,CID374486,Bike,Mysore Road,Kadugodi,140.0,45.0,Not Applicable,Not Applicable,No,Not Applicable,511,UPI,28,3.9,3.0
2024-07-13 05:27:00,CNR7830568399,Success,CID496859,Prime SUV,Mysore Road,Chamarajpet,203.0,80.0,Not Applicable,Not Applicable,No,Not Applicable,217,Cash,40,4.2,4.0
2024-07-12 06:16:00,CNR4107636334,Success,CID216339,eBike,Cox Town,Nagarbhavi,42.0,55.0,Not Applicable,Not Applicable,No,Not Applicable,762,Cash,3,4.5,3.4
2024-07-01 04:56:00,CNR5922880397,Canceled by Customer,CID149441,Mini,Yelahanka,Hulimavu,,,Wrong Address,Not Applicable,Not Applicable,Not Applicable,1856,Not Applicable,0,,
2024-07-04 11:14:00,CNR6567460743,Success,CID131706,Prime SUV,Shivajinagar,Richmond Town,259.0,135.0,Not Applicable,Not Applicable,No,Not Applicable,166,Cash,11,3.5,4.7
2024-07-11 16:51:00,CNR2075713478,Success,CID900434,Mini,Yeshwanthpur,Koramangala,287.0,35.0,Not Applicable,Not Applicable,No,Not Applicable,462,Cash,43,4.8,4.4
2024-07-28 01:56:00,CNR3995192069,Success,CID131494,Prime Plus,Hebbal,Mysore Road,273.0,135.0,Not Applicable,Not Applicable,No,Not Applicable,113,UPI,36,4.4,3.7
2024-07-07 17:04:00,CNR6698875474,Success,CID633323,eBike,Whitefield,Varthur,119.0,105.0,Not Applicable,Not Applicable,No,Not Applicable,210,UPI,16,3.3,4.2
2024-07-14 04:02:00,CNR9677112734,Canceled by Driver,CID590242,Prime SUV,HSR Layout,Padmanabhanagar,,,Not Applicable,Customer related issue,Not Applicable,Not Applicable,257,Not Applicable,0,,
2024-07-24 08:24:00,CNR8170085577,Canceled by Driver,CID290056,Auto,Hulimavu,Yeshwanthpur,,,Not Applicable,Personal & Car related issue,Not Applicable,Not Applicable,268,Not Applicable,0,,
2024-07-04 18:39:00,CNR5050641387,Canceled by Driver,CID958321,Auto,Kammanahalli,Magadi Road,,,Not Applicable,Customer related issue,Not Applicable,Not Applicable,508,Not Applicable,0,,
2024-07-08 06:43:00,CNR3799953898,Driver Not Found,CID577912,eBike,Majestic,Hebbal,,,Not Applicable,Not Applicable,Not Applicable,Not Applicable,425,Not Applicable,0,,
2024-07-25 03:38:00,CNR9977219294,Canceled by Customer,CID525497,eBike,Basavanagudi,MG Road,,,Driver asked to cancel,Not Applicable,Not Applicable,Not Applicable,709,Not Applicable,0,,
2024-07-11 12:33:00,CNR5595402180,Success,CID584982,eBike,Devanahalli,Hosur Road,119.0,60.0,Not Applicable,Not Applicable,No,Not Applicable,121,Credit Card,47,3.0,4.2
2024-07-21 01:47:00,CNR7976850565,Success,CID254867,Auto,Varthur,Majestic,98.0,45.0,Not Applicable,Not Applicable,No,Not Applicable,103,Cash,10,4.5,3.6
2024-07-10 12:23:00,CNR1334484206,Success,CID264258,eBike,Chickpet,Mysore Road,112.0,100.0,Not Applicable,Not Applicable,No,Not Applicable,604,UPI,41,4.6,4.1
2024-07-20 21:53:00,CNR9920878618,Canceled by Customer,CID730112,Bike,Shantinagar,Padmanabhanagar,,,Driver is not moving towards pickup location,Not Applicable,Not Applicable,Not Applicable,1283,Not Applicable,0,,
2024-07-27 19:52:00,CNR7027688112,Success,CID658138,Prime Sedan,Majestic,Shivajinagar,238.0,80.0,Not Applicable,Not Applicable,No,Not Applicable,109,Cash,24,4.5,4.9
2024-07-01 14:39:00,CNR9347749552,Driver Not Found,CID498792,eBike,Jayanagar,Hulimavu,,,Not Applicable,Not Applicable,Not Applicable,Not Applicable,570,Not Applicable,0,,
2024-07-30 22:24:00,CNR4313040059,Success,CID617054,eBike,Shantinagar,Hosur Road,91.0,100.0,Not Applicable,Not Applicable,No,Not Applicable,438,UPI,35,4.0,3.5
2024-07-29 23:28:00,CNR6737007478,Success,CID961568,Bike,Shivajinagar,Nagarbhavi,203.0,100.0,Not Applicable,Not Applicable,No,Not Applicable,185,Cash,27,4.5,3.9
2024-07-24 19:07:00,CNR5543790348,Success,CID760117,Prime SUV,Kadugodi,Bannerghatta Road,98.0,30.0,Not Applicable,Not Applicable,No,Not Applicable,257,Cash,48,4.9,3.3
2024-07-21 06:57:00,CNR3578607559,Driver Not Found,CID561285,Auto,Sarjapur Road,Hennur,,,Not Applicable,Not Applicable,Not Applicable,Not Applicable,240,Not Applicable,0,,
2024-07-08 12:52:00,CNR1811600282,Canceled by Customer,CID169602,Prime SUV,Cox Town,Bannerghatta Road,,,AC is Not working,Not Applicable,Not Applicable,Not Applicable,448,Not Applicable,0,,
2024-07-09 13:25:00,CNR6395738686,Success,CID384963,Prime Plus,Frazer Town,Sahakar Nagar,238.0,90.0,Not Applicable,Not Applicable,No,Not Applicable,499,Cash,45,3.9,4.1
2024-07-17 04:35:00,CNR1223884133,Success,CID136036,Prime SUV,Shantinagar,Basavanagudi,119.0,45.0,Not Applicable,Not Applicable,No,Not Applicable,511,Cash,23,3.1,4.8
2024-07-20 05:44:00,CNR7552748336,Success,CID650996,Prime Plus,KR Puram,Kadugodi,49.0,75.0,Not Applicable,Not Applicable,No,Not Applicable,139,Cash,7,5.0,4.8
2024-07-10 02:52:00,CNR2320010545,Success,CID140350,Mini,Hulimavu,Kammanahalli,112.0,90.0,Not Applicable,Not Applicable,No,Not Applicable,156,Cash,22,3.9,4.6
2024-07-18 12:45:00,CNR4124623953,Driver Not Found,CID964008,Mini,Ulsoor,Shantinagar,,,Not Applicable,Not Applicable,Not Applicable,Not Applicable,107,Not Applicable,0,,
2024-07-20 03:05:00,CNR9090093330,Success,CID480244,eBike,RT Nagar,Kammanahalli,182.0,130.0,Not Applicable,Not Applicable,No,Not Applicable,813,Cash,48,4.8,4.4
2024-07-28 20:30:00,CNR6639910727,Success,CID558857,eBike,Hosur Road,Electronic City,49.0,120.0,Not Applicable,Not Applicable,No,Not Applicable,1139,UPI,29,4.0,4.8
2024-07-12 10:18:00,CNR3659292828,Driver Not Found,CID712549,Auto,Varthur,Tumkur Road,,,Not Applicable,Not Applicable,Not Applicable,Not Applicable,632,Not Applicable,0,,
2024-07-18 20:23:00,CNR1793251823,Success,CID585903,Mini,Shantinagar,Chickpet,147.0,40.0,Not Applicable,Not Applicable,No,Not Applicable,808,Cash,19,4.3,4.6
2024-07-17 18:54:00,CNR4455419846,Canceled by Driver,CID853167,Bike,Hebbal,Jayanagar,,,Not Applicable,Personal & Car related issue,Not Applicable,Not Applicable,151,Not Applicable,0,,
2024-07-08 18:27:00,CNR4933321663,Success,CID442290,Prime SUV,Rajarajeshwari Nagar,Yelahanka,91.0,140.0,Not Applicable,Not Applicable,No,Not Applicable,104,Cash,2,4.3,4.7
2024-07-30 03:37:00,CNR8535080885,Success,CID419210,Mini,Hennur,Magadi Road,133.0,75.0,Not Applicable,Not Applicable,No,Not Applicable,245,UPI,37,3.1,3.3
2024-07-20 17:58:00,CNR7491054287,Success,CID490303,Auto,Ramamurthy Nagar,Magadi Road,63.0,120.0,Not Applicable,Not Applicable,No,Not Applicable,472,UPI,14,4.5,3.4
2024-07-19 23:07:00,CNR9675663847,Canceled by Customer,CID302031,Bike,Marathahalli,Ulsoor,,,Change of plans,Not Applicable,Not Applicable,Not Applicable,2748,Not Applicable,0,,
2024-07-16 17:12:00,CNR9175130896,Canceled by Driver,CID859189,Prime SUV,Bellandur,Bellandur,,,Not Applicable,Customer was coughing/sick,Not Applicable,Not Applicable,751,Not Applicable,0,,
2024-07-24 13:28:00,CNR5448943398,Success,CID528522,Auto,Magadi Road,Basavanagudi,210.0,135.0,Not Applicable,Not Applicable,No,Not Applicable,541,Cash,11,4.5,3.2
2024-07-11 21:50:00,CNR1490426438,Success,CID759281,Prime Sedan,Malleshwaram,Electronic City,259.0,130.0,Not Applicable,Not Applicable,No,Not Applicable,181,Cash,33,3.8,4.7
2024-07-13 20:31:00,CNR1430616502,Success,CID862992,Bike,Vijayanagar,Indiranagar,35.0,115.0,Not Applicable,Not Applicable,No,Not Applicable,496,UPI,23,4.1,5.0
2024-07-21 16:09:00,CNR2698697321,Success,CID787123,Auto,Sahakar Nagar,Marathahalli,105.0,55.0,Not Applicable,Not Applicable,No,Not Applicable,356,UPI,5,4.2,3.2
2024-07-04 07:49:00,CNR4223092635,Canceled by Customer,CID349533,Prime Plus,Kengeri,Bellandur,,,Driver is not moving towards pickup location,Not Applicable,Not Applicable,Not Applicable,150,Not Applicable,0,,
2024-07-08 02:58:00,CNR2079396746,Canceled by Customer,CID991597,Prime SUV,Magadi Road,Richmond Town,,,Driver is not moving towards pickup location,Not Applicable,Not Applicable,Not Applicable,480,Not Applicable,0,,
2024-07-25 04:18:00,CNR4966110081,Success,CID881077,Mini,Yelahanka,Ulsoor,217.0,105.0,Not Applicable,Not Applicable,No,Not Applicable,418,Cash,40,3.4,3.8
2024-07-29 21:27:00,CNR7259328349,Success,CID970027,Prime SUV,Basavanagudi,Jayanagar,161.0,75.0,Not Applicable,Not Applicable,No,Not Applicable,408,UPI,44,4.1,4.1
2024-07-11 19:10:00,CNR7095291594,Driver Not Found,CID179198,Prime SUV,Kengeri,Mysore Road,,,Not Applicable,Not Applicable,Not Applicable,Not Applicable,668,Not Applicable,0,,
2024-07-10 21:44:00,CNR6335799315,Success,CID776900,Prime SUV,Hulimavu,KR Puram,308.0,125.0,Not Applicable,Not Applicable,No,Not Applicable,328,Cash,7,4.2,4.5
2024-07-20 17:43:00,CNR4628220032,Success,CID569160,Auto,Indiranagar,Malleshwaram,287.0,110.0,Not Applicable,Not Applicable,No,Not Applicable,658,Cash,15,3.1,4.5
2024-07-30 22:07:00,CNR1701279005,Driver Not Found,CID300432,Bike,Cox Town,Basavanagudi,,,Not Applicable,Not Applicable,Not Applicable,Not Applicable,124,Not Applicable,0,,
2024-07-03 02:30:00,CNR4885648369,Canceled by Driver,CID678508,Prime SUV,Ramamurthy Nagar,Bellandur,,,Not Applicable,Customer related issue,Not Applicable,Not Applicable,490,Not Applicable,0,,
2024-07-28 03:35:00,CNR1278856411,Canceled by Driver,CID373455,Prime Sedan,Koramangala,Koramangala,,,Not Applicable,More than permitted people in there,Not Applicable,Not Applicable,395,Not Applicable,0,,
2024-07-28 05:33:00,CNR8000931144,Success,CID741293,Bike,Banashankari,Chamarajpet,70.0,100.0,Not Applicable,Not Applicable,No,Not Applicable,417,Credit Card,29,4.1,4.1
2024-07-13 10:06:00,CNR8375517868,Canceled by Driver,CID223089,Auto,Magadi Road,Hosur Road,,,Not Applicable,Customer related issue,Not Applicable,Not Applicable,117,Not Applicable,0,,
2024-07-01 03:05:00,CNR1642217319,Success,CID407489,Auto,MG Road,Koramangala,168.0,30.0,Not Applicable,Not Applicable,No,Not Applicable,494,UPI,14,3.3,3.2
2024-07-29 16:21:00,CNR8984747065,Canceled by Customer,CID683131,eBike,Indiranagar,Bannerghatta Road,,,Change of plans,Not Applicable,Not Applicable,Not Applicable,428,Not Applicable,0,,
2024-07-12 21:01:00,CNR2493640012,Success,CID287840,Prime SUV,Ramamurthy Nagar,Varthur,84.0,75.0,Not Applicable,Not Applicable,No,Not Applicable,368,Cash,29,4.6,3.7
2024-07-10 01:34:00,CNR2422334762,Success,CID638602,Auto,Electronic City,Yeshwanthpur,133.0,75.0,Not Applicable,Not Applicable,No,Not Applicable,725,Cash,15,3.7,3.5
2024-07-06 17:33:00,CNR4525910860,Success,CID329758,Bike,Hennur,Rajajinagar,252.0,55.0,Not Applicable,Not Applicable,No,Not Applicable,416,Credit Card,40,4.8,4.5
2024-07-12 12:36:00,CNR2427708337,Canceled by Customer,CID374691,Prime SUV,Varthur,Mysore Road,,,Change of plans,Not Applicable,Not Applicable,Not Applicable,159,Not Applicable,0,,
2024-07-15 18:56:00,CNR8694599262,Canceled by Customer,CID885371,eBike,Bellandur,Padmanabhanagar,,,Driver asked to cancel,Not Applicable,Not Applicable,Not Applicable,499,Not Applicable,0,,
2024-07-14 00:27:00,CNR3553816600,Success,CID404663,Prime SUV,Richmond Town,Bellandur,49.0,50.0,Not Applicable,Not Applicable,No,Not Applicable,101,UPI,41,5.0,4.9
2024-07-28 03:09:00,CNR1173577671,Driver Not Found,CID104330,eBike,Tumkur Road,Mysore Road,,,Not Applicable,Not Applicable,Not Applicable,Not Applicable,450,Not Applicable,0,,
2024-07-08 17:59:00,CNR2157402135,Success,CID248278,eBike,Varthur,Ulsoor,56.0,85.0,Not Applicable,Not Applicable,No,Not Applicable,882,Cash,46,4.5,3.8
2024-07-19 14:05:00,CNR9938192909,Success,CID416150,Prime Plus,Peenya,Rajajinagar,42.0,85.0,Not Applicable,Not Applicable,No,Not Applicable,145,UPI,42,3.9,4.8
2024-07-12 16:59:00,CNR4721982044,Success,CID122386,Prime Sedan,Nagarbhavi,Peenya,49.0,100.0,Not Applicable,Not Applicable,No,Not Applicable,898,Cash,48,3.5,4.5
2024-07-29 18:41:00,CNR4496348921,Canceled by Driver,CID642072,Prime Plus,Frazer Town,Varthur,,,Not Applicable,Personal & Car related issue,Not Applicable,Not Applicable,141,Not Applicable,0,,
2024-07-03 13:21:00,CNR3979323711,Success,CID904483,Prime Plus,Malleshwaram,Bellandur,168.0,130.0,Not Applicable,Not Applicable,No,Not Applicable,972,UPI,17,4.5,3.9
2024-07-14 04:11:00,CNR9509570297,Success,CID890617,Auto,Langford Town,Marathahalli,49.0,75.0,Not Applicable,Not Applicable,No,Not Applicable,1174,UPI,5,4.6,3.2
2024-07-20 02:50:00,CNR5968727616,Canceled by Customer,CID122932,Prime Sedan,Magadi Road,Shantinagar,,,Driver asked to cancel,Not Applicable,Not Applicable,Not Applicable,417,Not Applicable,0,,
2024-07-02 21:54:00,CNR6442108206,Success,CID520073,Auto,Chamarajpet,Indiranagar,280.0,60.0,Not Applicable,Not Applicable,No,Not Applicable,1380,Cash,2,4.0,4.0
2024-07-22 11:37:00,CNR3914211028,Success,CID379814,eBike,Sarjapur Road,Ulsoor,126.0,135.0,Not Applicable,Not Applicable,No,Not Applicable,163,UPI,32,3.5,4.4
2024-07-20 20:51:00,CNR6002343525,Driver Not Found,CID593392,eBike,JP Nagar,Varthur,,,Not Applicable,Not Applicable,Not Applicable,Not Applicable,315,Not Applicable,0,,
2024-07-25 04:46:00,CNR4563833218,Driver Not Found,CID373524,Prime SUV,Richmond Town,Padmanabhanagar,,,Not Applicable,Not Applicable,Not Applicable,Not Applicable,1826,Not Applicable,0,,
2024-07-16 05:03:00,CNR1760379047,Driver Not Found,CID814881,Prime Plus,Nagarbhavi,KR Puram,,,Not Applicable,Not Applicable,Not Applicable,Not Applicable,342,Not Applicable,0,,
2024-07-02 11:45:00,CNR8219369788,Success,CID788208,Bike,Kadugodi,Kammanahalli,196.0,115.0,Not Applicable,Not Applicable,No,Not Applicable,237,UPI,11,4.1,3.6
2024-07-27 02:54:00,CNR4803988252,Success,CID278101,eBike,Rajarajeshwari Nagar,MG Road,133.0,140.0,Not Applicable,Not Applicable,No,Not Applicable,117,Cash,4,3.9,4.2
2024-07-10 21:45:00,CNR5129835663,Success,CID212845,Auto,Kammanahalli,Sarjapur Road,294.0,120.0,Not Applicable,Not Applicable,No,Not Applicable,442,Cash,11,4.0,3.3
2024-07-14 02:29:00,CNR6883338764,Canceled by Driver,CID235602,Prime Sedan,HSR Layout,Ulsoor,,,Not Applicable,Customer related issue,Not Applicable,Not Applicable,684,Not Applicable,0,,
2024-07-01 17:05:00,CNR2662416505,Success,CID859265,eBike,KR Puram,Shivajinagar,133.0,135.0,Not Applicable,Not Applicable,No,Not Applicable,349,Cash,19,3.7,4.6
2024-07-24 11:44:00,CNR1413803964,Success,CID296869,Prime Sedan,Ramamurthy Nagar,Richmond Town,280.0,45.0,Not Applicable,Not Applicable,No,Not Applicable,425,Cash,37,4.9,3.3
2024-07-02 13:54:00,CNR3166964944,Success,CID804895,Prime Sedan,Frazer Town,Varthur,91.0,100.0,Not Applicable,Not Applicable,No,Not Applicable,1720,Cash,2,3.8,4.7
2024-07-17 20:40:00,CNR2625981486,Success,CID932658,Mini,Marathahalli,Chickpet,140.0,25.0,Not Applicable,Not Applicable,No,Not Applicable,323,Cash,9,3.7,4.2
2024-07-02 11:27:00,CNR5445155037,Canceled by Customer,CID999799,eBike,Electronic City,KR Puram,,,Driver is not moving towards pickup location,Not Applicable,Not Applicable,Not Applicable,327,Not Applicable,0,,
2024-07-06 05:07:00,CNR9473380063,Success,CID973547,Prime Plus,Frazer Town,Shivajinagar,280.0,35.0,Not Applicable,Not Applicable,No,Not Applicable,2061,Cash,8,3.9,4.7
2024-07-27 14:41:00,CNR8831671376,Success,CID302933,Bike,Hosur Road,Jayanagar,203.0,60.0,Not Applicable,Not Applicable,No,Not Applicable,113,UPI,41,4.1,4.1
2024-07-20 13:21:00,CNR1054633290,Canceled by Driver,CID521129,Prime Sedan,Padmanabhanagar,Shantinagar,,,Not Applicable,Customer related issue,Not Applicable,Not Applicable,689,Not Applicable,0,,
2024-07-02 14:00:00,CNR6481980224,Success,CID929220,Prime Sedan,Padmanabhanagar,Padmanabhanagar,196.0,140.0,Not Applicable,Not Applicable,Yes,Customer Demand,115,Cash,15,5.0,4.3
2024-07-15 05:17:00,CNR8035186584,Success,CID694762,eBike,HSR Layout,Electronic City,105.0,140.0,Not Applicable,Not Applicable,No,Not Applicable,244,UPI,36,3.6,3.5
2024-07-26 13:15:00,CNR1973988074,Success,CID677250,Prime Sedan,Majestic,Magadi Road,203.0,50.0,Not Applicable,Not Applicable,No,Not Applicable,220,Credit Card,26,3.7,3.8
2024-07-13 10:22:00,CNR9720729704,Canceled by Driver,CID352578,Auto,Hennur,Whitefield,,,Not Applicable,Customer was coughing/sick,Not Applicable,Not Applicable,373,Not Applicable,0,,
2024-07-27 02:32:00,CNR1299495600,Driver Not Found,CID786764,Prime Plus,KR Puram,Hebbal,,,Not Applicable,Not Applicable,Not Applicable,Not Applicable,567,Not Applicable,0,,
2024-07-20 09:17:00,CNR9640293015,Success,CID128764,Prime Plus,KR Puram,Varthur,231.0,140.0,Not Applicable,Not Applicable,No,Not Applicable,207,Cash,17,3.1,3.1
2024-07-17 10:52:00,CNR6388015194,Success,CID897789,Mini,Bellandur,Ulsoor,259.0,60.0,Not Applicable,Not Applicable,No,Not Applicable,342,Cash,15,3.2,3.4
2024-07-29 18:35:00,CNR3677924946,Success,CID918095,Bike,Hennur,Padmanabhanagar,217.0,80.0,Not Applicable,Not Applicable,No,Not Applicable,482,UPI,22,3.5,3.4
2024-07-03 00:06:00,CNR3400954168,Canceled by Driver,CID819843,Bike,Rajarajeshwari Nagar,JP Nagar,,,Not Applicable,More than permitted people in there,Not Applicable,Not Applicable,421,Not Applicable,0,,
2024-07-04 15:59:00,CNR4925384999,Success,CID163848,Bike,Frazer Town,HSR Layout,42.0,115.0,Not Applicable,Not Applicable,No,Not Applicable,195,Cash,24,3.7,3.7
2024-07-23 19:20:00,CNR3874101446,Success,CID864686,eBike,Kengeri,Kadugodi,189.0,25.0,Not Applicable,Not Applicable,No,Not Applicable,202,Cash,35,3.5,4.5
2024-07-10 23:03:00,CNR8218057272,Canceled by Driver,CID882582,Bike,Magadi Road,Padmanabhanagar,,,Not Applicable,Customer related issue,Not Applicable,Not Applicable,1309,Not Applicable,0,,
2024-07-01 08:33:00,CNR2623806062,Success,CID194720,Prime SUV,RT Nagar,Bellandur,161.0,140.0,Not Applicable,Not Applicable,No,Not Applicable,190,Cash,28,3.8,4.4
2024-07-05 21:46:00,CNR5408601439,Canceled by Driver,CID914542,eBike,JP Nagar,Rajarajeshwari Nagar,,,Not Applicable,Personal & Car related issue,Not Applicable,Not Applicable,312,Not Applicable,0,,
2024-07-29 10:27:00,CNR5876620091,Success,CID391604,Auto,Langford Town,Chamarajpet,203.0,55.0,Not Applicable,Not Applicable,No,Not Applicable,254,Cash,19,3.9,3.0
2024-07-21 23:18:00,CNR7906813935,Driver Not Found,CID332302,Prime SUV,Yelahanka,Jayanagar,,,Not Applicable,Not Applicable,Not Applicable,Not Applicable,317,Not Applicable,0,,
2024-07-15 06:24:00,CNR5300949368,Canceled by Driver,CID773146,Prime Plus,Shivajinagar,Hennur,,,Not Applicable,More than permitted people in there,Not Applicable,Not Applicable,541,Not Applicable,0,,
2024-07-04 03:45:00,CNR3968306511,Driver Not Found,CID988608,Prime SUV,Kadugodi,Frazer Town,,,Not Applicable,Not Applicable,Not Applicable,Not Applicable,286,Not Applicable,0,,
2024-07-23 08:53:00,CNR4295548365,Success,CID340875,Mini,Richmond Town,Malleshwaram,49.0,145.0,Not Applicable,Not Applicable,No,Not Applicable,333,Cash,48,3.9,4.3
2024-07-09 06:15:00,CNR7402083422,Success,CID739432,Auto,Banashankari,Ulsoor,231.0,65.0,Not Applicable,Not Applicable,No,Not Applicable,234,Cash,8,3.6,3.8
2024-07-09 18:43:00,CNR8127020124,Canceled by Customer,CID607695,eBike,Electronic City,Rajajinagar,,,Driver is not moving towards pickup location,Not Applicable,Not Applicable,Not Applicable,222,Not Applicable,0,,
2024-07-14 13:43:00,CNR6937237467,Canceled by Customer,CID372897,Prime Sedan,Nagarbhavi,Whitefield,,,Wrong Address,Not Applicable,Not Applicable,Not Applicable,299,Not Applicable,0,,
2024-07-20 17:25:00,CNR6876666648,Driver Not Found,CID200176,Prime Plus,Bellandur,Marathahalli,,,Not Applicable,Not Applicable,Not Applicable,Not Applicable,215,Not Applicable,0,,
2024-07-18 20:44:00,CNR9632510837,Canceled by Customer,CID634998,eBike,Vijayanagar,Kammanahalli,,,Change of plans,Not Applicable,Not Applicable,Not Applicable,292,Not Applicable,0,,
2024-07-18 03:59:00,CNR6867260298,Success,CID619162,Bike,Indiranagar,Langford Town,161.0,95.0,Not Applicable,Not Applicable,No,Not Applicable,279,Cash,40,3.6,4.7
2024-07-21 12:04:00,CNR8570096623,Canceled by Driver,CID704884,Auto,Kammanahalli,Bellandur,,,Not Applicable,Customer was coughing/sick,Not Applicable,Not Applicable,473,Not Applicable,0,,
2024-07-27 02:49:00,CNR2985557514,Canceled by Customer,CID776633,Mini,RT Nagar,Cox Town,,,Driver is not moving towards pickup location,Not Applicable,Not Applicable,Not Applicable,1962,Not Applicable,0,,
2024-07-22 09:29:00,CNR1761846694,Driver Not Found,CID288873,Bike,KR Puram,Whitefield,,,Not Applicable,Not Applicable,Not Applicable,Not Applicable,221,Not Applicable,0,,
2024-07-15 16:15:00,CNR9617429926,Driver Not Found,CID764488,Mini,RT Nagar,Bannerghatta Road,,,Not Applicable,Not Applicable,Not Applicable,Not Applicable,150,Not Applicable,0,,
2024-07-23 05:48:00,CNR1336665827,Success,CID279281,Mini,Bellandur,JP Nagar,217.0,130.0,Not Applicable,Not Applicable,Yes,Customer Demand,814,Cash,43,3.4,4.3
2024-07-15 15:34:00,CNR2809605511,Success,CID992926,Bike,Koramangala,Richmond Town,70.0,80.0,Not Applicable,Not Applicable,No,Not Applicable,1848,Cash,19,3.8,3.0
2024-07-21 17:06:00,CNR8967311456,Driver Not Found,CID991184,Bike,Ramamurthy Nagar,Frazer Town,,,Not Applicable,Not Applicable,Not Applicable,Not Applicable,496,Not Applicable,0,,
2024-07-02 13:32:00,CNR3465429741,Canceled by Driver,CID802791,Bike,Koramangala,Hosur Road,,,Not Applicable,More than permitted people in there,Not Applicable,Not Applicable,204,Not Applicable,0,,
2024-07-25 13:33:00,CNR1590396268,Canceled by Customer,CID560684,Prime SUV,Chamarajpet,Kammanahalli,,,Change of plans,Not Applicable,Not Applicable,Not Applicable,951,Not Applicable,0,,
2024-07-03 17:29:00,CNR7482194570,Success,CID685159,Auto,Chamarajpet,Hennur,252.0,100.0,Not Applicable,Not Applicable,No,Not Applicable,461,Cash,8,3.6,4.0
2024-07-29 04:32:00,CNR4992617964,Success,CID485809,Bike,Indiranagar,Rajarajeshwari Nagar,112.0,60.0,Not Applicable,Not Applicable,No,Not Applicable,384,Cash,12,3.9,4.8
2024-07-25 03:40:00,CNR9855962516,Driver Not Found,CID282009,Prime Plus,Majestic,Chamarajpet,,,Not Applicable,Not Applicable,Not Applicable,Not Applicable,955,Not Applicable,0,,
2024-07-22 22:15:00,CNR4102501168,Success,CID463836,Bike,Basavanagudi,Hosur Road,105.0,75.0,Not Applicable,Not Applicable,No,Not Applicable,733,Cash,22,4.5,3.3
2024-07-12 09:46:00,CNR9544821401,Driver Not Found,CID840088,Mini,Chamarajpet,Magadi Road,,,Not Applicable,Not Applicable,Not Applicable,Not Applicable,470,Not Applicable,0,,
2024-07-09 14:30:00,CNR3104098700,Canceled by Driver,CID554878,Auto,Malleshwaram,MG Road,,,Not Applicable,More than permitted people in there,Not Applicable,Not Applicable,289,Not Applicable,0,,
2024-07-09 01:43:00,CNR4162608496,Success,CID578991,eBike,Hennur,Hulimavu,280.0,65.0,Not Applicable,Not Applicable,No,Not Applicable,1540,Cash,3,4.3,3.7
2024-07-28 15:25:00,CNR3848818090,Canceled by Customer,CID699362,Prime Plus,Cox Town,RT Nagar,,,Wrong Address,Not Applicable,Not Applicable,Not Applicable,243,Not Applicable,0,,
2024-07-19 07:23:00,CNR3945544447,Success,CID340241,eBike,Hebbal,Chickpet,252.0,25.0,Not Applicable,Not Applicable,No,Not Applicable,322,Cash,27,4.9,3.3
2024-07-27 11:48:00,CNR8505993036,Canceled by Driver,CID815293,Prime Sedan,Hebbal,Yeshwanthpur,,,Not Applicable,Personal & Car related issue,Not Applicable,Not Applicable,111,Not Applicable,0,,
2024-07-29 12:29:00,CNR9824565336,Canceled by Driver,CID578190,Prime Sedan,KR Puram,Indiranagar,,,Not Applicable,More than permitted people in there,Not Applicable,Not Applicable,996,Not Applicable,0,,
2024-07-10 23:52:00,CNR2190944407,Canceled by Driver,CID582885,Mini,Rajajinagar,Tumkur Road,,,Not Applicable,Customer related issue,Not Applicable,Not Applicable,452,Not Applicable,0,,
2024-07-19 14:05:00,CNR5073469100,Success,CID361133,Prime SUV,Chamarajpet,Richmond Town,182.0,115.0,Not Applicable,Not Applicable,No,Not Applicable,473,UPI,9,4.3,4.0
2024-07-26 03:15:00,CNR7658158964,Success,CID441621,Bike,Indiranagar,RT Nagar,98.0,140.0,Not Applicable,Not Applicable,No,Not Applicable,394,Cash,40,3.1,3.9
2024-07-19 00:53:00,CNR7075352983,Success,CID788385,Auto,RT Nagar,Kammanahalli,147.0,50.0,Not Applicable,Not Applicable,No,Not Applicable,244,Cash,11,4.3,4.7
2024-07-29 23:11:00,CNR4404050462,Success,CID201076,eBike,Richmond Town,KR Puram,182.0,120.0,Not Applicable,Not Applicable,No,Not Applicable,487,UPI,17,4.8,3.2
2024-07-22 09:12:00,CNR6013280665,Canceled by Driver,CID960053,eBike,Sahakar Nagar,RT Nagar,,,Not Applicable,Personal & Car related issue,Not Applicable,Not Applicable,108,Not Applicable,0,,
2024-07-23 08:33:00,CNR6308529892,Success,CID938827,Prime Sedan,Jayanagar,Kadugodi,119.0,80.0,Not Applicable,Not Applicable,No,Not Applicable,429,UPI,20,3.5,3.9
2024-07-25 13:43:00,CNR2282771432,Success,CID845190,Prime Sedan,Varthur,Yelahanka,308.0,100.0,Not Applicable,Not Applicable,No,Not Applicable,471,Cash,8,3.0,3.3
2024-07-04 12:16:00,CNR3997015661,Success,CID479874,eBike,Magadi Road,Padmanabhanagar,154.0,55.0,Not Applicable,Not Applicable,No,Not Applicable,306,UPI,27,3.1,4.7
2024-07-05 15:23:00,CNR7314528375,Success,CID533057,Auto,Whitefield,Nagarbhavi,210.0,125.0,Not Applicable,Not Applicable,No,Not Applicable,769,Cash,2,4.0,4.1
2024-07-27 10:53:00,CNR6302719448,Success,CID222017,eBike,Yeshwanthpur,Ulsoor,217.0,80.0,Not Applicable,Not Applicable,No,Not Applicable,102,Cash,24,4.0,3.7
2024-07-05 06:08:00,CNR9447830497,Success,CID345387,Prime Sedan,Koramangala,Kengeri,161.0,95.0,Not Applicable,Not Applicable,No,Not Applicable,425,UPI,1,3.8,3.7
2024-07-10 14:30:00,CNR9136127770,Driver Not Found,CID763439,Bike,Hulimavu,Kammanahalli,,,Not Applicable,Not Applicable,Not Applicable,Not Applicable,288,Not Applicable,0,,
2024-07-30 17:02:00,CNR5249176648,Canceled by Customer,CID273144,Auto,Magadi Road,RT Nagar,,,Driver is not moving towards pickup location,Not Applicable,Not Applicable,Not Applicable,288,Not Applicable,0,,
2024-07-06 03:00:00,CNR1437767874,Success,CID818199,eBike,Tumkur Road,Bannerghatta Road,224.0,45.0,Not Applicable,Not Applicable,No,Not Applicable,370,Credit Card,34,3.5,3.7
2024-07-05 21:01:00,CNR2211116341,Driver Not Found,CID115707,Mini,Jayanagar,Hulimavu,,,Not Applicable,Not Applicable,Not Applicable,Not Applicable,405,Not Applicable,0,,
2024-07-28 08:56:00,CNR2866542297,Driver Not Found,CID624462,Prime SUV,Sahakar Nagar,Jayanagar,,,Not Applicable,Not Applicable,Not Applicable,Not Applicable,716,Not Applicable,0,,
2024-07-18 20:18:00,CNR3424508185,Canceled by Driver,CID649770,eBike,Padmanabhanagar,Peenya,,,Not Applicable,Customer was coughing/sick,Not Applicable,Not Applicable,965,Not Applicable,0,,
2024-07-28 20:21:00,CNR1018047474,Success,CID762525,Bike,Kammanahalli,HSR Layout,210.0,115.0,Not Applicable,Not Applicable,No,Not Applicable,338,UPI,45,4.3,4.0
2024-07-15 13:38:00,CNR8923995355,Success,CID440657,Prime SUV,RT Nagar,Bannerghatta Road,210.0,110.0,Not Applicable,Not Applicable,No,Not Applicable,2394,Debit Card,10,4.7,4.5
2024-07-21 05:26:00,CNR4453484375,Success,CID913775,Prime Plus,Kengeri,JP Nagar,70.0,140.0,Not Applicable,Not Applicable,No,Not Applicable,419,Cash,38,3.8,4.6
2024-07-16 17:22:00,CNR5166313082,Driver Not Found,CID592466,Mini,Chamarajpet,Vijayanagar,,,Not Applicable,Not Applicable,Not Applicable,Not Applicable,784,Not Applicable,0,,
2024-07-06 05:07:00,CNR7340019670,Success,CID799033,Prime Plus,Tumkur Road,Shantinagar,119.0,30.0,Not Applicable,Not Applicable,No,Not Applicable,454,UPI,14,4.7,3.3
2024-07-03 13:33:00,CNR1442736247,Canceled by Driver,CID541534,Prime Sedan,Hosur Road,Hulimavu,,,Not Applicable,Customer was coughing/sick,Not Applicable,Not Applicable,364,Not Applicable,0,,
2024-07-25 20:10:00,CNR1035728554,Canceled by Driver,CID328699,eBike,Indiranagar,Jayanagar,,,Not Applicable,Personal & Car related issue,Not Applicable,Not Applicable,297,Not Applicable,0,,
2024-07-13 17:28:00,CNR5534808552,Success,CID606997,Bike,Marathahalli,Shantinagar,217.0,110.0,Not Applicable,Not Applicable,No,Not Applicable,315,UPI,4,4.9,4.4
2024-07-18 23:17:00,CNR8043933426,Success,CID488076,Bike,Devanahalli,Richmond Town,56.0,105.0,Not Applicable,Not Applicable,No,Not Applicable,306,Cash,21,3.3,3.1
2024-07-04 21:34:00,CNR6326893906,Success,CID931453,Auto,Jayanagar,Cox Town,154.0,90.0,Not Applicable,Not Applicable,No,Not Applicable,873,Cash,17,4.0,3.9
2024-07-16 00:49:00,CNR6115614142,Canceled by Customer,CID798257,Bike,Jayanagar,Hebbal,,,Driver asked to cancel,Not Applicable,Not Applicable,Not Applicable,895,Not Applicable,0,,
2024-07-16 14:29:00,CNR5804065649,Success,CID979787,Prime Sedan,Kadugodi,Kadugodi,105.0,70.0,Not Applicable,Not Applicable,No,Not Applicable,485,UPI,38,4.3,4.2
2024-07-18 19:54:00,CNR2223267281,Canceled by Driver,CID545606,Prime Plus,Rajarajeshwari Nagar,Devanahalli,,,Not Applicable,Customer related issue,Not Applicable,Not Applicable,436,Not Applicable,0,,
2024-07-25 17:50:00,CNR5470121454,Success,CID630849,eBike,Mysore Road,HSR Layout,77.0,50.0,Not Applicable,Not Applicable,No,Not Applicable,287,Cash,21,3.7,3.3
2024-07-25 11:05:00,CNR3370048797,Success,CID467185,eBike,Frazer Town,Tumkur Road,273.0,30.0,Not Applicable,Not Applicable,No,Not Applicable,940,Cash,41,3.5,4.9
2024-07-07 10:44:00,CNR8434964904,Canceled by Driver,CID653885,Prime Plus,Cox Town,Hebbal,,,Not Applicable,Customer was coughing/sick,Not Applicable,Not Applicable,159,Not Applicable,0,,
2024-07-12 10:50:00,CNR5637752089,Canceled by Driver,CID101881,Mini,Peenya,Marathahalli,,,Not Applicable,Customer related issue,Not Applicable,Not Applicable,2523,Not Applicable,0,,
2024-07-23 02:20:00,CNR9835874084,Success,CID478871,Bike,Rajarajeshwari Nagar,Chickpet,42.0,45.0,Not Applicable,Not Applicable,No,Not Applicable,267,UPI,21,3.1,3.5
2024-07-17 12:45:00,CNR9464008279,Canceled by Driver,CID443771,Bike,BTM Layout,Hebbal,,,Not Applicable,Customer related issue,Not Applicable,Not Applicable,787,Not Applicable,0,,
2024-07-16 02:11:00,CNR4150609562,Driver Not Found,CID558961,Mini,Rajajinagar,Majestic,,,Not Applicable,Not Applicable,Not Applicable,Not Applicable,436,Not Applicable,0,,
2024-07-06 23:06:00,CNR4616973511,Success,CID345641,Prime Plus,Bellandur,Richmond Town,210.0,80.0,Not Applicable,Not Applicable,No,Not Applicable,229,Cash,21,4.9,3.9
2024-07-07 23:54:00,CNR1770676832,Driver Not Found,CID211210,Prime SUV,Hulimavu,Hosur Road,,,Not Applicable,Not Applicable,Not Applicable,Not Applicable,399,Not Applicable,0,,
2024-07-02 21:00:00,CNR2053397874,Success,CID102537,Bike,Vijayanagar,Banashankari,98.0,55.0,Not Applicable,Not Applicable,No,Not Applicable,632,UPI,48,3.5,4.8
2024-07-30 09:40:00,CNR7249607247,Success,CID183035,Bike,Langford Town,Frazer Town,119.0,135.0,Not Applicable,Not Applicable,No,Not Applicable,365,UPI,2,3.0,4.8
2024-07-22 01:50:00,CNR4411287513,Success,CID920347,eBike,Yeshwanthpur,Ramamurthy Nagar,126.0,50.0,Not Applicable,Not Applicable,No,Not Applicable,283,Cash,17,4.3,3.3
2024-07-10 21:18:00,CNR8037142128,Canceled by Customer,CID254831,Prime Plus,Langford Town,Shantinagar,,,Driver asked to cancel,Not Applicable,Not Applicable,Not Applicable,103,Not Applicable,0,,
2024-07-07 09:19:00,CNR8140777336,Success,CID413940,Prime SUV,Koramangala,Cox Town,259.0,110.0,Not Applicable,Not Applicable,No,Not Applicable,121,Cash,30,3.3,4.4
2024-07-12 21:29:00,CNR4828983581,Success,CID624388,Mini,Yeshwanthpur,Padmanabhanagar,301.0,120.0,Not Applicable,Not Applicable,Yes,Vehicle Breakdown,316,UPI,22,3.1,4.7
2024-07-13 08:23:00,CNR2778587570,Success,CID184389,Prime SUV,Rajarajeshwari Nagar,Ulsoor,70.0,25.0,Not Applicable,Not Applicable,No,Not Applicable,1256,Cash,32,4.4,4.4
2024-07-12 19:25:00,CNR1285903222,Success,CID435926,Auto,Majestic,Ulsoor,49.0,125.0,Not Applicable,Not Applicable,No,Not Applicable,318,Credit Card,8,3.2,3.2
2024-07-30 17:25:00,CNR6329430130,Success,CID700016,Bike,Nagarbhavi,Padmanabhanagar,112.0,105.0,Not Applicable,Not Applicable,No,Not Applicable,180,Cash,38,4.2,3.3
2024-07-22 10:59:00,CNR4130892099,Driver Not Found,CID170013,Prime Plus,Majestic,Cox Town,,,Not Applicable,Not Applicable,Not Applicable,Not Applicable,261,Not Applicable,0,,
2024-07-26 19:19:00,CNR2333961705,Success,CID763451,Prime Sedan,Banashankari,Bannerghatta Road,56.0,100.0,Not Applicable,Not Applicable,No,Not Applicable,152,Cash,11,3.8,4.0
2024-07-08 06:37:00,CNR5851067970,Success,CID968262,Mini,Marathahalli,Marathahalli,217.0,35.0,Not Applicable,Not Applicable,No,Not Applicable,293,Cash,4,4.7,4.9
2024-07-06 22:18:00,CNR1100523127,Canceled by Customer,CID143048,Mini,Indiranagar,Varthur,,,Driver asked to cancel,Not Applicable,Not Applicable,Not Applicable,969,Not Applicable,0,,
2024-07-16 23:16:00,CNR8081206548,Canceled by Driver,CID917615,Prime Sedan,Varthur,JP Nagar,,,Not Applicable,Customer related issue,Not Applicable,Not Applicable,191,Not Applicable,0,,
2024-07-26 16:07:00,CNR8690580542,Success,CID582092,Prime Sedan,Langford Town,Shivajinagar,245.0,90.0,Not Applicable,Not Applicable,No,Not Applicable,470,Cash,32,4.1,4.8
2024-07-06 09:49:00,CNR7398103162,Success,CID846157,Prime SUV,Banashankari,Tumkur Road,133.0,125.0,Not Applicable,Not Applicable,No,Not Applicable,236,Cash,10,3.3,4.1
2024-07-10 08:06:00,CNR8818450238,Success,CID809399,eBike,Mysore Road,Malleshwaram,210.0,130.0,Not Applicable,Not Applicable,No,Not Applicable,475,Cash,9,3.7,4.6
2024-07-30 04:24:00,CNR7729430794,Canceled by Customer,CID850014,Bike,Cox Town,Frazer Town,,,Driver asked to cancel,Not Applicable,Not Applicable,Not Applicable,142,Not Applicable,0,,
2024-07-24 19:50:00,CNR3015203517,Canceled by Driver,CID675544,Prime Sedan,Electronic City,Yelahanka,,,Not Applicable,Personal & Car related issue,Not Applicable,Not Applicable,546,Not Applicable,0,,
2024-07-15 23:18:00,CNR6529660473,Canceled by Customer,CID312235,Auto,Yelahanka,Hosur Road,,,Driver is not moving towards pickup location,Not Applicable,Not Applicable,Not Applicable,486,Not Applicable,0,,
2024-07-07 05:26:00,CNR1819736961,Canceled by Driver,CID698696,Auto,Marathahalli,Hosur Road,,,Not Applicable,Customer related issue,Not Applicable,Not Applicable,383,Not Applicable,0,,
2024-07-11 22:46:00,CNR6934460136,Success,CID248462,Prime SUV,Devanahalli,Magadi Road,49.0,80.0,Not Applicable,Not Applicable,No,Not Applicable,415,UPI,33,4.7,4.2
2024-07-23 21:58:00,CNR5709092466,Success,CID833324,Prime SUV,Kammanahalli,Shivajinagar,196.0,80.0,Not Applicable,Not Applicable,No,Not Applicable,360,Cash,49,4.0,4.3
2024-07-01 14:27:00,CNR3875360939,Success,CID290931,Prime Plus,Devanahalli,Sarjapur Road,112.0,100.0,Not Applicable,Not Applicable,No,Not Applicable,180,UPI,36,3.2,3.2
2024-07-11 13:33:00,CNR1030017025,Canceled by Driver,CID330782,eBike,Cox Town,Hosur Road,,,Not Applicable,Personal & Car related issue,Not Applicable,Not Applicable,332,Not Applicable,0,,
2024-07-17 02:55:00,CNR5678076714,Driver Not Found,CID175327,Mini,Cox Town,Jayanagar,,,Not Applicable,Not Applicable,Not Applicable,Not Applicable,220,Not Applicable,0,,
2024-07-24 13:52:00,CNR4441454629,Success,CID563142,Prime SUV,Yeshwanthpur,Electronic City,119.0,145.0,Not Applicable,Not Applicable,No,Not Applicable,406,Cash,38,4.8,4.8
2024-07-19 16:53:00,CNR9707326194,Success,CID642771,Mini,Whitefield,Shantinagar,154.0,100.0,Not Applicable,Not Applicable,No,Not Applicable,144,UPI,7,4.5,3.7
2024-07-12 18:17:00,CNR8730350982,Canceled by Customer,CID845174,Mini,Nagarbhavi,Bannerghatta Road,,,Driver is not moving towards pickup location,Not Applicable,Not Applicable,Not Applicable,169,Not Applicable,0,,
2024-07-26 17:23:00,CNR4437249369,Driver Not Found,CID884523,Prime Plus,Yelahanka,Magadi Road,,,Not Applicable,Not Applicable,Not Applicable,Not Applicable,178,Not Applicable,0,,
2024-07-21 04:37:00,CNR7381693893,Canceled by Driver,CID612745,Auto,Majestic,Marathahalli,,,Not Applicable,Personal & Car related issue,Not Applicable,Not Applicable,162,Not Applicable,0,,
2024-07-04 15:58:00,CNR4536406171,Success,CID570561,Prime Plus,Sahakar Nagar,Vijayanagar,245.0,35.0,Not Applicable,Not Applicable,Yes,Vehicle Breakdown,225,Cash,23,4.0,5.0
2024-07-30 11:31:00,CNR7387723745,Success,CID923329,Prime SUV,Varthur,Sarjapur Road,238.0,75.0,Not Applicable,Not Applicable,No,Not Applicable,494,UPI,7,4.6,4.0
2024-07-13 00:27:00,CNR7528283674,Success,CID612822,Prime Plus,Hebbal,Cox Town,266.0,125.0,Not Applicable,Not Applicable,No,Not Applicable,319,Cash,38,3.5,3.3
2024-07-24 11:43:00,CNR3896125350,Driver Not Found,CID511527,Prime Sedan,Koramangala,Yeshwanthpur,,,Not Applicable,Not Applicable,Not Applicable,Not Applicable,187,Not Applicable,0,,
2024-07-07 00:53:00,CNR2259648556,Success,CID243255,Mini,Shantinagar,Richmond Town,266.0,130.0,Not Applicable,Not Applicable,No,Not Applicable,219,UPI,24,4.2,4.5
2024-07-04 02:20:00,CNR5972717464,Canceled by Driver,CID311440,Prime Sedan,HSR Layout,Peenya,,,Not Applicable,Personal & Car related issue,Not Applicable,Not Applicable,2595,Not Applicable,0,,
2024-07-29 23:59:00,CNR8698532798,Driver Not Found,CID537075,Prime SUV,Kengeri,Hennur,,,Not Applicable,Not Applicable,Not Applicable,Not Applicable,486,Not Applicable,0,,
2024-07-24 13:54:00,CNR2799587182,Success,CID963167,Bike,Bannerghatta Road,Langford Town,49.0,65.0,Not Applicable,Not Applicable,No,Not Applicable,484,Cash,7,4.4,4.9
2024-07-27 01:08:00,CNR8463471530,Canceled by Driver,CID283727,Bike,BTM Layout,Sarjapur Road,,,Not Applicable,Customer related issue,Not Applicable,Not Applicable,163,Not Applicable,0,,
2024-07-26 21:35:00,CNR7306881712,Canceled by Driver,CID805720,Prime SUV,MG Road,Tumkur Road,,,Not Applicable,Customer was coughing/sick,Not Applicable,Not Applicable,390,Not Applicable,0,,
2024-07-24 04:38:00,CNR3052848823,Success,CID600832,eBike,Basavanagudi,Nagarbhavi,77.0,120.0,Not Applicable,Not Applicable,No,Not Applicable,115,Cash,48,5.0,3.1
2024-07-19 13:16:00,CNR7312497101,Driver Not Found,CID127813,Bike,Chickpet,Hulimavu,,,Not Applicable,Not Applicable,Not Applicable,Not Applicable,166,Not Applicable,0,,
2024-07-12 16:59:00,CNR1257171537,Success,CID441596,Prime SUV,Whitefield,Magadi Road,56.0,140.0,Not Applicable,Not Applicable,No,Not Applicable,127,UPI,40,4.4,4.5
2024-07-08 09:45:00,CNR7128612527,Driver Not Found,CID431763,Prime SUV,Electronic City,Malleshwaram,,,Not Applicable,Not Applicable,Not Applicable,Not Applicable,107,Not Applicable,0,,
2024-07-24 04:43:00,CNR5112121713,Success,CID765933,eBike,Varthur,Chamarajpet,147.0,145.0,Not Applicable,Not Applicable,No,Not Applicable,1822,UPI,45,4.3,4.8
2024-07-02 15:38:00,CNR1026328740,Driver Not Found,CID223062,Prime SUV,Langford Town,Electronic City,,,Not Applicable,Not Applicable,Not Applicable,Not Applicable,283,Not Applicable,0,,
2024-07-23 15:33:00,CNR2891119397,Success,CID975990,Auto,Magadi Road,Yelahanka,231.0,30.0,Not Applicable,Not Applicable,No,Not Applicable,2238,Cash,10,4.8,3.7
2024-07-29 10:34:00,CNR1971297059,Driver Not Found,CID968892,Bike,Kengeri,Mysore Road,,,Not Applicable,Not Applicable,Not Applicable,Not Applicable,137,Not Applicable,0,,
2024-07-12 09:17:00,CNR3442152344,Canceled by Driver,CID783160,Auto,Frazer Town,Frazer Town,,,Not Applicable,Personal & Car related issue,Not Applicable,Not Applicable,463,Not Applicable,0,,
2024-07-20 00:57:00,CNR6986664772,Success,CID444262,Bike,Vijayanagar,Chamarajpet,210.0,105.0,Not Applicable,Not Applicable,Yes,Customer Demand,1403,Cash,4,3.2,3.6
2024-07-30 20:16:00,CNR5733220767,Success,CID783127,Prime Sedan,Hosur Road,Banashankari,126.0,110.0,Not Applicable,Not Applicable,No,Not Applicable,962,Cash,21,4.5,4.3
2024-07-12 23:03:00,CNR1910237871,Driver Not Found,CID436375,Prime Plus,Frazer Town,Bellandur,,,Not Applicable,Not Applicable,Not Applicable,Not Applicable,285,Not Applicable,0,,
2024-07-27 16:00:00,CNR2632995712,Success,CID539173,eBike,JP Nagar,Chickpet,259.0,55.0,Not Applicable,Not Applicable,No,Not Applicable,415,Cash,43,3.1,4.3
2024-07-07 06:00:00,CNR3744291152,Success,CID468797,Prime Plus,Banashankari,Mysore Road,147.0,70.0,Not Applicable,Not Applicable,No,Not Applicable,1533,UPI,13,3.3,5.0
2024-07-22 23:33:00,CNR9792037006,Success,CID153405,Mini,Nagarbhavi,Rajajinagar,210.0,50.0,Not Applicable,Not Applicable,No,Not Applicable,156,Credit Card,28,4.0,4.5
2024-07-09 14:50:00,CNR1008373083,Success,CID641103,Mini,Richmond Town,Chickpet,98.0,120.0,Not Applicable,Not Applicable,No,Not Applicable,442,UPI,41,3.5,3.7
2024-07-16 14:54:00,CNR6631029721,Driver Not Found,CID304198,Prime Plus,Sahakar Nagar,Whitefield,,,Not Applicable,Not Applicable,Not Applicable,Not Applicable,316,Not Applicable,0,,
2024-07-04 07:44:00,CNR1365934680,Canceled by Driver,CID920807,Bike,BTM Layout,HSR Layout,,,Not Applicable,Customer related issue,Not Applicable,Not Applicable,390,Not Applicable,0,,
2024-07-23 22:35:00,CNR5802715795,Canceled by Customer,CID338843,Mini,Yeshwanthpur,Cox Town,,,Driver is not moving towards pickup location,Not Applicable,Not Applicable,Not Applicable,145,Not Applicable,0,,
2024-07-01 15:36:00,CNR2624091754,Success,CID105163,Auto,Basavanagudi,Ramamurthy Nagar,84.0,100.0,Not Applicable,Not Applicable,No,Not Applicable,651,Cash,9,3.4,4.1
2024-07-20 15:18:00,CNR2058667583,Canceled by Driver,CID459654,Auto,Banashankari,Mysore Road,,,Not Applicable,Personal & Car related issue,Not Applicable,Not Applicable,263,Not Applicable,0,,
2024-07-10 01:18:00,CNR3074484922,Success,CID417078,Bike,Basavanagudi,KR Puram,189.0,100.0,Not Applicable,Not Applicable,No,Not Applicable,358,Cash,4,3.7,4.8
2024-07-17 04:51:00,CNR5075964279,Canceled by Driver,CID802722,Bike,Vijayanagar,Peenya,,,Not Applicable,Personal & Car related issue,Not Applicable,Not Applicable,314,Not Applicable,0,,
2024-07-29 16:09:00,CNR8467009109,Success,CID907147,Bike,Hulimavu,BTM Layout,70.0,35.0,Not Applicable,Not Applicable,No,Not Applicable,482,UPI,21,4.4,4.0
2024-07-11 09:38:00,CNR3573078108,Canceled by Driver,CID245651,Prime Plus,Bellandur,Shivajinagar,,,Not Applicable,Customer related issue,Not Applicable,Not Applicable,454,Not Applicable,0,,
2024-07-07 13:22:00,CNR3710844847,Success,CID260088,Prime SUV,Frazer Town,Hennur,203.0,40.0,Not Applicable,Not Applicable,No,Not Applicable,1153,Cash,12,3.9,3.7
2024-07-07 18:44:00,CNR7759177772,Success,CID728402,Bike,Varthur,Koramangala,119.0,130.0,Not Applicable,Not Applicable,No,Not Applicable,270,UPI,17,3.1,4.0
2024-07-19 09:27:00,CNR1769560914,Success,CID588173,Prime Plus,Hulimavu,Hosur Road,49.0,80.0,Not Applicable,Not Applicable,Yes,Vehicle Breakdown,407,UPI,15,3.4,3.8
2024-07-09 22:38:00,CNR1336666667,Canceled by Driver,CID530243,Prime Sedan,Devanahalli,Padmanabhanagar,,,Not Applicable,Customer related issue,Not Applicable,Not Applicable,285,Not Applicable,0,,
2024-07-04 07:25:00,CNR9939421845,Success,CID954998,eBike,Yeshwanthpur,Ulsoor,301.0,135.0,Not Applicable,Not Applicable,No,Not Applicable,641,Cash,9,4.1,4.0
2024-07-21 00:07:00,CNR5967018007,Success,CID203840,Prime Sedan,Nagarbhavi,Kammanahalli,266.0,100.0,Not Applicable,Not Applicable,No,Not Applicable,134,Cash,40,4.4,3.6
2024-07-10 15:04:00,CNR2127646420,Canceled by Driver,CID982385,Auto,Tumkur Road,Vijayanagar,,,Not Applicable,More than permitted people in there,Not Applicable,Not Applicable,383,Not Applicable,0,,
2024-07-16 10:36:00,CNR9174598599,Success,CID507713,Prime SUV,Rajarajeshwari Nagar,Chamarajpet,133.0,95.0,Not Applicable,Not Applicable,No,Not Applicable,175,UPI,22,3.1,4.5
2024-07-02 09:33:00,CNR8452063400,Driver Not Found,CID897493,Auto,Indiranagar,Marathahalli,,,Not Applicable,Not Applicable,Not Applicable,Not Applicable,426,Not Applicable,0,,
2024-07-29 14:07:00,CNR7929824854,Success,CID564465,Prime Sedan,Electronic City,Indiranagar,63.0,80.0,Not Applicable,Not Applicable,No,Not Applicable,120,Cash,26,3.3,4.7
2024-07-14 22:51:00,CNR5556589807,Success,CID479567,Bike,Basavanagudi,KR Puram,42.0,120.0,Not Applicable,Not Applicable,No,Not Applicable,795,UPI,38,3.3,3.0
2024-07-15 00:53:00,CNR5520326921,Canceled by Customer,CID505258,eBike,Shantinagar,Chickpet,,,Wrong Address,Not Applicable,Not Applicable,Not Applicable,366,Not Applicable,0,,
2024-07-12 14:15:00,CNR6721470966,Success,CID243912,eBike,Kadugodi,Sarjapur Road,301.0,75.0,Not Applicable,Not Applicable,Yes,Customer Demand,1890,Cash,49,4.0,3.1
2024-07-05 13:29:00,CNR4607897663,Success,CID595526,Bike,Hennur,Rajarajeshwari Nagar,224.0,70.0,Not Applicable,Not Applicable,No,Not Applicable,490,Cash,35,5.0,4.3
2024-07-04 00:48:00,CNR7268141489,Success,CID454108,Prime SUV,Whitefield,Kammanahalli,189.0,55.0,Not Applicable,Not Applicable,No,Not Applicable,450,Cash,45,3.2,4.5
2024-07-30 11:14:00,CNR8694071702,Success,CID821440,eBike,Peenya,Rajarajeshwari Nagar,252.0,105.0,Not Applicable,Not Applicable,No,Not Applicable,517,Cash,49,3.2,4.3
2024-07-04 19:59:00,CNR3989866343,Success,CID350300,Auto,Shivajinagar,KR Puram,77.0,80.0,Not Applicable,Not Applicable,No,Not Applicable,545,Cash,2,4.1,4.3
2024-07-05 15:57:00,CNR7609524831,Canceled by Driver,CID788175,Auto,Varthur,Varthur,,,Not Applicable,Customer related issue,Not Applicable,Not Applicable,455,Not Applicable,0,,
2024-07-24 16:17:00,CNR5090247956,Success,CID995945,Prime SUV,Basavanagudi,Kammanahalli,266.0,90.0,Not Applicable,Not Applicable,No,Not Applicable,194,UPI,44,4.3,3.5
2024-07-20 10:00:00,CNR1704320226,Success,CID995651,eBike,KR Puram,Hulimavu,175.0,90.0,Not Applicable,Not Applicable,No,Not Applicable,123,UPI,16,3.0,3.2
2024-07-28 07:27:00,CNR7334275910,Success,CID225335,Mini,Shantinagar,Shantinagar,175.0,35.0,Not Applicable,Not Applicable,Yes,Customer Demand,395,Cash,22,3.4,3.2
2024-07-08 14:49:00,CNR8903243000,Driver Not Found,CID235383,Mini,Marathahalli,Kammanahalli,,,Not Applicable,Not Applicable,Not Applicable,Not Applicable,554,Not Applicable,0,,
2024-07-12 06:03:00,CNR4944516176,Driver Not Found,CID591926,eBike,Banashankari,Hosur Road,,,Not Applicable,Not Applicable,Not Applicable,Not Applicable,605,Not Applicable,0,,
2024-07-06 06:48:00,CNR3816125332,Canceled by Driver,CID605438,Bike,Koramangala,Kadugodi,,,Not Applicable,Customer related issue,Not Applicable,Not Applicable,947,Not Applicable,0,,
2024-07-30 02:05:00,CNR7140839313,Success,CID807366,Prime Sedan,Rajarajeshwari Nagar,Tumkur Road,35.0,45.0,Not Applicable,Not Applicable,No,Not Applicable,435,UPI,10,4.9,4.9
2024-07-28 14:39:00,CNR8005714738,Success,CID916725,Prime SUV,Jayanagar,Whitefield,98.0,45.0,Not Applicable,Not Applicable,No,Not Applicable,363,UPI,1,3.7,3.8
2024-07-01 09:00:00,CNR6903482196,Driver Not Found,CID189054,eBike,Mysore Road,Tumkur Road,,,Not Applicable,Not Applicable,Not Applicable,Not Applicable,235,Not Applicable,0,,
2024-07-21 17:41:00,CNR2728656379,Success,CID389801,Bike,Kengeri,Bellandur,280.0,120.0,Not Applicable,Not Applicable,No,Not Applicable,682,UPI,12,3.5,4.6
2024-07-25 19:26:00,CNR3750711897,Success,CID258673,Prime Sedan,HSR Layout,Hulimavu,217.0,135.0,Not Applicable,Not Applicable,No,Not Applicable,136,UPI,12,3.8,3.9
2024-07-18 21:14:00,CNR1750883977,Success,CID195646,Prime Sedan,HSR Layout,Cox Town,119.0,60.0,Not Applicable,Not Applicable,No,Not Applicable,333,Cash,14,3.1,4.2
2024-07-22 09:43:00,CNR4066402154,Canceled by Driver,CID897411,Prime Sedan,Cox Town,Cox Town,,,Not Applicable,Personal & Car related issue,Not Applicable,Not Applicable,659,Not Applicable,0,,
2024-07-13 10:47:00,CNR4237575128,Success,CID163403,Prime SUV,Sarjapur Road,Hosur Road,168.0,115.0,Not Applicable,Not Applicable,No,Not Applicable,257,Cash,23,4.7,5.0
2024-07-03 19:01:00,CNR6428395472,Success,CID781723,Prime SUV,KR Puram,Electronic City,273.0,80.0,Not Applicable,Not Applicable,No,Not Applicable,177,Cash,6,3.4,4.8
2024-07-10 23:40:00,CNR9630541781,Success,CID590584,Prime Sedan,BTM Layout,MG Road,224.0,65.0,Not Applicable,Not Applicable,No,Not Applicable,139,Cash,46,4.3,3.2
2024-07-27 10:39:00,CNR6395548252,Canceled by Customer,CID418840,Prime SUV,Hebbal,Kadugodi,,,Driver is not moving towards pickup location,Not Applicable,Not Applicable,Not Applicable,429,Not Applicable,0,,
2024-07-26 21:43:00,CNR8859182950,Success,CID938907,eBike,Vijayanagar,Bannerghatta Road,238.0,145.0,Not Applicable,Not Applicable,No,Not Applicable,486,UPI,16,3.4,3.8
2024-07-18 10:00:00,CNR1671555778,Success,CID922971,Prime SUV,KR Puram,Tumkur Road,217.0,105.0,Not Applicable,Not Applicable,No,Not Applicable,154,Cash,45,3.9,3.6
2024-07-14 01:15:00,CNR8924730407,Canceled by Driver,CID850924,eBike,Langford Town,Ulsoor,,,Not Applicable,Customer was coughing/sick,Not Applicable,Not Applicable,301,Not Applicable,0,,
2024-07-29 14:31:00,CNR2859947570,Success,CID530044,Prime Sedan,Kadugodi,Chamarajpet,189.0,90.0,Not Applicable,Not Applicable,No,Not Applicable,316,UPI,32,3.7,3.4
2024-07-22 07:21:00,CNR1142182225,Success,CID489558,Mini,Peenya,Majestic,126.0,80.0,Not Applicable,Not Applicable,No,Not Applicable,1765,Cash,10,3.5,3.0
2024-07-25 12:28:00,CNR7326288156,Success,CID873770,Bike,Bellandur,Rajarajeshwari Nagar,91.0,45.0,Not Applicable,Not Applicable,No,Not Applicable,515,UPI,49,4.3,4.2
2024-07-04 17:32:00,CNR9975693323,Success,CID537978,Bike,BTM Layout,Mysore Road,273.0,130.0,Not Applicable,Not Applicable,No,Not Applicable,489,Cash,38,5.0,4.7
2024-07-21 11:14:00,CNR7758323600,Success,CID661816,Auto,Electronic City,Nagarbhavi,42.0,25.0,Not Applicable,Not Applicable,No,Not Applicable,989,Cash,9,3.4,4.3
2024-07-30 09:24:00,CNR8826694436,Success,CID414280,Bike,Sahakar Nagar,Hennur,175.0,120.0,Not Applicable,Not Applicable,No,Not Applicable,478,Cash,45,4.4,3.4
2024-07-03 11:18:00,CNR5379519062,Success,CID808158,Auto,BTM Layout,Varthur,182.0,95.0,Not Applicable,Not Applicable,No,Not Applicable,368,Cash,15,4.6,4.7
2024-07-18 16:07:00,CNR9352484469,Driver Not Found,CID963211,Auto,Electronic City,Peenya,,,Not Applicable,Not Applicable,Not Applicable,Not Applicable,2839,Not Applicable,0,,
2024-07-05 16:37:00,CNR5972488644,Canceled by Driver,CID622821,Bike,Nagarbhavi,Indiranagar,,,Not Applicable,Customer was coughing/sick,Not Applicable,Not Applicable,726,Not Applicable,0,,
2024-07-25 08:44:00,CNR1041482242,Success,CID419487,Auto,KR Puram,Nagarbhavi,112.0,75.0,Not Applicable,Not Applicable,No,Not Applicable,219,Cash,9,4.4,4.4
2024-07-09 02:38:00,CNR1155546118,Canceled by Driver,CID806887,Auto,Devanahalli,Chickpet,,,Not Applicable,Personal & Car related issue,Not Applicable,Not Applicable,286,Not Applicable,0,,
2024-07-08 22:38:00,CNR7803229338,Success,CID286839,Prime SUV,Magadi Road,Indiranagar,91.0,40.0,Not Applicable,Not Applicable,No,Not Applicable,893,Cash,20,3.8,4.0
2024-07-30 21:11:00,CNR7678466770,Success,CID434250,Prime SUV,BTM Layout,BTM Layout,105.0,70.0,Not Applicable,Not Applicable,No,Not Applicable,149,Cash,18,4.2,3.5
2024-07-21 22:19:00,CNR8830440273,Canceled by Driver,CID782517,Prime SUV,Tumkur Road,JP Nagar,,,Not Applicable,Customer related issue,Not Applicable,Not Applicable,193,Not Applicable,0,,
2024-07-29 19:39:00,CNR8854278659,Success,CID837827,Auto,Electronic City,Padmanabhanagar,203.0,105.0,Not Applicable,Not Applicable,No,Not Applicable,914,UPI,5,4.1,4.4
2024-07-09 08:05:00,CNR2097039618,Success,CID268422,Bike,Kammanahalli,Basavanagudi,140.0,55.0,Not Applicable,Not Applicable,No,Not Applicable,1515,UPI,40,3.6,3.6
2024-07-14 06:59:00,CNR9166453143,Success,CID610671,Bike,Hosur Road,Yelahanka,70.0,105.0,Not Applicable,Not Applicable,No,Not Applicable,511,Cash,33,4.4,3.3
2024-07-17 11:43:00,CNR6705013851,Driver Not Found,CID932702,Mini,HSR Layout,Cox Town,,,Not Applicable,Not Applicable,Not Applicable,Not Applicable,426,Not Applicable,0,,
2024-07-29 14:10:00,CNR8170808327,Success,CID354824,Auto,Vijayanagar,HSR Layout,301.0,50.0,Not Applicable,Not Applicable,No,Not Applicable,134,UPI,1,4.2,3.9
2024-07-16 07:21:00,CNR2491955900,Success,CID439639,Bike,Marathahalli,Kengeri,112.0,70.0,Not Applicable,Not Applicable,No,Not Applicable,261,Cash,9,3.1,3.9
2024-07-10 18:44:00,CNR4766695403,Success,CID559172,Prime Plus,Ramamurthy Nagar,Peenya,273.0,25.0,Not Applicable,Not Applicable,No,Not Applicable,434,Cash,33,4.1,3.4
2024-07-12 21:20:00,CNR5607511430,Canceled by Driver,CID865717,Prime Sedan,Hosur Road,Hebbal,,,Not Applicable,More than permitted people in there,Not Applicable,Not Applicable,323,Not Applicable,0,,
2024-07-03 02:03:00,CNR2419155084,Success,CID651895,Prime SUV,Magadi Road,HSR Layout,245.0,120.0,Not Applicable,Not Applicable,No,Not Applicable,128,Cash,25,4.9,3.9
2024-07-03 08:09:00,CNR8091772359,Success,CID637705,Bike,KR Puram,HSR Layout,287.0,35.0,Not Applicable,Not Applicable,No,Not Applicable,111,Cash,35,3.8,4.1
2024-07-19 10:56:00,CNR3353614375,Canceled by Driver,CID456899,Prime Plus,JP Nagar,Shantinagar,,,Not Applicable,Personal & Car related issue,Not Applicable,Not Applicable,440,Not Applicable,0,,
2024-07-25 07:22:00,CNR8649596171,Success,CID660504,Prime Sedan,Hebbal,Shivajinagar,77.0,75.0,Not Applicable,Not Applicable,Yes,Customer Demand,642,Cash,33,3.2,3.9
2024-07-29 16:58:00,CNR1284656692,Success,CID540619,Prime SUV,Bellandur,Rajarajeshwari Nagar,70.0,95.0,Not Applicable,Not Applicable,No,Not Applicable,494,Cash,31,4.2,4.7
2024-07-24 07:23:00,CNR3444377786,Canceled by Driver,CID739997,Prime SUV,Hebbal,Nagarbhavi,,,Not Applicable,Customer related issue,Not Applicable,Not Applicable,1300,Not Applicable,0,,
2024-07-02 04:23:00,CNR6587403114,Success,CID787309,Mini,Langford Town,Langford Town,294.0,130.0,Not Applicable,Not Applicable,No,Not Applicable,452,Cash,34,3.8,3.5
2024-07-01 05:14:00,CNR7244619253,Canceled by Driver,CID463903,Prime Sedan,Cox Town,Hosur Road,,,Not Applicable,Personal & Car related issue,Not Applicable,Not Applicable,175,Not Applicable,0,,
2024-07-09 11:07:00,CNR6642867480,Success,CID163847,eBike,Hennur,Bellandur,154.0,55.0,Not Applicable,Not Applicable,No,Not Applicable,664,Cash,41,4.5,3.7
2024-07-06 14:28:00,CNR3184357951,Success,CID801961,Prime SUV,RT Nagar,Whitefield,105.0,40.0,Not Applicable,Not Applicable,No,Not Applicable,1477,UPI,41,4.8,3.3
2024-07-24 17:31:00,CNR4413350656,Success,CID947558,Auto,Chamarajpet,Rajarajeshwari Nagar,56.0,110.0,Not Applicable,Not Applicable,No,Not Applicable,203,Cash,3,4.9,3.2
2024-07-09 02:59:00,CNR1391199919,Success,CID313743,Auto,Magadi Road,Malleshwaram,140.0,70.0,Not Applicable,Not Applicable,Yes,Other Issue,104,UPI,4,4.5,4.1
2024-07-12 20:03:00,CNR7853496957,Success,CID660199,Auto,Vijayanagar,Sahakar Nagar,210.0,75.0,Not Applicable,Not Applicable,No,Not Applicable,224,UPI,3,3.9,4.0
2024-07-01 18:36:00,CNR7827950575,Canceled by Driver,CID367289,Prime Sedan,Bannerghatta Road,Tumkur Road,,,Not Applicable,Personal & Car related issue,Not Applicable,Not Applicable,168,Not Applicable,0,,
2024-07-20 10:33:00,CNR6520859076,Success,CID981226,Prime SUV,Bellandur,Hennur,182.0,120.0,Not Applicable,Not Applicable,No,Not Applicable,271,UPI,2,4.1,4.7
2024-07-04 20:20:00,CNR8346763518,Canceled by Customer,CID723039,Mini,Padmanabhanagar,Devanahalli,,,AC is Not working,Not Applicable,Not Applicable,Not Applicable,183,Not Applicable,0,,
2024-07-30 06:32:00,CNR1441508723,Success,CID754603,eBike,Malleshwaram,Koramangala,252.0,100.0,Not Applicable,Not Applicable,No,Not Applicable,499,Cash,2,3.6,4.5
2024-07-23 12:25:00,CNR8226594684,Success,CID413127,Prime SUV,JP Nagar,Devanahalli,196.0,85.0,Not Applicable,Not Applicable,No,Not Applicable,239,Cash,42,3.3,4.8
2024-07-12 19:51:00,CNR7219733952,Canceled by Driver,CID222403,eBike,Basavanagudi,Varthur,,,Not Applicable,Personal & Car related issue,Not Applicable,Not Applicable,214,Not Applicable,0,,
2024-07-11 17:22:00,CNR6484805084,Driver Not Found,CID973584,Prime Plus,Magadi Road,Bellandur,,,Not Applicable,Not Applicable,Not Applicable,Not Applicable,1064,Not Applicable,0,,
2024-07-18 00:12:00,CNR2357099561,Success,CID520161,Bike,Malleshwaram,Hebbal,301.0,65.0,Not Applicable,Not Applicable,No,Not Applicable,874,Cash,27,3.5,3.9
2024-07-16 10:28:00,CNR6681734685,Success,CID230705,eBike,Bellandur,Ramamurthy Nagar,84.0,35.0,Not Applicable,Not Applicable,No,Not Applicable,915,UPI,32,3.3,3.1
2024-07-09 03:31:00,CNR3384793448,Canceled by Customer,CID127359,eBike,Cox Town,Whitefield,,,AC is Not working,Not Applicable,Not Applicable,Not Applicable,937,Not Applicable,0,,
2024-07-24 20:51:00,CNR5506910466,Success,CID684887,Prime Plus,Hennur,Kengeri,91.0,30.0,Not Applicable,Not Applicable,No,Not Applicable,641,Cash,22,3.3,3.3
2024-07-24 19:28:00,CNR7567026198,Driver Not Found,CID402548,Auto,Ulsoor,Padmanabhanagar,,,Not Applicable,Not Applicable,Not Applicable,Not Applicable,537,Not Applicable,0,,
2024-07-25 02:34:00,CNR6626161736,Canceled by Driver,CID112807,Bike,Magadi Road,Hennur,,,Not Applicable,Personal & Car related issue,Not Applicable,Not Applicable,443,Not Applicable,0,,
2024-07-14 01:34:00,CNR9483381721,Success,CID380973,Prime Sedan,RT Nagar,RT Nagar,154.0,105.0,Not Applicable,Not Applicable,No,Not Applicable,544,Cash,1,3.4,4.7
2024-07-23 14:21:00,CNR2536029685,Canceled by Customer,CID806262,eBike,KR Puram,Marathahalli,,,Driver asked to cancel,Not Applicable,Not Applicable,Not Applicable,254,Not Applicable,0,,
2024-07-06 16:13:00,CNR1091012896,Canceled by Customer,CID845245,Prime Plus,Rajarajeshwari Nagar,Mysore Road,,,Driver asked to cancel,Not Applicable,Not Applicable,Not Applicable,1848,Not Applicable,0,,
2024-07-14 18:17:00,CNR6609347677,Success,CID517814,Bike,Kadugodi,Varthur,140.0,65.0,Not Applicable,Not Applicable,No,Not Applicable,484,UPI,1,4.6,3.3
2024-07-04 03:37:00,CNR4020685384,Canceled by Driver,CID323795,eBike,Yelahanka,Ramamurthy Nagar,,,Not Applicable,Customer was coughing/sick,Not Applicable,Not Applicable,194,Not Applicable,0,,
2024-07-30 15:42:00,CNR1233787272,Success,CID404706,Prime Plus,Kammanahalli,Frazer Town,224.0,25.0,Not Applicable,Not Applicable,No,Not Applicable,658,Cash,21,4.1,4.4
2024-07-18 22:19:00,CNR8773888712,Success,CID740521,Prime Sedan,Ulsoor,Frazer Town,175.0,80.0,Not Applicable,Not Applicable,No,Not Applicable,820,Cash,20,5.0,4.7
2024-07-16 11:31:00,CNR4216231493,Success,CID506831,Bike,Kengeri,Ulsoor,224.0,100.0,Not Applicable,Not Applicable,No,Not Applicable,259,Cash,25,4.4,4.9
2024-07-21 13:21:00,CNR6178791438,Success,CID373916,Mini,Chickpet,Bannerghatta Road,105.0,30.0,Not Applicable,Not Applicable,No,Not Applicable,483,UPI,4,4.0,3.7
2024-07-03 02:57:00,CNR4367028634,Success,CID387923,Prime SUV,JP Nagar,Hebbal,308.0,140.0,Not Applicable,Not Applicable,No,Not Applicable,467,Credit Card,49,4.1,4.8
2024-07-17 22:50:00,CNR8717067176,Success,CID116122,Prime Sedan,RT Nagar,Marathahalli,175.0,40.0,Not Applicable,Not Applicable,No,Not Applicable,744,Cash,46,4.3,4.4
2024-07-23 00:20:00,CNR7821272214,Success,CID336478,Mini,Yelahanka,Yelahanka,140.0,85.0,Not Applicable,Not Applicable,No,Not Applicable,288,Cash,43,3.8,4.6
2024-07-11 10:48:00,CNR4880945510,Canceled by Driver,CID517841,Prime Plus,Rajajinagar,Ulsoor,,,Not Applicable,Customer was coughing/sick,Not Applicable,Not Applicable,151,Not Applicable,0,,
2024-07-17 10:19:00,CNR7023537023,Canceled by Driver,CID493873,Auto,Banashankari,Hulimavu,,,Not Applicable,More than permitted people in there,Not Applicable,Not Applicable,2232,Not Applicable,0,,
2024-07-07 00:52:00,CNR9213856561,Driver Not Found,CID293727,eBike,Chamarajpet,Tumkur Road,,,Not Applicable,Not Applicable,Not Applicable,Not Applicable,1940,Not Applicable,0,,
2024-07-09 19:13:00,CNR7938850063,Success,CID322073,Prime SUV,Kammanahalli,Chamarajpet,259.0,90.0,Not Applicable,Not Applicable,No,Not Applicable,624,Credit Card,33,3.1,4.0
2024-07-01 22:15:00,CNR5956494583,Success,CID937626,eBike,Bannerghatta Road,Varthur,154.0,55.0,Not Applicable,Not Applicable,No,Not Applicable,496,Cash,9,3.9,3.7
2024-07-07 17:45:00,CNR2507505937,Success,CID625539,Prime SUV,RT Nagar,Whitefield,168.0,145.0,Not Applicable,Not Applicable,Yes,Other Issue,167,UPI,35,4.6,4.7
2024-07-22 03:56:00,CNR8175381712,Success,CID112168,Bike,Hulimavu,BTM Layout,119.0,60.0,Not Applicable,Not Applicable,No,Not Applicable,428,Cash,9,3.2,3.1
2024-07-23 03:16:00,CNR3214441793,Canceled by Driver,CID618535,Prime Plus,Marathahalli,Banashankari,,,Not Applicable,Customer was coughing/sick,Not Applicable,Not Applicable,216,Not Applicable,0,,
2024-07-30 17:23:00,CNR1163995607,Success,CID675538,eBike,Mysore Road,Peenya,140.0,140.0,Not Applicable,Not Applicable,No,Not Applicable,414,Cash,18,4.6,3.1
2024-07-23 13:34:00,CNR9515321514,Success,CID961819,Mini,Ramamurthy Nagar,Hebbal,301.0,115.0,Not Applicable,Not Applicable,No,Not Applicable,120,Cash,30,3.8,4.6
2024-07-26 14:10:00,CNR5766765501,Success,CID859630,Auto,Frazer Town,Basavanagudi,126.0,40.0,Not Applicable,Not Applicable,Yes,Customer Demand,227,UPI,2,4.3,4.4
2024-07-17 06:37:00,CNR4943669718,Success,CID520645,Prime Plus,Nagarbhavi,Kammanahalli,154.0,110.0,Not Applicable,Not Applicable,No,Not Applicable,740,UPI,13,4.5,3.2
2024-07-17 12:56:00,CNR2946350034,Success,CID230954,Prime SUV,Shantinagar,Hebbal,259.0,120.0,Not Applicable,Not Applicable,No,Not Applicable,350,UPI,41,4.4,3.6
2024-07-14 23:37:00,CNR6359912930,Success,CID141457,Auto,Marathahalli,Hennur,35.0,105.0,Not Applicable,Not Applicable,Yes,Customer Demand,607,UPI,5,3.9,3.2
2024-07-27 20:54:00,CNR1234345017,Driver Not Found,CID819977,Prime SUV,Whitefield,Kengeri,,,Not Applicable,Not Applicable,Not Applicable,Not Applicable,1663,Not Applicable,0,,
2024-07-27 16:12:00,CNR5350775899,Canceled by Driver,CID866003,Prime SUV,Whitefield,KR Puram,,,Not Applicable,Personal & Car related issue,Not Applicable,Not Applicable,1219,Not Applicable,0,,
2024-07-26 01:41:00,CNR6038192420,Canceled by Driver,CID440418,Bike,KR Puram,Tumkur Road,,,Not Applicable,Customer related issue,Not Applicable,Not Applicable,590,Not Applicable,0,,
2024-07-23 03:31:00,CNR8551787172,Success,CID781554,Auto,Bellandur,Basavanagudi,147.0,40.0,Not Applicable,Not Applicable,No,Not Applicable,416,Credit Card,18,5.0,3.8
2024-07-20 06:17:00,CNR8789107797,Canceled by Customer,CID695199,eBike,Hennur,Rajarajeshwari Nagar,,,Driver asked to cancel,Not Applicable,Not Applicable,Not Applicable,376,Not Applicable,0,,
2024-07-30 08:19:00,CNR4642293596,Success,CID244821,Prime SUV,Majestic,KR Puram,49.0,95.0,Not Applicable,Not Applicable,No,Not Applicable,121,UPI,46,3.8,4.0
2024-07-02 16:04:00,CNR8491163169,Canceled by Customer,CID602742,Mini,Banashankari,Nagarbhavi,,,Driver is not moving towards pickup location,Not Applicable,Not Applicable,Not Applicable,378,Not Applicable,0,,
2024-07-02 01:39:00,CNR5092502832,Success,CID129282,Prime SUV,Frazer Town,Tumkur Road,112.0,100.0,Not Applicable,Not Applicable,No,Not Applicable,940,UPI,3,3.4,4.2
2024-07-02 17:12:00,CNR7144131654,Success,CID311341,Mini,Sahakar Nagar,Malleshwaram,168.0,110.0,Not Applicable,Not Applicable,No,Not Applicable,600,Cash,21,4.7,4.4
2024-07-04 21:24:00,CNR4696966742,Canceled by Driver,CID866607,eBike,Hennur,Bellandur,,,Not Applicable,Customer was coughing/sick,Not Applicable,Not Applicable,197,Not Applicable,0,,
2024-07-07 08:17:00,CNR1162624668,Driver Not Found,CID303497,eBike,Rajarajeshwari Nagar,Sarjapur Road,,,Not Applicable,Not Applicable,Not Applicable,Not Applicable,197,Not Applicable,0,,
2024-07-09 17:00:00,CNR9407454836,Success,CID436680,Mini,Banashankari,Kammanahalli,203.0,125.0,Not Applicable,Not Applicable,No,Not Applicable,450,Debit Card,23,3.5,3.2
2024-07-22 22:04:00,CNR3168424821,Canceled by Driver,CID299978,Prime Plus,Tumkur Road,Nagarbhavi,,,Not Applicable,Customer related issue,Not Applicable,Not Applicable,872,Not Applicable,0,,
2024-07-18 09:44:00,CNR2278293827,Canceled by Customer,CID374667,Prime Sedan,Hebbal,Nagarbhavi,,,AC is Not working,Not Applicable,Not Applicable,Not Applicable,153,Not Applicable,0,,
2024-07-17 21:36:00,CNR2389580486,Success,CID282835,Bike,Indiranagar,Richmond Town,119.0,100.0,Not Applicable,Not Applicable,No,Not Applicable,216,UPI,31,3.9,3.9
2024-07-04 12:49:00,CNR2326588533,Success,CID163228,Bike,Frazer Town,Shantinagar,126.0,75.0,Not Applicable,Not Applicable,No,Not Applicable,497,Cash,36,3.3,3.9
2024-07-21 21:30:00,CNR3712020260,Canceled by Customer,CID118401,Bike,Langford Town,Bannerghatta Road,,,AC is Not working,Not Applicable,Not Applicable,Not Applicable,465,Not Applicable,0,,
2024-07-29 14:57:00,CNR1576754791,Driver Not Found,CID917061,Prime SUV,Cox Town,Kengeri,,,Not Applicable,Not Applicable,Not Applicable,Not Applicable,210,Not Applicable,0,,
2024-07-14 14:02:00,CNR9875048494,Success,CID522602,Auto,Banashankari,JP Nagar,126.0,35.0,Not Applicable,Not Applicable,No,Not Applicable,571,UPI,12,5.0,4.5
2024-07-09 02:46:00,CNR7785244135,Canceled by Driver,CID426007,Prime Plus,Kadugodi,Majestic,,,Not Applicable,Personal & Car related issue,Not Applicable,Not Applicable,432,Not Applicable,0,,
2024-07-26 20:01:00,CNR3200430502,Driver Not Found,CID571099,Prime Sedan,Bellandur,RT Nagar,,,Not Applicable,Not Applicable,Not Applicable,Not Applicable,464,Not Applicable,0,,
2024-07-17 23:38:00,CNR1436973457,Success,CID864522,eBike,Kengeri,Jayanagar,147.0,100.0,Not Applicable,Not Applicable,No,Not Applicable,119,UPI,12,3.9,3.9
2024-07-05 16:35:00,CNR5975910888,Driver Not Found,CID322817,Mini,Chickpet,Yelahanka,,,Not Applicable,Not Applicable,Not Applicable,Not Applicable,488,Not Applicable,0,,
2024-07-30 09:01:00,CNR2380790781,Success,CID756958,Prime SUV,MG Road,KR Puram,77.0,90.0,Not Applicable,Not Applicable,No,Not Applicable,251,Cash,34,3.4,4.4
2024-07-26 17:29:00,CNR3731253168,Success,CID237724,Auto,Yeshwanthpur,Hulimavu,105.0,30.0,Not Applicable,Not Applicable,No,Not Applicable,968,Cash,15,4.1,4.9
2024-07-29 13:49:00,CNR9573807436,Success,CID859219,Auto,Richmond Town,Vijayanagar,42.0,145.0,Not Applicable,Not Applicable,No,Not Applicable,2694,UPI,14,4.4,4.7
2024-07-11 04:12:00,CNR1852718093,Success,CID303031,eBike,Kadugodi,Sarjapur Road,154.0,55.0,Not Applicable,Not Applicable,No,Not Applicable,112,UPI,27,4.7,3.6
2024-07-07 22:16:00,CNR5017639573,Success,CID722329,Mini,Malleshwaram,Magadi Road,154.0,60.0,Not Applicable,Not Applicable,No,Not Applicable,277,UPI,40,4.1,4.1
2024-07-10 19:32:00,CNR7218071824,Canceled by Driver,CID501398,Mini,Langford Town,Yeshwanthpur,,,Not Applicable,Customer was coughing/sick,Not Applicable,Not Applicable,338,Not Applicable,0,,
2024-07-08 21:30:00,CNR5692989178,Success,CID792250,Prime SUV,Nagarbhavi,Vijayanagar,42.0,140.0,Not Applicable,Not Applicable,No,Not Applicable,109,Cash,39,3.2,4.0
2024-07-03 12:27:00,CNR7995522211,Success,CID322633,Mini,BTM Layout,Peenya,294.0,110.0,Not Applicable,Not Applicable,Yes,Other Issue,590,Cash,31,4.6,4.3
2024-07-17 14:59:00,CNR9752912211,Success,CID699811,Prime Plus,Majestic,Magadi Road,210.0,135.0,Not Applicable,Not Applicable,Yes,Vehicle Breakdown,170,UPI,13,3.6,3.5
2024-07-27 17:30:00,CNR9946683879,Success,CID726854,Prime Sedan,Richmond Town,Marathahalli,35.0,90.0,Not Applicable,Not Applicable,No,Not Applicable,802,Cash,2,3.2,4.0
2024-07-15 21:48:00,CNR5225348065,Success,CID611693,eBike,Yeshwanthpur,Cox Town,203.0,115.0,Not Applicable,Not Applicable,No,Not Applicable,444,Cash,7,4.4,4.0
2024-07-06 13:06:00,CNR7722729599,Driver Not Found,CID740708,Prime Plus,Sahakar Nagar,Electronic City,,,Not Applicable,Not Applicable,Not Applicable,Not Applicable,434,Not Applicable,0,,
2024-07-29 14:15:00,CNR7256042939,Canceled by Customer,CID973182,Mini,Shivajinagar,Sarjapur Road,,,Wrong Address,Not Applicable,Not Applicable,Not Applicable,987,Not Applicable,0,,
2024-07-08 03:46:00,CNR4730445866,Driver Not Found,CID268224,Prime Sedan,Koramangala,Tumkur Road,,,Not Applicable,Not Applicable,Not Applicable,Not Applicable,255,Not Applicable,0,,
2024-07-07 08:56:00,CNR2234007049,Success,CID517361,Auto,Bannerghatta Road,Ulsoor,238.0,130.0,Not Applicable,Not Applicable,No,Not Applicable,390,UPI,12,4.2,3.1
2024-07-18 21:06:00,CNR4368027994,Success,CID311978,Prime SUV,Magadi Road,Padmanabhanagar,77.0,50.0,Not Applicable,Not Applicable,No,Not Applicable,360,Credit Card,20,3.3,3.5
2024-07-09 07:39:00,CNR7760767815,Success,CID985272,Bike,Richmond Town,Tumkur Road,168.0,25.0,Not Applicable,Not Applicable,No,Not Applicable,159,Cash,11,4.6,4.0
2024-07-28 06:38:00,CNR9350743132,Canceled by Driver,CID872356,Prime SUV,Magadi Road,Sarjapur Road,,,Not Applicable,Personal & Car related issue,Not Applicable,Not Applicable,127,Not Applicable,0,,
2024-07-02 05:37:00,CNR4093025092,Success,CID323280,eBike,Kengeri,Langford Town,112.0,95.0,Not Applicable,Not Applicable,No,Not Applicable,292,Cash,11,3.8,4.1
2024-07-17 19:36:00,CNR2434775554,Success,CID176182,Bike,Electronic City,RT Nagar,294.0,30.0,Not Applicable,Not Applicable,No,Not Applicable,167,Credit Card,40,3.8,3.8
2024-07-15 23:36:00,CNR8770876253,Success,CID174201,Prime Plus,Sahakar Nagar,Banashankari,217.0,130.0,Not Applicable,Not Applicable,No,Not Applicable,381,UPI,43,4.2,3.7
2024-07-21 11:10:00,CNR8340956078,Success,CID525625,Prime Sedan,Whitefield,Bannerghatta Road,245.0,30.0,Not Applicable,Not Applicable,No,Not Applicable,424,UPI,35,3.4,4.8
2024-07-20 17:47:00,CNR7657184333,Success,CID863120,Auto,Chickpet,Hennur,63.0,65.0,Not Applicable,Not Applicable,No,Not Applicable,458,UPI,10,4.1,5.0
2024-07-02 18:23:00,CNR6621490218,Success,CID195631,eBike,Cox Town,Kadugodi,203.0,45.0,Not Applicable,Not Applicable,No,Not Applicable,438,UPI,12,4.2,3.8
2024-07-05 03:24:00,CNR7370734101,Success,CID982311,Prime SUV,Sarjapur Road,Electronic City,168.0,90.0,Not Applicable,Not Applicable,No,Not Applicable,275,Cash,45,3.6,3.3
2024-07-03 15:47:00,CNR6433620358,Success,CID529168,Prime SUV,RT Nagar,Kengeri,266.0,40.0,Not Applicable,Not Applicable,No,Not Applicable,144,UPI,19,3.9,4.1
2024-07-19 13:17:00,CNR8066885144,Success,CID528981,Mini,Hosur Road,RT Nagar,91.0,75.0,Not Applicable,Not Applicable,No,Not Applicable,361,UPI,32,3.5,4.0
2024-07-27 21:20:00,CNR1706303354,Success,CID950278,Auto,Electronic City,Bellandur,266.0,50.0,Not Applicable,Not Applicable,No,Not Applicable,425,UPI,2,4.9,3.2
2024-07-09 22:45:00,CNR7653972231,Canceled by Customer,CID957157,eBike,Rajajinagar,Langford Town,,,Driver asked to cancel,Not Applicable,Not Applicable,Not Applicable,105,Not Applicable,0,,
2024-07-11 13:35:00,CNR6801970077,Success,CID860561,Prime Sedan,Bellandur,RT Nagar,84.0,140.0,Not Applicable,Not Applicable,Yes,Vehicle Breakdown,440,Cash,21,4.2,3.8
2024-07-08 01:54:00,CNR6721265545,Success,CID474934,Prime Plus,Sahakar Nagar,Rajarajeshwari Nagar,308.0,130.0,Not Applicable,Not Applicable,No,Not Applicable,254,Cash,41,4.7,3.6
2024-07-25 02:57:00,CNR7447245425,Success,CID463533,Bike,Cox Town,Malleshwaram,126.0,45.0,Not Applicable,Not Applicable,No,Not Applicable,522,Credit Card,30,4.1,3.8
2024-07-02 01:10:00,CNR2123650486,Success,CID900240,Bike,Padmanabhanagar,Chamarajpet,133.0,65.0,Not Applicable,Not Applicable,No,Not Applicable,361,UPI,7,4.8,3.4
2024-07-09 17:30:00,CNR8191307947,Success,CID410590,Bike,Sahakar Nagar,Yeshwanthpur,252.0,120.0,Not Applicable,Not Applicable,No,Not Applicable,275,UPI,24,3.6,3.6
2024-07-25 10:50:00,CNR6679878961,Canceled by Customer,CID700234,Auto,Ulsoor,Vijayanagar,,,Change of plans,Not Applicable,Not Applicable,Not Applicable,224,Not Applicable,0,,
2024-07-30 01:13:00,CNR2575692235,Success,CID529452,Prime SUV,JP Nagar,Langford Town,252.0,105.0,Not Applicable,Not Applicable,No,Not Applicable,446,Cash,26,4.1,3.3
2024-07-24 18:20:00,CNR8414511974,Success,CID752489,Mini,BTM Layout,RT Nagar,105.0,90.0,Not Applicable,Not Applicable,No,Not Applicable,241,UPI,1,3.0,3.7
2024-07-04 17:56:00,CNR8468927528,Success,CID248743,Prime SUV,Langford Town,Mysore Road,63.0,105.0,Not Applicable,Not Applicable,No,Not Applicable,426,Cash,22,3.1,4.8
2024-07-10 01:00:00,CNR2157172573,Success,CID270973,Mini,Chickpet,Marathahalli,224.0,70.0,Not Applicable,Not Applicable,No,Not Applicable,498,UPI,4,4.3,4.6
2024-07-03 05:32:00,CNR7901480655,Canceled by Customer,CID980044,Mini,Marathahalli,Ramamurthy Nagar,,,Driver asked to cancel,Not Applicable,Not Applicable,Not Applicable,676,Not Applicable,0,,
2024-07-29 23:09:00,CNR8324908221,Success,CID333732,eBike,Richmond Town,Electronic City,63.0,130.0,Not Applicable,Not Applicable,No,Not Applicable,609,Cash,32,4.9,3.8
2024-07-29 09:20:00,CNR1413483904,Canceled by Driver,CID903227,Prime SUV,Chickpet,Marathahalli,,,Not Applicable,Customer related issue,Not Applicable,Not Applicable,305,Not Applicable,0,,
2024-07-04 21:07:00,CNR4003793827,Success,CID520903,eBike,Marathahalli,Peenya,77.0,95.0,Not Applicable,Not Applicable,No,Not Applicable,353,UPI,10,4.4,3.6
2024-07-16 03:14:00,CNR1025763601,Canceled by Driver,CID258168,Auto,Frazer Town,Hennur,,,Not Applicable,Customer was coughing/sick,Not Applicable,Not Applicable,624,Not Applicable,0,,
2024-07-25 14:36:00,CNR2853314957,Canceled by Driver,CID563589,Prime Sedan,Hulimavu,Hosur Road,,,Not Applicable,Customer was coughing/sick,Not Applicable,Not Applicable,234,Not Applicable,0,,
2024-07-02 01:12:00,CNR7883884727,Success,CID427478,Mini,Electronic City,Nagarbhavi,126.0,50.0,Not Applicable,Not Applicable,No,Not Applicable,399,UPI,27,4.2,3.9
2024-07-26 18:41:00,CNR2464498259,Success,CID714444,Mini,Frazer Town,Whitefield,238.0,30.0,Not Applicable,Not Applicable,No,Not Applicable,451,UPI,40,4.6,3.6
2024-07-05 15:12:00,CNR5017849926,Canceled by Customer,CID423277,Prime SUV,Varthur,Tumkur Road,,,Change of plans,Not Applicable,Not Applicable,Not Applicable,289,Not Applicable,0,,
2024-07-09 05:09:00,CNR6007025205,Canceled by Customer,CID769612,Bike,Chamarajpet,Richmond Town,,,Driver is not moving towards pickup location,Not Applicable,Not Applicable,Not Applicable,344,Not Applicable,0,,
2024-07-12 01:40:00,CNR5002981995,Success,CID720025,Prime Sedan,Ulsoor,Langford Town,217.0,65.0,Not Applicable,Not Applicable,No,Not Applicable,711,UPI,31,3.1,3.1
2024-07-09 02:56:00,CNR6792771547,Success,CID389199,Prime Sedan,Ulsoor,Jayanagar,35.0,125.0,Not Applicable,Not Applicable,No,Not Applicable,153,Cash,5,3.4,3.9
2024-07-18 12:07:00,CNR5805432371,Success,CID675853,Prime Sedan,Rajarajeshwari Nagar,Jayanagar,126.0,50.0,Not Applicable,Not Applicable,No,Not Applicable,755,UPI,31,4.2,3.2
2024-07-01 03:44:00,CNR1610002273,Success,CID687782,Prime Sedan,KR Puram,Yelahanka,42.0,75.0,Not Applicable,Not Applicable,No,Not Applicable,803,UPI,5,4.5,4.4
2024-07-21 16:56:00,CNR1969599886,Canceled by Driver,CID365119,Prime Sedan,Indiranagar,Ramamurthy Nagar,,,Not Applicable,Personal & Car related issue,Not Applicable,Not Applicable,945,Not Applicable,0,,
2024-07-07 19:52:00,CNR7034837506,Success,CID724139,Mini,Sahakar Nagar,Kammanahalli,196.0,135.0,Not Applicable,Not Applicable,No,Not Applicable,250,UPI,15,3.4,5.0
2024-07-25 19:11:00,CNR2754937374,Success,CID672783,Prime Sedan,Chickpet,Marathahalli,168.0,130.0,Not Applicable,Not Applicable,No,Not Applicable,255,Cash,7,4.6,4.1
2024-07-23 17:36:00,CNR2013694030,Canceled by Customer,CID296486,eBike,Hennur,Hulimavu,,,Driver asked to cancel,Not Applicable,Not Applicable,Not Applicable,247,Not Applicable,0,,
2024-07-14 06:44:00,CNR7912959684,Canceled by Customer,CID796326,Prime SUV,Cox Town,Bellandur,,,Driver is not moving towards pickup location,Not Applicable,Not Applicable,Not Applicable,325,Not Applicable,0,,
2024-07-03 10:16:00,CNR3657439686,Success,CID851418,Prime SUV,Frazer Town,Kammanahalli,105.0,125.0,Not Applicable,Not Applicable,No,Not Applicable,1275,Cash,13,3.6,3.9
2024-07-03 17:21:00,CNR9728674020,Success,CID117567,Prime Sedan,Majestic,Richmond Town,182.0,85.0,Not Applicable,Not Applicable,No,Not Applicable,211,Cash,25,4.2,3.7
2024-07-16 23:52:00,CNR5376516700,Success,CID441579,Prime Plus,Chickpet,Magadi Road,70.0,70.0,Not Applicable,Not Applicable,No,Not Applicable,214,Cash,6,4.6,4.3
2024-07-16 06:42:00,CNR9631129353,Success,CID884484,eBike,Kengeri,Langford Town,308.0,125.0,Not Applicable,Not Applicable,No,Not Applicable,254,Cash,25,4.8,4.2
2024-07-21 22:42:00,CNR5432498753,Canceled by Customer,CID760805,Prime SUV,Shivajinagar,Nagarbhavi,,,Driver asked to cancel,Not Applicable,Not Applicable,Not Applicable,143,Not Applicable,0,,
2024-07-28 21:03:00,CNR6830203761,Canceled by Driver,CID793159,Mini,Electronic City,Majestic,,,Not Applicable,Personal & Car related issue,Not Applicable,Not Applicable,251,Not Applicable,0,,
2024-07-17 01:46:00,CNR2496720748,Canceled by Driver,CID545742,Prime Sedan,Langford Town,Kadugodi,,,Not Applicable,Customer related issue,Not Applicable,Not Applicable,792,Not Applicable,0,,
2024-07-01 01:24:00,CNR5108055983,Success,CID763550,Prime Plus,Shivajinagar,Mysore Road,35.0,115.0,Not Applicable,Not Applicable,No,Not Applicable,839,Cash,22,4.4,3.7
2024-07-27 01:32:00,CNR8575371118,Canceled by Customer,CID308649,Prime Sedan,Jayanagar,Banashankari,,,Driver is not moving towards pickup location,Not Applicable,Not Applicable,Not Applicable,319,Not Applicable,0,,
2024-07-19 15:07:00,CNR9255284854,Success,CID373068,eBike,Sarjapur Road,HSR Layout,119.0,135.0,Not Applicable,Not Applicable,No,Not Applicable,147,Cash,37,3.4,3.5
2024-07-03 05:02:00,CNR6713320307,Success,CID625743,eBike,HSR Layout,Frazer Town,280.0,60.0,Not Applicable,Not Applicable,No,Not Applicable,2393,Credit Card,35,4.7,4.9
2024-07-13 08:59:00,CNR1064254728,Success,CID635896,Mini,Basavanagudi,Mysore Road,294.0,55.0,Not Applicable,Not Applicable,No,Not Applicable,226,Cash,19,3.3,4.0
2024-07-19 08:53:00,CNR3023874069,Driver Not Found,CID422136,Bike,HSR Layout,Majestic,,,Not Applicable,Not Applicable,Not Applicable,Not Applicable,279,Not Applicable,0,,
2024-07-20 23:13:00,CNR1854701683,Success,CID843295,Prime Plus,Tumkur Road,KR Puram,245.0,125.0,Not Applicable,Not Applicable,No,Not Applicable,215,UPI,26,4.0,4.6
2024-07-22 20:41:00,CNR7733531398,Canceled by Customer,CID734926,Prime SUV,Hosur Road,Hosur Road,,,Change of plans,Not Applicable,Not Applicable,Not Applicable,486,Not Applicable,0,,
2024-07-18 04:18:00,CNR2093558513,Success,CID178707,Mini,Bannerghatta Road,Hennur,203.0,60.0,Not Applicable,Not Applicable,No,Not Applicable,437,Cash,18,4.7,3.5
2024-07-27 20:28:00,CNR5630695991,Driver Not Found,CID196420,eBike,Banashankari,Ramamurthy Nagar,,,Not Applicable,Not Applicable,Not Applicable,Not Applicable,263,Not Applicable,0,,
2024-07-26 21:50:00,CNR2860966425,Success,CID969315,Bike,MG Road,Bannerghatta Road,84.0,125.0,Not Applicable,Not Applicable,No,Not Applicable,104,UPI,31,3.6,3.8
2024-07-08 01:28:00,CNR6723652294,Success,CID251067,Prime Sedan,Yelahanka,Peenya,91.0,145.0,Not Applicable,Not Applicable,No,Not Applicable,243,Credit Card,6,4.2,3.0
2024-07-20 14:54:00,CNR2576361598,Driver Not Found,CID795510,Auto,Bannerghatta Road,Rajajinagar,,,Not Applicable,Not Applicable,Not Applicable,Not Applicable,490,Not Applicable,0,,
2024-07-25 17:22:00,CNR7932614141,Success,CID996467,Prime SUV,Hebbal,JP Nagar,91.0,30.0,Not Applicable,Not Applicable,No,Not Applicable,358,UPI,4,4.5,3.2
2024-07-27 07:13:00,CNR8569005426,Canceled by Driver,CID698217,Bike,Ulsoor,Hulimavu,,,Not Applicable,Personal & Car related issue,Not Applicable,Not Applicable,1982,Not Applicable,0,,
2024-07-28 00:59:00,CNR8702249278,Canceled by Driver,CID828727,Bike,Peenya,Mysore Road,,,Not Applicable,More than permitted people in there,Not Applicable,Not Applicable,131,Not Applicable,0,,
2024-07-15 15:48:00,CNR9583467469,Canceled by Customer,CID376564,Bike,Magadi Road,Ulsoor,,,Change of plans,Not Applicable,Not Applicable,Not Applicable,148,Not Applicable,0,,
2024-07-08 22:23:00,CNR8491009528,Success,CID263221,Prime Sedan,Ramamurthy Nagar,Bannerghatta Road,175.0,115.0,Not Applicable,Not Applicable,No,Not Applicable,396,UPI,28,3.7,5.0
2024-07-21 00:45:00,CNR8704281943,Canceled by Driver,CID816392,Prime SUV,Shivajinagar,Hulimavu,,,Not Applicable,Customer was coughing/sick,Not Applicable,Not Applicable,620,Not Applicable,0,,
2024-07-13 12:03:00,CNR4729601288,Driver Not Found,CID971027,Prime SUV,Chamarajpet,Langford Town,,,Not Applicable,Not Applicable,Not Applicable,Not Applicable,259,Not Applicable,0,,
2024-07-27 17:36:00,CNR6733417525,Success,CID374744,Prime SUV,Basavanagudi,Peenya,182.0,135.0,Not Applicable,Not Applicable,No,Not Applicable,119,Cash,49,3.7,3.9
2024-07-12 15:12:00,CNR7648107974,Success,CID248072,Mini,Kengeri,Yeshwanthpur,182.0,35.0,Not Applicable,Not Applicable,No,Not Applicable,228,Cash,22,4.5,3.7
2024-07-27 13:58:00,CNR1578626099,Canceled by Driver,CID975400,eBike,MG Road,Padmanabhanagar,,,Not Applicable,Personal & Car related issue,Not Applicable,Not Applicable,413,Not Applicable,0,,
2024-07-11 13:07:00,CNR5861569961,Success,CID646827,Mini,Koramangala,Richmond Town,301.0,105.0,Not Applicable,Not Applicable,No,Not Applicable,110,Cash,42,4.9,3.8
2024-07-01 22:24:00,CNR8423306033,Success,CID167931,Prime Sedan,Rajajinagar,Magadi Road,35.0,95.0,Not Applicable,Not Applicable,No,Not Applicable,323,Cash,20,4.4,4.9
2024-07-22 14:51:00,CNR4346525344,Success,CID689555,Bike,Richmond Town,Whitefield,308.0,60.0,Not Applicable,Not Applicable,No,Not Applicable,225,Cash,36,3.4,4.2
2024-07-23 15:27:00,CNR7047747289,Success,CID111978,Prime Plus,Cox Town,Cox Town,210.0,35.0,Not Applicable,Not Applicable,No,Not Applicable,123,Cash,19,3.3,3.8
2024-07-02 13:24:00,CNR7565161264,Success,CID390854,Prime Sedan,Langford Town,Sahakar Nagar,105.0,125.0,Not Applicable,Not Applicable,No,Not Applicable,381,Cash,29,4.1,5.0
2024-07-06 09:46:00,CNR3640198482,Success,CID626219,eBike,Devanahalli,Koramangala,98.0,65.0,Not Applicable,Not Applicable,No,Not Applicable,445,Cash,21,3.3,3.1
2024-07-26 23:02:00,CNR1352302972,Success,CID816393,Mini,Frazer Town,Ulsoor,273.0,125.0,Not Applicable,Not Applicable,No,Not Applicable,290,UPI,37,4.4,3.7
2024-07-18 12:08:00,CNR2780530553,Success,CID352417,Auto,Hennur,Chickpet,147.0,140.0,Not Applicable,Not Applicable,No,Not Applicable,131,Cash,6,3.1,4.7
2024-07-05 15:02:00,CNR3948828775,Success,CID918316,Prime SUV,HSR Layout,Basavanagudi,105.0,130.0,Not Applicable,Not Applicable,No,Not Applicable,304,Cash,15,4.0,4.8
2024-07-10 22:25:00,CNR1869607440,Driver Not Found,CID158210,Auto,Richmond Town,Mysore Road,,,Not Applicable,Not Applicable,Not Applicable,Not Applicable,204,Not Applicable,0,,
2024-07-20 11:27:00,CNR1284080855,Canceled by Driver,CID519535,eBike,Yeshwanthpur,Jayanagar,,,Not Applicable,Customer was coughing/sick,Not Applicable,Not Applicable,320,Not Applicable,0,,
2024-07-14 14:50:00,CNR5568332398,Canceled by Driver,CID512591,Prime Plus,Hennur,Vijayanagar,,,Not Applicable,More than permitted people in there,Not Applicable,Not Applicable,343,Not Applicable,0,,
2024-07-19 10:36:00,CNR5096962300,Success,CID971774,Bike,MG Road,Koramangala,245.0,80.0,Not Applicable,Not Applicable,No,Not Applicable,434,Cash,39,3.6,4.0
2024-07-07 01:08:00,CNR5975977814,Canceled by Driver,CID380352,Prime Sedan,Rajajinagar,Ramamurthy Nagar,,,Not Applicable,Personal & Car related issue,Not Applicable,Not Applicable,931,Not Applicable,0,,
2024-07-27 12:04:00,CNR3698383589,Success,CID198139,Auto,BTM Layout,Rajajinagar,119.0,120.0,Not Applicable,Not Applicable,No,Not Applicable,275,Cash,10,3.7,4.3
2024-07-02 18:57:00,CNR8701560449,Canceled by Driver,CID888442,eBike,HSR Layout,Langford Town,,,Not Applicable,Personal & Car related issue,Not Applicable,Not Applicable,976,Not Applicable,0,,
2024-07-16 22:27:00,CNR7224404648,Success,CID554249,Prime Sedan,Sahakar Nagar,KR Puram,294.0,85.0,Not Applicable,Not Applicable,No,Not Applicable,449,Cash,1,4.5,3.6
2024-07-25 05:14:00,CNR8876935152,Success,CID669248,eBike,Devanahalli,Devanahalli,231.0,40.0,Not Applicable,Not Applicable,No,Not Applicable,488,UPI,6,5.0,4.6
2024-07-02 07:48:00,CNR9886007121,Canceled by Driver,CID105603,Prime Sedan,Hennur,Yeshwanthpur,,,Not Applicable,Customer related issue,Not Applicable,Not Applicable,323,Not Applicable,0,,
2024-07-15 07:25:00,CNR1357008444,Canceled by Customer,CID931918,Mini,JP Nagar,Hennur,,,Change of plans,Not Applicable,Not Applicable,Not Applicable,284,Not Applicable,0,,
2024-07-14 09:09:00,CNR7232145933,Success,CID442226,Prime Plus,Hulimavu,JP Nagar,287.0,35.0,Not Applicable,Not Applicable,No,Not Applicable,253,Cash,34,3.5,4.1
2024-07-02 05:20:00,CNR7903718243,Success,CID763782,Prime Sedan,JP Nagar,Ramamurthy Nagar,91.0,140.0,Not Applicable,Not Applicable,No,Not Applicable,230,Cash,15,3.3,4.9
2024-07-02 14:35:00,CNR9748085289,Success,CID754555,Prime SUV,Basavanagudi,Whitefield,196.0,105.0,Not Applicable,Not Applicable,No,Not Applicable,199,UPI,35,3.9,4.8
2024-07-29 22:37:00,CNR3549205439,Canceled by Customer,CID982251,Prime SUV,Kadugodi,Ramamurthy Nagar,,,Driver asked to cancel,Not Applicable,Not Applicable,Not Applicable,250,Not Applicable,0,,
2024-07-07 19:36:00,CNR2085670586,Success,CID713678,Bike,Sarjapur Road,HSR Layout,161.0,40.0,Not Applicable,Not Applicable,No,Not Applicable,533,Credit Card,22,3.5,4.5
2024-07-23 08:46:00,CNR2577711173,Success,CID869907,Prime Plus,Ulsoor,Majestic,140.0,45.0,Not Applicable,Not Applicable,No,Not Applicable,348,UPI,16,3.6,4.9
2024-07-23 13:17:00,CNR5749821105,Success,CID145249,Prime Plus,Kadugodi,Bannerghatta Road,245.0,75.0,Not Applicable,Not Applicable,No,Not Applicable,438,Credit Card,9,5.0,4.4
2024-07-16 22:29:00,CNR4243754390,Canceled by Driver,CID128940,eBike,Whitefield,Ramamurthy Nagar,,,Not Applicable,Customer related issue,Not Applicable,Not Applicable,555,Not Applicable,0,,
2024-07-11 10:00:00,CNR9280461475,Success,CID679242,Bike,Ulsoor,Hennur,77.0,30.0,Not Applicable,Not Applicable,No,Not Applicable,192,Cash,13,5.0,3.7
2024-07-08 21:33:00,CNR1752354293,Success,CID176151,Prime Sedan,Chamarajpet,Indiranagar,91.0,130.0,Not Applicable,Not Applicable,No,Not Applicable,190,Cash,14,3.3,4.5
2024-07-28 09:06:00,CNR9090476785,Success,CID217504,eBike,Hennur,Peenya,203.0,95.0,Not Applicable,Not Applicable,No,Not Applicable,538,Cash,48,3.6,3.6
2024-07-05 09:32:00,CNR4415693415,Success,CID488918,eBike,Sarjapur Road,BTM Layout,77.0,85.0,Not Applicable,Not Applicable,No,Not Applicable,195,Cash,24,4.2,4.1
2024-07-20 20:25:00,CNR8188511309,Success,CID441587,Bike,Peenya,Devanahalli,154.0,135.0,Not Applicable,Not Applicable,Yes,Customer Demand,214,Cash,9,3.0,3.3
2024-07-01 15:16:00,CNR4894603548,Success,CID809043,Bike,MG Road,JP Nagar,70.0,80.0,Not Applicable,Not Applicable,No,Not Applicable,460,UPI,45,3.2,4.0
2024-07-13 14:46:00,CNR2751928396,Canceled by Driver,CID271381,Prime SUV,Hosur Road,Magadi Road,,,Not Applicable,More than permitted people in there,Not Applicable,Not Applicable,407,Not Applicable,0,,
2024-07-05 07:40:00,CNR2932478763,Success,CID197389,Mini,Cox Town,Malleshwaram,238.0,105.0,Not Applicable,Not Applicable,No,Not Applicable,251,Cash,29,3.6,4.4
2024-07-04 09:13:00,CNR4864842501,Success,CID729871,Mini,Banashankari,Bellandur,42.0,55.0,Not Applicable,Not Applicable,No,Not Applicable,257,UPI,49,3.1,3.7
2024-07-12 00:43:00,CNR5888497632,Canceled by Driver,CID451192,eBike,Tumkur Road,Richmond Town,,,Not Applicable,Personal & Car related issue,Not Applicable,Not Applicable,620,Not Applicable,0,,
2024-07-12 05:44:00,CNR4108230131,Success,CID408400,Mini,Shivajinagar,MG Road,224.0,120.0,Not Applicable,Not Applicable,No,Not Applicable,237,UPI,2,4.8,3.2
2024-07-29 18:48:00,CNR1511288278,Canceled by Driver,CID791005,Prime Sedan,Bannerghatta Road,Jayanagar,,,Not Applicable,Customer related issue,Not Applicable,Not Applicable,190,Not Applicable,0,,
2024-07-26 05:45:00,CNR1368673307,Success,CID987942,Auto,Sarjapur Road,Ramamurthy Nagar,154.0,110.0,Not Applicable,Not Applicable,Yes,Other Issue,924,UPI,17,4.0,4.0
2024-07-29 11:23:00,CNR4593111186,Canceled by Driver,CID883161,Auto,Sarjapur Road,Kengeri,,,Not Applicable,Customer related issue,Not Applicable,Not Applicable,342,Not Applicable,0,,
2024-07-23 16:42:00,CNR1092680772,Success,CID603566,Mini,Basavanagudi,Padmanabhanagar,42.0,50.0,Not Applicable,Not Applicable,No,Not Applicable,544,UPI,33,3.5,4.6
2024-07-03 07:53:00,CNR1797371705,Canceled by Driver,CID238612,Prime SUV,Padmanabhanagar,Hulimavu,,,Not Applicable,Customer related issue,Not Applicable,Not Applicable,233,Not Applicable,0,,
2024-07-11 20:49:00,CNR1550620358,Success,CID418890,Mini,MG Road,Banashankari,140.0,80.0,Not Applicable,Not Applicable,No,Not Applicable,418,Cash,20,3.2,3.1
2024-07-04 12:51:00,CNR3328187487,Success,CID617133,Auto,Vijayanagar,Banashankari,42.0,145.0,Not Applicable,Not Applicable,Yes,Vehicle Breakdown,554,UPI,17,5.0,4.0
2024-07-05 13:08:00,CNR4064568637,Success,CID585819,Prime SUV,Richmond Town,RT Nagar,231.0,130.0,Not Applicable,Not Applicable,No,Not Applicable,248,UPI,10,3.4,4.1
2024-07-17 22:18:00,CNR4813666413,Success,CID506686,Bike,Kadugodi,Shantinagar,147.0,35.0,Not Applicable,Not Applicable,No,Not Applicable,339,Cash,32,5.0,4.6
2024-07-05 07:48:00,CNR3454103847,Canceled by Driver,CID909316,Prime Sedan,Kammanahalli,Vijayanagar,,,Not Applicable,Personal & Car related issue,Not Applicable,Not Applicable,175,Not Applicable,0,,
2024-07-01 02:28:00,CNR9728303816,Canceled by Driver,CID694212,Prime Plus,Majestic,Nagarbhavi,,,Not Applicable,Customer related issue,Not Applicable,Not Applicable,656,Not Applicable,0,,
2024-07-16 11:14:00,CNR4806851899,Success,CID365687,Auto,Chickpet,Kengeri,287.0,105.0,Not Applicable,Not Applicable,No,Not Applicable,397,Cash,4,3.6,3.1
2024-07-12 21:13:00,CNR2725213677,Success,CID536133,Prime SUV,Chamarajpet,Indiranagar,308.0,140.0,Not Applicable,Not Applicable,No,Not Applicable,186,Cash,39,3.9,4.6
2024-07-08 10:58:00,CNR5916608519,Canceled by Driver,CID576836,Bike,HSR Layout,BTM Layout,,,Not Applicable,Customer related issue,Not Applicable,Not Applicable,417,Not Applicable,0,,
2024-07-30 08:29:00,CNR5678924208,Success,CID817858,Bike,Marathahalli,RT Nagar,91.0,70.0,Not Applicable,Not Applicable,No,Not Applicable,188,UPI,41,3.2,4.5
2024-07-29 08:03:00,CNR9851775801,Success,CID691907,Prime SUV,Cox Town,Cox Town,168.0,75.0,Not Applicable,Not Applicable,No,Not Applicable,398,Cash,34,3.4,4.5
2024-07-02 23:27:00,CNR4269248955,Success,CID304222,Mini,Basavanagudi,Devanahalli,91.0,65.0,Not Applicable,Not Applicable,No,Not Applicable,1611,Cash,19,4.6,4.5
2024-07-15 21:55:00,CNR5215766552,Success,CID355252,Mini,Yeshwanthpur,Jayanagar,189.0,60.0,Not Applicable,Not Applicable,No,Not Applicable,765,Cash,36,3.5,3.6
2024-07-30 11:44:00,CNR4100582407,Canceled by Customer,CID574531,Auto,Ramamurthy Nagar,Shantinagar,,,Driver is not moving towards pickup location,Not Applicable,Not Applicable,Not Applicable,426,Not Applicable,0,,
2024-07-06 09:41:00,CNR9085889281,Success,CID757714,Prime Sedan,Malleshwaram,Bannerghatta Road,245.0,145.0,Not Applicable,Not Applicable,No,Not Applicable,384,UPI,10,4.4,4.0
2024-07-12 01:36:00,CNR8898297304,Success,CID353805,Prime Sedan,Yeshwanthpur,Yeshwanthpur,259.0,75.0,Not Applicable,Not Applicable,No,Not Applicable,109,UPI,10,4.4,3.3
2024-07-08 09:23:00,CNR1658034548,Success,CID416658,eBike,Malleshwaram,Yelahanka,224.0,30.0,Not Applicable,Not Applicable,No,Not Applicable,106,UPI,43,3.2,3.3
2024-07-11 20:12:00,CNR7425149286,Canceled by Customer,CID654539,Prime Sedan,Varthur,Cox Town,,,Driver is not moving towards pickup location,Not Applicable,Not Applicable,Not Applicable,265,Not Applicable,0,,
2024-07-23 12:59:00,CNR9115211123,Success,CID339231,Prime Sedan,Shivajinagar,Sahakar Nagar,175.0,75.0,Not Applicable,Not Applicable,No,Not Applicable,976,UPI,35,3.6,3.1
2024-07-20 00:54:00,CNR3488923330,Success,CID958238,Prime SUV,Electronic City,Kengeri,147.0,145.0,Not Applicable,Not Applicable,No,Not Applicable,672,Cash,6,3.4,3.3
2024-07-06 01:51:00,CNR7179983335,Success,CID909137,eBike,JP Nagar,Padmanabhanagar,140.0,95.0,Not Applicable,Not Applicable,No,Not Applicable,602,Cash,5,4.6,3.2
2024-07-27 03:24:00,CNR7320729964,Success,CID683919,Bike,Malleshwaram,Sarjapur Road,175.0,70.0,Not Applicable,Not Applicable,No,Not Applicable,361,UPI,26,4.8,3.6
2024-07-10 01:26:00,CNR3933673242,Canceled by Driver,CID783225,eBike,Shivajinagar,Padmanabhanagar,,,Not Applicable,Personal & Car related issue,Not Applicable,Not Applicable,402,Not Applicable,0,,
2024-07-07 11:51:00,CNR7180980214,Driver Not Found,CID274479,Mini,Vijayanagar,MG Road,,,Not Applicable,Not Applicable,Not Applicable,Not Applicable,116,Not Applicable,0,,
2024-07-16 01:59:00,CNR2924779747,Canceled by Driver,CID627130,Prime Sedan,Langford Town,Marathahalli,,,Not Applicable,Customer related issue,Not Applicable,Not Applicable,312,Not Applicable,0,,
2024-07-22 02:29:00,CNR4630644540,Success,CID900935,Prime Sedan,KR Puram,Varthur,280.0,30.0,Not Applicable,Not Applicable,Yes,Other Issue,408,Cash,21,3.7,4.3
2024-07-26 19:08:00,CNR5759756430,Success,CID553363,Mini,Rajarajeshwari Nagar,Nagarbhavi,91.0,115.0,Not Applicable,Not Applicable,No,Not Applicable,291,Credit Card,46,3.6,4.4
2024-07-23 03:54:00,CNR8308560276,Success,CID515641,Mini,Sahakar Nagar,RT Nagar,196.0,60.0,Not Applicable,Not Applicable,No,Not Applicable,721,Cash,22,3.4,3.7
2024-07-04 17:44:00,CNR6179331388,Canceled by Driver,CID565879,eBike,Shivajinagar,Bannerghatta Road,,,Not Applicable,Personal & Car related issue,Not Applicable,Not Applicable,509,Not Applicable,0,,
2024-07-24 22:11:00,CNR9022386952,Success,CID355922,Bike,Peenya,Devanahalli,231.0,140.0,Not Applicable,Not Applicable,No,Not Applicable,486,UPI,49,3.9,4.4
2024-07-02 08:12:00,CNR9667384168,Success,CID727959,Prime Plus,Kammanahalli,Shivajinagar,224.0,130.0,Not Applicable,Not Applicable,No,Not Applicable,2945,Cash,37,3.1,4.8
2024-07-10 14:38:00,CNR5554949333,Success,CID875225,eBike,Ramamurthy Nagar,Yeshwanthpur,147.0,90.0,Not Applicable,Not Applicable,No,Not Applicable,195,Cash,14,4.2,3.7
2024-07-20 07:00:00,CNR3830541073,Success,CID513095,Bike,Cox Town,HSR Layout,77.0,95.0,Not Applicable,Not Applicable,No,Not Applicable,315,UPI,37,3.7,4.1
2024-07-22 08:08:00,CNR2653255304,Canceled by Customer,CID638873,eBike,Bellandur,Chickpet,,,Driver is not moving towards pickup location,Not Applicable,Not Applicable,Not Applicable,298,Not Applicable,0,,
2024-07-14 05:07:00,CNR8548002208,Success,CID202014,Bike,Bannerghatta Road,Rajarajeshwari Nagar,245.0,60.0,Not Applicable,Not Applicable,No,Not Applicable,704,UPI,10,3.7,4.7
2024-07-18 02:23:00,CNR1802807471,Driver Not Found,CID247441,eBike,Sahakar Nagar,Banashankari,,,Not Applicable,Not Applicable,Not Applicable,Not Applicable,203,Not Applicable,0,,
2024-07-09 00:57:00,CNR3860054940,Success,CID984094,Mini,Electronic City,Chamarajpet,147.0,80.0,Not Applicable,Not Applicable,No,Not Applicable,254,Cash,30,3.5,4.5
2024-07-06 04:27:00,CNR8455498916,Driver Not Found,CID961065,eBike,Chickpet,Electronic City,,,Not Applicable,Not Applicable,Not Applicable,Not Applicable,206,Not Applicable,0,,
2024-07-05 02:59:00,CNR5735279549,Driver Not Found,CID225140,Bike,Sarjapur Road,Rajajinagar,,,Not Applicable,Not Applicable,Not Applicable,Not Applicable,1401,Not Applicable,0,,
2024-07-27 05:30:00,CNR6655243912,Canceled by Customer,CID137410,Prime Plus,Bellandur,Chamarajpet,,,Change of plans,Not Applicable,Not Applicable,Not Applicable,124,Not Applicable,0,,
2024-07-22 00:33:00,CNR5192822805,Driver Not Found,CID655753,Mini,BTM Layout,Bellandur,,,Not Applicable,Not Applicable,Not Applicable,Not Applicable,424,Not Applicable,0,,
2024-07-17 03:55:00,CNR5028136704,Driver Not Found,CID976278,Prime SUV,Kadugodi,BTM Layout,,,Not Applicable,Not Applicable,Not Applicable,Not Applicable,1363,Not Applicable,0,,
2024-07-14 22:03:00,CNR8542486971,Success,CID960595,Prime Sedan,BTM Layout,Bannerghatta Road,280.0,130.0,Not Applicable,Not Applicable,No,Not Applicable,354,Cash,33,3.5,3.3
2024-07-02 04:50:00,CNR8352218250,Canceled by Customer,CID563131,Mini,Basavanagudi,Malleshwaram,,,Driver is not moving towards pickup location,Not Applicable,Not Applicable,Not Applicable,362,Not Applicable,0,,
2024-07-18 04:03:00,CNR6748413808,Success,CID330491,Bike,Bellandur,Richmond Town,259.0,140.0,Not Applicable,Not Applicable,No,Not Applicable,2757,Cash,22,3.3,3.3
2024-07-22 09:13:00,CNR2890961892,Success,CID874161,Prime Plus,Bannerghatta Road,Ramamurthy Nagar,287.0,30.0,Not Applicable,Not Applicable,No,Not Applicable,2186,Cash,28,4.6,4.7
2024-07-17 04:48:00,CNR3256467158,Success,CID609774,eBike,Kadugodi,Banashankari,273.0,50.0,Not Applicable,Not Applicable,No,Not Applicable,919,Cash,19,3.3,4.9
2024-07-12 12:08:00,CNR2140418494,Success,CID903122,eBike,Whitefield,Rajajinagar,140.0,120.0,Not Applicable,Not Applicable,No,Not Applicable,606,Cash,32,4.6,3.7
2024-07-21 05:57:00,CNR3036266759,Canceled by Driver,CID433333,Bike,Devanahalli,Hosur Road,,,Not Applicable,Customer related issue,Not Applicable,Not Applicable,422,Not Applicable,0,,
2024-07-05 04:56:00,CNR3006041288,Success,CID580382,Bike,Peenya,Malleshwaram,238.0,30.0,Not Applicable,Not Applicable,No,Not Applicable,241,UPI,42,3.3,4.1
2024-07-26 23:36:00,CNR4892371485,Success,CID673483,Mini,Langford Town,Majestic,245.0,50.0,Not Applicable,Not Applicable,No,Not Applicable,218,UPI,19,4.6,4.3
2024-07-06 07:16:00,CNR8085425937,Canceled by Customer,CID765964,Auto,Rajarajeshwari Nagar,Jayanagar,,,Driver is not moving towards pickup location,Not Applicable,Not Applicable,Not Applicable,497,Not Applicable,0,,
2024-07-12 20:15:00,CNR4652975377,Success,CID124382,Mini,Shantinagar,Richmond Town,266.0,130.0,Not Applicable,Not Applicable,No,Not Applicable,265,Cash,7,4.6,4.9
2024-07-08 19:16:00,CNR3968664108,Driver Not Found,CID721319,Bike,Devanahalli,Kengeri,,,Not Applicable,Not Applicable,Not Applicable,Not Applicable,467,Not Applicable,0,,
2024-07-28 17:34:00,CNR4600682436,Success,CID821857,Prime SUV,Chickpet,Yelahanka,238.0,90.0,Not Applicable,Not Applicable,No,Not Applicable,264,Cash,3,4.1,3.2
2024-07-30 11:36:00,CNR6044923953,Canceled by Driver,CID806242,Mini,MG Road,Hulimavu,,,Not Applicable,More than permitted people in there,Not Applicable,Not Applicable,392,Not Applicable,0,,
2024-07-24 03:48:00,CNR6902848964,Success,CID852497,Prime Sedan,Hennur,Majestic,301.0,70.0,Not Applicable,Not Applicable,No,Not Applicable,181,UPI,44,3.1,3.8
2024-07-30 12:11:00,CNR7848092829,Success,CID350246,Auto,Nagarbhavi,Yeshwanthpur,84.0,140.0,Not Applicable,Not Applicable,No,Not Applicable,280,UPI,10,3.9,4.9
2024-07-10 09:17:00,CNR8112843061,Success,CID100085,Prime SUV,Magadi Road,Vijayanagar,161.0,65.0,Not Applicable,Not Applicable,No,Not Applicable,440,UPI,46,4.6,3.2
2024-07-04 06:01:00,CNR5138782087,Success,CID940377,Prime Plus,Hulimavu,Bannerghatta Road,245.0,50.0,Not Applicable,Not Applicable,No,Not Applicable,231,Cash,38,4.0,3.9
2024-07-10 07:28:00,CNR7401521527,Success,CID847771,Mini,Vijayanagar,Yeshwanthpur,301.0,45.0,Not Applicable,Not Applicable,No,Not Applicable,463,Cash,20,4.4,3.2
2024-07-30 17:57:00,CNR6790554935,Success,CID174145,Bike,Tumkur Road,Chickpet,182.0,140.0,Not Applicable,Not Applicable,No,Not Applicable,265,UPI,32,4.3,3.1
2024-07-17 18:13:00,CNR5093209112,Driver Not Found,CID673897,eBike,Tumkur Road,Richmond Town,,,Not Applicable,Not Applicable,Not Applicable,Not Applicable,152,Not Applicable,0,,
2024-07-12 00:53:00,CNR9707365310,Success,CID222910,Bike,Kengeri,Ramamurthy Nagar,217.0,120.0,Not Applicable,Not Applicable,No,Not Applicable,313,UPI,12,4.1,3.5
2024-07-21 23:07:00,CNR2364549888,Canceled by Driver,CID965818,Prime Plus,Chickpet,Yelahanka,,,Not Applicable,Customer related issue,Not Applicable,Not Applicable,419,Not Applicable,0,,
2024-07-13 15:17:00,CNR7570294651,Canceled by Customer,CID952705,eBike,Koramangala,BTM Layout,,,Driver is not moving towards pickup location,Not Applicable,Not Applicable,Not Applicable,911,Not Applicable,0,,
2024-07-02 01:31:00,CNR8823009764,Success,CID765975,Prime Plus,Majestic,Hulimavu,308.0,90.0,Not Applicable,Not Applicable,No,Not Applicable,713,Cash,29,4.4,3.6
2024-07-11 10:38:00,CNR5592583064,Success,CID379506,Prime Plus,Nagarbhavi,Tumkur Road,98.0,45.0,Not Applicable,Not Applicable,No,Not Applicable,116,Cash,42,3.1,4.5
2024-07-25 14:01:00,CNR3073163106,Canceled by Driver,CID808000,Mini,Chamarajpet,MG Road,,,Not Applicable,Customer related issue,Not Applicable,Not Applicable,2812,Not Applicable,0,,
2024-07-28 01:48:00,CNR9738389947,Success,CID457622,eBike,Nagarbhavi,MG Road,266.0,45.0,Not Applicable,Not Applicable,No,Not Applicable,2137,UPI,45,3.7,4.0
2024-07-06 02:39:00,CNR7669357073,Success,CID937881,Prime SUV,Tumkur Road,RT Nagar,175.0,50.0,Not Applicable,Not Applicable,No,Not Applicable,142,UPI,44,3.1,3.8
2024-07-19 06:45:00,CNR4397822949,Success,CID459159,Prime Plus,Yeshwanthpur,HSR Layout,182.0,90.0,Not Applicable,Not Applicable,No,Not Applicable,409,Cash,1,3.3,3.4
2024-07-26 20:11:00,CNR9063279257,Canceled by Driver,CID857937,Prime Sedan,Hebbal,Chamarajpet,,,Not Applicable,More than permitted people in there,Not Applicable,Not Applicable,709,Not Applicable,0,,
2024-07-24 05:53:00,CNR7962047257,Success,CID930537,Prime Plus,Whitefield,Sahakar Nagar,147.0,90.0,Not Applicable,Not Applicable,No,Not Applicable,668,UPI,5,3.8,4.8
2024-07-03 19:22:00,CNR7929920818,Success,CID324447,Mini,Rajajinagar,Banashankari,266.0,130.0,Not Applicable,Not Applicable,Yes,Vehicle Breakdown,106,UPI,30,4.4,3.1
2024-07-27 04:30:00,CNR3914857878,Success,CID604019,Bike,Magadi Road,Hennur,224.0,90.0,Not Applicable,Not Applicable,No,Not Applicable,271,UPI,44,3.9,3.8
2024-07-23 23:04:00,CNR3681024445,Canceled by Driver,CID161377,Mini,Hebbal,Bannerghatta Road,,,Not Applicable,Customer related issue,Not Applicable,Not Applicable,265,Not Applicable,0,,
2024-07-21 18:26:00,CNR3506389791,Success,CID544853,Mini,Electronic City,Koramangala,140.0,105.0,Not Applicable,Not Applicable,No,Not Applicable,492,UPI,45,3.8,4.3
2024-07-20 14:29:00,CNR6514618843,Driver Not Found,CID502894,Bike,Cox Town,Malleshwaram,,,Not Applicable,Not Applicable,Not Applicable,Not Applicable,154,Not Applicable,0,,
2024-07-01 23:13:00,CNR1189562592,Success,CID412030,eBike,Rajarajeshwari Nagar,BTM Layout,70.0,115.0,Not Applicable,Not Applicable,Yes,Customer Demand,483,Cash,36,3.7,4.8
2024-07-24 19:40:00,CNR9799362579,Success,CID528659,Prime Sedan,Hennur,Marathahalli,91.0,90.0,Not Applicable,Not Applicable,No,Not Applicable,2755,UPI,35,3.5,3.5
2024-07-10 09:58:00,CNR4078531522,Canceled by Driver,CID298331,Mini,Cox Town,Mysore Road,,,Not Applicable,Personal & Car related issue,Not Applicable,Not Applicable,127,Not Applicable,0,,
2024-07-21 23:34:00,CNR8960088491,Canceled by Customer,CID686435,Prime Plus,Bellandur,Ulsoor,,,Change of plans,Not Applicable,Not Applicable,Not Applicable,153,Not Applicable,0,,
2024-07-25 15:41:00,CNR6301664985,Success,CID752525,Bike,Hulimavu,Vijayanagar,161.0,40.0,Not Applicable,Not Applicable,Yes,Vehicle Breakdown,489,Cash,11,3.3,4.4
2024-07-30 16:49:00,CNR6052513974,Success,CID129066,Prime SUV,Hennur,Kengeri,147.0,30.0,Not Applicable,Not Applicable,No,Not Applicable,436,UPI,19,3.2,3.7
2024-07-18 21:41:00,CNR2389058981,Success,CID869676,Auto,Magadi Road,Bellandur,77.0,80.0,Not Applicable,Not Applicable,No,Not Applicable,846,UPI,6,3.8,3.4
2024-07-21 00:09:00,CNR9349701863,Canceled by Customer,CID438983,Prime Sedan,Malleshwaram,Hosur Road,,,AC is Not working,Not Applicable,Not Applicable,Not Applicable,139,Not Applicable,0,,
2024-07-28 23:49:00,CNR1206775108,Canceled by Driver,CID866914,Mini,KR Puram,Bannerghatta Road,,,Not Applicable,Personal & Car related issue,Not Applicable,Not Applicable,434,Not Applicable,0,,
2024-07-06 16:03:00,CNR9735161387,Success,CID516705,Mini,Mysore Road,Nagarbhavi,224.0,135.0,Not Applicable,Not Applicable,No,Not Applicable,730,Cash,21,3.6,5.0
2024-07-25 17:43:00,CNR5552421019,Success,CID615126,Auto,Sarjapur Road,BTM Layout,294.0,90.0,Not Applicable,Not Applicable,No,Not Applicable,580,Cash,2,4.3,4.6
2024-07-05 18:19:00,CNR9685110488,Success,CID504378,Bike,Padmanabhanagar,Malleshwaram,252.0,145.0,Not Applicable,Not Applicable,No,Not Applicable,305,Cash,35,4.7,3.5
2024-07-13 11:14:00,CNR8675337878,Canceled by Customer,CID653388,Prime Plus,RT Nagar,Devanahalli,,,Change of plans,Not Applicable,Not Applicable,Not Applicable,123,Not Applicable,0,,
2024-07-27 06:41:00,CNR6590515327,Success,CID682357,Prime Plus,MG Road,Banashankari,91.0,50.0,Not Applicable,Not Applicable,No,Not Applicable,458,UPI,12,4.4,4.9
2024-07-04 10:26:00,CNR1251535801,Canceled by Driver,CID406676,Mini,Ramamurthy Nagar,Ulsoor,,,Not Applicable,Personal & Car related issue,Not Applicable,Not Applicable,239,Not Applicable,0,,
2024-07-25 02:22:00,CNR8750809027,Success,CID897204,Auto,Ulsoor,Peenya,273.0,100.0,Not Applicable,Not Applicable,No,Not Applicable,355,UPI,14,4.3,4.6
2024-07-30 17:42:00,CNR8901483947,Canceled by Customer,CID160339,eBike,Mysore Road,Bannerghatta Road,,,Driver asked to cancel,Not Applicable,Not Applicable,Not Applicable,546,Not Applicable,0,,
2024-07-06 20:12:00,CNR4185945481,Canceled by Driver,CID736732,Mini,KR Puram,Frazer Town,,,Not Applicable,Personal & Car related issue,Not Applicable,Not Applicable,2266,Not Applicable,0,,
2024-07-03 17:58:00,CNR3511223223,Success,CID987370,Mini,Marathahalli,Hosur Road,91.0,60.0,Not Applicable,Not Applicable,No,Not Applicable,129,UPI,34,4.3,4.7
2024-07-25 21:08:00,CNR9279845073,Success,CID140470,Auto,Majestic,BTM Layout,280.0,145.0,Not Applicable,Not Applicable,No,Not Applicable,299,Cash,9,4.2,3.2
2024-07-24 03:56:00,CNR2202268909,Success,CID451959,Auto,Whitefield,Chamarajpet,210.0,90.0,Not Applicable,Not Applicable,No,Not Applicable,744,UPI,2,4.2,3.2
2024-07-20 09:41:00,CNR9669616061,Canceled by Driver,CID698644,Mini,Sarjapur Road,Chamarajpet,,,Not Applicable,Customer related issue,Not Applicable,Not Applicable,253,Not Applicable,0,,
2024-07-14 04:07:00,CNR2308807124,Success,CID420267,Prime Sedan,Hosur Road,Sahakar Nagar,105.0,75.0,Not Applicable,Not Applicable,No,Not Applicable,378,Cash,10,4.8,4.1
2024-07-07 00:06:00,CNR2917664263,Success,CID179995,Prime SUV,Marathahalli,Vijayanagar,98.0,80.0,Not Applicable,Not Applicable,No,Not Applicable,1461,UPI,32,3.7,3.6
2024-07-18 11:40:00,CNR9590848009,Success,CID861673,Prime Sedan,Indiranagar,Indiranagar,210.0,60.0,Not Applicable,Not Applicable,No,Not Applicable,472,Cash,46,3.3,4.5
2024-07-14 05:13:00,CNR3546356922,Driver Not Found,CID829338,Auto,Jayanagar,Cox Town,,,Not Applicable,Not Applicable,Not Applicable,Not Applicable,327,Not Applicable,0,,
2024-07-25 11:31:00,CNR7600348925,Success,CID713517,Prime SUV,Indiranagar,Magadi Road,168.0,25.0,Not Applicable,Not Applicable,No,Not Applicable,366,Cash,17,4.8,3.9
2024-07-02 19:29:00,CNR9249940224,Success,CID989599,Auto,KR Puram,Hennur,301.0,115.0,Not Applicable,Not Applicable,No,Not Applicable,117,UPI,14,3.0,3.3
2024-07-19 00:27:00,CNR6388104168,Success,CID880486,Auto,Frazer Town,Chamarajpet,273.0,135.0,Not Applicable,Not Applicable,No,Not Applicable,132,Cash,10,3.0,4.6
2024-07-04 09:15:00,CNR4879227429,Success,CID573253,Prime Plus,Varthur,Padmanabhanagar,175.0,85.0,Not Applicable,Not Applicable,Yes,Customer Demand,393,Cash,26,4.7,3.4
2024-07-06 22:56:00,CNR9310987792,Success,CID989384,Prime Sedan,Yelahanka,Koramangala,231.0,85.0,Not Applicable,Not Applicable,No,Not Applicable,301,Cash,6,4.6,4.4
2024-07-02 09:37:00,CNR1480399229,Canceled by Driver,CID115834,Prime Plus,Banashankari,Banashankari,,,Not Applicable,Personal & Car related issue,Not Applicable,Not Applicable,684,Not Applicable,0,,
2024-07-17 21:26:00,CNR4241414852,Success,CID522980,Prime Sedan,Yeshwanthpur,Frazer Town,91.0,95.0,Not Applicable,Not Applicable,No,Not Applicable,205,UPI,6,4.2,3.6
2024-07-08 00:15:00,CNR9868097947,Driver Not Found,CID102085,Bike,Peenya,Banashankari,,,Not Applicable,Not Applicable,Not Applicable,Not Applicable,158,Not Applicable,0,,
2024-07-02 05:40:00,CNR4677488124,Success,CID229195,Mini,Magadi Road,Shivajinagar,210.0,80.0,Not Applicable,Not Applicable,No,Not Applicable,306,Cash,11,3.1,4.4
2024-07-20 21:35:00,CNR8246461072,Success,CID469874,Prime Sedan,Rajarajeshwari Nagar,Padmanabhanagar,217.0,100.0,Not Applicable,Not Applicable,No,Not Applicable,249,UPI,14,4.5,4.2
2024-07-15 10:20:00,CNR5427645934,Success,CID834830,Mini,Magadi Road,MG Road,77.0,70.0,Not Applicable,Not Applicable,No,Not Applicable,429,UPI,49,4.7,3.9
2024-07-12 15:13:00,CNR9481439523,Success,CID827097,Auto,Whitefield,Richmond Town,273.0,120.0,Not Applicable,Not Applicable,No,Not Applicable,227,UPI,3,4.8,4.0
2024-07-22 19:00:00,CNR3408716136,Success,CID729255,eBike,JP Nagar,Malleshwaram,217.0,80.0,Not Applicable,Not Applicable,No,Not Applicable,220,UPI,22,3.9,4.3
2024-07-23 13:57:00,CNR4765606420,Success,CID570263,Prime Sedan,Basavanagudi,Whitefield,105.0,30.0,Not Applicable,Not Applicable,No,Not Applicable,278,Cash,23,3.2,3.8
2024-07-08 02:10:00,CNR1677016390,Canceled by Customer,CID103273,Prime Plus,Nagarbhavi,Peenya,,,Change of plans,Not Applicable,Not Applicable,Not Applicable,116,Not Applicable,0,,
2024-07-02 19:55:00,CNR5949191943,Success,CID161805,Mini,Shivajinagar,Ramamurthy Nagar,77.0,50.0,Not Applicable,Not Applicable,No,Not Applicable,935,Cash,4,3.4,4.6
2024-07-05 03:49:00,CNR4157323873,Canceled by Customer,CID665594,Bike,Electronic City,Langford Town,,,Change of plans,Not Applicable,Not Applicable,Not Applicable,1040,Not Applicable,0,,
2024-07-07 21:15:00,CNR1197097591,Success,CID373474,Auto,RT Nagar,Vijayanagar,196.0,30.0,Not Applicable,Not Applicable,No,Not Applicable,783,UPI,18,4.3,3.3
2024-07-26 17:58:00,CNR2165580286,Canceled by Customer,CID586397,Auto,Sahakar Nagar,Yeshwanthpur,,,Driver is not moving towards pickup location,Not Applicable,Not Applicable,Not Applicable,637,Not Applicable,0,,
2024-07-06 08:31:00,CNR3748178850,Success,CID815998,Bike,Shantinagar,KR Puram,231.0,105.0,Not Applicable,Not Applicable,Yes,Vehicle Breakdown,312,UPI,30,4.2,3.1
2024-07-13 19:31:00,CNR1623557365,Canceled by Driver,CID178915,Mini,Rajarajeshwari Nagar,Hosur Road,,,Not Applicable,Customer was coughing/sick,Not Applicable,Not Applicable,233,Not Applicable,0,,
2024-07-18 18:28:00,CNR3039613706,Success,CID623089,Prime Sedan,Magadi Road,Vijayanagar,266.0,75.0,Not Applicable,Not Applicable,No,Not Applicable,445,UPI,16,3.1,3.9
2024-07-28 18:07:00,CNR9117922886,Success,CID208472,Auto,Devanahalli,Chamarajpet,126.0,25.0,Not Applicable,Not Applicable,Yes,Other Issue,434,UPI,11,4.6,3.2
2024-07-03 09:20:00,CNR9573220434,Success,CID381027,Prime Plus,Shivajinagar,Whitefield,161.0,40.0,Not Applicable,Not Applicable,No,Not Applicable,562,Cash,9,3.4,3.3
2024-07-12 18:36:00,CNR9641662379,Canceled by Customer,CID851320,Bike,Banashankari,Malleshwaram,,,Driver is not moving towards pickup location,Not Applicable,Not Applicable,Not Applicable,1304,Not Applicable,0,,
2024-07-21 04:26:00,CNR2216510176,Canceled by Driver,CID817240,eBike,Kengeri,Ulsoor,,,Not Applicable,Customer related issue,Not Applicable,Not Applicable,393,Not Applicable,0,,
2024-07-15 00:44:00,CNR5234651154,Canceled by Driver,CID242492,Mini,Koramangala,Jayanagar,,,Not Applicable,More than permitted people in there,Not Applicable,Not Applicable,855,Not Applicable,0,,
2024-07-07 13:21:00,CNR5796781055,Canceled by Customer,CID404626,Bike,Tumkur Road,Indiranagar,,,Driver is not moving towards pickup location,Not Applicable,Not Applicable,Not Applicable,768,Not Applicable,0,,
2024-07-13 21:18:00,CNR9952448335,Canceled by Customer,CID371554,Bike,Malleshwaram,Mysore Road,,,Change of plans,Not Applicable,Not Applicable,Not Applicable,1909,Not Applicable,0,,
2024-07-11 12:16:00,CNR1076273584,Success,CID622344,Prime Sedan,Yeshwanthpur,Devanahalli,301.0,55.0,Not Applicable,Not Applicable,No,Not Applicable,226,UPI,20,4.2,4.8
2024-07-15 16:06:00,CNR5888782070,Success,CID997169,Mini,JP Nagar,Yeshwanthpur,287.0,60.0,Not Applicable,Not Applicable,No,Not Applicable,592,Cash,3,3.6,3.3
2024-07-08 11:09:00,CNR6259992093,Success,CID509430,Mini,Varthur,Magadi Road,266.0,90.0,Not Applicable,Not Applicable,No,Not Applicable,203,Cash,6,4.7,4.0
2024-07-10 18:31:00,CNR5491222134,Driver Not Found,CID394706,Auto,Sahakar Nagar,Whitefield,,,Not Applicable,Not Applicable,Not Applicable,Not Applicable,494,Not Applicable,0,,
2024-07-19 09:51:00,CNR2699551648,Success,CID897330,Mini,Bellandur,Magadi Road,42.0,120.0,Not Applicable,Not Applicable,No,Not Applicable,490,UPI,48,3.4,4.0
2024-07-08 04:21:00,CNR4544099669,Success,CID946319,Auto,Cox Town,Hulimavu,301.0,35.0,Not Applicable,Not Applicable,No,Not Applicable,212,UPI,7,3.4,4.5
2024-07-12 11:25:00,CNR2209584339,Success,CID495154,Prime SUV,Hennur,Magadi Road,245.0,40.0,Not Applicable,Not Applicable,Yes,Vehicle Breakdown,258,UPI,8,3.3,4.7
2024-07-07 18:37:00,CNR4301968781,Success,CID520087,eBike,Kengeri,Yeshwanthpur,196.0,105.0,Not Applicable,Not Applicable,No,Not Applicable,106,Debit Card,14,4.6,3.6
2024-07-30 14:23:00,CNR7789420501,Success,CID878846,Bike,MG Road,Padmanabhanagar,245.0,135.0,Not Applicable,Not Applicable,No,Not Applicable,340,UPI,4,4.8,4.6
2024-07-23 20:46:00,CNR5678916368,Success,CID798012,Bike,Mysore Road,BTM Layout,147.0,50.0,Not Applicable,Not Applicable,No,Not Applicable,414,Cash,29,4.4,4.5
2024-07-12 17:34:00,CNR8418476691,Canceled by Customer,CID888382,Prime Plus,Cox Town,Malleshwaram,,,Driver asked to cancel,Not Applicable,Not Applicable,Not Applicable,197,Not Applicable,0,,
2024-07-02 01:44:00,CNR9790084569,Driver Not Found,CID420729,eBike,Rajarajeshwari Nagar,MG Road,,,Not Applicable,Not Applicable,Not Applicable,Not Applicable,112,Not Applicable,0,,
2024-07-21 05:39:00,CNR2880123620,Success,CID867593,Auto,Richmond Town,Chamarajpet,294.0,60.0,Not Applicable,Not Applicable,No,Not Applicable,150,Cash,11,4.5,4.8
2024-07-01 16:31:00,CNR1268872240,Driver Not Found,CID942920,eBike,Chamarajpet,Banashankari,,,Not Applicable,Not Applicable,Not Applicable,Not Applicable,314,Not Applicable,0,,
2024-07-07 18:15:00,CNR8739772253,Success,CID484659,Prime Plus,Jayanagar,Padmanabhanagar,189.0,145.0,Not Applicable,Not Applicable,No,Not Applicable,451,Cash,23,3.4,3.1
2024-07-15 22:06:00,CNR7052699811,Success,CID901543,Prime Plus,Frazer Town,Mysore Road,196.0,65.0,Not Applicable,Not Applicable,No,Not Applicable,413,Cash,18,3.8,3.8
2024-07-11 19:33:00,CNR1063359851,Canceled by Customer,CID797095,Auto,Nagarbhavi,Ulsoor,,,Driver asked to cancel,Not Applicable,Not Applicable,Not Applicable,523,Not Applicable,0,,
2024-07-07 15:30:00,CNR7993386284,Canceled by Driver,CID327534,Prime Plus,Majestic,Sarjapur Road,,,Not Applicable,Customer related issue,Not Applicable,Not Applicable,380,Not Applicable,0,,
2024-07-26 21:29:00,CNR7954329199,Driver Not Found,CID697973,Prime Plus,HSR Layout,Vijayanagar,,,Not Applicable,Not Applicable,Not Applicable,Not Applicable,993,Not Applicable,0,,
2024-07-11 20:24:00,CNR6107701666,Canceled by Driver,CID826160,Prime Sedan,Yelahanka,Marathahalli,,,Not Applicable,Customer related issue,Not Applicable,Not Applicable,1192,Not Applicable,0,,
2024-07-21 00:39:00,CNR8109593172,Success,CID635651,Auto,MG Road,Electronic City,42.0,120.0,Not Applicable,Not Applicable,No,Not Applicable,421,UPI,4,3.7,3.7
2024-07-22 06:57:00,CNR7051478432,Driver Not Found,CID667502,Prime Plus,Magadi Road,Varthur,,,Not Applicable,Not Applicable,Not Applicable,Not Applicable,1587,Not Applicable,0,,
2024-07-13 07:06:00,CNR4498553418,Driver Not Found,CID577710,Bike,Bellandur,Langford Town,,,Not Applicable,Not Applicable,Not Applicable,Not Applicable,469,Not Applicable,0,,
2024-07-10 13:50:00,CNR4331487885,Success,CID367381,Mini,JP Nagar,Rajajinagar,161.0,120.0,Not Applicable,Not Applicable,No,Not Applicable,2714,Cash,9,4.8,4.7
2024-07-27 01:04:00,CNR1937746392,Canceled by Customer,CID841299,Prime Plus,Rajarajeshwari Nagar,Koramangala,,,Driver asked to cancel,Not Applicable,Not Applicable,Not Applicable,293,Not Applicable,0,,
2024-07-29 00:48:00,CNR7229904583,Driver Not Found,CID189667,Bike,Rajarajeshwari Nagar,Chamarajpet,,,Not Applicable,Not Applicable,Not Applicable,Not Applicable,350,Not Applicable,0,,
2024-07-26 08:14:00,CNR5579278873,Canceled by Driver,CID777049,Prime SUV,Shivajinagar,Hennur,,,Not Applicable,Personal & Car related issue,Not Applicable,Not Applicable,211,Not Applicable,0,,
2024-07-27 19:32:00,CNR1246655847,Success,CID657012,Prime Sedan,Yeshwanthpur,Hennur,252.0,35.0,Not Applicable,Not Applicable,No,Not Applicable,354,Cash,21,4.5,4.1
2024-07-02 14:09:00,CNR4047231979,Success,CID918208,Prime Sedan,Chickpet,Devanahalli,77.0,25.0,Not Applicable,Not Applicable,No,Not Applicable,111,UPI,26,3.0,4.7
2024-07-08 08:15:00,CNR1903895123,Success,CID776761,Mini,Shantinagar,Electronic City,175.0,90.0,Not Applicable,Not Applicable,Yes,Vehicle Breakdown,236,UPI,22,3.7,3.8
2024-07-24 02:10:00,CNR9975339364,Canceled by Driver,CID769176,Bike,Bellandur,Kammanahalli,,,Not Applicable,Personal & Car related issue,Not Applicable,Not Applicable,396,Not Applicable,0,,
2024-07-11 23:02:00,CNR3644058437,Success,CID635427,Prime SUV,RT Nagar,Whitefield,301.0,60.0,Not Applicable,Not Applicable,No,Not Applicable,1097,UPI,45,4.2,4.1
2024-07-10 00:50:00,CNR1424194667,Canceled by Driver,CID969267,Mini,Bellandur,BTM Layout,,,Not Applicable,Customer related issue,Not Applicable,Not Applicable,975,Not Applicable,0,,
2024-07-02 20:41:00,CNR3026048109,Success,CID985900,Prime SUV,Hosur Road,Peenya,266.0,25.0,Not Applicable,Not Applicable,No,Not Applicable,145,Cash,9,4.4,4.3
2024-07-12 19:27:00,CNR7659242520,Success,CID286548,Mini,Hulimavu,Malleshwaram,112.0,60.0,Not Applicable,Not Applicable,No,Not Applicable,895,Cash,6,3.1,3.1
2024-07-15 19:01:00,CNR7790341138,Success,CID311095,Auto,Chamarajpet,Electronic City,126.0,95.0,Not Applicable,Not Applicable,No,Not Applicable,127,UPI,1,4.4,3.8
2024-07-15 15:02:00,CNR6439659393,Success,CID968065,Auto,Padmanabhanagar,Shantinagar,294.0,85.0,Not Applicable,Not Applicable,No,Not Applicable,623,Cash,19,4.2,3.6
2024-07-03 14:07:00,CNR9789813749,Success,CID167016,Mini,Ramamurthy Nagar,Langford Town,287.0,100.0,Not Applicable,Not Applicable,No,Not Applicable,349,Cash,25,3.2,3.4
2024-07-14 20:07:00,CNR8363110945,Success,CID243106,Mini,Whitefield,MG Road,91.0,125.0,Not Applicable,Not Applicable,No,Not Applicable,152,UPI,41,5.0,3.3
2024-07-14 02:21:00,CNR6760094416,Canceled by Customer,CID425384,Auto,Langford Town,Kammanahalli,,,Driver is not moving towards pickup location,Not Applicable,Not Applicable,Not Applicable,372,Not Applicable,0,,
2024-07-05 12:06:00,CNR1608252757,Success,CID848808,Prime SUV,Devanahalli,Marathahalli,133.0,25.0,Not Applicable,Not Applicable,No,Not Applicable,221,Cash,11,4.2,5.0
2024-07-27 06:18:00,CNR6553358011,Success,CID658022,Bike,Sarjapur Road,Bannerghatta Road,210.0,65.0,Not Applicable,Not Applicable,No,Not Applicable,350,Cash,21,3.2,4.7
2024-07-28 03:29:00,CNR3350430166,Success,CID352657,Auto,Padmanabhanagar,Yeshwanthpur,63.0,30.0,Not Applicable,Not Applicable,No,Not Applicable,819,Cash,17,3.6,4.7
2024-07-06 01:03:00,CNR6535677163,Canceled by Customer,CID142756,Auto,Indiranagar,Chickpet,,,Driver asked to cancel,Not Applicable,Not Applicable,Not Applicable,119,Not Applicable,0,,
2024-07-17 04:24:00,CNR7059736046,Success,CID964506,eBike,Nagarbhavi,Electronic City,147.0,110.0,Not Applicable,Not Applicable,No,Not Applicable,438,Cash,13,3.9,3.5
2024-07-17 14:29:00,CNR9511625028,Success,CID152773,Auto,Rajajinagar,Padmanabhanagar,112.0,25.0,Not Applicable,Not Applicable,No,Not Applicable,2257,Cash,7,4.8,3.1
2024-07-25 17:34:00,CNR4607673435,Success,CID866313,Auto,Tumkur Road,Electronic City,77.0,75.0,Not Applicable,Not Applicable,No,Not Applicable,346,Credit Card,2,3.7,3.1
2024-07-12 19:27:00,CNR3487220742,Success,CID692310,Prime Plus,Banashankari,Hebbal,42.0,40.0,Not Applicable,Not Applicable,No,Not Applicable,497,Cash,43,4.6,4.6
2024-07-20 03:08:00,CNR5030950017,Success,CID396587,Prime Plus,Kadugodi,Bellandur,238.0,25.0,Not Applicable,Not Applicable,No,Not Applicable,348,Cash,28,4.8,3.3
2024-07-14 07:55:00,CNR5701914580,Success,CID523503,Mini,Chamarajpet,Yelahanka,196.0,30.0,Not Applicable,Not Applicable,No,Not Applicable,1468,UPI,4,5.0,3.5
2024-07-18 19:30:00,CNR2989513868,Canceled by Customer,CID766383,Prime Plus,Whitefield,Whitefield,,,Driver is not moving towards pickup location,Not Applicable,Not Applicable,Not Applicable,386,Not Applicable,0,,
2024-07-09 06:38:00,CNR9225265162,Canceled by Customer,CID909372,Bike,BTM Layout,Bannerghatta Road,,,Change of plans,Not Applicable,Not Applicable,Not Applicable,141,Not Applicable,0,,
2024-07-17 13:54:00,CNR8232355884,Canceled by Customer,CID305358,Mini,Hulimavu,Bellandur,,,Driver is not moving towards pickup location,Not Applicable,Not Applicable,Not Applicable,283,Not Applicable,0,,
2024-07-04 14:52:00,CNR9143493476,Canceled by Driver,CID631153,Mini,Richmond Town,Marathahalli,,,Not Applicable,Customer was coughing/sick,Not Applicable,Not Applicable,112,Not Applicable,0,,
2024-07-11 16:57:00,CNR8346375298,Canceled by Customer,CID718488,Auto,Sarjapur Road,Devanahalli,,,Driver asked to cancel,Not Applicable,Not Applicable,Not Applicable,369,Not Applicable,0,,
2024-07-06 16:54:00,CNR6021288737,Success,CID281468,Prime Plus,Langford Town,JP Nagar,168.0,115.0,Not Applicable,Not Applicable,No,Not Applicable,2871,Cash,2,3.2,4.3
2024-07-25 12:04:00,CNR7648124890,Success,CID342029,Mini,Richmond Town,RT Nagar,182.0,95.0,Not Applicable,Not Applicable,No,Not Applicable,891,Cash,9,3.6,4.8
2024-07-09 22:45:00,CNR9304382876,Canceled by Driver,CID556358,Prime Sedan,Chickpet,Peenya,,,Not Applicable,More than permitted people in there,Not Applicable,Not Applicable,124,Not Applicable,0,,
2024-07-03 12:47:00,CNR6345231686,Success,CID402121,Mini,Koramangala,Kammanahalli,308.0,30.0,Not Applicable,Not Applicable,No,Not Applicable,411,UPI,29,4.0,3.0
2024-07-09 16:52:00,CNR1168467759,Driver Not Found,CID920389,Prime Plus,Marathahalli,Shivajinagar,,,Not Applicable,Not Applicable,Not Applicable,Not Applicable,249,Not Applicable,0,,
2024-07-20 12:58:00,CNR4234361181,Canceled by Customer,CID569734,Auto,Sahakar Nagar,RT Nagar,,,Driver asked to cancel,Not Applicable,Not Applicable,Not Applicable,499,Not Applicable,0,,
2024-07-24 02:47:00,CNR7803193493,Success,CID625153,Prime Plus,Indiranagar,Magadi Road,112.0,25.0,Not Applicable,Not Applicable,No,Not Applicable,970,UPI,26,4.9,4.0
2024-07-09 15:46:00,CNR3767077847,Success,CID157737,Bike,Koramangala,Rajarajeshwari Nagar,161.0,65.0,Not Applicable,Not Applicable,No,Not Applicable,298,Cash,28,3.8,3.2
2024-07-13 04:44:00,CNR2662660069,Canceled by Driver,CID873934,Mini,Sahakar Nagar,JP Nagar,,,Not Applicable,Customer was coughing/sick,Not Applicable,Not Applicable,171,Not Applicable,0,,
2024-07-23 11:55:00,CNR6911084906,Success,CID886408,Bike,Majestic,Yelahanka,49.0,75.0,Not Applicable,Not Applicable,No,Not Applicable,234,Cash,6,3.7,3.3
2024-07-08 21:05:00,CNR3775143983,Driver Not Found,CID817319,Prime Sedan,JP Nagar,Bannerghatta Road,,,Not Applicable,Not Applicable,Not Applicable,Not Applicable,218,Not Applicable,0,,
2024-07-17 04:41:00,CNR5358916632,Canceled by Customer,CID476938,Prime Sedan,BTM Layout,Padmanabhanagar,,,Driver is not moving towards pickup location,Not Applicable,Not Applicable,Not Applicable,262,Not Applicable,0,,
2024-07-11 20:58:00,CNR8716529350,Success,CID788490,Prime Sedan,Bannerghatta Road,Rajarajeshwari Nagar,147.0,45.0,Not Applicable,Not Applicable,No,Not Applicable,481,UPI,5,3.9,3.0
2024-07-24 07:08:00,CNR1158340614,Success,CID469808,Prime SUV,Tumkur Road,Yelahanka,154.0,110.0,Not Applicable,Not Applicable,No,Not Applicable,224,UPI,17,4.4,3.3
2024-07-15 11:21:00,CNR9925049062,Canceled by Driver,CID216253,Bike,KR Puram,Kengeri,,,Not Applicable,Customer related issue,Not Applicable,Not Applicable,636,Not Applicable,0,,
2024-07-17 04:46:00,CNR8516229235,Canceled by Driver,CID867417,eBike,Varthur,Mysore Road,,,Not Applicable,Customer related issue,Not Applicable,Not Applicable,126,Not Applicable,0,,
2024-07-03 21:49:00,CNR6986169174,Canceled by Driver,CID460817,Bike,Vijayanagar,Chamarajpet,,,Not Applicable,More than permitted people in there,Not Applicable,Not Applicable,425,Not Applicable,0,,
2024-07-10 14:08:00,CNR1176363487,Success,CID151140,Prime Sedan,Richmond Town,Kengeri,280.0,135.0,Not Applicable,Not Applicable,Yes,Vehicle Breakdown,307,Cash,19,3.1,4.3
2024-07-01 22:56:00,CNR7669811569,Canceled by Driver,CID974306,Mini,Mysore Road,Rajarajeshwari Nagar,,,Not Applicable,Customer was coughing/sick,Not Applicable,Not Applicable,232,Not Applicable,0,,
2024-07-02 15:00:00,CNR6715953355,Canceled by Customer,CID864939,Bike,Marathahalli,Rajajinagar,,,Driver asked to cancel,Not Applicable,Not Applicable,Not Applicable,366,Not Applicable,0,,
2024-07-01 17:56:00,CNR9675783114,Success,CID841423,Prime Sedan,Banashankari,Bellandur,175.0,75.0,Not Applicable,Not Applicable,No,Not Applicable,2439,Cash,17,4.3,3.9
2024-07-25 22:20:00,CNR7058370126,Success,CID878799,Bike,Shivajinagar,Shivajinagar,273.0,30.0,Not Applicable,Not Applicable,No,Not Applicable,264,UPI,3,3.5,4.7
2024-07-19 01:46:00,CNR4507578294,Success,CID335821,Auto,Frazer Town,Kadugodi,301.0,45.0,Not Applicable,Not Applicable,No,Not Applicable,391,Cash,4,3.9,3.5
2024-07-09 15:30:00,CNR7897371864,Success,CID376084,Mini,RT Nagar,Rajarajeshwari Nagar,294.0,40.0,Not Applicable,Not Applicable,No,Not Applicable,275,UPI,40,3.4,4.3
2024-07-03 03:12:00,CNR6943123844,Success,CID253113,eBike,Banashankari,Langford Town,126.0,135.0,Not Applicable,Not Applicable,No,Not Applicable,455,Cash,36,4.5,4.9
2024-07-12 15:05:00,CNR5625451474,Canceled by Driver,CID393185,Prime Sedan,Peenya,Kammanahalli,,,Not Applicable,Customer related issue,Not Applicable,Not Applicable,2155,Not Applicable,0,,
2024-07-13 02:37:00,CNR4155415754,Success,CID683321,Bike,Jayanagar,Rajajinagar,154.0,90.0,Not Applicable,Not Applicable,Yes,Other Issue,737,UPI,16,4.3,4.6
2024-07-02 05:09:00,CNR5143454174,Canceled by Driver,CID746473,Auto,Chamarajpet,Devanahalli,,,Not Applicable,More than permitted people in there,Not Applicable,Not Applicable,869,Not Applicable,0,,
2024-07-15 16:55:00,CNR9005326450,Driver Not Found,CID761767,Prime Sedan,Varthur,Hosur Road,,,Not Applicable,Not Applicable,Not Applicable,Not Applicable,2669,Not Applicable,0,,
2024-07-04 03:04:00,CNR4053246300,Success,CID179715,Prime Sedan,Hebbal,Langford Town,98.0,65.0,Not Applicable,Not Applicable,No,Not Applicable,2244,Cash,20,3.2,4.5
2024-07-25 21:47:00,CNR2548015070,Success,CID731289,Prime Plus,Koramangala,Koramangala,70.0,135.0,Not Applicable,Not Applicable,Yes,Other Issue,467,Cash,21,4.3,5.0
2024-07-12 20:05:00,CNR1279429398,Success,CID886695,eBike,Yeshwanthpur,Indiranagar,245.0,80.0,Not Applicable,Not Applicable,No,Not Applicable,2125,Cash,27,3.0,3.6
2024-07-09 20:44:00,CNR2928006944,Success,CID417431,Bike,Rajajinagar,Sahakar Nagar,154.0,80.0,Not Applicable,Not Applicable,No,Not Applicable,447,Debit Card,8,4.7,4.6
2024-07-07 13:01:00,CNR9464317736,Canceled by Driver,CID488809,Bike,BTM Layout,Hennur,,,Not Applicable,Customer was coughing/sick,Not Applicable,Not Applicable,447,Not Applicable,0,,
2024-07-17 16:22:00,CNR2618789403,Canceled by Driver,CID215851,Auto,Banashankari,Shivajinagar,,,Not Applicable,Customer related issue,Not Applicable,Not Applicable,125,Not Applicable,0,,
2024-07-29 20:30:00,CNR2349446788,Driver Not Found,CID900527,Prime Plus,Sarjapur Road,BTM Layout,,,Not Applicable,Not Applicable,Not Applicable,Not Applicable,821,Not Applicable,0,,
2024-07-12 09:18:00,CNR5859600673,Canceled by Driver,CID128365,Prime Sedan,Mysore Road,Kammanahalli,,,Not Applicable,Customer related issue,Not Applicable,Not Applicable,463,Not Applicable,0,,
2024-07-17 23:09:00,CNR7315977551,Success,CID892692,Auto,Langford Town,RT Nagar,210.0,80.0,Not Applicable,Not Applicable,No,Not Applicable,368,Cash,13,3.2,4.5
2024-07-17 08:01:00,CNR4974497738,Canceled by Driver,CID451549,Auto,Shivajinagar,JP Nagar,,,Not Applicable,Customer related issue,Not Applicable,Not Applicable,216,Not Applicable,0,,
2024-07-27 03:03:00,CNR9352432467,Success,CID456556,Mini,Majestic,Ramamurthy Nagar,161.0,30.0,Not Applicable,Not Applicable,No,Not Applicable,101,Cash,2,3.9,3.8
2024-07-27 23:54:00,CNR6942222972,Canceled by Driver,CID542691,Mini,Majestic,RT Nagar,,,Not Applicable,Customer was coughing/sick,Not Applicable,Not Applicable,248,Not Applicable,0,,
2024-07-15 19:34:00,CNR8250619825,Canceled by Driver,CID568990,Prime Sedan,Whitefield,Hebbal,,,Not Applicable,More than permitted people in there,Not Applicable,Not Applicable,351,Not Applicable,0,,
2024-07-25 01:45:00,CNR8976132185,Success,CID355825,Auto,JP Nagar,Peenya,154.0,145.0,Not Applicable,Not Applicable,No,Not Applicable,259,Cash,18,4.2,3.9
2024-07-11 10:00:00,CNR5973807162,Canceled by Driver,CID927303,eBike,Hulimavu,MG Road,,,Not Applicable,Customer related issue,Not Applicable,Not Applicable,456,Not Applicable,0,,
2024-07-06 06:38:00,CNR2608318057,Success,CID528807,Prime SUV,Sahakar Nagar,Banashankari,231.0,130.0,Not Applicable,Not Applicable,No,Not Applicable,790,Cash,38,4.6,3.4
2024-07-26 06:09:00,CNR2468132010,Driver Not Found,CID298554,Mini,MG Road,Magadi Road,,,Not Applicable,Not Applicable,Not Applicable,Not Applicable,470,Not Applicable,0,,
2024-07-24 01:21:00,CNR3893703976,Success,CID333476,Mini,Tumkur Road,Magadi Road,42.0,60.0,Not Applicable,Not Applicable,No,Not Applicable,2363,UPI,42,3.5,4.6
2024-07-28 19:13:00,CNR3323476520,Success,CID936732,Prime SUV,Whitefield,Sarjapur Road,217.0,25.0,Not Applicable,Not Applicable,No,Not Applicable,197,UPI,36,5.0,3.3
2024-07-07 18:10:00,CNR4076859567,Success,CID921284,eBike,Sarjapur Road,Kammanahalli,91.0,30.0,Not Applicable,Not Applicable,No,Not Applicable,2935,Debit Card,11,3.9,4.4
2024-07-29 05:40:00,CNR3335134757,Success,CID868508,Prime SUV,KR Puram,Kammanahalli,189.0,95.0,Not Applicable,Not Applicable,Yes,Other Issue,215,UPI,34,4.3,3.3
2024-07-25 05:43:00,CNR4168321857,Success,CID318002,Prime Sedan,Mysore Road,Marathahalli,224.0,130.0,Not Applicable,Not Applicable,No,Not Applicable,287,Cash,1,4.8,4.9
2024-07-29 10:16:00,CNR8583144069,Success,CID102862,Prime Sedan,Tumkur Road,Basavanagudi,203.0,95.0,Not Applicable,Not Applicable,No,Not Applicable,2526,Cash,7,3.2,3.3
2024-07-04 16:56:00,CNR5478027721,Canceled by Driver,CID969164,Bike,Indiranagar,Frazer Town,,,Not Applicable,Customer related issue,Not Applicable,Not Applicable,482,Not Applicable,0,,
2024-07-17 19:53:00,CNR7459970271,Success,CID491046,Prime Plus,Sarjapur Road,Shantinagar,112.0,100.0,Not Applicable,Not Applicable,No,Not Applicable,2111,Cash,41,3.9,3.2
2024-07-02 07:50:00,CNR6884223013,Canceled by Driver,CID841429,Prime SUV,Mysore Road,Rajarajeshwari Nagar,,,Not Applicable,Personal & Car related issue,Not Applicable,Not Applicable,441,Not Applicable,0,,
2024-07-21 00:35:00,CNR3662935772,Success,CID775061,Prime Sedan,Yelahanka,Hosur Road,112.0,90.0,Not Applicable,Not Applicable,No,Not Applicable,156,Cash,32,3.9,4.9
2024-07-30 10:08:00,CNR3428180948,Success,CID659132,Prime Plus,Whitefield,Indiranagar,273.0,135.0,Not Applicable,Not Applicable,No,Not Applicable,436,Credit Card,26,4.7,4.7
2024-07-05 16:50:00,CNR1273673432,Success,CID791054,Bike,Kadugodi,Hennur,273.0,45.0,Not Applicable,Not Applicable,No,Not Applicable,207,UPI,40,4.9,3.4
2024-07-22 13:13:00,CNR4817075053,Canceled by Driver,CID651936,Mini,Ramamurthy Nagar,Hebbal,,,Not Applicable,Customer related issue,Not Applicable,Not Applicable,472,Not Applicable,0,,
2024-07-10 08:56:00,CNR5189247251,Success,CID314842,Prime Sedan,Chickpet,Malleshwaram,112.0,50.0,Not Applicable,Not Applicable,No,Not Applicable,451,Cash,36,4.7,4.6
2024-07-23 04:18:00,CNR1346388738,Canceled by Customer,CID863073,Prime Plus,Shivajinagar,Hulimavu,,,Driver asked to cancel,Not Applicable,Not Applicable,Not Applicable,409,Not Applicable,0,,
2024-07-23 17:46:00,CNR8493296925,Success,CID753001,Prime Plus,Rajarajeshwari Nagar,Electronic City,189.0,45.0,Not Applicable,Not Applicable,Yes,Vehicle Breakdown,415,UPI,12,3.4,4.6
2024-07-05 03:36:00,CNR9592873648,Canceled by Driver,CID767180,Prime Sedan,Bannerghatta Road,Frazer Town,,,Not Applicable,Personal & Car related issue,Not Applicable,Not Applicable,373,Not Applicable,0,,
2024-07-19 14:57:00,CNR9104667708,Canceled by Driver,CID208112,Auto,Shivajinagar,Magadi Road,,,Not Applicable,More than permitted people in there,Not Applicable,Not Applicable,469,Not Applicable,0,,
2024-07-20 08:23:00,CNR8344129628,Canceled by Customer,CID725716,Bike,Ramamurthy Nagar,Richmond Town,,,AC is Not working,Not Applicable,Not Applicable,Not Applicable,123,Not Applicable,0,,
2024-07-03 12:33:00,CNR4938220788,Success,CID517800,eBike,Magadi Road,Nagarbhavi,91.0,145.0,Not Applicable,Not Applicable,No,Not Applicable,794,UPI,7,4.1,3.3
2024-07-22 14:07:00,CNR7302219092,Success,CID636402,Mini,RT Nagar,KR Puram,252.0,80.0,Not Applicable,Not Applicable,No,Not Applicable,2023,UPI,17,4.1,4.6
2024-07-23 17:13:00,CNR5931515661,Canceled by Driver,CID701662,Bike,Langford Town,Padmanabhanagar,,,Not Applicable,Customer was coughing/sick,Not Applicable,Not Applicable,280,Not Applicable,0,,
2024-07-13 18:30:00,CNR9379191599,Success,CID970231,Prime SUV,Hebbal,Kengeri,91.0,125.0,Not Applicable,Not Applicable,No,Not Applicable,299,UPI,38,4.4,3.2
2024-07-14 23:57:00,CNR4827143559,Success,CID504959,Auto,Kammanahalli,Basavanagudi,231.0,55.0,Not Applicable,Not Applicable,No,Not Applicable,123,Cash,19,4.1,3.5
2024-07-04 13:52:00,CNR4648740173,Success,CID848508,Prime Sedan,Bannerghatta Road,Hosur Road,154.0,75.0,Not Applicable,Not Applicable,No,Not Applicable,322,UPI,12,4.6,4.2
2024-07-26 01:48:00,CNR8179154206,Canceled by Customer,CID465232,Bike,Whitefield,Jayanagar,,,Driver asked to cancel,Not Applicable,Not Applicable,Not Applicable,215,Not Applicable,0,,
2024-07-08 06:48:00,CNR2972665390,Success,CID629481,Prime SUV,KR Puram,Yeshwanthpur,301.0,75.0,Not Applicable,Not Applicable,No,Not Applicable,767,Cash,38,3.8,4.4
2024-07-20 18:01:00,CNR6711289552,Success,CID929969,eBike,Devanahalli,BTM Layout,161.0,80.0,Not Applicable,Not Applicable,No,Not Applicable,140,UPI,14,3.3,3.8
2024-07-06 10:12:00,CNR8102046044,Success,CID385754,Prime Plus,Rajarajeshwari Nagar,MG Road,126.0,145.0,Not Applicable,Not Applicable,No,Not Applicable,143,Cash,49,3.5,4.2
2024-07-22 09:25:00,CNR5945554510,Success,CID900972,Bike,Malleshwaram,Rajajinagar,56.0,30.0,Not Applicable,Not Applicable,No,Not Applicable,321,Cash,17,4.7,3.9
2024-07-23 20:55:00,CNR6803694449,Success,CID864531,Mini,Shivajinagar,Whitefield,70.0,40.0,Not Applicable,Not Applicable,No,Not Applicable,190,UPI,25,4.5,3.7
2024-07-15 09:30:00,CNR7865282476,Success,CID552214,Bike,Hosur Road,Magadi Road,168.0,80.0,Not Applicable,Not Applicable,No,Not Applicable,326,Debit Card,31,4.2,3.6
2024-07-07 15:17:00,CNR9526113905,Canceled by Driver,CID563311,Mini,Magadi Road,Magadi Road,,,Not Applicable,Customer was coughing/sick,Not Applicable,Not Applicable,250,Not Applicable,0,,
2024-07-29 20:27:00,CNR2303357922,Driver Not Found,CID513029,Prime Plus,Chamarajpet,Padmanabhanagar,,,Not Applicable,Not Applicable,Not Applicable,Not Applicable,215,Not Applicable,0,,
2024-07-05 04:51:00,CNR9779379407,Driver Not Found,CID103779,Mini,Magadi Road,Devanahalli,,,Not Applicable,Not Applicable,Not Applicable,Not Applicable,470,Not Applicable,0,,
2024-07-01 20:22:00,CNR9505728690,Success,CID194895,Prime Plus,Rajajinagar,Hebbal,119.0,105.0,Not Applicable,Not Applicable,No,Not Applicable,297,Cash,12,4.6,3.3
2024-07-11 20:30:00,CNR2151638399,Success,CID290020,Prime SUV,Kengeri,Hennur,42.0,50.0,Not Applicable,Not Applicable,No,Not Applicable,315,Cash,3,4.3,3.7
2024-07-27 01:35:00,CNR8096936478,Success,CID494147,Prime SUV,Shivajinagar,Rajarajeshwari Nagar,182.0,60.0,Not Applicable,Not Applicable,No,Not Applicable,106,UPI,2,3.5,4.8
2024-07-11 02:21:00,CNR2532869913,Success,CID173086,Bike,Yeshwanthpur,Magadi Road,217.0,40.0,Not Applicable,Not Applicable,No,Not Applicable,659,Cash,20,3.5,4.8
2024-07-22 14:35:00,CNR3358723703,Canceled by Driver,CID124693,Bike,Kadugodi,Varthur,,,Not Applicable,Customer related issue,Not Applicable,Not Applicable,215,Not Applicable,0,,
2024-07-08 02:21:00,CNR8659231498,Canceled by Driver,CID904215,Auto,Bannerghatta Road,Yeshwanthpur,,,Not Applicable,Customer related issue,Not Applicable,Not Applicable,980,Not Applicable,0,,
2024-07-29 05:54:00,CNR1342903523,Success,CID693776,Auto,Majestic,Hennur,49.0,65.0,Not Applicable,Not Applicable,No,Not Applicable,168,UPI,19,4.1,4.2
2024-07-27 09:27:00,CNR3357654426,Canceled by Driver,CID493998,Mini,Chamarajpet,Bellandur,,,Not Applicable,More than permitted people in there,Not Applicable,Not Applicable,913,Not Applicable,0,,
2024-07-05 06:25:00,CNR3675716789,Success,CID242634,Prime Sedan,Mysore Road,KR Puram,49.0,90.0,Not Applicable,Not Applicable,No,Not Applicable,470,Cash,35,4.0,3.7
2024-07-21 07:29:00,CNR7297591530,Canceled by Driver,CID675469,Mini,Hennur,Electronic City,,,Not Applicable,Customer related issue,Not Applicable,Not Applicable,231,Not Applicable,0,,
2024-07-13 12:18:00,CNR4013458514,Driver Not Found,CID334733,Auto,Peenya,Tumkur Road,,,Not Applicable,Not Applicable,Not Applicable,Not Applicable,499,Not Applicable,0,,
2024-07-23 00:06:00,CNR3853550237,Success,CID173626,Mini,Sarjapur Road,Vijayanagar,140.0,40.0,Not Applicable,Not Applicable,No,Not Applicable,333,UPI,22,4.5,3.6
2024-07-04 00:59:00,CNR2342532621,Success,CID830077,Prime Plus,Langford Town,Ulsoor,308.0,35.0,Not Applicable,Not Applicable,No,Not Applicable,451,Cash,24,3.4,4.9
2024-07-25 08:21:00,CNR9015099607,Canceled by Driver,CID712888,Prime Sedan,RT Nagar,KR Puram,,,Not Applicable,Personal & Car related issue,Not Applicable,Not Applicable,201,Not Applicable,0,,
2024-07-06 01:24:00,CNR3931367894,Success,CID569575,Prime Plus,Basavanagudi,Shivajinagar,119.0,75.0,Not Applicable,Not Applicable,No,Not Applicable,278,UPI,13,5.0,3.6
2024-07-18 06:07:00,CNR8226658286,Success,CID453224,Bike,Marathahalli,Tumkur Road,168.0,95.0,Not Applicable,Not Applicable,No,Not Applicable,397,Cash,10,4.9,5.0
2024-07-15 11:41:00,CNR1043770046,Canceled by Driver,CID287765,Prime SUV,Whitefield,Langford Town,,,Not Applicable,Personal & Car related issue,Not Applicable,Not Applicable,200,Not Applicable,0,,
2024-07-04 12:03:00,CNR7160346092,Canceled by Driver,CID206950,Prime Sedan,JP Nagar,Hebbal,,,Not Applicable,More than permitted people in there,Not Applicable,Not Applicable,211,Not Applicable,0,,
2024-07-18 01:01:00,CNR9260892369,Success,CID111405,Prime Plus,Chamarajpet,RT Nagar,301.0,90.0,Not Applicable,Not Applicable,No,Not Applicable,391,UPI,34,4.7,4.1
2024-07-11 22:53:00,CNR1594447433,Canceled by Customer,CID181159,Auto,Banashankari,Basavanagudi,,,Change of plans,Not Applicable,Not Applicable,Not Applicable,290,Not Applicable,0,,
2024-07-05 07:37:00,CNR4444430647,Success,CID209800,Bike,Cox Town,Hennur,308.0,90.0,Not Applicable,Not Applicable,No,Not Applicable,113,UPI,13,3.8,3.4
2024-07-02 08:11:00,CNR2288805564,Success,CID396345,Mini,Chamarajpet,Jayanagar,266.0,80.0,Not Applicable,Not Applicable,No,Not Applicable,163,Cash,46,3.5,4.4
2024-07-23 22:07:00,CNR7713894143,Success,CID733315,Prime SUV,Banashankari,Chickpet,189.0,100.0,Not Applicable,Not Applicable,No,Not Applicable,382,Cash,42,3.5,4.0
2024-07-15 21:27:00,CNR2060899582,Success,CID795632,Auto,Nagarbhavi,Hennur,224.0,110.0,Not Applicable,Not Applicable,No,Not Applicable,380,UPI,17,3.3,4.0
2024-07-22 15:31:00,CNR1060823924,Success,CID525211,Bike,Kammanahalli,Kammanahalli,112.0,70.0,Not Applicable,Not Applicable,No,Not Applicable,123,Cash,30,3.6,3.4
2024-07-10 08:09:00,CNR2925195906,Driver Not Found,CID366054,Prime Sedan,Hulimavu,Frazer Town,,,Not Applicable,Not Applicable,Not Applicable,Not Applicable,277,Not Applicable,0,,
2024-07-29 17:02:00,CNR7357247887,Success,CID362470,Auto,Hennur,Electronic City,280.0,55.0,Not Applicable,Not Applicable,No,Not Applicable,352,UPI,16,4.1,4.3
2024-07-10 18:14:00,CNR7879368186,Success,CID299911,Auto,Nagarbhavi,Sarjapur Road,133.0,115.0,Not Applicable,Not Applicable,No,Not Applicable,423,Cash,1,3.3,4.3
2024-07-24 00:24:00,CNR1002984423,Success,CID208217,Bike,Ramamurthy Nagar,Kadugodi,294.0,90.0,Not Applicable,Not Applicable,No,Not Applicable,246,UPI,44,3.5,3.2
2024-07-21 21:11:00,CNR7235834759,Success,CID606720,Prime Plus,Kadugodi,Electronic City,70.0,65.0,Not Applicable,Not Applicable,No,Not Applicable,362,UPI,25,3.0,3.7
2024-07-23 05:08:00,CNR6722384965,Canceled by Customer,CID911564,Auto,Hulimavu,Shantinagar,,,Driver asked to cancel,Not Applicable,Not Applicable,Not Applicable,959,Not Applicable,0,,
2024-07-08 11:25:00,CNR5237059324,Canceled by Driver,CID908881,eBike,Jayanagar,Yelahanka,,,Not Applicable,More than permitted people in there,Not Applicable,Not Applicable,401,Not Applicable,0,,
2024-07-13 07:21:00,CNR8743122984,Success,CID619847,Prime Sedan,BTM Layout,Frazer Town,210.0,40.0,Not Applicable,Not Applicable,No,Not Applicable,240,Cash,15,3.5,3.4
2024-07-13 05:44:00,CNR4399214778,Success,CID319228,Prime SUV,Electronic City,Rajarajeshwari Nagar,63.0,125.0,Not Applicable,Not Applicable,No,Not Applicable,445,UPI,32,3.1,4.9
2024-07-01 09:38:00,CNR9174118056,Driver Not Found,CID402015,Bike,Bannerghatta Road,Ramamurthy Nagar,,,Not Applicable,Not Applicable,Not Applicable,Not Applicable,445,Not Applicable,0,,
2024-07-30 13:07:00,CNR8175899625,Success,CID142014,Prime Sedan,Bannerghatta Road,Koramangala,182.0,50.0,Not Applicable,Not Applicable,Yes,Other Issue,296,UPI,31,4.2,4.3
2024-07-18 21:29:00,CNR8475743709,Canceled by Driver,CID801391,Prime Plus,Koramangala,Rajarajeshwari Nagar,,,Not Applicable,More than permitted people in there,Not Applicable,Not Applicable,973,Not Applicable,0,,
2024-07-11 09:10:00,CNR8387008063,Success,CID297119,Auto,Rajajinagar,Whitefield,112.0,55.0,Not Applicable,Not Applicable,No,Not Applicable,360,Cash,17,4.8,5.0
2024-07-06 01:04:00,CNR8706955955,Success,CID493118,Auto,Rajajinagar,Kengeri,175.0,115.0,Not Applicable,Not Applicable,No,Not Applicable,120,Cash,3,4.8,3.8
2024-07-19 16:09:00,CNR1983802386,Driver Not Found,CID974233,Prime Plus,Basavanagudi,Majestic,,,Not Applicable,Not Applicable,Not Applicable,Not Applicable,224,Not Applicable,0,,
2024-07-24 14:38:00,CNR5323640156,Driver Not Found,CID921665,Prime Sedan,Basavanagudi,JP Nagar,,,Not Applicable,Not Applicable,Not Applicable,Not Applicable,302,Not Applicable,0,,
2024-07-27 03:06:00,CNR5830277584,Success,CID374892,Prime Plus,BTM Layout,Peenya,301.0,65.0,Not Applicable,Not Applicable,No,Not Applicable,884,UPI,24,5.0,3.8
2024-07-30 03:19:00,CNR2188797814,Canceled by Driver,CID858450,Prime SUV,Bellandur,Hulimavu,,,Not Applicable,Personal & Car related issue,Not Applicable,Not Applicable,603,Not Applicable,0,,
2024-07-23 06:50:00,CNR2088391334,Canceled by Driver,CID866969,Prime Sedan,Ulsoor,Marathahalli,,,Not Applicable,Customer related issue,Not Applicable,Not Applicable,117,Not Applicable,0,,
2024-07-29 00:30:00,CNR6431276054,Success,CID441418,Mini,JP Nagar,Kadugodi,231.0,70.0,Not Applicable,Not Applicable,No,Not Applicable,484,Cash,23,3.7,4.3
2024-07-23 14:04:00,CNR3689678263,Success,CID281874,Bike,Kengeri,Basavanagudi,98.0,25.0,Not Applicable,Not Applicable,No,Not Applicable,401,Cash,12,4.2,3.8
2024-07-06 15:58:00,CNR6854667049,Canceled by Driver,CID647292,eBike,Sarjapur Road,Shantinagar,,,Not Applicable,Personal & Car related issue,Not Applicable,Not Applicable,248,Not Applicable,0,,
2024-07-09 02:56:00,CNR1126867395,Success,CID475408,eBike,Jayanagar,HSR Layout,203.0,80.0,Not Applicable,Not Applicable,No,Not Applicable,2004,Cash,49,4.6,3.4
2024-07-08 20:11:00,CNR6187258020,Driver Not Found,CID965243,Mini,Sarjapur Road,Vijayanagar,,,Not Applicable,Not Applicable,Not Applicable,Not Applicable,440,Not Applicable,0,,
2024-07-15 09:40:00,CNR4564380468,Success,CID476755,eBike,Shivajinagar,Mysore Road,154.0,50.0,Not Applicable,Not Applicable,Yes,Customer Demand,378,UPI,29,4.6,4.1
2024-07-29 20:54:00,CNR9475568631,Success,CID474978,Prime SUV,Kammanahalli,Ulsoor,84.0,30.0,Not Applicable,Not Applicable,No,Not Applicable,1563,UPI,17,3.4,4.7
2024-07-06 18:40:00,CNR3715973784,Success,CID818649,eBike,Bellandur,Whitefield,140.0,45.0,Not Applicable,Not Applicable,No,Not Applicable,402,Cash,45,4.8,3.8
2024-07-21 10:56:00,CNR3247478050,Success,CID412382,Prime Plus,RT Nagar,Kammanahalli,196.0,135.0,Not Applicable,Not Applicable,No,Not Applicable,427,Cash,36,4.7,3.0
2024-07-26 07:18:00,CNR5691861703,Canceled by Customer,CID490823,Prime Plus,Ramamurthy Nagar,Rajarajeshwari Nagar,,,Change of plans,Not Applicable,Not Applicable,Not Applicable,238,Not Applicable,0,,
2024-07-22 00:56:00,CNR6782628072,Success,CID766725,eBike,Sahakar Nagar,Malleshwaram,77.0,90.0,Not Applicable,Not Applicable,No,Not Applicable,181,Credit Card,1,3.9,4.4
2024-07-05 05:40:00,CNR8000589683,Success,CID762817,Bike,Basavanagudi,Ulsoor,287.0,125.0,Not Applicable,Not Applicable,No,Not Applicable,377,Cash,38,3.6,3.0
2024-07-06 23:51:00,CNR2841572909,Canceled by Driver,CID575322,Prime Plus,Cox Town,Jayanagar,,,Not Applicable,More than permitted people in there,Not Applicable,Not Applicable,727,Not Applicable,0,,
2024-07-05 22:50:00,CNR2571358348,Success,CID878014,Bike,MG Road,Bannerghatta Road,147.0,130.0,Not Applicable,Not Applicable,No,Not Applicable,260,UPI,24,3.5,3.6
2024-07-18 17:32:00,CNR1996023679,Canceled by Driver,CID737339,Prime Sedan,Sarjapur Road,Yelahanka,,,Not Applicable,Customer was coughing/sick,Not Applicable,Not Applicable,706,Not Applicable,0,,
2024-07-09 19:06:00,CNR4334929332,Success,CID463228,Prime SUV,Rajarajeshwari Nagar,Kammanahalli,56.0,50.0,Not Applicable,Not Applicable,No,Not Applicable,303,Cash,28,3.2,4.1
2024-07-05 06:29:00,CNR6575373359,Canceled by Customer,CID829871,Mini,Hulimavu,Hebbal,,,Change of plans,Not Applicable,Not Applicable,Not Applicable,198,Not Applicable,0,,
2024-07-15 02:53:00,CNR8112076629,Canceled by Customer,CID165531,Prime SUV,Hosur Road,Devanahalli,,,AC is Not working,Not Applicable,Not Applicable,Not Applicable,705,Not Applicable,0,,
2024-07-21 04:07:00,CNR9120087076,Success,CID613497,Prime Plus,Richmond Town,Hulimavu,119.0,30.0,Not Applicable,Not Applicable,No,Not Applicable,379,UPI,19,3.1,3.1
2024-07-20 10:54:00,CNR7952853440,Driver Not Found,CID537414,Auto,JP Nagar,Yeshwanthpur,,,Not Applicable,Not Applicable,Not Applicable,Not Applicable,726,Not Applicable,0,,
2024-07-29 16:52:00,CNR2061548759,Success,CID456088,eBike,Sarjapur Road,Cox Town,189.0,100.0,Not Applicable,Not Applicable,No,Not Applicable,1186,Cash,26,4.5,3.0
2024-07-16 12:20:00,CNR7073431627,Success,CID438191,Mini,Bellandur,Banashankari,224.0,110.0,Not Applicable,Not Applicable,No,Not Applicable,412,UPI,14,3.6,3.5
2024-07-16 17:48:00,CNR3258006940,Success,CID969695,Prime Sedan,Malleshwaram,Magadi Road,224.0,85.0,Not Applicable,Not Applicable,No,Not Applicable,363,Cash,46,3.5,3.1
2024-07-15 15:35:00,CNR6009772129,Success,CID424524,Prime SUV,Bellandur,Yeshwanthpur,42.0,60.0,Not Applicable,Not Applicable,No,Not Applicable,211,Cash,23,3.4,4.4
2024-07-14 00:30:00,CNR8623304221,Success,CID540727,Mini,Yeshwanthpur,KR Puram,259.0,80.0,Not Applicable,Not Applicable,No,Not Applicable,217,UPI,4,4.2,4.4
2024-07-28 15:32:00,CNR6765647875,Driver Not Found,CID587032,Auto,Kengeri,JP Nagar,,,Not Applicable,Not Applicable,Not Applicable,Not Applicable,322,Not Applicable,0,,
2024-07-06 07:40:00,CNR5133958373,Canceled by Customer,CID729976,Auto,Bellandur,Marathahalli,,,Driver is not moving towards pickup location,Not Applicable,Not Applicable,Not Applicable,1804,Not Applicable,0,,
2024-07-15 15:36:00,CNR3222089635,Canceled by Customer,CID898741,Mini,HSR Layout,BTM Layout,,,AC is Not working,Not Applicable,Not Applicable,Not Applicable,164,Not Applicable,0,,
2024-07-29 18:23:00,CNR1013061842,Success,CID119244,Auto,Shivajinagar,Ulsoor,105.0,55.0,Not Applicable,Not Applicable,No,Not Applicable,1156,UPI,6,3.6,3.6
2024-07-02 06:05:00,CNR1970791922,Success,CID692486,eBike,JP Nagar,Padmanabhanagar,56.0,90.0,Not Applicable,Not Applicable,No,Not Applicable,406,UPI,12,3.0,3.4
2024-07-01 16:09:00,CNR5443242080,Driver Not Found,CID192004,Prime Plus,HSR Layout,Hulimavu,,,Not Applicable,Not Applicable,Not Applicable,Not Applicable,915,Not Applicable,0,,
2024-07-06 09:25:00,CNR9051623752,Success,CID260330,Bike,Devanahalli,Shantinagar,182.0,140.0,Not Applicable,Not Applicable,No,Not Applicable,306,UPI,30,3.3,4.0
2024-07-15 16:48:00,CNR4938514427,Success,CID439146,Prime Sedan,Shantinagar,Kammanahalli,168.0,105.0,Not Applicable,Not Applicable,No,Not Applicable,204,Cash,44,3.8,3.8
2024-07-11 03:31:00,CNR1791289981,Canceled by Customer,CID217447,Bike,Varthur,Ramamurthy Nagar,,,Driver is not moving towards pickup location,Not Applicable,Not Applicable,Not Applicable,746,Not Applicable,0,,
2024-07-13 02:14:00,CNR5064272910,Success,CID545558,Prime SUV,BTM Layout,Chickpet,245.0,135.0,Not Applicable,Not Applicable,No,Not Applicable,2966,Cash,20,3.1,3.3
2024-07-04 23:46:00,CNR1620188175,Canceled by Customer,CID604188,Auto,Rajarajeshwari Nagar,Hosur Road,,,Driver asked to cancel,Not Applicable,Not Applicable,Not Applicable,1111,Not Applicable,0,,
2024-07-28 04:58:00,CNR1335368727,Driver Not Found,CID191923,Mini,Chickpet,Sarjapur Road,,,Not Applicable,Not Applicable,Not Applicable,Not Applicable,305,Not Applicable,0,,
2024-07-14 13:19:00,CNR7822323974,Success,CID662195,Prime SUV,Indiranagar,Hennur,35.0,75.0,Not Applicable,Not Applicable,No,Not Applicable,411,UPI,12,4.3,3.7
2024-07-06 08:47:00,CNR7462611956,Canceled by Driver,CID265334,Prime SUV,Magadi Road,Tumkur Road,,,Not Applicable,Customer was coughing/sick,Not Applicable,Not Applicable,232,Not Applicable,0,,
2024-07-08 20:26:00,CNR8998274054,Success,CID133333,Prime Plus,Yelahanka,Electronic City,35.0,60.0,Not Applicable,Not Applicable,No,Not Applicable,392,UPI,27,3.8,4.8
2024-07-22 14:14:00,CNR9366619128,Canceled by Customer,CID231664,Prime SUV,Marathahalli,Bellandur,,,Change of plans,Not Applicable,Not Applicable,Not Applicable,761,Not Applicable,0,,
2024-07-13 02:42:00,CNR6787098669,Success,CID886375,Auto,Majestic,Chamarajpet,105.0,90.0,Not Applicable,Not Applicable,No,Not Applicable,320,Cash,1,4.5,4.4
2024-07-19 08:12:00,CNR5661283679,Success,CID248233,Bike,Banashankari,Tumkur Road,175.0,90.0,Not Applicable,Not Applicable,No,Not Applicable,189,UPI,11,4.7,4.0
2024-07-22 06:02:00,CNR6848584488,Canceled by Customer,CID332733,Prime Sedan,BTM Layout,RT Nagar,,,Driver is not moving towards pickup location,Not Applicable,Not Applicable,Not Applicable,522,Not Applicable,0,,
2024-07-20 02:08:00,CNR8588595154,Canceled by Customer,CID526793,Prime Sedan,Chickpet,Peenya,,,Driver asked to cancel,Not Applicable,Not Applicable,Not Applicable,1085,Not Applicable,0,,
2024-07-22 21:39:00,CNR7898275816,Driver Not Found,CID815160,Bike,Malleshwaram,Magadi Road,,,Not Applicable,Not Applicable,Not Applicable,Not Applicable,406,Not Applicable,0,,
2024-07-11 01:43:00,CNR5109589804,Success,CID898885,eBike,Ulsoor,Devanahalli,126.0,70.0,Not Applicable,Not Applicable,No,Not Applicable,187,Credit Card,30,4.8,4.4
2024-07-06 22:56:00,CNR2430763035,Success,CID167894,eBike,Vijayanagar,Mysore Road,98.0,75.0,Not Applicable,Not Applicable,No,Not Applicable,312,Cash,44,3.6,4.4
2024-07-06 16:25:00,CNR3930713886,Success,CID572860,Prime SUV,Shivajinagar,Varthur,224.0,140.0,Not Applicable,Not Applicable,No,Not Applicable,151,Cash,7,4.3,3.5
2024-07-13 05:44:00,CNR4878879280,Success,CID303463,Mini,Malleshwaram,Banashankari,35.0,50.0,Not Applicable,Not Applicable,No,Not Applicable,302,UPI,20,3.2,4.1
2024-07-10 20:26:00,CNR3856571498,Canceled by Customer,CID381470,Prime SUV,Sarjapur Road,Mysore Road,,,Change of plans,Not Applicable,Not Applicable,Not Applicable,2912,Not Applicable,0,,
2024-07-08 19:13:00,CNR1802819701,Success,CID596759,Auto,Devanahalli,KR Puram,308.0,125.0,Not Applicable,Not Applicable,No,Not Applicable,455,Credit Card,5,4.9,4.0
2024-07-22 04:37:00,CNR8376296048,Canceled by Customer,CID752428,Prime Sedan,Magadi Road,Kengeri,,,AC is Not working,Not Applicable,Not Applicable,Not Applicable,347,Not Applicable,0,,
2024-07-29 20:44:00,CNR9037935929,Success,CID842608,eBike,Shantinagar,Vijayanagar,98.0,50.0,Not Applicable,Not Applicable,No,Not Applicable,833,Credit Card,48,3.3,4.7
2024-07-06 04:10:00,CNR5146220503,Canceled by Driver,CID142996,Prime SUV,Majestic,Magadi Road,,,Not Applicable,More than permitted people in there,Not Applicable,Not Applicable,2350,Not Applicable,0,,
2024-07-08 11:23:00,CNR8245049261,Success,CID169554,Prime Sedan,Nagarbhavi,Padmanabhanagar,126.0,95.0,Not Applicable,Not Applicable,No,Not Applicable,723,UPI,30,4.0,4.2
2024-07-18 18:53:00,CNR2005513645,Success,CID467620,Bike,Ulsoor,Indiranagar,77.0,65.0,Not Applicable,Not Applicable,No,Not Applicable,397,UPI,1,4.2,3.2
2024-07-07 18:57:00,CNR6385736824,Canceled by Driver,CID329174,Auto,Richmond Town,Shantinagar,,,Not Applicable,Personal & Car related issue,Not Applicable,Not Applicable,2439,Not Applicable,0,,
2024-07-20 04:45:00,CNR3539581444,Success,CID550920,Bike,Peenya,Whitefield,189.0,50.0,Not Applicable,Not Applicable,No,Not Applicable,861,UPI,45,4.6,3.3
2024-07-04 04:12:00,CNR6279843531,Success,CID327047,Bike,Hulimavu,HSR Layout,224.0,45.0,Not Applicable,Not Applicable,No,Not Applicable,242,UPI,20,3.4,4.0
2024-07-05 04:13:00,CNR7160885489,Driver Not Found,CID749361,Prime SUV,Malleshwaram,HSR Layout,,,Not Applicable,Not Applicable,Not Applicable,Not Applicable,386,Not Applicable,0,,
2024-07-22 11:58:00,CNR7497977201,Success,CID829373,Auto,RT Nagar,Langford Town,266.0,145.0,Not Applicable,Not Applicable,No,Not Applicable,306,UPI,3,3.8,4.5
2024-07-20 23:43:00,CNR6133463971,Success,CID175594,eBike,Sarjapur Road,Frazer Town,266.0,50.0,Not Applicable,Not Applicable,No,Not Applicable,186,Cash,30,4.1,3.7
2024-07-22 22:21:00,CNR6587288658,Driver Not Found,CID351760,eBike,Yelahanka,Yeshwanthpur,,,Not Applicable,Not Applicable,Not Applicable,Not Applicable,1105,Not Applicable,0,,
2024-07-24 17:23:00,CNR6149881340,Driver Not Found,CID412133,Prime Plus,Jayanagar,Kengeri,,,Not Applicable,Not Applicable,Not Applicable,Not Applicable,462,Not Applicable,0,,
2024-07-11 23:13:00,CNR5549081377,Canceled by Driver,CID962163,Prime Sedan,Rajajinagar,Peenya,,,Not Applicable,More than permitted people in there,Not Applicable,Not Applicable,227,Not Applicable,0,,
2024-07-03 14:54:00,CNR1597250445,Success,CID666600,Prime Sedan,RT Nagar,Varthur,112.0,140.0,Not Applicable,Not Applicable,No,Not Applicable,287,Cash,4,4.3,3.5
2024-07-16 08:11:00,CNR9223285794,Success,CID654732,eBike,Hebbal,RT Nagar,217.0,65.0,Not Applicable,Not Applicable,No,Not Applicable,324,UPI,39,4.9,4.5
2024-07-29 19:37:00,CNR6684613338,Success,CID720357,Mini,Ulsoor,Tumkur Road,56.0,25.0,Not Applicable,Not Applicable,No,Not Applicable,156,Cash,25,3.9,4.9
2024-07-27 02:24:00,CNR6581843656,Success,CID352077,eBike,Hebbal,Majestic,70.0,85.0,Not Applicable,Not Applicable,No,Not Applicable,2987,Cash,43,4.0,4.1
2024-07-19 00:50:00,CNR7474314284,Success,CID908523,Bike,Yeshwanthpur,Peenya,294.0,55.0,Not Applicable,Not Applicable,No,Not Applicable,360,Cash,49,4.9,4.5
2024-07-11 07:58:00,CNR1826410721,Success,CID928929,Prime SUV,RT Nagar,Hulimavu,245.0,70.0,Not Applicable,Not Applicable,No,Not Applicable,2601,Credit Card,9,3.2,4.6
2024-07-30 03:42:00,CNR4460656930,Canceled by Driver,CID978121,Prime Plus,Hebbal,Mysore Road,,,Not Applicable,Personal & Car related issue,Not Applicable,Not Applicable,143,Not Applicable,0,,
2024-07-23 10:00:00,CNR4770793765,Success,CID351314,Mini,Nagarbhavi,Majestic,231.0,65.0,Not Applicable,Not Applicable,No,Not Applicable,143,Debit Card,4,3.8,3.2
2024-07-18 08:36:00,CNR8146315429,Canceled by Customer,CID984117,Prime SUV,Hennur,Hosur Road,,,Change of plans,Not Applicable,Not Applicable,Not Applicable,119,Not Applicable,0,,
2024-07-30 14:58:00,CNR2637465977,Success,CID131343,eBike,Hosur Road,Magadi Road,77.0,100.0,Not Applicable,Not Applicable,No,Not Applicable,1796,Cash,40,4.7,4.1
2024-07-01 07:34:00,CNR1815198190,Driver Not Found,CID222423,Prime Plus,Ramamurthy Nagar,Shantinagar,,,Not Applicable,Not Applicable,Not Applicable,Not Applicable,410,Not Applicable,0,,
2024-07-28 17:45:00,CNR1869239942,Success,CID449933,Bike,Chamarajpet,Shantinagar,252.0,145.0,Not Applicable,Not Applicable,No,Not Applicable,1251,UPI,14,4.8,3.9
2024-07-29 19:35:00,CNR8620083757,Success,CID574669,Mini,Kadugodi,Chickpet,224.0,115.0,Not Applicable,Not Applicable,No,Not Applicable,324,UPI,28,4.2,4.0
2024-07-18 08:23:00,CNR1364975804,Success,CID682358,Prime SUV,Koramangala,Electronic City,196.0,70.0,Not Applicable,Not Applicable,No,Not Applicable,207,UPI,39,3.0,4.3
2024-07-01 08:15:00,CNR5968328473,Driver Not Found,CID486646,eBike,HSR Layout,Koramangala,,,Not Applicable,Not Applicable,Not Applicable,Not Applicable,311,Not Applicable,0,,
2024-07-23 09:55:00,CNR7433161504,Success,CID859501,Prime SUV,MG Road,Sahakar Nagar,245.0,50.0,Not Applicable,Not Applicable,Yes,Customer Demand,198,Cash,17,3.3,4.9
2024-07-18 00:34:00,CNR5933094375,Success,CID242882,Prime Sedan,Kengeri,Kadugodi,203.0,70.0,Not Applicable,Not Applicable,No,Not Applicable,234,Cash,45,3.8,4.5
2024-07-03 00:53:00,CNR3953455847,Canceled by Driver,CID885674,Mini,Langford Town,Cox Town,,,Not Applicable,More than permitted people in there,Not Applicable,Not Applicable,271,Not Applicable,0,,
2024-07-25 20:48:00,CNR1732639067,Success,CID652795,Bike,Hulimavu,Jayanagar,77.0,120.0,Not Applicable,Not Applicable,No,Not Applicable,199,UPI,40,4.1,4.1
2024-07-19 07:28:00,CNR2471742903,Driver Not Found,CID139458,Prime SUV,Shantinagar,Hebbal,,,Not Applicable,Not Applicable,Not Applicable,Not Applicable,2676,Not Applicable,0,,
2024-07-13 15:59:00,CNR7296176712,Success,CID171143,eBike,Vijayanagar,Cox Town,287.0,65.0,Not Applicable,Not Applicable,No,Not Applicable,1137,Cash,19,4.4,3.9
2024-07-05 00:56:00,CNR7993799498,Success,CID914946,Prime Sedan,Banashankari,BTM Layout,119.0,45.0,Not Applicable,Not Applicable,No,Not Applicable,888,Cash,22,4.4,4.9
2024-07-29 21:54:00,CNR2952704859,Canceled by Driver,CID924070,eBike,Tumkur Road,Hulimavu,,,Not Applicable,More than permitted people in there,Not Applicable,Not Applicable,303,Not Applicable,0,,
2024-07-13 08:24:00,CNR7422003092,Canceled by Customer,CID833227,eBike,Sarjapur Road,MG Road,,,AC is Not working,Not Applicable,Not Applicable,Not Applicable,160,Not Applicable,0,,
2024-07-04 16:07:00,CNR3603994025,Driver Not Found,CID119480,Prime SUV,Peenya,Rajajinagar,,,Not Applicable,Not Applicable,Not Applicable,Not Applicable,123,Not Applicable,0,,
2024-07-12 23:30:00,CNR9717923815,Success,CID639495,Bike,Basavanagudi,JP Nagar,252.0,40.0,Not Applicable,Not Applicable,No,Not Applicable,388,Cash,10,4.0,4.5
2024-07-14 07:10:00,CNR4857462007,Success,CID528937,Bike,Nagarbhavi,Koramangala,140.0,80.0,Not Applicable,Not Applicable,No,Not Applicable,380,UPI,6,4.6,4.5
2024-07-25 18:24:00,CNR1850167848,Canceled by Driver,CID716090,Bike,Kammanahalli,Cox Town,,,Not Applicable,Personal & Car related issue,Not Applicable,Not Applicable,298,Not Applicable,0,,
2024-07-13 14:22:00,CNR1235083637,Driver Not Found,CID542964,Prime Sedan,Kadugodi,Peenya,,,Not Applicable,Not Applicable,Not Applicable,Not Applicable,373,Not Applicable,0,,
2024-07-15 16:18:00,CNR6707339661,Canceled by Driver,CID807866,Bike,Bannerghatta Road,Varthur,,,Not Applicable,Customer related issue,Not Applicable,Not Applicable,347,Not Applicable,0,,
2024-07-23 08:46:00,CNR7394289400,Canceled by Driver,CID514573,Auto,MG Road,Yeshwanthpur,,,Not Applicable,Personal & Car related issue,Not Applicable,Not Applicable,157,Not Applicable,0,,
2024-07-27 02:42:00,CNR4194881920,Canceled by Customer,CID874943,Prime Plus,Cox Town,Kammanahalli,,,Change of plans,Not Applicable,Not Applicable,Not Applicable,389,Not Applicable,0,,
2024-07-15 10:24:00,CNR2524190349,Success,CID438275,eBike,JP Nagar,KR Puram,77.0,110.0,Not Applicable,Not Applicable,No,Not Applicable,198,UPI,33,3.6,3.5
2024-07-22 12:38:00,CNR8294872523,Success,CID625569,Prime SUV,Marathahalli,Bannerghatta Road,196.0,120.0,Not Applicable,Not Applicable,Yes,Customer Demand,140,UPI,11,3.0,4.2
2024-07-06 10:12:00,CNR6163249689,Success,CID615667,Prime Plus,Hennur,Varthur,175.0,40.0,Not Applicable,Not Applicable,No,Not Applicable,182,UPI,37,3.4,4.9
2024-07-15 01:07:00,CNR5928817478,Success,CID282122,Mini,Malleshwaram,Sarjapur Road,70.0,45.0,Not Applicable,Not Applicable,No,Not Applicable,2626,UPI,7,3.9,3.4
2024-07-02 14:50:00,CNR6645245896,Success,CID705328,Prime SUV,Kadugodi,Shivajinagar,77.0,140.0,Not Applicable,Not Applicable,No,Not Applicable,1706,Cash,19,4.2,3.3
2024-07-09 01:49:00,CNR8008559819,Success,CID721001,Prime Plus,Electronic City,Bellandur,182.0,75.0,Not Applicable,Not Applicable,No,Not Applicable,411,Cash,34,4.1,3.0
2024-07-13 08:09:00,CNR1421858269,Canceled by Driver,CID594522,Auto,HSR Layout,Tumkur Road,,,Not Applicable,Personal & Car related issue,Not Applicable,Not Applicable,1082,Not Applicable,0,,
2024-07-29 14:45:00,CNR1321116224,Success,CID412785,Auto,Langford Town,Shantinagar,245.0,55.0,Not Applicable,Not Applicable,No,Not Applicable,778,Cash,18,4.1,4.5
2024-07-23 20:55:00,CNR8480265172,Driver Not Found,CID195816,Mini,Kadugodi,Varthur,,,Not Applicable,Not Applicable,Not Applicable,Not Applicable,938,Not Applicable,0,,
2024-07-14 20:18:00,CNR6108877481,Success,CID645176,Prime SUV,Jayanagar,Koramangala,203.0,120.0,Not Applicable,Not Applicable,No,Not Applicable,402,Cash,27,3.7,3.6
2024-07-01 15:19:00,CNR9475158779,Canceled by Driver,CID782231,Auto,Majestic,Tumkur Road,,,Not Applicable,Personal & Car related issue,Not Applicable,Not Applicable,507,Not Applicable,0,,
2024-07-01 09:43:00,CNR4920413912,Success,CID381743,Auto,Koramangala,Yeshwanthpur,112.0,90.0,Not Applicable,Not Applicable,No,Not Applicable,366,UPI,18,4.6,4.6
2024-07-28 13:28:00,CNR5565745675,Canceled by Driver,CID896575,Bike,MG Road,Devanahalli,,,Not Applicable,More than permitted people in there,Not Applicable,Not Applicable,1705,Not Applicable,0,,
2024-07-01 15:03:00,CNR3606246200,Success,CID777823,Prime SUV,HSR Layout,Sarjapur Road,294.0,135.0,Not Applicable,Not Applicable,No,Not Applicable,738,Debit Card,45,3.5,4.7
2024-07-27 20:35:00,CNR7406430967,Driver Not Found,CID348733,Auto,Ulsoor,Langford Town,,,Not Applicable,Not Applicable,Not Applicable,Not Applicable,226,Not Applicable,0,,
2024-07-22 18:46:00,CNR8253697318,Driver Not Found,CID540045,Prime Plus,Shantinagar,Koramangala,,,Not Applicable,Not Applicable,Not Applicable,Not Applicable,591,Not Applicable,0,,
2024-07-23 06:42:00,CNR7010347565,Success,CID248870,Prime SUV,Sahakar Nagar,Rajarajeshwari Nagar,252.0,95.0,Not Applicable,Not Applicable,No,Not Applicable,441,UPI,11,4.0,3.9
2024-07-19 10:54:00,CNR4596211106,Success,CID634804,Prime Sedan,Electronic City,Rajarajeshwari Nagar,70.0,140.0,Not Applicable,Not Applicable,No,Not Applicable,476,UPI,13,3.8,3.0
2024-07-30 20:42:00,CNR5312018529,Success,CID892605,Auto,Peenya,Hulimavu,259.0,40.0,Not Applicable,Not Applicable,No,Not Applicable,379,UPI,3,4.0,3.9
2024-07-23 20:21:00,CNR1156489964,Driver Not Found,CID270307,Prime SUV,Electronic City,Chickpet,,,Not Applicable,Not Applicable,Not Applicable,Not Applicable,1449,Not Applicable,0,,
2024-07-22 02:58:00,CNR5841186765,Driver Not Found,CID776175,Prime Sedan,HSR Layout,Hebbal,,,Not Applicable,Not Applicable,Not Applicable,Not Applicable,346,Not Applicable,0,,
2024-07-04 19:44:00,CNR9570168306,Success,CID688214,Prime SUV,Sahakar Nagar,Magadi Road,168.0,130.0,Not Applicable,Not Applicable,No,Not Applicable,834,Cash,6,3.6,4.4
2024-07-01 14:50:00,CNR8639907244,Success,CID251483,Prime Plus,RT Nagar,Koramangala,126.0,40.0,Not Applicable,Not Applicable,No,Not Applicable,770,Credit Card,30,4.1,3.0
2024-07-23 05:10:00,CNR9369481210,Canceled by Driver,CID139206,Bike,JP Nagar,Koramangala,,,Not Applicable,Personal & Car related issue,Not Applicable,Not Applicable,311,Not Applicable,0,,
2024-07-28 17:53:00,CNR3178707305,Driver Not Found,CID482814,eBike,Yeshwanthpur,Mysore Road,,,Not Applicable,Not Applicable,Not Applicable,Not Applicable,351,Not Applicable,0,,
2024-07-11 14:58:00,CNR1320649559,Canceled by Customer,CID452706,eBike,Banashankari,Rajarajeshwari Nagar,,,Driver is not moving towards pickup location,Not Applicable,Not Applicable,Not Applicable,664,Not Applicable,0,,
2024-07-03 10:06:00,CNR1366211048,Success,CID814682,Prime SUV,Richmond Town,Koramangala,308.0,70.0,Not Applicable,Not Applicable,No,Not Applicable,896,Cash,9,4.5,3.3
2024-07-16 23:13:00,CNR4010701178,Driver Not Found,CID183062,Prime Plus,Yeshwanthpur,Bannerghatta Road,,,Not Applicable,Not Applicable,Not Applicable,Not Applicable,974,Not Applicable,0,,
2024-07-12 19:46:00,CNR6601574837,Canceled by Driver,CID620757,Prime Plus,Peenya,Ramamurthy Nagar,,,Not Applicable,Customer related issue,Not Applicable,Not Applicable,746,Not Applicable,0,,
2024-07-10 13:49:00,CNR2850688665,Success,CID105416,Auto,Basavanagudi,Hebbal,266.0,55.0,Not Applicable,Not Applicable,No,Not Applicable,188,Cash,12,4.1,4.5
2024-07-13 20:37:00,CNR2278221977,Success,CID301294,Prime Plus,Shivajinagar,Koramangala,189.0,60.0,Not Applicable,Not Applicable,No,Not Applicable,160,Cash,2,4.6,3.3
2024-07-03 06:56:00,CNR2748156914,Success,CID404854,Mini,Frazer Town,Kengeri,224.0,145.0,Not Applicable,Not Applicable,No,Not Applicable,2775,Cash,39,4.4,4.0
2024-07-12 03:47:00,CNR7647828014,Success,CID712651,Prime Plus,Sarjapur Road,Koramangala,119.0,120.0,Not Applicable,Not Applicable,No,Not Applicable,989,UPI,1,4.7,4.5
2024-07-07 20:39:00,CNR6655620213,Success,CID827183,Auto,Tumkur Road,Yeshwanthpur,112.0,55.0,Not Applicable,Not Applicable,No,Not Applicable,921,UPI,3,3.3,3.2
2024-07-14 08:32:00,CNR8980622215,Canceled by Customer,CID155812,Mini,Koramangala,Indiranagar,,,Driver is not moving towards pickup location,Not Applicable,Not Applicable,Not Applicable,116,Not Applicable,0,,
2024-07-11 23:26:00,CNR6443417225,Success,CID391119,Prime Sedan,Vijayanagar,Hulimavu,112.0,130.0,Not Applicable,Not Applicable,No,Not Applicable,2011,UPI,10,4.7,4.6
2024-07-17 15:17:00,CNR8856566122,Success,CID818225,Mini,Malleshwaram,Electronic City,294.0,110.0,Not Applicable,Not Applicable,No,Not Applicable,438,Cash,15,4.8,3.4
2024-07-26 22:58:00,CNR1055670344,Driver Not Found,CID287422,Bike,Ramamurthy Nagar,Majestic,,,Not Applicable,Not Applicable,Not Applicable,Not Applicable,977,Not Applicable,0,,
2024-07-26 07:59:00,CNR4223755391,Canceled by Customer,CID672238,Prime Plus,Richmond Town,Marathahalli,,,Driver is not moving towards pickup location,Not Applicable,Not Applicable,Not Applicable,936,Not Applicable,0,,
2024-07-17 00:24:00,CNR3256576324,Success,CID498169,Prime Plus,Electronic City,Majestic,119.0,45.0,Not Applicable,Not Applicable,No,Not Applicable,2733,Credit Card,9,4.9,4.2
2024-07-16 13:06:00,CNR7049655540,Success,CID355790,Auto,Varthur,Bannerghatta Road,140.0,130.0,Not Applicable,Not Applicable,No,Not Applicable,358,Cash,12,3.9,4.4
2024-07-25 14:27:00,CNR2780264955,Canceled by Driver,CID502562,Prime SUV,Magadi Road,Majestic,,,Not Applicable,Customer related issue,Not Applicable,Not Applicable,447,Not Applicable,0,,
2024-07-24 10:06:00,CNR1795510069,Success,CID302884,Prime SUV,Devanahalli,Koramangala,294.0,135.0,Not Applicable,Not Applicable,No,Not Applicable,494,Cash,34,3.8,3.3
2024-07-12 11:41:00,CNR4035079523,Canceled by Driver,CID994650,Prime Plus,Whitefield,Hennur,,,Not Applicable,Customer was coughing/sick,Not Applicable,Not Applicable,403,Not Applicable,0,,
2024-07-29 22:12:00,CNR9271869102,Canceled by Customer,CID270963,Auto,Bellandur,Vijayanagar,,,Wrong Address,Not Applicable,Not Applicable,Not Applicable,717,Not Applicable,0,,
2024-07-19 15:37:00,CNR7413122960,Success,CID930896,Auto,RT Nagar,Tumkur Road,308.0,45.0,Not Applicable,Not Applicable,No,Not Applicable,699,Cash,10,3.4,4.4
2024-07-07 02:09:00,CNR1881452107,Success,CID985421,Bike,KR Puram,Hebbal,175.0,125.0,Not Applicable,Not Applicable,Yes,Other Issue,235,Credit Card,44,3.6,4.7
2024-07-15 08:01:00,CNR4787876816,Driver Not Found,CID609728,Prime Plus,Indiranagar,JP Nagar,,,Not Applicable,Not Applicable,Not Applicable,Not Applicable,164,Not Applicable,0,,
2024-07-19 12:12:00,CNR1178023282,Success,CID389377,Prime Sedan,Basavanagudi,Langford Town,98.0,85.0,Not Applicable,Not Applicable,Yes,Vehicle Breakdown,221,Cash,38,3.5,3.8
2024-07-02 08:54:00,CNR3733779305,Success,CID599600,Bike,Langford Town,Tumkur Road,84.0,120.0,Not Applicable,Not Applicable,No,Not Applicable,453,Credit Card,23,3.4,4.2
2024-07-16 03:39:00,CNR8821247350,Success,CID555163,Prime Plus,Richmond Town,Hebbal,91.0,60.0,Not Applicable,Not Applicable,No,Not Applicable,117,Cash,43,3.0,3.4
2024-07-03 13:40:00,CNR6993725980,Canceled by Customer,CID589375,Prime SUV,Langford Town,Jayanagar,,,Change of plans,Not Applicable,Not Applicable,Not Applicable,872,Not Applicable,0,,
2024-07-25 12:57:00,CNR8488449232,Canceled by Customer,CID177046,Prime SUV,Cox Town,Chickpet,,,Change of plans,Not Applicable,Not Applicable,Not Applicable,420,Not Applicable,0,,
2024-07-02 22:26:00,CNR5880062994,Driver Not Found,CID785040,eBike,Bellandur,Frazer Town,,,Not Applicable,Not Applicable,Not Applicable,Not Applicable,420,Not Applicable,0,,
2024-07-27 19:14:00,CNR4562586571,Success,CID191079,Auto,Rajarajeshwari Nagar,Frazer Town,56.0,25.0,Not Applicable,Not Applicable,No,Not Applicable,256,Cash,4,4.7,3.2
2024-07-19 16:51:00,CNR3754915610,Driver Not Found,CID647864,eBike,JP Nagar,Mysore Road,,,Not Applicable,Not Applicable,Not Applicable,Not Applicable,437,Not Applicable,0,,
2024-07-12 02:33:00,CNR9357392279,Success,CID518704,Prime Sedan,Rajajinagar,RT Nagar,273.0,25.0,Not Applicable,Not Applicable,No,Not Applicable,234,UPI,10,4.0,4.6
2024-07-10 19:32:00,CNR6760224354,Success,CID916336,Prime SUV,JP Nagar,Hennur,126.0,135.0,Not Applicable,Not Applicable,No,Not Applicable,313,Cash,30,4.0,3.7
2024-07-26 10:22:00,CNR9619254721,Success,CID407605,Prime Plus,BTM Layout,Langford Town,308.0,70.0,Not Applicable,Not Applicable,No,Not Applicable,333,UPI,1,4.1,3.7
2024-07-16 11:45:00,CNR6006177960,Success,CID424961,Prime Plus,Mysore Road,Kengeri,245.0,40.0,Not Applicable,Not Applicable,No,Not Applicable,342,UPI,36,4.6,3.3
2024-07-09 16:41:00,CNR3716490689,Success,CID633433,eBike,Jayanagar,Koramangala,301.0,105.0,Not Applicable,Not Applicable,Yes,Vehicle Breakdown,281,Cash,30,4.0,4.7
2024-07-16 10:40:00,CNR9532075899,Success,CID587466,Mini,Bannerghatta Road,Magadi Road,210.0,30.0,Not Applicable,Not Applicable,No,Not Applicable,648,UPI,8,3.8,3.6
2024-07-21 19:15:00,CNR8991638162,Success,CID683119,Auto,Devanahalli,Magadi Road,56.0,80.0,Not Applicable,Not Applicable,No,Not Applicable,106,Cash,8,5.0,4.2
2024-07-13 09:44:00,CNR9101110887,Success,CID881026,Bike,Langford Town,Padmanabhanagar,154.0,40.0,Not Applicable,Not Applicable,Yes,Customer Demand,254,Cash,19,3.0,3.7
2024-07-12 23:49:00,CNR7648436434,Success,CID619305,Auto,Frazer Town,Langford Town,252.0,55.0,Not Applicable,Not Applicable,No,Not Applicable,173,Cash,4,3.2,3.8
2024-07-28 18:31:00,CNR4132711493,Success,CID712190,Mini,Richmond Town,Yeshwanthpur,42.0,105.0,Not Applicable,Not Applicable,No,Not Applicable,338,Cash,1,4.4,3.8
2024-07-02 14:41:00,CNR9911446609,Success,CID845485,Prime Sedan,Bannerghatta Road,RT Nagar,98.0,105.0,Not Applicable,Not Applicable,Yes,Vehicle Breakdown,892,Cash,9,3.8,3.6
2024-07-02 13:04:00,CNR6749967613,Success,CID834452,eBike,Hulimavu,Malleshwaram,294.0,120.0,Not Applicable,Not Applicable,No,Not Applicable,750,UPI,33,4.6,3.8
2024-07-14 19:47:00,CNR2803801283,Driver Not Found,CID876404,Prime Sedan,Langford Town,Kadugodi,,,Not Applicable,Not Applicable,Not Applicable,Not Applicable,238,Not Applicable,0,,
2024-07-06 01:33:00,CNR9379333560,Success,CID974578,Prime SUV,Indiranagar,Sahakar Nagar,42.0,90.0,Not Applicable,Not Applicable,No,Not Applicable,109,UPI,29,3.4,4.4
2024-07-10 00:32:00,CNR7170888384,Success,CID572916,eBike,Hebbal,Padmanabhanagar,273.0,110.0,Not Applicable,Not Applicable,No,Not Applicable,179,UPI,19,4.4,4.7
2024-07-16 20:35:00,CNR3874284125,Success,CID803141,Auto,Koramangala,Basavanagudi,168.0,90.0,Not Applicable,Not Applicable,No,Not Applicable,637,Cash,1,4.0,4.9
2024-07-05 23:13:00,CNR3455942159,Success,CID967152,Prime Plus,Cox Town,BTM Layout,140.0,125.0,Not Applicable,Not Applicable,No,Not Applicable,443,Cash,31,3.6,4.5
2024-07-29 08:35:00,CNR1012885266,Driver Not Found,CID103209,Prime Sedan,Koramangala,Kammanahalli,,,Not Applicable,Not Applicable,Not Applicable,Not Applicable,114,Not Applicable,0,,
2024-07-30 01:36:00,CNR9152710570,Success,CID948179,Prime SUV,Kadugodi,Ulsoor,91.0,145.0,Not Applicable,Not Applicable,No,Not Applicable,1648,Credit Card,20,4.3,3.9
2024-07-12 03:04:00,CNR1394794044,Success,CID763636,Prime SUV,Magadi Road,Marathahalli,84.0,120.0,Not Applicable,Not Applicable,No,Not Applicable,321,Cash,3,3.3,4.1
2024-07-07 19:37:00,CNR5814857215,Driver Not Found,CID241744,Prime Plus,Malleshwaram,Padmanabhanagar,,,Not Applicable,Not Applicable,Not Applicable,Not Applicable,1989,Not Applicable,0,,
2024-07-30 09:35:00,CNR6740926091,Success,CID170658,Bike,Electronic City,Vijayanagar,287.0,80.0,Not Applicable,Not Applicable,No,Not Applicable,457,Cash,31,3.5,4.2
2024-07-01 13:39:00,CNR3075105366,Canceled by Driver,CID300956,Auto,Rajajinagar,Malleshwaram,,,Not Applicable,More than permitted people in there,Not Applicable,Not Applicable,562,Not Applicable,0,,
2024-07-17 01:01:00,CNR7692464463,Success,CID235289,Bike,Chamarajpet,Shivajinagar,301.0,55.0,Not Applicable,Not Applicable,No,Not Applicable,360,UPI,17,4.3,4.0
2024-07-03 06:05:00,CNR4329466001,Success,CID914913,Prime Plus,Shivajinagar,Rajarajeshwari Nagar,238.0,115.0,Not Applicable,Not Applicable,No,Not Applicable,426,Cash,23,4.6,3.7
2024-07-08 12:27:00,CNR8455688998,Driver Not Found,CID998059,Prime SUV,Sahakar Nagar,Langford Town,,,Not Applicable,Not Applicable,Not Applicable,Not Applicable,333,Not Applicable,0,,
2024-07-10 18:58:00,CNR3892424814,Canceled by Driver,CID151013,Bike,RT Nagar,Varthur,,,Not Applicable,More than permitted people in there,Not Applicable,Not Applicable,1119,Not Applicable,0,,
2024-07-11 11:25:00,CNR8447655665,Driver Not Found,CID880505,Prime Plus,Vijayanagar,Kengeri,,,Not Applicable,Not Applicable,Not Applicable,Not Applicable,795,Not Applicable,0,,
2024-07-07 17:13:00,CNR1609437990,Success,CID115927,eBike,Shantinagar,Ramamurthy Nagar,91.0,130.0,Not Applicable,Not Applicable,No,Not Applicable,353,UPI,18,3.9,3.6
2024-07-23 17:37:00,CNR4132965530,Success,CID699759,Prime SUV,Kammanahalli,Langford Town,126.0,100.0,Not Applicable,Not Applicable,No,Not Applicable,1077,UPI,1,4.1,3.1
2024-07-26 18:06:00,CNR9172732363,Success,CID201714,eBike,Basavanagudi,Hulimavu,49.0,50.0,Not Applicable,Not Applicable,No,Not Applicable,178,Cash,40,3.7,3.9
2024-07-23 15:27:00,CNR7941287321,Canceled by Driver,CID605152,eBike,Mysore Road,Cox Town,,,Not Applicable,Personal & Car related issue,Not Applicable,Not Applicable,331,Not Applicable,0,,
2024-07-28 23:38:00,CNR1726948265,Success,CID318081,Prime SUV,RT Nagar,KR Puram,126.0,85.0,Not Applicable,Not Applicable,No,Not Applicable,335,UPI,7,4.9,3.5
2024-07-27 14:51:00,CNR8716532117,Success,CID384397,Prime SUV,Rajarajeshwari Nagar,Frazer Town,119.0,85.0,Not Applicable,Not Applicable,No,Not Applicable,394,Cash,39,4.8,3.4
2024-07-17 11:35:00,CNR8848208609,Canceled by Driver,CID998567,Prime Sedan,Varthur,Richmond Town,,,Not Applicable,Personal & Car related issue,Not Applicable,Not Applicable,161,Not Applicable,0,,
2024-07-07 09:19:00,CNR2235384573,Success,CID825899,Prime Plus,Chickpet,Mysore Road,259.0,55.0,Not Applicable,Not Applicable,No,Not Applicable,336,UPI,23,4.7,3.1
2024-07-14 02:00:00,CNR5699558785,Success,CID651098,Prime Sedan,Marathahalli,BTM Layout,196.0,140.0,Not Applicable,Not Applicable,No,Not Applicable,163,Credit Card,26,3.1,3.0
2024-07-21 11:39:00,CNR8898903471,Driver Not Found,CID265220,Mini,Mysore Road,Magadi Road,,,Not Applicable,Not Applicable,Not Applicable,Not Applicable,1732,Not Applicable,0,,
2024-07-25 03:26:00,CNR7377159599,Success,CID549863,Prime SUV,Sarjapur Road,Whitefield,217.0,70.0,Not Applicable,Not Applicable,No,Not Applicable,2840,UPI,37,3.2,3.8
2024-07-15 19:33:00,CNR6009518138,Success,CID137275,Prime SUV,Langford Town,HSR Layout,259.0,145.0,Not Applicable,Not Applicable,No,Not Applicable,509,UPI,1,4.7,4.1
2024-07-22 14:31:00,CNR8865769607,Success,CID640450,Auto,Yeshwanthpur,Chickpet,154.0,45.0,Not Applicable,Not Applicable,No,Not Applicable,507,Cash,16,3.6,4.7
2024-07-11 06:46:00,CNR7592677953,Canceled by Driver,CID301508,eBike,JP Nagar,RT Nagar,,,Not Applicable,Customer related issue,Not Applicable,Not Applicable,139,Not Applicable,0,,
2024-07-17 11:14:00,CNR5486667055,Canceled by Driver,CID225031,Auto,Peenya,Bannerghatta Road,,,Not Applicable,Customer related issue,Not Applicable,Not Applicable,115,Not Applicable,0,,
2024-07-20 01:16:00,CNR1840126093,Success,CID417420,Auto,Frazer Town,Vijayanagar,168.0,95.0,Not Applicable,Not Applicable,No,Not Applicable,385,UPI,14,3.1,3.4
2024-07-03 03:19:00,CNR4587390001,Driver Not Found,CID882336,Prime Plus,Jayanagar,KR Puram,,,Not Applicable,Not Applicable,Not Applicable,Not Applicable,282,Not Applicable,0,,
2024-07-17 10:52:00,CNR8789223985,Driver Not Found,CID114085,Prime SUV,Rajajinagar,Kammanahalli,,,Not Applicable,Not Applicable,Not Applicable,Not Applicable,255,Not Applicable,0,,
2024-07-28 10:53:00,CNR9427056397,Success,CID150473,Prime Sedan,Kadugodi,Peenya,266.0,90.0,Not Applicable,Not Applicable,No,Not Applicable,239,Cash,42,4.6,4.0
2024-07-15 06:41:00,CNR6150894903,Canceled by Customer,CID103858,Mini,Chamarajpet,Vijayanagar,,,Change of plans,Not Applicable,Not Applicable,Not Applicable,251,Not Applicable,0,,
2024-07-16 07:33:00,CNR1019665030,Success,CID794740,Prime Sedan,Tumkur Road,Rajajinagar,133.0,105.0,Not Applicable,Not Applicable,No,Not Applicable,440,UPI,17,4.3,3.1
2024-07-07 12:52:00,CNR9016810625,Success,CID399226,Mini,Malleshwaram,Whitefield,119.0,135.0,Not Applicable,Not Applicable,No,Not Applicable,355,UPI,29,4.0,3.1
2024-07-08 22:13:00,CNR1757306019,Canceled by Driver,CID698095,Prime SUV,Hebbal,Devanahalli,,,Not Applicable,Personal & Car related issue,Not Applicable,Not Applicable,130,Not Applicable,0,,
2024-07-13 04:10:00,CNR5534609947,Success,CID600891,eBike,Shivajinagar,Langford Town,56.0,120.0,Not Applicable,Not Applicable,No,Not Applicable,372,UPI,23,3.7,3.0
2024-07-29 12:42:00,CNR1315982755,Canceled by Driver,CID448575,Prime SUV,Kengeri,HSR Layout,,,Not Applicable,Customer related issue,Not Applicable,Not Applicable,709,Not Applicable,0,,
2024-07-26 10:02:00,CNR3670967246,Success,CID170847,Bike,Ulsoor,Vijayanagar,217.0,60.0,Not Applicable,Not Applicable,No,Not Applicable,484,Cash,41,4.1,3.1
2024-07-21 03:27:00,CNR8707904917,Success,CID249765,Prime Plus,Hennur,RT Nagar,308.0,100.0,Not Applicable,Not Applicable,No,Not Applicable,202,UPI,13,4.3,3.1
2024-07-21 18:56:00,CNR4189267346,Success,CID966569,Prime Sedan,HSR Layout,Richmond Town,126.0,35.0,Not Applicable,Not Applicable,No,Not Applicable,416,Cash,44,4.9,4.6
2024-07-04 22:21:00,CNR1406561877,Success,CID150127,Prime Plus,KR Puram,Hennur,49.0,105.0,Not Applicable,Not Applicable,No,Not Applicable,2366,UPI,21,4.6,4.4
2024-07-12 21:20:00,CNR8741053439,Canceled by Driver,CID889806,Prime SUV,Kengeri,Banashankari,,,Not Applicable,Customer was coughing/sick,Not Applicable,Not Applicable,394,Not Applicable,0,,
2024-07-19 15:37:00,CNR8838614271,Success,CID860724,Prime Sedan,Peenya,Basavanagudi,119.0,30.0,Not Applicable,Not Applicable,No,Not Applicable,328,Cash,16,3.1,4.5
2024-07-10 09:11:00,CNR8587481104,Success,CID423833,Prime Sedan,Sarjapur Road,Hennur,287.0,115.0,Not Applicable,Not Applicable,Yes,Vehicle Breakdown,1474,Cash,16,3.8,4.3
2024-07-17 05:32:00,CNR9954785813,Success,CID534737,Bike,Ulsoor,Whitefield,217.0,145.0,Not Applicable,Not Applicable,No,Not Applicable,435,UPI,13,3.3,3.4
2024-07-12 18:55:00,CNR8666077936,Canceled by Driver,CID597835,Prime SUV,Yelahanka,HSR Layout,,,Not Applicable,Customer related issue,Not Applicable,Not Applicable,2967,Not Applicable,0,,
2024-07-18 11:40:00,CNR8639473758,Canceled by Driver,CID912815,eBike,Langford Town,Yeshwanthpur,,,Not Applicable,Personal & Car related issue,Not Applicable,Not Applicable,402,Not Applicable,0,,
2024-07-07 10:27:00,CNR8077211716,Success,CID501390,Prime SUV,Hennur,Koramangala,56.0,125.0,Not Applicable,Not Applicable,No,Not Applicable,2412,UPI,5,3.8,4.3
2024-07-29 00:14:00,CNR7470593400,Driver Not Found,CID643435,Prime Plus,Basavanagudi,Langford Town,,,Not Applicable,Not Applicable,Not Applicable,Not Applicable,714,Not Applicable,0,,
2024-07-29 01:12:00,CNR9531824870,Canceled by Driver,CID379045,Prime SUV,Basavanagudi,Rajajinagar,,,Not Applicable,Customer was coughing/sick,Not Applicable,Not Applicable,276,Not Applicable,0,,
2024-07-13 23:35:00,CNR9928516789,Success,CID581862,Prime Plus,Rajarajeshwari Nagar,Hebbal,280.0,135.0,Not Applicable,Not Applicable,No,Not Applicable,166,Cash,30,4.7,3.6
2024-07-23 21:17:00,CNR1762492273,Success,CID459008,Mini,Shantinagar,RT Nagar,224.0,130.0,Not Applicable,Not Applicable,No,Not Applicable,202,Cash,33,3.7,3.8
2024-07-13 13:00:00,CNR7083405604,Success,CID489047,eBike,Banashankari,MG Road,70.0,60.0,Not Applicable,Not Applicable,No,Not Applicable,262,Cash,8,4.8,4.2
2024-07-09 13:04:00,CNR9115934120,Success,CID740100,Bike,Yelahanka,Tumkur Road,203.0,25.0,Not Applicable,Not Applicable,No,Not Applicable,215,Cash,42,4.5,3.5
2024-07-17 14:33:00,CNR3502476001,Canceled by Customer,CID541903,Auto,Malleshwaram,Whitefield,,,Driver is not moving towards pickup location,Not Applicable,Not Applicable,Not Applicable,150,Not Applicable,0,,
2024-07-19 20:37:00,CNR4624135936,Canceled by Customer,CID714848,Bike,Shantinagar,JP Nagar,,,Wrong Address,Not Applicable,Not Applicable,Not Applicable,227,Not Applicable,0,,
2024-07-23 01:20:00,CNR3626602140,Success,CID270770,Prime SUV,Banashankari,Vijayanagar,217.0,95.0,Not Applicable,Not Applicable,No,Not Applicable,950,Cash,29,3.8,4.6
2024-07-16 09:02:00,CNR8444157821,Canceled by Driver,CID825186,eBike,JP Nagar,Ulsoor,,,Not Applicable,Personal & Car related issue,Not Applicable,Not Applicable,461,Not Applicable,0,,
2024-07-05 05:15:00,CNR6137517256,Success,CID560844,Prime Sedan,Chamarajpet,HSR Layout,63.0,130.0,Not Applicable,Not Applicable,No,Not Applicable,861,Cash,21,4.4,4.4
2024-07-27 21:11:00,CNR8915764378,Success,CID971663,Bike,Majestic,Frazer Town,238.0,65.0,Not Applicable,Not Applicable,No,Not Applicable,228,Cash,43,4.3,4.7
2024-07-06 16:24:00,CNR7415964565,Success,CID503293,Prime Sedan,Indiranagar,Sahakar Nagar,77.0,145.0,Not Applicable,Not Applicable,No,Not Applicable,245,UPI,44,4.4,3.0
2024-07-17 01:52:00,CNR5618166986,Driver Not Found,CID640469,Prime SUV,Kammanahalli,Ulsoor,,,Not Applicable,Not Applicable,Not Applicable,Not Applicable,345,Not Applicable,0,,
2024-07-28 17:09:00,CNR6921717508,Canceled by Driver,CID521225,Prime Sedan,Vijayanagar,Rajajinagar,,,Not Applicable,Personal & Car related issue,Not Applicable,Not Applicable,826,Not Applicable,0,,
2024-07-20 12:28:00,CNR8929689177,Success,CID242910,Prime SUV,Mysore Road,Varthur,294.0,100.0,Not Applicable,Not Applicable,No,Not Applicable,427,Cash,29,4.0,3.7
2024-07-26 11:47:00,CNR8391338546,Success,CID946040,Bike,Tumkur Road,Magadi Road,63.0,130.0,Not Applicable,Not Applicable,No,Not Applicable,395,UPI,40,4.0,4.8
2024-07-22 09:57:00,CNR7251915542,Canceled by Driver,CID680081,eBike,RT Nagar,Ulsoor,,,Not Applicable,Personal & Car related issue,Not Applicable,Not Applicable,1771,Not Applicable,0,,
2024-07-16 05:11:00,CNR4043495026,Success,CID277269,Mini,Tumkur Road,Koramangala,133.0,100.0,Not Applicable,Not Applicable,No,Not Applicable,512,Credit Card,14,3.2,3.5
2024-07-30 06:51:00,CNR6185992388,Success,CID701503,Bike,Basavanagudi,Magadi Road,91.0,40.0,Not Applicable,Not Applicable,No,Not Applicable,447,Cash,13,4.9,3.3
2024-07-26 12:17:00,CNR7317130884,Success,CID986072,Mini,Jayanagar,KR Puram,203.0,100.0,Not Applicable,Not Applicable,No,Not Applicable,436,Cash,9,4.7,4.4
2024-07-19 02:43:00,CNR5396266678,Success,CID869441,Prime Plus,Devanahalli,Whitefield,308.0,100.0,Not Applicable,Not Applicable,No,Not Applicable,703,UPI,32,5.0,4.3
2024-07-11 16:22:00,CNR6508567852,Success,CID506875,Bike,Ramamurthy Nagar,Yelahanka,98.0,70.0,Not Applicable,Not Applicable,No,Not Applicable,489,Cash,20,4.9,3.5
2024-07-21 00:27:00,CNR5847736124,Success,CID276688,Prime Sedan,Tumkur Road,Hosur Road,266.0,25.0,Not Applicable,Not Applicable,Yes,Vehicle Breakdown,143,Cash,11,4.3,3.8
2024-07-24 05:44:00,CNR8092089528,Success,CID787990,Mini,Hebbal,Ramamurthy Nagar,98.0,120.0,Not Applicable,Not Applicable,No,Not Applicable,429,UPI,16,3.3,4.9
2024-07-14 23:36:00,CNR3766240704,Success,CID500553,Prime Sedan,Varthur,Kengeri,119.0,120.0,Not Applicable,Not Applicable,Yes,Vehicle Breakdown,198,Cash,27,4.1,4.2
2024-07-12 05:53:00,CNR3195738863,Canceled by Driver,CID655125,Prime SUV,Chickpet,Ramamurthy Nagar,,,Not Applicable,Personal & Car related issue,Not Applicable,Not Applicable,266,Not Applicable,0,,
2024-07-29 00:21:00,CNR9405316182,Success,CID896910,Prime SUV,Basavanagudi,Cox Town,273.0,130.0,Not Applicable,Not Applicable,No,Not Applicable,313,Cash,12,3.8,3.6
2024-07-15 15:52:00,CNR9935605778,Success,CID865858,Prime Plus,Sarjapur Road,Sahakar Nagar,126.0,90.0,Not Applicable,Not Applicable,No,Not Applicable,379,Cash,39,3.1,4.1
2024-07-29 09:21:00,CNR5465448279,Success,CID732594,eBike,Frazer Town,Kengeri,147.0,130.0,Not Applicable,Not Applicable,No,Not Applicable,556,UPI,21,4.2,4.8
2024-07-27 15:31:00,CNR3067045393,Success,CID248720,Prime Sedan,Langford Town,Whitefield,245.0,140.0,Not Applicable,Not Applicable,No,Not Applicable,2493,Cash,1,3.9,4.4
2024-07-22 01:05:00,CNR5557944247,Driver Not Found,CID662533,Mini,Devanahalli,MG Road,,,Not Applicable,Not Applicable,Not Applicable,Not Applicable,219,Not Applicable,0,,
2024-07-10 00:21:00,CNR2309752205,Success,CID902032,Prime Plus,Marathahalli,Bellandur,203.0,80.0,Not Applicable,Not Applicable,No,Not Applicable,266,Cash,20,4.8,4.4
2024-07-22 06:32:00,CNR1287463471,Success,CID697243,Prime SUV,Electronic City,Peenya,91.0,135.0,Not Applicable,Not Applicable,No,Not Applicable,549,Cash,21,4.4,3.7
2024-07-17 14:52:00,CNR9246067241,Success,CID832277,eBike,Electronic City,Frazer Town,147.0,135.0,Not Applicable,Not Applicable,No,Not Applicable,115,UPI,19,4.9,3.6
2024-07-16 07:34:00,CNR5057414514,Canceled by Driver,CID885501,Prime SUV,Peenya,RT Nagar,,,Not Applicable,Customer was coughing/sick,Not Applicable,Not Applicable,354,Not Applicable,0,,
2024-07-28 22:00:00,CNR1305941234,Canceled by Driver,CID773607,Prime SUV,Chamarajpet,Padmanabhanagar,,,Not Applicable,Personal & Car related issue,Not Applicable,Not Applicable,151,Not Applicable,0,,
2024-07-01 13:34:00,CNR1141164732,Canceled by Driver,CID250307,Mini,Frazer Town,Bellandur,,,Not Applicable,Customer related issue,Not Applicable,Not Applicable,276,Not Applicable,0,,
2024-07-22 04:51:00,CNR3674047913,Canceled by Driver,CID245749,Prime SUV,Nagarbhavi,Rajajinagar,,,Not Applicable,Personal & Car related issue,Not Applicable,Not Applicable,231,Not Applicable,0,,
2024-07-21 08:35:00,CNR8678522923,Success,CID216174,Mini,Rajarajeshwari Nagar,Nagarbhavi,112.0,140.0,Not Applicable,Not Applicable,No,Not Applicable,387,Cash,47,5.0,3.4
2024-07-11 03:27:00,CNR9017843481,Success,CID567418,Prime Sedan,Whitefield,BTM Layout,42.0,105.0,Not Applicable,Not Applicable,No,Not Applicable,437,UPI,42,4.7,4.9
2024-07-02 17:33:00,CNR9491042436,Driver Not Found,CID710617,Bike,Kammanahalli,Majestic,,,Not Applicable,Not Applicable,Not Applicable,Not Applicable,445,Not Applicable,0,,
2024-07-03 09:45:00,CNR2061447361,Success,CID796591,eBike,Rajajinagar,Chamarajpet,196.0,70.0,Not Applicable,Not Applicable,No,Not Applicable,2045,Cash,32,3.6,4.9
2024-07-16 10:41:00,CNR5003612577,Success,CID570967,Bike,Marathahalli,Richmond Town,49.0,45.0,Not Applicable,Not Applicable,No,Not Applicable,749,UPI,15,3.9,3.7
2024-07-23 01:55:00,CNR2886675246,Driver Not Found,CID277596,eBike,Richmond Town,Nagarbhavi,,,Not Applicable,Not Applicable,Not Applicable,Not Applicable,200,Not Applicable,0,,
2024-07-12 19:31:00,CNR1929449058,Success,CID352378,Auto,Hebbal,Devanahalli,133.0,60.0,Not Applicable,Not Applicable,No,Not Applicable,206,Cash,1,3.6,4.3
2024-07-10 17:08:00,CNR4557598796,Driver Not Found,CID170080,Prime Sedan,JP Nagar,Bellandur,,,Not Applicable,Not Applicable,Not Applicable,Not Applicable,468,Not Applicable,0,,
2024-07-30 13:50:00,CNR6342496636,Success,CID526110,eBike,Rajajinagar,Marathahalli,301.0,140.0,Not Applicable,Not Applicable,No,Not Applicable,411,UPI,2,3.6,4.1
2024-07-29 20:00:00,CNR9052037840,Canceled by Driver,CID676778,eBike,Sahakar Nagar,Yeshwanthpur,,,Not Applicable,Personal & Car related issue,Not Applicable,Not Applicable,614,Not Applicable,0,,
2024-07-04 05:43:00,CNR5314593912,Success,CID857963,eBike,Kengeri,Koramangala,133.0,50.0,Not Applicable,Not Applicable,No,Not Applicable,628,UPI,33,3.5,3.2
2024-07-14 22:56:00,CNR2423997072,Success,CID403455,Prime Sedan,Chamarajpet,Basavanagudi,112.0,115.0,Not Applicable,Not Applicable,No,Not Applicable,410,UPI,9,3.5,4.6
2024-07-08 03:22:00,CNR3268175465,Success,CID835075,eBike,Hennur,Sahakar Nagar,301.0,100.0,Not Applicable,Not Applicable,No,Not Applicable,751,UPI,20,3.7,3.6
2024-07-07 14:36:00,CNR5219155969,Canceled by Driver,CID704395,Auto,RT Nagar,Electronic City,,,Not Applicable,Personal & Car related issue,Not Applicable,Not Applicable,601,Not Applicable,0,,
2024-07-11 01:47:00,CNR7914672847,Canceled by Driver,CID850799,Auto,Ramamurthy Nagar,Rajajinagar,,,Not Applicable,More than permitted people in there,Not Applicable,Not Applicable,214,Not Applicable,0,,
2024-07-10 03:44:00,CNR3917192602,Canceled by Driver,CID418211,Prime SUV,Basavanagudi,Padmanabhanagar,,,Not Applicable,More than permitted people in there,Not Applicable,Not Applicable,451,Not Applicable,0,,
2024-07-04 11:46:00,CNR3320002570,Success,CID616690,Mini,Yeshwanthpur,Hulimavu,203.0,30.0,Not Applicable,Not Applicable,No,Not Applicable,115,Cash,21,4.2,3.8
2024-07-03 11:08:00,CNR5480260259,Canceled by Customer,CID718723,eBike,Majestic,Magadi Road,,,Change of plans,Not Applicable,Not Applicable,Not Applicable,969,Not Applicable,0,,
2024-07-07 13:48:00,CNR2606435692,Canceled by Driver,CID667271,Auto,Whitefield,Rajarajeshwari Nagar,,,Not Applicable,Customer was coughing/sick,Not Applicable,Not Applicable,346,Not Applicable,0,,
2024-07-24 16:01:00,CNR6491238843,Success,CID677888,eBike,BTM Layout,BTM Layout,35.0,140.0,Not Applicable,Not Applicable,No,Not Applicable,305,Cash,27,4.6,4.6
2024-07-25 23:35:00,CNR4460864478,Success,CID605087,Prime Plus,Magadi Road,Indiranagar,203.0,90.0,Not Applicable,Not Applicable,No,Not Applicable,244,Cash,4,3.7,4.4
2024-07-02 21:31:00,CNR6385322533,Success,CID230865,eBike,Frazer Town,Shivajinagar,42.0,100.0,Not Applicable,Not Applicable,No,Not Applicable,362,Cash,1,4.1,3.4
2024-07-04 17:12:00,CNR8061409131,Success,CID394166,Prime Plus,Basavanagudi,Shivajinagar,252.0,85.0,Not Applicable,Not Applicable,No,Not Applicable,169,UPI,46,3.4,3.7
2024-07-09 18:54:00,CNR3192193756,Canceled by Driver,CID726096,Auto,Chamarajpet,Tumkur Road,,,Not Applicable,More than permitted people in there,Not Applicable,Not Applicable,162,Not Applicable,0,,
2024-07-14 10:05:00,CNR1472486265,Success,CID270047,Prime Sedan,Padmanabhanagar,Basavanagudi,266.0,125.0,Not Applicable,Not Applicable,No,Not Applicable,288,Cash,19,4.7,4.7
2024-07-18 21:52:00,CNR4858064497,Canceled by Driver,CID409584,Auto,Devanahalli,Langford Town,,,Not Applicable,Customer related issue,Not Applicable,Not Applicable,404,Not Applicable,0,,
2024-07-12 19:58:00,CNR6268971348,Canceled by Driver,CID883320,eBike,Shantinagar,Marathahalli,,,Not Applicable,Customer was coughing/sick,Not Applicable,Not Applicable,360,Not Applicable,0,,
2024-07-13 03:14:00,CNR5155364104,Success,CID717084,Prime Plus,Chamarajpet,Malleshwaram,98.0,70.0,Not Applicable,Not Applicable,No,Not Applicable,448,UPI,27,3.3,4.3
2024-07-21 20:41:00,CNR6723761626,Canceled by Customer,CID980756,Mini,Frazer Town,Bannerghatta Road,,,Driver asked to cancel,Not Applicable,Not Applicable,Not Applicable,704,Not Applicable,0,,
2024-07-20 11:22:00,CNR7048442499,Driver Not Found,CID499156,Prime Sedan,Rajarajeshwari Nagar,Sahakar Nagar,,,Not Applicable,Not Applicable,Not Applicable,Not Applicable,2457,Not Applicable,0,,
2024-07-02 22:53:00,CNR5157287477,Driver Not Found,CID710737,Bike,RT Nagar,Hennur,,,Not Applicable,Not Applicable,Not Applicable,Not Applicable,994,Not Applicable,0,,
2024-07-21 07:44:00,CNR9074920795,Success,CID339545,Prime SUV,Banashankari,MG Road,70.0,25.0,Not Applicable,Not Applicable,No,Not Applicable,394,Cash,17,4.2,4.0
2024-07-13 05:59:00,CNR8982942649,Canceled by Customer,CID803251,eBike,Varthur,Varthur,,,Change of plans,Not Applicable,Not Applicable,Not Applicable,209,Not Applicable,0,,
2024-07-25 08:17:00,CNR9430728893,Success,CID224779,Prime Sedan,Varthur,MG Road,252.0,145.0,Not Applicable,Not Applicable,No,Not Applicable,203,Cash,30,4.7,4.3
2024-07-04 19:02:00,CNR9592187693,Driver Not Found,CID639234,Prime Sedan,Sahakar Nagar,Kengeri,,,Not Applicable,Not Applicable,Not Applicable,Not Applicable,2062,Not Applicable,0,,
2024-07-27 05:27:00,CNR1284182006,Success,CID845188,Prime Plus,Hennur,Langford Town,119.0,140.0,Not Applicable,Not Applicable,No,Not Applicable,325,UPI,26,3.4,3.5
2024-07-19 19:09:00,CNR4387361867,Success,CID396572,Prime Sedan,Sarjapur Road,Rajarajeshwari Nagar,154.0,95.0,Not Applicable,Not Applicable,No,Not Applicable,247,UPI,20,3.3,4.2
2024-07-03 22:43:00,CNR6938841795,Success,CID538962,Prime SUV,Richmond Town,Hennur,98.0,135.0,Not Applicable,Not Applicable,No,Not Applicable,100,Credit Card,24,3.6,4.2
2024-07-11 14:08:00,CNR4656374957,Canceled by Customer,CID361419,Bike,Chamarajpet,Frazer Town,,,Driver asked to cancel,Not Applicable,Not Applicable,Not Applicable,944,Not Applicable,0,,
2024-07-27 15:15:00,CNR7322361316,Canceled by Driver,CID979573,Mini,Hosur Road,Kammanahalli,,,Not Applicable,Customer related issue,Not Applicable,Not Applicable,1900,Not Applicable,0,,
2024-07-02 01:35:00,CNR4592676568,Canceled by Driver,CID413210,Mini,Langford Town,Chickpet,,,Not Applicable,Customer related issue,Not Applicable,Not Applicable,152,Not Applicable,0,,
2024-07-02 18:28:00,CNR5767926992,Driver Not Found,CID379971,Prime Sedan,Peenya,JP Nagar,,,Not Applicable,Not Applicable,Not Applicable,Not Applicable,1464,Not Applicable,0,,
2024-07-06 22:45:00,CNR4761063175,Driver Not Found,CID653021,Mini,Hulimavu,Banashankari,,,Not Applicable,Not Applicable,Not Applicable,Not Applicable,2179,Not Applicable,0,,
2024-07-24 10:25:00,CNR1374401070,Success,CID827826,Auto,Banashankari,Marathahalli,126.0,135.0,Not Applicable,Not Applicable,No,Not Applicable,414,Cash,18,3.5,4.3
2024-07-17 16:53:00,CNR7792255959,Driver Not Found,CID772417,Prime Plus,JP Nagar,Hulimavu,,,Not Applicable,Not Applicable,Not Applicable,Not Applicable,839,Not Applicable,0,,
2024-07-03 08:44:00,CNR2447869987,Success,CID997642,Mini,Hosur Road,Basavanagudi,252.0,80.0,Not Applicable,Not Applicable,No,Not Applicable,920,Cash,16,4.3,4.3
2024-07-20 19:40:00,CNR4579666322,Success,CID318107,eBike,Koramangala,Malleshwaram,266.0,110.0,Not Applicable,Not Applicable,No,Not Applicable,194,UPI,30,3.3,4.9
2024-07-29 02:06:00,CNR2420509934,Success,CID458983,Auto,Shantinagar,BTM Layout,161.0,95.0,Not Applicable,Not Applicable,No,Not Applicable,472,UPI,13,3.8,3.1
2024-07-25 04:46:00,CNR6888371731,Success,CID143839,Mini,Shantinagar,JP Nagar,161.0,60.0,Not Applicable,Not Applicable,No,Not Applicable,2402,Cash,46,3.6,3.9
2024-07-01 11:27:00,CNR5843654346,Canceled by Driver,CID735843,Prime Sedan,Varthur,Shivajinagar,,,Not Applicable,Customer related issue,Not Applicable,Not Applicable,318,Not Applicable,0,,
2024-07-13 11:06:00,CNR4021967022,Canceled by Driver,CID477070,Auto,Hebbal,Sahakar Nagar,,,Not Applicable,Personal & Car related issue,Not Applicable,Not Applicable,236,Not Applicable,0,,
2024-07-28 14:05:00,CNR2649480529,Success,CID983066,Bike,Banashankari,Basavanagudi,273.0,105.0,Not Applicable,Not Applicable,Yes,Customer Demand,115,UPI,16,4.3,4.4
2024-07-07 09:02:00,CNR1681805298,Success,CID745581,Prime Sedan,Shantinagar,Banashankari,126.0,55.0,Not Applicable,Not Applicable,No,Not Applicable,252,Cash,1,4.5,4.5
2024-07-06 11:53:00,CNR6081862420,Success,CID834083,Prime SUV,Rajajinagar,Ulsoor,161.0,75.0,Not Applicable,Not Applicable,No,Not Applicable,135,Cash,4,4.2,3.8
2024-07-28 04:46:00,CNR5211055398,Canceled by Customer,CID920609,Mini,Yeshwanthpur,Bannerghatta Road,,,Change of plans,Not Applicable,Not Applicable,Not Applicable,382,Not Applicable,0,,
2024-07-01 16:50:00,CNR6732183211,Success,CID241611,Prime Plus,Malleshwaram,Magadi Road,266.0,50.0,Not Applicable,Not Applicable,No,Not Applicable,101,Cash,16,3.6,3.4
2024-07-26 18:02:00,CNR4805786313,Success,CID112608,Prime Sedan,Indiranagar,JP Nagar,266.0,115.0,Not Applicable,Not Applicable,No,Not Applicable,451,Cash,34,4.8,4.4
2024-07-30 19:55:00,CNR1718033952,Success,CID463316,Prime SUV,Shivajinagar,Shivajinagar,203.0,35.0,Not Applicable,Not Applicable,No,Not Applicable,469,Cash,35,4.0,4.6
2024-07-26 02:49:00,CNR6159757956,Success,CID345295,Prime SUV,Padmanabhanagar,Marathahalli,217.0,110.0,Not Applicable,Not Applicable,No,Not Applicable,480,UPI,15,5.0,4.0
2024-07-19 16:37:00,CNR1214042150,Success,CID162320,Prime Plus,Kadugodi,Hennur,196.0,50.0,Not Applicable,Not Applicable,No,Not Applicable,408,UPI,23,3.8,3.3
2024-07-28 09:37:00,CNR5093451840,Canceled by Customer,CID293619,Prime SUV,Bellandur,KR Puram,,,Change of plans,Not Applicable,Not Applicable,Not Applicable,283,Not Applicable,0,,
2024-07-14 06:48:00,CNR5035707447,Driver Not Found,CID713822,Mini,Yeshwanthpur,RT Nagar,,,Not Applicable,Not Applicable,Not Applicable,Not Applicable,2072,Not Applicable,0,,
2024-07-09 06:14:00,CNR5167981661,Canceled by Driver,CID467724,Prime SUV,Ramamurthy Nagar,Kadugodi,,,Not Applicable,Customer related issue,Not Applicable,Not Applicable,121,Not Applicable,0,,
2024-07-08 13:32:00,CNR3432368518,Success,CID703795,Prime Sedan,Whitefield,Vijayanagar,182.0,115.0,Not Applicable,Not Applicable,No,Not Applicable,234,Debit Card,15,4.6,4.9
2024-07-13 07:22:00,CNR6008610128,Success,CID818653,Prime Plus,Sarjapur Road,Peenya,224.0,105.0,Not Applicable,Not Applicable,No,Not Applicable,437,UPI,3,3.0,3.6
2024-07-20 12:56:00,CNR4862799213,Canceled by Driver,CID274034,Prime SUV,Peenya,Varthur,,,Not Applicable,Personal & Car related issue,Not Applicable,Not Applicable,2406,Not Applicable,0,,
2024-07-22 03:04:00,CNR8842983807,Canceled by Customer,CID186988,Prime Sedan,Banashankari,Nagarbhavi,,,Driver asked to cancel,Not Applicable,Not Applicable,Not Applicable,359,Not Applicable,0,,
2024-07-21 12:54:00,CNR2893837179,Success,CID815189,Auto,Hulimavu,Yelahanka,266.0,75.0,Not Applicable,Not Applicable,No,Not Applicable,197,Cash,16,4.7,4.5
2024-07-25 19:27:00,CNR2640339648,Success,CID175460,Bike,Ulsoor,Whitefield,245.0,105.0,Not Applicable,Not Applicable,No,Not Applicable,977,Cash,49,4.7,4.6
2024-07-24 01:14:00,CNR1698045006,Driver Not Found,CID475187,Bike,KR Puram,Hennur,,,Not Applicable,Not Applicable,Not Applicable,Not Applicable,349,Not Applicable,0,,
2024-07-16 16:32:00,CNR5155964787,Success,CID954648,Bike,Kadugodi,Rajajinagar,252.0,30.0,Not Applicable,Not Applicable,No,Not Applicable,790,Cash,45,3.4,4.4
2024-07-17 15:45:00,CNR5133948532,Canceled by Customer,CID243941,Prime Sedan,RT Nagar,Chickpet,,,AC is Not working,Not Applicable,Not Applicable,Not Applicable,823,Not Applicable,0,,
2024-07-06 16:15:00,CNR7327561847,Canceled by Driver,CID309512,Mini,Banashankari,Rajarajeshwari Nagar,,,Not Applicable,More than permitted people in there,Not Applicable,Not Applicable,159,Not Applicable,0,,
2024-07-02 08:34:00,CNR4504606788,Driver Not Found,CID502568,Prime SUV,Hosur Road,Malleshwaram,,,Not Applicable,Not Applicable,Not Applicable,Not Applicable,464,Not Applicable,0,,
2024-07-02 03:23:00,CNR2306337175,Success,CID281853,eBike,Varthur,Banashankari,224.0,140.0,Not Applicable,Not Applicable,No,Not Applicable,100,Cash,41,3.4,3.6
2024-07-30 11:48:00,CNR4135402330,Success,CID116297,eBike,Shantinagar,Hulimavu,259.0,140.0,Not Applicable,Not Applicable,No,Not Applicable,437,Cash,7,4.7,3.5
2024-07-11 02:36:00,CNR2087147520,Success,CID287019,Auto,MG Road,Bellandur,126.0,25.0,Not Applicable,Not Applicable,No,Not Applicable,296,UPI,10,3.7,4.9
2024-07-28 02:22:00,CNR1020687253,Success,CID162562,Bike,Shantinagar,Indiranagar,252.0,95.0,Not Applicable,Not Applicable,Yes,Vehicle Breakdown,671,Cash,36,3.6,3.5
2024-07-16 15:41:00,CNR1592173390,Success,CID782140,Auto,Ulsoor,Malleshwaram,301.0,35.0,Not Applicable,Not Applicable,No,Not Applicable,217,UPI,4,4.9,3.8
2024-07-16 19:50:00,CNR2128135248,Canceled by Customer,CID571196,Bike,Jayanagar,Indiranagar,,,Driver is not moving towards pickup location,Not Applicable,Not Applicable,Not Applicable,341,Not Applicable,0,,
2024-07-11 10:41:00,CNR7284014506,Success,CID415760,Bike,Padmanabhanagar,Tumkur Road,308.0,90.0,Not Applicable,Not Applicable,No,Not Applicable,343,Cash,40,3.0,4.2
2024-07-02 08:53:00,CNR4385516711,Success,CID603526,eBike,HSR Layout,Nagarbhavi,182.0,70.0,Not Applicable,Not Applicable,No,Not Applicable,675,UPI,8,4.0,3.5
2024-07-23 19:48:00,CNR7627828727,Success,CID262870,Mini,Nagarbhavi,Rajajinagar,70.0,95.0,Not Applicable,Not Applicable,No,Not Applicable,185,Cash,36,3.8,3.9
2024-07-23 12:55:00,CNR4820875680,Success,CID545990,Auto,Malleshwaram,Electronic City,259.0,50.0,Not Applicable,Not Applicable,No,Not Applicable,156,Cash,7,3.8,4.4
2024-07-22 03:19:00,CNR4297624156,Success,CID526401,Prime SUV,Malleshwaram,HSR Layout,196.0,145.0,Not Applicable,Not Applicable,No,Not Applicable,2108,Cash,21,4.4,4.5
2024-07-04 13:18:00,CNR8953277644,Success,CID345913,eBike,Hulimavu,Bellandur,196.0,120.0,Not Applicable,Not Applicable,No,Not Applicable,775,UPI,48,3.7,4.6
2024-07-05 17:18:00,CNR7341055493,Success,CID659101,eBike,Hennur,Chamarajpet,119.0,60.0,Not Applicable,Not Applicable,No,Not Applicable,163,Cash,5,4.0,3.6
2024-07-14 02:24:00,CNR5871556681,Driver Not Found,CID141930,Mini,Hulimavu,Vijayanagar,,,Not Applicable,Not Applicable,Not Applicable,Not Applicable,268,Not Applicable,0,,
2024-07-06 18:10:00,CNR9775674993,Canceled by Driver,CID228665,eBike,BTM Layout,Banashankari,,,Not Applicable,Personal & Car related issue,Not Applicable,Not Applicable,199,Not Applicable,0,,
2024-07-06 03:50:00,CNR6818502572,Success,CID827051,Prime Plus,Rajarajeshwari Nagar,RT Nagar,266.0,75.0,Not Applicable,Not Applicable,No,Not Applicable,535,Cash,40,3.7,3.5
2024-07-04 17:34:00,CNR9388855802,Canceled by Driver,CID747974,Bike,Shantinagar,Marathahalli,,,Not Applicable,Personal & Car related issue,Not Applicable,Not Applicable,172,Not Applicable,0,,
2024-07-15 01:58:00,CNR7437543526,Success,CID882839,Prime Plus,Chickpet,Rajarajeshwari Nagar,259.0,115.0,Not Applicable,Not Applicable,No,Not Applicable,448,Cash,13,3.0,3.8
2024-07-23 02:48:00,CNR8082167653,Canceled by Driver,CID845031,Bike,Banashankari,Richmond Town,,,Not Applicable,More than permitted people in there,Not Applicable,Not Applicable,450,Not Applicable,0,,
2024-07-14 18:08:00,CNR1387369370,Success,CID180888,Prime Plus,Yelahanka,Whitefield,49.0,90.0,Not Applicable,Not Applicable,No,Not Applicable,392,UPI,8,3.4,4.9
2024-07-15 15:40:00,CNR7891618625,Success,CID130080,Mini,Jayanagar,Whitefield,126.0,80.0,Not Applicable,Not Applicable,No,Not Applicable,374,Cash,29,3.3,3.9
2024-07-19 23:05:00,CNR6405795128,Success,CID520471,eBike,Rajajinagar,Indiranagar,273.0,55.0,Not Applicable,Not Applicable,No,Not Applicable,320,UPI,2,3.6,5.0
2024-07-10 23:07:00,CNR9044608583,Canceled by Customer,CID225922,Auto,Cox Town,Kengeri,,,AC is Not working,Not Applicable,Not Applicable,Not Applicable,484,Not Applicable,0,,
2024-07-01 12:14:00,CNR9713484319,Success,CID324324,Bike,Mysore Road,Bellandur,231.0,65.0,Not Applicable,Not Applicable,No,Not Applicable,310,UPI,26,3.9,3.9
2024-07-08 01:33:00,CNR3625459605,Success,CID233219,Auto,Chamarajpet,Cox Town,266.0,35.0,Not Applicable,Not Applicable,Yes,Customer Demand,816,Cash,13,4.2,4.9
2024-07-11 10:57:00,CNR8184710361,Success,CID987022,Prime Sedan,Vijayanagar,Jayanagar,273.0,35.0,Not Applicable,Not Applicable,No,Not Applicable,2757,Cash,2,3.7,4.5
2024-07-21 14:15:00,CNR7013256740,Success,CID954438,Bike,Hebbal,Nagarbhavi,168.0,135.0,Not Applicable,Not Applicable,No,Not Applicable,411,UPI,32,4.3,3.5
2024-07-29 17:03:00,CNR5509133971,Success,CID457491,Auto,Sarjapur Road,Bannerghatta Road,252.0,125.0,Not Applicable,Not Applicable,Yes,Customer Demand,932,Cash,15,3.2,3.3
2024-07-23 02:46:00,CNR5582299000,Success,CID370795,Prime SUV,Vijayanagar,Yelahanka,63.0,100.0,Not Applicable,Not Applicable,No,Not Applicable,403,Cash,44,3.7,5.0
2024-07-01 15:09:00,CNR2830791654,Canceled by Customer,CID471572,Prime Plus,Richmond Town,Varthur,,,Wrong Address,Not Applicable,Not Applicable,Not Applicable,191,Not Applicable,0,,
2024-07-08 06:50:00,CNR4601638655,Success,CID191244,Mini,Chickpet,Rajarajeshwari Nagar,217.0,35.0,Not Applicable,Not Applicable,No,Not Applicable,411,UPI,6,4.9,3.3
2024-07-12 07:59:00,CNR8393659195,Canceled by Driver,CID115174,Mini,Hebbal,Tumkur Road,,,Not Applicable,More than permitted people in there,Not Applicable,Not Applicable,375,Not Applicable,0,,
2024-07-18 21:20:00,CNR5883060901,Success,CID499231,Bike,Frazer Town,Jayanagar,238.0,75.0,Not Applicable,Not Applicable,No,Not Applicable,370,UPI,1,4.9,4.2
2024-07-15 01:51:00,CNR7410770273,Canceled by Driver,CID451266,Auto,Rajajinagar,Devanahalli,,,Not Applicable,Personal & Car related issue,Not Applicable,Not Applicable,215,Not Applicable,0,,
2024-07-06 11:47:00,CNR5720347705,Success,CID449563,Auto,Marathahalli,RT Nagar,266.0,145.0,Not Applicable,Not Applicable,No,Not Applicable,396,Cash,4,3.6,3.7
2024-07-29 07:13:00,CNR9957020240,Success,CID613398,eBike,Electronic City,Tumkur Road,35.0,95.0,Not Applicable,Not Applicable,No,Not Applicable,731,Cash,16,4.6,3.2
2024-07-19 09:24:00,CNR2492013558,Success,CID638986,Bike,Kadugodi,Hennur,252.0,145.0,Not Applicable,Not Applicable,Yes,Customer Demand,460,Cash,4,4.3,4.8
2024-07-13 12:28:00,CNR2075475842,Canceled by Driver,CID779101,eBike,HSR Layout,Majestic,,,Not Applicable,Customer related issue,Not Applicable,Not Applicable,225,Not Applicable,0,,
2024-07-06 15:05:00,CNR7540865196,Canceled by Driver,CID313888,eBike,Kengeri,Mysore Road,,,Not Applicable,Personal & Car related issue,Not Applicable,Not Applicable,1358,Not Applicable,0,,
2024-07-21 03:43:00,CNR7587000733,Success,CID349638,eBike,HSR Layout,Ulsoor,105.0,145.0,Not Applicable,Not Applicable,No,Not Applicable,494,Cash,14,4.3,4.5
2024-07-17 23:24:00,CNR8393032509,Success,CID903097,Prime SUV,Cox Town,Ulsoor,105.0,70.0,Not Applicable,Not Applicable,No,Not Applicable,333,Cash,9,4.0,4.6
2024-07-22 07:54:00,CNR4071124296,Canceled by Driver,CID870891,Prime Sedan,Chamarajpet,Koramangala,,,Not Applicable,Customer related issue,Not Applicable,Not Applicable,551,Not Applicable,0,,
2024-07-22 18:26:00,CNR3545030872,Success,CID573310,Prime Plus,Yeshwanthpur,Indiranagar,126.0,60.0,Not Applicable,Not Applicable,No,Not Applicable,806,Cash,46,3.1,3.3
2024-07-02 06:42:00,CNR1847255413,Success,CID916847,Prime Sedan,Shantinagar,KR Puram,49.0,85.0,Not Applicable,Not Applicable,No,Not Applicable,1261,Cash,41,3.1,3.5
2024-07-12 10:39:00,CNR7758891968,Success,CID290868,Prime Sedan,Sarjapur Road,Mysore Road,196.0,65.0,Not Applicable,Not Applicable,No,Not Applicable,764,Cash,34,5.0,3.6
2024-07-25 17:47:00,CNR9713154765,Success,CID307126,Bike,Rajarajeshwari Nagar,Rajarajeshwari Nagar,168.0,95.0,Not Applicable,Not Applicable,No,Not Applicable,836,UPI,40,3.5,4.2
2024-07-04 11:06:00,CNR3598965893,Canceled by Driver,CID318802,Prime Plus,Vijayanagar,Bellandur,,,Not Applicable,Personal & Car related issue,Not Applicable,Not Applicable,269,Not Applicable,0,,
2024-07-01 20:32:00,CNR2850817607,Success,CID616985,Prime Sedan,Padmanabhanagar,KR Puram,98.0,70.0,Not Applicable,Not Applicable,No,Not Applicable,372,UPI,27,3.7,4.1
2024-07-20 17:14:00,CNR3207989271,Success,CID343254,Mini,Chamarajpet,Devanahalli,280.0,130.0,Not Applicable,Not Applicable,No,Not Applicable,230,Cash,26,4.0,3.1
2024-07-05 01:03:00,CNR9841842627,Success,CID694252,Prime Plus,Cox Town,Chamarajpet,231.0,75.0,Not Applicable,Not Applicable,No,Not Applicable,2293,UPI,7,4.2,3.6
2024-07-05 08:07:00,CNR2162398083,Success,CID599832,Prime SUV,Kadugodi,RT Nagar,231.0,85.0,Not Applicable,Not Applicable,No,Not Applicable,716,Debit Card,20,4.7,4.9
2024-07-14 08:09:00,CNR4364945426,Success,CID733878,Prime Plus,Frazer Town,Jayanagar,238.0,35.0,Not Applicable,Not Applicable,No,Not Applicable,462,Cash,22,4.8,4.7
2024-07-02 03:53:00,CNR7113150301,Success,CID378238,Prime SUV,Hennur,Kadugodi,224.0,90.0,Not Applicable,Not Applicable,No,Not Applicable,284,UPI,15,4.7,3.7
2024-07-18 01:03:00,CNR6517561480,Success,CID209572,Prime Plus,Hennur,Hosur Road,140.0,40.0,Not Applicable,Not Applicable,No,Not Applicable,495,Cash,43,3.3,4.4
2024-07-11 18:47:00,CNR8610740082,Success,CID365487,Prime Sedan,Ulsoor,JP Nagar,105.0,40.0,Not Applicable,Not Applicable,No,Not Applicable,357,UPI,39,3.6,3.6
2024-07-09 01:44:00,CNR4744878417,Success,CID505024,Bike,Jayanagar,Langford Town,273.0,110.0,Not Applicable,Not Applicable,No,Not Applicable,776,Cash,43,4.2,3.1
2024-07-29 18:47:00,CNR8131309280,Success,CID817625,Prime Sedan,Malleshwaram,Basavanagudi,245.0,50.0,Not Applicable,Not Applicable,No,Not Applicable,382,UPI,37,4.8,4.7
2024-07-08 08:19:00,CNR7014041940,Canceled by Driver,CID369784,Mini,Nagarbhavi,Richmond Town,,,Not Applicable,Personal & Car related issue,Not Applicable,Not Applicable,193,Not Applicable,0,,
2024-07-20 22:40:00,CNR8604059071,Success,CID775671,Auto,Shantinagar,Hebbal,161.0,65.0,Not Applicable,Not Applicable,No,Not Applicable,292,UPI,11,4.2,3.2
2024-07-07 00:03:00,CNR9953235109,Canceled by Customer,CID872144,Mini,MG Road,Cox Town,,,AC is Not working,Not Applicable,Not Applicable,Not Applicable,316,Not Applicable,0,,
2024-07-09 14:29:00,CNR4976113943,Canceled by Customer,CID899465,Prime Sedan,Marathahalli,Rajajinagar,,,Change of plans,Not Applicable,Not Applicable,Not Applicable,354,Not Applicable,0,,
2024-07-06 06:04:00,CNR1661845169,Success,CID460505,Bike,Whitefield,Hulimavu,287.0,80.0,Not Applicable,Not Applicable,No,Not Applicable,346,Cash,48,4.4,4.0
2024-07-03 13:39:00,CNR4655505020,Canceled by Driver,CID869829,Prime SUV,Electronic City,Nagarbhavi,,,Not Applicable,Customer was coughing/sick,Not Applicable,Not Applicable,234,Not Applicable,0,,
2024-07-21 04:23:00,CNR9999804862,Success,CID877298,eBike,Majestic,Kadugodi,203.0,145.0,Not Applicable,Not Applicable,No,Not Applicable,434,Cash,30,4.2,3.8
2024-07-09 11:44:00,CNR1396485514,Success,CID524029,eBike,Peenya,Whitefield,63.0,80.0,Not Applicable,Not Applicable,No,Not Applicable,385,UPI,35,4.5,4.6
2024-07-03 10:06:00,CNR9800159955,Canceled by Driver,CID460412,Prime SUV,Bellandur,Yelahanka,,,Not Applicable,More than permitted people in there,Not Applicable,Not Applicable,403,Not Applicable,0,,
2024-07-10 11:11:00,CNR4511076279,Canceled by Customer,CID145756,Prime Sedan,Hulimavu,Chickpet,,,Driver is not moving towards pickup location,Not Applicable,Not Applicable,Not Applicable,1504,Not Applicable,0,,
2024-07-17 23:07:00,CNR1920731871,Canceled by Customer,CID248130,Prime Sedan,JP Nagar,Hebbal,,,AC is Not working,Not Applicable,Not Applicable,Not Applicable,577,Not Applicable,0,,
2024-07-14 20:34:00,CNR3567686307,Canceled by Customer,CID549219,Prime Plus,Kammanahalli,Shantinagar,,,Driver is not moving towards pickup location,Not Applicable,Not Applicable,Not Applicable,422,Not Applicable,0,,
2024-07-09 01:34:00,CNR7615776657,Canceled by Driver,CID159478,Prime SUV,Shantinagar,Chamarajpet,,,Not Applicable,More than permitted people in there,Not Applicable,Not Applicable,443,Not Applicable,0,,
2024-07-13 22:13:00,CNR1762664783,Canceled by Customer,CID917245,Mini,HSR Layout,Ulsoor,,,Driver is not moving towards pickup location,Not Applicable,Not Applicable,Not Applicable,374,Not Applicable,0,,
2024-07-09 04:46:00,CNR5180772252,Canceled by Driver,CID651378,Bike,Bannerghatta Road,Jayanagar,,,Not Applicable,Customer was coughing/sick,Not Applicable,Not Applicable,930,Not Applicable,0,,
2024-07-01 04:27:00,CNR3049463989,Driver Not Found,CID620164,Prime SUV,Padmanabhanagar,Yeshwanthpur,,,Not Applicable,Not Applicable,Not Applicable,Not Applicable,127,Not Applicable,0,,
2024-07-06 22:14:00,CNR4661928580,Driver Not Found,CID850358,eBike,Magadi Road,Hennur,,,Not Applicable,Not Applicable,Not Applicable,Not Applicable,269,Not Applicable,0,,
2024-07-15 09:11:00,CNR2256967937,Success,CID641928,Prime Sedan,Whitefield,Whitefield,231.0,85.0,Not Applicable,Not Applicable,No,Not Applicable,106,Cash,22,3.6,3.8
2024-07-04 07:52:00,CNR7335587254,Success,CID887847,eBike,Bannerghatta Road,Varthur,196.0,30.0,Not Applicable,Not Applicable,No,Not Applicable,363,UPI,19,4.4,4.2
2024-07-14 14:50:00,CNR6824740367,Success,CID505936,eBike,Devanahalli,Tumkur Road,287.0,115.0,Not Applicable,Not Applicable,No,Not Applicable,256,Cash,47,4.3,4.4
2024-07-28 07:48:00,CNR5397161117,Success,CID638964,Auto,Ramamurthy Nagar,Rajajinagar,35.0,25.0,Not Applicable,Not Applicable,No,Not Applicable,260,Cash,5,4.7,4.1
2024-07-02 21:47:00,CNR8097205011,Success,CID144413,Auto,Marathahalli,Hennur,98.0,140.0,Not Applicable,Not Applicable,No,Not Applicable,356,UPI,8,3.1,3.0
2024-07-02 10:31:00,CNR1274860160,Success,CID479472,Prime Plus,Richmond Town,Yeshwanthpur,35.0,30.0,Not Applicable,Not Applicable,No,Not Applicable,354,Cash,22,4.2,3.6
2024-07-26 22:07:00,CNR8697944610,Canceled by Driver,CID764435,Auto,Devanahalli,Bannerghatta Road,,,Not Applicable,Customer was coughing/sick,Not Applicable,Not Applicable,356,Not Applicable,0,,
2024-07-20 10:17:00,CNR8908146206,Success,CID669999,Auto,Mysore Road,Devanahalli,287.0,55.0,Not Applicable,Not Applicable,No,Not Applicable,481,Cash,4,4.8,3.4
2024-07-22 18:06:00,CNR3379808591,Canceled by Customer,CID681854,Prime Plus,Shivajinagar,Ramamurthy Nagar,,,Change of plans,Not Applicable,Not Applicable,Not Applicable,641,Not Applicable,0,,
2024-07-01 01:56:00,CNR8747057272,Canceled by Driver,CID723153,Prime Sedan,JP Nagar,Rajarajeshwari Nagar,,,Not Applicable,Customer related issue,Not Applicable,Not Applicable,2554,Not Applicable,0,,
2024-07-16 06:14:00,CNR2186970362,Success,CID910924,Bike,Frazer Town,Electronic City,112.0,95.0,Not Applicable,Not Applicable,No,Not Applicable,122,UPI,31,4.8,3.7
2024-07-07 15:02:00,CNR7521508811,Canceled by Driver,CID978117,Bike,Shivajinagar,Hebbal,,,Not Applicable,Personal & Car related issue,Not Applicable,Not Applicable,562,Not Applicable,0,,
2024-07-12 14:21:00,CNR4373378540,Success,CID771607,Prime Plus,Kengeri,Banashankari,210.0,25.0,Not Applicable,Not Applicable,No,Not Applicable,149,Cash,23,3.3,3.4
2024-07-09 16:19:00,CNR5708741908,Driver Not Found,CID407886,eBike,Hosur Road,Chickpet,,,Not Applicable,Not Applicable,Not Applicable,Not Applicable,426,Not Applicable,0,,
2024-07-23 16:04:00,CNR9885390121,Success,CID585483,eBike,Banashankari,Bannerghatta Road,287.0,100.0,Not Applicable,Not Applicable,No,Not Applicable,380,Cash,1,3.4,3.5
2024-07-30 06:06:00,CNR5962731828,Success,CID141737,Prime SUV,Hulimavu,Varthur,84.0,50.0,Not Applicable,Not Applicable,No,Not Applicable,259,Cash,26,4.3,3.5
2024-07-17 02:43:00,CNR6401991349,Success,CID101990,Prime SUV,Rajajinagar,Devanahalli,182.0,140.0,Not Applicable,Not Applicable,No,Not Applicable,830,UPI,9,3.8,4.8
2024-07-15 14:53:00,CNR2403132055,Success,CID106312,Auto,Yelahanka,Hennur,49.0,135.0,Not Applicable,Not Applicable,No,Not Applicable,379,UPI,2,4.3,4.4
2024-07-01 07:07:00,CNR8171918691,Success,CID251328,Bike,Shivajinagar,RT Nagar,252.0,70.0,Not Applicable,Not Applicable,No,Not Applicable,2765,UPI,11,3.4,4.1
2024-07-16 01:02:00,CNR3082859044,Success,CID238818,Mini,Marathahalli,Tumkur Road,168.0,30.0,Not Applicable,Not Applicable,No,Not Applicable,992,UPI,37,4.5,3.5
2024-07-21 02:10:00,CNR6719126724,Success,CID405545,Prime SUV,Hennur,Banashankari,301.0,110.0,Not Applicable,Not Applicable,No,Not Applicable,463,UPI,49,3.1,4.1
2024-07-03 15:22:00,CNR8828258332,Canceled by Customer,CID599427,Prime SUV,Langford Town,BTM Layout,,,AC is Not working,Not Applicable,Not Applicable,Not Applicable,527,Not Applicable,0,,
2024-07-07 17:52:00,CNR2627888774,Canceled by Driver,CID488985,Prime SUV,Nagarbhavi,Bannerghatta Road,,,Not Applicable,More than permitted people in there,Not Applicable,Not Applicable,301,Not Applicable,0,,
2024-07-08 22:08:00,CNR5279891018,Success,CID347253,Prime Sedan,Yeshwanthpur,Electronic City,77.0,95.0,Not Applicable,Not Applicable,No,Not Applicable,2951,UPI,32,3.9,4.0
2024-07-20 14:12:00,CNR9470565957,Success,CID298234,eBike,Whitefield,Electronic City,42.0,100.0,Not Applicable,Not Applicable,Yes,Other Issue,321,Cash,14,4.4,4.5
2024-07-30 06:27:00,CNR1306263848,Success,CID136255,Prime SUV,Ulsoor,Richmond Town,245.0,105.0,Not Applicable,Not Applicable,No,Not Applicable,868,Cash,39,4.8,4.0
2024-07-30 20:06:00,CNR3939092444,Success,CID590006,Bike,Nagarbhavi,Majestic,259.0,65.0,Not Applicable,Not Applicable,No,Not Applicable,148,Cash,35,3.5,3.7
2024-07-23 09:24:00,CNR9992764387,Canceled by Driver,CID511652,Mini,Indiranagar,Hebbal,,,Not Applicable,Personal & Car related issue,Not Applicable,Not Applicable,366,Not Applicable,0,,
2024-07-30 03:43:00,CNR7352648733,Success,CID586940,Bike,Varthur,Varthur,126.0,70.0,Not Applicable,Not Applicable,No,Not Applicable,388,Credit Card,32,4.7,4.6
2024-07-12 06:44:00,CNR7041377951,Success,CID954486,Mini,Basavanagudi,Yeshwanthpur,140.0,65.0,Not Applicable,Not Applicable,No,Not Applicable,896,Cash,10,4.3,4.2
2024-07-23 03:09:00,CNR7417227088,Success,CID587108,Auto,Richmond Town,Bannerghatta Road,259.0,105.0,Not Applicable,Not Applicable,No,Not Applicable,379,UPI,12,4.3,4.6
2024-07-16 09:45:00,CNR7956444612,Driver Not Found,CID236892,Auto,Nagarbhavi,Kadugodi,,,Not Applicable,Not Applicable,Not Applicable,Not Applicable,490,Not Applicable,0,,
2024-07-30 19:35:00,CNR6003986739,Success,CID179471,Prime Sedan,Basavanagudi,HSR Layout,168.0,140.0,Not Applicable,Not Applicable,No,Not Applicable,488,UPI,47,4.2,4.7
2024-07-09 14:07:00,CNR3718964851,Success,CID728538,Prime SUV,Majestic,HSR Layout,70.0,130.0,Not Applicable,Not Applicable,No,Not Applicable,306,UPI,1,3.7,3.0
2024-07-06 20:13:00,CNR7401630513,Success,CID707937,Bike,Bannerghatta Road,Kengeri,308.0,75.0,Not Applicable,Not Applicable,Yes,Vehicle Breakdown,288,Cash,16,3.2,4.8
2024-07-15 16:47:00,CNR3691757780,Canceled by Driver,CID963077,Prime Plus,Sahakar Nagar,Hosur Road,,,Not Applicable,Customer was coughing/sick,Not Applicable,Not Applicable,109,Not Applicable,0,,
2024-07-30 10:07:00,CNR8770418496,Success,CID835342,Prime Sedan,Nagarbhavi,Ramamurthy Nagar,161.0,35.0,Not Applicable,Not Applicable,No,Not Applicable,323,UPI,2,3.2,4.7
2024-07-15 04:20:00,CNR8938677975,Canceled by Customer,CID134390,Prime Plus,Varthur,BTM Layout,,,Driver is not moving towards pickup location,Not Applicable,Not Applicable,Not Applicable,317,Not Applicable,0,,
2024-07-13 21:35:00,CNR2328329021,Canceled by Driver,CID783259,Mini,Vijayanagar,Kengeri,,,Not Applicable,Customer related issue,Not Applicable,Not Applicable,627,Not Applicable,0,,
2024-07-04 04:47:00,CNR1653800707,Success,CID717273,Prime SUV,Hulimavu,Indiranagar,273.0,55.0,Not Applicable,Not Applicable,No,Not Applicable,220,UPI,30,4.5,3.2
2024-07-10 14:45:00,CNR1345690069,Success,CID305209,Bike,Chickpet,KR Puram,182.0,115.0,Not Applicable,Not Applicable,No,Not Applicable,405,UPI,42,4.1,4.0
2024-07-03 03:31:00,CNR5820768387,Success,CID442978,Prime Plus,Yeshwanthpur,Hulimavu,147.0,100.0,Not Applicable,Not Applicable,No,Not Applicable,2929,Cash,29,4.5,3.5
2024-07-07 08:05:00,CNR5676083923,Success,CID163623,Prime Plus,Malleshwaram,Kadugodi,133.0,55.0,Not Applicable,Not Applicable,No,Not Applicable,479,UPI,16,4.7,4.1
2024-07-30 04:56:00,CNR2638592111,Success,CID368966,Bike,Nagarbhavi,Devanahalli,238.0,110.0,Not Applicable,Not Applicable,Yes,Other Issue,250,UPI,12,4.7,4.3
2024-07-11 08:44:00,CNR4459683323,Canceled by Driver,CID700497,Bike,KR Puram,Hebbal,,,Not Applicable,Customer was coughing/sick,Not Applicable,Not Applicable,255,Not Applicable,0,,
2024-07-06 20:19:00,CNR1806469255,Success,CID385064,Mini,Bellandur,Shivajinagar,266.0,50.0,Not Applicable,Not Applicable,No,Not Applicable,753,Cash,19,4.7,4.2
2024-07-19 23:58:00,CNR6014336348,Canceled by Driver,CID392217,Prime SUV,Indiranagar,Shivajinagar,,,Not Applicable,Customer was coughing/sick,Not Applicable,Not Applicable,943,Not Applicable,0,,
2024-07-20 05:27:00,CNR5922426301,Success,CID312037,Prime SUV,HSR Layout,Rajarajeshwari Nagar,308.0,130.0,Not Applicable,Not Applicable,No,Not Applicable,183,UPI,47,3.0,4.8
2024-07-22 17:03:00,CNR5614118869,Success,CID124834,Auto,Marathahalli,Shantinagar,266.0,95.0,Not Applicable,Not Applicable,No,Not Applicable,223,Cash,19,4.1,3.8
2024-07-15 20:47:00,CNR4356647968,Success,CID829001,Mini,Sarjapur Road,MG Road,210.0,130.0,Not Applicable,Not Applicable,No,Not Applicable,943,UPI,16,3.1,4.7
2024-07-11 13:57:00,CNR6305150988,Success,CID614887,Bike,Chamarajpet,Tumkur Road,35.0,85.0,Not Applicable,Not Applicable,No,Not Applicable,1888,Cash,38,3.5,3.1
2024-07-05 07:58:00,CNR7245031748,Success,CID397113,Bike,Ulsoor,Majestic,287.0,135.0,Not Applicable,Not Applicable,No,Not Applicable,1505,Cash,15,3.1,4.3
2024-07-24 18:09:00,CNR3423546837,Success,CID820358,eBike,Shivajinagar,Devanahalli,77.0,135.0,Not Applicable,Not Applicable,No,Not Applicable,924,Cash,23,4.1,5.0
2024-07-17 01:20:00,CNR3499651892,Canceled by Driver,CID153580,Prime SUV,Varthur,Jayanagar,,,Not Applicable,Customer was coughing/sick,Not Applicable,Not Applicable,322,Not Applicable,0,,
2024-07-09 15:10:00,CNR8615581777,Canceled by Driver,CID288738,Prime Sedan,Rajarajeshwari Nagar,Yeshwanthpur,,,Not Applicable,Personal & Car related issue,Not Applicable,Not Applicable,194,Not Applicable,0,,
2024-07-25 05:20:00,CNR9289594543,Success,CID114162,Auto,Frazer Town,Nagarbhavi,252.0,45.0,Not Applicable,Not Applicable,No,Not Applicable,556,Cash,6,4.8,5.0
2024-07-18 08:46:00,CNR7015957806,Success,CID350552,Prime Plus,Kadugodi,Ulsoor,133.0,60.0,Not Applicable,Not Applicable,No,Not Applicable,279,Cash,22,3.2,4.6
2024-07-26 11:02:00,CNR4645605030,Canceled by Driver,CID594167,eBike,Marathahalli,Shantinagar,,,Not Applicable,Customer was coughing/sick,Not Applicable,Not Applicable,389,Not Applicable,0,,
2024-07-20 14:03:00,CNR1971414458,Success,CID619196,Mini,BTM Layout,Hulimavu,196.0,115.0,Not Applicable,Not Applicable,No,Not Applicable,2529,Cash,46,4.8,3.0
2024-07-25 08:59:00,CNR5133688866,Success,CID558568,Auto,Nagarbhavi,Vijayanagar,168.0,100.0,Not Applicable,Not Applicable,No,Not Applicable,489,UPI,2,3.1,4.0
2024-07-03 17:10:00,CNR3562741341,Success,CID667777,eBike,Langford Town,Whitefield,77.0,40.0,Not Applicable,Not Applicable,No,Not Applicable,224,Cash,29,3.1,3.6
2024-07-10 02:45:00,CNR5106830777,Canceled by Driver,CID306767,Mini,Nagarbhavi,Vijayanagar,,,Not Applicable,Customer related issue,Not Applicable,Not Applicable,928,Not Applicable,0,,
2024-07-19 00:30:00,CNR9050949619,Success,CID402148,Auto,Chickpet,Hebbal,168.0,125.0,Not Applicable,Not Applicable,No,Not Applicable,482,Cash,7,3.2,4.1
2024-07-11 08:33:00,CNR2259217883,Canceled by Driver,CID707069,Prime SUV,Banashankari,Cox Town,,,Not Applicable,More than permitted people in there,Not Applicable,Not Applicable,110,Not Applicable,0,,
2024-07-19 08:49:00,CNR9282117516,Success,CID128817,eBike,Bannerghatta Road,Rajajinagar,91.0,110.0,Not Applicable,Not Applicable,No,Not Applicable,752,Cash,6,4.8,3.3
2024-07-28 14:04:00,CNR1824504351,Success,CID972266,eBike,Yelahanka,Chamarajpet,280.0,70.0,Not Applicable,Not Applicable,No,Not Applicable,482,Cash,46,3.6,4.2
2024-07-24 17:33:00,CNR1847247405,Success,CID209899,Prime Sedan,Yelahanka,Shivajinagar,35.0,130.0,Not Applicable,Not Applicable,No,Not Applicable,178,Cash,24,3.3,3.5
2024-07-05 01:21:00,CNR3701821162,Success,CID530341,eBike,Devanahalli,Sarjapur Road,217.0,65.0,Not Applicable,Not Applicable,No,Not Applicable,114,Cash,25,4.7,4.1
2024-07-10 00:55:00,CNR4944166079,Success,CID991462,Prime SUV,Marathahalli,Majestic,301.0,105.0,Not Applicable,Not Applicable,No,Not Applicable,651,UPI,20,4.4,4.6
2024-07-03 21:31:00,CNR6007333408,Success,CID938183,Mini,Varthur,Peenya,147.0,85.0,Not Applicable,Not Applicable,No,Not Applicable,235,UPI,8,4.8,4.9
2024-07-19 02:16:00,CNR9171173323,Canceled by Driver,CID146753,Auto,Koramangala,Devanahalli,,,Not Applicable,Customer was coughing/sick,Not Applicable,Not Applicable,179,Not Applicable,0,,
2024-07-12 23:15:00,CNR6086699385,Success,CID607677,Mini,Marathahalli,Koramangala,231.0,40.0,Not Applicable,Not Applicable,Yes,Other Issue,969,UPI,47,3.4,4.5
2024-07-14 00:55:00,CNR5603221165,Success,CID435246,Auto,Bellandur,Hebbal,189.0,110.0,Not Applicable,Not Applicable,Yes,Vehicle Breakdown,210,Cash,8,4.6,4.9
2024-07-03 07:15:00,CNR5543957650,Success,CID421749,Prime Sedan,Bannerghatta Road,Sarjapur Road,140.0,90.0,Not Applicable,Not Applicable,No,Not Applicable,815,UPI,6,3.5,3.2
2024-07-17 03:25:00,CNR5941513460,Success,CID852717,Bike,Hosur Road,BTM Layout,84.0,115.0,Not Applicable,Not Applicable,No,Not Applicable,124,Cash,10,3.7,4.7
2024-07-11 09:22:00,CNR2950296930,Success,CID534651,Prime Sedan,JP Nagar,Electronic City,189.0,135.0,Not Applicable,Not Applicable,No,Not Applicable,514,Cash,9,3.7,3.4
2024-07-23 03:55:00,CNR7219175530,Success,CID675764,Bike,Chamarajpet,Jayanagar,105.0,45.0,Not Applicable,Not Applicable,No,Not Applicable,296,Cash,15,4.1,4.4
2024-07-30 05:38:00,CNR8910272508,Success,CID539770,Mini,Rajajinagar,Shivajinagar,140.0,80.0,Not Applicable,Not Applicable,No,Not Applicable,650,Cash,13,3.7,4.7
2024-07-14 22:28:00,CNR9463038041,Canceled by Customer,CID855555,Auto,Jayanagar,Peenya,,,Change of plans,Not Applicable,Not Applicable,Not Applicable,160,Not Applicable,0,,
2024-07-09 09:28:00,CNR8433048643,Driver Not Found,CID390044,eBike,JP Nagar,Richmond Town,,,Not Applicable,Not Applicable,Not Applicable,Not Applicable,226,Not Applicable,0,,
2024-07-28 10:24:00,CNR2224278293,Canceled by Driver,CID264364,eBike,Peenya,Kammanahalli,,,Not Applicable,More than permitted people in there,Not Applicable,Not Applicable,490,Not Applicable,0,,
2024-07-30 10:36:00,CNR6740208622,Success,CID739970,Prime Plus,Sahakar Nagar,Chamarajpet,56.0,65.0,Not Applicable,Not Applicable,No,Not Applicable,467,UPI,20,3.3,3.3
2024-07-02 16:51:00,CNR4740017064,Success,CID986200,Mini,Indiranagar,Nagarbhavi,231.0,100.0,Not Applicable,Not Applicable,No,Not Applicable,360,UPI,38,4.3,4.2
2024-07-14 00:06:00,CNR4377885464,Success,CID282627,Bike,Chickpet,Yeshwanthpur,133.0,80.0,Not Applicable,Not Applicable,No,Not Applicable,458,Cash,48,4.6,4.1
2024-07-07 11:25:00,CNR8736676701,Success,CID885007,Auto,Whitefield,Hulimavu,140.0,30.0,Not Applicable,Not Applicable,No,Not Applicable,144,UPI,17,4.8,4.8
2024-07-10 16:17:00,CNR5900650805,Driver Not Found,CID429606,Prime Plus,Bannerghatta Road,Chamarajpet,,,Not Applicable,Not Applicable,Not Applicable,Not Applicable,170,Not Applicable,0,,
2024-07-10 12:08:00,CNR3951551662,Success,CID371538,Auto,Langford Town,Mysore Road,273.0,140.0,Not Applicable,Not Applicable,No,Not Applicable,693,UPI,11,4.7,4.9
2024-07-04 22:22:00,CNR4950283273,Success,CID395231,eBike,Kengeri,JP Nagar,196.0,135.0,Not Applicable,Not Applicable,No,Not Applicable,521,Cash,25,3.1,4.9
2024-07-30 22:26:00,CNR1333723405,Canceled by Driver,CID877245,Auto,Hosur Road,Magadi Road,,,Not Applicable,Customer related issue,Not Applicable,Not Applicable,275,Not Applicable,0,,
2024-07-27 18:35:00,CNR7912956272,Canceled by Customer,CID368583,Prime Sedan,Rajarajeshwari Nagar,Hosur Road,,,Driver asked to cancel,Not Applicable,Not Applicable,Not Applicable,430,Not Applicable,0,,
2024-07-19 09:40:00,CNR1016156961,Canceled by Customer,CID267919,Prime Sedan,Hennur,Shivajinagar,,,Driver is not moving towards pickup location,Not Applicable,Not Applicable,Not Applicable,311,Not Applicable,0,,
2024-07-17 22:29:00,CNR9333856398,Success,CID213032,Prime Sedan,Vijayanagar,MG Road,259.0,60.0,Not Applicable,Not Applicable,No,Not Applicable,491,Cash,1,3.9,3.3
2024-07-23 15:27:00,CNR5937734578,Success,CID439183,Prime Plus,Ramamurthy Nagar,Indiranagar,133.0,60.0,Not Applicable,Not Applicable,No,Not Applicable,315,UPI,19,4.1,4.8
2024-07-06 11:10:00,CNR9170368300,Canceled by Driver,CID125224,Prime Sedan,Richmond Town,Hulimavu,,,Not Applicable,Customer related issue,Not Applicable,Not Applicable,281,Not Applicable,0,,
2024-07-21 15:37:00,CNR3926559361,Success,CID970446,Prime Sedan,Varthur,Bellandur,210.0,115.0,Not Applicable,Not Applicable,No,Not Applicable,472,UPI,23,4.0,3.3
2024-07-19 21:30:00,CNR5795888536,Driver Not Found,CID891011,Mini,Marathahalli,Varthur,,,Not Applicable,Not Applicable,Not Applicable,Not Applicable,270,Not Applicable,0,,
2024-07-20 16:55:00,CNR1673114495,Success,CID652412,Mini,Basavanagudi,Tumkur Road,70.0,40.0,Not Applicable,Not Applicable,No,Not Applicable,954,Cash,6,4.6,4.7
2024-07-07 01:41:00,CNR7566212690,Success,CID468036,Prime SUV,Mysore Road,Chamarajpet,119.0,60.0,Not Applicable,Not Applicable,No,Not Applicable,498,Credit Card,38,4.6,5.0
2024-07-28 19:35:00,CNR4772381963,Success,CID494069,Mini,Vijayanagar,Shivajinagar,182.0,50.0,Not Applicable,Not Applicable,No,Not Applicable,383,UPI,47,5.0,4.9
2024-07-08 19:58:00,CNR1468425172,Success,CID931548,eBike,Bellandur,Rajajinagar,168.0,30.0,Not Applicable,Not Applicable,No,Not Applicable,883,UPI,42,4.0,3.3
2024-07-13 20:58:00,CNR5470091376,Success,CID819834,Prime SUV,Peenya,Bannerghatta Road,301.0,110.0,Not Applicable,Not Applicable,No,Not Applicable,236,Cash,14,4.7,3.5
2024-07-27 23:21:00,CNR6124965890,Success,CID965503,Bike,Bannerghatta Road,Chickpet,287.0,25.0,Not Applicable,Not Applicable,No,Not Applicable,1639,Cash,1,3.1,3.9
2024-07-19 12:21:00,CNR4162955606,Success,CID787659,Prime SUV,Ulsoor,Frazer Town,217.0,130.0,Not Applicable,Not Applicable,No,Not Applicable,466,UPI,18,3.3,3.0
2024-07-29 00:26:00,CNR5454015739,Success,CID461477,Auto,Peenya,HSR Layout,63.0,100.0,Not Applicable,Not Applicable,No,Not Applicable,690,UPI,19,4.8,3.3
2024-07-23 01:09:00,CNR7443843469,Success,CID330783,Mini,Hennur,Kengeri,245.0,65.0,Not Applicable,Not Applicable,No,Not Applicable,318,Credit Card,7,4.6,3.2
2024-07-11 14:54:00,CNR5904201319,Success,CID621939,eBike,Ulsoor,Sahakar Nagar,217.0,50.0,Not Applicable,Not Applicable,No,Not Applicable,474,UPI,22,4.0,3.2
2024-07-30 17:40:00,CNR8565361150,Canceled by Customer,CID445847,Prime Plus,Ulsoor,Bannerghatta Road,,,Driver asked to cancel,Not Applicable,Not Applicable,Not Applicable,369,Not Applicable,0,,
2024-07-22 07:57:00,CNR8400488020,Canceled by Driver,CID999813,Prime Sedan,Nagarbhavi,Indiranagar,,,Not Applicable,Personal & Car related issue,Not Applicable,Not Applicable,228,Not Applicable,0,,
2024-07-26 12:06:00,CNR9690002571,Success,CID809636,Prime Plus,Shantinagar,Rajajinagar,98.0,135.0,Not Applicable,Not Applicable,No,Not Applicable,503,UPI,46,3.2,4.2
2024-07-21 16:36:00,CNR2418032563,Canceled by Driver,CID441970,Prime SUV,Shivajinagar,Frazer Town,,,Not Applicable,Customer was coughing/sick,Not Applicable,Not Applicable,328,Not Applicable,0,,
2024-07-08 22:59:00,CNR1081207324,Success,CID605431,Prime Plus,Peenya,Banashankari,70.0,105.0,Not Applicable,Not Applicable,No,Not Applicable,297,Cash,36,4.3,4.0
2024-07-22 06:10:00,CNR1858180609,Success,CID568520,Auto,MG Road,Yeshwanthpur,77.0,70.0,Not Applicable,Not Applicable,No,Not Applicable,1311,UPI,18,4.6,4.1
2024-07-13 22:09:00,CNR6586346414,Success,CID685803,Prime Sedan,Electronic City,Hennur,196.0,80.0,Not Applicable,Not Applicable,No,Not Applicable,1276,UPI,35,4.4,4.3
2024-07-01 13:55:00,CNR6379846229,Driver Not Found,CID680625,Bike,Kengeri,Vijayanagar,,,Not Applicable,Not Applicable,Not Applicable,Not Applicable,397,Not Applicable,0,,
2024-07-25 09:40:00,CNR6605483483,Canceled by Driver,CID504166,eBike,Marathahalli,KR Puram,,,Not Applicable,Customer was coughing/sick,Not Applicable,Not Applicable,392,Not Applicable,0,,
2024-07-01 19:19:00,CNR4837474957,Success,CID518759,Prime Plus,Bellandur,Majestic,105.0,25.0,Not Applicable,Not Applicable,No,Not Applicable,403,Credit Card,17,4.3,3.3
2024-07-18 03:47:00,CNR2317177048,Canceled by Driver,CID641966,Prime Plus,KR Puram,Tumkur Road,,,Not Applicable,Personal & Car related issue,Not Applicable,Not Applicable,158,Not Applicable,0,,
2024-07-21 12:18:00,CNR7045963258,Success,CID525326,Prime SUV,Langford Town,Padmanabhanagar,63.0,60.0,Not Applicable,Not Applicable,No,Not Applicable,890,UPI,29,3.2,5.0
2024-07-23 10:52:00,CNR3309795793,Success,CID732662,Mini,Kengeri,Ramamurthy Nagar,56.0,85.0,Not Applicable,Not Applicable,No,Not Applicable,248,UPI,9,4.3,3.3
2024-07-04 17:51:00,CNR9986404026,Canceled by Driver,CID659537,Auto,Majestic,Devanahalli,,,Not Applicable,Customer related issue,Not Applicable,Not Applicable,1813,Not Applicable,0,,
2024-07-13 19:03:00,CNR9616057902,Success,CID943145,Prime Sedan,Malleshwaram,Nagarbhavi,294.0,110.0,Not Applicable,Not Applicable,No,Not Applicable,379,Debit Card,11,4.0,4.1
2024-07-02 09:16:00,CNR1606148577,Canceled by Customer,CID803416,Prime Sedan,Basavanagudi,Rajarajeshwari Nagar,,,Change of plans,Not Applicable,Not Applicable,Not Applicable,212,Not Applicable,0,,
2024-07-13 11:37:00,CNR9061711576,Canceled by Customer,CID360432,Mini,Chickpet,Kengeri,,,Wrong Address,Not Applicable,Not Applicable,Not Applicable,410,Not Applicable,0,,
2024-07-03 18:41:00,CNR4182292259,Success,CID660304,Auto,Langford Town,Peenya,238.0,70.0,Not Applicable,Not Applicable,No,Not Applicable,285,Cash,8,4.6,4.9
2024-07-23 14:03:00,CNR6861559635,Success,CID595199,Auto,Chamarajpet,Electronic City,224.0,120.0,Not Applicable,Not Applicable,No,Not Applicable,124,Cash,4,4.1,4.7
2024-07-19 00:27:00,CNR1308698763,Driver Not Found,CID313933,Prime Sedan,Yelahanka,Devanahalli,,,Not Applicable,Not Applicable,Not Applicable,Not Applicable,220,Not Applicable,0,,
2024-07-05 09:17:00,CNR3913645572,Success,CID742191,Mini,Padmanabhanagar,Nagarbhavi,56.0,40.0,Not Applicable,Not Applicable,No,Not Applicable,505,Cash,26,4.2,3.9
2024-07-02 10:28:00,CNR1878642380,Canceled by Driver,CID855212,Bike,Magadi Road,Kengeri,,,Not Applicable,Customer related issue,Not Applicable,Not Applicable,308,Not Applicable,0,,
2024-07-04 13:32:00,CNR3926643665,Driver Not Found,CID428351,Prime Plus,Basavanagudi,Chickpet,,,Not Applicable,Not Applicable,Not Applicable,Not Applicable,374,Not Applicable,0,,
2024-07-19 14:28:00,CNR1751688753,Success,CID309846,Prime Sedan,Indiranagar,Kadugodi,112.0,130.0,Not Applicable,Not Applicable,No,Not Applicable,401,UPI,10,3.5,4.1
2024-07-10 09:16:00,CNR1977210107,Canceled by Customer,CID751426,Auto,Magadi Road,Hennur,,,AC is Not working,Not Applicable,Not Applicable,Not Applicable,1787,Not Applicable,0,,
2024-07-16 06:48:00,CNR7570863661,Success,CID803894,Mini,Cox Town,Chamarajpet,189.0,30.0,Not Applicable,Not Applicable,No,Not Applicable,406,UPI,24,4.7,4.2
2024-07-23 16:25:00,CNR5106418153,Success,CID707958,Auto,Chickpet,HSR Layout,140.0,90.0,Not Applicable,Not Applicable,No,Not Applicable,281,Cash,4,4.6,4.4
2024-07-18 13:04:00,CNR9099357359,Success,CID470939,Mini,Bellandur,Langford Town,154.0,25.0,Not Applicable,Not Applicable,No,Not Applicable,678,Cash,27,5.0,3.2
2024-07-10 06:13:00,CNR5191833677,Success,CID250378,Bike,Nagarbhavi,Devanahalli,126.0,65.0,Not Applicable,Not Applicable,No,Not Applicable,951,Cash,26,3.0,3.6
2024-07-10 11:18:00,CNR2555131994,Success,CID639402,Prime SUV,Hulimavu,MG Road,231.0,70.0,Not Applicable,Not Applicable,No,Not Applicable,964,UPI,5,3.6,3.6
2024-07-06 16:17:00,CNR4751890169,Success,CID464385,Mini,Mysore Road,KR Puram,238.0,90.0,Not Applicable,Not Applicable,No,Not Applicable,781,Cash,3,4.7,3.6
2024-07-14 12:02:00,CNR6349244845,Canceled by Driver,CID316977,Prime Plus,Bannerghatta Road,Basavanagudi,,,Not Applicable,Customer was coughing/sick,Not Applicable,Not Applicable,1311,Not Applicable,0,,
2024-07-05 04:30:00,CNR8122507739,Success,CID649230,Prime Plus,Peenya,Nagarbhavi,252.0,35.0,Not Applicable,Not Applicable,No,Not Applicable,318,Cash,8,4.9,5.0
2024-07-06 00:35:00,CNR3537017197,Success,CID125593,Auto,Indiranagar,Sarjapur Road,231.0,60.0,Not Applicable,Not Applicable,No,Not Applicable,472,Cash,17,4.8,4.5
2024-07-22 04:06:00,CNR1137858697,Canceled by Driver,CID319295,Prime Sedan,HSR Layout,Kadugodi,,,Not Applicable,Customer was coughing/sick,Not Applicable,Not Applicable,564,Not Applicable,0,,
2024-07-28 13:37:00,CNR2812922021,Success,CID442246,eBike,HSR Layout,Banashankari,70.0,120.0,Not Applicable,Not Applicable,No,Not Applicable,242,Cash,19,3.4,3.7
2024-07-19 15:22:00,CNR3786219657,Canceled by Customer,CID352966,eBike,Kadugodi,Chickpet,,,Change of plans,Not Applicable,Not Applicable,Not Applicable,495,Not Applicable,0,,
2024-07-19 06:30:00,CNR8516337053,Success,CID632019,Bike,Hebbal,Padmanabhanagar,154.0,25.0,Not Applicable,Not Applicable,No,Not Applicable,2730,Credit Card,43,4.6,3.1
2024-07-14 11:28:00,CNR2830747531,Canceled by Driver,CID581447,Prime Plus,Electronic City,Vijayanagar,,,Not Applicable,Personal & Car related issue,Not Applicable,Not Applicable,238,Not Applicable,0,,
2024-07-11 23:59:00,CNR3837310727,Driver Not Found,CID615498,Prime SUV,Vijayanagar,Vijayanagar,,,Not Applicable,Not Applicable,Not Applicable,Not Applicable,341,Not Applicable,0,,
2024-07-30 19:19:00,CNR1315985535,Success,CID772770,Mini,BTM Layout,Malleshwaram,63.0,95.0,Not Applicable,Not Applicable,Yes,Vehicle Breakdown,387,UPI,38,4.0,3.7
2024-07-01 05:25:00,CNR2798061151,Canceled by Driver,CID789453,Auto,Jayanagar,Langford Town,,,Not Applicable,Personal & Car related issue,Not Applicable,Not Applicable,967,Not Applicable,0,,
2024-07-19 15:36:00,CNR8969750431,Success,CID746188,Prime Plus,Richmond Town,Chickpet,70.0,145.0,Not Applicable,Not Applicable,No,Not Applicable,245,Cash,17,3.6,4.2
2024-07-23 20:21:00,CNR4872487290,Success,CID448005,Prime Sedan,Tumkur Road,Chamarajpet,133.0,105.0,Not Applicable,Not Applicable,No,Not Applicable,222,Cash,2,4.7,5.0
2024-07-14 01:14:00,CNR6198851471,Success,CID379316,Prime Sedan,Banashankari,Yeshwanthpur,308.0,25.0,Not Applicable,Not Applicable,No,Not Applicable,396,UPI,16,3.0,4.4
2024-07-14 21:04:00,CNR8042351324,Success,CID736868,Prime Sedan,Sarjapur Road,Bellandur,259.0,30.0,Not Applicable,Not Applicable,No,Not Applicable,616,UPI,44,4.3,3.4
2024-07-27 16:04:00,CNR9131420347,Success,CID781417,Prime Sedan,Marathahalli,RT Nagar,105.0,40.0,Not Applicable,Not Applicable,No,Not Applicable,217,UPI,44,3.1,3.8
2024-07-08 03:46:00,CNR1002856345,Success,CID246055,Prime Sedan,Sarjapur Road,Chamarajpet,63.0,65.0,Not Applicable,Not Applicable,No,Not Applicable,315,Cash,29,3.5,4.4
2024-07-15 11:12:00,CNR8653387450,Success,CID997542,Mini,Cox Town,Mysore Road,112.0,45.0,Not Applicable,Not Applicable,No,Not Applicable,496,Cash,15,3.9,3.6
2024-07-18 07:50:00,CNR9236131602,Canceled by Driver,CID538666,Mini,Kengeri,Electronic City,,,Not Applicable,Customer related issue,Not Applicable,Not Applicable,1069,Not Applicable,0,,
2024-07-17 22:17:00,CNR7568616261,Success,CID654542,Prime Plus,RT Nagar,Kengeri,308.0,90.0,Not Applicable,Not Applicable,No,Not Applicable,264,Cash,44,3.7,4.9
2024-07-20 18:18:00,CNR6484048519,Canceled by Customer,CID478161,Auto,Bellandur,Majestic,,,AC is Not working,Not Applicable,Not Applicable,Not Applicable,459,Not Applicable,0,,
2024-07-20 01:14:00,CNR6241022551,Success,CID598240,Bike,Banashankari,Shivajinagar,84.0,110.0,Not Applicable,Not Applicable,No,Not Applicable,255,Cash,48,4.8,3.2
2024-07-19 06:02:00,CNR8980352897,Canceled by Customer,CID347842,Bike,Koramangala,Frazer Town,,,Change of plans,Not Applicable,Not Applicable,Not Applicable,995,Not Applicable,0,,
2024-07-17 15:13:00,CNR3551614993,Driver Not Found,CID640496,eBike,Nagarbhavi,Chickpet,,,Not Applicable,Not Applicable,Not Applicable,Not Applicable,422,Not Applicable,0,,
2024-07-26 07:38:00,CNR4687359971,Success,CID395763,eBike,Kengeri,Sahakar Nagar,175.0,30.0,Not Applicable,Not Applicable,Yes,Other Issue,309,Cash,33,3.6,4.7
2024-07-29 18:40:00,CNR9471885415,Driver Not Found,CID755039,Auto,Indiranagar,Padmanabhanagar,,,Not Applicable,Not Applicable,Not Applicable,Not Applicable,279,Not Applicable,0,,
2024-07-06 13:12:00,CNR2209255073,Success,CID741432,Prime Plus,Bannerghatta Road,RT Nagar,105.0,85.0,Not Applicable,Not Applicable,No,Not Applicable,341,Cash,3,4.3,4.9
2024-07-09 16:37:00,CNR9341456630,Driver Not Found,CID147615,Bike,Nagarbhavi,Padmanabhanagar,,,Not Applicable,Not Applicable,Not Applicable,Not Applicable,130,Not Applicable,0,,
2024-07-06 17:57:00,CNR4960968823,Success,CID311979,Auto,Shantinagar,RT Nagar,308.0,135.0,Not Applicable,Not Applicable,No,Not Applicable,787,UPI,12,3.9,3.6
2024-07-12 20:14:00,CNR9983255992,Canceled by Driver,CID955995,Prime SUV,Frazer Town,Chickpet,,,Not Applicable,Personal & Car related issue,Not Applicable,Not Applicable,485,Not Applicable,0,,
2024-07-21 15:50:00,CNR1956917146,Success,CID186345,eBike,Bannerghatta Road,Ulsoor,203.0,105.0,Not Applicable,Not Applicable,No,Not Applicable,582,UPI,18,4.9,4.3
2024-07-19 06:29:00,CNR3521302231,Success,CID492500,Bike,Kengeri,Hebbal,224.0,40.0,Not Applicable,Not Applicable,No,Not Applicable,520,UPI,11,4.5,3.9
2024-07-20 09:06:00,CNR9679528941,Success,CID520219,Prime Plus,Marathahalli,Cox Town,168.0,75.0,Not Applicable,Not Applicable,No,Not Applicable,830,UPI,14,4.7,4.4
2024-07-20 13:27:00,CNR6458887920,Canceled by Driver,CID584665,Auto,Malleshwaram,Chamarajpet,,,Not Applicable,Customer was coughing/sick,Not Applicable,Not Applicable,196,Not Applicable,0,,
2024-07-04 06:58:00,CNR3666724226,Success,CID357570,eBike,Magadi Road,Vijayanagar,35.0,105.0,Not Applicable,Not Applicable,No,Not Applicable,740,Cash,5,3.4,3.8
2024-07-27 00:57:00,CNR6429245020,Canceled by Driver,CID505837,Prime Sedan,Marathahalli,Hosur Road,,,Not Applicable,More than permitted people in there,Not Applicable,Not Applicable,564,Not Applicable,0,,
2024-07-28 19:52:00,CNR8095433828,Success,CID853691,Bike,Hulimavu,BTM Layout,196.0,130.0,Not Applicable,Not Applicable,No,Not Applicable,253,UPI,33,3.4,4.7
2024-07-20 15:36:00,CNR6766420531,Success,CID688711,Mini,Koramangala,Magadi Road,84.0,60.0,Not Applicable,Not Applicable,No,Not Applicable,232,UPI,33,3.6,5.0
2024-07-05 04:10:00,CNR3835747397,Canceled by Driver,CID293440,Prime SUV,Langford Town,Hebbal,,,Not Applicable,Personal & Car related issue,Not Applicable,Not Applicable,295,Not Applicable,0,,
2024-07-11 21:21:00,CNR8067767580,Success,CID787876,Prime Sedan,Shivajinagar,Hulimavu,217.0,145.0,Not Applicable,Not Applicable,Yes,Customer Demand,411,Cash,42,5.0,4.5
2024-07-29 03:56:00,CNR2940944914,Success,CID750962,Mini,Sahakar Nagar,Hennur,42.0,125.0,Not Applicable,Not Applicable,No,Not Applicable,226,Cash,21,4.3,3.2
2024-07-23 02:47:00,CNR1257731736,Driver Not Found,CID724380,Bike,Sahakar Nagar,Kengeri,,,Not Applicable,Not Applicable,Not Applicable,Not Applicable,452,Not Applicable,0,,
2024-07-13 13:13:00,CNR1166220138,Canceled by Customer,CID396188,Bike,Devanahalli,Shantinagar,,,Driver is not moving towards pickup location,Not Applicable,Not Applicable,Not Applicable,928,Not Applicable,0,,
2024-07-16 06:05:00,CNR8062683418,Success,CID580788,Bike,Cox Town,Rajarajeshwari Nagar,266.0,135.0,Not Applicable,Not Applicable,No,Not Applicable,479,Cash,33,4.0,4.4
2024-07-27 13:33:00,CNR8313067392,Canceled by Driver,CID341052,Mini,Electronic City,Rajajinagar,,,Not Applicable,Customer related issue,Not Applicable,Not Applicable,591,Not Applicable,0,,
2024-07-03 20:52:00,CNR3143536637,Success,CID769790,Bike,KR Puram,RT Nagar,49.0,40.0,Not Applicable,Not Applicable,No,Not Applicable,239,Cash,6,3.0,3.9
2024-07-16 18:20:00,CNR4554005826,Success,CID873326,Auto,Basavanagudi,Devanahalli,189.0,70.0,Not Applicable,Not Applicable,No,Not Applicable,337,Cash,4,3.7,4.6
2024-07-16 19:42:00,CNR9885116601,Canceled by Driver,CID212095,Bike,Kammanahalli,Frazer Town,,,Not Applicable,Personal & Car related issue,Not Applicable,Not Applicable,256,Not Applicable,0,,
2024-07-20 22:53:00,CNR7870437684,Success,CID137221,eBike,Marathahalli,Basavanagudi,42.0,50.0,Not Applicable,Not Applicable,No,Not Applicable,302,Cash,35,3.2,3.1
2024-07-05 08:12:00,CNR2084571707,Success,CID499613,Prime SUV,Cox Town,Magadi Road,70.0,80.0,Not Applicable,Not Applicable,No,Not Applicable,250,Cash,6,4.1,4.8
2024-07-13 14:01:00,CNR9139902991,Driver Not Found,CID845101,Prime Plus,Mysore Road,Chickpet,,,Not Applicable,Not Applicable,Not Applicable,Not Applicable,275,Not Applicable,0,,
2024-07-28 05:46:00,CNR9293367303,Success,CID419502,Prime SUV,Koramangala,Varthur,217.0,45.0,Not Applicable,Not Applicable,No,Not Applicable,1202,UPI,6,4.7,4.4
2024-07-10 07:01:00,CNR6894996437,Success,CID291194,Prime SUV,Frazer Town,Hosur Road,266.0,70.0,Not Applicable,Not Applicable,Yes,Vehicle Breakdown,444,UPI,2,4.4,4.3
2024-07-22 17:13:00,CNR4210481581,Success,CID676081,Prime Plus,MG Road,BTM Layout,238.0,25.0,Not Applicable,Not Applicable,No,Not Applicable,372,Cash,27,3.6,3.7
2024-07-11 05:25:00,CNR5336306458,Success,CID649309,eBike,Shivajinagar,RT Nagar,182.0,60.0,Not Applicable,Not Applicable,No,Not Applicable,840,Cash,33,3.9,4.3
2024-07-28 05:46:00,CNR4524974434,Success,CID711289,Prime SUV,Devanahalli,Malleshwaram,161.0,110.0,Not Applicable,Not Applicable,No,Not Applicable,376,Cash,28,3.9,4.7
2024-07-15 03:38:00,CNR1675300040,Canceled by Driver,CID232640,Prime Plus,Yelahanka,Hosur Road,,,Not Applicable,Personal & Car related issue,Not Applicable,Not Applicable,271,Not Applicable,0,,
2024-07-24 10:14:00,CNR5995453992,Canceled by Driver,CID537678,Mini,Hosur Road,Hosur Road,,,Not Applicable,Personal & Car related issue,Not Applicable,Not Applicable,220,Not Applicable,0,,
2024-07-11 14:00:00,CNR4221725226,Canceled by Driver,CID274855,Auto,Koramangala,Padmanabhanagar,,,Not Applicable,Personal & Car related issue,Not Applicable,Not Applicable,286,Not Applicable,0,,
2024-07-23 09:14:00,CNR9157639048,Success,CID442638,Prime Plus,Sahakar Nagar,Sarjapur Road,84.0,45.0,Not Applicable,Not Applicable,No,Not Applicable,809,UPI,21,3.0,3.6
2024-07-15 15:34:00,CNR3790548441,Success,CID985085,eBike,Hulimavu,Ulsoor,77.0,65.0,Not Applicable,Not Applicable,No,Not Applicable,657,Cash,30,4.7,3.6
2024-07-12 11:37:00,CNR6639207086,Success,CID832881,Prime Plus,Malleshwaram,Hulimavu,91.0,105.0,Not Applicable,Not Applicable,No,Not Applicable,653,Cash,44,4.9,4.0
2024-07-23 00:52:00,CNR6676557697,Canceled by Customer,CID854122,eBike,Rajajinagar,KR Puram,,,AC is Not working,Not Applicable,Not Applicable,Not Applicable,117,Not Applicable,0,,
2024-07-05 12:25:00,CNR4446492969,Success,CID866735,Mini,Frazer Town,Yeshwanthpur,126.0,95.0,Not Applicable,Not Applicable,No,Not Applicable,494,Cash,14,4.0,3.5
2024-07-13 14:20:00,CNR1313564998,Success,CID169257,Auto,Hulimavu,Shivajinagar,77.0,55.0,Not Applicable,Not Applicable,No,Not Applicable,146,UPI,10,4.7,4.0
2024-07-03 19:21:00,CNR5604268425,Success,CID416999,Auto,KR Puram,Bannerghatta Road,266.0,70.0,Not Applicable,Not Applicable,No,Not Applicable,484,Cash,2,3.9,3.3
2024-07-27 20:52:00,CNR4367890587,Success,CID408187,Prime SUV,Ulsoor,BTM Layout,231.0,125.0,Not Applicable,Not Applicable,No,Not Applicable,303,Credit Card,11,4.4,4.8
2024-07-06 02:25:00,CNR6465547172,Success,CID937558,Auto,Cox Town,Banashankari,70.0,60.0,Not Applicable,Not Applicable,No,Not Applicable,433,Cash,6,3.7,4.9
2024-07-16 08:15:00,CNR8633903285,Success,CID663792,Prime SUV,Shivajinagar,Indiranagar,77.0,25.0,Not Applicable,Not Applicable,No,Not Applicable,126,Cash,9,4.3,3.3
2024-07-27 04:05:00,CNR6187835200,Canceled by Driver,CID644970,Prime SUV,Yeshwanthpur,Mysore Road,,,Not Applicable,Customer was coughing/sick,Not Applicable,Not Applicable,1115,Not Applicable,0,,
2024-07-05 06:07:00,CNR3736711039,Canceled by Customer,CID416721,eBike,Hosur Road,RT Nagar,,,Change of plans,Not Applicable,Not Applicable,Not Applicable,902,Not Applicable,0,,
2024-07-04 15:32:00,CNR5354598050,Success,CID604704,Prime Plus,KR Puram,Ramamurthy Nagar,287.0,110.0,Not Applicable,Not Applicable,Yes,Other Issue,232,UPI,4,3.1,3.8
2024-07-25 13:20:00,CNR4727157502,Canceled by Driver,CID127856,Mini,Devanahalli,Ramamurthy Nagar,,,Not Applicable,Customer related issue,Not Applicable,Not Applicable,386,Not Applicable,0,,
2024-07-17 16:12:00,CNR3647439441,Canceled by Driver,CID111736,eBike,Hebbal,Kammanahalli,,,Not Applicable,Personal & Car related issue,Not Applicable,Not Applicable,144,Not Applicable,0,,
2024-07-16 01:02:00,CNR2518888740,Canceled by Driver,CID496700,Auto,Chamarajpet,Bellandur,,,Not Applicable,Personal & Car related issue,Not Applicable,Not Applicable,225,Not Applicable,0,,
2024-07-08 15:08:00,CNR9912846958,Canceled by Customer,CID781656,eBike,Marathahalli,Kengeri,,,Driver asked to cancel,Not Applicable,Not Applicable,Not Applicable,472,Not Applicable,0,,
2024-07-24 13:16:00,CNR3507199744,Canceled by Customer,CID688504,Prime Sedan,Majestic,Nagarbhavi,,,Driver is not moving towards pickup location,Not Applicable,Not Applicable,Not Applicable,424,Not Applicable,0,,
2024-07-07 13:28:00,CNR6225996975,Success,CID209781,Prime SUV,Indiranagar,Bellandur,56.0,40.0,Not Applicable,Not Applicable,Yes,Customer Demand,214,UPI,34,4.1,3.2
2024-07-19 02:36:00,CNR2476982846,Success,CID274198,Auto,Jayanagar,Rajajinagar,301.0,65.0,Not Applicable,Not Applicable,No,Not Applicable,2582,Credit Card,12,3.8,3.1
2024-07-19 09:37:00,CNR7547586706,Success,CID797823,Auto,Padmanabhanagar,Hebbal,301.0,30.0,Not Applicable,Not Applicable,No,Not Applicable,354,UPI,9,4.3,4.2
2024-07-27 10:43:00,CNR2227808560,Success,CID757993,Prime Plus,Kengeri,MG Road,308.0,135.0,Not Applicable,Not Applicable,No,Not Applicable,115,UPI,9,4.3,3.2
2024-07-12 05:26:00,CNR2248444808,Success,CID272748,Auto,Vijayanagar,Padmanabhanagar,294.0,115.0,Not Applicable,Not Applicable,No,Not Applicable,260,UPI,8,4.4,4.9
2024-07-26 05:07:00,CNR3432160730,Success,CID941979,Prime SUV,Langford Town,Nagarbhavi,119.0,100.0,Not Applicable,Not Applicable,No,Not Applicable,127,UPI,49,4.9,4.6
2024-07-25 05:12:00,CNR3408162740,Success,CID445475,Prime SUV,Langford Town,Peenya,42.0,105.0,Not Applicable,Not Applicable,No,Not Applicable,963,UPI,20,3.1,3.4
2024-07-20 01:03:00,CNR3478859512,Success,CID277043,Prime SUV,Shivajinagar,Cox Town,238.0,110.0,Not Applicable,Not Applicable,No,Not Applicable,1417,Cash,32,4.9,4.3
2024-07-09 04:16:00,CNR3963141787,Success,CID251671,Prime Plus,Whitefield,Hosur Road,266.0,80.0,Not Applicable,Not Applicable,No,Not Applicable,372,UPI,39,5.0,4.8
2024-07-17 23:44:00,CNR8299746083,Driver Not Found,CID169678,Bike,Whitefield,Yelahanka,,,Not Applicable,Not Applicable,Not Applicable,Not Applicable,461,Not Applicable,0,,
2024-07-23 00:46:00,CNR6296642196,Success,CID740637,Prime Sedan,BTM Layout,Whitefield,238.0,75.0,Not Applicable,Not Applicable,No,Not Applicable,164,Cash,47,3.6,3.9
2024-07-30 18:16:00,CNR4729335409,Success,CID991527,Mini,Yelahanka,Indiranagar,161.0,45.0,Not Applicable,Not Applicable,No,Not Applicable,2318,UPI,11,4.6,4.2
2024-07-23 07:14:00,CNR3828085075,Driver Not Found,CID241739,Prime SUV,Malleshwaram,Ulsoor,,,Not Applicable,Not Applicable,Not Applicable,Not Applicable,976,Not Applicable,0,,
2024-07-26 00:14:00,CNR7380611559,Success,CID186679,Prime SUV,Langford Town,Hosur Road,133.0,130.0,Not Applicable,Not Applicable,No,Not Applicable,414,Cash,42,4.1,4.9
2024-07-18 06:58:00,CNR9426162807,Success,CID261008,Prime Sedan,Banashankari,Magadi Road,196.0,90.0,Not Applicable,Not Applicable,No,Not Applicable,496,Cash,31,3.7,4.9
2024-07-16 21:11:00,CNR7080595720,Success,CID928700,eBike,Hosur Road,Kammanahalli,175.0,65.0,Not Applicable,Not Applicable,No,Not Applicable,608,Cash,34,3.3,3.0
2024-07-15 05:56:00,CNR7776270760,Canceled by Driver,CID312294,Prime Sedan,Peenya,HSR Layout,,,Not Applicable,Personal & Car related issue,Not Applicable,Not Applicable,476,Not Applicable,0,,
2024-07-05 12:58:00,CNR1872914723,Success,CID504250,Auto,Cox Town,Sarjapur Road,175.0,105.0,Not Applicable,Not Applicable,No,Not Applicable,101,UPI,3,4.0,3.4
2024-07-19 00:37:00,CNR1581192823,Canceled by Customer,CID377815,Mini,Rajarajeshwari Nagar,Chamarajpet,,,Driver is not moving towards pickup location,Not Applicable,Not Applicable,Not Applicable,446,Not Applicable,0,,
2024-07-02 01:54:00,CNR1114827255,Success,CID420217,Prime Sedan,Langford Town,Hebbal,273.0,140.0,Not Applicable,Not Applicable,No,Not Applicable,287,UPI,38,4.5,4.2
2024-07-04 20:40:00,CNR8789526094,Canceled by Customer,CID140090,Prime Plus,Bellandur,Kadugodi,,,Wrong Address,Not Applicable,Not Applicable,Not Applicable,843,Not Applicable,0,,
2024-07-05 00:01:00,CNR4622805701,Canceled by Driver,CID257734,eBike,Bellandur,Rajarajeshwari Nagar,,,Not Applicable,Customer was coughing/sick,Not Applicable,Not Applicable,882,Not Applicable,0,,
2024-07-12 04:41:00,CNR2314015751,Success,CID171101,Auto,Basavanagudi,Rajarajeshwari Nagar,287.0,85.0,Not Applicable,Not Applicable,No,Not Applicable,1200,Cash,12,5.0,4.0
2024-07-05 08:10:00,CNR8303670003,Canceled by Driver,CID643655,eBike,Hebbal,Hennur,,,Not Applicable,Customer was coughing/sick,Not Applicable,Not Applicable,643,Not Applicable,0,,
2024-07-18 17:54:00,CNR3445025961,Success,CID285033,Prime Plus,Sarjapur Road,Nagarbhavi,63.0,90.0,Not Applicable,Not Applicable,No,Not Applicable,113,UPI,13,3.4,3.4
2024-07-19 22:08:00,CNR3678325756,Success,CID854947,Prime SUV,Electronic City,Hosur Road,84.0,145.0,Not Applicable,Not Applicable,No,Not Applicable,246,UPI,21,4.4,4.0
2024-07-13 04:38:00,CNR6028411153,Success,CID816985,Prime Sedan,Bannerghatta Road,Basavanagudi,308.0,50.0,Not Applicable,Not Applicable,No,Not Applicable,236,UPI,13,4.4,4.7
2024-07-03 08:26:00,CNR4159162235,Success,CID173548,Prime Plus,Mysore Road,Ulsoor,154.0,100.0,Not Applicable,Not Applicable,No,Not Applicable,2696,Cash,9,4.3,3.7
2024-07-13 09:43:00,CNR6852809908,Canceled by Customer,CID527201,Prime SUV,Sahakar Nagar,Kadugodi,,,Wrong Address,Not Applicable,Not Applicable,Not Applicable,750,Not Applicable,0,,
2024-07-03 16:39:00,CNR7494020882,Success,CID974804,Prime Plus,Shivajinagar,Basavanagudi,119.0,40.0,Not Applicable,Not Applicable,Yes,Other Issue,825,Cash,8,4.5,3.5
2024-07-14 17:02:00,CNR6453595100,Success,CID161164,Prime Sedan,Richmond Town,Ulsoor,175.0,25.0,Not Applicable,Not Applicable,No,Not Applicable,456,UPI,38,3.0,4.9
2024-07-05 01:18:00,CNR9597888943,Driver Not Found,CID561088,Bike,Marathahalli,Hosur Road,,,Not Applicable,Not Applicable,Not Applicable,Not Applicable,467,Not Applicable,0,,
2024-07-21 12:17:00,CNR8236089401,Success,CID689412,eBike,Hosur Road,Ulsoor,280.0,120.0,Not Applicable,Not Applicable,No,Not Applicable,498,UPI,26,4.7,3.6
2024-07-05 19:42:00,CNR4550081945,Canceled by Driver,CID440784,Mini,Jayanagar,Hennur,,,Not Applicable,Customer was coughing/sick,Not Applicable,Not Applicable,176,Not Applicable,0,,
2024-07-24 04:38:00,CNR5581321495,Success,CID794805,Mini,Devanahalli,Majestic,168.0,30.0,Not Applicable,Not Applicable,No,Not Applicable,472,Cash,24,3.7,3.3
2024-07-15 17:43:00,CNR2534387407,Driver Not Found,CID850654,eBike,Koramangala,BTM Layout,,,Not Applicable,Not Applicable,Not Applicable,Not Applicable,493,Not Applicable,0,,
2024-07-20 09:01:00,CNR4644378093,Success,CID313051,Prime SUV,Malleshwaram,Malleshwaram,224.0,70.0,Not Applicable,Not Applicable,No,Not Applicable,807,Cash,34,4.2,3.4
2024-07-23 21:31:00,CNR3475793916,Canceled by Driver,CID587551,Auto,Frazer Town,Sahakar Nagar,,,Not Applicable,Personal & Car related issue,Not Applicable,Not Applicable,1832,Not Applicable,0,,
2024-07-08 09:48:00,CNR1017638981,Success,CID597069,Mini,Chamarajpet,HSR Layout,301.0,80.0,Not Applicable,Not Applicable,No,Not Applicable,486,Cash,12,4.4,4.8
2024-07-02 09:02:00,CNR5039420393,Canceled by Driver,CID252698,Prime Sedan,Ramamurthy Nagar,Indiranagar,,,Not Applicable,Personal & Car related issue,Not Applicable,Not Applicable,153,Not Applicable,0,,
2024-07-19 10:21:00,CNR4095805599,Canceled by Driver,CID116659,Bike,JP Nagar,Yeshwanthpur,,,Not Applicable,Personal & Car related issue,Not Applicable,Not Applicable,147,Not Applicable,0,,
2024-07-26 06:47:00,CNR8873329969,Canceled by Driver,CID329931,Prime Sedan,Tumkur Road,Cox Town,,,Not Applicable,Customer related issue,Not Applicable,Not Applicable,237,Not Applicable,0,,
2024-07-17 15:59:00,CNR8402237393,Driver Not Found,CID169320,Prime SUV,Hennur,Kengeri,,,Not Applicable,Not Applicable,Not Applicable,Not Applicable,621,Not Applicable,0,,
2024-07-01 00:20:00,CNR6016325158,Canceled by Customer,CID332373,Mini,KR Puram,Marathahalli,,,Change of plans,Not Applicable,Not Applicable,Not Applicable,464,Not Applicable,0,,
2024-07-11 14:41:00,CNR6571681724,Success,CID784510,eBike,MG Road,Ramamurthy Nagar,147.0,140.0,Not Applicable,Not Applicable,No,Not Applicable,194,UPI,13,4.4,4.0
2024-07-18 18:08:00,CNR7658348162,Success,CID285424,Prime Sedan,Padmanabhanagar,Magadi Road,252.0,115.0,Not Applicable,Not Applicable,No,Not Applicable,439,Cash,24,4.1,3.1
2024-07-01 13:15:00,CNR4857156972,Canceled by Customer,CID160831,Bike,Hosur Road,Bannerghatta Road,,,Change of plans,Not Applicable,Not Applicable,Not Applicable,524,Not Applicable,0,,
2024-07-20 21:05:00,CNR6402092634,Driver Not Found,CID728535,Mini,Rajajinagar,Majestic,,,Not Applicable,Not Applicable,Not Applicable,Not Applicable,512,Not Applicable,0,,
2024-07-11 20:06:00,CNR8346705384,Success,CID123781,Auto,RT Nagar,Hulimavu,238.0,130.0,Not Applicable,Not Applicable,No,Not Applicable,328,Cash,18,3.2,3.5
2024-07-04 04:11:00,CNR8879494244,Success,CID203930,Prime SUV,Devanahalli,Nagarbhavi,182.0,105.0,Not Applicable,Not Applicable,No,Not Applicable,307,UPI,48,3.7,4.4
2024-07-23 01:43:00,CNR9563715996,Success,CID409611,Mini,Rajajinagar,KR Puram,294.0,115.0,Not Applicable,Not Applicable,No,Not Applicable,428,Cash,37,4.2,3.2
2024-07-28 08:46:00,CNR6290662821,Canceled by Customer,CID659430,Bike,Devanahalli,Hebbal,,,Driver asked to cancel,Not Applicable,Not Applicable,Not Applicable,390,Not Applicable,0,,
2024-07-23 06:15:00,CNR3643116802,Success,CID932010,Auto,Frazer Town,Marathahalli,210.0,70.0,Not Applicable,Not Applicable,No,Not Applicable,852,Cash,7,3.7,3.6
2024-07-28 20:11:00,CNR3214691526,Success,CID718191,Prime SUV,JP Nagar,Frazer Town,126.0,105.0,Not Applicable,Not Applicable,No,Not Applicable,345,UPI,16,4.9,4.6
2024-07-11 09:44:00,CNR1933464129,Success,CID885965,eBike,Kengeri,Langford Town,189.0,70.0,Not Applicable,Not Applicable,No,Not Applicable,278,Cash,36,3.3,3.7
2024-07-13 09:06:00,CNR8217499069,Success,CID540851,Mini,Chamarajpet,Richmond Town,35.0,45.0,Not Applicable,Not Applicable,No,Not Applicable,214,Cash,2,4.9,5.0
2024-07-07 13:10:00,CNR1698478102,Canceled by Driver,CID757544,Mini,Padmanabhanagar,Langford Town,,,Not Applicable,Customer was coughing/sick,Not Applicable,Not Applicable,213,Not Applicable,0,,
2024-07-06 22:59:00,CNR4193174155,Success,CID277289,Auto,Tumkur Road,Chickpet,147.0,140.0,Not Applicable,Not Applicable,No,Not Applicable,478,Cash,2,4.3,3.7
2024-07-20 07:09:00,CNR2018578165,Success,CID347571,Prime Sedan,Cox Town,Chickpet,84.0,75.0,Not Applicable,Not Applicable,No,Not Applicable,892,UPI,45,3.2,3.9
2024-07-01 02:42:00,CNR3044887030,Success,CID486749,Prime SUV,Frazer Town,Bellandur,217.0,55.0,Not Applicable,Not Applicable,No,Not Applicable,220,Cash,29,3.8,4.6
2024-07-21 00:45:00,CNR5688591451,Success,CID195571,Mini,HSR Layout,Hulimavu,154.0,135.0,Not Applicable,Not Applicable,No,Not Applicable,137,UPI,8,3.8,4.9
2024-07-26 20:14:00,CNR2409196168,Canceled by Driver,CID661595,Bike,Hebbal,Banashankari,,,Not Applicable,Customer related issue,Not Applicable,Not Applicable,319,Not Applicable,0,,
2024-07-27 13:05:00,CNR7546297521,Success,CID176078,Prime Sedan,Kadugodi,Magadi Road,217.0,25.0,Not Applicable,Not Applicable,No,Not Applicable,301,UPI,14,4.5,3.5
2024-07-03 02:17:00,CNR1263455036,Success,CID983491,Mini,Sarjapur Road,Yelahanka,91.0,90.0,Not Applicable,Not Applicable,No,Not Applicable,416,UPI,25,3.8,3.1
2024-07-23 11:41:00,CNR3540929482,Success,CID920769,Prime SUV,Kengeri,Bannerghatta Road,126.0,145.0,Not Applicable,Not Applicable,No,Not Applicable,168,UPI,28,3.7,4.0
2024-07-01 22:18:00,CNR8008983639,Driver Not Found,CID527122,Prime SUV,Hebbal,Banashankari,,,Not Applicable,Not Applicable,Not Applicable,Not Applicable,1159,Not Applicable,0,,
2024-07-22 03:21:00,CNR1539964303,Success,CID926704,Prime SUV,Hebbal,Hulimavu,119.0,115.0,Not Applicable,Not Applicable,No,Not Applicable,449,Cash,38,3.9,3.6
2024-07-27 20:46:00,CNR9688372048,Driver Not Found,CID834346,Prime Sedan,Bannerghatta Road,BTM Layout,,,Not Applicable,Not Applicable,Not Applicable,Not Applicable,379,Not Applicable,0,,
2024-07-14 06:26:00,CNR7903439858,Driver Not Found,CID459896,eBike,Kengeri,Rajarajeshwari Nagar,,,Not Applicable,Not Applicable,Not Applicable,Not Applicable,492,Not Applicable,0,,
2024-07-11 16:56:00,CNR6298224043,Success,CID782080,Prime SUV,Sarjapur Road,Frazer Town,259.0,115.0,Not Applicable,Not Applicable,No,Not Applicable,339,UPI,35,3.9,4.1
2024-07-30 08:30:00,CNR6665398386,Canceled by Driver,CID493046,Prime Plus,Hulimavu,Sarjapur Road,,,Not Applicable,Personal & Car related issue,Not Applicable,Not Applicable,263,Not Applicable,0,,
2024-07-24 12:06:00,CNR4174271907,Success,CID805502,Bike,Hebbal,Bannerghatta Road,119.0,70.0,Not Applicable,Not Applicable,No,Not Applicable,116,UPI,27,4.5,4.1
2024-07-08 03:19:00,CNR3460110812,Canceled by Driver,CID705930,Bike,Langford Town,Hebbal,,,Not Applicable,More than permitted people in there,Not Applicable,Not Applicable,198,Not Applicable,0,,
2024-07-14 11:04:00,CNR1724698528,Driver Not Found,CID829420,Prime SUV,Peenya,Chamarajpet,,,Not Applicable,Not Applicable,Not Applicable,Not Applicable,515,Not Applicable,0,,
2024-07-28 12:33:00,CNR3888622664,Canceled by Driver,CID628048,Prime SUV,Rajarajeshwari Nagar,Richmond Town,,,Not Applicable,More than permitted people in there,Not Applicable,Not Applicable,369,Not Applicable,0,,
2024-07-15 05:29:00,CNR2791425904,Success,CID434246,Prime SUV,Yelahanka,Whitefield,77.0,35.0,Not Applicable,Not Applicable,No,Not Applicable,448,Cash,39,3.8,4.0
2024-07-12 19:27:00,CNR7840975267,Driver Not Found,CID137252,Auto,Shivajinagar,Cox Town,,,Not Applicable,Not Applicable,Not Applicable,Not Applicable,1970,Not Applicable,0,,
2024-07-04 21:41:00,CNR4200706087,Success,CID921278,Prime Sedan,Hebbal,Ramamurthy Nagar,280.0,145.0,Not Applicable,Not Applicable,No,Not Applicable,941,Cash,27,3.6,3.4
2024-07-19 06:17:00,CNR1525264998,Success,CID562568,Prime Plus,MG Road,Rajarajeshwari Nagar,70.0,125.0,Not Applicable,Not Applicable,No,Not Applicable,334,Cash,5,3.2,3.8
2024-07-21 21:11:00,CNR5357567343,Canceled by Driver,CID954813,Prime Sedan,KR Puram,RT Nagar,,,Not Applicable,More than permitted people in there,Not Applicable,Not Applicable,499,Not Applicable,0,,
2024-07-17 12:17:00,CNR7523232327,Success,CID518175,Auto,Hosur Road,Chamarajpet,49.0,35.0,Not Applicable,Not Applicable,Yes,Other Issue,2008,UPI,19,3.4,4.1
2024-07-09 04:41:00,CNR6183038962,Success,CID963507,Mini,HSR Layout,Malleshwaram,231.0,75.0,Not Applicable,Not Applicable,Yes,Customer Demand,120,Cash,34,4.4,3.2
2024-07-09 23:11:00,CNR7416582959,Driver Not Found,CID903232,Prime SUV,Marathahalli,Kadugodi,,,Not Applicable,Not Applicable,Not Applicable,Not Applicable,180,Not Applicable,0,,
2024-07-03 21:38:00,CNR2500115706,Success,CID851308,Prime SUV,Hulimavu,Padmanabhanagar,133.0,120.0,Not Applicable,Not Applicable,No,Not Applicable,227,Cash,38,3.3,4.3
2024-07-04 22:06:00,CNR2510859622,Success,CID335666,eBike,Shivajinagar,Ramamurthy Nagar,70.0,130.0,Not Applicable,Not Applicable,No,Not Applicable,450,Debit Card,34,4.1,3.6
2024-07-01 08:41:00,CNR3380570034,Success,CID966828,Auto,Mysore Road,Yelahanka,98.0,40.0,Not Applicable,Not Applicable,No,Not Applicable,320,Credit Card,6,4.0,3.9
2024-07-25 05:39:00,CNR9756123476,Canceled by Driver,CID751278,Prime Sedan,Padmanabhanagar,Bannerghatta Road,,,Not Applicable,Personal & Car related issue,Not Applicable,Not Applicable,973,Not Applicable,0,,
2024-07-14 04:17:00,CNR3421670907,Success,CID908896,Mini,Bannerghatta Road,Sarjapur Road,91.0,75.0,Not Applicable,Not Applicable,No,Not Applicable,2923,UPI,10,4.5,4.7
2024-07-08 11:39:00,CNR3130384774,Canceled by Driver,CID632328,Mini,Nagarbhavi,Padmanabhanagar,,,Not Applicable,Customer related issue,Not Applicable,Not Applicable,2024,Not Applicable,0,,
2024-07-10 07:09:00,CNR8737691486,Success,CID446829,Auto,Kammanahalli,Padmanabhanagar,140.0,80.0,Not Applicable,Not Applicable,No,Not Applicable,437,Cash,16,4.3,4.0
2024-07-09 11:15:00,CNR1198249578,Success,CID840179,eBike,Hebbal,JP Nagar,154.0,90.0,Not Applicable,Not Applicable,No,Not Applicable,180,UPI,12,4.9,4.9
2024-07-10 05:51:00,CNR5422052658,Success,CID787049,Bike,Rajarajeshwari Nagar,Magadi Road,301.0,50.0,Not Applicable,Not Applicable,No,Not Applicable,562,UPI,31,3.8,4.9
2024-07-24 18:33:00,CNR4904947045,Success,CID638912,Prime SUV,Shivajinagar,Ramamurthy Nagar,119.0,115.0,Not Applicable,Not Applicable,No,Not Applicable,485,Cash,23,3.7,3.4
2024-07-09 09:43:00,CNR5856584941,Canceled by Customer,CID428775,Prime SUV,Hosur Road,Hebbal,,,AC is Not working,Not Applicable,Not Applicable,Not Applicable,130,Not Applicable,0,,
2024-07-01 03:05:00,CNR8338936551,Canceled by Customer,CID661155,Prime SUV,Kengeri,Kammanahalli,,,Driver is not moving towards pickup location,Not Applicable,Not Applicable,Not Applicable,361,Not Applicable,0,,
2024-07-15 00:36:00,CNR8621037058,Success,CID664915,Prime Plus,Hosur Road,Chamarajpet,280.0,75.0,Not Applicable,Not Applicable,No,Not Applicable,671,UPI,8,4.7,3.2
2024-07-04 12:31:00,CNR3945841435,Canceled by Customer,CID476339,Prime Sedan,Ramamurthy Nagar,Varthur,,,Driver asked to cancel,Not Applicable,Not Applicable,Not Applicable,146,Not Applicable,0,,
2024-07-10 06:13:00,CNR5461913164,Success,CID341482,Prime Sedan,Nagarbhavi,Bellandur,77.0,130.0,Not Applicable,Not Applicable,Yes,Vehicle Breakdown,761,UPI,12,3.4,4.1
2024-07-17 21:33:00,CNR1196708099,Success,CID601093,Prime Sedan,Ramamurthy Nagar,Devanahalli,259.0,55.0,Not Applicable,Not Applicable,No,Not Applicable,332,Cash,5,4.6,4.7
2024-07-18 01:04:00,CNR4342022535,Success,CID307774,Prime Sedan,Whitefield,Shivajinagar,294.0,100.0,Not Applicable,Not Applicable,No,Not Applicable,299,Cash,9,4.7,4.7
2024-07-08 06:23:00,CNR1263533529,Success,CID303340,Bike,Nagarbhavi,Padmanabhanagar,189.0,75.0,Not Applicable,Not Applicable,No,Not Applicable,362,Cash,49,4.3,4.4
2024-07-10 08:49:00,CNR2880547121,Canceled by Driver,CID282348,eBike,Koramangala,Basavanagudi,,,Not Applicable,Personal & Car related issue,Not Applicable,Not Applicable,648,Not Applicable,0,,
2024-07-20 21:12:00,CNR1622338125,Success,CID878497,Prime Plus,Jayanagar,Rajajinagar,63.0,100.0,Not Applicable,Not Applicable,No,Not Applicable,392,Cash,38,4.5,4.4
2024-07-14 01:11:00,CNR4686979100,Canceled by Driver,CID803022,Prime Plus,Rajarajeshwari Nagar,Varthur,,,Not Applicable,Personal & Car related issue,Not Applicable,Not Applicable,155,Not Applicable,0,,
2024-07-18 05:43:00,CNR3599777149,Driver Not Found,CID741598,Prime Plus,Electronic City,Marathahalli,,,Not Applicable,Not Applicable,Not Applicable,Not Applicable,270,Not Applicable,0,,
2024-07-24 09:12:00,CNR6434230748,Canceled by Driver,CID618706,Prime Plus,Basavanagudi,Hebbal,,,Not Applicable,Customer was coughing/sick,Not Applicable,Not Applicable,865,Not Applicable,0,,
2024-07-20 19:48:00,CNR5855412646,Success,CID987575,Prime SUV,Indiranagar,BTM Layout,224.0,125.0,Not Applicable,Not Applicable,No,Not Applicable,364,UPI,37,3.3,3.1
2024-07-19 22:26:00,CNR8180610078,Canceled by Customer,CID706981,Mini,KR Puram,Rajajinagar,,,Driver is not moving towards pickup location,Not Applicable,Not Applicable,Not Applicable,696,Not Applicable,0,,
2024-07-26 05:19:00,CNR5342488933,Success,CID433677,Prime Sedan,Richmond Town,Majestic,189.0,35.0,Not Applicable,Not Applicable,Yes,Other Issue,456,Cash,48,4.8,4.1
2024-07-12 06:16:00,CNR2286854868,Success,CID488355,Prime Sedan,Kammanahalli,Banashankari,182.0,95.0,Not Applicable,Not Applicable,No,Not Applicable,167,UPI,17,4.6,4.8
2024-07-06 08:16:00,CNR2001315669,Canceled by Driver,CID671084,Prime Plus,Frazer Town,Vijayanagar,,,Not Applicable,Customer was coughing/sick,Not Applicable,Not Applicable,854,Not Applicable,0,,
2024-07-05 23:04:00,CNR8721479417,Success,CID273774,Prime SUV,Cox Town,Koramangala,287.0,95.0,Not Applicable,Not Applicable,No,Not Applicable,658,UPI,16,3.6,3.8
2024-07-11 13:31:00,CNR3014994918,Success,CID955721,Prime Plus,Shivajinagar,Rajarajeshwari Nagar,91.0,65.0,Not Applicable,Not Applicable,No,Not Applicable,910,Cash,20,4.8,3.6
2024-07-03 01:05:00,CNR6849975085,Success,CID676230,Mini,Basavanagudi,Magadi Road,287.0,70.0,Not Applicable,Not Applicable,No,Not Applicable,159,UPI,30,3.8,4.6
2024-07-19 04:07:00,CNR7352250889,Success,CID662740,Mini,Bannerghatta Road,HSR Layout,56.0,75.0,Not Applicable,Not Applicable,No,Not Applicable,294,UPI,16,3.6,4.9
2024-07-18 00:40:00,CNR6981780352,Success,CID999832,Prime Plus,Peenya,Kadugodi,35.0,135.0,Not Applicable,Not Applicable,No,Not Applicable,281,UPI,13,4.8,4.8
2024-07-13 08:54:00,CNR6638673774,Success,CID570367,Prime Plus,Kadugodi,Shivajinagar,182.0,90.0,Not Applicable,Not Applicable,No,Not Applicable,756,UPI,9,4.8,4.0
2024-07-11 03:13:00,CNR4280310075,Success,CID793533,Prime Plus,Cox Town,Bannerghatta Road,154.0,65.0,Not Applicable,Not Applicable,No,Not Applicable,460,UPI,38,3.7,3.5
2024-07-29 23:57:00,CNR4658805845,Canceled by Driver,CID503435,Mini,Kadugodi,RT Nagar,,,Not Applicable,Customer related issue,Not Applicable,Not Applicable,322,Not Applicable,0,,
2024-07-07 10:27:00,CNR5479621567,Canceled by Driver,CID850805,Prime Plus,Richmond Town,Richmond Town,,,Not Applicable,Customer was coughing/sick,Not Applicable,Not Applicable,736,Not Applicable,0,,
2024-07-02 06:00:00,CNR2716650298,Success,CID265451,Prime Plus,Tumkur Road,Ulsoor,70.0,105.0,Not Applicable,Not Applicable,No,Not Applicable,144,UPI,32,4.3,4.3
2024-07-29 05:19:00,CNR4773138564,Success,CID259396,Prime Sedan,Bellandur,Sahakar Nagar,308.0,60.0,Not Applicable,Not Applicable,No,Not Applicable,446,Cash,44,3.4,3.7
2024-07-11 03:48:00,CNR5461630573,Success,CID194818,Prime Plus,Sarjapur Road,Chamarajpet,147.0,60.0,Not Applicable,Not Applicable,No,Not Applicable,467,Cash,39,3.7,3.8
2024-07-05 17:16:00,CNR3528544517,Success,CID744539,Bike,Hennur,Chamarajpet,224.0,135.0,Not Applicable,Not Applicable,No,Not Applicable,273,Cash,31,3.8,4.4
2024-07-09 06:00:00,CNR8822699207,Success,CID868336,Auto,Hennur,Magadi Road,161.0,110.0,Not Applicable,Not Applicable,No,Not Applicable,195,UPI,16,5.0,4.1
2024-07-24 07:20:00,CNR6233503453,Canceled by Customer,CID501402,Auto,BTM Layout,Hennur,,,Driver is not moving towards pickup location,Not Applicable,Not Applicable,Not Applicable,300,Not Applicable,0,,
2024-07-20 04:10:00,CNR7870356320,Canceled by Driver,CID550368,Prime Plus,Bellandur,Banashankari,,,Not Applicable,Personal & Car related issue,Not Applicable,Not Applicable,629,Not Applicable,0,,
2024-07-20 14:48:00,CNR1971771940,Success,CID417506,Mini,HSR Layout,Sahakar Nagar,84.0,120.0,Not Applicable,Not Applicable,No,Not Applicable,2474,Cash,1,4.3,4.7
2024-07-19 07:34:00,CNR6555516896,Success,CID952096,eBike,Vijayanagar,Rajajinagar,203.0,40.0,Not Applicable,Not Applicable,No,Not Applicable,327,Cash,17,4.4,3.0
2024-07-12 11:27:00,CNR4305411332,Canceled by Customer,CID785219,Prime SUV,Sahakar Nagar,JP Nagar,,,Driver is not moving towards pickup location,Not Applicable,Not Applicable,Not Applicable,271,Not Applicable,0,,
2024-07-16 02:10:00,CNR8456804404,Success,CID164819,Prime SUV,Magadi Road,Basavanagudi,238.0,140.0,Not Applicable,Not Applicable,No,Not Applicable,765,Cash,41,4.6,4.4
2024-07-07 16:49:00,CNR6898686346,Canceled by Driver,CID546309,Prime SUV,Yeshwanthpur,Rajajinagar,,,Not Applicable,Customer related issue,Not Applicable,Not Applicable,610,Not Applicable,0,,
2024-07-28 15:08:00,CNR9442814866,Success,CID475713,Prime Plus,Kammanahalli,Indiranagar,126.0,40.0,Not Applicable,Not Applicable,No,Not Applicable,311,UPI,8,4.5,3.8
2024-07-12 06:38:00,CNR4912669117,Canceled by Driver,CID624330,Auto,Hulimavu,Peenya,,,Not Applicable,Personal & Car related issue,Not Applicable,Not Applicable,165,Not Applicable,0,,
2024-07-28 23:22:00,CNR1504847709,Success,CID274269,Prime Sedan,Mysore Road,Sarjapur Road,63.0,120.0,Not Applicable,Not Applicable,No,Not Applicable,403,Cash,4,4.0,3.8
2024-07-12 03:15:00,CNR1840127891,Canceled by Customer,CID758314,eBike,Yelahanka,Rajarajeshwari Nagar,,,Driver is not moving towards pickup location,Not Applicable,Not Applicable,Not Applicable,418,Not Applicable,0,,
2024-07-22 08:33:00,CNR7999796443,Canceled by Customer,CID661673,Prime Sedan,KR Puram,Rajajinagar,,,Driver is not moving towards pickup location,Not Applicable,Not Applicable,Not Applicable,159,Not Applicable,0,,
2024-07-10 08:34:00,CNR1931880287,Canceled by Customer,CID247748,Prime Sedan,JP Nagar,Koramangala,,,Driver is not moving towards pickup location,Not Applicable,Not Applicable,Not Applicable,469,Not Applicable,0,,
2024-07-30 05:42:00,CNR9370559305,Success,CID329961,Prime Sedan,Bannerghatta Road,Vijayanagar,154.0,60.0,Not Applicable,Not Applicable,No,Not Applicable,1828,Cash,41,4.9,3.1
2024-07-13 05:22:00,CNR1327493754,Success,CID145172,Prime SUV,RT Nagar,HSR Layout,133.0,85.0,Not Applicable,Not Applicable,No,Not Applicable,818,UPI,16,3.5,3.6
2024-07-07 14:34:00,CNR4055216528,Success,CID352788,Mini,Yelahanka,Nagarbhavi,294.0,45.0,Not Applicable,Not Applicable,No,Not Applicable,352,Cash,8,3.1,4.7
2024-07-14 17:53:00,CNR5350556636,Success,CID443716,Mini,Banashankari,KR Puram,126.0,40.0,Not Applicable,Not Applicable,No,Not Applicable,255,Cash,42,3.5,4.2
2024-07-18 22:45:00,CNR5950522981,Success,CID859865,Prime Sedan,Bannerghatta Road,Electronic City,294.0,90.0,Not Applicable,Not Applicable,No,Not Applicable,294,UPI,12,4.2,4.2
2024-07-25 14:49:00,CNR9025536262,Success,CID764452,Mini,Tumkur Road,Kammanahalli,147.0,95.0,Not Applicable,Not Applicable,No,Not Applicable,342,UPI,5,4.5,4.5
2024-07-23 11:55:00,CNR8024410924,Success,CID665937,Prime SUV,Kammanahalli,RT Nagar,210.0,125.0,Not Applicable,Not Applicable,No,Not Applicable,284,Cash,44,4.3,3.7
2024-07-25 16:38:00,CNR1044512701,Success,CID541686,eBike,Rajajinagar,Ramamurthy Nagar,168.0,25.0,Not Applicable,Not Applicable,No,Not Applicable,221,Cash,7,4.8,3.1
2024-07-10 05:18:00,CNR7517227739,Success,CID241161,Prime Sedan,Indiranagar,HSR Layout,196.0,115.0,Not Applicable,Not Applicable,No,Not Applicable,132,Cash,45,3.5,4.9
2024-07-05 09:11:00,CNR1285290282,Success,CID434840,Prime SUV,Jayanagar,Bannerghatta Road,105.0,135.0,Not Applicable,Not Applicable,No,Not Applicable,742,Cash,33,4.3,4.9
2024-07-19 06:20:00,CNR9191551982,Driver Not Found,CID481192,eBike,Nagarbhavi,Hennur,,,Not Applicable,Not Applicable,Not Applicable,Not Applicable,302,Not Applicable,0,,
2024-07-22 10:36:00,CNR2577624483,Canceled by Customer,CID117923,Auto,Ulsoor,Peenya,,,Driver asked to cancel,Not Applicable,Not Applicable,Not Applicable,312,Not Applicable,0,,
2024-07-20 08:03:00,CNR4352117429,Success,CID899151,Auto,Rajarajeshwari Nagar,Basavanagudi,133.0,140.0,Not Applicable,Not Applicable,No,Not Applicable,1827,Cash,11,3.5,3.5
2024-07-29 13:58:00,CNR2660899228,Success,CID679885,Prime Sedan,Frazer Town,Rajarajeshwari Nagar,126.0,120.0,Not Applicable,Not Applicable,No,Not Applicable,2795,UPI,2,3.3,3.2
2024-07-02 11:32:00,CNR5254089931,Canceled by Customer,CID777735,Prime Sedan,Cox Town,MG Road,,,Driver asked to cancel,Not Applicable,Not Applicable,Not Applicable,227,Not Applicable,0,,
2024-07-06 16:56:00,CNR2679498104,Canceled by Customer,CID361707,Prime Plus,Kadugodi,Rajarajeshwari Nagar,,,Driver is not moving towards pickup location,Not Applicable,Not Applicable,Not Applicable,701,Not Applicable,0,,
2024-07-24 02:52:00,CNR7011919421,Success,CID788430,eBike,Devanahalli,JP Nagar,301.0,110.0,Not Applicable,Not Applicable,No,Not Applicable,443,Cash,13,4.7,3.8
2024-07-15 12:16:00,CNR1808771092,Canceled by Driver,CID615165,Mini,Ulsoor,Bellandur,,,Not Applicable,More than permitted people in there,Not Applicable,Not Applicable,209,Not Applicable,0,,
2024-07-28 03:09:00,CNR3115638601,Canceled by Driver,CID252430,Mini,Langford Town,Mysore Road,,,Not Applicable,Customer related issue,Not Applicable,Not Applicable,230,Not Applicable,0,,
2024-07-11 23:43:00,CNR3448419461,Canceled by Driver,CID410452,Prime Plus,Electronic City,Sahakar Nagar,,,Not Applicable,Customer was coughing/sick,Not Applicable,Not Applicable,732,Not Applicable,0,,
2024-07-14 18:08:00,CNR4367671040,Success,CID871153,Prime SUV,Hebbal,Kammanahalli,42.0,115.0,Not Applicable,Not Applicable,No,Not Applicable,127,UPI,41,4.0,3.7
2024-07-11 11:33:00,CNR9521432840,Canceled by Driver,CID201845,Bike,Hosur Road,Yelahanka,,,Not Applicable,Customer was coughing/sick,Not Applicable,Not Applicable,459,Not Applicable,0,,
2024-07-10 06:05:00,CNR7591435647,Success,CID376331,eBike,Shantinagar,Hebbal,196.0,75.0,Not Applicable,Not Applicable,No,Not Applicable,413,UPI,27,4.5,4.0
2024-07-23 12:38:00,CNR3559461470,Success,CID879771,Bike,Ramamurthy Nagar,Mysore Road,70.0,115.0,Not Applicable,Not Applicable,No,Not Applicable,433,UPI,18,4.4,3.9
2024-07-11 02:27:00,CNR2293156392,Success,CID908343,eBike,Kadugodi,Bannerghatta Road,224.0,95.0,Not Applicable,Not Applicable,No,Not Applicable,433,UPI,4,3.9,3.7
2024-07-12 22:30:00,CNR5544982064,Canceled by Driver,CID835034,Prime Plus,Bellandur,Hennur,,,Not Applicable,Customer related issue,Not Applicable,Not Applicable,683,Not Applicable,0,,
2024-07-09 20:49:00,CNR8515646825,Success,CID842904,Prime Plus,Devanahalli,Whitefield,42.0,110.0,Not Applicable,Not Applicable,No,Not Applicable,145,UPI,15,4.2,4.6
2024-07-16 19:49:00,CNR2696484477,Success,CID707252,Prime Sedan,Marathahalli,Jayanagar,168.0,35.0,Not Applicable,Not Applicable,No,Not Applicable,472,Cash,47,3.9,4.4
2024-07-13 14:20:00,CNR9564894633,Success,CID795688,eBike,Varthur,Bannerghatta Road,161.0,50.0,Not Applicable,Not Applicable,Yes,Customer Demand,752,UPI,42,4.7,4.1
2024-07-22 22:20:00,CNR6045179345,Success,CID708570,Prime Sedan,Ramamurthy Nagar,Hulimavu,112.0,110.0,Not Applicable,Not Applicable,No,Not Applicable,474,UPI,48,3.5,4.3
2024-07-08 05:34:00,CNR2754170796,Success,CID662341,Prime Plus,Indiranagar,Koramangala,35.0,130.0,Not Applicable,Not Applicable,No,Not Applicable,2693,Credit Card,17,3.9,4.4
2024-07-25 11:44:00,CNR4814434696,Success,CID572746,Prime Plus,RT Nagar,Whitefield,266.0,40.0,Not Applicable,Not Applicable,No,Not Applicable,453,Cash,40,3.7,4.8
2024-07-23 17:40:00,CNR9696708229,Success,CID877883,Mini,Hebbal,Frazer Town,301.0,140.0,Not Applicable,Not Applicable,No,Not Applicable,249,Cash,9,4.3,4.7
2024-07-03 20:26:00,CNR6483889527,Success,CID585633,Prime Plus,MG Road,RT Nagar,140.0,145.0,Not Applicable,Not Applicable,No,Not Applicable,287,Cash,36,3.6,4.3
2024-07-19 06:41:00,CNR3852029108,Success,CID249348,Bike,Padmanabhanagar,Ramamurthy Nagar,154.0,55.0,Not Applicable,Not Applicable,No,Not Applicable,314,Cash,10,4.1,3.0
2024-07-21 19:47:00,CNR3839325017,Success,CID335842,Auto,Hennur,Kengeri,308.0,105.0,Not Applicable,Not Applicable,No,Not Applicable,291,UPI,15,4.3,3.3
2024-07-22 04:54:00,CNR3298620975,Driver Not Found,CID543423,eBike,Rajajinagar,Devanahalli,,,Not Applicable,Not Applicable,Not Applicable,Not Applicable,109,Not Applicable,0,,
2024-07-28 00:45:00,CNR9466335621,Success,CID640977,Bike,Basavanagudi,Kammanahalli,77.0,125.0,Not Applicable,Not Applicable,No,Not Applicable,358,Cash,8,3.9,4.3
2024-07-29 02:01:00,CNR9580879861,Canceled by Driver,CID562907,Bike,Sahakar Nagar,Richmond Town,,,Not Applicable,Personal & Car related issue,Not Applicable,Not Applicable,311,Not Applicable,0,,
2024-07-09 04:40:00,CNR6792051005,Driver Not Found,CID140341,Prime Sedan,Padmanabhanagar,Varthur,,,Not Applicable,Not Applicable,Not Applicable,Not Applicable,472,Not Applicable,0,,
2024-07-25 05:14:00,CNR7164993323,Canceled by Driver,CID809402,Bike,Ramamurthy Nagar,Majestic,,,Not Applicable,Customer related issue,Not Applicable,Not Applicable,480,Not Applicable,0,,
2024-07-14 06:03:00,CNR1651225023,Success,CID868203,Bike,Jayanagar,Mysore Road,259.0,100.0,Not Applicable,Not Applicable,No,Not Applicable,620,Cash,1,4.7,4.0
2024-07-20 22:21:00,CNR3024471670,Success,CID331375,Prime SUV,Ulsoor,Kadugodi,105.0,50.0,Not Applicable,Not Applicable,No,Not Applicable,927,UPI,45,3.0,4.8
2024-07-10 04:57:00,CNR9659217504,Success,CID734711,Bike,Bellandur,Hebbal,168.0,115.0,Not Applicable,Not Applicable,No,Not Applicable,573,UPI,23,3.4,4.4
2024-07-04 14:25:00,CNR2092407609,Success,CID840733,Auto,Mysore Road,Rajarajeshwari Nagar,35.0,30.0,Not Applicable,Not Applicable,No,Not Applicable,386,UPI,13,4.1,3.2
2024-07-03 02:07:00,CNR1750166104,Canceled by Driver,CID396661,Auto,Frazer Town,HSR Layout,,,Not Applicable,More than permitted people in there,Not Applicable,Not Applicable,217,Not Applicable,0,,
2024-07-13 06:25:00,CNR2775148263,Success,CID456828,Prime SUV,Kengeri,Rajajinagar,175.0,85.0,Not Applicable,Not Applicable,No,Not Applicable,292,UPI,36,3.3,3.9
2024-07-11 03:08:00,CNR7714506663,Canceled by Driver,CID909343,eBike,JP Nagar,Basavanagudi,,,Not Applicable,Customer related issue,Not Applicable,Not Applicable,351,Not Applicable,0,,
2024-07-02 02:03:00,CNR5296785080,Success,CID986307,Prime Sedan,Kadugodi,Malleshwaram,266.0,60.0,Not Applicable,Not Applicable,No,Not Applicable,214,Cash,12,3.9,4.4
2024-07-07 08:32:00,CNR5945863760,Success,CID168413,Prime Plus,Devanahalli,Shivajinagar,308.0,45.0,Not Applicable,Not Applicable,No,Not Applicable,132,Cash,41,3.2,4.2
2024-07-07 19:28:00,CNR1131301029,Success,CID156438,Prime Plus,Kengeri,Rajarajeshwari Nagar,189.0,75.0,Not Applicable,Not Applicable,No,Not Applicable,960,UPI,41,4.6,4.1
2024-07-08 20:02:00,CNR3535987074,Canceled by Driver,CID472276,eBike,Hosur Road,Rajarajeshwari Nagar,,,Not Applicable,Customer related issue,Not Applicable,Not Applicable,150,Not Applicable,0,,
2024-07-03 07:09:00,CNR6649087155,Success,CID590796,eBike,Nagarbhavi,RT Nagar,210.0,120.0,Not Applicable,Not Applicable,No,Not Applicable,218,Cash,18,3.6,4.5
2024-07-14 00:51:00,CNR9593421052,Success,CID582783,eBike,Malleshwaram,Marathahalli,112.0,30.0,Not Applicable,Not Applicable,No,Not Applicable,941,Cash,12,4.4,4.9
2024-07-15 11:38:00,CNR9715393152,Success,CID807179,Prime Plus,Hosur Road,Yelahanka,112.0,90.0,Not Applicable,Not Applicable,No,Not Applicable,270,Cash,6,3.0,3.8
2024-07-02 05:26:00,CNR2635716990,Success,CID986108,Prime Sedan,Koramangala,Rajarajeshwari Nagar,56.0,30.0,Not Applicable,Not Applicable,No,Not Applicable,466,UPI,32,3.1,4.1
2024-07-13 00:33:00,CNR7385976083,Success,CID869331,Prime SUV,Ulsoor,Electronic City,182.0,120.0,Not Applicable,Not Applicable,No,Not Applicable,194,UPI,18,4.2,3.1
2024-07-14 16:44:00,CNR5063382197,Success,CID554657,Prime Plus,Chickpet,Indiranagar,84.0,45.0,Not Applicable,Not Applicable,No,Not Applicable,212,UPI,12,4.5,4.0
2024-07-16 19:10:00,CNR6225297397,Success,CID108813,Bike,HSR Layout,Sahakar Nagar,224.0,120.0,Not Applicable,Not Applicable,No,Not Applicable,2412,Cash,44,4.0,4.5
2024-07-29 19:43:00,CNR7490096841,Driver Not Found,CID709761,Prime Sedan,Indiranagar,Hennur,,,Not Applicable,Not Applicable,Not Applicable,Not Applicable,340,Not Applicable,0,,
2024-07-23 20:29:00,CNR6323976280,Success,CID938822,Prime SUV,Magadi Road,Richmond Town,35.0,120.0,Not Applicable,Not Applicable,No,Not Applicable,2370,UPI,37,4.0,3.9
2024-07-03 17:13:00,CNR6450830480,Success,CID854512,Prime SUV,Peenya,Magadi Road,49.0,85.0,Not Applicable,Not Applicable,No,Not Applicable,909,UPI,12,3.6,3.5
2024-07-04 15:00:00,CNR2566803942,Canceled by Driver,CID955373,Prime Plus,Majestic,Rajarajeshwari Nagar,,,Not Applicable,More than permitted people in there,Not Applicable,Not Applicable,508,Not Applicable,0,,
2024-07-09 11:14:00,CNR6189412978,Canceled by Driver,CID878050,Prime Plus,JP Nagar,Rajarajeshwari Nagar,,,Not Applicable,Customer related issue,Not Applicable,Not Applicable,2611,Not Applicable,0,,
2024-07-11 10:57:00,CNR6687579360,Canceled by Driver,CID160836,eBike,Devanahalli,Ulsoor,,,Not Applicable,Customer was coughing/sick,Not Applicable,Not Applicable,194,Not Applicable,0,,
2024-07-12 11:17:00,CNR7177564036,Canceled by Customer,CID616524,eBike,JP Nagar,Chickpet,,,Change of plans,Not Applicable,Not Applicable,Not Applicable,529,Not Applicable,0,,
2024-07-09 23:16:00,CNR1211754919,Driver Not Found,CID702048,Prime SUV,Rajarajeshwari Nagar,Hosur Road,,,Not Applicable,Not Applicable,Not Applicable,Not Applicable,1147,Not Applicable,0,,
2024-07-29 04:18:00,CNR1464305670,Driver Not Found,CID483394,eBike,Majestic,Sahakar Nagar,,,Not Applicable,Not Applicable,Not Applicable,Not Applicable,407,Not Applicable,0,,
2024-07-14 19:15:00,CNR6973641368,Canceled by Driver,CID975921,eBike,Kengeri,Banashankari,,,Not Applicable,Personal & Car related issue,Not Applicable,Not Applicable,542,Not Applicable,0,,
2024-07-17 08:48:00,CNR8976810838,Canceled by Driver,CID111883,Prime SUV,Magadi Road,BTM Layout,,,Not Applicable,Personal & Car related issue,Not Applicable,Not Applicable,239,Not Applicable,0,,
2024-07-22 15:21:00,CNR5558734208,Canceled by Driver,CID880643,Mini,Banashankari,Kengeri,,,Not Applicable,Personal & Car related issue,Not Applicable,Not Applicable,324,Not Applicable,0,,
2024-07-06 04:18:00,CNR4185870954,Canceled by Driver,CID945900,Auto,Kammanahalli,Basavanagudi,,,Not Applicable,More than permitted people in there,Not Applicable,Not Applicable,486,Not Applicable,0,,
2024-07-28 07:43:00,CNR3858291743,Canceled by Driver,CID779736,eBike,JP Nagar,Whitefield,,,Not Applicable,Personal & Car related issue,Not Applicable,Not Applicable,406,Not Applicable,0,,
2024-07-23 12:37:00,CNR3565079068,Success,CID353851,eBike,BTM Layout,HSR Layout,56.0,60.0,Not Applicable,Not Applicable,No,Not Applicable,531,UPI,10,3.1,4.3
2024-07-22 23:27:00,CNR9766988039,Success,CID427583,Prime SUV,RT Nagar,Majestic,112.0,140.0,Not Applicable,Not Applicable,No,Not Applicable,1430,Cash,18,4.7,4.3
2024-07-04 09:00:00,CNR9937757856,Success,CID236246,Prime Sedan,BTM Layout,Tumkur Road,224.0,85.0,Not Applicable,Not Applicable,No,Not Applicable,1061,Cash,39,3.4,4.3
2024-07-14 09:56:00,CNR9771766454,Success,CID986029,Bike,Hulimavu,Ulsoor,252.0,30.0,Not Applicable,Not Applicable,No,Not Applicable,862,UPI,47,4.0,4.7
2024-07-28 15:49:00,CNR9871009541,Canceled by Customer,CID588053,Bike,Hosur Road,Padmanabhanagar,,,Change of plans,Not Applicable,Not Applicable,Not Applicable,275,Not Applicable,0,,
2024-07-08 13:20:00,CNR1697487545,Success,CID338638,Mini,Chickpet,Langford Town,294.0,135.0,Not Applicable,Not Applicable,No,Not Applicable,797,UPI,2,4.9,4.9
2024-07-13 22:13:00,CNR8356355565,Success,CID290780,Prime Plus,Cox Town,Ulsoor,168.0,125.0,Not Applicable,Not Applicable,No,Not Applicable,381,Credit Card,45,4.7,4.3
2024-07-23 15:32:00,CNR8050265624,Success,CID602222,Prime Sedan,Shivajinagar,RT Nagar,301.0,125.0,Not Applicable,Not Applicable,No,Not Applicable,477,UPI,20,4.5,3.4
2024-07-18 04:13:00,CNR6481466358,Success,CID512057,Mini,Bannerghatta Road,Hulimavu,294.0,120.0,Not Applicable,Not Applicable,No,Not Applicable,1019,UPI,29,3.5,4.5
2024-07-08 08:05:00,CNR1187452539,Success,CID160958,Bike,Chickpet,Hulimavu,308.0,140.0,Not Applicable,Not Applicable,No,Not Applicable,142,UPI,25,3.9,4.7
2024-07-20 13:40:00,CNR7914268894,Success,CID825883,Prime Sedan,Bellandur,Varthur,259.0,135.0,Not Applicable,Not Applicable,No,Not Applicable,1325,UPI,41,4.9,3.0
2024-07-15 11:42:00,CNR1009973718,Canceled by Customer,CID465404,Auto,Hennur,Kammanahalli,,,Driver is not moving towards pickup location,Not Applicable,Not Applicable,Not Applicable,2600,Not Applicable,0,,
2024-07-24 17:20:00,CNR2987974961,Canceled by Driver,CID344627,Prime Sedan,Jayanagar,Kammanahalli,,,Not Applicable,Personal & Car related issue,Not Applicable,Not Applicable,362,Not Applicable,0,,
2024-07-07 20:41:00,CNR4825347717,Success,CID414506,Prime SUV,Shantinagar,Bellandur,259.0,120.0,Not Applicable,Not Applicable,No,Not Applicable,252,UPI,16,3.0,3.6
2024-07-26 23:51:00,CNR9715098312,Success,CID763447,Auto,MG Road,Jayanagar,140.0,85.0,Not Applicable,Not Applicable,No,Not Applicable,751,UPI,6,3.5,4.6
2024-07-06 06:35:00,CNR3561739919,Canceled by Driver,CID592083,eBike,Bannerghatta Road,Rajarajeshwari Nagar,,,Not Applicable,Customer related issue,Not Applicable,Not Applicable,101,Not Applicable,0,,
2024-07-20 15:29:00,CNR4784588578,Canceled by Driver,CID510416,Mini,Peenya,Marathahalli,,,Not Applicable,Personal & Car related issue,Not Applicable,Not Applicable,220,Not Applicable,0,,
2024-07-11 17:02:00,CNR6193967061,Success,CID716262,Auto,JP Nagar,Kadugodi,238.0,125.0,Not Applicable,Not Applicable,No,Not Applicable,186,Cash,17,4.9,4.8
2024-07-22 08:52:00,CNR4072111606,Driver Not Found,CID786045,eBike,Tumkur Road,Magadi Road,,,Not Applicable,Not Applicable,Not Applicable,Not Applicable,123,Not Applicable,0,,
2024-07-06 14:44:00,CNR6712077466,Success,CID345091,eBike,Hulimavu,Varthur,105.0,25.0,Not Applicable,Not Applicable,No,Not Applicable,204,Cash,39,3.8,3.2
2024-07-24 00:54:00,CNR9567087259,Canceled by Driver,CID849896,Prime Sedan,Hennur,Cox Town,,,Not Applicable,Customer related issue,Not Applicable,Not Applicable,759,Not Applicable,0,,
2024-07-20 09:01:00,CNR4389538165,Canceled by Customer,CID917238,Auto,Mysore Road,Cox Town,,,Driver asked to cancel,Not Applicable,Not Applicable,Not Applicable,758,Not Applicable,0,,
2024-07-17 23:19:00,CNR5389291874,Driver Not Found,CID157775,Prime Sedan,Yelahanka,Malleshwaram,,,Not Applicable,Not Applicable,Not Applicable,Not Applicable,113,Not Applicable,0,,
2024-07-11 23:56:00,CNR6120336582,Success,CID868400,Auto,Electronic City,Rajarajeshwari Nagar,224.0,115.0,Not Applicable,Not Applicable,No,Not Applicable,490,Cash,1,4.0,4.3
2024-07-14 17:15:00,CNR8537608189,Canceled by Customer,CID692314,Prime SUV,Chamarajpet,Shantinagar,,,Driver is not moving towards pickup location,Not Applicable,Not Applicable,Not Applicable,255,Not Applicable,0,,
2024-07-11 03:51:00,CNR5138169054,Success,CID552916,Prime Plus,JP Nagar,Vijayanagar,224.0,145.0,Not Applicable,Not Applicable,No,Not Applicable,597,Cash,18,4.0,3.3
2024-07-30 03:42:00,CNR6565321251,Driver Not Found,CID200354,Mini,Richmond Town,Rajarajeshwari Nagar,,,Not Applicable,Not Applicable,Not Applicable,Not Applicable,2649,Not Applicable,0,,
2024-07-10 00:08:00,CNR3038381928,Driver Not Found,CID875200,Auto,Rajajinagar,Padmanabhanagar,,,Not Applicable,Not Applicable,Not Applicable,Not Applicable,440,Not Applicable,0,,
2024-07-04 16:21:00,CNR9286691340,Success,CID683233,Prime Sedan,Malleshwaram,Whitefield,42.0,35.0,Not Applicable,Not Applicable,No,Not Applicable,355,Cash,25,4.0,4.5
2024-07-03 22:49:00,CNR6968520399,Canceled by Driver,CID975434,eBike,Vijayanagar,Whitefield,,,Not Applicable,Customer related issue,Not Applicable,Not Applicable,263,Not Applicable,0,,
2024-07-14 22:24:00,CNR5836700139,Canceled by Driver,CID108617,Prime Plus,Sahakar Nagar,Yelahanka,,,Not Applicable,More than permitted people in there,Not Applicable,Not Applicable,228,Not Applicable,0,,
2024-07-06 01:55:00,CNR8023294265,Success,CID625894,Prime Plus,Jayanagar,Shantinagar,119.0,65.0,Not Applicable,Not Applicable,No,Not Applicable,758,UPI,26,4.4,3.7
2024-07-04 00:53:00,CNR3405071736,Success,CID126701,Mini,Ulsoor,Cox Town,70.0,140.0,Not Applicable,Not Applicable,No,Not Applicable,495,Cash,32,4.5,3.9
2024-07-06 21:25:00,CNR9786858443,Canceled by Driver,CID783703,Prime SUV,Yeshwanthpur,Mysore Road,,,Not Applicable,Personal & Car related issue,Not Applicable,Not Applicable,289,Not Applicable,0,,
2024-07-27 20:57:00,CNR2469004304,Success,CID942219,Bike,Marathahalli,Langford Town,217.0,85.0,Not Applicable,Not Applicable,No,Not Applicable,428,Cash,15,3.2,4.9
2024-07-01 03:45:00,CNR6578680147,Success,CID965528,Mini,Kadugodi,Rajajinagar,112.0,80.0,Not Applicable,Not Applicable,No,Not Applicable,1844,Cash,17,3.3,4.4
2024-07-30 21:08:00,CNR4429418925,Canceled by Driver,CID415042,Prime Plus,Malleshwaram,Malleshwaram,,,Not Applicable,More than permitted people in there,Not Applicable,Not Applicable,399,Not Applicable,0,,
2024-07-23 02:34:00,CNR8601660446,Driver Not Found,CID256185,Prime SUV,Vijayanagar,Tumkur Road,,,Not Applicable,Not Applicable,Not Applicable,Not Applicable,1452,Not Applicable,0,,
2024-07-22 07:37:00,CNR9471751521,Success,CID551069,Prime Sedan,Ulsoor,Indiranagar,231.0,40.0,Not Applicable,Not Applicable,No,Not Applicable,387,Cash,2,4.7,3.4
2024-07-14 03:28:00,CNR8492978242,Success,CID189509,Bike,Bannerghatta Road,Chickpet,126.0,135.0,Not Applicable,Not Applicable,Yes,Vehicle Breakdown,331,UPI,13,3.9,3.6
2024-07-08 08:30:00,CNR1094883575,Success,CID499692,Bike,RT Nagar,BTM Layout,154.0,55.0,Not Applicable,Not Applicable,No,Not Applicable,388,UPI,48,3.1,5.0
2024-07-23 16:27:00,CNR2603106790,Success,CID268963,Bike,Rajarajeshwari Nagar,Ramamurthy Nagar,140.0,30.0,Not Applicable,Not Applicable,No,Not Applicable,329,Cash,15,4.6,4.6
2024-07-29 19:03:00,CNR1531491500,Success,CID332093,Prime SUV,Rajajinagar,Jayanagar,84.0,35.0,Not Applicable,Not Applicable,No,Not Applicable,235,Cash,31,4.7,4.4
2024-07-05 23:20:00,CNR4456395462,Success,CID341380,eBike,Whitefield,Frazer Town,210.0,115.0,Not Applicable,Not Applicable,No,Not Applicable,131,UPI,20,3.5,4.3
2024-07-16 13:30:00,CNR3422833055,Success,CID135211,Mini,Chamarajpet,HSR Layout,189.0,120.0,Not Applicable,Not Applicable,No,Not Applicable,433,UPI,21,3.4,3.5
2024-07-24 15:50:00,CNR5387148296,Canceled by Driver,CID962188,Prime Plus,Varthur,Magadi Road,,,Not Applicable,More than permitted people in there,Not Applicable,Not Applicable,1008,Not Applicable,0,,
2024-07-13 21:20:00,CNR4952715201,Canceled by Driver,CID567520,Prime SUV,Langford Town,Bellandur,,,Not Applicable,Customer related issue,Not Applicable,Not Applicable,245,Not Applicable,0,,
2024-07-15 10:17:00,CNR5632732208,Canceled by Driver,CID359480,Mini,Kengeri,Chamarajpet,,,Not Applicable,Customer related issue,Not Applicable,Not Applicable,171,Not Applicable,0,,
2024-07-04 05:43:00,CNR7240175825,Success,CID505879,Prime Plus,Yeshwanthpur,Tumkur Road,35.0,115.0,Not Applicable,Not Applicable,No,Not Applicable,977,Cash,28,4.9,3.3
2024-07-29 22:31:00,CNR6760385492,Success,CID538255,eBike,RT Nagar,Nagarbhavi,280.0,90.0,Not Applicable,Not Applicable,No,Not Applicable,230,UPI,13,3.8,3.0
2024-07-07 02:16:00,CNR3238109195,Success,CID101920,Auto,BTM Layout,Chickpet,231.0,85.0,Not Applicable,Not Applicable,No,Not Applicable,231,UPI,8,4.3,4.9
2024-07-23 08:21:00,CNR7648067935,Success,CID416091,Mini,Malleshwaram,Shivajinagar,105.0,50.0,Not Applicable,Not Applicable,No,Not Applicable,446,UPI,43,3.7,3.9
2024-07-11 04:49:00,CNR7603087844,Driver Not Found,CID495378,Prime SUV,Shivajinagar,Hebbal,,,Not Applicable,Not Applicable,Not Applicable,Not Applicable,116,Not Applicable,0,,
2024-07-04 12:07:00,CNR1138711452,Canceled by Driver,CID891692,Prime SUV,HSR Layout,Whitefield,,,Not Applicable,More than permitted people in there,Not Applicable,Not Applicable,2292,Not Applicable,0,,
2024-07-29 21:23:00,CNR2617841721,Driver Not Found,CID341733,Bike,Shantinagar,Richmond Town,,,Not Applicable,Not Applicable,Not Applicable,Not Applicable,236,Not Applicable,0,,
2024-07-04 16:36:00,CNR2489443672,Canceled by Customer,CID625033,Mini,Kadugodi,Marathahalli,,,Wrong Address,Not Applicable,Not Applicable,Not Applicable,221,Not Applicable,0,,
2024-07-06 00:59:00,CNR7442229466,Success,CID285045,Prime Plus,Vijayanagar,Kadugodi,98.0,25.0,Not Applicable,Not Applicable,No,Not Applicable,262,Cash,42,3.3,4.2
2024-07-08 12:42:00,CNR9443610447,Canceled by Customer,CID328143,Prime SUV,Hennur,Hebbal,,,Driver asked to cancel,Not Applicable,Not Applicable,Not Applicable,354,Not Applicable,0,,
2024-07-16 08:36:00,CNR4743711992,Success,CID366935,Auto,Nagarbhavi,Bannerghatta Road,98.0,55.0,Not Applicable,Not Applicable,No,Not Applicable,131,UPI,7,3.8,4.7
2024-07-05 19:16:00,CNR8761398171,Canceled by Customer,CID563381,Mini,Rajajinagar,Hennur,,,Change of plans,Not Applicable,Not Applicable,Not Applicable,512,Not Applicable,0,,
2024-07-24 21:40:00,CNR2033377963,Canceled by Driver,CID488497,Auto,Bannerghatta Road,Whitefield,,,Not Applicable,Customer was coughing/sick,Not Applicable,Not Applicable,129,Not Applicable,0,,
2024-07-04 17:59:00,CNR3062646827,Success,CID765095,Prime Plus,Shantinagar,MG Road,63.0,75.0,Not Applicable,Not Applicable,No,Not Applicable,204,Cash,44,4.2,3.1
2024-07-12 15:40:00,CNR7109548838,Canceled by Driver,CID795313,Prime Sedan,Sarjapur Road,Mysore Road,,,Not Applicable,Customer related issue,Not Applicable,Not Applicable,262,Not Applicable,0,,
2024-07-12 15:41:00,CNR5285131911,Canceled by Driver,CID439529,Prime Sedan,Shantinagar,Peenya,,,Not Applicable,More than permitted people in there,Not Applicable,Not Applicable,818,Not Applicable,0,,
2024-07-09 00:02:00,CNR2148268679,Success,CID140086,Mini,Bannerghatta Road,Yelahanka,280.0,140.0,Not Applicable,Not Applicable,No,Not Applicable,403,Cash,44,4.0,4.9
2024-07-09 18:39:00,CNR3519010008,Driver Not Found,CID942729,Bike,Malleshwaram,Yeshwanthpur,,,Not Applicable,Not Applicable,Not Applicable,Not Applicable,334,Not Applicable,0,,
2024-07-18 02:16:00,CNR8251087630,Success,CID887132,Prime Plus,KR Puram,Hosur Road,91.0,35.0,Not Applicable,Not Applicable,No,Not Applicable,238,Cash,39,3.4,3.8
2024-07-09 19:49:00,CNR1906470294,Driver Not Found,CID543638,Auto,Peenya,Sahakar Nagar,,,Not Applicable,Not Applicable,Not Applicable,Not Applicable,927,Not Applicable,0,,
2024-07-02 19:41:00,CNR8511410517,Canceled by Customer,CID673921,Auto,Bannerghatta Road,Rajajinagar,,,Driver asked to cancel,Not Applicable,Not Applicable,Not Applicable,646,Not Applicable,0,,
2024-07-07 07:07:00,CNR1074153667,Success,CID987530,Prime Sedan,Ramamurthy Nagar,Chickpet,161.0,125.0,Not Applicable,Not Applicable,No,Not Applicable,2309,Cash,45,4.5,4.3
2024-07-27 23:00:00,CNR1241755247,Driver Not Found,CID262643,Mini,Shivajinagar,RT Nagar,,,Not Applicable,Not Applicable,Not Applicable,Not Applicable,243,Not Applicable,0,,
2024-07-13 12:15:00,CNR2786618229,Canceled by Driver,CID440842,eBike,Electronic City,Electronic City,,,Not Applicable,Customer was coughing/sick,Not Applicable,Not Applicable,437,Not Applicable,0,,
2024-07-28 06:29:00,CNR7836011906,Success,CID515883,eBike,Kadugodi,HSR Layout,196.0,35.0,Not Applicable,Not Applicable,No,Not Applicable,194,Cash,1,3.9,3.7
2024-07-30 07:53:00,CNR7959594582,Success,CID540970,Prime SUV,Indiranagar,Shivajinagar,189.0,115.0,Not Applicable,Not Applicable,No,Not Applicable,474,UPI,25,4.3,3.7
2024-07-22 06:32:00,CNR9284964414,Success,CID326053,Bike,Bellandur,JP Nagar,161.0,35.0,Not Applicable,Not Applicable,No,Not Applicable,147,Cash,7,3.5,4.0
2024-07-05 09:42:00,CNR7019694682,Success,CID213638,Prime SUV,Basavanagudi,Yelahanka,147.0,125.0,Not Applicable,Not Applicable,No,Not Applicable,129,Cash,1,3.4,4.5
2024-07-28 14:57:00,CNR2174614291,Canceled by Driver,CID654769,Bike,MG Road,Langford Town,,,Not Applicable,Customer was coughing/sick,Not Applicable,Not Applicable,637,Not Applicable,0,,
2024-07-21 16:19:00,CNR4676181705,Success,CID475976,Bike,Hulimavu,Kadugodi,245.0,140.0,Not Applicable,Not Applicable,No,Not Applicable,166,Cash,49,3.1,4.0
2024-07-30 15:41:00,CNR3748254756,Canceled by Customer,CID101080,Prime Sedan,Cox Town,Bannerghatta Road,,,Change of plans,Not Applicable,Not Applicable,Not Applicable,135,Not Applicable,0,,
2024-07-02 22:24:00,CNR2070411841,Success,CID872032,Auto,RT Nagar,Hebbal,98.0,140.0,Not Applicable,Not Applicable,No,Not Applicable,467,Cash,13,4.8,3.0
2024-07-27 12:51:00,CNR3075498768,Success,CID297970,Auto,Nagarbhavi,Sarjapur Road,147.0,65.0,Not Applicable,Not Applicable,No,Not Applicable,152,Cash,15,4.4,4.4
2024-07-14 23:07:00,CNR4103960685,Driver Not Found,CID740753,Prime Sedan,Rajajinagar,Kammanahalli,,,Not Applicable,Not Applicable,Not Applicable,Not Applicable,444,Not Applicable,0,,
2024-07-02 11:57:00,CNR1332496029,Success,CID395808,eBike,Kammanahalli,KR Puram,112.0,140.0,Not Applicable,Not Applicable,No,Not Applicable,420,Cash,28,4.5,4.1
2024-07-11 18:35:00,CNR6883360590,Success,CID759130,eBike,Majestic,Malleshwaram,175.0,45.0,Not Applicable,Not Applicable,No,Not Applicable,106,Cash,28,4.5,4.2
2024-07-29 22:53:00,CNR5827949471,Driver Not Found,CID494377,Prime Plus,Hebbal,Yelahanka,,,Not Applicable,Not Applicable,Not Applicable,Not Applicable,271,Not Applicable,0,,
2024-07-01 07:52:00,CNR8034470273,Canceled by Customer,CID692168,Auto,Rajarajeshwari Nagar,Peenya,,,Change of plans,Not Applicable,Not Applicable,Not Applicable,951,Not Applicable,0,,
2024-07-08 17:30:00,CNR3603848050,Success,CID314153,Prime Plus,Mysore Road,Indiranagar,147.0,125.0,Not Applicable,Not Applicable,No,Not Applicable,415,Cash,45,3.2,3.8
2024-07-07 02:09:00,CNR8813714066,Success,CID423414,eBike,Shantinagar,Ramamurthy Nagar,168.0,35.0,Not Applicable,Not Applicable,No,Not Applicable,378,UPI,39,3.2,3.9
2024-07-20 10:43:00,CNR6347988053,Canceled by Driver,CID459866,Mini,Ramamurthy Nagar,Chamarajpet,,,Not Applicable,Customer related issue,Not Applicable,Not Applicable,2461,Not Applicable,0,,
2024-07-06 22:14:00,CNR1761506516,Canceled by Driver,CID826124,Prime Plus,Tumkur Road,Electronic City,,,Not Applicable,Personal & Car related issue,Not Applicable,Not Applicable,310,Not Applicable,0,,
2024-07-16 16:40:00,CNR6564353459,Canceled by Customer,CID654410,Auto,Chamarajpet,Frazer Town,,,Driver asked to cancel,Not Applicable,Not Applicable,Not Applicable,277,Not Applicable,0,,
2024-07-10 12:51:00,CNR2602459730,Success,CID496013,Mini,Koramangala,JP Nagar,161.0,80.0,Not Applicable,Not Applicable,No,Not Applicable,225,UPI,36,4.2,3.3
2024-07-08 23:45:00,CNR9019236647,Success,CID970107,Prime Plus,Hebbal,Magadi Road,154.0,30.0,Not Applicable,Not Applicable,No,Not Applicable,476,UPI,39,4.4,4.0
2024-07-12 03:53:00,CNR1153160841,Success,CID582691,Mini,Rajajinagar,Mysore Road,273.0,25.0,Not Applicable,Not Applicable,No,Not Applicable,270,UPI,45,3.5,4.9
2024-07-28 19:35:00,CNR3447507628,Canceled by Driver,CID729627,eBike,Indiranagar,Mysore Road,,,Not Applicable,Personal & Car related issue,Not Applicable,Not Applicable,2390,Not Applicable,0,,
2024-07-08 22:29:00,CNR1162665101,Success,CID687056,Prime SUV,Chamarajpet,Malleshwaram,56.0,135.0,Not Applicable,Not Applicable,No,Not Applicable,449,Cash,7,3.4,3.3
2024-07-17 03:58:00,CNR9961382954,Success,CID431300,Prime SUV,Ramamurthy Nagar,RT Nagar,154.0,95.0,Not Applicable,Not Applicable,No,Not Applicable,340,UPI,29,4.5,4.0
2024-07-05 08:42:00,CNR2682095904,Canceled by Driver,CID956929,Auto,Electronic City,Sahakar Nagar,,,Not Applicable,Personal & Car related issue,Not Applicable,Not Applicable,430,Not Applicable,0,,
2024-07-06 03:04:00,CNR5511330885,Canceled by Driver,CID913460,Mini,Shivajinagar,Sahakar Nagar,,,Not Applicable,Personal & Car related issue,Not Applicable,Not Applicable,936,Not Applicable,0,,
2024-07-08 17:34:00,CNR6481022426,Canceled by Customer,CID311647,Auto,Bannerghatta Road,Sarjapur Road,,,Driver asked to cancel,Not Applicable,Not Applicable,Not Applicable,273,Not Applicable,0,,
2024-07-16 08:03:00,CNR8814028462,Success,CID261852,Auto,KR Puram,Varthur,203.0,145.0,Not Applicable,Not Applicable,No,Not Applicable,538,Cash,11,4.1,4.0
2024-07-01 08:42:00,CNR3078869003,Success,CID148108,Prime SUV,Yelahanka,Sarjapur Road,266.0,145.0,Not Applicable,Not Applicable,No,Not Applicable,206,UPI,19,3.9,4.0
2024-07-06 13:30:00,CNR4763850464,Success,CID553233,Bike,HSR Layout,Nagarbhavi,56.0,35.0,Not Applicable,Not Applicable,No,Not Applicable,180,Cash,1,4.8,3.7
2024-07-01 05:58:00,CNR9826923598,Success,CID778320,Prime Plus,Nagarbhavi,Whitefield,224.0,75.0,Not Applicable,Not Applicable,Yes,Customer Demand,996,UPI,23,4.2,3.7
2024-07-05 12:32:00,CNR5500129989,Canceled by Driver,CID239992,Mini,Sahakar Nagar,HSR Layout,,,Not Applicable,Customer was coughing/sick,Not Applicable,Not Applicable,432,Not Applicable,0,,
2024-07-28 00:16:00,CNR1859741595,Success,CID463249,eBike,Varthur,Malleshwaram,189.0,40.0,Not Applicable,Not Applicable,Yes,Vehicle Breakdown,308,UPI,22,4.8,4.7
2024-07-22 22:57:00,CNR4424944606,Success,CID192069,Auto,Kammanahalli,Hulimavu,259.0,145.0,Not Applicable,Not Applicable,No,Not Applicable,771,Cash,18,3.2,4.6
2024-07-01 13:29:00,CNR8315335909,Success,CID598770,Auto,Padmanabhanagar,Marathahalli,140.0,55.0,Not Applicable,Not Applicable,No,Not Applicable,573,UPI,1,4.7,4.6
2024-07-10 20:03:00,CNR6844784789,Canceled by Customer,CID950556,eBike,Yelahanka,Kengeri,,,Change of plans,Not Applicable,Not Applicable,Not Applicable,134,Not Applicable,0,,
2024-07-02 15:06:00,CNR1606782384,Success,CID961778,Mini,Varthur,Basavanagudi,294.0,30.0,Not Applicable,Not Applicable,No,Not Applicable,587,UPI,35,4.1,4.8
2024-07-27 22:23:00,CNR2634875707,Success,CID426335,eBike,Bannerghatta Road,Tumkur Road,259.0,135.0,Not Applicable,Not Applicable,No,Not Applicable,1415,UPI,39,3.4,4.4
2024-07-14 08:35:00,CNR9356453666,Canceled by Driver,CID764357,Prime Sedan,Hebbal,MG Road,,,Not Applicable,Customer was coughing/sick,Not Applicable,Not Applicable,172,Not Applicable,0,,
2024-07-10 01:49:00,CNR8287006246,Canceled by Driver,CID215883,Prime SUV,Varthur,Hebbal,,,Not Applicable,Customer related issue,Not Applicable,Not Applicable,280,Not Applicable,0,,
2024-07-17 07:23:00,CNR6626415347,Success,CID119524,Mini,Indiranagar,Kammanahalli,189.0,40.0,Not Applicable,Not Applicable,No,Not Applicable,387,UPI,10,3.1,4.2
2024-07-04 05:40:00,CNR1062584405,Success,CID364140,Mini,Kammanahalli,Hennur,84.0,95.0,Not Applicable,Not Applicable,No,Not Applicable,628,Credit Card,3,3.4,3.7
2024-07-21 11:10:00,CNR8496446465,Canceled by Driver,CID247672,Prime Sedan,Bellandur,Malleshwaram,,,Not Applicable,Personal & Car related issue,Not Applicable,Not Applicable,677,Not Applicable,0,,
2024-07-03 11:15:00,CNR3167933177,Driver Not Found,CID942010,Auto,Devanahalli,Sarjapur Road,,,Not Applicable,Not Applicable,Not Applicable,Not Applicable,584,Not Applicable,0,,
2024-07-10 13:10:00,CNR1492581960,Success,CID311287,Mini,Sarjapur Road,Ramamurthy Nagar,49.0,90.0,Not Applicable,Not Applicable,No,Not Applicable,280,Cash,15,3.7,3.3
2024-07-15 10:30:00,CNR8678533100,Success,CID289742,Bike,JP Nagar,Shantinagar,224.0,120.0,Not Applicable,Not Applicable,Yes,Vehicle Breakdown,330,Cash,15,3.6,3.3
2024-07-28 06:21:00,CNR6902281675,Canceled by Driver,CID820041,Prime Plus,Ulsoor,MG Road,,,Not Applicable,Customer related issue,Not Applicable,Not Applicable,2439,Not Applicable,0,,
2024-07-22 08:00:00,CNR3226904134,Success,CID628846,Mini,Frazer Town,Rajarajeshwari Nagar,63.0,45.0,Not Applicable,Not Applicable,No,Not Applicable,311,UPI,4,4.8,3.0
2024-07-03 21:36:00,CNR5973096229,Driver Not Found,CID498458,Prime Sedan,Malleshwaram,Hosur Road,,,Not Applicable,Not Applicable,Not Applicable,Not Applicable,177,Not Applicable,0,,
2024-07-07 05:20:00,CNR6662421816,Canceled by Driver,CID271747,Prime SUV,Majestic,Sarjapur Road,,,Not Applicable,Customer related issue,Not Applicable,Not Applicable,1093,Not Applicable,0,,
2024-07-29 22:36:00,CNR1047454428,Success,CID920472,Mini,Peenya,Peenya,84.0,120.0,Not Applicable,Not Applicable,No,Not Applicable,436,UPI,17,4.8,4.1
2024-07-01 20:09:00,CNR5967456500,Canceled by Driver,CID557636,Bike,Bannerghatta Road,Indiranagar,,,Not Applicable,Personal & Car related issue,Not Applicable,Not Applicable,473,Not Applicable,0,,
2024-07-04 22:10:00,CNR3471029062,Canceled by Driver,CID438754,Prime SUV,Kammanahalli,Mysore Road,,,Not Applicable,Customer was coughing/sick,Not Applicable,Not Applicable,989,Not Applicable,0,,
2024-07-05 07:53:00,CNR6196325974,Canceled by Customer,CID454840,Prime Sedan,Richmond Town,Sahakar Nagar,,,Driver is not moving towards pickup location,Not Applicable,Not Applicable,Not Applicable,264,Not Applicable,0,,
2024-07-18 10:58:00,CNR7642198426,Success,CID848617,eBike,Kadugodi,Yeshwanthpur,77.0,35.0,Not Applicable,Not Applicable,No,Not Applicable,941,UPI,15,3.1,3.5
2024-07-14 19:06:00,CNR3321844613,Success,CID263934,Prime Plus,Electronic City,RT Nagar,182.0,65.0,Not Applicable,Not Applicable,No,Not Applicable,486,UPI,47,3.0,3.9
2024-07-22 09:54:00,CNR2693957174,Canceled by Driver,CID433599,Prime Plus,Rajarajeshwari Nagar,Kengeri,,,Not Applicable,Customer was coughing/sick,Not Applicable,Not Applicable,576,Not Applicable,0,,
2024-07-22 21:42:00,CNR2904269586,Success,CID126368,Mini,KR Puram,HSR Layout,77.0,70.0,Not Applicable,Not Applicable,No,Not Applicable,322,Debit Card,39,3.6,4.6
2024-07-11 15:10:00,CNR1142051867,Canceled by Driver,CID837851,Mini,Ramamurthy Nagar,Bellandur,,,Not Applicable,Personal & Car related issue,Not Applicable,Not Applicable,2109,Not Applicable,0,,
2024-07-02 01:45:00,CNR9647557907,Driver Not Found,CID844890,Mini,Shivajinagar,Vijayanagar,,,Not Applicable,Not Applicable,Not Applicable,Not Applicable,107,Not Applicable,0,,
2024-07-14 13:26:00,CNR7941965392,Driver Not Found,CID933069,Prime SUV,RT Nagar,Shivajinagar,,,Not Applicable,Not Applicable,Not Applicable,Not Applicable,468,Not Applicable,0,,
2024-07-21 04:10:00,CNR4799751491,Success,CID102713,Bike,RT Nagar,Jayanagar,140.0,60.0,Not Applicable,Not Applicable,No,Not Applicable,2602,Debit Card,39,3.5,3.2
2024-07-30 07:57:00,CNR4546293846,Success,CID502697,Prime Plus,BTM Layout,Koramangala,161.0,105.0,Not Applicable,Not Applicable,No,Not Applicable,290,Cash,11,3.7,3.4
2024-07-27 00:05:00,CNR9135581698,Success,CID924669,Prime Sedan,BTM Layout,Yeshwanthpur,203.0,140.0,Not Applicable,Not Applicable,No,Not Applicable,182,Cash,2,3.9,4.9
2024-07-30 09:10:00,CNR4993927889,Success,CID178393,Mini,Hebbal,Majestic,294.0,30.0,Not Applicable,Not Applicable,No,Not Applicable,180,Cash,4,4.5,4.7
2024-07-10 14:34:00,CNR8122537122,Canceled by Customer,CID642982,Prime SUV,Vijayanagar,Varthur,,,Change of plans,Not Applicable,Not Applicable,Not Applicable,480,Not Applicable,0,,
2024-07-11 15:33:00,CNR8410704600,Success,CID888260,eBike,Rajajinagar,Shivajinagar,217.0,120.0,Not Applicable,Not Applicable,No,Not Applicable,601,Cash,11,3.1,3.3
2024-07-08 04:19:00,CNR3653123373,Driver Not Found,CID173514,Auto,Hennur,Nagarbhavi,,,Not Applicable,Not Applicable,Not Applicable,Not Applicable,458,Not Applicable,0,,
2024-07-20 12:32:00,CNR4721186340,Driver Not Found,CID289360,Mini,Majestic,Basavanagudi,,,Not Applicable,Not Applicable,Not Applicable,Not Applicable,940,Not Applicable,0,,
2024-07-27 07:33:00,CNR2834181390,Success,CID149727,Prime Plus,Yelahanka,Rajarajeshwari Nagar,140.0,60.0,Not Applicable,Not Applicable,No,Not Applicable,939,UPI,42,3.3,3.2
2024-07-09 18:17:00,CNR3524026269,Success,CID660849,Prime Sedan,Richmond Town,Rajarajeshwari Nagar,42.0,35.0,Not Applicable,Not Applicable,No,Not Applicable,738,Cash,37,4.9,4.8
2024-07-14 05:19:00,CNR3776345394,Canceled by Customer,CID592399,Prime Plus,Cox Town,Ramamurthy Nagar,,,Driver asked to cancel,Not Applicable,Not Applicable,Not Applicable,414,Not Applicable,0,,
2024-07-20 07:55:00,CNR3498740934,Canceled by Driver,CID560248,Mini,Koramangala,RT Nagar,,,Not Applicable,Customer was coughing/sick,Not Applicable,Not Applicable,2330,Not Applicable,0,,
2024-07-04 11:49:00,CNR7233264756,Canceled by Customer,CID846008,Prime Sedan,Devanahalli,Devanahalli,,,Change of plans,Not Applicable,Not Applicable,Not Applicable,225,Not Applicable,0,,
2024-07-15 15:39:00,CNR5791083368,Success,CID541738,eBike,Hulimavu,Rajajinagar,35.0,40.0,Not Applicable,Not Applicable,No,Not Applicable,314,Cash,14,3.8,3.6
2024-07-01 16:31:00,CNR5193663742,Driver Not Found,CID796415,Prime Plus,Marathahalli,Peenya,,,Not Applicable,Not Applicable,Not Applicable,Not Applicable,408,Not Applicable,0,,
2024-07-15 07:40:00,CNR1540374064,Success,CID484778,Prime Plus,Hulimavu,Banashankari,273.0,100.0,Not Applicable,Not Applicable,No,Not Applicable,881,Cash,3,4.0,3.7
2024-07-29 06:20:00,CNR3157635664,Success,CID148479,Prime SUV,Jayanagar,Mysore Road,294.0,100.0,Not Applicable,Not Applicable,No,Not Applicable,2890,Cash,17,3.1,4.4
2024-07-26 14:58:00,CNR7422261903,Success,CID906760,eBike,KR Puram,Frazer Town,287.0,95.0,Not Applicable,Not Applicable,No,Not Applicable,444,Cash,32,3.5,4.9
2024-07-20 21:03:00,CNR7426427963,Driver Not Found,CID436074,Auto,Electronic City,Devanahalli,,,Not Applicable,Not Applicable,Not Applicable,Not Applicable,437,Not Applicable,0,,
2024-07-28 19:45:00,CNR2344740551,Canceled by Driver,CID970762,Auto,RT Nagar,Basavanagudi,,,Not Applicable,Customer was coughing/sick,Not Applicable,Not Applicable,760,Not Applicable,0,,
2024-07-14 19:21:00,CNR3552617058,Success,CID535515,eBike,Cox Town,Varthur,154.0,55.0,Not Applicable,Not Applicable,No,Not Applicable,314,UPI,33,3.9,3.9
2024-07-04 00:55:00,CNR3213596764,Canceled by Customer,CID848802,Prime Plus,Devanahalli,MG Road,,,Driver asked to cancel,Not Applicable,Not Applicable,Not Applicable,2896,Not Applicable,0,,
2024-07-14 22:58:00,CNR6082850297,Success,CID216686,Prime Sedan,Padmanabhanagar,Majestic,266.0,25.0,Not Applicable,Not Applicable,No,Not Applicable,208,Cash,40,4.0,3.9
2024-07-14 15:02:00,CNR3700517559,Success,CID201466,Mini,BTM Layout,JP Nagar,154.0,55.0,Not Applicable,Not Applicable,No,Not Applicable,430,Cash,34,4.2,4.0
2024-07-07 01:33:00,CNR2262772094,Canceled by Customer,CID324224,Prime Sedan,Majestic,Hennur,,,Change of plans,Not Applicable,Not Applicable,Not Applicable,305,Not Applicable,0,,
2024-07-08 06:36:00,CNR2034403731,Success,CID920924,Prime Plus,BTM Layout,Mysore Road,203.0,100.0,Not Applicable,Not Applicable,No,Not Applicable,290,UPI,38,3.9,4.0
2024-07-15 18:02:00,CNR1214233769,Canceled by Driver,CID482828,Auto,Tumkur Road,Hosur Road,,,Not Applicable,Customer was coughing/sick,Not Applicable,Not Applicable,2666,Not Applicable,0,,
2024-07-18 13:42:00,CNR5572226361,Success,CID705223,Bike,Jayanagar,Shivajinagar,224.0,45.0,Not Applicable,Not Applicable,No,Not Applicable,333,Cash,29,4.9,4.3
2024-07-06 10:46:00,CNR9365956196,Canceled by Customer,CID839378,Prime Sedan,Padmanabhanagar,MG Road,,,Driver asked to cancel,Not Applicable,Not Applicable,Not Applicable,489,Not Applicable,0,,
2024-07-15 09:04:00,CNR2322752260,Canceled by Driver,CID958601,Prime Plus,Tumkur Road,Chickpet,,,Not Applicable,Customer was coughing/sick,Not Applicable,Not Applicable,267,Not Applicable,0,,
2024-07-03 06:51:00,CNR2635340139,Success,CID374873,Bike,Hennur,Vijayanagar,217.0,35.0,Not Applicable,Not Applicable,No,Not Applicable,297,UPI,30,4.0,3.5
2024-07-05 17:29:00,CNR7517671967,Success,CID353668,Prime Plus,Richmond Town,Bellandur,175.0,45.0,Not Applicable,Not Applicable,No,Not Applicable,120,UPI,5,3.9,3.9
2024-07-10 01:18:00,CNR8160659698,Success,CID208118,Prime SUV,Rajarajeshwari Nagar,MG Road,119.0,105.0,Not Applicable,Not Applicable,No,Not Applicable,225,Cash,42,3.9,4.7
2024-07-14 17:50:00,CNR8414498673,Canceled by Driver,CID518565,Prime Plus,Koramangala,Richmond Town,,,Not Applicable,Personal & Car related issue,Not Applicable,Not Applicable,790,Not Applicable,0,,
2024-07-28 16:15:00,CNR4009629839,Success,CID264085,Mini,Mysore Road,Banashankari,161.0,60.0,Not Applicable,Not Applicable,No,Not Applicable,414,Cash,5,4.9,3.8
2024-07-26 00:27:00,CNR5205150265,Success,CID503307,Prime SUV,Magadi Road,Magadi Road,182.0,75.0,Not Applicable,Not Applicable,No,Not Applicable,867,UPI,37,3.6,3.1
2024-07-13 07:03:00,CNR4826916353,Canceled by Customer,CID569321,Prime Sedan,Electronic City,Kadugodi,,,Driver asked to cancel,Not Applicable,Not Applicable,Not Applicable,987,Not Applicable,0,,
2024-07-10 00:11:00,CNR1868085855,Canceled by Driver,CID594612,Prime Plus,RT Nagar,Yelahanka,,,Not Applicable,Customer was coughing/sick,Not Applicable,Not Applicable,316,Not Applicable,0,,
2024-07-26 05:56:00,CNR5787475644,Canceled by Driver,CID637706,Bike,Hosur Road,Mysore Road,,,Not Applicable,Personal & Car related issue,Not Applicable,Not Applicable,296,Not Applicable,0,,
2024-07-01 02:19:00,CNR2437688721,Success,CID353845,Prime Plus,Shantinagar,Majestic,308.0,45.0,Not Applicable,Not Applicable,Yes,Vehicle Breakdown,877,Cash,16,4.0,4.2
2024-07-28 16:33:00,CNR1169429718,Success,CID291250,Mini,Devanahalli,Varthur,259.0,110.0,Not Applicable,Not Applicable,No,Not Applicable,307,Cash,33,4.4,4.3
2024-07-27 22:24:00,CNR3131020179,Success,CID263331,Prime SUV,Richmond Town,Bannerghatta Road,42.0,120.0,Not Applicable,Not Applicable,No,Not Applicable,479,Cash,34,3.1,3.1
2024-07-16 05:50:00,CNR7201915104,Success,CID730343,Bike,KR Puram,Shantinagar,175.0,55.0,Not Applicable,Not Applicable,No,Not Applicable,539,Cash,30,3.0,4.0
2024-07-05 22:53:00,CNR1822874012,Success,CID114453,Bike,Majestic,Whitefield,133.0,85.0,Not Applicable,Not Applicable,No,Not Applicable,340,Cash,26,4.9,4.1
2024-07-04 14:04:00,CNR3755472863,Success,CID754338,Prime Plus,Jayanagar,Hulimavu,126.0,90.0,Not Applicable,Not Applicable,No,Not Applicable,815,Cash,40,3.3,4.7
2024-07-15 02:03:00,CNR6689240743,Success,CID849017,Prime Plus,Peenya,Kammanahalli,154.0,80.0,Not Applicable,Not Applicable,No,Not Applicable,436,Cash,31,3.4,4.6
2024-07-22 02:07:00,CNR3843767628,Canceled by Driver,CID671021,Prime SUV,Mysore Road,RT Nagar,,,Not Applicable,Customer related issue,Not Applicable,Not Applicable,661,Not Applicable,0,,
2024-07-04 22:57:00,CNR7944721037,Canceled by Driver,CID213240,Auto,Langford Town,Shantinagar,,,Not Applicable,Customer was coughing/sick,Not Applicable,Not Applicable,347,Not Applicable,0,,
2024-07-25 21:50:00,CNR2518821860,Success,CID641915,Bike,Langford Town,Magadi Road,273.0,140.0,Not Applicable,Not Applicable,No,Not Applicable,939,UPI,6,4.2,3.3
2024-07-25 13:29:00,CNR5994155871,Success,CID519707,Mini,Majestic,Koramangala,224.0,115.0,Not Applicable,Not Applicable,No,Not Applicable,312,Cash,7,3.9,4.8
2024-07-30 10:05:00,CNR1961517386,Success,CID974240,Mini,Koramangala,MG Road,231.0,130.0,Not Applicable,Not Applicable,No,Not Applicable,199,UPI,10,5.0,4.6
2024-07-03 08:27:00,CNR3298297837,Canceled by Driver,CID389639,Mini,Richmond Town,Kengeri,,,Not Applicable,Personal & Car related issue,Not Applicable,Not Applicable,264,Not Applicable,0,,
2024-07-29 10:27:00,CNR9851144134,Success,CID311687,Auto,Tumkur Road,Sarjapur Road,154.0,135.0,Not Applicable,Not Applicable,No,Not Applicable,410,UPI,3,4.4,3.9
2024-07-23 07:18:00,CNR2209310939,Success,CID367019,eBike,Padmanabhanagar,Tumkur Road,140.0,95.0,Not Applicable,Not Applicable,No,Not Applicable,953,Cash,12,3.6,3.0
2024-07-21 07:34:00,CNR7147375536,Canceled by Customer,CID917370,Prime Plus,Whitefield,Bannerghatta Road,,,AC is Not working,Not Applicable,Not Applicable,Not Applicable,481,Not Applicable,0,,
2024-07-10 02:29:00,CNR6940973822,Canceled by Customer,CID448596,Bike,Nagarbhavi,Devanahalli,,,Driver is not moving towards pickup location,Not Applicable,Not Applicable,Not Applicable,170,Not Applicable,0,,
2024-07-13 21:56:00,CNR6579521413,Driver Not Found,CID709150,Mini,Magadi Road,JP Nagar,,,Not Applicable,Not Applicable,Not Applicable,Not Applicable,224,Not Applicable,0,,
2024-07-25 04:37:00,CNR3050781321,Success,CID251657,Prime Sedan,Nagarbhavi,Nagarbhavi,154.0,90.0,Not Applicable,Not Applicable,No,Not Applicable,2752,Cash,29,3.8,3.6
2024-07-21 06:05:00,CNR2065174463,Success,CID968431,Mini,Bellandur,KR Puram,280.0,135.0,Not Applicable,Not Applicable,No,Not Applicable,506,Credit Card,8,3.7,4.0
2024-07-09 01:46:00,CNR7792834145,Success,CID983518,Mini,Banashankari,Vijayanagar,189.0,130.0,Not Applicable,Not Applicable,No,Not Applicable,1786,UPI,21,4.1,3.5
2024-07-25 01:38:00,CNR8635133416,Success,CID367879,Prime Plus,Mysore Road,Rajajinagar,266.0,115.0,Not Applicable,Not Applicable,No,Not Applicable,138,UPI,32,4.7,3.6
2024-07-19 12:46:00,CNR6978247067,Success,CID655422,Bike,Padmanabhanagar,BTM Layout,294.0,120.0,Not Applicable,Not Applicable,No,Not Applicable,428,UPI,7,4.2,4.8
2024-07-18 03:40:00,CNR6033881787,Success,CID787640,Bike,Shivajinagar,Marathahalli,238.0,125.0,Not Applicable,Not Applicable,No,Not Applicable,887,Credit Card,36,4.5,4.6
2024-07-15 20:49:00,CNR3738463983,Success,CID641267,Prime SUV,Ulsoor,Kengeri,224.0,35.0,Not Applicable,Not Applicable,No,Not Applicable,145,Cash,2,3.5,3.7
2024-07-25 04:56:00,CNR2211101829,Success,CID375419,Prime Plus,Sarjapur Road,Mysore Road,70.0,80.0,Not Applicable,Not Applicable,No,Not Applicable,174,UPI,31,4.1,4.8
2024-07-16 22:11:00,CNR9312780624,Success,CID783755,Prime Sedan,Bannerghatta Road,Magadi Road,280.0,95.0,Not Applicable,Not Applicable,No,Not Applicable,710,Cash,31,4.2,4.1
2024-07-23 01:54:00,CNR2377955016,Success,CID667198,Bike,Padmanabhanagar,Richmond Town,133.0,125.0,Not Applicable,Not Applicable,No,Not Applicable,1557,Cash,47,4.6,3.3
2024-07-24 18:23:00,CNR6046903687,Success,CID862335,Prime Sedan,Chickpet,Richmond Town,259.0,125.0,Not Applicable,Not Applicable,No,Not Applicable,237,UPI,33,3.8,3.5
2024-07-21 00:09:00,CNR7461879754,Success,CID432078,Bike,Jayanagar,Majestic,91.0,130.0,Not Applicable,Not Applicable,No,Not Applicable,473,UPI,22,3.8,3.8
2024-07-15 10:03:00,CNR1277861750,Success,CID399999,Mini,Bannerghatta Road,Langford Town,308.0,70.0,Not Applicable,Not Applicable,Yes,Vehicle Breakdown,2285,UPI,7,4.3,4.0
2024-07-19 13:09:00,CNR4054056476,Success,CID485770,Prime Plus,Basavanagudi,Marathahalli,91.0,35.0,Not Applicable,Not Applicable,No,Not Applicable,134,UPI,27,4.1,4.6
2024-07-28 07:56:00,CNR2209136925,Canceled by Driver,CID797886,Prime Sedan,Mysore Road,Sahakar Nagar,,,Not Applicable,Customer related issue,Not Applicable,Not Applicable,456,Not Applicable,0,,
2024-07-24 20:53:00,CNR6419582033,Success,CID105199,Bike,Devanahalli,Langford Town,35.0,105.0,Not Applicable,Not Applicable,No,Not Applicable,195,Debit Card,13,3.2,3.9
2024-07-30 04:47:00,CNR5446957064,Success,CID203623,Auto,Shivajinagar,Varthur,252.0,140.0,Not Applicable,Not Applicable,No,Not Applicable,842,Credit Card,6,3.1,3.6
2024-07-17 13:40:00,CNR3302785460,Success,CID344950,Prime Sedan,Rajarajeshwari Nagar,Koramangala,70.0,95.0,Not Applicable,Not Applicable,No,Not Applicable,456,Cash,20,4.0,4.6
2024-07-15 08:01:00,CNR3392376549,Success,CID310617,Auto,Hebbal,Basavanagudi,203.0,35.0,Not Applicable,Not Applicable,No,Not Applicable,179,Cash,3,3.9,4.7
2024-07-28 07:31:00,CNR1450203807,Success,CID928305,Prime Plus,JP Nagar,Chamarajpet,154.0,95.0,Not Applicable,Not Applicable,No,Not Applicable,280,Cash,20,3.1,4.6
2024-07-23 07:53:00,CNR4632630013,Canceled by Driver,CID975570,Bike,Kengeri,Mysore Road,,,Not Applicable,Personal & Car related issue,Not Applicable,Not Applicable,444,Not Applicable,0,,
2024-07-03 08:24:00,CNR4162902215,Success,CID990532,Prime Sedan,HSR Layout,Kammanahalli,301.0,35.0,Not Applicable,Not Applicable,No,Not Applicable,425,UPI,42,4.8,3.8
2024-07-11 06:10:00,CNR8001034074,Success,CID396458,Bike,Hebbal,BTM Layout,112.0,35.0,Not Applicable,Not Applicable,No,Not Applicable,996,Cash,29,4.9,4.5
2024-07-18 19:32:00,CNR4959527481,Canceled by Customer,CID543002,Mini,Marathahalli,Sarjapur Road,,,Change of plans,Not Applicable,Not Applicable,Not Applicable,358,Not Applicable,0,,
2024-07-28 07:28:00,CNR4846663955,Success,CID378902,Auto,Electronic City,Rajajinagar,217.0,50.0,Not Applicable,Not Applicable,No,Not Applicable,341,Cash,12,3.5,4.6
2024-07-21 06:55:00,CNR8014754578,Canceled by Driver,CID599698,Mini,Shantinagar,Majestic,,,Not Applicable,Personal & Car related issue,Not Applicable,Not Applicable,750,Not Applicable,0,,
2024-07-28 09:12:00,CNR1725123009,Success,CID383868,Mini,Magadi Road,Cox Town,35.0,110.0,Not Applicable,Not Applicable,No,Not Applicable,210,UPI,37,4.5,3.7
2024-07-16 07:14:00,CNR6529000076,Success,CID643426,Prime Plus,JP Nagar,RT Nagar,231.0,70.0,Not Applicable,Not Applicable,No,Not Applicable,163,Cash,24,4.7,3.5
2024-07-13 15:52:00,CNR1557791719,Canceled by Driver,CID802722,Auto,Rajajinagar,Malleshwaram,,,Not Applicable,Customer was coughing/sick,Not Applicable,Not Applicable,182,Not Applicable,0,,
2024-07-21 06:25:00,CNR8155738810,Success,CID969513,Mini,Basavanagudi,Richmond Town,119.0,55.0,Not Applicable,Not Applicable,No,Not Applicable,2322,Cash,31,3.8,3.8
2024-07-24 12:08:00,CNR7062780333,Success,CID628976,Bike,Koramangala,Rajarajeshwari Nagar,91.0,90.0,Not Applicable,Not Applicable,No,Not Applicable,534,Cash,34,4.8,3.9
2024-07-01 15:15:00,CNR5905870114,Success,CID211729,Mini,Malleshwaram,Yeshwanthpur,119.0,85.0,Not Applicable,Not Applicable,No,Not Applicable,127,Cash,10,3.5,4.4
2024-07-15 14:50:00,CNR9159528365,Success,CID623721,Mini,Shantinagar,Chickpet,308.0,80.0,Not Applicable,Not Applicable,No,Not Applicable,120,Cash,10,4.2,3.7
2024-07-27 00:03:00,CNR2241791413,Success,CID172046,Prime Sedan,Mysore Road,Bannerghatta Road,63.0,65.0,Not Applicable,Not Applicable,No,Not Applicable,1898,Cash,26,3.8,4.9
2024-07-23 14:23:00,CNR4594359322,Success,CID883424,eBike,Nagarbhavi,HSR Layout,56.0,100.0,Not Applicable,Not Applicable,No,Not Applicable,454,UPI,47,4.8,3.7
2024-07-06 22:50:00,CNR5404562590,Canceled by Driver,CID479971,Prime SUV,Indiranagar,Yelahanka,,,Not Applicable,Personal & Car related issue,Not Applicable,Not Applicable,299,Not Applicable,0,,
2024-07-30 05:02:00,CNR3718047651,Success,CID426927,Prime Plus,RT Nagar,Shivajinagar,168.0,25.0,Not Applicable,Not Applicable,No,Not Applicable,275,Cash,28,4.8,4.6
2024-07-27 09:47:00,CNR4307517406,Success,CID207823,Prime Sedan,Koramangala,Kengeri,301.0,130.0,Not Applicable,Not Applicable,No,Not Applicable,375,Cash,31,3.3,4.1
2024-07-21 12:14:00,CNR2950076899,Driver Not Found,CID454046,Prime Sedan,Rajajinagar,Hosur Road,,,Not Applicable,Not Applicable,Not Applicable,Not Applicable,216,Not Applicable,0,,
2024-07-17 19:19:00,CNR3857341510,Canceled by Driver,CID253884,Prime Sedan,Shivajinagar,Kammanahalli,,,Not Applicable,Customer related issue,Not Applicable,Not Applicable,176,Not Applicable,0,,
2024-07-12 08:14:00,CNR5710195308,Success,CID187546,Mini,Chamarajpet,Tumkur Road,196.0,125.0,Not Applicable,Not Applicable,No,Not Applicable,135,UPI,15,3.5,3.8
2024-07-17 18:07:00,CNR8933039573,Success,CID903141,Prime Sedan,Yelahanka,Ulsoor,133.0,115.0,Not Applicable,Not Applicable,No,Not Applicable,526,Cash,19,3.4,3.1
2024-07-21 03:02:00,CNR4720354572,Success,CID466138,Prime Sedan,Jayanagar,Devanahalli,98.0,40.0,Not Applicable,Not Applicable,No,Not Applicable,305,UPI,15,3.8,4.8
2024-07-06 05:18:00,CNR8697066236,Driver Not Found,CID262327,Auto,Langford Town,Marathahalli,,,Not Applicable,Not Applicable,Not Applicable,Not Applicable,909,Not Applicable,0,,
2024-07-01 18:09:00,CNR9491401359,Canceled by Driver,CID445278,Prime Plus,Tumkur Road,Whitefield,,,Not Applicable,Customer related issue,Not Applicable,Not Applicable,307,Not Applicable,0,,
2024-07-07 17:43:00,CNR2822411635,Success,CID879871,Prime SUV,MG Road,MG Road,161.0,110.0,Not Applicable,Not Applicable,No,Not Applicable,140,Cash,42,3.5,3.9
2024-07-24 11:29:00,CNR1870275289,Driver Not Found,CID625172,Prime SUV,Shantinagar,Jayanagar,,,Not Applicable,Not Applicable,Not Applicable,Not Applicable,947,Not Applicable,0,,
2024-07-07 14:37:00,CNR4242296018,Success,CID824169,Mini,Hebbal,MG Road,203.0,135.0,Not Applicable,Not Applicable,No,Not Applicable,460,Cash,9,3.3,4.6
2024-07-13 02:11:00,CNR3001137561,Canceled by Driver,CID199258,Prime Plus,KR Puram,Kammanahalli,,,Not Applicable,Personal & Car related issue,Not Applicable,Not Applicable,334,Not Applicable,0,,
2024-07-25 22:33:00,CNR1306518891,Canceled by Driver,CID140104,Auto,Koramangala,RT Nagar,,,Not Applicable,Customer related issue,Not Applicable,Not Applicable,450,Not Applicable,0,,
2024-07-08 18:27:00,CNR2097729648,Success,CID626715,Mini,Yelahanka,Richmond Town,49.0,55.0,Not Applicable,Not Applicable,No,Not Applicable,103,Cash,21,3.7,4.8
2024-07-16 06:25:00,CNR1505075252,Success,CID611302,Prime Plus,Rajarajeshwari Nagar,Devanahalli,266.0,50.0,Not Applicable,Not Applicable,No,Not Applicable,503,Cash,30,3.5,4.8
2024-07-11 21:16:00,CNR5704552738,Canceled by Customer,CID494471,Prime Sedan,Hulimavu,Chamarajpet,,,Change of plans,Not Applicable,Not Applicable,Not Applicable,103,Not Applicable,0,,
2024-07-27 01:32:00,CNR5630110647,Canceled by Driver,CID756768,Prime Plus,Shivajinagar,BTM Layout,,,Not Applicable,More than permitted people in there,Not Applicable,Not Applicable,282,Not Applicable,0,,
2024-07-25 05:59:00,CNR1823929136,Success,CID203254,Mini,Magadi Road,Padmanabhanagar,140.0,50.0,Not Applicable,Not Applicable,No,Not Applicable,194,Cash,48,4.2,4.1
2024-07-26 00:44:00,CNR3630380875,Success,CID474969,eBike,Chickpet,Nagarbhavi,259.0,25.0,Not Applicable,Not Applicable,No,Not Applicable,726,Cash,15,3.8,4.2
2024-07-29 16:45:00,CNR5380217986,Success,CID129968,Mini,KR Puram,Magadi Road,91.0,145.0,Not Applicable,Not Applicable,No,Not Applicable,375,Cash,41,3.5,3.1
2024-07-18 04:53:00,CNR6697332503,Driver Not Found,CID546065,Prime SUV,Majestic,Langford Town,,,Not Applicable,Not Applicable,Not Applicable,Not Applicable,817,Not Applicable,0,,
2024-07-23 16:53:00,CNR9461638818,Success,CID934532,Bike,JP Nagar,Basavanagudi,77.0,85.0,Not Applicable,Not Applicable,No,Not Applicable,167,Cash,15,3.6,3.8
2024-07-11 14:34:00,CNR9662258780,Success,CID527619,Bike,Mysore Road,Padmanabhanagar,70.0,50.0,Not Applicable,Not Applicable,No,Not Applicable,224,Cash,47,4.1,3.0
2024-07-16 00:23:00,CNR3412331299,Driver Not Found,CID794304,Mini,Hebbal,Bellandur,,,Not Applicable,Not Applicable,Not Applicable,Not Applicable,364,Not Applicable,0,,
2024-07-25 22:10:00,CNR7141678821,Canceled by Customer,CID860350,Prime SUV,Devanahalli,Hennur,,,Driver asked to cancel,Not Applicable,Not Applicable,Not Applicable,684,Not Applicable,0,,
2024-07-09 14:09:00,CNR5700329273,Canceled by Driver,CID390750,Prime Plus,Kengeri,Hosur Road,,,Not Applicable,Customer related issue,Not Applicable,Not Applicable,160,Not Applicable,0,,
2024-07-21 20:35:00,CNR1471948066,Canceled by Driver,CID640341,Bike,Varthur,Bellandur,,,Not Applicable,Customer was coughing/sick,Not Applicable,Not Applicable,349,Not Applicable,0,,
2024-07-22 12:15:00,CNR9818623206,Success,CID814280,Auto,Ramamurthy Nagar,Kadugodi,35.0,50.0,Not Applicable,Not Applicable,No,Not Applicable,2971,UPI,4,4.6,4.4
2024-07-08 15:33:00,CNR4702955957,Success,CID612343,Prime Sedan,Cox Town,Ramamurthy Nagar,308.0,35.0,Not Applicable,Not Applicable,No,Not Applicable,191,UPI,47,3.6,3.9
2024-07-13 14:51:00,CNR2494294520,Canceled by Customer,CID769546,eBike,Langford Town,Kammanahalli,,,Driver asked to cancel,Not Applicable,Not Applicable,Not Applicable,282,Not Applicable,0,,
2024-07-13 06:31:00,CNR7440519455,Canceled by Driver,CID730893,Auto,Peenya,Langford Town,,,Not Applicable,More than permitted people in there,Not Applicable,Not Applicable,411,Not Applicable,0,,
2024-07-05 19:55:00,CNR3036257550,Success,CID445720,Prime SUV,RT Nagar,Shantinagar,42.0,30.0,Not Applicable,Not Applicable,No,Not Applicable,358,UPI,38,3.7,3.6
2024-07-08 18:26:00,CNR8811266846,Success,CID225171,Auto,Banashankari,Malleshwaram,287.0,140.0,Not Applicable,Not Applicable,No,Not Applicable,560,Cash,5,4.8,3.8
2024-07-23 02:47:00,CNR6236858131,Canceled by Driver,CID101032,Mini,RT Nagar,Hulimavu,,,Not Applicable,Personal & Car related issue,Not Applicable,Not Applicable,972,Not Applicable,0,,
2024-07-10 21:26:00,CNR7944082624,Success,CID588880,eBike,Koramangala,Ramamurthy Nagar,196.0,130.0,Not Applicable,Not Applicable,No,Not Applicable,363,Credit Card,39,4.6,4.0
2024-07-06 21:58:00,CNR2862458971,Canceled by Customer,CID450464,Prime SUV,Magadi Road,Koramangala,,,Driver asked to cancel,Not Applicable,Not Applicable,Not Applicable,477,Not Applicable,0,,
2024-07-14 23:55:00,CNR4215636197,Success,CID265903,Auto,Basavanagudi,Richmond Town,245.0,40.0,Not Applicable,Not Applicable,No,Not Applicable,162,Cash,1,4.8,4.7
2024-07-19 18:07:00,CNR2604857163,Success,CID164525,Prime Plus,HSR Layout,Hebbal,161.0,45.0,Not Applicable,Not Applicable,No,Not Applicable,357,Cash,19,4.4,3.7
2024-07-06 21:22:00,CNR2342561983,Driver Not Found,CID553233,eBike,Malleshwaram,Sarjapur Road,,,Not Applicable,Not Applicable,Not Applicable,Not Applicable,383,Not Applicable,0,,
2024-07-26 17:40:00,CNR9966714743,Success,CID855723,Auto,Frazer Town,Ulsoor,140.0,80.0,Not Applicable,Not Applicable,No,Not Applicable,116,UPI,1,5.0,4.4
2024-07-14 09:58:00,CNR6078174699,Success,CID874510,eBike,Kengeri,Electronic City,35.0,40.0,Not Applicable,Not Applicable,No,Not Applicable,422,Cash,27,3.7,4.3
2024-07-14 21:55:00,CNR2805731184,Success,CID704874,Prime Sedan,JP Nagar,Mysore Road,238.0,110.0,Not Applicable,Not Applicable,No,Not Applicable,277,UPI,5,4.0,3.3
2024-07-18 17:59:00,CNR1751979395,Success,CID303750,eBike,Whitefield,Padmanabhanagar,231.0,30.0,Not Applicable,Not Applicable,No,Not Applicable,468,UPI,9,4.9,3.3
2024-07-17 21:39:00,CNR5424371214,Canceled by Driver,CID524859,Prime SUV,Chickpet,Devanahalli,,,Not Applicable,Personal & Car related issue,Not Applicable,Not Applicable,510,Not Applicable,0,,
2024-07-23 10:58:00,CNR8572125641,Success,CID134317,Prime Plus,Yeshwanthpur,Koramangala,98.0,70.0,Not Applicable,Not Applicable,No,Not Applicable,599,UPI,11,4.5,3.7
2024-07-15 05:49:00,CNR4134532179,Canceled by Customer,CID212138,Prime Plus,Chamarajpet,Basavanagudi,,,Change of plans,Not Applicable,Not Applicable,Not Applicable,159,Not Applicable,0,,
2024-07-18 04:09:00,CNR9229812495,Canceled by Driver,CID315374,Prime SUV,Richmond Town,Indiranagar,,,Not Applicable,More than permitted people in there,Not Applicable,Not Applicable,856,Not Applicable,0,,
2024-07-19 18:25:00,CNR9705470872,Driver Not Found,CID624435,Prime Sedan,Majestic,Langford Town,,,Not Applicable,Not Applicable,Not Applicable,Not Applicable,308,Not Applicable,0,,
2024-07-27 09:58:00,CNR3866284180,Canceled by Driver,CID416118,Prime Plus,Shivajinagar,Hosur Road,,,Not Applicable,Customer related issue,Not Applicable,Not Applicable,1967,Not Applicable,0,,
2024-07-10 05:10:00,CNR4847884374,Driver Not Found,CID583342,Bike,Whitefield,Magadi Road,,,Not Applicable,Not Applicable,Not Applicable,Not Applicable,417,Not Applicable,0,,
2024-07-28 11:07:00,CNR2046630526,Driver Not Found,CID920089,Auto,Banashankari,Sarjapur Road,,,Not Applicable,Not Applicable,Not Applicable,Not Applicable,119,Not Applicable,0,,
2024-07-14 04:16:00,CNR4138914448,Canceled by Customer,CID985350,eBike,Varthur,Kammanahalli,,,Change of plans,Not Applicable,Not Applicable,Not Applicable,2242,Not Applicable,0,,
2024-07-13 14:34:00,CNR8725547458,Success,CID606233,Bike,Nagarbhavi,JP Nagar,245.0,55.0,Not Applicable,Not Applicable,No,Not Applicable,645,UPI,5,4.6,3.2
2024-07-23 06:54:00,CNR6793122736,Driver Not Found,CID552041,eBike,Kammanahalli,Chickpet,,,Not Applicable,Not Applicable,Not Applicable,Not Applicable,213,Not Applicable,0,,
2024-07-08 19:30:00,CNR9064148277,Success,CID966809,eBike,Langford Town,Banashankari,196.0,110.0,Not Applicable,Not Applicable,No,Not Applicable,711,UPI,37,3.9,4.4
2024-07-17 21:12:00,CNR9766101083,Canceled by Driver,CID658996,Bike,Electronic City,Hulimavu,,,Not Applicable,Customer related issue,Not Applicable,Not Applicable,361,Not Applicable,0,,
2024-07-03 19:16:00,CNR9710349225,Canceled by Driver,CID870524,Prime SUV,RT Nagar,JP Nagar,,,Not Applicable,Personal & Car related issue,Not Applicable,Not Applicable,464,Not Applicable,0,,
2024-07-05 13:24:00,CNR9858553546,Success,CID701032,eBike,BTM Layout,Devanahalli,105.0,140.0,Not Applicable,Not Applicable,No,Not Applicable,2875,UPI,9,3.3,3.5
2024-07-19 01:30:00,CNR6180493625,Canceled by Customer,CID123297,Prime Plus,RT Nagar,Yelahanka,,,Driver is not moving towards pickup location,Not Applicable,Not Applicable,Not Applicable,329,Not Applicable,0,,
2024-07-14 19:07:00,CNR9817000395,Driver Not Found,CID836508,eBike,Richmond Town,Frazer Town,,,Not Applicable,Not Applicable,Not Applicable,Not Applicable,1829,Not Applicable,0,,
2024-07-04 03:02:00,CNR8001365810,Success,CID274294,Mini,Padmanabhanagar,Koramangala,273.0,90.0,Not Applicable,Not Applicable,No,Not Applicable,743,Cash,1,4.3,4.6
2024-07-27 05:00:00,CNR2395848979,Canceled by Driver,CID549377,Mini,Devanahalli,Hennur,,,Not Applicable,Customer related issue,Not Applicable,Not Applicable,704,Not Applicable,0,,
2024-07-08 11:49:00,CNR6205572476,Canceled by Driver,CID151758,Mini,Hebbal,Tumkur Road,,,Not Applicable,Customer was coughing/sick,Not Applicable,Not Applicable,383,Not Applicable,0,,
2024-07-21 22:36:00,CNR9597434640,Canceled by Driver,CID912133,Auto,Rajajinagar,Cox Town,,,Not Applicable,Personal & Car related issue,Not Applicable,Not Applicable,206,Not Applicable,0,,
2024-07-25 10:14:00,CNR1312126765,Canceled by Driver,CID534534,Bike,Sarjapur Road,Jayanagar,,,Not Applicable,More than permitted people in there,Not Applicable,Not Applicable,317,Not Applicable,0,,
2024-07-23 02:48:00,CNR8374165164,Success,CID957795,Prime SUV,Mysore Road,Langford Town,273.0,115.0,Not Applicable,Not Applicable,No,Not Applicable,569,Cash,2,4.4,4.9
2024-07-12 05:16:00,CNR8895110485,Success,CID112431,Mini,Ramamurthy Nagar,Rajarajeshwari Nagar,196.0,120.0,Not Applicable,Not Applicable,No,Not Applicable,361,Cash,9,3.8,3.3
2024-07-15 01:36:00,CNR1883946092,Canceled by Driver,CID900205,Auto,Kadugodi,Bannerghatta Road,,,Not Applicable,Customer related issue,Not Applicable,Not Applicable,245,Not Applicable,0,,
2024-07-25 18:10:00,CNR8913031849,Success,CID589335,Prime SUV,Basavanagudi,Richmond Town,70.0,135.0,Not Applicable,Not Applicable,No,Not Applicable,322,Cash,4,3.6,4.9
2024-07-04 18:50:00,CNR3089555820,Success,CID975645,Prime Plus,Frazer Town,Sarjapur Road,231.0,140.0,Not Applicable,Not Applicable,No,Not Applicable,962,Cash,18,4.7,3.1
2024-07-12 04:46:00,CNR8161297868,Success,CID133665,Bike,Tumkur Road,Peenya,266.0,55.0,Not Applicable,Not Applicable,No,Not Applicable,992,Cash,41,3.6,4.1
2024-07-09 21:41:00,CNR4366319270,Canceled by Driver,CID751488,Prime Sedan,Kammanahalli,JP Nagar,,,Not Applicable,Customer related issue,Not Applicable,Not Applicable,936,Not Applicable,0,,
2024-07-18 20:12:00,CNR4323930010,Success,CID240652,Mini,Koramangala,Yelahanka,238.0,105.0,Not Applicable,Not Applicable,No,Not Applicable,211,Cash,15,4.0,4.4
2024-07-09 16:21:00,CNR6730248186,Canceled by Customer,CID790008,Mini,Hennur,Tumkur Road,,,Change of plans,Not Applicable,Not Applicable,Not Applicable,707,Not Applicable,0,,
2024-07-08 09:31:00,CNR9138281649,Driver Not Found,CID161955,Prime Plus,Chickpet,Ulsoor,,,Not Applicable,Not Applicable,Not Applicable,Not Applicable,243,Not Applicable,0,,
2024-07-01 21:42:00,CNR3629072375,Success,CID545443,Bike,Electronic City,Rajarajeshwari Nagar,266.0,75.0,Not Applicable,Not Applicable,No,Not Applicable,467,Cash,18,3.2,3.3
2024-07-02 00:38:00,CNR9853070763,Success,CID298568,Prime Plus,Kadugodi,Chickpet,189.0,135.0,Not Applicable,Not Applicable,No,Not Applicable,733,Cash,39,3.5,4.6
2024-07-12 08:18:00,CNR6414841425,Success,CID197770,Prime SUV,Sarjapur Road,KR Puram,266.0,115.0,Not Applicable,Not Applicable,No,Not Applicable,491,Cash,2,3.6,4.0
2024-07-19 03:15:00,CNR1281136300,Canceled by Driver,CID524307,eBike,Chamarajpet,Richmond Town,,,Not Applicable,Customer was coughing/sick,Not Applicable,Not Applicable,359,Not Applicable,0,,
2024-07-18 07:25:00,CNR5580598576,Canceled by Driver,CID822808,Mini,Chickpet,Hebbal,,,Not Applicable,More than permitted people in there,Not Applicable,Not Applicable,231,Not Applicable,0,,
2024-07-03 13:37:00,CNR8781382725,Canceled by Driver,CID474012,Prime Plus,Kadugodi,Tumkur Road,,,Not Applicable,Customer related issue,Not Applicable,Not Applicable,429,Not Applicable,0,,
2024-07-04 00:02:00,CNR9077504676,Success,CID814614,Mini,Varthur,Koramangala,231.0,95.0,Not Applicable,Not Applicable,No,Not Applicable,303,Cash,14,4.6,4.4
2024-07-30 12:06:00,CNR8951579812,Success,CID415906,Bike,Banashankari,Rajarajeshwari Nagar,91.0,45.0,Not Applicable,Not Applicable,No,Not Applicable,137,UPI,44,4.9,4.6
2024-07-17 19:26:00,CNR8180088667,Success,CID226419,Bike,Yeshwanthpur,Varthur,280.0,115.0,Not Applicable,Not Applicable,No,Not Applicable,209,UPI,14,3.3,3.7
2024-07-15 17:14:00,CNR9043658685,Success,CID663340,Mini,Sarjapur Road,Rajarajeshwari Nagar,77.0,80.0,Not Applicable,Not Applicable,No,Not Applicable,1826,UPI,3,3.5,3.6
2024-07-19 03:35:00,CNR2665437927,Canceled by Driver,CID939514,Prime SUV,Shivajinagar,Vijayanagar,,,Not Applicable,Customer was coughing/sick,Not Applicable,Not Applicable,433,Not Applicable,0,,
2024-07-15 14:21:00,CNR3614825308,Canceled by Driver,CID713944,Mini,Kammanahalli,Ramamurthy Nagar,,,Not Applicable,Customer related issue,Not Applicable,Not Applicable,381,Not Applicable,0,,
2024-07-22 18:59:00,CNR4562185191,Canceled by Customer,CID133066,Prime SUV,Tumkur Road,Frazer Town,,,Driver asked to cancel,Not Applicable,Not Applicable,Not Applicable,288,Not Applicable,0,,
2024-07-09 22:23:00,CNR8454965474,Success,CID632777,Prime SUV,Frazer Town,Richmond Town,161.0,55.0,Not Applicable,Not Applicable,No,Not Applicable,199,Cash,39,4.0,4.8
2024-07-19 17:44:00,CNR6579613005,Success,CID238187,Prime Plus,Basavanagudi,RT Nagar,119.0,50.0,Not Applicable,Not Applicable,No,Not Applicable,214,UPI,47,4.7,3.6
2024-07-25 07:50:00,CNR4083745782,Success,CID937485,Prime Plus,Hulimavu,MG Road,105.0,140.0,Not Applicable,Not Applicable,No,Not Applicable,460,Cash,35,4.5,4.3
2024-07-10 02:57:00,CNR5085503592,Canceled by Driver,CID393987,Prime Plus,Rajarajeshwari Nagar,Whitefield,,,Not Applicable,Customer related issue,Not Applicable,Not Applicable,117,Not Applicable,0,,
2024-07-10 22:18:00,CNR9277431628,Canceled by Driver,CID737940,Prime Sedan,Nagarbhavi,Yeshwanthpur,,,Not Applicable,Customer was coughing/sick,Not Applicable,Not Applicable,2371,Not Applicable,0,,
2024-07-04 08:45:00,CNR1956692438,Driver Not Found,CID648108,eBike,Rajarajeshwari Nagar,Magadi Road,,,Not Applicable,Not Applicable,Not Applicable,Not Applicable,389,Not Applicable,0,,
2024-07-10 07:16:00,CNR8194095748,Success,CID150311,Auto,Sahakar Nagar,HSR Layout,91.0,50.0,Not Applicable,Not Applicable,No,Not Applicable,425,Cash,15,3.3,4.6
2024-07-08 03:52:00,CNR4088630380,Canceled by Driver,CID397110,Bike,Electronic City,Peenya,,,Not Applicable,Personal & Car related issue,Not Applicable,Not Applicable,290,Not Applicable,0,,
2024-07-18 21:36:00,CNR1014421521,Success,CID322938,Prime Plus,Rajajinagar,Hulimavu,175.0,30.0,Not Applicable,Not Applicable,No,Not Applicable,172,Cash,2,4.7,4.6
2024-07-29 16:05:00,CNR9495043874,Success,CID710533,Mini,Devanahalli,Whitefield,91.0,75.0,Not Applicable,Not Applicable,Yes,Customer Demand,391,UPI,43,4.9,4.4
2024-07-01 23:54:00,CNR2126578128,Success,CID159089,Auto,Mysore Road,Frazer Town,210.0,120.0,Not Applicable,Not Applicable,No,Not Applicable,613,UPI,14,3.4,3.8
2024-07-10 12:57:00,CNR7910452618,Success,CID129296,eBike,Koramangala,Rajarajeshwari Nagar,189.0,30.0,Not Applicable,Not Applicable,No,Not Applicable,731,UPI,34,4.2,4.8
2024-07-14 22:59:00,CNR4630403717,Success,CID551392,Prime Sedan,HSR Layout,Peenya,238.0,120.0,Not Applicable,Not Applicable,No,Not Applicable,2213,Cash,28,3.6,3.4
2024-07-30 07:22:00,CNR4021562022,Success,CID811295,Prime Plus,Chickpet,Richmond Town,301.0,50.0,Not Applicable,Not Applicable,No,Not Applicable,785,Cash,32,3.8,4.7
2024-07-25 15:16:00,CNR6132309494,Driver Not Found,CID534463,Auto,Nagarbhavi,Ulsoor,,,Not Applicable,Not Applicable,Not Applicable,Not Applicable,370,Not Applicable,0,,
2024-07-08 09:51:00,CNR7965849490,Driver Not Found,CID384548,Auto,Yeshwanthpur,Hosur Road,,,Not Applicable,Not Applicable,Not Applicable,Not Applicable,197,Not Applicable,0,,
2024-07-21 15:07:00,CNR2345636529,Success,CID374766,eBike,Kengeri,Rajarajeshwari Nagar,238.0,145.0,Not Applicable,Not Applicable,No,Not Applicable,256,Credit Card,12,4.8,4.4
2024-07-17 07:43:00,CNR2139722823,Success,CID683175,Prime Sedan,Richmond Town,Banashankari,77.0,105.0,Not Applicable,Not Applicable,No,Not Applicable,281,UPI,16,3.8,4.2
2024-07-08 17:23:00,CNR2045805516,Success,CID372687,eBike,Chamarajpet,Nagarbhavi,140.0,40.0,Not Applicable,Not Applicable,No,Not Applicable,416,UPI,7,3.4,4.4
2024-07-29 08:22:00,CNR4003936720,Success,CID696002,Bike,JP Nagar,Jayanagar,217.0,110.0,Not Applicable,Not Applicable,No,Not Applicable,2871,UPI,47,4.2,4.4
2024-07-27 00:50:00,CNR4263860551,Success,CID787266,Mini,Sahakar Nagar,BTM Layout,119.0,50.0,Not Applicable,Not Applicable,No,Not Applicable,707,Cash,39,3.9,4.5
2024-07-04 20:46:00,CNR5914374787,Success,CID428291,Prime Sedan,Kengeri,Padmanabhanagar,91.0,35.0,Not Applicable,Not Applicable,No,Not Applicable,443,UPI,15,3.3,3.3
2024-07-17 03:37:00,CNR1449870736,Canceled by Driver,CID270702,eBike,Sahakar Nagar,Majestic,,,Not Applicable,Customer related issue,Not Applicable,Not Applicable,2536,Not Applicable,0,,
2024-07-12 18:56:00,CNR3180039385,Success,CID690610,eBike,Tumkur Road,Vijayanagar,308.0,70.0,Not Applicable,Not Applicable,Yes,Customer Demand,234,Cash,18,5.0,3.8
2024-07-24 00:19:00,CNR8287891909,Canceled by Driver,CID337714,Prime SUV,Kammanahalli,Bannerghatta Road,,,Not Applicable,Customer related issue,Not Applicable,Not Applicable,380,Not Applicable,0,,
2024-07-09 16:41:00,CNR1767633717,Success,CID255607,Auto,Shantinagar,Devanahalli,112.0,100.0,Not Applicable,Not Applicable,No,Not Applicable,391,UPI,16,3.7,4.5
2024-07-20 02:35:00,CNR7620866045,Driver Not Found,CID866510,eBike,Langford Town,HSR Layout,,,Not Applicable,Not Applicable,Not Applicable,Not Applicable,233,Not Applicable,0,,
2024-07-15 04:08:00,CNR5080672899,Success,CID551605,Prime Sedan,Whitefield,Richmond Town,168.0,75.0,Not Applicable,Not Applicable,No,Not Applicable,341,Cash,41,4.6,4.2
2024-07-25 13:39:00,CNR4955881316,Success,CID606231,eBike,Tumkur Road,Tumkur Road,126.0,120.0,Not Applicable,Not Applicable,No,Not Applicable,397,UPI,38,3.4,4.1
2024-07-04 01:04:00,CNR5212625871,Success,CID907353,Bike,BTM Layout,Hosur Road,42.0,90.0,Not Applicable,Not Applicable,No,Not Applicable,815,Cash,17,4.5,3.9
2024-07-27 19:07:00,CNR2901224909,Success,CID462566,Mini,RT Nagar,RT Nagar,126.0,65.0,Not Applicable,Not Applicable,No,Not Applicable,959,Cash,34,3.3,4.7
2024-07-12 04:50:00,CNR7508928631,Driver Not Found,CID208819,Mini,Langford Town,Malleshwaram,,,Not Applicable,Not Applicable,Not Applicable,Not Applicable,244,Not Applicable,0,,
2024-07-17 19:40:00,CNR3455275823,Success,CID637163,eBike,Bannerghatta Road,Chickpet,168.0,25.0,Not Applicable,Not Applicable,No,Not Applicable,122,Credit Card,26,3.8,4.9
2024-07-27 19:11:00,CNR3773999831,Success,CID853773,Prime SUV,Indiranagar,Yelahanka,63.0,120.0,Not Applicable,Not Applicable,No,Not Applicable,275,Cash,21,3.9,4.0
2024-07-06 16:26:00,CNR9389062566,Success,CID136968,eBike,Sarjapur Road,Chamarajpet,35.0,75.0,Not Applicable,Not Applicable,No,Not Applicable,377,UPI,11,3.3,3.9
2024-07-03 05:07:00,CNR8702176262,Success,CID332250,Auto,Banashankari,Shantinagar,266.0,35.0,Not Applicable,Not Applicable,Yes,Customer Demand,345,Cash,12,3.5,4.8
2024-07-28 15:25:00,CNR8727994067,Canceled by Driver,CID240578,Mini,KR Puram,Rajajinagar,,,Not Applicable,Personal & Car related issue,Not Applicable,Not Applicable,170,Not Applicable,0,,
2024-07-01 22:33:00,CNR3892003337,Canceled by Driver,CID783219,Prime SUV,Hulimavu,Kadugodi,,,Not Applicable,Personal & Car related issue,Not Applicable,Not Applicable,292,Not Applicable,0,,
2024-07-15 07:09:00,CNR3298950135,Success,CID172293,Auto,RT Nagar,Indiranagar,112.0,115.0,Not Applicable,Not Applicable,No,Not Applicable,534,Cash,14,3.5,4.3
2024-07-13 22:26:00,CNR9069725258,Canceled by Customer,CID647562,Mini,Sahakar Nagar,Chamarajpet,,,Driver is not moving towards pickup location,Not Applicable,Not Applicable,Not Applicable,293,Not Applicable,0,,
2024-07-10 21:53:00,CNR6039782818,Success,CID682329,Auto,Yeshwanthpur,Whitefield,280.0,110.0,Not Applicable,Not Applicable,No,Not Applicable,873,UPI,12,3.9,4.6
2024-07-25 09:52:00,CNR7248227067,Success,CID577790,Prime Plus,Sahakar Nagar,Electronic City,49.0,95.0,Not Applicable,Not Applicable,No,Not Applicable,999,UPI,46,3.3,3.0
2024-07-07 12:48:00,CNR2823329583,Success,CID518143,Bike,Padmanabhanagar,Shivajinagar,126.0,65.0,Not Applicable,Not Applicable,No,Not Applicable,363,UPI,5,3.8,4.1
2024-07-20 19:00:00,CNR2673402797,Success,CID139374,Bike,Devanahalli,Rajarajeshwari Nagar,98.0,105.0,Not Applicable,Not Applicable,No,Not Applicable,719,Cash,3,4.1,3.8
2024-07-15 17:58:00,CNR2815857925,Success,CID253262,Bike,Varthur,Rajajinagar,147.0,75.0,Not Applicable,Not Applicable,No,Not Applicable,2630,Cash,31,4.4,3.7
2024-07-28 11:38:00,CNR4897588492,Driver Not Found,CID485537,Mini,Magadi Road,Varthur,,,Not Applicable,Not Applicable,Not Applicable,Not Applicable,236,Not Applicable,0,,
2024-07-01 01:52:00,CNR4284169538,Success,CID661511,Prime SUV,Indiranagar,Shivajinagar,308.0,95.0,Not Applicable,Not Applicable,No,Not Applicable,316,UPI,38,4.6,3.5
2024-07-09 16:34:00,CNR1810524251,Success,CID912499,Prime Plus,Richmond Town,Kadugodi,203.0,105.0,Not Applicable,Not Applicable,No,Not Applicable,429,UPI,15,3.2,3.4
2024-07-27 17:43:00,CNR2724347890,Success,CID412758,Bike,Yeshwanthpur,Kadugodi,308.0,85.0,Not Applicable,Not Applicable,No,Not Applicable,348,Cash,46,3.1,3.0
2024-07-13 19:12:00,CNR7893929875,Success,CID564828,Prime Sedan,Jayanagar,Shantinagar,91.0,100.0,Not Applicable,Not Applicable,No,Not Applicable,485,UPI,41,3.7,4.8
2024-07-05 07:05:00,CNR5137910354,Success,CID136643,Prime SUV,Rajarajeshwari Nagar,RT Nagar,133.0,40.0,Not Applicable,Not Applicable,No,Not Applicable,681,Cash,49,4.6,4.2
2024-07-01 08:40:00,CNR2335112469,Success,CID757343,Prime Sedan,Hosur Road,Chamarajpet,112.0,90.0,Not Applicable,Not Applicable,No,Not Applicable,270,UPI,24,3.5,4.0
2024-07-03 03:37:00,CNR8259534128,Canceled by Driver,CID433018,Auto,Ramamurthy Nagar,Indiranagar,,,Not Applicable,More than permitted people in there,Not Applicable,Not Applicable,2228,Not Applicable,0,,
2024-07-06 09:33:00,CNR6105982256,Canceled by Driver,CID132776,Bike,Mysore Road,MG Road,,,Not Applicable,Personal & Car related issue,Not Applicable,Not Applicable,950,Not Applicable,0,,
2024-07-17 03:39:00,CNR9069394245,Canceled by Customer,CID507151,Bike,Rajarajeshwari Nagar,Kadugodi,,,Driver is not moving towards pickup location,Not Applicable,Not Applicable,Not Applicable,117,Not Applicable,0,,
2024-07-20 08:24:00,CNR9085479145,Success,CID242822,Prime SUV,MG Road,KR Puram,217.0,35.0,Not Applicable,Not Applicable,No,Not Applicable,1551,UPI,5,3.9,4.9
2024-07-19 16:09:00,CNR5496826328,Driver Not Found,CID231613,eBike,Richmond Town,Sarjapur Road,,,Not Applicable,Not Applicable,Not Applicable,Not Applicable,284,Not Applicable,0,,
2024-07-13 21:39:00,CNR3058262308,Success,CID175020,Prime Sedan,Frazer Town,KR Puram,161.0,80.0,Not Applicable,Not Applicable,No,Not Applicable,309,UPI,23,3.5,4.7
2024-07-22 11:29:00,CNR7340338129,Driver Not Found,CID982612,Prime Plus,Padmanabhanagar,Jayanagar,,,Not Applicable,Not Applicable,Not Applicable,Not Applicable,524,Not Applicable,0,,
2024-07-14 07:30:00,CNR2242865500,Success,CID131157,Mini,Chamarajpet,Yeshwanthpur,161.0,120.0,Not Applicable,Not Applicable,No,Not Applicable,353,Cash,43,3.0,4.1
2024-07-19 10:36:00,CNR5337359194,Success,CID822499,Bike,Nagarbhavi,Hosur Road,273.0,25.0,Not Applicable,Not Applicable,No,Not Applicable,224,UPI,23,3.4,4.0
2024-07-08 10:40:00,CNR7924169918,Driver Not Found,CID793109,Prime Sedan,Hebbal,Koramangala,,,Not Applicable,Not Applicable,Not Applicable,Not Applicable,489,Not Applicable,0,,
2024-07-12 03:47:00,CNR1559965698,Canceled by Driver,CID312956,Bike,Mysore Road,Bellandur,,,Not Applicable,Customer related issue,Not Applicable,Not Applicable,338,Not Applicable,0,,
2024-07-17 17:59:00,CNR5357256799,Success,CID391270,Bike,Devanahalli,Jayanagar,63.0,115.0,Not Applicable,Not Applicable,No,Not Applicable,252,Cash,19,4.2,3.5
2024-07-06 22:17:00,CNR1473887786,Driver Not Found,CID805941,Prime Sedan,Padmanabhanagar,Sahakar Nagar,,,Not Applicable,Not Applicable,Not Applicable,Not Applicable,132,Not Applicable,0,,
2024-07-08 19:18:00,CNR4997084142,Canceled by Driver,CID329073,eBike,Kadugodi,Langford Town,,,Not Applicable,Personal & Car related issue,Not Applicable,Not Applicable,366,Not Applicable,0,,
2024-07-19 19:06:00,CNR1694932046,Success,CID731164,Prime Plus,RT Nagar,Majestic,182.0,65.0,Not Applicable,Not Applicable,No,Not Applicable,829,UPI,25,4.5,3.7
2024-07-15 18:48:00,CNR5953935551,Success,CID359632,Prime Plus,Majestic,Rajajinagar,133.0,105.0,Not Applicable,Not Applicable,No,Not Applicable,151,UPI,7,4.5,3.1
2024-07-15 12:11:00,CNR8720812674,Success,CID461168,Auto,Hennur,Richmond Town,91.0,130.0,Not Applicable,Not Applicable,No,Not Applicable,188,UPI,17,4.4,4.1
2024-07-13 00:37:00,CNR3525619334,Canceled by Driver,CID942212,Bike,Indiranagar,Koramangala,,,Not Applicable,Personal & Car related issue,Not Applicable,Not Applicable,393,Not Applicable,0,,
2024-07-18 13:03:00,CNR2150353042,Canceled by Driver,CID788992,eBike,Bannerghatta Road,Nagarbhavi,,,Not Applicable,Personal & Car related issue,Not Applicable,Not Applicable,754,Not Applicable,0,,
2024-07-24 06:30:00,CNR4207200934,Driver Not Found,CID953808,Prime SUV,Shivajinagar,Koramangala,,,Not Applicable,Not Applicable,Not Applicable,Not Applicable,118,Not Applicable,0,,
2024-07-07 06:27:00,CNR2559064888,Success,CID795622,eBike,Varthur,Langford Town,294.0,120.0,Not Applicable,Not Applicable,No,Not Applicable,407,Cash,22,3.4,4.5
2024-07-14 17:05:00,CNR6034602157,Canceled by Driver,CID497625,Auto,Cox Town,Vijayanagar,,,Not Applicable,More than permitted people in there,Not Applicable,Not Applicable,305,Not Applicable,0,,
2024-07-27 04:40:00,CNR1090384524,Success,CID959629,Mini,Koramangala,Bellandur,245.0,75.0,Not Applicable,Not Applicable,No,Not Applicable,956,Debit Card,47,3.3,3.5
2024-07-04 17:56:00,CNR6925650330,Canceled by Customer,CID165944,Auto,Chickpet,Chickpet,,,Driver asked to cancel,Not Applicable,Not Applicable,Not Applicable,1767,Not Applicable,0,,
2024-07-03 12:26:00,CNR3371461607,Success,CID504926,eBike,Sarjapur Road,Banashankari,196.0,45.0,Not Applicable,Not Applicable,No,Not Applicable,211,Cash,2,4.5,4.7
2024-07-03 09:50:00,CNR4858713827,Success,CID494755,Prime SUV,Tumkur Road,Hennur,105.0,25.0,Not Applicable,Not Applicable,No,Not Applicable,151,UPI,43,3.8,3.5
2024-07-16 20:48:00,CNR9275423993,Success,CID608867,Prime Plus,Shivajinagar,JP Nagar,77.0,130.0,Not Applicable,Not Applicable,No,Not Applicable,464,Cash,22,4.3,4.8
2024-07-26 18:10:00,CNR6578400838,Success,CID947928,Prime Sedan,Vijayanagar,Peenya,133.0,115.0,Not Applicable,Not Applicable,No,Not Applicable,2837,Credit Card,42,4.6,4.7
2024-07-05 21:14:00,CNR7403566125,Canceled by Driver,CID124432,Bike,Ulsoor,Bellandur,,,Not Applicable,Personal & Car related issue,Not Applicable,Not Applicable,140,Not Applicable,0,,
2024-07-23 12:48:00,CNR5296161714,Canceled by Driver,CID708656,eBike,Basavanagudi,Hennur,,,Not Applicable,More than permitted people in there,Not Applicable,Not Applicable,662,Not Applicable,0,,
2024-07-09 17:50:00,CNR4500620331,Success,CID184658,Mini,Chickpet,HSR Layout,259.0,115.0,Not Applicable,Not Applicable,No,Not Applicable,482,Cash,31,4.6,3.7
2024-07-09 07:54:00,CNR1509907590,Success,CID903212,Prime Sedan,Nagarbhavi,Bellandur,140.0,70.0,Not Applicable,Not Applicable,No,Not Applicable,139,Cash,46,4.8,4.1
2024-07-30 00:40:00,CNR3462927616,Success,CID185710,Bike,Hulimavu,Peenya,168.0,110.0,Not Applicable,Not Applicable,No,Not Applicable,712,Credit Card,35,4.4,3.6
2024-07-03 17:52:00,CNR2220324692,Success,CID517973,Auto,Mysore Road,MG Road,210.0,30.0,Not Applicable,Not Applicable,No,Not Applicable,253,UPI,15,3.3,4.9
2024-07-09 01:36:00,CNR4772216569,Canceled by Driver,CID282316,Mini,Devanahalli,Whitefield,,,Not Applicable,Personal & Car related issue,Not Applicable,Not Applicable,331,Not Applicable,0,,
2024-07-15 23:14:00,CNR8425678829,Success,CID355202,Prime Plus,Malleshwaram,RT Nagar,126.0,65.0,Not Applicable,Not Applicable,No,Not Applicable,459,Cash,21,4.0,4.9
2024-07-10 01:37:00,CNR3402281904,Success,CID296016,Prime Sedan,Hennur,Electronic City,126.0,55.0,Not Applicable,Not Applicable,No,Not Applicable,187,Credit Card,15,4.7,4.5
2024-07-07 02:32:00,CNR8650187881,Canceled by Customer,CID674478,Auto,Jayanagar,Yeshwanthpur,,,Driver is not moving towards pickup location,Not Applicable,Not Applicable,Not Applicable,328,Not Applicable,0,,
2024-07-14 22:15:00,CNR5793861773,Canceled by Driver,CID308758,Auto,Banashankari,Padmanabhanagar,,,Not Applicable,More than permitted people in there,Not Applicable,Not Applicable,199,Not Applicable,0,,
2024-07-03 20:16:00,CNR1571665442,Canceled by Driver,CID828115,Auto,Majestic,Bannerghatta Road,,,Not Applicable,Customer related issue,Not Applicable,Not Applicable,335,Not Applicable,0,,
2024-07-22 05:03:00,CNR9006583990,Success,CID258313,Bike,Ulsoor,Yeshwanthpur,91.0,90.0,Not Applicable,Not Applicable,No,Not Applicable,565,Cash,29,3.9,4.7
2024-07-03 21:19:00,CNR7949656634,Canceled by Driver,CID531510,Auto,Frazer Town,Vijayanagar,,,Not Applicable,More than permitted people in there,Not Applicable,Not Applicable,438,Not Applicable,0,,
2024-07-09 00:55:00,CNR3416718050,Success,CID320628,Auto,Majestic,Whitefield,147.0,140.0,Not Applicable,Not Applicable,No,Not Applicable,459,UPI,13,3.3,4.0
2024-07-10 08:34:00,CNR6235929282,Success,CID742429,Prime SUV,Nagarbhavi,Jayanagar,98.0,50.0,Not Applicable,Not Applicable,No,Not Applicable,979,Cash,32,3.6,3.9
2024-07-06 11:05:00,CNR5394050029,Success,CID717691,Bike,Malleshwaram,Devanahalli,161.0,120.0,Not Applicable,Not Applicable,No,Not Applicable,657,UPI,34,3.8,4.8
2024-07-19 05:16:00,CNR2743753296,Success,CID540517,Auto,HSR Layout,Chickpet,70.0,60.0,Not Applicable,Not Applicable,No,Not Applicable,142,Credit Card,5,4.7,4.8
2024-07-12 19:43:00,CNR1690066904,Success,CID473685,Prime Sedan,Hosur Road,Hennur,42.0,145.0,Not Applicable,Not Applicable,No,Not Applicable,976,Credit Card,27,5.0,3.3
2024-07-13 21:17:00,CNR8720445459,Canceled by Driver,CID811826,Prime SUV,Kammanahalli,Yeshwanthpur,,,Not Applicable,Personal & Car related issue,Not Applicable,Not Applicable,394,Not Applicable,0,,
2024-07-07 02:49:00,CNR1659646903,Success,CID191090,Mini,KR Puram,Mysore Road,133.0,145.0,Not Applicable,Not Applicable,No,Not Applicable,472,Cash,32,3.0,4.5
2024-07-29 20:51:00,CNR2739530716,Driver Not Found,CID757963,Mini,Bellandur,Whitefield,,,Not Applicable,Not Applicable,Not Applicable,Not Applicable,274,Not Applicable,0,,
2024-07-14 23:11:00,CNR4906175777,Success,CID299356,Mini,Kammanahalli,Hebbal,126.0,105.0,Not Applicable,Not Applicable,No,Not Applicable,354,Cash,45,4.3,3.9
2024-07-25 04:23:00,CNR3909693561,Success,CID696246,Prime Plus,Richmond Town,Varthur,133.0,135.0,Not Applicable,Not Applicable,No,Not Applicable,292,Cash,35,3.4,3.8
2024-07-21 08:31:00,CNR3076551715,Success,CID981454,Prime Plus,Peenya,Bannerghatta Road,266.0,85.0,Not Applicable,Not Applicable,No,Not Applicable,340,Cash,18,4.2,3.2
2024-07-17 11:55:00,CNR9815055432,Success,CID970265,Mini,Langford Town,Indiranagar,154.0,30.0,Not Applicable,Not Applicable,No,Not Applicable,1971,UPI,13,4.8,3.4
2024-07-17 15:10:00,CNR6365645211,Success,CID370376,eBike,Tumkur Road,Nagarbhavi,112.0,60.0,Not Applicable,Not Applicable,No,Not Applicable,462,Cash,18,3.9,4.5
2024-07-12 11:24:00,CNR5628026906,Success,CID829917,Auto,Devanahalli,Chamarajpet,133.0,70.0,Not Applicable,Not Applicable,No,Not Applicable,169,Cash,19,3.8,3.8
2024-07-04 16:51:00,CNR5048809188,Canceled by Customer,CID614221,Prime Sedan,Padmanabhanagar,Indiranagar,,,Driver is not moving towards pickup location,Not Applicable,Not Applicable,Not Applicable,222,Not Applicable,0,,
2024-07-03 11:42:00,CNR1637329270,Canceled by Driver,CID723242,eBike,Shivajinagar,MG Road,,,Not Applicable,More than permitted people in there,Not Applicable,Not Applicable,303,Not Applicable,0,,
2024-07-05 21:31:00,CNR4743427465,Canceled by Customer,CID171618,Prime Plus,Yeshwanthpur,Electronic City,,,Wrong Address,Not Applicable,Not Applicable,Not Applicable,470,Not Applicable,0,,
2024-07-19 17:08:00,CNR5577083771,Driver Not Found,CID513034,Auto,Ulsoor,Jayanagar,,,Not Applicable,Not Applicable,Not Applicable,Not Applicable,123,Not Applicable,0,,
2024-07-09 01:24:00,CNR6793503897,Driver Not Found,CID737258,Auto,Kadugodi,Tumkur Road,,,Not Applicable,Not Applicable,Not Applicable,Not Applicable,437,Not Applicable,0,,
2024-07-23 12:32:00,CNR4313466302,Success,CID679996,Prime Plus,Padmanabhanagar,Mysore Road,56.0,80.0,Not Applicable,Not Applicable,No,Not Applicable,148,Cash,36,5.0,3.2
2024-07-19 12:12:00,CNR5429623580,Canceled by Driver,CID724162,Auto,Banashankari,Shantinagar,,,Not Applicable,Personal & Car related issue,Not Applicable,Not Applicable,254,Not Applicable,0,,
2024-07-04 14:55:00,CNR6330054184,Success,CID482374,Prime Plus,Majestic,Yeshwanthpur,77.0,50.0,Not Applicable,Not Applicable,No,Not Applicable,394,UPI,46,3.0,3.5
2024-07-04 01:32:00,CNR6172271820,Success,CID747704,eBike,Basavanagudi,Varthur,42.0,100.0,Not Applicable,Not Applicable,No,Not Applicable,465,Cash,18,4.5,3.1
2024-07-27 13:48:00,CNR3219288161,Success,CID294383,Auto,Shivajinagar,Basavanagudi,98.0,90.0,Not Applicable,Not Applicable,No,Not Applicable,373,Cash,8,3.7,3.8
2024-07-19 23:45:00,CNR2268431060,Canceled by Driver,CID119448,Auto,MG Road,Varthur,,,Not Applicable,Personal & Car related issue,Not Applicable,Not Applicable,106,Not Applicable,0,,
2024-07-15 20:50:00,CNR7395811821,Success,CID428138,Prime Sedan,Electronic City,Kammanahalli,245.0,145.0,Not Applicable,Not Applicable,No,Not Applicable,2936,UPI,47,3.8,3.1
2024-07-25 09:54:00,CNR8933772982,Success,CID375022,eBike,Bannerghatta Road,Kammanahalli,238.0,125.0,Not Applicable,Not Applicable,No,Not Applicable,723,Credit Card,34,3.3,3.3
2024-07-22 15:45:00,CNR4757921624,Success,CID125695,Bike,Bannerghatta Road,Yeshwanthpur,105.0,25.0,Not Applicable,Not Applicable,No,Not Applicable,179,UPI,32,4.3,4.9
2024-07-16 06:54:00,CNR4673564454,Success,CID601061,Mini,Rajarajeshwari Nagar,Sarjapur Road,126.0,80.0,Not Applicable,Not Applicable,No,Not Applicable,101,Cash,9,3.6,3.9
2024-07-22 02:52:00,CNR3118532411,Driver Not Found,CID535500,Prime Plus,Hebbal,Shantinagar,,,Not Applicable,Not Applicable,Not Applicable,Not Applicable,963,Not Applicable,0,,
2024-07-14 09:08:00,CNR5679909406,Canceled by Driver,CID959383,Bike,Ramamurthy Nagar,Rajarajeshwari Nagar,,,Not Applicable,Customer related issue,Not Applicable,Not Applicable,266,Not Applicable,0,,
2024-07-09 01:48:00,CNR5661829443,Canceled by Driver,CID124781,Mini,Indiranagar,JP Nagar,,,Not Applicable,Customer was coughing/sick,Not Applicable,Not Applicable,528,Not Applicable,0,,
2024-07-06 03:21:00,CNR7234024971,Success,CID803847,Prime SUV,Ramamurthy Nagar,Chickpet,259.0,75.0,Not Applicable,Not Applicable,No,Not Applicable,144,Cash,12,4.6,3.8
2024-07-17 19:58:00,CNR6137799023,Success,CID233117,Prime SUV,Yeshwanthpur,Vijayanagar,77.0,130.0,Not Applicable,Not Applicable,No,Not Applicable,222,UPI,8,3.8,3.0
2024-07-03 13:10:00,CNR6785610463,Success,CID208329,Auto,Yelahanka,Banashankari,252.0,100.0,Not Applicable,Not Applicable,No,Not Applicable,2431,UPI,17,3.3,3.2
2024-07-30 05:22:00,CNR8244031227,Success,CID459172,Bike,Richmond Town,Peenya,84.0,35.0,Not Applicable,Not Applicable,No,Not Applicable,248,Cash,46,4.7,3.3
2024-07-22 01:13:00,CNR5821255262,Success,CID197999,Bike,Shantinagar,Padmanabhanagar,301.0,140.0,Not Applicable,Not Applicable,No,Not Applicable,101,Cash,23,3.6,3.2
2024-07-26 09:45:00,CNR1650032020,Success,CID735988,Prime SUV,KR Puram,Kadugodi,301.0,105.0,Not Applicable,Not Applicable,Yes,Other Issue,882,Credit Card,35,3.6,4.5
2024-07-16 08:56:00,CNR8237267158,Success,CID541684,eBike,Hennur,Rajajinagar,42.0,40.0,Not Applicable,Not Applicable,No,Not Applicable,2361,Cash,17,4.7,4.8
2024-07-05 09:03:00,CNR7474084677,Success,CID610166,Auto,Bellandur,Whitefield,189.0,125.0,Not Applicable,Not Applicable,No,Not Applicable,328,Cash,15,3.5,3.5
2024-07-17 09:45:00,CNR2353523502,Success,CID199736,Prime Sedan,Devanahalli,Chamarajpet,98.0,25.0,Not Applicable,Not Applicable,No,Not Applicable,316,Cash,12,3.8,3.5
2024-07-03 09:15:00,CNR3402503615,Driver Not Found,CID133356,eBike,Ramamurthy Nagar,Sarjapur Road,,,Not Applicable,Not Applicable,Not Applicable,Not Applicable,860,Not Applicable,0,,
2024-07-04 09:12:00,CNR1872515617,Success,CID134947,Mini,Chamarajpet,Hosur Road,308.0,40.0,Not Applicable,Not Applicable,No,Not Applicable,122,Cash,25,3.4,3.4
2024-07-10 23:14:00,CNR9955440192,Success,CID973327,Prime Plus,Koramangala,Ramamurthy Nagar,245.0,70.0,Not Applicable,Not Applicable,No,Not Applicable,127,UPI,37,4.6,4.8
2024-07-01 11:47:00,CNR6531972514,Success,CID350951,Prime Plus,Sahakar Nagar,Mysore Road,308.0,115.0,Not Applicable,Not Applicable,Yes,Other Issue,2985,Cash,9,4.1,4.5
2024-07-13 21:32:00,CNR8704319393,Canceled by Customer,CID740026,Prime Plus,Peenya,Langford Town,,,Driver is not moving towards pickup location,Not Applicable,Not Applicable,Not Applicable,240,Not Applicable,0,,
2024-07-16 06:39:00,CNR7056925437,Success,CID964577,Bike,Padmanabhanagar,Varthur,224.0,80.0,Not Applicable,Not Applicable,No,Not Applicable,150,UPI,37,3.2,4.8
2024-07-20 14:56:00,CNR7947982799,Success,CID875936,Prime Sedan,JP Nagar,Langford Town,182.0,30.0,Not Applicable,Not Applicable,No,Not Applicable,419,UPI,15,3.1,4.2
2024-07-20 11:47:00,CNR8071045386,Success,CID696406,Mini,Magadi Road,MG Road,294.0,80.0,Not Applicable,Not Applicable,No,Not Applicable,735,UPI,11,4.7,4.0
2024-07-20 10:11:00,CNR6594998406,Success,CID633174,Bike,Electronic City,Hosur Road,266.0,85.0,Not Applicable,Not Applicable,No,Not Applicable,470,Cash,37,3.9,3.2
2024-07-27 02:22:00,CNR3820373663,Success,CID213746,Auto,Shantinagar,Chamarajpet,182.0,80.0,Not Applicable,Not Applicable,No,Not Applicable,145,Cash,12,3.9,4.4
2024-07-09 15:37:00,CNR7864894497,Canceled by Driver,CID397758,Mini,Rajajinagar,Basavanagudi,,,Not Applicable,Personal & Car related issue,Not Applicable,Not Applicable,1041,Not Applicable,0,,
2024-07-03 12:02:00,CNR7462886450,Success,CID987319,Prime Sedan,JP Nagar,Cox Town,126.0,45.0,Not Applicable,Not Applicable,No,Not Applicable,336,Cash,5,4.9,3.5
2024-07-02 01:37:00,CNR5315831213,Success,CID928473,Prime SUV,Langford Town,Hebbal,70.0,50.0,Not Applicable,Not Applicable,No,Not Applicable,885,Cash,38,3.5,3.4
2024-07-14 15:34:00,CNR5818302832,Canceled by Driver,CID376770,Prime SUV,Hosur Road,Kammanahalli,,,Not Applicable,Personal & Car related issue,Not Applicable,Not Applicable,208,Not Applicable,0,,
2024-07-13 06:25:00,CNR2963181267,Success,CID601228,Mini,BTM Layout,JP Nagar,308.0,65.0,Not Applicable,Not Applicable,No,Not Applicable,955,Cash,12,3.7,4.7
2024-07-16 00:01:00,CNR2154071761,Success,CID671085,Prime SUV,Shantinagar,Koramangala,77.0,50.0,Not Applicable,Not Applicable,No,Not Applicable,482,UPI,48,4.4,3.1
2024-07-05 03:08:00,CNR8208932598,Canceled by Driver,CID462938,eBike,Magadi Road,KR Puram,,,Not Applicable,Customer was coughing/sick,Not Applicable,Not Applicable,283,Not Applicable,0,,
2024-07-24 21:16:00,CNR2258195509,Driver Not Found,CID850604,Prime Sedan,Banashankari,Cox Town,,,Not Applicable,Not Applicable,Not Applicable,Not Applicable,421,Not Applicable,0,,
2024-07-06 07:55:00,CNR1266948147,Canceled by Driver,CID260651,Prime Sedan,Padmanabhanagar,Rajajinagar,,,Not Applicable,Personal & Car related issue,Not Applicable,Not Applicable,887,Not Applicable,0,,
2024-07-17 17:39:00,CNR2138569026,Success,CID575899,Bike,Yelahanka,HSR Layout,56.0,80.0,Not Applicable,Not Applicable,No,Not Applicable,292,UPI,8,4.9,3.6
2024-07-06 01:21:00,CNR5100322026,Success,CID740392,eBike,Sarjapur Road,Chamarajpet,182.0,115.0,Not Applicable,Not Applicable,No,Not Applicable,167,UPI,6,3.4,3.3
2024-07-14 05:24:00,CNR5705495979,Success,CID364071,Prime Sedan,Chamarajpet,Kengeri,70.0,40.0,Not Applicable,Not Applicable,No,Not Applicable,584,UPI,32,3.5,3.5
2024-07-21 19:09:00,CNR4003971250,Canceled by Driver,CID244793,Auto,Langford Town,Peenya,,,Not Applicable,Customer related issue,Not Applicable,Not Applicable,258,Not Applicable,0,,
2024-07-25 15:58:00,CNR6936762078,Success,CID237274,Prime Plus,Ulsoor,Basavanagudi,119.0,50.0,Not Applicable,Not Applicable,No,Not Applicable,2991,Cash,43,4.2,3.6
2024-07-28 20:50:00,CNR8980153345,Success,CID471719,Prime Plus,Langford Town,Basavanagudi,112.0,40.0,Not Applicable,Not Applicable,No,Not Applicable,149,Cash,26,4.4,4.0
2024-07-25 13:35:00,CNR1222545796,Success,CID857787,Prime Sedan,Rajarajeshwari Nagar,Sahakar Nagar,196.0,65.0,Not Applicable,Not Applicable,No,Not Applicable,109,UPI,1,3.2,4.6
2024-07-09 11:47:00,CNR9627373729,Canceled by Driver,CID274073,Prime Sedan,JP Nagar,Chamarajpet,,,Not Applicable,Customer was coughing/sick,Not Applicable,Not Applicable,147,Not Applicable,0,,
2024-07-23 05:04:00,CNR9602670140,Success,CID755440,Mini,Bannerghatta Road,Majestic,210.0,85.0,Not Applicable,Not Applicable,No,Not Applicable,160,Cash,9,3.2,3.0
2024-07-01 06:22:00,CNR1088529973,Success,CID796590,Prime Sedan,Electronic City,Padmanabhanagar,287.0,65.0,Not Applicable,Not Applicable,No,Not Applicable,463,Cash,2,3.4,3.4
2024-07-01 05:30:00,CNR8907242463,Canceled by Driver,CID478218,Prime SUV,Chamarajpet,Whitefield,,,Not Applicable,More than permitted people in there,Not Applicable,Not Applicable,164,Not Applicable,0,,
2024-07-06 11:46:00,CNR1954222857,Success,CID803928,eBike,Bellandur,JP Nagar,119.0,25.0,Not Applicable,Not Applicable,No,Not Applicable,151,UPI,44,4.0,3.6
2024-07-17 21:58:00,CNR4074705381,Success,CID794838,eBike,RT Nagar,Padmanabhanagar,245.0,70.0,Not Applicable,Not Applicable,No,Not Applicable,419,Cash,4,3.6,3.1
2024-07-04 01:16:00,CNR7487253704,Success,CID985315,eBike,Majestic,Whitefield,91.0,65.0,Not Applicable,Not Applicable,No,Not Applicable,626,UPI,27,3.6,3.1
2024-07-10 16:38:00,CNR4473249040,Canceled by Driver,CID171571,Prime Plus,Shivajinagar,Bannerghatta Road,,,Not Applicable,Customer was coughing/sick,Not Applicable,Not Applicable,130,Not Applicable,0,,
2024-07-18 22:03:00,CNR8364908203,Success,CID100957,Prime Plus,Marathahalli,Ulsoor,301.0,45.0,Not Applicable,Not Applicable,No,Not Applicable,167,UPI,5,3.4,3.8
2024-07-07 09:21:00,CNR7413865978,Driver Not Found,CID612030,Mini,Banashankari,Vijayanagar,,,Not Applicable,Not Applicable,Not Applicable,Not Applicable,368,Not Applicable,0,,
2024-07-11 07:45:00,CNR9990539712,Canceled by Driver,CID299909,Mini,HSR Layout,KR Puram,,,Not Applicable,Customer was coughing/sick,Not Applicable,Not Applicable,999,Not Applicable,0,,
2024-07-02 07:55:00,CNR2593492502,Success,CID332786,Prime Plus,JP Nagar,Nagarbhavi,56.0,145.0,Not Applicable,Not Applicable,No,Not Applicable,737,UPI,4,3.5,4.5
2024-07-24 14:02:00,CNR8764742570,Success,CID178593,Auto,Bellandur,Sahakar Nagar,189.0,125.0,Not Applicable,Not Applicable,No,Not Applicable,266,UPI,8,3.9,3.5
2024-07-01 04:26:00,CNR7534157409,Success,CID822890,Prime Sedan,JP Nagar,Devanahalli,49.0,45.0,Not Applicable,Not Applicable,Yes,Customer Demand,118,Cash,39,3.0,4.5
2024-07-21 00:33:00,CNR4617858694,Success,CID210702,Prime Plus,Chickpet,Ulsoor,84.0,45.0,Not Applicable,Not Applicable,No,Not Applicable,701,Cash,28,3.8,4.6
2024-07-02 10:07:00,CNR9578788770,Canceled by Customer,CID450788,eBike,Chamarajpet,Kammanahalli,,,Change of plans,Not Applicable,Not Applicable,Not Applicable,376,Not Applicable,0,,
2024-07-25 18:18:00,CNR9575330970,Driver Not Found,CID441037,Mini,Sarjapur Road,Koramangala,,,Not Applicable,Not Applicable,Not Applicable,Not Applicable,1864,Not Applicable,0,,
2024-07-11 07:57:00,CNR8350037714,Success,CID631923,Prime Sedan,Yeshwanthpur,Electronic City,154.0,115.0,Not Applicable,Not Applicable,No,Not Applicable,804,Cash,44,4.5,5.0
2024-07-16 01:52:00,CNR9181563425,Driver Not Found,CID698086,Prime Sedan,Yeshwanthpur,Hennur,,,Not Applicable,Not Applicable,Not Applicable,Not Applicable,408,Not Applicable,0,,
2024-07-12 11:11:00,CNR1876938521,Canceled by Driver,CID490741,eBike,Sarjapur Road,Yeshwanthpur,,,Not Applicable,Customer related issue,Not Applicable,Not Applicable,130,Not Applicable,0,,
2024-07-07 12:29:00,CNR8147119694,Success,CID432267,Prime Plus,Bannerghatta Road,Ulsoor,231.0,50.0,Not Applicable,Not Applicable,No,Not Applicable,536,UPI,16,4.7,4.5
2024-07-11 18:50:00,CNR4433758540,Success,CID675202,Prime Sedan,Kengeri,Rajajinagar,301.0,55.0,Not Applicable,Not Applicable,No,Not Applicable,450,Cash,27,3.6,3.9
2024-07-02 21:24:00,CNR6761542933,Canceled by Driver,CID943939,Prime Sedan,Magadi Road,Mysore Road,,,Not Applicable,Customer was coughing/sick,Not Applicable,Not Applicable,150,Not Applicable,0,,
2024-07-04 20:10:00,CNR5437645300,Canceled by Driver,CID241109,Prime Plus,Hebbal,Bellandur,,,Not Applicable,Personal & Car related issue,Not Applicable,Not Applicable,952,Not Applicable,0,,
2024-07-16 00:50:00,CNR1635632007,Success,CID852600,Auto,Chamarajpet,Langford Town,70.0,115.0,Not Applicable,Not Applicable,No,Not Applicable,436,Cash,8,4.7,4.9
2024-07-05 07:16:00,CNR5743192320,Driver Not Found,CID710608,eBike,Frazer Town,JP Nagar,,,Not Applicable,Not Applicable,Not Applicable,Not Applicable,835,Not Applicable,0,,
2024-07-27 02:29:00,CNR9385481106,Canceled by Customer,CID751489,eBike,Kengeri,Kammanahalli,,,AC is Not working,Not Applicable,Not Applicable,Not Applicable,432,Not Applicable,0,,
2024-07-25 03:54:00,CNR4233817269,Canceled by Customer,CID726892,Bike,Shivajinagar,Yelahanka,,,Driver is not moving towards pickup location,Not Applicable,Not Applicable,Not Applicable,278,Not Applicable,0,,
2024-07-22 23:26:00,CNR6681730714,Success,CID885784,eBike,Bannerghatta Road,Hosur Road,294.0,140.0,Not Applicable,Not Applicable,No,Not Applicable,307,Cash,3,4.8,4.6
2024-07-25 08:31:00,CNR4044037025,Canceled by Customer,CID301031,Prime Plus,Hennur,Rajarajeshwari Nagar,,,Driver is not moving towards pickup location,Not Applicable,Not Applicable,Not Applicable,959,Not Applicable,0,,
2024-07-16 07:03:00,CNR1295062413,Success,CID247536,Prime Sedan,Hosur Road,Sahakar Nagar,168.0,110.0,Not Applicable,Not Applicable,No,Not Applicable,2732,Cash,38,4.9,3.6
2024-07-07 14:30:00,CNR9490380727,Success,CID924431,eBike,Yelahanka,Bannerghatta Road,84.0,140.0,Not Applicable,Not Applicable,No,Not Applicable,179,Cash,46,3.5,4.9
2024-07-21 12:08:00,CNR7674539110,Success,CID394737,eBike,Richmond Town,Koramangala,203.0,95.0,Not Applicable,Not Applicable,No,Not Applicable,580,Cash,32,3.1,4.5
2024-07-15 08:08:00,CNR1172174314,Success,CID784593,Bike,Magadi Road,Hebbal,196.0,90.0,Not Applicable,Not Applicable,No,Not Applicable,347,UPI,32,4.3,3.1
2024-07-25 23:23:00,CNR9503086380,Canceled by Driver,CID766321,Prime Plus,BTM Layout,KR Puram,,,Not Applicable,More than permitted people in there,Not Applicable,Not Applicable,387,Not Applicable,0,,
2024-07-08 19:29:00,CNR9230781811,Success,CID918803,Mini,Cox Town,Shantinagar,35.0,110.0,Not Applicable,Not Applicable,No,Not Applicable,137,UPI,9,3.6,3.7
2024-07-06 01:36:00,CNR2135034767,Success,CID795779,Bike,Mysore Road,Tumkur Road,203.0,115.0,Not Applicable,Not Applicable,No,Not Applicable,345,Cash,40,4.8,3.1
2024-07-30 12:07:00,CNR1198673765,Driver Not Found,CID456963,Prime Sedan,Mysore Road,Richmond Town,,,Not Applicable,Not Applicable,Not Applicable,Not Applicable,407,Not Applicable,0,,
2024-07-22 19:33:00,CNR7207005239,Success,CID614296,Auto,Indiranagar,Malleshwaram,154.0,100.0,Not Applicable,Not Applicable,No,Not Applicable,382,Cash,18,4.5,4.9
2024-07-01 15:35:00,CNR3053619889,Success,CID456917,Prime Sedan,Peenya,Rajarajeshwari Nagar,308.0,55.0,Not Applicable,Not Applicable,No,Not Applicable,350,UPI,12,3.7,3.5
2024-07-27 20:44:00,CNR4009139143,Success,CID262060,Prime Sedan,Kammanahalli,Chamarajpet,105.0,130.0,Not Applicable,Not Applicable,No,Not Applicable,146,Cash,6,3.6,4.8
2024-07-09 20:22:00,CNR3576794734,Driver Not Found,CID772795,Prime Plus,Banashankari,Mysore Road,,,Not Applicable,Not Applicable,Not Applicable,Not Applicable,307,Not Applicable,0,,
2024-07-29 14:56:00,CNR2024285898,Success,CID312357,eBike,Frazer Town,Malleshwaram,105.0,85.0,Not Applicable,Not Applicable,No,Not Applicable,153,UPI,17,3.9,3.9
2024-07-30 02:33:00,CNR9756107332,Success,CID779134,Prime SUV,Hosur Road,Yelahanka,210.0,25.0,Not Applicable,Not Applicable,No,Not Applicable,172,Cash,21,4.9,3.3
2024-07-09 11:00:00,CNR6928619699,Canceled by Customer,CID344092,Bike,Electronic City,Basavanagudi,,,Driver asked to cancel,Not Applicable,Not Applicable,Not Applicable,143,Not Applicable,0,,
2024-07-08 17:46:00,CNR7170986661,Driver Not Found,CID153469,Prime Plus,Peenya,Yelahanka,,,Not Applicable,Not Applicable,Not Applicable,Not Applicable,250,Not Applicable,0,,
2024-07-06 00:30:00,CNR8528397220,Canceled by Driver,CID809844,Prime Plus,Shivajinagar,Hennur,,,Not Applicable,Personal & Car related issue,Not Applicable,Not Applicable,372,Not Applicable,0,,
2024-07-09 21:36:00,CNR6933078604,Success,CID961858,Auto,Magadi Road,Rajarajeshwari Nagar,175.0,145.0,Not Applicable,Not Applicable,No,Not Applicable,419,Credit Card,10,3.6,4.2
2024-07-06 19:48:00,CNR2209112496,Canceled by Driver,CID700093,Prime Plus,Ramamurthy Nagar,BTM Layout,,,Not Applicable,More than permitted people in there,Not Applicable,Not Applicable,185,Not Applicable,0,,
2024-07-08 01:44:00,CNR8448581776,Success,CID943062,Prime SUV,Koramangala,Kammanahalli,210.0,145.0,Not Applicable,Not Applicable,No,Not Applicable,781,UPI,11,4.9,3.4
2024-07-13 09:01:00,CNR2145869799,Success,CID217301,Bike,Yelahanka,Kengeri,182.0,140.0,Not Applicable,Not Applicable,No,Not Applicable,429,Cash,33,4.6,3.2
2024-07-23 15:09:00,CNR7938705312,Driver Not Found,CID896658,Bike,Tumkur Road,KR Puram,,,Not Applicable,Not Applicable,Not Applicable,Not Applicable,480,Not Applicable,0,,
2024-07-15 07:34:00,CNR5683869611,Driver Not Found,CID419975,Mini,Vijayanagar,Nagarbhavi,,,Not Applicable,Not Applicable,Not Applicable,Not Applicable,258,Not Applicable,0,,
2024-07-14 18:23:00,CNR2555090096,Success,CID288285,Prime SUV,Jayanagar,Kammanahalli,35.0,40.0,Not Applicable,Not Applicable,No,Not Applicable,1626,Cash,37,3.9,3.8
2024-07-16 14:21:00,CNR7885677008,Success,CID654519,Prime Plus,MG Road,HSR Layout,252.0,70.0,Not Applicable,Not Applicable,No,Not Applicable,904,Cash,42,3.5,4.6
2024-07-21 09:03:00,CNR3578050101,Success,CID295242,Bike,Varthur,Sarjapur Road,77.0,30.0,Not Applicable,Not Applicable,Yes,Customer Demand,208,Cash,4,3.7,4.2
2024-07-04 17:17:00,CNR7815181797,Driver Not Found,CID828053,Prime Plus,Sahakar Nagar,Yelahanka,,,Not Applicable,Not Applicable,Not Applicable,Not Applicable,470,Not Applicable,0,,
2024-07-03 03:22:00,CNR5000446067,Canceled by Driver,CID322309,Mini,Shantinagar,Bellandur,,,Not Applicable,Customer was coughing/sick,Not Applicable,Not Applicable,2829,Not Applicable,0,,
2024-07-13 06:40:00,CNR9138018038,Canceled by Driver,CID378857,eBike,Kammanahalli,Kadugodi,,,Not Applicable,More than permitted people in there,Not Applicable,Not Applicable,171,Not Applicable,0,,
2024-07-04 18:14:00,CNR3805006435,Success,CID291231,Mini,Magadi Road,Hosur Road,98.0,75.0,Not Applicable,Not Applicable,No,Not Applicable,141,Cash,39,3.8,4.4
2024-07-30 04:12:00,CNR6480756250,Canceled by Driver,CID344924,eBike,Hebbal,Varthur,,,Not Applicable,Personal & Car related issue,Not Applicable,Not Applicable,620,Not Applicable,0,,
2024-07-30 12:18:00,CNR5095150401,Success,CID832164,Prime Sedan,Ramamurthy Nagar,Jayanagar,112.0,120.0,Not Applicable,Not Applicable,No,Not Applicable,617,Cash,28,4.2,3.4
2024-07-29 08:45:00,CNR4448354983,Success,CID489933,Bike,Devanahalli,Sarjapur Road,154.0,90.0,Not Applicable,Not Applicable,No,Not Applicable,2243,Cash,9,4.5,3.6
2024-07-05 12:21:00,CNR6232169589,Canceled by Customer,CID643908,Bike,Kengeri,Bannerghatta Road,,,Driver is not moving towards pickup location,Not Applicable,Not Applicable,Not Applicable,409,Not Applicable,0,,
2024-07-10 21:25:00,CNR3031027713,Canceled by Driver,CID565266,eBike,Ramamurthy Nagar,Shantinagar,,,Not Applicable,Customer was coughing/sick,Not Applicable,Not Applicable,196,Not Applicable,0,,
2024-07-18 03:11:00,CNR3725298253,Canceled by Customer,CID596072,Bike,Rajarajeshwari Nagar,Hulimavu,,,AC is Not working,Not Applicable,Not Applicable,Not Applicable,116,Not Applicable,0,,
2024-07-22 18:31:00,CNR6071513792,Success,CID810415,Prime SUV,Bannerghatta Road,Chamarajpet,175.0,100.0,Not Applicable,Not Applicable,No,Not Applicable,201,UPI,45,4.7,4.1
2024-07-29 16:29:00,CNR8070525378,Canceled by Customer,CID612129,Prime Sedan,Langford Town,Sarjapur Road,,,AC is Not working,Not Applicable,Not Applicable,Not Applicable,492,Not Applicable,0,,
2024-07-09 22:47:00,CNR9816069771,Canceled by Driver,CID326142,Bike,Peenya,Langford Town,,,Not Applicable,Personal & Car related issue,Not Applicable,Not Applicable,499,Not Applicable,0,,
2024-07-03 12:50:00,CNR8739154096,Success,CID666497,eBike,Chickpet,Peenya,35.0,65.0,Not Applicable,Not Applicable,No,Not Applicable,138,UPI,30,4.6,3.8
2024-07-17 00:06:00,CNR4022736120,Success,CID411148,Prime SUV,Indiranagar,Hosur Road,301.0,90.0,Not Applicable,Not Applicable,No,Not Applicable,354,Cash,49,4.1,3.9
2024-07-22 04:30:00,CNR5668586279,Canceled by Driver,CID359030,Bike,Yeshwanthpur,Indiranagar,,,Not Applicable,Customer related issue,Not Applicable,Not Applicable,1846,Not Applicable,0,,
2024-07-19 12:07:00,CNR4157177052,Canceled by Driver,CID999207,eBike,Indiranagar,MG Road,,,Not Applicable,Customer was coughing/sick,Not Applicable,Not Applicable,448,Not Applicable,0,,
2024-07-16 23:34:00,CNR9670997220,Success,CID568242,Bike,Mysore Road,Indiranagar,308.0,80.0,Not Applicable,Not Applicable,No,Not Applicable,344,UPI,46,3.1,4.9
2024-07-01 14:29:00,CNR1961829463,Canceled by Driver,CID540685,Prime Sedan,Kammanahalli,Sahakar Nagar,,,Not Applicable,Personal & Car related issue,Not Applicable,Not Applicable,1149,Not Applicable,0,,
2024-07-12 15:37:00,CNR4630443756,Success,CID242900,eBike,Chamarajpet,Kammanahalli,266.0,125.0,Not Applicable,Not Applicable,No,Not Applicable,276,Cash,15,4.5,4.7
2024-07-08 20:25:00,CNR1690897862,Success,CID384353,Prime SUV,Bellandur,Devanahalli,112.0,125.0,Not Applicable,Not Applicable,No,Not Applicable,141,Cash,13,3.1,3.7
2024-07-11 01:17:00,CNR2714460652,Success,CID347320,eBike,Majestic,Bannerghatta Road,259.0,135.0,Not Applicable,Not Applicable,No,Not Applicable,522,Cash,46,3.8,3.1
2024-07-02 19:41:00,CNR3743447525,Success,CID708479,Prime SUV,Kengeri,Yelahanka,119.0,35.0,Not Applicable,Not Applicable,No,Not Applicable,168,UPI,46,4.7,4.4
2024-07-23 03:21:00,CNR4214290924,Driver Not Found,CID310606,Auto,Chamarajpet,Ramamurthy Nagar,,,Not Applicable,Not Applicable,Not Applicable,Not Applicable,387,Not Applicable,0,,
2024-07-17 13:02:00,CNR5490800012,Success,CID524769,eBike,Vijayanagar,BTM Layout,35.0,85.0,Not Applicable,Not Applicable,No,Not Applicable,427,Cash,7,3.0,3.4
2024-07-06 04:19:00,CNR2940652209,Canceled by Driver,CID417123,Prime Plus,Shivajinagar,Electronic City,,,Not Applicable,Customer related issue,Not Applicable,Not Applicable,2300,Not Applicable,0,,
2024-07-15 15:24:00,CNR8060493457,Success,CID601514,eBike,Mysore Road,Devanahalli,42.0,135.0,Not Applicable,Not Applicable,No,Not Applicable,109,UPI,16,4.5,4.0
2024-07-07 23:45:00,CNR9950406421,Success,CID883279,Bike,Bellandur,Chamarajpet,182.0,60.0,Not Applicable,Not Applicable,No,Not Applicable,246,Cash,17,4.7,4.8
2024-07-14 05:33:00,CNR8014780784,Canceled by Driver,CID112449,Mini,JP Nagar,Basavanagudi,,,Not Applicable,More than permitted people in there,Not Applicable,Not Applicable,122,Not Applicable,0,,
2024-07-05 10:30:00,CNR3809845048,Canceled by Customer,CID227461,Mini,Jayanagar,Varthur,,,Driver is not moving towards pickup location,Not Applicable,Not Applicable,Not Applicable,283,Not Applicable,0,,
2024-07-18 06:53:00,CNR6730403037,Success,CID659613,Prime Plus,Hulimavu,Richmond Town,98.0,55.0,Not Applicable,Not Applicable,No,Not Applicable,398,Cash,19,4.0,4.6
2024-07-05 11:55:00,CNR8436450127,Success,CID445295,Prime Plus,Malleshwaram,Mysore Road,287.0,70.0,Not Applicable,Not Applicable,No,Not Applicable,877,Cash,1,4.2,3.4
2024-07-15 22:44:00,CNR3518977233,Success,CID571819,eBike,Hebbal,Electronic City,70.0,55.0,Not Applicable,Not Applicable,No,Not Applicable,440,Cash,15,3.9,4.8
2024-07-07 11:37:00,CNR4059432125,Canceled by Driver,CID599405,Prime SUV,Kammanahalli,Devanahalli,,,Not Applicable,Personal & Car related issue,Not Applicable,Not Applicable,1254,Not Applicable,0,,
2024-07-10 06:48:00,CNR6313238268,Success,CID306895,Auto,Padmanabhanagar,Yeshwanthpur,224.0,60.0,Not Applicable,Not Applicable,No,Not Applicable,345,Cash,9,4.2,4.9
2024-07-28 19:47:00,CNR9557422369,Success,CID970570,Prime Sedan,Varthur,Bannerghatta Road,175.0,85.0,Not Applicable,Not Applicable,No,Not Applicable,465,Cash,2,3.0,4.3
2024-07-25 03:18:00,CNR8450002623,Canceled by Driver,CID156423,Mini,Devanahalli,Indiranagar,,,Not Applicable,Customer related issue,Not Applicable,Not Applicable,319,Not Applicable,0,,
2024-07-30 05:42:00,CNR2768977627,Success,CID293836,Prime Plus,Rajajinagar,KR Puram,77.0,85.0,Not Applicable,Not Applicable,No,Not Applicable,184,Cash,29,3.4,3.7
2024-07-16 17:13:00,CNR9520169582,Success,CID262109,Bike,Marathahalli,MG Road,63.0,55.0,Not Applicable,Not Applicable,No,Not Applicable,314,UPI,36,4.6,3.3
2024-07-02 10:49:00,CNR8633693716,Canceled by Driver,CID935095,Auto,Koramangala,Marathahalli,,,Not Applicable,Personal & Car related issue,Not Applicable,Not Applicable,609,Not Applicable,0,,
2024-07-19 09:54:00,CNR9095484632,Success,CID990848,Prime Sedan,Chamarajpet,Sahakar Nagar,301.0,45.0,Not Applicable,Not Applicable,No,Not Applicable,355,Cash,2,3.3,5.0
2024-07-22 04:15:00,CNR2781191553,Canceled by Driver,CID359507,Prime SUV,Majestic,Bannerghatta Road,,,Not Applicable,More than permitted people in there,Not Applicable,Not Applicable,326,Not Applicable,0,,
2024-07-18 06:35:00,CNR3879025185,Driver Not Found,CID830369,Mini,Indiranagar,Sahakar Nagar,,,Not Applicable,Not Applicable,Not Applicable,Not Applicable,609,Not Applicable,0,,
2024-07-08 01:11:00,CNR2843933864,Success,CID399570,Prime Sedan,Padmanabhanagar,Rajajinagar,91.0,45.0,Not Applicable,Not Applicable,No,Not Applicable,279,Credit Card,44,3.2,4.7
2024-07-19 11:35:00,CNR2329660769,Success,CID476834,Mini,Hosur Road,Banashankari,126.0,110.0,Not Applicable,Not Applicable,No,Not Applicable,455,Cash,20,4.9,3.2
2024-07-14 18:55:00,CNR1683246419,Success,CID292154,eBike,Chickpet,JP Nagar,175.0,145.0,Not Applicable,Not Applicable,No,Not Applicable,349,UPI,28,3.9,5.0
2024-07-27 04:45:00,CNR4632472954,Success,CID143751,Prime SUV,Cox Town,Yelahanka,245.0,135.0,Not Applicable,Not Applicable,No,Not Applicable,1625,UPI,47,4.3,4.6
2024-07-18 13:33:00,CNR1387394893,Success,CID241587,Auto,Devanahalli,Basavanagudi,224.0,35.0,Not Applicable,Not Applicable,Yes,Vehicle Breakdown,107,UPI,10,4.4,3.8
2024-07-29 20:47:00,CNR2215141395,Canceled by Customer,CID414418,Auto,Vijayanagar,Chamarajpet,,,Driver asked to cancel,Not Applicable,Not Applicable,Not Applicable,738,Not Applicable,0,,
2024-07-05 17:04:00,CNR8999781425,Canceled by Driver,CID659582,Prime Sedan,Richmond Town,Sarjapur Road,,,Not Applicable,Customer was coughing/sick,Not Applicable,Not Applicable,272,Not Applicable,0,,
2024-07-26 08:00:00,CNR3935852716,Driver Not Found,CID959032,Prime SUV,Magadi Road,MG Road,,,Not Applicable,Not Applicable,Not Applicable,Not Applicable,447,Not Applicable,0,,
2024-07-10 20:16:00,CNR8955197821,Driver Not Found,CID631331,eBike,Peenya,Kadugodi,,,Not Applicable,Not Applicable,Not Applicable,Not Applicable,283,Not Applicable,0,,
2024-07-25 04:51:00,CNR8115522647,Success,CID809617,Auto,Shivajinagar,Malleshwaram,189.0,85.0,Not Applicable,Not Applicable,Yes,Customer Demand,898,UPI,5,3.7,3.9
2024-07-10 12:08:00,CNR8475582033,Success,CID816598,Prime Plus,Peenya,Hennur,196.0,30.0,Not Applicable,Not Applicable,No,Not Applicable,325,Cash,21,4.4,3.0
2024-07-16 04:33:00,CNR4146096054,Success,CID249372,Bike,Chamarajpet,Sarjapur Road,70.0,90.0,Not Applicable,Not Applicable,No,Not Applicable,438,Cash,33,3.3,3.7
2024-07-07 02:12:00,CNR1192405074,Success,CID705865,Prime Plus,Kadugodi,Chamarajpet,161.0,90.0,Not Applicable,Not Applicable,No,Not Applicable,189,UPI,38,3.6,3.6
2024-07-12 23:17:00,CNR5762455956,Success,CID754512,Prime Sedan,Sarjapur Road,Sarjapur Road,189.0,50.0,Not Applicable,Not Applicable,No,Not Applicable,2157,Cash,41,3.5,3.5
2024-07-29 00:40:00,CNR2154704737,Canceled by Driver,CID710072,Auto,Malleshwaram,Ramamurthy Nagar,,,Not Applicable,Customer related issue,Not Applicable,Not Applicable,208,Not Applicable,0,,
2024-07-07 22:17:00,CNR8165184041,Success,CID728807,Prime Sedan,Sarjapur Road,Frazer Town,266.0,60.0,Not Applicable,Not Applicable,Yes,Customer Demand,182,Cash,46,4.5,3.6
2024-07-27 00:41:00,CNR8709987001,Success,CID132111,Prime Sedan,Basavanagudi,Chamarajpet,231.0,145.0,Not Applicable,Not Applicable,No,Not Applicable,191,Cash,19,3.4,3.5
2024-07-23 05:16:00,CNR1336746537,Canceled by Driver,CID448020,eBike,Langford Town,Basavanagudi,,,Not Applicable,Customer related issue,Not Applicable,Not Applicable,2505,Not Applicable,0,,
2024-07-05 19:02:00,CNR7413526711,Success,CID678159,eBike,Electronic City,Bellandur,147.0,65.0,Not Applicable,Not Applicable,No,Not Applicable,210,UPI,30,4.6,4.2
2024-07-23 10:01:00,CNR8836388246,Canceled by Customer,CID259777,Prime SUV,Koramangala,Sahakar Nagar,,,Driver is not moving towards pickup location,Not Applicable,Not Applicable,Not Applicable,365,Not Applicable,0,,
2024-07-09 05:08:00,CNR2898407918,Success,CID446725,Prime SUV,MG Road,Bannerghatta Road,42.0,110.0,Not Applicable,Not Applicable,No,Not Applicable,329,UPI,41,4.3,3.8
2024-07-18 12:37:00,CNR2655058634,Canceled by Customer,CID250665,Auto,HSR Layout,Mysore Road,,,Driver is not moving towards pickup location,Not Applicable,Not Applicable,Not Applicable,283,Not Applicable,0,,
2024-07-30 06:18:00,CNR4852132868,Canceled by Driver,CID464439,Prime SUV,Hosur Road,Tumkur Road,,,Not Applicable,Customer related issue,Not Applicable,Not Applicable,892,Not Applicable,0,,
2024-07-26 03:41:00,CNR7789387085,Driver Not Found,CID103818,Auto,Bannerghatta Road,Whitefield,,,Not Applicable,Not Applicable,Not Applicable,Not Applicable,1818,Not Applicable,0,,
2024-07-06 11:34:00,CNR6580857092,Driver Not Found,CID822312,Prime SUV,Yelahanka,Marathahalli,,,Not Applicable,Not Applicable,Not Applicable,Not Applicable,654,Not Applicable,0,,
2024-07-06 20:23:00,CNR3533199183,Success,CID209452,Prime Sedan,Padmanabhanagar,Marathahalli,63.0,40.0,Not Applicable,Not Applicable,No,Not Applicable,442,Cash,26,4.8,4.0
2024-07-27 02:38:00,CNR7384529292,Success,CID321386,Mini,Ramamurthy Nagar,KR Puram,98.0,55.0,Not Applicable,Not Applicable,No,Not Applicable,780,UPI,37,4.4,4.9
2024-07-12 14:00:00,CNR4268970972,Driver Not Found,CID692360,Auto,Majestic,Mysore Road,,,Not Applicable,Not Applicable,Not Applicable,Not Applicable,306,Not Applicable,0,,
2024-07-29 01:11:00,CNR9941697901,Success,CID131742,Bike,Jayanagar,Chamarajpet,70.0,90.0,Not Applicable,Not Applicable,No,Not Applicable,326,Cash,15,3.7,3.6
2024-07-27 19:32:00,CNR2102488742,Canceled by Driver,CID317593,Prime SUV,Sahakar Nagar,Ulsoor,,,Not Applicable,Customer related issue,Not Applicable,Not Applicable,132,Not Applicable,0,,
2024-07-06 13:52:00,CNR1542167818,Canceled by Customer,CID638659,Mini,RT Nagar,Electronic City,,,Driver asked to cancel,Not Applicable,Not Applicable,Not Applicable,459,Not Applicable,0,,
2024-07-11 11:37:00,CNR7971381240,Canceled by Driver,CID106606,eBike,Yelahanka,Koramangala,,,Not Applicable,Customer was coughing/sick,Not Applicable,Not Applicable,182,Not Applicable,0,,
2024-07-24 07:03:00,CNR5003532343,Success,CID433623,eBike,MG Road,Hulimavu,266.0,30.0,Not Applicable,Not Applicable,Yes,Other Issue,391,Cash,40,3.1,5.0
2024-07-10 15:15:00,CNR5115977908,Success,CID709513,Prime SUV,Bannerghatta Road,Chamarajpet,112.0,120.0,Not Applicable,Not Applicable,No,Not Applicable,193,Credit Card,5,4.1,4.0
2024-07-10 18:32:00,CNR3798935427,Success,CID170359,Prime Plus,JP Nagar,Rajajinagar,217.0,135.0,Not Applicable,Not Applicable,No,Not Applicable,413,Cash,4,3.4,3.1
2024-07-24 20:57:00,CNR4835060115,Canceled by Driver,CID250072,Auto,MG Road,Mysore Road,,,Not Applicable,More than permitted people in there,Not Applicable,Not Applicable,420,Not Applicable,0,,
2024-07-26 18:00:00,CNR9228613424,Canceled by Customer,CID127118,Bike,HSR Layout,Nagarbhavi,,,Driver is not moving towards pickup location,Not Applicable,Not Applicable,Not Applicable,1938,Not Applicable,0,,
2024-07-28 08:45:00,CNR7268421948,Canceled by Driver,CID289651,Prime Plus,Rajarajeshwari Nagar,Chamarajpet,,,Not Applicable,Customer was coughing/sick,Not Applicable,Not Applicable,106,Not Applicable,0,,
2024-07-13 13:49:00,CNR4134971686,Canceled by Driver,CID759780,Prime Sedan,Yeshwanthpur,Cox Town,,,Not Applicable,Customer was coughing/sick,Not Applicable,Not Applicable,415,Not Applicable,0,,
2024-07-24 03:29:00,CNR1964513661,Driver Not Found,CID623576,eBike,Hosur Road,Peenya,,,Not Applicable,Not Applicable,Not Applicable,Not Applicable,635,Not Applicable,0,,
2024-07-01 09:51:00,CNR4933229554,Canceled by Customer,CID569956,eBike,Vijayanagar,Kammanahalli,,,Change of plans,Not Applicable,Not Applicable,Not Applicable,818,Not Applicable,0,,
2024-07-03 19:58:00,CNR6786051727,Success,CID988383,Prime SUV,Shantinagar,Hosur Road,91.0,95.0,Not Applicable,Not Applicable,No,Not Applicable,590,Cash,19,3.2,4.8
2024-07-17 17:20:00,CNR4077762937,Canceled by Customer,CID898780,Prime Sedan,Kengeri,Cox Town,,,Driver is not moving towards pickup location,Not Applicable,Not Applicable,Not Applicable,267,Not Applicable,0,,
2024-07-02 23:45:00,CNR7121804756,Success,CID604941,Auto,Kammanahalli,Jayanagar,189.0,105.0,Not Applicable,Not Applicable,No,Not Applicable,177,UPI,17,3.4,3.9
2024-07-19 12:55:00,CNR2649983396,Canceled by Driver,CID892739,eBike,Ramamurthy Nagar,RT Nagar,,,Not Applicable,More than permitted people in there,Not Applicable,Not Applicable,386,Not Applicable,0,,
2024-07-20 00:49:00,CNR9311256714,Canceled by Customer,CID538995,Mini,Devanahalli,MG Road,,,Wrong Address,Not Applicable,Not Applicable,Not Applicable,1406,Not Applicable,0,,
2024-07-09 14:20:00,CNR8458795878,Success,CID617349,Prime SUV,Yelahanka,Whitefield,245.0,80.0,Not Applicable,Not Applicable,No,Not Applicable,348,Cash,20,4.6,4.5
2024-07-29 01:08:00,CNR7650472975,Canceled by Driver,CID973205,Auto,Banashankari,Chamarajpet,,,Not Applicable,Customer related issue,Not Applicable,Not Applicable,376,Not Applicable,0,,
2024-07-12 17:15:00,CNR4294858376,Success,CID124694,Prime Plus,Jayanagar,Basavanagudi,49.0,25.0,Not Applicable,Not Applicable,No,Not Applicable,2666,UPI,24,4.4,3.5
2024-07-20 22:37:00,CNR6858121894,Success,CID136715,eBike,Rajajinagar,Bannerghatta Road,203.0,130.0,Not Applicable,Not Applicable,Yes,Vehicle Breakdown,841,Cash,39,4.1,3.5
2024-07-29 15:36:00,CNR1616958821,Success,CID340463,Prime Sedan,Basavanagudi,Basavanagudi,308.0,70.0,Not Applicable,Not Applicable,No,Not Applicable,690,Cash,47,4.7,3.1
2024-07-06 15:59:00,CNR6686984446,Driver Not Found,CID200297,Prime SUV,Rajajinagar,Cox Town,,,Not Applicable,Not Applicable,Not Applicable,Not Applicable,785,Not Applicable,0,,
2024-07-11 09:01:00,CNR7466069616,Success,CID680750,Prime Sedan,Tumkur Road,Vijayanagar,140.0,80.0,Not Applicable,Not Applicable,No,Not Applicable,309,Cash,39,3.4,4.4
2024-07-29 02:13:00,CNR8572645296,Canceled by Customer,CID103076,Bike,KR Puram,Yeshwanthpur,,,Driver is not moving towards pickup location,Not Applicable,Not Applicable,Not Applicable,186,Not Applicable,0,,
2024-07-17 22:08:00,CNR5969960330,Canceled by Driver,CID379902,Auto,Ulsoor,Bannerghatta Road,,,Not Applicable,Customer related issue,Not Applicable,Not Applicable,495,Not Applicable,0,,
2024-07-03 09:21:00,CNR7888621553,Success,CID674797,eBike,Hebbal,Varthur,308.0,75.0,Not Applicable,Not Applicable,No,Not Applicable,640,Cash,34,3.4,4.2
2024-07-15 03:41:00,CNR4334371406,Success,CID578915,Prime SUV,Rajarajeshwari Nagar,Peenya,49.0,95.0,Not Applicable,Not Applicable,No,Not Applicable,2842,UPI,40,4.6,3.1
2024-07-18 09:27:00,CNR4711648788,Canceled by Customer,CID659611,Mini,Frazer Town,MG Road,,,Driver asked to cancel,Not Applicable,Not Applicable,Not Applicable,495,Not Applicable,0,,
2024-07-15 01:21:00,CNR5953974792,Success,CID599670,eBike,Vijayanagar,Cox Town,175.0,110.0,Not Applicable,Not Applicable,No,Not Applicable,2808,Cash,43,4.1,3.2
2024-07-24 10:20:00,CNR3994277798,Canceled by Driver,CID707455,Prime Plus,Nagarbhavi,Koramangala,,,Not Applicable,Customer was coughing/sick,Not Applicable,Not Applicable,293,Not Applicable,0,,
2024-07-26 19:35:00,CNR9374158298,Driver Not Found,CID613762,eBike,Sahakar Nagar,Cox Town,,,Not Applicable,Not Applicable,Not Applicable,Not Applicable,109,Not Applicable,0,,
2024-07-14 15:23:00,CNR8396149060,Canceled by Customer,CID828602,Auto,Hosur Road,Shantinagar,,,Driver asked to cancel,Not Applicable,Not Applicable,Not Applicable,505,Not Applicable,0,,
2024-07-17 11:38:00,CNR7890625718,Success,CID697809,Mini,Rajarajeshwari Nagar,Bellandur,105.0,70.0,Not Applicable,Not Applicable,No,Not Applicable,426,Cash,8,3.2,4.1
2024-07-03 08:58:00,CNR8778656337,Success,CID236101,Prime Sedan,Whitefield,Nagarbhavi,280.0,105.0,Not Applicable,Not Applicable,No,Not Applicable,299,Cash,36,3.4,3.5
2024-07-05 09:43:00,CNR5901685036,Success,CID210518,Bike,Jayanagar,Malleshwaram,63.0,80.0,Not Applicable,Not Applicable,No,Not Applicable,478,UPI,28,5.0,3.3
2024-07-16 05:26:00,CNR4566985966,Success,CID656850,Bike,MG Road,Shantinagar,210.0,90.0,Not Applicable,Not Applicable,No,Not Applicable,508,Cash,4,3.1,4.0
2024-07-13 09:27:00,CNR1835638801,Success,CID724593,Prime Sedan,Langford Town,Chamarajpet,154.0,95.0,Not Applicable,Not Applicable,No,Not Applicable,776,Cash,37,3.0,3.9
2024-07-25 03:47:00,CNR5936686781,Canceled by Driver,CID768933,Prime Sedan,Electronic City,Jayanagar,,,Not Applicable,Customer related issue,Not Applicable,Not Applicable,768,Not Applicable,0,,
2024-07-16 15:56:00,CNR3279718171,Canceled by Driver,CID417155,Prime Plus,Peenya,BTM Layout,,,Not Applicable,Customer related issue,Not Applicable,Not Applicable,370,Not Applicable,0,,
2024-07-02 13:44:00,CNR5805173518,Driver Not Found,CID667139,eBike,Majestic,Shantinagar,,,Not Applicable,Not Applicable,Not Applicable,Not Applicable,256,Not Applicable,0,,
2024-07-05 21:12:00,CNR9566792109,Success,CID228287,Prime Plus,Shivajinagar,RT Nagar,168.0,120.0,Not Applicable,Not Applicable,No,Not Applicable,103,UPI,19,3.9,3.2
2024-07-07 19:51:00,CNR5137022633,Canceled by Driver,CID376647,eBike,RT Nagar,Devanahalli,,,Not Applicable,Customer related issue,Not Applicable,Not Applicable,228,Not Applicable,0,,
2024-07-11 16:33:00,CNR4538036521,Success,CID227988,Prime SUV,HSR Layout,Bellandur,259.0,95.0,Not Applicable,Not Applicable,No,Not Applicable,134,Cash,8,3.1,4.0
2024-07-13 22:34:00,CNR8911474961,Success,CID663946,Bike,Indiranagar,Varthur,287.0,110.0,Not Applicable,Not Applicable,No,Not Applicable,339,UPI,13,4.0,3.9
2024-07-25 05:40:00,CNR2529543988,Success,CID859558,eBike,Majestic,Shantinagar,91.0,50.0,Not Applicable,Not Applicable,No,Not Applicable,228,Cash,44,4.7,4.0
2024-07-22 23:29:00,CNR8173858243,Success,CID162243,Prime SUV,Cox Town,Langford Town,217.0,95.0,Not Applicable,Not Applicable,No,Not Applicable,415,UPI,4,3.2,3.5
2024-07-07 04:55:00,CNR8502021742,Canceled by Driver,CID510089,Prime Sedan,Chickpet,JP Nagar,,,Not Applicable,Personal & Car related issue,Not Applicable,Not Applicable,144,Not Applicable,0,,
2024-07-10 10:37:00,CNR3569673746,Success,CID650234,Prime Plus,Peenya,RT Nagar,231.0,85.0,Not Applicable,Not Applicable,No,Not Applicable,104,Cash,23,3.3,4.6
2024-07-07 06:47:00,CNR2374408621,Canceled by Customer,CID652620,Mini,JP Nagar,Yelahanka,,,Wrong Address,Not Applicable,Not Applicable,Not Applicable,329,Not Applicable,0,,
2024-07-09 07:48:00,CNR6846257934,Success,CID855541,Prime SUV,Sarjapur Road,Yeshwanthpur,98.0,75.0,Not Applicable,Not Applicable,No,Not Applicable,129,Cash,4,3.2,4.3
2024-07-21 13:58:00,CNR2070872924,Canceled by Customer,CID722141,Bike,Ramamurthy Nagar,Sahakar Nagar,,,Change of plans,Not Applicable,Not Applicable,Not Applicable,1220,Not Applicable,0,,
2024-07-13 10:19:00,CNR2777867795,Success,CID724871,Auto,Sarjapur Road,Shivajinagar,189.0,135.0,Not Applicable,Not Applicable,No,Not Applicable,228,Cash,2,3.8,3.6
2024-07-10 08:09:00,CNR4970091600,Success,CID926906,Mini,Shivajinagar,Hebbal,154.0,100.0,Not Applicable,Not Applicable,No,Not Applicable,450,UPI,38,3.3,4.5
2024-07-11 11:41:00,CNR5554533541,Success,CID674853,Prime Plus,Peenya,BTM Layout,182.0,110.0,Not Applicable,Not Applicable,No,Not Applicable,2446,UPI,48,4.0,3.2
2024-07-16 18:25:00,CNR3411978007,Success,CID568927,Auto,RT Nagar,Shivajinagar,56.0,30.0,Not Applicable,Not Applicable,No,Not Applicable,483,Cash,10,3.6,4.4
2024-07-24 09:26:00,CNR1873519042,Success,CID114969,Auto,Varthur,Chamarajpet,189.0,110.0,Not Applicable,Not Applicable,No,Not Applicable,439,Cash,3,4.3,4.9
2024-07-03 12:05:00,CNR1359106103,Canceled by Driver,CID273523,Mini,Whitefield,Malleshwaram,,,Not Applicable,Customer related issue,Not Applicable,Not Applicable,650,Not Applicable,0,,
2024-07-06 23:22:00,CNR2320596291,Canceled by Driver,CID699664,Prime Plus,Kadugodi,Peenya,,,Not Applicable,Personal & Car related issue,Not Applicable,Not Applicable,258,Not Applicable,0,,
2024-07-17 15:05:00,CNR9668516591,Driver Not Found,CID915895,Prime Plus,JP Nagar,Langford Town,,,Not Applicable,Not Applicable,Not Applicable,Not Applicable,299,Not Applicable,0,,
2024-07-20 03:41:00,CNR5877544282,Canceled by Driver,CID145920,Prime Plus,Nagarbhavi,Langford Town,,,Not Applicable,More than permitted people in there,Not Applicable,Not Applicable,265,Not Applicable,0,,
2024-07-20 15:49:00,CNR4529556558,Canceled by Customer,CID485725,Bike,Marathahalli,Peenya,,,AC is Not working,Not Applicable,Not Applicable,Not Applicable,564,Not Applicable,0,,
2024-07-25 17:33:00,CNR6686467704,Canceled by Driver,CID927933,Auto,Yelahanka,Bannerghatta Road,,,Not Applicable,Customer was coughing/sick,Not Applicable,Not Applicable,213,Not Applicable,0,,
2024-07-29 09:09:00,CNR7792914079,Canceled by Driver,CID931747,eBike,Sarjapur Road,Tumkur Road,,,Not Applicable,Personal & Car related issue,Not Applicable,Not Applicable,178,Not Applicable,0,,
2024-07-06 22:01:00,CNR2125654477,Canceled by Customer,CID183063,Prime SUV,JP Nagar,Shantinagar,,,AC is Not working,Not Applicable,Not Applicable,Not Applicable,645,Not Applicable,0,,
2024-07-17 22:32:00,CNR3207070098,Success,CID889900,Auto,JP Nagar,Richmond Town,133.0,145.0,Not Applicable,Not Applicable,No,Not Applicable,896,Cash,13,4.0,3.6
2024-07-28 20:01:00,CNR3608235174,Success,CID671180,Mini,Peenya,Bannerghatta Road,287.0,105.0,Not Applicable,Not Applicable,No,Not Applicable,402,UPI,35,3.1,3.6
2024-07-17 18:01:00,CNR8709594310,Success,CID456463,Prime Plus,Kammanahalli,Marathahalli,280.0,135.0,Not Applicable,Not Applicable,No,Not Applicable,793,UPI,13,4.3,4.5
2024-07-28 05:05:00,CNR8173232259,Success,CID613027,Bike,Langford Town,Kammanahalli,126.0,120.0,Not Applicable,Not Applicable,No,Not Applicable,330,Cash,24,3.4,3.5
2024-07-12 22:29:00,CNR7173089945,Success,CID276320,Bike,Cox Town,Ulsoor,126.0,40.0,Not Applicable,Not Applicable,No,Not Applicable,2098,Cash,48,3.1,3.8
2024-07-23 08:40:00,CNR4013309387,Driver Not Found,CID902912,Mini,Yeshwanthpur,Ramamurthy Nagar,,,Not Applicable,Not Applicable,Not Applicable,Not Applicable,579,Not Applicable,0,,
2024-07-26 04:08:00,CNR4027134429,Success,CID600258,Bike,Ramamurthy Nagar,Sarjapur Road,35.0,75.0,Not Applicable,Not Applicable,No,Not Applicable,437,Cash,14,4.6,4.0
2024-07-26 08:32:00,CNR5589493671,Success,CID369565,Bike,Langford Town,Cox Town,189.0,45.0,Not Applicable,Not Applicable,No,Not Applicable,176,Cash,41,4.8,4.5
2024-07-06 07:07:00,CNR5479469523,Success,CID678961,Bike,Padmanabhanagar,RT Nagar,56.0,125.0,Not Applicable,Not Applicable,No,Not Applicable,273,Cash,10,4.0,3.2
2024-07-04 07:11:00,CNR3643905252,Success,CID496757,eBike,Hennur,Ramamurthy Nagar,49.0,95.0,Not Applicable,Not Applicable,No,Not Applicable,414,Cash,29,3.6,4.2
2024-07-18 16:43:00,CNR9262779109,Success,CID389241,Auto,Devanahalli,Mysore Road,210.0,135.0,Not Applicable,Not Applicable,No,Not Applicable,489,UPI,9,4.5,4.7
2024-07-16 20:27:00,CNR9316712021,Success,CID715148,Prime SUV,Chamarajpet,Hebbal,280.0,30.0,Not Applicable,Not Applicable,No,Not Applicable,493,UPI,37,4.9,3.7
2024-07-15 16:34:00,CNR9241341583,Success,CID416800,eBike,Cox Town,Sarjapur Road,133.0,140.0,Not Applicable,Not Applicable,No,Not Applicable,921,UPI,25,4.8,3.3
2024-07-12 17:08:00,CNR4460286802,Success,CID250440,Prime Sedan,Shivajinagar,Jayanagar,154.0,100.0,Not Applicable,Not Applicable,No,Not Applicable,378,UPI,29,3.8,3.7
2024-07-05 11:56:00,CNR8175085520,Success,CID440220,Prime Plus,Hennur,Vijayanagar,84.0,115.0,Not Applicable,Not Applicable,No,Not Applicable,183,UPI,19,4.1,3.5
2024-07-02 12:00:00,CNR6420885855,Success,CID482439,Prime SUV,Yeshwanthpur,JP Nagar,238.0,110.0,Not Applicable,Not Applicable,No,Not Applicable,204,UPI,17,3.4,4.2
2024-07-10 18:39:00,CNR6337527497,Success,CID637374,Mini,Shivajinagar,Rajajinagar,49.0,125.0,Not Applicable,Not Applicable,No,Not Applicable,453,UPI,22,4.2,4.1
2024-07-05 06:12:00,CNR3096062870,Canceled by Customer,CID937920,Prime Sedan,Varthur,JP Nagar,,,Driver asked to cancel,Not Applicable,Not Applicable,Not Applicable,612,Not Applicable,0,,
2024-07-22 13:30:00,CNR6651944547,Driver Not Found,CID799144,Prime Plus,Malleshwaram,Basavanagudi,,,Not Applicable,Not Applicable,Not Applicable,Not Applicable,389,Not Applicable,0,,
2024-07-18 18:34:00,CNR9586932999,Success,CID335761,Prime SUV,Sarjapur Road,MG Road,217.0,55.0,Not Applicable,Not Applicable,No,Not Applicable,162,UPI,47,3.0,4.4
2024-07-04 13:23:00,CNR3217751104,Success,CID706456,eBike,Cox Town,Yeshwanthpur,287.0,140.0,Not Applicable,Not Applicable,No,Not Applicable,453,Cash,2,4.6,4.9
2024-07-25 15:41:00,CNR4281219646,Driver Not Found,CID998351,eBike,Richmond Town,Koramangala,,,Not Applicable,Not Applicable,Not Applicable,Not Applicable,767,Not Applicable,0,,
2024-07-11 14:29:00,CNR9761784221,Success,CID918416,Prime Plus,Vijayanagar,KR Puram,301.0,125.0,Not Applicable,Not Applicable,No,Not Applicable,388,Cash,31,3.3,3.0
2024-07-16 16:50:00,CNR2588809679,Canceled by Customer,CID720744,Prime SUV,Langford Town,Frazer Town,,,Change of plans,Not Applicable,Not Applicable,Not Applicable,959,Not Applicable,0,,
2024-07-17 23:39:00,CNR2270319578,Success,CID708141,eBike,Sarjapur Road,Padmanabhanagar,266.0,70.0,Not Applicable,Not Applicable,No,Not Applicable,117,Cash,16,5.0,4.7
2024-07-07 04:27:00,CNR7281842560,Success,CID950608,Auto,Kengeri,Malleshwaram,119.0,125.0,Not Applicable,Not Applicable,No,Not Applicable,483,UPI,5,3.8,4.6
2024-07-24 06:58:00,CNR3465603899,Success,CID402699,Bike,Frazer Town,Yelahanka,105.0,125.0,Not Applicable,Not Applicable,No,Not Applicable,134,Cash,41,3.6,3.4
2024-07-04 18:35:00,CNR4412631942,Success,CID728450,Mini,Kengeri,Sarjapur Road,133.0,120.0,Not Applicable,Not Applicable,No,Not Applicable,976,UPI,26,3.6,3.8
2024-07-16 15:40:00,CNR6628766552,Success,CID617730,Prime Plus,Rajajinagar,JP Nagar,280.0,105.0,Not Applicable,Not Applicable,No,Not Applicable,2460,UPI,10,3.9,4.6
2024-07-26 06:52:00,CNR6108952746,Success,CID860322,Mini,Kengeri,Nagarbhavi,56.0,35.0,Not Applicable,Not Applicable,No,Not Applicable,549,Cash,47,4.4,3.9
2024-07-22 18:35:00,CNR2317130594,Success,CID955000,Auto,Hulimavu,Marathahalli,175.0,90.0,Not Applicable,Not Applicable,No,Not Applicable,979,Cash,17,4.8,3.3
2024-07-04 05:46:00,CNR8040169251,Success,CID797264,eBike,Hulimavu,Varthur,175.0,130.0,Not Applicable,Not Applicable,No,Not Applicable,419,UPI,26,4.0,3.5
2024-07-12 13:46:00,CNR6742210682,Success,CID185645,Mini,Jayanagar,Rajarajeshwari Nagar,161.0,85.0,Not Applicable,Not Applicable,No,Not Applicable,163,Cash,11,3.0,3.0
2024-07-28 01:17:00,CNR3270763959,Success,CID393533,eBike,Marathahalli,Banashankari,217.0,30.0,Not Applicable,Not Applicable,No,Not Applicable,732,UPI,36,3.2,3.6
2024-07-21 03:03:00,CNR1009073877,Success,CID206017,Prime SUV,Sahakar Nagar,Kadugodi,301.0,50.0,Not Applicable,Not Applicable,No,Not Applicable,254,UPI,15,4.3,3.9
2024-07-30 01:38:00,CNR7610786879,Canceled by Driver,CID947425,Prime Sedan,Tumkur Road,Langford Town,,,Not Applicable,More than permitted people in there,Not Applicable,Not Applicable,839,Not Applicable,0,,
2024-07-05 06:41:00,CNR7470190643,Canceled by Customer,CID885331,Bike,Cox Town,Hebbal,,,Driver asked to cancel,Not Applicable,Not Applicable,Not Applicable,900,Not Applicable,0,,
2024-07-08 20:39:00,CNR1233987575,Canceled by Driver,CID990351,Prime Plus,Majestic,Hulimavu,,,Not Applicable,Customer related issue,Not Applicable,Not Applicable,294,Not Applicable,0,,
2024-07-14 00:44:00,CNR6980143913,Success,CID707857,Prime SUV,JP Nagar,Sahakar Nagar,77.0,30.0,Not Applicable,Not Applicable,Yes,Vehicle Breakdown,468,Cash,13,4.4,4.4
2024-07-22 07:41:00,CNR1287407237,Success,CID481580,Auto,Whitefield,Sarjapur Road,308.0,115.0,Not Applicable,Not Applicable,No,Not Applicable,291,Cash,7,4.5,4.4
2024-07-17 10:29:00,CNR2617746248,Success,CID247026,eBike,Yelahanka,Richmond Town,98.0,70.0,Not Applicable,Not Applicable,No,Not Applicable,186,UPI,31,4.1,4.4
2024-07-05 09:31:00,CNR4339813002,Driver Not Found,CID662148,Prime Plus,KR Puram,Ulsoor,,,Not Applicable,Not Applicable,Not Applicable,Not Applicable,107,Not Applicable,0,,
2024-07-28 02:25:00,CNR5929096848,Success,CID251778,Mini,Varthur,Electronic City,245.0,70.0,Not Applicable,Not Applicable,No,Not Applicable,468,Credit Card,32,3.8,3.8
2024-07-06 00:16:00,CNR4068056998,Canceled by Customer,CID574363,Prime Plus,Rajajinagar,Nagarbhavi,,,Driver is not moving towards pickup location,Not Applicable,Not Applicable,Not Applicable,273,Not Applicable,0,,
2024-07-18 14:41:00,CNR3327934401,Success,CID755228,Bike,BTM Layout,Whitefield,238.0,25.0,Not Applicable,Not Applicable,No,Not Applicable,279,Cash,15,3.5,4.8
2024-07-17 09:12:00,CNR2279020177,Success,CID796283,Prime Sedan,Magadi Road,Jayanagar,147.0,95.0,Not Applicable,Not Applicable,No,Not Applicable,437,UPI,12,3.9,4.9
2024-07-12 08:16:00,CNR1668823371,Success,CID562651,Prime Plus,JP Nagar,Chamarajpet,91.0,145.0,Not Applicable,Not Applicable,No,Not Applicable,947,UPI,44,3.8,4.9
2024-07-06 00:01:00,CNR8691269067,Success,CID147330,Mini,Jayanagar,Mysore Road,266.0,145.0,Not Applicable,Not Applicable,No,Not Applicable,2725,Cash,26,4.9,4.6
2024-07-20 02:33:00,CNR9149898459,Canceled by Driver,CID236002,Prime Sedan,RT Nagar,Langford Town,,,Not Applicable,Personal & Car related issue,Not Applicable,Not Applicable,287,Not Applicable,0,,
2024-07-10 02:55:00,CNR1105270845,Success,CID940018,Prime Sedan,Ramamurthy Nagar,Padmanabhanagar,42.0,120.0,Not Applicable,Not Applicable,No,Not Applicable,661,Cash,5,3.7,3.1
2024-07-03 18:35:00,CNR9290349038,Canceled by Driver,CID160892,Prime Plus,Banashankari,Nagarbhavi,,,Not Applicable,Personal & Car related issue,Not Applicable,Not Applicable,179,Not Applicable,0,,
2024-07-28 00:43:00,CNR5117163904,Canceled by Driver,CID109421,Prime SUV,Sarjapur Road,Kadugodi,,,Not Applicable,Customer was coughing/sick,Not Applicable,Not Applicable,409,Not Applicable,0,,
2024-07-20 00:59:00,CNR5153051010,Canceled by Driver,CID690699,Prime SUV,Shivajinagar,Hulimavu,,,Not Applicable,Customer was coughing/sick,Not Applicable,Not Applicable,203,Not Applicable,0,,
2024-07-20 20:20:00,CNR7367712909,Success,CID609245,Bike,Nagarbhavi,Tumkur Road,217.0,55.0,Not Applicable,Not Applicable,No,Not Applicable,192,UPI,2,3.6,4.2
2024-07-19 08:34:00,CNR5744696449,Success,CID375423,Prime Sedan,Electronic City,Hulimavu,119.0,35.0,Not Applicable,Not Applicable,No,Not Applicable,251,Cash,12,4.7,3.7
2024-07-17 05:37:00,CNR6930872761,Success,CID310394,Mini,Rajajinagar,Bellandur,182.0,80.0,Not Applicable,Not Applicable,No,Not Applicable,111,Cash,42,3.6,4.8
2024-07-08 03:25:00,CNR7718698129,Success,CID687602,eBike,Shivajinagar,Hennur,266.0,135.0,Not Applicable,Not Applicable,Yes,Vehicle Breakdown,442,UPI,45,3.5,4.2
2024-07-30 15:00:00,CNR5897916479,Success,CID634399,Prime Plus,Basavanagudi,Indiranagar,259.0,60.0,Not Applicable,Not Applicable,No,Not Applicable,654,UPI,31,3.6,4.1
2024-07-05 19:48:00,CNR5874417012,Success,CID780141,Mini,Malleshwaram,Hebbal,210.0,60.0,Not Applicable,Not Applicable,No,Not Applicable,672,Cash,29,4.6,3.8
2024-07-05 16:37:00,CNR9082817960,Success,CID686486,Prime Sedan,Richmond Town,Devanahalli,189.0,135.0,Not Applicable,Not Applicable,Yes,Vehicle Breakdown,184,Cash,22,4.5,4.3
2024-07-27 09:18:00,CNR7080469801,Success,CID953336,Mini,Yeshwanthpur,Jayanagar,35.0,125.0,Not Applicable,Not Applicable,Yes,Other Issue,832,UPI,39,3.9,3.3
2024-07-09 00:57:00,CNR8525701953,Canceled by Driver,CID473992,eBike,Varthur,Varthur,,,Not Applicable,Personal & Car related issue,Not Applicable,Not Applicable,463,Not Applicable,0,,
2024-07-10 19:12:00,CNR8522218923,Success,CID897201,Auto,Sahakar Nagar,Frazer Town,126.0,115.0,Not Applicable,Not Applicable,No,Not Applicable,952,UPI,1,4.5,5.0
2024-07-25 16:37:00,CNR7935438705,Success,CID867383,eBike,Hennur,Chamarajpet,84.0,105.0,Not Applicable,Not Applicable,No,Not Applicable,147,UPI,21,4.9,3.6
2024-07-06 17:33:00,CNR5832448047,Success,CID914900,Prime Sedan,RT Nagar,Langford Town,70.0,105.0,Not Applicable,Not Applicable,No,Not Applicable,661,Cash,11,4.5,4.9
2024-07-23 05:22:00,CNR7181338424,Success,CID339308,Mini,Electronic City,Frazer Town,112.0,85.0,Not Applicable,Not Applicable,No,Not Applicable,439,Cash,4,4.6,3.6
2024-07-06 13:08:00,CNR7261287766,Canceled by Driver,CID399102,Prime Plus,Yeshwanthpur,Indiranagar,,,Not Applicable,More than permitted people in there,Not Applicable,Not Applicable,251,Not Applicable,0,,
2024-07-18 23:14:00,CNR2078517496,Success,CID246838,eBike,BTM Layout,Chickpet,175.0,50.0,Not Applicable,Not Applicable,No,Not Applicable,733,Cash,24,4.4,3.3
2024-07-24 06:43:00,CNR9176575560,Driver Not Found,CID813067,Prime Plus,Chickpet,Hennur,,,Not Applicable,Not Applicable,Not Applicable,Not Applicable,1919,Not Applicable,0,,
2024-07-16 07:17:00,CNR5903969009,Canceled by Driver,CID768201,Prime SUV,KR Puram,Electronic City,,,Not Applicable,Personal & Car related issue,Not Applicable,Not Applicable,167,Not Applicable,0,,
2024-07-02 23:55:00,CNR5409650918,Success,CID151451,eBike,Yeshwanthpur,Mysore Road,119.0,145.0,Not Applicable,Not Applicable,No,Not Applicable,1501,Cash,4,3.1,4.7
2024-07-04 02:02:00,CNR5232895605,Driver Not Found,CID440981,Prime Plus,Varthur,Peenya,,,Not Applicable,Not Applicable,Not Applicable,Not Applicable,505,Not Applicable,0,,
2024-07-09 20:21:00,CNR2263215654,Success,CID580158,Bike,Richmond Town,Rajajinagar,231.0,75.0,Not Applicable,Not Applicable,No,Not Applicable,588,Cash,17,3.1,3.2
2024-07-03 17:53:00,CNR2432086769,Canceled by Driver,CID209318,Auto,Kammanahalli,Langford Town,,,Not Applicable,More than permitted people in there,Not Applicable,Not Applicable,699,Not Applicable,0,,
2024-07-26 03:46:00,CNR5083650107,Canceled by Driver,CID329430,eBike,Jayanagar,Kadugodi,,,Not Applicable,Customer related issue,Not Applicable,Not Applicable,2229,Not Applicable,0,,
2024-07-07 17:36:00,CNR5989806423,Canceled by Driver,CID384319,Auto,HSR Layout,Bannerghatta Road,,,Not Applicable,Personal & Car related issue,Not Applicable,Not Applicable,294,Not Applicable,0,,
2024-07-19 21:56:00,CNR4834154761,Driver Not Found,CID711897,Mini,Indiranagar,Hulimavu,,,Not Applicable,Not Applicable,Not Applicable,Not Applicable,304,Not Applicable,0,,
2024-07-08 20:40:00,CNR5692938177,Success,CID222734,Auto,Malleshwaram,Majestic,119.0,115.0,Not Applicable,Not Applicable,No,Not Applicable,286,Cash,9,3.0,4.8
2024-07-07 01:44:00,CNR3756158810,Canceled by Customer,CID678153,Prime Plus,Chickpet,Padmanabhanagar,,,Driver is not moving towards pickup location,Not Applicable,Not Applicable,Not Applicable,630,Not Applicable,0,,
2024-07-10 12:04:00,CNR1514283530,Success,CID891707,Mini,Koramangala,Shantinagar,154.0,120.0,Not Applicable,Not Applicable,No,Not Applicable,272,UPI,4,3.3,4.9
2024-07-19 13:29:00,CNR7626550296,Success,CID486026,Prime SUV,KR Puram,Koramangala,266.0,30.0,Not Applicable,Not Applicable,No,Not Applicable,1271,Cash,44,4.8,4.1
2024-07-22 11:42:00,CNR1854207906,Canceled by Customer,CID456382,Prime Sedan,Tumkur Road,Sarjapur Road,,,Change of plans,Not Applicable,Not Applicable,Not Applicable,235,Not Applicable,0,,
2024-07-29 10:25:00,CNR4015346358,Success,CID978610,Bike,Majestic,HSR Layout,161.0,35.0,Not Applicable,Not Applicable,No,Not Applicable,1540,Cash,6,4.9,4.4
2024-07-06 20:06:00,CNR4857051951,Success,CID899169,Prime SUV,Banashankari,Sahakar Nagar,203.0,25.0,Not Applicable,Not Applicable,No,Not Applicable,396,Cash,46,3.7,4.6
2024-07-23 05:33:00,CNR1294756414,Success,CID625002,eBike,Frazer Town,Chamarajpet,266.0,25.0,Not Applicable,Not Applicable,No,Not Applicable,961,Cash,37,4.6,4.1
2024-07-21 11:22:00,CNR6414535957,Success,CID682791,Prime Plus,Varthur,Richmond Town,126.0,140.0,Not Applicable,Not Applicable,No,Not Applicable,393,Credit Card,44,4.6,4.3
2024-07-09 22:54:00,CNR6305273468,Success,CID748489,Prime Plus,Ulsoor,Magadi Road,266.0,135.0,Not Applicable,Not Applicable,No,Not Applicable,492,Cash,30,3.0,3.9
2024-07-01 12:07:00,CNR5128905935,Canceled by Driver,CID377574,Mini,Hennur,Sahakar Nagar,,,Not Applicable,More than permitted people in there,Not Applicable,Not Applicable,339,Not Applicable,0,,
2024-07-29 02:59:00,CNR6685816654,Success,CID644485,Mini,HSR Layout,JP Nagar,231.0,55.0,Not Applicable,Not Applicable,No,Not Applicable,214,UPI,47,4.5,4.4
2024-07-29 12:11:00,CNR6072699956,Success,CID106994,eBike,Shivajinagar,Cox Town,259.0,55.0,Not Applicable,Not Applicable,No,Not Applicable,237,UPI,3,3.9,3.9
2024-07-28 08:42:00,CNR6821023913,Success,CID902434,Prime Sedan,Chamarajpet,Rajajinagar,56.0,75.0,Not Applicable,Not Applicable,No,Not Applicable,470,Cash,48,4.5,3.5
2024-07-12 09:55:00,CNR5812180324,Success,CID613165,Auto,Malleshwaram,Indiranagar,217.0,145.0,Not Applicable,Not Applicable,No,Not Applicable,135,Cash,13,3.4,4.9
2024-07-21 15:54:00,CNR7518884633,Driver Not Found,CID427671,Prime SUV,Varthur,Koramangala,,,Not Applicable,Not Applicable,Not Applicable,Not Applicable,865,Not Applicable,0,,
2024-07-08 19:34:00,CNR2498058395,Canceled by Driver,CID111951,Auto,Richmond Town,Jayanagar,,,Not Applicable,More than permitted people in there,Not Applicable,Not Applicable,2044,Not Applicable,0,,
2024-07-14 20:36:00,CNR5222580754,Canceled by Driver,CID554213,Bike,Hennur,Shantinagar,,,Not Applicable,Personal & Car related issue,Not Applicable,Not Applicable,958,Not Applicable,0,,
2024-07-30 18:28:00,CNR6678209482,Canceled by Driver,CID854945,Prime Plus,RT Nagar,HSR Layout,,,Not Applicable,Personal & Car related issue,Not Applicable,Not Applicable,427,Not Applicable,0,,
2024-07-15 01:27:00,CNR2234807665,Canceled by Customer,CID951851,Mini,BTM Layout,Shivajinagar,,,Driver asked to cancel,Not Applicable,Not Applicable,Not Applicable,165,Not Applicable,0,,
2024-07-08 15:57:00,CNR1589449422,Success,CID850590,eBike,Kammanahalli,Basavanagudi,63.0,135.0,Not Applicable,Not Applicable,No,Not Applicable,141,Cash,35,5.0,4.9
2024-07-16 06:42:00,CNR4300454154,Success,CID289230,eBike,Sarjapur Road,BTM Layout,196.0,80.0,Not Applicable,Not Applicable,No,Not Applicable,151,Cash,21,4.9,3.2
2024-07-14 07:59:00,CNR6448164425,Success,CID835216,eBike,Hulimavu,Indiranagar,91.0,80.0,Not Applicable,Not Applicable,No,Not Applicable,2425,UPI,41,4.3,4.9
2024-07-11 02:54:00,CNR7704831719,Success,CID439551,Prime SUV,Hosur Road,Jayanagar,70.0,45.0,Not Applicable,Not Applicable,No,Not Applicable,275,UPI,21,4.9,3.8
2024-07-29 20:52:00,CNR3764670254,Canceled by Driver,CID497538,eBike,Padmanabhanagar,JP Nagar,,,Not Applicable,More than permitted people in there,Not Applicable,Not Applicable,220,Not Applicable,0,,
2024-07-29 02:09:00,CNR2496373253,Success,CID491373,Prime SUV,Kengeri,BTM Layout,259.0,45.0,Not Applicable,Not Applicable,No,Not Applicable,404,Cash,1,3.8,3.5
2024-07-09 12:41:00,CNR5399656546,Driver Not Found,CID792367,eBike,MG Road,Richmond Town,,,Not Applicable,Not Applicable,Not Applicable,Not Applicable,313,Not Applicable,0,,
2024-07-27 10:12:00,CNR5467427127,Success,CID365095,Prime Sedan,Sarjapur Road,Padmanabhanagar,196.0,85.0,Not Applicable,Not Applicable,Yes,Customer Demand,812,Cash,28,3.6,4.3
2024-07-08 06:42:00,CNR5964401897,Canceled by Driver,CID130379,Prime Sedan,Ulsoor,Sarjapur Road,,,Not Applicable,Personal & Car related issue,Not Applicable,Not Applicable,169,Not Applicable,0,,
2024-07-01 08:53:00,CNR1358358057,Success,CID194558,Prime Sedan,Vijayanagar,Sarjapur Road,175.0,90.0,Not Applicable,Not Applicable,No,Not Applicable,264,UPI,5,4.1,4.8
2024-07-15 04:17:00,CNR2095434091,Success,CID952486,eBike,Richmond Town,Hennur,203.0,135.0,Not Applicable,Not Applicable,No,Not Applicable,1557,UPI,35,4.9,4.6
2024-07-10 10:40:00,CNR1525924977,Driver Not Found,CID822309,Prime SUV,Yelahanka,Shivajinagar,,,Not Applicable,Not Applicable,Not Applicable,Not Applicable,346,Not Applicable,0,,
2024-07-04 03:39:00,CNR9111880795,Canceled by Driver,CID391368,Prime SUV,Tumkur Road,Whitefield,,,Not Applicable,Customer related issue,Not Applicable,Not Applicable,417,Not Applicable,0,,
2024-07-30 14:54:00,CNR5000267608,Driver Not Found,CID759056,Prime Plus,JP Nagar,Basavanagudi,,,Not Applicable,Not Applicable,Not Applicable,Not Applicable,468,Not Applicable,0,,
2024-07-19 04:20:00,CNR3301089618,Success,CID903776,Prime Plus,Hulimavu,Ulsoor,133.0,65.0,Not Applicable,Not Applicable,No,Not Applicable,488,Cash,39,4.8,3.1
2024-07-09 23:34:00,CNR7896513005,Success,CID740759,Bike,Ulsoor,Kengeri,196.0,70.0,Not Applicable,Not Applicable,No,Not Applicable,300,Cash,42,4.0,4.3
2024-07-02 14:53:00,CNR2655873771,Success,CID798634,Prime Sedan,Malleshwaram,Hulimavu,294.0,130.0,Not Applicable,Not Applicable,No,Not Applicable,1433,Cash,1,4.3,4.0
2024-07-23 06:51:00,CNR4847780778,Success,CID377492,Prime Sedan,Tumkur Road,Kadugodi,84.0,125.0,Not Applicable,Not Applicable,No,Not Applicable,179,Cash,23,3.7,4.2
2024-07-08 00:37:00,CNR7356130646,Success,CID308713,eBike,Chickpet,Vijayanagar,91.0,65.0,Not Applicable,Not Applicable,No,Not Applicable,374,Debit Card,31,3.2,4.2
2024-07-26 11:42:00,CNR9012693301,Success,CID737852,eBike,Hulimavu,Kammanahalli,308.0,55.0,Not Applicable,Not Applicable,No,Not Applicable,348,UPI,33,4.0,3.5
2024-07-24 22:05:00,CNR1268774285,Success,CID344882,Prime Plus,Bellandur,Marathahalli,49.0,70.0,Not Applicable,Not Applicable,No,Not Applicable,248,Cash,46,3.9,3.9
2024-07-09 13:04:00,CNR6079714714,Success,CID629529,Prime SUV,Yeshwanthpur,Chickpet,266.0,35.0,Not Applicable,Not Applicable,No,Not Applicable,2688,Cash,20,4.1,4.5
2024-07-20 02:07:00,CNR2048496615,Success,CID314461,Prime Sedan,Ulsoor,Indiranagar,119.0,105.0,Not Applicable,Not Applicable,No,Not Applicable,224,UPI,21,4.3,3.5
2024-07-14 09:21:00,CNR7213750853,Canceled by Driver,CID704781,Mini,Sahakar Nagar,Malleshwaram,,,Not Applicable,Customer related issue,Not Applicable,Not Applicable,158,Not Applicable,0,,
2024-07-06 20:48:00,CNR1826317313,Success,CID995615,eBike,Hulimavu,Sahakar Nagar,238.0,90.0,Not Applicable,Not Applicable,No,Not Applicable,429,UPI,4,3.6,4.3
2024-07-23 19:33:00,CNR8145645593,Driver Not Found,CID887010,Auto,Ulsoor,Peenya,,,Not Applicable,Not Applicable,Not Applicable,Not Applicable,265,Not Applicable,0,,
2024-07-13 02:57:00,CNR1576848042,Canceled by Driver,CID717821,Prime SUV,Varthur,Hosur Road,,,Not Applicable,Customer was coughing/sick,Not Applicable,Not Applicable,236,Not Applicable,0,,
2024-07-10 07:36:00,CNR2121370096,Success,CID192175,Mini,Marathahalli,Chickpet,112.0,105.0,Not Applicable,Not Applicable,No,Not Applicable,191,UPI,4,3.9,3.0
2024-07-17 01:13:00,CNR1723990705,Success,CID463275,Bike,Devanahalli,Majestic,252.0,35.0,Not Applicable,Not Applicable,No,Not Applicable,472,Credit Card,4,3.8,4.2
2024-07-14 09:35:00,CNR1611435470,Success,CID628666,Bike,Hennur,Chickpet,294.0,130.0,Not Applicable,Not Applicable,No,Not Applicable,473,Cash,28,4.7,4.5
2024-07-12 01:06:00,CNR2871456829,Success,CID463576,Auto,Kadugodi,Kadugodi,182.0,95.0,Not Applicable,Not Applicable,No,Not Applicable,265,UPI,14,3.6,4.3
2024-07-25 19:53:00,CNR8327516761,Success,CID702605,eBike,Ramamurthy Nagar,Jayanagar,42.0,75.0,Not Applicable,Not Applicable,No,Not Applicable,161,Debit Card,6,3.3,3.4
2024-07-02 01:51:00,CNR9578903642,Success,CID988645,Auto,KR Puram,Indiranagar,105.0,50.0,Not Applicable,Not Applicable,No,Not Applicable,133,Cash,19,3.7,3.6
2024-07-02 19:16:00,CNR4375406407,Canceled by Customer,CID416138,Prime SUV,Majestic,Rajarajeshwari Nagar,,,Driver asked to cancel,Not Applicable,Not Applicable,Not Applicable,292,Not Applicable,0,,
2024-07-18 00:31:00,CNR4766955400,Success,CID685679,Prime Plus,Malleshwaram,Varthur,133.0,50.0,Not Applicable,Not Applicable,No,Not Applicable,489,UPI,17,3.1,4.5
2024-07-02 05:32:00,CNR9327138820,Success,CID636560,Auto,Koramangala,Devanahalli,252.0,95.0,Not Applicable,Not Applicable,No,Not Applicable,966,UPI,2,3.9,4.3
2024-07-28 21:52:00,CNR6542420130,Success,CID884250,Prime Sedan,Indiranagar,Vijayanagar,70.0,135.0,Not Applicable,Not Applicable,No,Not Applicable,237,Cash,43,4.9,4.3
2024-07-11 16:10:00,CNR8021892777,Canceled by Driver,CID129800,Prime Plus,Ulsoor,Bannerghatta Road,,,Not Applicable,Customer related issue,Not Applicable,Not Applicable,125,Not Applicable,0,,
2024-07-01 00:25:00,CNR3819396508,Canceled by Driver,CID939247,Auto,Shivajinagar,Hennur,,,Not Applicable,Personal & Car related issue,Not Applicable,Not Applicable,513,Not Applicable,0,,
2024-07-26 02:55:00,CNR3616922509,Success,CID273410,eBike,Koramangala,Varthur,224.0,110.0,Not Applicable,Not Applicable,No,Not Applicable,2512,Cash,48,3.7,4.9
2024-07-19 22:54:00,CNR3701680141,Success,CID555055,Auto,Marathahalli,HSR Layout,301.0,90.0,Not Applicable,Not Applicable,No,Not Applicable,645,UPI,16,4.3,4.1
2024-07-01 17:56:00,CNR9801481669,Canceled by Customer,CID316079,Mini,Vijayanagar,JP Nagar,,,Driver is not moving towards pickup location,Not Applicable,Not Applicable,Not Applicable,147,Not Applicable,0,,
2024-07-28 03:46:00,CNR2989673514,Success,CID303221,Prime Plus,Hulimavu,Shivajinagar,287.0,110.0,Not Applicable,Not Applicable,No,Not Applicable,161,Cash,10,3.3,4.1
2024-07-04 18:46:00,CNR3624252275,Driver Not Found,CID921612,Prime Plus,Sahakar Nagar,Richmond Town,,,Not Applicable,Not Applicable,Not Applicable,Not Applicable,434,Not Applicable,0,,
2024-07-22 18:08:00,CNR8818183780,Success,CID249007,Auto,Frazer Town,Langford Town,126.0,130.0,Not Applicable,Not Applicable,No,Not Applicable,235,Cash,9,4.7,4.8
2024-07-17 03:57:00,CNR9567391762,Canceled by Driver,CID526741,Prime Sedan,Malleshwaram,Bannerghatta Road,,,Not Applicable,Personal & Car related issue,Not Applicable,Not Applicable,465,Not Applicable,0,,
2024-07-16 17:03:00,CNR3241668942,Canceled by Driver,CID980043,Prime SUV,Shivajinagar,Cox Town,,,Not Applicable,Customer was coughing/sick,Not Applicable,Not Applicable,264,Not Applicable,0,,
2024-07-19 03:13:00,CNR8617649074,Success,CID828369,Mini,Electronic City,Yelahanka,273.0,140.0,Not Applicable,Not Applicable,No,Not Applicable,258,UPI,47,4.9,4.4
2024-07-21 09:28:00,CNR3645657529,Canceled by Driver,CID933786,Prime Plus,Koramangala,RT Nagar,,,Not Applicable,Personal & Car related issue,Not Applicable,Not Applicable,272,Not Applicable,0,,
2024-07-05 00:15:00,CNR8174378660,Success,CID696723,Prime Plus,Richmond Town,Nagarbhavi,308.0,70.0,Not Applicable,Not Applicable,No,Not Applicable,215,Cash,40,4.1,3.6
2024-07-15 18:05:00,CNR2717001816,Success,CID126454,eBike,Marathahalli,Majestic,49.0,110.0,Not Applicable,Not Applicable,No,Not Applicable,146,Cash,16,4.1,3.3
2024-07-23 06:55:00,CNR5384393390,Success,CID598542,Prime Plus,Kammanahalli,Koramangala,77.0,100.0,Not Applicable,Not Applicable,No,Not Applicable,833,UPI,45,4.6,3.6
2024-07-30 03:07:00,CNR6948718802,Canceled by Customer,CID719959,Auto,Shivajinagar,Majestic,,,Driver asked to cancel,Not Applicable,Not Applicable,Not Applicable,286,Not Applicable,0,,
2024-07-27 18:32:00,CNR9319245501,Success,CID869810,Bike,Whitefield,Rajarajeshwari Nagar,91.0,75.0,Not Applicable,Not Applicable,No,Not Applicable,559,Cash,13,4.5,3.2
2024-07-21 08:55:00,CNR2154519272,Success,CID616973,Bike,Bellandur,Shantinagar,119.0,60.0,Not Applicable,Not Applicable,Yes,Customer Demand,102,Cash,41,3.8,3.4
2024-07-03 22:57:00,CNR4520745383,Canceled by Driver,CID625492,Bike,Ulsoor,Kadugodi,,,Not Applicable,Customer related issue,Not Applicable,Not Applicable,1170,Not Applicable,0,,
2024-07-10 21:06:00,CNR1440259852,Canceled by Customer,CID834895,Mini,Cox Town,MG Road,,,Change of plans,Not Applicable,Not Applicable,Not Applicable,243,Not Applicable,0,,
2024-07-12 11:32:00,CNR7370126256,Success,CID505698,Auto,Magadi Road,Varthur,140.0,125.0,Not Applicable,Not Applicable,No,Not Applicable,201,UPI,17,4.8,4.4
2024-07-20 01:19:00,CNR6180598718,Canceled by Driver,CID295132,Auto,Whitefield,Marathahalli,,,Not Applicable,Personal & Car related issue,Not Applicable,Not Applicable,846,Not Applicable,0,,
2024-07-28 01:27:00,CNR8636415433,Success,CID453992,Prime Plus,Frazer Town,Vijayanagar,175.0,95.0,Not Applicable,Not Applicable,No,Not Applicable,295,UPI,30,4.8,4.1
2024-07-21 00:23:00,CNR7390159458,Canceled by Customer,CID520034,Prime SUV,KR Puram,MG Road,,,Driver is not moving towards pickup location,Not Applicable,Not Applicable,Not Applicable,985,Not Applicable,0,,
2024-07-29 23:39:00,CNR2466028365,Success,CID676207,Prime Plus,Shantinagar,KR Puram,224.0,75.0,Not Applicable,Not Applicable,No,Not Applicable,330,Cash,39,3.5,3.8
2024-07-29 05:21:00,CNR8473040071,Success,CID242145,eBike,Kammanahalli,Majestic,294.0,90.0,Not Applicable,Not Applicable,No,Not Applicable,352,UPI,18,4.2,4.0
2024-07-06 06:34:00,CNR1575877811,Success,CID322040,Prime Plus,Marathahalli,Richmond Town,301.0,45.0,Not Applicable,Not Applicable,No,Not Applicable,290,UPI,9,4.1,3.2
2024-07-03 14:37:00,CNR8947858799,Success,CID986281,Prime SUV,Electronic City,Marathahalli,84.0,135.0,Not Applicable,Not Applicable,No,Not Applicable,300,Cash,24,4.4,4.1
2024-07-13 11:50:00,CNR7142954738,Success,CID746433,eBike,MG Road,Rajarajeshwari Nagar,126.0,35.0,Not Applicable,Not Applicable,No,Not Applicable,207,UPI,19,4.5,3.8
2024-07-02 08:45:00,CNR1737786814,Success,CID157732,Mini,Shantinagar,Shantinagar,301.0,55.0,Not Applicable,Not Applicable,No,Not Applicable,128,UPI,28,3.6,3.3
2024-07-08 22:10:00,CNR8060198515,Canceled by Driver,CID492043,Bike,Langford Town,BTM Layout,,,Not Applicable,Customer related issue,Not Applicable,Not Applicable,2608,Not Applicable,0,,
2024-07-17 20:03:00,CNR8522915189,Success,CID592626,Prime Sedan,Jayanagar,KR Puram,182.0,65.0,Not Applicable,Not Applicable,No,Not Applicable,487,UPI,11,4.6,3.0
2024-07-25 22:15:00,CNR7532377749,Success,CID560964,Prime SUV,Sarjapur Road,Nagarbhavi,147.0,90.0,Not Applicable,Not Applicable,No,Not Applicable,336,Cash,25,4.0,5.0
2024-07-05 02:03:00,CNR3604303735,Success,CID974271,Mini,BTM Layout,Yeshwanthpur,231.0,50.0,Not Applicable,Not Applicable,No,Not Applicable,616,UPI,17,4.1,4.7
2024-07-22 09:52:00,CNR9143210316,Success,CID255863,eBike,Hebbal,Yeshwanthpur,259.0,50.0,Not Applicable,Not Applicable,No,Not Applicable,313,UPI,39,4.3,3.8
2024-07-21 20:26:00,CNR7920649262,Driver Not Found,CID561803,Auto,Chamarajpet,Bannerghatta Road,,,Not Applicable,Not Applicable,Not Applicable,Not Applicable,302,Not Applicable,0,,
2024-07-11 09:20:00,CNR7927804323,Success,CID439545,eBike,Vijayanagar,Kengeri,280.0,125.0,Not Applicable,Not Applicable,No,Not Applicable,2714,Cash,43,3.6,4.9
2024-07-04 18:51:00,CNR2277343650,Success,CID406262,Bike,Padmanabhanagar,Malleshwaram,175.0,75.0,Not Applicable,Not Applicable,No,Not Applicable,133,Cash,1,4.9,3.9
2024-07-09 02:30:00,CNR9141393057,Success,CID149191,Prime Plus,Kammanahalli,Vijayanagar,273.0,50.0,Not Applicable,Not Applicable,No,Not Applicable,419,UPI,3,3.2,4.0
2024-07-18 02:29:00,CNR5049700386,Canceled by Customer,CID291040,Auto,Magadi Road,HSR Layout,,,AC is Not working,Not Applicable,Not Applicable,Not Applicable,113,Not Applicable,0,,
2024-07-02 14:19:00,CNR3265754032,Success,CID317254,Bike,Kadugodi,Tumkur Road,35.0,40.0,Not Applicable,Not Applicable,No,Not Applicable,252,Cash,49,3.2,3.0
2024-07-07 05:13:00,CNR2067901153,Success,CID990863,eBike,BTM Layout,Hulimavu,84.0,110.0,Not Applicable,Not Applicable,No,Not Applicable,2872,Cash,41,3.5,4.6
2024-07-10 18:13:00,CNR2933525623,Success,CID840475,Mini,Bellandur,JP Nagar,301.0,40.0,Not Applicable,Not Applicable,No,Not Applicable,366,Cash,5,3.7,3.1
2024-07-26 18:32:00,CNR2033288403,Canceled by Driver,CID290558,Prime Plus,Chickpet,Ramamurthy Nagar,,,Not Applicable,Personal & Car related issue,Not Applicable,Not Applicable,274,Not Applicable,0,,
2024-07-20 19:14:00,CNR4651910512,Success,CID178021,Auto,Nagarbhavi,Peenya,42.0,135.0,Not Applicable,Not Applicable,No,Not Applicable,115,Cash,13,4.8,4.6
2024-07-10 00:26:00,CNR8259275836,Success,CID288567,Prime Plus,Sahakar Nagar,Varthur,175.0,45.0,Not Applicable,Not Applicable,No,Not Applicable,470,Cash,48,3.2,4.7
2024-07-13 10:08:00,CNR4033850009,Success,CID884911,Prime Plus,HSR Layout,Langford Town,189.0,100.0,Not Applicable,Not Applicable,No,Not Applicable,472,UPI,4,3.2,4.9
2024-07-01 23:53:00,CNR9901822785,Success,CID551187,Prime Sedan,Bellandur,Magadi Road,259.0,80.0,Not Applicable,Not Applicable,No,Not Applicable,148,UPI,45,4.2,3.7
2024-07-17 03:28:00,CNR6580957466,Driver Not Found,CID493966,Prime SUV,Langford Town,BTM Layout,,,Not Applicable,Not Applicable,Not Applicable,Not Applicable,1120,Not Applicable,0,,
2024-07-06 19:10:00,CNR7619535798,Success,CID642967,Mini,Vijayanagar,Chickpet,259.0,120.0,Not Applicable,Not Applicable,No,Not Applicable,584,Cash,7,3.6,4.1
2024-07-06 08:01:00,CNR7902622961,Success,CID344683,Auto,Cox Town,Sarjapur Road,168.0,110.0,Not Applicable,Not Applicable,No,Not Applicable,315,Cash,11,3.5,4.6
2024-07-24 09:10:00,CNR8725396782,Canceled by Customer,CID899059,Bike,Magadi Road,Whitefield,,,Change of plans,Not Applicable,Not Applicable,Not Applicable,103,Not Applicable,0,,
2024-07-25 09:38:00,CNR5296179117,Canceled by Customer,CID685005,Prime Plus,Basavanagudi,Malleshwaram,,,Driver asked to cancel,Not Applicable,Not Applicable,Not Applicable,914,Not Applicable,0,,
2024-07-26 12:29:00,CNR2845523913,Success,CID626904,Prime Plus,Indiranagar,Yelahanka,63.0,25.0,Not Applicable,Not Applicable,No,Not Applicable,279,UPI,14,3.9,4.3
2024-07-27 07:02:00,CNR7091705907,Success,CID570721,eBike,Majestic,Ulsoor,280.0,135.0,Not Applicable,Not Applicable,No,Not Applicable,986,UPI,4,4.2,3.8
2024-07-25 12:52:00,CNR5401470071,Success,CID274939,Prime Sedan,Rajarajeshwari Nagar,RT Nagar,308.0,125.0,Not Applicable,Not Applicable,No,Not Applicable,126,UPI,49,3.9,3.8
2024-07-30 14:49:00,CNR7507500842,Success,CID855809,Bike,Whitefield,Kammanahalli,98.0,65.0,Not Applicable,Not Applicable,No,Not Applicable,151,UPI,27,4.1,4.5
2024-07-19 17:12:00,CNR5761032455,Success,CID691393,Prime Sedan,Devanahalli,Tumkur Road,294.0,100.0,Not Applicable,Not Applicable,No,Not Applicable,104,UPI,23,3.8,3.5
2024-07-10 07:55:00,CNR7624173153,Canceled by Driver,CID302335,Auto,Richmond Town,Richmond Town,,,Not Applicable,Customer related issue,Not Applicable,Not Applicable,934,Not Applicable,0,,
2024-07-05 11:47:00,CNR3196686779,Canceled by Driver,CID511064,Prime Sedan,Electronic City,Frazer Town,,,Not Applicable,More than permitted people in there,Not Applicable,Not Applicable,2983,Not Applicable,0,,
2024-07-02 02:30:00,CNR5565170028,Canceled by Driver,CID686823,Mini,Vijayanagar,Shivajinagar,,,Not Applicable,More than permitted people in there,Not Applicable,Not Applicable,200,Not Applicable,0,,
2024-07-14 07:32:00,CNR8513540175,Success,CID626536,eBike,Marathahalli,Banashankari,196.0,65.0,Not Applicable,Not Applicable,No,Not Applicable,228,UPI,23,4.7,4.2
2024-07-22 16:20:00,CNR8840080215,Canceled by Customer,CID702363,Auto,Bannerghatta Road,Frazer Town,,,Driver asked to cancel,Not Applicable,Not Applicable,Not Applicable,332,Not Applicable,0,,
2024-07-19 15:48:00,CNR5218218557,Success,CID551387,Prime Plus,Kadugodi,Kammanahalli,287.0,65.0,Not Applicable,Not Applicable,No,Not Applicable,417,Cash,39,4.3,4.3
2024-07-27 23:30:00,CNR2643311299,Success,CID148480,Prime Plus,Ulsoor,Sahakar Nagar,119.0,60.0,Not Applicable,Not Applicable,No,Not Applicable,200,UPI,14,3.4,3.5
2024-07-15 07:59:00,CNR4375396823,Success,CID712872,Prime SUV,Shivajinagar,Ramamurthy Nagar,42.0,75.0,Not Applicable,Not Applicable,No,Not Applicable,615,UPI,24,4.8,3.6
2024-07-09 19:32:00,CNR3879491081,Canceled by Driver,CID101267,Prime Sedan,Kadugodi,Richmond Town,,,Not Applicable,More than permitted people in there,Not Applicable,Not Applicable,744,Not Applicable,0,,
2024-07-16 03:01:00,CNR6688211283,Success,CID903544,Mini,Cox Town,Devanahalli,35.0,30.0,Not Applicable,Not Applicable,No,Not Applicable,638,Cash,26,4.4,4.6
2024-07-18 18:20:00,CNR1666895028,Success,CID591678,Mini,Chamarajpet,Cox Town,245.0,100.0,Not Applicable,Not Applicable,No,Not Applicable,871,UPI,6,4.1,3.1
2024-07-23 23:04:00,CNR2377863270,Success,CID608740,Auto,Shivajinagar,Padmanabhanagar,42.0,115.0,Not Applicable,Not Applicable,No,Not Applicable,484,Cash,1,3.8,4.2
2024-07-30 14:45:00,CNR8465572754,Canceled by Driver,CID557111,Auto,Bannerghatta Road,Langford Town,,,Not Applicable,More than permitted people in there,Not Applicable,Not Applicable,2961,Not Applicable,0,,
2024-07-13 20:13:00,CNR7139198769,Success,CID457563,Prime Sedan,Langford Town,Kengeri,105.0,85.0,Not Applicable,Not Applicable,No,Not Applicable,210,UPI,5,3.5,5.0
2024-07-18 12:56:00,CNR9137186725,Success,CID193960,Prime Plus,Nagarbhavi,Indiranagar,119.0,70.0,Not Applicable,Not Applicable,No,Not Applicable,402,UPI,26,4.2,3.1
2024-07-15 19:53:00,CNR1151350872,Success,CID337175,Mini,Malleshwaram,Kadugodi,98.0,125.0,Not Applicable,Not Applicable,No,Not Applicable,632,UPI,49,4.6,4.0
2024-07-14 04:48:00,CNR4402095269,Success,CID553036,Bike,MG Road,Bannerghatta Road,63.0,40.0,Not Applicable,Not Applicable,Yes,Customer Demand,214,Cash,13,4.2,3.0
2024-07-17 03:50:00,CNR5428579915,Canceled by Customer,CID300642,Bike,Ramamurthy Nagar,Shivajinagar,,,Wrong Address,Not Applicable,Not Applicable,Not Applicable,350,Not Applicable,0,,
2024-07-06 13:16:00,CNR6966506926,Success,CID937411,eBike,Hebbal,Jayanagar,84.0,95.0,Not Applicable,Not Applicable,No,Not Applicable,418,Cash,24,4.6,4.4
2024-07-25 01:05:00,CNR5641708849,Success,CID219586,eBike,Magadi Road,Rajarajeshwari Nagar,280.0,60.0,Not Applicable,Not Applicable,No,Not Applicable,310,UPI,18,3.3,4.5
2024-07-22 15:55:00,CNR6183149898,Success,CID121503,Auto,Varthur,Varthur,182.0,30.0,Not Applicable,Not Applicable,No,Not Applicable,320,Cash,3,3.1,3.7
2024-07-04 13:47:00,CNR3442489228,Success,CID654345,Prime Sedan,Ramamurthy Nagar,Shivajinagar,301.0,80.0,Not Applicable,Not Applicable,No,Not Applicable,105,UPI,46,4.8,3.9
2024-07-22 20:52:00,CNR6386872689,Success,CID215883,Prime SUV,Hulimavu,Jayanagar,189.0,70.0,Not Applicable,Not Applicable,No,Not Applicable,498,Cash,25,3.8,3.4
2024-07-26 18:18:00,CNR8015895845,Success,CID887471,eBike,Nagarbhavi,Whitefield,259.0,40.0,Not Applicable,Not Applicable,No,Not Applicable,421,UPI,29,3.3,3.9
2024-07-25 14:09:00,CNR5052370574,Success,CID472301,eBike,Nagarbhavi,Majestic,140.0,120.0,Not Applicable,Not Applicable,No,Not Applicable,701,UPI,21,3.6,4.3
2024-07-19 16:54:00,CNR7231308515,Success,CID341218,eBike,Richmond Town,Shantinagar,273.0,35.0,Not Applicable,Not Applicable,No,Not Applicable,344,Cash,14,4.3,3.4
2024-07-05 14:27:00,CNR6275125921,Success,CID679323,Bike,HSR Layout,Marathahalli,287.0,70.0,Not Applicable,Not Applicable,No,Not Applicable,254,UPI,5,4.7,4.3
2024-07-09 07:01:00,CNR5882608788,Success,CID570953,Prime Plus,MG Road,Banashankari,189.0,115.0,Not Applicable,Not Applicable,No,Not Applicable,223,Cash,49,4.2,3.6
2024-07-13 09:40:00,CNR8159955494,Canceled by Driver,CID331849,Mini,Peenya,Yelahanka,,,Not Applicable,Customer related issue,Not Applicable,Not Applicable,118,Not Applicable,0,,
2024-07-28 15:14:00,CNR4283891568,Success,CID456154,Prime Sedan,Sarjapur Road,Padmanabhanagar,56.0,80.0,Not Applicable,Not Applicable,No,Not Applicable,995,Cash,13,3.6,4.9
2024-07-26 15:41:00,CNR4657101640,Success,CID982391,Prime SUV,Richmond Town,Langford Town,112.0,140.0,Not Applicable,Not Applicable,No,Not Applicable,190,UPI,49,4.1,4.5
2024-07-28 04:56:00,CNR9915893103,Success,CID867056,eBike,Vijayanagar,Rajajinagar,224.0,65.0,Not Applicable,Not Applicable,No,Not Applicable,377,Cash,21,4.4,4.4
2024-07-25 10:17:00,CNR5973097261,Success,CID618464,Prime Plus,Cox Town,Tumkur Road,182.0,115.0,Not Applicable,Not Applicable,No,Not Applicable,2221,UPI,47,4.2,3.8
2024-07-27 23:57:00,CNR4631453976,Success,CID148116,Prime Sedan,Banashankari,Mysore Road,245.0,25.0,Not Applicable,Not Applicable,No,Not Applicable,287,Debit Card,47,4.9,4.3
2024-07-26 05:51:00,CNR3239655899,Success,CID503455,Prime Plus,Ramamurthy Nagar,Sarjapur Road,140.0,30.0,Not Applicable,Not Applicable,No,Not Applicable,317,Cash,29,4.3,4.8
2024-07-04 21:45:00,CNR4516466920,Driver Not Found,CID132563,eBike,Kadugodi,Devanahalli,,,Not Applicable,Not Applicable,Not Applicable,Not Applicable,676,Not Applicable,0,,
2024-07-11 05:51:00,CNR5452264006,Canceled by Customer,CID224993,eBike,Basavanagudi,Richmond Town,,,Change of plans,Not Applicable,Not Applicable,Not Applicable,515,Not Applicable,0,,
2024-07-12 22:14:00,CNR7634758851,Canceled by Driver,CID818520,Prime SUV,Padmanabhanagar,Malleshwaram,,,Not Applicable,Personal & Car related issue,Not Applicable,Not Applicable,256,Not Applicable,0,,
2024-07-25 11:22:00,CNR3807351862,Driver Not Found,CID788967,Prime Plus,Malleshwaram,Peenya,,,Not Applicable,Not Applicable,Not Applicable,Not Applicable,130,Not Applicable,0,,
2024-07-17 09:25:00,CNR1209986418,Success,CID361759,Bike,BTM Layout,Peenya,147.0,70.0,Not Applicable,Not Applicable,No,Not Applicable,1401,Cash,43,4.5,3.4
2024-07-08 17:40:00,CNR9468042027,Success,CID506387,Prime Plus,Varthur,Hosur Road,70.0,70.0,Not Applicable,Not Applicable,No,Not Applicable,374,UPI,10,4.5,3.3
2024-07-27 21:40:00,CNR7795064157,Success,CID519767,Prime Plus,BTM Layout,Hosur Road,119.0,65.0,Not Applicable,Not Applicable,No,Not Applicable,368,UPI,43,4.1,3.2
2024-07-14 01:47:00,CNR6622559348,Success,CID844990,eBike,Frazer Town,Vijayanagar,49.0,30.0,Not Applicable,Not Applicable,No,Not Applicable,486,UPI,40,3.1,3.1
2024-07-05 19:39:00,CNR8527437951,Canceled by Customer,CID435233,Prime SUV,Bellandur,Peenya,,,Driver is not moving towards pickup location,Not Applicable,Not Applicable,Not Applicable,119,Not Applicable,0,,
2024-07-29 10:16:00,CNR6868711561,Success,CID158382,Mini,Banashankari,Whitefield,35.0,55.0,Not Applicable,Not Applicable,No,Not Applicable,147,Cash,11,3.8,5.0
2024-07-01 00:45:00,CNR7776513080,Driver Not Found,CID222355,Bike,HSR Layout,Bellandur,,,Not Applicable,Not Applicable,Not Applicable,Not Applicable,732,Not Applicable,0,,
2024-07-01 05:03:00,CNR8551500963,Canceled by Customer,CID723451,Bike,Rajajinagar,Rajajinagar,,,Change of plans,Not Applicable,Not Applicable,Not Applicable,941,Not Applicable,0,,
2024-07-07 06:31:00,CNR7743029045,Canceled by Customer,CID976918,Bike,Varthur,Chamarajpet,,,AC is Not working,Not Applicable,Not Applicable,Not Applicable,649,Not Applicable,0,,
2024-07-10 21:03:00,CNR1642009477,Success,CID255298,Mini,Tumkur Road,Bannerghatta Road,147.0,40.0,Not Applicable,Not Applicable,No,Not Applicable,256,Cash,20,4.4,4.4
2024-07-28 19:15:00,CNR3293148011,Canceled by Driver,CID609245,Prime Plus,Marathahalli,Indiranagar,,,Not Applicable,Customer related issue,Not Applicable,Not Applicable,434,Not Applicable,0,,
2024-07-30 18:01:00,CNR6361901637,Driver Not Found,CID961533,Mini,Sarjapur Road,Rajarajeshwari Nagar,,,Not Applicable,Not Applicable,Not Applicable,Not Applicable,113,Not Applicable,0,,
2024-07-29 07:26:00,CNR3555576680,Success,CID337223,Mini,Devanahalli,Magadi Road,126.0,115.0,Not Applicable,Not Applicable,No,Not Applicable,964,Cash,6,5.0,3.3
2024-07-27 01:08:00,CNR7299738520,Success,CID294432,Prime SUV,Vijayanagar,Magadi Road,217.0,65.0,Not Applicable,Not Applicable,Yes,Customer Demand,2155,Cash,41,4.5,4.8
2024-07-02 08:58:00,CNR2287171534,Canceled by Driver,CID423489,Auto,Shantinagar,Shantinagar,,,Not Applicable,Customer related issue,Not Applicable,Not Applicable,667,Not Applicable,0,,
2024-07-26 14:28:00,CNR4722326379,Success,CID454502,Prime SUV,Electronic City,Tumkur Road,301.0,80.0,Not Applicable,Not Applicable,No,Not Applicable,2674,Cash,30,4.0,4.7
2024-07-22 22:00:00,CNR8698657456,Success,CID304788,Prime SUV,Kadugodi,HSR Layout,35.0,55.0,Not Applicable,Not Applicable,No,Not Applicable,203,Cash,25,3.5,3.2
2024-07-13 03:36:00,CNR5920214788,Success,CID590824,eBike,Chamarajpet,Koramangala,70.0,75.0,Not Applicable,Not Applicable,No,Not Applicable,650,Cash,44,4.1,4.0
2024-07-22 16:58:00,CNR6296086508,Success,CID925950,Prime Sedan,KR Puram,RT Nagar,119.0,25.0,Not Applicable,Not Applicable,No,Not Applicable,304,UPI,14,3.7,3.7
2024-07-29 08:38:00,CNR9654494818,Canceled by Customer,CID396312,Prime Sedan,Chickpet,BTM Layout,,,Change of plans,Not Applicable,Not Applicable,Not Applicable,2300,Not Applicable,0,,
2024-07-10 21:01:00,CNR4903320691,Success,CID730224,Prime Sedan,Chickpet,Chickpet,308.0,120.0,Not Applicable,Not Applicable,No,Not Applicable,187,Cash,32,3.3,4.4
2024-07-20 12:51:00,CNR6197728451,Canceled by Customer,CID822521,Prime Sedan,Yelahanka,Padmanabhanagar,,,Driver is not moving towards pickup location,Not Applicable,Not Applicable,Not Applicable,260,Not Applicable,0,,
2024-07-11 04:15:00,CNR5171424355,Success,CID906133,Bike,KR Puram,Shantinagar,105.0,50.0,Not Applicable,Not Applicable,No,Not Applicable,2056,Cash,13,3.8,3.4
2024-07-12 14:05:00,CNR2651590654,Success,CID695707,eBike,Bannerghatta Road,BTM Layout,56.0,35.0,Not Applicable,Not Applicable,No,Not Applicable,750,UPI,12,3.3,4.2
2024-07-24 22:46:00,CNR1713217036,Success,CID589224,Prime Sedan,Hebbal,Indiranagar,98.0,80.0,Not Applicable,Not Applicable,No,Not Applicable,135,Cash,47,4.3,4.5
2024-07-08 12:34:00,CNR6182231865,Success,CID830767,Auto,Shivajinagar,KR Puram,84.0,135.0,Not Applicable,Not Applicable,No,Not Applicable,423,Cash,8,3.4,4.8
2024-07-18 19:01:00,CNR1664017213,Success,CID595552,Prime Sedan,Kengeri,Padmanabhanagar,42.0,90.0,Not Applicable,Not Applicable,No,Not Applicable,258,Cash,36,4.5,3.1
2024-07-25 06:53:00,CNR7675361550,Canceled by Driver,CID429176,Mini,Devanahalli,Yeshwanthpur,,,Not Applicable,Customer related issue,Not Applicable,Not Applicable,451,Not Applicable,0,,
2024-07-27 03:39:00,CNR1204725216,Canceled by Customer,CID314310,eBike,Nagarbhavi,Hosur Road,,,Driver is not moving towards pickup location,Not Applicable,Not Applicable,Not Applicable,376,Not Applicable,0,,
2024-07-18 12:27:00,CNR1050281240,Driver Not Found,CID494852,Auto,Indiranagar,Peenya,,,Not Applicable,Not Applicable,Not Applicable,Not Applicable,288,Not Applicable,0,,
2024-07-30 02:51:00,CNR2351893377,Success,CID820620,Auto,Ramamurthy Nagar,Whitefield,126.0,110.0,Not Applicable,Not Applicable,Yes,Customer Demand,371,UPI,17,3.2,3.4
2024-07-26 07:47:00,CNR9203262657,Driver Not Found,CID336611,eBike,Shantinagar,MG Road,,,Not Applicable,Not Applicable,Not Applicable,Not Applicable,257,Not Applicable,0,,
2024-07-09 15:03:00,CNR8314915144,Canceled by Driver,CID204935,Prime SUV,Kadugodi,Bannerghatta Road,,,Not Applicable,Customer was coughing/sick,Not Applicable,Not Applicable,897,Not Applicable,0,,
2024-07-25 01:30:00,CNR6414180599,Success,CID545440,eBike,Yeshwanthpur,Sahakar Nagar,147.0,100.0,Not Applicable,Not Applicable,No,Not Applicable,183,UPI,41,4.5,4.4
2024-07-04 09:06:00,CNR7248816392,Success,CID228722,Prime Plus,Devanahalli,Marathahalli,301.0,35.0,Not Applicable,Not Applicable,No,Not Applicable,325,Cash,35,4.8,3.6
2024-07-09 21:41:00,CNR6891473431,Success,CID870760,eBike,Tumkur Road,Kadugodi,224.0,40.0,Not Applicable,Not Applicable,Yes,Customer Demand,346,Cash,10,4.1,3.4
2024-07-25 21:31:00,CNR4044111785,Success,CID760612,eBike,Richmond Town,BTM Layout,189.0,30.0,Not Applicable,Not Applicable,No,Not Applicable,2771,Cash,8,4.6,3.3
2024-07-08 22:25:00,CNR2739409294,Success,CID634644,Prime SUV,Kammanahalli,Mysore Road,77.0,75.0,Not Applicable,Not Applicable,No,Not Applicable,362,UPI,32,4.5,4.8
2024-07-16 03:51:00,CNR6672900771,Success,CID522461,Prime Plus,KR Puram,Whitefield,259.0,95.0,Not Applicable,Not Applicable,No,Not Applicable,2586,UPI,28,4.7,4.4
2024-07-06 10:43:00,CNR1006526739,Canceled by Customer,CID287596,Auto,Ulsoor,Kadugodi,,,Driver is not moving towards pickup location,Not Applicable,Not Applicable,Not Applicable,266,Not Applicable,0,,
2024-07-25 08:13:00,CNR9952924469,Canceled by Driver,CID411122,Bike,Sarjapur Road,Yelahanka,,,Not Applicable,Customer related issue,Not Applicable,Not Applicable,121,Not Applicable,0,,
2024-07-02 21:27:00,CNR7109881291,Success,CID593899,eBike,Yelahanka,Richmond Town,294.0,75.0,Not Applicable,Not Applicable,Yes,Customer Demand,483,Debit Card,25,4.9,3.4
2024-07-03 13:21:00,CNR8827707398,Success,CID440371,Auto,Langford Town,Cox Town,112.0,105.0,Not Applicable,Not Applicable,No,Not Applicable,953,UPI,1,4.0,3.4
2024-07-04 22:57:00,CNR4739018232,Success,CID364980,Auto,Yelahanka,Marathahalli,49.0,120.0,Not Applicable,Not Applicable,No,Not Applicable,156,Cash,2,4.9,4.8
2024-07-29 12:52:00,CNR2797157426,Canceled by Customer,CID103379,Mini,Shivajinagar,Chickpet,,,Change of plans,Not Applicable,Not Applicable,Not Applicable,169,Not Applicable,0,,
2024-07-18 00:55:00,CNR1167600664,Success,CID609651,eBike,Electronic City,Tumkur Road,112.0,100.0,Not Applicable,Not Applicable,No,Not Applicable,443,UPI,23,3.8,3.7
2024-07-24 12:59:00,CNR8430711257,Canceled by Driver,CID245696,Auto,Hennur,Koramangala,,,Not Applicable,Customer related issue,Not Applicable,Not Applicable,2511,Not Applicable,0,,
2024-07-14 15:51:00,CNR2596996474,Canceled by Driver,CID795078,Prime Sedan,Basavanagudi,Hebbal,,,Not Applicable,Customer was coughing/sick,Not Applicable,Not Applicable,132,Not Applicable,0,,
2024-07-21 11:24:00,CNR4761086743,Canceled by Driver,CID162513,Prime Sedan,Kammanahalli,Varthur,,,Not Applicable,Customer related issue,Not Applicable,Not Applicable,2197,Not Applicable,0,,
2024-07-08 15:36:00,CNR3872499443,Success,CID969752,Bike,Shantinagar,Koramangala,259.0,45.0,Not Applicable,Not Applicable,No,Not Applicable,154,Cash,20,4.5,3.6
2024-07-01 21:22:00,CNR4648452586,Canceled by Driver,CID712727,Prime SUV,Yeshwanthpur,Chamarajpet,,,Not Applicable,More than permitted people in there,Not Applicable,Not Applicable,799,Not Applicable,0,,
2024-07-17 22:52:00,CNR9012089205,Success,CID276531,eBike,Varthur,Yelahanka,175.0,40.0,Not Applicable,Not Applicable,No,Not Applicable,136,Cash,47,3.9,3.3
2024-07-26 15:25:00,CNR4090328008,Success,CID908278,Prime Plus,Yeshwanthpur,Banashankari,210.0,40.0,Not Applicable,Not Applicable,No,Not Applicable,262,UPI,43,4.1,3.4
2024-07-28 01:13:00,CNR8437310960,Success,CID109549,Prime Plus,Nagarbhavi,KR Puram,56.0,60.0,Not Applicable,Not Applicable,No,Not Applicable,324,Cash,30,3.8,4.5
2024-07-07 18:29:00,CNR2472903673,Driver Not Found,CID557477,Prime SUV,Bannerghatta Road,HSR Layout,,,Not Applicable,Not Applicable,Not Applicable,Not Applicable,257,Not Applicable,0,,
2024-07-27 20:30:00,CNR1389592537,Success,CID414590,Bike,Rajarajeshwari Nagar,MG Road,42.0,135.0,Not Applicable,Not Applicable,Yes,Other Issue,2495,Cash,49,3.1,3.7
2024-07-26 03:43:00,CNR3821930969,Success,CID491117,Auto,Tumkur Road,Koramangala,252.0,105.0,Not Applicable,Not Applicable,No,Not Applicable,333,UPI,4,4.5,4.2
2024-07-14 17:12:00,CNR3820005673,Driver Not Found,CID995020,Prime Plus,RT Nagar,Kadugodi,,,Not Applicable,Not Applicable,Not Applicable,Not Applicable,591,Not Applicable,0,,
2024-07-13 12:37:00,CNR6834834202,Success,CID215560,Mini,Hebbal,Yelahanka,238.0,45.0,Not Applicable,Not Applicable,No,Not Applicable,193,UPI,35,3.8,4.0
2024-07-16 06:24:00,CNR7881447387,Success,CID711320,Prime Sedan,Hosur Road,MG Road,161.0,55.0,Not Applicable,Not Applicable,No,Not Applicable,540,UPI,34,3.9,4.3
2024-07-24 18:24:00,CNR1403120155,Success,CID583370,Prime Sedan,Yelahanka,Tumkur Road,301.0,55.0,Not Applicable,Not Applicable,No,Not Applicable,477,UPI,37,4.5,3.1
2024-07-21 17:42:00,CNR9705720793,Success,CID276932,Prime Plus,Padmanabhanagar,Nagarbhavi,126.0,105.0,Not Applicable,Not Applicable,No,Not Applicable,445,Cash,22,3.6,3.3
2024-07-28 06:11:00,CNR2989848766,Success,CID303494,eBike,Rajarajeshwari Nagar,KR Puram,217.0,25.0,Not Applicable,Not Applicable,No,Not Applicable,458,Credit Card,39,3.1,4.7
2024-07-22 06:43:00,CNR4879360272,Canceled by Driver,CID193222,eBike,Ramamurthy Nagar,Ulsoor,,,Not Applicable,Customer related issue,Not Applicable,Not Applicable,238,Not Applicable,0,,
2024-07-29 12:26:00,CNR6422372584,Canceled by Driver,CID435830,Prime Plus,Shivajinagar,Hosur Road,,,Not Applicable,Customer was coughing/sick,Not Applicable,Not Applicable,403,Not Applicable,0,,
2024-07-23 00:12:00,CNR3116756504,Success,CID938426,eBike,Hosur Road,Kammanahalli,63.0,40.0,Not Applicable,Not Applicable,No,Not Applicable,647,Cash,6,4.6,3.7
2024-07-28 00:43:00,CNR8130820705,Success,CID994541,Prime SUV,Rajajinagar,Chickpet,308.0,95.0,Not Applicable,Not Applicable,No,Not Applicable,801,Cash,18,3.8,3.2
2024-07-23 16:58:00,CNR1672159798,Success,CID538545,eBike,Majestic,Chamarajpet,91.0,115.0,Not Applicable,Not Applicable,No,Not Applicable,133,Cash,18,4.5,3.7
2024-07-24 11:20:00,CNR3000027756,Success,CID119457,Prime SUV,Tumkur Road,Magadi Road,119.0,135.0,Not Applicable,Not Applicable,No,Not Applicable,410,Cash,40,3.5,3.5
2024-07-27 08:47:00,CNR6045191573,Canceled by Driver,CID491752,Prime SUV,Bellandur,Frazer Town,,,Not Applicable,Customer was coughing/sick,Not Applicable,Not Applicable,481,Not Applicable,0,,
2024-07-15 12:00:00,CNR8789556872,Canceled by Customer,CID605937,Bike,Bannerghatta Road,Magadi Road,,,Driver asked to cancel,Not Applicable,Not Applicable,Not Applicable,468,Not Applicable,0,,
2024-07-19 11:17:00,CNR9359475398,Success,CID273779,Prime SUV,Padmanabhanagar,Sarjapur Road,126.0,115.0,Not Applicable,Not Applicable,No,Not Applicable,119,UPI,47,4.8,4.8
2024-07-08 06:15:00,CNR1981996704,Success,CID319361,Prime Sedan,Whitefield,Yeshwanthpur,196.0,30.0,Not Applicable,Not Applicable,No,Not Applicable,449,Cash,38,4.3,3.7
2024-07-01 05:35:00,CNR4932701008,Success,CID816476,Prime SUV,Electronic City,Majestic,259.0,110.0,Not Applicable,Not Applicable,No,Not Applicable,358,UPI,49,4.6,3.5
2024-07-19 02:23:00,CNR4230171669,Success,CID473351,Auto,Kadugodi,Mysore Road,168.0,85.0,Not Applicable,Not Applicable,No,Not Applicable,482,UPI,8,4.5,4.3
2024-07-19 21:54:00,CNR5793885667,Success,CID264940,Bike,Hulimavu,HSR Layout,280.0,45.0,Not Applicable,Not Applicable,No,Not Applicable,263,UPI,19,3.0,3.7
2024-07-08 00:42:00,CNR5387567411,Success,CID883167,Prime SUV,Kammanahalli,Rajarajeshwari Nagar,308.0,45.0,Not Applicable,Not Applicable,No,Not Applicable,315,UPI,22,4.1,3.9
2024-07-09 07:09:00,CNR9309927665,Success,CID251334,Prime SUV,Yeshwanthpur,Chickpet,210.0,90.0,Not Applicable,Not Applicable,Yes,Vehicle Breakdown,456,UPI,43,3.6,4.6
2024-07-23 22:29:00,CNR8651426386,Success,CID165509,Prime SUV,JP Nagar,Mysore Road,189.0,95.0,Not Applicable,Not Applicable,No,Not Applicable,1219,UPI,22,4.6,3.7
2024-07-08 14:33:00,CNR4122951380,Canceled by Customer,CID955657,eBike,Yelahanka,RT Nagar,,,Driver asked to cancel,Not Applicable,Not Applicable,Not Applicable,420,Not Applicable,0,,
2024-07-12 11:41:00,CNR7887851583,Driver Not Found,CID733657,Bike,Yelahanka,Electronic City,,,Not Applicable,Not Applicable,Not Applicable,Not Applicable,1519,Not Applicable,0,,
2024-07-18 07:45:00,CNR2632668741,Success,CID944713,Prime SUV,Yelahanka,Richmond Town,196.0,125.0,Not Applicable,Not Applicable,No,Not Applicable,850,Cash,39,4.3,4.5
2024-07-21 07:29:00,CNR8150742004,Success,CID213332,Auto,Cox Town,Koramangala,280.0,95.0,Not Applicable,Not Applicable,No,Not Applicable,636,Cash,8,3.1,3.3
2024-07-04 01:12:00,CNR4711316843,Success,CID898681,eBike,Indiranagar,RT Nagar,210.0,50.0,Not Applicable,Not Applicable,No,Not Applicable,378,UPI,8,4.2,4.3
2024-07-09 16:41:00,CNR4134885792,Success,CID487892,Auto,Magadi Road,Koramangala,203.0,100.0,Not Applicable,Not Applicable,Yes,Customer Demand,719,UPI,9,3.9,3.7
2024-07-18 06:22:00,CNR5798270071,Success,CID496896,Bike,Rajarajeshwari Nagar,HSR Layout,294.0,50.0,Not Applicable,Not Applicable,No,Not Applicable,335,UPI,31,4.6,3.1
2024-07-07 11:17:00,CNR7491519969,Success,CID388270,Prime Plus,Koramangala,Nagarbhavi,266.0,25.0,Not Applicable,Not Applicable,No,Not Applicable,479,Cash,7,4.1,3.3
2024-07-02 20:54:00,CNR3837913797,Driver Not Found,CID899054,Prime Sedan,Vijayanagar,Nagarbhavi,,,Not Applicable,Not Applicable,Not Applicable,Not Applicable,955,Not Applicable,0,,
2024-07-21 13:49:00,CNR4360160953,Success,CID386315,Prime Sedan,Kadugodi,Kadugodi,77.0,105.0,Not Applicable,Not Applicable,No,Not Applicable,193,Cash,30,3.6,4.4
2024-07-02 20:53:00,CNR5745500527,Success,CID505735,Prime Sedan,Rajajinagar,Vijayanagar,252.0,95.0,Not Applicable,Not Applicable,No,Not Applicable,588,UPI,4,3.4,3.9
2024-07-30 10:29:00,CNR4077898845,Success,CID807321,eBike,Banashankari,Varthur,161.0,135.0,Not Applicable,Not Applicable,No,Not Applicable,101,Credit Card,32,3.9,4.3
2024-07-02 04:38:00,CNR6688452272,Success,CID672696,Prime Plus,Majestic,Bannerghatta Road,77.0,100.0,Not Applicable,Not Applicable,No,Not Applicable,103,Cash,44,4.7,3.2
2024-07-07 09:40:00,CNR2071097478,Success,CID836159,eBike,Sahakar Nagar,Jayanagar,84.0,105.0,Not Applicable,Not Applicable,No,Not Applicable,400,Cash,41,3.1,3.6
2024-07-03 03:15:00,CNR9707529637,Success,CID393384,Auto,Tumkur Road,Yeshwanthpur,77.0,40.0,Not Applicable,Not Applicable,No,Not Applicable,658,Cash,18,4.4,3.4
2024-07-23 17:12:00,CNR5756725876,Success,CID115008,eBike,Indiranagar,Indiranagar,98.0,140.0,Not Applicable,Not Applicable,No,Not Applicable,198,Cash,26,3.4,3.2
2024-07-25 16:25:00,CNR3113183601,Success,CID125154,Mini,Shantinagar,Jayanagar,77.0,135.0,Not Applicable,Not Applicable,No,Not Applicable,495,Cash,16,3.0,3.0
2024-07-15 02:12:00,CNR6576768810,Driver Not Found,CID845741,eBike,Shantinagar,Rajajinagar,,,Not Applicable,Not Applicable,Not Applicable,Not Applicable,251,Not Applicable,0,,
2024-07-26 19:59:00,CNR9047018035,Success,CID175029,eBike,Mysore Road,HSR Layout,133.0,80.0,Not Applicable,Not Applicable,No,Not Applicable,177,Cash,29,3.9,4.6
2024-07-29 02:59:00,CNR9745660194,Canceled by Driver,CID153672,eBike,Rajarajeshwari Nagar,Padmanabhanagar,,,Not Applicable,Personal & Car related issue,Not Applicable,Not Applicable,221,Not Applicable,0,,
2024-07-06 03:04:00,CNR8462343253,Success,CID269620,Bike,Sarjapur Road,Hulimavu,63.0,135.0,Not Applicable,Not Applicable,No,Not Applicable,939,Cash,25,5.0,3.1
2024-07-23 03:05:00,CNR3755615692,Canceled by Driver,CID219353,Prime SUV,Chamarajpet,Kammanahalli,,,Not Applicable,Personal & Car related issue,Not Applicable,Not Applicable,299,Not Applicable,0,,
2024-07-14 19:19:00,CNR9921326535,Canceled by Driver,CID694075,Bike,Kadugodi,Koramangala,,,Not Applicable,Customer was coughing/sick,Not Applicable,Not Applicable,438,Not Applicable,0,,
2024-07-12 05:25:00,CNR5251027530,Success,CID990418,Mini,Ulsoor,Peenya,63.0,85.0,Not Applicable,Not Applicable,No,Not Applicable,506,Cash,32,5.0,4.0
2024-07-06 09:23:00,CNR2467378463,Success,CID443742,Auto,Kadugodi,Nagarbhavi,217.0,30.0,Not Applicable,Not Applicable,No,Not Applicable,666,UPI,16,4.3,4.0
2024-07-16 04:38:00,CNR4412181206,Driver Not Found,CID368910,Prime SUV,Cox Town,Shantinagar,,,Not Applicable,Not Applicable,Not Applicable,Not Applicable,422,Not Applicable,0,,
2024-07-10 08:11:00,CNR9861013456,Driver Not Found,CID414651,Auto,Indiranagar,BTM Layout,,,Not Applicable,Not Applicable,Not Applicable,Not Applicable,349,Not Applicable,0,,
2024-07-23 08:11:00,CNR5282441001,Canceled by Customer,CID735095,Prime SUV,Mysore Road,Koramangala,,,Driver is not moving towards pickup location,Not Applicable,Not Applicable,Not Applicable,798,Not Applicable,0,,
2024-07-07 07:47:00,CNR8617668249,Canceled by Customer,CID869865,Auto,Tumkur Road,Whitefield,,,Driver is not moving towards pickup location,Not Applicable,Not Applicable,Not Applicable,218,Not Applicable,0,,
2024-07-23 22:56:00,CNR8621695682,Canceled by Driver,CID145335,eBike,Devanahalli,Vijayanagar,,,Not Applicable,Personal & Car related issue,Not Applicable,Not Applicable,317,Not Applicable,0,,
2024-07-06 19:05:00,CNR2312769976,Driver Not Found,CID957972,Prime SUV,Jayanagar,Ramamurthy Nagar,,,Not Applicable,Not Applicable,Not Applicable,Not Applicable,730,Not Applicable,0,,
2024-07-17 15:45:00,CNR8753792643,Success,CID337608,Bike,Devanahalli,Mysore Road,56.0,130.0,Not Applicable,Not Applicable,No,Not Applicable,383,Cash,35,3.2,3.8
2024-07-12 11:35:00,CNR7561217517,Canceled by Driver,CID191851,eBike,Shivajinagar,Jayanagar,,,Not Applicable,Customer related issue,Not Applicable,Not Applicable,107,Not Applicable,0,,
2024-07-25 01:07:00,CNR7149293491,Canceled by Driver,CID386530,Bike,Hosur Road,Majestic,,,Not Applicable,Customer was coughing/sick,Not Applicable,Not Applicable,446,Not Applicable,0,,
2024-07-19 05:31:00,CNR5783897164,Success,CID244484,eBike,Frazer Town,Sarjapur Road,203.0,30.0,Not Applicable,Not Applicable,No,Not Applicable,241,UPI,26,3.2,3.3
2024-07-04 05:59:00,CNR2547530821,Success,CID556344,Auto,Bannerghatta Road,Mysore Road,91.0,130.0,Not Applicable,Not Applicable,No,Not Applicable,2062,Cash,19,4.4,4.3
2024-07-27 09:00:00,CNR5040942408,Driver Not Found,CID275782,Mini,Sahakar Nagar,Tumkur Road,,,Not Applicable,Not Applicable,Not Applicable,Not Applicable,472,Not Applicable,0,,
2024-07-27 05:23:00,CNR9976738181,Canceled by Customer,CID968173,Auto,Ramamurthy Nagar,RT Nagar,,,Driver asked to cancel,Not Applicable,Not Applicable,Not Applicable,114,Not Applicable,0,,
2024-07-27 00:38:00,CNR4982532691,Success,CID157654,eBike,Varthur,Magadi Road,35.0,100.0,Not Applicable,Not Applicable,No,Not Applicable,2634,Cash,5,3.5,4.3
2024-07-23 04:19:00,CNR5646902440,Success,CID148986,eBike,Indiranagar,BTM Layout,140.0,40.0,Not Applicable,Not Applicable,No,Not Applicable,139,UPI,27,4.3,4.2
2024-07-21 01:16:00,CNR7846856316,Driver Not Found,CID348731,Auto,Rajarajeshwari Nagar,Basavanagudi,,,Not Applicable,Not Applicable,Not Applicable,Not Applicable,174,Not Applicable,0,,
2024-07-05 10:49:00,CNR4286945044,Driver Not Found,CID681010,Bike,Rajajinagar,BTM Layout,,,Not Applicable,Not Applicable,Not Applicable,Not Applicable,337,Not Applicable,0,,
2024-07-13 22:51:00,CNR2316230117,Driver Not Found,CID301335,Prime Sedan,KR Puram,MG Road,,,Not Applicable,Not Applicable,Not Applicable,Not Applicable,967,Not Applicable,0,,
2024-07-29 00:12:00,CNR7362069593,Success,CID375909,eBike,Peenya,Marathahalli,42.0,70.0,Not Applicable,Not Applicable,No,Not Applicable,982,Debit Card,22,3.0,4.5
2024-07-22 04:04:00,CNR5293416591,Success,CID696475,Prime Plus,Vijayanagar,Whitefield,182.0,60.0,Not Applicable,Not Applicable,No,Not Applicable,252,UPI,21,4.9,4.8
2024-07-26 14:51:00,CNR5744475237,Canceled by Driver,CID374713,Mini,MG Road,Kammanahalli,,,Not Applicable,Customer related issue,Not Applicable,Not Applicable,714,Not Applicable,0,,
2024-07-29 19:43:00,CNR1325775519,Canceled by Driver,CID166397,eBike,Tumkur Road,Chickpet,,,Not Applicable,More than permitted people in there,Not Applicable,Not Applicable,344,Not Applicable,0,,
2024-07-08 18:00:00,CNR9779013005,Canceled by Driver,CID812401,eBike,MG Road,Jayanagar,,,Not Applicable,Personal & Car related issue,Not Applicable,Not Applicable,963,Not Applicable,0,,
2024-07-22 01:09:00,CNR9571862799,Success,CID752210,Bike,Rajajinagar,Malleshwaram,231.0,40.0,Not Applicable,Not Applicable,Yes,Vehicle Breakdown,231,UPI,15,3.1,3.6
2024-07-07 10:55:00,CNR5799996825,Driver Not Found,CID706522,Mini,Kengeri,Basavanagudi,,,Not Applicable,Not Applicable,Not Applicable,Not Applicable,406,Not Applicable,0,,
2024-07-21 10:21:00,CNR9544023160,Success,CID453231,eBike,Ulsoor,Basavanagudi,280.0,135.0,Not Applicable,Not Applicable,No,Not Applicable,165,UPI,3,3.5,4.2
2024-07-18 02:31:00,CNR4310809205,Canceled by Driver,CID445032,Prime Sedan,Electronic City,Tumkur Road,,,Not Applicable,More than permitted people in there,Not Applicable,Not Applicable,369,Not Applicable,0,,
2024-07-21 22:17:00,CNR6082289472,Success,CID679852,eBike,KR Puram,Vijayanagar,182.0,35.0,Not Applicable,Not Applicable,No,Not Applicable,485,Cash,37,3.6,3.5
2024-07-20 19:36:00,CNR7223824168,Canceled by Customer,CID136892,Prime SUV,Nagarbhavi,Kammanahalli,,,Wrong Address,Not Applicable,Not Applicable,Not Applicable,503,Not Applicable,0,,
2024-07-30 21:52:00,CNR7300661222,Canceled by Driver,CID518053,Auto,Shivajinagar,JP Nagar,,,Not Applicable,Customer was coughing/sick,Not Applicable,Not Applicable,302,Not Applicable,0,,
2024-07-29 11:43:00,CNR4061122346,Success,CID816862,Prime SUV,Nagarbhavi,Kadugodi,147.0,95.0,Not Applicable,Not Applicable,Yes,Vehicle Breakdown,403,Cash,28,4.8,3.7
2024-07-11 22:01:00,CNR1663336137,Success,CID888703,Prime Plus,Yeshwanthpur,Hosur Road,245.0,90.0,Not Applicable,Not Applicable,No,Not Applicable,801,Credit Card,18,4.2,3.4
2024-07-09 13:05:00,CNR8059861513,Success,CID527669,Auto,MG Road,Basavanagudi,49.0,135.0,Not Applicable,Not Applicable,Yes,Vehicle Breakdown,366,Cash,5,4.9,4.8
2024-07-26 15:28:00,CNR1418716271,Success,CID612454,Prime Plus,Nagarbhavi,JP Nagar,189.0,120.0,Not Applicable,Not Applicable,No,Not Applicable,359,UPI,43,4.6,3.2
2024-07-06 03:00:00,CNR5845460776,Success,CID816997,Mini,Hebbal,Varthur,133.0,95.0,Not Applicable,Not Applicable,No,Not Applicable,959,UPI,21,4.7,4.1
2024-07-13 04:52:00,CNR1141232498,Success,CID354138,eBike,Indiranagar,JP Nagar,49.0,65.0,Not Applicable,Not Applicable,No,Not Applicable,430,Cash,42,3.1,3.9
2024-07-11 08:34:00,CNR8162291831,Canceled by Driver,CID807576,Prime Sedan,Majestic,Bellandur,,,Not Applicable,Personal & Car related issue,Not Applicable,Not Applicable,784,Not Applicable,0,,
2024-07-24 08:11:00,CNR8252810525,Success,CID604662,Auto,Indiranagar,Frazer Town,35.0,30.0,Not Applicable,Not Applicable,No,Not Applicable,242,Cash,5,4.8,4.4
2024-07-18 07:02:00,CNR5148484516,Success,CID607029,Prime Plus,HSR Layout,Basavanagudi,266.0,140.0,Not Applicable,Not Applicable,No,Not Applicable,188,Cash,31,3.5,4.9
2024-07-08 09:52:00,CNR6762347732,Success,CID899953,Prime SUV,HSR Layout,Indiranagar,273.0,35.0,Not Applicable,Not Applicable,No,Not Applicable,999,UPI,28,4.6,3.6
2024-07-19 03:20:00,CNR7470371020,Canceled by Driver,CID556173,Auto,Bannerghatta Road,Peenya,,,Not Applicable,Customer related issue,Not Applicable,Not Applicable,655,Not Applicable,0,,
2024-07-26 19:21:00,CNR5010476684,Driver Not Found,CID300465,Bike,Padmanabhanagar,Hebbal,,,Not Applicable,Not Applicable,Not Applicable,Not Applicable,286,Not Applicable,0,,
2024-07-20 19:18:00,CNR7878097649,Canceled by Driver,CID820442,Prime Sedan,Richmond Town,Padmanabhanagar,,,Not Applicable,Personal & Car related issue,Not Applicable,Not Applicable,108,Not Applicable,0,,
2024-07-10 07:03:00,CNR5794889066,Success,CID173539,Auto,Shantinagar,Mysore Road,126.0,50.0,Not Applicable,Not Applicable,No,Not Applicable,946,Cash,16,3.1,4.6
2024-07-05 06:42:00,CNR6195476970,Success,CID532936,eBike,Ulsoor,Hosur Road,308.0,125.0,Not Applicable,Not Applicable,No,Not Applicable,994,UPI,46,4.8,3.9
2024-07-12 17:34:00,CNR1336998267,Canceled by Customer,CID958839,Mini,Padmanabhanagar,Banashankari,,,AC is Not working,Not Applicable,Not Applicable,Not Applicable,418,Not Applicable,0,,
2024-07-10 06:55:00,CNR9691814100,Driver Not Found,CID942417,Prime Plus,Majestic,Majestic,,,Not Applicable,Not Applicable,Not Applicable,Not Applicable,132,Not Applicable,0,,
2024-07-28 05:45:00,CNR2180884395,Success,CID481124,Mini,Peenya,Basavanagudi,63.0,55.0,Not Applicable,Not Applicable,No,Not Applicable,303,UPI,14,3.3,5.0
2024-07-16 12:35:00,CNR5558937999,Canceled by Customer,CID359152,eBike,Jayanagar,Yelahanka,,,Change of plans,Not Applicable,Not Applicable,Not Applicable,214,Not Applicable,0,,
2024-07-16 14:49:00,CNR5499197176,Canceled by Customer,CID302214,Bike,HSR Layout,Langford Town,,,Driver asked to cancel,Not Applicable,Not Applicable,Not Applicable,473,Not Applicable,0,,
2024-07-10 15:46:00,CNR1920485171,Success,CID232674,Prime Sedan,Shantinagar,Banashankari,259.0,85.0,Not Applicable,Not Applicable,No,Not Applicable,877,Cash,24,3.8,4.6
2024-07-30 10:32:00,CNR6512287152,Canceled by Driver,CID509693,Auto,RT Nagar,Ramamurthy Nagar,,,Not Applicable,Personal & Car related issue,Not Applicable,Not Applicable,616,Not Applicable,0,,
2024-07-01 23:47:00,CNR2545639018,Success,CID186689,Prime Plus,Ramamurthy Nagar,Koramangala,294.0,65.0,Not Applicable,Not Applicable,No,Not Applicable,109,Credit Card,43,3.9,4.7
2024-07-16 10:17:00,CNR5422218513,Canceled by Customer,CID745162,Mini,Rajajinagar,Varthur,,,Change of plans,Not Applicable,Not Applicable,Not Applicable,644,Not Applicable,0,,
2024-07-26 01:58:00,CNR9683477468,Canceled by Customer,CID518216,Prime SUV,Langford Town,Bellandur,,,Driver is not moving towards pickup location,Not Applicable,Not Applicable,Not Applicable,1289,Not Applicable,0,,
2024-07-26 15:47:00,CNR5181655383,Driver Not Found,CID524386,Prime Plus,Shantinagar,Basavanagudi,,,Not Applicable,Not Applicable,Not Applicable,Not Applicable,1240,Not Applicable,0,,
2024-07-16 23:42:00,CNR4982725514,Success,CID621739,Mini,Ramamurthy Nagar,Bannerghatta Road,175.0,30.0,Not Applicable,Not Applicable,No,Not Applicable,661,Cash,5,4.4,4.9
2024-07-08 00:53:00,CNR8377776752,Success,CID604206,Bike,Mysore Road,Bannerghatta Road,252.0,55.0,Not Applicable,Not Applicable,No,Not Applicable,222,UPI,38,3.0,3.8
2024-07-29 20:59:00,CNR8579703686,Success,CID668260,Prime SUV,Marathahalli,Shantinagar,203.0,115.0,Not Applicable,Not Applicable,No,Not Applicable,272,Cash,36,4.4,3.3
2024-07-23 10:46:00,CNR4723714279,Canceled by Driver,CID650847,Bike,Koramangala,Bannerghatta Road,,,Not Applicable,Customer was coughing/sick,Not Applicable,Not Applicable,431,Not Applicable,0,,
2024-07-27 02:00:00,CNR4555066899,Canceled by Customer,CID505804,Bike,Sarjapur Road,Peenya,,,Wrong Address,Not Applicable,Not Applicable,Not Applicable,1185,Not Applicable,0,,
2024-07-16 04:22:00,CNR3768261210,Driver Not Found,CID484402,Mini,Ulsoor,Bannerghatta Road,,,Not Applicable,Not Applicable,Not Applicable,Not Applicable,155,Not Applicable,0,,
2024-07-06 02:33:00,CNR7297249599,Success,CID275920,Bike,Bannerghatta Road,Mysore Road,182.0,120.0,Not Applicable,Not Applicable,No,Not Applicable,364,Cash,8,4.6,3.4
2024-07-10 17:52:00,CNR6526071782,Success,CID441928,Prime Sedan,Chickpet,Jayanagar,49.0,30.0,Not Applicable,Not Applicable,No,Not Applicable,966,UPI,10,4.1,3.9
2024-07-29 10:52:00,CNR6224824281,Success,CID739195,Prime Plus,RT Nagar,Basavanagudi,238.0,130.0,Not Applicable,Not Applicable,No,Not Applicable,357,Cash,17,3.9,3.3
2024-07-09 08:31:00,CNR2141829242,Driver Not Found,CID211032,Mini,Basavanagudi,Bellandur,,,Not Applicable,Not Applicable,Not Applicable,Not Applicable,243,Not Applicable,0,,
2024-07-22 03:22:00,CNR7319897427,Canceled by Customer,CID347017,Prime Plus,Varthur,Electronic City,,,Driver is not moving towards pickup location,Not Applicable,Not Applicable,Not Applicable,2043,Not Applicable,0,,
2024-07-16 03:59:00,CNR7308953125,Canceled by Driver,CID860869,eBike,Whitefield,Ramamurthy Nagar,,,Not Applicable,Customer related issue,Not Applicable,Not Applicable,531,Not Applicable,0,,
2024-07-14 20:36:00,CNR3890482617,Success,CID645850,Prime SUV,Shantinagar,Kengeri,287.0,115.0,Not Applicable,Not Applicable,No,Not Applicable,310,Cash,2,3.1,3.7
2024-07-12 12:28:00,CNR1443058466,Success,CID221491,Prime Plus,Yelahanka,Hulimavu,42.0,45.0,Not Applicable,Not Applicable,No,Not Applicable,347,Cash,35,4.1,3.3
2024-07-04 06:44:00,CNR9385419119,Canceled by Driver,CID567699,Prime SUV,Vijayanagar,Ulsoor,,,Not Applicable,Customer related issue,Not Applicable,Not Applicable,188,Not Applicable,0,,
2024-07-08 15:46:00,CNR1563981169,Success,CID822548,eBike,Electronic City,Banashankari,56.0,35.0,Not Applicable,Not Applicable,Yes,Customer Demand,230,UPI,10,3.2,3.2
2024-07-27 16:04:00,CNR7427050721,Success,CID143834,Prime SUV,Electronic City,BTM Layout,196.0,125.0,Not Applicable,Not Applicable,No,Not Applicable,116,UPI,13,3.8,3.3
2024-07-10 08:58:00,CNR3344157409,Success,CID605331,Auto,Kengeri,Nagarbhavi,119.0,70.0,Not Applicable,Not Applicable,No,Not Applicable,239,UPI,15,3.7,4.1
2024-07-07 02:41:00,CNR7862379002,Driver Not Found,CID785523,Mini,RT Nagar,Shantinagar,,,Not Applicable,Not Applicable,Not Applicable,Not Applicable,294,Not Applicable,0,,
2024-07-10 10:54:00,CNR4113933924,Canceled by Driver,CID381536,eBike,MG Road,JP Nagar,,,Not Applicable,Customer related issue,Not Applicable,Not Applicable,314,Not Applicable,0,,
2024-07-07 11:00:00,CNR7644682854,Success,CID417281,Mini,KR Puram,Shivajinagar,42.0,40.0,Not Applicable,Not Applicable,No,Not Applicable,404,UPI,46,3.4,3.1
2024-07-17 17:01:00,CNR4171291117,Success,CID323077,Auto,Cox Town,HSR Layout,301.0,130.0,Not Applicable,Not Applicable,No,Not Applicable,288,Credit Card,4,3.9,4.4
2024-07-09 09:02:00,CNR5223552972,Driver Not Found,CID670020,Prime Plus,JP Nagar,Yelahanka,,,Not Applicable,Not Applicable,Not Applicable,Not Applicable,817,Not Applicable,0,,
2024-07-01 13:46:00,CNR7824648523,Driver Not Found,CID268685,Prime Plus,Bannerghatta Road,Shivajinagar,,,Not Applicable,Not Applicable,Not Applicable,Not Applicable,883,Not Applicable,0,,
2024-07-25 06:22:00,CNR7551848146,Canceled by Driver,CID569030,Bike,JP Nagar,Koramangala,,,Not Applicable,Customer was coughing/sick,Not Applicable,Not Applicable,597,Not Applicable,0,,
2024-07-05 03:59:00,CNR4823703273,Success,CID629294,Mini,Varthur,Malleshwaram,42.0,40.0,Not Applicable,Not Applicable,No,Not Applicable,145,Cash,12,5.0,3.7
2024-07-23 04:49:00,CNR6578766207,Canceled by Customer,CID678571,Prime Plus,Ulsoor,Bellandur,,,Driver is not moving towards pickup location,Not Applicable,Not Applicable,Not Applicable,1803,Not Applicable,0,,
2024-07-13 20:48:00,CNR2345048850,Success,CID795290,Prime SUV,Rajarajeshwari Nagar,Cox Town,91.0,100.0,Not Applicable,Not Applicable,No,Not Applicable,158,UPI,10,4.4,4.0
2024-07-24 11:04:00,CNR9481527437,Success,CID804357,Prime SUV,JP Nagar,Marathahalli,217.0,40.0,Not Applicable,Not Applicable,No,Not Applicable,1951,Cash,28,3.0,3.8
2024-07-25 00:53:00,CNR5919412161,Success,CID903559,Bike,Chickpet,Majestic,273.0,125.0,Not Applicable,Not Applicable,No,Not Applicable,2139,Cash,2,4.4,4.4
2024-07-18 09:02:00,CNR9992690326,Canceled by Driver,CID236251,Prime Sedan,Langford Town,Shantinagar,,,Not Applicable,Customer was coughing/sick,Not Applicable,Not Applicable,127,Not Applicable,0,,
2024-07-17 21:05:00,CNR7408152226,Success,CID190845,Prime Plus,Hulimavu,Ulsoor,70.0,145.0,Not Applicable,Not Applicable,No,Not Applicable,1097,UPI,36,4.0,5.0
2024-07-30 00:11:00,CNR8794386686,Success,CID831420,Prime Sedan,Yeshwanthpur,Ulsoor,238.0,70.0,Not Applicable,Not Applicable,No,Not Applicable,669,Cash,21,4.6,3.3
2024-07-15 19:00:00,CNR1530618771,Success,CID807507,eBike,Koramangala,Varthur,70.0,50.0,Not Applicable,Not Applicable,No,Not Applicable,409,UPI,42,3.5,3.4
2024-07-16 15:56:00,CNR2471236318,Driver Not Found,CID236042,Prime SUV,Ulsoor,Ramamurthy Nagar,,,Not Applicable,Not Applicable,Not Applicable,Not Applicable,900,Not Applicable,0,,
2024-07-17 20:50:00,CNR5122884645,Success,CID747958,Prime SUV,Magadi Road,BTM Layout,119.0,25.0,Not Applicable,Not Applicable,No,Not Applicable,195,UPI,8,3.0,4.2
2024-07-28 15:57:00,CNR8636778712,Canceled by Customer,CID881785,Mini,Cox Town,Sarjapur Road,,,Driver asked to cancel,Not Applicable,Not Applicable,Not Applicable,726,Not Applicable,0,,
2024-07-22 14:25:00,CNR8002227933,Success,CID552242,Prime Plus,Bellandur,Frazer Town,63.0,80.0,Not Applicable,Not Applicable,No,Not Applicable,311,UPI,19,3.1,3.1
2024-07-11 10:21:00,CNR4141230096,Success,CID658522,Auto,Kengeri,BTM Layout,91.0,55.0,Not Applicable,Not Applicable,Yes,Vehicle Breakdown,259,UPI,13,3.1,4.6
2024-07-20 03:31:00,CNR1855193252,Canceled by Driver,CID269691,Auto,Sarjapur Road,JP Nagar,,,Not Applicable,Personal & Car related issue,Not Applicable,Not Applicable,615,Not Applicable,0,,
2024-07-18 10:50:00,CNR1852977625,Success,CID869949,Prime Sedan,RT Nagar,MG Road,294.0,145.0,Not Applicable,Not Applicable,No,Not Applicable,290,Cash,10,3.5,4.5
2024-07-29 00:37:00,CNR4132984426,Success,CID846181,Mini,Varthur,Magadi Road,308.0,70.0,Not Applicable,Not Applicable,No,Not Applicable,187,UPI,25,3.1,4.4
2024-07-10 14:22:00,CNR1074179667,Success,CID943453,Prime Sedan,Kadugodi,Electronic City,91.0,135.0,Not Applicable,Not Applicable,No,Not Applicable,473,Credit Card,44,3.3,4.3
2024-07-18 06:44:00,CNR9034479657,Success,CID774043,Prime Sedan,Rajajinagar,Hulimavu,245.0,140.0,Not Applicable,Not Applicable,No,Not Applicable,411,Credit Card,38,3.5,3.6
2024-07-05 02:35:00,CNR2733897723,Success,CID165016,Bike,Chickpet,Shantinagar,126.0,120.0,Not Applicable,Not Applicable,No,Not Applicable,390,Cash,17,3.7,4.3
2024-07-19 15:23:00,CNR5721061463,Canceled by Driver,CID152382,Bike,Bellandur,KR Puram,,,Not Applicable,Customer was coughing/sick,Not Applicable,Not Applicable,179,Not Applicable,0,,
2024-07-29 12:35:00,CNR8216503135,Canceled by Driver,CID645943,Bike,Ramamurthy Nagar,RT Nagar,,,Not Applicable,Customer was coughing/sick,Not Applicable,Not Applicable,195,Not Applicable,0,,
2024-07-25 03:37:00,CNR8005793122,Success,CID550505,Auto,Nagarbhavi,Devanahalli,161.0,85.0,Not Applicable,Not Applicable,No,Not Applicable,293,Cash,17,3.0,3.1
2024-07-12 00:03:00,CNR8064038140,Canceled by Customer,CID765416,Auto,Kadugodi,Whitefield,,,Driver asked to cancel,Not Applicable,Not Applicable,Not Applicable,440,Not Applicable,0,,
2024-07-11 06:20:00,CNR4389221002,Success,CID934369,Prime Sedan,Vijayanagar,JP Nagar,196.0,35.0,Not Applicable,Not Applicable,No,Not Applicable,101,Cash,10,3.5,3.0
2024-07-01 04:23:00,CNR8482866772,Success,CID643653,Bike,KR Puram,Kammanahalli,70.0,100.0,Not Applicable,Not Applicable,No,Not Applicable,452,UPI,30,4.5,4.1
2024-07-28 07:43:00,CNR5071643337,Success,CID987809,eBike,Chamarajpet,Richmond Town,91.0,135.0,Not Applicable,Not Applicable,No,Not Applicable,299,Cash,38,4.0,3.1
2024-07-24 04:07:00,CNR7409548409,Driver Not Found,CID637578,Mini,Magadi Road,Rajarajeshwari Nagar,,,Not Applicable,Not Applicable,Not Applicable,Not Applicable,494,Not Applicable,0,,
2024-07-20 15:34:00,CNR4613585897,Success,CID829077,Prime SUV,Hebbal,Hennur,77.0,70.0,Not Applicable,Not Applicable,No,Not Applicable,419,Cash,40,3.9,3.1
2024-07-02 02:28:00,CNR9519610296,Success,CID379836,Prime Sedan,Nagarbhavi,Majestic,133.0,30.0,Not Applicable,Not Applicable,No,Not Applicable,2084,Cash,3,3.3,3.8
2024-07-07 13:03:00,CNR4080199224,Success,CID182939,Bike,Hulimavu,Electronic City,126.0,55.0,Not Applicable,Not Applicable,No,Not Applicable,166,UPI,29,4.0,4.5
2024-07-12 05:59:00,CNR2621268686,Success,CID181879,Prime Plus,RT Nagar,Rajajinagar,217.0,145.0,Not Applicable,Not Applicable,No,Not Applicable,371,Cash,15,4.1,3.7
2024-07-06 10:54:00,CNR3646913415,Success,CID650381,Auto,Majestic,Richmond Town,301.0,105.0,Not Applicable,Not Applicable,Yes,Customer Demand,159,Cash,4,3.4,3.9
2024-07-16 16:10:00,CNR3939546370,Canceled by Driver,CID614467,Mini,Malleshwaram,Rajarajeshwari Nagar,,,Not Applicable,Personal & Car related issue,Not Applicable,Not Applicable,117,Not Applicable,0,,
2024-07-24 02:59:00,CNR6902770594,Success,CID944296,Mini,Peenya,Yeshwanthpur,140.0,25.0,Not Applicable,Not Applicable,No,Not Applicable,857,UPI,49,4.5,5.0
2024-07-14 17:24:00,CNR6914615986,Canceled by Customer,CID521069,Prime Plus,Kammanahalli,Langford Town,,,Wrong Address,Not Applicable,Not Applicable,Not Applicable,921,Not Applicable,0,,
2024-07-10 00:32:00,CNR6512259710,Canceled by Driver,CID795423,eBike,Kadugodi,Peenya,,,Not Applicable,Customer related issue,Not Applicable,Not Applicable,585,Not Applicable,0,,
2024-07-17 18:09:00,CNR6655628136,Success,CID439266,Auto,Banashankari,Langford Town,287.0,85.0,Not Applicable,Not Applicable,No,Not Applicable,171,Cash,11,4.9,4.8
2024-07-02 15:01:00,CNR5361920426,Canceled by Customer,CID515736,Prime SUV,Cox Town,Yeshwanthpur,,,Driver asked to cancel,Not Applicable,Not Applicable,Not Applicable,328,Not Applicable,0,,
2024-07-19 11:22:00,CNR4590609398,Success,CID744551,Prime Sedan,Richmond Town,Bannerghatta Road,98.0,145.0,Not Applicable,Not Applicable,No,Not Applicable,129,UPI,14,3.5,3.3
2024-07-26 19:50:00,CNR1309182290,Success,CID100423,Mini,Koramangala,Ulsoor,140.0,145.0,Not Applicable,Not Applicable,No,Not Applicable,365,Cash,8,5.0,3.1
2024-07-05 17:04:00,CNR1062109570,Success,CID871817,Prime SUV,Padmanabhanagar,Devanahalli,63.0,45.0,Not Applicable,Not Applicable,No,Not Applicable,595,Cash,28,3.6,4.0
2024-07-15 04:30:00,CNR3082000608,Success,CID636260,Bike,Majestic,Hosur Road,287.0,90.0,Not Applicable,Not Applicable,No,Not Applicable,434,UPI,25,4.9,4.5
2024-07-12 13:18:00,CNR9735252255,Success,CID469069,eBike,Bellandur,Ulsoor,182.0,45.0,Not Applicable,Not Applicable,No,Not Applicable,175,Credit Card,38,3.3,3.8
2024-07-05 12:35:00,CNR2488604431,Canceled by Driver,CID293723,Auto,Magadi Road,Shantinagar,,,Not Applicable,Customer related issue,Not Applicable,Not Applicable,364,Not Applicable,0,,
2024-07-02 12:08:00,CNR3885788995,Success,CID810918,eBike,Hebbal,Sarjapur Road,273.0,100.0,Not Applicable,Not Applicable,No,Not Applicable,386,Cash,28,4.9,4.9
2024-07-15 09:13:00,CNR2678659023,Success,CID773359,Prime Plus,Shantinagar,Vijayanagar,105.0,130.0,Not Applicable,Not Applicable,No,Not Applicable,611,UPI,39,3.7,3.7
2024-07-20 06:34:00,CNR8643726831,Success,CID141423,Mini,Ulsoor,Bellandur,280.0,145.0,Not Applicable,Not Applicable,No,Not Applicable,644,UPI,42,4.6,3.6
2024-07-10 14:03:00,CNR2889137375,Success,CID302526,eBike,Jayanagar,Marathahalli,308.0,125.0,Not Applicable,Not Applicable,No,Not Applicable,146,UPI,1,4.6,3.8
2024-07-16 06:24:00,CNR3885334764,Success,CID636113,Auto,Kammanahalli,Kengeri,49.0,140.0,Not Applicable,Not Applicable,Yes,Customer Demand,103,UPI,18,4.7,4.5
2024-07-08 15:46:00,CNR6830904737,Success,CID588989,Bike,Mysore Road,Sahakar Nagar,77.0,80.0,Not Applicable,Not Applicable,No,Not Applicable,271,UPI,11,3.3,5.0
2024-07-23 11:57:00,CNR1438351594,Success,CID268663,Bike,JP Nagar,Magadi Road,98.0,130.0,Not Applicable,Not Applicable,No,Not Applicable,984,UPI,35,3.9,3.2
2024-07-24 12:34:00,CNR8593838742,Canceled by Driver,CID497584,Mini,Electronic City,HSR Layout,,,Not Applicable,Personal & Car related issue,Not Applicable,Not Applicable,411,Not Applicable,0,,
2024-07-19 17:52:00,CNR7153338754,Canceled by Customer,CID607672,Prime Plus,Indiranagar,BTM Layout,,,Change of plans,Not Applicable,Not Applicable,Not Applicable,109,Not Applicable,0,,
2024-07-12 17:10:00,CNR4135426115,Canceled by Driver,CID889800,eBike,Vijayanagar,Indiranagar,,,Not Applicable,More than permitted people in there,Not Applicable,Not Applicable,410,Not Applicable,0,,
2024-07-28 12:35:00,CNR5837777829,Success,CID848702,Prime Plus,Varthur,Koramangala,287.0,130.0,Not Applicable,Not Applicable,No,Not Applicable,318,Cash,17,4.8,3.6
2024-07-11 19:23:00,CNR7919836507,Success,CID812878,Mini,BTM Layout,Padmanabhanagar,182.0,70.0,Not Applicable,Not Applicable,No,Not Applicable,872,UPI,49,3.3,4.8
2024-07-12 12:39:00,CNR3186244023,Success,CID776398,Auto,Nagarbhavi,Whitefield,119.0,35.0,Not Applicable,Not Applicable,No,Not Applicable,809,UPI,2,4.8,4.8
2024-07-05 22:13:00,CNR3541956185,Canceled by Customer,CID567321,Bike,Nagarbhavi,Rajarajeshwari Nagar,,,Driver is not moving towards pickup location,Not Applicable,Not Applicable,Not Applicable,436,Not Applicable,0,,
2024-07-04 22:53:00,CNR1057824693,Canceled by Driver,CID469364,Prime SUV,Langford Town,Peenya,,,Not Applicable,Customer related issue,Not Applicable,Not Applicable,270,Not Applicable,0,,
2024-07-02 00:18:00,CNR3427725138,Canceled by Driver,CID805989,Auto,Sahakar Nagar,RT Nagar,,,Not Applicable,Personal & Car related issue,Not Applicable,Not Applicable,344,Not Applicable,0,,
2024-07-05 20:03:00,CNR5413551191,Success,CID545910,Auto,Magadi Road,Yelahanka,182.0,115.0,Not Applicable,Not Applicable,No,Not Applicable,953,Cash,1,4.0,3.4
2024-07-28 13:18:00,CNR8213327876,Success,CID228163,eBike,Vijayanagar,Yeshwanthpur,301.0,25.0,Not Applicable,Not Applicable,No,Not Applicable,173,Cash,36,3.0,3.9
2024-07-19 11:40:00,CNR5393595291,Canceled by Driver,CID400243,eBike,Mysore Road,Hosur Road,,,Not Applicable,Personal & Car related issue,Not Applicable,Not Applicable,624,Not Applicable,0,,
2024-07-22 19:43:00,CNR1313278080,Canceled by Driver,CID691010,Prime Plus,Ulsoor,Ulsoor,,,Not Applicable,Customer related issue,Not Applicable,Not Applicable,299,Not Applicable,0,,
2024-07-13 16:53:00,CNR7082241416,Canceled by Driver,CID698981,Prime Sedan,Basavanagudi,Rajajinagar,,,Not Applicable,Personal & Car related issue,Not Applicable,Not Applicable,216,Not Applicable,0,,
2024-07-22 01:52:00,CNR2784877414,Canceled by Driver,CID717508,Bike,Magadi Road,Mysore Road,,,Not Applicable,Customer was coughing/sick,Not Applicable,Not Applicable,2557,Not Applicable,0,,
2024-07-19 16:21:00,CNR6525356212,Success,CID409614,Bike,Sarjapur Road,Marathahalli,147.0,70.0,Not Applicable,Not Applicable,No,Not Applicable,194,Cash,22,3.4,4.3
2024-07-17 20:54:00,CNR8872768916,Success,CID661996,Prime SUV,Yeshwanthpur,Yeshwanthpur,189.0,135.0,Not Applicable,Not Applicable,Yes,Customer Demand,882,Cash,46,3.6,4.5
2024-07-23 17:42:00,CNR3643863458,Success,CID314086,Prime Plus,HSR Layout,Devanahalli,91.0,100.0,Not Applicable,Not Applicable,Yes,Customer Demand,169,UPI,27,3.5,4.7
2024-07-07 01:30:00,CNR7129574977,Success,CID393056,Mini,Sarjapur Road,Koramangala,105.0,90.0,Not Applicable,Not Applicable,No,Not Applicable,461,UPI,38,4.6,3.6
2024-07-04 13:39:00,CNR4486279518,Success,CID843327,Mini,HSR Layout,Ramamurthy Nagar,70.0,40.0,Not Applicable,Not Applicable,No,Not Applicable,2085,Cash,13,4.9,4.1
2024-07-06 01:29:00,CNR4614727372,Canceled by Driver,CID829893,Prime Sedan,Langford Town,Cox Town,,,Not Applicable,Customer related issue,Not Applicable,Not Applicable,288,Not Applicable,0,,
2024-07-16 10:28:00,CNR6480422796,Success,CID787942,Mini,Chamarajpet,Bannerghatta Road,238.0,140.0,Not Applicable,Not Applicable,No,Not Applicable,303,Cash,30,4.8,4.4
2024-07-21 01:26:00,CNR1846662496,Canceled by Driver,CID842087,Prime Sedan,Nagarbhavi,MG Road,,,Not Applicable,Customer related issue,Not Applicable,Not Applicable,962,Not Applicable,0,,
2024-07-08 18:35:00,CNR7448600549,Success,CID119357,Prime Plus,Yelahanka,Shivajinagar,49.0,25.0,Not Applicable,Not Applicable,No,Not Applicable,254,Cash,42,3.5,3.9
2024-07-02 08:53:00,CNR6591947491,Success,CID207967,Mini,Chamarajpet,Bannerghatta Road,35.0,135.0,Not Applicable,Not Applicable,Yes,Vehicle Breakdown,652,Cash,31,3.4,3.5
2024-07-05 14:41:00,CNR1539746085,Success,CID591977,Mini,Shivajinagar,KR Puram,175.0,45.0,Not Applicable,Not Applicable,No,Not Applicable,161,Cash,3,3.1,4.3
2024-07-15 17:21:00,CNR3979764360,Success,CID405546,Prime Sedan,Kengeri,Mysore Road,308.0,140.0,Not Applicable,Not Applicable,No,Not Applicable,102,UPI,17,3.8,4.0
2024-07-28 07:08:00,CNR9523720384,Canceled by Driver,CID886833,eBike,KR Puram,Chickpet,,,Not Applicable,Personal & Car related issue,Not Applicable,Not Applicable,1325,Not Applicable,0,,
2024-07-12 15:03:00,CNR4241065807,Canceled by Driver,CID753527,Prime Sedan,Koramangala,Indiranagar,,,Not Applicable,Personal & Car related issue,Not Applicable,Not Applicable,869,Not Applicable,0,,
2024-07-30 14:02:00,CNR6009464748,Canceled by Driver,CID873302,eBike,Rajajinagar,Hosur Road,,,Not Applicable,More than permitted people in there,Not Applicable,Not Applicable,467,Not Applicable,0,,
2024-07-02 14:53:00,CNR7936603555,Success,CID164598,Mini,Magadi Road,BTM Layout,259.0,110.0,Not Applicable,Not Applicable,No,Not Applicable,363,Cash,17,4.2,4.2
2024-07-02 12:56:00,CNR7661983380,Success,CID843796,Prime Plus,Koramangala,Shivajinagar,217.0,80.0,Not Applicable,Not Applicable,No,Not Applicable,430,UPI,20,3.9,4.7
2024-07-16 15:21:00,CNR6738640355,Success,CID428814,Prime SUV,Koramangala,Basavanagudi,56.0,110.0,Not Applicable,Not Applicable,No,Not Applicable,615,Credit Card,31,3.1,4.1
2024-07-29 07:00:00,CNR1759052036,Canceled by Driver,CID820736,Prime SUV,Hennur,MG Road,,,Not Applicable,Customer related issue,Not Applicable,Not Applicable,340,Not Applicable,0,,
2024-07-18 06:46:00,CNR8157707977,Success,CID375642,Auto,Koramangala,Rajajinagar,189.0,60.0,Not Applicable,Not Applicable,Yes,Vehicle Breakdown,432,Cash,8,4.9,3.7
2024-07-13 01:22:00,CNR7636572117,Canceled by Customer,CID835714,Auto,Sarjapur Road,Kengeri,,,Driver asked to cancel,Not Applicable,Not Applicable,Not Applicable,219,Not Applicable,0,,
2024-07-18 16:05:00,CNR1687531090,Success,CID271524,eBike,Majestic,Devanahalli,238.0,65.0,Not Applicable,Not Applicable,No,Not Applicable,213,Cash,34,3.1,4.1
2024-07-22 10:01:00,CNR7517928943,Driver Not Found,CID141657,Auto,Rajarajeshwari Nagar,Majestic,,,Not Applicable,Not Applicable,Not Applicable,Not Applicable,158,Not Applicable,0,,
2024-07-09 03:12:00,CNR9388568117,Driver Not Found,CID367419,Prime SUV,Shantinagar,Chickpet,,,Not Applicable,Not Applicable,Not Applicable,Not Applicable,268,Not Applicable,0,,
2024-07-06 22:03:00,CNR2662078815,Success,CID356526,Auto,Hebbal,Basavanagudi,287.0,55.0,Not Applicable,Not Applicable,No,Not Applicable,590,Cash,4,3.7,4.9
2024-07-08 05:13:00,CNR7202899168,Success,CID687740,eBike,Indiranagar,MG Road,49.0,35.0,Not Applicable,Not Applicable,No,Not Applicable,393,Cash,18,4.9,3.6
2024-07-21 01:14:00,CNR4708340974,Success,CID604112,Prime Plus,Rajarajeshwari Nagar,BTM Layout,147.0,95.0,Not Applicable,Not Applicable,Yes,Other Issue,903,Cash,25,4.5,4.7
2024-07-17 22:03:00,CNR3739679946,Canceled by Driver,CID543717,eBike,RT Nagar,Ulsoor,,,Not Applicable,More than permitted people in there,Not Applicable,Not Applicable,253,Not Applicable,0,,
2024-07-07 09:23:00,CNR6381732638,Success,CID933495,eBike,Malleshwaram,Koramangala,266.0,35.0,Not Applicable,Not Applicable,No,Not Applicable,217,Cash,13,4.7,3.7
2024-07-26 23:10:00,CNR9204177870,Success,CID580203,Bike,Malleshwaram,Devanahalli,70.0,90.0,Not Applicable,Not Applicable,No,Not Applicable,477,Cash,24,4.3,4.0
2024-07-03 20:15:00,CNR4245957985,Canceled by Driver,CID369269,eBike,Hennur,Hosur Road,,,Not Applicable,Customer related issue,Not Applicable,Not Applicable,489,Not Applicable,0,,
2024-07-23 22:24:00,CNR8047365111,Success,CID847697,Prime SUV,Tumkur Road,Yeshwanthpur,119.0,90.0,Not Applicable,Not Applicable,Yes,Vehicle Breakdown,370,UPI,30,4.2,3.5
2024-07-21 10:55:00,CNR1632714112,Success,CID654115,Prime SUV,Hosur Road,Hulimavu,259.0,85.0,Not Applicable,Not Applicable,No,Not Applicable,263,Cash,43,4.0,4.2
2024-07-09 09:08:00,CNR7991911969,Success,CID993860,Bike,Cox Town,Rajarajeshwari Nagar,175.0,85.0,Not Applicable,Not Applicable,No,Not Applicable,312,UPI,32,4.7,4.7
2024-07-06 19:22:00,CNR5868409336,Success,CID962047,Prime SUV,Basavanagudi,Sarjapur Road,70.0,70.0,Not Applicable,Not Applicable,No,Not Applicable,163,UPI,29,4.9,3.4
2024-07-18 03:09:00,CNR1869232720,Success,CID994681,eBike,Langford Town,Hebbal,203.0,70.0,Not Applicable,Not Applicable,No,Not Applicable,457,UPI,1,4.0,3.6
2024-07-20 15:32:00,CNR1734956442,Success,CID238368,Prime Sedan,Bellandur,Richmond Town,154.0,120.0,Not Applicable,Not Applicable,No,Not Applicable,1333,Cash,41,4.7,4.6
2024-07-02 22:04:00,CNR1509335362,Success,CID422017,Prime Plus,Indiranagar,Mysore Road,56.0,65.0,Not Applicable,Not Applicable,Yes,Vehicle Breakdown,506,Credit Card,41,3.9,3.9
2024-07-06 18:50:00,CNR3112658311,Success,CID968194,Prime Plus,MG Road,Kammanahalli,98.0,50.0,Not Applicable,Not Applicable,No,Not Applicable,936,Cash,5,3.5,4.5
2024-07-02 04:57:00,CNR1486163004,Success,CID587256,eBike,Electronic City,Ulsoor,301.0,115.0,Not Applicable,Not Applicable,No,Not Applicable,373,Cash,42,4.1,4.9
2024-07-03 12:11:00,CNR6546523336,Success,CID699076,Mini,Kammanahalli,KR Puram,98.0,110.0,Not Applicable,Not Applicable,No,Not Applicable,117,UPI,17,4.2,3.9
2024-07-14 15:26:00,CNR8384393847,Success,CID398431,Auto,Cox Town,Kammanahalli,119.0,30.0,Not Applicable,Not Applicable,No,Not Applicable,123,Cash,10,3.8,3.8
2024-07-23 21:15:00,CNR8458992235,Success,CID692131,eBike,Richmond Town,Electronic City,217.0,65.0,Not Applicable,Not Applicable,No,Not Applicable,204,Cash,41,4.3,5.0
2024-07-13 15:59:00,CNR6164089746,Success,CID913875,Mini,Ramamurthy Nagar,Electronic City,252.0,85.0,Not Applicable,Not Applicable,Yes,Vehicle Breakdown,368,Cash,44,4.5,4.1
2024-07-11 05:58:00,CNR2808222512,Success,CID925664,Mini,BTM Layout,Langford Town,168.0,95.0,Not Applicable,Not Applicable,Yes,Vehicle Breakdown,112,Cash,24,4.9,4.8
2024-07-15 18:36:00,CNR8571805668,Canceled by Customer,CID703561,Prime Sedan,Cox Town,Cox Town,,,Wrong Address,Not Applicable,Not Applicable,Not Applicable,837,Not Applicable,0,,
2024-07-14 08:28:00,CNR8388304780,Success,CID474031,Prime Sedan,KR Puram,Rajarajeshwari Nagar,189.0,125.0,Not Applicable,Not Applicable,No,Not Applicable,340,UPI,14,3.2,3.3
2024-07-07 12:33:00,CNR8961373966,Success,CID444794,eBike,Koramangala,Shivajinagar,196.0,110.0,Not Applicable,Not Applicable,No,Not Applicable,393,UPI,24,3.9,4.8
2024-07-09 01:35:00,CNR5414798496,Canceled by Driver,CID472742,Mini,HSR Layout,Ramamurthy Nagar,,,Not Applicable,More than permitted people in there,Not Applicable,Not Applicable,490,Not Applicable,0,,
2024-07-25 18:34:00,CNR5925325802,Success,CID879578,Mini,Banashankari,Rajajinagar,154.0,115.0,Not Applicable,Not Applicable,No,Not Applicable,236,Cash,16,3.5,3.7
2024-07-16 02:21:00,CNR7033110022,Driver Not Found,CID745600,Prime SUV,Jayanagar,Whitefield,,,Not Applicable,Not Applicable,Not Applicable,Not Applicable,2866,Not Applicable,0,,
2024-07-21 12:38:00,CNR7220945730,Success,CID543364,Prime Plus,Rajajinagar,Yelahanka,245.0,75.0,Not Applicable,Not Applicable,No,Not Applicable,367,Cash,14,3.8,4.9
2024-07-11 10:40:00,CNR7981214964,Success,CID708248,Bike,Hennur,Richmond Town,245.0,120.0,Not Applicable,Not Applicable,No,Not Applicable,569,UPI,9,5.0,3.3
2024-07-06 15:33:00,CNR2138782821,Success,CID217218,Bike,Majestic,Chamarajpet,35.0,120.0,Not Applicable,Not Applicable,No,Not Applicable,326,Cash,21,4.4,4.4
2024-07-18 17:06:00,CNR1851657757,Driver Not Found,CID678324,eBike,Marathahalli,Yelahanka,,,Not Applicable,Not Applicable,Not Applicable,Not Applicable,408,Not Applicable,0,,
2024-07-29 23:30:00,CNR8236279525,Success,CID118864,Prime SUV,Rajarajeshwari Nagar,Malleshwaram,63.0,55.0,Not Applicable,Not Applicable,No,Not Applicable,836,UPI,41,3.1,3.8
2024-07-15 05:11:00,CNR5554377603,Success,CID845453,Prime Plus,Chickpet,Ramamurthy Nagar,133.0,135.0,Not Applicable,Not Applicable,No,Not Applicable,2643,UPI,5,3.8,3.0
2024-07-21 12:36:00,CNR2704671284,Success,CID833508,Auto,MG Road,Ulsoor,140.0,50.0,Not Applicable,Not Applicable,No,Not Applicable,131,Cash,8,3.2,4.8
2024-07-08 05:43:00,CNR3514229391,Success,CID628108,Auto,Electronic City,Shivajinagar,245.0,85.0,Not Applicable,Not Applicable,No,Not Applicable,155,Cash,15,4.8,3.2
2024-07-06 09:09:00,CNR9367272800,Success,CID444891,Mini,Tumkur Road,Rajajinagar,252.0,145.0,Not Applicable,Not Applicable,No,Not Applicable,224,Credit Card,32,4.9,3.9
2024-07-21 19:46:00,CNR6870973222,Canceled by Customer,CID631497,eBike,Banashankari,Rajarajeshwari Nagar,,,Driver asked to cancel,Not Applicable,Not Applicable,Not Applicable,687,Not Applicable,0,,
2024-07-05 07:14:00,CNR2487013895,Success,CID565307,Prime SUV,Hebbal,Kammanahalli,280.0,135.0,Not Applicable,Not Applicable,No,Not Applicable,155,UPI,37,4.4,3.8
2024-07-07 13:27:00,CNR9427196877,Success,CID773522,Prime Plus,Magadi Road,Vijayanagar,49.0,125.0,Not Applicable,Not Applicable,No,Not Applicable,374,Credit Card,43,3.2,4.6
2024-07-06 20:24:00,CNR9223567431,Success,CID914836,Bike,Hennur,Tumkur Road,210.0,75.0,Not Applicable,Not Applicable,No,Not Applicable,1551,Cash,48,4.2,3.8
2024-07-19 16:44:00,CNR2106533451,Driver Not Found,CID657287,eBike,Rajajinagar,Varthur,,,Not Applicable,Not Applicable,Not Applicable,Not Applicable,131,Not Applicable,0,,
2024-07-30 18:54:00,CNR9237969053,Canceled by Driver,CID857598,eBike,Peenya,Frazer Town,,,Not Applicable,Customer was coughing/sick,Not Applicable,Not Applicable,218,Not Applicable,0,,
2024-07-09 15:21:00,CNR5324270777,Success,CID803174,Bike,Majestic,Padmanabhanagar,203.0,110.0,Not Applicable,Not Applicable,No,Not Applicable,329,Cash,23,3.7,4.8
2024-07-30 00:23:00,CNR1553325152,Driver Not Found,CID993771,Prime Plus,HSR Layout,Magadi Road,,,Not Applicable,Not Applicable,Not Applicable,Not Applicable,520,Not Applicable,0,,
2024-07-06 13:17:00,CNR1415908053,Driver Not Found,CID597441,Mini,Hebbal,Yelahanka,,,Not Applicable,Not Applicable,Not Applicable,Not Applicable,274,Not Applicable,0,,
2024-07-30 18:48:00,CNR8767595031,Canceled by Driver,CID227787,eBike,Marathahalli,Richmond Town,,,Not Applicable,Customer related issue,Not Applicable,Not Applicable,2501,Not Applicable,0,,
2024-07-07 23:47:00,CNR7196154082,Canceled by Customer,CID222737,Auto,Indiranagar,Sahakar Nagar,,,Driver asked to cancel,Not Applicable,Not Applicable,Not Applicable,370,Not Applicable,0,,
2024-07-28 23:06:00,CNR2469125811,Success,CID929581,eBike,Chamarajpet,Tumkur Road,210.0,40.0,Not Applicable,Not Applicable,No,Not Applicable,804,UPI,27,3.5,5.0
2024-07-21 09:31:00,CNR1751442270,Success,CID604806,Prime Sedan,Frazer Town,Bannerghatta Road,224.0,50.0,Not Applicable,Not Applicable,No,Not Applicable,165,Cash,41,4.9,4.0
2024-07-07 03:05:00,CNR4931756936,Success,CID744036,Prime Sedan,Malleshwaram,Chamarajpet,259.0,45.0,Not Applicable,Not Applicable,No,Not Applicable,248,Cash,6,3.4,4.1
2024-07-27 03:40:00,CNR7805316298,Success,CID785430,Auto,BTM Layout,Varthur,168.0,80.0,Not Applicable,Not Applicable,No,Not Applicable,115,Cash,15,4.8,3.8
2024-07-11 12:58:00,CNR5080648807,Success,CID847355,Prime SUV,Rajajinagar,Peenya,168.0,60.0,Not Applicable,Not Applicable,No,Not Applicable,375,Cash,19,3.6,4.6
2024-07-08 19:39:00,CNR7438718183,Success,CID289189,Auto,Kengeri,Chamarajpet,112.0,65.0,Not Applicable,Not Applicable,No,Not Applicable,2259,UPI,2,3.2,3.3
2024-07-16 10:39:00,CNR5374898021,Success,CID774058,Bike,Bannerghatta Road,Tumkur Road,182.0,120.0,Not Applicable,Not Applicable,No,Not Applicable,443,Cash,5,4.2,3.8
2024-07-16 08:33:00,CNR1826530830,Success,CID311733,Mini,Rajajinagar,Mysore Road,238.0,60.0,Not Applicable,Not Applicable,No,Not Applicable,970,UPI,19,4.3,3.9
2024-07-16 03:30:00,CNR5078984290,Success,CID672886,Mini,Rajarajeshwari Nagar,Yelahanka,42.0,145.0,Not Applicable,Not Applicable,No,Not Applicable,278,UPI,20,3.2,4.9
2024-07-30 22:38:00,CNR9400509897,Success,CID140980,Prime Plus,Tumkur Road,Sahakar Nagar,182.0,115.0,Not Applicable,Not Applicable,No,Not Applicable,976,UPI,47,3.7,3.9
2024-07-20 00:06:00,CNR4176177211,Success,CID301560,Prime Sedan,Mysore Road,Banashankari,147.0,85.0,Not Applicable,Not Applicable,No,Not Applicable,301,UPI,34,4.7,3.4
2024-07-22 00:44:00,CNR2434320884,Success,CID193178,Mini,Sahakar Nagar,Majestic,245.0,115.0,Not Applicable,Not Applicable,No,Not Applicable,504,UPI,17,4.0,3.3
2024-07-05 15:55:00,CNR8385789665,Success,CID712947,Auto,Kengeri,Kadugodi,301.0,130.0,Not Applicable,Not Applicable,No,Not Applicable,196,UPI,13,3.8,3.4
2024-07-08 12:08:00,CNR9495045260,Success,CID674033,Prime Plus,Yelahanka,Bannerghatta Road,70.0,95.0,Not Applicable,Not Applicable,Yes,Vehicle Breakdown,253,Cash,46,4.1,4.2
2024-07-25 12:43:00,CNR2564617980,Success,CID889950,Mini,Malleshwaram,Hebbal,161.0,65.0,Not Applicable,Not Applicable,Yes,Vehicle Breakdown,128,Cash,43,3.8,3.9
2024-07-01 13:22:00,CNR6091150734,Canceled by Driver,CID280086,Prime Plus,Hosur Road,Chickpet,,,Not Applicable,Personal & Car related issue,Not Applicable,Not Applicable,340,Not Applicable,0,,
2024-07-08 09:42:00,CNR6088520295,Success,CID259632,Prime Plus,Frazer Town,Kammanahalli,217.0,120.0,Not Applicable,Not Applicable,No,Not Applicable,172,Cash,49,3.7,4.6
2024-07-30 07:44:00,CNR6255491423,Success,CID572591,Auto,Marathahalli,JP Nagar,161.0,50.0,Not Applicable,Not Applicable,No,Not Applicable,400,Cash,3,4.0,3.7
2024-07-24 14:29:00,CNR5502469552,Success,CID319151,Auto,Cox Town,Bannerghatta Road,182.0,140.0,Not Applicable,Not Applicable,No,Not Applicable,438,Cash,8,3.7,4.3
2024-07-29 05:21:00,CNR8225051606,Success,CID648753,eBike,MG Road,Cox Town,217.0,140.0,Not Applicable,Not Applicable,No,Not Applicable,493,UPI,35,3.1,4.2
2024-07-20 04:56:00,CNR7216110342,Success,CID495938,eBike,Hennur,Indiranagar,266.0,145.0,Not Applicable,Not Applicable,No,Not Applicable,445,UPI,35,4.6,4.0
2024-07-10 18:12:00,CNR1815059023,Success,CID244484,Prime Sedan,Devanahalli,Hosur Road,168.0,145.0,Not Applicable,Not Applicable,Yes,Vehicle Breakdown,321,UPI,14,4.9,3.9
2024-07-15 04:05:00,CNR2545224883,Success,CID960948,Prime Plus,Yeshwanthpur,Tumkur Road,308.0,75.0,Not Applicable,Not Applicable,No,Not Applicable,838,Cash,42,4.4,5.0
2024-07-28 01:43:00,CNR2653477504,Driver Not Found,CID695834,Prime SUV,Electronic City,MG Road,,,Not Applicable,Not Applicable,Not Applicable,Not Applicable,1269,Not Applicable,0,,
2024-07-12 08:12:00,CNR7765240729,Canceled by Customer,CID288206,Prime Plus,Frazer Town,Malleshwaram,,,Driver asked to cancel,Not Applicable,Not Applicable,Not Applicable,132,Not Applicable,0,,
2024-07-26 18:59:00,CNR3439703256,Success,CID191911,Auto,Hosur Road,Ramamurthy Nagar,259.0,95.0,Not Applicable,Not Applicable,No,Not Applicable,481,Cash,19,3.2,3.7
2024-07-04 10:52:00,CNR4004021691,Success,CID195302,Mini,Hebbal,Tumkur Road,308.0,80.0,Not Applicable,Not Applicable,No,Not Applicable,122,UPI,14,4.1,4.9
2024-07-04 16:08:00,CNR4051476367,Canceled by Driver,CID457665,Bike,Kammanahalli,Koramangala,,,Not Applicable,Personal & Car related issue,Not Applicable,Not Applicable,485,Not Applicable,0,,
2024-07-24 18:05:00,CNR1359730766,Canceled by Driver,CID669880,Mini,Whitefield,Hosur Road,,,Not Applicable,Customer related issue,Not Applicable,Not Applicable,252,Not Applicable,0,,
2024-07-11 22:59:00,CNR1817465814,Success,CID361798,eBike,Tumkur Road,Shivajinagar,308.0,25.0,Not Applicable,Not Applicable,No,Not Applicable,121,UPI,48,4.3,3.7
2024-07-01 15:03:00,CNR1174260699,Success,CID244778,Prime Plus,MG Road,Richmond Town,189.0,65.0,Not Applicable,Not Applicable,No,Not Applicable,300,UPI,34,4.8,3.3
2024-07-27 17:04:00,CNR4740683211,Canceled by Driver,CID951840,Prime Plus,Padmanabhanagar,Bellandur,,,Not Applicable,Customer related issue,Not Applicable,Not Applicable,545,Not Applicable,0,,
2024-07-05 00:54:00,CNR5245890171,Driver Not Found,CID783718,Prime Sedan,Devanahalli,Padmanabhanagar,,,Not Applicable,Not Applicable,Not Applicable,Not Applicable,1424,Not Applicable,0,,
2024-07-25 20:12:00,CNR4579493187,Driver Not Found,CID157742,Mini,Rajarajeshwari Nagar,Mysore Road,,,Not Applicable,Not Applicable,Not Applicable,Not Applicable,150,Not Applicable,0,,
2024-07-02 12:50:00,CNR5736022906,Success,CID742249,Bike,Kengeri,Indiranagar,280.0,25.0,Not Applicable,Not Applicable,No,Not Applicable,176,UPI,22,3.9,4.9
2024-07-15 20:50:00,CNR1538557208,Canceled by Driver,CID337049,Auto,Ramamurthy Nagar,HSR Layout,,,Not Applicable,Customer related issue,Not Applicable,Not Applicable,481,Not Applicable,0,,
2024-07-13 22:00:00,CNR4907488380,Driver Not Found,CID435543,eBike,Varthur,Kadugodi,,,Not Applicable,Not Applicable,Not Applicable,Not Applicable,306,Not Applicable,0,,
2024-07-14 12:28:00,CNR6225235039,Success,CID869333,Prime SUV,Hosur Road,Basavanagudi,98.0,130.0,Not Applicable,Not Applicable,No,Not Applicable,309,Cash,15,4.2,4.2
2024-07-28 18:10:00,CNR1233318363,Canceled by Driver,CID231635,Prime Sedan,KR Puram,Ramamurthy Nagar,,,Not Applicable,More than permitted people in there,Not Applicable,Not Applicable,835,Not Applicable,0,,
2024-07-17 21:40:00,CNR5970652498,Success,CID148517,Prime SUV,Marathahalli,Chamarajpet,70.0,140.0,Not Applicable,Not Applicable,No,Not Applicable,2549,Cash,30,3.6,3.6
2024-07-06 01:49:00,CNR9131536035,Canceled by Driver,CID971349,Prime Plus,Varthur,Frazer Town,,,Not Applicable,More than permitted people in there,Not Applicable,Not Applicable,382,Not Applicable,0,,
2024-07-15 10:43:00,CNR3854307564,Canceled by Customer,CID880568,Prime SUV,Sahakar Nagar,Vijayanagar,,,Driver is not moving towards pickup location,Not Applicable,Not Applicable,Not Applicable,410,Not Applicable,0,,
2024-07-26 23:14:00,CNR4569925328,Success,CID123918,Bike,Peenya,Rajarajeshwari Nagar,133.0,105.0,Not Applicable,Not Applicable,No,Not Applicable,350,Cash,14,4.0,4.3
2024-07-11 17:05:00,CNR5408537616,Canceled by Driver,CID176055,Prime Plus,BTM Layout,Indiranagar,,,Not Applicable,Personal & Car related issue,Not Applicable,Not Applicable,287,Not Applicable,0,,
2024-07-17 20:13:00,CNR2444306482,Driver Not Found,CID844904,Prime Sedan,Yelahanka,HSR Layout,,,Not Applicable,Not Applicable,Not Applicable,Not Applicable,241,Not Applicable,0,,
2024-07-11 09:26:00,CNR4933921459,Canceled by Customer,CID560410,Prime Plus,Shantinagar,JP Nagar,,,Driver is not moving towards pickup location,Not Applicable,Not Applicable,Not Applicable,357,Not Applicable,0,,
2024-07-08 09:05:00,CNR6663965566,Success,CID718557,Bike,Ramamurthy Nagar,Bellandur,63.0,85.0,Not Applicable,Not Applicable,No,Not Applicable,206,Cash,7,4.8,4.9
2024-07-07 22:26:00,CNR5565246497,Success,CID977576,Prime Plus,Magadi Road,RT Nagar,77.0,115.0,Not Applicable,Not Applicable,No,Not Applicable,191,UPI,24,4.5,3.7
2024-07-01 06:50:00,CNR2473925903,Canceled by Driver,CID722968,Mini,Hennur,Hebbal,,,Not Applicable,Personal & Car related issue,Not Applicable,Not Applicable,392,Not Applicable,0,,
2024-07-20 03:36:00,CNR8910590963,Success,CID667158,Bike,Nagarbhavi,BTM Layout,63.0,90.0,Not Applicable,Not Applicable,No,Not Applicable,313,UPI,40,4.7,4.0
2024-07-14 16:12:00,CNR4477470224,Success,CID782861,eBike,BTM Layout,Chamarajpet,266.0,35.0,Not Applicable,Not Applicable,No,Not Applicable,486,Debit Card,20,4.0,4.1
2024-07-15 15:59:00,CNR7804384066,Success,CID576188,Prime SUV,BTM Layout,Chickpet,308.0,85.0,Not Applicable,Not Applicable,No,Not Applicable,385,Cash,3,4.3,3.6
2024-07-19 11:58:00,CNR1371157900,Driver Not Found,CID603389,Prime Plus,Bellandur,JP Nagar,,,Not Applicable,Not Applicable,Not Applicable,Not Applicable,201,Not Applicable,0,,
2024-07-13 16:09:00,CNR1184409172,Success,CID689598,Prime Plus,Nagarbhavi,Sahakar Nagar,231.0,50.0,Not Applicable,Not Applicable,No,Not Applicable,1987,UPI,23,3.9,4.3
2024-07-01 05:43:00,CNR8150326408,Canceled by Driver,CID376234,Bike,RT Nagar,Ramamurthy Nagar,,,Not Applicable,Personal & Car related issue,Not Applicable,Not Applicable,304,Not Applicable,0,,
2024-07-25 13:20:00,CNR6283892157,Success,CID836558,eBike,Marathahalli,Cox Town,252.0,40.0,Not Applicable,Not Applicable,No,Not Applicable,950,UPI,10,4.1,3.3
2024-07-05 19:32:00,CNR9007702203,Success,CID143664,Prime Plus,Hebbal,Hulimavu,210.0,60.0,Not Applicable,Not Applicable,No,Not Applicable,456,Cash,32,3.1,4.4
2024-07-01 10:05:00,CNR6458077477,Success,CID448408,Prime SUV,Magadi Road,Tumkur Road,294.0,40.0,Not Applicable,Not Applicable,No,Not Applicable,1125,UPI,2,3.8,4.0
2024-07-24 02:30:00,CNR7767358989,Success,CID607280,eBike,Nagarbhavi,Kammanahalli,42.0,90.0,Not Applicable,Not Applicable,No,Not Applicable,655,UPI,35,3.8,3.5
2024-07-23 11:15:00,CNR4146627228,Success,CID402506,Prime Sedan,Whitefield,Cox Town,119.0,25.0,Not Applicable,Not Applicable,No,Not Applicable,620,UPI,26,3.9,4.4
2024-07-24 14:45:00,CNR5154500334,Success,CID363945,Mini,Devanahalli,Whitefield,245.0,120.0,Not Applicable,Not Applicable,No,Not Applicable,493,UPI,1,4.9,3.3
2024-07-18 05:49:00,CNR9424556671,Success,CID450445,Prime Plus,Vijayanagar,Devanahalli,77.0,35.0,Not Applicable,Not Applicable,Yes,Customer Demand,1392,Cash,4,4.7,3.7
2024-07-15 12:42:00,CNR3110703962,Success,CID484147,eBike,Cox Town,JP Nagar,189.0,45.0,Not Applicable,Not Applicable,No,Not Applicable,257,Cash,29,4.6,4.8
2024-07-29 14:25:00,CNR7559568544,Driver Not Found,CID168866,Auto,HSR Layout,Cox Town,,,Not Applicable,Not Applicable,Not Applicable,Not Applicable,446,Not Applicable,0,,
2024-07-18 20:27:00,CNR7579581236,Success,CID283727,Auto,Peenya,Langford Town,266.0,130.0,Not Applicable,Not Applicable,No,Not Applicable,825,Cash,12,3.7,4.3
2024-07-27 05:19:00,CNR7917805595,Success,CID113293,Mini,Cox Town,Bellandur,63.0,75.0,Not Applicable,Not Applicable,No,Not Applicable,315,Cash,18,3.6,4.0
2024-07-08 21:19:00,CNR7835479936,Driver Not Found,CID470105,eBike,Vijayanagar,Ulsoor,,,Not Applicable,Not Applicable,Not Applicable,Not Applicable,230,Not Applicable,0,,
2024-07-23 14:26:00,CNR3372221822,Canceled by Customer,CID903229,Bike,Rajajinagar,Sahakar Nagar,,,AC is Not working,Not Applicable,Not Applicable,Not Applicable,254,Not Applicable,0,,
2024-07-13 04:01:00,CNR3393211652,Success,CID665219,Auto,Cox Town,Hosur Road,112.0,100.0,Not Applicable,Not Applicable,No,Not Applicable,483,UPI,18,3.8,4.8
2024-07-14 00:49:00,CNR5817486923,Success,CID175167,Prime Plus,Ulsoor,Bannerghatta Road,42.0,55.0,Not Applicable,Not Applicable,No,Not Applicable,383,Cash,3,4.9,3.6
2024-07-06 02:20:00,CNR8636597481,Success,CID270019,eBike,Indiranagar,Shivajinagar,119.0,125.0,Not Applicable,Not Applicable,No,Not Applicable,391,Cash,14,3.9,3.6
2024-07-26 21:11:00,CNR4608812005,Success,CID342043,Prime SUV,Peenya,Devanahalli,91.0,95.0,Not Applicable,Not Applicable,No,Not Applicable,291,Cash,33,4.2,3.6
2024-07-09 10:32:00,CNR9757948239,Success,CID836429,Prime SUV,Magadi Road,Rajajinagar,168.0,95.0,Not Applicable,Not Applicable,No,Not Applicable,392,Cash,23,3.5,3.6
2024-07-23 07:40:00,CNR9087120474,Success,CID790337,Bike,Chamarajpet,Yeshwanthpur,112.0,100.0,Not Applicable,Not Applicable,No,Not Applicable,231,Cash,20,3.5,3.1
2024-07-20 20:37:00,CNR9262094717,Success,CID629119,Auto,Kengeri,Marathahalli,70.0,135.0,Not Applicable,Not Applicable,No,Not Applicable,1859,UPI,3,3.9,5.0
2024-07-27 02:09:00,CNR9141679938,Success,CID294684,Prime SUV,Malleshwaram,Sahakar Nagar,280.0,65.0,Not Applicable,Not Applicable,No,Not Applicable,359,Cash,21,4.9,4.8
2024-07-18 01:27:00,CNR7636901743,Canceled by Customer,CID548273,Bike,Yelahanka,Langford Town,,,Wrong Address,Not Applicable,Not Applicable,Not Applicable,514,Not Applicable,0,,
2024-07-08 08:48:00,CNR9611491876,Canceled by Driver,CID993828,Prime Plus,Marathahalli,Electronic City,,,Not Applicable,Customer related issue,Not Applicable,Not Applicable,1045,Not Applicable,0,,
2024-07-27 22:12:00,CNR4506667848,Success,CID182042,Auto,Rajajinagar,HSR Layout,147.0,95.0,Not Applicable,Not Applicable,No,Not Applicable,452,UPI,14,3.9,3.4
2024-07-06 04:22:00,CNR7255063270,Canceled by Driver,CID875514,Prime SUV,Yeshwanthpur,Bellandur,,,Not Applicable,Customer related issue,Not Applicable,Not Applicable,152,Not Applicable,0,,
2024-07-18 17:31:00,CNR8316622209,Canceled by Driver,CID906956,Prime Sedan,Yeshwanthpur,Majestic,,,Not Applicable,Customer related issue,Not Applicable,Not Applicable,284,Not Applicable,0,,
2024-07-07 00:36:00,CNR9966158723,Driver Not Found,CID806053,Auto,Hennur,Chamarajpet,,,Not Applicable,Not Applicable,Not Applicable,Not Applicable,366,Not Applicable,0,,
2024-07-25 20:19:00,CNR7633249744,Success,CID182064,Prime Sedan,Malleshwaram,Kadugodi,49.0,45.0,Not Applicable,Not Applicable,No,Not Applicable,107,UPI,10,3.2,4.3
2024-07-18 00:09:00,CNR4065676755,Success,CID667242,eBike,Tumkur Road,Shantinagar,294.0,120.0,Not Applicable,Not Applicable,No,Not Applicable,294,UPI,48,4.7,4.6
2024-07-27 09:05:00,CNR9043976309,Canceled by Driver,CID675775,Prime Plus,Banashankari,Jayanagar,,,Not Applicable,Personal & Car related issue,Not Applicable,Not Applicable,217,Not Applicable,0,,
2024-07-29 23:40:00,CNR2529549505,Success,CID437042,Prime SUV,Whitefield,Kadugodi,133.0,50.0,Not Applicable,Not Applicable,No,Not Applicable,309,Cash,46,4.1,3.4
2024-07-19 20:12:00,CNR3139312774,Success,CID920670,Prime Plus,Devanahalli,Kadugodi,35.0,65.0,Not Applicable,Not Applicable,No,Not Applicable,883,Credit Card,47,3.6,4.7
2024-07-09 07:16:00,CNR5334658531,Canceled by Customer,CID208951,Mini,Bellandur,Hosur Road,,,Wrong Address,Not Applicable,Not Applicable,Not Applicable,807,Not Applicable,0,,
2024-07-02 11:31:00,CNR2233000602,Canceled by Driver,CID556913,Mini,Cox Town,Bannerghatta Road,,,Not Applicable,Customer related issue,Not Applicable,Not Applicable,473,Not Applicable,0,,
2024-07-03 19:13:00,CNR7059825138,Success,CID747367,Mini,Richmond Town,Kadugodi,77.0,40.0,Not Applicable,Not Applicable,No,Not Applicable,299,Cash,31,5.0,4.9
2024-07-25 01:44:00,CNR4485586267,Driver Not Found,CID125688,Prime Sedan,Kengeri,Bellandur,,,Not Applicable,Not Applicable,Not Applicable,Not Applicable,565,Not Applicable,0,,
2024-07-24 23:35:00,CNR4162053463,Success,CID191078,Prime SUV,Magadi Road,Kadugodi,245.0,50.0,Not Applicable,Not Applicable,No,Not Applicable,123,UPI,31,3.1,4.5
2024-07-10 01:44:00,CNR4873186804,Success,CID435722,Prime SUV,Bellandur,KR Puram,280.0,55.0,Not Applicable,Not Applicable,No,Not Applicable,205,UPI,13,3.7,3.5
2024-07-25 06:27:00,CNR2028762190,Canceled by Customer,CID926143,Prime Plus,Rajarajeshwari Nagar,Magadi Road,,,AC is Not working,Not Applicable,Not Applicable,Not Applicable,203,Not Applicable,0,,
2024-07-24 15:39:00,CNR8886286469,Success,CID189419,Prime SUV,Electronic City,Chickpet,196.0,105.0,Not Applicable,Not Applicable,No,Not Applicable,439,Credit Card,10,3.2,4.9
2024-07-30 05:36:00,CNR6206874620,Success,CID131540,Prime Plus,Sahakar Nagar,JP Nagar,119.0,70.0,Not Applicable,Not Applicable,No,Not Applicable,1707,Cash,14,4.0,3.3
2024-07-25 21:08:00,CNR1472060673,Success,CID647681,eBike,Malleshwaram,Yeshwanthpur,105.0,55.0,Not Applicable,Not Applicable,No,Not Applicable,407,Cash,42,3.8,4.1
2024-07-15 09:38:00,CNR5139280961,Canceled by Driver,CID761565,eBike,Langford Town,Indiranagar,,,Not Applicable,Personal & Car related issue,Not Applicable,Not Applicable,908,Not Applicable,0,,
2024-07-11 04:53:00,CNR9625567029,Canceled by Driver,CID913097,Prime Sedan,Hennur,KR Puram,,,Not Applicable,Personal & Car related issue,Not Applicable,Not Applicable,253,Not Applicable,0,,
2024-07-30 02:41:00,CNR7642435741,Canceled by Driver,CID187867,Prime Sedan,Cox Town,Yelahanka,,,Not Applicable,Personal & Car related issue,Not Applicable,Not Applicable,204,Not Applicable,0,,
2024-07-30 08:13:00,CNR9041275640,Success,CID948930,Bike,Electronic City,Kammanahalli,182.0,80.0,Not Applicable,Not Applicable,No,Not Applicable,417,Cash,27,3.2,4.0
2024-07-09 10:51:00,CNR6133669348,Success,CID514856,Auto,JP Nagar,Marathahalli,147.0,40.0,Not Applicable,Not Applicable,No,Not Applicable,477,Cash,12,3.9,3.7
2024-07-19 21:09:00,CNR4138343595,Success,CID643281,Mini,Bellandur,Varthur,98.0,125.0,Not Applicable,Not Applicable,No,Not Applicable,621,Cash,39,3.5,4.7
2024-07-06 02:24:00,CNR5842667174,Success,CID813778,Prime Sedan,Kadugodi,Ramamurthy Nagar,210.0,135.0,Not Applicable,Not Applicable,No,Not Applicable,423,UPI,40,3.5,3.1
2024-07-19 02:24:00,CNR4321371799,Success,CID194802,Bike,Shantinagar,Ulsoor,308.0,100.0,Not Applicable,Not Applicable,No,Not Applicable,366,Cash,38,3.9,3.3
2024-07-21 20:05:00,CNR9788410673,Driver Not Found,CID236402,Auto,Rajarajeshwari Nagar,Banashankari,,,Not Applicable,Not Applicable,Not Applicable,Not Applicable,987,Not Applicable,0,,
2024-07-26 15:45:00,CNR1971282211,Success,CID949401,Prime Plus,Jayanagar,Majestic,238.0,130.0,Not Applicable,Not Applicable,No,Not Applicable,453,Cash,15,3.8,4.4
2024-07-18 17:35:00,CNR5814037030,Canceled by Customer,CID767544,Bike,Bellandur,Hosur Road,,,Driver is not moving towards pickup location,Not Applicable,Not Applicable,Not Applicable,316,Not Applicable,0,,
2024-07-14 15:02:00,CNR3124844742,Canceled by Driver,CID859909,eBike,Koramangala,Nagarbhavi,,,Not Applicable,Customer related issue,Not Applicable,Not Applicable,182,Not Applicable,0,,
2024-07-10 20:55:00,CNR8851150477,Success,CID493471,Auto,Hulimavu,BTM Layout,294.0,70.0,Not Applicable,Not Applicable,No,Not Applicable,344,UPI,12,4.6,3.0
2024-07-20 12:32:00,CNR5157778220,Success,CID238458,Bike,Banashankari,Banashankari,56.0,140.0,Not Applicable,Not Applicable,No,Not Applicable,996,UPI,25,3.9,3.8
2024-07-12 09:59:00,CNR6679880716,Success,CID456030,Bike,Magadi Road,Cox Town,98.0,135.0,Not Applicable,Not Applicable,No,Not Applicable,478,Cash,18,3.5,3.5
2024-07-23 18:44:00,CNR2388558579,Success,CID521741,Bike,Mysore Road,Vijayanagar,189.0,55.0,Not Applicable,Not Applicable,No,Not Applicable,493,Cash,26,3.5,3.8
2024-07-24 07:21:00,CNR7745971284,Success,CID832044,Auto,Ulsoor,Shantinagar,98.0,30.0,Not Applicable,Not Applicable,No,Not Applicable,663,Cash,4,3.3,4.5
2024-07-19 15:33:00,CNR2867578159,Success,CID492149,Prime SUV,Hulimavu,HSR Layout,210.0,70.0,Not Applicable,Not Applicable,No,Not Applicable,490,UPI,18,4.7,3.6
2024-07-08 03:06:00,CNR5145782945,Success,CID826670,Prime SUV,MG Road,Richmond Town,98.0,105.0,Not Applicable,Not Applicable,No,Not Applicable,674,UPI,6,3.7,4.4
2024-07-07 07:55:00,CNR9452705752,Success,CID289375,Prime Plus,Rajarajeshwari Nagar,Magadi Road,161.0,110.0,Not Applicable,Not Applicable,No,Not Applicable,679,UPI,2,3.2,3.1
2024-07-17 19:25:00,CNR2758398098,Success,CID150873,Prime Sedan,Banashankari,Bellandur,301.0,95.0,Not Applicable,Not Applicable,No,Not Applicable,356,Debit Card,5,3.8,3.6
2024-07-24 08:29:00,CNR1096160581,Success,CID757265,Prime SUV,Tumkur Road,Electronic City,182.0,35.0,Not Applicable,Not Applicable,No,Not Applicable,252,Cash,40,4.9,4.7
2024-07-30 00:42:00,CNR3873707708,Success,CID699807,Prime SUV,Magadi Road,Richmond Town,259.0,105.0,Not Applicable,Not Applicable,No,Not Applicable,270,Cash,49,4.1,3.1
2024-07-26 02:14:00,CNR3357317289,Success,CID767304,Prime Sedan,Rajarajeshwari Nagar,HSR Layout,273.0,145.0,Not Applicable,Not Applicable,No,Not Applicable,368,UPI,6,4.4,4.0
2024-07-06 18:14:00,CNR8052521111,Success,CID782517,Mini,Kammanahalli,Kammanahalli,231.0,100.0,Not Applicable,Not Applicable,No,Not Applicable,232,UPI,45,4.2,4.9
2024-07-28 16:55:00,CNR8752511504,Canceled by Customer,CID718088,Prime SUV,Yelahanka,Padmanabhanagar,,,Wrong Address,Not Applicable,Not Applicable,Not Applicable,246,Not Applicable,0,,
2024-07-17 23:49:00,CNR3970837038,Driver Not Found,CID771877,Prime Sedan,Banashankari,Devanahalli,,,Not Applicable,Not Applicable,Not Applicable,Not Applicable,345,Not Applicable,0,,
2024-07-24 02:14:00,CNR5360394268,Success,CID236635,Bike,Chickpet,Rajarajeshwari Nagar,280.0,105.0,Not Applicable,Not Applicable,No,Not Applicable,317,UPI,45,3.1,3.4
2024-07-14 08:12:00,CNR5445037528,Canceled by Driver,CID543322,Prime Plus,Yelahanka,Indiranagar,,,Not Applicable,Customer was coughing/sick,Not Applicable,Not Applicable,246,Not Applicable,0,,
2024-07-10 17:42:00,CNR7055919683,Canceled by Customer,CID475357,eBike,Marathahalli,Varthur,,,AC is Not working,Not Applicable,Not Applicable,Not Applicable,879,Not Applicable,0,,
2024-07-08 22:31:00,CNR3086923815,Canceled by Driver,CID852896,eBike,Basavanagudi,Electronic City,,,Not Applicable,Customer was coughing/sick,Not Applicable,Not Applicable,444,Not Applicable,0,,
2024-07-05 16:11:00,CNR4126379199,Success,CID166775,eBike,Kengeri,Bannerghatta Road,301.0,130.0,Not Applicable,Not Applicable,No,Not Applicable,267,Cash,24,3.9,4.5
2024-07-12 03:25:00,CNR3038260878,Driver Not Found,CID401034,Mini,Yeshwanthpur,Chamarajpet,,,Not Applicable,Not Applicable,Not Applicable,Not Applicable,453,Not Applicable,0,,
2024-07-04 05:50:00,CNR7562179386,Driver Not Found,CID197547,Auto,Sahakar Nagar,Sarjapur Road,,,Not Applicable,Not Applicable,Not Applicable,Not Applicable,209,Not Applicable,0,,
2024-07-27 18:30:00,CNR2934773692,Driver Not Found,CID324818,Mini,MG Road,Chickpet,,,Not Applicable,Not Applicable,Not Applicable,Not Applicable,202,Not Applicable,0,,
2024-07-19 18:20:00,CNR5843151430,Success,CID777393,Bike,Basavanagudi,Tumkur Road,63.0,40.0,Not Applicable,Not Applicable,No,Not Applicable,101,UPI,44,3.3,3.1
2024-07-02 10:12:00,CNR5067886612,Canceled by Customer,CID448924,Prime SUV,Yelahanka,Frazer Town,,,Change of plans,Not Applicable,Not Applicable,Not Applicable,453,Not Applicable,0,,
2024-07-02 23:53:00,CNR8360379040,Driver Not Found,CID318100,Prime Plus,Tumkur Road,Mysore Road,,,Not Applicable,Not Applicable,Not Applicable,Not Applicable,189,Not Applicable,0,,
2024-07-11 04:36:00,CNR8853767704,Success,CID423462,Prime Sedan,Sarjapur Road,JP Nagar,238.0,45.0,Not Applicable,Not Applicable,No,Not Applicable,431,Cash,34,3.9,3.2
2024-07-06 16:32:00,CNR3639796006,Canceled by Driver,CID735332,Bike,Shantinagar,RT Nagar,,,Not Applicable,Personal & Car related issue,Not Applicable,Not Applicable,177,Not Applicable,0,,
2024-07-20 19:03:00,CNR3986195385,Success,CID370170,Prime SUV,Kadugodi,Frazer Town,266.0,40.0,Not Applicable,Not Applicable,No,Not Applicable,473,Cash,2,4.3,3.4
2024-07-26 07:46:00,CNR7950203876,Success,CID750475,Bike,Peenya,KR Puram,35.0,70.0,Not Applicable,Not Applicable,No,Not Applicable,541,Cash,47,4.1,4.2
2024-07-18 20:45:00,CNR2665816489,Canceled by Driver,CID764645,Prime Sedan,Koramangala,Jayanagar,,,Not Applicable,Customer was coughing/sick,Not Applicable,Not Applicable,454,Not Applicable,0,,
2024-07-06 22:20:00,CNR2593167771,Success,CID146525,eBike,Devanahalli,Sarjapur Road,91.0,35.0,Not Applicable,Not Applicable,Yes,Vehicle Breakdown,299,Cash,49,4.5,3.7
2024-07-12 09:07:00,CNR4519127450,Success,CID660145,Prime SUV,Sahakar Nagar,Rajarajeshwari Nagar,294.0,105.0,Not Applicable,Not Applicable,No,Not Applicable,307,Cash,36,3.4,4.6
2024-07-21 17:58:00,CNR6906001481,Success,CID430353,Mini,Devanahalli,HSR Layout,112.0,95.0,Not Applicable,Not Applicable,No,Not Applicable,318,Cash,27,3.6,4.8
2024-07-11 20:58:00,CNR1260652052,Success,CID184150,Auto,Sahakar Nagar,Hulimavu,175.0,35.0,Not Applicable,Not Applicable,No,Not Applicable,502,Cash,14,4.7,4.9
2024-07-16 13:41:00,CNR8380885371,Success,CID591433,Bike,Rajajinagar,KR Puram,252.0,50.0,Not Applicable,Not Applicable,No,Not Applicable,199,Cash,26,3.3,3.8
2024-07-11 16:13:00,CNR2737539551,Success,CID205741,eBike,Banashankari,Sahakar Nagar,49.0,140.0,Not Applicable,Not Applicable,No,Not Applicable,192,UPI,46,4.4,4.2
2024-07-24 16:10:00,CNR2842515796,Success,CID559589,Prime Sedan,JP Nagar,Mysore Road,91.0,80.0,Not Applicable,Not Applicable,No,Not Applicable,431,Cash,43,3.3,3.6
2024-07-17 10:58:00,CNR1028010246,Driver Not Found,CID547814,Prime SUV,Kammanahalli,Hennur,,,Not Applicable,Not Applicable,Not Applicable,Not Applicable,1636,Not Applicable,0,,
2024-07-20 13:07:00,CNR2939757462,Driver Not Found,CID299289,Auto,Hennur,HSR Layout,,,Not Applicable,Not Applicable,Not Applicable,Not Applicable,766,Not Applicable,0,,
2024-07-09 16:51:00,CNR8233092096,Canceled by Driver,CID414673,Auto,Ramamurthy Nagar,Koramangala,,,Not Applicable,Customer related issue,Not Applicable,Not Applicable,748,Not Applicable,0,,
2024-07-13 05:38:00,CNR7156370256,Success,CID690296,Prime Plus,RT Nagar,RT Nagar,273.0,40.0,Not Applicable,Not Applicable,No,Not Applicable,487,Cash,22,4.6,3.5
2024-07-05 15:55:00,CNR3049189412,Success,CID813396,Prime SUV,Rajarajeshwari Nagar,Mysore Road,140.0,130.0,Not Applicable,Not Applicable,No,Not Applicable,350,Cash,14,4.1,3.2
2024-07-22 19:26:00,CNR6504611138,Success,CID345908,eBike,Chamarajpet,JP Nagar,105.0,110.0,Not Applicable,Not Applicable,No,Not Applicable,238,UPI,12,4.2,3.6
2024-07-01 20:09:00,CNR6985793995,Success,CID950083,Mini,RT Nagar,Varthur,210.0,70.0,Not Applicable,Not Applicable,No,Not Applicable,144,Cash,28,3.2,4.4
2024-07-17 19:59:00,CNR8392999146,Canceled by Customer,CID225047,Prime Plus,Indiranagar,Hennur,,,Driver asked to cancel,Not Applicable,Not Applicable,Not Applicable,837,Not Applicable,0,,
2024-07-09 02:47:00,CNR2400208802,Canceled by Customer,CID680357,Bike,Majestic,Sarjapur Road,,,Driver asked to cancel,Not Applicable,Not Applicable,Not Applicable,990,Not Applicable,0,,
2024-07-19 06:36:00,CNR6540855540,Canceled by Driver,CID116707,Prime SUV,Tumkur Road,Kammanahalli,,,Not Applicable,Customer related issue,Not Applicable,Not Applicable,382,Not Applicable,0,,
2024-07-09 06:09:00,CNR3241598903,Canceled by Driver,CID277988,eBike,Hosur Road,MG Road,,,Not Applicable,Personal & Car related issue,Not Applicable,Not Applicable,292,Not Applicable,0,,
2024-07-05 11:26:00,CNR6101764642,Success,CID910402,Bike,KR Puram,Hosur Road,42.0,60.0,Not Applicable,Not Applicable,No,Not Applicable,147,Cash,31,3.7,3.9
2024-07-06 07:17:00,CNR4517768980,Canceled by Driver,CID673979,Auto,Richmond Town,Ramamurthy Nagar,,,Not Applicable,More than permitted people in there,Not Applicable,Not Applicable,309,Not Applicable,0,,
2024-07-03 02:21:00,CNR9613087267,Canceled by Customer,CID754813,Bike,Kadugodi,Kadugodi,,,Change of plans,Not Applicable,Not Applicable,Not Applicable,421,Not Applicable,0,,
2024-07-01 14:52:00,CNR9495560320,Canceled by Customer,CID398056,Prime SUV,Majestic,Shantinagar,,,Driver asked to cancel,Not Applicable,Not Applicable,Not Applicable,407,Not Applicable,0,,
2024-07-25 23:50:00,CNR4812517333,Canceled by Customer,CID282701,Prime SUV,Kadugodi,Kammanahalli,,,Change of plans,Not Applicable,Not Applicable,Not Applicable,338,Not Applicable,0,,
2024-07-23 06:02:00,CNR2654118518,Canceled by Driver,CID946606,Bike,Sarjapur Road,JP Nagar,,,Not Applicable,Customer related issue,Not Applicable,Not Applicable,914,Not Applicable,0,,
2024-07-25 12:53:00,CNR4467425683,Success,CID998649,Auto,Chickpet,Padmanabhanagar,161.0,25.0,Not Applicable,Not Applicable,No,Not Applicable,285,Cash,15,3.7,4.7
2024-07-23 14:21:00,CNR4269939978,Success,CID526591,eBike,Shivajinagar,Hulimavu,238.0,75.0,Not Applicable,Not Applicable,No,Not Applicable,421,Cash,5,4.9,3.0
2024-07-24 21:07:00,CNR6232373306,Success,CID633052,Mini,Frazer Town,Varthur,147.0,90.0,Not Applicable,Not Applicable,No,Not Applicable,143,Cash,18,3.6,3.9
2024-07-30 22:58:00,CNR3593380926,Canceled by Driver,CID308282,Prime Sedan,Rajajinagar,Hulimavu,,,Not Applicable,More than permitted people in there,Not Applicable,Not Applicable,371,Not Applicable,0,,
2024-07-22 13:06:00,CNR8379339667,Canceled by Driver,CID694901,Auto,Shivajinagar,Hennur,,,Not Applicable,Customer was coughing/sick,Not Applicable,Not Applicable,318,Not Applicable,0,,
2024-07-24 00:30:00,CNR1824263255,Canceled by Customer,CID969555,eBike,Chickpet,Ulsoor,,,Change of plans,Not Applicable,Not Applicable,Not Applicable,676,Not Applicable,0,,
2024-07-07 12:01:00,CNR3912525057,Success,CID380160,Auto,Hosur Road,Chamarajpet,252.0,145.0,Not Applicable,Not Applicable,No,Not Applicable,800,UPI,16,4.1,3.8
2024-07-29 07:20:00,CNR9345232841,Canceled by Driver,CID169556,Prime Sedan,Malleshwaram,MG Road,,,Not Applicable,Personal & Car related issue,Not Applicable,Not Applicable,2314,Not Applicable,0,,
2024-07-19 02:39:00,CNR8361496118,Success,CID508874,Auto,Marathahalli,Rajajinagar,266.0,55.0,Not Applicable,Not Applicable,No,Not Applicable,133,Cash,2,4.0,4.1
2024-07-15 14:30:00,CNR4790150699,Canceled by Customer,CID512015,Prime Plus,Whitefield,Ulsoor,,,AC is Not working,Not Applicable,Not Applicable,Not Applicable,482,Not Applicable,0,,
2024-07-25 03:42:00,CNR1535311930,Canceled by Driver,CID673850,eBike,Shivajinagar,Shantinagar,,,Not Applicable,Customer was coughing/sick,Not Applicable,Not Applicable,118,Not Applicable,0,,
2024-07-10 11:44:00,CNR3431795153,Success,CID755303,eBike,Banashankari,Basavanagudi,98.0,45.0,Not Applicable,Not Applicable,No,Not Applicable,140,UPI,36,3.6,4.6
2024-07-24 21:15:00,CNR6915350820,Success,CID976903,Prime Plus,Shantinagar,Yelahanka,224.0,85.0,Not Applicable,Not Applicable,No,Not Applicable,232,UPI,29,3.7,3.9
2024-07-26 04:10:00,CNR1641376213,Canceled by Driver,CID675459,Prime Plus,Rajarajeshwari Nagar,Ramamurthy Nagar,,,Not Applicable,More than permitted people in there,Not Applicable,Not Applicable,132,Not Applicable,0,,
2024-07-18 16:42:00,CNR7322283764,Success,CID237558,Prime Sedan,Shivajinagar,Hulimavu,119.0,80.0,Not Applicable,Not Applicable,No,Not Applicable,100,Cash,28,3.6,4.0
2024-07-23 02:13:00,CNR6404543703,Success,CID252102,Mini,Mysore Road,Shivajinagar,196.0,45.0,Not Applicable,Not Applicable,No,Not Applicable,132,UPI,12,3.0,4.4
2024-07-28 01:58:00,CNR8478261261,Success,CID368475,Prime Sedan,Varthur,Shivajinagar,182.0,140.0,Not Applicable,Not Applicable,No,Not Applicable,741,Cash,20,4.2,3.8
2024-07-27 21:17:00,CNR8815662377,Success,CID996633,Prime Sedan,Rajajinagar,Devanahalli,105.0,50.0,Not Applicable,Not Applicable,No,Not Applicable,205,Cash,20,3.2,4.6
2024-07-24 21:17:00,CNR8503945937,Success,CID945918,eBike,KR Puram,Frazer Town,140.0,105.0,Not Applicable,Not Applicable,Yes,Customer Demand,189,Cash,48,4.3,4.3
2024-07-08 09:47:00,CNR3961725510,Driver Not Found,CID939670,Prime SUV,Chamarajpet,Nagarbhavi,,,Not Applicable,Not Applicable,Not Applicable,Not Applicable,1653,Not Applicable,0,,
2024-07-24 09:11:00,CNR5889855180,Canceled by Driver,CID767720,Prime SUV,Bannerghatta Road,HSR Layout,,,Not Applicable,Customer related issue,Not Applicable,Not Applicable,155,Not Applicable,0,,
2024-07-08 11:08:00,CNR1555337452,Canceled by Driver,CID187551,Prime Sedan,Ulsoor,Devanahalli,,,Not Applicable,Customer related issue,Not Applicable,Not Applicable,150,Not Applicable,0,,
2024-07-16 08:59:00,CNR2011169783,Canceled by Customer,CID912528,Prime Plus,Koramangala,Sarjapur Road,,,Driver asked to cancel,Not Applicable,Not Applicable,Not Applicable,416,Not Applicable,0,,
2024-07-04 13:30:00,CNR7527873664,Success,CID392932,eBike,Chamarajpet,Koramangala,126.0,85.0,Not Applicable,Not Applicable,No,Not Applicable,1247,Cash,36,4.3,3.1
2024-07-09 11:13:00,CNR4471495800,Success,CID251956,Prime Sedan,Rajajinagar,Devanahalli,63.0,115.0,Not Applicable,Not Applicable,No,Not Applicable,1320,Cash,20,3.3,3.1
2024-07-04 07:08:00,CNR7010797229,Success,CID680734,Prime Plus,Ramamurthy Nagar,Indiranagar,224.0,100.0,Not Applicable,Not Applicable,No,Not Applicable,474,Cash,2,4.0,3.2
2024-07-04 14:18:00,CNR5745015923,Canceled by Driver,CID301817,Prime Plus,HSR Layout,Devanahalli,,,Not Applicable,Personal & Car related issue,Not Applicable,Not Applicable,558,Not Applicable,0,,
2024-07-07 00:00:00,CNR4349962096,Canceled by Driver,CID344111,Auto,Ulsoor,Cox Town,,,Not Applicable,Personal & Car related issue,Not Applicable,Not Applicable,363,Not Applicable,0,,
2024-07-03 19:13:00,CNR5758445989,Canceled by Driver,CID877399,eBike,Shantinagar,Ulsoor,,,Not Applicable,Customer related issue,Not Applicable,Not Applicable,690,Not Applicable,0,,
2024-07-28 22:26:00,CNR1925922757,Canceled by Driver,CID463911,Prime Sedan,Yelahanka,Bannerghatta Road,,,Not Applicable,Personal & Car related issue,Not Applicable,Not Applicable,462,Not Applicable,0,,
2024-07-06 02:41:00,CNR4283782815,Canceled by Customer,CID313893,Auto,Koramangala,Bannerghatta Road,,,Driver is not moving towards pickup location,Not Applicable,Not Applicable,Not Applicable,2559,Not Applicable,0,,
2024-07-19 01:05:00,CNR8431600558,Driver Not Found,CID144555,Prime Sedan,MG Road,Indiranagar,,,Not Applicable,Not Applicable,Not Applicable,Not Applicable,664,Not Applicable,0,,
2024-07-11 13:18:00,CNR2174489909,Canceled by Driver,CID315359,Mini,Chickpet,Kadugodi,,,Not Applicable,Customer was coughing/sick,Not Applicable,Not Applicable,844,Not Applicable,0,,
2024-07-23 22:25:00,CNR7501920307,Success,CID896911,Bike,Varthur,KR Puram,301.0,85.0,Not Applicable,Not Applicable,No,Not Applicable,437,Cash,33,5.0,4.2
2024-07-02 16:32:00,CNR1965477320,Success,CID207078,Prime Plus,Shantinagar,Kengeri,175.0,65.0,Not Applicable,Not Applicable,No,Not Applicable,530,Cash,49,3.9,3.9
2024-07-14 20:02:00,CNR3963492922,Success,CID614940,Prime Plus,Marathahalli,Devanahalli,84.0,125.0,Not Applicable,Not Applicable,No,Not Applicable,140,Cash,25,4.5,3.0
2024-07-08 10:35:00,CNR9997571903,Success,CID847999,Bike,Kengeri,Yelahanka,84.0,105.0,Not Applicable,Not Applicable,No,Not Applicable,166,UPI,23,3.9,4.1
2024-07-24 05:55:00,CNR2310252373,Canceled by Customer,CID919761,eBike,Hebbal,Langford Town,,,AC is Not working,Not Applicable,Not Applicable,Not Applicable,320,Not Applicable,0,,
2024-07-09 03:55:00,CNR1108565070,Canceled by Customer,CID276376,Prime Plus,Kammanahalli,Majestic,,,Driver is not moving towards pickup location,Not Applicable,Not Applicable,Not Applicable,269,Not Applicable,0,,
2024-07-09 06:24:00,CNR6002637332,Success,CID819351,Prime Plus,Sahakar Nagar,Richmond Town,112.0,145.0,Not Applicable,Not Applicable,No,Not Applicable,430,Cash,21,3.3,3.5
2024-07-13 21:05:00,CNR2284817191,Success,CID955762,Prime SUV,MG Road,Kadugodi,266.0,125.0,Not Applicable,Not Applicable,No,Not Applicable,494,Cash,11,4.3,3.4
2024-07-26 23:35:00,CNR4764621015,Success,CID260164,Prime Plus,Shivajinagar,Kengeri,84.0,130.0,Not Applicable,Not Applicable,Yes,Other Issue,582,UPI,42,4.7,4.8
2024-07-29 07:29:00,CNR3953998047,Driver Not Found,CID448628,Bike,KR Puram,Chickpet,,,Not Applicable,Not Applicable,Not Applicable,Not Applicable,295,Not Applicable,0,,
2024-07-01 20:07:00,CNR4054565936,Canceled by Customer,CID140756,Bike,Hebbal,Hosur Road,,,Change of plans,Not Applicable,Not Applicable,Not Applicable,483,Not Applicable,0,,
2024-07-11 22:50:00,CNR8333600632,Canceled by Driver,CID467022,Prime SUV,Sahakar Nagar,Hebbal,,,Not Applicable,Customer was coughing/sick,Not Applicable,Not Applicable,115,Not Applicable,0,,
2024-07-12 07:54:00,CNR8945521197,Success,CID930685,Prime Plus,JP Nagar,Hebbal,238.0,75.0,Not Applicable,Not Applicable,No,Not Applicable,905,UPI,34,4.8,4.2
2024-07-10 03:39:00,CNR4337153031,Success,CID719063,Bike,Electronic City,Hebbal,77.0,90.0,Not Applicable,Not Applicable,No,Not Applicable,110,UPI,46,4.6,3.5
2024-07-29 04:08:00,CNR2582376511,Canceled by Driver,CID249286,Mini,Chamarajpet,Shivajinagar,,,Not Applicable,Personal & Car related issue,Not Applicable,Not Applicable,793,Not Applicable,0,,
2024-07-27 21:36:00,CNR9883259476,Success,CID639306,Prime SUV,Hulimavu,Kammanahalli,112.0,90.0,Not Applicable,Not Applicable,No,Not Applicable,2748,UPI,27,4.2,3.5
2024-07-01 11:06:00,CNR6481854331,Success,CID508598,Auto,Rajajinagar,Richmond Town,245.0,115.0,Not Applicable,Not Applicable,No,Not Applicable,490,Cash,5,4.7,4.3
2024-07-15 21:35:00,CNR1638225680,Canceled by Customer,CID407215,Mini,Tumkur Road,Rajarajeshwari Nagar,,,Driver asked to cancel,Not Applicable,Not Applicable,Not Applicable,167,Not Applicable,0,,
2024-07-17 03:10:00,CNR6724321976,Success,CID288074,Bike,KR Puram,Rajarajeshwari Nagar,126.0,135.0,Not Applicable,Not Applicable,No,Not Applicable,245,UPI,42,4.6,5.0
2024-07-14 21:50:00,CNR1796058914,Success,CID966260,Auto,Mysore Road,Tumkur Road,231.0,105.0,Not Applicable,Not Applicable,Yes,Vehicle Breakdown,985,Cash,16,4.0,3.5
2024-07-06 18:33:00,CNR7599497432,Success,CID990844,Prime SUV,Kadugodi,Chickpet,161.0,140.0,Not Applicable,Not Applicable,No,Not Applicable,2464,Cash,42,4.8,3.3
2024-07-13 14:37:00,CNR6025155530,Success,CID355584,Prime Plus,Hosur Road,Devanahalli,140.0,35.0,Not Applicable,Not Applicable,Yes,Vehicle Breakdown,207,UPI,25,3.6,3.0
2024-07-11 05:35:00,CNR4177292726,Success,CID376626,Bike,Shivajinagar,BTM Layout,133.0,100.0,Not Applicable,Not Applicable,No,Not Applicable,112,UPI,21,3.8,4.1
2024-07-22 19:38:00,CNR7293059205,Success,CID761926,Bike,Tumkur Road,Basavanagudi,91.0,125.0,Not Applicable,Not Applicable,No,Not Applicable,851,Cash,36,4.1,4.6
2024-07-17 19:46:00,CNR4804160920,Driver Not Found,CID869523,Auto,Peenya,Mysore Road,,,Not Applicable,Not Applicable,Not Applicable,Not Applicable,936,Not Applicable,0,,
2024-07-17 06:08:00,CNR5090350762,Success,CID241817,Bike,Hulimavu,Hulimavu,308.0,95.0,Not Applicable,Not Applicable,No,Not Applicable,314,UPI,13,4.9,5.0
2024-07-04 12:55:00,CNR6884127886,Canceled by Driver,CID521048,eBike,Bannerghatta Road,Nagarbhavi,,,Not Applicable,Customer was coughing/sick,Not Applicable,Not Applicable,384,Not Applicable,0,,
2024-07-26 02:17:00,CNR5889083330,Driver Not Found,CID279536,Auto,Rajarajeshwari Nagar,Bellandur,,,Not Applicable,Not Applicable,Not Applicable,Not Applicable,197,Not Applicable,0,,
2024-07-26 10:48:00,CNR7273731300,Success,CID994640,eBike,Banashankari,Electronic City,308.0,135.0,Not Applicable,Not Applicable,No,Not Applicable,698,UPI,39,4.2,3.8
2024-07-13 08:04:00,CNR2738118260,Canceled by Driver,CID528171,Auto,Indiranagar,Padmanabhanagar,,,Not Applicable,Personal & Car related issue,Not Applicable,Not Applicable,130,Not Applicable,0,,
2024-07-22 06:04:00,CNR1750024715,Success,CID461316,eBike,Yeshwanthpur,Cox Town,154.0,55.0,Not Applicable,Not Applicable,No,Not Applicable,232,Cash,15,3.2,4.0
2024-07-05 13:25:00,CNR1591649695,Success,CID472697,Prime Sedan,Kadugodi,Frazer Town,84.0,145.0,Not Applicable,Not Applicable,No,Not Applicable,2570,UPI,29,4.8,3.2
2024-07-08 10:47:00,CNR8747345530,Success,CID295270,Prime Sedan,Indiranagar,RT Nagar,196.0,30.0,Not Applicable,Not Applicable,No,Not Applicable,698,UPI,7,4.3,4.7
2024-07-03 02:51:00,CNR9494827317,Success,CID548934,eBike,Basavanagudi,Marathahalli,217.0,105.0,Not Applicable,Not Applicable,No,Not Applicable,2259,UPI,17,4.4,3.1
2024-07-30 06:48:00,CNR4487032512,Canceled by Driver,CID879003,Mini,Yelahanka,Basavanagudi,,,Not Applicable,Personal & Car related issue,Not Applicable,Not Applicable,414,Not Applicable,0,,
2024-07-20 01:34:00,CNR1701611832,Success,CID110559,Auto,Rajarajeshwari Nagar,Peenya,140.0,75.0,Not Applicable,Not Applicable,No,Not Applicable,412,UPI,19,3.3,4.0
2024-07-18 20:33:00,CNR1606891085,Driver Not Found,CID315711,Auto,BTM Layout,Peenya,,,Not Applicable,Not Applicable,Not Applicable,Not Applicable,686,Not Applicable,0,,
2024-07-21 00:03:00,CNR3329070823,Success,CID899252,Prime SUV,Yelahanka,KR Puram,161.0,125.0,Not Applicable,Not Applicable,No,Not Applicable,363,UPI,23,4.4,3.8
2024-07-29 18:31:00,CNR4613617209,Driver Not Found,CID514071,Auto,Kadugodi,Sahakar Nagar,,,Not Applicable,Not Applicable,Not Applicable,Not Applicable,731,Not Applicable,0,,
2024-07-09 00:19:00,CNR3177120231,Success,CID691769,eBike,Ulsoor,Vijayanagar,259.0,140.0,Not Applicable,Not Applicable,No,Not Applicable,391,Cash,32,3.5,4.3
2024-07-25 04:02:00,CNR7469956157,Canceled by Customer,CID569916,Prime Plus,Mysore Road,Whitefield,,,Driver asked to cancel,Not Applicable,Not Applicable,Not Applicable,629,Not Applicable,0,,
2024-07-12 23:48:00,CNR9914835458,Success,CID988926,Mini,Magadi Road,KR Puram,84.0,75.0,Not Applicable,Not Applicable,No,Not Applicable,489,Cash,28,3.1,4.0
2024-07-23 17:51:00,CNR3338168710,Success,CID122283,Prime Plus,Chamarajpet,Ramamurthy Nagar,98.0,85.0,Not Applicable,Not Applicable,No,Not Applicable,352,Cash,44,3.6,4.2
2024-07-21 16:50:00,CNR6861240187,Canceled by Customer,CID566678,Prime SUV,Hosur Road,Peenya,,,Change of plans,Not Applicable,Not Applicable,Not Applicable,353,Not Applicable,0,,
2024-07-02 10:00:00,CNR8807629858,Success,CID258872,Bike,Bannerghatta Road,Hosur Road,266.0,100.0,Not Applicable,Not Applicable,No,Not Applicable,473,Cash,40,4.6,4.6
2024-07-10 10:32:00,CNR9597476711,Success,CID601403,Bike,Bannerghatta Road,KR Puram,147.0,65.0,Not Applicable,Not Applicable,No,Not Applicable,161,Cash,26,4.4,3.6
2024-07-10 08:36:00,CNR2861437363,Canceled by Driver,CID866802,Mini,Padmanabhanagar,Sarjapur Road,,,Not Applicable,More than permitted people in there,Not Applicable,Not Applicable,124,Not Applicable,0,,
2024-07-18 06:00:00,CNR4427896449,Success,CID246109,Prime SUV,Tumkur Road,Peenya,273.0,80.0,Not Applicable,Not Applicable,No,Not Applicable,390,Cash,43,4.2,3.3
2024-07-17 00:31:00,CNR2348689544,Success,CID257835,Prime Plus,Hennur,Kammanahalli,210.0,110.0,Not Applicable,Not Applicable,No,Not Applicable,322,Cash,32,3.8,4.0
2024-07-29 05:58:00,CNR7040019764,Success,CID814949,Prime Plus,Bannerghatta Road,Tumkur Road,77.0,85.0,Not Applicable,Not Applicable,No,Not Applicable,269,Cash,14,4.4,4.5
2024-07-30 03:56:00,CNR5411899153,Success,CID718086,Bike,Tumkur Road,Marathahalli,119.0,95.0,Not Applicable,Not Applicable,No,Not Applicable,816,UPI,39,3.3,3.3
2024-07-19 21:44:00,CNR4591529607,Canceled by Customer,CID345238,eBike,Devanahalli,Varthur,,,Driver is not moving towards pickup location,Not Applicable,Not Applicable,Not Applicable,633,Not Applicable,0,,
2024-07-14 08:10:00,CNR2671840128,Success,CID597176,Prime Sedan,Whitefield,Kammanahalli,168.0,125.0,Not Applicable,Not Applicable,No,Not Applicable,572,Cash,49,3.6,4.2
2024-07-12 23:52:00,CNR4407426185,Canceled by Driver,CID245322,Mini,Hennur,Frazer Town,,,Not Applicable,More than permitted people in there,Not Applicable,Not Applicable,1999,Not Applicable,0,,
2024-07-18 21:57:00,CNR3195652593,Success,CID884116,Prime Plus,Yelahanka,Malleshwaram,294.0,45.0,Not Applicable,Not Applicable,No,Not Applicable,283,Credit Card,47,4.7,3.3
2024-07-11 20:07:00,CNR1029807405,Driver Not Found,CID235325,Bike,Hebbal,Whitefield,,,Not Applicable,Not Applicable,Not Applicable,Not Applicable,219,Not Applicable,0,,
2024-07-29 22:44:00,CNR7665465143,Success,CID335269,Prime SUV,Langford Town,Yelahanka,196.0,100.0,Not Applicable,Not Applicable,No,Not Applicable,1160,Cash,8,5.0,4.2
2024-07-10 00:35:00,CNR2980433307,Success,CID437453,Prime Sedan,Bannerghatta Road,Devanahalli,63.0,125.0,Not Applicable,Not Applicable,No,Not Applicable,426,Cash,38,3.9,4.6
2024-07-29 16:15:00,CNR8047725011,Canceled by Customer,CID959382,eBike,Bannerghatta Road,Yelahanka,,,Driver asked to cancel,Not Applicable,Not Applicable,Not Applicable,458,Not Applicable,0,,
2024-07-20 02:08:00,CNR9270362169,Success,CID789011,Prime Sedan,Majestic,Electronic City,182.0,70.0,Not Applicable,Not Applicable,No,Not Applicable,419,Cash,12,3.6,4.4
2024-07-19 15:35:00,CNR1871711892,Success,CID521075,eBike,Nagarbhavi,Devanahalli,84.0,75.0,Not Applicable,Not Applicable,No,Not Applicable,726,UPI,32,3.8,3.4
2024-07-20 02:42:00,CNR4307084976,Success,CID933363,Prime SUV,Whitefield,Indiranagar,161.0,145.0,Not Applicable,Not Applicable,No,Not Applicable,166,Cash,8,4.5,3.9
2024-07-25 18:25:00,CNR4751390308,Driver Not Found,CID982134,Prime Plus,MG Road,Varthur,,,Not Applicable,Not Applicable,Not Applicable,Not Applicable,204,Not Applicable,0,,
2024-07-07 22:04:00,CNR4112957157,Canceled by Customer,CID639901,Mini,Indiranagar,Kammanahalli,,,Driver is not moving towards pickup location,Not Applicable,Not Applicable,Not Applicable,2686,Not Applicable,0,,
2024-07-28 13:37:00,CNR8479517158,Success,CID484671,Bike,Frazer Town,Indiranagar,287.0,105.0,Not Applicable,Not Applicable,No,Not Applicable,105,Cash,12,3.5,4.4
2024-07-04 09:34:00,CNR7847965900,Success,CID363787,Prime Sedan,Mysore Road,Chamarajpet,231.0,80.0,Not Applicable,Not Applicable,No,Not Applicable,179,UPI,35,4.8,4.6
2024-07-08 13:08:00,CNR6918925899,Success,CID785506,Prime Plus,Yelahanka,HSR Layout,84.0,60.0,Not Applicable,Not Applicable,Yes,Customer Demand,459,Cash,40,3.4,4.9
2024-07-25 02:07:00,CNR3153949594,Success,CID211156,Mini,Peenya,Frazer Town,42.0,100.0,Not Applicable,Not Applicable,No,Not Applicable,757,UPI,16,3.2,4.7
2024-07-09 22:07:00,CNR7733492542,Success,CID132049,Bike,Hosur Road,Bellandur,224.0,25.0,Not Applicable,Not Applicable,No,Not Applicable,406,Cash,4,3.4,3.3
2024-07-01 15:34:00,CNR5306882120,Success,CID514700,Prime Sedan,Hosur Road,Yeshwanthpur,294.0,35.0,Not Applicable,Not Applicable,No,Not Applicable,262,Cash,45,4.1,4.1
2024-07-21 16:54:00,CNR4626400658,Driver Not Found,CID231196,Bike,Cox Town,Hosur Road,,,Not Applicable,Not Applicable,Not Applicable,Not Applicable,230,Not Applicable,0,,
2024-07-02 14:53:00,CNR4601531094,Success,CID293003,eBike,Majestic,Malleshwaram,70.0,130.0,Not Applicable,Not Applicable,No,Not Applicable,462,Cash,42,3.7,4.4
2024-07-27 12:43:00,CNR8724287076,Success,CID645214,Prime Sedan,Banashankari,MG Road,231.0,65.0,Not Applicable,Not Applicable,No,Not Applicable,2770,Cash,33,3.7,4.7
2024-07-22 04:13:00,CNR5163301477,Success,CID366332,eBike,Peenya,Hulimavu,49.0,125.0,Not Applicable,Not Applicable,No,Not Applicable,269,Cash,5,4.1,3.0
2024-07-20 16:18:00,CNR2001411336,Success,CID852046,Auto,Whitefield,Malleshwaram,140.0,115.0,Not Applicable,Not Applicable,No,Not Applicable,168,Cash,1,3.3,4.8
2024-07-28 21:51:00,CNR7709395906,Canceled by Customer,CID584725,Mini,Magadi Road,Basavanagudi,,,Change of plans,Not Applicable,Not Applicable,Not Applicable,365,Not Applicable,0,,
2024-07-11 10:33:00,CNR8554032740,Success,CID715885,Prime Sedan,Devanahalli,Varthur,140.0,130.0,Not Applicable,Not Applicable,No,Not Applicable,1357,UPI,28,3.9,3.9
2024-07-28 10:06:00,CNR7983620053,Success,CID307544,Mini,HSR Layout,Chickpet,77.0,95.0,Not Applicable,Not Applicable,No,Not Applicable,305,Cash,42,3.2,4.6
2024-07-10 05:20:00,CNR4864858562,Success,CID888108,Mini,Indiranagar,Hebbal,84.0,55.0,Not Applicable,Not Applicable,No,Not Applicable,607,UPI,30,3.1,3.5
2024-07-04 18:29:00,CNR5259854573,Success,CID420321,eBike,Richmond Town,Indiranagar,245.0,110.0,Not Applicable,Not Applicable,No,Not Applicable,990,Cash,6,4.7,4.7
2024-07-26 23:51:00,CNR5631474706,Success,CID224730,eBike,Basavanagudi,Peenya,91.0,35.0,Not Applicable,Not Applicable,No,Not Applicable,392,Cash,32,3.3,3.4
2024-07-11 14:44:00,CNR7140285486,Success,CID226212,Prime Sedan,Sarjapur Road,Kengeri,224.0,60.0,Not Applicable,Not Applicable,No,Not Applicable,432,UPI,1,3.8,3.8
2024-07-20 06:25:00,CNR5545867044,Success,CID936978,Auto,Bannerghatta Road,Rajarajeshwari Nagar,189.0,140.0,Not Applicable,Not Applicable,No,Not Applicable,462,Cash,6,3.8,3.3
2024-07-05 23:53:00,CNR9072502497,Success,CID405534,Prime SUV,Jayanagar,Shantinagar,112.0,50.0,Not Applicable,Not Applicable,No,Not Applicable,441,Cash,18,3.3,4.2
2024-07-04 12:06:00,CNR4139752604,Success,CID818269,Bike,RT Nagar,Shantinagar,210.0,80.0,Not Applicable,Not Applicable,No,Not Applicable,453,UPI,25,3.4,3.7
2024-07-16 22:11:00,CNR4549019622,Canceled by Driver,CID528322,Prime Plus,Tumkur Road,Shivajinagar,,,Not Applicable,Customer related issue,Not Applicable,Not Applicable,277,Not Applicable,0,,
2024-07-09 05:47:00,CNR9532261074,Success,CID725293,Prime Plus,Yeshwanthpur,Shantinagar,182.0,25.0,Not Applicable,Not Applicable,No,Not Applicable,2187,Cash,24,3.5,4.2
2024-07-14 01:13:00,CNR8155940671,Success,CID334702,Prime Sedan,Sahakar Nagar,Marathahalli,84.0,50.0,Not Applicable,Not Applicable,No,Not Applicable,965,Cash,8,4.4,4.2
2024-07-23 07:53:00,CNR1959269274,Success,CID912206,Auto,Sahakar Nagar,Basavanagudi,77.0,80.0,Not Applicable,Not Applicable,No,Not Applicable,382,Cash,16,4.0,4.1
2024-07-10 09:31:00,CNR9947448662,Success,CID560411,Auto,RT Nagar,Padmanabhanagar,77.0,140.0,Not Applicable,Not Applicable,No,Not Applicable,869,Cash,19,3.9,3.8
2024-07-05 08:52:00,CNR6221177457,Success,CID717775,Auto,Yelahanka,Cox Town,182.0,65.0,Not Applicable,Not Applicable,Yes,Vehicle Breakdown,457,UPI,1,4.7,3.6
2024-07-01 13:09:00,CNR1334088968,Driver Not Found,CID381132,Auto,Ramamurthy Nagar,Yelahanka,,,Not Applicable,Not Applicable,Not Applicable,Not Applicable,403,Not Applicable,0,,
2024-07-10 10:07:00,CNR7843987868,Success,CID131340,Prime SUV,Cox Town,Langford Town,175.0,125.0,Not Applicable,Not Applicable,No,Not Applicable,137,Cash,7,4.2,4.8
2024-07-19 10:37:00,CNR5569568911,Success,CID160552,Prime Sedan,Sarjapur Road,Hennur,147.0,115.0,Not Applicable,Not Applicable,No,Not Applicable,266,Cash,20,3.8,4.7
2024-07-25 09:37:00,CNR6204816409,Success,CID574980,Bike,Marathahalli,Kengeri,189.0,145.0,Not Applicable,Not Applicable,No,Not Applicable,156,UPI,15,3.2,3.3
2024-07-09 05:28:00,CNR1423979495,Success,CID142663,eBike,Frazer Town,Chickpet,126.0,65.0,Not Applicable,Not Applicable,No,Not Applicable,850,Cash,31,3.7,3.8
2024-07-08 00:26:00,CNR6275316113,Success,CID784262,Bike,Chamarajpet,Bannerghatta Road,70.0,80.0,Not Applicable,Not Applicable,Yes,Customer Demand,768,UPI,44,4.7,4.9
2024-07-26 14:04:00,CNR9190578340,Canceled by Driver,CID885654,Auto,Frazer Town,Rajajinagar,,,Not Applicable,Customer was coughing/sick,Not Applicable,Not Applicable,393,Not Applicable,0,,
2024-07-05 12:14:00,CNR8341685317,Success,CID156164,Mini,Peenya,Sarjapur Road,203.0,85.0,Not Applicable,Not Applicable,No,Not Applicable,1998,Cash,33,3.8,4.3
2024-07-07 14:01:00,CNR5341307912,Canceled by Driver,CID625256,Prime Plus,Kengeri,Magadi Road,,,Not Applicable,Customer was coughing/sick,Not Applicable,Not Applicable,969,Not Applicable,0,,
2024-07-17 15:15:00,CNR2160356959,Canceled by Customer,CID805197,Prime Sedan,Varthur,Electronic City,,,Change of plans,Not Applicable,Not Applicable,Not Applicable,959,Not Applicable,0,,
2024-07-08 00:28:00,CNR3495729682,Canceled by Driver,CID993537,Prime Sedan,Jayanagar,Indiranagar,,,Not Applicable,Customer was coughing/sick,Not Applicable,Not Applicable,390,Not Applicable,0,,
2024-07-19 10:43:00,CNR5902378504,Canceled by Driver,CID615245,Auto,BTM Layout,Frazer Town,,,Not Applicable,Personal & Car related issue,Not Applicable,Not Applicable,236,Not Applicable,0,,
2024-07-13 00:20:00,CNR1777664050,Canceled by Customer,CID399912,Prime Plus,Whitefield,Yelahanka,,,Driver asked to cancel,Not Applicable,Not Applicable,Not Applicable,490,Not Applicable,0,,
2024-07-17 18:22:00,CNR6424616046,Success,CID236073,eBike,RT Nagar,RT Nagar,126.0,50.0,Not Applicable,Not Applicable,No,Not Applicable,975,Cash,10,4.2,4.4
2024-07-18 05:59:00,CNR4542886935,Success,CID607935,Auto,Ulsoor,Bellandur,252.0,120.0,Not Applicable,Not Applicable,Yes,Other Issue,941,Cash,3,3.7,4.4
2024-07-15 08:46:00,CNR7251899648,Success,CID625069,Bike,Banashankari,MG Road,231.0,145.0,Not Applicable,Not Applicable,No,Not Applicable,208,Cash,9,4.9,4.5
2024-07-11 07:14:00,CNR5324884998,Success,CID328816,Auto,Bellandur,Magadi Road,126.0,85.0,Not Applicable,Not Applicable,Yes,Vehicle Breakdown,423,Cash,6,3.5,3.9
2024-07-11 03:50:00,CNR3156392125,Canceled by Customer,CID727885,Bike,Kengeri,Mysore Road,,,Driver asked to cancel,Not Applicable,Not Applicable,Not Applicable,452,Not Applicable,0,,
2024-07-27 13:02:00,CNR7693267051,Canceled by Driver,CID361973,eBike,Hebbal,Koramangala,,,Not Applicable,Personal & Car related issue,Not Applicable,Not Applicable,454,Not Applicable,0,,
2024-07-30 18:17:00,CNR8419809586,Success,CID690627,eBike,Mysore Road,Hulimavu,35.0,60.0,Not Applicable,Not Applicable,No,Not Applicable,394,UPI,42,4.4,3.5
2024-07-07 16:52:00,CNR2651084651,Success,CID501548,Prime Sedan,Basavanagudi,Marathahalli,42.0,45.0,Not Applicable,Not Applicable,No,Not Applicable,363,Credit Card,26,4.0,4.8
2024-07-18 17:59:00,CNR8287287509,Success,CID702585,Auto,Yeshwanthpur,Majestic,224.0,145.0,Not Applicable,Not Applicable,No,Not Applicable,324,Cash,2,5.0,4.0
2024-07-24 23:30:00,CNR7316495089,Success,CID686718,eBike,Majestic,Hebbal,98.0,100.0,Not Applicable,Not Applicable,No,Not Applicable,227,UPI,18,4.1,4.4
2024-07-18 12:10:00,CNR2879248601,Success,CID680600,Bike,KR Puram,Mysore Road,273.0,40.0,Not Applicable,Not Applicable,No,Not Applicable,409,Cash,24,4.0,3.8
2024-07-02 03:45:00,CNR4249682689,Success,CID684223,Prime SUV,Ulsoor,Rajajinagar,84.0,95.0,Not Applicable,Not Applicable,No,Not Applicable,179,Cash,47,4.7,5.0
2024-07-20 18:51:00,CNR6879658773,Success,CID391875,Auto,Sahakar Nagar,Koramangala,224.0,90.0,Not Applicable,Not Applicable,No,Not Applicable,482,Cash,6,4.7,3.2
2024-07-25 02:19:00,CNR4806974070,Canceled by Customer,CID737581,Prime SUV,Bannerghatta Road,Vijayanagar,,,Change of plans,Not Applicable,Not Applicable,Not Applicable,885,Not Applicable,0,,
2024-07-02 19:40:00,CNR4022919958,Canceled by Driver,CID665198,Prime Plus,Hosur Road,Yeshwanthpur,,,Not Applicable,Customer related issue,Not Applicable,Not Applicable,133,Not Applicable,0,,
2024-07-21 05:07:00,CNR9599604083,Success,CID801483,Mini,Devanahalli,Kengeri,245.0,35.0,Not Applicable,Not Applicable,No,Not Applicable,174,UPI,14,3.1,3.7
2024-07-21 11:22:00,CNR2584568135,Canceled by Driver,CID918769,Mini,Hennur,Malleshwaram,,,Not Applicable,Personal & Car related issue,Not Applicable,Not Applicable,401,Not Applicable,0,,
2024-07-14 19:16:00,CNR9930170155,Canceled by Customer,CID851019,Prime Sedan,Hosur Road,Malleshwaram,,,Change of plans,Not Applicable,Not Applicable,Not Applicable,934,Not Applicable,0,,
2024-07-10 02:45:00,CNR7822778811,Canceled by Customer,CID841758,Bike,Ulsoor,Kammanahalli,,,Change of plans,Not Applicable,Not Applicable,Not Applicable,392,Not Applicable,0,,
2024-07-04 08:08:00,CNR1954758127,Canceled by Driver,CID519368,Prime Plus,Vijayanagar,Kammanahalli,,,Not Applicable,Customer was coughing/sick,Not Applicable,Not Applicable,300,Not Applicable,0,,
2024-07-03 03:44:00,CNR1560002605,Success,CID438736,eBike,MG Road,Devanahalli,294.0,65.0,Not Applicable,Not Applicable,No,Not Applicable,185,Cash,22,4.5,3.0
2024-07-02 16:18:00,CNR5121199107,Success,CID777036,Prime Sedan,Frazer Town,Ulsoor,42.0,115.0,Not Applicable,Not Applicable,No,Not Applicable,214,Debit Card,38,3.7,4.2
2024-07-06 03:39:00,CNR5543447867,Success,CID681278,Mini,MG Road,Hebbal,105.0,60.0,Not Applicable,Not Applicable,No,Not Applicable,326,Cash,25,3.5,3.2
2024-07-14 10:34:00,CNR6353028387,Success,CID175191,Mini,Majestic,Shivajinagar,182.0,75.0,Not Applicable,Not Applicable,No,Not Applicable,620,UPI,23,3.9,3.5
2024-07-22 21:58:00,CNR1103251971,Canceled by Driver,CID345366,Bike,Shantinagar,Banashankari,,,Not Applicable,Customer was coughing/sick,Not Applicable,Not Applicable,189,Not Applicable,0,,
2024-07-01 14:05:00,CNR5985068973,Success,CID941148,eBike,Hennur,Chickpet,287.0,75.0,Not Applicable,Not Applicable,No,Not Applicable,261,UPI,1,3.2,4.2
2024-07-10 02:21:00,CNR7015760476,Canceled by Driver,CID211816,Prime SUV,Hebbal,Yelahanka,,,Not Applicable,Customer was coughing/sick,Not Applicable,Not Applicable,195,Not Applicable,0,,
2024-07-10 04:25:00,CNR3555014724,Canceled by Driver,CID701432,eBike,Hulimavu,Hennur,,,Not Applicable,More than permitted people in there,Not Applicable,Not Applicable,954,Not Applicable,0,,
2024-07-19 23:59:00,CNR3728747022,Success,CID714157,Prime Plus,Hebbal,Yeshwanthpur,287.0,135.0,Not Applicable,Not Applicable,No,Not Applicable,448,UPI,47,3.4,5.0
2024-07-12 07:22:00,CNR4563327959,Driver Not Found,CID479581,Mini,Magadi Road,Ramamurthy Nagar,,,Not Applicable,Not Applicable,Not Applicable,Not Applicable,2037,Not Applicable,0,,
2024-07-21 00:12:00,CNR9332750574,Canceled by Customer,CID892028,Prime SUV,HSR Layout,Peenya,,,Driver asked to cancel,Not Applicable,Not Applicable,Not Applicable,186,Not Applicable,0,,
2024-07-05 02:22:00,CNR1666551785,Canceled by Customer,CID622077,Prime Sedan,Chickpet,Shantinagar,,,Driver asked to cancel,Not Applicable,Not Applicable,Not Applicable,854,Not Applicable,0,,
2024-07-01 10:06:00,CNR4292801248,Canceled by Customer,CID567189,Auto,Bellandur,Electronic City,,,Driver is not moving towards pickup location,Not Applicable,Not Applicable,Not Applicable,213,Not Applicable,0,,
2024-07-09 14:14:00,CNR5756138493,Success,CID318939,Prime Sedan,BTM Layout,Nagarbhavi,217.0,140.0,Not Applicable,Not Applicable,No,Not Applicable,227,Cash,16,3.5,3.0
2024-07-13 17:00:00,CNR8330360719,Success,CID975372,Prime SUV,Hebbal,Tumkur Road,203.0,45.0,Not Applicable,Not Applicable,No,Not Applicable,157,UPI,26,3.2,4.7
2024-07-03 05:44:00,CNR8911286383,Success,CID604755,Prime SUV,Sahakar Nagar,Basavanagudi,294.0,105.0,Not Applicable,Not Applicable,No,Not Applicable,140,Cash,1,3.6,3.6
2024-07-04 08:07:00,CNR9549894538,Canceled by Driver,CID947124,Auto,Cox Town,Langford Town,,,Not Applicable,Personal & Car related issue,Not Applicable,Not Applicable,270,Not Applicable,0,,
2024-07-09 04:32:00,CNR8763969031,Success,CID447438,Bike,Cox Town,RT Nagar,308.0,115.0,Not Applicable,Not Applicable,No,Not Applicable,692,UPI,35,4.3,3.4
2024-07-19 23:21:00,CNR5509105139,Success,CID788137,Mini,Padmanabhanagar,Rajarajeshwari Nagar,161.0,120.0,Not Applicable,Not Applicable,No,Not Applicable,940,Cash,47,3.4,3.5
2024-07-20 13:39:00,CNR8876018867,Driver Not Found,CID984956,Mini,HSR Layout,Hosur Road,,,Not Applicable,Not Applicable,Not Applicable,Not Applicable,493,Not Applicable,0,,
2024-07-17 06:43:00,CNR4933077717,Canceled by Driver,CID243770,Prime Plus,Nagarbhavi,BTM Layout,,,Not Applicable,Customer related issue,Not Applicable,Not Applicable,261,Not Applicable,0,,
2024-07-05 23:24:00,CNR2469406770,Canceled by Driver,CID833835,Auto,BTM Layout,Magadi Road,,,Not Applicable,More than permitted people in there,Not Applicable,Not Applicable,448,Not Applicable,0,,
2024-07-24 01:39:00,CNR6291719227,Canceled by Customer,CID330638,Bike,Bellandur,Shivajinagar,,,Driver is not moving towards pickup location,Not Applicable,Not Applicable,Not Applicable,790,Not Applicable,0,,
2024-07-09 07:52:00,CNR4218211105,Success,CID253499,Bike,Rajajinagar,Yelahanka,259.0,55.0,Not Applicable,Not Applicable,Yes,Vehicle Breakdown,142,Cash,2,4.6,4.4
2024-07-07 11:53:00,CNR7719945195,Success,CID297733,Prime Sedan,Marathahalli,Hosur Road,238.0,145.0,Not Applicable,Not Applicable,No,Not Applicable,328,Cash,5,3.2,3.5
2024-07-10 01:07:00,CNR8117442335,Canceled by Driver,CID313487,Auto,Tumkur Road,Bellandur,,,Not Applicable,More than permitted people in there,Not Applicable,Not Applicable,365,Not Applicable,0,,
2024-07-27 10:31:00,CNR4194667993,Canceled by Customer,CID849372,Prime Plus,Devanahalli,Bannerghatta Road,,,Driver asked to cancel,Not Applicable,Not Applicable,Not Applicable,788,Not Applicable,0,,
2024-07-17 20:54:00,CNR4646683292,Driver Not Found,CID304014,Prime SUV,Hulimavu,Kadugodi,,,Not Applicable,Not Applicable,Not Applicable,Not Applicable,386,Not Applicable,0,,
2024-07-08 15:30:00,CNR8164400250,Driver Not Found,CID633990,Bike,Shivajinagar,Nagarbhavi,,,Not Applicable,Not Applicable,Not Applicable,Not Applicable,324,Not Applicable,0,,
2024-07-01 23:31:00,CNR1791337616,Success,CID220810,Bike,Devanahalli,Marathahalli,77.0,45.0,Not Applicable,Not Applicable,No,Not Applicable,386,UPI,32,3.8,3.8
2024-07-23 17:56:00,CNR3223478499,Canceled by Driver,CID846975,eBike,Bannerghatta Road,Whitefield,,,Not Applicable,Customer was coughing/sick,Not Applicable,Not Applicable,237,Not Applicable,0,,
2024-07-15 20:04:00,CNR3010888219,Success,CID110587,Prime SUV,Whitefield,Chamarajpet,238.0,130.0,Not Applicable,Not Applicable,No,Not Applicable,1607,Cash,46,4.0,4.5
2024-07-23 08:45:00,CNR3028929281,Canceled by Customer,CID986713,Bike,Hosur Road,Vijayanagar,,,Driver is not moving towards pickup location,Not Applicable,Not Applicable,Not Applicable,411,Not Applicable,0,,
2024-07-29 22:18:00,CNR4454387548,Success,CID974884,Prime Sedan,Peenya,Tumkur Road,70.0,70.0,Not Applicable,Not Applicable,No,Not Applicable,315,UPI,1,4.6,4.6
2024-07-18 00:24:00,CNR4493049599,Success,CID300168,eBike,Marathahalli,Magadi Road,133.0,70.0,Not Applicable,Not Applicable,No,Not Applicable,228,UPI,12,4.2,4.8
2024-07-17 15:11:00,CNR2608031573,Success,CID715903,Prime Sedan,Ulsoor,Frazer Town,266.0,25.0,Not Applicable,Not Applicable,No,Not Applicable,393,UPI,12,3.6,3.7
2024-07-17 20:14:00,CNR9795542231,Driver Not Found,CID290610,eBike,Mysore Road,Langford Town,,,Not Applicable,Not Applicable,Not Applicable,Not Applicable,1698,Not Applicable,0,,
2024-07-18 12:20:00,CNR2911995790,Canceled by Driver,CID138337,Auto,Cox Town,BTM Layout,,,Not Applicable,Customer was coughing/sick,Not Applicable,Not Applicable,923,Not Applicable,0,,
2024-07-11 22:40:00,CNR3245596832,Success,CID293089,Prime Plus,Richmond Town,Cox Town,259.0,110.0,Not Applicable,Not Applicable,No,Not Applicable,548,Cash,38,3.5,3.2
2024-07-21 10:15:00,CNR8838848846,Success,CID318779,Mini,Ulsoor,Hennur,217.0,75.0,Not Applicable,Not Applicable,No,Not Applicable,387,UPI,29,4.6,3.1
2024-07-18 02:28:00,CNR6115195756,Success,CID859788,Mini,Hennur,Hosur Road,252.0,90.0,Not Applicable,Not Applicable,No,Not Applicable,787,Cash,22,3.9,4.3
2024-07-28 19:15:00,CNR1887486978,Canceled by Driver,CID175190,Mini,Sarjapur Road,RT Nagar,,,Not Applicable,Customer related issue,Not Applicable,Not Applicable,2726,Not Applicable,0,,
2024-07-15 06:01:00,CNR8437667456,Canceled by Driver,CID265195,eBike,Kammanahalli,Hosur Road,,,Not Applicable,Personal & Car related issue,Not Applicable,Not Applicable,240,Not Applicable,0,,
2024-07-08 16:53:00,CNR8891316393,Success,CID366268,Prime SUV,Mysore Road,Vijayanagar,84.0,100.0,Not Applicable,Not Applicable,No,Not Applicable,292,Credit Card,33,4.3,3.9
2024-07-08 23:09:00,CNR5061001228,Driver Not Found,CID971731,Auto,Sarjapur Road,Indiranagar,,,Not Applicable,Not Applicable,Not Applicable,Not Applicable,193,Not Applicable,0,,
2024-07-13 12:48:00,CNR2892141069,Success,CID311692,Prime SUV,MG Road,Hennur,210.0,25.0,Not Applicable,Not Applicable,No,Not Applicable,456,UPI,49,3.3,4.0
2024-07-19 14:41:00,CNR3936485682,Success,CID427911,eBike,Hebbal,Chamarajpet,252.0,25.0,Not Applicable,Not Applicable,No,Not Applicable,189,Cash,11,4.8,3.9
2024-07-10 18:39:00,CNR8271122110,Success,CID306518,Mini,Koramangala,Shivajinagar,119.0,135.0,Not Applicable,Not Applicable,No,Not Applicable,789,Cash,33,4.8,4.6
2024-07-15 18:51:00,CNR5008748095,Canceled by Driver,CID750656,Bike,Tumkur Road,Langford Town,,,Not Applicable,Customer related issue,Not Applicable,Not Applicable,816,Not Applicable,0,,
2024-07-09 03:56:00,CNR5225206406,Success,CID630607,Prime Plus,Mysore Road,Sahakar Nagar,196.0,80.0,Not Applicable,Not Applicable,No,Not Applicable,351,UPI,46,4.5,4.1
2024-07-17 19:12:00,CNR8919225850,Success,CID187548,Auto,Basavanagudi,Frazer Town,245.0,135.0,Not Applicable,Not Applicable,Yes,Vehicle Breakdown,2171,Cash,19,4.8,3.9
2024-07-02 09:14:00,CNR8542289898,Success,CID487512,Mini,BTM Layout,Rajajinagar,224.0,50.0,Not Applicable,Not Applicable,No,Not Applicable,755,Cash,9,3.1,3.7
2024-07-05 23:28:00,CNR2119523855,Success,CID322094,Prime Plus,Bannerghatta Road,Electronic City,147.0,75.0,Not Applicable,Not Applicable,No,Not Applicable,819,UPI,43,3.9,3.9
2024-07-04 08:21:00,CNR9251937414,Success,CID779267,Prime Plus,Banashankari,Sahakar Nagar,49.0,45.0,Not Applicable,Not Applicable,Yes,Customer Demand,685,Debit Card,12,4.3,4.2
2024-07-26 06:14:00,CNR5878847131,Canceled by Driver,CID409061,Prime Sedan,Rajarajeshwari Nagar,Basavanagudi,,,Not Applicable,Personal & Car related issue,Not Applicable,Not Applicable,390,Not Applicable,0,,
2024-07-09 00:39:00,CNR8477204869,Canceled by Driver,CID646554,eBike,Peenya,Yelahanka,,,Not Applicable,More than permitted people in there,Not Applicable,Not Applicable,142,Not Applicable,0,,
2024-07-23 22:51:00,CNR3314918532,Success,CID349122,Bike,Malleshwaram,Yeshwanthpur,189.0,140.0,Not Applicable,Not Applicable,Yes,Customer Demand,865,Cash,23,4.2,4.5
2024-07-21 18:58:00,CNR5007305287,Canceled by Driver,CID318819,Bike,Bellandur,Sahakar Nagar,,,Not Applicable,Customer related issue,Not Applicable,Not Applicable,395,Not Applicable,0,,
2024-07-14 05:44:00,CNR3035752467,Driver Not Found,CID470683,Prime SUV,Cox Town,Koramangala,,,Not Applicable,Not Applicable,Not Applicable,Not Applicable,314,Not Applicable,0,,
2024-07-03 00:55:00,CNR3821491269,Driver Not Found,CID925908,eBike,Kengeri,Bellandur,,,Not Applicable,Not Applicable,Not Applicable,Not Applicable,400,Not Applicable,0,,
2024-07-28 04:56:00,CNR3770918905,Driver Not Found,CID281219,Bike,Langford Town,Kammanahalli,,,Not Applicable,Not Applicable,Not Applicable,Not Applicable,801,Not Applicable,0,,
2024-07-14 11:38:00,CNR2035676118,Canceled by Customer,CID148862,Prime Plus,Vijayanagar,Cox Town,,,AC is Not working,Not Applicable,Not Applicable,Not Applicable,176,Not Applicable,0,,
2024-07-09 14:45:00,CNR8315678134,Success,CID893620,Prime Sedan,Shantinagar,Electronic City,273.0,120.0,Not Applicable,Not Applicable,No,Not Applicable,373,Cash,45,4.9,3.5
2024-07-26 21:56:00,CNR4161805167,Driver Not Found,CID751954,Auto,Bellandur,Bannerghatta Road,,,Not Applicable,Not Applicable,Not Applicable,Not Applicable,594,Not Applicable,0,,
2024-07-10 09:07:00,CNR3597111970,Driver Not Found,CID797324,Auto,Nagarbhavi,Mysore Road,,,Not Applicable,Not Applicable,Not Applicable,Not Applicable,451,Not Applicable,0,,
2024-07-20 15:46:00,CNR6941547143,Success,CID159292,Auto,Tumkur Road,Kengeri,259.0,45.0,Not Applicable,Not Applicable,No,Not Applicable,470,Cash,8,4.9,4.2
2024-07-15 08:30:00,CNR5082401042,Canceled by Driver,CID244552,Bike,Hennur,Marathahalli,,,Not Applicable,Personal & Car related issue,Not Applicable,Not Applicable,123,Not Applicable,0,,
2024-07-12 17:59:00,CNR9899404983,Success,CID466795,eBike,RT Nagar,Magadi Road,77.0,105.0,Not Applicable,Not Applicable,No,Not Applicable,337,UPI,40,4.2,3.2
2024-07-29 05:20:00,CNR8233123509,Success,CID538288,Mini,BTM Layout,Sarjapur Road,168.0,60.0,Not Applicable,Not Applicable,No,Not Applicable,639,UPI,32,4.3,3.9
2024-07-28 15:59:00,CNR2601887968,Canceled by Driver,CID411942,Prime Plus,Ramamurthy Nagar,Frazer Town,,,Not Applicable,Personal & Car related issue,Not Applicable,Not Applicable,2550,Not Applicable,0,,
2024-07-05 03:39:00,CNR8707887393,Success,CID927041,Prime Sedan,Padmanabhanagar,Varthur,287.0,110.0,Not Applicable,Not Applicable,No,Not Applicable,309,Cash,42,3.8,4.4
2024-07-30 13:21:00,CNR5112899520,Success,CID422179,Prime Sedan,Ramamurthy Nagar,Malleshwaram,182.0,40.0,Not Applicable,Not Applicable,No,Not Applicable,360,UPI,11,4.3,3.8
2024-07-29 19:05:00,CNR6222115770,Canceled by Customer,CID362875,Prime Sedan,Whitefield,Hulimavu,,,Wrong Address,Not Applicable,Not Applicable,Not Applicable,1608,Not Applicable,0,,
2024-07-11 18:48:00,CNR2486213853,Success,CID527026,eBike,Varthur,Hennur,42.0,55.0,Not Applicable,Not Applicable,No,Not Applicable,2752,Cash,3,4.6,3.2
2024-07-05 19:57:00,CNR6925757007,Success,CID825505,Mini,Chickpet,Basavanagudi,70.0,95.0,Not Applicable,Not Applicable,No,Not Applicable,900,Cash,26,4.6,3.0
2024-07-03 12:58:00,CNR5390496558,Canceled by Customer,CID778814,Mini,Vijayanagar,Mysore Road,,,Change of plans,Not Applicable,Not Applicable,Not Applicable,437,Not Applicable,0,,
2024-07-05 20:32:00,CNR6757332922,Success,CID919780,Bike,Koramangala,Bellandur,259.0,50.0,Not Applicable,Not Applicable,No,Not Applicable,488,UPI,31,4.6,4.6
2024-07-30 21:52:00,CNR4244415421,Success,CID545638,Mini,Shivajinagar,Marathahalli,98.0,90.0,Not Applicable,Not Applicable,No,Not Applicable,445,UPI,32,3.9,4.4
2024-07-07 17:02:00,CNR9986865616,Success,CID282045,Mini,Indiranagar,KR Puram,70.0,25.0,Not Applicable,Not Applicable,Yes,Customer Demand,2349,UPI,36,3.3,5.0
2024-07-30 16:03:00,CNR1716226336,Success,CID579271,Prime Sedan,Bannerghatta Road,Nagarbhavi,287.0,125.0,Not Applicable,Not Applicable,No,Not Applicable,209,UPI,1,4.4,3.3
2024-07-22 05:45:00,CNR1185600245,Canceled by Driver,CID913910,Prime Plus,Richmond Town,RT Nagar,,,Not Applicable,Personal & Car related issue,Not Applicable,Not Applicable,427,Not Applicable,0,,
2024-07-25 18:35:00,CNR3110842932,Success,CID131465,Mini,Magadi Road,Kengeri,63.0,100.0,Not Applicable,Not Applicable,No,Not Applicable,377,Cash,49,4.1,4.2
2024-07-21 12:18:00,CNR3878408222,Success,CID107551,Prime Sedan,HSR Layout,Cox Town,287.0,145.0,Not Applicable,Not Applicable,No,Not Applicable,629,Cash,30,3.1,4.4
2024-07-08 11:55:00,CNR1445012023,Success,CID949651,Auto,Basavanagudi,Mysore Road,133.0,75.0,Not Applicable,Not Applicable,No,Not Applicable,2479,UPI,18,4.4,4.6
2024-07-25 10:26:00,CNR6189838472,Driver Not Found,CID739104,Prime Plus,Indiranagar,Jayanagar,,,Not Applicable,Not Applicable,Not Applicable,Not Applicable,408,Not Applicable,0,,
2024-07-25 00:24:00,CNR9122051439,Canceled by Customer,CID308342,eBike,Shivajinagar,KR Puram,,,AC is Not working,Not Applicable,Not Applicable,Not Applicable,437,Not Applicable,0,,
2024-07-15 14:32:00,CNR9035639893,Success,CID848799,Auto,Yeshwanthpur,JP Nagar,266.0,75.0,Not Applicable,Not Applicable,No,Not Applicable,359,Cash,17,4.0,3.1
2024-07-06 07:44:00,CNR9977855661,Success,CID476974,Prime SUV,HSR Layout,Rajarajeshwari Nagar,63.0,115.0,Not Applicable,Not Applicable,No,Not Applicable,362,UPI,29,4.7,4.9
2024-07-27 22:59:00,CNR9480482407,Canceled by Customer,CID628452,Prime SUV,Majestic,Langford Town,,,AC is Not working,Not Applicable,Not Applicable,Not Applicable,183,Not Applicable,0,,
2024-07-15 23:24:00,CNR3747187042,Canceled by Driver,CID820318,Bike,Whitefield,Malleshwaram,,,Not Applicable,Personal & Car related issue,Not Applicable,Not Applicable,1016,Not Applicable,0,,
2024-07-12 16:13:00,CNR1032995321,Driver Not Found,CID485589,Prime Sedan,Bellandur,Kengeri,,,Not Applicable,Not Applicable,Not Applicable,Not Applicable,357,Not Applicable,0,,
2024-07-17 16:33:00,CNR5630829846,Success,CID274187,eBike,Electronic City,Basavanagudi,119.0,50.0,Not Applicable,Not Applicable,No,Not Applicable,387,Credit Card,42,3.3,4.4
2024-07-15 06:55:00,CNR4565219847,Success,CID973060,Bike,Banashankari,Jayanagar,203.0,95.0,Not Applicable,Not Applicable,No,Not Applicable,528,Cash,43,4.1,4.6
2024-07-17 03:48:00,CNR5895876081,Success,CID286909,Prime SUV,Sahakar Nagar,Indiranagar,56.0,90.0,Not Applicable,Not Applicable,No,Not Applicable,589,UPI,14,4.6,4.0
2024-07-20 05:38:00,CNR4411456230,Success,CID769600,Bike,Majestic,Cox Town,259.0,80.0,Not Applicable,Not Applicable,No,Not Applicable,586,Cash,35,3.4,3.2
2024-07-25 10:43:00,CNR5648294640,Canceled by Driver,CID528289,Auto,Electronic City,Chickpet,,,Not Applicable,Customer related issue,Not Applicable,Not Applicable,743,Not Applicable,0,,
2024-07-13 12:59:00,CNR4351144004,Success,CID883163,eBike,Richmond Town,Shantinagar,203.0,90.0,Not Applicable,Not Applicable,No,Not Applicable,403,UPI,2,4.6,4.3
2024-07-06 16:46:00,CNR9920247286,Success,CID595182,Mini,Hulimavu,Jayanagar,280.0,40.0,Not Applicable,Not Applicable,No,Not Applicable,249,Cash,6,3.8,3.1
2024-07-24 05:41:00,CNR9426386845,Success,CID941948,Prime Sedan,Vijayanagar,HSR Layout,224.0,65.0,Not Applicable,Not Applicable,No,Not Applicable,314,Cash,4,4.0,4.4
2024-07-24 21:03:00,CNR4738532104,Canceled by Driver,CID695795,Mini,Koramangala,Yeshwanthpur,,,Not Applicable,Customer was coughing/sick,Not Applicable,Not Applicable,421,Not Applicable,0,,
2024-07-28 07:46:00,CNR7360510220,Canceled by Driver,CID963302,Prime Plus,Hosur Road,Koramangala,,,Not Applicable,Personal & Car related issue,Not Applicable,Not Applicable,238,Not Applicable,0,,
2024-07-14 10:52:00,CNR5123010960,Success,CID527318,Prime Plus,Mysore Road,Hennur,161.0,70.0,Not Applicable,Not Applicable,No,Not Applicable,402,Cash,33,4.9,3.2
2024-07-05 02:13:00,CNR1287203481,Success,CID936885,Prime SUV,Vijayanagar,Richmond Town,245.0,80.0,Not Applicable,Not Applicable,No,Not Applicable,265,Cash,13,3.2,3.1
2024-07-14 00:38:00,CNR6438328985,Success,CID562603,eBike,Peenya,Bellandur,210.0,75.0,Not Applicable,Not Applicable,No,Not Applicable,547,Credit Card,31,4.0,3.9
2024-07-17 10:35:00,CNR7958135444,Canceled by Customer,CID593255,Prime SUV,Electronic City,Majestic,,,Driver is not moving towards pickup location,Not Applicable,Not Applicable,Not Applicable,486,Not Applicable,0,,
2024-07-05 23:49:00,CNR2470989379,Canceled by Driver,CID923219,Prime Plus,Kengeri,Indiranagar,,,Not Applicable,More than permitted people in there,Not Applicable,Not Applicable,174,Not Applicable,0,,
2024-07-11 02:39:00,CNR3897046757,Success,CID210663,Auto,Rajarajeshwari Nagar,Kadugodi,119.0,50.0,Not Applicable,Not Applicable,No,Not Applicable,401,UPI,4,4.1,4.3
2024-07-13 14:33:00,CNR4757852197,Success,CID809289,Prime Plus,Ulsoor,Peenya,77.0,55.0,Not Applicable,Not Applicable,No,Not Applicable,105,Cash,36,3.4,3.6
2024-07-01 21:09:00,CNR5461569654,Canceled by Driver,CID547605,Prime Sedan,Kadugodi,Hebbal,,,Not Applicable,Customer related issue,Not Applicable,Not Applicable,2760,Not Applicable,0,,
2024-07-04 16:44:00,CNR3228319696,Success,CID500357,Mini,Hennur,Langford Town,49.0,35.0,Not Applicable,Not Applicable,No,Not Applicable,1318,Cash,10,3.2,4.3
2024-07-27 06:02:00,CNR5442964966,Canceled by Driver,CID139170,Bike,RT Nagar,Tumkur Road,,,Not Applicable,Personal & Car related issue,Not Applicable,Not Applicable,206,Not Applicable,0,,
2024-07-11 05:22:00,CNR5841000586,Success,CID929853,Auto,Frazer Town,Shivajinagar,70.0,60.0,Not Applicable,Not Applicable,No,Not Applicable,137,UPI,2,4.2,4.8
2024-07-12 09:32:00,CNR6758628073,Success,CID285366,Prime Sedan,Whitefield,Kengeri,126.0,45.0,Not Applicable,Not Applicable,No,Not Applicable,325,UPI,3,3.5,4.1
2024-07-27 20:00:00,CNR5917482169,Canceled by Driver,CID263577,Prime Sedan,Indiranagar,Cox Town,,,Not Applicable,Customer was coughing/sick,Not Applicable,Not Applicable,971,Not Applicable,0,,
2024-07-16 06:40:00,CNR5355518651,Driver Not Found,CID904260,Prime SUV,Kengeri,Hosur Road,,,Not Applicable,Not Applicable,Not Applicable,Not Applicable,490,Not Applicable,0,,
2024-07-30 16:57:00,CNR2942273210,Canceled by Driver,CID622546,Prime Sedan,Peenya,Devanahalli,,,Not Applicable,Personal & Car related issue,Not Applicable,Not Applicable,1627,Not Applicable,0,,
2024-07-22 23:49:00,CNR9723930028,Success,CID774015,Prime Plus,Hebbal,Varthur,224.0,95.0,Not Applicable,Not Applicable,No,Not Applicable,1782,UPI,39,3.7,3.2
2024-07-11 21:48:00,CNR8712600807,Success,CID227822,Bike,Ramamurthy Nagar,Varthur,238.0,40.0,Not Applicable,Not Applicable,No,Not Applicable,2161,UPI,9,4.0,4.0
2024-07-06 11:10:00,CNR2217611827,Success,CID778555,Prime Sedan,Hebbal,Ramamurthy Nagar,252.0,120.0,Not Applicable,Not Applicable,Yes,Other Issue,248,UPI,19,3.6,4.3
2024-07-28 05:51:00,CNR5305197860,Driver Not Found,CID731178,Auto,Peenya,Indiranagar,,,Not Applicable,Not Applicable,Not Applicable,Not Applicable,411,Not Applicable,0,,
2024-07-01 20:50:00,CNR3126127006,Driver Not Found,CID514964,eBike,Hosur Road,RT Nagar,,,Not Applicable,Not Applicable,Not Applicable,Not Applicable,238,Not Applicable,0,,
2024-07-13 17:55:00,CNR8154654653,Canceled by Driver,CID938953,Prime Plus,Bannerghatta Road,Malleshwaram,,,Not Applicable,Personal & Car related issue,Not Applicable,Not Applicable,439,Not Applicable,0,,
2024-07-08 16:15:00,CNR4463203576,Success,CID898850,eBike,Koramangala,Nagarbhavi,287.0,60.0,Not Applicable,Not Applicable,No,Not Applicable,347,Cash,7,3.1,3.5
2024-07-05 19:07:00,CNR7784778802,Driver Not Found,CID749550,Prime Sedan,Electronic City,Mysore Road,,,Not Applicable,Not Applicable,Not Applicable,Not Applicable,242,Not Applicable,0,,
2024-07-14 21:07:00,CNR9309189879,Canceled by Driver,CID389854,Prime SUV,Shantinagar,Jayanagar,,,Not Applicable,Personal & Car related issue,Not Applicable,Not Applicable,1984,Not Applicable,0,,
2024-07-01 06:30:00,CNR3983884623,Canceled by Customer,CID950568,Mini,Hosur Road,Bellandur,,,Change of plans,Not Applicable,Not Applicable,Not Applicable,812,Not Applicable,0,,
2024-07-03 09:12:00,CNR2454397142,Canceled by Customer,CID592681,Prime Plus,Koramangala,Frazer Town,,,Driver asked to cancel,Not Applicable,Not Applicable,Not Applicable,746,Not Applicable,0,,
2024-07-08 04:04:00,CNR9236105788,Success,CID580716,Mini,Shantinagar,Bannerghatta Road,77.0,115.0,Not Applicable,Not Applicable,No,Not Applicable,466,Cash,24,3.2,3.2
2024-07-13 09:00:00,CNR8012299795,Driver Not Found,CID589715,Prime Sedan,Hennur,Ulsoor,,,Not Applicable,Not Applicable,Not Applicable,Not Applicable,849,Not Applicable,0,,
2024-07-20 04:15:00,CNR8750696865,Success,CID555904,Prime Plus,HSR Layout,Devanahalli,70.0,40.0,Not Applicable,Not Applicable,No,Not Applicable,1466,Cash,9,4.0,3.3
2024-07-16 18:33:00,CNR8288974414,Canceled by Customer,CID253438,Prime Plus,Electronic City,Banashankari,,,Driver asked to cancel,Not Applicable,Not Applicable,Not Applicable,410,Not Applicable,0,,
2024-07-20 00:18:00,CNR8087543879,Canceled by Driver,CID290915,Prime SUV,Hosur Road,Ulsoor,,,Not Applicable,Personal & Car related issue,Not Applicable,Not Applicable,298,Not Applicable,0,,
2024-07-23 01:53:00,CNR8404795879,Success,CID764538,Bike,Hennur,Devanahalli,210.0,30.0,Not Applicable,Not Applicable,No,Not Applicable,431,Cash,3,4.3,3.0
2024-07-29 14:04:00,CNR3520640138,Success,CID334200,Mini,BTM Layout,Vijayanagar,161.0,40.0,Not Applicable,Not Applicable,Yes,Vehicle Breakdown,863,UPI,37,3.4,3.7
2024-07-11 07:37:00,CNR3302221349,Success,CID897416,Prime SUV,Varthur,Frazer Town,91.0,145.0,Not Applicable,Not Applicable,No,Not Applicable,1070,UPI,28,3.2,3.2
2024-07-15 04:47:00,CNR5385323797,Success,CID318384,Prime Plus,Devanahalli,Yelahanka,287.0,35.0,Not Applicable,Not Applicable,No,Not Applicable,448,UPI,11,3.1,3.9
2024-07-06 21:20:00,CNR1366723598,Success,CID283327,Auto,Majestic,Hulimavu,189.0,70.0,Not Applicable,Not Applicable,Yes,Vehicle Breakdown,2102,Cash,5,3.3,3.0
2024-07-11 16:06:00,CNR6187824927,Canceled by Customer,CID472885,Prime SUV,Richmond Town,Frazer Town,,,Driver asked to cancel,Not Applicable,Not Applicable,Not Applicable,199,Not Applicable,0,,
2024-07-20 04:18:00,CNR8766018093,Success,CID376565,Auto,Majestic,Jayanagar,119.0,45.0,Not Applicable,Not Applicable,No,Not Applicable,256,UPI,11,3.3,4.7
2024-07-24 13:32:00,CNR3303365024,Canceled by Customer,CID851086,Prime Plus,Mysore Road,Jayanagar,,,Driver asked to cancel,Not Applicable,Not Applicable,Not Applicable,920,Not Applicable,0,,
2024-07-27 13:37:00,CNR1661807719,Success,CID600364,Prime Plus,Shantinagar,Hulimavu,126.0,140.0,Not Applicable,Not Applicable,No,Not Applicable,297,Cash,24,3.6,4.2
2024-07-01 23:00:00,CNR2168188264,Driver Not Found,CID528344,Auto,HSR Layout,Bannerghatta Road,,,Not Applicable,Not Applicable,Not Applicable,Not Applicable,342,Not Applicable,0,,
2024-07-05 03:37:00,CNR4484826028,Canceled by Customer,CID592384,Prime SUV,Basavanagudi,Banashankari,,,Driver is not moving towards pickup location,Not Applicable,Not Applicable,Not Applicable,421,Not Applicable,0,,
2024-07-21 23:38:00,CNR9903412049,Driver Not Found,CID831542,Prime SUV,HSR Layout,BTM Layout,,,Not Applicable,Not Applicable,Not Applicable,Not Applicable,436,Not Applicable,0,,
2024-07-02 04:34:00,CNR7340166455,Success,CID511301,Prime Plus,Hebbal,Jayanagar,287.0,70.0,Not Applicable,Not Applicable,No,Not Applicable,411,Cash,27,3.6,3.7
2024-07-15 02:31:00,CNR7054963063,Success,CID640359,Prime Sedan,Shantinagar,Kammanahalli,196.0,115.0,Not Applicable,Not Applicable,No,Not Applicable,145,UPI,45,4.9,4.8
2024-07-29 01:33:00,CNR4597612020,Canceled by Customer,CID469753,Prime Sedan,Tumkur Road,Shantinagar,,,AC is Not working,Not Applicable,Not Applicable,Not Applicable,135,Not Applicable,0,,
2024-07-11 05:25:00,CNR7627651894,Success,CID259695,Prime SUV,JP Nagar,Kadugodi,196.0,100.0,Not Applicable,Not Applicable,No,Not Applicable,991,UPI,34,3.8,4.4
2024-07-15 18:36:00,CNR4473350893,Success,CID410950,Prime Sedan,Peenya,Mysore Road,294.0,30.0,Not Applicable,Not Applicable,No,Not Applicable,183,Cash,6,3.1,3.9
2024-07-25 02:27:00,CNR9023878592,Success,CID388487,Prime Plus,Rajajinagar,Nagarbhavi,63.0,45.0,Not Applicable,Not Applicable,No,Not Applicable,506,UPI,40,3.7,3.1
2024-07-02 22:45:00,CNR9200207042,Driver Not Found,CID710569,Prime Plus,Sarjapur Road,Hennur,,,Not Applicable,Not Applicable,Not Applicable,Not Applicable,107,Not Applicable,0,,
2024-07-21 06:52:00,CNR8506705085,Success,CID294157,Prime Plus,Ulsoor,Rajajinagar,245.0,60.0,Not Applicable,Not Applicable,No,Not Applicable,2478,UPI,43,4.3,4.7
2024-07-12 08:55:00,CNR7830220192,Success,CID239251,Prime SUV,Kammanahalli,Koramangala,77.0,130.0,Not Applicable,Not Applicable,No,Not Applicable,145,Cash,17,3.9,4.8
2024-07-19 01:21:00,CNR5369919606,Success,CID141297,Bike,KR Puram,Jayanagar,49.0,140.0,Not Applicable,Not Applicable,No,Not Applicable,2950,UPI,33,3.5,3.6
2024-07-04 06:41:00,CNR3391993445,Driver Not Found,CID244202,Mini,Koramangala,Yeshwanthpur,,,Not Applicable,Not Applicable,Not Applicable,Not Applicable,1850,Not Applicable,0,,
2024-07-04 10:12:00,CNR9810145234,Canceled by Driver,CID925867,eBike,Bellandur,Jayanagar,,,Not Applicable,Customer related issue,Not Applicable,Not Applicable,357,Not Applicable,0,,
2024-07-17 23:14:00,CNR2625758525,Success,CID128214,Auto,Cox Town,Hebbal,126.0,145.0,Not Applicable,Not Applicable,No,Not Applicable,386,Cash,15,4.3,4.2
2024-07-17 17:28:00,CNR8967222511,Canceled by Driver,CID552715,Mini,Koramangala,Chamarajpet,,,Not Applicable,Customer was coughing/sick,Not Applicable,Not Applicable,646,Not Applicable,0,,
2024-07-29 11:56:00,CNR1646182514,Success,CID176693,eBike,Magadi Road,RT Nagar,245.0,110.0,Not Applicable,Not Applicable,No,Not Applicable,704,UPI,43,3.1,3.5
2024-07-13 04:52:00,CNR5468174805,Canceled by Driver,CID104745,Prime Plus,Kammanahalli,Sarjapur Road,,,Not Applicable,More than permitted people in there,Not Applicable,Not Applicable,1713,Not Applicable,0,,
2024-07-24 23:27:00,CNR2913495057,Success,CID653124,Prime SUV,Hulimavu,Basavanagudi,217.0,40.0,Not Applicable,Not Applicable,No,Not Applicable,441,Cash,48,4.2,3.7
2024-07-06 06:55:00,CNR3993326990,Success,CID861139,Prime Plus,Ulsoor,Peenya,168.0,40.0,Not Applicable,Not Applicable,No,Not Applicable,393,Cash,22,3.3,4.9
2024-07-04 06:04:00,CNR2179376445,Success,CID285988,Prime Plus,Indiranagar,Hebbal,294.0,105.0,Not Applicable,Not Applicable,No,Not Applicable,207,Cash,40,4.7,4.9
2024-07-29 12:22:00,CNR8234874804,Canceled by Driver,CID984226,Prime Sedan,Hosur Road,Malleshwaram,,,Not Applicable,More than permitted people in there,Not Applicable,Not Applicable,622,Not Applicable,0,,
2024-07-17 12:27:00,CNR7694902421,Canceled by Driver,CID918655,Mini,Chamarajpet,Jayanagar,,,Not Applicable,Customer related issue,Not Applicable,Not Applicable,104,Not Applicable,0,,
2024-07-04 20:38:00,CNR4798202715,Success,CID728381,Bike,Rajajinagar,Langford Town,182.0,90.0,Not Applicable,Not Applicable,No,Not Applicable,924,UPI,37,3.1,3.8
2024-07-29 06:39:00,CNR3381691302,Success,CID124559,Prime Plus,Yelahanka,Jayanagar,308.0,115.0,Not Applicable,Not Applicable,No,Not Applicable,478,UPI,13,4.7,3.4
2024-07-24 12:41:00,CNR2272257215,Success,CID585655,Prime SUV,Hennur,Richmond Town,217.0,55.0,Not Applicable,Not Applicable,No,Not Applicable,579,UPI,5,4.9,4.0
2024-07-25 20:18:00,CNR1143705013,Canceled by Driver,CID852091,Bike,Ulsoor,Basavanagudi,,,Not Applicable,Customer was coughing/sick,Not Applicable,Not Applicable,299,Not Applicable,0,,
2024-07-16 08:34:00,CNR6115380866,Success,CID888110,Bike,Kammanahalli,Chickpet,112.0,55.0,Not Applicable,Not Applicable,No,Not Applicable,410,Cash,25,3.9,3.8
2024-07-19 11:21:00,CNR1096497043,Success,CID329774,Bike,Jayanagar,Kadugodi,77.0,25.0,Not Applicable,Not Applicable,No,Not Applicable,295,UPI,31,3.6,4.8
2024-07-11 17:15:00,CNR4082223500,Canceled by Driver,CID110509,eBike,Electronic City,Jayanagar,,,Not Applicable,Customer was coughing/sick,Not Applicable,Not Applicable,974,Not Applicable,0,,
2024-07-10 00:39:00,CNR6162721659,Success,CID526982,Auto,Bannerghatta Road,Magadi Road,161.0,85.0,Not Applicable,Not Applicable,No,Not Applicable,473,Cash,4,4.2,3.2
2024-07-03 21:03:00,CNR9693350289,Canceled by Driver,CID825384,Prime Sedan,Rajarajeshwari Nagar,Hosur Road,,,Not Applicable,Customer related issue,Not Applicable,Not Applicable,360,Not Applicable,0,,
2024-07-02 14:53:00,CNR7521458111,Success,CID312280,Prime Plus,Hennur,Tumkur Road,273.0,110.0,Not Applicable,Not Applicable,No,Not Applicable,390,Cash,33,3.4,4.8
2024-07-13 06:20:00,CNR4014194296,Success,CID552477,Prime Plus,Chickpet,Koramangala,98.0,135.0,Not Applicable,Not Applicable,No,Not Applicable,734,Cash,29,4.7,4.8
2024-07-06 20:11:00,CNR8839807753,Success,CID306166,Prime SUV,Hebbal,Chickpet,259.0,100.0,Not Applicable,Not Applicable,Yes,Vehicle Breakdown,475,Cash,26,3.5,4.1
2024-07-27 13:41:00,CNR4164676721,Success,CID850679,Auto,Bellandur,Peenya,210.0,125.0,Not Applicable,Not Applicable,No,Not Applicable,2851,Cash,17,4.1,4.9
2024-07-08 13:50:00,CNR6086069340,Canceled by Driver,CID267853,Prime Plus,Hosur Road,Magadi Road,,,Not Applicable,Personal & Car related issue,Not Applicable,Not Applicable,567,Not Applicable,0,,
2024-07-23 03:42:00,CNR6550098150,Driver Not Found,CID908027,eBike,Kammanahalli,Malleshwaram,,,Not Applicable,Not Applicable,Not Applicable,Not Applicable,347,Not Applicable,0,,
2024-07-26 15:25:00,CNR1090404767,Success,CID751556,Auto,Varthur,Chickpet,287.0,50.0,Not Applicable,Not Applicable,No,Not Applicable,608,Cash,6,3.6,4.9
2024-07-19 00:14:00,CNR1645127042,Canceled by Customer,CID733062,Prime Sedan,Peenya,Hennur,,,Change of plans,Not Applicable,Not Applicable,Not Applicable,408,Not Applicable,0,,
2024-07-23 02:41:00,CNR5851593283,Success,CID550277,Prime Plus,Hebbal,Bellandur,294.0,35.0,Not Applicable,Not Applicable,No,Not Applicable,788,Cash,46,4.8,4.9
2024-07-09 02:12:00,CNR5328150587,Success,CID235310,Bike,Sahakar Nagar,Peenya,280.0,35.0,Not Applicable,Not Applicable,Yes,Other Issue,142,Cash,5,4.2,3.8
2024-07-09 02:56:00,CNR1369542611,Success,CID779735,Bike,Peenya,Peenya,119.0,135.0,Not Applicable,Not Applicable,No,Not Applicable,125,Cash,6,4.4,4.3
2024-07-09 08:08:00,CNR5918352385,Canceled by Customer,CID681050,Prime Plus,JP Nagar,Frazer Town,,,Driver is not moving towards pickup location,Not Applicable,Not Applicable,Not Applicable,188,Not Applicable,0,,
2024-07-04 19:16:00,CNR3621387765,Success,CID390561,Mini,Hennur,Kammanahalli,112.0,115.0,Not Applicable,Not Applicable,No,Not Applicable,962,UPI,9,3.6,3.5
2024-07-03 09:44:00,CNR9312665544,Success,CID504600,Auto,Peenya,Chickpet,224.0,145.0,Not Applicable,Not Applicable,Yes,Customer Demand,323,Cash,19,3.6,3.4
2024-07-30 08:08:00,CNR4183331749,Success,CID833083,Prime SUV,Bannerghatta Road,RT Nagar,77.0,120.0,Not Applicable,Not Applicable,No,Not Applicable,732,UPI,40,3.3,3.4
2024-07-30 21:24:00,CNR7039284733,Success,CID163723,Bike,Hulimavu,Jayanagar,266.0,90.0,Not Applicable,Not Applicable,No,Not Applicable,370,Cash,5,3.4,4.9
2024-07-16 08:16:00,CNR1595439884,Driver Not Found,CID769659,Prime SUV,Banashankari,Majestic,,,Not Applicable,Not Applicable,Not Applicable,Not Applicable,172,Not Applicable,0,,
2024-07-10 20:22:00,CNR4470000555,Canceled by Customer,CID493292,eBike,BTM Layout,Kadugodi,,,Driver is not moving towards pickup location,Not Applicable,Not Applicable,Not Applicable,494,Not Applicable,0,,
2024-07-13 14:30:00,CNR5640421671,Driver Not Found,CID636591,Auto,Chickpet,Rajajinagar,,,Not Applicable,Not Applicable,Not Applicable,Not Applicable,179,Not Applicable,0,,
2024-07-05 11:08:00,CNR7285846019,Success,CID809514,Mini,Langford Town,JP Nagar,273.0,70.0,Not Applicable,Not Applicable,No,Not Applicable,159,Cash,27,4.7,4.6
2024-07-09 10:10:00,CNR8356366244,Canceled by Driver,CID833361,Bike,Electronic City,HSR Layout,,,Not Applicable,More than permitted people in there,Not Applicable,Not Applicable,298,Not Applicable,0,,
2024-07-13 10:49:00,CNR7575363386,Canceled by Customer,CID198051,Mini,KR Puram,BTM Layout,,,Driver asked to cancel,Not Applicable,Not Applicable,Not Applicable,237,Not Applicable,0,,
2024-07-08 06:44:00,CNR8319798031,Success,CID466735,Mini,Chickpet,Malleshwaram,63.0,105.0,Not Applicable,Not Applicable,No,Not Applicable,1127,UPI,45,3.6,3.5
2024-07-23 00:53:00,CNR5253787772,Success,CID822075,Mini,Chamarajpet,Rajajinagar,294.0,120.0,Not Applicable,Not Applicable,No,Not Applicable,262,Cash,19,3.1,4.6
2024-07-27 06:42:00,CNR3183804848,Driver Not Found,CID953406,Bike,Varthur,Hosur Road,,,Not Applicable,Not Applicable,Not Applicable,Not Applicable,147,Not Applicable,0,,
2024-07-14 13:06:00,CNR7915213361,Canceled by Customer,CID162828,Auto,Devanahalli,KR Puram,,,Driver is not moving towards pickup location,Not Applicable,Not Applicable,Not Applicable,2856,Not Applicable,0,,
2024-07-24 03:02:00,CNR9346753613,Success,CID636924,Auto,Koramangala,Sarjapur Road,189.0,55.0,Not Applicable,Not Applicable,No,Not Applicable,706,UPI,12,4.7,4.8
2024-07-23 12:38:00,CNR9749873263,Success,CID370485,Prime Sedan,Banashankari,Langford Town,217.0,115.0,Not Applicable,Not Applicable,No,Not Applicable,1666,UPI,11,3.9,3.8
2024-07-30 21:18:00,CNR4144491267,Success,CID672876,Prime SUV,Hulimavu,Nagarbhavi,224.0,60.0,Not Applicable,Not Applicable,No,Not Applicable,448,Cash,38,3.6,3.1
2024-07-05 18:42:00,CNR4458027420,Driver Not Found,CID549191,Prime Plus,Marathahalli,Shantinagar,,,Not Applicable,Not Applicable,Not Applicable,Not Applicable,327,Not Applicable,0,,
2024-07-15 19:51:00,CNR3226536456,Success,CID943480,Prime SUV,Rajarajeshwari Nagar,Shantinagar,161.0,65.0,Not Applicable,Not Applicable,No,Not Applicable,254,Cash,39,3.2,3.9
2024-07-06 15:40:00,CNR1711457263,Driver Not Found,CID231859,Mini,Mysore Road,Nagarbhavi,,,Not Applicable,Not Applicable,Not Applicable,Not Applicable,196,Not Applicable,0,,
2024-07-01 18:29:00,CNR8983625038,Success,CID500269,Prime Plus,Hulimavu,Hosur Road,168.0,35.0,Not Applicable,Not Applicable,No,Not Applicable,183,Cash,4,4.3,4.2
2024-07-04 03:29:00,CNR3454898864,Canceled by Driver,CID876714,Mini,Majestic,Tumkur Road,,,Not Applicable,Customer related issue,Not Applicable,Not Applicable,2191,Not Applicable,0,,
2024-07-08 16:39:00,CNR7863699444,Success,CID449000,Mini,Jayanagar,HSR Layout,238.0,65.0,Not Applicable,Not Applicable,Yes,Other Issue,363,Cash,18,4.8,4.6
2024-07-29 21:14:00,CNR9567342708,Canceled by Driver,CID639764,Bike,Kengeri,Shantinagar,,,Not Applicable,Customer related issue,Not Applicable,Not Applicable,1557,Not Applicable,0,,
2024-07-22 15:58:00,CNR9796967915,Success,CID382424,Auto,Magadi Road,Rajajinagar,42.0,120.0,Not Applicable,Not Applicable,No,Not Applicable,375,Cash,14,4.6,3.4
2024-07-14 00:03:00,CNR5103037366,Canceled by Customer,CID210381,Auto,Sahakar Nagar,Bellandur,,,Driver is not moving towards pickup location,Not Applicable,Not Applicable,Not Applicable,1537,Not Applicable,0,,
2024-07-10 11:23:00,CNR9739332349,Canceled by Driver,CID358736,Prime Sedan,Vijayanagar,MG Road,,,Not Applicable,Customer related issue,Not Applicable,Not Applicable,466,Not Applicable,0,,
2024-07-07 21:01:00,CNR1409444967,Canceled by Driver,CID786706,Prime Plus,Shantinagar,Chickpet,,,Not Applicable,Customer related issue,Not Applicable,Not Applicable,165,Not Applicable,0,,
2024-07-09 21:59:00,CNR4913946745,Success,CID675254,Auto,Tumkur Road,Basavanagudi,84.0,50.0,Not Applicable,Not Applicable,No,Not Applicable,631,Cash,8,5.0,4.9
2024-07-14 18:54:00,CNR2519333033,Canceled by Driver,CID942120,Bike,Frazer Town,Cox Town,,,Not Applicable,Customer was coughing/sick,Not Applicable,Not Applicable,636,Not Applicable,0,,
2024-07-08 09:06:00,CNR6123322141,Success,CID648380,Prime Plus,Shivajinagar,Hosur Road,84.0,25.0,Not Applicable,Not Applicable,No,Not Applicable,311,UPI,47,3.4,4.8
2024-07-18 13:50:00,CNR2166569734,Driver Not Found,CID646739,Prime Sedan,Hennur,Marathahalli,,,Not Applicable,Not Applicable,Not Applicable,Not Applicable,433,Not Applicable,0,,
2024-07-22 12:11:00,CNR8900290306,Success,CID663188,Prime SUV,Majestic,JP Nagar,203.0,85.0,Not Applicable,Not Applicable,No,Not Applicable,659,UPI,5,4.3,4.6
2024-07-22 21:03:00,CNR9880919657,Canceled by Customer,CID818770,Prime SUV,Whitefield,Varthur,,,Change of plans,Not Applicable,Not Applicable,Not Applicable,385,Not Applicable,0,,
2024-07-13 07:30:00,CNR3315131025,Driver Not Found,CID603546,Auto,Nagarbhavi,Rajarajeshwari Nagar,,,Not Applicable,Not Applicable,Not Applicable,Not Applicable,486,Not Applicable,0,,
2024-07-25 14:43:00,CNR9780718135,Success,CID584620,Prime Plus,Majestic,Whitefield,196.0,45.0,Not Applicable,Not Applicable,No,Not Applicable,480,Cash,47,3.8,4.7
2024-07-22 10:02:00,CNR1796827905,Success,CID967703,Mini,Richmond Town,Devanahalli,287.0,105.0,Not Applicable,Not Applicable,No,Not Applicable,281,Cash,21,4.6,3.3
2024-07-04 07:07:00,CNR8149977530,Success,CID807641,Prime Sedan,Indiranagar,Koramangala,35.0,65.0,Not Applicable,Not Applicable,No,Not Applicable,537,Cash,39,3.9,4.0
2024-07-08 21:38:00,CNR4140439413,Canceled by Driver,CID163045,Prime SUV,Hosur Road,Mysore Road,,,Not Applicable,Personal & Car related issue,Not Applicable,Not Applicable,261,Not Applicable,0,,
2024-07-09 04:44:00,CNR5921162926,Success,CID651311,eBike,Yeshwanthpur,Malleshwaram,217.0,45.0,Not Applicable,Not Applicable,No,Not Applicable,2643,UPI,31,3.5,4.3
2024-07-07 23:16:00,CNR9825357762,Success,CID562497,Prime Plus,Hennur,Hennur,266.0,40.0,Not Applicable,Not Applicable,No,Not Applicable,688,UPI,28,4.5,4.2
2024-07-07 21:21:00,CNR6497849344,Driver Not Found,CID123178,Prime Sedan,Varthur,Rajarajeshwari Nagar,,,Not Applicable,Not Applicable,Not Applicable,Not Applicable,496,Not Applicable,0,,
2024-07-08 23:46:00,CNR5993191349,Canceled by Customer,CID503561,Prime Plus,Mysore Road,Koramangala,,,AC is Not working,Not Applicable,Not Applicable,Not Applicable,497,Not Applicable,0,,
2024-07-08 22:20:00,CNR1617420927,Canceled by Driver,CID347735,Auto,Peenya,Ramamurthy Nagar,,,Not Applicable,Personal & Car related issue,Not Applicable,Not Applicable,297,Not Applicable,0,,
2024-07-25 00:26:00,CNR1177752997,Success,CID830240,Prime Sedan,Richmond Town,Devanahalli,280.0,145.0,Not Applicable,Not Applicable,No,Not Applicable,708,Cash,38,3.7,5.0
2024-07-09 18:59:00,CNR8443920434,Success,CID521195,Auto,MG Road,HSR Layout,266.0,60.0,Not Applicable,Not Applicable,No,Not Applicable,318,Cash,10,3.9,3.2
2024-07-03 22:36:00,CNR8207752663,Canceled by Driver,CID599810,Bike,Majestic,RT Nagar,,,Not Applicable,Customer related issue,Not Applicable,Not Applicable,483,Not Applicable,0,,
2024-07-04 11:53:00,CNR1765792417,Success,CID542686,Bike,Ulsoor,Banashankari,126.0,40.0,Not Applicable,Not Applicable,No,Not Applicable,114,UPI,32,3.3,3.8
2024-07-03 15:55:00,CNR3902263374,Success,CID370704,Prime Sedan,Jayanagar,Varthur,105.0,125.0,Not Applicable,Not Applicable,No,Not Applicable,449,UPI,34,4.5,5.0
2024-07-20 10:56:00,CNR7333300611,Success,CID130254,Prime Sedan,Hebbal,Mysore Road,91.0,100.0,Not Applicable,Not Applicable,No,Not Applicable,1722,Cash,7,3.0,4.0
2024-07-17 08:00:00,CNR3859617223,Success,CID688071,Auto,Magadi Road,Varthur,252.0,85.0,Not Applicable,Not Applicable,No,Not Applicable,498,Cash,18,3.1,3.7
2024-07-11 07:58:00,CNR1854467154,Canceled by Driver,CID553439,Mini,Sarjapur Road,Chamarajpet,,,Not Applicable,Customer related issue,Not Applicable,Not Applicable,555,Not Applicable,0,,
2024-07-14 12:38:00,CNR6806943454,Success,CID438541,Bike,Hosur Road,Hennur,189.0,140.0,Not Applicable,Not Applicable,No,Not Applicable,1092,Cash,15,4.3,3.4
2024-07-21 10:09:00,CNR1595345468,Success,CID809546,Prime Sedan,Shantinagar,Hebbal,301.0,50.0,Not Applicable,Not Applicable,No,Not Applicable,306,UPI,32,4.7,4.7
2024-07-06 11:03:00,CNR8717154728,Success,CID693708,Prime SUV,Rajarajeshwari Nagar,Rajarajeshwari Nagar,252.0,50.0,Not Applicable,Not Applicable,No,Not Applicable,2755,UPI,20,4.6,3.3
2024-07-17 04:58:00,CNR7114398750,Canceled by Driver,CID269366,Prime Plus,Yelahanka,HSR Layout,,,Not Applicable,Customer related issue,Not Applicable,Not Applicable,755,Not Applicable,0,,
2024-07-18 01:35:00,CNR1000071694,Success,CID297924,Prime Sedan,Basavanagudi,Rajarajeshwari Nagar,42.0,85.0,Not Applicable,Not Applicable,No,Not Applicable,662,Cash,31,4.5,3.0
2024-07-27 02:09:00,CNR5264532166,Success,CID837601,Prime Plus,Padmanabhanagar,Sarjapur Road,280.0,110.0,Not Applicable,Not Applicable,Yes,Customer Demand,552,Cash,35,3.9,3.8
2024-07-20 22:05:00,CNR7311838671,Success,CID847530,Auto,Shivajinagar,Whitefield,273.0,115.0,Not Applicable,Not Applicable,No,Not Applicable,806,Cash,14,4.2,3.6
2024-07-23 06:15:00,CNR5924459132,Canceled by Driver,CID563378,Prime Sedan,Kengeri,Majestic,,,Not Applicable,Customer related issue,Not Applicable,Not Applicable,946,Not Applicable,0,,
2024-07-18 22:24:00,CNR9794261642,Canceled by Driver,CID870508,Prime Sedan,Chamarajpet,Nagarbhavi,,,Not Applicable,Personal & Car related issue,Not Applicable,Not Applicable,1109,Not Applicable,0,,
2024-07-19 12:49:00,CNR1712831103,Success,CID817723,Auto,Langford Town,Yeshwanthpur,112.0,145.0,Not Applicable,Not Applicable,No,Not Applicable,730,Cash,2,3.9,4.5
2024-07-02 03:44:00,CNR3405749181,Success,CID851250,Auto,Devanahalli,Peenya,210.0,90.0,Not Applicable,Not Applicable,No,Not Applicable,377,Cash,9,4.5,4.6
2024-07-14 07:17:00,CNR7715946630,Success,CID841015,Mini,Devanahalli,Banashankari,287.0,60.0,Not Applicable,Not Applicable,No,Not Applicable,175,UPI,31,3.8,4.1
2024-07-21 00:08:00,CNR6824318236,Canceled by Driver,CID952104,Prime SUV,Frazer Town,Marathahalli,,,Not Applicable,Personal & Car related issue,Not Applicable,Not Applicable,191,Not Applicable,0,,
2024-07-08 23:17:00,CNR7712323768,Canceled by Driver,CID512568,Auto,Sarjapur Road,Sahakar Nagar,,,Not Applicable,Personal & Car related issue,Not Applicable,Not Applicable,459,Not Applicable,0,,
2024-07-14 21:49:00,CNR6823448404,Driver Not Found,CID458097,Prime Plus,Bellandur,Sarjapur Road,,,Not Applicable,Not Applicable,Not Applicable,Not Applicable,651,Not Applicable,0,,
2024-07-01 02:49:00,CNR4472517792,Success,CID390308,Bike,Cox Town,Padmanabhanagar,168.0,75.0,Not Applicable,Not Applicable,No,Not Applicable,219,UPI,26,4.8,3.9
2024-07-20 04:16:00,CNR8476593015,Canceled by Driver,CID427755,Prime Sedan,Electronic City,Padmanabhanagar,,,Not Applicable,More than permitted people in there,Not Applicable,Not Applicable,388,Not Applicable,0,,
2024-07-29 19:44:00,CNR6021627470,Success,CID366718,Mini,Hebbal,Langford Town,91.0,75.0,Not Applicable,Not Applicable,No,Not Applicable,195,UPI,12,3.6,4.7
2024-07-05 17:55:00,CNR2029939362,Success,CID109733,Mini,Sahakar Nagar,Sarjapur Road,182.0,35.0,Not Applicable,Not Applicable,No,Not Applicable,266,Cash,42,4.8,4.1
2024-07-06 02:00:00,CNR5488003147,Success,CID910214,eBike,Rajarajeshwari Nagar,Richmond Town,147.0,60.0,Not Applicable,Not Applicable,No,Not Applicable,111,UPI,49,5.0,3.9
2024-07-26 00:18:00,CNR7001796822,Success,CID436795,Prime Sedan,RT Nagar,Sarjapur Road,245.0,45.0,Not Applicable,Not Applicable,No,Not Applicable,438,UPI,18,4.5,4.2
2024-07-20 17:33:00,CNR3127112825,Success,CID928443,Bike,Basavanagudi,Frazer Town,301.0,40.0,Not Applicable,Not Applicable,No,Not Applicable,262,Cash,24,3.6,4.1
2024-07-21 18:50:00,CNR6204290054,Success,CID278977,Prime SUV,Hosur Road,Nagarbhavi,308.0,80.0,Not Applicable,Not Applicable,No,Not Applicable,494,UPI,19,3.0,4.1
2024-07-13 20:52:00,CNR5182186005,Canceled by Driver,CID267321,Prime SUV,Chamarajpet,Indiranagar,,,Not Applicable,Customer related issue,Not Applicable,Not Applicable,225,Not Applicable,0,,
2024-07-27 22:02:00,CNR2209717186,Success,CID152691,Mini,Magadi Road,Richmond Town,91.0,55.0,Not Applicable,Not Applicable,No,Not Applicable,806,UPI,11,4.5,4.9
2024-07-04 16:11:00,CNR2977023386,Success,CID630848,Prime SUV,Varthur,Nagarbhavi,105.0,95.0,Not Applicable,Not Applicable,No,Not Applicable,208,UPI,23,4.6,4.0
2024-07-15 02:02:00,CNR1557378871,Success,CID311578,eBike,Sarjapur Road,Bellandur,147.0,25.0,Not Applicable,Not Applicable,No,Not Applicable,2850,Cash,38,4.5,4.5
2024-07-01 03:45:00,CNR8761391045,Canceled by Driver,CID532020,Prime Plus,Kengeri,HSR Layout,,,Not Applicable,Customer was coughing/sick,Not Applicable,Not Applicable,170,Not Applicable,0,,
2024-07-09 00:28:00,CNR4447240017,Success,CID421134,Prime Sedan,Cox Town,Kammanahalli,126.0,45.0,Not Applicable,Not Applicable,No,Not Applicable,491,UPI,48,4.2,3.3
2024-07-30 13:01:00,CNR6316453060,Canceled by Driver,CID587777,Prime Sedan,Devanahalli,Frazer Town,,,Not Applicable,Customer was coughing/sick,Not Applicable,Not Applicable,306,Not Applicable,0,,
2024-07-23 23:29:00,CNR3416366558,Success,CID560987,Prime Plus,Tumkur Road,Cox Town,147.0,130.0,Not Applicable,Not Applicable,No,Not Applicable,527,Credit Card,1,3.6,3.9
2024-07-29 23:12:00,CNR4377227400,Success,CID718912,Prime Sedan,Bannerghatta Road,BTM Layout,308.0,45.0,Not Applicable,Not Applicable,No,Not Applicable,348,UPI,41,4.0,4.5
2024-07-17 13:59:00,CNR6061666053,Driver Not Found,CID126400,Prime Plus,Ulsoor,Bellandur,,,Not Applicable,Not Applicable,Not Applicable,Not Applicable,943,Not Applicable,0,,
2024-07-10 05:47:00,CNR3298952304,Success,CID781130,Mini,Chickpet,Hebbal,238.0,105.0,Not Applicable,Not Applicable,No,Not Applicable,390,Cash,25,3.6,3.2
2024-07-16 11:45:00,CNR8196845894,Canceled by Driver,CID646050,Mini,Mysore Road,Richmond Town,,,Not Applicable,Personal & Car related issue,Not Applicable,Not Applicable,780,Not Applicable,0,,
2024-07-25 17:11:00,CNR9709212640,Success,CID412315,Prime Plus,Vijayanagar,Rajarajeshwari Nagar,308.0,30.0,Not Applicable,Not Applicable,No,Not Applicable,435,Cash,29,5.0,3.6
2024-07-08 13:45:00,CNR4609433065,Success,CID944732,Prime SUV,Electronic City,HSR Layout,294.0,75.0,Not Applicable,Not Applicable,No,Not Applicable,313,Cash,20,4.2,4.7
2024-07-06 19:54:00,CNR7076530826,Canceled by Customer,CID157890,Bike,Frazer Town,KR Puram,,,Driver asked to cancel,Not Applicable,Not Applicable,Not Applicable,447,Not Applicable,0,,
2024-07-12 15:13:00,CNR7803080860,Canceled by Customer,CID812479,Auto,Chickpet,Varthur,,,Driver is not moving towards pickup location,Not Applicable,Not Applicable,Not Applicable,197,Not Applicable,0,,
2024-07-14 19:13:00,CNR4974381847,Success,CID592368,Prime SUV,Peenya,Nagarbhavi,210.0,25.0,Not Applicable,Not Applicable,No,Not Applicable,324,Cash,16,5.0,4.5
2024-07-29 14:45:00,CNR7598656281,Canceled by Driver,CID263029,Prime Plus,Sahakar Nagar,Peenya,,,Not Applicable,More than permitted people in there,Not Applicable,Not Applicable,192,Not Applicable,0,,
2024-07-17 17:17:00,CNR6544374219,Success,CID598360,Prime Plus,Sahakar Nagar,RT Nagar,189.0,60.0,Not Applicable,Not Applicable,No,Not Applicable,2267,UPI,7,4.2,4.4
2024-07-19 21:00:00,CNR1078649739,Success,CID517212,Auto,MG Road,Banashankari,266.0,55.0,Not Applicable,Not Applicable,No,Not Applicable,238,Cash,10,4.5,3.9
2024-07-22 14:37:00,CNR3061060872,Success,CID224895,Prime Sedan,Yelahanka,Marathahalli,77.0,140.0,Not Applicable,Not Applicable,No,Not Applicable,349,Cash,29,3.3,4.1
2024-07-02 05:32:00,CNR4776333936,Canceled by Driver,CID896425,Bike,KR Puram,Kengeri,,,Not Applicable,Personal & Car related issue,Not Applicable,Not Applicable,1707,Not Applicable,0,,
2024-07-27 20:04:00,CNR4922156104,Success,CID165282,eBike,Rajarajeshwari Nagar,Basavanagudi,301.0,70.0,Not Applicable,Not Applicable,No,Not Applicable,2108,Cash,11,4.2,4.0
2024-07-11 11:40:00,CNR7340174886,Success,CID698032,Auto,Banashankari,JP Nagar,182.0,30.0,Not Applicable,Not Applicable,No,Not Applicable,627,Cash,12,4.3,4.3
2024-07-01 14:35:00,CNR5822216951,Success,CID877184,Mini,Yeshwanthpur,Chamarajpet,56.0,115.0,Not Applicable,Not Applicable,No,Not Applicable,109,Credit Card,34,4.8,4.1
2024-07-28 06:23:00,CNR7604817904,Driver Not Found,CID658885,Prime Sedan,Kadugodi,Rajarajeshwari Nagar,,,Not Applicable,Not Applicable,Not Applicable,Not Applicable,369,Not Applicable,0,,
2024-07-06 22:18:00,CNR7133882998,Success,CID997979,Prime Sedan,Malleshwaram,Ramamurthy Nagar,119.0,35.0,Not Applicable,Not Applicable,No,Not Applicable,316,Cash,20,3.0,3.3
2024-07-09 12:02:00,CNR7792481006,Canceled by Customer,CID195810,Auto,Varthur,Hebbal,,,Change of plans,Not Applicable,Not Applicable,Not Applicable,147,Not Applicable,0,,
2024-07-04 23:19:00,CNR9376552815,Success,CID561512,Bike,Devanahalli,Indiranagar,301.0,105.0,Not Applicable,Not Applicable,No,Not Applicable,182,UPI,5,3.1,3.1
2024-07-20 05:21:00,CNR9755729340,Success,CID927258,Auto,Langford Town,Rajajinagar,154.0,85.0,Not Applicable,Not Applicable,No,Not Applicable,415,Cash,4,4.3,3.3
2024-07-25 15:12:00,CNR9618211294,Canceled by Customer,CID971899,eBike,Chickpet,Kengeri,,,Driver is not moving towards pickup location,Not Applicable,Not Applicable,Not Applicable,113,Not Applicable,0,,
2024-07-03 15:41:00,CNR4794951259,Success,CID605209,eBike,RT Nagar,Kammanahalli,42.0,45.0,Not Applicable,Not Applicable,No,Not Applicable,336,Cash,48,4.7,4.1
2024-07-15 11:57:00,CNR8585942561,Success,CID425805,Mini,KR Puram,Richmond Town,49.0,75.0,Not Applicable,Not Applicable,No,Not Applicable,346,UPI,16,3.0,3.8
2024-07-06 01:36:00,CNR8288256670,Success,CID689813,Prime Sedan,Banashankari,Whitefield,105.0,125.0,Not Applicable,Not Applicable,No,Not Applicable,124,UPI,48,3.2,3.0
2024-07-30 07:24:00,CNR3772119721,Driver Not Found,CID751579,Auto,Nagarbhavi,HSR Layout,,,Not Applicable,Not Applicable,Not Applicable,Not Applicable,411,Not Applicable,0,,
2024-07-22 11:35:00,CNR2564206725,Success,CID384905,Prime Sedan,Rajajinagar,Mysore Road,42.0,140.0,Not Applicable,Not Applicable,No,Not Applicable,339,Cash,28,3.1,4.5
2024-07-17 11:03:00,CNR8326083067,Success,CID691848,Mini,Peenya,Hosur Road,154.0,140.0,Not Applicable,Not Applicable,Yes,Vehicle Breakdown,106,Cash,34,3.9,3.0
2024-07-15 15:39:00,CNR8671887866,Success,CID275904,Prime SUV,Magadi Road,Devanahalli,266.0,75.0,Not Applicable,Not Applicable,No,Not Applicable,832,Cash,3,4.8,3.6
2024-07-26 14:55:00,CNR4211900882,Canceled by Driver,CID529663,Mini,Ulsoor,Koramangala,,,Not Applicable,More than permitted people in there,Not Applicable,Not Applicable,851,Not Applicable,0,,
2024-07-22 23:48:00,CNR8437159431,Success,CID459479,Auto,HSR Layout,Jayanagar,224.0,135.0,Not Applicable,Not Applicable,No,Not Applicable,208,UPI,9,4.8,4.6
2024-07-26 19:24:00,CNR2873244974,Success,CID593296,Auto,Electronic City,Mysore Road,308.0,80.0,Not Applicable,Not Applicable,No,Not Applicable,430,UPI,2,4.6,3.7
2024-07-08 18:47:00,CNR3669508498,Canceled by Driver,CID397283,Prime SUV,Yeshwanthpur,Electronic City,,,Not Applicable,Personal & Car related issue,Not Applicable,Not Applicable,159,Not Applicable,0,,
2024-07-17 07:13:00,CNR4922252674,Driver Not Found,CID633509,Prime SUV,Ulsoor,Rajarajeshwari Nagar,,,Not Applicable,Not Applicable,Not Applicable,Not Applicable,239,Not Applicable,0,,
2024-07-02 00:16:00,CNR8584549247,Canceled by Driver,CID124598,Auto,Varthur,Banashankari,,,Not Applicable,Personal & Car related issue,Not Applicable,Not Applicable,739,Not Applicable,0,,
2024-07-03 14:16:00,CNR7592383207,Success,CID738990,eBike,Rajarajeshwari Nagar,KR Puram,126.0,120.0,Not Applicable,Not Applicable,No,Not Applicable,619,Cash,34,4.5,3.7
2024-07-03 17:01:00,CNR6181770531,Driver Not Found,CID782437,Bike,RT Nagar,Kengeri,,,Not Applicable,Not Applicable,Not Applicable,Not Applicable,456,Not Applicable,0,,
2024-07-24 23:33:00,CNR3893514252,Success,CID384581,Prime SUV,Malleshwaram,Kammanahalli,161.0,120.0,Not Applicable,Not Applicable,No,Not Applicable,138,UPI,2,4.9,4.7
2024-07-21 13:22:00,CNR1040580115,Canceled by Customer,CID312747,Prime SUV,Malleshwaram,Chamarajpet,,,Driver asked to cancel,Not Applicable,Not Applicable,Not Applicable,228,Not Applicable,0,,
2024-07-06 21:35:00,CNR9948043539,Driver Not Found,CID434453,eBike,Ulsoor,Malleshwaram,,,Not Applicable,Not Applicable,Not Applicable,Not Applicable,479,Not Applicable,0,,
2024-07-06 19:45:00,CNR2602517231,Success,CID803733,eBike,Basavanagudi,Bannerghatta Road,161.0,105.0,Not Applicable,Not Applicable,No,Not Applicable,350,Cash,29,4.0,4.6
2024-07-12 02:59:00,CNR3905002744,Success,CID450740,Prime Sedan,Majestic,Bannerghatta Road,126.0,145.0,Not Applicable,Not Applicable,No,Not Applicable,441,Cash,23,3.4,3.1
2024-07-29 12:35:00,CNR1462512414,Success,CID125114,Bike,Banashankari,Hulimavu,140.0,25.0,Not Applicable,Not Applicable,No,Not Applicable,466,Cash,20,4.5,3.6
2024-07-27 01:23:00,CNR1414520165,Success,CID651852,Mini,Hennur,Ramamurthy Nagar,210.0,30.0,Not Applicable,Not Applicable,No,Not Applicable,668,UPI,33,3.7,4.7
2024-07-14 23:32:00,CNR3018170483,Success,CID280771,Prime Sedan,Yeshwanthpur,Devanahalli,168.0,35.0,Not Applicable,Not Applicable,No,Not Applicable,290,Cash,47,3.8,3.1
2024-07-27 15:58:00,CNR6337962078,Canceled by Customer,CID431873,Prime SUV,Marathahalli,Frazer Town,,,AC is Not working,Not Applicable,Not Applicable,Not Applicable,361,Not Applicable,0,,
2024-07-04 11:11:00,CNR5088917198,Canceled by Driver,CID162422,Prime Sedan,Basavanagudi,Kengeri,,,Not Applicable,More than permitted people in there,Not Applicable,Not Applicable,2091,Not Applicable,0,,
2024-07-19 17:28:00,CNR4373714388,Success,CID342101,Prime Sedan,Whitefield,Ulsoor,56.0,145.0,Not Applicable,Not Applicable,No,Not Applicable,398,UPI,39,3.4,3.2
2024-07-01 19:22:00,CNR6252691576,Success,CID204155,Prime Sedan,Banashankari,Nagarbhavi,245.0,130.0,Not Applicable,Not Applicable,No,Not Applicable,543,UPI,15,4.1,4.4
2024-07-18 17:46:00,CNR2085061137,Success,CID169826,Prime SUV,MG Road,Tumkur Road,231.0,70.0,Not Applicable,Not Applicable,No,Not Applicable,434,Cash,2,3.0,3.4
2024-07-23 23:48:00,CNR3695311624,Success,CID612208,Prime SUV,Yelahanka,Yeshwanthpur,280.0,30.0,Not Applicable,Not Applicable,No,Not Applicable,374,Cash,36,4.0,4.1
2024-07-22 12:30:00,CNR9120205952,Success,CID705002,Auto,Mysore Road,Kammanahalli,91.0,110.0,Not Applicable,Not Applicable,No,Not Applicable,495,UPI,5,3.7,3.9
2024-07-26 11:58:00,CNR3046564786,Canceled by Driver,CID361935,eBike,Richmond Town,Koramangala,,,Not Applicable,Customer related issue,Not Applicable,Not Applicable,262,Not Applicable,0,,
2024-07-29 02:38:00,CNR5368084065,Success,CID629831,eBike,Indiranagar,Malleshwaram,301.0,100.0,Not Applicable,Not Applicable,No,Not Applicable,535,Cash,7,3.4,4.7
2024-07-27 15:30:00,CNR2888023387,Canceled by Driver,CID171741,Prime Sedan,Rajarajeshwari Nagar,HSR Layout,,,Not Applicable,Customer related issue,Not Applicable,Not Applicable,2815,Not Applicable,0,,
2024-07-11 09:53:00,CNR5166536199,Success,CID840666,Prime Plus,Langford Town,Peenya,203.0,95.0,Not Applicable,Not Applicable,No,Not Applicable,443,UPI,1,4.6,4.0
2024-07-25 09:54:00,CNR5825596729,Driver Not Found,CID541702,Prime Plus,Peenya,Peenya,,,Not Applicable,Not Applicable,Not Applicable,Not Applicable,354,Not Applicable,0,,
2024-07-08 00:20:00,CNR3349337891,Success,CID616830,Auto,Ramamurthy Nagar,KR Puram,217.0,70.0,Not Applicable,Not Applicable,No,Not Applicable,206,UPI,10,4.6,3.2
2024-07-28 00:51:00,CNR2649221595,Success,CID239339,eBike,Majestic,Tumkur Road,196.0,85.0,Not Applicable,Not Applicable,No,Not Applicable,225,Cash,43,3.8,4.2
2024-07-02 03:57:00,CNR1570784083,Success,CID716509,Prime Sedan,Whitefield,Vijayanagar,252.0,40.0,Not Applicable,Not Applicable,No,Not Applicable,379,Cash,2,3.3,4.8
2024-07-20 17:01:00,CNR8977453148,Success,CID496945,Bike,Hebbal,Yelahanka,84.0,45.0,Not Applicable,Not Applicable,No,Not Applicable,127,Cash,37,3.4,3.7
2024-07-11 14:33:00,CNR7471175444,Success,CID251588,Mini,Vijayanagar,Hulimavu,210.0,125.0,Not Applicable,Not Applicable,No,Not Applicable,282,UPI,13,3.3,3.0
2024-07-29 12:08:00,CNR9210394697,Success,CID444943,Mini,Sahakar Nagar,Rajarajeshwari Nagar,126.0,55.0,Not Applicable,Not Applicable,No,Not Applicable,217,Cash,33,4.9,4.5
2024-07-03 13:16:00,CNR8114779518,Success,CID871974,eBike,Ulsoor,BTM Layout,105.0,65.0,Not Applicable,Not Applicable,No,Not Applicable,970,UPI,22,3.8,4.4
2024-07-24 12:05:00,CNR7492988839,Success,CID426191,Mini,Magadi Road,Hosur Road,147.0,105.0,Not Applicable,Not Applicable,Yes,Customer Demand,171,Cash,41,4.0,3.2
2024-07-06 11:41:00,CNR7882057214,Canceled by Customer,CID986231,Auto,Ulsoor,MG Road,,,AC is Not working,Not Applicable,Not Applicable,Not Applicable,191,Not Applicable,0,,
2024-07-09 15:41:00,CNR6896531086,Canceled by Customer,CID715665,Mini,Malleshwaram,Magadi Road,,,Change of plans,Not Applicable,Not Applicable,Not Applicable,126,Not Applicable,0,,
2024-07-30 12:37:00,CNR8712670218,Canceled by Driver,CID378568,eBike,Hosur Road,KR Puram,,,Not Applicable,More than permitted people in there,Not Applicable,Not Applicable,804,Not Applicable,0,,
2024-07-11 20:42:00,CNR7985641349,Driver Not Found,CID474129,Auto,Bellandur,Tumkur Road,,,Not Applicable,Not Applicable,Not Applicable,Not Applicable,160,Not Applicable,0,,
2024-07-02 10:32:00,CNR5727415407,Canceled by Customer,CID982608,eBike,Marathahalli,Devanahalli,,,Driver asked to cancel,Not Applicable,Not Applicable,Not Applicable,654,Not Applicable,0,,
2024-07-17 06:46:00,CNR8058544683,Success,CID281414,Bike,Basavanagudi,Koramangala,42.0,110.0,Not Applicable,Not Applicable,No,Not Applicable,299,Cash,48,4.3,3.7
2024-07-02 07:34:00,CNR9505055221,Success,CID847101,Prime SUV,Malleshwaram,Indiranagar,63.0,50.0,Not Applicable,Not Applicable,No,Not Applicable,264,Cash,34,4.7,5.0
2024-07-19 14:01:00,CNR5890325540,Success,CID942189,Prime Sedan,Banashankari,Vijayanagar,105.0,110.0,Not Applicable,Not Applicable,No,Not Applicable,980,UPI,2,4.1,3.9
2024-07-27 18:33:00,CNR7843369605,Canceled by Driver,CID291090,Mini,Kammanahalli,Frazer Town,,,Not Applicable,Customer was coughing/sick,Not Applicable,Not Applicable,953,Not Applicable,0,,
2024-07-25 18:30:00,CNR1984837554,Success,CID943715,Auto,Ulsoor,RT Nagar,168.0,130.0,Not Applicable,Not Applicable,No,Not Applicable,312,Cash,14,4.3,5.0
2024-07-29 18:12:00,CNR8739010124,Canceled by Driver,CID474927,eBike,Hulimavu,Hebbal,,,Not Applicable,Personal & Car related issue,Not Applicable,Not Applicable,896,Not Applicable,0,,
2024-07-27 20:30:00,CNR1859372547,Success,CID660564,Prime Sedan,Rajajinagar,Varthur,224.0,110.0,Not Applicable,Not Applicable,No,Not Applicable,107,Cash,26,4.1,3.8
2024-07-16 01:56:00,CNR1596607032,Success,CID420942,Prime SUV,Malleshwaram,RT Nagar,154.0,145.0,Not Applicable,Not Applicable,No,Not Applicable,831,UPI,37,4.9,4.6
2024-07-29 17:21:00,CNR3456073416,Success,CID431497,Auto,Hebbal,Bannerghatta Road,147.0,30.0,Not Applicable,Not Applicable,No,Not Applicable,408,UPI,10,3.7,3.4
2024-07-23 09:06:00,CNR9046670610,Success,CID600207,Mini,Electronic City,JP Nagar,77.0,30.0,Not Applicable,Not Applicable,No,Not Applicable,694,UPI,18,3.8,3.8
2024-07-07 23:32:00,CNR3655124247,Success,CID107419,eBike,HSR Layout,Kammanahalli,196.0,145.0,Not Applicable,Not Applicable,No,Not Applicable,2590,Cash,15,4.3,4.1
2024-07-17 07:52:00,CNR5797619492,Success,CID839233,Bike,KR Puram,HSR Layout,119.0,90.0,Not Applicable,Not Applicable,No,Not Applicable,385,Cash,30,4.8,3.8
2024-07-25 01:06:00,CNR7953454922,Success,CID615407,Mini,Nagarbhavi,Banashankari,91.0,40.0,Not Applicable,Not Applicable,No,Not Applicable,854,Cash,34,3.6,4.1
2024-07-20 01:57:00,CNR8392119513,Canceled by Driver,CID599575,Auto,Hulimavu,Vijayanagar,,,Not Applicable,More than permitted people in there,Not Applicable,Not Applicable,223,Not Applicable,0,,
2024-07-10 14:53:00,CNR5535201800,Success,CID843430,Bike,Yeshwanthpur,Magadi Road,105.0,90.0,Not Applicable,Not Applicable,No,Not Applicable,519,Cash,17,3.5,4.2
2024-07-24 11:51:00,CNR4178418438,Success,CID922720,Auto,RT Nagar,Banashankari,105.0,45.0,Not Applicable,Not Applicable,No,Not Applicable,1229,Cash,1,3.8,4.8
2024-07-02 19:05:00,CNR2117670790,Success,CID254895,Auto,BTM Layout,Hennur,280.0,50.0,Not Applicable,Not Applicable,No,Not Applicable,231,Cash,6,4.7,4.1
2024-07-30 19:11:00,CNR2845013514,Canceled by Driver,CID943337,Mini,Vijayanagar,BTM Layout,,,Not Applicable,Customer related issue,Not Applicable,Not Applicable,375,Not Applicable,0,,
2024-07-09 03:16:00,CNR5765069852,Driver Not Found,CID136220,Mini,Hosur Road,Yelahanka,,,Not Applicable,Not Applicable,Not Applicable,Not Applicable,183,Not Applicable,0,,
2024-07-13 06:56:00,CNR7483062393,Canceled by Driver,CID709529,Auto,Shivajinagar,Shantinagar,,,Not Applicable,Customer was coughing/sick,Not Applicable,Not Applicable,168,Not Applicable,0,,
2024-07-05 06:43:00,CNR7598001737,Success,CID276083,Prime Sedan,Ramamurthy Nagar,Varthur,210.0,110.0,Not Applicable,Not Applicable,No,Not Applicable,409,Cash,34,3.8,3.5
2024-07-06 02:54:00,CNR7414313467,Canceled by Driver,CID894500,eBike,Magadi Road,Cox Town,,,Not Applicable,Customer related issue,Not Applicable,Not Applicable,807,Not Applicable,0,,
2024-07-13 06:46:00,CNR5814183989,Success,CID635382,eBike,Marathahalli,Langford Town,245.0,145.0,Not Applicable,Not Applicable,No,Not Applicable,103,Cash,8,4.2,4.0
2024-07-14 16:07:00,CNR3459545957,Success,CID541540,Mini,Chamarajpet,Majestic,77.0,30.0,Not Applicable,Not Applicable,Yes,Vehicle Breakdown,389,Cash,2,4.0,3.1
2024-07-15 03:35:00,CNR6518740611,Driver Not Found,CID930923,Prime SUV,Hulimavu,Basavanagudi,,,Not Applicable,Not Applicable,Not Applicable,Not Applicable,152,Not Applicable,0,,
2024-07-21 10:46:00,CNR9980404759,Canceled by Customer,CID107196,Prime Plus,Yeshwanthpur,Sahakar Nagar,,,Driver is not moving towards pickup location,Not Applicable,Not Applicable,Not Applicable,274,Not Applicable,0,,
2024-07-08 02:41:00,CNR3787041786,Driver Not Found,CID581809,Prime Plus,Jayanagar,MG Road,,,Not Applicable,Not Applicable,Not Applicable,Not Applicable,355,Not Applicable,0,,
2024-07-06 20:22:00,CNR9557264130,Driver Not Found,CID817130,eBike,Rajajinagar,Magadi Road,,,Not Applicable,Not Applicable,Not Applicable,Not Applicable,275,Not Applicable,0,,
2024-07-24 11:16:00,CNR3209675205,Driver Not Found,CID194964,Prime Plus,Vijayanagar,RT Nagar,,,Not Applicable,Not Applicable,Not Applicable,Not Applicable,175,Not Applicable,0,,
2024-07-26 18:49:00,CNR4248912181,Success,CID349517,Mini,Majestic,Rajarajeshwari Nagar,126.0,75.0,Not Applicable,Not Applicable,No,Not Applicable,413,Cash,28,4.5,3.6
2024-07-20 06:23:00,CNR5378041774,Canceled by Driver,CID321772,Prime SUV,Yelahanka,Majestic,,,Not Applicable,More than permitted people in there,Not Applicable,Not Applicable,258,Not Applicable,0,,
2024-07-19 23:38:00,CNR9787289748,Success,CID336713,Bike,Marathahalli,Indiranagar,168.0,130.0,Not Applicable,Not Applicable,No,Not Applicable,311,UPI,9,4.3,3.8
2024-07-07 00:02:00,CNR6279611421,Success,CID392674,Mini,HSR Layout,Devanahalli,168.0,105.0,Not Applicable,Not Applicable,No,Not Applicable,952,Cash,36,4.9,3.4
2024-07-25 14:18:00,CNR2098067698,Success,CID989425,Prime SUV,Yeshwanthpur,Kengeri,77.0,50.0,Not Applicable,Not Applicable,No,Not Applicable,809,Cash,11,3.4,4.7
2024-07-13 00:40:00,CNR3767625526,Success,CID361901,Mini,Cox Town,RT Nagar,182.0,120.0,Not Applicable,Not Applicable,No,Not Applicable,375,Credit Card,49,3.9,4.4
2024-07-18 15:34:00,CNR3949713241,Canceled by Customer,CID138991,Prime SUV,Hosur Road,Hebbal,,,Driver is not moving towards pickup location,Not Applicable,Not Applicable,Not Applicable,200,Not Applicable,0,,
2024-07-30 19:50:00,CNR1637924533,Canceled by Driver,CID812535,Prime Plus,Hennur,Cox Town,,,Not Applicable,More than permitted people in there,Not Applicable,Not Applicable,947,Not Applicable,0,,
2024-07-15 12:54:00,CNR3301887694,Canceled by Driver,CID290304,Prime Plus,Kengeri,Langford Town,,,Not Applicable,Customer was coughing/sick,Not Applicable,Not Applicable,554,Not Applicable,0,,
2024-07-15 10:10:00,CNR8741194212,Canceled by Driver,CID210079,Prime SUV,Hennur,Koramangala,,,Not Applicable,Personal & Car related issue,Not Applicable,Not Applicable,792,Not Applicable,0,,
2024-07-08 00:58:00,CNR8112088268,Success,CID199586,Bike,Chickpet,Sarjapur Road,175.0,85.0,Not Applicable,Not Applicable,Yes,Customer Demand,943,Cash,30,3.8,4.5
2024-07-07 21:31:00,CNR4633153917,Canceled by Driver,CID935673,Prime Sedan,Richmond Town,Frazer Town,,,Not Applicable,Customer related issue,Not Applicable,Not Applicable,395,Not Applicable,0,,
2024-07-29 06:46:00,CNR4948060835,Driver Not Found,CID330513,Auto,Rajarajeshwari Nagar,JP Nagar,,,Not Applicable,Not Applicable,Not Applicable,Not Applicable,962,Not Applicable,0,,
2024-07-12 22:26:00,CNR5981914123,Success,CID638760,Mini,Shantinagar,Shivajinagar,217.0,110.0,Not Applicable,Not Applicable,No,Not Applicable,509,UPI,22,4.9,4.2
2024-07-16 15:51:00,CNR8476759122,Success,CID666867,Mini,Whitefield,KR Puram,287.0,110.0,Not Applicable,Not Applicable,No,Not Applicable,2325,UPI,1,4.9,3.4
2024-07-29 03:26:00,CNR4496594288,Driver Not Found,CID348160,Prime Sedan,RT Nagar,Kadugodi,,,Not Applicable,Not Applicable,Not Applicable,Not Applicable,477,Not Applicable,0,,
2024-07-09 03:19:00,CNR9735305484,Success,CID577743,Auto,MG Road,Varthur,119.0,110.0,Not Applicable,Not Applicable,No,Not Applicable,394,UPI,3,3.1,4.5
2024-07-23 09:44:00,CNR1327333563,Canceled by Customer,CID358922,Bike,Bellandur,Hebbal,,,Driver asked to cancel,Not Applicable,Not Applicable,Not Applicable,467,Not Applicable,0,,
2024-07-17 13:49:00,CNR1941883805,Success,CID962213,Mini,Rajarajeshwari Nagar,Hennur,133.0,105.0,Not Applicable,Not Applicable,No,Not Applicable,474,Cash,30,4.3,3.6
2024-07-21 09:43:00,CNR1945110413,Success,CID193797,Mini,Nagarbhavi,Sahakar Nagar,49.0,55.0,Not Applicable,Not Applicable,No,Not Applicable,410,Credit Card,1,4.4,3.9
2024-07-05 16:07:00,CNR6561767236,Driver Not Found,CID168707,Prime Plus,Malleshwaram,Majestic,,,Not Applicable,Not Applicable,Not Applicable,Not Applicable,295,Not Applicable,0,,
2024-07-16 05:27:00,CNR5799566727,Success,CID696124,Prime SUV,Hosur Road,Chickpet,84.0,145.0,Not Applicable,Not Applicable,No,Not Applicable,419,Cash,21,4.9,4.5
2024-07-07 07:39:00,CNR1220649637,Success,CID442102,Prime Plus,Basavanagudi,Whitefield,196.0,130.0,Not Applicable,Not Applicable,No,Not Applicable,129,Cash,33,3.6,3.8
2024-07-09 18:20:00,CNR8649792318,Success,CID526098,Prime SUV,Peenya,Tumkur Road,77.0,110.0,Not Applicable,Not Applicable,No,Not Applicable,684,Cash,48,4.5,4.5
2024-07-06 17:02:00,CNR2385347564,Success,CID800533,Prime Sedan,Peenya,Peenya,175.0,130.0,Not Applicable,Not Applicable,Yes,Customer Demand,104,UPI,3,4.5,3.1
2024-07-01 22:47:00,CNR3890929718,Success,CID837574,Prime Plus,Shivajinagar,Ulsoor,35.0,85.0,Not Applicable,Not Applicable,No,Not Applicable,200,UPI,10,3.8,3.3
2024-07-16 15:36:00,CNR7198476924,Canceled by Driver,CID357256,Prime SUV,Kadugodi,Nagarbhavi,,,Not Applicable,Personal & Car related issue,Not Applicable,Not Applicable,240,Not Applicable,0,,
2024-07-25 03:54:00,CNR8441540188,Success,CID794201,Prime SUV,Chickpet,Basavanagudi,119.0,125.0,Not Applicable,Not Applicable,No,Not Applicable,299,Cash,31,4.0,4.7
2024-07-07 13:46:00,CNR9562371036,Success,CID318657,eBike,Devanahalli,Bannerghatta Road,98.0,75.0,Not Applicable,Not Applicable,No,Not Applicable,430,Cash,32,4.7,3.7
2024-07-22 13:24:00,CNR3367312390,Success,CID948765,Mini,KR Puram,Banashankari,273.0,125.0,Not Applicable,Not Applicable,No,Not Applicable,370,Cash,19,3.8,3.4
2024-07-15 19:13:00,CNR2955250614,Driver Not Found,CID949483,Prime Plus,Vijayanagar,Shivajinagar,,,Not Applicable,Not Applicable,Not Applicable,Not Applicable,113,Not Applicable,0,,
2024-07-19 07:21:00,CNR6482723312,Driver Not Found,CID391096,Mini,Vijayanagar,MG Road,,,Not Applicable,Not Applicable,Not Applicable,Not Applicable,2203,Not Applicable,0,,
2024-07-07 07:40:00,CNR7539949921,Canceled by Driver,CID591172,Prime SUV,Banashankari,Rajajinagar,,,Not Applicable,More than permitted people in there,Not Applicable,Not Applicable,161,Not Applicable,0,,
2024-07-30 10:35:00,CNR1656088489,Canceled by Driver,CID552805,Prime Plus,Nagarbhavi,Frazer Town,,,Not Applicable,Personal & Car related issue,Not Applicable,Not Applicable,760,Not Applicable,0,,
2024-07-13 20:53:00,CNR1174760861,Success,CID217549,Prime SUV,Bellandur,Indiranagar,70.0,130.0,Not Applicable,Not Applicable,No,Not Applicable,680,Cash,17,3.6,4.1
2024-07-27 01:14:00,CNR7233586541,Success,CID831844,Prime SUV,BTM Layout,KR Puram,98.0,80.0,Not Applicable,Not Applicable,No,Not Applicable,749,Credit Card,34,4.6,3.0
2024-07-13 17:11:00,CNR8123018078,Driver Not Found,CID349603,Mini,Kammanahalli,Kammanahalli,,,Not Applicable,Not Applicable,Not Applicable,Not Applicable,335,Not Applicable,0,,
2024-07-04 05:21:00,CNR6528201351,Success,CID936323,Prime Plus,Nagarbhavi,Yeshwanthpur,273.0,45.0,Not Applicable,Not Applicable,No,Not Applicable,1589,Cash,38,4.5,4.1
2024-07-23 17:07:00,CNR3443885255,Success,CID379663,Prime Plus,Majestic,MG Road,238.0,40.0,Not Applicable,Not Applicable,No,Not Applicable,290,Cash,48,4.8,3.0
2024-07-12 09:55:00,CNR2206751167,Success,CID715273,Mini,Koramangala,Richmond Town,91.0,70.0,Not Applicable,Not Applicable,No,Not Applicable,179,UPI,19,3.2,3.1
2024-07-27 11:58:00,CNR5870018678,Success,CID714475,Prime Plus,Peenya,Ulsoor,70.0,30.0,Not Applicable,Not Applicable,No,Not Applicable,232,UPI,22,3.9,5.0
2024-07-17 16:37:00,CNR3134906029,Success,CID771780,Bike,JP Nagar,Majestic,133.0,120.0,Not Applicable,Not Applicable,No,Not Applicable,1495,Cash,29,4.8,3.5
2024-07-15 21:17:00,CNR4435497000,Success,CID933027,Bike,Hulimavu,Langford Town,56.0,145.0,Not Applicable,Not Applicable,No,Not Applicable,363,UPI,22,4.7,3.6
2024-07-08 18:32:00,CNR9018526887,Driver Not Found,CID805843,eBike,Ulsoor,Rajajinagar,,,Not Applicable,Not Applicable,Not Applicable,Not Applicable,988,Not Applicable,0,,
2024-07-22 07:20:00,CNR5988209222,Success,CID242403,Bike,Padmanabhanagar,Richmond Town,175.0,60.0,Not Applicable,Not Applicable,No,Not Applicable,214,Cash,20,3.5,3.1
2024-07-16 07:13:00,CNR3076052843,Success,CID728125,Prime Sedan,Richmond Town,Electronic City,280.0,70.0,Not Applicable,Not Applicable,No,Not Applicable,957,Cash,35,4.8,3.8
2024-07-18 01:43:00,CNR9688540662,Success,CID442607,Bike,Electronic City,Bellandur,175.0,110.0,Not Applicable,Not Applicable,No,Not Applicable,230,UPI,47,3.4,4.0
2024-07-09 01:41:00,CNR2531407302,Success,CID188832,Mini,Hosur Road,Banashankari,182.0,75.0,Not Applicable,Not Applicable,No,Not Applicable,474,UPI,40,4.9,3.0
2024-07-14 15:05:00,CNR4701799249,Canceled by Driver,CID478759,eBike,Whitefield,Hulimavu,,,Not Applicable,Customer related issue,Not Applicable,Not Applicable,688,Not Applicable,0,,
2024-07-16 01:10:00,CNR6807501221,Success,CID541703,eBike,HSR Layout,Yelahanka,273.0,120.0,Not Applicable,Not Applicable,No,Not Applicable,1366,UPI,17,4.4,4.4
2024-07-03 00:56:00,CNR1971943001,Success,CID292672,Prime Plus,Ramamurthy Nagar,Bannerghatta Road,294.0,145.0,Not Applicable,Not Applicable,No,Not Applicable,368,UPI,15,3.8,3.5
2024-07-25 03:21:00,CNR9283526905,Success,CID117206,Mini,Majestic,Rajarajeshwari Nagar,238.0,30.0,Not Applicable,Not Applicable,No,Not Applicable,2561,Cash,35,3.1,4.3
2024-07-30 19:07:00,CNR9631883900,Success,CID217824,Prime Sedan,Kadugodi,Rajarajeshwari Nagar,112.0,95.0,Not Applicable,Not Applicable,Yes,Customer Demand,414,UPI,31,4.9,4.7
2024-07-21 16:39:00,CNR8731597992,Success,CID508948,eBike,Majestic,Peenya,49.0,50.0,Not Applicable,Not Applicable,No,Not Applicable,485,UPI,30,3.6,4.8
2024-07-26 02:36:00,CNR2679889493,Success,CID224838,Prime Plus,Magadi Road,Cox Town,238.0,40.0,Not Applicable,Not Applicable,No,Not Applicable,449,Credit Card,36,4.1,4.2
2024-07-27 19:20:00,CNR5663477819,Success,CID769768,Prime Plus,Koramangala,Cox Town,273.0,55.0,Not Applicable,Not Applicable,No,Not Applicable,441,Cash,2,4.8,4.3
2024-07-07 15:32:00,CNR8836910054,Success,CID740429,Auto,Rajarajeshwari Nagar,Cox Town,77.0,85.0,Not Applicable,Not Applicable,No,Not Applicable,111,Cash,15,3.8,4.6
2024-07-08 14:31:00,CNR4597641028,Success,CID631572,Auto,Kengeri,Nagarbhavi,63.0,90.0,Not Applicable,Not Applicable,No,Not Applicable,358,Cash,6,4.9,3.0
2024-07-13 09:21:00,CNR1182100645,Success,CID681569,Prime Plus,HSR Layout,Tumkur Road,224.0,70.0,Not Applicable,Not Applicable,No,Not Applicable,174,UPI,28,4.4,4.4
2024-07-22 08:43:00,CNR7241598554,Success,CID302580,Prime SUV,Tumkur Road,KR Puram,140.0,120.0,Not Applicable,Not Applicable,No,Not Applicable,2712,UPI,48,3.5,3.4
2024-07-01 07:38:00,CNR1460277274,Success,CID559203,Prime Sedan,Chamarajpet,Electronic City,168.0,145.0,Not Applicable,Not Applicable,No,Not Applicable,412,Cash,14,4.2,3.3
2024-07-09 17:59:00,CNR6687845620,Canceled by Driver,CID375571,Auto,Electronic City,Malleshwaram,,,Not Applicable,More than permitted people in there,Not Applicable,Not Applicable,225,Not Applicable,0,,
2024-07-01 21:02:00,CNR3803377017,Canceled by Customer,CID998753,Mini,Richmond Town,Peenya,,,Driver is not moving towards pickup location,Not Applicable,Not Applicable,Not Applicable,701,Not Applicable,0,,
2024-07-03 04:40:00,CNR3471475799,Canceled by Driver,CID543063,Prime Plus,Yelahanka,Peenya,,,Not Applicable,Customer was coughing/sick,Not Applicable,Not Applicable,160,Not Applicable,0,,
2024-07-25 23:09:00,CNR2186961000,Success,CID612399,Bike,Devanahalli,Ramamurthy Nagar,210.0,30.0,Not Applicable,Not Applicable,No,Not Applicable,776,Cash,31,3.4,4.8
2024-07-14 02:05:00,CNR5470235628,Driver Not Found,CID802248,eBike,Nagarbhavi,JP Nagar,,,Not Applicable,Not Applicable,Not Applicable,Not Applicable,175,Not Applicable,0,,
2024-07-26 07:44:00,CNR7092679799,Success,CID266303,Bike,Malleshwaram,Chamarajpet,63.0,130.0,Not Applicable,Not Applicable,No,Not Applicable,230,UPI,15,3.8,4.1
2024-07-02 03:34:00,CNR5549832736,Success,CID460971,Prime Sedan,Chamarajpet,Majestic,182.0,110.0,Not Applicable,Not Applicable,Yes,Other Issue,904,Cash,17,4.1,3.3
2024-07-08 12:08:00,CNR3342759174,Canceled by Driver,CID815696,Prime Plus,Jayanagar,Cox Town,,,Not Applicable,More than permitted people in there,Not Applicable,Not Applicable,226,Not Applicable,0,,
2024-07-30 09:29:00,CNR2088514189,Success,CID434312,Mini,KR Puram,Nagarbhavi,266.0,85.0,Not Applicable,Not Applicable,No,Not Applicable,459,UPI,47,3.0,4.4
2024-07-03 03:56:00,CNR1174891937,Success,CID291541,Prime SUV,Yeshwanthpur,Sahakar Nagar,238.0,45.0,Not Applicable,Not Applicable,No,Not Applicable,488,Credit Card,36,4.6,4.1
2024-07-11 20:06:00,CNR4431617790,Success,CID353760,Prime Plus,Mysore Road,Bellandur,252.0,80.0,Not Applicable,Not Applicable,No,Not Applicable,246,Cash,28,4.4,4.0
2024-07-25 03:13:00,CNR1292451042,Canceled by Customer,CID848787,Prime Sedan,Magadi Road,Kammanahalli,,,Driver asked to cancel,Not Applicable,Not Applicable,Not Applicable,479,Not Applicable,0,,
2024-07-23 08:25:00,CNR2381602086,Success,CID431655,Prime SUV,Hebbal,Malleshwaram,217.0,140.0,Not Applicable,Not Applicable,No,Not Applicable,415,Cash,1,4.0,4.2
2024-07-23 18:13:00,CNR1790326918,Success,CID779892,Prime SUV,Whitefield,Koramangala,217.0,70.0,Not Applicable,Not Applicable,No,Not Applicable,144,Cash,22,4.6,4.7
2024-07-07 13:23:00,CNR1309821500,Canceled by Driver,CID430918,Bike,Shantinagar,Marathahalli,,,Not Applicable,Personal & Car related issue,Not Applicable,Not Applicable,131,Not Applicable,0,,
2024-07-09 23:54:00,CNR6512301272,Success,CID871643,Auto,RT Nagar,Sarjapur Road,294.0,45.0,Not Applicable,Not Applicable,Yes,Vehicle Breakdown,1862,Credit Card,15,4.3,3.9
2024-07-02 22:12:00,CNR4654811801,Driver Not Found,CID344811,Auto,Yeshwanthpur,Mysore Road,,,Not Applicable,Not Applicable,Not Applicable,Not Applicable,297,Not Applicable,0,,
2024-07-13 23:04:00,CNR4200817750,Success,CID911816,Prime Plus,Hulimavu,Shivajinagar,308.0,110.0,Not Applicable,Not Applicable,No,Not Applicable,155,Cash,9,3.1,4.9
2024-07-21 10:20:00,CNR9473576295,Canceled by Driver,CID765419,Prime Plus,Nagarbhavi,Vijayanagar,,,Not Applicable,Personal & Car related issue,Not Applicable,Not Applicable,961,Not Applicable,0,,
2024-07-05 16:34:00,CNR8873238207,Success,CID487182,Mini,Hulimavu,Majestic,189.0,45.0,Not Applicable,Not Applicable,No,Not Applicable,232,Cash,12,4.8,4.1
2024-07-30 21:46:00,CNR1354551402,Driver Not Found,CID287901,Mini,Magadi Road,Banashankari,,,Not Applicable,Not Applicable,Not Applicable,Not Applicable,372,Not Applicable,0,,
2024-07-16 18:09:00,CNR2384100945,Success,CID512261,Bike,Rajarajeshwari Nagar,KR Puram,154.0,80.0,Not Applicable,Not Applicable,No,Not Applicable,257,Cash,18,3.8,3.5
2024-07-01 04:01:00,CNR5252336878,Success,CID938860,eBike,Ramamurthy Nagar,Frazer Town,308.0,40.0,Not Applicable,Not Applicable,No,Not Applicable,852,UPI,47,3.3,4.7
2024-07-01 04:56:00,CNR8900014034,Success,CID390533,eBike,Jayanagar,Marathahalli,161.0,135.0,Not Applicable,Not Applicable,No,Not Applicable,151,Cash,22,4.6,3.3
2024-07-02 04:49:00,CNR4615611231,Canceled by Driver,CID519720,Bike,Tumkur Road,Yeshwanthpur,,,Not Applicable,Customer related issue,Not Applicable,Not Applicable,237,Not Applicable,0,,
2024-07-18 01:04:00,CNR9752830087,Success,CID522275,Bike,Mysore Road,Shivajinagar,224.0,70.0,Not Applicable,Not Applicable,No,Not Applicable,891,Cash,20,4.1,4.8
2024-07-03 23:34:00,CNR3869763580,Canceled by Driver,CID203333,Prime Sedan,Kadugodi,Vijayanagar,,,Not Applicable,Personal & Car related issue,Not Applicable,Not Applicable,834,Not Applicable,0,,
2024-07-09 19:23:00,CNR7656234479,Success,CID363292,eBike,Banashankari,Rajarajeshwari Nagar,308.0,40.0,Not Applicable,Not Applicable,No,Not Applicable,824,UPI,6,4.1,4.1
2024-07-18 10:33:00,CNR6613493964,Success,CID991662,eBike,Peenya,Koramangala,147.0,60.0,Not Applicable,Not Applicable,No,Not Applicable,355,UPI,38,4.9,3.8
2024-07-14 00:07:00,CNR1333954475,Success,CID858724,Prime Sedan,Whitefield,Kengeri,196.0,65.0,Not Applicable,Not Applicable,No,Not Applicable,679,UPI,6,4.9,4.4
2024-07-11 09:22:00,CNR5422055660,Driver Not Found,CID973826,Prime Sedan,Malleshwaram,Frazer Town,,,Not Applicable,Not Applicable,Not Applicable,Not Applicable,396,Not Applicable,0,,
2024-07-13 22:23:00,CNR8145154086,Success,CID220329,Prime SUV,Hebbal,Rajarajeshwari Nagar,189.0,140.0,Not Applicable,Not Applicable,No,Not Applicable,496,Cash,20,3.4,3.5
2024-07-10 14:03:00,CNR9274286443,Success,CID122760,eBike,Peenya,Kadugodi,105.0,130.0,Not Applicable,Not Applicable,No,Not Applicable,940,Cash,18,3.9,3.6
2024-07-13 11:06:00,CNR2346640603,Success,CID502261,Prime SUV,Kadugodi,Ulsoor,91.0,50.0,Not Applicable,Not Applicable,Yes,Customer Demand,541,UPI,21,3.5,3.6
2024-07-17 05:08:00,CNR2087274236,Success,CID724074,Prime Sedan,Yelahanka,Hulimavu,56.0,80.0,Not Applicable,Not Applicable,No,Not Applicable,1849,Cash,2,4.3,4.1
2024-07-08 09:44:00,CNR7886115123,Success,CID153119,eBike,Cox Town,Vijayanagar,287.0,45.0,Not Applicable,Not Applicable,No,Not Applicable,341,Cash,20,4.6,4.5
2024-07-08 15:17:00,CNR8275784547,Success,CID821082,Prime Plus,Richmond Town,HSR Layout,308.0,120.0,Not Applicable,Not Applicable,No,Not Applicable,415,Cash,22,4.8,4.0
2024-07-23 03:58:00,CNR5036551241,Success,CID120795,Prime SUV,Koramangala,Shantinagar,217.0,45.0,Not Applicable,Not Applicable,No,Not Applicable,264,UPI,2,4.4,3.9
2024-07-26 04:27:00,CNR7356272460,Driver Not Found,CID213628,Prime SUV,RT Nagar,Shivajinagar,,,Not Applicable,Not Applicable,Not Applicable,Not Applicable,447,Not Applicable,0,,
2024-07-14 20:01:00,CNR5804598999,Success,CID408709,Prime SUV,Koramangala,Marathahalli,133.0,145.0,Not Applicable,Not Applicable,No,Not Applicable,404,UPI,11,3.3,3.6
2024-07-10 19:37:00,CNR4670167776,Success,CID750012,Mini,Shivajinagar,Magadi Road,196.0,25.0,Not Applicable,Not Applicable,No,Not Applicable,333,Cash,2,4.6,3.6
2024-07-19 18:49:00,CNR4414920188,Driver Not Found,CID964007,eBike,Cox Town,Hennur,,,Not Applicable,Not Applicable,Not Applicable,Not Applicable,473,Not Applicable,0,,
2024-07-11 15:44:00,CNR1664926958,Success,CID206856,Prime Sedan,Rajajinagar,Basavanagudi,238.0,140.0,Not Applicable,Not Applicable,No,Not Applicable,2626,Credit Card,49,4.9,3.3
2024-07-04 23:58:00,CNR9898821491,Success,CID896965,Prime SUV,Marathahalli,Sahakar Nagar,196.0,85.0,Not Applicable,Not Applicable,No,Not Applicable,889,Cash,21,4.2,3.7
2024-07-28 18:53:00,CNR3926578454,Success,CID109371,Bike,Magadi Road,Kammanahalli,203.0,45.0,Not Applicable,Not Applicable,No,Not Applicable,991,Credit Card,5,3.4,4.1
2024-07-10 14:10:00,CNR1266702502,Success,CID623832,Bike,BTM Layout,Majestic,42.0,75.0,Not Applicable,Not Applicable,No,Not Applicable,156,UPI,35,3.0,3.9
2024-07-16 17:34:00,CNR3434262457,Success,CID252527,Mini,Mysore Road,Hennur,119.0,80.0,Not Applicable,Not Applicable,No,Not Applicable,1639,Cash,37,4.0,3.8
2024-07-06 10:49:00,CNR4861285710,Canceled by Customer,CID473934,Auto,Yeshwanthpur,Chamarajpet,,,Driver asked to cancel,Not Applicable,Not Applicable,Not Applicable,359,Not Applicable,0,,
2024-07-08 13:14:00,CNR5204238665,Driver Not Found,CID326212,Prime Sedan,Yelahanka,Bellandur,,,Not Applicable,Not Applicable,Not Applicable,Not Applicable,282,Not Applicable,0,,
2024-07-20 16:31:00,CNR9248521564,Success,CID128372,eBike,Bannerghatta Road,Jayanagar,126.0,90.0,Not Applicable,Not Applicable,No,Not Applicable,588,UPI,34,4.2,4.1
2024-07-03 20:52:00,CNR4360651091,Success,CID423039,Mini,Jayanagar,Frazer Town,280.0,100.0,Not Applicable,Not Applicable,No,Not Applicable,252,Cash,9,3.2,4.7
2024-07-07 10:58:00,CNR2441097690,Success,CID484361,Mini,Rajajinagar,HSR Layout,210.0,25.0,Not Applicable,Not Applicable,No,Not Applicable,293,UPI,3,4.7,3.9
2024-07-27 08:01:00,CNR5498293466,Success,CID544298,eBike,Shantinagar,Malleshwaram,175.0,110.0,Not Applicable,Not Applicable,No,Not Applicable,420,UPI,23,3.6,3.3
2024-07-15 20:47:00,CNR1762977920,Canceled by Driver,CID946413,Mini,Hosur Road,Bannerghatta Road,,,Not Applicable,Personal & Car related issue,Not Applicable,Not Applicable,899,Not Applicable,0,,
2024-07-24 06:32:00,CNR2454913166,Driver Not Found,CID672623,Bike,Nagarbhavi,Indiranagar,,,Not Applicable,Not Applicable,Not Applicable,Not Applicable,380,Not Applicable,0,,
2024-07-14 22:28:00,CNR9124257050,Success,CID522656,Prime Plus,HSR Layout,Basavanagudi,231.0,105.0,Not Applicable,Not Applicable,No,Not Applicable,680,Credit Card,33,3.7,5.0
2024-07-29 22:12:00,CNR8337138172,Success,CID408880,Prime SUV,Majestic,Chamarajpet,84.0,105.0,Not Applicable,Not Applicable,No,Not Applicable,709,Cash,28,3.3,3.2
2024-07-17 16:42:00,CNR3479386985,Success,CID974655,Prime Plus,Hennur,Whitefield,210.0,45.0,Not Applicable,Not Applicable,No,Not Applicable,878,UPI,37,4.9,3.6
2024-07-01 14:25:00,CNR4231782138,Canceled by Driver,CID428592,eBike,Padmanabhanagar,Sarjapur Road,,,Not Applicable,More than permitted people in there,Not Applicable,Not Applicable,270,Not Applicable,0,,
2024-07-26 13:36:00,CNR1518242856,Driver Not Found,CID144828,Prime SUV,Yeshwanthpur,JP Nagar,,,Not Applicable,Not Applicable,Not Applicable,Not Applicable,394,Not Applicable,0,,
2024-07-24 06:15:00,CNR1728286956,Success,CID557799,Auto,Banashankari,HSR Layout,84.0,85.0,Not Applicable,Not Applicable,No,Not Applicable,285,Cash,2,3.2,4.3
2024-07-12 04:29:00,CNR5471022258,Success,CID278198,eBike,Devanahalli,Chickpet,147.0,50.0,Not Applicable,Not Applicable,No,Not Applicable,392,UPI,29,4.8,4.1
2024-07-23 21:16:00,CNR1867429974,Success,CID231306,Prime Sedan,Ramamurthy Nagar,Kadugodi,126.0,135.0,Not Applicable,Not Applicable,No,Not Applicable,472,UPI,29,4.1,3.7
2024-07-18 19:13:00,CNR6629316091,Driver Not Found,CID828700,eBike,Devanahalli,Electronic City,,,Not Applicable,Not Applicable,Not Applicable,Not Applicable,153,Not Applicable,0,,
2024-07-03 06:09:00,CNR5051464158,Success,CID147819,Prime SUV,Rajarajeshwari Nagar,Indiranagar,210.0,90.0,Not Applicable,Not Applicable,No,Not Applicable,166,UPI,20,3.9,3.3
2024-07-11 18:34:00,CNR5971301982,Success,CID877748,Mini,Vijayanagar,Jayanagar,77.0,25.0,Not Applicable,Not Applicable,No,Not Applicable,149,Cash,34,4.0,3.4
2024-07-23 04:11:00,CNR6157345925,Success,CID864955,eBike,Marathahalli,Frazer Town,308.0,80.0,Not Applicable,Not Applicable,No,Not Applicable,225,UPI,3,3.3,4.2
2024-07-29 20:33:00,CNR6104874718,Success,CID874013,Prime SUV,Hosur Road,Padmanabhanagar,98.0,110.0,Not Applicable,Not Applicable,Yes,Customer Demand,134,Cash,17,3.9,4.8
2024-07-15 10:09:00,CNR3668700641,Driver Not Found,CID823422,Prime SUV,Devanahalli,Kadugodi,,,Not Applicable,Not Applicable,Not Applicable,Not Applicable,269,Not Applicable,0,,
2024-07-23 16:14:00,CNR5210556879,Canceled by Driver,CID498002,Prime SUV,Chickpet,JP Nagar,,,Not Applicable,Personal & Car related issue,Not Applicable,Not Applicable,1436,Not Applicable,0,,
2024-07-16 08:26:00,CNR4422025700,Success,CID524228,Mini,Peenya,Sahakar Nagar,273.0,40.0,Not Applicable,Not Applicable,No,Not Applicable,493,Cash,28,4.3,3.2
2024-07-27 07:00:00,CNR1705219424,Driver Not Found,CID653110,Bike,Marathahalli,Vijayanagar,,,Not Applicable,Not Applicable,Not Applicable,Not Applicable,348,Not Applicable,0,,
2024-07-26 22:35:00,CNR3411166124,Canceled by Driver,CID615595,Bike,Tumkur Road,Nagarbhavi,,,Not Applicable,Personal & Car related issue,Not Applicable,Not Applicable,863,Not Applicable,0,,
2024-07-24 08:56:00,CNR4431500494,Success,CID522085,Mini,Vijayanagar,Tumkur Road,266.0,125.0,Not Applicable,Not Applicable,No,Not Applicable,336,Cash,40,4.9,3.9
2024-07-27 10:20:00,CNR9720265258,Canceled by Driver,CID580030,Prime SUV,Whitefield,Bannerghatta Road,,,Not Applicable,Customer related issue,Not Applicable,Not Applicable,301,Not Applicable,0,,
2024-07-25 05:23:00,CNR1484166567,Canceled by Driver,CID257827,Auto,Ramamurthy Nagar,Padmanabhanagar,,,Not Applicable,Personal & Car related issue,Not Applicable,Not Applicable,485,Not Applicable,0,,
2024-07-22 16:22:00,CNR7761659361,Driver Not Found,CID755104,Prime Plus,Bannerghatta Road,Magadi Road,,,Not Applicable,Not Applicable,Not Applicable,Not Applicable,698,Not Applicable,0,,
2024-07-10 19:58:00,CNR2863124420,Success,CID184270,Bike,Varthur,Yelahanka,308.0,100.0,Not Applicable,Not Applicable,No,Not Applicable,331,Cash,7,4.1,3.3
2024-07-27 11:35:00,CNR5640808692,Canceled by Driver,CID450430,Auto,Electronic City,Bellandur,,,Not Applicable,Personal & Car related issue,Not Applicable,Not Applicable,880,Not Applicable,0,,
2024-07-21 20:04:00,CNR1867952276,Canceled by Driver,CID995713,Auto,Bellandur,Rajajinagar,,,Not Applicable,Personal & Car related issue,Not Applicable,Not Applicable,162,Not Applicable,0,,
2024-07-22 02:19:00,CNR2120588479,Driver Not Found,CID514449,Auto,Hosur Road,Shivajinagar,,,Not Applicable,Not Applicable,Not Applicable,Not Applicable,251,Not Applicable,0,,
2024-07-16 01:07:00,CNR4442674654,Canceled by Driver,CID743941,Bike,KR Puram,Electronic City,,,Not Applicable,Customer related issue,Not Applicable,Not Applicable,415,Not Applicable,0,,
2024-07-06 10:42:00,CNR6253088474,Canceled by Customer,CID170627,Bike,Whitefield,Jayanagar,,,Change of plans,Not Applicable,Not Applicable,Not Applicable,637,Not Applicable,0,,
2024-07-26 12:51:00,CNR4352180062,Canceled by Customer,CID728761,eBike,Electronic City,Sahakar Nagar,,,Driver is not moving towards pickup location,Not Applicable,Not Applicable,Not Applicable,411,Not Applicable,0,,
2024-07-30 04:38:00,CNR4626835984,Success,CID141783,Prime Plus,Kammanahalli,Sahakar Nagar,175.0,60.0,Not Applicable,Not Applicable,No,Not Applicable,349,UPI,28,4.0,3.3
2024-07-11 23:06:00,CNR6193849084,Success,CID556089,Prime Sedan,Whitefield,Rajajinagar,147.0,115.0,Not Applicable,Not Applicable,No,Not Applicable,983,UPI,48,4.3,3.2
2024-07-22 08:41:00,CNR3472184063,Driver Not Found,CID383661,Bike,Whitefield,Frazer Town,,,Not Applicable,Not Applicable,Not Applicable,Not Applicable,772,Not Applicable,0,,
2024-07-05 05:08:00,CNR1743555941,Success,CID779595,Prime Sedan,Sahakar Nagar,Marathahalli,147.0,25.0,Not Applicable,Not Applicable,No,Not Applicable,149,Cash,9,4.0,3.4
2024-07-23 09:51:00,CNR1712242068,Success,CID836406,Prime SUV,HSR Layout,Hennur,301.0,65.0,Not Applicable,Not Applicable,No,Not Applicable,367,UPI,16,4.6,4.0
2024-07-18 02:52:00,CNR5511415232,Canceled by Driver,CID137250,eBike,Ramamurthy Nagar,Electronic City,,,Not Applicable,Customer was coughing/sick,Not Applicable,Not Applicable,552,Not Applicable,0,,
2024-07-03 10:02:00,CNR8312627959,Success,CID192824,Auto,Shivajinagar,RT Nagar,259.0,110.0,Not Applicable,Not Applicable,No,Not Applicable,397,UPI,10,3.6,4.6
2024-07-01 05:55:00,CNR5617551905,Canceled by Customer,CID316421,eBike,Malleshwaram,Kengeri,,,AC is Not working,Not Applicable,Not Applicable,Not Applicable,1863,Not Applicable,0,,
2024-07-28 03:43:00,CNR8992915937,Driver Not Found,CID794360,Auto,MG Road,HSR Layout,,,Not Applicable,Not Applicable,Not Applicable,Not Applicable,372,Not Applicable,0,,
2024-07-27 10:54:00,CNR5658223898,Driver Not Found,CID374442,Bike,JP Nagar,BTM Layout,,,Not Applicable,Not Applicable,Not Applicable,Not Applicable,461,Not Applicable,0,,
2024-07-01 21:20:00,CNR6299982330,Success,CID812324,eBike,Marathahalli,Kadugodi,189.0,90.0,Not Applicable,Not Applicable,No,Not Applicable,492,Cash,41,3.8,4.9
2024-07-20 21:00:00,CNR8859461556,Success,CID206423,Auto,Ulsoor,Marathahalli,105.0,65.0,Not Applicable,Not Applicable,Yes,Customer Demand,465,Cash,1,3.4,4.9
2024-07-01 09:13:00,CNR8811668966,Success,CID141670,Prime Plus,Indiranagar,KR Puram,147.0,125.0,Not Applicable,Not Applicable,No,Not Applicable,335,UPI,10,4.7,4.7
2024-07-26 12:22:00,CNR3862490404,Driver Not Found,CID625324,Mini,RT Nagar,Langford Town,,,Not Applicable,Not Applicable,Not Applicable,Not Applicable,136,Not Applicable,0,,
2024-07-29 01:51:00,CNR5083816322,Success,CID184101,Prime SUV,Ulsoor,Magadi Road,203.0,45.0,Not Applicable,Not Applicable,No,Not Applicable,381,Cash,3,4.7,3.5
2024-07-11 05:38:00,CNR7112450660,Success,CID978973,Mini,Yeshwanthpur,HSR Layout,231.0,125.0,Not Applicable,Not Applicable,No,Not Applicable,149,Cash,34,4.0,3.2
2024-07-24 07:03:00,CNR6616393750,Canceled by Driver,CID687252,Bike,Shantinagar,Peenya,,,Not Applicable,More than permitted people in there,Not Applicable,Not Applicable,510,Not Applicable,0,,
2024-07-13 11:48:00,CNR6709791409,Success,CID288214,Auto,Mysore Road,Tumkur Road,35.0,120.0,Not Applicable,Not Applicable,No,Not Applicable,164,Cash,6,3.9,4.1
2024-07-08 06:36:00,CNR5213211343,Driver Not Found,CID155766,Bike,Nagarbhavi,Ramamurthy Nagar,,,Not Applicable,Not Applicable,Not Applicable,Not Applicable,299,Not Applicable,0,,
2024-07-18 17:49:00,CNR1217496777,Success,CID544274,Bike,Rajarajeshwari Nagar,Rajarajeshwari Nagar,119.0,105.0,Not Applicable,Not Applicable,Yes,Vehicle Breakdown,591,Credit Card,48,4.9,3.5
2024-07-03 06:45:00,CNR2177025105,Success,CID511670,Bike,Indiranagar,Peenya,154.0,105.0,Not Applicable,Not Applicable,No,Not Applicable,109,Cash,28,3.1,4.1
2024-07-01 17:03:00,CNR8114859998,Success,CID409281,Prime Sedan,Indiranagar,BTM Layout,77.0,60.0,Not Applicable,Not Applicable,No,Not Applicable,237,Cash,42,3.3,4.5
2024-07-13 14:55:00,CNR8121565525,Success,CID878221,Mini,Kadugodi,Kadugodi,77.0,75.0,Not Applicable,Not Applicable,No,Not Applicable,518,Cash,47,3.0,3.4
2024-07-15 10:59:00,CNR7283061553,Driver Not Found,CID565287,Prime SUV,Vijayanagar,BTM Layout,,,Not Applicable,Not Applicable,Not Applicable,Not Applicable,979,Not Applicable,0,,
2024-07-10 21:45:00,CNR4667239252,Canceled by Driver,CID603685,Mini,Mysore Road,Jayanagar,,,Not Applicable,Personal & Car related issue,Not Applicable,Not Applicable,458,Not Applicable,0,,
2024-07-19 02:44:00,CNR4352344972,Success,CID760157,Bike,Rajajinagar,Rajarajeshwari Nagar,91.0,70.0,Not Applicable,Not Applicable,No,Not Applicable,409,Cash,38,4.9,3.2
2024-07-19 22:48:00,CNR1200797661,Success,CID529747,Prime SUV,Banashankari,Yeshwanthpur,105.0,65.0,Not Applicable,Not Applicable,No,Not Applicable,389,UPI,20,4.4,4.4
2024-07-01 18:24:00,CNR2629262289,Canceled by Customer,CID982120,Prime Plus,Banashankari,Chickpet,,,Driver asked to cancel,Not Applicable,Not Applicable,Not Applicable,287,Not Applicable,0,,
2024-07-01 19:25:00,CNR6124045891,Success,CID154904,Mini,HSR Layout,Frazer Town,259.0,140.0,Not Applicable,Not Applicable,No,Not Applicable,245,Cash,19,3.9,3.7
2024-07-02 18:12:00,CNR4444251098,Success,CID521502,Prime SUV,Koramangala,Yeshwanthpur,70.0,35.0,Not Applicable,Not Applicable,No,Not Applicable,399,Cash,34,4.4,3.6
2024-07-28 06:38:00,CNR1257833650,Success,CID173577,eBike,Marathahalli,Richmond Town,70.0,95.0,Not Applicable,Not Applicable,No,Not Applicable,143,Cash,25,3.4,4.5
2024-07-19 19:22:00,CNR5088934495,Canceled by Driver,CID348881,Prime SUV,Indiranagar,Bannerghatta Road,,,Not Applicable,Customer was coughing/sick,Not Applicable,Not Applicable,339,Not Applicable,0,,
2024-07-21 02:49:00,CNR8675899184,Success,CID614106,eBike,Chamarajpet,Sarjapur Road,217.0,35.0,Not Applicable,Not Applicable,No,Not Applicable,851,UPI,34,3.8,4.9
2024-07-17 02:17:00,CNR6665829594,Success,CID807801,Prime SUV,Majestic,Magadi Road,224.0,115.0,Not Applicable,Not Applicable,No,Not Applicable,685,UPI,7,4.7,3.9
2024-07-30 16:49:00,CNR2572828178,Canceled by Customer,CID410340,Auto,Bellandur,Whitefield,,,Driver asked to cancel,Not Applicable,Not Applicable,Not Applicable,425,Not Applicable,0,,
2024-07-25 14:40:00,CNR7635874872,Success,CID974504,Prime Sedan,Hulimavu,Bannerghatta Road,287.0,115.0,Not Applicable,Not Applicable,No,Not Applicable,331,Debit Card,26,4.3,4.1
2024-07-22 01:59:00,CNR1917502150,Driver Not Found,CID723023,Auto,Bellandur,Padmanabhanagar,,,Not Applicable,Not Applicable,Not Applicable,Not Applicable,734,Not Applicable,0,,
2024-07-19 12:13:00,CNR7772314199,Success,CID240646,Auto,Koramangala,KR Puram,63.0,100.0,Not Applicable,Not Applicable,No,Not Applicable,352,Cash,18,3.4,3.1
2024-07-22 06:09:00,CNR1346664270,Success,CID881796,Mini,Nagarbhavi,Varthur,91.0,130.0,Not Applicable,Not Applicable,No,Not Applicable,368,UPI,19,3.1,4.1
2024-07-15 16:47:00,CNR1862848895,Canceled by Driver,CID497909,eBike,Ramamurthy Nagar,Banashankari,,,Not Applicable,Personal & Car related issue,Not Applicable,Not Applicable,374,Not Applicable,0,,
2024-07-29 03:32:00,CNR3692617630,Success,CID518052,Mini,MG Road,Marathahalli,210.0,135.0,Not Applicable,Not Applicable,No,Not Applicable,2164,Cash,38,3.3,3.6
2024-07-17 23:50:00,CNR1435778749,Success,CID293622,Prime SUV,KR Puram,Shantinagar,105.0,145.0,Not Applicable,Not Applicable,No,Not Applicable,617,UPI,23,4.0,4.2
2024-07-27 14:57:00,CNR4823747371,Success,CID897249,Mini,Hennur,Kadugodi,126.0,110.0,Not Applicable,Not Applicable,No,Not Applicable,242,Cash,40,3.8,4.2
2024-07-24 19:55:00,CNR3463730355,Driver Not Found,CID224520,Mini,Hosur Road,Whitefield,,,Not Applicable,Not Applicable,Not Applicable,Not Applicable,2285,Not Applicable,0,,
2024-07-02 03:02:00,CNR4399942867,Canceled by Customer,CID274351,Prime Plus,Padmanabhanagar,JP Nagar,,,Change of plans,Not Applicable,Not Applicable,Not Applicable,321,Not Applicable,0,,
2024-07-17 14:51:00,CNR8699423912,Canceled by Driver,CID780462,Bike,JP Nagar,Devanahalli,,,Not Applicable,More than permitted people in there,Not Applicable,Not Applicable,659,Not Applicable,0,,
2024-07-04 12:23:00,CNR6215010779,Driver Not Found,CID531414,Prime SUV,Bannerghatta Road,Rajarajeshwari Nagar,,,Not Applicable,Not Applicable,Not Applicable,Not Applicable,500,Not Applicable,0,,
2024-07-13 14:16:00,CNR6759440956,Success,CID294668,Bike,Shantinagar,Chickpet,147.0,65.0,Not Applicable,Not Applicable,No,Not Applicable,143,Cash,7,4.4,4.0
2024-07-22 04:36:00,CNR3042092848,Success,CID702352,Prime SUV,Langford Town,Rajajinagar,217.0,110.0,Not Applicable,Not Applicable,No,Not Applicable,2316,Cash,14,3.6,3.8
2024-07-22 06:10:00,CNR4002150868,Canceled by Driver,CID307060,eBike,Nagarbhavi,Hebbal,,,Not Applicable,Customer related issue,Not Applicable,Not Applicable,592,Not Applicable,0,,
2024-07-13 11:24:00,CNR2284346509,Canceled by Customer,CID370060,Prime SUV,Ramamurthy Nagar,Vijayanagar,,,Wrong Address,Not Applicable,Not Applicable,Not Applicable,327,Not Applicable,0,,
2024-07-14 03:06:00,CNR8720266612,Canceled by Customer,CID291193,Bike,Rajajinagar,Majestic,,,Driver asked to cancel,Not Applicable,Not Applicable,Not Applicable,493,Not Applicable,0,,
2024-07-23 19:43:00,CNR1281024467,Success,CID199571,Prime SUV,Electronic City,Langford Town,224.0,30.0,Not Applicable,Not Applicable,No,Not Applicable,1549,Cash,13,4.2,3.2
2024-07-23 13:25:00,CNR7620371596,Success,CID694549,Bike,Yelahanka,Rajajinagar,196.0,65.0,Not Applicable,Not Applicable,No,Not Applicable,118,UPI,25,4.3,4.0
2024-07-15 10:25:00,CNR1634452165,Canceled by Driver,CID517036,eBike,Padmanabhanagar,Shantinagar,,,Not Applicable,Personal & Car related issue,Not Applicable,Not Applicable,394,Not Applicable,0,,
2024-07-20 06:46:00,CNR5098571839,Success,CID175323,Bike,HSR Layout,Mysore Road,182.0,115.0,Not Applicable,Not Applicable,No,Not Applicable,347,UPI,30,5.0,3.9
2024-07-22 22:21:00,CNR8157582839,Success,CID577415,Prime Sedan,Kadugodi,Hulimavu,266.0,140.0,Not Applicable,Not Applicable,Yes,Other Issue,210,Cash,24,4.4,3.0
2024-07-08 04:08:00,CNR1868048929,Success,CID207816,eBike,Chickpet,Hosur Road,84.0,110.0,Not Applicable,Not Applicable,No,Not Applicable,417,Cash,41,4.1,4.7
2024-07-25 22:00:00,CNR2916497934,Canceled by Driver,CID114269,eBike,Chamarajpet,Chickpet,,,Not Applicable,Customer related issue,Not Applicable,Not Applicable,385,Not Applicable,0,,
2024-07-16 20:11:00,CNR9123203292,Canceled by Customer,CID453936,Auto,RT Nagar,Frazer Town,,,Wrong Address,Not Applicable,Not Applicable,Not Applicable,152,Not Applicable,0,,
2024-07-15 10:44:00,CNR9413755464,Driver Not Found,CID140037,Bike,Majestic,Koramangala,,,Not Applicable,Not Applicable,Not Applicable,Not Applicable,414,Not Applicable,0,,
2024-07-17 12:49:00,CNR9720329667,Canceled by Customer,CID714601,Bike,Tumkur Road,Vijayanagar,,,Wrong Address,Not Applicable,Not Applicable,Not Applicable,552,Not Applicable,0,,
2024-07-27 08:44:00,CNR2555190322,Success,CID820453,Mini,Nagarbhavi,Padmanabhanagar,273.0,130.0,Not Applicable,Not Applicable,No,Not Applicable,461,UPI,37,4.8,3.5
2024-07-30 16:25:00,CNR5919466229,Canceled by Customer,CID767335,Bike,Electronic City,KR Puram,,,Driver is not moving towards pickup location,Not Applicable,Not Applicable,Not Applicable,436,Not Applicable,0,,
2024-07-06 21:39:00,CNR9565523918,Canceled by Driver,CID235685,Auto,Frazer Town,Electronic City,,,Not Applicable,Customer related issue,Not Applicable,Not Applicable,247,Not Applicable,0,,
2024-07-25 21:09:00,CNR3966618536,Success,CID666922,eBike,Bannerghatta Road,BTM Layout,154.0,120.0,Not Applicable,Not Applicable,No,Not Applicable,116,Cash,8,3.2,3.7
2024-07-26 09:03:00,CNR7370958057,Canceled by Driver,CID773465,eBike,Ramamurthy Nagar,Hennur,,,Not Applicable,Customer was coughing/sick,Not Applicable,Not Applicable,288,Not Applicable,0,,
2024-07-01 13:18:00,CNR9036915962,Success,CID775189,eBike,Rajajinagar,Marathahalli,119.0,135.0,Not Applicable,Not Applicable,Yes,Customer Demand,285,Cash,30,3.6,4.1
2024-07-29 21:33:00,CNR9999741816,Success,CID542042,eBike,RT Nagar,Varthur,70.0,60.0,Not Applicable,Not Applicable,No,Not Applicable,269,Cash,23,4.4,4.8
2024-07-28 15:31:00,CNR2888173979,Success,CID286689,Prime Sedan,Hosur Road,Mysore Road,168.0,90.0,Not Applicable,Not Applicable,No,Not Applicable,1358,UPI,32,4.5,3.5
2024-07-24 13:50:00,CNR5016764666,Canceled by Customer,CID597722,Auto,Marathahalli,RT Nagar,,,Driver asked to cancel,Not Applicable,Not Applicable,Not Applicable,356,Not Applicable,0,,
2024-07-11 00:35:00,CNR9672885170,Success,CID114102,Prime Plus,Whitefield,Devanahalli,70.0,70.0,Not Applicable,Not Applicable,No,Not Applicable,412,Cash,42,3.2,4.6
2024-07-12 23:06:00,CNR3612214713,Success,CID328628,Bike,JP Nagar,Hennur,49.0,105.0,Not Applicable,Not Applicable,No,Not Applicable,208,Cash,38,4.6,3.7
2024-07-11 03:08:00,CNR5016168501,Success,CID391078,eBike,Hosur Road,Banashankari,49.0,115.0,Not Applicable,Not Applicable,No,Not Applicable,2769,UPI,14,4.9,3.3
2024-07-29 14:23:00,CNR4890605438,Success,CID968402,eBike,Chamarajpet,Hennur,280.0,70.0,Not Applicable,Not Applicable,No,Not Applicable,2339,UPI,3,3.0,4.4
2024-07-12 20:37:00,CNR6394332425,Canceled by Customer,CID883991,Prime Plus,JP Nagar,Peenya,,,Driver is not moving towards pickup location,Not Applicable,Not Applicable,Not Applicable,481,Not Applicable,0,,
2024-07-20 17:15:00,CNR7636084377,Success,CID530807,Prime SUV,Ulsoor,Nagarbhavi,105.0,40.0,Not Applicable,Not Applicable,No,Not Applicable,471,UPI,5,4.9,4.7
2024-07-27 18:57:00,CNR1070718737,Driver Not Found,CID476742,Prime SUV,Bannerghatta Road,Koramangala,,,Not Applicable,Not Applicable,Not Applicable,Not Applicable,141,Not Applicable,0,,
2024-07-25 10:34:00,CNR1190998170,Success,CID232273,Auto,Frazer Town,Kammanahalli,280.0,40.0,Not Applicable,Not Applicable,No,Not Applicable,1391,UPI,14,4.3,4.2
2024-07-15 16:25:00,CNR4662955197,Success,CID414694,Prime Sedan,JP Nagar,Vijayanagar,210.0,120.0,Not Applicable,Not Applicable,Yes,Other Issue,356,UPI,48,4.3,3.8
2024-07-12 09:37:00,CNR1981472932,Success,CID895163,Prime Plus,Langford Town,Basavanagudi,91.0,40.0,Not Applicable,Not Applicable,No,Not Applicable,936,UPI,48,4.5,4.3
2024-07-16 12:07:00,CNR9010669525,Success,CID991448,Prime Plus,Electronic City,Mysore Road,84.0,80.0,Not Applicable,Not Applicable,No,Not Applicable,214,UPI,49,4.0,4.6
2024-07-07 08:01:00,CNR3472638891,Success,CID551489,Auto,Rajarajeshwari Nagar,Hennur,259.0,125.0,Not Applicable,Not Applicable,No,Not Applicable,168,Cash,18,3.5,4.2
2024-07-14 13:56:00,CNR4028361101,Success,CID568626,Mini,Yeshwanthpur,Shivajinagar,231.0,30.0,Not Applicable,Not Applicable,No,Not Applicable,194,Cash,10,3.1,4.8
2024-07-29 16:48:00,CNR2527831049,Canceled by Customer,CID180618,Mini,Peenya,Yelahanka,,,Change of plans,Not Applicable,Not Applicable,Not Applicable,1232,Not Applicable,0,,
2024-07-20 11:18:00,CNR9545866852,Canceled by Customer,CID937728,Prime Sedan,Padmanabhanagar,Mysore Road,,,Change of plans,Not Applicable,Not Applicable,Not Applicable,497,Not Applicable,0,,
2024-07-11 04:24:00,CNR1087461795,Success,CID986562,eBike,Koramangala,RT Nagar,203.0,80.0,Not Applicable,Not Applicable,No,Not Applicable,435,UPI,5,4.2,3.9
2024-07-14 13:35:00,CNR9820897593,Success,CID909473,eBike,Shantinagar,JP Nagar,301.0,130.0,Not Applicable,Not Applicable,No,Not Applicable,418,Cash,2,4.4,4.2
2024-07-20 17:53:00,CNR8990550397,Success,CID640929,Auto,Sahakar Nagar,Bannerghatta Road,280.0,145.0,Not Applicable,Not Applicable,No,Not Applicable,400,UPI,19,3.6,3.9
2024-07-10 04:08:00,CNR7732639121,Success,CID107697,Prime Plus,Vijayanagar,Chickpet,168.0,115.0,Not Applicable,Not Applicable,No,Not Applicable,184,UPI,39,4.2,4.1
2024-07-10 11:24:00,CNR2006001594,Canceled by Driver,CID548477,Auto,JP Nagar,Ramamurthy Nagar,,,Not Applicable,More than permitted people in there,Not Applicable,Not Applicable,308,Not Applicable,0,,
2024-07-11 05:38:00,CNR2793690139,Success,CID901826,Prime Sedan,Malleshwaram,Majestic,56.0,60.0,Not Applicable,Not Applicable,No,Not Applicable,420,Cash,35,4.0,4.3
2024-07-28 07:30:00,CNR5083623718,Success,CID503330,eBike,Marathahalli,Chamarajpet,273.0,25.0,Not Applicable,Not Applicable,No,Not Applicable,352,UPI,14,4.8,3.1
2024-07-09 15:51:00,CNR1467642476,Canceled by Customer,CID596756,Bike,Yeshwanthpur,Basavanagudi,,,Change of plans,Not Applicable,Not Applicable,Not Applicable,601,Not Applicable,0,,
2024-07-24 07:10:00,CNR1704233632,Canceled by Driver,CID971158,Bike,Koramangala,Hebbal,,,Not Applicable,Customer related issue,Not Applicable,Not Applicable,513,Not Applicable,0,,
2024-07-13 06:53:00,CNR9804631988,Success,CID808446,Prime Plus,Indiranagar,Frazer Town,231.0,130.0,Not Applicable,Not Applicable,No,Not Applicable,337,Cash,32,3.3,3.2
2024-07-18 01:57:00,CNR1099498794,Canceled by Customer,CID673793,eBike,MG Road,Hosur Road,,,Change of plans,Not Applicable,Not Applicable,Not Applicable,125,Not Applicable,0,,
2024-07-08 02:40:00,CNR4508639467,Driver Not Found,CID523389,Mini,Whitefield,Nagarbhavi,,,Not Applicable,Not Applicable,Not Applicable,Not Applicable,603,Not Applicable,0,,
2024-07-19 17:12:00,CNR7239413450,Success,CID611143,Mini,Whitefield,Hosur Road,119.0,130.0,Not Applicable,Not Applicable,No,Not Applicable,860,Cash,21,3.5,3.3
2024-07-08 15:25:00,CNR1465437266,Success,CID559973,Bike,Indiranagar,Kammanahalli,63.0,80.0,Not Applicable,Not Applicable,No,Not Applicable,567,Cash,2,4.4,3.3
2024-07-29 21:46:00,CNR4016697583,Success,CID867168,Prime SUV,Rajajinagar,Shivajinagar,182.0,140.0,Not Applicable,Not Applicable,No,Not Applicable,974,Cash,22,4.5,3.3
2024-07-11 15:40:00,CNR7208177127,Success,CID301843,Mini,BTM Layout,BTM Layout,126.0,135.0,Not Applicable,Not Applicable,No,Not Applicable,152,Cash,15,4.3,3.4
2024-07-18 18:30:00,CNR6909752311,Success,CID134522,Prime Sedan,Yelahanka,Nagarbhavi,210.0,100.0,Not Applicable,Not Applicable,No,Not Applicable,926,UPI,31,4.5,4.2
2024-07-09 15:18:00,CNR8785646435,Success,CID660670,Mini,Marathahalli,Hulimavu,77.0,120.0,Not Applicable,Not Applicable,No,Not Applicable,131,Cash,13,4.0,3.7
2024-07-21 19:28:00,CNR8844007929,Canceled by Customer,CID905024,Auto,Ramamurthy Nagar,Rajarajeshwari Nagar,,,Driver asked to cancel,Not Applicable,Not Applicable,Not Applicable,201,Not Applicable,0,,
2024-07-04 00:46:00,CNR4201629093,Success,CID267633,Mini,Koramangala,MG Road,252.0,90.0,Not Applicable,Not Applicable,No,Not Applicable,202,UPI,10,3.2,4.9
2024-07-18 23:48:00,CNR4454699641,Success,CID783427,Bike,Kadugodi,RT Nagar,154.0,90.0,Not Applicable,Not Applicable,No,Not Applicable,356,Cash,26,3.5,3.5
2024-07-05 05:03:00,CNR8407489846,Success,CID646181,Auto,Hosur Road,Sarjapur Road,308.0,110.0,Not Applicable,Not Applicable,No,Not Applicable,283,Cash,14,4.6,4.2
2024-07-13 14:49:00,CNR2922356186,Success,CID459206,eBike,Yeshwanthpur,Hebbal,266.0,105.0,Not Applicable,Not Applicable,No,Not Applicable,233,Cash,29,4.5,4.6
2024-07-18 18:54:00,CNR6081623598,Success,CID565374,Auto,RT Nagar,Frazer Town,273.0,30.0,Not Applicable,Not Applicable,No,Not Applicable,356,UPI,19,4.3,3.9
2024-07-24 17:51:00,CNR4179818482,Canceled by Customer,CID557932,Prime Sedan,HSR Layout,Kadugodi,,,Driver is not moving towards pickup location,Not Applicable,Not Applicable,Not Applicable,425,Not Applicable,0,,
2024-07-01 02:13:00,CNR6993577673,Canceled by Driver,CID535420,Bike,Electronic City,Peenya,,,Not Applicable,Personal & Car related issue,Not Applicable,Not Applicable,110,Not Applicable,0,,
2024-07-23 00:20:00,CNR6695057193,Success,CID815921,Auto,Indiranagar,Langford Town,70.0,30.0,Not Applicable,Not Applicable,No,Not Applicable,378,Cash,16,4.3,4.7
2024-07-05 19:51:00,CNR1372871511,Driver Not Found,CID298599,eBike,KR Puram,Malleshwaram,,,Not Applicable,Not Applicable,Not Applicable,Not Applicable,306,Not Applicable,0,,
2024-07-24 12:06:00,CNR8579878432,Canceled by Driver,CID688387,Auto,Chamarajpet,Nagarbhavi,,,Not Applicable,Customer was coughing/sick,Not Applicable,Not Applicable,644,Not Applicable,0,,
2024-07-30 16:49:00,CNR8165918710,Success,CID544595,Prime Plus,Basavanagudi,Marathahalli,252.0,60.0,Not Applicable,Not Applicable,No,Not Applicable,493,UPI,21,3.4,3.6
2024-07-10 07:04:00,CNR5350365065,Driver Not Found,CID884963,eBike,Hulimavu,Yeshwanthpur,,,Not Applicable,Not Applicable,Not Applicable,Not Applicable,186,Not Applicable,0,,
2024-07-09 19:12:00,CNR1661755891,Success,CID960714,Prime Plus,Magadi Road,Langford Town,203.0,110.0,Not Applicable,Not Applicable,Yes,Customer Demand,829,UPI,27,3.2,4.9
2024-07-25 21:32:00,CNR9054542996,Success,CID754155,Prime SUV,Chickpet,Tumkur Road,49.0,45.0,Not Applicable,Not Applicable,No,Not Applicable,292,Cash,2,3.4,3.7
2024-07-09 16:56:00,CNR2386255842,Success,CID737487,eBike,Electronic City,Nagarbhavi,126.0,50.0,Not Applicable,Not Applicable,No,Not Applicable,1281,Cash,5,3.9,3.3
2024-07-14 06:42:00,CNR3894578500,Success,CID350357,Prime Sedan,Banashankari,Banashankari,196.0,100.0,Not Applicable,Not Applicable,No,Not Applicable,318,Cash,44,3.0,4.4
2024-07-25 03:08:00,CNR6985970660,Success,CID429567,Mini,Frazer Town,Hebbal,49.0,140.0,Not Applicable,Not Applicable,No,Not Applicable,832,Cash,31,4.5,3.6
2024-07-20 12:46:00,CNR9445301423,Success,CID212905,eBike,Bellandur,Banashankari,140.0,60.0,Not Applicable,Not Applicable,No,Not Applicable,2072,Cash,1,3.2,4.7
2024-07-11 07:32:00,CNR3480785695,Driver Not Found,CID243047,Auto,Richmond Town,Koramangala,,,Not Applicable,Not Applicable,Not Applicable,Not Applicable,2554,Not Applicable,0,,
2024-07-13 05:38:00,CNR3918823830,Success,CID803611,eBike,Frazer Town,Hosur Road,154.0,65.0,Not Applicable,Not Applicable,No,Not Applicable,868,UPI,4,3.5,4.1
2024-07-06 22:41:00,CNR6439132711,Success,CID494953,Prime Plus,Nagarbhavi,Whitefield,63.0,115.0,Not Applicable,Not Applicable,No,Not Applicable,485,Cash,4,3.6,4.9
2024-07-18 18:00:00,CNR3963493419,Success,CID753208,Prime Sedan,Majestic,Kammanahalli,217.0,115.0,Not Applicable,Not Applicable,No,Not Applicable,208,UPI,33,4.6,4.9
2024-07-19 22:19:00,CNR2763683167,Success,CID706111,Prime Sedan,Yelahanka,Ramamurthy Nagar,168.0,140.0,Not Applicable,Not Applicable,No,Not Applicable,116,Cash,6,5.0,3.9
2024-07-22 23:38:00,CNR1669966570,Driver Not Found,CID997386,Prime Sedan,Sarjapur Road,Hulimavu,,,Not Applicable,Not Applicable,Not Applicable,Not Applicable,401,Not Applicable,0,,
2024-07-06 17:14:00,CNR9073163209,Success,CID265943,eBike,Hebbal,Yelahanka,147.0,140.0,Not Applicable,Not Applicable,No,Not Applicable,894,Cash,22,3.3,4.0
2024-07-11 10:16:00,CNR7559714134,Canceled by Customer,CID570079,Mini,Indiranagar,Hosur Road,,,Driver asked to cancel,Not Applicable,Not Applicable,Not Applicable,677,Not Applicable,0,,
2024-07-19 06:51:00,CNR4330362610,Canceled by Driver,CID850689,Bike,Tumkur Road,MG Road,,,Not Applicable,Personal & Car related issue,Not Applicable,Not Applicable,351,Not Applicable,0,,
2024-07-27 20:52:00,CNR8254647311,Canceled by Driver,CID646067,Prime SUV,Magadi Road,Richmond Town,,,Not Applicable,More than permitted people in there,Not Applicable,Not Applicable,203,Not Applicable,0,,
2024-07-11 08:53:00,CNR3426055496,Success,CID500534,eBike,Hulimavu,Whitefield,182.0,135.0,Not Applicable,Not Applicable,No,Not Applicable,460,Cash,45,4.8,3.9
2024-07-01 13:10:00,CNR6465510430,Success,CID617119,Auto,Hebbal,Bellandur,112.0,140.0,Not Applicable,Not Applicable,No,Not Applicable,409,UPI,17,3.9,4.5
2024-07-02 23:01:00,CNR6116195524,Success,CID424496,eBike,Malleshwaram,Kengeri,98.0,95.0,Not Applicable,Not Applicable,No,Not Applicable,1466,Cash,18,3.8,3.3
2024-07-30 22:01:00,CNR2859583184,Success,CID145680,eBike,Koramangala,Peenya,77.0,25.0,Not Applicable,Not Applicable,No,Not Applicable,220,Cash,48,4.5,3.8
2024-07-05 18:11:00,CNR5192941999,Success,CID835709,Mini,Koramangala,Whitefield,231.0,100.0,Not Applicable,Not Applicable,No,Not Applicable,977,Cash,8,4.6,3.2
2024-07-24 02:05:00,CNR6163435111,Success,CID221599,eBike,Chamarajpet,BTM Layout,238.0,35.0,Not Applicable,Not Applicable,No,Not Applicable,186,Cash,36,3.0,4.9
2024-07-08 08:25:00,CNR5577298353,Success,CID237612,Prime SUV,Marathahalli,Bannerghatta Road,70.0,40.0,Not Applicable,Not Applicable,No,Not Applicable,944,Cash,17,4.4,3.2
2024-07-01 01:49:00,CNR4945975023,Success,CID851623,Prime Plus,Ramamurthy Nagar,Chickpet,182.0,55.0,Not Applicable,Not Applicable,No,Not Applicable,172,UPI,48,4.9,4.3
2024-07-16 05:42:00,CNR8405331383,Success,CID621174,Auto,JP Nagar,Basavanagudi,42.0,95.0,Not Applicable,Not Applicable,No,Not Applicable,628,Cash,10,4.8,4.4
2024-07-22 16:25:00,CNR6726603150,Success,CID422200,Prime Sedan,Kammanahalli,Chamarajpet,119.0,105.0,Not Applicable,Not Applicable,No,Not Applicable,2758,UPI,1,4.6,3.2
2024-07-03 17:56:00,CNR2876615506,Success,CID645490,Prime Sedan,Rajajinagar,Richmond Town,147.0,135.0,Not Applicable,Not Applicable,No,Not Applicable,460,UPI,8,4.9,4.9
2024-07-23 19:09:00,CNR4195983824,Driver Not Found,CID368630,eBike,Hosur Road,Basavanagudi,,,Not Applicable,Not Applicable,Not Applicable,Not Applicable,114,Not Applicable,0,,
2024-07-05 01:13:00,CNR1666340368,Success,CID729674,Auto,Hennur,Tumkur Road,119.0,145.0,Not Applicable,Not Applicable,No,Not Applicable,888,UPI,14,3.4,4.1
2024-07-03 02:10:00,CNR4528411672,Success,CID828150,Auto,Kengeri,RT Nagar,112.0,85.0,Not Applicable,Not Applicable,No,Not Applicable,355,UPI,1,3.4,4.7
2024-07-15 17:57:00,CNR5900950564,Success,CID162943,Prime Sedan,Bellandur,Frazer Town,301.0,60.0,Not Applicable,Not Applicable,No,Not Applicable,129,Cash,41,4.1,3.0
2024-07-04 19:18:00,CNR5877420626,Success,CID659565,Prime Sedan,Kammanahalli,HSR Layout,119.0,120.0,Not Applicable,Not Applicable,No,Not Applicable,756,UPI,43,4.5,3.9
2024-07-09 10:59:00,CNR4509547834,Success,CID882598,Prime SUV,Jayanagar,Rajarajeshwari Nagar,56.0,40.0,Not Applicable,Not Applicable,No,Not Applicable,664,Credit Card,14,3.2,3.7
2024-07-18 05:09:00,CNR1462603897,Canceled by Driver,CID390040,Auto,Nagarbhavi,Magadi Road,,,Not Applicable,Personal & Car related issue,Not Applicable,Not Applicable,689,Not Applicable,0,,
2024-07-30 04:00:00,CNR3157082608,Success,CID673355,Mini,Cox Town,Devanahalli,266.0,55.0,Not Applicable,Not Applicable,No,Not Applicable,415,Cash,23,4.2,3.0
2024-07-01 12:41:00,CNR4043035440,Success,CID562031,eBike,Shantinagar,Yeshwanthpur,203.0,145.0,Not Applicable,Not Applicable,No,Not Applicable,2902,Cash,15,3.4,3.5
2024-07-13 01:30:00,CNR1368678058,Success,CID801971,eBike,Hennur,Kadugodi,273.0,135.0,Not Applicable,Not Applicable,No,Not Applicable,340,UPI,20,3.2,4.1
2024-07-30 01:40:00,CNR9370053667,Driver Not Found,CID116541,Bike,Kammanahalli,RT Nagar,,,Not Applicable,Not Applicable,Not Applicable,Not Applicable,639,Not Applicable,0,,
2024-07-01 21:12:00,CNR7395392340,Canceled by Customer,CID361580,Prime Sedan,Devanahalli,Magadi Road,,,Driver is not moving towards pickup location,Not Applicable,Not Applicable,Not Applicable,469,Not Applicable,0,,
2024-07-09 14:31:00,CNR4231963872,Success,CID712135,Mini,Sahakar Nagar,Vijayanagar,252.0,110.0,Not Applicable,Not Applicable,No,Not Applicable,760,UPI,13,4.3,3.4
2024-07-25 11:32:00,CNR7992398994,Success,CID778591,Prime Plus,Cox Town,Tumkur Road,133.0,85.0,Not Applicable,Not Applicable,No,Not Applicable,191,UPI,19,3.9,4.9
2024-07-23 21:55:00,CNR6510299246,Success,CID552056,eBike,Yelahanka,Mysore Road,105.0,30.0,Not Applicable,Not Applicable,No,Not Applicable,427,Cash,33,4.6,4.1
2024-07-04 15:26:00,CNR6092685717,Success,CID771074,Prime Plus,Mysore Road,Rajajinagar,91.0,135.0,Not Applicable,Not Applicable,No,Not Applicable,224,Cash,18,3.9,4.9
2024-07-30 23:05:00,CNR1313979343,Driver Not Found,CID691718,Bike,Rajajinagar,Electronic City,,,Not Applicable,Not Applicable,Not Applicable,Not Applicable,429,Not Applicable,0,,
2024-07-21 18:15:00,CNR6357451121,Success,CID686127,Prime Sedan,Chamarajpet,Jayanagar,119.0,125.0,Not Applicable,Not Applicable,No,Not Applicable,1954,Cash,3,4.7,3.2
2024-07-21 23:30:00,CNR5218228130,Driver Not Found,CID691827,Bike,Marathahalli,Sahakar Nagar,,,Not Applicable,Not Applicable,Not Applicable,Not Applicable,787,Not Applicable,0,,
2024-07-07 03:26:00,CNR7726993070,Success,CID452991,Auto,Bellandur,Whitefield,175.0,25.0,Not Applicable,Not Applicable,Yes,Customer Demand,393,Cash,7,3.2,3.4
2024-07-30 03:44:00,CNR4441659933,Success,CID140573,Prime SUV,Magadi Road,Indiranagar,70.0,90.0,Not Applicable,Not Applicable,No,Not Applicable,1186,UPI,41,4.9,3.4
2024-07-10 21:11:00,CNR7240209414,Success,CID908306,Prime Plus,Mysore Road,Ulsoor,259.0,45.0,Not Applicable,Not Applicable,No,Not Applicable,436,UPI,13,4.1,3.4
2024-07-23 13:37:00,CNR8487704541,Canceled by Driver,CID893946,Prime SUV,Banashankari,Vijayanagar,,,Not Applicable,Customer was coughing/sick,Not Applicable,Not Applicable,161,Not Applicable,0,,
2024-07-11 01:56:00,CNR3945540098,Canceled by Customer,CID273854,Prime Sedan,Chamarajpet,Rajajinagar,,,Driver asked to cancel,Not Applicable,Not Applicable,Not Applicable,456,Not Applicable,0,,
2024-07-01 08:40:00,CNR8032349125,Success,CID695630,Prime Plus,Malleshwaram,Varthur,217.0,120.0,Not Applicable,Not Applicable,No,Not Applicable,336,UPI,13,4.0,3.7
2024-07-03 04:09:00,CNR6690567337,Success,CID984684,Prime SUV,Koramangala,Marathahalli,182.0,25.0,Not Applicable,Not Applicable,No,Not Applicable,145,UPI,42,4.7,4.6
2024-07-13 15:03:00,CNR5473664590,Canceled by Driver,CID977034,Auto,Kammanahalli,Ramamurthy Nagar,,,Not Applicable,Personal & Car related issue,Not Applicable,Not Applicable,222,Not Applicable,0,,
2024-07-15 06:45:00,CNR7036009492,Success,CID223292,Auto,Rajajinagar,KR Puram,98.0,105.0,Not Applicable,Not Applicable,Yes,Vehicle Breakdown,317,UPI,19,4.5,4.9
2024-07-05 04:16:00,CNR2957573552,Success,CID718851,Prime Plus,Majestic,Whitefield,224.0,55.0,Not Applicable,Not Applicable,No,Not Applicable,462,UPI,18,4.1,3.8
2024-07-23 16:09:00,CNR9052909901,Success,CID779182,Prime SUV,Chickpet,Whitefield,133.0,25.0,Not Applicable,Not Applicable,No,Not Applicable,251,Cash,29,3.4,4.1
2024-07-23 05:44:00,CNR7776989653,Canceled by Driver,CID135524,Auto,Hebbal,Frazer Town,,,Not Applicable,Personal & Car related issue,Not Applicable,Not Applicable,325,Not Applicable,0,,
2024-07-25 22:47:00,CNR5490058149,Canceled by Customer,CID627677,Prime Sedan,Hosur Road,Malleshwaram,,,Driver asked to cancel,Not Applicable,Not Applicable,Not Applicable,471,Not Applicable,0,,
2024-07-24 23:51:00,CNR2131510173,Success,CID667895,Prime Sedan,Devanahalli,Electronic City,98.0,105.0,Not Applicable,Not Applicable,Yes,Vehicle Breakdown,424,UPI,10,4.4,3.4
2024-07-06 08:23:00,CNR6770003793,Driver Not Found,CID914368,Prime Plus,Peenya,Kammanahalli,,,Not Applicable,Not Applicable,Not Applicable,Not Applicable,598,Not Applicable,0,,
2024-07-07 14:01:00,CNR9284017289,Success,CID316536,Mini,Shantinagar,Hennur,301.0,30.0,Not Applicable,Not Applicable,No,Not Applicable,494,UPI,46,3.8,3.7
2024-07-15 21:42:00,CNR3246942124,Success,CID314411,Prime SUV,Shantinagar,Kadugodi,42.0,135.0,Not Applicable,Not Applicable,No,Not Applicable,561,Cash,15,3.9,4.6
2024-07-06 03:19:00,CNR9721704088,Success,CID684837,Prime Sedan,Malleshwaram,Sarjapur Road,77.0,30.0,Not Applicable,Not Applicable,No,Not Applicable,195,Cash,10,3.7,3.6
2024-07-10 18:43:00,CNR7868945420,Canceled by Driver,CID298067,Bike,Basavanagudi,Varthur,,,Not Applicable,Customer related issue,Not Applicable,Not Applicable,393,Not Applicable,0,,
2024-07-07 19:01:00,CNR8321832170,Canceled by Driver,CID613494,Auto,Cox Town,Peenya,,,Not Applicable,Personal & Car related issue,Not Applicable,Not Applicable,701,Not Applicable,0,,
2024-07-14 21:21:00,CNR9070988942,Success,CID348372,Bike,Hebbal,Devanahalli,287.0,75.0,Not Applicable,Not Applicable,No,Not Applicable,735,UPI,34,4.1,3.9
2024-07-21 00:59:00,CNR1215340707,Canceled by Driver,CID438641,Prime Plus,Varthur,Koramangala,,,Not Applicable,Customer related issue,Not Applicable,Not Applicable,351,Not Applicable,0,,
2024-07-09 20:31:00,CNR2216884332,Canceled by Driver,CID101065,Mini,Vijayanagar,Koramangala,,,Not Applicable,Personal & Car related issue,Not Applicable,Not Applicable,318,Not Applicable,0,,
2024-07-01 03:29:00,CNR5961332171,Canceled by Driver,CID367190,Prime Plus,Basavanagudi,Yelahanka,,,Not Applicable,Customer was coughing/sick,Not Applicable,Not Applicable,1346,Not Applicable,0,,
2024-07-25 00:16:00,CNR3185390125,Success,CID625236,eBike,Devanahalli,Shantinagar,175.0,75.0,Not Applicable,Not Applicable,No,Not Applicable,795,Cash,25,3.8,3.1
2024-07-02 19:47:00,CNR4474020847,Canceled by Driver,CID666046,eBike,Bellandur,Malleshwaram,,,Not Applicable,Customer related issue,Not Applicable,Not Applicable,838,Not Applicable,0,,
2024-07-01 15:48:00,CNR5725601956,Success,CID994608,Prime Sedan,Vijayanagar,Yeshwanthpur,217.0,130.0,Not Applicable,Not Applicable,No,Not Applicable,376,Cash,40,4.8,3.1
2024-07-06 03:25:00,CNR6099335470,Success,CID392666,Prime SUV,Rajarajeshwari Nagar,Basavanagudi,252.0,60.0,Not Applicable,Not Applicable,No,Not Applicable,375,UPI,28,3.6,3.1
2024-07-04 11:18:00,CNR1025632150,Driver Not Found,CID349673,eBike,Padmanabhanagar,HSR Layout,,,Not Applicable,Not Applicable,Not Applicable,Not Applicable,237,Not Applicable,0,,
2024-07-06 22:17:00,CNR1209296577,Canceled by Driver,CID973083,Auto,Tumkur Road,Malleshwaram,,,Not Applicable,More than permitted people in there,Not Applicable,Not Applicable,439,Not Applicable,0,,
2024-07-10 01:15:00,CNR6367313634,Driver Not Found,CID819089,Prime SUV,BTM Layout,Hennur,,,Not Applicable,Not Applicable,Not Applicable,Not Applicable,895,Not Applicable,0,,
2024-07-28 02:09:00,CNR1857960642,Success,CID735947,eBike,Majestic,Electronic City,308.0,65.0,Not Applicable,Not Applicable,No,Not Applicable,442,Cash,4,4.5,4.4
2024-07-13 22:38:00,CNR6759066736,Success,CID915107,Prime Sedan,Hebbal,RT Nagar,112.0,105.0,Not Applicable,Not Applicable,No,Not Applicable,609,Cash,23,4.6,3.1
2024-07-14 14:01:00,CNR3187088238,Success,CID543366,eBike,Padmanabhanagar,Yelahanka,154.0,95.0,Not Applicable,Not Applicable,No,Not Applicable,443,Cash,21,4.9,3.3
2024-07-10 03:19:00,CNR1773151037,Success,CID605661,eBike,Magadi Road,Sahakar Nagar,308.0,85.0,Not Applicable,Not Applicable,No,Not Applicable,154,UPI,1,4.4,3.7
2024-07-12 18:55:00,CNR2129306956,Canceled by Customer,CID216455,eBike,Hosur Road,Banashankari,,,Driver is not moving towards pickup location,Not Applicable,Not Applicable,Not Applicable,796,Not Applicable,0,,
2024-07-25 11:36:00,CNR5802293885,Success,CID547549,Prime SUV,Vijayanagar,Shivajinagar,238.0,125.0,Not Applicable,Not Applicable,No,Not Applicable,122,UPI,5,5.0,4.5
2024-07-17 12:11:00,CNR5834351915,Success,CID992513,Prime Plus,Padmanabhanagar,Kengeri,294.0,130.0,Not Applicable,Not Applicable,No,Not Applicable,472,UPI,22,4.9,3.8
2024-07-12 23:34:00,CNR3373209178,Success,CID671892,Mini,Kammanahalli,Peenya,182.0,85.0,Not Applicable,Not Applicable,No,Not Applicable,564,Cash,1,3.3,4.6
2024-07-17 23:03:00,CNR7008511243,Canceled by Customer,CID578610,Prime Sedan,Bellandur,HSR Layout,,,Change of plans,Not Applicable,Not Applicable,Not Applicable,209,Not Applicable,0,,
2024-07-08 06:06:00,CNR6551426487,Success,CID405284,Prime SUV,Chamarajpet,Frazer Town,196.0,90.0,Not Applicable,Not Applicable,No,Not Applicable,233,Cash,37,4.0,3.2
2024-07-15 09:05:00,CNR9149642393,Success,CID468254,Prime Sedan,Langford Town,Shivajinagar,259.0,145.0,Not Applicable,Not Applicable,No,Not Applicable,645,Cash,16,3.0,3.5
2024-07-09 14:33:00,CNR4549225705,Success,CID131576,Prime Plus,Padmanabhanagar,Frazer Town,182.0,100.0,Not Applicable,Not Applicable,No,Not Applicable,524,Cash,35,4.2,4.5
2024-07-07 11:08:00,CNR5769680664,Canceled by Driver,CID436878,Prime Sedan,Shantinagar,Shivajinagar,,,Not Applicable,Personal & Car related issue,Not Applicable,Not Applicable,2867,Not Applicable,0,,
2024-07-01 15:06:00,CNR2680210017,Success,CID722057,Bike,Bannerghatta Road,Hosur Road,168.0,130.0,Not Applicable,Not Applicable,No,Not Applicable,639,UPI,20,5.0,3.4
2024-07-25 14:49:00,CNR7778883642,Success,CID494375,Prime Sedan,Richmond Town,Hulimavu,35.0,50.0,Not Applicable,Not Applicable,No,Not Applicable,321,Cash,36,3.7,3.7
2024-07-27 00:27:00,CNR2092631851,Canceled by Customer,CID142628,Mini,Nagarbhavi,Sarjapur Road,,,AC is Not working,Not Applicable,Not Applicable,Not Applicable,730,Not Applicable,0,,
2024-07-28 15:17:00,CNR9848597853,Success,CID547584,Prime SUV,Koramangala,Banashankari,196.0,45.0,Not Applicable,Not Applicable,No,Not Applicable,167,Cash,28,4.5,3.6
2024-07-09 10:26:00,CNR4824968390,Success,CID700378,Prime SUV,Hebbal,Indiranagar,168.0,130.0,Not Applicable,Not Applicable,No,Not Applicable,1227,Cash,7,4.4,3.2
2024-07-13 23:48:00,CNR1374875973,Driver Not Found,CID719175,eBike,Shantinagar,Cox Town,,,Not Applicable,Not Applicable,Not Applicable,Not Applicable,283,Not Applicable,0,,
2024-07-13 06:02:00,CNR3274918297,Success,CID358398,eBike,Mysore Road,Magadi Road,217.0,50.0,Not Applicable,Not Applicable,No,Not Applicable,716,Cash,12,3.2,3.0
2024-07-28 14:04:00,CNR1940345945,Driver Not Found,CID890649,Mini,Jayanagar,Sahakar Nagar,,,Not Applicable,Not Applicable,Not Applicable,Not Applicable,196,Not Applicable,0,,
2024-07-07 23:00:00,CNR8709864950,Success,CID480959,Prime SUV,Malleshwaram,Langford Town,49.0,50.0,Not Applicable,Not Applicable,No,Not Applicable,580,Cash,37,4.9,4.0
2024-07-10 05:06:00,CNR5111680165,Success,CID807476,Prime Plus,Bellandur,Chickpet,189.0,130.0,Not Applicable,Not Applicable,No,Not Applicable,157,Cash,1,3.6,3.6
2024-07-25 02:24:00,CNR3638042577,Success,CID513995,Prime Sedan,Langford Town,Sahakar Nagar,70.0,70.0,Not Applicable,Not Applicable,No,Not Applicable,960,Cash,21,4.4,4.9
2024-07-21 16:17:00,CNR5922849900,Success,CID620837,Mini,Rajajinagar,Hennur,168.0,80.0,Not Applicable,Not Applicable,No,Not Applicable,453,UPI,7,3.8,4.1
2024-07-15 23:00:00,CNR4707933316,Canceled by Customer,CID631973,Prime SUV,Mysore Road,Sarjapur Road,,,Wrong Address,Not Applicable,Not Applicable,Not Applicable,607,Not Applicable,0,,
2024-07-02 10:12:00,CNR8115092737,Driver Not Found,CID616878,Prime Sedan,Ramamurthy Nagar,Hulimavu,,,Not Applicable,Not Applicable,Not Applicable,Not Applicable,763,Not Applicable,0,,
2024-07-01 23:25:00,CNR6705508509,Canceled by Customer,CID434412,Bike,KR Puram,HSR Layout,,,Wrong Address,Not Applicable,Not Applicable,Not Applicable,133,Not Applicable,0,,
2024-07-25 17:45:00,CNR1507504753,Success,CID737923,Mini,JP Nagar,Hulimavu,63.0,105.0,Not Applicable,Not Applicable,No,Not Applicable,2685,Cash,43,4.1,3.4
2024-07-20 00:25:00,CNR6586969359,Success,CID688469,Prime SUV,Peenya,Langford Town,91.0,105.0,Not Applicable,Not Applicable,No,Not Applicable,244,Credit Card,21,4.9,4.8
2024-07-19 07:04:00,CNR5967580640,Canceled by Customer,CID608711,Prime Sedan,Marathahalli,Kadugodi,,,Driver asked to cancel,Not Applicable,Not Applicable,Not Applicable,361,Not Applicable,0,,
2024-07-01 05:42:00,CNR7859883932,Success,CID161994,Prime Sedan,Vijayanagar,Hennur,84.0,25.0,Not Applicable,Not Applicable,Yes,Other Issue,614,Cash,9,4.7,3.9
2024-07-11 11:45:00,CNR5406432716,Success,CID811581,Auto,Nagarbhavi,Chickpet,301.0,140.0,Not Applicable,Not Applicable,No,Not Applicable,457,UPI,8,4.6,4.4
2024-07-14 11:44:00,CNR4082252798,Success,CID940922,Mini,Magadi Road,Rajajinagar,231.0,70.0,Not Applicable,Not Applicable,Yes,Vehicle Breakdown,869,Cash,36,5.0,3.7
2024-07-29 10:01:00,CNR2894351867,Canceled by Customer,CID163891,Prime Plus,Hennur,Nagarbhavi,,,Change of plans,Not Applicable,Not Applicable,Not Applicable,1616,Not Applicable,0,,
2024-07-05 14:33:00,CNR6403021442,Canceled by Driver,CID500194,Mini,Koramangala,Ulsoor,,,Not Applicable,Personal & Car related issue,Not Applicable,Not Applicable,130,Not Applicable,0,,
2024-07-09 04:45:00,CNR9489909642,Success,CID494136,Prime Sedan,Kadugodi,Ramamurthy Nagar,77.0,65.0,Not Applicable,Not Applicable,No,Not Applicable,496,UPI,5,5.0,4.8
2024-07-05 00:47:00,CNR5422770344,Canceled by Driver,CID905713,Prime Sedan,Jayanagar,Hebbal,,,Not Applicable,Personal & Car related issue,Not Applicable,Not Applicable,150,Not Applicable,0,,
2024-07-29 08:02:00,CNR9058581146,Canceled by Driver,CID331072,Prime Plus,Hebbal,BTM Layout,,,Not Applicable,More than permitted people in there,Not Applicable,Not Applicable,211,Not Applicable,0,,
2024-07-02 14:49:00,CNR3595501801,Success,CID405098,eBike,Majestic,Electronic City,175.0,130.0,Not Applicable,Not Applicable,No,Not Applicable,401,Cash,24,4.0,3.4
2024-07-12 14:39:00,CNR1339438921,Success,CID251114,Auto,Ramamurthy Nagar,Banashankari,280.0,25.0,Not Applicable,Not Applicable,No,Not Applicable,412,Debit Card,11,3.4,3.2
2024-07-26 04:37:00,CNR4804380090,Success,CID799025,Prime Plus,Yeshwanthpur,Kammanahalli,203.0,100.0,Not Applicable,Not Applicable,No,Not Applicable,861,Cash,48,4.2,4.5
2024-07-06 13:41:00,CNR1896942690,Success,CID794544,Prime Plus,BTM Layout,Kammanahalli,63.0,30.0,Not Applicable,Not Applicable,No,Not Applicable,167,Cash,20,3.0,4.1
2024-07-28 22:40:00,CNR4386345793,Success,CID954319,Prime SUV,RT Nagar,Ramamurthy Nagar,189.0,80.0,Not Applicable,Not Applicable,No,Not Applicable,526,Cash,43,3.5,4.3
2024-07-05 19:19:00,CNR7446030281,Success,CID943158,eBike,Hosur Road,Ulsoor,133.0,135.0,Not Applicable,Not Applicable,No,Not Applicable,2859,UPI,2,4.6,3.8
2024-07-28 06:46:00,CNR9950767750,Success,CID105623,Prime Sedan,Hennur,Rajajinagar,259.0,105.0,Not Applicable,Not Applicable,No,Not Applicable,492,Cash,5,4.5,3.3
2024-07-27 01:56:00,CNR5503352262,Driver Not Found,CID729395,Prime Plus,Malleshwaram,Frazer Town,,,Not Applicable,Not Applicable,Not Applicable,Not Applicable,712,Not Applicable,0,,
2024-07-12 09:20:00,CNR9953110455,Success,CID654128,Prime SUV,Electronic City,Shivajinagar,70.0,85.0,Not Applicable,Not Applicable,No,Not Applicable,457,Cash,1,3.6,3.1
2024-07-01 04:55:00,CNR7766155315,Canceled by Driver,CID213681,Mini,Padmanabhanagar,Marathahalli,,,Not Applicable,More than permitted people in there,Not Applicable,Not Applicable,631,Not Applicable,0,,
2024-07-03 19:07:00,CNR3107489110,Canceled by Customer,CID707229,Prime SUV,Mysore Road,JP Nagar,,,Driver is not moving towards pickup location,Not Applicable,Not Applicable,Not Applicable,123,Not Applicable,0,,
2024-07-01 08:31:00,CNR9582266389,Success,CID533345,Prime Sedan,BTM Layout,Jayanagar,70.0,90.0,Not Applicable,Not Applicable,No,Not Applicable,365,UPI,13,4.3,4.1
2024-07-24 06:09:00,CNR7104205022,Success,CID952663,Auto,Ramamurthy Nagar,BTM Layout,210.0,70.0,Not Applicable,Not Applicable,No,Not Applicable,329,Cash,14,4.4,4.7
2024-07-29 09:29:00,CNR7217357822,Canceled by Customer,CID753246,Auto,Kammanahalli,Cox Town,,,Wrong Address,Not Applicable,Not Applicable,Not Applicable,496,Not Applicable,0,,
2024-07-29 00:37:00,CNR4023036217,Success,CID528219,eBike,Shivajinagar,Tumkur Road,196.0,145.0,Not Applicable,Not Applicable,No,Not Applicable,121,UPI,39,4.7,5.0
2024-07-19 05:21:00,CNR5698585698,Driver Not Found,CID647140,Bike,MG Road,Chamarajpet,,,Not Applicable,Not Applicable,Not Applicable,Not Applicable,231,Not Applicable,0,,
2024-07-09 05:48:00,CNR5683797560,Success,CID636885,Prime Sedan,Kadugodi,Yelahanka,224.0,115.0,Not Applicable,Not Applicable,No,Not Applicable,237,UPI,23,4.3,4.2
2024-07-22 21:05:00,CNR4795550078,Canceled by Customer,CID402557,Prime Sedan,Kengeri,Marathahalli,,,Change of plans,Not Applicable,Not Applicable,Not Applicable,442,Not Applicable,0,,
2024-07-27 04:25:00,CNR1687838523,Success,CID759507,Prime Plus,Bannerghatta Road,Vijayanagar,266.0,120.0,Not Applicable,Not Applicable,No,Not Applicable,526,UPI,16,4.2,4.6
2024-07-06 07:49:00,CNR1798318236,Success,CID128182,Mini,Devanahalli,Koramangala,273.0,115.0,Not Applicable,Not Applicable,No,Not Applicable,314,Cash,28,4.0,4.4
2024-07-27 13:03:00,CNR7719883816,Canceled by Driver,CID934656,Auto,Indiranagar,HSR Layout,,,Not Applicable,Customer related issue,Not Applicable,Not Applicable,202,Not Applicable,0,,
2024-07-24 10:38:00,CNR4536567127,Success,CID353765,Bike,Chamarajpet,JP Nagar,301.0,120.0,Not Applicable,Not Applicable,No,Not Applicable,475,UPI,47,4.2,4.8
2024-07-15 10:54:00,CNR8211672856,Success,CID150827,Prime Plus,Bellandur,Sahakar Nagar,273.0,50.0,Not Applicable,Not Applicable,No,Not Applicable,295,UPI,17,4.6,4.8
2024-07-12 08:28:00,CNR7374082148,Success,CID650470,Prime Sedan,Magadi Road,Basavanagudi,259.0,50.0,Not Applicable,Not Applicable,No,Not Applicable,907,Cash,28,3.1,3.7
2024-07-14 20:46:00,CNR1853959889,Success,CID436299,Prime Plus,Basavanagudi,Malleshwaram,280.0,60.0,Not Applicable,Not Applicable,No,Not Applicable,1076,Cash,25,4.0,4.5
2024-07-28 04:01:00,CNR6998364795,Canceled by Driver,CID548118,Mini,Whitefield,Sarjapur Road,,,Not Applicable,Customer related issue,Not Applicable,Not Applicable,497,Not Applicable,0,,
2024-07-25 18:19:00,CNR4922011107,Driver Not Found,CID604845,Prime Plus,Electronic City,Devanahalli,,,Not Applicable,Not Applicable,Not Applicable,Not Applicable,370,Not Applicable,0,,
2024-07-30 18:32:00,CNR5552980262,Canceled by Driver,CID271114,Auto,Magadi Road,Whitefield,,,Not Applicable,Personal & Car related issue,Not Applicable,Not Applicable,247,Not Applicable,0,,
2024-07-12 13:30:00,CNR7066220459,Canceled by Driver,CID776831,Auto,HSR Layout,Kengeri,,,Not Applicable,More than permitted people in there,Not Applicable,Not Applicable,357,Not Applicable,0,,
2024-07-19 05:04:00,CNR7105588100,Success,CID311397,Prime SUV,Magadi Road,Hennur,84.0,45.0,Not Applicable,Not Applicable,No,Not Applicable,272,UPI,14,3.1,4.8
2024-07-29 13:33:00,CNR4776375734,Success,CID563664,Prime SUV,Rajarajeshwari Nagar,Tumkur Road,91.0,25.0,Not Applicable,Not Applicable,No,Not Applicable,930,UPI,6,3.3,4.2
2024-07-07 05:10:00,CNR2336727868,Success,CID194529,Prime Plus,Hulimavu,Chickpet,84.0,30.0,Not Applicable,Not Applicable,No,Not Applicable,372,UPI,25,4.9,3.9
2024-07-27 12:21:00,CNR9670183344,Success,CID125054,Mini,Yeshwanthpur,KR Puram,119.0,85.0,Not Applicable,Not Applicable,No,Not Applicable,452,Cash,43,4.4,3.4
2024-07-29 07:33:00,CNR5947805457,Canceled by Customer,CID132364,Prime Plus,KR Puram,BTM Layout,,,Driver is not moving towards pickup location,Not Applicable,Not Applicable,Not Applicable,989,Not Applicable,0,,
2024-07-02 04:28:00,CNR2726887061,Canceled by Driver,CID286701,Prime Sedan,JP Nagar,Rajarajeshwari Nagar,,,Not Applicable,Customer was coughing/sick,Not Applicable,Not Applicable,226,Not Applicable,0,,
2024-07-03 15:06:00,CNR1435929338,Canceled by Driver,CID105805,Prime Sedan,Malleshwaram,Kadugodi,,,Not Applicable,Customer was coughing/sick,Not Applicable,Not Applicable,265,Not Applicable,0,,
2024-07-02 18:03:00,CNR3470824511,Success,CID406049,Prime Sedan,Banashankari,Shivajinagar,168.0,105.0,Not Applicable,Not Applicable,No,Not Applicable,378,UPI,26,3.2,3.9
2024-07-02 22:48:00,CNR4183719643,Success,CID525579,Prime Sedan,Kadugodi,Rajajinagar,49.0,55.0,Not Applicable,Not Applicable,No,Not Applicable,380,Cash,41,3.3,4.7
2024-07-11 05:40:00,CNR3355156673,Success,CID371847,eBike,Banashankari,Richmond Town,210.0,135.0,Not Applicable,Not Applicable,No,Not Applicable,727,Cash,20,4.1,3.3
2024-07-18 14:17:00,CNR3904184497,Success,CID633056,Prime Sedan,Tumkur Road,JP Nagar,35.0,125.0,Not Applicable,Not Applicable,No,Not Applicable,361,Cash,43,3.3,3.9
2024-07-20 03:35:00,CNR9158156632,Canceled by Driver,CID991904,Auto,Hebbal,Devanahalli,,,Not Applicable,Customer was coughing/sick,Not Applicable,Not Applicable,291,Not Applicable,0,,
2024-07-01 04:27:00,CNR8872050672,Canceled by Driver,CID159621,Mini,Bellandur,Padmanabhanagar,,,Not Applicable,Customer related issue,Not Applicable,Not Applicable,460,Not Applicable,0,,
2024-07-30 12:07:00,CNR4142600633,Success,CID134218,eBike,KR Puram,Basavanagudi,196.0,135.0,Not Applicable,Not Applicable,No,Not Applicable,2344,Cash,26,4.4,4.5
2024-07-16 23:32:00,CNR5758734515,Success,CID159541,Auto,Varthur,Rajajinagar,301.0,75.0,Not Applicable,Not Applicable,No,Not Applicable,468,Cash,16,4.7,3.3
2024-07-02 21:00:00,CNR4242145226,Success,CID312041,Prime SUV,Richmond Town,Cox Town,63.0,90.0,Not Applicable,Not Applicable,Yes,Customer Demand,307,UPI,33,4.4,4.7
2024-07-09 20:15:00,CNR4814775758,Canceled by Driver,CID531065,Prime Sedan,Shivajinagar,Vijayanagar,,,Not Applicable,Personal & Car related issue,Not Applicable,Not Applicable,257,Not Applicable,0,,
2024-07-15 07:41:00,CNR7301622225,Success,CID986800,Prime SUV,Cox Town,Bannerghatta Road,147.0,25.0,Not Applicable,Not Applicable,No,Not Applicable,167,Cash,39,4.1,4.6
2024-07-19 15:26:00,CNR9512548229,Success,CID869199,eBike,Hennur,Kadugodi,203.0,135.0,Not Applicable,Not Applicable,No,Not Applicable,113,Cash,36,3.3,3.8
2024-07-10 01:24:00,CNR6675083694,Success,CID999256,Auto,Bannerghatta Road,MG Road,63.0,85.0,Not Applicable,Not Applicable,No,Not Applicable,432,Cash,4,3.1,3.8
2024-07-02 23:53:00,CNR5095741474,Success,CID548435,Prime Plus,Kadugodi,Banashankari,133.0,40.0,Not Applicable,Not Applicable,No,Not Applicable,614,Cash,37,4.9,3.9
2024-07-15 22:06:00,CNR9474445963,Success,CID789100,Prime Sedan,Malleshwaram,Nagarbhavi,168.0,30.0,Not Applicable,Not Applicable,No,Not Applicable,191,Cash,34,3.8,5.0
2024-07-17 01:36:00,CNR3190671880,Canceled by Driver,CID172199,Prime Sedan,Hebbal,Rajarajeshwari Nagar,,,Not Applicable,Customer related issue,Not Applicable,Not Applicable,481,Not Applicable,0,,
2024-07-10 01:20:00,CNR5302688621,Canceled by Driver,CID146789,eBike,Tumkur Road,Tumkur Road,,,Not Applicable,Personal & Car related issue,Not Applicable,Not Applicable,156,Not Applicable,0,,
2024-07-22 22:41:00,CNR3189928428,Success,CID517487,Prime Sedan,JP Nagar,Richmond Town,259.0,55.0,Not Applicable,Not Applicable,No,Not Applicable,369,UPI,43,3.9,3.2
2024-07-29 03:33:00,CNR8411831237,Driver Not Found,CID750424,Prime Plus,BTM Layout,Banashankari,,,Not Applicable,Not Applicable,Not Applicable,Not Applicable,775,Not Applicable,0,,
2024-07-22 00:59:00,CNR1815391443,Success,CID886871,Mini,Kengeri,Kammanahalli,154.0,75.0,Not Applicable,Not Applicable,No,Not Applicable,324,UPI,45,3.2,4.0
2024-07-08 02:58:00,CNR3099382251,Canceled by Driver,CID823252,Mini,MG Road,Vijayanagar,,,Not Applicable,Personal & Car related issue,Not Applicable,Not Applicable,939,Not Applicable,0,,
2024-07-24 14:33:00,CNR1602143392,Canceled by Customer,CID245130,eBike,Electronic City,Kammanahalli,,,AC is Not working,Not Applicable,Not Applicable,Not Applicable,275,Not Applicable,0,,
2024-07-27 09:14:00,CNR7931788371,Success,CID477839,Auto,Ulsoor,Frazer Town,273.0,105.0,Not Applicable,Not Applicable,No,Not Applicable,433,Cash,17,3.3,3.9
2024-07-22 07:42:00,CNR1045114403,Canceled by Customer,CID762280,Auto,Chamarajpet,Whitefield,,,AC is Not working,Not Applicable,Not Applicable,Not Applicable,487,Not Applicable,0,,
2024-07-05 09:08:00,CNR2567166048,Success,CID912143,Mini,MG Road,BTM Layout,280.0,140.0,Not Applicable,Not Applicable,No,Not Applicable,463,Cash,24,3.8,4.7
2024-07-10 12:23:00,CNR2940475891,Canceled by Driver,CID294623,Auto,Kadugodi,Rajarajeshwari Nagar,,,Not Applicable,Personal & Car related issue,Not Applicable,Not Applicable,339,Not Applicable,0,,
2024-07-09 11:23:00,CNR7110277940,Canceled by Driver,CID219171,Bike,Jayanagar,Nagarbhavi,,,Not Applicable,Personal & Car related issue,Not Applicable,Not Applicable,359,Not Applicable,0,,
2024-07-12 18:43:00,CNR5721496945,Driver Not Found,CID212802,Auto,Sarjapur Road,Malleshwaram,,,Not Applicable,Not Applicable,Not Applicable,Not Applicable,310,Not Applicable,0,,
2024-07-24 13:32:00,CNR7097979896,Canceled by Driver,CID934543,Auto,Kengeri,Kadugodi,,,Not Applicable,Personal & Car related issue,Not Applicable,Not Applicable,454,Not Applicable,0,,
2024-07-05 12:44:00,CNR9851683625,Success,CID852237,Prime Sedan,Banashankari,Richmond Town,126.0,75.0,Not Applicable,Not Applicable,No,Not Applicable,258,Cash,22,4.2,3.3
2024-07-25 15:42:00,CNR3426267114,Canceled by Driver,CID507303,Prime Plus,Banashankari,Frazer Town,,,Not Applicable,Personal & Car related issue,Not Applicable,Not Applicable,137,Not Applicable,0,,
2024-07-09 12:07:00,CNR2462932476,Success,CID800901,Prime Plus,Bellandur,Rajajinagar,56.0,60.0,Not Applicable,Not Applicable,No,Not Applicable,172,UPI,21,4.6,3.4
2024-07-29 10:29:00,CNR8114957056,Success,CID343860,eBike,Jayanagar,Jayanagar,126.0,135.0,Not Applicable,Not Applicable,No,Not Applicable,1503,UPI,20,3.2,4.5
2024-07-23 07:10:00,CNR1853519189,Driver Not Found,CID332483,Prime Plus,Peenya,Majestic,,,Not Applicable,Not Applicable,Not Applicable,Not Applicable,155,Not Applicable,0,,
2024-07-24 16:15:00,CNR5508310367,Success,CID412435,Bike,Kadugodi,Magadi Road,301.0,35.0,Not Applicable,Not Applicable,No,Not Applicable,284,UPI,14,3.6,4.7
2024-07-06 17:33:00,CNR1825467525,Success,CID542173,Prime Plus,Majestic,Tumkur Road,273.0,105.0,Not Applicable,Not Applicable,No,Not Applicable,416,UPI,35,4.4,4.9
2024-07-24 01:12:00,CNR7900325518,Success,CID872007,Prime Plus,Padmanabhanagar,Varthur,49.0,115.0,Not Applicable,Not Applicable,No,Not Applicable,139,UPI,49,3.5,3.3
2024-07-10 16:31:00,CNR4314758913,Success,CID274109,Mini,Peenya,Mysore Road,217.0,135.0,Not Applicable,Not Applicable,No,Not Applicable,827,Cash,49,3.5,3.1
2024-07-24 20:32:00,CNR5638575333,Success,CID176941,eBike,JP Nagar,KR Puram,49.0,110.0,Not Applicable,Not Applicable,No,Not Applicable,2959,UPI,11,5.0,3.4
2024-07-27 01:49:00,CNR9813196280,Success,CID766458,Prime SUV,BTM Layout,HSR Layout,161.0,130.0,Not Applicable,Not Applicable,No,Not Applicable,2455,Cash,10,3.8,3.0
2024-07-16 13:00:00,CNR4693776679,Success,CID408642,eBike,Devanahalli,Tumkur Road,210.0,110.0,Not Applicable,Not Applicable,Yes,Vehicle Breakdown,579,Cash,6,4.0,4.9
2024-07-08 21:55:00,CNR6328580397,Success,CID316356,Auto,Kengeri,Chamarajpet,154.0,60.0,Not Applicable,Not Applicable,No,Not Applicable,457,Cash,8,3.9,4.7
2024-07-03 23:05:00,CNR7018736793,Success,CID966269,Prime Sedan,Yeshwanthpur,Ramamurthy Nagar,182.0,95.0,Not Applicable,Not Applicable,No,Not Applicable,464,Cash,34,3.4,4.8
2024-07-03 20:51:00,CNR3725514473,Canceled by Driver,CID130417,eBike,Sahakar Nagar,Vijayanagar,,,Not Applicable,Customer related issue,Not Applicable,Not Applicable,875,Not Applicable,0,,
2024-07-08 16:52:00,CNR2377630333,Success,CID760084,Prime Plus,Hebbal,Hebbal,301.0,95.0,Not Applicable,Not Applicable,No,Not Applicable,198,Cash,30,3.4,5.0
2024-07-03 15:10:00,CNR1289020944,Success,CID350733,Bike,Nagarbhavi,Kadugodi,259.0,90.0,Not Applicable,Not Applicable,No,Not Applicable,378,Cash,32,4.4,4.3
2024-07-20 03:30:00,CNR1875489897,Success,CID998778,eBike,Peenya,Rajarajeshwari Nagar,182.0,140.0,Not Applicable,Not Applicable,No,Not Applicable,394,UPI,9,4.8,3.3
2024-07-30 08:54:00,CNR6502388783,Success,CID174154,Prime Plus,Ramamurthy Nagar,Electronic City,42.0,95.0,Not Applicable,Not Applicable,No,Not Applicable,228,UPI,9,4.6,3.5
2024-07-28 06:09:00,CNR2859331422,Canceled by Driver,CID962346,Prime SUV,Basavanagudi,HSR Layout,,,Not Applicable,Customer was coughing/sick,Not Applicable,Not Applicable,419,Not Applicable,0,,
2024-07-26 17:11:00,CNR9778297891,Success,CID194558,Prime Sedan,Rajarajeshwari Nagar,JP Nagar,147.0,105.0,Not Applicable,Not Applicable,No,Not Applicable,296,UPI,25,4.8,3.8
2024-07-07 12:32:00,CNR5201475283,Canceled by Driver,CID925642,Prime Sedan,Peenya,Jayanagar,,,Not Applicable,More than permitted people in there,Not Applicable,Not Applicable,652,Not Applicable,0,,
2024-07-26 12:28:00,CNR3260909251,Canceled by Driver,CID864513,Prime SUV,RT Nagar,Bannerghatta Road,,,Not Applicable,Personal & Car related issue,Not Applicable,Not Applicable,267,Not Applicable,0,,
2024-07-27 04:32:00,CNR9969956569,Canceled by Driver,CID984015,Prime SUV,Cox Town,Ramamurthy Nagar,,,Not Applicable,Personal & Car related issue,Not Applicable,Not Applicable,741,Not Applicable,0,,
2024-07-19 14:52:00,CNR4011342198,Driver Not Found,CID326596,Prime Plus,Kengeri,Ramamurthy Nagar,,,Not Applicable,Not Applicable,Not Applicable,Not Applicable,368,Not Applicable,0,,
2024-07-09 21:42:00,CNR1707517799,Success,CID164229,Auto,MG Road,RT Nagar,98.0,30.0,Not Applicable,Not Applicable,No,Not Applicable,134,Cash,13,4.3,3.2
2024-07-28 02:40:00,CNR1381001042,Success,CID897170,Bike,Chamarajpet,Vijayanagar,280.0,145.0,Not Applicable,Not Applicable,No,Not Applicable,370,UPI,26,4.4,3.1
2024-07-19 02:43:00,CNR4660699714,Canceled by Driver,CID719414,Bike,Langford Town,Peenya,,,Not Applicable,Customer was coughing/sick,Not Applicable,Not Applicable,406,Not Applicable,0,,
2024-07-27 02:56:00,CNR1484333993,Canceled by Driver,CID586966,Mini,Ulsoor,Malleshwaram,,,Not Applicable,Customer related issue,Not Applicable,Not Applicable,255,Not Applicable,0,,
2024-07-05 14:53:00,CNR6972249654,Success,CID717832,Prime Plus,Kadugodi,Sarjapur Road,154.0,90.0,Not Applicable,Not Applicable,No,Not Applicable,685,UPI,39,3.1,3.9
2024-07-15 14:53:00,CNR7573145151,Canceled by Driver,CID953099,Bike,Marathahalli,Ulsoor,,,Not Applicable,Customer was coughing/sick,Not Applicable,Not Applicable,270,Not Applicable,0,,
2024-07-11 00:57:00,CNR3868474495,Canceled by Customer,CID976200,Prime SUV,Hennur,Bellandur,,,Change of plans,Not Applicable,Not Applicable,Not Applicable,478,Not Applicable,0,,
2024-07-13 23:42:00,CNR3388984538,Canceled by Driver,CID214377,Prime Sedan,Sahakar Nagar,JP Nagar,,,Not Applicable,Customer related issue,Not Applicable,Not Applicable,881,Not Applicable,0,,
2024-07-30 14:47:00,CNR2261702408,Success,CID118703,Prime Plus,Magadi Road,Electronic City,147.0,60.0,Not Applicable,Not Applicable,No,Not Applicable,2222,Cash,1,3.1,4.4
2024-07-24 16:27:00,CNR5219477134,Success,CID848070,Mini,Electronic City,Mysore Road,168.0,35.0,Not Applicable,Not Applicable,No,Not Applicable,194,Cash,15,3.8,3.7
2024-07-16 21:28:00,CNR1053671548,Success,CID907019,Prime SUV,Kengeri,Bellandur,49.0,120.0,Not Applicable,Not Applicable,Yes,Customer Demand,2144,Cash,10,3.4,3.7
2024-07-06 13:17:00,CNR1142387088,Success,CID912556,Prime Plus,Shivajinagar,Rajajinagar,301.0,50.0,Not Applicable,Not Applicable,No,Not Applicable,2130,UPI,35,4.2,4.0
2024-07-06 15:58:00,CNR9856342138,Driver Not Found,CID835953,Prime Plus,Nagarbhavi,Hosur Road,,,Not Applicable,Not Applicable,Not Applicable,Not Applicable,910,Not Applicable,0,,
2024-07-20 14:31:00,CNR2661374692,Success,CID922600,Prime Sedan,Rajarajeshwari Nagar,Padmanabhanagar,252.0,85.0,Not Applicable,Not Applicable,No,Not Applicable,190,UPI,13,4.4,4.8
2024-07-16 07:54:00,CNR7934035769,Success,CID143809,Mini,Hosur Road,Shantinagar,280.0,35.0,Not Applicable,Not Applicable,No,Not Applicable,431,Cash,46,4.9,3.5
2024-07-16 08:33:00,CNR1257710800,Canceled by Driver,CID821173,Prime SUV,Basavanagudi,Banashankari,,,Not Applicable,Customer was coughing/sick,Not Applicable,Not Applicable,893,Not Applicable,0,,
2024-07-23 21:17:00,CNR5962643196,Success,CID473575,Auto,Ulsoor,Rajajinagar,252.0,110.0,Not Applicable,Not Applicable,No,Not Applicable,616,UPI,14,3.6,3.2
2024-07-28 19:48:00,CNR4738048758,Success,CID136906,Prime Sedan,Jayanagar,RT Nagar,238.0,105.0,Not Applicable,Not Applicable,No,Not Applicable,459,Cash,10,4.7,4.0
2024-07-12 12:51:00,CNR2007445305,Success,CID739501,Prime Plus,Kammanahalli,Banashankari,49.0,90.0,Not Applicable,Not Applicable,No,Not Applicable,382,UPI,22,4.4,3.5
2024-07-14 12:52:00,CNR4844458549,Canceled by Driver,CID672281,Prime SUV,Richmond Town,Rajarajeshwari Nagar,,,Not Applicable,Customer related issue,Not Applicable,Not Applicable,184,Not Applicable,0,,
2024-07-28 12:25:00,CNR5102810515,Driver Not Found,CID327085,Prime Plus,Richmond Town,JP Nagar,,,Not Applicable,Not Applicable,Not Applicable,Not Applicable,784,Not Applicable,0,,
2024-07-21 10:35:00,CNR7871886391,Success,CID348743,Mini,Hosur Road,Magadi Road,112.0,35.0,Not Applicable,Not Applicable,No,Not Applicable,966,UPI,38,3.6,4.3
2024-07-21 21:59:00,CNR4605471084,Success,CID131086,Auto,Yelahanka,Whitefield,224.0,100.0,Not Applicable,Not Applicable,No,Not Applicable,258,UPI,2,4.9,3.6
2024-07-24 19:13:00,CNR1197271040,Success,CID989319,eBike,Hebbal,RT Nagar,196.0,95.0,Not Applicable,Not Applicable,No,Not Applicable,640,Cash,6,4.7,4.9
2024-07-23 01:59:00,CNR2567448950,Canceled by Driver,CID714500,Prime SUV,Kammanahalli,Cox Town,,,Not Applicable,Customer related issue,Not Applicable,Not Applicable,315,Not Applicable,0,,
2024-07-30 15:37:00,CNR8775362231,Canceled by Driver,CID228273,eBike,Shantinagar,Indiranagar,,,Not Applicable,More than permitted people in there,Not Applicable,Not Applicable,432,Not Applicable,0,,
2024-07-28 21:47:00,CNR2106412331,Success,CID461886,Prime Sedan,Malleshwaram,Ulsoor,35.0,45.0,Not Applicable,Not Applicable,No,Not Applicable,338,Cash,22,4.1,4.1
2024-07-27 09:23:00,CNR8109354445,Canceled by Driver,CID679871,Prime SUV,Sarjapur Road,Rajajinagar,,,Not Applicable,Customer was coughing/sick,Not Applicable,Not Applicable,421,Not Applicable,0,,
2024-07-11 05:15:00,CNR9010266471,Success,CID267042,Prime SUV,Tumkur Road,Yeshwanthpur,203.0,125.0,Not Applicable,Not Applicable,No,Not Applicable,336,Cash,33,3.5,3.1
2024-07-08 23:20:00,CNR5494653656,Success,CID161050,Mini,Shivajinagar,Marathahalli,133.0,115.0,Not Applicable,Not Applicable,No,Not Applicable,2534,UPI,48,3.4,4.5
2024-07-04 19:17:00,CNR8927051133,Success,CID341793,Prime Plus,MG Road,Varthur,175.0,125.0,Not Applicable,Not Applicable,No,Not Applicable,235,Credit Card,3,4.3,4.6
2024-07-30 19:55:00,CNR4248402586,Success,CID129712,Prime SUV,Bannerghatta Road,Electronic City,252.0,25.0,Not Applicable,Not Applicable,No,Not Applicable,215,Cash,48,3.0,5.0
2024-07-25 12:29:00,CNR2957356032,Success,CID594438,Prime Plus,Hebbal,MG Road,42.0,60.0,Not Applicable,Not Applicable,No,Not Applicable,498,Cash,25,3.2,3.5
2024-07-06 21:07:00,CNR3219132057,Canceled by Customer,CID608504,Mini,Varthur,Vijayanagar,,,Driver asked to cancel,Not Applicable,Not Applicable,Not Applicable,353,Not Applicable,0,,
2024-07-03 00:15:00,CNR8812963911,Success,CID842435,Prime Plus,RT Nagar,Marathahalli,168.0,115.0,Not Applicable,Not Applicable,No,Not Applicable,143,Cash,49,3.2,3.5
2024-07-11 08:01:00,CNR5745816750,Driver Not Found,CID504223,Mini,Hosur Road,Peenya,,,Not Applicable,Not Applicable,Not Applicable,Not Applicable,324,Not Applicable,0,,
2024-07-10 01:56:00,CNR2818259231,Driver Not Found,CID566496,Prime Sedan,Rajajinagar,Hebbal,,,Not Applicable,Not Applicable,Not Applicable,Not Applicable,227,Not Applicable,0,,
2024-07-21 12:34:00,CNR1977973124,Canceled by Driver,CID552218,Auto,Rajajinagar,Majestic,,,Not Applicable,Personal & Car related issue,Not Applicable,Not Applicable,538,Not Applicable,0,,
2024-07-02 15:11:00,CNR9181020708,Canceled by Driver,CID682577,Prime Sedan,Shivajinagar,Langford Town,,,Not Applicable,Customer was coughing/sick,Not Applicable,Not Applicable,440,Not Applicable,0,,
2024-07-02 15:47:00,CNR1971576067,Driver Not Found,CID479430,Bike,Nagarbhavi,Kadugodi,,,Not Applicable,Not Applicable,Not Applicable,Not Applicable,263,Not Applicable,0,,
2024-07-09 01:51:00,CNR1554259838,Success,CID127718,Prime SUV,Majestic,Padmanabhanagar,287.0,90.0,Not Applicable,Not Applicable,No,Not Applicable,982,Cash,34,4.6,3.2
2024-07-14 22:35:00,CNR2270602429,Success,CID633006,Bike,Richmond Town,Devanahalli,182.0,145.0,Not Applicable,Not Applicable,Yes,Customer Demand,371,UPI,32,3.0,4.6
2024-07-03 14:46:00,CNR6842798226,Success,CID269593,Prime Sedan,Yeshwanthpur,Sarjapur Road,301.0,115.0,Not Applicable,Not Applicable,No,Not Applicable,561,Cash,9,4.8,5.0
2024-07-24 23:23:00,CNR1963280797,Success,CID917199,Bike,Mysore Road,Kammanahalli,252.0,90.0,Not Applicable,Not Applicable,No,Not Applicable,896,UPI,34,4.6,3.4
2024-07-02 14:14:00,CNR5044963185,Success,CID301453,Auto,Yeshwanthpur,Ulsoor,168.0,115.0,Not Applicable,Not Applicable,No,Not Applicable,471,UPI,7,4.8,3.6
2024-07-25 12:12:00,CNR4231871195,Success,CID371244,Bike,Malleshwaram,Yelahanka,266.0,120.0,Not Applicable,Not Applicable,No,Not Applicable,350,UPI,34,4.5,4.6
2024-07-15 22:12:00,CNR4282803993,Canceled by Driver,CID129151,Auto,Frazer Town,HSR Layout,,,Not Applicable,Personal & Car related issue,Not Applicable,Not Applicable,357,Not Applicable,0,,
2024-07-03 17:48:00,CNR2245933538,Driver Not Found,CID645427,Bike,Hosur Road,HSR Layout,,,Not Applicable,Not Applicable,Not Applicable,Not Applicable,149,Not Applicable,0,,
2024-07-14 16:51:00,CNR7985453817,Driver Not Found,CID793086,Bike,Jayanagar,Basavanagudi,,,Not Applicable,Not Applicable,Not Applicable,Not Applicable,261,Not Applicable,0,,
2024-07-05 06:39:00,CNR9205044982,Success,CID484078,Prime Sedan,Kadugodi,Chamarajpet,161.0,75.0,Not Applicable,Not Applicable,No,Not Applicable,445,Cash,16,4.0,3.9
2024-07-23 09:01:00,CNR8535402476,Success,CID410443,Bike,Chamarajpet,Chamarajpet,294.0,40.0,Not Applicable,Not Applicable,No,Not Applicable,239,Cash,15,3.4,3.5
2024-07-23 06:36:00,CNR5219702455,Driver Not Found,CID671058,Prime Sedan,Rajajinagar,Rajajinagar,,,Not Applicable,Not Applicable,Not Applicable,Not Applicable,517,Not Applicable,0,,
2024-07-19 21:06:00,CNR5976777942,Success,CID892814,Bike,Nagarbhavi,Shantinagar,224.0,25.0,Not Applicable,Not Applicable,No,Not Applicable,500,UPI,8,3.8,3.0
2024-07-23 22:01:00,CNR6355697056,Canceled by Driver,CID464880,Prime Plus,Sahakar Nagar,HSR Layout,,,Not Applicable,Customer related issue,Not Applicable,Not Applicable,246,Not Applicable,0,,
2024-07-14 18:10:00,CNR7046597404,Canceled by Driver,CID511261,Auto,Vijayanagar,Kengeri,,,Not Applicable,Customer was coughing/sick,Not Applicable,Not Applicable,535,Not Applicable,0,,
2024-07-11 23:17:00,CNR4583571269,Driver Not Found,CID818471,Bike,Shantinagar,KR Puram,,,Not Applicable,Not Applicable,Not Applicable,Not Applicable,242,Not Applicable,0,,
2024-07-03 17:41:00,CNR3396367146,Success,CID446057,Mini,Chamarajpet,MG Road,168.0,125.0,Not Applicable,Not Applicable,No,Not Applicable,1081,Cash,46,4.5,3.4
2024-07-27 15:39:00,CNR4833834296,Success,CID158935,Mini,Hulimavu,Kammanahalli,126.0,95.0,Not Applicable,Not Applicable,No,Not Applicable,214,Cash,25,3.8,4.0
2024-07-12 19:42:00,CNR6610708507,Canceled by Customer,CID236395,Prime SUV,Cox Town,Devanahalli,,,Driver asked to cancel,Not Applicable,Not Applicable,Not Applicable,932,Not Applicable,0,,
2024-07-18 09:27:00,CNR4433592470,Success,CID184724,eBike,Frazer Town,Banashankari,175.0,70.0,Not Applicable,Not Applicable,No,Not Applicable,656,Cash,38,3.7,4.1
2024-07-01 18:45:00,CNR5881021473,Success,CID914357,Prime Plus,Sahakar Nagar,Mysore Road,308.0,130.0,Not Applicable,Not Applicable,No,Not Applicable,972,Cash,43,3.5,3.1
2024-07-11 20:47:00,CNR5878935886,Canceled by Driver,CID647881,Auto,Langford Town,Chickpet,,,Not Applicable,Customer was coughing/sick,Not Applicable,Not Applicable,479,Not Applicable,0,,
2024-07-06 02:35:00,CNR5141078789,Canceled by Driver,CID821235,Bike,Rajarajeshwari Nagar,RT Nagar,,,Not Applicable,Customer related issue,Not Applicable,Not Applicable,475,Not Applicable,0,,
2024-07-09 19:21:00,CNR7087921116,Success,CID651270,Prime Sedan,MG Road,Magadi Road,119.0,65.0,Not Applicable,Not Applicable,No,Not Applicable,301,UPI,22,4.6,3.2
2024-07-24 15:52:00,CNR2135974185,Driver Not Found,CID489132,Bike,Ulsoor,Magadi Road,,,Not Applicable,Not Applicable,Not Applicable,Not Applicable,251,Not Applicable,0,,
2024-07-20 17:02:00,CNR7465432839,Success,CID969194,Mini,HSR Layout,Chamarajpet,77.0,140.0,Not Applicable,Not Applicable,No,Not Applicable,650,Cash,7,3.7,4.2
2024-07-11 04:54:00,CNR9100820936,Success,CID680215,eBike,Padmanabhanagar,Magadi Road,84.0,65.0,Not Applicable,Not Applicable,No,Not Applicable,316,Cash,40,4.8,3.2
2024-07-07 16:23:00,CNR4428264131,Success,CID269553,Bike,Koramangala,RT Nagar,210.0,65.0,Not Applicable,Not Applicable,No,Not Applicable,594,UPI,11,3.2,5.0
2024-07-04 22:03:00,CNR2427261588,Success,CID638625,eBike,Hebbal,Sarjapur Road,308.0,95.0,Not Applicable,Not Applicable,No,Not Applicable,259,Credit Card,40,4.6,4.3
2024-07-27 22:11:00,CNR4185579080,Success,CID824296,Prime Sedan,JP Nagar,Banashankari,119.0,95.0,Not Applicable,Not Applicable,No,Not Applicable,336,UPI,44,4.5,4.6
2024-07-03 10:58:00,CNR8822683198,Success,CID589468,Prime SUV,Kammanahalli,Whitefield,210.0,140.0,Not Applicable,Not Applicable,No,Not Applicable,216,Cash,2,4.3,5.0
2024-07-24 05:51:00,CNR5904802838,Success,CID233025,Prime SUV,Vijayanagar,Tumkur Road,287.0,130.0,Not Applicable,Not Applicable,No,Not Applicable,312,Cash,6,4.8,4.4
2024-07-14 03:03:00,CNR9143196412,Driver Not Found,CID393112,Auto,BTM Layout,Yelahanka,,,Not Applicable,Not Applicable,Not Applicable,Not Applicable,101,Not Applicable,0,,
2024-07-15 17:02:00,CNR3686976520,Success,CID170206,eBike,JP Nagar,Marathahalli,77.0,60.0,Not Applicable,Not Applicable,No,Not Applicable,472,Credit Card,19,3.9,3.8
2024-07-15 21:15:00,CNR2642917824,Success,CID800732,eBike,HSR Layout,Mysore Road,154.0,65.0,Not Applicable,Not Applicable,No,Not Applicable,2129,UPI,35,3.6,4.0
2024-07-11 17:01:00,CNR7044846887,Success,CID278399,Prime Sedan,Hebbal,RT Nagar,147.0,130.0,Not Applicable,Not Applicable,No,Not Applicable,232,Cash,48,3.4,3.0
2024-07-04 03:29:00,CNR6031979877,Success,CID689943,Mini,Kadugodi,Hennur,252.0,40.0,Not Applicable,Not Applicable,No,Not Applicable,227,UPI,16,4.0,3.7
2024-07-10 23:17:00,CNR5385498633,Success,CID480973,eBike,Rajarajeshwari Nagar,Koramangala,280.0,70.0,Not Applicable,Not Applicable,No,Not Applicable,263,Cash,45,4.9,3.6
2024-07-28 04:10:00,CNR5168294723,Canceled by Driver,CID966036,eBike,Majestic,HSR Layout,,,Not Applicable,Customer was coughing/sick,Not Applicable,Not Applicable,103,Not Applicable,0,,
2024-07-29 01:17:00,CNR2773691345,Success,CID288605,Prime SUV,Vijayanagar,KR Puram,168.0,80.0,Not Applicable,Not Applicable,No,Not Applicable,205,UPI,45,4.2,4.5
2024-07-07 09:37:00,CNR1293677072,Success,CID128875,Mini,Koramangala,Rajajinagar,154.0,25.0,Not Applicable,Not Applicable,No,Not Applicable,106,Cash,36,4.5,4.3
2024-07-24 20:46:00,CNR7151670654,Success,CID685139,Bike,Kengeri,Peenya,63.0,35.0,Not Applicable,Not Applicable,No,Not Applicable,243,Cash,6,3.3,4.8
2024-07-18 20:47:00,CNR3307996614,Success,CID905544,Auto,Mysore Road,Peenya,161.0,125.0,Not Applicable,Not Applicable,No,Not Applicable,170,Cash,10,3.8,3.3
2024-07-06 01:44:00,CNR6798986478,Canceled by Driver,CID570201,eBike,Electronic City,Hosur Road,,,Not Applicable,Personal & Car related issue,Not Applicable,Not Applicable,642,Not Applicable,0,,
2024-07-08 23:40:00,CNR3590818087,Success,CID519670,eBike,Ramamurthy Nagar,MG Road,266.0,100.0,Not Applicable,Not Applicable,No,Not Applicable,661,Cash,49,3.1,3.2
2024-07-24 12:36:00,CNR8998941054,Success,CID159173,Prime Sedan,Yelahanka,Mysore Road,84.0,125.0,Not Applicable,Not Applicable,No,Not Applicable,484,Cash,23,3.4,3.0
2024-07-26 21:59:00,CNR5537546286,Success,CID999733,eBike,Koramangala,Peenya,119.0,95.0,Not Applicable,Not Applicable,No,Not Applicable,161,Cash,29,4.0,4.2
2024-07-04 10:55:00,CNR9238065733,Success,CID147376,eBike,Bellandur,Indiranagar,70.0,55.0,Not Applicable,Not Applicable,No,Not Applicable,241,UPI,3,4.5,4.8
2024-07-22 09:50:00,CNR3783182226,Success,CID435086,Prime Sedan,Magadi Road,Marathahalli,147.0,140.0,Not Applicable,Not Applicable,No,Not Applicable,170,Cash,4,4.2,3.2
2024-07-04 03:42:00,CNR6472864297,Canceled by Customer,CID969108,Prime Sedan,Ulsoor,Vijayanagar,,,AC is Not working,Not Applicable,Not Applicable,Not Applicable,132,Not Applicable,0,,
2024-07-04 23:02:00,CNR5307520166,Success,CID405948,Prime SUV,Hulimavu,Shivajinagar,77.0,35.0,Not Applicable,Not Applicable,No,Not Applicable,358,UPI,12,3.1,4.1
2024-07-15 07:24:00,CNR2221834021,Success,CID603718,Auto,Sahakar Nagar,Mysore Road,224.0,140.0,Not Applicable,Not Applicable,No,Not Applicable,445,UPI,15,3.1,3.2
2024-07-20 08:23:00,CNR5149762553,Success,CID544181,Bike,MG Road,Hulimavu,203.0,30.0,Not Applicable,Not Applicable,No,Not Applicable,263,Cash,8,4.5,3.5
2024-07-08 07:29:00,CNR1582890286,Success,CID763504,eBike,Kadugodi,Kengeri,252.0,90.0,Not Applicable,Not Applicable,No,Not Applicable,549,UPI,2,4.9,3.8
2024-07-23 01:53:00,CNR6690557549,Success,CID139179,Auto,Whitefield,Bannerghatta Road,154.0,75.0,Not Applicable,Not Applicable,No,Not Applicable,401,UPI,4,3.8,3.1
2024-07-02 06:52:00,CNR9682720545,Canceled by Driver,CID369650,Prime SUV,Rajarajeshwari Nagar,Peenya,,,Not Applicable,Personal & Car related issue,Not Applicable,Not Applicable,252,Not Applicable,0,,
2024-07-12 14:41:00,CNR4936181818,Success,CID362399,Prime Plus,Nagarbhavi,Cox Town,49.0,35.0,Not Applicable,Not Applicable,No,Not Applicable,389,Cash,1,4.1,3.8
2024-07-30 09:23:00,CNR8943085776,Success,CID410769,Bike,Hebbal,Kadugodi,273.0,110.0,Not Applicable,Not Applicable,No,Not Applicable,905,Cash,30,3.7,3.5
2024-07-16 04:58:00,CNR8843103030,Driver Not Found,CID392721,Mini,Electronic City,Rajajinagar,,,Not Applicable,Not Applicable,Not Applicable,Not Applicable,658,Not Applicable,0,,
2024-07-10 05:38:00,CNR3954203814,Success,CID980399,eBike,Yeshwanthpur,Rajajinagar,77.0,55.0,Not Applicable,Not Applicable,No,Not Applicable,240,Cash,1,4.1,4.4
2024-07-20 01:49:00,CNR3123367105,Canceled by Driver,CID528939,Mini,Cox Town,MG Road,,,Not Applicable,Personal & Car related issue,Not Applicable,Not Applicable,519,Not Applicable,0,,
2024-07-14 21:32:00,CNR9155124342,Success,CID441173,Mini,Hennur,Koramangala,210.0,40.0,Not Applicable,Not Applicable,No,Not Applicable,318,UPI,24,4.8,4.6
2024-07-02 20:23:00,CNR9330416816,Success,CID145150,Mini,Hosur Road,Langford Town,56.0,25.0,Not Applicable,Not Applicable,No,Not Applicable,894,Cash,16,4.2,3.6
2024-07-03 13:39:00,CNR1574911216,Canceled by Driver,CID864452,Bike,JP Nagar,Cox Town,,,Not Applicable,More than permitted people in there,Not Applicable,Not Applicable,168,Not Applicable,0,,
2024-07-12 12:33:00,CNR4792843491,Canceled by Driver,CID482457,Prime SUV,JP Nagar,Ulsoor,,,Not Applicable,Customer was coughing/sick,Not Applicable,Not Applicable,414,Not Applicable,0,,
2024-07-16 07:09:00,CNR5726020785,Success,CID483610,eBike,Varthur,Yelahanka,224.0,30.0,Not Applicable,Not Applicable,No,Not Applicable,403,Cash,38,4.2,4.4
2024-07-24 17:53:00,CNR7078025037,Canceled by Driver,CID731863,Mini,Tumkur Road,Majestic,,,Not Applicable,More than permitted people in there,Not Applicable,Not Applicable,237,Not Applicable,0,,
2024-07-19 17:18:00,CNR6938008346,Success,CID509508,Auto,Chickpet,Hosur Road,182.0,140.0,Not Applicable,Not Applicable,No,Not Applicable,216,UPI,16,4.2,4.3
2024-07-09 14:29:00,CNR5269774654,Success,CID444350,Auto,Rajarajeshwari Nagar,JP Nagar,112.0,100.0,Not Applicable,Not Applicable,No,Not Applicable,359,Cash,15,4.8,4.4
2024-07-09 11:33:00,CNR6437094090,Success,CID259333,Mini,Chamarajpet,Devanahalli,294.0,85.0,Not Applicable,Not Applicable,No,Not Applicable,337,Cash,23,4.8,4.9
2024-07-05 00:05:00,CNR9029314713,Canceled by Customer,CID965005,Bike,Indiranagar,Hulimavu,,,Wrong Address,Not Applicable,Not Applicable,Not Applicable,308,Not Applicable,0,,
2024-07-24 20:07:00,CNR1434939962,Success,CID239781,eBike,Sarjapur Road,Hulimavu,182.0,130.0,Not Applicable,Not Applicable,No,Not Applicable,258,UPI,7,3.3,4.3
2024-07-08 21:04:00,CNR5882217121,Canceled by Customer,CID201418,Prime Sedan,Nagarbhavi,Ulsoor,,,Driver asked to cancel,Not Applicable,Not Applicable,Not Applicable,324,Not Applicable,0,,
2024-07-02 15:27:00,CNR3640503401,Canceled by Driver,CID657381,Prime SUV,Chickpet,BTM Layout,,,Not Applicable,Personal & Car related issue,Not Applicable,Not Applicable,121,Not Applicable,0,,
2024-07-29 01:51:00,CNR4466797222,Canceled by Customer,CID117070,Bike,Sarjapur Road,Banashankari,,,Driver is not moving towards pickup location,Not Applicable,Not Applicable,Not Applicable,148,Not Applicable,0,,
2024-07-01 09:09:00,CNR2678024948,Success,CID681436,Mini,Indiranagar,Tumkur Road,84.0,60.0,Not Applicable,Not Applicable,No,Not Applicable,440,Cash,39,4.8,3.9
2024-07-26 20:47:00,CNR3043032025,Success,CID615268,Auto,Sahakar Nagar,Kengeri,154.0,135.0,Not Applicable,Not Applicable,No,Not Applicable,415,Cash,14,3.3,4.7
2024-07-16 12:54:00,CNR9593255769,Driver Not Found,CID412251,Bike,KR Puram,Devanahalli,,,Not Applicable,Not Applicable,Not Applicable,Not Applicable,340,Not Applicable,0,,
2024-07-26 07:09:00,CNR8907587708,Success,CID134436,Mini,Bellandur,BTM Layout,175.0,60.0,Not Applicable,Not Applicable,No,Not Applicable,252,Cash,42,4.5,3.7
2024-07-11 00:21:00,CNR9945233915,Success,CID395155,Prime Sedan,Rajajinagar,Rajarajeshwari Nagar,273.0,80.0,Not Applicable,Not Applicable,No,Not Applicable,434,UPI,44,3.1,4.4
2024-07-15 17:49:00,CNR1828859432,Canceled by Driver,CID454566,Prime Plus,RT Nagar,Majestic,,,Not Applicable,Customer was coughing/sick,Not Applicable,Not Applicable,465,Not Applicable,0,,
2024-07-17 20:21:00,CNR4267774786,Canceled by Driver,CID471382,Prime Plus,MG Road,Shantinagar,,,Not Applicable,Customer related issue,Not Applicable,Not Applicable,1812,Not Applicable,0,,
2024-07-30 17:19:00,CNR5911377246,Success,CID736551,Bike,HSR Layout,Shantinagar,70.0,65.0,Not Applicable,Not Applicable,No,Not Applicable,280,Cash,15,4.5,4.5
2024-07-30 21:00:00,CNR7839604434,Success,CID497194,Prime Sedan,Padmanabhanagar,Shivajinagar,105.0,70.0,Not Applicable,Not Applicable,No,Not Applicable,469,Debit Card,26,3.4,3.4
2024-07-22 01:42:00,CNR8294511469,Canceled by Driver,CID178676,Mini,BTM Layout,Kengeri,,,Not Applicable,Personal & Car related issue,Not Applicable,Not Applicable,499,Not Applicable,0,,
2024-07-21 01:57:00,CNR5436180849,Success,CID486437,Prime Plus,Cox Town,Yeshwanthpur,210.0,125.0,Not Applicable,Not Applicable,No,Not Applicable,138,Cash,1,4.0,4.2
2024-07-02 23:04:00,CNR1025799684,Success,CID578393,Prime SUV,Electronic City,Frazer Town,273.0,95.0,Not Applicable,Not Applicable,No,Not Applicable,866,UPI,39,4.4,4.3
2024-07-24 22:31:00,CNR9301486197,Success,CID262983,Prime Sedan,Nagarbhavi,Bellandur,259.0,95.0,Not Applicable,Not Applicable,No,Not Applicable,2239,UPI,11,3.4,3.6
2024-07-18 00:07:00,CNR4979634949,Success,CID885577,Prime Plus,Ulsoor,Banashankari,84.0,145.0,Not Applicable,Not Applicable,No,Not Applicable,147,UPI,23,3.9,3.6
2024-07-08 11:24:00,CNR9136565423,Success,CID617763,Auto,Magadi Road,Vijayanagar,98.0,125.0,Not Applicable,Not Applicable,No,Not Applicable,255,UPI,19,3.9,3.7
2024-07-25 07:07:00,CNR3092356658,Canceled by Driver,CID536745,Prime Sedan,Indiranagar,Majestic,,,Not Applicable,Personal & Car related issue,Not Applicable,Not Applicable,642,Not Applicable,0,,
2024-07-27 04:09:00,CNR5710666127,Success,CID614090,eBike,Ramamurthy Nagar,Cox Town,189.0,85.0,Not Applicable,Not Applicable,No,Not Applicable,2568,UPI,41,3.3,4.0
2024-07-17 17:57:00,CNR2685629807,Success,CID715909,Prime Plus,Nagarbhavi,Rajarajeshwari Nagar,147.0,50.0,Not Applicable,Not Applicable,No,Not Applicable,713,Cash,29,3.6,3.8
2024-07-11 10:15:00,CNR9685039226,Canceled by Driver,CID658219,eBike,RT Nagar,Chickpet,,,Not Applicable,More than permitted people in there,Not Applicable,Not Applicable,468,Not Applicable,0,,
2024-07-06 04:16:00,CNR7383874153,Success,CID991529,Prime Plus,Malleshwaram,Sahakar Nagar,238.0,145.0,Not Applicable,Not Applicable,No,Not Applicable,268,Cash,45,4.6,4.7
2024-07-13 19:06:00,CNR2555728738,Success,CID798501,Bike,Banashankari,Mysore Road,203.0,35.0,Not Applicable,Not Applicable,No,Not Applicable,275,Cash,10,4.4,3.1
2024-07-12 11:52:00,CNR6938162996,Success,CID778665,eBike,Basavanagudi,Hennur,91.0,105.0,Not Applicable,Not Applicable,No,Not Applicable,368,Cash,6,3.6,4.1
2024-07-13 21:37:00,CNR4785823239,Canceled by Customer,CID451198,Prime Plus,Chamarajpet,Devanahalli,,,AC is Not working,Not Applicable,Not Applicable,Not Applicable,136,Not Applicable,0,,
2024-07-28 21:36:00,CNR4125065029,Success,CID568869,Prime Sedan,HSR Layout,Padmanabhanagar,301.0,65.0,Not Applicable,Not Applicable,No,Not Applicable,465,Cash,7,3.8,3.1
2024-07-14 19:29:00,CNR3266192936,Success,CID708589,Prime Sedan,Rajarajeshwari Nagar,BTM Layout,308.0,40.0,Not Applicable,Not Applicable,No,Not Applicable,305,UPI,38,3.4,4.5
2024-07-15 03:10:00,CNR3324977434,Canceled by Driver,CID842977,eBike,Padmanabhanagar,Sahakar Nagar,,,Not Applicable,More than permitted people in there,Not Applicable,Not Applicable,427,Not Applicable,0,,
2024-07-11 01:04:00,CNR1237179626,Driver Not Found,CID170831,eBike,Kammanahalli,Chamarajpet,,,Not Applicable,Not Applicable,Not Applicable,Not Applicable,346,Not Applicable,0,,
2024-07-08 06:20:00,CNR4516731927,Success,CID883061,Prime Sedan,BTM Layout,Varthur,196.0,95.0,Not Applicable,Not Applicable,No,Not Applicable,405,UPI,17,3.8,3.2
2024-07-03 12:15:00,CNR7011669674,Success,CID482028,Mini,Tumkur Road,Tumkur Road,273.0,110.0,Not Applicable,Not Applicable,No,Not Applicable,653,UPI,31,3.7,3.3
2024-07-07 07:51:00,CNR3100779422,Canceled by Driver,CID319986,Bike,Devanahalli,Bannerghatta Road,,,Not Applicable,Customer related issue,Not Applicable,Not Applicable,477,Not Applicable,0,,
2024-07-20 22:56:00,CNR7436807308,Driver Not Found,CID130957,Bike,Vijayanagar,RT Nagar,,,Not Applicable,Not Applicable,Not Applicable,Not Applicable,265,Not Applicable,0,,
2024-07-11 15:25:00,CNR5776000084,Success,CID999484,Auto,Langford Town,Malleshwaram,168.0,140.0,Not Applicable,Not Applicable,No,Not Applicable,663,Cash,11,4.2,4.8
2024-07-03 15:22:00,CNR3635664980,Canceled by Driver,CID366678,Prime Sedan,Ulsoor,Bellandur,,,Not Applicable,Customer related issue,Not Applicable,Not Applicable,330,Not Applicable,0,,
2024-07-28 08:29:00,CNR1122262657,Canceled by Driver,CID155804,Mini,Whitefield,Ramamurthy Nagar,,,Not Applicable,Customer related issue,Not Applicable,Not Applicable,299,Not Applicable,0,,
2024-07-29 19:35:00,CNR3452596801,Success,CID467332,eBike,Whitefield,Langford Town,245.0,105.0,Not Applicable,Not Applicable,No,Not Applicable,215,Cash,11,4.1,3.2
2024-07-09 00:16:00,CNR5790597452,Success,CID848783,Mini,Ramamurthy Nagar,Yelahanka,154.0,130.0,Not Applicable,Not Applicable,No,Not Applicable,394,Cash,1,3.2,4.0
2024-07-01 22:25:00,CNR4737086417,Canceled by Driver,CID732220,Auto,Devanahalli,Mysore Road,,,Not Applicable,Personal & Car related issue,Not Applicable,Not Applicable,483,Not Applicable,0,,
2024-07-18 02:46:00,CNR2930601030,Success,CID228283,Auto,Mysore Road,Whitefield,56.0,60.0,Not Applicable,Not Applicable,No,Not Applicable,298,UPI,13,4.7,4.6
2024-07-24 05:03:00,CNR1764037314,Success,CID326844,Prime Plus,Shantinagar,Devanahalli,224.0,45.0,Not Applicable,Not Applicable,No,Not Applicable,774,Cash,18,3.4,4.9
2024-07-22 06:13:00,CNR3500888888,Canceled by Driver,CID917589,Prime SUV,JP Nagar,Devanahalli,,,Not Applicable,Customer was coughing/sick,Not Applicable,Not Applicable,2454,Not Applicable,0,,
2024-07-20 14:34:00,CNR4494189828,Driver Not Found,CID846682,eBike,Frazer Town,Banashankari,,,Not Applicable,Not Applicable,Not Applicable,Not Applicable,165,Not Applicable,0,,
2024-07-07 07:43:00,CNR2707342720,Driver Not Found,CID620464,Prime SUV,Hulimavu,Ulsoor,,,Not Applicable,Not Applicable,Not Applicable,Not Applicable,294,Not Applicable,0,,
2024-07-09 13:09:00,CNR4463347223,Success,CID367156,Auto,Devanahalli,Shantinagar,266.0,60.0,Not Applicable,Not Applicable,No,Not Applicable,353,UPI,18,4.0,3.3
2024-07-08 12:20:00,CNR7194464152,Success,CID394906,Bike,Magadi Road,Rajajinagar,105.0,145.0,Not Applicable,Not Applicable,No,Not Applicable,1852,Credit Card,5,4.4,4.6
2024-07-26 11:29:00,CNR4787405274,Canceled by Driver,CID638458,Prime Sedan,Malleshwaram,Peenya,,,Not Applicable,Customer related issue,Not Applicable,Not Applicable,1371,Not Applicable,0,,
2024-07-11 05:46:00,CNR5066311648,Driver Not Found,CID928634,Prime Sedan,Chickpet,Bannerghatta Road,,,Not Applicable,Not Applicable,Not Applicable,Not Applicable,457,Not Applicable,0,,
2024-07-03 18:36:00,CNR9169432553,Success,CID277097,Auto,Jayanagar,Hebbal,196.0,115.0,Not Applicable,Not Applicable,No,Not Applicable,1393,UPI,11,4.7,3.4
2024-07-22 05:34:00,CNR7518082427,Success,CID631509,Mini,Kengeri,Hennur,161.0,70.0,Not Applicable,Not Applicable,No,Not Applicable,876,UPI,16,3.7,5.0
2024-07-18 19:21:00,CNR6685690456,Success,CID712599,Prime Plus,Whitefield,Rajajinagar,287.0,60.0,Not Applicable,Not Applicable,No,Not Applicable,2332,Credit Card,14,3.9,3.2
2024-07-19 09:47:00,CNR4729106358,Canceled by Customer,CID687495,Mini,Chickpet,Hennur,,,Wrong Address,Not Applicable,Not Applicable,Not Applicable,464,Not Applicable,0,,
2024-07-30 00:13:00,CNR8247246423,Success,CID375199,eBike,Cox Town,Ramamurthy Nagar,161.0,40.0,Not Applicable,Not Applicable,No,Not Applicable,188,Cash,3,4.2,4.9
2024-07-24 10:57:00,CNR6132340764,Canceled by Driver,CID964666,Auto,Devanahalli,Vijayanagar,,,Not Applicable,Customer was coughing/sick,Not Applicable,Not Applicable,137,Not Applicable,0,,
2024-07-26 04:52:00,CNR2793781507,Success,CID167073,Prime Plus,Kammanahalli,Yeshwanthpur,161.0,55.0,Not Applicable,Not Applicable,No,Not Applicable,817,UPI,36,4.2,3.7
2024-07-24 07:53:00,CNR3635108341,Success,CID234761,Mini,Mysore Road,Rajajinagar,210.0,135.0,Not Applicable,Not Applicable,No,Not Applicable,813,Cash,41,4.3,4.1
2024-07-02 19:06:00,CNR2220989085,Canceled by Driver,CID881713,Mini,Yeshwanthpur,BTM Layout,,,Not Applicable,Personal & Car related issue,Not Applicable,Not Applicable,2570,Not Applicable,0,,
2024-07-22 13:28:00,CNR7617348338,Success,CID732820,Prime Sedan,Yeshwanthpur,Marathahalli,112.0,70.0,Not Applicable,Not Applicable,No,Not Applicable,493,UPI,10,4.2,3.2
2024-07-11 08:24:00,CNR9540867273,Driver Not Found,CID510013,Prime Plus,JP Nagar,Kammanahalli,,,Not Applicable,Not Applicable,Not Applicable,Not Applicable,425,Not Applicable,0,,
2024-07-18 05:41:00,CNR5308470112,Success,CID560974,Auto,Marathahalli,Hebbal,91.0,100.0,Not Applicable,Not Applicable,No,Not Applicable,680,Cash,1,4.9,3.6
2024-07-01 20:51:00,CNR3834206799,Success,CID727361,Auto,Jayanagar,BTM Layout,259.0,70.0,Not Applicable,Not Applicable,No,Not Applicable,479,Cash,7,3.7,4.6
2024-07-18 18:56:00,CNR9572441931,Success,CID197501,Prime Sedan,HSR Layout,Mysore Road,301.0,110.0,Not Applicable,Not Applicable,No,Not Applicable,425,Cash,35,3.4,4.6
2024-07-15 05:48:00,CNR5033833604,Success,CID432634,Bike,Frazer Town,Malleshwaram,196.0,100.0,Not Applicable,Not Applicable,No,Not Applicable,422,Cash,39,4.8,3.5
2024-07-01 06:35:00,CNR8470536961,Success,CID493074,Prime SUV,Whitefield,Majestic,98.0,65.0,Not Applicable,Not Applicable,No,Not Applicable,2972,UPI,10,4.8,3.6
2024-07-03 04:20:00,CNR4496361166,Canceled by Customer,CID367567,Bike,Malleshwaram,Sarjapur Road,,,Wrong Address,Not Applicable,Not Applicable,Not Applicable,352,Not Applicable,0,,
2024-07-20 16:21:00,CNR9214444327,Canceled by Driver,CID768348,Prime Plus,Mysore Road,Langford Town,,,Not Applicable,Customer related issue,Not Applicable,Not Applicable,493,Not Applicable,0,,
2024-07-24 23:30:00,CNR9513514655,Driver Not Found,CID617890,Prime SUV,Shantinagar,Kengeri,,,Not Applicable,Not Applicable,Not Applicable,Not Applicable,326,Not Applicable,0,,
2024-07-29 01:24:00,CNR2482765704,Driver Not Found,CID473015,Mini,JP Nagar,Chickpet,,,Not Applicable,Not Applicable,Not Applicable,Not Applicable,121,Not Applicable,0,,
2024-07-27 03:59:00,CNR4220446135,Canceled by Driver,CID272674,Mini,Yeshwanthpur,RT Nagar,,,Not Applicable,Personal & Car related issue,Not Applicable,Not Applicable,177,Not Applicable,0,,
2024-07-29 01:16:00,CNR2377256599,Success,CID984286,Mini,Cox Town,Sarjapur Road,42.0,75.0,Not Applicable,Not Applicable,No,Not Applicable,332,Cash,1,3.0,3.9
2024-07-25 10:01:00,CNR7652912754,Canceled by Customer,CID153542,Bike,Bannerghatta Road,Majestic,,,Driver is not moving towards pickup location,Not Applicable,Not Applicable,Not Applicable,2868,Not Applicable,0,,
2024-07-30 18:38:00,CNR2528889663,Driver Not Found,CID732816,eBike,Devanahalli,Shivajinagar,,,Not Applicable,Not Applicable,Not Applicable,Not Applicable,133,Not Applicable,0,,
2024-07-09 23:16:00,CNR5798159771,Success,CID817315,Mini,Bellandur,Bannerghatta Road,210.0,125.0,Not Applicable,Not Applicable,No,Not Applicable,161,Cash,42,4.5,3.6
2024-07-26 10:45:00,CNR1928879831,Success,CID896828,Prime SUV,Electronic City,Mysore Road,84.0,75.0,Not Applicable,Not Applicable,No,Not Applicable,174,UPI,20,3.5,3.6
2024-07-12 07:19:00,CNR3940945821,Success,CID737285,Bike,Yeshwanthpur,Kadugodi,70.0,45.0,Not Applicable,Not Applicable,No,Not Applicable,497,Cash,45,4.0,3.9
2024-07-08 11:21:00,CNR8378455438,Canceled by Driver,CID600223,Mini,Yeshwanthpur,Shivajinagar,,,Not Applicable,Customer related issue,Not Applicable,Not Applicable,1121,Not Applicable,0,,
2024-07-12 02:36:00,CNR2190974509,Canceled by Driver,CID948725,eBike,Majestic,Mysore Road,,,Not Applicable,Customer was coughing/sick,Not Applicable,Not Applicable,408,Not Applicable,0,,
2024-07-11 13:56:00,CNR4624853871,Success,CID998384,eBike,MG Road,Rajarajeshwari Nagar,140.0,80.0,Not Applicable,Not Applicable,No,Not Applicable,255,Cash,48,4.9,3.1
2024-07-12 22:53:00,CNR9366348439,Success,CID512734,Auto,Indiranagar,Marathahalli,301.0,30.0,Not Applicable,Not Applicable,No,Not Applicable,466,Cash,17,3.6,4.2
2024-07-13 16:30:00,CNR3615229230,Canceled by Driver,CID359088,Prime Plus,Rajajinagar,BTM Layout,,,Not Applicable,More than permitted people in there,Not Applicable,Not Applicable,405,Not Applicable,0,,
2024-07-30 19:12:00,CNR9295577585,Canceled by Driver,CID803074,Auto,Tumkur Road,Hebbal,,,Not Applicable,Customer was coughing/sick,Not Applicable,Not Applicable,484,Not Applicable,0,,
2024-07-18 05:14:00,CNR3995589055,Driver Not Found,CID971256,eBike,Frazer Town,Kadugodi,,,Not Applicable,Not Applicable,Not Applicable,Not Applicable,408,Not Applicable,0,,
2024-07-16 11:43:00,CNR7016935066,Canceled by Customer,CID623150,Prime SUV,Kengeri,Electronic City,,,Driver asked to cancel,Not Applicable,Not Applicable,Not Applicable,210,Not Applicable,0,,
2024-07-05 21:33:00,CNR9946375553,Driver Not Found,CID437186,Bike,Hosur Road,Basavanagudi,,,Not Applicable,Not Applicable,Not Applicable,Not Applicable,388,Not Applicable,0,,
2024-07-07 12:00:00,CNR7562733887,Canceled by Driver,CID148085,Prime SUV,Yelahanka,Rajajinagar,,,Not Applicable,Customer was coughing/sick,Not Applicable,Not Applicable,338,Not Applicable,0,,
2024-07-16 12:15:00,CNR8159717676,Canceled by Customer,CID225942,Mini,Yelahanka,Peenya,,,Driver is not moving towards pickup location,Not Applicable,Not Applicable,Not Applicable,2829,Not Applicable,0,,
2024-07-07 21:13:00,CNR3423669189,Canceled by Driver,CID290527,eBike,Hennur,Yeshwanthpur,,,Not Applicable,Customer was coughing/sick,Not Applicable,Not Applicable,972,Not Applicable,0,,
2024-07-30 16:00:00,CNR1524933299,Success,CID406086,Prime Sedan,Jayanagar,KR Puram,112.0,90.0,Not Applicable,Not Applicable,No,Not Applicable,516,UPI,2,4.4,4.7
2024-07-26 13:52:00,CNR5447602355,Success,CID308632,Prime Sedan,Indiranagar,Malleshwaram,154.0,115.0,Not Applicable,Not Applicable,No,Not Applicable,660,Cash,46,5.0,4.4
2024-07-06 15:35:00,CNR7934192151,Success,CID591753,Prime Sedan,Langford Town,Indiranagar,259.0,95.0,Not Applicable,Not Applicable,No,Not Applicable,190,Cash,44,4.1,3.0
2024-07-22 06:54:00,CNR7311964296,Canceled by Driver,CID745962,Prime SUV,Rajajinagar,Indiranagar,,,Not Applicable,Personal & Car related issue,Not Applicable,Not Applicable,177,Not Applicable,0,,
2024-07-01 20:18:00,CNR4238311514,Success,CID134185,Bike,Malleshwaram,Marathahalli,294.0,30.0,Not Applicable,Not Applicable,No,Not Applicable,227,Cash,5,3.7,3.5
2024-07-18 21:13:00,CNR8045680612,Driver Not Found,CID965465,Prime Plus,Chamarajpet,Hennur,,,Not Applicable,Not Applicable,Not Applicable,Not Applicable,306,Not Applicable,0,,
2024-07-19 07:50:00,CNR7106587422,Canceled by Driver,CID518697,Prime SUV,Sarjapur Road,Bannerghatta Road,,,Not Applicable,Customer related issue,Not Applicable,Not Applicable,385,Not Applicable,0,,
2024-07-01 00:13:00,CNR2649364148,Success,CID328277,Prime SUV,Marathahalli,Devanahalli,98.0,55.0,Not Applicable,Not Applicable,No,Not Applicable,395,Cash,16,3.9,4.3
2024-07-17 09:17:00,CNR7731270653,Driver Not Found,CID264877,Prime SUV,Hebbal,Koramangala,,,Not Applicable,Not Applicable,Not Applicable,Not Applicable,441,Not Applicable,0,,
2024-07-25 00:52:00,CNR9879498801,Canceled by Customer,CID452707,eBike,BTM Layout,Kammanahalli,,,Change of plans,Not Applicable,Not Applicable,Not Applicable,207,Not Applicable,0,,
2024-07-30 00:32:00,CNR6460886345,Success,CID551761,eBike,Kammanahalli,Jayanagar,84.0,95.0,Not Applicable,Not Applicable,No,Not Applicable,329,Cash,21,3.4,3.6
2024-07-06 17:19:00,CNR2073000637,Success,CID844182,eBike,Richmond Town,Bellandur,42.0,65.0,Not Applicable,Not Applicable,Yes,Vehicle Breakdown,696,Credit Card,44,3.6,4.9
2024-07-18 07:17:00,CNR1441354869,Success,CID870839,Bike,Sarjapur Road,Rajarajeshwari Nagar,56.0,30.0,Not Applicable,Not Applicable,No,Not Applicable,126,UPI,49,5.0,4.9
2024-07-17 03:12:00,CNR5896540092,Success,CID454580,Prime SUV,Bellandur,Shantinagar,203.0,60.0,Not Applicable,Not Applicable,No,Not Applicable,991,UPI,46,3.4,4.0
2024-07-03 00:03:00,CNR6552463572,Success,CID435265,Prime Sedan,Malleshwaram,Frazer Town,133.0,70.0,Not Applicable,Not Applicable,No,Not Applicable,164,Cash,12,4.1,4.5
2024-07-28 00:28:00,CNR1494211861,Success,CID485474,Bike,Whitefield,Chamarajpet,301.0,30.0,Not Applicable,Not Applicable,No,Not Applicable,510,Credit Card,29,4.0,3.7
2024-07-21 10:53:00,CNR7817484048,Success,CID233812,Mini,RT Nagar,Varthur,203.0,95.0,Not Applicable,Not Applicable,No,Not Applicable,337,UPI,46,3.8,4.8
2024-07-08 10:41:00,CNR5968189842,Canceled by Driver,CID490552,Mini,Nagarbhavi,Sahakar Nagar,,,Not Applicable,Customer related issue,Not Applicable,Not Applicable,520,Not Applicable,0,,
2024-07-23 00:40:00,CNR5828676292,Success,CID260735,Prime SUV,Sahakar Nagar,Kadugodi,133.0,60.0,Not Applicable,Not Applicable,No,Not Applicable,223,Cash,18,3.5,4.8
2024-07-21 01:45:00,CNR5979241040,Success,CID565252,Mini,Hulimavu,Shivajinagar,112.0,135.0,Not Applicable,Not Applicable,No,Not Applicable,329,UPI,7,4.3,3.7
2024-07-04 04:14:00,CNR6623870263,Canceled by Customer,CID896966,Prime SUV,Richmond Town,Bellandur,,,Change of plans,Not Applicable,Not Applicable,Not Applicable,465,Not Applicable,0,,
2024-07-27 16:52:00,CNR9528561159,Success,CID167056,Prime Sedan,Chamarajpet,Ramamurthy Nagar,56.0,140.0,Not Applicable,Not Applicable,No,Not Applicable,359,UPI,26,4.1,3.6
2024-07-01 08:57:00,CNR1352607593,Success,CID865707,Bike,Mysore Road,Chamarajpet,259.0,145.0,Not Applicable,Not Applicable,No,Not Applicable,339,UPI,28,3.7,4.9
2024-07-29 18:31:00,CNR1830247556,Success,CID287611,Prime Plus,Kengeri,Langford Town,224.0,135.0,Not Applicable,Not Applicable,Yes,Vehicle Breakdown,2774,UPI,4,4.2,3.1
2024-07-08 14:14:00,CNR1385745909,Success,CID272369,Auto,Ulsoor,Mysore Road,238.0,30.0,Not Applicable,Not Applicable,No,Not Applicable,582,UPI,16,4.2,4.4
2024-07-20 14:03:00,CNR4033629266,Success,CID723493,eBike,Yelahanka,Chamarajpet,224.0,80.0,Not Applicable,Not Applicable,No,Not Applicable,369,Cash,35,3.2,5.0
2024-07-18 21:12:00,CNR8860043434,Success,CID407642,Mini,Peenya,HSR Layout,161.0,50.0,Not Applicable,Not Applicable,No,Not Applicable,280,Cash,48,3.2,4.7
2024-07-12 07:35:00,CNR9416413006,Success,CID598692,Auto,Kammanahalli,Whitefield,217.0,130.0,Not Applicable,Not Applicable,No,Not Applicable,257,Cash,3,4.1,3.9
2024-07-01 17:44:00,CNR8377982032,Success,CID783115,Auto,Jayanagar,Indiranagar,182.0,130.0,Not Applicable,Not Applicable,No,Not Applicable,757,UPI,7,3.8,3.6
2024-07-01 23:16:00,CNR9530800429,Canceled by Driver,CID535257,Bike,Hulimavu,Cox Town,,,Not Applicable,Personal & Car related issue,Not Applicable,Not Applicable,847,Not Applicable,0,,
2024-07-19 20:22:00,CNR3734481821,Canceled by Driver,CID953304,Mini,Ulsoor,Frazer Town,,,Not Applicable,Customer related issue,Not Applicable,Not Applicable,237,Not Applicable,0,,
2024-07-01 02:02:00,CNR8596514849,Success,CID286309,Prime Plus,Chickpet,HSR Layout,231.0,80.0,Not Applicable,Not Applicable,No,Not Applicable,443,Cash,48,3.1,3.9
2024-07-29 03:32:00,CNR1580105960,Success,CID486027,Auto,Langford Town,Mysore Road,189.0,120.0,Not Applicable,Not Applicable,No,Not Applicable,987,UPI,18,4.3,3.3
2024-07-19 09:09:00,CNR3918875529,Canceled by Driver,CID830073,Prime Sedan,Sarjapur Road,Devanahalli,,,Not Applicable,Personal & Car related issue,Not Applicable,Not Applicable,457,Not Applicable,0,,
2024-07-26 02:42:00,CNR6091442660,Canceled by Driver,CID414199,Auto,Shivajinagar,Vijayanagar,,,Not Applicable,Personal & Car related issue,Not Applicable,Not Applicable,587,Not Applicable,0,,
2024-07-24 14:35:00,CNR3124388550,Canceled by Driver,CID185198,eBike,Banashankari,Padmanabhanagar,,,Not Applicable,More than permitted people in there,Not Applicable,Not Applicable,869,Not Applicable,0,,
2024-07-18 13:37:00,CNR2841609681,Driver Not Found,CID164676,Prime Plus,Electronic City,Marathahalli,,,Not Applicable,Not Applicable,Not Applicable,Not Applicable,381,Not Applicable,0,,
2024-07-09 14:36:00,CNR4948045836,Success,CID611514,Prime Sedan,BTM Layout,Kengeri,294.0,130.0,Not Applicable,Not Applicable,No,Not Applicable,134,UPI,26,3.2,4.0
2024-07-09 05:43:00,CNR1055145313,Canceled by Driver,CID186984,Prime Sedan,Jayanagar,Sarjapur Road,,,Not Applicable,Customer was coughing/sick,Not Applicable,Not Applicable,418,Not Applicable,0,,
2024-07-29 16:40:00,CNR9726562163,Success,CID839390,Mini,Chickpet,JP Nagar,196.0,90.0,Not Applicable,Not Applicable,No,Not Applicable,231,UPI,39,3.3,4.3
2024-07-05 19:36:00,CNR1325136451,Canceled by Driver,CID824747,Bike,BTM Layout,Electronic City,,,Not Applicable,Personal & Car related issue,Not Applicable,Not Applicable,452,Not Applicable,0,,
2024-07-17 16:04:00,CNR2495230195,Canceled by Driver,CID116845,Auto,Bellandur,Hosur Road,,,Not Applicable,Personal & Car related issue,Not Applicable,Not Applicable,409,Not Applicable,0,,
2024-07-22 21:53:00,CNR3514819872,Canceled by Driver,CID947627,Bike,Whitefield,Ramamurthy Nagar,,,Not Applicable,Customer related issue,Not Applicable,Not Applicable,450,Not Applicable,0,,
2024-07-05 16:22:00,CNR5374575645,Canceled by Customer,CID348374,eBike,Kengeri,Electronic City,,,Driver asked to cancel,Not Applicable,Not Applicable,Not Applicable,676,Not Applicable,0,,
2024-07-20 01:40:00,CNR9781749362,Success,CID776625,Mini,Yeshwanthpur,Langford Town,196.0,50.0,Not Applicable,Not Applicable,No,Not Applicable,147,UPI,14,4.9,3.3
2024-07-29 21:40:00,CNR2176354349,Success,CID487996,Prime SUV,Frazer Town,Kadugodi,98.0,50.0,Not Applicable,Not Applicable,No,Not Applicable,2200,Cash,36,4.4,4.1
2024-07-08 19:47:00,CNR5008378261,Driver Not Found,CID476470,Prime Plus,Yelahanka,Frazer Town,,,Not Applicable,Not Applicable,Not Applicable,Not Applicable,184,Not Applicable,0,,
2024-07-08 22:11:00,CNR2448254112,Driver Not Found,CID409179,Mini,Sarjapur Road,JP Nagar,,,Not Applicable,Not Applicable,Not Applicable,Not Applicable,415,Not Applicable,0,,
2024-07-04 12:20:00,CNR7515484163,Success,CID100580,eBike,Ulsoor,HSR Layout,224.0,50.0,Not Applicable,Not Applicable,No,Not Applicable,1990,Cash,5,3.6,4.2
2024-07-24 00:28:00,CNR5693034666,Success,CID816036,Prime SUV,Yelahanka,Bannerghatta Road,42.0,110.0,Not Applicable,Not Applicable,No,Not Applicable,308,UPI,13,3.6,3.0
2024-07-29 20:17:00,CNR6413967947,Success,CID289348,Prime Plus,Shantinagar,Kadugodi,308.0,65.0,Not Applicable,Not Applicable,No,Not Applicable,376,UPI,31,4.1,3.7
2024-07-25 21:41:00,CNR2812942757,Success,CID780778,Prime Plus,Ulsoor,Frazer Town,308.0,90.0,Not Applicable,Not Applicable,No,Not Applicable,161,Debit Card,7,4.1,4.6
2024-07-28 06:03:00,CNR5543511762,Driver Not Found,CID237522,Prime Sedan,BTM Layout,Kammanahalli,,,Not Applicable,Not Applicable,Not Applicable,Not Applicable,197,Not Applicable,0,,
2024-07-03 19:47:00,CNR8333369579,Success,CID361473,Auto,Whitefield,Richmond Town,63.0,120.0,Not Applicable,Not Applicable,No,Not Applicable,1798,Cash,2,4.5,4.5
2024-07-01 22:27:00,CNR3182045263,Success,CID584351,Auto,Hebbal,Whitefield,42.0,140.0,Not Applicable,Not Applicable,No,Not Applicable,1756,UPI,8,4.2,3.4
2024-07-17 12:23:00,CNR8550025941,Canceled by Customer,CID891130,Bike,Basavanagudi,Kengeri,,,Driver asked to cancel,Not Applicable,Not Applicable,Not Applicable,433,Not Applicable,0,,
2024-07-15 20:10:00,CNR5633929191,Canceled by Customer,CID515647,Auto,Hulimavu,Rajarajeshwari Nagar,,,Driver asked to cancel,Not Applicable,Not Applicable,Not Applicable,1443,Not Applicable,0,,
2024-07-08 09:55:00,CNR6152208263,Success,CID366436,Prime Sedan,Padmanabhanagar,Ulsoor,217.0,135.0,Not Applicable,Not Applicable,No,Not Applicable,648,UPI,28,3.3,4.9
2024-07-08 17:34:00,CNR9983969721,Success,CID872041,Prime SUV,Majestic,Magadi Road,203.0,110.0,Not Applicable,Not Applicable,No,Not Applicable,229,UPI,14,4.0,4.9
2024-07-11 08:19:00,CNR9597448736,Driver Not Found,CID516165,Prime SUV,Bellandur,Hebbal,,,Not Applicable,Not Applicable,Not Applicable,Not Applicable,913,Not Applicable,0,,
2024-07-03 03:11:00,CNR4800043644,Success,CID191614,eBike,HSR Layout,Malleshwaram,70.0,35.0,Not Applicable,Not Applicable,No,Not Applicable,312,UPI,21,3.4,4.2
2024-07-18 04:54:00,CNR1095042041,Success,CID948987,Prime Sedan,Shivajinagar,Chamarajpet,259.0,85.0,Not Applicable,Not Applicable,No,Not Applicable,493,UPI,11,3.2,4.1
2024-07-26 18:33:00,CNR4226019092,Success,CID917249,Prime Plus,Shantinagar,Vijayanagar,266.0,110.0,Not Applicable,Not Applicable,No,Not Applicable,275,Credit Card,28,4.9,4.1
2024-07-30 17:46:00,CNR6351969762,Success,CID356934,Prime Sedan,Yeshwanthpur,Ulsoor,231.0,115.0,Not Applicable,Not Applicable,No,Not Applicable,519,Credit Card,10,4.8,3.9
2024-07-13 04:53:00,CNR6810288672,Success,CID720666,Auto,Electronic City,Magadi Road,175.0,55.0,Not Applicable,Not Applicable,No,Not Applicable,306,UPI,16,3.0,3.7
2024-07-27 21:05:00,CNR8060056685,Canceled by Customer,CID588190,Prime Sedan,Marathahalli,Rajarajeshwari Nagar,,,AC is Not working,Not Applicable,Not Applicable,Not Applicable,1395,Not Applicable,0,,
2024-07-23 02:45:00,CNR1708608615,Success,CID723751,eBike,Electronic City,Marathahalli,140.0,35.0,Not Applicable,Not Applicable,No,Not Applicable,393,Cash,10,4.7,3.5
2024-07-29 19:12:00,CNR5556019065,Success,CID375449,Bike,Electronic City,Magadi Road,252.0,80.0,Not Applicable,Not Applicable,No,Not Applicable,391,UPI,7,4.1,3.4
2024-07-21 20:01:00,CNR1290199445,Canceled by Driver,CID673763,Prime Plus,Varthur,Chamarajpet,,,Not Applicable,Personal & Car related issue,Not Applicable,Not Applicable,101,Not Applicable,0,,
2024-07-21 11:41:00,CNR3091220241,Success,CID509206,Mini,Indiranagar,Whitefield,301.0,95.0,Not Applicable,Not Applicable,No,Not Applicable,740,Cash,34,4.6,3.5
2024-07-15 17:35:00,CNR7094653895,Success,CID634038,Prime Plus,Mysore Road,Langford Town,105.0,55.0,Not Applicable,Not Applicable,No,Not Applicable,298,UPI,43,4.4,3.1
2024-07-11 08:13:00,CNR1728707833,Success,CID165744,Auto,Whitefield,Sarjapur Road,77.0,60.0,Not Applicable,Not Applicable,No,Not Applicable,875,Credit Card,2,4.4,4.1
2024-07-18 19:25:00,CNR7721203746,Driver Not Found,CID821197,Mini,Rajajinagar,Ulsoor,,,Not Applicable,Not Applicable,Not Applicable,Not Applicable,916,Not Applicable,0,,
2024-07-27 20:35:00,CNR1853746562,Driver Not Found,CID691928,Auto,KR Puram,Malleshwaram,,,Not Applicable,Not Applicable,Not Applicable,Not Applicable,153,Not Applicable,0,,
2024-07-18 23:49:00,CNR6270853883,Success,CID811425,Prime SUV,Richmond Town,JP Nagar,287.0,40.0,Not Applicable,Not Applicable,No,Not Applicable,352,Cash,12,3.3,3.2
2024-07-09 08:30:00,CNR4969630531,Success,CID585648,Auto,Yeshwanthpur,Magadi Road,273.0,110.0,Not Applicable,Not Applicable,No,Not Applicable,366,UPI,1,4.7,4.7
2024-07-06 15:18:00,CNR1738921893,Success,CID762978,Auto,Shantinagar,KR Puram,98.0,145.0,Not Applicable,Not Applicable,No,Not Applicable,847,Cash,5,3.6,4.7
2024-07-16 22:56:00,CNR2930623439,Driver Not Found,CID764183,Bike,Kadugodi,Koramangala,,,Not Applicable,Not Applicable,Not Applicable,Not Applicable,713,Not Applicable,0,,
2024-07-02 04:25:00,CNR7897408292,Success,CID309168,Prime SUV,Shantinagar,Langford Town,308.0,125.0,Not Applicable,Not Applicable,No,Not Applicable,2226,UPI,21,3.1,3.7
2024-07-04 10:09:00,CNR8156563266,Success,CID903065,Prime Sedan,Indiranagar,Frazer Town,196.0,55.0,Not Applicable,Not Applicable,No,Not Applicable,695,UPI,46,4.4,4.3
2024-07-05 01:30:00,CNR6160677162,Canceled by Driver,CID567294,Bike,Devanahalli,Ulsoor,,,Not Applicable,Personal & Car related issue,Not Applicable,Not Applicable,1645,Not Applicable,0,,
2024-07-23 05:35:00,CNR8287456065,Success,CID705809,Prime Sedan,Whitefield,Frazer Town,154.0,30.0,Not Applicable,Not Applicable,No,Not Applicable,291,UPI,15,3.8,4.3
2024-07-11 11:16:00,CNR9202048021,Success,CID512917,Prime Sedan,Tumkur Road,Banashankari,217.0,140.0,Not Applicable,Not Applicable,No,Not Applicable,319,Cash,39,4.0,3.2
2024-07-28 10:13:00,CNR9319797629,Success,CID453447,Mini,Kammanahalli,Marathahalli,154.0,95.0,Not Applicable,Not Applicable,No,Not Applicable,203,Cash,36,3.8,4.1
2024-07-08 06:29:00,CNR2011259247,Success,CID642142,Prime Sedan,Hennur,KR Puram,245.0,125.0,Not Applicable,Not Applicable,No,Not Applicable,487,Cash,7,4.3,4.3
2024-07-09 21:21:00,CNR6551380195,Success,CID949969,eBike,Electronic City,Nagarbhavi,175.0,35.0,Not Applicable,Not Applicable,No,Not Applicable,515,Credit Card,5,3.1,3.5
2024-07-03 02:41:00,CNR2098189411,Success,CID381748,Prime SUV,Marathahalli,Yelahanka,147.0,80.0,Not Applicable,Not Applicable,No,Not Applicable,226,UPI,35,4.9,3.8
2024-07-01 14:53:00,CNR2387280390,Success,CID504540,Bike,Rajajinagar,Devanahalli,224.0,100.0,Not Applicable,Not Applicable,No,Not Applicable,597,Cash,27,4.6,5.0
2024-07-09 23:05:00,CNR2226360149,Canceled by Driver,CID169034,Prime Plus,Richmond Town,Sahakar Nagar,,,Not Applicable,Personal & Car related issue,Not Applicable,Not Applicable,387,Not Applicable,0,,
2024-07-12 16:17:00,CNR1717560458,Success,CID388992,eBike,JP Nagar,Chamarajpet,266.0,115.0,Not Applicable,Not Applicable,No,Not Applicable,422,UPI,45,3.3,3.1
2024-07-01 19:02:00,CNR5379209356,Canceled by Customer,CID963474,Prime SUV,Koramangala,Hennur,,,Driver is not moving towards pickup location,Not Applicable,Not Applicable,Not Applicable,753,Not Applicable,0,,
2024-07-05 02:19:00,CNR1194217919,Success,CID690586,Prime Sedan,Banashankari,Langford Town,287.0,105.0,Not Applicable,Not Applicable,No,Not Applicable,813,Cash,37,3.1,3.7
2024-07-17 23:43:00,CNR4163187086,Success,CID589495,Prime Plus,Yeshwanthpur,MG Road,224.0,85.0,Not Applicable,Not Applicable,No,Not Applicable,424,UPI,25,3.6,4.5
2024-07-12 05:25:00,CNR4605213491,Success,CID363448,Mini,Langford Town,Majestic,84.0,70.0,Not Applicable,Not Applicable,No,Not Applicable,449,Cash,14,3.5,4.7
2024-07-05 06:13:00,CNR4351897681,Success,CID903578,Prime SUV,Kadugodi,Koramangala,301.0,50.0,Not Applicable,Not Applicable,No,Not Applicable,450,UPI,39,4.1,4.2
2024-07-29 18:17:00,CNR2547961547,Success,CID538606,Prime Plus,Whitefield,Hosur Road,42.0,140.0,Not Applicable,Not Applicable,No,Not Applicable,744,Cash,20,4.2,4.0
2024-07-24 23:34:00,CNR9046140309,Success,CID893881,Mini,Sahakar Nagar,BTM Layout,294.0,60.0,Not Applicable,Not Applicable,No,Not Applicable,486,UPI,34,3.9,3.3
2024-07-27 04:28:00,CNR1086795519,Success,CID784856,Auto,Mysore Road,KR Puram,63.0,140.0,Not Applicable,Not Applicable,No,Not Applicable,976,UPI,2,3.3,3.3
2024-07-17 04:56:00,CNR1159671137,Success,CID602263,Prime Plus,Nagarbhavi,HSR Layout,280.0,25.0,Not Applicable,Not Applicable,No,Not Applicable,420,Cash,13,3.5,4.9
2024-07-03 00:35:00,CNR9719116351,Success,CID410261,Prime SUV,Electronic City,Shivajinagar,301.0,145.0,Not Applicable,Not Applicable,No,Not Applicable,219,Cash,43,4.2,4.7
2024-07-12 16:44:00,CNR2203747353,Success,CID960944,Prime SUV,Hennur,Yeshwanthpur,161.0,40.0,Not Applicable,Not Applicable,No,Not Applicable,163,Cash,38,4.0,3.8
2024-07-01 02:37:00,CNR7863222765,Success,CID557878,Auto,Magadi Road,BTM Layout,245.0,80.0,Not Applicable,Not Applicable,No,Not Applicable,191,Credit Card,9,4.0,3.9
2024-07-06 15:45:00,CNR7143533531,Success,CID496059,Auto,Ulsoor,Shivajinagar,175.0,140.0,Not Applicable,Not Applicable,No,Not Applicable,239,Cash,12,4.1,3.8
2024-07-14 16:05:00,CNR6469684266,Canceled by Driver,CID145771,Bike,Ulsoor,Padmanabhanagar,,,Not Applicable,Customer related issue,Not Applicable,Not Applicable,186,Not Applicable,0,,
2024-07-16 09:19:00,CNR1092400937,Success,CID851549,Prime Sedan,Majestic,Chamarajpet,56.0,135.0,Not Applicable,Not Applicable,No,Not Applicable,377,Credit Card,36,4.9,3.1
2024-07-09 17:02:00,CNR5241173102,Success,CID938075,Auto,Chickpet,Basavanagudi,224.0,25.0,Not Applicable,Not Applicable,No,Not Applicable,296,UPI,13,3.9,5.0
2024-07-18 05:10:00,CNR8785152083,Success,CID657668,Bike,Chickpet,Hulimavu,77.0,115.0,Not Applicable,Not Applicable,No,Not Applicable,183,Credit Card,30,4.4,4.0
2024-07-07 06:26:00,CNR6472126231,Success,CID462725,Auto,Ramamurthy Nagar,JP Nagar,182.0,125.0,Not Applicable,Not Applicable,No,Not Applicable,137,UPI,7,3.5,3.9
2024-07-11 07:58:00,CNR3624872478,Canceled by Driver,CID345329,eBike,Frazer Town,Devanahalli,,,Not Applicable,Personal & Car related issue,Not Applicable,Not Applicable,145,Not Applicable,0,,
2024-07-20 08:41:00,CNR9153558940,Canceled by Driver,CID199704,Auto,Devanahalli,Yelahanka,,,Not Applicable,Customer related issue,Not Applicable,Not Applicable,298,Not Applicable,0,,
2024-07-12 00:46:00,CNR6169741618,Canceled by Driver,CID103684,Prime Plus,Rajajinagar,BTM Layout,,,Not Applicable,Personal & Car related issue,Not Applicable,Not Applicable,337,Not Applicable,0,,
2024-07-09 14:16:00,CNR9639184431,Success,CID371853,Mini,Marathahalli,Rajajinagar,231.0,140.0,Not Applicable,Not Applicable,No,Not Applicable,583,Debit Card,11,4.8,4.3
2024-07-17 22:36:00,CNR8077904804,Success,CID879849,Mini,Magadi Road,Mysore Road,301.0,40.0,Not Applicable,Not Applicable,No,Not Applicable,138,UPI,8,3.5,3.2
2024-07-20 22:16:00,CNR1236332465,Success,CID278839,eBike,BTM Layout,Langford Town,210.0,65.0,Not Applicable,Not Applicable,No,Not Applicable,316,Cash,12,4.3,4.9
2024-07-27 23:03:00,CNR9986097081,Success,CID965810,Prime Sedan,Devanahalli,Banashankari,273.0,85.0,Not Applicable,Not Applicable,No,Not Applicable,137,UPI,21,4.6,3.6
2024-07-12 01:36:00,CNR1442970524,Success,CID999465,Auto,Hosur Road,Hosur Road,210.0,65.0,Not Applicable,Not Applicable,No,Not Applicable,318,UPI,1,4.5,4.8
2024-07-15 23:37:00,CNR4637377751,Canceled by Driver,CID257628,Prime SUV,MG Road,Varthur,,,Not Applicable,Personal & Car related issue,Not Applicable,Not Applicable,153,Not Applicable,0,,
2024-07-19 13:16:00,CNR1961580957,Canceled by Customer,CID497244,Prime Plus,Bannerghatta Road,Basavanagudi,,,Driver asked to cancel,Not Applicable,Not Applicable,Not Applicable,909,Not Applicable,0,,
2024-07-29 06:22:00,CNR8651841857,Canceled by Customer,CID885194,Prime Sedan,Bannerghatta Road,Cox Town,,,AC is Not working,Not Applicable,Not Applicable,Not Applicable,703,Not Applicable,0,,
2024-07-15 15:22:00,CNR1050614370,Canceled by Driver,CID228193,Bike,Yelahanka,Tumkur Road,,,Not Applicable,Customer was coughing/sick,Not Applicable,Not Applicable,989,Not Applicable,0,,
2024-07-26 15:30:00,CNR4585583211,Success,CID577253,Auto,Sarjapur Road,Bellandur,294.0,135.0,Not Applicable,Not Applicable,No,Not Applicable,267,UPI,13,4.2,3.5
2024-07-22 01:59:00,CNR8106211913,Success,CID767614,Prime Sedan,Vijayanagar,Bannerghatta Road,287.0,85.0,Not Applicable,Not Applicable,No,Not Applicable,353,Cash,31,3.2,3.7
2024-07-14 07:23:00,CNR8736449991,Success,CID927063,Auto,Varthur,Rajarajeshwari Nagar,154.0,55.0,Not Applicable,Not Applicable,No,Not Applicable,202,Cash,2,4.3,3.0
2024-07-25 20:29:00,CNR5394810225,Success,CID268708,Prime Sedan,Shivajinagar,Rajajinagar,140.0,130.0,Not Applicable,Not Applicable,No,Not Applicable,1668,Cash,46,3.5,3.7
2024-07-05 23:02:00,CNR9548373018,Success,CID878642,eBike,Bellandur,Malleshwaram,189.0,35.0,Not Applicable,Not Applicable,No,Not Applicable,638,Credit Card,1,3.4,4.1
2024-07-26 19:03:00,CNR5588832456,Canceled by Customer,CID480553,Auto,Electronic City,Sarjapur Road,,,Change of plans,Not Applicable,Not Applicable,Not Applicable,445,Not Applicable,0,,
2024-07-24 17:43:00,CNR1422566872,Canceled by Driver,CID530822,Mini,Magadi Road,Malleshwaram,,,Not Applicable,Customer was coughing/sick,Not Applicable,Not Applicable,285,Not Applicable,0,,
2024-07-25 11:09:00,CNR9516243864,Success,CID337823,Prime SUV,Shivajinagar,Indiranagar,224.0,70.0,Not Applicable,Not Applicable,No,Not Applicable,979,Cash,49,3.1,3.7
2024-07-03 13:28:00,CNR5973206296,Success,CID979501,Bike,Ramamurthy Nagar,Kadugodi,259.0,35.0,Not Applicable,Not Applicable,No,Not Applicable,495,Cash,47,3.5,4.0
2024-07-16 09:48:00,CNR1433995043,Driver Not Found,CID699489,Prime Plus,Devanahalli,Devanahalli,,,Not Applicable,Not Applicable,Not Applicable,Not Applicable,346,Not Applicable,0,,
2024-07-27 13:43:00,CNR9814880538,Canceled by Customer,CID747899,Prime Sedan,Hennur,Majestic,,,Change of plans,Not Applicable,Not Applicable,Not Applicable,236,Not Applicable,0,,
2024-07-23 10:24:00,CNR3731446924,Canceled by Customer,CID819347,Prime Plus,Whitefield,Vijayanagar,,,Driver asked to cancel,Not Applicable,Not Applicable,Not Applicable,322,Not Applicable,0,,
2024-07-21 09:08:00,CNR5076502325,Driver Not Found,CID746110,Prime Plus,Marathahalli,Bannerghatta Road,,,Not Applicable,Not Applicable,Not Applicable,Not Applicable,171,Not Applicable,0,,
2024-07-23 16:42:00,CNR2970400574,Success,CID239341,Mini,Rajarajeshwari Nagar,Vijayanagar,119.0,140.0,Not Applicable,Not Applicable,No,Not Applicable,184,Cash,35,3.4,3.5
2024-07-29 07:17:00,CNR2459120716,Canceled by Driver,CID716659,Bike,Devanahalli,Yeshwanthpur,,,Not Applicable,Customer related issue,Not Applicable,Not Applicable,961,Not Applicable,0,,
2024-07-28 10:46:00,CNR9894057776,Canceled by Driver,CID454238,Mini,KR Puram,Majestic,,,Not Applicable,Personal & Car related issue,Not Applicable,Not Applicable,872,Not Applicable,0,,
2024-07-02 17:40:00,CNR9392352930,Success,CID740629,Bike,Hulimavu,Nagarbhavi,98.0,50.0,Not Applicable,Not Applicable,No,Not Applicable,419,Cash,49,4.5,4.2
2024-07-05 18:28:00,CNR5353245930,Canceled by Driver,CID865534,Bike,Rajajinagar,Nagarbhavi,,,Not Applicable,Customer related issue,Not Applicable,Not Applicable,1237,Not Applicable,0,,
2024-07-25 13:29:00,CNR3487862296,Canceled by Customer,CID212179,Prime Plus,Indiranagar,Hosur Road,,,Driver is not moving towards pickup location,Not Applicable,Not Applicable,Not Applicable,574,Not Applicable,0,,
2024-07-04 16:27:00,CNR9347365223,Success,CID923290,Prime Sedan,Hennur,Hebbal,301.0,135.0,Not Applicable,Not Applicable,No,Not Applicable,442,Cash,49,4.9,4.2
2024-07-30 14:06:00,CNR7234540727,Success,CID104938,Bike,HSR Layout,KR Puram,196.0,55.0,Not Applicable,Not Applicable,No,Not Applicable,498,Cash,36,3.8,3.7
2024-07-08 21:33:00,CNR7637048200,Success,CID648967,Prime Sedan,JP Nagar,Varthur,182.0,70.0,Not Applicable,Not Applicable,No,Not Applicable,444,Credit Card,24,4.7,3.3
2024-07-09 17:57:00,CNR8007644822,Success,CID998610,Auto,Ramamurthy Nagar,HSR Layout,287.0,45.0,Not Applicable,Not Applicable,No,Not Applicable,472,Cash,9,4.2,3.7
2024-07-13 02:32:00,CNR3508442683,Success,CID280231,eBike,Sahakar Nagar,JP Nagar,98.0,120.0,Not Applicable,Not Applicable,No,Not Applicable,517,Cash,26,3.1,3.3
2024-07-26 21:35:00,CNR3434057488,Canceled by Customer,CID812402,Prime Plus,MG Road,Basavanagudi,,,AC is Not working,Not Applicable,Not Applicable,Not Applicable,105,Not Applicable,0,,
2024-07-27 21:47:00,CNR2250930604,Canceled by Customer,CID857731,Mini,MG Road,Sarjapur Road,,,Change of plans,Not Applicable,Not Applicable,Not Applicable,280,Not Applicable,0,,
2024-07-29 08:31:00,CNR3167995085,Success,CID306265,Bike,Majestic,Hennur,294.0,105.0,Not Applicable,Not Applicable,No,Not Applicable,321,Cash,37,3.7,3.4
2024-07-21 06:28:00,CNR9026115516,Driver Not Found,CID720468,eBike,Hennur,Hebbal,,,Not Applicable,Not Applicable,Not Applicable,Not Applicable,429,Not Applicable,0,,
2024-07-30 17:19:00,CNR5462829272,Driver Not Found,CID977138,eBike,Cox Town,Shivajinagar,,,Not Applicable,Not Applicable,Not Applicable,Not Applicable,112,Not Applicable,0,,
2024-07-03 17:45:00,CNR3155906503,Success,CID121166,Auto,Chickpet,Banashankari,70.0,140.0,Not Applicable,Not Applicable,No,Not Applicable,2641,UPI,6,3.3,3.3
2024-07-26 08:30:00,CNR3928688027,Canceled by Driver,CID530700,Prime Sedan,Hebbal,Yeshwanthpur,,,Not Applicable,Customer was coughing/sick,Not Applicable,Not Applicable,286,Not Applicable,0,,
2024-07-26 15:06:00,CNR6133637710,Success,CID350555,Prime Sedan,Kadugodi,KR Puram,273.0,45.0,Not Applicable,Not Applicable,No,Not Applicable,1032,Cash,16,5.0,4.8
2024-07-24 14:19:00,CNR6381398174,Success,CID485716,Mini,Sarjapur Road,Banashankari,182.0,145.0,Not Applicable,Not Applicable,No,Not Applicable,992,UPI,38,4.3,4.0
2024-07-01 04:42:00,CNR9943425018,Driver Not Found,CID441316,Auto,Magadi Road,Nagarbhavi,,,Not Applicable,Not Applicable,Not Applicable,Not Applicable,376,Not Applicable,0,,
2024-07-08 10:35:00,CNR2074424367,Success,CID998878,Mini,Cox Town,Devanahalli,210.0,50.0,Not Applicable,Not Applicable,No,Not Applicable,242,Cash,14,4.4,3.7
2024-07-22 05:58:00,CNR5071610529,Canceled by Driver,CID627832,Prime Plus,Hebbal,Peenya,,,Not Applicable,Customer related issue,Not Applicable,Not Applicable,357,Not Applicable,0,,
2024-07-30 11:52:00,CNR9501532757,Success,CID884555,Auto,Chickpet,Frazer Town,196.0,60.0,Not Applicable,Not Applicable,Yes,Customer Demand,252,Cash,3,3.5,4.4
2024-07-16 22:28:00,CNR2551049771,Driver Not Found,CID546459,eBike,Yeshwanthpur,Basavanagudi,,,Not Applicable,Not Applicable,Not Applicable,Not Applicable,386,Not Applicable,0,,
2024-07-06 00:35:00,CNR2770396868,Success,CID272653,Bike,Vijayanagar,Sahakar Nagar,245.0,60.0,Not Applicable,Not Applicable,No,Not Applicable,812,Cash,31,4.6,4.1
2024-07-06 11:03:00,CNR1180333216,Success,CID515230,Prime Sedan,Ramamurthy Nagar,Sahakar Nagar,98.0,145.0,Not Applicable,Not Applicable,No,Not Applicable,745,Cash,31,4.9,4.6
2024-07-30 02:08:00,CNR5578624924,Success,CID125703,eBike,Tumkur Road,Kadugodi,182.0,55.0,Not Applicable,Not Applicable,Yes,Customer Demand,998,UPI,44,4.8,3.2
2024-07-19 03:29:00,CNR9432342223,Success,CID781749,Prime Sedan,Hebbal,Marathahalli,98.0,125.0,Not Applicable,Not Applicable,No,Not Applicable,113,UPI,13,4.4,4.4
2024-07-11 03:10:00,CNR4906223093,Canceled by Driver,CID869970,eBike,Whitefield,Yeshwanthpur,,,Not Applicable,More than permitted people in there,Not Applicable,Not Applicable,176,Not Applicable,0,,
2024-07-09 01:46:00,CNR4254591218,Success,CID160023,Prime Plus,MG Road,Jayanagar,252.0,115.0,Not Applicable,Not Applicable,No,Not Applicable,315,UPI,36,3.5,3.5
2024-07-14 09:20:00,CNR2784677886,Success,CID593371,Auto,Mysore Road,Sahakar Nagar,147.0,120.0,Not Applicable,Not Applicable,Yes,Other Issue,267,Cash,8,3.8,4.2
2024-07-22 01:03:00,CNR5544472667,Success,CID689982,Auto,Shivajinagar,Richmond Town,91.0,65.0,Not Applicable,Not Applicable,No,Not Applicable,260,Cash,17,3.0,4.4
2024-07-23 05:56:00,CNR5722696761,Success,CID918258,Mini,MG Road,Rajajinagar,175.0,35.0,Not Applicable,Not Applicable,No,Not Applicable,254,Cash,10,3.6,4.5
2024-07-18 15:37:00,CNR7306842752,Success,CID526339,eBike,HSR Layout,Peenya,308.0,75.0,Not Applicable,Not Applicable,No,Not Applicable,416,UPI,39,3.1,3.3
2024-07-17 09:28:00,CNR6279701237,Canceled by Customer,CID884573,Prime Sedan,Padmanabhanagar,Sarjapur Road,,,Wrong Address,Not Applicable,Not Applicable,Not Applicable,234,Not Applicable,0,,
2024-07-06 23:46:00,CNR4079959163,Success,CID179715,Auto,Banashankari,Chickpet,91.0,25.0,Not Applicable,Not Applicable,No,Not Applicable,160,UPI,7,4.1,3.6
2024-07-16 01:03:00,CNR2755291575,Canceled by Driver,CID157073,Mini,MG Road,HSR Layout,,,Not Applicable,Customer related issue,Not Applicable,Not Applicable,440,Not Applicable,0,,
2024-07-18 05:51:00,CNR2039235478,Canceled by Driver,CID567584,Auto,Vijayanagar,Mysore Road,,,Not Applicable,Personal & Car related issue,Not Applicable,Not Applicable,486,Not Applicable,0,,
2024-07-18 02:37:00,CNR3302478573,Driver Not Found,CID886206,Prime Plus,Chickpet,KR Puram,,,Not Applicable,Not Applicable,Not Applicable,Not Applicable,207,Not Applicable,0,,
2024-07-21 04:27:00,CNR8211550333,Success,CID866905,Bike,Ramamurthy Nagar,Basavanagudi,182.0,45.0,Not Applicable,Not Applicable,No,Not Applicable,221,Cash,17,5.0,3.2
2024-07-15 02:25:00,CNR5191069145,Success,CID447143,Prime Sedan,Sarjapur Road,Hennur,210.0,145.0,Not Applicable,Not Applicable,No,Not Applicable,436,UPI,45,3.2,4.4
2024-07-14 03:44:00,CNR3683971219,Success,CID145850,Prime Plus,MG Road,Yeshwanthpur,112.0,110.0,Not Applicable,Not Applicable,No,Not Applicable,160,Cash,10,4.0,3.6
2024-07-15 07:43:00,CNR8797343647,Success,CID749999,Mini,BTM Layout,Tumkur Road,84.0,25.0,Not Applicable,Not Applicable,No,Not Applicable,496,Cash,4,4.3,4.8
2024-07-29 03:21:00,CNR3175349814,Success,CID638985,Prime Plus,Langford Town,Ulsoor,210.0,35.0,Not Applicable,Not Applicable,No,Not Applicable,145,UPI,29,4.8,4.2
2024-07-18 05:44:00,CNR3448831927,Canceled by Customer,CID630627,Prime Plus,Shantinagar,Chickpet,,,Driver is not moving towards pickup location,Not Applicable,Not Applicable,Not Applicable,262,Not Applicable,0,,
2024-07-13 07:28:00,CNR6544508394,Success,CID914054,Bike,Hebbal,Electronic City,63.0,125.0,Not Applicable,Not Applicable,No,Not Applicable,427,UPI,36,3.4,3.6
2024-07-22 12:23:00,CNR7378271943,Success,CID544533,Bike,Hennur,Mysore Road,154.0,120.0,Not Applicable,Not Applicable,No,Not Applicable,816,Cash,7,3.9,4.5
2024-07-25 07:24:00,CNR5063632616,Driver Not Found,CID184820,Auto,Yeshwanthpur,Koramangala,,,Not Applicable,Not Applicable,Not Applicable,Not Applicable,2623,Not Applicable,0,,
2024-07-25 21:28:00,CNR7022862248,Canceled by Driver,CID989428,Prime Plus,Shivajinagar,Varthur,,,Not Applicable,Personal & Car related issue,Not Applicable,Not Applicable,956,Not Applicable,0,,
2024-07-26 00:49:00,CNR1585459567,Success,CID302459,eBike,Kengeri,Shantinagar,154.0,35.0,Not Applicable,Not Applicable,No,Not Applicable,125,UPI,4,3.3,4.9
2024-07-06 01:21:00,CNR6189574011,Canceled by Customer,CID835758,eBike,Indiranagar,Richmond Town,,,Driver is not moving towards pickup location,Not Applicable,Not Applicable,Not Applicable,447,Not Applicable,0,,
2024-07-27 09:48:00,CNR2741398264,Driver Not Found,CID655890,Prime Plus,KR Puram,Basavanagudi,,,Not Applicable,Not Applicable,Not Applicable,Not Applicable,305,Not Applicable,0,,
2024-07-17 05:51:00,CNR4109114152,Success,CID166292,Mini,Varthur,Hennur,84.0,80.0,Not Applicable,Not Applicable,No,Not Applicable,349,Cash,23,4.4,4.7
2024-07-17 16:11:00,CNR8489411251,Canceled by Driver,CID624281,Prime SUV,Langford Town,Rajarajeshwari Nagar,,,Not Applicable,Personal & Car related issue,Not Applicable,Not Applicable,164,Not Applicable,0,,
2024-07-27 16:32:00,CNR3294604107,Success,CID105807,Bike,Jayanagar,Malleshwaram,224.0,40.0,Not Applicable,Not Applicable,No,Not Applicable,421,UPI,20,3.2,3.4
2024-07-17 02:45:00,CNR6726664623,Success,CID837628,Prime Sedan,Tumkur Road,Langford Town,259.0,130.0,Not Applicable,Not Applicable,No,Not Applicable,445,UPI,39,3.9,3.3
2024-07-23 00:33:00,CNR8802184449,Success,CID520485,eBike,Basavanagudi,Banashankari,203.0,60.0,Not Applicable,Not Applicable,No,Not Applicable,393,UPI,37,3.6,3.8
2024-07-15 03:10:00,CNR6032236042,Success,CID759234,Prime Sedan,Cox Town,KR Puram,98.0,125.0,Not Applicable,Not Applicable,No,Not Applicable,299,UPI,45,3.6,3.4
2024-07-04 06:49:00,CNR8488693281,Success,CID729234,Bike,KR Puram,MG Road,140.0,90.0,Not Applicable,Not Applicable,No,Not Applicable,347,UPI,10,3.3,3.2
2024-07-02 20:53:00,CNR9254678144,Success,CID499164,Mini,MG Road,RT Nagar,182.0,140.0,Not Applicable,Not Applicable,No,Not Applicable,297,UPI,17,3.9,3.3
2024-07-04 09:14:00,CNR1876965758,Canceled by Driver,CID190199,Mini,Hulimavu,Nagarbhavi,,,Not Applicable,Customer was coughing/sick,Not Applicable,Not Applicable,452,Not Applicable,0,,
2024-07-01 22:00:00,CNR4850423765,Success,CID761926,Bike,Cox Town,JP Nagar,203.0,55.0,Not Applicable,Not Applicable,No,Not Applicable,416,UPI,39,3.9,3.1
2024-07-18 09:02:00,CNR3959279246,Success,CID342766,Prime Sedan,RT Nagar,Majestic,119.0,140.0,Not Applicable,Not Applicable,No,Not Applicable,345,Cash,13,4.3,4.4
2024-07-13 17:40:00,CNR6877664907,Success,CID431108,Prime SUV,Banashankari,Banashankari,231.0,60.0,Not Applicable,Not Applicable,No,Not Applicable,2171,UPI,2,4.5,4.5
2024-07-17 12:10:00,CNR7239825791,Success,CID917731,Prime Plus,Hulimavu,KR Puram,168.0,30.0,Not Applicable,Not Applicable,No,Not Applicable,837,Cash,3,4.5,3.6
2024-07-09 14:29:00,CNR2834435590,Success,CID713155,eBike,Rajajinagar,Hulimavu,147.0,40.0,Not Applicable,Not Applicable,No,Not Applicable,327,UPI,38,3.6,3.8
2024-07-28 19:22:00,CNR2680209931,Success,CID217516,Auto,Banashankari,BTM Layout,203.0,110.0,Not Applicable,Not Applicable,No,Not Applicable,2168,UPI,15,3.5,3.2
2024-07-12 03:23:00,CNR2149313632,Success,CID460285,Prime Sedan,Basavanagudi,Nagarbhavi,168.0,40.0,Not Applicable,Not Applicable,No,Not Applicable,347,Cash,46,3.6,3.3
2024-07-22 04:57:00,CNR9296348714,Success,CID295507,eBike,Hebbal,Richmond Town,301.0,30.0,Not Applicable,Not Applicable,No,Not Applicable,246,Cash,1,4.2,3.5
2024-07-16 19:27:00,CNR3718878307,Success,CID196771,Auto,Bellandur,Mysore Road,35.0,30.0,Not Applicable,Not Applicable,No,Not Applicable,123,UPI,17,3.4,4.4
2024-07-17 17:22:00,CNR7904359010,Success,CID789873,Auto,Sarjapur Road,Frazer Town,273.0,40.0,Not Applicable,Not Applicable,No,Not Applicable,191,Cash,5,4.3,4.2
2024-07-15 21:38:00,CNR7299814373,Driver Not Found,CID725892,Auto,Cox Town,Nagarbhavi,,,Not Applicable,Not Applicable,Not Applicable,Not Applicable,286,Not Applicable,0,,
2024-07-27 07:13:00,CNR6672844528,Success,CID455009,Prime Sedan,KR Puram,Marathahalli,273.0,100.0,Not Applicable,Not Applicable,No,Not Applicable,321,Cash,48,4.4,3.9
2024-07-09 16:20:00,CNR9952973713,Success,CID774278,Prime Sedan,Indiranagar,Koramangala,203.0,95.0,Not Applicable,Not Applicable,No,Not Applicable,170,UPI,32,4.3,4.4
2024-07-18 07:48:00,CNR7488787761,Canceled by Customer,CID222544,Prime Sedan,Kengeri,Richmond Town,,,Driver is not moving towards pickup location,Not Applicable,Not Applicable,Not Applicable,711,Not Applicable,0,,
2024-07-30 02:31:00,CNR7395699585,Canceled by Driver,CID521131,Prime Plus,Bellandur,RT Nagar,,,Not Applicable,Customer was coughing/sick,Not Applicable,Not Applicable,387,Not Applicable,0,,
2024-07-13 14:48:00,CNR2089395068,Canceled by Customer,CID882225,Prime Sedan,RT Nagar,Padmanabhanagar,,,AC is Not working,Not Applicable,Not Applicable,Not Applicable,504,Not Applicable,0,,
2024-07-22 12:24:00,CNR3443423628,Success,CID913501,Prime SUV,JP Nagar,Nagarbhavi,105.0,90.0,Not Applicable,Not Applicable,No,Not Applicable,811,UPI,30,3.8,4.6
2024-07-23 11:51:00,CNR8072462566,Canceled by Driver,CID125660,Auto,Rajajinagar,Frazer Town,,,Not Applicable,Customer was coughing/sick,Not Applicable,Not Applicable,182,Not Applicable,0,,
2024-07-14 05:04:00,CNR9328660763,Canceled by Driver,CID160195,Prime SUV,Kengeri,Yelahanka,,,Not Applicable,Personal & Car related issue,Not Applicable,Not Applicable,761,Not Applicable,0,,
2024-07-19 05:20:00,CNR1207808140,Success,CID749173,Bike,Kammanahalli,Chickpet,273.0,100.0,Not Applicable,Not Applicable,No,Not Applicable,887,UPI,1,3.6,3.5
2024-07-15 06:07:00,CNR2671535202,Success,CID899031,Bike,Padmanabhanagar,Rajarajeshwari Nagar,105.0,30.0,Not Applicable,Not Applicable,No,Not Applicable,292,Cash,29,3.1,4.9
2024-07-19 19:46:00,CNR4695828578,Success,CID696249,Bike,Malleshwaram,Kadugodi,231.0,125.0,Not Applicable,Not Applicable,No,Not Applicable,450,UPI,23,3.1,4.1
2024-07-15 16:55:00,CNR1881539471,Success,CID302322,Mini,Sahakar Nagar,Magadi Road,161.0,75.0,Not Applicable,Not Applicable,No,Not Applicable,498,Cash,6,5.0,3.0
2024-07-12 05:04:00,CNR9395925785,Success,CID269686,Mini,Hosur Road,Kadugodi,273.0,35.0,Not Applicable,Not Applicable,No,Not Applicable,923,Cash,42,4.7,3.7
2024-07-27 20:08:00,CNR9974920829,Canceled by Driver,CID232082,Bike,Sahakar Nagar,Chamarajpet,,,Not Applicable,Personal & Car related issue,Not Applicable,Not Applicable,403,Not Applicable,0,,
2024-07-22 05:33:00,CNR8529834830,Success,CID971097,eBike,Indiranagar,Yelahanka,231.0,70.0,Not Applicable,Not Applicable,No,Not Applicable,183,UPI,41,3.0,3.2
2024-07-28 00:05:00,CNR6508628637,Canceled by Driver,CID649797,Mini,Bannerghatta Road,Kengeri,,,Not Applicable,Customer related issue,Not Applicable,Not Applicable,701,Not Applicable,0,,
2024-07-02 22:54:00,CNR6453828722,Success,CID172086,Auto,Shivajinagar,Chickpet,133.0,145.0,Not Applicable,Not Applicable,No,Not Applicable,463,Cash,3,4.5,4.0
2024-07-23 17:45:00,CNR3597523319,Success,CID559099,Auto,Marathahalli,Rajajinagar,224.0,110.0,Not Applicable,Not Applicable,No,Not Applicable,297,Cash,18,3.1,4.2
2024-07-24 16:35:00,CNR8515958919,Canceled by Customer,CID958365,Prime Sedan,Cox Town,Mysore Road,,,Driver is not moving towards pickup location,Not Applicable,Not Applicable,Not Applicable,110,Not Applicable,0,,
2024-07-16 21:53:00,CNR8819685148,Driver Not Found,CID291420,eBike,Chamarajpet,Sahakar Nagar,,,Not Applicable,Not Applicable,Not Applicable,Not Applicable,277,Not Applicable,0,,
2024-07-16 05:15:00,CNR8951378216,Driver Not Found,CID624308,Prime Plus,Electronic City,Frazer Town,,,Not Applicable,Not Applicable,Not Applicable,Not Applicable,111,Not Applicable,0,,
2024-07-03 15:18:00,CNR8397218184,Canceled by Driver,CID683660,Bike,BTM Layout,Sarjapur Road,,,Not Applicable,Personal & Car related issue,Not Applicable,Not Applicable,440,Not Applicable,0,,
2024-07-27 02:16:00,CNR7256826910,Canceled by Driver,CID959936,Prime SUV,Varthur,Indiranagar,,,Not Applicable,Customer related issue,Not Applicable,Not Applicable,122,Not Applicable,0,,
2024-07-12 06:33:00,CNR3722698572,Success,CID253891,Mini,Basavanagudi,Majestic,280.0,65.0,Not Applicable,Not Applicable,No,Not Applicable,287,Cash,22,4.3,4.2
2024-07-25 22:40:00,CNR3007918959,Success,CID370251,Prime Sedan,Mysore Road,Yeshwanthpur,196.0,60.0,Not Applicable,Not Applicable,No,Not Applicable,937,Cash,7,4.9,3.5
2024-07-21 20:47:00,CNR3907720232,Success,CID411463,eBike,Bannerghatta Road,Marathahalli,161.0,115.0,Not Applicable,Not Applicable,No,Not Applicable,128,Cash,41,3.7,3.3
2024-07-11 00:22:00,CNR4356436823,Success,CID116818,Auto,Basavanagudi,Malleshwaram,77.0,70.0,Not Applicable,Not Applicable,No,Not Applicable,208,Cash,11,4.5,4.8
2024-07-03 15:31:00,CNR4007678664,Canceled by Customer,CID690975,Prime Sedan,Malleshwaram,Electronic City,,,Change of plans,Not Applicable,Not Applicable,Not Applicable,226,Not Applicable,0,,
2024-07-17 00:06:00,CNR8973081805,Success,CID772201,Prime SUV,Nagarbhavi,Bellandur,224.0,110.0,Not Applicable,Not Applicable,Yes,Vehicle Breakdown,764,UPI,33,4.0,3.7
2024-07-24 14:28:00,CNR3405844133,Success,CID861312,Mini,Malleshwaram,Bannerghatta Road,63.0,125.0,Not Applicable,Not Applicable,No,Not Applicable,243,Cash,44,3.0,4.0
2024-07-21 11:51:00,CNR5666165608,Driver Not Found,CID302684,Mini,Cox Town,Chickpet,,,Not Applicable,Not Applicable,Not Applicable,Not Applicable,976,Not Applicable,0,,
2024-07-12 00:47:00,CNR3344762197,Success,CID816465,Bike,Richmond Town,MG Road,112.0,25.0,Not Applicable,Not Applicable,No,Not Applicable,313,UPI,24,4.1,3.5
2024-07-21 11:25:00,CNR5175578365,Success,CID274864,Prime SUV,Kammanahalli,Peenya,294.0,110.0,Not Applicable,Not Applicable,No,Not Applicable,492,Credit Card,39,3.7,3.2
2024-07-30 09:52:00,CNR1622584212,Canceled by Driver,CID621710,Prime SUV,Magadi Road,Basavanagudi,,,Not Applicable,Personal & Car related issue,Not Applicable,Not Applicable,443,Not Applicable,0,,
2024-07-25 00:06:00,CNR2102104911,Success,CID763849,Auto,KR Puram,Peenya,98.0,120.0,Not Applicable,Not Applicable,No,Not Applicable,443,Credit Card,8,3.3,3.4
2024-07-06 15:44:00,CNR4293538788,Success,CID311922,Bike,Bellandur,Bannerghatta Road,252.0,100.0,Not Applicable,Not Applicable,No,Not Applicable,897,Cash,17,5.0,4.9
2024-07-06 21:50:00,CNR1613152376,Canceled by Customer,CID902923,Mini,Koramangala,Peenya,,,Driver asked to cancel,Not Applicable,Not Applicable,Not Applicable,465,Not Applicable,0,,
2024-07-18 20:49:00,CNR5086378726,Success,CID186413,Prime Plus,Cox Town,Whitefield,273.0,95.0,Not Applicable,Not Applicable,No,Not Applicable,2507,Cash,21,3.6,3.3
2024-07-30 00:07:00,CNR2197355195,Success,CID966237,Prime SUV,Malleshwaram,Kengeri,77.0,70.0,Not Applicable,Not Applicable,No,Not Applicable,373,Cash,6,4.1,3.3
2024-07-28 13:53:00,CNR3561525779,Success,CID377138,Prime Plus,RT Nagar,Hebbal,119.0,25.0,Not Applicable,Not Applicable,No,Not Applicable,373,Cash,49,3.2,4.6
2024-07-09 07:23:00,CNR8243249511,Canceled by Driver,CID544216,Auto,Jayanagar,Bannerghatta Road,,,Not Applicable,Customer was coughing/sick,Not Applicable,Not Applicable,215,Not Applicable,0,,
2024-07-30 23:48:00,CNR9271293109,Driver Not Found,CID517238,Prime Sedan,Kadugodi,Shantinagar,,,Not Applicable,Not Applicable,Not Applicable,Not Applicable,185,Not Applicable,0,,
2024-07-09 11:27:00,CNR5009313577,Success,CID676804,Prime Sedan,Hosur Road,Richmond Town,63.0,120.0,Not Applicable,Not Applicable,No,Not Applicable,108,Cash,28,3.7,4.3
2024-07-03 09:32:00,CNR2886239286,Canceled by Customer,CID885082,Auto,Majestic,HSR Layout,,,Driver asked to cancel,Not Applicable,Not Applicable,Not Applicable,187,Not Applicable,0,,
2024-07-21 10:16:00,CNR7892851950,Success,CID174589,Auto,Yeshwanthpur,Magadi Road,287.0,30.0,Not Applicable,Not Applicable,No,Not Applicable,2274,Cash,16,4.7,4.0
2024-07-10 15:42:00,CNR1543962684,Success,CID790190,Mini,MG Road,Tumkur Road,126.0,25.0,Not Applicable,Not Applicable,No,Not Applicable,908,Cash,48,4.5,4.9
2024-07-22 10:37:00,CNR3744915296,Success,CID111298,eBike,Koramangala,Tumkur Road,245.0,95.0,Not Applicable,Not Applicable,No,Not Applicable,1431,UPI,4,3.0,3.0
2024-07-10 18:17:00,CNR1155337496,Driver Not Found,CID485522,eBike,HSR Layout,Padmanabhanagar,,,Not Applicable,Not Applicable,Not Applicable,Not Applicable,775,Not Applicable,0,,
2024-07-07 22:51:00,CNR6928878836,Success,CID700548,Bike,Malleshwaram,Shantinagar,210.0,130.0,Not Applicable,Not Applicable,No,Not Applicable,297,UPI,13,3.6,4.8
2024-07-29 12:19:00,CNR1723953630,Success,CID787477,Auto,Hulimavu,Hennur,168.0,80.0,Not Applicable,Not Applicable,No,Not Applicable,620,Cash,13,4.3,3.4
2024-07-18 14:46:00,CNR5614829264,Canceled by Driver,CID969368,Auto,Hulimavu,Richmond Town,,,Not Applicable,More than permitted people in there,Not Applicable,Not Applicable,877,Not Applicable,0,,
2024-07-09 11:28:00,CNR1302392228,Success,CID500937,Prime SUV,Jayanagar,Devanahalli,63.0,140.0,Not Applicable,Not Applicable,No,Not Applicable,983,Credit Card,19,3.7,4.7
2024-07-25 15:55:00,CNR4066885492,Success,CID994610,eBike,Chickpet,Hulimavu,98.0,130.0,Not Applicable,Not Applicable,No,Not Applicable,476,Cash,32,3.8,4.1
2024-07-14 00:22:00,CNR2957432453,Success,CID560993,Bike,Sarjapur Road,Rajarajeshwari Nagar,105.0,85.0,Not Applicable,Not Applicable,No,Not Applicable,432,Cash,4,3.8,4.1
2024-07-29 20:55:00,CNR7392939765,Success,CID550559,Mini,Electronic City,Bellandur,217.0,110.0,Not Applicable,Not Applicable,Yes,Customer Demand,243,Cash,46,3.9,3.9
2024-07-04 19:22:00,CNR9647335054,Success,CID697331,Prime Plus,Koramangala,Sarjapur Road,196.0,120.0,Not Applicable,Not Applicable,No,Not Applicable,225,UPI,5,3.8,3.7
2024-07-28 00:39:00,CNR9513918711,Success,CID245328,Bike,Chickpet,KR Puram,147.0,45.0,Not Applicable,Not Applicable,No,Not Applicable,494,Cash,21,4.2,4.0
2024-07-06 02:05:00,CNR2713204737,Success,CID422222,Auto,Whitefield,Frazer Town,210.0,45.0,Not Applicable,Not Applicable,No,Not Applicable,140,Cash,2,3.7,3.2
2024-07-25 06:58:00,CNR9309425721,Success,CID425288,Prime Plus,RT Nagar,Marathahalli,63.0,85.0,Not Applicable,Not Applicable,No,Not Applicable,185,UPI,9,4.9,4.8
2024-07-15 23:04:00,CNR5367463443,Success,CID265596,Bike,Marathahalli,Kadugodi,224.0,60.0,Not Applicable,Not Applicable,No,Not Applicable,458,Cash,43,3.2,4.1
2024-07-16 12:42:00,CNR9341746190,Canceled by Driver,CID749845,eBike,Peenya,RT Nagar,,,Not Applicable,Customer related issue,Not Applicable,Not Applicable,943,Not Applicable,0,,
2024-07-11 09:09:00,CNR4808967993,Canceled by Customer,CID741682,Mini,Chamarajpet,Shivajinagar,,,Change of plans,Not Applicable,Not Applicable,Not Applicable,976,Not Applicable,0,,
2024-07-16 12:45:00,CNR6266840122,Success,CID294860,Bike,Electronic City,Yelahanka,196.0,105.0,Not Applicable,Not Applicable,No,Not Applicable,249,UPI,38,3.6,4.5
2024-07-26 14:59:00,CNR1505453466,Canceled by Driver,CID365156,eBike,Ramamurthy Nagar,Electronic City,,,Not Applicable,Customer related issue,Not Applicable,Not Applicable,1902,Not Applicable,0,,
2024-07-24 18:42:00,CNR3259686002,Success,CID635248,Prime SUV,Rajarajeshwari Nagar,MG Road,245.0,30.0,Not Applicable,Not Applicable,No,Not Applicable,197,UPI,2,3.1,3.7
2024-07-30 22:35:00,CNR3085916573,Success,CID429329,Prime SUV,Peenya,Rajarajeshwari Nagar,203.0,135.0,Not Applicable,Not Applicable,No,Not Applicable,291,UPI,5,3.1,3.1
2024-07-13 08:55:00,CNR3739574932,Success,CID550191,Auto,Hebbal,HSR Layout,98.0,105.0,Not Applicable,Not Applicable,No,Not Applicable,253,Cash,5,4.8,3.5
2024-07-01 16:37:00,CNR5103321223,Success,CID426880,Prime Sedan,Hulimavu,Yelahanka,203.0,140.0,Not Applicable,Not Applicable,No,Not Applicable,118,Cash,13,3.9,3.4
2024-07-22 04:28:00,CNR4897112443,Success,CID859935,Prime Sedan,Frazer Town,Hulimavu,63.0,25.0,Not Applicable,Not Applicable,No,Not Applicable,1227,Cash,5,4.4,4.0
2024-07-24 05:26:00,CNR9282181234,Canceled by Driver,CID965922,eBike,Mysore Road,Varthur,,,Not Applicable,More than permitted people in there,Not Applicable,Not Applicable,432,Not Applicable,0,,
2024-07-15 17:15:00,CNR6037678011,Canceled by Customer,CID837231,Prime Sedan,Kadugodi,HSR Layout,,,Driver is not moving towards pickup location,Not Applicable,Not Applicable,Not Applicable,766,Not Applicable,0,,
2024-07-08 11:52:00,CNR3546160859,Canceled by Driver,CID936033,Prime Sedan,Kengeri,BTM Layout,,,Not Applicable,Customer related issue,Not Applicable,Not Applicable,257,Not Applicable,0,,
2024-07-07 13:19:00,CNR3975114168,Canceled by Customer,CID337982,Mini,Cox Town,Electronic City,,,Wrong Address,Not Applicable,Not Applicable,Not Applicable,261,Not Applicable,0,,
2024-07-24 13:08:00,CNR3046571288,Canceled by Customer,CID197258,Bike,Chamarajpet,Padmanabhanagar,,,Driver asked to cancel,Not Applicable,Not Applicable,Not Applicable,342,Not Applicable,0,,
2024-07-03 04:17:00,CNR5211968624,Canceled by Driver,CID964033,Bike,Rajajinagar,Whitefield,,,Not Applicable,Customer related issue,Not Applicable,Not Applicable,223,Not Applicable,0,,
2024-07-26 10:07:00,CNR6851778951,Success,CID518674,Auto,Hennur,Varthur,56.0,40.0,Not Applicable,Not Applicable,No,Not Applicable,326,UPI,6,3.0,4.1
2024-07-10 13:27:00,CNR9084322213,Success,CID846926,Mini,Kadugodi,Varthur,182.0,55.0,Not Applicable,Not Applicable,No,Not Applicable,155,Cash,9,3.8,4.6
2024-07-01 04:54:00,CNR6126438177,Canceled by Customer,CID245060,Mini,Chickpet,Banashankari,,,Change of plans,Not Applicable,Not Applicable,Not Applicable,428,Not Applicable,0,,
2024-07-09 17:58:00,CNR3759382188,Success,CID365324,eBike,Marathahalli,Banashankari,77.0,80.0,Not Applicable,Not Applicable,No,Not Applicable,173,UPI,3,3.4,4.8
2024-07-27 00:16:00,CNR7064370295,Driver Not Found,CID599339,Auto,Whitefield,Rajarajeshwari Nagar,,,Not Applicable,Not Applicable,Not Applicable,Not Applicable,234,Not Applicable,0,,
2024-07-26 04:37:00,CNR9788267849,Driver Not Found,CID291305,Prime Sedan,Yelahanka,Varthur,,,Not Applicable,Not Applicable,Not Applicable,Not Applicable,323,Not Applicable,0,,
2024-07-27 11:22:00,CNR1498618489,Driver Not Found,CID931028,Prime SUV,Electronic City,Cox Town,,,Not Applicable,Not Applicable,Not Applicable,Not Applicable,1336,Not Applicable,0,,
2024-07-29 12:02:00,CNR1430932660,Success,CID467455,Mini,Bellandur,Ramamurthy Nagar,98.0,25.0,Not Applicable,Not Applicable,No,Not Applicable,284,Cash,36,3.6,3.2
2024-07-15 15:55:00,CNR2600098732,Success,CID939530,Bike,Hebbal,Rajarajeshwari Nagar,301.0,70.0,Not Applicable,Not Applicable,No,Not Applicable,324,Cash,1,3.6,3.7
2024-07-24 08:43:00,CNR1045968458,Success,CID341686,Mini,Richmond Town,Vijayanagar,182.0,55.0,Not Applicable,Not Applicable,No,Not Applicable,2881,Cash,6,4.2,5.0
2024-07-29 14:54:00,CNR3843195419,Canceled by Driver,CID320536,Prime SUV,Vijayanagar,Hennur,,,Not Applicable,Customer was coughing/sick,Not Applicable,Not Applicable,775,Not Applicable,0,,
2024-07-20 04:13:00,CNR5609847414,Success,CID572239,Prime Plus,Vijayanagar,Shantinagar,280.0,45.0,Not Applicable,Not Applicable,No,Not Applicable,358,UPI,10,4.8,3.7
2024-07-03 02:43:00,CNR2290863389,Success,CID323000,Prime Sedan,Whitefield,Rajarajeshwari Nagar,175.0,115.0,Not Applicable,Not Applicable,No,Not Applicable,1668,Cash,29,4.9,4.7
2024-07-03 04:52:00,CNR8993537090,Driver Not Found,CID925764,Mini,Majestic,Yeshwanthpur,,,Not Applicable,Not Applicable,Not Applicable,Not Applicable,239,Not Applicable,0,,
2024-07-21 09:58:00,CNR2488554694,Success,CID848853,eBike,Whitefield,Malleshwaram,84.0,45.0,Not Applicable,Not Applicable,No,Not Applicable,218,Cash,45,3.9,5.0
2024-07-11 05:33:00,CNR5426707839,Success,CID574698,Prime Sedan,Ramamurthy Nagar,Shivajinagar,273.0,30.0,Not Applicable,Not Applicable,No,Not Applicable,203,Cash,27,5.0,4.3
2024-07-20 13:02:00,CNR3972451568,Success,CID407328,Auto,Yelahanka,Majestic,35.0,90.0,Not Applicable,Not Applicable,No,Not Applicable,166,Cash,14,3.8,3.6
2024-07-12 04:01:00,CNR7182717249,Success,CID294725,Prime Plus,KR Puram,Majestic,84.0,90.0,Not Applicable,Not Applicable,No,Not Applicable,868,Cash,46,3.4,3.8
2024-07-04 18:46:00,CNR3769969607,Success,CID670182,eBike,Peenya,Yelahanka,175.0,145.0,Not Applicable,Not Applicable,No,Not Applicable,562,Cash,15,3.2,4.0
2024-07-28 07:56:00,CNR7412641853,Canceled by Customer,CID504323,Prime Plus,Majestic,Yeshwanthpur,,,AC is Not working,Not Applicable,Not Applicable,Not Applicable,376,Not Applicable,0,,
2024-07-25 05:30:00,CNR6111089592,Success,CID987593,eBike,Varthur,Rajarajeshwari Nagar,175.0,130.0,Not Applicable,Not Applicable,No,Not Applicable,162,Cash,47,3.1,5.0
2024-07-03 10:48:00,CNR9669773179,Success,CID852646,Auto,Langford Town,Koramangala,266.0,90.0,Not Applicable,Not Applicable,No,Not Applicable,620,Cash,7,4.0,4.6
2024-07-15 12:01:00,CNR1807731584,Canceled by Driver,CID464831,Mini,Mysore Road,Whitefield,,,Not Applicable,Personal & Car related issue,Not Applicable,Not Applicable,767,Not Applicable,0,,
2024-07-29 16:22:00,CNR4137513616,Success,CID875095,Prime Sedan,HSR Layout,Marathahalli,266.0,50.0,Not Applicable,Not Applicable,No,Not Applicable,789,Cash,7,4.0,3.4
2024-07-12 08:03:00,CNR7792682615,Success,CID609399,eBike,Ulsoor,Sarjapur Road,161.0,145.0,Not Applicable,Not Applicable,No,Not Applicable,294,Cash,15,4.4,3.9
2024-07-01 09:16:00,CNR2698657257,Success,CID473574,Prime Sedan,Kadugodi,Mysore Road,140.0,25.0,Not Applicable,Not Applicable,No,Not Applicable,1811,Credit Card,36,3.6,3.8
2024-07-18 03:13:00,CNR2539604267,Success,CID642066,Auto,Chickpet,Chamarajpet,112.0,90.0,Not Applicable,Not Applicable,No,Not Applicable,132,UPI,4,4.0,3.2
2024-07-04 23:59:00,CNR4563239256,Canceled by Driver,CID848372,Prime Plus,Kadugodi,Ramamurthy Nagar,,,Not Applicable,Personal & Car related issue,Not Applicable,Not Applicable,526,Not Applicable,0,,
2024-07-17 19:47:00,CNR1205190340,Canceled by Customer,CID788862,Mini,Shantinagar,Tumkur Road,,,Wrong Address,Not Applicable,Not Applicable,Not Applicable,231,Not Applicable,0,,
2024-07-06 15:24:00,CNR9798618550,Success,CID794579,Prime SUV,RT Nagar,Kengeri,189.0,70.0,Not Applicable,Not Applicable,No,Not Applicable,428,Cash,35,3.8,4.3
2024-07-05 19:40:00,CNR6156244821,Success,CID612374,Auto,Malleshwaram,Electronic City,182.0,55.0,Not Applicable,Not Applicable,No,Not Applicable,280,UPI,5,3.8,4.4
2024-07-01 13:19:00,CNR5769218407,Success,CID968595,eBike,Frazer Town,Rajarajeshwari Nagar,119.0,115.0,Not Applicable,Not Applicable,No,Not Applicable,275,UPI,33,3.7,3.8
2024-07-14 23:15:00,CNR1423517384,Success,CID940183,Prime Plus,Yelahanka,Hosur Road,126.0,120.0,Not Applicable,Not Applicable,Yes,Other Issue,127,UPI,1,4.0,3.6
2024-07-29 02:48:00,CNR3362884047,Canceled by Customer,CID616784,Prime SUV,Chickpet,Koramangala,,,Driver asked to cancel,Not Applicable,Not Applicable,Not Applicable,268,Not Applicable,0,,
2024-07-08 22:27:00,CNR9347886992,Success,CID967875,Mini,Padmanabhanagar,Chamarajpet,56.0,130.0,Not Applicable,Not Applicable,No,Not Applicable,198,UPI,19,3.1,4.2
2024-07-20 16:23:00,CNR8309493300,Success,CID870274,Prime Plus,Malleshwaram,Hebbal,63.0,145.0,Not Applicable,Not Applicable,No,Not Applicable,285,Cash,46,3.0,4.2
2024-07-05 07:25:00,CNR4856110330,Success,CID851921,Auto,Kadugodi,Richmond Town,133.0,105.0,Not Applicable,Not Applicable,No,Not Applicable,370,UPI,6,4.6,3.0
2024-07-30 19:43:00,CNR7813520863,Success,CID375355,eBike,Ulsoor,Vijayanagar,42.0,145.0,Not Applicable,Not Applicable,No,Not Applicable,161,UPI,41,3.4,4.3
2024-07-28 18:45:00,CNR7869773835,Success,CID351192,Auto,Richmond Town,Padmanabhanagar,245.0,105.0,Not Applicable,Not Applicable,No,Not Applicable,340,Cash,17,4.5,3.0
2024-07-24 13:48:00,CNR2586429480,Driver Not Found,CID614548,Prime Plus,Langford Town,Sahakar Nagar,,,Not Applicable,Not Applicable,Not Applicable,Not Applicable,326,Not Applicable,0,,
2024-07-17 18:24:00,CNR8340996840,Canceled by Customer,CID648335,Prime SUV,Sarjapur Road,Padmanabhanagar,,,Driver asked to cancel,Not Applicable,Not Applicable,Not Applicable,455,Not Applicable,0,,
2024-07-26 11:46:00,CNR6260647849,Canceled by Driver,CID350664,Bike,Nagarbhavi,Bannerghatta Road,,,Not Applicable,Personal & Car related issue,Not Applicable,Not Applicable,674,Not Applicable,0,,
2024-07-11 22:26:00,CNR2031891848,Success,CID877467,eBike,Chickpet,Richmond Town,259.0,60.0,Not Applicable,Not Applicable,No,Not Applicable,776,Cash,49,3.1,4.4
2024-07-12 19:15:00,CNR5652610669,Success,CID193691,Mini,Majestic,Banashankari,119.0,140.0,Not Applicable,Not Applicable,No,Not Applicable,433,Cash,1,3.5,3.4
2024-07-19 14:53:00,CNR5278294846,Success,CID260972,Bike,Electronic City,Indiranagar,252.0,55.0,Not Applicable,Not Applicable,No,Not Applicable,195,Credit Card,38,4.4,4.4
2024-07-27 10:26:00,CNR9515952384,Success,CID584839,Mini,Ulsoor,Ulsoor,154.0,130.0,Not Applicable,Not Applicable,No,Not Applicable,178,Cash,42,3.4,3.5
2024-07-23 00:30:00,CNR6856108806,Success,CID696673,Mini,Rajarajeshwari Nagar,Sarjapur Road,210.0,65.0,Not Applicable,Not Applicable,No,Not Applicable,186,Cash,7,4.1,3.7
2024-07-08 23:27:00,CNR8851132279,Success,CID262079,Auto,Koramangala,Devanahalli,175.0,30.0,Not Applicable,Not Applicable,No,Not Applicable,415,UPI,14,4.3,4.1
2024-07-06 09:21:00,CNR2515328742,Canceled by Customer,CID395605,Prime Sedan,Nagarbhavi,RT Nagar,,,AC is Not working,Not Applicable,Not Applicable,Not Applicable,112,Not Applicable,0,,
2024-07-29 12:10:00,CNR6033705565,Success,CID707729,Prime Sedan,Nagarbhavi,Shantinagar,42.0,100.0,Not Applicable,Not Applicable,No,Not Applicable,1935,Cash,26,3.6,3.3
2024-07-29 03:31:00,CNR8828998383,Success,CID813219,Prime Plus,Richmond Town,Frazer Town,35.0,60.0,Not Applicable,Not Applicable,No,Not Applicable,365,UPI,38,4.6,3.4
2024-07-09 03:57:00,CNR4000441174,Canceled by Driver,CID879653,Prime SUV,Banashankari,Ulsoor,,,Not Applicable,Personal & Car related issue,Not Applicable,Not Applicable,185,Not Applicable,0,,
2024-07-11 08:09:00,CNR6620211105,Driver Not Found,CID719686,Prime Sedan,Hebbal,Shantinagar,,,Not Applicable,Not Applicable,Not Applicable,Not Applicable,715,Not Applicable,0,,
2024-07-19 23:53:00,CNR8473222785,Canceled by Driver,CID610750,Mini,Marathahalli,Shantinagar,,,Not Applicable,More than permitted people in there,Not Applicable,Not Applicable,2370,Not Applicable,0,,
2024-07-09 22:42:00,CNR5329454047,Canceled by Customer,CID618456,Mini,Ulsoor,Marathahalli,,,Driver asked to cancel,Not Applicable,Not Applicable,Not Applicable,916,Not Applicable,0,,
2024-07-12 21:46:00,CNR3971658376,Success,CID545599,Bike,Mysore Road,Hebbal,189.0,30.0,Not Applicable,Not Applicable,No,Not Applicable,475,UPI,43,4.7,4.8
2024-07-06 17:55:00,CNR6976495865,Success,CID836057,Prime SUV,Yeshwanthpur,HSR Layout,161.0,45.0,Not Applicable,Not Applicable,No,Not Applicable,996,Cash,19,3.5,3.1
2024-07-17 23:00:00,CNR7299033823,Canceled by Driver,CID807252,Prime SUV,Kammanahalli,Rajajinagar,,,Not Applicable,More than permitted people in there,Not Applicable,Not Applicable,444,Not Applicable,0,,
2024-07-20 20:42:00,CNR7624639233,Driver Not Found,CID587376,Prime SUV,MG Road,Marathahalli,,,Not Applicable,Not Applicable,Not Applicable,Not Applicable,201,Not Applicable,0,,
2024-07-30 11:58:00,CNR6609318970,Success,CID124741,Auto,Ramamurthy Nagar,Shivajinagar,147.0,95.0,Not Applicable,Not Applicable,No,Not Applicable,255,Cash,10,3.8,3.7
2024-07-16 23:21:00,CNR5896156334,Success,CID339215,Bike,Banashankari,Ramamurthy Nagar,196.0,115.0,Not Applicable,Not Applicable,No,Not Applicable,359,Cash,10,3.2,4.7
2024-07-25 15:47:00,CNR9539906238,Success,CID686345,Mini,Yelahanka,Cox Town,273.0,80.0,Not Applicable,Not Applicable,No,Not Applicable,129,Cash,17,4.9,3.5
2024-07-29 07:21:00,CNR1797836277,Success,CID759282,Prime Plus,BTM Layout,Indiranagar,273.0,35.0,Not Applicable,Not Applicable,No,Not Applicable,477,Cash,23,3.6,4.7
2024-07-01 09:35:00,CNR9397290868,Success,CID252513,eBike,Kadugodi,Ulsoor,294.0,100.0,Not Applicable,Not Applicable,No,Not Applicable,417,Cash,26,4.3,4.3
2024-07-19 18:07:00,CNR3028707826,Success,CID646285,Mini,Rajajinagar,Basavanagudi,35.0,95.0,Not Applicable,Not Applicable,No,Not Applicable,622,UPI,49,4.4,3.8
2024-07-09 11:45:00,CNR1069719408,Canceled by Driver,CID958134,Prime SUV,Frazer Town,JP Nagar,,,Not Applicable,Customer was coughing/sick,Not Applicable,Not Applicable,2254,Not Applicable,0,,
2024-07-17 04:01:00,CNR4635574815,Canceled by Customer,CID661976,Bike,Basavanagudi,Mysore Road,,,Driver is not moving towards pickup location,Not Applicable,Not Applicable,Not Applicable,190,Not Applicable,0,,
2024-07-14 00:03:00,CNR4394520954,Driver Not Found,CID207798,Auto,Malleshwaram,Indiranagar,,,Not Applicable,Not Applicable,Not Applicable,Not Applicable,493,Not Applicable,0,,
2024-07-21 08:44:00,CNR9035493623,Success,CID296676,Prime SUV,Hulimavu,Majestic,287.0,70.0,Not Applicable,Not Applicable,No,Not Applicable,347,UPI,17,3.8,3.9
2024-07-11 14:22:00,CNR1037836149,Success,CID860310,Auto,Mysore Road,JP Nagar,70.0,130.0,Not Applicable,Not Applicable,No,Not Applicable,918,Cash,8,3.1,4.5
2024-07-25 23:56:00,CNR8403497955,Driver Not Found,CID800067,Prime Plus,Chamarajpet,Vijayanagar,,,Not Applicable,Not Applicable,Not Applicable,Not Applicable,493,Not Applicable,0,,
2024-07-19 21:42:00,CNR5979273315,Driver Not Found,CID930192,eBike,Majestic,Mysore Road,,,Not Applicable,Not Applicable,Not Applicable,Not Applicable,459,Not Applicable,0,,
2024-07-21 23:41:00,CNR2316928991,Success,CID783577,eBike,Koramangala,KR Puram,182.0,70.0,Not Applicable,Not Applicable,No,Not Applicable,876,Cash,15,3.9,4.7
2024-07-09 01:15:00,CNR6632899431,Success,CID142313,Mini,Jayanagar,Yeshwanthpur,217.0,110.0,Not Applicable,Not Applicable,No,Not Applicable,381,UPI,40,3.1,3.5
2024-07-10 20:37:00,CNR5568786901,Success,CID557095,Prime Sedan,Indiranagar,BTM Layout,238.0,120.0,Not Applicable,Not Applicable,No,Not Applicable,183,Cash,24,4.2,3.7
2024-07-09 03:25:00,CNR9068920473,Canceled by Driver,CID917271,Prime SUV,Basavanagudi,Malleshwaram,,,Not Applicable,More than permitted people in there,Not Applicable,Not Applicable,753,Not Applicable,0,,
2024-07-09 11:54:00,CNR6969143687,Success,CID144949,Prime Plus,Frazer Town,Bellandur,91.0,125.0,Not Applicable,Not Applicable,No,Not Applicable,303,Cash,40,4.7,4.9
2024-07-05 15:11:00,CNR9423651064,Canceled by Customer,CID201400,Bike,Kengeri,Hennur,,,Driver is not moving towards pickup location,Not Applicable,Not Applicable,Not Applicable,384,Not Applicable,0,,
2024-07-27 13:03:00,CNR7118838867,Canceled by Driver,CID816540,Prime Plus,JP Nagar,Sahakar Nagar,,,Not Applicable,More than permitted people in there,Not Applicable,Not Applicable,777,Not Applicable,0,,
2024-07-14 23:19:00,CNR2492765140,Driver Not Found,CID832118,Prime SUV,KR Puram,Yelahanka,,,Not Applicable,Not Applicable,Not Applicable,Not Applicable,450,Not Applicable,0,,
2024-07-26 08:06:00,CNR4054237034,Success,CID227624,Bike,Yeshwanthpur,RT Nagar,301.0,35.0,Not Applicable,Not Applicable,Yes,Other Issue,124,UPI,14,4.7,4.8
2024-07-13 11:34:00,CNR1346804238,Success,CID696011,eBike,Chickpet,HSR Layout,42.0,50.0,Not Applicable,Not Applicable,No,Not Applicable,331,Cash,38,3.7,3.4
2024-07-16 15:55:00,CNR3453558198,Canceled by Customer,CID276467,Prime Plus,Nagarbhavi,Hosur Road,,,Wrong Address,Not Applicable,Not Applicable,Not Applicable,107,Not Applicable,0,,
2024-07-23 14:28:00,CNR2375676312,Success,CID461219,Prime Sedan,KR Puram,Hennur,112.0,145.0,Not Applicable,Not Applicable,No,Not Applicable,142,UPI,41,4.7,4.6
2024-07-28 18:28:00,CNR3403030320,Success,CID567665,Bike,Sahakar Nagar,MG Road,280.0,70.0,Not Applicable,Not Applicable,No,Not Applicable,136,Cash,21,4.3,3.7
2024-07-22 05:57:00,CNR6221088316,Success,CID933402,eBike,Shivajinagar,Rajarajeshwari Nagar,56.0,100.0,Not Applicable,Not Applicable,No,Not Applicable,1085,Cash,15,3.3,3.7
2024-07-30 01:28:00,CNR7959780089,Success,CID631472,eBike,Basavanagudi,Majestic,91.0,85.0,Not Applicable,Not Applicable,No,Not Applicable,829,UPI,38,3.6,3.9
2024-07-11 00:59:00,CNR9261678753,Success,CID856549,Prime Sedan,RT Nagar,Varthur,196.0,40.0,Not Applicable,Not Applicable,No,Not Applicable,502,Cash,9,5.0,4.1
2024-07-19 04:32:00,CNR4945820692,Driver Not Found,CID537156,Bike,Peenya,MG Road,,,Not Applicable,Not Applicable,Not Applicable,Not Applicable,303,Not Applicable,0,,
2024-07-08 12:46:00,CNR6470056960,Success,CID445478,Bike,Rajajinagar,KR Puram,105.0,35.0,Not Applicable,Not Applicable,No,Not Applicable,248,Cash,33,4.1,4.8
2024-07-28 13:35:00,CNR7594336549,Driver Not Found,CID351057,Prime SUV,Rajarajeshwari Nagar,Shivajinagar,,,Not Applicable,Not Applicable,Not Applicable,Not Applicable,219,Not Applicable,0,,
2024-07-30 23:32:00,CNR5658520404,Success,CID139157,Auto,Peenya,Hennur,119.0,105.0,Not Applicable,Not Applicable,No,Not Applicable,217,UPI,4,4.3,3.8
2024-07-16 21:52:00,CNR8002883766,Success,CID731373,Prime SUV,Tumkur Road,Bannerghatta Road,203.0,35.0,Not Applicable,Not Applicable,No,Not Applicable,297,Cash,8,4.4,4.8
2024-07-28 19:32:00,CNR1078264796,Driver Not Found,CID700271,Prime Plus,Chamarajpet,Shantinagar,,,Not Applicable,Not Applicable,Not Applicable,Not Applicable,353,Not Applicable,0,,
2024-07-01 15:41:00,CNR2553037059,Success,CID746068,Prime SUV,Yelahanka,JP Nagar,154.0,45.0,Not Applicable,Not Applicable,Yes,Vehicle Breakdown,217,Cash,39,4.7,4.1
2024-07-07 17:37:00,CNR6954419533,Success,CID785427,eBike,Padmanabhanagar,Koramangala,238.0,90.0,Not Applicable,Not Applicable,No,Not Applicable,138,Cash,21,4.8,4.5
2024-07-04 08:02:00,CNR9992267490,Canceled by Driver,CID415002,Bike,Frazer Town,Peenya,,,Not Applicable,Personal & Car related issue,Not Applicable,Not Applicable,136,Not Applicable,0,,
2024-07-16 18:46:00,CNR4318298774,Success,CID329617,Bike,Majestic,Hennur,77.0,30.0,Not Applicable,Not Applicable,No,Not Applicable,142,UPI,11,4.8,3.8
2024-07-29 08:34:00,CNR9165427334,Success,CID181647,Prime Plus,Koramangala,Majestic,217.0,55.0,Not Applicable,Not Applicable,No,Not Applicable,378,Cash,43,3.9,4.1
2024-07-09 19:20:00,CNR8659704090,Canceled by Driver,CID426798,Mini,Basavanagudi,Langford Town,,,Not Applicable,Customer was coughing/sick,Not Applicable,Not Applicable,290,Not Applicable,0,,
2024-07-24 01:07:00,CNR2514492690,Success,CID405701,Mini,Banashankari,Indiranagar,287.0,135.0,Not Applicable,Not Applicable,No,Not Applicable,177,Cash,44,3.8,3.3
2024-07-28 00:28:00,CNR1990036794,Canceled by Driver,CID530932,Mini,Kammanahalli,Shantinagar,,,Not Applicable,Personal & Car related issue,Not Applicable,Not Applicable,127,Not Applicable,0,,
2024-07-14 09:13:00,CNR6482523931,Success,CID801432,Mini,Yeshwanthpur,Hennur,287.0,45.0,Not Applicable,Not Applicable,No,Not Applicable,466,Cash,17,4.6,3.6
2024-07-17 06:18:00,CNR9559880272,Canceled by Driver,CID613475,eBike,Sarjapur Road,Magadi Road,,,Not Applicable,Customer was coughing/sick,Not Applicable,Not Applicable,310,Not Applicable,0,,
2024-07-02 05:31:00,CNR5909793044,Success,CID593766,Bike,Indiranagar,Padmanabhanagar,168.0,70.0,Not Applicable,Not Applicable,No,Not Applicable,517,UPI,34,4.2,4.0
2024-07-21 20:29:00,CNR1973733128,Canceled by Customer,CID611595,Auto,Koramangala,Chickpet,,,AC is Not working,Not Applicable,Not Applicable,Not Applicable,121,Not Applicable,0,,
2024-07-08 16:03:00,CNR1582221264,Driver Not Found,CID972961,Prime Plus,Basavanagudi,Malleshwaram,,,Not Applicable,Not Applicable,Not Applicable,Not Applicable,426,Not Applicable,0,,
2024-07-01 23:35:00,CNR4142344960,Canceled by Driver,CID513604,Auto,Vijayanagar,Majestic,,,Not Applicable,Customer related issue,Not Applicable,Not Applicable,501,Not Applicable,0,,
2024-07-29 00:34:00,CNR1553079601,Success,CID274944,Prime Sedan,Electronic City,Ulsoor,217.0,40.0,Not Applicable,Not Applicable,No,Not Applicable,854,UPI,44,4.8,4.9
2024-07-20 03:50:00,CNR5924149512,Success,CID969455,eBike,Hebbal,Devanahalli,238.0,75.0,Not Applicable,Not Applicable,No,Not Applicable,198,UPI,38,3.9,3.5
2024-07-11 19:58:00,CNR8158701283,Driver Not Found,CID226520,Prime SUV,Peenya,Hebbal,,,Not Applicable,Not Applicable,Not Applicable,Not Applicable,296,Not Applicable,0,,
2024-07-13 06:02:00,CNR6318103829,Canceled by Customer,CID150858,Auto,Whitefield,Richmond Town,,,Driver is not moving towards pickup location,Not Applicable,Not Applicable,Not Applicable,114,Not Applicable,0,,
2024-07-11 07:37:00,CNR7254220344,Driver Not Found,CID516957,Mini,Ramamurthy Nagar,Frazer Town,,,Not Applicable,Not Applicable,Not Applicable,Not Applicable,327,Not Applicable,0,,
2024-07-06 01:58:00,CNR4805157482,Canceled by Driver,CID299627,Auto,Bellandur,Cox Town,,,Not Applicable,Customer was coughing/sick,Not Applicable,Not Applicable,310,Not Applicable,0,,
2024-07-21 03:13:00,CNR5278154849,Canceled by Driver,CID633406,Prime SUV,MG Road,Yeshwanthpur,,,Not Applicable,Personal & Car related issue,Not Applicable,Not Applicable,403,Not Applicable,0,,
2024-07-02 04:56:00,CNR8102408831,Canceled by Driver,CID179458,Prime SUV,Tumkur Road,Indiranagar,,,Not Applicable,Customer related issue,Not Applicable,Not Applicable,567,Not Applicable,0,,
2024-07-06 20:37:00,CNR7803020969,Success,CID460375,Prime Sedan,Padmanabhanagar,Ramamurthy Nagar,301.0,30.0,Not Applicable,Not Applicable,No,Not Applicable,875,UPI,43,4.3,4.6
2024-07-27 04:40:00,CNR3083380643,Driver Not Found,CID789170,Prime SUV,Frazer Town,Majestic,,,Not Applicable,Not Applicable,Not Applicable,Not Applicable,1054,Not Applicable,0,,
2024-07-16 02:47:00,CNR1159652314,Canceled by Driver,CID698693,eBike,Varthur,Kadugodi,,,Not Applicable,Personal & Car related issue,Not Applicable,Not Applicable,798,Not Applicable,0,,
2024-07-23 10:33:00,CNR3841530428,Success,CID278017,Prime Plus,Kadugodi,Chamarajpet,140.0,65.0,Not Applicable,Not Applicable,No,Not Applicable,2465,Cash,49,4.5,4.0
2024-07-02 04:41:00,CNR9308283091,Success,CID431399,Prime Sedan,Hebbal,Sahakar Nagar,287.0,70.0,Not Applicable,Not Applicable,No,Not Applicable,721,Cash,40,4.8,3.8
2024-07-12 04:10:00,CNR7110851254,Success,CID600711,Prime Plus,Yeshwanthpur,Hulimavu,168.0,85.0,Not Applicable,Not Applicable,No,Not Applicable,269,UPI,14,4.0,3.3
2024-07-08 18:49:00,CNR7746801508,Canceled by Driver,CID358207,Prime Sedan,Tumkur Road,Rajarajeshwari Nagar,,,Not Applicable,Customer related issue,Not Applicable,Not Applicable,364,Not Applicable,0,,
2024-07-30 18:41:00,CNR1755352443,Success,CID395248,Prime Plus,HSR Layout,Shantinagar,238.0,115.0,Not Applicable,Not Applicable,No,Not Applicable,285,Cash,31,4.6,3.8
2024-07-30 22:03:00,CNR4010008918,Success,CID886788,Prime SUV,Langford Town,Bannerghatta Road,210.0,110.0,Not Applicable,Not Applicable,Yes,Vehicle Breakdown,117,Credit Card,48,3.6,4.6
2024-07-12 01:08:00,CNR2738651663,Canceled by Customer,CID755752,Mini,Majestic,Hosur Road,,,Driver is not moving towards pickup location,Not Applicable,Not Applicable,Not Applicable,177,Not Applicable,0,,
2024-07-13 08:07:00,CNR7719747591,Success,CID908859,Bike,Hebbal,Cox Town,210.0,65.0,Not Applicable,Not Applicable,No,Not Applicable,463,UPI,47,3.2,4.3
2024-07-24 19:48:00,CNR3833660429,Success,CID843898,Prime Plus,Koramangala,MG Road,273.0,110.0,Not Applicable,Not Applicable,No,Not Applicable,348,Cash,49,4.8,4.0
2024-07-25 19:45:00,CNR8464128481,Canceled by Driver,CID673225,Bike,Mysore Road,Nagarbhavi,,,Not Applicable,Customer was coughing/sick,Not Applicable,Not Applicable,122,Not Applicable,0,,
2024-07-27 12:20:00,CNR1789776865,Success,CID153216,Prime Plus,Peenya,Bannerghatta Road,35.0,95.0,Not Applicable,Not Applicable,No,Not Applicable,207,Cash,25,4.0,3.3
2024-07-10 05:01:00,CNR1412942377,Success,CID173214,Mini,KR Puram,Magadi Road,63.0,80.0,Not Applicable,Not Applicable,No,Not Applicable,128,UPI,1,3.1,3.3
2024-07-30 14:55:00,CNR5507090999,Driver Not Found,CID261650,Prime SUV,Kadugodi,Shivajinagar,,,Not Applicable,Not Applicable,Not Applicable,Not Applicable,1686,Not Applicable,0,,
2024-07-29 10:42:00,CNR8988526035,Success,CID740929,Prime Plus,Langford Town,Magadi Road,224.0,135.0,Not Applicable,Not Applicable,No,Not Applicable,465,UPI,16,3.2,3.7
2024-07-04 02:43:00,CNR5358628616,Success,CID804699,eBike,HSR Layout,Magadi Road,224.0,40.0,Not Applicable,Not Applicable,No,Not Applicable,669,Cash,32,3.0,3.3
2024-07-02 14:08:00,CNR7179466237,Driver Not Found,CID604589,Prime SUV,MG Road,Peenya,,,Not Applicable,Not Applicable,Not Applicable,Not Applicable,317,Not Applicable,0,,
2024-07-14 12:15:00,CNR7374416985,Success,CID244826,Prime Sedan,MG Road,Padmanabhanagar,252.0,135.0,Not Applicable,Not Applicable,No,Not Applicable,454,UPI,49,3.7,3.8
2024-07-17 16:47:00,CNR4069430685,Canceled by Driver,CID275734,Prime Sedan,Vijayanagar,Devanahalli,,,Not Applicable,Personal & Car related issue,Not Applicable,Not Applicable,129,Not Applicable,0,,
2024-07-30 14:48:00,CNR6153828893,Success,CID867260,Auto,Koramangala,KR Puram,231.0,100.0,Not Applicable,Not Applicable,No,Not Applicable,204,Cash,2,3.5,4.3
2024-07-05 00:46:00,CNR2778563478,Canceled by Driver,CID307545,Bike,Vijayanagar,Jayanagar,,,Not Applicable,Customer related issue,Not Applicable,Not Applicable,112,Not Applicable,0,,
2024-07-13 17:09:00,CNR6635350303,Success,CID912080,eBike,Vijayanagar,Hennur,154.0,80.0,Not Applicable,Not Applicable,No,Not Applicable,2608,Cash,44,4.9,3.3
2024-07-04 00:05:00,CNR3273405854,Canceled by Driver,CID699518,Auto,MG Road,Hebbal,,,Not Applicable,Personal & Car related issue,Not Applicable,Not Applicable,590,Not Applicable,0,,
2024-07-16 00:50:00,CNR5539320730,Success,CID641402,Prime Sedan,HSR Layout,MG Road,217.0,140.0,Not Applicable,Not Applicable,No,Not Applicable,1233,Cash,21,3.4,3.5
2024-07-02 00:27:00,CNR8651634482,Success,CID627943,eBike,KR Puram,Shivajinagar,182.0,110.0,Not Applicable,Not Applicable,No,Not Applicable,227,Cash,6,3.3,3.6
2024-07-12 19:35:00,CNR6616821224,Success,CID175401,Auto,Rajajinagar,Jayanagar,42.0,45.0,Not Applicable,Not Applicable,No,Not Applicable,2508,Cash,15,3.4,3.4
2024-07-13 15:55:00,CNR7624054672,Success,CID674984,Bike,Shantinagar,Bellandur,189.0,35.0,Not Applicable,Not Applicable,No,Not Applicable,756,UPI,25,3.2,3.5
2024-07-27 01:40:00,CNR7719974265,Success,CID130213,Mini,Whitefield,BTM Layout,42.0,145.0,Not Applicable,Not Applicable,No,Not Applicable,576,Cash,29,3.9,3.7
2024-07-14 04:29:00,CNR5033291489,Success,CID501257,Bike,Chickpet,JP Nagar,154.0,75.0,Not Applicable,Not Applicable,Yes,Vehicle Breakdown,170,Cash,2,3.8,4.9
2024-07-23 11:14:00,CNR6838850658,Success,CID931899,Auto,RT Nagar,Sahakar Nagar,231.0,45.0,Not Applicable,Not Applicable,No,Not Applicable,234,Cash,11,3.1,3.3
2024-07-19 13:19:00,CNR9548077306,Success,CID901284,Prime SUV,Varthur,Sarjapur Road,91.0,125.0,Not Applicable,Not Applicable,Yes,Customer Demand,575,UPI,13,4.5,3.1
2024-07-13 04:01:00,CNR5792364188,Success,CID895387,Bike,Sarjapur Road,Ramamurthy Nagar,154.0,135.0,Not Applicable,Not Applicable,No,Not Applicable,124,UPI,20,3.5,4.0
2024-07-13 22:28:00,CNR9636374918,Success,CID153591,eBike,Padmanabhanagar,JP Nagar,301.0,40.0,Not Applicable,Not Applicable,No,Not Applicable,142,Cash,1,4.8,4.6
2024-07-06 17:30:00,CNR5168571373,Success,CID142153,Mini,Malleshwaram,Padmanabhanagar,287.0,80.0,Not Applicable,Not Applicable,No,Not Applicable,435,UPI,13,3.9,4.5
2024-07-16 23:29:00,CNR2868066631,Canceled by Driver,CID139579,eBike,Yeshwanthpur,Yeshwanthpur,,,Not Applicable,Customer related issue,Not Applicable,Not Applicable,576,Not Applicable,0,,
2024-07-01 03:33:00,CNR2768774807,Canceled by Driver,CID896725,Bike,Rajajinagar,Electronic City,,,Not Applicable,Personal & Car related issue,Not Applicable,Not Applicable,1965,Not Applicable,0,,
2024-07-06 03:29:00,CNR3199910346,Success,CID742274,Prime Plus,Yeshwanthpur,Majestic,133.0,80.0,Not Applicable,Not Applicable,No,Not Applicable,382,UPI,7,4.8,3.7
2024-07-16 23:49:00,CNR7079517987,Success,CID339309,Mini,KR Puram,Langford Town,140.0,30.0,Not Applicable,Not Applicable,No,Not Applicable,1140,UPI,10,4.0,3.9
2024-07-02 00:23:00,CNR1972939309,Success,CID767149,Auto,Frazer Town,Richmond Town,140.0,95.0,Not Applicable,Not Applicable,No,Not Applicable,428,Cash,14,3.6,3.5
2024-07-10 01:19:00,CNR8845157888,Success,CID783419,eBike,Chickpet,HSR Layout,252.0,115.0,Not Applicable,Not Applicable,No,Not Applicable,772,Cash,23,4.2,4.6
2024-07-27 07:15:00,CNR1904285061,Canceled by Driver,CID585809,Prime Sedan,Majestic,Shivajinagar,,,Not Applicable,Personal & Car related issue,Not Applicable,Not Applicable,443,Not Applicable,0,,
2024-07-14 01:03:00,CNR5330974436,Success,CID357251,eBike,Sahakar Nagar,Cox Town,49.0,80.0,Not Applicable,Not Applicable,No,Not Applicable,492,Cash,25,3.9,4.0
2024-07-04 15:19:00,CNR7300780478,Success,CID215454,Prime Plus,HSR Layout,Bellandur,105.0,55.0,Not Applicable,Not Applicable,No,Not Applicable,2012,Cash,20,4.7,4.8
2024-07-25 07:53:00,CNR6451779431,Canceled by Driver,CID585167,Prime SUV,RT Nagar,Shivajinagar,,,Not Applicable,Personal & Car related issue,Not Applicable,Not Applicable,448,Not Applicable,0,,
2024-07-27 10:36:00,CNR6638381673,Success,CID413714,Auto,Padmanabhanagar,Whitefield,273.0,40.0,Not Applicable,Not Applicable,Yes,Vehicle Breakdown,374,Cash,8,4.3,3.1
2024-07-23 21:57:00,CNR8863643473,Driver Not Found,CID182023,Mini,Whitefield,Shivajinagar,,,Not Applicable,Not Applicable,Not Applicable,Not Applicable,345,Not Applicable,0,,
2024-07-03 14:22:00,CNR9725264107,Canceled by Driver,CID558516,Prime Plus,Hulimavu,Varthur,,,Not Applicable,Personal & Car related issue,Not Applicable,Not Applicable,846,Not Applicable,0,,
2024-07-06 15:14:00,CNR3204438209,Canceled by Customer,CID223569,Auto,Ulsoor,Rajarajeshwari Nagar,,,AC is Not working,Not Applicable,Not Applicable,Not Applicable,700,Not Applicable,0,,
2024-07-30 19:19:00,CNR5219968312,Success,CID492849,Prime SUV,Bannerghatta Road,Rajarajeshwari Nagar,252.0,125.0,Not Applicable,Not Applicable,No,Not Applicable,892,Cash,6,4.7,4.7
2024-07-13 09:14:00,CNR1836783226,Success,CID273917,Prime Plus,Mysore Road,Hulimavu,175.0,70.0,Not Applicable,Not Applicable,No,Not Applicable,489,UPI,4,3.5,4.7
2024-07-05 17:05:00,CNR2187504346,Success,CID398384,Bike,Devanahalli,Magadi Road,119.0,25.0,Not Applicable,Not Applicable,No,Not Applicable,841,Cash,7,4.3,4.6
2024-07-09 11:02:00,CNR3903000639,Canceled by Customer,CID620098,Bike,Shivajinagar,BTM Layout,,,Driver is not moving towards pickup location,Not Applicable,Not Applicable,Not Applicable,530,Not Applicable,0,,
2024-07-02 13:34:00,CNR2079194275,Success,CID483614,Prime SUV,MG Road,Marathahalli,203.0,130.0,Not Applicable,Not Applicable,No,Not Applicable,515,Cash,45,3.4,4.6
2024-07-18 00:26:00,CNR1868398644,Success,CID709475,Auto,Sarjapur Road,Sahakar Nagar,77.0,100.0,Not Applicable,Not Applicable,No,Not Applicable,173,UPI,11,4.6,3.4
2024-07-27 19:28:00,CNR9170924590,Success,CID450602,Mini,Shivajinagar,Hennur,98.0,35.0,Not Applicable,Not Applicable,No,Not Applicable,178,Cash,17,4.8,3.8
2024-07-02 00:41:00,CNR1617270295,Success,CID748414,Bike,Yeshwanthpur,Shantinagar,224.0,65.0,Not Applicable,Not Applicable,No,Not Applicable,310,UPI,8,4.9,3.1
2024-07-13 13:21:00,CNR8188185890,Canceled by Driver,CID762172,Prime Sedan,KR Puram,Electronic City,,,Not Applicable,Personal & Car related issue,Not Applicable,Not Applicable,315,Not Applicable,0,,
2024-07-11 04:24:00,CNR6441431756,Canceled by Driver,CID236840,Prime Sedan,Hebbal,Hebbal,,,Not Applicable,Personal & Car related issue,Not Applicable,Not Applicable,990,Not Applicable,0,,
2024-07-24 06:36:00,CNR3117122983,Success,CID194072,Auto,Hulimavu,Vijayanagar,35.0,110.0,Not Applicable,Not Applicable,No,Not Applicable,484,Cash,19,4.4,4.5
2024-07-16 03:16:00,CNR5672154255,Success,CID113217,Prime Plus,Hennur,Basavanagudi,266.0,90.0,Not Applicable,Not Applicable,No,Not Applicable,153,Credit Card,40,3.8,3.3
2024-07-29 08:38:00,CNR5487300197,Success,CID595814,Auto,Hosur Road,Jayanagar,217.0,70.0,Not Applicable,Not Applicable,No,Not Applicable,245,UPI,2,4.2,3.9
2024-07-10 18:55:00,CNR4052586888,Canceled by Driver,CID615686,Auto,Electronic City,Banashankari,,,Not Applicable,Customer related issue,Not Applicable,Not Applicable,487,Not Applicable,0,,
2024-07-13 19:12:00,CNR3985736606,Success,CID817942,eBike,JP Nagar,RT Nagar,301.0,120.0,Not Applicable,Not Applicable,No,Not Applicable,180,Cash,14,4.7,3.2
2024-07-13 04:58:00,CNR8472077149,Canceled by Driver,CID449187,Bike,Hulimavu,Chickpet,,,Not Applicable,Customer was coughing/sick,Not Applicable,Not Applicable,710,Not Applicable,0,,
2024-07-11 13:28:00,CNR4911479613,Success,CID362145,Prime SUV,Indiranagar,Varthur,168.0,80.0,Not Applicable,Not Applicable,No,Not Applicable,487,Cash,38,4.3,3.6
2024-07-27 03:44:00,CNR2735156063,Canceled by Driver,CID142392,Prime Sedan,Shivajinagar,Rajajinagar,,,Not Applicable,Customer was coughing/sick,Not Applicable,Not Applicable,513,Not Applicable,0,,
2024-07-08 19:56:00,CNR8114523636,Success,CID253250,eBike,Bannerghatta Road,Sahakar Nagar,294.0,50.0,Not Applicable,Not Applicable,No,Not Applicable,109,UPI,33,4.1,4.2
2024-07-13 21:17:00,CNR8613044873,Success,CID823671,Prime Sedan,Hosur Road,RT Nagar,112.0,125.0,Not Applicable,Not Applicable,No,Not Applicable,143,UPI,17,5.0,4.4
2024-07-23 03:57:00,CNR5833229437,Success,CID477893,Prime Sedan,Frazer Town,Cox Town,84.0,25.0,Not Applicable,Not Applicable,No,Not Applicable,935,Cash,23,4.6,4.3
2024-07-14 03:09:00,CNR1942147510,Canceled by Driver,CID645942,Prime Plus,Hebbal,Kengeri,,,Not Applicable,Personal & Car related issue,Not Applicable,Not Applicable,574,Not Applicable,0,,
2024-07-26 18:26:00,CNR1589005265,Canceled by Customer,CID914038,Auto,Devanahalli,Chamarajpet,,,Driver asked to cancel,Not Applicable,Not Applicable,Not Applicable,279,Not Applicable,0,,
2024-07-08 01:45:00,CNR1533003682,Canceled by Customer,CID663062,Bike,Banashankari,Rajajinagar,,,Driver asked to cancel,Not Applicable,Not Applicable,Not Applicable,818,Not Applicable,0,,
2024-07-09 06:31:00,CNR9153301718,Success,CID181720,Prime Sedan,Mysore Road,JP Nagar,56.0,95.0,Not Applicable,Not Applicable,No,Not Applicable,190,Cash,45,4.2,4.9
2024-07-23 14:40:00,CNR8036023372,Success,CID935720,Prime SUV,Padmanabhanagar,Banashankari,98.0,75.0,Not Applicable,Not Applicable,No,Not Applicable,430,Cash,5,4.7,3.9
2024-07-25 18:52:00,CNR6270692417,Success,CID120293,Prime Plus,Whitefield,Kengeri,238.0,30.0,Not Applicable,Not Applicable,No,Not Applicable,358,UPI,35,4.8,3.9
2024-07-18 18:04:00,CNR7748129454,Success,CID953460,Mini,Rajajinagar,Banashankari,287.0,60.0,Not Applicable,Not Applicable,No,Not Applicable,105,UPI,27,4.8,4.2
2024-07-19 06:12:00,CNR1635273125,Success,CID982029,Prime Sedan,HSR Layout,Chickpet,56.0,90.0,Not Applicable,Not Applicable,No,Not Applicable,257,Cash,42,3.3,4.9
2024-07-05 03:56:00,CNR4807424722,Success,CID829266,Prime Plus,Koramangala,Bannerghatta Road,301.0,55.0,Not Applicable,Not Applicable,No,Not Applicable,191,Cash,2,3.6,3.6
2024-07-13 17:16:00,CNR1682804477,Success,CID501161,Prime Plus,HSR Layout,Indiranagar,301.0,95.0,Not Applicable,Not Applicable,Yes,Vehicle Breakdown,449,UPI,39,3.3,3.4
2024-07-01 02:04:00,CNR9834912259,Canceled by Driver,CID375624,Auto,RT Nagar,Marathahalli,,,Not Applicable,Customer was coughing/sick,Not Applicable,Not Applicable,112,Not Applicable,0,,
2024-07-02 13:57:00,CNR2753305450,Success,CID896447,Auto,Majestic,RT Nagar,210.0,120.0,Not Applicable,Not Applicable,No,Not Applicable,188,Cash,12,4.7,4.9
2024-07-20 00:25:00,CNR9635703250,Driver Not Found,CID294881,Prime Sedan,Varthur,Frazer Town,,,Not Applicable,Not Applicable,Not Applicable,Not Applicable,234,Not Applicable,0,,
2024-07-18 01:14:00,CNR6939488107,Success,CID220810,Prime Plus,Langford Town,Padmanabhanagar,77.0,40.0,Not Applicable,Not Applicable,No,Not Applicable,2961,Cash,43,3.5,3.8
2024-07-07 04:10:00,CNR3785867824,Success,CID484878,Bike,Vijayanagar,Bellandur,203.0,145.0,Not Applicable,Not Applicable,No,Not Applicable,295,UPI,41,4.4,3.5
2024-07-01 21:52:00,CNR3815339643,Success,CID789452,Prime Plus,Ramamurthy Nagar,Richmond Town,70.0,135.0,Not Applicable,Not Applicable,No,Not Applicable,280,UPI,22,3.5,4.7
2024-07-12 21:51:00,CNR4396990226,Success,CID515178,Auto,Banashankari,Shivajinagar,308.0,35.0,Not Applicable,Not Applicable,No,Not Applicable,174,Cash,9,4.7,3.9
2024-07-14 22:35:00,CNR3649779266,Canceled by Driver,CID926648,Auto,Koramangala,Yeshwanthpur,,,Not Applicable,Customer related issue,Not Applicable,Not Applicable,450,Not Applicable,0,,
2024-07-14 12:06:00,CNR8803003948,Success,CID200189,Bike,Bellandur,Jayanagar,287.0,85.0,Not Applicable,Not Applicable,No,Not Applicable,467,Cash,15,3.4,3.5
2024-07-04 17:24:00,CNR8101135245,Success,CID514837,Bike,Hulimavu,Hosur Road,35.0,45.0,Not Applicable,Not Applicable,No,Not Applicable,236,UPI,26,3.5,3.8
2024-07-23 22:46:00,CNR3777318409,Success,CID371441,Bike,Malleshwaram,Chamarajpet,266.0,80.0,Not Applicable,Not Applicable,No,Not Applicable,810,Cash,25,4.0,3.8
2024-07-30 20:00:00,CNR6438147557,Success,CID342265,Bike,Kengeri,Sarjapur Road,98.0,30.0,Not Applicable,Not Applicable,No,Not Applicable,141,Cash,1,3.9,4.9
2024-07-02 20:05:00,CNR9405062679,Success,CID237016,Prime Plus,Basavanagudi,Rajajinagar,175.0,110.0,Not Applicable,Not Applicable,No,Not Applicable,1117,Cash,29,4.3,4.5
2024-07-18 20:42:00,CNR3122312856,Success,CID278755,Mini,Electronic City,Hulimavu,238.0,125.0,Not Applicable,Not Applicable,No,Not Applicable,239,UPI,32,3.0,3.7
2024-07-13 15:34:00,CNR6658666027,Success,CID195320,Prime SUV,Sarjapur Road,JP Nagar,245.0,45.0,Not Applicable,Not Applicable,No,Not Applicable,1420,Cash,45,3.2,4.1
2024-07-28 05:01:00,CNR7422971354,Canceled by Driver,CID696697,Bike,Kadugodi,MG Road,,,Not Applicable,Personal & Car related issue,Not Applicable,Not Applicable,1003,Not Applicable,0,,
2024-07-27 04:10:00,CNR1355089521,Success,CID765744,Prime Sedan,Kammanahalli,Varthur,252.0,60.0,Not Applicable,Not Applicable,Yes,Customer Demand,435,UPI,22,3.7,4.4
2024-07-10 20:05:00,CNR7125085107,Canceled by Driver,CID777705,Bike,Varthur,Magadi Road,,,Not Applicable,Personal & Car related issue,Not Applicable,Not Applicable,313,Not Applicable,0,,
2024-07-12 03:31:00,CNR7583336167,Canceled by Customer,CID894014,Mini,Electronic City,Shivajinagar,,,Driver asked to cancel,Not Applicable,Not Applicable,Not Applicable,131,Not Applicable,0,,
2024-07-04 06:40:00,CNR2234964974,Canceled by Driver,CID505697,Auto,Kadugodi,Sahakar Nagar,,,Not Applicable,Customer was coughing/sick,Not Applicable,Not Applicable,233,Not Applicable,0,,
2024-07-03 04:25:00,CNR2971586727,Canceled by Driver,CID666481,Prime Plus,Marathahalli,Langford Town,,,Not Applicable,Personal & Car related issue,Not Applicable,Not Applicable,686,Not Applicable,0,,
2024-07-05 21:10:00,CNR6097553310,Success,CID517747,Prime Sedan,Majestic,Frazer Town,266.0,140.0,Not Applicable,Not Applicable,No,Not Applicable,499,Cash,16,4.6,3.0
2024-07-01 09:29:00,CNR5499796542,Success,CID350200,eBike,Tumkur Road,Frazer Town,280.0,65.0,Not Applicable,Not Applicable,No,Not Applicable,300,UPI,46,4.5,4.0
2024-07-10 17:24:00,CNR3952534336,Success,CID305638,Auto,Banashankari,Bannerghatta Road,182.0,70.0,Not Applicable,Not Applicable,No,Not Applicable,351,Cash,3,4.8,4.2
2024-07-14 12:45:00,CNR8270330884,Canceled by Driver,CID825526,Mini,Vijayanagar,Hennur,,,Not Applicable,Customer related issue,Not Applicable,Not Applicable,392,Not Applicable,0,,
2024-07-30 11:09:00,CNR6250277247,Success,CID887437,eBike,Bannerghatta Road,Bellandur,91.0,65.0,Not Applicable,Not Applicable,No,Not Applicable,2076,Cash,38,4.7,4.6
2024-07-22 14:53:00,CNR4339963346,Success,CID843038,Mini,Electronic City,Chickpet,301.0,80.0,Not Applicable,Not Applicable,No,Not Applicable,212,UPI,10,3.4,4.8
2024-07-01 09:43:00,CNR2163658523,Canceled by Driver,CID223921,eBike,JP Nagar,Devanahalli,,,Not Applicable,Customer related issue,Not Applicable,Not Applicable,705,Not Applicable,0,,
2024-07-13 21:12:00,CNR2324092039,Success,CID938026,Prime Sedan,Ulsoor,Varthur,210.0,130.0,Not Applicable,Not Applicable,No,Not Applicable,153,UPI,39,4.4,4.7
2024-07-17 08:05:00,CNR9357555143,Success,CID737876,Auto,Hosur Road,Whitefield,56.0,70.0,Not Applicable,Not Applicable,No,Not Applicable,333,UPI,2,3.2,4.7
2024-07-25 06:05:00,CNR9155269461,Success,CID556348,Bike,Hulimavu,Hosur Road,168.0,145.0,Not Applicable,Not Applicable,No,Not Applicable,324,Cash,16,3.3,3.9
2024-07-25 07:45:00,CNR8539073677,Success,CID695380,Prime SUV,Shivajinagar,Marathahalli,238.0,30.0,Not Applicable,Not Applicable,No,Not Applicable,1578,UPI,17,3.0,3.0
2024-07-12 04:01:00,CNR8175680805,Success,CID734600,Mini,Kadugodi,Nagarbhavi,224.0,105.0,Not Applicable,Not Applicable,No,Not Applicable,310,UPI,42,4.9,3.2
2024-07-13 19:31:00,CNR2053698808,Success,CID851932,Bike,Langford Town,Banashankari,224.0,125.0,Not Applicable,Not Applicable,Yes,Customer Demand,725,Cash,19,4.9,3.9
2024-07-01 06:50:00,CNR7249483988,Canceled by Driver,CID590205,Bike,Magadi Road,Bellandur,,,Not Applicable,More than permitted people in there,Not Applicable,Not Applicable,106,Not Applicable,0,,
2024-07-04 18:12:00,CNR2384611518,Success,CID932304,Prime Sedan,KR Puram,HSR Layout,224.0,115.0,Not Applicable,Not Applicable,No,Not Applicable,242,UPI,19,3.6,4.4
2024-07-08 02:16:00,CNR2988480860,Success,CID168973,Prime Sedan,BTM Layout,Whitefield,287.0,115.0,Not Applicable,Not Applicable,No,Not Applicable,1050,Cash,8,4.7,4.9
2024-07-14 20:52:00,CNR5296175962,Success,CID351764,Bike,Rajarajeshwari Nagar,Hebbal,273.0,45.0,Not Applicable,Not Applicable,Yes,Customer Demand,325,Cash,10,3.2,4.7
2024-07-15 09:18:00,CNR8891239118,Success,CID451590,Prime SUV,JP Nagar,Magadi Road,252.0,60.0,Not Applicable,Not Applicable,No,Not Applicable,159,UPI,49,3.2,4.2
2024-07-08 13:35:00,CNR5218820393,Success,CID655988,Bike,Ulsoor,Peenya,126.0,90.0,Not Applicable,Not Applicable,No,Not Applicable,466,UPI,12,4.1,4.1
2024-07-23 11:10:00,CNR2398161695,Success,CID833238,Prime SUV,MG Road,Sahakar Nagar,252.0,50.0,Not Applicable,Not Applicable,No,Not Applicable,741,UPI,45,3.4,4.4
2024-07-20 09:49:00,CNR3979499764,Success,CID260017,Auto,RT Nagar,MG Road,217.0,60.0,Not Applicable,Not Applicable,No,Not Applicable,975,Cash,17,3.3,3.6
2024-07-26 21:47:00,CNR1258395528,Success,CID923705,Mini,JP Nagar,Bannerghatta Road,196.0,100.0,Not Applicable,Not Applicable,No,Not Applicable,562,Cash,25,3.1,3.1
2024-07-27 06:33:00,CNR9759325518,Canceled by Driver,CID352614,Auto,Electronic City,Langford Town,,,Not Applicable,Customer related issue,Not Applicable,Not Applicable,408,Not Applicable,0,,
2024-07-13 15:00:00,CNR2341316629,Canceled by Driver,CID381308,Auto,Devanahalli,Hebbal,,,Not Applicable,Customer related issue,Not Applicable,Not Applicable,1549,Not Applicable,0,,
2024-07-12 19:03:00,CNR4122714249,Canceled by Driver,CID503648,eBike,Padmanabhanagar,Langford Town,,,Not Applicable,More than permitted people in there,Not Applicable,Not Applicable,189,Not Applicable,0,,
2024-07-23 00:13:00,CNR3372142225,Success,CID797884,Prime Plus,Rajarajeshwari Nagar,Shantinagar,147.0,45.0,Not Applicable,Not Applicable,No,Not Applicable,318,Cash,28,3.3,3.6
2024-07-01 15:24:00,CNR9826880843,Success,CID931193,Prime Sedan,Hosur Road,Nagarbhavi,112.0,140.0,Not Applicable,Not Applicable,No,Not Applicable,777,Cash,40,3.6,4.9
2024-07-24 21:19:00,CNR1878445424,Driver Not Found,CID837505,Prime Sedan,BTM Layout,Richmond Town,,,Not Applicable,Not Applicable,Not Applicable,Not Applicable,119,Not Applicable,0,,
2024-07-29 20:41:00,CNR8852586800,Canceled by Customer,CID535392,eBike,Koramangala,Kammanahalli,,,Driver asked to cancel,Not Applicable,Not Applicable,Not Applicable,233,Not Applicable,0,,
2024-07-22 03:54:00,CNR7971796351,Success,CID547870,Prime SUV,JP Nagar,Hosur Road,238.0,95.0,Not Applicable,Not Applicable,No,Not Applicable,269,Cash,36,3.1,4.7
2024-07-09 11:58:00,CNR9167191022,Success,CID684279,Prime Sedan,Yelahanka,MG Road,273.0,115.0,Not Applicable,Not Applicable,No,Not Applicable,294,UPI,29,4.7,3.7
2024-07-12 05:29:00,CNR8599360795,Canceled by Driver,CID394569,Bike,Rajarajeshwari Nagar,HSR Layout,,,Not Applicable,More than permitted people in there,Not Applicable,Not Applicable,290,Not Applicable,0,,
2024-07-26 00:11:00,CNR3249991740,Success,CID731085,Mini,Ramamurthy Nagar,Bellandur,308.0,25.0,Not Applicable,Not Applicable,No,Not Applicable,460,UPI,49,3.5,4.6
2024-07-11 08:57:00,CNR4250126415,Canceled by Customer,CID706575,Mini,Frazer Town,Sahakar Nagar,,,Driver asked to cancel,Not Applicable,Not Applicable,Not Applicable,626,Not Applicable,0,,
2024-07-03 22:17:00,CNR9559134696,Success,CID727149,Auto,Yelahanka,Nagarbhavi,266.0,110.0,Not Applicable,Not Applicable,No,Not Applicable,547,UPI,17,4.1,3.1
2024-07-14 00:40:00,CNR2692537777,Success,CID762561,Prime SUV,Hennur,Sahakar Nagar,56.0,75.0,Not Applicable,Not Applicable,No,Not Applicable,198,Cash,43,4.9,4.1
2024-07-22 16:47:00,CNR9014652870,Canceled by Customer,CID109549,eBike,MG Road,Hulimavu,,,Driver asked to cancel,Not Applicable,Not Applicable,Not Applicable,414,Not Applicable,0,,
2024-07-17 04:11:00,CNR7350913796,Canceled by Customer,CID274463,Prime Sedan,Rajarajeshwari Nagar,Hulimavu,,,Change of plans,Not Applicable,Not Applicable,Not Applicable,413,Not Applicable,0,,
2024-07-27 17:58:00,CNR7507019213,Canceled by Driver,CID107077,Prime SUV,KR Puram,Bannerghatta Road,,,Not Applicable,Customer was coughing/sick,Not Applicable,Not Applicable,423,Not Applicable,0,,
2024-07-29 02:10:00,CNR3233619922,Success,CID276792,Prime Sedan,Whitefield,Shivajinagar,105.0,130.0,Not Applicable,Not Applicable,No,Not Applicable,408,UPI,19,4.4,4.8
2024-07-04 20:11:00,CNR7798285489,Success,CID655140,Mini,HSR Layout,Marathahalli,35.0,110.0,Not Applicable,Not Applicable,No,Not Applicable,336,UPI,7,4.3,3.8
2024-07-25 02:52:00,CNR6459231980,Success,CID925751,Mini,Ulsoor,Yeshwanthpur,147.0,145.0,Not Applicable,Not Applicable,No,Not Applicable,252,Cash,46,4.2,4.2
2024-07-08 13:05:00,CNR1999384232,Success,CID526022,Bike,Banashankari,Jayanagar,175.0,90.0,Not Applicable,Not Applicable,Yes,Vehicle Breakdown,2118,UPI,29,3.4,3.4
2024-07-24 11:58:00,CNR8739972476,Canceled by Customer,CID631837,Prime Sedan,Ramamurthy Nagar,Hosur Road,,,Driver is not moving towards pickup location,Not Applicable,Not Applicable,Not Applicable,540,Not Applicable,0,,
2024-07-24 02:43:00,CNR6871264479,Success,CID583270,Prime Plus,Bannerghatta Road,Hulimavu,56.0,145.0,Not Applicable,Not Applicable,No,Not Applicable,358,Credit Card,16,3.9,3.2
2024-07-30 06:22:00,CNR5415219438,Success,CID672268,Prime Sedan,Devanahalli,Shivajinagar,252.0,45.0,Not Applicable,Not Applicable,No,Not Applicable,131,Credit Card,6,3.1,4.8
2024-07-17 02:55:00,CNR4503749286,Success,CID399938,Prime SUV,Koramangala,Magadi Road,287.0,95.0,Not Applicable,Not Applicable,No,Not Applicable,549,Cash,29,4.1,4.8
2024-07-09 15:36:00,CNR9300462468,Driver Not Found,CID833788,Prime Sedan,Whitefield,Marathahalli,,,Not Applicable,Not Applicable,Not Applicable,Not Applicable,910,Not Applicable,0,,
2024-07-26 22:36:00,CNR7789809100,Success,CID338797,Bike,Sahakar Nagar,Yelahanka,63.0,60.0,Not Applicable,Not Applicable,No,Not Applicable,836,Cash,17,4.0,3.8
2024-07-30 12:01:00,CNR2910085399,Success,CID809601,Auto,Ramamurthy Nagar,Shantinagar,49.0,125.0,Not Applicable,Not Applicable,No,Not Applicable,219,UPI,2,4.6,3.8
2024-07-05 11:48:00,CNR6849925508,Success,CID990761,Prime SUV,Shantinagar,Ramamurthy Nagar,231.0,135.0,Not Applicable,Not Applicable,No,Not Applicable,874,Cash,18,4.9,3.6
2024-07-02 14:38:00,CNR5590578889,Canceled by Driver,CID223248,Prime Plus,Shantinagar,Shantinagar,,,Not Applicable,Customer was coughing/sick,Not Applicable,Not Applicable,360,Not Applicable,0,,
2024-07-28 03:34:00,CNR4545527022,Success,CID868533,Prime SUV,Majestic,JP Nagar,56.0,110.0,Not Applicable,Not Applicable,No,Not Applicable,630,Cash,31,4.8,4.7
2024-07-09 03:05:00,CNR9463188823,Success,CID783122,eBike,Kammanahalli,Richmond Town,154.0,25.0,Not Applicable,Not Applicable,No,Not Applicable,311,UPI,33,4.6,4.0
2024-07-14 04:24:00,CNR6340639306,Success,CID496125,Prime Sedan,Malleshwaram,JP Nagar,42.0,55.0,Not Applicable,Not Applicable,No,Not Applicable,786,UPI,49,4.6,4.4
2024-07-17 20:52:00,CNR9433003190,Success,CID662526,eBike,Rajajinagar,Basavanagudi,238.0,70.0,Not Applicable,Not Applicable,No,Not Applicable,482,Cash,49,4.4,4.8
2024-07-10 15:01:00,CNR2331359582,Canceled by Driver,CID989529,eBike,Bannerghatta Road,Cox Town,,,Not Applicable,Personal & Car related issue,Not Applicable,Not Applicable,110,Not Applicable,0,,
2024-07-30 17:59:00,CNR4602511033,Success,CID429121,Auto,Cox Town,Ramamurthy Nagar,224.0,25.0,Not Applicable,Not Applicable,No,Not Applicable,330,UPI,10,4.4,4.9
2024-07-10 18:48:00,CNR3322239695,Canceled by Driver,CID646997,Mini,HSR Layout,Bannerghatta Road,,,Not Applicable,Customer was coughing/sick,Not Applicable,Not Applicable,946,Not Applicable,0,,
2024-07-21 12:53:00,CNR9258768847,Success,CID551526,Prime SUV,Mysore Road,Langford Town,294.0,65.0,Not Applicable,Not Applicable,No,Not Applicable,507,UPI,12,3.6,3.2
2024-07-19 08:03:00,CNR9037509131,Success,CID448658,eBike,Hulimavu,Bellandur,98.0,50.0,Not Applicable,Not Applicable,No,Not Applicable,100,UPI,25,4.9,3.8
2024-07-10 17:44:00,CNR7183230551,Canceled by Driver,CID638670,Prime SUV,Varthur,Cox Town,,,Not Applicable,More than permitted people in there,Not Applicable,Not Applicable,867,Not Applicable,0,,
2024-07-20 19:59:00,CNR4608898579,Success,CID915573,Bike,Yeshwanthpur,Malleshwaram,35.0,45.0,Not Applicable,Not Applicable,No,Not Applicable,362,Cash,45,4.9,4.0
2024-07-27 03:15:00,CNR3784757419,Success,CID754128,Prime Plus,Indiranagar,Basavanagudi,203.0,120.0,Not Applicable,Not Applicable,No,Not Applicable,904,Cash,26,3.1,4.6
2024-07-12 20:27:00,CNR4984139568,Canceled by Driver,CID278477,Prime Plus,Hulimavu,RT Nagar,,,Not Applicable,Personal & Car related issue,Not Applicable,Not Applicable,216,Not Applicable,0,,
2024-07-06 12:21:00,CNR8556084349,Canceled by Driver,CID619995,Auto,Hennur,KR Puram,,,Not Applicable,Customer related issue,Not Applicable,Not Applicable,598,Not Applicable,0,,
2024-07-14 16:34:00,CNR7250343379,Driver Not Found,CID798294,Prime SUV,MG Road,Chamarajpet,,,Not Applicable,Not Applicable,Not Applicable,Not Applicable,1717,Not Applicable,0,,
2024-07-30 04:48:00,CNR8188869861,Success,CID897582,Prime SUV,Ulsoor,Peenya,287.0,30.0,Not Applicable,Not Applicable,No,Not Applicable,593,Cash,19,4.2,3.8
2024-07-03 15:54:00,CNR6126093343,Canceled by Driver,CID777907,Prime Plus,Sahakar Nagar,Banashankari,,,Not Applicable,Personal & Car related issue,Not Applicable,Not Applicable,710,Not Applicable,0,,
2024-07-26 22:02:00,CNR2345012039,Success,CID489211,Bike,Nagarbhavi,Electronic City,182.0,145.0,Not Applicable,Not Applicable,Yes,Vehicle Breakdown,837,Cash,34,3.1,4.6
2024-07-30 01:25:00,CNR9412706268,Success,CID709516,Mini,Shantinagar,Sahakar Nagar,210.0,100.0,Not Applicable,Not Applicable,No,Not Applicable,303,Cash,36,4.4,4.2
2024-07-25 22:34:00,CNR6703751873,Success,CID128843,eBike,Varthur,Mysore Road,182.0,30.0,Not Applicable,Not Applicable,No,Not Applicable,291,Cash,48,3.3,3.4
2024-07-01 09:52:00,CNR8963666462,Canceled by Customer,CID783489,Prime SUV,JP Nagar,HSR Layout,,,AC is Not working,Not Applicable,Not Applicable,Not Applicable,675,Not Applicable,0,,
2024-07-23 22:02:00,CNR5886684077,Success,CID555878,Bike,Nagarbhavi,Richmond Town,217.0,135.0,Not Applicable,Not Applicable,No,Not Applicable,223,Cash,35,4.1,3.1
2024-07-26 19:22:00,CNR3134424047,Canceled by Driver,CID973422,Auto,Shantinagar,MG Road,,,Not Applicable,Personal & Car related issue,Not Applicable,Not Applicable,381,Not Applicable,0,,
2024-07-13 22:57:00,CNR4050244713,Canceled by Customer,CID918324,Prime Sedan,Whitefield,MG Road,,,Driver asked to cancel,Not Applicable,Not Applicable,Not Applicable,272,Not Applicable,0,,
2024-07-13 13:48:00,CNR2467820428,Canceled by Customer,CID403484,Prime SUV,Magadi Road,Devanahalli,,,Driver asked to cancel,Not Applicable,Not Applicable,Not Applicable,1272,Not Applicable,0,,
2024-07-28 20:45:00,CNR6825768511,Success,CID306148,eBike,Kadugodi,Jayanagar,245.0,130.0,Not Applicable,Not Applicable,Yes,Vehicle Breakdown,198,UPI,14,4.1,3.2
2024-07-07 18:17:00,CNR2834973776,Success,CID218931,Prime Plus,Whitefield,Jayanagar,126.0,95.0,Not Applicable,Not Applicable,No,Not Applicable,621,Cash,44,4.9,4.9
2024-07-28 02:24:00,CNR2335913850,Success,CID505921,Prime Sedan,Chickpet,Yelahanka,266.0,70.0,Not Applicable,Not Applicable,No,Not Applicable,291,Cash,1,4.5,3.6
2024-07-16 14:03:00,CNR9604921477,Success,CID790277,eBike,MG Road,Richmond Town,294.0,45.0,Not Applicable,Not Applicable,No,Not Applicable,477,UPI,1,3.6,4.5
2024-07-30 13:36:00,CNR1588965622,Canceled by Driver,CID367541,Prime Plus,Kammanahalli,Mysore Road,,,Not Applicable,Personal & Car related issue,Not Applicable,Not Applicable,134,Not Applicable,0,,
2024-07-08 13:23:00,CNR1837597455,Driver Not Found,CID431455,eBike,Sarjapur Road,Devanahalli,,,Not Applicable,Not Applicable,Not Applicable,Not Applicable,739,Not Applicable,0,,
2024-07-02 06:26:00,CNR8151061074,Success,CID515699,Prime Sedan,Sahakar Nagar,Yelahanka,196.0,100.0,Not Applicable,Not Applicable,Yes,Vehicle Breakdown,1746,Cash,25,4.8,5.0
2024-07-21 15:10:00,CNR3705923419,Driver Not Found,CID292246,Prime Sedan,Rajarajeshwari Nagar,Padmanabhanagar,,,Not Applicable,Not Applicable,Not Applicable,Not Applicable,2895,Not Applicable,0,,
2024-07-25 01:36:00,CNR8296563672,Canceled by Customer,CID438943,Bike,Rajajinagar,Chickpet,,,Driver asked to cancel,Not Applicable,Not Applicable,Not Applicable,861,Not Applicable,0,,
2024-07-25 11:42:00,CNR1060549354,Success,CID672168,Prime Sedan,Yelahanka,Shantinagar,84.0,40.0,Not Applicable,Not Applicable,No,Not Applicable,349,Credit Card,30,3.8,3.5
2024-07-07 02:49:00,CNR2256603195,Driver Not Found,CID691913,Mini,Majestic,Hennur,,,Not Applicable,Not Applicable,Not Applicable,Not Applicable,229,Not Applicable,0,,
2024-07-16 17:31:00,CNR2732104743,Canceled by Driver,CID969905,Bike,Shivajinagar,Hebbal,,,Not Applicable,Personal & Car related issue,Not Applicable,Not Applicable,511,Not Applicable,0,,
2024-07-19 16:16:00,CNR3823009013,Success,CID794905,Prime Sedan,Devanahalli,Hennur,308.0,100.0,Not Applicable,Not Applicable,No,Not Applicable,119,Cash,47,4.7,4.8
2024-07-16 02:29:00,CNR4304079153,Success,CID302359,Prime Plus,RT Nagar,Varthur,154.0,95.0,Not Applicable,Not Applicable,Yes,Customer Demand,911,Cash,27,3.7,3.5
2024-07-18 08:02:00,CNR6775433574,Driver Not Found,CID682279,Bike,BTM Layout,Bellandur,,,Not Applicable,Not Applicable,Not Applicable,Not Applicable,985,Not Applicable,0,,
2024-07-29 10:02:00,CNR6434593385,Success,CID508385,eBike,Ulsoor,RT Nagar,63.0,80.0,Not Applicable,Not Applicable,No,Not Applicable,1933,Cash,22,3.3,4.9
2024-07-12 09:51:00,CNR8685184824,Canceled by Driver,CID856610,Prime SUV,Rajarajeshwari Nagar,Indiranagar,,,Not Applicable,Customer was coughing/sick,Not Applicable,Not Applicable,373,Not Applicable,0,,
2024-07-28 19:50:00,CNR2524912399,Success,CID818642,Prime SUV,BTM Layout,Varthur,154.0,130.0,Not Applicable,Not Applicable,Yes,Other Issue,359,UPI,41,4.8,3.2
2024-07-26 19:32:00,CNR7148812802,Driver Not Found,CID521993,eBike,Devanahalli,Vijayanagar,,,Not Applicable,Not Applicable,Not Applicable,Not Applicable,462,Not Applicable,0,,
2024-07-29 22:36:00,CNR9622229904,Success,CID776273,Mini,Tumkur Road,Chickpet,147.0,100.0,Not Applicable,Not Applicable,No,Not Applicable,710,Cash,48,3.3,3.3
2024-07-10 04:00:00,CNR9508137969,Success,CID975634,eBike,Koramangala,Tumkur Road,133.0,75.0,Not Applicable,Not Applicable,No,Not Applicable,122,Cash,48,3.7,4.8
2024-07-26 15:51:00,CNR3181835766,Success,CID456420,eBike,Hebbal,Magadi Road,231.0,80.0,Not Applicable,Not Applicable,No,Not Applicable,137,Cash,19,3.1,4.6
2024-07-24 12:16:00,CNR1251382156,Success,CID376057,Prime SUV,Bannerghatta Road,Shantinagar,217.0,90.0,Not Applicable,Not Applicable,No,Not Applicable,251,Cash,38,4.5,4.7
2024-07-02 20:47:00,CNR7088107680,Success,CID633169,Mini,Devanahalli,Hebbal,231.0,100.0,Not Applicable,Not Applicable,No,Not Applicable,456,Cash,31,3.3,3.7
2024-07-07 20:08:00,CNR5725200142,Success,CID874637,Prime Sedan,Padmanabhanagar,Frazer Town,238.0,140.0,Not Applicable,Not Applicable,No,Not Applicable,779,UPI,44,4.8,4.8
2024-07-10 00:58:00,CNR6156771089,Success,CID919792,Auto,RT Nagar,Hosur Road,273.0,80.0,Not Applicable,Not Applicable,No,Not Applicable,243,Cash,3,4.6,4.6
2024-07-12 00:49:00,CNR8377513436,Success,CID808519,eBike,Devanahalli,Rajarajeshwari Nagar,84.0,70.0,Not Applicable,Not Applicable,No,Not Applicable,201,UPI,32,4.1,4.9
2024-07-06 01:03:00,CNR1143361686,Success,CID844194,Auto,Yelahanka,Koramangala,140.0,80.0,Not Applicable,Not Applicable,Yes,Other Issue,368,Cash,16,4.0,3.3
2024-07-06 11:40:00,CNR2330324999,Driver Not Found,CID717379,Prime SUV,Hebbal,Sahakar Nagar,,,Not Applicable,Not Applicable,Not Applicable,Not Applicable,239,Not Applicable,0,,
2024-07-20 23:18:00,CNR8556334275,Success,CID926380,Prime Plus,Sarjapur Road,Hennur,238.0,75.0,Not Applicable,Not Applicable,No,Not Applicable,949,Cash,39,3.7,4.3
2024-07-03 22:48:00,CNR4492892531,Success,CID158039,Mini,Banashankari,Whitefield,203.0,95.0,Not Applicable,Not Applicable,No,Not Applicable,813,Cash,8,4.2,3.9
2024-07-23 07:26:00,CNR2427977375,Success,CID596502,Bike,Yelahanka,Whitefield,126.0,135.0,Not Applicable,Not Applicable,No,Not Applicable,171,Cash,27,4.9,4.9
2024-07-23 14:23:00,CNR5461269579,Driver Not Found,CID628299,Bike,Shantinagar,Hebbal,,,Not Applicable,Not Applicable,Not Applicable,Not Applicable,263,Not Applicable,0,,
2024-07-24 16:35:00,CNR6770836846,Canceled by Customer,CID486248,Prime Sedan,Magadi Road,Mysore Road,,,Wrong Address,Not Applicable,Not Applicable,Not Applicable,1732,Not Applicable,0,,
2024-07-23 06:07:00,CNR5255013519,Success,CID586216,Mini,Shivajinagar,Whitefield,161.0,105.0,Not Applicable,Not Applicable,No,Not Applicable,1191,UPI,44,3.9,3.7
2024-07-05 10:58:00,CNR3323651222,Canceled by Customer,CID783548,Auto,Whitefield,Chamarajpet,,,Driver asked to cancel,Not Applicable,Not Applicable,Not Applicable,209,Not Applicable,0,,
2024-07-12 15:08:00,CNR3140910107,Success,CID157934,Bike,Majestic,Shivajinagar,259.0,30.0,Not Applicable,Not Applicable,No,Not Applicable,405,UPI,42,3.2,3.3
2024-07-29 17:00:00,CNR3847195666,Success,CID660561,Prime SUV,Shivajinagar,Chickpet,49.0,65.0,Not Applicable,Not Applicable,No,Not Applicable,114,Cash,26,4.1,3.6
2024-07-25 11:01:00,CNR2987623310,Canceled by Driver,CID691689,eBike,Yelahanka,Ulsoor,,,Not Applicable,Personal & Car related issue,Not Applicable,Not Applicable,461,Not Applicable,0,,
2024-07-30 18:15:00,CNR4994249937,Success,CID149184,Prime SUV,Bellandur,BTM Layout,119.0,100.0,Not Applicable,Not Applicable,No,Not Applicable,679,UPI,23,4.8,3.1
2024-07-03 06:07:00,CNR8168298407,Canceled by Customer,CID433200,Auto,Mysore Road,Jayanagar,,,Change of plans,Not Applicable,Not Applicable,Not Applicable,173,Not Applicable,0,,
2024-07-26 02:44:00,CNR1424186621,Success,CID325518,Prime SUV,Mysore Road,Padmanabhanagar,161.0,145.0,Not Applicable,Not Applicable,No,Not Applicable,412,UPI,44,4.1,3.7
2024-07-03 15:04:00,CNR9888508714,Success,CID615827,eBike,Cox Town,Bellandur,147.0,120.0,Not Applicable,Not Applicable,No,Not Applicable,281,Cash,39,4.2,3.5
2024-07-22 23:55:00,CNR1489219518,Success,CID246981,eBike,Koramangala,Shivajinagar,42.0,85.0,Not Applicable,Not Applicable,No,Not Applicable,857,UPI,25,4.5,3.5
2024-07-24 00:10:00,CNR5322929663,Canceled by Driver,CID199003,Prime Sedan,Mysore Road,Banashankari,,,Not Applicable,Customer was coughing/sick,Not Applicable,Not Applicable,192,Not Applicable,0,,
2024-07-17 12:34:00,CNR6710423657,Success,CID138087,Prime Plus,Hebbal,Rajarajeshwari Nagar,168.0,130.0,Not Applicable,Not Applicable,No,Not Applicable,145,Credit Card,33,3.0,3.7
2024-07-11 02:46:00,CNR5273151553,Canceled by Customer,CID613292,eBike,Richmond Town,Padmanabhanagar,,,Wrong Address,Not Applicable,Not Applicable,Not Applicable,264,Not Applicable,0,,
2024-07-10 03:31:00,CNR1762560460,Success,CID156503,Prime SUV,Yelahanka,Bannerghatta Road,224.0,120.0,Not Applicable,Not Applicable,No,Not Applicable,623,Cash,6,4.3,4.5
2024-07-10 05:18:00,CNR9996286571,Canceled by Driver,CID801901,Prime Sedan,KR Puram,Bellandur,,,Not Applicable,Customer related issue,Not Applicable,Not Applicable,176,Not Applicable,0,,
2024-07-30 20:47:00,CNR6347502665,Success,CID266950,Bike,MG Road,Shivajinagar,182.0,80.0,Not Applicable,Not Applicable,No,Not Applicable,388,UPI,38,4.6,3.5
2024-07-15 19:34:00,CNR4535261888,Success,CID532151,Auto,Shivajinagar,Nagarbhavi,63.0,70.0,Not Applicable,Not Applicable,No,Not Applicable,339,Cash,12,4.9,3.1
2024-07-10 07:50:00,CNR2437701637,Success,CID992344,Prime SUV,Cox Town,HSR Layout,84.0,90.0,Not Applicable,Not Applicable,No,Not Applicable,551,Cash,30,3.6,3.4
2024-07-30 23:09:00,CNR3667137795,Canceled by Driver,CID553994,Bike,Basavanagudi,Kammanahalli,,,Not Applicable,Customer related issue,Not Applicable,Not Applicable,462,Not Applicable,0,,
2024-07-04 22:51:00,CNR8167425442,Canceled by Customer,CID498581,Auto,Malleshwaram,Vijayanagar,,,Driver is not moving towards pickup location,Not Applicable,Not Applicable,Not Applicable,537,Not Applicable,0,,
2024-07-24 19:41:00,CNR5544042846,Driver Not Found,CID433198,Auto,Electronic City,Frazer Town,,,Not Applicable,Not Applicable,Not Applicable,Not Applicable,172,Not Applicable,0,,
2024-07-06 08:52:00,CNR5786157414,Success,CID540647,Prime Plus,Hennur,Ulsoor,161.0,50.0,Not Applicable,Not Applicable,No,Not Applicable,364,Cash,39,4.6,3.4
2024-07-15 09:27:00,CNR5831802688,Success,CID797104,Prime SUV,Majestic,KR Puram,238.0,125.0,Not Applicable,Not Applicable,No,Not Applicable,207,UPI,45,3.6,3.9
2024-07-25 15:52:00,CNR7866423242,Success,CID785279,Prime SUV,Chickpet,Varthur,70.0,60.0,Not Applicable,Not Applicable,No,Not Applicable,697,UPI,22,3.9,3.2
2024-07-20 15:20:00,CNR5497368617,Success,CID691197,Auto,Ramamurthy Nagar,Shivajinagar,266.0,65.0,Not Applicable,Not Applicable,No,Not Applicable,433,Cash,12,3.1,4.1
2024-07-24 02:10:00,CNR7054259817,Canceled by Customer,CID200162,Prime Sedan,Kadugodi,HSR Layout,,,Wrong Address,Not Applicable,Not Applicable,Not Applicable,230,Not Applicable,0,,
2024-07-04 12:33:00,CNR7102305687,Success,CID242662,Prime Sedan,Basavanagudi,Malleshwaram,70.0,70.0,Not Applicable,Not Applicable,No,Not Applicable,223,UPI,27,4.3,4.1
2024-07-11 06:42:00,CNR2583621700,Success,CID781203,eBike,Basavanagudi,Magadi Road,161.0,65.0,Not Applicable,Not Applicable,No,Not Applicable,715,Cash,31,3.9,4.9
2024-07-12 05:09:00,CNR7467776518,Canceled by Customer,CID476571,Prime SUV,RT Nagar,Kengeri,,,Change of plans,Not Applicable,Not Applicable,Not Applicable,318,Not Applicable,0,,
2024-07-28 21:39:00,CNR3009241368,Driver Not Found,CID979777,Auto,Mysore Road,Nagarbhavi,,,Not Applicable,Not Applicable,Not Applicable,Not Applicable,233,Not Applicable,0,,
2024-07-04 10:35:00,CNR7916487722,Success,CID556585,Auto,Peenya,KR Puram,91.0,110.0,Not Applicable,Not Applicable,No,Not Applicable,479,Credit Card,10,4.4,3.9
2024-07-23 00:23:00,CNR5496577597,Canceled by Driver,CID814217,eBike,Marathahalli,Sahakar Nagar,,,Not Applicable,Customer was coughing/sick,Not Applicable,Not Applicable,530,Not Applicable,0,,
2024-07-10 10:17:00,CNR4416040193,Canceled by Customer,CID605752,eBike,Kadugodi,Varthur,,,Wrong Address,Not Applicable,Not Applicable,Not Applicable,334,Not Applicable,0,,
2024-07-25 17:13:00,CNR9420206331,Canceled by Customer,CID751369,eBike,Mysore Road,KR Puram,,,Wrong Address,Not Applicable,Not Applicable,Not Applicable,616,Not Applicable,0,,
2024-07-27 21:16:00,CNR5178755053,Driver Not Found,CID617051,Prime Sedan,Varthur,RT Nagar,,,Not Applicable,Not Applicable,Not Applicable,Not Applicable,106,Not Applicable,0,,
2024-07-15 12:19:00,CNR9820725937,Success,CID374305,Bike,Jayanagar,Hennur,126.0,50.0,Not Applicable,Not Applicable,No,Not Applicable,2563,Cash,7,3.8,4.0
2024-07-29 05:39:00,CNR4273753292,Success,CID581339,Prime Sedan,Tumkur Road,Banashankari,147.0,35.0,Not Applicable,Not Applicable,No,Not Applicable,400,Cash,26,3.6,4.8
2024-07-09 00:27:00,CNR5720338328,Canceled by Customer,CID335729,Auto,Varthur,Tumkur Road,,,Driver is not moving towards pickup location,Not Applicable,Not Applicable,Not Applicable,398,Not Applicable,0,,
2024-07-18 22:56:00,CNR8027786468,Driver Not Found,CID434645,eBike,Yeshwanthpur,Shivajinagar,,,Not Applicable,Not Applicable,Not Applicable,Not Applicable,339,Not Applicable,0,,
2024-07-17 16:13:00,CNR6279197871,Success,CID386351,Prime SUV,Shantinagar,Hosur Road,203.0,115.0,Not Applicable,Not Applicable,No,Not Applicable,272,UPI,43,4.5,3.7
2024-07-14 19:05:00,CNR3800945665,Success,CID381422,Auto,Marathahalli,Majestic,161.0,95.0,Not Applicable,Not Applicable,No,Not Applicable,298,UPI,11,3.2,3.1
2024-07-06 01:14:00,CNR8826809265,Canceled by Customer,CID787670,Mini,RT Nagar,MG Road,,,Driver asked to cancel,Not Applicable,Not Applicable,Not Applicable,752,Not Applicable,0,,
2024-07-23 03:12:00,CNR3486655757,Canceled by Customer,CID837365,eBike,Rajarajeshwari Nagar,Richmond Town,,,Driver asked to cancel,Not Applicable,Not Applicable,Not Applicable,1945,Not Applicable,0,,
2024-07-12 17:37:00,CNR5270925194,Success,CID324323,Bike,Bannerghatta Road,Indiranagar,217.0,130.0,Not Applicable,Not Applicable,No,Not Applicable,400,Cash,18,4.8,4.3
2024-07-14 12:50:00,CNR7053041282,Success,CID823995,Mini,MG Road,Vijayanagar,105.0,120.0,Not Applicable,Not Applicable,No,Not Applicable,245,Cash,29,3.9,3.6
2024-07-27 20:39:00,CNR5173706277,Success,CID857386,eBike,RT Nagar,Malleshwaram,56.0,45.0,Not Applicable,Not Applicable,No,Not Applicable,709,Cash,26,3.0,4.4
2024-07-15 22:15:00,CNR6192099973,Success,CID598159,eBike,Tumkur Road,Frazer Town,175.0,65.0,Not Applicable,Not Applicable,Yes,Vehicle Breakdown,533,UPI,47,3.9,4.2
2024-07-27 18:06:00,CNR5846513932,Success,CID630438,eBike,JP Nagar,KR Puram,140.0,95.0,Not Applicable,Not Applicable,No,Not Applicable,160,Cash,34,4.0,3.6
2024-07-29 05:32:00,CNR1108408873,Success,CID270784,Prime Sedan,Rajajinagar,Indiranagar,280.0,140.0,Not Applicable,Not Applicable,No,Not Applicable,367,UPI,24,3.9,3.6
2024-07-29 04:53:00,CNR4146622692,Driver Not Found,CID714244,Prime Plus,Vijayanagar,Magadi Road,,,Not Applicable,Not Applicable,Not Applicable,Not Applicable,233,Not Applicable,0,,
2024-07-22 00:29:00,CNR3789894346,Success,CID698306,Prime SUV,Shantinagar,Kengeri,182.0,95.0,Not Applicable,Not Applicable,No,Not Applicable,946,UPI,36,4.9,5.0
2024-07-14 22:33:00,CNR2454446467,Canceled by Driver,CID212783,Prime Plus,KR Puram,Nagarbhavi,,,Not Applicable,More than permitted people in there,Not Applicable,Not Applicable,436,Not Applicable,0,,
2024-07-10 01:18:00,CNR1607660249,Success,CID451662,Prime SUV,JP Nagar,Majestic,266.0,135.0,Not Applicable,Not Applicable,No,Not Applicable,374,Cash,44,3.5,4.4
2024-07-16 02:08:00,CNR1491932616,Canceled by Driver,CID477544,eBike,Frazer Town,Magadi Road,,,Not Applicable,Customer related issue,Not Applicable,Not Applicable,365,Not Applicable,0,,
2024-07-14 19:04:00,CNR5264599198,Success,CID421467,Prime SUV,HSR Layout,JP Nagar,105.0,35.0,Not Applicable,Not Applicable,No,Not Applicable,824,Cash,10,4.7,4.3
2024-07-18 07:38:00,CNR2636119568,Driver Not Found,CID448404,Prime Sedan,Yelahanka,Varthur,,,Not Applicable,Not Applicable,Not Applicable,Not Applicable,192,Not Applicable,0,,
2024-07-24 15:18:00,CNR2792551195,Success,CID605384,Auto,MG Road,Jayanagar,105.0,85.0,Not Applicable,Not Applicable,No,Not Applicable,143,UPI,7,3.2,3.3
2024-07-01 20:22:00,CNR8411149414,Canceled by Driver,CID823751,Prime Plus,Shivajinagar,JP Nagar,,,Not Applicable,Customer related issue,Not Applicable,Not Applicable,393,Not Applicable,0,,
2024-07-23 05:35:00,CNR5000571105,Success,CID768018,Bike,RT Nagar,Majestic,252.0,65.0,Not Applicable,Not Applicable,No,Not Applicable,322,Cash,22,3.1,3.5
2024-07-26 21:43:00,CNR3742058375,Success,CID249416,eBike,Tumkur Road,Shivajinagar,196.0,115.0,Not Applicable,Not Applicable,No,Not Applicable,126,Cash,27,3.8,3.1
2024-07-21 15:42:00,CNR4582569053,Success,CID428673,Mini,Hennur,Mysore Road,203.0,55.0,Not Applicable,Not Applicable,No,Not Applicable,408,UPI,4,4.4,3.5
2024-07-19 02:13:00,CNR5552530860,Success,CID762958,Prime SUV,Chickpet,Nagarbhavi,287.0,140.0,Not Applicable,Not Applicable,No,Not Applicable,956,Cash,1,4.9,4.1
2024-07-22 23:02:00,CNR7064515897,Canceled by Customer,CID963057,Mini,Kadugodi,Ramamurthy Nagar,,,Driver is not moving towards pickup location,Not Applicable,Not Applicable,Not Applicable,351,Not Applicable,0,,
2024-07-25 11:17:00,CNR1019029630,Driver Not Found,CID413177,Bike,Rajarajeshwari Nagar,Sarjapur Road,,,Not Applicable,Not Applicable,Not Applicable,Not Applicable,154,Not Applicable,0,,
2024-07-15 12:55:00,CNR2137945978,Canceled by Customer,CID695627,Auto,Hosur Road,Chamarajpet,,,Change of plans,Not Applicable,Not Applicable,Not Applicable,193,Not Applicable,0,,
2024-07-20 00:35:00,CNR3401234273,Canceled by Driver,CID797121,Bike,Jayanagar,Chamarajpet,,,Not Applicable,Personal & Car related issue,Not Applicable,Not Applicable,253,Not Applicable,0,,
2024-07-12 06:41:00,CNR4797835635,Success,CID500892,Auto,Nagarbhavi,Magadi Road,161.0,90.0,Not Applicable,Not Applicable,No,Not Applicable,213,Cash,2,3.5,4.9
2024-07-16 01:06:00,CNR6175025375,Success,CID915709,eBike,Peenya,Yeshwanthpur,301.0,105.0,Not Applicable,Not Applicable,No,Not Applicable,258,Cash,36,4.1,3.3
2024-07-17 00:04:00,CNR6929854535,Canceled by Driver,CID758809,eBike,Jayanagar,Whitefield,,,Not Applicable,Personal & Car related issue,Not Applicable,Not Applicable,791,Not Applicable,0,,
2024-07-30 07:04:00,CNR5906757575,Success,CID292251,Prime Plus,Vijayanagar,Richmond Town,231.0,35.0,Not Applicable,Not Applicable,No,Not Applicable,482,Cash,42,3.1,3.5
2024-07-21 04:38:00,CNR3203549068,Canceled by Driver,CID800860,Bike,Chickpet,Hosur Road,,,Not Applicable,Customer related issue,Not Applicable,Not Applicable,720,Not Applicable,0,,
2024-07-13 03:05:00,CNR2090960585,Success,CID127820,Prime Plus,Shivajinagar,Hulimavu,154.0,40.0,Not Applicable,Not Applicable,No,Not Applicable,394,Cash,17,5.0,3.1
2024-07-21 15:26:00,CNR9594425643,Success,CID276535,Prime Plus,Whitefield,Indiranagar,119.0,45.0,Not Applicable,Not Applicable,No,Not Applicable,157,Cash,32,3.7,3.1
2024-07-16 06:46:00,CNR7904105787,Success,CID161788,Prime Plus,Koramangala,Majestic,287.0,35.0,Not Applicable,Not Applicable,No,Not Applicable,896,UPI,8,4.3,3.5
2024-07-22 13:18:00,CNR7589367328,Canceled by Customer,CID406403,Prime Plus,Shivajinagar,Magadi Road,,,Driver asked to cancel,Not Applicable,Not Applicable,Not Applicable,475,Not Applicable,0,,
2024-07-04 21:24:00,CNR2680452275,Canceled by Customer,CID543956,Auto,Hebbal,Yeshwanthpur,,,Driver is not moving towards pickup location,Not Applicable,Not Applicable,Not Applicable,2303,Not Applicable,0,,
2024-07-01 12:18:00,CNR9871782095,Success,CID923387,Prime Sedan,Chamarajpet,Sahakar Nagar,112.0,60.0,Not Applicable,Not Applicable,No,Not Applicable,955,Cash,1,4.7,3.3
2024-07-26 10:33:00,CNR4013509642,Success,CID433462,Mini,Electronic City,Marathahalli,280.0,35.0,Not Applicable,Not Applicable,No,Not Applicable,136,UPI,28,4.4,3.6
2024-07-03 06:44:00,CNR4407415465,Success,CID528061,Bike,Bellandur,Whitefield,210.0,115.0,Not Applicable,Not Applicable,No,Not Applicable,485,Cash,47,4.4,4.1
2024-07-23 01:49:00,CNR1352268729,Success,CID489682,Bike,Kammanahalli,Bellandur,175.0,75.0,Not Applicable,Not Applicable,Yes,Customer Demand,917,Cash,13,3.2,4.0
2024-07-08 00:40:00,CNR8125589560,Success,CID330108,Prime SUV,Banashankari,Hosur Road,294.0,95.0,Not Applicable,Not Applicable,No,Not Applicable,251,UPI,1,3.2,4.3
2024-07-25 06:51:00,CNR9151201631,Success,CID786349,Prime Sedan,Whitefield,Devanahalli,70.0,140.0,Not Applicable,Not Applicable,No,Not Applicable,211,Cash,35,4.0,3.9
2024-07-09 13:49:00,CNR6193421326,Canceled by Driver,CID557391,Prime SUV,Ulsoor,Varthur,,,Not Applicable,Personal & Car related issue,Not Applicable,Not Applicable,1032,Not Applicable,0,,
2024-07-05 02:00:00,CNR2248382144,Success,CID393267,Auto,KR Puram,Richmond Town,119.0,140.0,Not Applicable,Not Applicable,No,Not Applicable,2955,UPI,14,3.6,3.7
2024-07-14 16:05:00,CNR1696778977,Success,CID276557,Mini,Bannerghatta Road,Ulsoor,168.0,95.0,Not Applicable,Not Applicable,No,Not Applicable,300,UPI,2,4.2,3.4
2024-07-29 12:49:00,CNR9004163094,Success,CID670967,eBike,Electronic City,Devanahalli,259.0,100.0,Not Applicable,Not Applicable,No,Not Applicable,208,Cash,29,4.2,3.0
2024-07-21 03:16:00,CNR1220201414,Success,CID677761,Prime Plus,Shivajinagar,Sarjapur Road,189.0,115.0,Not Applicable,Not Applicable,No,Not Applicable,389,Cash,40,3.9,3.6
2024-07-12 19:01:00,CNR3648668400,Success,CID523191,Prime Plus,Mysore Road,Electronic City,238.0,110.0,Not Applicable,Not Applicable,No,Not Applicable,115,UPI,15,3.9,3.5
2024-07-25 03:08:00,CNR1806017392,Canceled by Driver,CID334508,Mini,Hosur Road,JP Nagar,,,Not Applicable,More than permitted people in there,Not Applicable,Not Applicable,1561,Not Applicable,0,,
2024-07-30 11:39:00,CNR9338628715,Canceled by Customer,CID649946,Auto,Marathahalli,Chickpet,,,Driver asked to cancel,Not Applicable,Not Applicable,Not Applicable,1660,Not Applicable,0,,
2024-07-12 06:04:00,CNR1896871916,Canceled by Customer,CID574843,Prime Sedan,Chamarajpet,Chickpet,,,Driver asked to cancel,Not Applicable,Not Applicable,Not Applicable,325,Not Applicable,0,,
2024-07-22 00:01:00,CNR1919793761,Success,CID648699,eBike,Vijayanagar,Nagarbhavi,56.0,50.0,Not Applicable,Not Applicable,No,Not Applicable,456,Cash,32,4.6,4.3
2024-07-27 12:00:00,CNR9340579479,Canceled by Driver,CID199066,Mini,Hosur Road,Jayanagar,,,Not Applicable,Personal & Car related issue,Not Applicable,Not Applicable,121,Not Applicable,0,,
2024-07-18 11:35:00,CNR7640924274,Canceled by Customer,CID222255,Prime Sedan,Sahakar Nagar,Hennur,,,Wrong Address,Not Applicable,Not Applicable,Not Applicable,181,Not Applicable,0,,
2024-07-12 11:54:00,CNR7660409667,Canceled by Driver,CID795013,Bike,Richmond Town,Mysore Road,,,Not Applicable,Personal & Car related issue,Not Applicable,Not Applicable,245,Not Applicable,0,,
2024-07-19 17:10:00,CNR1586182242,Driver Not Found,CID922021,eBike,Cox Town,Frazer Town,,,Not Applicable,Not Applicable,Not Applicable,Not Applicable,215,Not Applicable,0,,
2024-07-17 08:46:00,CNR5475100299,Driver Not Found,CID455206,Prime Sedan,RT Nagar,JP Nagar,,,Not Applicable,Not Applicable,Not Applicable,Not Applicable,318,Not Applicable,0,,
2024-07-20 04:16:00,CNR9689478832,Canceled by Driver,CID740661,Prime Plus,Sarjapur Road,Kammanahalli,,,Not Applicable,Customer related issue,Not Applicable,Not Applicable,108,Not Applicable,0,,
2024-07-13 01:36:00,CNR3604463481,Success,CID875413,eBike,Bannerghatta Road,Ulsoor,42.0,70.0,Not Applicable,Not Applicable,No,Not Applicable,544,Credit Card,39,4.5,4.8
2024-07-25 14:38:00,CNR6910198507,Driver Not Found,CID841887,Prime Plus,Kammanahalli,Frazer Town,,,Not Applicable,Not Applicable,Not Applicable,Not Applicable,185,Not Applicable,0,,
2024-07-04 11:14:00,CNR1667669978,Success,CID476795,Mini,Banashankari,Electronic City,91.0,35.0,Not Applicable,Not Applicable,No,Not Applicable,691,Cash,10,3.4,4.8
2024-07-22 07:47:00,CNR9486277860,Success,CID508841,Mini,Varthur,Richmond Town,182.0,75.0,Not Applicable,Not Applicable,No,Not Applicable,435,UPI,19,4.8,5.0
2024-07-22 12:24:00,CNR6279677868,Success,CID841237,eBike,RT Nagar,Padmanabhanagar,84.0,95.0,Not Applicable,Not Applicable,No,Not Applicable,476,UPI,5,4.3,4.8
2024-07-10 07:05:00,CNR9392707303,Canceled by Driver,CID100492,Prime SUV,Jayanagar,Padmanabhanagar,,,Not Applicable,Customer related issue,Not Applicable,Not Applicable,2533,Not Applicable,0,,
2024-07-22 14:01:00,CNR1414623093,Success,CID471875,Prime Plus,Padmanabhanagar,MG Road,238.0,95.0,Not Applicable,Not Applicable,No,Not Applicable,290,Cash,21,3.9,3.1
2024-07-29 15:12:00,CNR9259963701,Success,CID100977,Mini,Sarjapur Road,Magadi Road,189.0,65.0,Not Applicable,Not Applicable,No,Not Applicable,453,UPI,30,5.0,4.4
2024-07-01 08:16:00,CNR5230383438,Success,CID793298,Auto,Peenya,Bellandur,203.0,100.0,Not Applicable,Not Applicable,No,Not Applicable,180,UPI,10,3.9,4.9
2024-07-23 13:38:00,CNR5703645229,Success,CID927562,Prime Sedan,Frazer Town,Frazer Town,273.0,125.0,Not Applicable,Not Applicable,No,Not Applicable,189,Cash,24,4.5,4.7
2024-07-04 07:33:00,CNR5542294368,Success,CID742343,Prime Plus,Chickpet,Ulsoor,287.0,115.0,Not Applicable,Not Applicable,No,Not Applicable,858,UPI,44,3.1,3.1
2024-07-16 00:15:00,CNR2619103500,Driver Not Found,CID244106,Mini,Magadi Road,Kengeri,,,Not Applicable,Not Applicable,Not Applicable,Not Applicable,887,Not Applicable,0,,
2024-07-21 11:53:00,CNR8261680821,Driver Not Found,CID973508,Auto,Yeshwanthpur,Yelahanka,,,Not Applicable,Not Applicable,Not Applicable,Not Applicable,750,Not Applicable,0,,
2024-07-03 08:39:00,CNR6475841139,Success,CID295795,Bike,HSR Layout,Indiranagar,161.0,75.0,Not Applicable,Not Applicable,No,Not Applicable,647,Cash,3,4.8,4.5
2024-07-30 21:57:00,CNR5424381403,Driver Not Found,CID584129,Prime Sedan,Jayanagar,Koramangala,,,Not Applicable,Not Applicable,Not Applicable,Not Applicable,847,Not Applicable,0,,
2024-07-06 01:46:00,CNR1392941754,Driver Not Found,CID360804,Mini,Rajajinagar,Rajarajeshwari Nagar,,,Not Applicable,Not Applicable,Not Applicable,Not Applicable,299,Not Applicable,0,,
2024-07-19 13:32:00,CNR4669276932,Success,CID981826,eBike,Sahakar Nagar,Electronic City,196.0,140.0,Not Applicable,Not Applicable,No,Not Applicable,242,UPI,26,4.3,3.6
2024-07-08 15:44:00,CNR1778429733,Success,CID113843,Auto,Chamarajpet,Peenya,273.0,105.0,Not Applicable,Not Applicable,No,Not Applicable,439,Cash,13,3.3,4.0
2024-07-22 18:18:00,CNR8651576817,Canceled by Customer,CID893553,Prime Plus,Ulsoor,Kengeri,,,Driver asked to cancel,Not Applicable,Not Applicable,Not Applicable,465,Not Applicable,0,,
2024-07-17 15:37:00,CNR4494769269,Success,CID196905,Bike,Jayanagar,RT Nagar,84.0,120.0,Not Applicable,Not Applicable,No,Not Applicable,286,Credit Card,27,3.6,3.3
2024-07-05 19:10:00,CNR4329864964,Success,CID434557,Prime SUV,Banashankari,Ramamurthy Nagar,238.0,100.0,Not Applicable,Not Applicable,No,Not Applicable,782,Cash,8,3.1,4.1
2024-07-28 04:25:00,CNR7668054784,Success,CID849576,Prime Sedan,Nagarbhavi,Devanahalli,252.0,40.0,Not Applicable,Not Applicable,No,Not Applicable,720,UPI,48,3.5,3.8
2024-07-15 06:51:00,CNR1005566062,Success,CID339560,Prime Plus,Richmond Town,Whitefield,56.0,50.0,Not Applicable,Not Applicable,No,Not Applicable,350,UPI,1,3.5,4.9
2024-07-22 15:37:00,CNR1677198840,Success,CID933056,Prime SUV,Jayanagar,Banashankari,112.0,105.0,Not Applicable,Not Applicable,No,Not Applicable,239,Cash,5,4.5,4.8
2024-07-20 13:26:00,CNR9261118072,Canceled by Customer,CID402635,Bike,Peenya,Banashankari,,,Change of plans,Not Applicable,Not Applicable,Not Applicable,422,Not Applicable,0,,
2024-07-13 01:13:00,CNR8785047867,Success,CID654260,Prime Plus,Ramamurthy Nagar,HSR Layout,245.0,105.0,Not Applicable,Not Applicable,No,Not Applicable,478,Cash,38,3.3,4.4
2024-07-19 20:02:00,CNR7968414271,Driver Not Found,CID286817,Prime Plus,Hennur,Nagarbhavi,,,Not Applicable,Not Applicable,Not Applicable,Not Applicable,474,Not Applicable,0,,
2024-07-20 08:36:00,CNR1096701214,Success,CID580750,Prime Sedan,Electronic City,Mysore Road,133.0,145.0,Not Applicable,Not Applicable,No,Not Applicable,455,Cash,3,4.3,5.0
2024-07-23 11:30:00,CNR5793567442,Canceled by Driver,CID269490,Bike,Malleshwaram,HSR Layout,,,Not Applicable,Customer was coughing/sick,Not Applicable,Not Applicable,445,Not Applicable,0,,
2024-07-10 19:39:00,CNR2332041826,Success,CID905771,Prime Plus,Hebbal,Ramamurthy Nagar,154.0,90.0,Not Applicable,Not Applicable,No,Not Applicable,305,Cash,44,4.1,3.8
2024-07-18 09:56:00,CNR4241959459,Success,CID259252,Bike,Kammanahalli,Shivajinagar,196.0,40.0,Not Applicable,Not Applicable,No,Not Applicable,160,Cash,19,4.3,4.1
2024-07-09 00:32:00,CNR5592439684,Canceled by Driver,CID636504,Prime Plus,Whitefield,Rajajinagar,,,Not Applicable,Customer was coughing/sick,Not Applicable,Not Applicable,430,Not Applicable,0,,
2024-07-01 02:05:00,CNR9461211431,Success,CID788593,Prime SUV,Ulsoor,Chamarajpet,308.0,55.0,Not Applicable,Not Applicable,No,Not Applicable,203,Credit Card,18,3.6,4.9
2024-07-30 17:59:00,CNR3746262654,Success,CID146019,Prime SUV,Malleshwaram,Sarjapur Road,161.0,80.0,Not Applicable,Not Applicable,No,Not Applicable,343,UPI,20,4.4,3.1
2024-07-04 08:52:00,CNR3531680986,Driver Not Found,CID494068,Prime Sedan,Kengeri,Electronic City,,,Not Applicable,Not Applicable,Not Applicable,Not Applicable,184,Not Applicable,0,,
2024-07-13 17:44:00,CNR1870435307,Success,CID534524,Prime SUV,RT Nagar,Whitefield,35.0,145.0,Not Applicable,Not Applicable,No,Not Applicable,499,Credit Card,13,4.1,4.3
2024-07-21 16:39:00,CNR7364853529,Success,CID257204,Bike,JP Nagar,Varthur,91.0,45.0,Not Applicable,Not Applicable,No,Not Applicable,864,Cash,41,3.0,3.6
2024-07-21 03:00:00,CNR7853567256,Success,CID545363,Auto,Bellandur,Tumkur Road,203.0,25.0,Not Applicable,Not Applicable,No,Not Applicable,394,Cash,14,4.4,4.6
2024-07-30 08:57:00,CNR9952379070,Success,CID894424,eBike,Chickpet,Banashankari,49.0,105.0,Not Applicable,Not Applicable,No,Not Applicable,972,Cash,5,3.1,3.2
2024-07-17 08:48:00,CNR4610682781,Canceled by Customer,CID547340,eBike,Varthur,Varthur,,,Driver asked to cancel,Not Applicable,Not Applicable,Not Applicable,346,Not Applicable,0,,
2024-07-30 07:37:00,CNR4553676946,Success,CID308627,Bike,KR Puram,Marathahalli,210.0,55.0,Not Applicable,Not Applicable,No,Not Applicable,269,Cash,21,4.4,4.3
2024-07-07 05:19:00,CNR5715887518,Canceled by Driver,CID914468,Mini,Bellandur,Rajarajeshwari Nagar,,,Not Applicable,Customer was coughing/sick,Not Applicable,Not Applicable,625,Not Applicable,0,,
2024-07-15 18:02:00,CNR4986041539,Success,CID186029,Prime Sedan,Basavanagudi,Hosur Road,168.0,140.0,Not Applicable,Not Applicable,No,Not Applicable,912,Cash,39,4.8,3.4
2024-07-08 10:27:00,CNR3240378667,Canceled by Driver,CID847110,Prime SUV,Shantinagar,Frazer Town,,,Not Applicable,Customer was coughing/sick,Not Applicable,Not Applicable,872,Not Applicable,0,,
2024-07-08 11:08:00,CNR3151122822,Canceled by Customer,CID807246,Auto,Marathahalli,Hosur Road,,,Driver is not moving towards pickup location,Not Applicable,Not Applicable,Not Applicable,496,Not Applicable,0,,
2024-07-17 17:21:00,CNR2599614993,Success,CID340184,Prime Sedan,MG Road,Ramamurthy Nagar,189.0,140.0,Not Applicable,Not Applicable,No,Not Applicable,431,Cash,27,4.7,3.7
2024-07-27 00:45:00,CNR6633907354,Success,CID815517,Bike,Shivajinagar,Langford Town,175.0,125.0,Not Applicable,Not Applicable,No,Not Applicable,220,Cash,43,3.7,3.4
2024-07-23 17:03:00,CNR2390582223,Success,CID456370,Prime Sedan,Yelahanka,Sarjapur Road,245.0,120.0,Not Applicable,Not Applicable,No,Not Applicable,920,UPI,49,4.0,4.1
2024-07-09 17:56:00,CNR5861428962,Success,CID439076,Mini,Banashankari,Bannerghatta Road,119.0,130.0,Not Applicable,Not Applicable,No,Not Applicable,949,Cash,7,3.7,4.3
2024-07-06 08:17:00,CNR8380446501,Success,CID417082,Auto,Padmanabhanagar,Shantinagar,84.0,100.0,Not Applicable,Not Applicable,No,Not Applicable,533,Cash,17,4.7,3.7
2024-07-14 22:46:00,CNR8823858208,Success,CID182671,Prime SUV,Cox Town,Chickpet,91.0,65.0,Not Applicable,Not Applicable,No,Not Applicable,131,Cash,32,3.7,4.9
2024-07-03 00:43:00,CNR5266241402,Success,CID906676,Prime Plus,Kadugodi,Banashankari,224.0,120.0,Not Applicable,Not Applicable,No,Not Applicable,376,UPI,33,4.4,3.2
2024-07-13 02:17:00,CNR5572106866,Canceled by Driver,CID130936,Prime Sedan,Kadugodi,Richmond Town,,,Not Applicable,Personal & Car related issue,Not Applicable,Not Applicable,974,Not Applicable,0,,
2024-07-22 18:29:00,CNR6067686126,Success,CID619716,Auto,Hebbal,Yelahanka,217.0,110.0,Not Applicable,Not Applicable,No,Not Applicable,462,UPI,12,4.5,4.1
2024-07-12 06:47:00,CNR6734406274,Success,CID952395,Prime SUV,Tumkur Road,Electronic City,70.0,75.0,Not Applicable,Not Applicable,No,Not Applicable,267,UPI,2,3.8,3.4
2024-07-15 10:11:00,CNR4488259415,Success,CID552712,Bike,Mysore Road,Ulsoor,203.0,55.0,Not Applicable,Not Applicable,No,Not Applicable,379,UPI,31,3.9,3.5
2024-07-08 04:21:00,CNR7707219620,Success,CID949560,Prime Plus,Ramamurthy Nagar,Koramangala,70.0,25.0,Not Applicable,Not Applicable,No,Not Applicable,600,Cash,32,4.1,3.6
2024-07-27 18:33:00,CNR9636981916,Canceled by Customer,CID111441,Prime Plus,Tumkur Road,Whitefield,,,AC is Not working,Not Applicable,Not Applicable,Not Applicable,233,Not Applicable,0,,
2024-07-22 09:26:00,CNR5551395554,Success,CID351317,Prime Sedan,Electronic City,Jayanagar,196.0,60.0,Not Applicable,Not Applicable,No,Not Applicable,209,Cash,21,3.8,3.3
2024-07-20 00:16:00,CNR3150537452,Success,CID801622,eBike,Ramamurthy Nagar,Magadi Road,105.0,125.0,Not Applicable,Not Applicable,No,Not Applicable,492,UPI,43,3.7,3.1
2024-07-25 19:29:00,CNR6296503876,Canceled by Customer,CID428587,eBike,Banashankari,Jayanagar,,,AC is Not working,Not Applicable,Not Applicable,Not Applicable,233,Not Applicable,0,,
2024-07-23 00:44:00,CNR8079617235,Driver Not Found,CID168432,Prime Plus,Ramamurthy Nagar,BTM Layout,,,Not Applicable,Not Applicable,Not Applicable,Not Applicable,409,Not Applicable,0,,
2024-07-09 13:40:00,CNR8029221729,Driver Not Found,CID229984,Prime Sedan,Richmond Town,Richmond Town,,,Not Applicable,Not Applicable,Not Applicable,Not Applicable,436,Not Applicable,0,,
2024-07-02 17:21:00,CNR8808940401,Success,CID382440,Bike,Devanahalli,Basavanagudi,105.0,65.0,Not Applicable,Not Applicable,No,Not Applicable,220,Cash,42,4.5,5.0
2024-07-14 22:44:00,CNR2166450355,Canceled by Customer,CID371214,Bike,Indiranagar,Electronic City,,,AC is Not working,Not Applicable,Not Applicable,Not Applicable,287,Not Applicable,0,,
2024-07-14 11:39:00,CNR1428718909,Success,CID165096,Prime Sedan,Cox Town,Chamarajpet,182.0,125.0,Not Applicable,Not Applicable,No,Not Applicable,266,UPI,21,3.8,4.2
2024-07-11 15:02:00,CNR8874914393,Success,CID419684,Prime SUV,Nagarbhavi,Frazer Town,98.0,135.0,Not Applicable,Not Applicable,No,Not Applicable,491,Cash,43,5.0,3.8
2024-07-17 03:38:00,CNR8178657559,Canceled by Customer,CID476309,Prime Sedan,Chickpet,Devanahalli,,,Driver is not moving towards pickup location,Not Applicable,Not Applicable,Not Applicable,463,Not Applicable,0,,
2024-07-10 11:12:00,CNR8012165384,Driver Not Found,CID216245,Prime Sedan,Hosur Road,HSR Layout,,,Not Applicable,Not Applicable,Not Applicable,Not Applicable,878,Not Applicable,0,,
2024-07-26 02:15:00,CNR3913600334,Canceled by Customer,CID349306,Auto,Bannerghatta Road,Hennur,,,AC is Not working,Not Applicable,Not Applicable,Not Applicable,2804,Not Applicable,0,,
2024-07-11 04:52:00,CNR9790473004,Success,CID267942,Prime Plus,Yelahanka,Bellandur,168.0,35.0,Not Applicable,Not Applicable,No,Not Applicable,337,UPI,31,3.1,3.5
2024-07-13 00:22:00,CNR7763081335,Success,CID271644,Bike,Banashankari,Marathahalli,231.0,110.0,Not Applicable,Not Applicable,No,Not Applicable,106,UPI,20,3.6,4.8
2024-07-10 16:35:00,CNR5587214031,Success,CID409536,Auto,Chickpet,Kengeri,98.0,140.0,Not Applicable,Not Applicable,No,Not Applicable,903,UPI,9,4.0,4.6
2024-07-05 12:01:00,CNR9294412926,Success,CID835805,Prime SUV,Hebbal,Hulimavu,252.0,135.0,Not Applicable,Not Applicable,No,Not Applicable,560,UPI,48,4.9,4.0
2024-07-18 22:06:00,CNR4834053518,Success,CID936795,Mini,Marathahalli,HSR Layout,42.0,145.0,Not Applicable,Not Applicable,No,Not Applicable,473,Cash,19,3.9,4.6
2024-07-11 09:56:00,CNR1427654087,Success,CID590196,Auto,Hennur,Jayanagar,259.0,70.0,Not Applicable,Not Applicable,No,Not Applicable,127,Cash,16,3.3,4.7
2024-07-23 13:35:00,CNR2439774000,Success,CID698351,Prime Sedan,Bellandur,Rajarajeshwari Nagar,147.0,90.0,Not Applicable,Not Applicable,No,Not Applicable,220,Cash,40,4.1,3.4
2024-07-26 13:12:00,CNR8313548406,Canceled by Driver,CID580424,eBike,Basavanagudi,Kengeri,,,Not Applicable,Customer was coughing/sick,Not Applicable,Not Applicable,135,Not Applicable,0,,
2024-07-29 11:15:00,CNR2807458073,Success,CID510909,Mini,Hulimavu,Mysore Road,238.0,95.0,Not Applicable,Not Applicable,No,Not Applicable,495,Cash,27,4.9,3.9
2024-07-29 03:47:00,CNR3494052979,Success,CID421801,Bike,Langford Town,Shantinagar,119.0,95.0,Not Applicable,Not Applicable,No,Not Applicable,259,Cash,41,4.3,4.8
2024-07-30 11:02:00,CNR6993860378,Success,CID914238,Prime SUV,Kengeri,Varthur,238.0,140.0,Not Applicable,Not Applicable,Yes,Vehicle Breakdown,229,UPI,36,4.6,4.2
2024-07-25 16:23:00,CNR8631742967,Canceled by Customer,CID134604,Bike,Richmond Town,Yeshwanthpur,,,Driver is not moving towards pickup location,Not Applicable,Not Applicable,Not Applicable,363,Not Applicable,0,,
2024-07-06 11:50:00,CNR4539570788,Success,CID674436,Mini,Langford Town,Kammanahalli,175.0,95.0,Not Applicable,Not Applicable,No,Not Applicable,293,Cash,49,3.8,4.4
2024-07-21 10:59:00,CNR4842784307,Success,CID530201,Auto,Shivajinagar,Rajajinagar,105.0,85.0,Not Applicable,Not Applicable,No,Not Applicable,102,Cash,8,4.9,4.6
2024-07-02 12:14:00,CNR4473805255,Success,CID389535,Bike,Whitefield,Magadi Road,98.0,85.0,Not Applicable,Not Applicable,No,Not Applicable,642,Credit Card,7,3.2,3.3
2024-07-07 10:45:00,CNR7075062299,Success,CID942856,Mini,Hulimavu,Chamarajpet,70.0,45.0,Not Applicable,Not Applicable,No,Not Applicable,455,Cash,42,4.4,4.4
2024-07-25 03:25:00,CNR3913711492,Canceled by Customer,CID431230,Prime Sedan,Chickpet,Tumkur Road,,,Driver asked to cancel,Not Applicable,Not Applicable,Not Applicable,171,Not Applicable,0,,
2024-07-12 12:29:00,CNR1029850434,Success,CID759146,Mini,Nagarbhavi,Marathahalli,35.0,25.0,Not Applicable,Not Applicable,No,Not Applicable,363,Cash,44,4.1,4.6
2024-07-23 01:28:00,CNR1123241896,Canceled by Customer,CID281848,Prime Plus,HSR Layout,Varthur,,,Change of plans,Not Applicable,Not Applicable,Not Applicable,275,Not Applicable,0,,
2024-07-26 01:29:00,CNR2964940436,Success,CID236156,eBike,Ramamurthy Nagar,Basavanagudi,210.0,65.0,Not Applicable,Not Applicable,No,Not Applicable,253,UPI,46,4.9,4.5
2024-07-07 00:20:00,CNR8373703253,Driver Not Found,CID721170,Auto,Shantinagar,Peenya,,,Not Applicable,Not Applicable,Not Applicable,Not Applicable,496,Not Applicable,0,,
2024-07-05 01:24:00,CNR9759101533,Success,CID892141,eBike,Hebbal,Yelahanka,301.0,125.0,Not Applicable,Not Applicable,No,Not Applicable,158,UPI,48,3.3,4.9
2024-07-02 09:03:00,CNR5948629064,Success,CID969520,Prime Sedan,Vijayanagar,Richmond Town,287.0,135.0,Not Applicable,Not Applicable,No,Not Applicable,153,Cash,37,3.2,3.3
2024-07-14 14:11:00,CNR9911058105,Success,CID298594,Auto,Padmanabhanagar,Kadugodi,147.0,120.0,Not Applicable,Not Applicable,No,Not Applicable,493,UPI,12,4.8,4.4
2024-07-09 13:13:00,CNR1477227568,Canceled by Customer,CID334041,Prime Sedan,Vijayanagar,Shantinagar,,,Driver asked to cancel,Not Applicable,Not Applicable,Not Applicable,325,Not Applicable,0,,
2024-07-18 08:55:00,CNR9852300820,Success,CID624705,Bike,Bellandur,Basavanagudi,280.0,95.0,Not Applicable,Not Applicable,No,Not Applicable,194,Cash,41,3.5,4.3
2024-07-13 08:46:00,CNR1481588143,Driver Not Found,CID734188,Bike,Devanahalli,Bannerghatta Road,,,Not Applicable,Not Applicable,Not Applicable,Not Applicable,489,Not Applicable,0,,
2024-07-01 02:18:00,CNR8203514148,Canceled by Driver,CID810385,Bike,Majestic,Chamarajpet,,,Not Applicable,Personal & Car related issue,Not Applicable,Not Applicable,332,Not Applicable,0,,
2024-07-14 17:27:00,CNR6632732767,Canceled by Customer,CID489276,Auto,JP Nagar,Hebbal,,,Driver is not moving towards pickup location,Not Applicable,Not Applicable,Not Applicable,118,Not Applicable,0,,
2024-07-27 15:37:00,CNR7984876673,Success,CID455693,Auto,Rajarajeshwari Nagar,Hennur,231.0,55.0,Not Applicable,Not Applicable,No,Not Applicable,846,Cash,13,4.8,4.2
2024-07-07 15:27:00,CNR6680700339,Success,CID603769,Bike,Hennur,JP Nagar,231.0,60.0,Not Applicable,Not Applicable,No,Not Applicable,135,UPI,32,3.7,4.6
2024-07-08 23:04:00,CNR9680201339,Success,CID429116,Auto,Magadi Road,Electronic City,119.0,85.0,Not Applicable,Not Applicable,No,Not Applicable,138,UPI,13,3.3,4.3
2024-07-14 11:52:00,CNR1679736623,Success,CID482163,Prime Sedan,Kengeri,JP Nagar,112.0,45.0,Not Applicable,Not Applicable,No,Not Applicable,543,Cash,30,3.2,4.1
2024-07-27 09:03:00,CNR6178088302,Driver Not Found,CID692426,Bike,Hulimavu,Koramangala,,,Not Applicable,Not Applicable,Not Applicable,Not Applicable,302,Not Applicable,0,,
2024-07-12 16:53:00,CNR3807039741,Success,CID768598,Prime Plus,Cox Town,Basavanagudi,182.0,145.0,Not Applicable,Not Applicable,No,Not Applicable,699,Cash,37,4.9,3.3
2024-07-05 23:07:00,CNR7157293154,Success,CID644283,Auto,Kadugodi,Ramamurthy Nagar,308.0,70.0,Not Applicable,Not Applicable,No,Not Applicable,453,UPI,7,4.8,4.7
2024-07-30 21:27:00,CNR9313152720,Success,CID245232,Auto,Sahakar Nagar,Majestic,301.0,110.0,Not Applicable,Not Applicable,No,Not Applicable,487,UPI,14,4.2,4.9
2024-07-09 03:51:00,CNR1619819024,Success,CID758411,Prime SUV,Kengeri,Kadugodi,98.0,115.0,Not Applicable,Not Applicable,No,Not Applicable,151,UPI,6,4.4,4.7
2024-07-04 08:29:00,CNR3551602140,Canceled by Driver,CID302111,Auto,Yeshwanthpur,Cox Town,,,Not Applicable,Customer was coughing/sick,Not Applicable,Not Applicable,315,Not Applicable,0,,
2024-07-09 16:57:00,CNR2978501426,Success,CID859305,Prime Sedan,Hebbal,BTM Layout,70.0,135.0,Not Applicable,Not Applicable,No,Not Applicable,340,Cash,31,3.1,3.4
2024-07-23 09:41:00,CNR3177994155,Driver Not Found,CID704747,Prime Plus,Vijayanagar,Indiranagar,,,Not Applicable,Not Applicable,Not Applicable,Not Applicable,410,Not Applicable,0,,
2024-07-07 10:11:00,CNR5614132100,Canceled by Driver,CID974270,Prime Sedan,KR Puram,JP Nagar,,,Not Applicable,Personal & Car related issue,Not Applicable,Not Applicable,465,Not Applicable,0,,
2024-07-25 15:06:00,CNR9171987735,Success,CID411159,Auto,RT Nagar,Koramangala,224.0,140.0,Not Applicable,Not Applicable,No,Not Applicable,137,Cash,16,3.9,4.8
2024-07-22 19:13:00,CNR2186085957,Success,CID874513,Auto,Tumkur Road,Langford Town,238.0,55.0,Not Applicable,Not Applicable,No,Not Applicable,104,UPI,13,3.7,3.5
2024-07-09 01:18:00,CNR8272296563,Canceled by Driver,CID191569,Prime SUV,HSR Layout,Devanahalli,,,Not Applicable,Customer was coughing/sick,Not Applicable,Not Applicable,403,Not Applicable,0,,
2024-07-03 07:36:00,CNR7338858406,Success,CID595612,Bike,Vijayanagar,Banashankari,217.0,80.0,Not Applicable,Not Applicable,No,Not Applicable,243,Cash,9,4.7,3.6
2024-07-27 08:23:00,CNR3385337603,Canceled by Driver,CID453370,Mini,Devanahalli,Nagarbhavi,,,Not Applicable,More than permitted people in there,Not Applicable,Not Applicable,280,Not Applicable,0,,
2024-07-26 11:26:00,CNR6723834051,Canceled by Driver,CID571572,Prime Plus,MG Road,Hebbal,,,Not Applicable,More than permitted people in there,Not Applicable,Not Applicable,627,Not Applicable,0,,
2024-07-10 13:05:00,CNR8552346425,Driver Not Found,CID482504,Bike,Cox Town,Rajajinagar,,,Not Applicable,Not Applicable,Not Applicable,Not Applicable,323,Not Applicable,0,,
2024-07-21 20:56:00,CNR1665712702,Canceled by Customer,CID106610,Auto,Rajarajeshwari Nagar,Mysore Road,,,Change of plans,Not Applicable,Not Applicable,Not Applicable,398,Not Applicable,0,,
2024-07-28 04:27:00,CNR2168269474,Success,CID997997,Mini,Banashankari,Varthur,49.0,80.0,Not Applicable,Not Applicable,No,Not Applicable,290,Cash,2,3.3,3.3
2024-07-14 11:59:00,CNR7477232821,Success,CID949133,Mini,MG Road,Bellandur,287.0,60.0,Not Applicable,Not Applicable,No,Not Applicable,422,UPI,30,3.1,3.3
2024-07-01 10:06:00,CNR2649487631,Success,CID602037,Bike,Basavanagudi,Bannerghatta Road,266.0,85.0,Not Applicable,Not Applicable,Yes,Vehicle Breakdown,537,Cash,16,4.1,3.8
2024-07-11 11:13:00,CNR8814725211,Canceled by Driver,CID562459,Auto,Hosur Road,Rajarajeshwari Nagar,,,Not Applicable,Personal & Car related issue,Not Applicable,Not Applicable,277,Not Applicable,0,,
2024-07-26 23:36:00,CNR4218448702,Success,CID204165,Auto,Hennur,BTM Layout,273.0,120.0,Not Applicable,Not Applicable,No,Not Applicable,1266,UPI,12,3.6,4.7
2024-07-05 03:57:00,CNR9293129339,Canceled by Driver,CID623628,Prime SUV,Indiranagar,MG Road,,,Not Applicable,Customer was coughing/sick,Not Applicable,Not Applicable,107,Not Applicable,0,,
2024-07-24 14:32:00,CNR6951643016,Canceled by Driver,CID820735,Prime Plus,Basavanagudi,Padmanabhanagar,,,Not Applicable,Customer related issue,Not Applicable,Not Applicable,876,Not Applicable,0,,
2024-07-03 09:10:00,CNR1057277590,Success,CID120410,Bike,Varthur,Richmond Town,161.0,115.0,Not Applicable,Not Applicable,No,Not Applicable,897,Cash,48,4.1,3.3
2024-07-17 15:13:00,CNR1553621436,Success,CID134631,eBike,Electronic City,Padmanabhanagar,126.0,35.0,Not Applicable,Not Applicable,No,Not Applicable,330,UPI,5,3.5,3.3
2024-07-10 11:45:00,CNR4796849798,Canceled by Driver,CID497457,Bike,Bellandur,Vijayanagar,,,Not Applicable,Customer was coughing/sick,Not Applicable,Not Applicable,191,Not Applicable,0,,
2024-07-16 00:42:00,CNR8689414252,Success,CID103369,eBike,Shantinagar,Indiranagar,168.0,135.0,Not Applicable,Not Applicable,No,Not Applicable,1577,UPI,15,4.1,4.4
2024-07-06 06:50:00,CNR1298828648,Success,CID828687,Prime Plus,Rajajinagar,Basavanagudi,168.0,90.0,Not Applicable,Not Applicable,No,Not Applicable,434,UPI,49,3.8,4.9
2024-07-16 20:57:00,CNR3544182768,Success,CID765067,Prime SUV,Hosur Road,KR Puram,105.0,135.0,Not Applicable,Not Applicable,No,Not Applicable,447,Cash,13,3.4,3.6
2024-07-03 09:45:00,CNR6223516138,Canceled by Customer,CID856299,Bike,Rajarajeshwari Nagar,Kadugodi,,,Change of plans,Not Applicable,Not Applicable,Not Applicable,302,Not Applicable,0,,
2024-07-25 11:14:00,CNR4180682606,Success,CID146047,Prime Plus,Banashankari,Sarjapur Road,308.0,115.0,Not Applicable,Not Applicable,No,Not Applicable,189,UPI,22,3.6,3.3
2024-07-26 07:12:00,CNR3212039424,Canceled by Driver,CID102520,Mini,Ulsoor,Kammanahalli,,,Not Applicable,Customer was coughing/sick,Not Applicable,Not Applicable,427,Not Applicable,0,,
2024-07-29 13:54:00,CNR6790225831,Canceled by Customer,CID783503,Prime Sedan,Ulsoor,Richmond Town,,,Driver asked to cancel,Not Applicable,Not Applicable,Not Applicable,880,Not Applicable,0,,
2024-07-11 03:14:00,CNR5012942745,Success,CID550352,eBike,Electronic City,Tumkur Road,49.0,140.0,Not Applicable,Not Applicable,No,Not Applicable,140,UPI,34,3.6,3.2
2024-07-30 09:58:00,CNR8691362164,Driver Not Found,CID263029,Bike,Kengeri,Hennur,,,Not Applicable,Not Applicable,Not Applicable,Not Applicable,379,Not Applicable,0,,
2024-07-24 04:42:00,CNR9037360884,Success,CID793791,Prime Plus,Kammanahalli,Hulimavu,175.0,65.0,Not Applicable,Not Applicable,No,Not Applicable,295,UPI,41,3.8,4.1
2024-07-01 19:05:00,CNR8457684625,Success,CID683729,Auto,HSR Layout,Kadugodi,147.0,40.0,Not Applicable,Not Applicable,No,Not Applicable,214,Cash,6,3.4,4.9
2024-07-08 18:12:00,CNR1743803116,Canceled by Driver,CID284788,Prime SUV,Mysore Road,Richmond Town,,,Not Applicable,Personal & Car related issue,Not Applicable,Not Applicable,175,Not Applicable,0,,
2024-07-28 20:54:00,CNR4269007690,Success,CID226134,Bike,Devanahalli,JP Nagar,308.0,25.0,Not Applicable,Not Applicable,No,Not Applicable,164,UPI,41,4.2,4.2
2024-07-14 13:39:00,CNR4814083097,Canceled by Driver,CID874642,Bike,Majestic,Chickpet,,,Not Applicable,Customer related issue,Not Applicable,Not Applicable,129,Not Applicable,0,,
2024-07-13 07:30:00,CNR8186210749,Success,CID163000,Prime Plus,Basavanagudi,Bellandur,301.0,90.0,Not Applicable,Not Applicable,No,Not Applicable,306,UPI,24,4.3,4.0
2024-07-19 21:24:00,CNR1734320333,Success,CID987781,Mini,Yeshwanthpur,Yeshwanthpur,203.0,90.0,Not Applicable,Not Applicable,No,Not Applicable,310,UPI,30,3.0,4.3
2024-07-13 23:07:00,CNR5082179856,Success,CID115000,Prime SUV,Devanahalli,Cox Town,98.0,140.0,Not Applicable,Not Applicable,No,Not Applicable,467,Cash,35,4.2,4.6
2024-07-07 06:46:00,CNR7820315244,Canceled by Driver,CID177932,Mini,Sarjapur Road,Richmond Town,,,Not Applicable,Personal & Car related issue,Not Applicable,Not Applicable,122,Not Applicable,0,,
2024-07-02 03:57:00,CNR7555968144,Success,CID145891,Prime SUV,Malleshwaram,Kammanahalli,252.0,45.0,Not Applicable,Not Applicable,No,Not Applicable,929,Cash,37,4.2,3.0
2024-07-09 10:00:00,CNR6998626267,Canceled by Customer,CID359152,Bike,Tumkur Road,JP Nagar,,,Driver is not moving towards pickup location,Not Applicable,Not Applicable,Not Applicable,493,Not Applicable,0,,
2024-07-17 01:57:00,CNR1410902134,Success,CID199490,Prime SUV,Richmond Town,Hennur,301.0,65.0,Not Applicable,Not Applicable,No,Not Applicable,145,UPI,38,4.0,4.2
2024-07-08 17:29:00,CNR9149485624,Success,CID804247,Prime SUV,HSR Layout,Ulsoor,84.0,55.0,Not Applicable,Not Applicable,No,Not Applicable,123,UPI,15,3.8,3.8
2024-07-16 21:36:00,CNR9195737262,Success,CID266545,eBike,Bellandur,Magadi Road,287.0,30.0,Not Applicable,Not Applicable,No,Not Applicable,854,UPI,33,3.7,3.1
2024-07-11 20:30:00,CNR4469861523,Success,CID521991,Prime Sedan,Chamarajpet,Yelahanka,175.0,75.0,Not Applicable,Not Applicable,No,Not Applicable,1395,UPI,20,3.4,3.8
2024-07-21 06:53:00,CNR6899344960,Canceled by Customer,CID371827,Prime Plus,Hebbal,Bellandur,,,Driver is not moving towards pickup location,Not Applicable,Not Applicable,Not Applicable,209,Not Applicable,0,,
2024-07-25 08:15:00,CNR5140320840,Success,CID581069,Bike,Kammanahalli,Whitefield,280.0,110.0,Not Applicable,Not Applicable,No,Not Applicable,2242,UPI,31,3.9,3.1
2024-07-03 16:15:00,CNR2776632028,Success,CID508119,Mini,Majestic,MG Road,273.0,115.0,Not Applicable,Not Applicable,No,Not Applicable,607,UPI,21,3.4,3.1
2024-07-07 01:07:00,CNR5638970666,Canceled by Driver,CID647298,Auto,Vijayanagar,MG Road,,,Not Applicable,Customer was coughing/sick,Not Applicable,Not Applicable,317,Not Applicable,0,,
2024-07-03 07:47:00,CNR5908341841,Canceled by Driver,CID923199,Mini,Basavanagudi,Magadi Road,,,Not Applicable,Customer related issue,Not Applicable,Not Applicable,201,Not Applicable,0,,
2024-07-14 15:38:00,CNR4704006890,Canceled by Customer,CID722996,Auto,Kengeri,Ulsoor,,,Change of plans,Not Applicable,Not Applicable,Not Applicable,248,Not Applicable,0,,
2024-07-21 22:26:00,CNR7084709695,Success,CID115077,Prime Sedan,Peenya,BTM Layout,105.0,40.0,Not Applicable,Not Applicable,No,Not Applicable,159,Cash,24,3.6,3.5
2024-07-10 00:13:00,CNR3207024595,Canceled by Driver,CID653801,Prime SUV,Magadi Road,Padmanabhanagar,,,Not Applicable,Customer related issue,Not Applicable,Not Applicable,110,Not Applicable,0,,
2024-07-03 01:42:00,CNR4137198423,Success,CID833640,Prime Sedan,Yeshwanthpur,Banashankari,203.0,90.0,Not Applicable,Not Applicable,No,Not Applicable,147,Cash,44,4.1,3.5
2024-07-12 21:05:00,CNR6813682194,Success,CID427707,Mini,Mysore Road,Koramangala,273.0,40.0,Not Applicable,Not Applicable,No,Not Applicable,828,UPI,5,4.3,4.0
2024-07-29 02:54:00,CNR7352971908,Canceled by Customer,CID877245,Bike,Hennur,Hulimavu,,,Wrong Address,Not Applicable,Not Applicable,Not Applicable,594,Not Applicable,0,,
2024-07-06 16:30:00,CNR8374360880,Driver Not Found,CID855312,Bike,HSR Layout,Ulsoor,,,Not Applicable,Not Applicable,Not Applicable,Not Applicable,453,Not Applicable,0,,
2024-07-04 06:12:00,CNR4683104244,Success,CID130828,Mini,Peenya,Koramangala,42.0,30.0,Not Applicable,Not Applicable,No,Not Applicable,323,Cash,30,4.9,4.4
2024-07-29 16:24:00,CNR6517435295,Canceled by Customer,CID781510,Prime Sedan,Cox Town,KR Puram,,,AC is Not working,Not Applicable,Not Applicable,Not Applicable,882,Not Applicable,0,,
2024-07-21 08:28:00,CNR3050031712,Driver Not Found,CID264069,Prime Plus,Yeshwanthpur,HSR Layout,,,Not Applicable,Not Applicable,Not Applicable,Not Applicable,414,Not Applicable,0,,
2024-07-19 02:15:00,CNR1978342028,Success,CID972222,Prime SUV,Kengeri,Tumkur Road,161.0,80.0,Not Applicable,Not Applicable,No,Not Applicable,985,Cash,49,5.0,3.9
2024-07-25 15:48:00,CNR1583680573,Canceled by Driver,CID636374,Bike,Padmanabhanagar,Kammanahalli,,,Not Applicable,More than permitted people in there,Not Applicable,Not Applicable,243,Not Applicable,0,,
2024-07-17 14:19:00,CNR3654788896,Driver Not Found,CID325787,Bike,Kengeri,Devanahalli,,,Not Applicable,Not Applicable,Not Applicable,Not Applicable,1352,Not Applicable,0,,
2024-07-29 19:26:00,CNR8760076613,Canceled by Driver,CID556758,Bike,Vijayanagar,Hosur Road,,,Not Applicable,Personal & Car related issue,Not Applicable,Not Applicable,207,Not Applicable,0,,
2024-07-05 12:40:00,CNR6178372037,Canceled by Customer,CID906073,Auto,Vijayanagar,Kadugodi,,,Driver is not moving towards pickup location,Not Applicable,Not Applicable,Not Applicable,378,Not Applicable,0,,
2024-07-07 19:08:00,CNR7124412402,Driver Not Found,CID554387,Prime SUV,Chickpet,Kadugodi,,,Not Applicable,Not Applicable,Not Applicable,Not Applicable,507,Not Applicable,0,,
2024-07-12 01:32:00,CNR3285243385,Driver Not Found,CID976092,Prime Sedan,Kammanahalli,Majestic,,,Not Applicable,Not Applicable,Not Applicable,Not Applicable,453,Not Applicable,0,,
2024-07-20 22:48:00,CNR1226772383,Canceled by Customer,CID964266,Prime SUV,Richmond Town,Cox Town,,,Driver is not moving towards pickup location,Not Applicable,Not Applicable,Not Applicable,120,Not Applicable,0,,
2024-07-29 11:19:00,CNR7014167278,Driver Not Found,CID300933,Prime Plus,Rajajinagar,Hebbal,,,Not Applicable,Not Applicable,Not Applicable,Not Applicable,785,Not Applicable,0,,
2024-07-20 14:46:00,CNR8202265471,Success,CID533141,Bike,Banashankari,Hulimavu,105.0,25.0,Not Applicable,Not Applicable,No,Not Applicable,367,UPI,28,4.2,4.2
2024-07-03 22:23:00,CNR9698172573,Success,CID884670,Bike,RT Nagar,Hulimavu,259.0,90.0,Not Applicable,Not Applicable,Yes,Other Issue,1150,UPI,47,3.7,4.1
2024-07-09 07:53:00,CNR4300188942,Success,CID904711,Mini,Nagarbhavi,Yeshwanthpur,140.0,85.0,Not Applicable,Not Applicable,No,Not Applicable,192,UPI,3,4.0,3.4
2024-07-20 09:31:00,CNR6267309097,Success,CID204869,Auto,Bannerghatta Road,Devanahalli,56.0,40.0,Not Applicable,Not Applicable,No,Not Applicable,608,Cash,3,3.8,4.0
2024-07-18 07:34:00,CNR7118398074,Driver Not Found,CID510109,Prime Plus,Yeshwanthpur,Devanahalli,,,Not Applicable,Not Applicable,Not Applicable,Not Applicable,199,Not Applicable,0,,
2024-07-07 20:00:00,CNR1631230653,Success,CID114626,Prime Sedan,Shivajinagar,Kammanahalli,231.0,80.0,Not Applicable,Not Applicable,No,Not Applicable,472,Cash,8,3.8,3.3
2024-07-12 18:24:00,CNR9800948831,Success,CID469124,eBike,Ulsoor,Devanahalli,168.0,30.0,Not Applicable,Not Applicable,No,Not Applicable,254,Cash,33,4.3,3.6
2024-07-07 08:06:00,CNR9127241788,Success,CID166911,Bike,Basavanagudi,Mysore Road,63.0,105.0,Not Applicable,Not Applicable,No,Not Applicable,518,Cash,34,3.2,4.4
2024-07-09 16:03:00,CNR8813038635,Success,CID322078,Prime Sedan,BTM Layout,Varthur,91.0,65.0,Not Applicable,Not Applicable,No,Not Applicable,228,Cash,22,5.0,3.1
2024-07-25 12:18:00,CNR6792380297,Success,CID711361,Prime SUV,Bannerghatta Road,Koramangala,252.0,110.0,Not Applicable,Not Applicable,No,Not Applicable,430,Cash,11,4.7,4.9
2024-07-03 20:40:00,CNR2865515528,Canceled by Customer,CID935758,Mini,Kadugodi,Hennur,,,AC is Not working,Not Applicable,Not Applicable,Not Applicable,140,Not Applicable,0,,
2024-07-15 00:01:00,CNR3547772271,Success,CID240729,Prime Sedan,Bannerghatta Road,Chickpet,84.0,125.0,Not Applicable,Not Applicable,No,Not Applicable,360,Cash,30,3.4,4.7
2024-07-12 00:29:00,CNR4626390512,Canceled by Customer,CID156878,Auto,Indiranagar,Malleshwaram,,,Driver is not moving towards pickup location,Not Applicable,Not Applicable,Not Applicable,321,Not Applicable,0,,
2024-07-08 10:48:00,CNR4785955335,Success,CID374828,Bike,Basavanagudi,Langford Town,49.0,30.0,Not Applicable,Not Applicable,No,Not Applicable,727,Cash,49,4.3,4.8
2024-07-27 03:01:00,CNR7064059858,Driver Not Found,CID851492,eBike,Peenya,Marathahalli,,,Not Applicable,Not Applicable,Not Applicable,Not Applicable,912,Not Applicable,0,,
2024-07-04 10:20:00,CNR4902417316,Canceled by Driver,CID208481,eBike,KR Puram,Hulimavu,,,Not Applicable,Customer related issue,Not Applicable,Not Applicable,187,Not Applicable,0,,
2024-07-02 05:33:00,CNR6145739024,Success,CID435583,eBike,Yeshwanthpur,Banashankari,266.0,65.0,Not Applicable,Not Applicable,No,Not Applicable,284,UPI,42,3.9,3.1
2024-07-06 18:51:00,CNR3799453443,Success,CID195027,Auto,Langford Town,Ramamurthy Nagar,273.0,50.0,Not Applicable,Not Applicable,No,Not Applicable,243,Cash,19,3.6,3.1
2024-07-08 18:46:00,CNR3289449070,Canceled by Customer,CID416005,Prime SUV,Yeshwanthpur,Hosur Road,,,Driver is not moving towards pickup location,Not Applicable,Not Applicable,Not Applicable,438,Not Applicable,0,,
2024-07-24 06:31:00,CNR3789450952,Canceled by Customer,CID285410,Bike,Yelahanka,Whitefield,,,Driver asked to cancel,Not Applicable,Not Applicable,Not Applicable,2133,Not Applicable,0,,
2024-07-20 16:25:00,CNR6627278221,Driver Not Found,CID130198,Mini,RT Nagar,Devanahalli,,,Not Applicable,Not Applicable,Not Applicable,Not Applicable,354,Not Applicable,0,,
2024-07-02 17:38:00,CNR8905643068,Success,CID673562,Auto,Frazer Town,Mysore Road,119.0,25.0,Not Applicable,Not Applicable,No,Not Applicable,392,UPI,16,3.7,4.6
2024-07-27 05:24:00,CNR8130416754,Canceled by Customer,CID853404,Prime SUV,Rajarajeshwari Nagar,Koramangala,,,Change of plans,Not Applicable,Not Applicable,Not Applicable,418,Not Applicable,0,,
2024-07-18 09:14:00,CNR8047033816,Success,CID844496,Auto,Varthur,Malleshwaram,42.0,145.0,Not Applicable,Not Applicable,No,Not Applicable,743,UPI,12,4.6,4.2
2024-07-16 04:19:00,CNR3551019268,Success,CID768244,Mini,MG Road,Langford Town,84.0,60.0,Not Applicable,Not Applicable,No,Not Applicable,1590,UPI,35,4.0,3.5
2024-07-11 08:35:00,CNR1058365517,Canceled by Driver,CID731935,Prime SUV,Shantinagar,Mysore Road,,,Not Applicable,More than permitted people in there,Not Applicable,Not Applicable,774,Not Applicable,0,,
2024-07-29 23:51:00,CNR2410573259,Success,CID943597,Mini,Hosur Road,HSR Layout,210.0,120.0,Not Applicable,Not Applicable,No,Not Applicable,126,Cash,41,4.1,3.7
2024-07-03 21:20:00,CNR4292810825,Success,CID274499,Mini,Ramamurthy Nagar,Jayanagar,168.0,35.0,Not Applicable,Not Applicable,No,Not Applicable,100,UPI,15,3.1,3.6
2024-07-05 06:12:00,CNR9689463512,Canceled by Driver,CID968046,Auto,Hulimavu,Kadugodi,,,Not Applicable,More than permitted people in there,Not Applicable,Not Applicable,242,Not Applicable,0,,
2024-07-04 04:45:00,CNR5860168997,Success,CID761080,Prime Plus,Electronic City,Hosur Road,98.0,130.0,Not Applicable,Not Applicable,No,Not Applicable,313,Cash,39,4.3,4.0
2024-07-23 01:33:00,CNR3719004900,Driver Not Found,CID292355,Prime Plus,JP Nagar,Electronic City,,,Not Applicable,Not Applicable,Not Applicable,Not Applicable,161,Not Applicable,0,,
2024-07-30 20:56:00,CNR6214375103,Canceled by Driver,CID950203,Prime Sedan,Kengeri,Basavanagudi,,,Not Applicable,Customer related issue,Not Applicable,Not Applicable,348,Not Applicable,0,,
2024-07-13 07:37:00,CNR4633049716,Success,CID718691,Bike,Tumkur Road,Majestic,245.0,100.0,Not Applicable,Not Applicable,No,Not Applicable,275,Cash,35,4.2,4.7
2024-07-02 07:15:00,CNR6731508086,Success,CID513908,Prime Plus,Malleshwaram,Rajarajeshwari Nagar,42.0,145.0,Not Applicable,Not Applicable,No,Not Applicable,709,UPI,9,3.2,4.4
2024-07-09 00:21:00,CNR7299003944,Canceled by Driver,CID234012,eBike,Richmond Town,Majestic,,,Not Applicable,More than permitted people in there,Not Applicable,Not Applicable,1880,Not Applicable,0,,
2024-07-11 02:35:00,CNR6003379303,Canceled by Driver,CID577012,Prime SUV,Rajajinagar,Bannerghatta Road,,,Not Applicable,Personal & Car related issue,Not Applicable,Not Applicable,582,Not Applicable,0,,
2024-07-20 09:36:00,CNR2301985152,Success,CID290027,Auto,KR Puram,Peenya,84.0,120.0,Not Applicable,Not Applicable,No,Not Applicable,355,Cash,5,4.1,3.3
2024-07-27 23:25:00,CNR4608896159,Canceled by Customer,CID808123,Auto,Malleshwaram,Banashankari,,,Driver asked to cancel,Not Applicable,Not Applicable,Not Applicable,366,Not Applicable,0,,
2024-07-15 16:42:00,CNR4770093476,Success,CID685174,Bike,Indiranagar,Langford Town,189.0,100.0,Not Applicable,Not Applicable,No,Not Applicable,257,Cash,35,4.2,3.0
2024-07-19 20:09:00,CNR9659096740,Success,CID181852,Prime Plus,Magadi Road,HSR Layout,42.0,130.0,Not Applicable,Not Applicable,No,Not Applicable,290,Cash,18,4.4,3.1
2024-07-23 10:30:00,CNR8874439100,Success,CID435028,Auto,MG Road,Richmond Town,126.0,25.0,Not Applicable,Not Applicable,No,Not Applicable,2056,UPI,3,3.4,4.4
2024-07-14 13:41:00,CNR7616428070,Success,CID213584,Auto,Kammanahalli,Sarjapur Road,196.0,80.0,Not Applicable,Not Applicable,No,Not Applicable,375,UPI,15,3.3,4.7
2024-07-05 06:19:00,CNR9680432762,Success,CID762862,Prime Plus,Padmanabhanagar,Sarjapur Road,49.0,55.0,Not Applicable,Not Applicable,No,Not Applicable,630,Cash,11,3.6,3.7
2024-07-30 15:25:00,CNR2925924609,Success,CID459055,Auto,Hebbal,KR Puram,42.0,115.0,Not Applicable,Not Applicable,No,Not Applicable,198,UPI,12,3.6,4.7
2024-07-01 02:07:00,CNR7111327289,Success,CID300162,Prime SUV,Rajarajeshwari Nagar,Malleshwaram,56.0,35.0,Not Applicable,Not Applicable,Yes,Vehicle Breakdown,438,Cash,42,3.7,4.1
2024-07-21 20:29:00,CNR7413100041,Success,CID583353,eBike,Ulsoor,Cox Town,245.0,135.0,Not Applicable,Not Applicable,No,Not Applicable,246,UPI,44,5.0,3.3
2024-07-21 08:07:00,CNR9532648807,Success,CID655065,Prime SUV,KR Puram,Bellandur,182.0,130.0,Not Applicable,Not Applicable,No,Not Applicable,405,Cash,36,3.4,3.9
2024-07-26 09:24:00,CNR2963284994,Success,CID965422,Auto,Ulsoor,Varthur,266.0,100.0,Not Applicable,Not Applicable,No,Not Applicable,913,UPI,15,3.7,4.1
2024-07-02 22:45:00,CNR8839246370,Success,CID772199,Prime Sedan,Tumkur Road,Ulsoor,91.0,30.0,Not Applicable,Not Applicable,No,Not Applicable,245,Cash,32,4.4,4.9
2024-07-23 22:20:00,CNR6608926576,Canceled by Driver,CID755780,Bike,Basavanagudi,JP Nagar,,,Not Applicable,More than permitted people in there,Not Applicable,Not Applicable,575,Not Applicable,0,,
2024-07-09 06:50:00,CNR2032830977,Success,CID896838,Prime Plus,Banashankari,Chickpet,119.0,105.0,Not Applicable,Not Applicable,No,Not Applicable,653,Cash,26,3.7,4.1
2024-07-18 08:53:00,CNR4137764650,Success,CID502623,Prime Plus,Frazer Town,Hulimavu,245.0,65.0,Not Applicable,Not Applicable,No,Not Applicable,869,UPI,27,3.3,4.7
2024-07-02 18:10:00,CNR4315048941,Canceled by Driver,CID613607,Prime SUV,Indiranagar,Whitefield,,,Not Applicable,Personal & Car related issue,Not Applicable,Not Applicable,2244,Not Applicable,0,,
2024-07-21 02:28:00,CNR7498553926,Success,CID151077,eBike,Hulimavu,Indiranagar,126.0,100.0,Not Applicable,Not Applicable,No,Not Applicable,434,Cash,12,3.9,4.3
2024-07-04 13:01:00,CNR2229259374,Success,CID972796,Prime Plus,Nagarbhavi,Jayanagar,210.0,120.0,Not Applicable,Not Applicable,No,Not Applicable,484,Cash,44,3.2,4.6
2024-07-19 08:46:00,CNR4903588765,Canceled by Driver,CID686662,Bike,Hosur Road,Electronic City,,,Not Applicable,More than permitted people in there,Not Applicable,Not Applicable,201,Not Applicable,0,,
2024-07-15 22:16:00,CNR5397888003,Canceled by Customer,CID469781,Bike,Hennur,Cox Town,,,Driver is not moving towards pickup location,Not Applicable,Not Applicable,Not Applicable,341,Not Applicable,0,,
2024-07-06 20:36:00,CNR2208486882,Success,CID223288,Prime Sedan,Padmanabhanagar,Bellandur,259.0,100.0,Not Applicable,Not Applicable,No,Not Applicable,768,Cash,46,4.5,3.0
2024-07-08 06:22:00,CNR7230320905,Success,CID649734,Prime Sedan,Koramangala,Chickpet,105.0,100.0,Not Applicable,Not Applicable,No,Not Applicable,307,Cash,26,3.9,3.8
2024-07-01 01:55:00,CNR7888916345,Success,CID779696,Bike,Peenya,Banashankari,154.0,130.0,Not Applicable,Not Applicable,No,Not Applicable,460,UPI,47,3.9,4.9
2024-07-24 18:40:00,CNR6535310334,Driver Not Found,CID684768,Prime Plus,Frazer Town,Bannerghatta Road,,,Not Applicable,Not Applicable,Not Applicable,Not Applicable,406,Not Applicable,0,,
2024-07-19 17:15:00,CNR4098747593,Driver Not Found,CID556142,Mini,Banashankari,Frazer Town,,,Not Applicable,Not Applicable,Not Applicable,Not Applicable,189,Not Applicable,0,,
2024-07-01 22:03:00,CNR8003381273,Canceled by Driver,CID908052,Auto,Koramangala,Whitefield,,,Not Applicable,More than permitted people in there,Not Applicable,Not Applicable,446,Not Applicable,0,,
2024-07-23 21:43:00,CNR7015019890,Canceled by Driver,CID442468,Bike,Basavanagudi,RT Nagar,,,Not Applicable,Customer related issue,Not Applicable,Not Applicable,951,Not Applicable,0,,
2024-07-29 05:29:00,CNR4725946745,Success,CID376799,Prime Plus,Bellandur,Bellandur,252.0,40.0,Not Applicable,Not Applicable,No,Not Applicable,596,UPI,14,3.8,4.8
2024-07-27 13:00:00,CNR2444395537,Driver Not Found,CID641393,Prime SUV,Bannerghatta Road,Sarjapur Road,,,Not Applicable,Not Applicable,Not Applicable,Not Applicable,411,Not Applicable,0,,
2024-07-14 19:40:00,CNR8855851133,Canceled by Driver,CID526463,Auto,Devanahalli,Whitefield,,,Not Applicable,Customer was coughing/sick,Not Applicable,Not Applicable,590,Not Applicable,0,,
2024-07-18 05:39:00,CNR2796611082,Success,CID573817,Prime Sedan,Yelahanka,Ulsoor,161.0,130.0,Not Applicable,Not Applicable,No,Not Applicable,196,Cash,15,3.5,3.2
2024-07-13 12:06:00,CNR2460072460,Success,CID838755,Prime Plus,Jayanagar,Majestic,196.0,115.0,Not Applicable,Not Applicable,No,Not Applicable,370,UPI,35,4.3,4.3
2024-07-17 22:17:00,CNR1238779720,Success,CID896500,eBike,Hulimavu,Ramamurthy Nagar,217.0,30.0,Not Applicable,Not Applicable,No,Not Applicable,243,Cash,7,5.0,4.0
2024-07-07 17:21:00,CNR9424530726,Success,CID347517,Prime SUV,Varthur,Peenya,259.0,25.0,Not Applicable,Not Applicable,No,Not Applicable,491,Cash,28,3.0,3.0
2024-07-23 00:26:00,CNR2167826564,Success,CID991423,Prime SUV,Chickpet,Yelahanka,147.0,90.0,Not Applicable,Not Applicable,Yes,Vehicle Breakdown,270,Cash,48,4.1,3.9
2024-07-30 15:53:00,CNR9886508558,Canceled by Driver,CID539938,Prime Plus,Malleshwaram,Padmanabhanagar,,,Not Applicable,Customer related issue,Not Applicable,Not Applicable,322,Not Applicable,0,,
2024-07-12 10:37:00,CNR4860426361,Success,CID614825,eBike,Kadugodi,Devanahalli,203.0,135.0,Not Applicable,Not Applicable,No,Not Applicable,502,Cash,7,3.9,3.7
2024-07-17 14:03:00,CNR8992495309,Success,CID435624,Prime SUV,Yeshwanthpur,Koramangala,147.0,25.0,Not Applicable,Not Applicable,No,Not Applicable,144,UPI,17,3.6,3.7
2024-07-27 05:25:00,CNR1536154671,Canceled by Customer,CID836225,Prime Plus,Frazer Town,Tumkur Road,,,Driver asked to cancel,Not Applicable,Not Applicable,Not Applicable,404,Not Applicable,0,,
2024-07-28 01:22:00,CNR3848000086,Success,CID126499,Auto,Koramangala,Basavanagudi,308.0,90.0,Not Applicable,Not Applicable,No,Not Applicable,853,Cash,4,3.9,4.8
2024-07-16 07:26:00,CNR5356166984,Canceled by Driver,CID729593,Auto,Nagarbhavi,Sarjapur Road,,,Not Applicable,Personal & Car related issue,Not Applicable,Not Applicable,546,Not Applicable,0,,
2024-07-30 02:34:00,CNR3450068848,Canceled by Driver,CID115323,Bike,Devanahalli,Mysore Road,,,Not Applicable,More than permitted people in there,Not Applicable,Not Applicable,458,Not Applicable,0,,
2024-07-07 16:26:00,CNR9356647465,Canceled by Driver,CID254780,Mini,Sarjapur Road,Kadugodi,,,Not Applicable,Personal & Car related issue,Not Applicable,Not Applicable,478,Not Applicable,0,,
2024-07-29 22:44:00,CNR8644993585,Driver Not Found,CID288059,Auto,Malleshwaram,Whitefield,,,Not Applicable,Not Applicable,Not Applicable,Not Applicable,556,Not Applicable,0,,
2024-07-05 23:21:00,CNR7489071120,Canceled by Customer,CID200713,eBike,Mysore Road,Langford Town,,,Driver is not moving towards pickup location,Not Applicable,Not Applicable,Not Applicable,166,Not Applicable,0,,
2024-07-28 21:38:00,CNR2393157495,Success,CID164736,eBike,Shantinagar,Yelahanka,259.0,60.0,Not Applicable,Not Applicable,No,Not Applicable,252,Cash,49,4.8,4.9
2024-07-15 16:26:00,CNR2306441461,Success,CID396700,Mini,Cox Town,Yelahanka,308.0,45.0,Not Applicable,Not Applicable,No,Not Applicable,296,Credit Card,44,4.1,4.1
2024-07-02 16:23:00,CNR6541282525,Canceled by Customer,CID111186,Bike,Ramamurthy Nagar,Indiranagar,,,Change of plans,Not Applicable,Not Applicable,Not Applicable,114,Not Applicable,0,,
2024-07-12 22:02:00,CNR8217083333,Canceled by Customer,CID519332,Prime SUV,KR Puram,Indiranagar,,,Driver is not moving towards pickup location,Not Applicable,Not Applicable,Not Applicable,1599,Not Applicable,0,,
2024-07-27 22:34:00,CNR5986254136,Success,CID396494,eBike,Indiranagar,KR Puram,42.0,70.0,Not Applicable,Not Applicable,No,Not Applicable,201,UPI,18,3.9,4.9
2024-07-27 00:41:00,CNR7642594248,Success,CID329221,Mini,Hulimavu,MG Road,126.0,45.0,Not Applicable,Not Applicable,No,Not Applicable,354,Cash,21,3.9,3.6
2024-07-08 15:34:00,CNR2264547805,Success,CID971352,Mini,Shantinagar,Whitefield,203.0,140.0,Not Applicable,Not Applicable,Yes,Vehicle Breakdown,621,Cash,42,4.8,3.6
2024-07-08 21:09:00,CNR3015975823,Success,CID966055,eBike,Majestic,RT Nagar,231.0,35.0,Not Applicable,Not Applicable,No,Not Applicable,695,Cash,18,3.8,3.4
2024-07-30 22:51:00,CNR3036387831,Canceled by Customer,CID358054,eBike,Hebbal,Electronic City,,,Wrong Address,Not Applicable,Not Applicable,Not Applicable,129,Not Applicable,0,,
2024-07-14 20:11:00,CNR5443192845,Success,CID813469,eBike,Tumkur Road,Kengeri,203.0,90.0,Not Applicable,Not Applicable,No,Not Applicable,361,Cash,31,4.9,3.9
2024-07-13 15:11:00,CNR5465250599,Canceled by Driver,CID228747,Auto,JP Nagar,Padmanabhanagar,,,Not Applicable,Customer related issue,Not Applicable,Not Applicable,328,Not Applicable,0,,
2024-07-17 03:59:00,CNR8758251072,Success,CID801490,Prime Plus,Padmanabhanagar,Banashankari,105.0,90.0,Not Applicable,Not Applicable,No,Not Applicable,769,Cash,11,3.1,4.7
2024-07-05 05:45:00,CNR1099546283,Success,CID527395,Prime SUV,KR Puram,Rajajinagar,161.0,115.0,Not Applicable,Not Applicable,No,Not Applicable,439,Cash,6,3.3,3.0
2024-07-24 19:30:00,CNR3199778612,Success,CID849627,Prime SUV,Hennur,MG Road,182.0,135.0,Not Applicable,Not Applicable,No,Not Applicable,2687,Cash,26,4.8,4.4
2024-07-26 07:35:00,CNR6570109403,Success,CID252804,Bike,Ulsoor,Banashankari,224.0,50.0,Not Applicable,Not Applicable,No,Not Applicable,464,Cash,41,3.3,4.7
2024-07-18 12:09:00,CNR8280804635,Success,CID954040,Bike,Ulsoor,Tumkur Road,112.0,115.0,Not Applicable,Not Applicable,No,Not Applicable,377,Cash,33,3.9,4.8
2024-07-11 15:40:00,CNR6846377822,Success,CID707885,Mini,Chickpet,Yeshwanthpur,84.0,35.0,Not Applicable,Not Applicable,No,Not Applicable,562,UPI,40,4.3,4.5
2024-07-30 03:07:00,CNR9638066582,Success,CID572509,Prime Sedan,Hosur Road,Koramangala,224.0,35.0,Not Applicable,Not Applicable,No,Not Applicable,383,Cash,41,3.5,3.3
2024-07-26 19:07:00,CNR4476069533,Success,CID976016,Prime Plus,Frazer Town,JP Nagar,245.0,80.0,Not Applicable,Not Applicable,No,Not Applicable,486,Cash,18,3.0,3.7
2024-07-28 12:27:00,CNR2528521177,Success,CID683538,Mini,Padmanabhanagar,Devanahalli,266.0,95.0,Not Applicable,Not Applicable,No,Not Applicable,509,Cash,47,3.4,4.0
2024-07-23 15:00:00,CNR7683761544,Canceled by Driver,CID256493,Bike,Padmanabhanagar,Kammanahalli,,,Not Applicable,Personal & Car related issue,Not Applicable,Not Applicable,481,Not Applicable,0,,
2024-07-20 10:54:00,CNR1904747670,Success,CID872941,Auto,Magadi Road,MG Road,35.0,40.0,Not Applicable,Not Applicable,No,Not Applicable,437,UPI,11,4.3,3.9
2024-07-18 21:32:00,CNR5046189601,Success,CID971783,eBike,Frazer Town,Frazer Town,168.0,70.0,Not Applicable,Not Applicable,No,Not Applicable,798,UPI,37,4.2,3.5
2024-07-13 22:02:00,CNR4356246479,Canceled by Driver,CID511522,Mini,Rajajinagar,BTM Layout,,,Not Applicable,Customer was coughing/sick,Not Applicable,Not Applicable,2280,Not Applicable,0,,
2024-07-22 10:19:00,CNR7842742821,Success,CID746896,Auto,Hulimavu,Kadugodi,56.0,145.0,Not Applicable,Not Applicable,No,Not Applicable,999,Cash,18,3.2,4.0
2024-07-04 05:28:00,CNR9652684479,Driver Not Found,CID308922,Prime SUV,Tumkur Road,BTM Layout,,,Not Applicable,Not Applicable,Not Applicable,Not Applicable,382,Not Applicable,0,,
2024-07-07 14:19:00,CNR3830050404,Success,CID131751,Auto,Koramangala,Jayanagar,224.0,35.0,Not Applicable,Not Applicable,No,Not Applicable,765,UPI,16,4.0,3.8
2024-07-06 22:40:00,CNR7276586940,Success,CID276037,eBike,Basavanagudi,MG Road,217.0,105.0,Not Applicable,Not Applicable,No,Not Applicable,122,Credit Card,40,3.5,4.0
2024-07-25 00:47:00,CNR1983333729,Success,CID665739,eBike,Ulsoor,HSR Layout,224.0,75.0,Not Applicable,Not Applicable,No,Not Applicable,274,Cash,48,4.2,3.6
2024-07-08 07:42:00,CNR1064976471,Canceled by Driver,CID364547,Prime Sedan,Bannerghatta Road,Sarjapur Road,,,Not Applicable,Customer related issue,Not Applicable,Not Applicable,480,Not Applicable,0,,
2024-07-17 18:09:00,CNR4191920210,Success,CID204395,Bike,Chamarajpet,Langford Town,42.0,80.0,Not Applicable,Not Applicable,No,Not Applicable,267,UPI,44,3.8,3.2
2024-07-25 02:16:00,CNR6706183289,Success,CID831858,Auto,Yelahanka,Indiranagar,266.0,95.0,Not Applicable,Not Applicable,No,Not Applicable,885,Cash,17,4.4,3.6
2024-07-09 15:57:00,CNR2028110740,Driver Not Found,CID512659,Mini,Chamarajpet,Rajarajeshwari Nagar,,,Not Applicable,Not Applicable,Not Applicable,Not Applicable,230,Not Applicable,0,,
2024-07-23 22:51:00,CNR9898626983,Canceled by Driver,CID239294,Prime Plus,Malleshwaram,Peenya,,,Not Applicable,Customer related issue,Not Applicable,Not Applicable,749,Not Applicable,0,,
2024-07-19 15:09:00,CNR8355033474,Success,CID109070,eBike,Devanahalli,BTM Layout,63.0,95.0,Not Applicable,Not Applicable,No,Not Applicable,614,UPI,17,4.7,3.1
2024-07-08 07:20:00,CNR2251766492,Success,CID947698,Bike,Electronic City,Nagarbhavi,56.0,95.0,Not Applicable,Not Applicable,Yes,Vehicle Breakdown,483,UPI,8,4.9,4.3
2024-07-24 22:01:00,CNR3967014204,Success,CID802498,Bike,BTM Layout,Bellandur,189.0,60.0,Not Applicable,Not Applicable,No,Not Applicable,114,UPI,14,4.2,3.7
2024-07-27 13:10:00,CNR2256598938,Success,CID316791,Bike,Koramangala,Indiranagar,245.0,140.0,Not Applicable,Not Applicable,No,Not Applicable,103,UPI,28,3.3,4.2
2024-07-07 18:09:00,CNR8765266025,Success,CID258309,Mini,BTM Layout,Whitefield,266.0,80.0,Not Applicable,Not Applicable,No,Not Applicable,329,Cash,15,4.0,3.9
2024-07-26 11:22:00,CNR4949871713,Success,CID702613,eBike,Basavanagudi,Yeshwanthpur,112.0,60.0,Not Applicable,Not Applicable,No,Not Applicable,1963,Cash,46,4.6,4.6
2024-07-09 20:00:00,CNR8162920874,Success,CID232942,Prime Sedan,Shantinagar,Mysore Road,98.0,30.0,Not Applicable,Not Applicable,No,Not Applicable,456,Cash,3,4.7,4.8
2024-07-10 22:19:00,CNR8196621550,Success,CID294376,Prime Plus,Kadugodi,MG Road,91.0,140.0,Not Applicable,Not Applicable,No,Not Applicable,243,Cash,36,3.4,3.9
2024-07-13 19:25:00,CNR3777245179,Driver Not Found,CID564530,eBike,Langford Town,Chickpet,,,Not Applicable,Not Applicable,Not Applicable,Not Applicable,409,Not Applicable,0,,
2024-07-10 08:13:00,CNR5682580086,Success,CID799353,Prime Plus,Yelahanka,Padmanabhanagar,119.0,90.0,Not Applicable,Not Applicable,No,Not Applicable,404,UPI,12,4.3,3.8
2024-07-02 05:58:00,CNR2428212037,Driver Not Found,CID781493,Auto,KR Puram,Hosur Road,,,Not Applicable,Not Applicable,Not Applicable,Not Applicable,159,Not Applicable,0,,
2024-07-26 00:12:00,CNR6087025308,Success,CID604683,Mini,Electronic City,Mysore Road,217.0,60.0,Not Applicable,Not Applicable,No,Not Applicable,284,Cash,26,4.3,3.0
2024-07-28 06:21:00,CNR4087606244,Success,CID926512,Auto,Peenya,Koramangala,175.0,50.0,Not Applicable,Not Applicable,No,Not Applicable,312,Cash,5,4.9,3.2
2024-07-09 18:15:00,CNR3184313425,Success,CID748176,Auto,HSR Layout,Mysore Road,217.0,30.0,Not Applicable,Not Applicable,No,Not Applicable,119,UPI,3,4.3,4.6
2024-07-10 05:25:00,CNR7856272972,Success,CID803613,Mini,Hebbal,Kadugodi,217.0,40.0,Not Applicable,Not Applicable,No,Not Applicable,446,Debit Card,33,5.0,4.1
2024-07-30 12:10:00,CNR3965153345,Driver Not Found,CID609936,eBike,Marathahalli,Kengeri,,,Not Applicable,Not Applicable,Not Applicable,Not Applicable,469,Not Applicable,0,,
2024-07-21 11:59:00,CNR4979285839,Driver Not Found,CID352841,Mini,Peenya,Marathahalli,,,Not Applicable,Not Applicable,Not Applicable,Not Applicable,399,Not Applicable,0,,
2024-07-26 13:32:00,CNR4497281850,Canceled by Driver,CID118119,Prime Plus,Rajajinagar,KR Puram,,,Not Applicable,More than permitted people in there,Not Applicable,Not Applicable,150,Not Applicable,0,,
2024-07-14 05:08:00,CNR9715689305,Driver Not Found,CID352001,Prime SUV,Ramamurthy Nagar,Hosur Road,,,Not Applicable,Not Applicable,Not Applicable,Not Applicable,179,Not Applicable,0,,
2024-07-04 01:03:00,CNR2797464268,Success,CID818246,Auto,Sarjapur Road,Yelahanka,294.0,60.0,Not Applicable,Not Applicable,No,Not Applicable,431,Cash,14,4.6,4.8
2024-07-08 07:45:00,CNR3641000145,Success,CID504577,eBike,Rajarajeshwari Nagar,Chamarajpet,245.0,35.0,Not Applicable,Not Applicable,No,Not Applicable,148,Cash,27,3.1,3.8
2024-07-14 03:51:00,CNR7643427865,Success,CID523430,Prime Plus,Marathahalli,Ulsoor,112.0,60.0,Not Applicable,Not Applicable,No,Not Applicable,996,Cash,34,3.3,3.1
2024-07-20 01:56:00,CNR3177101106,Canceled by Customer,CID797670,eBike,Indiranagar,Bellandur,,,Wrong Address,Not Applicable,Not Applicable,Not Applicable,423,Not Applicable,0,,
2024-07-09 09:42:00,CNR8088592250,Canceled by Customer,CID428716,Bike,Koramangala,Chickpet,,,Wrong Address,Not Applicable,Not Applicable,Not Applicable,440,Not Applicable,0,,
2024-07-23 09:10:00,CNR7802609783,Driver Not Found,CID910989,Prime Sedan,BTM Layout,JP Nagar,,,Not Applicable,Not Applicable,Not Applicable,Not Applicable,351,Not Applicable,0,,
2024-07-17 09:33:00,CNR9947060845,Canceled by Customer,CID164162,Prime Plus,Nagarbhavi,Hebbal,,,Driver asked to cancel,Not Applicable,Not Applicable,Not Applicable,1971,Not Applicable,0,,
2024-07-29 01:00:00,CNR9214981991,Canceled by Driver,CID592414,Bike,Shantinagar,Tumkur Road,,,Not Applicable,More than permitted people in there,Not Applicable,Not Applicable,352,Not Applicable,0,,
2024-07-26 20:56:00,CNR1406898014,Success,CID672209,Auto,Nagarbhavi,Electronic City,217.0,135.0,Not Applicable,Not Applicable,No,Not Applicable,101,Cash,10,3.7,4.1
2024-07-13 17:38:00,CNR9722881646,Success,CID108741,Auto,Malleshwaram,Padmanabhanagar,105.0,140.0,Not Applicable,Not Applicable,No,Not Applicable,326,Cash,1,3.1,3.0
2024-07-02 16:14:00,CNR9261386898,Success,CID749848,Prime Plus,Richmond Town,Basavanagudi,210.0,80.0,Not Applicable,Not Applicable,No,Not Applicable,419,Cash,18,4.6,4.5
2024-07-22 04:21:00,CNR7415506220,Driver Not Found,CID788512,Prime Sedan,Peenya,RT Nagar,,,Not Applicable,Not Applicable,Not Applicable,Not Applicable,431,Not Applicable,0,,
2024-07-26 17:04:00,CNR9771375380,Canceled by Customer,CID848373,Mini,JP Nagar,Whitefield,,,Driver is not moving towards pickup location,Not Applicable,Not Applicable,Not Applicable,208,Not Applicable,0,,
2024-07-13 00:32:00,CNR4760857915,Driver Not Found,CID432334,Bike,MG Road,HSR Layout,,,Not Applicable,Not Applicable,Not Applicable,Not Applicable,164,Not Applicable,0,,
2024-07-25 06:51:00,CNR3123192600,Success,CID330703,eBike,Richmond Town,MG Road,77.0,100.0,Not Applicable,Not Applicable,No,Not Applicable,1873,UPI,12,4.0,3.2
2024-07-14 05:18:00,CNR8993911515,Success,CID539152,Prime Plus,MG Road,Banashankari,280.0,30.0,Not Applicable,Not Applicable,No,Not Applicable,305,Credit Card,40,4.5,3.7
2024-07-07 23:45:00,CNR7588668999,Success,CID823191,Prime SUV,Indiranagar,Hennur,308.0,110.0,Not Applicable,Not Applicable,No,Not Applicable,436,UPI,1,4.4,5.0
2024-07-27 21:07:00,CNR6837858159,Success,CID954519,Prime SUV,Indiranagar,Banashankari,119.0,25.0,Not Applicable,Not Applicable,No,Not Applicable,1720,UPI,39,4.2,3.1
2024-07-29 12:37:00,CNR3315873814,Success,CID162234,Mini,Chamarajpet,Basavanagudi,140.0,80.0,Not Applicable,Not Applicable,No,Not Applicable,920,UPI,49,4.6,3.7
2024-07-27 15:01:00,CNR7961706390,Success,CID110271,Auto,Hosur Road,Rajarajeshwari Nagar,266.0,145.0,Not Applicable,Not Applicable,No,Not Applicable,480,Cash,11,4.7,3.9
2024-07-09 06:49:00,CNR9392489017,Success,CID268475,Auto,Varthur,KR Puram,196.0,105.0,Not Applicable,Not Applicable,No,Not Applicable,183,Cash,12,4.9,4.6
2024-07-19 06:22:00,CNR3296530520,Success,CID818419,Prime Plus,Kadugodi,Hennur,63.0,35.0,Not Applicable,Not Applicable,No,Not Applicable,2396,Cash,37,3.8,4.2
2024-07-24 07:41:00,CNR8697598733,Canceled by Customer,CID382377,Bike,Yelahanka,Frazer Town,,,Wrong Address,Not Applicable,Not Applicable,Not Applicable,369,Not Applicable,0,,
2024-07-15 05:30:00,CNR6065047850,Success,CID989500,Bike,KR Puram,MG Road,273.0,100.0,Not Applicable,Not Applicable,Yes,Customer Demand,960,Cash,43,3.7,4.4
2024-07-15 16:49:00,CNR6098540540,Success,CID894965,eBike,Bannerghatta Road,Banashankari,280.0,120.0,Not Applicable,Not Applicable,No,Not Applicable,466,Cash,5,4.1,4.4
2024-07-08 00:30:00,CNR7380523686,Success,CID107891,Mini,Peenya,Chickpet,147.0,100.0,Not Applicable,Not Applicable,No,Not Applicable,357,Cash,29,4.4,3.2
2024-07-29 00:03:00,CNR9099142091,Driver Not Found,CID760087,Prime Sedan,Kengeri,Indiranagar,,,Not Applicable,Not Applicable,Not Applicable,Not Applicable,435,Not Applicable,0,,
2024-07-05 02:53:00,CNR9786521031,Success,CID922843,eBike,Peenya,Langford Town,189.0,80.0,Not Applicable,Not Applicable,No,Not Applicable,1623,UPI,10,4.3,3.4
2024-07-21 11:07:00,CNR8920085270,Success,CID289109,Auto,Magadi Road,Malleshwaram,133.0,115.0,Not Applicable,Not Applicable,No,Not Applicable,955,Cash,6,4.9,4.6
2024-07-24 03:03:00,CNR8927076559,Success,CID539932,eBike,Sarjapur Road,RT Nagar,105.0,45.0,Not Applicable,Not Applicable,No,Not Applicable,461,Cash,16,4.6,3.9
2024-07-28 17:53:00,CNR1290808163,Canceled by Customer,CID176512,Bike,Basavanagudi,Nagarbhavi,,,Driver asked to cancel,Not Applicable,Not Applicable,Not Applicable,313,Not Applicable,0,,
2024-07-09 09:47:00,CNR7266504183,Success,CID778486,Bike,Nagarbhavi,Padmanabhanagar,70.0,75.0,Not Applicable,Not Applicable,No,Not Applicable,422,Cash,6,4.9,3.7
2024-07-27 04:25:00,CNR2579872551,Success,CID300599,Prime Plus,Tumkur Road,Whitefield,91.0,110.0,Not Applicable,Not Applicable,No,Not Applicable,278,UPI,32,4.8,3.9
2024-07-16 04:27:00,CNR6040513963,Success,CID426018,Prime Sedan,Kammanahalli,HSR Layout,133.0,70.0,Not Applicable,Not Applicable,No,Not Applicable,646,Cash,48,4.7,4.6
2024-07-24 17:52:00,CNR4498587964,Canceled by Driver,CID833461,Prime Plus,Chamarajpet,Indiranagar,,,Not Applicable,Customer related issue,Not Applicable,Not Applicable,326,Not Applicable,0,,
2024-07-11 21:33:00,CNR5838242457,Success,CID237759,Prime SUV,Vijayanagar,Ramamurthy Nagar,49.0,35.0,Not Applicable,Not Applicable,No,Not Applicable,720,UPI,28,3.9,4.4
2024-07-11 01:08:00,CNR4074294251,Canceled by Customer,CID452758,Mini,JP Nagar,Padmanabhanagar,,,Wrong Address,Not Applicable,Not Applicable,Not Applicable,525,Not Applicable,0,,
2024-07-29 08:22:00,CNR6410325978,Canceled by Driver,CID299584,eBike,Varthur,BTM Layout,,,Not Applicable,Personal & Car related issue,Not Applicable,Not Applicable,175,Not Applicable,0,,
2024-07-30 00:39:00,CNR2009795910,Success,CID280680,Prime Sedan,RT Nagar,Bannerghatta Road,252.0,45.0,Not Applicable,Not Applicable,No,Not Applicable,822,UPI,9,3.4,5.0
2024-07-17 14:18:00,CNR3929034508,Success,CID335893,Prime Sedan,Padmanabhanagar,Hennur,56.0,50.0,Not Applicable,Not Applicable,No,Not Applicable,815,UPI,2,3.9,3.1
2024-07-03 04:45:00,CNR6480284069,Canceled by Driver,CID892113,Mini,Cox Town,Banashankari,,,Not Applicable,Customer related issue,Not Applicable,Not Applicable,2030,Not Applicable,0,,
2024-07-12 00:31:00,CNR6581966534,Success,CID813135,Bike,Jayanagar,Rajarajeshwari Nagar,238.0,85.0,Not Applicable,Not Applicable,No,Not Applicable,406,Cash,11,3.2,4.0
2024-07-12 03:17:00,CNR9920984485,Canceled by Customer,CID481828,Mini,Vijayanagar,Peenya,,,Driver asked to cancel,Not Applicable,Not Applicable,Not Applicable,485,Not Applicable,0,,
2024-07-16 18:38:00,CNR4740167179,Driver Not Found,CID753147,Prime Sedan,Basavanagudi,HSR Layout,,,Not Applicable,Not Applicable,Not Applicable,Not Applicable,485,Not Applicable,0,,
2024-07-12 06:50:00,CNR9571178275,Success,CID745603,Prime SUV,Richmond Town,Yeshwanthpur,189.0,50.0,Not Applicable,Not Applicable,No,Not Applicable,522,Cash,33,4.7,4.7
2024-07-25 15:25:00,CNR7513925903,Success,CID114506,Auto,Chamarajpet,Bellandur,154.0,115.0,Not Applicable,Not Applicable,No,Not Applicable,173,Cash,16,4.1,3.3
2024-07-02 16:24:00,CNR3091242830,Success,CID613771,Prime SUV,Tumkur Road,Bannerghatta Road,98.0,135.0,Not Applicable,Not Applicable,No,Not Applicable,122,Cash,38,3.9,4.5
2024-07-15 09:24:00,CNR3864092852,Success,CID693310,Bike,Hennur,Devanahalli,196.0,130.0,Not Applicable,Not Applicable,No,Not Applicable,150,Cash,7,3.4,3.7
2024-07-25 16:45:00,CNR1214728921,Success,CID991394,Auto,Hulimavu,Bellandur,84.0,110.0,Not Applicable,Not Applicable,No,Not Applicable,449,Cash,13,3.9,3.8
2024-07-26 14:43:00,CNR8701783453,Canceled by Driver,CID509437,Prime SUV,Marathahalli,Yeshwanthpur,,,Not Applicable,Personal & Car related issue,Not Applicable,Not Applicable,1900,Not Applicable,0,,
2024-07-28 16:36:00,CNR5624687193,Canceled by Driver,CID284276,Prime Plus,RT Nagar,HSR Layout,,,Not Applicable,Customer related issue,Not Applicable,Not Applicable,859,Not Applicable,0,,
2024-07-18 01:30:00,CNR4376286591,Success,CID224482,Bike,Hulimavu,RT Nagar,301.0,105.0,Not Applicable,Not Applicable,No,Not Applicable,419,UPI,15,4.0,4.7
2024-07-11 04:09:00,CNR6708235732,Success,CID473072,Auto,Kadugodi,MG Road,161.0,120.0,Not Applicable,Not Applicable,No,Not Applicable,2460,Cash,3,5.0,3.1
2024-07-14 03:35:00,CNR7282518386,Success,CID347510,eBike,Basavanagudi,Devanahalli,231.0,105.0,Not Applicable,Not Applicable,No,Not Applicable,249,Cash,3,4.9,3.3
2024-07-20 08:57:00,CNR2243820738,Canceled by Driver,CID505199,Prime Plus,Cox Town,Varthur,,,Not Applicable,More than permitted people in there,Not Applicable,Not Applicable,168,Not Applicable,0,,
2024-07-22 04:18:00,CNR6646186001,Success,CID433139,Prime Plus,Shivajinagar,Bannerghatta Road,217.0,35.0,Not Applicable,Not Applicable,No,Not Applicable,499,Cash,35,3.4,3.7
2024-07-26 20:16:00,CNR4048810047,Driver Not Found,CID515502,Auto,Devanahalli,Hebbal,,,Not Applicable,Not Applicable,Not Applicable,Not Applicable,735,Not Applicable,0,,
2024-07-23 02:52:00,CNR2580102410,Success,CID950350,Prime SUV,Ramamurthy Nagar,Magadi Road,168.0,145.0,Not Applicable,Not Applicable,No,Not Applicable,438,Cash,20,4.8,4.2
2024-07-01 21:42:00,CNR6695345833,Canceled by Customer,CID763885,Mini,Kadugodi,Mysore Road,,,Driver is not moving towards pickup location,Not Applicable,Not Applicable,Not Applicable,380,Not Applicable,0,,
2024-07-20 02:48:00,CNR5423961332,Canceled by Driver,CID768524,eBike,Hebbal,Vijayanagar,,,Not Applicable,Customer related issue,Not Applicable,Not Applicable,545,Not Applicable,0,,
2024-07-14 07:52:00,CNR6835457723,Canceled by Customer,CID759299,Mini,Yeshwanthpur,Whitefield,,,Change of plans,Not Applicable,Not Applicable,Not Applicable,181,Not Applicable,0,,
2024-07-30 04:37:00,CNR7046507675,Canceled by Driver,CID247617,Mini,Basavanagudi,HSR Layout,,,Not Applicable,Personal & Car related issue,Not Applicable,Not Applicable,182,Not Applicable,0,,
2024-07-03 21:40:00,CNR8871590198,Success,CID759741,Prime Sedan,MG Road,Bellandur,238.0,85.0,Not Applicable,Not Applicable,No,Not Applicable,2351,UPI,23,3.4,4.0
2024-07-03 07:14:00,CNR2470861150,Canceled by Customer,CID456040,Prime SUV,Cox Town,Tumkur Road,,,Wrong Address,Not Applicable,Not Applicable,Not Applicable,920,Not Applicable,0,,
2024-07-06 17:23:00,CNR9290853624,Success,CID908977,Bike,Whitefield,Bannerghatta Road,126.0,120.0,Not Applicable,Not Applicable,No,Not Applicable,260,Cash,34,3.1,5.0
2024-07-13 14:57:00,CNR4961929018,Success,CID883845,Prime SUV,Whitefield,Kadugodi,245.0,70.0,Not Applicable,Not Applicable,No,Not Applicable,198,Cash,2,4.1,4.1
2024-07-18 00:51:00,CNR1454903261,Success,CID747011,Prime Plus,Banashankari,Indiranagar,112.0,90.0,Not Applicable,Not Applicable,No,Not Applicable,414,UPI,6,4.3,3.4
2024-07-21 00:41:00,CNR5453089339,Canceled by Driver,CID812187,eBike,Banashankari,Bellandur,,,Not Applicable,Personal & Car related issue,Not Applicable,Not Applicable,227,Not Applicable,0,,
2024-07-08 19:52:00,CNR1824998087,Success,CID805914,Bike,Ulsoor,Jayanagar,308.0,90.0,Not Applicable,Not Applicable,No,Not Applicable,744,Cash,16,3.8,3.7
2024-07-11 20:20:00,CNR7637618341,Success,CID765815,Prime Sedan,Rajajinagar,Ramamurthy Nagar,63.0,130.0,Not Applicable,Not Applicable,No,Not Applicable,115,Cash,2,4.0,4.3
2024-07-05 05:06:00,CNR7091570656,Canceled by Driver,CID502680,Prime Sedan,Banashankari,Hennur,,,Not Applicable,Personal & Car related issue,Not Applicable,Not Applicable,264,Not Applicable,0,,
2024-07-22 04:26:00,CNR4622867147,Success,CID838589,Prime Sedan,Shivajinagar,Bellandur,77.0,135.0,Not Applicable,Not Applicable,No,Not Applicable,185,UPI,43,3.9,4.2
2024-07-01 17:02:00,CNR8649233187,Success,CID844970,Bike,JP Nagar,Rajarajeshwari Nagar,196.0,90.0,Not Applicable,Not Applicable,Yes,Other Issue,194,Cash,28,3.4,4.4
2024-07-11 14:51:00,CNR6116472247,Canceled by Driver,CID100102,Prime SUV,Langford Town,Mysore Road,,,Not Applicable,Customer was coughing/sick,Not Applicable,Not Applicable,571,Not Applicable,0,,
2024-07-15 20:54:00,CNR8262222210,Success,CID253149,Mini,Langford Town,Frazer Town,203.0,75.0,Not Applicable,Not Applicable,No,Not Applicable,245,Cash,29,3.9,3.5
2024-07-29 16:55:00,CNR5776576023,Canceled by Driver,CID954836,eBike,Kammanahalli,Bellandur,,,Not Applicable,Customer was coughing/sick,Not Applicable,Not Applicable,172,Not Applicable,0,,
2024-07-17 22:53:00,CNR4051147735,Success,CID644355,Prime Plus,Tumkur Road,MG Road,196.0,75.0,Not Applicable,Not Applicable,No,Not Applicable,591,Cash,47,3.4,4.5
2024-07-19 18:12:00,CNR7998435881,Success,CID381117,Prime Sedan,Richmond Town,Vijayanagar,133.0,70.0,Not Applicable,Not Applicable,No,Not Applicable,152,Credit Card,24,4.2,4.2
2024-07-20 16:47:00,CNR9477537636,Canceled by Customer,CID955812,Prime Plus,Ramamurthy Nagar,Shivajinagar,,,Driver is not moving towards pickup location,Not Applicable,Not Applicable,Not Applicable,333,Not Applicable,0,,
2024-07-10 06:29:00,CNR4222354702,Success,CID397296,Prime Sedan,Chamarajpet,Rajajinagar,84.0,65.0,Not Applicable,Not Applicable,No,Not Applicable,125,UPI,9,4.2,3.5
2024-07-14 12:04:00,CNR7990050952,Success,CID670580,Bike,Sahakar Nagar,HSR Layout,147.0,110.0,Not Applicable,Not Applicable,No,Not Applicable,941,Cash,1,4.1,4.5
2024-07-15 14:33:00,CNR3743296886,Success,CID730410,Prime Sedan,KR Puram,Nagarbhavi,203.0,85.0,Not Applicable,Not Applicable,Yes,Customer Demand,456,Debit Card,17,4.1,4.5
2024-07-12 17:33:00,CNR6702402199,Success,CID163202,eBike,Bellandur,Malleshwaram,252.0,135.0,Not Applicable,Not Applicable,No,Not Applicable,369,UPI,2,4.9,4.3
2024-07-13 17:28:00,CNR9781916712,Success,CID831118,eBike,Cox Town,Ramamurthy Nagar,63.0,110.0,Not Applicable,Not Applicable,No,Not Applicable,521,Cash,18,3.5,4.7
2024-07-18 17:20:00,CNR7725047990,Success,CID149521,Prime SUV,Devanahalli,Malleshwaram,77.0,55.0,Not Applicable,Not Applicable,No,Not Applicable,857,Cash,16,3.4,3.7
2024-07-16 11:22:00,CNR2829923497,Success,CID938348,Prime Plus,Bellandur,BTM Layout,63.0,95.0,Not Applicable,Not Applicable,No,Not Applicable,226,UPI,27,4.3,3.5
2024-07-04 10:57:00,CNR9108582741,Canceled by Driver,CID146755,Prime Plus,Rajajinagar,MG Road,,,Not Applicable,Personal & Car related issue,Not Applicable,Not Applicable,206,Not Applicable,0,,
2024-07-16 09:25:00,CNR3877989737,Success,CID661695,eBike,Yelahanka,Sahakar Nagar,42.0,140.0,Not Applicable,Not Applicable,No,Not Applicable,475,UPI,3,3.1,3.3
2024-07-24 13:05:00,CNR9723930176,Success,CID231953,Prime Sedan,Kadugodi,BTM Layout,63.0,60.0,Not Applicable,Not Applicable,No,Not Applicable,277,Cash,28,4.5,3.9
2024-07-14 06:00:00,CNR3219291201,Success,CID829173,Prime Sedan,Kadugodi,Hennur,238.0,55.0,Not Applicable,Not Applicable,No,Not Applicable,648,UPI,35,3.1,3.2
2024-07-23 09:22:00,CNR9011546879,Success,CID702957,Bike,Chickpet,Kengeri,112.0,75.0,Not Applicable,Not Applicable,No,Not Applicable,327,UPI,37,3.3,4.6
2024-07-16 08:37:00,CNR1073230680,Success,CID514563,Prime Sedan,Ulsoor,Vijayanagar,301.0,45.0,Not Applicable,Not Applicable,No,Not Applicable,766,Cash,32,4.5,5.0
2024-07-06 08:52:00,CNR6836336355,Success,CID401510,Prime Plus,Peenya,Hennur,182.0,95.0,Not Applicable,Not Applicable,No,Not Applicable,175,UPI,29,3.7,3.3
2024-07-04 04:14:00,CNR8136374263,Canceled by Driver,CID257490,Prime Sedan,Rajajinagar,Vijayanagar,,,Not Applicable,Personal & Car related issue,Not Applicable,Not Applicable,398,Not Applicable,0,,
2024-07-23 18:43:00,CNR6400614342,Canceled by Customer,CID807664,eBike,Rajarajeshwari Nagar,Rajajinagar,,,Driver asked to cancel,Not Applicable,Not Applicable,Not Applicable,879,Not Applicable,0,,
2024-07-11 20:10:00,CNR7080232594,Success,CID242062,Auto,Kengeri,Hennur,301.0,45.0,Not Applicable,Not Applicable,No,Not Applicable,485,UPI,19,3.5,4.2
2024-07-02 06:28:00,CNR7426683719,Success,CID620806,eBike,HSR Layout,Vijayanagar,49.0,40.0,Not Applicable,Not Applicable,No,Not Applicable,457,Cash,47,4.9,3.7
2024-07-10 07:50:00,CNR9069611678,Success,CID309610,Prime Sedan,Frazer Town,MG Road,70.0,45.0,Not Applicable,Not Applicable,No,Not Applicable,416,Cash,26,4.1,4.0
2024-07-14 09:35:00,CNR5984083010,Success,CID568475,eBike,KR Puram,Nagarbhavi,196.0,115.0,Not Applicable,Not Applicable,No,Not Applicable,473,Cash,31,4.3,3.9
2024-07-25 09:28:00,CNR2785486992,Success,CID971696,Bike,Devanahalli,Jayanagar,70.0,45.0,Not Applicable,Not Applicable,No,Not Applicable,2950,Cash,47,4.1,4.7
2024-07-22 06:37:00,CNR9044942079,Canceled by Driver,CID401817,eBike,Nagarbhavi,Hulimavu,,,Not Applicable,Personal & Car related issue,Not Applicable,Not Applicable,245,Not Applicable,0,,
2024-07-18 19:16:00,CNR2661463912,Success,CID238901,eBike,Sahakar Nagar,Cox Town,217.0,85.0,Not Applicable,Not Applicable,Yes,Other Issue,478,Cash,28,4.4,3.2
2024-07-07 08:16:00,CNR3090408219,Canceled by Customer,CID628460,eBike,Vijayanagar,Hebbal,,,Driver is not moving towards pickup location,Not Applicable,Not Applicable,Not Applicable,120,Not Applicable,0,,
2024-07-16 00:33:00,CNR5396624982,Success,CID971497,Prime Sedan,MG Road,Nagarbhavi,112.0,80.0,Not Applicable,Not Applicable,No,Not Applicable,291,UPI,26,4.8,4.2
2024-07-06 22:08:00,CNR1996402523,Success,CID619164,Prime Sedan,JP Nagar,Sahakar Nagar,182.0,70.0,Not Applicable,Not Applicable,No,Not Applicable,713,Cash,33,3.1,4.8
2024-07-28 11:00:00,CNR8292363999,Success,CID400947,eBike,Padmanabhanagar,Varthur,147.0,95.0,Not Applicable,Not Applicable,No,Not Applicable,470,UPI,37,3.6,4.3
2024-07-24 23:24:00,CNR1569758653,Success,CID311041,Mini,Jayanagar,Koramangala,70.0,50.0,Not Applicable,Not Applicable,No,Not Applicable,486,UPI,11,3.4,4.4
2024-07-14 19:18:00,CNR9281333902,Success,CID990536,Prime Sedan,Devanahalli,Banashankari,154.0,70.0,Not Applicable,Not Applicable,No,Not Applicable,364,UPI,24,3.1,4.4
2024-07-12 20:38:00,CNR1376424782,Canceled by Customer,CID609628,Prime SUV,Basavanagudi,Ulsoor,,,Change of plans,Not Applicable,Not Applicable,Not Applicable,2687,Not Applicable,0,,
2024-07-23 15:42:00,CNR7366871198,Success,CID810569,Prime SUV,Rajajinagar,Varthur,154.0,50.0,Not Applicable,Not Applicable,No,Not Applicable,175,UPI,45,3.6,4.2
2024-07-28 11:59:00,CNR8377454779,Success,CID237920,Prime Sedan,Rajarajeshwari Nagar,Peenya,35.0,110.0,Not Applicable,Not Applicable,No,Not Applicable,440,UPI,25,3.1,3.3
2024-07-16 01:39:00,CNR7349509964,Success,CID902656,Prime Sedan,Sahakar Nagar,Hebbal,42.0,60.0,Not Applicable,Not Applicable,No,Not Applicable,416,Cash,8,3.4,4.0
2024-07-04 02:17:00,CNR8586423063,Canceled by Driver,CID689187,eBike,Chickpet,Nagarbhavi,,,Not Applicable,Customer related issue,Not Applicable,Not Applicable,171,Not Applicable,0,,
2024-07-19 21:27:00,CNR3072558062,Canceled by Customer,CID800816,Auto,Banashankari,Shivajinagar,,,Wrong Address,Not Applicable,Not Applicable,Not Applicable,514,Not Applicable,0,,
2024-07-03 06:59:00,CNR8035744485,Canceled by Driver,CID487549,Prime Sedan,Sahakar Nagar,Bellandur,,,Not Applicable,Customer related issue,Not Applicable,Not Applicable,356,Not Applicable,0,,
2024-07-26 02:14:00,CNR4418239787,Success,CID819300,Mini,Marathahalli,Malleshwaram,105.0,90.0,Not Applicable,Not Applicable,Yes,Vehicle Breakdown,244,Cash,44,4.7,3.4
2024-07-07 12:50:00,CNR9810921598,Success,CID960423,Bike,Vijayanagar,Sahakar Nagar,84.0,135.0,Not Applicable,Not Applicable,No,Not Applicable,1744,Cash,49,4.5,4.8
2024-07-22 17:17:00,CNR7785919626,Success,CID340681,eBike,Shivajinagar,Majestic,42.0,80.0,Not Applicable,Not Applicable,No,Not Applicable,306,UPI,26,3.6,4.8
2024-07-05 23:28:00,CNR4757174022,Success,CID805624,Prime SUV,Sahakar Nagar,Frazer Town,105.0,105.0,Not Applicable,Not Applicable,No,Not Applicable,846,UPI,23,4.5,4.2
2024-07-29 04:40:00,CNR8608223870,Canceled by Customer,CID518964,Mini,Kengeri,Koramangala,,,Driver is not moving towards pickup location,Not Applicable,Not Applicable,Not Applicable,902,Not Applicable,0,,
2024-07-28 05:36:00,CNR8832329603,Canceled by Customer,CID353124,Prime Plus,Ulsoor,Hennur,,,Driver is not moving towards pickup location,Not Applicable,Not Applicable,Not Applicable,287,Not Applicable,0,,
2024-07-26 07:09:00,CNR7997845928,Success,CID551152,Prime SUV,Vijayanagar,Yelahanka,161.0,55.0,Not Applicable,Not Applicable,No,Not Applicable,2210,Cash,41,4.3,3.1
2024-07-08 19:15:00,CNR6499854979,Success,CID251522,Auto,Sahakar Nagar,Devanahalli,280.0,100.0,Not Applicable,Not Applicable,No,Not Applicable,835,Cash,19,4.6,3.3
2024-07-06 21:43:00,CNR8109036644,Success,CID398419,Prime SUV,Jayanagar,Tumkur Road,238.0,115.0,Not Applicable,Not Applicable,No,Not Applicable,198,Cash,42,4.2,4.5
2024-07-11 11:18:00,CNR1046254430,Canceled by Driver,CID537468,Auto,Indiranagar,RT Nagar,,,Not Applicable,Personal & Car related issue,Not Applicable,Not Applicable,326,Not Applicable,0,,
2024-07-27 19:33:00,CNR7744441296,Success,CID752374,Mini,Nagarbhavi,Langford Town,280.0,140.0,Not Applicable,Not Applicable,No,Not Applicable,370,Cash,10,3.2,4.1
2024-07-17 03:34:00,CNR2886265039,Success,CID382060,eBike,Hulimavu,Hosur Road,231.0,40.0,Not Applicable,Not Applicable,No,Not Applicable,359,Cash,32,3.1,5.0
2024-07-15 11:08:00,CNR4285926150,Canceled by Customer,CID581407,Prime Sedan,Rajajinagar,Yelahanka,,,Driver is not moving towards pickup location,Not Applicable,Not Applicable,Not Applicable,348,Not Applicable,0,,
2024-07-11 11:39:00,CNR6821341114,Canceled by Driver,CID492717,Prime Plus,Rajarajeshwari Nagar,Yelahanka,,,Not Applicable,Customer related issue,Not Applicable,Not Applicable,306,Not Applicable,0,,
2024-07-11 01:27:00,CNR8981551103,Canceled by Driver,CID625680,Prime Plus,BTM Layout,Magadi Road,,,Not Applicable,Personal & Car related issue,Not Applicable,Not Applicable,775,Not Applicable,0,,
2024-07-24 05:20:00,CNR3283167120,Success,CID966387,Mini,Magadi Road,Frazer Town,119.0,105.0,Not Applicable,Not Applicable,No,Not Applicable,2519,Cash,39,4.2,4.3
2024-07-18 17:12:00,CNR9461537010,Success,CID292338,Mini,Marathahalli,Shivajinagar,119.0,40.0,Not Applicable,Not Applicable,No,Not Applicable,117,Cash,40,4.1,4.5
2024-07-09 11:35:00,CNR7286461935,Success,CID685409,Prime SUV,Basavanagudi,Shantinagar,98.0,35.0,Not Applicable,Not Applicable,No,Not Applicable,987,UPI,24,4.1,4.3
2024-07-19 06:49:00,CNR9480175715,Success,CID135466,Prime Sedan,Peenya,Shivajinagar,42.0,70.0,Not Applicable,Not Applicable,No,Not Applicable,964,Cash,1,3.7,3.9
2024-07-16 07:01:00,CNR2862416174,Canceled by Driver,CID263467,eBike,Shantinagar,Yeshwanthpur,,,Not Applicable,Personal & Car related issue,Not Applicable,Not Applicable,469,Not Applicable,0,,
2024-07-20 03:58:00,CNR9478606918,Success,CID959402,Auto,Chamarajpet,Chickpet,119.0,125.0,Not Applicable,Not Applicable,No,Not Applicable,127,Cash,12,3.1,4.2
2024-07-07 23:31:00,CNR3344689983,Success,CID572398,Bike,Chickpet,Sarjapur Road,189.0,125.0,Not Applicable,Not Applicable,No,Not Applicable,1091,Credit Card,2,4.3,4.1
2024-07-22 14:24:00,CNR8524110991,Success,CID571453,Prime Plus,Ramamurthy Nagar,Chickpet,301.0,75.0,Not Applicable,Not Applicable,No,Not Applicable,326,Cash,30,4.1,4.9
2024-07-28 04:10:00,CNR2011327616,Success,CID496541,Mini,Chamarajpet,Tumkur Road,308.0,100.0,Not Applicable,Not Applicable,No,Not Applicable,343,Cash,21,3.1,4.2
2024-07-11 20:59:00,CNR5744050014,Canceled by Driver,CID611464,Prime Sedan,Basavanagudi,Electronic City,,,Not Applicable,Customer related issue,Not Applicable,Not Applicable,481,Not Applicable,0,,
2024-07-11 16:39:00,CNR2360286517,Success,CID350576,Prime Plus,Yelahanka,Langford Town,49.0,40.0,Not Applicable,Not Applicable,No,Not Applicable,307,UPI,11,3.1,4.7
2024-07-18 01:26:00,CNR9157090450,Success,CID981440,Auto,Malleshwaram,BTM Layout,224.0,80.0,Not Applicable,Not Applicable,No,Not Applicable,459,Cash,10,3.3,4.0
2024-07-19 07:37:00,CNR3417454522,Canceled by Driver,CID492447,Prime Sedan,Malleshwaram,Marathahalli,,,Not Applicable,More than permitted people in there,Not Applicable,Not Applicable,173,Not Applicable,0,,
2024-07-30 20:39:00,CNR2378877163,Success,CID988235,Bike,Chamarajpet,Rajajinagar,84.0,135.0,Not Applicable,Not Applicable,No,Not Applicable,1511,Cash,21,4.6,4.1
2024-07-30 04:04:00,CNR3295211011,Canceled by Driver,CID262282,Prime Sedan,Shantinagar,Bannerghatta Road,,,Not Applicable,Customer was coughing/sick,Not Applicable,Not Applicable,104,Not Applicable,0,,
2024-07-23 21:47:00,CNR6381666713,Driver Not Found,CID825223,Prime Sedan,Whitefield,Chamarajpet,,,Not Applicable,Not Applicable,Not Applicable,Not Applicable,587,Not Applicable,0,,
2024-07-30 13:32:00,CNR4839926509,Success,CID195974,Mini,Cox Town,MG Road,231.0,140.0,Not Applicable,Not Applicable,No,Not Applicable,160,UPI,23,3.8,4.4
2024-07-05 18:18:00,CNR4605193744,Success,CID928966,eBike,MG Road,Richmond Town,42.0,75.0,Not Applicable,Not Applicable,No,Not Applicable,2007,UPI,25,4.6,3.3
2024-07-04 11:22:00,CNR9405157731,Success,CID652145,Auto,Kadugodi,Ramamurthy Nagar,210.0,95.0,Not Applicable,Not Applicable,No,Not Applicable,735,Cash,12,3.7,4.1
2024-07-25 19:06:00,CNR1990462535,Success,CID948261,Prime Plus,Rajarajeshwari Nagar,Tumkur Road,308.0,105.0,Not Applicable,Not Applicable,No,Not Applicable,946,Cash,17,3.5,3.5
2024-07-26 12:43:00,CNR3922762392,Success,CID131506,Bike,Malleshwaram,Devanahalli,35.0,80.0,Not Applicable,Not Applicable,No,Not Applicable,1961,UPI,39,4.1,3.9
2024-07-28 19:13:00,CNR6602584625,Canceled by Customer,CID713459,Bike,RT Nagar,Padmanabhanagar,,,Change of plans,Not Applicable,Not Applicable,Not Applicable,2177,Not Applicable,0,,
2024-07-19 02:43:00,CNR6168461166,Success,CID713000,eBike,Nagarbhavi,Mysore Road,245.0,35.0,Not Applicable,Not Applicable,No,Not Applicable,202,UPI,16,4.3,4.3
2024-07-24 06:16:00,CNR9816399813,Success,CID238764,Auto,Marathahalli,Shantinagar,301.0,35.0,Not Applicable,Not Applicable,No,Not Applicable,2018,UPI,5,3.8,4.1
2024-07-16 15:40:00,CNR7571784962,Success,CID632079,eBike,Hennur,Bellandur,266.0,120.0,Not Applicable,Not Applicable,No,Not Applicable,314,UPI,1,4.3,4.1
2024-07-18 01:52:00,CNR3811462953,Success,CID311070,Prime SUV,Basavanagudi,Whitefield,273.0,45.0,Not Applicable,Not Applicable,No,Not Applicable,292,Cash,40,4.9,4.3
2024-07-20 15:29:00,CNR2667259460,Success,CID838804,Bike,Marathahalli,RT Nagar,175.0,90.0,Not Applicable,Not Applicable,No,Not Applicable,189,Cash,30,4.7,3.6
2024-07-01 19:26:00,CNR3482016817,Success,CID571867,Prime SUV,Koramangala,Cox Town,119.0,70.0,Not Applicable,Not Applicable,No,Not Applicable,929,Cash,41,4.6,4.2
2024-07-11 12:47:00,CNR4355924383,Canceled by Customer,CID567206,Auto,RT Nagar,Tumkur Road,,,Wrong Address,Not Applicable,Not Applicable,Not Applicable,2031,Not Applicable,0,,
2024-07-30 16:05:00,CNR5920871860,Success,CID550179,Prime SUV,Hulimavu,Frazer Town,259.0,45.0,Not Applicable,Not Applicable,No,Not Applicable,1739,Cash,43,4.0,3.3
2024-07-22 21:26:00,CNR3492770653,Success,CID183474,Bike,Cox Town,Majestic,119.0,105.0,Not Applicable,Not Applicable,No,Not Applicable,421,UPI,41,3.2,3.7
2024-07-13 18:07:00,CNR1968767134,Success,CID231909,Bike,Langford Town,Indiranagar,70.0,135.0,Not Applicable,Not Applicable,No,Not Applicable,228,UPI,1,4.1,4.8
2024-07-11 21:26:00,CNR5892756376,Success,CID916867,Prime Plus,Hennur,Magadi Road,70.0,25.0,Not Applicable,Not Applicable,No,Not Applicable,364,UPI,10,3.1,4.5
2024-07-13 15:01:00,CNR5511191455,Success,CID714030,Prime Sedan,Langford Town,Magadi Road,224.0,95.0,Not Applicable,Not Applicable,Yes,Vehicle Breakdown,962,UPI,6,4.9,4.8
2024-07-01 23:54:00,CNR5065775499,Success,CID970470,Mini,Bannerghatta Road,Chamarajpet,42.0,60.0,Not Applicable,Not Applicable,No,Not Applicable,945,UPI,38,3.1,5.0
2024-07-10 13:11:00,CNR6233785247,Success,CID147621,Bike,Cox Town,Hulimavu,189.0,65.0,Not Applicable,Not Applicable,No,Not Applicable,216,Cash,41,3.6,3.1
2024-07-13 23:34:00,CNR8841739935,Canceled by Driver,CID612345,Bike,Indiranagar,Chamarajpet,,,Not Applicable,More than permitted people in there,Not Applicable,Not Applicable,414,Not Applicable,0,,
2024-07-14 13:10:00,CNR8500870542,Success,CID681614,eBike,Electronic City,Tumkur Road,70.0,35.0,Not Applicable,Not Applicable,No,Not Applicable,398,UPI,49,4.7,3.4
2024-07-10 11:49:00,CNR6899934558,Driver Not Found,CID777769,Mini,Hennur,Richmond Town,,,Not Applicable,Not Applicable,Not Applicable,Not Applicable,273,Not Applicable,0,,
2024-07-18 10:16:00,CNR9061379306,Success,CID619879,Prime Sedan,Rajajinagar,Kadugodi,287.0,50.0,Not Applicable,Not Applicable,No,Not Applicable,2434,Cash,16,4.0,4.2
2024-07-01 01:40:00,CNR5609129553,Driver Not Found,CID388261,Mini,Mysore Road,Shantinagar,,,Not Applicable,Not Applicable,Not Applicable,Not Applicable,227,Not Applicable,0,,
2024-07-26 01:42:00,CNR8007228449,Driver Not Found,CID383281,Bike,Devanahalli,Indiranagar,,,Not Applicable,Not Applicable,Not Applicable,Not Applicable,430,Not Applicable,0,,
2024-07-16 16:32:00,CNR1517739293,Success,CID614241,Prime Sedan,Malleshwaram,Sahakar Nagar,49.0,145.0,Not Applicable,Not Applicable,No,Not Applicable,469,UPI,15,3.7,4.8
2024-07-06 17:54:00,CNR3486471202,Success,CID471097,Prime Sedan,Tumkur Road,Tumkur Road,91.0,90.0,Not Applicable,Not Applicable,No,Not Applicable,352,Cash,39,3.7,4.4
2024-07-30 10:36:00,CNR4658687503,Canceled by Driver,CID925488,Mini,Frazer Town,Basavanagudi,,,Not Applicable,Customer related issue,Not Applicable,Not Applicable,2528,Not Applicable,0,,
2024-07-20 11:15:00,CNR1247208017,Success,CID836765,Prime Sedan,Vijayanagar,Yelahanka,56.0,110.0,Not Applicable,Not Applicable,No,Not Applicable,379,UPI,39,4.1,3.4
2024-07-22 05:58:00,CNR3830568209,Success,CID455756,Prime Sedan,Kengeri,Kengeri,175.0,50.0,Not Applicable,Not Applicable,No,Not Applicable,363,Cash,39,3.7,3.3
2024-07-18 17:32:00,CNR1700031008,Canceled by Customer,CID460910,Auto,Jayanagar,Bannerghatta Road,,,Change of plans,Not Applicable,Not Applicable,Not Applicable,846,Not Applicable,0,,
2024-07-17 10:28:00,CNR5545446065,Success,CID914619,Mini,Bannerghatta Road,JP Nagar,259.0,25.0,Not Applicable,Not Applicable,No,Not Applicable,120,UPI,49,4.5,4.4
2024-07-29 23:12:00,CNR7443139215,Canceled by Driver,CID217023,Auto,Richmond Town,Indiranagar,,,Not Applicable,Customer related issue,Not Applicable,Not Applicable,888,Not Applicable,0,,
2024-07-06 00:22:00,CNR8519311044,Success,CID642560,Bike,Bannerghatta Road,Yeshwanthpur,196.0,145.0,Not Applicable,Not Applicable,No,Not Applicable,333,Cash,11,4.2,4.2
2024-07-22 04:03:00,CNR8866185823,Driver Not Found,CID100633,Prime Plus,Yelahanka,Magadi Road,,,Not Applicable,Not Applicable,Not Applicable,Not Applicable,272,Not Applicable,0,,
2024-07-05 20:05:00,CNR6990428457,Driver Not Found,CID160223,Prime SUV,Majestic,Chickpet,,,Not Applicable,Not Applicable,Not Applicable,Not Applicable,371,Not Applicable,0,,
2024-07-08 17:56:00,CNR1369341589,Success,CID482370,Prime Sedan,Sahakar Nagar,Electronic City,196.0,100.0,Not Applicable,Not Applicable,No,Not Applicable,893,UPI,16,3.7,3.1
2024-07-25 21:43:00,CNR2411309330,Canceled by Driver,CID302722,Mini,Devanahalli,Jayanagar,,,Not Applicable,Customer was coughing/sick,Not Applicable,Not Applicable,181,Not Applicable,0,,
2024-07-26 14:21:00,CNR5575623767,Success,CID359329,Auto,Bellandur,Bellandur,133.0,40.0,Not Applicable,Not Applicable,No,Not Applicable,150,UPI,8,3.8,3.3
2024-07-11 11:05:00,CNR4602805314,Driver Not Found,CID230397,Bike,Bannerghatta Road,Cox Town,,,Not Applicable,Not Applicable,Not Applicable,Not Applicable,391,Not Applicable,0,,
2024-07-19 19:44:00,CNR6857770720,Success,CID228084,Prime Plus,BTM Layout,Sarjapur Road,119.0,40.0,Not Applicable,Not Applicable,Yes,Customer Demand,269,UPI,28,5.0,4.9
2024-07-11 18:55:00,CNR7172097487,Success,CID839065,eBike,Hennur,Hulimavu,98.0,140.0,Not Applicable,Not Applicable,No,Not Applicable,267,UPI,42,3.4,4.0
2024-07-29 09:15:00,CNR2413051819,Canceled by Driver,CID811617,Prime SUV,Hosur Road,Sarjapur Road,,,Not Applicable,More than permitted people in there,Not Applicable,Not Applicable,348,Not Applicable,0,,
2024-07-10 04:47:00,CNR2229050238,Success,CID790694,Bike,Hennur,Yelahanka,63.0,115.0,Not Applicable,Not Applicable,No,Not Applicable,383,Cash,1,4.4,3.3
2024-07-12 03:22:00,CNR9027458950,Success,CID346860,Prime Plus,Magadi Road,Hulimavu,84.0,100.0,Not Applicable,Not Applicable,Yes,Customer Demand,255,UPI,9,3.3,4.8
2024-07-06 12:32:00,CNR5297320340,Success,CID815279,Prime SUV,Banashankari,Electronic City,280.0,60.0,Not Applicable,Not Applicable,No,Not Applicable,495,Cash,4,4.9,3.1
2024-07-07 21:43:00,CNR9322593173,Canceled by Driver,CID358575,Bike,Padmanabhanagar,Yelahanka,,,Not Applicable,Personal & Car related issue,Not Applicable,Not Applicable,300,Not Applicable,0,,
2024-07-19 22:12:00,CNR5362691235,Success,CID107319,eBike,Sarjapur Road,RT Nagar,231.0,105.0,Not Applicable,Not Applicable,No,Not Applicable,494,UPI,12,4.6,4.4
2024-07-10 15:02:00,CNR7278413788,Success,CID139519,Prime Plus,Vijayanagar,Hulimavu,203.0,100.0,Not Applicable,Not Applicable,No,Not Applicable,750,Cash,39,4.0,3.8
2024-07-08 10:20:00,CNR4743609021,Driver Not Found,CID148879,Prime SUV,Hulimavu,Basavanagudi,,,Not Applicable,Not Applicable,Not Applicable,Not Applicable,502,Not Applicable,0,,
2024-07-02 14:35:00,CNR1662815141,Canceled by Driver,CID465810,Mini,Indiranagar,JP Nagar,,,Not Applicable,Customer was coughing/sick,Not Applicable,Not Applicable,2796,Not Applicable,0,,
2024-07-02 02:36:00,CNR3303851278,Canceled by Driver,CID890883,Mini,Hosur Road,BTM Layout,,,Not Applicable,Personal & Car related issue,Not Applicable,Not Applicable,349,Not Applicable,0,,
2024-07-23 15:11:00,CNR3785945234,Success,CID791635,Auto,KR Puram,Mysore Road,182.0,135.0,Not Applicable,Not Applicable,No,Not Applicable,771,UPI,8,5.0,3.6
2024-07-07 20:46:00,CNR7255083563,Success,CID996839,Bike,Varthur,Indiranagar,196.0,95.0,Not Applicable,Not Applicable,No,Not Applicable,2166,Cash,37,3.1,3.8
2024-07-27 03:37:00,CNR5884763708,Canceled by Driver,CID996667,eBike,Shantinagar,Cox Town,,,Not Applicable,Customer related issue,Not Applicable,Not Applicable,702,Not Applicable,0,,
2024-07-03 03:46:00,CNR5849190751,Success,CID269127,eBike,Basavanagudi,Electronic City,77.0,110.0,Not Applicable,Not Applicable,No,Not Applicable,212,UPI,38,3.5,3.8
2024-07-16 04:13:00,CNR1081639325,Success,CID196155,Mini,Tumkur Road,HSR Layout,98.0,95.0,Not Applicable,Not Applicable,No,Not Applicable,192,UPI,32,3.2,3.2
2024-07-15 21:35:00,CNR6356418019,Success,CID657975,Mini,RT Nagar,Chickpet,189.0,60.0,Not Applicable,Not Applicable,No,Not Applicable,232,Cash,7,4.3,4.7
2024-07-05 15:45:00,CNR1419399751,Success,CID508615,Auto,Ramamurthy Nagar,MG Road,70.0,140.0,Not Applicable,Not Applicable,No,Not Applicable,839,Cash,18,4.3,4.3
2024-07-13 09:41:00,CNR8637401582,Success,CID195781,Bike,Mysore Road,JP Nagar,98.0,75.0,Not Applicable,Not Applicable,No,Not Applicable,101,Cash,46,3.8,3.5
2024-07-14 13:03:00,CNR4656903174,Success,CID275812,eBike,Peenya,Sarjapur Road,189.0,35.0,Not Applicable,Not Applicable,No,Not Applicable,2452,Cash,7,3.8,3.2
2024-07-07 08:33:00,CNR8242619971,Canceled by Driver,CID134253,eBike,Kammanahalli,Peenya,,,Not Applicable,Personal & Car related issue,Not Applicable,Not Applicable,326,Not Applicable,0,,
2024-07-13 16:14:00,CNR5562418751,Success,CID550297,Prime SUV,Rajarajeshwari Nagar,Richmond Town,280.0,95.0,Not Applicable,Not Applicable,No,Not Applicable,463,UPI,33,3.2,4.2
2024-07-02 17:07:00,CNR4510099717,Canceled by Driver,CID295151,Mini,Bannerghatta Road,MG Road,,,Not Applicable,Customer related issue,Not Applicable,Not Applicable,267,Not Applicable,0,,
2024-07-26 03:59:00,CNR5461738031,Canceled by Customer,CID575078,Prime Plus,KR Puram,Kengeri,,,Driver is not moving towards pickup location,Not Applicable,Not Applicable,Not Applicable,321,Not Applicable,0,,
2024-07-04 10:36:00,CNR1075131912,Canceled by Driver,CID323162,Bike,Hosur Road,Peenya,,,Not Applicable,Personal & Car related issue,Not Applicable,Not Applicable,147,Not Applicable,0,,
2024-07-30 00:37:00,CNR6185539907,Success,CID225482,Prime Plus,Hulimavu,Tumkur Road,35.0,120.0,Not Applicable,Not Applicable,Yes,Vehicle Breakdown,1065,UPI,14,3.2,4.1
2024-07-06 21:56:00,CNR9816009996,Driver Not Found,CID316417,Prime SUV,Ramamurthy Nagar,Kengeri,,,Not Applicable,Not Applicable,Not Applicable,Not Applicable,188,Not Applicable,0,,
2024-07-24 05:16:00,CNR6800270263,Success,CID402588,Prime SUV,Indiranagar,Ulsoor,308.0,75.0,Not Applicable,Not Applicable,No,Not Applicable,408,UPI,12,3.8,4.8
2024-07-10 21:53:00,CNR1093204918,Canceled by Driver,CID104190,Prime Plus,KR Puram,Marathahalli,,,Not Applicable,Customer was coughing/sick,Not Applicable,Not Applicable,371,Not Applicable,0,,
2024-07-08 18:23:00,CNR3467397360,Success,CID999508,Mini,Ulsoor,Langford Town,203.0,25.0,Not Applicable,Not Applicable,No,Not Applicable,415,UPI,41,4.4,4.3
2024-07-28 00:33:00,CNR4161154662,Success,CID922044,eBike,Malleshwaram,Magadi Road,266.0,140.0,Not Applicable,Not Applicable,No,Not Applicable,352,Cash,45,3.2,4.5
2024-07-28 15:12:00,CNR4456866550,Success,CID996186,Prime Plus,Kammanahalli,Chickpet,196.0,60.0,Not Applicable,Not Applicable,No,Not Applicable,668,Cash,16,3.8,3.4
2024-07-03 13:21:00,CNR1110617309,Success,CID420024,Prime Plus,Kengeri,Ulsoor,112.0,50.0,Not Applicable,Not Applicable,No,Not Applicable,478,UPI,31,3.5,3.9
2024-07-22 14:21:00,CNR8080433928,Canceled by Driver,CID207840,eBike,Malleshwaram,RT Nagar,,,Not Applicable,Customer was coughing/sick,Not Applicable,Not Applicable,484,Not Applicable,0,,
2024-07-09 14:09:00,CNR6868417436,Success,CID855842,Bike,Shivajinagar,Yeshwanthpur,133.0,75.0,Not Applicable,Not Applicable,No,Not Applicable,309,UPI,37,3.7,3.9
2024-07-26 06:36:00,CNR7191943956,Canceled by Customer,CID394814,Prime SUV,Banashankari,HSR Layout,,,Driver asked to cancel,Not Applicable,Not Applicable,Not Applicable,183,Not Applicable,0,,
2024-07-19 12:42:00,CNR5600601200,Canceled by Driver,CID132609,Bike,Devanahalli,Majestic,,,Not Applicable,More than permitted people in there,Not Applicable,Not Applicable,455,Not Applicable,0,,
2024-07-02 17:38:00,CNR6410576016,Success,CID871022,Mini,Malleshwaram,Kengeri,105.0,100.0,Not Applicable,Not Applicable,No,Not Applicable,120,UPI,8,3.9,3.5
2024-07-20 05:20:00,CNR9043080211,Success,CID789692,Prime Plus,Vijayanagar,Hosur Road,210.0,50.0,Not Applicable,Not Applicable,No,Not Applicable,203,Cash,22,3.5,4.3
2024-07-10 11:28:00,CNR9540506585,Success,CID213523,Bike,Magadi Road,Frazer Town,119.0,120.0,Not Applicable,Not Applicable,No,Not Applicable,276,Cash,13,4.4,3.8
2024-07-01 10:03:00,CNR3332975345,Canceled by Driver,CID402318,Bike,Malleshwaram,Whitefield,,,Not Applicable,Customer related issue,Not Applicable,Not Applicable,470,Not Applicable,0,,
2024-07-15 01:58:00,CNR6062031800,Canceled by Driver,CID250477,Prime Plus,Padmanabhanagar,Koramangala,,,Not Applicable,Customer was coughing/sick,Not Applicable,Not Applicable,302,Not Applicable,0,,
2024-07-25 07:48:00,CNR1931869850,Success,CID983755,Prime Sedan,Hebbal,Hulimavu,56.0,70.0,Not Applicable,Not Applicable,No,Not Applicable,433,UPI,11,4.7,4.5
2024-07-26 09:22:00,CNR3201639588,Success,CID106158,Prime Plus,Shivajinagar,Malleshwaram,224.0,30.0,Not Applicable,Not Applicable,No,Not Applicable,257,Cash,44,4.1,3.3
2024-07-12 21:46:00,CNR3582299383,Driver Not Found,CID854595,Auto,Jayanagar,Jayanagar,,,Not Applicable,Not Applicable,Not Applicable,Not Applicable,423,Not Applicable,0,,
2024-07-16 11:53:00,CNR2091532009,Driver Not Found,CID823721,Bike,Shantinagar,Bannerghatta Road,,,Not Applicable,Not Applicable,Not Applicable,Not Applicable,268,Not Applicable,0,,
2024-07-01 00:39:00,CNR2550773662,Success,CID699528,Prime SUV,Kadugodi,Kengeri,196.0,110.0,Not Applicable,Not Applicable,No,Not Applicable,257,Cash,49,3.8,4.4
2024-07-05 23:18:00,CNR2689693219,Canceled by Driver,CID171416,Auto,Vijayanagar,HSR Layout,,,Not Applicable,More than permitted people in there,Not Applicable,Not Applicable,329,Not Applicable,0,,
2024-07-10 00:50:00,CNR9786507000,Success,CID788936,Mini,BTM Layout,Marathahalli,168.0,70.0,Not Applicable,Not Applicable,No,Not Applicable,2081,UPI,3,4.4,4.3
2024-07-22 09:56:00,CNR2942385113,Driver Not Found,CID964531,Auto,Indiranagar,Sahakar Nagar,,,Not Applicable,Not Applicable,Not Applicable,Not Applicable,251,Not Applicable,0,,
2024-07-03 11:36:00,CNR8131077341,Success,CID199108,Prime Sedan,Ulsoor,Rajarajeshwari Nagar,189.0,140.0,Not Applicable,Not Applicable,No,Not Applicable,885,Cash,30,4.3,5.0
2024-07-09 23:19:00,CNR7128644390,Canceled by Driver,CID646043,Bike,Yeshwanthpur,Richmond Town,,,Not Applicable,Personal & Car related issue,Not Applicable,Not Applicable,294,Not Applicable,0,,
2024-07-13 11:37:00,CNR1962635656,Success,CID326967,Prime Sedan,MG Road,Frazer Town,161.0,85.0,Not Applicable,Not Applicable,No,Not Applicable,157,Cash,20,3.2,4.2
2024-07-06 03:21:00,CNR5764259378,Canceled by Driver,CID648905,Mini,Vijayanagar,Padmanabhanagar,,,Not Applicable,More than permitted people in there,Not Applicable,Not Applicable,186,Not Applicable,0,,
2024-07-30 18:25:00,CNR7470144796,Success,CID658901,Bike,Majestic,Hennur,49.0,35.0,Not Applicable,Not Applicable,No,Not Applicable,330,Cash,3,4.2,4.3
2024-07-05 22:19:00,CNR3250362667,Success,CID178991,eBike,Malleshwaram,HSR Layout,245.0,45.0,Not Applicable,Not Applicable,No,Not Applicable,358,UPI,23,4.6,4.9
2024-07-11 15:44:00,CNR5012899106,Canceled by Customer,CID705818,Mini,Chickpet,Majestic,,,Change of plans,Not Applicable,Not Applicable,Not Applicable,414,Not Applicable,0,,
2024-07-10 21:18:00,CNR2397350420,Success,CID918524,Mini,Jayanagar,BTM Layout,196.0,140.0,Not Applicable,Not Applicable,No,Not Applicable,112,UPI,23,4.3,4.4
2024-07-23 22:42:00,CNR9714495471,Canceled by Driver,CID396114,Auto,Hosur Road,BTM Layout,,,Not Applicable,Customer related issue,Not Applicable,Not Applicable,902,Not Applicable,0,,
2024-07-09 18:02:00,CNR5760123714,Success,CID958772,Prime Plus,JP Nagar,Kammanahalli,133.0,75.0,Not Applicable,Not Applicable,No,Not Applicable,339,Cash,12,3.0,4.6
2024-07-18 22:23:00,CNR5509414022,Canceled by Customer,CID110478,Bike,Peenya,Koramangala,,,Driver is not moving towards pickup location,Not Applicable,Not Applicable,Not Applicable,193,Not Applicable,0,,
2024-07-14 00:36:00,CNR1083464591,Canceled by Driver,CID488273,Prime SUV,Hebbal,Majestic,,,Not Applicable,Personal & Car related issue,Not Applicable,Not Applicable,902,Not Applicable,0,,
2024-07-03 10:09:00,CNR8359577183,Success,CID903278,eBike,Kadugodi,Ulsoor,231.0,25.0,Not Applicable,Not Applicable,No,Not Applicable,265,UPI,42,3.8,3.7
2024-07-06 16:00:00,CNR6453039444,Canceled by Driver,CID158173,Mini,Vijayanagar,Banashankari,,,Not Applicable,Personal & Car related issue,Not Applicable,Not Applicable,388,Not Applicable,0,,
2024-07-18 05:32:00,CNR4919408850,Success,CID845717,Prime SUV,Hosur Road,Nagarbhavi,224.0,75.0,Not Applicable,Not Applicable,No,Not Applicable,300,UPI,6,4.2,3.4
2024-07-04 01:26:00,CNR5540078234,Success,CID258092,Prime SUV,Rajarajeshwari Nagar,Chamarajpet,217.0,120.0,Not Applicable,Not Applicable,No,Not Applicable,194,UPI,33,4.0,3.5
2024-07-03 15:59:00,CNR6059363045,Driver Not Found,CID614846,Mini,Chickpet,HSR Layout,,,Not Applicable,Not Applicable,Not Applicable,Not Applicable,625,Not Applicable,0,,
2024-07-22 12:26:00,CNR8146780853,Success,CID264580,Prime SUV,Peenya,Richmond Town,266.0,90.0,Not Applicable,Not Applicable,No,Not Applicable,941,Cash,31,4.4,4.9
2024-07-16 16:36:00,CNR2034819941,Canceled by Driver,CID232301,Prime Sedan,Basavanagudi,Langford Town,,,Not Applicable,More than permitted people in there,Not Applicable,Not Applicable,165,Not Applicable,0,,
2024-07-04 09:07:00,CNR2677442358,Success,CID413745,Auto,Rajarajeshwari Nagar,Indiranagar,301.0,95.0,Not Applicable,Not Applicable,No,Not Applicable,407,Cash,16,4.7,4.3
2024-07-23 21:59:00,CNR4869001936,Success,CID455709,eBike,Yeshwanthpur,Shivajinagar,189.0,95.0,Not Applicable,Not Applicable,No,Not Applicable,374,UPI,40,4.0,3.2
2024-07-17 14:00:00,CNR7575708215,Canceled by Driver,CID674475,Auto,Hulimavu,Basavanagudi,,,Not Applicable,Personal & Car related issue,Not Applicable,Not Applicable,179,Not Applicable,0,,
2024-07-24 23:46:00,CNR3481581291,Success,CID608162,Bike,Cox Town,Electronic City,133.0,45.0,Not Applicable,Not Applicable,No,Not Applicable,205,UPI,23,4.1,3.0
2024-07-15 19:45:00,CNR4988627528,Canceled by Customer,CID978355,eBike,Vijayanagar,JP Nagar,,,Change of plans,Not Applicable,Not Applicable,Not Applicable,784,Not Applicable,0,,
2024-07-06 22:15:00,CNR8103900317,Success,CID359960,Bike,Richmond Town,Sarjapur Road,105.0,40.0,Not Applicable,Not Applicable,No,Not Applicable,732,UPI,37,3.9,3.1
2024-07-24 05:20:00,CNR8407555356,Success,CID454756,Prime SUV,Ulsoor,Basavanagudi,161.0,90.0,Not Applicable,Not Applicable,No,Not Applicable,287,Cash,7,4.5,4.0
2024-07-17 08:14:00,CNR4875017947,Driver Not Found,CID230089,Mini,Indiranagar,Langford Town,,,Not Applicable,Not Applicable,Not Applicable,Not Applicable,275,Not Applicable,0,,
2024-07-27 21:13:00,CNR8250312260,Success,CID779608,Prime Sedan,Peenya,HSR Layout,77.0,120.0,Not Applicable,Not Applicable,No,Not Applicable,222,UPI,3,3.8,4.0
2024-07-25 11:12:00,CNR4937183096,Driver Not Found,CID390876,Auto,Magadi Road,Peenya,,,Not Applicable,Not Applicable,Not Applicable,Not Applicable,469,Not Applicable,0,,
2024-07-22 18:59:00,CNR9095585550,Success,CID931778,Prime SUV,Magadi Road,Mysore Road,273.0,45.0,Not Applicable,Not Applicable,No,Not Applicable,625,UPI,44,4.3,4.1
2024-07-02 19:51:00,CNR8500920866,Canceled by Customer,CID824319,Mini,Koramangala,Nagarbhavi,,,Change of plans,Not Applicable,Not Applicable,Not Applicable,467,Not Applicable,0,,
2024-07-03 14:37:00,CNR9020275100,Canceled by Customer,CID980365,Bike,Shantinagar,Magadi Road,,,Wrong Address,Not Applicable,Not Applicable,Not Applicable,282,Not Applicable,0,,
2024-07-09 01:34:00,CNR2011814609,Driver Not Found,CID247065,Auto,Rajajinagar,Yeshwanthpur,,,Not Applicable,Not Applicable,Not Applicable,Not Applicable,246,Not Applicable,0,,
2024-07-18 14:18:00,CNR5377118870,Canceled by Customer,CID545363,Prime Plus,Malleshwaram,Yelahanka,,,Change of plans,Not Applicable,Not Applicable,Not Applicable,529,Not Applicable,0,,
2024-07-20 08:35:00,CNR3627594653,Success,CID628621,Auto,Ulsoor,Cox Town,196.0,85.0,Not Applicable,Not Applicable,No,Not Applicable,201,Cash,3,3.8,5.0
2024-07-24 06:47:00,CNR8083005642,Success,CID554990,Prime SUV,Padmanabhanagar,Nagarbhavi,140.0,130.0,Not Applicable,Not Applicable,No,Not Applicable,637,UPI,32,4.3,3.4
2024-07-14 12:02:00,CNR9151667028,Driver Not Found,CID670671,Prime SUV,Whitefield,Vijayanagar,,,Not Applicable,Not Applicable,Not Applicable,Not Applicable,290,Not Applicable,0,,
2024-07-22 05:03:00,CNR5754633896,Success,CID252256,Prime SUV,Shantinagar,Nagarbhavi,168.0,40.0,Not Applicable,Not Applicable,No,Not Applicable,775,UPI,22,4.5,4.9
2024-07-20 21:37:00,CNR6797285901,Success,CID181178,Bike,Banashankari,Yelahanka,42.0,35.0,Not Applicable,Not Applicable,No,Not Applicable,132,UPI,35,4.0,4.7
2024-07-12 21:03:00,CNR8744465288,Success,CID138988,Mini,Hosur Road,Shivajinagar,210.0,115.0,Not Applicable,Not Applicable,No,Not Applicable,215,UPI,27,4.6,3.9
2024-07-09 14:16:00,CNR9741471405,Success,CID951435,Auto,Rajarajeshwari Nagar,JP Nagar,217.0,130.0,Not Applicable,Not Applicable,No,Not Applicable,224,Cash,14,4.2,4.1
2024-07-03 16:23:00,CNR9706185869,Success,CID919164,eBike,Shivajinagar,KR Puram,35.0,35.0,Not Applicable,Not Applicable,No,Not Applicable,538,Credit Card,27,3.2,3.2
2024-07-26 10:14:00,CNR3344976526,Success,CID439549,Mini,Yelahanka,HSR Layout,308.0,110.0,Not Applicable,Not Applicable,No,Not Applicable,181,Cash,3,3.4,4.6
2024-07-16 02:53:00,CNR1038698143,Success,CID253489,Auto,Vijayanagar,Marathahalli,217.0,120.0,Not Applicable,Not Applicable,No,Not Applicable,904,UPI,11,4.9,3.8
2024-07-08 16:33:00,CNR2127888181,Success,CID244520,Auto,Banashankari,Richmond Town,273.0,55.0,Not Applicable,Not Applicable,No,Not Applicable,484,UPI,6,4.5,3.0
2024-07-10 09:56:00,CNR6587548846,Canceled by Customer,CID533295,Bike,Majestic,Hennur,,,Driver is not moving towards pickup location,Not Applicable,Not Applicable,Not Applicable,125,Not Applicable,0,,
2024-07-02 11:32:00,CNR4490120062,Success,CID911536,eBike,Rajajinagar,Mysore Road,98.0,30.0,Not Applicable,Not Applicable,No,Not Applicable,226,Cash,42,4.7,3.9
2024-07-13 20:58:00,CNR6107618996,Success,CID982904,Auto,Padmanabhanagar,Electronic City,224.0,25.0,Not Applicable,Not Applicable,No,Not Applicable,813,UPI,7,3.4,3.1
2024-07-25 05:41:00,CNR9161608214,Success,CID600350,Prime Plus,Kengeri,Vijayanagar,294.0,125.0,Not Applicable,Not Applicable,No,Not Applicable,1043,Cash,44,4.9,4.5
2024-07-02 14:12:00,CNR8250211150,Success,CID752660,Prime SUV,Hulimavu,Hosur Road,161.0,55.0,Not Applicable,Not Applicable,No,Not Applicable,321,Cash,13,3.9,5.0
2024-07-24 11:56:00,CNR6116003922,Canceled by Customer,CID631993,Mini,Rajajinagar,BTM Layout,,,Change of plans,Not Applicable,Not Applicable,Not Applicable,838,Not Applicable,0,,
2024-07-17 15:55:00,CNR6275165355,Success,CID252256,Prime Plus,Rajajinagar,BTM Layout,133.0,145.0,Not Applicable,Not Applicable,Yes,Other Issue,158,UPI,28,3.6,3.9
2024-07-21 01:07:00,CNR5083577354,Success,CID843502,Mini,Chickpet,Koramangala,217.0,50.0,Not Applicable,Not Applicable,No,Not Applicable,2921,Cash,43,3.8,3.7
2024-07-21 12:09:00,CNR5664107690,Canceled by Driver,CID410312,Prime Sedan,BTM Layout,Padmanabhanagar,,,Not Applicable,Personal & Car related issue,Not Applicable,Not Applicable,448,Not Applicable,0,,
2024-07-25 02:30:00,CNR5706356361,Success,CID491606,Prime Plus,Peenya,Koramangala,126.0,70.0,Not Applicable,Not Applicable,Yes,Other Issue,473,UPI,22,3.7,3.2
2024-07-10 21:16:00,CNR8201458904,Canceled by Customer,CID886095,Bike,Basavanagudi,Cox Town,,,Driver is not moving towards pickup location,Not Applicable,Not Applicable,Not Applicable,424,Not Applicable,0,,
2024-07-27 23:01:00,CNR8415760070,Success,CID274155,eBike,Cox Town,Kadugodi,91.0,55.0,Not Applicable,Not Applicable,No,Not Applicable,232,UPI,28,3.8,3.3
2024-07-25 22:32:00,CNR9553660499,Canceled by Customer,CID348853,Prime Sedan,Electronic City,Sarjapur Road,,,Driver is not moving towards pickup location,Not Applicable,Not Applicable,Not Applicable,108,Not Applicable,0,,
2024-07-12 22:35:00,CNR2912817386,Success,CID210901,Prime Plus,Hulimavu,Devanahalli,245.0,70.0,Not Applicable,Not Applicable,No,Not Applicable,296,UPI,28,4.1,4.0
2024-07-28 23:53:00,CNR1317264082,Canceled by Driver,CID307874,Auto,Varthur,KR Puram,,,Not Applicable,Personal & Car related issue,Not Applicable,Not Applicable,240,Not Applicable,0,,
2024-07-10 10:52:00,CNR3796637355,Success,CID401834,Prime Sedan,Varthur,Magadi Road,245.0,100.0,Not Applicable,Not Applicable,No,Not Applicable,815,Cash,44,4.6,4.6
2024-07-06 18:41:00,CNR9401507825,Canceled by Driver,CID791948,Prime Plus,Bannerghatta Road,Vijayanagar,,,Not Applicable,More than permitted people in there,Not Applicable,Not Applicable,180,Not Applicable,0,,
2024-07-11 07:44:00,CNR1812054630,Success,CID237946,Bike,Yeshwanthpur,Yelahanka,133.0,85.0,Not Applicable,Not Applicable,No,Not Applicable,384,Cash,42,4.0,3.3
2024-07-03 02:48:00,CNR8280945073,Canceled by Driver,CID663065,Bike,Yelahanka,Kengeri,,,Not Applicable,Personal & Car related issue,Not Applicable,Not Applicable,537,Not Applicable,0,,
2024-07-15 10:17:00,CNR5377437359,Success,CID417395,Prime Sedan,MG Road,Vijayanagar,147.0,65.0,Not Applicable,Not Applicable,No,Not Applicable,192,Cash,5,4.9,3.8
2024-07-29 06:20:00,CNR2400949678,Success,CID671952,Auto,Chickpet,HSR Layout,154.0,135.0,Not Applicable,Not Applicable,No,Not Applicable,257,UPI,2,3.4,4.9
2024-07-07 11:31:00,CNR7604757301,Canceled by Driver,CID834808,Auto,Kammanahalli,BTM Layout,,,Not Applicable,Customer related issue,Not Applicable,Not Applicable,170,Not Applicable,0,,
2024-07-21 18:04:00,CNR2934747552,Success,CID472974,Mini,Hosur Road,KR Puram,182.0,40.0,Not Applicable,Not Applicable,No,Not Applicable,433,Cash,1,3.5,3.4
2024-07-06 07:59:00,CNR1628272118,Success,CID769543,Bike,Hulimavu,JP Nagar,168.0,50.0,Not Applicable,Not Applicable,No,Not Applicable,414,UPI,31,3.2,4.8
2024-07-05 15:25:00,CNR7275530300,Canceled by Driver,CID477210,Auto,Hebbal,Kammanahalli,,,Not Applicable,Personal & Car related issue,Not Applicable,Not Applicable,150,Not Applicable,0,,
2024-07-03 20:42:00,CNR7646993925,Success,CID388647,Bike,BTM Layout,Rajajinagar,49.0,130.0,Not Applicable,Not Applicable,No,Not Applicable,280,Cash,27,4.1,4.4
2024-07-30 16:28:00,CNR3860225530,Success,CID302816,Auto,Bellandur,RT Nagar,119.0,140.0,Not Applicable,Not Applicable,No,Not Applicable,895,Cash,2,4.0,3.1
2024-07-30 13:51:00,CNR8470647844,Success,CID103056,Prime Plus,Rajajinagar,Koramangala,77.0,90.0,Not Applicable,Not Applicable,No,Not Applicable,508,UPI,42,4.6,3.7
2024-07-11 08:41:00,CNR5695206107,Canceled by Customer,CID577844,Auto,Sahakar Nagar,HSR Layout,,,Driver asked to cancel,Not Applicable,Not Applicable,Not Applicable,472,Not Applicable,0,,
2024-07-23 19:32:00,CNR2094884749,Canceled by Driver,CID678697,Auto,Hosur Road,Nagarbhavi,,,Not Applicable,Customer related issue,Not Applicable,Not Applicable,111,Not Applicable,0,,
2024-07-22 01:09:00,CNR4253976088,Success,CID153294,Prime Sedan,Frazer Town,Bannerghatta Road,84.0,130.0,Not Applicable,Not Applicable,Yes,Vehicle Breakdown,893,Cash,48,4.6,4.2
2024-07-18 06:08:00,CNR3805635337,Success,CID750627,Prime Sedan,Hennur,JP Nagar,308.0,120.0,Not Applicable,Not Applicable,No,Not Applicable,366,UPI,6,3.9,4.3
2024-07-27 07:01:00,CNR9143265834,Success,CID575757,Bike,Bellandur,Majestic,203.0,25.0,Not Applicable,Not Applicable,No,Not Applicable,374,Cash,15,3.8,4.6
2024-07-02 08:53:00,CNR6117323156,Success,CID820915,Prime SUV,Jayanagar,Hebbal,84.0,45.0,Not Applicable,Not Applicable,No,Not Applicable,377,Cash,38,3.1,5.0
2024-07-20 10:07:00,CNR6075364162,Success,CID188852,Bike,Chickpet,Langford Town,259.0,60.0,Not Applicable,Not Applicable,No,Not Applicable,705,Cash,20,3.6,3.5
2024-07-09 21:55:00,CNR8397218313,Success,CID658491,Prime Sedan,Majestic,Richmond Town,98.0,25.0,Not Applicable,Not Applicable,No,Not Applicable,989,UPI,49,3.4,3.0
2024-07-26 15:25:00,CNR8204452595,Success,CID498463,eBike,Devanahalli,Indiranagar,154.0,110.0,Not Applicable,Not Applicable,No,Not Applicable,106,UPI,23,4.8,4.9
2024-07-21 02:55:00,CNR1453751638,Success,CID818400,Bike,Varthur,Jayanagar,259.0,60.0,Not Applicable,Not Applicable,No,Not Applicable,587,UPI,49,3.5,3.1
2024-07-10 03:52:00,CNR1846690775,Canceled by Driver,CID515357,Auto,Padmanabhanagar,Indiranagar,,,Not Applicable,Customer related issue,Not Applicable,Not Applicable,438,Not Applicable,0,,
2024-07-02 15:21:00,CNR2078627811,Success,CID645597,eBike,Kammanahalli,Koramangala,112.0,70.0,Not Applicable,Not Applicable,No,Not Applicable,263,Cash,42,3.7,4.8
2024-07-15 05:39:00,CNR5212986133,Success,CID575547,Prime Plus,Malleshwaram,Sarjapur Road,273.0,30.0,Not Applicable,Not Applicable,No,Not Applicable,435,UPI,13,4.6,4.7
2024-07-22 23:19:00,CNR4064739633,Success,CID566848,Mini,Tumkur Road,Tumkur Road,210.0,45.0,Not Applicable,Not Applicable,No,Not Applicable,286,UPI,41,3.6,3.4
2024-07-27 01:13:00,CNR4469530478,Driver Not Found,CID716322,Mini,Kadugodi,Majestic,,,Not Applicable,Not Applicable,Not Applicable,Not Applicable,137,Not Applicable,0,,
2024-07-08 23:47:00,CNR6663154585,Success,CID843991,Auto,Sahakar Nagar,Hulimavu,168.0,95.0,Not Applicable,Not Applicable,No,Not Applicable,202,UPI,19,4.6,5.0
2024-07-01 03:22:00,CNR7115888445,Success,CID934256,Prime SUV,Richmond Town,Jayanagar,266.0,45.0,Not Applicable,Not Applicable,No,Not Applicable,755,Cash,28,4.2,4.1
2024-07-03 18:57:00,CNR8000734198,Success,CID269864,Prime Sedan,HSR Layout,Hennur,266.0,30.0,Not Applicable,Not Applicable,No,Not Applicable,149,Cash,14,4.2,3.6
2024-07-21 18:25:00,CNR7733274207,Success,CID724195,eBike,Marathahalli,Koramangala,42.0,55.0,Not Applicable,Not Applicable,No,Not Applicable,279,Cash,9,4.2,3.8
2024-07-14 22:10:00,CNR6296150180,Success,CID283124,Bike,Kadugodi,Devanahalli,182.0,120.0,Not Applicable,Not Applicable,No,Not Applicable,565,UPI,49,3.3,4.7
2024-07-01 05:17:00,CNR7900207610,Success,CID565894,Auto,Sahakar Nagar,Sahakar Nagar,294.0,45.0,Not Applicable,Not Applicable,No,Not Applicable,643,UPI,16,3.3,4.9
2024-07-02 23:49:00,CNR2652799739,Success,CID442016,Prime Sedan,Chickpet,Bellandur,259.0,25.0,Not Applicable,Not Applicable,No,Not Applicable,290,Cash,14,4.8,4.3
2024-07-01 14:57:00,CNR6017051165,Success,CID185050,Bike,Sahakar Nagar,Bannerghatta Road,49.0,40.0,Not Applicable,Not Applicable,No,Not Applicable,130,Cash,11,4.6,3.8
2024-07-02 05:01:00,CNR3871356841,Driver Not Found,CID943640,Bike,Majestic,HSR Layout,,,Not Applicable,Not Applicable,Not Applicable,Not Applicable,243,Not Applicable,0,,
2024-07-30 02:45:00,CNR1528753259,Success,CID646218,Prime Plus,Sahakar Nagar,Rajarajeshwari Nagar,259.0,130.0,Not Applicable,Not Applicable,No,Not Applicable,1793,Cash,37,3.7,3.6
2024-07-23 17:55:00,CNR3073504239,Success,CID726117,Auto,Bannerghatta Road,Majestic,63.0,25.0,Not Applicable,Not Applicable,No,Not Applicable,889,UPI,10,3.3,4.6
2024-07-29 12:12:00,CNR9344979019,Canceled by Driver,CID885806,Prime SUV,KR Puram,Rajajinagar,,,Not Applicable,More than permitted people in there,Not Applicable,Not Applicable,146,Not Applicable,0,,
2024-07-23 09:08:00,CNR3032195963,Success,CID699397,Prime Plus,Whitefield,Yelahanka,91.0,120.0,Not Applicable,Not Applicable,No,Not Applicable,240,UPI,9,3.5,4.8
2024-07-17 00:03:00,CNR2833729277,Canceled by Driver,CID573241,eBike,Peenya,HSR Layout,,,Not Applicable,Personal & Car related issue,Not Applicable,Not Applicable,391,Not Applicable,0,,
2024-07-12 16:05:00,CNR4350710285,Success,CID637186,Bike,Frazer Town,Banashankari,147.0,80.0,Not Applicable,Not Applicable,No,Not Applicable,151,Cash,14,4.1,4.5
2024-07-30 13:46:00,CNR1307267953,Success,CID147872,Prime Sedan,Hennur,Langford Town,203.0,25.0,Not Applicable,Not Applicable,No,Not Applicable,271,Cash,19,4.5,3.6
2024-07-27 06:03:00,CNR5544466779,Success,CID126893,Prime Sedan,Mysore Road,Langford Town,301.0,140.0,Not Applicable,Not Applicable,No,Not Applicable,481,Cash,24,5.0,3.9
2024-07-20 08:31:00,CNR9785158568,Success,CID537808,Prime SUV,Whitefield,Padmanabhanagar,203.0,40.0,Not Applicable,Not Applicable,No,Not Applicable,1806,Cash,1,4.7,3.9
2024-07-29 16:37:00,CNR6819852001,Success,CID516104,Prime Plus,Vijayanagar,Bannerghatta Road,294.0,45.0,Not Applicable,Not Applicable,No,Not Applicable,405,Cash,48,3.1,4.7
2024-07-25 13:33:00,CNR9804478727,Success,CID805688,Mini,Hulimavu,Sahakar Nagar,182.0,125.0,Not Applicable,Not Applicable,No,Not Applicable,294,UPI,31,4.8,4.0
2024-07-25 18:55:00,CNR9240015891,Canceled by Customer,CID878809,Auto,Yeshwanthpur,Frazer Town,,,Change of plans,Not Applicable,Not Applicable,Not Applicable,2286,Not Applicable,0,,
2024-07-13 02:20:00,CNR3228155189,Driver Not Found,CID330595,eBike,Shantinagar,MG Road,,,Not Applicable,Not Applicable,Not Applicable,Not Applicable,372,Not Applicable,0,,
2024-07-24 14:53:00,CNR6653707208,Canceled by Driver,CID533069,eBike,Magadi Road,Rajajinagar,,,Not Applicable,Personal & Car related issue,Not Applicable,Not Applicable,429,Not Applicable,0,,
2024-07-22 13:59:00,CNR6285174127,Success,CID758732,eBike,Basavanagudi,Varthur,133.0,130.0,Not Applicable,Not Applicable,No,Not Applicable,163,UPI,16,4.9,4.6
2024-07-29 21:52:00,CNR8806537917,Canceled by Driver,CID325671,Prime Plus,Cox Town,Ramamurthy Nagar,,,Not Applicable,Customer was coughing/sick,Not Applicable,Not Applicable,425,Not Applicable,0,,
2024-07-28 11:45:00,CNR5612225862,Success,CID109592,Prime Sedan,Ramamurthy Nagar,Rajarajeshwari Nagar,308.0,115.0,Not Applicable,Not Applicable,No,Not Applicable,146,UPI,30,3.9,4.3
2024-07-28 02:26:00,CNR8338586461,Success,CID855488,eBike,Whitefield,Kadugodi,126.0,30.0,Not Applicable,Not Applicable,Yes,Other Issue,349,UPI,9,4.5,3.1
2024-07-04 03:41:00,CNR9023873589,Success,CID785299,eBike,Devanahalli,MG Road,238.0,130.0,Not Applicable,Not Applicable,Yes,Customer Demand,1965,Cash,30,3.5,3.3
2024-07-14 10:48:00,CNR7932597959,Success,CID535051,Auto,Hosur Road,Shantinagar,105.0,55.0,Not Applicable,Not Applicable,No,Not Applicable,177,Cash,18,3.3,4.6
2024-07-13 10:21:00,CNR3179826836,Success,CID593106,Prime SUV,Whitefield,Basavanagudi,112.0,55.0,Not Applicable,Not Applicable,No,Not Applicable,676,UPI,36,3.2,3.1
2024-07-19 12:45:00,CNR7970066382,Success,CID125756,eBike,Yeshwanthpur,Yeshwanthpur,273.0,90.0,Not Applicable,Not Applicable,No,Not Applicable,257,Cash,31,3.6,3.4
2024-07-21 07:38:00,CNR3563221640,Driver Not Found,CID271046,eBike,Banashankari,Langford Town,,,Not Applicable,Not Applicable,Not Applicable,Not Applicable,574,Not Applicable,0,,
2024-07-16 14:29:00,CNR1089625985,Success,CID132600,Bike,Bannerghatta Road,Jayanagar,273.0,45.0,Not Applicable,Not Applicable,No,Not Applicable,195,Cash,3,3.7,4.5
2024-07-11 04:36:00,CNR7094076303,Canceled by Customer,CID706355,Prime Sedan,Koramangala,Hosur Road,,,Change of plans,Not Applicable,Not Applicable,Not Applicable,237,Not Applicable,0,,
2024-07-05 11:08:00,CNR9513288486,Driver Not Found,CID265067,Prime SUV,Whitefield,Devanahalli,,,Not Applicable,Not Applicable,Not Applicable,Not Applicable,1160,Not Applicable,0,,
2024-07-08 23:07:00,CNR2952476299,Canceled by Driver,CID574749,Mini,Langford Town,Cox Town,,,Not Applicable,Customer related issue,Not Applicable,Not Applicable,215,Not Applicable,0,,
2024-07-14 06:13:00,CNR8084747128,Canceled by Driver,CID627396,Auto,JP Nagar,Hennur,,,Not Applicable,Customer related issue,Not Applicable,Not Applicable,1592,Not Applicable,0,,
2024-07-04 18:42:00,CNR6552114553,Canceled by Driver,CID167846,Prime Sedan,Whitefield,Varthur,,,Not Applicable,Customer was coughing/sick,Not Applicable,Not Applicable,914,Not Applicable,0,,
2024-07-16 20:52:00,CNR4235492579,Success,CID265832,Bike,Rajajinagar,Rajarajeshwari Nagar,70.0,135.0,Not Applicable,Not Applicable,No,Not Applicable,687,Cash,1,3.7,3.4
2024-07-03 16:22:00,CNR8812346768,Success,CID152634,eBike,Malleshwaram,Rajajinagar,210.0,45.0,Not Applicable,Not Applicable,No,Not Applicable,866,UPI,19,4.8,4.5
2024-07-04 10:15:00,CNR5022036832,Driver Not Found,CID160411,eBike,Basavanagudi,MG Road,,,Not Applicable,Not Applicable,Not Applicable,Not Applicable,269,Not Applicable,0,,
2024-07-29 20:11:00,CNR5323938997,Success,CID903833,Bike,Mysore Road,JP Nagar,140.0,130.0,Not Applicable,Not Applicable,No,Not Applicable,351,Cash,2,3.0,3.7
2024-07-04 19:35:00,CNR6522490283,Canceled by Driver,CID449441,Bike,Shivajinagar,Varthur,,,Not Applicable,Personal & Car related issue,Not Applicable,Not Applicable,119,Not Applicable,0,,
2024-07-09 22:26:00,CNR4949174735,Success,CID588801,Mini,Tumkur Road,RT Nagar,196.0,130.0,Not Applicable,Not Applicable,No,Not Applicable,1350,Cash,4,4.9,3.2
2024-07-03 00:35:00,CNR3243252349,Success,CID338379,Bike,Tumkur Road,Hosur Road,203.0,70.0,Not Applicable,Not Applicable,No,Not Applicable,374,Cash,35,3.4,3.6
2024-07-15 19:27:00,CNR4443865761,Success,CID869576,Prime Sedan,Vijayanagar,Mysore Road,182.0,135.0,Not Applicable,Not Applicable,No,Not Applicable,233,UPI,4,4.9,3.2
2024-07-04 01:36:00,CNR3303497924,Canceled by Driver,CID773264,Prime Sedan,Kengeri,Hebbal,,,Not Applicable,More than permitted people in there,Not Applicable,Not Applicable,367,Not Applicable,0,,
2024-07-25 09:25:00,CNR7209824339,Success,CID260585,Prime SUV,JP Nagar,JP Nagar,175.0,80.0,Not Applicable,Not Applicable,No,Not Applicable,456,Cash,48,4.6,5.0
2024-07-14 00:14:00,CNR4226309172,Success,CID657133,Prime SUV,Yelahanka,Jayanagar,105.0,60.0,Not Applicable,Not Applicable,Yes,Customer Demand,377,UPI,32,3.4,4.4
2024-07-22 10:29:00,CNR7084557333,Success,CID214217,Auto,Langford Town,Padmanabhanagar,35.0,75.0,Not Applicable,Not Applicable,No,Not Applicable,337,Credit Card,4,4.5,3.3
2024-07-20 16:09:00,CNR1883215456,Canceled by Driver,CID323508,eBike,RT Nagar,Sahakar Nagar,,,Not Applicable,Customer was coughing/sick,Not Applicable,Not Applicable,292,Not Applicable,0,,
2024-07-13 06:10:00,CNR1280053669,Success,CID492816,Mini,Ulsoor,Cox Town,84.0,40.0,Not Applicable,Not Applicable,No,Not Applicable,416,UPI,10,3.1,4.3
2024-07-14 04:45:00,CNR3214232889,Success,CID570351,Bike,Marathahalli,Kengeri,266.0,110.0,Not Applicable,Not Applicable,No,Not Applicable,165,Cash,38,4.8,4.8
2024-07-08 17:55:00,CNR1018418943,Success,CID511213,Prime Plus,Chickpet,Nagarbhavi,84.0,65.0,Not Applicable,Not Applicable,No,Not Applicable,616,Cash,24,4.0,4.2
2024-07-06 19:00:00,CNR1008040762,Success,CID361769,Auto,Chamarajpet,Ulsoor,182.0,120.0,Not Applicable,Not Applicable,No,Not Applicable,669,Cash,8,4.5,4.4
2024-07-19 23:04:00,CNR2427899850,Success,CID171538,Prime Sedan,Ramamurthy Nagar,RT Nagar,182.0,35.0,Not Applicable,Not Applicable,No,Not Applicable,421,UPI,30,4.6,3.9
2024-07-04 10:02:00,CNR2780515165,Success,CID427453,Mini,Rajajinagar,Langford Town,154.0,70.0,Not Applicable,Not Applicable,No,Not Applicable,752,Cash,10,4.8,3.4
2024-07-19 11:00:00,CNR6400594142,Driver Not Found,CID890395,Prime Sedan,Peenya,KR Puram,,,Not Applicable,Not Applicable,Not Applicable,Not Applicable,473,Not Applicable,0,,
2024-07-10 16:48:00,CNR7757590214,Success,CID170534,eBike,Banashankari,Sarjapur Road,84.0,80.0,Not Applicable,Not Applicable,No,Not Applicable,2544,UPI,36,4.3,4.8
2024-07-23 10:24:00,CNR9305369069,Driver Not Found,CID475264,Mini,Yelahanka,Yelahanka,,,Not Applicable,Not Applicable,Not Applicable,Not Applicable,2380,Not Applicable,0,,
2024-07-24 14:24:00,CNR4993111230,Canceled by Customer,CID807042,Prime SUV,Shantinagar,Kadugodi,,,AC is Not working,Not Applicable,Not Applicable,Not Applicable,1883,Not Applicable,0,,
2024-07-27 18:09:00,CNR6381513269,Success,CID510854,Prime Plus,Nagarbhavi,Mysore Road,119.0,105.0,Not Applicable,Not Applicable,No,Not Applicable,725,Cash,44,3.8,3.1
2024-07-13 20:44:00,CNR3697574165,Success,CID971566,Prime Sedan,Sahakar Nagar,Hennur,98.0,130.0,Not Applicable,Not Applicable,No,Not Applicable,408,Cash,10,4.2,4.4
2024-07-29 05:58:00,CNR3223256827,Success,CID689202,Auto,Sahakar Nagar,Yeshwanthpur,266.0,130.0,Not Applicable,Not Applicable,No,Not Applicable,434,Cash,1,4.6,3.7
2024-07-17 06:18:00,CNR7713638369,Success,CID748302,Prime Sedan,Magadi Road,Yelahanka,70.0,125.0,Not Applicable,Not Applicable,No,Not Applicable,377,UPI,43,4.6,4.2
2024-07-06 16:38:00,CNR4603165395,Success,CID456034,Prime SUV,Koramangala,Bellandur,56.0,95.0,Not Applicable,Not Applicable,No,Not Applicable,669,Cash,46,3.5,3.9
2024-07-21 22:50:00,CNR6360414548,Success,CID848473,Prime Plus,JP Nagar,Cox Town,259.0,100.0,Not Applicable,Not Applicable,No,Not Applicable,164,Cash,39,3.9,3.5
2024-07-19 16:51:00,CNR6438221593,Success,CID319447,Auto,Tumkur Road,Hulimavu,266.0,115.0,Not Applicable,Not Applicable,No,Not Applicable,284,UPI,1,4.3,4.0
2024-07-19 22:14:00,CNR1014230555,Success,CID733064,Prime SUV,JP Nagar,Hennur,224.0,75.0,Not Applicable,Not Applicable,No,Not Applicable,472,UPI,23,3.8,3.3
2024-07-03 19:54:00,CNR3384839230,Success,CID548530,Auto,Jayanagar,Magadi Road,203.0,85.0,Not Applicable,Not Applicable,No,Not Applicable,1087,Cash,9,3.6,3.3
2024-07-01 13:39:00,CNR1231597348,Success,CID561824,Prime SUV,Ramamurthy Nagar,Electronic City,301.0,65.0,Not Applicable,Not Applicable,Yes,Other Issue,878,Cash,13,5.0,4.2
2024-07-05 12:55:00,CNR4827787226,Canceled by Customer,CID243659,eBike,Kammanahalli,Mysore Road,,,Driver is not moving towards pickup location,Not Applicable,Not Applicable,Not Applicable,176,Not Applicable,0,,
2024-07-11 02:03:00,CNR1629729759,Canceled by Driver,CID456468,eBike,Jayanagar,Malleshwaram,,,Not Applicable,More than permitted people in there,Not Applicable,Not Applicable,302,Not Applicable,0,,
2024-07-06 05:00:00,CNR6598273021,Success,CID888244,Auto,Hebbal,Padmanabhanagar,238.0,135.0,Not Applicable,Not Applicable,No,Not Applicable,1502,UPI,17,4.1,4.2
2024-07-03 08:43:00,CNR7504588404,Canceled by Driver,CID118561,Prime SUV,Chamarajpet,Hennur,,,Not Applicable,More than permitted people in there,Not Applicable,Not Applicable,2203,Not Applicable,0,,
2024-07-08 00:24:00,CNR8402746122,Canceled by Customer,CID644354,Mini,Varthur,Mysore Road,,,Wrong Address,Not Applicable,Not Applicable,Not Applicable,269,Not Applicable,0,,
2024-07-17 21:56:00,CNR7682548375,Success,CID606083,Auto,Sahakar Nagar,Tumkur Road,273.0,80.0,Not Applicable,Not Applicable,No,Not Applicable,358,Cash,1,4.3,4.4
2024-07-16 07:10:00,CNR5544584774,Canceled by Customer,CID499798,Prime SUV,Ulsoor,Shantinagar,,,AC is Not working,Not Applicable,Not Applicable,Not Applicable,460,Not Applicable,0,,
2024-07-27 18:15:00,CNR9292953284,Canceled by Customer,CID985079,Bike,HSR Layout,Koramangala,,,Driver is not moving towards pickup location,Not Applicable,Not Applicable,Not Applicable,656,Not Applicable,0,,
2024-07-13 00:39:00,CNR8090176930,Success,CID827981,Prime Sedan,Hosur Road,Peenya,105.0,100.0,Not Applicable,Not Applicable,No,Not Applicable,166,Cash,1,3.6,4.6
2024-07-03 07:11:00,CNR2162092837,Canceled by Customer,CID226983,eBike,Majestic,Kammanahalli,,,Driver is not moving towards pickup location,Not Applicable,Not Applicable,Not Applicable,242,Not Applicable,0,,
2024-07-25 02:52:00,CNR8531243759,Canceled by Driver,CID765538,Bike,MG Road,Ramamurthy Nagar,,,Not Applicable,Customer related issue,Not Applicable,Not Applicable,396,Not Applicable,0,,
2024-07-02 19:55:00,CNR5565668446,Canceled by Customer,CID559272,Prime SUV,Indiranagar,Mysore Road,,,Change of plans,Not Applicable,Not Applicable,Not Applicable,469,Not Applicable,0,,
2024-07-14 00:24:00,CNR5340464167,Success,CID823926,Bike,Padmanabhanagar,Bannerghatta Road,294.0,80.0,Not Applicable,Not Applicable,No,Not Applicable,478,Credit Card,9,3.7,4.7
2024-07-07 19:26:00,CNR7243318928,Success,CID259154,Prime SUV,Koramangala,Basavanagudi,70.0,95.0,Not Applicable,Not Applicable,No,Not Applicable,433,UPI,24,4.8,4.3
2024-07-26 10:33:00,CNR1597133759,Success,CID938545,Mini,Nagarbhavi,Chickpet,175.0,60.0,Not Applicable,Not Applicable,No,Not Applicable,557,UPI,30,3.7,4.9
2024-07-25 22:51:00,CNR6490763821,Success,CID765848,Mini,Basavanagudi,Hosur Road,49.0,60.0,Not Applicable,Not Applicable,No,Not Applicable,142,UPI,38,3.3,3.1
2024-07-14 23:01:00,CNR6658659059,Success,CID169741,Mini,Cox Town,Nagarbhavi,98.0,65.0,Not Applicable,Not Applicable,No,Not Applicable,291,UPI,34,4.1,3.8
2024-07-09 16:14:00,CNR1475455187,Success,CID969703,Mini,HSR Layout,Tumkur Road,98.0,145.0,Not Applicable,Not Applicable,No,Not Applicable,2662,UPI,22,3.5,4.6
2024-07-03 12:23:00,CNR8638035670,Canceled by Driver,CID450292,Prime Sedan,Sarjapur Road,Koramangala,,,Not Applicable,Customer was coughing/sick,Not Applicable,Not Applicable,381,Not Applicable,0,,
2024-07-19 19:29:00,CNR6007693825,Success,CID966196,Prime Plus,KR Puram,Indiranagar,91.0,105.0,Not Applicable,Not Applicable,No,Not Applicable,214,UPI,23,3.8,4.6
2024-07-07 02:34:00,CNR5050632288,Success,CID262018,Auto,Sarjapur Road,JP Nagar,210.0,35.0,Not Applicable,Not Applicable,No,Not Applicable,171,UPI,17,3.3,3.1
2024-07-16 21:44:00,CNR6980225223,Success,CID524383,eBike,Cox Town,Richmond Town,105.0,95.0,Not Applicable,Not Applicable,Yes,Vehicle Breakdown,385,UPI,44,3.9,4.8
2024-07-12 03:25:00,CNR8937705221,Success,CID230919,Prime Plus,Rajarajeshwari Nagar,MG Road,203.0,45.0,Not Applicable,Not Applicable,No,Not Applicable,776,Cash,27,4.2,4.4
2024-07-29 09:52:00,CNR6270929094,Canceled by Customer,CID534332,Prime Sedan,Bannerghatta Road,Tumkur Road,,,AC is Not working,Not Applicable,Not Applicable,Not Applicable,448,Not Applicable,0,,
2024-07-07 03:36:00,CNR7421941365,Success,CID654574,Bike,Sahakar Nagar,Bellandur,133.0,95.0,Not Applicable,Not Applicable,No,Not Applicable,450,UPI,44,3.5,4.3
2024-07-30 01:03:00,CNR1231427012,Driver Not Found,CID662882,Prime Plus,Chickpet,Peenya,,,Not Applicable,Not Applicable,Not Applicable,Not Applicable,393,Not Applicable,0,,
2024-07-14 11:25:00,CNR1843348298,Success,CID846604,eBike,RT Nagar,Bellandur,119.0,100.0,Not Applicable,Not Applicable,No,Not Applicable,408,Cash,47,4.6,3.2
2024-07-10 04:53:00,CNR3924022871,Success,CID754345,Prime Sedan,Electronic City,HSR Layout,77.0,55.0,Not Applicable,Not Applicable,No,Not Applicable,349,Cash,29,4.2,3.6
2024-07-30 05:40:00,CNR7462588230,Canceled by Customer,CID365715,Mini,Hosur Road,Langford Town,,,Driver asked to cancel,Not Applicable,Not Applicable,Not Applicable,1126,Not Applicable,0,,
2024-07-09 04:22:00,CNR2812740371,Canceled by Driver,CID756391,Bike,Peenya,Koramangala,,,Not Applicable,Personal & Car related issue,Not Applicable,Not Applicable,358,Not Applicable,0,,
2024-07-15 11:12:00,CNR5742574440,Canceled by Driver,CID715070,Bike,Tumkur Road,Jayanagar,,,Not Applicable,Personal & Car related issue,Not Applicable,Not Applicable,656,Not Applicable,0,,
2024-07-25 09:35:00,CNR8055749283,Success,CID268368,Auto,Basavanagudi,Varthur,231.0,125.0,Not Applicable,Not Applicable,No,Not Applicable,589,UPI,10,3.4,4.4
2024-07-10 08:43:00,CNR4950310260,Canceled by Driver,CID563278,Mini,Basavanagudi,Ramamurthy Nagar,,,Not Applicable,Personal & Car related issue,Not Applicable,Not Applicable,240,Not Applicable,0,,
2024-07-25 08:33:00,CNR5868711398,Success,CID437996,eBike,Devanahalli,Tumkur Road,196.0,70.0,Not Applicable,Not Applicable,No,Not Applicable,408,UPI,41,3.4,4.5
2024-07-30 06:31:00,CNR1543701619,Success,CID196600,Prime Plus,MG Road,Ulsoor,287.0,90.0,Not Applicable,Not Applicable,No,Not Applicable,239,Credit Card,19,4.2,3.5
2024-07-30 17:32:00,CNR2691116054,Success,CID874492,Prime Sedan,MG Road,Jayanagar,161.0,75.0,Not Applicable,Not Applicable,No,Not Applicable,569,Cash,36,4.2,4.8
2024-07-07 02:28:00,CNR8597247727,Success,CID318291,Prime Sedan,Richmond Town,Marathahalli,301.0,75.0,Not Applicable,Not Applicable,No,Not Applicable,957,Cash,26,3.9,4.1
2024-07-25 10:44:00,CNR6150309840,Canceled by Customer,CID161226,Prime Plus,Jayanagar,Basavanagudi,,,AC is Not working,Not Applicable,Not Applicable,Not Applicable,290,Not Applicable,0,,
2024-07-21 06:07:00,CNR7486141533,Success,CID665692,Auto,Marathahalli,Magadi Road,98.0,140.0,Not Applicable,Not Applicable,No,Not Applicable,339,UPI,18,3.8,3.0
2024-07-27 16:07:00,CNR3986014368,Canceled by Driver,CID662333,Auto,HSR Layout,KR Puram,,,Not Applicable,More than permitted people in there,Not Applicable,Not Applicable,338,Not Applicable,0,,
2024-07-13 16:38:00,CNR5386234459,Canceled by Customer,CID950056,Prime Plus,Chickpet,Sarjapur Road,,,Driver is not moving towards pickup location,Not Applicable,Not Applicable,Not Applicable,254,Not Applicable,0,,
2024-07-17 11:42:00,CNR8165602852,Success,CID708263,eBike,Tumkur Road,Yelahanka,35.0,100.0,Not Applicable,Not Applicable,No,Not Applicable,481,UPI,1,4.5,4.8
2024-07-22 19:40:00,CNR6462277943,Success,CID639813,Mini,Indiranagar,Padmanabhanagar,238.0,50.0,Not Applicable,Not Applicable,Yes,Customer Demand,412,Cash,8,3.6,4.6
2024-07-15 23:53:00,CNR4477850689,Canceled by Driver,CID316174,Prime SUV,Vijayanagar,Malleshwaram,,,Not Applicable,Customer related issue,Not Applicable,Not Applicable,726,Not Applicable,0,,
2024-07-15 20:04:00,CNR1030397779,Canceled by Customer,CID961154,Prime SUV,Varthur,Yeshwanthpur,,,Driver is not moving towards pickup location,Not Applicable,Not Applicable,Not Applicable,352,Not Applicable,0,,
2024-07-26 18:39:00,CNR1269830065,Canceled by Driver,CID305224,Mini,Yeshwanthpur,HSR Layout,,,Not Applicable,Personal & Car related issue,Not Applicable,Not Applicable,202,Not Applicable,0,,
2024-07-15 16:11:00,CNR3075554515,Canceled by Driver,CID633414,Bike,Yeshwanthpur,Rajarajeshwari Nagar,,,Not Applicable,Personal & Car related issue,Not Applicable,Not Applicable,100,Not Applicable,0,,
2024-07-03 21:37:00,CNR7091703806,Success,CID450380,Prime SUV,Koramangala,Ramamurthy Nagar,252.0,100.0,Not Applicable,Not Applicable,No,Not Applicable,143,UPI,1,4.0,3.3
2024-07-06 18:07:00,CNR8708542699,Success,CID211168,Prime SUV,Whitefield,Yeshwanthpur,70.0,80.0,Not Applicable,Not Applicable,No,Not Applicable,421,Cash,31,4.7,4.8
2024-07-09 14:00:00,CNR4797454671,Success,CID660886,Mini,Vijayanagar,Devanahalli,56.0,65.0,Not Applicable,Not Applicable,No,Not Applicable,245,Cash,46,4.0,3.3
2024-07-20 03:13:00,CNR6905109963,Success,CID384789,Auto,Hebbal,MG Road,168.0,65.0,Not Applicable,Not Applicable,No,Not Applicable,140,UPI,12,4.7,4.0
2024-07-08 09:09:00,CNR4329329199,Success,CID290349,Auto,Bellandur,Indiranagar,252.0,45.0,Not Applicable,Not Applicable,No,Not Applicable,1654,Cash,13,3.9,4.8
2024-07-23 08:20:00,CNR3498826958,Success,CID214598,Prime Plus,Rajajinagar,Nagarbhavi,203.0,50.0,Not Applicable,Not Applicable,No,Not Applicable,313,Cash,13,3.6,4.1
2024-07-17 22:22:00,CNR8052137226,Driver Not Found,CID825573,Prime SUV,Majestic,Kadugodi,,,Not Applicable,Not Applicable,Not Applicable,Not Applicable,139,Not Applicable,0,,
2024-07-19 02:50:00,CNR9826994442,Success,CID157741,eBike,Rajajinagar,Ulsoor,238.0,35.0,Not Applicable,Not Applicable,No,Not Applicable,214,Cash,7,4.3,4.0
2024-07-09 12:18:00,CNR4567996659,Canceled by Driver,CID473723,Mini,BTM Layout,Chickpet,,,Not Applicable,Personal & Car related issue,Not Applicable,Not Applicable,339,Not Applicable,0,,
2024-07-15 11:25:00,CNR2934574042,Success,CID821884,Mini,Jayanagar,Malleshwaram,161.0,135.0,Not Applicable,Not Applicable,No,Not Applicable,410,UPI,7,4.4,3.4
2024-07-12 07:25:00,CNR9676091235,Success,CID912601,Mini,Cox Town,Marathahalli,266.0,100.0,Not Applicable,Not Applicable,No,Not Applicable,137,Credit Card,24,4.3,3.5
2024-07-10 05:30:00,CNR8665285589,Success,CID111062,Prime Sedan,Kammanahalli,Tumkur Road,175.0,100.0,Not Applicable,Not Applicable,No,Not Applicable,305,UPI,11,4.2,3.5
2024-07-07 15:00:00,CNR7678167171,Canceled by Customer,CID832152,Prime Sedan,MG Road,Bellandur,,,Driver asked to cancel,Not Applicable,Not Applicable,Not Applicable,322,Not Applicable,0,,
2024-07-18 13:23:00,CNR1124638434,Success,CID195792,Auto,Frazer Town,KR Puram,266.0,125.0,Not Applicable,Not Applicable,No,Not Applicable,211,Cash,10,4.1,4.8
2024-07-17 19:00:00,CNR9032988042,Success,CID250611,Bike,Marathahalli,Bannerghatta Road,112.0,85.0,Not Applicable,Not Applicable,No,Not Applicable,1107,UPI,33,3.3,4.6
2024-07-15 02:00:00,CNR2641579412,Success,CID867593,Prime Sedan,Bannerghatta Road,Kammanahalli,91.0,75.0,Not Applicable,Not Applicable,No,Not Applicable,339,Cash,1,4.6,3.5
2024-07-05 22:50:00,CNR3236489276,Canceled by Driver,CID881771,Prime Plus,Banashankari,Varthur,,,Not Applicable,Customer related issue,Not Applicable,Not Applicable,1018,Not Applicable,0,,
2024-07-19 00:46:00,CNR5771283307,Success,CID788989,Mini,Rajajinagar,Whitefield,168.0,60.0,Not Applicable,Not Applicable,No,Not Applicable,282,UPI,21,4.1,4.4
2024-07-26 04:32:00,CNR8519617673,Success,CID285382,Bike,Hosur Road,Bannerghatta Road,210.0,25.0,Not Applicable,Not Applicable,No,Not Applicable,1611,Credit Card,2,3.2,4.8
2024-07-19 18:41:00,CNR1143816307,Canceled by Customer,CID433711,Auto,Richmond Town,Chamarajpet,,,Driver is not moving towards pickup location,Not Applicable,Not Applicable,Not Applicable,2092,Not Applicable,0,,
2024-07-07 21:31:00,CNR5211454873,Success,CID790917,Prime Plus,BTM Layout,Chickpet,161.0,70.0,Not Applicable,Not Applicable,No,Not Applicable,464,Credit Card,6,4.7,3.7
2024-07-12 03:17:00,CNR8140943173,Driver Not Found,CID588549,Prime Plus,Majestic,Banashankari,,,Not Applicable,Not Applicable,Not Applicable,Not Applicable,314,Not Applicable,0,,
2024-07-04 14:51:00,CNR8030374123,Success,CID890163,Prime Plus,Hennur,KR Puram,77.0,70.0,Not Applicable,Not Applicable,No,Not Applicable,1630,Cash,14,5.0,4.2
2024-07-23 12:44:00,CNR9403098370,Success,CID782710,Bike,Richmond Town,Yelahanka,56.0,70.0,Not Applicable,Not Applicable,No,Not Applicable,400,UPI,6,4.2,3.3
2024-07-24 01:56:00,CNR8775635964,Canceled by Customer,CID278099,Bike,Devanahalli,Shantinagar,,,Change of plans,Not Applicable,Not Applicable,Not Applicable,343,Not Applicable,0,,
2024-07-06 10:33:00,CNR2186279187,Success,CID652792,Bike,Peenya,KR Puram,91.0,135.0,Not Applicable,Not Applicable,No,Not Applicable,839,Cash,46,3.7,3.8
2024-07-22 22:09:00,CNR4042229477,Success,CID154424,Mini,Hosur Road,Ulsoor,70.0,80.0,Not Applicable,Not Applicable,No,Not Applicable,275,Cash,49,3.3,4.2
2024-07-06 02:59:00,CNR3596612268,Canceled by Driver,CID396397,eBike,Shivajinagar,JP Nagar,,,Not Applicable,Personal & Car related issue,Not Applicable,Not Applicable,427,Not Applicable,0,,
2024-07-12 05:37:00,CNR8651597323,Canceled by Driver,CID528815,Prime Plus,Ulsoor,Ulsoor,,,Not Applicable,Customer related issue,Not Applicable,Not Applicable,184,Not Applicable,0,,
2024-07-09 11:56:00,CNR5666715783,Success,CID730278,Prime Sedan,Rajajinagar,Rajarajeshwari Nagar,273.0,115.0,Not Applicable,Not Applicable,No,Not Applicable,1361,Cash,2,4.4,4.6
2024-07-26 20:55:00,CNR5538793901,Success,CID934470,Mini,Devanahalli,Devanahalli,161.0,120.0,Not Applicable,Not Applicable,Yes,Vehicle Breakdown,1556,UPI,29,3.9,4.1
2024-07-26 12:31:00,CNR4327180330,Driver Not Found,CID361825,Prime Sedan,Marathahalli,Vijayanagar,,,Not Applicable,Not Applicable,Not Applicable,Not Applicable,152,Not Applicable,0,,
2024-07-04 17:37:00,CNR3483788790,Success,CID637134,Bike,Shantinagar,Richmond Town,70.0,40.0,Not Applicable,Not Applicable,Yes,Vehicle Breakdown,374,Cash,33,3.8,4.1
2024-07-16 14:00:00,CNR1510975746,Canceled by Customer,CID794842,eBike,Hosur Road,HSR Layout,,,AC is Not working,Not Applicable,Not Applicable,Not Applicable,1169,Not Applicable,0,,
2024-07-01 14:52:00,CNR8222798932,Success,CID858185,Prime Plus,Richmond Town,Langford Town,161.0,135.0,Not Applicable,Not Applicable,No,Not Applicable,918,Cash,47,4.9,3.2
2024-07-22 04:39:00,CNR8093450426,Canceled by Driver,CID249493,Prime Plus,Shivajinagar,HSR Layout,,,Not Applicable,Customer related issue,Not Applicable,Not Applicable,163,Not Applicable,0,,
2024-07-05 15:28:00,CNR2012033776,Success,CID309745,Prime Sedan,Indiranagar,JP Nagar,210.0,100.0,Not Applicable,Not Applicable,Yes,Vehicle Breakdown,199,Cash,13,3.8,3.9
2024-07-12 17:56:00,CNR1433477255,Canceled by Customer,CID469052,eBike,Varthur,Padmanabhanagar,,,AC is Not working,Not Applicable,Not Applicable,Not Applicable,164,Not Applicable,0,,
2024-07-17 13:23:00,CNR3789381318,Driver Not Found,CID137410,Bike,Hosur Road,Kadugodi,,,Not Applicable,Not Applicable,Not Applicable,Not Applicable,184,Not Applicable,0,,
2024-07-03 21:30:00,CNR1239214015,Success,CID962945,Auto,Richmond Town,KR Puram,245.0,75.0,Not Applicable,Not Applicable,No,Not Applicable,140,Cash,9,4.0,3.8
2024-07-13 17:00:00,CNR5533298978,Canceled by Customer,CID961530,Prime SUV,Basavanagudi,Nagarbhavi,,,Change of plans,Not Applicable,Not Applicable,Not Applicable,210,Not Applicable,0,,
2024-07-15 10:14:00,CNR2206731544,Canceled by Customer,CID638795,Auto,Koramangala,KR Puram,,,AC is Not working,Not Applicable,Not Applicable,Not Applicable,423,Not Applicable,0,,
2024-07-04 21:18:00,CNR5995702141,Success,CID522792,Bike,Vijayanagar,Richmond Town,91.0,75.0,Not Applicable,Not Applicable,Yes,Customer Demand,418,Cash,42,3.1,4.2
2024-07-27 08:45:00,CNR9815389213,Canceled by Driver,CID465660,Auto,Shivajinagar,Mysore Road,,,Not Applicable,Customer was coughing/sick,Not Applicable,Not Applicable,324,Not Applicable,0,,
2024-07-30 09:54:00,CNR9330573837,Success,CID907602,Prime SUV,Bannerghatta Road,Frazer Town,301.0,110.0,Not Applicable,Not Applicable,Yes,Vehicle Breakdown,151,Cash,14,4.0,4.6
2024-07-02 06:42:00,CNR5518128658,Canceled by Driver,CID760681,eBike,Chamarajpet,Jayanagar,,,Not Applicable,Personal & Car related issue,Not Applicable,Not Applicable,575,Not Applicable,0,,
2024-07-09 21:45:00,CNR1822053349,Canceled by Customer,CID611364,Prime SUV,Hennur,Electronic City,,,Driver is not moving towards pickup location,Not Applicable,Not Applicable,Not Applicable,295,Not Applicable,0,,
2024-07-06 08:58:00,CNR8335199121,Success,CID222566,Mini,Marathahalli,Cox Town,77.0,55.0,Not Applicable,Not Applicable,No,Not Applicable,464,Cash,44,4.2,3.1
2024-07-05 09:30:00,CNR5795423965,Success,CID594816,eBike,Varthur,Tumkur Road,189.0,30.0,Not Applicable,Not Applicable,No,Not Applicable,322,UPI,31,3.5,5.0
2024-07-10 03:07:00,CNR8754649448,Success,CID218699,Bike,Sahakar Nagar,Ramamurthy Nagar,189.0,130.0,Not Applicable,Not Applicable,No,Not Applicable,132,Cash,35,5.0,4.1
2024-07-13 16:15:00,CNR6694471706,Canceled by Customer,CID711227,Prime Plus,Magadi Road,Vijayanagar,,,Driver is not moving towards pickup location,Not Applicable,Not Applicable,Not Applicable,409,Not Applicable,0,,
2024-07-08 03:02:00,CNR7781220144,Success,CID899367,Prime Plus,Kengeri,Koramangala,35.0,130.0,Not Applicable,Not Applicable,No,Not Applicable,1232,UPI,41,4.7,4.3
2024-07-07 14:15:00,CNR9287352000,Success,CID213174,Bike,Koramangala,Frazer Town,112.0,110.0,Not Applicable,Not Applicable,No,Not Applicable,179,Cash,10,4.7,3.2
2024-07-07 23:01:00,CNR9296021155,Success,CID780973,Prime Plus,Rajarajeshwari Nagar,Shivajinagar,287.0,35.0,Not Applicable,Not Applicable,No,Not Applicable,274,Cash,36,5.0,4.6
2024-07-15 15:43:00,CNR7783907997,Success,CID918144,Prime SUV,Hulimavu,Kengeri,294.0,115.0,Not Applicable,Not Applicable,No,Not Applicable,156,Cash,13,4.9,3.4
2024-07-05 05:24:00,CNR7068785618,Success,CID346442,Prime SUV,Hulimavu,Electronic City,35.0,100.0,Not Applicable,Not Applicable,No,Not Applicable,296,Cash,40,3.4,4.8
2024-07-18 07:11:00,CNR8975329028,Success,CID503439,Mini,Kengeri,Hulimavu,210.0,30.0,Not Applicable,Not Applicable,No,Not Applicable,220,Cash,36,4.8,4.6
2024-07-14 08:24:00,CNR6982380144,Success,CID340601,Auto,Basavanagudi,Ramamurthy Nagar,91.0,130.0,Not Applicable,Not Applicable,No,Not Applicable,463,UPI,11,3.7,4.7
2024-07-14 04:26:00,CNR1666578974,Canceled by Driver,CID712958,Mini,Rajajinagar,Ramamurthy Nagar,,,Not Applicable,Personal & Car related issue,Not Applicable,Not Applicable,309,Not Applicable,0,,
2024-07-23 23:17:00,CNR6398227032,Success,CID922232,Prime Plus,Langford Town,Bannerghatta Road,70.0,45.0,Not Applicable,Not Applicable,No,Not Applicable,107,UPI,14,3.5,3.2
2024-07-15 16:32:00,CNR8327123414,Success,CID944716,Mini,Chamarajpet,Magadi Road,224.0,140.0,Not Applicable,Not Applicable,No,Not Applicable,498,Cash,24,3.6,3.1
2024-07-05 08:40:00,CNR2793767552,Success,CID658227,eBike,Richmond Town,Jayanagar,168.0,55.0,Not Applicable,Not Applicable,No,Not Applicable,310,Cash,42,4.1,4.5
2024-07-22 18:00:00,CNR5646716299,Success,CID764723,Mini,Hebbal,Frazer Town,161.0,110.0,Not Applicable,Not Applicable,No,Not Applicable,453,Cash,30,4.7,4.5
2024-07-24 02:29:00,CNR3855718950,Success,CID521077,eBike,Rajajinagar,Sarjapur Road,196.0,55.0,Not Applicable,Not Applicable,No,Not Applicable,354,Cash,25,4.6,4.4
2024-07-10 03:39:00,CNR8059429946,Success,CID725913,Prime Plus,Hebbal,Hulimavu,133.0,90.0,Not Applicable,Not Applicable,No,Not Applicable,641,Cash,16,4.8,4.7
2024-07-12 17:11:00,CNR9912752884,Success,CID709747,Mini,Nagarbhavi,Varthur,203.0,125.0,Not Applicable,Not Applicable,No,Not Applicable,587,Cash,13,3.3,4.8
2024-07-10 07:25:00,CNR6007265436,Success,CID107088,Prime SUV,Kadugodi,Padmanabhanagar,161.0,145.0,Not Applicable,Not Applicable,No,Not Applicable,327,Cash,43,3.4,3.2
2024-07-17 19:19:00,CNR8589197840,Success,CID926514,Mini,BTM Layout,HSR Layout,203.0,145.0,Not Applicable,Not Applicable,No,Not Applicable,731,UPI,42,4.6,3.6
2024-07-11 08:26:00,CNR9033464163,Success,CID701119,Prime Sedan,JP Nagar,Jayanagar,161.0,60.0,Not Applicable,Not Applicable,No,Not Applicable,110,Cash,31,5.0,4.0
2024-07-09 14:12:00,CNR8297713661,Canceled by Driver,CID183465,Prime Plus,Majestic,Yeshwanthpur,,,Not Applicable,More than permitted people in there,Not Applicable,Not Applicable,479,Not Applicable,0,,
2024-07-12 06:54:00,CNR6108194031,Canceled by Driver,CID104552,Prime Plus,Yelahanka,Chamarajpet,,,Not Applicable,Customer was coughing/sick,Not Applicable,Not Applicable,452,Not Applicable,0,,
2024-07-02 12:00:00,CNR2730024719,Success,CID726725,Auto,Tumkur Road,Hulimavu,224.0,120.0,Not Applicable,Not Applicable,No,Not Applicable,132,Cash,11,4.4,3.2
2024-07-07 19:41:00,CNR1335088727,Success,CID974091,Prime Sedan,Kengeri,Sahakar Nagar,133.0,135.0,Not Applicable,Not Applicable,No,Not Applicable,274,UPI,23,4.9,4.8
2024-07-28 21:58:00,CNR9311895055,Success,CID879284,Prime Plus,Koramangala,Yeshwanthpur,63.0,115.0,Not Applicable,Not Applicable,No,Not Applicable,470,Cash,29,4.1,4.4
2024-07-26 19:11:00,CNR9860120140,Success,CID811160,Prime Sedan,Basavanagudi,Kadugodi,210.0,95.0,Not Applicable,Not Applicable,No,Not Applicable,951,Cash,29,3.5,3.1
2024-07-29 19:57:00,CNR3058751743,Success,CID918185,eBike,Frazer Town,Richmond Town,238.0,35.0,Not Applicable,Not Applicable,No,Not Applicable,269,UPI,39,3.2,4.5
2024-07-26 08:02:00,CNR8119804103,Success,CID143354,eBike,Nagarbhavi,Mysore Road,259.0,100.0,Not Applicable,Not Applicable,No,Not Applicable,238,Cash,4,4.9,4.3
2024-07-27 08:14:00,CNR3538897096,Success,CID194360,Prime Plus,Langford Town,BTM Layout,210.0,130.0,Not Applicable,Not Applicable,No,Not Applicable,104,UPI,25,3.3,3.7
2024-07-24 01:41:00,CNR1359389179,Canceled by Driver,CID296503,Auto,Chickpet,Kadugodi,,,Not Applicable,Customer was coughing/sick,Not Applicable,Not Applicable,299,Not Applicable,0,,
2024-07-16 01:20:00,CNR7116882384,Success,CID897338,Bike,Chamarajpet,Marathahalli,196.0,35.0,Not Applicable,Not Applicable,No,Not Applicable,960,UPI,16,4.9,3.8
2024-07-09 14:10:00,CNR8566406631,Canceled by Driver,CID303764,eBike,Sarjapur Road,Bannerghatta Road,,,Not Applicable,More than permitted people in there,Not Applicable,Not Applicable,186,Not Applicable,0,,
2024-07-10 14:04:00,CNR2661290900,Canceled by Driver,CID953672,Prime Sedan,Hulimavu,Hosur Road,,,Not Applicable,Personal & Car related issue,Not Applicable,Not Applicable,1300,Not Applicable,0,,
2024-07-03 18:14:00,CNR9683914929,Canceled by Customer,CID132382,Bike,Mysore Road,Yeshwanthpur,,,Driver asked to cancel,Not Applicable,Not Applicable,Not Applicable,297,Not Applicable,0,,
2024-07-17 01:52:00,CNR5873059325,Success,CID239836,Bike,Koramangala,RT Nagar,210.0,90.0,Not Applicable,Not Applicable,No,Not Applicable,343,Cash,28,4.4,4.6
2024-07-26 00:54:00,CNR6535933461,Canceled by Customer,CID986276,Bike,Chamarajpet,Chickpet,,,Driver asked to cancel,Not Applicable,Not Applicable,Not Applicable,910,Not Applicable,0,,
2024-07-12 14:17:00,CNR8156476189,Success,CID119627,Bike,Rajajinagar,Majestic,161.0,135.0,Not Applicable,Not Applicable,No,Not Applicable,302,Cash,19,4.2,4.1
2024-07-07 11:04:00,CNR1809005993,Success,CID711049,Prime Plus,Nagarbhavi,Ramamurthy Nagar,154.0,145.0,Not Applicable,Not Applicable,No,Not Applicable,359,UPI,8,4.2,3.7
2024-07-05 23:41:00,CNR9993390668,Success,CID440457,eBike,Banashankari,Kadugodi,210.0,35.0,Not Applicable,Not Applicable,No,Not Applicable,415,Cash,35,4.2,4.1
2024-07-25 11:25:00,CNR2669925583,Success,CID602872,Prime Plus,RT Nagar,Hennur,259.0,115.0,Not Applicable,Not Applicable,No,Not Applicable,187,Cash,13,4.0,4.4
2024-07-05 08:09:00,CNR3650100502,Success,CID373178,Mini,Kengeri,Chickpet,287.0,80.0,Not Applicable,Not Applicable,No,Not Applicable,1002,UPI,19,3.5,4.3
2024-07-27 03:45:00,CNR2755970720,Success,CID378969,Prime Sedan,Peenya,Jayanagar,280.0,25.0,Not Applicable,Not Applicable,No,Not Applicable,707,UPI,26,4.9,3.1
2024-07-10 02:53:00,CNR2361263333,Canceled by Customer,CID235857,Bike,Sahakar Nagar,Cox Town,,,Driver asked to cancel,Not Applicable,Not Applicable,Not Applicable,141,Not Applicable,0,,
2024-07-28 16:10:00,CNR1643610574,Success,CID277743,Prime Plus,Frazer Town,HSR Layout,126.0,140.0,Not Applicable,Not Applicable,No,Not Applicable,977,Cash,23,3.8,4.3
2024-07-03 02:50:00,CNR7017876300,Canceled by Driver,CID492564,Prime Sedan,Devanahalli,Richmond Town,,,Not Applicable,Customer related issue,Not Applicable,Not Applicable,407,Not Applicable,0,,
2024-07-07 11:53:00,CNR5752311357,Canceled by Customer,CID440816,Prime Sedan,Banashankari,MG Road,,,Change of plans,Not Applicable,Not Applicable,Not Applicable,228,Not Applicable,0,,
2024-07-07 09:00:00,CNR4791175629,Success,CID508330,Bike,Yeshwanthpur,RT Nagar,112.0,130.0,Not Applicable,Not Applicable,No,Not Applicable,406,Cash,21,3.8,4.0
2024-07-23 01:42:00,CNR4954408737,Success,CID952066,Auto,Padmanabhanagar,BTM Layout,56.0,145.0,Not Applicable,Not Applicable,Yes,Customer Demand,492,Cash,13,4.7,3.1
2024-07-08 13:12:00,CNR4761526731,Success,CID668478,eBike,Kammanahalli,Tumkur Road,238.0,35.0,Not Applicable,Not Applicable,No,Not Applicable,109,Cash,34,3.5,3.9
2024-07-23 21:52:00,CNR4132569057,Canceled by Driver,CID346907,Prime Plus,Chickpet,BTM Layout,,,Not Applicable,Personal & Car related issue,Not Applicable,Not Applicable,307,Not Applicable,0,,
2024-07-05 14:04:00,CNR3212642924,Driver Not Found,CID571554,Prime Sedan,Electronic City,Ulsoor,,,Not Applicable,Not Applicable,Not Applicable,Not Applicable,891,Not Applicable,0,,
2024-07-21 15:55:00,CNR8020545936,Success,CID598803,Prime Sedan,Nagarbhavi,Yeshwanthpur,35.0,100.0,Not Applicable,Not Applicable,No,Not Applicable,512,UPI,10,4.0,4.0
2024-07-07 15:56:00,CNR4531636339,Driver Not Found,CID843533,Prime Sedan,Padmanabhanagar,Bannerghatta Road,,,Not Applicable,Not Applicable,Not Applicable,Not Applicable,453,Not Applicable,0,,
2024-07-20 09:03:00,CNR4145924773,Success,CID727148,Prime Plus,Hulimavu,Richmond Town,77.0,130.0,Not Applicable,Not Applicable,No,Not Applicable,469,Cash,29,4.7,4.0
2024-07-13 06:23:00,CNR7338236665,Success,CID817179,Prime Sedan,Yelahanka,Cox Town,266.0,115.0,Not Applicable,Not Applicable,No,Not Applicable,433,Cash,38,4.6,3.2
2024-07-19 15:24:00,CNR9464891699,Driver Not Found,CID356940,eBike,Rajajinagar,Nagarbhavi,,,Not Applicable,Not Applicable,Not Applicable,Not Applicable,446,Not Applicable,0,,
2024-07-03 01:12:00,CNR9535218016,Success,CID596290,Bike,JP Nagar,Langford Town,189.0,145.0,Not Applicable,Not Applicable,No,Not Applicable,318,Cash,31,4.3,3.2
2024-07-17 17:29:00,CNR5608969261,Canceled by Customer,CID134136,eBike,Hebbal,Tumkur Road,,,Change of plans,Not Applicable,Not Applicable,Not Applicable,309,Not Applicable,0,,
2024-07-29 16:51:00,CNR7536310061,Driver Not Found,CID146684,Prime Plus,Yeshwanthpur,Devanahalli,,,Not Applicable,Not Applicable,Not Applicable,Not Applicable,915,Not Applicable,0,,
2024-07-13 13:56:00,CNR8475728506,Canceled by Driver,CID539670,Prime Sedan,JP Nagar,RT Nagar,,,Not Applicable,Customer was coughing/sick,Not Applicable,Not Applicable,852,Not Applicable,0,,
2024-07-11 11:40:00,CNR9326686458,Success,CID303848,Prime Sedan,Malleshwaram,Bellandur,140.0,65.0,Not Applicable,Not Applicable,No,Not Applicable,121,Cash,24,3.3,3.2
2024-07-18 04:50:00,CNR6904854756,Success,CID771979,Prime Sedan,Peenya,Shivajinagar,126.0,95.0,Not Applicable,Not Applicable,No,Not Applicable,966,UPI,49,4.8,3.1
2024-07-26 16:09:00,CNR3649383960,Success,CID595628,Prime SUV,Hosur Road,Hennur,147.0,35.0,Not Applicable,Not Applicable,No,Not Applicable,339,UPI,13,4.9,4.6
2024-07-04 10:29:00,CNR5708712768,Success,CID809890,Prime Sedan,BTM Layout,Jayanagar,301.0,50.0,Not Applicable,Not Applicable,No,Not Applicable,164,UPI,22,3.5,3.5
2024-07-04 18:23:00,CNR3269874299,Success,CID164317,Prime Plus,Frazer Town,Mysore Road,203.0,125.0,Not Applicable,Not Applicable,No,Not Applicable,2160,Cash,3,3.9,4.2
2024-07-22 02:15:00,CNR8348141815,Canceled by Driver,CID934321,Prime Sedan,Tumkur Road,RT Nagar,,,Not Applicable,Customer related issue,Not Applicable,Not Applicable,457,Not Applicable,0,,
2024-07-25 01:07:00,CNR9076010795,Canceled by Driver,CID828502,eBike,Magadi Road,Kadugodi,,,Not Applicable,Personal & Car related issue,Not Applicable,Not Applicable,375,Not Applicable,0,,
2024-07-18 05:06:00,CNR9774406139,Success,CID997977,Prime Sedan,RT Nagar,Bannerghatta Road,175.0,45.0,Not Applicable,Not Applicable,No,Not Applicable,271,Cash,45,3.5,4.5
2024-07-03 16:26:00,CNR7470203011,Driver Not Found,CID202052,Auto,Yelahanka,KR Puram,,,Not Applicable,Not Applicable,Not Applicable,Not Applicable,479,Not Applicable,0,,
2024-07-27 08:36:00,CNR9982517235,Canceled by Driver,CID193399,Prime Plus,Shantinagar,Malleshwaram,,,Not Applicable,Customer related issue,Not Applicable,Not Applicable,615,Not Applicable,0,,
2024-07-01 11:30:00,CNR1489123773,Success,CID730619,eBike,Devanahalli,Whitefield,98.0,90.0,Not Applicable,Not Applicable,Yes,Other Issue,251,UPI,3,4.7,3.7
2024-07-15 14:44:00,CNR7217593501,Success,CID651033,Prime SUV,Yelahanka,Banashankari,280.0,45.0,Not Applicable,Not Applicable,No,Not Applicable,361,Cash,36,3.0,4.5
2024-07-11 22:47:00,CNR7276716380,Success,CID948957,Bike,Vijayanagar,Mysore Road,273.0,90.0,Not Applicable,Not Applicable,No,Not Applicable,360,Cash,4,4.9,4.9
2024-07-08 08:10:00,CNR3677800555,Success,CID600456,Prime SUV,Varthur,Hennur,252.0,110.0,Not Applicable,Not Applicable,No,Not Applicable,475,Cash,20,4.4,3.0
2024-07-03 12:53:00,CNR8902294033,Driver Not Found,CID906917,Bike,Yeshwanthpur,Hosur Road,,,Not Applicable,Not Applicable,Not Applicable,Not Applicable,760,Not Applicable,0,,
2024-07-26 01:14:00,CNR1138861298,Success,CID630665,Prime Sedan,JP Nagar,Yelahanka,161.0,35.0,Not Applicable,Not Applicable,No,Not Applicable,973,Cash,23,3.0,5.0
2024-07-11 17:27:00,CNR4526784858,Driver Not Found,CID723791,Mini,Yeshwanthpur,Electronic City,,,Not Applicable,Not Applicable,Not Applicable,Not Applicable,216,Not Applicable,0,,
2024-07-28 09:31:00,CNR7494486464,Success,CID838153,Mini,Jayanagar,Rajarajeshwari Nagar,175.0,120.0,Not Applicable,Not Applicable,No,Not Applicable,730,UPI,31,3.2,4.6
2024-07-21 02:10:00,CNR4968079351,Driver Not Found,CID254344,Mini,Koramangala,Varthur,,,Not Applicable,Not Applicable,Not Applicable,Not Applicable,745,Not Applicable,0,,
2024-07-09 15:40:00,CNR8564731301,Success,CID970875,Prime Sedan,Kammanahalli,Langford Town,56.0,95.0,Not Applicable,Not Applicable,No,Not Applicable,354,Cash,31,3.6,3.8
2024-07-17 07:35:00,CNR3472372668,Canceled by Driver,CID751699,Mini,Malleshwaram,Cox Town,,,Not Applicable,Personal & Car related issue,Not Applicable,Not Applicable,314,Not Applicable,0,,
2024-07-11 20:26:00,CNR6074735672,Success,CID684096,Auto,Shantinagar,Sahakar Nagar,84.0,30.0,Not Applicable,Not Applicable,No,Not Applicable,892,Cash,5,4.6,3.3
2024-07-22 03:43:00,CNR8198905982,Success,CID568570,Auto,Sahakar Nagar,Malleshwaram,140.0,75.0,Not Applicable,Not Applicable,No,Not Applicable,427,Credit Card,1,3.6,4.1
2024-07-17 09:24:00,CNR4034635548,Success,CID814880,Auto,Mysore Road,Chickpet,175.0,75.0,Not Applicable,Not Applicable,No,Not Applicable,275,UPI,4,4.0,4.4
2024-07-24 07:04:00,CNR7894502855,Success,CID969510,Auto,Hulimavu,Ramamurthy Nagar,70.0,50.0,Not Applicable,Not Applicable,No,Not Applicable,595,Cash,14,3.3,4.7
2024-07-16 05:59:00,CNR8134792957,Canceled by Customer,CID165427,Auto,Mysore Road,BTM Layout,,,AC is Not working,Not Applicable,Not Applicable,Not Applicable,1324,Not Applicable,0,,
2024-07-21 02:56:00,CNR2971503652,Success,CID639603,eBike,Chamarajpet,Mysore Road,126.0,30.0,Not Applicable,Not Applicable,No,Not Applicable,204,Cash,27,4.5,4.1
2024-07-21 10:42:00,CNR5777214907,Success,CID706346,Prime Plus,Varthur,JP Nagar,259.0,25.0,Not Applicable,Not Applicable,No,Not Applicable,776,Cash,49,4.4,3.7
2024-07-26 04:16:00,CNR3388243310,Success,CID604135,eBike,MG Road,Richmond Town,287.0,45.0,Not Applicable,Not Applicable,No,Not Applicable,325,UPI,46,3.3,3.5
2024-07-27 06:12:00,CNR5527859429,Canceled by Customer,CID851686,Prime SUV,Majestic,Ramamurthy Nagar,,,Wrong Address,Not Applicable,Not Applicable,Not Applicable,728,Not Applicable,0,,
2024-07-26 20:15:00,CNR8251222952,Success,CID566504,Bike,Hebbal,Cox Town,112.0,35.0,Not Applicable,Not Applicable,No,Not Applicable,369,UPI,26,3.1,4.9
2024-07-27 06:02:00,CNR8750062178,Driver Not Found,CID421704,Prime Plus,Shantinagar,Hulimavu,,,Not Applicable,Not Applicable,Not Applicable,Not Applicable,537,Not Applicable,0,,
2024-07-07 17:49:00,CNR3495047678,Success,CID911258,Prime SUV,Rajajinagar,Koramangala,182.0,25.0,Not Applicable,Not Applicable,No,Not Applicable,1473,UPI,9,3.7,3.1
2024-07-30 14:14:00,CNR5083122873,Driver Not Found,CID999811,eBike,Vijayanagar,Kengeri,,,Not Applicable,Not Applicable,Not Applicable,Not Applicable,612,Not Applicable,0,,
2024-07-05 22:25:00,CNR9356951466,Success,CID557901,Prime Plus,Koramangala,Banashankari,147.0,110.0,Not Applicable,Not Applicable,No,Not Applicable,518,Cash,2,3.1,3.7
2024-07-28 03:33:00,CNR9406331169,Canceled by Customer,CID375034,Mini,Hosur Road,Jayanagar,,,Driver asked to cancel,Not Applicable,Not Applicable,Not Applicable,180,Not Applicable,0,,
2024-07-20 23:30:00,CNR6241917613,Success,CID355783,Prime Plus,Varthur,Koramangala,133.0,100.0,Not Applicable,Not Applicable,No,Not Applicable,539,UPI,38,3.9,4.9
2024-07-16 18:11:00,CNR2262589450,Success,CID657676,Mini,Kadugodi,Sarjapur Road,273.0,95.0,Not Applicable,Not Applicable,No,Not Applicable,638,Cash,45,3.5,3.6
2024-07-12 11:28:00,CNR3712568327,Canceled by Driver,CID107719,eBike,Whitefield,MG Road,,,Not Applicable,More than permitted people in there,Not Applicable,Not Applicable,550,Not Applicable,0,,
2024-07-28 18:35:00,CNR8696851815,Success,CID183870,eBike,HSR Layout,KR Puram,63.0,35.0,Not Applicable,Not Applicable,No,Not Applicable,839,UPI,23,4.4,4.8
2024-07-04 21:53:00,CNR2635433889,Success,CID873505,Bike,Nagarbhavi,Banashankari,56.0,45.0,Not Applicable,Not Applicable,No,Not Applicable,1142,Cash,7,3.0,3.3
2024-07-13 14:12:00,CNR2949041131,Canceled by Customer,CID931216,Mini,Cox Town,Kammanahalli,,,Change of plans,Not Applicable,Not Applicable,Not Applicable,2101,Not Applicable,0,,
2024-07-28 09:22:00,CNR6705220087,Canceled by Driver,CID123431,Prime Sedan,Majestic,Yelahanka,,,Not Applicable,Personal & Car related issue,Not Applicable,Not Applicable,270,Not Applicable,0,,
2024-07-06 08:47:00,CNR7111205764,Success,CID264279,Prime Sedan,Vijayanagar,Devanahalli,175.0,80.0,Not Applicable,Not Applicable,No,Not Applicable,667,Cash,9,4.6,3.3
2024-07-16 12:00:00,CNR5155319286,Success,CID156664,Prime Sedan,Sahakar Nagar,Marathahalli,168.0,50.0,Not Applicable,Not Applicable,No,Not Applicable,434,Cash,18,4.0,4.0
2024-07-05 09:15:00,CNR7481735968,Driver Not Found,CID239568,Prime SUV,Shivajinagar,Basavanagudi,,,Not Applicable,Not Applicable,Not Applicable,Not Applicable,839,Not Applicable,0,,
2024-07-05 08:48:00,CNR1807441652,Success,CID921069,Prime Sedan,Chamarajpet,Frazer Town,175.0,65.0,Not Applicable,Not Applicable,No,Not Applicable,435,Cash,26,3.4,4.3
2024-07-10 02:09:00,CNR8932146808,Success,CID551406,eBike,Chamarajpet,Shivajinagar,182.0,135.0,Not Applicable,Not Applicable,No,Not Applicable,201,UPI,18,4.1,5.0
2024-07-10 09:33:00,CNR8648087597,Success,CID852029,Mini,Nagarbhavi,Richmond Town,91.0,40.0,Not Applicable,Not Applicable,No,Not Applicable,146,UPI,9,5.0,3.8
2024-07-26 18:15:00,CNR5547124510,Success,CID593498,Bike,Bellandur,Rajarajeshwari Nagar,49.0,80.0,Not Applicable,Not Applicable,No,Not Applicable,312,UPI,9,3.1,3.3
2024-07-28 06:33:00,CNR2044202939,Success,CID185232,Prime Plus,Shivajinagar,Rajarajeshwari Nagar,133.0,35.0,Not Applicable,Not Applicable,No,Not Applicable,112,Cash,19,4.3,3.2
2024-07-07 13:00:00,CNR7551822248,Success,CID924292,eBike,Hulimavu,Basavanagudi,119.0,35.0,Not Applicable,Not Applicable,No,Not Applicable,364,Cash,46,3.5,3.4
2024-07-22 22:09:00,CNR3891298420,Success,CID213894,eBike,Bannerghatta Road,Hosur Road,140.0,25.0,Not Applicable,Not Applicable,No,Not Applicable,2205,Cash,30,3.8,3.8
2024-07-07 17:48:00,CNR1310330624,Canceled by Customer,CID622422,Mini,Indiranagar,Hulimavu,,,Driver is not moving towards pickup location,Not Applicable,Not Applicable,Not Applicable,137,Not Applicable,0,,
2024-07-19 03:12:00,CNR1495496841,Success,CID142615,eBike,Ramamurthy Nagar,Magadi Road,105.0,125.0,Not Applicable,Not Applicable,No,Not Applicable,451,UPI,2,3.9,4.7
2024-07-15 12:13:00,CNR8129433530,Success,CID960140,eBike,Hosur Road,Koramangala,231.0,60.0,Not Applicable,Not Applicable,No,Not Applicable,309,UPI,39,4.7,4.9
2024-07-20 16:18:00,CNR7085074713,Driver Not Found,CID529956,Auto,Rajarajeshwari Nagar,Electronic City,,,Not Applicable,Not Applicable,Not Applicable,Not Applicable,166,Not Applicable,0,,
2024-07-14 07:15:00,CNR4026794169,Canceled by Customer,CID332479,Auto,Bellandur,Sahakar Nagar,,,Driver is not moving towards pickup location,Not Applicable,Not Applicable,Not Applicable,299,Not Applicable,0,,
2024-07-28 05:01:00,CNR8982893647,Success,CID238089,Bike,Yelahanka,Hennur,217.0,120.0,Not Applicable,Not Applicable,No,Not Applicable,486,Cash,49,3.9,3.7
2024-07-19 01:59:00,CNR7015345159,Canceled by Customer,CID106247,Bike,Yelahanka,Padmanabhanagar,,,Driver is not moving towards pickup location,Not Applicable,Not Applicable,Not Applicable,114,Not Applicable,0,,
2024-07-07 10:06:00,CNR2504347353,Driver Not Found,CID582535,Prime Plus,Magadi Road,Shantinagar,,,Not Applicable,Not Applicable,Not Applicable,Not Applicable,1752,Not Applicable,0,,
2024-07-29 04:37:00,CNR7485525843,Driver Not Found,CID498828,Prime SUV,Yelahanka,Indiranagar,,,Not Applicable,Not Applicable,Not Applicable,Not Applicable,126,Not Applicable,0,,
2024-07-17 01:21:00,CNR8394751531,Success,CID596764,Prime Plus,Hennur,Yelahanka,266.0,145.0,Not Applicable,Not Applicable,No,Not Applicable,164,UPI,28,3.7,4.2
2024-07-06 14:04:00,CNR4039415493,Driver Not Found,CID953209,Auto,Mysore Road,Cox Town,,,Not Applicable,Not Applicable,Not Applicable,Not Applicable,390,Not Applicable,0,,
2024-07-15 02:42:00,CNR7710253330,Canceled by Customer,CID705327,Bike,JP Nagar,MG Road,,,Change of plans,Not Applicable,Not Applicable,Not Applicable,211,Not Applicable,0,,
2024-07-22 14:47:00,CNR8866131148,Canceled by Driver,CID713120,Mini,Hebbal,Jayanagar,,,Not Applicable,Customer related issue,Not Applicable,Not Applicable,1103,Not Applicable,0,,
2024-07-07 19:14:00,CNR3849887775,Success,CID746027,Prime SUV,Kadugodi,Nagarbhavi,175.0,145.0,Not Applicable,Not Applicable,No,Not Applicable,481,UPI,17,3.6,4.1
2024-07-02 06:11:00,CNR1203819179,Success,CID873921,eBike,Magadi Road,Kengeri,133.0,35.0,Not Applicable,Not Applicable,Yes,Customer Demand,2699,UPI,23,4.9,4.7
2024-07-03 21:37:00,CNR3081240335,Canceled by Driver,CID207557,Auto,Hennur,HSR Layout,,,Not Applicable,Customer related issue,Not Applicable,Not Applicable,340,Not Applicable,0,,
2024-07-10 19:06:00,CNR7669844260,Canceled by Driver,CID130105,Mini,Cox Town,MG Road,,,Not Applicable,Customer was coughing/sick,Not Applicable,Not Applicable,298,Not Applicable,0,,
2024-07-29 04:14:00,CNR8853898822,Canceled by Driver,CID525501,Auto,Indiranagar,Banashankari,,,Not Applicable,Customer related issue,Not Applicable,Not Applicable,198,Not Applicable,0,,
2024-07-27 13:02:00,CNR1996608909,Success,CID273416,Prime Plus,Majestic,HSR Layout,119.0,45.0,Not Applicable,Not Applicable,No,Not Applicable,231,UPI,18,4.4,3.2
2024-07-01 20:33:00,CNR9278132505,Success,CID495398,Mini,Padmanabhanagar,BTM Layout,224.0,60.0,Not Applicable,Not Applicable,No,Not Applicable,150,Cash,10,3.9,3.5
2024-07-09 14:02:00,CNR3863527440,Success,CID794868,Prime Sedan,Marathahalli,Bellandur,175.0,110.0,Not Applicable,Not Applicable,No,Not Applicable,190,Cash,24,3.9,5.0
2024-07-10 16:40:00,CNR9009644823,Success,CID628173,Prime Plus,Nagarbhavi,Majestic,42.0,60.0,Not Applicable,Not Applicable,No,Not Applicable,202,Cash,8,3.1,3.1
2024-07-11 17:22:00,CNR6364158096,Success,CID112126,Mini,Indiranagar,Devanahalli,252.0,70.0,Not Applicable,Not Applicable,No,Not Applicable,1077,Cash,30,4.8,4.9
2024-07-12 07:56:00,CNR8077586752,Success,CID595489,Prime SUV,Bannerghatta Road,Basavanagudi,77.0,25.0,Not Applicable,Not Applicable,No,Not Applicable,201,Cash,7,4.1,5.0
2024-07-08 10:47:00,CNR1084468635,Driver Not Found,CID503612,Bike,Nagarbhavi,Yeshwanthpur,,,Not Applicable,Not Applicable,Not Applicable,Not Applicable,981,Not Applicable,0,,
2024-07-26 10:33:00,CNR3396973767,Success,CID317636,Prime SUV,Cox Town,Cox Town,238.0,35.0,Not Applicable,Not Applicable,No,Not Applicable,443,UPI,20,4.8,3.6
2024-07-15 06:25:00,CNR3017350193,Success,CID750837,eBike,Yelahanka,Kengeri,224.0,115.0,Not Applicable,Not Applicable,No,Not Applicable,158,Credit Card,23,4.1,4.2
2024-07-20 19:48:00,CNR4224694225,Canceled by Customer,CID850264,eBike,Ramamurthy Nagar,Langford Town,,,Change of plans,Not Applicable,Not Applicable,Not Applicable,321,Not Applicable,0,,
2024-07-03 17:16:00,CNR2060651199,Success,CID817832,Prime Sedan,Frazer Town,Richmond Town,133.0,45.0,Not Applicable,Not Applicable,No,Not Applicable,443,UPI,3,4.8,4.6
2024-07-20 02:34:00,CNR8814223328,Success,CID165440,Prime Sedan,Kengeri,Varthur,189.0,60.0,Not Applicable,Not Applicable,No,Not Applicable,473,UPI,39,4.0,4.6
2024-07-19 18:17:00,CNR1810189465,Success,CID911556,Prime SUV,BTM Layout,Whitefield,98.0,75.0,Not Applicable,Not Applicable,No,Not Applicable,2425,Cash,30,4.6,3.0
2024-07-24 05:25:00,CNR2404461258,Canceled by Customer,CID822659,Prime SUV,Hulimavu,Kengeri,,,Driver is not moving towards pickup location,Not Applicable,Not Applicable,Not Applicable,732,Not Applicable,0,,
2024-07-08 05:08:00,CNR2332609867,Canceled by Driver,CID405661,eBike,Hennur,Sahakar Nagar,,,Not Applicable,More than permitted people in there,Not Applicable,Not Applicable,820,Not Applicable,0,,
2024-07-01 20:00:00,CNR4103657941,Success,CID541488,Mini,Ramamurthy Nagar,Shantinagar,203.0,100.0,Not Applicable,Not Applicable,No,Not Applicable,188,UPI,38,5.0,3.9
2024-07-12 19:50:00,CNR2801658999,Success,CID596698,Prime Plus,Cox Town,Padmanabhanagar,42.0,80.0,Not Applicable,Not Applicable,No,Not Applicable,1058,Cash,29,4.8,4.5
2024-07-12 13:07:00,CNR5535419218,Canceled by Driver,CID262455,eBike,Chamarajpet,Yelahanka,,,Not Applicable,Customer related issue,Not Applicable,Not Applicable,304,Not Applicable,0,,
2024-07-28 13:20:00,CNR7801194460,Success,CID200649,Prime Sedan,Kengeri,Frazer Town,231.0,35.0,Not Applicable,Not Applicable,No,Not Applicable,174,Cash,25,4.8,3.3
2024-07-10 10:20:00,CNR6146201564,Success,CID482065,Prime Plus,Hennur,Jayanagar,84.0,95.0,Not Applicable,Not Applicable,Yes,Vehicle Breakdown,578,UPI,33,3.3,3.7
2024-07-30 12:13:00,CNR2335728597,Success,CID759733,Mini,Mysore Road,Sarjapur Road,161.0,85.0,Not Applicable,Not Applicable,No,Not Applicable,287,UPI,20,3.7,3.1
2024-07-10 11:46:00,CNR5878458662,Success,CID198032,Prime Plus,Indiranagar,Yeshwanthpur,308.0,30.0,Not Applicable,Not Applicable,No,Not Applicable,917,Cash,19,4.7,3.1
2024-07-15 15:39:00,CNR3761735416,Success,CID767723,Prime Plus,Richmond Town,JP Nagar,35.0,55.0,Not Applicable,Not Applicable,No,Not Applicable,358,Cash,2,4.2,3.4
2024-07-04 18:55:00,CNR7056118719,Driver Not Found,CID327731,Mini,Cox Town,MG Road,,,Not Applicable,Not Applicable,Not Applicable,Not Applicable,132,Not Applicable,0,,
2024-07-07 04:42:00,CNR9382766534,Canceled by Customer,CID936833,Prime Plus,Chickpet,Ramamurthy Nagar,,,Driver asked to cancel,Not Applicable,Not Applicable,Not Applicable,106,Not Applicable,0,,
2024-07-22 00:35:00,CNR7906951684,Canceled by Driver,CID795507,Mini,Koramangala,Rajarajeshwari Nagar,,,Not Applicable,Personal & Car related issue,Not Applicable,Not Applicable,444,Not Applicable,0,,
2024-07-20 04:58:00,CNR4383085775,Canceled by Driver,CID881425,Auto,RT Nagar,Chamarajpet,,,Not Applicable,Customer related issue,Not Applicable,Not Applicable,895,Not Applicable,0,,
2024-07-19 17:53:00,CNR9658903560,Success,CID809669,Prime SUV,Koramangala,Tumkur Road,189.0,105.0,Not Applicable,Not Applicable,No,Not Applicable,1833,Cash,36,3.5,3.0
2024-07-09 17:54:00,CNR2776573016,Success,CID809187,Prime SUV,Hulimavu,Sahakar Nagar,98.0,85.0,Not Applicable,Not Applicable,No,Not Applicable,133,UPI,27,4.3,4.9
2024-07-14 08:36:00,CNR6116681518,Success,CID960146,Auto,Nagarbhavi,JP Nagar,70.0,30.0,Not Applicable,Not Applicable,No,Not Applicable,373,Cash,8,4.5,4.4
2024-07-12 17:26:00,CNR1384881678,Success,CID262552,eBike,BTM Layout,BTM Layout,42.0,50.0,Not Applicable,Not Applicable,No,Not Applicable,334,UPI,20,3.1,4.3
2024-07-15 00:39:00,CNR1952162609,Success,CID339858,Mini,Indiranagar,Richmond Town,168.0,90.0,Not Applicable,Not Applicable,No,Not Applicable,414,Cash,7,3.0,3.4
2024-07-21 02:15:00,CNR2767105694,Success,CID292403,Bike,Bellandur,Indiranagar,287.0,125.0,Not Applicable,Not Applicable,No,Not Applicable,413,UPI,28,3.3,4.0
2024-07-21 12:22:00,CNR6798129493,Success,CID983208,Auto,Hebbal,Devanahalli,182.0,80.0,Not Applicable,Not Applicable,No,Not Applicable,255,Cash,15,3.3,4.4
2024-07-14 11:01:00,CNR2671650870,Success,CID522957,Prime Sedan,Hebbal,Mysore Road,70.0,115.0,Not Applicable,Not Applicable,No,Not Applicable,424,UPI,17,4.3,4.7
2024-07-07 16:05:00,CNR1123315302,Canceled by Customer,CID176341,eBike,RT Nagar,Ulsoor,,,AC is Not working,Not Applicable,Not Applicable,Not Applicable,124,Not Applicable,0,,
2024-07-05 16:41:00,CNR7292975884,Canceled by Driver,CID950946,Auto,Kadugodi,Hulimavu,,,Not Applicable,Customer related issue,Not Applicable,Not Applicable,166,Not Applicable,0,,
2024-07-18 16:23:00,CNR9885824959,Success,CID441093,eBike,Sarjapur Road,RT Nagar,126.0,125.0,Not Applicable,Not Applicable,No,Not Applicable,280,Cash,8,4.4,4.6
2024-07-11 05:26:00,CNR4450681675,Success,CID720373,eBike,Indiranagar,Ramamurthy Nagar,105.0,130.0,Not Applicable,Not Applicable,No,Not Applicable,297,UPI,4,3.4,4.8
2024-07-22 00:32:00,CNR3080104428,Canceled by Driver,CID242359,Mini,Sarjapur Road,BTM Layout,,,Not Applicable,Personal & Car related issue,Not Applicable,Not Applicable,694,Not Applicable,0,,
2024-07-09 21:32:00,CNR3566313090,Success,CID905925,eBike,Bellandur,Varthur,105.0,145.0,Not Applicable,Not Applicable,No,Not Applicable,305,Cash,25,4.3,3.4
2024-07-03 07:14:00,CNR1411548659,Success,CID476999,eBike,Frazer Town,KR Puram,91.0,105.0,Not Applicable,Not Applicable,No,Not Applicable,178,UPI,20,4.1,3.4
2024-07-02 18:37:00,CNR1198833713,Success,CID774332,Prime SUV,Hennur,BTM Layout,154.0,60.0,Not Applicable,Not Applicable,No,Not Applicable,161,UPI,32,3.3,4.1
2024-07-27 15:10:00,CNR8687743064,Driver Not Found,CID311324,eBike,Hennur,Peenya,,,Not Applicable,Not Applicable,Not Applicable,Not Applicable,206,Not Applicable,0,,
2024-07-18 18:53:00,CNR2071492230,Success,CID773813,Prime Sedan,Shantinagar,Bannerghatta Road,196.0,60.0,Not Applicable,Not Applicable,No,Not Applicable,149,UPI,43,4.8,4.6
2024-07-07 11:29:00,CNR5142753009,Success,CID244581,Prime Plus,Sarjapur Road,Banashankari,287.0,30.0,Not Applicable,Not Applicable,No,Not Applicable,2179,Cash,32,3.7,4.9
2024-07-28 22:13:00,CNR7211645320,Driver Not Found,CID304276,Auto,Sahakar Nagar,Varthur,,,Not Applicable,Not Applicable,Not Applicable,Not Applicable,282,Not Applicable,0,,
2024-07-02 22:52:00,CNR9721235795,Canceled by Driver,CID838721,Prime Sedan,BTM Layout,Jayanagar,,,Not Applicable,Personal & Car related issue,Not Applicable,Not Applicable,234,Not Applicable,0,,
2024-07-27 21:46:00,CNR7046926929,Success,CID266853,Prime Plus,Marathahalli,Tumkur Road,280.0,65.0,Not Applicable,Not Applicable,No,Not Applicable,121,UPI,9,4.1,4.6
2024-07-22 22:10:00,CNR8249506213,Driver Not Found,CID834707,Auto,Peenya,Basavanagudi,,,Not Applicable,Not Applicable,Not Applicable,Not Applicable,886,Not Applicable,0,,
2024-07-15 17:42:00,CNR2375698618,Canceled by Driver,CID199471,Bike,Vijayanagar,Rajajinagar,,,Not Applicable,Customer related issue,Not Applicable,Not Applicable,186,Not Applicable,0,,
2024-07-13 07:29:00,CNR7481230388,Canceled by Driver,CID549446,Auto,Majestic,Kengeri,,,Not Applicable,Personal & Car related issue,Not Applicable,Not Applicable,2870,Not Applicable,0,,
2024-07-06 13:40:00,CNR8720056441,Success,CID407429,Prime SUV,Nagarbhavi,Kammanahalli,252.0,120.0,Not Applicable,Not Applicable,No,Not Applicable,277,UPI,42,3.2,3.7
2024-07-02 13:15:00,CNR5857225643,Canceled by Customer,CID684671,Bike,Hosur Road,Nagarbhavi,,,AC is Not working,Not Applicable,Not Applicable,Not Applicable,2422,Not Applicable,0,,
2024-07-23 13:17:00,CNR2778435737,Canceled by Customer,CID948175,Prime Sedan,Banashankari,Indiranagar,,,Change of plans,Not Applicable,Not Applicable,Not Applicable,262,Not Applicable,0,,
2024-07-04 16:48:00,CNR5143876162,Success,CID479154,Prime SUV,Yelahanka,Basavanagudi,203.0,80.0,Not Applicable,Not Applicable,No,Not Applicable,284,Cash,17,3.9,3.5
2024-07-21 09:11:00,CNR8461770086,Success,CID901739,Prime Plus,Langford Town,Shantinagar,168.0,75.0,Not Applicable,Not Applicable,No,Not Applicable,2499,UPI,9,4.6,4.2
2024-07-11 12:49:00,CNR5334858333,Driver Not Found,CID545989,Auto,Langford Town,Tumkur Road,,,Not Applicable,Not Applicable,Not Applicable,Not Applicable,385,Not Applicable,0,,
2024-07-01 17:20:00,CNR5695018551,Success,CID628250,eBike,RT Nagar,JP Nagar,175.0,95.0,Not Applicable,Not Applicable,No,Not Applicable,2979,UPI,26,4.0,4.4
2024-07-20 02:14:00,CNR6477273590,Canceled by Driver,CID647123,Mini,Basavanagudi,Indiranagar,,,Not Applicable,Personal & Car related issue,Not Applicable,Not Applicable,144,Not Applicable,0,,
2024-07-03 08:27:00,CNR8186148093,Success,CID833429,Prime Sedan,Nagarbhavi,MG Road,63.0,115.0,Not Applicable,Not Applicable,No,Not Applicable,293,Cash,40,3.6,3.8
2024-07-15 14:33:00,CNR9595487096,Success,CID502368,Mini,Rajajinagar,Frazer Town,105.0,35.0,Not Applicable,Not Applicable,No,Not Applicable,688,Cash,30,5.0,4.5
2024-07-18 23:45:00,CNR7422202323,Canceled by Customer,CID594414,Prime Plus,Shivajinagar,Koramangala,,,Driver asked to cancel,Not Applicable,Not Applicable,Not Applicable,484,Not Applicable,0,,
2024-07-07 22:05:00,CNR4571008118,Driver Not Found,CID316654,Prime Plus,Marathahalli,Padmanabhanagar,,,Not Applicable,Not Applicable,Not Applicable,Not Applicable,218,Not Applicable,0,,
2024-07-15 15:52:00,CNR2347886302,Success,CID286850,Prime Plus,Hennur,Rajajinagar,70.0,25.0,Not Applicable,Not Applicable,No,Not Applicable,397,UPI,15,3.9,3.8
2024-07-20 20:57:00,CNR6075432753,Success,CID616137,Prime Sedan,Chickpet,Yelahanka,210.0,65.0,Not Applicable,Not Applicable,No,Not Applicable,199,UPI,39,3.2,4.3
2024-07-17 22:36:00,CNR3647997588,Canceled by Driver,CID811149,Prime Sedan,Hebbal,Nagarbhavi,,,Not Applicable,Personal & Car related issue,Not Applicable,Not Applicable,713,Not Applicable,0,,
2024-07-15 23:05:00,CNR1043492481,Driver Not Found,CID936196,Prime Sedan,Rajarajeshwari Nagar,Chamarajpet,,,Not Applicable,Not Applicable,Not Applicable,Not Applicable,150,Not Applicable,0,,
2024-07-13 19:59:00,CNR5319692856,Success,CID228197,Mini,Peenya,Ramamurthy Nagar,182.0,135.0,Not Applicable,Not Applicable,No,Not Applicable,307,UPI,16,3.9,4.6
2024-07-09 04:19:00,CNR3141599518,Success,CID893028,Prime Plus,Bellandur,JP Nagar,112.0,90.0,Not Applicable,Not Applicable,Yes,Vehicle Breakdown,365,Credit Card,17,4.6,3.8
2024-07-26 06:32:00,CNR7158070921,Success,CID985420,Prime SUV,Yelahanka,HSR Layout,84.0,35.0,Not Applicable,Not Applicable,No,Not Applicable,832,Cash,3,4.8,4.1
2024-07-24 04:09:00,CNR4391146999,Canceled by Driver,CID402343,Prime Sedan,Chickpet,Mysore Road,,,Not Applicable,Customer was coughing/sick,Not Applicable,Not Applicable,161,Not Applicable,0,,
2024-07-04 23:30:00,CNR5539697512,Success,CID377022,Bike,MG Road,Tumkur Road,273.0,90.0,Not Applicable,Not Applicable,No,Not Applicable,812,UPI,11,4.0,4.7
2024-07-13 11:51:00,CNR7273995019,Success,CID491869,Prime Sedan,Yeshwanthpur,Mysore Road,182.0,145.0,Not Applicable,Not Applicable,No,Not Applicable,273,Cash,30,3.8,3.0
2024-07-24 16:36:00,CNR9693320823,Canceled by Customer,CID543536,Prime Plus,Mysore Road,Langford Town,,,Wrong Address,Not Applicable,Not Applicable,Not Applicable,372,Not Applicable,0,,
2024-07-27 10:35:00,CNR2215149702,Success,CID388944,Prime Sedan,Koramangala,Jayanagar,308.0,135.0,Not Applicable,Not Applicable,Yes,Customer Demand,443,UPI,11,4.4,3.1
2024-07-18 11:33:00,CNR7379757052,Canceled by Driver,CID880143,Prime SUV,Kadugodi,Ramamurthy Nagar,,,Not Applicable,Personal & Car related issue,Not Applicable,Not Applicable,482,Not Applicable,0,,
2024-07-10 08:48:00,CNR5159657420,Canceled by Driver,CID482972,Mini,MG Road,Mysore Road,,,Not Applicable,Personal & Car related issue,Not Applicable,Not Applicable,211,Not Applicable,0,,
2024-07-05 19:47:00,CNR2148813649,Success,CID476765,Auto,Richmond Town,Varthur,308.0,130.0,Not Applicable,Not Applicable,No,Not Applicable,787,UPI,7,4.4,3.7
2024-07-13 06:54:00,CNR1564486013,Canceled by Driver,CID585009,Mini,Kengeri,Hosur Road,,,Not Applicable,Personal & Car related issue,Not Applicable,Not Applicable,326,Not Applicable,0,,
2024-07-27 14:37:00,CNR1679456000,Success,CID962691,Prime Plus,Hosur Road,Varthur,210.0,55.0,Not Applicable,Not Applicable,No,Not Applicable,465,UPI,41,3.8,4.1
2024-07-21 16:19:00,CNR7098474649,Success,CID658517,Auto,Tumkur Road,Peenya,196.0,60.0,Not Applicable,Not Applicable,No,Not Applicable,445,Cash,9,3.3,3.1
2024-07-10 21:49:00,CNR5913159798,Success,CID191246,Prime Sedan,Rajajinagar,Hebbal,42.0,35.0,Not Applicable,Not Applicable,No,Not Applicable,164,UPI,7,4.8,3.0
2024-07-24 17:41:00,CNR7798570947,Canceled by Driver,CID359675,Prime Sedan,KR Puram,Hennur,,,Not Applicable,Personal & Car related issue,Not Applicable,Not Applicable,170,Not Applicable,0,,
2024-07-20 10:36:00,CNR9860315274,Canceled by Customer,CID684519,Prime Sedan,Banashankari,Nagarbhavi,,,Change of plans,Not Applicable,Not Applicable,Not Applicable,497,Not Applicable,0,,
2024-07-18 12:51:00,CNR6536767622,Canceled by Driver,CID172876,Mini,Malleshwaram,Jayanagar,,,Not Applicable,More than permitted people in there,Not Applicable,Not Applicable,297,Not Applicable,0,,
2024-07-02 14:02:00,CNR1203602237,Success,CID692037,Prime Plus,Hosur Road,Langford Town,119.0,140.0,Not Applicable,Not Applicable,No,Not Applicable,544,Cash,43,3.3,3.2
2024-07-23 17:29:00,CNR2655449738,Success,CID390533,Prime Sedan,Banashankari,Basavanagudi,112.0,25.0,Not Applicable,Not Applicable,No,Not Applicable,459,Cash,37,4.9,4.0
2024-07-30 00:31:00,CNR7302584800,Success,CID429046,Prime SUV,Cox Town,Majestic,119.0,70.0,Not Applicable,Not Applicable,No,Not Applicable,338,Cash,36,3.9,3.3
2024-07-01 16:45:00,CNR9269748509,Success,CID217029,Prime SUV,MG Road,Langford Town,252.0,50.0,Not Applicable,Not Applicable,No,Not Applicable,318,UPI,37,4.7,3.5
2024-07-27 22:13:00,CNR6618092185,Success,CID408254,Prime SUV,Ramamurthy Nagar,Richmond Town,126.0,115.0,Not Applicable,Not Applicable,No,Not Applicable,504,UPI,1,4.0,4.3
2024-07-30 16:30:00,CNR9237234804,Success,CID314192,Prime Plus,RT Nagar,MG Road,266.0,145.0,Not Applicable,Not Applicable,No,Not Applicable,283,UPI,48,3.3,4.0
2024-07-11 10:06:00,CNR2026393422,Success,CID385195,Auto,Bannerghatta Road,Yelahanka,245.0,55.0,Not Applicable,Not Applicable,No,Not Applicable,160,Cash,15,4.0,3.3
2024-07-01 01:26:00,CNR8743621285,Success,CID795010,Bike,Basavanagudi,Electronic City,280.0,120.0,Not Applicable,Not Applicable,No,Not Applicable,141,Cash,15,4.4,4.3
2024-07-09 18:15:00,CNR9325300420,Driver Not Found,CID193280,Auto,Hennur,Majestic,,,Not Applicable,Not Applicable,Not Applicable,Not Applicable,835,Not Applicable,0,,
2024-07-27 16:59:00,CNR2853493118,Success,CID989368,Bike,Tumkur Road,Richmond Town,224.0,105.0,Not Applicable,Not Applicable,No,Not Applicable,731,Cash,16,3.8,4.6
2024-07-05 13:28:00,CNR7936754545,Success,CID468541,Mini,Shivajinagar,Hulimavu,56.0,85.0,Not Applicable,Not Applicable,No,Not Applicable,262,Cash,8,4.3,4.8
2024-07-22 21:33:00,CNR3085314920,Success,CID390075,Prime Plus,Hulimavu,KR Puram,77.0,80.0,Not Applicable,Not Applicable,No,Not Applicable,125,Cash,27,3.4,4.1
2024-07-05 13:11:00,CNR9736385439,Canceled by Customer,CID452854,Auto,Marathahalli,Yelahanka,,,Driver is not moving towards pickup location,Not Applicable,Not Applicable,Not Applicable,607,Not Applicable,0,,
2024-07-14 15:40:00,CNR1414434426,Success,CID186448,Bike,Yeshwanthpur,Cox Town,126.0,40.0,Not Applicable,Not Applicable,No,Not Applicable,304,Cash,29,4.1,3.7
2024-07-22 11:58:00,CNR4415431602,Canceled by Customer,CID551149,Auto,Kengeri,RT Nagar,,,Change of plans,Not Applicable,Not Applicable,Not Applicable,397,Not Applicable,0,,
2024-07-24 15:47:00,CNR7335497642,Success,CID236461,Prime Plus,JP Nagar,Vijayanagar,133.0,70.0,Not Applicable,Not Applicable,No,Not Applicable,247,Cash,48,4.0,4.6
2024-07-21 23:48:00,CNR1165402059,Success,CID736425,Prime Plus,Varthur,Devanahalli,273.0,80.0,Not Applicable,Not Applicable,No,Not Applicable,601,UPI,25,3.9,4.6
2024-07-19 22:22:00,CNR7034311316,Canceled by Driver,CID925282,Prime Plus,Hulimavu,Yeshwanthpur,,,Not Applicable,Customer was coughing/sick,Not Applicable,Not Applicable,618,Not Applicable,0,,
2024-07-14 03:24:00,CNR1151837065,Canceled by Customer,CID237361,Auto,Jayanagar,Frazer Town,,,Driver asked to cancel,Not Applicable,Not Applicable,Not Applicable,260,Not Applicable,0,,
2024-07-19 12:17:00,CNR5700504818,Canceled by Driver,CID392045,Mini,Frazer Town,Banashankari,,,Not Applicable,Customer related issue,Not Applicable,Not Applicable,156,Not Applicable,0,,
2024-07-02 06:34:00,CNR2131157010,Success,CID813075,Mini,Rajarajeshwari Nagar,BTM Layout,266.0,65.0,Not Applicable,Not Applicable,No,Not Applicable,113,Cash,5,3.0,3.3
2024-07-27 20:42:00,CNR5223263207,Success,CID351664,Prime Sedan,Jayanagar,MG Road,252.0,70.0,Not Applicable,Not Applicable,No,Not Applicable,421,Cash,26,3.1,5.0
2024-07-13 10:31:00,CNR2482684545,Canceled by Driver,CID629791,Bike,KR Puram,Magadi Road,,,Not Applicable,More than permitted people in there,Not Applicable,Not Applicable,662,Not Applicable,0,,
2024-07-06 14:48:00,CNR8142327751,Canceled by Customer,CID626742,Prime Sedan,JP Nagar,Indiranagar,,,Driver asked to cancel,Not Applicable,Not Applicable,Not Applicable,802,Not Applicable,0,,
2024-07-02 06:13:00,CNR1996894701,Driver Not Found,CID878444,Prime Sedan,Jayanagar,Magadi Road,,,Not Applicable,Not Applicable,Not Applicable,Not Applicable,149,Not Applicable,0,,
2024-07-26 19:23:00,CNR3865335883,Driver Not Found,CID702857,Prime Sedan,Sahakar Nagar,Padmanabhanagar,,,Not Applicable,Not Applicable,Not Applicable,Not Applicable,131,Not Applicable,0,,
2024-07-30 10:23:00,CNR1762590842,Success,CID857500,eBike,Nagarbhavi,Chickpet,238.0,115.0,Not Applicable,Not Applicable,No,Not Applicable,177,Cash,41,3.7,3.4
2024-07-27 21:27:00,CNR7032959268,Success,CID517278,Bike,Hebbal,Vijayanagar,294.0,110.0,Not Applicable,Not Applicable,No,Not Applicable,282,Cash,24,4.8,4.8
2024-07-04 10:50:00,CNR1382792986,Success,CID984637,eBike,JP Nagar,Frazer Town,168.0,105.0,Not Applicable,Not Applicable,No,Not Applicable,393,UPI,30,3.3,3.2
2024-07-20 17:15:00,CNR6228494069,Canceled by Driver,CID143946,Prime Sedan,Sahakar Nagar,Devanahalli,,,Not Applicable,Customer was coughing/sick,Not Applicable,Not Applicable,1075,Not Applicable,0,,
2024-07-26 10:55:00,CNR6114450659,Canceled by Driver,CID608982,Prime SUV,Banashankari,Ulsoor,,,Not Applicable,More than permitted people in there,Not Applicable,Not Applicable,311,Not Applicable,0,,
2024-07-17 00:39:00,CNR6215668298,Success,CID258685,Bike,Whitefield,HSR Layout,168.0,30.0,Not Applicable,Not Applicable,No,Not Applicable,314,Cash,7,3.9,3.2
2024-07-14 23:39:00,CNR9594141385,Driver Not Found,CID376701,Prime SUV,Banashankari,Hennur,,,Not Applicable,Not Applicable,Not Applicable,Not Applicable,1972,Not Applicable,0,,
2024-07-16 18:34:00,CNR8105177252,Canceled by Driver,CID575081,eBike,Peenya,MG Road,,,Not Applicable,Personal & Car related issue,Not Applicable,Not Applicable,207,Not Applicable,0,,
2024-07-17 01:51:00,CNR4186673937,Success,CID823792,Prime Sedan,Shivajinagar,Yelahanka,210.0,45.0,Not Applicable,Not Applicable,Yes,Customer Demand,145,Cash,17,4.1,4.9
2024-07-27 09:08:00,CNR4113881056,Success,CID394332,Prime SUV,Shivajinagar,Kammanahalli,280.0,40.0,Not Applicable,Not Applicable,No,Not Applicable,576,Cash,47,4.8,3.6
2024-07-05 21:32:00,CNR4363868402,Success,CID723830,Auto,HSR Layout,Devanahalli,196.0,35.0,Not Applicable,Not Applicable,No,Not Applicable,236,Cash,13,4.8,4.1
2024-07-14 21:59:00,CNR5512196101,Success,CID339588,eBike,Sahakar Nagar,Cox Town,231.0,35.0,Not Applicable,Not Applicable,No,Not Applicable,329,UPI,38,4.7,3.6
2024-07-25 23:09:00,CNR7079952499,Success,CID883249,eBike,RT Nagar,Yelahanka,175.0,45.0,Not Applicable,Not Applicable,No,Not Applicable,2658,UPI,4,3.9,5.0
2024-07-24 15:12:00,CNR4542182092,Success,CID752663,Bike,Cox Town,Langford Town,252.0,50.0,Not Applicable,Not Applicable,No,Not Applicable,300,Cash,20,4.0,3.3
2024-07-22 11:04:00,CNR1937334477,Success,CID635675,Prime Sedan,BTM Layout,Shivajinagar,266.0,60.0,Not Applicable,Not Applicable,No,Not Applicable,447,UPI,22,4.0,3.1
2024-07-04 07:49:00,CNR5563118691,Success,CID876244,Bike,Richmond Town,Tumkur Road,259.0,65.0,Not Applicable,Not Applicable,No,Not Applicable,810,Credit Card,24,3.1,3.0
2024-07-29 16:25:00,CNR4326892769,Canceled by Customer,CID924904,Prime Plus,JP Nagar,Hebbal,,,Driver is not moving towards pickup location,Not Applicable,Not Applicable,Not Applicable,389,Not Applicable,0,,
2024-07-05 21:38:00,CNR2531513058,Success,CID593728,Prime SUV,Varthur,Whitefield,161.0,130.0,Not Applicable,Not Applicable,No,Not Applicable,335,UPI,23,4.9,3.9
2024-07-30 13:11:00,CNR2838502680,Success,CID324095,Mini,Kammanahalli,Varthur,238.0,90.0,Not Applicable,Not Applicable,No,Not Applicable,214,Cash,25,4.1,4.5
2024-07-29 09:02:00,CNR6432443015,Success,CID743901,Auto,Bannerghatta Road,Hulimavu,70.0,70.0,Not Applicable,Not Applicable,No,Not Applicable,409,UPI,4,4.5,3.3
2024-07-06 08:34:00,CNR4685914272,Canceled by Customer,CID686103,Prime Plus,Chickpet,Devanahalli,,,AC is Not working,Not Applicable,Not Applicable,Not Applicable,435,Not Applicable,0,,
2024-07-29 07:54:00,CNR5246358759,Canceled by Driver,CID580127,Bike,Sarjapur Road,Whitefield,,,Not Applicable,Customer was coughing/sick,Not Applicable,Not Applicable,168,Not Applicable,0,,
2024-07-02 07:18:00,CNR7616003979,Canceled by Driver,CID403767,eBike,Indiranagar,Basavanagudi,,,Not Applicable,More than permitted people in there,Not Applicable,Not Applicable,350,Not Applicable,0,,
2024-07-13 22:59:00,CNR8549863612,Success,CID828202,eBike,Sahakar Nagar,Hebbal,133.0,95.0,Not Applicable,Not Applicable,No,Not Applicable,111,Cash,8,4.7,3.8
2024-07-05 00:53:00,CNR7133638635,Canceled by Customer,CID123929,Prime Sedan,Hennur,Tumkur Road,,,Wrong Address,Not Applicable,Not Applicable,Not Applicable,121,Not Applicable,0,,
2024-07-01 17:47:00,CNR5433934865,Driver Not Found,CID388225,Prime SUV,Frazer Town,Bellandur,,,Not Applicable,Not Applicable,Not Applicable,Not Applicable,279,Not Applicable,0,,
2024-07-01 16:46:00,CNR8447793586,Success,CID740601,Auto,Rajajinagar,Nagarbhavi,266.0,40.0,Not Applicable,Not Applicable,No,Not Applicable,440,UPI,6,3.7,4.8
2024-07-01 08:27:00,CNR5882201415,Success,CID387177,eBike,Majestic,Yeshwanthpur,308.0,140.0,Not Applicable,Not Applicable,No,Not Applicable,306,UPI,43,4.4,4.7
2024-07-05 09:34:00,CNR3884050064,Driver Not Found,CID115265,Mini,Majestic,Ulsoor,,,Not Applicable,Not Applicable,Not Applicable,Not Applicable,393,Not Applicable,0,,
2024-07-20 01:29:00,CNR5414502473,Canceled by Customer,CID568228,Mini,Yelahanka,Marathahalli,,,Driver asked to cancel,Not Applicable,Not Applicable,Not Applicable,456,Not Applicable,0,,
2024-07-16 17:16:00,CNR2997842566,Canceled by Customer,CID356841,Prime Sedan,Shivajinagar,Kengeri,,,AC is Not working,Not Applicable,Not Applicable,Not Applicable,798,Not Applicable,0,,
2024-07-11 05:02:00,CNR1303287026,Driver Not Found,CID126474,Prime Plus,Hosur Road,Magadi Road,,,Not Applicable,Not Applicable,Not Applicable,Not Applicable,973,Not Applicable,0,,
2024-07-05 02:45:00,CNR3234233959,Success,CID389111,Bike,Kammanahalli,Frazer Town,210.0,135.0,Not Applicable,Not Applicable,No,Not Applicable,289,Cash,18,3.4,3.5
2024-07-07 02:12:00,CNR6495950597,Success,CID610317,Prime Plus,Hosur Road,HSR Layout,63.0,85.0,Not Applicable,Not Applicable,No,Not Applicable,379,Cash,32,4.2,3.1
2024-07-12 14:49:00,CNR6934843821,Success,CID424919,Prime Sedan,Padmanabhanagar,KR Puram,273.0,55.0,Not Applicable,Not Applicable,No,Not Applicable,158,Cash,16,3.7,4.4
2024-07-08 07:51:00,CNR1189161383,Driver Not Found,CID749720,Prime Plus,Marathahalli,RT Nagar,,,Not Applicable,Not Applicable,Not Applicable,Not Applicable,2263,Not Applicable,0,,
2024-07-02 03:58:00,CNR6387063928,Success,CID979679,Mini,Ramamurthy Nagar,Sahakar Nagar,84.0,100.0,Not Applicable,Not Applicable,No,Not Applicable,613,Cash,10,5.0,3.9
2024-07-22 16:13:00,CNR7306995665,Success,CID923355,Bike,Shantinagar,Chamarajpet,210.0,135.0,Not Applicable,Not Applicable,No,Not Applicable,900,UPI,13,4.5,3.2
2024-07-13 17:39:00,CNR6899027164,Success,CID996245,Prime SUV,Sahakar Nagar,Bellandur,49.0,90.0,Not Applicable,Not Applicable,No,Not Applicable,168,Cash,40,4.9,4.7
2024-07-11 16:04:00,CNR8854510351,Success,CID373921,Auto,Varthur,Bellandur,98.0,90.0,Not Applicable,Not Applicable,No,Not Applicable,193,UPI,8,4.2,3.3
2024-07-09 10:22:00,CNR2624376914,Canceled by Driver,CID808591,Bike,Peenya,Jayanagar,,,Not Applicable,More than permitted people in there,Not Applicable,Not Applicable,410,Not Applicable,0,,
2024-07-19 00:34:00,CNR4040248272,Canceled by Driver,CID855653,Prime Plus,Shantinagar,Cox Town,,,Not Applicable,Personal & Car related issue,Not Applicable,Not Applicable,647,Not Applicable,0,,
2024-07-04 11:15:00,CNR8686272486,Canceled by Driver,CID818537,Mini,Banashankari,Banashankari,,,Not Applicable,More than permitted people in there,Not Applicable,Not Applicable,397,Not Applicable,0,,
2024-07-20 13:29:00,CNR4579074917,Canceled by Driver,CID560412,Bike,Electronic City,Mysore Road,,,Not Applicable,Customer was coughing/sick,Not Applicable,Not Applicable,1532,Not Applicable,0,,
2024-07-24 11:19:00,CNR4090953484,Canceled by Driver,CID696623,eBike,Ramamurthy Nagar,Indiranagar,,,Not Applicable,Customer was coughing/sick,Not Applicable,Not Applicable,915,Not Applicable,0,,
2024-07-13 10:46:00,CNR7294827981,Success,CID545549,eBike,Kengeri,Chickpet,105.0,95.0,Not Applicable,Not Applicable,No,Not Applicable,2584,Cash,30,3.5,3.9
2024-07-26 22:16:00,CNR4739850384,Canceled by Driver,CID905707,Mini,Devanahalli,Marathahalli,,,Not Applicable,Customer was coughing/sick,Not Applicable,Not Applicable,107,Not Applicable,0,,
2024-07-04 10:12:00,CNR5969149150,Success,CID492885,Prime Sedan,Vijayanagar,Kengeri,70.0,45.0,Not Applicable,Not Applicable,No,Not Applicable,371,Cash,19,3.2,4.0
2024-07-01 23:53:00,CNR7499915082,Canceled by Customer,CID617539,eBike,Devanahalli,Hulimavu,,,Driver asked to cancel,Not Applicable,Not Applicable,Not Applicable,116,Not Applicable,0,,
2024-07-02 09:03:00,CNR9097805808,Canceled by Customer,CID754960,Bike,Rajarajeshwari Nagar,Hennur,,,AC is Not working,Not Applicable,Not Applicable,Not Applicable,291,Not Applicable,0,,
2024-07-27 23:54:00,CNR6682273128,Success,CID450810,Bike,Hosur Road,KR Puram,182.0,35.0,Not Applicable,Not Applicable,No,Not Applicable,821,Cash,34,3.8,4.0
2024-07-10 15:44:00,CNR1379983557,Success,CID838101,eBike,Yeshwanthpur,Marathahalli,259.0,120.0,Not Applicable,Not Applicable,No,Not Applicable,1076,UPI,12,4.0,4.6
2024-07-17 05:53:00,CNR2223643088,Canceled by Driver,CID155277,Prime Sedan,Rajarajeshwari Nagar,Basavanagudi,,,Not Applicable,Personal & Car related issue,Not Applicable,Not Applicable,552,Not Applicable,0,,
2024-07-22 06:39:00,CNR4543233332,Success,CID788097,Auto,Varthur,Banashankari,154.0,30.0,Not Applicable,Not Applicable,No,Not Applicable,191,Cash,5,5.0,3.9
2024-07-16 01:04:00,CNR8042754427,Success,CID582006,Prime SUV,Hebbal,Jayanagar,154.0,95.0,Not Applicable,Not Applicable,No,Not Applicable,361,UPI,16,4.4,4.5
2024-07-20 04:54:00,CNR1226808848,Success,CID395873,Mini,Langford Town,Chickpet,210.0,120.0,Not Applicable,Not Applicable,No,Not Applicable,255,UPI,18,4.9,3.3
2024-07-04 01:54:00,CNR1919497853,Success,CID117950,Bike,Electronic City,Indiranagar,189.0,120.0,Not Applicable,Not Applicable,No,Not Applicable,310,UPI,19,4.6,4.6
2024-07-29 14:23:00,CNR6382802660,Success,CID358388,Prime Plus,Malleshwaram,MG Road,35.0,50.0,Not Applicable,Not Applicable,Yes,Vehicle Breakdown,285,Cash,6,4.0,3.5
2024-07-20 13:16:00,CNR8053593573,Success,CID503274,Prime Sedan,Frazer Town,Devanahalli,147.0,55.0,Not Applicable,Not Applicable,No,Not Applicable,846,Cash,19,4.8,3.2
2024-07-06 08:01:00,CNR7854388218,Success,CID128052,Bike,Richmond Town,Frazer Town,154.0,55.0,Not Applicable,Not Applicable,No,Not Applicable,253,UPI,20,3.8,4.5
2024-07-16 15:16:00,CNR3983745607,Canceled by Driver,CID921556,Prime Plus,Kengeri,Majestic,,,Not Applicable,Customer related issue,Not Applicable,Not Applicable,505,Not Applicable,0,,
2024-07-22 09:31:00,CNR5620754561,Success,CID163855,Bike,Jayanagar,Ulsoor,203.0,145.0,Not Applicable,Not Applicable,No,Not Applicable,284,Cash,28,3.4,4.4
2024-07-07 09:51:00,CNR6641204893,Success,CID333211,Prime Sedan,Cox Town,HSR Layout,210.0,100.0,Not Applicable,Not Applicable,No,Not Applicable,141,Cash,16,4.5,3.9
2024-07-17 04:10:00,CNR5068759941,Canceled by Driver,CID298546,Prime Plus,KR Puram,Varthur,,,Not Applicable,Personal & Car related issue,Not Applicable,Not Applicable,465,Not Applicable,0,,
2024-07-07 21:41:00,CNR2904140993,Driver Not Found,CID134233,Bike,Shantinagar,Peenya,,,Not Applicable,Not Applicable,Not Applicable,Not Applicable,289,Not Applicable,0,,
2024-07-24 11:44:00,CNR9896025923,Canceled by Customer,CID671245,eBike,Bannerghatta Road,Basavanagudi,,,Driver asked to cancel,Not Applicable,Not Applicable,Not Applicable,118,Not Applicable,0,,
2024-07-12 06:19:00,CNR4107660034,Success,CID182048,Auto,Magadi Road,KR Puram,175.0,105.0,Not Applicable,Not Applicable,No,Not Applicable,883,Cash,15,4.3,4.9
2024-07-06 08:11:00,CNR9217801225,Canceled by Driver,CID781582,Mini,Electronic City,Kadugodi,,,Not Applicable,More than permitted people in there,Not Applicable,Not Applicable,802,Not Applicable,0,,
2024-07-23 08:01:00,CNR1210502072,Canceled by Customer,CID328203,Prime SUV,Electronic City,Ulsoor,,,Change of plans,Not Applicable,Not Applicable,Not Applicable,1181,Not Applicable,0,,
2024-07-23 11:51:00,CNR4573118554,Success,CID959020,Prime SUV,Yeshwanthpur,Rajajinagar,154.0,35.0,Not Applicable,Not Applicable,No,Not Applicable,331,Cash,19,3.9,3.7
2024-07-17 15:01:00,CNR9669520798,Success,CID626005,Auto,Chamarajpet,Langford Town,77.0,115.0,Not Applicable,Not Applicable,No,Not Applicable,786,UPI,6,4.5,4.1
2024-07-29 15:38:00,CNR2200342210,Success,CID457691,Bike,Ramamurthy Nagar,Marathahalli,63.0,130.0,Not Applicable,Not Applicable,No,Not Applicable,412,UPI,22,4.2,3.6
2024-07-11 08:35:00,CNR7605538611,Success,CID723531,Prime SUV,Malleshwaram,Rajajinagar,35.0,125.0,Not Applicable,Not Applicable,No,Not Applicable,454,Cash,33,4.7,3.2
2024-07-07 09:20:00,CNR7500581265,Driver Not Found,CID156061,eBike,Yeshwanthpur,Indiranagar,,,Not Applicable,Not Applicable,Not Applicable,Not Applicable,334,Not Applicable,0,,
2024-07-16 15:08:00,CNR5556775538,Success,CID854577,Prime Plus,Koramangala,Bannerghatta Road,56.0,135.0,Not Applicable,Not Applicable,No,Not Applicable,393,Cash,39,3.6,3.1
2024-07-27 10:46:00,CNR6170831081,Success,CID467172,Prime Plus,Nagarbhavi,KR Puram,98.0,55.0,Not Applicable,Not Applicable,No,Not Applicable,178,UPI,18,4.7,3.9
2024-07-20 10:43:00,CNR6016239174,Success,CID126913,Prime Plus,Bannerghatta Road,Whitefield,42.0,80.0,Not Applicable,Not Applicable,No,Not Applicable,202,UPI,9,3.1,3.1
2024-07-04 23:52:00,CNR4356880595,Success,CID568737,Prime Plus,JP Nagar,Rajajinagar,168.0,80.0,Not Applicable,Not Applicable,No,Not Applicable,512,Cash,5,3.6,3.4
2024-07-28 10:29:00,CNR7542222940,Success,CID672042,Prime SUV,Frazer Town,Jayanagar,133.0,105.0,Not Applicable,Not Applicable,No,Not Applicable,346,Cash,43,4.3,4.6
2024-07-08 19:03:00,CNR6739267181,Success,CID367200,Mini,Peenya,Kadugodi,238.0,75.0,Not Applicable,Not Applicable,No,Not Applicable,225,Cash,26,3.8,3.0
2024-07-29 14:22:00,CNR5611869355,Success,CID607230,Bike,Bannerghatta Road,Rajajinagar,189.0,60.0,Not Applicable,Not Applicable,No,Not Applicable,423,UPI,24,4.4,3.7
2024-07-12 23:04:00,CNR5842186646,Success,CID404865,Auto,Basavanagudi,MG Road,224.0,25.0,Not Applicable,Not Applicable,No,Not Applicable,439,UPI,6,3.7,4.6
2024-07-12 02:31:00,CNR1128009255,Success,CID993757,Prime SUV,Bannerghatta Road,JP Nagar,91.0,50.0,Not Applicable,Not Applicable,No,Not Applicable,1616,Cash,33,4.7,4.2
2024-07-18 10:26:00,CNR6695285187,Driver Not Found,CID657736,Auto,Basavanagudi,Tumkur Road,,,Not Applicable,Not Applicable,Not Applicable,Not Applicable,999,Not Applicable,0,,
2024-07-07 14:14:00,CNR4938614896,Canceled by Customer,CID849665,Mini,Rajarajeshwari Nagar,Majestic,,,Change of plans,Not Applicable,Not Applicable,Not Applicable,307,Not Applicable,0,,
2024-07-28 08:42:00,CNR7729113810,Canceled by Driver,CID868556,Bike,Kadugodi,Padmanabhanagar,,,Not Applicable,Personal & Car related issue,Not Applicable,Not Applicable,535,Not Applicable,0,,
2024-07-22 21:19:00,CNR6595967088,Canceled by Customer,CID990121,Prime SUV,Shantinagar,Ulsoor,,,Driver is not moving towards pickup location,Not Applicable,Not Applicable,Not Applicable,837,Not Applicable,0,,
2024-07-06 07:58:00,CNR1327758422,Success,CID397187,Prime SUV,Basavanagudi,Banashankari,98.0,50.0,Not Applicable,Not Applicable,No,Not Applicable,246,UPI,46,4.5,4.6
2024-07-20 20:05:00,CNR4849289935,Success,CID246364,Auto,Hulimavu,Chickpet,224.0,50.0,Not Applicable,Not Applicable,No,Not Applicable,111,Cash,4,3.9,3.4
2024-07-24 06:09:00,CNR7437189596,Canceled by Driver,CID529953,Prime Sedan,Koramangala,Rajarajeshwari Nagar,,,Not Applicable,Personal & Car related issue,Not Applicable,Not Applicable,260,Not Applicable,0,,
2024-07-21 04:09:00,CNR2636325183,Success,CID258505,Mini,Jayanagar,Chickpet,70.0,50.0,Not Applicable,Not Applicable,Yes,Customer Demand,646,Cash,25,3.4,4.2
2024-07-18 22:19:00,CNR2496972000,Success,CID337790,Bike,Bellandur,Sarjapur Road,84.0,145.0,Not Applicable,Not Applicable,No,Not Applicable,380,Cash,35,4.6,3.6
2024-07-19 20:18:00,CNR4126033135,Canceled by Driver,CID495718,eBike,Marathahalli,Hennur,,,Not Applicable,Customer was coughing/sick,Not Applicable,Not Applicable,396,Not Applicable,0,,
2024-07-18 11:05:00,CNR8622034016,Success,CID282190,Mini,Mysore Road,Tumkur Road,196.0,120.0,Not Applicable,Not Applicable,No,Not Applicable,562,Cash,48,3.7,3.1
2024-07-27 08:34:00,CNR5037673398,Success,CID492354,Bike,Mysore Road,Cox Town,196.0,30.0,Not Applicable,Not Applicable,No,Not Applicable,375,Cash,26,3.6,4.3
2024-07-22 17:40:00,CNR7270383368,Success,CID914250,Auto,Padmanabhanagar,Ulsoor,308.0,45.0,Not Applicable,Not Applicable,No,Not Applicable,430,UPI,11,3.9,4.8
2024-07-15 16:44:00,CNR7270164626,Success,CID325173,Mini,Richmond Town,JP Nagar,49.0,25.0,Not Applicable,Not Applicable,No,Not Applicable,895,Cash,12,4.7,4.3
2024-07-06 09:54:00,CNR1580548945,Success,CID214893,eBike,Hennur,Cox Town,154.0,100.0,Not Applicable,Not Applicable,No,Not Applicable,515,UPI,31,4.3,4.9
2024-07-17 16:15:00,CNR6814142383,Canceled by Driver,CID233652,Prime Sedan,KR Puram,Mysore Road,,,Not Applicable,More than permitted people in there,Not Applicable,Not Applicable,190,Not Applicable,0,,
2024-07-17 00:52:00,CNR7670621877,Success,CID407242,eBike,Langford Town,Kammanahalli,175.0,35.0,Not Applicable,Not Applicable,No,Not Applicable,316,UPI,22,4.7,4.9
2024-07-19 11:36:00,CNR9779413206,Canceled by Driver,CID490772,Prime Plus,MG Road,Nagarbhavi,,,Not Applicable,Customer related issue,Not Applicable,Not Applicable,221,Not Applicable,0,,
2024-07-01 05:54:00,CNR2010032421,Success,CID222048,Bike,Padmanabhanagar,Devanahalli,217.0,65.0,Not Applicable,Not Applicable,No,Not Applicable,2206,Cash,37,3.7,3.7
2024-07-26 19:26:00,CNR4887010493,Driver Not Found,CID494537,Auto,Basavanagudi,Cox Town,,,Not Applicable,Not Applicable,Not Applicable,Not Applicable,102,Not Applicable,0,,
2024-07-13 01:26:00,CNR2678971790,Canceled by Driver,CID767450,eBike,Malleshwaram,Whitefield,,,Not Applicable,Customer was coughing/sick,Not Applicable,Not Applicable,308,Not Applicable,0,,
2024-07-29 07:40:00,CNR3339719486,Canceled by Customer,CID589183,Prime Sedan,Nagarbhavi,Mysore Road,,,Driver is not moving towards pickup location,Not Applicable,Not Applicable,Not Applicable,366,Not Applicable,0,,
2024-07-16 22:45:00,CNR5107693051,Canceled by Driver,CID362204,Bike,Hebbal,Kadugodi,,,Not Applicable,Customer was coughing/sick,Not Applicable,Not Applicable,310,Not Applicable,0,,
2024-07-05 19:28:00,CNR1458467874,Success,CID403834,eBike,Yelahanka,Magadi Road,294.0,105.0,Not Applicable,Not Applicable,No,Not Applicable,1253,Cash,30,3.1,4.2
2024-07-02 18:37:00,CNR4308187356,Success,CID437991,Auto,Hennur,Majestic,287.0,50.0,Not Applicable,Not Applicable,No,Not Applicable,505,UPI,18,3.9,4.5
2024-07-17 15:41:00,CNR7537477785,Success,CID633094,Auto,Shantinagar,Hosur Road,280.0,135.0,Not Applicable,Not Applicable,No,Not Applicable,190,UPI,15,3.4,3.7
2024-07-24 10:18:00,CNR6731020995,Success,CID929450,Mini,KR Puram,Rajarajeshwari Nagar,63.0,125.0,Not Applicable,Not Applicable,No,Not Applicable,223,Cash,16,3.8,4.8
2024-07-28 11:28:00,CNR2756113334,Success,CID496692,Mini,Kadugodi,Devanahalli,70.0,95.0,Not Applicable,Not Applicable,Yes,Customer Demand,259,Cash,13,4.2,3.6
2024-07-23 06:58:00,CNR8061000677,Driver Not Found,CID249735,eBike,Jayanagar,Rajajinagar,,,Not Applicable,Not Applicable,Not Applicable,Not Applicable,577,Not Applicable,0,,
2024-07-01 12:46:00,CNR1436834501,Driver Not Found,CID220600,Bike,Koramangala,Kammanahalli,,,Not Applicable,Not Applicable,Not Applicable,Not Applicable,714,Not Applicable,0,,
2024-07-06 21:51:00,CNR3987173021,Success,CID451511,Bike,Mysore Road,Basavanagudi,266.0,100.0,Not Applicable,Not Applicable,No,Not Applicable,393,Cash,27,3.9,4.0
2024-07-13 02:02:00,CNR1673467611,Success,CID197127,Bike,Kengeri,Hosur Road,280.0,75.0,Not Applicable,Not Applicable,Yes,Customer Demand,467,UPI,1,3.6,3.0
2024-07-06 05:40:00,CNR4752502785,Success,CID639052,Prime SUV,Devanahalli,Malleshwaram,238.0,130.0,Not Applicable,Not Applicable,No,Not Applicable,132,Cash,6,4.8,3.0
2024-07-18 17:02:00,CNR3771552087,Success,CID660434,Prime Sedan,KR Puram,Padmanabhanagar,105.0,80.0,Not Applicable,Not Applicable,No,Not Applicable,374,Cash,44,3.7,4.1
2024-07-06 03:21:00,CNR7237980432,Driver Not Found,CID776069,eBike,BTM Layout,Kadugodi,,,Not Applicable,Not Applicable,Not Applicable,Not Applicable,327,Not Applicable,0,,
2024-07-28 21:30:00,CNR5805329780,Canceled by Customer,CID797051,Bike,Ulsoor,Padmanabhanagar,,,AC is Not working,Not Applicable,Not Applicable,Not Applicable,702,Not Applicable,0,,
2024-07-23 06:26:00,CNR5418698260,Success,CID653557,eBike,Varthur,Langford Town,161.0,140.0,Not Applicable,Not Applicable,No,Not Applicable,826,UPI,13,4.4,4.8
2024-07-30 08:01:00,CNR6561796100,Success,CID640135,eBike,Marathahalli,MG Road,56.0,115.0,Not Applicable,Not Applicable,No,Not Applicable,309,Cash,6,3.9,3.2
2024-07-14 01:36:00,CNR3848322116,Canceled by Customer,CID551591,Bike,Tumkur Road,Padmanabhanagar,,,Driver is not moving towards pickup location,Not Applicable,Not Applicable,Not Applicable,105,Not Applicable,0,,
2024-07-12 17:33:00,CNR4675147330,Success,CID470605,Bike,Bannerghatta Road,Ramamurthy Nagar,70.0,30.0,Not Applicable,Not Applicable,No,Not Applicable,432,UPI,8,4.3,3.6
2024-07-19 20:05:00,CNR9442292152,Success,CID636554,eBike,Devanahalli,Magadi Road,168.0,50.0,Not Applicable,Not Applicable,No,Not Applicable,982,Cash,47,3.7,4.4
2024-07-02 20:44:00,CNR6746661690,Success,CID161006,Auto,Frazer Town,RT Nagar,133.0,105.0,Not Applicable,Not Applicable,No,Not Applicable,123,Cash,11,4.2,4.6
2024-07-14 11:46:00,CNR8816000229,Driver Not Found,CID534649,Prime Sedan,Bannerghatta Road,Hebbal,,,Not Applicable,Not Applicable,Not Applicable,Not Applicable,147,Not Applicable,0,,
2024-07-13 15:32:00,CNR7718274319,Success,CID230004,Prime Sedan,Yeshwanthpur,Langford Town,175.0,55.0,Not Applicable,Not Applicable,No,Not Applicable,403,Cash,8,4.9,4.0
2024-07-06 17:14:00,CNR1525951942,Success,CID810994,Bike,Nagarbhavi,Indiranagar,308.0,60.0,Not Applicable,Not Applicable,No,Not Applicable,419,Cash,49,4.8,3.3
2024-07-05 14:41:00,CNR6363574332,Canceled by Driver,CID254200,Auto,Langford Town,BTM Layout,,,Not Applicable,Customer related issue,Not Applicable,Not Applicable,906,Not Applicable,0,,
2024-07-06 23:01:00,CNR1800520782,Canceled by Driver,CID877748,Mini,Rajajinagar,Yelahanka,,,Not Applicable,More than permitted people in there,Not Applicable,Not Applicable,975,Not Applicable,0,,
2024-07-21 11:29:00,CNR2919118400,Success,CID844553,eBike,JP Nagar,Ramamurthy Nagar,56.0,30.0,Not Applicable,Not Applicable,No,Not Applicable,306,Cash,43,4.7,3.7
2024-07-30 13:06:00,CNR8092728814,Success,CID130961,Prime Plus,Whitefield,Devanahalli,252.0,40.0,Not Applicable,Not Applicable,No,Not Applicable,396,UPI,4,4.4,3.3
2024-07-14 18:23:00,CNR8257171637,Driver Not Found,CID628459,eBike,MG Road,Hosur Road,,,Not Applicable,Not Applicable,Not Applicable,Not Applicable,924,Not Applicable,0,,
2024-07-16 05:15:00,CNR1115014691,Canceled by Driver,CID169410,Prime Plus,Jayanagar,Hebbal,,,Not Applicable,More than permitted people in there,Not Applicable,Not Applicable,1963,Not Applicable,0,,
2024-07-05 15:50:00,CNR3895769502,Canceled by Driver,CID583491,Mini,Hosur Road,Whitefield,,,Not Applicable,More than permitted people in there,Not Applicable,Not Applicable,553,Not Applicable,0,,
2024-07-16 03:55:00,CNR2208036654,Success,CID868945,Prime Plus,Devanahalli,BTM Layout,154.0,50.0,Not Applicable,Not Applicable,No,Not Applicable,171,UPI,12,3.1,3.0
2024-07-30 19:17:00,CNR3956512793,Success,CID934868,Mini,Yelahanka,Kammanahalli,70.0,105.0,Not Applicable,Not Applicable,No,Not Applicable,496,Cash,44,4.7,4.6
2024-07-17 15:05:00,CNR9355608764,Success,CID646174,Prime Plus,Rajajinagar,Malleshwaram,287.0,40.0,Not Applicable,Not Applicable,No,Not Applicable,205,UPI,3,3.3,3.2
2024-07-17 22:50:00,CNR4003847707,Success,CID790154,eBike,Tumkur Road,KR Puram,105.0,115.0,Not Applicable,Not Applicable,No,Not Applicable,601,Cash,33,4.9,4.0
2024-07-28 14:27:00,CNR1388134653,Success,CID588980,eBike,Shivajinagar,Yeshwanthpur,301.0,130.0,Not Applicable,Not Applicable,No,Not Applicable,389,Cash,28,4.0,4.3
2024-07-01 08:23:00,CNR4490628478,Success,CID258593,Mini,Langford Town,Majestic,154.0,130.0,Not Applicable,Not Applicable,No,Not Applicable,322,Cash,40,3.4,3.6
2024-07-17 05:03:00,CNR8242499653,Canceled by Customer,CID104096,Auto,Banashankari,Rajajinagar,,,Wrong Address,Not Applicable,Not Applicable,Not Applicable,338,Not Applicable,0,,
2024-07-18 21:37:00,CNR9887655675,Canceled by Customer,CID812022,Auto,Vijayanagar,Hulimavu,,,Driver is not moving towards pickup location,Not Applicable,Not Applicable,Not Applicable,238,Not Applicable,0,,
2024-07-26 07:37:00,CNR2222510147,Success,CID746732,Bike,Bellandur,RT Nagar,161.0,40.0,Not Applicable,Not Applicable,No,Not Applicable,377,UPI,12,4.6,3.6
2024-07-01 18:58:00,CNR4419618569,Success,CID172704,eBike,Chamarajpet,Hennur,154.0,90.0,Not Applicable,Not Applicable,No,Not Applicable,345,Cash,20,3.7,3.4
2024-07-05 15:45:00,CNR8202786350,Success,CID498537,Mini,Majestic,Ulsoor,56.0,60.0,Not Applicable,Not Applicable,No,Not Applicable,333,Cash,10,3.3,4.0
2024-07-11 22:15:00,CNR6073785532,Canceled by Driver,CID109266,Auto,Padmanabhanagar,Bannerghatta Road,,,Not Applicable,Customer related issue,Not Applicable,Not Applicable,124,Not Applicable,0,,
2024-07-04 04:31:00,CNR1377218672,Success,CID678579,Bike,Ulsoor,Hosur Road,245.0,145.0,Not Applicable,Not Applicable,No,Not Applicable,550,UPI,2,4.6,4.7
2024-07-25 13:52:00,CNR5389051535,Success,CID296439,Prime Sedan,Frazer Town,Banashankari,112.0,60.0,Not Applicable,Not Applicable,No,Not Applicable,489,UPI,2,4.7,4.1
2024-07-21 10:43:00,CNR2747885929,Driver Not Found,CID111289,eBike,Chickpet,Rajajinagar,,,Not Applicable,Not Applicable,Not Applicable,Not Applicable,206,Not Applicable,0,,
2024-07-21 10:40:00,CNR8694577247,Success,CID715649,Mini,Indiranagar,RT Nagar,252.0,120.0,Not Applicable,Not Applicable,No,Not Applicable,2371,Cash,5,4.4,3.2
2024-07-20 17:05:00,CNR3397905864,Success,CID431637,Bike,Yeshwanthpur,Mysore Road,161.0,35.0,Not Applicable,Not Applicable,No,Not Applicable,218,UPI,36,4.3,4.1
2024-07-07 20:43:00,CNR3707222415,Success,CID888897,Auto,Devanahalli,Hosur Road,245.0,120.0,Not Applicable,Not Applicable,No,Not Applicable,322,UPI,11,3.4,4.2
2024-07-08 00:44:00,CNR8611056232,Success,CID789312,Prime Plus,Ramamurthy Nagar,Kengeri,231.0,25.0,Not Applicable,Not Applicable,No,Not Applicable,595,UPI,11,4.4,4.4
2024-07-06 04:58:00,CNR6109495985,Canceled by Driver,CID523749,Prime Sedan,Chickpet,Yeshwanthpur,,,Not Applicable,Customer related issue,Not Applicable,Not Applicable,187,Not Applicable,0,,
2024-07-28 08:45:00,CNR5646900678,Success,CID468682,eBike,MG Road,JP Nagar,161.0,130.0,Not Applicable,Not Applicable,No,Not Applicable,186,UPI,20,4.8,3.1
2024-07-02 13:59:00,CNR1946473140,Success,CID581809,eBike,Electronic City,Bellandur,252.0,35.0,Not Applicable,Not Applicable,No,Not Applicable,455,Cash,32,4.7,4.7
2024-07-30 12:37:00,CNR9648745373,Success,CID441205,Bike,Richmond Town,Hulimavu,259.0,55.0,Not Applicable,Not Applicable,No,Not Applicable,399,Cash,39,4.9,4.4
2024-07-26 12:58:00,CNR9540664243,Canceled by Customer,CID955975,eBike,Majestic,Koramangala,,,AC is Not working,Not Applicable,Not Applicable,Not Applicable,376,Not Applicable,0,,
2024-07-08 16:32:00,CNR8918054664,Success,CID554073,Prime Plus,Whitefield,Nagarbhavi,238.0,45.0,Not Applicable,Not Applicable,No,Not Applicable,395,UPI,32,3.8,3.3
2024-07-23 02:19:00,CNR4037517338,Driver Not Found,CID830123,Prime Sedan,Kammanahalli,Whitefield,,,Not Applicable,Not Applicable,Not Applicable,Not Applicable,435,Not Applicable,0,,
2024-07-02 11:23:00,CNR3428057228,Canceled by Driver,CID273117,Bike,Richmond Town,Frazer Town,,,Not Applicable,Customer related issue,Not Applicable,Not Applicable,384,Not Applicable,0,,
2024-07-14 05:03:00,CNR8833583868,Canceled by Driver,CID672128,Bike,Hennur,RT Nagar,,,Not Applicable,Customer related issue,Not Applicable,Not Applicable,411,Not Applicable,0,,
2024-07-28 23:48:00,CNR8223795666,Success,CID662722,Prime Sedan,Sarjapur Road,Chamarajpet,217.0,60.0,Not Applicable,Not Applicable,No,Not Applicable,2285,Cash,17,3.8,3.6
2024-07-26 11:42:00,CNR9061204073,Success,CID691026,Auto,Peenya,Hennur,63.0,75.0,Not Applicable,Not Applicable,No,Not Applicable,106,Cash,16,5.0,3.7
2024-07-06 20:30:00,CNR5544451079,Canceled by Customer,CID523828,Prime Plus,Basavanagudi,HSR Layout,,,AC is Not working,Not Applicable,Not Applicable,Not Applicable,405,Not Applicable,0,,
2024-07-21 20:20:00,CNR3128280154,Canceled by Driver,CID678074,Bike,KR Puram,Hosur Road,,,Not Applicable,Personal & Car related issue,Not Applicable,Not Applicable,214,Not Applicable,0,,
2024-07-15 12:55:00,CNR8061196077,Canceled by Customer,CID610569,eBike,JP Nagar,Hennur,,,Wrong Address,Not Applicable,Not Applicable,Not Applicable,145,Not Applicable,0,,
2024-07-17 00:41:00,CNR9977678954,Canceled by Driver,CID133070,Prime Sedan,Rajajinagar,Electronic City,,,Not Applicable,Personal & Car related issue,Not Applicable,Not Applicable,328,Not Applicable,0,,
2024-07-28 14:00:00,CNR1449370726,Success,CID394785,Prime SUV,Mysore Road,Langford Town,294.0,90.0,Not Applicable,Not Applicable,No,Not Applicable,470,Credit Card,11,4.7,3.7
2024-07-25 22:00:00,CNR9670697143,Success,CID824613,Auto,Yelahanka,Jayanagar,35.0,85.0,Not Applicable,Not Applicable,No,Not Applicable,121,UPI,19,4.1,4.3
2024-07-30 07:47:00,CNR2897129857,Success,CID506688,eBike,Ulsoor,Kadugodi,119.0,70.0,Not Applicable,Not Applicable,No,Not Applicable,394,Cash,3,4.6,4.2
2024-07-13 22:27:00,CNR2474009365,Success,CID620506,Bike,Hebbal,Electronic City,196.0,95.0,Not Applicable,Not Applicable,No,Not Applicable,453,UPI,22,3.1,3.2
2024-07-01 12:37:00,CNR6508445697,Canceled by Customer,CID361575,Prime Sedan,HSR Layout,Banashankari,,,Wrong Address,Not Applicable,Not Applicable,Not Applicable,206,Not Applicable,0,,
2024-07-28 13:23:00,CNR5933140637,Canceled by Driver,CID953130,eBike,Richmond Town,MG Road,,,Not Applicable,Personal & Car related issue,Not Applicable,Not Applicable,862,Not Applicable,0,,
2024-07-18 02:57:00,CNR5530157739,Success,CID928785,Bike,Frazer Town,Majestic,119.0,145.0,Not Applicable,Not Applicable,No,Not Applicable,458,UPI,31,4.1,4.9
2024-07-25 20:06:00,CNR6713151128,Canceled by Driver,CID740363,Prime SUV,Ulsoor,Ramamurthy Nagar,,,Not Applicable,Customer related issue,Not Applicable,Not Applicable,531,Not Applicable,0,,
2024-07-27 00:51:00,CNR2031100311,Success,CID609938,Prime Sedan,Ramamurthy Nagar,Malleshwaram,301.0,120.0,Not Applicable,Not Applicable,No,Not Applicable,450,UPI,35,4.0,3.5
2024-07-22 12:11:00,CNR3930174491,Success,CID471189,Prime Sedan,Vijayanagar,Malleshwaram,112.0,75.0,Not Applicable,Not Applicable,No,Not Applicable,374,UPI,49,4.8,4.4
2024-07-01 00:05:00,CNR5741290724,Success,CID433994,Bike,Devanahalli,Chickpet,280.0,75.0,Not Applicable,Not Applicable,No,Not Applicable,359,UPI,42,4.5,4.9
2024-07-30 14:45:00,CNR2291606140,Success,CID236244,Prime Plus,Shivajinagar,Yeshwanthpur,168.0,60.0,Not Applicable,Not Applicable,No,Not Applicable,118,UPI,8,4.7,3.9
2024-07-19 22:35:00,CNR3886008268,Success,CID103582,Prime Plus,Koramangala,Frazer Town,301.0,40.0,Not Applicable,Not Applicable,No,Not Applicable,507,Cash,43,3.7,4.7
2024-07-14 12:04:00,CNR9671037930,Success,CID515530,Mini,Nagarbhavi,Peenya,70.0,45.0,Not Applicable,Not Applicable,No,Not Applicable,517,Cash,13,4.8,4.3
2024-07-02 08:50:00,CNR7598071182,Success,CID670896,Prime SUV,Majestic,Shantinagar,126.0,130.0,Not Applicable,Not Applicable,No,Not Applicable,344,Cash,43,4.2,4.5
2024-07-05 19:42:00,CNR4102750658,Success,CID113157,Prime SUV,Marathahalli,Nagarbhavi,259.0,130.0,Not Applicable,Not Applicable,Yes,Vehicle Breakdown,484,UPI,27,3.1,4.1
2024-07-07 00:38:00,CNR2637433636,Canceled by Driver,CID827176,Auto,Bannerghatta Road,Banashankari,,,Not Applicable,Personal & Car related issue,Not Applicable,Not Applicable,2176,Not Applicable,0,,
2024-07-07 06:21:00,CNR5329597590,Success,CID336541,Mini,Banashankari,Jayanagar,168.0,90.0,Not Applicable,Not Applicable,No,Not Applicable,155,Cash,36,3.4,3.1
2024-07-28 15:33:00,CNR1674146988,Success,CID702747,Prime Sedan,Mysore Road,Yeshwanthpur,105.0,85.0,Not Applicable,Not Applicable,No,Not Applicable,2438,Cash,22,4.1,3.5
2024-07-18 19:17:00,CNR9061082504,Success,CID265563,Bike,Varthur,Kadugodi,154.0,60.0,Not Applicable,Not Applicable,No,Not Applicable,2674,Cash,8,3.9,3.8
2024-07-19 12:31:00,CNR4503794024,Driver Not Found,CID301414,Prime Sedan,Kammanahalli,Whitefield,,,Not Applicable,Not Applicable,Not Applicable,Not Applicable,244,Not Applicable,0,,
2024-07-06 10:18:00,CNR3931305597,Success,CID647987,Bike,Cox Town,Yelahanka,35.0,145.0,Not Applicable,Not Applicable,No,Not Applicable,295,UPI,42,4.6,4.6
2024-07-03 14:44:00,CNR1278654233,Success,CID395448,Bike,Bannerghatta Road,Kammanahalli,189.0,65.0,Not Applicable,Not Applicable,No,Not Applicable,404,Cash,44,3.1,3.8
2024-07-13 04:16:00,CNR3087301350,Success,CID673152,Prime Sedan,MG Road,Bannerghatta Road,49.0,55.0,Not Applicable,Not Applicable,No,Not Applicable,438,Cash,34,3.4,4.1
2024-07-14 10:46:00,CNR7400043880,Canceled by Customer,CID479536,Prime Sedan,Sarjapur Road,Jayanagar,,,Driver asked to cancel,Not Applicable,Not Applicable,Not Applicable,951,Not Applicable,0,,
2024-07-09 22:57:00,CNR4855190727,Success,CID426357,Auto,Banashankari,Kadugodi,70.0,25.0,Not Applicable,Not Applicable,No,Not Applicable,223,UPI,16,4.6,4.5
2024-07-20 14:33:00,CNR9169342841,Success,CID537423,Mini,Devanahalli,Majestic,112.0,110.0,Not Applicable,Not Applicable,No,Not Applicable,393,Cash,17,3.6,3.3
2024-07-12 22:53:00,CNR6653027644,Success,CID420237,Mini,Varthur,Peenya,301.0,50.0,Not Applicable,Not Applicable,No,Not Applicable,342,Cash,20,4.6,4.4
2024-07-01 14:53:00,CNR8165616937,Success,CID679695,Prime SUV,Marathahalli,Rajajinagar,161.0,100.0,Not Applicable,Not Applicable,No,Not Applicable,393,Cash,45,3.8,4.5
2024-07-17 07:36:00,CNR7994655804,Success,CID235956,Prime Sedan,Shivajinagar,Kadugodi,49.0,40.0,Not Applicable,Not Applicable,Yes,Customer Demand,144,Cash,10,4.2,3.1
2024-07-07 18:36:00,CNR6512391395,Success,CID217563,Prime SUV,RT Nagar,Kengeri,98.0,40.0,Not Applicable,Not Applicable,No,Not Applicable,2372,UPI,5,3.0,4.8
2024-07-03 08:58:00,CNR9127546931,Driver Not Found,CID684511,Prime SUV,Magadi Road,Hulimavu,,,Not Applicable,Not Applicable,Not Applicable,Not Applicable,453,Not Applicable,0,,
2024-07-11 19:46:00,CNR4849853639,Success,CID990422,Auto,Hebbal,Bellandur,175.0,120.0,Not Applicable,Not Applicable,No,Not Applicable,986,Cash,17,4.5,4.0
2024-07-21 17:45:00,CNR5306531282,Success,CID118689,Prime SUV,Tumkur Road,Varthur,168.0,125.0,Not Applicable,Not Applicable,No,Not Applicable,525,Cash,20,4.5,3.9
2024-07-30 18:58:00,CNR4598304111,Success,CID856724,Prime Plus,Padmanabhanagar,Sarjapur Road,112.0,100.0,Not Applicable,Not Applicable,No,Not Applicable,652,UPI,36,3.0,3.6
2024-07-12 21:34:00,CNR7306149721,Success,CID626269,Bike,Magadi Road,Whitefield,203.0,95.0,Not Applicable,Not Applicable,No,Not Applicable,253,Cash,12,4.6,4.4
2024-07-30 10:41:00,CNR5716302491,Success,CID369706,Prime SUV,Majestic,Jayanagar,189.0,70.0,Not Applicable,Not Applicable,Yes,Vehicle Breakdown,117,UPI,1,4.5,3.9
2024-07-25 02:43:00,CNR5325958758,Success,CID268352,eBike,Padmanabhanagar,Devanahalli,168.0,55.0,Not Applicable,Not Applicable,No,Not Applicable,150,Credit Card,38,3.1,4.8
2024-07-02 23:13:00,CNR5557462076,Driver Not Found,CID624198,Mini,Koramangala,Ramamurthy Nagar,,,Not Applicable,Not Applicable,Not Applicable,Not Applicable,477,Not Applicable,0,,
2024-07-03 23:08:00,CNR1308357368,Success,CID481840,Auto,Tumkur Road,Devanahalli,210.0,60.0,Not Applicable,Not Applicable,No,Not Applicable,207,UPI,9,4.1,3.1
2024-07-12 23:02:00,CNR4364458238,Driver Not Found,CID847277,Prime SUV,Mysore Road,Bannerghatta Road,,,Not Applicable,Not Applicable,Not Applicable,Not Applicable,257,Not Applicable,0,,
2024-07-28 02:37:00,CNR4705921589,Success,CID105072,Prime Sedan,Majestic,Varthur,280.0,55.0,Not Applicable,Not Applicable,No,Not Applicable,405,Cash,28,4.4,3.8
2024-07-11 21:29:00,CNR7734930273,Canceled by Customer,CID558589,Auto,Malleshwaram,Sahakar Nagar,,,Driver is not moving towards pickup location,Not Applicable,Not Applicable,Not Applicable,523,Not Applicable,0,,
2024-07-06 22:41:00,CNR3711316005,Success,CID365103,Prime SUV,Hebbal,HSR Layout,126.0,140.0,Not Applicable,Not Applicable,No,Not Applicable,393,Cash,30,3.1,3.6
2024-07-09 18:49:00,CNR1354617498,Driver Not Found,CID310155,Prime SUV,HSR Layout,BTM Layout,,,Not Applicable,Not Applicable,Not Applicable,Not Applicable,408,Not Applicable,0,,
2024-07-15 17:23:00,CNR3609893437,Success,CID732085,eBike,Ulsoor,Majestic,77.0,80.0,Not Applicable,Not Applicable,No,Not Applicable,118,Cash,28,4.5,4.4
2024-07-20 02:53:00,CNR9682225373,Success,CID731930,Mini,Majestic,Electronic City,42.0,125.0,Not Applicable,Not Applicable,No,Not Applicable,310,Credit Card,20,3.2,4.3
2024-07-25 23:55:00,CNR5479218475,Success,CID581833,Auto,KR Puram,Basavanagudi,287.0,105.0,Not Applicable,Not Applicable,Yes,Customer Demand,385,UPI,7,3.7,4.8
2024-07-05 00:38:00,CNR5110390460,Canceled by Customer,CID384531,Prime Plus,KR Puram,Jayanagar,,,Driver asked to cancel,Not Applicable,Not Applicable,Not Applicable,363,Not Applicable,0,,
2024-07-28 01:14:00,CNR2306750678,Success,CID510579,Prime Sedan,Peenya,Rajajinagar,63.0,30.0,Not Applicable,Not Applicable,No,Not Applicable,342,Cash,10,4.9,3.0
2024-07-09 20:17:00,CNR2148939029,Success,CID868594,eBike,Shantinagar,Sarjapur Road,280.0,50.0,Not Applicable,Not Applicable,No,Not Applicable,393,Cash,40,4.0,4.5
2024-07-25 10:45:00,CNR7106923243,Success,CID372719,Prime Plus,Bannerghatta Road,Hennur,119.0,55.0,Not Applicable,Not Applicable,No,Not Applicable,143,UPI,25,4.6,4.0
2024-07-16 17:00:00,CNR8600822495,Success,CID969837,Mini,Tumkur Road,Chamarajpet,119.0,140.0,Not Applicable,Not Applicable,No,Not Applicable,861,Cash,10,3.0,4.7
2024-07-14 19:15:00,CNR7649870523,Success,CID832673,Mini,Kengeri,Nagarbhavi,259.0,75.0,Not Applicable,Not Applicable,No,Not Applicable,498,Cash,11,4.5,4.3
2024-07-24 16:18:00,CNR6590497122,Canceled by Driver,CID344302,Auto,Ramamurthy Nagar,Sarjapur Road,,,Not Applicable,Personal & Car related issue,Not Applicable,Not Applicable,402,Not Applicable,0,,
2024-07-25 07:08:00,CNR8708717424,Success,CID485390,Prime SUV,Chickpet,Ramamurthy Nagar,266.0,40.0,Not Applicable,Not Applicable,No,Not Applicable,415,UPI,47,3.3,3.6
2024-07-13 10:43:00,CNR1489337556,Success,CID340662,Prime Plus,Koramangala,Indiranagar,182.0,80.0,Not Applicable,Not Applicable,No,Not Applicable,285,Cash,10,3.7,5.0
2024-07-21 05:45:00,CNR1622735025,Canceled by Customer,CID932042,Prime Plus,Shivajinagar,Bellandur,,,Change of plans,Not Applicable,Not Applicable,Not Applicable,159,Not Applicable,0,,
2024-07-06 13:51:00,CNR2057845620,Success,CID392073,Mini,Shantinagar,HSR Layout,147.0,45.0,Not Applicable,Not Applicable,No,Not Applicable,2912,Cash,9,4.6,3.6
2024-07-05 21:50:00,CNR4523871381,Canceled by Customer,CID966473,Auto,Shivajinagar,JP Nagar,,,Driver is not moving towards pickup location,Not Applicable,Not Applicable,Not Applicable,164,Not Applicable,0,,
2024-07-14 17:59:00,CNR5854709096,Success,CID903440,eBike,Peenya,Jayanagar,217.0,60.0,Not Applicable,Not Applicable,No,Not Applicable,292,UPI,4,4.1,3.0
2024-07-06 22:36:00,CNR7161577495,Success,CID931708,Prime Sedan,Peenya,Magadi Road,266.0,30.0,Not Applicable,Not Applicable,No,Not Applicable,510,Cash,18,3.4,3.5
2024-07-20 14:48:00,CNR8567087379,Canceled by Driver,CID119911,Prime SUV,Tumkur Road,Ulsoor,,,Not Applicable,Personal & Car related issue,Not Applicable,Not Applicable,403,Not Applicable,0,,
2024-07-22 18:19:00,CNR6931622389,Canceled by Customer,CID271677,Prime Sedan,JP Nagar,Shantinagar,,,Driver is not moving towards pickup location,Not Applicable,Not Applicable,Not Applicable,380,Not Applicable,0,,
2024-07-26 23:06:00,CNR3399875242,Success,CID377849,Mini,Peenya,Sarjapur Road,168.0,135.0,Not Applicable,Not Applicable,No,Not Applicable,1803,Cash,2,4.6,3.2
2024-07-15 14:04:00,CNR9482847229,Driver Not Found,CID328338,Prime Plus,Shivajinagar,KR Puram,,,Not Applicable,Not Applicable,Not Applicable,Not Applicable,1047,Not Applicable,0,,
2024-07-14 05:03:00,CNR6120672496,Success,CID619594,Bike,Kadugodi,Rajarajeshwari Nagar,294.0,75.0,Not Applicable,Not Applicable,No,Not Applicable,429,UPI,14,4.4,4.1
2024-07-27 16:18:00,CNR9788503822,Success,CID950819,Prime Plus,Kammanahalli,Jayanagar,63.0,70.0,Not Applicable,Not Applicable,No,Not Applicable,633,Cash,6,4.9,4.1
2024-07-19 21:02:00,CNR2908609397,Driver Not Found,CID922752,Prime Plus,Bannerghatta Road,Cox Town,,,Not Applicable,Not Applicable,Not Applicable,Not Applicable,244,Not Applicable,0,,
2024-07-27 06:28:00,CNR3158695326,Success,CID888890,Bike,Electronic City,Chamarajpet,175.0,80.0,Not Applicable,Not Applicable,No,Not Applicable,296,Cash,16,3.2,4.1
2024-07-10 13:10:00,CNR5923421294,Success,CID627056,Auto,Nagarbhavi,Bannerghatta Road,182.0,110.0,Not Applicable,Not Applicable,No,Not Applicable,250,UPI,15,3.1,3.6
2024-07-09 05:21:00,CNR1891741174,Success,CID136420,Auto,Sahakar Nagar,Bellandur,175.0,35.0,Not Applicable,Not Applicable,No,Not Applicable,804,Cash,16,4.4,4.9
2024-07-16 18:53:00,CNR7451511460,Canceled by Customer,CID783794,eBike,Sarjapur Road,Rajajinagar,,,AC is Not working,Not Applicable,Not Applicable,Not Applicable,131,Not Applicable,0,,
2024-07-16 04:38:00,CNR1897950000,Driver Not Found,CID468847,eBike,Cox Town,Marathahalli,,,Not Applicable,Not Applicable,Not Applicable,Not Applicable,820,Not Applicable,0,,
2024-07-05 09:54:00,CNR5459038670,Success,CID656657,Mini,MG Road,Kengeri,308.0,100.0,Not Applicable,Not Applicable,No,Not Applicable,143,Cash,42,3.2,3.3
2024-07-28 18:44:00,CNR6901714410,Success,CID960611,Prime Plus,Richmond Town,Magadi Road,84.0,95.0,Not Applicable,Not Applicable,Yes,Vehicle Breakdown,734,Cash,46,4.0,3.0
2024-07-28 13:10:00,CNR5131360367,Success,CID412194,Auto,Hennur,Magadi Road,70.0,60.0,Not Applicable,Not Applicable,No,Not Applicable,186,UPI,15,4.8,3.9
2024-07-14 11:50:00,CNR6147392396,Success,CID534864,eBike,Kadugodi,Electronic City,42.0,50.0,Not Applicable,Not Applicable,No,Not Applicable,264,UPI,44,3.7,3.8
2024-07-22 12:04:00,CNR4691573716,Success,CID238068,Auto,Kengeri,Indiranagar,259.0,25.0,Not Applicable,Not Applicable,No,Not Applicable,211,Cash,8,3.6,3.8
2024-07-27 22:52:00,CNR1758233183,Success,CID469778,Prime Plus,Indiranagar,Shantinagar,308.0,45.0,Not Applicable,Not Applicable,No,Not Applicable,332,Cash,34,3.9,3.5
2024-07-07 10:34:00,CNR8313212683,Success,CID613727,Auto,Bellandur,Chamarajpet,112.0,90.0,Not Applicable,Not Applicable,No,Not Applicable,940,Cash,4,4.3,4.0
2024-07-01 03:20:00,CNR4817132841,Canceled by Customer,CID931823,Auto,Bellandur,Peenya,,,Driver is not moving towards pickup location,Not Applicable,Not Applicable,Not Applicable,181,Not Applicable,0,,
2024-07-27 21:28:00,CNR4713387521,Success,CID450707,Prime Sedan,Magadi Road,Rajarajeshwari Nagar,119.0,100.0,Not Applicable,Not Applicable,No,Not Applicable,180,Cash,37,3.1,3.2
2024-07-05 12:44:00,CNR3508734322,Success,CID584450,Prime Sedan,Peenya,Electronic City,161.0,130.0,Not Applicable,Not Applicable,No,Not Applicable,390,Cash,5,4.6,3.1
2024-07-13 00:02:00,CNR9342304003,Success,CID621311,eBike,Frazer Town,Whitefield,252.0,25.0,Not Applicable,Not Applicable,No,Not Applicable,204,Cash,10,4.7,3.9
2024-07-30 02:55:00,CNR9120625797,Driver Not Found,CID347545,Auto,Richmond Town,Jayanagar,,,Not Applicable,Not Applicable,Not Applicable,Not Applicable,442,Not Applicable,0,,
2024-07-23 08:37:00,CNR4279390331,Canceled by Customer,CID990782,Auto,Basavanagudi,Frazer Town,,,Change of plans,Not Applicable,Not Applicable,Not Applicable,931,Not Applicable,0,,
2024-07-15 21:26:00,CNR3108542737,Canceled by Driver,CID902780,Bike,HSR Layout,Langford Town,,,Not Applicable,Customer related issue,Not Applicable,Not Applicable,225,Not Applicable,0,,
2024-07-24 07:12:00,CNR2368695779,Success,CID233461,Prime Plus,Langford Town,Marathahalli,189.0,60.0,Not Applicable,Not Applicable,No,Not Applicable,300,Cash,16,3.9,4.5
2024-07-18 22:55:00,CNR9602862501,Canceled by Driver,CID181076,Prime Plus,Indiranagar,Devanahalli,,,Not Applicable,Personal & Car related issue,Not Applicable,Not Applicable,405,Not Applicable,0,,
2024-07-22 20:02:00,CNR1723379652,Canceled by Driver,CID354290,Auto,Sarjapur Road,Devanahalli,,,Not Applicable,Personal & Car related issue,Not Applicable,Not Applicable,448,Not Applicable,0,,
2024-07-22 01:01:00,CNR9350109818,Success,CID239989,Mini,Mysore Road,Bannerghatta Road,161.0,140.0,Not Applicable,Not Applicable,No,Not Applicable,308,Cash,45,3.9,4.7
2024-07-03 22:56:00,CNR4771768625,Canceled by Driver,CID396230,Auto,Hulimavu,Chamarajpet,,,Not Applicable,Customer was coughing/sick,Not Applicable,Not Applicable,847,Not Applicable,0,,
2024-07-27 05:41:00,CNR6969928960,Driver Not Found,CID487748,Auto,Kengeri,Ulsoor,,,Not Applicable,Not Applicable,Not Applicable,Not Applicable,132,Not Applicable,0,,
2024-07-22 03:44:00,CNR9849130511,Success,CID355603,Auto,Tumkur Road,Rajarajeshwari Nagar,147.0,95.0,Not Applicable,Not Applicable,No,Not Applicable,168,UPI,12,3.8,4.6
2024-07-17 19:54:00,CNR1670152222,Success,CID377036,Mini,JP Nagar,Chamarajpet,56.0,85.0,Not Applicable,Not Applicable,No,Not Applicable,185,Cash,21,5.0,4.7
2024-07-28 08:14:00,CNR7737188031,Canceled by Customer,CID695067,eBike,Electronic City,Marathahalli,,,Driver asked to cancel,Not Applicable,Not Applicable,Not Applicable,357,Not Applicable,0,,
2024-07-05 11:24:00,CNR9484060640,Canceled by Driver,CID900680,eBike,Yelahanka,Kadugodi,,,Not Applicable,Personal & Car related issue,Not Applicable,Not Applicable,340,Not Applicable,0,,
2024-07-22 02:05:00,CNR9163418279,Success,CID613717,Mini,Banashankari,Shantinagar,126.0,115.0,Not Applicable,Not Applicable,No,Not Applicable,805,UPI,13,3.0,4.9
2024-07-29 18:54:00,CNR4841940653,Success,CID827100,Prime Plus,Shivajinagar,Chamarajpet,231.0,105.0,Not Applicable,Not Applicable,No,Not Applicable,598,UPI,4,3.8,4.0
2024-07-24 12:26:00,CNR8237923241,Success,CID269184,Prime SUV,Sahakar Nagar,Rajajinagar,63.0,75.0,Not Applicable,Not Applicable,Yes,Other Issue,404,Debit Card,20,3.3,3.8
2024-07-27 20:57:00,CNR3315186421,Canceled by Driver,CID710264,Bike,Rajajinagar,Kengeri,,,Not Applicable,Personal & Car related issue,Not Applicable,Not Applicable,112,Not Applicable,0,,
2024-07-26 15:51:00,CNR5187254547,Canceled by Driver,CID646681,Mini,Malleshwaram,Devanahalli,,,Not Applicable,Personal & Car related issue,Not Applicable,Not Applicable,947,Not Applicable,0,,
2024-07-21 18:46:00,CNR3477200287,Success,CID514455,Mini,Varthur,Basavanagudi,252.0,140.0,Not Applicable,Not Applicable,No,Not Applicable,2549,Cash,21,4.5,3.5
2024-07-09 11:57:00,CNR1914940156,Canceled by Customer,CID133490,Bike,Frazer Town,Sahakar Nagar,,,Driver asked to cancel,Not Applicable,Not Applicable,Not Applicable,168,Not Applicable,0,,
2024-07-03 02:28:00,CNR3348409556,Canceled by Customer,CID804801,Prime SUV,RT Nagar,Hosur Road,,,Driver is not moving towards pickup location,Not Applicable,Not Applicable,Not Applicable,468,Not Applicable,0,,
2024-07-08 21:45:00,CNR8618373983,Success,CID427698,Bike,Rajajinagar,Bellandur,161.0,105.0,Not Applicable,Not Applicable,No,Not Applicable,178,Cash,9,4.3,4.1
2024-07-20 08:42:00,CNR4419585534,Success,CID797580,Prime SUV,Hosur Road,Hebbal,266.0,115.0,Not Applicable,Not Applicable,No,Not Applicable,237,UPI,13,4.3,3.7
2024-07-26 13:51:00,CNR7482656068,Success,CID807347,eBike,Varthur,Richmond Town,91.0,65.0,Not Applicable,Not Applicable,No,Not Applicable,292,UPI,47,4.0,4.0
2024-07-14 01:03:00,CNR2990331587,Success,CID455336,Prime SUV,Langford Town,Malleshwaram,105.0,45.0,Not Applicable,Not Applicable,No,Not Applicable,773,Cash,38,4.2,3.7
2024-07-18 14:44:00,CNR6207858809,Success,CID103017,Auto,Shantinagar,Tumkur Road,56.0,105.0,Not Applicable,Not Applicable,Yes,Vehicle Breakdown,260,Cash,14,4.9,3.7
2024-07-03 03:53:00,CNR4069019775,Success,CID495045,Auto,Yelahanka,Richmond Town,112.0,115.0,Not Applicable,Not Applicable,No,Not Applicable,1019,Cash,3,4.0,4.3
2024-07-01 23:34:00,CNR4983811715,Success,CID927950,Bike,Ramamurthy Nagar,Cox Town,105.0,140.0,Not Applicable,Not Applicable,No,Not Applicable,921,Cash,35,3.3,5.0
2024-07-01 16:36:00,CNR1285330877,Canceled by Customer,CID165971,Auto,Nagarbhavi,Varthur,,,Driver is not moving towards pickup location,Not Applicable,Not Applicable,Not Applicable,119,Not Applicable,0,,
2024-07-19 18:59:00,CNR1483152480,Success,CID554798,Prime Plus,Hennur,Varthur,161.0,145.0,Not Applicable,Not Applicable,Yes,Customer Demand,264,Cash,45,3.7,4.9
2024-07-10 21:04:00,CNR7334240645,Success,CID292697,Mini,RT Nagar,KR Puram,203.0,125.0,Not Applicable,Not Applicable,No,Not Applicable,313,Cash,13,4.8,3.8
2024-07-16 18:41:00,CNR8389164889,Success,CID973721,Prime Sedan,KR Puram,Shivajinagar,91.0,130.0,Not Applicable,Not Applicable,No,Not Applicable,2485,UPI,35,3.4,4.1
2024-07-01 05:47:00,CNR4837027463,Success,CID952641,Prime Plus,Shivajinagar,Nagarbhavi,175.0,65.0,Not Applicable,Not Applicable,No,Not Applicable,291,Cash,42,4.0,3.3
2024-07-11 16:47:00,CNR3483705896,Success,CID315148,Prime SUV,Kengeri,Yeshwanthpur,140.0,35.0,Not Applicable,Not Applicable,No,Not Applicable,2919,Cash,19,4.3,4.5
2024-07-18 01:58:00,CNR9476876953,Success,CID892697,Prime Sedan,BTM Layout,Cox Town,42.0,110.0,Not Applicable,Not Applicable,No,Not Applicable,574,Cash,10,4.4,4.6
2024-07-06 22:56:00,CNR6140257701,Success,CID897685,Bike,Hulimavu,Hosur Road,238.0,25.0,Not Applicable,Not Applicable,No,Not Applicable,494,Cash,24,4.0,4.6
2024-07-16 09:31:00,CNR6050822167,Success,CID526858,Mini,Langford Town,Richmond Town,154.0,85.0,Not Applicable,Not Applicable,No,Not Applicable,215,Cash,43,4.6,4.8
2024-07-13 16:03:00,CNR3432150914,Canceled by Driver,CID457392,Prime SUV,Kammanahalli,Rajajinagar,,,Not Applicable,More than permitted people in there,Not Applicable,Not Applicable,217,Not Applicable,0,,
2024-07-15 12:33:00,CNR4081500189,Success,CID699155,Bike,Yeshwanthpur,Shivajinagar,189.0,130.0,Not Applicable,Not Applicable,No,Not Applicable,654,UPI,29,4.4,3.7
2024-07-05 11:00:00,CNR2327651652,Success,CID557765,Prime Plus,Richmond Town,Cox Town,77.0,145.0,Not Applicable,Not Applicable,No,Not Applicable,584,UPI,33,3.7,4.4
2024-07-08 16:27:00,CNR4306920518,Canceled by Driver,CID348597,eBike,BTM Layout,Padmanabhanagar,,,Not Applicable,Customer was coughing/sick,Not Applicable,Not Applicable,360,Not Applicable,0,,
2024-07-28 08:42:00,CNR7068306273,Success,CID181838,Auto,Sarjapur Road,Banashankari,175.0,65.0,Not Applicable,Not Applicable,No,Not Applicable,480,UPI,17,4.0,3.3
2024-07-07 12:05:00,CNR9336214009,Success,CID163557,Prime SUV,Indiranagar,Ramamurthy Nagar,301.0,140.0,Not Applicable,Not Applicable,Yes,Customer Demand,455,UPI,15,5.0,4.1
2024-07-14 23:53:00,CNR8874772454,Success,CID393492,Bike,Shivajinagar,Shivajinagar,84.0,55.0,Not Applicable,Not Applicable,No,Not Applicable,533,Cash,39,3.3,3.1
2024-07-23 01:13:00,CNR4641254014,Success,CID302657,Bike,Marathahalli,Bellandur,196.0,45.0,Not Applicable,Not Applicable,No,Not Applicable,474,UPI,19,4.9,4.7
2024-07-03 14:34:00,CNR8796647513,Success,CID714693,Bike,MG Road,Frazer Town,63.0,115.0,Not Applicable,Not Applicable,No,Not Applicable,406,UPI,8,4.9,4.4
2024-07-01 15:21:00,CNR7479267487,Driver Not Found,CID437290,Bike,Kammanahalli,Chickpet,,,Not Applicable,Not Applicable,Not Applicable,Not Applicable,175,Not Applicable,0,,
2024-07-16 02:20:00,CNR1920414292,Success,CID429100,eBike,Jayanagar,Jayanagar,308.0,125.0,Not Applicable,Not Applicable,No,Not Applicable,445,UPI,22,3.9,3.4
2024-07-07 05:31:00,CNR3986613508,Canceled by Customer,CID682197,Auto,KR Puram,BTM Layout,,,AC is Not working,Not Applicable,Not Applicable,Not Applicable,156,Not Applicable,0,,
2024-07-07 00:28:00,CNR5121438178,Canceled by Driver,CID692698,eBike,Vijayanagar,Sahakar Nagar,,,Not Applicable,Customer was coughing/sick,Not Applicable,Not Applicable,903,Not Applicable,0,,
2024-07-23 03:28:00,CNR8872184064,Canceled by Driver,CID157015,eBike,Kammanahalli,Frazer Town,,,Not Applicable,More than permitted people in there,Not Applicable,Not Applicable,998,Not Applicable,0,,
2024-07-23 05:50:00,CNR3653217528,Success,CID738026,Bike,Marathahalli,Kadugodi,56.0,100.0,Not Applicable,Not Applicable,No,Not Applicable,588,Credit Card,46,3.2,3.0
2024-07-09 14:16:00,CNR4587073670,Canceled by Driver,CID787450,eBike,Shivajinagar,Frazer Town,,,Not Applicable,Personal & Car related issue,Not Applicable,Not Applicable,213,Not Applicable,0,,
2024-07-04 14:59:00,CNR8131149335,Success,CID790186,Bike,Hebbal,Ulsoor,217.0,110.0,Not Applicable,Not Applicable,No,Not Applicable,273,Debit Card,28,4.6,4.9
2024-07-21 11:04:00,CNR3525806424,Success,CID361516,Prime Plus,Frazer Town,Malleshwaram,266.0,125.0,Not Applicable,Not Applicable,No,Not Applicable,946,UPI,25,4.5,4.2
2024-07-27 21:57:00,CNR4456248829,Success,CID135200,Prime SUV,Varthur,Indiranagar,287.0,120.0,Not Applicable,Not Applicable,No,Not Applicable,499,Cash,47,4.3,4.7
2024-07-09 19:17:00,CNR1447617095,Success,CID800534,Bike,Kammanahalli,Kadugodi,182.0,35.0,Not Applicable,Not Applicable,Yes,Vehicle Breakdown,131,Cash,11,4.3,4.2
2024-07-26 21:17:00,CNR4686816578,Success,CID854244,Prime Plus,Shantinagar,Whitefield,161.0,80.0,Not Applicable,Not Applicable,No,Not Applicable,2588,UPI,46,4.4,4.6
2024-07-25 15:54:00,CNR1310816033,Success,CID737898,Mini,Peenya,Chickpet,301.0,135.0,Not Applicable,Not Applicable,No,Not Applicable,577,UPI,24,3.1,4.5
2024-07-09 01:21:00,CNR6247737740,Success,CID371519,Mini,Bellandur,Chamarajpet,49.0,80.0,Not Applicable,Not Applicable,No,Not Applicable,298,UPI,45,3.4,3.3
2024-07-29 05:56:00,CNR5460539001,Driver Not Found,CID817306,Auto,Rajajinagar,Basavanagudi,,,Not Applicable,Not Applicable,Not Applicable,Not Applicable,377,Not Applicable,0,,
2024-07-04 04:15:00,CNR4332128058,Success,CID762082,Auto,Chamarajpet,Shivajinagar,35.0,140.0,Not Applicable,Not Applicable,No,Not Applicable,263,UPI,15,3.6,4.5
2024-07-23 06:25:00,CNR7617608186,Canceled by Driver,CID770419,Prime Sedan,Richmond Town,Electronic City,,,Not Applicable,Personal & Car related issue,Not Applicable,Not Applicable,2282,Not Applicable,0,,
2024-07-22 04:02:00,CNR7583570391,Driver Not Found,CID710483,Prime Sedan,Kammanahalli,Sahakar Nagar,,,Not Applicable,Not Applicable,Not Applicable,Not Applicable,316,Not Applicable,0,,
2024-07-06 17:03:00,CNR5987032661,Success,CID655849,Prime SUV,Yelahanka,Bannerghatta Road,98.0,105.0,Not Applicable,Not Applicable,No,Not Applicable,348,UPI,43,3.5,3.1
2024-07-14 04:21:00,CNR9549142772,Success,CID403256,Prime Plus,Nagarbhavi,Ramamurthy Nagar,273.0,135.0,Not Applicable,Not Applicable,No,Not Applicable,446,Cash,2,3.8,4.2
2024-07-16 18:22:00,CNR7446627524,Driver Not Found,CID349912,Auto,MG Road,Bellandur,,,Not Applicable,Not Applicable,Not Applicable,Not Applicable,343,Not Applicable,0,,
2024-07-12 09:00:00,CNR2138573363,Success,CID609323,Mini,Kadugodi,Kammanahalli,140.0,45.0,Not Applicable,Not Applicable,No,Not Applicable,107,UPI,43,3.0,3.7
2024-07-09 11:19:00,CNR4249818564,Success,CID941864,Prime Sedan,Basavanagudi,Bannerghatta Road,196.0,75.0,Not Applicable,Not Applicable,Yes,Vehicle Breakdown,347,Cash,15,4.1,4.3
2024-07-05 09:09:00,CNR4058887907,Driver Not Found,CID149463,Prime SUV,Hosur Road,Sahakar Nagar,,,Not Applicable,Not Applicable,Not Applicable,Not Applicable,427,Not Applicable,0,,
2024-07-23 04:11:00,CNR4265468820,Driver Not Found,CID764530,eBike,Malleshwaram,Majestic,,,Not Applicable,Not Applicable,Not Applicable,Not Applicable,129,Not Applicable,0,,
2024-07-08 17:36:00,CNR2721457030,Canceled by Customer,CID573157,Prime Sedan,Magadi Road,Magadi Road,,,Driver is not moving towards pickup location,Not Applicable,Not Applicable,Not Applicable,371,Not Applicable,0,,
2024-07-10 06:27:00,CNR5241431584,Canceled by Driver,CID493654,Bike,Marathahalli,Jayanagar,,,Not Applicable,Personal & Car related issue,Not Applicable,Not Applicable,2153,Not Applicable,0,,
2024-07-06 23:20:00,CNR6133571784,Success,CID859246,Bike,Ramamurthy Nagar,Bannerghatta Road,189.0,140.0,Not Applicable,Not Applicable,No,Not Applicable,232,Cash,6,3.5,3.9
2024-07-03 19:05:00,CNR7976330642,Success,CID799768,eBike,Cox Town,Rajarajeshwari Nagar,161.0,75.0,Not Applicable,Not Applicable,No,Not Applicable,147,Cash,16,3.6,5.0
2024-07-04 01:35:00,CNR8062010788,Success,CID581175,Mini,Tumkur Road,Rajajinagar,238.0,120.0,Not Applicable,Not Applicable,No,Not Applicable,374,UPI,49,3.2,4.6
2024-07-11 04:47:00,CNR8542577995,Success,CID382382,eBike,JP Nagar,Yeshwanthpur,56.0,85.0,Not Applicable,Not Applicable,No,Not Applicable,318,UPI,13,3.1,4.2
2024-07-07 04:54:00,CNR4549509448,Canceled by Customer,CID743875,eBike,Padmanabhanagar,MG Road,,,Driver asked to cancel,Not Applicable,Not Applicable,Not Applicable,572,Not Applicable,0,,
2024-07-30 14:45:00,CNR2124643391,Success,CID951543,Mini,Malleshwaram,Sahakar Nagar,224.0,85.0,Not Applicable,Not Applicable,No,Not Applicable,486,UPI,27,3.7,4.8
2024-07-19 17:05:00,CNR7834339993,Success,CID945985,eBike,Electronic City,Vijayanagar,35.0,80.0,Not Applicable,Not Applicable,No,Not Applicable,134,UPI,44,3.9,3.7
2024-07-26 14:15:00,CNR8575135244,Canceled by Driver,CID461895,Prime SUV,Padmanabhanagar,Cox Town,,,Not Applicable,Personal & Car related issue,Not Applicable,Not Applicable,390,Not Applicable,0,,
2024-07-21 22:05:00,CNR1632909121,Success,CID932928,Auto,Richmond Town,Shantinagar,35.0,60.0,Not Applicable,Not Applicable,No,Not Applicable,167,Cash,12,3.6,4.9
2024-07-19 16:39:00,CNR8347530298,Success,CID254690,Auto,Hulimavu,Shantinagar,126.0,140.0,Not Applicable,Not Applicable,No,Not Applicable,486,Cash,10,3.3,4.1
2024-07-04 11:51:00,CNR3444235197,Canceled by Driver,CID702959,Bike,Langford Town,BTM Layout,,,Not Applicable,More than permitted people in there,Not Applicable,Not Applicable,2491,Not Applicable,0,,
2024-07-14 22:23:00,CNR4183842700,Success,CID778580,Prime SUV,Banashankari,Rajajinagar,133.0,85.0,Not Applicable,Not Applicable,No,Not Applicable,888,Cash,12,3.8,3.5
2024-07-20 06:06:00,CNR6586872731,Driver Not Found,CID386165,Mini,Sarjapur Road,Padmanabhanagar,,,Not Applicable,Not Applicable,Not Applicable,Not Applicable,495,Not Applicable,0,,
2024-07-05 05:31:00,CNR3739965192,Canceled by Customer,CID694900,Prime Sedan,Whitefield,Kadugodi,,,AC is Not working,Not Applicable,Not Applicable,Not Applicable,191,Not Applicable,0,,
2024-07-28 03:25:00,CNR1278540563,Success,CID338547,Prime Sedan,KR Puram,MG Road,280.0,110.0,Not Applicable,Not Applicable,No,Not Applicable,479,UPI,30,4.0,3.3
2024-07-01 14:17:00,CNR6192123040,Success,CID757109,Auto,Langford Town,Sarjapur Road,42.0,105.0,Not Applicable,Not Applicable,No,Not Applicable,702,Cash,17,3.2,3.3
2024-07-15 13:39:00,CNR1823082094,Canceled by Driver,CID279428,Prime Sedan,Koramangala,Hennur,,,Not Applicable,Personal & Car related issue,Not Applicable,Not Applicable,493,Not Applicable,0,,
2024-07-09 10:54:00,CNR1270619950,Success,CID811035,Prime SUV,Rajajinagar,MG Road,154.0,100.0,Not Applicable,Not Applicable,No,Not Applicable,108,UPI,5,4.3,3.2
2024-07-11 18:43:00,CNR9598550704,Success,CID234490,Mini,Marathahalli,Hennur,294.0,40.0,Not Applicable,Not Applicable,No,Not Applicable,354,Cash,35,3.9,3.2
2024-07-08 11:49:00,CNR1304510889,Success,CID168194,Mini,Shantinagar,Shantinagar,189.0,65.0,Not Applicable,Not Applicable,No,Not Applicable,868,Cash,48,3.4,3.2
2024-07-12 19:45:00,CNR8635758272,Success,CID755297,Prime Sedan,Chickpet,Langford Town,231.0,70.0,Not Applicable,Not Applicable,No,Not Applicable,499,Cash,42,3.4,4.6
2024-07-04 09:15:00,CNR8821487105,Success,CID273116,Auto,JP Nagar,Magadi Road,161.0,60.0,Not Applicable,Not Applicable,No,Not Applicable,187,Cash,6,3.2,4.1
2024-07-08 20:11:00,CNR4033344447,Success,CID706869,Bike,Hulimavu,Mysore Road,35.0,95.0,Not Applicable,Not Applicable,No,Not Applicable,787,Cash,46,3.7,4.5
2024-07-27 10:48:00,CNR1029926297,Success,CID892290,Auto,Chamarajpet,Mysore Road,224.0,45.0,Not Applicable,Not Applicable,No,Not Applicable,293,Cash,14,3.0,3.5
2024-07-29 22:13:00,CNR4765076927,Driver Not Found,CID241386,Prime Sedan,Whitefield,Frazer Town,,,Not Applicable,Not Applicable,Not Applicable,Not Applicable,241,Not Applicable,0,,
2024-07-14 10:32:00,CNR3637614872,Canceled by Customer,CID555396,Prime Plus,Shantinagar,Magadi Road,,,Change of plans,Not Applicable,Not Applicable,Not Applicable,362,Not Applicable,0,,
2024-07-20 08:00:00,CNR3482606360,Canceled by Customer,CID883758,Prime Plus,Vijayanagar,JP Nagar,,,AC is Not working,Not Applicable,Not Applicable,Not Applicable,2476,Not Applicable,0,,
2024-07-07 09:09:00,CNR6731716076,Canceled by Driver,CID315838,Auto,Rajajinagar,Sahakar Nagar,,,Not Applicable,Customer was coughing/sick,Not Applicable,Not Applicable,387,Not Applicable,0,,
2024-07-02 05:22:00,CNR4052496576,Canceled by Driver,CID571675,Auto,Magadi Road,Kengeri,,,Not Applicable,Customer was coughing/sick,Not Applicable,Not Applicable,342,Not Applicable,0,,
2024-07-28 05:53:00,CNR8604333852,Success,CID816499,Prime SUV,Mysore Road,Varthur,175.0,115.0,Not Applicable,Not Applicable,No,Not Applicable,255,Cash,17,3.7,4.9
2024-07-18 06:51:00,CNR1672648942,Success,CID732877,Prime SUV,Rajarajeshwari Nagar,Koramangala,35.0,40.0,Not Applicable,Not Applicable,Yes,Other Issue,254,UPI,21,4.2,4.4
2024-07-24 13:06:00,CNR3339058475,Success,CID907893,Prime Sedan,Richmond Town,Frazer Town,140.0,55.0,Not Applicable,Not Applicable,No,Not Applicable,267,Cash,7,3.4,4.3
2024-07-10 07:35:00,CNR9266378288,Canceled by Driver,CID667146,Mini,Yeshwanthpur,Langford Town,,,Not Applicable,Customer related issue,Not Applicable,Not Applicable,193,Not Applicable,0,,
2024-07-27 10:37:00,CNR3873598014,Success,CID515914,Prime Plus,Kengeri,MG Road,133.0,100.0,Not Applicable,Not Applicable,No,Not Applicable,222,UPI,35,3.7,3.3
2024-07-28 03:25:00,CNR4905337378,Driver Not Found,CID667065,Prime SUV,Hosur Road,Whitefield,,,Not Applicable,Not Applicable,Not Applicable,Not Applicable,398,Not Applicable,0,,
2024-07-16 00:35:00,CNR2703941468,Success,CID747499,Auto,Devanahalli,Koramangala,35.0,110.0,Not Applicable,Not Applicable,No,Not Applicable,1488,Cash,11,5.0,3.5
2024-07-04 03:37:00,CNR4097055494,Canceled by Customer,CID823926,Mini,Rajarajeshwari Nagar,KR Puram,,,Driver is not moving towards pickup location,Not Applicable,Not Applicable,Not Applicable,2602,Not Applicable,0,,
2024-07-04 16:52:00,CNR5432023381,Success,CID753877,eBike,Kammanahalli,Whitefield,126.0,100.0,Not Applicable,Not Applicable,No,Not Applicable,226,UPI,34,3.2,4.0
2024-07-23 22:43:00,CNR4646127848,Success,CID928868,Mini,HSR Layout,Electronic City,175.0,130.0,Not Applicable,Not Applicable,No,Not Applicable,207,Cash,23,4.3,3.0
2024-07-20 22:32:00,CNR1508039476,Success,CID257452,eBike,Cox Town,Majestic,140.0,70.0,Not Applicable,Not Applicable,No,Not Applicable,198,Cash,20,3.5,4.2
2024-07-11 13:17:00,CNR2012238054,Canceled by Driver,CID179067,Auto,Chamarajpet,MG Road,,,Not Applicable,Customer was coughing/sick,Not Applicable,Not Applicable,255,Not Applicable,0,,
2024-07-16 01:11:00,CNR4181715229,Success,CID890631,Mini,MG Road,Mysore Road,154.0,55.0,Not Applicable,Not Applicable,No,Not Applicable,114,UPI,42,3.9,3.5
2024-07-28 16:55:00,CNR9670902018,Success,CID737126,Prime Plus,Bellandur,MG Road,126.0,60.0,Not Applicable,Not Applicable,No,Not Applicable,429,Cash,10,3.6,4.4
2024-07-21 06:35:00,CNR3095821767,Success,CID255373,Prime Sedan,Hennur,Mysore Road,287.0,45.0,Not Applicable,Not Applicable,No,Not Applicable,905,UPI,16,5.0,3.7
2024-07-15 19:10:00,CNR9844205879,Success,CID221455,Prime Plus,HSR Layout,Padmanabhanagar,84.0,105.0,Not Applicable,Not Applicable,No,Not Applicable,361,UPI,13,3.7,4.6
2024-07-10 04:58:00,CNR4229814223,Success,CID916602,Prime Sedan,Jayanagar,Banashankari,98.0,50.0,Not Applicable,Not Applicable,No,Not Applicable,389,UPI,2,4.8,4.1
2024-07-19 04:49:00,CNR2371533109,Success,CID984247,Prime Sedan,Malleshwaram,Kengeri,196.0,70.0,Not Applicable,Not Applicable,No,Not Applicable,565,Cash,34,3.2,4.8
2024-07-04 05:36:00,CNR6617823754,Driver Not Found,CID195221,Prime SUV,HSR Layout,Tumkur Road,,,Not Applicable,Not Applicable,Not Applicable,Not Applicable,214,Not Applicable,0,,
2024-07-11 22:33:00,CNR5438246863,Success,CID981120,Auto,Cox Town,BTM Layout,224.0,25.0,Not Applicable,Not Applicable,No,Not Applicable,210,UPI,3,3.3,4.5
2024-07-22 21:29:00,CNR9772343400,Success,CID969123,Auto,Chickpet,Banashankari,133.0,40.0,Not Applicable,Not Applicable,No,Not Applicable,407,UPI,5,3.2,4.3
2024-07-13 16:32:00,CNR1196313067,Driver Not Found,CID272453,Bike,Hosur Road,Cox Town,,,Not Applicable,Not Applicable,Not Applicable,Not Applicable,345,Not Applicable,0,,
2024-07-29 21:19:00,CNR2642017457,Success,CID798180,eBike,BTM Layout,Shantinagar,175.0,100.0,Not Applicable,Not Applicable,No,Not Applicable,420,Cash,35,3.4,5.0
2024-07-16 09:46:00,CNR6661906955,Success,CID531206,Prime Sedan,Frazer Town,Shantinagar,140.0,135.0,Not Applicable,Not Applicable,No,Not Applicable,499,Cash,21,3.2,4.8
2024-07-17 16:28:00,CNR1930399677,Canceled by Customer,CID870154,Auto,Yelahanka,Frazer Town,,,Driver is not moving towards pickup location,Not Applicable,Not Applicable,Not Applicable,430,Not Applicable,0,,
2024-07-10 14:00:00,CNR5550608313,Driver Not Found,CID474944,Prime SUV,Richmond Town,Magadi Road,,,Not Applicable,Not Applicable,Not Applicable,Not Applicable,296,Not Applicable,0,,
2024-07-15 06:44:00,CNR4245892843,Success,CID996331,Mini,JP Nagar,Devanahalli,294.0,135.0,Not Applicable,Not Applicable,No,Not Applicable,1071,UPI,19,3.1,3.6
2024-07-07 19:25:00,CNR2506279807,Success,CID952993,Bike,BTM Layout,Tumkur Road,98.0,95.0,Not Applicable,Not Applicable,No,Not Applicable,315,UPI,25,3.1,3.0
2024-07-11 03:51:00,CNR3211972834,Success,CID743426,Mini,HSR Layout,Hennur,231.0,45.0,Not Applicable,Not Applicable,No,Not Applicable,217,Cash,48,3.4,3.9
2024-07-15 12:03:00,CNR3259761223,Success,CID399625,Prime SUV,Richmond Town,Shivajinagar,196.0,45.0,Not Applicable,Not Applicable,No,Not Applicable,166,UPI,42,4.6,3.9
2024-07-05 09:11:00,CNR1390170900,Success,CID764513,Prime SUV,Whitefield,Bannerghatta Road,259.0,120.0,Not Applicable,Not Applicable,No,Not Applicable,192,Cash,33,4.9,3.1
2024-07-15 06:39:00,CNR7675404782,Success,CID256443,Prime Sedan,Banashankari,Bellandur,63.0,75.0,Not Applicable,Not Applicable,Yes,Customer Demand,433,Cash,15,4.5,3.0
2024-07-06 09:19:00,CNR7698037859,Driver Not Found,CID646981,eBike,Chickpet,Rajajinagar,,,Not Applicable,Not Applicable,Not Applicable,Not Applicable,346,Not Applicable,0,,
2024-07-16 13:43:00,CNR1751432488,Success,CID761133,Prime SUV,Yelahanka,Koramangala,77.0,90.0,Not Applicable,Not Applicable,No,Not Applicable,1076,UPI,20,3.1,5.0
2024-07-26 17:57:00,CNR3934086857,Canceled by Driver,CID566246,Bike,Sahakar Nagar,Tumkur Road,,,Not Applicable,Customer related issue,Not Applicable,Not Applicable,462,Not Applicable,0,,
2024-07-12 08:55:00,CNR9148495841,Success,CID227164,Prime SUV,Bannerghatta Road,Tumkur Road,133.0,40.0,Not Applicable,Not Applicable,No,Not Applicable,168,Cash,44,3.3,4.8
2024-07-14 20:17:00,CNR8478394621,Driver Not Found,CID410044,Prime SUV,Padmanabhanagar,Bellandur,,,Not Applicable,Not Applicable,Not Applicable,Not Applicable,120,Not Applicable,0,,
2024-07-28 08:56:00,CNR2145172531,Driver Not Found,CID831063,eBike,Whitefield,Bellandur,,,Not Applicable,Not Applicable,Not Applicable,Not Applicable,175,Not Applicable,0,,
2024-07-10 07:46:00,CNR1983015434,Success,CID258083,Bike,Yeshwanthpur,Peenya,217.0,105.0,Not Applicable,Not Applicable,No,Not Applicable,420,Cash,48,3.0,3.3
2024-07-11 17:41:00,CNR7752915824,Canceled by Customer,CID415120,Mini,Malleshwaram,Marathahalli,,,Change of plans,Not Applicable,Not Applicable,Not Applicable,406,Not Applicable,0,,
2024-07-07 22:56:00,CNR4660521756,Success,CID130597,Prime Plus,Padmanabhanagar,Jayanagar,35.0,80.0,Not Applicable,Not Applicable,No,Not Applicable,422,UPI,16,4.5,4.6
2024-07-26 14:50:00,CNR5121474312,Success,CID245203,Prime SUV,Banashankari,Sahakar Nagar,133.0,145.0,Not Applicable,Not Applicable,No,Not Applicable,549,UPI,9,3.1,3.7
2024-07-20 22:35:00,CNR6132627203,Success,CID449853,Auto,Yelahanka,Bellandur,224.0,145.0,Not Applicable,Not Applicable,No,Not Applicable,237,Cash,12,3.1,4.9
2024-07-21 21:32:00,CNR2933178068,Driver Not Found,CID382195,Prime Plus,Richmond Town,Rajarajeshwari Nagar,,,Not Applicable,Not Applicable,Not Applicable,Not Applicable,487,Not Applicable,0,,
2024-07-03 19:28:00,CNR1834825733,Driver Not Found,CID797409,eBike,Majestic,Rajajinagar,,,Not Applicable,Not Applicable,Not Applicable,Not Applicable,476,Not Applicable,0,,
2024-07-17 15:15:00,CNR3682555403,Success,CID582336,Prime Sedan,Kammanahalli,Shivajinagar,35.0,45.0,Not Applicable,Not Applicable,No,Not Applicable,116,UPI,41,4.3,4.1
2024-07-05 19:54:00,CNR1288743847,Success,CID144203,eBike,MG Road,Kadugodi,56.0,30.0,Not Applicable,Not Applicable,No,Not Applicable,180,UPI,41,3.2,3.4
2024-07-06 03:34:00,CNR6071766312,Success,CID480897,Mini,Tumkur Road,Marathahalli,196.0,75.0,Not Applicable,Not Applicable,No,Not Applicable,458,Cash,43,4.9,4.7
2024-07-18 15:43:00,CNR3097887763,Canceled by Driver,CID269063,Mini,JP Nagar,Yeshwanthpur,,,Not Applicable,More than permitted people in there,Not Applicable,Not Applicable,374,Not Applicable,0,,
2024-07-01 08:07:00,CNR9496144894,Driver Not Found,CID787520,Prime SUV,Hennur,KR Puram,,,Not Applicable,Not Applicable,Not Applicable,Not Applicable,108,Not Applicable,0,,
2024-07-19 19:26:00,CNR9090624102,Success,CID933190,Mini,BTM Layout,Whitefield,91.0,55.0,Not Applicable,Not Applicable,No,Not Applicable,151,Cash,49,3.6,4.6
2024-07-02 09:51:00,CNR7131960090,Success,CID303479,Auto,Padmanabhanagar,Nagarbhavi,35.0,120.0,Not Applicable,Not Applicable,No,Not Applicable,2867,UPI,17,4.5,4.1
2024-07-28 22:13:00,CNR2298767851,Canceled by Customer,CID122408,Bike,Banashankari,Jayanagar,,,Driver is not moving towards pickup location,Not Applicable,Not Applicable,Not Applicable,430,Not Applicable,0,,
2024-07-18 19:45:00,CNR7713773173,Driver Not Found,CID616175,eBike,JP Nagar,Chamarajpet,,,Not Applicable,Not Applicable,Not Applicable,Not Applicable,170,Not Applicable,0,,
2024-07-21 18:48:00,CNR7284665596,Success,CID850224,Mini,Shivajinagar,Bellandur,259.0,120.0,Not Applicable,Not Applicable,No,Not Applicable,130,Credit Card,39,3.2,4.3
2024-07-10 18:16:00,CNR2848884116,Success,CID740303,Prime Plus,Ulsoor,KR Puram,70.0,40.0,Not Applicable,Not Applicable,No,Not Applicable,2164,Cash,22,3.4,4.6
2024-07-21 19:40:00,CNR5142178458,Success,CID475090,Mini,Yeshwanthpur,Hebbal,280.0,40.0,Not Applicable,Not Applicable,No,Not Applicable,295,Cash,43,4.6,3.9
2024-07-01 14:50:00,CNR3068239182,Success,CID202186,Bike,Whitefield,Nagarbhavi,56.0,105.0,Not Applicable,Not Applicable,No,Not Applicable,1613,Cash,21,4.9,3.4
2024-07-28 10:52:00,CNR7428517767,Success,CID672278,Auto,Chickpet,Whitefield,266.0,40.0,Not Applicable,Not Applicable,No,Not Applicable,932,Debit Card,9,3.1,4.3
2024-07-17 12:43:00,CNR3149404979,Success,CID891421,Prime Sedan,Richmond Town,Cox Town,49.0,140.0,Not Applicable,Not Applicable,No,Not Applicable,678,Cash,23,4.5,4.5
2024-07-24 14:46:00,CNR5396724328,Canceled by Driver,CID526530,Bike,Malleshwaram,RT Nagar,,,Not Applicable,Customer related issue,Not Applicable,Not Applicable,170,Not Applicable,0,,
2024-07-18 12:55:00,CNR2341406193,Canceled by Customer,CID487762,Bike,Cox Town,Yelahanka,,,Driver asked to cancel,Not Applicable,Not Applicable,Not Applicable,283,Not Applicable,0,,
2024-07-08 19:19:00,CNR9236625398,Canceled by Driver,CID436563,Auto,Bannerghatta Road,Kammanahalli,,,Not Applicable,Customer related issue,Not Applicable,Not Applicable,481,Not Applicable,0,,
2024-07-20 09:00:00,CNR9549274984,Canceled by Customer,CID481505,Prime SUV,Magadi Road,Yelahanka,,,Change of plans,Not Applicable,Not Applicable,Not Applicable,539,Not Applicable,0,,
2024-07-15 23:19:00,CNR2188880096,Driver Not Found,CID723083,Mini,Nagarbhavi,Ramamurthy Nagar,,,Not Applicable,Not Applicable,Not Applicable,Not Applicable,128,Not Applicable,0,,
2024-07-17 09:30:00,CNR8365987658,Canceled by Customer,CID216319,Mini,Hulimavu,Shivajinagar,,,Driver is not moving towards pickup location,Not Applicable,Not Applicable,Not Applicable,275,Not Applicable,0,,
2024-07-10 21:33:00,CNR8500154102,Success,CID681326,eBike,Electronic City,Ulsoor,266.0,85.0,Not Applicable,Not Applicable,No,Not Applicable,602,Cash,7,4.8,3.2
2024-07-10 05:17:00,CNR2190014504,Success,CID379477,Prime SUV,Whitefield,HSR Layout,245.0,55.0,Not Applicable,Not Applicable,No,Not Applicable,250,Cash,13,4.8,3.0
2024-07-07 22:29:00,CNR6074641732,Canceled by Driver,CID506032,Prime SUV,Basavanagudi,Whitefield,,,Not Applicable,Personal & Car related issue,Not Applicable,Not Applicable,493,Not Applicable,0,,
2024-07-19 08:37:00,CNR6719704450,Success,CID993298,Mini,Yelahanka,Varthur,147.0,95.0,Not Applicable,Not Applicable,No,Not Applicable,970,Cash,19,3.2,3.5
2024-07-18 04:12:00,CNR7271857435,Canceled by Customer,CID963415,Bike,Yeshwanthpur,Varthur,,,Driver asked to cancel,Not Applicable,Not Applicable,Not Applicable,134,Not Applicable,0,,
2024-07-11 21:52:00,CNR5738554109,Driver Not Found,CID481119,Auto,Basavanagudi,KR Puram,,,Not Applicable,Not Applicable,Not Applicable,Not Applicable,632,Not Applicable,0,,
2024-07-08 19:25:00,CNR5942754838,Success,CID707468,eBike,Tumkur Road,Vijayanagar,203.0,105.0,Not Applicable,Not Applicable,No,Not Applicable,110,Cash,26,3.8,3.7
2024-07-12 05:55:00,CNR1356185465,Success,CID956124,Prime Plus,RT Nagar,Chickpet,287.0,30.0,Not Applicable,Not Applicable,No,Not Applicable,445,Cash,20,4.7,3.4
2024-07-17 23:03:00,CNR1931148707,Driver Not Found,CID777560,Bike,Marathahalli,Rajajinagar,,,Not Applicable,Not Applicable,Not Applicable,Not Applicable,1272,Not Applicable,0,,
2024-07-01 20:28:00,CNR7243590095,Success,CID124887,eBike,Hebbal,Malleshwaram,42.0,110.0,Not Applicable,Not Applicable,No,Not Applicable,351,Cash,9,3.7,3.9
2024-07-06 17:09:00,CNR1776783045,Canceled by Customer,CID869821,Prime Sedan,Mysore Road,Ulsoor,,,Change of plans,Not Applicable,Not Applicable,Not Applicable,131,Not Applicable,0,,
2024-07-23 00:00:00,CNR2230848235,Success,CID393892,Prime Sedan,Rajajinagar,Hulimavu,70.0,115.0,Not Applicable,Not Applicable,No,Not Applicable,376,UPI,48,4.1,4.5
2024-07-25 01:05:00,CNR8654182465,Canceled by Driver,CID382749,Prime Sedan,Bellandur,Electronic City,,,Not Applicable,Customer related issue,Not Applicable,Not Applicable,115,Not Applicable,0,,
2024-07-28 02:33:00,CNR5954276661,Success,CID755642,Prime SUV,Vijayanagar,Hosur Road,77.0,130.0,Not Applicable,Not Applicable,No,Not Applicable,310,UPI,11,3.0,4.5
2024-07-09 23:36:00,CNR6914324706,Canceled by Driver,CID902968,Auto,Padmanabhanagar,Padmanabhanagar,,,Not Applicable,Customer related issue,Not Applicable,Not Applicable,194,Not Applicable,0,,
2024-07-30 22:34:00,CNR9834774645,Success,CID976181,eBike,MG Road,Sarjapur Road,154.0,65.0,Not Applicable,Not Applicable,No,Not Applicable,452,UPI,48,4.4,4.7
2024-07-18 06:55:00,CNR1719994860,Success,CID674321,eBike,Hennur,Nagarbhavi,182.0,115.0,Not Applicable,Not Applicable,No,Not Applicable,524,UPI,30,3.4,3.2
2024-07-05 20:59:00,CNR1308233682,Canceled by Driver,CID720895,Prime Sedan,Hebbal,Frazer Town,,,Not Applicable,More than permitted people in there,Not Applicable,Not Applicable,673,Not Applicable,0,,
2024-07-26 10:47:00,CNR3146028835,Canceled by Driver,CID673616,eBike,Majestic,Basavanagudi,,,Not Applicable,More than permitted people in there,Not Applicable,Not Applicable,388,Not Applicable,0,,
2024-07-02 21:29:00,CNR6024478888,Canceled by Driver,CID899133,Prime SUV,Varthur,Hebbal,,,Not Applicable,Personal & Car related issue,Not Applicable,Not Applicable,316,Not Applicable,0,,
2024-07-19 00:46:00,CNR6548924872,Success,CID601192,Prime Plus,Tumkur Road,Richmond Town,252.0,90.0,Not Applicable,Not Applicable,No,Not Applicable,546,Cash,49,4.0,4.5
2024-07-10 12:19:00,CNR2259688703,Success,CID954916,Mini,Magadi Road,MG Road,238.0,120.0,Not Applicable,Not Applicable,No,Not Applicable,937,Cash,23,3.7,3.5
2024-07-15 07:52:00,CNR4103330929,Success,CID508318,Prime SUV,Marathahalli,Shivajinagar,231.0,55.0,Not Applicable,Not Applicable,No,Not Applicable,384,Cash,41,4.2,4.4
2024-07-27 13:29:00,CNR9956798612,Success,CID199860,Mini,Sahakar Nagar,Hulimavu,189.0,135.0,Not Applicable,Not Applicable,No,Not Applicable,253,Cash,22,3.7,3.9
2024-07-08 18:13:00,CNR1802595914,Canceled by Driver,CID539097,Prime SUV,MG Road,Majestic,,,Not Applicable,Customer was coughing/sick,Not Applicable,Not Applicable,824,Not Applicable,0,,
2024-07-18 14:46:00,CNR6884364649,Canceled by Driver,CID814856,Prime Plus,HSR Layout,Nagarbhavi,,,Not Applicable,More than permitted people in there,Not Applicable,Not Applicable,445,Not Applicable,0,,
2024-07-25 00:55:00,CNR6862080907,Canceled by Driver,CID486247,Prime Plus,Ulsoor,BTM Layout,,,Not Applicable,More than permitted people in there,Not Applicable,Not Applicable,429,Not Applicable,0,,
2024-07-30 13:57:00,CNR2962679275,Canceled by Customer,CID631215,Auto,Padmanabhanagar,Shantinagar,,,Change of plans,Not Applicable,Not Applicable,Not Applicable,211,Not Applicable,0,,
2024-07-20 00:03:00,CNR2905189114,Canceled by Customer,CID669276,Mini,Ramamurthy Nagar,Ulsoor,,,Driver is not moving towards pickup location,Not Applicable,Not Applicable,Not Applicable,251,Not Applicable,0,,
2024-07-02 11:11:00,CNR6154623247,Success,CID364050,Bike,Frazer Town,Kadugodi,112.0,35.0,Not Applicable,Not Applicable,No,Not Applicable,329,Cash,18,4.3,5.0
2024-07-19 12:56:00,CNR2688200813,Success,CID693764,Bike,BTM Layout,Bannerghatta Road,217.0,125.0,Not Applicable,Not Applicable,No,Not Applicable,304,Cash,12,3.6,3.5
2024-07-06 00:44:00,CNR4787864220,Success,CID904207,Prime SUV,Nagarbhavi,JP Nagar,252.0,130.0,Not Applicable,Not Applicable,No,Not Applicable,235,Cash,44,4.8,4.0
2024-07-09 02:26:00,CNR9611390135,Canceled by Customer,CID547497,Mini,Chamarajpet,Hebbal,,,Driver asked to cancel,Not Applicable,Not Applicable,Not Applicable,103,Not Applicable,0,,
2024-07-04 00:33:00,CNR9318929609,Success,CID353694,Mini,MG Road,Hennur,189.0,95.0,Not Applicable,Not Applicable,Yes,Vehicle Breakdown,427,Cash,17,4.3,3.2
2024-07-14 06:35:00,CNR6994290608,Success,CID360818,eBike,Cox Town,Indiranagar,84.0,65.0,Not Applicable,Not Applicable,No,Not Applicable,363,Cash,43,4.7,4.6
2024-07-27 17:54:00,CNR5204912820,Success,CID464264,Prime SUV,Tumkur Road,Bannerghatta Road,98.0,140.0,Not Applicable,Not Applicable,No,Not Applicable,218,Cash,47,3.3,3.5
2024-07-17 11:44:00,CNR7996223861,Driver Not Found,CID845187,Prime Plus,Whitefield,JP Nagar,,,Not Applicable,Not Applicable,Not Applicable,Not Applicable,154,Not Applicable,0,,
2024-07-28 09:57:00,CNR8329197695,Success,CID308459,Prime Sedan,Koramangala,Basavanagudi,70.0,110.0,Not Applicable,Not Applicable,No,Not Applicable,102,Credit Card,17,4.4,3.8
2024-07-15 11:46:00,CNR1640287855,Success,CID561638,Prime Plus,Jayanagar,Richmond Town,126.0,75.0,Not Applicable,Not Applicable,No,Not Applicable,1024,UPI,41,4.3,3.5
2024-07-26 19:13:00,CNR8108534169,Success,CID438280,Bike,Bannerghatta Road,Sarjapur Road,63.0,40.0,Not Applicable,Not Applicable,No,Not Applicable,108,Credit Card,37,5.0,4.5
2024-07-22 21:33:00,CNR9667042421,Success,CID104308,Auto,Devanahalli,Hebbal,154.0,100.0,Not Applicable,Not Applicable,No,Not Applicable,417,UPI,17,4.2,4.0
2024-07-10 13:21:00,CNR5635527606,Success,CID824054,Prime SUV,Basavanagudi,Kammanahalli,63.0,90.0,Not Applicable,Not Applicable,No,Not Applicable,328,Cash,33,4.2,4.0
2024-07-22 08:15:00,CNR3760820000,Success,CID175644,Prime Plus,Hosur Road,Indiranagar,231.0,110.0,Not Applicable,Not Applicable,No,Not Applicable,1263,UPI,30,3.9,3.5
2024-07-11 14:02:00,CNR7053931098,Canceled by Customer,CID205210,Prime SUV,Cox Town,Malleshwaram,,,Driver is not moving towards pickup location,Not Applicable,Not Applicable,Not Applicable,237,Not Applicable,0,,
2024-07-02 00:34:00,CNR2136133756,Success,CID871179,Mini,Rajarajeshwari Nagar,Yeshwanthpur,259.0,120.0,Not Applicable,Not Applicable,No,Not Applicable,238,UPI,10,3.3,4.8
2024-07-09 23:58:00,CNR4582067246,Success,CID820624,eBike,Marathahalli,Chickpet,63.0,95.0,Not Applicable,Not Applicable,No,Not Applicable,139,UPI,6,3.6,4.9
2024-07-12 05:04:00,CNR9167420062,Success,CID790152,Prime Plus,Bannerghatta Road,Langford Town,252.0,75.0,Not Applicable,Not Applicable,Yes,Other Issue,1670,Cash,2,4.1,4.2
2024-07-15 07:38:00,CNR7923332146,Canceled by Driver,CID809973,Auto,Koramangala,Mysore Road,,,Not Applicable,More than permitted people in there,Not Applicable,Not Applicable,480,Not Applicable,0,,
2024-07-14 09:34:00,CNR4989856393,Driver Not Found,CID348127,Prime Sedan,Langford Town,KR Puram,,,Not Applicable,Not Applicable,Not Applicable,Not Applicable,422,Not Applicable,0,,
2024-07-08 01:11:00,CNR6724170268,Canceled by Customer,CID446625,Mini,Shantinagar,Padmanabhanagar,,,Driver is not moving towards pickup location,Not Applicable,Not Applicable,Not Applicable,315,Not Applicable,0,,
2024-07-30 20:19:00,CNR4879049189,Success,CID351166,Prime Plus,Rajarajeshwari Nagar,Yeshwanthpur,112.0,85.0,Not Applicable,Not Applicable,No,Not Applicable,329,Cash,34,3.7,3.2
2024-07-20 03:35:00,CNR6904127936,Success,CID173599,Bike,Shivajinagar,Hebbal,266.0,35.0,Not Applicable,Not Applicable,No,Not Applicable,1969,UPI,27,4.5,4.5
2024-07-27 06:44:00,CNR8712101535,Driver Not Found,CID177097,Prime Sedan,KR Puram,Langford Town,,,Not Applicable,Not Applicable,Not Applicable,Not Applicable,401,Not Applicable,0,,
2024-07-11 10:18:00,CNR4189897046,Canceled by Customer,CID347602,eBike,Indiranagar,BTM Layout,,,Driver is not moving towards pickup location,Not Applicable,Not Applicable,Not Applicable,458,Not Applicable,0,,
2024-07-23 06:07:00,CNR5904848328,Success,CID502614,Auto,Malleshwaram,Marathahalli,56.0,50.0,Not Applicable,Not Applicable,No,Not Applicable,386,Cash,11,4.8,4.3
2024-07-05 01:13:00,CNR3650163588,Success,CID495265,Auto,Ulsoor,Shantinagar,175.0,65.0,Not Applicable,Not Applicable,No,Not Applicable,338,UPI,7,3.4,5.0
2024-07-07 12:29:00,CNR8275067803,Canceled by Driver,CID682353,Prime Plus,Padmanabhanagar,Rajarajeshwari Nagar,,,Not Applicable,Customer was coughing/sick,Not Applicable,Not Applicable,467,Not Applicable,0,,
2024-07-21 07:41:00,CNR4139597368,Success,CID955104,Mini,Indiranagar,Hosur Road,245.0,135.0,Not Applicable,Not Applicable,No,Not Applicable,216,Cash,34,4.3,3.7
2024-07-06 01:06:00,CNR5917094984,Canceled by Customer,CID837113,Mini,Magadi Road,Kengeri,,,Driver asked to cancel,Not Applicable,Not Applicable,Not Applicable,228,Not Applicable,0,,
2024-07-13 14:34:00,CNR2519785580,Success,CID776999,Mini,Shantinagar,Shantinagar,182.0,75.0,Not Applicable,Not Applicable,No,Not Applicable,2064,Debit Card,30,3.4,3.4
2024-07-22 19:00:00,CNR6196232740,Canceled by Driver,CID261379,Prime SUV,Peenya,Kadugodi,,,Not Applicable,Personal & Car related issue,Not Applicable,Not Applicable,258,Not Applicable,0,,
2024-07-29 08:30:00,CNR7336153529,Success,CID712278,Prime Plus,Jayanagar,Devanahalli,91.0,40.0,Not Applicable,Not Applicable,No,Not Applicable,2476,Cash,11,3.9,3.9
2024-07-07 21:35:00,CNR3389266503,Success,CID967583,Auto,Koramangala,Whitefield,126.0,115.0,Not Applicable,Not Applicable,No,Not Applicable,157,UPI,15,3.3,4.2
2024-07-05 09:53:00,CNR4700564512,Success,CID865371,Prime Sedan,Marathahalli,Electronic City,189.0,45.0,Not Applicable,Not Applicable,No,Not Applicable,212,Cash,26,3.7,4.6
2024-07-24 14:49:00,CNR7493095570,Canceled by Driver,CID378175,Prime SUV,Langford Town,Hebbal,,,Not Applicable,Personal & Car related issue,Not Applicable,Not Applicable,366,Not Applicable,0,,
2024-07-11 20:45:00,CNR6592275668,Canceled by Customer,CID303643,eBike,Yelahanka,Jayanagar,,,Driver is not moving towards pickup location,Not Applicable,Not Applicable,Not Applicable,296,Not Applicable,0,,
2024-07-17 22:03:00,CNR3317907125,Success,CID416924,Prime SUV,MG Road,Shantinagar,105.0,100.0,Not Applicable,Not Applicable,No,Not Applicable,124,Cash,7,4.3,4.7
2024-07-04 01:32:00,CNR9923232389,Canceled by Driver,CID659403,Bike,Indiranagar,JP Nagar,,,Not Applicable,Customer related issue,Not Applicable,Not Applicable,2888,Not Applicable,0,,
2024-07-11 09:19:00,CNR9534758646,Driver Not Found,CID478640,Bike,Mysore Road,Whitefield,,,Not Applicable,Not Applicable,Not Applicable,Not Applicable,998,Not Applicable,0,,
2024-07-28 13:08:00,CNR5645716342,Success,CID840462,Prime Plus,Yeshwanthpur,HSR Layout,84.0,145.0,Not Applicable,Not Applicable,No,Not Applicable,582,Cash,35,3.1,4.5
2024-07-11 21:33:00,CNR3794743262,Success,CID179037,eBike,Koramangala,Malleshwaram,189.0,25.0,Not Applicable,Not Applicable,No,Not Applicable,932,Cash,28,4.9,3.2
2024-07-11 10:08:00,CNR6582900617,Canceled by Customer,CID737750,Prime Sedan,BTM Layout,Yelahanka,,,Change of plans,Not Applicable,Not Applicable,Not Applicable,1210,Not Applicable,0,,
2024-07-18 14:02:00,CNR4449006277,Success,CID351565,Prime SUV,Richmond Town,Ramamurthy Nagar,126.0,40.0,Not Applicable,Not Applicable,No,Not Applicable,105,UPI,36,4.8,3.4
2024-07-22 00:36:00,CNR5312585173,Success,CID357089,Prime Plus,Shivajinagar,Sahakar Nagar,238.0,130.0,Not Applicable,Not Applicable,No,Not Applicable,219,Cash,14,4.9,3.7
2024-07-13 20:23:00,CNR8002408363,Success,CID301652,Mini,Hebbal,Rajarajeshwari Nagar,140.0,145.0,Not Applicable,Not Applicable,No,Not Applicable,362,Cash,47,3.4,4.9
2024-07-28 14:13:00,CNR1715136964,Success,CID727957,eBike,Shivajinagar,Rajarajeshwari Nagar,63.0,125.0,Not Applicable,Not Applicable,No,Not Applicable,333,UPI,26,3.8,4.5
2024-07-30 01:28:00,CNR1024734014,Success,CID210858,Mini,Basavanagudi,Vijayanagar,280.0,30.0,Not Applicable,Not Applicable,No,Not Applicable,545,Cash,43,3.5,3.4
2024-07-24 19:30:00,CNR1092581938,Success,CID874264,Auto,Shivajinagar,Tumkur Road,280.0,100.0,Not Applicable,Not Applicable,No,Not Applicable,230,Cash,13,3.1,4.1
2024-07-05 03:54:00,CNR4402600433,Success,CID960644,Auto,Devanahalli,Peenya,196.0,140.0,Not Applicable,Not Applicable,No,Not Applicable,632,UPI,2,4.7,3.9
2024-07-11 10:03:00,CNR2926641493,Success,CID120641,Prime SUV,Varthur,Ramamurthy Nagar,98.0,130.0,Not Applicable,Not Applicable,No,Not Applicable,186,Credit Card,31,4.5,3.8
2024-07-03 15:42:00,CNR5618120367,Driver Not Found,CID727328,eBike,Indiranagar,Kammanahalli,,,Not Applicable,Not Applicable,Not Applicable,Not Applicable,765,Not Applicable,0,,
2024-07-12 08:17:00,CNR3216507087,Canceled by Driver,CID622756,Auto,Banashankari,Indiranagar,,,Not Applicable,Customer was coughing/sick,Not Applicable,Not Applicable,2492,Not Applicable,0,,
2024-07-24 05:42:00,CNR5905032607,Success,CID407753,Prime SUV,Yeshwanthpur,Hennur,224.0,85.0,Not Applicable,Not Applicable,No,Not Applicable,147,UPI,18,3.6,4.5
2024-07-16 18:23:00,CNR1413799910,Success,CID828656,eBike,Magadi Road,Jayanagar,189.0,145.0,Not Applicable,Not Applicable,No,Not Applicable,100,Debit Card,23,3.1,4.8
2024-07-29 00:49:00,CNR7048345905,Success,CID246921,Auto,Kengeri,Richmond Town,161.0,135.0,Not Applicable,Not Applicable,No,Not Applicable,524,Cash,5,3.8,4.3
2024-07-03 17:08:00,CNR6374152314,Success,CID989659,Auto,KR Puram,HSR Layout,231.0,85.0,Not Applicable,Not Applicable,No,Not Applicable,482,Cash,17,3.7,3.2
2024-07-29 12:52:00,CNR5237003555,Canceled by Driver,CID774978,Auto,Frazer Town,Richmond Town,,,Not Applicable,Customer related issue,Not Applicable,Not Applicable,362,Not Applicable,0,,
2024-07-17 19:00:00,CNR6430613987,Canceled by Driver,CID103312,Prime Sedan,Hebbal,Rajarajeshwari Nagar,,,Not Applicable,Customer related issue,Not Applicable,Not Applicable,2851,Not Applicable,0,,
2024-07-03 20:47:00,CNR1301000157,Success,CID895356,Mini,Chamarajpet,Chamarajpet,133.0,90.0,Not Applicable,Not Applicable,No,Not Applicable,114,Cash,2,3.5,4.2
2024-07-03 04:54:00,CNR2572753641,Success,CID441300,Auto,Frazer Town,Richmond Town,140.0,140.0,Not Applicable,Not Applicable,No,Not Applicable,478,Cash,8,3.7,4.6
2024-07-20 15:43:00,CNR2226810253,Canceled by Customer,CID264490,Bike,Malleshwaram,Banashankari,,,Driver is not moving towards pickup location,Not Applicable,Not Applicable,Not Applicable,387,Not Applicable,0,,
2024-07-07 22:03:00,CNR6442082345,Canceled by Customer,CID905221,Prime Plus,Sahakar Nagar,HSR Layout,,,Driver asked to cancel,Not Applicable,Not Applicable,Not Applicable,462,Not Applicable,0,,
2024-07-25 04:06:00,CNR6706564913,Success,CID631859,Mini,Varthur,Koramangala,133.0,85.0,Not Applicable,Not Applicable,No,Not Applicable,340,Cash,44,3.2,4.2
2024-07-10 07:52:00,CNR8827939166,Canceled by Driver,CID465792,Bike,Vijayanagar,Hebbal,,,Not Applicable,Customer related issue,Not Applicable,Not Applicable,127,Not Applicable,0,,
2024-07-02 12:52:00,CNR8836448938,Success,CID543726,Prime Sedan,Sarjapur Road,Padmanabhanagar,42.0,125.0,Not Applicable,Not Applicable,No,Not Applicable,718,UPI,29,3.3,4.5
2024-07-24 03:09:00,CNR2062171978,Success,CID780088,Prime Plus,Malleshwaram,Bannerghatta Road,119.0,75.0,Not Applicable,Not Applicable,No,Not Applicable,178,UPI,12,4.3,4.3
2024-07-22 11:03:00,CNR1988774113,Success,CID753963,Prime SUV,Peenya,Hebbal,35.0,145.0,Not Applicable,Not Applicable,No,Not Applicable,158,Cash,19,3.2,4.5
2024-07-23 01:52:00,CNR1159090219,Success,CID812942,Prime SUV,BTM Layout,Bannerghatta Road,63.0,120.0,Not Applicable,Not Applicable,No,Not Applicable,194,Cash,16,4.1,4.0
2024-07-08 11:47:00,CNR1514636684,Canceled by Driver,CID973457,Prime Sedan,Hebbal,Yeshwanthpur,,,Not Applicable,Personal & Car related issue,Not Applicable,Not Applicable,327,Not Applicable,0,,
2024-07-19 06:47:00,CNR4278321755,Success,CID847199,eBike,Banashankari,Devanahalli,42.0,80.0,Not Applicable,Not Applicable,No,Not Applicable,2398,Cash,44,4.9,3.3
2024-07-10 12:44:00,CNR4322963308,Canceled by Customer,CID963368,Auto,Basavanagudi,Shivajinagar,,,Wrong Address,Not Applicable,Not Applicable,Not Applicable,1440,Not Applicable,0,,
2024-07-16 08:49:00,CNR8959910135,Success,CID807722,Prime Plus,Nagarbhavi,JP Nagar,231.0,120.0,Not Applicable,Not Applicable,Yes,Vehicle Breakdown,133,Cash,26,4.6,4.3
2024-07-15 23:26:00,CNR9096847148,Success,CID527865,Prime Plus,Padmanabhanagar,HSR Layout,196.0,115.0,Not Applicable,Not Applicable,No,Not Applicable,493,Credit Card,43,3.9,4.6
2024-07-05 09:28:00,CNR2625166991,Driver Not Found,CID719838,Prime Sedan,Bannerghatta Road,Sahakar Nagar,,,Not Applicable,Not Applicable,Not Applicable,Not Applicable,658,Not Applicable,0,,
2024-07-20 06:39:00,CNR1276116912,Success,CID383104,Auto,Hennur,Cox Town,252.0,80.0,Not Applicable,Not Applicable,No,Not Applicable,1680,Cash,19,4.5,4.2
2024-07-04 13:57:00,CNR4925736736,Success,CID384782,Mini,HSR Layout,Electronic City,280.0,100.0,Not Applicable,Not Applicable,No,Not Applicable,247,Cash,21,3.6,4.1
2024-07-02 15:56:00,CNR7448558722,Success,CID540588,Prime SUV,KR Puram,Kammanahalli,280.0,125.0,Not Applicable,Not Applicable,No,Not Applicable,416,UPI,39,3.8,4.0
2024-07-29 15:00:00,CNR2831861043,Success,CID546182,Auto,Yeshwanthpur,Marathahalli,56.0,140.0,Not Applicable,Not Applicable,No,Not Applicable,219,Cash,15,4.2,4.3
2024-07-15 09:19:00,CNR3620242946,Success,CID970120,Prime Sedan,Ulsoor,Kammanahalli,238.0,50.0,Not Applicable,Not Applicable,No,Not Applicable,466,Cash,47,4.0,4.6
2024-07-26 09:17:00,CNR1928529940,Success,CID300586,Prime Sedan,Banashankari,Bannerghatta Road,63.0,25.0,Not Applicable,Not Applicable,No,Not Applicable,235,Cash,41,4.6,4.4
2024-07-13 20:45:00,CNR6273902978,Success,CID448976,Prime Plus,Bellandur,KR Puram,245.0,30.0,Not Applicable,Not Applicable,No,Not Applicable,307,Cash,45,3.0,4.8
2024-07-01 20:28:00,CNR2196374504,Success,CID678085,eBike,Langford Town,KR Puram,56.0,55.0,Not Applicable,Not Applicable,No,Not Applicable,657,UPI,36,3.9,4.7
2024-07-28 23:05:00,CNR2757782814,Driver Not Found,CID568972,Bike,Yeshwanthpur,Langford Town,,,Not Applicable,Not Applicable,Not Applicable,Not Applicable,226,Not Applicable,0,,
2024-07-04 07:06:00,CNR9503365267,Driver Not Found,CID708251,Prime SUV,Kammanahalli,Kadugodi,,,Not Applicable,Not Applicable,Not Applicable,Not Applicable,265,Not Applicable,0,,
2024-07-03 20:47:00,CNR8056754716,Success,CID568415,Bike,Banashankari,Rajarajeshwari Nagar,266.0,120.0,Not Applicable,Not Applicable,No,Not Applicable,2705,UPI,15,4.7,3.9
2024-07-17 10:31:00,CNR6281720111,Success,CID653557,Mini,Shantinagar,Yelahanka,203.0,30.0,Not Applicable,Not Applicable,No,Not Applicable,802,Cash,46,4.6,4.5
2024-07-20 11:40:00,CNR5606682770,Success,CID574315,Auto,Malleshwaram,Ulsoor,56.0,60.0,Not Applicable,Not Applicable,No,Not Applicable,392,Cash,11,3.2,3.3
2024-07-27 16:57:00,CNR6482986012,Canceled by Customer,CID654388,Prime SUV,BTM Layout,Banashankari,,,Driver asked to cancel,Not Applicable,Not Applicable,Not Applicable,453,Not Applicable,0,,
2024-07-18 13:43:00,CNR1569125810,Driver Not Found,CID620979,Auto,Majestic,MG Road,,,Not Applicable,Not Applicable,Not Applicable,Not Applicable,115,Not Applicable,0,,
2024-07-07 13:13:00,CNR8185951282,Success,CID359572,Mini,Hennur,Rajajinagar,126.0,40.0,Not Applicable,Not Applicable,No,Not Applicable,570,Cash,17,3.8,3.3
2024-07-04 09:47:00,CNR1525764465,Success,CID220889,Mini,Koramangala,Langford Town,161.0,70.0,Not Applicable,Not Applicable,No,Not Applicable,234,Cash,1,4.0,4.3
2024-07-04 22:12:00,CNR4642292529,Canceled by Driver,CID823571,eBike,BTM Layout,Ramamurthy Nagar,,,Not Applicable,Personal & Car related issue,Not Applicable,Not Applicable,353,Not Applicable,0,,
2024-07-01 02:29:00,CNR7161084149,Canceled by Driver,CID512475,eBike,Kengeri,Frazer Town,,,Not Applicable,More than permitted people in there,Not Applicable,Not Applicable,314,Not Applicable,0,,
2024-07-29 23:11:00,CNR7321578599,Success,CID799428,Prime Sedan,Indiranagar,Sahakar Nagar,175.0,105.0,Not Applicable,Not Applicable,No,Not Applicable,186,Cash,25,4.0,3.6
2024-07-14 16:24:00,CNR7048582582,Canceled by Customer,CID297069,Prime SUV,Majestic,Shivajinagar,,,Driver is not moving towards pickup location,Not Applicable,Not Applicable,Not Applicable,767,Not Applicable,0,,
2024-07-08 16:32:00,CNR4114640709,Driver Not Found,CID958075,Bike,Peenya,Yeshwanthpur,,,Not Applicable,Not Applicable,Not Applicable,Not Applicable,265,Not Applicable,0,,
2024-07-10 01:13:00,CNR1992039259,Success,CID525173,Mini,Hebbal,Langford Town,210.0,100.0,Not Applicable,Not Applicable,No,Not Applicable,577,Cash,35,3.4,4.6
2024-07-16 02:12:00,CNR5767947307,Canceled by Customer,CID413376,Auto,Tumkur Road,Electronic City,,,Wrong Address,Not Applicable,Not Applicable,Not Applicable,236,Not Applicable,0,,
2024-07-17 08:27:00,CNR1903734324,Success,CID205400,Prime Sedan,Kengeri,Peenya,245.0,105.0,Not Applicable,Not Applicable,No,Not Applicable,463,UPI,1,4.8,4.2
2024-07-09 00:35:00,CNR9871011202,Success,CID121106,Prime Sedan,Basavanagudi,MG Road,252.0,95.0,Not Applicable,Not Applicable,No,Not Applicable,286,UPI,42,4.7,3.0
2024-07-11 04:35:00,CNR7574544107,Success,CID863828,Auto,Basavanagudi,Frazer Town,168.0,115.0,Not Applicable,Not Applicable,No,Not Applicable,350,UPI,10,3.3,3.3
2024-07-01 21:25:00,CNR7023311941,Success,CID513525,Prime Sedan,Sarjapur Road,Tumkur Road,189.0,40.0,Not Applicable,Not Applicable,No,Not Applicable,151,UPI,29,4.4,4.7
2024-07-11 00:34:00,CNR9467370248,Success,CID314624,Prime Sedan,Rajarajeshwari Nagar,Varthur,49.0,25.0,Not Applicable,Not Applicable,No,Not Applicable,992,UPI,21,4.1,4.7
2024-07-12 07:36:00,CNR2819719276,Driver Not Found,CID240777,Mini,Shivajinagar,Yelahanka,,,Not Applicable,Not Applicable,Not Applicable,Not Applicable,120,Not Applicable,0,,
2024-07-22 05:27:00,CNR3612530640,Success,CID381188,Auto,Banashankari,Ramamurthy Nagar,301.0,80.0,Not Applicable,Not Applicable,No,Not Applicable,940,Cash,5,4.9,4.3
2024-07-02 21:17:00,CNR6877312172,Driver Not Found,CID322076,Auto,Ramamurthy Nagar,Shantinagar,,,Not Applicable,Not Applicable,Not Applicable,Not Applicable,389,Not Applicable,0,,
2024-07-18 05:09:00,CNR1392090199,Success,CID422860,Prime Plus,Sahakar Nagar,Langford Town,210.0,75.0,Not Applicable,Not Applicable,Yes,Customer Demand,191,Cash,20,3.5,3.2
2024-07-08 09:57:00,CNR1788715045,Success,CID178435,Auto,Vijayanagar,Rajarajeshwari Nagar,238.0,55.0,Not Applicable,Not Applicable,No,Not Applicable,177,Cash,14,4.2,4.6
2024-07-19 06:06:00,CNR8406477570,Success,CID496385,Mini,Kengeri,Chamarajpet,294.0,65.0,Not Applicable,Not Applicable,No,Not Applicable,450,Cash,42,3.4,4.8
2024-07-06 04:50:00,CNR9052064953,Canceled by Customer,CID353161,Prime Plus,Chamarajpet,Bellandur,,,Change of plans,Not Applicable,Not Applicable,Not Applicable,565,Not Applicable,0,,
2024-07-25 08:42:00,CNR2561932366,Driver Not Found,CID140103,Prime Sedan,Mysore Road,Chamarajpet,,,Not Applicable,Not Applicable,Not Applicable,Not Applicable,206,Not Applicable,0,,
2024-07-26 01:46:00,CNR9815731131,Success,CID304732,Bike,JP Nagar,Hosur Road,84.0,30.0,Not Applicable,Not Applicable,No,Not Applicable,260,UPI,27,3.8,3.4
2024-07-07 22:21:00,CNR6551733600,Success,CID401289,eBike,MG Road,Marathahalli,112.0,70.0,Not Applicable,Not Applicable,No,Not Applicable,306,Cash,7,3.5,4.3
2024-07-21 23:18:00,CNR3952443566,Canceled by Driver,CID924205,Prime Sedan,MG Road,RT Nagar,,,Not Applicable,Customer related issue,Not Applicable,Not Applicable,829,Not Applicable,0,,
2024-07-18 16:53:00,CNR2171379620,Success,CID587723,Bike,MG Road,Koramangala,154.0,145.0,Not Applicable,Not Applicable,No,Not Applicable,429,Cash,44,4.1,4.6
2024-07-14 22:48:00,CNR6447981766,Canceled by Customer,CID330305,Prime SUV,Koramangala,Ramamurthy Nagar,,,Driver asked to cancel,Not Applicable,Not Applicable,Not Applicable,432,Not Applicable,0,,
2024-07-17 10:17:00,CNR3343913324,Canceled by Driver,CID303375,eBike,Mysore Road,Kengeri,,,Not Applicable,More than permitted people in there,Not Applicable,Not Applicable,399,Not Applicable,0,,
2024-07-13 18:18:00,CNR8970241755,Canceled by Driver,CID309340,Prime SUV,Yeshwanthpur,Richmond Town,,,Not Applicable,Customer related issue,Not Applicable,Not Applicable,439,Not Applicable,0,,
2024-07-02 22:40:00,CNR6278692417,Success,CID895633,eBike,Electronic City,RT Nagar,280.0,40.0,Not Applicable,Not Applicable,No,Not Applicable,485,UPI,46,4.7,3.3
2024-07-18 21:18:00,CNR9032834945,Success,CID426115,eBike,Mysore Road,RT Nagar,273.0,100.0,Not Applicable,Not Applicable,No,Not Applicable,408,Cash,17,4.5,3.6
2024-07-28 02:48:00,CNR1631825346,Success,CID980384,Auto,MG Road,Ulsoor,280.0,85.0,Not Applicable,Not Applicable,No,Not Applicable,106,UPI,13,3.2,3.2
2024-07-02 08:55:00,CNR3721268768,Driver Not Found,CID338782,Auto,Padmanabhanagar,Majestic,,,Not Applicable,Not Applicable,Not Applicable,Not Applicable,405,Not Applicable,0,,
2024-07-29 19:35:00,CNR4561308501,Success,CID443811,Prime Plus,Whitefield,Ramamurthy Nagar,210.0,100.0,Not Applicable,Not Applicable,No,Not Applicable,296,UPI,7,3.9,4.9
2024-07-02 07:07:00,CNR8053826218,Success,CID554609,Mini,Chickpet,Frazer Town,63.0,115.0,Not Applicable,Not Applicable,No,Not Applicable,934,Cash,34,3.6,3.3
2024-07-07 01:34:00,CNR4710334759,Success,CID152380,Prime SUV,Bellandur,Malleshwaram,280.0,35.0,Not Applicable,Not Applicable,No,Not Applicable,430,UPI,41,3.9,4.8
2024-07-11 17:49:00,CNR8847666837,Success,CID754095,Prime SUV,Varthur,Ulsoor,210.0,45.0,Not Applicable,Not Applicable,Yes,Customer Demand,249,UPI,14,4.0,4.8
2024-07-04 16:59:00,CNR5223477888,Success,CID712892,Prime Plus,Whitefield,Yeshwanthpur,196.0,60.0,Not Applicable,Not Applicable,No,Not Applicable,1746,UPI,13,3.2,3.0
2024-07-03 16:42:00,CNR2787532623,Success,CID453379,Auto,Hennur,Shivajinagar,105.0,50.0,Not Applicable,Not Applicable,No,Not Applicable,310,UPI,4,4.7,4.6
2024-07-01 14:18:00,CNR6782734856,Canceled by Driver,CID870013,Prime SUV,Padmanabhanagar,Magadi Road,,,Not Applicable,More than permitted people in there,Not Applicable,Not Applicable,345,Not Applicable,0,,
2024-07-03 14:28:00,CNR3739569399,Success,CID393030,Auto,Hulimavu,Mysore Road,196.0,130.0,Not Applicable,Not Applicable,No,Not Applicable,356,Cash,11,5.0,3.4
2024-07-02 04:23:00,CNR5292261673,Success,CID318638,eBike,Kadugodi,Yeshwanthpur,259.0,60.0,Not Applicable,Not Applicable,No,Not Applicable,318,Cash,18,4.8,4.9
2024-07-11 06:28:00,CNR6899346889,Driver Not Found,CID749788,Mini,Majestic,Peenya,,,Not Applicable,Not Applicable,Not Applicable,Not Applicable,946,Not Applicable,0,,
2024-07-08 17:01:00,CNR2736373396,Success,CID151088,Mini,Tumkur Road,Hosur Road,126.0,115.0,Not Applicable,Not Applicable,No,Not Applicable,490,UPI,44,4.1,4.2
2024-07-30 13:46:00,CNR8752255686,Driver Not Found,CID182466,Prime Sedan,Tumkur Road,Magadi Road,,,Not Applicable,Not Applicable,Not Applicable,Not Applicable,287,Not Applicable,0,,
2024-07-01 02:29:00,CNR3806616458,Success,CID751184,Prime SUV,Malleshwaram,Sahakar Nagar,182.0,25.0,Not Applicable,Not Applicable,No,Not Applicable,395,Cash,8,3.8,3.2
2024-07-06 00:48:00,CNR4615885546,Success,CID685884,Mini,Peenya,Jayanagar,245.0,25.0,Not Applicable,Not Applicable,No,Not Applicable,389,Cash,30,4.5,3.7
2024-07-23 17:07:00,CNR2499968927,Canceled by Customer,CID350216,Auto,Sahakar Nagar,Magadi Road,,,Change of plans,Not Applicable,Not Applicable,Not Applicable,454,Not Applicable,0,,
2024-07-14 11:27:00,CNR8382844493,Success,CID436628,Bike,Frazer Town,Vijayanagar,231.0,90.0,Not Applicable,Not Applicable,No,Not Applicable,363,Cash,40,4.8,3.2
2024-07-17 06:11:00,CNR4952271811,Success,CID696189,Prime SUV,Frazer Town,Hennur,161.0,50.0,Not Applicable,Not Applicable,No,Not Applicable,976,UPI,35,4.4,3.9
2024-07-22 02:33:00,CNR2093349129,Success,CID623194,Prime Plus,Yeshwanthpur,Majestic,56.0,95.0,Not Applicable,Not Applicable,No,Not Applicable,648,Cash,15,3.7,3.8
2024-07-10 21:41:00,CNR1972147387,Driver Not Found,CID759515,Prime Sedan,Ulsoor,Sarjapur Road,,,Not Applicable,Not Applicable,Not Applicable,Not Applicable,330,Not Applicable,0,,
2024-07-29 11:20:00,CNR8377065849,Success,CID761298,Prime Sedan,Bannerghatta Road,Cox Town,189.0,25.0,Not Applicable,Not Applicable,No,Not Applicable,371,Cash,29,4.7,3.6
2024-07-13 04:05:00,CNR8266863479,Success,CID444489,Auto,Jayanagar,Hosur Road,196.0,50.0,Not Applicable,Not Applicable,No,Not Applicable,309,Debit Card,16,4.7,3.8
2024-07-24 22:40:00,CNR2606519542,Success,CID939687,Bike,RT Nagar,Jayanagar,140.0,35.0,Not Applicable,Not Applicable,Yes,Customer Demand,733,UPI,14,3.5,3.5
2024-07-16 18:48:00,CNR4812212261,Success,CID161333,Mini,Bellandur,Hosur Road,189.0,115.0,Not Applicable,Not Applicable,No,Not Applicable,173,UPI,40,4.1,4.3
2024-07-22 14:57:00,CNR7250587288,Success,CID184411,eBike,KR Puram,Cox Town,42.0,120.0,Not Applicable,Not Applicable,No,Not Applicable,344,UPI,29,4.2,3.1
2024-07-26 11:20:00,CNR8213829946,Success,CID533064,eBike,KR Puram,Ramamurthy Nagar,287.0,50.0,Not Applicable,Not Applicable,No,Not Applicable,342,Cash,30,4.3,4.3
2024-07-21 10:38:00,CNR9108107637,Canceled by Driver,CID419914,Mini,Whitefield,Frazer Town,,,Not Applicable,Customer related issue,Not Applicable,Not Applicable,973,Not Applicable,0,,
2024-07-28 20:02:00,CNR5529732845,Canceled by Customer,CID672332,Mini,Bellandur,Mysore Road,,,AC is Not working,Not Applicable,Not Applicable,Not Applicable,126,Not Applicable,0,,
2024-07-16 04:50:00,CNR8320577997,Success,CID847841,eBike,Koramangala,Richmond Town,196.0,120.0,Not Applicable,Not Applicable,No,Not Applicable,155,Cash,32,3.4,3.2
2024-07-06 19:36:00,CNR4921845874,Success,CID715871,eBike,Magadi Road,Peenya,287.0,125.0,Not Applicable,Not Applicable,No,Not Applicable,315,Credit Card,41,4.3,3.2
2024-07-12 08:18:00,CNR3826861384,Canceled by Driver,CID939266,Prime SUV,Tumkur Road,Majestic,,,Not Applicable,Personal & Car related issue,Not Applicable,Not Applicable,301,Not Applicable,0,,
2024-07-12 08:25:00,CNR6691129998,Success,CID772159,Prime SUV,Kammanahalli,Banashankari,84.0,125.0,Not Applicable,Not Applicable,No,Not Applicable,478,Cash,29,3.2,4.9
2024-07-09 03:17:00,CNR6287886026,Driver Not Found,CID779444,Auto,Hosur Road,Kadugodi,,,Not Applicable,Not Applicable,Not Applicable,Not Applicable,2333,Not Applicable,0,,
2024-07-26 22:32:00,CNR3808846628,Success,CID843932,Prime Plus,Mysore Road,Chamarajpet,56.0,40.0,Not Applicable,Not Applicable,No,Not Applicable,767,Cash,35,4.8,4.5
2024-07-20 22:07:00,CNR7133263568,Canceled by Customer,CID867815,eBike,Rajajinagar,Hebbal,,,Change of plans,Not Applicable,Not Applicable,Not Applicable,698,Not Applicable,0,,
2024-07-01 03:41:00,CNR7022166810,Success,CID909945,Mini,Cox Town,Koramangala,91.0,40.0,Not Applicable,Not Applicable,No,Not Applicable,2760,Credit Card,43,4.3,4.5
2024-07-07 06:44:00,CNR6879446834,Driver Not Found,CID750802,Mini,Frazer Town,Yelahanka,,,Not Applicable,Not Applicable,Not Applicable,Not Applicable,413,Not Applicable,0,,
2024-07-11 09:10:00,CNR6418224282,Success,CID725161,Prime Sedan,Rajajinagar,Jayanagar,252.0,35.0,Not Applicable,Not Applicable,No,Not Applicable,224,UPI,6,4.7,4.8
2024-07-23 17:37:00,CNR3758849569,Success,CID441314,eBike,Yelahanka,Rajajinagar,294.0,75.0,Not Applicable,Not Applicable,No,Not Applicable,388,UPI,4,4.8,4.1
2024-07-26 17:42:00,CNR5619149714,Success,CID231832,Prime Plus,KR Puram,Mysore Road,266.0,30.0,Not Applicable,Not Applicable,No,Not Applicable,376,UPI,27,3.6,4.3
2024-07-26 18:53:00,CNR5054768975,Success,CID725550,Prime Sedan,Banashankari,Hennur,70.0,45.0,Not Applicable,Not Applicable,No,Not Applicable,223,UPI,25,3.4,4.2
2024-07-06 15:20:00,CNR2930156274,Success,CID424086,Auto,JP Nagar,KR Puram,294.0,60.0,Not Applicable,Not Applicable,No,Not Applicable,467,Cash,11,3.3,3.1
2024-07-12 10:39:00,CNR7439175960,Canceled by Customer,CID752594,eBike,MG Road,Hulimavu,,,Change of plans,Not Applicable,Not Applicable,Not Applicable,374,Not Applicable,0,,
2024-07-24 22:31:00,CNR1257312892,Canceled by Driver,CID292909,Prime Plus,Bellandur,Ulsoor,,,Not Applicable,Personal & Car related issue,Not Applicable,Not Applicable,684,Not Applicable,0,,
2024-07-01 15:46:00,CNR5004902847,Canceled by Customer,CID859745,Prime Sedan,Tumkur Road,Chamarajpet,,,Change of plans,Not Applicable,Not Applicable,Not Applicable,233,Not Applicable,0,,
2024-07-13 19:43:00,CNR4038843174,Success,CID380546,Bike,Tumkur Road,Ramamurthy Nagar,35.0,55.0,Not Applicable,Not Applicable,No,Not Applicable,343,UPI,5,4.5,4.0
2024-07-24 12:12:00,CNR6317191055,Canceled by Driver,CID959901,Prime SUV,Magadi Road,RT Nagar,,,Not Applicable,More than permitted people in there,Not Applicable,Not Applicable,655,Not Applicable,0,,
2024-07-08 18:55:00,CNR5688368088,Canceled by Customer,CID322163,Bike,Tumkur Road,Kadugodi,,,Wrong Address,Not Applicable,Not Applicable,Not Applicable,245,Not Applicable,0,,
2024-07-03 23:43:00,CNR4124151610,Success,CID208934,Prime Sedan,Hosur Road,Hosur Road,182.0,100.0,Not Applicable,Not Applicable,No,Not Applicable,2199,UPI,47,3.5,4.8
2024-07-25 13:15:00,CNR9531185168,Canceled by Driver,CID625298,Mini,RT Nagar,Rajarajeshwari Nagar,,,Not Applicable,More than permitted people in there,Not Applicable,Not Applicable,478,Not Applicable,0,,
2024-07-02 18:41:00,CNR9311220602,Success,CID601366,Prime Plus,Nagarbhavi,Indiranagar,49.0,80.0,Not Applicable,Not Applicable,No,Not Applicable,217,UPI,14,3.9,4.4
2024-07-21 13:53:00,CNR7726863263,Success,CID365369,Auto,Banashankari,Vijayanagar,252.0,65.0,Not Applicable,Not Applicable,No,Not Applicable,430,Cash,10,4.7,4.8
2024-07-28 20:20:00,CNR2277605354,Success,CID852958,Prime SUV,Hebbal,BTM Layout,35.0,125.0,Not Applicable,Not Applicable,No,Not Applicable,1012,Cash,29,3.8,4.1
2024-07-02 15:38:00,CNR5280030594,Success,CID608405,Bike,Rajarajeshwari Nagar,BTM Layout,84.0,40.0,Not Applicable,Not Applicable,No,Not Applicable,278,UPI,22,3.0,4.2
2024-07-06 16:41:00,CNR8234793117,Canceled by Driver,CID373579,Bike,Richmond Town,Rajajinagar,,,Not Applicable,Personal & Car related issue,Not Applicable,Not Applicable,697,Not Applicable,0,,
2024-07-06 12:23:00,CNR8873345818,Success,CID830386,eBike,Padmanabhanagar,Rajarajeshwari Nagar,231.0,70.0,Not Applicable,Not Applicable,No,Not Applicable,1704,Debit Card,40,4.6,3.6
2024-07-13 14:48:00,CNR6406799053,Success,CID150192,Bike,Kammanahalli,Shivajinagar,280.0,80.0,Not Applicable,Not Applicable,No,Not Applicable,261,UPI,25,4.2,4.4
2024-07-30 16:19:00,CNR7531506051,Success,CID413872,Prime Plus,Vijayanagar,Bannerghatta Road,287.0,120.0,Not Applicable,Not Applicable,No,Not Applicable,229,UPI,33,3.1,3.6
2024-07-27 15:24:00,CNR3431577299,Success,CID799466,Auto,Shantinagar,KR Puram,196.0,105.0,Not Applicable,Not Applicable,No,Not Applicable,421,Cash,16,3.3,4.2
2024-07-27 05:39:00,CNR5491997744,Success,CID840362,eBike,Ulsoor,Kengeri,140.0,35.0,Not Applicable,Not Applicable,No,Not Applicable,141,UPI,44,5.0,4.0
2024-07-27 02:43:00,CNR5769429454,Canceled by Customer,CID540027,eBike,Vijayanagar,Ulsoor,,,Driver is not moving towards pickup location,Not Applicable,Not Applicable,Not Applicable,298,Not Applicable,0,,
2024-07-02 21:08:00,CNR6163218550,Canceled by Customer,CID272606,Prime Plus,Electronic City,Frazer Town,,,Driver is not moving towards pickup location,Not Applicable,Not Applicable,Not Applicable,314,Not Applicable,0,,
2024-07-14 15:20:00,CNR8086603929,Success,CID664951,Prime SUV,Tumkur Road,Koramangala,63.0,30.0,Not Applicable,Not Applicable,No,Not Applicable,211,Cash,42,3.9,4.0
2024-07-19 00:07:00,CNR9738215463,Success,CID351035,Auto,Rajajinagar,Sarjapur Road,266.0,55.0,Not Applicable,Not Applicable,No,Not Applicable,2140,Cash,10,4.5,3.2
2024-07-04 13:04:00,CNR9162845361,Success,CID779106,Auto,Basavanagudi,BTM Layout,210.0,55.0,Not Applicable,Not Applicable,No,Not Applicable,807,Cash,11,3.4,4.1
2024-07-08 16:57:00,CNR7494971163,Success,CID425402,Auto,Yelahanka,Koramangala,280.0,35.0,Not Applicable,Not Applicable,No,Not Applicable,321,UPI,8,4.3,3.5
2024-07-09 09:24:00,CNR4405023431,Success,CID968559,Prime Plus,Chickpet,Chamarajpet,147.0,65.0,Not Applicable,Not Applicable,No,Not Applicable,481,Cash,15,4.9,3.6
2024-07-11 15:31:00,CNR3980021094,Canceled by Customer,CID357354,eBike,Magadi Road,Bannerghatta Road,,,Change of plans,Not Applicable,Not Applicable,Not Applicable,1264,Not Applicable,0,,
2024-07-12 23:10:00,CNR8597811451,Success,CID540227,Mini,Chickpet,HSR Layout,224.0,40.0,Not Applicable,Not Applicable,No,Not Applicable,307,Credit Card,2,3.2,3.8
2024-07-02 14:11:00,CNR4331680015,Canceled by Customer,CID779762,Bike,MG Road,Hebbal,,,Driver is not moving towards pickup location,Not Applicable,Not Applicable,Not Applicable,986,Not Applicable,0,,
2024-07-13 01:48:00,CNR6972377323,Canceled by Driver,CID758554,Prime SUV,JP Nagar,Vijayanagar,,,Not Applicable,Customer related issue,Not Applicable,Not Applicable,248,Not Applicable,0,,
2024-07-03 12:32:00,CNR1349696592,Canceled by Customer,CID457593,eBike,Shantinagar,RT Nagar,,,Driver is not moving towards pickup location,Not Applicable,Not Applicable,Not Applicable,892,Not Applicable,0,,
2024-07-21 19:52:00,CNR1960788693,Success,CID679052,Prime Plus,Devanahalli,Frazer Town,70.0,70.0,Not Applicable,Not Applicable,No,Not Applicable,891,UPI,8,3.3,4.2
2024-07-01 20:38:00,CNR6768338678,Success,CID780761,eBike,Magadi Road,Kengeri,140.0,145.0,Not Applicable,Not Applicable,No,Not Applicable,810,Cash,29,3.3,4.8
2024-07-12 12:05:00,CNR6567848398,Success,CID973066,eBike,Basavanagudi,Langford Town,91.0,60.0,Not Applicable,Not Applicable,No,Not Applicable,204,UPI,3,4.1,3.1
2024-07-30 20:35:00,CNR9576185877,Success,CID481782,Auto,Yeshwanthpur,Magadi Road,175.0,80.0,Not Applicable,Not Applicable,No,Not Applicable,209,Cash,5,3.7,4.0
2024-07-06 15:24:00,CNR5124498220,Canceled by Driver,CID597098,Auto,BTM Layout,Bannerghatta Road,,,Not Applicable,Personal & Car related issue,Not Applicable,Not Applicable,485,Not Applicable,0,,
2024-07-18 21:47:00,CNR6657093529,Success,CID249495,Bike,Kammanahalli,Hosur Road,273.0,90.0,Not Applicable,Not Applicable,No,Not Applicable,970,Cash,4,4.9,3.7
2024-07-05 10:11:00,CNR9519511874,Success,CID637247,Auto,Kengeri,Frazer Town,196.0,125.0,Not Applicable,Not Applicable,No,Not Applicable,756,UPI,15,4.3,3.5
2024-07-08 03:00:00,CNR2872523434,Success,CID148770,Auto,Malleshwaram,Varthur,119.0,140.0,Not Applicable,Not Applicable,No,Not Applicable,407,UPI,1,4.0,3.5
2024-07-07 12:16:00,CNR4922883997,Success,CID654071,Bike,Langford Town,Hosur Road,308.0,115.0,Not Applicable,Not Applicable,No,Not Applicable,677,Cash,17,4.0,3.8
2024-07-17 10:17:00,CNR6895514530,Canceled by Customer,CID239133,Auto,Ulsoor,Bannerghatta Road,,,Driver asked to cancel,Not Applicable,Not Applicable,Not Applicable,888,Not Applicable,0,,
2024-07-12 21:41:00,CNR8871608557,Success,CID151477,Auto,Ulsoor,Devanahalli,182.0,35.0,Not Applicable,Not Applicable,No,Not Applicable,450,UPI,8,3.9,3.7
2024-07-09 14:55:00,CNR1368736238,Canceled by Driver,CID317171,eBike,Malleshwaram,Kengeri,,,Not Applicable,Customer was coughing/sick,Not Applicable,Not Applicable,680,Not Applicable,0,,
2024-07-27 05:04:00,CNR1892132519,Success,CID495256,Auto,Ulsoor,RT Nagar,231.0,75.0,Not Applicable,Not Applicable,No,Not Applicable,471,UPI,8,4.0,4.3
2024-07-23 12:06:00,CNR2424572211,Success,CID874718,Prime SUV,BTM Layout,Banashankari,301.0,55.0,Not Applicable,Not Applicable,No,Not Applicable,1119,Cash,26,3.4,3.6
2024-07-03 21:32:00,CNR6114663630,Canceled by Customer,CID639177,Bike,Rajarajeshwari Nagar,Yeshwanthpur,,,Driver is not moving towards pickup location,Not Applicable,Not Applicable,Not Applicable,382,Not Applicable,0,,
2024-07-09 10:52:00,CNR8473192564,Success,CID407675,eBike,Shantinagar,Magadi Road,84.0,35.0,Not Applicable,Not Applicable,No,Not Applicable,806,UPI,13,4.0,3.6
2024-07-16 06:21:00,CNR2876317943,Canceled by Driver,CID667706,Prime Plus,Padmanabhanagar,Tumkur Road,,,Not Applicable,Customer related issue,Not Applicable,Not Applicable,315,Not Applicable,0,,
2024-07-28 01:13:00,CNR7686079603,Canceled by Customer,CID249931,Prime Plus,Marathahalli,Hebbal,,,Driver is not moving towards pickup location,Not Applicable,Not Applicable,Not Applicable,268,Not Applicable,0,,
2024-07-18 22:43:00,CNR7358629972,Success,CID484282,Auto,Padmanabhanagar,Electronic City,98.0,140.0,Not Applicable,Not Applicable,No,Not Applicable,639,Cash,6,4.8,4.7
2024-07-20 14:50:00,CNR2483607309,Success,CID877921,Prime Plus,RT Nagar,RT Nagar,231.0,145.0,Not Applicable,Not Applicable,No,Not Applicable,528,UPI,12,4.7,4.8
2024-07-04 09:47:00,CNR1287870319,Driver Not Found,CID915662,eBike,Vijayanagar,JP Nagar,,,Not Applicable,Not Applicable,Not Applicable,Not Applicable,504,Not Applicable,0,,
2024-07-22 23:10:00,CNR7444007280,Success,CID236622,Prime Sedan,Mysore Road,Bellandur,210.0,125.0,Not Applicable,Not Applicable,No,Not Applicable,236,Cash,48,3.6,4.7
2024-07-17 14:45:00,CNR4102934303,Success,CID666873,Auto,Devanahalli,Hebbal,140.0,40.0,Not Applicable,Not Applicable,No,Not Applicable,464,UPI,9,3.7,4.0
2024-07-22 16:22:00,CNR8366127902,Canceled by Customer,CID674500,Bike,Sahakar Nagar,Shivajinagar,,,Driver is not moving towards pickup location,Not Applicable,Not Applicable,Not Applicable,958,Not Applicable,0,,
2024-07-19 23:21:00,CNR8509296858,Success,CID276728,Prime Sedan,Chamarajpet,Tumkur Road,252.0,65.0,Not Applicable,Not Applicable,No,Not Applicable,379,Cash,8,4.9,4.8
2024-07-25 10:02:00,CNR7564025903,Success,CID730957,Prime SUV,Electronic City,Richmond Town,196.0,70.0,Not Applicable,Not Applicable,No,Not Applicable,464,UPI,4,3.1,3.5
2024-07-13 09:57:00,CNR5178640744,Canceled by Customer,CID545768,Auto,Langford Town,Malleshwaram,,,Driver asked to cancel,Not Applicable,Not Applicable,Not Applicable,351,Not Applicable,0,,
2024-07-10 11:27:00,CNR7445241901,Success,CID145485,Prime Plus,Banashankari,Vijayanagar,175.0,105.0,Not Applicable,Not Applicable,No,Not Applicable,558,UPI,5,4.4,3.1
2024-07-16 01:57:00,CNR5070530053,Success,CID701553,Prime Plus,Marathahalli,Koramangala,70.0,85.0,Not Applicable,Not Applicable,No,Not Applicable,153,Cash,11,4.8,4.1
2024-07-25 00:27:00,CNR5825388872,Success,CID923902,Bike,Banashankari,HSR Layout,196.0,60.0,Not Applicable,Not Applicable,No,Not Applicable,302,Cash,25,4.1,4.7
2024-07-15 12:32:00,CNR2663118408,Success,CID415613,eBike,Indiranagar,Hennur,259.0,55.0,Not Applicable,Not Applicable,No,Not Applicable,432,UPI,47,3.7,4.4
2024-07-23 12:41:00,CNR7407360009,Canceled by Customer,CID141959,Mini,Hosur Road,Marathahalli,,,Wrong Address,Not Applicable,Not Applicable,Not Applicable,965,Not Applicable,0,,
2024-07-15 23:00:00,CNR7338209294,Canceled by Driver,CID252549,Prime SUV,Devanahalli,Kengeri,,,Not Applicable,More than permitted people in there,Not Applicable,Not Applicable,594,Not Applicable,0,,
2024-07-13 13:18:00,CNR3646102386,Success,CID214007,Bike,RT Nagar,Padmanabhanagar,105.0,120.0,Not Applicable,Not Applicable,No,Not Applicable,374,UPI,44,3.7,3.6
2024-07-25 01:44:00,CNR3860570653,Success,CID792234,Prime Plus,Nagarbhavi,Ramamurthy Nagar,266.0,80.0,Not Applicable,Not Applicable,Yes,Other Issue,819,Cash,38,4.8,4.5
2024-07-26 07:14:00,CNR5537823165,Canceled by Customer,CID301853,Bike,Majestic,Hulimavu,,,Change of plans,Not Applicable,Not Applicable,Not Applicable,143,Not Applicable,0,,
2024-07-21 22:25:00,CNR3022991049,Success,CID910313,Prime Plus,Sahakar Nagar,Basavanagudi,210.0,65.0,Not Applicable,Not Applicable,No,Not Applicable,390,UPI,20,4.3,3.0
2024-07-11 05:28:00,CNR2584890493,Driver Not Found,CID142341,Bike,Chamarajpet,BTM Layout,,,Not Applicable,Not Applicable,Not Applicable,Not Applicable,403,Not Applicable,0,,
2024-07-07 21:23:00,CNR2397452084,Success,CID735566,eBike,Ulsoor,Shantinagar,210.0,40.0,Not Applicable,Not Applicable,No,Not Applicable,527,Cash,39,4.9,4.4
2024-07-09 07:18:00,CNR4801953905,Success,CID289189,Prime SUV,Yeshwanthpur,Devanahalli,224.0,90.0,Not Applicable,Not Applicable,No,Not Applicable,693,Cash,23,3.9,3.2
2024-07-01 08:09:00,CNR8396983676,Success,CID327582,Auto,Majestic,Varthur,189.0,115.0,Not Applicable,Not Applicable,No,Not Applicable,410,UPI,16,3.7,4.5
2024-07-23 18:23:00,CNR2139562827,Driver Not Found,CID616355,Prime SUV,Padmanabhanagar,Bellandur,,,Not Applicable,Not Applicable,Not Applicable,Not Applicable,612,Not Applicable,0,,
2024-07-26 11:25:00,CNR3643521432,Success,CID490183,Bike,MG Road,Cox Town,273.0,115.0,Not Applicable,Not Applicable,No,Not Applicable,2648,UPI,13,4.7,4.4
2024-07-06 19:42:00,CNR8939325082,Success,CID446465,Mini,Sahakar Nagar,Varthur,133.0,95.0,Not Applicable,Not Applicable,No,Not Applicable,609,Cash,38,3.9,4.2
2024-07-22 22:25:00,CNR4731101036,Success,CID909184,eBike,Nagarbhavi,Banashankari,245.0,105.0,Not Applicable,Not Applicable,No,Not Applicable,556,Cash,24,3.3,3.3
2024-07-27 10:03:00,CNR7751570238,Driver Not Found,CID770970,Prime SUV,Kengeri,Rajajinagar,,,Not Applicable,Not Applicable,Not Applicable,Not Applicable,294,Not Applicable,0,,
2024-07-12 00:34:00,CNR1153774292,Canceled by Driver,CID753389,Mini,JP Nagar,Peenya,,,Not Applicable,Personal & Car related issue,Not Applicable,Not Applicable,210,Not Applicable,0,,
2024-07-01 01:53:00,CNR6027425509,Canceled by Driver,CID738983,Bike,Peenya,Basavanagudi,,,Not Applicable,Customer related issue,Not Applicable,Not Applicable,1938,Not Applicable,0,,
2024-07-06 04:05:00,CNR9387772170,Driver Not Found,CID114055,eBike,BTM Layout,Indiranagar,,,Not Applicable,Not Applicable,Not Applicable,Not Applicable,401,Not Applicable,0,,
2024-07-20 20:22:00,CNR7278150890,Success,CID169484,Bike,Bannerghatta Road,Richmond Town,189.0,125.0,Not Applicable,Not Applicable,No,Not Applicable,481,Cash,9,3.9,3.5
2024-07-03 14:32:00,CNR2830043617,Success,CID879479,Prime Sedan,Koramangala,Ramamurthy Nagar,35.0,125.0,Not Applicable,Not Applicable,No,Not Applicable,234,Credit Card,7,3.7,3.1
2024-07-23 19:13:00,CNR3068113346,Success,CID297445,Prime Sedan,Kammanahalli,Tumkur Road,266.0,35.0,Not Applicable,Not Applicable,Yes,Customer Demand,425,Cash,8,4.0,4.2
2024-07-12 05:55:00,CNR8038243212,Success,CID433434,Auto,RT Nagar,Kadugodi,196.0,120.0,Not Applicable,Not Applicable,No,Not Applicable,795,Cash,10,3.1,4.6
2024-07-11 19:17:00,CNR3733797871,Driver Not Found,CID773781,Mini,Ulsoor,Vijayanagar,,,Not Applicable,Not Applicable,Not Applicable,Not Applicable,352,Not Applicable,0,,
2024-07-11 22:40:00,CNR9669979673,Canceled by Customer,CID268418,Prime Plus,Padmanabhanagar,Basavanagudi,,,Driver asked to cancel,Not Applicable,Not Applicable,Not Applicable,383,Not Applicable,0,,
2024-07-06 10:22:00,CNR9433996114,Success,CID194790,Prime Plus,Basavanagudi,Malleshwaram,301.0,110.0,Not Applicable,Not Applicable,No,Not Applicable,589,Cash,31,3.6,5.0
2024-07-21 03:35:00,CNR5047627966,Canceled by Driver,CID653210,Bike,Mysore Road,Richmond Town,,,Not Applicable,Customer related issue,Not Applicable,Not Applicable,677,Not Applicable,0,,
2024-07-07 22:06:00,CNR8265451677,Driver Not Found,CID498433,Prime SUV,Chamarajpet,Nagarbhavi,,,Not Applicable,Not Applicable,Not Applicable,Not Applicable,109,Not Applicable,0,,
2024-07-16 21:28:00,CNR2133791250,Success,CID523777,Prime Plus,KR Puram,Richmond Town,210.0,100.0,Not Applicable,Not Applicable,No,Not Applicable,519,Cash,19,3.6,4.3
2024-07-12 20:25:00,CNR2578806934,Success,CID316629,Prime SUV,Kengeri,Kammanahalli,84.0,90.0,Not Applicable,Not Applicable,No,Not Applicable,388,UPI,36,4.3,4.6
2024-07-23 00:38:00,CNR9431532812,Success,CID228205,eBike,Richmond Town,Jayanagar,126.0,90.0,Not Applicable,Not Applicable,No,Not Applicable,249,UPI,6,4.7,4.8
2024-07-03 07:31:00,CNR1661555710,Success,CID136362,Mini,MG Road,Banashankari,287.0,30.0,Not Applicable,Not Applicable,No,Not Applicable,355,UPI,18,3.0,3.7
2024-07-27 04:55:00,CNR7033615267,Canceled by Driver,CID275334,Prime Sedan,Hennur,Frazer Town,,,Not Applicable,Customer was coughing/sick,Not Applicable,Not Applicable,262,Not Applicable,0,,
2024-07-28 19:08:00,CNR5047548751,Success,CID590822,Bike,Tumkur Road,Chamarajpet,49.0,100.0,Not Applicable,Not Applicable,No,Not Applicable,397,Cash,37,3.3,3.6
2024-07-25 10:01:00,CNR3522284168,Success,CID483137,Prime Plus,Indiranagar,Hosur Road,238.0,65.0,Not Applicable,Not Applicable,No,Not Applicable,393,UPI,6,4.8,3.4
2024-07-13 18:11:00,CNR4812036886,Success,CID322737,Prime Plus,Yelahanka,Vijayanagar,245.0,65.0,Not Applicable,Not Applicable,No,Not Applicable,499,UPI,18,3.2,4.0
2024-07-07 06:27:00,CNR9718308431,Success,CID892261,Prime Sedan,Electronic City,Kengeri,140.0,45.0,Not Applicable,Not Applicable,No,Not Applicable,358,Cash,22,3.1,3.4
2024-07-14 15:43:00,CNR4788513961,Success,CID520531,Auto,BTM Layout,Ramamurthy Nagar,245.0,145.0,Not Applicable,Not Applicable,No,Not Applicable,119,Cash,10,4.2,3.8
2024-07-22 02:24:00,CNR8451131435,Driver Not Found,CID696694,Auto,Cox Town,Malleshwaram,,,Not Applicable,Not Applicable,Not Applicable,Not Applicable,455,Not Applicable,0,,
2024-07-01 00:08:00,CNR8593248821,Canceled by Driver,CID123644,eBike,Chickpet,Kammanahalli,,,Not Applicable,Customer related issue,Not Applicable,Not Applicable,915,Not Applicable,0,,
2024-07-04 03:41:00,CNR4613369849,Driver Not Found,CID774138,Prime SUV,Whitefield,Hulimavu,,,Not Applicable,Not Applicable,Not Applicable,Not Applicable,325,Not Applicable,0,,
2024-07-20 02:13:00,CNR7741007246,Success,CID894990,Prime Sedan,BTM Layout,Vijayanagar,231.0,85.0,Not Applicable,Not Applicable,No,Not Applicable,582,Cash,38,4.4,4.4
2024-07-15 11:57:00,CNR1217500817,Success,CID167941,Auto,Basavanagudi,Varthur,91.0,25.0,Not Applicable,Not Applicable,No,Not Applicable,2485,UPI,4,4.1,4.0
2024-07-08 09:46:00,CNR8453958791,Driver Not Found,CID114815,Prime SUV,Frazer Town,Hennur,,,Not Applicable,Not Applicable,Not Applicable,Not Applicable,489,Not Applicable,0,,
2024-07-16 16:50:00,CNR3002647329,Canceled by Driver,CID124820,Prime Sedan,Ulsoor,Cox Town,,,Not Applicable,Customer was coughing/sick,Not Applicable,Not Applicable,406,Not Applicable,0,,
2024-07-27 00:01:00,CNR3420877399,Canceled by Driver,CID361876,eBike,Padmanabhanagar,Koramangala,,,Not Applicable,Customer was coughing/sick,Not Applicable,Not Applicable,1284,Not Applicable,0,,
2024-07-28 12:44:00,CNR4057984928,Success,CID962965,Auto,Shantinagar,Yelahanka,294.0,90.0,Not Applicable,Not Applicable,No,Not Applicable,268,UPI,17,4.8,4.6
2024-07-23 11:55:00,CNR7047430750,Success,CID751624,Prime Sedan,Hebbal,KR Puram,182.0,55.0,Not Applicable,Not Applicable,No,Not Applicable,399,UPI,30,4.9,4.1
2024-07-14 09:53:00,CNR1172444466,Success,CID857312,Bike,Malleshwaram,Kammanahalli,259.0,70.0,Not Applicable,Not Applicable,No,Not Applicable,141,UPI,2,4.2,4.3
2024-07-09 21:44:00,CNR2310660526,Canceled by Driver,CID941600,Prime Sedan,Chamarajpet,MG Road,,,Not Applicable,More than permitted people in there,Not Applicable,Not Applicable,177,Not Applicable,0,,
2024-07-07 17:45:00,CNR4542766951,Canceled by Customer,CID946959,Prime Plus,HSR Layout,Malleshwaram,,,Driver is not moving towards pickup location,Not Applicable,Not Applicable,Not Applicable,278,Not Applicable,0,,
2024-07-01 18:47:00,CNR6852426760,Success,CID640702,Prime Sedan,Tumkur Road,Chickpet,63.0,40.0,Not Applicable,Not Applicable,No,Not Applicable,304,Credit Card,14,4.7,3.4
2024-07-03 02:00:00,CNR7791470987,Success,CID688767,Prime SUV,Rajarajeshwari Nagar,Shantinagar,210.0,125.0,Not Applicable,Not Applicable,No,Not Applicable,2848,UPI,7,3.4,3.2
2024-07-06 20:14:00,CNR9279690932,Canceled by Driver,CID367932,Mini,Majestic,Tumkur Road,,,Not Applicable,Personal & Car related issue,Not Applicable,Not Applicable,224,Not Applicable,0,,
2024-07-09 21:22:00,CNR8250889964,Success,CID264524,Auto,Devanahalli,Devanahalli,56.0,80.0,Not Applicable,Not Applicable,No,Not Applicable,412,Cash,12,4.9,3.8
2024-07-22 17:27:00,CNR3993360616,Canceled by Driver,CID940348,eBike,Malleshwaram,Basavanagudi,,,Not Applicable,Customer was coughing/sick,Not Applicable,Not Applicable,989,Not Applicable,0,,
2024-07-10 18:46:00,CNR5451990037,Canceled by Driver,CID526158,eBike,BTM Layout,Sarjapur Road,,,Not Applicable,Customer related issue,Not Applicable,Not Applicable,343,Not Applicable,0,,
2024-07-21 16:31:00,CNR1286821134,Canceled by Customer,CID900878,Mini,Sahakar Nagar,Jayanagar,,,AC is Not working,Not Applicable,Not Applicable,Not Applicable,1260,Not Applicable,0,,
2024-07-25 22:52:00,CNR3531996838,Driver Not Found,CID159597,Prime SUV,Kengeri,Nagarbhavi,,,Not Applicable,Not Applicable,Not Applicable,Not Applicable,912,Not Applicable,0,,
2024-07-28 18:55:00,CNR8331308658,Success,CID633756,Prime Sedan,MG Road,Kammanahalli,301.0,100.0,Not Applicable,Not Applicable,No,Not Applicable,169,Credit Card,3,3.8,3.4
2024-07-18 19:59:00,CNR1319208960,Success,CID218042,Bike,Chickpet,Majestic,189.0,80.0,Not Applicable,Not Applicable,Yes,Customer Demand,472,Cash,29,3.4,4.6
2024-07-30 23:13:00,CNR1164411423,Success,CID807900,eBike,Langford Town,Magadi Road,77.0,75.0,Not Applicable,Not Applicable,No,Not Applicable,248,Cash,41,4.4,4.2
2024-07-17 15:04:00,CNR9700634842,Success,CID521822,eBike,Kadugodi,Hebbal,105.0,55.0,Not Applicable,Not Applicable,No,Not Applicable,701,Cash,31,4.7,3.8
2024-07-26 05:40:00,CNR1685827347,Canceled by Driver,CID783921,eBike,Basavanagudi,Koramangala,,,Not Applicable,Customer was coughing/sick,Not Applicable,Not Applicable,220,Not Applicable,0,,
2024-07-02 13:55:00,CNR8577843943,Canceled by Customer,CID190595,Mini,Mysore Road,MG Road,,,Driver is not moving towards pickup location,Not Applicable,Not Applicable,Not Applicable,178,Not Applicable,0,,
2024-07-25 19:31:00,CNR2932589834,Canceled by Customer,CID113533,Prime SUV,Sahakar Nagar,Electronic City,,,Driver asked to cancel,Not Applicable,Not Applicable,Not Applicable,402,Not Applicable,0,,
2024-07-20 19:03:00,CNR3486762715,Canceled by Customer,CID291993,Prime Plus,Chickpet,Banashankari,,,Change of plans,Not Applicable,Not Applicable,Not Applicable,590,Not Applicable,0,,
2024-07-02 22:21:00,CNR4425087239,Success,CID624679,Prime Plus,Yelahanka,Ulsoor,196.0,80.0,Not Applicable,Not Applicable,No,Not Applicable,154,Cash,22,4.7,4.2
2024-07-07 01:49:00,CNR5623339645,Success,CID110419,Prime Plus,Yeshwanthpur,Yeshwanthpur,259.0,95.0,Not Applicable,Not Applicable,No,Not Applicable,450,Cash,20,3.8,3.9
2024-07-16 06:04:00,CNR5973135972,Canceled by Customer,CID363243,Prime Sedan,Frazer Town,BTM Layout,,,Change of plans,Not Applicable,Not Applicable,Not Applicable,161,Not Applicable,0,,
2024-07-16 12:37:00,CNR7758020776,Canceled by Driver,CID615326,Prime Sedan,HSR Layout,Kengeri,,,Not Applicable,Personal & Car related issue,Not Applicable,Not Applicable,428,Not Applicable,0,,
2024-07-19 01:40:00,CNR9792701593,Canceled by Customer,CID865906,eBike,Electronic City,Whitefield,,,Change of plans,Not Applicable,Not Applicable,Not Applicable,127,Not Applicable,0,,
2024-07-16 05:41:00,CNR9455103367,Success,CID796600,Prime Sedan,KR Puram,RT Nagar,42.0,80.0,Not Applicable,Not Applicable,No,Not Applicable,234,Cash,2,4.4,4.7
2024-07-01 12:05:00,CNR2365209462,Success,CID700353,Prime SUV,Malleshwaram,Hennur,182.0,115.0,Not Applicable,Not Applicable,No,Not Applicable,765,UPI,9,4.5,3.5
2024-07-14 03:36:00,CNR4709258001,Driver Not Found,CID458577,Prime Plus,Malleshwaram,Kammanahalli,,,Not Applicable,Not Applicable,Not Applicable,Not Applicable,187,Not Applicable,0,,
2024-07-16 18:12:00,CNR7476248859,Success,CID426205,Prime Plus,Ulsoor,Kadugodi,182.0,85.0,Not Applicable,Not Applicable,No,Not Applicable,688,UPI,29,3.6,4.1
2024-07-16 10:09:00,CNR5279465139,Success,CID842932,Prime Plus,Hosur Road,Rajajinagar,154.0,80.0,Not Applicable,Not Applicable,No,Not Applicable,236,UPI,26,3.7,4.0
2024-07-07 21:47:00,CNR7712229388,Success,CID794838,Prime Sedan,Kammanahalli,Nagarbhavi,287.0,140.0,Not Applicable,Not Applicable,No,Not Applicable,136,Cash,9,3.2,3.8
2024-07-28 04:42:00,CNR1186428905,Success,CID711741,Prime Sedan,Sarjapur Road,Bannerghatta Road,238.0,85.0,Not Applicable,Not Applicable,No,Not Applicable,351,UPI,11,3.2,5.0
2024-07-08 06:20:00,CNR5730876646,Canceled by Customer,CID315584,Prime Sedan,Frazer Town,Bannerghatta Road,,,Change of plans,Not Applicable,Not Applicable,Not Applicable,258,Not Applicable,0,,
2024-07-25 10:59:00,CNR5540142195,Success,CID569338,Bike,Rajajinagar,Varthur,35.0,95.0,Not Applicable,Not Applicable,No,Not Applicable,176,UPI,36,3.3,4.2
2024-07-19 15:26:00,CNR6239298816,Success,CID545031,Prime Sedan,Marathahalli,Ulsoor,147.0,25.0,Not Applicable,Not Applicable,No,Not Applicable,287,Cash,18,3.1,3.7
2024-07-13 14:49:00,CNR7385817707,Canceled by Customer,CID622509,Prime Sedan,Jayanagar,HSR Layout,,,Wrong Address,Not Applicable,Not Applicable,Not Applicable,182,Not Applicable,0,,
2024-07-03 01:10:00,CNR1981043403,Success,CID851709,Mini,Basavanagudi,Hulimavu,154.0,60.0,Not Applicable,Not Applicable,No,Not Applicable,166,Cash,7,3.9,4.1
2024-07-04 12:45:00,CNR8860793629,Canceled by Driver,CID820701,Prime Plus,Yelahanka,Ulsoor,,,Not Applicable,Customer related issue,Not Applicable,Not Applicable,222,Not Applicable,0,,
2024-07-26 02:02:00,CNR7881141542,Canceled by Driver,CID768918,Mini,Hulimavu,Malleshwaram,,,Not Applicable,Customer was coughing/sick,Not Applicable,Not Applicable,1583,Not Applicable,0,,
2024-07-29 22:06:00,CNR7721262158,Success,CID652856,Mini,Yeshwanthpur,Ulsoor,98.0,115.0,Not Applicable,Not Applicable,No,Not Applicable,347,Cash,47,3.8,4.2
2024-07-17 12:10:00,CNR1678019534,Canceled by Customer,CID814381,Prime Plus,Hosur Road,Vijayanagar,,,Driver asked to cancel,Not Applicable,Not Applicable,Not Applicable,268,Not Applicable,0,,
2024-07-17 09:13:00,CNR3382971965,Canceled by Customer,CID989533,Mini,Shivajinagar,Varthur,,,Driver is not moving towards pickup location,Not Applicable,Not Applicable,Not Applicable,426,Not Applicable,0,,
2024-07-29 11:55:00,CNR1162444676,Canceled by Driver,CID903605,Bike,Yelahanka,Marathahalli,,,Not Applicable,Customer related issue,Not Applicable,Not Applicable,280,Not Applicable,0,,
2024-07-11 14:27:00,CNR6374694032,Success,CID963240,Auto,Hebbal,Bellandur,105.0,140.0,Not Applicable,Not Applicable,No,Not Applicable,310,UPI,14,4.6,3.2
2024-07-10 10:44:00,CNR4972597835,Success,CID892932,Prime Plus,Kammanahalli,Indiranagar,196.0,140.0,Not Applicable,Not Applicable,No,Not Applicable,111,Cash,4,4.8,4.5
2024-07-07 11:53:00,CNR7938411154,Canceled by Customer,CID159530,Prime Plus,RT Nagar,Basavanagudi,,,Driver asked to cancel,Not Applicable,Not Applicable,Not Applicable,477,Not Applicable,0,,
2024-07-09 08:25:00,CNR6403003276,Success,CID848854,Prime Plus,Hebbal,Majestic,105.0,110.0,Not Applicable,Not Applicable,No,Not Applicable,527,Cash,27,4.5,4.4
2024-07-15 20:22:00,CNR9824109923,Canceled by Driver,CID507135,eBike,Basavanagudi,Vijayanagar,,,Not Applicable,Customer related issue,Not Applicable,Not Applicable,389,Not Applicable,0,,
2024-07-21 04:18:00,CNR3708494051,Canceled by Customer,CID166241,Auto,Chamarajpet,RT Nagar,,,Driver asked to cancel,Not Applicable,Not Applicable,Not Applicable,116,Not Applicable,0,,
2024-07-10 12:47:00,CNR3914915935,Driver Not Found,CID745676,Mini,Bellandur,Varthur,,,Not Applicable,Not Applicable,Not Applicable,Not Applicable,477,Not Applicable,0,,
2024-07-10 07:08:00,CNR2517202633,Success,CID884149,Prime SUV,Hulimavu,HSR Layout,133.0,100.0,Not Applicable,Not Applicable,No,Not Applicable,263,Cash,48,4.0,4.2
2024-07-05 06:18:00,CNR4624228743,Success,CID151151,Auto,Langford Town,Majestic,280.0,90.0,Not Applicable,Not Applicable,No,Not Applicable,155,UPI,14,3.1,3.5
2024-07-27 06:45:00,CNR4093569031,Canceled by Driver,CID202858,Bike,HSR Layout,Electronic City,,,Not Applicable,Personal & Car related issue,Not Applicable,Not Applicable,399,Not Applicable,0,,
2024-07-15 11:54:00,CNR7882380531,Driver Not Found,CID847414,Auto,Tumkur Road,Ulsoor,,,Not Applicable,Not Applicable,Not Applicable,Not Applicable,2019,Not Applicable,0,,
2024-07-03 09:15:00,CNR2743627542,Success,CID840731,Prime Sedan,Varthur,Nagarbhavi,42.0,45.0,Not Applicable,Not Applicable,No,Not Applicable,137,Cash,7,3.1,3.1
2024-07-25 22:37:00,CNR9308968636,Canceled by Driver,CID102454,Mini,Kadugodi,Electronic City,,,Not Applicable,Customer related issue,Not Applicable,Not Applicable,273,Not Applicable,0,,
2024-07-26 21:04:00,CNR1500875133,Canceled by Driver,CID491267,eBike,Ulsoor,Kammanahalli,,,Not Applicable,Customer was coughing/sick,Not Applicable,Not Applicable,1308,Not Applicable,0,,
2024-07-19 04:11:00,CNR2714336341,Success,CID510361,Auto,Hosur Road,Whitefield,266.0,35.0,Not Applicable,Not Applicable,No,Not Applicable,476,UPI,2,3.6,4.5
2024-07-06 06:43:00,CNR2616057233,Success,CID216797,Prime SUV,Majestic,MG Road,294.0,140.0,Not Applicable,Not Applicable,No,Not Applicable,693,Cash,48,4.0,3.4
2024-07-15 06:45:00,CNR6714522033,Success,CID416889,Prime SUV,Majestic,Banashankari,35.0,40.0,Not Applicable,Not Applicable,No,Not Applicable,249,Cash,38,4.8,4.7
2024-07-07 09:57:00,CNR2682388093,Canceled by Driver,CID780849,eBike,Sahakar Nagar,Richmond Town,,,Not Applicable,Personal & Car related issue,Not Applicable,Not Applicable,2763,Not Applicable,0,,
2024-07-03 01:45:00,CNR5853436730,Canceled by Customer,CID736549,Prime SUV,BTM Layout,Basavanagudi,,,Driver is not moving towards pickup location,Not Applicable,Not Applicable,Not Applicable,2324,Not Applicable,0,,
2024-07-12 01:24:00,CNR2605245959,Success,CID465943,eBike,Shantinagar,Cox Town,119.0,85.0,Not Applicable,Not Applicable,No,Not Applicable,400,Cash,27,4.7,4.0
2024-07-25 06:33:00,CNR8505876123,Success,CID567002,eBike,Hosur Road,Chickpet,224.0,80.0,Not Applicable,Not Applicable,No,Not Applicable,603,Cash,16,4.8,3.3
2024-07-08 23:29:00,CNR5094969496,Driver Not Found,CID490365,eBike,Bannerghatta Road,Sahakar Nagar,,,Not Applicable,Not Applicable,Not Applicable,Not Applicable,316,Not Applicable,0,,
2024-07-26 10:56:00,CNR3360203859,Success,CID978071,Prime Sedan,Shantinagar,Sahakar Nagar,273.0,65.0,Not Applicable,Not Applicable,No,Not Applicable,464,UPI,8,4.6,3.1
2024-07-10 17:14:00,CNR6405660128,Success,CID148150,Prime SUV,Electronic City,Rajajinagar,98.0,75.0,Not Applicable,Not Applicable,No,Not Applicable,268,Cash,4,4.8,3.4
2024-07-13 15:01:00,CNR9127845022,Canceled by Driver,CID280620,Auto,KR Puram,MG Road,,,Not Applicable,Customer was coughing/sick,Not Applicable,Not Applicable,639,Not Applicable,0,,
2024-07-14 23:06:00,CNR6492225292,Success,CID223663,Prime Sedan,Peenya,Vijayanagar,280.0,55.0,Not Applicable,Not Applicable,No,Not Applicable,824,UPI,12,3.9,4.2
2024-07-01 18:57:00,CNR5111183396,Canceled by Customer,CID112984,Bike,Sarjapur Road,Chickpet,,,Driver asked to cancel,Not Applicable,Not Applicable,Not Applicable,279,Not Applicable,0,,
2024-07-26 13:07:00,CNR5977258230,Success,CID750167,Auto,Cox Town,Vijayanagar,42.0,45.0,Not Applicable,Not Applicable,No,Not Applicable,361,Cash,3,3.3,4.2
2024-07-03 08:14:00,CNR5137408910,Success,CID324517,Auto,Peenya,Magadi Road,112.0,85.0,Not Applicable,Not Applicable,No,Not Applicable,516,Cash,10,3.7,4.3
2024-07-10 10:16:00,CNR1749545167,Driver Not Found,CID272693,Bike,Banashankari,Varthur,,,Not Applicable,Not Applicable,Not Applicable,Not Applicable,307,Not Applicable,0,,
2024-07-19 04:06:00,CNR2217421262,Success,CID829295,Prime SUV,Hosur Road,Tumkur Road,266.0,45.0,Not Applicable,Not Applicable,No,Not Applicable,175,Cash,44,4.1,3.6
2024-07-19 14:46:00,CNR3077159514,Canceled by Driver,CID228495,Prime Plus,Kadugodi,Basavanagudi,,,Not Applicable,Personal & Car related issue,Not Applicable,Not Applicable,234,Not Applicable,0,,
2024-07-30 15:18:00,CNR2340078147,Success,CID981161,Bike,Langford Town,HSR Layout,98.0,40.0,Not Applicable,Not Applicable,No,Not Applicable,354,Cash,34,3.2,4.9
2024-07-04 11:25:00,CNR6887040163,Canceled by Customer,CID460962,Prime Plus,Yeshwanthpur,Kammanahalli,,,Change of plans,Not Applicable,Not Applicable,Not Applicable,197,Not Applicable,0,,
2024-07-16 08:34:00,CNR9895010816,Success,CID299293,Auto,Yeshwanthpur,RT Nagar,105.0,50.0,Not Applicable,Not Applicable,No,Not Applicable,1085,Cash,1,3.5,3.1
2024-07-27 03:06:00,CNR9848221772,Success,CID327578,Auto,Marathahalli,Kammanahalli,273.0,55.0,Not Applicable,Not Applicable,No,Not Applicable,437,UPI,11,3.3,4.8
2024-07-28 15:55:00,CNR9445589949,Driver Not Found,CID151536,Prime Plus,Bellandur,Devanahalli,,,Not Applicable,Not Applicable,Not Applicable,Not Applicable,243,Not Applicable,0,,
2024-07-03 04:57:00,CNR2688329687,Success,CID202241,Bike,MG Road,Padmanabhanagar,126.0,80.0,Not Applicable,Not Applicable,No,Not Applicable,406,Cash,34,5.0,3.9
2024-07-21 11:18:00,CNR9121407608,Canceled by Customer,CID581897,Mini,Chickpet,Shantinagar,,,Driver asked to cancel,Not Applicable,Not Applicable,Not Applicable,154,Not Applicable,0,,
2024-07-24 19:59:00,CNR8947234218,Success,CID364963,Bike,Shantinagar,Majestic,287.0,95.0,Not Applicable,Not Applicable,No,Not Applicable,235,UPI,16,4.5,3.3
2024-07-23 03:35:00,CNR5201361512,Success,CID223811,Prime SUV,Mysore Road,Marathahalli,301.0,95.0,Not Applicable,Not Applicable,No,Not Applicable,212,UPI,43,3.3,3.9
2024-07-22 15:10:00,CNR2296221263,Success,CID335607,Prime SUV,Kammanahalli,Hebbal,140.0,85.0,Not Applicable,Not Applicable,No,Not Applicable,142,Cash,13,4.2,4.6
2024-07-06 06:44:00,CNR2177432489,Success,CID285815,Prime SUV,Hennur,Tumkur Road,266.0,110.0,Not Applicable,Not Applicable,No,Not Applicable,886,UPI,5,4.5,5.0
2024-07-08 08:14:00,CNR9338205005,Success,CID999302,Prime Plus,Ramamurthy Nagar,Bannerghatta Road,35.0,25.0,Not Applicable,Not Applicable,No,Not Applicable,308,Cash,21,3.7,4.7
2024-07-10 00:49:00,CNR4124797885,Success,CID545404,Prime SUV,Malleshwaram,Richmond Town,161.0,65.0,Not Applicable,Not Applicable,No,Not Applicable,628,Cash,2,4.2,3.1
2024-07-17 10:58:00,CNR1384075932,Success,CID338333,Bike,Magadi Road,Bannerghatta Road,154.0,65.0,Not Applicable,Not Applicable,No,Not Applicable,802,Cash,39,3.9,4.3
2024-07-12 02:43:00,CNR9637119643,Canceled by Driver,CID817685,Prime Sedan,Chamarajpet,Kengeri,,,Not Applicable,Customer was coughing/sick,Not Applicable,Not Applicable,277,Not Applicable,0,,
2024-07-24 11:08:00,CNR4777078247,Success,CID404562,Bike,Hosur Road,Kammanahalli,42.0,35.0,Not Applicable,Not Applicable,No,Not Applicable,427,UPI,19,4.4,4.3
2024-07-13 23:40:00,CNR3560235558,Success,CID265037,Mini,Whitefield,Rajarajeshwari Nagar,259.0,140.0,Not Applicable,Not Applicable,No,Not Applicable,186,Cash,40,4.1,4.9
2024-07-12 04:20:00,CNR1988663587,Success,CID162268,Auto,Shivajinagar,HSR Layout,308.0,75.0,Not Applicable,Not Applicable,No,Not Applicable,159,Cash,10,4.9,4.1
2024-07-28 00:11:00,CNR3904396174,Success,CID130722,Auto,BTM Layout,Shantinagar,210.0,135.0,Not Applicable,Not Applicable,No,Not Applicable,444,Debit Card,6,4.1,3.1
2024-07-13 05:36:00,CNR4965186858,Success,CID276994,Prime Plus,Rajajinagar,Sarjapur Road,273.0,35.0,Not Applicable,Not Applicable,No,Not Applicable,734,UPI,31,4.9,4.3
2024-07-21 22:06:00,CNR6605396499,Canceled by Driver,CID785456,Prime Sedan,Kadugodi,Banashankari,,,Not Applicable,Customer was coughing/sick,Not Applicable,Not Applicable,730,Not Applicable,0,,
2024-07-10 23:29:00,CNR5542514865,Success,CID921565,Prime Plus,KR Puram,Kengeri,189.0,45.0,Not Applicable,Not Applicable,No,Not Applicable,440,Cash,29,3.4,4.2
2024-07-26 15:16:00,CNR6315836355,Success,CID678178,Prime Sedan,Hulimavu,Rajajinagar,259.0,25.0,Not Applicable,Not Applicable,No,Not Applicable,273,Cash,36,3.2,4.4
2024-07-21 10:07:00,CNR5603615666,Success,CID984889,Auto,Basavanagudi,Langford Town,91.0,120.0,Not Applicable,Not Applicable,No,Not Applicable,1456,Cash,16,3.2,4.1
2024-07-20 13:05:00,CNR2712261590,Success,CID474332,Auto,Peenya,Tumkur Road,245.0,55.0,Not Applicable,Not Applicable,No,Not Applicable,770,UPI,6,3.1,4.5
2024-07-07 12:57:00,CNR4228541494,Success,CID862135,Auto,BTM Layout,Peenya,238.0,95.0,Not Applicable,Not Applicable,No,Not Applicable,320,Credit Card,8,4.3,4.1
2024-07-23 01:40:00,CNR5561600050,Success,CID223276,Prime Sedan,RT Nagar,Bannerghatta Road,77.0,140.0,Not Applicable,Not Applicable,No,Not Applicable,194,UPI,48,4.0,3.1
2024-07-03 11:05:00,CNR6561822155,Canceled by Customer,CID509748,Auto,Varthur,Chickpet,,,Driver is not moving towards pickup location,Not Applicable,Not Applicable,Not Applicable,138,Not Applicable,0,,
2024-07-17 14:10:00,CNR4986532653,Success,CID867501,Mini,Hulimavu,Indiranagar,42.0,70.0,Not Applicable,Not Applicable,No,Not Applicable,903,Cash,1,4.8,4.2
2024-07-08 22:52:00,CNR2105417584,Success,CID555349,eBike,Kammanahalli,Bellandur,147.0,105.0,Not Applicable,Not Applicable,No,Not Applicable,905,UPI,12,3.2,4.4
2024-07-25 11:11:00,CNR1622354155,Success,CID223119,Auto,Shivajinagar,JP Nagar,126.0,35.0,Not Applicable,Not Applicable,No,Not Applicable,327,Cash,2,3.8,4.5
2024-07-08 13:20:00,CNR8059514521,Canceled by Customer,CID220732,eBike,Magadi Road,Chickpet,,,Driver is not moving towards pickup location,Not Applicable,Not Applicable,Not Applicable,281,Not Applicable,0,,
2024-07-11 21:34:00,CNR5156140638,Success,CID559462,Prime Plus,JP Nagar,Bellandur,245.0,145.0,Not Applicable,Not Applicable,No,Not Applicable,263,UPI,26,4.9,4.4
2024-07-27 20:15:00,CNR7758767797,Success,CID155146,Bike,Ulsoor,RT Nagar,147.0,75.0,Not Applicable,Not Applicable,No,Not Applicable,182,Cash,16,3.9,3.5
2024-07-04 23:19:00,CNR7806025984,Success,CID742125,Auto,Jayanagar,Mysore Road,42.0,35.0,Not Applicable,Not Applicable,No,Not Applicable,415,Credit Card,11,4.2,4.5
2024-07-29 04:48:00,CNR1503315501,Canceled by Driver,CID949630,Prime Plus,Bannerghatta Road,Richmond Town,,,Not Applicable,More than permitted people in there,Not Applicable,Not Applicable,248,Not Applicable,0,,
2024-07-25 16:49:00,CNR2428431990,Success,CID797621,eBike,Ramamurthy Nagar,Hulimavu,301.0,85.0,Not Applicable,Not Applicable,No,Not Applicable,440,Cash,27,4.5,3.3
2024-07-11 04:01:00,CNR7318505623,Success,CID549711,Mini,Kengeri,BTM Layout,210.0,130.0,Not Applicable,Not Applicable,No,Not Applicable,287,UPI,30,3.9,3.7
2024-07-18 02:48:00,CNR5517768520,Success,CID900913,Mini,HSR Layout,BTM Layout,259.0,55.0,Not Applicable,Not Applicable,No,Not Applicable,266,UPI,3,4.3,4.0
2024-07-19 14:08:00,CNR6528503327,Driver Not Found,CID193630,Mini,Indiranagar,KR Puram,,,Not Applicable,Not Applicable,Not Applicable,Not Applicable,200,Not Applicable,0,,
2024-07-13 06:09:00,CNR3929637375,Success,CID607128,Mini,Tumkur Road,Banashankari,189.0,140.0,Not Applicable,Not Applicable,No,Not Applicable,1155,Cash,14,5.0,3.7
2024-07-07 09:42:00,CNR3343447820,Canceled by Driver,CID263071,eBike,Kammanahalli,Nagarbhavi,,,Not Applicable,Personal & Car related issue,Not Applicable,Not Applicable,362,Not Applicable,0,,
2024-07-13 13:46:00,CNR6996369711,Canceled by Driver,CID845371,Prime SUV,Banashankari,Rajajinagar,,,Not Applicable,Personal & Car related issue,Not Applicable,Not Applicable,1877,Not Applicable,0,,
2024-07-09 17:08:00,CNR3838249272,Success,CID155141,Auto,Yelahanka,Magadi Road,126.0,30.0,Not Applicable,Not Applicable,No,Not Applicable,368,UPI,12,4.2,4.0
2024-07-21 15:42:00,CNR6648709937,Success,CID127036,Mini,Kadugodi,Hennur,210.0,100.0,Not Applicable,Not Applicable,No,Not Applicable,195,Cash,23,3.2,4.4
2024-07-23 13:19:00,CNR1691583261,Success,CID581209,Auto,Koramangala,Koramangala,112.0,120.0,Not Applicable,Not Applicable,No,Not Applicable,336,UPI,10,3.2,3.8
2024-07-29 17:26:00,CNR3409931685,Success,CID416099,Prime SUV,Cox Town,Ulsoor,280.0,115.0,Not Applicable,Not Applicable,No,Not Applicable,492,UPI,15,4.9,4.1
2024-07-25 23:14:00,CNR5424325914,Success,CID264677,Prime Sedan,Sahakar Nagar,Jayanagar,84.0,135.0,Not Applicable,Not Applicable,No,Not Applicable,437,Cash,31,4.8,4.8
2024-07-26 06:04:00,CNR8457712794,Canceled by Driver,CID366575,Prime Plus,Majestic,Tumkur Road,,,Not Applicable,Customer was coughing/sick,Not Applicable,Not Applicable,353,Not Applicable,0,,
2024-07-24 14:24:00,CNR5675785873,Success,CID228561,Prime Sedan,Kadugodi,Hosur Road,308.0,120.0,Not Applicable,Not Applicable,No,Not Applicable,2286,Credit Card,36,4.1,3.3
2024-07-06 18:49:00,CNR3096579918,Success,CID834490,Auto,Bannerghatta Road,MG Road,112.0,120.0,Not Applicable,Not Applicable,No,Not Applicable,278,UPI,7,4.4,4.4
2024-07-20 06:16:00,CNR5058184314,Canceled by Customer,CID583033,Auto,Hebbal,Vijayanagar,,,Change of plans,Not Applicable,Not Applicable,Not Applicable,476,Not Applicable,0,,
2024-07-29 19:39:00,CNR3884455676,Success,CID175002,Mini,Banashankari,Shantinagar,147.0,145.0,Not Applicable,Not Applicable,No,Not Applicable,494,Cash,30,3.9,4.8
2024-07-07 16:48:00,CNR2931446115,Success,CID904131,Bike,Ramamurthy Nagar,Vijayanagar,301.0,110.0,Not Applicable,Not Applicable,No,Not Applicable,664,Cash,43,4.1,3.5
2024-07-11 02:49:00,CNR5857759322,Success,CID254167,Prime SUV,Hennur,Padmanabhanagar,189.0,90.0,Not Applicable,Not Applicable,No,Not Applicable,312,UPI,40,4.5,3.1
2024-07-20 12:05:00,CNR8551801706,Success,CID856779,Mini,MG Road,Kengeri,217.0,30.0,Not Applicable,Not Applicable,No,Not Applicable,327,Cash,7,4.4,4.4
2024-07-29 02:25:00,CNR1295493505,Canceled by Driver,CID503543,eBike,MG Road,Indiranagar,,,Not Applicable,Customer related issue,Not Applicable,Not Applicable,195,Not Applicable,0,,
2024-07-29 05:35:00,CNR8304997537,Driver Not Found,CID144457,Mini,Bellandur,KR Puram,,,Not Applicable,Not Applicable,Not Applicable,Not Applicable,979,Not Applicable,0,,
2024-07-11 16:03:00,CNR8308941995,Success,CID276154,Mini,RT Nagar,Jayanagar,49.0,110.0,Not Applicable,Not Applicable,Yes,Customer Demand,450,Cash,38,5.0,3.1
2024-07-20 22:10:00,CNR1855100955,Canceled by Driver,CID348078,Prime SUV,Rajarajeshwari Nagar,Basavanagudi,,,Not Applicable,Customer related issue,Not Applicable,Not Applicable,402,Not Applicable,0,,
2024-07-25 11:34:00,CNR4076546151,Success,CID612150,Prime Plus,Kengeri,Nagarbhavi,189.0,85.0,Not Applicable,Not Applicable,No,Not Applicable,316,UPI,46,3.3,3.4
2024-07-11 11:25:00,CNR2165985698,Success,CID823413,Bike,Basavanagudi,Frazer Town,161.0,120.0,Not Applicable,Not Applicable,No,Not Applicable,266,Cash,46,3.6,4.9
2024-07-28 17:18:00,CNR1927690860,Success,CID297031,Prime Sedan,Cox Town,Bellandur,224.0,85.0,Not Applicable,Not Applicable,No,Not Applicable,120,Cash,10,3.3,3.5
2024-07-13 23:52:00,CNR1547914977,Success,CID897998,Prime SUV,Frazer Town,Vijayanagar,245.0,90.0,Not Applicable,Not Applicable,No,Not Applicable,339,UPI,24,3.6,3.5
2024-07-08 01:25:00,CNR6606919382,Success,CID598027,Mini,Devanahalli,Magadi Road,161.0,115.0,Not Applicable,Not Applicable,No,Not Applicable,863,UPI,23,4.4,3.9
2024-07-28 12:45:00,CNR2382323781,Success,CID570987,Mini,Richmond Town,Koramangala,301.0,135.0,Not Applicable,Not Applicable,No,Not Applicable,646,UPI,39,4.8,4.8
2024-07-27 05:40:00,CNR4916354531,Success,CID692161,Bike,Bellandur,Tumkur Road,231.0,95.0,Not Applicable,Not Applicable,No,Not Applicable,340,Cash,29,3.3,4.5
2024-07-12 12:12:00,CNR4557947922,Success,CID526815,eBike,Hosur Road,Kadugodi,161.0,120.0,Not Applicable,Not Applicable,No,Not Applicable,395,Cash,43,3.0,4.6
2024-07-25 23:19:00,CNR5367472122,Success,CID714814,eBike,Ramamurthy Nagar,Hennur,182.0,35.0,Not Applicable,Not Applicable,No,Not Applicable,527,UPI,36,3.0,3.1
2024-07-21 16:44:00,CNR9932455413,Canceled by Customer,CID732912,Prime Plus,BTM Layout,Ramamurthy Nagar,,,Driver asked to cancel,Not Applicable,Not Applicable,Not Applicable,738,Not Applicable,0,,
2024-07-06 22:16:00,CNR1306186775,Canceled by Customer,CID315900,Mini,Hosur Road,Chickpet,,,Driver is not moving towards pickup location,Not Applicable,Not Applicable,Not Applicable,356,Not Applicable,0,,
2024-07-21 23:44:00,CNR2571004551,Success,CID532790,eBike,Ramamurthy Nagar,Koramangala,133.0,50.0,Not Applicable,Not Applicable,No,Not Applicable,322,Cash,2,4.8,4.1
2024-07-26 07:46:00,CNR3210526059,Success,CID261149,Auto,BTM Layout,Devanahalli,294.0,40.0,Not Applicable,Not Applicable,No,Not Applicable,466,UPI,13,4.9,4.7
2024-07-24 23:50:00,CNR9759129129,Success,CID392881,Prime Plus,Padmanabhanagar,Vijayanagar,35.0,125.0,Not Applicable,Not Applicable,No,Not Applicable,233,Cash,17,3.8,3.0
2024-07-11 13:44:00,CNR3901829395,Success,CID264627,Bike,Shivajinagar,Electronic City,175.0,55.0,Not Applicable,Not Applicable,No,Not Applicable,2091,UPI,1,4.3,4.7
2024-07-26 16:59:00,CNR1541127492,Success,CID582769,Prime Plus,Rajarajeshwari Nagar,HSR Layout,70.0,85.0,Not Applicable,Not Applicable,No,Not Applicable,205,Cash,46,3.0,4.6
2024-07-30 17:37:00,CNR1234804605,Success,CID781678,eBike,Devanahalli,Yelahanka,105.0,45.0,Not Applicable,Not Applicable,No,Not Applicable,321,Cash,48,4.9,5.0
2024-07-13 01:40:00,CNR6979118887,Canceled by Driver,CID712029,Mini,Ulsoor,Electronic City,,,Not Applicable,Personal & Car related issue,Not Applicable,Not Applicable,253,Not Applicable,0,,
2024-07-16 03:17:00,CNR3096878274,Success,CID874725,Bike,Kammanahalli,Hennur,35.0,110.0,Not Applicable,Not Applicable,No,Not Applicable,114,Cash,38,3.9,4.5
2024-07-24 10:18:00,CNR1246381699,Canceled by Customer,CID719366,Prime Sedan,Vijayanagar,Yelahanka,,,Change of plans,Not Applicable,Not Applicable,Not Applicable,637,Not Applicable,0,,
2024-07-30 09:11:00,CNR8553542500,Canceled by Customer,CID621919,eBike,Richmond Town,Indiranagar,,,AC is Not working,Not Applicable,Not Applicable,Not Applicable,1824,Not Applicable,0,,
2024-07-19 00:56:00,CNR5812297484,Canceled by Customer,CID975065,Bike,Tumkur Road,Nagarbhavi,,,Driver is not moving towards pickup location,Not Applicable,Not Applicable,Not Applicable,361,Not Applicable,0,,
2024-07-15 17:18:00,CNR5819978830,Canceled by Driver,CID633569,Prime Plus,Banashankari,Sahakar Nagar,,,Not Applicable,Customer was coughing/sick,Not Applicable,Not Applicable,714,Not Applicable,0,,
2024-07-21 01:19:00,CNR7093174124,Canceled by Customer,CID233110,Auto,Devanahalli,Cox Town,,,Driver is not moving towards pickup location,Not Applicable,Not Applicable,Not Applicable,237,Not Applicable,0,,
2024-07-14 16:47:00,CNR1406462386,Driver Not Found,CID945480,Prime SUV,JP Nagar,Marathahalli,,,Not Applicable,Not Applicable,Not Applicable,Not Applicable,237,Not Applicable,0,,
2024-07-30 11:12:00,CNR7303988567,Success,CID997979,eBike,Langford Town,Electronic City,56.0,90.0,Not Applicable,Not Applicable,No,Not Applicable,514,Cash,11,4.9,3.2
2024-07-18 21:23:00,CNR6615002705,Canceled by Driver,CID125495,Prime Plus,MG Road,Kengeri,,,Not Applicable,Customer was coughing/sick,Not Applicable,Not Applicable,344,Not Applicable,0,,
2024-07-27 05:44:00,CNR5508834718,Success,CID606601,Prime SUV,Richmond Town,Magadi Road,126.0,75.0,Not Applicable,Not Applicable,No,Not Applicable,728,Cash,18,4.1,4.2
2024-07-10 12:10:00,CNR4333747394,Driver Not Found,CID138918,Auto,Shantinagar,Richmond Town,,,Not Applicable,Not Applicable,Not Applicable,Not Applicable,745,Not Applicable,0,,
2024-07-05 03:32:00,CNR5014904351,Canceled by Customer,CID273739,Auto,Sarjapur Road,Sahakar Nagar,,,Change of plans,Not Applicable,Not Applicable,Not Applicable,283,Not Applicable,0,,
2024-07-10 07:01:00,CNR2554207114,Success,CID267923,Mini,Chamarajpet,Majestic,217.0,65.0,Not Applicable,Not Applicable,No,Not Applicable,220,Credit Card,15,4.1,3.3
2024-07-21 03:03:00,CNR2621840442,Canceled by Driver,CID879898,eBike,Ulsoor,Varthur,,,Not Applicable,Customer related issue,Not Applicable,Not Applicable,364,Not Applicable,0,,
2024-07-05 23:04:00,CNR5177380199,Success,CID161826,Bike,Kengeri,Hennur,119.0,135.0,Not Applicable,Not Applicable,No,Not Applicable,196,Cash,13,3.0,4.0
2024-07-19 14:16:00,CNR7782411248,Canceled by Driver,CID765547,Prime Plus,Kammanahalli,Chamarajpet,,,Not Applicable,Personal & Car related issue,Not Applicable,Not Applicable,677,Not Applicable,0,,
2024-07-14 18:11:00,CNR1701097460,Canceled by Customer,CID411878,Prime Plus,Richmond Town,HSR Layout,,,Driver asked to cancel,Not Applicable,Not Applicable,Not Applicable,481,Not Applicable,0,,
2024-07-22 01:19:00,CNR1443816240,Success,CID997072,Bike,Hennur,Malleshwaram,126.0,120.0,Not Applicable,Not Applicable,No,Not Applicable,152,UPI,47,4.8,3.2
2024-07-22 00:15:00,CNR8575050182,Canceled by Customer,CID687049,Auto,Richmond Town,BTM Layout,,,Driver asked to cancel,Not Applicable,Not Applicable,Not Applicable,299,Not Applicable,0,,
2024-07-01 03:17:00,CNR9964704138,Success,CID226086,eBike,Chamarajpet,Bellandur,63.0,75.0,Not Applicable,Not Applicable,Yes,Customer Demand,346,UPI,48,3.5,3.8
2024-07-06 18:26:00,CNR3673066786,Success,CID766804,Mini,Koramangala,Kengeri,147.0,100.0,Not Applicable,Not Applicable,No,Not Applicable,316,Cash,35,3.1,3.3
2024-07-29 02:34:00,CNR9542454361,Canceled by Customer,CID517908,Prime Sedan,Bellandur,Marathahalli,,,AC is Not working,Not Applicable,Not Applicable,Not Applicable,223,Not Applicable,0,,
2024-07-18 10:37:00,CNR4116828216,Success,CID994033,Prime Plus,Bellandur,Kengeri,287.0,60.0,Not Applicable,Not Applicable,No,Not Applicable,113,UPI,13,3.9,4.1
2024-07-14 22:42:00,CNR4544902325,Success,CID446391,Prime Sedan,Vijayanagar,HSR Layout,210.0,30.0,Not Applicable,Not Applicable,Yes,Other Issue,458,Cash,32,3.3,4.8
2024-07-02 13:39:00,CNR8380775888,Success,CID752612,Prime SUV,Kengeri,Hosur Road,280.0,120.0,Not Applicable,Not Applicable,No,Not Applicable,297,UPI,35,4.2,4.7
2024-07-16 21:50:00,CNR9244624228,Canceled by Customer,CID778176,Auto,Cox Town,Malleshwaram,,,Driver is not moving towards pickup location,Not Applicable,Not Applicable,Not Applicable,633,Not Applicable,0,,
2024-07-25 02:26:00,CNR7542982814,Canceled by Driver,CID873877,Prime Sedan,Whitefield,Hulimavu,,,Not Applicable,Customer was coughing/sick,Not Applicable,Not Applicable,398,Not Applicable,0,,
2024-07-07 21:09:00,CNR4818777161,Success,CID928704,Prime Plus,RT Nagar,Indiranagar,154.0,50.0,Not Applicable,Not Applicable,No,Not Applicable,246,Cash,14,3.3,3.8
2024-07-28 10:37:00,CNR9166879219,Success,CID627239,Auto,Sahakar Nagar,Sahakar Nagar,231.0,45.0,Not Applicable,Not Applicable,No,Not Applicable,991,Cash,1,3.7,4.6
2024-07-11 05:06:00,CNR8315559534,Canceled by Driver,CID212870,Auto,Kammanahalli,Hennur,,,Not Applicable,Personal & Car related issue,Not Applicable,Not Applicable,2373,Not Applicable,0,,
2024-07-19 00:03:00,CNR4864665641,Success,CID454214,Bike,Yeshwanthpur,Indiranagar,217.0,145.0,Not Applicable,Not Applicable,No,Not Applicable,1369,UPI,39,3.9,3.7
2024-07-06 23:45:00,CNR9712844545,Success,CID568816,Auto,Chamarajpet,Shantinagar,49.0,55.0,Not Applicable,Not Applicable,No,Not Applicable,2036,Cash,14,4.3,3.6
2024-07-18 04:40:00,CNR1724740597,Success,CID256906,Auto,KR Puram,HSR Layout,266.0,145.0,Not Applicable,Not Applicable,No,Not Applicable,471,UPI,4,3.7,3.2
2024-07-18 15:03:00,CNR9458212027,Success,CID626832,Prime Sedan,Bannerghatta Road,BTM Layout,245.0,145.0,Not Applicable,Not Applicable,No,Not Applicable,128,Cash,44,3.1,4.6
2024-07-04 06:08:00,CNR2581170019,Success,CID230041,Prime Plus,Chickpet,Chamarajpet,84.0,130.0,Not Applicable,Not Applicable,No,Not Applicable,124,Cash,49,4.6,4.7
2024-07-25 17:10:00,CNR9678127078,Canceled by Driver,CID397182,Mini,BTM Layout,Mysore Road,,,Not Applicable,Personal & Car related issue,Not Applicable,Not Applicable,294,Not Applicable,0,,
2024-07-22 16:10:00,CNR9731464032,Canceled by Customer,CID783566,Mini,Tumkur Road,Frazer Town,,,AC is Not working,Not Applicable,Not Applicable,Not Applicable,420,Not Applicable,0,,
2024-07-26 06:31:00,CNR3873150534,Canceled by Driver,CID632220,eBike,MG Road,Ulsoor,,,Not Applicable,Personal & Car related issue,Not Applicable,Not Applicable,343,Not Applicable,0,,
2024-07-21 18:35:00,CNR1764029603,Canceled by Customer,CID170405,Mini,MG Road,Shivajinagar,,,Driver asked to cancel,Not Applicable,Not Applicable,Not Applicable,421,Not Applicable,0,,
2024-07-19 13:29:00,CNR3161822081,Success,CID924961,Mini,Peenya,Cox Town,259.0,60.0,Not Applicable,Not Applicable,No,Not Applicable,129,Cash,27,4.0,3.2
2024-07-29 23:28:00,CNR9137202222,Success,CID490315,Prime Sedan,Cox Town,Rajarajeshwari Nagar,210.0,125.0,Not Applicable,Not Applicable,No,Not Applicable,199,Cash,25,4.6,3.8
2024-07-17 11:44:00,CNR1694835092,Success,CID161955,Prime Sedan,Banashankari,Hulimavu,133.0,65.0,Not Applicable,Not Applicable,Yes,Customer Demand,271,Cash,4,3.6,4.5
2024-07-19 13:18:00,CNR9319419541,Canceled by Customer,CID436202,Bike,Yeshwanthpur,Magadi Road,,,Change of plans,Not Applicable,Not Applicable,Not Applicable,772,Not Applicable,0,,
2024-07-05 09:16:00,CNR7529882448,Success,CID397598,Prime SUV,Jayanagar,Indiranagar,147.0,25.0,Not Applicable,Not Applicable,No,Not Applicable,640,UPI,31,4.7,4.7
2024-07-24 09:33:00,CNR8220887008,Success,CID576620,Prime Sedan,Tumkur Road,Bannerghatta Road,182.0,140.0,Not Applicable,Not Applicable,No,Not Applicable,410,Cash,39,3.6,3.2
2024-07-16 04:56:00,CNR4020883645,Success,CID767773,Bike,Tumkur Road,Nagarbhavi,273.0,100.0,Not Applicable,Not Applicable,Yes,Customer Demand,516,Cash,45,4.5,3.0
2024-07-17 23:48:00,CNR3009983706,Driver Not Found,CID991003,eBike,Hebbal,Sarjapur Road,,,Not Applicable,Not Applicable,Not Applicable,Not Applicable,350,Not Applicable,0,,
2024-07-21 05:32:00,CNR4298618789,Success,CID586717,Prime Sedan,Malleshwaram,Jayanagar,105.0,25.0,Not Applicable,Not Applicable,Yes,Vehicle Breakdown,121,UPI,10,4.2,4.4
2024-07-27 02:59:00,CNR8478550697,Driver Not Found,CID955906,Bike,Nagarbhavi,Whitefield,,,Not Applicable,Not Applicable,Not Applicable,Not Applicable,247,Not Applicable,0,,
2024-07-08 01:22:00,CNR2782360222,Driver Not Found,CID531487,Prime SUV,Malleshwaram,MG Road,,,Not Applicable,Not Applicable,Not Applicable,Not Applicable,877,Not Applicable,0,,
2024-07-23 12:08:00,CNR1338303786,Success,CID683621,eBike,Rajarajeshwari Nagar,Kammanahalli,63.0,35.0,Not Applicable,Not Applicable,No,Not Applicable,638,UPI,46,3.5,4.2
2024-07-04 13:03:00,CNR7118622854,Success,CID145256,Mini,Ulsoor,Ulsoor,203.0,120.0,Not Applicable,Not Applicable,Yes,Customer Demand,1692,Cash,2,3.6,3.4
2024-07-06 20:00:00,CNR7532005505,Success,CID598328,Prime SUV,Frazer Town,Bellandur,259.0,75.0,Not Applicable,Not Applicable,No,Not Applicable,177,UPI,18,4.6,3.8
2024-07-27 00:38:00,CNR2387001853,Success,CID151379,Prime Sedan,Kammanahalli,RT Nagar,84.0,95.0,Not Applicable,Not Applicable,No,Not Applicable,211,Cash,2,4.6,4.6
2024-07-17 17:01:00,CNR4290575854,Success,CID369785,Prime SUV,Jayanagar,Rajarajeshwari Nagar,77.0,50.0,Not Applicable,Not Applicable,No,Not Applicable,272,UPI,48,3.4,4.0
2024-07-15 18:08:00,CNR2001051419,Driver Not Found,CID270731,Prime Plus,Ulsoor,Hulimavu,,,Not Applicable,Not Applicable,Not Applicable,Not Applicable,114,Not Applicable,0,,
2024-07-01 11:42:00,CNR2549731051,Success,CID454686,Prime Sedan,Malleshwaram,Yeshwanthpur,224.0,145.0,Not Applicable,Not Applicable,No,Not Applicable,487,Cash,45,4.5,3.9
2024-07-14 04:28:00,CNR9251052044,Canceled by Driver,CID264494,Prime Plus,Bannerghatta Road,KR Puram,,,Not Applicable,Personal & Car related issue,Not Applicable,Not Applicable,1840,Not Applicable,0,,
2024-07-03 17:31:00,CNR6809950090,Success,CID439408,Prime SUV,Chamarajpet,Rajarajeshwari Nagar,182.0,120.0,Not Applicable,Not Applicable,No,Not Applicable,206,Credit Card,5,4.2,3.3
2024-07-18 03:21:00,CNR6001112748,Success,CID574950,eBike,Rajarajeshwari Nagar,Peenya,245.0,80.0,Not Applicable,Not Applicable,No,Not Applicable,731,UPI,23,4.7,3.1
2024-07-06 11:00:00,CNR8609851064,Success,CID557063,Mini,Marathahalli,Padmanabhanagar,63.0,95.0,Not Applicable,Not Applicable,No,Not Applicable,433,Cash,15,4.5,3.2
2024-07-12 16:04:00,CNR5459577132,Success,CID622962,Bike,KR Puram,Marathahalli,259.0,85.0,Not Applicable,Not Applicable,No,Not Applicable,385,Cash,9,4.9,4.0
2024-07-12 14:19:00,CNR8711243170,Success,CID427663,Mini,JP Nagar,Langford Town,161.0,50.0,Not Applicable,Not Applicable,No,Not Applicable,211,Cash,48,3.8,3.2
2024-07-01 03:04:00,CNR2401943187,Success,CID683552,Bike,Kammanahalli,Sahakar Nagar,273.0,65.0,Not Applicable,Not Applicable,No,Not Applicable,344,Cash,13,4.6,3.0
2024-07-08 19:09:00,CNR8971471435,Success,CID331418,Bike,Indiranagar,HSR Layout,133.0,65.0,Not Applicable,Not Applicable,No,Not Applicable,325,Cash,32,3.1,4.5
2024-07-05 16:20:00,CNR4633019154,Success,CID332437,Prime Sedan,Devanahalli,Jayanagar,182.0,35.0,Not Applicable,Not Applicable,No,Not Applicable,346,Cash,2,4.8,3.1
2024-07-10 18:33:00,CNR2773617494,Success,CID117157,eBike,Banashankari,Richmond Town,91.0,55.0,Not Applicable,Not Applicable,No,Not Applicable,1486,UPI,7,4.4,4.4
2024-07-30 05:53:00,CNR5178525879,Canceled by Driver,CID149394,Prime Sedan,Peenya,Bannerghatta Road,,,Not Applicable,Personal & Car related issue,Not Applicable,Not Applicable,252,Not Applicable,0,,
2024-07-02 08:58:00,CNR9887109998,Success,CID871218,eBike,Shantinagar,Koramangala,147.0,115.0,Not Applicable,Not Applicable,No,Not Applicable,205,Cash,26,3.3,4.1
2024-07-30 21:47:00,CNR8903849664,Driver Not Found,CID232990,Prime Sedan,Electronic City,Bellandur,,,Not Applicable,Not Applicable,Not Applicable,Not Applicable,397,Not Applicable,0,,
2024-07-25 09:06:00,CNR5173062554,Success,CID743348,Mini,Rajarajeshwari Nagar,Cox Town,42.0,135.0,Not Applicable,Not Applicable,No,Not Applicable,176,Cash,38,4.5,4.2
2024-07-14 03:44:00,CNR7107884896,Success,CID221249,eBike,Sarjapur Road,Indiranagar,238.0,30.0,Not Applicable,Not Applicable,No,Not Applicable,455,Cash,21,4.0,4.1
2024-07-03 22:40:00,CNR1050706161,Success,CID438560,Auto,Nagarbhavi,RT Nagar,252.0,60.0,Not Applicable,Not Applicable,No,Not Applicable,478,Cash,10,3.4,4.9
2024-07-17 10:55:00,CNR9351782512,Success,CID929995,Prime SUV,Sarjapur Road,Koramangala,35.0,80.0,Not Applicable,Not Applicable,No,Not Applicable,222,Cash,2,3.1,3.8
2024-07-14 20:37:00,CNR2068862205,Canceled by Customer,CID873230,Prime SUV,Peenya,Mysore Road,,,Change of plans,Not Applicable,Not Applicable,Not Applicable,401,Not Applicable,0,,
2024-07-03 01:33:00,CNR7407907135,Canceled by Customer,CID644590,eBike,Jayanagar,Chickpet,,,Driver asked to cancel,Not Applicable,Not Applicable,Not Applicable,364,Not Applicable,0,,
2024-07-03 07:41:00,CNR8161548857,Success,CID286144,Prime Sedan,Richmond Town,BTM Layout,49.0,130.0,Not Applicable,Not Applicable,No,Not Applicable,393,Cash,33,3.9,4.6
2024-07-17 12:52:00,CNR8704856108,Canceled by Driver,CID286711,Prime SUV,BTM Layout,Magadi Road,,,Not Applicable,Customer related issue,Not Applicable,Not Applicable,1052,Not Applicable,0,,
2024-07-23 19:38:00,CNR6705787519,Success,CID189145,Auto,Vijayanagar,Hebbal,35.0,65.0,Not Applicable,Not Applicable,No,Not Applicable,222,UPI,10,3.9,4.3
2024-07-04 20:15:00,CNR7963670785,Success,CID548233,Bike,RT Nagar,Sahakar Nagar,112.0,135.0,Not Applicable,Not Applicable,No,Not Applicable,188,Cash,44,3.5,3.1
2024-07-18 19:18:00,CNR6379459050,Canceled by Customer,CID383402,Prime Plus,Basavanagudi,MG Road,,,Driver is not moving towards pickup location,Not Applicable,Not Applicable,Not Applicable,418,Not Applicable,0,,
2024-07-24 12:49:00,CNR3133639097,Canceled by Customer,CID382935,Prime Sedan,Kadugodi,Kadugodi,,,Change of plans,Not Applicable,Not Applicable,Not Applicable,267,Not Applicable,0,,
2024-07-13 01:12:00,CNR5820357056,Success,CID703993,eBike,Majestic,JP Nagar,84.0,95.0,Not Applicable,Not Applicable,No,Not Applicable,323,UPI,32,3.7,4.8
2024-07-25 16:26:00,CNR6837421315,Success,CID473448,Prime SUV,Banashankari,Basavanagudi,154.0,100.0,Not Applicable,Not Applicable,No,Not Applicable,467,Cash,32,4.3,4.3
2024-07-30 05:35:00,CNR5206317206,Success,CID429879,Prime SUV,JP Nagar,Kengeri,308.0,105.0,Not Applicable,Not Applicable,No,Not Applicable,137,Cash,12,4.4,4.0
2024-07-29 10:51:00,CNR1005386420,Success,CID101675,Bike,Langford Town,HSR Layout,224.0,95.0,Not Applicable,Not Applicable,No,Not Applicable,291,UPI,30,4.1,4.8
2024-07-29 16:20:00,CNR9037560340,Success,CID937110,Auto,JP Nagar,Frazer Town,252.0,40.0,Not Applicable,Not Applicable,No,Not Applicable,235,Cash,19,3.8,4.8
2024-07-02 17:04:00,CNR6013436233,Driver Not Found,CID704928,Mini,Rajarajeshwari Nagar,MG Road,,,Not Applicable,Not Applicable,Not Applicable,Not Applicable,362,Not Applicable,0,,
2024-07-25 10:17:00,CNR8103598442,Success,CID358729,Prime Sedan,Frazer Town,JP Nagar,70.0,60.0,Not Applicable,Not Applicable,No,Not Applicable,654,UPI,4,4.5,4.1
2024-07-09 11:17:00,CNR1657617761,Success,CID948110,Bike,Basavanagudi,Sarjapur Road,273.0,105.0,Not Applicable,Not Applicable,No,Not Applicable,498,UPI,33,3.2,4.7
2024-07-25 22:58:00,CNR2234798594,Success,CID373438,eBike,Ulsoor,Bannerghatta Road,217.0,60.0,Not Applicable,Not Applicable,No,Not Applicable,242,Cash,20,3.1,4.0
2024-07-09 19:21:00,CNR7543790367,Success,CID189719,Bike,KR Puram,MG Road,301.0,25.0,Not Applicable,Not Applicable,No,Not Applicable,248,UPI,6,3.2,4.5
2024-07-25 03:11:00,CNR3372612640,Canceled by Customer,CID788869,Prime Sedan,Chamarajpet,Cox Town,,,Change of plans,Not Applicable,Not Applicable,Not Applicable,252,Not Applicable,0,,
2024-07-26 07:40:00,CNR4713271363,Canceled by Driver,CID234500,Prime Plus,Vijayanagar,Langford Town,,,Not Applicable,Customer related issue,Not Applicable,Not Applicable,323,Not Applicable,0,,
2024-07-22 23:01:00,CNR7851740955,Success,CID735087,Prime Plus,Ramamurthy Nagar,Malleshwaram,182.0,50.0,Not Applicable,Not Applicable,No,Not Applicable,958,Cash,33,4.6,4.0
2024-07-22 23:43:00,CNR1875942466,Success,CID267873,Mini,Koramangala,Jayanagar,77.0,80.0,Not Applicable,Not Applicable,No,Not Applicable,195,UPI,19,3.7,4.8
2024-07-06 20:59:00,CNR5536970558,Success,CID755256,Prime Plus,Cox Town,Banashankari,287.0,110.0,Not Applicable,Not Applicable,No,Not Applicable,479,Cash,3,3.7,3.8
2024-07-14 05:34:00,CNR2966562954,Success,CID578842,Prime Sedan,Chickpet,MG Road,245.0,80.0,Not Applicable,Not Applicable,No,Not Applicable,1545,Cash,22,5.0,3.2
2024-07-20 22:08:00,CNR2974697223,Success,CID111366,Bike,Indiranagar,Vijayanagar,126.0,120.0,Not Applicable,Not Applicable,No,Not Applicable,430,Cash,39,4.7,5.0
2024-07-25 20:47:00,CNR1205237612,Driver Not Found,CID182731,Prime SUV,KR Puram,Frazer Town,,,Not Applicable,Not Applicable,Not Applicable,Not Applicable,462,Not Applicable,0,,
2024-07-30 14:02:00,CNR3532962330,Success,CID483092,Bike,Shantinagar,Shivajinagar,56.0,95.0,Not Applicable,Not Applicable,No,Not Applicable,147,UPI,48,4.7,3.2
2024-07-01 04:29:00,CNR7234702523,Success,CID653986,Mini,Devanahalli,Rajajinagar,252.0,60.0,Not Applicable,Not Applicable,No,Not Applicable,2835,UPI,33,3.5,4.9
2024-07-19 16:00:00,CNR3308923300,Success,CID643349,Prime SUV,Mysore Road,Rajarajeshwari Nagar,63.0,130.0,Not Applicable,Not Applicable,No,Not Applicable,284,Cash,23,4.6,3.8
2024-07-01 23:56:00,CNR1781713959,Driver Not Found,CID222508,Prime Plus,Hulimavu,Langford Town,,,Not Applicable,Not Applicable,Not Applicable,Not Applicable,128,Not Applicable,0,,
2024-07-26 07:47:00,CNR1985978487,Success,CID392225,Prime Plus,KR Puram,Indiranagar,182.0,125.0,Not Applicable,Not Applicable,No,Not Applicable,259,UPI,41,3.8,4.1
2024-07-15 01:50:00,CNR6569565298,Success,CID347805,Auto,JP Nagar,Ulsoor,56.0,65.0,Not Applicable,Not Applicable,No,Not Applicable,900,UPI,7,4.7,4.7
2024-07-02 02:45:00,CNR6903765542,Success,CID968700,Auto,Electronic City,Majestic,280.0,25.0,Not Applicable,Not Applicable,No,Not Applicable,554,Cash,1,3.3,4.9
2024-07-14 12:22:00,CNR3062447825,Canceled by Customer,CID863027,eBike,Yelahanka,Basavanagudi,,,Driver is not moving towards pickup location,Not Applicable,Not Applicable,Not Applicable,1491,Not Applicable,0,,
2024-07-18 01:49:00,CNR6363525825,Canceled by Driver,CID724732,Mini,Indiranagar,Hennur,,,Not Applicable,Customer related issue,Not Applicable,Not Applicable,131,Not Applicable,0,,
2024-07-02 16:15:00,CNR9758682029,Success,CID581136,Auto,Frazer Town,Langford Town,168.0,110.0,Not Applicable,Not Applicable,No,Not Applicable,854,Cash,7,5.0,3.4
2024-07-16 10:20:00,CNR4621775218,Success,CID948436,Prime Plus,Tumkur Road,Sarjapur Road,147.0,50.0,Not Applicable,Not Applicable,No,Not Applicable,238,UPI,21,3.5,4.0
2024-07-28 23:27:00,CNR7928493617,Success,CID656843,Prime Sedan,Chickpet,Malleshwaram,161.0,85.0,Not Applicable,Not Applicable,No,Not Applicable,418,Cash,23,3.9,3.5
2024-07-04 14:27:00,CNR5966832910,Success,CID762833,Prime Sedan,Hulimavu,Sarjapur Road,98.0,145.0,Not Applicable,Not Applicable,No,Not Applicable,392,Cash,28,4.7,3.3
2024-07-19 11:47:00,CNR2872119350,Success,CID433201,Prime SUV,Richmond Town,Jayanagar,147.0,70.0,Not Applicable,Not Applicable,No,Not Applicable,773,UPI,4,3.0,3.1
2024-07-07 21:34:00,CNR3649710336,Canceled by Driver,CID253867,Mini,Ulsoor,Kengeri,,,Not Applicable,Personal & Car related issue,Not Applicable,Not Applicable,1386,Not Applicable,0,,
2024-07-14 03:30:00,CNR9417832877,Success,CID660908,eBike,Indiranagar,Sarjapur Road,245.0,135.0,Not Applicable,Not Applicable,No,Not Applicable,654,Cash,4,3.1,3.5
2024-07-16 23:51:00,CNR7992668174,Canceled by Driver,CID305776,Bike,Sarjapur Road,Mysore Road,,,Not Applicable,Customer was coughing/sick,Not Applicable,Not Applicable,392,Not Applicable,0,,
2024-07-10 15:36:00,CNR8550240880,Success,CID972964,eBike,Malleshwaram,Jayanagar,49.0,30.0,Not Applicable,Not Applicable,No,Not Applicable,611,Cash,4,4.7,3.2
2024-07-15 07:44:00,CNR4505813738,Success,CID570167,Prime SUV,Bellandur,Marathahalli,63.0,120.0,Not Applicable,Not Applicable,No,Not Applicable,723,UPI,48,4.0,4.5
2024-07-02 08:42:00,CNR1904419229,Success,CID889809,eBike,MG Road,Chamarajpet,231.0,60.0,Not Applicable,Not Applicable,No,Not Applicable,405,Cash,43,4.1,4.5
2024-07-19 00:38:00,CNR4363816287,Canceled by Customer,CID865575,Prime Sedan,Jayanagar,Padmanabhanagar,,,Driver asked to cancel,Not Applicable,Not Applicable,Not Applicable,213,Not Applicable,0,,
2024-07-26 11:53:00,CNR5209976659,Success,CID150230,Prime SUV,Rajarajeshwari Nagar,Devanahalli,238.0,30.0,Not Applicable,Not Applicable,No,Not Applicable,512,UPI,14,3.8,4.0
2024-07-18 16:18:00,CNR4686774012,Canceled by Customer,CID613262,Prime SUV,Peenya,Malleshwaram,,,Driver is not moving towards pickup location,Not Applicable,Not Applicable,Not Applicable,631,Not Applicable,0,,
2024-07-02 02:27:00,CNR1534647690,Canceled by Driver,CID449086,Prime Sedan,Hebbal,Bannerghatta Road,,,Not Applicable,Personal & Car related issue,Not Applicable,Not Applicable,329,Not Applicable,0,,
2024-07-15 13:06:00,CNR4888190373,Canceled by Driver,CID990815,eBike,Peenya,RT Nagar,,,Not Applicable,Customer related issue,Not Applicable,Not Applicable,535,Not Applicable,0,,
2024-07-04 23:48:00,CNR8432688244,Driver Not Found,CID891535,eBike,Kengeri,JP Nagar,,,Not Applicable,Not Applicable,Not Applicable,Not Applicable,221,Not Applicable,0,,
2024-07-06 00:39:00,CNR8928078205,Success,CID645482,Bike,Magadi Road,Yeshwanthpur,154.0,50.0,Not Applicable,Not Applicable,No,Not Applicable,1439,Cash,29,4.6,3.0
2024-07-07 01:05:00,CNR3833390870,Success,CID646891,Auto,Rajarajeshwari Nagar,Peenya,224.0,90.0,Not Applicable,Not Applicable,No,Not Applicable,868,Cash,11,3.5,3.6
2024-07-16 07:49:00,CNR2151352296,Success,CID417326,Prime Sedan,Varthur,Hosur Road,308.0,45.0,Not Applicable,Not Applicable,No,Not Applicable,273,Cash,41,3.1,4.5
2024-07-27 08:02:00,CNR2087212699,Success,CID836883,eBike,Nagarbhavi,Sahakar Nagar,119.0,60.0,Not Applicable,Not Applicable,No,Not Applicable,307,Cash,26,4.6,3.0
2024-07-03 01:11:00,CNR2049958286,Canceled by Driver,CID291631,Prime Plus,Jayanagar,Mysore Road,,,Not Applicable,More than permitted people in there,Not Applicable,Not Applicable,140,Not Applicable,0,,
2024-07-28 01:09:00,CNR3046051090,Success,CID572591,Prime SUV,Bannerghatta Road,Shantinagar,252.0,50.0,Not Applicable,Not Applicable,No,Not Applicable,195,UPI,7,4.9,3.3
2024-07-18 07:30:00,CNR4261056397,Success,CID566921,Prime Sedan,Rajarajeshwari Nagar,Hebbal,301.0,50.0,Not Applicable,Not Applicable,No,Not Applicable,441,UPI,47,4.3,4.0
2024-07-24 04:17:00,CNR9785740296,Canceled by Driver,CID517776,Prime Sedan,Banashankari,Mysore Road,,,Not Applicable,Customer was coughing/sick,Not Applicable,Not Applicable,435,Not Applicable,0,,
2024-07-19 11:38:00,CNR5703353544,Success,CID528621,Mini,Cox Town,Bellandur,49.0,140.0,Not Applicable,Not Applicable,No,Not Applicable,306,Cash,20,3.8,4.1
2024-07-25 00:23:00,CNR5461432724,Driver Not Found,CID714475,Bike,Chickpet,Padmanabhanagar,,,Not Applicable,Not Applicable,Not Applicable,Not Applicable,186,Not Applicable,0,,
2024-07-04 10:45:00,CNR2742845665,Success,CID195363,Prime Sedan,Peenya,Yelahanka,140.0,120.0,Not Applicable,Not Applicable,No,Not Applicable,477,Cash,30,4.8,4.3
2024-07-25 07:19:00,CNR2218105564,Success,CID956594,Auto,Hosur Road,Mysore Road,126.0,35.0,Not Applicable,Not Applicable,No,Not Applicable,409,UPI,8,3.3,4.1
2024-07-08 17:32:00,CNR5696201494,Success,CID544840,Prime Plus,Hennur,Shantinagar,98.0,35.0,Not Applicable,Not Applicable,No,Not Applicable,686,Cash,32,3.8,3.6
2024-07-30 19:16:00,CNR5155142373,Success,CID279333,eBike,Sarjapur Road,Koramangala,70.0,45.0,Not Applicable,Not Applicable,No,Not Applicable,161,Cash,22,4.5,3.3
2024-07-25 11:54:00,CNR2417235567,Success,CID928633,Prime Sedan,Koramangala,HSR Layout,154.0,125.0,Not Applicable,Not Applicable,No,Not Applicable,2499,Cash,41,4.7,4.9
2024-07-21 06:27:00,CNR3710070330,Success,CID222983,Mini,Richmond Town,Jayanagar,301.0,60.0,Not Applicable,Not Applicable,No,Not Applicable,800,UPI,41,4.8,3.5
2024-07-20 06:09:00,CNR7894734392,Canceled by Driver,CID636540,Auto,Hulimavu,Devanahalli,,,Not Applicable,Personal & Car related issue,Not Applicable,Not Applicable,374,Not Applicable,0,,
2024-07-09 00:21:00,CNR8459827790,Success,CID959521,eBike,Jayanagar,BTM Layout,266.0,55.0,Not Applicable,Not Applicable,No,Not Applicable,1054,UPI,15,3.7,3.0
2024-07-01 16:08:00,CNR1187330516,Success,CID520770,Prime SUV,Yeshwanthpur,RT Nagar,84.0,130.0,Not Applicable,Not Applicable,No,Not Applicable,240,Cash,19,3.7,4.6
2024-07-09 02:16:00,CNR1979061918,Canceled by Customer,CID634986,Prime SUV,Rajajinagar,Kammanahalli,,,AC is Not working,Not Applicable,Not Applicable,Not Applicable,341,Not Applicable,0,,
2024-07-24 23:42:00,CNR7764521701,Canceled by Driver,CID980208,Bike,Basavanagudi,Padmanabhanagar,,,Not Applicable,Personal & Car related issue,Not Applicable,Not Applicable,168,Not Applicable,0,,
2024-07-22 18:58:00,CNR4725711871,Success,CID914839,Bike,Marathahalli,Tumkur Road,126.0,115.0,Not Applicable,Not Applicable,No,Not Applicable,834,Cash,46,4.7,3.3
2024-07-16 09:34:00,CNR2333949250,Driver Not Found,CID401572,Bike,Langford Town,Sarjapur Road,,,Not Applicable,Not Applicable,Not Applicable,Not Applicable,164,Not Applicable,0,,
2024-07-04 11:18:00,CNR9036797307,Driver Not Found,CID464487,Prime Plus,Kengeri,Majestic,,,Not Applicable,Not Applicable,Not Applicable,Not Applicable,198,Not Applicable,0,,
2024-07-12 09:49:00,CNR7551830708,Success,CID757228,eBike,Nagarbhavi,Varthur,35.0,70.0,Not Applicable,Not Applicable,No,Not Applicable,709,UPI,28,4.2,4.0
2024-07-27 21:34:00,CNR8710862926,Canceled by Driver,CID807638,Bike,JP Nagar,BTM Layout,,,Not Applicable,Customer related issue,Not Applicable,Not Applicable,1688,Not Applicable,0,,
2024-07-19 12:35:00,CNR1263672099,Success,CID173493,eBike,HSR Layout,Ramamurthy Nagar,231.0,85.0,Not Applicable,Not Applicable,No,Not Applicable,335,Cash,33,3.4,4.1
2024-07-18 18:50:00,CNR4498496316,Canceled by Driver,CID789228,Mini,Frazer Town,JP Nagar,,,Not Applicable,Personal & Car related issue,Not Applicable,Not Applicable,346,Not Applicable,0,,
2024-07-01 15:31:00,CNR8859337319,Success,CID907266,Prime SUV,Jayanagar,MG Road,56.0,80.0,Not Applicable,Not Applicable,No,Not Applicable,294,Cash,1,3.8,3.4
2024-07-21 03:46:00,CNR5551689054,Success,CID656223,Prime SUV,Bannerghatta Road,Devanahalli,91.0,95.0,Not Applicable,Not Applicable,No,Not Applicable,970,UPI,7,4.9,3.3
2024-07-05 05:23:00,CNR1722706677,Success,CID250939,Mini,Kengeri,Tumkur Road,189.0,135.0,Not Applicable,Not Applicable,No,Not Applicable,429,UPI,27,5.0,4.2
2024-07-13 15:48:00,CNR3382834466,Canceled by Driver,CID105461,Prime Sedan,Bellandur,Banashankari,,,Not Applicable,Personal & Car related issue,Not Applicable,Not Applicable,2759,Not Applicable,0,,
2024-07-18 08:49:00,CNR6027882148,Canceled by Driver,CID649308,Bike,Langford Town,Rajarajeshwari Nagar,,,Not Applicable,Personal & Car related issue,Not Applicable,Not Applicable,329,Not Applicable,0,,
2024-07-08 23:04:00,CNR4523352405,Success,CID744705,eBike,Cox Town,Chickpet,140.0,65.0,Not Applicable,Not Applicable,No,Not Applicable,138,Cash,1,4.0,3.3
2024-07-10 13:25:00,CNR5546266609,Success,CID158266,Prime SUV,Electronic City,Rajarajeshwari Nagar,42.0,95.0,Not Applicable,Not Applicable,No,Not Applicable,920,UPI,16,3.4,3.6
2024-07-14 02:22:00,CNR5385166680,Success,CID752487,eBike,Chickpet,HSR Layout,252.0,105.0,Not Applicable,Not Applicable,No,Not Applicable,274,UPI,6,3.7,4.2
2024-07-10 12:04:00,CNR5327842542,Success,CID259009,eBike,JP Nagar,Peenya,147.0,90.0,Not Applicable,Not Applicable,No,Not Applicable,115,UPI,49,3.8,4.1
2024-07-03 03:56:00,CNR4651335810,Success,CID125795,Prime Sedan,Padmanabhanagar,Sahakar Nagar,98.0,50.0,Not Applicable,Not Applicable,No,Not Applicable,395,UPI,36,4.4,4.1
2024-07-20 01:30:00,CNR6549145710,Success,CID645663,Bike,HSR Layout,Kammanahalli,224.0,70.0,Not Applicable,Not Applicable,No,Not Applicable,2781,UPI,42,3.2,3.6
2024-07-24 20:54:00,CNR3093254732,Canceled by Driver,CID364916,Prime Plus,Hulimavu,Shivajinagar,,,Not Applicable,More than permitted people in there,Not Applicable,Not Applicable,184,Not Applicable,0,,
2024-07-05 13:32:00,CNR7668310556,Driver Not Found,CID689766,eBike,Nagarbhavi,BTM Layout,,,Not Applicable,Not Applicable,Not Applicable,Not Applicable,309,Not Applicable,0,,
2024-07-26 15:26:00,CNR9783539098,Success,CID978360,Prime Plus,Varthur,Kengeri,273.0,80.0,Not Applicable,Not Applicable,No,Not Applicable,158,Cash,16,3.2,4.5
2024-07-08 05:49:00,CNR7169426657,Success,CID239866,Bike,Hulimavu,Padmanabhanagar,245.0,60.0,Not Applicable,Not Applicable,No,Not Applicable,269,UPI,10,3.7,3.9
2024-07-17 07:33:00,CNR4590131672,Success,CID423841,Prime Sedan,Magadi Road,Bellandur,126.0,140.0,Not Applicable,Not Applicable,No,Not Applicable,263,Cash,18,3.9,4.5
2024-07-02 02:17:00,CNR5160408153,Canceled by Customer,CID107940,Auto,Frazer Town,BTM Layout,,,Driver is not moving towards pickup location,Not Applicable,Not Applicable,Not Applicable,738,Not Applicable,0,,
2024-07-10 17:48:00,CNR4763825868,Success,CID779477,Prime Plus,Electronic City,Sarjapur Road,84.0,55.0,Not Applicable,Not Applicable,No,Not Applicable,2116,Cash,43,3.8,3.6
2024-07-23 04:26:00,CNR8596534812,Success,CID390161,eBike,RT Nagar,Koramangala,126.0,130.0,Not Applicable,Not Applicable,No,Not Applicable,489,Cash,29,3.7,4.4
2024-07-11 01:05:00,CNR4614326740,Success,CID745283,Auto,Indiranagar,Peenya,84.0,145.0,Not Applicable,Not Applicable,No,Not Applicable,460,UPI,8,4.6,4.2
2024-07-28 06:12:00,CNR1225827544,Canceled by Driver,CID825597,Bike,Vijayanagar,Nagarbhavi,,,Not Applicable,Customer was coughing/sick,Not Applicable,Not Applicable,466,Not Applicable,0,,
2024-07-27 18:28:00,CNR2642940182,Success,CID796401,Mini,Banashankari,Banashankari,224.0,75.0,Not Applicable,Not Applicable,No,Not Applicable,733,UPI,43,4.9,4.4
2024-07-19 08:52:00,CNR5044323563,Success,CID718942,Bike,Bannerghatta Road,Hennur,273.0,95.0,Not Applicable,Not Applicable,No,Not Applicable,185,Cash,43,3.0,3.5
2024-07-23 15:31:00,CNR7028351628,Driver Not Found,CID612224,Auto,Jayanagar,Padmanabhanagar,,,Not Applicable,Not Applicable,Not Applicable,Not Applicable,360,Not Applicable,0,,
2024-07-15 03:02:00,CNR4012759362,Success,CID670365,Prime Sedan,Hennur,Kammanahalli,161.0,125.0,Not Applicable,Not Applicable,No,Not Applicable,837,Cash,14,3.4,4.3
2024-07-02 16:09:00,CNR5013977223,Success,CID161565,Bike,Indiranagar,Indiranagar,168.0,130.0,Not Applicable,Not Applicable,No,Not Applicable,213,UPI,37,4.5,4.2
2024-07-30 13:30:00,CNR2528111355,Success,CID170508,Prime Sedan,Whitefield,Basavanagudi,287.0,80.0,Not Applicable,Not Applicable,No,Not Applicable,403,Cash,15,3.8,3.9
2024-07-20 05:26:00,CNR9606753809,Success,CID224796,Bike,Sarjapur Road,Shantinagar,105.0,70.0,Not Applicable,Not Applicable,No,Not Applicable,471,Cash,28,4.5,4.9
2024-07-04 07:53:00,CNR5131716703,Success,CID879503,Prime Sedan,Frazer Town,Rajarajeshwari Nagar,112.0,65.0,Not Applicable,Not Applicable,No,Not Applicable,778,UPI,6,3.9,3.9
2024-07-22 21:31:00,CNR5655816805,Canceled by Customer,CID999343,Prime Sedan,JP Nagar,Sahakar Nagar,,,Wrong Address,Not Applicable,Not Applicable,Not Applicable,251,Not Applicable,0,,
2024-07-05 15:43:00,CNR6115139213,Success,CID730263,Prime Plus,Jayanagar,Padmanabhanagar,266.0,80.0,Not Applicable,Not Applicable,No,Not Applicable,1347,Cash,23,4.4,3.4
2024-07-09 07:47:00,CNR4569345689,Success,CID127519,Auto,Shivajinagar,Magadi Road,56.0,75.0,Not Applicable,Not Applicable,No,Not Applicable,638,Cash,17,3.5,4.5
2024-07-20 02:47:00,CNR6609454932,Canceled by Driver,CID144171,Prime Sedan,Vijayanagar,Shantinagar,,,Not Applicable,More than permitted people in there,Not Applicable,Not Applicable,801,Not Applicable,0,,
2024-07-21 01:59:00,CNR1437300481,Success,CID645976,eBike,Koramangala,Chamarajpet,224.0,50.0,Not Applicable,Not Applicable,No,Not Applicable,380,UPI,18,4.7,4.9
2024-07-13 07:34:00,CNR7736751083,Success,CID974377,Prime Plus,Cox Town,Kengeri,119.0,130.0,Not Applicable,Not Applicable,No,Not Applicable,1113,Cash,14,3.9,4.6
2024-07-25 21:29:00,CNR8235486947,Success,CID700768,Prime SUV,Bannerghatta Road,Rajajinagar,49.0,50.0,Not Applicable,Not Applicable,Yes,Other Issue,466,Cash,13,3.3,5.0
2024-07-06 19:20:00,CNR2728331500,Canceled by Driver,CID885169,Mini,Banashankari,Hosur Road,,,Not Applicable,Personal & Car related issue,Not Applicable,Not Applicable,184,Not Applicable,0,,
2024-07-20 00:43:00,CNR9115973269,Canceled by Driver,CID931836,Auto,Mysore Road,Indiranagar,,,Not Applicable,Customer was coughing/sick,Not Applicable,Not Applicable,2227,Not Applicable,0,,
2024-07-05 04:26:00,CNR3402636250,Canceled by Customer,CID932400,eBike,Ulsoor,Marathahalli,,,AC is Not working,Not Applicable,Not Applicable,Not Applicable,285,Not Applicable,0,,
2024-07-01 11:21:00,CNR2117765465,Success,CID971428,Bike,Cox Town,Koramangala,231.0,80.0,Not Applicable,Not Applicable,No,Not Applicable,286,UPI,4,3.5,3.2
2024-07-24 23:20:00,CNR5566084350,Canceled by Customer,CID356202,eBike,Indiranagar,Mysore Road,,,Change of plans,Not Applicable,Not Applicable,Not Applicable,458,Not Applicable,0,,
2024-07-08 06:32:00,CNR5985215657,Success,CID784874,Mini,Vijayanagar,Tumkur Road,147.0,45.0,Not Applicable,Not Applicable,No,Not Applicable,442,Cash,22,4.2,3.0
2024-07-27 00:33:00,CNR8513139697,Canceled by Driver,CID277136,Prime SUV,Magadi Road,Hosur Road,,,Not Applicable,Personal & Car related issue,Not Applicable,Not Applicable,675,Not Applicable,0,,
2024-07-22 12:07:00,CNR6225095388,Success,CID200279,Bike,MG Road,Electronic City,154.0,40.0,Not Applicable,Not Applicable,No,Not Applicable,301,UPI,21,3.4,4.2
2024-07-01 05:11:00,CNR4774550140,Canceled by Driver,CID972284,eBike,Kammanahalli,Ulsoor,,,Not Applicable,More than permitted people in there,Not Applicable,Not Applicable,1552,Not Applicable,0,,
2024-07-05 12:35:00,CNR5900776306,Success,CID251133,Prime Plus,Vijayanagar,Ulsoor,168.0,85.0,Not Applicable,Not Applicable,No,Not Applicable,787,Cash,29,4.8,3.9
2024-07-14 22:15:00,CNR9139450177,Canceled by Driver,CID296800,Prime Sedan,KR Puram,Devanahalli,,,Not Applicable,Personal & Car related issue,Not Applicable,Not Applicable,240,Not Applicable,0,,
2024-07-25 14:34:00,CNR8730922808,Success,CID760076,Prime SUV,Jayanagar,Hennur,147.0,40.0,Not Applicable,Not Applicable,No,Not Applicable,636,UPI,49,4.9,4.9
2024-07-02 04:28:00,CNR8777520352,Canceled by Driver,CID772008,Prime SUV,Richmond Town,Devanahalli,,,Not Applicable,Customer related issue,Not Applicable,Not Applicable,329,Not Applicable,0,,
2024-07-30 01:15:00,CNR5072378473,Success,CID739026,Bike,Yeshwanthpur,Bannerghatta Road,105.0,135.0,Not Applicable,Not Applicable,No,Not Applicable,413,Cash,20,4.5,4.2
2024-07-24 08:43:00,CNR1846209234,Success,CID431538,Prime Plus,Kengeri,Sahakar Nagar,112.0,90.0,Not Applicable,Not Applicable,No,Not Applicable,393,Cash,10,3.0,4.8
2024-07-01 12:19:00,CNR2105164500,Success,CID466237,Prime SUV,Basavanagudi,Chamarajpet,308.0,95.0,Not Applicable,Not Applicable,No,Not Applicable,191,UPI,9,4.3,4.9
2024-07-05 19:17:00,CNR6536817983,Canceled by Driver,CID876358,Bike,Richmond Town,Ulsoor,,,Not Applicable,Personal & Car related issue,Not Applicable,Not Applicable,868,Not Applicable,0,,
2024-07-02 21:30:00,CNR1063732674,Canceled by Customer,CID244785,eBike,Indiranagar,Vijayanagar,,,Driver is not moving towards pickup location,Not Applicable,Not Applicable,Not Applicable,372,Not Applicable,0,,
2024-07-21 06:08:00,CNR3533620975,Success,CID641973,Prime Plus,MG Road,Yeshwanthpur,308.0,90.0,Not Applicable,Not Applicable,No,Not Applicable,316,UPI,31,3.2,3.2
2024-07-20 16:34:00,CNR8654856311,Canceled by Customer,CID151255,Prime Sedan,Hebbal,Nagarbhavi,,,Driver is not moving towards pickup location,Not Applicable,Not Applicable,Not Applicable,233,Not Applicable,0,,
2024-07-17 11:16:00,CNR8187303334,Success,CID499300,Prime Plus,Shivajinagar,Banashankari,35.0,145.0,Not Applicable,Not Applicable,No,Not Applicable,275,UPI,31,3.6,4.1
2024-07-09 01:46:00,CNR9581562349,Success,CID873666,Prime Sedan,Mysore Road,Hulimavu,196.0,75.0,Not Applicable,Not Applicable,No,Not Applicable,191,UPI,17,4.6,3.5
2024-07-28 04:48:00,CNR2566137021,Driver Not Found,CID536999,eBike,Marathahalli,Electronic City,,,Not Applicable,Not Applicable,Not Applicable,Not Applicable,462,Not Applicable,0,,
2024-07-23 10:23:00,CNR4606133593,Canceled by Driver,CID398578,Auto,Hebbal,HSR Layout,,,Not Applicable,Customer related issue,Not Applicable,Not Applicable,583,Not Applicable,0,,
2024-07-16 23:11:00,CNR1686623674,Success,CID387364,Prime Sedan,Nagarbhavi,JP Nagar,63.0,110.0,Not Applicable,Not Applicable,No,Not Applicable,1380,Cash,37,3.3,5.0
2024-07-02 10:09:00,CNR7958041945,Success,CID457430,eBike,Tumkur Road,Sahakar Nagar,105.0,85.0,Not Applicable,Not Applicable,No,Not Applicable,141,Cash,24,3.4,3.2
2024-07-12 16:32:00,CNR1733076362,Success,CID370911,Auto,Sahakar Nagar,HSR Layout,203.0,130.0,Not Applicable,Not Applicable,No,Not Applicable,348,Cash,4,3.9,4.0
2024-07-07 15:50:00,CNR1107568673,Success,CID659288,eBike,Cox Town,RT Nagar,77.0,50.0,Not Applicable,Not Applicable,No,Not Applicable,2633,UPI,26,3.9,3.3
2024-07-21 01:44:00,CNR4545803490,Success,CID645536,Prime Sedan,Hennur,Marathahalli,70.0,30.0,Not Applicable,Not Applicable,No,Not Applicable,559,Cash,17,4.7,4.1
2024-07-14 11:43:00,CNR4713899551,Canceled by Customer,CID452532,Prime Plus,Rajajinagar,Malleshwaram,,,Driver is not moving towards pickup location,Not Applicable,Not Applicable,Not Applicable,490,Not Applicable,0,,
2024-07-30 18:41:00,CNR5775756005,Success,CID301575,Prime Sedan,Hulimavu,BTM Layout,35.0,115.0,Not Applicable,Not Applicable,No,Not Applicable,923,UPI,18,4.1,3.8
2024-07-08 02:30:00,CNR2718784800,Success,CID648355,Mini,Hebbal,Rajarajeshwari Nagar,154.0,100.0,Not Applicable,Not Applicable,Yes,Vehicle Breakdown,192,Cash,31,4.0,3.3
2024-07-13 21:16:00,CNR7698176649,Success,CID372473,Prime Plus,Cox Town,Kadugodi,238.0,80.0,Not Applicable,Not Applicable,No,Not Applicable,376,Cash,12,3.8,3.2
2024-07-12 22:43:00,CNR6832445320,Canceled by Customer,CID467315,eBike,Rajarajeshwari Nagar,Sarjapur Road,,,AC is Not working,Not Applicable,Not Applicable,Not Applicable,289,Not Applicable,0,,
2024-07-22 09:34:00,CNR9076449537,Success,CID417528,Prime Plus,Tumkur Road,Magadi Road,273.0,140.0,Not Applicable,Not Applicable,No,Not Applicable,408,Cash,3,4.5,3.2
2024-07-09 11:59:00,CNR2441680523,Success,CID652433,Prime Sedan,Kadugodi,Rajajinagar,287.0,145.0,Not Applicable,Not Applicable,No,Not Applicable,161,UPI,27,3.9,3.2
2024-07-01 16:00:00,CNR2964541892,Canceled by Driver,CID539562,Mini,Koramangala,Koramangala,,,Not Applicable,Customer was coughing/sick,Not Applicable,Not Applicable,145,Not Applicable,0,,
2024-07-08 10:50:00,CNR8990603686,Success,CID898202,Mini,Bannerghatta Road,Marathahalli,259.0,45.0,Not Applicable,Not Applicable,No,Not Applicable,239,UPI,15,4.8,4.8
2024-07-16 03:06:00,CNR6074946047,Success,CID213559,Auto,Vijayanagar,Tumkur Road,287.0,50.0,Not Applicable,Not Applicable,No,Not Applicable,436,Cash,2,3.6,4.2
2024-07-10 04:09:00,CNR5753653034,Canceled by Customer,CID729356,Prime Sedan,Shantinagar,Ramamurthy Nagar,,,Driver asked to cancel,Not Applicable,Not Applicable,Not Applicable,370,Not Applicable,0,,
2024-07-23 14:31:00,CNR4486270230,Success,CID874100,Auto,Cox Town,BTM Layout,119.0,140.0,Not Applicable,Not Applicable,No,Not Applicable,279,Cash,7,4.8,4.2
2024-07-27 18:22:00,CNR6195518796,Canceled by Driver,CID438355,Auto,Hennur,Rajarajeshwari Nagar,,,Not Applicable,Customer related issue,Not Applicable,Not Applicable,451,Not Applicable,0,,
2024-07-22 13:19:00,CNR4464590126,Driver Not Found,CID423132,Auto,Basavanagudi,Sahakar Nagar,,,Not Applicable,Not Applicable,Not Applicable,Not Applicable,380,Not Applicable,0,,
2024-07-27 02:56:00,CNR6999511335,Success,CID469242,Bike,Koramangala,Padmanabhanagar,245.0,105.0,Not Applicable,Not Applicable,No,Not Applicable,121,Cash,21,3.5,4.1
2024-07-26 13:10:00,CNR8625514878,Success,CID680657,Auto,JP Nagar,Tumkur Road,189.0,65.0,Not Applicable,Not Applicable,No,Not Applicable,270,UPI,17,4.6,3.0
2024-07-11 09:38:00,CNR4511807993,Success,CID605429,Mini,Hosur Road,Kammanahalli,308.0,80.0,Not Applicable,Not Applicable,No,Not Applicable,635,UPI,18,4.9,3.1
2024-07-09 09:52:00,CNR4903770949,Canceled by Driver,CID330677,Mini,Rajarajeshwari Nagar,Hulimavu,,,Not Applicable,Personal & Car related issue,Not Applicable,Not Applicable,481,Not Applicable,0,,
2024-07-24 22:18:00,CNR3087110668,Success,CID475672,Prime Plus,Tumkur Road,Sarjapur Road,175.0,120.0,Not Applicable,Not Applicable,No,Not Applicable,395,Cash,7,3.2,4.7
2024-07-19 00:00:00,CNR8939202708,Canceled by Customer,CID480694,Mini,Peenya,Hulimavu,,,Driver is not moving towards pickup location,Not Applicable,Not Applicable,Not Applicable,187,Not Applicable,0,,
2024-07-05 14:28:00,CNR5720028253,Canceled by Driver,CID535267,Mini,Marathahalli,Peenya,,,Not Applicable,Personal & Car related issue,Not Applicable,Not Applicable,111,Not Applicable,0,,
2024-07-23 15:02:00,CNR3446017700,Canceled by Customer,CID312997,Prime Plus,Cox Town,Tumkur Road,,,Change of plans,Not Applicable,Not Applicable,Not Applicable,612,Not Applicable,0,,
2024-07-23 06:58:00,CNR2022490934,Success,CID893369,Mini,Richmond Town,Whitefield,119.0,45.0,Not Applicable,Not Applicable,No,Not Applicable,260,UPI,13,3.6,4.4
2024-07-20 18:46:00,CNR7748682818,Success,CID526811,Prime Plus,Jayanagar,Sarjapur Road,77.0,75.0,Not Applicable,Not Applicable,No,Not Applicable,205,Cash,32,4.6,3.7
2024-07-30 21:49:00,CNR7722885863,Success,CID709399,Auto,Magadi Road,KR Puram,224.0,140.0,Not Applicable,Not Applicable,No,Not Applicable,468,UPI,5,4.2,3.4
2024-07-28 13:06:00,CNR3982286046,Success,CID852243,Auto,Langford Town,Rajajinagar,56.0,75.0,Not Applicable,Not Applicable,No,Not Applicable,388,UPI,18,3.4,4.9
2024-07-03 19:54:00,CNR5323781541,Success,CID800651,Prime SUV,Banashankari,Shantinagar,210.0,40.0,Not Applicable,Not Applicable,No,Not Applicable,410,Debit Card,24,3.2,3.9
2024-07-19 23:01:00,CNR6054698418,Success,CID918391,Mini,Chickpet,Sarjapur Road,217.0,60.0,Not Applicable,Not Applicable,No,Not Applicable,118,Cash,13,4.7,3.5
2024-07-05 10:03:00,CNR5757867952,Canceled by Driver,CID412343,Bike,Nagarbhavi,Rajajinagar,,,Not Applicable,Customer was coughing/sick,Not Applicable,Not Applicable,1093,Not Applicable,0,,
2024-07-24 03:33:00,CNR3052118879,Success,CID712330,Auto,HSR Layout,Chickpet,238.0,40.0,Not Applicable,Not Applicable,No,Not Applicable,223,Cash,14,3.5,5.0
2024-07-23 03:30:00,CNR9487441440,Canceled by Driver,CID617283,Mini,Sarjapur Road,Sahakar Nagar,,,Not Applicable,Customer related issue,Not Applicable,Not Applicable,298,Not Applicable,0,,
2024-07-06 07:33:00,CNR8227836826,Canceled by Driver,CID348339,Bike,Chickpet,KR Puram,,,Not Applicable,Personal & Car related issue,Not Applicable,Not Applicable,371,Not Applicable,0,,
2024-07-09 00:27:00,CNR3039741237,Success,CID192483,Prime Sedan,Kammanahalli,Koramangala,70.0,135.0,Not Applicable,Not Applicable,No,Not Applicable,271,Cash,16,3.0,3.4
2024-07-04 14:49:00,CNR4038744334,Driver Not Found,CID217688,Prime SUV,Rajarajeshwari Nagar,RT Nagar,,,Not Applicable,Not Applicable,Not Applicable,Not Applicable,419,Not Applicable,0,,
2024-07-05 17:34:00,CNR3655474175,Success,CID279651,Prime Sedan,Nagarbhavi,Hebbal,42.0,95.0,Not Applicable,Not Applicable,No,Not Applicable,905,Cash,9,3.3,3.6
2024-07-26 11:01:00,CNR7864717291,Driver Not Found,CID739360,Bike,Hosur Road,JP Nagar,,,Not Applicable,Not Applicable,Not Applicable,Not Applicable,190,Not Applicable,0,,
2024-07-10 08:30:00,CNR5593930511,Success,CID930732,Prime Plus,Nagarbhavi,Peenya,70.0,120.0,Not Applicable,Not Applicable,No,Not Applicable,782,Cash,11,3.8,4.1
2024-07-12 06:49:00,CNR6807209198,Success,CID564357,Prime Plus,Tumkur Road,Padmanabhanagar,245.0,55.0,Not Applicable,Not Applicable,No,Not Applicable,428,Cash,25,3.4,3.8
2024-07-09 08:41:00,CNR1777583603,Success,CID270081,eBike,Padmanabhanagar,Chickpet,35.0,115.0,Not Applicable,Not Applicable,No,Not Applicable,377,Cash,32,3.5,4.7
2024-07-25 12:10:00,CNR6463792921,Success,CID417340,Prime Sedan,Ramamurthy Nagar,HSR Layout,245.0,30.0,Not Applicable,Not Applicable,No,Not Applicable,475,UPI,2,3.1,4.0
2024-07-05 22:11:00,CNR1964239053,Success,CID668676,Mini,Peenya,Richmond Town,35.0,145.0,Not Applicable,Not Applicable,No,Not Applicable,258,Cash,4,4.0,4.9
2024-07-05 12:27:00,CNR3360424164,Driver Not Found,CID183015,Auto,Basavanagudi,Langford Town,,,Not Applicable,Not Applicable,Not Applicable,Not Applicable,899,Not Applicable,0,,
2024-07-21 00:45:00,CNR4413316882,Success,CID427577,Bike,Hulimavu,Bannerghatta Road,112.0,55.0,Not Applicable,Not Applicable,No,Not Applicable,155,Cash,27,4.2,4.8
2024-07-18 15:00:00,CNR4558754704,Driver Not Found,CID656103,Mini,Mysore Road,BTM Layout,,,Not Applicable,Not Applicable,Not Applicable,Not Applicable,110,Not Applicable,0,,
2024-07-05 07:12:00,CNR3040646593,Canceled by Driver,CID952817,Prime Sedan,Varthur,JP Nagar,,,Not Applicable,Customer related issue,Not Applicable,Not Applicable,553,Not Applicable,0,,
2024-07-26 17:45:00,CNR5364307648,Success,CID487023,Mini,Marathahalli,Kammanahalli,273.0,120.0,Not Applicable,Not Applicable,No,Not Applicable,116,Cash,10,4.2,3.9
2024-07-25 02:11:00,CNR4362368047,Canceled by Driver,CID504221,Mini,Hosur Road,Hosur Road,,,Not Applicable,Personal & Car related issue,Not Applicable,Not Applicable,2183,Not Applicable,0,,
2024-07-25 14:18:00,CNR4538770165,Canceled by Customer,CID605642,eBike,Marathahalli,Basavanagudi,,,Driver is not moving towards pickup location,Not Applicable,Not Applicable,Not Applicable,748,Not Applicable,0,,
2024-07-06 21:10:00,CNR9335174311,Driver Not Found,CID686419,Bike,Ramamurthy Nagar,Shantinagar,,,Not Applicable,Not Applicable,Not Applicable,Not Applicable,428,Not Applicable,0,,
2024-07-21 20:16:00,CNR8111959843,Success,CID217492,Prime Sedan,Hulimavu,Malleshwaram,147.0,65.0,Not Applicable,Not Applicable,No,Not Applicable,1098,Cash,23,3.8,4.0
2024-07-06 12:25:00,CNR1251400124,Success,CID836880,Bike,Kadugodi,Richmond Town,70.0,105.0,Not Applicable,Not Applicable,No,Not Applicable,323,UPI,30,3.3,4.0
2024-07-09 00:22:00,CNR4267875701,Canceled by Customer,CID187974,Prime SUV,HSR Layout,Basavanagudi,,,Driver is not moving towards pickup location,Not Applicable,Not Applicable,Not Applicable,228,Not Applicable,0,,
2024-07-15 21:29:00,CNR1297855509,Success,CID646084,Bike,Marathahalli,Majestic,308.0,135.0,Not Applicable,Not Applicable,No,Not Applicable,447,Cash,36,3.3,4.3
2024-07-24 03:59:00,CNR6406194493,Canceled by Customer,CID729746,Prime Sedan,Hulimavu,Nagarbhavi,,,Driver is not moving towards pickup location,Not Applicable,Not Applicable,Not Applicable,101,Not Applicable,0,,
2024-07-10 00:22:00,CNR4419887711,Success,CID946594,Bike,Ulsoor,JP Nagar,84.0,120.0,Not Applicable,Not Applicable,No,Not Applicable,214,UPI,44,3.7,4.4
2024-07-24 22:48:00,CNR1579196531,Success,CID965229,Mini,Frazer Town,Chamarajpet,238.0,110.0,Not Applicable,Not Applicable,No,Not Applicable,851,UPI,33,3.8,3.3
2024-07-09 14:45:00,CNR8239770613,Canceled by Driver,CID444544,Mini,Richmond Town,JP Nagar,,,Not Applicable,Personal & Car related issue,Not Applicable,Not Applicable,116,Not Applicable,0,,
2024-07-26 07:32:00,CNR9487409138,Canceled by Driver,CID936307,Prime Sedan,Hebbal,Cox Town,,,Not Applicable,Customer was coughing/sick,Not Applicable,Not Applicable,662,Not Applicable,0,,
2024-07-29 10:03:00,CNR3926988121,Success,CID212884,Bike,Langford Town,Bannerghatta Road,42.0,95.0,Not Applicable,Not Applicable,No,Not Applicable,103,Credit Card,43,4.7,4.9
2024-07-15 09:31:00,CNR6976951541,Success,CID889554,Prime SUV,Ulsoor,Cox Town,210.0,70.0,Not Applicable,Not Applicable,No,Not Applicable,358,UPI,2,4.7,4.5
2024-07-05 13:01:00,CNR9001085916,Success,CID444223,Prime SUV,Majestic,Shantinagar,105.0,105.0,Not Applicable,Not Applicable,No,Not Applicable,216,Cash,10,3.2,4.3
2024-07-14 14:08:00,CNR9408738019,Success,CID675765,Mini,Koramangala,Koramangala,49.0,25.0,Not Applicable,Not Applicable,No,Not Applicable,764,UPI,3,4.4,4.5
2024-07-03 14:06:00,CNR7494762872,Success,CID405893,Prime SUV,HSR Layout,Chickpet,294.0,95.0,Not Applicable,Not Applicable,No,Not Applicable,677,UPI,13,3.4,4.1
2024-07-14 08:59:00,CNR3781439371,Driver Not Found,CID670012,eBike,Hosur Road,Hosur Road,,,Not Applicable,Not Applicable,Not Applicable,Not Applicable,2325,Not Applicable,0,,
2024-07-08 10:34:00,CNR2569671954,Driver Not Found,CID453987,eBike,Bannerghatta Road,Marathahalli,,,Not Applicable,Not Applicable,Not Applicable,Not Applicable,1027,Not Applicable,0,,
2024-07-15 01:37:00,CNR3033064411,Success,CID217222,Mini,Yelahanka,Kengeri,287.0,100.0,Not Applicable,Not Applicable,No,Not Applicable,264,UPI,45,4.3,3.3
2024-07-17 03:31:00,CNR3862456448,Canceled by Driver,CID482900,Mini,JP Nagar,Tumkur Road,,,Not Applicable,Customer related issue,Not Applicable,Not Applicable,447,Not Applicable,0,,
2024-07-04 14:41:00,CNR5531871036,Success,CID380384,Mini,Jayanagar,Chamarajpet,105.0,95.0,Not Applicable,Not Applicable,No,Not Applicable,100,UPI,16,4.1,3.3
2024-07-22 05:19:00,CNR9165423354,Success,CID580592,Prime Plus,BTM Layout,Frazer Town,105.0,80.0,Not Applicable,Not Applicable,No,Not Applicable,2162,Cash,28,3.2,3.5
2024-07-19 02:53:00,CNR3713491134,Canceled by Driver,CID789387,Mini,KR Puram,Kadugodi,,,Not Applicable,Personal & Car related issue,Not Applicable,Not Applicable,942,Not Applicable,0,,
2024-07-07 23:36:00,CNR1280228412,Success,CID756502,Auto,Jayanagar,Vijayanagar,287.0,60.0,Not Applicable,Not Applicable,No,Not Applicable,2267,UPI,2,3.3,4.7
2024-07-15 22:30:00,CNR3452902931,Canceled by Customer,CID963640,Prime Plus,Kadugodi,BTM Layout,,,Driver is not moving towards pickup location,Not Applicable,Not Applicable,Not Applicable,208,Not Applicable,0,,
2024-07-02 06:01:00,CNR4290869070,Driver Not Found,CID361192,Prime Sedan,Banashankari,Electronic City,,,Not Applicable,Not Applicable,Not Applicable,Not Applicable,490,Not Applicable,0,,
2024-07-26 08:16:00,CNR6947048864,Success,CID945543,Prime SUV,Jayanagar,BTM Layout,84.0,145.0,Not Applicable,Not Applicable,No,Not Applicable,133,UPI,18,4.7,3.5
2024-07-11 10:19:00,CNR9969785461,Canceled by Driver,CID588577,eBike,Koramangala,Indiranagar,,,Not Applicable,Customer related issue,Not Applicable,Not Applicable,128,Not Applicable,0,,
2024-07-21 00:27:00,CNR4622490618,Success,CID530099,Prime Sedan,Mysore Road,BTM Layout,105.0,100.0,Not Applicable,Not Applicable,No,Not Applicable,487,Cash,1,3.2,3.2
2024-07-02 16:17:00,CNR7618310365,Success,CID782593,Prime Sedan,Cox Town,Sahakar Nagar,182.0,100.0,Not Applicable,Not Applicable,Yes,Customer Demand,142,UPI,25,4.6,3.8
2024-07-09 19:27:00,CNR9115337598,Success,CID615958,Auto,Peenya,Shantinagar,119.0,125.0,Not Applicable,Not Applicable,No,Not Applicable,647,Cash,7,3.5,4.3
2024-07-10 04:34:00,CNR5702127216,Driver Not Found,CID466384,Prime Plus,JP Nagar,Richmond Town,,,Not Applicable,Not Applicable,Not Applicable,Not Applicable,336,Not Applicable,0,,
2024-07-28 15:14:00,CNR5497996915,Success,CID532794,eBike,Tumkur Road,Rajarajeshwari Nagar,63.0,55.0,Not Applicable,Not Applicable,No,Not Applicable,172,UPI,31,4.9,4.1
2024-07-28 13:32:00,CNR3586388267,Canceled by Driver,CID779539,Mini,Devanahalli,Magadi Road,,,Not Applicable,More than permitted people in there,Not Applicable,Not Applicable,379,Not Applicable,0,,
2024-07-04 17:22:00,CNR7487215326,Success,CID906252,Bike,Rajarajeshwari Nagar,Shivajinagar,154.0,50.0,Not Applicable,Not Applicable,No,Not Applicable,409,Cash,29,3.5,4.7
2024-07-20 22:47:00,CNR3590114328,Success,CID785643,Prime Sedan,Chickpet,Marathahalli,126.0,125.0,Not Applicable,Not Applicable,No,Not Applicable,404,Cash,18,4.2,4.9
2024-07-22 04:18:00,CNR6107790620,Success,CID104592,Prime Sedan,JP Nagar,Shivajinagar,35.0,55.0,Not Applicable,Not Applicable,No,Not Applicable,403,UPI,46,4.9,3.5
2024-07-23 02:00:00,CNR5141030990,Driver Not Found,CID503343,Prime SUV,Kammanahalli,Jayanagar,,,Not Applicable,Not Applicable,Not Applicable,Not Applicable,671,Not Applicable,0,,
2024-07-08 18:28:00,CNR3905257475,Canceled by Driver,CID451398,eBike,Frazer Town,Hosur Road,,,Not Applicable,Customer was coughing/sick,Not Applicable,Not Applicable,238,Not Applicable,0,,
2024-07-22 07:20:00,CNR6258708187,Success,CID598426,Auto,Ulsoor,Richmond Town,294.0,65.0,Not Applicable,Not Applicable,No,Not Applicable,397,Cash,15,4.6,3.3
2024-07-16 04:46:00,CNR8409582764,Canceled by Driver,CID786645,eBike,Vijayanagar,Vijayanagar,,,Not Applicable,Personal & Car related issue,Not Applicable,Not Applicable,490,Not Applicable,0,,
2024-07-15 18:35:00,CNR6351228283,Canceled by Customer,CID217469,Prime Sedan,MG Road,Indiranagar,,,AC is Not working,Not Applicable,Not Applicable,Not Applicable,348,Not Applicable,0,,
2024-07-10 06:22:00,CNR6421301190,Canceled by Driver,CID681217,Mini,BTM Layout,Richmond Town,,,Not Applicable,Customer related issue,Not Applicable,Not Applicable,168,Not Applicable,0,,
2024-07-21 20:32:00,CNR4519790743,Success,CID233271,Mini,Kengeri,JP Nagar,280.0,90.0,Not Applicable,Not Applicable,No,Not Applicable,392,Cash,26,4.6,4.0
2024-07-30 09:24:00,CNR8420322342,Success,CID183974,Prime Plus,BTM Layout,BTM Layout,56.0,35.0,Not Applicable,Not Applicable,No,Not Applicable,257,Cash,34,3.5,4.8
2024-07-20 00:49:00,CNR4121776859,Success,CID755006,Mini,Marathahalli,Rajajinagar,287.0,90.0,Not Applicable,Not Applicable,No,Not Applicable,120,Cash,26,3.5,3.7
2024-07-24 19:17:00,CNR8531605326,Canceled by Customer,CID684204,Bike,Tumkur Road,Chamarajpet,,,AC is Not working,Not Applicable,Not Applicable,Not Applicable,480,Not Applicable,0,,
2024-07-11 20:34:00,CNR2350211731,Canceled by Driver,CID944298,Auto,Hebbal,Electronic City,,,Not Applicable,Customer was coughing/sick,Not Applicable,Not Applicable,872,Not Applicable,0,,
2024-07-02 04:32:00,CNR9468940548,Success,CID552925,eBike,Banashankari,Shantinagar,35.0,120.0,Not Applicable,Not Applicable,No,Not Applicable,384,Cash,31,3.8,3.5
2024-07-25 22:39:00,CNR9300863728,Success,CID453354,eBike,Ramamurthy Nagar,Electronic City,273.0,45.0,Not Applicable,Not Applicable,No,Not Applicable,475,Cash,18,3.4,3.3
2024-07-10 06:21:00,CNR3745959500,Success,CID903696,Prime Sedan,Langford Town,Mysore Road,231.0,60.0,Not Applicable,Not Applicable,No,Not Applicable,610,UPI,10,3.4,3.3
2024-07-30 01:03:00,CNR6981458617,Success,CID665679,Auto,Sahakar Nagar,Ulsoor,126.0,105.0,Not Applicable,Not Applicable,No,Not Applicable,272,Cash,2,3.5,3.0
2024-07-14 20:50:00,CNR6622144865,Success,CID863392,Bike,Rajarajeshwari Nagar,Rajajinagar,56.0,35.0,Not Applicable,Not Applicable,No,Not Applicable,927,Cash,29,4.7,3.4
2024-07-14 16:01:00,CNR9118196183,Success,CID374602,Bike,Devanahalli,Padmanabhanagar,42.0,105.0,Not Applicable,Not Applicable,No,Not Applicable,239,Debit Card,35,3.4,4.7
2024-07-07 12:41:00,CNR2491409795,Canceled by Driver,CID185628,Bike,Sarjapur Road,Cox Town,,,Not Applicable,Customer related issue,Not Applicable,Not Applicable,473,Not Applicable,0,,
2024-07-01 16:56:00,CNR8056147128,Success,CID742667,eBike,Cox Town,Sahakar Nagar,203.0,30.0,Not Applicable,Not Applicable,No,Not Applicable,343,Cash,15,4.8,4.6
2024-07-21 21:58:00,CNR3089879292,Driver Not Found,CID145000,Prime SUV,Chickpet,Majestic,,,Not Applicable,Not Applicable,Not Applicable,Not Applicable,990,Not Applicable,0,,
2024-07-26 04:01:00,CNR3772124111,Canceled by Customer,CID500089,Bike,Devanahalli,Jayanagar,,,Change of plans,Not Applicable,Not Applicable,Not Applicable,414,Not Applicable,0,,
2024-07-06 18:52:00,CNR5642664029,Success,CID401929,Prime Plus,Shantinagar,Magadi Road,196.0,130.0,Not Applicable,Not Applicable,No,Not Applicable,166,Cash,17,4.8,4.7
2024-07-26 00:33:00,CNR8759079408,Canceled by Driver,CID415500,Mini,Frazer Town,Chickpet,,,Not Applicable,Customer was coughing/sick,Not Applicable,Not Applicable,803,Not Applicable,0,,
2024-07-18 04:15:00,CNR1480720656,Success,CID482797,Prime Plus,Cox Town,Devanahalli,112.0,65.0,Not Applicable,Not Applicable,No,Not Applicable,322,Cash,6,3.9,4.5
2024-07-05 17:45:00,CNR6477535549,Success,CID307950,eBike,Shantinagar,Whitefield,301.0,75.0,Not Applicable,Not Applicable,No,Not Applicable,413,Cash,24,4.8,3.5
2024-07-24 05:19:00,CNR8264302896,Success,CID909648,Bike,Electronic City,HSR Layout,154.0,50.0,Not Applicable,Not Applicable,No,Not Applicable,913,Cash,45,4.6,4.9
2024-07-01 12:20:00,CNR7762353516,Success,CID264436,Mini,Bellandur,Basavanagudi,70.0,145.0,Not Applicable,Not Applicable,No,Not Applicable,386,Cash,22,4.1,3.9
2024-07-09 04:30:00,CNR2290190069,Canceled by Driver,CID759680,Mini,Frazer Town,Mysore Road,,,Not Applicable,Customer was coughing/sick,Not Applicable,Not Applicable,236,Not Applicable,0,,
2024-07-15 04:49:00,CNR1153061288,Driver Not Found,CID576624,Bike,Hosur Road,Marathahalli,,,Not Applicable,Not Applicable,Not Applicable,Not Applicable,105,Not Applicable,0,,
2024-07-16 00:40:00,CNR9612174430,Success,CID212349,Bike,Whitefield,Koramangala,42.0,45.0,Not Applicable,Not Applicable,No,Not Applicable,109,Cash,16,4.8,3.8
2024-07-17 11:57:00,CNR8849669215,Canceled by Driver,CID700298,Prime Plus,Ulsoor,Chickpet,,,Not Applicable,Personal & Car related issue,Not Applicable,Not Applicable,172,Not Applicable,0,,
2024-07-09 18:07:00,CNR8735001078,Driver Not Found,CID572905,Mini,Hennur,MG Road,,,Not Applicable,Not Applicable,Not Applicable,Not Applicable,208,Not Applicable,0,,
2024-07-26 01:52:00,CNR3962576476,Success,CID405210,Mini,Hosur Road,Hennur,84.0,40.0,Not Applicable,Not Applicable,No,Not Applicable,662,Cash,47,4.7,4.6
2024-07-30 00:25:00,CNR8762882776,Success,CID543258,Prime SUV,Peenya,Kengeri,266.0,65.0,Not Applicable,Not Applicable,No,Not Applicable,440,Cash,4,3.1,3.0
2024-07-06 18:29:00,CNR1497732316,Success,CID562635,Prime SUV,Banashankari,MG Road,273.0,35.0,Not Applicable,Not Applicable,No,Not Applicable,1944,Cash,18,4.1,4.7
2024-07-05 13:28:00,CNR7259834044,Success,CID326930,Bike,Banashankari,Whitefield,175.0,35.0,Not Applicable,Not Applicable,No,Not Applicable,201,Debit Card,40,5.0,3.2
2024-07-08 09:04:00,CNR9773191697,Success,CID552272,Prime Plus,Kadugodi,Sahakar Nagar,147.0,40.0,Not Applicable,Not Applicable,No,Not Applicable,296,Cash,29,3.1,4.1
2024-07-22 13:26:00,CNR8318213564,Success,CID846356,Auto,Chickpet,Chickpet,133.0,45.0,Not Applicable,Not Applicable,No,Not Applicable,613,Cash,7,3.2,3.3
2024-07-08 02:45:00,CNR5275550989,Success,CID795667,Prime SUV,Kengeri,Hebbal,119.0,145.0,Not Applicable,Not Applicable,No,Not Applicable,542,Cash,49,4.8,4.3
2024-07-20 06:40:00,CNR7940944151,Success,CID362032,Prime Plus,Ulsoor,Koramangala,56.0,50.0,Not Applicable,Not Applicable,No,Not Applicable,324,UPI,36,3.2,3.5
2024-07-09 07:46:00,CNR9344301641,Driver Not Found,CID462549,Bike,HSR Layout,HSR Layout,,,Not Applicable,Not Applicable,Not Applicable,Not Applicable,203,Not Applicable,0,,
2024-07-20 20:01:00,CNR2309954778,Success,CID854722,eBike,Padmanabhanagar,Rajarajeshwari Nagar,161.0,50.0,Not Applicable,Not Applicable,No,Not Applicable,597,Credit Card,47,3.1,3.6
2024-07-18 11:42:00,CNR6024483004,Success,CID167428,Prime SUV,Nagarbhavi,Magadi Road,280.0,130.0,Not Applicable,Not Applicable,No,Not Applicable,349,UPI,14,3.6,4.6
2024-07-14 07:27:00,CNR1778846259,Success,CID426181,Prime SUV,Padmanabhanagar,Kammanahalli,63.0,85.0,Not Applicable,Not Applicable,No,Not Applicable,985,UPI,24,4.5,3.1
2024-07-18 11:25:00,CNR4934307007,Success,CID596981,eBike,Padmanabhanagar,Padmanabhanagar,203.0,95.0,Not Applicable,Not Applicable,No,Not Applicable,304,Cash,23,3.8,3.2
2024-07-16 09:35:00,CNR7865438257,Success,CID986228,Prime Plus,Bannerghatta Road,Tumkur Road,133.0,25.0,Not Applicable,Not Applicable,No,Not Applicable,152,Cash,4,4.3,4.6
2024-07-10 01:32:00,CNR4609670207,Canceled by Customer,CID827526,Prime Sedan,Chamarajpet,Basavanagudi,,,Driver is not moving towards pickup location,Not Applicable,Not Applicable,Not Applicable,142,Not Applicable,0,,
2024-07-01 14:25:00,CNR2653619515,Canceled by Customer,CID887820,Prime SUV,Rajajinagar,Vijayanagar,,,AC is Not working,Not Applicable,Not Applicable,Not Applicable,731,Not Applicable,0,,
2024-07-01 09:17:00,CNR5187876033,Driver Not Found,CID420274,eBike,Mysore Road,Varthur,,,Not Applicable,Not Applicable,Not Applicable,Not Applicable,1393,Not Applicable,0,,
2024-07-27 10:23:00,CNR2521715132,Success,CID678766,Prime Plus,Varthur,KR Puram,210.0,130.0,Not Applicable,Not Applicable,No,Not Applicable,405,UPI,18,4.6,3.4
2024-07-20 12:03:00,CNR7982996708,Canceled by Driver,CID118338,Mini,Hosur Road,Ulsoor,,,Not Applicable,More than permitted people in there,Not Applicable,Not Applicable,258,Not Applicable,0,,
2024-07-18 21:24:00,CNR2737841110,Success,CID123914,eBike,Hennur,Padmanabhanagar,182.0,45.0,Not Applicable,Not Applicable,No,Not Applicable,814,Cash,41,3.1,4.4
2024-07-02 08:14:00,CNR9359997295,Success,CID880924,Bike,HSR Layout,Jayanagar,196.0,45.0,Not Applicable,Not Applicable,No,Not Applicable,557,Cash,1,3.1,4.5
2024-07-22 20:31:00,CNR5295006666,Success,CID179559,Auto,HSR Layout,Rajajinagar,133.0,145.0,Not Applicable,Not Applicable,No,Not Applicable,854,UPI,12,4.7,3.5
2024-07-19 19:58:00,CNR2221432416,Success,CID430679,Bike,Yeshwanthpur,Kengeri,56.0,80.0,Not Applicable,Not Applicable,No,Not Applicable,297,Cash,8,4.6,3.4
2024-07-14 10:02:00,CNR5486460599,Driver Not Found,CID245490,Prime Sedan,Cox Town,Jayanagar,,,Not Applicable,Not Applicable,Not Applicable,Not Applicable,388,Not Applicable,0,,
2024-07-04 20:07:00,CNR8740717567,Success,CID422767,Bike,Kadugodi,Rajajinagar,175.0,145.0,Not Applicable,Not Applicable,No,Not Applicable,368,UPI,4,4.8,3.9
2024-07-23 02:00:00,CNR6996030446,Canceled by Driver,CID475715,eBike,Yelahanka,Bellandur,,,Not Applicable,More than permitted people in there,Not Applicable,Not Applicable,389,Not Applicable,0,,
2024-07-06 20:32:00,CNR6278417303,Canceled by Driver,CID859940,Prime Sedan,Rajajinagar,Kengeri,,,Not Applicable,Personal & Car related issue,Not Applicable,Not Applicable,852,Not Applicable,0,,
2024-07-22 07:12:00,CNR8845639657,Canceled by Driver,CID811101,Prime Sedan,Cox Town,KR Puram,,,Not Applicable,Personal & Car related issue,Not Applicable,Not Applicable,655,Not Applicable,0,,
2024-07-20 21:55:00,CNR4504600934,Success,CID291602,Bike,BTM Layout,Frazer Town,273.0,75.0,Not Applicable,Not Applicable,No,Not Applicable,258,UPI,14,3.8,3.5
2024-07-03 09:47:00,CNR7420969324,Driver Not Found,CID657145,Prime SUV,Whitefield,Sahakar Nagar,,,Not Applicable,Not Applicable,Not Applicable,Not Applicable,617,Not Applicable,0,,
2024-07-24 19:29:00,CNR9665882111,Success,CID549475,Prime SUV,Padmanabhanagar,Yeshwanthpur,91.0,135.0,Not Applicable,Not Applicable,No,Not Applicable,541,UPI,47,4.0,3.7
2024-07-30 11:03:00,CNR7684651343,Canceled by Driver,CID947525,Auto,Hennur,Jayanagar,,,Not Applicable,Personal & Car related issue,Not Applicable,Not Applicable,240,Not Applicable,0,,
2024-07-12 09:20:00,CNR1949528743,Success,CID824246,Prime Plus,Majestic,Bellandur,126.0,140.0,Not Applicable,Not Applicable,No,Not Applicable,362,UPI,3,3.2,3.2
2024-07-08 16:09:00,CNR8540051729,Success,CID539919,Prime Plus,Kengeri,Ulsoor,70.0,40.0,Not Applicable,Not Applicable,No,Not Applicable,2611,UPI,42,4.2,3.4
2024-07-30 02:34:00,CNR6924484328,Driver Not Found,CID294982,Prime Plus,KR Puram,Malleshwaram,,,Not Applicable,Not Applicable,Not Applicable,Not Applicable,279,Not Applicable,0,,
2024-07-07 19:15:00,CNR6180870916,Success,CID310687,Mini,RT Nagar,Hulimavu,154.0,140.0,Not Applicable,Not Applicable,No,Not Applicable,478,Cash,24,4.8,4.0
2024-07-12 19:15:00,CNR7460507308,Success,CID397995,Prime SUV,MG Road,BTM Layout,49.0,25.0,Not Applicable,Not Applicable,Yes,Customer Demand,2655,Cash,46,4.7,3.3
2024-07-26 08:08:00,CNR8835201045,Success,CID401591,Mini,Banashankari,Kadugodi,266.0,135.0,Not Applicable,Not Applicable,No,Not Applicable,812,Cash,19,3.7,4.6
2024-07-09 04:07:00,CNR1380354085,Success,CID379751,eBike,Shivajinagar,Mysore Road,182.0,145.0,Not Applicable,Not Applicable,No,Not Applicable,121,Cash,29,3.3,3.6
2024-07-29 09:36:00,CNR6699541813,Success,CID285522,eBike,Kengeri,Bellandur,98.0,140.0,Not Applicable,Not Applicable,No,Not Applicable,234,Cash,18,4.6,4.4
2024-07-08 08:34:00,CNR3322227446,Success,CID393481,Auto,Banashankari,Richmond Town,112.0,140.0,Not Applicable,Not Applicable,No,Not Applicable,320,Cash,6,4.6,3.4
2024-07-15 10:47:00,CNR4235024399,Canceled by Driver,CID590002,Bike,Kadugodi,Kammanahalli,,,Not Applicable,More than permitted people in there,Not Applicable,Not Applicable,140,Not Applicable,0,,
2024-07-05 03:05:00,CNR8931355462,Success,CID203956,Prime Sedan,Varthur,Nagarbhavi,203.0,35.0,Not Applicable,Not Applicable,No,Not Applicable,125,UPI,46,4.5,3.9
2024-07-08 11:23:00,CNR9743379303,Canceled by Customer,CID373401,Bike,Magadi Road,Sarjapur Road,,,Wrong Address,Not Applicable,Not Applicable,Not Applicable,273,Not Applicable,0,,
2024-07-12 18:22:00,CNR9115576271,Success,CID619001,Prime Sedan,KR Puram,Chickpet,217.0,55.0,Not Applicable,Not Applicable,No,Not Applicable,461,Credit Card,33,4.9,4.6
2024-07-05 21:45:00,CNR8476227245,Success,CID886029,Auto,Kengeri,Bannerghatta Road,105.0,70.0,Not Applicable,Not Applicable,No,Not Applicable,437,Cash,10,3.5,3.0
2024-07-20 08:20:00,CNR4876807149,Success,CID810346,Prime Plus,Langford Town,Yeshwanthpur,49.0,105.0,Not Applicable,Not Applicable,No,Not Applicable,281,Cash,28,3.8,4.5
2024-07-08 15:00:00,CNR7606107183,Success,CID857024,Auto,Rajajinagar,Bellandur,217.0,95.0,Not Applicable,Not Applicable,No,Not Applicable,183,Cash,14,3.8,3.7
2024-07-30 19:44:00,CNR8331933690,Success,CID859804,Prime SUV,Cox Town,Banashankari,245.0,100.0,Not Applicable,Not Applicable,No,Not Applicable,244,UPI,32,4.9,3.4
2024-07-20 11:41:00,CNR4423025916,Canceled by Customer,CID525104,Prime Sedan,Marathahalli,RT Nagar,,,Change of plans,Not Applicable,Not Applicable,Not Applicable,856,Not Applicable,0,,
2024-07-12 12:12:00,CNR9060311357,Success,CID697979,Auto,Nagarbhavi,Bannerghatta Road,35.0,40.0,Not Applicable,Not Applicable,No,Not Applicable,719,Cash,10,3.3,3.5
2024-07-17 21:54:00,CNR4018872818,Canceled by Driver,CID134356,Prime Sedan,Indiranagar,Hulimavu,,,Not Applicable,Personal & Car related issue,Not Applicable,Not Applicable,634,Not Applicable,0,,
2024-07-24 15:13:00,CNR3778368080,Success,CID415600,Prime SUV,Sarjapur Road,KR Puram,175.0,30.0,Not Applicable,Not Applicable,Yes,Vehicle Breakdown,388,Cash,25,3.5,5.0
2024-07-09 02:25:00,CNR8197791266,Canceled by Driver,CID149339,Prime Plus,Rajajinagar,Hosur Road,,,Not Applicable,Customer was coughing/sick,Not Applicable,Not Applicable,393,Not Applicable,0,,
2024-07-15 02:25:00,CNR3651517968,Success,CID147052,Prime Sedan,Shantinagar,Varthur,245.0,130.0,Not Applicable,Not Applicable,No,Not Applicable,201,UPI,21,4.2,3.7
2024-07-01 05:27:00,CNR3545206486,Canceled by Driver,CID347624,eBike,Basavanagudi,Marathahalli,,,Not Applicable,Customer related issue,Not Applicable,Not Applicable,793,Not Applicable,0,,
2024-07-27 05:23:00,CNR5514956113,Success,CID470698,Prime SUV,Yeshwanthpur,Rajarajeshwari Nagar,189.0,45.0,Not Applicable,Not Applicable,No,Not Applicable,2681,Cash,12,4.1,3.3
2024-07-25 14:06:00,CNR2068398618,Success,CID817323,Prime Sedan,Electronic City,Ulsoor,42.0,120.0,Not Applicable,Not Applicable,No,Not Applicable,496,Cash,37,3.1,4.7
2024-07-27 09:38:00,CNR1684493909,Success,CID766006,Bike,Yeshwanthpur,Majestic,259.0,30.0,Not Applicable,Not Applicable,No,Not Applicable,391,Cash,18,4.1,3.9
2024-07-12 09:06:00,CNR6014467596,Canceled by Customer,CID957727,Prime SUV,Devanahalli,KR Puram,,,Change of plans,Not Applicable,Not Applicable,Not Applicable,2687,Not Applicable,0,,
2024-07-19 17:43:00,CNR6579249023,Driver Not Found,CID170752,Prime Sedan,Koramangala,Langford Town,,,Not Applicable,Not Applicable,Not Applicable,Not Applicable,731,Not Applicable,0,,
2024-07-18 10:37:00,CNR5939563467,Success,CID417098,Prime SUV,Nagarbhavi,Shivajinagar,126.0,80.0,Not Applicable,Not Applicable,No,Not Applicable,192,Cash,24,4.7,3.8
2024-07-20 22:39:00,CNR9573775277,Canceled by Customer,CID127871,Mini,Peenya,Cox Town,,,Change of plans,Not Applicable,Not Applicable,Not Applicable,884,Not Applicable,0,,
2024-07-11 12:11:00,CNR1213018546,Success,CID525947,Prime SUV,Banashankari,Hulimavu,203.0,145.0,Not Applicable,Not Applicable,No,Not Applicable,477,UPI,20,4.3,3.8
2024-07-28 08:14:00,CNR4291319728,Success,CID286802,Prime SUV,Hosur Road,Mysore Road,210.0,60.0,Not Applicable,Not Applicable,No,Not Applicable,2715,Cash,38,3.6,4.6
2024-07-30 19:06:00,CNR3767483660,Success,CID759274,Prime Sedan,Hebbal,Richmond Town,133.0,50.0,Not Applicable,Not Applicable,No,Not Applicable,286,UPI,30,3.6,5.0
2024-07-17 08:48:00,CNR2358840158,Canceled by Customer,CID336947,Bike,Majestic,BTM Layout,,,Change of plans,Not Applicable,Not Applicable,Not Applicable,125,Not Applicable,0,,
2024-07-11 22:50:00,CNR7444571591,Success,CID721310,Prime Sedan,Nagarbhavi,Chamarajpet,35.0,40.0,Not Applicable,Not Applicable,No,Not Applicable,150,Cash,7,3.1,4.6
2024-07-25 13:35:00,CNR7782566343,Success,CID977586,Auto,Tumkur Road,Devanahalli,196.0,90.0,Not Applicable,Not Applicable,No,Not Applicable,923,Cash,3,3.3,4.8
2024-07-07 12:10:00,CNR9821050221,Success,CID892770,Mini,Vijayanagar,Hosur Road,147.0,75.0,Not Applicable,Not Applicable,No,Not Applicable,400,Cash,2,3.3,4.1
2024-07-29 12:52:00,CNR8508356663,Canceled by Driver,CID248613,Bike,RT Nagar,Frazer Town,,,Not Applicable,More than permitted people in there,Not Applicable,Not Applicable,2208,Not Applicable,0,,
2024-07-15 04:57:00,CNR4130408917,Success,CID158109,Prime Plus,Hebbal,Bannerghatta Road,98.0,80.0,Not Applicable,Not Applicable,No,Not Applicable,448,UPI,16,3.4,4.6
2024-07-04 07:04:00,CNR3535330316,Success,CID976133,Prime SUV,Varthur,Padmanabhanagar,133.0,80.0,Not Applicable,Not Applicable,No,Not Applicable,360,Cash,12,3.8,3.5
2024-07-06 17:41:00,CNR6455456197,Success,CID608731,Prime Plus,Majestic,Malleshwaram,84.0,85.0,Not Applicable,Not Applicable,No,Not Applicable,351,UPI,22,4.1,3.7
2024-07-10 06:02:00,CNR3400409928,Canceled by Driver,CID754153,Prime Plus,Whitefield,JP Nagar,,,Not Applicable,Customer related issue,Not Applicable,Not Applicable,509,Not Applicable,0,,
2024-07-13 03:50:00,CNR4046880789,Success,CID897105,Prime SUV,Richmond Town,Rajarajeshwari Nagar,168.0,55.0,Not Applicable,Not Applicable,No,Not Applicable,466,Cash,38,3.6,3.6
2024-07-15 10:18:00,CNR1589574730,Canceled by Driver,CID779235,Auto,Hulimavu,Bannerghatta Road,,,Not Applicable,Customer was coughing/sick,Not Applicable,Not Applicable,207,Not Applicable,0,,
2024-07-04 02:21:00,CNR6950567135,Driver Not Found,CID764493,Mini,Kammanahalli,Peenya,,,Not Applicable,Not Applicable,Not Applicable,Not Applicable,777,Not Applicable,0,,
2024-07-05 09:17:00,CNR1841780532,Success,CID288378,Prime Sedan,Magadi Road,Sahakar Nagar,140.0,135.0,Not Applicable,Not Applicable,Yes,Vehicle Breakdown,436,UPI,14,4.6,4.0
2024-07-13 20:33:00,CNR7476544962,Success,CID892907,Bike,Whitefield,Yeshwanthpur,91.0,40.0,Not Applicable,Not Applicable,No,Not Applicable,2767,UPI,9,3.6,4.7
2024-07-24 03:12:00,CNR5433942909,Driver Not Found,CID436121,Prime Plus,Hulimavu,Cox Town,,,Not Applicable,Not Applicable,Not Applicable,Not Applicable,392,Not Applicable,0,,
2024-07-20 13:16:00,CNR1513513983,Canceled by Driver,CID794238,Prime SUV,Jayanagar,MG Road,,,Not Applicable,Customer related issue,Not Applicable,Not Applicable,2526,Not Applicable,0,,
2024-07-07 19:51:00,CNR5387287134,Success,CID511089,Prime SUV,Shantinagar,Hebbal,98.0,50.0,Not Applicable,Not Applicable,No,Not Applicable,759,UPI,1,3.9,4.4
2024-07-07 02:52:00,CNR6187392348,Success,CID543716,Prime SUV,Chickpet,Tumkur Road,182.0,35.0,Not Applicable,Not Applicable,No,Not Applicable,169,Cash,7,3.6,3.3
2024-07-23 06:27:00,CNR5516132662,Driver Not Found,CID182505,Prime Sedan,Hebbal,Shantinagar,,,Not Applicable,Not Applicable,Not Applicable,Not Applicable,226,Not Applicable,0,,
2024-07-01 20:16:00,CNR3377331209,Driver Not Found,CID203208,Mini,Chickpet,Malleshwaram,,,Not Applicable,Not Applicable,Not Applicable,Not Applicable,286,Not Applicable,0,,
2024-07-20 13:59:00,CNR9514170123,Success,CID201339,Prime Sedan,Whitefield,RT Nagar,252.0,50.0,Not Applicable,Not Applicable,Yes,Customer Demand,639,UPI,24,4.3,3.5
2024-07-07 19:47:00,CNR1445363185,Success,CID389202,eBike,Hosur Road,Yeshwanthpur,259.0,55.0,Not Applicable,Not Applicable,No,Not Applicable,247,UPI,36,4.9,4.3
2024-07-08 14:05:00,CNR9141502363,Success,CID854237,Prime SUV,MG Road,Bellandur,308.0,120.0,Not Applicable,Not Applicable,No,Not Applicable,281,UPI,2,4.3,3.7
2024-07-28 04:27:00,CNR9766147881,Success,CID596571,Prime Plus,Kengeri,Tumkur Road,147.0,100.0,Not Applicable,Not Applicable,No,Not Applicable,415,UPI,41,4.3,4.4
2024-07-18 12:28:00,CNR6419588304,Success,CID176777,Prime SUV,Rajarajeshwari Nagar,Shantinagar,77.0,25.0,Not Applicable,Not Applicable,No,Not Applicable,891,Cash,38,4.7,3.4
2024-07-17 13:42:00,CNR7543163474,Driver Not Found,CID712815,eBike,Devanahalli,Kammanahalli,,,Not Applicable,Not Applicable,Not Applicable,Not Applicable,275,Not Applicable,0,,
2024-07-21 01:04:00,CNR1653715851,Success,CID903617,Prime Plus,Sarjapur Road,Banashankari,189.0,60.0,Not Applicable,Not Applicable,No,Not Applicable,178,UPI,41,4.3,3.7
2024-07-07 02:38:00,CNR3518249381,Canceled by Driver,CID202737,Prime SUV,Sarjapur Road,Hulimavu,,,Not Applicable,More than permitted people in there,Not Applicable,Not Applicable,316,Not Applicable,0,,
2024-07-01 16:06:00,CNR9996013827,Success,CID671791,Auto,Bellandur,Chamarajpet,168.0,95.0,Not Applicable,Not Applicable,No,Not Applicable,427,UPI,8,4.0,4.3
2024-07-18 12:09:00,CNR9831511470,Success,CID959092,eBike,Whitefield,Electronic City,56.0,75.0,Not Applicable,Not Applicable,No,Not Applicable,494,Cash,49,5.0,4.2
2024-07-15 06:00:00,CNR8752826580,Canceled by Customer,CID421981,Prime SUV,Koramangala,Langford Town,,,Driver asked to cancel,Not Applicable,Not Applicable,Not Applicable,655,Not Applicable,0,,
2024-07-20 20:21:00,CNR1919597616,Success,CID343506,Prime SUV,Electronic City,Hennur,280.0,90.0,Not Applicable,Not Applicable,No,Not Applicable,149,Cash,20,3.6,4.7
2024-07-27 01:38:00,CNR2896339128,Canceled by Driver,CID134678,Mini,Rajarajeshwari Nagar,Bellandur,,,Not Applicable,Customer was coughing/sick,Not Applicable,Not Applicable,107,Not Applicable,0,,
2024-07-16 16:29:00,CNR5575362523,Success,CID326197,Prime SUV,Sarjapur Road,Basavanagudi,119.0,105.0,Not Applicable,Not Applicable,No,Not Applicable,2366,UPI,20,3.9,4.1
2024-07-08 20:33:00,CNR7499377254,Success,CID538527,Auto,Devanahalli,Richmond Town,63.0,140.0,Not Applicable,Not Applicable,No,Not Applicable,448,Cash,9,3.4,3.3
2024-07-23 05:36:00,CNR5160422390,Success,CID784221,Bike,Electronic City,Peenya,273.0,70.0,Not Applicable,Not Applicable,No,Not Applicable,212,Cash,6,3.1,4.6
2024-07-19 16:33:00,CNR7076449147,Canceled by Driver,CID259550,Auto,Hosur Road,Magadi Road,,,Not Applicable,Customer was coughing/sick,Not Applicable,Not Applicable,2720,Not Applicable,0,,
2024-07-18 12:17:00,CNR5471494699,Canceled by Customer,CID753688,eBike,Sarjapur Road,Sahakar Nagar,,,Change of plans,Not Applicable,Not Applicable,Not Applicable,323,Not Applicable,0,,
2024-07-30 20:59:00,CNR3645809768,Success,CID835562,Bike,Langford Town,Padmanabhanagar,154.0,105.0,Not Applicable,Not Applicable,No,Not Applicable,473,UPI,37,4.1,3.9
2024-07-14 12:02:00,CNR3153219925,Success,CID168724,Prime Plus,Mysore Road,Kadugodi,84.0,40.0,Not Applicable,Not Applicable,No,Not Applicable,1777,UPI,23,3.9,3.6
2024-07-23 16:24:00,CNR1572183546,Success,CID207675,Bike,Vijayanagar,Tumkur Road,105.0,120.0,Not Applicable,Not Applicable,No,Not Applicable,485,Cash,47,3.5,4.7
2024-07-26 15:22:00,CNR8630714370,Success,CID162391,Prime Sedan,Sahakar Nagar,Rajarajeshwari Nagar,231.0,25.0,Not Applicable,Not Applicable,No,Not Applicable,289,UPI,2,4.1,4.9
2024-07-04 03:22:00,CNR9013336874,Success,CID778094,Bike,Bellandur,Hebbal,189.0,35.0,Not Applicable,Not Applicable,No,Not Applicable,126,UPI,19,3.1,4.0
2024-07-04 02:44:00,CNR9245579102,Success,CID150038,Prime Plus,Marathahalli,Peenya,238.0,60.0,Not Applicable,Not Applicable,No,Not Applicable,2322,Cash,21,3.9,4.7
2024-07-14 00:18:00,CNR1132019311,Canceled by Customer,CID875219,Bike,Electronic City,HSR Layout,,,Change of plans,Not Applicable,Not Applicable,Not Applicable,463,Not Applicable,0,,
2024-07-21 07:21:00,CNR2537806583,Success,CID226637,Prime Plus,Indiranagar,Magadi Road,252.0,120.0,Not Applicable,Not Applicable,No,Not Applicable,404,Cash,2,4.3,3.8
2024-07-16 20:26:00,CNR8295865867,Canceled by Driver,CID943358,Bike,Yeshwanthpur,Marathahalli,,,Not Applicable,Customer was coughing/sick,Not Applicable,Not Applicable,362,Not Applicable,0,,
2024-07-04 04:45:00,CNR8576998717,Canceled by Driver,CID352907,Prime Plus,Basavanagudi,Basavanagudi,,,Not Applicable,Personal & Car related issue,Not Applicable,Not Applicable,283,Not Applicable,0,,
2024-07-30 01:47:00,CNR5097138405,Driver Not Found,CID448199,Mini,Tumkur Road,Yelahanka,,,Not Applicable,Not Applicable,Not Applicable,Not Applicable,238,Not Applicable,0,,
2024-07-30 03:21:00,CNR7521587964,Success,CID874917,eBike,Bannerghatta Road,Sahakar Nagar,217.0,135.0,Not Applicable,Not Applicable,No,Not Applicable,397,Cash,8,3.5,3.6
2024-07-07 17:03:00,CNR4579187721,Canceled by Driver,CID872992,Mini,Majestic,Richmond Town,,,Not Applicable,More than permitted people in there,Not Applicable,Not Applicable,478,Not Applicable,0,,
2024-07-15 11:32:00,CNR1413005965,Canceled by Driver,CID238039,Prime SUV,Kengeri,Vijayanagar,,,Not Applicable,More than permitted people in there,Not Applicable,Not Applicable,646,Not Applicable,0,,
2024-07-11 10:09:00,CNR7256036028,Success,CID892502,Auto,Malleshwaram,Basavanagudi,49.0,95.0,Not Applicable,Not Applicable,No,Not Applicable,499,UPI,18,4.8,4.7
2024-07-09 01:50:00,CNR1232636019,Success,CID229938,Auto,Shivajinagar,Kammanahalli,252.0,105.0,Not Applicable,Not Applicable,No,Not Applicable,358,UPI,14,4.1,3.1
2024-07-07 00:16:00,CNR2320010305,Success,CID578976,Auto,Marathahalli,Peenya,105.0,75.0,Not Applicable,Not Applicable,No,Not Applicable,370,UPI,11,4.5,4.0
2024-07-25 00:44:00,CNR9353896054,Success,CID439080,Prime Plus,Cox Town,Koramangala,63.0,45.0,Not Applicable,Not Applicable,No,Not Applicable,228,UPI,4,4.1,4.9
2024-07-17 19:16:00,CNR6116723325,Success,CID327066,Mini,HSR Layout,Rajarajeshwari Nagar,224.0,75.0,Not Applicable,Not Applicable,No,Not Applicable,554,UPI,36,4.1,3.3
2024-07-20 01:22:00,CNR9840281435,Driver Not Found,CID264763,Prime SUV,KR Puram,BTM Layout,,,Not Applicable,Not Applicable,Not Applicable,Not Applicable,417,Not Applicable,0,,
2024-07-29 01:32:00,CNR5472822830,Success,CID190838,Bike,Ramamurthy Nagar,Rajarajeshwari Nagar,301.0,35.0,Not Applicable,Not Applicable,No,Not Applicable,243,UPI,46,4.2,3.7
2024-07-22 17:20:00,CNR5943291220,Success,CID473642,eBike,Shivajinagar,Chickpet,217.0,60.0,Not Applicable,Not Applicable,No,Not Applicable,453,Cash,48,3.1,4.6
2024-07-04 04:22:00,CNR9741260000,Success,CID227221,eBike,Jayanagar,Langford Town,77.0,140.0,Not Applicable,Not Applicable,No,Not Applicable,190,UPI,33,3.0,3.2
2024-07-15 03:39:00,CNR6393029189,Canceled by Driver,CID538165,Bike,RT Nagar,Koramangala,,,Not Applicable,Personal & Car related issue,Not Applicable,Not Applicable,716,Not Applicable,0,,
2024-07-09 16:28:00,CNR6630191677,Success,CID905189,Prime SUV,Rajajinagar,Hebbal,133.0,30.0,Not Applicable,Not Applicable,No,Not Applicable,170,Cash,49,3.3,4.3
2024-07-12 02:30:00,CNR4843210614,Success,CID423142,eBike,Kammanahalli,Chamarajpet,196.0,125.0,Not Applicable,Not Applicable,No,Not Applicable,439,Cash,27,4.7,3.0
2024-07-14 08:39:00,CNR6644703690,Canceled by Customer,CID419676,Auto,Marathahalli,Banashankari,,,Change of plans,Not Applicable,Not Applicable,Not Applicable,473,Not Applicable,0,,
2024-07-12 18:45:00,CNR5692214898,Canceled by Driver,CID173104,Prime Plus,Majestic,Marathahalli,,,Not Applicable,Customer related issue,Not Applicable,Not Applicable,2465,Not Applicable,0,,
2024-07-15 12:22:00,CNR4234997337,Driver Not Found,CID272109,Auto,KR Puram,Langford Town,,,Not Applicable,Not Applicable,Not Applicable,Not Applicable,239,Not Applicable,0,,
2024-07-10 23:31:00,CNR8625864413,Success,CID229493,Auto,Kengeri,Varthur,224.0,145.0,Not Applicable,Not Applicable,No,Not Applicable,263,UPI,3,4.5,4.9
2024-07-16 03:39:00,CNR1553934149,Success,CID807020,Prime Plus,Chamarajpet,Majestic,70.0,115.0,Not Applicable,Not Applicable,No,Not Applicable,438,Cash,46,3.2,4.6
2024-07-12 05:21:00,CNR8653101786,Success,CID276705,Prime Plus,Hebbal,Yelahanka,189.0,50.0,Not Applicable,Not Applicable,Yes,Vehicle Breakdown,449,Cash,5,4.2,5.0
2024-07-27 06:07:00,CNR3457936540,Success,CID301997,Mini,Rajajinagar,Langford Town,203.0,140.0,Not Applicable,Not Applicable,No,Not Applicable,367,UPI,15,3.6,3.5
2024-07-18 08:27:00,CNR5015230728,Canceled by Driver,CID156580,Mini,Sarjapur Road,Ramamurthy Nagar,,,Not Applicable,Customer was coughing/sick,Not Applicable,Not Applicable,600,Not Applicable,0,,
2024-07-20 23:21:00,CNR8102986904,Success,CID239849,Auto,Chickpet,Bannerghatta Road,133.0,110.0,Not Applicable,Not Applicable,No,Not Applicable,223,UPI,17,4.0,3.5
2024-07-22 06:54:00,CNR6986444263,Success,CID939400,Prime Sedan,Peenya,Varthur,42.0,30.0,Not Applicable,Not Applicable,No,Not Applicable,579,Cash,25,4.8,3.6
2024-07-24 02:08:00,CNR2109794950,Success,CID402746,Bike,Banashankari,Kadugodi,294.0,145.0,Not Applicable,Not Applicable,No,Not Applicable,438,Cash,4,4.5,3.5
2024-07-05 20:43:00,CNR8805517096,Canceled by Driver,CID115674,Prime Sedan,Rajajinagar,Ramamurthy Nagar,,,Not Applicable,Personal & Car related issue,Not Applicable,Not Applicable,220,Not Applicable,0,,
2024-07-03 15:32:00,CNR8145241354,Success,CID255287,Prime Plus,BTM Layout,Sarjapur Road,294.0,55.0,Not Applicable,Not Applicable,No,Not Applicable,111,UPI,3,4.1,3.2
2024-07-09 00:58:00,CNR8826951503,Success,CID426819,Prime SUV,Bannerghatta Road,Sarjapur Road,217.0,45.0,Not Applicable,Not Applicable,No,Not Applicable,290,Cash,27,3.3,4.6
2024-07-10 04:20:00,CNR4368759881,Success,CID984546,eBike,Tumkur Road,JP Nagar,301.0,25.0,Not Applicable,Not Applicable,No,Not Applicable,354,UPI,5,3.8,4.1
2024-07-05 05:31:00,CNR1690303798,Success,CID199545,Prime Plus,Malleshwaram,Peenya,280.0,135.0,Not Applicable,Not Applicable,No,Not Applicable,217,UPI,21,3.4,3.9
2024-07-18 07:03:00,CNR3187189854,Success,CID814370,Mini,Jayanagar,Varthur,49.0,45.0,Not Applicable,Not Applicable,No,Not Applicable,295,UPI,29,3.9,3.9
2024-07-03 20:56:00,CNR5499050637,Driver Not Found,CID840630,eBike,Shivajinagar,Rajarajeshwari Nagar,,,Not Applicable,Not Applicable,Not Applicable,Not Applicable,170,Not Applicable,0,,
2024-07-27 15:20:00,CNR4213065228,Driver Not Found,CID808652,eBike,JP Nagar,Shantinagar,,,Not Applicable,Not Applicable,Not Applicable,Not Applicable,201,Not Applicable,0,,
2024-07-23 13:35:00,CNR5612698708,Success,CID901796,Mini,Hulimavu,Sarjapur Road,287.0,90.0,Not Applicable,Not Applicable,Yes,Customer Demand,447,UPI,1,3.9,4.4
2024-07-19 16:28:00,CNR7740439141,Canceled by Customer,CID720378,Prime SUV,Majestic,Marathahalli,,,Change of plans,Not Applicable,Not Applicable,Not Applicable,211,Not Applicable,0,,
2024-07-01 16:01:00,CNR7588285979,Canceled by Driver,CID666333,Auto,Malleshwaram,HSR Layout,,,Not Applicable,More than permitted people in there,Not Applicable,Not Applicable,585,Not Applicable,0,,
2024-07-29 16:00:00,CNR5683815375,Success,CID456735,Prime Plus,JP Nagar,Bellandur,203.0,125.0,Not Applicable,Not Applicable,No,Not Applicable,294,Credit Card,48,3.3,4.8
2024-07-11 02:38:00,CNR1340957667,Success,CID278987,Mini,Mysore Road,MG Road,35.0,25.0,Not Applicable,Not Applicable,No,Not Applicable,718,UPI,37,3.1,3.9
2024-07-13 18:34:00,CNR1046436655,Success,CID594489,Mini,Yelahanka,Shantinagar,98.0,35.0,Not Applicable,Not Applicable,No,Not Applicable,247,Cash,31,4.6,4.6
2024-07-06 13:21:00,CNR4029897666,Success,CID172692,Prime Plus,Chickpet,Hulimavu,161.0,55.0,Not Applicable,Not Applicable,No,Not Applicable,2367,Cash,21,4.2,4.7
2024-07-06 16:34:00,CNR5905322467,Canceled by Customer,CID279451,Prime Sedan,Sarjapur Road,Sarjapur Road,,,Driver is not moving towards pickup location,Not Applicable,Not Applicable,Not Applicable,306,Not Applicable,0,,
2024-07-13 16:18:00,CNR5018516147,Success,CID542909,Mini,Bellandur,Frazer Town,294.0,60.0,Not Applicable,Not Applicable,No,Not Applicable,459,Cash,32,3.7,4.5
2024-07-03 14:56:00,CNR7780685423,Success,CID573487,Prime Plus,Sarjapur Road,Langford Town,91.0,50.0,Not Applicable,Not Applicable,No,Not Applicable,166,Cash,33,4.9,3.0
2024-07-13 17:14:00,CNR9564275424,Canceled by Customer,CID293886,Prime Sedan,Cox Town,KR Puram,,,Driver asked to cancel,Not Applicable,Not Applicable,Not Applicable,410,Not Applicable,0,,
2024-07-04 17:07:00,CNR4126537566,Success,CID346836,Mini,KR Puram,Electronic City,49.0,60.0,Not Applicable,Not Applicable,No,Not Applicable,396,UPI,26,3.3,3.3
2024-07-10 10:07:00,CNR9493293703,Success,CID850725,Prime Plus,Langford Town,Hennur,210.0,85.0,Not Applicable,Not Applicable,No,Not Applicable,167,UPI,4,3.2,3.4
2024-07-11 06:33:00,CNR9210545647,Driver Not Found,CID759748,Prime Plus,Hosur Road,Bellandur,,,Not Applicable,Not Applicable,Not Applicable,Not Applicable,320,Not Applicable,0,,
2024-07-21 07:09:00,CNR3136617096,Success,CID286621,Prime SUV,Electronic City,Ulsoor,280.0,85.0,Not Applicable,Not Applicable,No,Not Applicable,253,Cash,15,3.5,4.0
2024-07-07 06:53:00,CNR5830616814,Canceled by Customer,CID916543,Prime Plus,Sarjapur Road,Vijayanagar,,,Driver is not moving towards pickup location,Not Applicable,Not Applicable,Not Applicable,964,Not Applicable,0,,
2024-07-29 03:48:00,CNR8280174356,Success,CID673741,Prime Sedan,Koramangala,Kadugodi,49.0,80.0,Not Applicable,Not Applicable,No,Not Applicable,138,Cash,31,4.1,3.1
2024-07-28 18:04:00,CNR5684876813,Success,CID385516,Prime Sedan,Banashankari,KR Puram,140.0,125.0,Not Applicable,Not Applicable,No,Not Applicable,1123,Cash,42,3.5,3.4
2024-07-01 20:14:00,CNR5699162572,Success,CID801922,eBike,Hebbal,Whitefield,126.0,120.0,Not Applicable,Not Applicable,No,Not Applicable,470,UPI,21,3.8,4.5
2024-07-15 23:29:00,CNR3967008345,Success,CID506043,Prime Plus,Kammanahalli,Jayanagar,182.0,55.0,Not Applicable,Not Applicable,No,Not Applicable,702,Cash,49,3.3,4.6
2024-07-08 20:26:00,CNR6131426734,Success,CID919477,Prime Sedan,MG Road,KR Puram,294.0,115.0,Not Applicable,Not Applicable,No,Not Applicable,414,Cash,11,3.6,3.5
2024-07-18 11:19:00,CNR5572843659,Success,CID517632,Auto,Yelahanka,Frazer Town,147.0,45.0,Not Applicable,Not Applicable,No,Not Applicable,1411,Cash,15,4.8,3.6
2024-07-03 00:17:00,CNR3935976310,Success,CID346787,eBike,Shantinagar,Yelahanka,84.0,105.0,Not Applicable,Not Applicable,No,Not Applicable,279,Cash,12,4.2,3.1
2024-07-07 10:23:00,CNR1838564336,Success,CID760857,eBike,Nagarbhavi,Hulimavu,294.0,85.0,Not Applicable,Not Applicable,No,Not Applicable,495,UPI,3,4.3,3.1
2024-07-22 13:16:00,CNR2827429252,Success,CID910451,Prime Sedan,Bannerghatta Road,Marathahalli,294.0,125.0,Not Applicable,Not Applicable,No,Not Applicable,2364,Cash,36,4.7,4.9
2024-07-15 03:50:00,CNR7090511582,Canceled by Customer,CID629576,Auto,Malleshwaram,Richmond Town,,,Wrong Address,Not Applicable,Not Applicable,Not Applicable,510,Not Applicable,0,,
2024-07-27 05:52:00,CNR5668756778,Success,CID802926,Auto,Chickpet,Yeshwanthpur,140.0,130.0,Not Applicable,Not Applicable,No,Not Applicable,488,UPI,7,3.2,4.1
2024-07-27 04:08:00,CNR4164762467,Success,CID857023,Mini,Hennur,Tumkur Road,224.0,80.0,Not Applicable,Not Applicable,No,Not Applicable,351,Cash,23,4.0,3.7
2024-07-04 23:02:00,CNR3505845238,Success,CID709855,eBike,Yelahanka,Basavanagudi,231.0,145.0,Not Applicable,Not Applicable,No,Not Applicable,376,Cash,9,3.9,4.2
2024-07-03 02:21:00,CNR8386986130,Success,CID819966,eBike,Indiranagar,Kammanahalli,63.0,50.0,Not Applicable,Not Applicable,No,Not Applicable,708,Credit Card,43,4.8,4.8
2024-07-14 09:38:00,CNR7690675451,Success,CID136029,Bike,Electronic City,Shivajinagar,252.0,65.0,Not Applicable,Not Applicable,No,Not Applicable,454,Cash,16,4.6,3.3
2024-07-06 12:57:00,CNR2186510091,Canceled by Driver,CID860485,Prime Sedan,Kadugodi,Shantinagar,,,Not Applicable,Customer was coughing/sick,Not Applicable,Not Applicable,460,Not Applicable,0,,
2024-07-12 20:39:00,CNR2678268797,Canceled by Customer,CID688466,Prime Plus,Majestic,Kadugodi,,,Wrong Address,Not Applicable,Not Applicable,Not Applicable,437,Not Applicable,0,,
2024-07-11 11:32:00,CNR2120304174,Canceled by Driver,CID136442,Prime Plus,Shivajinagar,Kengeri,,,Not Applicable,Customer was coughing/sick,Not Applicable,Not Applicable,475,Not Applicable,0,,
2024-07-23 00:55:00,CNR7708974941,Success,CID574137,Prime SUV,Kammanahalli,Majestic,91.0,90.0,Not Applicable,Not Applicable,No,Not Applicable,253,UPI,16,4.1,3.8
2024-07-08 01:43:00,CNR5544179026,Driver Not Found,CID392669,Bike,Devanahalli,Langford Town,,,Not Applicable,Not Applicable,Not Applicable,Not Applicable,451,Not Applicable,0,,
2024-07-10 03:02:00,CNR3527755456,Success,CID440984,eBike,Sarjapur Road,Shivajinagar,161.0,35.0,Not Applicable,Not Applicable,No,Not Applicable,1994,Cash,5,3.6,4.1
2024-07-11 06:19:00,CNR5348659425,Success,CID890120,Bike,Peenya,Chamarajpet,154.0,145.0,Not Applicable,Not Applicable,No,Not Applicable,224,Cash,32,3.6,4.0
2024-07-09 17:22:00,CNR1513164933,Success,CID247199,Prime Sedan,Marathahalli,Ulsoor,231.0,30.0,Not Applicable,Not Applicable,No,Not Applicable,1153,UPI,17,4.6,4.2
2024-07-01 14:11:00,CNR5122984403,Success,CID745287,Mini,Frazer Town,Kadugodi,56.0,110.0,Not Applicable,Not Applicable,No,Not Applicable,340,UPI,1,4.2,4.0
2024-07-02 23:22:00,CNR9313853382,Success,CID692844,Prime Sedan,Rajarajeshwari Nagar,Mysore Road,35.0,125.0,Not Applicable,Not Applicable,No,Not Applicable,2911,Cash,8,5.0,3.1
2024-07-07 15:19:00,CNR4719720500,Success,CID903376,Mini,Frazer Town,Tumkur Road,231.0,70.0,Not Applicable,Not Applicable,No,Not Applicable,594,UPI,10,3.7,4.3
2024-07-24 13:33:00,CNR7296984124,Success,CID354951,eBike,Chamarajpet,Bellandur,245.0,145.0,Not Applicable,Not Applicable,No,Not Applicable,449,UPI,6,3.4,4.2
2024-07-23 18:25:00,CNR1669637045,Success,CID233707,Bike,Richmond Town,Bannerghatta Road,273.0,100.0,Not Applicable,Not Applicable,No,Not Applicable,234,Cash,49,3.6,4.7
2024-07-25 19:42:00,CNR3772949424,Success,CID901828,Prime Sedan,Kengeri,Ulsoor,56.0,55.0,Not Applicable,Not Applicable,No,Not Applicable,555,Cash,3,3.3,3.1
2024-07-10 11:38:00,CNR2445242704,Success,CID317424,Prime Plus,RT Nagar,Chamarajpet,77.0,50.0,Not Applicable,Not Applicable,No,Not Applicable,327,UPI,44,3.9,3.7
2024-07-26 17:13:00,CNR1952489297,Success,CID808898,Prime Plus,Marathahalli,Mysore Road,35.0,55.0,Not Applicable,Not Applicable,No,Not Applicable,139,Cash,35,4.1,4.9
2024-07-19 12:07:00,CNR6828053194,Success,CID442076,Prime Plus,Rajajinagar,Malleshwaram,294.0,120.0,Not Applicable,Not Applicable,No,Not Applicable,301,Cash,11,5.0,4.0
2024-07-05 14:08:00,CNR2970587898,Success,CID512786,Prime Sedan,Chamarajpet,HSR Layout,56.0,110.0,Not Applicable,Not Applicable,No,Not Applicable,246,Cash,11,4.4,3.8
2024-07-13 13:20:00,CNR4780191226,Canceled by Customer,CID126366,Prime Plus,Jayanagar,Shivajinagar,,,Wrong Address,Not Applicable,Not Applicable,Not Applicable,361,Not Applicable,0,,
2024-07-07 08:44:00,CNR5680729657,Canceled by Customer,CID122174,Auto,JP Nagar,Nagarbhavi,,,Change of plans,Not Applicable,Not Applicable,Not Applicable,273,Not Applicable,0,,
2024-07-19 02:25:00,CNR7091429101,Success,CID315454,Auto,HSR Layout,Peenya,119.0,40.0,Not Applicable,Not Applicable,Yes,Vehicle Breakdown,915,Cash,2,4.2,4.1
2024-07-21 16:53:00,CNR9768800378,Success,CID325979,Bike,Kadugodi,Richmond Town,56.0,55.0,Not Applicable,Not Applicable,Yes,Customer Demand,453,UPI,29,4.2,3.3
2024-07-26 23:27:00,CNR8521154943,Canceled by Driver,CID253488,Prime Plus,Nagarbhavi,Devanahalli,,,Not Applicable,Customer was coughing/sick,Not Applicable,Not Applicable,434,Not Applicable,0,,
2024-07-25 03:46:00,CNR7345554875,Canceled by Customer,CID425617,Prime Plus,Malleshwaram,Cox Town,,,Driver asked to cancel,Not Applicable,Not Applicable,Not Applicable,274,Not Applicable,0,,
2024-07-24 06:49:00,CNR2343901368,Success,CID612212,eBike,Shivajinagar,Yelahanka,35.0,60.0,Not Applicable,Not Applicable,No,Not Applicable,2705,UPI,18,3.6,4.0
2024-07-06 16:10:00,CNR9329913642,Success,CID146529,Auto,Vijayanagar,Yelahanka,217.0,110.0,Not Applicable,Not Applicable,No,Not Applicable,375,UPI,1,3.8,4.2
2024-07-16 11:59:00,CNR4563380020,Canceled by Driver,CID191845,Prime Sedan,Magadi Road,Basavanagudi,,,Not Applicable,Customer related issue,Not Applicable,Not Applicable,864,Not Applicable,0,,
2024-07-20 14:35:00,CNR9573901035,Driver Not Found,CID329355,Prime Plus,Indiranagar,Chamarajpet,,,Not Applicable,Not Applicable,Not Applicable,Not Applicable,439,Not Applicable,0,,
2024-07-18 10:35:00,CNR4176594610,Success,CID905399,Prime Plus,Majestic,Magadi Road,231.0,95.0,Not Applicable,Not Applicable,No,Not Applicable,161,Cash,42,3.9,4.3
2024-07-28 10:17:00,CNR7118853618,Canceled by Customer,CID419128,Prime SUV,Hennur,HSR Layout,,,AC is Not working,Not Applicable,Not Applicable,Not Applicable,258,Not Applicable,0,,
2024-07-07 13:42:00,CNR9534705036,Success,CID914904,Prime Plus,Ramamurthy Nagar,Tumkur Road,161.0,105.0,Not Applicable,Not Applicable,No,Not Applicable,237,Credit Card,35,3.5,4.9
2024-07-13 14:44:00,CNR2975096700,Canceled by Driver,CID888650,Prime Sedan,Varthur,HSR Layout,,,Not Applicable,Customer related issue,Not Applicable,Not Applicable,117,Not Applicable,0,,
2024-07-05 17:38:00,CNR7477320907,Canceled by Driver,CID906164,Prime Plus,Yeshwanthpur,JP Nagar,,,Not Applicable,Customer related issue,Not Applicable,Not Applicable,222,Not Applicable,0,,
2024-07-25 06:42:00,CNR6785108549,Success,CID801482,Prime Sedan,Chamarajpet,RT Nagar,77.0,70.0,Not Applicable,Not Applicable,No,Not Applicable,248,Cash,40,3.9,3.1
2024-07-10 09:02:00,CNR5416259006,Canceled by Driver,CID585698,Prime Sedan,Whitefield,Hulimavu,,,Not Applicable,Customer related issue,Not Applicable,Not Applicable,394,Not Applicable,0,,
2024-07-27 22:09:00,CNR5508095310,Success,CID175706,Bike,Hulimavu,Hennur,112.0,90.0,Not Applicable,Not Applicable,No,Not Applicable,503,UPI,7,3.6,3.1
2024-07-17 18:44:00,CNR7320793163,Success,CID950048,Bike,Hebbal,Bellandur,77.0,35.0,Not Applicable,Not Applicable,No,Not Applicable,924,UPI,35,3.1,3.0
2024-07-08 23:25:00,CNR9715120135,Success,CID763241,Mini,Majestic,BTM Layout,182.0,115.0,Not Applicable,Not Applicable,No,Not Applicable,330,Cash,37,4.3,3.1
2024-07-07 06:48:00,CNR6947873674,Canceled by Driver,CID744615,Prime SUV,Malleshwaram,Langford Town,,,Not Applicable,Customer related issue,Not Applicable,Not Applicable,2261,Not Applicable,0,,
2024-07-28 07:04:00,CNR7425218697,Driver Not Found,CID243729,Auto,Peenya,Vijayanagar,,,Not Applicable,Not Applicable,Not Applicable,Not Applicable,140,Not Applicable,0,,
2024-07-13 16:05:00,CNR1784433214,Success,CID450401,Prime Sedan,Jayanagar,Yelahanka,224.0,135.0,Not Applicable,Not Applicable,No,Not Applicable,422,Cash,46,3.6,4.5
2024-07-27 01:15:00,CNR2974380367,Success,CID362254,eBike,Malleshwaram,Jayanagar,105.0,135.0,Not Applicable,Not Applicable,No,Not Applicable,423,Cash,14,4.1,4.0
2024-07-07 22:21:00,CNR3608634186,Driver Not Found,CID542055,Mini,Nagarbhavi,Chamarajpet,,,Not Applicable,Not Applicable,Not Applicable,Not Applicable,636,Not Applicable,0,,
2024-07-13 21:44:00,CNR8821846922,Success,CID394718,Prime Plus,Nagarbhavi,Magadi Road,301.0,100.0,Not Applicable,Not Applicable,Yes,Vehicle Breakdown,219,Cash,34,3.8,3.8
2024-07-23 11:55:00,CNR7413959352,Canceled by Driver,CID258717,eBike,MG Road,Hennur,,,Not Applicable,More than permitted people in there,Not Applicable,Not Applicable,470,Not Applicable,0,,
2024-07-22 11:58:00,CNR3390613341,Canceled by Driver,CID304717,Mini,Majestic,KR Puram,,,Not Applicable,More than permitted people in there,Not Applicable,Not Applicable,320,Not Applicable,0,,
2024-07-27 22:10:00,CNR5244939159,Success,CID630019,Prime Plus,JP Nagar,Shantinagar,266.0,30.0,Not Applicable,Not Applicable,No,Not Applicable,528,Cash,17,4.4,3.2
2024-07-04 12:57:00,CNR2789526971,Success,CID640426,Prime Sedan,Tumkur Road,Frazer Town,119.0,70.0,Not Applicable,Not Applicable,No,Not Applicable,2976,UPI,30,4.5,4.3
2024-07-06 20:29:00,CNR6280262336,Canceled by Driver,CID529195,Prime Sedan,Bannerghatta Road,Shivajinagar,,,Not Applicable,Personal & Car related issue,Not Applicable,Not Applicable,227,Not Applicable,0,,
2024-07-15 20:47:00,CNR6559448741,Canceled by Driver,CID712987,Auto,Nagarbhavi,Shivajinagar,,,Not Applicable,Customer was coughing/sick,Not Applicable,Not Applicable,543,Not Applicable,0,,
2024-07-07 10:32:00,CNR5412850209,Canceled by Customer,CID905448,Prime SUV,Peenya,Magadi Road,,,Change of plans,Not Applicable,Not Applicable,Not Applicable,368,Not Applicable,0,,
2024-07-06 13:24:00,CNR8602350292,Success,CID671961,Prime Plus,JP Nagar,Nagarbhavi,189.0,120.0,Not Applicable,Not Applicable,No,Not Applicable,1891,Cash,31,4.0,4.8
2024-07-21 02:21:00,CNR4361501904,Canceled by Driver,CID357508,Prime Plus,Hebbal,Yeshwanthpur,,,Not Applicable,Personal & Car related issue,Not Applicable,Not Applicable,363,Not Applicable,0,,
2024-07-16 04:05:00,CNR8728824599,Canceled by Driver,CID200629,Auto,Varthur,Vijayanagar,,,Not Applicable,Customer was coughing/sick,Not Applicable,Not Applicable,273,Not Applicable,0,,
2024-07-15 09:04:00,CNR7256890794,Driver Not Found,CID155415,Prime Plus,Bannerghatta Road,Malleshwaram,,,Not Applicable,Not Applicable,Not Applicable,Not Applicable,165,Not Applicable,0,,
2024-07-25 08:30:00,CNR5216608731,Success,CID429494,eBike,Varthur,Indiranagar,294.0,130.0,Not Applicable,Not Applicable,No,Not Applicable,343,Cash,13,3.4,4.3
2024-07-10 14:47:00,CNR3359247119,Success,CID813922,eBike,Hulimavu,Kammanahalli,63.0,25.0,Not Applicable,Not Applicable,No,Not Applicable,752,Cash,23,4.4,3.3
2024-07-14 17:59:00,CNR7587867917,Canceled by Driver,CID102840,eBike,Magadi Road,HSR Layout,,,Not Applicable,Personal & Car related issue,Not Applicable,Not Applicable,223,Not Applicable,0,,
2024-07-21 23:56:00,CNR4837007478,Canceled by Customer,CID945555,Prime Plus,JP Nagar,BTM Layout,,,Driver is not moving towards pickup location,Not Applicable,Not Applicable,Not Applicable,380,Not Applicable,0,,
2024-07-05 03:04:00,CNR2131085923,Success,CID216993,Auto,Varthur,Ramamurthy Nagar,175.0,140.0,Not Applicable,Not Applicable,No,Not Applicable,402,UPI,6,4.7,4.3
2024-07-25 08:46:00,CNR2290454941,Success,CID654076,eBike,Ramamurthy Nagar,Kadugodi,224.0,35.0,Not Applicable,Not Applicable,No,Not Applicable,828,Cash,4,4.8,4.1
2024-07-02 22:53:00,CNR4852711641,Canceled by Driver,CID199126,Bike,Sahakar Nagar,Shivajinagar,,,Not Applicable,More than permitted people in there,Not Applicable,Not Applicable,359,Not Applicable,0,,
2024-07-13 16:08:00,CNR2707441958,Success,CID298143,Bike,Banashankari,Kammanahalli,98.0,40.0,Not Applicable,Not Applicable,No,Not Applicable,291,Cash,24,4.7,4.4
2024-07-09 13:34:00,CNR9955141895,Canceled by Driver,CID651135,Prime SUV,Bellandur,Malleshwaram,,,Not Applicable,Personal & Car related issue,Not Applicable,Not Applicable,889,Not Applicable,0,,
2024-07-06 00:46:00,CNR1037057646,Success,CID579741,Mini,Rajarajeshwari Nagar,Richmond Town,140.0,105.0,Not Applicable,Not Applicable,No,Not Applicable,130,Cash,37,3.9,4.4
2024-07-20 14:41:00,CNR4558673090,Success,CID246111,Bike,Shantinagar,Vijayanagar,182.0,90.0,Not Applicable,Not Applicable,No,Not Applicable,306,UPI,41,4.6,3.9
2024-07-18 19:28:00,CNR2891306262,Canceled by Driver,CID841682,Mini,Padmanabhanagar,Sahakar Nagar,,,Not Applicable,Personal & Car related issue,Not Applicable,Not Applicable,165,Not Applicable,0,,
2024-07-19 08:26:00,CNR7601809336,Success,CID439295,Prime Plus,Varthur,JP Nagar,273.0,100.0,Not Applicable,Not Applicable,No,Not Applicable,1099,UPI,25,3.6,4.6
2024-07-14 22:35:00,CNR2144229251,Success,CID464745,Auto,Indiranagar,Mysore Road,182.0,70.0,Not Applicable,Not Applicable,No,Not Applicable,271,UPI,17,3.3,3.2
2024-07-29 06:39:00,CNR1271085936,Success,CID317097,Prime Sedan,Hebbal,Sarjapur Road,35.0,130.0,Not Applicable,Not Applicable,No,Not Applicable,2795,Cash,27,4.2,3.0
2024-07-29 13:45:00,CNR6890081460,Success,CID779608,Auto,Basavanagudi,Electronic City,91.0,75.0,Not Applicable,Not Applicable,No,Not Applicable,296,Cash,4,3.8,3.7
2024-07-08 04:26:00,CNR9501172656,Canceled by Customer,CID802671,Prime Sedan,Shivajinagar,Hulimavu,,,Driver asked to cancel,Not Applicable,Not Applicable,Not Applicable,316,Not Applicable,0,,
2024-07-03 15:39:00,CNR3363718508,Canceled by Driver,CID170501,eBike,Rajarajeshwari Nagar,RT Nagar,,,Not Applicable,Personal & Car related issue,Not Applicable,Not Applicable,792,Not Applicable,0,,
2024-07-25 22:20:00,CNR2924260876,Success,CID363431,Prime Plus,Rajajinagar,Whitefield,196.0,45.0,Not Applicable,Not Applicable,No,Not Applicable,828,UPI,20,3.4,4.9
2024-07-02 02:11:00,CNR7804124222,Success,CID627693,eBike,Cox Town,Langford Town,77.0,80.0,Not Applicable,Not Applicable,No,Not Applicable,134,Cash,27,3.2,3.5
2024-07-26 09:51:00,CNR7232701785,Success,CID795864,Bike,Chamarajpet,Hennur,287.0,120.0,Not Applicable,Not Applicable,No,Not Applicable,221,UPI,9,4.3,4.7
2024-07-23 17:09:00,CNR6026280985,Success,CID719854,Bike,Magadi Road,Mysore Road,154.0,25.0,Not Applicable,Not Applicable,No,Not Applicable,268,UPI,27,4.6,3.7
2024-07-16 16:16:00,CNR2034727040,Success,CID621357,Prime SUV,Marathahalli,Varthur,189.0,65.0,Not Applicable,Not Applicable,No,Not Applicable,378,UPI,33,4.8,3.5
2024-07-13 12:53:00,CNR6408751228,Success,CID433801,Prime Sedan,Kadugodi,Hulimavu,203.0,95.0,Not Applicable,Not Applicable,No,Not Applicable,238,UPI,1,3.9,4.1
2024-07-27 04:58:00,CNR4443897014,Success,CID679837,Prime SUV,Ulsoor,Bellandur,63.0,80.0,Not Applicable,Not Applicable,No,Not Applicable,414,UPI,6,4.8,3.2
2024-07-24 01:37:00,CNR2302882284,Success,CID180751,eBike,Peenya,Magadi Road,301.0,35.0,Not Applicable,Not Applicable,No,Not Applicable,503,Cash,10,3.8,4.8
2024-07-04 15:30:00,CNR9991938828,Canceled by Driver,CID508280,Auto,Marathahalli,Chickpet,,,Not Applicable,Customer was coughing/sick,Not Applicable,Not Applicable,447,Not Applicable,0,,
2024-07-02 07:37:00,CNR4007314109,Success,CID387132,Prime Plus,Richmond Town,Magadi Road,133.0,65.0,Not Applicable,Not Applicable,No,Not Applicable,365,UPI,28,3.8,4.5
2024-07-10 18:16:00,CNR8592951473,Success,CID801973,Prime Plus,Ulsoor,Kengeri,217.0,30.0,Not Applicable,Not Applicable,No,Not Applicable,806,Cash,18,4.5,4.5
2024-07-18 06:34:00,CNR5346846073,Success,CID968153,Auto,Shivajinagar,Peenya,210.0,120.0,Not Applicable,Not Applicable,No,Not Applicable,497,Cash,15,3.1,4.3
2024-07-16 21:20:00,CNR5350288500,Success,CID591788,Bike,Mysore Road,Koramangala,161.0,90.0,Not Applicable,Not Applicable,No,Not Applicable,107,Cash,47,3.4,5.0
2024-07-23 12:21:00,CNR8029316442,Success,CID214154,Mini,Hosur Road,Hosur Road,105.0,110.0,Not Applicable,Not Applicable,No,Not Applicable,319,Cash,30,4.7,3.9
2024-07-29 04:11:00,CNR3711883688,Success,CID226483,Prime SUV,Langford Town,Basavanagudi,245.0,135.0,Not Applicable,Not Applicable,No,Not Applicable,430,UPI,5,3.8,4.1
2024-07-16 03:41:00,CNR1253683455,Driver Not Found,CID352611,Mini,Yeshwanthpur,Varthur,,,Not Applicable,Not Applicable,Not Applicable,Not Applicable,493,Not Applicable,0,,
2024-07-26 11:47:00,CNR5135461623,Success,CID721156,Prime SUV,Kengeri,Bellandur,70.0,35.0,Not Applicable,Not Applicable,No,Not Applicable,109,UPI,31,4.5,4.0
2024-07-03 02:37:00,CNR9169007636,Success,CID895267,Mini,Majestic,KR Puram,133.0,135.0,Not Applicable,Not Applicable,No,Not Applicable,1705,UPI,2,3.4,4.9
2024-07-29 16:23:00,CNR2019667658,Canceled by Customer,CID430386,Bike,Bellandur,Nagarbhavi,,,AC is Not working,Not Applicable,Not Applicable,Not Applicable,279,Not Applicable,0,,
2024-07-20 07:18:00,CNR1921035614,Success,CID519039,Bike,Hosur Road,HSR Layout,217.0,95.0,Not Applicable,Not Applicable,No,Not Applicable,1910,UPI,15,3.9,3.1
2024-07-19 04:58:00,CNR6228382268,Driver Not Found,CID634382,eBike,Hennur,Magadi Road,,,Not Applicable,Not Applicable,Not Applicable,Not Applicable,231,Not Applicable,0,,
2024-07-29 12:31:00,CNR2869643597,Canceled by Driver,CID988739,Prime SUV,Sarjapur Road,Peenya,,,Not Applicable,Personal & Car related issue,Not Applicable,Not Applicable,185,Not Applicable,0,,
2024-07-08 10:02:00,CNR3143995486,Driver Not Found,CID712898,Prime Plus,Cox Town,JP Nagar,,,Not Applicable,Not Applicable,Not Applicable,Not Applicable,480,Not Applicable,0,,
2024-07-10 18:41:00,CNR1903767264,Canceled by Driver,CID755323,Prime SUV,Hosur Road,Hulimavu,,,Not Applicable,More than permitted people in there,Not Applicable,Not Applicable,250,Not Applicable,0,,
2024-07-10 19:02:00,CNR8937337439,Success,CID360130,Auto,Majestic,Electronic City,175.0,120.0,Not Applicable,Not Applicable,No,Not Applicable,524,Cash,3,4.8,3.5
2024-07-26 05:38:00,CNR3257504543,Success,CID854276,Bike,Sahakar Nagar,HSR Layout,266.0,25.0,Not Applicable,Not Applicable,No,Not Applicable,315,UPI,11,3.1,4.6
2024-07-29 17:11:00,CNR9414255339,Success,CID720887,Bike,Mysore Road,Kadugodi,133.0,120.0,Not Applicable,Not Applicable,No,Not Applicable,208,Cash,1,3.5,3.4
2024-07-28 18:08:00,CNR8892895011,Success,CID587923,Mini,Padmanabhanagar,Jayanagar,168.0,115.0,Not Applicable,Not Applicable,No,Not Applicable,101,Cash,40,4.5,4.2
2024-07-25 06:54:00,CNR3998711568,Canceled by Customer,CID530210,Prime SUV,Hulimavu,Rajajinagar,,,AC is Not working,Not Applicable,Not Applicable,Not Applicable,889,Not Applicable,0,,
2024-07-02 00:15:00,CNR2823113737,Success,CID491434,Mini,Tumkur Road,Basavanagudi,112.0,90.0,Not Applicable,Not Applicable,No,Not Applicable,454,Cash,46,3.0,4.3
2024-07-18 08:41:00,CNR4471997772,Canceled by Driver,CID415688,Bike,Yeshwanthpur,Ramamurthy Nagar,,,Not Applicable,Customer related issue,Not Applicable,Not Applicable,741,Not Applicable,0,,
2024-07-21 20:33:00,CNR4718792766,Success,CID584398,Prime Plus,Magadi Road,Basavanagudi,266.0,35.0,Not Applicable,Not Applicable,No,Not Applicable,407,UPI,6,4.3,4.8
2024-07-11 17:21:00,CNR3463317495,Success,CID558473,Bike,Magadi Road,Hosur Road,301.0,75.0,Not Applicable,Not Applicable,No,Not Applicable,764,Cash,21,4.6,4.9
2024-07-11 21:40:00,CNR2284620177,Canceled by Customer,CID961566,Bike,Yelahanka,RT Nagar,,,Driver is not moving towards pickup location,Not Applicable,Not Applicable,Not Applicable,794,Not Applicable,0,,
2024-07-29 17:16:00,CNR1750231027,Canceled by Driver,CID723792,Mini,Shivajinagar,JP Nagar,,,Not Applicable,Personal & Car related issue,Not Applicable,Not Applicable,326,Not Applicable,0,,
2024-07-07 23:21:00,CNR4291093147,Success,CID739275,Prime Plus,MG Road,Koramangala,154.0,70.0,Not Applicable,Not Applicable,No,Not Applicable,605,Cash,32,4.6,4.6
2024-07-10 04:00:00,CNR7596393786,Driver Not Found,CID569130,Prime SUV,Varthur,Yeshwanthpur,,,Not Applicable,Not Applicable,Not Applicable,Not Applicable,205,Not Applicable,0,,
2024-07-05 06:32:00,CNR9575719461,Success,CID978130,Bike,HSR Layout,Varthur,42.0,30.0,Not Applicable,Not Applicable,No,Not Applicable,491,Cash,41,3.6,3.3
2024-07-23 22:07:00,CNR8875578878,Success,CID892836,Prime Sedan,JP Nagar,RT Nagar,196.0,25.0,Not Applicable,Not Applicable,No,Not Applicable,973,Cash,42,3.0,3.3
2024-07-02 11:06:00,CNR5133163743,Success,CID102239,eBike,BTM Layout,Cox Town,161.0,125.0,Not Applicable,Not Applicable,No,Not Applicable,682,UPI,11,4.3,3.8
2024-07-15 15:09:00,CNR1570474024,Canceled by Driver,CID432047,Prime Plus,Mysore Road,Vijayanagar,,,Not Applicable,Customer related issue,Not Applicable,Not Applicable,189,Not Applicable,0,,
2024-07-17 10:32:00,CNR5213915046,Success,CID685178,Prime SUV,Vijayanagar,Ramamurthy Nagar,224.0,60.0,Not Applicable,Not Applicable,No,Not Applicable,887,Cash,22,3.5,3.8
2024-07-24 07:04:00,CNR6934943318,Success,CID290464,eBike,Indiranagar,Vijayanagar,112.0,105.0,Not Applicable,Not Applicable,Yes,Vehicle Breakdown,929,Cash,8,3.1,4.0
2024-07-23 12:04:00,CNR4837305611,Success,CID983033,Prime Plus,Varthur,Ramamurthy Nagar,203.0,110.0,Not Applicable,Not Applicable,No,Not Applicable,1596,UPI,39,4.3,3.3
2024-07-26 08:53:00,CNR8408173413,Success,CID360468,Mini,Magadi Road,Vijayanagar,231.0,105.0,Not Applicable,Not Applicable,No,Not Applicable,240,UPI,45,4.6,3.6
2024-07-21 22:47:00,CNR4780584569,Success,CID819914,Bike,Indiranagar,Yelahanka,287.0,110.0,Not Applicable,Not Applicable,No,Not Applicable,242,UPI,6,3.4,3.7
2024-07-16 10:16:00,CNR1021484889,Success,CID727196,Mini,MG Road,Jayanagar,308.0,105.0,Not Applicable,Not Applicable,Yes,Customer Demand,714,Cash,39,4.8,4.3
2024-07-02 18:30:00,CNR4889441456,Success,CID198115,Prime SUV,Magadi Road,Indiranagar,42.0,110.0,Not Applicable,Not Applicable,No,Not Applicable,213,UPI,44,3.0,5.0
2024-07-27 22:12:00,CNR7108008938,Success,CID813149,Auto,Richmond Town,Frazer Town,126.0,135.0,Not Applicable,Not Applicable,No,Not Applicable,113,UPI,8,4.6,3.8
2024-07-29 20:26:00,CNR3514469852,Success,CID301181,eBike,Kadugodi,Varthur,42.0,120.0,Not Applicable,Not Applicable,No,Not Applicable,264,Cash,8,3.2,4.7
2024-07-18 02:21:00,CNR6528855162,Success,CID300191,Auto,Kengeri,Marathahalli,63.0,30.0,Not Applicable,Not Applicable,No,Not Applicable,521,UPI,12,4.9,3.1
2024-07-17 12:04:00,CNR7744339192,Driver Not Found,CID927765,Prime Sedan,Hulimavu,Varthur,,,Not Applicable,Not Applicable,Not Applicable,Not Applicable,360,Not Applicable,0,,
2024-07-10 18:10:00,CNR6492104861,Canceled by Customer,CID713438,eBike,Kadugodi,Kammanahalli,,,Driver is not moving towards pickup location,Not Applicable,Not Applicable,Not Applicable,411,Not Applicable,0,,
2024-07-26 22:19:00,CNR8293317788,Driver Not Found,CID788434,Prime Plus,Ramamurthy Nagar,Bannerghatta Road,,,Not Applicable,Not Applicable,Not Applicable,Not Applicable,232,Not Applicable,0,,
2024-07-17 22:01:00,CNR9436997964,Success,CID114719,Auto,Ulsoor,Majestic,252.0,50.0,Not Applicable,Not Applicable,No,Not Applicable,428,Cash,7,5.0,3.8
2024-07-29 13:42:00,CNR9664657048,Canceled by Driver,CID814533,eBike,Kengeri,Shantinagar,,,Not Applicable,More than permitted people in there,Not Applicable,Not Applicable,958,Not Applicable,0,,
2024-07-08 13:46:00,CNR7771294730,Driver Not Found,CID944071,Mini,Sarjapur Road,Mysore Road,,,Not Applicable,Not Applicable,Not Applicable,Not Applicable,140,Not Applicable,0,,
2024-07-30 11:20:00,CNR8601765607,Success,CID377528,Bike,Varthur,Tumkur Road,42.0,55.0,Not Applicable,Not Applicable,No,Not Applicable,207,UPI,15,3.1,4.6
2024-07-29 12:45:00,CNR4306298142,Success,CID903932,Auto,Kengeri,Padmanabhanagar,294.0,50.0,Not Applicable,Not Applicable,No,Not Applicable,320,Cash,7,3.3,3.9
2024-07-02 07:55:00,CNR5589582648,Canceled by Driver,CID912779,Prime Sedan,Marathahalli,Cox Town,,,Not Applicable,More than permitted people in there,Not Applicable,Not Applicable,532,Not Applicable,0,,
2024-07-16 05:35:00,CNR5783976024,Canceled by Driver,CID850456,Auto,Rajarajeshwari Nagar,Chamarajpet,,,Not Applicable,More than permitted people in there,Not Applicable,Not Applicable,168,Not Applicable,0,,
2024-07-14 05:36:00,CNR2171949210,Canceled by Driver,CID690343,eBike,Ramamurthy Nagar,Shivajinagar,,,Not Applicable,Personal & Car related issue,Not Applicable,Not Applicable,393,Not Applicable,0,,
2024-07-17 05:42:00,CNR4873899082,Success,CID477936,Auto,Whitefield,Banashankari,63.0,25.0,Not Applicable,Not Applicable,No,Not Applicable,455,UPI,19,3.2,3.2
2024-07-02 19:50:00,CNR2718806767,Success,CID349636,eBike,Chickpet,Hebbal,224.0,115.0,Not Applicable,Not Applicable,No,Not Applicable,429,UPI,24,4.0,4.8
2024-07-20 11:17:00,CNR7824326697,Success,CID220165,Auto,Yelahanka,Bannerghatta Road,175.0,40.0,Not Applicable,Not Applicable,No,Not Applicable,1392,Cash,1,5.0,4.2
2024-07-10 19:34:00,CNR6138074834,Success,CID509601,Prime Sedan,Varthur,Marathahalli,245.0,130.0,Not Applicable,Not Applicable,No,Not Applicable,374,Cash,30,3.9,3.1
2024-07-29 13:30:00,CNR5214752660,Success,CID197002,Prime SUV,Magadi Road,Padmanabhanagar,280.0,30.0,Not Applicable,Not Applicable,No,Not Applicable,230,UPI,34,3.1,4.4
2024-07-10 07:03:00,CNR7971342593,Success,CID655924,Bike,Magadi Road,Devanahalli,182.0,45.0,Not Applicable,Not Applicable,No,Not Applicable,147,UPI,26,3.4,3.1
2024-07-04 08:42:00,CNR5159114102,Driver Not Found,CID246481,Auto,Chamarajpet,Yeshwanthpur,,,Not Applicable,Not Applicable,Not Applicable,Not Applicable,588,Not Applicable,0,,
2024-07-02 04:56:00,CNR5990987050,Success,CID683806,Prime Sedan,Peenya,Koramangala,105.0,75.0,Not Applicable,Not Applicable,Yes,Customer Demand,327,Cash,37,3.9,4.1
2024-07-14 14:15:00,CNR4506003897,Canceled by Driver,CID109585,Bike,RT Nagar,BTM Layout,,,Not Applicable,Customer related issue,Not Applicable,Not Applicable,595,Not Applicable,0,,
2024-07-06 14:58:00,CNR4407152756,Success,CID853077,eBike,Peenya,Richmond Town,70.0,90.0,Not Applicable,Not Applicable,No,Not Applicable,1199,Cash,24,3.7,3.7
2024-07-07 15:00:00,CNR6110632372,Canceled by Customer,CID970544,Bike,MG Road,Ulsoor,,,Wrong Address,Not Applicable,Not Applicable,Not Applicable,443,Not Applicable,0,,
2024-07-18 22:32:00,CNR1026083745,Canceled by Driver,CID327276,Bike,Jayanagar,Cox Town,,,Not Applicable,Personal & Car related issue,Not Applicable,Not Applicable,298,Not Applicable,0,,
2024-07-07 08:10:00,CNR3131499673,Canceled by Customer,CID258324,Auto,Varthur,Basavanagudi,,,Wrong Address,Not Applicable,Not Applicable,Not Applicable,716,Not Applicable,0,,
2024-07-05 04:46:00,CNR7172891304,Canceled by Customer,CID826353,Prime Plus,Sahakar Nagar,Yeshwanthpur,,,AC is Not working,Not Applicable,Not Applicable,Not Applicable,110,Not Applicable,0,,
2024-07-05 06:43:00,CNR4740895908,Success,CID906066,Auto,Kengeri,Hebbal,154.0,110.0,Not Applicable,Not Applicable,No,Not Applicable,417,Cash,12,4.1,4.1
2024-07-24 16:10:00,CNR9481175233,Canceled by Driver,CID543859,Prime Sedan,Tumkur Road,Richmond Town,,,Not Applicable,Customer related issue,Not Applicable,Not Applicable,680,Not Applicable,0,,
2024-07-30 18:39:00,CNR5884956021,Success,CID965041,Auto,Mysore Road,Majestic,245.0,125.0,Not Applicable,Not Applicable,No,Not Applicable,425,Cash,17,4.0,3.9
2024-07-07 18:56:00,CNR9444965005,Canceled by Driver,CID588125,Prime Plus,Ulsoor,Koramangala,,,Not Applicable,Customer was coughing/sick,Not Applicable,Not Applicable,711,Not Applicable,0,,
2024-07-17 09:59:00,CNR9534535476,Canceled by Driver,CID875449,eBike,Marathahalli,Ulsoor,,,Not Applicable,Customer related issue,Not Applicable,Not Applicable,2007,Not Applicable,0,,
2024-07-05 16:04:00,CNR4082488669,Success,CID544647,Mini,Mysore Road,Mysore Road,203.0,80.0,Not Applicable,Not Applicable,No,Not Applicable,145,UPI,32,3.6,3.2
2024-07-02 08:17:00,CNR5629402669,Canceled by Customer,CID814687,eBike,Frazer Town,Yelahanka,,,AC is Not working,Not Applicable,Not Applicable,Not Applicable,249,Not Applicable,0,,
2024-07-03 03:38:00,CNR4480976756,Success,CID813815,Mini,Sahakar Nagar,Ulsoor,175.0,85.0,Not Applicable,Not Applicable,No,Not Applicable,118,UPI,23,3.6,4.9
2024-07-29 05:17:00,CNR4664747388,Canceled by Driver,CID647635,Auto,Majestic,Malleshwaram,,,Not Applicable,More than permitted people in there,Not Applicable,Not Applicable,981,Not Applicable,0,,
2024-07-15 06:35:00,CNR7136240543,Success,CID709415,Prime Sedan,MG Road,Yeshwanthpur,252.0,140.0,Not Applicable,Not Applicable,Yes,Customer Demand,135,Cash,4,3.2,4.0
2024-07-15 09:21:00,CNR7888730460,Canceled by Driver,CID194081,Prime Plus,Magadi Road,Hebbal,,,Not Applicable,Personal & Car related issue,Not Applicable,Not Applicable,329,Not Applicable,0,,
2024-07-30 23:25:00,CNR1144320087,Success,CID468678,Bike,Ramamurthy Nagar,Shantinagar,98.0,60.0,Not Applicable,Not Applicable,No,Not Applicable,808,UPI,23,5.0,4.8
2024-07-21 12:27:00,CNR2718273832,Success,CID821305,Mini,Whitefield,Shivajinagar,238.0,85.0,Not Applicable,Not Applicable,No,Not Applicable,915,UPI,38,3.1,3.9
2024-07-19 03:49:00,CNR6472455860,Success,CID619685,Mini,Shivajinagar,Cox Town,49.0,85.0,Not Applicable,Not Applicable,No,Not Applicable,2020,Cash,31,4.5,3.2
2024-07-20 08:30:00,CNR8934786198,Canceled by Customer,CID536685,eBike,Shivajinagar,Devanahalli,,,Driver asked to cancel,Not Applicable,Not Applicable,Not Applicable,575,Not Applicable,0,,
2024-07-30 04:07:00,CNR2057951827,Success,CID621247,Auto,KR Puram,Malleshwaram,49.0,125.0,Not Applicable,Not Applicable,No,Not Applicable,844,Cash,4,4.6,3.2
2024-07-03 23:46:00,CNR3807894260,Success,CID121354,Bike,Padmanabhanagar,Hebbal,105.0,100.0,Not Applicable,Not Applicable,No,Not Applicable,202,UPI,18,4.6,4.7
2024-07-11 16:42:00,CNR1938900457,Canceled by Driver,CID508744,Prime Plus,Malleshwaram,Hebbal,,,Not Applicable,Personal & Car related issue,Not Applicable,Not Applicable,589,Not Applicable,0,,
2024-07-29 10:26:00,CNR2266354073,Canceled by Customer,CID308139,Prime Sedan,Rajajinagar,Rajarajeshwari Nagar,,,AC is Not working,Not Applicable,Not Applicable,Not Applicable,641,Not Applicable,0,,
2024-07-20 19:44:00,CNR8556470580,Success,CID283538,Prime Sedan,Bellandur,Marathahalli,133.0,55.0,Not Applicable,Not Applicable,No,Not Applicable,799,UPI,5,3.2,3.1
2024-07-01 21:30:00,CNR4753070721,Driver Not Found,CID921269,Mini,Hosur Road,Indiranagar,,,Not Applicable,Not Applicable,Not Applicable,Not Applicable,1354,Not Applicable,0,,
2024-07-19 03:46:00,CNR1560894932,Success,CID685032,Bike,Varthur,Yelahanka,301.0,90.0,Not Applicable,Not Applicable,No,Not Applicable,430,Cash,11,3.4,3.5
2024-07-21 01:45:00,CNR2712094429,Canceled by Driver,CID302079,Auto,Shivajinagar,Indiranagar,,,Not Applicable,Customer was coughing/sick,Not Applicable,Not Applicable,752,Not Applicable,0,,
2024-07-23 17:08:00,CNR1729038131,Canceled by Driver,CID610154,Bike,Magadi Road,Cox Town,,,Not Applicable,Personal & Car related issue,Not Applicable,Not Applicable,113,Not Applicable,0,,
2024-07-27 06:14:00,CNR8983464327,Driver Not Found,CID604624,Prime SUV,Whitefield,Hosur Road,,,Not Applicable,Not Applicable,Not Applicable,Not Applicable,242,Not Applicable,0,,
2024-07-15 08:30:00,CNR9671157226,Success,CID214503,Auto,RT Nagar,JP Nagar,259.0,60.0,Not Applicable,Not Applicable,No,Not Applicable,2430,Cash,7,4.5,4.1
2024-07-02 17:08:00,CNR4815585461,Success,CID523262,Prime Sedan,MG Road,Peenya,189.0,70.0,Not Applicable,Not Applicable,No,Not Applicable,1813,UPI,43,4.4,4.3
2024-07-04 04:02:00,CNR2972990282,Success,CID512174,Auto,Kammanahalli,Kadugodi,49.0,125.0,Not Applicable,Not Applicable,No,Not Applicable,491,UPI,19,4.1,4.3
2024-07-22 22:31:00,CNR9498638395,Canceled by Customer,CID909302,Prime Plus,Shivajinagar,Bellandur,,,Change of plans,Not Applicable,Not Applicable,Not Applicable,110,Not Applicable,0,,
2024-07-03 16:43:00,CNR9642198350,Success,CID112999,eBike,JP Nagar,MG Road,154.0,25.0,Not Applicable,Not Applicable,Yes,Vehicle Breakdown,2794,Cash,7,3.3,4.0
2024-07-14 02:49:00,CNR8611141086,Success,CID868605,eBike,Ulsoor,Rajajinagar,98.0,130.0,Not Applicable,Not Applicable,No,Not Applicable,339,UPI,20,4.1,5.0
2024-07-28 07:29:00,CNR4473099253,Success,CID870143,eBike,Hebbal,Hebbal,35.0,90.0,Not Applicable,Not Applicable,No,Not Applicable,469,UPI,25,3.1,4.9
2024-07-23 18:18:00,CNR5390139846,Driver Not Found,CID513024,Mini,Bannerghatta Road,Frazer Town,,,Not Applicable,Not Applicable,Not Applicable,Not Applicable,190,Not Applicable,0,,
2024-07-08 10:00:00,CNR7525122457,Success,CID547876,Prime SUV,Jayanagar,Tumkur Road,112.0,140.0,Not Applicable,Not Applicable,No,Not Applicable,320,UPI,11,4.0,4.2
2024-07-22 10:01:00,CNR5251369743,Canceled by Driver,CID683684,Prime Plus,BTM Layout,Hebbal,,,Not Applicable,Customer was coughing/sick,Not Applicable,Not Applicable,372,Not Applicable,0,,
2024-07-17 02:13:00,CNR2171688022,Driver Not Found,CID423341,Mini,Kadugodi,Varthur,,,Not Applicable,Not Applicable,Not Applicable,Not Applicable,293,Not Applicable,0,,
2024-07-09 16:13:00,CNR5119818514,Canceled by Customer,CID890658,Mini,RT Nagar,RT Nagar,,,Driver is not moving towards pickup location,Not Applicable,Not Applicable,Not Applicable,779,Not Applicable,0,,
2024-07-10 17:45:00,CNR9076829060,Canceled by Driver,CID155603,Prime SUV,Langford Town,Tumkur Road,,,Not Applicable,More than permitted people in there,Not Applicable,Not Applicable,258,Not Applicable,0,,
2024-07-19 03:07:00,CNR7562426003,Driver Not Found,CID867198,Prime SUV,Magadi Road,Yeshwanthpur,,,Not Applicable,Not Applicable,Not Applicable,Not Applicable,798,Not Applicable,0,,
2024-07-26 01:11:00,CNR6322746835,Success,CID662704,Prime Plus,Rajarajeshwari Nagar,Whitefield,140.0,90.0,Not Applicable,Not Applicable,No,Not Applicable,364,Cash,31,4.2,4.8
2024-07-13 07:07:00,CNR5351193899,Success,CID243359,Auto,Devanahalli,Basavanagudi,182.0,145.0,Not Applicable,Not Applicable,No,Not Applicable,253,Cash,10,3.6,4.4
2024-07-25 08:47:00,CNR5828878995,Canceled by Driver,CID384117,Mini,Bellandur,Tumkur Road,,,Not Applicable,Customer related issue,Not Applicable,Not Applicable,1675,Not Applicable,0,,
2024-07-14 14:42:00,CNR1304599948,Driver Not Found,CID530760,Auto,Kadugodi,Jayanagar,,,Not Applicable,Not Applicable,Not Applicable,Not Applicable,137,Not Applicable,0,,
2024-07-14 11:25:00,CNR3238187770,Success,CID612594,Prime Sedan,Whitefield,RT Nagar,182.0,50.0,Not Applicable,Not Applicable,Yes,Vehicle Breakdown,208,Credit Card,29,3.3,4.8
2024-07-27 22:44:00,CNR2939137542,Success,CID686191,eBike,Varthur,Bannerghatta Road,189.0,75.0,Not Applicable,Not Applicable,No,Not Applicable,163,Cash,10,4.2,3.0
2024-07-21 17:07:00,CNR1985744733,Canceled by Driver,CID235385,Prime SUV,Rajarajeshwari Nagar,Electronic City,,,Not Applicable,Customer related issue,Not Applicable,Not Applicable,448,Not Applicable,0,,
2024-07-24 17:37:00,CNR6218616106,Success,CID174392,Prime Plus,Hulimavu,Hennur,98.0,65.0,Not Applicable,Not Applicable,No,Not Applicable,126,Cash,10,4.4,4.4
2024-07-01 08:41:00,CNR4193921515,Success,CID448740,Mini,Hosur Road,Hosur Road,259.0,95.0,Not Applicable,Not Applicable,Yes,Vehicle Breakdown,624,UPI,23,3.6,4.3
2024-07-18 03:53:00,CNR1161058050,Success,CID722311,Mini,Shantinagar,Peenya,84.0,30.0,Not Applicable,Not Applicable,No,Not Applicable,715,Cash,45,4.7,4.6
2024-07-17 23:40:00,CNR3913038307,Success,CID866577,Bike,RT Nagar,Richmond Town,189.0,110.0,Not Applicable,Not Applicable,No,Not Applicable,685,Cash,1,3.9,3.9
2024-07-29 11:53:00,CNR4761019345,Canceled by Customer,CID802549,Prime SUV,Ramamurthy Nagar,Tumkur Road,,,Driver is not moving towards pickup location,Not Applicable,Not Applicable,Not Applicable,613,Not Applicable,0,,
2024-07-10 17:04:00,CNR5891244081,Canceled by Customer,CID729476,Auto,Devanahalli,KR Puram,,,Change of plans,Not Applicable,Not Applicable,Not Applicable,305,Not Applicable,0,,
2024-07-13 23:34:00,CNR5869559860,Success,CID486213,Bike,KR Puram,Magadi Road,168.0,110.0,Not Applicable,Not Applicable,No,Not Applicable,295,UPI,42,3.6,3.8
2024-07-07 20:56:00,CNR4259424368,Success,CID509427,Prime SUV,Indiranagar,Shivajinagar,42.0,100.0,Not Applicable,Not Applicable,No,Not Applicable,138,Cash,37,3.9,3.6
2024-07-03 17:26:00,CNR9616500728,Success,CID871560,Bike,Devanahalli,Hebbal,259.0,30.0,Not Applicable,Not Applicable,No,Not Applicable,217,Cash,10,3.1,4.1
2024-07-18 13:09:00,CNR9987895317,Canceled by Customer,CID705577,Prime SUV,Chamarajpet,Indiranagar,,,Change of plans,Not Applicable,Not Applicable,Not Applicable,736,Not Applicable,0,,
2024-07-15 12:26:00,CNR8475578441,Canceled by Customer,CID774080,Prime SUV,Tumkur Road,Yeshwanthpur,,,Driver asked to cancel,Not Applicable,Not Applicable,Not Applicable,559,Not Applicable,0,,
2024-07-14 12:50:00,CNR6716450574,Canceled by Driver,CID274201,Auto,Hennur,Nagarbhavi,,,Not Applicable,Customer was coughing/sick,Not Applicable,Not Applicable,305,Not Applicable,0,,
2024-07-25 00:26:00,CNR2693285889,Success,CID216163,Prime Sedan,Rajarajeshwari Nagar,Malleshwaram,217.0,140.0,Not Applicable,Not Applicable,No,Not Applicable,1418,Cash,46,4.0,3.5
2024-07-11 16:20:00,CNR6240694618,Success,CID914584,eBike,Electronic City,Jayanagar,245.0,145.0,Not Applicable,Not Applicable,No,Not Applicable,412,Cash,18,3.4,3.2
2024-07-29 00:41:00,CNR9184773083,Canceled by Driver,CID397483,Prime SUV,JP Nagar,Yeshwanthpur,,,Not Applicable,Personal & Car related issue,Not Applicable,Not Applicable,349,Not Applicable,0,,
2024-07-14 23:40:00,CNR3315668245,Driver Not Found,CID978168,Auto,Mysore Road,Yeshwanthpur,,,Not Applicable,Not Applicable,Not Applicable,Not Applicable,880,Not Applicable,0,,
2024-07-08 15:53:00,CNR7361033227,Success,CID771945,Mini,Rajarajeshwari Nagar,Electronic City,84.0,145.0,Not Applicable,Not Applicable,No,Not Applicable,2607,Cash,5,3.6,4.8
2024-07-19 12:20:00,CNR3991390414,Canceled by Customer,CID173453,Prime Sedan,Hosur Road,Kengeri,,,Driver is not moving towards pickup location,Not Applicable,Not Applicable,Not Applicable,928,Not Applicable,0,,
2024-07-13 17:31:00,CNR4728562130,Success,CID864442,Bike,Electronic City,Electronic City,98.0,75.0,Not Applicable,Not Applicable,No,Not Applicable,106,UPI,43,3.3,4.1
2024-07-25 03:59:00,CNR4427004987,Success,CID457142,Prime Sedan,Varthur,Peenya,105.0,70.0,Not Applicable,Not Applicable,No,Not Applicable,129,Cash,44,3.3,3.5
2024-07-18 15:18:00,CNR9714133785,Success,CID365310,Prime Sedan,Bellandur,Malleshwaram,308.0,115.0,Not Applicable,Not Applicable,No,Not Applicable,1456,Cash,10,4.8,4.8
2024-07-13 07:46:00,CNR2139757355,Driver Not Found,CID660677,Bike,Electronic City,Magadi Road,,,Not Applicable,Not Applicable,Not Applicable,Not Applicable,273,Not Applicable,0,,
2024-07-19 14:24:00,CNR4709544369,Success,CID183479,Prime Sedan,Shivajinagar,Hosur Road,280.0,65.0,Not Applicable,Not Applicable,Yes,Customer Demand,212,Cash,17,3.0,3.5
2024-07-18 15:25:00,CNR7505030496,Success,CID502520,Prime SUV,Whitefield,Kammanahalli,273.0,35.0,Not Applicable,Not Applicable,No,Not Applicable,180,UPI,28,4.8,3.3
2024-07-02 08:20:00,CNR6474327220,Driver Not Found,CID840893,Mini,MG Road,Bellandur,,,Not Applicable,Not Applicable,Not Applicable,Not Applicable,304,Not Applicable,0,,
2024-07-11 23:17:00,CNR6399612004,Canceled by Customer,CID226195,Mini,Electronic City,Sarjapur Road,,,Driver is not moving towards pickup location,Not Applicable,Not Applicable,Not Applicable,308,Not Applicable,0,,
2024-07-12 09:54:00,CNR6266458630,Success,CID474873,Prime Plus,Rajarajeshwari Nagar,Kengeri,224.0,120.0,Not Applicable,Not Applicable,No,Not Applicable,1706,UPI,15,4.1,3.2
2024-07-25 11:12:00,CNR6603401715,Success,CID241340,eBike,Chamarajpet,Majestic,182.0,140.0,Not Applicable,Not Applicable,No,Not Applicable,534,UPI,33,3.5,3.7
2024-07-17 21:51:00,CNR3342003004,Success,CID668151,eBike,Chamarajpet,Peenya,252.0,60.0,Not Applicable,Not Applicable,No,Not Applicable,354,UPI,17,3.5,3.3
2024-07-03 19:13:00,CNR2880909600,Canceled by Driver,CID214113,Prime SUV,Ulsoor,Cox Town,,,Not Applicable,Personal & Car related issue,Not Applicable,Not Applicable,845,Not Applicable,0,,
2024-07-29 03:56:00,CNR7500931568,Success,CID896173,Prime Plus,Peenya,Bannerghatta Road,203.0,95.0,Not Applicable,Not Applicable,No,Not Applicable,117,UPI,14,4.0,3.8
2024-07-20 09:26:00,CNR9299524955,Success,CID429336,Prime Sedan,Mysore Road,Sarjapur Road,266.0,25.0,Not Applicable,Not Applicable,Yes,Customer Demand,253,Cash,48,3.3,4.2
2024-07-09 21:03:00,CNR3308941531,Canceled by Driver,CID675692,Auto,Richmond Town,HSR Layout,,,Not Applicable,Customer was coughing/sick,Not Applicable,Not Applicable,488,Not Applicable,0,,
2024-07-11 16:26:00,CNR9707742967,Canceled by Driver,CID539655,Mini,KR Puram,Shantinagar,,,Not Applicable,Customer was coughing/sick,Not Applicable,Not Applicable,281,Not Applicable,0,,
2024-07-23 10:58:00,CNR7195779726,Success,CID720438,eBike,Cox Town,Malleshwaram,147.0,45.0,Not Applicable,Not Applicable,No,Not Applicable,914,Cash,25,4.0,4.3
2024-07-09 01:47:00,CNR7964208896,Canceled by Driver,CID620939,Mini,Banashankari,Kengeri,,,Not Applicable,Customer related issue,Not Applicable,Not Applicable,459,Not Applicable,0,,
2024-07-19 23:58:00,CNR7076419751,Success,CID190895,Bike,Shivajinagar,Tumkur Road,112.0,65.0,Not Applicable,Not Applicable,No,Not Applicable,803,Cash,23,3.3,3.6
2024-07-30 15:02:00,CNR7513810787,Success,CID929723,Bike,Richmond Town,Sahakar Nagar,182.0,100.0,Not Applicable,Not Applicable,No,Not Applicable,347,Cash,19,4.6,3.7
2024-07-05 19:18:00,CNR9882046857,Success,CID781919,eBike,Padmanabhanagar,KR Puram,77.0,25.0,Not Applicable,Not Applicable,No,Not Applicable,766,UPI,3,3.9,4.9
2024-07-28 05:23:00,CNR9837356315,Success,CID402490,Mini,Padmanabhanagar,Langford Town,196.0,60.0,Not Applicable,Not Applicable,No,Not Applicable,285,UPI,48,3.4,4.6
2024-07-30 08:00:00,CNR3490006949,Success,CID407842,Mini,Peenya,RT Nagar,147.0,80.0,Not Applicable,Not Applicable,No,Not Applicable,1749,Cash,42,3.8,3.9
2024-07-07 21:51:00,CNR7200439289,Canceled by Driver,CID510614,Mini,Indiranagar,Electronic City,,,Not Applicable,More than permitted people in there,Not Applicable,Not Applicable,369,Not Applicable,0,,
2024-07-27 06:04:00,CNR5209662068,Driver Not Found,CID901800,Prime Plus,Hennur,Hennur,,,Not Applicable,Not Applicable,Not Applicable,Not Applicable,276,Not Applicable,0,,
2024-07-03 11:43:00,CNR1443007298,Success,CID290792,Prime Sedan,JP Nagar,Bellandur,231.0,105.0,Not Applicable,Not Applicable,No,Not Applicable,465,Cash,4,4.4,4.3
2024-07-15 07:57:00,CNR9985902853,Success,CID207860,Auto,Cox Town,Yeshwanthpur,105.0,120.0,Not Applicable,Not Applicable,No,Not Applicable,177,Cash,15,4.0,4.6
2024-07-04 12:03:00,CNR4835036817,Success,CID508104,Bike,Cox Town,Rajajinagar,238.0,100.0,Not Applicable,Not Applicable,No,Not Applicable,426,Cash,14,3.3,4.7
2024-07-23 03:20:00,CNR8271062337,Success,CID948434,Prime SUV,Langford Town,Shivajinagar,147.0,140.0,Not Applicable,Not Applicable,No,Not Applicable,233,UPI,16,4.2,4.7
2024-07-30 20:29:00,CNR2971622595,Driver Not Found,CID758957,Prime Sedan,Shivajinagar,Chickpet,,,Not Applicable,Not Applicable,Not Applicable,Not Applicable,144,Not Applicable,0,,
2024-07-14 10:16:00,CNR7662143734,Driver Not Found,CID869210,eBike,Shantinagar,JP Nagar,,,Not Applicable,Not Applicable,Not Applicable,Not Applicable,264,Not Applicable,0,,
2024-07-05 06:20:00,CNR2231103074,Driver Not Found,CID477890,Bike,BTM Layout,Shivajinagar,,,Not Applicable,Not Applicable,Not Applicable,Not Applicable,336,Not Applicable,0,,
2024-07-27 16:04:00,CNR4328133844,Success,CID303137,Auto,Hosur Road,JP Nagar,161.0,30.0,Not Applicable,Not Applicable,No,Not Applicable,226,Cash,15,3.0,4.3
2024-07-27 12:50:00,CNR6461639265,Success,CID458840,eBike,Jayanagar,Hulimavu,224.0,80.0,Not Applicable,Not Applicable,No,Not Applicable,334,Cash,47,3.7,4.5
2024-07-06 07:58:00,CNR9902208192,Success,CID953334,Mini,Shivajinagar,Bellandur,182.0,130.0,Not Applicable,Not Applicable,No,Not Applicable,624,UPI,37,5.0,3.4
2024-07-21 04:29:00,CNR7446406253,Success,CID733206,Bike,Majestic,Marathahalli,252.0,40.0,Not Applicable,Not Applicable,No,Not Applicable,366,Cash,49,3.8,3.5
2024-07-09 03:04:00,CNR2018771351,Success,CID601930,eBike,Vijayanagar,Kammanahalli,224.0,35.0,Not Applicable,Not Applicable,No,Not Applicable,294,UPI,28,3.8,3.4
2024-07-08 17:18:00,CNR2592116124,Success,CID363680,Prime Sedan,Peenya,Vijayanagar,308.0,130.0,Not Applicable,Not Applicable,No,Not Applicable,2288,UPI,46,3.7,3.1
2024-07-27 13:51:00,CNR6117200437,Success,CID553499,Mini,Jayanagar,Banashankari,210.0,130.0,Not Applicable,Not Applicable,No,Not Applicable,299,UPI,48,3.1,4.9
2024-07-14 17:31:00,CNR4722344698,Canceled by Driver,CID308641,Mini,Ulsoor,Ulsoor,,,Not Applicable,Personal & Car related issue,Not Applicable,Not Applicable,119,Not Applicable,0,,
2024-07-20 06:40:00,CNR3584398164,Success,CID822529,Prime SUV,Nagarbhavi,Marathahalli,35.0,60.0,Not Applicable,Not Applicable,No,Not Applicable,268,Cash,40,3.1,3.3
2024-07-06 14:16:00,CNR3565706840,Canceled by Driver,CID924492,Mini,Ulsoor,Indiranagar,,,Not Applicable,Personal & Car related issue,Not Applicable,Not Applicable,208,Not Applicable,0,,
2024-07-05 18:09:00,CNR6063051109,Success,CID845307,Prime Sedan,KR Puram,Devanahalli,98.0,115.0,Not Applicable,Not Applicable,No,Not Applicable,621,Cash,7,4.3,4.8
2024-07-24 03:21:00,CNR1763471448,Driver Not Found,CID338804,Mini,Langford Town,Yelahanka,,,Not Applicable,Not Applicable,Not Applicable,Not Applicable,286,Not Applicable,0,,
2024-07-20 17:19:00,CNR9181484848,Success,CID907482,Prime Sedan,Indiranagar,Indiranagar,252.0,45.0,Not Applicable,Not Applicable,No,Not Applicable,369,UPI,20,3.2,3.3
2024-07-16 12:11:00,CNR2646887418,Canceled by Customer,CID397842,Auto,Hebbal,Vijayanagar,,,Change of plans,Not Applicable,Not Applicable,Not Applicable,272,Not Applicable,0,,
2024-07-23 04:35:00,CNR6970408602,Success,CID616176,Prime Sedan,Jayanagar,Rajarajeshwari Nagar,224.0,120.0,Not Applicable,Not Applicable,No,Not Applicable,259,Cash,28,4.6,4.7
2024-07-11 00:25:00,CNR7922689143,Canceled by Driver,CID560389,Prime Sedan,Yelahanka,Banashankari,,,Not Applicable,Customer was coughing/sick,Not Applicable,Not Applicable,305,Not Applicable,0,,
2024-07-30 12:09:00,CNR2968301680,Success,CID620104,Prime SUV,Yelahanka,Tumkur Road,49.0,80.0,Not Applicable,Not Applicable,No,Not Applicable,131,UPI,33,3.8,4.6
2024-07-01 04:27:00,CNR1825049697,Canceled by Driver,CID100557,Prime SUV,Langford Town,Shantinagar,,,Not Applicable,Customer was coughing/sick,Not Applicable,Not Applicable,459,Not Applicable,0,,
2024-07-07 14:59:00,CNR8077874348,Driver Not Found,CID930051,Prime Plus,Indiranagar,RT Nagar,,,Not Applicable,Not Applicable,Not Applicable,Not Applicable,750,Not Applicable,0,,
2024-07-13 12:16:00,CNR8040986921,Success,CID479548,Auto,JP Nagar,Jayanagar,182.0,70.0,Not Applicable,Not Applicable,Yes,Vehicle Breakdown,129,Cash,11,4.3,3.2
2024-07-16 18:20:00,CNR6667393991,Success,CID905737,Prime Plus,Bellandur,Yeshwanthpur,42.0,25.0,Not Applicable,Not Applicable,No,Not Applicable,1532,Cash,30,4.3,3.9
2024-07-27 19:17:00,CNR9958797560,Driver Not Found,CID152080,Auto,Majestic,Frazer Town,,,Not Applicable,Not Applicable,Not Applicable,Not Applicable,277,Not Applicable,0,,
2024-07-21 17:27:00,CNR6463207468,Success,CID118219,Auto,Marathahalli,Rajajinagar,245.0,100.0,Not Applicable,Not Applicable,No,Not Applicable,2219,Debit Card,3,4.8,3.5
2024-07-07 12:30:00,CNR2352190611,Success,CID655951,Prime SUV,Yelahanka,Malleshwaram,161.0,145.0,Not Applicable,Not Applicable,No,Not Applicable,390,UPI,10,3.3,4.1
2024-07-05 08:36:00,CNR3317501771,Success,CID760276,Prime Plus,Vijayanagar,Ramamurthy Nagar,231.0,40.0,Not Applicable,Not Applicable,Yes,Vehicle Breakdown,136,Cash,33,4.0,3.8
2024-07-18 10:21:00,CNR7956030498,Success,CID973866,Auto,Koramangala,Kadugodi,245.0,50.0,Not Applicable,Not Applicable,Yes,Vehicle Breakdown,629,UPI,1,3.8,4.6
2024-07-22 15:43:00,CNR8554167935,Canceled by Driver,CID641699,Mini,Whitefield,Jayanagar,,,Not Applicable,More than permitted people in there,Not Applicable,Not Applicable,223,Not Applicable,0,,
2024-07-30 07:38:00,CNR6892438032,Success,CID259380,Prime Sedan,Varthur,Devanahalli,294.0,110.0,Not Applicable,Not Applicable,No,Not Applicable,135,UPI,5,4.4,4.4
2024-07-28 21:57:00,CNR9295642220,Driver Not Found,CID831604,Prime Sedan,Malleshwaram,Peenya,,,Not Applicable,Not Applicable,Not Applicable,Not Applicable,406,Not Applicable,0,,
2024-07-13 09:09:00,CNR1300592341,Success,CID287458,Mini,KR Puram,Sarjapur Road,77.0,145.0,Not Applicable,Not Applicable,No,Not Applicable,134,UPI,33,3.3,3.4
2024-07-21 12:21:00,CNR8682463486,Success,CID317298,Auto,RT Nagar,Kadugodi,49.0,145.0,Not Applicable,Not Applicable,No,Not Applicable,391,Cash,13,4.5,3.9
2024-07-20 08:11:00,CNR3575374011,Canceled by Driver,CID586215,Auto,Rajarajeshwari Nagar,Majestic,,,Not Applicable,Customer related issue,Not Applicable,Not Applicable,470,Not Applicable,0,,
2024-07-10 17:56:00,CNR9308694631,Success,CID647011,Prime Sedan,Chamarajpet,KR Puram,161.0,145.0,Not Applicable,Not Applicable,No,Not Applicable,104,Cash,23,3.2,3.4
2024-07-05 04:54:00,CNR4117888306,Success,CID845943,Prime Plus,Basavanagudi,Sahakar Nagar,294.0,85.0,Not Applicable,Not Applicable,No,Not Applicable,135,UPI,45,4.1,4.5
2024-07-10 07:25:00,CNR3617902351,Success,CID506229,Prime SUV,Magadi Road,Kammanahalli,266.0,25.0,Not Applicable,Not Applicable,No,Not Applicable,407,Cash,17,4.9,4.2
2024-07-15 09:56:00,CNR4271480951,Success,CID145418,Mini,Hosur Road,Hebbal,105.0,145.0,Not Applicable,Not Applicable,Yes,Vehicle Breakdown,127,UPI,20,4.8,3.5
2024-07-10 03:11:00,CNR2400193510,Success,CID953529,Prime Sedan,Kengeri,Rajajinagar,84.0,145.0,Not Applicable,Not Applicable,No,Not Applicable,660,Cash,28,4.5,4.4
2024-07-12 13:58:00,CNR8319750138,Canceled by Driver,CID950514,Prime SUV,Koramangala,Hosur Road,,,Not Applicable,Customer related issue,Not Applicable,Not Applicable,201,Not Applicable,0,,
2024-07-21 01:24:00,CNR2771346413,Success,CID352369,Bike,Mysore Road,Yeshwanthpur,154.0,45.0,Not Applicable,Not Applicable,No,Not Applicable,135,Credit Card,5,3.7,4.4
2024-07-21 03:44:00,CNR3701671974,Success,CID844844,Prime SUV,MG Road,Banashankari,126.0,40.0,Not Applicable,Not Applicable,No,Not Applicable,272,Cash,3,3.7,3.0
2024-07-16 19:17:00,CNR6049179465,Success,CID836184,Mini,Jayanagar,Rajarajeshwari Nagar,126.0,80.0,Not Applicable,Not Applicable,No,Not Applicable,298,UPI,44,4.7,3.6
2024-07-18 12:24:00,CNR1620382741,Canceled by Customer,CID786914,Mini,Malleshwaram,Electronic City,,,Driver is not moving towards pickup location,Not Applicable,Not Applicable,Not Applicable,240,Not Applicable,0,,
2024-07-14 19:03:00,CNR5700774839,Driver Not Found,CID708093,Auto,Basavanagudi,Bannerghatta Road,,,Not Applicable,Not Applicable,Not Applicable,Not Applicable,973,Not Applicable,0,,
2024-07-24 07:05:00,CNR4064802258,Success,CID834579,Mini,Shivajinagar,Varthur,231.0,25.0,Not Applicable,Not Applicable,No,Not Applicable,623,Credit Card,23,3.2,4.5
2024-07-02 00:33:00,CNR1523422384,Success,CID107800,Prime Sedan,Kengeri,Malleshwaram,154.0,95.0,Not Applicable,Not Applicable,No,Not Applicable,183,UPI,46,4.6,4.7
2024-07-19 05:50:00,CNR3626967796,Canceled by Driver,CID856693,eBike,Indiranagar,Cox Town,,,Not Applicable,Personal & Car related issue,Not Applicable,Not Applicable,116,Not Applicable,0,,
2024-07-17 21:20:00,CNR8742953562,Success,CID997898,Auto,Hulimavu,Koramangala,280.0,75.0,Not Applicable,Not Applicable,No,Not Applicable,347,UPI,3,4.8,3.4
2024-07-29 00:08:00,CNR8710387765,Success,CID906154,Prime Plus,Basavanagudi,JP Nagar,147.0,90.0,Not Applicable,Not Applicable,Yes,Vehicle Breakdown,270,UPI,12,4.8,4.7
2024-07-27 23:33:00,CNR9213858263,Driver Not Found,CID324970,Prime SUV,Basavanagudi,Chickpet,,,Not Applicable,Not Applicable,Not Applicable,Not Applicable,415,Not Applicable,0,,
2024-07-16 05:56:00,CNR3065389884,Success,CID143528,Mini,Sarjapur Road,RT Nagar,280.0,145.0,Not Applicable,Not Applicable,No,Not Applicable,539,UPI,15,4.7,3.6
2024-07-20 04:27:00,CNR5130705389,Canceled by Driver,CID914692,Auto,Hulimavu,RT Nagar,,,Not Applicable,Customer was coughing/sick,Not Applicable,Not Applicable,986,Not Applicable,0,,
2024-07-26 09:20:00,CNR3317449315,Canceled by Driver,CID211114,Prime Sedan,Hulimavu,Sarjapur Road,,,Not Applicable,More than permitted people in there,Not Applicable,Not Applicable,132,Not Applicable,0,,
2024-07-03 01:10:00,CNR7651834530,Success,CID831604,Bike,Jayanagar,Varthur,301.0,95.0,Not Applicable,Not Applicable,No,Not Applicable,346,Cash,17,4.2,4.5
2024-07-04 12:51:00,CNR4637412158,Success,CID778017,Auto,Banashankari,Chickpet,119.0,40.0,Not Applicable,Not Applicable,No,Not Applicable,971,UPI,12,4.5,4.1
2024-07-04 15:32:00,CNR7608634802,Success,CID814732,Mini,Nagarbhavi,Whitefield,252.0,35.0,Not Applicable,Not Applicable,No,Not Applicable,424,UPI,26,4.7,3.3
2024-07-07 17:20:00,CNR9057215532,Canceled by Customer,CID747504,Prime Sedan,Bannerghatta Road,Peenya,,,Driver is not moving towards pickup location,Not Applicable,Not Applicable,Not Applicable,275,Not Applicable,0,,
2024-07-12 11:04:00,CNR6348694578,Success,CID699758,Prime Sedan,Hosur Road,Whitefield,35.0,130.0,Not Applicable,Not Applicable,No,Not Applicable,725,Credit Card,3,3.9,4.9
2024-07-22 06:45:00,CNR3400568813,Canceled by Driver,CID954747,Prime SUV,JP Nagar,Indiranagar,,,Not Applicable,More than permitted people in there,Not Applicable,Not Applicable,974,Not Applicable,0,,
2024-07-19 04:28:00,CNR3547114169,Success,CID441142,Prime SUV,Tumkur Road,Electronic City,266.0,90.0,Not Applicable,Not Applicable,No,Not Applicable,389,UPI,48,4.1,4.1
2024-07-21 19:39:00,CNR9598078500,Canceled by Driver,CID926909,Bike,Yeshwanthpur,Shantinagar,,,Not Applicable,Customer related issue,Not Applicable,Not Applicable,108,Not Applicable,0,,
2024-07-29 07:09:00,CNR7733210967,Success,CID840285,Auto,Ramamurthy Nagar,Rajarajeshwari Nagar,259.0,55.0,Not Applicable,Not Applicable,No,Not Applicable,303,Cash,16,4.3,4.0
2024-07-13 03:55:00,CNR9140809790,Canceled by Driver,CID242807,Prime Sedan,Ulsoor,Bellandur,,,Not Applicable,Personal & Car related issue,Not Applicable,Not Applicable,139,Not Applicable,0,,
2024-07-07 01:12:00,CNR5571691549,Success,CID921474,Prime SUV,Mysore Road,Cox Town,245.0,30.0,Not Applicable,Not Applicable,No,Not Applicable,249,UPI,33,3.7,3.8
2024-07-15 07:27:00,CNR8459909388,Canceled by Customer,CID444115,Prime Sedan,Sarjapur Road,Hulimavu,,,Driver asked to cancel,Not Applicable,Not Applicable,Not Applicable,492,Not Applicable,0,,
2024-07-29 05:52:00,CNR5417524167,Success,CID865299,Prime SUV,HSR Layout,Chickpet,210.0,90.0,Not Applicable,Not Applicable,No,Not Applicable,303,Cash,10,3.7,3.1
2024-07-01 12:27:00,CNR3570462615,Success,CID546177,Prime Sedan,Jayanagar,Chickpet,112.0,130.0,Not Applicable,Not Applicable,No,Not Applicable,693,UPI,10,4.7,4.3
2024-07-25 22:46:00,CNR2862034805,Success,CID238868,Mini,Ulsoor,Indiranagar,98.0,50.0,Not Applicable,Not Applicable,No,Not Applicable,265,Cash,6,4.6,4.4
2024-07-10 18:10:00,CNR5314309644,Success,CID140099,Prime SUV,Malleshwaram,Kadugodi,77.0,70.0,Not Applicable,Not Applicable,No,Not Applicable,731,Cash,44,3.7,3.2
2024-07-03 22:46:00,CNR3066225619,Success,CID862628,Prime Plus,Frazer Town,Banashankari,266.0,95.0,Not Applicable,Not Applicable,No,Not Applicable,200,Cash,42,3.8,3.8
2024-07-01 19:32:00,CNR1669969771,Success,CID878741,Mini,BTM Layout,Nagarbhavi,126.0,45.0,Not Applicable,Not Applicable,No,Not Applicable,136,Cash,46,4.9,4.6
2024-07-28 08:55:00,CNR5212062458,Canceled by Driver,CID931478,Mini,Koramangala,Shivajinagar,,,Not Applicable,Customer was coughing/sick,Not Applicable,Not Applicable,175,Not Applicable,0,,
2024-07-02 09:28:00,CNR8022009718,Success,CID644675,Mini,Ramamurthy Nagar,Bannerghatta Road,105.0,115.0,Not Applicable,Not Applicable,No,Not Applicable,478,Cash,34,3.2,3.5
2024-07-16 07:04:00,CNR9888769846,Canceled by Driver,CID183671,Auto,Cox Town,Varthur,,,Not Applicable,Personal & Car related issue,Not Applicable,Not Applicable,721,Not Applicable,0,,
2024-07-01 11:22:00,CNR4805096622,Canceled by Driver,CID331824,eBike,Varthur,Sahakar Nagar,,,Not Applicable,Customer related issue,Not Applicable,Not Applicable,756,Not Applicable,0,,
2024-07-01 01:51:00,CNR6840587044,Success,CID462249,Mini,Hebbal,Shivajinagar,245.0,30.0,Not Applicable,Not Applicable,No,Not Applicable,161,Cash,12,4.8,3.6
2024-07-29 05:59:00,CNR5357573346,Success,CID409402,Mini,Richmond Town,Padmanabhanagar,203.0,130.0,Not Applicable,Not Applicable,Yes,Vehicle Breakdown,121,UPI,21,3.6,3.3
2024-07-21 11:50:00,CNR8604121269,Success,CID158864,Mini,Peenya,Varthur,112.0,140.0,Not Applicable,Not Applicable,No,Not Applicable,314,Cash,21,4.6,4.7
2024-07-13 17:50:00,CNR3107113581,Canceled by Customer,CID870908,Prime SUV,Frazer Town,Basavanagudi,,,Driver asked to cancel,Not Applicable,Not Applicable,Not Applicable,205,Not Applicable,0,,
2024-07-19 11:39:00,CNR2141758497,Success,CID980055,Prime Sedan,Langford Town,Peenya,147.0,145.0,Not Applicable,Not Applicable,No,Not Applicable,2340,Cash,37,3.0,4.0
2024-07-10 11:40:00,CNR7685379587,Success,CID839685,eBike,JP Nagar,Rajajinagar,196.0,65.0,Not Applicable,Not Applicable,No,Not Applicable,364,Cash,49,3.7,3.1
2024-07-06 04:14:00,CNR4077197581,Success,CID130913,Mini,Hennur,Koramangala,161.0,70.0,Not Applicable,Not Applicable,No,Not Applicable,125,Cash,19,3.0,4.1
2024-07-06 04:07:00,CNR7928485180,Success,CID544013,Prime Plus,Jayanagar,Vijayanagar,91.0,25.0,Not Applicable,Not Applicable,No,Not Applicable,282,Cash,18,4.4,4.1
2024-07-20 19:13:00,CNR9884052299,Success,CID453816,Mini,Cox Town,Hulimavu,252.0,100.0,Not Applicable,Not Applicable,No,Not Applicable,1505,Cash,22,3.9,3.6
2024-07-08 21:24:00,CNR1806817270,Success,CID125945,Prime SUV,Chickpet,Basavanagudi,308.0,100.0,Not Applicable,Not Applicable,No,Not Applicable,155,Cash,29,4.0,4.2
2024-07-16 09:54:00,CNR4551358801,Success,CID993541,Prime SUV,Kengeri,BTM Layout,112.0,50.0,Not Applicable,Not Applicable,No,Not Applicable,830,Cash,13,4.2,3.3
2024-07-17 22:31:00,CNR5292046452,Success,CID170773,eBike,Vijayanagar,Sarjapur Road,280.0,25.0,Not Applicable,Not Applicable,No,Not Applicable,392,UPI,29,3.0,3.2
2024-07-12 19:44:00,CNR6936515501,Driver Not Found,CID438960,Auto,Ulsoor,BTM Layout,,,Not Applicable,Not Applicable,Not Applicable,Not Applicable,152,Not Applicable,0,,
2024-07-15 22:13:00,CNR4876391348,Success,CID351588,Mini,Ramamurthy Nagar,HSR Layout,84.0,95.0,Not Applicable,Not Applicable,No,Not Applicable,823,Cash,19,4.7,4.5
2024-07-23 20:39:00,CNR4258827141,Success,CID444112,Prime Sedan,Devanahalli,Bellandur,84.0,145.0,Not Applicable,Not Applicable,No,Not Applicable,373,Cash,24,3.6,4.1
2024-07-20 23:19:00,CNR8289642652,Canceled by Driver,CID858416,Prime SUV,Basavanagudi,Hulimavu,,,Not Applicable,Customer related issue,Not Applicable,Not Applicable,142,Not Applicable,0,,
2024-07-02 17:40:00,CNR2713688253,Success,CID815566,Mini,Chickpet,Richmond Town,168.0,105.0,Not Applicable,Not Applicable,No,Not Applicable,399,Cash,46,5.0,3.8
2024-07-05 15:36:00,CNR5350716499,Canceled by Customer,CID617874,Prime Sedan,Chamarajpet,Majestic,,,Driver is not moving towards pickup location,Not Applicable,Not Applicable,Not Applicable,604,Not Applicable,0,,
2024-07-08 14:17:00,CNR9177887294,Success,CID988699,Auto,Indiranagar,Bannerghatta Road,294.0,80.0,Not Applicable,Not Applicable,No,Not Applicable,263,Cash,18,4.4,4.1
2024-07-18 05:04:00,CNR8153163660,Success,CID143989,Prime SUV,RT Nagar,MG Road,133.0,70.0,Not Applicable,Not Applicable,No,Not Applicable,288,UPI,46,3.5,3.6
2024-07-03 02:23:00,CNR6040398896,Success,CID585984,Prime SUV,Rajarajeshwari Nagar,Kengeri,245.0,50.0,Not Applicable,Not Applicable,No,Not Applicable,270,Cash,28,3.0,4.0
2024-07-23 18:02:00,CNR7815083043,Canceled by Driver,CID669756,Prime SUV,Hosur Road,Peenya,,,Not Applicable,More than permitted people in there,Not Applicable,Not Applicable,917,Not Applicable,0,,
2024-07-18 00:26:00,CNR5372994243,Driver Not Found,CID803035,Prime Sedan,Langford Town,Koramangala,,,Not Applicable,Not Applicable,Not Applicable,Not Applicable,418,Not Applicable,0,,
2024-07-19 05:31:00,CNR2351339103,Success,CID256483,Mini,Mysore Road,Tumkur Road,35.0,50.0,Not Applicable,Not Applicable,No,Not Applicable,274,Credit Card,35,3.6,4.0
2024-07-26 20:13:00,CNR3805737574,Success,CID517032,Auto,Varthur,Chickpet,168.0,40.0,Not Applicable,Not Applicable,No,Not Applicable,739,UPI,11,4.8,3.1
2024-07-16 02:04:00,CNR1411604996,Canceled by Driver,CID292503,eBike,Ramamurthy Nagar,Indiranagar,,,Not Applicable,Customer related issue,Not Applicable,Not Applicable,281,Not Applicable,0,,
2024-07-04 08:15:00,CNR1929288456,Canceled by Driver,CID204320,Auto,Chickpet,Indiranagar,,,Not Applicable,Customer related issue,Not Applicable,Not Applicable,150,Not Applicable,0,,
2024-07-14 17:00:00,CNR2391955186,Success,CID924997,Prime Sedan,Bannerghatta Road,Basavanagudi,217.0,100.0,Not Applicable,Not Applicable,No,Not Applicable,142,UPI,12,4.9,3.6
2024-07-03 11:45:00,CNR5264961356,Success,CID415885,Prime Sedan,Electronic City,Richmond Town,77.0,145.0,Not Applicable,Not Applicable,Yes,Other Issue,180,Cash,47,3.3,4.9
2024-07-08 14:28:00,CNR3561048994,Success,CID915301,Bike,Hebbal,Ramamurthy Nagar,56.0,45.0,Not Applicable,Not Applicable,No,Not Applicable,395,Cash,26,3.2,3.0
2024-07-01 08:40:00,CNR1512876099,Success,CID340719,Bike,Bannerghatta Road,RT Nagar,231.0,50.0,Not Applicable,Not Applicable,No,Not Applicable,448,Cash,22,3.5,3.3
2024-07-08 22:01:00,CNR6424735408,Canceled by Driver,CID410451,Auto,Marathahalli,Indiranagar,,,Not Applicable,Customer related issue,Not Applicable,Not Applicable,831,Not Applicable,0,,
2024-07-24 15:19:00,CNR9202082624,Success,CID549392,Prime Sedan,HSR Layout,Indiranagar,238.0,35.0,Not Applicable,Not Applicable,Yes,Vehicle Breakdown,264,UPI,29,4.2,4.4
2024-07-11 15:40:00,CNR3196484591,Success,CID148621,Prime Sedan,Bellandur,BTM Layout,231.0,40.0,Not Applicable,Not Applicable,No,Not Applicable,351,UPI,47,3.3,4.8
2024-07-23 10:22:00,CNR4451508184,Success,CID620536,Prime SUV,Indiranagar,Tumkur Road,273.0,35.0,Not Applicable,Not Applicable,No,Not Applicable,691,UPI,23,4.2,4.3
2024-07-28 05:33:00,CNR8737942454,Driver Not Found,CID172855,Bike,MG Road,Yeshwanthpur,,,Not Applicable,Not Applicable,Not Applicable,Not Applicable,686,Not Applicable,0,,
2024-07-23 00:51:00,CNR4520435121,Success,CID785495,Bike,KR Puram,JP Nagar,161.0,95.0,Not Applicable,Not Applicable,No,Not Applicable,465,UPI,34,4.6,4.0
2024-07-15 09:28:00,CNR2986269761,Success,CID304763,Prime SUV,Sahakar Nagar,Bannerghatta Road,56.0,100.0,Not Applicable,Not Applicable,No,Not Applicable,231,Cash,13,3.1,5.0
2024-07-03 19:53:00,CNR8860366042,Success,CID492827,Prime Plus,Cox Town,MG Road,56.0,45.0,Not Applicable,Not Applicable,Yes,Customer Demand,391,UPI,27,4.8,5.0
2024-07-14 20:42:00,CNR2941101696,Success,CID683727,Bike,Vijayanagar,Whitefield,308.0,35.0,Not Applicable,Not Applicable,No,Not Applicable,609,Cash,16,4.8,3.1
2024-07-11 15:25:00,CNR7235707672,Success,CID983509,Mini,Hulimavu,Hennur,63.0,145.0,Not Applicable,Not Applicable,No,Not Applicable,924,Cash,16,3.1,4.1
2024-07-05 01:18:00,CNR7883283176,Driver Not Found,CID881350,Prime SUV,Electronic City,JP Nagar,,,Not Applicable,Not Applicable,Not Applicable,Not Applicable,217,Not Applicable,0,,
2024-07-14 04:59:00,CNR8919457230,Canceled by Customer,CID394785,Prime Sedan,Ramamurthy Nagar,RT Nagar,,,Driver is not moving towards pickup location,Not Applicable,Not Applicable,Not Applicable,436,Not Applicable,0,,
2024-07-23 20:36:00,CNR2130132106,Success,CID999457,Prime Sedan,Richmond Town,Yelahanka,126.0,130.0,Not Applicable,Not Applicable,No,Not Applicable,233,UPI,49,4.2,4.0
2024-07-27 19:59:00,CNR2767147377,Canceled by Customer,CID769976,eBike,Hebbal,Ramamurthy Nagar,,,Driver is not moving towards pickup location,Not Applicable,Not Applicable,Not Applicable,2047,Not Applicable,0,,
2024-07-07 23:53:00,CNR4226687294,Success,CID293617,Prime Sedan,Koramangala,Rajarajeshwari Nagar,126.0,50.0,Not Applicable,Not Applicable,No,Not Applicable,515,Cash,31,4.6,3.0
2024-07-11 15:56:00,CNR6679469618,Success,CID235306,Prime Sedan,Vijayanagar,Tumkur Road,42.0,30.0,Not Applicable,Not Applicable,No,Not Applicable,526,Cash,45,4.9,3.7
2024-07-10 17:41:00,CNR8973884943,Canceled by Driver,CID714194,Mini,Hennur,Ramamurthy Nagar,,,Not Applicable,Customer was coughing/sick,Not Applicable,Not Applicable,439,Not Applicable,0,,
2024-07-02 21:03:00,CNR3656015393,Canceled by Customer,CID188035,Prime Plus,Langford Town,Marathahalli,,,Change of plans,Not Applicable,Not Applicable,Not Applicable,376,Not Applicable,0,,
2024-07-17 06:02:00,CNR5228439621,Canceled by Customer,CID395695,Prime Plus,HSR Layout,Richmond Town,,,Change of plans,Not Applicable,Not Applicable,Not Applicable,470,Not Applicable,0,,
2024-07-27 20:15:00,CNR3747038001,Success,CID148966,Auto,Frazer Town,Sarjapur Road,217.0,55.0,Not Applicable,Not Applicable,No,Not Applicable,483,UPI,8,4.7,3.1
2024-07-02 23:04:00,CNR6312409363,Canceled by Driver,CID414793,Prime Plus,Majestic,Sahakar Nagar,,,Not Applicable,Customer was coughing/sick,Not Applicable,Not Applicable,137,Not Applicable,0,,
2024-07-27 00:16:00,CNR6316116572,Success,CID580326,Bike,Frazer Town,Yeshwanthpur,196.0,35.0,Not Applicable,Not Applicable,No,Not Applicable,436,UPI,34,4.6,3.5
2024-07-23 15:35:00,CNR4120077127,Success,CID235239,Mini,Kadugodi,Chamarajpet,63.0,140.0,Not Applicable,Not Applicable,No,Not Applicable,544,UPI,48,4.2,4.1
2024-07-13 23:36:00,CNR5533430846,Success,CID590144,Auto,Kammanahalli,Padmanabhanagar,161.0,35.0,Not Applicable,Not Applicable,No,Not Applicable,891,Cash,4,3.7,4.7
2024-07-23 09:38:00,CNR2597572753,Success,CID700995,Prime Sedan,Whitefield,Peenya,210.0,100.0,Not Applicable,Not Applicable,No,Not Applicable,426,UPI,15,3.3,3.4
2024-07-20 14:14:00,CNR1311473303,Success,CID170641,Mini,Peenya,KR Puram,231.0,50.0,Not Applicable,Not Applicable,No,Not Applicable,166,Cash,25,4.0,4.7
2024-07-07 02:26:00,CNR8850146480,Canceled by Customer,CID692588,Auto,Malleshwaram,Frazer Town,,,Driver is not moving towards pickup location,Not Applicable,Not Applicable,Not Applicable,470,Not Applicable,0,,
2024-07-25 12:32:00,CNR8626992342,Success,CID614431,Auto,Hebbal,Hennur,70.0,145.0,Not Applicable,Not Applicable,No,Not Applicable,1336,UPI,18,3.7,3.6
2024-07-07 05:26:00,CNR9147452653,Canceled by Customer,CID780991,Bike,Malleshwaram,Malleshwaram,,,Driver is not moving towards pickup location,Not Applicable,Not Applicable,Not Applicable,496,Not Applicable,0,,
2024-07-10 10:00:00,CNR6222511186,Success,CID379490,Auto,Frazer Town,Banashankari,210.0,145.0,Not Applicable,Not Applicable,No,Not Applicable,2206,UPI,1,4.6,3.6
2024-07-29 17:10:00,CNR2668592889,Canceled by Customer,CID153688,eBike,Jayanagar,Kengeri,,,Change of plans,Not Applicable,Not Applicable,Not Applicable,235,Not Applicable,0,,
2024-07-11 22:52:00,CNR9194661376,Canceled by Driver,CID809025,Bike,Nagarbhavi,Kammanahalli,,,Not Applicable,Personal & Car related issue,Not Applicable,Not Applicable,406,Not Applicable,0,,
2024-07-06 22:36:00,CNR5761183589,Success,CID579255,Prime Plus,Vijayanagar,RT Nagar,35.0,30.0,Not Applicable,Not Applicable,No,Not Applicable,314,Cash,21,4.7,4.0
2024-07-29 07:28:00,CNR8900511450,Success,CID511421,Prime Sedan,Yeshwanthpur,Frazer Town,287.0,85.0,Not Applicable,Not Applicable,No,Not Applicable,711,Cash,39,3.9,4.2
2024-07-01 11:35:00,CNR7850514510,Driver Not Found,CID340529,Prime Plus,Hulimavu,Ramamurthy Nagar,,,Not Applicable,Not Applicable,Not Applicable,Not Applicable,173,Not Applicable,0,,
2024-07-16 00:23:00,CNR6752298458,Success,CID768480,Prime Sedan,Electronic City,Varthur,77.0,95.0,Not Applicable,Not Applicable,No,Not Applicable,109,Cash,9,4.9,4.7
2024-07-28 18:14:00,CNR9630885273,Success,CID903719,Mini,Shivajinagar,Bannerghatta Road,119.0,135.0,Not Applicable,Not Applicable,No,Not Applicable,217,Cash,17,3.6,4.9
2024-07-01 23:57:00,CNR1969582705,Canceled by Driver,CID331356,Mini,Peenya,Frazer Town,,,Not Applicable,Personal & Car related issue,Not Applicable,Not Applicable,359,Not Applicable,0,,
2024-07-15 05:14:00,CNR4662185133,Canceled by Driver,CID818708,eBike,Mysore Road,Shantinagar,,,Not Applicable,Customer related issue,Not Applicable,Not Applicable,185,Not Applicable,0,,
2024-07-20 18:45:00,CNR6809420345,Success,CID607653,Prime Sedan,Kammanahalli,Sarjapur Road,287.0,75.0,Not Applicable,Not Applicable,No,Not Applicable,241,Cash,49,3.4,4.7
2024-07-11 12:54:00,CNR6882702741,Canceled by Driver,CID738422,Bike,Tumkur Road,Tumkur Road,,,Not Applicable,More than permitted people in there,Not Applicable,Not Applicable,2090,Not Applicable,0,,
2024-07-30 15:44:00,CNR2006316101,Driver Not Found,CID244800,Mini,Rajarajeshwari Nagar,Hosur Road,,,Not Applicable,Not Applicable,Not Applicable,Not Applicable,216,Not Applicable,0,,
2024-07-05 06:23:00,CNR6363921393,Success,CID959179,Mini,Devanahalli,Basavanagudi,70.0,50.0,Not Applicable,Not Applicable,No,Not Applicable,1132,Cash,5,3.3,3.8
2024-07-16 03:57:00,CNR4496856649,Success,CID780715,Bike,Padmanabhanagar,KR Puram,133.0,30.0,Not Applicable,Not Applicable,No,Not Applicable,227,Cash,30,3.9,4.5
2024-07-29 10:49:00,CNR8669152294,Success,CID402768,Prime Sedan,Hosur Road,Rajajinagar,119.0,100.0,Not Applicable,Not Applicable,No,Not Applicable,831,UPI,10,3.8,4.7
2024-07-25 11:30:00,CNR4236555855,Success,CID527717,Prime Sedan,Basavanagudi,HSR Layout,266.0,120.0,Not Applicable,Not Applicable,Yes,Vehicle Breakdown,629,Cash,31,3.2,4.6
2024-07-05 12:48:00,CNR9606024828,Success,CID740891,Mini,RT Nagar,Devanahalli,98.0,50.0,Not Applicable,Not Applicable,No,Not Applicable,461,UPI,7,3.7,3.9
2024-07-17 16:30:00,CNR6558120764,Success,CID897477,eBike,Yeshwanthpur,Koramangala,224.0,75.0,Not Applicable,Not Applicable,No,Not Applicable,120,Cash,39,4.8,4.7
2024-07-07 12:59:00,CNR3014569999,Success,CID241979,Auto,Vijayanagar,Peenya,49.0,120.0,Not Applicable,Not Applicable,No,Not Applicable,2122,Credit Card,18,3.3,3.4
2024-07-14 10:55:00,CNR9645500861,Success,CID794450,Prime Plus,Malleshwaram,Marathahalli,105.0,25.0,Not Applicable,Not Applicable,No,Not Applicable,506,Cash,33,3.3,3.4
2024-07-07 07:45:00,CNR7020423527,Success,CID728007,Bike,Hulimavu,Hebbal,140.0,145.0,Not Applicable,Not Applicable,No,Not Applicable,187,UPI,27,3.0,4.0
2024-07-03 05:43:00,CNR1024850024,Success,CID942833,eBike,Tumkur Road,Bellandur,189.0,135.0,Not Applicable,Not Applicable,No,Not Applicable,893,Cash,43,4.0,3.5
2024-07-23 02:20:00,CNR1389708428,Success,CID785761,Mini,JP Nagar,BTM Layout,287.0,100.0,Not Applicable,Not Applicable,No,Not Applicable,577,Credit Card,21,3.9,4.2
2024-07-08 19:05:00,CNR7905097859,Canceled by Driver,CID336582,Auto,RT Nagar,HSR Layout,,,Not Applicable,Personal & Car related issue,Not Applicable,Not Applicable,350,Not Applicable,0,,
2024-07-04 19:53:00,CNR8487314850,Success,CID803420,Prime SUV,Yelahanka,Hosur Road,49.0,25.0,Not Applicable,Not Applicable,No,Not Applicable,491,UPI,46,3.1,4.7
2024-07-23 13:05:00,CNR4322842426,Canceled by Driver,CID146922,Bike,Kengeri,Hulimavu,,,Not Applicable,Personal & Car related issue,Not Applicable,Not Applicable,351,Not Applicable,0,,
2024-07-11 09:58:00,CNR7181880115,Success,CID907273,Auto,Frazer Town,Koramangala,140.0,135.0,Not Applicable,Not Applicable,No,Not Applicable,202,Cash,17,4.9,4.3
2024-07-13 10:49:00,CNR7502434130,Success,CID733658,Prime SUV,Malleshwaram,JP Nagar,91.0,140.0,Not Applicable,Not Applicable,No,Not Applicable,980,Credit Card,43,4.2,4.0
2024-07-12 01:48:00,CNR5452570825,Success,CID823675,Prime Plus,Peenya,Malleshwaram,161.0,75.0,Not Applicable,Not Applicable,No,Not Applicable,202,Credit Card,14,3.5,3.4
2024-07-30 21:47:00,CNR2089308837,Success,CID744544,Bike,Padmanabhanagar,Langford Town,287.0,130.0,Not Applicable,Not Applicable,No,Not Applicable,346,UPI,1,3.7,4.5
2024-07-20 06:51:00,CNR4903775269,Driver Not Found,CID575361,Auto,JP Nagar,Whitefield,,,Not Applicable,Not Applicable,Not Applicable,Not Applicable,367,Not Applicable,0,,
2024-07-09 14:55:00,CNR2209974253,Success,CID307580,Bike,Yeshwanthpur,Kadugodi,112.0,125.0,Not Applicable,Not Applicable,No,Not Applicable,468,Cash,31,4.9,4.8
2024-07-10 17:52:00,CNR8088484261,Success,CID552967,Bike,JP Nagar,Majestic,140.0,30.0,Not Applicable,Not Applicable,No,Not Applicable,421,Cash,32,3.3,3.3
2024-07-22 16:22:00,CNR6347287246,Success,CID893390,Prime SUV,Ramamurthy Nagar,RT Nagar,133.0,70.0,Not Applicable,Not Applicable,No,Not Applicable,428,UPI,20,3.1,3.2
2024-07-13 03:01:00,CNR1140383336,Driver Not Found,CID166367,eBike,Hosur Road,Richmond Town,,,Not Applicable,Not Applicable,Not Applicable,Not Applicable,432,Not Applicable,0,,
2024-07-27 06:28:00,CNR5134149192,Success,CID932964,Bike,Ulsoor,Mysore Road,63.0,35.0,Not Applicable,Not Applicable,No,Not Applicable,105,Cash,35,3.1,4.9
2024-07-03 09:17:00,CNR3744725960,Success,CID509914,Bike,Ulsoor,Chickpet,294.0,65.0,Not Applicable,Not Applicable,No,Not Applicable,356,UPI,9,4.5,4.3
2024-07-26 01:38:00,CNR3643304184,Canceled by Customer,CID774330,Bike,Marathahalli,Devanahalli,,,Driver is not moving towards pickup location,Not Applicable,Not Applicable,Not Applicable,214,Not Applicable,0,,
2024-07-18 04:25:00,CNR1867216482,Success,CID276823,Auto,Richmond Town,Mysore Road,224.0,95.0,Not Applicable,Not Applicable,No,Not Applicable,122,Cash,3,3.1,3.8
2024-07-26 13:21:00,CNR5300485038,Success,CID323172,Bike,Jayanagar,Frazer Town,49.0,50.0,Not Applicable,Not Applicable,No,Not Applicable,473,UPI,19,3.5,3.9
2024-07-13 06:58:00,CNR8561496029,Success,CID476701,Bike,Langford Town,Hennur,126.0,30.0,Not Applicable,Not Applicable,No,Not Applicable,292,UPI,14,3.9,3.4
2024-07-16 17:10:00,CNR2470000941,Driver Not Found,CID107716,eBike,Hulimavu,Sarjapur Road,,,Not Applicable,Not Applicable,Not Applicable,Not Applicable,712,Not Applicable,0,,
2024-07-23 23:31:00,CNR1535335650,Success,CID198731,Prime Plus,Electronic City,Yelahanka,182.0,100.0,Not Applicable,Not Applicable,No,Not Applicable,452,UPI,28,4.4,3.8
2024-07-20 17:18:00,CNR2369842234,Success,CID765152,eBike,Basavanagudi,Magadi Road,70.0,140.0,Not Applicable,Not Applicable,No,Not Applicable,296,UPI,44,3.7,4.5
2024-07-30 20:43:00,CNR2193294817,Success,CID817254,Prime Plus,Chamarajpet,Padmanabhanagar,77.0,45.0,Not Applicable,Not Applicable,No,Not Applicable,408,UPI,18,4.9,3.6
2024-07-18 04:21:00,CNR7804852737,Success,CID874332,Auto,Yelahanka,Kadugodi,168.0,135.0,Not Applicable,Not Applicable,No,Not Applicable,474,UPI,8,4.7,3.1
2024-07-21 14:57:00,CNR1915460303,Success,CID960763,Prime Sedan,HSR Layout,Kadugodi,224.0,85.0,Not Applicable,Not Applicable,No,Not Applicable,285,UPI,33,4.8,3.4
2024-07-26 06:51:00,CNR2998929948,Success,CID348723,Auto,Tumkur Road,Bellandur,84.0,80.0,Not Applicable,Not Applicable,No,Not Applicable,1798,Cash,8,4.1,3.3
2024-07-10 11:32:00,CNR3660045427,Success,CID100346,Mini,Koramangala,Tumkur Road,56.0,30.0,Not Applicable,Not Applicable,No,Not Applicable,2807,Credit Card,29,3.2,3.4
2024-07-14 03:25:00,CNR6436264343,Success,CID486767,Prime SUV,Yeshwanthpur,Electronic City,182.0,40.0,Not Applicable,Not Applicable,No,Not Applicable,238,Cash,40,4.5,3.2
2024-07-11 15:18:00,CNR6109200342,Success,CID658781,Bike,Padmanabhanagar,Rajarajeshwari Nagar,294.0,90.0,Not Applicable,Not Applicable,No,Not Applicable,451,Cash,10,3.4,4.2
2024-07-15 06:47:00,CNR3355681611,Success,CID776610,Prime Plus,RT Nagar,Ulsoor,175.0,85.0,Not Applicable,Not Applicable,No,Not Applicable,379,Cash,47,3.5,3.2
2024-07-12 14:32:00,CNR1731839091,Success,CID583588,Prime Sedan,Kadugodi,Peenya,63.0,95.0,Not Applicable,Not Applicable,No,Not Applicable,484,UPI,32,4.1,4.7
2024-07-17 18:59:00,CNR5040568328,Success,CID842438,Prime SUV,Jayanagar,Jayanagar,147.0,135.0,Not Applicable,Not Applicable,No,Not Applicable,131,Cash,11,4.1,3.5
2024-07-02 15:42:00,CNR2978709045,Canceled by Driver,CID882186,Prime Plus,Kammanahalli,Vijayanagar,,,Not Applicable,Customer was coughing/sick,Not Applicable,Not Applicable,218,Not Applicable,0,,
2024-07-28 06:02:00,CNR6170600954,Success,CID676884,Auto,Varthur,Kadugodi,259.0,50.0,Not Applicable,Not Applicable,No,Not Applicable,187,Cash,18,3.8,4.9
2024-07-08 15:26:00,CNR8298987816,Success,CID163337,Bike,Tumkur Road,Bellandur,161.0,95.0,Not Applicable,Not Applicable,No,Not Applicable,1777,Cash,37,3.4,3.8
2024-07-28 04:30:00,CNR6875931803,Success,CID130645,Mini,Shivajinagar,Koramangala,154.0,35.0,Not Applicable,Not Applicable,No,Not Applicable,474,UPI,31,4.0,3.4
2024-07-28 17:39:00,CNR3987804557,Success,CID316182,Mini,Indiranagar,Hebbal,70.0,95.0,Not Applicable,Not Applicable,No,Not Applicable,266,Cash,11,4.5,4.4
2024-07-08 19:48:00,CNR6183457655,Success,CID604682,Prime Sedan,Sahakar Nagar,JP Nagar,287.0,120.0,Not Applicable,Not Applicable,No,Not Applicable,344,UPI,41,3.3,4.6
2024-07-25 11:39:00,CNR4652735784,Driver Not Found,CID730669,Prime SUV,Cox Town,Ramamurthy Nagar,,,Not Applicable,Not Applicable,Not Applicable,Not Applicable,2473,Not Applicable,0,,
2024-07-29 21:40:00,CNR4520433270,Canceled by Driver,CID611699,Mini,Mysore Road,Basavanagudi,,,Not Applicable,Customer related issue,Not Applicable,Not Applicable,236,Not Applicable,0,,
2024-07-04 04:38:00,CNR4461995667,Success,CID526852,Auto,Tumkur Road,RT Nagar,231.0,95.0,Not Applicable,Not Applicable,No,Not Applicable,369,Cash,7,3.3,4.0
2024-07-10 05:10:00,CNR1869901964,Canceled by Driver,CID373013,Mini,Electronic City,KR Puram,,,Not Applicable,Customer related issue,Not Applicable,Not Applicable,2069,Not Applicable,0,,
2024-07-17 01:54:00,CNR3202698225,Success,CID597651,Auto,Malleshwaram,Kammanahalli,301.0,125.0,Not Applicable,Not Applicable,No,Not Applicable,204,Cash,12,4.6,4.7
2024-07-16 19:48:00,CNR9059410334,Driver Not Found,CID589858,Mini,Kammanahalli,Vijayanagar,,,Not Applicable,Not Applicable,Not Applicable,Not Applicable,934,Not Applicable,0,,
2024-07-08 06:15:00,CNR8585326541,Success,CID796266,eBike,Yeshwanthpur,Indiranagar,147.0,145.0,Not Applicable,Not Applicable,No,Not Applicable,278,Cash,16,3.6,3.6
2024-07-16 17:58:00,CNR6397354593,Success,CID866692,eBike,Electronic City,Nagarbhavi,112.0,125.0,Not Applicable,Not Applicable,No,Not Applicable,249,Cash,40,3.9,3.4
2024-07-12 21:04:00,CNR7102892095,Driver Not Found,CID839492,Mini,BTM Layout,Peenya,,,Not Applicable,Not Applicable,Not Applicable,Not Applicable,307,Not Applicable,0,,
2024-07-19 02:13:00,CNR4091725248,Success,CID510865,Prime Sedan,Kengeri,Mysore Road,301.0,30.0,Not Applicable,Not Applicable,No,Not Applicable,998,UPI,13,3.7,4.0
2024-07-28 09:24:00,CNR4471158815,Success,CID594256,Prime Sedan,Hebbal,Yeshwanthpur,196.0,25.0,Not Applicable,Not Applicable,No,Not Applicable,1665,UPI,25,3.9,3.1
2024-07-10 01:53:00,CNR4714479823,Driver Not Found,CID780762,Bike,Malleshwaram,MG Road,,,Not Applicable,Not Applicable,Not Applicable,Not Applicable,2692,Not Applicable,0,,
2024-07-12 05:13:00,CNR3271832786,Success,CID138618,Auto,Cox Town,Langford Town,133.0,80.0,Not Applicable,Not Applicable,No,Not Applicable,1631,Cash,8,4.9,3.1
2024-07-26 23:50:00,CNR6576851562,Canceled by Driver,CID709743,Prime Plus,Bannerghatta Road,HSR Layout,,,Not Applicable,More than permitted people in there,Not Applicable,Not Applicable,1115,Not Applicable,0,,
2024-07-18 15:19:00,CNR2282712524,Success,CID402365,Mini,Koramangala,Rajajinagar,91.0,55.0,Not Applicable,Not Applicable,No,Not Applicable,253,Cash,9,3.7,4.4
2024-07-26 15:14:00,CNR3184240896,Success,CID111658,Prime Plus,Majestic,Yeshwanthpur,49.0,130.0,Not Applicable,Not Applicable,No,Not Applicable,763,UPI,27,3.3,3.2
2024-07-10 04:46:00,CNR6389750655,Success,CID437784,Mini,Whitefield,KR Puram,112.0,110.0,Not Applicable,Not Applicable,Yes,Customer Demand,210,Cash,25,3.7,3.8
2024-07-01 01:15:00,CNR3996995852,Success,CID891777,Bike,Varthur,BTM Layout,98.0,105.0,Not Applicable,Not Applicable,No,Not Applicable,197,UPI,26,3.0,3.2
2024-07-02 05:46:00,CNR9709278631,Canceled by Driver,CID107133,Prime Sedan,Yelahanka,Langford Town,,,Not Applicable,Personal & Car related issue,Not Applicable,Not Applicable,725,Not Applicable,0,,
2024-07-11 23:18:00,CNR8790165134,Canceled by Driver,CID763860,Prime Plus,Ulsoor,Nagarbhavi,,,Not Applicable,Customer was coughing/sick,Not Applicable,Not Applicable,523,Not Applicable,0,,
2024-07-28 08:25:00,CNR7351450500,Canceled by Customer,CID577440,Mini,Nagarbhavi,Jayanagar,,,Change of plans,Not Applicable,Not Applicable,Not Applicable,772,Not Applicable,0,,
2024-07-24 02:48:00,CNR8158145923,Canceled by Driver,CID775369,Prime Plus,Jayanagar,Indiranagar,,,Not Applicable,Customer was coughing/sick,Not Applicable,Not Applicable,285,Not Applicable,0,,
2024-07-14 21:25:00,CNR5393497910,Success,CID708896,Prime Sedan,Marathahalli,Peenya,63.0,55.0,Not Applicable,Not Applicable,No,Not Applicable,670,Cash,9,4.1,3.6
2024-07-28 23:33:00,CNR2256730809,Success,CID304413,Auto,Whitefield,Chamarajpet,294.0,30.0,Not Applicable,Not Applicable,No,Not Applicable,1933,UPI,15,3.6,3.6
2024-07-26 17:27:00,CNR1994452949,Success,CID887274,Prime Sedan,RT Nagar,Mysore Road,77.0,70.0,Not Applicable,Not Applicable,No,Not Applicable,960,UPI,33,3.2,3.7
2024-07-30 23:06:00,CNR2395393092,Canceled by Customer,CID211812,Prime Sedan,Kengeri,Kammanahalli,,,Change of plans,Not Applicable,Not Applicable,Not Applicable,307,Not Applicable,0,,
2024-07-30 06:54:00,CNR2082047870,Canceled by Driver,CID184925,Bike,HSR Layout,Hennur,,,Not Applicable,Personal & Car related issue,Not Applicable,Not Applicable,384,Not Applicable,0,,
2024-07-24 23:36:00,CNR8437753842,Driver Not Found,CID338839,Prime Sedan,Hennur,Kammanahalli,,,Not Applicable,Not Applicable,Not Applicable,Not Applicable,2108,Not Applicable,0,,
2024-07-08 15:32:00,CNR9093788631,Success,CID692516,Prime Plus,JP Nagar,Kengeri,70.0,80.0,Not Applicable,Not Applicable,No,Not Applicable,1480,Cash,47,3.5,4.3
2024-07-29 17:23:00,CNR3720742534,Canceled by Driver,CID854852,Prime Sedan,KR Puram,Banashankari,,,Not Applicable,Personal & Car related issue,Not Applicable,Not Applicable,173,Not Applicable,0,,
2024-07-22 15:21:00,CNR3440275058,Success,CID407288,Prime Plus,Hosur Road,Shivajinagar,70.0,30.0,Not Applicable,Not Applicable,No,Not Applicable,2557,Cash,16,3.7,3.1
2024-07-26 01:41:00,CNR2270658887,Success,CID870799,eBike,Langford Town,Kengeri,63.0,90.0,Not Applicable,Not Applicable,No,Not Applicable,141,UPI,31,3.2,4.8
2024-07-04 16:07:00,CNR5025729255,Canceled by Driver,CID431290,Prime Sedan,JP Nagar,Hulimavu,,,Not Applicable,More than permitted people in there,Not Applicable,Not Applicable,338,Not Applicable,0,,
2024-07-27 08:37:00,CNR8377229145,Success,CID813715,Prime Plus,Indiranagar,Yeshwanthpur,119.0,60.0,Not Applicable,Not Applicable,No,Not Applicable,135,UPI,36,4.3,3.0
2024-07-18 19:15:00,CNR1051199765,Canceled by Driver,CID572446,Prime SUV,JP Nagar,Richmond Town,,,Not Applicable,Customer related issue,Not Applicable,Not Applicable,399,Not Applicable,0,,
2024-07-21 01:25:00,CNR1323326120,Success,CID201574,Prime SUV,Majestic,Kammanahalli,224.0,75.0,Not Applicable,Not Applicable,No,Not Applicable,298,Cash,37,4.4,3.9
2024-07-27 02:43:00,CNR7664122553,Driver Not Found,CID137177,Prime Plus,Devanahalli,Chickpet,,,Not Applicable,Not Applicable,Not Applicable,Not Applicable,356,Not Applicable,0,,
2024-07-20 08:21:00,CNR7250995487,Success,CID719620,eBike,Vijayanagar,BTM Layout,196.0,50.0,Not Applicable,Not Applicable,No,Not Applicable,336,Cash,26,4.9,3.4
2024-07-29 02:15:00,CNR7547326298,Success,CID924259,Auto,Shivajinagar,Rajarajeshwari Nagar,56.0,70.0,Not Applicable,Not Applicable,No,Not Applicable,830,UPI,1,3.2,3.8
2024-07-27 21:29:00,CNR6015460476,Canceled by Customer,CID143401,Auto,Nagarbhavi,Richmond Town,,,Driver asked to cancel,Not Applicable,Not Applicable,Not Applicable,125,Not Applicable,0,,
2024-07-19 11:26:00,CNR8988574505,Success,CID486112,eBike,Devanahalli,Kadugodi,266.0,50.0,Not Applicable,Not Applicable,No,Not Applicable,474,Cash,7,4.8,4.2
2024-07-09 19:26:00,CNR1734836176,Success,CID318002,Auto,Shivajinagar,Basavanagudi,280.0,65.0,Not Applicable,Not Applicable,No,Not Applicable,295,Cash,7,3.8,3.6
2024-07-20 05:11:00,CNR2475495223,Success,CID553072,Auto,Sarjapur Road,Magadi Road,287.0,50.0,Not Applicable,Not Applicable,No,Not Applicable,123,Cash,18,3.3,3.1
2024-07-18 22:14:00,CNR2036561584,Success,CID883436,Bike,Rajajinagar,Jayanagar,63.0,45.0,Not Applicable,Not Applicable,No,Not Applicable,174,UPI,10,3.5,4.0
2024-07-28 14:39:00,CNR3692473592,Success,CID337615,Prime Sedan,Electronic City,KR Puram,231.0,100.0,Not Applicable,Not Applicable,No,Not Applicable,153,UPI,48,4.0,4.3
2024-07-09 13:35:00,CNR1511015852,Success,CID560408,Auto,KR Puram,BTM Layout,119.0,125.0,Not Applicable,Not Applicable,No,Not Applicable,419,Cash,3,4.7,4.7
2024-07-08 04:49:00,CNR1170983228,Success,CID538021,Auto,BTM Layout,Nagarbhavi,308.0,110.0,Not Applicable,Not Applicable,Yes,Other Issue,334,UPI,10,3.1,3.5
2024-07-30 11:29:00,CNR4062250275,Success,CID412011,Bike,Hennur,RT Nagar,63.0,35.0,Not Applicable,Not Applicable,No,Not Applicable,420,Cash,10,4.7,3.5
2024-07-16 04:51:00,CNR8166630201,Success,CID105558,Bike,Hosur Road,Basavanagudi,189.0,105.0,Not Applicable,Not Applicable,No,Not Applicable,226,Cash,27,3.2,3.8
2024-07-03 02:59:00,CNR1391017539,Success,CID734674,eBike,Chamarajpet,Langford Town,196.0,125.0,Not Applicable,Not Applicable,Yes,Vehicle Breakdown,285,Cash,37,4.4,4.1
2024-07-05 11:58:00,CNR7955618933,Success,CID686585,eBike,Shivajinagar,Devanahalli,91.0,120.0,Not Applicable,Not Applicable,No,Not Applicable,956,Cash,29,4.3,4.7
2024-07-07 05:43:00,CNR8091427805,Canceled by Driver,CID123030,Prime SUV,Peenya,Varthur,,,Not Applicable,Personal & Car related issue,Not Applicable,Not Applicable,1499,Not Applicable,0,,
2024-07-20 09:35:00,CNR5718576547,Success,CID646680,Prime Sedan,Hennur,HSR Layout,126.0,25.0,Not Applicable,Not Applicable,No,Not Applicable,615,Cash,36,3.5,4.9
2024-07-08 22:26:00,CNR4971165968,Success,CID476278,Prime Plus,KR Puram,Nagarbhavi,70.0,105.0,Not Applicable,Not Applicable,No,Not Applicable,237,UPI,35,4.9,3.7
2024-07-27 21:58:00,CNR9227397004,Success,CID854140,eBike,Devanahalli,Electronic City,301.0,35.0,Not Applicable,Not Applicable,No,Not Applicable,783,Cash,47,5.0,4.2
2024-07-25 11:38:00,CNR2166839057,Success,CID855387,eBike,Hennur,Kadugodi,231.0,105.0,Not Applicable,Not Applicable,No,Not Applicable,2256,UPI,30,4.6,4.1
2024-07-02 13:19:00,CNR4490929329,Success,CID100584,Auto,Mysore Road,Mysore Road,133.0,95.0,Not Applicable,Not Applicable,No,Not Applicable,220,Cash,9,4.3,4.3
2024-07-27 22:32:00,CNR1732390476,Success,CID195767,Mini,Tumkur Road,Nagarbhavi,294.0,75.0,Not Applicable,Not Applicable,No,Not Applicable,2471,Cash,36,3.8,4.3
2024-07-06 22:05:00,CNR7588883192,Success,CID681679,eBike,Banashankari,Banashankari,140.0,135.0,Not Applicable,Not Applicable,No,Not Applicable,655,UPI,25,3.7,4.3
2024-07-19 15:02:00,CNR1935227285,Canceled by Customer,CID147903,Prime Plus,Nagarbhavi,Sarjapur Road,,,Change of plans,Not Applicable,Not Applicable,Not Applicable,424,Not Applicable,0,,
2024-07-01 06:09:00,CNR1265392685,Success,CID671425,Prime Sedan,Vijayanagar,Shantinagar,273.0,95.0,Not Applicable,Not Applicable,No,Not Applicable,105,UPI,47,4.6,3.8
2024-07-27 18:29:00,CNR4426408457,Canceled by Driver,CID573694,eBike,Electronic City,BTM Layout,,,Not Applicable,Customer related issue,Not Applicable,Not Applicable,377,Not Applicable,0,,
2024-07-08 15:28:00,CNR6589736240,Success,CID314671,Mini,Shivajinagar,Sahakar Nagar,287.0,50.0,Not Applicable,Not Applicable,No,Not Applicable,572,UPI,5,3.1,3.5
2024-07-03 01:49:00,CNR8414837684,Success,CID634016,Prime Sedan,Devanahalli,KR Puram,175.0,40.0,Not Applicable,Not Applicable,No,Not Applicable,191,Cash,19,4.8,4.3
2024-07-04 22:12:00,CNR5233515800,Canceled by Driver,CID337230,Mini,Vijayanagar,Varthur,,,Not Applicable,Customer was coughing/sick,Not Applicable,Not Applicable,258,Not Applicable,0,,
2024-07-13 05:46:00,CNR6791881621,Success,CID597825,Prime SUV,Ramamurthy Nagar,Ulsoor,280.0,85.0,Not Applicable,Not Applicable,No,Not Applicable,319,Cash,32,3.3,4.8
2024-07-15 02:46:00,CNR8335530834,Success,CID116248,Bike,Chamarajpet,Rajarajeshwari Nagar,63.0,130.0,Not Applicable,Not Applicable,No,Not Applicable,272,Cash,21,3.2,3.6
2024-07-27 19:17:00,CNR1860006299,Success,CID658238,Bike,Indiranagar,Devanahalli,287.0,65.0,Not Applicable,Not Applicable,No,Not Applicable,818,Cash,23,4.6,3.3
2024-07-16 12:04:00,CNR1725676048,Success,CID888698,Auto,BTM Layout,Vijayanagar,238.0,55.0,Not Applicable,Not Applicable,Yes,Vehicle Breakdown,138,UPI,15,4.5,4.4
2024-07-08 05:46:00,CNR7273209312,Success,CID568193,Prime Plus,Sarjapur Road,Electronic City,49.0,85.0,Not Applicable,Not Applicable,No,Not Applicable,431,Cash,29,3.1,4.7
2024-07-07 18:27:00,CNR7726120611,Success,CID446552,Mini,Peenya,Hennur,42.0,75.0,Not Applicable,Not Applicable,No,Not Applicable,247,UPI,45,3.6,4.6
2024-07-23 14:52:00,CNR7892267520,Success,CID171794,Auto,Frazer Town,Majestic,203.0,100.0,Not Applicable,Not Applicable,No,Not Applicable,309,UPI,14,4.1,4.9
2024-07-20 06:51:00,CNR2358996504,Driver Not Found,CID958191,Prime SUV,Jayanagar,MG Road,,,Not Applicable,Not Applicable,Not Applicable,Not Applicable,318,Not Applicable,0,,
2024-07-04 06:57:00,CNR3808685383,Success,CID682817,Auto,Bellandur,Sahakar Nagar,63.0,120.0,Not Applicable,Not Applicable,No,Not Applicable,252,Cash,8,3.5,4.6
2024-07-18 17:31:00,CNR3322945081,Success,CID378834,Auto,Ramamurthy Nagar,Basavanagudi,301.0,65.0,Not Applicable,Not Applicable,No,Not Applicable,160,Cash,2,3.5,4.3
2024-07-08 08:17:00,CNR5064058661,Success,CID399504,Prime Plus,RT Nagar,Peenya,301.0,75.0,Not Applicable,Not Applicable,No,Not Applicable,887,Cash,13,3.4,4.5
2024-07-15 10:16:00,CNR7072534329,Success,CID780311,eBike,Richmond Town,Bellandur,35.0,130.0,Not Applicable,Not Applicable,No,Not Applicable,439,UPI,37,4.8,3.1
2024-07-25 19:18:00,CNR5597370408,Success,CID175999,Auto,Marathahalli,Magadi Road,266.0,40.0,Not Applicable,Not Applicable,No,Not Applicable,456,UPI,15,3.0,4.3
2024-07-15 17:47:00,CNR5452701510,Success,CID397538,Prime SUV,Whitefield,Koramangala,287.0,55.0,Not Applicable,Not Applicable,No,Not Applicable,932,Cash,41,3.8,3.2
2024-07-19 19:58:00,CNR3985999767,Success,CID798543,Auto,Chickpet,Chamarajpet,154.0,120.0,Not Applicable,Not Applicable,Yes,Vehicle Breakdown,336,UPI,5,3.0,3.7
2024-07-18 09:41:00,CNR8199405372,Driver Not Found,CID918786,Prime Sedan,Hulimavu,Rajajinagar,,,Not Applicable,Not Applicable,Not Applicable,Not Applicable,2412,Not Applicable,0,,
2024-07-09 14:44:00,CNR4538202814,Canceled by Driver,CID399176,eBike,Kammanahalli,Devanahalli,,,Not Applicable,Personal & Car related issue,Not Applicable,Not Applicable,435,Not Applicable,0,,
2024-07-06 04:18:00,CNR8699212416,Success,CID132900,Mini,Kadugodi,Electronic City,196.0,50.0,Not Applicable,Not Applicable,No,Not Applicable,2835,UPI,5,4.0,3.5
2024-07-01 18:58:00,CNR7966883045,Success,CID127071,Bike,Yeshwanthpur,Bellandur,245.0,45.0,Not Applicable,Not Applicable,No,Not Applicable,684,Cash,21,4.3,3.9
2024-07-26 15:53:00,CNR6247157461,Success,CID274484,Mini,Hosur Road,Majestic,273.0,75.0,Not Applicable,Not Applicable,No,Not Applicable,351,Cash,30,3.1,4.8
2024-07-02 08:23:00,CNR4071546041,Success,CID928065,Prime SUV,Peenya,Mysore Road,252.0,55.0,Not Applicable,Not Applicable,No,Not Applicable,878,Cash,31,5.0,4.9
2024-07-28 02:10:00,CNR1852686262,Success,CID347912,Mini,Hosur Road,Langford Town,140.0,95.0,Not Applicable,Not Applicable,No,Not Applicable,744,Cash,48,3.8,3.5
2024-07-12 03:16:00,CNR2722080811,Success,CID897072,Mini,Varthur,Koramangala,105.0,105.0,Not Applicable,Not Applicable,No,Not Applicable,336,UPI,38,4.7,4.4
2024-07-19 18:44:00,CNR6553832093,Success,CID862699,Prime SUV,Magadi Road,Vijayanagar,280.0,50.0,Not Applicable,Not Applicable,No,Not Applicable,274,Cash,11,3.4,3.2
2024-07-15 05:51:00,CNR6584335459,Success,CID222722,Prime Sedan,Varthur,Mysore Road,294.0,70.0,Not Applicable,Not Applicable,No,Not Applicable,344,Cash,32,4.3,4.9
2024-07-13 23:22:00,CNR7291817819,Success,CID889958,Auto,Cox Town,Magadi Road,168.0,125.0,Not Applicable,Not Applicable,No,Not Applicable,103,UPI,5,4.9,3.5
2024-07-03 22:09:00,CNR2915525289,Success,CID887701,Mini,Vijayanagar,MG Road,182.0,110.0,Not Applicable,Not Applicable,No,Not Applicable,186,Cash,39,3.1,4.8
2024-07-28 01:02:00,CNR4695894408,Driver Not Found,CID184294,Prime SUV,Varthur,Cox Town,,,Not Applicable,Not Applicable,Not Applicable,Not Applicable,818,Not Applicable,0,,
2024-07-19 20:44:00,CNR4490942059,Canceled by Customer,CID233015,Prime Plus,Bannerghatta Road,Bannerghatta Road,,,Driver asked to cancel,Not Applicable,Not Applicable,Not Applicable,306,Not Applicable,0,,
2024-07-14 07:25:00,CNR2885304827,Canceled by Driver,CID868713,Bike,Tumkur Road,Shantinagar,,,Not Applicable,Customer was coughing/sick,Not Applicable,Not Applicable,1100,Not Applicable,0,,
2024-07-15 20:45:00,CNR5786360444,Success,CID637899,Bike,Chickpet,Richmond Town,91.0,50.0,Not Applicable,Not Applicable,No,Not Applicable,278,Cash,12,4.1,4.6
2024-07-12 20:17:00,CNR9021325804,Success,CID850948,Auto,Banashankari,Hebbal,245.0,120.0,Not Applicable,Not Applicable,No,Not Applicable,652,Cash,2,3.1,5.0
2024-07-29 10:38:00,CNR4451450963,Canceled by Driver,CID532812,Prime Plus,Kadugodi,Bannerghatta Road,,,Not Applicable,Customer related issue,Not Applicable,Not Applicable,1635,Not Applicable,0,,
2024-07-15 20:22:00,CNR1068696907,Canceled by Driver,CID693519,Prime SUV,Shivajinagar,Cox Town,,,Not Applicable,Personal & Car related issue,Not Applicable,Not Applicable,622,Not Applicable,0,,
2024-07-17 00:34:00,CNR4963374363,Success,CID136813,Mini,Frazer Town,Peenya,140.0,120.0,Not Applicable,Not Applicable,No,Not Applicable,190,Cash,7,4.4,4.9
2024-07-22 20:45:00,CNR7256318449,Success,CID624434,Mini,Malleshwaram,Padmanabhanagar,42.0,30.0,Not Applicable,Not Applicable,No,Not Applicable,2091,Cash,8,3.3,4.4
2024-07-10 18:23:00,CNR9456036956,Success,CID555868,Auto,Marathahalli,Varthur,126.0,80.0,Not Applicable,Not Applicable,No,Not Applicable,297,UPI,9,4.6,4.2
2024-07-25 23:13:00,CNR1447659647,Success,CID780890,Prime Sedan,Indiranagar,Whitefield,105.0,90.0,Not Applicable,Not Applicable,No,Not Applicable,686,Cash,36,3.8,4.7
2024-07-19 18:59:00,CNR6436635558,Success,CID744706,Prime Plus,BTM Layout,MG Road,287.0,135.0,Not Applicable,Not Applicable,No,Not Applicable,255,UPI,23,4.5,3.1
2024-07-15 00:55:00,CNR4772576515,Success,CID452429,Auto,MG Road,Jayanagar,210.0,65.0,Not Applicable,Not Applicable,No,Not Applicable,347,UPI,6,4.2,3.2
2024-07-08 11:38:00,CNR8696989480,Canceled by Customer,CID210733,Prime Sedan,Majestic,MG Road,,,Wrong Address,Not Applicable,Not Applicable,Not Applicable,914,Not Applicable,0,,
2024-07-09 05:30:00,CNR5383029564,Success,CID631032,Prime Plus,Banashankari,Langford Town,42.0,110.0,Not Applicable,Not Applicable,No,Not Applicable,313,UPI,22,4.0,4.9
2024-07-27 22:41:00,CNR8362260338,Driver Not Found,CID400344,Prime Plus,Sahakar Nagar,Ulsoor,,,Not Applicable,Not Applicable,Not Applicable,Not Applicable,2292,Not Applicable,0,,
2024-07-10 00:20:00,CNR5968226502,Success,CID756993,Prime SUV,Electronic City,Indiranagar,301.0,40.0,Not Applicable,Not Applicable,No,Not Applicable,351,Cash,23,3.5,4.1
2024-07-22 16:19:00,CNR7290868950,Success,CID763850,Prime Sedan,Koramangala,Devanahalli,168.0,140.0,Not Applicable,Not Applicable,No,Not Applicable,170,Cash,2,4.4,5.0
2024-07-12 08:21:00,CNR8764684470,Canceled by Customer,CID529874,Auto,Koramangala,Banashankari,,,Driver is not moving towards pickup location,Not Applicable,Not Applicable,Not Applicable,337,Not Applicable,0,,
2024-07-14 04:57:00,CNR6856849226,Success,CID286507,Bike,Koramangala,KR Puram,238.0,45.0,Not Applicable,Not Applicable,No,Not Applicable,649,UPI,11,4.8,4.3
2024-07-14 10:47:00,CNR9486773554,Canceled by Driver,CID529382,Prime SUV,Devanahalli,Rajarajeshwari Nagar,,,Not Applicable,Customer was coughing/sick,Not Applicable,Not Applicable,1913,Not Applicable,0,,
2024-07-17 22:26:00,CNR4060254521,Canceled by Driver,CID990656,Auto,Marathahalli,Banashankari,,,Not Applicable,Personal & Car related issue,Not Applicable,Not Applicable,179,Not Applicable,0,,
2024-07-15 20:27:00,CNR1870079905,Success,CID150072,Mini,Varthur,Sarjapur Road,119.0,40.0,Not Applicable,Not Applicable,No,Not Applicable,491,Cash,43,4.7,4.0
2024-07-25 17:03:00,CNR6126653158,Canceled by Customer,CID415563,Prime SUV,Peenya,Yeshwanthpur,,,Driver asked to cancel,Not Applicable,Not Applicable,Not Applicable,221,Not Applicable,0,,
2024-07-11 12:10:00,CNR1920042488,Driver Not Found,CID401712,Bike,Cox Town,Devanahalli,,,Not Applicable,Not Applicable,Not Applicable,Not Applicable,2541,Not Applicable,0,,
2024-07-10 14:25:00,CNR4175505674,Canceled by Driver,CID222651,Auto,BTM Layout,Shivajinagar,,,Not Applicable,Customer related issue,Not Applicable,Not Applicable,445,Not Applicable,0,,
2024-07-21 06:25:00,CNR8942910809,Canceled by Driver,CID498712,eBike,Yeshwanthpur,BTM Layout,,,Not Applicable,Customer related issue,Not Applicable,Not Applicable,141,Not Applicable,0,,
2024-07-03 03:58:00,CNR9708735151,Canceled by Customer,CID944874,Auto,Electronic City,Malleshwaram,,,Driver is not moving towards pickup location,Not Applicable,Not Applicable,Not Applicable,154,Not Applicable,0,,
2024-07-28 19:18:00,CNR2007219741,Success,CID361146,Bike,Peenya,Ulsoor,49.0,70.0,Not Applicable,Not Applicable,No,Not Applicable,477,UPI,25,4.5,3.2
2024-07-10 07:43:00,CNR1941518718,Canceled by Driver,CID497245,eBike,Basavanagudi,KR Puram,,,Not Applicable,Personal & Car related issue,Not Applicable,Not Applicable,857,Not Applicable,0,,
2024-07-18 02:03:00,CNR6465273989,Canceled by Customer,CID965449,Prime SUV,Marathahalli,JP Nagar,,,Driver is not moving towards pickup location,Not Applicable,Not Applicable,Not Applicable,500,Not Applicable,0,,
2024-07-01 16:34:00,CNR8343251561,Driver Not Found,CID817940,Prime Sedan,Whitefield,Devanahalli,,,Not Applicable,Not Applicable,Not Applicable,Not Applicable,243,Not Applicable,0,,
2024-07-18 00:41:00,CNR4940746824,Canceled by Customer,CID443556,Prime SUV,KR Puram,RT Nagar,,,Driver is not moving towards pickup location,Not Applicable,Not Applicable,Not Applicable,459,Not Applicable,0,,
2024-07-30 20:45:00,CNR6285653848,Success,CID110420,Prime SUV,Ramamurthy Nagar,MG Road,308.0,85.0,Not Applicable,Not Applicable,No,Not Applicable,465,Cash,38,5.0,4.4
2024-07-14 17:17:00,CNR7154768618,Success,CID654545,Prime Plus,Electronic City,Mysore Road,308.0,90.0,Not Applicable,Not Applicable,Yes,Vehicle Breakdown,1756,UPI,24,4.7,4.7
2024-07-25 21:50:00,CNR5177193675,Success,CID899412,Prime Sedan,Devanahalli,Chickpet,98.0,45.0,Not Applicable,Not Applicable,No,Not Applicable,228,Cash,3,4.5,4.1
2024-07-10 03:00:00,CNR1996793120,Success,CID189460,Prime Plus,Padmanabhanagar,Kadugodi,91.0,95.0,Not Applicable,Not Applicable,Yes,Other Issue,2036,UPI,49,5.0,3.5
2024-07-20 04:43:00,CNR8365779096,Success,CID219373,Mini,Nagarbhavi,Hulimavu,63.0,80.0,Not Applicable,Not Applicable,No,Not Applicable,608,UPI,11,3.9,3.3
2024-07-03 17:31:00,CNR7762333124,Success,CID747800,Bike,Whitefield,Bannerghatta Road,224.0,110.0,Not Applicable,Not Applicable,No,Not Applicable,159,Cash,19,4.1,3.7
2024-07-20 18:48:00,CNR9568854257,Success,CID577907,Auto,JP Nagar,Sarjapur Road,105.0,105.0,Not Applicable,Not Applicable,No,Not Applicable,249,Cash,3,3.1,4.2
2024-07-11 20:18:00,CNR9683279312,Success,CID235888,Auto,Indiranagar,Langford Town,294.0,65.0,Not Applicable,Not Applicable,No,Not Applicable,292,UPI,7,4.3,3.3
2024-07-15 17:58:00,CNR5324438772,Success,CID270523,Mini,HSR Layout,Tumkur Road,112.0,115.0,Not Applicable,Not Applicable,No,Not Applicable,327,UPI,37,4.4,3.8
2024-07-17 13:22:00,CNR5847523300,Success,CID289228,eBike,Nagarbhavi,Hebbal,77.0,40.0,Not Applicable,Not Applicable,No,Not Applicable,406,UPI,37,3.6,3.7
2024-07-18 19:21:00,CNR1587545431,Success,CID549462,Prime Plus,JP Nagar,Varthur,259.0,30.0,Not Applicable,Not Applicable,No,Not Applicable,597,UPI,26,3.3,4.8
2024-07-25 20:15:00,CNR8700036170,Success,CID211689,Mini,Padmanabhanagar,RT Nagar,203.0,65.0,Not Applicable,Not Applicable,No,Not Applicable,369,UPI,25,4.0,4.2
2024-07-25 20:11:00,CNR9639942395,Success,CID887016,Prime Plus,Jayanagar,Hulimavu,301.0,40.0,Not Applicable,Not Applicable,Yes,Customer Demand,231,Cash,12,3.1,3.3
2024-07-03 07:26:00,CNR8508761323,Success,CID450678,Prime Plus,Ulsoor,Hosur Road,301.0,125.0,Not Applicable,Not Applicable,No,Not Applicable,183,Cash,29,4.0,4.6
2024-07-24 15:16:00,CNR2941016587,Driver Not Found,CID487845,Auto,Varthur,Kadugodi,,,Not Applicable,Not Applicable,Not Applicable,Not Applicable,140,Not Applicable,0,,
2024-07-05 05:16:00,CNR5304125537,Canceled by Driver,CID670444,Mini,Yeshwanthpur,Bellandur,,,Not Applicable,Customer related issue,Not Applicable,Not Applicable,838,Not Applicable,0,,
2024-07-14 16:39:00,CNR9112472027,Success,CID492906,Mini,Ramamurthy Nagar,Peenya,56.0,85.0,Not Applicable,Not Applicable,No,Not Applicable,147,Cash,19,3.4,3.2
2024-07-21 20:27:00,CNR6447017453,Success,CID329546,eBike,Ulsoor,Kengeri,56.0,60.0,Not Applicable,Not Applicable,No,Not Applicable,462,UPI,25,3.7,4.8
2024-07-20 00:36:00,CNR1578935218,Success,CID275191,Auto,Yelahanka,Indiranagar,266.0,145.0,Not Applicable,Not Applicable,No,Not Applicable,198,Cash,16,3.3,5.0
2024-07-20 02:54:00,CNR6699978354,Success,CID400704,Prime SUV,Hebbal,Basavanagudi,294.0,55.0,Not Applicable,Not Applicable,No,Not Applicable,441,Cash,21,3.1,4.5
2024-07-30 03:14:00,CNR9526115242,Success,CID986417,Prime SUV,Majestic,Indiranagar,224.0,120.0,Not Applicable,Not Applicable,No,Not Applicable,387,Cash,14,3.5,3.0
2024-07-25 01:03:00,CNR1530861143,Success,CID974301,Mini,Chickpet,Kadugodi,49.0,25.0,Not Applicable,Not Applicable,No,Not Applicable,723,Cash,35,3.3,4.3
2024-07-05 04:25:00,CNR4083015872,Success,CID746458,Prime SUV,Bellandur,Electronic City,126.0,70.0,Not Applicable,Not Applicable,No,Not Applicable,1885,Cash,37,4.1,4.8
2024-07-26 06:25:00,CNR1237785700,Success,CID276417,Prime Plus,Malleshwaram,Shivajinagar,203.0,55.0,Not Applicable,Not Applicable,No,Not Applicable,942,UPI,45,4.2,4.9
2024-07-11 14:45:00,CNR4999749025,Success,CID386276,Prime Plus,Banashankari,Nagarbhavi,147.0,85.0,Not Applicable,Not Applicable,No,Not Applicable,263,Cash,31,4.8,3.8
2024-07-30 19:41:00,CNR5492155684,Canceled by Driver,CID761516,Mini,HSR Layout,JP Nagar,,,Not Applicable,Customer related issue,Not Applicable,Not Applicable,423,Not Applicable,0,,
2024-07-27 01:27:00,CNR5286089390,Success,CID860159,Bike,MG Road,Whitefield,133.0,60.0,Not Applicable,Not Applicable,No,Not Applicable,1862,UPI,35,3.9,4.1
2024-07-09 22:10:00,CNR2325305766,Canceled by Customer,CID440513,Prime SUV,Hosur Road,Vijayanagar,,,AC is Not working,Not Applicable,Not Applicable,Not Applicable,219,Not Applicable,0,,
2024-07-06 15:45:00,CNR7909612752,Canceled by Driver,CID902897,Auto,Peenya,MG Road,,,Not Applicable,Customer related issue,Not Applicable,Not Applicable,200,Not Applicable,0,,
2024-07-27 03:54:00,CNR7381501715,Success,CID636803,Bike,Bannerghatta Road,Chamarajpet,133.0,130.0,Not Applicable,Not Applicable,No,Not Applicable,390,Cash,3,4.5,4.8
2024-07-01 18:28:00,CNR1817995652,Success,CID107881,eBike,Varthur,JP Nagar,77.0,60.0,Not Applicable,Not Applicable,No,Not Applicable,287,UPI,49,4.1,4.5
2024-07-29 17:16:00,CNR7790642474,Success,CID767620,eBike,Hennur,Vijayanagar,112.0,55.0,Not Applicable,Not Applicable,No,Not Applicable,347,Cash,39,3.6,4.0
2024-07-24 04:13:00,CNR6583989920,Success,CID700794,Prime SUV,HSR Layout,Marathahalli,217.0,120.0,Not Applicable,Not Applicable,No,Not Applicable,423,Cash,22,4.4,4.4
2024-07-07 23:55:00,CNR1306870053,Canceled by Driver,CID578445,eBike,KR Puram,Sahakar Nagar,,,Not Applicable,Customer was coughing/sick,Not Applicable,Not Applicable,452,Not Applicable,0,,
2024-07-07 21:43:00,CNR3290486419,Success,CID910294,Auto,Devanahalli,Tumkur Road,56.0,110.0,Not Applicable,Not Applicable,No,Not Applicable,824,Cash,3,4.2,3.6
2024-07-01 04:52:00,CNR8182190486,Success,CID563984,Auto,Rajajinagar,Sahakar Nagar,217.0,65.0,Not Applicable,Not Applicable,No,Not Applicable,615,UPI,2,4.2,3.1
2024-07-03 00:56:00,CNR7000902383,Success,CID277854,Prime Plus,Majestic,Padmanabhanagar,266.0,35.0,Not Applicable,Not Applicable,No,Not Applicable,411,Cash,18,3.4,4.8
2024-07-14 15:17:00,CNR8843658434,Success,CID729746,eBike,Nagarbhavi,HSR Layout,294.0,50.0,Not Applicable,Not Applicable,No,Not Applicable,114,Credit Card,7,4.2,3.5
2024-07-04 03:05:00,CNR2165569121,Canceled by Customer,CID109537,Auto,Koramangala,Ulsoor,,,Change of plans,Not Applicable,Not Applicable,Not Applicable,101,Not Applicable,0,,
2024-07-06 02:11:00,CNR4025464663,Success,CID174915,eBike,Vijayanagar,Marathahalli,266.0,145.0,Not Applicable,Not Applicable,No,Not Applicable,101,Cash,34,4.2,4.7
2024-07-21 21:35:00,CNR8527980226,Success,CID467259,Prime SUV,KR Puram,Malleshwaram,35.0,30.0,Not Applicable,Not Applicable,No,Not Applicable,676,Cash,8,4.2,3.8
2024-07-06 15:58:00,CNR7485593067,Driver Not Found,CID684598,Prime Plus,Electronic City,Bannerghatta Road,,,Not Applicable,Not Applicable,Not Applicable,Not Applicable,362,Not Applicable,0,,
2024-07-06 13:24:00,CNR5471912739,Success,CID798010,Mini,Magadi Road,Bannerghatta Road,77.0,125.0,Not Applicable,Not Applicable,No,Not Applicable,222,Cash,35,3.8,3.6
2024-07-17 08:33:00,CNR7642416925,Success,CID733465,Auto,Malleshwaram,Whitefield,56.0,90.0,Not Applicable,Not Applicable,No,Not Applicable,108,Cash,16,3.8,3.8
2024-07-11 06:03:00,CNR9970647533,Success,CID887590,Prime Plus,Shivajinagar,JP Nagar,245.0,110.0,Not Applicable,Not Applicable,No,Not Applicable,398,UPI,26,3.7,4.9
2024-07-30 05:18:00,CNR7530636686,Success,CID416341,Prime Plus,Basavanagudi,Magadi Road,147.0,60.0,Not Applicable,Not Applicable,Yes,Other Issue,141,Cash,16,3.1,4.2
2024-07-12 00:12:00,CNR8044021430,Success,CID810607,Bike,Chickpet,Tumkur Road,182.0,130.0,Not Applicable,Not Applicable,No,Not Applicable,2388,Cash,14,4.3,4.3
2024-07-24 14:01:00,CNR7719602040,Canceled by Customer,CID174404,Bike,Shivajinagar,Marathahalli,,,Driver is not moving towards pickup location,Not Applicable,Not Applicable,Not Applicable,267,Not Applicable,0,,
2024-07-13 16:59:00,CNR6865926934,Driver Not Found,CID880217,Mini,KR Puram,Indiranagar,,,Not Applicable,Not Applicable,Not Applicable,Not Applicable,481,Not Applicable,0,,
2024-07-25 22:20:00,CNR7780632204,Success,CID890781,Mini,Richmond Town,Shantinagar,84.0,45.0,Not Applicable,Not Applicable,No,Not Applicable,180,Credit Card,18,4.3,3.0
2024-07-09 19:27:00,CNR3458177356,Success,CID133234,Mini,Indiranagar,JP Nagar,259.0,95.0,Not Applicable,Not Applicable,No,Not Applicable,431,UPI,4,4.4,3.2
2024-07-07 21:25:00,CNR7947321817,Driver Not Found,CID994241,Prime SUV,Hebbal,Devanahalli,,,Not Applicable,Not Applicable,Not Applicable,Not Applicable,490,Not Applicable,0,,
2024-07-12 05:10:00,CNR9963568798,Success,CID595063,Auto,Yeshwanthpur,Majestic,98.0,110.0,Not Applicable,Not Applicable,No,Not Applicable,381,Cash,10,3.9,3.4
2024-07-06 19:12:00,CNR9247542409,Success,CID428102,Prime Plus,Padmanabhanagar,Sarjapur Road,77.0,30.0,Not Applicable,Not Applicable,No,Not Applicable,637,UPI,25,4.8,4.8
2024-07-03 10:53:00,CNR7916331911,Success,CID866914,Bike,Shivajinagar,KR Puram,175.0,135.0,Not Applicable,Not Applicable,No,Not Applicable,190,UPI,28,4.3,3.4
2024-07-09 19:12:00,CNR5877118996,Success,CID724812,eBike,Malleshwaram,Rajajinagar,280.0,100.0,Not Applicable,Not Applicable,Yes,Vehicle Breakdown,119,Cash,24,4.8,4.7
2024-07-27 21:50:00,CNR1495301711,Success,CID771525,Mini,Basavanagudi,Electronic City,224.0,80.0,Not Applicable,Not Applicable,No,Not Applicable,480,Cash,17,3.2,4.8
2024-07-07 04:43:00,CNR7493578464,Canceled by Driver,CID234147,Prime Plus,Shivajinagar,Cox Town,,,Not Applicable,Customer related issue,Not Applicable,Not Applicable,270,Not Applicable,0,,
2024-07-13 22:45:00,CNR6458664473,Success,CID558925,Bike,KR Puram,Cox Town,168.0,65.0,Not Applicable,Not Applicable,No,Not Applicable,394,UPI,38,3.8,4.1
2024-07-28 18:55:00,CNR7185965301,Success,CID375822,Prime SUV,Whitefield,Richmond Town,119.0,60.0,Not Applicable,Not Applicable,No,Not Applicable,350,UPI,18,3.7,4.9
2024-07-09 03:11:00,CNR2721961811,Canceled by Driver,CID144577,eBike,BTM Layout,Cox Town,,,Not Applicable,Customer was coughing/sick,Not Applicable,Not Applicable,533,Not Applicable,0,,
2024-07-06 12:21:00,CNR8270993523,Success,CID626303,eBike,Ulsoor,BTM Layout,252.0,105.0,Not Applicable,Not Applicable,No,Not Applicable,454,UPI,20,4.8,4.7
2024-07-16 20:36:00,CNR5795812713,Success,CID796765,eBike,Devanahalli,Yelahanka,147.0,130.0,Not Applicable,Not Applicable,No,Not Applicable,162,UPI,27,4.5,4.9
2024-07-13 23:03:00,CNR3830806477,Success,CID488690,Bike,Rajarajeshwari Nagar,Hebbal,133.0,55.0,Not Applicable,Not Applicable,No,Not Applicable,589,UPI,25,3.9,3.0
2024-07-26 07:24:00,CNR2110919309,Success,CID802732,Prime Plus,MG Road,Malleshwaram,266.0,40.0,Not Applicable,Not Applicable,No,Not Applicable,205,Cash,21,3.6,3.8
2024-07-05 06:13:00,CNR4298497345,Canceled by Driver,CID635853,Bike,Rajarajeshwari Nagar,Malleshwaram,,,Not Applicable,Personal & Car related issue,Not Applicable,Not Applicable,310,Not Applicable,0,,
2024-07-04 12:33:00,CNR6261252321,Success,CID172815,Prime Sedan,Kadugodi,Banashankari,126.0,90.0,Not Applicable,Not Applicable,No,Not Applicable,292,Cash,38,4.9,4.2
2024-07-29 14:46:00,CNR8213367981,Driver Not Found,CID116942,Prime Plus,Chamarajpet,Yelahanka,,,Not Applicable,Not Applicable,Not Applicable,Not Applicable,382,Not Applicable,0,,
2024-07-06 16:04:00,CNR5393865661,Canceled by Driver,CID588891,Prime Plus,Jayanagar,Koramangala,,,Not Applicable,Customer was coughing/sick,Not Applicable,Not Applicable,410,Not Applicable,0,,
2024-07-22 15:23:00,CNR9354710245,Success,CID424137,eBike,Tumkur Road,Frazer Town,259.0,90.0,Not Applicable,Not Applicable,No,Not Applicable,2165,Cash,35,3.8,3.1
2024-07-24 09:27:00,CNR9107470928,Success,CID455671,Bike,Kadugodi,BTM Layout,175.0,80.0,Not Applicable,Not Applicable,No,Not Applicable,433,Cash,34,4.0,4.9
2024-07-05 10:39:00,CNR6687242911,Canceled by Driver,CID674335,Bike,Yelahanka,Jayanagar,,,Not Applicable,More than permitted people in there,Not Applicable,Not Applicable,2198,Not Applicable,0,,
2024-07-26 12:10:00,CNR7911563836,Success,CID127949,Auto,Hulimavu,Banashankari,91.0,100.0,Not Applicable,Not Applicable,No,Not Applicable,1733,Cash,15,3.8,4.5
2024-07-03 16:20:00,CNR6864313249,Success,CID817190,Mini,Jayanagar,Hosur Road,189.0,115.0,Not Applicable,Not Applicable,No,Not Applicable,389,UPI,44,3.4,4.5
2024-07-15 16:45:00,CNR6513102071,Success,CID499984,Prime Sedan,Shivajinagar,Richmond Town,63.0,70.0,Not Applicable,Not Applicable,No,Not Applicable,404,UPI,47,4.5,3.0
2024-07-09 21:17:00,CNR8596260523,Driver Not Found,CID350707,Prime Plus,Nagarbhavi,Bellandur,,,Not Applicable,Not Applicable,Not Applicable,Not Applicable,178,Not Applicable,0,,
2024-07-14 10:47:00,CNR1321123376,Success,CID515349,Auto,Sarjapur Road,Tumkur Road,147.0,85.0,Not Applicable,Not Applicable,No,Not Applicable,136,Cash,6,4.8,3.8
2024-07-12 23:27:00,CNR8514753561,Success,CID287969,Bike,JP Nagar,Malleshwaram,133.0,110.0,Not Applicable,Not Applicable,No,Not Applicable,422,Cash,3,4.5,4.6
2024-07-28 04:18:00,CNR9808383612,Success,CID988263,Bike,Peenya,Rajarajeshwari Nagar,189.0,105.0,Not Applicable,Not Applicable,No,Not Applicable,194,Cash,35,4.3,4.9
2024-07-19 00:01:00,CNR8002386177,Driver Not Found,CID976882,Prime Sedan,Padmanabhanagar,Hennur,,,Not Applicable,Not Applicable,Not Applicable,Not Applicable,474,Not Applicable,0,,
2024-07-12 16:58:00,CNR7820226139,Success,CID509272,eBike,Koramangala,Mysore Road,175.0,145.0,Not Applicable,Not Applicable,No,Not Applicable,189,Cash,25,3.1,4.5
2024-07-17 00:44:00,CNR3616060414,Canceled by Driver,CID302120,Bike,Banashankari,Chickpet,,,Not Applicable,Personal & Car related issue,Not Applicable,Not Applicable,364,Not Applicable,0,,
2024-07-10 02:23:00,CNR1196152455,Success,CID685027,Prime Plus,BTM Layout,Bannerghatta Road,126.0,80.0,Not Applicable,Not Applicable,No,Not Applicable,1412,Cash,23,5.0,3.9
2024-07-03 16:43:00,CNR3861785498,Success,CID812304,Auto,Shantinagar,Kengeri,154.0,50.0,Not Applicable,Not Applicable,No,Not Applicable,214,Cash,16,4.0,4.5
2024-07-11 05:01:00,CNR8292402911,Success,CID981070,Prime Sedan,Cox Town,Yelahanka,273.0,60.0,Not Applicable,Not Applicable,No,Not Applicable,784,Cash,14,4.7,4.0
2024-07-29 18:20:00,CNR7156309517,Success,CID903346,Auto,Bannerghatta Road,Sarjapur Road,49.0,140.0,Not Applicable,Not Applicable,No,Not Applicable,327,Cash,7,3.8,3.9
2024-07-19 06:10:00,CNR2918583723,Success,CID796158,Bike,KR Puram,Chamarajpet,91.0,25.0,Not Applicable,Not Applicable,No,Not Applicable,393,UPI,29,4.2,4.1
2024-07-23 09:54:00,CNR5935206066,Success,CID571882,Prime Sedan,Hulimavu,Ulsoor,105.0,90.0,Not Applicable,Not Applicable,No,Not Applicable,211,UPI,34,3.8,3.6
2024-07-25 12:08:00,CNR5807704759,Success,CID148108,Bike,KR Puram,Devanahalli,245.0,40.0,Not Applicable,Not Applicable,No,Not Applicable,1864,UPI,41,4.7,3.2
2024-07-20 07:30:00,CNR2604513247,Canceled by Driver,CID941388,Mini,Sahakar Nagar,Nagarbhavi,,,Not Applicable,More than permitted people in there,Not Applicable,Not Applicable,491,Not Applicable,0,,
2024-07-24 18:30:00,CNR8784734468,Success,CID276934,Prime SUV,Devanahalli,Bannerghatta Road,161.0,85.0,Not Applicable,Not Applicable,No,Not Applicable,159,Cash,12,3.3,4.9
2024-07-10 23:10:00,CNR8036745516,Canceled by Customer,CID190294,Bike,Mysore Road,Hulimavu,,,Driver is not moving towards pickup location,Not Applicable,Not Applicable,Not Applicable,322,Not Applicable,0,,
2024-07-16 07:47:00,CNR1389023191,Success,CID540840,eBike,Kengeri,Yelahanka,210.0,35.0,Not Applicable,Not Applicable,No,Not Applicable,308,UPI,18,3.7,4.7
2024-07-06 16:44:00,CNR9327049262,Canceled by Customer,CID964398,Prime Plus,Peenya,Kammanahalli,,,Driver asked to cancel,Not Applicable,Not Applicable,Not Applicable,128,Not Applicable,0,,
2024-07-11 04:36:00,CNR6791233798,Driver Not Found,CID850977,Prime Plus,Yelahanka,Mysore Road,,,Not Applicable,Not Applicable,Not Applicable,Not Applicable,829,Not Applicable,0,,
2024-07-14 17:20:00,CNR3924097822,Success,CID768096,eBike,Electronic City,Koramangala,280.0,130.0,Not Applicable,Not Applicable,No,Not Applicable,849,UPI,28,4.2,4.8
2024-07-27 18:13:00,CNR1234851791,Success,CID550254,Prime Sedan,Vijayanagar,MG Road,70.0,60.0,Not Applicable,Not Applicable,No,Not Applicable,115,UPI,49,3.4,3.3
2024-07-29 00:40:00,CNR8284316263,Canceled by Driver,CID363159,Prime SUV,Hulimavu,Magadi Road,,,Not Applicable,Customer was coughing/sick,Not Applicable,Not Applicable,996,Not Applicable,0,,
2024-07-25 04:39:00,CNR8963532809,Canceled by Driver,CID822888,Auto,Vijayanagar,RT Nagar,,,Not Applicable,Customer related issue,Not Applicable,Not Applicable,105,Not Applicable,0,,
2024-07-23 07:36:00,CNR3880120410,Success,CID688055,eBike,Shantinagar,Vijayanagar,280.0,30.0,Not Applicable,Not Applicable,No,Not Applicable,1147,Cash,47,4.4,4.6
2024-07-08 19:00:00,CNR9599423219,Success,CID784030,eBike,Kammanahalli,Banashankari,77.0,100.0,Not Applicable,Not Applicable,No,Not Applicable,165,Cash,47,3.6,3.6
2024-07-25 21:09:00,CNR7805858827,Canceled by Driver,CID591814,Auto,Hulimavu,Kengeri,,,Not Applicable,Personal & Car related issue,Not Applicable,Not Applicable,375,Not Applicable,0,,
2024-07-23 19:47:00,CNR6574092802,Canceled by Driver,CID893556,Auto,Peenya,HSR Layout,,,Not Applicable,Customer was coughing/sick,Not Applicable,Not Applicable,320,Not Applicable,0,,
2024-07-26 09:09:00,CNR4614786207,Success,CID825506,Bike,Sahakar Nagar,Yeshwanthpur,196.0,45.0,Not Applicable,Not Applicable,No,Not Applicable,455,Cash,23,3.2,3.5
2024-07-22 02:15:00,CNR9454715131,Success,CID892409,Bike,Bannerghatta Road,Magadi Road,294.0,80.0,Not Applicable,Not Applicable,No,Not Applicable,426,Cash,9,3.2,4.5
2024-07-18 19:53:00,CNR4384026069,Success,CID623986,eBike,Chickpet,Banashankari,210.0,115.0,Not Applicable,Not Applicable,No,Not Applicable,586,UPI,13,3.7,4.4
2024-07-18 15:08:00,CNR7875082825,Driver Not Found,CID563402,Mini,Sarjapur Road,Cox Town,,,Not Applicable,Not Applicable,Not Applicable,Not Applicable,257,Not Applicable,0,,
2024-07-28 13:54:00,CNR8007158467,Driver Not Found,CID722931,eBike,Magadi Road,Banashankari,,,Not Applicable,Not Applicable,Not Applicable,Not Applicable,417,Not Applicable,0,,
2024-07-30 06:49:00,CNR4653500243,Canceled by Customer,CID284235,Prime SUV,Jayanagar,Ulsoor,,,Wrong Address,Not Applicable,Not Applicable,Not Applicable,435,Not Applicable,0,,
2024-07-09 13:44:00,CNR9659258823,Canceled by Customer,CID470949,Prime SUV,Koramangala,Sarjapur Road,,,Driver asked to cancel,Not Applicable,Not Applicable,Not Applicable,982,Not Applicable,0,,
2024-07-07 17:24:00,CNR2835248002,Driver Not Found,CID846482,Prime SUV,Varthur,Shivajinagar,,,Not Applicable,Not Applicable,Not Applicable,Not Applicable,261,Not Applicable,0,,
2024-07-07 20:10:00,CNR6679904703,Canceled by Driver,CID426325,eBike,BTM Layout,Chickpet,,,Not Applicable,Personal & Car related issue,Not Applicable,Not Applicable,408,Not Applicable,0,,
2024-07-11 13:01:00,CNR3572772176,Success,CID787727,Bike,Mysore Road,BTM Layout,49.0,85.0,Not Applicable,Not Applicable,Yes,Other Issue,442,UPI,2,3.6,3.2
2024-07-23 11:20:00,CNR2010995743,Driver Not Found,CID112368,Prime SUV,Hennur,Kammanahalli,,,Not Applicable,Not Applicable,Not Applicable,Not Applicable,113,Not Applicable,0,,
2024-07-18 09:56:00,CNR7847821485,Success,CID174456,eBike,Hosur Road,Basavanagudi,182.0,110.0,Not Applicable,Not Applicable,No,Not Applicable,222,UPI,45,4.5,3.9
2024-07-30 23:47:00,CNR1925837278,Canceled by Customer,CID921894,Prime Sedan,Frazer Town,Hulimavu,,,Driver asked to cancel,Not Applicable,Not Applicable,Not Applicable,828,Not Applicable,0,,
2024-07-16 02:57:00,CNR8661918470,Success,CID599372,Prime SUV,Shivajinagar,Varthur,105.0,65.0,Not Applicable,Not Applicable,No,Not Applicable,756,UPI,13,3.3,3.5
2024-07-16 07:31:00,CNR4834849150,Driver Not Found,CID725451,Prime Sedan,RT Nagar,Shivajinagar,,,Not Applicable,Not Applicable,Not Applicable,Not Applicable,179,Not Applicable,0,,
2024-07-18 06:26:00,CNR3458320976,Success,CID807976,Mini,Devanahalli,Jayanagar,217.0,100.0,Not Applicable,Not Applicable,No,Not Applicable,555,Cash,29,3.7,4.6
2024-07-01 04:38:00,CNR3672649843,Canceled by Driver,CID495850,eBike,Hulimavu,Hennur,,,Not Applicable,Customer related issue,Not Applicable,Not Applicable,219,Not Applicable,0,,
2024-07-03 09:31:00,CNR8563367643,Canceled by Driver,CID364661,Mini,Kengeri,BTM Layout,,,Not Applicable,More than permitted people in there,Not Applicable,Not Applicable,876,Not Applicable,0,,
2024-07-05 10:51:00,CNR7608814920,Driver Not Found,CID979724,Bike,Rajarajeshwari Nagar,Chamarajpet,,,Not Applicable,Not Applicable,Not Applicable,Not Applicable,915,Not Applicable,0,,
2024-07-11 01:27:00,CNR9455385608,Success,CID625661,Mini,Jayanagar,Nagarbhavi,245.0,105.0,Not Applicable,Not Applicable,No,Not Applicable,140,Cash,16,4.0,5.0
2024-07-22 04:28:00,CNR1763402440,Canceled by Customer,CID107941,Bike,Whitefield,Peenya,,,Driver is not moving towards pickup location,Not Applicable,Not Applicable,Not Applicable,150,Not Applicable,0,,
2024-07-17 19:12:00,CNR1941960094,Canceled by Driver,CID433976,Prime Plus,Yeshwanthpur,Varthur,,,Not Applicable,Personal & Car related issue,Not Applicable,Not Applicable,155,Not Applicable,0,,
2024-07-09 15:58:00,CNR7055491426,Success,CID553435,Prime SUV,Magadi Road,KR Puram,112.0,55.0,Not Applicable,Not Applicable,No,Not Applicable,190,Cash,1,4.3,4.8
2024-07-24 06:36:00,CNR8762371377,Success,CID834398,Prime Sedan,Rajajinagar,Jayanagar,175.0,25.0,Not Applicable,Not Applicable,No,Not Applicable,469,Cash,9,3.7,4.2
2024-07-19 03:19:00,CNR6951918159,Canceled by Customer,CID866659,Prime Plus,KR Puram,Whitefield,,,Driver asked to cancel,Not Applicable,Not Applicable,Not Applicable,491,Not Applicable,0,,
2024-07-06 06:35:00,CNR8745747235,Success,CID690704,Prime Sedan,Koramangala,Cox Town,189.0,65.0,Not Applicable,Not Applicable,No,Not Applicable,282,Credit Card,4,4.3,4.7
2024-07-13 09:01:00,CNR2218290884,Canceled by Customer,CID665451,Prime Sedan,Bellandur,Hennur,,,Driver is not moving towards pickup location,Not Applicable,Not Applicable,Not Applicable,237,Not Applicable,0,,
2024-07-29 22:28:00,CNR6592953708,Canceled by Customer,CID442665,Prime Sedan,Tumkur Road,Jayanagar,,,AC is Not working,Not Applicable,Not Applicable,Not Applicable,112,Not Applicable,0,,
2024-07-18 00:12:00,CNR9990451703,Success,CID496259,Prime Sedan,Frazer Town,Vijayanagar,175.0,130.0,Not Applicable,Not Applicable,No,Not Applicable,333,UPI,10,3.8,5.0
2024-07-02 07:06:00,CNR5304472507,Driver Not Found,CID938721,Bike,Hosur Road,Yelahanka,,,Not Applicable,Not Applicable,Not Applicable,Not Applicable,382,Not Applicable,0,,
2024-07-30 22:38:00,CNR1815795030,Success,CID102574,Bike,Nagarbhavi,Tumkur Road,77.0,105.0,Not Applicable,Not Applicable,No,Not Applicable,404,Cash,48,4.1,3.4
2024-07-24 04:03:00,CNR7928444358,Canceled by Driver,CID947430,Mini,Kadugodi,Koramangala,,,Not Applicable,Customer related issue,Not Applicable,Not Applicable,424,Not Applicable,0,,
2024-07-09 07:03:00,CNR4328764164,Canceled by Customer,CID981281,Prime SUV,BTM Layout,Tumkur Road,,,Wrong Address,Not Applicable,Not Applicable,Not Applicable,819,Not Applicable,0,,
2024-07-22 05:05:00,CNR2941550480,Canceled by Driver,CID363403,Mini,Bellandur,Peenya,,,Not Applicable,More than permitted people in there,Not Applicable,Not Applicable,137,Not Applicable,0,,
2024-07-29 22:08:00,CNR3704168020,Success,CID730359,Prime Sedan,Basavanagudi,Devanahalli,126.0,110.0,Not Applicable,Not Applicable,Yes,Customer Demand,707,Cash,45,3.9,4.7
2024-07-19 16:31:00,CNR2086693997,Success,CID321563,Auto,Tumkur Road,Hosur Road,266.0,55.0,Not Applicable,Not Applicable,No,Not Applicable,457,UPI,14,3.7,4.2
2024-07-30 08:48:00,CNR7720033982,Success,CID764764,Mini,RT Nagar,Sarjapur Road,182.0,135.0,Not Applicable,Not Applicable,No,Not Applicable,223,Cash,27,3.5,4.4
2024-07-16 05:53:00,CNR7567095642,Canceled by Customer,CID619459,Bike,Tumkur Road,Electronic City,,,Change of plans,Not Applicable,Not Applicable,Not Applicable,268,Not Applicable,0,,
2024-07-21 20:31:00,CNR6627224774,Success,CID926435,Prime Sedan,Whitefield,Chickpet,147.0,70.0,Not Applicable,Not Applicable,Yes,Vehicle Breakdown,239,Cash,39,3.8,4.2
2024-07-04 01:42:00,CNR4064683614,Success,CID540864,eBike,Electronic City,Varthur,112.0,65.0,Not Applicable,Not Applicable,No,Not Applicable,289,Cash,42,4.8,4.3
2024-07-12 13:04:00,CNR4556927285,Driver Not Found,CID774125,Auto,Indiranagar,Hosur Road,,,Not Applicable,Not Applicable,Not Applicable,Not Applicable,591,Not Applicable,0,,
2024-07-11 23:06:00,CNR5391450496,Success,CID545514,Prime Plus,Chamarajpet,Rajajinagar,238.0,65.0,Not Applicable,Not Applicable,No,Not Applicable,812,Cash,32,4.9,3.1
2024-07-02 10:17:00,CNR2916113529,Success,CID221215,eBike,Banashankari,Richmond Town,252.0,85.0,Not Applicable,Not Applicable,No,Not Applicable,168,UPI,11,4.5,4.4
2024-07-20 23:33:00,CNR2108734026,Canceled by Driver,CID738749,Mini,Hulimavu,Magadi Road,,,Not Applicable,Customer related issue,Not Applicable,Not Applicable,248,Not Applicable,0,,
2024-07-06 01:11:00,CNR2986939875,Canceled by Driver,CID792049,Prime SUV,Frazer Town,Devanahalli,,,Not Applicable,Personal & Car related issue,Not Applicable,Not Applicable,752,Not Applicable,0,,
2024-07-21 16:37:00,CNR8446849739,Driver Not Found,CID151342,Prime Sedan,Ramamurthy Nagar,Rajarajeshwari Nagar,,,Not Applicable,Not Applicable,Not Applicable,Not Applicable,337,Not Applicable,0,,
2024-07-10 16:16:00,CNR2102897133,Canceled by Driver,CID874424,eBike,Kammanahalli,Sahakar Nagar,,,Not Applicable,Personal & Car related issue,Not Applicable,Not Applicable,242,Not Applicable,0,,
2024-07-17 15:27:00,CNR9419302241,Success,CID468660,eBike,Bellandur,Kammanahalli,182.0,35.0,Not Applicable,Not Applicable,No,Not Applicable,287,UPI,36,3.5,3.2
2024-07-17 09:20:00,CNR3244665309,Canceled by Driver,CID977066,Mini,Indiranagar,Banashankari,,,Not Applicable,Customer was coughing/sick,Not Applicable,Not Applicable,160,Not Applicable,0,,
2024-07-01 23:42:00,CNR2180630925,Success,CID168265,Mini,Koramangala,Vijayanagar,245.0,85.0,Not Applicable,Not Applicable,No,Not Applicable,238,Cash,1,3.4,4.1
2024-07-04 16:07:00,CNR9842733309,Canceled by Driver,CID886401,Bike,Banashankari,Chamarajpet,,,Not Applicable,More than permitted people in there,Not Applicable,Not Applicable,129,Not Applicable,0,,
2024-07-05 18:50:00,CNR7297917582,Canceled by Driver,CID210074,Auto,JP Nagar,Richmond Town,,,Not Applicable,Customer related issue,Not Applicable,Not Applicable,888,Not Applicable,0,,
2024-07-02 22:58:00,CNR9326664010,Driver Not Found,CID846207,Mini,Magadi Road,Indiranagar,,,Not Applicable,Not Applicable,Not Applicable,Not Applicable,934,Not Applicable,0,,
2024-07-08 18:45:00,CNR8326513137,Success,CID958667,Mini,Richmond Town,Banashankari,91.0,110.0,Not Applicable,Not Applicable,No,Not Applicable,448,UPI,41,4.1,3.5
2024-07-07 16:19:00,CNR8486318080,Canceled by Driver,CID112436,Bike,Basavanagudi,Rajajinagar,,,Not Applicable,Customer related issue,Not Applicable,Not Applicable,863,Not Applicable,0,,
2024-07-27 02:08:00,CNR4206110516,Canceled by Driver,CID672313,Prime Plus,KR Puram,Basavanagudi,,,Not Applicable,Customer related issue,Not Applicable,Not Applicable,484,Not Applicable,0,,
2024-07-19 08:01:00,CNR1543099173,Canceled by Driver,CID148213,Mini,Kammanahalli,Chamarajpet,,,Not Applicable,Personal & Car related issue,Not Applicable,Not Applicable,268,Not Applicable,0,,
2024-07-12 09:40:00,CNR2495795057,Canceled by Driver,CID129620,Prime SUV,Basavanagudi,Varthur,,,Not Applicable,More than permitted people in there,Not Applicable,Not Applicable,109,Not Applicable,0,,
2024-07-24 23:23:00,CNR8929147085,Success,CID885778,eBike,Ramamurthy Nagar,Magadi Road,42.0,90.0,Not Applicable,Not Applicable,No,Not Applicable,458,Cash,31,4.2,4.9
2024-07-16 18:33:00,CNR8151080675,Success,CID351678,Bike,JP Nagar,Tumkur Road,308.0,130.0,Not Applicable,Not Applicable,No,Not Applicable,517,UPI,49,4.7,4.0
2024-07-22 15:42:00,CNR4910435170,Success,CID639108,Prime Sedan,Shivajinagar,Marathahalli,238.0,75.0,Not Applicable,Not Applicable,No,Not Applicable,353,Cash,36,4.4,3.7
2024-07-17 07:15:00,CNR2683682831,Success,CID816457,Prime Plus,JP Nagar,Sahakar Nagar,301.0,95.0,Not Applicable,Not Applicable,No,Not Applicable,253,UPI,30,3.6,3.0
2024-07-03 22:06:00,CNR1243726165,Success,CID472118,Prime Sedan,RT Nagar,Kengeri,161.0,65.0,Not Applicable,Not Applicable,No,Not Applicable,182,UPI,27,4.5,4.5
2024-07-02 06:01:00,CNR6551657011,Driver Not Found,CID349304,eBike,Hennur,Peenya,,,Not Applicable,Not Applicable,Not Applicable,Not Applicable,404,Not Applicable,0,,
2024-07-13 20:00:00,CNR6049305173,Success,CID664969,Auto,Hebbal,Padmanabhanagar,56.0,35.0,Not Applicable,Not Applicable,No,Not Applicable,396,UPI,1,3.5,3.1
2024-07-15 15:58:00,CNR6931980902,Success,CID587718,Prime Plus,Indiranagar,Kengeri,147.0,70.0,Not Applicable,Not Applicable,No,Not Applicable,1262,Cash,14,4.7,4.7
2024-07-04 20:45:00,CNR7204289645,Driver Not Found,CID343306,eBike,Cox Town,Koramangala,,,Not Applicable,Not Applicable,Not Applicable,Not Applicable,313,Not Applicable,0,,
2024-07-24 20:47:00,CNR4444010183,Success,CID781166,Mini,Majestic,Shantinagar,196.0,115.0,Not Applicable,Not Applicable,Yes,Vehicle Breakdown,113,Cash,29,4.0,4.9
2024-07-01 11:05:00,CNR9214374380,Success,CID861879,Bike,RT Nagar,MG Road,84.0,120.0,Not Applicable,Not Applicable,No,Not Applicable,233,Cash,38,4.6,4.3
2024-07-10 03:14:00,CNR8966118118,Driver Not Found,CID629525,Auto,Devanahalli,Frazer Town,,,Not Applicable,Not Applicable,Not Applicable,Not Applicable,214,Not Applicable,0,,
2024-07-06 16:29:00,CNR3109738110,Success,CID141372,Mini,Whitefield,Frazer Town,210.0,55.0,Not Applicable,Not Applicable,No,Not Applicable,184,Cash,8,3.3,3.4
2024-07-07 16:33:00,CNR5526048635,Driver Not Found,CID715122,Bike,Bellandur,Yeshwanthpur,,,Not Applicable,Not Applicable,Not Applicable,Not Applicable,320,Not Applicable,0,,
2024-07-26 04:48:00,CNR5804726226,Success,CID405611,Prime Plus,Chickpet,Hebbal,273.0,120.0,Not Applicable,Not Applicable,No,Not Applicable,345,UPI,16,4.1,4.5
2024-07-08 21:39:00,CNR2482676978,Success,CID878645,Prime Sedan,Chamarajpet,Yelahanka,98.0,40.0,Not Applicable,Not Applicable,No,Not Applicable,322,Debit Card,17,4.2,4.2
2024-07-01 18:47:00,CNR2974806563,Success,CID629056,Prime Plus,Sahakar Nagar,Sahakar Nagar,35.0,25.0,Not Applicable,Not Applicable,No,Not Applicable,318,Cash,13,3.8,4.7
2024-07-05 05:42:00,CNR3939084531,Success,CID417021,Mini,Peenya,Marathahalli,70.0,25.0,Not Applicable,Not Applicable,No,Not Applicable,475,Debit Card,32,4.8,4.5
2024-07-03 20:41:00,CNR8823202834,Canceled by Driver,CID643498,eBike,Tumkur Road,Marathahalli,,,Not Applicable,Personal & Car related issue,Not Applicable,Not Applicable,627,Not Applicable,0,,
2024-07-25 08:32:00,CNR1646917995,Success,CID783794,Auto,Mysore Road,Chickpet,154.0,95.0,Not Applicable,Not Applicable,No,Not Applicable,329,UPI,16,4.6,4.2
2024-07-30 10:33:00,CNR8176061508,Success,CID457498,eBike,Tumkur Road,MG Road,147.0,80.0,Not Applicable,Not Applicable,No,Not Applicable,883,Cash,23,3.4,4.2
2024-07-22 10:24:00,CNR2973776906,Canceled by Driver,CID189462,Prime SUV,BTM Layout,Richmond Town,,,Not Applicable,Customer was coughing/sick,Not Applicable,Not Applicable,276,Not Applicable,0,,
2024-07-02 08:49:00,CNR7909639977,Canceled by Customer,CID985442,Prime Sedan,Basavanagudi,Rajarajeshwari Nagar,,,Driver is not moving towards pickup location,Not Applicable,Not Applicable,Not Applicable,474,Not Applicable,0,,
2024-07-02 18:29:00,CNR2175746513,Canceled by Driver,CID751087,Auto,Malleshwaram,Shantinagar,,,Not Applicable,Personal & Car related issue,Not Applicable,Not Applicable,165,Not Applicable,0,,
2024-07-22 04:08:00,CNR3772351425,Canceled by Driver,CID568969,Auto,Yelahanka,Basavanagudi,,,Not Applicable,Customer related issue,Not Applicable,Not Applicable,315,Not Applicable,0,,
2024-07-05 05:28:00,CNR6095188312,Success,CID519121,Bike,Bellandur,Magadi Road,294.0,110.0,Not Applicable,Not Applicable,No,Not Applicable,399,Cash,15,4.0,4.3
2024-07-16 05:15:00,CNR9442360444,Canceled by Driver,CID888341,Prime SUV,Majestic,Sarjapur Road,,,Not Applicable,Customer was coughing/sick,Not Applicable,Not Applicable,346,Not Applicable,0,,
2024-07-18 10:30:00,CNR5779881952,Success,CID676342,Bike,Banashankari,Hennur,63.0,115.0,Not Applicable,Not Applicable,No,Not Applicable,545,Cash,6,4.2,3.1
2024-07-15 13:24:00,CNR1120838346,Success,CID189989,Prime Sedan,Malleshwaram,Peenya,245.0,95.0,Not Applicable,Not Applicable,No,Not Applicable,1931,UPI,30,3.1,3.0
2024-07-27 01:58:00,CNR7328263294,Success,CID809508,Auto,Cox Town,Mysore Road,154.0,85.0,Not Applicable,Not Applicable,No,Not Applicable,878,Cash,1,4.3,3.1
2024-07-28 01:50:00,CNR9445475531,Canceled by Customer,CID226875,Prime Plus,Padmanabhanagar,Langford Town,,,Driver is not moving towards pickup location,Not Applicable,Not Applicable,Not Applicable,479,Not Applicable,0,,
2024-07-10 11:50:00,CNR5612739159,Canceled by Driver,CID806026,Auto,Chickpet,Yeshwanthpur,,,Not Applicable,Customer was coughing/sick,Not Applicable,Not Applicable,689,Not Applicable,0,,
2024-07-18 23:00:00,CNR6907610686,Canceled by Driver,CID391190,Prime Sedan,Banashankari,Ulsoor,,,Not Applicable,Customer related issue,Not Applicable,Not Applicable,624,Not Applicable,0,,
2024-07-01 15:32:00,CNR5074156006,Canceled by Driver,CID814309,Bike,Kadugodi,Richmond Town,,,Not Applicable,Customer related issue,Not Applicable,Not Applicable,429,Not Applicable,0,,
2024-07-25 01:53:00,CNR6195373687,Canceled by Driver,CID787964,Prime SUV,Marathahalli,Jayanagar,,,Not Applicable,Personal & Car related issue,Not Applicable,Not Applicable,484,Not Applicable,0,,
2024-07-21 00:06:00,CNR8083829269,Driver Not Found,CID977686,Bike,Kammanahalli,Koramangala,,,Not Applicable,Not Applicable,Not Applicable,Not Applicable,258,Not Applicable,0,,
2024-07-23 11:47:00,CNR4078773589,Success,CID565574,eBike,Sahakar Nagar,Richmond Town,308.0,25.0,Not Applicable,Not Applicable,No,Not Applicable,194,Cash,38,4.1,3.7
2024-07-03 22:52:00,CNR3242438737,Success,CID686601,eBike,Langford Town,Malleshwaram,182.0,110.0,Not Applicable,Not Applicable,Yes,Vehicle Breakdown,974,Cash,40,4.6,4.4
2024-07-22 15:26:00,CNR2872857332,Driver Not Found,CID576999,Mini,Shivajinagar,Sarjapur Road,,,Not Applicable,Not Applicable,Not Applicable,Not Applicable,467,Not Applicable,0,,
2024-07-17 23:10:00,CNR4526564717,Success,CID647518,Bike,Malleshwaram,Malleshwaram,70.0,45.0,Not Applicable,Not Applicable,No,Not Applicable,498,Cash,18,3.6,4.2
2024-07-20 11:44:00,CNR8334813792,Success,CID886328,Prime Plus,Hebbal,Jayanagar,308.0,110.0,Not Applicable,Not Applicable,No,Not Applicable,381,UPI,12,4.5,4.4
2024-07-11 14:09:00,CNR8009668924,Success,CID127237,Prime Sedan,Electronic City,Vijayanagar,161.0,25.0,Not Applicable,Not Applicable,No,Not Applicable,714,Cash,49,3.3,4.6
2024-07-28 00:01:00,CNR1904777334,Success,CID790634,Prime Sedan,Frazer Town,HSR Layout,210.0,100.0,Not Applicable,Not Applicable,No,Not Applicable,247,Cash,25,4.3,4.6
2024-07-11 17:59:00,CNR8743224519,Success,CID461528,Auto,Majestic,Magadi Road,196.0,145.0,Not Applicable,Not Applicable,No,Not Applicable,193,UPI,4,3.5,3.0
2024-07-20 12:43:00,CNR3305885644,Success,CID405864,Mini,Tumkur Road,Magadi Road,147.0,50.0,Not Applicable,Not Applicable,No,Not Applicable,384,UPI,44,3.4,3.2
2024-07-12 20:41:00,CNR2855863716,Canceled by Driver,CID258733,Auto,Hulimavu,Kengeri,,,Not Applicable,Customer related issue,Not Applicable,Not Applicable,546,Not Applicable,0,,
2024-07-15 23:47:00,CNR7091747947,Success,CID634105,Prime Sedan,Kadugodi,Hosur Road,266.0,135.0,Not Applicable,Not Applicable,No,Not Applicable,509,UPI,14,3.6,5.0
2024-07-27 01:23:00,CNR8165708163,Success,CID232989,Prime SUV,Yeshwanthpur,Rajarajeshwari Nagar,42.0,35.0,Not Applicable,Not Applicable,No,Not Applicable,1851,UPI,7,3.2,4.2
2024-07-27 00:32:00,CNR4358916533,Success,CID569282,Prime Sedan,Chamarajpet,Devanahalli,168.0,100.0,Not Applicable,Not Applicable,No,Not Applicable,404,UPI,15,3.9,4.2
2024-07-29 18:00:00,CNR9563257246,Success,CID619428,Prime Plus,Ramamurthy Nagar,Varthur,301.0,120.0,Not Applicable,Not Applicable,No,Not Applicable,197,Cash,9,4.0,3.6
2024-07-15 19:07:00,CNR3059626340,Canceled by Customer,CID802947,Bike,Devanahalli,Rajarajeshwari Nagar,,,AC is Not working,Not Applicable,Not Applicable,Not Applicable,215,Not Applicable,0,,
2024-07-14 05:28:00,CNR9933262999,Canceled by Driver,CID994352,eBike,Magadi Road,Sahakar Nagar,,,Not Applicable,Customer was coughing/sick,Not Applicable,Not Applicable,614,Not Applicable,0,,
2024-07-10 12:31:00,CNR4353063110,Success,CID509706,Prime Plus,Electronic City,Bellandur,287.0,120.0,Not Applicable,Not Applicable,No,Not Applicable,305,UPI,20,3.7,3.9
2024-07-07 18:15:00,CNR6728077590,Canceled by Driver,CID848600,Bike,Magadi Road,Yeshwanthpur,,,Not Applicable,Customer was coughing/sick,Not Applicable,Not Applicable,401,Not Applicable,0,,
2024-07-13 00:45:00,CNR3985041436,Canceled by Driver,CID474424,Prime Plus,Shivajinagar,Nagarbhavi,,,Not Applicable,Personal & Car related issue,Not Applicable,Not Applicable,235,Not Applicable,0,,
2024-07-18 05:56:00,CNR5087762043,Success,CID131398,Prime SUV,Mysore Road,Kengeri,56.0,55.0,Not Applicable,Not Applicable,No,Not Applicable,334,Cash,38,4.1,4.8
2024-07-10 18:12:00,CNR3142110678,Success,CID482237,Bike,Shivajinagar,Chamarajpet,49.0,120.0,Not Applicable,Not Applicable,No,Not Applicable,423,Cash,37,4.2,4.3
2024-07-16 11:23:00,CNR2680006049,Success,CID876230,Auto,Mysore Road,Cox Town,63.0,75.0,Not Applicable,Not Applicable,No,Not Applicable,480,UPI,19,4.5,3.0
2024-07-19 22:56:00,CNR4208840019,Success,CID761307,eBike,Basavanagudi,Shantinagar,280.0,95.0,Not Applicable,Not Applicable,No,Not Applicable,376,Cash,18,3.6,3.2
2024-07-09 12:30:00,CNR7013625915,Success,CID586275,Auto,Peenya,Basavanagudi,42.0,25.0,Not Applicable,Not Applicable,No,Not Applicable,2175,UPI,6,3.5,3.5
2024-07-19 19:31:00,CNR5052613641,Success,CID771754,Mini,Chickpet,Langford Town,273.0,135.0,Not Applicable,Not Applicable,No,Not Applicable,878,UPI,15,4.6,3.6
2024-07-13 20:33:00,CNR1227066527,Success,CID790894,Mini,Vijayanagar,Devanahalli,154.0,80.0,Not Applicable,Not Applicable,No,Not Applicable,495,Credit Card,43,3.3,3.3
2024-07-10 10:08:00,CNR8051870121,Success,CID926510,Auto,Whitefield,Shantinagar,63.0,30.0,Not Applicable,Not Applicable,No,Not Applicable,777,UPI,18,4.2,4.8
2024-07-04 05:18:00,CNR8478520669,Success,CID292813,Prime Sedan,Indiranagar,Kadugodi,154.0,145.0,Not Applicable,Not Applicable,No,Not Applicable,2677,Cash,11,4.1,3.0
2024-07-02 16:58:00,CNR2595887622,Success,CID176980,Prime SUV,Padmanabhanagar,Nagarbhavi,287.0,25.0,Not Applicable,Not Applicable,No,Not Applicable,433,UPI,7,4.9,4.7
2024-07-05 23:34:00,CNR1683212611,Success,CID733815,Bike,Indiranagar,Bannerghatta Road,77.0,130.0,Not Applicable,Not Applicable,No,Not Applicable,738,UPI,49,3.9,3.6
2024-07-10 08:09:00,CNR6939041857,Success,CID895810,Prime Sedan,KR Puram,Hulimavu,105.0,65.0,Not Applicable,Not Applicable,No,Not Applicable,970,UPI,9,3.7,3.7
2024-07-09 16:59:00,CNR3022403750,Canceled by Customer,CID417848,Prime Sedan,Richmond Town,Bannerghatta Road,,,Driver is not moving towards pickup location,Not Applicable,Not Applicable,Not Applicable,342,Not Applicable,0,,
2024-07-01 18:43:00,CNR6835121005,Success,CID428921,Prime Plus,Koramangala,Banashankari,35.0,25.0,Not Applicable,Not Applicable,No,Not Applicable,610,UPI,11,4.4,3.3
2024-07-13 06:29:00,CNR9855595105,Success,CID127677,Prime SUV,Marathahalli,Sarjapur Road,70.0,45.0,Not Applicable,Not Applicable,No,Not Applicable,564,Cash,12,3.9,5.0
2024-07-27 06:30:00,CNR4830013311,Canceled by Customer,CID172195,Prime Sedan,Vijayanagar,Jayanagar,,,Change of plans,Not Applicable,Not Applicable,Not Applicable,358,Not Applicable,0,,
2024-07-04 12:11:00,CNR8518220062,Success,CID863356,Prime SUV,Rajajinagar,Shivajinagar,112.0,50.0,Not Applicable,Not Applicable,Yes,Other Issue,372,UPI,49,4.1,3.5
2024-07-04 13:04:00,CNR9816301515,Success,CID243585,Prime SUV,KR Puram,Ulsoor,77.0,120.0,Not Applicable,Not Applicable,Yes,Customer Demand,457,UPI,23,3.2,3.1
2024-07-30 05:48:00,CNR1474571818,Canceled by Customer,CID415035,Prime Plus,Varthur,Rajajinagar,,,Driver is not moving towards pickup location,Not Applicable,Not Applicable,Not Applicable,135,Not Applicable,0,,
2024-07-13 14:19:00,CNR9734438750,Success,CID525220,Prime SUV,Mysore Road,Yeshwanthpur,231.0,90.0,Not Applicable,Not Applicable,No,Not Applicable,416,UPI,1,4.1,3.3
2024-07-14 02:19:00,CNR2529826992,Success,CID268035,eBike,JP Nagar,Varthur,168.0,80.0,Not Applicable,Not Applicable,No,Not Applicable,447,Cash,9,5.0,3.3
2024-07-08 16:00:00,CNR3714369930,Driver Not Found,CID681866,Mini,Basavanagudi,Nagarbhavi,,,Not Applicable,Not Applicable,Not Applicable,Not Applicable,216,Not Applicable,0,,
2024-07-04 18:39:00,CNR2060751099,Success,CID149172,eBike,Kammanahalli,Banashankari,63.0,105.0,Not Applicable,Not Applicable,No,Not Applicable,2892,Cash,8,3.1,4.8
2024-07-05 05:11:00,CNR4746383022,Success,CID426876,Prime Plus,BTM Layout,Ulsoor,56.0,115.0,Not Applicable,Not Applicable,No,Not Applicable,148,UPI,45,3.0,4.8
2024-07-25 15:21:00,CNR1246890241,Success,CID167282,Prime SUV,Mysore Road,Kammanahalli,56.0,60.0,Not Applicable,Not Applicable,No,Not Applicable,1556,UPI,46,4.8,4.4
2024-07-24 09:50:00,CNR7599955231,Success,CID945298,Prime Plus,RT Nagar,Tumkur Road,280.0,110.0,Not Applicable,Not Applicable,No,Not Applicable,392,UPI,16,3.9,3.1
2024-07-16 02:10:00,CNR3947467913,Success,CID990754,Prime Plus,Langford Town,JP Nagar,77.0,130.0,Not Applicable,Not Applicable,No,Not Applicable,638,UPI,23,4.6,4.3
2024-07-07 14:07:00,CNR9183522094,Success,CID678989,Prime SUV,Hennur,Devanahalli,84.0,90.0,Not Applicable,Not Applicable,No,Not Applicable,1973,UPI,19,4.7,4.5
2024-07-22 08:03:00,CNR3480171639,Success,CID260785,Bike,Frazer Town,Richmond Town,259.0,40.0,Not Applicable,Not Applicable,Yes,Vehicle Breakdown,404,UPI,31,3.5,4.9
2024-07-03 14:49:00,CNR8177430601,Success,CID330324,eBike,Shivajinagar,Majestic,280.0,30.0,Not Applicable,Not Applicable,No,Not Applicable,486,UPI,10,3.9,4.5
2024-07-08 14:00:00,CNR8281170457,Canceled by Customer,CID638078,Prime Sedan,Hulimavu,Kadugodi,,,Change of plans,Not Applicable,Not Applicable,Not Applicable,296,Not Applicable,0,,
2024-07-05 00:13:00,CNR9179655941,Success,CID733269,Bike,Kammanahalli,RT Nagar,147.0,75.0,Not Applicable,Not Applicable,No,Not Applicable,477,UPI,44,3.4,4.2
2024-07-27 20:56:00,CNR3187712530,Canceled by Driver,CID658885,Bike,Ulsoor,Chamarajpet,,,Not Applicable,Personal & Car related issue,Not Applicable,Not Applicable,830,Not Applicable,0,,
2024-07-11 13:49:00,CNR2264021699,Success,CID443422,Prime Plus,Kengeri,Whitefield,133.0,75.0,Not Applicable,Not Applicable,No,Not Applicable,160,UPI,38,4.4,3.3
2024-07-04 21:33:00,CNR5126256599,Canceled by Driver,CID220551,Bike,Devanahalli,Indiranagar,,,Not Applicable,Personal & Car related issue,Not Applicable,Not Applicable,900,Not Applicable,0,,
2024-07-02 16:11:00,CNR3028689936,Success,CID887456,Auto,BTM Layout,Ulsoor,252.0,130.0,Not Applicable,Not Applicable,Yes,Vehicle Breakdown,830,UPI,12,3.9,3.0
2024-07-05 11:32:00,CNR8071893222,Success,CID324903,Prime SUV,Basavanagudi,Hebbal,98.0,120.0,Not Applicable,Not Applicable,No,Not Applicable,676,Cash,34,3.3,3.9
2024-07-02 03:44:00,CNR7025031122,Canceled by Driver,CID737550,Prime Sedan,BTM Layout,Whitefield,,,Not Applicable,Personal & Car related issue,Not Applicable,Not Applicable,605,Not Applicable,0,,
2024-07-10 01:09:00,CNR6516730903,Success,CID199985,Prime Plus,Shivajinagar,Hosur Road,189.0,110.0,Not Applicable,Not Applicable,No,Not Applicable,404,Cash,32,3.9,3.5
2024-07-18 18:04:00,CNR6516847444,Success,CID160881,Prime SUV,Shivajinagar,Bellandur,280.0,75.0,Not Applicable,Not Applicable,No,Not Applicable,2052,Credit Card,42,3.9,3.4
2024-07-01 23:38:00,CNR5452090853,Success,CID886236,Prime Sedan,Chamarajpet,Kadugodi,273.0,45.0,Not Applicable,Not Applicable,No,Not Applicable,415,Cash,15,3.6,3.2
2024-07-29 13:41:00,CNR8820542029,Success,CID584020,Prime Plus,Kammanahalli,Sarjapur Road,252.0,115.0,Not Applicable,Not Applicable,No,Not Applicable,186,UPI,10,3.6,3.6
2024-07-16 10:18:00,CNR9560140631,Success,CID276711,Bike,Tumkur Road,RT Nagar,210.0,75.0,Not Applicable,Not Applicable,No,Not Applicable,256,UPI,28,3.5,4.5
2024-07-20 03:45:00,CNR8346939392,Success,CID393332,Prime Sedan,Malleshwaram,Rajarajeshwari Nagar,42.0,80.0,Not Applicable,Not Applicable,No,Not Applicable,404,UPI,39,3.3,4.3
2024-07-08 20:15:00,CNR9426610811,Canceled by Driver,CID529687,Prime Sedan,Majestic,Ulsoor,,,Not Applicable,Customer related issue,Not Applicable,Not Applicable,391,Not Applicable,0,,
2024-07-10 01:34:00,CNR6932224993,Success,CID600703,eBike,RT Nagar,Tumkur Road,217.0,65.0,Not Applicable,Not Applicable,No,Not Applicable,522,Cash,48,3.2,3.3
2024-07-16 08:22:00,CNR7580004552,Canceled by Driver,CID610724,Auto,Hebbal,Richmond Town,,,Not Applicable,Personal & Car related issue,Not Applicable,Not Applicable,592,Not Applicable,0,,
2024-07-01 18:46:00,CNR6712251906,Success,CID944642,Prime Plus,Hebbal,Nagarbhavi,77.0,55.0,Not Applicable,Not Applicable,No,Not Applicable,956,UPI,34,3.2,3.7
2024-07-10 05:15:00,CNR2108667347,Canceled by Driver,CID408446,Prime Sedan,Devanahalli,Basavanagudi,,,Not Applicable,More than permitted people in there,Not Applicable,Not Applicable,719,Not Applicable,0,,
2024-07-03 18:55:00,CNR6205138540,Canceled by Driver,CID402035,Auto,Kadugodi,Chamarajpet,,,Not Applicable,More than permitted people in there,Not Applicable,Not Applicable,815,Not Applicable,0,,
2024-07-13 02:03:00,CNR7479457252,Success,CID236893,Bike,Whitefield,Jayanagar,161.0,30.0,Not Applicable,Not Applicable,No,Not Applicable,971,Cash,11,3.3,3.6
2024-07-04 18:46:00,CNR2259346882,Canceled by Driver,CID246844,Auto,Kengeri,HSR Layout,,,Not Applicable,Personal & Car related issue,Not Applicable,Not Applicable,185,Not Applicable,0,,
2024-07-16 19:04:00,CNR8838828715,Success,CID590247,Prime Sedan,Tumkur Road,Tumkur Road,203.0,55.0,Not Applicable,Not Applicable,No,Not Applicable,133,Cash,27,3.7,4.5
2024-07-22 14:09:00,CNR3089176987,Driver Not Found,CID710789,Bike,Kengeri,Hulimavu,,,Not Applicable,Not Applicable,Not Applicable,Not Applicable,180,Not Applicable,0,,
2024-07-04 18:23:00,CNR6085954862,Success,CID899152,eBike,Kadugodi,Marathahalli,91.0,55.0,Not Applicable,Not Applicable,No,Not Applicable,453,Cash,41,3.0,3.5
2024-07-16 13:09:00,CNR1643166490,Canceled by Driver,CID225950,Bike,Ramamurthy Nagar,Jayanagar,,,Not Applicable,Customer related issue,Not Applicable,Not Applicable,217,Not Applicable,0,,
2024-07-18 18:35:00,CNR9655445518,Success,CID206217,eBike,MG Road,Kammanahalli,189.0,45.0,Not Applicable,Not Applicable,No,Not Applicable,230,Cash,48,3.5,4.3
2024-07-19 20:59:00,CNR1032433129,Success,CID116687,Mini,Hennur,BTM Layout,308.0,120.0,Not Applicable,Not Applicable,No,Not Applicable,160,UPI,20,3.6,3.1
2024-07-24 17:19:00,CNR6746087033,Success,CID479388,Auto,Devanahalli,Hennur,182.0,70.0,Not Applicable,Not Applicable,No,Not Applicable,470,UPI,8,3.9,4.6
2024-07-29 17:19:00,CNR3967865667,Success,CID884718,Mini,JP Nagar,Koramangala,224.0,75.0,Not Applicable,Not Applicable,No,Not Applicable,445,UPI,6,4.7,3.2
2024-07-26 08:24:00,CNR8405493316,Driver Not Found,CID777336,Auto,Shivajinagar,Hennur,,,Not Applicable,Not Applicable,Not Applicable,Not Applicable,448,Not Applicable,0,,
2024-07-16 15:46:00,CNR9487611929,Driver Not Found,CID655743,eBike,Malleshwaram,Sarjapur Road,,,Not Applicable,Not Applicable,Not Applicable,Not Applicable,381,Not Applicable,0,,
2024-07-28 19:51:00,CNR3432745378,Canceled by Driver,CID813930,Prime Sedan,Ulsoor,Koramangala,,,Not Applicable,Customer was coughing/sick,Not Applicable,Not Applicable,608,Not Applicable,0,,
2024-07-23 23:17:00,CNR7298109092,Canceled by Driver,CID438451,Bike,KR Puram,Devanahalli,,,Not Applicable,More than permitted people in there,Not Applicable,Not Applicable,175,Not Applicable,0,,
2024-07-28 16:54:00,CNR8591710507,Canceled by Customer,CID355149,Prime SUV,RT Nagar,Chamarajpet,,,Driver is not moving towards pickup location,Not Applicable,Not Applicable,Not Applicable,360,Not Applicable,0,,
2024-07-15 07:47:00,CNR8741099305,Success,CID192686,Auto,Marathahalli,Rajajinagar,168.0,110.0,Not Applicable,Not Applicable,No,Not Applicable,2238,Cash,15,3.4,4.8
2024-07-03 15:13:00,CNR7835283876,Success,CID942993,Prime Plus,Indiranagar,Marathahalli,70.0,100.0,Not Applicable,Not Applicable,No,Not Applicable,189,Cash,27,4.1,4.8
2024-07-19 23:38:00,CNR4434367146,Canceled by Driver,CID759488,Prime Plus,Sahakar Nagar,Hosur Road,,,Not Applicable,Customer related issue,Not Applicable,Not Applicable,458,Not Applicable,0,,
2024-07-18 22:45:00,CNR7889702699,Success,CID489085,Prime SUV,Richmond Town,BTM Layout,252.0,135.0,Not Applicable,Not Applicable,No,Not Applicable,770,Cash,33,3.8,4.5
2024-07-10 08:27:00,CNR5107693090,Canceled by Customer,CID579916,Prime Sedan,Padmanabhanagar,RT Nagar,,,Wrong Address,Not Applicable,Not Applicable,Not Applicable,401,Not Applicable,0,,
2024-07-07 22:27:00,CNR8772173182,Success,CID753166,Prime Sedan,Hulimavu,Rajarajeshwari Nagar,91.0,40.0,Not Applicable,Not Applicable,No,Not Applicable,102,Credit Card,3,3.9,4.5
2024-07-13 18:16:00,CNR3129199318,Success,CID571148,Prime Plus,Yeshwanthpur,Devanahalli,77.0,70.0,Not Applicable,Not Applicable,No,Not Applicable,355,Cash,12,4.0,4.6
2024-07-02 09:12:00,CNR5244569749,Canceled by Customer,CID812816,Prime SUV,Vijayanagar,Kammanahalli,,,Driver asked to cancel,Not Applicable,Not Applicable,Not Applicable,436,Not Applicable,0,,
2024-07-27 14:17:00,CNR8420745705,Driver Not Found,CID277475,Mini,Kammanahalli,Langford Town,,,Not Applicable,Not Applicable,Not Applicable,Not Applicable,951,Not Applicable,0,,
2024-07-09 10:54:00,CNR6735686284,Success,CID203640,Auto,BTM Layout,RT Nagar,210.0,90.0,Not Applicable,Not Applicable,No,Not Applicable,144,Cash,16,3.5,3.9
2024-07-25 19:12:00,CNR1848842309,Success,CID387028,Prime Sedan,Ramamurthy Nagar,Hebbal,273.0,50.0,Not Applicable,Not Applicable,Yes,Vehicle Breakdown,460,UPI,44,3.2,3.0
2024-07-05 02:11:00,CNR8253223239,Canceled by Driver,CID758321,Prime Plus,HSR Layout,Devanahalli,,,Not Applicable,Customer related issue,Not Applicable,Not Applicable,404,Not Applicable,0,,
2024-07-15 01:12:00,CNR9842892454,Driver Not Found,CID585340,Mini,Mysore Road,Varthur,,,Not Applicable,Not Applicable,Not Applicable,Not Applicable,247,Not Applicable,0,,
2024-07-01 01:22:00,CNR6357601784,Success,CID423216,Bike,Varthur,Hosur Road,259.0,120.0,Not Applicable,Not Applicable,No,Not Applicable,2188,Cash,42,5.0,3.8
2024-07-10 20:54:00,CNR8569298207,Canceled by Driver,CID440256,Prime Plus,Varthur,Cox Town,,,Not Applicable,Customer related issue,Not Applicable,Not Applicable,255,Not Applicable,0,,
2024-07-10 23:04:00,CNR3137417985,Canceled by Driver,CID455510,Prime SUV,Vijayanagar,Ramamurthy Nagar,,,Not Applicable,More than permitted people in there,Not Applicable,Not Applicable,498,Not Applicable,0,,
2024-07-01 16:12:00,CNR1919070806,Driver Not Found,CID817875,Prime SUV,Varthur,MG Road,,,Not Applicable,Not Applicable,Not Applicable,Not Applicable,214,Not Applicable,0,,
2024-07-05 04:54:00,CNR7202416689,Success,CID130377,Prime SUV,Yeshwanthpur,Koramangala,245.0,90.0,Not Applicable,Not Applicable,No,Not Applicable,766,Cash,26,4.2,4.0
2024-07-08 20:40:00,CNR1281053769,Canceled by Driver,CID541347,Prime Plus,Majestic,MG Road,,,Not Applicable,Personal & Car related issue,Not Applicable,Not Applicable,1644,Not Applicable,0,,
2024-07-27 19:30:00,CNR6042835449,Success,CID943509,Auto,Magadi Road,Whitefield,252.0,80.0,Not Applicable,Not Applicable,No,Not Applicable,331,Cash,14,4.8,4.3
2024-07-18 01:20:00,CNR3546999876,Success,CID666301,Prime Sedan,Jayanagar,Hulimavu,63.0,95.0,Not Applicable,Not Applicable,No,Not Applicable,240,UPI,1,3.0,4.2
2024-07-03 19:45:00,CNR1506611854,Canceled by Customer,CID554537,Prime Sedan,Tumkur Road,Basavanagudi,,,Wrong Address,Not Applicable,Not Applicable,Not Applicable,258,Not Applicable,0,,
2024-07-16 19:38:00,CNR7129334548,Canceled by Customer,CID225865,Prime SUV,Peenya,Banashankari,,,Driver asked to cancel,Not Applicable,Not Applicable,Not Applicable,389,Not Applicable,0,,
2024-07-20 22:56:00,CNR6452164430,Success,CID678839,Bike,Kammanahalli,Hennur,168.0,60.0,Not Applicable,Not Applicable,No,Not Applicable,343,UPI,3,4.1,4.8
2024-07-30 07:36:00,CNR5286600569,Success,CID611816,eBike,Rajajinagar,MG Road,126.0,120.0,Not Applicable,Not Applicable,No,Not Applicable,1295,Cash,48,3.4,3.1
2024-07-12 20:42:00,CNR5738429946,Driver Not Found,CID390787,Prime Plus,Banashankari,Basavanagudi,,,Not Applicable,Not Applicable,Not Applicable,Not Applicable,895,Not Applicable,0,,
2024-07-07 05:48:00,CNR8231854790,Success,CID585606,Prime Plus,Yeshwanthpur,Whitefield,112.0,105.0,Not Applicable,Not Applicable,No,Not Applicable,652,Cash,13,3.6,3.8
2024-07-02 17:22:00,CNR7763887262,Canceled by Customer,CID296145,Bike,Langford Town,Tumkur Road,,,Driver asked to cancel,Not Applicable,Not Applicable,Not Applicable,554,Not Applicable,0,,
2024-07-15 22:11:00,CNR7123080814,Success,CID382610,Prime Plus,Hennur,Frazer Town,56.0,65.0,Not Applicable,Not Applicable,No,Not Applicable,712,UPI,5,4.3,4.8
2024-07-22 15:51:00,CNR2722994814,Success,CID820766,Auto,Peenya,KR Puram,56.0,140.0,Not Applicable,Not Applicable,No,Not Applicable,183,Cash,17,3.7,3.2
2024-07-24 06:03:00,CNR3128152533,Success,CID588619,Prime Sedan,Tumkur Road,MG Road,231.0,130.0,Not Applicable,Not Applicable,No,Not Applicable,360,UPI,39,4.4,3.2
2024-07-16 22:48:00,CNR2451528527,Success,CID884076,Auto,BTM Layout,Electronic City,154.0,95.0,Not Applicable,Not Applicable,No,Not Applicable,126,UPI,18,4.4,3.9
2024-07-13 16:28:00,CNR8576835580,Success,CID622625,Prime Plus,Majestic,Banashankari,154.0,65.0,Not Applicable,Not Applicable,No,Not Applicable,362,Cash,2,3.8,4.1
2024-07-23 22:37:00,CNR1724728701,Success,CID912471,Prime SUV,Devanahalli,Padmanabhanagar,42.0,110.0,Not Applicable,Not Applicable,No,Not Applicable,174,UPI,36,3.2,3.7
2024-07-30 23:17:00,CNR3276611736,Success,CID324297,Prime SUV,Nagarbhavi,Cox Town,35.0,100.0,Not Applicable,Not Applicable,No,Not Applicable,437,Cash,46,4.1,4.1
2024-07-22 20:29:00,CNR4500449163,Canceled by Driver,CID900261,Auto,Malleshwaram,Tumkur Road,,,Not Applicable,More than permitted people in there,Not Applicable,Not Applicable,827,Not Applicable,0,,
2024-07-12 01:54:00,CNR3046394229,Driver Not Found,CID965645,eBike,Shantinagar,Hosur Road,,,Not Applicable,Not Applicable,Not Applicable,Not Applicable,460,Not Applicable,0,,
2024-07-08 15:01:00,CNR7260287469,Canceled by Driver,CID333859,Prime Plus,Devanahalli,Marathahalli,,,Not Applicable,Customer was coughing/sick,Not Applicable,Not Applicable,418,Not Applicable,0,,
2024-07-20 04:42:00,CNR8435198005,Canceled by Customer,CID101470,Prime Plus,Hulimavu,Koramangala,,,Driver is not moving towards pickup location,Not Applicable,Not Applicable,Not Applicable,200,Not Applicable,0,,
2024-07-02 21:14:00,CNR9189962282,Canceled by Customer,CID606933,Auto,Basavanagudi,Kadugodi,,,Driver is not moving towards pickup location,Not Applicable,Not Applicable,Not Applicable,987,Not Applicable,0,,
2024-07-10 03:22:00,CNR8356753789,Success,CID578830,eBike,Malleshwaram,Hulimavu,63.0,30.0,Not Applicable,Not Applicable,No,Not Applicable,170,Cash,17,4.1,4.5
2024-07-23 12:42:00,CNR3344891427,Success,CID250629,Prime SUV,Hebbal,Rajajinagar,91.0,105.0,Not Applicable,Not Applicable,No,Not Applicable,2863,Cash,18,4.7,3.5
2024-07-15 20:57:00,CNR2404468958,Success,CID598452,Mini,Varthur,JP Nagar,273.0,60.0,Not Applicable,Not Applicable,No,Not Applicable,102,Cash,22,4.4,3.5
2024-07-21 21:03:00,CNR3475101515,Success,CID582146,Bike,Ramamurthy Nagar,Whitefield,49.0,40.0,Not Applicable,Not Applicable,No,Not Applicable,129,UPI,21,4.0,3.3
2024-07-12 07:38:00,CNR6576349082,Success,CID564306,Mini,Hulimavu,Frazer Town,49.0,140.0,Not Applicable,Not Applicable,No,Not Applicable,759,Cash,41,3.7,3.6
2024-07-21 16:26:00,CNR7455147852,Canceled by Customer,CID603610,Prime Sedan,Marathahalli,Ulsoor,,,Driver asked to cancel,Not Applicable,Not Applicable,Not Applicable,1784,Not Applicable,0,,
2024-07-04 22:28:00,CNR4070328215,Success,CID990039,Auto,Indiranagar,Mysore Road,147.0,35.0,Not Applicable,Not Applicable,No,Not Applicable,347,Cash,1,3.4,3.2
2024-07-28 19:42:00,CNR1306093767,Success,CID586310,Prime Sedan,HSR Layout,Frazer Town,84.0,130.0,Not Applicable,Not Applicable,No,Not Applicable,479,UPI,47,3.1,4.5
2024-07-19 06:17:00,CNR7908454481,Canceled by Driver,CID674821,Prime Sedan,Sahakar Nagar,Shantinagar,,,Not Applicable,Customer was coughing/sick,Not Applicable,Not Applicable,661,Not Applicable,0,,
2024-07-25 19:31:00,CNR6361243858,Canceled by Driver,CID950369,Prime Plus,Frazer Town,Bellandur,,,Not Applicable,More than permitted people in there,Not Applicable,Not Applicable,187,Not Applicable,0,,
2024-07-28 23:41:00,CNR3564379425,Driver Not Found,CID192593,Mini,Bellandur,KR Puram,,,Not Applicable,Not Applicable,Not Applicable,Not Applicable,206,Not Applicable,0,,
2024-07-14 14:38:00,CNR8260719450,Success,CID169268,eBike,Koramangala,Ramamurthy Nagar,91.0,30.0,Not Applicable,Not Applicable,No,Not Applicable,904,Cash,5,4.9,4.1
2024-07-18 01:12:00,CNR6979394542,Driver Not Found,CID342689,Prime Sedan,Chickpet,Mysore Road,,,Not Applicable,Not Applicable,Not Applicable,Not Applicable,202,Not Applicable,0,,
2024-07-09 05:20:00,CNR2634773020,Success,CID475881,Prime Sedan,Basavanagudi,Magadi Road,245.0,25.0,Not Applicable,Not Applicable,No,Not Applicable,511,Cash,10,3.5,4.1
2024-07-18 21:31:00,CNR2149174123,Success,CID315318,Prime SUV,Malleshwaram,RT Nagar,105.0,125.0,Not Applicable,Not Applicable,No,Not Applicable,189,Cash,5,3.6,3.2
2024-07-23 22:42:00,CNR6906140851,Success,CID703296,Prime Sedan,Sahakar Nagar,Majestic,280.0,45.0,Not Applicable,Not Applicable,No,Not Applicable,498,UPI,29,4.3,4.7
2024-07-23 16:22:00,CNR3531794286,Driver Not Found,CID161487,Prime Sedan,Jayanagar,Marathahalli,,,Not Applicable,Not Applicable,Not Applicable,Not Applicable,2519,Not Applicable,0,,
2024-07-04 21:12:00,CNR8213687115,Success,CID909976,eBike,Banashankari,Banashankari,154.0,30.0,Not Applicable,Not Applicable,No,Not Applicable,194,UPI,21,4.0,3.8
2024-07-28 14:48:00,CNR7706019170,Success,CID114766,Prime SUV,Banashankari,Frazer Town,161.0,130.0,Not Applicable,Not Applicable,No,Not Applicable,337,UPI,31,4.6,4.9
2024-07-12 07:30:00,CNR8378242683,Success,CID614753,eBike,Peenya,Shantinagar,252.0,65.0,Not Applicable,Not Applicable,No,Not Applicable,2412,Cash,12,4.9,3.6
2024-07-05 22:00:00,CNR7805622171,Driver Not Found,CID184016,Mini,Rajajinagar,Richmond Town,,,Not Applicable,Not Applicable,Not Applicable,Not Applicable,249,Not Applicable,0,,
2024-07-29 12:23:00,CNR3115986346,Success,CID580697,eBike,Marathahalli,Chickpet,98.0,85.0,Not Applicable,Not Applicable,No,Not Applicable,573,UPI,39,3.9,4.8
2024-07-15 07:50:00,CNR3888538768,Canceled by Customer,CID406427,Mini,Indiranagar,Tumkur Road,,,AC is Not working,Not Applicable,Not Applicable,Not Applicable,2418,Not Applicable,0,,
2024-07-20 02:03:00,CNR1014866360,Driver Not Found,CID721353,Bike,Chickpet,Padmanabhanagar,,,Not Applicable,Not Applicable,Not Applicable,Not Applicable,124,Not Applicable,0,,
2024-07-29 22:35:00,CNR6179816349,Canceled by Driver,CID143683,eBike,Nagarbhavi,KR Puram,,,Not Applicable,Personal & Car related issue,Not Applicable,Not Applicable,860,Not Applicable,0,,
2024-07-29 18:36:00,CNR3971185007,Success,CID928824,Prime Sedan,Peenya,Majestic,294.0,55.0,Not Applicable,Not Applicable,No,Not Applicable,291,UPI,4,4.4,4.2
2024-07-06 15:23:00,CNR4441365279,Canceled by Driver,CID667222,Auto,Sahakar Nagar,Vijayanagar,,,Not Applicable,Personal & Car related issue,Not Applicable,Not Applicable,156,Not Applicable,0,,
2024-07-28 18:44:00,CNR2868760664,Success,CID165203,Auto,Padmanabhanagar,Cox Town,308.0,80.0,Not Applicable,Not Applicable,No,Not Applicable,362,Cash,16,4.4,3.7
2024-07-20 04:47:00,CNR2059969423,Success,CID774744,Prime SUV,Kadugodi,Varthur,98.0,35.0,Not Applicable,Not Applicable,No,Not Applicable,766,Credit Card,37,3.2,4.9
2024-07-16 07:20:00,CNR8224389607,Canceled by Customer,CID152068,Prime Plus,Malleshwaram,Indiranagar,,,Driver is not moving towards pickup location,Not Applicable,Not Applicable,Not Applicable,236,Not Applicable,0,,
2024-07-20 23:17:00,CNR2201447526,Success,CID419457,Prime SUV,Padmanabhanagar,Sarjapur Road,140.0,140.0,Not Applicable,Not Applicable,No,Not Applicable,491,Cash,37,3.4,4.3
2024-07-01 00:37:00,CNR1378987726,Canceled by Customer,CID465099,Bike,Langford Town,Hebbal,,,Driver asked to cancel,Not Applicable,Not Applicable,Not Applicable,158,Not Applicable,0,,
2024-07-08 01:38:00,CNR2825905388,Success,CID416749,Prime SUV,Cox Town,Kengeri,210.0,100.0,Not Applicable,Not Applicable,No,Not Applicable,394,UPI,12,3.5,3.4
2024-07-21 01:51:00,CNR4073037843,Canceled by Driver,CID517619,eBike,Yelahanka,Ulsoor,,,Not Applicable,Customer related issue,Not Applicable,Not Applicable,321,Not Applicable,0,,
2024-07-27 12:35:00,CNR1498319977,Canceled by Driver,CID793277,Prime Plus,Cox Town,Devanahalli,,,Not Applicable,Personal & Car related issue,Not Applicable,Not Applicable,439,Not Applicable,0,,
2024-07-16 02:36:00,CNR8587057394,Success,CID759162,Prime Sedan,Ulsoor,Peenya,56.0,40.0,Not Applicable,Not Applicable,No,Not Applicable,299,Cash,3,4.5,3.3
2024-07-10 09:50:00,CNR6336819635,Success,CID429652,Prime Sedan,Marathahalli,Koramangala,238.0,90.0,Not Applicable,Not Applicable,No,Not Applicable,755,UPI,5,3.6,3.2
2024-07-12 19:25:00,CNR5993363494,Success,CID364232,Prime Sedan,Majestic,Hennur,133.0,115.0,Not Applicable,Not Applicable,No,Not Applicable,276,Cash,18,3.9,4.6
2024-07-02 04:28:00,CNR8379211888,Success,CID462613,eBike,Nagarbhavi,Rajarajeshwari Nagar,217.0,75.0,Not Applicable,Not Applicable,No,Not Applicable,646,Cash,47,4.2,4.0
2024-07-07 01:43:00,CNR1446019199,Canceled by Driver,CID493100,eBike,Bannerghatta Road,Hosur Road,,,Not Applicable,Customer related issue,Not Applicable,Not Applicable,156,Not Applicable,0,,
2024-07-14 23:28:00,CNR1069652812,Success,CID420212,Prime SUV,Electronic City,Kadugodi,273.0,30.0,Not Applicable,Not Applicable,No,Not Applicable,456,UPI,6,4.1,4.3
2024-07-15 03:35:00,CNR3648906304,Canceled by Driver,CID707999,Bike,Ramamurthy Nagar,Mysore Road,,,Not Applicable,Customer was coughing/sick,Not Applicable,Not Applicable,828,Not Applicable,0,,
2024-07-22 16:36:00,CNR9433356861,Canceled by Driver,CID369726,Prime Plus,Yeshwanthpur,BTM Layout,,,Not Applicable,Personal & Car related issue,Not Applicable,Not Applicable,283,Not Applicable,0,,
2024-07-11 08:14:00,CNR2261152792,Success,CID643514,Auto,Vijayanagar,Chamarajpet,301.0,125.0,Not Applicable,Not Applicable,No,Not Applicable,679,Debit Card,16,4.5,3.7
2024-07-20 00:59:00,CNR4773973025,Driver Not Found,CID634894,Bike,Malleshwaram,Electronic City,,,Not Applicable,Not Applicable,Not Applicable,Not Applicable,126,Not Applicable,0,,
2024-07-23 23:23:00,CNR1519097757,Canceled by Driver,CID210604,Auto,Sarjapur Road,Marathahalli,,,Not Applicable,Personal & Car related issue,Not Applicable,Not Applicable,990,Not Applicable,0,,
2024-07-17 12:32:00,CNR1290454878,Success,CID683618,Prime Plus,Ramamurthy Nagar,Jayanagar,210.0,105.0,Not Applicable,Not Applicable,No,Not Applicable,410,Cash,4,4.3,4.4
2024-07-23 08:02:00,CNR7092777974,Canceled by Driver,CID777584,Auto,Hebbal,Varthur,,,Not Applicable,Personal & Car related issue,Not Applicable,Not Applicable,240,Not Applicable,0,,
2024-07-14 13:41:00,CNR6624761216,Canceled by Driver,CID816422,Prime Sedan,Hulimavu,Chamarajpet,,,Not Applicable,Personal & Car related issue,Not Applicable,Not Applicable,314,Not Applicable,0,,
2024-07-13 16:11:00,CNR1667588914,Canceled by Customer,CID934542,Mini,KR Puram,JP Nagar,,,Driver is not moving towards pickup location,Not Applicable,Not Applicable,Not Applicable,2391,Not Applicable,0,,
2024-07-04 05:07:00,CNR2384503505,Canceled by Customer,CID109636,Bike,Vijayanagar,Kadugodi,,,Driver is not moving towards pickup location,Not Applicable,Not Applicable,Not Applicable,996,Not Applicable,0,,
2024-07-08 00:55:00,CNR6673938637,Success,CID957727,Bike,Banashankari,Banashankari,147.0,145.0,Not Applicable,Not Applicable,No,Not Applicable,804,Cash,4,4.1,3.6
2024-07-03 03:58:00,CNR8530336736,Canceled by Driver,CID700785,Mini,Sahakar Nagar,Peenya,,,Not Applicable,Personal & Car related issue,Not Applicable,Not Applicable,298,Not Applicable,0,,
2024-07-16 23:25:00,CNR9860271408,Driver Not Found,CID192325,Prime Plus,KR Puram,KR Puram,,,Not Applicable,Not Applicable,Not Applicable,Not Applicable,495,Not Applicable,0,,
2024-07-16 12:53:00,CNR7002232844,Success,CID535062,eBike,Mysore Road,JP Nagar,238.0,55.0,Not Applicable,Not Applicable,No,Not Applicable,277,Cash,39,4.3,4.4
2024-07-26 23:56:00,CNR7358867982,Canceled by Driver,CID692766,Auto,Kengeri,Hebbal,,,Not Applicable,More than permitted people in there,Not Applicable,Not Applicable,458,Not Applicable,0,,
2024-07-10 04:22:00,CNR7153013557,Success,CID562456,eBike,Shantinagar,Langford Town,245.0,105.0,Not Applicable,Not Applicable,No,Not Applicable,141,Cash,29,4.3,3.7
2024-07-19 00:55:00,CNR8241219612,Driver Not Found,CID155290,Prime Sedan,Chamarajpet,Jayanagar,,,Not Applicable,Not Applicable,Not Applicable,Not Applicable,2667,Not Applicable,0,,
2024-07-10 16:31:00,CNR4990930689,Canceled by Customer,CID195683,Prime Plus,RT Nagar,Langford Town,,,Driver is not moving towards pickup location,Not Applicable,Not Applicable,Not Applicable,933,Not Applicable,0,,
2024-07-30 21:16:00,CNR1145601325,Success,CID652523,Prime Sedan,Magadi Road,Yelahanka,196.0,105.0,Not Applicable,Not Applicable,No,Not Applicable,2338,UPI,25,4.4,4.6
2024-07-17 12:34:00,CNR2270999487,Success,CID513628,Auto,Magadi Road,Yelahanka,238.0,45.0,Not Applicable,Not Applicable,No,Not Applicable,928,Cash,17,4.4,3.1
2024-07-20 00:54:00,CNR6315706294,Success,CID747610,Mini,Koramangala,Electronic City,35.0,50.0,Not Applicable,Not Applicable,No,Not Applicable,473,Cash,8,3.3,4.7
2024-07-03 21:24:00,CNR8664190107,Success,CID741392,Prime SUV,Kengeri,Hebbal,77.0,65.0,Not Applicable,Not Applicable,No,Not Applicable,742,UPI,2,3.1,3.6
2024-07-10 02:32:00,CNR5342413538,Success,CID925017,Mini,HSR Layout,Kengeri,224.0,115.0,Not Applicable,Not Applicable,No,Not Applicable,234,Cash,47,4.5,3.4
2024-07-07 13:02:00,CNR7697048747,Success,CID213576,Bike,Mysore Road,MG Road,231.0,100.0,Not Applicable,Not Applicable,No,Not Applicable,485,Cash,26,3.7,4.4
2024-07-02 19:08:00,CNR7195069396,Success,CID391428,Mini,Kengeri,Jayanagar,126.0,130.0,Not Applicable,Not Applicable,No,Not Applicable,153,Cash,29,3.1,4.9
2024-07-24 13:50:00,CNR7782173803,Success,CID608767,Prime SUV,Hennur,Whitefield,175.0,75.0,Not Applicable,Not Applicable,No,Not Applicable,456,UPI,41,3.8,4.3
2024-07-04 23:13:00,CNR2139824100,Canceled by Driver,CID275479,Auto,MG Road,Indiranagar,,,Not Applicable,Customer related issue,Not Applicable,Not Applicable,669,Not Applicable,0,,
2024-07-09 20:56:00,CNR4310947793,Success,CID921922,Auto,Jayanagar,MG Road,126.0,125.0,Not Applicable,Not Applicable,No,Not Applicable,158,Cash,2,3.1,4.1
2024-07-05 16:29:00,CNR5316937675,Success,CID514086,Prime SUV,Koramangala,Yeshwanthpur,210.0,95.0,Not Applicable,Not Applicable,No,Not Applicable,405,Cash,43,4.7,3.6
2024-07-11 10:23:00,CNR5676027527,Driver Not Found,CID983883,eBike,Majestic,MG Road,,,Not Applicable,Not Applicable,Not Applicable,Not Applicable,980,Not Applicable,0,,
2024-07-26 14:09:00,CNR4012008075,Success,CID341351,Auto,Rajarajeshwari Nagar,Ulsoor,140.0,75.0,Not Applicable,Not Applicable,No,Not Applicable,146,Cash,9,3.5,4.4
2024-07-23 12:16:00,CNR7793282201,Canceled by Driver,CID918192,Bike,Peenya,Hebbal,,,Not Applicable,Customer was coughing/sick,Not Applicable,Not Applicable,389,Not Applicable,0,,
2024-07-11 03:48:00,CNR8346004419,Canceled by Customer,CID909094,Auto,Chickpet,Banashankari,,,Driver is not moving towards pickup location,Not Applicable,Not Applicable,Not Applicable,751,Not Applicable,0,,
2024-07-30 05:19:00,CNR6513918097,Success,CID573885,Prime Sedan,Yeshwanthpur,KR Puram,308.0,95.0,Not Applicable,Not Applicable,No,Not Applicable,460,UPI,24,4.5,4.8
2024-07-18 04:24:00,CNR6673678708,Success,CID410873,Prime Plus,Richmond Town,JP Nagar,56.0,120.0,Not Applicable,Not Applicable,No,Not Applicable,460,UPI,15,4.7,3.0
2024-07-11 07:36:00,CNR1046911018,Success,CID227556,Prime SUV,Rajarajeshwari Nagar,RT Nagar,189.0,140.0,Not Applicable,Not Applicable,No,Not Applicable,902,UPI,31,4.4,4.8
2024-07-07 15:36:00,CNR9698828339,Success,CID679722,Prime Plus,KR Puram,Magadi Road,175.0,125.0,Not Applicable,Not Applicable,No,Not Applicable,149,Cash,45,4.9,3.7
2024-07-05 23:18:00,CNR2285377761,Success,CID964245,Prime Plus,Indiranagar,Koramangala,56.0,30.0,Not Applicable,Not Applicable,No,Not Applicable,750,Cash,3,4.3,3.4
2024-07-15 08:30:00,CNR2375576297,Success,CID836641,Prime SUV,Chamarajpet,Banashankari,98.0,35.0,Not Applicable,Not Applicable,No,Not Applicable,899,Cash,26,3.1,4.7
2024-07-02 08:58:00,CNR3584708128,Success,CID426955,Prime SUV,Koramangala,Electronic City,294.0,45.0,Not Applicable,Not Applicable,No,Not Applicable,2659,Cash,36,4.9,3.4
2024-07-26 14:27:00,CNR4908339678,Canceled by Driver,CID349286,Mini,Hosur Road,Nagarbhavi,,,Not Applicable,Customer was coughing/sick,Not Applicable,Not Applicable,454,Not Applicable,0,,
2024-07-20 00:53:00,CNR3815061211,Success,CID619032,Auto,Varthur,Ulsoor,147.0,105.0,Not Applicable,Not Applicable,No,Not Applicable,471,UPI,12,4.9,4.9
2024-07-30 08:02:00,CNR9953474631,Canceled by Driver,CID590709,Prime Sedan,Devanahalli,KR Puram,,,Not Applicable,Customer related issue,Not Applicable,Not Applicable,145,Not Applicable,0,,
2024-07-18 15:52:00,CNR3755467305,Driver Not Found,CID521228,eBike,Electronic City,Hennur,,,Not Applicable,Not Applicable,Not Applicable,Not Applicable,249,Not Applicable,0,,
2024-07-21 14:37:00,CNR8889442472,Canceled by Customer,CID782936,Prime Plus,Whitefield,Yeshwanthpur,,,Change of plans,Not Applicable,Not Applicable,Not Applicable,339,Not Applicable,0,,
2024-07-03 08:53:00,CNR5966724390,Canceled by Driver,CID210741,Bike,Yelahanka,Vijayanagar,,,Not Applicable,Customer related issue,Not Applicable,Not Applicable,360,Not Applicable,0,,
2024-07-20 14:54:00,CNR4759830850,Success,CID298063,eBike,Richmond Town,Rajajinagar,280.0,60.0,Not Applicable,Not Applicable,No,Not Applicable,343,UPI,39,4.2,4.7
2024-07-11 11:35:00,CNR9123562999,Canceled by Customer,CID161545,Prime SUV,Hosur Road,Hebbal,,,Driver asked to cancel,Not Applicable,Not Applicable,Not Applicable,380,Not Applicable,0,,
2024-07-20 02:24:00,CNR6083261694,Success,CID775128,Bike,Basavanagudi,Basavanagudi,294.0,105.0,Not Applicable,Not Applicable,No,Not Applicable,159,UPI,1,4.5,3.2
2024-07-27 08:49:00,CNR3012099533,Success,CID552310,eBike,Mysore Road,Sahakar Nagar,126.0,95.0,Not Applicable,Not Applicable,No,Not Applicable,205,Cash,11,4.8,3.1
2024-07-23 21:54:00,CNR6960835011,Success,CID229796,Mini,Padmanabhanagar,Kengeri,217.0,115.0,Not Applicable,Not Applicable,No,Not Applicable,660,UPI,44,4.4,4.7
2024-07-07 00:47:00,CNR3359137080,Success,CID848320,Auto,Basavanagudi,Richmond Town,49.0,125.0,Not Applicable,Not Applicable,No,Not Applicable,2114,Cash,15,4.0,3.9
2024-07-10 22:15:00,CNR7591691265,Canceled by Driver,CID141955,Bike,Magadi Road,Varthur,,,Not Applicable,Personal & Car related issue,Not Applicable,Not Applicable,530,Not Applicable,0,,
2024-07-08 10:50:00,CNR4257582466,Success,CID582549,Prime Plus,Padmanabhanagar,Sahakar Nagar,56.0,60.0,Not Applicable,Not Applicable,No,Not Applicable,814,UPI,10,3.2,4.3
2024-07-04 16:05:00,CNR1673041799,Canceled by Driver,CID936666,Bike,Rajarajeshwari Nagar,Marathahalli,,,Not Applicable,Customer was coughing/sick,Not Applicable,Not Applicable,376,Not Applicable,0,,
2024-07-24 07:31:00,CNR8908893281,Canceled by Driver,CID222920,Auto,Kammanahalli,Basavanagudi,,,Not Applicable,Customer related issue,Not Applicable,Not Applicable,863,Not Applicable,0,,
2024-07-03 05:06:00,CNR1095310809,Canceled by Driver,CID236837,eBike,Rajarajeshwari Nagar,Ulsoor,,,Not Applicable,More than permitted people in there,Not Applicable,Not Applicable,600,Not Applicable,0,,
2024-07-07 23:51:00,CNR1790624688,Success,CID455285,Auto,Indiranagar,Whitefield,175.0,135.0,Not Applicable,Not Applicable,No,Not Applicable,314,UPI,7,3.3,4.1
2024-07-12 08:15:00,CNR4323687460,Success,CID288908,Prime Plus,Majestic,Banashankari,231.0,120.0,Not Applicable,Not Applicable,No,Not Applicable,442,Cash,40,4.5,4.8
2024-07-25 13:34:00,CNR3918410590,Canceled by Driver,CID192269,Bike,Ulsoor,Magadi Road,,,Not Applicable,Personal & Car related issue,Not Applicable,Not Applicable,255,Not Applicable,0,,
2024-07-16 17:35:00,CNR3631246403,Success,CID130273,Prime Sedan,Majestic,Indiranagar,168.0,60.0,Not Applicable,Not Applicable,No,Not Applicable,911,UPI,11,4.3,4.1
2024-07-27 10:02:00,CNR5623132304,Success,CID727968,eBike,Yeshwanthpur,Hulimavu,84.0,50.0,Not Applicable,Not Applicable,No,Not Applicable,295,UPI,32,4.6,4.5
2024-07-30 16:09:00,CNR4327451202,Success,CID998264,Prime SUV,Banashankari,Devanahalli,266.0,125.0,Not Applicable,Not Applicable,No,Not Applicable,383,UPI,34,4.6,4.5
2024-07-08 14:34:00,CNR4946322874,Canceled by Driver,CID862650,Prime Plus,Vijayanagar,Vijayanagar,,,Not Applicable,Customer was coughing/sick,Not Applicable,Not Applicable,961,Not Applicable,0,,
2024-07-22 20:34:00,CNR1070885174,Canceled by Customer,CID214394,Prime Plus,Hosur Road,Electronic City,,,Driver is not moving towards pickup location,Not Applicable,Not Applicable,Not Applicable,414,Not Applicable,0,,
2024-07-08 20:49:00,CNR5458016849,Success,CID262174,Prime SUV,Whitefield,RT Nagar,259.0,30.0,Not Applicable,Not Applicable,No,Not Applicable,297,Cash,31,4.8,3.5
2024-07-26 14:09:00,CNR1433815041,Canceled by Customer,CID277922,Bike,Kadugodi,RT Nagar,,,Driver asked to cancel,Not Applicable,Not Applicable,Not Applicable,600,Not Applicable,0,,
2024-07-26 01:23:00,CNR4532695865,Success,CID208660,Prime Sedan,Vijayanagar,HSR Layout,294.0,85.0,Not Applicable,Not Applicable,No,Not Applicable,290,Cash,41,4.4,3.5
2024-07-19 00:44:00,CNR3474578670,Success,CID496642,Prime Sedan,Majestic,Majestic,70.0,70.0,Not Applicable,Not Applicable,No,Not Applicable,237,UPI,36,3.6,4.7
2024-07-09 20:41:00,CNR8219617119,Canceled by Customer,CID390408,Bike,JP Nagar,Sahakar Nagar,,,Driver asked to cancel,Not Applicable,Not Applicable,Not Applicable,224,Not Applicable,0,,
2024-07-13 04:12:00,CNR5777051381,Canceled by Driver,CID503078,Mini,Shivajinagar,Majestic,,,Not Applicable,Customer was coughing/sick,Not Applicable,Not Applicable,462,Not Applicable,0,,
2024-07-25 02:51:00,CNR1228287581,Success,CID324077,Auto,Peenya,Varthur,175.0,45.0,Not Applicable,Not Applicable,No,Not Applicable,500,Debit Card,5,4.5,4.4
2024-07-12 11:13:00,CNR2771053846,Canceled by Customer,CID678088,eBike,Marathahalli,RT Nagar,,,Driver is not moving towards pickup location,Not Applicable,Not Applicable,Not Applicable,289,Not Applicable,0,,
2024-07-08 02:42:00,CNR1270654172,Success,CID344937,eBike,Langford Town,Nagarbhavi,77.0,80.0,Not Applicable,Not Applicable,No,Not Applicable,620,Cash,41,4.0,4.1
2024-07-19 00:02:00,CNR5326904990,Success,CID233785,Prime SUV,Rajarajeshwari Nagar,Nagarbhavi,182.0,40.0,Not Applicable,Not Applicable,No,Not Applicable,257,UPI,16,3.8,3.8
2024-07-06 10:42:00,CNR7414030118,Success,CID436580,Bike,Magadi Road,Koramangala,196.0,85.0,Not Applicable,Not Applicable,No,Not Applicable,335,Cash,20,3.2,4.4
2024-07-11 01:12:00,CNR9275323164,Success,CID720569,Auto,RT Nagar,Malleshwaram,126.0,95.0,Not Applicable,Not Applicable,No,Not Applicable,320,Cash,9,4.5,3.1
2024-07-18 20:19:00,CNR1297652929,Success,CID525741,Prime Sedan,Frazer Town,Sahakar Nagar,168.0,110.0,Not Applicable,Not Applicable,No,Not Applicable,191,Cash,3,4.8,4.7
2024-07-26 08:26:00,CNR1590584297,Success,CID133044,Mini,Jayanagar,Hebbal,203.0,145.0,Not Applicable,Not Applicable,No,Not Applicable,656,UPI,49,3.9,3.8
2024-07-23 17:35:00,CNR9526602651,Success,CID180494,Mini,Shantinagar,Basavanagudi,126.0,145.0,Not Applicable,Not Applicable,No,Not Applicable,608,UPI,39,4.9,4.3
2024-07-12 16:08:00,CNR7724554987,Success,CID719952,Mini,Shantinagar,Yelahanka,294.0,55.0,Not Applicable,Not Applicable,No,Not Applicable,626,UPI,45,3.7,4.7
2024-07-21 23:53:00,CNR1948242915,Canceled by Customer,CID973277,Prime Sedan,Chickpet,Indiranagar,,,AC is Not working,Not Applicable,Not Applicable,Not Applicable,468,Not Applicable,0,,
2024-07-25 12:58:00,CNR3495656442,Success,CID653847,Mini,Tumkur Road,MG Road,49.0,40.0,Not Applicable,Not Applicable,No,Not Applicable,228,UPI,46,4.0,3.6
2024-07-23 17:47:00,CNR7264256567,Canceled by Customer,CID265407,Auto,Nagarbhavi,Vijayanagar,,,Driver asked to cancel,Not Applicable,Not Applicable,Not Applicable,350,Not Applicable,0,,
2024-07-09 01:47:00,CNR7110144135,Success,CID217049,eBike,Indiranagar,Hennur,77.0,110.0,Not Applicable,Not Applicable,No,Not Applicable,114,Cash,6,3.3,4.3
2024-07-25 18:39:00,CNR1413313198,Canceled by Driver,CID858998,Prime SUV,Magadi Road,Kammanahalli,,,Not Applicable,Personal & Car related issue,Not Applicable,Not Applicable,227,Not Applicable,0,,
2024-07-07 05:59:00,CNR8733526418,Success,CID101196,Auto,Kengeri,Vijayanagar,231.0,110.0,Not Applicable,Not Applicable,No,Not Applicable,1396,Cash,18,3.4,4.3
2024-07-04 19:24:00,CNR8688474600,Success,CID491231,Prime Sedan,Varthur,Kadugodi,203.0,125.0,Not Applicable,Not Applicable,No,Not Applicable,259,Cash,6,3.1,3.5
2024-07-29 00:09:00,CNR5336727865,Success,CID991960,Prime Sedan,Peenya,Ulsoor,105.0,25.0,Not Applicable,Not Applicable,No,Not Applicable,322,Cash,20,3.6,3.3
2024-07-23 22:41:00,CNR5568798273,Success,CID881554,eBike,Hebbal,Electronic City,273.0,145.0,Not Applicable,Not Applicable,No,Not Applicable,377,Cash,43,5.0,3.8
2024-07-22 18:46:00,CNR6766639539,Success,CID815156,Prime SUV,Malleshwaram,HSR Layout,266.0,100.0,Not Applicable,Not Applicable,No,Not Applicable,142,Cash,21,5.0,3.2
2024-07-25 05:14:00,CNR3512764826,Success,CID431805,Bike,Vijayanagar,Langford Town,217.0,30.0,Not Applicable,Not Applicable,No,Not Applicable,389,Cash,32,4.6,4.2
2024-07-09 04:01:00,CNR6051361011,Success,CID123352,Mini,Kengeri,Kadugodi,266.0,80.0,Not Applicable,Not Applicable,No,Not Applicable,256,UPI,41,3.0,3.4
2024-07-26 12:19:00,CNR3960681412,Success,CID896078,Auto,Vijayanagar,Frazer Town,112.0,100.0,Not Applicable,Not Applicable,No,Not Applicable,822,Cash,7,4.3,3.6
2024-07-20 04:15:00,CNR9778557461,Canceled by Customer,CID543946,Prime SUV,Sahakar Nagar,Whitefield,,,AC is Not working,Not Applicable,Not Applicable,Not Applicable,328,Not Applicable,0,,
2024-07-04 07:33:00,CNR5847932453,Driver Not Found,CID612330,Prime Plus,KR Puram,Electronic City,,,Not Applicable,Not Applicable,Not Applicable,Not Applicable,327,Not Applicable,0,,
2024-07-02 23:07:00,CNR4072141015,Success,CID343200,Prime SUV,Sahakar Nagar,Koramangala,196.0,40.0,Not Applicable,Not Applicable,No,Not Applicable,490,UPI,17,3.4,3.1
2024-07-12 22:47:00,CNR1342804760,Driver Not Found,CID396725,Auto,Chamarajpet,Whitefield,,,Not Applicable,Not Applicable,Not Applicable,Not Applicable,307,Not Applicable,0,,
2024-07-13 07:24:00,CNR1984123516,Success,CID221881,Mini,Banashankari,Sarjapur Road,42.0,125.0,Not Applicable,Not Applicable,No,Not Applicable,867,UPI,37,3.9,4.7
2024-07-19 23:48:00,CNR1552794133,Driver Not Found,CID912342,Prime Sedan,Padmanabhanagar,Kadugodi,,,Not Applicable,Not Applicable,Not Applicable,Not Applicable,986,Not Applicable,0,,
2024-07-09 04:34:00,CNR4898128548,Success,CID371426,Prime Plus,Majestic,Banashankari,133.0,100.0,Not Applicable,Not Applicable,No,Not Applicable,338,Cash,40,4.5,3.6
2024-07-09 17:28:00,CNR9012488110,Canceled by Driver,CID721365,Prime Plus,Langford Town,Koramangala,,,Not Applicable,More than permitted people in there,Not Applicable,Not Applicable,395,Not Applicable,0,,
2024-07-25 18:48:00,CNR8320871506,Canceled by Driver,CID363937,Prime Sedan,Kengeri,Electronic City,,,Not Applicable,Customer was coughing/sick,Not Applicable,Not Applicable,400,Not Applicable,0,,
2024-07-21 06:47:00,CNR3858393600,Success,CID554776,Prime SUV,Marathahalli,Richmond Town,266.0,110.0,Not Applicable,Not Applicable,Yes,Vehicle Breakdown,319,Cash,27,3.9,3.3
2024-07-26 19:43:00,CNR2037179899,Success,CID800699,Prime Plus,Marathahalli,Malleshwaram,133.0,35.0,Not Applicable,Not Applicable,No,Not Applicable,190,Cash,20,4.7,3.9
2024-07-02 12:31:00,CNR8382650088,Success,CID395866,Bike,Varthur,Peenya,203.0,110.0,Not Applicable,Not Applicable,No,Not Applicable,2589,UPI,37,4.5,5.0
2024-07-04 16:03:00,CNR7801539681,Success,CID795166,Mini,Marathahalli,Kadugodi,217.0,105.0,Not Applicable,Not Applicable,No,Not Applicable,267,Cash,22,3.7,4.0
2024-07-26 13:59:00,CNR6360929056,Canceled by Driver,CID534056,Mini,Kammanahalli,Indiranagar,,,Not Applicable,Customer related issue,Not Applicable,Not Applicable,357,Not Applicable,0,,
2024-07-20 20:49:00,CNR6382909829,Success,CID769355,Prime Sedan,Vijayanagar,Malleshwaram,84.0,90.0,Not Applicable,Not Applicable,No,Not Applicable,730,Cash,16,4.7,3.6
2024-07-03 22:06:00,CNR9295849649,Success,CID593633,Prime Plus,KR Puram,Sarjapur Road,266.0,140.0,Not Applicable,Not Applicable,No,Not Applicable,101,UPI,24,4.2,3.8
2024-07-20 11:05:00,CNR6509675637,Canceled by Driver,CID380296,Bike,Padmanabhanagar,Sahakar Nagar,,,Not Applicable,Customer related issue,Not Applicable,Not Applicable,338,Not Applicable,0,,
2024-07-29 08:43:00,CNR7883851742,Success,CID304873,Auto,Tumkur Road,Rajarajeshwari Nagar,42.0,50.0,Not Applicable,Not Applicable,No,Not Applicable,285,UPI,4,3.7,4.9
2024-07-08 10:38:00,CNR3957361110,Success,CID492432,Bike,Frazer Town,Chamarajpet,252.0,60.0,Not Applicable,Not Applicable,No,Not Applicable,338,Credit Card,25,4.3,4.7
2024-07-16 12:32:00,CNR7166027354,Success,CID139718,Bike,Hennur,Indiranagar,294.0,50.0,Not Applicable,Not Applicable,No,Not Applicable,311,Credit Card,34,5.0,4.5
2024-07-01 11:28:00,CNR6576180598,Success,CID733169,eBike,Frazer Town,Chickpet,266.0,35.0,Not Applicable,Not Applicable,No,Not Applicable,260,Cash,7,3.3,4.9
2024-07-19 16:35:00,CNR8239537480,Canceled by Driver,CID249591,eBike,Peenya,Banashankari,,,Not Applicable,Personal & Car related issue,Not Applicable,Not Applicable,251,Not Applicable,0,,
2024-07-30 07:36:00,CNR5839493045,Success,CID279740,Prime SUV,Shivajinagar,Rajarajeshwari Nagar,287.0,70.0,Not Applicable,Not Applicable,No,Not Applicable,701,UPI,3,3.8,3.7
2024-07-20 04:23:00,CNR8559316388,Canceled by Driver,CID967836,eBike,Koramangala,Banashankari,,,Not Applicable,Personal & Car related issue,Not Applicable,Not Applicable,982,Not Applicable,0,,
2024-07-27 06:27:00,CNR5329620653,Success,CID335195,Bike,Hulimavu,Chickpet,182.0,30.0,Not Applicable,Not Applicable,No,Not Applicable,960,Cash,20,4.5,4.9
2024-07-03 04:21:00,CNR7322719044,Success,CID436699,Bike,Magadi Road,Rajajinagar,231.0,100.0,Not Applicable,Not Applicable,No,Not Applicable,283,UPI,34,4.3,3.1
2024-07-04 13:10:00,CNR3822916841,Canceled by Driver,CID897901,Prime SUV,BTM Layout,Yelahanka,,,Not Applicable,More than permitted people in there,Not Applicable,Not Applicable,657,Not Applicable,0,,
2024-07-12 04:33:00,CNR1869983813,Driver Not Found,CID564720,Prime Sedan,Mysore Road,Devanahalli,,,Not Applicable,Not Applicable,Not Applicable,Not Applicable,467,Not Applicable,0,,
2024-07-09 02:39:00,CNR6963110562,Canceled by Driver,CID964941,Bike,Rajarajeshwari Nagar,Nagarbhavi,,,Not Applicable,Customer related issue,Not Applicable,Not Applicable,991,Not Applicable,0,,
2024-07-10 14:06:00,CNR6235610305,Canceled by Driver,CID292865,eBike,Chamarajpet,Shantinagar,,,Not Applicable,Personal & Car related issue,Not Applicable,Not Applicable,317,Not Applicable,0,,
2024-07-03 18:48:00,CNR8150769668,Success,CID908222,Mini,JP Nagar,Nagarbhavi,210.0,85.0,Not Applicable,Not Applicable,No,Not Applicable,1301,Cash,23,4.0,3.2
2024-07-03 07:04:00,CNR8705214741,Canceled by Customer,CID343534,eBike,Hulimavu,Peenya,,,Change of plans,Not Applicable,Not Applicable,Not Applicable,998,Not Applicable,0,,
2024-07-28 10:27:00,CNR2091110632,Canceled by Driver,CID531992,Prime SUV,Kengeri,Magadi Road,,,Not Applicable,Customer related issue,Not Applicable,Not Applicable,101,Not Applicable,0,,
2024-07-15 16:56:00,CNR3117288454,Success,CID595047,Prime Sedan,Yelahanka,Bannerghatta Road,77.0,45.0,Not Applicable,Not Applicable,No,Not Applicable,492,UPI,45,4.1,3.9
2024-07-12 01:31:00,CNR7379474481,Canceled by Driver,CID151773,Prime Sedan,Chickpet,Rajajinagar,,,Not Applicable,More than permitted people in there,Not Applicable,Not Applicable,143,Not Applicable,0,,
2024-07-16 09:28:00,CNR3081200011,Success,CID907290,Prime Sedan,Banashankari,MG Road,182.0,85.0,Not Applicable,Not Applicable,No,Not Applicable,227,Cash,42,3.6,3.5
2024-07-22 23:06:00,CNR5894536281,Canceled by Driver,CID924962,Prime Plus,Koramangala,Majestic,,,Not Applicable,Customer related issue,Not Applicable,Not Applicable,277,Not Applicable,0,,
2024-07-10 13:50:00,CNR2481488005,Canceled by Customer,CID707344,Mini,Jayanagar,Bellandur,,,Driver asked to cancel,Not Applicable,Not Applicable,Not Applicable,211,Not Applicable,0,,
2024-07-08 22:30:00,CNR3031465187,Success,CID928812,Prime SUV,Tumkur Road,Frazer Town,77.0,70.0,Not Applicable,Not Applicable,No,Not Applicable,130,UPI,6,4.7,3.7
2024-07-30 23:00:00,CNR3686729475,Success,CID376991,Prime Plus,RT Nagar,Rajarajeshwari Nagar,189.0,90.0,Not Applicable,Not Applicable,No,Not Applicable,658,Cash,31,3.3,4.6
2024-07-30 00:56:00,CNR3687356568,Success,CID407133,Mini,Richmond Town,Whitefield,189.0,40.0,Not Applicable,Not Applicable,No,Not Applicable,416,Cash,47,4.3,4.4
2024-07-21 02:26:00,CNR5457515881,Success,CID603192,eBike,Tumkur Road,MG Road,175.0,140.0,Not Applicable,Not Applicable,No,Not Applicable,122,Cash,33,3.1,4.5
2024-07-16 16:19:00,CNR2782427064,Success,CID927656,eBike,Whitefield,Langford Town,126.0,55.0,Not Applicable,Not Applicable,No,Not Applicable,471,Cash,2,4.5,3.3
2024-07-09 08:42:00,CNR2108037543,Success,CID928719,Bike,Ramamurthy Nagar,Chamarajpet,182.0,100.0,Not Applicable,Not Applicable,No,Not Applicable,177,Cash,27,3.9,4.2
2024-07-15 23:35:00,CNR6857582800,Success,CID540366,Auto,Padmanabhanagar,HSR Layout,301.0,130.0,Not Applicable,Not Applicable,No,Not Applicable,431,UPI,14,4.2,4.4
2024-07-25 21:11:00,CNR7392361237,Canceled by Driver,CID211458,Prime Plus,Rajarajeshwari Nagar,KR Puram,,,Not Applicable,Customer was coughing/sick,Not Applicable,Not Applicable,400,Not Applicable,0,,
2024-07-02 09:09:00,CNR6559060482,Canceled by Driver,CID419936,Bike,Marathahalli,Whitefield,,,Not Applicable,Customer was coughing/sick,Not Applicable,Not Applicable,575,Not Applicable,0,,
2024-07-01 12:41:00,CNR3882714081,Canceled by Driver,CID103905,Mini,BTM Layout,Mysore Road,,,Not Applicable,Customer related issue,Not Applicable,Not Applicable,464,Not Applicable,0,,
2024-07-24 09:11:00,CNR2405169090,Success,CID244261,Prime Plus,Nagarbhavi,Ulsoor,273.0,55.0,Not Applicable,Not Applicable,No,Not Applicable,160,Cash,32,4.6,4.6
2024-07-01 00:53:00,CNR8794743734,Success,CID116451,Mini,Sahakar Nagar,Basavanagudi,112.0,90.0,Not Applicable,Not Applicable,No,Not Applicable,190,Cash,47,3.1,4.5
2024-07-23 11:54:00,CNR1673960076,Canceled by Driver,CID851273,Prime Plus,Yelahanka,Frazer Town,,,Not Applicable,Personal & Car related issue,Not Applicable,Not Applicable,324,Not Applicable,0,,
2024-07-28 21:22:00,CNR9680285300,Success,CID161214,Prime SUV,MG Road,Chamarajpet,245.0,100.0,Not Applicable,Not Applicable,No,Not Applicable,1513,UPI,7,4.2,4.4
2024-07-16 05:31:00,CNR8544838422,Success,CID922571,Bike,Tumkur Road,Varthur,182.0,35.0,Not Applicable,Not Applicable,No,Not Applicable,532,Cash,30,3.0,3.6
2024-07-06 12:42:00,CNR3044250894,Canceled by Customer,CID746227,Auto,JP Nagar,Devanahalli,,,Change of plans,Not Applicable,Not Applicable,Not Applicable,294,Not Applicable,0,,
2024-07-17 12:15:00,CNR5459562239,Canceled by Customer,CID393936,Mini,Devanahalli,Kadugodi,,,Driver asked to cancel,Not Applicable,Not Applicable,Not Applicable,681,Not Applicable,0,,
2024-07-21 01:56:00,CNR3008849530,Canceled by Driver,CID194853,Auto,Yelahanka,Langford Town,,,Not Applicable,Personal & Car related issue,Not Applicable,Not Applicable,1045,Not Applicable,0,,
2024-07-26 03:46:00,CNR4185790349,Success,CID168927,eBike,Langford Town,HSR Layout,49.0,65.0,Not Applicable,Not Applicable,No,Not Applicable,450,Credit Card,37,4.7,4.5
2024-07-28 03:24:00,CNR7385554124,Success,CID189653,Prime SUV,Yelahanka,Banashankari,301.0,40.0,Not Applicable,Not Applicable,No,Not Applicable,601,Cash,31,4.0,3.7
2024-07-27 03:52:00,CNR2272231226,Canceled by Driver,CID898588,Prime SUV,Shantinagar,Bannerghatta Road,,,Not Applicable,Customer related issue,Not Applicable,Not Applicable,270,Not Applicable,0,,
2024-07-15 13:08:00,CNR2845993866,Success,CID562626,eBike,Langford Town,Peenya,98.0,110.0,Not Applicable,Not Applicable,No,Not Applicable,868,UPI,18,3.5,4.1
2024-07-25 18:02:00,CNR3119797969,Success,CID531831,Bike,Jayanagar,Electronic City,217.0,80.0,Not Applicable,Not Applicable,No,Not Applicable,210,UPI,33,3.4,3.5
2024-07-14 03:27:00,CNR8471990991,Driver Not Found,CID409724,eBike,Hebbal,Rajajinagar,,,Not Applicable,Not Applicable,Not Applicable,Not Applicable,793,Not Applicable,0,,
2024-07-27 03:19:00,CNR1872393967,Success,CID850089,Auto,Koramangala,Banashankari,84.0,95.0,Not Applicable,Not Applicable,No,Not Applicable,320,Cash,17,4.5,3.3
2024-07-10 08:48:00,CNR8413662462,Canceled by Driver,CID765799,Mini,Shivajinagar,KR Puram,,,Not Applicable,Customer related issue,Not Applicable,Not Applicable,838,Not Applicable,0,,
2024-07-21 10:49:00,CNR6522026716,Success,CID805832,Prime SUV,Padmanabhanagar,Banashankari,280.0,65.0,Not Applicable,Not Applicable,No,Not Applicable,898,UPI,1,4.1,3.5
2024-07-11 02:53:00,CNR4968121436,Success,CID398022,Auto,Peenya,Basavanagudi,182.0,115.0,Not Applicable,Not Applicable,No,Not Applicable,1612,Cash,16,4.3,4.0
2024-07-16 14:45:00,CNR2630016533,Success,CID581115,eBike,Malleshwaram,Chamarajpet,224.0,25.0,Not Applicable,Not Applicable,No,Not Applicable,160,UPI,25,4.4,4.1
2024-07-29 09:56:00,CNR3245614324,Success,CID149852,Prime SUV,JP Nagar,Yelahanka,98.0,85.0,Not Applicable,Not Applicable,No,Not Applicable,281,UPI,5,4.3,3.9
2024-07-06 19:41:00,CNR3934232377,Success,CID256743,Mini,Varthur,Nagarbhavi,266.0,55.0,Not Applicable,Not Applicable,No,Not Applicable,826,UPI,18,5.0,4.6
2024-07-04 11:12:00,CNR3275310320,Canceled by Driver,CID668574,Prime Sedan,HSR Layout,Frazer Town,,,Not Applicable,Personal & Car related issue,Not Applicable,Not Applicable,794,Not Applicable,0,,
2024-07-09 10:31:00,CNR4401163395,Canceled by Driver,CID444420,Auto,Vijayanagar,Vijayanagar,,,Not Applicable,Customer was coughing/sick,Not Applicable,Not Applicable,2630,Not Applicable,0,,
2024-07-11 00:14:00,CNR6793869763,Driver Not Found,CID592074,Prime Sedan,Sahakar Nagar,JP Nagar,,,Not Applicable,Not Applicable,Not Applicable,Not Applicable,156,Not Applicable,0,,
2024-07-20 10:47:00,CNR6572903714,Canceled by Driver,CID607474,Mini,Langford Town,Ramamurthy Nagar,,,Not Applicable,Personal & Car related issue,Not Applicable,Not Applicable,357,Not Applicable,0,,
2024-07-26 23:38:00,CNR5255901689,Canceled by Driver,CID417158,Prime Plus,Ulsoor,Magadi Road,,,Not Applicable,Customer was coughing/sick,Not Applicable,Not Applicable,585,Not Applicable,0,,
2024-07-10 08:51:00,CNR9847716439,Canceled by Driver,CID108785,Prime Plus,KR Puram,Majestic,,,Not Applicable,Customer was coughing/sick,Not Applicable,Not Applicable,650,Not Applicable,0,,
2024-07-03 18:16:00,CNR8812862820,Driver Not Found,CID993640,eBike,Ulsoor,Devanahalli,,,Not Applicable,Not Applicable,Not Applicable,Not Applicable,751,Not Applicable,0,,
2024-07-15 21:26:00,CNR1122668194,Success,CID865582,Auto,Varthur,Hennur,42.0,55.0,Not Applicable,Not Applicable,No,Not Applicable,289,UPI,7,3.6,4.5
2024-07-10 14:03:00,CNR8952484403,Success,CID655997,Bike,Vijayanagar,Bannerghatta Road,196.0,50.0,Not Applicable,Not Applicable,No,Not Applicable,296,Cash,22,4.4,3.1
2024-07-25 07:16:00,CNR3299287720,Success,CID591349,eBike,Shivajinagar,Vijayanagar,189.0,130.0,Not Applicable,Not Applicable,No,Not Applicable,1437,Cash,13,3.3,3.2
2024-07-23 19:41:00,CNR1234703796,Success,CID679770,Mini,Padmanabhanagar,Yelahanka,84.0,40.0,Not Applicable,Not Applicable,No,Not Applicable,166,UPI,46,4.3,3.2
2024-07-12 04:50:00,CNR6761380279,Success,CID348760,Mini,Magadi Road,MG Road,273.0,135.0,Not Applicable,Not Applicable,No,Not Applicable,1188,UPI,39,3.2,3.8
2024-07-08 17:14:00,CNR2857113443,Success,CID575389,Bike,Indiranagar,Kammanahalli,98.0,55.0,Not Applicable,Not Applicable,Yes,Customer Demand,216,UPI,12,4.3,3.9
2024-07-19 00:28:00,CNR4786635976,Success,CID711609,Prime SUV,Devanahalli,Electronic City,168.0,90.0,Not Applicable,Not Applicable,No,Not Applicable,959,Cash,11,4.1,4.8
2024-07-25 09:00:00,CNR5319635882,Canceled by Driver,CID480981,Bike,Whitefield,Vijayanagar,,,Not Applicable,Personal & Car related issue,Not Applicable,Not Applicable,716,Not Applicable,0,,
2024-07-22 01:17:00,CNR8558045294,Success,CID821495,Mini,MG Road,Koramangala,63.0,140.0,Not Applicable,Not Applicable,No,Not Applicable,409,Cash,21,3.7,4.3
2024-07-01 18:30:00,CNR7864775757,Canceled by Customer,CID112125,Mini,HSR Layout,Kammanahalli,,,Driver asked to cancel,Not Applicable,Not Applicable,Not Applicable,179,Not Applicable,0,,
2024-07-10 03:27:00,CNR4567672611,Success,CID134391,Prime SUV,MG Road,Rajajinagar,105.0,100.0,Not Applicable,Not Applicable,No,Not Applicable,123,Cash,21,3.6,4.1
2024-07-01 11:15:00,CNR9393385433,Canceled by Driver,CID546568,Prime SUV,Majestic,BTM Layout,,,Not Applicable,Customer was coughing/sick,Not Applicable,Not Applicable,325,Not Applicable,0,,
2024-07-10 01:29:00,CNR2383942568,Canceled by Customer,CID226962,Mini,Ulsoor,Kengeri,,,Driver asked to cancel,Not Applicable,Not Applicable,Not Applicable,451,Not Applicable,0,,
2024-07-17 09:16:00,CNR9395962539,Success,CID765170,Prime Sedan,Kammanahalli,RT Nagar,203.0,130.0,Not Applicable,Not Applicable,No,Not Applicable,2358,Debit Card,41,3.5,3.4
2024-07-02 18:11:00,CNR2877304340,Success,CID295699,Prime Plus,Nagarbhavi,Rajarajeshwari Nagar,231.0,45.0,Not Applicable,Not Applicable,No,Not Applicable,785,Cash,29,4.0,3.9
2024-07-08 22:51:00,CNR5342135514,Canceled by Customer,CID762563,Prime Plus,Marathahalli,Kengeri,,,AC is Not working,Not Applicable,Not Applicable,Not Applicable,511,Not Applicable,0,,
2024-07-21 13:37:00,CNR2972842794,Success,CID450566,eBike,Marathahalli,Devanahalli,217.0,125.0,Not Applicable,Not Applicable,Yes,Vehicle Breakdown,385,UPI,9,4.4,3.8
2024-07-13 17:59:00,CNR1205817871,Success,CID259664,Mini,Malleshwaram,Nagarbhavi,189.0,60.0,Not Applicable,Not Applicable,No,Not Applicable,1520,UPI,30,3.2,3.1
2024-07-13 08:47:00,CNR8607032128,Driver Not Found,CID764360,Prime SUV,Tumkur Road,Hosur Road,,,Not Applicable,Not Applicable,Not Applicable,Not Applicable,360,Not Applicable,0,,
2024-07-13 15:18:00,CNR8467210604,Success,CID815010,Auto,Hosur Road,Magadi Road,238.0,145.0,Not Applicable,Not Applicable,No,Not Applicable,232,UPI,1,4.9,3.6
2024-07-11 15:49:00,CNR4322691711,Success,CID196873,Prime Sedan,Magadi Road,Hebbal,35.0,140.0,Not Applicable,Not Applicable,No,Not Applicable,478,Cash,28,4.6,4.5
2024-07-03 12:35:00,CNR6368731003,Success,CID859801,Prime SUV,KR Puram,Chamarajpet,273.0,55.0,Not Applicable,Not Applicable,No,Not Applicable,252,Cash,48,4.3,4.0
2024-07-10 22:10:00,CNR1987973178,Success,CID124525,eBike,MG Road,Richmond Town,175.0,85.0,Not Applicable,Not Applicable,No,Not Applicable,206,UPI,42,3.4,4.2
2024-07-19 08:42:00,CNR1725448558,Driver Not Found,CID347623,Prime SUV,Bellandur,Sarjapur Road,,,Not Applicable,Not Applicable,Not Applicable,Not Applicable,277,Not Applicable,0,,
2024-07-05 15:18:00,CNR5545453899,Success,CID913201,Auto,Yelahanka,Kammanahalli,182.0,95.0,Not Applicable,Not Applicable,No,Not Applicable,229,Cash,12,3.4,5.0
2024-07-03 07:30:00,CNR4755318795,Success,CID339205,Mini,HSR Layout,Padmanabhanagar,224.0,75.0,Not Applicable,Not Applicable,No,Not Applicable,293,UPI,29,3.5,3.5
2024-07-28 05:27:00,CNR2947224587,Success,CID603628,Auto,Yeshwanthpur,Cox Town,287.0,70.0,Not Applicable,Not Applicable,Yes,Customer Demand,478,UPI,1,3.6,4.9
2024-07-09 14:22:00,CNR4208318908,Success,CID846646,Mini,Nagarbhavi,Hosur Road,154.0,30.0,Not Applicable,Not Applicable,Yes,Vehicle Breakdown,446,UPI,10,3.6,3.8
2024-07-01 23:01:00,CNR4348440331,Canceled by Driver,CID343720,Auto,Electronic City,Richmond Town,,,Not Applicable,Personal & Car related issue,Not Applicable,Not Applicable,160,Not Applicable,0,,
2024-07-06 06:20:00,CNR5261862119,Success,CID196824,Prime SUV,Basavanagudi,Varthur,308.0,125.0,Not Applicable,Not Applicable,No,Not Applicable,334,UPI,5,4.9,3.7
2024-07-14 14:03:00,CNR3142955075,Success,CID379539,Prime Sedan,Marathahalli,Chamarajpet,224.0,80.0,Not Applicable,Not Applicable,No,Not Applicable,324,Cash,30,4.5,4.3
2024-07-12 18:30:00,CNR4341242853,Success,CID176634,Auto,Koramangala,KR Puram,154.0,80.0,Not Applicable,Not Applicable,No,Not Applicable,231,UPI,19,3.3,4.2
2024-07-05 15:25:00,CNR6762336497,Success,CID165518,Bike,Mysore Road,Shivajinagar,112.0,110.0,Not Applicable,Not Applicable,No,Not Applicable,933,Cash,49,4.9,4.4
2024-07-19 23:28:00,CNR6303489045,Driver Not Found,CID301111,eBike,Majestic,Electronic City,,,Not Applicable,Not Applicable,Not Applicable,Not Applicable,1597,Not Applicable,0,,
2024-07-20 17:22:00,CNR1997994846,Canceled by Driver,CID217139,eBike,Richmond Town,Jayanagar,,,Not Applicable,More than permitted people in there,Not Applicable,Not Applicable,429,Not Applicable,0,,
2024-07-21 23:29:00,CNR6157595524,Canceled by Driver,CID422467,Prime Sedan,Kadugodi,Whitefield,,,Not Applicable,Personal & Car related issue,Not Applicable,Not Applicable,366,Not Applicable,0,,
2024-07-26 03:58:00,CNR7005136376,Canceled by Driver,CID127273,Prime Plus,RT Nagar,Jayanagar,,,Not Applicable,Customer related issue,Not Applicable,Not Applicable,342,Not Applicable,0,,
2024-07-03 21:28:00,CNR7330115254,Driver Not Found,CID456150,Auto,RT Nagar,Richmond Town,,,Not Applicable,Not Applicable,Not Applicable,Not Applicable,456,Not Applicable,0,,
2024-07-29 01:08:00,CNR6101866312,Canceled by Driver,CID670011,eBike,Richmond Town,Hebbal,,,Not Applicable,Personal & Car related issue,Not Applicable,Not Applicable,1851,Not Applicable,0,,
2024-07-23 00:01:00,CNR1153295454,Driver Not Found,CID841306,Prime Plus,Majestic,RT Nagar,,,Not Applicable,Not Applicable,Not Applicable,Not Applicable,474,Not Applicable,0,,
2024-07-02 18:03:00,CNR6599438764,Success,CID782424,eBike,Vijayanagar,Hosur Road,287.0,45.0,Not Applicable,Not Applicable,No,Not Applicable,483,UPI,22,4.6,4.1
2024-07-07 20:48:00,CNR2706575897,Success,CID348417,Prime SUV,Sahakar Nagar,Hennur,140.0,75.0,Not Applicable,Not Applicable,No,Not Applicable,152,UPI,8,4.5,3.2
2024-07-24 09:40:00,CNR5611893197,Success,CID442225,eBike,Hennur,RT Nagar,189.0,60.0,Not Applicable,Not Applicable,No,Not Applicable,914,Cash,47,3.8,3.0
2024-07-21 11:15:00,CNR9692472902,Success,CID482017,Auto,Chickpet,Varthur,161.0,95.0,Not Applicable,Not Applicable,No,Not Applicable,100,Cash,16,4.1,3.9
2024-07-05 23:31:00,CNR9913509193,Driver Not Found,CID711455,Prime Sedan,Nagarbhavi,Hennur,,,Not Applicable,Not Applicable,Not Applicable,Not Applicable,332,Not Applicable,0,,
2024-07-26 10:05:00,CNR8712868308,Success,CID116582,Mini,Richmond Town,MG Road,203.0,75.0,Not Applicable,Not Applicable,No,Not Applicable,445,Cash,19,4.3,3.6
2024-07-02 19:17:00,CNR5875517685,Success,CID602068,eBike,Nagarbhavi,Indiranagar,56.0,85.0,Not Applicable,Not Applicable,No,Not Applicable,599,Cash,45,3.2,4.6
2024-07-01 05:32:00,CNR3509065934,Canceled by Driver,CID696967,Prime Plus,Mysore Road,Ramamurthy Nagar,,,Not Applicable,Customer related issue,Not Applicable,Not Applicable,314,Not Applicable,0,,
2024-07-22 20:01:00,CNR3454152472,Canceled by Driver,CID674856,Prime Plus,HSR Layout,Chamarajpet,,,Not Applicable,Customer related issue,Not Applicable,Not Applicable,811,Not Applicable,0,,
2024-07-18 06:22:00,CNR3876249610,Success,CID660196,Bike,Mysore Road,Bannerghatta Road,161.0,100.0,Not Applicable,Not Applicable,No,Not Applicable,450,Cash,45,3.3,4.6
2024-07-09 16:59:00,CNR4078633132,Canceled by Customer,CID724951,eBike,Kammanahalli,Hennur,,,Change of plans,Not Applicable,Not Applicable,Not Applicable,354,Not Applicable,0,,
2024-07-28 22:29:00,CNR1805038108,Success,CID470594,Prime Plus,JP Nagar,Magadi Road,266.0,35.0,Not Applicable,Not Applicable,No,Not Applicable,338,Cash,39,4.6,3.3
2024-07-16 15:56:00,CNR7159094020,Canceled by Driver,CID862991,Mini,Shantinagar,Koramangala,,,Not Applicable,Customer related issue,Not Applicable,Not Applicable,586,Not Applicable,0,,
2024-07-05 18:14:00,CNR5578473602,Success,CID151210,Mini,Frazer Town,Hebbal,203.0,115.0,Not Applicable,Not Applicable,No,Not Applicable,2008,Cash,40,4.3,4.5
2024-07-17 14:26:00,CNR3849237426,Success,CID838625,Mini,Kadugodi,Jayanagar,56.0,35.0,Not Applicable,Not Applicable,No,Not Applicable,297,UPI,32,4.7,4.6
2024-07-25 03:12:00,CNR7859812676,Canceled by Customer,CID269314,Prime Sedan,Shivajinagar,Majestic,,,Wrong Address,Not Applicable,Not Applicable,Not Applicable,271,Not Applicable,0,,
2024-07-13 02:57:00,CNR6249842802,Success,CID133736,Mini,Hosur Road,Padmanabhanagar,105.0,125.0,Not Applicable,Not Applicable,No,Not Applicable,257,UPI,46,4.0,3.5
2024-07-19 07:22:00,CNR8665457708,Success,CID216164,Prime Sedan,Marathahalli,Bellandur,294.0,95.0,Not Applicable,Not Applicable,No,Not Applicable,664,UPI,2,4.8,4.6
2024-07-29 03:45:00,CNR8171228281,Driver Not Found,CID920775,Mini,Rajajinagar,Sarjapur Road,,,Not Applicable,Not Applicable,Not Applicable,Not Applicable,1451,Not Applicable,0,,
2024-07-09 11:57:00,CNR1636852793,Canceled by Driver,CID655271,Prime Plus,Tumkur Road,Shivajinagar,,,Not Applicable,Customer related issue,Not Applicable,Not Applicable,441,Not Applicable,0,,
2024-07-23 20:44:00,CNR8952734104,Canceled by Driver,CID462664,Bike,Yeshwanthpur,Bannerghatta Road,,,Not Applicable,More than permitted people in there,Not Applicable,Not Applicable,1338,Not Applicable,0,,
2024-07-04 13:13:00,CNR5170696847,Success,CID379413,Bike,Koramangala,Hulimavu,133.0,65.0,Not Applicable,Not Applicable,No,Not Applicable,345,UPI,33,4.9,4.7
2024-07-16 00:52:00,CNR7525182561,Success,CID756719,eBike,Majestic,Tumkur Road,154.0,95.0,Not Applicable,Not Applicable,No,Not Applicable,297,UPI,1,4.8,3.1
2024-07-01 13:42:00,CNR6260414693,Success,CID798693,Prime Sedan,Indiranagar,Hennur,266.0,35.0,Not Applicable,Not Applicable,No,Not Applicable,251,Cash,15,3.9,4.4
2024-07-02 17:11:00,CNR2507052597,Success,CID358397,Mini,Magadi Road,Majestic,196.0,105.0,Not Applicable,Not Applicable,No,Not Applicable,567,UPI,19,4.9,3.3
2024-07-02 14:11:00,CNR4800622448,Success,CID898919,Prime Plus,JP Nagar,JP Nagar,301.0,50.0,Not Applicable,Not Applicable,No,Not Applicable,209,Cash,8,3.2,3.2
2024-07-22 08:21:00,CNR8317123932,Success,CID989146,Bike,Whitefield,Indiranagar,126.0,35.0,Not Applicable,Not Applicable,Yes,Vehicle Breakdown,201,UPI,29,4.0,4.8
2024-07-14 02:04:00,CNR9127165121,Success,CID788830,Prime Plus,Ulsoor,Nagarbhavi,217.0,125.0,Not Applicable,Not Applicable,No,Not Applicable,1129,Cash,19,4.0,3.4
2024-07-16 09:50:00,CNR6830038292,Canceled by Customer,CID519897,eBike,Majestic,Magadi Road,,,Driver is not moving towards pickup location,Not Applicable,Not Applicable,Not Applicable,723,Not Applicable,0,,
2024-07-10 18:11:00,CNR1861191162,Canceled by Customer,CID222890,Mini,Indiranagar,Mysore Road,,,AC is Not working,Not Applicable,Not Applicable,Not Applicable,278,Not Applicable,0,,
2024-07-23 01:27:00,CNR9998911663,Success,CID508039,Mini,Jayanagar,Hosur Road,280.0,50.0,Not Applicable,Not Applicable,No,Not Applicable,439,Cash,46,3.6,4.0
2024-07-04 19:24:00,CNR6363173849,Success,CID272735,eBike,Sahakar Nagar,Shivajinagar,196.0,90.0,Not Applicable,Not Applicable,No,Not Applicable,949,UPI,6,3.0,4.0
2024-07-20 16:24:00,CNR3524092874,Success,CID657000,Prime Sedan,Kengeri,Chamarajpet,84.0,45.0,Not Applicable,Not Applicable,No,Not Applicable,130,Cash,22,4.6,3.9
2024-07-07 12:55:00,CNR7770333578,Success,CID655120,Prime SUV,Rajajinagar,Kammanahalli,273.0,125.0,Not Applicable,Not Applicable,No,Not Applicable,220,Cash,12,3.7,5.0
2024-07-14 21:13:00,CNR2929815419,Success,CID914712,Prime Plus,Mysore Road,Peenya,63.0,120.0,Not Applicable,Not Applicable,No,Not Applicable,199,Cash,37,3.4,3.7
2024-07-25 02:04:00,CNR2910559823,Canceled by Driver,CID910647,Bike,Kammanahalli,Nagarbhavi,,,Not Applicable,Personal & Car related issue,Not Applicable,Not Applicable,436,Not Applicable,0,,
2024-07-08 21:51:00,CNR5119082157,Driver Not Found,CID163083,Prime SUV,Shivajinagar,Mysore Road,,,Not Applicable,Not Applicable,Not Applicable,Not Applicable,422,Not Applicable,0,,
2024-07-19 01:10:00,CNR8722172111,Success,CID729410,Prime Sedan,Devanahalli,Rajajinagar,154.0,80.0,Not Applicable,Not Applicable,No,Not Applicable,138,Credit Card,25,4.4,3.0
2024-07-01 17:43:00,CNR3788726317,Driver Not Found,CID325852,eBike,Shantinagar,Langford Town,,,Not Applicable,Not Applicable,Not Applicable,Not Applicable,142,Not Applicable,0,,
2024-07-25 00:39:00,CNR7837376013,Success,CID327097,Auto,JP Nagar,JP Nagar,203.0,40.0,Not Applicable,Not Applicable,No,Not Applicable,323,Cash,3,3.2,4.6
2024-07-07 06:15:00,CNR2655982083,Success,CID759263,Mini,Sahakar Nagar,Hosur Road,112.0,50.0,Not Applicable,Not Applicable,No,Not Applicable,2805,UPI,5,3.1,3.8
2024-07-20 04:41:00,CNR4473197314,Success,CID746554,eBike,Sahakar Nagar,Padmanabhanagar,70.0,100.0,Not Applicable,Not Applicable,No,Not Applicable,878,Cash,34,4.8,4.2
2024-07-03 15:51:00,CNR6156580510,Canceled by Driver,CID835196,Prime SUV,Chamarajpet,Electronic City,,,Not Applicable,Personal & Car related issue,Not Applicable,Not Applicable,252,Not Applicable,0,,
2024-07-23 18:46:00,CNR8316086928,Success,CID256941,Prime Sedan,BTM Layout,Hosur Road,70.0,85.0,Not Applicable,Not Applicable,No,Not Applicable,425,UPI,19,3.1,4.2
2024-07-05 16:29:00,CNR7465163821,Canceled by Customer,CID155351,Prime SUV,Yelahanka,Mysore Road,,,Change of plans,Not Applicable,Not Applicable,Not Applicable,633,Not Applicable,0,,
2024-07-30 12:42:00,CNR6030227043,Canceled by Driver,CID222058,Mini,Yelahanka,Koramangala,,,Not Applicable,More than permitted people in there,Not Applicable,Not Applicable,196,Not Applicable,0,,
2024-07-04 12:59:00,CNR1973276849,Success,CID334949,eBike,Majestic,Devanahalli,84.0,40.0,Not Applicable,Not Applicable,No,Not Applicable,318,Cash,27,3.2,4.5
2024-07-17 17:02:00,CNR3295260622,Success,CID712275,Bike,Tumkur Road,MG Road,203.0,130.0,Not Applicable,Not Applicable,No,Not Applicable,606,UPI,18,4.7,4.4
2024-07-28 19:00:00,CNR5649415748,Success,CID685041,Prime Plus,BTM Layout,Bannerghatta Road,245.0,125.0,Not Applicable,Not Applicable,Yes,Customer Demand,341,Cash,12,4.6,3.5
2024-07-01 17:39:00,CNR3335293636,Canceled by Customer,CID502040,Bike,Bellandur,Chamarajpet,,,AC is Not working,Not Applicable,Not Applicable,Not Applicable,263,Not Applicable,0,,
2024-07-30 22:18:00,CNR1460221697,Success,CID186745,Prime SUV,Sahakar Nagar,Yeshwanthpur,266.0,35.0,Not Applicable,Not Applicable,No,Not Applicable,434,UPI,45,3.4,4.4
2024-07-13 01:33:00,CNR5280783104,Canceled by Driver,CID836476,Prime Sedan,MG Road,Langford Town,,,Not Applicable,Customer related issue,Not Applicable,Not Applicable,317,Not Applicable,0,,
2024-07-06 13:27:00,CNR4536345125,Canceled by Driver,CID509546,Prime SUV,Mysore Road,Richmond Town,,,Not Applicable,Personal & Car related issue,Not Applicable,Not Applicable,461,Not Applicable,0,,
2024-07-18 15:19:00,CNR5643614775,Driver Not Found,CID608802,Bike,Varthur,Shantinagar,,,Not Applicable,Not Applicable,Not Applicable,Not Applicable,209,Not Applicable,0,,
2024-07-21 16:50:00,CNR9139408639,Success,CID849360,Auto,Sahakar Nagar,Majestic,98.0,75.0,Not Applicable,Not Applicable,No,Not Applicable,718,UPI,6,4.8,4.3
2024-07-06 09:32:00,CNR5322719456,Success,CID390029,Prime Plus,Basavanagudi,Electronic City,35.0,95.0,Not Applicable,Not Applicable,No,Not Applicable,509,Cash,25,4.2,3.4
2024-07-26 20:11:00,CNR9236865231,Driver Not Found,CID873418,Prime Plus,Chickpet,Kengeri,,,Not Applicable,Not Applicable,Not Applicable,Not Applicable,347,Not Applicable,0,,
2024-07-17 02:52:00,CNR4563213416,Success,CID870239,Auto,Yeshwanthpur,JP Nagar,56.0,55.0,Not Applicable,Not Applicable,No,Not Applicable,690,UPI,3,3.4,4.5
2024-07-16 21:37:00,CNR6017364156,Success,CID111336,Auto,Koramangala,RT Nagar,196.0,50.0,Not Applicable,Not Applicable,No,Not Applicable,191,Credit Card,14,3.7,3.6
2024-07-05 04:02:00,CNR9379513525,Success,CID187678,Auto,MG Road,Padmanabhanagar,77.0,85.0,Not Applicable,Not Applicable,No,Not Applicable,231,UPI,8,4.4,3.4
2024-07-26 14:22:00,CNR2181992534,Success,CID281329,Prime Plus,Basavanagudi,Padmanabhanagar,203.0,105.0,Not Applicable,Not Applicable,No,Not Applicable,185,Cash,13,4.3,4.8
2024-07-16 15:01:00,CNR6158138436,Success,CID149930,Prime SUV,Rajarajeshwari Nagar,MG Road,259.0,135.0,Not Applicable,Not Applicable,No,Not Applicable,454,UPI,4,4.7,4.3
2024-07-11 20:53:00,CNR8009769021,Success,CID575928,Prime Sedan,Electronic City,Frazer Town,182.0,25.0,Not Applicable,Not Applicable,No,Not Applicable,490,Credit Card,41,4.0,3.6
2024-07-12 10:17:00,CNR5888747226,Success,CID529444,Bike,Rajarajeshwari Nagar,Hebbal,217.0,25.0,Not Applicable,Not Applicable,No,Not Applicable,212,Cash,8,4.9,4.7
2024-07-01 14:28:00,CNR6845629894,Success,CID250499,eBike,Sarjapur Road,Majestic,77.0,105.0,Not Applicable,Not Applicable,No,Not Applicable,123,Cash,9,4.1,3.0
2024-07-19 15:03:00,CNR7590594843,Canceled by Driver,CID298167,Mini,MG Road,Shivajinagar,,,Not Applicable,More than permitted people in there,Not Applicable,Not Applicable,136,Not Applicable,0,,
2024-07-14 04:56:00,CNR2136786663,Success,CID509816,eBike,Yelahanka,Chickpet,252.0,125.0,Not Applicable,Not Applicable,No,Not Applicable,2440,UPI,8,4.9,4.5
2024-07-28 20:18:00,CNR3133014643,Driver Not Found,CID178587,Auto,HSR Layout,Varthur,,,Not Applicable,Not Applicable,Not Applicable,Not Applicable,120,Not Applicable,0,,
2024-07-10 21:53:00,CNR3653293698,Success,CID539752,Bike,Kammanahalli,KR Puram,287.0,60.0,Not Applicable,Not Applicable,Yes,Vehicle Breakdown,367,UPI,9,3.3,4.4
2024-07-05 02:26:00,CNR6411576262,Success,CID715252,Prime Sedan,Malleshwaram,Malleshwaram,49.0,45.0,Not Applicable,Not Applicable,Yes,Customer Demand,495,Cash,31,4.9,4.5
2024-07-18 12:56:00,CNR4532217921,Success,CID277678,Mini,Sarjapur Road,Bannerghatta Road,154.0,120.0,Not Applicable,Not Applicable,No,Not Applicable,439,Cash,5,3.8,3.5
2024-07-19 16:24:00,CNR8089193369,Success,CID393241,Prime Sedan,Malleshwaram,Tumkur Road,238.0,25.0,Not Applicable,Not Applicable,No,Not Applicable,322,Cash,4,4.8,4.4
2024-07-01 11:41:00,CNR9755016621,Canceled by Driver,CID463569,Prime Sedan,Hebbal,Bannerghatta Road,,,Not Applicable,More than permitted people in there,Not Applicable,Not Applicable,147,Not Applicable,0,,
2024-07-07 08:00:00,CNR5779456820,Success,CID578700,eBike,Chickpet,Bellandur,301.0,45.0,Not Applicable,Not Applicable,No,Not Applicable,234,UPI,12,4.8,4.2
2024-07-24 18:40:00,CNR4849962229,Success,CID299768,Prime SUV,MG Road,Bannerghatta Road,203.0,135.0,Not Applicable,Not Applicable,Yes,Customer Demand,123,UPI,6,3.8,4.1
2024-07-13 05:56:00,CNR7871398619,Success,CID925786,Prime SUV,Malleshwaram,Peenya,301.0,120.0,Not Applicable,Not Applicable,No,Not Applicable,337,Cash,18,4.4,3.3
2024-07-30 12:04:00,CNR8803350994,Success,CID901621,Prime SUV,Electronic City,Shantinagar,266.0,90.0,Not Applicable,Not Applicable,No,Not Applicable,324,UPI,46,3.7,3.1
2024-07-13 08:54:00,CNR2559803262,Driver Not Found,CID902618,Prime SUV,Nagarbhavi,Kadugodi,,,Not Applicable,Not Applicable,Not Applicable,Not Applicable,490,Not Applicable,0,,
2024-07-30 19:05:00,CNR3934826062,Success,CID275786,Mini,Tumkur Road,Padmanabhanagar,189.0,55.0,Not Applicable,Not Applicable,No,Not Applicable,477,Cash,24,3.6,3.4
2024-07-12 07:55:00,CNR5122333078,Driver Not Found,CID625431,Auto,Majestic,Koramangala,,,Not Applicable,Not Applicable,Not Applicable,Not Applicable,540,Not Applicable,0,,
2024-07-06 06:09:00,CNR3235162341,Success,CID973563,Auto,Majestic,Cox Town,259.0,125.0,Not Applicable,Not Applicable,Yes,Vehicle Breakdown,363,UPI,11,3.7,4.8
2024-07-14 20:13:00,CNR8232188475,Driver Not Found,CID485024,Mini,Hulimavu,Ramamurthy Nagar,,,Not Applicable,Not Applicable,Not Applicable,Not Applicable,158,Not Applicable,0,,
2024-07-11 13:19:00,CNR5177401175,Success,CID367428,eBike,Bannerghatta Road,Vijayanagar,175.0,90.0,Not Applicable,Not Applicable,No,Not Applicable,670,Credit Card,6,3.8,4.7
2024-07-25 20:25:00,CNR5345695906,Success,CID715906,Mini,BTM Layout,Yelahanka,294.0,115.0,Not Applicable,Not Applicable,No,Not Applicable,699,Cash,10,3.4,4.5
2024-07-02 08:57:00,CNR8018247908,Canceled by Driver,CID328493,Auto,Bannerghatta Road,Chamarajpet,,,Not Applicable,Customer related issue,Not Applicable,Not Applicable,503,Not Applicable,0,,
2024-07-30 17:21:00,CNR8055078166,Success,CID231458,Prime Plus,Rajarajeshwari Nagar,Banashankari,182.0,30.0,Not Applicable,Not Applicable,No,Not Applicable,481,Cash,14,3.3,3.7
2024-07-15 18:11:00,CNR3577991291,Success,CID749349,Bike,Marathahalli,Hennur,112.0,115.0,Not Applicable,Not Applicable,No,Not Applicable,353,UPI,40,3.5,4.8
2024-07-14 02:59:00,CNR4245911038,Driver Not Found,CID627451,Bike,Hulimavu,Malleshwaram,,,Not Applicable,Not Applicable,Not Applicable,Not Applicable,2398,Not Applicable,0,,
2024-07-16 21:34:00,CNR5469079880,Success,CID274350,Bike,Yeshwanthpur,Sarjapur Road,273.0,110.0,Not Applicable,Not Applicable,No,Not Applicable,323,UPI,40,4.7,4.1
2024-07-04 19:24:00,CNR3708696941,Success,CID698073,Mini,Langford Town,Peenya,112.0,55.0,Not Applicable,Not Applicable,No,Not Applicable,762,UPI,44,3.9,3.3
2024-07-24 17:40:00,CNR6734975218,Success,CID151569,Prime SUV,Rajarajeshwari Nagar,KR Puram,126.0,80.0,Not Applicable,Not Applicable,No,Not Applicable,455,Credit Card,46,3.6,4.6
2024-07-14 08:26:00,CNR2041446184,Success,CID312959,Prime Plus,Peenya,Rajarajeshwari Nagar,203.0,65.0,Not Applicable,Not Applicable,Yes,Other Issue,341,Cash,28,3.8,4.7
2024-07-13 05:46:00,CNR1385775696,Canceled by Customer,CID431713,Prime Plus,Nagarbhavi,Indiranagar,,,Change of plans,Not Applicable,Not Applicable,Not Applicable,393,Not Applicable,0,,
2024-07-26 05:54:00,CNR3270444067,Success,CID897576,Mini,Marathahalli,Yeshwanthpur,105.0,145.0,Not Applicable,Not Applicable,No,Not Applicable,562,Cash,19,4.1,4.5
2024-07-04 07:40:00,CNR5233766404,Success,CID565885,Prime Sedan,RT Nagar,Malleshwaram,168.0,105.0,Not Applicable,Not Applicable,No,Not Applicable,547,Cash,8,3.3,4.4
2024-07-28 13:39:00,CNR7344268367,Success,CID312099,Prime SUV,BTM Layout,Langford Town,266.0,125.0,Not Applicable,Not Applicable,No,Not Applicable,468,Cash,14,4.3,4.7
2024-07-05 02:23:00,CNR8918410689,Success,CID411396,Prime SUV,Ulsoor,Shivajinagar,63.0,130.0,Not Applicable,Not Applicable,Yes,Customer Demand,447,Cash,9,4.8,3.9
2024-07-08 20:01:00,CNR5930521015,Success,CID569545,Prime Sedan,Electronic City,Kadugodi,252.0,105.0,Not Applicable,Not Applicable,No,Not Applicable,290,Cash,16,3.9,5.0
2024-07-13 04:35:00,CNR2814399969,Success,CID328020,Prime SUV,Shantinagar,JP Nagar,70.0,120.0,Not Applicable,Not Applicable,No,Not Applicable,265,UPI,28,4.7,4.3
2024-07-29 06:49:00,CNR6495329147,Driver Not Found,CID501800,Mini,HSR Layout,Kengeri,,,Not Applicable,Not Applicable,Not Applicable,Not Applicable,742,Not Applicable,0,,
2024-07-05 09:04:00,CNR6033549629,Canceled by Customer,CID479405,Prime Plus,Sahakar Nagar,Rajarajeshwari Nagar,,,Driver asked to cancel,Not Applicable,Not Applicable,Not Applicable,285,Not Applicable,0,,
2024-07-11 22:50:00,CNR7743257475,Canceled by Customer,CID490568,eBike,Nagarbhavi,Ramamurthy Nagar,,,Driver is not moving towards pickup location,Not Applicable,Not Applicable,Not Applicable,372,Not Applicable,0,,
2024-07-22 09:43:00,CNR9893078447,Canceled by Driver,CID362413,eBike,Shantinagar,Devanahalli,,,Not Applicable,Personal & Car related issue,Not Applicable,Not Applicable,106,Not Applicable,0,,
2024-07-01 10:26:00,CNR8775219228,Success,CID544892,eBike,Kadugodi,JP Nagar,56.0,40.0,Not Applicable,Not Applicable,No,Not Applicable,497,UPI,45,3.2,4.1
2024-07-01 21:30:00,CNR8032805429,Success,CID573019,Bike,Kammanahalli,Shantinagar,287.0,70.0,Not Applicable,Not Applicable,No,Not Applicable,262,UPI,19,3.5,3.4
2024-07-23 16:15:00,CNR8353692340,Canceled by Customer,CID650687,Bike,Rajajinagar,Hulimavu,,,Driver is not moving towards pickup location,Not Applicable,Not Applicable,Not Applicable,242,Not Applicable,0,,
2024-07-27 08:14:00,CNR6968130355,Success,CID996589,eBike,Nagarbhavi,Electronic City,133.0,115.0,Not Applicable,Not Applicable,No,Not Applicable,275,UPI,43,3.5,3.9
2024-07-10 11:41:00,CNR4566359723,Success,CID526164,Bike,Devanahalli,Banashankari,308.0,125.0,Not Applicable,Not Applicable,No,Not Applicable,370,Cash,26,4.9,4.3
2024-07-21 09:04:00,CNR4753022223,Driver Not Found,CID204492,Bike,Majestic,Varthur,,,Not Applicable,Not Applicable,Not Applicable,Not Applicable,321,Not Applicable,0,,
2024-07-27 17:55:00,CNR2641094437,Canceled by Driver,CID780984,Prime Plus,Hennur,Vijayanagar,,,Not Applicable,Personal & Car related issue,Not Applicable,Not Applicable,1843,Not Applicable,0,,
2024-07-17 09:55:00,CNR2206973398,Success,CID406279,Prime Sedan,Bannerghatta Road,Richmond Town,147.0,80.0,Not Applicable,Not Applicable,No,Not Applicable,180,Cash,36,3.9,3.9
2024-07-04 08:34:00,CNR5402710369,Driver Not Found,CID988222,eBike,Hosur Road,Varthur,,,Not Applicable,Not Applicable,Not Applicable,Not Applicable,143,Not Applicable,0,,
2024-07-22 01:52:00,CNR3704313701,Success,CID222316,eBike,Peenya,Ulsoor,182.0,30.0,Not Applicable,Not Applicable,No,Not Applicable,290,UPI,37,4.8,4.1
2024-07-27 22:19:00,CNR2284759870,Canceled by Driver,CID790428,Prime Sedan,Yeshwanthpur,Electronic City,,,Not Applicable,Customer related issue,Not Applicable,Not Applicable,325,Not Applicable,0,,
2024-07-23 14:35:00,CNR3222830358,Success,CID186703,Mini,Jayanagar,Ulsoor,154.0,30.0,Not Applicable,Not Applicable,No,Not Applicable,585,UPI,27,3.9,4.0
2024-07-06 11:49:00,CNR8931892253,Canceled by Driver,CID669788,Auto,Electronic City,HSR Layout,,,Not Applicable,Customer was coughing/sick,Not Applicable,Not Applicable,136,Not Applicable,0,,
2024-07-18 19:35:00,CNR4118175561,Driver Not Found,CID848365,Mini,Yeshwanthpur,HSR Layout,,,Not Applicable,Not Applicable,Not Applicable,Not Applicable,271,Not Applicable,0,,
2024-07-30 19:29:00,CNR9317369826,Driver Not Found,CID136317,Bike,Electronic City,Ulsoor,,,Not Applicable,Not Applicable,Not Applicable,Not Applicable,814,Not Applicable,0,,
2024-07-04 02:02:00,CNR6226612658,Canceled by Driver,CID563325,Prime SUV,Yeshwanthpur,Malleshwaram,,,Not Applicable,Personal & Car related issue,Not Applicable,Not Applicable,161,Not Applicable,0,,
2024-07-04 16:02:00,CNR9933860388,Success,CID145153,Prime SUV,Hosur Road,Majestic,294.0,140.0,Not Applicable,Not Applicable,No,Not Applicable,648,UPI,48,3.4,4.1
2024-07-17 09:20:00,CNR2164209451,Success,CID172537,Prime Plus,Bellandur,Kengeri,259.0,45.0,Not Applicable,Not Applicable,No,Not Applicable,383,Cash,19,3.8,3.9
2024-07-07 12:34:00,CNR4308372875,Success,CID498238,Auto,Peenya,Basavanagudi,238.0,80.0,Not Applicable,Not Applicable,No,Not Applicable,295,Cash,16,3.5,4.0
2024-07-22 17:16:00,CNR3696449819,Success,CID276245,Prime Plus,KR Puram,Yelahanka,84.0,30.0,Not Applicable,Not Applicable,No,Not Applicable,819,UPI,13,4.8,4.1
2024-07-02 20:41:00,CNR7051375647,Success,CID990551,Prime Plus,MG Road,Chickpet,42.0,120.0,Not Applicable,Not Applicable,No,Not Applicable,374,Cash,23,4.0,4.0
2024-07-04 21:31:00,CNR4313921844,Success,CID140186,Mini,JP Nagar,Yelahanka,273.0,45.0,Not Applicable,Not Applicable,No,Not Applicable,470,Cash,35,4.4,4.0
2024-07-22 21:44:00,CNR5809460394,Success,CID726233,eBike,Basavanagudi,Ramamurthy Nagar,294.0,140.0,Not Applicable,Not Applicable,No,Not Applicable,2259,Cash,18,3.3,3.9
2024-07-07 03:00:00,CNR8192869971,Success,CID294229,Bike,JP Nagar,Yeshwanthpur,210.0,110.0,Not Applicable,Not Applicable,No,Not Applicable,387,Cash,33,3.5,4.0
2024-07-15 06:53:00,CNR8360099889,Success,CID339513,Prime SUV,Koramangala,MG Road,266.0,140.0,Not Applicable,Not Applicable,No,Not Applicable,681,UPI,12,3.9,4.5
2024-07-07 14:05:00,CNR9376392345,Canceled by Driver,CID504063,Prime SUV,Whitefield,Tumkur Road,,,Not Applicable,Customer related issue,Not Applicable,Not Applicable,231,Not Applicable,0,,
2024-07-20 15:02:00,CNR7351495990,Canceled by Customer,CID317520,Prime Sedan,Bannerghatta Road,JP Nagar,,,Driver is not moving towards pickup location,Not Applicable,Not Applicable,Not Applicable,788,Not Applicable,0,,
2024-07-29 12:40:00,CNR9819274399,Canceled by Driver,CID434715,Prime Sedan,Sarjapur Road,Marathahalli,,,Not Applicable,Personal & Car related issue,Not Applicable,Not Applicable,293,Not Applicable,0,,
2024-07-01 14:46:00,CNR4046934743,Canceled by Driver,CID771771,Bike,Kadugodi,Malleshwaram,,,Not Applicable,Customer related issue,Not Applicable,Not Applicable,874,Not Applicable,0,,
2024-07-15 06:51:00,CNR4711547370,Success,CID378307,Bike,Rajarajeshwari Nagar,Varthur,77.0,95.0,Not Applicable,Not Applicable,No,Not Applicable,214,Cash,32,3.5,4.5
2024-07-07 03:47:00,CNR6475156231,Canceled by Customer,CID201867,Prime Sedan,Hennur,MG Road,,,Driver is not moving towards pickup location,Not Applicable,Not Applicable,Not Applicable,248,Not Applicable,0,,
2024-07-30 10:00:00,CNR8571662459,Success,CID112458,Mini,Kadugodi,Mysore Road,63.0,40.0,Not Applicable,Not Applicable,No,Not Applicable,138,Cash,36,3.6,4.6
2024-07-01 09:53:00,CNR6714670765,Driver Not Found,CID975284,Prime Sedan,Chamarajpet,Ramamurthy Nagar,,,Not Applicable,Not Applicable,Not Applicable,Not Applicable,116,Not Applicable,0,,
2024-07-22 03:23:00,CNR7381014073,Canceled by Customer,CID823047,Bike,Frazer Town,Frazer Town,,,Driver asked to cancel,Not Applicable,Not Applicable,Not Applicable,389,Not Applicable,0,,
2024-07-29 05:16:00,CNR6312710284,Success,CID508229,Mini,Hennur,Koramangala,238.0,115.0,Not Applicable,Not Applicable,No,Not Applicable,593,UPI,32,4.6,4.5
2024-07-12 12:38:00,CNR3960501239,Success,CID390962,Mini,Kadugodi,Yeshwanthpur,56.0,95.0,Not Applicable,Not Applicable,No,Not Applicable,187,Cash,37,4.1,4.1
2024-07-20 00:33:00,CNR8282383689,Success,CID708638,Prime Sedan,Ulsoor,Hebbal,294.0,30.0,Not Applicable,Not Applicable,No,Not Applicable,431,Cash,47,3.4,3.7
2024-07-08 17:50:00,CNR6252497411,Success,CID441131,Bike,Shantinagar,Indiranagar,91.0,130.0,Not Applicable,Not Applicable,No,Not Applicable,591,Cash,13,3.2,4.9
2024-07-22 15:55:00,CNR7621580994,Success,CID166356,Prime Sedan,MG Road,Majestic,203.0,70.0,Not Applicable,Not Applicable,No,Not Applicable,440,Cash,12,5.0,4.5
2024-07-28 10:50:00,CNR8442456582,Success,CID931184,Bike,Langford Town,JP Nagar,112.0,70.0,Not Applicable,Not Applicable,No,Not Applicable,324,UPI,26,4.4,3.4
2024-07-13 01:47:00,CNR5345245300,Canceled by Customer,CID886719,Prime Plus,Rajarajeshwari Nagar,Mysore Road,,,Driver asked to cancel,Not Applicable,Not Applicable,Not Applicable,494,Not Applicable,0,,
2024-07-02 01:40:00,CNR9131495942,Canceled by Driver,CID238405,Prime Plus,MG Road,Basavanagudi,,,Not Applicable,Customer was coughing/sick,Not Applicable,Not Applicable,699,Not Applicable,0,,
2024-07-03 19:25:00,CNR1622056764,Success,CID825545,Bike,Ramamurthy Nagar,Chickpet,203.0,100.0,Not Applicable,Not Applicable,No,Not Applicable,283,UPI,28,3.8,3.8
2024-07-10 21:58:00,CNR4828496892,Success,CID645159,Auto,Jayanagar,Yeshwanthpur,84.0,110.0,Not Applicable,Not Applicable,No,Not Applicable,145,Cash,10,4.3,3.6
2024-07-14 17:02:00,CNR1505780164,Canceled by Customer,CID816071,Prime SUV,Indiranagar,Hebbal,,,Change of plans,Not Applicable,Not Applicable,Not Applicable,183,Not Applicable,0,,
2024-07-17 17:33:00,CNR7662848358,Success,CID898101,Auto,Banashankari,Rajajinagar,56.0,80.0,Not Applicable,Not Applicable,No,Not Applicable,317,Cash,19,4.6,5.0
2024-07-19 13:25:00,CNR9940254379,Driver Not Found,CID783945,Bike,HSR Layout,Peenya,,,Not Applicable,Not Applicable,Not Applicable,Not Applicable,362,Not Applicable,0,,
2024-07-12 04:16:00,CNR9845077088,Success,CID632882,Prime Sedan,Richmond Town,Rajajinagar,273.0,85.0,Not Applicable,Not Applicable,No,Not Applicable,2581,Credit Card,1,4.9,3.2
2024-07-02 21:31:00,CNR5045408205,Success,CID708690,eBike,Padmanabhanagar,Nagarbhavi,259.0,50.0,Not Applicable,Not Applicable,No,Not Applicable,129,Cash,13,4.0,4.1
2024-07-18 17:02:00,CNR5426256987,Driver Not Found,CID925186,Prime Sedan,Yelahanka,Tumkur Road,,,Not Applicable,Not Applicable,Not Applicable,Not Applicable,280,Not Applicable,0,,
2024-07-13 08:26:00,CNR9305993323,Success,CID123214,Prime Sedan,Vijayanagar,Varthur,273.0,110.0,Not Applicable,Not Applicable,No,Not Applicable,179,UPI,39,3.4,3.4
2024-07-19 06:54:00,CNR9280965618,Success,CID324339,Prime Sedan,Majestic,Koramangala,238.0,55.0,Not Applicable,Not Applicable,No,Not Applicable,478,UPI,27,4.7,4.6
2024-07-06 00:12:00,CNR5775409858,Success,CID837817,Prime SUV,Banashankari,JP Nagar,91.0,30.0,Not Applicable,Not Applicable,Yes,Other Issue,192,UPI,39,3.5,3.5
2024-07-17 15:26:00,CNR3807864047,Success,CID410352,Prime SUV,MG Road,Marathahalli,154.0,145.0,Not Applicable,Not Applicable,No,Not Applicable,242,Cash,36,4.9,4.8
2024-07-09 00:21:00,CNR6058067154,Canceled by Driver,CID485515,Bike,Electronic City,HSR Layout,,,Not Applicable,Customer related issue,Not Applicable,Not Applicable,384,Not Applicable,0,,
2024-07-19 04:36:00,CNR8663276789,Success,CID644321,Mini,Kammanahalli,Sarjapur Road,35.0,135.0,Not Applicable,Not Applicable,No,Not Applicable,947,Cash,45,4.5,3.6
2024-07-13 14:12:00,CNR7828668894,Driver Not Found,CID784618,Prime Sedan,KR Puram,Sarjapur Road,,,Not Applicable,Not Applicable,Not Applicable,Not Applicable,209,Not Applicable,0,,
2024-07-22 09:53:00,CNR7758527487,Success,CID287234,Auto,RT Nagar,Rajarajeshwari Nagar,154.0,130.0,Not Applicable,Not Applicable,No,Not Applicable,150,Cash,1,4.6,3.1
2024-07-30 11:30:00,CNR6485907992,Success,CID628349,Prime Sedan,Bannerghatta Road,Bellandur,42.0,120.0,Not Applicable,Not Applicable,No,Not Applicable,307,UPI,38,4.1,4.5
2024-07-07 12:42:00,CNR2361360902,Success,CID265417,Prime SUV,Bannerghatta Road,Sarjapur Road,154.0,70.0,Not Applicable,Not Applicable,No,Not Applicable,733,Credit Card,16,3.1,3.3
2024-07-13 09:43:00,CNR6922768440,Success,CID150634,Prime Sedan,Shantinagar,Nagarbhavi,119.0,50.0,Not Applicable,Not Applicable,No,Not Applicable,253,Cash,28,3.1,4.7
2024-07-17 10:47:00,CNR4335952813,Success,CID125673,Bike,Varthur,JP Nagar,231.0,80.0,Not Applicable,Not Applicable,No,Not Applicable,943,Cash,27,4.2,3.7
2024-07-10 21:58:00,CNR2406139280,Canceled by Driver,CID117957,Prime Sedan,Cox Town,RT Nagar,,,Not Applicable,More than permitted people in there,Not Applicable,Not Applicable,191,Not Applicable,0,,
2024-07-08 11:25:00,CNR5901233670,Success,CID278166,Auto,Whitefield,KR Puram,140.0,65.0,Not Applicable,Not Applicable,No,Not Applicable,246,UPI,8,4.1,3.2
2024-07-18 12:23:00,CNR5385273590,Canceled by Driver,CID451533,Prime Sedan,Bannerghatta Road,Bellandur,,,Not Applicable,Customer related issue,Not Applicable,Not Applicable,884,Not Applicable,0,,
2024-07-18 20:57:00,CNR3764106878,Success,CID729503,Auto,Indiranagar,MG Road,203.0,125.0,Not Applicable,Not Applicable,No,Not Applicable,1943,UPI,3,3.5,3.4
2024-07-03 11:18:00,CNR7507740720,Success,CID297105,Prime SUV,Padmanabhanagar,Sarjapur Road,70.0,125.0,Not Applicable,Not Applicable,No,Not Applicable,776,Cash,13,4.7,3.5
2024-07-06 17:56:00,CNR1436597973,Success,CID286214,Mini,Basavanagudi,Sahakar Nagar,231.0,35.0,Not Applicable,Not Applicable,No,Not Applicable,193,UPI,10,4.9,3.1
2024-07-01 19:05:00,CNR1453206029,Canceled by Customer,CID921401,eBike,MG Road,Peenya,,,AC is Not working,Not Applicable,Not Applicable,Not Applicable,314,Not Applicable,0,,
2024-07-14 15:11:00,CNR5825942968,Driver Not Found,CID869018,Auto,Jayanagar,Bannerghatta Road,,,Not Applicable,Not Applicable,Not Applicable,Not Applicable,431,Not Applicable,0,,
2024-07-20 04:14:00,CNR6529220160,Success,CID606451,Prime SUV,Hennur,Vijayanagar,140.0,45.0,Not Applicable,Not Applicable,No,Not Applicable,215,Cash,9,4.6,3.8
2024-07-16 06:00:00,CNR2825358998,Driver Not Found,CID935443,Prime SUV,Padmanabhanagar,Vijayanagar,,,Not Applicable,Not Applicable,Not Applicable,Not Applicable,603,Not Applicable,0,,
2024-07-25 11:26:00,CNR2468358229,Canceled by Driver,CID200634,Prime Sedan,Sahakar Nagar,Mysore Road,,,Not Applicable,Customer was coughing/sick,Not Applicable,Not Applicable,321,Not Applicable,0,,
2024-07-16 21:51:00,CNR1787000859,Canceled by Driver,CID833922,Bike,Chamarajpet,Majestic,,,Not Applicable,Customer was coughing/sick,Not Applicable,Not Applicable,808,Not Applicable,0,,
2024-07-27 18:38:00,CNR3059184150,Canceled by Customer,CID207361,Mini,Hebbal,Varthur,,,AC is Not working,Not Applicable,Not Applicable,Not Applicable,173,Not Applicable,0,,
2024-07-19 23:54:00,CNR5116291118,Canceled by Customer,CID726875,eBike,Yelahanka,Rajarajeshwari Nagar,,,Driver asked to cancel,Not Applicable,Not Applicable,Not Applicable,926,Not Applicable,0,,
2024-07-07 23:57:00,CNR1805058506,Success,CID980632,Bike,JP Nagar,Vijayanagar,35.0,110.0,Not Applicable,Not Applicable,No,Not Applicable,410,Cash,30,4.2,4.2
2024-07-27 15:53:00,CNR3398512326,Canceled by Driver,CID145695,Mini,Malleshwaram,Varthur,,,Not Applicable,Customer was coughing/sick,Not Applicable,Not Applicable,429,Not Applicable,0,,
2024-07-05 04:58:00,CNR5489677523,Canceled by Driver,CID202845,eBike,Ramamurthy Nagar,Banashankari,,,Not Applicable,Personal & Car related issue,Not Applicable,Not Applicable,199,Not Applicable,0,,
2024-07-05 20:16:00,CNR8647516416,Success,CID588581,Prime Plus,Hennur,Sarjapur Road,119.0,40.0,Not Applicable,Not Applicable,No,Not Applicable,421,Credit Card,33,3.4,4.4
2024-07-11 11:54:00,CNR3726663697,Success,CID424544,Mini,Frazer Town,Cox Town,77.0,75.0,Not Applicable,Not Applicable,No,Not Applicable,719,Cash,45,5.0,3.1
2024-07-09 12:23:00,CNR3101996486,Success,CID350227,Prime Sedan,Hebbal,Banashankari,280.0,60.0,Not Applicable,Not Applicable,No,Not Applicable,118,Cash,31,4.6,3.6
2024-07-16 22:58:00,CNR7356882194,Success,CID934299,Auto,Vijayanagar,Varthur,224.0,60.0,Not Applicable,Not Applicable,No,Not Applicable,493,Cash,5,3.1,4.0
2024-07-10 02:45:00,CNR2428267373,Canceled by Driver,CID330304,Prime Sedan,Devanahalli,Yelahanka,,,Not Applicable,Customer related issue,Not Applicable,Not Applicable,190,Not Applicable,0,,
2024-07-16 08:02:00,CNR9070413545,Canceled by Driver,CID134902,Prime Plus,RT Nagar,Hulimavu,,,Not Applicable,More than permitted people in there,Not Applicable,Not Applicable,140,Not Applicable,0,,
2024-07-30 13:57:00,CNR6609423974,Driver Not Found,CID797453,eBike,Bannerghatta Road,KR Puram,,,Not Applicable,Not Applicable,Not Applicable,Not Applicable,319,Not Applicable,0,,
2024-07-08 19:25:00,CNR5220626648,Canceled by Driver,CID522889,Prime Sedan,Bellandur,Padmanabhanagar,,,Not Applicable,Customer was coughing/sick,Not Applicable,Not Applicable,222,Not Applicable,0,,
2024-07-20 19:55:00,CNR2451358278,Success,CID899326,Bike,Electronic City,Frazer Town,154.0,85.0,Not Applicable,Not Applicable,No,Not Applicable,335,Cash,10,4.6,4.1
2024-07-03 14:45:00,CNR8841113796,Success,CID964143,Bike,Majestic,Bannerghatta Road,154.0,55.0,Not Applicable,Not Applicable,No,Not Applicable,310,UPI,22,3.6,4.5
2024-07-21 19:21:00,CNR1895065665,Driver Not Found,CID328045,Bike,Magadi Road,Whitefield,,,Not Applicable,Not Applicable,Not Applicable,Not Applicable,776,Not Applicable,0,,
2024-07-17 21:04:00,CNR5493043113,Success,CID818977,Prime Sedan,Whitefield,Varthur,147.0,25.0,Not Applicable,Not Applicable,No,Not Applicable,273,Cash,43,3.3,4.6
2024-07-27 22:02:00,CNR9809181562,Success,CID959599,Auto,Chickpet,Shantinagar,147.0,90.0,Not Applicable,Not Applicable,Yes,Customer Demand,281,Cash,17,4.3,3.7
2024-07-21 17:13:00,CNR7992415599,Success,CID507725,eBike,Kengeri,Basavanagudi,133.0,145.0,Not Applicable,Not Applicable,No,Not Applicable,264,Debit Card,24,3.8,4.1
2024-07-16 12:02:00,CNR6110773083,Success,CID729703,eBike,RT Nagar,Mysore Road,301.0,60.0,Not Applicable,Not Applicable,No,Not Applicable,176,Credit Card,20,3.3,4.0
2024-07-14 11:53:00,CNR2332152554,Driver Not Found,CID769249,Prime Sedan,Frazer Town,Padmanabhanagar,,,Not Applicable,Not Applicable,Not Applicable,Not Applicable,826,Not Applicable,0,,
2024-07-13 00:58:00,CNR2281716782,Success,CID994433,Bike,Bannerghatta Road,Peenya,154.0,60.0,Not Applicable,Not Applicable,No,Not Applicable,232,Cash,12,3.5,4.6
2024-07-25 12:01:00,CNR4525879193,Success,CID487280,Bike,Peenya,Bannerghatta Road,77.0,40.0,Not Applicable,Not Applicable,No,Not Applicable,498,Cash,7,3.1,3.3
2024-07-02 05:05:00,CNR1798885574,Canceled by Driver,CID899073,Prime Sedan,Whitefield,HSR Layout,,,Not Applicable,Customer was coughing/sick,Not Applicable,Not Applicable,190,Not Applicable,0,,
2024-07-11 04:36:00,CNR1848000746,Canceled by Driver,CID321952,Prime Sedan,Yelahanka,Kengeri,,,Not Applicable,Customer related issue,Not Applicable,Not Applicable,235,Not Applicable,0,,
2024-07-05 18:40:00,CNR1285771395,Success,CID731391,Mini,Koramangala,Sahakar Nagar,231.0,145.0,Not Applicable,Not Applicable,No,Not Applicable,215,Cash,13,4.4,3.2
2024-07-12 17:31:00,CNR8363401948,Driver Not Found,CID791356,Auto,Hosur Road,Devanahalli,,,Not Applicable,Not Applicable,Not Applicable,Not Applicable,258,Not Applicable,0,,
2024-07-24 07:05:00,CNR3479491422,Canceled by Driver,CID288854,Prime SUV,Peenya,Basavanagudi,,,Not Applicable,Customer was coughing/sick,Not Applicable,Not Applicable,989,Not Applicable,0,,
2024-07-04 09:24:00,CNR1986327402,Success,CID110374,Prime Plus,Vijayanagar,Vijayanagar,231.0,70.0,Not Applicable,Not Applicable,No,Not Applicable,236,Cash,27,3.7,4.8
2024-07-15 15:44:00,CNR6663112122,Canceled by Driver,CID528614,Prime Plus,Langford Town,Banashankari,,,Not Applicable,Customer related issue,Not Applicable,Not Applicable,254,Not Applicable,0,,
2024-07-04 12:28:00,CNR6408419122,Canceled by Driver,CID653119,Prime Sedan,Hennur,Yeshwanthpur,,,Not Applicable,Customer related issue,Not Applicable,Not Applicable,103,Not Applicable,0,,
2024-07-29 23:54:00,CNR5781696507,Success,CID217988,eBike,Cox Town,Bellandur,266.0,110.0,Not Applicable,Not Applicable,No,Not Applicable,596,Debit Card,20,5.0,3.1
2024-07-15 11:42:00,CNR9398875628,Success,CID154916,eBike,Peenya,Malleshwaram,245.0,135.0,Not Applicable,Not Applicable,Yes,Customer Demand,320,UPI,33,3.0,3.6
2024-07-03 17:43:00,CNR8329983720,Success,CID273914,Auto,Hebbal,Hulimavu,189.0,125.0,Not Applicable,Not Applicable,No,Not Applicable,988,Cash,10,4.9,3.6
2024-07-07 22:12:00,CNR3618969990,Success,CID434508,Prime Sedan,Bannerghatta Road,Varthur,308.0,95.0,Not Applicable,Not Applicable,No,Not Applicable,273,UPI,36,4.2,4.7
2024-07-21 03:27:00,CNR1826219473,Success,CID791666,Prime SUV,Yeshwanthpur,Varthur,287.0,140.0,Not Applicable,Not Applicable,No,Not Applicable,112,Cash,14,4.5,4.0
2024-07-29 14:13:00,CNR5280220760,Canceled by Driver,CID824743,Auto,Basavanagudi,JP Nagar,,,Not Applicable,Customer related issue,Not Applicable,Not Applicable,285,Not Applicable,0,,
2024-07-29 05:26:00,CNR6252685655,Success,CID205747,Prime SUV,Indiranagar,Bellandur,294.0,105.0,Not Applicable,Not Applicable,No,Not Applicable,424,UPI,2,3.3,4.4
2024-07-10 09:20:00,CNR9574913493,Canceled by Driver,CID963988,Auto,Malleshwaram,Frazer Town,,,Not Applicable,Customer was coughing/sick,Not Applicable,Not Applicable,343,Not Applicable,0,,
2024-07-19 03:51:00,CNR6433682445,Canceled by Driver,CID110712,Prime Sedan,Frazer Town,Sahakar Nagar,,,Not Applicable,Customer related issue,Not Applicable,Not Applicable,780,Not Applicable,0,,
2024-07-20 06:03:00,CNR9715685307,Canceled by Driver,CID265965,Bike,Sarjapur Road,Vijayanagar,,,Not Applicable,Customer related issue,Not Applicable,Not Applicable,301,Not Applicable,0,,
2024-07-01 10:40:00,CNR1079788753,Canceled by Driver,CID330729,Prime SUV,Kammanahalli,Hebbal,,,Not Applicable,More than permitted people in there,Not Applicable,Not Applicable,474,Not Applicable,0,,
2024-07-14 15:41:00,CNR4493256565,Canceled by Driver,CID249812,Prime Plus,Malleshwaram,Shivajinagar,,,Not Applicable,Customer related issue,Not Applicable,Not Applicable,811,Not Applicable,0,,
2024-07-16 19:47:00,CNR8787697120,Success,CID134807,Prime Plus,Ulsoor,KR Puram,168.0,25.0,Not Applicable,Not Applicable,No,Not Applicable,1394,UPI,1,4.7,4.9
2024-07-24 19:01:00,CNR2126151031,Driver Not Found,CID299221,Mini,Mysore Road,Magadi Road,,,Not Applicable,Not Applicable,Not Applicable,Not Applicable,584,Not Applicable,0,,
2024-07-21 20:03:00,CNR3821408323,Success,CID224341,eBike,Sarjapur Road,Banashankari,217.0,35.0,Not Applicable,Not Applicable,No,Not Applicable,232,UPI,42,4.4,4.3
2024-07-27 15:46:00,CNR5946737366,Success,CID931271,Mini,Kadugodi,Padmanabhanagar,189.0,35.0,Not Applicable,Not Applicable,No,Not Applicable,273,Cash,4,3.8,3.8
2024-07-24 04:57:00,CNR6902833410,Canceled by Driver,CID961110,Mini,JP Nagar,Padmanabhanagar,,,Not Applicable,Customer related issue,Not Applicable,Not Applicable,693,Not Applicable,0,,
2024-07-01 12:24:00,CNR4948108610,Driver Not Found,CID719026,Bike,Malleshwaram,Indiranagar,,,Not Applicable,Not Applicable,Not Applicable,Not Applicable,201,Not Applicable,0,,
2024-07-09 05:55:00,CNR2423265447,Success,CID225958,Bike,Majestic,Nagarbhavi,63.0,145.0,Not Applicable,Not Applicable,No,Not Applicable,324,UPI,8,4.6,4.7
2024-07-25 12:50:00,CNR2962190551,Canceled by Driver,CID883518,Prime Plus,Varthur,Sahakar Nagar,,,Not Applicable,Personal & Car related issue,Not Applicable,Not Applicable,356,Not Applicable,0,,
2024-07-18 08:59:00,CNR6482364043,Success,CID581180,Prime SUV,Bellandur,Cox Town,224.0,25.0,Not Applicable,Not Applicable,No,Not Applicable,302,UPI,39,4.0,4.5
2024-07-03 01:20:00,CNR6525859441,Success,CID160472,Prime Sedan,Shantinagar,Chickpet,266.0,100.0,Not Applicable,Not Applicable,No,Not Applicable,2920,Cash,11,4.7,4.5
2024-07-03 19:35:00,CNR4843516031,Success,CID107137,Auto,Kengeri,Banashankari,238.0,75.0,Not Applicable,Not Applicable,No,Not Applicable,281,UPI,19,4.4,3.9
2024-07-01 12:17:00,CNR1594461763,Success,CID821564,Prime Sedan,Cox Town,Marathahalli,140.0,100.0,Not Applicable,Not Applicable,No,Not Applicable,786,Cash,35,4.1,3.3
2024-07-23 21:26:00,CNR7506474612,Driver Not Found,CID751260,Mini,Marathahalli,Nagarbhavi,,,Not Applicable,Not Applicable,Not Applicable,Not Applicable,977,Not Applicable,0,,
2024-07-30 02:48:00,CNR1810376895,Success,CID842185,Prime Plus,Magadi Road,Mysore Road,42.0,80.0,Not Applicable,Not Applicable,No,Not Applicable,449,Credit Card,28,3.4,4.5
2024-07-16 14:54:00,CNR8323301130,Success,CID808952,Prime SUV,Vijayanagar,Malleshwaram,231.0,145.0,Not Applicable,Not Applicable,No,Not Applicable,188,Cash,35,4.7,3.2
2024-07-09 23:33:00,CNR9611737629,Canceled by Driver,CID498996,Prime Sedan,Padmanabhanagar,Kammanahalli,,,Not Applicable,Customer was coughing/sick,Not Applicable,Not Applicable,427,Not Applicable,0,,
2024-07-24 03:52:00,CNR9827605969,Driver Not Found,CID939063,Bike,Sahakar Nagar,Chamarajpet,,,Not Applicable,Not Applicable,Not Applicable,Not Applicable,437,Not Applicable,0,,
2024-07-25 20:09:00,CNR2037044586,Success,CID747279,Auto,Indiranagar,Shantinagar,301.0,30.0,Not Applicable,Not Applicable,No,Not Applicable,369,Cash,8,3.0,4.8
2024-07-30 03:35:00,CNR6610777818,Success,CID571703,eBike,Peenya,MG Road,91.0,95.0,Not Applicable,Not Applicable,No,Not Applicable,254,UPI,2,4.5,3.8
2024-07-02 05:19:00,CNR6231841089,Success,CID712642,Prime Sedan,Richmond Town,Sarjapur Road,189.0,110.0,Not Applicable,Not Applicable,No,Not Applicable,189,UPI,18,3.1,3.8
2024-07-02 01:13:00,CNR3266972010,Success,CID980573,Prime SUV,Chamarajpet,Rajarajeshwari Nagar,287.0,90.0,Not Applicable,Not Applicable,No,Not Applicable,2499,Cash,20,4.3,3.8
2024-07-20 10:09:00,CNR5416511367,Success,CID422217,Prime SUV,Jayanagar,Marathahalli,245.0,80.0,Not Applicable,Not Applicable,No,Not Applicable,622,UPI,36,5.0,4.6
2024-07-17 17:17:00,CNR6477146158,Success,CID261378,Mini,Varthur,Ramamurthy Nagar,266.0,25.0,Not Applicable,Not Applicable,No,Not Applicable,409,Cash,2,4.3,4.3
2024-07-29 20:14:00,CNR1305496720,Canceled by Driver,CID897525,eBike,Kengeri,Hulimavu,,,Not Applicable,Customer was coughing/sick,Not Applicable,Not Applicable,739,Not Applicable,0,,
2024-07-16 18:04:00,CNR2779128458,Success,CID404945,Bike,Banashankari,Koramangala,231.0,30.0,Not Applicable,Not Applicable,No,Not Applicable,311,Cash,28,4.6,4.1
2024-07-13 15:41:00,CNR1423471575,Canceled by Customer,CID662779,Auto,Majestic,Richmond Town,,,Change of plans,Not Applicable,Not Applicable,Not Applicable,367,Not Applicable,0,,
2024-07-14 04:55:00,CNR3899061108,Success,CID891496,Auto,Devanahalli,Koramangala,49.0,135.0,Not Applicable,Not Applicable,No,Not Applicable,167,Cash,4,4.4,4.6
2024-07-16 22:53:00,CNR3747995760,Success,CID343037,Prime Sedan,Hosur Road,Ulsoor,70.0,110.0,Not Applicable,Not Applicable,No,Not Applicable,300,Cash,17,4.6,4.3
2024-07-01 13:27:00,CNR6570205183,Success,CID690803,Prime Sedan,MG Road,Chamarajpet,224.0,120.0,Not Applicable,Not Applicable,No,Not Applicable,669,Cash,3,3.9,4.3
2024-07-03 07:46:00,CNR8144697258,Success,CID226726,Prime Sedan,Nagarbhavi,Yelahanka,105.0,85.0,Not Applicable,Not Applicable,No,Not Applicable,142,UPI,39,4.5,3.9
2024-07-23 03:42:00,CNR5423185858,Success,CID300472,Mini,Rajajinagar,Frazer Town,133.0,130.0,Not Applicable,Not Applicable,No,Not Applicable,749,Cash,37,3.4,3.6
2024-07-18 19:30:00,CNR8832062097,Success,CID493731,eBike,Sahakar Nagar,Shivajinagar,203.0,75.0,Not Applicable,Not Applicable,No,Not Applicable,400,Cash,16,4.2,3.6
2024-07-12 10:40:00,CNR9024985696,Success,CID967761,Prime Sedan,Varthur,JP Nagar,252.0,25.0,Not Applicable,Not Applicable,Yes,Other Issue,1814,Cash,21,4.7,4.6
2024-07-26 09:42:00,CNR2395775259,Success,CID498173,Auto,Tumkur Road,Basavanagudi,196.0,70.0,Not Applicable,Not Applicable,No,Not Applicable,395,UPI,12,4.9,3.6
2024-07-23 07:43:00,CNR8449600937,Success,CID769185,Prime Plus,Magadi Road,Frazer Town,266.0,40.0,Not Applicable,Not Applicable,No,Not Applicable,753,UPI,49,3.4,3.1
2024-07-29 14:17:00,CNR8287074077,Success,CID739676,Mini,Electronic City,Nagarbhavi,119.0,25.0,Not Applicable,Not Applicable,No,Not Applicable,123,Cash,27,3.7,4.2
2024-07-02 04:47:00,CNR6374526266,Canceled by Customer,CID109702,eBike,HSR Layout,Basavanagudi,,,Driver asked to cancel,Not Applicable,Not Applicable,Not Applicable,1700,Not Applicable,0,,
2024-07-30 22:36:00,CNR1457092171,Canceled by Driver,CID825235,eBike,Cox Town,Frazer Town,,,Not Applicable,Personal & Car related issue,Not Applicable,Not Applicable,278,Not Applicable,0,,
2024-07-03 23:35:00,CNR7250590168,Canceled by Driver,CID864091,Auto,Rajarajeshwari Nagar,Hebbal,,,Not Applicable,Customer related issue,Not Applicable,Not Applicable,330,Not Applicable,0,,
2024-07-16 01:41:00,CNR9604735785,Canceled by Driver,CID861234,Auto,Tumkur Road,Bannerghatta Road,,,Not Applicable,Customer was coughing/sick,Not Applicable,Not Applicable,723,Not Applicable,0,,
2024-07-12 04:04:00,CNR1147807481,Success,CID782008,Bike,Yeshwanthpur,Sahakar Nagar,49.0,115.0,Not Applicable,Not Applicable,No,Not Applicable,452,Cash,49,4.6,3.6
2024-07-14 10:00:00,CNR6321026084,Canceled by Driver,CID716216,eBike,Varthur,Hulimavu,,,Not Applicable,Personal & Car related issue,Not Applicable,Not Applicable,375,Not Applicable,0,,
2024-07-06 09:44:00,CNR1350312479,Canceled by Customer,CID836392,Bike,Koramangala,Langford Town,,,Change of plans,Not Applicable,Not Applicable,Not Applicable,338,Not Applicable,0,,
2024-07-05 00:45:00,CNR1621513702,Success,CID867984,Prime SUV,Mysore Road,Hosur Road,126.0,95.0,Not Applicable,Not Applicable,No,Not Applicable,352,Cash,20,3.8,3.2
2024-07-04 12:41:00,CNR3060320141,Driver Not Found,CID653115,eBike,BTM Layout,Banashankari,,,Not Applicable,Not Applicable,Not Applicable,Not Applicable,331,Not Applicable,0,,
2024-07-16 12:03:00,CNR9639947066,Canceled by Customer,CID977077,Prime Sedan,Chamarajpet,JP Nagar,,,Driver asked to cancel,Not Applicable,Not Applicable,Not Applicable,393,Not Applicable,0,,
2024-07-03 13:13:00,CNR8253462193,Canceled by Driver,CID134671,Prime Plus,Marathahalli,Basavanagudi,,,Not Applicable,Personal & Car related issue,Not Applicable,Not Applicable,1527,Not Applicable,0,,
2024-07-18 18:06:00,CNR7567220691,Success,CID288594,Auto,Shantinagar,Frazer Town,154.0,80.0,Not Applicable,Not Applicable,No,Not Applicable,816,Cash,18,4.4,5.0
2024-07-23 02:38:00,CNR2821147203,Success,CID255569,Mini,Kammanahalli,Chamarajpet,126.0,25.0,Not Applicable,Not Applicable,Yes,Vehicle Breakdown,379,UPI,13,4.1,4.9
2024-07-02 16:59:00,CNR4191964044,Success,CID999123,Bike,Shantinagar,Sarjapur Road,140.0,40.0,Not Applicable,Not Applicable,No,Not Applicable,266,UPI,43,3.9,4.4
2024-07-26 16:44:00,CNR3357621926,Success,CID481919,Prime Sedan,Padmanabhanagar,Koramangala,301.0,65.0,Not Applicable,Not Applicable,No,Not Applicable,305,Cash,41,4.4,3.0
2024-07-11 01:02:00,CNR9829945528,Success,CID467720,Auto,Mysore Road,Banashankari,301.0,60.0,Not Applicable,Not Applicable,No,Not Applicable,173,Cash,4,3.0,3.3
2024-07-13 22:30:00,CNR1615750226,Success,CID280921,Bike,Kadugodi,Devanahalli,203.0,135.0,Not Applicable,Not Applicable,No,Not Applicable,394,UPI,42,4.7,3.5
2024-07-05 05:33:00,CNR8238718701,Success,CID890606,Bike,Cox Town,Bellandur,196.0,75.0,Not Applicable,Not Applicable,No,Not Applicable,275,Cash,18,3.0,3.6
2024-07-22 18:20:00,CNR2121195911,Success,CID895595,Bike,Bellandur,Marathahalli,168.0,80.0,Not Applicable,Not Applicable,No,Not Applicable,358,UPI,38,3.9,4.8
2024-07-14 05:20:00,CNR7543011063,Canceled by Driver,CID265962,Mini,Indiranagar,Kengeri,,,Not Applicable,Customer related issue,Not Applicable,Not Applicable,108,Not Applicable,0,,
2024-07-08 09:08:00,CNR1160349577,Canceled by Driver,CID160082,Mini,Electronic City,Frazer Town,,,Not Applicable,Personal & Car related issue,Not Applicable,Not Applicable,831,Not Applicable,0,,
2024-07-13 02:47:00,CNR4366821260,Success,CID944372,Prime SUV,Rajarajeshwari Nagar,Malleshwaram,231.0,45.0,Not Applicable,Not Applicable,No,Not Applicable,282,Cash,17,4.5,4.3
2024-07-01 01:20:00,CNR3297677507,Canceled by Driver,CID873116,Mini,Koramangala,Rajarajeshwari Nagar,,,Not Applicable,Customer was coughing/sick,Not Applicable,Not Applicable,658,Not Applicable,0,,
2024-07-27 08:29:00,CNR6531600407,Canceled by Customer,CID723212,eBike,Chickpet,Yeshwanthpur,,,AC is Not working,Not Applicable,Not Applicable,Not Applicable,816,Not Applicable,0,,
2024-07-18 12:10:00,CNR5219511874,Driver Not Found,CID439499,Prime SUV,Tumkur Road,Majestic,,,Not Applicable,Not Applicable,Not Applicable,Not Applicable,215,Not Applicable,0,,
2024-07-08 17:30:00,CNR7440162873,Success,CID976495,Prime Plus,Yeshwanthpur,Hennur,84.0,65.0,Not Applicable,Not Applicable,No,Not Applicable,212,UPI,14,4.3,4.9
2024-07-10 09:44:00,CNR4421276374,Success,CID463332,Prime Plus,Ramamurthy Nagar,Whitefield,112.0,145.0,Not Applicable,Not Applicable,No,Not Applicable,326,UPI,26,5.0,4.5
2024-07-20 04:03:00,CNR9640170832,Canceled by Driver,CID206680,Prime SUV,Chamarajpet,Sarjapur Road,,,Not Applicable,Customer was coughing/sick,Not Applicable,Not Applicable,145,Not Applicable,0,,
2024-07-18 16:05:00,CNR9350333902,Success,CID641620,Mini,Bannerghatta Road,Varthur,168.0,65.0,Not Applicable,Not Applicable,No,Not Applicable,346,UPI,47,3.8,4.9
2024-07-30 06:18:00,CNR7208983158,Canceled by Customer,CID364950,Auto,MG Road,Cox Town,,,Driver is not moving towards pickup location,Not Applicable,Not Applicable,Not Applicable,279,Not Applicable,0,,
2024-07-18 14:27:00,CNR6660274393,Canceled by Driver,CID144260,eBike,Langford Town,Kammanahalli,,,Not Applicable,Personal & Car related issue,Not Applicable,Not Applicable,378,Not Applicable,0,,
2024-07-29 07:05:00,CNR5192876836,Canceled by Customer,CID502806,Prime Plus,Koramangala,Padmanabhanagar,,,Driver is not moving towards pickup location,Not Applicable,Not Applicable,Not Applicable,267,Not Applicable,0,,
2024-07-02 17:40:00,CNR3396154605,Success,CID734259,Bike,Yelahanka,Cox Town,259.0,135.0,Not Applicable,Not Applicable,No,Not Applicable,497,Cash,17,3.2,4.6
2024-07-19 15:34:00,CNR2586477557,Success,CID926333,Prime Plus,HSR Layout,Richmond Town,56.0,100.0,Not Applicable,Not Applicable,No,Not Applicable,548,UPI,22,4.3,4.6
2024-07-12 05:57:00,CNR6990173722,Canceled by Driver,CID447522,eBike,Ulsoor,Langford Town,,,Not Applicable,Personal & Car related issue,Not Applicable,Not Applicable,470,Not Applicable,0,,
2024-07-06 06:28:00,CNR2133811627,Canceled by Customer,CID478007,Prime Sedan,Basavanagudi,Banashankari,,,Driver is not moving towards pickup location,Not Applicable,Not Applicable,Not Applicable,495,Not Applicable,0,,
2024-07-28 15:52:00,CNR1522711418,Success,CID728649,eBike,Koramangala,BTM Layout,175.0,135.0,Not Applicable,Not Applicable,No,Not Applicable,339,Cash,1,4.2,3.6
2024-07-02 20:56:00,CNR2542637623,Success,CID737602,Mini,Hebbal,Chickpet,119.0,130.0,Not Applicable,Not Applicable,No,Not Applicable,492,Cash,38,3.8,4.0
2024-07-09 17:06:00,CNR4215393190,Driver Not Found,CID483147,Mini,Cox Town,Yeshwanthpur,,,Not Applicable,Not Applicable,Not Applicable,Not Applicable,321,Not Applicable,0,,
2024-07-08 11:44:00,CNR2167410535,Success,CID800669,Auto,Basavanagudi,Indiranagar,182.0,120.0,Not Applicable,Not Applicable,Yes,Customer Demand,343,Cash,7,3.6,4.5
2024-07-15 17:11:00,CNR4885142105,Success,CID424951,Prime Plus,Chamarajpet,Rajajinagar,42.0,125.0,Not Applicable,Not Applicable,Yes,Customer Demand,354,Cash,18,4.2,3.9
2024-07-18 12:30:00,CNR8603048821,Canceled by Driver,CID263644,Mini,Chickpet,KR Puram,,,Not Applicable,Customer was coughing/sick,Not Applicable,Not Applicable,480,Not Applicable,0,,
2024-07-02 14:42:00,CNR1622773456,Success,CID822154,Prime Plus,Basavanagudi,Bannerghatta Road,126.0,100.0,Not Applicable,Not Applicable,No,Not Applicable,488,UPI,38,5.0,4.2
2024-07-30 06:53:00,CNR5719812659,Canceled by Customer,CID949371,Prime Plus,Shivajinagar,Devanahalli,,,Driver is not moving towards pickup location,Not Applicable,Not Applicable,Not Applicable,707,Not Applicable,0,,
2024-07-09 06:14:00,CNR5589723863,Success,CID325601,Auto,Tumkur Road,Cox Town,210.0,40.0,Not Applicable,Not Applicable,No,Not Applicable,831,UPI,8,3.6,3.1
2024-07-09 18:36:00,CNR1836423303,Success,CID532910,Mini,Yeshwanthpur,Shantinagar,231.0,45.0,Not Applicable,Not Applicable,No,Not Applicable,470,UPI,40,4.9,4.9
2024-07-03 22:52:00,CNR4615235542,Success,CID580021,Prime Plus,Devanahalli,Shantinagar,231.0,65.0,Not Applicable,Not Applicable,No,Not Applicable,149,Cash,23,3.9,3.5
2024-07-16 05:37:00,CNR4210450759,Success,CID866787,Prime Sedan,Rajajinagar,Chamarajpet,70.0,85.0,Not Applicable,Not Applicable,No,Not Applicable,111,UPI,2,4.4,4.2
2024-07-05 13:47:00,CNR2903019832,Success,CID692422,Prime Plus,Shantinagar,Richmond Town,63.0,70.0,Not Applicable,Not Applicable,No,Not Applicable,256,Cash,41,3.1,3.8
2024-07-04 15:47:00,CNR9690406909,Canceled by Driver,CID863374,eBike,KR Puram,Yelahanka,,,Not Applicable,Personal & Car related issue,Not Applicable,Not Applicable,228,Not Applicable,0,,
2024-07-28 19:54:00,CNR7358422415,Canceled by Driver,CID657261,Prime Sedan,Whitefield,Peenya,,,Not Applicable,Personal & Car related issue,Not Applicable,Not Applicable,200,Not Applicable,0,,
2024-07-16 12:53:00,CNR6910174152,Driver Not Found,CID741778,Prime Sedan,Nagarbhavi,Hennur,,,Not Applicable,Not Applicable,Not Applicable,Not Applicable,2042,Not Applicable,0,,
2024-07-25 08:35:00,CNR1246890556,Success,CID755791,Prime Sedan,MG Road,Sahakar Nagar,196.0,105.0,Not Applicable,Not Applicable,No,Not Applicable,712,UPI,22,3.5,5.0
2024-07-09 05:46:00,CNR8912983913,Success,CID798460,Prime SUV,Richmond Town,Hennur,140.0,40.0,Not Applicable,Not Applicable,No,Not Applicable,250,UPI,1,5.0,4.4
2024-07-18 16:30:00,CNR4500895953,Driver Not Found,CID425628,Prime Plus,Shantinagar,Langford Town,,,Not Applicable,Not Applicable,Not Applicable,Not Applicable,593,Not Applicable,0,,
2024-07-20 13:15:00,CNR5786841966,Success,CID177880,eBike,Sarjapur Road,Malleshwaram,63.0,90.0,Not Applicable,Not Applicable,No,Not Applicable,508,UPI,3,3.9,3.5
2024-07-05 13:00:00,CNR9037331457,Success,CID778931,Mini,Chickpet,Hulimavu,112.0,95.0,Not Applicable,Not Applicable,No,Not Applicable,225,UPI,10,4.6,3.1
2024-07-20 22:22:00,CNR8653284775,Canceled by Driver,CID112772,Prime SUV,Majestic,RT Nagar,,,Not Applicable,Personal & Car related issue,Not Applicable,Not Applicable,479,Not Applicable,0,,
2024-07-29 12:20:00,CNR3772940169,Success,CID988336,Prime SUV,Varthur,Whitefield,49.0,50.0,Not Applicable,Not Applicable,No,Not Applicable,312,Cash,34,4.1,4.4
2024-07-04 12:58:00,CNR1395168836,Canceled by Driver,CID354009,Prime Plus,BTM Layout,Devanahalli,,,Not Applicable,Customer related issue,Not Applicable,Not Applicable,382,Not Applicable,0,,
2024-07-20 06:51:00,CNR9040689635,Success,CID499979,Mini,Basavanagudi,Devanahalli,98.0,85.0,Not Applicable,Not Applicable,No,Not Applicable,1684,Cash,37,4.1,4.7
2024-07-30 05:18:00,CNR5689359703,Success,CID139018,Prime Sedan,Sarjapur Road,Kammanahalli,105.0,130.0,Not Applicable,Not Applicable,No,Not Applicable,494,UPI,18,3.4,3.9
2024-07-07 19:33:00,CNR6601136620,Success,CID186327,Bike,Malleshwaram,Ulsoor,308.0,95.0,Not Applicable,Not Applicable,No,Not Applicable,457,UPI,13,4.9,4.2
2024-07-17 05:26:00,CNR4364808112,Canceled by Driver,CID987673,Prime Sedan,Hennur,Indiranagar,,,Not Applicable,Customer related issue,Not Applicable,Not Applicable,472,Not Applicable,0,,
2024-07-06 22:43:00,CNR1229887344,Success,CID871848,eBike,Padmanabhanagar,Chamarajpet,175.0,90.0,Not Applicable,Not Applicable,No,Not Applicable,379,Cash,7,3.5,4.6
2024-07-01 14:09:00,CNR6669493458,Success,CID769347,Bike,Indiranagar,Magadi Road,98.0,90.0,Not Applicable,Not Applicable,No,Not Applicable,304,Cash,48,4.4,4.6
2024-07-16 22:20:00,CNR4101726042,Canceled by Driver,CID531710,Prime Sedan,Hebbal,Banashankari,,,Not Applicable,Customer related issue,Not Applicable,Not Applicable,336,Not Applicable,0,,
2024-07-25 00:56:00,CNR2064101995,Canceled by Driver,CID651550,Prime Sedan,Majestic,Jayanagar,,,Not Applicable,Customer related issue,Not Applicable,Not Applicable,322,Not Applicable,0,,
2024-07-06 14:33:00,CNR7440510129,Driver Not Found,CID376640,Prime Plus,MG Road,JP Nagar,,,Not Applicable,Not Applicable,Not Applicable,Not Applicable,728,Not Applicable,0,,
2024-07-26 11:18:00,CNR1642175997,Success,CID677228,eBike,KR Puram,Frazer Town,259.0,40.0,Not Applicable,Not Applicable,No,Not Applicable,230,Cash,42,4.1,3.9
2024-07-12 05:45:00,CNR5764110133,Success,CID198692,Mini,Ramamurthy Nagar,Yeshwanthpur,196.0,55.0,Not Applicable,Not Applicable,No,Not Applicable,173,Cash,9,4.3,4.3
2024-07-04 13:37:00,CNR8175288276,Canceled by Customer,CID246795,Prime Sedan,Sarjapur Road,BTM Layout,,,Driver is not moving towards pickup location,Not Applicable,Not Applicable,Not Applicable,401,Not Applicable,0,,
2024-07-30 08:21:00,CNR5481515738,Success,CID182295,Auto,Shivajinagar,Hulimavu,210.0,30.0,Not Applicable,Not Applicable,No,Not Applicable,465,Cash,5,3.3,4.2
2024-07-01 01:31:00,CNR8902010182,Driver Not Found,CID441352,Prime Sedan,Marathahalli,Hulimavu,,,Not Applicable,Not Applicable,Not Applicable,Not Applicable,410,Not Applicable,0,,
2024-07-01 15:51:00,CNR6597089349,Success,CID893488,Auto,Mysore Road,Hulimavu,98.0,60.0,Not Applicable,Not Applicable,No,Not Applicable,1741,Cash,8,3.4,3.2
2024-07-06 08:33:00,CNR6790709816,Success,CID144399,eBike,Sarjapur Road,Richmond Town,238.0,30.0,Not Applicable,Not Applicable,No,Not Applicable,520,Cash,27,4.5,3.0
2024-07-04 09:16:00,CNR5378207869,Success,CID792446,Auto,Cox Town,Bannerghatta Road,77.0,65.0,Not Applicable,Not Applicable,No,Not Applicable,481,UPI,11,4.1,3.9
2024-07-24 04:07:00,CNR1285821031,Driver Not Found,CID630571,Prime SUV,Kammanahalli,KR Puram,,,Not Applicable,Not Applicable,Not Applicable,Not Applicable,238,Not Applicable,0,,
2024-07-22 20:04:00,CNR3503743561,Success,CID361466,Prime Plus,Peenya,Malleshwaram,126.0,30.0,Not Applicable,Not Applicable,No,Not Applicable,462,UPI,46,3.3,4.4
2024-07-07 09:53:00,CNR4390842796,Success,CID668666,Prime SUV,Vijayanagar,BTM Layout,252.0,80.0,Not Applicable,Not Applicable,No,Not Applicable,189,Cash,22,3.7,3.2
2024-07-23 08:09:00,CNR9809203109,Driver Not Found,CID183854,Mini,JP Nagar,Padmanabhanagar,,,Not Applicable,Not Applicable,Not Applicable,Not Applicable,2646,Not Applicable,0,,
2024-07-14 08:51:00,CNR7915887469,Success,CID845347,eBike,JP Nagar,Richmond Town,140.0,30.0,Not Applicable,Not Applicable,No,Not Applicable,1706,UPI,40,4.1,3.3
2024-07-25 20:52:00,CNR7844169997,Success,CID723259,Bike,Magadi Road,Vijayanagar,238.0,40.0,Not Applicable,Not Applicable,No,Not Applicable,1956,Cash,16,4.9,3.1
2024-07-26 18:02:00,CNR9722503084,Success,CID584503,Bike,Hennur,Chamarajpet,119.0,45.0,Not Applicable,Not Applicable,No,Not Applicable,478,UPI,8,4.9,3.8
2024-07-13 16:37:00,CNR7036697486,Success,CID373563,Auto,Sarjapur Road,Magadi Road,147.0,105.0,Not Applicable,Not Applicable,No,Not Applicable,2696,UPI,2,3.9,3.0
2024-07-08 13:50:00,CNR5442447885,Success,CID991477,eBike,Hulimavu,Hosur Road,224.0,95.0,Not Applicable,Not Applicable,No,Not Applicable,357,Cash,18,4.1,4.2
2024-07-17 00:21:00,CNR5241771269,Success,CID625084,Auto,Basavanagudi,Basavanagudi,273.0,25.0,Not Applicable,Not Applicable,No,Not Applicable,446,UPI,5,3.6,4.0
2024-07-01 02:33:00,CNR9917894459,Canceled by Driver,CID938354,Bike,Ulsoor,Rajarajeshwari Nagar,,,Not Applicable,Customer was coughing/sick,Not Applicable,Not Applicable,285,Not Applicable,0,,
2024-07-26 11:59:00,CNR6888032141,Success,CID962611,Prime Sedan,Padmanabhanagar,Hennur,126.0,110.0,Not Applicable,Not Applicable,Yes,Other Issue,475,UPI,40,3.9,3.3
2024-07-09 14:10:00,CNR6328544802,Success,CID732377,Bike,Koramangala,Peenya,301.0,115.0,Not Applicable,Not Applicable,No,Not Applicable,1304,UPI,3,4.1,4.3
2024-07-23 01:06:00,CNR2010321835,Canceled by Driver,CID697125,Prime SUV,Chickpet,Vijayanagar,,,Not Applicable,Customer related issue,Not Applicable,Not Applicable,162,Not Applicable,0,,
2024-07-20 12:27:00,CNR7599483717,Success,CID112941,Prime SUV,Whitefield,Bannerghatta Road,238.0,75.0,Not Applicable,Not Applicable,No,Not Applicable,391,Cash,20,4.4,3.3
2024-07-27 23:05:00,CNR2386947071,Success,CID494293,Mini,Frazer Town,BTM Layout,140.0,65.0,Not Applicable,Not Applicable,No,Not Applicable,290,UPI,11,4.2,4.3
2024-07-23 07:08:00,CNR5468051115,Canceled by Customer,CID889820,Bike,Jayanagar,Padmanabhanagar,,,Wrong Address,Not Applicable,Not Applicable,Not Applicable,460,Not Applicable,0,,
2024-07-07 16:19:00,CNR2039878511,Success,CID143840,Prime Plus,Malleshwaram,Malleshwaram,35.0,60.0,Not Applicable,Not Applicable,No,Not Applicable,490,Cash,39,4.8,3.3
2024-07-30 02:46:00,CNR6870459626,Success,CID295239,Prime SUV,Rajajinagar,Sahakar Nagar,210.0,40.0,Not Applicable,Not Applicable,No,Not Applicable,970,UPI,27,4.1,4.5
2024-07-08 05:46:00,CNR5387660349,Canceled by Driver,CID985934,Prime Sedan,Richmond Town,Nagarbhavi,,,Not Applicable,Customer related issue,Not Applicable,Not Applicable,888,Not Applicable,0,,
2024-07-10 02:55:00,CNR6361018674,Driver Not Found,CID723082,Bike,Yeshwanthpur,Rajajinagar,,,Not Applicable,Not Applicable,Not Applicable,Not Applicable,510,Not Applicable,0,,
2024-07-25 08:42:00,CNR7878067457,Success,CID308829,eBike,KR Puram,Frazer Town,301.0,135.0,Not Applicable,Not Applicable,No,Not Applicable,2083,Cash,45,4.3,3.7
2024-07-30 06:36:00,CNR5248295824,Success,CID702189,Auto,Hosur Road,Yeshwanthpur,231.0,100.0,Not Applicable,Not Applicable,No,Not Applicable,837,Cash,17,4.8,5.0
2024-07-02 16:45:00,CNR2747142510,Canceled by Customer,CID237327,Prime SUV,Shivajinagar,Kadugodi,,,Driver asked to cancel,Not Applicable,Not Applicable,Not Applicable,352,Not Applicable,0,,
2024-07-01 04:39:00,CNR6822551472,Success,CID863298,Prime Sedan,Koramangala,Jayanagar,224.0,40.0,Not Applicable,Not Applicable,No,Not Applicable,535,Cash,45,3.8,3.3
2024-07-12 12:10:00,CNR4165547462,Success,CID852785,Bike,Ramamurthy Nagar,Shantinagar,35.0,135.0,Not Applicable,Not Applicable,No,Not Applicable,252,Cash,44,3.4,3.2
2024-07-22 01:15:00,CNR4688284072,Canceled by Driver,CID702201,Bike,MG Road,JP Nagar,,,Not Applicable,Personal & Car related issue,Not Applicable,Not Applicable,160,Not Applicable,0,,
2024-07-17 00:33:00,CNR8877461929,Canceled by Driver,CID869451,Prime Sedan,Bellandur,Shantinagar,,,Not Applicable,Customer was coughing/sick,Not Applicable,Not Applicable,260,Not Applicable,0,,
2024-07-13 05:43:00,CNR4374020121,Canceled by Driver,CID313698,Mini,Frazer Town,Sahakar Nagar,,,Not Applicable,Customer was coughing/sick,Not Applicable,Not Applicable,336,Not Applicable,0,,
2024-07-03 15:31:00,CNR1335684763,Success,CID654204,Prime SUV,Kadugodi,Peenya,49.0,125.0,Not Applicable,Not Applicable,No,Not Applicable,371,UPI,3,3.9,4.9
2024-07-27 02:23:00,CNR2102288389,Success,CID298140,Mini,Majestic,Mysore Road,273.0,80.0,Not Applicable,Not Applicable,Yes,Customer Demand,448,UPI,41,4.2,4.5
2024-07-22 09:40:00,CNR9824402140,Success,CID133968,eBike,Ulsoor,Langford Town,210.0,25.0,Not Applicable,Not Applicable,No,Not Applicable,375,UPI,34,4.6,4.6
2024-07-19 11:01:00,CNR9420547432,Canceled by Driver,CID930975,Bike,Kengeri,Sarjapur Road,,,Not Applicable,Customer was coughing/sick,Not Applicable,Not Applicable,149,Not Applicable,0,,
2024-07-27 04:36:00,CNR5427885554,Canceled by Driver,CID540745,eBike,Hebbal,Bannerghatta Road,,,Not Applicable,Customer related issue,Not Applicable,Not Applicable,264,Not Applicable,0,,
2024-07-04 22:39:00,CNR7849674376,Success,CID207684,Prime Sedan,Varthur,Padmanabhanagar,84.0,65.0,Not Applicable,Not Applicable,No,Not Applicable,423,Cash,49,3.1,3.4
2024-07-06 04:19:00,CNR6660784895,Canceled by Driver,CID899888,Prime Plus,Mysore Road,JP Nagar,,,Not Applicable,Customer related issue,Not Applicable,Not Applicable,680,Not Applicable,0,,
2024-07-10 07:07:00,CNR4320257387,Canceled by Driver,CID765916,Mini,Rajajinagar,Hosur Road,,,Not Applicable,Customer related issue,Not Applicable,Not Applicable,194,Not Applicable,0,,
2024-07-03 21:28:00,CNR3188725722,Success,CID262332,Prime SUV,RT Nagar,Koramangala,238.0,80.0,Not Applicable,Not Applicable,No,Not Applicable,474,Cash,34,3.2,3.3
2024-07-21 05:20:00,CNR9824465233,Success,CID872027,eBike,Hennur,Yelahanka,112.0,75.0,Not Applicable,Not Applicable,No,Not Applicable,328,Cash,24,3.9,3.4
2024-07-04 14:33:00,CNR1396119769,Success,CID188779,Bike,Hennur,KR Puram,294.0,125.0,Not Applicable,Not Applicable,No,Not Applicable,146,UPI,29,3.4,3.5
2024-07-03 18:24:00,CNR8336477919,Success,CID330860,eBike,Nagarbhavi,Yeshwanthpur,98.0,120.0,Not Applicable,Not Applicable,Yes,Other Issue,348,UPI,16,3.3,4.9
2024-07-24 07:08:00,CNR8491953480,Success,CID214995,Prime SUV,Whitefield,Chickpet,280.0,125.0,Not Applicable,Not Applicable,No,Not Applicable,463,Cash,27,4.4,4.6
2024-07-07 19:02:00,CNR4987729588,Success,CID551135,Auto,Jayanagar,Electronic City,210.0,40.0,Not Applicable,Not Applicable,No,Not Applicable,957,Cash,9,3.7,3.7
2024-07-01 09:12:00,CNR4612433163,Success,CID564839,Bike,Richmond Town,Padmanabhanagar,203.0,75.0,Not Applicable,Not Applicable,No,Not Applicable,244,UPI,33,4.0,4.0
2024-07-12 18:41:00,CNR5579689183,Success,CID527699,Prime Sedan,Ramamurthy Nagar,Rajajinagar,98.0,65.0,Not Applicable,Not Applicable,No,Not Applicable,711,UPI,10,4.5,5.0
2024-07-08 22:05:00,CNR5303648406,Canceled by Driver,CID342976,Mini,Rajarajeshwari Nagar,Jayanagar,,,Not Applicable,Customer was coughing/sick,Not Applicable,Not Applicable,496,Not Applicable,0,,
2024-07-19 11:44:00,CNR6440091324,Success,CID463258,Auto,Yeshwanthpur,Majestic,168.0,75.0,Not Applicable,Not Applicable,No,Not Applicable,788,Cash,15,4.6,3.1
2024-07-05 11:27:00,CNR2634066281,Success,CID427543,Bike,Ramamurthy Nagar,Kammanahalli,133.0,75.0,Not Applicable,Not Applicable,No,Not Applicable,400,Cash,40,3.9,3.2
2024-07-05 06:33:00,CNR3053243674,Canceled by Driver,CID931055,Mini,Sahakar Nagar,RT Nagar,,,Not Applicable,Personal & Car related issue,Not Applicable,Not Applicable,100,Not Applicable,0,,
2024-07-13 19:47:00,CNR9670920936,Success,CID651580,Prime Sedan,Jayanagar,Tumkur Road,119.0,80.0,Not Applicable,Not Applicable,No,Not Applicable,706,Cash,11,4.2,3.6
2024-07-24 13:29:00,CNR7239600456,Driver Not Found,CID371225,Mini,Varthur,Rajajinagar,,,Not Applicable,Not Applicable,Not Applicable,Not Applicable,134,Not Applicable,0,,
2024-07-28 05:20:00,CNR3315245848,Canceled by Driver,CID220193,eBike,Hennur,KR Puram,,,Not Applicable,Personal & Car related issue,Not Applicable,Not Applicable,1919,Not Applicable,0,,
2024-07-15 12:09:00,CNR9181233991,Success,CID457983,Mini,Kadugodi,Hebbal,77.0,120.0,Not Applicable,Not Applicable,No,Not Applicable,432,Cash,48,3.9,4.9
2024-07-06 23:13:00,CNR5296213473,Success,CID199320,Prime SUV,Hebbal,Banashankari,42.0,140.0,Not Applicable,Not Applicable,No,Not Applicable,724,Cash,5,4.3,4.9
2024-07-20 11:33:00,CNR7837614147,Success,CID363974,Prime SUV,Peenya,Malleshwaram,126.0,55.0,Not Applicable,Not Applicable,No,Not Applicable,116,Cash,24,4.1,3.5
2024-07-15 02:23:00,CNR7871413389,Success,CID918486,Auto,Hulimavu,Whitefield,210.0,115.0,Not Applicable,Not Applicable,No,Not Applicable,274,Cash,12,3.8,3.5
2024-07-22 07:27:00,CNR6725216434,Success,CID324701,Prime SUV,Hulimavu,Banashankari,273.0,50.0,Not Applicable,Not Applicable,No,Not Applicable,296,Cash,28,4.0,3.9
2024-07-28 08:44:00,CNR4357013424,Success,CID620003,Prime SUV,Devanahalli,Indiranagar,259.0,65.0,Not Applicable,Not Applicable,Yes,Vehicle Breakdown,330,UPI,34,3.6,4.2
2024-07-01 02:21:00,CNR2438813070,Success,CID986997,Prime Sedan,Rajajinagar,Shantinagar,84.0,65.0,Not Applicable,Not Applicable,No,Not Applicable,769,UPI,35,3.7,3.7
2024-07-12 18:39:00,CNR1708536959,Canceled by Driver,CID418550,Prime Sedan,Magadi Road,Magadi Road,,,Not Applicable,Customer was coughing/sick,Not Applicable,Not Applicable,964,Not Applicable,0,,
2024-07-17 15:18:00,CNR6282281943,Success,CID628058,eBike,Bellandur,RT Nagar,287.0,105.0,Not Applicable,Not Applicable,No,Not Applicable,236,Cash,4,3.8,4.2
2024-07-25 10:58:00,CNR9782296683,Success,CID671494,Prime SUV,Hebbal,Frazer Town,147.0,55.0,Not Applicable,Not Applicable,No,Not Applicable,608,Cash,41,4.8,4.1
2024-07-14 17:31:00,CNR8757291674,Driver Not Found,CID294156,Mini,Banashankari,Yeshwanthpur,,,Not Applicable,Not Applicable,Not Applicable,Not Applicable,400,Not Applicable,0,,
2024-07-14 09:06:00,CNR8622808682,Driver Not Found,CID363188,eBike,Banashankari,Whitefield,,,Not Applicable,Not Applicable,Not Applicable,Not Applicable,410,Not Applicable,0,,
2024-07-02 10:44:00,CNR6081636556,Driver Not Found,CID528118,Mini,Magadi Road,Indiranagar,,,Not Applicable,Not Applicable,Not Applicable,Not Applicable,245,Not Applicable,0,,
2024-07-13 22:15:00,CNR6329633046,Canceled by Driver,CID406050,Bike,Shivajinagar,Langford Town,,,Not Applicable,Customer related issue,Not Applicable,Not Applicable,444,Not Applicable,0,,
2024-07-16 09:20:00,CNR9207898134,Canceled by Customer,CID237298,Bike,JP Nagar,Rajarajeshwari Nagar,,,Driver is not moving towards pickup location,Not Applicable,Not Applicable,Not Applicable,466,Not Applicable,0,,
2024-07-04 12:01:00,CNR7200092743,Success,CID156885,Prime Plus,Chamarajpet,Varthur,42.0,60.0,Not Applicable,Not Applicable,No,Not Applicable,149,Cash,5,4.0,4.2
2024-07-07 09:50:00,CNR3621319180,Canceled by Driver,CID625489,Prime Plus,Nagarbhavi,Chamarajpet,,,Not Applicable,Customer was coughing/sick,Not Applicable,Not Applicable,395,Not Applicable,0,,
2024-07-11 15:22:00,CNR3965673696,Success,CID666506,Prime SUV,Frazer Town,Malleshwaram,91.0,80.0,Not Applicable,Not Applicable,No,Not Applicable,184,UPI,10,4.8,3.1
2024-07-11 18:43:00,CNR4428384389,Canceled by Driver,CID555817,eBike,Hulimavu,Koramangala,,,Not Applicable,Personal & Car related issue,Not Applicable,Not Applicable,684,Not Applicable,0,,
2024-07-21 06:51:00,CNR7128997727,Success,CID253025,Auto,Indiranagar,Nagarbhavi,287.0,35.0,Not Applicable,Not Applicable,No,Not Applicable,380,Cash,17,3.6,3.3
2024-07-02 20:26:00,CNR4962562888,Driver Not Found,CID177787,Mini,Nagarbhavi,Richmond Town,,,Not Applicable,Not Applicable,Not Applicable,Not Applicable,997,Not Applicable,0,,
2024-07-08 01:37:00,CNR4497274673,Driver Not Found,CID491754,Prime Sedan,Shivajinagar,Hulimavu,,,Not Applicable,Not Applicable,Not Applicable,Not Applicable,759,Not Applicable,0,,
2024-07-04 20:24:00,CNR6814520099,Success,CID193892,Prime SUV,Ulsoor,Bellandur,301.0,80.0,Not Applicable,Not Applicable,No,Not Applicable,261,UPI,34,3.1,4.9
2024-07-08 14:07:00,CNR7580564551,Success,CID108239,Prime Plus,Majestic,MG Road,168.0,30.0,Not Applicable,Not Applicable,No,Not Applicable,321,UPI,10,3.2,4.9
2024-07-02 02:31:00,CNR5861524785,Canceled by Driver,CID126309,eBike,Yeshwanthpur,Peenya,,,Not Applicable,Personal & Car related issue,Not Applicable,Not Applicable,450,Not Applicable,0,,
2024-07-06 20:48:00,CNR9251816922,Success,CID669741,Prime Plus,Hebbal,Bannerghatta Road,35.0,65.0,Not Applicable,Not Applicable,No,Not Applicable,819,Cash,18,3.2,4.7
2024-07-26 01:49:00,CNR7942066751,Canceled by Customer,CID477498,Auto,Bellandur,KR Puram,,,Driver is not moving towards pickup location,Not Applicable,Not Applicable,Not Applicable,395,Not Applicable,0,,
2024-07-25 14:27:00,CNR1783787484,Success,CID124729,Prime Plus,Varthur,Marathahalli,224.0,50.0,Not Applicable,Not Applicable,No,Not Applicable,929,UPI,43,3.1,4.8
2024-07-14 14:36:00,CNR4249789424,Success,CID629379,eBike,Devanahalli,Richmond Town,126.0,55.0,Not Applicable,Not Applicable,No,Not Applicable,446,Cash,12,4.8,3.5
2024-07-20 07:55:00,CNR4585561595,Canceled by Customer,CID222205,Prime Sedan,Basavanagudi,Kengeri,,,Change of plans,Not Applicable,Not Applicable,Not Applicable,261,Not Applicable,0,,
2024-07-27 05:07:00,CNR3302117555,Success,CID872393,Prime Plus,Yelahanka,Nagarbhavi,287.0,145.0,Not Applicable,Not Applicable,No,Not Applicable,487,UPI,19,3.1,3.8
2024-07-22 01:47:00,CNR5014075527,Canceled by Customer,CID174873,Auto,JP Nagar,Kammanahalli,,,Driver asked to cancel,Not Applicable,Not Applicable,Not Applicable,250,Not Applicable,0,,
2024-07-13 01:21:00,CNR6713770665,Success,CID726160,Prime SUV,Koramangala,Frazer Town,112.0,115.0,Not Applicable,Not Applicable,No,Not Applicable,248,UPI,1,4.6,3.1
2024-07-13 03:23:00,CNR3956221455,Driver Not Found,CID575187,Auto,Tumkur Road,Marathahalli,,,Not Applicable,Not Applicable,Not Applicable,Not Applicable,678,Not Applicable,0,,
2024-07-25 22:03:00,CNR9394229899,Driver Not Found,CID114951,Mini,Sarjapur Road,Jayanagar,,,Not Applicable,Not Applicable,Not Applicable,Not Applicable,1770,Not Applicable,0,,
2024-07-13 08:21:00,CNR9725495631,Canceled by Driver,CID380701,Prime Sedan,Peenya,JP Nagar,,,Not Applicable,More than permitted people in there,Not Applicable,Not Applicable,219,Not Applicable,0,,
2024-07-04 05:42:00,CNR1558572759,Canceled by Customer,CID762009,Prime Sedan,Frazer Town,Rajarajeshwari Nagar,,,Change of plans,Not Applicable,Not Applicable,Not Applicable,499,Not Applicable,0,,
2024-07-10 19:54:00,CNR4747184390,Success,CID772841,eBike,Padmanabhanagar,Padmanabhanagar,168.0,105.0,Not Applicable,Not Applicable,No,Not Applicable,355,UPI,34,3.3,4.7
2024-07-14 05:20:00,CNR8030026356,Success,CID405150,eBike,Sahakar Nagar,Devanahalli,308.0,30.0,Not Applicable,Not Applicable,No,Not Applicable,314,UPI,14,4.9,3.7
2024-07-13 04:33:00,CNR2760057189,Success,CID509170,Mini,RT Nagar,RT Nagar,112.0,65.0,Not Applicable,Not Applicable,No,Not Applicable,123,UPI,25,3.8,4.1
2024-07-09 21:58:00,CNR5552064157,Success,CID888257,Auto,Langford Town,Kadugodi,133.0,55.0,Not Applicable,Not Applicable,No,Not Applicable,406,UPI,12,4.7,3.3
2024-07-01 07:24:00,CNR1263142510,Canceled by Driver,CID905111,eBike,Ramamurthy Nagar,Majestic,,,Not Applicable,Customer was coughing/sick,Not Applicable,Not Applicable,782,Not Applicable,0,,
2024-07-05 07:34:00,CNR3948844717,Success,CID720378,Auto,Sahakar Nagar,Ramamurthy Nagar,140.0,120.0,Not Applicable,Not Applicable,Yes,Other Issue,1437,UPI,7,4.1,3.2
2024-07-12 09:00:00,CNR7869588241,Canceled by Driver,CID302351,eBike,Marathahalli,Cox Town,,,Not Applicable,Customer related issue,Not Applicable,Not Applicable,393,Not Applicable,0,,
2024-07-11 07:48:00,CNR5618091300,Success,CID275629,Prime Sedan,Shantinagar,Whitefield,77.0,135.0,Not Applicable,Not Applicable,No,Not Applicable,421,Cash,24,5.0,3.9
2024-07-17 05:28:00,CNR8001270874,Canceled by Driver,CID962100,eBike,Padmanabhanagar,Tumkur Road,,,Not Applicable,Customer was coughing/sick,Not Applicable,Not Applicable,887,Not Applicable,0,,
2024-07-25 00:17:00,CNR1508235977,Success,CID174742,Bike,Electronic City,Basavanagudi,252.0,75.0,Not Applicable,Not Applicable,No,Not Applicable,389,Cash,24,4.7,3.5
2024-07-22 23:07:00,CNR5718656373,Canceled by Customer,CID850166,Prime Plus,Basavanagudi,Hulimavu,,,Driver is not moving towards pickup location,Not Applicable,Not Applicable,Not Applicable,123,Not Applicable,0,,
2024-07-03 19:13:00,CNR7771751202,Success,CID295850,Prime Plus,Banashankari,Varthur,266.0,75.0,Not Applicable,Not Applicable,No,Not Applicable,530,UPI,41,4.2,4.3
2024-07-12 04:14:00,CNR1857846169,Success,CID932432,Bike,Devanahalli,Basavanagudi,287.0,60.0,Not Applicable,Not Applicable,No,Not Applicable,246,Cash,1,5.0,3.2
2024-07-16 23:34:00,CNR2208488124,Success,CID611103,Prime Plus,Yelahanka,Electronic City,224.0,50.0,Not Applicable,Not Applicable,No,Not Applicable,382,UPI,38,3.6,3.8
2024-07-08 17:53:00,CNR8577749881,Success,CID131918,Mini,Sarjapur Road,BTM Layout,301.0,145.0,Not Applicable,Not Applicable,No,Not Applicable,760,UPI,1,4.2,5.0
2024-07-23 18:49:00,CNR6082790495,Success,CID128535,Prime Sedan,Peenya,Whitefield,98.0,35.0,Not Applicable,Not Applicable,No,Not Applicable,537,Cash,47,3.3,3.2
2024-07-30 10:42:00,CNR9826449257,Canceled by Customer,CID577443,Auto,Sahakar Nagar,Mysore Road,,,Driver asked to cancel,Not Applicable,Not Applicable,Not Applicable,481,Not Applicable,0,,
2024-07-16 06:20:00,CNR9072961738,Success,CID311005,Bike,Rajarajeshwari Nagar,Frazer Town,189.0,105.0,Not Applicable,Not Applicable,No,Not Applicable,479,UPI,4,4.8,4.7
2024-07-28 05:12:00,CNR8750797647,Success,CID234872,Mini,Sarjapur Road,Rajajinagar,301.0,110.0,Not Applicable,Not Applicable,No,Not Applicable,333,Cash,31,4.7,3.3
2024-07-23 04:57:00,CNR3117578553,Success,CID690191,Auto,Mysore Road,Ramamurthy Nagar,161.0,85.0,Not Applicable,Not Applicable,No,Not Applicable,722,UPI,9,3.2,4.7
2024-07-09 15:42:00,CNR6630664680,Success,CID686264,Prime Plus,Rajajinagar,Indiranagar,217.0,90.0,Not Applicable,Not Applicable,No,Not Applicable,618,Cash,8,3.8,3.9
2024-07-11 07:25:00,CNR8185784761,Success,CID338830,Mini,HSR Layout,Majestic,56.0,120.0,Not Applicable,Not Applicable,No,Not Applicable,281,Cash,11,4.7,4.2
2024-07-09 21:03:00,CNR9212048138,Success,CID653863,eBike,MG Road,Electronic City,119.0,65.0,Not Applicable,Not Applicable,No,Not Applicable,2092,UPI,11,3.4,3.6
2024-07-26 15:26:00,CNR2799730813,Success,CID754581,Prime Plus,HSR Layout,BTM Layout,119.0,50.0,Not Applicable,Not Applicable,No,Not Applicable,273,UPI,14,3.7,4.7
2024-07-07 19:15:00,CNR7950380775,Canceled by Driver,CID639875,Mini,Vijayanagar,Majestic,,,Not Applicable,Personal & Car related issue,Not Applicable,Not Applicable,930,Not Applicable,0,,
2024-07-19 16:51:00,CNR5223899568,Canceled by Driver,CID101186,Prime Plus,Sahakar Nagar,Koramangala,,,Not Applicable,Customer related issue,Not Applicable,Not Applicable,307,Not Applicable,0,,
2024-07-09 00:24:00,CNR5106279913,Success,CID129054,Prime Plus,Bannerghatta Road,Basavanagudi,56.0,115.0,Not Applicable,Not Applicable,No,Not Applicable,337,Debit Card,36,3.5,4.0
2024-07-09 17:19:00,CNR1151426301,Success,CID696032,Bike,Bannerghatta Road,Hulimavu,266.0,135.0,Not Applicable,Not Applicable,No,Not Applicable,470,Cash,4,4.8,3.1
2024-07-01 09:44:00,CNR6716602497,Canceled by Driver,CID494536,eBike,Langford Town,Rajarajeshwari Nagar,,,Not Applicable,Customer related issue,Not Applicable,Not Applicable,242,Not Applicable,0,,
2024-07-19 16:30:00,CNR4708521343,Canceled by Driver,CID932449,Auto,Magadi Road,Hulimavu,,,Not Applicable,Personal & Car related issue,Not Applicable,Not Applicable,482,Not Applicable,0,,
2024-07-16 15:41:00,CNR7046651378,Success,CID723945,Mini,Bannerghatta Road,Shivajinagar,105.0,135.0,Not Applicable,Not Applicable,No,Not Applicable,448,UPI,32,3.8,4.2
2024-07-25 03:53:00,CNR9675271845,Success,CID348461,Prime SUV,Sarjapur Road,Electronic City,175.0,105.0,Not Applicable,Not Applicable,No,Not Applicable,690,UPI,13,3.0,4.5
2024-07-10 11:12:00,CNR5909904035,Success,CID643470,Bike,Sahakar Nagar,BTM Layout,245.0,60.0,Not Applicable,Not Applicable,No,Not Applicable,373,UPI,39,3.5,4.2
2024-07-28 04:13:00,CNR5068261194,Success,CID460119,Auto,Yelahanka,Sahakar Nagar,224.0,135.0,Not Applicable,Not Applicable,No,Not Applicable,280,Cash,18,3.5,3.1
2024-07-16 23:35:00,CNR1862535035,Success,CID883216,Auto,Malleshwaram,Basavanagudi,175.0,115.0,Not Applicable,Not Applicable,No,Not Applicable,879,Cash,13,3.0,3.7
2024-07-16 01:39:00,CNR3588778547,Success,CID652725,eBike,Shantinagar,Electronic City,84.0,140.0,Not Applicable,Not Applicable,No,Not Applicable,1867,Cash,28,4.6,3.1
2024-07-29 08:39:00,CNR6818713651,Canceled by Driver,CID906146,eBike,Malleshwaram,RT Nagar,,,Not Applicable,Customer related issue,Not Applicable,Not Applicable,488,Not Applicable,0,,
2024-07-08 23:24:00,CNR7218491514,Success,CID216672,Prime Plus,MG Road,Majestic,49.0,105.0,Not Applicable,Not Applicable,No,Not Applicable,125,UPI,7,3.0,4.4
2024-07-09 22:52:00,CNR6374265594,Success,CID495912,Auto,Sahakar Nagar,HSR Layout,119.0,40.0,Not Applicable,Not Applicable,No,Not Applicable,341,Cash,5,3.6,4.1
2024-07-20 04:25:00,CNR3400829922,Canceled by Driver,CID337981,Bike,Hosur Road,Cox Town,,,Not Applicable,More than permitted people in there,Not Applicable,Not Applicable,848,Not Applicable,0,,
2024-07-06 06:53:00,CNR3191235850,Success,CID141003,Prime SUV,Cox Town,Hennur,91.0,100.0,Not Applicable,Not Applicable,No,Not Applicable,323,Cash,23,3.6,3.3
2024-07-13 14:34:00,CNR3416050482,Canceled by Customer,CID184205,eBike,Whitefield,MG Road,,,AC is Not working,Not Applicable,Not Applicable,Not Applicable,464,Not Applicable,0,,
2024-07-16 14:36:00,CNR9855564902,Canceled by Driver,CID692239,Prime Plus,Hebbal,Basavanagudi,,,Not Applicable,Customer was coughing/sick,Not Applicable,Not Applicable,164,Not Applicable,0,,
2024-07-07 02:40:00,CNR3678322853,Driver Not Found,CID168883,eBike,Bannerghatta Road,JP Nagar,,,Not Applicable,Not Applicable,Not Applicable,Not Applicable,121,Not Applicable,0,,
2024-07-30 20:09:00,CNR6267109545,Success,CID403781,Prime SUV,Kadugodi,Kammanahalli,259.0,70.0,Not Applicable,Not Applicable,No,Not Applicable,165,Cash,7,4.6,4.7
2024-07-05 16:08:00,CNR4388470873,Driver Not Found,CID185689,Bike,Whitefield,Chamarajpet,,,Not Applicable,Not Applicable,Not Applicable,Not Applicable,413,Not Applicable,0,,
2024-07-03 13:58:00,CNR2875234108,Success,CID998787,Prime Plus,Tumkur Road,Basavanagudi,189.0,85.0,Not Applicable,Not Applicable,No,Not Applicable,916,Cash,37,4.8,4.8
2024-07-09 20:45:00,CNR6886467695,Success,CID452694,Prime Sedan,Kammanahalli,Ramamurthy Nagar,210.0,105.0,Not Applicable,Not Applicable,Yes,Vehicle Breakdown,756,Cash,20,4.9,3.4
2024-07-22 16:47:00,CNR3531433599,Success,CID618463,Prime Sedan,Rajajinagar,Nagarbhavi,161.0,60.0,Not Applicable,Not Applicable,No,Not Applicable,200,UPI,2,3.9,3.7
2024-07-05 09:01:00,CNR8269367559,Driver Not Found,CID263337,Prime Plus,Hennur,MG Road,,,Not Applicable,Not Applicable,Not Applicable,Not Applicable,894,Not Applicable,0,,
2024-07-16 23:06:00,CNR9156130701,Success,CID498908,Prime SUV,Yeshwanthpur,Kammanahalli,245.0,30.0,Not Applicable,Not Applicable,No,Not Applicable,1535,UPI,11,3.8,4.6
2024-07-05 18:50:00,CNR1046023694,Canceled by Customer,CID826197,Bike,JP Nagar,MG Road,,,AC is Not working,Not Applicable,Not Applicable,Not Applicable,736,Not Applicable,0,,
2024-07-03 21:16:00,CNR2573063560,Canceled by Driver,CID526285,Mini,JP Nagar,Nagarbhavi,,,Not Applicable,Personal & Car related issue,Not Applicable,Not Applicable,665,Not Applicable,0,,
2024-07-21 22:30:00,CNR2028490306,Canceled by Driver,CID263084,Auto,Hosur Road,Kengeri,,,Not Applicable,Customer was coughing/sick,Not Applicable,Not Applicable,181,Not Applicable,0,,
2024-07-26 16:24:00,CNR1030200020,Canceled by Customer,CID518097,Auto,Hennur,Whitefield,,,Driver asked to cancel,Not Applicable,Not Applicable,Not Applicable,480,Not Applicable,0,,
2024-07-19 19:22:00,CNR5831109312,Success,CID582350,Prime Plus,Kammanahalli,Vijayanagar,126.0,130.0,Not Applicable,Not Applicable,No,Not Applicable,104,UPI,30,4.4,4.7
2024-07-17 03:13:00,CNR4973804907,Success,CID695757,Bike,Kengeri,Kadugodi,182.0,125.0,Not Applicable,Not Applicable,No,Not Applicable,367,UPI,13,4.0,4.6
2024-07-03 06:42:00,CNR4890056232,Canceled by Customer,CID422473,Prime SUV,Cox Town,Magadi Road,,,Driver asked to cancel,Not Applicable,Not Applicable,Not Applicable,327,Not Applicable,0,,
2024-07-26 17:25:00,CNR4864924568,Canceled by Driver,CID636288,Mini,Sahakar Nagar,Marathahalli,,,Not Applicable,Personal & Car related issue,Not Applicable,Not Applicable,161,Not Applicable,0,,
2024-07-21 18:00:00,CNR7808960651,Success,CID342326,Prime Plus,Rajajinagar,Koramangala,119.0,50.0,Not Applicable,Not Applicable,No,Not Applicable,137,UPI,6,4.2,3.4
2024-07-04 14:40:00,CNR5737726511,Success,CID344521,Prime Sedan,Shivajinagar,Hebbal,189.0,135.0,Not Applicable,Not Applicable,No,Not Applicable,201,Cash,17,4.6,4.8
2024-07-07 01:05:00,CNR1690927351,Success,CID482142,Prime Sedan,Varthur,Ramamurthy Nagar,294.0,95.0,Not Applicable,Not Applicable,No,Not Applicable,607,UPI,27,3.4,4.2
2024-07-03 15:08:00,CNR5819983013,Success,CID273146,Mini,Hosur Road,Marathahalli,238.0,50.0,Not Applicable,Not Applicable,No,Not Applicable,273,UPI,18,3.8,3.5
2024-07-21 02:13:00,CNR6957932941,Driver Not Found,CID275739,eBike,Chickpet,Yeshwanthpur,,,Not Applicable,Not Applicable,Not Applicable,Not Applicable,206,Not Applicable,0,,
2024-07-04 22:13:00,CNR3963895427,Driver Not Found,CID436980,Mini,Hosur Road,Ramamurthy Nagar,,,Not Applicable,Not Applicable,Not Applicable,Not Applicable,946,Not Applicable,0,,
2024-07-19 16:32:00,CNR5504640475,Success,CID165351,Prime Plus,Jayanagar,Kadugodi,161.0,110.0,Not Applicable,Not Applicable,No,Not Applicable,303,UPI,2,3.8,3.5
2024-07-23 18:46:00,CNR2293665557,Success,CID974874,Prime SUV,Kengeri,Langford Town,133.0,70.0,Not Applicable,Not Applicable,No,Not Applicable,331,UPI,15,3.4,4.9
2024-07-14 22:16:00,CNR9539595134,Driver Not Found,CID493463,Auto,MG Road,Rajarajeshwari Nagar,,,Not Applicable,Not Applicable,Not Applicable,Not Applicable,323,Not Applicable,0,,
2024-07-21 14:57:00,CNR6141281491,Success,CID542673,Prime Plus,Chickpet,Malleshwaram,161.0,25.0,Not Applicable,Not Applicable,No,Not Applicable,333,Cash,16,4.1,4.2
2024-07-23 08:47:00,CNR3110033468,Success,CID265812,Prime Sedan,Ulsoor,Cox Town,182.0,45.0,Not Applicable,Not Applicable,No,Not Applicable,618,Cash,26,3.9,3.1
2024-07-09 05:28:00,CNR4070611375,Success,CID244104,Bike,Majestic,Yeshwanthpur,252.0,50.0,Not Applicable,Not Applicable,No,Not Applicable,484,Cash,44,4.6,4.4
2024-07-27 01:08:00,CNR4733318099,Success,CID553320,Mini,BTM Layout,Nagarbhavi,91.0,140.0,Not Applicable,Not Applicable,Yes,Vehicle Breakdown,984,Cash,40,3.6,4.7
2024-07-15 18:18:00,CNR6074410171,Success,CID513689,Auto,Hulimavu,Chamarajpet,91.0,100.0,Not Applicable,Not Applicable,Yes,Customer Demand,104,UPI,18,4.2,4.0
2024-07-09 08:33:00,CNR3156830493,Success,CID268049,Prime SUV,BTM Layout,Yelahanka,98.0,65.0,Not Applicable,Not Applicable,No,Not Applicable,878,UPI,9,3.6,4.9
2024-07-14 10:23:00,CNR5537155987,Success,CID925807,Prime SUV,Yeshwanthpur,Mysore Road,42.0,55.0,Not Applicable,Not Applicable,No,Not Applicable,272,Cash,39,4.3,4.5
2024-07-29 11:48:00,CNR1259376758,Success,CID343450,Prime Plus,Yeshwanthpur,Electronic City,112.0,95.0,Not Applicable,Not Applicable,No,Not Applicable,892,UPI,25,4.7,3.7
2024-07-15 16:14:00,CNR6905118743,Success,CID685602,Auto,Mysore Road,RT Nagar,266.0,35.0,Not Applicable,Not Applicable,No,Not Applicable,359,UPI,1,3.8,3.5
2024-07-22 07:41:00,CNR9971195676,Canceled by Driver,CID899576,Auto,Frazer Town,HSR Layout,,,Not Applicable,Customer was coughing/sick,Not Applicable,Not Applicable,444,Not Applicable,0,,
2024-07-18 12:22:00,CNR2439390960,Driver Not Found,CID234417,Bike,RT Nagar,Whitefield,,,Not Applicable,Not Applicable,Not Applicable,Not Applicable,244,Not Applicable,0,,
2024-07-30 08:27:00,CNR4578486188,Success,CID988895,Prime Plus,Majestic,Banashankari,273.0,45.0,Not Applicable,Not Applicable,No,Not Applicable,275,Cash,16,3.4,4.1
2024-07-06 11:17:00,CNR5843876100,Driver Not Found,CID795068,Prime SUV,Chamarajpet,Chamarajpet,,,Not Applicable,Not Applicable,Not Applicable,Not Applicable,236,Not Applicable,0,,
2024-07-22 23:20:00,CNR4635190405,Canceled by Driver,CID333541,Mini,Majestic,Cox Town,,,Not Applicable,More than permitted people in there,Not Applicable,Not Applicable,111,Not Applicable,0,,
2024-07-28 21:15:00,CNR6178964878,Canceled by Driver,CID762947,Prime Plus,Yelahanka,Indiranagar,,,Not Applicable,Customer was coughing/sick,Not Applicable,Not Applicable,519,Not Applicable,0,,
2024-07-25 08:44:00,CNR8708065595,Success,CID594883,Prime Plus,Marathahalli,KR Puram,175.0,80.0,Not Applicable,Not Applicable,No,Not Applicable,205,UPI,36,4.5,3.4
2024-07-15 03:34:00,CNR1657873404,Success,CID687204,Bike,Sarjapur Road,Varthur,56.0,105.0,Not Applicable,Not Applicable,No,Not Applicable,904,Cash,46,3.9,4.6
2024-07-14 06:25:00,CNR7054373616,Success,CID702061,eBike,Marathahalli,Whitefield,259.0,90.0,Not Applicable,Not Applicable,No,Not Applicable,700,Cash,7,3.7,4.0
2024-07-14 18:52:00,CNR5705045613,Success,CID380351,Prime Sedan,Majestic,Frazer Town,84.0,105.0,Not Applicable,Not Applicable,No,Not Applicable,324,UPI,2,3.5,4.6
2024-07-06 09:18:00,CNR9640242486,Success,CID607976,Prime Plus,Majestic,Ulsoor,308.0,55.0,Not Applicable,Not Applicable,No,Not Applicable,344,Cash,1,4.2,3.2
2024-07-18 04:41:00,CNR5267486776,Canceled by Driver,CID544098,Mini,MG Road,Hulimavu,,,Not Applicable,Personal & Car related issue,Not Applicable,Not Applicable,687,Not Applicable,0,,
2024-07-29 20:20:00,CNR7954740137,Success,CID635772,Auto,Hulimavu,Rajajinagar,35.0,85.0,Not Applicable,Not Applicable,No,Not Applicable,277,Cash,1,4.8,3.7
2024-07-18 17:44:00,CNR5112431344,Success,CID668001,Prime Sedan,Sahakar Nagar,Majestic,294.0,60.0,Not Applicable,Not Applicable,No,Not Applicable,634,UPI,21,4.3,4.7
2024-07-11 03:37:00,CNR4870486960,Success,CID262285,Prime Plus,Majestic,Yeshwanthpur,77.0,135.0,Not Applicable,Not Applicable,No,Not Applicable,295,UPI,16,3.8,4.5
2024-07-26 13:11:00,CNR7956676010,Success,CID195319,Prime Plus,Whitefield,Padmanabhanagar,175.0,40.0,Not Applicable,Not Applicable,No,Not Applicable,313,Cash,7,4.3,4.8
2024-07-17 12:36:00,CNR4691850287,Success,CID319995,Prime SUV,Indiranagar,Majestic,35.0,60.0,Not Applicable,Not Applicable,No,Not Applicable,236,Cash,21,4.0,3.0
2024-07-05 20:19:00,CNR7320844468,Success,CID340683,Auto,Shantinagar,Basavanagudi,119.0,130.0,Not Applicable,Not Applicable,No,Not Applicable,896,UPI,6,4.2,3.8
2024-07-04 16:59:00,CNR3443104802,Success,CID383946,Auto,Sarjapur Road,KR Puram,210.0,125.0,Not Applicable,Not Applicable,No,Not Applicable,408,Cash,15,3.7,4.8
2024-07-30 05:10:00,CNR9745889536,Success,CID795084,Auto,Kadugodi,HSR Layout,35.0,130.0,Not Applicable,Not Applicable,No,Not Applicable,149,UPI,16,3.4,4.6
2024-07-21 00:35:00,CNR4153101411,Success,CID620805,Prime Sedan,Majestic,Devanahalli,280.0,55.0,Not Applicable,Not Applicable,No,Not Applicable,152,Cash,31,3.9,4.0
2024-07-25 03:59:00,CNR7834689566,Success,CID247293,Mini,Ulsoor,Peenya,126.0,75.0,Not Applicable,Not Applicable,No,Not Applicable,113,Cash,28,4.8,4.0
2024-07-07 03:26:00,CNR3757718749,Driver Not Found,CID690262,Prime Sedan,Peenya,Shivajinagar,,,Not Applicable,Not Applicable,Not Applicable,Not Applicable,386,Not Applicable,0,,
2024-07-22 09:05:00,CNR4513807041,Success,CID708516,Prime Plus,Majestic,Vijayanagar,63.0,85.0,Not Applicable,Not Applicable,No,Not Applicable,133,UPI,47,4.5,4.7
2024-07-27 04:02:00,CNR5573866405,Success,CID192236,Prime SUV,Kengeri,Richmond Town,175.0,115.0,Not Applicable,Not Applicable,No,Not Applicable,335,Cash,34,3.1,3.4
2024-07-20 00:52:00,CNR4193575742,Canceled by Driver,CID751121,Auto,KR Puram,Banashankari,,,Not Applicable,Personal & Car related issue,Not Applicable,Not Applicable,214,Not Applicable,0,,
2024-07-16 15:48:00,CNR4900009224,Success,CID187553,Bike,Ramamurthy Nagar,Bellandur,280.0,110.0,Not Applicable,Not Applicable,No,Not Applicable,400,Cash,6,3.2,3.3
2024-07-18 12:41:00,CNR4397666634,Success,CID734050,Mini,Chickpet,Banashankari,287.0,75.0,Not Applicable,Not Applicable,No,Not Applicable,444,Cash,18,3.3,4.3
2024-07-21 16:27:00,CNR3596437503,Driver Not Found,CID473203,eBike,Kammanahalli,Hulimavu,,,Not Applicable,Not Applicable,Not Applicable,Not Applicable,276,Not Applicable,0,,
2024-07-05 13:56:00,CNR2684305546,Driver Not Found,CID750870,Prime Sedan,Hebbal,Sahakar Nagar,,,Not Applicable,Not Applicable,Not Applicable,Not Applicable,466,Not Applicable,0,,
2024-07-08 18:55:00,CNR7286158257,Driver Not Found,CID846313,Prime SUV,Ramamurthy Nagar,Vijayanagar,,,Not Applicable,Not Applicable,Not Applicable,Not Applicable,226,Not Applicable,0,,
2024-07-07 00:56:00,CNR5846243968,Success,CID235170,Mini,Magadi Road,Bellandur,259.0,140.0,Not Applicable,Not Applicable,No,Not Applicable,399,UPI,37,3.0,4.5
2024-07-24 21:25:00,CNR6420634236,Canceled by Customer,CID699124,Mini,Ulsoor,Ulsoor,,,Driver asked to cancel,Not Applicable,Not Applicable,Not Applicable,175,Not Applicable,0,,
2024-07-20 15:38:00,CNR4966020267,Success,CID956313,Bike,Devanahalli,Langford Town,63.0,110.0,Not Applicable,Not Applicable,No,Not Applicable,868,Cash,39,4.9,4.1
2024-07-22 00:22:00,CNR9511632923,Driver Not Found,CID306201,Prime SUV,Shantinagar,Malleshwaram,,,Not Applicable,Not Applicable,Not Applicable,Not Applicable,439,Not Applicable,0,,
2024-07-13 20:57:00,CNR3734364745,Success,CID164374,Prime Plus,Frazer Town,Jayanagar,175.0,55.0,Not Applicable,Not Applicable,No,Not Applicable,309,Cash,20,4.0,4.8
2024-07-04 10:38:00,CNR2484352592,Success,CID557222,Mini,Yelahanka,Devanahalli,56.0,105.0,Not Applicable,Not Applicable,Yes,Other Issue,687,Cash,6,4.3,3.2
2024-07-08 09:26:00,CNR3090103369,Success,CID846177,Auto,Nagarbhavi,Devanahalli,84.0,120.0,Not Applicable,Not Applicable,No,Not Applicable,234,UPI,12,4.1,3.1
2024-07-30 14:56:00,CNR3779081426,Success,CID935921,Prime Sedan,Kadugodi,MG Road,105.0,55.0,Not Applicable,Not Applicable,No,Not Applicable,438,Cash,14,5.0,4.9
2024-07-25 05:44:00,CNR1615733519,Canceled by Customer,CID174133,Auto,Hulimavu,Bellandur,,,Driver is not moving towards pickup location,Not Applicable,Not Applicable,Not Applicable,352,Not Applicable,0,,
2024-07-23 06:31:00,CNR1705329541,Canceled by Driver,CID130789,eBike,Richmond Town,Kadugodi,,,Not Applicable,Customer related issue,Not Applicable,Not Applicable,267,Not Applicable,0,,
2024-07-08 06:40:00,CNR9709273784,Success,CID664684,eBike,Indiranagar,Kammanahalli,35.0,55.0,Not Applicable,Not Applicable,No,Not Applicable,698,Cash,6,4.7,4.7
2024-07-27 03:35:00,CNR6590245955,Canceled by Customer,CID223146,Bike,Shantinagar,RT Nagar,,,Driver is not moving towards pickup location,Not Applicable,Not Applicable,Not Applicable,238,Not Applicable,0,,
2024-07-01 15:59:00,CNR4539612832,Canceled by Driver,CID918664,Prime SUV,Basavanagudi,Kadugodi,,,Not Applicable,Customer related issue,Not Applicable,Not Applicable,529,Not Applicable,0,,
2024-07-02 00:21:00,CNR5662636591,Canceled by Customer,CID181419,Prime Sedan,Hennur,Yelahanka,,,Wrong Address,Not Applicable,Not Applicable,Not Applicable,102,Not Applicable,0,,
2024-07-01 14:53:00,CNR1313390714,Driver Not Found,CID193069,Bike,Shantinagar,Varthur,,,Not Applicable,Not Applicable,Not Applicable,Not Applicable,389,Not Applicable,0,,
2024-07-17 06:45:00,CNR7733105459,Success,CID849820,Prime Sedan,KR Puram,Peenya,280.0,120.0,Not Applicable,Not Applicable,No,Not Applicable,186,Cash,48,3.2,3.5
2024-07-04 08:54:00,CNR7287508134,Canceled by Driver,CID190164,Prime Plus,Cox Town,Yeshwanthpur,,,Not Applicable,Personal & Car related issue,Not Applicable,Not Applicable,433,Not Applicable,0,,
2024-07-29 17:13:00,CNR7320069161,Canceled by Driver,CID801431,Prime SUV,BTM Layout,Bellandur,,,Not Applicable,More than permitted people in there,Not Applicable,Not Applicable,473,Not Applicable,0,,
2024-07-23 01:51:00,CNR1758988986,Driver Not Found,CID602506,Mini,Rajajinagar,Bellandur,,,Not Applicable,Not Applicable,Not Applicable,Not Applicable,302,Not Applicable,0,,
2024-07-17 16:05:00,CNR9170568030,Success,CID213499,Prime Sedan,Mysore Road,Padmanabhanagar,175.0,60.0,Not Applicable,Not Applicable,No,Not Applicable,270,Cash,11,3.5,3.7
2024-07-07 17:28:00,CNR9756921077,Canceled by Driver,CID278839,Prime Sedan,Rajarajeshwari Nagar,KR Puram,,,Not Applicable,Customer related issue,Not Applicable,Not Applicable,124,Not Applicable,0,,
2024-07-06 16:41:00,CNR7693428937,Canceled by Driver,CID204485,eBike,Kadugodi,Hennur,,,Not Applicable,Personal & Car related issue,Not Applicable,Not Applicable,596,Not Applicable,0,,
2024-07-09 02:36:00,CNR6753951851,Success,CID871295,Auto,BTM Layout,Ulsoor,189.0,35.0,Not Applicable,Not Applicable,No,Not Applicable,165,Cash,14,4.5,4.5
2024-07-18 20:37:00,CNR6685217345,Canceled by Driver,CID532061,Mini,MG Road,Nagarbhavi,,,Not Applicable,Customer was coughing/sick,Not Applicable,Not Applicable,646,Not Applicable,0,,
2024-07-19 09:34:00,CNR7687134065,Canceled by Driver,CID364079,Prime SUV,MG Road,Banashankari,,,Not Applicable,More than permitted people in there,Not Applicable,Not Applicable,161,Not Applicable,0,,
2024-07-02 12:05:00,CNR9333380053,Canceled by Driver,CID170777,Prime SUV,Ramamurthy Nagar,Jayanagar,,,Not Applicable,Personal & Car related issue,Not Applicable,Not Applicable,262,Not Applicable,0,,
2024-07-10 20:09:00,CNR1268997278,Success,CID602509,Prime Plus,Ulsoor,Basavanagudi,98.0,70.0,Not Applicable,Not Applicable,No,Not Applicable,2536,Cash,11,5.0,3.5
2024-07-20 16:14:00,CNR7060841893,Success,CID581701,Prime Sedan,Shantinagar,Ulsoor,273.0,45.0,Not Applicable,Not Applicable,No,Not Applicable,612,UPI,14,4.1,3.9
2024-07-15 21:37:00,CNR6729980307,Success,CID748902,Auto,Chamarajpet,Rajarajeshwari Nagar,294.0,35.0,Not Applicable,Not Applicable,No,Not Applicable,112,Cash,7,4.7,4.5
2024-07-06 07:11:00,CNR3107671056,Success,CID414472,Prime Plus,Richmond Town,Kammanahalli,154.0,60.0,Not Applicable,Not Applicable,No,Not Applicable,182,UPI,45,3.6,4.0
2024-07-27 08:35:00,CNR3873408992,Success,CID847277,Auto,Shantinagar,Kengeri,301.0,125.0,Not Applicable,Not Applicable,No,Not Applicable,292,UPI,3,4.5,4.1
2024-07-02 04:10:00,CNR8480602756,Driver Not Found,CID764226,Prime Sedan,Padmanabhanagar,Ramamurthy Nagar,,,Not Applicable,Not Applicable,Not Applicable,Not Applicable,387,Not Applicable,0,,
2024-07-07 22:58:00,CNR9993050009,Success,CID699469,Mini,Devanahalli,Marathahalli,266.0,80.0,Not Applicable,Not Applicable,No,Not Applicable,175,Cash,1,3.2,4.6
2024-07-20 12:27:00,CNR5047599925,Success,CID890771,eBike,Electronic City,Chamarajpet,140.0,35.0,Not Applicable,Not Applicable,No,Not Applicable,233,UPI,20,3.7,3.5
2024-07-06 16:22:00,CNR1034489190,Success,CID153894,eBike,Indiranagar,Kengeri,245.0,110.0,Not Applicable,Not Applicable,No,Not Applicable,205,Cash,10,3.4,4.0
2024-07-14 10:09:00,CNR8411659632,Success,CID559754,Prime Plus,Bannerghatta Road,Bannerghatta Road,133.0,45.0,Not Applicable,Not Applicable,No,Not Applicable,265,Credit Card,19,3.0,4.3
2024-07-14 13:05:00,CNR1523922837,Success,CID276030,Mini,Shantinagar,Shivajinagar,210.0,140.0,Not Applicable,Not Applicable,No,Not Applicable,1920,Cash,49,3.3,4.3
2024-07-26 01:30:00,CNR3055234592,Success,CID801415,eBike,Malleshwaram,Marathahalli,119.0,120.0,Not Applicable,Not Applicable,No,Not Applicable,390,UPI,35,3.7,4.8
2024-07-05 14:33:00,CNR2581337251,Success,CID552638,Prime Plus,Hennur,Hulimavu,210.0,125.0,Not Applicable,Not Applicable,No,Not Applicable,379,UPI,29,4.2,4.1
2024-07-16 18:57:00,CNR5104564482,Success,CID725772,Prime Sedan,Varthur,Yelahanka,217.0,70.0,Not Applicable,Not Applicable,No,Not Applicable,126,Cash,33,4.6,3.6
2024-07-08 03:09:00,CNR9463820335,Success,CID923076,eBike,Rajarajeshwari Nagar,Ulsoor,224.0,30.0,Not Applicable,Not Applicable,No,Not Applicable,1883,Cash,32,3.9,3.8
2024-07-13 05:17:00,CNR9063072645,Canceled by Driver,CID578887,Prime SUV,Hebbal,Marathahalli,,,Not Applicable,Customer was coughing/sick,Not Applicable,Not Applicable,1281,Not Applicable,0,,
2024-07-30 09:47:00,CNR5255423286,Success,CID726287,Prime Plus,Kadugodi,RT Nagar,203.0,30.0,Not Applicable,Not Applicable,No,Not Applicable,963,Cash,32,3.7,3.2
2024-07-11 19:06:00,CNR1841289527,Success,CID498611,Prime Plus,Varthur,Banashankari,63.0,55.0,Not Applicable,Not Applicable,No,Not Applicable,520,UPI,7,3.8,4.5
2024-07-29 19:23:00,CNR6232749103,Canceled by Driver,CID814001,Prime Sedan,MG Road,Ulsoor,,,Not Applicable,Customer was coughing/sick,Not Applicable,Not Applicable,268,Not Applicable,0,,
2024-07-08 01:25:00,CNR6886223080,Success,CID703059,eBike,Varthur,Jayanagar,182.0,45.0,Not Applicable,Not Applicable,No,Not Applicable,335,Cash,8,4.8,3.4
2024-07-10 22:10:00,CNR5639918211,Success,CID294603,Auto,Kengeri,Padmanabhanagar,98.0,30.0,Not Applicable,Not Applicable,No,Not Applicable,560,UPI,8,4.9,3.4
2024-07-15 21:20:00,CNR6621854202,Driver Not Found,CID146947,Mini,Padmanabhanagar,Electronic City,,,Not Applicable,Not Applicable,Not Applicable,Not Applicable,333,Not Applicable,0,,
2024-07-19 11:30:00,CNR1540858039,Success,CID988654,Prime Sedan,Varthur,Cox Town,252.0,55.0,Not Applicable,Not Applicable,No,Not Applicable,251,UPI,29,3.1,3.5
2024-07-19 10:42:00,CNR6439488349,Success,CID381015,Prime Sedan,MG Road,Shivajinagar,210.0,50.0,Not Applicable,Not Applicable,No,Not Applicable,695,UPI,17,3.7,3.7
2024-07-09 00:44:00,CNR6215904262,Canceled by Driver,CID999866,Auto,Vijayanagar,Frazer Town,,,Not Applicable,More than permitted people in there,Not Applicable,Not Applicable,303,Not Applicable,0,,
2024-07-13 16:54:00,CNR4625734560,Success,CID660340,eBike,Banashankari,Ulsoor,98.0,25.0,Not Applicable,Not Applicable,No,Not Applicable,417,Cash,15,3.5,4.9
2024-07-27 19:51:00,CNR4910138189,Canceled by Driver,CID313492,Prime Plus,MG Road,Jayanagar,,,Not Applicable,Personal & Car related issue,Not Applicable,Not Applicable,602,Not Applicable,0,,
2024-07-18 04:50:00,CNR4622182743,Success,CID813628,eBike,Mysore Road,Varthur,287.0,60.0,Not Applicable,Not Applicable,No,Not Applicable,145,UPI,44,3.1,4.9
2024-07-21 07:35:00,CNR8970811812,Success,CID722932,eBike,Mysore Road,Jayanagar,84.0,35.0,Not Applicable,Not Applicable,No,Not Applicable,814,Cash,40,3.7,4.4
2024-07-22 10:07:00,CNR2191980355,Canceled by Customer,CID542502,Mini,JP Nagar,HSR Layout,,,Driver is not moving towards pickup location,Not Applicable,Not Applicable,Not Applicable,176,Not Applicable,0,,
2024-07-22 21:34:00,CNR4636173805,Success,CID691862,Prime Plus,Basavanagudi,Yeshwanthpur,182.0,55.0,Not Applicable,Not Applicable,No,Not Applicable,154,UPI,23,3.9,3.8
2024-07-05 04:11:00,CNR4924011246,Success,CID141132,Prime SUV,Ulsoor,Hulimavu,287.0,75.0,Not Applicable,Not Applicable,No,Not Applicable,116,Cash,37,4.6,4.5
2024-07-23 13:50:00,CNR9489940045,Success,CID406398,Mini,Whitefield,Banashankari,98.0,110.0,Not Applicable,Not Applicable,No,Not Applicable,176,Cash,11,4.8,3.9
2024-07-15 04:04:00,CNR7846381522,Success,CID954265,Prime Plus,Banashankari,Hulimavu,140.0,85.0,Not Applicable,Not Applicable,No,Not Applicable,275,Cash,14,4.7,3.8
2024-07-16 21:55:00,CNR5993054111,Success,CID318506,Prime Plus,Peenya,Padmanabhanagar,266.0,75.0,Not Applicable,Not Applicable,No,Not Applicable,436,Cash,23,4.6,4.8
2024-07-22 09:26:00,CNR7825422489,Canceled by Driver,CID845630,Auto,Yeshwanthpur,Marathahalli,,,Not Applicable,Customer related issue,Not Applicable,Not Applicable,164,Not Applicable,0,,
2024-07-12 23:31:00,CNR2856251565,Success,CID416565,eBike,Peenya,Padmanabhanagar,287.0,140.0,Not Applicable,Not Applicable,No,Not Applicable,529,UPI,22,4.3,3.3
2024-07-15 14:47:00,CNR5757826902,Success,CID216321,Prime SUV,Sahakar Nagar,Jayanagar,196.0,140.0,Not Applicable,Not Applicable,No,Not Applicable,1137,Debit Card,40,4.5,4.8
2024-07-05 15:11:00,CNR5094201776,Driver Not Found,CID758782,Auto,Padmanabhanagar,Malleshwaram,,,Not Applicable,Not Applicable,Not Applicable,Not Applicable,784,Not Applicable,0,,
2024-07-04 13:51:00,CNR3809473583,Canceled by Driver,CID800247,Prime SUV,Indiranagar,Majestic,,,Not Applicable,Customer was coughing/sick,Not Applicable,Not Applicable,133,Not Applicable,0,,
2024-07-23 20:06:00,CNR5534292510,Canceled by Driver,CID924258,Prime Plus,Chamarajpet,Frazer Town,,,Not Applicable,Personal & Car related issue,Not Applicable,Not Applicable,392,Not Applicable,0,,
2024-07-17 03:40:00,CNR4212398686,Success,CID436968,Prime Plus,BTM Layout,Hennur,182.0,60.0,Not Applicable,Not Applicable,No,Not Applicable,327,UPI,34,4.2,4.0
2024-07-20 02:23:00,CNR9993318382,Success,CID732876,Prime SUV,Devanahalli,Mysore Road,203.0,110.0,Not Applicable,Not Applicable,No,Not Applicable,235,UPI,7,4.7,4.8
2024-07-03 06:43:00,CNR7144290622,Success,CID394480,Mini,Shantinagar,RT Nagar,294.0,40.0,Not Applicable,Not Applicable,No,Not Applicable,814,UPI,12,3.1,3.4
2024-07-21 08:27:00,CNR8802163006,Success,CID432933,Mini,Chickpet,Devanahalli,119.0,30.0,Not Applicable,Not Applicable,No,Not Applicable,263,UPI,18,3.8,3.7
2024-07-11 23:05:00,CNR6930258659,Success,CID803825,Prime Sedan,Nagarbhavi,Chickpet,238.0,50.0,Not Applicable,Not Applicable,No,Not Applicable,360,Cash,20,4.3,4.7
2024-07-23 16:37:00,CNR7836931305,Success,CID312179,Auto,Nagarbhavi,Electronic City,161.0,25.0,Not Applicable,Not Applicable,No,Not Applicable,687,Cash,19,4.1,3.9
2024-07-26 08:14:00,CNR1475894271,Success,CID545088,Auto,BTM Layout,Hosur Road,161.0,50.0,Not Applicable,Not Applicable,No,Not Applicable,659,Cash,8,4.2,3.7
2024-07-02 04:54:00,CNR8380640382,Success,CID896682,Auto,Hennur,Ramamurthy Nagar,308.0,25.0,Not Applicable,Not Applicable,No,Not Applicable,124,Cash,5,3.4,4.6
2024-07-28 02:25:00,CNR3397712948,Success,CID695556,Prime Plus,BTM Layout,Yeshwanthpur,273.0,120.0,Not Applicable,Not Applicable,No,Not Applicable,328,UPI,48,3.3,4.2
2024-07-28 09:42:00,CNR2812335047,Success,CID448175,Bike,BTM Layout,Padmanabhanagar,273.0,45.0,Not Applicable,Not Applicable,No,Not Applicable,685,UPI,1,4.2,3.8
2024-07-20 20:20:00,CNR9781007573,Success,CID333308,Prime Plus,Hebbal,Whitefield,126.0,85.0,Not Applicable,Not Applicable,No,Not Applicable,293,Cash,27,3.6,3.6
2024-07-10 07:09:00,CNR7146882616,Canceled by Driver,CID159933,Prime SUV,Shivajinagar,Padmanabhanagar,,,Not Applicable,Customer related issue,Not Applicable,Not Applicable,235,Not Applicable,0,,
2024-07-11 09:04:00,CNR8340024882,Canceled by Customer,CID719261,Prime SUV,HSR Layout,JP Nagar,,,Change of plans,Not Applicable,Not Applicable,Not Applicable,297,Not Applicable,0,,
2024-07-12 00:31:00,CNR4903137010,Success,CID733824,Prime Sedan,KR Puram,Basavanagudi,119.0,120.0,Not Applicable,Not Applicable,No,Not Applicable,330,UPI,18,3.9,3.2
2024-07-13 14:39:00,CNR6144111008,Driver Not Found,CID553786,eBike,Langford Town,Hulimavu,,,Not Applicable,Not Applicable,Not Applicable,Not Applicable,485,Not Applicable,0,,
2024-07-24 14:06:00,CNR2245772700,Success,CID848861,eBike,Magadi Road,Padmanabhanagar,182.0,30.0,Not Applicable,Not Applicable,No,Not Applicable,245,Cash,32,3.1,3.1
2024-07-26 06:18:00,CNR9889040022,Success,CID351809,Prime Plus,Marathahalli,MG Road,49.0,145.0,Not Applicable,Not Applicable,No,Not Applicable,189,UPI,22,4.4,3.3
2024-07-17 02:58:00,CNR3792605283,Success,CID361316,Mini,Nagarbhavi,Malleshwaram,154.0,115.0,Not Applicable,Not Applicable,No,Not Applicable,2128,Cash,19,3.4,4.5
2024-07-21 06:21:00,CNR7369523226,Success,CID337414,Prime SUV,Rajarajeshwari Nagar,Peenya,280.0,95.0,Not Applicable,Not Applicable,No,Not Applicable,2256,Cash,20,4.9,3.2
2024-07-04 06:11:00,CNR3147481642,Success,CID981881,Prime SUV,Kammanahalli,Kadugodi,189.0,70.0,Not Applicable,Not Applicable,No,Not Applicable,297,Cash,7,3.8,4.6
2024-07-06 16:44:00,CNR9920225665,Canceled by Customer,CID890484,Mini,Majestic,Kammanahalli,,,Change of plans,Not Applicable,Not Applicable,Not Applicable,192,Not Applicable,0,,
2024-07-03 22:42:00,CNR1899028851,Success,CID230258,Prime Sedan,Rajarajeshwari Nagar,Peenya,238.0,45.0,Not Applicable,Not Applicable,Yes,Vehicle Breakdown,667,Cash,1,4.1,4.2
2024-07-23 05:18:00,CNR5140227085,Success,CID906564,Bike,Vijayanagar,Tumkur Road,56.0,75.0,Not Applicable,Not Applicable,No,Not Applicable,1389,UPI,2,3.5,4.7
2024-07-04 13:39:00,CNR3583305469,Success,CID208767,Auto,Rajajinagar,Yelahanka,154.0,100.0,Not Applicable,Not Applicable,No,Not Applicable,406,UPI,14,4.5,4.6
2024-07-24 11:47:00,CNR8312940233,Canceled by Customer,CID178326,Bike,JP Nagar,Kengeri,,,Change of plans,Not Applicable,Not Applicable,Not Applicable,432,Not Applicable,0,,
2024-07-17 20:38:00,CNR3761726144,Success,CID116092,Bike,Bannerghatta Road,Yelahanka,266.0,25.0,Not Applicable,Not Applicable,No,Not Applicable,247,Cash,36,4.3,4.4
2024-07-18 12:27:00,CNR3974412384,Success,CID912262,Bike,KR Puram,Whitefield,119.0,95.0,Not Applicable,Not Applicable,No,Not Applicable,479,UPI,32,3.5,3.1
2024-07-18 07:56:00,CNR8683500159,Canceled by Driver,CID359495,Auto,Mysore Road,Kammanahalli,,,Not Applicable,Personal & Car related issue,Not Applicable,Not Applicable,124,Not Applicable,0,,
2024-07-28 02:54:00,CNR9522836195,Canceled by Customer,CID824875,Auto,Peenya,Peenya,,,Driver is not moving towards pickup location,Not Applicable,Not Applicable,Not Applicable,242,Not Applicable,0,,
2024-07-12 17:09:00,CNR5326552457,Success,CID264435,Mini,Yelahanka,Varthur,308.0,80.0,Not Applicable,Not Applicable,No,Not Applicable,366,UPI,7,3.1,4.9
2024-07-05 07:12:00,CNR3286297031,Canceled by Customer,CID735961,eBike,Frazer Town,Frazer Town,,,Change of plans,Not Applicable,Not Applicable,Not Applicable,592,Not Applicable,0,,
2024-07-06 03:49:00,CNR3646064812,Success,CID524576,Prime Sedan,Varthur,Kengeri,224.0,100.0,Not Applicable,Not Applicable,No,Not Applicable,351,Cash,41,4.6,4.9
2024-07-03 06:56:00,CNR6054509440,Success,CID273972,Prime Plus,Kadugodi,Banashankari,287.0,70.0,Not Applicable,Not Applicable,No,Not Applicable,576,Cash,29,3.3,4.8
2024-07-09 18:16:00,CNR4695294133,Canceled by Driver,CID544965,Prime SUV,Shivajinagar,Bellandur,,,Not Applicable,Customer was coughing/sick,Not Applicable,Not Applicable,164,Not Applicable,0,,
2024-07-20 13:12:00,CNR9682146232,Canceled by Customer,CID195302,Bike,Padmanabhanagar,BTM Layout,,,Change of plans,Not Applicable,Not Applicable,Not Applicable,861,Not Applicable,0,,
2024-07-28 17:27:00,CNR5557807060,Success,CID252043,Mini,RT Nagar,Malleshwaram,140.0,60.0,Not Applicable,Not Applicable,No,Not Applicable,471,Debit Card,36,3.2,3.2
2024-07-30 00:37:00,CNR1576386804,Canceled by Driver,CID912408,Bike,Shantinagar,Ramamurthy Nagar,,,Not Applicable,More than permitted people in there,Not Applicable,Not Applicable,392,Not Applicable,0,,
2024-07-12 22:44:00,CNR7735711396,Canceled by Driver,CID194244,Prime SUV,Hebbal,Tumkur Road,,,Not Applicable,Customer was coughing/sick,Not Applicable,Not Applicable,158,Not Applicable,0,,
2024-07-13 16:28:00,CNR4661287201,Success,CID658083,Prime Sedan,Malleshwaram,Langford Town,84.0,125.0,Not Applicable,Not Applicable,No,Not Applicable,108,Cash,8,4.5,4.2
2024-07-19 21:10:00,CNR9829837467,Success,CID425449,eBike,Bannerghatta Road,KR Puram,161.0,70.0,Not Applicable,Not Applicable,No,Not Applicable,132,UPI,41,3.4,3.4
2024-07-02 09:38:00,CNR9614859589,Success,CID681056,Prime SUV,Cox Town,Magadi Road,266.0,95.0,Not Applicable,Not Applicable,No,Not Applicable,221,Cash,39,4.4,3.8
2024-07-14 10:56:00,CNR6426096896,Success,CID530935,Prime Sedan,Shantinagar,Ramamurthy Nagar,70.0,55.0,Not Applicable,Not Applicable,No,Not Applicable,292,Cash,30,3.3,4.0
2024-07-21 08:46:00,CNR3358979268,Success,CID236527,eBike,Chamarajpet,Langford Town,294.0,130.0,Not Applicable,Not Applicable,No,Not Applicable,381,Cash,18,3.5,3.5
2024-07-07 01:52:00,CNR4672047039,Success,CID662298,Bike,Sahakar Nagar,Malleshwaram,49.0,70.0,Not Applicable,Not Applicable,No,Not Applicable,311,UPI,10,3.8,3.7
2024-07-15 16:32:00,CNR5400218926,Driver Not Found,CID643406,Prime Plus,Malleshwaram,Magadi Road,,,Not Applicable,Not Applicable,Not Applicable,Not Applicable,704,Not Applicable,0,,
2024-07-05 05:59:00,CNR1663120028,Driver Not Found,CID655601,Prime Sedan,Langford Town,Chickpet,,,Not Applicable,Not Applicable,Not Applicable,Not Applicable,843,Not Applicable,0,,
2024-07-15 06:46:00,CNR6684062084,Success,CID873365,Prime SUV,Majestic,Padmanabhanagar,140.0,95.0,Not Applicable,Not Applicable,No,Not Applicable,196,Cash,14,3.3,4.4
2024-07-08 23:19:00,CNR5876900203,Success,CID958698,Prime Sedan,Ulsoor,Kengeri,105.0,35.0,Not Applicable,Not Applicable,No,Not Applicable,160,Cash,9,3.3,4.2
2024-07-29 08:31:00,CNR4386955369,Canceled by Driver,CID564922,Bike,Bellandur,Marathahalli,,,Not Applicable,Customer was coughing/sick,Not Applicable,Not Applicable,739,Not Applicable,0,,
2024-07-22 01:59:00,CNR6263580497,Canceled by Customer,CID452890,Auto,Ulsoor,Sahakar Nagar,,,Change of plans,Not Applicable,Not Applicable,Not Applicable,778,Not Applicable,0,,
2024-07-30 22:52:00,CNR9065191076,Canceled by Driver,CID693614,Auto,Electronic City,Nagarbhavi,,,Not Applicable,More than permitted people in there,Not Applicable,Not Applicable,578,Not Applicable,0,,
2024-07-13 08:54:00,CNR6270841590,Success,CID246018,eBike,Frazer Town,Mysore Road,294.0,80.0,Not Applicable,Not Applicable,Yes,Customer Demand,985,Credit Card,11,5.0,3.4
2024-07-28 07:47:00,CNR9241024377,Canceled by Driver,CID895272,Prime SUV,Bannerghatta Road,Shantinagar,,,Not Applicable,More than permitted people in there,Not Applicable,Not Applicable,423,Not Applicable,0,,
2024-07-02 11:24:00,CNR7881126658,Canceled by Driver,CID536097,Prime Plus,Padmanabhanagar,Devanahalli,,,Not Applicable,Customer related issue,Not Applicable,Not Applicable,230,Not Applicable,0,,
2024-07-28 05:04:00,CNR4260898051,Canceled by Driver,CID319681,Prime Plus,Marathahalli,Kadugodi,,,Not Applicable,Customer related issue,Not Applicable,Not Applicable,148,Not Applicable,0,,
2024-07-25 06:23:00,CNR8348771488,Success,CID747607,Prime Plus,Kadugodi,Mysore Road,133.0,90.0,Not Applicable,Not Applicable,No,Not Applicable,314,Cash,4,3.3,4.4
2024-07-16 18:06:00,CNR3283771629,Success,CID696620,Prime SUV,Rajajinagar,Chamarajpet,273.0,135.0,Not Applicable,Not Applicable,No,Not Applicable,441,UPI,32,4.9,3.0
2024-07-23 15:47:00,CNR1051367730,Canceled by Driver,CID852665,eBike,Shivajinagar,Tumkur Road,,,Not Applicable,Personal & Car related issue,Not Applicable,Not Applicable,251,Not Applicable,0,,
2024-07-30 12:34:00,CNR4824687814,Success,CID198510,Bike,Malleshwaram,Devanahalli,63.0,95.0,Not Applicable,Not Applicable,No,Not Applicable,2320,UPI,12,4.5,4.0
2024-07-12 19:15:00,CNR1958041622,Success,CID266387,Prime Plus,Yelahanka,Whitefield,77.0,115.0,Not Applicable,Not Applicable,No,Not Applicable,1728,Cash,5,3.2,3.6
2024-07-09 17:01:00,CNR9721736525,Canceled by Customer,CID558328,Mini,Peenya,Frazer Town,,,AC is Not working,Not Applicable,Not Applicable,Not Applicable,270,Not Applicable,0,,
2024-07-13 08:38:00,CNR1111699383,Canceled by Customer,CID151413,Auto,Peenya,Rajarajeshwari Nagar,,,Driver is not moving towards pickup location,Not Applicable,Not Applicable,Not Applicable,230,Not Applicable,0,,
2024-07-08 07:00:00,CNR2084040897,Success,CID376756,Prime Sedan,Chamarajpet,Shivajinagar,161.0,45.0,Not Applicable,Not Applicable,Yes,Other Issue,801,UPI,42,3.7,3.6
2024-07-26 11:43:00,CNR2166350243,Success,CID396456,Prime SUV,Kammanahalli,Peenya,119.0,75.0,Not Applicable,Not Applicable,No,Not Applicable,977,UPI,6,4.2,4.9
2024-07-29 02:36:00,CNR3474871824,Success,CID202012,Prime Plus,KR Puram,Hulimavu,273.0,65.0,Not Applicable,Not Applicable,No,Not Applicable,146,Cash,43,4.0,3.2
2024-07-24 15:46:00,CNR1416517781,Canceled by Driver,CID681237,Prime Sedan,Bannerghatta Road,Magadi Road,,,Not Applicable,Customer related issue,Not Applicable,Not Applicable,745,Not Applicable,0,,
2024-07-04 08:58:00,CNR8245768114,Canceled by Customer,CID369181,Mini,Shivajinagar,Kengeri,,,Wrong Address,Not Applicable,Not Applicable,Not Applicable,384,Not Applicable,0,,
2024-07-12 02:31:00,CNR7254421633,Success,CID892723,Mini,Electronic City,Indiranagar,140.0,105.0,Not Applicable,Not Applicable,Yes,Customer Demand,2213,Cash,24,4.6,3.4
2024-07-25 19:31:00,CNR1757792085,Driver Not Found,CID781145,Prime Plus,MG Road,KR Puram,,,Not Applicable,Not Applicable,Not Applicable,Not Applicable,440,Not Applicable,0,,
2024-07-18 15:12:00,CNR7031108194,Success,CID862514,Prime Sedan,Hosur Road,Jayanagar,287.0,40.0,Not Applicable,Not Applicable,No,Not Applicable,756,UPI,21,3.3,3.0
2024-07-25 06:08:00,CNR3909406457,Canceled by Driver,CID581867,Prime SUV,Hulimavu,Jayanagar,,,Not Applicable,Personal & Car related issue,Not Applicable,Not Applicable,435,Not Applicable,0,,
2024-07-30 20:11:00,CNR1081582941,Canceled by Driver,CID384022,Prime Plus,MG Road,Koramangala,,,Not Applicable,More than permitted people in there,Not Applicable,Not Applicable,303,Not Applicable,0,,
2024-07-30 05:50:00,CNR4278396710,Canceled by Customer,CID601236,Auto,Electronic City,Richmond Town,,,AC is Not working,Not Applicable,Not Applicable,Not Applicable,325,Not Applicable,0,,
2024-07-28 03:37:00,CNR2397047774,Canceled by Driver,CID983831,Mini,Chickpet,Hennur,,,Not Applicable,Personal & Car related issue,Not Applicable,Not Applicable,242,Not Applicable,0,,
2024-07-07 12:51:00,CNR9296686425,Driver Not Found,CID468820,Prime SUV,Chamarajpet,Nagarbhavi,,,Not Applicable,Not Applicable,Not Applicable,Not Applicable,2943,Not Applicable,0,,
2024-07-29 03:17:00,CNR2862293333,Canceled by Driver,CID656442,Prime Sedan,Vijayanagar,Kadugodi,,,Not Applicable,Customer was coughing/sick,Not Applicable,Not Applicable,332,Not Applicable,0,,
2024-07-02 01:02:00,CNR2074149025,Success,CID221010,Prime SUV,Rajajinagar,Electronic City,301.0,35.0,Not Applicable,Not Applicable,No,Not Applicable,418,UPI,11,4.4,4.4
2024-07-28 02:04:00,CNR9562206233,Success,CID400924,eBike,Jayanagar,Chickpet,91.0,40.0,Not Applicable,Not Applicable,No,Not Applicable,455,UPI,21,3.5,4.4
2024-07-18 02:10:00,CNR5452793275,Success,CID725050,Mini,Sahakar Nagar,Magadi Road,126.0,130.0,Not Applicable,Not Applicable,No,Not Applicable,251,Cash,14,3.3,4.2
2024-07-19 05:02:00,CNR9761402614,Canceled by Customer,CID274830,eBike,Hulimavu,Malleshwaram,,,Wrong Address,Not Applicable,Not Applicable,Not Applicable,270,Not Applicable,0,,
2024-07-02 08:32:00,CNR1223862105,Success,CID791294,Auto,Richmond Town,Peenya,252.0,120.0,Not Applicable,Not Applicable,No,Not Applicable,280,Cash,15,3.6,3.1
2024-07-28 17:16:00,CNR3155147636,Success,CID662118,Auto,Kammanahalli,Kammanahalli,308.0,65.0,Not Applicable,Not Applicable,No,Not Applicable,334,Cash,9,4.4,4.6
2024-07-22 09:36:00,CNR6644185995,Success,CID331128,Mini,Kadugodi,Bellandur,119.0,140.0,Not Applicable,Not Applicable,No,Not Applicable,119,Cash,17,3.9,4.8
2024-07-18 12:18:00,CNR7386441401,Success,CID369290,Mini,Malleshwaram,Whitefield,91.0,135.0,Not Applicable,Not Applicable,No,Not Applicable,409,UPI,48,4.0,3.0
2024-07-12 12:28:00,CNR5001100206,Canceled by Driver,CID237576,Prime SUV,Padmanabhanagar,MG Road,,,Not Applicable,Personal & Car related issue,Not Applicable,Not Applicable,319,Not Applicable,0,,
2024-07-26 05:39:00,CNR6610239069,Success,CID611319,Mini,KR Puram,Koramangala,105.0,25.0,Not Applicable,Not Applicable,No,Not Applicable,383,Cash,27,3.7,3.1
2024-07-29 21:58:00,CNR3898112218,Success,CID152326,Mini,Chamarajpet,Sahakar Nagar,224.0,60.0,Not Applicable,Not Applicable,No,Not Applicable,743,Cash,10,4.4,4.8
2024-07-17 13:50:00,CNR1607743454,Success,CID457955,Prime Sedan,RT Nagar,Basavanagudi,126.0,130.0,Not Applicable,Not Applicable,No,Not Applicable,728,Cash,13,3.1,3.5
2024-07-23 03:17:00,CNR6949863730,Canceled by Driver,CID481003,Prime Sedan,Varthur,Langford Town,,,Not Applicable,Customer related issue,Not Applicable,Not Applicable,296,Not Applicable,0,,
2024-07-14 22:29:00,CNR4245002684,Driver Not Found,CID713556,Auto,Peenya,JP Nagar,,,Not Applicable,Not Applicable,Not Applicable,Not Applicable,236,Not Applicable,0,,
2024-07-16 12:01:00,CNR3773943884,Success,CID973822,Bike,Varthur,Hebbal,91.0,135.0,Not Applicable,Not Applicable,No,Not Applicable,314,Cash,19,3.2,3.3
2024-07-16 01:51:00,CNR6947393948,Success,CID760606,Auto,Hennur,Langford Town,280.0,50.0,Not Applicable,Not Applicable,No,Not Applicable,133,UPI,11,3.6,3.3
2024-07-10 06:09:00,CNR4168033279,Canceled by Customer,CID519738,Bike,Bannerghatta Road,Hulimavu,,,Driver is not moving towards pickup location,Not Applicable,Not Applicable,Not Applicable,165,Not Applicable,0,,
2024-07-28 22:31:00,CNR8275152143,Canceled by Customer,CID394039,Prime SUV,Richmond Town,Hebbal,,,Wrong Address,Not Applicable,Not Applicable,Not Applicable,167,Not Applicable,0,,
2024-07-25 05:12:00,CNR6437785646,Canceled by Driver,CID549179,Mini,Hulimavu,Hebbal,,,Not Applicable,Personal & Car related issue,Not Applicable,Not Applicable,840,Not Applicable,0,,
2024-07-01 06:17:00,CNR7104765864,Canceled by Customer,CID535204,Mini,Shivajinagar,Indiranagar,,,Driver is not moving towards pickup location,Not Applicable,Not Applicable,Not Applicable,1826,Not Applicable,0,,
2024-07-25 21:58:00,CNR2061913699,Canceled by Customer,CID613107,Bike,Kengeri,Hulimavu,,,Change of plans,Not Applicable,Not Applicable,Not Applicable,607,Not Applicable,0,,
2024-07-03 20:34:00,CNR9616077121,Canceled by Customer,CID812008,Prime Plus,Sarjapur Road,Langford Town,,,Driver is not moving towards pickup location,Not Applicable,Not Applicable,Not Applicable,647,Not Applicable,0,,
2024-07-26 15:18:00,CNR6252544347,Success,CID187369,Prime Plus,Chickpet,JP Nagar,189.0,70.0,Not Applicable,Not Applicable,No,Not Applicable,331,Cash,46,4.4,3.8
2024-07-06 23:24:00,CNR5740163926,Driver Not Found,CID157362,Prime Plus,Hulimavu,Majestic,,,Not Applicable,Not Applicable,Not Applicable,Not Applicable,376,Not Applicable,0,,
2024-07-29 00:46:00,CNR7706609348,Canceled by Driver,CID732048,Prime SUV,Malleshwaram,Richmond Town,,,Not Applicable,Customer was coughing/sick,Not Applicable,Not Applicable,2523,Not Applicable,0,,
2024-07-09 20:42:00,CNR5335987224,Driver Not Found,CID134599,eBike,HSR Layout,Rajajinagar,,,Not Applicable,Not Applicable,Not Applicable,Not Applicable,248,Not Applicable,0,,
2024-07-24 17:57:00,CNR1075229144,Canceled by Driver,CID141799,Auto,Hosur Road,HSR Layout,,,Not Applicable,Personal & Car related issue,Not Applicable,Not Applicable,677,Not Applicable,0,,
2024-07-13 07:02:00,CNR4087495593,Success,CID283162,eBike,Kadugodi,Hulimavu,182.0,65.0,Not Applicable,Not Applicable,No,Not Applicable,462,Cash,32,4.4,3.8
2024-07-09 05:14:00,CNR5641149728,Success,CID753373,Mini,Bellandur,Richmond Town,182.0,35.0,Not Applicable,Not Applicable,No,Not Applicable,219,Cash,1,4.6,3.7
2024-07-26 23:31:00,CNR1231242325,Success,CID795673,Prime SUV,Peenya,Shivajinagar,49.0,75.0,Not Applicable,Not Applicable,No,Not Applicable,963,Cash,6,4.7,4.7
2024-07-21 08:31:00,CNR8644878895,Success,CID457750,Prime Sedan,Sahakar Nagar,MG Road,280.0,55.0,Not Applicable,Not Applicable,No,Not Applicable,226,Cash,19,4.6,4.0
2024-07-24 17:04:00,CNR7399828323,Success,CID521443,eBike,KR Puram,Peenya,273.0,35.0,Not Applicable,Not Applicable,No,Not Applicable,228,UPI,21,3.8,4.0
2024-07-13 11:40:00,CNR8300866664,Success,CID199980,Prime SUV,Yeshwanthpur,Bellandur,245.0,120.0,Not Applicable,Not Applicable,Yes,Other Issue,224,Cash,10,3.8,3.6
2024-07-27 14:37:00,CNR5301959157,Canceled by Driver,CID927163,Bike,Vijayanagar,Banashankari,,,Not Applicable,Personal & Car related issue,Not Applicable,Not Applicable,262,Not Applicable,0,,
2024-07-20 18:15:00,CNR9453896994,Success,CID258686,Prime SUV,Sarjapur Road,Koramangala,224.0,75.0,Not Applicable,Not Applicable,No,Not Applicable,279,Cash,23,3.9,4.8
2024-07-04 00:08:00,CNR1455842768,Canceled by Driver,CID104189,Bike,RT Nagar,Banashankari,,,Not Applicable,Customer related issue,Not Applicable,Not Applicable,477,Not Applicable,0,,
2024-07-19 15:23:00,CNR5919935812,Success,CID493552,Prime Plus,Basavanagudi,Devanahalli,63.0,125.0,Not Applicable,Not Applicable,No,Not Applicable,776,Cash,49,4.1,4.8
2024-07-06 03:48:00,CNR9817149042,Driver Not Found,CID592325,Prime SUV,Banashankari,JP Nagar,,,Not Applicable,Not Applicable,Not Applicable,Not Applicable,154,Not Applicable,0,,
2024-07-15 09:20:00,CNR4230490762,Success,CID284983,Mini,Yelahanka,Nagarbhavi,294.0,135.0,Not Applicable,Not Applicable,No,Not Applicable,357,Cash,12,3.6,3.6
2024-07-23 13:57:00,CNR2253862992,Canceled by Driver,CID969362,Auto,Malleshwaram,Langford Town,,,Not Applicable,Customer related issue,Not Applicable,Not Applicable,128,Not Applicable,0,,
2024-07-02 11:46:00,CNR3498993016,Success,CID551601,Auto,Indiranagar,Marathahalli,175.0,100.0,Not Applicable,Not Applicable,No,Not Applicable,405,UPI,2,3.7,3.1
2024-07-02 23:18:00,CNR2942733666,Success,CID537771,Mini,HSR Layout,Marathahalli,42.0,135.0,Not Applicable,Not Applicable,No,Not Applicable,2163,UPI,3,3.3,4.9
2024-07-17 23:08:00,CNR2519062634,Driver Not Found,CID514830,Prime Sedan,Kadugodi,Padmanabhanagar,,,Not Applicable,Not Applicable,Not Applicable,Not Applicable,347,Not Applicable,0,,
2024-07-12 00:21:00,CNR9421169613,Success,CID343350,Prime Plus,RT Nagar,RT Nagar,175.0,95.0,Not Applicable,Not Applicable,No,Not Applicable,2512,Cash,12,4.6,3.7
2024-07-24 06:01:00,CNR7190785674,Success,CID846021,Prime SUV,MG Road,Jayanagar,140.0,85.0,Not Applicable,Not Applicable,No,Not Applicable,368,UPI,1,4.0,4.1
2024-07-26 00:03:00,CNR4753441706,Success,CID445596,eBike,Yelahanka,MG Road,210.0,125.0,Not Applicable,Not Applicable,No,Not Applicable,569,Cash,16,3.6,4.4
2024-07-18 23:41:00,CNR9798435792,Canceled by Customer,CID817449,Bike,Hebbal,Hosur Road,,,Wrong Address,Not Applicable,Not Applicable,Not Applicable,244,Not Applicable,0,,
2024-07-28 11:49:00,CNR3254863800,Driver Not Found,CID199971,Mini,Rajajinagar,Jayanagar,,,Not Applicable,Not Applicable,Not Applicable,Not Applicable,173,Not Applicable,0,,
2024-07-03 17:06:00,CNR4900170325,Success,CID357746,Prime SUV,Rajarajeshwari Nagar,Ramamurthy Nagar,217.0,85.0,Not Applicable,Not Applicable,No,Not Applicable,250,Cash,2,4.9,4.6
2024-07-19 04:48:00,CNR7070513742,Success,CID500003,eBike,Magadi Road,Frazer Town,119.0,145.0,Not Applicable,Not Applicable,No,Not Applicable,109,Credit Card,39,3.6,3.6
2024-07-15 20:50:00,CNR9922629647,Driver Not Found,CID808107,Bike,Varthur,Bellandur,,,Not Applicable,Not Applicable,Not Applicable,Not Applicable,397,Not Applicable,0,,
2024-07-22 02:29:00,CNR1374604505,Success,CID839902,Prime Sedan,Frazer Town,Marathahalli,273.0,25.0,Not Applicable,Not Applicable,No,Not Applicable,404,Cash,25,4.9,3.7
2024-07-02 00:06:00,CNR4346868135,Canceled by Driver,CID431109,Prime Sedan,Devanahalli,Whitefield,,,Not Applicable,Customer related issue,Not Applicable,Not Applicable,710,Not Applicable,0,,
2024-07-20 22:09:00,CNR5583614166,Success,CID866133,Prime Plus,Varthur,Shantinagar,112.0,80.0,Not Applicable,Not Applicable,No,Not Applicable,129,Credit Card,22,3.4,4.1
2024-07-23 16:36:00,CNR2261907169,Driver Not Found,CID406482,Auto,Peenya,Basavanagudi,,,Not Applicable,Not Applicable,Not Applicable,Not Applicable,480,Not Applicable,0,,
2024-07-04 12:06:00,CNR8506715086,Success,CID261126,Bike,Chamarajpet,Varthur,126.0,90.0,Not Applicable,Not Applicable,No,Not Applicable,232,UPI,13,4.2,4.6
2024-07-24 06:20:00,CNR7064218172,Success,CID184835,eBike,Cox Town,HSR Layout,175.0,25.0,Not Applicable,Not Applicable,No,Not Applicable,428,UPI,49,4.8,4.1
2024-07-23 09:56:00,CNR8596080642,Success,CID474289,eBike,Peenya,Basavanagudi,161.0,130.0,Not Applicable,Not Applicable,No,Not Applicable,512,Cash,3,3.7,3.4
2024-07-13 06:35:00,CNR1833839355,Success,CID159475,Bike,Frazer Town,Chickpet,119.0,120.0,Not Applicable,Not Applicable,No,Not Applicable,492,UPI,49,4.2,4.7
2024-07-18 08:37:00,CNR7170805555,Success,CID185177,Auto,Jayanagar,KR Puram,175.0,50.0,Not Applicable,Not Applicable,No,Not Applicable,795,UPI,5,4.2,3.9
2024-07-04 06:08:00,CNR9167091076,Success,CID899442,Prime Sedan,KR Puram,JP Nagar,119.0,90.0,Not Applicable,Not Applicable,Yes,Customer Demand,418,UPI,4,4.5,5.0
2024-07-15 17:51:00,CNR1879545779,Canceled by Driver,CID108332,Auto,Magadi Road,Yeshwanthpur,,,Not Applicable,Personal & Car related issue,Not Applicable,Not Applicable,247,Not Applicable,0,,
2024-07-26 11:19:00,CNR9080029730,Success,CID178992,Bike,HSR Layout,Hebbal,196.0,50.0,Not Applicable,Not Applicable,No,Not Applicable,581,Cash,24,3.5,4.2
2024-07-16 10:28:00,CNR9832097140,Success,CID143197,Prime SUV,Nagarbhavi,Rajarajeshwari Nagar,126.0,120.0,Not Applicable,Not Applicable,No,Not Applicable,207,Cash,11,3.5,4.9
2024-07-02 10:34:00,CNR6534193210,Success,CID969671,Auto,Marathahalli,Whitefield,203.0,35.0,Not Applicable,Not Applicable,No,Not Applicable,372,Credit Card,2,3.1,3.4
2024-07-01 19:23:00,CNR8262337568,Success,CID812679,eBike,Langford Town,Sahakar Nagar,217.0,115.0,Not Applicable,Not Applicable,No,Not Applicable,716,Cash,39,3.5,4.6
2024-07-29 13:54:00,CNR3495194509,Success,CID848672,Auto,Malleshwaram,Hulimavu,301.0,115.0,Not Applicable,Not Applicable,No,Not Applicable,215,Cash,2,4.5,4.5
2024-07-08 17:32:00,CNR3648770148,Canceled by Driver,CID106126,Prime SUV,Cox Town,Banashankari,,,Not Applicable,Personal & Car related issue,Not Applicable,Not Applicable,771,Not Applicable,0,,
2024-07-21 10:35:00,CNR1140642297,Canceled by Customer,CID244356,Mini,Kadugodi,Ramamurthy Nagar,,,Change of plans,Not Applicable,Not Applicable,Not Applicable,361,Not Applicable,0,,
2024-07-01 00:59:00,CNR2692640543,Success,CID606782,Mini,Langford Town,Rajarajeshwari Nagar,168.0,30.0,Not Applicable,Not Applicable,No,Not Applicable,174,UPI,35,4.6,4.1
2024-07-24 02:47:00,CNR4451680022,Canceled by Driver,CID351401,Auto,BTM Layout,Kammanahalli,,,Not Applicable,Customer related issue,Not Applicable,Not Applicable,164,Not Applicable,0,,
2024-07-10 12:22:00,CNR3631729516,Success,CID358252,Bike,Whitefield,Ulsoor,112.0,55.0,Not Applicable,Not Applicable,No,Not Applicable,512,UPI,30,3.5,4.2
2024-07-07 07:46:00,CNR2702648977,Success,CID309611,Prime SUV,HSR Layout,Hennur,168.0,110.0,Not Applicable,Not Applicable,No,Not Applicable,991,Cash,27,3.4,4.8
2024-07-28 17:00:00,CNR2985201339,Success,CID318244,Mini,Rajajinagar,Hennur,133.0,140.0,Not Applicable,Not Applicable,No,Not Applicable,365,Cash,16,4.6,5.0
2024-07-08 20:38:00,CNR3335015470,Canceled by Driver,CID876842,Prime Sedan,Rajajinagar,Sarjapur Road,,,Not Applicable,Customer related issue,Not Applicable,Not Applicable,780,Not Applicable,0,,
2024-07-29 12:34:00,CNR3335539566,Success,CID536310,Prime SUV,Cox Town,Basavanagudi,196.0,35.0,Not Applicable,Not Applicable,No,Not Applicable,512,Cash,24,3.2,3.6
2024-07-14 21:20:00,CNR8769284194,Canceled by Driver,CID829619,Auto,Marathahalli,Frazer Town,,,Not Applicable,Customer was coughing/sick,Not Applicable,Not Applicable,492,Not Applicable,0,,
2024-07-27 21:17:00,CNR4204501290,Success,CID191521,Mini,Koramangala,MG Road,56.0,25.0,Not Applicable,Not Applicable,No,Not Applicable,557,Cash,10,4.7,4.4
2024-07-04 20:07:00,CNR2464330783,Canceled by Driver,CID447925,Prime Plus,Langford Town,Varthur,,,Not Applicable,Personal & Car related issue,Not Applicable,Not Applicable,391,Not Applicable,0,,
2024-07-27 10:17:00,CNR5471043947,Canceled by Driver,CID488523,Bike,Varthur,Varthur,,,Not Applicable,More than permitted people in there,Not Applicable,Not Applicable,381,Not Applicable,0,,
2024-07-23 14:51:00,CNR9639726407,Success,CID620521,Auto,MG Road,Yeshwanthpur,42.0,65.0,Not Applicable,Not Applicable,No,Not Applicable,330,Cash,16,3.6,3.3
2024-07-19 08:38:00,CNR7792278590,Success,CID557913,Mini,Magadi Road,Electronic City,77.0,45.0,Not Applicable,Not Applicable,No,Not Applicable,285,Cash,17,3.0,3.6
2024-07-24 08:54:00,CNR7433707804,Success,CID764717,eBike,Cox Town,Cox Town,238.0,60.0,Not Applicable,Not Applicable,No,Not Applicable,1551,UPI,1,3.3,3.8
2024-07-27 05:14:00,CNR7028840913,Success,CID342234,Prime SUV,Malleshwaram,Yeshwanthpur,147.0,125.0,Not Applicable,Not Applicable,No,Not Applicable,806,Cash,30,4.2,3.0
2024-07-02 11:04:00,CNR2337159874,Success,CID370975,Prime SUV,Nagarbhavi,Chamarajpet,105.0,95.0,Not Applicable,Not Applicable,No,Not Applicable,544,UPI,34,3.9,4.5
2024-07-02 09:34:00,CNR2893575809,Canceled by Driver,CID861277,Prime Sedan,Rajarajeshwari Nagar,Hosur Road,,,Not Applicable,Personal & Car related issue,Not Applicable,Not Applicable,134,Not Applicable,0,,
2024-07-15 01:55:00,CNR3838146525,Success,CID405533,Prime SUV,Rajajinagar,Malleshwaram,224.0,130.0,Not Applicable,Not Applicable,No,Not Applicable,117,Cash,1,4.5,4.5
2024-07-07 02:40:00,CNR1844901499,Canceled by Customer,CID928023,Auto,Banashankari,Chamarajpet,,,Driver asked to cancel,Not Applicable,Not Applicable,Not Applicable,258,Not Applicable,0,,
2024-07-07 19:21:00,CNR1165744779,Success,CID703368,Bike,Magadi Road,MG Road,140.0,85.0,Not Applicable,Not Applicable,Yes,Other Issue,196,UPI,44,3.6,4.1
2024-07-10 16:41:00,CNR1953596097,Success,CID361661,Mini,Sarjapur Road,Indiranagar,245.0,105.0,Not Applicable,Not Applicable,No,Not Applicable,317,Cash,5,4.0,3.6
2024-07-13 04:36:00,CNR1571500976,Success,CID323192,Bike,RT Nagar,Chickpet,238.0,110.0,Not Applicable,Not Applicable,Yes,Other Issue,498,UPI,40,4.6,4.0
2024-07-01 22:05:00,CNR4976763728,Success,CID279969,Auto,Magadi Road,MG Road,56.0,120.0,Not Applicable,Not Applicable,No,Not Applicable,2001,Cash,9,3.7,4.7
2024-07-01 23:39:00,CNR2330370158,Canceled by Customer,CID560681,Auto,BTM Layout,Kammanahalli,,,Driver is not moving towards pickup location,Not Applicable,Not Applicable,Not Applicable,309,Not Applicable,0,,
2024-07-27 05:53:00,CNR9432463901,Success,CID482604,Prime Sedan,Bannerghatta Road,Electronic City,175.0,75.0,Not Applicable,Not Applicable,No,Not Applicable,290,UPI,7,3.1,3.9
2024-07-11 20:33:00,CNR7083954311,Success,CID916848,Prime Sedan,Langford Town,Majestic,189.0,115.0,Not Applicable,Not Applicable,No,Not Applicable,117,Cash,20,3.4,4.2
2024-07-03 14:52:00,CNR7719325995,Success,CID747187,eBike,Yelahanka,Bellandur,154.0,70.0,Not Applicable,Not Applicable,No,Not Applicable,149,UPI,24,3.5,3.5
2024-07-03 01:53:00,CNR8959970668,Driver Not Found,CID813183,eBike,Hosur Road,Electronic City,,,Not Applicable,Not Applicable,Not Applicable,Not Applicable,143,Not Applicable,0,,
2024-07-20 16:30:00,CNR4180820531,Success,CID792769,eBike,Chamarajpet,Electronic City,56.0,80.0,Not Applicable,Not Applicable,No,Not Applicable,483,Debit Card,8,4.8,3.5
2024-07-22 20:00:00,CNR4886823960,Canceled by Driver,CID154524,Prime Sedan,Yelahanka,BTM Layout,,,Not Applicable,Personal & Car related issue,Not Applicable,Not Applicable,438,Not Applicable,0,,
2024-07-01 12:27:00,CNR3704513437,Success,CID810293,Mini,Shivajinagar,Varthur,266.0,120.0,Not Applicable,Not Applicable,No,Not Applicable,954,Cash,31,4.0,4.3
2024-07-13 15:55:00,CNR9223204328,Success,CID905710,Auto,Peenya,Frazer Town,77.0,45.0,Not Applicable,Not Applicable,No,Not Applicable,893,Cash,12,3.1,4.0
2024-07-15 00:26:00,CNR4118086279,Success,CID406830,eBike,Mysore Road,Kengeri,126.0,145.0,Not Applicable,Not Applicable,No,Not Applicable,406,UPI,17,3.5,3.4
2024-07-29 19:06:00,CNR2001012488,Canceled by Driver,CID943294,Auto,Ramamurthy Nagar,RT Nagar,,,Not Applicable,Personal & Car related issue,Not Applicable,Not Applicable,639,Not Applicable,0,,
2024-07-26 00:31:00,CNR6226099605,Driver Not Found,CID669999,Mini,KR Puram,Yelahanka,,,Not Applicable,Not Applicable,Not Applicable,Not Applicable,272,Not Applicable,0,,
2024-07-19 11:25:00,CNR1303583910,Canceled by Driver,CID982702,Mini,Electronic City,Shantinagar,,,Not Applicable,Customer related issue,Not Applicable,Not Applicable,643,Not Applicable,0,,
2024-07-16 19:54:00,CNR9737613483,Canceled by Driver,CID289229,eBike,Shantinagar,JP Nagar,,,Not Applicable,More than permitted people in there,Not Applicable,Not Applicable,172,Not Applicable,0,,
2024-07-02 11:37:00,CNR5388042006,Success,CID813305,Prime Plus,Rajarajeshwari Nagar,Yeshwanthpur,259.0,120.0,Not Applicable,Not Applicable,No,Not Applicable,486,Cash,21,4.0,3.5
2024-07-08 12:11:00,CNR5545809442,Canceled by Driver,CID766876,eBike,MG Road,Shantinagar,,,Not Applicable,More than permitted people in there,Not Applicable,Not Applicable,426,Not Applicable,0,,
2024-07-30 14:36:00,CNR1776813982,Success,CID612945,eBike,Hennur,Kadugodi,238.0,145.0,Not Applicable,Not Applicable,No,Not Applicable,148,Cash,1,4.9,4.0
2024-07-17 19:32:00,CNR3832796415,Success,CID507137,Auto,Hebbal,Yelahanka,182.0,80.0,Not Applicable,Not Applicable,No,Not Applicable,395,Cash,8,4.8,3.7
2024-07-07 13:37:00,CNR3873609625,Success,CID490112,Prime SUV,Richmond Town,Hennur,84.0,145.0,Not Applicable,Not Applicable,No,Not Applicable,279,UPI,33,3.3,3.2
2024-07-29 23:59:00,CNR3441300797,Success,CID773844,Bike,Mysore Road,MG Road,63.0,30.0,Not Applicable,Not Applicable,No,Not Applicable,492,Cash,4,4.2,4.3
2024-07-22 12:09:00,CNR2145611914,Driver Not Found,CID729744,Prime Plus,RT Nagar,Majestic,,,Not Applicable,Not Applicable,Not Applicable,Not Applicable,445,Not Applicable,0,,
2024-07-11 01:53:00,CNR2697526346,Success,CID346121,Prime SUV,Indiranagar,RT Nagar,273.0,95.0,Not Applicable,Not Applicable,No,Not Applicable,260,UPI,6,4.7,3.6
2024-07-30 23:59:00,CNR6229404127,Success,CID248778,Prime Plus,Kammanahalli,Mysore Road,182.0,110.0,Not Applicable,Not Applicable,No,Not Applicable,436,Cash,8,4.7,4.9
2024-07-05 09:08:00,CNR4607799320,Canceled by Customer,CID202911,Mini,Shantinagar,Sahakar Nagar,,,AC is Not working,Not Applicable,Not Applicable,Not Applicable,1904,Not Applicable,0,,
2024-07-25 12:48:00,CNR2283812638,Success,CID629423,Auto,Yeshwanthpur,Sahakar Nagar,133.0,55.0,Not Applicable,Not Applicable,No,Not Applicable,350,UPI,3,4.6,4.5
2024-07-05 09:27:00,CNR1287220357,Success,CID705580,eBike,Rajajinagar,Nagarbhavi,217.0,70.0,Not Applicable,Not Applicable,No,Not Applicable,276,Cash,7,4.6,3.6
2024-07-05 18:06:00,CNR5792324529,Success,CID853130,Bike,Varthur,Varthur,56.0,25.0,Not Applicable,Not Applicable,Yes,Vehicle Breakdown,369,Credit Card,38,3.9,3.4
2024-07-07 03:25:00,CNR6334976277,Success,CID485900,Prime SUV,Rajarajeshwari Nagar,Bannerghatta Road,252.0,140.0,Not Applicable,Not Applicable,No,Not Applicable,387,UPI,6,4.1,4.2
2024-07-02 12:55:00,CNR7134088320,Success,CID414405,Prime Plus,Cox Town,Marathahalli,35.0,75.0,Not Applicable,Not Applicable,No,Not Applicable,198,UPI,1,4.1,4.0
2024-07-18 23:45:00,CNR6515906256,Success,CID318249,Prime Plus,Kadugodi,Hosur Road,77.0,110.0,Not Applicable,Not Applicable,No,Not Applicable,2606,UPI,2,3.1,3.6
2024-07-24 19:03:00,CNR1595422011,Driver Not Found,CID445890,Prime Sedan,Tumkur Road,Hennur,,,Not Applicable,Not Applicable,Not Applicable,Not Applicable,276,Not Applicable,0,,
2024-07-19 23:08:00,CNR7870004131,Success,CID381653,Mini,BTM Layout,Basavanagudi,196.0,100.0,Not Applicable,Not Applicable,No,Not Applicable,294,UPI,43,3.2,4.0
2024-07-19 22:44:00,CNR5634084555,Success,CID449934,Bike,Hebbal,Shivajinagar,119.0,135.0,Not Applicable,Not Applicable,No,Not Applicable,347,UPI,2,3.4,3.9
2024-07-21 09:45:00,CNR3569701031,Canceled by Driver,CID467919,eBike,Indiranagar,Richmond Town,,,Not Applicable,Personal & Car related issue,Not Applicable,Not Applicable,604,Not Applicable,0,,
2024-07-07 14:05:00,CNR4219310390,Success,CID229271,Bike,Kengeri,Ulsoor,56.0,105.0,Not Applicable,Not Applicable,No,Not Applicable,253,UPI,49,4.4,3.9
2024-07-24 08:33:00,CNR4676114113,Success,CID854826,Auto,Hosur Road,Devanahalli,203.0,45.0,Not Applicable,Not Applicable,No,Not Applicable,280,UPI,16,3.5,3.1
2024-07-13 19:11:00,CNR3309954288,Success,CID627934,Prime SUV,Vijayanagar,Basavanagudi,63.0,100.0,Not Applicable,Not Applicable,No,Not Applicable,594,Cash,21,3.5,3.4
2024-07-27 02:29:00,CNR5391492523,Success,CID484390,Prime Sedan,Basavanagudi,Rajajinagar,273.0,70.0,Not Applicable,Not Applicable,No,Not Applicable,397,Cash,42,3.9,3.2
2024-07-22 06:20:00,CNR5572290276,Success,CID485734,Bike,Banashankari,Chickpet,105.0,145.0,Not Applicable,Not Applicable,No,Not Applicable,174,Credit Card,15,3.8,3.6
2024-07-14 09:31:00,CNR7610834316,Driver Not Found,CID520990,Prime Plus,Vijayanagar,Yelahanka,,,Not Applicable,Not Applicable,Not Applicable,Not Applicable,453,Not Applicable,0,,
2024-07-24 18:56:00,CNR1555495768,Canceled by Driver,CID190530,Prime Plus,Langford Town,RT Nagar,,,Not Applicable,Personal & Car related issue,Not Applicable,Not Applicable,297,Not Applicable,0,,
2024-07-16 13:49:00,CNR4640137303,Canceled by Driver,CID749390,Prime SUV,Kadugodi,Ramamurthy Nagar,,,Not Applicable,Customer related issue,Not Applicable,Not Applicable,499,Not Applicable,0,,
2024-07-23 10:35:00,CNR1167850225,Success,CID460568,Mini,Chamarajpet,Hosur Road,245.0,95.0,Not Applicable,Not Applicable,No,Not Applicable,438,UPI,35,4.6,4.7
2024-07-06 03:28:00,CNR4593927203,Success,CID853105,Prime Plus,Richmond Town,Majestic,126.0,35.0,Not Applicable,Not Applicable,No,Not Applicable,179,UPI,44,4.5,4.2
2024-07-15 09:53:00,CNR6434182805,Success,CID728514,Prime SUV,Electronic City,BTM Layout,273.0,55.0,Not Applicable,Not Applicable,No,Not Applicable,383,UPI,9,4.1,4.2
2024-07-08 15:51:00,CNR7201402747,Success,CID964079,eBike,Indiranagar,Cox Town,280.0,40.0,Not Applicable,Not Applicable,No,Not Applicable,765,Cash,19,4.4,4.8
2024-07-22 14:17:00,CNR2715103821,Canceled by Customer,CID993639,Prime SUV,Nagarbhavi,Langford Town,,,Driver is not moving towards pickup location,Not Applicable,Not Applicable,Not Applicable,638,Not Applicable,0,,
2024-07-18 07:12:00,CNR8007034836,Success,CID411383,Bike,Yeshwanthpur,Devanahalli,280.0,130.0,Not Applicable,Not Applicable,No,Not Applicable,107,Cash,25,4.5,5.0
2024-07-26 10:26:00,CNR1106607784,Success,CID840794,Auto,Electronic City,Frazer Town,42.0,110.0,Not Applicable,Not Applicable,No,Not Applicable,2754,UPI,12,3.7,4.6
2024-07-18 03:21:00,CNR6595366480,Driver Not Found,CID543540,eBike,Magadi Road,Sahakar Nagar,,,Not Applicable,Not Applicable,Not Applicable,Not Applicable,318,Not Applicable,0,,
2024-07-14 19:00:00,CNR4001739860,Canceled by Driver,CID385607,Mini,Hebbal,Bannerghatta Road,,,Not Applicable,Personal & Car related issue,Not Applicable,Not Applicable,389,Not Applicable,0,,
2024-07-12 01:29:00,CNR3586752427,Canceled by Driver,CID165866,eBike,Kengeri,Vijayanagar,,,Not Applicable,Customer was coughing/sick,Not Applicable,Not Applicable,306,Not Applicable,0,,
2024-07-18 12:15:00,CNR5416870380,Success,CID784041,Auto,Kammanahalli,Indiranagar,154.0,65.0,Not Applicable,Not Applicable,No,Not Applicable,844,UPI,3,3.5,4.0
2024-07-10 18:59:00,CNR6758933468,Success,CID372593,Bike,Shantinagar,Yelahanka,301.0,85.0,Not Applicable,Not Applicable,No,Not Applicable,420,Cash,40,3.4,3.7
2024-07-03 01:12:00,CNR6975291131,Canceled by Customer,CID954137,Prime Sedan,Electronic City,Rajarajeshwari Nagar,,,Driver is not moving towards pickup location,Not Applicable,Not Applicable,Not Applicable,395,Not Applicable,0,,
2024-07-08 01:55:00,CNR8755348715,Canceled by Customer,CID610784,Prime Sedan,RT Nagar,Rajarajeshwari Nagar,,,Driver asked to cancel,Not Applicable,Not Applicable,Not Applicable,293,Not Applicable,0,,
2024-07-23 13:02:00,CNR2979979764,Success,CID898222,eBike,Richmond Town,Magadi Road,217.0,75.0,Not Applicable,Not Applicable,No,Not Applicable,202,Cash,41,4.3,4.3
2024-07-19 23:57:00,CNR5312166355,Success,CID729788,Mini,HSR Layout,Ulsoor,168.0,25.0,Not Applicable,Not Applicable,No,Not Applicable,426,Cash,38,4.2,4.3
2024-07-27 17:29:00,CNR5149451931,Success,CID702123,Bike,Hennur,Rajarajeshwari Nagar,231.0,70.0,Not Applicable,Not Applicable,No,Not Applicable,410,Cash,7,4.9,4.6
2024-07-08 16:47:00,CNR2293622099,Success,CID744044,Bike,Rajarajeshwari Nagar,Hulimavu,217.0,125.0,Not Applicable,Not Applicable,No,Not Applicable,124,UPI,45,3.8,4.0
2024-07-07 04:45:00,CNR3309603104,Success,CID860177,Mini,Hebbal,Hosur Road,203.0,55.0,Not Applicable,Not Applicable,No,Not Applicable,682,Cash,45,4.9,3.1
2024-07-26 21:16:00,CNR1463127893,Success,CID678084,eBike,MG Road,Hennur,280.0,55.0,Not Applicable,Not Applicable,No,Not Applicable,299,UPI,27,3.8,3.6
2024-07-05 17:10:00,CNR5588197088,Success,CID804125,Prime Sedan,Shantinagar,Mysore Road,308.0,135.0,Not Applicable,Not Applicable,Yes,Customer Demand,453,Cash,37,3.9,4.4
2024-07-15 13:50:00,CNR9472712258,Success,CID998790,Auto,Padmanabhanagar,Varthur,133.0,60.0,Not Applicable,Not Applicable,No,Not Applicable,469,UPI,9,3.6,3.6
2024-07-13 22:32:00,CNR1712451620,Success,CID763277,Prime Plus,JP Nagar,Bellandur,35.0,40.0,Not Applicable,Not Applicable,No,Not Applicable,183,Credit Card,47,3.2,5.0
2024-07-22 06:06:00,CNR9751106530,Success,CID504108,Auto,Cox Town,Banashankari,210.0,145.0,Not Applicable,Not Applicable,No,Not Applicable,424,UPI,7,4.5,4.2
2024-07-17 11:55:00,CNR3155610652,Success,CID200745,Auto,Richmond Town,Marathahalli,98.0,45.0,Not Applicable,Not Applicable,No,Not Applicable,246,Cash,5,4.0,3.5
2024-07-10 19:56:00,CNR1817120901,Canceled by Driver,CID283881,Bike,HSR Layout,Marathahalli,,,Not Applicable,Personal & Car related issue,Not Applicable,Not Applicable,1545,Not Applicable,0,,
2024-07-07 13:51:00,CNR9968784496,Success,CID334669,Prime SUV,Kammanahalli,JP Nagar,168.0,50.0,Not Applicable,Not Applicable,No,Not Applicable,251,Cash,7,3.7,4.8
2024-07-15 22:55:00,CNR2155759859,Success,CID314124,Prime Sedan,Kammanahalli,Shivajinagar,182.0,45.0,Not Applicable,Not Applicable,No,Not Applicable,244,Cash,44,4.8,4.6
2024-07-15 12:30:00,CNR5808428985,Driver Not Found,CID448827,Mini,JP Nagar,Richmond Town,,,Not Applicable,Not Applicable,Not Applicable,Not Applicable,246,Not Applicable,0,,
2024-07-17 10:36:00,CNR7147864946,Driver Not Found,CID453336,Prime Plus,Ramamurthy Nagar,Hulimavu,,,Not Applicable,Not Applicable,Not Applicable,Not Applicable,861,Not Applicable,0,,
2024-07-19 03:15:00,CNR3802984910,Success,CID730111,Bike,Marathahalli,MG Road,196.0,50.0,Not Applicable,Not Applicable,No,Not Applicable,120,UPI,43,3.1,3.7
2024-07-03 11:05:00,CNR7323313895,Canceled by Driver,CID195574,Prime Sedan,BTM Layout,Ramamurthy Nagar,,,Not Applicable,Personal & Car related issue,Not Applicable,Not Applicable,149,Not Applicable,0,,
2024-07-11 07:40:00,CNR6740438191,Success,CID402047,Mini,Shivajinagar,Kadugodi,189.0,115.0,Not Applicable,Not Applicable,No,Not Applicable,632,Cash,30,5.0,4.4
2024-07-06 15:11:00,CNR7729245785,Canceled by Customer,CID258035,eBike,Hennur,Bellandur,,,Driver asked to cancel,Not Applicable,Not Applicable,Not Applicable,272,Not Applicable,0,,
2024-07-18 06:33:00,CNR6066658824,Success,CID560477,eBike,Banashankari,Hebbal,210.0,65.0,Not Applicable,Not Applicable,No,Not Applicable,486,Credit Card,21,4.9,4.4
2024-07-18 07:31:00,CNR2499488211,Success,CID164919,Prime Plus,Kammanahalli,Malleshwaram,35.0,50.0,Not Applicable,Not Applicable,No,Not Applicable,369,Cash,28,4.0,3.7
2024-07-28 23:00:00,CNR4344589384,Canceled by Driver,CID618525,Bike,Kammanahalli,Hennur,,,Not Applicable,Customer was coughing/sick,Not Applicable,Not Applicable,757,Not Applicable,0,,
2024-07-21 22:16:00,CNR5105541440,Canceled by Driver,CID332558,Prime Sedan,Basavanagudi,Tumkur Road,,,Not Applicable,More than permitted people in there,Not Applicable,Not Applicable,807,Not Applicable,0,,
2024-07-29 13:10:00,CNR8275140998,Canceled by Driver,CID277563,Auto,Bellandur,Chamarajpet,,,Not Applicable,More than permitted people in there,Not Applicable,Not Applicable,398,Not Applicable,0,,
2024-07-27 21:55:00,CNR9468669811,Driver Not Found,CID903113,Prime Plus,Hosur Road,Sahakar Nagar,,,Not Applicable,Not Applicable,Not Applicable,Not Applicable,230,Not Applicable,0,,
2024-07-02 01:16:00,CNR1048027835,Canceled by Customer,CID967204,eBike,Banashankari,Sarjapur Road,,,AC is Not working,Not Applicable,Not Applicable,Not Applicable,375,Not Applicable,0,,
2024-07-27 13:22:00,CNR9719302041,Canceled by Customer,CID232128,Auto,Indiranagar,Richmond Town,,,Driver asked to cancel,Not Applicable,Not Applicable,Not Applicable,270,Not Applicable,0,,
2024-07-14 16:03:00,CNR7189498997,Canceled by Driver,CID863363,Prime Plus,Bellandur,Bellandur,,,Not Applicable,More than permitted people in there,Not Applicable,Not Applicable,684,Not Applicable,0,,
2024-07-01 11:44:00,CNR8646253686,Success,CID959695,Prime Plus,HSR Layout,Majestic,238.0,115.0,Not Applicable,Not Applicable,Yes,Vehicle Breakdown,400,UPI,33,4.9,4.7
2024-07-16 22:16:00,CNR1086109061,Success,CID598013,Auto,Basavanagudi,Hulimavu,252.0,125.0,Not Applicable,Not Applicable,No,Not Applicable,652,Cash,7,3.5,4.7
2024-07-29 00:09:00,CNR2233981947,Success,CID719603,Prime Sedan,Marathahalli,KR Puram,42.0,130.0,Not Applicable,Not Applicable,No,Not Applicable,453,UPI,35,3.8,4.2
2024-07-01 01:43:00,CNR2525673410,Canceled by Customer,CID550473,Auto,Kengeri,Electronic City,,,Driver is not moving towards pickup location,Not Applicable,Not Applicable,Not Applicable,127,Not Applicable,0,,
2024-07-05 19:55:00,CNR6066058564,Success,CID615722,Prime Plus,Shantinagar,Shivajinagar,238.0,65.0,Not Applicable,Not Applicable,No,Not Applicable,481,Cash,16,3.9,3.6
2024-07-16 02:39:00,CNR5572181612,Canceled by Driver,CID326570,eBike,Tumkur Road,Chamarajpet,,,Not Applicable,More than permitted people in there,Not Applicable,Not Applicable,412,Not Applicable,0,,
2024-07-25 03:51:00,CNR7657769377,Success,CID719298,Auto,Magadi Road,Yeshwanthpur,126.0,40.0,Not Applicable,Not Applicable,No,Not Applicable,459,Cash,1,3.9,3.6
2024-07-19 18:39:00,CNR7117935953,Success,CID805182,Prime Plus,Bannerghatta Road,Vijayanagar,112.0,130.0,Not Applicable,Not Applicable,No,Not Applicable,154,UPI,49,3.3,4.5
2024-07-28 07:48:00,CNR4441586421,Canceled by Driver,CID387268,Prime Sedan,Vijayanagar,Varthur,,,Not Applicable,Customer was coughing/sick,Not Applicable,Not Applicable,2210,Not Applicable,0,,
2024-07-29 02:24:00,CNR6656113497,Canceled by Driver,CID109533,eBike,Bellandur,Shivajinagar,,,Not Applicable,Personal & Car related issue,Not Applicable,Not Applicable,2847,Not Applicable,0,,
2024-07-26 18:49:00,CNR2130187367,Success,CID835964,Prime Plus,Bannerghatta Road,Indiranagar,175.0,120.0,Not Applicable,Not Applicable,No,Not Applicable,114,UPI,1,4.6,3.5
2024-07-14 16:07:00,CNR7422038009,Success,CID938135,eBike,Richmond Town,Yelahanka,231.0,70.0,Not Applicable,Not Applicable,No,Not Applicable,953,Cash,17,5.0,4.8
2024-07-19 12:35:00,CNR6557382926,Canceled by Driver,CID512353,Mini,Ulsoor,Langford Town,,,Not Applicable,Customer was coughing/sick,Not Applicable,Not Applicable,952,Not Applicable,0,,
2024-07-24 04:54:00,CNR9303084402,Canceled by Customer,CID457030,Auto,Whitefield,Hebbal,,,AC is Not working,Not Applicable,Not Applicable,Not Applicable,499,Not Applicable,0,,
2024-07-16 21:51:00,CNR8384146730,Success,CID922121,Prime SUV,Cox Town,Peenya,56.0,80.0,Not Applicable,Not Applicable,No,Not Applicable,276,UPI,34,4.1,4.0
2024-07-10 06:32:00,CNR2484337459,Success,CID144996,Auto,Padmanabhanagar,Peenya,294.0,80.0,Not Applicable,Not Applicable,No,Not Applicable,1191,Cash,11,5.0,3.7
2024-07-10 07:53:00,CNR2430743961,Success,CID625745,Prime Sedan,Sahakar Nagar,Rajarajeshwari Nagar,231.0,75.0,Not Applicable,Not Applicable,Yes,Vehicle Breakdown,991,UPI,11,3.2,3.4
2024-07-16 03:47:00,CNR2089619779,Canceled by Driver,CID365082,eBike,JP Nagar,Kengeri,,,Not Applicable,Personal & Car related issue,Not Applicable,Not Applicable,300,Not Applicable,0,,
2024-07-23 15:41:00,CNR6266117189,Success,CID361010,eBike,JP Nagar,Rajarajeshwari Nagar,217.0,75.0,Not Applicable,Not Applicable,No,Not Applicable,712,UPI,29,3.8,3.7
2024-07-25 11:39:00,CNR3711803052,Success,CID981290,Bike,Frazer Town,Yeshwanthpur,35.0,50.0,Not Applicable,Not Applicable,No,Not Applicable,388,UPI,24,3.5,3.3
2024-07-28 18:37:00,CNR6745751523,Success,CID535601,Bike,Vijayanagar,Cox Town,245.0,135.0,Not Applicable,Not Applicable,No,Not Applicable,464,Cash,32,3.8,3.4
2024-07-10 10:22:00,CNR3269110664,Canceled by Driver,CID785461,Prime Plus,Bellandur,Bellandur,,,Not Applicable,More than permitted people in there,Not Applicable,Not Applicable,1396,Not Applicable,0,,
2024-07-11 01:28:00,CNR5575204477,Driver Not Found,CID467460,Prime Plus,Yeshwanthpur,Sahakar Nagar,,,Not Applicable,Not Applicable,Not Applicable,Not Applicable,409,Not Applicable,0,,
2024-07-05 00:45:00,CNR3859927790,Success,CID413929,Prime SUV,RT Nagar,Magadi Road,231.0,60.0,Not Applicable,Not Applicable,No,Not Applicable,2631,UPI,30,4.2,4.8
2024-07-24 18:47:00,CNR3818593739,Canceled by Customer,CID540674,Bike,Padmanabhanagar,Vijayanagar,,,Driver asked to cancel,Not Applicable,Not Applicable,Not Applicable,2632,Not Applicable,0,,
2024-07-12 21:43:00,CNR8873464492,Success,CID613317,Bike,KR Puram,Indiranagar,147.0,65.0,Not Applicable,Not Applicable,No,Not Applicable,171,UPI,11,4.0,4.7
2024-07-09 08:13:00,CNR9887311920,Canceled by Driver,CID135111,eBike,Kammanahalli,Kadugodi,,,Not Applicable,Customer was coughing/sick,Not Applicable,Not Applicable,984,Not Applicable,0,,
2024-07-29 19:01:00,CNR2662737004,Success,CID542753,Bike,Electronic City,Whitefield,126.0,115.0,Not Applicable,Not Applicable,No,Not Applicable,684,Cash,19,4.9,3.5
2024-07-19 21:56:00,CNR8774195382,Success,CID258782,eBike,Shivajinagar,Ramamurthy Nagar,238.0,30.0,Not Applicable,Not Applicable,Yes,Customer Demand,686,UPI,44,3.1,3.5
2024-07-02 22:34:00,CNR9495299507,Success,CID700488,Auto,Shivajinagar,Varthur,112.0,145.0,Not Applicable,Not Applicable,No,Not Applicable,480,Cash,12,3.6,4.7
2024-07-09 08:18:00,CNR7125489271,Canceled by Driver,CID785856,eBike,Sarjapur Road,RT Nagar,,,Not Applicable,Customer was coughing/sick,Not Applicable,Not Applicable,762,Not Applicable,0,,
2024-07-27 20:09:00,CNR2616682441,Driver Not Found,CID299752,Auto,Bellandur,KR Puram,,,Not Applicable,Not Applicable,Not Applicable,Not Applicable,432,Not Applicable,0,,
2024-07-03 01:59:00,CNR4799499167,Canceled by Customer,CID752249,Prime Plus,Hebbal,Peenya,,,Change of plans,Not Applicable,Not Applicable,Not Applicable,277,Not Applicable,0,,
2024-07-11 21:33:00,CNR4085502387,Success,CID796243,Prime Plus,Hulimavu,MG Road,168.0,70.0,Not Applicable,Not Applicable,No,Not Applicable,334,Cash,25,4.4,5.0
2024-07-10 20:50:00,CNR9419022782,Success,CID448295,Mini,Shivajinagar,Hosur Road,63.0,145.0,Not Applicable,Not Applicable,No,Not Applicable,1315,Cash,18,4.0,4.5
2024-07-15 16:11:00,CNR5198816193,Success,CID955496,Bike,Yelahanka,Jayanagar,217.0,60.0,Not Applicable,Not Applicable,No,Not Applicable,560,UPI,14,3.6,3.2
2024-07-24 19:46:00,CNR6927985206,Success,CID475219,Auto,Koramangala,Banashankari,35.0,30.0,Not Applicable,Not Applicable,No,Not Applicable,150,Cash,5,4.8,4.5
2024-07-30 12:27:00,CNR9245161264,Success,CID295885,eBike,Kengeri,Frazer Town,56.0,55.0,Not Applicable,Not Applicable,No,Not Applicable,151,Cash,41,4.9,4.2
2024-07-05 12:18:00,CNR3674012177,Success,CID892150,Prime Sedan,Shantinagar,Ramamurthy Nagar,84.0,85.0,Not Applicable,Not Applicable,Yes,Vehicle Breakdown,285,Cash,46,4.6,4.6
2024-07-10 04:18:00,CNR5723957502,Canceled by Driver,CID799993,Prime Plus,Hosur Road,Electronic City,,,Not Applicable,Customer related issue,Not Applicable,Not Applicable,117,Not Applicable,0,,
2024-07-29 01:29:00,CNR5667490262,Canceled by Driver,CID734384,Prime Sedan,Chickpet,Rajarajeshwari Nagar,,,Not Applicable,Personal & Car related issue,Not Applicable,Not Applicable,490,Not Applicable,0,,
2024-07-02 02:43:00,CNR9015588811,Success,CID700638,Prime SUV,Padmanabhanagar,Electronic City,161.0,140.0,Not Applicable,Not Applicable,No,Not Applicable,190,Cash,2,3.7,3.6
2024-07-04 12:22:00,CNR9622806968,Canceled by Driver,CID717698,eBike,Mysore Road,Vijayanagar,,,Not Applicable,Customer related issue,Not Applicable,Not Applicable,455,Not Applicable,0,,
2024-07-18 22:06:00,CNR1325978694,Success,CID389408,Prime Sedan,HSR Layout,RT Nagar,112.0,25.0,Not Applicable,Not Applicable,No,Not Applicable,334,Cash,39,4.7,4.7
2024-07-08 08:44:00,CNR4611285049,Canceled by Customer,CID373472,Prime Plus,Whitefield,Magadi Road,,,Change of plans,Not Applicable,Not Applicable,Not Applicable,1421,Not Applicable,0,,
2024-07-27 17:17:00,CNR5901317573,Driver Not Found,CID198840,eBike,Koramangala,Bannerghatta Road,,,Not Applicable,Not Applicable,Not Applicable,Not Applicable,157,Not Applicable,0,,
2024-07-30 04:32:00,CNR2726500582,Canceled by Driver,CID569877,Prime Sedan,Yeshwanthpur,Hebbal,,,Not Applicable,More than permitted people in there,Not Applicable,Not Applicable,2986,Not Applicable,0,,
2024-07-21 05:01:00,CNR2696938465,Success,CID663382,Auto,Magadi Road,Kadugodi,91.0,65.0,Not Applicable,Not Applicable,No,Not Applicable,327,Cash,12,3.3,4.0
2024-07-19 00:31:00,CNR7553226235,Success,CID223672,Auto,MG Road,Jayanagar,238.0,115.0,Not Applicable,Not Applicable,No,Not Applicable,393,UPI,14,3.6,3.4
2024-07-28 06:40:00,CNR9613987955,Success,CID440100,Mini,Hennur,Varthur,147.0,90.0,Not Applicable,Not Applicable,No,Not Applicable,359,Cash,21,4.5,3.9
2024-07-22 05:32:00,CNR8336439221,Success,CID483701,Prime Sedan,Chickpet,Devanahalli,182.0,40.0,Not Applicable,Not Applicable,No,Not Applicable,576,Cash,42,4.5,3.6
2024-07-11 15:01:00,CNR6389496146,Success,CID166500,Auto,Varthur,Ulsoor,196.0,55.0,Not Applicable,Not Applicable,No,Not Applicable,992,UPI,18,4.2,4.9
2024-07-11 02:39:00,CNR3940612104,Success,CID127697,Prime Plus,Malleshwaram,Langford Town,182.0,55.0,Not Applicable,Not Applicable,No,Not Applicable,380,Cash,34,4.0,4.3
2024-07-23 17:01:00,CNR7494404276,Success,CID787823,eBike,Yeshwanthpur,Malleshwaram,119.0,145.0,Not Applicable,Not Applicable,No,Not Applicable,425,UPI,38,3.9,4.1
2024-07-28 13:16:00,CNR8040197385,Driver Not Found,CID491778,Bike,Hulimavu,MG Road,,,Not Applicable,Not Applicable,Not Applicable,Not Applicable,388,Not Applicable,0,,
2024-07-17 15:50:00,CNR9757216385,Success,CID485859,Prime SUV,Langford Town,Jayanagar,35.0,75.0,Not Applicable,Not Applicable,No,Not Applicable,157,UPI,9,4.4,4.9
2024-07-12 20:49:00,CNR1753116398,Driver Not Found,CID418911,eBike,Mysore Road,Rajajinagar,,,Not Applicable,Not Applicable,Not Applicable,Not Applicable,318,Not Applicable,0,,
2024-07-06 21:08:00,CNR8241185393,Driver Not Found,CID149342,Prime SUV,Langford Town,Magadi Road,,,Not Applicable,Not Applicable,Not Applicable,Not Applicable,265,Not Applicable,0,,
2024-07-09 16:37:00,CNR8119193688,Success,CID547870,eBike,Padmanabhanagar,Majestic,196.0,70.0,Not Applicable,Not Applicable,No,Not Applicable,261,Cash,27,3.9,3.8
2024-07-14 21:24:00,CNR6769905932,Success,CID818483,Prime Sedan,Rajarajeshwari Nagar,Marathahalli,280.0,35.0,Not Applicable,Not Applicable,No,Not Applicable,445,UPI,47,4.7,4.7
2024-07-11 04:18:00,CNR4363346491,Success,CID853913,Auto,Varthur,Padmanabhanagar,147.0,140.0,Not Applicable,Not Applicable,No,Not Applicable,262,UPI,2,4.9,4.4
2024-07-08 00:16:00,CNR6814622299,Canceled by Driver,CID194780,Prime Plus,Malleshwaram,Chickpet,,,Not Applicable,Customer was coughing/sick,Not Applicable,Not Applicable,185,Not Applicable,0,,
2024-07-02 01:07:00,CNR1469108885,Success,CID754654,Mini,Koramangala,Yeshwanthpur,259.0,110.0,Not Applicable,Not Applicable,No,Not Applicable,337,Cash,31,3.4,4.7
2024-07-21 08:33:00,CNR9250667332,Canceled by Driver,CID599585,Prime SUV,Padmanabhanagar,Whitefield,,,Not Applicable,Customer related issue,Not Applicable,Not Applicable,102,Not Applicable,0,,
2024-07-04 06:10:00,CNR2946630983,Success,CID515707,Bike,Yelahanka,Jayanagar,189.0,85.0,Not Applicable,Not Applicable,No,Not Applicable,866,Cash,20,3.1,4.6
2024-07-20 05:02:00,CNR6337918477,Success,CID280862,eBike,Kengeri,KR Puram,252.0,95.0,Not Applicable,Not Applicable,No,Not Applicable,285,UPI,27,3.3,4.2
2024-07-16 05:39:00,CNR1016452243,Success,CID468159,Prime Sedan,Sahakar Nagar,Kadugodi,98.0,145.0,Not Applicable,Not Applicable,No,Not Applicable,862,UPI,28,4.5,3.5
2024-07-25 12:32:00,CNR1889505534,Success,CID278299,Prime SUV,Kengeri,Kadugodi,133.0,130.0,Not Applicable,Not Applicable,No,Not Applicable,580,Cash,18,3.8,4.6
2024-07-09 22:19:00,CNR7553547908,Driver Not Found,CID676792,Prime SUV,Langford Town,JP Nagar,,,Not Applicable,Not Applicable,Not Applicable,Not Applicable,652,Not Applicable,0,,
2024-07-11 08:06:00,CNR8768921044,Success,CID112038,Mini,Kadugodi,Devanahalli,308.0,55.0,Not Applicable,Not Applicable,No,Not Applicable,182,UPI,35,3.7,3.6
2024-07-26 08:30:00,CNR6271165423,Canceled by Driver,CID415350,Prime Sedan,Varthur,Electronic City,,,Not Applicable,Customer related issue,Not Applicable,Not Applicable,435,Not Applicable,0,,
2024-07-01 09:12:00,CNR5612501493,Success,CID513696,Prime Sedan,Hulimavu,Richmond Town,210.0,130.0,Not Applicable,Not Applicable,No,Not Applicable,127,Cash,38,3.1,3.6
2024-07-11 20:45:00,CNR3698415625,Success,CID777657,Auto,Mysore Road,Peenya,154.0,25.0,Not Applicable,Not Applicable,No,Not Applicable,220,UPI,11,3.5,4.3
2024-07-29 07:07:00,CNR1854018045,Driver Not Found,CID687218,Mini,MG Road,Kadugodi,,,Not Applicable,Not Applicable,Not Applicable,Not Applicable,101,Not Applicable,0,,
2024-07-11 13:52:00,CNR5247076609,Success,CID808997,Prime Plus,BTM Layout,Rajajinagar,175.0,145.0,Not Applicable,Not Applicable,No,Not Applicable,302,Cash,5,4.9,3.6
2024-07-10 13:38:00,CNR1399398671,Driver Not Found,CID166059,Bike,Hulimavu,KR Puram,,,Not Applicable,Not Applicable,Not Applicable,Not Applicable,249,Not Applicable,0,,
2024-07-04 17:12:00,CNR2278932890,Success,CID140041,Bike,Hosur Road,Kammanahalli,42.0,35.0,Not Applicable,Not Applicable,No,Not Applicable,357,UPI,35,3.8,4.9
2024-07-25 07:41:00,CNR5603461810,Success,CID507042,Prime SUV,Hebbal,BTM Layout,49.0,25.0,Not Applicable,Not Applicable,No,Not Applicable,1572,Cash,42,3.8,3.7
2024-07-17 13:10:00,CNR4195081310,Success,CID107282,Prime Sedan,Sarjapur Road,Kammanahalli,266.0,100.0,Not Applicable,Not Applicable,Yes,Customer Demand,225,UPI,47,3.6,3.4
2024-07-22 02:48:00,CNR3717978338,Success,CID310554,eBike,Hennur,BTM Layout,35.0,120.0,Not Applicable,Not Applicable,No,Not Applicable,315,Cash,24,3.6,3.6
2024-07-24 20:30:00,CNR6900486810,Success,CID489050,Mini,Bellandur,KR Puram,42.0,130.0,Not Applicable,Not Applicable,No,Not Applicable,127,Debit Card,45,3.4,5.0
2024-07-28 17:23:00,CNR3930659824,Success,CID651098,eBike,Sahakar Nagar,Sahakar Nagar,42.0,140.0,Not Applicable,Not Applicable,No,Not Applicable,178,Cash,38,3.4,3.1
2024-07-27 06:41:00,CNR8658507079,Success,CID846808,Auto,Kengeri,Yelahanka,301.0,45.0,Not Applicable,Not Applicable,No,Not Applicable,153,Cash,13,4.7,4.4
2024-07-17 06:42:00,CNR3581110013,Canceled by Driver,CID323526,Mini,Ulsoor,Jayanagar,,,Not Applicable,Customer was coughing/sick,Not Applicable,Not Applicable,2844,Not Applicable,0,,
2024-07-11 03:26:00,CNR6225605743,Canceled by Driver,CID380488,eBike,Chickpet,Jayanagar,,,Not Applicable,Customer related issue,Not Applicable,Not Applicable,566,Not Applicable,0,,
2024-07-17 18:41:00,CNR5813671136,Canceled by Driver,CID501527,Mini,MG Road,Bellandur,,,Not Applicable,Customer was coughing/sick,Not Applicable,Not Applicable,335,Not Applicable,0,,
2024-07-23 22:00:00,CNR1738885350,Success,CID422578,Prime Plus,Mysore Road,RT Nagar,266.0,60.0,Not Applicable,Not Applicable,No,Not Applicable,873,Cash,35,3.7,4.4
2024-07-11 00:04:00,CNR6673318730,Success,CID927847,Prime SUV,Bellandur,Indiranagar,217.0,75.0,Not Applicable,Not Applicable,No,Not Applicable,494,Cash,39,4.0,4.8
2024-07-05 12:34:00,CNR8219777866,Driver Not Found,CID134230,eBike,Kammanahalli,Basavanagudi,,,Not Applicable,Not Applicable,Not Applicable,Not Applicable,116,Not Applicable,0,,
2024-07-13 00:43:00,CNR5712406851,Driver Not Found,CID485575,Prime Plus,BTM Layout,Mysore Road,,,Not Applicable,Not Applicable,Not Applicable,Not Applicable,210,Not Applicable,0,,
2024-07-10 10:04:00,CNR9917376849,Success,CID772603,eBike,Peenya,Shantinagar,56.0,130.0,Not Applicable,Not Applicable,No,Not Applicable,426,Cash,20,3.7,4.4
2024-07-27 09:22:00,CNR3675142289,Canceled by Driver,CID423132,Mini,HSR Layout,Shantinagar,,,Not Applicable,Personal & Car related issue,Not Applicable,Not Applicable,484,Not Applicable,0,,
2024-07-14 11:04:00,CNR3729145484,Canceled by Customer,CID699522,Bike,Koramangala,Hulimavu,,,AC is Not working,Not Applicable,Not Applicable,Not Applicable,114,Not Applicable,0,,
2024-07-02 03:21:00,CNR1417422523,Success,CID137038,Prime Sedan,Shivajinagar,Whitefield,308.0,40.0,Not Applicable,Not Applicable,No,Not Applicable,445,UPI,5,4.1,3.1
2024-07-16 03:07:00,CNR2152339597,Success,CID159683,Auto,Langford Town,Hebbal,273.0,45.0,Not Applicable,Not Applicable,No,Not Applicable,493,Cash,17,3.5,3.7
2024-07-05 15:24:00,CNR8555231987,Success,CID150746,Auto,Koramangala,Indiranagar,224.0,145.0,Not Applicable,Not Applicable,No,Not Applicable,113,Cash,2,3.2,3.4
2024-07-13 06:03:00,CNR7193991218,Canceled by Driver,CID542060,Auto,Jayanagar,Frazer Town,,,Not Applicable,Customer related issue,Not Applicable,Not Applicable,370,Not Applicable,0,,
2024-07-18 22:13:00,CNR8523725894,Success,CID103163,eBike,Shivajinagar,Whitefield,77.0,90.0,Not Applicable,Not Applicable,No,Not Applicable,467,UPI,33,4.0,4.6
2024-07-22 16:23:00,CNR6766546412,Canceled by Driver,CID721910,Prime Plus,Sarjapur Road,Chickpet,,,Not Applicable,More than permitted people in there,Not Applicable,Not Applicable,114,Not Applicable,0,,
2024-07-16 14:39:00,CNR4204706067,Success,CID290617,Bike,Chickpet,RT Nagar,147.0,35.0,Not Applicable,Not Applicable,No,Not Applicable,304,Cash,18,3.6,4.5
2024-07-29 01:41:00,CNR2870568073,Success,CID142316,Mini,Ramamurthy Nagar,Kadugodi,56.0,25.0,Not Applicable,Not Applicable,No,Not Applicable,768,Cash,16,3.2,3.6
2024-07-13 21:15:00,CNR3778011496,Success,CID172652,Prime Plus,Electronic City,Chickpet,91.0,90.0,Not Applicable,Not Applicable,No,Not Applicable,107,Cash,14,3.7,3.9
2024-07-30 19:44:00,CNR9786742767,Success,CID919637,Bike,Ramamurthy Nagar,Kadugodi,168.0,135.0,Not Applicable,Not Applicable,No,Not Applicable,452,Cash,21,4.3,4.0
2024-07-17 05:46:00,CNR2980443760,Success,CID123686,Mini,Richmond Town,Frazer Town,133.0,60.0,Not Applicable,Not Applicable,No,Not Applicable,372,Cash,14,4.7,3.7
2024-07-04 08:13:00,CNR8354340399,Success,CID502526,Prime SUV,Mysore Road,Magadi Road,175.0,145.0,Not Applicable,Not Applicable,No,Not Applicable,185,UPI,18,3.3,4.9
2024-07-19 20:07:00,CNR4886480373,Success,CID902447,Prime Sedan,Electronic City,Shantinagar,147.0,145.0,Not Applicable,Not Applicable,No,Not Applicable,606,Cash,20,4.1,3.9
2024-07-29 15:49:00,CNR2143389679,Canceled by Customer,CID539304,Auto,Majestic,Yelahanka,,,AC is Not working,Not Applicable,Not Applicable,Not Applicable,481,Not Applicable,0,,
2024-07-13 06:59:00,CNR1569117849,Canceled by Customer,CID607548,eBike,Chamarajpet,Hulimavu,,,Driver is not moving towards pickup location,Not Applicable,Not Applicable,Not Applicable,920,Not Applicable,0,,
2024-07-22 13:30:00,CNR1006992715,Canceled by Driver,CID527549,Prime Plus,Vijayanagar,Kengeri,,,Not Applicable,Customer related issue,Not Applicable,Not Applicable,147,Not Applicable,0,,
2024-07-20 19:00:00,CNR1118982470,Success,CID262810,Mini,Malleshwaram,Sarjapur Road,91.0,45.0,Not Applicable,Not Applicable,No,Not Applicable,267,UPI,23,4.5,3.9
2024-07-02 16:19:00,CNR5262358156,Success,CID809179,Prime SUV,Koramangala,Yeshwanthpur,168.0,80.0,Not Applicable,Not Applicable,No,Not Applicable,989,Cash,29,4.6,4.4
2024-07-05 20:15:00,CNR5354030100,Success,CID883369,Bike,Malleshwaram,Hosur Road,266.0,140.0,Not Applicable,Not Applicable,No,Not Applicable,378,Cash,9,4.3,3.9
2024-07-21 10:03:00,CNR4268812179,Success,CID192767,Bike,Padmanabhanagar,Malleshwaram,161.0,30.0,Not Applicable,Not Applicable,No,Not Applicable,651,Cash,12,4.7,4.6
2024-07-29 22:40:00,CNR1172863986,Canceled by Customer,CID614861,Prime Sedan,Rajarajeshwari Nagar,Shivajinagar,,,Driver is not moving towards pickup location,Not Applicable,Not Applicable,Not Applicable,316,Not Applicable,0,,
2024-07-29 16:35:00,CNR6370316304,Canceled by Customer,CID741298,Auto,Yeshwanthpur,Indiranagar,,,Wrong Address,Not Applicable,Not Applicable,Not Applicable,277,Not Applicable,0,,
2024-07-12 16:30:00,CNR2453862993,Driver Not Found,CID639096,Prime Sedan,RT Nagar,Chamarajpet,,,Not Applicable,Not Applicable,Not Applicable,Not Applicable,589,Not Applicable,0,,
2024-07-19 00:09:00,CNR1445466871,Success,CID784087,eBike,Rajarajeshwari Nagar,Marathahalli,175.0,135.0,Not Applicable,Not Applicable,No,Not Applicable,318,UPI,8,4.1,3.0
2024-07-26 15:49:00,CNR2786263134,Success,CID338541,Prime Plus,Langford Town,Sahakar Nagar,231.0,35.0,Not Applicable,Not Applicable,No,Not Applicable,199,Cash,48,4.3,4.8
2024-07-20 18:18:00,CNR2772865512,Success,CID755002,Mini,Cox Town,Rajajinagar,35.0,125.0,Not Applicable,Not Applicable,No,Not Applicable,940,Cash,17,4.3,4.6
2024-07-02 01:10:00,CNR5136524883,Success,CID994120,Mini,Bannerghatta Road,Kammanahalli,301.0,115.0,Not Applicable,Not Applicable,No,Not Applicable,2422,Cash,17,3.7,4.0
2024-07-03 02:12:00,CNR3180561905,Canceled by Customer,CID552581,Prime Sedan,Hennur,Chickpet,,,Change of plans,Not Applicable,Not Applicable,Not Applicable,245,Not Applicable,0,,
2024-07-16 12:21:00,CNR4560098215,Canceled by Driver,CID399002,Prime Sedan,Rajarajeshwari Nagar,Chamarajpet,,,Not Applicable,Personal & Car related issue,Not Applicable,Not Applicable,143,Not Applicable,0,,
2024-07-15 05:02:00,CNR3178333117,Driver Not Found,CID823351,Prime SUV,Hebbal,JP Nagar,,,Not Applicable,Not Applicable,Not Applicable,Not Applicable,328,Not Applicable,0,,
2024-07-03 13:39:00,CNR4619374053,Success,CID598839,Auto,Indiranagar,Vijayanagar,231.0,50.0,Not Applicable,Not Applicable,No,Not Applicable,486,Cash,8,3.6,3.3
2024-07-15 01:49:00,CNR2111777584,Success,CID594318,Mini,MG Road,Mysore Road,210.0,75.0,Not Applicable,Not Applicable,No,Not Applicable,400,UPI,29,4.3,4.8
2024-07-09 02:04:00,CNR8500035025,Success,CID170848,eBike,Frazer Town,Rajajinagar,238.0,105.0,Not Applicable,Not Applicable,No,Not Applicable,385,UPI,6,4.7,4.1
2024-07-30 09:39:00,CNR8455299565,Canceled by Customer,CID562632,eBike,Mysore Road,Indiranagar,,,Driver is not moving towards pickup location,Not Applicable,Not Applicable,Not Applicable,353,Not Applicable,0,,
2024-07-23 14:48:00,CNR6959678757,Success,CID204397,Prime SUV,Tumkur Road,Shantinagar,56.0,90.0,Not Applicable,Not Applicable,No,Not Applicable,106,UPI,39,3.5,4.6
2024-07-14 02:47:00,CNR2986889723,Success,CID878508,Prime Sedan,Richmond Town,Frazer Town,280.0,60.0,Not Applicable,Not Applicable,No,Not Applicable,2963,UPI,10,4.6,3.6
2024-07-17 10:53:00,CNR5219420985,Success,CID380812,Prime SUV,Bannerghatta Road,Magadi Road,105.0,60.0,Not Applicable,Not Applicable,No,Not Applicable,445,UPI,23,4.5,4.1
2024-07-02 09:22:00,CNR5833454279,Success,CID863281,Prime SUV,BTM Layout,Sahakar Nagar,259.0,90.0,Not Applicable,Not Applicable,Yes,Vehicle Breakdown,397,Cash,24,3.6,4.0
2024-07-22 18:36:00,CNR3873368892,Success,CID132689,eBike,RT Nagar,Yeshwanthpur,133.0,85.0,Not Applicable,Not Applicable,No,Not Applicable,419,Cash,48,4.0,3.6
2024-07-17 10:06:00,CNR5658751362,Success,CID705984,Mini,Banashankari,Shantinagar,182.0,30.0,Not Applicable,Not Applicable,No,Not Applicable,430,Cash,6,3.8,4.5
2024-07-23 14:49:00,CNR1887004900,Canceled by Driver,CID734393,Prime Plus,Hosur Road,HSR Layout,,,Not Applicable,Customer related issue,Not Applicable,Not Applicable,270,Not Applicable,0,,
2024-07-24 20:56:00,CNR8817869644,Canceled by Customer,CID754439,Prime Sedan,Peenya,Yeshwanthpur,,,AC is Not working,Not Applicable,Not Applicable,Not Applicable,462,Not Applicable,0,,
2024-07-14 09:29:00,CNR8819269447,Canceled by Driver,CID384831,Prime SUV,Cox Town,Varthur,,,Not Applicable,Customer related issue,Not Applicable,Not Applicable,287,Not Applicable,0,,
2024-07-27 17:39:00,CNR7644623358,Success,CID313009,Bike,Ulsoor,Peenya,245.0,30.0,Not Applicable,Not Applicable,No,Not Applicable,233,Cash,42,4.4,4.0
2024-07-13 07:56:00,CNR1108810159,Canceled by Driver,CID289136,Prime Plus,Hennur,Koramangala,,,Not Applicable,Personal & Car related issue,Not Applicable,Not Applicable,316,Not Applicable,0,,
2024-07-11 00:11:00,CNR4733534715,Canceled by Customer,CID342116,eBike,RT Nagar,Basavanagudi,,,Driver is not moving towards pickup location,Not Applicable,Not Applicable,Not Applicable,2360,Not Applicable,0,,
2024-07-24 08:10:00,CNR8426886581,Success,CID151675,eBike,BTM Layout,Sahakar Nagar,105.0,25.0,Not Applicable,Not Applicable,No,Not Applicable,482,Cash,44,3.6,3.5
2024-07-28 13:05:00,CNR5705887225,Success,CID268931,Prime SUV,Sahakar Nagar,MG Road,49.0,105.0,Not Applicable,Not Applicable,No,Not Applicable,1985,Cash,44,4.5,4.9
2024-07-04 19:44:00,CNR7004442203,Canceled by Driver,CID949068,Mini,Nagarbhavi,Bannerghatta Road,,,Not Applicable,Customer related issue,Not Applicable,Not Applicable,243,Not Applicable,0,,
2024-07-14 16:46:00,CNR6619977515,Success,CID414867,Bike,Magadi Road,Jayanagar,238.0,105.0,Not Applicable,Not Applicable,No,Not Applicable,267,Cash,32,4.9,4.8
2024-07-05 13:19:00,CNR6645807500,Canceled by Driver,CID818849,eBike,Bannerghatta Road,Malleshwaram,,,Not Applicable,Customer related issue,Not Applicable,Not Applicable,426,Not Applicable,0,,
2024-07-08 02:25:00,CNR3512093615,Success,CID349321,Prime Sedan,Nagarbhavi,Majestic,42.0,45.0,Not Applicable,Not Applicable,No,Not Applicable,282,Cash,43,3.4,3.8
2024-07-20 15:28:00,CNR2112257560,Success,CID752163,eBike,Banashankari,Jayanagar,77.0,120.0,Not Applicable,Not Applicable,Yes,Vehicle Breakdown,315,Cash,48,3.3,3.6
2024-07-27 19:33:00,CNR9254654400,Canceled by Customer,CID755147,Prime Plus,Yelahanka,Vijayanagar,,,Change of plans,Not Applicable,Not Applicable,Not Applicable,288,Not Applicable,0,,
2024-07-03 11:27:00,CNR5063650648,Success,CID533655,Prime Sedan,Richmond Town,Banashankari,49.0,60.0,Not Applicable,Not Applicable,No,Not Applicable,2125,UPI,31,3.6,4.5
2024-07-11 18:21:00,CNR5049770916,Success,CID322529,Bike,Frazer Town,Langford Town,154.0,55.0,Not Applicable,Not Applicable,No,Not Applicable,143,UPI,14,4.6,4.0
2024-07-20 19:04:00,CNR7236554647,Canceled by Driver,CID304378,eBike,KR Puram,Nagarbhavi,,,Not Applicable,Customer was coughing/sick,Not Applicable,Not Applicable,1099,Not Applicable,0,,
2024-07-20 22:12:00,CNR2808598715,Driver Not Found,CID739623,Prime Sedan,Hulimavu,Mysore Road,,,Not Applicable,Not Applicable,Not Applicable,Not Applicable,298,Not Applicable,0,,
2024-07-14 00:58:00,CNR8837011474,Canceled by Driver,CID868470,Auto,Bannerghatta Road,Varthur,,,Not Applicable,More than permitted people in there,Not Applicable,Not Applicable,460,Not Applicable,0,,
2024-07-16 10:28:00,CNR3264785035,Success,CID941501,Prime Sedan,Kadugodi,Ramamurthy Nagar,98.0,145.0,Not Applicable,Not Applicable,No,Not Applicable,316,UPI,11,4.8,4.9
2024-07-24 13:02:00,CNR3290096134,Canceled by Customer,CID330100,Prime SUV,BTM Layout,Hosur Road,,,AC is Not working,Not Applicable,Not Applicable,Not Applicable,373,Not Applicable,0,,
2024-07-29 10:51:00,CNR4870697670,Success,CID559586,Auto,Rajarajeshwari Nagar,Kengeri,189.0,60.0,Not Applicable,Not Applicable,No,Not Applicable,2723,Cash,6,4.6,4.9
2024-07-17 07:53:00,CNR3450548439,Driver Not Found,CID933112,eBike,KR Puram,Jayanagar,,,Not Applicable,Not Applicable,Not Applicable,Not Applicable,256,Not Applicable,0,,
2024-07-01 12:40:00,CNR6412310763,Canceled by Driver,CID332607,eBike,Varthur,Rajarajeshwari Nagar,,,Not Applicable,Customer related issue,Not Applicable,Not Applicable,151,Not Applicable,0,,
2024-07-19 10:14:00,CNR4836022878,Canceled by Customer,CID433172,Prime SUV,Richmond Town,Richmond Town,,,AC is Not working,Not Applicable,Not Applicable,Not Applicable,710,Not Applicable,0,,
2024-07-20 01:39:00,CNR4646405896,Success,CID744322,Bike,JP Nagar,Kammanahalli,301.0,145.0,Not Applicable,Not Applicable,No,Not Applicable,287,UPI,49,4.9,3.5
2024-07-27 07:40:00,CNR2616509854,Success,CID347493,Auto,Rajarajeshwari Nagar,Bellandur,91.0,95.0,Not Applicable,Not Applicable,No,Not Applicable,110,Cash,19,3.5,4.1
2024-07-13 20:22:00,CNR1209789211,Canceled by Driver,CID268048,Prime SUV,Banashankari,Indiranagar,,,Not Applicable,Personal & Car related issue,Not Applicable,Not Applicable,496,Not Applicable,0,,
2024-07-18 19:24:00,CNR5339326978,Success,CID211128,Auto,Cox Town,Marathahalli,196.0,60.0,Not Applicable,Not Applicable,No,Not Applicable,460,Cash,10,3.2,4.7
2024-07-26 18:50:00,CNR6080220368,Canceled by Customer,CID613740,Mini,Rajarajeshwari Nagar,Majestic,,,Driver asked to cancel,Not Applicable,Not Applicable,Not Applicable,323,Not Applicable,0,,
2024-07-19 02:35:00,CNR8539284795,Success,CID252964,Prime Sedan,Yeshwanthpur,Banashankari,175.0,95.0,Not Applicable,Not Applicable,No,Not Applicable,403,Credit Card,23,3.8,3.5
2024-07-18 10:23:00,CNR8083052321,Canceled by Driver,CID955290,Prime Sedan,Koramangala,Padmanabhanagar,,,Not Applicable,Customer was coughing/sick,Not Applicable,Not Applicable,1237,Not Applicable,0,,
2024-07-21 11:33:00,CNR9199494885,Success,CID494717,Prime Plus,Kadugodi,Hulimavu,35.0,130.0,Not Applicable,Not Applicable,No,Not Applicable,683,UPI,15,4.1,3.8
2024-07-20 10:27:00,CNR6259032446,Canceled by Driver,CID206507,Prime Plus,Frazer Town,Yeshwanthpur,,,Not Applicable,Customer related issue,Not Applicable,Not Applicable,428,Not Applicable,0,,
2024-07-11 07:51:00,CNR1565796591,Success,CID527362,eBike,Peenya,HSR Layout,224.0,80.0,Not Applicable,Not Applicable,No,Not Applicable,213,Cash,17,4.3,4.7
2024-07-28 02:27:00,CNR4376961904,Canceled by Driver,CID165282,Prime Sedan,Richmond Town,Hulimavu,,,Not Applicable,Customer was coughing/sick,Not Applicable,Not Applicable,693,Not Applicable,0,,
2024-07-18 17:17:00,CNR7017364048,Canceled by Driver,CID697386,Mini,BTM Layout,Whitefield,,,Not Applicable,Personal & Car related issue,Not Applicable,Not Applicable,817,Not Applicable,0,,
2024-07-15 16:12:00,CNR9866817022,Canceled by Customer,CID620092,Auto,Langford Town,Varthur,,,Driver asked to cancel,Not Applicable,Not Applicable,Not Applicable,922,Not Applicable,0,,
2024-07-16 22:19:00,CNR7544423916,Success,CID893159,Bike,Rajajinagar,Chamarajpet,245.0,145.0,Not Applicable,Not Applicable,No,Not Applicable,376,UPI,42,4.8,4.2
2024-07-02 09:02:00,CNR8799472403,Success,CID840493,Auto,Langford Town,Kammanahalli,161.0,95.0,Not Applicable,Not Applicable,No,Not Applicable,368,Cash,1,4.5,4.7
2024-07-21 02:51:00,CNR3009682639,Success,CID509809,Prime Sedan,Rajarajeshwari Nagar,Koramangala,210.0,60.0,Not Applicable,Not Applicable,No,Not Applicable,469,UPI,32,4.5,4.5
2024-07-23 18:47:00,CNR2639052749,Success,CID894516,Prime Plus,Malleshwaram,MG Road,182.0,30.0,Not Applicable,Not Applicable,No,Not Applicable,156,Cash,25,4.6,4.2
2024-07-03 14:00:00,CNR7718950732,Canceled by Customer,CID500340,Prime SUV,Malleshwaram,Yelahanka,,,Wrong Address,Not Applicable,Not Applicable,Not Applicable,773,Not Applicable,0,,
2024-07-09 02:15:00,CNR9355458497,Success,CID377566,Auto,Sarjapur Road,Rajarajeshwari Nagar,140.0,65.0,Not Applicable,Not Applicable,No,Not Applicable,890,Cash,15,4.1,3.2
2024-07-07 22:04:00,CNR9167307845,Success,CID878072,Mini,Malleshwaram,Bannerghatta Road,224.0,30.0,Not Applicable,Not Applicable,No,Not Applicable,129,Cash,36,5.0,3.7
2024-07-25 08:17:00,CNR2276116261,Driver Not Found,CID229553,Auto,Kengeri,Sahakar Nagar,,,Not Applicable,Not Applicable,Not Applicable,Not Applicable,349,Not Applicable,0,,
2024-07-10 18:16:00,CNR7089579221,Canceled by Driver,CID855169,Prime Sedan,Shivajinagar,Whitefield,,,Not Applicable,Personal & Car related issue,Not Applicable,Not Applicable,1893,Not Applicable,0,,
2024-07-28 19:20:00,CNR5752192446,Canceled by Driver,CID210734,Prime Plus,Sarjapur Road,Peenya,,,Not Applicable,Personal & Car related issue,Not Applicable,Not Applicable,231,Not Applicable,0,,
2024-07-20 20:46:00,CNR9000878253,Canceled by Driver,CID959129,Auto,Frazer Town,JP Nagar,,,Not Applicable,Customer related issue,Not Applicable,Not Applicable,2798,Not Applicable,0,,
2024-07-20 16:22:00,CNR9828158333,Success,CID751215,Prime Sedan,Koramangala,Marathahalli,77.0,35.0,Not Applicable,Not Applicable,No,Not Applicable,269,Cash,16,4.0,4.5
2024-07-20 14:13:00,CNR5551680013,Canceled by Driver,CID156799,eBike,Jayanagar,JP Nagar,,,Not Applicable,Customer was coughing/sick,Not Applicable,Not Applicable,405,Not Applicable,0,,
2024-07-05 13:24:00,CNR5263734541,Success,CID697431,Bike,Majestic,Varthur,238.0,120.0,Not Applicable,Not Applicable,Yes,Customer Demand,259,Cash,16,3.2,4.4
2024-07-12 09:54:00,CNR5160530621,Success,CID485875,Prime SUV,Chickpet,Frazer Town,133.0,90.0,Not Applicable,Not Applicable,Yes,Customer Demand,898,UPI,24,3.2,4.9
2024-07-25 20:04:00,CNR1583430042,Success,CID360864,Bike,Basavanagudi,Mysore Road,126.0,30.0,Not Applicable,Not Applicable,No,Not Applicable,407,Credit Card,16,4.6,3.9
2024-07-10 03:31:00,CNR7695921404,Success,CID806708,Prime Plus,Rajajinagar,Varthur,287.0,25.0,Not Applicable,Not Applicable,No,Not Applicable,432,Cash,49,3.9,3.7
2024-07-30 22:44:00,CNR8724505501,Driver Not Found,CID110852,Prime SUV,Richmond Town,Hennur,,,Not Applicable,Not Applicable,Not Applicable,Not Applicable,328,Not Applicable,0,,
2024-07-06 20:17:00,CNR3973132141,Success,CID911910,Prime SUV,Cox Town,Cox Town,287.0,105.0,Not Applicable,Not Applicable,No,Not Applicable,417,Credit Card,46,4.0,3.4
2024-07-29 08:05:00,CNR4404647317,Success,CID521908,Bike,Chamarajpet,Yelahanka,266.0,35.0,Not Applicable,Not Applicable,No,Not Applicable,2433,Cash,7,3.0,3.4
2024-07-09 11:05:00,CNR8425545914,Canceled by Driver,CID289930,eBike,Magadi Road,Malleshwaram,,,Not Applicable,Personal & Car related issue,Not Applicable,Not Applicable,126,Not Applicable,0,,
2024-07-11 03:36:00,CNR9304892911,Success,CID715300,Prime Plus,Malleshwaram,RT Nagar,273.0,60.0,Not Applicable,Not Applicable,No,Not Applicable,163,Cash,7,4.7,3.6
2024-07-06 16:55:00,CNR4485757463,Canceled by Driver,CID922931,Mini,Cox Town,Electronic City,,,Not Applicable,Customer was coughing/sick,Not Applicable,Not Applicable,153,Not Applicable,0,,
2024-07-24 04:59:00,CNR8067906018,Canceled by Customer,CID576263,Prime Plus,Malleshwaram,Kammanahalli,,,Driver asked to cancel,Not Applicable,Not Applicable,Not Applicable,283,Not Applicable,0,,
2024-07-05 08:37:00,CNR6527226206,Driver Not Found,CID137564,Prime Plus,Hebbal,Vijayanagar,,,Not Applicable,Not Applicable,Not Applicable,Not Applicable,147,Not Applicable,0,,
2024-07-04 19:27:00,CNR5256492685,Canceled by Customer,CID128759,Mini,Jayanagar,Bellandur,,,Driver is not moving towards pickup location,Not Applicable,Not Applicable,Not Applicable,1713,Not Applicable,0,,
2024-07-07 16:29:00,CNR3228518642,Success,CID375794,eBike,Koramangala,Malleshwaram,231.0,80.0,Not Applicable,Not Applicable,No,Not Applicable,425,Cash,22,5.0,4.8
2024-07-20 16:30:00,CNR5025784238,Success,CID740298,Prime SUV,KR Puram,Sahakar Nagar,273.0,120.0,Not Applicable,Not Applicable,No,Not Applicable,192,UPI,23,4.9,3.2
2024-07-19 21:30:00,CNR6249974325,Success,CID459746,Bike,HSR Layout,Frazer Town,217.0,95.0,Not Applicable,Not Applicable,No,Not Applicable,373,UPI,38,3.4,4.4
2024-07-23 09:08:00,CNR6069642141,Success,CID803361,Mini,Yeshwanthpur,Koramangala,273.0,105.0,Not Applicable,Not Applicable,No,Not Applicable,297,Cash,37,4.5,3.9
2024-07-16 08:06:00,CNR6051401660,Success,CID115600,Prime Sedan,Vijayanagar,Hebbal,182.0,120.0,Not Applicable,Not Applicable,No,Not Applicable,434,Cash,8,3.2,4.9
2024-07-05 08:44:00,CNR7922951984,Canceled by Driver,CID841300,Auto,Malleshwaram,Devanahalli,,,Not Applicable,Personal & Car related issue,Not Applicable,Not Applicable,432,Not Applicable,0,,
2024-07-06 19:32:00,CNR1373443891,Driver Not Found,CID780104,Bike,Shivajinagar,Kammanahalli,,,Not Applicable,Not Applicable,Not Applicable,Not Applicable,320,Not Applicable,0,,
2024-07-16 10:56:00,CNR6162508978,Driver Not Found,CID594403,Prime SUV,Shivajinagar,Yelahanka,,,Not Applicable,Not Applicable,Not Applicable,Not Applicable,244,Not Applicable,0,,
2024-07-09 18:49:00,CNR6763786842,Driver Not Found,CID219125,Mini,Chickpet,KR Puram,,,Not Applicable,Not Applicable,Not Applicable,Not Applicable,696,Not Applicable,0,,
2024-07-20 08:56:00,CNR2475682037,Success,CID261798,Prime Sedan,Kengeri,Shivajinagar,77.0,75.0,Not Applicable,Not Applicable,No,Not Applicable,445,Cash,40,3.1,4.0
2024-07-24 06:31:00,CNR6884048839,Success,CID369569,Bike,Frazer Town,HSR Layout,266.0,95.0,Not Applicable,Not Applicable,No,Not Applicable,374,UPI,23,4.2,4.3
2024-07-13 22:34:00,CNR3379518422,Driver Not Found,CID712314,Mini,Hosur Road,Mysore Road,,,Not Applicable,Not Applicable,Not Applicable,Not Applicable,281,Not Applicable,0,,
2024-07-29 06:51:00,CNR8591765983,Success,CID796727,Auto,Electronic City,Richmond Town,154.0,50.0,Not Applicable,Not Applicable,No,Not Applicable,295,UPI,17,4.9,4.2
2024-07-26 08:42:00,CNR3441270833,Success,CID467430,Mini,HSR Layout,Bellandur,147.0,105.0,Not Applicable,Not Applicable,No,Not Applicable,809,Cash,44,3.5,4.1
2024-07-13 19:12:00,CNR2791412486,Success,CID849575,Mini,Shantinagar,Magadi Road,63.0,30.0,Not Applicable,Not Applicable,No,Not Applicable,798,Cash,34,4.3,3.3
2024-07-16 09:17:00,CNR7867879087,Canceled by Driver,CID974296,eBike,Tumkur Road,RT Nagar,,,Not Applicable,Customer related issue,Not Applicable,Not Applicable,186,Not Applicable,0,,
2024-07-14 21:53:00,CNR2571295312,Success,CID809169,Prime Plus,Vijayanagar,Mysore Road,77.0,50.0,Not Applicable,Not Applicable,No,Not Applicable,734,UPI,17,3.9,3.6
2024-07-08 10:40:00,CNR9131500554,Success,CID420222,eBike,Varthur,Hosur Road,35.0,105.0,Not Applicable,Not Applicable,No,Not Applicable,144,UPI,32,4.5,3.4
2024-07-18 19:40:00,CNR4493665786,Success,CID211028,Bike,Frazer Town,Rajajinagar,147.0,140.0,Not Applicable,Not Applicable,No,Not Applicable,728,UPI,6,3.6,3.0
2024-07-14 09:29:00,CNR8975001095,Success,CID541414,Bike,BTM Layout,Kadugodi,196.0,40.0,Not Applicable,Not Applicable,No,Not Applicable,347,Cash,39,3.0,3.9
2024-07-18 21:05:00,CNR4577182305,Canceled by Driver,CID928035,Prime SUV,Malleshwaram,Hosur Road,,,Not Applicable,Personal & Car related issue,Not Applicable,Not Applicable,461,Not Applicable,0,,
2024-07-03 14:00:00,CNR1095361022,Driver Not Found,CID125564,Prime SUV,Mysore Road,Nagarbhavi,,,Not Applicable,Not Applicable,Not Applicable,Not Applicable,250,Not Applicable,0,,
2024-07-01 12:59:00,CNR9977779567,Success,CID912765,eBike,Malleshwaram,Hebbal,161.0,30.0,Not Applicable,Not Applicable,No,Not Applicable,435,UPI,48,3.5,3.4
2024-07-04 22:27:00,CNR5800500944,Success,CID642631,Prime Sedan,JP Nagar,KR Puram,133.0,35.0,Not Applicable,Not Applicable,No,Not Applicable,1708,Cash,2,4.7,3.2
2024-07-27 20:25:00,CNR3855707268,Canceled by Driver,CID288246,Auto,HSR Layout,Padmanabhanagar,,,Not Applicable,Personal & Car related issue,Not Applicable,Not Applicable,388,Not Applicable,0,,
2024-07-03 12:49:00,CNR6371326927,Success,CID304258,Prime Sedan,Koramangala,MG Road,98.0,100.0,Not Applicable,Not Applicable,No,Not Applicable,170,UPI,7,3.8,3.1
2024-07-04 18:42:00,CNR4002355802,Canceled by Driver,CID591388,eBike,Frazer Town,Richmond Town,,,Not Applicable,Customer related issue,Not Applicable,Not Applicable,433,Not Applicable,0,,
2024-07-20 14:03:00,CNR4976260335,Success,CID286300,Auto,Tumkur Road,Ulsoor,210.0,30.0,Not Applicable,Not Applicable,No,Not Applicable,919,Cash,17,4.7,3.6
2024-07-28 18:17:00,CNR7617900464,Success,CID930503,Prime SUV,Vijayanagar,Vijayanagar,49.0,120.0,Not Applicable,Not Applicable,No,Not Applicable,138,UPI,44,3.2,3.5
2024-07-09 10:16:00,CNR1751989558,Success,CID433448,eBike,Magadi Road,Sahakar Nagar,84.0,80.0,Not Applicable,Not Applicable,No,Not Applicable,185,UPI,7,4.4,4.0
2024-07-12 06:31:00,CNR7868899473,Success,CID207902,Bike,Varthur,Bannerghatta Road,259.0,90.0,Not Applicable,Not Applicable,No,Not Applicable,945,Cash,44,3.2,4.9
2024-07-11 11:21:00,CNR8269626249,Success,CID306813,Prime SUV,Bellandur,BTM Layout,189.0,80.0,Not Applicable,Not Applicable,No,Not Applicable,986,UPI,17,4.8,4.5
2024-07-26 13:20:00,CNR4615175322,Success,CID184322,Prime Plus,Nagarbhavi,Varthur,259.0,65.0,Not Applicable,Not Applicable,Yes,Vehicle Breakdown,2577,UPI,22,3.6,4.2
2024-07-04 22:37:00,CNR4905244776,Success,CID767821,Prime Sedan,Richmond Town,MG Road,210.0,145.0,Not Applicable,Not Applicable,No,Not Applicable,363,UPI,3,4.3,3.3
2024-07-11 08:13:00,CNR4326526276,Success,CID198721,Mini,HSR Layout,Kammanahalli,259.0,25.0,Not Applicable,Not Applicable,No,Not Applicable,917,Cash,24,4.7,4.2
2024-07-17 17:54:00,CNR9995929825,Success,CID750982,Prime SUV,Peenya,Peenya,49.0,35.0,Not Applicable,Not Applicable,No,Not Applicable,730,Credit Card,47,4.0,3.8
2024-07-20 00:11:00,CNR8878796717,Canceled by Driver,CID357927,eBike,Varthur,Malleshwaram,,,Not Applicable,More than permitted people in there,Not Applicable,Not Applicable,397,Not Applicable,0,,
2024-07-28 13:09:00,CNR6012147904,Success,CID313965,eBike,Hennur,Nagarbhavi,280.0,70.0,Not Applicable,Not Applicable,No,Not Applicable,243,Cash,8,4.5,4.1
2024-07-05 14:35:00,CNR6433024279,Success,CID451640,Mini,Rajajinagar,Whitefield,266.0,70.0,Not Applicable,Not Applicable,No,Not Applicable,911,Cash,3,4.1,4.5
2024-07-30 23:26:00,CNR4106608968,Canceled by Customer,CID219538,eBike,Tumkur Road,Varthur,,,AC is Not working,Not Applicable,Not Applicable,Not Applicable,124,Not Applicable,0,,
2024-07-14 16:02:00,CNR2079621506,Success,CID182210,eBike,Kengeri,Hebbal,238.0,35.0,Not Applicable,Not Applicable,No,Not Applicable,275,Cash,15,4.7,3.8
2024-07-10 13:52:00,CNR8145811978,Driver Not Found,CID483617,Auto,Yelahanka,Kadugodi,,,Not Applicable,Not Applicable,Not Applicable,Not Applicable,432,Not Applicable,0,,
2024-07-23 18:46:00,CNR8150654513,Success,CID131654,Prime SUV,Sahakar Nagar,Electronic City,35.0,115.0,Not Applicable,Not Applicable,No,Not Applicable,285,Credit Card,27,4.7,4.9
2024-07-29 16:50:00,CNR4675047881,Canceled by Customer,CID727587,Prime Sedan,Peenya,Malleshwaram,,,Driver is not moving towards pickup location,Not Applicable,Not Applicable,Not Applicable,1793,Not Applicable,0,,
2024-07-09 09:53:00,CNR4923045430,Success,CID560769,Bike,MG Road,Hebbal,266.0,50.0,Not Applicable,Not Applicable,No,Not Applicable,482,Cash,4,3.5,4.1
2024-07-13 13:13:00,CNR5026146009,Success,CID978842,Auto,Rajajinagar,Cox Town,161.0,30.0,Not Applicable,Not Applicable,No,Not Applicable,2341,Cash,11,4.7,3.5
2024-07-16 18:43:00,CNR2830239531,Success,CID267933,eBike,Devanahalli,Padmanabhanagar,105.0,110.0,Not Applicable,Not Applicable,No,Not Applicable,637,UPI,32,4.7,4.2
2024-07-05 19:28:00,CNR5208842927,Success,CID838846,Auto,Tumkur Road,MG Road,245.0,100.0,Not Applicable,Not Applicable,No,Not Applicable,613,Cash,5,3.1,3.5
2024-07-06 03:22:00,CNR4076333777,Success,CID399425,Mini,Langford Town,Mysore Road,189.0,40.0,Not Applicable,Not Applicable,No,Not Applicable,433,UPI,40,3.2,4.7
2024-07-25 12:54:00,CNR1252200285,Success,CID861484,Prime Sedan,JP Nagar,Chamarajpet,105.0,85.0,Not Applicable,Not Applicable,No,Not Applicable,407,UPI,31,4.2,3.8
2024-07-08 18:01:00,CNR9204218765,Success,CID980503,Prime SUV,Jayanagar,Frazer Town,154.0,60.0,Not Applicable,Not Applicable,No,Not Applicable,716,Cash,20,4.1,3.2
2024-07-09 16:08:00,CNR5335994279,Canceled by Driver,CID639696,Prime Sedan,MG Road,RT Nagar,,,Not Applicable,More than permitted people in there,Not Applicable,Not Applicable,411,Not Applicable,0,,
2024-07-02 22:19:00,CNR6244053398,Success,CID505872,Bike,Richmond Town,Bellandur,70.0,120.0,Not Applicable,Not Applicable,Yes,Customer Demand,929,Cash,37,3.1,4.5
2024-07-13 20:06:00,CNR6590856318,Success,CID617254,Auto,Shivajinagar,Koramangala,126.0,90.0,Not Applicable,Not Applicable,No,Not Applicable,224,Credit Card,7,3.2,3.0
2024-07-22 02:18:00,CNR3656049712,Canceled by Driver,CID426320,Mini,Rajarajeshwari Nagar,RT Nagar,,,Not Applicable,Personal & Car related issue,Not Applicable,Not Applicable,247,Not Applicable,0,,
2024-07-03 11:10:00,CNR9328173338,Canceled by Driver,CID942019,Prime SUV,Devanahalli,Ulsoor,,,Not Applicable,More than permitted people in there,Not Applicable,Not Applicable,362,Not Applicable,0,,
2024-07-24 23:37:00,CNR7241656835,Success,CID733789,Prime Plus,Richmond Town,Varthur,98.0,110.0,Not Applicable,Not Applicable,No,Not Applicable,445,Cash,41,4.7,4.1
2024-07-01 16:18:00,CNR4103579942,Success,CID892029,Prime Plus,Nagarbhavi,Electronic City,217.0,70.0,Not Applicable,Not Applicable,No,Not Applicable,243,Cash,19,4.6,4.5
2024-07-26 02:17:00,CNR9225948215,Canceled by Driver,CID736084,Prime SUV,Indiranagar,MG Road,,,Not Applicable,More than permitted people in there,Not Applicable,Not Applicable,880,Not Applicable,0,,
2024-07-24 06:42:00,CNR4734564902,Canceled by Customer,CID561557,Prime SUV,Magadi Road,Hulimavu,,,Driver asked to cancel,Not Applicable,Not Applicable,Not Applicable,616,Not Applicable,0,,
2024-07-07 11:14:00,CNR1758933016,Success,CID568631,Prime SUV,RT Nagar,Bannerghatta Road,49.0,25.0,Not Applicable,Not Applicable,No,Not Applicable,2650,Cash,19,3.5,3.8
2024-07-21 06:59:00,CNR7261102284,Success,CID262090,Auto,Chamarajpet,HSR Layout,70.0,125.0,Not Applicable,Not Applicable,No,Not Applicable,1320,Cash,16,4.9,4.2
2024-07-06 19:42:00,CNR3789128770,Driver Not Found,CID186315,Bike,Hosur Road,Padmanabhanagar,,,Not Applicable,Not Applicable,Not Applicable,Not Applicable,160,Not Applicable,0,,
2024-07-25 01:41:00,CNR3242840011,Driver Not Found,CID793855,Prime Plus,Banashankari,Yelahanka,,,Not Applicable,Not Applicable,Not Applicable,Not Applicable,1716,Not Applicable,0,,
2024-07-05 22:36:00,CNR7280421203,Success,CID862109,Prime SUV,Indiranagar,Shivajinagar,42.0,110.0,Not Applicable,Not Applicable,No,Not Applicable,175,Credit Card,40,4.2,3.1
2024-07-28 06:51:00,CNR6511330597,Success,CID191601,Prime Sedan,Electronic City,KR Puram,161.0,90.0,Not Applicable,Not Applicable,No,Not Applicable,780,UPI,26,3.1,3.4
2024-07-01 06:19:00,CNR4781746247,Canceled by Customer,CID842136,eBike,Sahakar Nagar,Rajajinagar,,,Driver is not moving towards pickup location,Not Applicable,Not Applicable,Not Applicable,345,Not Applicable,0,,
2024-07-06 06:57:00,CNR9455664831,Canceled by Driver,CID244629,Prime Plus,Indiranagar,Magadi Road,,,Not Applicable,Customer was coughing/sick,Not Applicable,Not Applicable,498,Not Applicable,0,,
2024-07-22 01:37:00,CNR9086991973,Canceled by Driver,CID312053,Bike,Kadugodi,Kengeri,,,Not Applicable,Personal & Car related issue,Not Applicable,Not Applicable,181,Not Applicable,0,,
2024-07-24 02:04:00,CNR3309610222,Success,CID300318,Prime Plus,Frazer Town,Kammanahalli,35.0,25.0,Not Applicable,Not Applicable,No,Not Applicable,295,UPI,44,3.1,4.5
2024-07-09 04:34:00,CNR9320349600,Canceled by Customer,CID970315,Prime SUV,Kengeri,Bellandur,,,AC is Not working,Not Applicable,Not Applicable,Not Applicable,115,Not Applicable,0,,
2024-07-05 19:49:00,CNR8366117735,Success,CID802829,Auto,Ramamurthy Nagar,Hebbal,245.0,140.0,Not Applicable,Not Applicable,No,Not Applicable,173,Cash,6,4.3,3.2
2024-07-11 02:56:00,CNR1898339926,Success,CID324820,Prime Plus,Koramangala,Koramangala,301.0,40.0,Not Applicable,Not Applicable,No,Not Applicable,165,UPI,49,4.8,3.7
2024-07-24 06:03:00,CNR1668316069,Canceled by Driver,CID922289,eBike,Hosur Road,Banashankari,,,Not Applicable,More than permitted people in there,Not Applicable,Not Applicable,220,Not Applicable,0,,
2024-07-13 16:38:00,CNR2535005048,Canceled by Driver,CID330782,eBike,Varthur,Padmanabhanagar,,,Not Applicable,Personal & Car related issue,Not Applicable,Not Applicable,1569,Not Applicable,0,,
2024-07-15 02:44:00,CNR5387909502,Success,CID552019,Auto,Kammanahalli,Bellandur,308.0,90.0,Not Applicable,Not Applicable,No,Not Applicable,492,UPI,8,3.3,4.8
2024-07-02 20:08:00,CNR3843891763,Success,CID560636,Prime Sedan,Magadi Road,Koramangala,56.0,60.0,Not Applicable,Not Applicable,No,Not Applicable,334,Cash,46,4.3,4.8
2024-07-21 00:26:00,CNR1017639446,Canceled by Customer,CID756449,Prime SUV,Whitefield,Whitefield,,,Change of plans,Not Applicable,Not Applicable,Not Applicable,197,Not Applicable,0,,
2024-07-07 00:44:00,CNR5557200427,Success,CID438691,Prime SUV,Ulsoor,Hebbal,105.0,145.0,Not Applicable,Not Applicable,No,Not Applicable,334,UPI,28,4.5,4.6
2024-07-17 06:50:00,CNR2284860182,Canceled by Driver,CID141537,Bike,Sarjapur Road,Indiranagar,,,Not Applicable,Personal & Car related issue,Not Applicable,Not Applicable,442,Not Applicable,0,,
2024-07-21 21:43:00,CNR1974396969,Canceled by Customer,CID564325,Prime SUV,Ramamurthy Nagar,Basavanagudi,,,Driver asked to cancel,Not Applicable,Not Applicable,Not Applicable,430,Not Applicable,0,,
2024-07-21 02:26:00,CNR2597839973,Success,CID545075,Mini,Tumkur Road,Hulimavu,217.0,50.0,Not Applicable,Not Applicable,No,Not Applicable,255,Credit Card,31,3.3,4.5
2024-07-20 03:52:00,CNR7484025306,Success,CID808701,Bike,Richmond Town,Varthur,133.0,95.0,Not Applicable,Not Applicable,No,Not Applicable,469,UPI,19,4.4,4.7
2024-07-24 05:56:00,CNR7741160290,Canceled by Customer,CID863984,Bike,Frazer Town,Frazer Town,,,Driver asked to cancel,Not Applicable,Not Applicable,Not Applicable,1332,Not Applicable,0,,
2024-07-20 00:56:00,CNR6850267996,Driver Not Found,CID914180,Auto,Richmond Town,Shantinagar,,,Not Applicable,Not Applicable,Not Applicable,Not Applicable,475,Not Applicable,0,,
2024-07-18 23:29:00,CNR2661382589,Success,CID244304,eBike,Malleshwaram,Jayanagar,287.0,40.0,Not Applicable,Not Applicable,Yes,Customer Demand,146,Debit Card,11,4.2,4.1
2024-07-10 12:34:00,CNR4172581002,Canceled by Driver,CID100156,Prime Sedan,Vijayanagar,JP Nagar,,,Not Applicable,Customer related issue,Not Applicable,Not Applicable,340,Not Applicable,0,,
2024-07-14 14:56:00,CNR1897014540,Success,CID681705,Prime Sedan,Tumkur Road,Yeshwanthpur,56.0,90.0,Not Applicable,Not Applicable,No,Not Applicable,772,Cash,19,4.9,4.6
2024-07-23 20:18:00,CNR2697153728,Success,CID387418,Auto,Nagarbhavi,MG Road,273.0,125.0,Not Applicable,Not Applicable,Yes,Customer Demand,468,Cash,7,3.1,4.6
2024-07-25 18:14:00,CNR1499880684,Success,CID228014,Auto,Mysore Road,Rajarajeshwari Nagar,126.0,100.0,Not Applicable,Not Applicable,No,Not Applicable,265,Cash,17,3.4,3.8
2024-07-14 11:02:00,CNR6491527705,Success,CID450261,eBike,Frazer Town,Indiranagar,252.0,140.0,Not Applicable,Not Applicable,No,Not Applicable,875,Credit Card,6,4.0,4.5
2024-07-06 15:32:00,CNR7815820698,Success,CID462917,Prime Sedan,Hebbal,Frazer Town,259.0,55.0,Not Applicable,Not Applicable,No,Not Applicable,211,UPI,21,3.9,3.4
2024-07-08 18:07:00,CNR1642774094,Success,CID807059,Prime Sedan,Rajarajeshwari Nagar,Jayanagar,63.0,55.0,Not Applicable,Not Applicable,No,Not Applicable,462,UPI,49,3.1,3.9
2024-07-23 03:51:00,CNR4738355622,Success,CID905880,Prime Sedan,HSR Layout,Banashankari,308.0,65.0,Not Applicable,Not Applicable,No,Not Applicable,320,Cash,22,3.7,4.2
2024-07-19 18:22:00,CNR1828955553,Canceled by Customer,CID737743,Bike,Richmond Town,Hennur,,,Change of plans,Not Applicable,Not Applicable,Not Applicable,271,Not Applicable,0,,
2024-07-03 01:26:00,CNR2087047331,Success,CID220630,Prime Sedan,Shivajinagar,Kammanahalli,287.0,75.0,Not Applicable,Not Applicable,No,Not Applicable,276,UPI,19,4.7,3.9
2024-07-17 17:10:00,CNR4993547279,Canceled by Customer,CID723548,Prime SUV,Whitefield,Peenya,,,AC is Not working,Not Applicable,Not Applicable,Not Applicable,190,Not Applicable,0,,
2024-07-19 00:17:00,CNR6022957357,Success,CID188871,Prime SUV,Magadi Road,Ramamurthy Nagar,273.0,35.0,Not Applicable,Not Applicable,No,Not Applicable,234,Cash,13,3.7,3.9
2024-07-24 19:47:00,CNR7502266310,Success,CID308945,Prime Plus,Hennur,Yelahanka,245.0,40.0,Not Applicable,Not Applicable,No,Not Applicable,359,Cash,8,4.7,3.2
2024-07-27 21:17:00,CNR2943615249,Success,CID173072,Auto,KR Puram,Padmanabhanagar,56.0,120.0,Not Applicable,Not Applicable,No,Not Applicable,454,Cash,4,3.3,4.9
2024-07-07 19:25:00,CNR7379570656,Success,CID569678,Prime Sedan,Malleshwaram,Electronic City,175.0,130.0,Not Applicable,Not Applicable,No,Not Applicable,188,Cash,2,4.6,3.7
2024-07-07 04:35:00,CNR9603912465,Success,CID502150,Prime Plus,Padmanabhanagar,Electronic City,42.0,60.0,Not Applicable,Not Applicable,No,Not Applicable,219,Cash,23,3.1,4.3
2024-07-04 16:40:00,CNR4292834786,Canceled by Driver,CID810514,Mini,Mysore Road,MG Road,,,Not Applicable,Customer related issue,Not Applicable,Not Applicable,187,Not Applicable,0,,
2024-07-05 05:38:00,CNR4920311278,Driver Not Found,CID291388,Prime Sedan,JP Nagar,Chamarajpet,,,Not Applicable,Not Applicable,Not Applicable,Not Applicable,371,Not Applicable,0,,
2024-07-24 21:33:00,CNR4818833131,Success,CID779432,Mini,Nagarbhavi,RT Nagar,294.0,55.0,Not Applicable,Not Applicable,No,Not Applicable,248,Cash,47,3.5,4.5
2024-07-14 19:40:00,CNR7539635581,Success,CID222539,Prime Sedan,MG Road,Jayanagar,238.0,125.0,Not Applicable,Not Applicable,No,Not Applicable,382,Cash,28,3.1,4.1
2024-07-22 18:02:00,CNR2886487644,Success,CID699251,Auto,Kadugodi,Sarjapur Road,112.0,145.0,Not Applicable,Not Applicable,No,Not Applicable,176,UPI,9,3.7,3.3
2024-07-06 06:11:00,CNR2985086796,Success,CID424444,Prime SUV,HSR Layout,Vijayanagar,182.0,30.0,Not Applicable,Not Applicable,No,Not Applicable,182,UPI,29,3.8,3.1
2024-07-10 22:25:00,CNR4236905497,Success,CID746347,eBike,BTM Layout,Varthur,196.0,120.0,Not Applicable,Not Applicable,No,Not Applicable,600,Cash,29,4.1,3.7
2024-07-10 19:32:00,CNR1876443626,Canceled by Customer,CID794289,eBike,Yeshwanthpur,Peenya,,,Driver asked to cancel,Not Applicable,Not Applicable,Not Applicable,194,Not Applicable,0,,
2024-07-16 21:19:00,CNR7727762541,Success,CID714593,eBike,Langford Town,Sahakar Nagar,112.0,110.0,Not Applicable,Not Applicable,No,Not Applicable,383,Cash,7,4.9,3.4
2024-07-16 11:27:00,CNR2334097698,Success,CID626171,Mini,Indiranagar,Yelahanka,280.0,135.0,Not Applicable,Not Applicable,No,Not Applicable,210,Cash,30,4.0,4.3
2024-07-21 04:01:00,CNR3933705267,Success,CID187961,Auto,Kengeri,Sarjapur Road,168.0,135.0,Not Applicable,Not Applicable,No,Not Applicable,408,UPI,10,4.8,5.0
2024-07-03 16:57:00,CNR9247478183,Success,CID199989,Prime SUV,Devanahalli,Peenya,287.0,85.0,Not Applicable,Not Applicable,No,Not Applicable,226,UPI,27,3.7,4.4
2024-07-02 19:23:00,CNR7798106056,Success,CID408469,Bike,Vijayanagar,Shivajinagar,35.0,60.0,Not Applicable,Not Applicable,No,Not Applicable,212,Cash,42,4.6,5.0
2024-07-26 17:08:00,CNR8965090826,Success,CID220524,Bike,Shantinagar,Ramamurthy Nagar,126.0,70.0,Not Applicable,Not Applicable,No,Not Applicable,109,Cash,32,4.1,4.9
2024-07-15 12:02:00,CNR1289804105,Success,CID368925,Prime SUV,Majestic,Rajarajeshwari Nagar,287.0,95.0,Not Applicable,Not Applicable,No,Not Applicable,347,UPI,12,4.0,3.9
2024-07-07 21:26:00,CNR8734631982,Canceled by Driver,CID769435,Auto,BTM Layout,Frazer Town,,,Not Applicable,Customer related issue,Not Applicable,Not Applicable,478,Not Applicable,0,,
2024-07-21 11:40:00,CNR3498579407,Canceled by Driver,CID539500,Prime SUV,Devanahalli,Peenya,,,Not Applicable,Customer related issue,Not Applicable,Not Applicable,324,Not Applicable,0,,
2024-07-16 00:18:00,CNR2568647065,Canceled by Driver,CID721245,Bike,Hebbal,Langford Town,,,Not Applicable,Personal & Car related issue,Not Applicable,Not Applicable,618,Not Applicable,0,,
2024-07-02 16:03:00,CNR8303157807,Canceled by Driver,CID881368,eBike,Mysore Road,Kengeri,,,Not Applicable,Customer was coughing/sick,Not Applicable,Not Applicable,293,Not Applicable,0,,
2024-07-13 18:55:00,CNR2256134581,Success,CID701065,Bike,Varthur,Marathahalli,217.0,145.0,Not Applicable,Not Applicable,No,Not Applicable,134,Cash,46,4.9,4.0
2024-07-23 05:06:00,CNR4187792001,Success,CID649476,eBike,Bellandur,JP Nagar,98.0,110.0,Not Applicable,Not Applicable,No,Not Applicable,2536,Cash,13,3.8,4.8
2024-07-10 16:40:00,CNR3760267071,Success,CID889427,Prime SUV,Devanahalli,Yeshwanthpur,294.0,50.0,Not Applicable,Not Applicable,No,Not Applicable,301,Cash,21,3.6,4.3
2024-07-26 17:10:00,CNR4806169676,Success,CID321579,Prime Sedan,HSR Layout,Mysore Road,154.0,100.0,Not Applicable,Not Applicable,No,Not Applicable,325,Cash,38,3.6,3.4
2024-07-03 23:19:00,CNR3200596128,Canceled by Driver,CID507086,Prime Sedan,Sarjapur Road,Malleshwaram,,,Not Applicable,Customer was coughing/sick,Not Applicable,Not Applicable,114,Not Applicable,0,,
2024-07-30 01:50:00,CNR8448386554,Success,CID335725,Bike,KR Puram,MG Road,77.0,115.0,Not Applicable,Not Applicable,No,Not Applicable,520,Cash,12,4.4,4.0
2024-07-29 22:30:00,CNR7906526649,Success,CID993794,Prime Sedan,Peenya,Majestic,273.0,130.0,Not Applicable,Not Applicable,No,Not Applicable,273,UPI,37,3.9,4.9
2024-07-06 02:43:00,CNR5036931282,Success,CID661316,Mini,Padmanabhanagar,Koramangala,154.0,70.0,Not Applicable,Not Applicable,No,Not Applicable,854,UPI,31,4.5,4.7
2024-07-12 01:21:00,CNR4726837360,Canceled by Driver,CID403329,Mini,Jayanagar,Hennur,,,Not Applicable,Customer related issue,Not Applicable,Not Applicable,265,Not Applicable,0,,
2024-07-21 02:32:00,CNR9953691263,Success,CID776908,Mini,Yelahanka,Hennur,189.0,110.0,Not Applicable,Not Applicable,No,Not Applicable,109,Cash,39,4.3,3.5
2024-07-02 01:26:00,CNR4741196379,Canceled by Customer,CID910800,Prime Sedan,Frazer Town,Cox Town,,,AC is Not working,Not Applicable,Not Applicable,Not Applicable,438,Not Applicable,0,,
2024-07-24 22:00:00,CNR3343353309,Canceled by Customer,CID426816,Auto,Shantinagar,Nagarbhavi,,,Change of plans,Not Applicable,Not Applicable,Not Applicable,179,Not Applicable,0,,
2024-07-24 17:58:00,CNR4105520936,Canceled by Driver,CID359308,Prime SUV,Ramamurthy Nagar,Sahakar Nagar,,,Not Applicable,Customer was coughing/sick,Not Applicable,Not Applicable,526,Not Applicable,0,,
2024-07-24 09:16:00,CNR2360623003,Canceled by Customer,CID342076,Prime SUV,Magadi Road,HSR Layout,,,Wrong Address,Not Applicable,Not Applicable,Not Applicable,800,Not Applicable,0,,
2024-07-14 10:14:00,CNR8011709439,Driver Not Found,CID919474,Prime SUV,Sahakar Nagar,KR Puram,,,Not Applicable,Not Applicable,Not Applicable,Not Applicable,114,Not Applicable,0,,
2024-07-01 02:11:00,CNR4621788302,Canceled by Driver,CID378173,Prime Sedan,Hulimavu,Rajarajeshwari Nagar,,,Not Applicable,Customer related issue,Not Applicable,Not Applicable,438,Not Applicable,0,,
2024-07-03 04:22:00,CNR4021275213,Success,CID777797,Prime Plus,Padmanabhanagar,Varthur,70.0,140.0,Not Applicable,Not Applicable,No,Not Applicable,249,UPI,10,3.1,4.2
2024-07-17 10:51:00,CNR3017423976,Success,CID970182,Auto,Hosur Road,Indiranagar,168.0,25.0,Not Applicable,Not Applicable,No,Not Applicable,692,Cash,1,3.7,4.8
2024-07-02 15:15:00,CNR4847552193,Success,CID403261,eBike,Majestic,Yelahanka,147.0,130.0,Not Applicable,Not Applicable,No,Not Applicable,322,Cash,21,3.7,3.1
2024-07-30 19:50:00,CNR8619515071,Success,CID357506,Bike,Yeshwanthpur,Nagarbhavi,126.0,30.0,Not Applicable,Not Applicable,No,Not Applicable,448,Cash,25,3.5,3.2
2024-07-21 17:33:00,CNR6720401642,Success,CID279275,Prime Sedan,Cox Town,Malleshwaram,42.0,130.0,Not Applicable,Not Applicable,No,Not Applicable,185,UPI,12,3.9,4.5
2024-07-05 23:51:00,CNR3190384487,Canceled by Driver,CID178052,Auto,Hebbal,Mysore Road,,,Not Applicable,Personal & Car related issue,Not Applicable,Not Applicable,2212,Not Applicable,0,,
2024-07-02 16:12:00,CNR4217128127,Success,CID368254,eBike,Koramangala,MG Road,231.0,45.0,Not Applicable,Not Applicable,No,Not Applicable,850,UPI,10,3.9,3.6
2024-07-21 10:48:00,CNR6926205118,Success,CID649564,Prime Sedan,Jayanagar,Bannerghatta Road,77.0,75.0,Not Applicable,Not Applicable,No,Not Applicable,262,Cash,37,5.0,4.0
2024-07-28 02:42:00,CNR9204217428,Success,CID943009,Prime Sedan,Hulimavu,Yeshwanthpur,294.0,110.0,Not Applicable,Not Applicable,No,Not Applicable,216,Cash,6,4.8,3.4
2024-07-07 04:03:00,CNR7793746656,Canceled by Customer,CID189556,Prime Plus,Hennur,Sarjapur Road,,,Driver asked to cancel,Not Applicable,Not Applicable,Not Applicable,209,Not Applicable,0,,
2024-07-25 00:20:00,CNR7215445554,Canceled by Driver,CID972095,Bike,Chamarajpet,Jayanagar,,,Not Applicable,Customer was coughing/sick,Not Applicable,Not Applicable,299,Not Applicable,0,,
2024-07-04 17:53:00,CNR2560360124,Success,CID938313,Auto,Rajajinagar,Chickpet,63.0,110.0,Not Applicable,Not Applicable,No,Not Applicable,229,UPI,10,3.1,3.7
2024-07-15 15:25:00,CNR3829791592,Success,CID786874,Auto,RT Nagar,BTM Layout,287.0,125.0,Not Applicable,Not Applicable,No,Not Applicable,103,Cash,17,3.1,3.7
2024-07-08 15:38:00,CNR2509470239,Canceled by Driver,CID201573,Mini,Vijayanagar,Sarjapur Road,,,Not Applicable,Customer related issue,Not Applicable,Not Applicable,996,Not Applicable,0,,
2024-07-07 08:42:00,CNR2982555630,Canceled by Driver,CID559762,Auto,Tumkur Road,Hennur,,,Not Applicable,Customer related issue,Not Applicable,Not Applicable,582,Not Applicable,0,,
2024-07-03 13:50:00,CNR3000975702,Driver Not Found,CID896837,eBike,Kadugodi,Malleshwaram,,,Not Applicable,Not Applicable,Not Applicable,Not Applicable,293,Not Applicable,0,,
2024-07-02 15:59:00,CNR3078898929,Success,CID101418,eBike,Bellandur,Vijayanagar,280.0,110.0,Not Applicable,Not Applicable,No,Not Applicable,423,UPI,11,3.1,3.4
2024-07-03 17:08:00,CNR4375132262,Success,CID250798,eBike,Bannerghatta Road,Bellandur,63.0,100.0,Not Applicable,Not Applicable,No,Not Applicable,356,UPI,7,4.7,3.3
2024-07-05 18:41:00,CNR6089811901,Canceled by Driver,CID332884,eBike,Frazer Town,Cox Town,,,Not Applicable,Personal & Car related issue,Not Applicable,Not Applicable,314,Not Applicable,0,,
2024-07-24 07:00:00,CNR7625523878,Success,CID757728,Auto,Magadi Road,Ramamurthy Nagar,56.0,130.0,Not Applicable,Not Applicable,No,Not Applicable,131,Cash,10,3.1,4.2
2024-07-23 02:09:00,CNR7492230447,Success,CID558760,Bike,BTM Layout,Peenya,63.0,130.0,Not Applicable,Not Applicable,No,Not Applicable,301,Cash,46,4.0,5.0
2024-07-30 12:50:00,CNR5947427311,Success,CID869207,Bike,RT Nagar,Langford Town,217.0,40.0,Not Applicable,Not Applicable,No,Not Applicable,857,Cash,34,3.4,3.4
2024-07-20 20:51:00,CNR5694143056,Canceled by Customer,CID172514,Mini,Tumkur Road,JP Nagar,,,Driver asked to cancel,Not Applicable,Not Applicable,Not Applicable,164,Not Applicable,0,,
2024-07-17 07:48:00,CNR5179440006,Success,CID145431,eBike,Chamarajpet,KR Puram,105.0,50.0,Not Applicable,Not Applicable,No,Not Applicable,2144,UPI,43,3.3,3.9
2024-07-06 16:22:00,CNR9290637099,Success,CID408436,eBike,Yelahanka,Yelahanka,84.0,135.0,Not Applicable,Not Applicable,No,Not Applicable,392,UPI,40,4.6,3.1
2024-07-04 12:46:00,CNR7550925072,Success,CID815309,Prime SUV,RT Nagar,Varthur,301.0,110.0,Not Applicable,Not Applicable,No,Not Applicable,210,UPI,16,4.8,3.6
2024-07-28 12:50:00,CNR6725457815,Success,CID182492,Prime SUV,Tumkur Road,Yelahanka,91.0,90.0,Not Applicable,Not Applicable,No,Not Applicable,414,Cash,10,3.9,5.0
2024-07-10 03:54:00,CNR5451546841,Canceled by Driver,CID367210,Prime Sedan,Kammanahalli,Bannerghatta Road,,,Not Applicable,Customer related issue,Not Applicable,Not Applicable,383,Not Applicable,0,,
2024-07-27 05:32:00,CNR6191702807,Canceled by Driver,CID436188,Prime Plus,Vijayanagar,Cox Town,,,Not Applicable,Customer was coughing/sick,Not Applicable,Not Applicable,188,Not Applicable,0,,
2024-07-12 02:59:00,CNR3159805794,Canceled by Driver,CID385355,Auto,Hosur Road,Nagarbhavi,,,Not Applicable,Customer related issue,Not Applicable,Not Applicable,240,Not Applicable,0,,
2024-07-23 04:50:00,CNR9640304271,Success,CID916018,Prime Sedan,MG Road,Hebbal,182.0,105.0,Not Applicable,Not Applicable,No,Not Applicable,390,Cash,39,3.5,3.3
2024-07-05 12:51:00,CNR5152002143,Driver Not Found,CID331053,Mini,Vijayanagar,Rajajinagar,,,Not Applicable,Not Applicable,Not Applicable,Not Applicable,587,Not Applicable,0,,
2024-07-06 19:33:00,CNR2570840172,Success,CID752590,Prime Sedan,Magadi Road,Hosur Road,91.0,110.0,Not Applicable,Not Applicable,No,Not Applicable,266,Cash,48,3.8,3.3
2024-07-17 06:24:00,CNR9561069455,Success,CID800618,Bike,Richmond Town,Sarjapur Road,287.0,120.0,Not Applicable,Not Applicable,No,Not Applicable,462,UPI,42,4.9,4.4
2024-07-30 23:53:00,CNR5187150632,Success,CID618030,Prime Sedan,Marathahalli,Malleshwaram,273.0,110.0,Not Applicable,Not Applicable,No,Not Applicable,983,UPI,39,3.5,4.7
2024-07-12 15:01:00,CNR3172430951,Driver Not Found,CID417213,Prime Sedan,RT Nagar,Yeshwanthpur,,,Not Applicable,Not Applicable,Not Applicable,Not Applicable,194,Not Applicable,0,,
2024-07-16 07:16:00,CNR4227085838,Success,CID783505,Bike,BTM Layout,Hebbal,133.0,35.0,Not Applicable,Not Applicable,No,Not Applicable,186,Credit Card,20,3.6,4.3
2024-07-13 05:38:00,CNR7386724212,Success,CID893894,Prime Plus,Whitefield,MG Road,224.0,100.0,Not Applicable,Not Applicable,No,Not Applicable,509,Cash,44,5.0,3.3
2024-07-25 21:49:00,CNR4336846875,Success,CID816193,Mini,Langford Town,Banashankari,161.0,40.0,Not Applicable,Not Applicable,No,Not Applicable,453,Cash,2,3.6,4.8
2024-07-12 04:10:00,CNR2806768064,Driver Not Found,CID220724,Prime Plus,Ulsoor,Langford Town,,,Not Applicable,Not Applicable,Not Applicable,Not Applicable,468,Not Applicable,0,,
2024-07-09 13:21:00,CNR6783471684,Success,CID235025,eBike,Rajajinagar,Yeshwanthpur,175.0,110.0,Not Applicable,Not Applicable,No,Not Applicable,233,UPI,49,4.4,3.9
2024-07-03 15:23:00,CNR1422716656,Success,CID406479,Prime SUV,Tumkur Road,JP Nagar,98.0,135.0,Not Applicable,Not Applicable,No,Not Applicable,405,UPI,19,4.1,3.7
2024-07-08 18:33:00,CNR9399766042,Canceled by Driver,CID768563,Bike,Hennur,Rajajinagar,,,Not Applicable,Customer was coughing/sick,Not Applicable,Not Applicable,491,Not Applicable,0,,
2024-07-19 18:23:00,CNR2669028318,Success,CID565848,Auto,Indiranagar,Chamarajpet,77.0,90.0,Not Applicable,Not Applicable,No,Not Applicable,848,UPI,2,4.9,4.0
2024-07-13 06:42:00,CNR1725787666,Driver Not Found,CID181662,Bike,Kadugodi,Vijayanagar,,,Not Applicable,Not Applicable,Not Applicable,Not Applicable,897,Not Applicable,0,,
2024-07-21 17:21:00,CNR8446047723,Canceled by Customer,CID312071,Prime Sedan,Magadi Road,Kammanahalli,,,Driver is not moving towards pickup location,Not Applicable,Not Applicable,Not Applicable,441,Not Applicable,0,,
2024-07-25 21:18:00,CNR1720275337,Success,CID692323,Prime Plus,Richmond Town,JP Nagar,231.0,60.0,Not Applicable,Not Applicable,Yes,Vehicle Breakdown,998,UPI,31,4.3,4.6
2024-07-09 10:44:00,CNR3039784350,Success,CID728031,Bike,Electronic City,KR Puram,84.0,110.0,Not Applicable,Not Applicable,No,Not Applicable,485,UPI,31,4.1,3.7
2024-07-15 18:32:00,CNR9965807628,Success,CID863639,Mini,Rajarajeshwari Nagar,Kammanahalli,63.0,105.0,Not Applicable,Not Applicable,No,Not Applicable,420,UPI,43,4.7,3.6
2024-07-06 00:20:00,CNR3989015953,Canceled by Driver,CID840076,Prime SUV,Ulsoor,Rajajinagar,,,Not Applicable,Personal & Car related issue,Not Applicable,Not Applicable,760,Not Applicable,0,,
2024-07-23 03:14:00,CNR2900971331,Success,CID397678,Mini,Electronic City,Sarjapur Road,210.0,120.0,Not Applicable,Not Applicable,No,Not Applicable,710,UPI,8,4.4,4.5
2024-07-11 04:57:00,CNR2157559253,Success,CID486456,Mini,Kammanahalli,JP Nagar,56.0,40.0,Not Applicable,Not Applicable,No,Not Applicable,355,UPI,30,3.4,4.7
2024-07-20 19:48:00,CNR7257001369,Success,CID517269,Bike,Banashankari,Malleshwaram,182.0,50.0,Not Applicable,Not Applicable,No,Not Applicable,2335,Cash,45,3.1,3.2
2024-07-14 23:46:00,CNR5091927767,Canceled by Driver,CID215609,Prime SUV,Sahakar Nagar,Richmond Town,,,Not Applicable,Customer was coughing/sick,Not Applicable,Not Applicable,900,Not Applicable,0,,
2024-07-02 02:47:00,CNR3588180418,Canceled by Driver,CID606293,Mini,Yeshwanthpur,Shantinagar,,,Not Applicable,Personal & Car related issue,Not Applicable,Not Applicable,136,Not Applicable,0,,
2024-07-13 12:13:00,CNR5814684186,Success,CID519399,Auto,Banashankari,JP Nagar,259.0,60.0,Not Applicable,Not Applicable,No,Not Applicable,922,Debit Card,6,3.4,4.9
2024-07-01 16:10:00,CNR6169359427,Success,CID684094,Bike,Sarjapur Road,Kengeri,98.0,90.0,Not Applicable,Not Applicable,No,Not Applicable,689,UPI,19,4.5,4.8
2024-07-22 00:37:00,CNR2909439804,Driver Not Found,CID731111,Prime SUV,Ramamurthy Nagar,Padmanabhanagar,,,Not Applicable,Not Applicable,Not Applicable,Not Applicable,167,Not Applicable,0,,
2024-07-30 14:44:00,CNR7702760579,Canceled by Driver,CID898371,Prime Sedan,Sahakar Nagar,Majestic,,,Not Applicable,Personal & Car related issue,Not Applicable,Not Applicable,160,Not Applicable,0,,
2024-07-14 18:41:00,CNR2627277503,Success,CID278156,Prime Sedan,Marathahalli,BTM Layout,224.0,60.0,Not Applicable,Not Applicable,No,Not Applicable,234,Cash,33,4.6,3.9
2024-07-26 01:14:00,CNR1306903687,Canceled by Customer,CID267472,Prime Plus,MG Road,Varthur,,,AC is Not working,Not Applicable,Not Applicable,Not Applicable,800,Not Applicable,0,,
2024-07-05 19:44:00,CNR9251827145,Success,CID322430,Prime SUV,BTM Layout,Yelahanka,252.0,125.0,Not Applicable,Not Applicable,No,Not Applicable,309,Cash,39,3.2,3.1
2024-07-19 01:49:00,CNR9660992785,Success,CID563343,Mini,Koramangala,RT Nagar,245.0,80.0,Not Applicable,Not Applicable,No,Not Applicable,367,Cash,28,4.6,4.9
2024-07-08 03:26:00,CNR4152479930,Success,CID666121,Prime Plus,Devanahalli,Tumkur Road,308.0,40.0,Not Applicable,Not Applicable,No,Not Applicable,539,Cash,36,4.6,3.0
2024-07-15 09:44:00,CNR2481317415,Success,CID561726,Prime Plus,Frazer Town,Richmond Town,147.0,140.0,Not Applicable,Not Applicable,No,Not Applicable,488,Cash,42,3.1,4.5
2024-07-29 16:18:00,CNR9399259009,Success,CID413915,Prime SUV,Kengeri,Koramangala,98.0,115.0,Not Applicable,Not Applicable,No,Not Applicable,294,Cash,29,3.5,3.0
2024-07-11 13:48:00,CNR7703359268,Canceled by Customer,CID933686,Auto,Yelahanka,Marathahalli,,,Driver is not moving towards pickup location,Not Applicable,Not Applicable,Not Applicable,430,Not Applicable,0,,
2024-07-04 05:07:00,CNR4301991082,Driver Not Found,CID739669,Auto,Electronic City,Jayanagar,,,Not Applicable,Not Applicable,Not Applicable,Not Applicable,398,Not Applicable,0,,
2024-07-19 19:17:00,CNR5861520877,Success,CID294853,Bike,Rajajinagar,Bellandur,175.0,80.0,Not Applicable,Not Applicable,No,Not Applicable,381,UPI,36,4.6,3.5
2024-07-19 22:00:00,CNR8392900746,Success,CID343310,Prime Sedan,Mysore Road,Yelahanka,98.0,85.0,Not Applicable,Not Applicable,No,Not Applicable,367,Cash,25,4.7,3.7
2024-07-21 17:08:00,CNR5916699571,Success,CID362962,Prime Sedan,Jayanagar,Hennur,217.0,145.0,Not Applicable,Not Applicable,No,Not Applicable,236,Cash,32,3.0,3.7
2024-07-21 05:34:00,CNR5261292542,Driver Not Found,CID776916,eBike,Majestic,Hulimavu,,,Not Applicable,Not Applicable,Not Applicable,Not Applicable,171,Not Applicable,0,,
2024-07-21 21:54:00,CNR4294140209,Canceled by Driver,CID841419,Auto,Varthur,Rajajinagar,,,Not Applicable,Customer was coughing/sick,Not Applicable,Not Applicable,594,Not Applicable,0,,
2024-07-07 04:39:00,CNR2044649428,Success,CID771526,Prime Plus,Cox Town,Rajajinagar,273.0,90.0,Not Applicable,Not Applicable,No,Not Applicable,292,Cash,27,4.7,4.0
2024-07-19 20:20:00,CNR8706955540,Success,CID347320,eBike,Bellandur,Kadugodi,70.0,85.0,Not Applicable,Not Applicable,No,Not Applicable,406,UPI,34,3.7,4.0
2024-07-27 07:32:00,CNR4340411870,Canceled by Customer,CID926591,Prime Plus,Varthur,Nagarbhavi,,,Driver asked to cancel,Not Applicable,Not Applicable,Not Applicable,358,Not Applicable,0,,
2024-07-23 16:59:00,CNR4593240456,Success,CID175114,Prime Plus,Ramamurthy Nagar,Jayanagar,217.0,135.0,Not Applicable,Not Applicable,No,Not Applicable,203,Cash,33,4.0,3.1
2024-07-20 16:09:00,CNR4385941441,Success,CID425110,Mini,Mysore Road,Sarjapur Road,273.0,40.0,Not Applicable,Not Applicable,No,Not Applicable,557,UPI,35,3.1,4.6
2024-07-05 16:40:00,CNR4151951412,Success,CID207748,Auto,Richmond Town,Varthur,252.0,55.0,Not Applicable,Not Applicable,No,Not Applicable,647,Cash,18,4.7,3.1
2024-07-12 15:21:00,CNR8241593511,Canceled by Driver,CID264011,Prime Sedan,Cox Town,Bellandur,,,Not Applicable,Personal & Car related issue,Not Applicable,Not Applicable,573,Not Applicable,0,,
2024-07-26 22:52:00,CNR2159158095,Canceled by Driver,CID831230,Prime Sedan,Varthur,Hebbal,,,Not Applicable,More than permitted people in there,Not Applicable,Not Applicable,415,Not Applicable,0,,
2024-07-20 00:20:00,CNR3868685773,Success,CID799655,Auto,Hennur,Frazer Town,147.0,105.0,Not Applicable,Not Applicable,No,Not Applicable,524,Cash,2,4.8,4.2
2024-07-25 19:08:00,CNR1087176885,Success,CID295643,Prime SUV,Hulimavu,Kengeri,182.0,100.0,Not Applicable,Not Applicable,No,Not Applicable,107,UPI,49,4.7,4.9
2024-07-13 21:41:00,CNR3955920119,Success,CID992439,Auto,Chamarajpet,Ramamurthy Nagar,280.0,130.0,Not Applicable,Not Applicable,No,Not Applicable,493,UPI,18,3.9,3.1
2024-07-24 01:46:00,CNR7199190417,Driver Not Found,CID962269,Auto,Kammanahalli,Basavanagudi,,,Not Applicable,Not Applicable,Not Applicable,Not Applicable,312,Not Applicable,0,,
2024-07-27 10:59:00,CNR6247321368,Success,CID646777,Mini,Chamarajpet,Yelahanka,105.0,110.0,Not Applicable,Not Applicable,No,Not Applicable,240,Cash,32,3.7,4.0
2024-07-09 08:57:00,CNR7314628147,Success,CID172261,eBike,Nagarbhavi,Bannerghatta Road,70.0,55.0,Not Applicable,Not Applicable,No,Not Applicable,113,Cash,42,3.1,3.7
2024-07-08 20:54:00,CNR7776576555,Success,CID516991,Prime SUV,Jayanagar,Koramangala,56.0,85.0,Not Applicable,Not Applicable,No,Not Applicable,415,Cash,11,4.1,3.9
2024-07-19 12:45:00,CNR9165615861,Success,CID273339,Prime Sedan,Chamarajpet,Nagarbhavi,294.0,110.0,Not Applicable,Not Applicable,No,Not Applicable,100,Cash,44,3.2,3.6
2024-07-24 13:36:00,CNR1107642728,Success,CID327171,eBike,Tumkur Road,KR Puram,287.0,85.0,Not Applicable,Not Applicable,No,Not Applicable,565,UPI,37,3.1,3.4
2024-07-08 15:11:00,CNR7608725857,Success,CID823719,Auto,Chamarajpet,Chickpet,210.0,25.0,Not Applicable,Not Applicable,No,Not Applicable,112,UPI,19,3.5,3.2
2024-07-12 14:51:00,CNR6321654999,Success,CID854752,Prime Plus,Banashankari,Varthur,287.0,30.0,Not Applicable,Not Applicable,No,Not Applicable,2634,UPI,41,3.6,3.1
2024-07-02 04:26:00,CNR5191144124,Success,CID286525,Prime SUV,Indiranagar,Padmanabhanagar,238.0,30.0,Not Applicable,Not Applicable,No,Not Applicable,682,Cash,10,3.9,4.8
2024-07-30 00:27:00,CNR9050506416,Canceled by Customer,CID827664,eBike,Indiranagar,Hulimavu,,,Driver asked to cancel,Not Applicable,Not Applicable,Not Applicable,108,Not Applicable,0,,
2024-07-30 21:18:00,CNR8518726747,Success,CID998066,Prime Sedan,KR Puram,Electronic City,84.0,25.0,Not Applicable,Not Applicable,No,Not Applicable,691,UPI,12,4.3,3.3
2024-07-15 12:27:00,CNR7458288885,Driver Not Found,CID305430,Prime Sedan,Peenya,Nagarbhavi,,,Not Applicable,Not Applicable,Not Applicable,Not Applicable,704,Not Applicable,0,,
2024-07-08 07:22:00,CNR1303971376,Success,CID894120,Bike,Padmanabhanagar,Frazer Town,63.0,40.0,Not Applicable,Not Applicable,No,Not Applicable,128,Cash,20,4.3,3.3
2024-07-09 18:03:00,CNR6862275871,Canceled by Driver,CID539483,Bike,JP Nagar,Shantinagar,,,Not Applicable,Customer was coughing/sick,Not Applicable,Not Applicable,548,Not Applicable,0,,
2024-07-12 05:08:00,CNR2322255191,Canceled by Driver,CID151106,Auto,Frazer Town,Jayanagar,,,Not Applicable,Personal & Car related issue,Not Applicable,Not Applicable,624,Not Applicable,0,,
2024-07-10 10:26:00,CNR9244599437,Success,CID758186,Bike,Rajarajeshwari Nagar,Ulsoor,308.0,55.0,Not Applicable,Not Applicable,No,Not Applicable,341,Credit Card,42,3.3,5.0
2024-07-30 05:29:00,CNR1047919521,Driver Not Found,CID278794,Bike,Richmond Town,JP Nagar,,,Not Applicable,Not Applicable,Not Applicable,Not Applicable,376,Not Applicable,0,,
2024-07-05 13:07:00,CNR6304385129,Success,CID493976,Prime Plus,Majestic,Sarjapur Road,98.0,120.0,Not Applicable,Not Applicable,No,Not Applicable,268,Cash,34,4.3,4.3
2024-07-02 02:38:00,CNR1912063856,Canceled by Customer,CID625613,Auto,Koramangala,Varthur,,,Driver asked to cancel,Not Applicable,Not Applicable,Not Applicable,755,Not Applicable,0,,
2024-07-05 21:50:00,CNR6706056081,Success,CID766240,eBike,Ulsoor,RT Nagar,168.0,85.0,Not Applicable,Not Applicable,No,Not Applicable,222,UPI,16,4.8,4.1
2024-07-20 16:03:00,CNR9956858720,Success,CID577915,Bike,Hosur Road,Langford Town,308.0,120.0,Not Applicable,Not Applicable,No,Not Applicable,427,UPI,47,4.4,5.0
2024-07-22 09:54:00,CNR3868072448,Success,CID632026,Auto,Kadugodi,MG Road,252.0,100.0,Not Applicable,Not Applicable,No,Not Applicable,507,Cash,3,3.4,3.1
2024-07-09 12:33:00,CNR8749628439,Success,CID317650,Mini,HSR Layout,Varthur,245.0,105.0,Not Applicable,Not Applicable,Yes,Vehicle Breakdown,265,Cash,33,3.5,4.0
2024-07-17 00:55:00,CNR7331841836,Success,CID433106,Auto,Mysore Road,Rajarajeshwari Nagar,175.0,130.0,Not Applicable,Not Applicable,No,Not Applicable,788,UPI,9,3.1,4.7
2024-07-16 13:07:00,CNR3218419640,Success,CID982451,Bike,Nagarbhavi,Hosur Road,42.0,80.0,Not Applicable,Not Applicable,No,Not Applicable,253,Cash,37,3.6,4.3
2024-07-05 17:58:00,CNR6445417568,Driver Not Found,CID320602,Auto,Sahakar Nagar,Shivajinagar,,,Not Applicable,Not Applicable,Not Applicable,Not Applicable,210,Not Applicable,0,,
2024-07-25 06:32:00,CNR1278271523,Success,CID486239,Prime Sedan,Sahakar Nagar,Kengeri,287.0,85.0,Not Applicable,Not Applicable,No,Not Applicable,128,UPI,39,3.8,3.9
2024-07-11 06:27:00,CNR9472865230,Canceled by Driver,CID141993,Mini,Cox Town,Rajarajeshwari Nagar,,,Not Applicable,Customer related issue,Not Applicable,Not Applicable,452,Not Applicable,0,,
2024-07-27 11:44:00,CNR3786599555,Canceled by Driver,CID944385,Bike,Electronic City,Banashankari,,,Not Applicable,More than permitted people in there,Not Applicable,Not Applicable,206,Not Applicable,0,,
2024-07-19 04:09:00,CNR3207060614,Success,CID241533,Bike,Koramangala,RT Nagar,105.0,25.0,Not Applicable,Not Applicable,No,Not Applicable,1787,Cash,45,3.2,3.7
2024-07-11 12:12:00,CNR2261927614,Success,CID701727,Prime Sedan,Yeshwanthpur,Frazer Town,231.0,105.0,Not Applicable,Not Applicable,No,Not Applicable,673,Cash,28,4.8,3.6
2024-07-25 15:20:00,CNR6767735560,Success,CID890855,Mini,Marathahalli,Devanahalli,154.0,140.0,Not Applicable,Not Applicable,No,Not Applicable,466,Cash,30,3.2,4.3
2024-07-06 01:52:00,CNR2188052570,Success,CID879520,Prime SUV,Vijayanagar,Yelahanka,105.0,85.0,Not Applicable,Not Applicable,No,Not Applicable,978,Cash,48,4.2,4.2
2024-07-15 23:46:00,CNR5115440624,Canceled by Driver,CID380387,eBike,Bellandur,Mysore Road,,,Not Applicable,More than permitted people in there,Not Applicable,Not Applicable,386,Not Applicable,0,,
2024-07-04 03:38:00,CNR7590468529,Success,CID676495,eBike,Electronic City,Mysore Road,119.0,135.0,Not Applicable,Not Applicable,No,Not Applicable,468,UPI,38,5.0,3.1
2024-07-28 23:05:00,CNR9797932748,Success,CID202106,eBike,Kadugodi,Tumkur Road,112.0,35.0,Not Applicable,Not Applicable,No,Not Applicable,353,UPI,8,3.2,3.9
2024-07-15 09:14:00,CNR7826875267,Success,CID595427,Mini,Richmond Town,KR Puram,133.0,100.0,Not Applicable,Not Applicable,No,Not Applicable,151,Cash,10,4.8,4.0
2024-07-18 04:39:00,CNR5162606372,Success,CID404914,Auto,Hebbal,JP Nagar,175.0,55.0,Not Applicable,Not Applicable,No,Not Applicable,324,Cash,7,4.9,4.5
2024-07-24 15:21:00,CNR1824314915,Success,CID189551,Auto,Vijayanagar,JP Nagar,308.0,145.0,Not Applicable,Not Applicable,No,Not Applicable,401,Cash,15,4.7,3.9
2024-07-04 03:41:00,CNR1972057631,Driver Not Found,CID388339,Prime Sedan,Sahakar Nagar,Hennur,,,Not Applicable,Not Applicable,Not Applicable,Not Applicable,165,Not Applicable,0,,
2024-07-18 01:11:00,CNR6582119842,Success,CID632763,Prime Plus,Chamarajpet,RT Nagar,112.0,75.0,Not Applicable,Not Applicable,No,Not Applicable,362,Cash,27,4.5,4.7
2024-07-08 20:19:00,CNR5077682651,Driver Not Found,CID307843,Mini,Jayanagar,Yeshwanthpur,,,Not Applicable,Not Applicable,Not Applicable,Not Applicable,679,Not Applicable,0,,
2024-07-13 12:39:00,CNR5729006161,Canceled by Driver,CID960164,Mini,Chickpet,Hennur,,,Not Applicable,Customer related issue,Not Applicable,Not Applicable,147,Not Applicable,0,,
2024-07-15 04:52:00,CNR9976982830,Driver Not Found,CID872114,Bike,HSR Layout,Chickpet,,,Not Applicable,Not Applicable,Not Applicable,Not Applicable,329,Not Applicable,0,,
2024-07-26 15:24:00,CNR8655943955,Success,CID881324,Prime SUV,Banashankari,Indiranagar,84.0,50.0,Not Applicable,Not Applicable,No,Not Applicable,368,Cash,3,4.7,4.2
2024-07-26 02:43:00,CNR7837754360,Success,CID727198,Auto,Richmond Town,Tumkur Road,119.0,110.0,Not Applicable,Not Applicable,No,Not Applicable,825,UPI,9,4.3,4.9
2024-07-01 05:35:00,CNR2586347976,Success,CID547372,Prime SUV,Hulimavu,Sarjapur Road,77.0,100.0,Not Applicable,Not Applicable,No,Not Applicable,458,UPI,45,4.4,4.9
2024-07-07 22:33:00,CNR5730843337,Success,CID504077,Prime Sedan,Vijayanagar,Peenya,203.0,120.0,Not Applicable,Not Applicable,No,Not Applicable,196,UPI,45,4.5,4.8
2024-07-01 01:36:00,CNR7490601470,Success,CID736287,Prime Plus,Ulsoor,Jayanagar,203.0,85.0,Not Applicable,Not Applicable,No,Not Applicable,406,UPI,14,4.4,3.4
2024-07-15 02:04:00,CNR5423207143,Success,CID679234,Auto,Indiranagar,RT Nagar,196.0,145.0,Not Applicable,Not Applicable,No,Not Applicable,558,UPI,2,3.0,4.7
2024-07-26 11:52:00,CNR2159760426,Success,CID352291,Prime Plus,Cox Town,RT Nagar,196.0,55.0,Not Applicable,Not Applicable,No,Not Applicable,162,UPI,36,3.7,3.4
2024-07-04 02:28:00,CNR3091058148,Success,CID761285,Prime SUV,Sarjapur Road,Frazer Town,245.0,135.0,Not Applicable,Not Applicable,No,Not Applicable,322,UPI,24,4.5,3.6
2024-07-07 01:37:00,CNR5312401597,Success,CID426374,eBike,Ulsoor,Kammanahalli,84.0,70.0,Not Applicable,Not Applicable,No,Not Applicable,179,Cash,1,3.3,3.2
2024-07-03 15:15:00,CNR8939880604,Success,CID577669,Auto,Yelahanka,MG Road,140.0,140.0,Not Applicable,Not Applicable,No,Not Applicable,222,Cash,14,3.7,3.1
2024-07-01 18:42:00,CNR6650744125,Driver Not Found,CID999681,Prime Plus,Hosur Road,Magadi Road,,,Not Applicable,Not Applicable,Not Applicable,Not Applicable,628,Not Applicable,0,,
2024-07-24 20:23:00,CNR2304568227,Success,CID928476,Auto,Chickpet,Koramangala,70.0,55.0,Not Applicable,Not Applicable,No,Not Applicable,157,UPI,4,4.9,4.8
2024-07-01 13:26:00,CNR8857964572,Success,CID962999,Prime Plus,Hulimavu,Varthur,287.0,115.0,Not Applicable,Not Applicable,Yes,Vehicle Breakdown,367,UPI,36,3.7,4.7
2024-07-19 19:22:00,CNR8902856608,Canceled by Driver,CID229688,Prime Sedan,Langford Town,Yeshwanthpur,,,Not Applicable,Customer related issue,Not Applicable,Not Applicable,2391,Not Applicable,0,,
2024-07-20 05:15:00,CNR4691839985,Success,CID416103,Prime Plus,Yeshwanthpur,Whitefield,119.0,55.0,Not Applicable,Not Applicable,No,Not Applicable,568,Cash,19,4.4,3.5
2024-07-15 19:31:00,CNR5933103338,Success,CID844703,Prime Sedan,Magadi Road,Bellandur,301.0,85.0,Not Applicable,Not Applicable,No,Not Applicable,418,Cash,44,4.7,3.3
2024-07-10 14:44:00,CNR9311469168,Success,CID820876,Auto,Richmond Town,Electronic City,259.0,75.0,Not Applicable,Not Applicable,Yes,Vehicle Breakdown,230,Cash,19,3.9,4.2
2024-07-06 02:23:00,CNR7924254447,Success,CID646654,Bike,Rajajinagar,Kengeri,168.0,30.0,Not Applicable,Not Applicable,No,Not Applicable,312,UPI,35,3.9,3.8
2024-07-12 03:18:00,CNR7404549545,Success,CID144938,Bike,Shivajinagar,RT Nagar,245.0,45.0,Not Applicable,Not Applicable,No,Not Applicable,120,Cash,24,3.9,3.7
2024-07-16 02:54:00,CNR6882503207,Success,CID379409,Prime SUV,JP Nagar,Rajajinagar,280.0,85.0,Not Applicable,Not Applicable,No,Not Applicable,291,UPI,5,4.5,4.4
2024-07-04 10:34:00,CNR9194327324,Driver Not Found,CID229863,Prime SUV,Frazer Town,Mysore Road,,,Not Applicable,Not Applicable,Not Applicable,Not Applicable,338,Not Applicable,0,,
2024-07-15 19:41:00,CNR9273472498,Success,CID903738,Prime Sedan,Yelahanka,Koramangala,266.0,130.0,Not Applicable,Not Applicable,No,Not Applicable,539,UPI,32,4.6,4.0
2024-07-03 17:47:00,CNR7297356001,Driver Not Found,CID957469,Mini,Varthur,Chickpet,,,Not Applicable,Not Applicable,Not Applicable,Not Applicable,300,Not Applicable,0,,
2024-07-13 05:00:00,CNR7594650181,Success,CID334311,Auto,Hulimavu,Vijayanagar,301.0,35.0,Not Applicable,Not Applicable,Yes,Customer Demand,230,Cash,1,4.1,3.9
2024-07-12 22:20:00,CNR6150711339,Canceled by Driver,CID189858,eBike,Tumkur Road,Rajajinagar,,,Not Applicable,More than permitted people in there,Not Applicable,Not Applicable,102,Not Applicable,0,,
2024-07-04 14:01:00,CNR3096293465,Driver Not Found,CID986930,Mini,Basavanagudi,Nagarbhavi,,,Not Applicable,Not Applicable,Not Applicable,Not Applicable,296,Not Applicable,0,,
2024-07-19 21:55:00,CNR3903337345,Success,CID810662,Prime Sedan,Vijayanagar,Yeshwanthpur,112.0,130.0,Not Applicable,Not Applicable,No,Not Applicable,103,UPI,13,3.7,4.4
2024-07-12 11:50:00,CNR2168732039,Driver Not Found,CID494315,Prime Sedan,Langford Town,MG Road,,,Not Applicable,Not Applicable,Not Applicable,Not Applicable,325,Not Applicable,0,,
2024-07-08 03:29:00,CNR3835462380,Success,CID346494,Prime Plus,Chickpet,Electronic City,273.0,140.0,Not Applicable,Not Applicable,No,Not Applicable,379,Cash,48,3.3,4.8
2024-07-24 21:57:00,CNR7253196306,Success,CID424502,Prime Plus,Sahakar Nagar,Rajajinagar,119.0,50.0,Not Applicable,Not Applicable,No,Not Applicable,417,UPI,1,4.3,4.8
2024-07-18 15:44:00,CNR9275126594,Driver Not Found,CID692898,Prime Plus,Chamarajpet,Bannerghatta Road,,,Not Applicable,Not Applicable,Not Applicable,Not Applicable,473,Not Applicable,0,,
2024-07-16 00:07:00,CNR2212695226,Driver Not Found,CID477585,Prime Plus,RT Nagar,Nagarbhavi,,,Not Applicable,Not Applicable,Not Applicable,Not Applicable,211,Not Applicable,0,,
2024-07-27 19:59:00,CNR7500658392,Success,CID218764,Bike,MG Road,Langford Town,252.0,35.0,Not Applicable,Not Applicable,Yes,Other Issue,412,Cash,33,3.6,3.2
2024-07-17 22:37:00,CNR5740196337,Success,CID604975,Mini,Rajajinagar,Chickpet,217.0,55.0,Not Applicable,Not Applicable,No,Not Applicable,714,Cash,43,4.1,4.9
2024-07-24 14:13:00,CNR8641849137,Success,CID495687,Bike,Langford Town,RT Nagar,133.0,135.0,Not Applicable,Not Applicable,No,Not Applicable,371,Cash,21,3.8,3.4
2024-07-27 09:25:00,CNR3571602075,Success,CID683842,Bike,Hosur Road,Majestic,35.0,125.0,Not Applicable,Not Applicable,No,Not Applicable,451,Cash,16,3.2,4.8
2024-07-19 19:44:00,CNR4062196345,Success,CID528075,Mini,Yeshwanthpur,Frazer Town,259.0,85.0,Not Applicable,Not Applicable,No,Not Applicable,468,UPI,34,3.8,4.3
2024-07-18 06:00:00,CNR4373130036,Canceled by Driver,CID992978,Auto,Rajajinagar,Shivajinagar,,,Not Applicable,Customer related issue,Not Applicable,Not Applicable,612,Not Applicable,0,,
2024-07-03 10:57:00,CNR5029085793,Canceled by Customer,CID263461,Mini,Frazer Town,Peenya,,,Driver is not moving towards pickup location,Not Applicable,Not Applicable,Not Applicable,869,Not Applicable,0,,
2024-07-22 07:17:00,CNR2799540590,Success,CID231076,Prime Sedan,Peenya,Kengeri,203.0,50.0,Not Applicable,Not Applicable,No,Not Applicable,420,Cash,44,3.5,4.5
2024-07-19 01:59:00,CNR4085970515,Success,CID343279,Auto,Varthur,Majestic,203.0,50.0,Not Applicable,Not Applicable,No,Not Applicable,241,Cash,1,3.6,3.8
2024-07-04 11:00:00,CNR6815257068,Canceled by Driver,CID564237,Prime Plus,Rajarajeshwari Nagar,Shantinagar,,,Not Applicable,Customer related issue,Not Applicable,Not Applicable,230,Not Applicable,0,,
2024-07-29 16:14:00,CNR5577003364,Canceled by Driver,CID490365,Mini,Mysore Road,Varthur,,,Not Applicable,Customer related issue,Not Applicable,Not Applicable,2730,Not Applicable,0,,
2024-07-10 03:32:00,CNR5903729571,Success,CID778476,Auto,Sarjapur Road,Mysore Road,70.0,70.0,Not Applicable,Not Applicable,No,Not Applicable,964,Cash,5,4.4,3.2
2024-07-23 16:26:00,CNR2096159378,Success,CID306861,Mini,Ramamurthy Nagar,MG Road,140.0,30.0,Not Applicable,Not Applicable,No,Not Applicable,481,Credit Card,37,3.4,3.1
2024-07-04 14:15:00,CNR1575730347,Success,CID553723,Mini,MG Road,Bellandur,35.0,55.0,Not Applicable,Not Applicable,No,Not Applicable,420,Cash,38,4.7,3.7
2024-07-05 06:43:00,CNR9751039214,Driver Not Found,CID885954,Auto,Padmanabhanagar,Marathahalli,,,Not Applicable,Not Applicable,Not Applicable,Not Applicable,878,Not Applicable,0,,
2024-07-27 14:43:00,CNR4487276670,Success,CID747930,Prime Sedan,Hebbal,Magadi Road,140.0,140.0,Not Applicable,Not Applicable,No,Not Applicable,366,Cash,13,4.6,4.7
2024-07-20 17:44:00,CNR2219288537,Success,CID508852,Prime Plus,Padmanabhanagar,Basavanagudi,140.0,95.0,Not Applicable,Not Applicable,No,Not Applicable,228,Cash,44,4.3,4.9
2024-07-27 05:34:00,CNR5228983000,Success,CID900578,eBike,Langford Town,Vijayanagar,70.0,50.0,Not Applicable,Not Applicable,No,Not Applicable,289,Cash,36,4.5,3.7
2024-07-10 04:48:00,CNR7336674264,Canceled by Driver,CID885226,Prime Plus,Sarjapur Road,Marathahalli,,,Not Applicable,Customer related issue,Not Applicable,Not Applicable,152,Not Applicable,0,,
2024-07-20 00:04:00,CNR3445028056,Canceled by Customer,CID691248,Prime Plus,Hulimavu,Padmanabhanagar,,,Change of plans,Not Applicable,Not Applicable,Not Applicable,1115,Not Applicable,0,,
2024-07-25 18:31:00,CNR9290003651,Success,CID101069,Auto,Kadugodi,Peenya,154.0,115.0,Not Applicable,Not Applicable,No,Not Applicable,206,UPI,1,3.5,3.3
2024-07-19 23:46:00,CNR9432902315,Canceled by Customer,CID121742,Prime Plus,Yeshwanthpur,Kengeri,,,AC is Not working,Not Applicable,Not Applicable,Not Applicable,198,Not Applicable,0,,
2024-07-20 23:53:00,CNR9332185081,Canceled by Driver,CID766845,Mini,Cox Town,Padmanabhanagar,,,Not Applicable,Customer related issue,Not Applicable,Not Applicable,1703,Not Applicable,0,,
2024-07-27 11:34:00,CNR9010913959,Success,CID467135,Prime SUV,Sarjapur Road,Bellandur,196.0,130.0,Not Applicable,Not Applicable,No,Not Applicable,134,Credit Card,11,4.0,3.6
2024-07-23 00:32:00,CNR8535321924,Canceled by Customer,CID263748,Mini,Jayanagar,Kadugodi,,,Change of plans,Not Applicable,Not Applicable,Not Applicable,114,Not Applicable,0,,
2024-07-16 18:20:00,CNR9209355491,Canceled by Customer,CID710222,Prime SUV,Hosur Road,Yelahanka,,,Driver is not moving towards pickup location,Not Applicable,Not Applicable,Not Applicable,303,Not Applicable,0,,
2024-07-05 21:53:00,CNR1920273212,Success,CID767052,Bike,Bellandur,Ulsoor,196.0,105.0,Not Applicable,Not Applicable,No,Not Applicable,657,UPI,13,4.5,3.8
2024-07-14 13:44:00,CNR4511673452,Driver Not Found,CID521452,Prime Plus,JP Nagar,Hebbal,,,Not Applicable,Not Applicable,Not Applicable,Not Applicable,983,Not Applicable,0,,
2024-07-15 21:18:00,CNR8048626376,Success,CID877112,Prime Sedan,Vijayanagar,Shivajinagar,182.0,95.0,Not Applicable,Not Applicable,No,Not Applicable,360,Cash,9,3.7,4.5
2024-07-02 08:00:00,CNR3100390332,Canceled by Driver,CID601366,Bike,Vijayanagar,Padmanabhanagar,,,Not Applicable,Customer related issue,Not Applicable,Not Applicable,105,Not Applicable,0,,
2024-07-11 10:31:00,CNR4190525176,Success,CID489683,Bike,Frazer Town,Rajajinagar,154.0,50.0,Not Applicable,Not Applicable,No,Not Applicable,540,Cash,14,3.2,4.5
2024-07-21 13:04:00,CNR1918987834,Success,CID989111,Prime Sedan,Chamarajpet,Ulsoor,140.0,95.0,Not Applicable,Not Applicable,No,Not Applicable,317,UPI,45,4.1,4.4
2024-07-10 07:35:00,CNR5618063708,Success,CID470386,Mini,Kengeri,Richmond Town,91.0,90.0,Not Applicable,Not Applicable,No,Not Applicable,456,Cash,6,4.9,4.3
2024-07-08 03:06:00,CNR6355916110,Success,CID368107,Auto,Shivajinagar,Hebbal,147.0,145.0,Not Applicable,Not Applicable,No,Not Applicable,420,UPI,18,4.1,3.6
2024-07-07 06:29:00,CNR4040469816,Canceled by Driver,CID207957,Prime Sedan,Kengeri,Chickpet,,,Not Applicable,Customer related issue,Not Applicable,Not Applicable,180,Not Applicable,0,,
2024-07-27 03:38:00,CNR6868482176,Success,CID398519,Mini,Frazer Town,Peenya,35.0,90.0,Not Applicable,Not Applicable,Yes,Vehicle Breakdown,357,Cash,2,4.5,3.2
2024-07-25 13:31:00,CNR7686059544,Canceled by Customer,CID644051,Prime Plus,Sarjapur Road,Peenya,,,Driver asked to cancel,Not Applicable,Not Applicable,Not Applicable,412,Not Applicable,0,,
2024-07-17 14:07:00,CNR8969186347,Driver Not Found,CID881136,Prime Sedan,Cox Town,Ulsoor,,,Not Applicable,Not Applicable,Not Applicable,Not Applicable,689,Not Applicable,0,,
2024-07-17 18:06:00,CNR6257111912,Canceled by Driver,CID173295,Prime SUV,Yelahanka,Hosur Road,,,Not Applicable,Customer related issue,Not Applicable,Not Applicable,556,Not Applicable,0,,
2024-07-06 06:38:00,CNR9345877194,Canceled by Customer,CID791538,Prime SUV,Kammanahalli,Frazer Town,,,Driver is not moving towards pickup location,Not Applicable,Not Applicable,Not Applicable,308,Not Applicable,0,,
2024-07-19 08:01:00,CNR3970110693,Driver Not Found,CID248768,eBike,Langford Town,Mysore Road,,,Not Applicable,Not Applicable,Not Applicable,Not Applicable,415,Not Applicable,0,,
2024-07-26 07:16:00,CNR5255257586,Success,CID710976,Auto,Sahakar Nagar,Majestic,63.0,105.0,Not Applicable,Not Applicable,No,Not Applicable,207,UPI,11,4.9,3.0
2024-07-05 10:48:00,CNR8070142083,Canceled by Customer,CID456599,Prime Plus,Koramangala,Cox Town,,,Change of plans,Not Applicable,Not Applicable,Not Applicable,428,Not Applicable,0,,
2024-07-24 11:36:00,CNR9277413581,Driver Not Found,CID193327,Mini,Whitefield,HSR Layout,,,Not Applicable,Not Applicable,Not Applicable,Not Applicable,286,Not Applicable,0,,
2024-07-30 19:28:00,CNR4580775057,Success,CID912844,Mini,Padmanabhanagar,Ramamurthy Nagar,280.0,25.0,Not Applicable,Not Applicable,No,Not Applicable,399,Cash,48,3.4,4.1
2024-07-12 04:37:00,CNR2498080851,Success,CID883848,Prime Plus,KR Puram,Devanahalli,273.0,75.0,Not Applicable,Not Applicable,No,Not Applicable,166,UPI,9,4.1,3.6
2024-07-08 09:27:00,CNR5650715115,Canceled by Customer,CID948845,Bike,Cox Town,Marathahalli,,,AC is Not working,Not Applicable,Not Applicable,Not Applicable,1311,Not Applicable,0,,
2024-07-06 10:13:00,CNR6256517893,Canceled by Driver,CID946458,Prime Sedan,Kammanahalli,Peenya,,,Not Applicable,Customer related issue,Not Applicable,Not Applicable,584,Not Applicable,0,,
2024-07-18 02:34:00,CNR2453423034,Driver Not Found,CID269997,Bike,Mysore Road,Hosur Road,,,Not Applicable,Not Applicable,Not Applicable,Not Applicable,427,Not Applicable,0,,
2024-07-07 16:59:00,CNR2581140232,Canceled by Customer,CID627790,Mini,Bannerghatta Road,Sahakar Nagar,,,Change of plans,Not Applicable,Not Applicable,Not Applicable,229,Not Applicable,0,,
2024-07-27 10:16:00,CNR3709298120,Driver Not Found,CID150839,Bike,Bellandur,RT Nagar,,,Not Applicable,Not Applicable,Not Applicable,Not Applicable,321,Not Applicable,0,,
2024-07-26 11:01:00,CNR3620582119,Success,CID984545,Auto,Bellandur,Frazer Town,119.0,40.0,Not Applicable,Not Applicable,No,Not Applicable,499,UPI,15,3.7,4.2
2024-07-18 11:18:00,CNR8105511635,Canceled by Customer,CID328360,Bike,Bellandur,Varthur,,,Wrong Address,Not Applicable,Not Applicable,Not Applicable,2443,Not Applicable,0,,
2024-07-05 15:16:00,CNR7268908660,Canceled by Driver,CID114456,Prime Plus,JP Nagar,Hosur Road,,,Not Applicable,Customer was coughing/sick,Not Applicable,Not Applicable,275,Not Applicable,0,,
2024-07-25 23:19:00,CNR3052358924,Success,CID930744,Mini,Cox Town,Kammanahalli,301.0,40.0,Not Applicable,Not Applicable,No,Not Applicable,568,Cash,38,3.3,4.9
2024-07-29 05:35:00,CNR7028377341,Canceled by Driver,CID503428,Prime SUV,Padmanabhanagar,Yeshwanthpur,,,Not Applicable,Personal & Car related issue,Not Applicable,Not Applicable,133,Not Applicable,0,,
2024-07-30 05:07:00,CNR8642266403,Success,CID474962,Prime SUV,RT Nagar,Whitefield,105.0,30.0,Not Applicable,Not Applicable,No,Not Applicable,294,Cash,30,4.2,4.5
2024-07-06 09:20:00,CNR2352834736,Success,CID314208,Mini,Majestic,Majestic,56.0,75.0,Not Applicable,Not Applicable,No,Not Applicable,162,Cash,20,4.3,4.4
2024-07-26 11:44:00,CNR9556799000,Success,CID951440,Prime Plus,Ramamurthy Nagar,Koramangala,203.0,70.0,Not Applicable,Not Applicable,No,Not Applicable,415,UPI,39,4.7,4.9
2024-07-08 20:41:00,CNR8935051671,Success,CID163142,Prime Plus,JP Nagar,Bellandur,126.0,45.0,Not Applicable,Not Applicable,No,Not Applicable,450,UPI,38,4.9,3.2
2024-07-01 16:55:00,CNR7219811209,Canceled by Customer,CID566582,Prime SUV,Bannerghatta Road,Peenya,,,Driver is not moving towards pickup location,Not Applicable,Not Applicable,Not Applicable,318,Not Applicable,0,,
2024-07-30 21:56:00,CNR5757213156,Canceled by Customer,CID337577,Prime Plus,Bellandur,Sahakar Nagar,,,Driver is not moving towards pickup location,Not Applicable,Not Applicable,Not Applicable,647,Not Applicable,0,,
2024-07-16 02:53:00,CNR3982970018,Success,CID604357,Prime Sedan,Hosur Road,Hebbal,77.0,85.0,Not Applicable,Not Applicable,No,Not Applicable,266,UPI,14,4.8,4.9
2024-07-02 04:01:00,CNR9258872005,Canceled by Customer,CID364532,Prime Plus,Banashankari,Shivajinagar,,,Driver is not moving towards pickup location,Not Applicable,Not Applicable,Not Applicable,587,Not Applicable,0,,
2024-07-28 06:25:00,CNR9758507970,Driver Not Found,CID692941,Prime SUV,KR Puram,Tumkur Road,,,Not Applicable,Not Applicable,Not Applicable,Not Applicable,120,Not Applicable,0,,
2024-07-19 13:29:00,CNR1715334563,Success,CID270639,Bike,Malleshwaram,KR Puram,112.0,65.0,Not Applicable,Not Applicable,No,Not Applicable,617,Cash,19,4.5,3.7
2024-07-02 23:39:00,CNR7259028828,Success,CID243553,eBike,Indiranagar,Marathahalli,196.0,95.0,Not Applicable,Not Applicable,No,Not Applicable,333,Cash,48,3.7,4.7
2024-07-06 01:06:00,CNR4123637313,Canceled by Driver,CID360846,Prime Plus,Chickpet,KR Puram,,,Not Applicable,Personal & Car related issue,Not Applicable,Not Applicable,410,Not Applicable,0,,
2024-07-08 07:26:00,CNR3885142483,Success,CID458323,Prime SUV,Chamarajpet,Tumkur Road,182.0,135.0,Not Applicable,Not Applicable,No,Not Applicable,416,UPI,22,3.8,3.5
2024-07-23 05:24:00,CNR3382833573,Success,CID915916,Prime Plus,Magadi Road,Devanahalli,203.0,25.0,Not Applicable,Not Applicable,No,Not Applicable,688,Cash,33,3.6,4.4
2024-07-03 15:25:00,CNR5229608486,Success,CID346999,Prime Sedan,Jayanagar,Yeshwanthpur,224.0,35.0,Not Applicable,Not Applicable,No,Not Applicable,187,UPI,1,4.1,3.9
2024-07-28 00:46:00,CNR9480276184,Success,CID697137,Auto,Hebbal,Mysore Road,273.0,55.0,Not Applicable,Not Applicable,No,Not Applicable,1810,Cash,17,3.2,3.8
2024-07-24 03:27:00,CNR8485523221,Success,CID923014,Mini,Kammanahalli,Vijayanagar,133.0,100.0,Not Applicable,Not Applicable,No,Not Applicable,225,Cash,22,4.7,3.4
2024-07-12 03:48:00,CNR1986036217,Success,CID826926,Mini,MG Road,Cox Town,280.0,80.0,Not Applicable,Not Applicable,No,Not Applicable,170,UPI,11,3.9,3.8
2024-07-05 03:34:00,CNR4661930614,Success,CID769672,Prime Sedan,Yelahanka,Cox Town,161.0,110.0,Not Applicable,Not Applicable,No,Not Applicable,988,UPI,4,4.8,3.0
2024-07-28 17:53:00,CNR2378851591,Success,CID516648,Prime Plus,Kammanahalli,Cox Town,196.0,135.0,Not Applicable,Not Applicable,No,Not Applicable,362,Cash,43,3.5,3.9
2024-07-27 11:54:00,CNR7993361036,Success,CID287785,Mini,Langford Town,Vijayanagar,56.0,50.0,Not Applicable,Not Applicable,No,Not Applicable,2186,Cash,41,3.7,3.6
2024-07-30 12:20:00,CNR2072015693,Canceled by Driver,CID939820,Auto,Yelahanka,Sahakar Nagar,,,Not Applicable,More than permitted people in there,Not Applicable,Not Applicable,660,Not Applicable,0,,
2024-07-12 08:35:00,CNR8412533528,Success,CID503911,Prime Plus,Marathahalli,Bannerghatta Road,119.0,75.0,Not Applicable,Not Applicable,No,Not Applicable,551,UPI,48,4.6,5.0
2024-07-18 02:15:00,CNR7644892147,Canceled by Driver,CID480593,Prime Plus,KR Puram,Ulsoor,,,Not Applicable,Customer related issue,Not Applicable,Not Applicable,2138,Not Applicable,0,,
2024-07-10 00:51:00,CNR8138867694,Success,CID456493,Auto,Whitefield,Magadi Road,42.0,70.0,Not Applicable,Not Applicable,No,Not Applicable,347,Cash,19,3.2,3.7
2024-07-18 19:57:00,CNR5998708626,Success,CID546436,Bike,Cox Town,Majestic,182.0,85.0,Not Applicable,Not Applicable,No,Not Applicable,353,Cash,35,3.3,4.0
2024-07-15 00:03:00,CNR4223831993,Canceled by Driver,CID400022,eBike,Chickpet,Kadugodi,,,Not Applicable,More than permitted people in there,Not Applicable,Not Applicable,129,Not Applicable,0,,
2024-07-02 02:39:00,CNR6375938189,Success,CID858852,eBike,Mysore Road,Kengeri,98.0,50.0,Not Applicable,Not Applicable,No,Not Applicable,239,Cash,26,3.3,3.3
2024-07-16 18:29:00,CNR5498606336,Success,CID510251,Bike,Yeshwanthpur,Varthur,161.0,100.0,Not Applicable,Not Applicable,No,Not Applicable,218,UPI,5,3.7,4.4
2024-07-13 06:55:00,CNR9244011572,Canceled by Driver,CID925542,Auto,Padmanabhanagar,Yelahanka,,,Not Applicable,Personal & Car related issue,Not Applicable,Not Applicable,1311,Not Applicable,0,,
2024-07-23 10:51:00,CNR8506928554,Success,CID425417,eBike,Marathahalli,Hosur Road,266.0,70.0,Not Applicable,Not Applicable,No,Not Applicable,468,Cash,16,4.2,3.1
2024-07-01 09:24:00,CNR6332047574,Canceled by Driver,CID773076,Mini,Hosur Road,Varthur,,,Not Applicable,More than permitted people in there,Not Applicable,Not Applicable,217,Not Applicable,0,,
2024-07-25 21:01:00,CNR7180256393,Canceled by Driver,CID427744,Auto,Jayanagar,Bellandur,,,Not Applicable,Personal & Car related issue,Not Applicable,Not Applicable,630,Not Applicable,0,,
2024-07-07 15:44:00,CNR8815106955,Driver Not Found,CID919219,eBike,HSR Layout,Peenya,,,Not Applicable,Not Applicable,Not Applicable,Not Applicable,241,Not Applicable,0,,
2024-07-29 13:47:00,CNR4882878584,Canceled by Driver,CID498867,eBike,Basavanagudi,Kammanahalli,,,Not Applicable,More than permitted people in there,Not Applicable,Not Applicable,437,Not Applicable,0,,
2024-07-16 10:00:00,CNR6423566134,Canceled by Customer,CID940259,eBike,Basavanagudi,Padmanabhanagar,,,Wrong Address,Not Applicable,Not Applicable,Not Applicable,170,Not Applicable,0,,
2024-07-04 09:07:00,CNR1239416652,Success,CID814645,eBike,Yeshwanthpur,Rajarajeshwari Nagar,35.0,115.0,Not Applicable,Not Applicable,Yes,Other Issue,403,Cash,33,4.5,4.6
2024-07-19 08:36:00,CNR4637857374,Success,CID376819,Prime Plus,Kadugodi,Majestic,308.0,95.0,Not Applicable,Not Applicable,Yes,Customer Demand,392,Cash,41,3.5,3.5
2024-07-28 10:59:00,CNR9300554221,Success,CID983264,eBike,Shivajinagar,Hennur,112.0,120.0,Not Applicable,Not Applicable,No,Not Applicable,849,Cash,27,4.1,4.9
2024-07-08 23:24:00,CNR4731932959,Canceled by Driver,CID593212,Prime Sedan,MG Road,Varthur,,,Not Applicable,More than permitted people in there,Not Applicable,Not Applicable,485,Not Applicable,0,,
2024-07-05 20:25:00,CNR2245599732,Success,CID897715,Prime SUV,Chamarajpet,Nagarbhavi,203.0,40.0,Not Applicable,Not Applicable,No,Not Applicable,728,Cash,15,3.6,3.1
2024-07-12 04:08:00,CNR5246581509,Canceled by Driver,CID209561,Prime Plus,Padmanabhanagar,Majestic,,,Not Applicable,Customer related issue,Not Applicable,Not Applicable,133,Not Applicable,0,,
2024-07-09 03:37:00,CNR2748230200,Success,CID948030,Prime Sedan,Varthur,Peenya,203.0,105.0,Not Applicable,Not Applicable,No,Not Applicable,2120,Cash,20,4.9,3.2
2024-07-17 13:39:00,CNR1758633291,Canceled by Driver,CID196379,Prime Plus,Yeshwanthpur,MG Road,,,Not Applicable,Personal & Car related issue,Not Applicable,Not Applicable,772,Not Applicable,0,,
2024-07-16 07:58:00,CNR7788118065,Driver Not Found,CID409570,eBike,Bannerghatta Road,Hennur,,,Not Applicable,Not Applicable,Not Applicable,Not Applicable,213,Not Applicable,0,,
2024-07-15 07:53:00,CNR7363063970,Canceled by Driver,CID889526,Prime Sedan,Shantinagar,Vijayanagar,,,Not Applicable,Customer related issue,Not Applicable,Not Applicable,369,Not Applicable,0,,
2024-07-07 06:39:00,CNR6558382784,Canceled by Customer,CID425418,Prime SUV,Shantinagar,Banashankari,,,Wrong Address,Not Applicable,Not Applicable,Not Applicable,367,Not Applicable,0,,
2024-07-20 00:43:00,CNR9736633589,Canceled by Customer,CID158992,Bike,Whitefield,Ramamurthy Nagar,,,Driver asked to cancel,Not Applicable,Not Applicable,Not Applicable,436,Not Applicable,0,,
2024-07-11 13:02:00,CNR8510351819,Success,CID267620,Prime Sedan,Magadi Road,Ramamurthy Nagar,126.0,125.0,Not Applicable,Not Applicable,No,Not Applicable,380,Credit Card,3,4.6,4.7
2024-07-02 09:08:00,CNR9512988680,Canceled by Driver,CID873167,Bike,Magadi Road,Frazer Town,,,Not Applicable,Customer was coughing/sick,Not Applicable,Not Applicable,472,Not Applicable,0,,
2024-07-12 03:11:00,CNR7255229601,Success,CID895920,Prime Sedan,Kengeri,Magadi Road,42.0,105.0,Not Applicable,Not Applicable,No,Not Applicable,313,Cash,35,3.7,3.8
2024-07-17 08:28:00,CNR7029326306,Success,CID998035,Bike,Hennur,Shantinagar,231.0,65.0,Not Applicable,Not Applicable,No,Not Applicable,795,UPI,9,4.0,3.9
2024-07-26 11:20:00,CNR7133115320,Success,CID723935,Prime Plus,Banashankari,Sahakar Nagar,161.0,105.0,Not Applicable,Not Applicable,No,Not Applicable,142,Cash,19,4.7,4.5
2024-07-09 15:28:00,CNR9524001126,Success,CID688726,Mini,JP Nagar,Varthur,308.0,140.0,Not Applicable,Not Applicable,No,Not Applicable,335,Cash,16,4.1,3.2
2024-07-26 04:52:00,CNR8716311418,Canceled by Driver,CID946020,Auto,Hosur Road,Magadi Road,,,Not Applicable,Personal & Car related issue,Not Applicable,Not Applicable,2263,Not Applicable,0,,
2024-07-23 23:38:00,CNR2774898377,Success,CID589698,Mini,Kadugodi,KR Puram,133.0,60.0,Not Applicable,Not Applicable,No,Not Applicable,304,Cash,20,3.4,3.9
2024-07-15 07:35:00,CNR1433485605,Success,CID101638,Auto,Ulsoor,Mysore Road,168.0,75.0,Not Applicable,Not Applicable,No,Not Applicable,126,UPI,10,4.2,3.7
2024-07-21 21:42:00,CNR6382398026,Driver Not Found,CID625415,Auto,Electronic City,Sarjapur Road,,,Not Applicable,Not Applicable,Not Applicable,Not Applicable,717,Not Applicable,0,,
2024-07-29 15:48:00,CNR1559288194,Success,CID116685,Prime Plus,BTM Layout,Basavanagudi,112.0,30.0,Not Applicable,Not Applicable,No,Not Applicable,404,Cash,12,3.9,4.9
2024-07-12 00:54:00,CNR7223269368,Success,CID534226,Prime SUV,HSR Layout,Mysore Road,35.0,50.0,Not Applicable,Not Applicable,No,Not Applicable,222,Cash,44,4.9,3.4
2024-07-26 17:40:00,CNR2995788996,Success,CID619158,Prime Plus,Nagarbhavi,Banashankari,252.0,100.0,Not Applicable,Not Applicable,No,Not Applicable,769,UPI,24,3.5,4.9
2024-07-16 06:11:00,CNR8395966519,Driver Not Found,CID180920,Prime Plus,Yelahanka,Langford Town,,,Not Applicable,Not Applicable,Not Applicable,Not Applicable,2128,Not Applicable,0,,
2024-07-03 17:16:00,CNR5877039898,Success,CID538369,Prime Plus,Shantinagar,Majestic,175.0,145.0,Not Applicable,Not Applicable,No,Not Applicable,431,Cash,29,3.6,3.0
2024-07-14 08:35:00,CNR3481462611,Success,CID365074,Prime Sedan,Frazer Town,Rajarajeshwari Nagar,56.0,55.0,Not Applicable,Not Applicable,No,Not Applicable,1971,Cash,43,3.7,4.1
2024-07-16 23:05:00,CNR2529102495,Success,CID932692,Bike,Marathahalli,Chamarajpet,287.0,40.0,Not Applicable,Not Applicable,No,Not Applicable,123,Cash,1,4.9,5.0
2024-07-11 03:09:00,CNR9620930281,Success,CID731220,Auto,Hennur,KR Puram,154.0,140.0,Not Applicable,Not Applicable,No,Not Applicable,976,UPI,2,4.5,3.6
2024-07-11 12:05:00,CNR6743478111,Canceled by Customer,CID955313,Prime Plus,Chickpet,Peenya,,,AC is Not working,Not Applicable,Not Applicable,Not Applicable,114,Not Applicable,0,,
2024-07-14 09:49:00,CNR8546323899,Success,CID368306,Prime Sedan,Shantinagar,Nagarbhavi,308.0,50.0,Not Applicable,Not Applicable,No,Not Applicable,1658,Cash,8,3.9,4.1
2024-07-01 09:48:00,CNR8901668018,Success,CID868701,Prime Plus,Varthur,Kammanahalli,154.0,130.0,Not Applicable,Not Applicable,No,Not Applicable,107,UPI,32,3.2,3.5
2024-07-13 00:07:00,CNR4395286271,Success,CID720319,Bike,Yeshwanthpur,Nagarbhavi,168.0,135.0,Not Applicable,Not Applicable,No,Not Applicable,662,UPI,5,3.0,4.9
2024-07-06 16:33:00,CNR6750955226,Canceled by Customer,CID211152,Mini,HSR Layout,Ulsoor,,,Change of plans,Not Applicable,Not Applicable,Not Applicable,491,Not Applicable,0,,
2024-07-29 17:22:00,CNR9836421329,Canceled by Customer,CID203396,Bike,Chickpet,Nagarbhavi,,,Driver is not moving towards pickup location,Not Applicable,Not Applicable,Not Applicable,291,Not Applicable,0,,
2024-07-18 05:05:00,CNR7457649895,Success,CID183818,Bike,Cox Town,Shantinagar,49.0,100.0,Not Applicable,Not Applicable,No,Not Applicable,184,UPI,14,4.2,4.7
2024-07-12 23:35:00,CNR2456832769,Success,CID258309,Bike,Indiranagar,Tumkur Road,301.0,40.0,Not Applicable,Not Applicable,No,Not Applicable,104,Cash,4,4.4,4.0
2024-07-06 00:11:00,CNR8389680075,Success,CID396567,Prime SUV,Koramangala,Malleshwaram,112.0,135.0,Not Applicable,Not Applicable,No,Not Applicable,379,Cash,41,4.7,3.2
2024-07-05 00:44:00,CNR4728844757,Success,CID473313,Bike,Nagarbhavi,Jayanagar,301.0,100.0,Not Applicable,Not Applicable,No,Not Applicable,138,UPI,1,3.1,3.5
2024-07-21 16:55:00,CNR1336557291,Driver Not Found,CID169942,Prime Sedan,MG Road,Bannerghatta Road,,,Not Applicable,Not Applicable,Not Applicable,Not Applicable,998,Not Applicable,0,,
2024-07-03 01:45:00,CNR1177668591,Success,CID373408,Prime Plus,Ramamurthy Nagar,Yelahanka,203.0,75.0,Not Applicable,Not Applicable,No,Not Applicable,571,Cash,27,3.2,4.0
2024-07-06 20:56:00,CNR6776216907,Success,CID853344,Bike,Hennur,Yeshwanthpur,140.0,125.0,Not Applicable,Not Applicable,No,Not Applicable,300,UPI,22,4.2,4.1
2024-07-17 05:53:00,CNR8250952897,Success,CID658497,Bike,Magadi Road,Basavanagudi,231.0,70.0,Not Applicable,Not Applicable,No,Not Applicable,112,UPI,15,4.0,3.8
2024-07-05 16:44:00,CNR2111919250,Success,CID172187,Mini,Chamarajpet,Frazer Town,189.0,145.0,Not Applicable,Not Applicable,No,Not Applicable,141,Cash,22,4.5,4.6
2024-07-23 03:57:00,CNR5533420937,Success,CID831900,Mini,Basavanagudi,Chamarajpet,308.0,115.0,Not Applicable,Not Applicable,No,Not Applicable,1304,Cash,38,3.7,3.4
2024-07-29 10:48:00,CNR7570954269,Canceled by Customer,CID973241,Auto,Banashankari,Jayanagar,,,Driver asked to cancel,Not Applicable,Not Applicable,Not Applicable,185,Not Applicable,0,,
2024-07-19 23:52:00,CNR6017429850,Canceled by Driver,CID635183,Prime SUV,Richmond Town,Ulsoor,,,Not Applicable,Customer related issue,Not Applicable,Not Applicable,210,Not Applicable,0,,
2024-07-25 17:30:00,CNR6498310611,Success,CID540946,Auto,Electronic City,Kammanahalli,245.0,110.0,Not Applicable,Not Applicable,No,Not Applicable,1486,Cash,1,4.6,4.6
2024-07-02 22:17:00,CNR4220443563,Success,CID749501,Mini,Nagarbhavi,Varthur,112.0,90.0,Not Applicable,Not Applicable,No,Not Applicable,415,Cash,5,3.5,4.6
2024-07-02 19:44:00,CNR7744329887,Canceled by Driver,CID168925,Bike,Langford Town,Frazer Town,,,Not Applicable,Customer related issue,Not Applicable,Not Applicable,731,Not Applicable,0,,
2024-07-24 22:31:00,CNR9321726478,Success,CID110541,Bike,JP Nagar,Jayanagar,42.0,65.0,Not Applicable,Not Applicable,No,Not Applicable,2347,Cash,2,4.8,3.6
2024-07-17 11:53:00,CNR9700979333,Canceled by Driver,CID731971,Mini,Vijayanagar,Varthur,,,Not Applicable,Customer related issue,Not Applicable,Not Applicable,446,Not Applicable,0,,
2024-07-28 12:08:00,CNR5376813873,Canceled by Driver,CID807308,Prime Plus,Devanahalli,Tumkur Road,,,Not Applicable,More than permitted people in there,Not Applicable,Not Applicable,115,Not Applicable,0,,
2024-07-05 14:16:00,CNR3395216654,Canceled by Driver,CID718370,Prime SUV,Hulimavu,Whitefield,,,Not Applicable,Personal & Car related issue,Not Applicable,Not Applicable,227,Not Applicable,0,,
2024-07-16 02:54:00,CNR6195920817,Success,CID717166,eBike,Kammanahalli,Varthur,119.0,140.0,Not Applicable,Not Applicable,No,Not Applicable,1401,Cash,22,3.5,3.0
2024-07-17 10:07:00,CNR1088612743,Success,CID333524,eBike,Shivajinagar,Ramamurthy Nagar,196.0,110.0,Not Applicable,Not Applicable,No,Not Applicable,234,UPI,25,4.9,4.7
2024-07-28 07:46:00,CNR3008181177,Success,CID213899,Prime Plus,Richmond Town,Kadugodi,147.0,75.0,Not Applicable,Not Applicable,No,Not Applicable,377,UPI,23,4.5,3.3
2024-07-17 07:15:00,CNR7497933109,Driver Not Found,CID919645,Prime SUV,Ulsoor,Jayanagar,,,Not Applicable,Not Applicable,Not Applicable,Not Applicable,196,Not Applicable,0,,
2024-07-14 11:12:00,CNR7531010729,Success,CID388739,Bike,Bannerghatta Road,MG Road,105.0,115.0,Not Applicable,Not Applicable,No,Not Applicable,441,UPI,12,4.3,4.9
2024-07-22 15:16:00,CNR9703693465,Canceled by Driver,CID911026,Prime Plus,Malleshwaram,Ramamurthy Nagar,,,Not Applicable,Customer was coughing/sick,Not Applicable,Not Applicable,336,Not Applicable,0,,
2024-07-30 12:18:00,CNR1318204767,Canceled by Customer,CID653087,Mini,Ulsoor,Kammanahalli,,,Driver is not moving towards pickup location,Not Applicable,Not Applicable,Not Applicable,1245,Not Applicable,0,,
2024-07-18 23:38:00,CNR9226854387,Success,CID993736,Prime Sedan,Ulsoor,Jayanagar,42.0,100.0,Not Applicable,Not Applicable,No,Not Applicable,2905,Cash,24,3.9,3.9
2024-07-07 19:48:00,CNR3414608499,Canceled by Driver,CID903422,Bike,Hebbal,Peenya,,,Not Applicable,More than permitted people in there,Not Applicable,Not Applicable,994,Not Applicable,0,,
2024-07-04 19:49:00,CNR9404557896,Success,CID431139,Mini,Jayanagar,HSR Layout,168.0,75.0,Not Applicable,Not Applicable,No,Not Applicable,832,UPI,17,3.2,4.7
2024-07-25 13:46:00,CNR3103926303,Success,CID326775,Prime SUV,Ulsoor,Koramangala,84.0,120.0,Not Applicable,Not Applicable,No,Not Applicable,955,UPI,15,3.2,3.5
2024-07-23 10:56:00,CNR6635350453,Driver Not Found,CID229871,Bike,Cox Town,KR Puram,,,Not Applicable,Not Applicable,Not Applicable,Not Applicable,1839,Not Applicable,0,,
2024-07-08 02:41:00,CNR3724541412,Canceled by Driver,CID184418,Prime SUV,Bellandur,HSR Layout,,,Not Applicable,Customer was coughing/sick,Not Applicable,Not Applicable,246,Not Applicable,0,,
2024-07-10 14:18:00,CNR5609341416,Success,CID345880,eBike,Vijayanagar,Electronic City,168.0,60.0,Not Applicable,Not Applicable,Yes,Other Issue,909,UPI,42,4.3,4.8
2024-07-16 02:48:00,CNR2145034412,Success,CID492916,Prime SUV,JP Nagar,JP Nagar,91.0,40.0,Not Applicable,Not Applicable,No,Not Applicable,486,UPI,22,3.5,4.5
2024-07-20 15:26:00,CNR3248029589,Driver Not Found,CID659916,Bike,Yelahanka,Marathahalli,,,Not Applicable,Not Applicable,Not Applicable,Not Applicable,178,Not Applicable,0,,
2024-07-25 21:51:00,CNR1902541482,Driver Not Found,CID993540,Mini,KR Puram,Hebbal,,,Not Applicable,Not Applicable,Not Applicable,Not Applicable,613,Not Applicable,0,,
2024-07-30 16:58:00,CNR7299372993,Success,CID100398,Bike,Kammanahalli,Frazer Town,196.0,100.0,Not Applicable,Not Applicable,Yes,Customer Demand,798,UPI,41,4.6,3.2
2024-07-30 17:09:00,CNR2514104210,Canceled by Driver,CID423520,Mini,Bellandur,Mysore Road,,,Not Applicable,Personal & Car related issue,Not Applicable,Not Applicable,259,Not Applicable,0,,
2024-07-07 23:51:00,CNR3559849929,Success,CID125795,Prime Plus,Basavanagudi,Bellandur,301.0,80.0,Not Applicable,Not Applicable,No,Not Applicable,504,UPI,9,3.9,5.0
2024-07-13 15:09:00,CNR6034152443,Success,CID202213,Prime Plus,MG Road,Chamarajpet,70.0,110.0,Not Applicable,Not Applicable,No,Not Applicable,528,Cash,25,3.1,4.3
2024-07-21 13:56:00,CNR8664509085,Driver Not Found,CID451433,eBike,Majestic,Hosur Road,,,Not Applicable,Not Applicable,Not Applicable,Not Applicable,228,Not Applicable,0,,
2024-07-07 17:53:00,CNR9947690077,Success,CID973061,Auto,Malleshwaram,Peenya,112.0,115.0,Not Applicable,Not Applicable,No,Not Applicable,220,Cash,15,4.2,3.8
2024-07-21 15:04:00,CNR1114379496,Success,CID802708,Prime SUV,Richmond Town,Koramangala,161.0,95.0,Not Applicable,Not Applicable,No,Not Applicable,792,Cash,29,4.0,4.8
2024-07-20 19:34:00,CNR6135713634,Success,CID238166,Mini,MG Road,Magadi Road,147.0,120.0,Not Applicable,Not Applicable,No,Not Applicable,342,Cash,39,3.7,3.9
2024-07-13 05:37:00,CNR3086217442,Canceled by Customer,CID349097,Bike,Yelahanka,MG Road,,,Driver asked to cancel,Not Applicable,Not Applicable,Not Applicable,958,Not Applicable,0,,
2024-07-23 12:30:00,CNR1693239755,Success,CID858189,Bike,Koramangala,Ulsoor,154.0,125.0,Not Applicable,Not Applicable,No,Not Applicable,371,UPI,47,3.8,4.1
2024-07-15 11:30:00,CNR1187988549,Success,CID907301,Prime Sedan,Shantinagar,Bannerghatta Road,42.0,135.0,Not Applicable,Not Applicable,No,Not Applicable,266,Cash,38,3.8,3.0
2024-07-22 06:32:00,CNR7482051018,Canceled by Driver,CID668374,Prime Sedan,Richmond Town,Hosur Road,,,Not Applicable,Customer was coughing/sick,Not Applicable,Not Applicable,478,Not Applicable,0,,
2024-07-29 04:06:00,CNR1531215841,Driver Not Found,CID995545,Prime SUV,Langford Town,Hennur,,,Not Applicable,Not Applicable,Not Applicable,Not Applicable,136,Not Applicable,0,,
2024-07-03 12:31:00,CNR6989516399,Success,CID712520,Prime SUV,Shivajinagar,Sarjapur Road,154.0,25.0,Not Applicable,Not Applicable,No,Not Applicable,304,UPI,25,3.3,3.2
2024-07-07 04:01:00,CNR4876199639,Success,CID905973,Bike,Hulimavu,Majestic,98.0,105.0,Not Applicable,Not Applicable,No,Not Applicable,644,Cash,21,3.0,4.0
2024-07-23 16:07:00,CNR4687846064,Success,CID132288,Auto,Varthur,Richmond Town,126.0,110.0,Not Applicable,Not Applicable,No,Not Applicable,880,Cash,12,3.7,5.0
2024-07-02 15:34:00,CNR5470753823,Success,CID205751,Auto,Banashankari,Malleshwaram,112.0,140.0,Not Applicable,Not Applicable,No,Not Applicable,335,UPI,1,3.8,4.7
2024-07-05 07:25:00,CNR7997714917,Success,CID980130,Bike,Chickpet,Sarjapur Road,273.0,90.0,Not Applicable,Not Applicable,No,Not Applicable,236,UPI,33,3.2,4.9
2024-07-11 01:37:00,CNR9457463571,Driver Not Found,CID752744,Mini,Shivajinagar,Hosur Road,,,Not Applicable,Not Applicable,Not Applicable,Not Applicable,120,Not Applicable,0,,
2024-07-04 05:03:00,CNR1607277018,Success,CID799272,Prime Sedan,JP Nagar,Tumkur Road,238.0,40.0,Not Applicable,Not Applicable,No,Not Applicable,2592,UPI,39,4.7,3.3
2024-07-25 19:52:00,CNR2097491827,Driver Not Found,CID718970,Bike,Kengeri,BTM Layout,,,Not Applicable,Not Applicable,Not Applicable,Not Applicable,191,Not Applicable,0,,
2024-07-01 04:18:00,CNR6892404214,Canceled by Driver,CID348908,Bike,Yelahanka,Malleshwaram,,,Not Applicable,Personal & Car related issue,Not Applicable,Not Applicable,214,Not Applicable,0,,
2024-07-09 01:36:00,CNR6558830216,Driver Not Found,CID403150,Prime Plus,Hulimavu,Varthur,,,Not Applicable,Not Applicable,Not Applicable,Not Applicable,119,Not Applicable,0,,
2024-07-19 19:48:00,CNR9085350632,Canceled by Driver,CID235243,Prime Plus,KR Puram,Richmond Town,,,Not Applicable,Customer related issue,Not Applicable,Not Applicable,225,Not Applicable,0,,
2024-07-13 02:52:00,CNR7095834313,Canceled by Driver,CID777107,Auto,KR Puram,Bannerghatta Road,,,Not Applicable,Customer related issue,Not Applicable,Not Applicable,360,Not Applicable,0,,
2024-07-20 18:56:00,CNR2854748166,Success,CID435570,Prime Plus,Koramangala,Malleshwaram,77.0,100.0,Not Applicable,Not Applicable,No,Not Applicable,529,UPI,30,3.7,3.9
2024-07-08 08:54:00,CNR5971522423,Success,CID856002,eBike,Frazer Town,Hosur Road,105.0,135.0,Not Applicable,Not Applicable,No,Not Applicable,1771,Cash,41,3.5,4.0
2024-07-10 13:49:00,CNR3447705434,Success,CID518723,Prime Plus,Bellandur,HSR Layout,259.0,35.0,Not Applicable,Not Applicable,No,Not Applicable,1723,UPI,30,4.7,3.6
2024-07-09 19:56:00,CNR5631744574,Success,CID617428,Prime Sedan,Rajarajeshwari Nagar,Koramangala,161.0,120.0,Not Applicable,Not Applicable,No,Not Applicable,309,UPI,37,3.4,3.7
2024-07-03 15:55:00,CNR4156529193,Canceled by Customer,CID796156,Bike,Sahakar Nagar,Jayanagar,,,Driver is not moving towards pickup location,Not Applicable,Not Applicable,Not Applicable,207,Not Applicable,0,,
2024-07-05 00:02:00,CNR5417933100,Success,CID128221,Auto,Cox Town,RT Nagar,210.0,45.0,Not Applicable,Not Applicable,No,Not Applicable,640,Cash,12,4.4,3.4
2024-07-13 10:53:00,CNR5946335639,Success,CID123428,eBike,Whitefield,Koramangala,63.0,145.0,Not Applicable,Not Applicable,No,Not Applicable,110,UPI,12,3.4,4.7
2024-07-09 20:52:00,CNR1570304818,Success,CID821753,Prime Plus,BTM Layout,HSR Layout,224.0,90.0,Not Applicable,Not Applicable,No,Not Applicable,423,Cash,37,3.8,4.5
2024-07-22 17:06:00,CNR6325931244,Success,CID169080,Prime Sedan,Indiranagar,Marathahalli,294.0,125.0,Not Applicable,Not Applicable,No,Not Applicable,215,UPI,31,3.1,3.8
2024-07-29 22:52:00,CNR8951260859,Success,CID310709,Mini,Shivajinagar,Bellandur,196.0,145.0,Not Applicable,Not Applicable,No,Not Applicable,348,UPI,46,3.3,4.0
2024-07-03 20:29:00,CNR2645816154,Success,CID476329,eBike,Marathahalli,Varthur,161.0,140.0,Not Applicable,Not Applicable,No,Not Applicable,779,Cash,43,4.5,4.9
2024-07-23 15:00:00,CNR1329995806,Canceled by Driver,CID969450,Auto,Sahakar Nagar,Langford Town,,,Not Applicable,Customer was coughing/sick,Not Applicable,Not Applicable,189,Not Applicable,0,,
2024-07-26 00:54:00,CNR2651574736,Canceled by Customer,CID864707,eBike,Banashankari,Hennur,,,Driver asked to cancel,Not Applicable,Not Applicable,Not Applicable,253,Not Applicable,0,,
2024-07-13 18:48:00,CNR8658179055,Canceled by Driver,CID957736,Prime SUV,BTM Layout,Cox Town,,,Not Applicable,Customer related issue,Not Applicable,Not Applicable,363,Not Applicable,0,,
2024-07-15 11:13:00,CNR2141728755,Success,CID947280,Prime SUV,HSR Layout,KR Puram,189.0,80.0,Not Applicable,Not Applicable,No,Not Applicable,140,UPI,38,4.4,3.3
2024-07-06 13:16:00,CNR6154841933,Success,CID657972,Bike,Nagarbhavi,Cox Town,238.0,95.0,Not Applicable,Not Applicable,No,Not Applicable,1256,UPI,17,4.5,4.5
2024-07-11 01:09:00,CNR1192612095,Success,CID897930,Auto,Whitefield,Padmanabhanagar,280.0,25.0,Not Applicable,Not Applicable,No,Not Applicable,186,UPI,8,4.8,3.9
2024-07-01 18:23:00,CNR7481707519,Driver Not Found,CID614952,eBike,MG Road,Whitefield,,,Not Applicable,Not Applicable,Not Applicable,Not Applicable,772,Not Applicable,0,,
2024-07-15 20:42:00,CNR3997739609,Success,CID973887,Prime Sedan,JP Nagar,Bannerghatta Road,245.0,30.0,Not Applicable,Not Applicable,No,Not Applicable,270,Debit Card,4,3.2,3.2
2024-07-01 04:47:00,CNR4968922647,Canceled by Driver,CID768685,Mini,Kammanahalli,Rajarajeshwari Nagar,,,Not Applicable,Personal & Car related issue,Not Applicable,Not Applicable,192,Not Applicable,0,,
2024-07-18 14:13:00,CNR5858479975,Success,CID279200,Mini,Yelahanka,Varthur,308.0,85.0,Not Applicable,Not Applicable,No,Not Applicable,657,UPI,6,4.7,3.8
2024-07-11 20:29:00,CNR1583331715,Success,CID346775,eBike,MG Road,Frazer Town,56.0,90.0,Not Applicable,Not Applicable,No,Not Applicable,440,UPI,10,4.8,4.6
2024-07-30 19:23:00,CNR9563722739,Driver Not Found,CID181546,Prime SUV,Hulimavu,Malleshwaram,,,Not Applicable,Not Applicable,Not Applicable,Not Applicable,947,Not Applicable,0,,
2024-07-29 19:03:00,CNR3593383058,Success,CID534692,Prime Plus,Hosur Road,Peenya,210.0,65.0,Not Applicable,Not Applicable,No,Not Applicable,345,UPI,16,3.8,4.7
2024-07-12 10:43:00,CNR1755981914,Success,CID697271,Auto,Sarjapur Road,Hosur Road,231.0,145.0,Not Applicable,Not Applicable,No,Not Applicable,188,UPI,7,4.7,4.2
2024-07-20 20:44:00,CNR3346556315,Driver Not Found,CID809108,Mini,Peenya,Richmond Town,,,Not Applicable,Not Applicable,Not Applicable,Not Applicable,119,Not Applicable,0,,
2024-07-21 10:18:00,CNR3208142530,Success,CID657214,Mini,Langford Town,Varthur,56.0,80.0,Not Applicable,Not Applicable,No,Not Applicable,281,Cash,23,4.2,4.5
2024-07-16 10:50:00,CNR1929478950,Success,CID867130,Mini,Yelahanka,Bellandur,105.0,45.0,Not Applicable,Not Applicable,No,Not Applicable,1318,UPI,12,4.9,4.7
2024-07-10 22:31:00,CNR6736334911,Success,CID852821,Bike,Ramamurthy Nagar,Koramangala,210.0,65.0,Not Applicable,Not Applicable,No,Not Applicable,220,UPI,26,3.3,3.3
2024-07-23 04:17:00,CNR3627335243,Success,CID677537,Prime Plus,Hulimavu,MG Road,49.0,140.0,Not Applicable,Not Applicable,Yes,Customer Demand,283,UPI,31,4.1,3.0
2024-07-08 19:20:00,CNR4816432640,Canceled by Driver,CID253154,Auto,Langford Town,Sahakar Nagar,,,Not Applicable,Customer related issue,Not Applicable,Not Applicable,167,Not Applicable,0,,
2024-07-16 04:39:00,CNR4966897437,Success,CID986855,Mini,Electronic City,Marathahalli,308.0,130.0,Not Applicable,Not Applicable,No,Not Applicable,212,Cash,37,3.3,4.8
2024-07-10 11:43:00,CNR1474345663,Canceled by Driver,CID762180,Bike,Richmond Town,Sarjapur Road,,,Not Applicable,Customer was coughing/sick,Not Applicable,Not Applicable,141,Not Applicable,0,,
2024-07-18 02:01:00,CNR2957955972,Success,CID491934,Bike,Whitefield,Magadi Road,63.0,30.0,Not Applicable,Not Applicable,No,Not Applicable,167,Cash,6,4.9,3.3
2024-07-16 22:51:00,CNR6905510374,Canceled by Driver,CID108046,Mini,Hulimavu,Electronic City,,,Not Applicable,Personal & Car related issue,Not Applicable,Not Applicable,336,Not Applicable,0,,
2024-07-28 22:13:00,CNR4150707031,Driver Not Found,CID840119,eBike,Electronic City,Marathahalli,,,Not Applicable,Not Applicable,Not Applicable,Not Applicable,475,Not Applicable,0,,
2024-07-06 17:49:00,CNR8333132351,Canceled by Customer,CID913607,Prime Plus,Sarjapur Road,Shivajinagar,,,AC is Not working,Not Applicable,Not Applicable,Not Applicable,913,Not Applicable,0,,
2024-07-05 14:57:00,CNR2234361046,Success,CID393040,Prime Sedan,Frazer Town,Ramamurthy Nagar,196.0,105.0,Not Applicable,Not Applicable,Yes,Other Issue,157,Cash,48,3.9,5.0
2024-07-12 14:11:00,CNR8904943253,Success,CID787814,eBike,BTM Layout,Ulsoor,42.0,100.0,Not Applicable,Not Applicable,No,Not Applicable,445,Cash,24,3.0,4.7
2024-07-27 08:12:00,CNR6757980142,Success,CID460049,Prime Plus,Koramangala,Tumkur Road,105.0,70.0,Not Applicable,Not Applicable,No,Not Applicable,255,UPI,22,4.4,3.9
2024-07-11 00:36:00,CNR1542864581,Success,CID492146,Mini,KR Puram,Hosur Road,161.0,30.0,Not Applicable,Not Applicable,No,Not Applicable,304,UPI,7,4.1,3.0
2024-07-16 12:55:00,CNR4153180952,Success,CID996410,Prime SUV,BTM Layout,Ramamurthy Nagar,238.0,90.0,Not Applicable,Not Applicable,No,Not Applicable,387,Cash,31,3.2,4.8
2024-07-12 08:18:00,CNR9741105154,Canceled by Customer,CID411397,Auto,Varthur,Yelahanka,,,Driver is not moving towards pickup location,Not Applicable,Not Applicable,Not Applicable,588,Not Applicable,0,,
2024-07-08 16:17:00,CNR8546027113,Canceled by Customer,CID697681,Prime Plus,Koramangala,Shivajinagar,,,Change of plans,Not Applicable,Not Applicable,Not Applicable,308,Not Applicable,0,,
2024-07-04 18:49:00,CNR6602544663,Success,CID768539,Prime SUV,Koramangala,Jayanagar,238.0,45.0,Not Applicable,Not Applicable,No,Not Applicable,238,UPI,30,3.9,3.1
2024-07-29 10:01:00,CNR7957995034,Success,CID506416,Prime SUV,Indiranagar,Mysore Road,273.0,90.0,Not Applicable,Not Applicable,No,Not Applicable,873,Cash,24,4.9,4.7
2024-07-12 10:02:00,CNR5341990267,Canceled by Customer,CID292910,Bike,Devanahalli,Ulsoor,,,Driver asked to cancel,Not Applicable,Not Applicable,Not Applicable,2891,Not Applicable,0,,
2024-07-06 22:27:00,CNR7718366696,Success,CID379563,Prime Sedan,Rajajinagar,RT Nagar,35.0,35.0,Not Applicable,Not Applicable,No,Not Applicable,1210,Cash,1,4.6,4.9
2024-07-30 07:27:00,CNR3979904530,Success,CID439658,eBike,Kengeri,Shantinagar,147.0,45.0,Not Applicable,Not Applicable,No,Not Applicable,323,Cash,20,4.7,3.6
2024-07-17 01:02:00,CNR9646475809,Success,CID355714,Bike,Whitefield,Ramamurthy Nagar,301.0,65.0,Not Applicable,Not Applicable,No,Not Applicable,390,UPI,28,3.5,3.7
2024-07-12 05:21:00,CNR9335128995,Canceled by Driver,CID839848,Prime Sedan,MG Road,Richmond Town,,,Not Applicable,Customer was coughing/sick,Not Applicable,Not Applicable,395,Not Applicable,0,,
2024-07-21 14:43:00,CNR4347206235,Success,CID767638,Auto,Sahakar Nagar,Yeshwanthpur,168.0,25.0,Not Applicable,Not Applicable,No,Not Applicable,581,Cash,13,4.7,4.7
2024-07-24 01:55:00,CNR9782163476,Success,CID598593,eBike,Malleshwaram,Chamarajpet,259.0,100.0,Not Applicable,Not Applicable,No,Not Applicable,556,UPI,5,4.4,3.8
2024-07-14 10:33:00,CNR3150246062,Success,CID784594,Mini,Bellandur,Peenya,91.0,105.0,Not Applicable,Not Applicable,No,Not Applicable,305,UPI,13,4.4,4.9
2024-07-20 18:34:00,CNR8925774016,Canceled by Driver,CID600082,Auto,Richmond Town,Yeshwanthpur,,,Not Applicable,More than permitted people in there,Not Applicable,Not Applicable,707,Not Applicable,0,,
2024-07-10 14:55:00,CNR5863759317,Success,CID183478,Auto,Majestic,Basavanagudi,245.0,120.0,Not Applicable,Not Applicable,No,Not Applicable,358,UPI,14,4.2,3.1
2024-07-02 15:36:00,CNR2511909699,Success,CID810840,Auto,Varthur,Varthur,266.0,145.0,Not Applicable,Not Applicable,No,Not Applicable,789,Cash,2,3.0,3.7
2024-07-12 23:43:00,CNR9336717314,Success,CID869777,Prime Plus,Frazer Town,MG Road,231.0,130.0,Not Applicable,Not Applicable,No,Not Applicable,250,UPI,35,4.4,3.6
2024-07-08 04:39:00,CNR2695865772,Success,CID269933,Prime SUV,HSR Layout,HSR Layout,308.0,50.0,Not Applicable,Not Applicable,No,Not Applicable,457,UPI,18,4.9,3.5
2024-07-08 14:37:00,CNR4317387280,Success,CID438961,Prime Sedan,Nagarbhavi,Kammanahalli,147.0,70.0,Not Applicable,Not Applicable,No,Not Applicable,607,Cash,30,4.4,4.3
2024-07-25 00:53:00,CNR1405533546,Success,CID514668,Bike,Bannerghatta Road,Richmond Town,308.0,110.0,Not Applicable,Not Applicable,No,Not Applicable,2180,UPI,7,4.0,4.2
2024-07-29 14:15:00,CNR6915262552,Success,CID931017,Prime SUV,Vijayanagar,Yeshwanthpur,112.0,130.0,Not Applicable,Not Applicable,No,Not Applicable,182,UPI,41,3.8,4.5
2024-07-11 02:38:00,CNR4854452122,Success,CID797418,Prime SUV,Kammanahalli,Marathahalli,196.0,70.0,Not Applicable,Not Applicable,No,Not Applicable,151,UPI,25,4.1,4.9
2024-07-03 14:08:00,CNR4695995608,Success,CID423822,Bike,Ramamurthy Nagar,Whitefield,42.0,60.0,Not Applicable,Not Applicable,No,Not Applicable,257,UPI,42,3.6,4.6
2024-07-13 03:16:00,CNR8977005662,Success,CID372576,Bike,Richmond Town,KR Puram,280.0,125.0,Not Applicable,Not Applicable,No,Not Applicable,921,Cash,48,3.2,3.7
2024-07-18 17:08:00,CNR4178104377,Canceled by Driver,CID203641,Prime Sedan,Sarjapur Road,Kengeri,,,Not Applicable,More than permitted people in there,Not Applicable,Not Applicable,140,Not Applicable,0,,
2024-07-06 23:14:00,CNR7400154290,Success,CID859345,Auto,BTM Layout,Yelahanka,287.0,50.0,Not Applicable,Not Applicable,No,Not Applicable,421,UPI,17,3.4,4.6
2024-07-04 01:32:00,CNR5487570023,Success,CID570136,Prime SUV,Malleshwaram,Electronic City,168.0,105.0,Not Applicable,Not Applicable,No,Not Applicable,346,UPI,15,3.6,3.3
2024-07-15 20:32:00,CNR5896468069,Canceled by Driver,CID726300,Auto,Langford Town,Hosur Road,,,Not Applicable,Personal & Car related issue,Not Applicable,Not Applicable,817,Not Applicable,0,,
2024-07-21 17:35:00,CNR2069642333,Driver Not Found,CID313102,Auto,Rajarajeshwari Nagar,Chamarajpet,,,Not Applicable,Not Applicable,Not Applicable,Not Applicable,913,Not Applicable,0,,
2024-07-26 21:27:00,CNR4207328724,Success,CID588240,Prime Plus,Mysore Road,Hosur Road,70.0,80.0,Not Applicable,Not Applicable,No,Not Applicable,724,Cash,6,4.1,4.6
2024-07-17 07:24:00,CNR6612781408,Success,CID939376,Bike,Kengeri,Majestic,308.0,120.0,Not Applicable,Not Applicable,No,Not Applicable,192,Credit Card,13,3.2,3.1
2024-07-29 20:47:00,CNR7947064632,Success,CID379878,Prime Sedan,Bannerghatta Road,Banashankari,42.0,75.0,Not Applicable,Not Applicable,No,Not Applicable,909,Cash,43,3.8,4.7
2024-07-05 09:47:00,CNR5839099076,Success,CID654201,Prime SUV,Malleshwaram,Ramamurthy Nagar,217.0,125.0,Not Applicable,Not Applicable,No,Not Applicable,162,Cash,11,3.9,3.0
2024-07-19 01:53:00,CNR8030060259,Success,CID506299,Prime Sedan,Shantinagar,Mysore Road,98.0,135.0,Not Applicable,Not Applicable,Yes,Vehicle Breakdown,1294,Cash,42,4.2,3.3
2024-07-21 21:27:00,CNR6445577962,Success,CID276126,Mini,Malleshwaram,Banashankari,140.0,25.0,Not Applicable,Not Applicable,No,Not Applicable,336,UPI,15,4.7,4.0
2024-07-07 04:51:00,CNR1316109456,Success,CID350852,Mini,Ramamurthy Nagar,Electronic City,70.0,90.0,Not Applicable,Not Applicable,No,Not Applicable,677,Cash,44,4.4,4.2
2024-07-26 17:29:00,CNR7390469480,Success,CID553303,Prime Plus,Kadugodi,Bellandur,105.0,30.0,Not Applicable,Not Applicable,No,Not Applicable,916,Cash,38,4.8,4.3
2024-07-19 06:49:00,CNR8639136402,Success,CID597149,Bike,Langford Town,Hosur Road,42.0,80.0,Not Applicable,Not Applicable,No,Not Applicable,575,UPI,44,3.2,3.2
2024-07-28 23:18:00,CNR9799634726,Success,CID787766,Auto,RT Nagar,Jayanagar,133.0,85.0,Not Applicable,Not Applicable,No,Not Applicable,363,Cash,8,5.0,3.2
2024-07-03 16:25:00,CNR5660435690,Success,CID290443,Prime Sedan,Bannerghatta Road,Rajarajeshwari Nagar,77.0,115.0,Not Applicable,Not Applicable,No,Not Applicable,191,Cash,36,4.1,4.4
2024-07-13 06:35:00,CNR9422306425,Success,CID404227,Bike,Ulsoor,Yeshwanthpur,224.0,145.0,Not Applicable,Not Applicable,No,Not Applicable,104,UPI,32,3.8,4.2
2024-07-04 08:13:00,CNR4267063403,Canceled by Driver,CID718909,Bike,Varthur,Indiranagar,,,Not Applicable,Customer was coughing/sick,Not Applicable,Not Applicable,357,Not Applicable,0,,
2024-07-18 17:14:00,CNR1206949402,Success,CID810815,Prime SUV,Ulsoor,Hebbal,238.0,140.0,Not Applicable,Not Applicable,No,Not Applicable,368,UPI,20,4.3,3.0
2024-07-01 13:57:00,CNR7366210865,Canceled by Driver,CID410961,Prime Sedan,Richmond Town,Hulimavu,,,Not Applicable,Customer related issue,Not Applicable,Not Applicable,646,Not Applicable,0,,
2024-07-23 05:14:00,CNR2336250727,Success,CID879815,Prime SUV,Bannerghatta Road,HSR Layout,224.0,115.0,Not Applicable,Not Applicable,No,Not Applicable,480,Cash,7,4.9,3.3
2024-07-26 06:13:00,CNR9343424993,Success,CID321419,Prime Sedan,Indiranagar,Hulimavu,210.0,80.0,Not Applicable,Not Applicable,No,Not Applicable,369,UPI,46,3.5,3.4
2024-07-23 19:24:00,CNR6565629041,Success,CID987310,eBike,Nagarbhavi,HSR Layout,287.0,95.0,Not Applicable,Not Applicable,No,Not Applicable,107,UPI,16,3.2,4.2
2024-07-01 15:53:00,CNR8489915386,Success,CID451791,Mini,JP Nagar,Hosur Road,98.0,135.0,Not Applicable,Not Applicable,No,Not Applicable,634,Cash,1,4.1,4.9
2024-07-05 23:03:00,CNR3153385467,Success,CID904300,Prime SUV,HSR Layout,Tumkur Road,147.0,105.0,Not Applicable,Not Applicable,No,Not Applicable,173,Cash,31,4.6,3.3
2024-07-07 09:49:00,CNR9671944730,Success,CID809575,Auto,Hosur Road,Varthur,98.0,90.0,Not Applicable,Not Applicable,No,Not Applicable,793,Cash,6,4.4,3.4
2024-07-05 07:05:00,CNR1788802571,Driver Not Found,CID338787,Prime Sedan,Chamarajpet,Hulimavu,,,Not Applicable,Not Applicable,Not Applicable,Not Applicable,252,Not Applicable,0,,
2024-07-06 05:32:00,CNR5593348291,Canceled by Customer,CID709106,Prime SUV,Frazer Town,Peenya,,,Change of plans,Not Applicable,Not Applicable,Not Applicable,461,Not Applicable,0,,
2024-07-15 19:32:00,CNR4536387620,Canceled by Driver,CID653573,Mini,Hennur,Magadi Road,,,Not Applicable,More than permitted people in there,Not Applicable,Not Applicable,467,Not Applicable,0,,
2024-07-20 18:44:00,CNR3877625285,Success,CID403340,Mini,Padmanabhanagar,Kengeri,112.0,50.0,Not Applicable,Not Applicable,No,Not Applicable,353,UPI,23,4.2,3.4
2024-07-26 02:30:00,CNR6054101580,Success,CID225672,Auto,Cox Town,Koramangala,154.0,105.0,Not Applicable,Not Applicable,No,Not Applicable,362,Cash,9,4.5,4.0
2024-07-12 14:11:00,CNR2226991835,Success,CID972922,eBike,Hulimavu,RT Nagar,224.0,130.0,Not Applicable,Not Applicable,No,Not Applicable,212,Cash,45,4.2,3.4
2024-07-04 16:16:00,CNR1829425775,Canceled by Driver,CID780299,Prime SUV,Bannerghatta Road,Indiranagar,,,Not Applicable,Personal & Car related issue,Not Applicable,Not Applicable,186,Not Applicable,0,,
2024-07-01 10:08:00,CNR4907867965,Success,CID928902,Prime Sedan,Mysore Road,Magadi Road,112.0,50.0,Not Applicable,Not Applicable,No,Not Applicable,926,UPI,16,4.4,4.6
2024-07-01 08:15:00,CNR2877849029,Canceled by Driver,CID543203,Prime Sedan,Marathahalli,Kadugodi,,,Not Applicable,Customer was coughing/sick,Not Applicable,Not Applicable,470,Not Applicable,0,,
2024-07-28 12:14:00,CNR1556377202,Canceled by Driver,CID103402,Mini,Peenya,Hennur,,,Not Applicable,Personal & Car related issue,Not Applicable,Not Applicable,118,Not Applicable,0,,
2024-07-16 13:08:00,CNR8190509142,Canceled by Customer,CID654157,Auto,Shantinagar,Ramamurthy Nagar,,,AC is Not working,Not Applicable,Not Applicable,Not Applicable,377,Not Applicable,0,,
2024-07-24 16:52:00,CNR3856839917,Canceled by Driver,CID685041,eBike,Sahakar Nagar,Bellandur,,,Not Applicable,Personal & Car related issue,Not Applicable,Not Applicable,248,Not Applicable,0,,
2024-07-16 13:05:00,CNR1171025743,Success,CID659947,Bike,Basavanagudi,Basavanagudi,35.0,125.0,Not Applicable,Not Applicable,No,Not Applicable,252,Cash,47,3.3,4.6
2024-07-26 23:32:00,CNR2106887204,Success,CID436984,Prime Sedan,Chamarajpet,BTM Layout,252.0,120.0,Not Applicable,Not Applicable,No,Not Applicable,109,Cash,42,3.3,4.8
2024-07-04 03:10:00,CNR8419896330,Canceled by Customer,CID603417,Prime Plus,Kadugodi,Bannerghatta Road,,,Driver asked to cancel,Not Applicable,Not Applicable,Not Applicable,247,Not Applicable,0,,
2024-07-19 07:53:00,CNR1061513001,Success,CID181326,Prime SUV,Richmond Town,Magadi Road,266.0,100.0,Not Applicable,Not Applicable,No,Not Applicable,969,Cash,21,4.5,3.1
2024-07-28 23:20:00,CNR1562265628,Canceled by Customer,CID147788,Prime SUV,Hennur,Marathahalli,,,Driver asked to cancel,Not Applicable,Not Applicable,Not Applicable,468,Not Applicable,0,,
2024-07-12 12:48:00,CNR8016084019,Success,CID885534,Bike,Mysore Road,Chamarajpet,224.0,140.0,Not Applicable,Not Applicable,No,Not Applicable,694,Cash,9,3.1,3.1
2024-07-05 17:18:00,CNR5060371758,Success,CID160467,Auto,JP Nagar,Basavanagudi,56.0,30.0,Not Applicable,Not Applicable,No,Not Applicable,330,Cash,18,4.5,4.6
2024-07-29 12:06:00,CNR7929292927,Success,CID727977,Mini,Ulsoor,Chickpet,133.0,140.0,Not Applicable,Not Applicable,No,Not Applicable,473,Cash,14,3.5,4.6
2024-07-29 09:19:00,CNR4106226259,Success,CID533771,Auto,Rajarajeshwari Nagar,Hennur,273.0,110.0,Not Applicable,Not Applicable,No,Not Applicable,414,Cash,17,4.3,3.1
2024-07-15 13:48:00,CNR9437083784,Canceled by Driver,CID815119,eBike,Langford Town,Yeshwanthpur,,,Not Applicable,More than permitted people in there,Not Applicable,Not Applicable,182,Not Applicable,0,,
2024-07-19 18:19:00,CNR9735903630,Success,CID399091,eBike,Langford Town,Majestic,140.0,80.0,Not Applicable,Not Applicable,No,Not Applicable,345,UPI,8,3.9,4.4
2024-07-07 18:37:00,CNR8359381940,Success,CID973734,Bike,Majestic,Shivajinagar,273.0,45.0,Not Applicable,Not Applicable,No,Not Applicable,119,UPI,31,4.1,3.2
2024-07-14 14:08:00,CNR5705358762,Success,CID362341,Prime Plus,Basavanagudi,Ulsoor,133.0,85.0,Not Applicable,Not Applicable,No,Not Applicable,2038,Cash,11,4.4,3.9
2024-07-14 02:02:00,CNR7554631665,Success,CID334267,Mini,Marathahalli,Yelahanka,35.0,140.0,Not Applicable,Not Applicable,No,Not Applicable,129,Cash,44,3.1,3.2
2024-07-13 07:07:00,CNR1625527083,Success,CID151798,Prime Plus,Chamarajpet,Nagarbhavi,140.0,35.0,Not Applicable,Not Applicable,No,Not Applicable,138,Cash,6,3.3,3.9
2024-07-07 16:56:00,CNR8153850500,Success,CID118643,eBike,KR Puram,Yeshwanthpur,63.0,60.0,Not Applicable,Not Applicable,No,Not Applicable,451,Cash,33,3.1,3.3
2024-07-25 08:38:00,CNR2397736692,Success,CID158003,Auto,Kengeri,Bannerghatta Road,77.0,115.0,Not Applicable,Not Applicable,No,Not Applicable,2333,UPI,5,4.6,3.5
2024-07-10 23:10:00,CNR5385803929,Driver Not Found,CID674845,eBike,Hennur,Sahakar Nagar,,,Not Applicable,Not Applicable,Not Applicable,Not Applicable,144,Not Applicable,0,,
2024-07-25 10:53:00,CNR5115014097,Success,CID315054,Prime Plus,Sahakar Nagar,Chickpet,168.0,30.0,Not Applicable,Not Applicable,No,Not Applicable,556,Cash,35,3.3,3.7
2024-07-24 15:35:00,CNR3884187488,Success,CID422897,eBike,MG Road,Hennur,168.0,110.0,Not Applicable,Not Applicable,No,Not Applicable,541,UPI,47,4.3,4.5
2024-07-03 22:18:00,CNR7698027374,Success,CID471367,Prime SUV,Marathahalli,HSR Layout,140.0,135.0,Not Applicable,Not Applicable,No,Not Applicable,394,Cash,2,4.3,3.8
2024-07-28 02:37:00,CNR4828943055,Canceled by Driver,CID591877,eBike,Malleshwaram,Chamarajpet,,,Not Applicable,More than permitted people in there,Not Applicable,Not Applicable,409,Not Applicable,0,,
2024-07-09 15:33:00,CNR2143954887,Success,CID594910,Mini,Koramangala,Kammanahalli,308.0,105.0,Not Applicable,Not Applicable,No,Not Applicable,178,Cash,14,4.9,4.0
2024-07-02 08:26:00,CNR5306799087,Success,CID234999,Prime SUV,Chamarajpet,Mysore Road,147.0,65.0,Not Applicable,Not Applicable,Yes,Customer Demand,689,Cash,33,3.9,4.3
2024-07-03 07:21:00,CNR1427734145,Success,CID257323,Auto,Devanahalli,HSR Layout,266.0,95.0,Not Applicable,Not Applicable,No,Not Applicable,511,Cash,3,3.7,3.7
2024-07-28 03:29:00,CNR7806244400,Success,CID687686,Prime SUV,Kadugodi,Padmanabhanagar,98.0,45.0,Not Applicable,Not Applicable,No,Not Applicable,113,UPI,41,3.2,3.5
2024-07-11 20:50:00,CNR2073219496,Success,CID437124,Bike,Magadi Road,Frazer Town,224.0,30.0,Not Applicable,Not Applicable,No,Not Applicable,226,UPI,42,3.5,5.0
2024-07-01 00:14:00,CNR2605824254,Canceled by Driver,CID937620,Auto,Cox Town,Rajajinagar,,,Not Applicable,Customer related issue,Not Applicable,Not Applicable,376,Not Applicable,0,,
2024-07-29 08:28:00,CNR5891354867,Canceled by Driver,CID666940,Prime SUV,Hosur Road,Kammanahalli,,,Not Applicable,Customer related issue,Not Applicable,Not Applicable,272,Not Applicable,0,,
2024-07-16 08:38:00,CNR3793330080,Success,CID319854,Prime SUV,Devanahalli,Tumkur Road,280.0,95.0,Not Applicable,Not Applicable,No,Not Applicable,693,Cash,1,4.2,4.9
2024-07-01 03:33:00,CNR4018498566,Success,CID192064,Auto,Rajajinagar,Rajarajeshwari Nagar,294.0,100.0,Not Applicable,Not Applicable,No,Not Applicable,2751,Cash,5,4.2,4.7
2024-07-02 08:03:00,CNR4271119693,Driver Not Found,CID716959,Prime SUV,Hosur Road,Cox Town,,,Not Applicable,Not Applicable,Not Applicable,Not Applicable,862,Not Applicable,0,,
2024-07-27 15:57:00,CNR1884831433,Canceled by Customer,CID668926,Auto,Majestic,Cox Town,,,Wrong Address,Not Applicable,Not Applicable,Not Applicable,2858,Not Applicable,0,,
2024-07-14 22:27:00,CNR7129172536,Success,CID552298,eBike,Yelahanka,Kadugodi,105.0,75.0,Not Applicable,Not Applicable,No,Not Applicable,1298,UPI,42,3.3,4.3
2024-07-02 13:01:00,CNR8469630557,Driver Not Found,CID226251,Auto,Indiranagar,Rajarajeshwari Nagar,,,Not Applicable,Not Applicable,Not Applicable,Not Applicable,1270,Not Applicable,0,,
2024-07-11 03:52:00,CNR1461115721,Canceled by Driver,CID822681,Prime Plus,Kengeri,Sahakar Nagar,,,Not Applicable,Personal & Car related issue,Not Applicable,Not Applicable,2258,Not Applicable,0,,
2024-07-29 21:59:00,CNR8848502591,Success,CID710309,Bike,Hulimavu,Whitefield,203.0,30.0,Not Applicable,Not Applicable,No,Not Applicable,368,Cash,30,4.8,3.7
2024-07-27 10:22:00,CNR7556690610,Canceled by Driver,CID987985,Auto,RT Nagar,Chamarajpet,,,Not Applicable,Personal & Car related issue,Not Applicable,Not Applicable,2744,Not Applicable,0,,
2024-07-25 04:56:00,CNR9121273683,Success,CID989975,Auto,Yeshwanthpur,KR Puram,224.0,120.0,Not Applicable,Not Applicable,No,Not Applicable,438,UPI,17,3.6,4.1
2024-07-19 06:42:00,CNR8036086859,Canceled by Driver,CID992286,Bike,Indiranagar,Magadi Road,,,Not Applicable,More than permitted people in there,Not Applicable,Not Applicable,212,Not Applicable,0,,
2024-07-30 10:44:00,CNR9616979684,Success,CID385048,Mini,JP Nagar,Hebbal,294.0,90.0,Not Applicable,Not Applicable,No,Not Applicable,324,UPI,13,3.4,4.1
2024-07-14 20:39:00,CNR2479935667,Success,CID457880,Prime Sedan,Basavanagudi,Shivajinagar,224.0,25.0,Not Applicable,Not Applicable,No,Not Applicable,591,Cash,47,4.3,3.9
2024-07-25 06:35:00,CNR7781232042,Success,CID174609,Auto,Mysore Road,Malleshwaram,161.0,50.0,Not Applicable,Not Applicable,No,Not Applicable,428,UPI,19,3.3,4.6
2024-07-27 07:12:00,CNR9926058496,Success,CID579028,Auto,Ulsoor,Vijayanagar,287.0,110.0,Not Applicable,Not Applicable,Yes,Vehicle Breakdown,360,UPI,4,4.7,4.3
2024-07-22 16:31:00,CNR7582895891,Success,CID300462,Auto,Nagarbhavi,Bellandur,119.0,45.0,Not Applicable,Not Applicable,No,Not Applicable,110,UPI,4,4.6,4.5
2024-07-12 23:10:00,CNR4554999335,Success,CID541850,eBike,Jayanagar,Nagarbhavi,252.0,45.0,Not Applicable,Not Applicable,No,Not Applicable,434,UPI,44,4.1,3.6
2024-07-10 21:40:00,CNR6279311583,Success,CID809359,Auto,Langford Town,Koramangala,301.0,30.0,Not Applicable,Not Applicable,No,Not Applicable,122,Cash,6,3.2,4.4
2024-07-05 19:08:00,CNR3234987474,Canceled by Driver,CID337239,eBike,Whitefield,Yelahanka,,,Not Applicable,Customer related issue,Not Applicable,Not Applicable,414,Not Applicable,0,,
2024-07-18 17:43:00,CNR3889346546,Success,CID940926,Auto,Rajarajeshwari Nagar,Rajarajeshwari Nagar,182.0,80.0,Not Applicable,Not Applicable,No,Not Applicable,707,UPI,9,3.4,4.8
2024-07-27 02:56:00,CNR7403850972,Success,CID924353,Prime Plus,Ulsoor,Peenya,175.0,40.0,Not Applicable,Not Applicable,No,Not Applicable,2290,Cash,45,3.9,4.4
2024-07-05 14:10:00,CNR2389233427,Canceled by Customer,CID311239,Prime Sedan,Kammanahalli,Bellandur,,,Change of plans,Not Applicable,Not Applicable,Not Applicable,726,Not Applicable,0,,
2024-07-30 12:17:00,CNR5659065268,Success,CID335218,Prime Plus,Mysore Road,Chickpet,224.0,70.0,Not Applicable,Not Applicable,No,Not Applicable,172,Cash,47,4.2,3.5
2024-07-17 23:38:00,CNR8487490914,Success,CID201451,Prime Plus,Sahakar Nagar,Yelahanka,112.0,65.0,Not Applicable,Not Applicable,No,Not Applicable,242,UPI,14,3.8,4.6
2024-07-03 22:48:00,CNR5768718323,Driver Not Found,CID567500,Mini,Jayanagar,RT Nagar,,,Not Applicable,Not Applicable,Not Applicable,Not Applicable,315,Not Applicable,0,,
2024-07-29 10:52:00,CNR4325117045,Success,CID736150,Mini,Whitefield,Yeshwanthpur,280.0,25.0,Not Applicable,Not Applicable,No,Not Applicable,372,Cash,33,4.5,5.0
2024-07-06 04:02:00,CNR7568736982,Success,CID875311,Auto,Kengeri,Cox Town,231.0,45.0,Not Applicable,Not Applicable,No,Not Applicable,105,Cash,3,3.5,3.1
2024-07-04 00:57:00,CNR1607586964,Success,CID917282,Prime SUV,Devanahalli,Langford Town,189.0,30.0,Not Applicable,Not Applicable,No,Not Applicable,296,Credit Card,12,4.0,3.3
2024-07-26 19:00:00,CNR2868528269,Success,CID432490,eBike,Indiranagar,Sahakar Nagar,133.0,130.0,Not Applicable,Not Applicable,No,Not Applicable,269,UPI,21,3.6,3.6
2024-07-03 07:55:00,CNR5295834209,Success,CID185864,Prime SUV,RT Nagar,Mysore Road,140.0,80.0,Not Applicable,Not Applicable,No,Not Applicable,781,UPI,14,4.2,4.3
2024-07-20 00:53:00,CNR7437030536,Success,CID969553,Auto,Kengeri,MG Road,308.0,45.0,Not Applicable,Not Applicable,No,Not Applicable,270,UPI,17,4.7,4.3
2024-07-24 14:59:00,CNR7731436401,Canceled by Driver,CID373930,Mini,Langford Town,RT Nagar,,,Not Applicable,Customer related issue,Not Applicable,Not Applicable,458,Not Applicable,0,,
2024-07-04 14:38:00,CNR3094238384,Driver Not Found,CID354900,Prime SUV,Shivajinagar,Banashankari,,,Not Applicable,Not Applicable,Not Applicable,Not Applicable,665,Not Applicable,0,,
2024-07-28 23:30:00,CNR6141684437,Success,CID631883,Prime Sedan,Sarjapur Road,Sarjapur Road,175.0,65.0,Not Applicable,Not Applicable,No,Not Applicable,113,UPI,16,3.8,3.9
2024-07-07 17:32:00,CNR2139450180,Success,CID818299,Mini,Cox Town,Malleshwaram,245.0,105.0,Not Applicable,Not Applicable,No,Not Applicable,124,Cash,29,3.4,4.8
2024-07-01 13:17:00,CNR3343398582,Success,CID348925,Mini,Vijayanagar,Bannerghatta Road,189.0,140.0,Not Applicable,Not Applicable,No,Not Applicable,263,Cash,27,3.9,4.5
2024-07-03 19:06:00,CNR6893876734,Success,CID756969,Prime SUV,Hosur Road,Basavanagudi,175.0,120.0,Not Applicable,Not Applicable,No,Not Applicable,433,Cash,31,4.9,5.0
2024-07-26 14:38:00,CNR9148981005,Canceled by Driver,CID699864,Prime SUV,Whitefield,Magadi Road,,,Not Applicable,Personal & Car related issue,Not Applicable,Not Applicable,499,Not Applicable,0,,
2024-07-30 06:43:00,CNR8148304496,Canceled by Driver,CID509545,Prime Plus,Langford Town,Yelahanka,,,Not Applicable,Personal & Car related issue,Not Applicable,Not Applicable,254,Not Applicable,0,,
2024-07-27 02:22:00,CNR4666319191,Driver Not Found,CID898357,Prime Sedan,Langford Town,Vijayanagar,,,Not Applicable,Not Applicable,Not Applicable,Not Applicable,331,Not Applicable,0,,
2024-07-15 09:40:00,CNR6785834760,Success,CID627951,Auto,RT Nagar,Koramangala,266.0,65.0,Not Applicable,Not Applicable,No,Not Applicable,393,UPI,1,3.2,4.9
2024-07-03 06:38:00,CNR6643613359,Driver Not Found,CID657198,Prime SUV,Kammanahalli,Shivajinagar,,,Not Applicable,Not Applicable,Not Applicable,Not Applicable,453,Not Applicable,0,,
2024-07-21 11:45:00,CNR1969529331,Driver Not Found,CID991618,Prime Sedan,Sarjapur Road,Chamarajpet,,,Not Applicable,Not Applicable,Not Applicable,Not Applicable,485,Not Applicable,0,,
2024-07-30 00:40:00,CNR1101554049,Driver Not Found,CID283336,Prime Plus,Langford Town,HSR Layout,,,Not Applicable,Not Applicable,Not Applicable,Not Applicable,282,Not Applicable,0,,
2024-07-17 08:48:00,CNR8144290855,Success,CID973946,Prime SUV,KR Puram,Shivajinagar,91.0,145.0,Not Applicable,Not Applicable,No,Not Applicable,363,Cash,33,3.9,3.2
2024-07-08 11:10:00,CNR9139215936,Success,CID786289,Mini,Shantinagar,Vijayanagar,252.0,115.0,Not Applicable,Not Applicable,No,Not Applicable,461,Cash,11,4.5,4.1
2024-07-14 09:20:00,CNR8518505065,Success,CID702014,eBike,Electronic City,Tumkur Road,105.0,70.0,Not Applicable,Not Applicable,No,Not Applicable,710,Cash,17,4.7,4.5
2024-07-03 01:54:00,CNR1416414390,Success,CID151432,Prime SUV,Sahakar Nagar,Bannerghatta Road,196.0,140.0,Not Applicable,Not Applicable,No,Not Applicable,334,Cash,44,3.6,3.6
2024-07-06 15:51:00,CNR2405166749,Canceled by Driver,CID215045,Mini,Frazer Town,Kadugodi,,,Not Applicable,Personal & Car related issue,Not Applicable,Not Applicable,505,Not Applicable,0,,
2024-07-21 14:02:00,CNR2341015511,Success,CID174560,Prime Plus,HSR Layout,JP Nagar,147.0,75.0,Not Applicable,Not Applicable,No,Not Applicable,163,Cash,34,4.6,3.7
2024-07-11 22:54:00,CNR2612289429,Canceled by Driver,CID648856,Bike,Jayanagar,Shantinagar,,,Not Applicable,Customer related issue,Not Applicable,Not Applicable,2327,Not Applicable,0,,
2024-07-18 16:28:00,CNR7828738998,Success,CID880494,eBike,Bannerghatta Road,KR Puram,252.0,95.0,Not Applicable,Not Applicable,No,Not Applicable,125,UPI,41,3.5,3.5
2024-07-12 04:37:00,CNR5205527489,Success,CID491049,Auto,Whitefield,Chickpet,294.0,110.0,Not Applicable,Not Applicable,No,Not Applicable,415,Cash,14,3.7,4.5
2024-07-19 10:38:00,CNR2553485386,Success,CID592030,eBike,Hosur Road,Shivajinagar,84.0,45.0,Not Applicable,Not Applicable,No,Not Applicable,829,UPI,9,4.1,3.5
2024-07-21 01:16:00,CNR3345593911,Canceled by Driver,CID348636,Prime Plus,Langford Town,Shantinagar,,,Not Applicable,Personal & Car related issue,Not Applicable,Not Applicable,301,Not Applicable,0,,
2024-07-23 11:41:00,CNR6761071480,Success,CID454524,Bike,MG Road,Hosur Road,308.0,100.0,Not Applicable,Not Applicable,No,Not Applicable,111,Cash,21,3.8,4.7
2024-07-10 14:32:00,CNR4032592642,Success,CID211412,Prime Plus,Hosur Road,Nagarbhavi,301.0,30.0,Not Applicable,Not Applicable,No,Not Applicable,138,Cash,31,4.5,4.9
2024-07-11 01:08:00,CNR7080029133,Canceled by Customer,CID494609,Auto,Devanahalli,Shivajinagar,,,Driver asked to cancel,Not Applicable,Not Applicable,Not Applicable,243,Not Applicable,0,,
2024-07-18 18:02:00,CNR8520028564,Success,CID374921,Prime SUV,Yeshwanthpur,Electronic City,266.0,30.0,Not Applicable,Not Applicable,No,Not Applicable,141,Cash,28,4.1,3.0
2024-07-06 02:05:00,CNR4185662398,Success,CID530621,Prime SUV,Rajarajeshwari Nagar,Hebbal,308.0,85.0,Not Applicable,Not Applicable,No,Not Applicable,801,Cash,6,4.4,3.6
2024-07-26 12:48:00,CNR8887240216,Success,CID150010,Prime SUV,Sahakar Nagar,Magadi Road,252.0,125.0,Not Applicable,Not Applicable,No,Not Applicable,155,Cash,47,4.2,4.1
2024-07-16 20:28:00,CNR6033535941,Canceled by Customer,CID963157,Prime SUV,Kengeri,Langford Town,,,Driver is not moving towards pickup location,Not Applicable,Not Applicable,Not Applicable,2760,Not Applicable,0,,
2024-07-20 20:14:00,CNR5371214131,Success,CID969212,Bike,Chickpet,Nagarbhavi,301.0,50.0,Not Applicable,Not Applicable,No,Not Applicable,142,UPI,35,4.4,3.9
2024-07-04 14:40:00,CNR7205582196,Canceled by Driver,CID851294,Prime Plus,Hosur Road,Hosur Road,,,Not Applicable,Personal & Car related issue,Not Applicable,Not Applicable,234,Not Applicable,0,,
2024-07-24 17:54:00,CNR3015531260,Canceled by Driver,CID915068,Prime Plus,Malleshwaram,KR Puram,,,Not Applicable,Customer related issue,Not Applicable,Not Applicable,636,Not Applicable,0,,
2024-07-26 21:44:00,CNR3048197729,Success,CID994226,Prime Plus,Banashankari,Kengeri,168.0,100.0,Not Applicable,Not Applicable,No,Not Applicable,875,Cash,27,4.2,4.1
2024-07-28 02:01:00,CNR8913355231,Success,CID845147,Auto,Majestic,Kadugodi,203.0,125.0,Not Applicable,Not Applicable,No,Not Applicable,997,Cash,17,3.7,3.8
2024-07-28 14:48:00,CNR8258723907,Canceled by Driver,CID316522,Prime Plus,Vijayanagar,Chamarajpet,,,Not Applicable,Personal & Car related issue,Not Applicable,Not Applicable,2049,Not Applicable,0,,
2024-07-28 03:20:00,CNR6624565962,Canceled by Driver,CID936106,Mini,BTM Layout,Kadugodi,,,Not Applicable,Customer related issue,Not Applicable,Not Applicable,143,Not Applicable,0,,
2024-07-22 15:14:00,CNR6739667821,Driver Not Found,CID534122,Prime Plus,Sarjapur Road,Rajajinagar,,,Not Applicable,Not Applicable,Not Applicable,Not Applicable,389,Not Applicable,0,,
2024-07-27 13:10:00,CNR3915959664,Canceled by Driver,CID225526,Auto,Majestic,Richmond Town,,,Not Applicable,Customer related issue,Not Applicable,Not Applicable,481,Not Applicable,0,,
2024-07-12 17:06:00,CNR2092650092,Success,CID355139,Mini,Marathahalli,Kengeri,147.0,70.0,Not Applicable,Not Applicable,Yes,Customer Demand,363,UPI,33,3.0,3.5
2024-07-15 00:02:00,CNR7409063962,Success,CID992460,Prime SUV,Chamarajpet,Sahakar Nagar,49.0,130.0,Not Applicable,Not Applicable,No,Not Applicable,934,Cash,26,3.8,3.7
2024-07-03 12:28:00,CNR8154363005,Success,CID588662,Prime Plus,Sarjapur Road,RT Nagar,56.0,30.0,Not Applicable,Not Applicable,No,Not Applicable,236,Cash,6,3.6,4.9
2024-07-22 06:41:00,CNR1180681285,Success,CID277014,eBike,Whitefield,Electronic City,273.0,125.0,Not Applicable,Not Applicable,No,Not Applicable,380,Cash,25,3.5,4.9
2024-07-24 15:36:00,CNR1468175457,Success,CID373942,Bike,Rajarajeshwari Nagar,Hennur,154.0,135.0,Not Applicable,Not Applicable,No,Not Applicable,678,Cash,33,3.1,3.3
2024-07-07 16:05:00,CNR9358327485,Success,CID822126,Auto,Hulimavu,KR Puram,224.0,110.0,Not Applicable,Not Applicable,Yes,Vehicle Breakdown,355,Cash,18,4.0,3.7
2024-07-26 11:10:00,CNR1231911910,Canceled by Driver,CID958234,Auto,Majestic,Vijayanagar,,,Not Applicable,Customer was coughing/sick,Not Applicable,Not Applicable,213,Not Applicable,0,,
2024-07-30 13:34:00,CNR1626618053,Success,CID313420,Prime SUV,Whitefield,Devanahalli,56.0,35.0,Not Applicable,Not Applicable,No,Not Applicable,212,Cash,40,4.2,3.7
2024-07-26 17:15:00,CNR5904893166,Success,CID514629,Mini,Frazer Town,MG Road,140.0,65.0,Not Applicable,Not Applicable,No,Not Applicable,638,Cash,29,3.8,3.9
2024-07-23 19:56:00,CNR9845326382,Success,CID760516,Bike,Whitefield,Yelahanka,273.0,60.0,Not Applicable,Not Applicable,Yes,Customer Demand,313,Cash,22,4.4,3.7
2024-07-01 18:42:00,CNR1494984019,Canceled by Customer,CID780229,Prime Sedan,Hennur,Bellandur,,,Driver is not moving towards pickup location,Not Applicable,Not Applicable,Not Applicable,2590,Not Applicable,0,,
2024-07-07 13:38:00,CNR9683551661,Success,CID730823,eBike,Cox Town,Malleshwaram,63.0,125.0,Not Applicable,Not Applicable,No,Not Applicable,197,Cash,39,4.3,3.5
2024-07-23 04:38:00,CNR2984972789,Success,CID433802,Mini,Bellandur,Tumkur Road,245.0,95.0,Not Applicable,Not Applicable,No,Not Applicable,358,UPI,13,3.8,3.1
2024-07-08 01:16:00,CNR2297305971,Success,CID853973,Prime Sedan,Banashankari,Majestic,280.0,80.0,Not Applicable,Not Applicable,No,Not Applicable,335,UPI,18,4.8,4.6
2024-07-05 03:14:00,CNR7352553419,Success,CID700518,Prime SUV,Yelahanka,Kammanahalli,273.0,130.0,Not Applicable,Not Applicable,No,Not Applicable,219,Credit Card,10,4.6,4.3
2024-07-12 21:38:00,CNR6751188068,Driver Not Found,CID175866,Prime Sedan,Richmond Town,Hosur Road,,,Not Applicable,Not Applicable,Not Applicable,Not Applicable,1608,Not Applicable,0,,
2024-07-23 11:36:00,CNR3627470136,Canceled by Driver,CID955469,Mini,Yelahanka,Basavanagudi,,,Not Applicable,Customer related issue,Not Applicable,Not Applicable,530,Not Applicable,0,,
2024-07-23 10:20:00,CNR7479640289,Success,CID974055,Mini,RT Nagar,Basavanagudi,273.0,95.0,Not Applicable,Not Applicable,No,Not Applicable,906,UPI,15,4.6,4.5
2024-07-14 20:27:00,CNR5108802097,Success,CID823062,Prime SUV,Ramamurthy Nagar,Bellandur,182.0,145.0,Not Applicable,Not Applicable,No,Not Applicable,213,Credit Card,23,3.5,4.0
2024-07-10 00:50:00,CNR5793644098,Canceled by Driver,CID842107,Auto,Basavanagudi,Hulimavu,,,Not Applicable,Personal & Car related issue,Not Applicable,Not Applicable,310,Not Applicable,0,,
2024-07-12 13:57:00,CNR6801278298,Success,CID446001,Prime SUV,HSR Layout,Kadugodi,280.0,95.0,Not Applicable,Not Applicable,No,Not Applicable,116,Cash,24,5.0,3.0
2024-07-27 09:07:00,CNR2823483540,Success,CID376586,Prime Plus,Padmanabhanagar,Mysore Road,56.0,40.0,Not Applicable,Not Applicable,Yes,Customer Demand,2048,UPI,45,4.1,3.9
2024-07-08 20:37:00,CNR3054084103,Success,CID115774,Prime Sedan,Rajarajeshwari Nagar,Vijayanagar,42.0,30.0,Not Applicable,Not Applicable,No,Not Applicable,237,UPI,37,3.8,5.0
2024-07-01 05:51:00,CNR9578677637,Success,CID902653,eBike,JP Nagar,Devanahalli,266.0,65.0,Not Applicable,Not Applicable,No,Not Applicable,221,UPI,30,3.1,4.8
2024-07-13 03:34:00,CNR2285114441,Success,CID362195,Bike,Kengeri,Ulsoor,35.0,70.0,Not Applicable,Not Applicable,No,Not Applicable,616,Cash,10,5.0,3.7
2024-07-28 15:32:00,CNR2763740188,Success,CID761057,Prime Plus,Nagarbhavi,HSR Layout,294.0,45.0,Not Applicable,Not Applicable,No,Not Applicable,667,UPI,13,3.0,3.4
2024-07-05 18:23:00,CNR5612171949,Success,CID413957,Prime SUV,RT Nagar,Hennur,112.0,30.0,Not Applicable,Not Applicable,No,Not Applicable,144,Cash,42,4.0,4.9
2024-07-29 03:40:00,CNR7130992890,Canceled by Customer,CID423217,Mini,Koramangala,Devanahalli,,,AC is Not working,Not Applicable,Not Applicable,Not Applicable,127,Not Applicable,0,,
2024-07-03 00:35:00,CNR4066875973,Success,CID987687,eBike,Padmanabhanagar,HSR Layout,287.0,75.0,Not Applicable,Not Applicable,No,Not Applicable,104,UPI,16,3.5,4.2
2024-07-18 11:48:00,CNR2313783493,Success,CID973316,Prime Plus,Kammanahalli,Langford Town,63.0,35.0,Not Applicable,Not Applicable,No,Not Applicable,626,UPI,37,4.1,4.0
2024-07-16 10:51:00,CNR6445733720,Canceled by Customer,CID276975,Bike,Rajajinagar,HSR Layout,,,Driver is not moving towards pickup location,Not Applicable,Not Applicable,Not Applicable,783,Not Applicable,0,,
2024-07-15 07:58:00,CNR8555260941,Success,CID799258,Prime Sedan,Kammanahalli,Nagarbhavi,308.0,70.0,Not Applicable,Not Applicable,No,Not Applicable,477,UPI,11,3.2,4.8
2024-07-19 10:59:00,CNR3448577853,Driver Not Found,CID290628,eBike,JP Nagar,Electronic City,,,Not Applicable,Not Applicable,Not Applicable,Not Applicable,160,Not Applicable,0,,
2024-07-05 12:09:00,CNR7236881914,Success,CID167920,Auto,Mysore Road,Chickpet,49.0,35.0,Not Applicable,Not Applicable,No,Not Applicable,1763,UPI,11,4.9,4.3
2024-07-19 17:35:00,CNR5916611471,Success,CID505475,Prime Plus,Hebbal,Peenya,238.0,70.0,Not Applicable,Not Applicable,No,Not Applicable,119,Cash,11,3.4,3.1
2024-07-30 17:39:00,CNR2320690912,Success,CID629064,Bike,Kadugodi,Marathahalli,133.0,25.0,Not Applicable,Not Applicable,No,Not Applicable,373,UPI,14,4.2,4.1
2024-07-17 07:39:00,CNR8768638864,Success,CID441601,Prime Plus,Ulsoor,Peenya,35.0,145.0,Not Applicable,Not Applicable,No,Not Applicable,407,Cash,36,4.7,3.3
2024-07-02 19:10:00,CNR4603723906,Driver Not Found,CID493303,Bike,Hebbal,Bannerghatta Road,,,Not Applicable,Not Applicable,Not Applicable,Not Applicable,475,Not Applicable,0,,
2024-07-16 14:11:00,CNR9828220554,Success,CID676660,Prime SUV,Hulimavu,Bannerghatta Road,147.0,30.0,Not Applicable,Not Applicable,No,Not Applicable,325,UPI,7,3.4,3.3
2024-07-08 21:08:00,CNR1675508375,Success,CID126030,Prime Plus,Yeshwanthpur,Marathahalli,224.0,25.0,Not Applicable,Not Applicable,No,Not Applicable,568,UPI,11,4.1,4.1
2024-07-13 03:54:00,CNR3333630426,Canceled by Customer,CID133522,Bike,Hebbal,HSR Layout,,,Change of plans,Not Applicable,Not Applicable,Not Applicable,305,Not Applicable,0,,
2024-07-02 03:11:00,CNR7399054172,Success,CID342265,Prime SUV,Hulimavu,Rajajinagar,140.0,125.0,Not Applicable,Not Applicable,No,Not Applicable,1030,Cash,6,3.6,4.0
2024-07-22 04:51:00,CNR3723273568,Canceled by Driver,CID534835,Mini,JP Nagar,Rajarajeshwari Nagar,,,Not Applicable,Personal & Car related issue,Not Applicable,Not Applicable,750,Not Applicable,0,,
2024-07-20 16:23:00,CNR8911226058,Success,CID600792,eBike,Ramamurthy Nagar,Shantinagar,154.0,130.0,Not Applicable,Not Applicable,No,Not Applicable,632,UPI,21,4.8,4.3
2024-07-07 19:54:00,CNR5534734096,Success,CID525338,Auto,Yeshwanthpur,Jayanagar,140.0,55.0,Not Applicable,Not Applicable,No,Not Applicable,276,UPI,10,3.3,4.0
2024-07-30 07:07:00,CNR8864825984,Success,CID731119,Prime Sedan,Chamarajpet,Shivajinagar,42.0,120.0,Not Applicable,Not Applicable,No,Not Applicable,1183,UPI,49,3.2,3.8
2024-07-01 11:49:00,CNR9558206835,Success,CID558834,Auto,Sarjapur Road,Kengeri,154.0,30.0,Not Applicable,Not Applicable,No,Not Applicable,997,Cash,10,3.7,3.1
2024-07-14 21:04:00,CNR7236050881,Canceled by Driver,CID671096,Prime Sedan,Yelahanka,Kengeri,,,Not Applicable,Customer related issue,Not Applicable,Not Applicable,275,Not Applicable,0,,
2024-07-06 12:11:00,CNR8548070565,Success,CID241604,Auto,MG Road,Varthur,126.0,115.0,Not Applicable,Not Applicable,No,Not Applicable,583,Credit Card,15,3.4,3.1
2024-07-12 08:08:00,CNR7604013344,Success,CID552081,eBike,Frazer Town,Bellandur,252.0,100.0,Not Applicable,Not Applicable,No,Not Applicable,1081,UPI,48,4.9,4.4
2024-07-20 02:10:00,CNR3131928326,Success,CID425502,Auto,BTM Layout,Jayanagar,175.0,90.0,Not Applicable,Not Applicable,No,Not Applicable,794,UPI,7,4.7,4.3
2024-07-23 11:48:00,CNR8984254727,Canceled by Driver,CID437652,Bike,BTM Layout,Hosur Road,,,Not Applicable,Personal & Car related issue,Not Applicable,Not Applicable,414,Not Applicable,0,,
2024-07-18 07:01:00,CNR6373157963,Success,CID980549,Prime Sedan,Bellandur,Yeshwanthpur,161.0,130.0,Not Applicable,Not Applicable,No,Not Applicable,342,Cash,35,4.4,4.7
2024-07-18 23:21:00,CNR6792970524,Success,CID912417,Bike,Hosur Road,HSR Layout,91.0,80.0,Not Applicable,Not Applicable,No,Not Applicable,278,Cash,8,3.5,3.5
2024-07-19 08:24:00,CNR2591352165,Success,CID674654,Bike,Richmond Town,Kadugodi,224.0,100.0,Not Applicable,Not Applicable,No,Not Applicable,496,UPI,15,3.1,4.7
2024-07-04 07:17:00,CNR2999389372,Success,CID880493,Prime Plus,Basavanagudi,Indiranagar,133.0,135.0,Not Applicable,Not Applicable,No,Not Applicable,806,Cash,23,4.2,3.2
2024-07-09 14:01:00,CNR5634753481,Canceled by Customer,CID998252,Auto,Ramamurthy Nagar,RT Nagar,,,Wrong Address,Not Applicable,Not Applicable,Not Applicable,1661,Not Applicable,0,,
2024-07-22 20:21:00,CNR5666361946,Success,CID638066,Prime Plus,Ulsoor,Langford Town,91.0,110.0,Not Applicable,Not Applicable,No,Not Applicable,191,Cash,14,3.9,4.9
2024-07-28 18:48:00,CNR1088886402,Driver Not Found,CID519836,Bike,Bannerghatta Road,Sarjapur Road,,,Not Applicable,Not Applicable,Not Applicable,Not Applicable,394,Not Applicable,0,,
2024-07-14 04:57:00,CNR5039125054,Success,CID947430,Prime Plus,Koramangala,Ulsoor,84.0,30.0,Not Applicable,Not Applicable,No,Not Applicable,136,Cash,8,3.5,4.5
2024-07-08 05:04:00,CNR6688604778,Success,CID126216,eBike,Electronic City,Shantinagar,252.0,90.0,Not Applicable,Not Applicable,No,Not Applicable,164,Cash,7,4.1,3.6
2024-07-21 15:48:00,CNR3177300450,Success,CID670410,Bike,MG Road,Sarjapur Road,217.0,65.0,Not Applicable,Not Applicable,No,Not Applicable,294,Credit Card,30,4.6,3.1
2024-07-23 06:10:00,CNR1499847017,Canceled by Driver,CID141462,eBike,Banashankari,Devanahalli,,,Not Applicable,Customer was coughing/sick,Not Applicable,Not Applicable,238,Not Applicable,0,,
2024-07-23 23:11:00,CNR1170990820,Success,CID228100,Mini,Hennur,JP Nagar,105.0,55.0,Not Applicable,Not Applicable,No,Not Applicable,478,UPI,46,3.7,3.1
2024-07-05 03:32:00,CNR3161837343,Success,CID314930,Prime Sedan,Yelahanka,Chickpet,252.0,85.0,Not Applicable,Not Applicable,No,Not Applicable,232,Cash,2,3.8,4.4
2024-07-29 23:26:00,CNR1127582392,Success,CID402364,Prime Plus,Kammanahalli,Banashankari,91.0,130.0,Not Applicable,Not Applicable,No,Not Applicable,209,UPI,2,4.1,4.6
2024-07-14 22:55:00,CNR5258641174,Canceled by Driver,CID217999,Prime Plus,Shantinagar,Varthur,,,Not Applicable,Personal & Car related issue,Not Applicable,Not Applicable,980,Not Applicable,0,,
2024-07-22 16:21:00,CNR6309127338,Success,CID693428,Prime SUV,Majestic,Hennur,77.0,70.0,Not Applicable,Not Applicable,No,Not Applicable,246,UPI,26,4.1,4.9
2024-07-12 17:47:00,CNR3445066243,Canceled by Customer,CID784125,Auto,Shantinagar,Richmond Town,,,Change of plans,Not Applicable,Not Applicable,Not Applicable,351,Not Applicable,0,,
2024-07-05 21:19:00,CNR3111191785,Canceled by Driver,CID744426,eBike,Yelahanka,Hosur Road,,,Not Applicable,Personal & Car related issue,Not Applicable,Not Applicable,569,Not Applicable,0,,
2024-07-27 05:04:00,CNR8345209184,Success,CID850694,Mini,Chamarajpet,Kengeri,231.0,115.0,Not Applicable,Not Applicable,No,Not Applicable,497,UPI,39,4.8,3.2
2024-07-15 18:07:00,CNR1130116341,Success,CID725897,Prime Sedan,Cox Town,Vijayanagar,224.0,85.0,Not Applicable,Not Applicable,No,Not Applicable,376,Cash,2,4.7,4.6
2024-07-27 14:26:00,CNR9676237128,Success,CID723321,Prime Sedan,Marathahalli,KR Puram,259.0,95.0,Not Applicable,Not Applicable,No,Not Applicable,291,Cash,32,3.4,4.4
2024-07-18 20:09:00,CNR4596291485,Success,CID329588,Auto,Kammanahalli,Padmanabhanagar,217.0,50.0,Not Applicable,Not Applicable,No,Not Applicable,212,UPI,16,3.2,3.0
2024-07-24 23:32:00,CNR3900555341,Success,CID142807,Prime Plus,Nagarbhavi,RT Nagar,210.0,70.0,Not Applicable,Not Applicable,No,Not Applicable,111,Cash,49,3.5,5.0
2024-07-10 12:47:00,CNR9771326709,Canceled by Customer,CID450670,Prime Sedan,Padmanabhanagar,Vijayanagar,,,Driver asked to cancel,Not Applicable,Not Applicable,Not Applicable,307,Not Applicable,0,,
2024-07-21 06:23:00,CNR4991848911,Canceled by Customer,CID286070,eBike,Shantinagar,Kengeri,,,Change of plans,Not Applicable,Not Applicable,Not Applicable,875,Not Applicable,0,,
2024-07-15 13:08:00,CNR6280371242,Canceled by Driver,CID375254,Prime Sedan,RT Nagar,Chickpet,,,Not Applicable,Customer was coughing/sick,Not Applicable,Not Applicable,378,Not Applicable,0,,
2024-07-23 17:47:00,CNR5227629804,Success,CID978232,Prime Sedan,Jayanagar,Yeshwanthpur,238.0,100.0,Not Applicable,Not Applicable,No,Not Applicable,923,Cash,39,4.1,3.1
2024-07-24 16:22:00,CNR6764029479,Canceled by Driver,CID236439,Prime Sedan,Padmanabhanagar,Rajajinagar,,,Not Applicable,Personal & Car related issue,Not Applicable,Not Applicable,297,Not Applicable,0,,
2024-07-11 19:10:00,CNR8545428185,Success,CID737366,Mini,Hosur Road,Malleshwaram,210.0,65.0,Not Applicable,Not Applicable,Yes,Customer Demand,488,Cash,14,4.1,3.3
2024-07-24 05:34:00,CNR1062039846,Canceled by Driver,CID717410,Auto,Varthur,Koramangala,,,Not Applicable,Customer related issue,Not Applicable,Not Applicable,338,Not Applicable,0,,
2024-07-20 16:56:00,CNR8956081426,Success,CID852225,Bike,Ramamurthy Nagar,Shivajinagar,231.0,65.0,Not Applicable,Not Applicable,No,Not Applicable,2958,UPI,10,3.8,3.9
2024-07-22 06:04:00,CNR7284173233,Canceled by Customer,CID777482,Auto,Banashankari,Padmanabhanagar,,,Change of plans,Not Applicable,Not Applicable,Not Applicable,403,Not Applicable,0,,
2024-07-17 06:57:00,CNR1357756211,Success,CID437295,eBike,Mysore Road,KR Puram,56.0,135.0,Not Applicable,Not Applicable,No,Not Applicable,383,Cash,5,3.3,4.5
2024-07-02 16:45:00,CNR8654533507,Canceled by Driver,CID502080,Bike,KR Puram,Cox Town,,,Not Applicable,Customer was coughing/sick,Not Applicable,Not Applicable,334,Not Applicable,0,,
2024-07-04 01:16:00,CNR5812110359,Success,CID631845,Mini,Yeshwanthpur,Richmond Town,252.0,85.0,Not Applicable,Not Applicable,No,Not Applicable,492,UPI,1,3.8,3.1
2024-07-03 09:50:00,CNR8097827718,Success,CID291420,Prime SUV,Shantinagar,Bannerghatta Road,238.0,135.0,Not Applicable,Not Applicable,No,Not Applicable,370,Cash,12,4.5,3.9
2024-07-18 06:11:00,CNR6844565742,Canceled by Customer,CID474964,Mini,Rajarajeshwari Nagar,Magadi Road,,,Wrong Address,Not Applicable,Not Applicable,Not Applicable,248,Not Applicable,0,,
2024-07-30 22:28:00,CNR3951953173,Success,CID676539,Prime Plus,Kammanahalli,Devanahalli,112.0,115.0,Not Applicable,Not Applicable,No,Not Applicable,447,UPI,12,4.2,4.8
2024-07-23 12:32:00,CNR2585397344,Canceled by Driver,CID296171,Prime Sedan,BTM Layout,Sarjapur Road,,,Not Applicable,Customer was coughing/sick,Not Applicable,Not Applicable,256,Not Applicable,0,,
2024-07-09 03:11:00,CNR1200834896,Success,CID351896,Mini,Whitefield,Peenya,98.0,120.0,Not Applicable,Not Applicable,No,Not Applicable,290,Credit Card,13,3.0,3.9
2024-07-27 21:33:00,CNR1741488922,Canceled by Customer,CID550613,eBike,Varthur,Marathahalli,,,Driver is not moving towards pickup location,Not Applicable,Not Applicable,Not Applicable,128,Not Applicable,0,,
2024-07-29 17:29:00,CNR8166956674,Success,CID792714,Prime Plus,Sahakar Nagar,JP Nagar,203.0,135.0,Not Applicable,Not Applicable,Yes,Other Issue,483,UPI,4,3.8,4.9
2024-07-12 11:57:00,CNR9794187757,Success,CID547435,Prime Plus,Sarjapur Road,Mysore Road,175.0,25.0,Not Applicable,Not Applicable,No,Not Applicable,163,Cash,38,4.3,4.8
2024-07-06 16:59:00,CNR3397688254,Success,CID904138,Auto,Yelahanka,JP Nagar,119.0,140.0,Not Applicable,Not Applicable,No,Not Applicable,396,Cash,4,3.8,4.0
2024-07-07 17:46:00,CNR2324362569,Success,CID822589,eBike,Chickpet,Indiranagar,161.0,80.0,Not Applicable,Not Applicable,No,Not Applicable,953,Cash,4,4.4,4.1
2024-07-02 12:56:00,CNR1153596159,Success,CID529902,Prime Plus,Marathahalli,Whitefield,168.0,120.0,Not Applicable,Not Applicable,No,Not Applicable,544,UPI,13,4.5,3.8
2024-07-12 21:23:00,CNR7971851087,Success,CID190608,Mini,Richmond Town,Bellandur,42.0,140.0,Not Applicable,Not Applicable,No,Not Applicable,601,Cash,30,3.6,3.7
2024-07-06 01:52:00,CNR5758731818,Success,CID604701,Auto,Ulsoor,Ramamurthy Nagar,280.0,40.0,Not Applicable,Not Applicable,No,Not Applicable,325,Cash,13,4.4,4.8
2024-07-03 16:27:00,CNR6332793094,Success,CID368589,Mini,Padmanabhanagar,Chamarajpet,287.0,125.0,Not Applicable,Not Applicable,No,Not Applicable,835,Cash,37,3.0,4.7
2024-07-07 20:09:00,CNR1356378289,Success,CID575203,Prime Plus,Majestic,Bannerghatta Road,287.0,130.0,Not Applicable,Not Applicable,No,Not Applicable,412,Cash,31,4.9,4.3
2024-07-07 03:44:00,CNR8991129745,Success,CID787922,Auto,Hosur Road,Indiranagar,105.0,50.0,Not Applicable,Not Applicable,Yes,Customer Demand,1479,UPI,8,4.8,4.9
2024-07-28 15:04:00,CNR7282948305,Canceled by Customer,CID963163,Prime SUV,Chickpet,Shivajinagar,,,Driver is not moving towards pickup location,Not Applicable,Not Applicable,Not Applicable,185,Not Applicable,0,,
2024-07-30 09:16:00,CNR1845339149,Success,CID794208,eBike,Jayanagar,HSR Layout,147.0,105.0,Not Applicable,Not Applicable,No,Not Applicable,425,Cash,27,3.8,3.4
2024-07-26 02:17:00,CNR1719422916,Success,CID673163,eBike,Shantinagar,Indiranagar,63.0,35.0,Not Applicable,Not Applicable,No,Not Applicable,346,UPI,27,4.8,4.8
2024-07-02 20:58:00,CNR9477011016,Success,CID187708,Mini,Shivajinagar,Electronic City,133.0,25.0,Not Applicable,Not Applicable,No,Not Applicable,184,Cash,44,3.1,3.1
2024-07-03 09:52:00,CNR4413892936,Success,CID105951,Prime Sedan,Richmond Town,Chickpet,105.0,120.0,Not Applicable,Not Applicable,No,Not Applicable,428,Cash,16,4.1,4.3
2024-07-26 00:33:00,CNR9898398819,Success,CID456342,Prime Plus,Yeshwanthpur,Peenya,294.0,135.0,Not Applicable,Not Applicable,No,Not Applicable,134,Cash,48,4.5,4.0
2024-07-19 12:23:00,CNR6049434138,Success,CID292820,Bike,Nagarbhavi,Rajarajeshwari Nagar,105.0,115.0,Not Applicable,Not Applicable,No,Not Applicable,186,Cash,24,3.8,4.0
2024-07-10 19:38:00,CNR7349419129,Canceled by Customer,CID349152,Auto,Bannerghatta Road,Hennur,,,Driver is not moving towards pickup location,Not Applicable,Not Applicable,Not Applicable,180,Not Applicable,0,,
2024-07-19 07:34:00,CNR5753128847,Canceled by Driver,CID310504,eBike,Hulimavu,Cox Town,,,Not Applicable,Personal & Car related issue,Not Applicable,Not Applicable,370,Not Applicable,0,,
2024-07-05 15:05:00,CNR4654842376,Canceled by Driver,CID370638,Mini,Marathahalli,Hennur,,,Not Applicable,Personal & Car related issue,Not Applicable,Not Applicable,237,Not Applicable,0,,
2024-07-12 04:02:00,CNR4515270841,Canceled by Driver,CID328156,eBike,Frazer Town,Majestic,,,Not Applicable,Customer was coughing/sick,Not Applicable,Not Applicable,402,Not Applicable,0,,
2024-07-03 03:07:00,CNR4001179197,Success,CID473087,Auto,Kammanahalli,Indiranagar,273.0,145.0,Not Applicable,Not Applicable,No,Not Applicable,447,UPI,12,4.4,4.5
2024-07-22 15:11:00,CNR6933004032,Success,CID782863,Bike,Banashankari,Basavanagudi,231.0,45.0,Not Applicable,Not Applicable,No,Not Applicable,866,UPI,35,4.6,3.8
2024-07-11 05:46:00,CNR4729914081,Success,CID344457,Mini,Ramamurthy Nagar,Kammanahalli,147.0,50.0,Not Applicable,Not Applicable,No,Not Applicable,419,Cash,30,3.7,3.1
2024-07-02 12:01:00,CNR6401444255,Success,CID537436,Prime Sedan,Kengeri,Ramamurthy Nagar,301.0,70.0,Not Applicable,Not Applicable,No,Not Applicable,280,Cash,40,4.7,4.3
2024-07-04 16:50:00,CNR3211383686,Canceled by Customer,CID114982,Prime SUV,Tumkur Road,Majestic,,,AC is Not working,Not Applicable,Not Applicable,Not Applicable,402,Not Applicable,0,,
2024-07-14 18:57:00,CNR3461334336,Success,CID210270,Prime Plus,HSR Layout,Mysore Road,203.0,125.0,Not Applicable,Not Applicable,No,Not Applicable,415,Cash,26,4.2,4.8
2024-07-12 01:37:00,CNR2834816143,Driver Not Found,CID210606,Auto,Shantinagar,Sarjapur Road,,,Not Applicable,Not Applicable,Not Applicable,Not Applicable,422,Not Applicable,0,,
2024-07-18 12:05:00,CNR1414390401,Success,CID613486,Prime SUV,Yelahanka,KR Puram,140.0,50.0,Not Applicable,Not Applicable,No,Not Applicable,509,Cash,26,3.8,4.0
2024-07-02 01:34:00,CNR2952950446,Success,CID809768,Bike,Bellandur,Hebbal,273.0,70.0,Not Applicable,Not Applicable,No,Not Applicable,436,Cash,19,3.4,4.3
2024-07-26 18:06:00,CNR5286526683,Success,CID613706,Prime Plus,Majestic,Basavanagudi,301.0,65.0,Not Applicable,Not Applicable,No,Not Applicable,1778,UPI,40,3.0,3.5
2024-07-25 15:28:00,CNR6936035477,Canceled by Driver,CID537470,Prime Plus,KR Puram,Hebbal,,,Not Applicable,More than permitted people in there,Not Applicable,Not Applicable,935,Not Applicable,0,,
2024-07-28 09:28:00,CNR8343384000,Driver Not Found,CID320576,Prime Sedan,Hebbal,Whitefield,,,Not Applicable,Not Applicable,Not Applicable,Not Applicable,1665,Not Applicable,0,,
2024-07-25 01:06:00,CNR9039890988,Success,CID787472,Auto,Frazer Town,Chickpet,189.0,25.0,Not Applicable,Not Applicable,No,Not Applicable,1901,Cash,8,4.0,4.0
2024-07-28 12:54:00,CNR2480141262,Canceled by Driver,CID300509,Prime Plus,Magadi Road,Kengeri,,,Not Applicable,Personal & Car related issue,Not Applicable,Not Applicable,388,Not Applicable,0,,
2024-07-07 22:43:00,CNR4723559717,Success,CID471920,eBike,Hennur,Malleshwaram,42.0,85.0,Not Applicable,Not Applicable,No,Not Applicable,108,UPI,28,4.5,3.8
2024-07-17 20:21:00,CNR8785093318,Canceled by Driver,CID681766,eBike,Langford Town,MG Road,,,Not Applicable,Customer related issue,Not Applicable,Not Applicable,997,Not Applicable,0,,
2024-07-05 11:00:00,CNR2052002890,Success,CID356687,Mini,Langford Town,Ramamurthy Nagar,210.0,130.0,Not Applicable,Not Applicable,No,Not Applicable,311,UPI,41,4.6,4.2
2024-07-25 21:07:00,CNR5100883828,Canceled by Driver,CID244348,Bike,Kengeri,BTM Layout,,,Not Applicable,Customer related issue,Not Applicable,Not Applicable,758,Not Applicable,0,,
2024-07-05 13:43:00,CNR7411599351,Success,CID809603,Mini,Tumkur Road,HSR Layout,49.0,65.0,Not Applicable,Not Applicable,No,Not Applicable,633,Cash,34,3.4,4.9
2024-07-19 21:59:00,CNR3151461221,Success,CID465685,Auto,Ramamurthy Nagar,Electronic City,182.0,60.0,Not Applicable,Not Applicable,No,Not Applicable,181,Cash,4,3.9,4.1
2024-07-28 22:03:00,CNR4597750897,Canceled by Driver,CID147278,Prime Sedan,Chamarajpet,Magadi Road,,,Not Applicable,Customer related issue,Not Applicable,Not Applicable,388,Not Applicable,0,,
2024-07-15 03:05:00,CNR6339105602,Success,CID992214,Prime Sedan,Tumkur Road,Nagarbhavi,224.0,80.0,Not Applicable,Not Applicable,No,Not Applicable,484,Cash,35,4.1,4.9
2024-07-29 20:16:00,CNR4041461744,Canceled by Driver,CID616355,Auto,HSR Layout,Bellandur,,,Not Applicable,Customer was coughing/sick,Not Applicable,Not Applicable,376,Not Applicable,0,,
2024-07-14 19:41:00,CNR8360911298,Success,CID762081,Prime SUV,Cox Town,Marathahalli,84.0,100.0,Not Applicable,Not Applicable,No,Not Applicable,289,Cash,18,3.3,3.7
2024-07-03 10:52:00,CNR4760543997,Success,CID791689,eBike,KR Puram,Mysore Road,280.0,40.0,Not Applicable,Not Applicable,No,Not Applicable,187,Cash,45,3.6,4.5
2024-07-17 03:11:00,CNR8123917058,Canceled by Driver,CID470137,Mini,Koramangala,Electronic City,,,Not Applicable,More than permitted people in there,Not Applicable,Not Applicable,514,Not Applicable,0,,
2024-07-23 04:26:00,CNR1081608829,Success,CID752448,Auto,Koramangala,Kengeri,112.0,45.0,Not Applicable,Not Applicable,No,Not Applicable,432,Cash,6,4.1,3.3
2024-07-04 12:34:00,CNR2332211345,Success,CID972332,Prime SUV,Chamarajpet,Peenya,175.0,115.0,Not Applicable,Not Applicable,No,Not Applicable,311,UPI,12,3.1,3.4
2024-07-23 15:00:00,CNR9996076128,Success,CID382858,Mini,Shantinagar,Kadugodi,84.0,110.0,Not Applicable,Not Applicable,No,Not Applicable,425,Cash,21,4.1,3.3
2024-07-11 10:54:00,CNR9929276433,Canceled by Driver,CID305044,Auto,Chickpet,Hebbal,,,Not Applicable,More than permitted people in there,Not Applicable,Not Applicable,366,Not Applicable,0,,
2024-07-17 19:52:00,CNR6988314499,Success,CID536539,Prime Sedan,Banashankari,Mysore Road,42.0,135.0,Not Applicable,Not Applicable,No,Not Applicable,353,Cash,25,3.2,3.7
2024-07-22 21:35:00,CNR6266102040,Success,CID241546,eBike,Majestic,JP Nagar,133.0,80.0,Not Applicable,Not Applicable,No,Not Applicable,428,Cash,6,3.0,3.6
2024-07-15 14:20:00,CNR2142066815,Canceled by Driver,CID819362,Bike,Whitefield,Rajarajeshwari Nagar,,,Not Applicable,Customer was coughing/sick,Not Applicable,Not Applicable,400,Not Applicable,0,,
2024-07-18 23:34:00,CNR6303029112,Canceled by Customer,CID387617,Prime SUV,Vijayanagar,Varthur,,,Driver asked to cancel,Not Applicable,Not Applicable,Not Applicable,483,Not Applicable,0,,
2024-07-01 06:10:00,CNR9532234227,Success,CID390623,Bike,Hosur Road,Bannerghatta Road,161.0,115.0,Not Applicable,Not Applicable,No,Not Applicable,821,UPI,17,3.1,4.8
2024-07-15 15:22:00,CNR2824448591,Canceled by Customer,CID657646,Auto,Malleshwaram,Peenya,,,AC is Not working,Not Applicable,Not Applicable,Not Applicable,229,Not Applicable,0,,
2024-07-14 15:04:00,CNR4956227156,Canceled by Customer,CID711334,Prime SUV,Magadi Road,JP Nagar,,,Change of plans,Not Applicable,Not Applicable,Not Applicable,423,Not Applicable,0,,
2024-07-20 13:03:00,CNR3967937998,Success,CID946368,Auto,Basavanagudi,Shivajinagar,224.0,95.0,Not Applicable,Not Applicable,No,Not Applicable,429,Cash,8,4.0,3.2
2024-07-12 23:30:00,CNR3865545938,Success,CID660387,eBike,Kengeri,Ulsoor,280.0,100.0,Not Applicable,Not Applicable,Yes,Other Issue,829,Cash,43,4.6,4.1
2024-07-05 23:23:00,CNR5375888467,Success,CID433185,Auto,Vijayanagar,Whitefield,203.0,85.0,Not Applicable,Not Applicable,Yes,Customer Demand,201,UPI,2,4.1,3.8
2024-07-29 07:46:00,CNR5847341285,Canceled by Customer,CID412076,eBike,Magadi Road,Kengeri,,,Change of plans,Not Applicable,Not Applicable,Not Applicable,280,Not Applicable,0,,
2024-07-02 03:30:00,CNR9975462142,Success,CID423010,Auto,Padmanabhanagar,Langford Town,91.0,135.0,Not Applicable,Not Applicable,No,Not Applicable,142,Cash,12,3.4,3.6
2024-07-01 15:59:00,CNR7823064159,Canceled by Customer,CID228751,Prime Plus,Kengeri,Basavanagudi,,,AC is Not working,Not Applicable,Not Applicable,Not Applicable,391,Not Applicable,0,,
2024-07-04 01:47:00,CNR3601946042,Success,CID242099,Prime SUV,Malleshwaram,Chamarajpet,63.0,45.0,Not Applicable,Not Applicable,No,Not Applicable,2164,Cash,25,3.6,3.1
2024-07-08 08:57:00,CNR2313966683,Success,CID790654,Prime Sedan,Bellandur,Jayanagar,245.0,100.0,Not Applicable,Not Applicable,No,Not Applicable,418,UPI,33,3.2,4.3
2024-07-17 18:44:00,CNR2938962171,Canceled by Driver,CID943004,Prime Plus,Ramamurthy Nagar,Bannerghatta Road,,,Not Applicable,Customer was coughing/sick,Not Applicable,Not Applicable,486,Not Applicable,0,,
2024-07-11 08:12:00,CNR7517129658,Success,CID831129,Prime SUV,Kammanahalli,Kengeri,91.0,65.0,Not Applicable,Not Applicable,No,Not Applicable,532,Cash,22,4.0,4.7
2024-07-05 04:06:00,CNR3354472081,Canceled by Customer,CID946019,Bike,Chickpet,Malleshwaram,,,Driver asked to cancel,Not Applicable,Not Applicable,Not Applicable,1843,Not Applicable,0,,
2024-07-30 07:34:00,CNR3939243873,Canceled by Driver,CID258406,eBike,Peenya,Hosur Road,,,Not Applicable,Customer related issue,Not Applicable,Not Applicable,667,Not Applicable,0,,
2024-07-20 07:17:00,CNR2480226519,Driver Not Found,CID782521,Mini,Magadi Road,Varthur,,,Not Applicable,Not Applicable,Not Applicable,Not Applicable,315,Not Applicable,0,,
2024-07-29 17:42:00,CNR7803236340,Success,CID366305,eBike,Padmanabhanagar,Kengeri,182.0,50.0,Not Applicable,Not Applicable,Yes,Customer Demand,171,Cash,19,3.3,3.6
2024-07-19 16:48:00,CNR2037881698,Canceled by Driver,CID169700,Mini,Langford Town,Langford Town,,,Not Applicable,Customer related issue,Not Applicable,Not Applicable,241,Not Applicable,0,,
2024-07-11 10:33:00,CNR9984451239,Success,CID245059,eBike,Yeshwanthpur,Banashankari,217.0,95.0,Not Applicable,Not Applicable,Yes,Other Issue,442,UPI,19,4.9,3.9
2024-07-14 16:58:00,CNR5115193904,Driver Not Found,CID904488,Prime Sedan,Richmond Town,Electronic City,,,Not Applicable,Not Applicable,Not Applicable,Not Applicable,998,Not Applicable,0,,
2024-07-24 03:49:00,CNR2741397882,Canceled by Driver,CID672744,Prime Sedan,Ramamurthy Nagar,Banashankari,,,Not Applicable,Customer was coughing/sick,Not Applicable,Not Applicable,199,Not Applicable,0,,
2024-07-19 00:55:00,CNR3063329777,Success,CID695965,Prime Sedan,Yeshwanthpur,Cox Town,238.0,110.0,Not Applicable,Not Applicable,No,Not Applicable,971,UPI,8,4.3,3.4
2024-07-27 13:07:00,CNR9541712608,Canceled by Driver,CID745482,Prime Plus,Rajarajeshwari Nagar,Yeshwanthpur,,,Not Applicable,Customer was coughing/sick,Not Applicable,Not Applicable,204,Not Applicable,0,,
2024-07-15 13:07:00,CNR6345564805,Driver Not Found,CID115491,eBike,Bannerghatta Road,Hebbal,,,Not Applicable,Not Applicable,Not Applicable,Not Applicable,116,Not Applicable,0,,
2024-07-19 12:36:00,CNR8272873519,Success,CID804943,Mini,Marathahalli,Richmond Town,112.0,125.0,Not Applicable,Not Applicable,No,Not Applicable,177,Credit Card,32,4.7,3.6
2024-07-01 03:25:00,CNR1570791478,Success,CID128778,Mini,Devanahalli,Frazer Town,280.0,130.0,Not Applicable,Not Applicable,No,Not Applicable,118,Cash,14,3.3,3.4
2024-07-18 18:28:00,CNR1372144593,Success,CID629343,Auto,Tumkur Road,Electronic City,140.0,100.0,Not Applicable,Not Applicable,No,Not Applicable,287,UPI,19,4.2,4.4
2024-07-05 00:06:00,CNR9831133760,Canceled by Customer,CID453661,Mini,JP Nagar,Rajajinagar,,,Driver is not moving towards pickup location,Not Applicable,Not Applicable,Not Applicable,272,Not Applicable,0,,
2024-07-06 02:36:00,CNR3369003114,Canceled by Customer,CID353224,Prime SUV,Bannerghatta Road,Yelahanka,,,AC is Not working,Not Applicable,Not Applicable,Not Applicable,534,Not Applicable,0,,
2024-07-02 03:59:00,CNR1567702322,Canceled by Driver,CID738569,eBike,Shantinagar,Chamarajpet,,,Not Applicable,Customer was coughing/sick,Not Applicable,Not Applicable,760,Not Applicable,0,,
2024-07-09 18:40:00,CNR6598075492,Success,CID400766,Prime Plus,MG Road,Jayanagar,168.0,90.0,Not Applicable,Not Applicable,No,Not Applicable,268,Cash,39,4.3,3.8
2024-07-08 21:26:00,CNR9796982482,Success,CID818360,Prime SUV,Devanahalli,Yeshwanthpur,105.0,95.0,Not Applicable,Not Applicable,No,Not Applicable,487,Cash,22,4.1,3.5
2024-07-27 02:16:00,CNR5954650992,Success,CID721783,Bike,Ulsoor,Vijayanagar,266.0,130.0,Not Applicable,Not Applicable,No,Not Applicable,957,Cash,48,4.7,3.4
2024-07-15 05:31:00,CNR6766208770,Success,CID498138,Prime SUV,Hebbal,Padmanabhanagar,98.0,120.0,Not Applicable,Not Applicable,No,Not Applicable,709,UPI,45,3.6,4.7
2024-07-19 13:20:00,CNR7495089946,Success,CID846932,Mini,Yelahanka,Tumkur Road,126.0,135.0,Not Applicable,Not Applicable,No,Not Applicable,264,Cash,44,4.5,4.1
2024-07-04 15:37:00,CNR8175035874,Canceled by Driver,CID737993,eBike,Kammanahalli,Ulsoor,,,Not Applicable,More than permitted people in there,Not Applicable,Not Applicable,330,Not Applicable,0,,
2024-07-22 18:09:00,CNR2019785830,Success,CID836310,Bike,Kengeri,Shivajinagar,259.0,30.0,Not Applicable,Not Applicable,No,Not Applicable,218,UPI,12,3.5,5.0
2024-07-13 03:01:00,CNR8960414247,Success,CID443205,Mini,Magadi Road,HSR Layout,273.0,65.0,Not Applicable,Not Applicable,No,Not Applicable,417,Cash,22,4.9,3.5
2024-07-28 15:53:00,CNR5243022659,Canceled by Customer,CID131645,Mini,Ramamurthy Nagar,Chickpet,,,Wrong Address,Not Applicable,Not Applicable,Not Applicable,272,Not Applicable,0,,
2024-07-02 06:58:00,CNR4739648090,Success,CID332250,Auto,Marathahalli,Frazer Town,182.0,40.0,Not Applicable,Not Applicable,No,Not Applicable,187,Cash,6,5.0,3.1
2024-07-10 03:59:00,CNR1485517008,Canceled by Driver,CID271434,Mini,Hosur Road,Indiranagar,,,Not Applicable,Customer was coughing/sick,Not Applicable,Not Applicable,422,Not Applicable,0,,
2024-07-15 07:09:00,CNR5523765770,Success,CID552196,Auto,Hulimavu,Peenya,126.0,95.0,Not Applicable,Not Applicable,No,Not Applicable,498,Cash,2,3.6,4.6
2024-07-22 22:49:00,CNR6103265956,Driver Not Found,CID588701,eBike,Electronic City,Sarjapur Road,,,Not Applicable,Not Applicable,Not Applicable,Not Applicable,124,Not Applicable,0,,
2024-07-22 03:58:00,CNR6058295876,Success,CID814084,Mini,Chickpet,Chickpet,168.0,85.0,Not Applicable,Not Applicable,No,Not Applicable,123,Cash,1,3.5,3.6
2024-07-10 01:04:00,CNR6798887495,Success,CID723505,eBike,Mysore Road,Peenya,266.0,95.0,Not Applicable,Not Applicable,No,Not Applicable,126,Credit Card,4,3.0,3.2
2024-07-23 14:56:00,CNR5283302268,Success,CID446819,Mini,Frazer Town,Hulimavu,203.0,120.0,Not Applicable,Not Applicable,No,Not Applicable,800,Cash,3,4.6,3.2
2024-07-13 16:47:00,CNR9494508504,Driver Not Found,CID543669,Mini,BTM Layout,Sarjapur Road,,,Not Applicable,Not Applicable,Not Applicable,Not Applicable,309,Not Applicable,0,,
2024-07-06 10:25:00,CNR9671978677,Driver Not Found,CID693799,Mini,RT Nagar,Bellandur,,,Not Applicable,Not Applicable,Not Applicable,Not Applicable,1475,Not Applicable,0,,
2024-07-24 22:33:00,CNR3088497418,Driver Not Found,CID453513,Prime Sedan,Chamarajpet,Kadugodi,,,Not Applicable,Not Applicable,Not Applicable,Not Applicable,944,Not Applicable,0,,
2024-07-05 20:38:00,CNR2905137808,Success,CID571663,Auto,Nagarbhavi,MG Road,133.0,110.0,Not Applicable,Not Applicable,Yes,Vehicle Breakdown,617,UPI,2,3.7,3.7
2024-07-07 01:02:00,CNR7764878897,Driver Not Found,CID613840,Prime SUV,Ulsoor,Cox Town,,,Not Applicable,Not Applicable,Not Applicable,Not Applicable,921,Not Applicable,0,,
2024-07-12 20:56:00,CNR4663877152,Success,CID751871,Mini,RT Nagar,Cox Town,217.0,55.0,Not Applicable,Not Applicable,No,Not Applicable,373,Cash,31,4.8,4.2
2024-07-17 13:08:00,CNR3936575940,Canceled by Customer,CID411505,Prime SUV,Tumkur Road,Kengeri,,,Driver is not moving towards pickup location,Not Applicable,Not Applicable,Not Applicable,143,Not Applicable,0,,
2024-07-26 19:28:00,CNR4456291805,Success,CID281373,Prime Plus,Majestic,Majestic,154.0,145.0,Not Applicable,Not Applicable,No,Not Applicable,160,Cash,4,3.2,4.8
2024-07-16 15:24:00,CNR5950252169,Canceled by Driver,CID266449,Prime Plus,Jayanagar,Majestic,,,Not Applicable,Personal & Car related issue,Not Applicable,Not Applicable,132,Not Applicable,0,,
2024-07-14 13:05:00,CNR1946680718,Success,CID431420,Bike,Hebbal,Sarjapur Road,105.0,125.0,Not Applicable,Not Applicable,No,Not Applicable,962,UPI,3,3.3,4.1
2024-07-20 15:53:00,CNR6990601704,Success,CID844847,Prime Plus,Banashankari,BTM Layout,203.0,95.0,Not Applicable,Not Applicable,No,Not Applicable,296,Cash,34,3.9,4.8
2024-07-23 18:35:00,CNR4676272284,Success,CID798393,Prime Sedan,Ramamurthy Nagar,Majestic,210.0,45.0,Not Applicable,Not Applicable,No,Not Applicable,280,Cash,36,4.7,5.0
2024-07-29 14:30:00,CNR9593356094,Success,CID570566,Mini,RT Nagar,Langford Town,35.0,140.0,Not Applicable,Not Applicable,No,Not Applicable,392,Cash,24,4.6,3.2
2024-07-21 20:03:00,CNR7371474952,Success,CID319988,Mini,Sahakar Nagar,Devanahalli,42.0,100.0,Not Applicable,Not Applicable,Yes,Other Issue,208,Cash,6,3.9,4.7
2024-07-02 14:30:00,CNR5639773568,Success,CID699610,Prime Plus,Marathahalli,Basavanagudi,217.0,130.0,Not Applicable,Not Applicable,No,Not Applicable,307,Cash,28,3.1,4.3
2024-07-07 08:15:00,CNR5086691965,Success,CID293263,Bike,Jayanagar,Ramamurthy Nagar,175.0,80.0,Not Applicable,Not Applicable,No,Not Applicable,178,Cash,2,4.9,4.2
2024-07-16 15:33:00,CNR1652616789,Canceled by Driver,CID592059,Prime Plus,MG Road,Langford Town,,,Not Applicable,Customer related issue,Not Applicable,Not Applicable,102,Not Applicable,0,,
2024-07-27 19:00:00,CNR1699483677,Success,CID250980,Prime SUV,Vijayanagar,Hulimavu,133.0,125.0,Not Applicable,Not Applicable,No,Not Applicable,721,UPI,33,3.1,3.2
2024-07-01 12:26:00,CNR5633012145,Canceled by Driver,CID948201,Bike,HSR Layout,KR Puram,,,Not Applicable,Personal & Car related issue,Not Applicable,Not Applicable,137,Not Applicable,0,,
2024-07-22 23:41:00,CNR7038370772,Success,CID178296,Prime Plus,Majestic,Vijayanagar,126.0,80.0,Not Applicable,Not Applicable,No,Not Applicable,1524,Cash,32,3.8,4.2
2024-07-06 08:36:00,CNR2690367293,Driver Not Found,CID512852,Prime SUV,Bannerghatta Road,Cox Town,,,Not Applicable,Not Applicable,Not Applicable,Not Applicable,1368,Not Applicable,0,,
2024-07-13 12:15:00,CNR4313014655,Success,CID107085,Prime SUV,HSR Layout,Peenya,189.0,65.0,Not Applicable,Not Applicable,No,Not Applicable,114,Cash,29,4.2,3.1
2024-07-20 18:56:00,CNR4667114492,Success,CID658103,Bike,Chickpet,Hebbal,70.0,55.0,Not Applicable,Not Applicable,No,Not Applicable,443,UPI,39,4.1,4.5
2024-07-01 02:26:00,CNR2771838748,Success,CID194096,Prime Sedan,Rajajinagar,Kengeri,70.0,55.0,Not Applicable,Not Applicable,No,Not Applicable,254,Cash,28,3.8,4.7
2024-07-14 06:53:00,CNR9639926879,Success,CID218769,Prime SUV,Marathahalli,Basavanagudi,210.0,85.0,Not Applicable,Not Applicable,No,Not Applicable,493,Cash,15,3.4,3.2
2024-07-20 03:24:00,CNR4799437201,Success,CID704614,Prime Sedan,Vijayanagar,Indiranagar,217.0,40.0,Not Applicable,Not Applicable,Yes,Vehicle Breakdown,942,Cash,14,4.6,3.0
2024-07-09 19:30:00,CNR7034436906,Success,CID217082,Mini,Kadugodi,Sarjapur Road,287.0,90.0,Not Applicable,Not Applicable,No,Not Applicable,100,UPI,1,4.1,3.1
2024-07-24 22:44:00,CNR8310684184,Canceled by Driver,CID677900,eBike,Yeshwanthpur,KR Puram,,,Not Applicable,Customer related issue,Not Applicable,Not Applicable,896,Not Applicable,0,,
2024-07-06 00:58:00,CNR8637938241,Success,CID919030,Prime Plus,Mysore Road,Yeshwanthpur,161.0,125.0,Not Applicable,Not Applicable,No,Not Applicable,157,Cash,4,4.6,3.9
2024-07-24 11:02:00,CNR8283767743,Canceled by Driver,CID448732,Auto,Varthur,Jayanagar,,,Not Applicable,Customer related issue,Not Applicable,Not Applicable,196,Not Applicable,0,,
2024-07-24 11:53:00,CNR8508317964,Canceled by Customer,CID320396,Prime Plus,Sarjapur Road,Malleshwaram,,,AC is Not working,Not Applicable,Not Applicable,Not Applicable,539,Not Applicable,0,,
2024-07-03 10:40:00,CNR7232882451,Success,CID277077,Prime SUV,Bannerghatta Road,Hosur Road,63.0,140.0,Not Applicable,Not Applicable,No,Not Applicable,755,Cash,39,3.7,5.0
2024-07-29 13:36:00,CNR9326680018,Success,CID975491,Auto,Ramamurthy Nagar,Langford Town,119.0,120.0,Not Applicable,Not Applicable,No,Not Applicable,429,UPI,2,3.2,4.8
2024-07-02 04:38:00,CNR7457459235,Canceled by Driver,CID809512,Bike,Chamarajpet,Chamarajpet,,,Not Applicable,Customer was coughing/sick,Not Applicable,Not Applicable,2000,Not Applicable,0,,
2024-07-27 17:53:00,CNR1615042732,Success,CID445895,Prime SUV,Ramamurthy Nagar,Varthur,210.0,30.0,Not Applicable,Not Applicable,No,Not Applicable,342,Cash,5,4.7,4.8
2024-07-09 01:50:00,CNR4119448699,Success,CID827092,Prime SUV,Indiranagar,Bannerghatta Road,91.0,130.0,Not Applicable,Not Applicable,No,Not Applicable,467,UPI,34,4.6,4.3
2024-07-29 18:18:00,CNR3365448730,Canceled by Driver,CID662594,Prime SUV,JP Nagar,Rajajinagar,,,Not Applicable,Customer related issue,Not Applicable,Not Applicable,282,Not Applicable,0,,
2024-07-01 03:41:00,CNR1711405286,Success,CID918837,Prime Sedan,Shivajinagar,Malleshwaram,224.0,130.0,Not Applicable,Not Applicable,No,Not Applicable,286,UPI,28,4.9,3.9
2024-07-24 00:48:00,CNR9459448647,Canceled by Customer,CID126985,Prime Sedan,Varthur,Majestic,,,Driver is not moving towards pickup location,Not Applicable,Not Applicable,Not Applicable,439,Not Applicable,0,,
2024-07-30 03:21:00,CNR4508123145,Canceled by Driver,CID469209,eBike,Sahakar Nagar,Padmanabhanagar,,,Not Applicable,More than permitted people in there,Not Applicable,Not Applicable,450,Not Applicable,0,,
2024-07-30 10:12:00,CNR6583718022,Driver Not Found,CID642033,Bike,Mysore Road,Varthur,,,Not Applicable,Not Applicable,Not Applicable,Not Applicable,442,Not Applicable,0,,
2024-07-04 14:42:00,CNR7732080308,Canceled by Customer,CID613481,Prime Sedan,Yelahanka,Magadi Road,,,Wrong Address,Not Applicable,Not Applicable,Not Applicable,161,Not Applicable,0,,
2024-07-15 20:57:00,CNR5509136649,Success,CID230369,Prime SUV,Jayanagar,HSR Layout,182.0,50.0,Not Applicable,Not Applicable,No,Not Applicable,500,UPI,29,3.3,3.9
2024-07-30 01:04:00,CNR5058459983,Canceled by Driver,CID143014,eBike,Ramamurthy Nagar,Tumkur Road,,,Not Applicable,Customer was coughing/sick,Not Applicable,Not Applicable,116,Not Applicable,0,,
2024-07-03 22:06:00,CNR8637643827,Success,CID797114,Bike,JP Nagar,Kengeri,238.0,110.0,Not Applicable,Not Applicable,No,Not Applicable,435,Cash,32,5.0,3.2
2024-07-17 20:05:00,CNR6064839214,Canceled by Driver,CID742975,Prime SUV,Nagarbhavi,BTM Layout,,,Not Applicable,Customer related issue,Not Applicable,Not Applicable,750,Not Applicable,0,,
2024-07-10 18:26:00,CNR6020178601,Success,CID210870,Prime Sedan,Basavanagudi,BTM Layout,231.0,65.0,Not Applicable,Not Applicable,No,Not Applicable,443,Cash,15,4.7,3.9
2024-07-30 20:51:00,CNR4914152432,Driver Not Found,CID136852,Prime Sedan,Varthur,Majestic,,,Not Applicable,Not Applicable,Not Applicable,Not Applicable,102,Not Applicable,0,,
2024-07-03 12:51:00,CNR1944571623,Success,CID776211,Auto,Tumkur Road,Tumkur Road,287.0,90.0,Not Applicable,Not Applicable,No,Not Applicable,2466,UPI,15,4.6,4.1
2024-07-06 15:28:00,CNR3213679110,Success,CID815964,Prime SUV,Whitefield,Devanahalli,280.0,60.0,Not Applicable,Not Applicable,No,Not Applicable,623,UPI,11,3.3,3.6
2024-07-15 19:51:00,CNR2875500868,Driver Not Found,CID936193,Prime SUV,Hebbal,RT Nagar,,,Not Applicable,Not Applicable,Not Applicable,Not Applicable,2153,Not Applicable,0,,
2024-07-22 23:31:00,CNR6308950065,Success,CID991507,eBike,Tumkur Road,Kammanahalli,238.0,45.0,Not Applicable,Not Applicable,No,Not Applicable,2718,UPI,5,4.2,4.5
2024-07-06 19:12:00,CNR5349517423,Success,CID425137,Prime Plus,Banashankari,Hennur,301.0,135.0,Not Applicable,Not Applicable,No,Not Applicable,1978,Credit Card,19,3.5,3.1
2024-07-23 15:24:00,CNR3610160793,Canceled by Driver,CID650905,Auto,Banashankari,Peenya,,,Not Applicable,More than permitted people in there,Not Applicable,Not Applicable,290,Not Applicable,0,,
2024-07-20 03:02:00,CNR9543977601,Success,CID370581,Mini,RT Nagar,Tumkur Road,203.0,105.0,Not Applicable,Not Applicable,No,Not Applicable,630,Cash,21,4.9,3.8
2024-07-23 21:48:00,CNR5298285944,Success,CID126843,Prime SUV,Rajajinagar,Kadugodi,98.0,30.0,Not Applicable,Not Applicable,No,Not Applicable,486,Cash,39,4.5,3.0
2024-07-11 02:04:00,CNR8019585756,Canceled by Driver,CID754607,Prime Plus,Rajarajeshwari Nagar,Mysore Road,,,Not Applicable,Customer was coughing/sick,Not Applicable,Not Applicable,854,Not Applicable,0,,
2024-07-27 21:25:00,CNR9434590415,Success,CID256229,Prime Plus,Marathahalli,Kammanahalli,252.0,50.0,Not Applicable,Not Applicable,Yes,Vehicle Breakdown,159,Cash,9,4.1,3.4
2024-07-14 19:27:00,CNR8089216783,Success,CID326816,Prime SUV,Bellandur,JP Nagar,217.0,105.0,Not Applicable,Not Applicable,No,Not Applicable,126,Cash,47,3.0,4.9
2024-07-11 23:23:00,CNR4252205053,Success,CID615205,Auto,MG Road,Frazer Town,280.0,70.0,Not Applicable,Not Applicable,No,Not Applicable,652,UPI,6,3.9,3.9
2024-07-17 17:48:00,CNR3090037688,Success,CID988093,eBike,Bellandur,Ulsoor,182.0,50.0,Not Applicable,Not Applicable,No,Not Applicable,165,UPI,36,3.1,3.9
2024-07-27 21:52:00,CNR3585239574,Success,CID896560,Prime SUV,Rajajinagar,Tumkur Road,98.0,110.0,Not Applicable,Not Applicable,No,Not Applicable,450,Cash,41,3.2,3.6
2024-07-30 06:08:00,CNR1280201850,Success,CID393388,Bike,Peenya,Cox Town,140.0,40.0,Not Applicable,Not Applicable,No,Not Applicable,133,UPI,35,4.1,3.4
2024-07-07 04:54:00,CNR9674951219,Success,CID222828,Prime Plus,Rajarajeshwari Nagar,Richmond Town,308.0,85.0,Not Applicable,Not Applicable,No,Not Applicable,152,Cash,35,4.5,3.6
2024-07-13 23:13:00,CNR5973224212,Canceled by Driver,CID998719,Prime Sedan,Sahakar Nagar,Sahakar Nagar,,,Not Applicable,Customer related issue,Not Applicable,Not Applicable,498,Not Applicable,0,,
2024-07-13 12:49:00,CNR8748712384,Success,CID479500,eBike,Hennur,Shantinagar,273.0,45.0,Not Applicable,Not Applicable,No,Not Applicable,140,Cash,26,3.1,4.4
2024-07-21 03:33:00,CNR8165168156,Success,CID584362,eBike,Electronic City,Mysore Road,77.0,100.0,Not Applicable,Not Applicable,No,Not Applicable,192,Cash,41,4.2,4.2
2024-07-13 10:16:00,CNR9377792812,Success,CID869802,Bike,Electronic City,BTM Layout,182.0,80.0,Not Applicable,Not Applicable,No,Not Applicable,470,Cash,9,4.2,3.9
2024-07-05 21:30:00,CNR2827540908,Canceled by Driver,CID573425,eBike,Indiranagar,HSR Layout,,,Not Applicable,Customer related issue,Not Applicable,Not Applicable,135,Not Applicable,0,,
2024-07-14 15:18:00,CNR5208865011,Driver Not Found,CID576758,Bike,Magadi Road,Magadi Road,,,Not Applicable,Not Applicable,Not Applicable,Not Applicable,279,Not Applicable,0,,
2024-07-01 00:04:00,CNR4163786807,Success,CID967658,Prime Sedan,Hebbal,Varthur,280.0,130.0,Not Applicable,Not Applicable,No,Not Applicable,914,UPI,3,4.8,3.3
2024-07-03 01:27:00,CNR8417363702,Success,CID841966,eBike,Peenya,Yeshwanthpur,287.0,45.0,Not Applicable,Not Applicable,No,Not Applicable,596,Cash,32,4.8,3.8
2024-07-19 03:53:00,CNR9468671864,Success,CID205665,Prime Sedan,Banashankari,Electronic City,287.0,90.0,Not Applicable,Not Applicable,No,Not Applicable,293,Cash,29,4.2,3.1
2024-07-06 04:31:00,CNR4203906868,Success,CID389492,Bike,Yelahanka,Cox Town,49.0,95.0,Not Applicable,Not Applicable,No,Not Applicable,269,UPI,1,3.5,4.1
2024-07-24 22:34:00,CNR8232362909,Success,CID548606,Bike,JP Nagar,Marathahalli,245.0,95.0,Not Applicable,Not Applicable,No,Not Applicable,299,UPI,28,3.8,4.9
2024-07-13 20:42:00,CNR5021815425,Canceled by Driver,CID886571,Bike,Devanahalli,Devanahalli,,,Not Applicable,Personal & Car related issue,Not Applicable,Not Applicable,406,Not Applicable,0,,
2024-07-04 02:43:00,CNR6989102629,Canceled by Customer,CID337658,Bike,Langford Town,Hennur,,,Change of plans,Not Applicable,Not Applicable,Not Applicable,255,Not Applicable,0,,
2024-07-02 05:06:00,CNR7694734017,Success,CID221564,eBike,MG Road,Shivajinagar,140.0,30.0,Not Applicable,Not Applicable,No,Not Applicable,567,Cash,44,4.3,4.0
2024-07-29 14:46:00,CNR8015597720,Driver Not Found,CID634708,Prime SUV,Hennur,RT Nagar,,,Not Applicable,Not Applicable,Not Applicable,Not Applicable,614,Not Applicable,0,,
2024-07-15 02:52:00,CNR9742755988,Canceled by Driver,CID707943,Auto,Peenya,Ulsoor,,,Not Applicable,Customer related issue,Not Applicable,Not Applicable,970,Not Applicable,0,,
2024-07-22 04:19:00,CNR7519748573,Canceled by Driver,CID400495,Bike,Hulimavu,BTM Layout,,,Not Applicable,Customer was coughing/sick,Not Applicable,Not Applicable,210,Not Applicable,0,,
2024-07-20 11:03:00,CNR1257816717,Success,CID169923,Auto,BTM Layout,HSR Layout,140.0,55.0,Not Applicable,Not Applicable,No,Not Applicable,423,Cash,8,4.7,4.4
2024-07-16 14:13:00,CNR4793477101,Success,CID673878,eBike,Bellandur,Chamarajpet,147.0,75.0,Not Applicable,Not Applicable,No,Not Applicable,121,Cash,32,4.2,4.9
2024-07-27 14:34:00,CNR4435435055,Success,CID708544,Prime Sedan,Whitefield,Bellandur,273.0,85.0,Not Applicable,Not Applicable,No,Not Applicable,448,UPI,45,4.9,3.7
2024-07-02 14:42:00,CNR7094554480,Success,CID350266,Prime Plus,Padmanabhanagar,Rajarajeshwari Nagar,301.0,125.0,Not Applicable,Not Applicable,No,Not Applicable,180,Cash,40,4.9,4.8
2024-07-14 03:38:00,CNR4953318099,Success,CID834665,eBike,Mysore Road,Hebbal,77.0,110.0,Not Applicable,Not Applicable,No,Not Applicable,311,UPI,19,4.8,4.8
2024-07-02 07:38:00,CNR3646812502,Success,CID642682,eBike,Basavanagudi,Rajajinagar,252.0,120.0,Not Applicable,Not Applicable,No,Not Applicable,1944,UPI,44,3.5,3.7
2024-07-30 22:11:00,CNR5584015353,Success,CID826929,eBike,Hebbal,Shivajinagar,147.0,75.0,Not Applicable,Not Applicable,No,Not Applicable,273,UPI,9,3.2,4.0
2024-07-13 18:58:00,CNR5193766104,Success,CID566344,Prime SUV,Richmond Town,Varthur,119.0,140.0,Not Applicable,Not Applicable,No,Not Applicable,378,Cash,42,4.2,4.9
2024-07-21 14:00:00,CNR1375491270,Success,CID306993,Prime Sedan,Devanahalli,Whitefield,231.0,75.0,Not Applicable,Not Applicable,No,Not Applicable,170,Cash,28,3.9,5.0
2024-07-03 12:07:00,CNR6129381487,Success,CID958600,eBike,JP Nagar,Majestic,112.0,30.0,Not Applicable,Not Applicable,No,Not Applicable,372,Cash,30,3.3,4.7
2024-07-06 01:15:00,CNR1024124597,Canceled by Driver,CID196152,Prime Sedan,Padmanabhanagar,Bellandur,,,Not Applicable,Personal & Car related issue,Not Applicable,Not Applicable,482,Not Applicable,0,,
2024-07-24 20:11:00,CNR3511485895,Success,CID673559,Mini,Jayanagar,Whitefield,133.0,25.0,Not Applicable,Not Applicable,No,Not Applicable,116,Cash,33,3.2,4.8
2024-07-18 09:17:00,CNR7473679914,Canceled by Driver,CID772263,Bike,Ulsoor,Varthur,,,Not Applicable,Customer related issue,Not Applicable,Not Applicable,186,Not Applicable,0,,
2024-07-02 15:54:00,CNR4316025557,Success,CID405433,eBike,KR Puram,Sarjapur Road,287.0,75.0,Not Applicable,Not Applicable,No,Not Applicable,340,Cash,8,4.7,3.4
2024-07-10 20:35:00,CNR5176292277,Success,CID769228,Bike,Indiranagar,Sahakar Nagar,273.0,80.0,Not Applicable,Not Applicable,No,Not Applicable,384,UPI,11,4.8,3.9
2024-07-02 19:30:00,CNR8091212734,Success,CID158144,Prime Sedan,Vijayanagar,MG Road,273.0,25.0,Not Applicable,Not Applicable,No,Not Applicable,390,UPI,25,3.3,3.7
2024-07-25 15:39:00,CNR1695863739,Success,CID121427,Prime SUV,Majestic,Hebbal,77.0,35.0,Not Applicable,Not Applicable,No,Not Applicable,580,Cash,42,4.3,4.6
2024-07-14 07:24:00,CNR5733311949,Success,CID214122,Prime SUV,Jayanagar,Kammanahalli,119.0,55.0,Not Applicable,Not Applicable,No,Not Applicable,291,UPI,45,3.3,4.1
2024-07-01 21:10:00,CNR9389686140,Canceled by Driver,CID220138,eBike,Hosur Road,Hennur,,,Not Applicable,Customer related issue,Not Applicable,Not Applicable,345,Not Applicable,0,,
2024-07-06 17:28:00,CNR1164273244,Success,CID947835,Mini,Shivajinagar,HSR Layout,280.0,40.0,Not Applicable,Not Applicable,No,Not Applicable,320,Cash,27,3.3,4.9
2024-07-26 12:27:00,CNR1813126362,Success,CID973274,Auto,Bannerghatta Road,Sahakar Nagar,168.0,135.0,Not Applicable,Not Applicable,No,Not Applicable,175,UPI,4,4.7,4.2
2024-07-29 22:53:00,CNR6912964044,Success,CID588586,Mini,Yeshwanthpur,MG Road,112.0,80.0,Not Applicable,Not Applicable,No,Not Applicable,217,Cash,21,3.7,3.9
2024-07-30 13:47:00,CNR1575559844,Success,CID589918,Mini,Kadugodi,Ulsoor,266.0,25.0,Not Applicable,Not Applicable,No,Not Applicable,474,UPI,7,3.7,4.4
2024-07-17 23:13:00,CNR7699834987,Success,CID391594,Auto,Marathahalli,Ulsoor,70.0,110.0,Not Applicable,Not Applicable,No,Not Applicable,188,Cash,12,3.9,3.4
2024-07-27 08:45:00,CNR3638685763,Success,CID394230,Bike,MG Road,Varthur,280.0,80.0,Not Applicable,Not Applicable,No,Not Applicable,209,Cash,46,3.3,3.7
2024-07-07 16:26:00,CNR8689119327,Success,CID159715,Prime Plus,Whitefield,Hennur,182.0,110.0,Not Applicable,Not Applicable,Yes,Customer Demand,627,Cash,27,4.1,3.3
2024-07-17 14:48:00,CNR8129271543,Canceled by Driver,CID505412,Prime Sedan,Basavanagudi,MG Road,,,Not Applicable,Personal & Car related issue,Not Applicable,Not Applicable,1186,Not Applicable,0,,
2024-07-30 09:50:00,CNR7232149094,Success,CID839792,Bike,Yeshwanthpur,Marathahalli,224.0,130.0,Not Applicable,Not Applicable,No,Not Applicable,379,UPI,3,3.8,4.0
2024-07-30 09:43:00,CNR2855253547,Canceled by Driver,CID605471,Bike,Majestic,Yeshwanthpur,,,Not Applicable,More than permitted people in there,Not Applicable,Not Applicable,456,Not Applicable,0,,
2024-07-15 00:03:00,CNR9398025967,Success,CID493605,Auto,Sahakar Nagar,MG Road,203.0,65.0,Not Applicable,Not Applicable,No,Not Applicable,461,UPI,12,3.1,4.3
2024-07-03 02:45:00,CNR8775271187,Canceled by Driver,CID394343,Auto,MG Road,Nagarbhavi,,,Not Applicable,More than permitted people in there,Not Applicable,Not Applicable,131,Not Applicable,0,,
2024-07-28 20:24:00,CNR3908963079,Success,CID751748,Bike,Shantinagar,Majestic,217.0,65.0,Not Applicable,Not Applicable,Yes,Customer Demand,262,UPI,34,3.7,4.0
2024-07-18 01:29:00,CNR4109123017,Driver Not Found,CID838335,Mini,Devanahalli,Kengeri,,,Not Applicable,Not Applicable,Not Applicable,Not Applicable,227,Not Applicable,0,,
2024-07-07 19:39:00,CNR1657162625,Success,CID685700,Auto,Rajarajeshwari Nagar,Langford Town,84.0,60.0,Not Applicable,Not Applicable,No,Not Applicable,733,Cash,1,3.3,3.4
2024-07-26 03:26:00,CNR7641878295,Canceled by Customer,CID815479,eBike,Chickpet,Sarjapur Road,,,Change of plans,Not Applicable,Not Applicable,Not Applicable,109,Not Applicable,0,,
2024-07-21 16:00:00,CNR9369781729,Success,CID538031,Auto,Varthur,Varthur,266.0,135.0,Not Applicable,Not Applicable,No,Not Applicable,251,Credit Card,9,5.0,5.0
2024-07-13 09:47:00,CNR5939364034,Success,CID429995,Prime SUV,BTM Layout,Frazer Town,133.0,75.0,Not Applicable,Not Applicable,No,Not Applicable,2940,UPI,11,4.3,4.4
2024-07-20 05:57:00,CNR3560049730,Driver Not Found,CID406472,eBike,RT Nagar,Yeshwanthpur,,,Not Applicable,Not Applicable,Not Applicable,Not Applicable,2906,Not Applicable,0,,
2024-07-20 12:24:00,CNR2472970388,Success,CID522170,Mini,Padmanabhanagar,Banashankari,63.0,60.0,Not Applicable,Not Applicable,No,Not Applicable,418,UPI,39,3.8,3.9
2024-07-06 09:38:00,CNR6793781419,Success,CID857266,Prime Sedan,Yelahanka,JP Nagar,56.0,25.0,Not Applicable,Not Applicable,Yes,Other Issue,418,Cash,24,3.2,3.5
2024-07-26 11:25:00,CNR9509122933,Success,CID702671,Bike,Vijayanagar,Banashankari,217.0,100.0,Not Applicable,Not Applicable,No,Not Applicable,854,Cash,19,4.7,3.4
2024-07-13 20:30:00,CNR3337349246,Success,CID402265,Bike,Whitefield,Marathahalli,280.0,25.0,Not Applicable,Not Applicable,No,Not Applicable,945,Cash,12,3.7,3.7
2024-07-11 03:51:00,CNR1588054061,Success,CID622656,Auto,Banashankari,Majestic,273.0,70.0,Not Applicable,Not Applicable,No,Not Applicable,415,UPI,5,4.9,4.1
2024-07-07 04:41:00,CNR5335175905,Success,CID653318,Prime Sedan,Nagarbhavi,Malleshwaram,189.0,105.0,Not Applicable,Not Applicable,No,Not Applicable,392,UPI,3,3.2,4.8
2024-07-14 13:08:00,CNR7218181954,Driver Not Found,CID790065,Bike,Tumkur Road,Rajarajeshwari Nagar,,,Not Applicable,Not Applicable,Not Applicable,Not Applicable,1094,Not Applicable,0,,
2024-07-20 19:00:00,CNR5371975563,Success,CID850399,Bike,Shivajinagar,KR Puram,217.0,145.0,Not Applicable,Not Applicable,No,Not Applicable,464,UPI,38,3.5,4.1
2024-07-17 05:25:00,CNR6078225045,Success,CID200717,Prime Plus,Peenya,Bannerghatta Road,140.0,95.0,Not Applicable,Not Applicable,No,Not Applicable,462,UPI,11,5.0,4.8
2024-07-09 22:50:00,CNR3130590043,Success,CID710837,Prime Sedan,Electronic City,Richmond Town,224.0,105.0,Not Applicable,Not Applicable,No,Not Applicable,104,UPI,48,3.6,3.3
2024-07-03 01:52:00,CNR7552853230,Success,CID364365,Prime SUV,Cox Town,Rajarajeshwari Nagar,56.0,115.0,Not Applicable,Not Applicable,No,Not Applicable,357,Cash,43,3.0,4.8
2024-07-04 03:10:00,CNR2544084123,Success,CID783217,Bike,Ramamurthy Nagar,HSR Layout,203.0,125.0,Not Applicable,Not Applicable,No,Not Applicable,337,UPI,9,4.5,3.5
2024-07-19 19:54:00,CNR3069014384,Success,CID313510,Bike,Basavanagudi,Hebbal,105.0,25.0,Not Applicable,Not Applicable,No,Not Applicable,740,Cash,26,3.8,3.7
2024-07-13 13:54:00,CNR7049552845,Success,CID196803,Prime SUV,Cox Town,Bannerghatta Road,175.0,45.0,Not Applicable,Not Applicable,No,Not Applicable,136,Cash,7,5.0,3.0
2024-07-19 14:06:00,CNR5101442843,Driver Not Found,CID573969,Auto,Majestic,Majestic,,,Not Applicable,Not Applicable,Not Applicable,Not Applicable,408,Not Applicable,0,,
2024-07-23 13:38:00,CNR2482340072,Success,CID559442,Prime Plus,Kengeri,RT Nagar,196.0,55.0,Not Applicable,Not Applicable,No,Not Applicable,191,UPI,30,4.6,4.1
2024-07-01 18:14:00,CNR6798332157,Canceled by Customer,CID653394,Prime Plus,Malleshwaram,Kadugodi,,,Driver asked to cancel,Not Applicable,Not Applicable,Not Applicable,268,Not Applicable,0,,
2024-07-03 11:19:00,CNR3124582153,Canceled by Driver,CID474339,Prime Plus,Frazer Town,Jayanagar,,,Not Applicable,Personal & Car related issue,Not Applicable,Not Applicable,115,Not Applicable,0,,
2024-07-16 23:49:00,CNR1800072004,Success,CID263595,Bike,Sarjapur Road,Langford Town,154.0,120.0,Not Applicable,Not Applicable,No,Not Applicable,308,Cash,35,3.9,4.5
2024-07-11 03:09:00,CNR1887299497,Success,CID580266,Bike,Kengeri,Hosur Road,98.0,95.0,Not Applicable,Not Applicable,No,Not Applicable,148,Cash,36,3.5,3.3
2024-07-10 13:55:00,CNR2374838036,Canceled by Customer,CID998442,Prime Plus,Banashankari,Nagarbhavi,,,AC is Not working,Not Applicable,Not Applicable,Not Applicable,267,Not Applicable,0,,
2024-07-27 04:13:00,CNR2607174718,Driver Not Found,CID761875,Prime SUV,Hebbal,Yeshwanthpur,,,Not Applicable,Not Applicable,Not Applicable,Not Applicable,263,Not Applicable,0,,
2024-07-12 15:17:00,CNR7643420386,Success,CID834172,eBike,Whitefield,Cox Town,210.0,125.0,Not Applicable,Not Applicable,No,Not Applicable,820,Cash,28,3.8,4.6
2024-07-29 08:23:00,CNR8090444747,Driver Not Found,CID996899,Auto,Langford Town,Cox Town,,,Not Applicable,Not Applicable,Not Applicable,Not Applicable,281,Not Applicable,0,,
2024-07-25 04:34:00,CNR7080382399,Success,CID624371,Auto,Hosur Road,Ramamurthy Nagar,273.0,75.0,Not Applicable,Not Applicable,No,Not Applicable,857,Cash,8,3.3,4.7
2024-07-21 16:22:00,CNR3705024800,Success,CID196503,Prime Plus,Tumkur Road,Hennur,210.0,70.0,Not Applicable,Not Applicable,No,Not Applicable,251,Cash,11,3.7,3.7
2024-07-15 03:21:00,CNR8056772842,Success,CID145745,Mini,Hebbal,Chickpet,203.0,25.0,Not Applicable,Not Applicable,No,Not Applicable,351,Cash,1,3.5,3.2
2024-07-05 00:49:00,CNR9011489247,Success,CID493767,eBike,Padmanabhanagar,Chickpet,161.0,130.0,Not Applicable,Not Applicable,No,Not Applicable,420,Cash,19,4.2,4.9
2024-07-04 12:12:00,CNR6917349755,Success,CID244660,Auto,Ramamurthy Nagar,Yelahanka,161.0,110.0,Not Applicable,Not Applicable,No,Not Applicable,765,Cash,3,3.6,3.5
2024-07-15 23:27:00,CNR1992021301,Driver Not Found,CID220044,eBike,Jayanagar,Rajajinagar,,,Not Applicable,Not Applicable,Not Applicable,Not Applicable,413,Not Applicable,0,,
2024-07-12 07:19:00,CNR5265078453,Driver Not Found,CID195623,Prime SUV,Sarjapur Road,Magadi Road,,,Not Applicable,Not Applicable,Not Applicable,Not Applicable,373,Not Applicable,0,,
2024-07-05 05:52:00,CNR7227297826,Success,CID574047,Prime Plus,HSR Layout,Frazer Town,280.0,100.0,Not Applicable,Not Applicable,No,Not Applicable,1592,Cash,30,3.9,3.0
2024-07-04 21:31:00,CNR3558186845,Success,CID867805,Bike,RT Nagar,Cox Town,98.0,60.0,Not Applicable,Not Applicable,No,Not Applicable,911,Cash,46,3.5,4.8
2024-07-24 02:46:00,CNR7706406402,Success,CID587021,Mini,Tumkur Road,Indiranagar,91.0,65.0,Not Applicable,Not Applicable,No,Not Applicable,107,UPI,15,4.0,4.3
2024-07-01 01:29:00,CNR4477423849,Success,CID325722,Bike,Yelahanka,Vijayanagar,98.0,35.0,Not Applicable,Not Applicable,No,Not Applicable,711,UPI,19,3.3,3.9
2024-07-10 01:36:00,CNR3735021735,Success,CID903249,Prime Plus,JP Nagar,Majestic,161.0,45.0,Not Applicable,Not Applicable,No,Not Applicable,153,Cash,22,4.8,3.8
2024-07-08 09:41:00,CNR9841893274,Canceled by Driver,CID274041,Auto,Koramangala,Yeshwanthpur,,,Not Applicable,Customer related issue,Not Applicable,Not Applicable,333,Not Applicable,0,,
2024-07-30 19:23:00,CNR7062923364,Success,CID186393,eBike,Ulsoor,Hosur Road,49.0,75.0,Not Applicable,Not Applicable,No,Not Applicable,209,Cash,46,3.6,4.9
2024-07-14 16:52:00,CNR6906928981,Success,CID610160,Prime SUV,Rajarajeshwari Nagar,Richmond Town,84.0,145.0,Not Applicable,Not Applicable,No,Not Applicable,155,Cash,43,3.0,3.7
2024-07-13 20:44:00,CNR4182247815,Canceled by Customer,CID484070,eBike,Vijayanagar,Peenya,,,Change of plans,Not Applicable,Not Applicable,Not Applicable,817,Not Applicable,0,,
2024-07-20 15:02:00,CNR1625141377,Success,CID569221,Bike,Hebbal,Hennur,140.0,105.0,Not Applicable,Not Applicable,No,Not Applicable,387,UPI,12,3.9,3.1
2024-07-13 23:10:00,CNR3190052523,Canceled by Driver,CID233226,eBike,Kadugodi,Rajarajeshwari Nagar,,,Not Applicable,Customer was coughing/sick,Not Applicable,Not Applicable,1701,Not Applicable,0,,
2024-07-20 01:54:00,CNR1160829679,Canceled by Customer,CID794644,Auto,Langford Town,Bannerghatta Road,,,AC is Not working,Not Applicable,Not Applicable,Not Applicable,199,Not Applicable,0,,
2024-07-12 16:42:00,CNR3807997515,Canceled by Driver,CID789028,eBike,Hosur Road,RT Nagar,,,Not Applicable,Customer related issue,Not Applicable,Not Applicable,276,Not Applicable,0,,
2024-07-20 02:36:00,CNR6347034732,Success,CID145033,Prime Plus,Tumkur Road,Sarjapur Road,287.0,65.0,Not Applicable,Not Applicable,Yes,Customer Demand,404,UPI,30,4.2,4.1
2024-07-16 18:34:00,CNR8256710252,Success,CID555320,Mini,Hennur,Indiranagar,147.0,25.0,Not Applicable,Not Applicable,No,Not Applicable,475,UPI,10,3.5,3.7
2024-07-12 02:43:00,CNR2671050261,Success,CID746190,Prime SUV,Peenya,Langford Town,189.0,145.0,Not Applicable,Not Applicable,No,Not Applicable,444,Cash,36,4.7,3.3
2024-07-04 16:37:00,CNR8233414579,Canceled by Customer,CID462026,Prime SUV,Devanahalli,Padmanabhanagar,,,Driver is not moving towards pickup location,Not Applicable,Not Applicable,Not Applicable,122,Not Applicable,0,,
2024-07-20 21:13:00,CNR4966245991,Canceled by Customer,CID705427,eBike,Kammanahalli,Tumkur Road,,,Change of plans,Not Applicable,Not Applicable,Not Applicable,512,Not Applicable,0,,
2024-07-12 04:10:00,CNR6750244034,Success,CID424676,eBike,Ulsoor,HSR Layout,140.0,125.0,Not Applicable,Not Applicable,No,Not Applicable,975,Cash,33,3.7,4.1
2024-07-10 17:20:00,CNR3811537282,Canceled by Customer,CID409911,eBike,Majestic,Indiranagar,,,Wrong Address,Not Applicable,Not Applicable,Not Applicable,370,Not Applicable,0,,
2024-07-04 23:26:00,CNR5339417121,Canceled by Driver,CID585784,Prime Plus,Bannerghatta Road,Kammanahalli,,,Not Applicable,Customer related issue,Not Applicable,Not Applicable,982,Not Applicable,0,,
2024-07-13 04:40:00,CNR4584525429,Success,CID870007,Auto,Hulimavu,Cox Town,196.0,30.0,Not Applicable,Not Applicable,No,Not Applicable,511,Cash,11,4.2,4.8
2024-07-21 00:05:00,CNR2236399114,Success,CID480908,eBike,Kammanahalli,Malleshwaram,203.0,60.0,Not Applicable,Not Applicable,No,Not Applicable,925,UPI,40,4.9,4.3
2024-07-23 02:04:00,CNR5154859166,Success,CID842809,Prime Plus,Varthur,Peenya,280.0,100.0,Not Applicable,Not Applicable,No,Not Applicable,109,Cash,37,4.7,4.7
2024-07-26 14:54:00,CNR7056859270,Success,CID897951,Prime SUV,Yelahanka,Kengeri,308.0,130.0,Not Applicable,Not Applicable,No,Not Applicable,255,Cash,37,3.3,3.8
2024-07-05 06:10:00,CNR2182455089,Success,CID194944,Auto,Frazer Town,Rajarajeshwari Nagar,63.0,85.0,Not Applicable,Not Applicable,No,Not Applicable,265,Cash,1,4.6,3.9
2024-07-15 12:00:00,CNR3904483346,Canceled by Customer,CID612611,Mini,Rajarajeshwari Nagar,Tumkur Road,,,Wrong Address,Not Applicable,Not Applicable,Not Applicable,859,Not Applicable,0,,
2024-07-07 21:55:00,CNR6473039672,Driver Not Found,CID780191,Bike,Padmanabhanagar,Ramamurthy Nagar,,,Not Applicable,Not Applicable,Not Applicable,Not Applicable,675,Not Applicable,0,,
2024-07-03 06:42:00,CNR4987149366,Success,CID847643,eBike,Hebbal,Basavanagudi,133.0,135.0,Not Applicable,Not Applicable,No,Not Applicable,2774,Cash,44,4.6,4.5
2024-07-18 18:21:00,CNR4090233304,Success,CID253834,eBike,Varthur,Hebbal,210.0,40.0,Not Applicable,Not Applicable,No,Not Applicable,873,Cash,20,3.5,4.6
2024-07-08 23:30:00,CNR1158562219,Canceled by Customer,CID910074,Prime SUV,Tumkur Road,Vijayanagar,,,Wrong Address,Not Applicable,Not Applicable,Not Applicable,700,Not Applicable,0,,
2024-07-16 09:22:00,CNR7295617086,Success,CID985815,eBike,Jayanagar,Kammanahalli,189.0,95.0,Not Applicable,Not Applicable,No,Not Applicable,461,UPI,47,3.4,4.8
2024-07-09 15:24:00,CNR8153843042,Driver Not Found,CID968311,Prime Sedan,Frazer Town,Kammanahalli,,,Not Applicable,Not Applicable,Not Applicable,Not Applicable,576,Not Applicable,0,,
2024-07-17 16:06:00,CNR4929208492,Success,CID237121,Prime Plus,Whitefield,Electronic City,147.0,80.0,Not Applicable,Not Applicable,Yes,Vehicle Breakdown,458,UPI,3,4.7,3.9
2024-07-05 15:11:00,CNR5933119757,Success,CID364883,Bike,HSR Layout,Tumkur Road,70.0,75.0,Not Applicable,Not Applicable,No,Not Applicable,147,Cash,17,3.1,3.1
2024-07-29 01:29:00,CNR8930195411,Canceled by Driver,CID856058,eBike,Chickpet,MG Road,,,Not Applicable,Personal & Car related issue,Not Applicable,Not Applicable,469,Not Applicable,0,,
2024-07-19 01:42:00,CNR9051778963,Driver Not Found,CID239953,Auto,Basavanagudi,Hulimavu,,,Not Applicable,Not Applicable,Not Applicable,Not Applicable,477,Not Applicable,0,,
2024-07-02 22:21:00,CNR9008385833,Success,CID133267,Mini,Nagarbhavi,Banashankari,231.0,120.0,Not Applicable,Not Applicable,No,Not Applicable,374,Cash,23,4.3,4.7
2024-07-29 06:50:00,CNR9683814415,Canceled by Driver,CID986018,Prime SUV,Langford Town,Whitefield,,,Not Applicable,More than permitted people in there,Not Applicable,Not Applicable,862,Not Applicable,0,,
2024-07-22 10:01:00,CNR6045361504,Success,CID886538,Bike,KR Puram,Shivajinagar,175.0,60.0,Not Applicable,Not Applicable,No,Not Applicable,196,Cash,13,4.1,3.5
2024-07-23 20:11:00,CNR9290151139,Success,CID219311,Mini,Cox Town,Hennur,49.0,30.0,Not Applicable,Not Applicable,No,Not Applicable,437,UPI,27,3.1,4.2
2024-07-02 18:52:00,CNR3862549593,Driver Not Found,CID341531,Prime Sedan,Rajarajeshwari Nagar,Sarjapur Road,,,Not Applicable,Not Applicable,Not Applicable,Not Applicable,299,Not Applicable,0,,
2024-07-20 13:01:00,CNR1570803239,Canceled by Customer,CID191552,Prime Sedan,Vijayanagar,HSR Layout,,,Driver asked to cancel,Not Applicable,Not Applicable,Not Applicable,479,Not Applicable,0,,
2024-07-06 17:02:00,CNR1468068061,Success,CID704204,Bike,Frazer Town,Indiranagar,308.0,125.0,Not Applicable,Not Applicable,No,Not Applicable,903,UPI,36,3.5,4.3
2024-07-19 08:03:00,CNR3590162585,Success,CID427534,Prime Plus,Magadi Road,Peenya,301.0,55.0,Not Applicable,Not Applicable,No,Not Applicable,364,Cash,16,4.9,4.1
2024-07-15 22:37:00,CNR3624736944,Success,CID296458,eBike,RT Nagar,Kengeri,126.0,120.0,Not Applicable,Not Applicable,No,Not Applicable,457,UPI,20,3.4,3.3
2024-07-12 00:00:00,CNR7443226083,Canceled by Driver,CID613572,eBike,Hebbal,Shantinagar,,,Not Applicable,Customer related issue,Not Applicable,Not Applicable,378,Not Applicable,0,,
2024-07-13 19:07:00,CNR4942051355,Success,CID848186,Bike,Ulsoor,Kengeri,203.0,140.0,Not Applicable,Not Applicable,No,Not Applicable,802,Cash,49,3.7,4.9
2024-07-22 02:46:00,CNR3642528378,Success,CID706295,Bike,Majestic,Mysore Road,245.0,65.0,Not Applicable,Not Applicable,No,Not Applicable,335,Cash,20,4.0,3.3
2024-07-01 04:21:00,CNR7824028220,Canceled by Driver,CID812340,Mini,Hulimavu,Langford Town,,,Not Applicable,More than permitted people in there,Not Applicable,Not Applicable,423,Not Applicable,0,,
2024-07-28 07:51:00,CNR7693105724,Success,CID897886,Mini,Yeshwanthpur,Sarjapur Road,140.0,125.0,Not Applicable,Not Applicable,No,Not Applicable,307,Cash,6,4.5,3.2
2024-07-05 00:37:00,CNR8194591582,Success,CID128051,Prime SUV,Bannerghatta Road,Hulimavu,196.0,100.0,Not Applicable,Not Applicable,No,Not Applicable,237,Cash,21,4.9,4.6
2024-07-28 21:41:00,CNR2539910541,Canceled by Driver,CID337856,Prime Sedan,Magadi Road,Whitefield,,,Not Applicable,Customer was coughing/sick,Not Applicable,Not Applicable,206,Not Applicable,0,,
2024-07-04 01:56:00,CNR9523787676,Success,CID871566,Bike,Bellandur,Whitefield,301.0,65.0,Not Applicable,Not Applicable,No,Not Applicable,801,Cash,39,4.5,4.3
2024-07-17 00:19:00,CNR4790474119,Success,CID179003,eBike,Whitefield,Indiranagar,119.0,55.0,Not Applicable,Not Applicable,No,Not Applicable,906,Cash,13,4.1,3.5
2024-07-19 04:46:00,CNR9137614839,Success,CID573649,eBike,RT Nagar,Magadi Road,119.0,50.0,Not Applicable,Not Applicable,No,Not Applicable,109,UPI,38,3.1,4.9
2024-07-04 05:29:00,CNR9567776123,Success,CID521798,Prime Plus,Varthur,Sahakar Nagar,273.0,60.0,Not Applicable,Not Applicable,No,Not Applicable,102,Debit Card,43,3.7,3.8
2024-07-15 07:09:00,CNR5380967547,Success,CID342259,Prime Plus,Shantinagar,Padmanabhanagar,308.0,95.0,Not Applicable,Not Applicable,No,Not Applicable,228,Cash,4,4.3,3.3
2024-07-01 09:56:00,CNR7892306924,Success,CID764622,Auto,Banashankari,Padmanabhanagar,84.0,60.0,Not Applicable,Not Applicable,No,Not Applicable,325,UPI,4,3.6,4.7
2024-07-13 11:03:00,CNR5846338818,Success,CID821570,Mini,BTM Layout,BTM Layout,245.0,50.0,Not Applicable,Not Applicable,No,Not Applicable,304,Cash,12,3.2,3.3
2024-07-29 23:30:00,CNR3491221051,Success,CID504155,Prime Sedan,HSR Layout,Frazer Town,217.0,95.0,Not Applicable,Not Applicable,No,Not Applicable,321,Cash,43,3.5,4.8
2024-07-23 02:47:00,CNR9533738772,Success,CID189698,Bike,HSR Layout,Chickpet,126.0,145.0,Not Applicable,Not Applicable,No,Not Applicable,754,Cash,2,4.3,4.2
2024-07-12 01:42:00,CNR1002505770,Driver Not Found,CID362556,Mini,KR Puram,Frazer Town,,,Not Applicable,Not Applicable,Not Applicable,Not Applicable,367,Not Applicable,0,,
2024-07-08 00:25:00,CNR9177701142,Success,CID135371,Prime Sedan,Malleshwaram,MG Road,105.0,90.0,Not Applicable,Not Applicable,No,Not Applicable,546,UPI,35,3.2,4.7
2024-07-12 12:36:00,CNR3409277878,Canceled by Driver,CID181946,Prime Sedan,Sahakar Nagar,Devanahalli,,,Not Applicable,Personal & Car related issue,Not Applicable,Not Applicable,114,Not Applicable,0,,
2024-07-04 12:57:00,CNR4396881212,Success,CID476756,Prime Plus,Nagarbhavi,Bannerghatta Road,203.0,90.0,Not Applicable,Not Applicable,No,Not Applicable,2274,UPI,47,3.4,4.8
2024-07-16 23:32:00,CNR4522869970,Success,CID137490,Auto,Chamarajpet,Shantinagar,224.0,25.0,Not Applicable,Not Applicable,No,Not Applicable,479,UPI,17,3.0,3.4
2024-07-18 17:27:00,CNR5419166738,Success,CID945401,Prime Plus,MG Road,Nagarbhavi,210.0,140.0,Not Applicable,Not Applicable,No,Not Applicable,303,Cash,26,3.1,4.1
2024-07-02 20:16:00,CNR3280862983,Canceled by Driver,CID910683,Prime SUV,Magadi Road,Rajarajeshwari Nagar,,,Not Applicable,Personal & Car related issue,Not Applicable,Not Applicable,2746,Not Applicable,0,,
2024-07-26 08:54:00,CNR4762902375,Success,CID790677,Prime SUV,HSR Layout,Yeshwanthpur,119.0,105.0,Not Applicable,Not Applicable,No,Not Applicable,341,Cash,25,3.1,4.5
2024-07-15 14:39:00,CNR6602040465,Success,CID879848,Auto,RT Nagar,KR Puram,231.0,55.0,Not Applicable,Not Applicable,No,Not Applicable,488,Cash,16,4.5,3.4
2024-07-03 19:50:00,CNR5241341912,Success,CID883493,Prime SUV,RT Nagar,Magadi Road,203.0,35.0,Not Applicable,Not Applicable,No,Not Applicable,472,UPI,23,4.2,4.1
2024-07-15 13:35:00,CNR7778583621,Success,CID760271,eBike,Bellandur,Hennur,63.0,140.0,Not Applicable,Not Applicable,No,Not Applicable,101,UPI,13,3.8,3.2
2024-07-11 10:41:00,CNR6248723533,Success,CID109691,Prime Sedan,Kengeri,Nagarbhavi,238.0,55.0,Not Applicable,Not Applicable,No,Not Applicable,407,Cash,5,3.4,3.9
2024-07-24 21:00:00,CNR7687959296,Canceled by Customer,CID464687,eBike,Cox Town,Vijayanagar,,,Driver is not moving towards pickup location,Not Applicable,Not Applicable,Not Applicable,706,Not Applicable,0,,
2024-07-10 08:14:00,CNR7075853721,Canceled by Driver,CID585671,Prime SUV,Banashankari,Rajajinagar,,,Not Applicable,Personal & Car related issue,Not Applicable,Not Applicable,492,Not Applicable,0,,
2024-07-04 01:55:00,CNR9449765233,Success,CID516276,Prime Plus,Nagarbhavi,JP Nagar,56.0,85.0,Not Applicable,Not Applicable,No,Not Applicable,483,Cash,8,3.3,3.8
2024-07-04 17:48:00,CNR5062526321,Success,CID271866,Bike,HSR Layout,Ramamurthy Nagar,189.0,65.0,Not Applicable,Not Applicable,No,Not Applicable,556,UPI,5,4.8,4.7
2024-07-23 16:24:00,CNR8878982255,Success,CID823259,Prime SUV,Yelahanka,Electronic City,56.0,85.0,Not Applicable,Not Applicable,No,Not Applicable,152,UPI,17,4.5,3.8
2024-07-04 16:16:00,CNR4166529914,Success,CID486894,Prime Plus,Rajajinagar,Marathahalli,196.0,45.0,Not Applicable,Not Applicable,Yes,Other Issue,321,Cash,41,4.9,4.4
2024-07-03 06:59:00,CNR6010087155,Canceled by Driver,CID205135,Bike,Yelahanka,Bellandur,,,Not Applicable,Customer was coughing/sick,Not Applicable,Not Applicable,266,Not Applicable,0,,
2024-07-14 07:42:00,CNR4245722903,Success,CID576476,Prime Sedan,Mysore Road,Padmanabhanagar,224.0,25.0,Not Applicable,Not Applicable,No,Not Applicable,110,Cash,46,3.4,4.7
2024-07-03 14:33:00,CNR9655336013,Canceled by Driver,CID963005,eBike,Sarjapur Road,Richmond Town,,,Not Applicable,Customer related issue,Not Applicable,Not Applicable,107,Not Applicable,0,,
2024-07-19 05:04:00,CNR1917292697,Success,CID470887,Prime SUV,Koramangala,Yelahanka,91.0,45.0,Not Applicable,Not Applicable,No,Not Applicable,611,Cash,34,3.5,4.3
2024-07-09 07:41:00,CNR5062709737,Canceled by Driver,CID656235,Prime SUV,Tumkur Road,MG Road,,,Not Applicable,Personal & Car related issue,Not Applicable,Not Applicable,134,Not Applicable,0,,
2024-07-17 12:50:00,CNR3376138527,Driver Not Found,CID329119,Auto,Electronic City,Hebbal,,,Not Applicable,Not Applicable,Not Applicable,Not Applicable,348,Not Applicable,0,,
2024-07-10 15:07:00,CNR3033083810,Success,CID688595,Prime Plus,Banashankari,Jayanagar,238.0,60.0,Not Applicable,Not Applicable,No,Not Applicable,315,Cash,23,4.8,4.3
2024-07-22 22:13:00,CNR9535519880,Success,CID402574,Bike,Cox Town,MG Road,49.0,80.0,Not Applicable,Not Applicable,No,Not Applicable,405,Cash,7,3.2,4.1
2024-07-18 03:30:00,CNR3064150734,Success,CID702326,Prime Sedan,Peenya,Ramamurthy Nagar,182.0,55.0,Not Applicable,Not Applicable,No,Not Applicable,433,Cash,1,3.3,4.5
2024-07-21 22:11:00,CNR2219180191,Canceled by Customer,CID774358,Auto,Indiranagar,Malleshwaram,,,Change of plans,Not Applicable,Not Applicable,Not Applicable,115,Not Applicable,0,,
2024-07-13 19:28:00,CNR8910919814,Canceled by Driver,CID388054,Mini,Whitefield,Electronic City,,,Not Applicable,Customer was coughing/sick,Not Applicable,Not Applicable,348,Not Applicable,0,,
2024-07-12 14:14:00,CNR9970304424,Success,CID194881,Prime Plus,Bannerghatta Road,Kengeri,294.0,145.0,Not Applicable,Not Applicable,No,Not Applicable,577,Cash,30,3.9,4.3
2024-07-07 21:39:00,CNR4915397484,Success,CID551368,eBike,Hennur,Kammanahalli,175.0,95.0,Not Applicable,Not Applicable,No,Not Applicable,515,Debit Card,49,3.3,3.4
2024-07-06 21:55:00,CNR9158182682,Success,CID815476,Mini,Bellandur,Ramamurthy Nagar,294.0,145.0,Not Applicable,Not Applicable,No,Not Applicable,1210,UPI,12,3.2,3.4
2024-07-15 14:57:00,CNR7576134885,Success,CID640451,Prime Plus,Frazer Town,JP Nagar,168.0,110.0,Not Applicable,Not Applicable,No,Not Applicable,386,Cash,5,3.5,4.4
2024-07-07 09:00:00,CNR2910180233,Driver Not Found,CID666290,Prime Plus,Kadugodi,Ramamurthy Nagar,,,Not Applicable,Not Applicable,Not Applicable,Not Applicable,228,Not Applicable,0,,
2024-07-01 16:00:00,CNR2253016411,Canceled by Driver,CID713386,Prime SUV,Bannerghatta Road,Koramangala,,,Not Applicable,Personal & Car related issue,Not Applicable,Not Applicable,477,Not Applicable,0,,
2024-07-18 17:12:00,CNR8734339020,Success,CID864188,Bike,Ramamurthy Nagar,Langford Town,56.0,40.0,Not Applicable,Not Applicable,No,Not Applicable,1950,UPI,1,4.0,4.5
2024-07-26 13:17:00,CNR5530756994,Success,CID480136,Prime Plus,MG Road,Vijayanagar,308.0,135.0,Not Applicable,Not Applicable,No,Not Applicable,309,Cash,38,3.0,4.8
2024-07-24 02:55:00,CNR5049647728,Success,CID411760,Mini,Shivajinagar,Sahakar Nagar,175.0,65.0,Not Applicable,Not Applicable,No,Not Applicable,2147,UPI,14,4.4,3.2
2024-07-14 23:15:00,CNR8138448231,Canceled by Customer,CID336665,Prime Sedan,Peenya,Frazer Town,,,Change of plans,Not Applicable,Not Applicable,Not Applicable,418,Not Applicable,0,,
2024-07-20 14:39:00,CNR7767538602,Success,CID230749,Prime SUV,Ulsoor,Shivajinagar,210.0,85.0,Not Applicable,Not Applicable,No,Not Applicable,665,UPI,48,4.7,4.5
2024-07-14 22:32:00,CNR8888460487,Success,CID584592,Prime Plus,BTM Layout,Jayanagar,161.0,110.0,Not Applicable,Not Applicable,No,Not Applicable,2679,UPI,10,4.6,3.1
2024-07-28 17:53:00,CNR6591543381,Success,CID244068,Mini,Sarjapur Road,Richmond Town,84.0,135.0,Not Applicable,Not Applicable,No,Not Applicable,565,Cash,34,3.5,4.4
2024-07-18 00:06:00,CNR9795782876,Success,CID942836,Prime SUV,Hebbal,Bannerghatta Road,273.0,135.0,Not Applicable,Not Applicable,No,Not Applicable,888,Cash,14,4.9,4.4
2024-07-16 15:02:00,CNR7174691643,Success,CID557142,Prime Sedan,Chamarajpet,JP Nagar,287.0,25.0,Not Applicable,Not Applicable,Yes,Vehicle Breakdown,176,Cash,4,4.8,4.4
2024-07-25 07:22:00,CNR7750936446,Success,CID448271,Prime SUV,Devanahalli,Indiranagar,77.0,85.0,Not Applicable,Not Applicable,No,Not Applicable,554,UPI,34,4.9,3.2
2024-07-23 02:57:00,CNR6750101427,Success,CID886118,Prime Sedan,Ramamurthy Nagar,Shantinagar,77.0,35.0,Not Applicable,Not Applicable,No,Not Applicable,477,Cash,33,4.8,4.0
2024-07-06 08:04:00,CNR8258304292,Canceled by Customer,CID267897,eBike,Devanahalli,JP Nagar,,,Change of plans,Not Applicable,Not Applicable,Not Applicable,477,Not Applicable,0,,
2024-07-22 10:09:00,CNR9263119448,Success,CID165102,Bike,Yeshwanthpur,JP Nagar,189.0,95.0,Not Applicable,Not Applicable,No,Not Applicable,367,UPI,26,4.0,4.2
2024-07-15 12:56:00,CNR1665694682,Canceled by Driver,CID229932,Mini,Hennur,Richmond Town,,,Not Applicable,Customer related issue,Not Applicable,Not Applicable,361,Not Applicable,0,,
2024-07-17 04:37:00,CNR8849870836,Success,CID754131,Prime Sedan,Vijayanagar,Jayanagar,301.0,145.0,Not Applicable,Not Applicable,No,Not Applicable,288,Cash,35,3.2,4.0
2024-07-15 22:57:00,CNR2360375003,Canceled by Driver,CID250674,Prime Plus,Koramangala,Ulsoor,,,Not Applicable,Customer was coughing/sick,Not Applicable,Not Applicable,159,Not Applicable,0,,
2024-07-27 11:22:00,CNR9721373156,Success,CID235426,Prime Plus,Sarjapur Road,HSR Layout,98.0,25.0,Not Applicable,Not Applicable,No,Not Applicable,527,Cash,39,4.6,4.7
2024-07-20 10:54:00,CNR9549273675,Canceled by Driver,CID229871,Prime Plus,HSR Layout,BTM Layout,,,Not Applicable,More than permitted people in there,Not Applicable,Not Applicable,194,Not Applicable,0,,
2024-07-23 08:47:00,CNR7995991790,Success,CID734422,Prime SUV,Indiranagar,Varthur,154.0,65.0,Not Applicable,Not Applicable,No,Not Applicable,338,Cash,6,3.1,4.4
2024-07-12 08:25:00,CNR1062975815,Driver Not Found,CID737194,Prime SUV,Banashankari,Whitefield,,,Not Applicable,Not Applicable,Not Applicable,Not Applicable,184,Not Applicable,0,,
2024-07-30 12:08:00,CNR9712434402,Canceled by Customer,CID481509,Prime Sedan,BTM Layout,Shantinagar,,,Driver asked to cancel,Not Applicable,Not Applicable,Not Applicable,2521,Not Applicable,0,,
2024-07-30 07:04:00,CNR8134927648,Success,CID229194,Prime Plus,Nagarbhavi,Majestic,35.0,125.0,Not Applicable,Not Applicable,No,Not Applicable,250,UPI,8,3.9,4.7
2024-07-08 07:07:00,CNR4194815616,Success,CID346522,Auto,Rajajinagar,KR Puram,147.0,70.0,Not Applicable,Not Applicable,No,Not Applicable,314,Cash,10,4.2,3.5
2024-07-21 06:39:00,CNR7568188861,Canceled by Driver,CID710963,Auto,Mysore Road,Kengeri,,,Not Applicable,Customer related issue,Not Applicable,Not Applicable,138,Not Applicable,0,,
2024-07-07 21:57:00,CNR6112289764,Driver Not Found,CID694217,Mini,Rajarajeshwari Nagar,Peenya,,,Not Applicable,Not Applicable,Not Applicable,Not Applicable,422,Not Applicable,0,,
2024-07-02 10:47:00,CNR7668785307,Success,CID240179,Prime Sedan,Langford Town,Sahakar Nagar,105.0,105.0,Not Applicable,Not Applicable,No,Not Applicable,316,Cash,29,3.8,4.8
2024-07-23 17:06:00,CNR6599815085,Success,CID187184,Prime SUV,Kammanahalli,Vijayanagar,294.0,115.0,Not Applicable,Not Applicable,No,Not Applicable,371,Cash,38,4.9,5.0
2024-07-11 17:06:00,CNR6427328502,Driver Not Found,CID179190,Prime SUV,Frazer Town,Chickpet,,,Not Applicable,Not Applicable,Not Applicable,Not Applicable,102,Not Applicable,0,,
2024-07-01 00:19:00,CNR6418076522,Driver Not Found,CID658495,Prime Sedan,Shantinagar,Yelahanka,,,Not Applicable,Not Applicable,Not Applicable,Not Applicable,443,Not Applicable,0,,
2024-07-09 15:14:00,CNR5115234770,Driver Not Found,CID540599,Bike,Rajarajeshwari Nagar,Devanahalli,,,Not Applicable,Not Applicable,Not Applicable,Not Applicable,466,Not Applicable,0,,
2024-07-03 00:44:00,CNR2724375583,Success,CID891838,Prime Plus,Shivajinagar,Cox Town,119.0,100.0,Not Applicable,Not Applicable,No,Not Applicable,406,Cash,25,3.6,3.5
2024-07-03 23:08:00,CNR1113294800,Success,CID402378,Prime Plus,Devanahalli,Shivajinagar,189.0,40.0,Not Applicable,Not Applicable,No,Not Applicable,723,Cash,23,4.6,4.2
2024-07-18 21:48:00,CNR6858925745,Success,CID617727,Prime Plus,Koramangala,HSR Layout,133.0,100.0,Not Applicable,Not Applicable,No,Not Applicable,944,Cash,6,4.4,4.4
2024-07-04 17:03:00,CNR2574488825,Success,CID551264,Auto,Basavanagudi,Hebbal,238.0,75.0,Not Applicable,Not Applicable,No,Not Applicable,277,UPI,15,4.9,3.5
2024-07-25 04:52:00,CNR9869313756,Success,CID987487,Bike,Indiranagar,Hosur Road,98.0,110.0,Not Applicable,Not Applicable,No,Not Applicable,121,UPI,34,4.7,3.1
2024-07-17 01:55:00,CNR2830099498,Canceled by Customer,CID514678,Prime Sedan,Malleshwaram,Majestic,,,Driver is not moving towards pickup location,Not Applicable,Not Applicable,Not Applicable,390,Not Applicable,0,,
2024-07-23 15:54:00,CNR8457693461,Success,CID705315,Prime SUV,MG Road,Langford Town,140.0,75.0,Not Applicable,Not Applicable,No,Not Applicable,312,Cash,30,4.1,3.8
2024-07-16 16:44:00,CNR3064011632,Success,CID108815,Prime Sedan,Banashankari,Yeshwanthpur,273.0,60.0,Not Applicable,Not Applicable,No,Not Applicable,351,UPI,32,4.1,4.5
2024-07-23 09:47:00,CNR1877439333,Success,CID858231,Mini,KR Puram,Varthur,266.0,135.0,Not Applicable,Not Applicable,No,Not Applicable,101,UPI,44,4.6,3.0
2024-07-29 15:43:00,CNR6918374897,Driver Not Found,CID659538,Mini,Cox Town,Padmanabhanagar,,,Not Applicable,Not Applicable,Not Applicable,Not Applicable,430,Not Applicable,0,,
2024-07-16 03:05:00,CNR5357413875,Success,CID573565,Prime Sedan,Kammanahalli,Rajarajeshwari Nagar,98.0,30.0,Not Applicable,Not Applicable,No,Not Applicable,836,Cash,21,3.2,4.0
2024-07-19 11:14:00,CNR9729497669,Success,CID862778,Bike,Basavanagudi,HSR Layout,203.0,110.0,Not Applicable,Not Applicable,No,Not Applicable,893,Cash,7,4.2,3.9
2024-07-09 07:38:00,CNR8797895416,Canceled by Driver,CID340716,Auto,Banashankari,Jayanagar,,,Not Applicable,Customer related issue,Not Applicable,Not Applicable,393,Not Applicable,0,,
2024-07-19 11:04:00,CNR5591682091,Success,CID640850,Bike,Malleshwaram,Yeshwanthpur,35.0,30.0,Not Applicable,Not Applicable,No,Not Applicable,219,UPI,23,4.4,3.5
2024-07-20 21:43:00,CNR6551299044,Success,CID945146,Prime SUV,Rajajinagar,Hebbal,56.0,40.0,Not Applicable,Not Applicable,No,Not Applicable,142,Cash,2,3.7,4.8
2024-07-28 01:48:00,CNR3651708438,Canceled by Driver,CID996190,Auto,Richmond Town,Padmanabhanagar,,,Not Applicable,More than permitted people in there,Not Applicable,Not Applicable,156,Not Applicable,0,,
2024-07-06 09:27:00,CNR9387488135,Canceled by Driver,CID518526,Prime Plus,Peenya,RT Nagar,,,Not Applicable,Customer related issue,Not Applicable,Not Applicable,473,Not Applicable,0,,
2024-07-26 03:49:00,CNR9349731175,Success,CID375250,Bike,Ulsoor,Hebbal,301.0,60.0,Not Applicable,Not Applicable,No,Not Applicable,612,UPI,24,3.2,4.2
2024-07-03 03:20:00,CNR6241661875,Success,CID162519,Mini,Majestic,Kadugodi,182.0,30.0,Not Applicable,Not Applicable,No,Not Applicable,722,UPI,23,4.8,4.1
2024-07-09 01:30:00,CNR1425533800,Success,CID175067,Auto,Mysore Road,Magadi Road,308.0,115.0,Not Applicable,Not Applicable,No,Not Applicable,341,UPI,18,3.7,4.7
2024-07-29 07:27:00,CNR7306700651,Canceled by Driver,CID893503,Bike,KR Puram,Bannerghatta Road,,,Not Applicable,More than permitted people in there,Not Applicable,Not Applicable,343,Not Applicable,0,,
2024-07-10 03:31:00,CNR9686704998,Canceled by Customer,CID555223,Mini,Hulimavu,Banashankari,,,Wrong Address,Not Applicable,Not Applicable,Not Applicable,694,Not Applicable,0,,
2024-07-25 21:15:00,CNR9100351540,Canceled by Driver,CID538148,Mini,Ramamurthy Nagar,Banashankari,,,Not Applicable,More than permitted people in there,Not Applicable,Not Applicable,525,Not Applicable,0,,
2024-07-13 21:43:00,CNR7570025756,Canceled by Driver,CID216913,Auto,Sahakar Nagar,JP Nagar,,,Not Applicable,More than permitted people in there,Not Applicable,Not Applicable,691,Not Applicable,0,,
2024-07-28 09:43:00,CNR8379283753,Success,CID462177,Mini,Indiranagar,Hosur Road,196.0,35.0,Not Applicable,Not Applicable,No,Not Applicable,250,Credit Card,11,3.7,4.7
2024-07-09 04:03:00,CNR2981343941,Success,CID993733,eBike,Hebbal,Hebbal,77.0,130.0,Not Applicable,Not Applicable,Yes,Customer Demand,442,Cash,15,3.8,4.9
2024-07-03 01:58:00,CNR2399866014,Driver Not Found,CID948713,Prime SUV,Padmanabhanagar,Bellandur,,,Not Applicable,Not Applicable,Not Applicable,Not Applicable,347,Not Applicable,0,,
2024-07-27 16:44:00,CNR9397575788,Driver Not Found,CID472536,Bike,Peenya,Peenya,,,Not Applicable,Not Applicable,Not Applicable,Not Applicable,602,Not Applicable,0,,
2024-07-08 04:22:00,CNR3828857523,Success,CID454570,Mini,Kammanahalli,Cox Town,203.0,40.0,Not Applicable,Not Applicable,No,Not Applicable,306,Cash,33,4.9,4.3
2024-07-20 16:16:00,CNR2577048641,Driver Not Found,CID471938,Prime Plus,Devanahalli,Devanahalli,,,Not Applicable,Not Applicable,Not Applicable,Not Applicable,933,Not Applicable,0,,
2024-07-22 04:05:00,CNR4333630131,Success,CID808226,Prime SUV,HSR Layout,RT Nagar,42.0,35.0,Not Applicable,Not Applicable,No,Not Applicable,183,Cash,39,3.0,3.6
2024-07-04 09:00:00,CNR6847104716,Driver Not Found,CID326586,Prime Plus,Indiranagar,Hulimavu,,,Not Applicable,Not Applicable,Not Applicable,Not Applicable,482,Not Applicable,0,,
2024-07-05 00:31:00,CNR2584683164,Canceled by Customer,CID393907,Prime Sedan,Hulimavu,HSR Layout,,,AC is Not working,Not Applicable,Not Applicable,Not Applicable,206,Not Applicable,0,,
2024-07-27 10:48:00,CNR4345157905,Canceled by Customer,CID523614,Auto,Richmond Town,MG Road,,,Change of plans,Not Applicable,Not Applicable,Not Applicable,471,Not Applicable,0,,
2024-07-04 21:07:00,CNR8832178970,Success,CID896939,eBike,Sarjapur Road,Devanahalli,217.0,85.0,Not Applicable,Not Applicable,No,Not Applicable,978,UPI,17,4.6,4.1
2024-07-13 10:50:00,CNR1733572348,Success,CID634235,Prime Sedan,KR Puram,Nagarbhavi,98.0,95.0,Not Applicable,Not Applicable,No,Not Applicable,124,Cash,21,3.5,3.7
2024-07-30 14:28:00,CNR5556990027,Success,CID578718,Bike,Ramamurthy Nagar,Nagarbhavi,259.0,120.0,Not Applicable,Not Applicable,No,Not Applicable,852,Cash,22,4.0,4.8
2024-07-04 17:34:00,CNR4639139931,Canceled by Driver,CID933582,Bike,Kammanahalli,Vijayanagar,,,Not Applicable,Personal & Car related issue,Not Applicable,Not Applicable,352,Not Applicable,0,,
2024-07-29 00:42:00,CNR5765433843,Success,CID929127,eBike,Hebbal,Hulimavu,147.0,50.0,Not Applicable,Not Applicable,No,Not Applicable,705,Cash,9,4.8,4.2
2024-07-22 05:09:00,CNR1433530250,Success,CID882780,Prime Plus,Magadi Road,Richmond Town,147.0,130.0,Not Applicable,Not Applicable,No,Not Applicable,557,UPI,43,4.2,3.6
2024-07-16 00:36:00,CNR6552100665,Success,CID840681,Prime Sedan,Kengeri,Malleshwaram,154.0,120.0,Not Applicable,Not Applicable,No,Not Applicable,512,Cash,30,4.8,4.5
2024-07-03 13:12:00,CNR7527090835,Driver Not Found,CID136843,Prime SUV,Indiranagar,MG Road,,,Not Applicable,Not Applicable,Not Applicable,Not Applicable,372,Not Applicable,0,,
2024-07-28 15:36:00,CNR5426408235,Success,CID176082,Bike,MG Road,Majestic,266.0,120.0,Not Applicable,Not Applicable,No,Not Applicable,1113,Cash,41,3.3,4.4
2024-07-13 22:52:00,CNR2556030522,Success,CID422434,Auto,Shantinagar,Electronic City,91.0,60.0,Not Applicable,Not Applicable,No,Not Applicable,361,Cash,5,4.9,4.9
2024-07-09 05:41:00,CNR7594743113,Success,CID435269,Mini,Marathahalli,Chamarajpet,42.0,105.0,Not Applicable,Not Applicable,No,Not Applicable,813,Cash,11,4.6,4.4
2024-07-21 06:22:00,CNR4841068559,Canceled by Driver,CID287344,eBike,Nagarbhavi,Shivajinagar,,,Not Applicable,Personal & Car related issue,Not Applicable,Not Applicable,300,Not Applicable,0,,
2024-07-08 07:06:00,CNR2576383242,Driver Not Found,CID603598,Prime SUV,Kadugodi,Hebbal,,,Not Applicable,Not Applicable,Not Applicable,Not Applicable,177,Not Applicable,0,,
2024-07-26 12:49:00,CNR3293959432,Success,CID165295,Prime Plus,Hennur,Sarjapur Road,63.0,80.0,Not Applicable,Not Applicable,No,Not Applicable,255,UPI,18,3.9,4.2
2024-07-22 23:45:00,CNR1748906598,Success,CID605994,Mini,Sarjapur Road,Majestic,217.0,145.0,Not Applicable,Not Applicable,No,Not Applicable,150,UPI,1,4.7,4.4
2024-07-26 15:29:00,CNR9712435881,Canceled by Customer,CID305940,Prime Sedan,BTM Layout,Jayanagar,,,Driver asked to cancel,Not Applicable,Not Applicable,Not Applicable,786,Not Applicable,0,,
2024-07-09 11:16:00,CNR4384865474,Driver Not Found,CID501126,Prime SUV,Tumkur Road,Ulsoor,,,Not Applicable,Not Applicable,Not Applicable,Not Applicable,736,Not Applicable,0,,
2024-07-04 11:30:00,CNR2525745382,Success,CID980611,Bike,Richmond Town,JP Nagar,105.0,145.0,Not Applicable,Not Applicable,No,Not Applicable,203,UPI,39,4.6,3.6
2024-07-12 05:03:00,CNR4963033774,Canceled by Customer,CID691004,eBike,Jayanagar,Hosur Road,,,Driver is not moving towards pickup location,Not Applicable,Not Applicable,Not Applicable,944,Not Applicable,0,,
2024-07-09 17:39:00,CNR9054508038,Success,CID998653,eBike,Shivajinagar,Ulsoor,133.0,40.0,Not Applicable,Not Applicable,No,Not Applicable,410,Cash,27,3.6,3.3
2024-07-27 14:02:00,CNR1643482098,Success,CID963009,Prime Plus,RT Nagar,Hulimavu,294.0,55.0,Not Applicable,Not Applicable,No,Not Applicable,359,UPI,12,3.7,4.4
2024-07-11 09:09:00,CNR2835241957,Success,CID660740,Auto,RT Nagar,JP Nagar,91.0,25.0,Not Applicable,Not Applicable,No,Not Applicable,103,UPI,3,3.4,4.1
2024-07-11 11:36:00,CNR5173248453,Success,CID299298,Prime Sedan,Hebbal,Vijayanagar,266.0,115.0,Not Applicable,Not Applicable,No,Not Applicable,351,Cash,13,5.0,4.2
2024-07-23 07:38:00,CNR1046232013,Success,CID352538,Auto,Bannerghatta Road,Rajarajeshwari Nagar,112.0,30.0,Not Applicable,Not Applicable,No,Not Applicable,442,UPI,3,3.6,3.6
2024-07-07 18:55:00,CNR7495819252,Canceled by Customer,CID720798,Mini,Magadi Road,Jayanagar,,,Driver asked to cancel,Not Applicable,Not Applicable,Not Applicable,320,Not Applicable,0,,
2024-07-10 07:42:00,CNR6254215091,Success,CID621985,Auto,Hosur Road,Basavanagudi,266.0,55.0,Not Applicable,Not Applicable,No,Not Applicable,472,Cash,12,3.2,4.7
2024-07-12 21:31:00,CNR2291988842,Canceled by Customer,CID953426,Mini,Chickpet,Rajarajeshwari Nagar,,,Driver asked to cancel,Not Applicable,Not Applicable,Not Applicable,802,Not Applicable,0,,
2024-07-09 09:28:00,CNR9030032928,Canceled by Customer,CID134116,Prime SUV,Jayanagar,Peenya,,,Driver is not moving towards pickup location,Not Applicable,Not Applicable,Not Applicable,343,Not Applicable,0,,
2024-07-02 01:14:00,CNR5869018409,Canceled by Driver,CID489560,Prime Plus,Hennur,Sarjapur Road,,,Not Applicable,Personal & Car related issue,Not Applicable,Not Applicable,436,Not Applicable,0,,
2024-07-30 19:24:00,CNR3655221746,Canceled by Driver,CID948009,Mini,KR Puram,Indiranagar,,,Not Applicable,Customer related issue,Not Applicable,Not Applicable,902,Not Applicable,0,,
2024-07-25 06:17:00,CNR7231893708,Success,CID915819,eBike,Hulimavu,Majestic,77.0,80.0,Not Applicable,Not Applicable,No,Not Applicable,168,Cash,4,3.3,3.6
2024-07-23 00:54:00,CNR9648787522,Success,CID163050,Prime SUV,Banashankari,KR Puram,147.0,65.0,Not Applicable,Not Applicable,No,Not Applicable,300,UPI,27,3.5,4.1
2024-07-07 10:54:00,CNR6272690815,Canceled by Customer,CID843888,Bike,Shivajinagar,Basavanagudi,,,Change of plans,Not Applicable,Not Applicable,Not Applicable,747,Not Applicable,0,,
2024-07-11 11:06:00,CNR1800502090,Success,CID309129,eBike,MG Road,Tumkur Road,259.0,50.0,Not Applicable,Not Applicable,No,Not Applicable,491,Debit Card,24,3.1,4.7
2024-07-02 22:32:00,CNR2869488511,Canceled by Driver,CID305223,Auto,Electronic City,Rajajinagar,,,Not Applicable,Customer was coughing/sick,Not Applicable,Not Applicable,220,Not Applicable,0,,
2024-07-27 06:56:00,CNR1333792624,Success,CID737515,eBike,Peenya,Mysore Road,84.0,45.0,Not Applicable,Not Applicable,No,Not Applicable,319,Cash,21,3.7,3.0
2024-07-23 10:43:00,CNR6745346601,Success,CID976442,Prime Sedan,Kengeri,Shantinagar,70.0,130.0,Not Applicable,Not Applicable,No,Not Applicable,278,Cash,29,4.5,4.8
2024-07-16 18:50:00,CNR5501395144,Success,CID492045,Bike,MG Road,Ulsoor,196.0,45.0,Not Applicable,Not Applicable,No,Not Applicable,290,Cash,21,3.7,3.5
2024-07-04 08:10:00,CNR3109580006,Success,CID802092,Mini,Sahakar Nagar,Sarjapur Road,70.0,55.0,Not Applicable,Not Applicable,No,Not Applicable,438,UPI,4,3.0,4.6
2024-07-04 01:43:00,CNR8076170034,Canceled by Driver,CID382676,eBike,Rajajinagar,MG Road,,,Not Applicable,Customer related issue,Not Applicable,Not Applicable,153,Not Applicable,0,,
2024-07-13 06:42:00,CNR3238664691,Success,CID787542,Prime Plus,Sahakar Nagar,Peenya,49.0,60.0,Not Applicable,Not Applicable,Yes,Vehicle Breakdown,263,UPI,35,4.1,4.8
2024-07-15 19:08:00,CNR3167387407,Canceled by Driver,CID979912,Prime Plus,Frazer Town,Richmond Town,,,Not Applicable,More than permitted people in there,Not Applicable,Not Applicable,372,Not Applicable,0,,
2024-07-16 19:14:00,CNR3851241160,Success,CID119380,Prime SUV,Hennur,Devanahalli,252.0,85.0,Not Applicable,Not Applicable,No,Not Applicable,122,Cash,34,4.8,4.9
2024-07-17 11:46:00,CNR9482451935,Canceled by Customer,CID762222,Prime Plus,Kadugodi,Shantinagar,,,Change of plans,Not Applicable,Not Applicable,Not Applicable,219,Not Applicable,0,,
2024-07-05 23:57:00,CNR5321497108,Success,CID373939,Prime Plus,Yeshwanthpur,Hennur,266.0,140.0,Not Applicable,Not Applicable,No,Not Applicable,493,Cash,26,4.5,4.9
2024-07-14 23:12:00,CNR7609904093,Success,CID199594,Prime SUV,Devanahalli,Peenya,273.0,120.0,Not Applicable,Not Applicable,No,Not Applicable,438,Cash,31,4.3,4.1
2024-07-29 18:03:00,CNR5332326469,Success,CID822713,eBike,Sarjapur Road,Yelahanka,196.0,110.0,Not Applicable,Not Applicable,No,Not Applicable,660,Cash,4,3.8,3.5
2024-07-07 05:53:00,CNR3396727770,Canceled by Driver,CID484960,Auto,Basavanagudi,BTM Layout,,,Not Applicable,More than permitted people in there,Not Applicable,Not Applicable,1886,Not Applicable,0,,
2024-07-24 21:07:00,CNR7254152185,Canceled by Driver,CID329145,Auto,Kammanahalli,Basavanagudi,,,Not Applicable,More than permitted people in there,Not Applicable,Not Applicable,369,Not Applicable,0,,
2024-07-29 06:35:00,CNR6774599891,Success,CID425844,Mini,Chamarajpet,Kammanahalli,224.0,115.0,Not Applicable,Not Applicable,No,Not Applicable,351,UPI,32,4.7,4.3
2024-07-02 15:51:00,CNR3392136137,Canceled by Driver,CID911890,Bike,Peenya,Bellandur,,,Not Applicable,More than permitted people in there,Not Applicable,Not Applicable,338,Not Applicable,0,,
2024-07-04 23:33:00,CNR4190142684,Canceled by Driver,CID343172,Prime Sedan,Hennur,Chickpet,,,Not Applicable,Customer was coughing/sick,Not Applicable,Not Applicable,653,Not Applicable,0,,
2024-07-25 01:16:00,CNR4099275735,Canceled by Driver,CID634301,Bike,Padmanabhanagar,Shivajinagar,,,Not Applicable,More than permitted people in there,Not Applicable,Not Applicable,599,Not Applicable,0,,
2024-07-03 07:04:00,CNR2604489647,Success,CID361438,Prime Sedan,Kadugodi,Hosur Road,168.0,85.0,Not Applicable,Not Applicable,No,Not Applicable,270,Cash,40,4.0,3.9
2024-07-13 22:54:00,CNR6652940168,Success,CID307337,Prime Plus,Tumkur Road,BTM Layout,91.0,80.0,Not Applicable,Not Applicable,No,Not Applicable,167,Cash,33,3.7,4.4
2024-07-24 15:57:00,CNR9098347228,Success,CID484439,Prime Plus,KR Puram,Hulimavu,252.0,105.0,Not Applicable,Not Applicable,No,Not Applicable,270,UPI,2,3.7,3.7
2024-07-04 18:01:00,CNR6238741447,Success,CID146167,Prime SUV,JP Nagar,Magadi Road,119.0,55.0,Not Applicable,Not Applicable,No,Not Applicable,225,Cash,22,4.1,4.7
2024-07-06 21:20:00,CNR1162015930,Canceled by Driver,CID620925,Prime Sedan,Magadi Road,Basavanagudi,,,Not Applicable,Personal & Car related issue,Not Applicable,Not Applicable,160,Not Applicable,0,,
2024-07-20 20:00:00,CNR2359485115,Success,CID794325,Prime Plus,BTM Layout,Hebbal,161.0,85.0,Not Applicable,Not Applicable,No,Not Applicable,2171,Cash,4,3.6,3.8
2024-07-25 05:31:00,CNR4820644885,Canceled by Driver,CID709584,eBike,Richmond Town,Hulimavu,,,Not Applicable,Customer related issue,Not Applicable,Not Applicable,211,Not Applicable,0,,
2024-07-23 12:47:00,CNR4009697685,Success,CID507437,Auto,Yelahanka,HSR Layout,196.0,30.0,Not Applicable,Not Applicable,No,Not Applicable,227,Cash,19,4.9,4.0
2024-07-01 23:09:00,CNR8920993315,Success,CID829046,Prime Plus,Bannerghatta Road,Frazer Town,119.0,140.0,Not Applicable,Not Applicable,No,Not Applicable,118,Cash,30,3.6,3.1
2024-07-12 07:24:00,CNR8375124129,Driver Not Found,CID566963,Auto,Banashankari,BTM Layout,,,Not Applicable,Not Applicable,Not Applicable,Not Applicable,278,Not Applicable,0,,
2024-07-09 17:21:00,CNR1893382945,Success,CID295242,Mini,Kadugodi,MG Road,56.0,95.0,Not Applicable,Not Applicable,No,Not Applicable,418,UPI,40,3.5,4.7
2024-07-06 10:44:00,CNR6861065918,Success,CID996458,Prime SUV,Hennur,Marathahalli,266.0,60.0,Not Applicable,Not Applicable,Yes,Customer Demand,222,Cash,5,3.3,4.4
2024-07-02 06:00:00,CNR7066909867,Driver Not Found,CID845652,Prime SUV,Padmanabhanagar,MG Road,,,Not Applicable,Not Applicable,Not Applicable,Not Applicable,142,Not Applicable,0,,
2024-07-21 20:08:00,CNR9922802161,Success,CID177949,eBike,Rajajinagar,Ulsoor,294.0,110.0,Not Applicable,Not Applicable,No,Not Applicable,643,Cash,35,3.6,3.2
2024-07-26 19:34:00,CNR4478584909,Canceled by Driver,CID485972,eBike,Magadi Road,KR Puram,,,Not Applicable,Customer was coughing/sick,Not Applicable,Not Applicable,146,Not Applicable,0,,
2024-07-11 01:45:00,CNR5559411205,Canceled by Driver,CID212189,Prime Plus,Basavanagudi,Frazer Town,,,Not Applicable,Customer was coughing/sick,Not Applicable,Not Applicable,256,Not Applicable,0,,
2024-07-25 21:22:00,CNR5721595405,Success,CID336259,Auto,HSR Layout,Marathahalli,105.0,115.0,Not Applicable,Not Applicable,No,Not Applicable,305,Cash,2,4.3,4.1
2024-07-24 09:12:00,CNR1987417270,Success,CID554255,Auto,Sahakar Nagar,Bellandur,294.0,105.0,Not Applicable,Not Applicable,Yes,Customer Demand,133,UPI,7,4.7,3.5
2024-07-11 01:25:00,CNR4796966078,Success,CID695591,Prime Plus,Rajajinagar,Hebbal,56.0,65.0,Not Applicable,Not Applicable,No,Not Applicable,2987,Cash,45,4.4,3.4
2024-07-23 08:27:00,CNR8405159030,Success,CID675559,Prime SUV,Malleshwaram,Magadi Road,126.0,45.0,Not Applicable,Not Applicable,No,Not Applicable,281,Cash,31,4.0,3.1
2024-07-25 14:34:00,CNR8145580464,Success,CID987755,Prime Plus,Koramangala,Tumkur Road,196.0,115.0,Not Applicable,Not Applicable,No,Not Applicable,805,UPI,44,3.8,4.4
2024-07-05 01:39:00,CNR6765157013,Driver Not Found,CID451849,eBike,RT Nagar,Marathahalli,,,Not Applicable,Not Applicable,Not Applicable,Not Applicable,383,Not Applicable,0,,
2024-07-01 07:58:00,CNR4319340703,Success,CID799066,Auto,Nagarbhavi,Hennur,280.0,75.0,Not Applicable,Not Applicable,No,Not Applicable,393,Cash,13,3.1,3.5
2024-07-16 14:42:00,CNR9749282228,Canceled by Driver,CID763568,Prime Sedan,Koramangala,Indiranagar,,,Not Applicable,Personal & Car related issue,Not Applicable,Not Applicable,806,Not Applicable,0,,
2024-07-12 22:11:00,CNR6140479199,Canceled by Customer,CID981435,Prime Plus,Ulsoor,Chamarajpet,,,Driver asked to cancel,Not Applicable,Not Applicable,Not Applicable,219,Not Applicable,0,,
2024-07-16 17:08:00,CNR6814709355,Success,CID152479,Bike,Padmanabhanagar,Hennur,112.0,115.0,Not Applicable,Not Applicable,No,Not Applicable,495,Cash,18,4.3,4.0
2024-07-25 09:29:00,CNR9495075565,Success,CID713270,Bike,Richmond Town,RT Nagar,84.0,125.0,Not Applicable,Not Applicable,No,Not Applicable,387,UPI,37,4.7,3.9
2024-07-01 09:05:00,CNR5924106424,Success,CID713922,Bike,Basavanagudi,Devanahalli,217.0,80.0,Not Applicable,Not Applicable,No,Not Applicable,819,UPI,31,3.9,3.7
2024-07-22 21:22:00,CNR2195329173,Success,CID299949,Prime Sedan,Nagarbhavi,JP Nagar,161.0,70.0,Not Applicable,Not Applicable,No,Not Applicable,324,Cash,46,3.5,3.1
2024-07-22 00:58:00,CNR1589675289,Driver Not Found,CID220806,eBike,Whitefield,Yeshwanthpur,,,Not Applicable,Not Applicable,Not Applicable,Not Applicable,2740,Not Applicable,0,,
2024-07-03 16:50:00,CNR3536760107,Driver Not Found,CID781227,Prime SUV,Shantinagar,Nagarbhavi,,,Not Applicable,Not Applicable,Not Applicable,Not Applicable,236,Not Applicable,0,,
2024-07-14 02:18:00,CNR8811774048,Canceled by Driver,CID297865,Mini,Koramangala,Magadi Road,,,Not Applicable,Personal & Car related issue,Not Applicable,Not Applicable,255,Not Applicable,0,,
2024-07-20 08:57:00,CNR2312082168,Canceled by Driver,CID561432,Auto,Banashankari,Kammanahalli,,,Not Applicable,Customer was coughing/sick,Not Applicable,Not Applicable,595,Not Applicable,0,,
2024-07-04 13:43:00,CNR3503910809,Success,CID309489,eBike,Sahakar Nagar,Ulsoor,301.0,75.0,Not Applicable,Not Applicable,No,Not Applicable,487,UPI,1,3.1,4.8
2024-07-05 02:50:00,CNR7151360226,Success,CID583494,Prime SUV,Hulimavu,Nagarbhavi,154.0,70.0,Not Applicable,Not Applicable,No,Not Applicable,118,Cash,31,3.8,3.1
2024-07-28 10:21:00,CNR4709958607,Success,CID504008,Prime SUV,Marathahalli,RT Nagar,119.0,75.0,Not Applicable,Not Applicable,No,Not Applicable,704,Cash,21,3.9,3.3
2024-07-12 03:48:00,CNR3055724729,Driver Not Found,CID859806,Bike,Indiranagar,Devanahalli,,,Not Applicable,Not Applicable,Not Applicable,Not Applicable,346,Not Applicable,0,,
2024-07-27 10:36:00,CNR6093652836,Success,CID393113,Mini,Rajajinagar,KR Puram,140.0,50.0,Not Applicable,Not Applicable,Yes,Customer Demand,235,Cash,19,3.6,3.2
2024-07-12 00:25:00,CNR4628080632,Success,CID284834,Prime Plus,Cox Town,Hulimavu,119.0,80.0,Not Applicable,Not Applicable,No,Not Applicable,434,Cash,28,4.5,3.7
2024-07-24 12:35:00,CNR6327990605,Success,CID330426,Mini,Malleshwaram,Vijayanagar,238.0,100.0,Not Applicable,Not Applicable,No,Not Applicable,433,UPI,24,5.0,3.9
2024-07-22 13:37:00,CNR8329061892,Success,CID913885,Bike,Magadi Road,Hulimavu,273.0,65.0,Not Applicable,Not Applicable,No,Not Applicable,892,UPI,14,4.1,4.4
2024-07-26 22:13:00,CNR9998689463,Canceled by Customer,CID893965,Prime Plus,Rajarajeshwari Nagar,Chickpet,,,Change of plans,Not Applicable,Not Applicable,Not Applicable,175,Not Applicable,0,,
2024-07-16 02:11:00,CNR5223325035,Success,CID161175,Auto,Banashankari,Ulsoor,217.0,110.0,Not Applicable,Not Applicable,No,Not Applicable,119,UPI,13,3.9,3.1
2024-07-19 15:47:00,CNR8162505394,Driver Not Found,CID229608,eBike,Richmond Town,Rajajinagar,,,Not Applicable,Not Applicable,Not Applicable,Not Applicable,316,Not Applicable,0,,
2024-07-05 16:30:00,CNR4318597767,Driver Not Found,CID942194,Auto,Nagarbhavi,Varthur,,,Not Applicable,Not Applicable,Not Applicable,Not Applicable,823,Not Applicable,0,,
2024-07-24 07:56:00,CNR6690396363,Success,CID989219,Mini,Rajajinagar,Hulimavu,238.0,140.0,Not Applicable,Not Applicable,No,Not Applicable,287,UPI,36,4.9,3.9
2024-07-16 11:54:00,CNR7546678906,Success,CID695548,Prime Plus,JP Nagar,MG Road,119.0,70.0,Not Applicable,Not Applicable,No,Not Applicable,2189,Cash,8,3.2,4.6
2024-07-14 23:58:00,CNR7916123920,Canceled by Customer,CID446516,Prime Plus,Devanahalli,Koramangala,,,Driver asked to cancel,Not Applicable,Not Applicable,Not Applicable,287,Not Applicable,0,,
2024-07-16 08:08:00,CNR3504449336,Canceled by Driver,CID946778,Prime SUV,Bellandur,JP Nagar,,,Not Applicable,Customer related issue,Not Applicable,Not Applicable,946,Not Applicable,0,,
2024-07-24 11:13:00,CNR7548021985,Success,CID896524,eBike,Vijayanagar,Cox Town,77.0,50.0,Not Applicable,Not Applicable,No,Not Applicable,447,UPI,44,3.0,4.8
2024-07-25 23:41:00,CNR4521336031,Success,CID520444,eBike,Peenya,Yelahanka,203.0,145.0,Not Applicable,Not Applicable,No,Not Applicable,197,UPI,43,4.8,4.8
2024-07-18 06:03:00,CNR8191470021,Driver Not Found,CID188581,Prime Plus,Yelahanka,Hebbal,,,Not Applicable,Not Applicable,Not Applicable,Not Applicable,223,Not Applicable,0,,
2024-07-22 13:55:00,CNR4751066718,Success,CID746413,Bike,Tumkur Road,Banashankari,175.0,25.0,Not Applicable,Not Applicable,No,Not Applicable,930,UPI,36,4.9,4.4
2024-07-07 01:36:00,CNR5389792212,Success,CID912538,Mini,Whitefield,Sahakar Nagar,147.0,110.0,Not Applicable,Not Applicable,No,Not Applicable,145,UPI,45,4.2,3.7
2024-07-09 21:07:00,CNR2010224235,Canceled by Driver,CID806868,Mini,BTM Layout,Whitefield,,,Not Applicable,Customer was coughing/sick,Not Applicable,Not Applicable,209,Not Applicable,0,,
2024-07-15 15:19:00,CNR9546244214,Canceled by Customer,CID940810,Prime Plus,Vijayanagar,Richmond Town,,,AC is Not working,Not Applicable,Not Applicable,Not Applicable,269,Not Applicable,0,,
2024-07-18 22:26:00,CNR2031177705,Success,CID162946,Auto,Basavanagudi,Bannerghatta Road,252.0,120.0,Not Applicable,Not Applicable,No,Not Applicable,170,Cash,1,3.6,3.4
2024-07-27 03:46:00,CNR9865900394,Canceled by Driver,CID746366,Prime Sedan,Koramangala,Richmond Town,,,Not Applicable,Personal & Car related issue,Not Applicable,Not Applicable,442,Not Applicable,0,,
2024-07-30 06:47:00,CNR1152696497,Driver Not Found,CID541980,Bike,Yeshwanthpur,Shivajinagar,,,Not Applicable,Not Applicable,Not Applicable,Not Applicable,148,Not Applicable,0,,
2024-07-10 22:33:00,CNR7618703354,Success,CID543585,Mini,Hosur Road,Yelahanka,35.0,40.0,Not Applicable,Not Applicable,Yes,Other Issue,285,Cash,43,3.8,4.4
2024-07-21 18:40:00,CNR9100886428,Driver Not Found,CID860463,Prime Plus,Cox Town,Rajajinagar,,,Not Applicable,Not Applicable,Not Applicable,Not Applicable,283,Not Applicable,0,,
2024-07-11 20:50:00,CNR5773876367,Success,CID258085,Prime SUV,Cox Town,Langford Town,252.0,40.0,Not Applicable,Not Applicable,No,Not Applicable,188,UPI,29,3.3,4.7
2024-07-25 22:50:00,CNR6234410997,Canceled by Driver,CID346964,Auto,Chickpet,Marathahalli,,,Not Applicable,Personal & Car related issue,Not Applicable,Not Applicable,177,Not Applicable,0,,
2024-07-23 10:31:00,CNR4647141882,Canceled by Driver,CID760285,eBike,Hulimavu,Varthur,,,Not Applicable,Personal & Car related issue,Not Applicable,Not Applicable,1213,Not Applicable,0,,
2024-07-23 08:50:00,CNR7269135253,Driver Not Found,CID950305,Bike,Hosur Road,Chamarajpet,,,Not Applicable,Not Applicable,Not Applicable,Not Applicable,381,Not Applicable,0,,
2024-07-26 21:49:00,CNR6746357218,Driver Not Found,CID727228,Auto,Jayanagar,Devanahalli,,,Not Applicable,Not Applicable,Not Applicable,Not Applicable,348,Not Applicable,0,,
2024-07-29 17:28:00,CNR7933157114,Success,CID465182,Auto,Yeshwanthpur,Indiranagar,231.0,25.0,Not Applicable,Not Applicable,No,Not Applicable,848,UPI,5,4.6,4.9
2024-07-26 18:00:00,CNR1580638274,Success,CID466798,eBike,BTM Layout,Cox Town,42.0,35.0,Not Applicable,Not Applicable,No,Not Applicable,459,Cash,15,3.9,4.2
2024-07-07 18:06:00,CNR5509144289,Success,CID628488,Bike,Cox Town,Nagarbhavi,189.0,120.0,Not Applicable,Not Applicable,No,Not Applicable,183,UPI,33,4.9,3.6
2024-07-30 11:56:00,CNR3809160924,Canceled by Driver,CID890329,Prime SUV,Hebbal,Hebbal,,,Not Applicable,Customer related issue,Not Applicable,Not Applicable,170,Not Applicable,0,,
2024-07-09 04:45:00,CNR2516303319,Driver Not Found,CID628236,Mini,Hosur Road,Vijayanagar,,,Not Applicable,Not Applicable,Not Applicable,Not Applicable,147,Not Applicable,0,,
2024-07-04 20:33:00,CNR7001026059,Success,CID307627,Mini,Langford Town,KR Puram,231.0,80.0,Not Applicable,Not Applicable,No,Not Applicable,239,Cash,37,3.3,4.0
2024-07-29 11:26:00,CNR9885777563,Success,CID647666,Auto,Vijayanagar,Sarjapur Road,266.0,95.0,Not Applicable,Not Applicable,Yes,Vehicle Breakdown,820,Cash,6,4.6,3.8
2024-07-29 03:58:00,CNR7548864948,Success,CID923409,Bike,Vijayanagar,Malleshwaram,294.0,55.0,Not Applicable,Not Applicable,No,Not Applicable,104,UPI,36,5.0,3.7
2024-07-14 04:41:00,CNR8896724662,Success,CID496731,Prime Sedan,Yelahanka,Padmanabhanagar,126.0,125.0,Not Applicable,Not Applicable,No,Not Applicable,221,Credit Card,12,3.9,4.0
2024-07-26 18:23:00,CNR6813249875,Success,CID869254,Auto,Kengeri,JP Nagar,252.0,85.0,Not Applicable,Not Applicable,No,Not Applicable,672,UPI,17,3.1,3.2
2024-07-22 04:17:00,CNR5042971373,Success,CID765255,Prime Plus,Majestic,Hennur,266.0,75.0,Not Applicable,Not Applicable,No,Not Applicable,540,Credit Card,41,3.5,4.2
2024-07-06 05:44:00,CNR6302015541,Canceled by Driver,CID433202,Mini,Mysore Road,Hennur,,,Not Applicable,Personal & Car related issue,Not Applicable,Not Applicable,235,Not Applicable,0,,
2024-07-12 01:09:00,CNR6097796561,Driver Not Found,CID851402,eBike,Cox Town,Shivajinagar,,,Not Applicable,Not Applicable,Not Applicable,Not Applicable,372,Not Applicable,0,,
2024-07-23 11:15:00,CNR8540895345,Success,CID453041,Prime Sedan,Vijayanagar,Nagarbhavi,140.0,70.0,Not Applicable,Not Applicable,No,Not Applicable,147,Cash,39,3.7,4.8
2024-07-17 19:45:00,CNR1134322396,Success,CID748450,Mini,Bannerghatta Road,Frazer Town,238.0,105.0,Not Applicable,Not Applicable,No,Not Applicable,263,Cash,4,4.5,4.6
2024-07-16 08:40:00,CNR1451730106,Success,CID441367,Bike,Electronic City,Hennur,63.0,65.0,Not Applicable,Not Applicable,No,Not Applicable,976,UPI,8,4.4,3.8
2024-07-21 08:30:00,CNR5456755141,Canceled by Driver,CID778098,Prime Sedan,Rajajinagar,Koramangala,,,Not Applicable,Customer related issue,Not Applicable,Not Applicable,150,Not Applicable,0,,
2024-07-01 19:20:00,CNR8695480961,Canceled by Driver,CID608211,Prime SUV,Electronic City,Basavanagudi,,,Not Applicable,More than permitted people in there,Not Applicable,Not Applicable,2910,Not Applicable,0,,
2024-07-10 04:48:00,CNR2519876643,Success,CID592081,Prime Sedan,Kadugodi,HSR Layout,133.0,45.0,Not Applicable,Not Applicable,No,Not Applicable,300,UPI,19,4.2,4.6
2024-07-22 01:05:00,CNR1768992819,Success,CID646085,Prime SUV,Ramamurthy Nagar,Peenya,161.0,50.0,Not Applicable,Not Applicable,No,Not Applicable,258,Cash,25,4.9,3.3
2024-07-01 21:02:00,CNR4105164195,Success,CID955519,Mini,Rajarajeshwari Nagar,Jayanagar,98.0,70.0,Not Applicable,Not Applicable,No,Not Applicable,394,Cash,41,4.2,4.3
2024-07-07 19:34:00,CNR8726093650,Success,CID183482,Prime Plus,Padmanabhanagar,Yelahanka,168.0,140.0,Not Applicable,Not Applicable,No,Not Applicable,115,Cash,30,4.2,3.6
2024-07-16 23:51:00,CNR1754194793,Canceled by Customer,CID466435,Prime Sedan,Cox Town,Hebbal,,,Driver asked to cancel,Not Applicable,Not Applicable,Not Applicable,103,Not Applicable,0,,
2024-07-06 03:04:00,CNR7114767687,Canceled by Driver,CID856983,Auto,Malleshwaram,Indiranagar,,,Not Applicable,Customer related issue,Not Applicable,Not Applicable,2598,Not Applicable,0,,
2024-07-22 14:32:00,CNR6133772347,Success,CID544800,Prime Sedan,Indiranagar,Langford Town,35.0,75.0,Not Applicable,Not Applicable,No,Not Applicable,384,UPI,34,3.5,3.7
2024-07-16 17:22:00,CNR6983708683,Success,CID621801,Prime SUV,Magadi Road,Richmond Town,308.0,50.0,Not Applicable,Not Applicable,No,Not Applicable,155,Cash,20,4.1,4.3
2024-07-14 22:51:00,CNR6527449344,Success,CID355078,Prime Sedan,Ramamurthy Nagar,Cox Town,182.0,135.0,Not Applicable,Not Applicable,No,Not Applicable,373,UPI,14,4.0,3.5
2024-07-22 15:50:00,CNR7356301349,Success,CID213908,Prime Sedan,Devanahalli,Indiranagar,259.0,65.0,Not Applicable,Not Applicable,Yes,Other Issue,136,Cash,46,3.5,4.7
2024-07-24 13:41:00,CNR8369282847,Driver Not Found,CID971044,eBike,Hosur Road,Richmond Town,,,Not Applicable,Not Applicable,Not Applicable,Not Applicable,406,Not Applicable,0,,
2024-07-23 10:57:00,CNR2795773078,Success,CID687035,Auto,Sarjapur Road,Yelahanka,35.0,130.0,Not Applicable,Not Applicable,No,Not Applicable,393,UPI,10,4.5,4.0
2024-07-07 12:43:00,CNR9022547786,Canceled by Driver,CID770451,Prime SUV,Devanahalli,Chickpet,,,Not Applicable,Personal & Car related issue,Not Applicable,Not Applicable,278,Not Applicable,0,,
2024-07-13 08:59:00,CNR6894064380,Success,CID354191,Prime Sedan,Rajarajeshwari Nagar,BTM Layout,231.0,60.0,Not Applicable,Not Applicable,No,Not Applicable,214,UPI,14,3.0,4.6
2024-07-29 14:02:00,CNR9854294045,Canceled by Driver,CID795209,eBike,Magadi Road,Sarjapur Road,,,Not Applicable,Customer was coughing/sick,Not Applicable,Not Applicable,2826,Not Applicable,0,,
2024-07-07 02:26:00,CNR3410735097,Success,CID172811,eBike,Nagarbhavi,Jayanagar,217.0,50.0,Not Applicable,Not Applicable,Yes,Customer Demand,305,Cash,32,3.8,4.0
2024-07-13 04:37:00,CNR7012145641,Success,CID819066,Bike,Frazer Town,Rajarajeshwari Nagar,210.0,25.0,Not Applicable,Not Applicable,No,Not Applicable,886,UPI,28,3.8,4.7
2024-07-10 04:50:00,CNR8108411782,Success,CID585312,eBike,Mysore Road,Sahakar Nagar,196.0,140.0,Not Applicable,Not Applicable,No,Not Applicable,243,Cash,27,5.0,4.5
2024-07-25 20:16:00,CNR8997588971,Canceled by Driver,CID920273,eBike,Rajajinagar,Indiranagar,,,Not Applicable,More than permitted people in there,Not Applicable,Not Applicable,787,Not Applicable,0,,
2024-07-10 13:42:00,CNR4180429078,Success,CID321946,Mini,Yelahanka,BTM Layout,238.0,140.0,Not Applicable,Not Applicable,Yes,Customer Demand,415,Cash,2,3.7,4.2
2024-07-01 23:27:00,CNR8931577187,Canceled by Customer,CID322188,Prime Plus,MG Road,Shivajinagar,,,Driver asked to cancel,Not Applicable,Not Applicable,Not Applicable,321,Not Applicable,0,,
2024-07-07 11:22:00,CNR4832680480,Success,CID208677,Prime Sedan,Yelahanka,Vijayanagar,154.0,95.0,Not Applicable,Not Applicable,No,Not Applicable,1469,Cash,43,4.0,4.5
2024-07-25 09:18:00,CNR8396479044,Canceled by Driver,CID737067,Mini,Bellandur,Marathahalli,,,Not Applicable,Customer related issue,Not Applicable,Not Applicable,185,Not Applicable,0,,
2024-07-03 16:39:00,CNR2376374475,Canceled by Driver,CID336404,Auto,Hebbal,Tumkur Road,,,Not Applicable,Customer related issue,Not Applicable,Not Applicable,326,Not Applicable,0,,
2024-07-09 13:49:00,CNR4316229035,Success,CID385885,eBike,Basavanagudi,Jayanagar,266.0,100.0,Not Applicable,Not Applicable,No,Not Applicable,379,Cash,27,3.3,3.0
2024-07-04 17:32:00,CNR5475285828,Driver Not Found,CID647362,Prime Sedan,Whitefield,Yeshwanthpur,,,Not Applicable,Not Applicable,Not Applicable,Not Applicable,715,Not Applicable,0,,
2024-07-12 22:34:00,CNR1495632886,Canceled by Customer,CID410649,eBike,Langford Town,Shivajinagar,,,Driver asked to cancel,Not Applicable,Not Applicable,Not Applicable,154,Not Applicable,0,,
2024-07-22 20:02:00,CNR3750473577,Success,CID315317,Prime SUV,Bellandur,JP Nagar,77.0,130.0,Not Applicable,Not Applicable,Yes,Vehicle Breakdown,637,Cash,20,4.1,3.1
2024-07-12 08:00:00,CNR8427802713,Canceled by Driver,CID567888,Prime Plus,Sarjapur Road,KR Puram,,,Not Applicable,Customer was coughing/sick,Not Applicable,Not Applicable,213,Not Applicable,0,,
2024-07-25 09:51:00,CNR3949921590,Success,CID997906,Auto,Frazer Town,Frazer Town,168.0,45.0,Not Applicable,Not Applicable,No,Not Applicable,1040,Cash,2,4.1,4.9
2024-07-05 14:59:00,CNR8575802708,Success,CID865983,Prime SUV,Yeshwanthpur,Yelahanka,245.0,50.0,Not Applicable,Not Applicable,No,Not Applicable,1480,Cash,3,4.8,3.9
2024-07-22 05:49:00,CNR7248785689,Success,CID467519,Mini,Padmanabhanagar,Sahakar Nagar,287.0,70.0,Not Applicable,Not Applicable,No,Not Applicable,747,Cash,2,3.7,3.7
2024-07-09 04:54:00,CNR2860681212,Success,CID328643,Mini,Ulsoor,Magadi Road,126.0,110.0,Not Applicable,Not Applicable,No,Not Applicable,328,Cash,5,4.9,3.4
2024-07-23 20:54:00,CNR6988847835,Success,CID439444,Prime Sedan,Majestic,Nagarbhavi,49.0,60.0,Not Applicable,Not Applicable,Yes,Vehicle Breakdown,285,Cash,27,4.9,3.1
2024-07-17 11:21:00,CNR8597900258,Success,CID748387,eBike,Magadi Road,Hosur Road,49.0,135.0,Not Applicable,Not Applicable,No,Not Applicable,395,Cash,48,4.3,4.8
2024-07-02 09:42:00,CNR5944528696,Canceled by Customer,CID103818,Prime SUV,Banashankari,Shantinagar,,,Change of plans,Not Applicable,Not Applicable,Not Applicable,932,Not Applicable,0,,
2024-07-22 02:13:00,CNR9554654097,Success,CID995959,eBike,Rajajinagar,Tumkur Road,105.0,120.0,Not Applicable,Not Applicable,No,Not Applicable,334,Cash,3,4.7,3.2
2024-07-10 00:50:00,CNR2669128376,Success,CID895783,Prime Sedan,Kadugodi,Ramamurthy Nagar,49.0,85.0,Not Applicable,Not Applicable,No,Not Applicable,416,UPI,26,4.4,4.9
2024-07-07 02:40:00,CNR7952135664,Canceled by Driver,CID970754,Prime Plus,Basavanagudi,Cox Town,,,Not Applicable,Personal & Car related issue,Not Applicable,Not Applicable,395,Not Applicable,0,,
2024-07-27 02:49:00,CNR6295788714,Success,CID727882,Prime Plus,Tumkur Road,Peenya,91.0,40.0,Not Applicable,Not Applicable,No,Not Applicable,499,Credit Card,41,3.8,3.5
2024-07-20 09:21:00,CNR4483237734,Success,CID297197,Bike,Varthur,Padmanabhanagar,189.0,125.0,Not Applicable,Not Applicable,No,Not Applicable,340,UPI,9,4.1,4.2
2024-07-04 23:35:00,CNR3507802445,Success,CID122771,eBike,Electronic City,Kengeri,35.0,70.0,Not Applicable,Not Applicable,No,Not Applicable,550,UPI,16,4.2,3.2
2024-07-25 21:58:00,CNR3709750805,Canceled by Customer,CID342701,Bike,Ramamurthy Nagar,Rajarajeshwari Nagar,,,AC is Not working,Not Applicable,Not Applicable,Not Applicable,725,Not Applicable,0,,
2024-07-25 03:46:00,CNR6052228906,Success,CID895511,Prime Plus,Hennur,Shantinagar,42.0,140.0,Not Applicable,Not Applicable,No,Not Applicable,414,Cash,16,3.2,4.0
2024-07-02 15:59:00,CNR8984412036,Success,CID697661,Prime SUV,Frazer Town,Cox Town,140.0,120.0,Not Applicable,Not Applicable,No,Not Applicable,345,Cash,16,3.9,3.1
2024-07-01 23:04:00,CNR6027442989,Success,CID330201,eBike,Cox Town,Devanahalli,238.0,85.0,Not Applicable,Not Applicable,No,Not Applicable,2127,UPI,4,4.1,4.0
2024-07-03 05:59:00,CNR1044437681,Driver Not Found,CID810384,eBike,Kengeri,Hebbal,,,Not Applicable,Not Applicable,Not Applicable,Not Applicable,395,Not Applicable,0,,
2024-07-09 03:51:00,CNR6470524434,Canceled by Customer,CID400614,Prime Plus,Cox Town,Ulsoor,,,Driver asked to cancel,Not Applicable,Not Applicable,Not Applicable,160,Not Applicable,0,,
2024-07-24 01:37:00,CNR6260814827,Success,CID673082,Prime Sedan,Hennur,Majestic,133.0,140.0,Not Applicable,Not Applicable,No,Not Applicable,419,UPI,40,4.4,4.6
2024-07-19 10:13:00,CNR3258265747,Success,CID420741,Prime SUV,Langford Town,Nagarbhavi,77.0,60.0,Not Applicable,Not Applicable,No,Not Applicable,207,Cash,32,3.2,3.5
2024-07-19 19:45:00,CNR3358390763,Driver Not Found,CID931684,Mini,Jayanagar,Richmond Town,,,Not Applicable,Not Applicable,Not Applicable,Not Applicable,995,Not Applicable,0,,
2024-07-19 01:48:00,CNR6775559887,Success,CID710964,Prime SUV,Hebbal,Yelahanka,84.0,60.0,Not Applicable,Not Applicable,No,Not Applicable,413,UPI,41,3.8,3.5
2024-07-26 10:43:00,CNR1328239410,Canceled by Customer,CID337070,Mini,Frazer Town,Kadugodi,,,AC is Not working,Not Applicable,Not Applicable,Not Applicable,529,Not Applicable,0,,
2024-07-23 03:44:00,CNR3389010715,Success,CID618495,eBike,Sahakar Nagar,Ulsoor,70.0,25.0,Not Applicable,Not Applicable,No,Not Applicable,228,Cash,36,3.3,4.4
2024-07-23 06:05:00,CNR3148135891,Canceled by Customer,CID572651,Prime Plus,Chamarajpet,Marathahalli,,,Change of plans,Not Applicable,Not Applicable,Not Applicable,147,Not Applicable,0,,
2024-07-03 03:36:00,CNR4080168552,Success,CID732020,Prime Plus,HSR Layout,HSR Layout,63.0,90.0,Not Applicable,Not Applicable,No,Not Applicable,151,UPI,22,4.9,3.6
2024-07-28 12:20:00,CNR9202675135,Success,CID457476,Prime Plus,Hulimavu,Cox Town,105.0,90.0,Not Applicable,Not Applicable,No,Not Applicable,2909,Cash,5,3.9,4.0
2024-07-08 09:30:00,CNR2067498094,Driver Not Found,CID305788,Bike,Varthur,Vijayanagar,,,Not Applicable,Not Applicable,Not Applicable,Not Applicable,201,Not Applicable,0,,
2024-07-01 15:34:00,CNR2847392206,Success,CID687028,Mini,Kengeri,Kadugodi,294.0,90.0,Not Applicable,Not Applicable,No,Not Applicable,100,UPI,38,4.0,4.5
2024-07-03 10:43:00,CNR7054776091,Success,CID318125,Mini,Nagarbhavi,Nagarbhavi,210.0,120.0,Not Applicable,Not Applicable,No,Not Applicable,153,UPI,17,4.5,3.1
2024-07-03 15:25:00,CNR9493837820,Success,CID273190,Auto,Kadugodi,Hosur Road,49.0,105.0,Not Applicable,Not Applicable,No,Not Applicable,510,Cash,2,4.7,3.0
2024-07-20 18:16:00,CNR3732903338,Success,CID422796,Mini,Hosur Road,Indiranagar,266.0,140.0,Not Applicable,Not Applicable,No,Not Applicable,382,Cash,42,4.1,4.8
2024-07-12 06:13:00,CNR8923122037,Driver Not Found,CID409928,Prime Sedan,Hosur Road,Hosur Road,,,Not Applicable,Not Applicable,Not Applicable,Not Applicable,1497,Not Applicable,0,,
2024-07-25 04:53:00,CNR4296499448,Success,CID416253,Auto,Hennur,Cox Town,224.0,120.0,Not Applicable,Not Applicable,No,Not Applicable,264,Cash,19,4.1,3.2
2024-07-10 01:31:00,CNR4495172151,Canceled by Driver,CID470665,eBike,Hennur,Bannerghatta Road,,,Not Applicable,Personal & Car related issue,Not Applicable,Not Applicable,908,Not Applicable,0,,
2024-07-23 10:26:00,CNR6342246873,Success,CID563208,Mini,Hulimavu,Tumkur Road,301.0,130.0,Not Applicable,Not Applicable,No,Not Applicable,137,UPI,20,4.7,3.8
2024-07-07 22:06:00,CNR3978517328,Success,CID821623,Bike,Cox Town,Malleshwaram,98.0,30.0,Not Applicable,Not Applicable,No,Not Applicable,440,Cash,30,3.5,3.7
2024-07-25 22:40:00,CNR3187804926,Success,CID803476,Bike,Bannerghatta Road,Hennur,168.0,115.0,Not Applicable,Not Applicable,No,Not Applicable,190,Cash,3,4.7,4.7
2024-07-11 00:36:00,CNR7418456048,Driver Not Found,CID549433,Prime Sedan,Hennur,Yeshwanthpur,,,Not Applicable,Not Applicable,Not Applicable,Not Applicable,113,Not Applicable,0,,
2024-07-01 02:45:00,CNR8094265682,Success,CID378286,Bike,Bellandur,Hulimavu,175.0,35.0,Not Applicable,Not Applicable,No,Not Applicable,273,Credit Card,42,3.4,3.2
2024-07-09 16:26:00,CNR4258272936,Success,CID833651,Prime SUV,Hosur Road,Kengeri,196.0,40.0,Not Applicable,Not Applicable,No,Not Applicable,183,Cash,17,3.4,4.4
2024-07-02 18:47:00,CNR2689498831,Success,CID193345,Prime SUV,Sarjapur Road,BTM Layout,224.0,55.0,Not Applicable,Not Applicable,No,Not Applicable,470,Cash,28,4.3,4.6
2024-07-17 04:24:00,CNR8790876630,Canceled by Driver,CID968963,Prime Plus,JP Nagar,KR Puram,,,Not Applicable,Personal & Car related issue,Not Applicable,Not Applicable,2502,Not Applicable,0,,
2024-07-09 04:10:00,CNR3622946760,Success,CID843025,Auto,Electronic City,Sarjapur Road,203.0,70.0,Not Applicable,Not Applicable,No,Not Applicable,409,Cash,5,4.2,4.1
2024-07-17 11:32:00,CNR7256808455,Success,CID614202,Prime Plus,Indiranagar,Peenya,189.0,75.0,Not Applicable,Not Applicable,No,Not Applicable,651,Credit Card,20,5.0,4.1
2024-07-09 21:01:00,CNR2912462925,Canceled by Customer,CID253035,Prime SUV,JP Nagar,Ulsoor,,,Driver is not moving towards pickup location,Not Applicable,Not Applicable,Not Applicable,365,Not Applicable,0,,
2024-07-30 22:02:00,CNR8005924138,Driver Not Found,CID963169,Prime Plus,Richmond Town,Electronic City,,,Not Applicable,Not Applicable,Not Applicable,Not Applicable,107,Not Applicable,0,,
2024-07-03 01:30:00,CNR1482707661,Success,CID459887,Bike,RT Nagar,Ramamurthy Nagar,266.0,35.0,Not Applicable,Not Applicable,No,Not Applicable,488,Cash,24,4.6,4.2
2024-07-04 21:04:00,CNR8013810411,Driver Not Found,CID221938,eBike,MG Road,Whitefield,,,Not Applicable,Not Applicable,Not Applicable,Not Applicable,109,Not Applicable,0,,
2024-07-09 00:57:00,CNR5479137166,Success,CID905595,Prime SUV,Hosur Road,MG Road,42.0,145.0,Not Applicable,Not Applicable,No,Not Applicable,139,Cash,23,4.6,4.1
2024-07-15 10:01:00,CNR5313408943,Driver Not Found,CID689484,Prime SUV,Ramamurthy Nagar,Hosur Road,,,Not Applicable,Not Applicable,Not Applicable,Not Applicable,380,Not Applicable,0,,
2024-07-29 07:06:00,CNR9570429141,Driver Not Found,CID602733,Auto,Kadugodi,Bellandur,,,Not Applicable,Not Applicable,Not Applicable,Not Applicable,407,Not Applicable,0,,
2024-07-13 19:54:00,CNR3101795296,Success,CID995315,Bike,Marathahalli,Hulimavu,224.0,90.0,Not Applicable,Not Applicable,No,Not Applicable,360,Cash,48,4.8,3.1
2024-07-25 18:03:00,CNR2974368939,Success,CID467942,Prime Sedan,Peenya,MG Road,147.0,115.0,Not Applicable,Not Applicable,No,Not Applicable,169,UPI,39,3.2,4.8
2024-07-25 00:22:00,CNR4860954814,Success,CID503402,Bike,Jayanagar,Yeshwanthpur,210.0,55.0,Not Applicable,Not Applicable,No,Not Applicable,349,Cash,30,4.8,3.8
2024-07-09 08:54:00,CNR6709550342,Success,CID592866,Auto,Kadugodi,Cox Town,287.0,130.0,Not Applicable,Not Applicable,No,Not Applicable,331,Cash,1,4.6,4.3
2024-07-12 11:31:00,CNR8139736081,Success,CID428985,Prime Plus,Tumkur Road,Jayanagar,119.0,100.0,Not Applicable,Not Applicable,No,Not Applicable,335,UPI,13,3.7,3.3
2024-07-23 20:41:00,CNR5218553846,Success,CID267555,Prime Plus,Marathahalli,Mysore Road,273.0,145.0,Not Applicable,Not Applicable,No,Not Applicable,211,Cash,33,3.3,4.6
2024-07-02 07:09:00,CNR9803496208,Canceled by Customer,CID710080,Auto,Magadi Road,JP Nagar,,,Driver asked to cancel,Not Applicable,Not Applicable,Not Applicable,346,Not Applicable,0,,
2024-07-10 20:00:00,CNR2000483422,Success,CID971909,eBike,Frazer Town,Nagarbhavi,301.0,100.0,Not Applicable,Not Applicable,No,Not Applicable,304,Cash,1,3.2,3.4
2024-07-26 08:58:00,CNR9300954944,Driver Not Found,CID859224,Bike,Padmanabhanagar,Padmanabhanagar,,,Not Applicable,Not Applicable,Not Applicable,Not Applicable,143,Not Applicable,0,,
2024-07-29 11:50:00,CNR5030348775,Success,CID846486,Prime Plus,Padmanabhanagar,Rajarajeshwari Nagar,42.0,25.0,Not Applicable,Not Applicable,No,Not Applicable,153,Cash,15,4.6,3.6
2024-07-12 18:11:00,CNR3543346785,Success,CID334369,Prime Plus,Jayanagar,Shantinagar,147.0,135.0,Not Applicable,Not Applicable,No,Not Applicable,306,Cash,26,4.7,3.7
2024-07-14 09:02:00,CNR8127674786,Success,CID310819,Auto,Cox Town,MG Road,231.0,70.0,Not Applicable,Not Applicable,No,Not Applicable,292,Cash,13,4.9,4.9
2024-07-06 07:30:00,CNR1075238788,Success,CID615218,Prime SUV,Indiranagar,Hosur Road,175.0,130.0,Not Applicable,Not Applicable,No,Not Applicable,640,UPI,41,4.3,4.7
2024-07-04 23:16:00,CNR4531117565,Driver Not Found,CID413943,Auto,Chamarajpet,Jayanagar,,,Not Applicable,Not Applicable,Not Applicable,Not Applicable,453,Not Applicable,0,,
2024-07-07 18:05:00,CNR5355968831,Canceled by Driver,CID467337,eBike,Rajajinagar,Hebbal,,,Not Applicable,Personal & Car related issue,Not Applicable,Not Applicable,156,Not Applicable,0,,
2024-07-27 04:43:00,CNR5447837249,Success,CID391998,Mini,Chamarajpet,Hennur,168.0,30.0,Not Applicable,Not Applicable,No,Not Applicable,780,Cash,16,3.3,3.1
2024-07-15 18:23:00,CNR8201075254,Success,CID993299,Prime SUV,Frazer Town,Rajarajeshwari Nagar,224.0,75.0,Not Applicable,Not Applicable,No,Not Applicable,480,UPI,38,3.8,5.0
2024-07-27 00:20:00,CNR3163325613,Canceled by Driver,CID387732,Mini,Jayanagar,Hennur,,,Not Applicable,Personal & Car related issue,Not Applicable,Not Applicable,378,Not Applicable,0,,
2024-07-15 21:57:00,CNR2180406434,Success,CID173522,Prime SUV,Banashankari,Koramangala,168.0,55.0,Not Applicable,Not Applicable,Yes,Vehicle Breakdown,1876,Cash,2,4.0,3.5
2024-07-16 22:23:00,CNR6784190935,Canceled by Customer,CID407066,Prime Plus,Shantinagar,Marathahalli,,,Driver asked to cancel,Not Applicable,Not Applicable,Not Applicable,493,Not Applicable,0,,
2024-07-14 07:34:00,CNR7463740047,Success,CID595049,Prime Plus,Bannerghatta Road,Koramangala,49.0,95.0,Not Applicable,Not Applicable,No,Not Applicable,225,Cash,40,4.4,4.3
2024-07-19 11:58:00,CNR4330716869,Canceled by Driver,CID665011,Bike,Banashankari,MG Road,,,Not Applicable,More than permitted people in there,Not Applicable,Not Applicable,848,Not Applicable,0,,
2024-07-03 00:53:00,CNR2193638207,Success,CID477083,Prime Sedan,Indiranagar,Shantinagar,301.0,65.0,Not Applicable,Not Applicable,Yes,Vehicle Breakdown,317,Cash,30,5.0,3.8
2024-07-16 00:57:00,CNR5723136294,Success,CID249750,Prime SUV,Yeshwanthpur,Malleshwaram,112.0,25.0,Not Applicable,Not Applicable,No,Not Applicable,309,Cash,34,4.6,4.8
2024-07-18 17:27:00,CNR3191135358,Success,CID641305,eBike,Kadugodi,Sahakar Nagar,147.0,75.0,Not Applicable,Not Applicable,Yes,Other Issue,325,Cash,21,4.3,3.9
2024-07-02 09:54:00,CNR4255906319,Success,CID105780,Mini,Varthur,RT Nagar,224.0,120.0,Not Applicable,Not Applicable,No,Not Applicable,399,UPI,41,4.6,3.5
2024-07-22 14:33:00,CNR5381397142,Success,CID906629,Prime Sedan,Shivajinagar,Yeshwanthpur,301.0,40.0,Not Applicable,Not Applicable,No,Not Applicable,383,UPI,7,4.0,3.8
2024-07-11 21:27:00,CNR2736593169,Canceled by Driver,CID304492,Prime Plus,Yelahanka,Bellandur,,,Not Applicable,More than permitted people in there,Not Applicable,Not Applicable,556,Not Applicable,0,,
2024-07-10 14:10:00,CNR2221341299,Success,CID377077,Prime Sedan,Ulsoor,Padmanabhanagar,175.0,55.0,Not Applicable,Not Applicable,Yes,Vehicle Breakdown,1624,Cash,4,4.7,4.9
2024-07-01 21:37:00,CNR3703918349,Canceled by Driver,CID481351,Prime Sedan,Richmond Town,Nagarbhavi,,,Not Applicable,More than permitted people in there,Not Applicable,Not Applicable,482,Not Applicable,0,,
2024-07-25 19:54:00,CNR6999250810,Driver Not Found,CID926403,Prime SUV,Hosur Road,Rajarajeshwari Nagar,,,Not Applicable,Not Applicable,Not Applicable,Not Applicable,2000,Not Applicable,0,,
2024-07-12 07:24:00,CNR6082961938,Success,CID419880,Auto,Chickpet,Malleshwaram,280.0,35.0,Not Applicable,Not Applicable,No,Not Applicable,429,UPI,4,3.4,3.2
2024-07-16 21:27:00,CNR7626735759,Canceled by Driver,CID484382,Prime SUV,Sahakar Nagar,Yelahanka,,,Not Applicable,More than permitted people in there,Not Applicable,Not Applicable,250,Not Applicable,0,,
2024-07-15 13:53:00,CNR7815477807,Canceled by Driver,CID787050,Prime Sedan,Chamarajpet,Peenya,,,Not Applicable,Customer related issue,Not Applicable,Not Applicable,308,Not Applicable,0,,
2024-07-12 09:56:00,CNR4837305231,Driver Not Found,CID904563,Bike,Magadi Road,Indiranagar,,,Not Applicable,Not Applicable,Not Applicable,Not Applicable,180,Not Applicable,0,,
2024-07-20 06:26:00,CNR5460729499,Success,CID406593,Prime Sedan,Rajarajeshwari Nagar,Langford Town,203.0,85.0,Not Applicable,Not Applicable,No,Not Applicable,748,Cash,16,3.5,3.1
2024-07-17 16:58:00,CNR3998055999,Success,CID560553,Prime SUV,Cox Town,Cox Town,238.0,25.0,Not Applicable,Not Applicable,Yes,Customer Demand,582,Cash,14,5.0,3.1
2024-07-16 02:11:00,CNR1119782647,Canceled by Driver,CID901202,Mini,Sarjapur Road,Frazer Town,,,Not Applicable,More than permitted people in there,Not Applicable,Not Applicable,932,Not Applicable,0,,
2024-07-13 01:33:00,CNR8611582375,Canceled by Driver,CID430964,eBike,Rajarajeshwari Nagar,HSR Layout,,,Not Applicable,More than permitted people in there,Not Applicable,Not Applicable,876,Not Applicable,0,,
2024-07-16 13:36:00,CNR4451630297,Success,CID347750,Bike,Koramangala,Sahakar Nagar,245.0,30.0,Not Applicable,Not Applicable,Yes,Vehicle Breakdown,246,UPI,44,3.9,4.4
2024-07-11 02:08:00,CNR8051794145,Driver Not Found,CID740443,Prime Sedan,MG Road,BTM Layout,,,Not Applicable,Not Applicable,Not Applicable,Not Applicable,261,Not Applicable,0,,
2024-07-28 05:27:00,CNR9403682529,Success,CID795924,Mini,Hennur,Electronic City,91.0,30.0,Not Applicable,Not Applicable,No,Not Applicable,394,UPI,14,4.1,3.9
2024-07-14 21:14:00,CNR6853366329,Success,CID305182,eBike,Malleshwaram,Kammanahalli,259.0,100.0,Not Applicable,Not Applicable,No,Not Applicable,354,UPI,28,4.6,4.7
2024-07-10 20:27:00,CNR8260249385,Success,CID712673,Auto,Whitefield,Frazer Town,280.0,80.0,Not Applicable,Not Applicable,No,Not Applicable,387,UPI,10,4.1,3.9
2024-07-23 21:54:00,CNR4026745636,Success,CID675196,Auto,Electronic City,Vijayanagar,133.0,95.0,Not Applicable,Not Applicable,No,Not Applicable,294,Cash,17,4.9,4.4
2024-07-28 19:05:00,CNR9617725302,Canceled by Driver,CID993141,Prime SUV,Chamarajpet,Richmond Town,,,Not Applicable,Personal & Car related issue,Not Applicable,Not Applicable,641,Not Applicable,0,,
2024-07-26 08:30:00,CNR5663037585,Success,CID734208,Prime Sedan,Hulimavu,Vijayanagar,98.0,105.0,Not Applicable,Not Applicable,No,Not Applicable,927,Cash,10,3.9,4.0
2024-07-22 05:28:00,CNR1910932243,Canceled by Customer,CID289245,Prime Plus,Yelahanka,Padmanabhanagar,,,Driver is not moving towards pickup location,Not Applicable,Not Applicable,Not Applicable,170,Not Applicable,0,,
2024-07-23 12:04:00,CNR9229348617,Success,CID904172,Bike,Malleshwaram,Yeshwanthpur,49.0,75.0,Not Applicable,Not Applicable,No,Not Applicable,121,UPI,35,4.0,4.8
2024-07-25 11:10:00,CNR5850248540,Success,CID634264,eBike,Peenya,Sahakar Nagar,133.0,45.0,Not Applicable,Not Applicable,No,Not Applicable,525,Debit Card,17,3.6,4.8
2024-07-09 13:51:00,CNR7978981022,Success,CID185544,Prime Plus,Basavanagudi,HSR Layout,49.0,100.0,Not Applicable,Not Applicable,No,Not Applicable,751,UPI,48,4.9,4.3
2024-07-02 23:41:00,CNR8584121344,Success,CID541936,eBike,Kengeri,Tumkur Road,231.0,60.0,Not Applicable,Not Applicable,No,Not Applicable,289,UPI,46,3.7,3.3
2024-07-01 03:44:00,CNR2291434055,Canceled by Driver,CID556019,eBike,Frazer Town,RT Nagar,,,Not Applicable,Customer was coughing/sick,Not Applicable,Not Applicable,448,Not Applicable,0,,
2024-07-15 06:14:00,CNR3048019089,Success,CID698376,Prime Sedan,Mysore Road,Chamarajpet,98.0,60.0,Not Applicable,Not Applicable,No,Not Applicable,100,Cash,46,3.6,4.0
2024-07-25 21:48:00,CNR9990797940,Success,CID208810,Prime Sedan,KR Puram,Hulimavu,175.0,95.0,Not Applicable,Not Applicable,No,Not Applicable,764,UPI,15,4.9,4.7
2024-07-27 14:06:00,CNR7640497515,Success,CID554603,Prime Plus,Bellandur,Hulimavu,49.0,80.0,Not Applicable,Not Applicable,No,Not Applicable,340,UPI,44,3.6,3.3
2024-07-27 08:02:00,CNR6721689525,Success,CID928052,Prime Sedan,KR Puram,Magadi Road,175.0,145.0,Not Applicable,Not Applicable,No,Not Applicable,565,UPI,22,4.2,3.3
2024-07-28 19:39:00,CNR7394554155,Driver Not Found,CID722928,Prime Plus,Tumkur Road,Hennur,,,Not Applicable,Not Applicable,Not Applicable,Not Applicable,580,Not Applicable,0,,
2024-07-10 13:26:00,CNR1240449483,Driver Not Found,CID146746,Auto,Tumkur Road,RT Nagar,,,Not Applicable,Not Applicable,Not Applicable,Not Applicable,136,Not Applicable,0,,
2024-07-15 00:24:00,CNR3229876152,Success,CID628267,eBike,Magadi Road,KR Puram,280.0,80.0,Not Applicable,Not Applicable,No,Not Applicable,660,UPI,1,4.2,4.2
2024-07-20 10:25:00,CNR1051536521,Canceled by Customer,CID179241,Mini,Rajarajeshwari Nagar,Ulsoor,,,AC is Not working,Not Applicable,Not Applicable,Not Applicable,795,Not Applicable,0,,
2024-07-14 02:31:00,CNR7285461666,Success,CID864805,Prime Plus,Padmanabhanagar,Mysore Road,182.0,55.0,Not Applicable,Not Applicable,No,Not Applicable,305,Cash,25,3.5,3.3
2024-07-24 15:53:00,CNR1958929722,Driver Not Found,CID352923,Prime SUV,Ulsoor,Yelahanka,,,Not Applicable,Not Applicable,Not Applicable,Not Applicable,349,Not Applicable,0,,
2024-07-08 03:49:00,CNR7563107975,Success,CID274962,Mini,Richmond Town,MG Road,63.0,120.0,Not Applicable,Not Applicable,No,Not Applicable,420,Cash,26,3.6,3.2
2024-07-30 08:48:00,CNR9857976813,Success,CID188944,Bike,Banashankari,JP Nagar,259.0,135.0,Not Applicable,Not Applicable,No,Not Applicable,360,Credit Card,29,3.6,4.8
2024-07-09 09:07:00,CNR1793681463,Canceled by Driver,CID611735,Prime Plus,Varthur,Yelahanka,,,Not Applicable,Customer was coughing/sick,Not Applicable,Not Applicable,104,Not Applicable,0,,
2024-07-29 02:30:00,CNR3441149326,Success,CID757692,Auto,Kammanahalli,Peenya,119.0,70.0,Not Applicable,Not Applicable,No,Not Applicable,438,UPI,8,3.2,5.0
2024-07-11 02:03:00,CNR2439137964,Success,CID391581,Auto,Basavanagudi,HSR Layout,168.0,110.0,Not Applicable,Not Applicable,No,Not Applicable,1483,UPI,9,3.9,3.6
2024-07-10 16:38:00,CNR1972259360,Success,CID237544,eBike,Chickpet,Rajajinagar,252.0,75.0,Not Applicable,Not Applicable,No,Not Applicable,762,UPI,23,3.8,3.7
2024-07-16 03:59:00,CNR4894182141,Driver Not Found,CID374242,Mini,Basavanagudi,Yeshwanthpur,,,Not Applicable,Not Applicable,Not Applicable,Not Applicable,420,Not Applicable,0,,
2024-07-30 01:28:00,CNR4518260465,Canceled by Driver,CID773119,Prime Plus,Nagarbhavi,Hebbal,,,Not Applicable,Customer related issue,Not Applicable,Not Applicable,452,Not Applicable,0,,
2024-07-12 14:12:00,CNR9482212260,Success,CID222306,Auto,Magadi Road,Sarjapur Road,119.0,145.0,Not Applicable,Not Applicable,No,Not Applicable,2610,UPI,17,4.9,4.4
2024-07-02 00:15:00,CNR5854761561,Success,CID196508,Prime Plus,Malleshwaram,Kengeri,49.0,120.0,Not Applicable,Not Applicable,No,Not Applicable,401,Cash,4,5.0,3.7
2024-07-01 17:34:00,CNR8606221101,Driver Not Found,CID360770,Mini,Kadugodi,Padmanabhanagar,,,Not Applicable,Not Applicable,Not Applicable,Not Applicable,488,Not Applicable,0,,
2024-07-06 18:03:00,CNR4276910784,Success,CID344131,Bike,Electronic City,Kengeri,175.0,90.0,Not Applicable,Not Applicable,No,Not Applicable,451,UPI,11,4.6,3.5
2024-07-02 10:03:00,CNR9217929677,Canceled by Driver,CID558154,Bike,Hosur Road,Padmanabhanagar,,,Not Applicable,Customer was coughing/sick,Not Applicable,Not Applicable,438,Not Applicable,0,,
2024-07-19 12:46:00,CNR7892462257,Canceled by Driver,CID861551,Prime Plus,Sarjapur Road,Nagarbhavi,,,Not Applicable,More than permitted people in there,Not Applicable,Not Applicable,760,Not Applicable,0,,
2024-07-24 10:30:00,CNR1055147280,Success,CID570520,Auto,Vijayanagar,Mysore Road,35.0,80.0,Not Applicable,Not Applicable,Yes,Customer Demand,696,Cash,12,4.2,4.2
2024-07-01 01:07:00,CNR7947479168,Canceled by Customer,CID574412,Prime Sedan,Kadugodi,Tumkur Road,,,Driver asked to cancel,Not Applicable,Not Applicable,Not Applicable,2943,Not Applicable,0,,
2024-07-06 02:43:00,CNR6607190911,Canceled by Driver,CID236159,Mini,Vijayanagar,Varthur,,,Not Applicable,Customer was coughing/sick,Not Applicable,Not Applicable,572,Not Applicable,0,,
2024-07-10 12:15:00,CNR4865352091,Success,CID342087,Prime Plus,Hulimavu,Varthur,231.0,50.0,Not Applicable,Not Applicable,No,Not Applicable,137,Cash,8,3.5,4.2
2024-07-22 02:02:00,CNR5242035487,Canceled by Customer,CID482961,Prime SUV,Cox Town,JP Nagar,,,Driver is not moving towards pickup location,Not Applicable,Not Applicable,Not Applicable,172,Not Applicable,0,,
2024-07-30 13:14:00,CNR9301584539,Driver Not Found,CID144373,Bike,Padmanabhanagar,Majestic,,,Not Applicable,Not Applicable,Not Applicable,Not Applicable,435,Not Applicable,0,,
2024-07-06 10:21:00,CNR2176883025,Canceled by Driver,CID546930,Prime Plus,Padmanabhanagar,Indiranagar,,,Not Applicable,Customer related issue,Not Applicable,Not Applicable,433,Not Applicable,0,,
2024-07-02 16:56:00,CNR6210212612,Success,CID338902,Bike,Varthur,Peenya,189.0,25.0,Not Applicable,Not Applicable,No,Not Applicable,333,Cash,40,4.7,4.2
2024-07-02 12:05:00,CNR1115282568,Success,CID620346,Auto,Whitefield,Rajajinagar,294.0,65.0,Not Applicable,Not Applicable,Yes,Customer Demand,400,Cash,5,3.5,4.1
2024-07-10 07:54:00,CNR1071854113,Success,CID760978,Prime Plus,Chickpet,Yelahanka,140.0,70.0,Not Applicable,Not Applicable,No,Not Applicable,424,UPI,6,4.9,4.2
2024-07-05 03:29:00,CNR8922038849,Success,CID668683,Prime Plus,RT Nagar,Hosur Road,175.0,140.0,Not Applicable,Not Applicable,No,Not Applicable,1295,UPI,12,3.7,3.4
2024-07-08 22:49:00,CNR2585246822,Success,CID904463,Prime SUV,Tumkur Road,Electronic City,203.0,55.0,Not Applicable,Not Applicable,No,Not Applicable,181,UPI,6,3.9,3.8
2024-07-02 20:10:00,CNR6755102590,Driver Not Found,CID526234,Prime Sedan,Kadugodi,Koramangala,,,Not Applicable,Not Applicable,Not Applicable,Not Applicable,148,Not Applicable,0,,
2024-07-27 03:51:00,CNR3650666489,Canceled by Driver,CID548652,Bike,Tumkur Road,Nagarbhavi,,,Not Applicable,Personal & Car related issue,Not Applicable,Not Applicable,797,Not Applicable,0,,
2024-07-01 23:04:00,CNR4579801149,Driver Not Found,CID625826,Prime Plus,Sarjapur Road,Electronic City,,,Not Applicable,Not Applicable,Not Applicable,Not Applicable,173,Not Applicable,0,,
2024-07-19 19:03:00,CNR2698711209,Success,CID607790,Auto,Bellandur,Padmanabhanagar,287.0,25.0,Not Applicable,Not Applicable,No,Not Applicable,153,UPI,6,3.1,3.4
2024-07-17 04:01:00,CNR7034475387,Success,CID980211,Auto,Sarjapur Road,Hennur,140.0,120.0,Not Applicable,Not Applicable,No,Not Applicable,281,Cash,18,4.3,4.8
2024-07-05 10:37:00,CNR9115212055,Driver Not Found,CID195278,Prime Plus,Padmanabhanagar,Ramamurthy Nagar,,,Not Applicable,Not Applicable,Not Applicable,Not Applicable,157,Not Applicable,0,,
2024-07-14 06:50:00,CNR4238379346,Canceled by Customer,CID131602,Bike,JP Nagar,Yelahanka,,,Driver is not moving towards pickup location,Not Applicable,Not Applicable,Not Applicable,1464,Not Applicable,0,,
2024-07-06 06:30:00,CNR6299504136,Success,CID793276,Auto,Sahakar Nagar,Frazer Town,294.0,50.0,Not Applicable,Not Applicable,No,Not Applicable,112,Credit Card,17,4.7,4.9
2024-07-16 03:39:00,CNR1986196708,Success,CID591023,eBike,HSR Layout,Frazer Town,126.0,115.0,Not Applicable,Not Applicable,No,Not Applicable,731,Cash,35,4.4,5.0
2024-07-13 14:37:00,CNR2257183743,Driver Not Found,CID329923,Mini,Indiranagar,RT Nagar,,,Not Applicable,Not Applicable,Not Applicable,Not Applicable,428,Not Applicable,0,,
2024-07-04 18:16:00,CNR7506682802,Success,CID200134,Auto,Langford Town,Indiranagar,175.0,25.0,Not Applicable,Not Applicable,No,Not Applicable,200,Cash,19,3.9,4.4
2024-07-10 08:07:00,CNR8953472881,Driver Not Found,CID208648,Prime Plus,Peenya,Vijayanagar,,,Not Applicable,Not Applicable,Not Applicable,Not Applicable,442,Not Applicable,0,,
2024-07-25 23:33:00,CNR3861580685,Canceled by Driver,CID659691,Prime Sedan,Electronic City,Koramangala,,,Not Applicable,Customer was coughing/sick,Not Applicable,Not Applicable,540,Not Applicable,0,,
2024-07-14 16:05:00,CNR3963834543,Success,CID904734,Mini,Whitefield,Shivajinagar,63.0,120.0,Not Applicable,Not Applicable,No,Not Applicable,144,Credit Card,10,3.6,3.4
2024-07-30 04:07:00,CNR2836966404,Success,CID414034,Prime SUV,Ulsoor,Hulimavu,266.0,35.0,Not Applicable,Not Applicable,Yes,Customer Demand,726,Credit Card,46,3.2,4.4
2024-07-07 16:28:00,CNR1400472841,Canceled by Driver,CID897634,Mini,HSR Layout,Shantinagar,,,Not Applicable,Personal & Car related issue,Not Applicable,Not Applicable,1337,Not Applicable,0,,
2024-07-20 13:17:00,CNR2232315279,Success,CID308742,Prime SUV,Electronic City,HSR Layout,273.0,50.0,Not Applicable,Not Applicable,No,Not Applicable,243,Cash,11,4.8,4.9
2024-07-11 03:49:00,CNR9877376031,Success,CID834436,Mini,Nagarbhavi,BTM Layout,287.0,65.0,Not Applicable,Not Applicable,No,Not Applicable,622,Cash,40,4.8,3.0
2024-07-15 11:55:00,CNR8203587113,Success,CID241598,eBike,Tumkur Road,KR Puram,119.0,95.0,Not Applicable,Not Applicable,No,Not Applicable,1242,UPI,34,3.6,4.9
2024-07-20 00:13:00,CNR9933228624,Success,CID428800,Prime Sedan,Sarjapur Road,Bellandur,308.0,105.0,Not Applicable,Not Applicable,No,Not Applicable,220,UPI,7,4.8,4.6
2024-07-14 09:29:00,CNR5722268519,Success,CID524356,Prime SUV,Magadi Road,Electronic City,259.0,125.0,Not Applicable,Not Applicable,No,Not Applicable,105,UPI,1,4.3,3.9
2024-07-29 06:03:00,CNR6785566727,Success,CID491357,Prime SUV,Hosur Road,Majestic,245.0,95.0,Not Applicable,Not Applicable,No,Not Applicable,379,Cash,8,3.8,4.8
2024-07-04 13:17:00,CNR6479765450,Success,CID933468,Mini,Yeshwanthpur,Padmanabhanagar,252.0,80.0,Not Applicable,Not Applicable,No,Not Applicable,571,Cash,20,3.9,3.0
2024-07-28 11:35:00,CNR8180965947,Success,CID310072,eBike,Marathahalli,Electronic City,308.0,45.0,Not Applicable,Not Applicable,No,Not Applicable,966,UPI,43,3.1,3.6
2024-07-19 15:36:00,CNR2152527221,Success,CID173457,eBike,HSR Layout,Majestic,301.0,30.0,Not Applicable,Not Applicable,No,Not Applicable,347,Cash,8,3.2,3.3
2024-07-21 04:27:00,CNR3851562590,Success,CID870480,Prime Plus,Jayanagar,Devanahalli,147.0,35.0,Not Applicable,Not Applicable,No,Not Applicable,102,Cash,24,4.6,4.9
2024-07-05 17:42:00,CNR8748405788,Success,CID390181,Prime Plus,Nagarbhavi,HSR Layout,280.0,145.0,Not Applicable,Not Applicable,Yes,Customer Demand,196,Cash,9,4.7,3.5
2024-07-22 17:17:00,CNR7983520447,Canceled by Driver,CID781004,Bike,Chamarajpet,Whitefield,,,Not Applicable,Personal & Car related issue,Not Applicable,Not Applicable,198,Not Applicable,0,,
2024-07-16 22:45:00,CNR8760164707,Success,CID129015,Mini,Sarjapur Road,Cox Town,266.0,135.0,Not Applicable,Not Applicable,No,Not Applicable,302,Cash,44,3.0,3.4
2024-07-22 04:43:00,CNR2941219818,Success,CID369862,eBike,Indiranagar,Majestic,98.0,50.0,Not Applicable,Not Applicable,No,Not Applicable,956,UPI,9,4.3,4.2
2024-07-18 04:36:00,CNR2564862289,Success,CID501954,eBike,HSR Layout,Padmanabhanagar,147.0,50.0,Not Applicable,Not Applicable,No,Not Applicable,769,Cash,22,4.0,3.2
2024-07-04 23:23:00,CNR3396404866,Success,CID320116,Prime Sedan,Shantinagar,Banashankari,91.0,50.0,Not Applicable,Not Applicable,No,Not Applicable,258,UPI,5,4.6,3.1
2024-07-23 10:52:00,CNR1627826746,Success,CID606687,Bike,Cox Town,Banashankari,273.0,140.0,Not Applicable,Not Applicable,No,Not Applicable,358,Debit Card,47,4.4,4.5
2024-07-10 11:12:00,CNR2805396025,Canceled by Driver,CID733455,Prime SUV,Jayanagar,Basavanagudi,,,Not Applicable,More than permitted people in there,Not Applicable,Not Applicable,350,Not Applicable,0,,
2024-07-20 01:53:00,CNR4898977742,Success,CID452894,Mini,Varthur,Ramamurthy Nagar,119.0,135.0,Not Applicable,Not Applicable,No,Not Applicable,450,Cash,9,4.4,3.7
2024-07-23 06:22:00,CNR8955386931,Success,CID230279,Bike,Indiranagar,Jayanagar,112.0,110.0,Not Applicable,Not Applicable,No,Not Applicable,394,UPI,5,3.6,4.2
2024-07-01 22:30:00,CNR5792234184,Driver Not Found,CID609065,Bike,Yeshwanthpur,Jayanagar,,,Not Applicable,Not Applicable,Not Applicable,Not Applicable,1915,Not Applicable,0,,
2024-07-26 16:59:00,CNR7689258660,Success,CID494669,Mini,Hennur,Cox Town,147.0,70.0,Not Applicable,Not Applicable,No,Not Applicable,971,UPI,49,3.6,3.9
2024-07-22 13:52:00,CNR3896432569,Canceled by Driver,CID639863,Prime SUV,Electronic City,Richmond Town,,,Not Applicable,More than permitted people in there,Not Applicable,Not Applicable,405,Not Applicable,0,,
2024-07-20 20:00:00,CNR1635429643,Success,CID336319,Prime SUV,BTM Layout,Yelahanka,252.0,120.0,Not Applicable,Not Applicable,No,Not Applicable,490,Cash,38,4.5,3.1
2024-07-03 05:11:00,CNR7814496144,Success,CID552947,Prime Sedan,Ramamurthy Nagar,Sarjapur Road,140.0,105.0,Not Applicable,Not Applicable,No,Not Applicable,256,Cash,6,3.2,4.7
2024-07-22 10:11:00,CNR4426547152,Canceled by Driver,CID145805,Mini,Sahakar Nagar,Hebbal,,,Not Applicable,Personal & Car related issue,Not Applicable,Not Applicable,896,Not Applicable,0,,
2024-07-14 16:03:00,CNR2242258944,Success,CID500876,Bike,Jayanagar,Hulimavu,63.0,30.0,Not Applicable,Not Applicable,No,Not Applicable,242,UPI,18,4.9,3.6
2024-07-30 17:35:00,CNR3040643053,Success,CID435321,Auto,Yeshwanthpur,Cox Town,301.0,70.0,Not Applicable,Not Applicable,No,Not Applicable,178,Credit Card,11,4.1,4.8
2024-07-01 13:18:00,CNR7754559911,Canceled by Driver,CID662368,Auto,Yeshwanthpur,Jayanagar,,,Not Applicable,Customer related issue,Not Applicable,Not Applicable,445,Not Applicable,0,,
2024-07-21 03:43:00,CNR5000040046,Success,CID419402,Prime Sedan,Hulimavu,Rajajinagar,294.0,65.0,Not Applicable,Not Applicable,No,Not Applicable,317,UPI,42,3.1,3.6
2024-07-28 22:30:00,CNR9421682034,Success,CID416438,Bike,Cox Town,Hebbal,70.0,85.0,Not Applicable,Not Applicable,No,Not Applicable,329,Cash,29,4.0,3.9
2024-07-23 22:43:00,CNR2861851905,Success,CID733693,Mini,Varthur,Chickpet,182.0,110.0,Not Applicable,Not Applicable,No,Not Applicable,785,Cash,23,4.5,3.8
2024-07-04 03:15:00,CNR5481684710,Canceled by Driver,CID406853,Bike,Kengeri,Yelahanka,,,Not Applicable,More than permitted people in there,Not Applicable,Not Applicable,176,Not Applicable,0,,
2024-07-14 22:21:00,CNR6320164451,Driver Not Found,CID480124,Prime SUV,Jayanagar,Hosur Road,,,Not Applicable,Not Applicable,Not Applicable,Not Applicable,244,Not Applicable,0,,
2024-07-11 04:35:00,CNR1616532032,Success,CID746692,Prime SUV,Mysore Road,HSR Layout,175.0,125.0,Not Applicable,Not Applicable,No,Not Applicable,573,Cash,41,3.0,4.9
2024-07-19 22:29:00,CNR2455177427,Success,CID372489,Prime Plus,KR Puram,Hosur Road,196.0,50.0,Not Applicable,Not Applicable,Yes,Customer Demand,601,Cash,36,3.7,4.2
2024-07-04 09:20:00,CNR7243798309,Canceled by Driver,CID421310,eBike,Rajarajeshwari Nagar,Ramamurthy Nagar,,,Not Applicable,Personal & Car related issue,Not Applicable,Not Applicable,242,Not Applicable,0,,
2024-07-02 19:05:00,CNR1900039299,Success,CID264732,Mini,Devanahalli,Chickpet,189.0,130.0,Not Applicable,Not Applicable,No,Not Applicable,609,UPI,40,4.3,3.9
2024-07-02 15:34:00,CNR8898444557,Success,CID732629,Prime Plus,Kengeri,Ulsoor,217.0,70.0,Not Applicable,Not Applicable,No,Not Applicable,433,UPI,20,4.1,3.5
2024-07-17 05:17:00,CNR4756259715,Canceled by Driver,CID815110,eBike,Vijayanagar,Shantinagar,,,Not Applicable,Customer was coughing/sick,Not Applicable,Not Applicable,2574,Not Applicable,0,,
2024-07-16 20:40:00,CNR8699065459,Canceled by Customer,CID475244,Bike,Koramangala,Koramangala,,,Driver is not moving towards pickup location,Not Applicable,Not Applicable,Not Applicable,116,Not Applicable,0,,
2024-07-10 02:51:00,CNR5521774056,Success,CID759792,eBike,Devanahalli,MG Road,245.0,30.0,Not Applicable,Not Applicable,No,Not Applicable,273,UPI,19,3.5,4.8
2024-07-24 10:49:00,CNR1298048913,Canceled by Customer,CID340587,Prime Plus,Bannerghatta Road,Banashankari,,,AC is Not working,Not Applicable,Not Applicable,Not Applicable,462,Not Applicable,0,,
2024-07-04 04:36:00,CNR4230320804,Canceled by Driver,CID100613,Auto,Frazer Town,MG Road,,,Not Applicable,Personal & Car related issue,Not Applicable,Not Applicable,991,Not Applicable,0,,
2024-07-14 06:15:00,CNR4765163283,Success,CID907482,Mini,Bannerghatta Road,Nagarbhavi,231.0,70.0,Not Applicable,Not Applicable,No,Not Applicable,406,Cash,23,3.6,4.4
2024-07-22 07:29:00,CNR8013500656,Success,CID458330,Auto,Rajarajeshwari Nagar,Whitefield,105.0,135.0,Not Applicable,Not Applicable,No,Not Applicable,161,Cash,1,4.0,3.5
2024-07-29 14:56:00,CNR5789775973,Canceled by Driver,CID137384,Auto,Koramangala,Chickpet,,,Not Applicable,Customer related issue,Not Applicable,Not Applicable,335,Not Applicable,0,,
2024-07-03 06:39:00,CNR7965911059,Success,CID928452,Prime Plus,Kengeri,JP Nagar,154.0,55.0,Not Applicable,Not Applicable,No,Not Applicable,112,UPI,9,4.9,4.5
2024-07-04 13:56:00,CNR6759552935,Success,CID463053,Prime Plus,Jayanagar,Cox Town,77.0,145.0,Not Applicable,Not Applicable,No,Not Applicable,264,UPI,17,4.4,4.6
2024-07-14 13:13:00,CNR2679712202,Success,CID996706,eBike,Chamarajpet,Frazer Town,147.0,30.0,Not Applicable,Not Applicable,No,Not Applicable,574,Cash,8,3.9,3.1
2024-07-07 10:06:00,CNR8905429794,Success,CID978237,eBike,Ulsoor,Jayanagar,287.0,135.0,Not Applicable,Not Applicable,No,Not Applicable,159,UPI,43,4.3,3.6
2024-07-08 20:07:00,CNR4560997939,Success,CID558392,Auto,Banashankari,Ulsoor,77.0,35.0,Not Applicable,Not Applicable,No,Not Applicable,398,UPI,14,4.3,4.1
2024-07-23 00:32:00,CNR7268414551,Driver Not Found,CID757099,Auto,Kengeri,Koramangala,,,Not Applicable,Not Applicable,Not Applicable,Not Applicable,292,Not Applicable,0,,
2024-07-10 17:21:00,CNR2006025590,Driver Not Found,CID822902,Mini,JP Nagar,Magadi Road,,,Not Applicable,Not Applicable,Not Applicable,Not Applicable,287,Not Applicable,0,,
2024-07-11 01:44:00,CNR5276654203,Success,CID463515,Prime SUV,Nagarbhavi,Hennur,161.0,90.0,Not Applicable,Not Applicable,Yes,Other Issue,355,Cash,37,3.2,4.8
2024-07-10 05:18:00,CNR8864194517,Success,CID819431,eBike,Kadugodi,Peenya,77.0,105.0,Not Applicable,Not Applicable,No,Not Applicable,493,Cash,43,4.0,3.1
2024-07-29 23:14:00,CNR5187656723,Canceled by Driver,CID600593,Prime Sedan,Tumkur Road,Tumkur Road,,,Not Applicable,Customer related issue,Not Applicable,Not Applicable,170,Not Applicable,0,,
2024-07-02 18:06:00,CNR3555715904,Success,CID859187,Mini,Langford Town,Whitefield,217.0,145.0,Not Applicable,Not Applicable,No,Not Applicable,207,Cash,47,4.9,3.4
2024-07-11 22:31:00,CNR6375743374,Success,CID780070,Auto,Whitefield,Kadugodi,224.0,130.0,Not Applicable,Not Applicable,No,Not Applicable,446,Cash,15,3.9,4.5
2024-07-28 00:43:00,CNR4273021166,Success,CID237394,Prime SUV,Frazer Town,HSR Layout,63.0,70.0,Not Applicable,Not Applicable,No,Not Applicable,118,UPI,23,3.5,4.0
2024-07-12 12:02:00,CNR4774212975,Success,CID518582,Auto,Sahakar Nagar,Shantinagar,175.0,90.0,Not Applicable,Not Applicable,No,Not Applicable,272,Cash,10,3.7,4.3
2024-07-17 11:06:00,CNR4448676861,Success,CID907638,Prime SUV,Peenya,Majestic,84.0,60.0,Not Applicable,Not Applicable,No,Not Applicable,1842,Debit Card,24,3.7,3.0
2024-07-03 18:52:00,CNR4023539468,Success,CID443033,Prime Sedan,JP Nagar,Ramamurthy Nagar,182.0,140.0,Not Applicable,Not Applicable,Yes,Vehicle Breakdown,173,Credit Card,26,3.7,3.7
2024-07-28 21:06:00,CNR3906906569,Success,CID176160,Mini,Varthur,Shivajinagar,217.0,25.0,Not Applicable,Not Applicable,No,Not Applicable,303,Cash,13,3.4,4.6
2024-07-19 17:12:00,CNR2320743816,Success,CID457674,Bike,Magadi Road,Cox Town,252.0,35.0,Not Applicable,Not Applicable,No,Not Applicable,482,Cash,36,3.7,3.6
2024-07-13 12:05:00,CNR6175799779,Success,CID186001,Mini,Devanahalli,Langford Town,273.0,50.0,Not Applicable,Not Applicable,No,Not Applicable,1879,Cash,35,4.3,4.3
2024-07-16 21:16:00,CNR7677682462,Success,CID171771,Bike,Rajarajeshwari Nagar,Yelahanka,266.0,60.0,Not Applicable,Not Applicable,Yes,Vehicle Breakdown,288,Cash,48,3.2,3.7
2024-07-30 13:15:00,CNR3164610648,Canceled by Customer,CID933011,Prime SUV,Tumkur Road,Banashankari,,,Driver is not moving towards pickup location,Not Applicable,Not Applicable,Not Applicable,313,Not Applicable,0,,
2024-07-20 14:16:00,CNR9758202523,Success,CID118904,Bike,Rajarajeshwari Nagar,Rajarajeshwari Nagar,259.0,120.0,Not Applicable,Not Applicable,No,Not Applicable,311,Cash,27,3.8,4.0
2024-07-07 12:20:00,CNR3622547461,Driver Not Found,CID209536,Prime SUV,Basavanagudi,Marathahalli,,,Not Applicable,Not Applicable,Not Applicable,Not Applicable,922,Not Applicable,0,,
2024-07-30 06:51:00,CNR8549235703,Success,CID857317,Mini,Majestic,Hennur,301.0,70.0,Not Applicable,Not Applicable,No,Not Applicable,2290,Cash,32,3.7,3.8
2024-07-07 21:26:00,CNR3713602858,Success,CID235680,Auto,Sahakar Nagar,Basavanagudi,112.0,100.0,Not Applicable,Not Applicable,No,Not Applicable,399,UPI,16,4.7,4.8
2024-07-23 03:30:00,CNR8054918286,Success,CID992204,Mini,Mysore Road,Ulsoor,84.0,130.0,Not Applicable,Not Applicable,No,Not Applicable,314,Cash,16,4.5,4.0
2024-07-26 20:37:00,CNR6759495281,Success,CID677687,Prime Plus,MG Road,Shantinagar,287.0,65.0,Not Applicable,Not Applicable,No,Not Applicable,174,UPI,7,3.9,4.5
2024-07-23 05:52:00,CNR4766019278,Success,CID367308,Bike,JP Nagar,Rajajinagar,203.0,25.0,Not Applicable,Not Applicable,No,Not Applicable,355,Cash,10,4.3,5.0
2024-07-15 17:02:00,CNR5999817013,Success,CID153107,Bike,Kengeri,Devanahalli,63.0,115.0,Not Applicable,Not Applicable,No,Not Applicable,402,UPI,3,4.7,4.1
2024-07-16 12:33:00,CNR3278424545,Driver Not Found,CID659567,Prime SUV,Padmanabhanagar,MG Road,,,Not Applicable,Not Applicable,Not Applicable,Not Applicable,140,Not Applicable,0,,
2024-07-06 11:00:00,CNR9965152074,Success,CID331979,Bike,Jayanagar,Hosur Road,280.0,105.0,Not Applicable,Not Applicable,No,Not Applicable,193,Cash,47,3.3,3.5
2024-07-06 20:18:00,CNR6904640154,Driver Not Found,CID980896,Prime Sedan,Frazer Town,Shivajinagar,,,Not Applicable,Not Applicable,Not Applicable,Not Applicable,399,Not Applicable,0,,
2024-07-02 04:14:00,CNR3662477593,Success,CID755759,Prime SUV,Sahakar Nagar,Richmond Town,189.0,120.0,Not Applicable,Not Applicable,No,Not Applicable,634,Cash,21,4.6,3.4
2024-07-05 01:49:00,CNR9069288898,Driver Not Found,CID165259,Auto,Basavanagudi,Kadugodi,,,Not Applicable,Not Applicable,Not Applicable,Not Applicable,188,Not Applicable,0,,
2024-07-03 23:59:00,CNR4219613400,Canceled by Customer,CID301523,Prime SUV,Mysore Road,Bellandur,,,Driver asked to cancel,Not Applicable,Not Applicable,Not Applicable,448,Not Applicable,0,,
2024-07-14 17:23:00,CNR4843741651,Success,CID752627,Auto,Padmanabhanagar,Rajajinagar,238.0,90.0,Not Applicable,Not Applicable,No,Not Applicable,939,UPI,15,3.4,3.5
2024-07-09 22:06:00,CNR3457109124,Canceled by Driver,CID380043,Prime SUV,Kengeri,Koramangala,,,Not Applicable,Customer related issue,Not Applicable,Not Applicable,172,Not Applicable,0,,
2024-07-18 02:36:00,CNR7211505585,Canceled by Customer,CID118797,Prime Plus,Devanahalli,Koramangala,,,Driver is not moving towards pickup location,Not Applicable,Not Applicable,Not Applicable,702,Not Applicable,0,,
2024-07-20 04:48:00,CNR1744312324,Success,CID993830,eBike,Vijayanagar,Majestic,126.0,45.0,Not Applicable,Not Applicable,No,Not Applicable,284,Cash,43,4.7,3.2
2024-07-23 14:37:00,CNR1968299193,Success,CID480275,Prime Plus,Kengeri,Varthur,217.0,110.0,Not Applicable,Not Applicable,No,Not Applicable,326,Cash,2,3.5,3.5
2024-07-21 22:14:00,CNR9171035943,Success,CID864923,Prime Sedan,Kengeri,Kammanahalli,119.0,125.0,Not Applicable,Not Applicable,No,Not Applicable,384,Cash,39,4.5,3.1
2024-07-11 18:13:00,CNR7083319088,Success,CID130308,eBike,Langford Town,Sahakar Nagar,112.0,105.0,Not Applicable,Not Applicable,No,Not Applicable,167,UPI,40,3.3,4.1
2024-07-14 18:29:00,CNR7248480270,Canceled by Driver,CID364901,Bike,Tumkur Road,Chickpet,,,Not Applicable,Personal & Car related issue,Not Applicable,Not Applicable,523,Not Applicable,0,,
2024-07-06 13:40:00,CNR4144886433,Success,CID928169,Prime SUV,Kammanahalli,Mysore Road,105.0,130.0,Not Applicable,Not Applicable,No,Not Applicable,1130,UPI,33,4.6,5.0
2024-07-15 02:46:00,CNR8908944234,Driver Not Found,CID320285,Bike,Kadugodi,Rajarajeshwari Nagar,,,Not Applicable,Not Applicable,Not Applicable,Not Applicable,635,Not Applicable,0,,
2024-07-15 14:40:00,CNR9433804992,Success,CID289245,Prime SUV,Kengeri,Hosur Road,63.0,105.0,Not Applicable,Not Applicable,No,Not Applicable,193,UPI,39,3.6,4.2
2024-07-03 17:23:00,CNR9329114243,Canceled by Driver,CID507566,Prime SUV,Sarjapur Road,Tumkur Road,,,Not Applicable,Personal & Car related issue,Not Applicable,Not Applicable,231,Not Applicable,0,,
2024-07-09 05:16:00,CNR6924263726,Success,CID774708,Prime Plus,Indiranagar,Banashankari,259.0,120.0,Not Applicable,Not Applicable,No,Not Applicable,323,Cash,23,4.3,4.9
2024-07-15 01:39:00,CNR1706727741,Success,CID507280,Bike,Frazer Town,KR Puram,273.0,50.0,Not Applicable,Not Applicable,Yes,Customer Demand,548,UPI,16,4.5,4.6
2024-07-22 10:13:00,CNR3699828275,Canceled by Driver,CID234712,eBike,Chickpet,Electronic City,,,Not Applicable,More than permitted people in there,Not Applicable,Not Applicable,213,Not Applicable,0,,
2024-07-24 07:02:00,CNR2642379332,Canceled by Customer,CID445103,Auto,RT Nagar,Nagarbhavi,,,Driver asked to cancel,Not Applicable,Not Applicable,Not Applicable,270,Not Applicable,0,,
2024-07-14 16:12:00,CNR9202790796,Canceled by Customer,CID395263,Prime SUV,Indiranagar,Sahakar Nagar,,,Wrong Address,Not Applicable,Not Applicable,Not Applicable,313,Not Applicable,0,,
2024-07-15 13:52:00,CNR7056384045,Canceled by Driver,CID409516,Prime Plus,Bellandur,Hennur,,,Not Applicable,Customer related issue,Not Applicable,Not Applicable,133,Not Applicable,0,,
2024-07-06 06:42:00,CNR7323801705,Canceled by Customer,CID950066,Prime Plus,Frazer Town,Sahakar Nagar,,,Change of plans,Not Applicable,Not Applicable,Not Applicable,283,Not Applicable,0,,
2024-07-07 20:38:00,CNR6550970131,Success,CID435073,Prime Plus,Whitefield,Yeshwanthpur,308.0,85.0,Not Applicable,Not Applicable,No,Not Applicable,281,Cash,29,4.8,4.1
2024-07-20 23:54:00,CNR1299555917,Success,CID572896,Mini,Majestic,Marathahalli,238.0,145.0,Not Applicable,Not Applicable,No,Not Applicable,240,Cash,21,4.3,4.6
2024-07-05 13:41:00,CNR3102397378,Canceled by Driver,CID451640,eBike,Peenya,Varthur,,,Not Applicable,Customer was coughing/sick,Not Applicable,Not Applicable,346,Not Applicable,0,,
2024-07-18 02:43:00,CNR3123077312,Success,CID318710,Mini,Whitefield,JP Nagar,126.0,105.0,Not Applicable,Not Applicable,No,Not Applicable,912,Cash,38,4.8,3.0
2024-07-09 10:24:00,CNR6486177611,Success,CID863561,eBike,Basavanagudi,Yeshwanthpur,294.0,75.0,Not Applicable,Not Applicable,No,Not Applicable,336,Credit Card,4,3.1,4.2
2024-07-04 08:47:00,CNR5518090474,Success,CID405162,Prime Sedan,Richmond Town,Hebbal,252.0,30.0,Not Applicable,Not Applicable,No,Not Applicable,466,UPI,29,3.1,3.3
2024-07-10 02:12:00,CNR3566054435,Success,CID744058,Auto,Devanahalli,Electronic City,308.0,110.0,Not Applicable,Not Applicable,No,Not Applicable,660,Cash,3,4.0,3.8
2024-07-07 20:06:00,CNR4812402992,Canceled by Driver,CID654006,Bike,Yeshwanthpur,Majestic,,,Not Applicable,Customer related issue,Not Applicable,Not Applicable,393,Not Applicable,0,,
2024-07-15 10:34:00,CNR9228809031,Success,CID785736,Mini,Rajajinagar,Hebbal,231.0,125.0,Not Applicable,Not Applicable,No,Not Applicable,819,Cash,17,4.0,4.5
2024-07-26 14:19:00,CNR1741152889,Driver Not Found,CID761778,Prime Sedan,JP Nagar,Sahakar Nagar,,,Not Applicable,Not Applicable,Not Applicable,Not Applicable,131,Not Applicable,0,,
2024-07-05 12:27:00,CNR3595464301,Canceled by Customer,CID286014,Prime Sedan,Chamarajpet,Peenya,,,Driver is not moving towards pickup location,Not Applicable,Not Applicable,Not Applicable,482,Not Applicable,0,,
2024-07-22 23:30:00,CNR4351954586,Success,CID622924,Prime Sedan,Sahakar Nagar,Hulimavu,70.0,25.0,Not Applicable,Not Applicable,No,Not Applicable,110,Cash,16,4.7,4.7
2024-07-11 01:24:00,CNR2075404022,Driver Not Found,CID586057,eBike,Peenya,Nagarbhavi,,,Not Applicable,Not Applicable,Not Applicable,Not Applicable,437,Not Applicable,0,,
2024-07-23 06:01:00,CNR6660824544,Canceled by Driver,CID500113,Prime Sedan,RT Nagar,Vijayanagar,,,Not Applicable,More than permitted people in there,Not Applicable,Not Applicable,415,Not Applicable,0,,
2024-07-03 19:58:00,CNR2811628329,Canceled by Customer,CID882862,eBike,Varthur,Shivajinagar,,,Driver asked to cancel,Not Applicable,Not Applicable,Not Applicable,362,Not Applicable,0,,
2024-07-26 00:04:00,CNR6996333906,Success,CID633829,Prime SUV,Rajajinagar,Sarjapur Road,161.0,120.0,Not Applicable,Not Applicable,No,Not Applicable,352,Cash,49,3.0,4.5
2024-07-02 09:55:00,CNR2299567908,Canceled by Driver,CID789676,Auto,Chamarajpet,Jayanagar,,,Not Applicable,Customer related issue,Not Applicable,Not Applicable,326,Not Applicable,0,,
2024-07-22 09:07:00,CNR8022806675,Driver Not Found,CID378640,Bike,Marathahalli,Ramamurthy Nagar,,,Not Applicable,Not Applicable,Not Applicable,Not Applicable,490,Not Applicable,0,,
2024-07-06 12:09:00,CNR9760538014,Success,CID875861,Bike,RT Nagar,Sarjapur Road,126.0,80.0,Not Applicable,Not Applicable,No,Not Applicable,340,Cash,22,4.3,4.0
2024-07-13 20:36:00,CNR1790485566,Success,CID858844,Prime Sedan,Mysore Road,Shantinagar,189.0,80.0,Not Applicable,Not Applicable,No,Not Applicable,518,Cash,49,4.6,4.2
2024-07-30 11:02:00,CNR3479203898,Driver Not Found,CID764828,Prime SUV,Basavanagudi,Koramangala,,,Not Applicable,Not Applicable,Not Applicable,Not Applicable,400,Not Applicable,0,,
2024-07-17 09:33:00,CNR6206189765,Success,CID122825,eBike,MG Road,Rajajinagar,126.0,35.0,Not Applicable,Not Applicable,No,Not Applicable,134,UPI,28,3.9,4.7
2024-07-03 19:07:00,CNR5312054888,Canceled by Customer,CID755778,Bike,Rajajinagar,Magadi Road,,,Driver asked to cancel,Not Applicable,Not Applicable,Not Applicable,474,Not Applicable,0,,
2024-07-30 21:27:00,CNR9514417322,Success,CID194571,Prime Sedan,Jayanagar,Cox Town,154.0,60.0,Not Applicable,Not Applicable,No,Not Applicable,401,UPI,10,4.7,4.7
2024-07-16 16:58:00,CNR7024604320,Canceled by Driver,CID276040,Prime Plus,Padmanabhanagar,Chamarajpet,,,Not Applicable,More than permitted people in there,Not Applicable,Not Applicable,321,Not Applicable,0,,
2024-07-05 01:15:00,CNR1196487183,Success,CID392464,eBike,RT Nagar,Vijayanagar,231.0,55.0,Not Applicable,Not Applicable,No,Not Applicable,335,UPI,37,4.5,4.8
2024-07-24 17:09:00,CNR8817779005,Success,CID567659,Prime Plus,KR Puram,Tumkur Road,35.0,85.0,Not Applicable,Not Applicable,No,Not Applicable,907,Cash,4,4.1,4.6
2024-07-05 22:20:00,CNR4857697166,Success,CID576358,Mini,HSR Layout,Shivajinagar,98.0,50.0,Not Applicable,Not Applicable,No,Not Applicable,374,Cash,18,4.1,3.5
2024-07-16 05:15:00,CNR1143534024,Success,CID522232,Prime SUV,Banashankari,Banashankari,308.0,120.0,Not Applicable,Not Applicable,No,Not Applicable,276,Cash,47,4.7,4.0
2024-07-02 18:08:00,CNR7969298170,Success,CID470779,Bike,Varthur,Malleshwaram,140.0,40.0,Not Applicable,Not Applicable,No,Not Applicable,263,Cash,30,3.5,3.8
2024-07-21 06:16:00,CNR6275218111,Success,CID967451,eBike,Yeshwanthpur,Shantinagar,189.0,60.0,Not Applicable,Not Applicable,No,Not Applicable,443,Cash,35,3.8,3.6
2024-07-25 07:56:00,CNR4280954151,Canceled by Customer,CID334920,Prime Sedan,Banashankari,Majestic,,,AC is Not working,Not Applicable,Not Applicable,Not Applicable,391,Not Applicable,0,,
2024-07-26 04:51:00,CNR6201352134,Success,CID648740,Mini,Hulimavu,Bannerghatta Road,42.0,65.0,Not Applicable,Not Applicable,No,Not Applicable,441,Cash,36,4.7,4.1
2024-07-06 11:59:00,CNR1971507186,Success,CID820384,Prime SUV,Richmond Town,Rajarajeshwari Nagar,273.0,100.0,Not Applicable,Not Applicable,Yes,Other Issue,205,Cash,13,3.8,3.3
2024-07-19 19:34:00,CNR1027331801,Success,CID595308,Auto,Varthur,Bellandur,287.0,130.0,Not Applicable,Not Applicable,No,Not Applicable,111,Cash,18,4.4,4.8
2024-07-21 20:52:00,CNR8941777095,Canceled by Customer,CID393987,eBike,MG Road,Tumkur Road,,,Change of plans,Not Applicable,Not Applicable,Not Applicable,869,Not Applicable,0,,
2024-07-25 12:12:00,CNR3778924741,Canceled by Customer,CID149097,Bike,Jayanagar,Rajajinagar,,,Driver is not moving towards pickup location,Not Applicable,Not Applicable,Not Applicable,250,Not Applicable,0,,
2024-07-16 00:44:00,CNR3403678083,Canceled by Driver,CID105926,Prime Sedan,Nagarbhavi,Frazer Town,,,Not Applicable,Customer related issue,Not Applicable,Not Applicable,202,Not Applicable,0,,
2024-07-12 18:26:00,CNR5936571245,Success,CID959784,Prime SUV,Devanahalli,Ramamurthy Nagar,84.0,30.0,Not Applicable,Not Applicable,No,Not Applicable,469,UPI,34,3.7,4.4
2024-07-19 07:44:00,CNR5789043767,Canceled by Customer,CID288402,Bike,Bellandur,Kengeri,,,Driver asked to cancel,Not Applicable,Not Applicable,Not Applicable,466,Not Applicable,0,,
2024-07-01 19:12:00,CNR3747175911,Success,CID418903,Prime Sedan,BTM Layout,Yeshwanthpur,56.0,115.0,Not Applicable,Not Applicable,Yes,Vehicle Breakdown,869,Cash,46,3.7,3.8
2024-07-25 20:50:00,CNR7736250770,Success,CID532766,Prime Plus,Sahakar Nagar,Tumkur Road,189.0,55.0,Not Applicable,Not Applicable,No,Not Applicable,623,Cash,30,4.6,3.5
2024-07-01 15:07:00,CNR2101970962,Success,CID415634,eBike,Basavanagudi,Rajarajeshwari Nagar,154.0,50.0,Not Applicable,Not Applicable,No,Not Applicable,143,Cash,40,3.8,3.4
2024-07-29 02:48:00,CNR7402165225,Success,CID862197,Bike,Tumkur Road,Marathahalli,189.0,145.0,Not Applicable,Not Applicable,No,Not Applicable,224,Cash,34,4.7,3.9
2024-07-08 23:33:00,CNR9150319825,Driver Not Found,CID660995,Prime Sedan,Hennur,Shivajinagar,,,Not Applicable,Not Applicable,Not Applicable,Not Applicable,236,Not Applicable,0,,
2024-07-25 12:53:00,CNR2829800793,Success,CID106166,Prime Plus,Sahakar Nagar,Yelahanka,161.0,50.0,Not Applicable,Not Applicable,No,Not Applicable,412,UPI,48,4.6,3.3
2024-07-26 08:47:00,CNR4237913708,Canceled by Customer,CID539397,Prime SUV,Hebbal,Sarjapur Road,,,Driver is not moving towards pickup location,Not Applicable,Not Applicable,Not Applicable,206,Not Applicable,0,,
2024-07-14 00:53:00,CNR2285857717,Canceled by Customer,CID341415,eBike,Kammanahalli,Padmanabhanagar,,,Driver is not moving towards pickup location,Not Applicable,Not Applicable,Not Applicable,103,Not Applicable,0,,
2024-07-01 11:30:00,CNR6818234670,Driver Not Found,CID812051,Prime SUV,Hennur,Hulimavu,,,Not Applicable,Not Applicable,Not Applicable,Not Applicable,293,Not Applicable,0,,
2024-07-24 12:53:00,CNR3081478440,Success,CID683410,Prime Sedan,Kammanahalli,Banashankari,168.0,40.0,Not Applicable,Not Applicable,No,Not Applicable,108,Credit Card,24,4.1,4.8
2024-07-03 04:37:00,CNR8858406784,Success,CID468529,eBike,Ramamurthy Nagar,Koramangala,133.0,30.0,Not Applicable,Not Applicable,No,Not Applicable,855,UPI,29,4.7,4.2
2024-07-26 23:20:00,CNR5516469109,Success,CID323852,Mini,Jayanagar,Hosur Road,203.0,95.0,Not Applicable,Not Applicable,No,Not Applicable,193,Cash,17,4.4,3.2
2024-07-13 17:16:00,CNR2195088470,Canceled by Driver,CID607233,Bike,Shivajinagar,Bellandur,,,Not Applicable,Customer related issue,Not Applicable,Not Applicable,328,Not Applicable,0,,
2024-07-23 00:05:00,CNR7986858644,Canceled by Customer,CID378672,Auto,Ulsoor,Kadugodi,,,AC is Not working,Not Applicable,Not Applicable,Not Applicable,120,Not Applicable,0,,
2024-07-26 07:39:00,CNR4013561051,Canceled by Driver,CID758507,Auto,JP Nagar,Marathahalli,,,Not Applicable,Personal & Car related issue,Not Applicable,Not Applicable,403,Not Applicable,0,,
2024-07-28 01:29:00,CNR2927638586,Success,CID364022,Prime Plus,Hennur,Kammanahalli,210.0,135.0,Not Applicable,Not Applicable,No,Not Applicable,458,Cash,16,4.2,3.4
2024-07-08 09:31:00,CNR5166743343,Canceled by Driver,CID871489,eBike,RT Nagar,Frazer Town,,,Not Applicable,Personal & Car related issue,Not Applicable,Not Applicable,233,Not Applicable,0,,
2024-07-07 13:43:00,CNR4146772330,Success,CID333217,Bike,Richmond Town,MG Road,189.0,145.0,Not Applicable,Not Applicable,No,Not Applicable,128,UPI,8,3.5,3.8
2024-07-12 04:25:00,CNR9115016094,Success,CID779964,Prime Plus,Malleshwaram,Magadi Road,294.0,45.0,Not Applicable,Not Applicable,No,Not Applicable,128,UPI,30,4.8,3.9
2024-07-30 14:54:00,CNR4248516048,Success,CID585130,Auto,Basavanagudi,Tumkur Road,189.0,40.0,Not Applicable,Not Applicable,No,Not Applicable,703,Cash,15,3.1,4.3
2024-07-12 01:44:00,CNR5905650091,Success,CID379700,Mini,Shantinagar,Cox Town,203.0,55.0,Not Applicable,Not Applicable,No,Not Applicable,455,Cash,37,3.5,3.1
2024-07-07 03:58:00,CNR4937741339,Success,CID157358,Prime SUV,Basavanagudi,Kengeri,70.0,125.0,Not Applicable,Not Applicable,No,Not Applicable,562,UPI,34,4.7,3.9
2024-07-14 15:13:00,CNR3816989196,Success,CID405055,Mini,Sahakar Nagar,Rajajinagar,308.0,145.0,Not Applicable,Not Applicable,No,Not Applicable,708,Credit Card,26,4.3,4.2
2024-07-26 03:09:00,CNR9445928138,Canceled by Driver,CID340854,eBike,Sarjapur Road,Tumkur Road,,,Not Applicable,Personal & Car related issue,Not Applicable,Not Applicable,750,Not Applicable,0,,
2024-07-20 08:59:00,CNR7994904908,Success,CID984867,Auto,Varthur,Devanahalli,182.0,105.0,Not Applicable,Not Applicable,No,Not Applicable,2497,UPI,11,4.8,3.9
2024-07-26 20:45:00,CNR5866483343,Driver Not Found,CID905484,Bike,Electronic City,Marathahalli,,,Not Applicable,Not Applicable,Not Applicable,Not Applicable,774,Not Applicable,0,,
2024-07-02 10:01:00,CNR5853303311,Canceled by Customer,CID604640,Prime Plus,Nagarbhavi,Padmanabhanagar,,,Driver is not moving towards pickup location,Not Applicable,Not Applicable,Not Applicable,799,Not Applicable,0,,
2024-07-09 22:49:00,CNR1986354181,Success,CID126114,Auto,Kammanahalli,Frazer Town,147.0,85.0,Not Applicable,Not Applicable,No,Not Applicable,1626,Cash,4,4.3,5.0
2024-07-30 06:44:00,CNR1196895965,Driver Not Found,CID781690,Prime SUV,Bannerghatta Road,HSR Layout,,,Not Applicable,Not Applicable,Not Applicable,Not Applicable,285,Not Applicable,0,,
2024-07-14 19:21:00,CNR1947206015,Success,CID220354,Bike,RT Nagar,Peenya,189.0,25.0,Not Applicable,Not Applicable,No,Not Applicable,295,UPI,6,4.9,3.7
2024-07-05 05:52:00,CNR6467160704,Success,CID812145,eBike,Shivajinagar,Ulsoor,84.0,95.0,Not Applicable,Not Applicable,No,Not Applicable,258,UPI,15,4.3,4.0
2024-07-15 23:58:00,CNR5598127876,Canceled by Driver,CID887204,Bike,Langford Town,RT Nagar,,,Not Applicable,Customer related issue,Not Applicable,Not Applicable,418,Not Applicable,0,,
2024-07-12 08:33:00,CNR2778367950,Driver Not Found,CID889657,Prime SUV,Ulsoor,JP Nagar,,,Not Applicable,Not Applicable,Not Applicable,Not Applicable,612,Not Applicable,0,,
2024-07-18 03:00:00,CNR6445747743,Success,CID332996,Mini,Frazer Town,Kengeri,35.0,100.0,Not Applicable,Not Applicable,No,Not Applicable,1132,Cash,2,3.9,4.1
2024-07-20 11:44:00,CNR9284583301,Success,CID669449,Auto,Devanahalli,Kengeri,196.0,115.0,Not Applicable,Not Applicable,No,Not Applicable,134,Cash,13,3.9,4.9
2024-07-30 16:26:00,CNR6456999620,Success,CID625639,Bike,Kengeri,Hebbal,196.0,70.0,Not Applicable,Not Applicable,No,Not Applicable,490,Cash,15,3.1,4.8
2024-07-05 19:31:00,CNR3691031324,Success,CID712867,Bike,Chamarajpet,Varthur,35.0,40.0,Not Applicable,Not Applicable,No,Not Applicable,116,UPI,33,3.7,3.2
2024-07-17 09:04:00,CNR6760433885,Success,CID683139,Auto,Magadi Road,Sarjapur Road,91.0,25.0,Not Applicable,Not Applicable,No,Not Applicable,139,UPI,3,4.8,4.4
2024-07-14 20:23:00,CNR8154767823,Success,CID886823,Prime Sedan,Rajajinagar,Padmanabhanagar,168.0,35.0,Not Applicable,Not Applicable,No,Not Applicable,400,UPI,18,4.8,3.1
2024-07-01 00:54:00,CNR5687691611,Success,CID646243,Auto,Marathahalli,Electronic City,77.0,145.0,Not Applicable,Not Applicable,No,Not Applicable,222,Cash,18,3.8,3.6
2024-07-01 15:04:00,CNR5432998930,Success,CID339823,Mini,Basavanagudi,Majestic,273.0,25.0,Not Applicable,Not Applicable,No,Not Applicable,264,UPI,49,3.2,3.3
2024-07-08 14:39:00,CNR2647731166,Canceled by Customer,CID541327,Auto,BTM Layout,Mysore Road,,,Wrong Address,Not Applicable,Not Applicable,Not Applicable,350,Not Applicable,0,,
2024-07-21 11:04:00,CNR9240557379,Success,CID928195,eBike,Ulsoor,JP Nagar,189.0,145.0,Not Applicable,Not Applicable,No,Not Applicable,312,Cash,30,3.6,4.2
2024-07-15 20:21:00,CNR8732616802,Driver Not Found,CID653519,Bike,Hosur Road,Hebbal,,,Not Applicable,Not Applicable,Not Applicable,Not Applicable,321,Not Applicable,0,,
2024-07-03 04:57:00,CNR5128167136,Driver Not Found,CID973860,Auto,Padmanabhanagar,Basavanagudi,,,Not Applicable,Not Applicable,Not Applicable,Not Applicable,485,Not Applicable,0,,
2024-07-15 16:57:00,CNR3212821812,Canceled by Customer,CID229132,Mini,Chickpet,Varthur,,,Change of plans,Not Applicable,Not Applicable,Not Applicable,242,Not Applicable,0,,
2024-07-26 11:28:00,CNR9684046911,Driver Not Found,CID351334,eBike,Nagarbhavi,Banashankari,,,Not Applicable,Not Applicable,Not Applicable,Not Applicable,589,Not Applicable,0,,
2024-07-12 16:36:00,CNR6347813688,Canceled by Customer,CID424357,Prime Sedan,Richmond Town,Rajajinagar,,,AC is Not working,Not Applicable,Not Applicable,Not Applicable,800,Not Applicable,0,,
2024-07-16 22:18:00,CNR8445387222,Canceled by Customer,CID403520,eBike,Yelahanka,Cox Town,,,Wrong Address,Not Applicable,Not Applicable,Not Applicable,973,Not Applicable,0,,
2024-07-09 14:10:00,CNR1224463345,Success,CID474711,Prime SUV,RT Nagar,Chickpet,154.0,70.0,Not Applicable,Not Applicable,No,Not Applicable,611,UPI,33,4.5,3.1
2024-07-14 18:20:00,CNR8058268170,Success,CID736998,Mini,Cox Town,Yelahanka,301.0,115.0,Not Applicable,Not Applicable,No,Not Applicable,494,Cash,38,3.3,3.7
2024-07-01 10:15:00,CNR9642749976,Success,CID327644,Bike,Banashankari,Nagarbhavi,238.0,115.0,Not Applicable,Not Applicable,No,Not Applicable,482,Credit Card,32,4.5,4.7
2024-07-25 21:02:00,CNR4225814563,Canceled by Driver,CID466385,Auto,Koramangala,Sahakar Nagar,,,Not Applicable,Personal & Car related issue,Not Applicable,Not Applicable,970,Not Applicable,0,,
2024-07-30 23:42:00,CNR7161417712,Canceled by Driver,CID572389,Auto,Sahakar Nagar,Electronic City,,,Not Applicable,More than permitted people in there,Not Applicable,Not Applicable,874,Not Applicable,0,,
2024-07-09 19:32:00,CNR8403377267,Success,CID197968,Mini,RT Nagar,Shantinagar,147.0,130.0,Not Applicable,Not Applicable,No,Not Applicable,1902,UPI,48,3.3,4.8
2024-07-25 18:34:00,CNR1437554072,Canceled by Driver,CID240446,Prime SUV,Shivajinagar,Rajajinagar,,,Not Applicable,Customer related issue,Not Applicable,Not Applicable,1179,Not Applicable,0,,
2024-07-20 05:42:00,CNR8006018071,Success,CID899102,Bike,Frazer Town,Majestic,238.0,120.0,Not Applicable,Not Applicable,No,Not Applicable,798,Cash,33,3.6,4.9
2024-07-18 02:05:00,CNR9483241945,Success,CID669152,Auto,Cox Town,Chickpet,112.0,105.0,Not Applicable,Not Applicable,No,Not Applicable,1154,Cash,2,4.8,4.4
2024-07-06 03:18:00,CNR2655739023,Success,CID118921,Prime Plus,Shantinagar,Hebbal,91.0,65.0,Not Applicable,Not Applicable,No,Not Applicable,1884,UPI,36,4.7,4.4
2024-07-16 05:14:00,CNR3651177292,Success,CID652179,eBike,Langford Town,Jayanagar,126.0,55.0,Not Applicable,Not Applicable,No,Not Applicable,435,Cash,3,4.4,3.7
2024-07-13 18:53:00,CNR1612891402,Success,CID257063,Prime SUV,Padmanabhanagar,Hebbal,259.0,55.0,Not Applicable,Not Applicable,No,Not Applicable,174,Cash,34,3.8,3.2
2024-07-29 01:47:00,CNR6112646018,Success,CID653698,Prime Plus,Banashankari,Nagarbhavi,280.0,70.0,Not Applicable,Not Applicable,No,Not Applicable,313,Credit Card,32,3.4,3.9
2024-07-20 22:06:00,CNR8478307039,Success,CID596450,Prime Plus,Sarjapur Road,Majestic,112.0,80.0,Not Applicable,Not Applicable,No,Not Applicable,430,Credit Card,31,4.1,4.5
2024-07-18 05:57:00,CNR9404256428,Success,CID494850,Auto,Chamarajpet,Yeshwanthpur,308.0,65.0,Not Applicable,Not Applicable,No,Not Applicable,173,UPI,6,3.1,3.6
2024-07-09 03:11:00,CNR9270082194,Driver Not Found,CID352364,Mini,BTM Layout,Mysore Road,,,Not Applicable,Not Applicable,Not Applicable,Not Applicable,130,Not Applicable,0,,
2024-07-21 04:58:00,CNR1812269840,Success,CID778897,Auto,Langford Town,MG Road,35.0,40.0,Not Applicable,Not Applicable,No,Not Applicable,158,UPI,12,3.8,3.7
2024-07-06 21:50:00,CNR5848258511,Success,CID786455,Prime Plus,JP Nagar,Koramangala,238.0,50.0,Not Applicable,Not Applicable,No,Not Applicable,198,Cash,43,3.3,3.3
2024-07-20 06:26:00,CNR7161574566,Success,CID432634,Mini,Devanahalli,Bellandur,189.0,30.0,Not Applicable,Not Applicable,No,Not Applicable,899,Cash,28,4.2,4.0
2024-07-18 09:29:00,CNR6473841005,Canceled by Driver,CID221545,eBike,Richmond Town,Mysore Road,,,Not Applicable,Personal & Car related issue,Not Applicable,Not Applicable,181,Not Applicable,0,,
2024-07-02 23:34:00,CNR9115452717,Success,CID505048,Prime Sedan,Chickpet,Basavanagudi,308.0,115.0,Not Applicable,Not Applicable,No,Not Applicable,136,UPI,6,4.7,3.9
2024-07-25 05:19:00,CNR4710054194,Success,CID928111,Prime SUV,Banashankari,Majestic,231.0,135.0,Not Applicable,Not Applicable,No,Not Applicable,826,Cash,12,4.8,3.9
2024-07-15 18:46:00,CNR5579621910,Success,CID951208,Prime Sedan,Ramamurthy Nagar,Hulimavu,287.0,100.0,Not Applicable,Not Applicable,No,Not Applicable,276,UPI,41,3.0,3.8
2024-07-01 16:17:00,CNR5436953922,Driver Not Found,CID299818,Prime SUV,Basavanagudi,Mysore Road,,,Not Applicable,Not Applicable,Not Applicable,Not Applicable,1499,Not Applicable,0,,
2024-07-26 07:32:00,CNR7493608421,Canceled by Driver,CID407319,Mini,Jayanagar,Yeshwanthpur,,,Not Applicable,Customer related issue,Not Applicable,Not Applicable,1700,Not Applicable,0,,
2024-07-24 13:12:00,CNR1617623372,Driver Not Found,CID801694,eBike,Electronic City,Mysore Road,,,Not Applicable,Not Applicable,Not Applicable,Not Applicable,966,Not Applicable,0,,
2024-07-22 14:47:00,CNR4598723305,Success,CID693100,Bike,Marathahalli,Chamarajpet,154.0,55.0,Not Applicable,Not Applicable,No,Not Applicable,414,Cash,13,4.6,3.2
2024-07-08 23:33:00,CNR8756794112,Canceled by Driver,CID471055,Auto,MG Road,Bannerghatta Road,,,Not Applicable,Customer related issue,Not Applicable,Not Applicable,824,Not Applicable,0,,
2024-07-02 17:46:00,CNR7213429546,Canceled by Driver,CID402543,Prime Sedan,Hulimavu,Sahakar Nagar,,,Not Applicable,Personal & Car related issue,Not Applicable,Not Applicable,471,Not Applicable,0,,
2024-07-17 08:30:00,CNR1694663393,Canceled by Driver,CID665075,eBike,Shantinagar,Richmond Town,,,Not Applicable,Personal & Car related issue,Not Applicable,Not Applicable,393,Not Applicable,0,,
2024-07-08 09:44:00,CNR9871918928,Canceled by Driver,CID811417,Prime SUV,Langford Town,Jayanagar,,,Not Applicable,More than permitted people in there,Not Applicable,Not Applicable,2502,Not Applicable,0,,
2024-07-07 23:11:00,CNR8181857572,Canceled by Driver,CID364808,Prime Plus,Kadugodi,Sahakar Nagar,,,Not Applicable,More than permitted people in there,Not Applicable,Not Applicable,450,Not Applicable,0,,
2024-07-19 10:42:00,CNR1077681624,Driver Not Found,CID998247,Mini,Kammanahalli,HSR Layout,,,Not Applicable,Not Applicable,Not Applicable,Not Applicable,308,Not Applicable,0,,
2024-07-09 22:45:00,CNR7171726412,Canceled by Driver,CID825052,Prime Plus,Indiranagar,Chickpet,,,Not Applicable,Customer related issue,Not Applicable,Not Applicable,420,Not Applicable,0,,
2024-07-10 01:35:00,CNR2625880470,Success,CID695893,Prime Sedan,Yeshwanthpur,Rajarajeshwari Nagar,112.0,65.0,Not Applicable,Not Applicable,No,Not Applicable,2161,Cash,39,3.9,4.3
2024-07-01 13:55:00,CNR6760534828,Success,CID929283,Auto,Majestic,Marathahalli,42.0,90.0,Not Applicable,Not Applicable,No,Not Applicable,119,Cash,11,4.1,3.7
2024-07-05 08:43:00,CNR6186581929,Canceled by Customer,CID707519,Prime Plus,Rajarajeshwari Nagar,Tumkur Road,,,AC is Not working,Not Applicable,Not Applicable,Not Applicable,470,Not Applicable,0,,
2024-07-12 01:46:00,CNR3491336062,Success,CID441527,Auto,Kengeri,Rajajinagar,63.0,50.0,Not Applicable,Not Applicable,No,Not Applicable,488,Cash,7,4.2,4.7
2024-07-03 03:34:00,CNR7626167278,Success,CID217547,Mini,Magadi Road,Cox Town,98.0,55.0,Not Applicable,Not Applicable,No,Not Applicable,471,UPI,39,3.2,3.4
2024-07-22 03:05:00,CNR1142617032,Success,CID698835,Prime SUV,Ulsoor,Peenya,91.0,65.0,Not Applicable,Not Applicable,No,Not Applicable,204,UPI,8,4.1,4.8
2024-07-22 17:08:00,CNR6718488103,Canceled by Driver,CID234472,Prime Sedan,Malleshwaram,Ramamurthy Nagar,,,Not Applicable,Customer related issue,Not Applicable,Not Applicable,365,Not Applicable,0,,
2024-07-15 20:22:00,CNR2817527677,Canceled by Driver,CID673252,Prime Sedan,Sarjapur Road,Hennur,,,Not Applicable,Customer related issue,Not Applicable,Not Applicable,989,Not Applicable,0,,
2024-07-03 19:26:00,CNR5765258609,Success,CID716402,Bike,Yelahanka,Jayanagar,245.0,55.0,Not Applicable,Not Applicable,No,Not Applicable,138,Cash,10,3.4,3.2
2024-07-19 18:56:00,CNR5278219018,Canceled by Customer,CID206365,Bike,Yelahanka,Bellandur,,,Driver is not moving towards pickup location,Not Applicable,Not Applicable,Not Applicable,575,Not Applicable,0,,
2024-07-18 06:25:00,CNR3207936183,Driver Not Found,CID636985,Bike,Vijayanagar,Basavanagudi,,,Not Applicable,Not Applicable,Not Applicable,Not Applicable,215,Not Applicable,0,,
2024-07-26 03:32:00,CNR8035202845,Canceled by Customer,CID370304,eBike,Majestic,MG Road,,,Driver is not moving towards pickup location,Not Applicable,Not Applicable,Not Applicable,354,Not Applicable,0,,
2024-07-23 11:07:00,CNR7093523519,Canceled by Driver,CID604606,Auto,Basavanagudi,JP Nagar,,,Not Applicable,More than permitted people in there,Not Applicable,Not Applicable,709,Not Applicable,0,,
2024-07-07 01:16:00,CNR6369880554,Driver Not Found,CID102526,Prime SUV,Sahakar Nagar,Mysore Road,,,Not Applicable,Not Applicable,Not Applicable,Not Applicable,329,Not Applicable,0,,
2024-07-16 03:46:00,CNR4792965056,Success,CID389033,Bike,HSR Layout,Majestic,56.0,95.0,Not Applicable,Not Applicable,No,Not Applicable,400,Cash,47,4.8,4.9
2024-07-07 00:58:00,CNR5615548028,Canceled by Driver,CID682206,Prime Sedan,Ramamurthy Nagar,Yeshwanthpur,,,Not Applicable,Customer related issue,Not Applicable,Not Applicable,814,Not Applicable,0,,
2024-07-08 05:37:00,CNR5630883735,Canceled by Customer,CID452829,Prime Sedan,JP Nagar,Hebbal,,,Change of plans,Not Applicable,Not Applicable,Not Applicable,500,Not Applicable,0,,
2024-07-04 03:11:00,CNR9937422256,Success,CID467508,Prime Plus,Langford Town,Nagarbhavi,175.0,40.0,Not Applicable,Not Applicable,No,Not Applicable,253,Cash,1,3.2,4.2
2024-07-16 21:53:00,CNR6280093836,Success,CID289889,Mini,MG Road,Majestic,140.0,145.0,Not Applicable,Not Applicable,No,Not Applicable,255,UPI,41,3.1,4.9
2024-07-14 10:52:00,CNR4319529369,Success,CID247292,eBike,Padmanabhanagar,Whitefield,259.0,25.0,Not Applicable,Not Applicable,No,Not Applicable,243,Cash,30,3.3,4.3
2024-07-03 02:32:00,CNR1622050530,Success,CID372152,eBike,Electronic City,Bannerghatta Road,133.0,25.0,Not Applicable,Not Applicable,No,Not Applicable,477,UPI,46,3.5,3.4
2024-07-08 11:00:00,CNR1546056544,Canceled by Customer,CID206417,Prime Sedan,Hebbal,Chickpet,,,Driver asked to cancel,Not Applicable,Not Applicable,Not Applicable,166,Not Applicable,0,,
2024-07-23 02:30:00,CNR4661012622,Success,CID798915,Prime SUV,Koramangala,Sahakar Nagar,63.0,55.0,Not Applicable,Not Applicable,No,Not Applicable,417,Cash,49,3.7,4.6
2024-07-05 16:18:00,CNR3031162069,Success,CID466016,Mini,Varthur,Peenya,259.0,125.0,Not Applicable,Not Applicable,No,Not Applicable,198,Cash,8,4.6,3.9
2024-07-04 00:29:00,CNR9431049733,Success,CID135841,Auto,Rajajinagar,Kengeri,63.0,50.0,Not Applicable,Not Applicable,No,Not Applicable,469,Cash,2,5.0,4.8
2024-07-14 15:31:00,CNR5525994298,Success,CID944187,Bike,Koramangala,Banashankari,98.0,85.0,Not Applicable,Not Applicable,No,Not Applicable,127,Cash,46,3.9,5.0
2024-07-14 20:16:00,CNR4842756559,Success,CID289482,Prime Sedan,Padmanabhanagar,Malleshwaram,238.0,110.0,Not Applicable,Not Applicable,No,Not Applicable,948,Cash,21,4.4,4.2
2024-07-11 04:01:00,CNR7537784497,Success,CID708156,Prime Sedan,Bellandur,Indiranagar,266.0,105.0,Not Applicable,Not Applicable,No,Not Applicable,453,Cash,38,3.8,4.7
2024-07-03 20:31:00,CNR5908915283,Success,CID308545,Bike,Nagarbhavi,Padmanabhanagar,56.0,45.0,Not Applicable,Not Applicable,No,Not Applicable,190,Cash,23,3.9,4.8
2024-07-26 11:26:00,CNR7643579187,Success,CID708352,eBike,Jayanagar,HSR Layout,84.0,90.0,Not Applicable,Not Applicable,No,Not Applicable,368,UPI,19,3.0,3.6
2024-07-21 08:58:00,CNR9157466672,Success,CID175532,Prime Plus,Cox Town,Tumkur Road,126.0,25.0,Not Applicable,Not Applicable,No,Not Applicable,239,UPI,24,4.7,4.1
2024-07-09 05:16:00,CNR7174158785,Driver Not Found,CID366685,Prime SUV,Ramamurthy Nagar,Tumkur Road,,,Not Applicable,Not Applicable,Not Applicable,Not Applicable,294,Not Applicable,0,,
2024-07-04 14:06:00,CNR5876850463,Success,CID252975,Prime Plus,Shivajinagar,HSR Layout,98.0,45.0,Not Applicable,Not Applicable,Yes,Vehicle Breakdown,185,UPI,43,3.9,4.6
2024-07-05 01:08:00,CNR8819373632,Canceled by Customer,CID224941,Prime Sedan,Majestic,Hebbal,,,Driver is not moving towards pickup location,Not Applicable,Not Applicable,Not Applicable,385,Not Applicable,0,,
2024-07-24 20:25:00,CNR6980629758,Driver Not Found,CID805428,Auto,Kadugodi,Indiranagar,,,Not Applicable,Not Applicable,Not Applicable,Not Applicable,466,Not Applicable,0,,
2024-07-17 06:05:00,CNR9142741460,Success,CID842712,Bike,Chickpet,Kengeri,56.0,120.0,Not Applicable,Not Applicable,Yes,Vehicle Breakdown,682,UPI,36,3.4,4.8
2024-07-30 06:57:00,CNR5067422309,Success,CID516631,eBike,Rajajinagar,Ulsoor,98.0,70.0,Not Applicable,Not Applicable,No,Not Applicable,2054,Cash,13,4.5,4.3
2024-07-05 20:00:00,CNR4981698963,Success,CID826799,Prime Sedan,RT Nagar,Sahakar Nagar,35.0,130.0,Not Applicable,Not Applicable,No,Not Applicable,332,Cash,40,3.7,4.1
2024-07-22 07:05:00,CNR9210607360,Success,CID346492,eBike,Ulsoor,Padmanabhanagar,280.0,120.0,Not Applicable,Not Applicable,Yes,Vehicle Breakdown,291,Cash,42,3.9,3.6
2024-07-14 20:17:00,CNR2343788208,Success,CID943393,Prime Plus,Bellandur,Kammanahalli,119.0,145.0,Not Applicable,Not Applicable,No,Not Applicable,2243,Cash,48,4.7,4.8
2024-07-25 10:47:00,CNR6366076348,Success,CID360646,Bike,Indiranagar,Bannerghatta Road,49.0,75.0,Not Applicable,Not Applicable,No,Not Applicable,413,Cash,4,3.4,4.9
2024-07-02 05:48:00,CNR1169610993,Success,CID602525,Prime Plus,Ramamurthy Nagar,Kammanahalli,112.0,140.0,Not Applicable,Not Applicable,No,Not Applicable,489,UPI,7,4.7,4.5
2024-07-21 10:37:00,CNR4115510136,Success,CID494688,Prime Plus,RT Nagar,Vijayanagar,105.0,130.0,Not Applicable,Not Applicable,No,Not Applicable,387,Cash,38,4.1,3.5
2024-07-24 02:30:00,CNR6531288751,Success,CID504480,Mini,Padmanabhanagar,Hosur Road,280.0,25.0,Not Applicable,Not Applicable,Yes,Customer Demand,187,Cash,46,4.1,3.4
2024-07-08 09:01:00,CNR7962651585,Success,CID200424,Prime Plus,Yelahanka,Frazer Town,259.0,105.0,Not Applicable,Not Applicable,No,Not Applicable,495,Cash,29,3.7,3.8
2024-07-09 13:06:00,CNR8824619997,Success,CID597447,eBike,Richmond Town,Ramamurthy Nagar,301.0,45.0,Not Applicable,Not Applicable,No,Not Applicable,526,Cash,30,3.3,3.4
2024-07-02 03:45:00,CNR9750689936,Success,CID509443,Prime Plus,Bellandur,Kammanahalli,252.0,110.0,Not Applicable,Not Applicable,No,Not Applicable,400,UPI,15,3.9,4.8
2024-07-21 21:32:00,CNR2235857224,Canceled by Driver,CID913522,Prime Sedan,Kengeri,Nagarbhavi,,,Not Applicable,Customer related issue,Not Applicable,Not Applicable,184,Not Applicable,0,,
2024-07-24 21:11:00,CNR3553302568,Canceled by Customer,CID371623,eBike,Devanahalli,Rajarajeshwari Nagar,,,Driver is not moving towards pickup location,Not Applicable,Not Applicable,Not Applicable,263,Not Applicable,0,,
2024-07-08 11:20:00,CNR8753904234,Canceled by Driver,CID427011,Prime Plus,Bellandur,Cox Town,,,Not Applicable,More than permitted people in there,Not Applicable,Not Applicable,861,Not Applicable,0,,
2024-07-21 11:59:00,CNR6949687216,Canceled by Driver,CID860927,Bike,BTM Layout,Basavanagudi,,,Not Applicable,Customer related issue,Not Applicable,Not Applicable,658,Not Applicable,0,,
2024-07-16 01:49:00,CNR4287304409,Success,CID750700,eBike,Rajajinagar,Bellandur,42.0,110.0,Not Applicable,Not Applicable,No,Not Applicable,468,UPI,31,4.9,3.6
2024-07-21 13:45:00,CNR2570694406,Driver Not Found,CID950629,Prime Sedan,Basavanagudi,KR Puram,,,Not Applicable,Not Applicable,Not Applicable,Not Applicable,157,Not Applicable,0,,
2024-07-12 19:29:00,CNR4160081662,Success,CID218265,eBike,Majestic,Jayanagar,133.0,40.0,Not Applicable,Not Applicable,Yes,Vehicle Breakdown,2522,UPI,14,3.9,3.8
2024-07-25 02:00:00,CNR3074238212,Success,CID441897,Prime Sedan,Hosur Road,MG Road,238.0,60.0,Not Applicable,Not Applicable,No,Not Applicable,852,UPI,19,4.0,4.9
2024-07-02 22:16:00,CNR7841599672,Canceled by Driver,CID437520,Bike,Padmanabhanagar,RT Nagar,,,Not Applicable,Customer related issue,Not Applicable,Not Applicable,243,Not Applicable,0,,
2024-07-03 21:18:00,CNR7345292171,Success,CID648053,eBike,JP Nagar,Shivajinagar,259.0,55.0,Not Applicable,Not Applicable,Yes,Vehicle Breakdown,621,Cash,23,3.7,3.9
2024-07-20 05:49:00,CNR4065925962,Success,CID503132,Bike,Mysore Road,Basavanagudi,168.0,60.0,Not Applicable,Not Applicable,No,Not Applicable,257,UPI,7,4.9,3.2
2024-07-17 18:43:00,CNR9430259246,Driver Not Found,CID666487,Bike,Kadugodi,Ramamurthy Nagar,,,Not Applicable,Not Applicable,Not Applicable,Not Applicable,841,Not Applicable,0,,
2024-07-18 21:46:00,CNR9001609765,Success,CID476256,eBike,Sahakar Nagar,Hosur Road,266.0,65.0,Not Applicable,Not Applicable,No,Not Applicable,512,Cash,32,3.7,4.3
2024-07-30 20:59:00,CNR6208547540,Success,CID958859,Bike,Yeshwanthpur,Hosur Road,42.0,55.0,Not Applicable,Not Applicable,No,Not Applicable,249,Cash,43,3.8,3.0
2024-07-20 16:04:00,CNR2836862139,Canceled by Driver,CID861535,Prime SUV,Basavanagudi,BTM Layout,,,Not Applicable,Customer related issue,Not Applicable,Not Applicable,105,Not Applicable,0,,
2024-07-17 15:52:00,CNR7177193563,Success,CID362564,Prime Sedan,Majestic,BTM Layout,119.0,140.0,Not Applicable,Not Applicable,No,Not Applicable,258,UPI,11,4.8,3.7
2024-07-25 15:13:00,CNR9313441029,Success,CID389043,Prime Plus,Electronic City,Hosur Road,224.0,90.0,Not Applicable,Not Applicable,No,Not Applicable,194,Cash,32,4.5,4.4
2024-07-19 09:53:00,CNR9213759631,Driver Not Found,CID163550,Prime Plus,Shivajinagar,Devanahalli,,,Not Applicable,Not Applicable,Not Applicable,Not Applicable,117,Not Applicable,0,,
2024-07-30 04:57:00,CNR4734130319,Success,CID265663,Prime SUV,Ramamurthy Nagar,Marathahalli,42.0,125.0,Not Applicable,Not Applicable,No,Not Applicable,893,Cash,8,4.6,4.1
2024-07-28 22:48:00,CNR1398419403,Success,CID741967,eBike,Sarjapur Road,Chickpet,196.0,110.0,Not Applicable,Not Applicable,No,Not Applicable,261,UPI,20,3.4,3.4
2024-07-17 02:59:00,CNR1811058653,Success,CID493619,Bike,Langford Town,Langford Town,259.0,40.0,Not Applicable,Not Applicable,No,Not Applicable,247,Cash,21,4.9,4.8
2024-07-10 23:41:00,CNR1741972517,Success,CID446315,Prime Sedan,JP Nagar,Ulsoor,126.0,40.0,Not Applicable,Not Applicable,No,Not Applicable,195,UPI,2,3.3,4.9
2024-07-09 13:48:00,CNR2044604601,Success,CID523416,Auto,Electronic City,Ulsoor,154.0,85.0,Not Applicable,Not Applicable,No,Not Applicable,339,UPI,13,4.9,3.3
2024-07-25 20:15:00,CNR3922733673,Canceled by Driver,CID545172,eBike,MG Road,Marathahalli,,,Not Applicable,Personal & Car related issue,Not Applicable,Not Applicable,336,Not Applicable,0,,
2024-07-06 12:50:00,CNR8803260627,Success,CID553704,Auto,Varthur,Frazer Town,91.0,65.0,Not Applicable,Not Applicable,No,Not Applicable,123,Cash,10,4.3,4.8
2024-07-27 16:39:00,CNR6819256185,Success,CID662811,Prime Sedan,Frazer Town,Koramangala,287.0,30.0,Not Applicable,Not Applicable,No,Not Applicable,340,UPI,42,4.5,3.4
2024-07-16 11:36:00,CNR3450712743,Success,CID252177,Bike,Yeshwanthpur,Majestic,196.0,125.0,Not Applicable,Not Applicable,No,Not Applicable,146,Credit Card,42,4.2,4.7
2024-07-08 04:37:00,CNR2453496263,Success,CID782023,eBike,Chickpet,Hennur,133.0,75.0,Not Applicable,Not Applicable,No,Not Applicable,648,Cash,5,4.2,4.4
2024-07-05 23:31:00,CNR4176468611,Success,CID195511,Prime SUV,Rajajinagar,Padmanabhanagar,217.0,110.0,Not Applicable,Not Applicable,No,Not Applicable,304,Cash,45,4.5,4.8
2024-07-25 01:41:00,CNR4207300817,Success,CID153374,Auto,Padmanabhanagar,Yelahanka,49.0,70.0,Not Applicable,Not Applicable,No,Not Applicable,941,Cash,5,3.5,4.6
2024-07-17 15:17:00,CNR6063700656,Success,CID216952,Auto,Basavanagudi,Shivajinagar,287.0,90.0,Not Applicable,Not Applicable,No,Not Applicable,1825,UPI,18,3.9,3.5
2024-07-08 20:19:00,CNR1804377895,Driver Not Found,CID397108,Bike,Cox Town,Bellandur,,,Not Applicable,Not Applicable,Not Applicable,Not Applicable,506,Not Applicable,0,,
2024-07-24 16:39:00,CNR4327518090,Success,CID611161,Prime Sedan,Varthur,RT Nagar,294.0,35.0,Not Applicable,Not Applicable,No,Not Applicable,180,Cash,36,3.2,3.4
2024-07-24 19:38:00,CNR7852636764,Success,CID543137,Bike,Hennur,Langford Town,210.0,135.0,Not Applicable,Not Applicable,No,Not Applicable,497,UPI,48,4.7,4.0
2024-07-19 13:02:00,CNR7101095638,Success,CID151287,Prime Plus,JP Nagar,Basavanagudi,63.0,30.0,Not Applicable,Not Applicable,No,Not Applicable,459,UPI,8,4.4,3.8
2024-07-09 07:24:00,CNR6603803437,Success,CID613481,Prime Sedan,HSR Layout,Indiranagar,182.0,140.0,Not Applicable,Not Applicable,No,Not Applicable,1688,UPI,26,3.7,3.6
2024-07-14 07:03:00,CNR7239950702,Canceled by Customer,CID709603,eBike,Frazer Town,Langford Town,,,Driver is not moving towards pickup location,Not Applicable,Not Applicable,Not Applicable,455,Not Applicable,0,,
2024-07-27 23:07:00,CNR2062698738,Success,CID160420,Auto,Vijayanagar,Langford Town,203.0,135.0,Not Applicable,Not Applicable,No,Not Applicable,498,UPI,9,4.8,4.9
2024-07-24 23:10:00,CNR2155309931,Canceled by Driver,CID434782,Auto,Vijayanagar,Indiranagar,,,Not Applicable,Customer related issue,Not Applicable,Not Applicable,490,Not Applicable,0,,
2024-07-02 19:36:00,CNR6465499320,Success,CID812867,eBike,JP Nagar,Nagarbhavi,189.0,30.0,Not Applicable,Not Applicable,No,Not Applicable,303,UPI,47,3.3,3.7
2024-07-22 14:52:00,CNR2195661303,Success,CID904965,Auto,JP Nagar,Indiranagar,294.0,110.0,Not Applicable,Not Applicable,No,Not Applicable,871,Cash,19,4.9,3.2
2024-07-25 18:07:00,CNR6504797906,Success,CID755935,Mini,Jayanagar,Hosur Road,287.0,135.0,Not Applicable,Not Applicable,No,Not Applicable,397,UPI,28,4.7,3.8
2024-07-25 17:48:00,CNR6468168541,Success,CID262285,Mini,Shivajinagar,Majestic,224.0,55.0,Not Applicable,Not Applicable,No,Not Applicable,250,Credit Card,13,4.5,4.7
2024-07-27 08:10:00,CNR2051830900,Canceled by Driver,CID140117,eBike,Koramangala,Koramangala,,,Not Applicable,Personal & Car related issue,Not Applicable,Not Applicable,127,Not Applicable,0,,
2024-07-13 08:10:00,CNR6895293987,Success,CID970086,Prime SUV,Richmond Town,Majestic,287.0,70.0,Not Applicable,Not Applicable,No,Not Applicable,300,Cash,26,4.5,3.7
2024-07-05 03:37:00,CNR6419663113,Driver Not Found,CID362987,eBike,Sahakar Nagar,Electronic City,,,Not Applicable,Not Applicable,Not Applicable,Not Applicable,467,Not Applicable,0,,
2024-07-11 19:27:00,CNR9726405396,Success,CID174604,Prime Sedan,Bannerghatta Road,Banashankari,189.0,60.0,Not Applicable,Not Applicable,No,Not Applicable,837,Cash,33,4.8,3.3
2024-07-03 01:38:00,CNR5696770539,Canceled by Driver,CID322946,eBike,Padmanabhanagar,Basavanagudi,,,Not Applicable,Customer related issue,Not Applicable,Not Applicable,113,Not Applicable,0,,
2024-07-12 15:49:00,CNR6857593668,Canceled by Customer,CID662228,eBike,Vijayanagar,Yeshwanthpur,,,Wrong Address,Not Applicable,Not Applicable,Not Applicable,246,Not Applicable,0,,
2024-07-12 21:10:00,CNR7293365233,Success,CID375131,Prime Sedan,Vijayanagar,KR Puram,77.0,95.0,Not Applicable,Not Applicable,No,Not Applicable,207,Cash,19,3.3,4.7
2024-07-05 02:02:00,CNR8437311546,Driver Not Found,CID371762,eBike,Varthur,Shantinagar,,,Not Applicable,Not Applicable,Not Applicable,Not Applicable,354,Not Applicable,0,,
2024-07-25 08:36:00,CNR6189860483,Success,CID410417,Prime Sedan,Jayanagar,Yeshwanthpur,301.0,25.0,Not Applicable,Not Applicable,No,Not Applicable,294,UPI,16,3.5,4.5
2024-07-07 14:01:00,CNR3563338197,Success,CID679195,eBike,Cox Town,Hosur Road,280.0,130.0,Not Applicable,Not Applicable,Yes,Vehicle Breakdown,296,UPI,5,3.8,3.2
2024-07-05 12:17:00,CNR6366183230,Canceled by Driver,CID756719,Bike,Chickpet,Hosur Road,,,Not Applicable,Customer related issue,Not Applicable,Not Applicable,102,Not Applicable,0,,
2024-07-03 22:32:00,CNR7396590831,Canceled by Customer,CID890623,Prime Sedan,Whitefield,Hebbal,,,Wrong Address,Not Applicable,Not Applicable,Not Applicable,199,Not Applicable,0,,
2024-07-29 17:34:00,CNR8524545318,Driver Not Found,CID590582,Prime SUV,JP Nagar,Sarjapur Road,,,Not Applicable,Not Applicable,Not Applicable,Not Applicable,363,Not Applicable,0,,
2024-07-19 17:36:00,CNR3792882446,Success,CID405463,Mini,Padmanabhanagar,Marathahalli,196.0,95.0,Not Applicable,Not Applicable,No,Not Applicable,2819,Cash,43,4.6,4.6
2024-07-04 23:26:00,CNR8316532078,Success,CID503524,Mini,Vijayanagar,JP Nagar,287.0,130.0,Not Applicable,Not Applicable,No,Not Applicable,217,UPI,32,3.5,5.0
2024-07-20 20:06:00,CNR5778426911,Success,CID788990,Bike,Magadi Road,HSR Layout,133.0,80.0,Not Applicable,Not Applicable,No,Not Applicable,398,Cash,27,3.2,3.6
2024-07-23 16:33:00,CNR7359616193,Canceled by Driver,CID478136,Auto,Frazer Town,MG Road,,,Not Applicable,Personal & Car related issue,Not Applicable,Not Applicable,677,Not Applicable,0,,
2024-07-30 09:23:00,CNR4528915808,Success,CID431810,Mini,Chickpet,Chickpet,231.0,100.0,Not Applicable,Not Applicable,No,Not Applicable,572,Cash,48,4.2,3.6
2024-07-15 03:13:00,CNR3512635709,Success,CID157037,Prime SUV,Mysore Road,Chamarajpet,273.0,45.0,Not Applicable,Not Applicable,No,Not Applicable,164,UPI,16,3.9,4.3
2024-07-03 13:50:00,CNR5096081293,Success,CID656227,Mini,Richmond Town,Kammanahalli,91.0,50.0,Not Applicable,Not Applicable,No,Not Applicable,100,Cash,15,3.8,3.2
2024-07-03 03:56:00,CNR5109748187,Success,CID827257,Mini,Magadi Road,Chickpet,175.0,130.0,Not Applicable,Not Applicable,No,Not Applicable,276,UPI,3,3.3,4.5
2024-07-06 09:13:00,CNR2572585477,Driver Not Found,CID817228,Prime SUV,Whitefield,Kadugodi,,,Not Applicable,Not Applicable,Not Applicable,Not Applicable,783,Not Applicable,0,,
2024-07-11 19:44:00,CNR7256572469,Success,CID656962,Prime SUV,Peenya,Yeshwanthpur,112.0,100.0,Not Applicable,Not Applicable,No,Not Applicable,145,UPI,24,4.6,4.6
2024-07-14 11:04:00,CNR9842628840,Success,CID595280,Mini,Hennur,Sahakar Nagar,91.0,80.0,Not Applicable,Not Applicable,No,Not Applicable,169,UPI,33,3.8,4.3
2024-07-25 20:11:00,CNR9254910506,Success,CID332570,Prime Sedan,Hulimavu,Electronic City,126.0,85.0,Not Applicable,Not Applicable,No,Not Applicable,160,Cash,2,3.7,3.2
2024-07-15 22:11:00,CNR2971942196,Canceled by Driver,CID971790,Prime Plus,Jayanagar,Chickpet,,,Not Applicable,Customer related issue,Not Applicable,Not Applicable,501,Not Applicable,0,,
2024-07-04 01:56:00,CNR3454555720,Canceled by Customer,CID441261,Prime SUV,Sahakar Nagar,Mysore Road,,,Driver is not moving towards pickup location,Not Applicable,Not Applicable,Not Applicable,357,Not Applicable,0,,
2024-07-29 22:51:00,CNR8299400169,Canceled by Customer,CID669825,Bike,Majestic,Bellandur,,,Driver is not moving towards pickup location,Not Applicable,Not Applicable,Not Applicable,626,Not Applicable,0,,
2024-07-19 16:13:00,CNR1318136276,Success,CID541864,Prime SUV,Jayanagar,Ulsoor,301.0,145.0,Not Applicable,Not Applicable,No,Not Applicable,765,UPI,27,3.2,3.9
2024-07-07 16:44:00,CNR7833192021,Success,CID236417,Auto,Kadugodi,Frazer Town,210.0,35.0,Not Applicable,Not Applicable,No,Not Applicable,664,Credit Card,3,3.7,4.1
2024-07-04 15:35:00,CNR1046006691,Success,CID719205,Bike,Sarjapur Road,Langford Town,280.0,45.0,Not Applicable,Not Applicable,No,Not Applicable,313,Cash,36,4.0,3.5
2024-07-07 01:18:00,CNR4404316764,Canceled by Customer,CID357626,Prime SUV,RT Nagar,Jayanagar,,,Wrong Address,Not Applicable,Not Applicable,Not Applicable,939,Not Applicable,0,,
2024-07-05 23:23:00,CNR8969577325,Success,CID791435,Bike,Varthur,HSR Layout,35.0,115.0,Not Applicable,Not Applicable,No,Not Applicable,440,Credit Card,35,4.9,3.3
2024-07-02 18:07:00,CNR5115748879,Success,CID583508,Bike,Shantinagar,Kammanahalli,42.0,35.0,Not Applicable,Not Applicable,No,Not Applicable,291,UPI,16,3.3,3.8
2024-07-07 21:38:00,CNR5872363203,Success,CID135908,Auto,Padmanabhanagar,Bellandur,98.0,30.0,Not Applicable,Not Applicable,No,Not Applicable,298,Cash,16,4.0,4.8
2024-07-27 09:24:00,CNR3658629954,Canceled by Driver,CID585798,Mini,Sahakar Nagar,Nagarbhavi,,,Not Applicable,Customer related issue,Not Applicable,Not Applicable,266,Not Applicable,0,,
2024-07-14 05:10:00,CNR7864061899,Canceled by Driver,CID762440,Auto,Malleshwaram,Kadugodi,,,Not Applicable,Personal & Car related issue,Not Applicable,Not Applicable,336,Not Applicable,0,,
2024-07-25 15:55:00,CNR4580637386,Canceled by Driver,CID850005,Mini,Hosur Road,Richmond Town,,,Not Applicable,Customer was coughing/sick,Not Applicable,Not Applicable,161,Not Applicable,0,,
2024-07-07 12:01:00,CNR2449606320,Success,CID605659,eBike,MG Road,Hosur Road,63.0,50.0,Not Applicable,Not Applicable,No,Not Applicable,138,Cash,4,3.7,4.1
2024-07-09 20:26:00,CNR3268372274,Success,CID391936,eBike,Banashankari,Varthur,84.0,90.0,Not Applicable,Not Applicable,No,Not Applicable,745,UPI,25,3.7,3.3
2024-07-08 13:53:00,CNR7348153867,Success,CID927854,Prime Plus,Chamarajpet,Nagarbhavi,196.0,135.0,Not Applicable,Not Applicable,No,Not Applicable,2491,Cash,11,5.0,3.9
2024-07-06 09:07:00,CNR9826549273,Success,CID540100,Bike,HSR Layout,Hosur Road,42.0,135.0,Not Applicable,Not Applicable,No,Not Applicable,297,Cash,42,3.9,3.9
2024-07-30 00:22:00,CNR2522558095,Canceled by Customer,CID479426,Prime Sedan,Indiranagar,Rajarajeshwari Nagar,,,Driver is not moving towards pickup location,Not Applicable,Not Applicable,Not Applicable,361,Not Applicable,0,,
2024-07-26 02:06:00,CNR7781598377,Canceled by Driver,CID579165,Prime Sedan,Hulimavu,Marathahalli,,,Not Applicable,Customer was coughing/sick,Not Applicable,Not Applicable,241,Not Applicable,0,,
2024-07-14 05:33:00,CNR8773382687,Driver Not Found,CID992353,Bike,Yeshwanthpur,Tumkur Road,,,Not Applicable,Not Applicable,Not Applicable,Not Applicable,579,Not Applicable,0,,
2024-07-17 21:58:00,CNR1214217994,Canceled by Driver,CID247121,Prime Sedan,Tumkur Road,Shantinagar,,,Not Applicable,Personal & Car related issue,Not Applicable,Not Applicable,1697,Not Applicable,0,,
2024-07-20 00:59:00,CNR8225736716,Success,CID623550,Auto,Banashankari,Nagarbhavi,168.0,25.0,Not Applicable,Not Applicable,No,Not Applicable,123,Cash,12,3.3,4.0
2024-07-27 00:37:00,CNR9563718092,Canceled by Customer,CID978711,Mini,MG Road,BTM Layout,,,Change of plans,Not Applicable,Not Applicable,Not Applicable,179,Not Applicable,0,,
2024-07-02 19:06:00,CNR3933520622,Success,CID460158,Prime SUV,Chickpet,Basavanagudi,140.0,45.0,Not Applicable,Not Applicable,No,Not Applicable,257,Credit Card,16,3.1,5.0
2024-07-14 16:20:00,CNR2679986781,Success,CID314238,Prime Plus,Bellandur,Chamarajpet,98.0,40.0,Not Applicable,Not Applicable,No,Not Applicable,167,Cash,4,4.5,3.5
2024-07-15 17:34:00,CNR3251141390,Success,CID868472,Prime SUV,Devanahalli,Rajajinagar,42.0,140.0,Not Applicable,Not Applicable,No,Not Applicable,166,UPI,21,3.9,3.6
2024-07-05 06:33:00,CNR1048535742,Canceled by Customer,CID270199,Prime SUV,Devanahalli,Ramamurthy Nagar,,,Driver asked to cancel,Not Applicable,Not Applicable,Not Applicable,893,Not Applicable,0,,
2024-07-11 16:04:00,CNR5487932685,Success,CID297451,Auto,Yeshwanthpur,KR Puram,224.0,110.0,Not Applicable,Not Applicable,No,Not Applicable,1832,UPI,13,3.3,3.4
2024-07-05 12:37:00,CNR8646805451,Success,CID377894,Mini,Chickpet,Kadugodi,70.0,65.0,Not Applicable,Not Applicable,No,Not Applicable,539,Cash,10,4.4,3.3
2024-07-13 00:27:00,CNR8363857015,Success,CID491733,Auto,Peenya,Indiranagar,105.0,65.0,Not Applicable,Not Applicable,No,Not Applicable,252,UPI,9,4.6,4.9
2024-07-01 21:30:00,CNR1737267830,Canceled by Driver,CID192537,Mini,Cox Town,Padmanabhanagar,,,Not Applicable,Personal & Car related issue,Not Applicable,Not Applicable,570,Not Applicable,0,,
2024-07-06 06:15:00,CNR4312269816,Success,CID324909,Prime SUV,KR Puram,Peenya,294.0,25.0,Not Applicable,Not Applicable,No,Not Applicable,680,Cash,18,4.4,3.5
2024-07-05 16:31:00,CNR9106870831,Success,CID851090,Mini,Electronic City,MG Road,308.0,25.0,Not Applicable,Not Applicable,No,Not Applicable,279,Cash,43,4.0,4.1
2024-07-08 02:26:00,CNR7998661739,Canceled by Driver,CID449197,Prime Plus,Electronic City,Chamarajpet,,,Not Applicable,Customer related issue,Not Applicable,Not Applicable,327,Not Applicable,0,,
2024-07-21 11:10:00,CNR1527727754,Driver Not Found,CID278695,Auto,Tumkur Road,Hebbal,,,Not Applicable,Not Applicable,Not Applicable,Not Applicable,345,Not Applicable,0,,
2024-07-11 22:44:00,CNR2427037132,Success,CID340241,Prime SUV,Cox Town,Bannerghatta Road,245.0,30.0,Not Applicable,Not Applicable,No,Not Applicable,1729,Cash,16,4.1,5.0
2024-07-20 16:55:00,CNR1880783588,Driver Not Found,CID559751,Mini,JP Nagar,Indiranagar,,,Not Applicable,Not Applicable,Not Applicable,Not Applicable,542,Not Applicable,0,,
2024-07-27 00:07:00,CNR2213287995,Success,CID106798,Auto,Bellandur,BTM Layout,49.0,85.0,Not Applicable,Not Applicable,No,Not Applicable,188,UPI,19,3.1,4.1
2024-07-06 00:41:00,CNR9332212304,Success,CID279627,Prime Plus,KR Puram,Banashankari,280.0,115.0,Not Applicable,Not Applicable,No,Not Applicable,536,Cash,2,3.6,3.4
2024-07-17 13:12:00,CNR1433807089,Success,CID521655,Mini,Koramangala,Nagarbhavi,231.0,55.0,Not Applicable,Not Applicable,No,Not Applicable,149,Cash,12,4.0,4.6
2024-07-19 11:49:00,CNR4333875749,Success,CID233203,Prime Sedan,Electronic City,HSR Layout,273.0,90.0,Not Applicable,Not Applicable,No,Not Applicable,188,UPI,10,3.3,3.9
2024-07-21 13:05:00,CNR1199993366,Driver Not Found,CID611895,Prime SUV,Chickpet,Koramangala,,,Not Applicable,Not Applicable,Not Applicable,Not Applicable,841,Not Applicable,0,,
2024-07-26 23:49:00,CNR3814179444,Success,CID564533,Prime SUV,Padmanabhanagar,Sahakar Nagar,140.0,120.0,Not Applicable,Not Applicable,No,Not Applicable,940,UPI,45,3.3,4.0
2024-07-25 14:31:00,CNR6379449547,Success,CID612943,Bike,Kengeri,Kammanahalli,252.0,140.0,Not Applicable,Not Applicable,No,Not Applicable,265,UPI,49,4.9,3.1
2024-07-19 13:17:00,CNR2941861672,Driver Not Found,CID614770,eBike,Varthur,Banashankari,,,Not Applicable,Not Applicable,Not Applicable,Not Applicable,393,Not Applicable,0,,
2024-07-23 16:43:00,CNR9828016793,Success,CID380713,Prime Plus,Magadi Road,Tumkur Road,175.0,45.0,Not Applicable,Not Applicable,No,Not Applicable,116,Cash,27,3.5,3.6
2024-07-03 18:35:00,CNR1480504962,Success,CID496361,eBike,Sarjapur Road,Yelahanka,49.0,80.0,Not Applicable,Not Applicable,No,Not Applicable,400,Credit Card,29,3.4,3.6
2024-07-26 03:04:00,CNR8995032531,Success,CID738838,Bike,MG Road,Tumkur Road,266.0,40.0,Not Applicable,Not Applicable,No,Not Applicable,318,Cash,8,3.8,4.8
2024-07-03 13:48:00,CNR8235071058,Success,CID129372,Mini,JP Nagar,Rajajinagar,287.0,60.0,Not Applicable,Not Applicable,Yes,Customer Demand,229,Cash,29,3.7,4.2
2024-07-06 23:11:00,CNR6100009573,Canceled by Driver,CID131861,Bike,MG Road,Shantinagar,,,Not Applicable,Customer related issue,Not Applicable,Not Applicable,1652,Not Applicable,0,,
2024-07-14 10:49:00,CNR6130380393,Canceled by Driver,CID862999,Mini,JP Nagar,Shivajinagar,,,Not Applicable,Customer related issue,Not Applicable,Not Applicable,178,Not Applicable,0,,
2024-07-28 14:33:00,CNR4401294266,Canceled by Driver,CID944643,Prime Sedan,Cox Town,Kammanahalli,,,Not Applicable,Customer related issue,Not Applicable,Not Applicable,135,Not Applicable,0,,
2024-07-16 01:15:00,CNR3182574800,Canceled by Driver,CID532053,Prime Sedan,Vijayanagar,Tumkur Road,,,Not Applicable,Personal & Car related issue,Not Applicable,Not Applicable,462,Not Applicable,0,,
2024-07-22 06:46:00,CNR5515593876,Success,CID302206,Auto,Tumkur Road,Kadugodi,224.0,90.0,Not Applicable,Not Applicable,No,Not Applicable,262,Cash,15,4.3,4.9
2024-07-11 14:19:00,CNR2860698693,Success,CID825142,Bike,Hebbal,Indiranagar,224.0,140.0,Not Applicable,Not Applicable,No,Not Applicable,398,UPI,31,3.5,4.5
2024-07-14 18:42:00,CNR1448446694,Canceled by Customer,CID608538,Auto,Tumkur Road,Kammanahalli,,,Driver asked to cancel,Not Applicable,Not Applicable,Not Applicable,704,Not Applicable,0,,
2024-07-16 06:45:00,CNR4158772282,Success,CID511009,Prime Sedan,MG Road,Richmond Town,133.0,45.0,Not Applicable,Not Applicable,No,Not Applicable,131,Cash,19,3.2,4.5
2024-07-15 17:35:00,CNR7950858509,Canceled by Driver,CID741289,Bike,Jayanagar,Kammanahalli,,,Not Applicable,Customer was coughing/sick,Not Applicable,Not Applicable,444,Not Applicable,0,,
2024-07-04 01:02:00,CNR2158860437,Driver Not Found,CID471548,Mini,Tumkur Road,Frazer Town,,,Not Applicable,Not Applicable,Not Applicable,Not Applicable,454,Not Applicable,0,,
2024-07-06 09:15:00,CNR5325500078,Canceled by Driver,CID384138,Mini,Vijayanagar,Banashankari,,,Not Applicable,Customer related issue,Not Applicable,Not Applicable,424,Not Applicable,0,,
2024-07-13 23:22:00,CNR4727963766,Success,CID899577,Bike,Hosur Road,Kengeri,259.0,30.0,Not Applicable,Not Applicable,No,Not Applicable,423,Debit Card,18,4.2,3.4
2024-07-13 02:10:00,CNR1962987752,Success,CID605592,Prime Sedan,Yeshwanthpur,Koramangala,210.0,100.0,Not Applicable,Not Applicable,No,Not Applicable,409,UPI,2,4.3,3.6
2024-07-09 02:29:00,CNR4526478624,Success,CID456755,Bike,Jayanagar,Cox Town,238.0,135.0,Not Applicable,Not Applicable,No,Not Applicable,293,UPI,39,3.6,4.6
2024-07-25 23:06:00,CNR7618979055,Success,CID897829,Prime Sedan,Chamarajpet,Kammanahalli,70.0,95.0,Not Applicable,Not Applicable,No,Not Applicable,966,Cash,47,3.6,4.0
2024-07-27 10:04:00,CNR4133606739,Canceled by Driver,CID746324,Bike,Magadi Road,Yelahanka,,,Not Applicable,More than permitted people in there,Not Applicable,Not Applicable,385,Not Applicable,0,,
2024-07-04 21:12:00,CNR8283417574,Canceled by Customer,CID445113,Prime Sedan,Chickpet,Hulimavu,,,Change of plans,Not Applicable,Not Applicable,Not Applicable,477,Not Applicable,0,,
2024-07-30 04:46:00,CNR2944908503,Success,CID750011,Auto,Sahakar Nagar,Kammanahalli,301.0,90.0,Not Applicable,Not Applicable,No,Not Applicable,110,UPI,15,3.6,3.2
2024-07-08 09:29:00,CNR4062576292,Driver Not Found,CID804061,Auto,Ulsoor,Kadugodi,,,Not Applicable,Not Applicable,Not Applicable,Not Applicable,169,Not Applicable,0,,
2024-07-22 08:03:00,CNR7498609822,Canceled by Customer,CID293661,eBike,Chickpet,Majestic,,,Driver asked to cancel,Not Applicable,Not Applicable,Not Applicable,499,Not Applicable,0,,
2024-07-03 15:45:00,CNR7985533624,Success,CID161219,Auto,Basavanagudi,Electronic City,98.0,85.0,Not Applicable,Not Applicable,Yes,Customer Demand,2936,UPI,5,4.1,3.2
2024-07-17 22:41:00,CNR3326364483,Canceled by Driver,CID824225,Prime Sedan,Hosur Road,Vijayanagar,,,Not Applicable,More than permitted people in there,Not Applicable,Not Applicable,649,Not Applicable,0,,
2024-07-13 07:34:00,CNR2243806310,Success,CID742912,Bike,Nagarbhavi,Hosur Road,259.0,40.0,Not Applicable,Not Applicable,No,Not Applicable,323,UPI,31,3.5,3.5
2024-07-05 06:15:00,CNR4323685554,Success,CID343308,Prime SUV,Electronic City,MG Road,252.0,25.0,Not Applicable,Not Applicable,No,Not Applicable,269,UPI,13,4.6,3.7
2024-07-05 13:21:00,CNR8380393022,Success,CID792444,Prime Sedan,Koramangala,Sarjapur Road,294.0,120.0,Not Applicable,Not Applicable,No,Not Applicable,1928,Cash,48,3.1,4.9
2024-07-12 23:21:00,CNR1446796132,Success,CID310165,Prime SUV,Padmanabhanagar,Nagarbhavi,70.0,100.0,Not Applicable,Not Applicable,No,Not Applicable,108,UPI,26,4.6,3.3
2024-07-08 12:55:00,CNR7149283924,Canceled by Driver,CID393475,Bike,Peenya,Shantinagar,,,Not Applicable,Customer related issue,Not Applicable,Not Applicable,149,Not Applicable,0,,
2024-07-04 10:52:00,CNR6406163845,Canceled by Driver,CID747678,Prime Plus,Magadi Road,Devanahalli,,,Not Applicable,Personal & Car related issue,Not Applicable,Not Applicable,292,Not Applicable,0,,
2024-07-03 16:21:00,CNR6442936799,Canceled by Driver,CID383900,Mini,Nagarbhavi,Malleshwaram,,,Not Applicable,Personal & Car related issue,Not Applicable,Not Applicable,126,Not Applicable,0,,
2024-07-21 06:23:00,CNR8479618500,Success,CID718565,eBike,Varthur,HSR Layout,224.0,90.0,Not Applicable,Not Applicable,No,Not Applicable,388,Cash,19,4.2,5.0
2024-07-07 23:25:00,CNR8514186278,Canceled by Customer,CID278259,Prime Sedan,Indiranagar,BTM Layout,,,Driver is not moving towards pickup location,Not Applicable,Not Applicable,Not Applicable,1195,Not Applicable,0,,
2024-07-29 04:48:00,CNR6186245660,Canceled by Customer,CID689806,Prime Plus,Ulsoor,Mysore Road,,,Driver is not moving towards pickup location,Not Applicable,Not Applicable,Not Applicable,389,Not Applicable,0,,
2024-07-15 12:08:00,CNR8135144782,Success,CID825158,Bike,BTM Layout,Sarjapur Road,238.0,70.0,Not Applicable,Not Applicable,No,Not Applicable,159,Cash,40,4.9,4.5
2024-07-13 09:33:00,CNR1259598317,Driver Not Found,CID269893,Mini,Banashankari,Magadi Road,,,Not Applicable,Not Applicable,Not Applicable,Not Applicable,469,Not Applicable,0,,
2024-07-17 12:50:00,CNR7827696362,Success,CID832113,Auto,Hebbal,Bellandur,98.0,95.0,Not Applicable,Not Applicable,No,Not Applicable,214,Cash,16,4.1,3.0
2024-07-28 07:26:00,CNR9684890463,Canceled by Driver,CID982191,Prime Sedan,Yelahanka,Banashankari,,,Not Applicable,More than permitted people in there,Not Applicable,Not Applicable,409,Not Applicable,0,,
2024-07-23 12:59:00,CNR1174795592,Success,CID505517,Prime SUV,Varthur,Tumkur Road,245.0,55.0,Not Applicable,Not Applicable,No,Not Applicable,430,UPI,47,3.8,3.6
2024-07-27 15:29:00,CNR6841151752,Success,CID955503,Prime Sedan,Ulsoor,Varthur,140.0,95.0,Not Applicable,Not Applicable,No,Not Applicable,2227,Cash,24,4.7,4.3
2024-07-02 18:51:00,CNR4574659395,Success,CID154126,Mini,Varthur,BTM Layout,56.0,35.0,Not Applicable,Not Applicable,No,Not Applicable,133,UPI,31,4.5,3.7
2024-07-04 10:42:00,CNR2798048597,Success,CID346169,Bike,MG Road,Cox Town,154.0,35.0,Not Applicable,Not Applicable,No,Not Applicable,435,UPI,29,3.7,3.7
2024-07-02 10:02:00,CNR6550794883,Canceled by Driver,CID504291,Auto,Kammanahalli,Richmond Town,,,Not Applicable,Personal & Car related issue,Not Applicable,Not Applicable,152,Not Applicable,0,,
2024-07-26 19:11:00,CNR3553747061,Success,CID566101,Prime Sedan,Hosur Road,Chamarajpet,182.0,110.0,Not Applicable,Not Applicable,Yes,Vehicle Breakdown,668,UPI,49,3.2,3.6
2024-07-24 05:02:00,CNR8983832721,Success,CID103205,Prime SUV,Richmond Town,Yelahanka,224.0,85.0,Not Applicable,Not Applicable,No,Not Applicable,662,UPI,26,4.5,3.8
2024-07-18 02:02:00,CNR5813944649,Success,CID114319,Mini,Nagarbhavi,Mysore Road,301.0,40.0,Not Applicable,Not Applicable,No,Not Applicable,494,UPI,12,3.2,3.8
2024-07-22 17:03:00,CNR5182321351,Canceled by Driver,CID156875,eBike,Cox Town,Shantinagar,,,Not Applicable,Personal & Car related issue,Not Applicable,Not Applicable,493,Not Applicable,0,,
2024-07-03 09:22:00,CNR9464473865,Success,CID222920,eBike,Mysore Road,KR Puram,287.0,120.0,Not Applicable,Not Applicable,No,Not Applicable,437,Cash,14,3.6,4.3
2024-07-12 07:36:00,CNR6777620621,Canceled by Customer,CID196231,Bike,Tumkur Road,Hosur Road,,,Driver asked to cancel,Not Applicable,Not Applicable,Not Applicable,747,Not Applicable,0,,
2024-07-04 12:41:00,CNR5091077424,Canceled by Driver,CID171263,Prime Sedan,Banashankari,Yelahanka,,,Not Applicable,Customer related issue,Not Applicable,Not Applicable,997,Not Applicable,0,,
2024-07-05 05:55:00,CNR4961764439,Success,CID268274,eBike,Whitefield,Ramamurthy Nagar,98.0,100.0,Not Applicable,Not Applicable,No,Not Applicable,306,Cash,49,5.0,4.1
2024-07-22 02:59:00,CNR6564921736,Success,CID874034,Auto,Bellandur,Kengeri,126.0,130.0,Not Applicable,Not Applicable,No,Not Applicable,421,Cash,11,4.6,3.0
2024-07-02 21:19:00,CNR8281862559,Canceled by Customer,CID315871,Prime SUV,Electronic City,Ramamurthy Nagar,,,Driver asked to cancel,Not Applicable,Not Applicable,Not Applicable,155,Not Applicable,0,,
2024-07-22 15:17:00,CNR2451783091,Success,CID459710,Bike,Rajajinagar,Mysore Road,252.0,60.0,Not Applicable,Not Applicable,No,Not Applicable,914,Cash,31,4.0,3.2
2024-07-02 05:09:00,CNR1454029911,Success,CID448180,Prime SUV,Koramangala,Nagarbhavi,140.0,90.0,Not Applicable,Not Applicable,No,Not Applicable,380,Cash,10,4.7,4.5
2024-07-02 07:33:00,CNR9205993696,Canceled by Driver,CID392144,Auto,Vijayanagar,Magadi Road,,,Not Applicable,Personal & Car related issue,Not Applicable,Not Applicable,510,Not Applicable,0,,
2024-07-01 22:13:00,CNR4244503653,Success,CID631685,eBike,Langford Town,Devanahalli,63.0,70.0,Not Applicable,Not Applicable,No,Not Applicable,383,Credit Card,19,4.7,3.9
2024-07-27 04:21:00,CNR4028875586,Canceled by Driver,CID890701,Prime Sedan,Ramamurthy Nagar,Cox Town,,,Not Applicable,Personal & Car related issue,Not Applicable,Not Applicable,192,Not Applicable,0,,
2024-07-15 16:13:00,CNR1594197155,Canceled by Driver,CID482348,Prime SUV,Sahakar Nagar,RT Nagar,,,Not Applicable,Customer was coughing/sick,Not Applicable,Not Applicable,230,Not Applicable,0,,
2024-07-10 01:52:00,CNR9562896208,Success,CID637005,Prime Sedan,Yeshwanthpur,BTM Layout,70.0,80.0,Not Applicable,Not Applicable,No,Not Applicable,488,Cash,30,4.4,3.0
2024-07-28 13:12:00,CNR9251006872,Success,CID191638,eBike,Rajajinagar,Bannerghatta Road,105.0,70.0,Not Applicable,Not Applicable,No,Not Applicable,734,UPI,8,4.5,4.0
2024-07-07 14:57:00,CNR1835257316,Success,CID485930,Bike,Sahakar Nagar,Rajajinagar,259.0,90.0,Not Applicable,Not Applicable,No,Not Applicable,719,Cash,15,3.8,4.8
2024-07-16 05:44:00,CNR5786300975,Success,CID913860,eBike,MG Road,Varthur,308.0,130.0,Not Applicable,Not Applicable,No,Not Applicable,300,Cash,22,3.2,4.8
2024-07-30 04:14:00,CNR4643684312,Canceled by Driver,CID389545,eBike,Magadi Road,Langford Town,,,Not Applicable,Personal & Car related issue,Not Applicable,Not Applicable,282,Not Applicable,0,,
2024-07-11 17:12:00,CNR9755130679,Success,CID778101,Prime SUV,JP Nagar,Kadugodi,224.0,140.0,Not Applicable,Not Applicable,No,Not Applicable,397,Cash,4,4.9,3.4
2024-07-17 17:23:00,CNR1144491695,Success,CID876003,Mini,Nagarbhavi,Rajarajeshwari Nagar,273.0,85.0,Not Applicable,Not Applicable,Yes,Customer Demand,135,Cash,15,4.9,3.1
2024-07-13 11:10:00,CNR3187134553,Success,CID131177,Mini,Kammanahalli,Hulimavu,133.0,105.0,Not Applicable,Not Applicable,No,Not Applicable,468,Cash,11,4.3,3.8
2024-07-10 15:36:00,CNR6380816223,Success,CID998697,Auto,Magadi Road,Bellandur,182.0,85.0,Not Applicable,Not Applicable,No,Not Applicable,729,Credit Card,2,5.0,4.5
2024-07-20 15:04:00,CNR8058375006,Success,CID608777,Mini,Kammanahalli,Magadi Road,63.0,60.0,Not Applicable,Not Applicable,No,Not Applicable,437,Cash,34,4.1,4.5
2024-07-15 05:25:00,CNR7797627805,Success,CID544408,Auto,Indiranagar,RT Nagar,126.0,40.0,Not Applicable,Not Applicable,No,Not Applicable,389,Cash,14,4.2,3.5
2024-07-28 17:05:00,CNR7440107479,Canceled by Customer,CID462005,Mini,Mysore Road,BTM Layout,,,Driver is not moving towards pickup location,Not Applicable,Not Applicable,Not Applicable,1249,Not Applicable,0,,
2024-07-10 13:33:00,CNR8041907033,Driver Not Found,CID425631,Prime Plus,Yeshwanthpur,Hulimavu,,,Not Applicable,Not Applicable,Not Applicable,Not Applicable,335,Not Applicable,0,,
2024-07-28 04:06:00,CNR7525814212,Driver Not Found,CID849749,Prime SUV,Kammanahalli,Richmond Town,,,Not Applicable,Not Applicable,Not Applicable,Not Applicable,369,Not Applicable,0,,
2024-07-29 14:43:00,CNR3226169186,Canceled by Customer,CID662723,Prime Plus,Vijayanagar,Rajajinagar,,,Change of plans,Not Applicable,Not Applicable,Not Applicable,216,Not Applicable,0,,
2024-07-11 06:59:00,CNR1388417411,Success,CID833458,Prime Sedan,BTM Layout,Kadugodi,154.0,95.0,Not Applicable,Not Applicable,No,Not Applicable,200,Cash,4,4.3,3.2
2024-07-30 04:30:00,CNR7590419025,Success,CID310228,Prime SUV,MG Road,Hulimavu,203.0,60.0,Not Applicable,Not Applicable,No,Not Applicable,295,Cash,12,3.5,3.2
2024-07-22 07:57:00,CNR4068284222,Canceled by Customer,CID307859,Auto,Indiranagar,Cox Town,,,Driver is not moving towards pickup location,Not Applicable,Not Applicable,Not Applicable,440,Not Applicable,0,,
2024-07-13 19:58:00,CNR7761185021,Canceled by Customer,CID690443,Mini,Jayanagar,MG Road,,,Change of plans,Not Applicable,Not Applicable,Not Applicable,670,Not Applicable,0,,
2024-07-29 07:44:00,CNR7914860528,Success,CID470110,Auto,Jayanagar,Mysore Road,245.0,75.0,Not Applicable,Not Applicable,No,Not Applicable,269,UPI,17,3.1,5.0
2024-07-18 08:39:00,CNR7732446416,Success,CID983785,Mini,Devanahalli,Shivajinagar,140.0,110.0,Not Applicable,Not Applicable,No,Not Applicable,388,Cash,9,4.9,3.7
2024-07-22 12:31:00,CNR8713695499,Success,CID348111,Prime Plus,Bannerghatta Road,Hulimavu,231.0,100.0,Not Applicable,Not Applicable,No,Not Applicable,199,Cash,31,4.1,3.0
2024-07-20 00:23:00,CNR3043451374,Canceled by Customer,CID725591,Prime Sedan,Cox Town,Electronic City,,,AC is Not working,Not Applicable,Not Applicable,Not Applicable,329,Not Applicable,0,,
2024-07-07 20:56:00,CNR3392232131,Success,CID918147,Auto,Bannerghatta Road,KR Puram,259.0,140.0,Not Applicable,Not Applicable,No,Not Applicable,267,Cash,9,4.3,3.1
2024-07-06 01:20:00,CNR9857242030,Success,CID171126,Prime Sedan,Sarjapur Road,Hosur Road,70.0,65.0,Not Applicable,Not Applicable,No,Not Applicable,934,Cash,4,4.5,3.2
2024-07-28 21:11:00,CNR7907538213,Canceled by Driver,CID140552,Prime Plus,MG Road,Frazer Town,,,Not Applicable,Personal & Car related issue,Not Applicable,Not Applicable,177,Not Applicable,0,,
2024-07-06 08:37:00,CNR8664665134,Success,CID135813,Auto,Hulimavu,Peenya,161.0,50.0,Not Applicable,Not Applicable,No,Not Applicable,2504,UPI,19,3.8,4.3
2024-07-22 21:34:00,CNR8695292909,Canceled by Customer,CID522295,Auto,Padmanabhanagar,Majestic,,,AC is Not working,Not Applicable,Not Applicable,Not Applicable,360,Not Applicable,0,,
2024-07-06 00:43:00,CNR6262988178,Success,CID354008,Prime Plus,Whitefield,Rajarajeshwari Nagar,140.0,115.0,Not Applicable,Not Applicable,No,Not Applicable,263,UPI,20,3.6,3.4
2024-07-18 03:35:00,CNR8551225705,Success,CID543913,Prime SUV,Varthur,Indiranagar,35.0,80.0,Not Applicable,Not Applicable,No,Not Applicable,296,UPI,28,4.5,4.5
2024-07-29 02:22:00,CNR1064404703,Success,CID879584,Bike,Indiranagar,Hulimavu,133.0,75.0,Not Applicable,Not Applicable,No,Not Applicable,291,UPI,14,4.4,3.9
2024-07-14 00:16:00,CNR4809167353,Success,CID585399,Prime Sedan,Indiranagar,Chickpet,308.0,25.0,Not Applicable,Not Applicable,No,Not Applicable,864,Cash,12,3.9,3.0
2024-07-07 07:12:00,CNR5242654448,Success,CID745359,eBike,Ramamurthy Nagar,Ramamurthy Nagar,112.0,140.0,Not Applicable,Not Applicable,No,Not Applicable,254,Cash,8,4.9,3.6
2024-07-05 16:36:00,CNR8443076807,Success,CID807364,Auto,KR Puram,Mysore Road,287.0,140.0,Not Applicable,Not Applicable,No,Not Applicable,547,UPI,11,3.8,4.4
2024-07-01 19:48:00,CNR2237065700,Success,CID205313,Prime SUV,Yelahanka,Mysore Road,203.0,30.0,Not Applicable,Not Applicable,No,Not Applicable,377,UPI,2,3.4,3.9
2024-07-29 11:18:00,CNR7695671320,Success,CID699671,Auto,Devanahalli,Ulsoor,91.0,65.0,Not Applicable,Not Applicable,No,Not Applicable,163,Cash,14,4.3,4.1
2024-07-27 00:32:00,CNR9564385766,Success,CID159832,Auto,BTM Layout,Indiranagar,280.0,90.0,Not Applicable,Not Applicable,No,Not Applicable,318,UPI,18,3.8,4.3
2024-07-23 19:42:00,CNR7967317272,Success,CID892880,Prime Plus,Sarjapur Road,Nagarbhavi,266.0,115.0,Not Applicable,Not Applicable,No,Not Applicable,2620,UPI,14,3.1,4.0
2024-07-28 01:26:00,CNR9862500220,Canceled by Driver,CID687140,Auto,MG Road,Tumkur Road,,,Not Applicable,Personal & Car related issue,Not Applicable,Not Applicable,1693,Not Applicable,0,,
2024-07-18 08:44:00,CNR9133075003,Canceled by Driver,CID122271,Bike,Shivajinagar,Cox Town,,,Not Applicable,Personal & Car related issue,Not Applicable,Not Applicable,187,Not Applicable,0,,
2024-07-24 23:16:00,CNR2960057707,Success,CID922709,Auto,Sahakar Nagar,Marathahalli,273.0,35.0,Not Applicable,Not Applicable,No,Not Applicable,2327,UPI,1,4.6,3.6
2024-07-03 00:06:00,CNR8330166909,Success,CID996876,eBike,JP Nagar,Cox Town,189.0,120.0,Not Applicable,Not Applicable,No,Not Applicable,788,Cash,43,5.0,3.6
2024-07-12 07:52:00,CNR5904503586,Driver Not Found,CID614369,Bike,Sahakar Nagar,Majestic,,,Not Applicable,Not Applicable,Not Applicable,Not Applicable,471,Not Applicable,0,,
2024-07-14 15:38:00,CNR1619226038,Success,CID234942,Mini,Ulsoor,Rajarajeshwari Nagar,42.0,75.0,Not Applicable,Not Applicable,No,Not Applicable,400,Cash,4,5.0,4.6
2024-07-14 08:41:00,CNR6237907627,Canceled by Driver,CID643585,Prime Sedan,Banashankari,Ulsoor,,,Not Applicable,Customer related issue,Not Applicable,Not Applicable,207,Not Applicable,0,,
2024-07-29 09:05:00,CNR1324799057,Canceled by Driver,CID400385,Mini,Langford Town,Marathahalli,,,Not Applicable,Personal & Car related issue,Not Applicable,Not Applicable,517,Not Applicable,0,,
2024-07-23 03:42:00,CNR7744579525,Canceled by Driver,CID773080,Mini,Mysore Road,Electronic City,,,Not Applicable,Personal & Car related issue,Not Applicable,Not Applicable,932,Not Applicable,0,,
2024-07-10 14:41:00,CNR8093072343,Success,CID238103,Mini,Chamarajpet,RT Nagar,133.0,35.0,Not Applicable,Not Applicable,No,Not Applicable,723,Cash,33,3.6,4.9
2024-07-06 23:42:00,CNR4844429599,Success,CID417359,Prime SUV,Kammanahalli,Electronic City,266.0,40.0,Not Applicable,Not Applicable,No,Not Applicable,787,UPI,10,3.6,4.7
2024-07-10 11:57:00,CNR4123949625,Success,CID858527,eBike,Kengeri,Hennur,224.0,65.0,Not Applicable,Not Applicable,No,Not Applicable,427,Cash,5,3.4,4.9
2024-07-03 02:14:00,CNR8415905175,Success,CID671454,Prime Plus,MG Road,Koramangala,70.0,125.0,Not Applicable,Not Applicable,No,Not Applicable,460,Cash,10,4.1,5.0
2024-07-04 11:58:00,CNR8618493212,Success,CID111736,Prime SUV,Tumkur Road,Majestic,196.0,60.0,Not Applicable,Not Applicable,No,Not Applicable,138,Cash,28,3.5,4.9
2024-07-07 01:01:00,CNR3253720604,Canceled by Driver,CID569600,Auto,JP Nagar,Sahakar Nagar,,,Not Applicable,Customer related issue,Not Applicable,Not Applicable,593,Not Applicable,0,,
2024-07-08 13:33:00,CNR3840283761,Canceled by Driver,CID720660,Auto,Bannerghatta Road,Magadi Road,,,Not Applicable,Customer was coughing/sick,Not Applicable,Not Applicable,352,Not Applicable,0,,
2024-07-16 23:29:00,CNR9018769018,Success,CID726485,Prime Sedan,Yelahanka,Kadugodi,112.0,55.0,Not Applicable,Not Applicable,No,Not Applicable,233,UPI,24,3.2,4.2
2024-07-14 21:16:00,CNR8089095978,Success,CID286486,Auto,Banashankari,BTM Layout,252.0,55.0,Not Applicable,Not Applicable,No,Not Applicable,505,Cash,1,4.7,3.5
2024-07-17 17:49:00,CNR6252710813,Success,CID616242,eBike,Frazer Town,Hennur,196.0,130.0,Not Applicable,Not Applicable,No,Not Applicable,616,Cash,12,3.6,3.3
2024-07-16 18:09:00,CNR8858882527,Success,CID320062,Prime SUV,RT Nagar,Hulimavu,105.0,120.0,Not Applicable,Not Applicable,No,Not Applicable,175,Cash,28,3.4,3.4
2024-07-20 21:25:00,CNR4107697599,Success,CID671241,Prime Plus,Langford Town,Varthur,140.0,105.0,Not Applicable,Not Applicable,No,Not Applicable,275,UPI,38,4.9,3.1
2024-07-26 10:16:00,CNR8623101447,Success,CID697876,Auto,Marathahalli,Hennur,77.0,105.0,Not Applicable,Not Applicable,No,Not Applicable,371,Cash,8,3.7,3.4
2024-07-17 23:04:00,CNR4782313496,Driver Not Found,CID899473,Bike,Vijayanagar,Bellandur,,,Not Applicable,Not Applicable,Not Applicable,Not Applicable,132,Not Applicable,0,,
2024-07-18 00:46:00,CNR1196225052,Success,CID613278,Prime Sedan,Chickpet,Hosur Road,105.0,95.0,Not Applicable,Not Applicable,No,Not Applicable,188,Cash,9,4.9,3.4
2024-07-15 04:56:00,CNR1362646394,Success,CID210498,eBike,Indiranagar,Bannerghatta Road,245.0,135.0,Not Applicable,Not Applicable,No,Not Applicable,435,Cash,32,3.9,3.7
2024-07-07 14:11:00,CNR8703145903,Canceled by Driver,CID873057,Bike,Yelahanka,Richmond Town,,,Not Applicable,Personal & Car related issue,Not Applicable,Not Applicable,640,Not Applicable,0,,
2024-07-25 15:44:00,CNR7709165807,Success,CID654112,Prime SUV,Malleshwaram,Majestic,147.0,105.0,Not Applicable,Not Applicable,No,Not Applicable,320,Cash,10,4.2,3.1
2024-07-18 06:08:00,CNR2432784984,Success,CID376863,Prime Sedan,Kadugodi,Bannerghatta Road,112.0,60.0,Not Applicable,Not Applicable,No,Not Applicable,2908,Cash,46,3.9,4.9
2024-07-28 21:19:00,CNR7352520164,Success,CID280676,Prime SUV,HSR Layout,Nagarbhavi,112.0,135.0,Not Applicable,Not Applicable,Yes,Vehicle Breakdown,294,Cash,8,3.8,3.3
2024-07-29 22:57:00,CNR6404375135,Success,CID172347,Bike,Devanahalli,Electronic City,35.0,35.0,Not Applicable,Not Applicable,No,Not Applicable,105,UPI,26,4.7,3.3
2024-07-02 21:13:00,CNR9704226556,Success,CID317448,Prime SUV,Yelahanka,Richmond Town,175.0,140.0,Not Applicable,Not Applicable,No,Not Applicable,475,UPI,3,3.7,4.8
2024-07-01 11:09:00,CNR5957804434,Success,CID923848,Auto,Ulsoor,Kengeri,196.0,130.0,Not Applicable,Not Applicable,No,Not Applicable,446,UPI,11,4.6,4.7
2024-07-07 03:38:00,CNR8316731201,Success,CID501001,eBike,Bellandur,Padmanabhanagar,308.0,55.0,Not Applicable,Not Applicable,No,Not Applicable,1586,Cash,43,4.8,4.4
2024-07-22 00:31:00,CNR6821967415,Canceled by Customer,CID762252,Auto,Electronic City,Nagarbhavi,,,Driver is not moving towards pickup location,Not Applicable,Not Applicable,Not Applicable,252,Not Applicable,0,,
2024-07-08 11:50:00,CNR3609057694,Canceled by Driver,CID294843,Prime Plus,Hebbal,HSR Layout,,,Not Applicable,More than permitted people in there,Not Applicable,Not Applicable,151,Not Applicable,0,,
2024-07-23 16:21:00,CNR5287955121,Success,CID307000,Auto,Whitefield,Magadi Road,266.0,55.0,Not Applicable,Not Applicable,No,Not Applicable,818,Cash,6,3.7,3.7
2024-07-22 19:56:00,CNR5624215676,Success,CID132212,Mini,Indiranagar,MG Road,63.0,125.0,Not Applicable,Not Applicable,No,Not Applicable,132,Cash,16,3.9,4.0
2024-07-24 04:26:00,CNR6403881653,Success,CID320592,Mini,Cox Town,Majestic,259.0,65.0,Not Applicable,Not Applicable,No,Not Applicable,151,UPI,44,4.5,4.9
2024-07-20 17:11:00,CNR6885677416,Driver Not Found,CID367397,Mini,Koramangala,Hosur Road,,,Not Applicable,Not Applicable,Not Applicable,Not Applicable,273,Not Applicable,0,,
2024-07-09 11:37:00,CNR3316727917,Canceled by Driver,CID635300,Prime SUV,Sahakar Nagar,Banashankari,,,Not Applicable,More than permitted people in there,Not Applicable,Not Applicable,1271,Not Applicable,0,,
2024-07-29 11:39:00,CNR2079819230,Canceled by Customer,CID733890,Mini,Sarjapur Road,Vijayanagar,,,AC is Not working,Not Applicable,Not Applicable,Not Applicable,228,Not Applicable,0,,
2024-07-03 19:40:00,CNR2951441241,Success,CID914645,Prime SUV,Bellandur,Marathahalli,112.0,40.0,Not Applicable,Not Applicable,No,Not Applicable,431,Cash,27,4.7,3.4
2024-07-26 18:06:00,CNR6746515582,Success,CID693866,Mini,Banashankari,Whitefield,245.0,70.0,Not Applicable,Not Applicable,No,Not Applicable,273,Cash,33,3.4,3.7
2024-07-03 22:45:00,CNR2142251546,Success,CID857022,eBike,Richmond Town,Peenya,231.0,50.0,Not Applicable,Not Applicable,No,Not Applicable,2530,UPI,24,4.5,3.9
2024-07-01 12:57:00,CNR1204478466,Driver Not Found,CID327200,Mini,RT Nagar,Varthur,,,Not Applicable,Not Applicable,Not Applicable,Not Applicable,1099,Not Applicable,0,,
2024-07-04 17:23:00,CNR7965809032,Driver Not Found,CID602996,eBike,Banashankari,Hennur,,,Not Applicable,Not Applicable,Not Applicable,Not Applicable,457,Not Applicable,0,,
2024-07-06 13:17:00,CNR4522174047,Canceled by Customer,CID790343,Prime Sedan,Koramangala,Jayanagar,,,Driver asked to cancel,Not Applicable,Not Applicable,Not Applicable,418,Not Applicable,0,,
2024-07-17 07:01:00,CNR2402549195,Success,CID489859,Mini,Hosur Road,Devanahalli,217.0,115.0,Not Applicable,Not Applicable,No,Not Applicable,142,UPI,48,4.7,4.8
2024-07-17 11:51:00,CNR6269067247,Success,CID508888,Auto,Bannerghatta Road,Hennur,105.0,35.0,Not Applicable,Not Applicable,No,Not Applicable,335,UPI,2,3.5,4.6
2024-07-18 01:40:00,CNR4340297536,Canceled by Driver,CID315755,Mini,Ulsoor,RT Nagar,,,Not Applicable,Customer related issue,Not Applicable,Not Applicable,141,Not Applicable,0,,
2024-07-02 20:36:00,CNR6844358928,Success,CID824738,Prime Plus,HSR Layout,Rajarajeshwari Nagar,98.0,70.0,Not Applicable,Not Applicable,No,Not Applicable,691,Cash,8,4.4,3.1
2024-07-07 22:21:00,CNR8789592730,Canceled by Customer,CID760551,Mini,Nagarbhavi,Magadi Road,,,Change of plans,Not Applicable,Not Applicable,Not Applicable,179,Not Applicable,0,,
2024-07-14 23:19:00,CNR2850040270,Success,CID296310,Mini,Chickpet,Marathahalli,252.0,70.0,Not Applicable,Not Applicable,No,Not Applicable,831,Cash,38,3.5,3.2
2024-07-29 00:07:00,CNR7381051162,Canceled by Driver,CID673907,Mini,Marathahalli,HSR Layout,,,Not Applicable,Customer related issue,Not Applicable,Not Applicable,156,Not Applicable,0,,
2024-07-28 15:12:00,CNR8853109173,Success,CID637440,Prime Sedan,Richmond Town,Malleshwaram,56.0,125.0,Not Applicable,Not Applicable,No,Not Applicable,1747,Cash,36,3.6,4.8
2024-07-28 13:09:00,CNR7146106158,Canceled by Driver,CID566690,Prime Plus,Yelahanka,Indiranagar,,,Not Applicable,Personal & Car related issue,Not Applicable,Not Applicable,312,Not Applicable,0,,
2024-07-26 07:14:00,CNR7464832183,Success,CID948493,Bike,Yelahanka,Nagarbhavi,63.0,45.0,Not Applicable,Not Applicable,No,Not Applicable,352,UPI,27,3.1,3.6
2024-07-23 18:19:00,CNR4820179460,Success,CID955087,Prime SUV,Whitefield,Tumkur Road,189.0,90.0,Not Applicable,Not Applicable,No,Not Applicable,185,Cash,48,3.3,3.3
2024-07-10 01:51:00,CNR8877496843,Success,CID652422,Prime SUV,Bannerghatta Road,Varthur,119.0,120.0,Not Applicable,Not Applicable,No,Not Applicable,388,UPI,8,3.1,4.4
2024-07-13 16:19:00,CNR5177670404,Success,CID475489,Prime Sedan,Koramangala,Kammanahalli,98.0,110.0,Not Applicable,Not Applicable,No,Not Applicable,144,Cash,46,4.8,4.3
2024-07-23 02:50:00,CNR9887278589,Canceled by Driver,CID187519,eBike,Chickpet,Kammanahalli,,,Not Applicable,Customer was coughing/sick,Not Applicable,Not Applicable,891,Not Applicable,0,,
2024-07-06 21:34:00,CNR1191444077,Success,CID473736,Prime Sedan,Basavanagudi,KR Puram,147.0,105.0,Not Applicable,Not Applicable,No,Not Applicable,392,UPI,10,4.1,4.1
2024-07-22 13:12:00,CNR5320095042,Canceled by Customer,CID865261,Prime Plus,Varthur,Peenya,,,Driver asked to cancel,Not Applicable,Not Applicable,Not Applicable,116,Not Applicable,0,,
2024-07-16 22:13:00,CNR4875441345,Canceled by Driver,CID561569,Prime Sedan,Magadi Road,JP Nagar,,,Not Applicable,Customer was coughing/sick,Not Applicable,Not Applicable,2256,Not Applicable,0,,
2024-07-19 14:34:00,CNR4248922109,Success,CID287027,Mini,Nagarbhavi,Hosur Road,301.0,70.0,Not Applicable,Not Applicable,No,Not Applicable,113,UPI,31,4.1,4.1
2024-07-22 00:04:00,CNR9564061291,Success,CID176272,Prime Sedan,Majestic,Sahakar Nagar,301.0,125.0,Not Applicable,Not Applicable,No,Not Applicable,352,Cash,1,3.9,4.6
2024-07-30 13:40:00,CNR1148267125,Success,CID809144,Prime SUV,KR Puram,Yelahanka,287.0,40.0,Not Applicable,Not Applicable,No,Not Applicable,471,UPI,16,4.2,4.6
2024-07-03 13:38:00,CNR4907367256,Driver Not Found,CID529255,Prime Sedan,Hosur Road,Koramangala,,,Not Applicable,Not Applicable,Not Applicable,Not Applicable,439,Not Applicable,0,,
2024-07-18 14:53:00,CNR7917958826,Success,CID547873,Prime Plus,Sarjapur Road,Hulimavu,280.0,75.0,Not Applicable,Not Applicable,No,Not Applicable,442,UPI,28,4.0,4.9
2024-07-08 01:02:00,CNR4874989422,Canceled by Driver,CID599803,Bike,Frazer Town,Peenya,,,Not Applicable,Personal & Car related issue,Not Applicable,Not Applicable,793,Not Applicable,0,,
2024-07-26 08:24:00,CNR4121847316,Canceled by Customer,CID383931,Mini,Shivajinagar,Tumkur Road,,,Driver is not moving towards pickup location,Not Applicable,Not Applicable,Not Applicable,402,Not Applicable,0,,
2024-07-26 02:52:00,CNR7248898371,Success,CID735481,Auto,Varthur,Kadugodi,224.0,50.0,Not Applicable,Not Applicable,No,Not Applicable,266,Cash,10,4.0,4.9
2024-07-08 12:46:00,CNR3983730454,Success,CID174851,Prime Plus,Basavanagudi,Sarjapur Road,287.0,60.0,Not Applicable,Not Applicable,No,Not Applicable,847,Cash,42,4.6,3.7
2024-07-06 18:34:00,CNR2619472687,Success,CID376991,Prime Sedan,Koramangala,Padmanabhanagar,98.0,80.0,Not Applicable,Not Applicable,No,Not Applicable,2682,UPI,18,4.3,4.8
2024-07-06 19:29:00,CNR3932618201,Success,CID782089,Mini,Marathahalli,Sahakar Nagar,49.0,35.0,Not Applicable,Not Applicable,No,Not Applicable,198,Cash,49,4.7,3.1
2024-07-29 17:28:00,CNR1831723522,Canceled by Customer,CID509536,Bike,Langford Town,Whitefield,,,Driver is not moving towards pickup location,Not Applicable,Not Applicable,Not Applicable,237,Not Applicable,0,,
2024-07-09 19:23:00,CNR3549369014,Success,CID927879,Prime Sedan,Rajajinagar,Vijayanagar,252.0,130.0,Not Applicable,Not Applicable,No,Not Applicable,537,UPI,25,4.2,4.7
2024-07-12 02:17:00,CNR1810635170,Success,CID820015,Prime SUV,Hebbal,Malleshwaram,245.0,40.0,Not Applicable,Not Applicable,No,Not Applicable,452,UPI,14,3.6,3.9
2024-07-13 14:39:00,CNR9676071059,Driver Not Found,CID572042,Prime Plus,Ulsoor,Basavanagudi,,,Not Applicable,Not Applicable,Not Applicable,Not Applicable,476,Not Applicable,0,,
2024-07-26 14:08:00,CNR3142788014,Canceled by Driver,CID131971,Bike,Sahakar Nagar,Yelahanka,,,Not Applicable,More than permitted people in there,Not Applicable,Not Applicable,956,Not Applicable,0,,
2024-07-24 06:48:00,CNR7901423810,Success,CID599844,eBike,Rajarajeshwari Nagar,Cox Town,231.0,60.0,Not Applicable,Not Applicable,No,Not Applicable,315,Cash,32,4.4,4.7
2024-07-26 04:40:00,CNR9628534871,Success,CID201506,Auto,Indiranagar,Bannerghatta Road,189.0,30.0,Not Applicable,Not Applicable,No,Not Applicable,153,Cash,19,3.3,3.4
2024-07-01 01:45:00,CNR7738658814,Success,CID274890,eBike,Whitefield,Shantinagar,42.0,140.0,Not Applicable,Not Applicable,No,Not Applicable,171,UPI,41,4.1,3.4
2024-07-21 01:25:00,CNR1955782271,Success,CID537472,Auto,Sahakar Nagar,JP Nagar,133.0,100.0,Not Applicable,Not Applicable,No,Not Applicable,361,Cash,6,5.0,3.8
2024-07-04 19:28:00,CNR2203063914,Success,CID963217,Auto,Ulsoor,Yelahanka,105.0,75.0,Not Applicable,Not Applicable,No,Not Applicable,394,UPI,13,3.8,4.2
2024-07-05 16:03:00,CNR3141291121,Success,CID902453,Prime Plus,Sarjapur Road,Varthur,154.0,50.0,Not Applicable,Not Applicable,No,Not Applicable,352,Cash,6,4.6,4.5
2024-07-05 08:07:00,CNR2947881930,Success,CID250513,Prime SUV,Chickpet,Rajarajeshwari Nagar,77.0,100.0,Not Applicable,Not Applicable,No,Not Applicable,717,UPI,14,3.7,4.9
2024-07-24 07:14:00,CNR9551329777,Canceled by Driver,CID406300,Prime Plus,BTM Layout,Hebbal,,,Not Applicable,Customer related issue,Not Applicable,Not Applicable,2980,Not Applicable,0,,
2024-07-26 15:02:00,CNR2095655886,Success,CID660541,Auto,Indiranagar,Banashankari,42.0,110.0,Not Applicable,Not Applicable,No,Not Applicable,1922,Cash,11,3.9,4.7
2024-07-02 01:45:00,CNR7677271214,Success,CID434785,Bike,Peenya,Sarjapur Road,161.0,135.0,Not Applicable,Not Applicable,No,Not Applicable,833,Cash,15,4.2,4.6
2024-07-24 19:15:00,CNR1730155064,Canceled by Customer,CID963714,Mini,JP Nagar,Hebbal,,,Change of plans,Not Applicable,Not Applicable,Not Applicable,938,Not Applicable,0,,
2024-07-26 09:37:00,CNR3725506767,Success,CID172375,Bike,Bellandur,Electronic City,77.0,95.0,Not Applicable,Not Applicable,No,Not Applicable,2720,UPI,9,4.3,3.1
2024-07-25 23:22:00,CNR8174701854,Canceled by Driver,CID132537,Prime SUV,Richmond Town,Mysore Road,,,Not Applicable,Customer related issue,Not Applicable,Not Applicable,266,Not Applicable,0,,
2024-07-04 19:25:00,CNR4841148517,Canceled by Customer,CID856979,Prime Plus,Electronic City,Rajarajeshwari Nagar,,,Change of plans,Not Applicable,Not Applicable,Not Applicable,135,Not Applicable,0,,
2024-07-18 12:12:00,CNR6899301167,Success,CID470056,Mini,Rajajinagar,Banashankari,126.0,120.0,Not Applicable,Not Applicable,No,Not Applicable,890,UPI,48,3.6,3.9
2024-07-15 11:03:00,CNR7632998483,Canceled by Driver,CID726139,Auto,Bannerghatta Road,Ramamurthy Nagar,,,Not Applicable,Customer related issue,Not Applicable,Not Applicable,321,Not Applicable,0,,
2024-07-20 08:24:00,CNR4498954835,Canceled by Driver,CID860579,Prime SUV,Bellandur,Koramangala,,,Not Applicable,Personal & Car related issue,Not Applicable,Not Applicable,158,Not Applicable,0,,
2024-07-27 09:44:00,CNR7989039777,Success,CID292359,Prime Sedan,Yelahanka,Marathahalli,252.0,45.0,Not Applicable,Not Applicable,No,Not Applicable,455,UPI,43,4.8,3.7
2024-07-09 23:42:00,CNR4834661492,Success,CID245307,Prime SUV,Shivajinagar,Tumkur Road,266.0,60.0,Not Applicable,Not Applicable,No,Not Applicable,771,Cash,8,3.0,3.9
2024-07-16 22:55:00,CNR9651230053,Success,CID131924,Prime Plus,Langford Town,Kengeri,238.0,40.0,Not Applicable,Not Applicable,No,Not Applicable,416,Cash,20,3.6,4.8
2024-07-02 12:07:00,CNR7545033339,Success,CID673825,Prime SUV,Varthur,Indiranagar,182.0,85.0,Not Applicable,Not Applicable,No,Not Applicable,249,Credit Card,11,4.0,3.5
2024-07-08 10:37:00,CNR2186390236,Canceled by Driver,CID383304,Bike,Bellandur,Hennur,,,Not Applicable,Personal & Car related issue,Not Applicable,Not Applicable,229,Not Applicable,0,,
2024-07-06 00:44:00,CNR9020636473,Success,CID869695,Bike,Magadi Road,Mysore Road,217.0,85.0,Not Applicable,Not Applicable,No,Not Applicable,326,Cash,36,3.6,4.1
2024-07-21 23:31:00,CNR2973597470,Canceled by Driver,CID511436,eBike,BTM Layout,Kadugodi,,,Not Applicable,Customer related issue,Not Applicable,Not Applicable,746,Not Applicable,0,,
2024-07-09 17:51:00,CNR8640915700,Canceled by Customer,CID752845,Prime SUV,Magadi Road,JP Nagar,,,Driver is not moving towards pickup location,Not Applicable,Not Applicable,Not Applicable,536,Not Applicable,0,,
2024-07-01 02:17:00,CNR4587521236,Success,CID985525,Prime Plus,Rajajinagar,Electronic City,126.0,50.0,Not Applicable,Not Applicable,No,Not Applicable,207,Cash,38,4.1,4.8
2024-07-04 04:53:00,CNR5458387748,Canceled by Customer,CID598084,Auto,Malleshwaram,Cox Town,,,Driver asked to cancel,Not Applicable,Not Applicable,Not Applicable,333,Not Applicable,0,,
2024-07-19 02:50:00,CNR8237768594,Success,CID556954,Mini,Varthur,Tumkur Road,70.0,30.0,Not Applicable,Not Applicable,No,Not Applicable,2448,Cash,45,3.6,5.0
2024-07-04 05:23:00,CNR8032459319,Success,CID661683,eBike,Banashankari,Sarjapur Road,280.0,90.0,Not Applicable,Not Applicable,No,Not Applicable,401,UPI,35,3.5,4.4
2024-07-17 09:11:00,CNR9077069145,Driver Not Found,CID331045,Bike,Yelahanka,Vijayanagar,,,Not Applicable,Not Applicable,Not Applicable,Not Applicable,170,Not Applicable,0,,
2024-07-27 08:48:00,CNR6191702038,Success,CID402729,Prime SUV,Kadugodi,Vijayanagar,119.0,85.0,Not Applicable,Not Applicable,No,Not Applicable,132,Cash,4,4.6,3.7
2024-07-01 23:26:00,CNR4140664685,Success,CID866209,Mini,Sahakar Nagar,Sarjapur Road,161.0,145.0,Not Applicable,Not Applicable,No,Not Applicable,118,Cash,40,4.3,4.0
2024-07-13 04:59:00,CNR1546222715,Canceled by Customer,CID115993,eBike,Hulimavu,Sarjapur Road,,,Driver is not moving towards pickup location,Not Applicable,Not Applicable,Not Applicable,586,Not Applicable,0,,
2024-07-28 00:40:00,CNR6572115056,Success,CID448417,Prime SUV,Magadi Road,Koramangala,245.0,145.0,Not Applicable,Not Applicable,No,Not Applicable,133,Debit Card,41,3.1,4.4
2024-07-13 07:02:00,CNR6752635878,Success,CID971233,Bike,Hebbal,Frazer Town,224.0,120.0,Not Applicable,Not Applicable,No,Not Applicable,455,Cash,1,4.9,3.3
2024-07-13 16:49:00,CNR4102241740,Success,CID876772,Prime Sedan,Langford Town,Koramangala,196.0,40.0,Not Applicable,Not Applicable,No,Not Applicable,155,UPI,14,4.4,3.0
2024-07-29 13:38:00,CNR2580875740,Driver Not Found,CID223117,Auto,BTM Layout,Frazer Town,,,Not Applicable,Not Applicable,Not Applicable,Not Applicable,1834,Not Applicable,0,,
2024-07-25 22:51:00,CNR2351546909,Canceled by Driver,CID160297,eBike,Rajajinagar,Hennur,,,Not Applicable,Personal & Car related issue,Not Applicable,Not Applicable,699,Not Applicable,0,,
2024-07-15 19:09:00,CNR3764538359,Success,CID923824,Prime SUV,Hulimavu,Langford Town,147.0,135.0,Not Applicable,Not Applicable,No,Not Applicable,293,Cash,6,4.4,4.0
2024-07-15 22:15:00,CNR2591047931,Success,CID680514,Mini,Vijayanagar,Banashankari,196.0,130.0,Not Applicable,Not Applicable,No,Not Applicable,824,Cash,41,4.5,3.0
2024-07-16 23:35:00,CNR8333122242,Success,CID786318,Bike,Majestic,HSR Layout,196.0,85.0,Not Applicable,Not Applicable,No,Not Applicable,226,Cash,27,4.0,3.7
2024-07-05 13:21:00,CNR9139469970,Driver Not Found,CID572818,Prime SUV,Malleshwaram,Hosur Road,,,Not Applicable,Not Applicable,Not Applicable,Not Applicable,342,Not Applicable,0,,
2024-07-23 21:11:00,CNR4312328135,Success,CID887221,Bike,Sahakar Nagar,Hennur,175.0,30.0,Not Applicable,Not Applicable,No,Not Applicable,490,Cash,48,3.1,3.5
2024-07-27 12:17:00,CNR9842168862,Success,CID283303,Mini,Koramangala,Kammanahalli,140.0,45.0,Not Applicable,Not Applicable,No,Not Applicable,937,Cash,39,4.4,4.2
2024-07-01 00:54:00,CNR6675806825,Canceled by Customer,CID885246,eBike,MG Road,Ulsoor,,,Wrong Address,Not Applicable,Not Applicable,Not Applicable,216,Not Applicable,0,,
2024-07-05 04:15:00,CNR1163746071,Success,CID187066,Auto,Chickpet,Hebbal,308.0,75.0,Not Applicable,Not Applicable,No,Not Applicable,176,Cash,10,4.3,4.0
2024-07-03 10:37:00,CNR1909640545,Canceled by Driver,CID978263,Prime Plus,BTM Layout,Hennur,,,Not Applicable,Personal & Car related issue,Not Applicable,Not Applicable,914,Not Applicable,0,,
2024-07-11 02:40:00,CNR7280624532,Success,CID935219,eBike,Hosur Road,Richmond Town,182.0,65.0,Not Applicable,Not Applicable,No,Not Applicable,246,Cash,24,4.6,3.7
2024-07-22 19:17:00,CNR5359869938,Success,CID983076,Mini,HSR Layout,Nagarbhavi,105.0,35.0,Not Applicable,Not Applicable,No,Not Applicable,234,Cash,22,4.4,4.0
2024-07-12 07:15:00,CNR1980478808,Success,CID327955,Prime Plus,Indiranagar,Majestic,266.0,55.0,Not Applicable,Not Applicable,No,Not Applicable,490,UPI,11,4.2,3.0
2024-07-11 09:08:00,CNR5176668302,Success,CID281644,Prime Sedan,Kengeri,Kammanahalli,182.0,65.0,Not Applicable,Not Applicable,No,Not Applicable,116,Cash,8,4.1,3.4
2024-07-11 02:30:00,CNR4532990546,Success,CID827981,Auto,Electronic City,Bannerghatta Road,154.0,120.0,Not Applicable,Not Applicable,No,Not Applicable,487,Cash,17,4.6,3.4
2024-07-03 15:31:00,CNR6912860348,Success,CID208689,Auto,Kengeri,Hulimavu,140.0,40.0,Not Applicable,Not Applicable,No,Not Applicable,497,Cash,6,4.8,4.4
2024-07-27 13:41:00,CNR6137643156,Success,CID233701,Bike,Yelahanka,RT Nagar,189.0,95.0,Not Applicable,Not Applicable,No,Not Applicable,160,UPI,11,3.0,4.2
2024-07-25 20:32:00,CNR1180672795,Success,CID973899,Auto,Bellandur,Jayanagar,308.0,145.0,Not Applicable,Not Applicable,No,Not Applicable,448,Cash,19,4.3,4.3
2024-07-14 06:27:00,CNR2621447192,Success,CID864053,Bike,Majestic,Majestic,91.0,65.0,Not Applicable,Not Applicable,No,Not Applicable,374,Cash,43,5.0,3.9
2024-07-19 23:53:00,CNR8102089583,Canceled by Customer,CID439069,Prime SUV,Yelahanka,Hulimavu,,,Driver is not moving towards pickup location,Not Applicable,Not Applicable,Not Applicable,339,Not Applicable,0,,
2024-07-11 14:22:00,CNR9707605504,Success,CID975627,Mini,Shivajinagar,Richmond Town,84.0,75.0,Not Applicable,Not Applicable,No,Not Applicable,104,Cash,21,3.5,4.6
2024-07-11 07:53:00,CNR8364352707,Success,CID283337,Mini,Devanahalli,Kammanahalli,77.0,135.0,Not Applicable,Not Applicable,No,Not Applicable,570,Cash,1,3.0,3.4
2024-07-22 08:12:00,CNR2757457986,Canceled by Driver,CID927308,eBike,Langford Town,Rajajinagar,,,Not Applicable,Personal & Car related issue,Not Applicable,Not Applicable,1050,Not Applicable,0,,
2024-07-09 10:59:00,CNR9638581233,Canceled by Driver,CID989617,Bike,Devanahalli,Tumkur Road,,,Not Applicable,Customer was coughing/sick,Not Applicable,Not Applicable,156,Not Applicable,0,,
2024-07-01 21:38:00,CNR1936975408,Canceled by Driver,CID655211,Bike,Malleshwaram,Banashankari,,,Not Applicable,Customer related issue,Not Applicable,Not Applicable,163,Not Applicable,0,,
2024-07-21 01:08:00,CNR7506693776,Driver Not Found,CID800316,Auto,Peenya,Nagarbhavi,,,Not Applicable,Not Applicable,Not Applicable,Not Applicable,415,Not Applicable,0,,
2024-07-29 04:25:00,CNR6019744995,Driver Not Found,CID236456,Prime Sedan,JP Nagar,Mysore Road,,,Not Applicable,Not Applicable,Not Applicable,Not Applicable,2030,Not Applicable,0,,
2024-07-13 16:24:00,CNR4527910214,Success,CID951239,Bike,Tumkur Road,Shivajinagar,119.0,135.0,Not Applicable,Not Applicable,No,Not Applicable,449,Cash,1,3.9,4.7
2024-07-21 12:59:00,CNR1509991995,Success,CID312254,Bike,Vijayanagar,Basavanagudi,224.0,35.0,Not Applicable,Not Applicable,No,Not Applicable,468,UPI,26,4.3,3.4
2024-07-26 16:03:00,CNR4835593413,Success,CID731441,Prime Plus,Hosur Road,Basavanagudi,77.0,80.0,Not Applicable,Not Applicable,No,Not Applicable,437,Cash,44,4.3,3.6
2024-07-14 14:24:00,CNR3083498512,Canceled by Driver,CID602684,Auto,Banashankari,Hebbal,,,Not Applicable,More than permitted people in there,Not Applicable,Not Applicable,746,Not Applicable,0,,
2024-07-09 18:43:00,CNR6862186101,Success,CID447764,Mini,RT Nagar,Langford Town,203.0,55.0,Not Applicable,Not Applicable,No,Not Applicable,857,UPI,2,4.8,3.7
2024-07-13 18:50:00,CNR5007313740,Canceled by Driver,CID618880,Auto,Marathahalli,Jayanagar,,,Not Applicable,Personal & Car related issue,Not Applicable,Not Applicable,244,Not Applicable,0,,
2024-07-23 19:47:00,CNR6931962531,Success,CID298388,Bike,Ramamurthy Nagar,Magadi Road,119.0,70.0,Not Applicable,Not Applicable,No,Not Applicable,131,UPI,35,3.4,5.0
2024-07-04 19:10:00,CNR4664854500,Canceled by Driver,CID270647,Auto,Shivajinagar,Koramangala,,,Not Applicable,More than permitted people in there,Not Applicable,Not Applicable,279,Not Applicable,0,,
2024-07-25 22:54:00,CNR9747517553,Success,CID845618,Prime SUV,Majestic,Basavanagudi,294.0,35.0,Not Applicable,Not Applicable,No,Not Applicable,590,Cash,22,3.4,4.3
2024-07-23 22:14:00,CNR1786194493,Driver Not Found,CID899334,eBike,Tumkur Road,Rajarajeshwari Nagar,,,Not Applicable,Not Applicable,Not Applicable,Not Applicable,451,Not Applicable,0,,
2024-07-21 06:18:00,CNR7944179115,Canceled by Driver,CID943701,eBike,Cox Town,Rajajinagar,,,Not Applicable,Customer was coughing/sick,Not Applicable,Not Applicable,212,Not Applicable,0,,
2024-07-19 10:03:00,CNR9770881338,Driver Not Found,CID516707,eBike,Indiranagar,Hennur,,,Not Applicable,Not Applicable,Not Applicable,Not Applicable,384,Not Applicable,0,,
2024-07-16 03:56:00,CNR8815407788,Canceled by Driver,CID381878,Mini,Sarjapur Road,Koramangala,,,Not Applicable,Personal & Car related issue,Not Applicable,Not Applicable,486,Not Applicable,0,,
2024-07-23 15:59:00,CNR2679208157,Success,CID573138,Auto,Cox Town,RT Nagar,196.0,125.0,Not Applicable,Not Applicable,No,Not Applicable,115,UPI,1,4.5,4.2
2024-07-06 04:28:00,CNR9953399622,Canceled by Driver,CID377253,Prime Plus,Mysore Road,Hulimavu,,,Not Applicable,More than permitted people in there,Not Applicable,Not Applicable,151,Not Applicable,0,,
2024-07-09 18:05:00,CNR4370355534,Success,CID434087,Prime Plus,BTM Layout,Rajarajeshwari Nagar,133.0,145.0,Not Applicable,Not Applicable,No,Not Applicable,387,Cash,46,4.1,4.2
2024-07-17 01:08:00,CNR6742627921,Success,CID356072,eBike,Kammanahalli,Kengeri,238.0,75.0,Not Applicable,Not Applicable,No,Not Applicable,313,UPI,47,3.2,4.3
2024-07-28 04:22:00,CNR8961344574,Canceled by Customer,CID680209,Auto,Shantinagar,Jayanagar,,,AC is Not working,Not Applicable,Not Applicable,Not Applicable,147,Not Applicable,0,,
2024-07-25 20:32:00,CNR2036687697,Canceled by Customer,CID168587,Prime Sedan,Sahakar Nagar,MG Road,,,Driver asked to cancel,Not Applicable,Not Applicable,Not Applicable,322,Not Applicable,0,,
2024-07-29 23:59:00,CNR2806953432,Success,CID264564,Auto,Langford Town,Kengeri,189.0,90.0,Not Applicable,Not Applicable,No,Not Applicable,1446,Cash,16,4.3,3.3
2024-07-13 12:06:00,CNR4388412383,Success,CID177363,Prime Sedan,Banashankari,Hebbal,294.0,85.0,Not Applicable,Not Applicable,No,Not Applicable,825,Cash,8,4.7,4.6
2024-07-25 14:53:00,CNR1995757424,Success,CID861902,Prime SUV,Nagarbhavi,Devanahalli,217.0,45.0,Not Applicable,Not Applicable,Yes,Customer Demand,397,Cash,11,4.6,4.9
2024-07-09 04:35:00,CNR5439780123,Success,CID495032,Mini,JP Nagar,Hennur,294.0,45.0,Not Applicable,Not Applicable,No,Not Applicable,624,UPI,25,4.4,4.8
2024-07-11 20:44:00,CNR3457169012,Success,CID811703,Prime Plus,Kadugodi,BTM Layout,119.0,60.0,Not Applicable,Not Applicable,No,Not Applicable,132,UPI,35,4.1,4.6
2024-07-02 05:24:00,CNR3019879014,Success,CID312829,Prime Sedan,Sahakar Nagar,RT Nagar,49.0,140.0,Not Applicable,Not Applicable,No,Not Applicable,581,UPI,10,4.4,4.0
2024-07-18 10:48:00,CNR4569715705,Success,CID790810,Prime Sedan,Shantinagar,Rajajinagar,63.0,25.0,Not Applicable,Not Applicable,No,Not Applicable,413,UPI,13,4.3,3.4
2024-07-11 18:32:00,CNR5344031194,Success,CID323923,eBike,Majestic,Varthur,105.0,45.0,Not Applicable,Not Applicable,No,Not Applicable,459,Cash,21,4.8,4.8
2024-07-01 22:57:00,CNR9748487028,Success,CID900017,Prime Plus,Varthur,Richmond Town,77.0,80.0,Not Applicable,Not Applicable,No,Not Applicable,931,Cash,29,3.7,4.7
2024-07-01 05:17:00,CNR2135890136,Success,CID674656,eBike,Richmond Town,Mysore Road,294.0,40.0,Not Applicable,Not Applicable,No,Not Applicable,759,UPI,29,4.7,4.3
2024-07-03 05:27:00,CNR5572408545,Success,CID232993,eBike,Padmanabhanagar,Basavanagudi,189.0,30.0,Not Applicable,Not Applicable,No,Not Applicable,335,Cash,3,3.1,4.4
2024-07-04 19:57:00,CNR8519155812,Success,CID733632,Mini,Hennur,Koramangala,147.0,65.0,Not Applicable,Not Applicable,No,Not Applicable,552,Cash,14,4.8,4.1
2024-07-22 16:52:00,CNR7270566074,Canceled by Driver,CID469400,Prime Sedan,Bannerghatta Road,Hebbal,,,Not Applicable,Personal & Car related issue,Not Applicable,Not Applicable,379,Not Applicable,0,,
2024-07-02 13:59:00,CNR1796463639,Success,CID889387,Bike,Shantinagar,Jayanagar,168.0,145.0,Not Applicable,Not Applicable,No,Not Applicable,334,UPI,38,4.7,3.0
2024-07-25 20:54:00,CNR2066219598,Canceled by Driver,CID360452,Mini,Hebbal,Koramangala,,,Not Applicable,Customer was coughing/sick,Not Applicable,Not Applicable,1728,Not Applicable,0,,
2024-07-24 23:36:00,CNR6315394314,Success,CID853852,Auto,Yelahanka,Ulsoor,224.0,140.0,Not Applicable,Not Applicable,Yes,Other Issue,195,UPI,3,3.3,4.8
2024-07-21 21:15:00,CNR1920653014,Success,CID323864,Prime Plus,Banashankari,Peenya,77.0,125.0,Not Applicable,Not Applicable,No,Not Applicable,252,UPI,25,3.1,4.1
2024-07-28 00:46:00,CNR8690388150,Success,CID783578,Auto,Sahakar Nagar,Indiranagar,287.0,105.0,Not Applicable,Not Applicable,No,Not Applicable,430,Cash,19,3.9,3.6
2024-07-03 07:49:00,CNR3641575653,Canceled by Driver,CID280079,Auto,RT Nagar,Kengeri,,,Not Applicable,Customer related issue,Not Applicable,Not Applicable,140,Not Applicable,0,,
2024-07-27 08:59:00,CNR2221081885,Success,CID161089,Auto,Jayanagar,Hebbal,49.0,80.0,Not Applicable,Not Applicable,No,Not Applicable,123,Credit Card,6,3.8,4.5
2024-07-15 20:39:00,CNR6328316736,Success,CID351090,Prime Plus,Rajajinagar,Jayanagar,259.0,30.0,Not Applicable,Not Applicable,No,Not Applicable,173,Cash,1,4.5,3.1
2024-07-15 06:06:00,CNR8413387150,Success,CID194603,Auto,Yelahanka,Sahakar Nagar,252.0,120.0,Not Applicable,Not Applicable,No,Not Applicable,1731,UPI,10,3.8,4.5
2024-07-18 10:03:00,CNR8187951231,Success,CID478558,Prime Sedan,Varthur,Devanahalli,224.0,25.0,Not Applicable,Not Applicable,No,Not Applicable,121,UPI,36,3.8,3.6
2024-07-12 03:10:00,CNR2062052944,Success,CID126741,Prime SUV,Sarjapur Road,Banashankari,182.0,140.0,Not Applicable,Not Applicable,No,Not Applicable,574,Cash,5,4.4,3.6
2024-07-11 22:48:00,CNR5429983008,Success,CID349729,eBike,Cox Town,BTM Layout,210.0,140.0,Not Applicable,Not Applicable,No,Not Applicable,103,UPI,1,4.4,3.1
2024-07-13 16:28:00,CNR1921791257,Success,CID460976,Prime Plus,Richmond Town,Frazer Town,231.0,80.0,Not Applicable,Not Applicable,No,Not Applicable,757,Cash,7,4.5,4.6
2024-07-30 22:45:00,CNR5323545678,Driver Not Found,CID620674,Prime SUV,Yeshwanthpur,Jayanagar,,,Not Applicable,Not Applicable,Not Applicable,Not Applicable,996,Not Applicable,0,,
2024-07-17 18:53:00,CNR7485680043,Success,CID282180,Mini,Bellandur,Nagarbhavi,280.0,75.0,Not Applicable,Not Applicable,No,Not Applicable,400,UPI,3,4.2,3.7
2024-07-17 11:08:00,CNR4539702550,Success,CID252345,Prime Sedan,Sahakar Nagar,Devanahalli,182.0,95.0,Not Applicable,Not Applicable,No,Not Applicable,1899,Credit Card,1,3.3,3.0
2024-07-03 22:19:00,CNR2455763843,Success,CID340672,Prime Plus,Basavanagudi,Indiranagar,56.0,40.0,Not Applicable,Not Applicable,No,Not Applicable,906,UPI,14,3.4,4.6
2024-07-06 08:50:00,CNR5778445282,Canceled by Driver,CID217718,Prime SUV,Langford Town,Vijayanagar,,,Not Applicable,Personal & Car related issue,Not Applicable,Not Applicable,371,Not Applicable,0,,
2024-07-09 14:04:00,CNR1434193215,Success,CID636265,Prime Sedan,Electronic City,Marathahalli,245.0,35.0,Not Applicable,Not Applicable,No,Not Applicable,178,Cash,39,3.0,3.1
2024-07-08 12:30:00,CNR9610178319,Canceled by Customer,CID540997,Prime Sedan,Bellandur,Shantinagar,,,Driver asked to cancel,Not Applicable,Not Applicable,Not Applicable,148,Not Applicable,0,,
2024-07-15 09:30:00,CNR1160045884,Success,CID732571,Bike,Kammanahalli,Rajajinagar,91.0,95.0,Not Applicable,Not Applicable,No,Not Applicable,405,UPI,3,3.2,3.3
2024-07-27 04:53:00,CNR2273112783,Success,CID919471,Prime Plus,Hennur,Chickpet,161.0,45.0,Not Applicable,Not Applicable,No,Not Applicable,805,Cash,14,3.4,3.5
2024-07-02 22:18:00,CNR5816248023,Canceled by Customer,CID785452,Prime SUV,HSR Layout,Chamarajpet,,,Driver asked to cancel,Not Applicable,Not Applicable,Not Applicable,284,Not Applicable,0,,
2024-07-25 20:05:00,CNR3437789484,Success,CID923814,eBike,Sahakar Nagar,Rajajinagar,84.0,110.0,Not Applicable,Not Applicable,No,Not Applicable,258,Cash,33,5.0,4.1
2024-07-27 07:08:00,CNR9713758465,Driver Not Found,CID964702,Bike,Peenya,Magadi Road,,,Not Applicable,Not Applicable,Not Applicable,Not Applicable,323,Not Applicable,0,,
2024-07-26 02:01:00,CNR3347595159,Canceled by Customer,CID849219,Prime Sedan,Padmanabhanagar,Indiranagar,,,Driver asked to cancel,Not Applicable,Not Applicable,Not Applicable,124,Not Applicable,0,,
2024-07-24 02:52:00,CNR8211875953,Driver Not Found,CID603958,Mini,Marathahalli,Basavanagudi,,,Not Applicable,Not Applicable,Not Applicable,Not Applicable,792,Not Applicable,0,,
2024-07-20 03:27:00,CNR1179077975,Success,CID141408,Auto,JP Nagar,Malleshwaram,140.0,95.0,Not Applicable,Not Applicable,No,Not Applicable,287,Cash,12,3.4,3.8
2024-07-11 05:46:00,CNR1228374725,Canceled by Driver,CID248314,eBike,Indiranagar,RT Nagar,,,Not Applicable,Personal & Car related issue,Not Applicable,Not Applicable,154,Not Applicable,0,,
2024-07-02 22:09:00,CNR4790024121,Success,CID531209,Bike,Yeshwanthpur,Malleshwaram,119.0,95.0,Not Applicable,Not Applicable,No,Not Applicable,415,UPI,26,4.5,3.1
2024-07-13 18:25:00,CNR3011662529,Success,CID470200,eBike,JP Nagar,Kammanahalli,56.0,30.0,Not Applicable,Not Applicable,No,Not Applicable,748,UPI,40,4.7,4.6
2024-07-12 17:40:00,CNR3693944736,Success,CID667339,eBike,Rajajinagar,Majestic,294.0,30.0,Not Applicable,Not Applicable,No,Not Applicable,957,Credit Card,39,4.1,3.8
2024-07-23 07:56:00,CNR6560415200,Canceled by Customer,CID823891,Auto,Langford Town,Shivajinagar,,,Driver is not moving towards pickup location,Not Applicable,Not Applicable,Not Applicable,122,Not Applicable,0,,
2024-07-16 13:04:00,CNR6164441256,Canceled by Customer,CID494009,Prime Plus,Ramamurthy Nagar,Devanahalli,,,Change of plans,Not Applicable,Not Applicable,Not Applicable,262,Not Applicable,0,,
2024-07-11 09:00:00,CNR7639583101,Canceled by Driver,CID281105,Prime SUV,Nagarbhavi,Richmond Town,,,Not Applicable,Personal & Car related issue,Not Applicable,Not Applicable,2714,Not Applicable,0,,
2024-07-14 07:09:00,CNR4378024106,Success,CID507266,Prime SUV,Shivajinagar,Magadi Road,42.0,115.0,Not Applicable,Not Applicable,No,Not Applicable,213,UPI,46,4.7,4.5
2024-07-02 20:47:00,CNR9438390119,Success,CID738932,Mini,Richmond Town,Magadi Road,154.0,40.0,Not Applicable,Not Applicable,No,Not Applicable,585,UPI,42,3.6,4.2
2024-07-29 20:27:00,CNR3637331832,Success,CID915872,Mini,KR Puram,Basavanagudi,182.0,125.0,Not Applicable,Not Applicable,No,Not Applicable,212,Cash,10,4.1,4.6
2024-07-19 15:07:00,CNR3598392140,Success,CID879645,Prime Sedan,Chamarajpet,Magadi Road,133.0,85.0,Not Applicable,Not Applicable,No,Not Applicable,524,Cash,42,4.2,3.4
2024-07-20 23:39:00,CNR5988997010,Success,CID435887,Mini,RT Nagar,Koramangala,245.0,145.0,Not Applicable,Not Applicable,No,Not Applicable,111,Cash,26,4.2,4.9
2024-07-29 08:31:00,CNR6353016406,Canceled by Customer,CID989228,Mini,Peenya,Tumkur Road,,,Driver is not moving towards pickup location,Not Applicable,Not Applicable,Not Applicable,1254,Not Applicable,0,,
2024-07-28 22:41:00,CNR8002222269,Success,CID272118,Prime SUV,Sahakar Nagar,Peenya,98.0,100.0,Not Applicable,Not Applicable,No,Not Applicable,739,Cash,46,4.9,3.5
2024-07-15 05:41:00,CNR3940292287,Success,CID719756,Mini,Peenya,Banashankari,266.0,95.0,Not Applicable,Not Applicable,No,Not Applicable,2559,Credit Card,3,3.7,4.2
2024-07-21 11:08:00,CNR2438658532,Canceled by Driver,CID512837,Auto,Vijayanagar,Magadi Road,,,Not Applicable,Customer related issue,Not Applicable,Not Applicable,2760,Not Applicable,0,,
2024-07-11 08:10:00,CNR7358378247,Success,CID362360,eBike,Hennur,Nagarbhavi,238.0,65.0,Not Applicable,Not Applicable,No,Not Applicable,303,UPI,20,4.0,3.0
2024-07-22 06:04:00,CNR1816487342,Success,CID542051,Auto,MG Road,Sahakar Nagar,56.0,30.0,Not Applicable,Not Applicable,No,Not Applicable,597,Cash,7,4.4,4.0
2024-07-08 13:07:00,CNR4952666855,Success,CID256472,eBike,Electronic City,Tumkur Road,203.0,140.0,Not Applicable,Not Applicable,No,Not Applicable,333,UPI,46,4.0,4.3
2024-07-19 14:01:00,CNR1383950702,Driver Not Found,CID553714,Prime Plus,Electronic City,Tumkur Road,,,Not Applicable,Not Applicable,Not Applicable,Not Applicable,305,Not Applicable,0,,
2024-07-26 17:36:00,CNR2481785600,Driver Not Found,CID696444,Mini,Nagarbhavi,Ramamurthy Nagar,,,Not Applicable,Not Applicable,Not Applicable,Not Applicable,749,Not Applicable,0,,
2024-07-26 08:00:00,CNR8339743750,Canceled by Driver,CID326297,Auto,Vijayanagar,Rajajinagar,,,Not Applicable,More than permitted people in there,Not Applicable,Not Applicable,428,Not Applicable,0,,
2024-07-12 10:07:00,CNR6503926551,Success,CID910735,Prime Sedan,Sahakar Nagar,Padmanabhanagar,238.0,45.0,Not Applicable,Not Applicable,No,Not Applicable,339,Cash,26,3.2,3.1
2024-07-14 20:02:00,CNR8694928611,Driver Not Found,CID325070,Auto,Hebbal,Yelahanka,,,Not Applicable,Not Applicable,Not Applicable,Not Applicable,137,Not Applicable,0,,
2024-07-27 00:02:00,CNR1453740358,Success,CID343045,eBike,Richmond Town,Jayanagar,77.0,125.0,Not Applicable,Not Applicable,Yes,Vehicle Breakdown,306,UPI,42,4.2,3.4
2024-07-16 02:08:00,CNR9892948219,Success,CID586524,Prime Sedan,Hulimavu,Chamarajpet,84.0,50.0,Not Applicable,Not Applicable,No,Not Applicable,468,Cash,3,3.9,4.6
2024-07-10 00:21:00,CNR6838387433,Success,CID914754,Prime SUV,Frazer Town,Kengeri,84.0,105.0,Not Applicable,Not Applicable,No,Not Applicable,415,Cash,41,4.1,4.5
2024-07-17 12:29:00,CNR3871139734,Success,CID732272,Prime Plus,Langford Town,Electronic City,245.0,125.0,Not Applicable,Not Applicable,No,Not Applicable,416,Cash,17,3.3,4.1
2024-07-09 21:03:00,CNR2930983373,Canceled by Customer,CID686471,Prime Plus,Whitefield,Jayanagar,,,AC is Not working,Not Applicable,Not Applicable,Not Applicable,385,Not Applicable,0,,
2024-07-04 15:15:00,CNR8083259259,Canceled by Driver,CID982842,Prime Sedan,Yelahanka,Koramangala,,,Not Applicable,Personal & Car related issue,Not Applicable,Not Applicable,318,Not Applicable,0,,
2024-07-21 10:01:00,CNR1844263133,Canceled by Driver,CID561293,Bike,Hosur Road,Rajajinagar,,,Not Applicable,Personal & Car related issue,Not Applicable,Not Applicable,1507,Not Applicable,0,,
2024-07-16 22:21:00,CNR1273787370,Success,CID960337,Mini,Hosur Road,Kammanahalli,119.0,140.0,Not Applicable,Not Applicable,Yes,Vehicle Breakdown,268,UPI,22,3.6,4.3
2024-07-30 01:37:00,CNR2787412612,Success,CID763115,Mini,Yeshwanthpur,RT Nagar,308.0,105.0,Not Applicable,Not Applicable,No,Not Applicable,388,Cash,14,4.0,3.2
2024-07-16 17:12:00,CNR3618860705,Success,CID244597,Prime Sedan,Marathahalli,Hebbal,119.0,125.0,Not Applicable,Not Applicable,No,Not Applicable,311,Debit Card,33,4.2,4.1
2024-07-15 05:40:00,CNR1393326922,Canceled by Customer,CID994848,Bike,RT Nagar,Koramangala,,,Driver is not moving towards pickup location,Not Applicable,Not Applicable,Not Applicable,361,Not Applicable,0,,
2024-07-18 13:49:00,CNR9608010134,Driver Not Found,CID685621,Prime Plus,Sahakar Nagar,Ramamurthy Nagar,,,Not Applicable,Not Applicable,Not Applicable,Not Applicable,333,Not Applicable,0,,
2024-07-08 04:24:00,CNR3990877905,Success,CID450141,Prime Plus,Majestic,Ulsoor,301.0,60.0,Not Applicable,Not Applicable,No,Not Applicable,597,Cash,17,3.0,3.0
2024-07-30 20:50:00,CNR5810852809,Success,CID429211,Prime SUV,Yeshwanthpur,Hennur,168.0,55.0,Not Applicable,Not Applicable,No,Not Applicable,623,UPI,16,3.0,4.0
2024-07-30 14:47:00,CNR5163090428,Success,CID263674,Prime Sedan,Hulimavu,KR Puram,105.0,55.0,Not Applicable,Not Applicable,No,Not Applicable,225,UPI,30,4.7,4.6
2024-07-27 07:15:00,CNR6101656409,Canceled by Driver,CID798368,Bike,Ramamurthy Nagar,Sahakar Nagar,,,Not Applicable,Personal & Car related issue,Not Applicable,Not Applicable,442,Not Applicable,0,,
2024-07-13 17:43:00,CNR8355376681,Success,CID520735,Prime SUV,Rajajinagar,KR Puram,196.0,100.0,Not Applicable,Not Applicable,No,Not Applicable,576,UPI,12,3.4,3.5
2024-07-15 04:24:00,CNR7083804880,Success,CID212241,Bike,Ramamurthy Nagar,Magadi Road,112.0,95.0,Not Applicable,Not Applicable,No,Not Applicable,486,UPI,1,3.4,4.4
2024-07-23 15:39:00,CNR4947852573,Canceled by Driver,CID138889,Prime Sedan,Marathahalli,Tumkur Road,,,Not Applicable,Customer related issue,Not Applicable,Not Applicable,492,Not Applicable,0,,
2024-07-29 15:58:00,CNR3033022597,Canceled by Driver,CID257110,Prime Plus,Varthur,Bellandur,,,Not Applicable,Customer related issue,Not Applicable,Not Applicable,435,Not Applicable,0,,
2024-07-08 07:15:00,CNR1794312214,Success,CID946707,Prime Plus,Banashankari,Tumkur Road,301.0,70.0,Not Applicable,Not Applicable,No,Not Applicable,438,UPI,21,3.2,4.0
2024-07-28 17:06:00,CNR4658861339,Success,CID301425,eBike,Sarjapur Road,Bellandur,266.0,145.0,Not Applicable,Not Applicable,Yes,Vehicle Breakdown,328,Cash,8,4.1,3.3
2024-07-22 20:11:00,CNR3901515180,Canceled by Driver,CID668240,Mini,HSR Layout,Hulimavu,,,Not Applicable,Personal & Car related issue,Not Applicable,Not Applicable,223,Not Applicable,0,,
2024-07-20 00:30:00,CNR9385503360,Canceled by Driver,CID284737,Auto,Chamarajpet,Sarjapur Road,,,Not Applicable,More than permitted people in there,Not Applicable,Not Applicable,995,Not Applicable,0,,
2024-07-27 11:39:00,CNR7180206532,Success,CID995580,Prime SUV,Yeshwanthpur,MG Road,147.0,35.0,Not Applicable,Not Applicable,No,Not Applicable,348,Cash,47,3.2,3.8
2024-07-15 18:12:00,CNR6881700085,Success,CID372273,eBike,Padmanabhanagar,Mysore Road,161.0,95.0,Not Applicable,Not Applicable,No,Not Applicable,855,Credit Card,6,4.0,4.1
2024-07-03 22:00:00,CNR7250447385,Success,CID205529,Auto,Bannerghatta Road,KR Puram,140.0,110.0,Not Applicable,Not Applicable,No,Not Applicable,832,Cash,17,3.7,4.4
2024-07-26 20:38:00,CNR7343495301,Canceled by Driver,CID756404,Bike,Whitefield,Hulimavu,,,Not Applicable,Personal & Car related issue,Not Applicable,Not Applicable,373,Not Applicable,0,,
2024-07-26 06:10:00,CNR9851148632,Success,CID450310,Prime Sedan,Mysore Road,Langford Town,301.0,60.0,Not Applicable,Not Applicable,No,Not Applicable,1695,UPI,37,4.3,3.8
2024-07-06 22:32:00,CNR4092628217,Success,CID975766,Prime Sedan,Yeshwanthpur,Nagarbhavi,189.0,105.0,Not Applicable,Not Applicable,No,Not Applicable,270,Cash,12,4.5,3.5
2024-07-15 12:51:00,CNR7570096390,Driver Not Found,CID807639,eBike,Kadugodi,Majestic,,,Not Applicable,Not Applicable,Not Applicable,Not Applicable,190,Not Applicable,0,,
2024-07-25 00:25:00,CNR6933820866,Success,CID795315,Prime SUV,Bellandur,Mysore Road,98.0,140.0,Not Applicable,Not Applicable,No,Not Applicable,2164,UPI,48,4.1,4.9
2024-07-10 19:58:00,CNR4856205137,Success,CID392214,Prime Plus,RT Nagar,Banashankari,308.0,60.0,Not Applicable,Not Applicable,No,Not Applicable,237,Cash,49,3.8,4.4
2024-07-22 01:06:00,CNR7157892494,Canceled by Customer,CID714173,Prime SUV,Whitefield,Devanahalli,,,Driver asked to cancel,Not Applicable,Not Applicable,Not Applicable,518,Not Applicable,0,,
2024-07-08 12:08:00,CNR9783497471,Success,CID918823,Prime SUV,Hebbal,Electronic City,119.0,60.0,Not Applicable,Not Applicable,No,Not Applicable,289,UPI,4,3.9,3.5
2024-07-14 12:47:00,CNR9071664724,Success,CID608401,eBike,Whitefield,Rajarajeshwari Nagar,98.0,70.0,Not Applicable,Not Applicable,No,Not Applicable,505,Cash,43,3.0,4.6
2024-07-21 03:40:00,CNR9145607800,Canceled by Driver,CID166229,Prime Plus,RT Nagar,KR Puram,,,Not Applicable,Personal & Car related issue,Not Applicable,Not Applicable,164,Not Applicable,0,,
2024-07-13 09:06:00,CNR5197343404,Canceled by Customer,CID940975,Prime Plus,Kadugodi,Koramangala,,,Driver is not moving towards pickup location,Not Applicable,Not Applicable,Not Applicable,471,Not Applicable,0,,
2024-07-06 08:07:00,CNR4278064788,Success,CID654583,eBike,Ramamurthy Nagar,HSR Layout,287.0,80.0,Not Applicable,Not Applicable,No,Not Applicable,515,Cash,13,3.3,3.0
2024-07-13 15:19:00,CNR1921269089,Success,CID140812,Prime Sedan,HSR Layout,Sahakar Nagar,140.0,30.0,Not Applicable,Not Applicable,No,Not Applicable,117,UPI,48,3.9,3.1
2024-07-13 18:55:00,CNR8843622107,Success,CID113394,eBike,Kadugodi,Marathahalli,154.0,30.0,Not Applicable,Not Applicable,No,Not Applicable,113,UPI,19,3.8,4.4
2024-07-25 03:13:00,CNR6054182373,Success,CID304453,Bike,MG Road,Electronic City,126.0,50.0,Not Applicable,Not Applicable,No,Not Applicable,256,Credit Card,41,4.8,4.3
2024-07-10 14:33:00,CNR6978756867,Success,CID115540,Prime SUV,Hulimavu,Magadi Road,140.0,145.0,Not Applicable,Not Applicable,No,Not Applicable,265,UPI,32,4.5,4.4
2024-07-27 10:01:00,CNR8547466630,Success,CID366339,eBike,Langford Town,Mysore Road,238.0,60.0,Not Applicable,Not Applicable,No,Not Applicable,119,Cash,21,4.5,3.5
2024-07-06 14:55:00,CNR2158189962,Canceled by Customer,CID960338,Prime Sedan,Chamarajpet,Magadi Road,,,Driver asked to cancel,Not Applicable,Not Applicable,Not Applicable,326,Not Applicable,0,,
2024-07-30 15:57:00,CNR1944602684,Success,CID487165,eBike,Hennur,Basavanagudi,147.0,145.0,Not Applicable,Not Applicable,No,Not Applicable,818,Cash,46,4.2,4.9
2024-07-29 01:15:00,CNR7982358532,Success,CID860180,Prime SUV,Chickpet,Malleshwaram,231.0,120.0,Not Applicable,Not Applicable,No,Not Applicable,294,UPI,38,5.0,3.8
2024-07-04 19:59:00,CNR3528627623,Canceled by Customer,CID759527,Prime Plus,Ramamurthy Nagar,Jayanagar,,,Change of plans,Not Applicable,Not Applicable,Not Applicable,1489,Not Applicable,0,,
2024-07-27 06:07:00,CNR1801181757,Canceled by Driver,CID716019,Prime Plus,Kammanahalli,Frazer Town,,,Not Applicable,Personal & Car related issue,Not Applicable,Not Applicable,489,Not Applicable,0,,
2024-07-13 09:19:00,CNR1860707264,Canceled by Driver,CID844141,Prime SUV,JP Nagar,Devanahalli,,,Not Applicable,Personal & Car related issue,Not Applicable,Not Applicable,418,Not Applicable,0,,
2024-07-23 09:58:00,CNR5658926903,Canceled by Customer,CID191626,Prime Plus,Vijayanagar,Sarjapur Road,,,Driver asked to cancel,Not Applicable,Not Applicable,Not Applicable,395,Not Applicable,0,,
2024-07-30 18:06:00,CNR5136965651,Success,CID312122,Bike,BTM Layout,Langford Town,308.0,90.0,Not Applicable,Not Applicable,No,Not Applicable,106,UPI,38,4.0,3.3
2024-07-10 21:24:00,CNR6916351148,Driver Not Found,CID893606,Prime Sedan,MG Road,Cox Town,,,Not Applicable,Not Applicable,Not Applicable,Not Applicable,485,Not Applicable,0,,
2024-07-01 18:02:00,CNR5433392513,Success,CID976781,Auto,Majestic,Peenya,154.0,90.0,Not Applicable,Not Applicable,No,Not Applicable,118,UPI,1,3.7,3.2
2024-07-19 21:13:00,CNR5737125593,Success,CID568743,Bike,Bellandur,Electronic City,42.0,40.0,Not Applicable,Not Applicable,No,Not Applicable,726,UPI,37,3.1,3.0
2024-07-14 16:01:00,CNR8569823286,Success,CID110677,Auto,Shantinagar,Whitefield,266.0,75.0,Not Applicable,Not Applicable,No,Not Applicable,293,UPI,13,3.0,3.3
2024-07-15 00:53:00,CNR7241549202,Success,CID831986,Prime Plus,Peenya,Shivajinagar,287.0,105.0,Not Applicable,Not Applicable,No,Not Applicable,831,UPI,15,4.7,4.4
2024-07-27 10:57:00,CNR9328635037,Success,CID581762,Bike,Varthur,Hosur Road,84.0,140.0,Not Applicable,Not Applicable,No,Not Applicable,325,Cash,13,3.2,3.5
2024-07-23 06:59:00,CNR9723854604,Success,CID291584,Prime Sedan,Frazer Town,Hennur,56.0,145.0,Not Applicable,Not Applicable,Yes,Vehicle Breakdown,392,UPI,45,3.4,3.9
2024-07-27 18:55:00,CNR5809124053,Canceled by Driver,CID899751,Auto,Rajarajeshwari Nagar,Jayanagar,,,Not Applicable,More than permitted people in there,Not Applicable,Not Applicable,167,Not Applicable,0,,
2024-07-06 22:27:00,CNR6763930422,Success,CID439605,Prime SUV,RT Nagar,Kadugodi,84.0,90.0,Not Applicable,Not Applicable,No,Not Applicable,400,Cash,26,4.2,4.5
2024-07-20 17:58:00,CNR3154136998,Canceled by Driver,CID894065,Prime Plus,Sahakar Nagar,Frazer Town,,,Not Applicable,More than permitted people in there,Not Applicable,Not Applicable,203,Not Applicable,0,,
2024-07-13 17:44:00,CNR5587596388,Success,CID385547,Prime Plus,Basavanagudi,Basavanagudi,77.0,75.0,Not Applicable,Not Applicable,No,Not Applicable,200,UPI,35,3.1,4.4
2024-07-15 21:38:00,CNR4905771005,Success,CID647141,Mini,Yeshwanthpur,Hennur,70.0,50.0,Not Applicable,Not Applicable,No,Not Applicable,411,Cash,38,3.5,4.0
2024-07-28 06:49:00,CNR8885881174,Success,CID659592,Prime Plus,Bannerghatta Road,Hulimavu,35.0,115.0,Not Applicable,Not Applicable,No,Not Applicable,394,Cash,7,4.9,4.3
2024-07-26 21:01:00,CNR2434684184,Success,CID263292,Prime SUV,RT Nagar,Cox Town,210.0,140.0,Not Applicable,Not Applicable,No,Not Applicable,779,UPI,36,3.1,3.9
2024-07-05 13:24:00,CNR3650672572,Success,CID176902,Bike,Vijayanagar,Hennur,154.0,85.0,Not Applicable,Not Applicable,No,Not Applicable,423,Credit Card,10,4.8,3.4
2024-07-15 15:36:00,CNR2460167304,Canceled by Driver,CID650751,Mini,RT Nagar,Devanahalli,,,Not Applicable,Customer was coughing/sick,Not Applicable,Not Applicable,274,Not Applicable,0,,
2024-07-08 03:01:00,CNR5108782130,Canceled by Customer,CID946696,Prime Sedan,Tumkur Road,Padmanabhanagar,,,Wrong Address,Not Applicable,Not Applicable,Not Applicable,157,Not Applicable,0,,
2024-07-29 22:42:00,CNR6481328052,Success,CID640741,Prime Plus,Hennur,Shivajinagar,133.0,90.0,Not Applicable,Not Applicable,No,Not Applicable,538,UPI,19,3.9,5.0
2024-07-13 17:17:00,CNR6728269231,Driver Not Found,CID710263,Prime SUV,BTM Layout,Jayanagar,,,Not Applicable,Not Applicable,Not Applicable,Not Applicable,328,Not Applicable,0,,
2024-07-27 19:12:00,CNR1556439247,Success,CID220262,Prime Plus,Nagarbhavi,JP Nagar,294.0,85.0,Not Applicable,Not Applicable,No,Not Applicable,833,Cash,49,4.1,4.9
2024-07-20 17:47:00,CNR2988551865,Success,CID881787,Auto,KR Puram,Nagarbhavi,182.0,75.0,Not Applicable,Not Applicable,No,Not Applicable,301,Cash,4,4.3,3.9
2024-07-10 22:59:00,CNR3474201130,Success,CID123066,Prime Sedan,Magadi Road,Shivajinagar,252.0,135.0,Not Applicable,Not Applicable,No,Not Applicable,937,Cash,32,3.2,3.9
2024-07-10 05:55:00,CNR5685065779,Success,CID857023,Mini,Chamarajpet,Richmond Town,266.0,35.0,Not Applicable,Not Applicable,No,Not Applicable,287,Cash,1,4.3,3.2
2024-07-28 02:49:00,CNR9474971046,Success,CID454463,Auto,Shantinagar,Sahakar Nagar,287.0,95.0,Not Applicable,Not Applicable,No,Not Applicable,281,Cash,18,4.6,3.3
2024-07-21 15:46:00,CNR6666203096,Success,CID831127,Prime Plus,Hennur,Sahakar Nagar,91.0,95.0,Not Applicable,Not Applicable,No,Not Applicable,973,Cash,6,3.2,3.5
2024-07-01 14:19:00,CNR7206903358,Success,CID445814,Bike,Sarjapur Road,Banashankari,56.0,45.0,Not Applicable,Not Applicable,No,Not Applicable,262,Cash,30,4.5,3.9
2024-07-22 01:24:00,CNR2001191352,Success,CID297866,Prime Sedan,Yelahanka,Tumkur Road,140.0,125.0,Not Applicable,Not Applicable,No,Not Applicable,379,UPI,8,4.0,4.6
2024-07-20 23:36:00,CNR8570011445,Canceled by Driver,CID437777,Mini,RT Nagar,Hosur Road,,,Not Applicable,Personal & Car related issue,Not Applicable,Not Applicable,514,Not Applicable,0,,
2024-07-24 21:07:00,CNR9033076677,Driver Not Found,CID557306,Prime Plus,Cox Town,Kammanahalli,,,Not Applicable,Not Applicable,Not Applicable,Not Applicable,160,Not Applicable,0,,
2024-07-30 19:46:00,CNR2723870042,Driver Not Found,CID457691,Auto,Cox Town,JP Nagar,,,Not Applicable,Not Applicable,Not Applicable,Not Applicable,414,Not Applicable,0,,
2024-07-01 20:36:00,CNR2975766157,Success,CID506175,Mini,Ramamurthy Nagar,Chickpet,203.0,115.0,Not Applicable,Not Applicable,No,Not Applicable,875,UPI,36,3.5,4.8
2024-07-09 20:55:00,CNR6429164426,Canceled by Customer,CID290973,Bike,Varthur,Nagarbhavi,,,Driver asked to cancel,Not Applicable,Not Applicable,Not Applicable,188,Not Applicable,0,,
2024-07-16 01:39:00,CNR3781960155,Success,CID486715,eBike,Devanahalli,Majestic,84.0,145.0,Not Applicable,Not Applicable,No,Not Applicable,2676,Cash,2,3.6,3.9
2024-07-07 03:50:00,CNR9451754678,Success,CID582938,Mini,Majestic,Rajarajeshwari Nagar,224.0,125.0,Not Applicable,Not Applicable,No,Not Applicable,453,UPI,31,4.1,3.0
2024-07-22 20:22:00,CNR9232305600,Canceled by Customer,CID486290,Prime SUV,JP Nagar,Richmond Town,,,Driver is not moving towards pickup location,Not Applicable,Not Applicable,Not Applicable,255,Not Applicable,0,,
2024-07-28 17:33:00,CNR5843344682,Success,CID936823,Prime Sedan,Hebbal,Magadi Road,35.0,50.0,Not Applicable,Not Applicable,No,Not Applicable,391,UPI,33,4.7,3.3
2024-07-21 16:52:00,CNR3616237134,Success,CID685091,Prime Plus,Kammanahalli,Padmanabhanagar,238.0,75.0,Not Applicable,Not Applicable,No,Not Applicable,239,Cash,6,4.0,4.1
2024-07-04 19:31:00,CNR5918330931,Success,CID480895,Prime Sedan,Cox Town,Bellandur,42.0,135.0,Not Applicable,Not Applicable,No,Not Applicable,406,UPI,26,3.6,4.0
2024-07-11 07:30:00,CNR7442475576,Success,CID536217,Prime Sedan,Jayanagar,Banashankari,301.0,100.0,Not Applicable,Not Applicable,No,Not Applicable,1579,Cash,19,3.3,3.6
2024-07-11 10:29:00,CNR5373221918,Success,CID163426,eBike,RT Nagar,Majestic,259.0,25.0,Not Applicable,Not Applicable,No,Not Applicable,469,Cash,24,3.4,3.8
2024-07-30 12:44:00,CNR2150350350,Success,CID203676,Prime SUV,HSR Layout,Bannerghatta Road,112.0,40.0,Not Applicable,Not Applicable,No,Not Applicable,2809,Cash,22,4.1,4.0
2024-07-18 15:25:00,CNR6739194818,Driver Not Found,CID887287,Mini,Mysore Road,Yelahanka,,,Not Applicable,Not Applicable,Not Applicable,Not Applicable,108,Not Applicable,0,,
2024-07-26 03:14:00,CNR2493285686,Success,CID715735,Bike,Devanahalli,Ramamurthy Nagar,266.0,65.0,Not Applicable,Not Applicable,No,Not Applicable,347,UPI,39,3.6,4.3
2024-07-24 15:35:00,CNR2446589086,Success,CID830041,Bike,Chickpet,Malleshwaram,49.0,120.0,Not Applicable,Not Applicable,No,Not Applicable,205,Cash,19,4.4,4.4
2024-07-25 13:19:00,CNR8953161938,Canceled by Customer,CID141004,Bike,Marathahalli,Padmanabhanagar,,,Driver asked to cancel,Not Applicable,Not Applicable,Not Applicable,425,Not Applicable,0,,
2024-07-19 22:57:00,CNR5184229459,Success,CID514968,Prime Plus,Bellandur,Ulsoor,231.0,55.0,Not Applicable,Not Applicable,No,Not Applicable,895,Cash,11,3.2,3.0
2024-07-04 02:27:00,CNR8892440047,Driver Not Found,CID473507,Prime Plus,Shantinagar,Padmanabhanagar,,,Not Applicable,Not Applicable,Not Applicable,Not Applicable,436,Not Applicable,0,,
2024-07-05 20:43:00,CNR3603165992,Success,CID586027,Auto,Tumkur Road,Indiranagar,245.0,25.0,Not Applicable,Not Applicable,No,Not Applicable,399,Cash,7,4.4,4.3
2024-07-26 01:34:00,CNR3243257537,Success,CID434691,Prime Sedan,Rajarajeshwari Nagar,MG Road,112.0,40.0,Not Applicable,Not Applicable,No,Not Applicable,444,Cash,22,4.8,5.0
2024-07-06 16:01:00,CNR8779622170,Success,CID513653,Bike,Electronic City,RT Nagar,70.0,60.0,Not Applicable,Not Applicable,No,Not Applicable,479,UPI,44,4.7,3.2
2024-07-16 21:30:00,CNR4791717137,Canceled by Driver,CID809333,Prime Sedan,Magadi Road,Kammanahalli,,,Not Applicable,Personal & Car related issue,Not Applicable,Not Applicable,177,Not Applicable,0,,
2024-07-29 05:12:00,CNR7683229424,Canceled by Customer,CID889975,Mini,Chickpet,Kammanahalli,,,Driver is not moving towards pickup location,Not Applicable,Not Applicable,Not Applicable,471,Not Applicable,0,,
2024-07-05 23:06:00,CNR7153524050,Canceled by Driver,CID310778,eBike,Chickpet,Marathahalli,,,Not Applicable,Personal & Car related issue,Not Applicable,Not Applicable,471,Not Applicable,0,,
2024-07-16 03:01:00,CNR5210732835,Driver Not Found,CID562468,Auto,Tumkur Road,Jayanagar,,,Not Applicable,Not Applicable,Not Applicable,Not Applicable,347,Not Applicable,0,,
2024-07-17 11:52:00,CNR8025451454,Canceled by Driver,CID247099,Prime SUV,KR Puram,MG Road,,,Not Applicable,Customer related issue,Not Applicable,Not Applicable,164,Not Applicable,0,,
2024-07-10 19:46:00,CNR9009868998,Success,CID658405,Prime Plus,Cox Town,Peenya,119.0,90.0,Not Applicable,Not Applicable,Yes,Customer Demand,715,Cash,19,3.6,4.9
2024-07-14 14:58:00,CNR6628320732,Success,CID493946,Mini,Ramamurthy Nagar,Yelahanka,63.0,65.0,Not Applicable,Not Applicable,No,Not Applicable,326,Cash,17,3.8,3.1
2024-07-17 12:47:00,CNR3678260749,Canceled by Customer,CID289727,eBike,Padmanabhanagar,Langford Town,,,Driver asked to cancel,Not Applicable,Not Applicable,Not Applicable,2142,Not Applicable,0,,
2024-07-19 07:50:00,CNR7737338339,Success,CID196959,eBike,MG Road,Hulimavu,84.0,30.0,Not Applicable,Not Applicable,No,Not Applicable,635,Cash,23,4.0,4.1
2024-07-12 20:55:00,CNR9987209200,Success,CID931227,Mini,Jayanagar,JP Nagar,252.0,110.0,Not Applicable,Not Applicable,No,Not Applicable,523,UPI,7,4.3,3.0
2024-07-09 04:00:00,CNR2978799591,Driver Not Found,CID564919,eBike,Jayanagar,Vijayanagar,,,Not Applicable,Not Applicable,Not Applicable,Not Applicable,486,Not Applicable,0,,
2024-07-24 18:43:00,CNR9793425418,Canceled by Driver,CID532843,Bike,Sahakar Nagar,Yeshwanthpur,,,Not Applicable,Personal & Car related issue,Not Applicable,Not Applicable,387,Not Applicable,0,,
2024-07-29 00:30:00,CNR4878699781,Driver Not Found,CID367377,eBike,RT Nagar,Hosur Road,,,Not Applicable,Not Applicable,Not Applicable,Not Applicable,223,Not Applicable,0,,
2024-07-29 02:01:00,CNR1866895992,Success,CID202093,Prime SUV,Bannerghatta Road,Langford Town,147.0,130.0,Not Applicable,Not Applicable,No,Not Applicable,424,Cash,31,3.3,3.1
2024-07-11 17:20:00,CNR7360516455,Canceled by Driver,CID917206,Prime Sedan,Majestic,Richmond Town,,,Not Applicable,Customer related issue,Not Applicable,Not Applicable,247,Not Applicable,0,,
2024-07-05 05:03:00,CNR2078068154,Driver Not Found,CID774424,Mini,Yeshwanthpur,Basavanagudi,,,Not Applicable,Not Applicable,Not Applicable,Not Applicable,397,Not Applicable,0,,
2024-07-15 01:17:00,CNR4919851584,Canceled by Driver,CID770131,Mini,Langford Town,Jayanagar,,,Not Applicable,Customer related issue,Not Applicable,Not Applicable,158,Not Applicable,0,,
2024-07-18 01:33:00,CNR3238500389,Canceled by Driver,CID371270,Auto,JP Nagar,Magadi Road,,,Not Applicable,Customer was coughing/sick,Not Applicable,Not Applicable,366,Not Applicable,0,,
2024-07-20 07:21:00,CNR9986250648,Success,CID741685,Prime Plus,MG Road,Cox Town,105.0,85.0,Not Applicable,Not Applicable,No,Not Applicable,1328,Cash,30,3.7,4.7
2024-07-19 08:30:00,CNR1106857470,Success,CID987593,Prime Sedan,Shivajinagar,Sahakar Nagar,56.0,135.0,Not Applicable,Not Applicable,No,Not Applicable,184,Cash,32,4.7,3.6
2024-07-02 06:48:00,CNR6299489776,Success,CID691444,Auto,Peenya,Cox Town,231.0,95.0,Not Applicable,Not Applicable,No,Not Applicable,455,UPI,6,4.7,3.1
2024-07-02 17:31:00,CNR4457522707,Success,CID239928,Mini,Mysore Road,Hosur Road,126.0,120.0,Not Applicable,Not Applicable,No,Not Applicable,315,UPI,26,3.6,4.4
2024-07-05 01:02:00,CNR7016865109,Success,CID119412,Prime SUV,Chickpet,RT Nagar,161.0,65.0,Not Applicable,Not Applicable,No,Not Applicable,327,Cash,14,4.4,3.7
2024-07-19 21:10:00,CNR2820231017,Success,CID194775,Mini,Richmond Town,Hosur Road,77.0,60.0,Not Applicable,Not Applicable,No,Not Applicable,989,Cash,10,3.3,4.2
2024-07-04 06:47:00,CNR8017198691,Canceled by Driver,CID787971,Prime Sedan,Devanahalli,Magadi Road,,,Not Applicable,Customer related issue,Not Applicable,Not Applicable,387,Not Applicable,0,,
2024-07-29 12:16:00,CNR7905145260,Success,CID535280,Prime Sedan,Devanahalli,Marathahalli,196.0,40.0,Not Applicable,Not Applicable,No,Not Applicable,341,Cash,39,4.9,4.4
2024-07-13 20:00:00,CNR1432890296,Success,CID672915,Mini,Marathahalli,Kadugodi,203.0,40.0,Not Applicable,Not Applicable,No,Not Applicable,178,Cash,38,4.3,3.8
2024-07-09 09:08:00,CNR6324246619,Canceled by Customer,CID718119,eBike,Hosur Road,Magadi Road,,,Driver asked to cancel,Not Applicable,Not Applicable,Not Applicable,217,Not Applicable,0,,
2024-07-24 13:31:00,CNR8224855989,Canceled by Driver,CID123696,Prime Sedan,Chickpet,Malleshwaram,,,Not Applicable,Customer was coughing/sick,Not Applicable,Not Applicable,250,Not Applicable,0,,
2024-07-13 13:40:00,CNR6344313851,Success,CID937865,Mini,Kadugodi,Yeshwanthpur,301.0,95.0,Not Applicable,Not Applicable,No,Not Applicable,335,UPI,4,4.3,3.7
2024-07-20 11:08:00,CNR1276410164,Success,CID902800,Auto,Yelahanka,Hulimavu,245.0,85.0,Not Applicable,Not Applicable,No,Not Applicable,2955,UPI,17,4.7,4.9
2024-07-06 04:42:00,CNR7027556091,Canceled by Driver,CID294139,eBike,Ulsoor,Chickpet,,,Not Applicable,Personal & Car related issue,Not Applicable,Not Applicable,596,Not Applicable,0,,
2024-07-17 02:48:00,CNR7720627685,Success,CID656944,Prime SUV,Banashankari,Basavanagudi,287.0,115.0,Not Applicable,Not Applicable,No,Not Applicable,499,Cash,25,3.1,4.5
2024-07-03 17:59:00,CNR6789163363,Success,CID706807,Prime Sedan,RT Nagar,Cox Town,168.0,120.0,Not Applicable,Not Applicable,No,Not Applicable,135,Cash,7,3.1,4.7
2024-07-09 17:08:00,CNR2191250586,Canceled by Driver,CID673226,Prime SUV,KR Puram,Whitefield,,,Not Applicable,Customer related issue,Not Applicable,Not Applicable,236,Not Applicable,0,,
2024-07-21 01:21:00,CNR4781224093,Canceled by Driver,CID143056,Prime Plus,Frazer Town,Devanahalli,,,Not Applicable,Customer related issue,Not Applicable,Not Applicable,477,Not Applicable,0,,
2024-07-26 08:47:00,CNR7097335874,Canceled by Driver,CID537399,Auto,Rajarajeshwari Nagar,Chickpet,,,Not Applicable,Personal & Car related issue,Not Applicable,Not Applicable,218,Not Applicable,0,,
2024-07-20 21:21:00,CNR2881429400,Success,CID790147,Prime Sedan,Richmond Town,Indiranagar,91.0,100.0,Not Applicable,Not Applicable,No,Not Applicable,810,UPI,44,3.3,4.1
2024-07-12 16:24:00,CNR9900224705,Success,CID627705,Mini,Ramamurthy Nagar,Kammanahalli,238.0,65.0,Not Applicable,Not Applicable,No,Not Applicable,481,UPI,8,4.0,3.5
2024-07-09 07:00:00,CNR4942757638,Success,CID794181,Prime Sedan,Malleshwaram,Shantinagar,147.0,75.0,Not Applicable,Not Applicable,No,Not Applicable,488,UPI,12,4.5,4.5
2024-07-14 14:20:00,CNR8067597684,Success,CID271767,Mini,Electronic City,Indiranagar,98.0,60.0,Not Applicable,Not Applicable,No,Not Applicable,661,Cash,40,3.1,4.7
2024-07-22 23:51:00,CNR8908405424,Success,CID498819,Auto,Electronic City,Kammanahalli,168.0,105.0,Not Applicable,Not Applicable,No,Not Applicable,309,Cash,8,3.9,3.4
2024-07-30 02:57:00,CNR6867165160,Driver Not Found,CID536560,Prime Plus,Koramangala,Chamarajpet,,,Not Applicable,Not Applicable,Not Applicable,Not Applicable,115,Not Applicable,0,,
2024-07-03 18:02:00,CNR3408254728,Canceled by Driver,CID850361,eBike,JP Nagar,Indiranagar,,,Not Applicable,Customer related issue,Not Applicable,Not Applicable,319,Not Applicable,0,,
2024-07-28 04:54:00,CNR7988628282,Canceled by Customer,CID886686,eBike,BTM Layout,JP Nagar,,,Driver asked to cancel,Not Applicable,Not Applicable,Not Applicable,298,Not Applicable,0,,
2024-07-24 01:00:00,CNR2925548352,Driver Not Found,CID360821,Prime SUV,Majestic,Yeshwanthpur,,,Not Applicable,Not Applicable,Not Applicable,Not Applicable,577,Not Applicable,0,,
2024-07-15 04:02:00,CNR5075799089,Canceled by Customer,CID338774,Bike,Majestic,Devanahalli,,,Driver asked to cancel,Not Applicable,Not Applicable,Not Applicable,2711,Not Applicable,0,,
2024-07-19 17:31:00,CNR4881837763,Success,CID268903,Auto,Banashankari,BTM Layout,301.0,50.0,Not Applicable,Not Applicable,No,Not Applicable,1879,UPI,5,4.4,3.8
2024-07-21 02:40:00,CNR8984964554,Canceled by Driver,CID780827,Auto,Banashankari,Majestic,,,Not Applicable,Personal & Car related issue,Not Applicable,Not Applicable,354,Not Applicable,0,,
2024-07-02 02:13:00,CNR1706758704,Success,CID843554,Auto,Bellandur,Hosur Road,49.0,105.0,Not Applicable,Not Applicable,No,Not Applicable,456,UPI,10,3.6,4.0
2024-07-19 14:11:00,CNR8087668774,Success,CID707696,Bike,Hulimavu,Rajajinagar,84.0,85.0,Not Applicable,Not Applicable,Yes,Customer Demand,147,UPI,3,4.4,4.6
2024-07-10 18:09:00,CNR1854809537,Success,CID614406,Prime SUV,Ramamurthy Nagar,Koramangala,91.0,130.0,Not Applicable,Not Applicable,Yes,Vehicle Breakdown,247,Cash,27,4.3,4.7
2024-07-15 09:15:00,CNR7120167576,Success,CID626819,Prime Sedan,Richmond Town,Kadugodi,252.0,80.0,Not Applicable,Not Applicable,No,Not Applicable,374,Cash,20,3.2,3.7
2024-07-08 00:06:00,CNR2689665915,Success,CID928092,Mini,Yelahanka,JP Nagar,133.0,140.0,Not Applicable,Not Applicable,No,Not Applicable,1693,Cash,33,3.4,3.9
2024-07-24 03:28:00,CNR5455436895,Canceled by Driver,CID144962,Bike,Hosur Road,Hebbal,,,Not Applicable,Customer was coughing/sick,Not Applicable,Not Applicable,215,Not Applicable,0,,
2024-07-08 00:58:00,CNR8969637395,Success,CID621038,Mini,Richmond Town,Sahakar Nagar,91.0,80.0,Not Applicable,Not Applicable,No,Not Applicable,140,UPI,4,3.4,4.5
2024-07-27 15:17:00,CNR1085125487,Success,CID146954,Mini,KR Puram,Varthur,217.0,25.0,Not Applicable,Not Applicable,No,Not Applicable,2712,Cash,25,4.8,3.6
2024-07-08 14:09:00,CNR7767004044,Canceled by Driver,CID704650,Prime Sedan,Vijayanagar,Kammanahalli,,,Not Applicable,Customer related issue,Not Applicable,Not Applicable,762,Not Applicable,0,,
2024-07-15 18:08:00,CNR6725888041,Success,CID643221,Bike,Koramangala,BTM Layout,217.0,130.0,Not Applicable,Not Applicable,No,Not Applicable,109,Cash,41,3.5,4.7
2024-07-23 07:47:00,CNR4478338768,Canceled by Customer,CID952673,eBike,Sarjapur Road,Magadi Road,,,Driver is not moving towards pickup location,Not Applicable,Not Applicable,Not Applicable,930,Not Applicable,0,,
2024-07-17 20:00:00,CNR5513443101,Success,CID542721,Prime Plus,Jayanagar,Jayanagar,238.0,145.0,Not Applicable,Not Applicable,No,Not Applicable,947,Cash,41,3.2,4.2
2024-07-04 19:28:00,CNR1186186291,Driver Not Found,CID668492,Mini,Malleshwaram,Majestic,,,Not Applicable,Not Applicable,Not Applicable,Not Applicable,682,Not Applicable,0,,
2024-07-04 20:02:00,CNR2184662301,Canceled by Driver,CID843559,Prime Sedan,HSR Layout,Kammanahalli,,,Not Applicable,Customer was coughing/sick,Not Applicable,Not Applicable,427,Not Applicable,0,,
2024-07-29 18:54:00,CNR1446858723,Canceled by Driver,CID898026,Bike,RT Nagar,MG Road,,,Not Applicable,Customer was coughing/sick,Not Applicable,Not Applicable,258,Not Applicable,0,,
2024-07-16 08:05:00,CNR1215989999,Success,CID961820,Bike,Bannerghatta Road,Kadugodi,217.0,140.0,Not Applicable,Not Applicable,No,Not Applicable,843,UPI,25,3.4,4.9
2024-07-07 13:26:00,CNR9869305501,Success,CID362253,Mini,Magadi Road,BTM Layout,266.0,45.0,Not Applicable,Not Applicable,No,Not Applicable,182,Cash,12,4.4,4.8
2024-07-04 18:30:00,CNR8854299654,Canceled by Driver,CID901051,Bike,Bellandur,Kadugodi,,,Not Applicable,Personal & Car related issue,Not Applicable,Not Applicable,304,Not Applicable,0,,
2024-07-09 11:36:00,CNR1343648287,Success,CID471403,eBike,Bellandur,Rajajinagar,259.0,85.0,Not Applicable,Not Applicable,No,Not Applicable,883,UPI,9,3.1,3.2
2024-07-24 01:13:00,CNR2352422459,Success,CID904407,eBike,Mysore Road,Hebbal,147.0,45.0,Not Applicable,Not Applicable,No,Not Applicable,476,UPI,19,4.4,4.1
2024-07-29 04:35:00,CNR8830361057,Success,CID303929,Prime Sedan,Chamarajpet,Chickpet,42.0,95.0,Not Applicable,Not Applicable,No,Not Applicable,1840,Cash,21,4.4,4.9
2024-07-13 19:21:00,CNR6123496526,Success,CID457930,eBike,JP Nagar,Hulimavu,294.0,120.0,Not Applicable,Not Applicable,No,Not Applicable,939,UPI,3,4.7,3.3
2024-07-03 23:58:00,CNR3908211904,Driver Not Found,CID474985,Prime SUV,Yelahanka,Peenya,,,Not Applicable,Not Applicable,Not Applicable,Not Applicable,251,Not Applicable,0,,
2024-07-08 17:59:00,CNR7027218544,Canceled by Driver,CID139786,Auto,Hennur,Whitefield,,,Not Applicable,Personal & Car related issue,Not Applicable,Not Applicable,943,Not Applicable,0,,
2024-07-02 07:44:00,CNR5514317543,Driver Not Found,CID539189,Prime Plus,Peenya,Jayanagar,,,Not Applicable,Not Applicable,Not Applicable,Not Applicable,284,Not Applicable,0,,
2024-07-23 05:58:00,CNR2347422714,Success,CID566525,Auto,Shantinagar,Cox Town,231.0,55.0,Not Applicable,Not Applicable,No,Not Applicable,379,UPI,5,3.9,4.8
2024-07-23 07:58:00,CNR4777395663,Driver Not Found,CID861407,Bike,Langford Town,Sarjapur Road,,,Not Applicable,Not Applicable,Not Applicable,Not Applicable,557,Not Applicable,0,,
2024-07-13 05:54:00,CNR2090969741,Success,CID311702,Mini,HSR Layout,Yeshwanthpur,217.0,110.0,Not Applicable,Not Applicable,No,Not Applicable,134,UPI,30,5.0,3.4
2024-07-06 22:41:00,CNR9978563036,Driver Not Found,CID894473,Mini,Kadugodi,Magadi Road,,,Not Applicable,Not Applicable,Not Applicable,Not Applicable,185,Not Applicable,0,,
2024-07-04 19:51:00,CNR6749849618,Success,CID232114,Prime Sedan,Shivajinagar,Malleshwaram,126.0,25.0,Not Applicable,Not Applicable,No,Not Applicable,311,Cash,15,3.0,4.3
2024-07-12 14:55:00,CNR3963633248,Success,CID773502,Bike,Chamarajpet,Sarjapur Road,238.0,25.0,Not Applicable,Not Applicable,No,Not Applicable,354,UPI,9,3.7,3.4
2024-07-15 02:56:00,CNR3538899999,Success,CID315850,Prime Plus,Varthur,BTM Layout,266.0,100.0,Not Applicable,Not Applicable,No,Not Applicable,306,UPI,2,3.3,3.9
2024-07-26 22:28:00,CNR2093956114,Success,CID708068,Bike,Malleshwaram,Rajarajeshwari Nagar,63.0,100.0,Not Applicable,Not Applicable,No,Not Applicable,372,UPI,9,3.4,3.0
2024-07-26 06:11:00,CNR6419304715,Canceled by Driver,CID720214,Mini,Sahakar Nagar,Rajajinagar,,,Not Applicable,Personal & Car related issue,Not Applicable,Not Applicable,134,Not Applicable,0,,
2024-07-04 15:43:00,CNR5406224936,Canceled by Driver,CID475287,Prime Sedan,Shantinagar,Varthur,,,Not Applicable,More than permitted people in there,Not Applicable,Not Applicable,263,Not Applicable,0,,
2024-07-08 19:14:00,CNR2400216603,Success,CID972851,eBike,Richmond Town,Tumkur Road,161.0,25.0,Not Applicable,Not Applicable,No,Not Applicable,916,UPI,30,3.3,4.0
2024-07-10 11:28:00,CNR5602571922,Success,CID582041,Prime Plus,Hebbal,Sarjapur Road,63.0,40.0,Not Applicable,Not Applicable,No,Not Applicable,165,Cash,35,3.1,4.4
2024-07-21 04:29:00,CNR5867533091,Canceled by Driver,CID675265,Auto,Banashankari,RT Nagar,,,Not Applicable,Customer was coughing/sick,Not Applicable,Not Applicable,204,Not Applicable,0,,
2024-07-02 01:25:00,CNR9336977331,Canceled by Driver,CID302375,Prime Plus,Kadugodi,HSR Layout,,,Not Applicable,Customer related issue,Not Applicable,Not Applicable,272,Not Applicable,0,,
2024-07-20 08:00:00,CNR2597776697,Driver Not Found,CID346480,Prime Plus,Nagarbhavi,Sarjapur Road,,,Not Applicable,Not Applicable,Not Applicable,Not Applicable,525,Not Applicable,0,,
2024-07-16 12:40:00,CNR9250189172,Success,CID252228,eBike,Nagarbhavi,Hennur,133.0,140.0,Not Applicable,Not Applicable,No,Not Applicable,162,UPI,12,3.5,3.1
2024-07-27 06:23:00,CNR7909088742,Success,CID965672,Prime SUV,Cox Town,Richmond Town,280.0,60.0,Not Applicable,Not Applicable,No,Not Applicable,440,UPI,49,4.0,4.7
2024-07-25 17:26:00,CNR6636042025,Canceled by Customer,CID120945,Prime Sedan,Kammanahalli,Jayanagar,,,Driver is not moving towards pickup location,Not Applicable,Not Applicable,Not Applicable,167,Not Applicable,0,,
2024-07-11 15:08:00,CNR2605422886,Canceled by Customer,CID750258,Mini,Varthur,RT Nagar,,,Driver is not moving towards pickup location,Not Applicable,Not Applicable,Not Applicable,791,Not Applicable,0,,
2024-07-02 03:10:00,CNR3930628569,Canceled by Customer,CID971698,Bike,Varthur,Indiranagar,,,Driver is not moving towards pickup location,Not Applicable,Not Applicable,Not Applicable,227,Not Applicable,0,,
2024-07-24 23:16:00,CNR4660783973,Canceled by Driver,CID771973,Auto,Hulimavu,Jayanagar,,,Not Applicable,Customer was coughing/sick,Not Applicable,Not Applicable,301,Not Applicable,0,,
2024-07-20 03:36:00,CNR5050752830,Canceled by Driver,CID260022,Prime Plus,Yelahanka,Peenya,,,Not Applicable,More than permitted people in there,Not Applicable,Not Applicable,2280,Not Applicable,0,,
2024-07-29 00:53:00,CNR2294457530,Success,CID692197,Auto,Richmond Town,Kengeri,91.0,65.0,Not Applicable,Not Applicable,No,Not Applicable,688,Cash,9,3.6,4.7
2024-07-19 13:41:00,CNR7001893817,Driver Not Found,CID685868,Auto,Sahakar Nagar,Vijayanagar,,,Not Applicable,Not Applicable,Not Applicable,Not Applicable,932,Not Applicable,0,,
2024-07-08 16:26:00,CNR4998631993,Success,CID385596,Prime Sedan,Electronic City,Devanahalli,259.0,65.0,Not Applicable,Not Applicable,No,Not Applicable,804,Cash,35,5.0,4.8
2024-07-26 13:02:00,CNR3496571368,Success,CID994941,Auto,KR Puram,Malleshwaram,161.0,110.0,Not Applicable,Not Applicable,No,Not Applicable,420,Cash,13,3.8,3.0
2024-07-16 22:05:00,CNR7287072559,Canceled by Customer,CID397694,Mini,Chickpet,Kengeri,,,Driver asked to cancel,Not Applicable,Not Applicable,Not Applicable,237,Not Applicable,0,,
2024-07-19 08:37:00,CNR5188656124,Canceled by Customer,CID196495,Mini,Sahakar Nagar,KR Puram,,,Change of plans,Not Applicable,Not Applicable,Not Applicable,184,Not Applicable,0,,
2024-07-10 18:43:00,CNR7787757350,Canceled by Driver,CID568804,Bike,Banashankari,Chamarajpet,,,Not Applicable,Personal & Car related issue,Not Applicable,Not Applicable,461,Not Applicable,0,,
2024-07-07 03:13:00,CNR7662377946,Success,CID193203,Prime SUV,Shantinagar,Bannerghatta Road,84.0,45.0,Not Applicable,Not Applicable,No,Not Applicable,1371,Cash,26,3.4,4.8
2024-07-11 17:00:00,CNR4867393075,Success,CID560264,Auto,MG Road,MG Road,161.0,80.0,Not Applicable,Not Applicable,No,Not Applicable,428,UPI,6,4.6,3.1
2024-07-05 08:48:00,CNR1444678256,Success,CID285428,Auto,Shivajinagar,Majestic,91.0,105.0,Not Applicable,Not Applicable,No,Not Applicable,849,Cash,18,4.3,4.0
2024-07-08 20:55:00,CNR8612559135,Canceled by Customer,CID414381,Prime Sedan,Whitefield,Devanahalli,,,Driver asked to cancel,Not Applicable,Not Applicable,Not Applicable,437,Not Applicable,0,,
2024-07-07 02:08:00,CNR6960751197,Canceled by Driver,CID613722,Prime Plus,Magadi Road,Varthur,,,Not Applicable,Customer related issue,Not Applicable,Not Applicable,124,Not Applicable,0,,
2024-07-04 08:00:00,CNR5723043034,Canceled by Driver,CID783038,Mini,MG Road,Shivajinagar,,,Not Applicable,Customer related issue,Not Applicable,Not Applicable,198,Not Applicable,0,,
2024-07-02 14:21:00,CNR8049000964,Success,CID758909,Bike,Hebbal,Hennur,210.0,35.0,Not Applicable,Not Applicable,No,Not Applicable,115,Cash,3,4.0,3.5
2024-07-10 18:31:00,CNR7175689695,Success,CID426709,Mini,Basavanagudi,Peenya,245.0,35.0,Not Applicable,Not Applicable,No,Not Applicable,196,Cash,46,3.4,4.5
2024-07-11 19:25:00,CNR6354327991,Canceled by Driver,CID280982,Bike,Whitefield,Padmanabhanagar,,,Not Applicable,Personal & Car related issue,Not Applicable,Not Applicable,677,Not Applicable,0,,
2024-07-08 16:04:00,CNR6076889681,Success,CID652837,Prime Sedan,Electronic City,Shantinagar,70.0,40.0,Not Applicable,Not Applicable,No,Not Applicable,217,Cash,18,3.3,4.8
2024-07-14 20:17:00,CNR7766393415,Canceled by Customer,CID612867,eBike,Magadi Road,RT Nagar,,,Driver asked to cancel,Not Applicable,Not Applicable,Not Applicable,860,Not Applicable,0,,
2024-07-26 21:20:00,CNR7312010026,Success,CID761060,Bike,Sahakar Nagar,Basavanagudi,252.0,60.0,Not Applicable,Not Applicable,No,Not Applicable,266,UPI,15,3.4,4.1
2024-07-13 04:57:00,CNR7016209675,Canceled by Driver,CID695265,Prime SUV,Frazer Town,Hebbal,,,Not Applicable,Customer related issue,Not Applicable,Not Applicable,499,Not Applicable,0,,
2024-07-15 21:19:00,CNR5227851436,Success,CID421776,Prime Plus,Koramangala,Vijayanagar,161.0,50.0,Not Applicable,Not Applicable,No,Not Applicable,342,Cash,14,3.6,4.8
2024-07-07 06:35:00,CNR2852070522,Success,CID788606,Prime Sedan,Hosur Road,Bannerghatta Road,301.0,70.0,Not Applicable,Not Applicable,No,Not Applicable,385,UPI,28,4.3,4.9
2024-07-04 15:06:00,CNR3978063761,Success,CID627705,eBike,Ulsoor,Koramangala,84.0,70.0,Not Applicable,Not Applicable,No,Not Applicable,277,UPI,49,3.1,3.3
2024-07-01 08:18:00,CNR4084733065,Success,CID136224,eBike,HSR Layout,Kengeri,126.0,100.0,Not Applicable,Not Applicable,No,Not Applicable,491,Cash,37,4.6,4.6
2024-07-22 01:09:00,CNR9512467479,Success,CID878923,Prime Sedan,Mysore Road,MG Road,70.0,140.0,Not Applicable,Not Applicable,No,Not Applicable,140,UPI,17,4.7,3.7
2024-07-10 20:46:00,CNR4622845927,Success,CID371084,Bike,Frazer Town,Padmanabhanagar,63.0,60.0,Not Applicable,Not Applicable,No,Not Applicable,320,UPI,15,3.4,4.1
2024-07-03 19:29:00,CNR6485250211,Canceled by Customer,CID386037,Prime SUV,Ramamurthy Nagar,Basavanagudi,,,Driver asked to cancel,Not Applicable,Not Applicable,Not Applicable,696,Not Applicable,0,,
2024-07-27 10:29:00,CNR1859804699,Success,CID807721,eBike,Kadugodi,Shivajinagar,217.0,130.0,Not Applicable,Not Applicable,No,Not Applicable,365,Cash,43,3.5,4.0
2024-07-19 10:11:00,CNR5944957910,Success,CID466543,Mini,Shivajinagar,KR Puram,105.0,65.0,Not Applicable,Not Applicable,No,Not Applicable,953,UPI,8,3.8,3.9
2024-07-20 13:29:00,CNR1472633410,Canceled by Customer,CID112501,Auto,Magadi Road,MG Road,,,Driver is not moving towards pickup location,Not Applicable,Not Applicable,Not Applicable,207,Not Applicable,0,,
2024-07-08 10:20:00,CNR2914812835,Success,CID861638,eBike,Marathahalli,Bellandur,210.0,105.0,Not Applicable,Not Applicable,No,Not Applicable,352,Cash,19,4.2,3.6
2024-07-24 20:16:00,CNR4480206353,Success,CID680875,Prime SUV,Kengeri,Malleshwaram,105.0,140.0,Not Applicable,Not Applicable,No,Not Applicable,369,UPI,41,4.2,4.9
2024-07-23 03:40:00,CNR6163869542,Success,CID745268,Prime SUV,Whitefield,Langford Town,294.0,115.0,Not Applicable,Not Applicable,No,Not Applicable,306,UPI,49,3.9,4.3
2024-07-14 23:53:00,CNR8677699871,Driver Not Found,CID740055,eBike,Kammanahalli,Jayanagar,,,Not Applicable,Not Applicable,Not Applicable,Not Applicable,471,Not Applicable,0,,
2024-07-02 11:48:00,CNR1894511435,Success,CID498964,Auto,Whitefield,Peenya,182.0,80.0,Not Applicable,Not Applicable,No,Not Applicable,2659,UPI,18,4.3,3.2
2024-07-12 00:31:00,CNR8254895914,Canceled by Customer,CID932142,eBike,JP Nagar,Magadi Road,,,Driver is not moving towards pickup location,Not Applicable,Not Applicable,Not Applicable,959,Not Applicable,0,,
2024-07-12 18:40:00,CNR6981779462,Canceled by Customer,CID809186,Mini,RT Nagar,Frazer Town,,,Driver asked to cancel,Not Applicable,Not Applicable,Not Applicable,1610,Not Applicable,0,,
2024-07-25 04:10:00,CNR5071868287,Success,CID795189,Auto,Vijayanagar,Padmanabhanagar,259.0,45.0,Not Applicable,Not Applicable,Yes,Customer Demand,674,Cash,7,4.6,3.5
2024-07-21 19:30:00,CNR8012169628,Success,CID939914,Auto,Koramangala,Basavanagudi,210.0,125.0,Not Applicable,Not Applicable,No,Not Applicable,383,UPI,14,3.7,4.9
2024-07-09 17:22:00,CNR4543686125,Canceled by Customer,CID475555,eBike,Vijayanagar,Richmond Town,,,Driver is not moving towards pickup location,Not Applicable,Not Applicable,Not Applicable,489,Not Applicable,0,,
2024-07-02 09:18:00,CNR3347634912,Success,CID667813,Bike,Frazer Town,Electronic City,126.0,85.0,Not Applicable,Not Applicable,No,Not Applicable,979,UPI,2,4.0,3.5
2024-07-10 07:08:00,CNR1712830569,Success,CID455133,Prime Plus,Koramangala,Sarjapur Road,98.0,85.0,Not Applicable,Not Applicable,No,Not Applicable,244,Cash,36,3.2,3.5
2024-07-18 03:38:00,CNR7568716297,Canceled by Driver,CID693990,Prime SUV,Ramamurthy Nagar,Rajarajeshwari Nagar,,,Not Applicable,Customer related issue,Not Applicable,Not Applicable,870,Not Applicable,0,,
2024-07-12 14:18:00,CNR7446957128,Canceled by Driver,CID261065,Prime Sedan,Sahakar Nagar,Koramangala,,,Not Applicable,Personal & Car related issue,Not Applicable,Not Applicable,426,Not Applicable,0,,
2024-07-27 14:23:00,CNR5431250175,Canceled by Driver,CID753979,eBike,Vijayanagar,Ramamurthy Nagar,,,Not Applicable,Customer related issue,Not Applicable,Not Applicable,329,Not Applicable,0,,
2024-07-17 02:01:00,CNR3621706928,Canceled by Customer,CID343251,Mini,Hosur Road,Jayanagar,,,AC is Not working,Not Applicable,Not Applicable,Not Applicable,1669,Not Applicable,0,,
2024-07-20 15:06:00,CNR6413143582,Success,CID911218,Prime SUV,Hosur Road,KR Puram,56.0,80.0,Not Applicable,Not Applicable,No,Not Applicable,238,Cash,43,4.3,3.7
2024-07-01 01:23:00,CNR2385443220,Success,CID699903,Prime Plus,Hebbal,MG Road,35.0,35.0,Not Applicable,Not Applicable,No,Not Applicable,401,Cash,42,3.6,4.3
2024-07-14 20:32:00,CNR7659136395,Driver Not Found,CID332251,Mini,Marathahalli,Nagarbhavi,,,Not Applicable,Not Applicable,Not Applicable,Not Applicable,2324,Not Applicable,0,,
2024-07-25 15:18:00,CNR8112596658,Success,CID710197,Prime Plus,HSR Layout,Hennur,42.0,65.0,Not Applicable,Not Applicable,No,Not Applicable,300,Cash,25,4.8,3.2
2024-07-20 06:04:00,CNR9067272131,Success,CID798311,Prime Plus,Shivajinagar,Tumkur Road,301.0,120.0,Not Applicable,Not Applicable,No,Not Applicable,103,Cash,18,3.2,3.1
2024-07-07 17:08:00,CNR6652330156,Canceled by Driver,CID909254,Mini,Hosur Road,BTM Layout,,,Not Applicable,Customer related issue,Not Applicable,Not Applicable,379,Not Applicable,0,,
2024-07-25 18:52:00,CNR6633933403,Driver Not Found,CID321105,Auto,Ulsoor,JP Nagar,,,Not Applicable,Not Applicable,Not Applicable,Not Applicable,307,Not Applicable,0,,
2024-07-18 03:09:00,CNR2694410938,Success,CID860155,Prime Plus,JP Nagar,Kengeri,91.0,85.0,Not Applicable,Not Applicable,No,Not Applicable,702,UPI,37,4.6,3.6
2024-07-08 17:31:00,CNR8657691916,Canceled by Driver,CID289222,Mini,KR Puram,Yelahanka,,,Not Applicable,Customer related issue,Not Applicable,Not Applicable,279,Not Applicable,0,,
2024-07-10 07:09:00,CNR5844214146,Success,CID438968,Bike,Yelahanka,Koramangala,119.0,70.0,Not Applicable,Not Applicable,No,Not Applicable,476,Cash,25,3.3,4.0
2024-07-11 23:49:00,CNR8923574400,Success,CID496548,Prime Sedan,BTM Layout,KR Puram,112.0,115.0,Not Applicable,Not Applicable,No,Not Applicable,120,Cash,9,4.2,4.0
2024-07-05 07:56:00,CNR4533248595,Success,CID557582,Mini,Koramangala,Ramamurthy Nagar,35.0,95.0,Not Applicable,Not Applicable,No,Not Applicable,1586,Debit Card,20,4.8,4.8
2024-07-05 09:23:00,CNR9093273204,Success,CID652509,Prime Plus,Shantinagar,Richmond Town,35.0,65.0,Not Applicable,Not Applicable,No,Not Applicable,169,Cash,7,3.7,4.0
2024-07-29 12:16:00,CNR9862663875,Success,CID677867,eBike,KR Puram,Indiranagar,147.0,75.0,Not Applicable,Not Applicable,No,Not Applicable,956,Cash,18,3.0,4.5
2024-07-28 15:46:00,CNR1564207706,Canceled by Driver,CID989339,eBike,Kengeri,Bellandur,,,Not Applicable,Personal & Car related issue,Not Applicable,Not Applicable,117,Not Applicable,0,,
2024-07-17 13:12:00,CNR5238169355,Success,CID300934,Auto,Chickpet,Basavanagudi,294.0,130.0,Not Applicable,Not Applicable,Yes,Customer Demand,477,Cash,1,4.4,3.7
2024-07-25 00:48:00,CNR4547019031,Canceled by Driver,CID168588,Bike,Kammanahalli,Hulimavu,,,Not Applicable,Personal & Car related issue,Not Applicable,Not Applicable,195,Not Applicable,0,,
2024-07-09 22:33:00,CNR3937712470,Success,CID971176,Bike,Shantinagar,Ramamurthy Nagar,84.0,45.0,Not Applicable,Not Applicable,No,Not Applicable,431,Cash,28,4.8,3.1
2024-07-16 06:42:00,CNR4836463159,Success,CID299203,Bike,Peenya,Kadugodi,238.0,30.0,Not Applicable,Not Applicable,No,Not Applicable,953,Cash,31,3.2,4.4
2024-07-24 02:04:00,CNR7061733544,Canceled by Driver,CID462045,Prime Plus,Yeshwanthpur,JP Nagar,,,Not Applicable,Personal & Car related issue,Not Applicable,Not Applicable,328,Not Applicable,0,,
2024-07-24 20:25:00,CNR3213350780,Success,CID944283,Mini,Frazer Town,Koramangala,245.0,130.0,Not Applicable,Not Applicable,No,Not Applicable,144,Cash,46,4.4,3.8
2024-07-07 04:11:00,CNR4766981071,Canceled by Customer,CID477569,Auto,Kengeri,Majestic,,,Wrong Address,Not Applicable,Not Applicable,Not Applicable,403,Not Applicable,0,,
2024-07-07 11:16:00,CNR6928355468,Driver Not Found,CID989846,Prime SUV,Majestic,Mysore Road,,,Not Applicable,Not Applicable,Not Applicable,Not Applicable,1637,Not Applicable,0,,
2024-07-22 02:07:00,CNR3687241314,Canceled by Customer,CID408700,Bike,Ramamurthy Nagar,Cox Town,,,Driver asked to cancel,Not Applicable,Not Applicable,Not Applicable,679,Not Applicable,0,,
2024-07-08 14:42:00,CNR5382024575,Canceled by Driver,CID302368,Prime Plus,Frazer Town,Richmond Town,,,Not Applicable,Personal & Car related issue,Not Applicable,Not Applicable,333,Not Applicable,0,,
2024-07-01 06:20:00,CNR7273529252,Success,CID389562,Bike,Hulimavu,HSR Layout,301.0,90.0,Not Applicable,Not Applicable,No,Not Applicable,478,UPI,32,4.1,3.4
2024-07-08 11:57:00,CNR8432957445,Success,CID545673,Prime SUV,Yeshwanthpur,Nagarbhavi,175.0,110.0,Not Applicable,Not Applicable,No,Not Applicable,233,Cash,10,4.7,4.6
2024-07-23 19:56:00,CNR3457862838,Success,CID449161,Mini,Koramangala,Bannerghatta Road,42.0,130.0,Not Applicable,Not Applicable,No,Not Applicable,109,UPI,30,4.5,4.5
2024-07-06 09:45:00,CNR1472061295,Canceled by Driver,CID965218,Bike,Indiranagar,Kammanahalli,,,Not Applicable,Customer related issue,Not Applicable,Not Applicable,453,Not Applicable,0,,
2024-07-02 12:27:00,CNR8845119196,Canceled by Driver,CID531048,Mini,Shantinagar,Devanahalli,,,Not Applicable,Customer related issue,Not Applicable,Not Applicable,425,Not Applicable,0,,
2024-07-10 01:09:00,CNR7798524753,Canceled by Driver,CID988673,Auto,Jayanagar,Basavanagudi,,,Not Applicable,Customer related issue,Not Applicable,Not Applicable,205,Not Applicable,0,,
2024-07-15 14:13:00,CNR8798378489,Success,CID545980,Bike,RT Nagar,Cox Town,252.0,140.0,Not Applicable,Not Applicable,No,Not Applicable,803,Cash,16,3.8,5.0
2024-07-10 21:16:00,CNR4875256170,Canceled by Customer,CID597831,Prime Sedan,Bannerghatta Road,Banashankari,,,Change of plans,Not Applicable,Not Applicable,Not Applicable,454,Not Applicable,0,,
2024-07-10 12:16:00,CNR3244311773,Success,CID904209,Prime SUV,Electronic City,Bannerghatta Road,182.0,70.0,Not Applicable,Not Applicable,No,Not Applicable,420,UPI,1,4.2,4.5
2024-07-04 04:23:00,CNR8087395936,Success,CID151437,eBike,Mysore Road,Langford Town,224.0,140.0,Not Applicable,Not Applicable,No,Not Applicable,607,UPI,14,4.5,4.4
2024-07-28 14:49:00,CNR1100937712,Canceled by Driver,CID254519,Auto,Ramamurthy Nagar,Hosur Road,,,Not Applicable,Customer was coughing/sick,Not Applicable,Not Applicable,144,Not Applicable,0,,
2024-07-23 21:23:00,CNR3166744891,Success,CID275442,Mini,Peenya,Langford Town,280.0,115.0,Not Applicable,Not Applicable,No,Not Applicable,298,UPI,22,5.0,4.8
2024-07-13 05:07:00,CNR8070188231,Success,CID622043,Bike,Basavanagudi,Mysore Road,245.0,120.0,Not Applicable,Not Applicable,No,Not Applicable,154,UPI,5,4.9,3.2
2024-07-07 10:37:00,CNR2743183328,Success,CID475603,Auto,Electronic City,Chamarajpet,56.0,115.0,Not Applicable,Not Applicable,No,Not Applicable,388,UPI,13,4.9,4.3
2024-07-26 00:17:00,CNR8987432974,Canceled by Driver,CID463260,Mini,Kammanahalli,JP Nagar,,,Not Applicable,Customer was coughing/sick,Not Applicable,Not Applicable,404,Not Applicable,0,,
2024-07-30 16:52:00,CNR3759595184,Canceled by Driver,CID100052,Prime Sedan,Koramangala,Peenya,,,Not Applicable,Customer was coughing/sick,Not Applicable,Not Applicable,499,Not Applicable,0,,
2024-07-08 10:15:00,CNR6426120584,Success,CID809503,eBike,Jayanagar,Hennur,91.0,100.0,Not Applicable,Not Applicable,No,Not Applicable,134,UPI,29,3.6,3.3
2024-07-30 16:39:00,CNR9227395767,Success,CID728136,Prime SUV,Vijayanagar,BTM Layout,203.0,110.0,Not Applicable,Not Applicable,No,Not Applicable,267,Cash,9,4.6,4.2
2024-07-27 11:02:00,CNR5191829561,Success,CID257784,Prime SUV,Tumkur Road,Kammanahalli,245.0,100.0,Not Applicable,Not Applicable,No,Not Applicable,354,UPI,11,3.3,4.9
2024-07-16 01:07:00,CNR3836079263,Canceled by Customer,CID636453,Prime SUV,JP Nagar,Mysore Road,,,AC is Not working,Not Applicable,Not Applicable,Not Applicable,350,Not Applicable,0,,
2024-07-11 14:58:00,CNR5746509335,Success,CID972822,Auto,Majestic,Richmond Town,154.0,110.0,Not Applicable,Not Applicable,No,Not Applicable,910,Cash,19,4.2,5.0
2024-07-13 20:40:00,CNR2387658147,Driver Not Found,CID235642,eBike,Mysore Road,MG Road,,,Not Applicable,Not Applicable,Not Applicable,Not Applicable,360,Not Applicable,0,,
2024-07-10 22:13:00,CNR8744384577,Success,CID167059,Prime Plus,Kadugodi,Banashankari,98.0,115.0,Not Applicable,Not Applicable,No,Not Applicable,805,Cash,5,3.3,3.1
2024-07-17 12:27:00,CNR4278974790,Canceled by Driver,CID446862,Mini,Kadugodi,Chickpet,,,Not Applicable,Personal & Car related issue,Not Applicable,Not Applicable,111,Not Applicable,0,,
2024-07-30 22:11:00,CNR3703953451,Canceled by Customer,CID618104,Auto,KR Puram,Hebbal,,,Driver is not moving towards pickup location,Not Applicable,Not Applicable,Not Applicable,314,Not Applicable,0,,
2024-07-16 19:36:00,CNR3041597216,Driver Not Found,CID214855,Bike,JP Nagar,Kammanahalli,,,Not Applicable,Not Applicable,Not Applicable,Not Applicable,314,Not Applicable,0,,
2024-07-16 16:06:00,CNR5808960286,Success,CID736559,Prime Sedan,Shivajinagar,Sahakar Nagar,49.0,40.0,Not Applicable,Not Applicable,No,Not Applicable,2579,UPI,24,4.0,4.0
2024-07-14 06:17:00,CNR7521056436,Success,CID911020,Prime Sedan,Hulimavu,Rajajinagar,42.0,120.0,Not Applicable,Not Applicable,No,Not Applicable,188,UPI,13,4.2,3.5
2024-07-20 13:40:00,CNR5389780942,Canceled by Customer,CID233783,Prime Sedan,HSR Layout,Magadi Road,,,Driver is not moving towards pickup location,Not Applicable,Not Applicable,Not Applicable,321,Not Applicable,0,,
2024-07-11 10:43:00,CNR5815366008,Success,CID918509,Mini,BTM Layout,Magadi Road,182.0,120.0,Not Applicable,Not Applicable,No,Not Applicable,463,UPI,34,4.6,3.5
2024-07-22 15:51:00,CNR1731774351,Driver Not Found,CID611782,Prime Plus,Ulsoor,Richmond Town,,,Not Applicable,Not Applicable,Not Applicable,Not Applicable,213,Not Applicable,0,,
2024-07-07 11:46:00,CNR8864546656,Success,CID473716,Auto,Mysore Road,Sahakar Nagar,217.0,60.0,Not Applicable,Not Applicable,No,Not Applicable,273,Cash,14,3.7,3.8
2024-07-18 04:51:00,CNR5803506494,Driver Not Found,CID951316,Mini,HSR Layout,MG Road,,,Not Applicable,Not Applicable,Not Applicable,Not Applicable,448,Not Applicable,0,,
2024-07-21 08:37:00,CNR5317135694,Success,CID550592,Prime Sedan,Hulimavu,Hennur,238.0,130.0,Not Applicable,Not Applicable,No,Not Applicable,345,Cash,5,4.3,4.0
2024-07-16 13:48:00,CNR6009061919,Success,CID292596,Prime SUV,Magadi Road,Sahakar Nagar,266.0,135.0,Not Applicable,Not Applicable,No,Not Applicable,1760,Cash,15,3.6,4.9
2024-07-05 10:10:00,CNR8787816283,Canceled by Customer,CID244791,Prime SUV,Bellandur,Sahakar Nagar,,,Driver asked to cancel,Not Applicable,Not Applicable,Not Applicable,351,Not Applicable,0,,
2024-07-22 10:11:00,CNR4998514323,Success,CID800523,Bike,Bellandur,Bannerghatta Road,119.0,50.0,Not Applicable,Not Applicable,No,Not Applicable,678,UPI,28,3.0,4.4
2024-07-29 13:05:00,CNR2337418779,Canceled by Driver,CID761784,Prime SUV,Shantinagar,Langford Town,,,Not Applicable,More than permitted people in there,Not Applicable,Not Applicable,2219,Not Applicable,0,,
2024-07-17 11:00:00,CNR3623777808,Success,CID160206,eBike,Ulsoor,Kammanahalli,203.0,120.0,Not Applicable,Not Applicable,No,Not Applicable,322,UPI,19,3.4,4.2
2024-07-15 22:22:00,CNR7463252668,Canceled by Driver,CID732169,Bike,Sahakar Nagar,Mysore Road,,,Not Applicable,Customer related issue,Not Applicable,Not Applicable,983,Not Applicable,0,,
2024-07-17 09:36:00,CNR3988446653,Success,CID434112,Prime SUV,Shantinagar,Nagarbhavi,168.0,85.0,Not Applicable,Not Applicable,No,Not Applicable,244,Cash,37,4.6,4.1
2024-07-25 10:47:00,CNR3431301247,Success,CID981945,eBike,Langford Town,KR Puram,273.0,140.0,Not Applicable,Not Applicable,No,Not Applicable,455,UPI,20,4.9,3.2
2024-07-21 16:23:00,CNR8040371101,Success,CID372436,Mini,Chickpet,Indiranagar,84.0,100.0,Not Applicable,Not Applicable,No,Not Applicable,277,Cash,22,4.7,4.4
2024-07-03 15:53:00,CNR8967831884,Success,CID124214,Prime SUV,Langford Town,Rajajinagar,196.0,45.0,Not Applicable,Not Applicable,No,Not Applicable,223,UPI,20,4.6,3.9
2024-07-12 02:51:00,CNR2619686992,Success,CID486182,Auto,Varthur,Sarjapur Road,161.0,100.0,Not Applicable,Not Applicable,No,Not Applicable,262,Credit Card,3,4.6,3.8
2024-07-06 19:24:00,CNR6900732142,Success,CID784833,Mini,Langford Town,Richmond Town,189.0,120.0,Not Applicable,Not Applicable,No,Not Applicable,266,Cash,45,3.1,3.8
2024-07-25 19:43:00,CNR5126375020,Success,CID570949,Prime Plus,Tumkur Road,Jayanagar,294.0,50.0,Not Applicable,Not Applicable,No,Not Applicable,354,UPI,26,4.1,4.4
2024-07-02 09:36:00,CNR5595006888,Success,CID383370,Mini,Kammanahalli,KR Puram,224.0,105.0,Not Applicable,Not Applicable,No,Not Applicable,487,Cash,22,3.9,4.5
2024-07-19 16:49:00,CNR6322390961,Canceled by Driver,CID336231,Mini,Mysore Road,Chamarajpet,,,Not Applicable,Personal & Car related issue,Not Applicable,Not Applicable,454,Not Applicable,0,,
2024-07-25 23:08:00,CNR8511016677,Driver Not Found,CID912694,Auto,Tumkur Road,Peenya,,,Not Applicable,Not Applicable,Not Applicable,Not Applicable,372,Not Applicable,0,,
2024-07-10 08:03:00,CNR2587289885,Canceled by Driver,CID417820,Bike,Shantinagar,Yelahanka,,,Not Applicable,Customer related issue,Not Applicable,Not Applicable,1241,Not Applicable,0,,
2024-07-24 00:42:00,CNR3753265117,Success,CID577430,Auto,Kammanahalli,Padmanabhanagar,126.0,40.0,Not Applicable,Not Applicable,No,Not Applicable,322,Cash,2,3.2,3.5
2024-07-06 11:00:00,CNR2118455965,Success,CID800331,Bike,Magadi Road,Magadi Road,224.0,85.0,Not Applicable,Not Applicable,No,Not Applicable,166,UPI,17,4.8,4.2
2024-07-05 10:18:00,CNR3423524670,Canceled by Customer,CID116460,eBike,Bellandur,Bellandur,,,Driver asked to cancel,Not Applicable,Not Applicable,Not Applicable,129,Not Applicable,0,,
2024-07-22 01:04:00,CNR1343488766,Canceled by Driver,CID548283,Prime Sedan,Cox Town,Sarjapur Road,,,Not Applicable,Customer was coughing/sick,Not Applicable,Not Applicable,396,Not Applicable,0,,
2024-07-09 19:13:00,CNR7560807974,Canceled by Driver,CID475972,Prime Sedan,Tumkur Road,Marathahalli,,,Not Applicable,Customer related issue,Not Applicable,Not Applicable,1029,Not Applicable,0,,
2024-07-09 18:37:00,CNR3487475450,Success,CID236089,Auto,Sahakar Nagar,Ramamurthy Nagar,63.0,130.0,Not Applicable,Not Applicable,No,Not Applicable,174,UPI,7,4.5,4.6
2024-07-02 07:02:00,CNR1772055626,Success,CID542394,Bike,Ramamurthy Nagar,Ulsoor,154.0,80.0,Not Applicable,Not Applicable,No,Not Applicable,273,Cash,15,3.1,3.8
2024-07-09 13:04:00,CNR4254801294,Success,CID276571,Prime Sedan,Rajajinagar,Bannerghatta Road,147.0,120.0,Not Applicable,Not Applicable,No,Not Applicable,262,UPI,4,4.4,4.6
2024-07-18 16:45:00,CNR8041385196,Driver Not Found,CID418665,Mini,Jayanagar,Basavanagudi,,,Not Applicable,Not Applicable,Not Applicable,Not Applicable,388,Not Applicable,0,,
2024-07-22 08:14:00,CNR4797546791,Success,CID200280,Prime Sedan,Peenya,Bellandur,301.0,40.0,Not Applicable,Not Applicable,No,Not Applicable,815,Cash,17,3.9,4.7
2024-07-22 10:28:00,CNR1113729716,Canceled by Driver,CID797292,Mini,RT Nagar,Cox Town,,,Not Applicable,Customer related issue,Not Applicable,Not Applicable,628,Not Applicable,0,,
2024-07-06 01:12:00,CNR9925010768,Driver Not Found,CID129848,Mini,Peenya,Vijayanagar,,,Not Applicable,Not Applicable,Not Applicable,Not Applicable,196,Not Applicable,0,,
2024-07-20 03:13:00,CNR9396821361,Success,CID435567,Mini,Langford Town,Bellandur,238.0,65.0,Not Applicable,Not Applicable,No,Not Applicable,207,UPI,34,3.6,3.0
2024-07-15 16:29:00,CNR6946185761,Canceled by Customer,CID439477,Auto,Basavanagudi,Majestic,,,Driver asked to cancel,Not Applicable,Not Applicable,Not Applicable,125,Not Applicable,0,,
2024-07-15 11:04:00,CNR6925787414,Success,CID196518,Mini,Hosur Road,Devanahalli,112.0,100.0,Not Applicable,Not Applicable,No,Not Applicable,475,Cash,47,4.7,3.8
2024-07-16 01:31:00,CNR8434886404,Success,CID553059,Prime Sedan,Ramamurthy Nagar,BTM Layout,77.0,35.0,Not Applicable,Not Applicable,No,Not Applicable,262,Credit Card,47,4.6,3.8
2024-07-14 12:28:00,CNR5267840538,Canceled by Driver,CID352835,Prime Plus,Yelahanka,Yelahanka,,,Not Applicable,Customer was coughing/sick,Not Applicable,Not Applicable,229,Not Applicable,0,,
2024-07-08 13:34:00,CNR8598773977,Canceled by Customer,CID910599,Mini,Chickpet,Majestic,,,Driver is not moving towards pickup location,Not Applicable,Not Applicable,Not Applicable,100,Not Applicable,0,,
2024-07-28 09:30:00,CNR3161984947,Canceled by Driver,CID546687,Prime Sedan,Magadi Road,Padmanabhanagar,,,Not Applicable,More than permitted people in there,Not Applicable,Not Applicable,156,Not Applicable,0,,
2024-07-07 12:22:00,CNR9104024479,Success,CID812438,Bike,Banashankari,Vijayanagar,273.0,115.0,Not Applicable,Not Applicable,No,Not Applicable,333,Debit Card,16,4.1,3.6
2024-07-02 08:30:00,CNR8633174569,Success,CID810445,Bike,Cox Town,Hennur,224.0,110.0,Not Applicable,Not Applicable,No,Not Applicable,423,Cash,6,4.1,3.3
2024-07-21 08:09:00,CNR1706422175,Driver Not Found,CID943694,Prime Sedan,Devanahalli,Sarjapur Road,,,Not Applicable,Not Applicable,Not Applicable,Not Applicable,283,Not Applicable,0,,
2024-07-24 13:53:00,CNR3266369552,Success,CID477303,Auto,Rajajinagar,Jayanagar,91.0,50.0,Not Applicable,Not Applicable,No,Not Applicable,124,Cash,14,3.8,4.6
2024-07-11 15:43:00,CNR4555077856,Canceled by Customer,CID116353,Bike,Kadugodi,Sarjapur Road,,,Driver asked to cancel,Not Applicable,Not Applicable,Not Applicable,595,Not Applicable,0,,
2024-07-15 22:13:00,CNR9233369686,Success,CID773037,Prime Plus,Majestic,Hosur Road,224.0,30.0,Not Applicable,Not Applicable,No,Not Applicable,367,Cash,48,4.1,4.6
2024-07-18 00:05:00,CNR8999026042,Success,CID610352,Prime Sedan,Magadi Road,Frazer Town,140.0,90.0,Not Applicable,Not Applicable,No,Not Applicable,359,Cash,35,4.8,3.0
2024-07-14 22:43:00,CNR4617699073,Canceled by Driver,CID728233,Prime Plus,Nagarbhavi,Bellandur,,,Not Applicable,Personal & Car related issue,Not Applicable,Not Applicable,1556,Not Applicable,0,,
2024-07-20 17:23:00,CNR7421047972,Driver Not Found,CID998121,Mini,Kadugodi,Koramangala,,,Not Applicable,Not Applicable,Not Applicable,Not Applicable,479,Not Applicable,0,,
2024-07-24 03:32:00,CNR6220163901,Success,CID653474,Prime Plus,Whitefield,Koramangala,203.0,105.0,Not Applicable,Not Applicable,No,Not Applicable,104,Cash,35,3.6,4.4
2024-07-10 03:52:00,CNR7051355807,Success,CID599983,eBike,MG Road,Vijayanagar,273.0,110.0,Not Applicable,Not Applicable,No,Not Applicable,180,Cash,2,3.2,3.7
2024-07-04 11:14:00,CNR3494582255,Driver Not Found,CID142012,Mini,Chickpet,Frazer Town,,,Not Applicable,Not Applicable,Not Applicable,Not Applicable,379,Not Applicable,0,,
2024-07-13 01:27:00,CNR6699929785,Success,CID807354,eBike,Varthur,RT Nagar,175.0,110.0,Not Applicable,Not Applicable,No,Not Applicable,804,Cash,11,4.8,3.5
2024-07-26 05:50:00,CNR6778037226,Canceled by Customer,CID818317,Bike,Marathahalli,Peenya,,,Wrong Address,Not Applicable,Not Applicable,Not Applicable,1429,Not Applicable,0,,
2024-07-29 17:53:00,CNR8434145694,Canceled by Customer,CID711405,Prime SUV,Shantinagar,Banashankari,,,Driver is not moving towards pickup location,Not Applicable,Not Applicable,Not Applicable,291,Not Applicable,0,,
2024-07-30 13:45:00,CNR6531672501,Success,CID912748,Mini,Jayanagar,Kengeri,280.0,145.0,Not Applicable,Not Applicable,No,Not Applicable,775,Cash,32,3.3,4.3
2024-07-14 03:53:00,CNR3341127470,Success,CID203719,Prime SUV,Majestic,Bannerghatta Road,70.0,105.0,Not Applicable,Not Applicable,No,Not Applicable,357,UPI,39,4.4,3.9
2024-07-05 14:51:00,CNR6312862975,Success,CID925956,eBike,Ulsoor,Whitefield,161.0,45.0,Not Applicable,Not Applicable,No,Not Applicable,583,UPI,15,3.4,3.7
2024-07-05 07:41:00,CNR9044965244,Canceled by Driver,CID469934,eBike,Peenya,Peenya,,,Not Applicable,More than permitted people in there,Not Applicable,Not Applicable,312,Not Applicable,0,,
2024-07-05 20:29:00,CNR3794368547,Success,CID219130,Auto,Malleshwaram,Sarjapur Road,294.0,85.0,Not Applicable,Not Applicable,No,Not Applicable,271,Cash,16,4.7,4.1
2024-07-03 17:45:00,CNR9606107811,Canceled by Driver,CID129747,Prime Plus,Mysore Road,Mysore Road,,,Not Applicable,Customer related issue,Not Applicable,Not Applicable,338,Not Applicable,0,,
2024-07-19 19:35:00,CNR5210666287,Success,CID558676,Prime SUV,MG Road,BTM Layout,224.0,35.0,Not Applicable,Not Applicable,No,Not Applicable,240,UPI,35,3.4,4.3
2024-07-05 23:15:00,CNR1245483777,Success,CID511373,eBike,Hennur,Malleshwaram,84.0,70.0,Not Applicable,Not Applicable,No,Not Applicable,112,UPI,16,4.7,3.1
2024-07-13 03:33:00,CNR1314613533,Canceled by Customer,CID289445,Prime SUV,Banashankari,Jayanagar,,,AC is Not working,Not Applicable,Not Applicable,Not Applicable,748,Not Applicable,0,,
2024-07-21 02:31:00,CNR7596101787,Success,CID208255,Bike,Sahakar Nagar,Hebbal,56.0,115.0,Not Applicable,Not Applicable,No,Not Applicable,294,Cash,38,3.2,4.9
2024-07-20 22:41:00,CNR7268323082,Driver Not Found,CID824672,Bike,Koramangala,Marathahalli,,,Not Applicable,Not Applicable,Not Applicable,Not Applicable,361,Not Applicable,0,,
2024-07-23 21:44:00,CNR4320287189,Success,CID410823,Mini,Kengeri,Ulsoor,147.0,145.0,Not Applicable,Not Applicable,No,Not Applicable,301,Cash,11,3.9,4.7
2024-07-28 06:19:00,CNR3619879827,Driver Not Found,CID398790,Mini,Koramangala,Ramamurthy Nagar,,,Not Applicable,Not Applicable,Not Applicable,Not Applicable,141,Not Applicable,0,,
2024-07-08 07:15:00,CNR5741076635,Driver Not Found,CID490321,Auto,Jayanagar,Hennur,,,Not Applicable,Not Applicable,Not Applicable,Not Applicable,108,Not Applicable,0,,
2024-07-14 13:51:00,CNR1570838555,Success,CID551403,eBike,Vijayanagar,Bannerghatta Road,280.0,100.0,Not Applicable,Not Applicable,No,Not Applicable,659,UPI,33,4.1,4.7
2024-07-08 06:00:00,CNR1143761190,Canceled by Customer,CID339947,Bike,Ramamurthy Nagar,Majestic,,,Driver asked to cancel,Not Applicable,Not Applicable,Not Applicable,403,Not Applicable,0,,
2024-07-25 15:37:00,CNR6832723799,Canceled by Driver,CID712579,Prime Plus,Hebbal,Cox Town,,,Not Applicable,Customer related issue,Not Applicable,Not Applicable,312,Not Applicable,0,,
2024-07-14 12:44:00,CNR9190624590,Success,CID164158,Prime Sedan,Padmanabhanagar,Rajarajeshwari Nagar,42.0,110.0,Not Applicable,Not Applicable,No,Not Applicable,1633,Cash,5,3.9,4.5
2024-07-13 05:24:00,CNR7994825847,Success,CID834506,eBike,Koramangala,Bannerghatta Road,301.0,140.0,Not Applicable,Not Applicable,No,Not Applicable,476,UPI,10,3.7,3.0
2024-07-14 05:52:00,CNR7775075312,Success,CID968752,eBike,Richmond Town,Bannerghatta Road,98.0,120.0,Not Applicable,Not Applicable,No,Not Applicable,200,Cash,47,4.5,3.8
2024-07-15 10:28:00,CNR8429052836,Success,CID128766,eBike,Yeshwanthpur,JP Nagar,217.0,45.0,Not Applicable,Not Applicable,No,Not Applicable,317,UPI,16,4.4,3.0
2024-07-11 03:36:00,CNR4717004408,Canceled by Driver,CID667442,Mini,Kadugodi,Basavanagudi,,,Not Applicable,Personal & Car related issue,Not Applicable,Not Applicable,331,Not Applicable,0,,
2024-07-06 21:06:00,CNR9525094116,Success,CID928775,Prime Plus,Hulimavu,Ulsoor,84.0,140.0,Not Applicable,Not Applicable,No,Not Applicable,643,Cash,33,4.5,3.8
2024-07-22 22:01:00,CNR1418664007,Canceled by Driver,CID311566,Prime Plus,Shivajinagar,RT Nagar,,,Not Applicable,Personal & Car related issue,Not Applicable,Not Applicable,174,Not Applicable,0,,
2024-07-02 11:32:00,CNR7330759232,Success,CID127831,Prime SUV,Mysore Road,Shantinagar,63.0,100.0,Not Applicable,Not Applicable,No,Not Applicable,132,Cash,1,3.6,3.7
2024-07-30 20:46:00,CNR8021643891,Success,CID219436,eBike,Hebbal,Magadi Road,70.0,75.0,Not Applicable,Not Applicable,No,Not Applicable,184,Cash,39,3.2,3.2
2024-07-25 05:27:00,CNR4647648796,Success,CID448066,Auto,KR Puram,Nagarbhavi,182.0,60.0,Not Applicable,Not Applicable,No,Not Applicable,849,UPI,11,4.2,3.7
2024-07-07 17:02:00,CNR7644387232,Success,CID590445,Prime Plus,Cox Town,Devanahalli,196.0,45.0,Not Applicable,Not Applicable,No,Not Applicable,322,UPI,33,3.1,3.9
2024-07-24 03:39:00,CNR3042421696,Success,CID921575,Prime SUV,Devanahalli,Marathahalli,112.0,100.0,Not Applicable,Not Applicable,No,Not Applicable,196,Cash,34,4.6,3.4
2024-07-19 14:03:00,CNR9516890293,Canceled by Customer,CID392856,Bike,Magadi Road,Rajarajeshwari Nagar,,,Change of plans,Not Applicable,Not Applicable,Not Applicable,384,Not Applicable,0,,
2024-07-08 13:04:00,CNR9921820356,Canceled by Driver,CID871315,Bike,MG Road,Indiranagar,,,Not Applicable,Personal & Car related issue,Not Applicable,Not Applicable,224,Not Applicable,0,,
2024-07-07 01:36:00,CNR2307284968,Success,CID536158,Auto,Jayanagar,Frazer Town,91.0,140.0,Not Applicable,Not Applicable,No,Not Applicable,942,UPI,17,5.0,4.7
2024-07-29 21:31:00,CNR2548955706,Success,CID327841,Prime Sedan,Langford Town,Hosur Road,210.0,135.0,Not Applicable,Not Applicable,Yes,Customer Demand,411,Cash,28,3.6,4.0
2024-07-24 11:51:00,CNR2701372885,Canceled by Driver,CID327189,Prime SUV,Banashankari,Hebbal,,,Not Applicable,Customer was coughing/sick,Not Applicable,Not Applicable,238,Not Applicable,0,,
2024-07-11 03:02:00,CNR1601356753,Success,CID740913,Prime SUV,Vijayanagar,Ulsoor,245.0,100.0,Not Applicable,Not Applicable,No,Not Applicable,145,Cash,14,4.7,4.1
2024-07-15 14:26:00,CNR5401611114,Canceled by Driver,CID503053,eBike,Tumkur Road,Tumkur Road,,,Not Applicable,Customer related issue,Not Applicable,Not Applicable,2507,Not Applicable,0,,
2024-07-15 13:58:00,CNR6960800851,Success,CID742175,Bike,Bellandur,Magadi Road,182.0,105.0,Not Applicable,Not Applicable,No,Not Applicable,382,UPI,38,4.7,3.5
2024-07-04 00:55:00,CNR5267889682,Canceled by Customer,CID615165,Auto,Electronic City,Marathahalli,,,Driver is not moving towards pickup location,Not Applicable,Not Applicable,Not Applicable,1519,Not Applicable,0,,
2024-07-09 19:49:00,CNR8956663226,Success,CID550785,Mini,Kadugodi,Electronic City,84.0,30.0,Not Applicable,Not Applicable,No,Not Applicable,746,Credit Card,48,4.4,4.2
2024-07-26 00:07:00,CNR5593627529,Canceled by Driver,CID961043,Auto,Chickpet,Chickpet,,,Not Applicable,Customer related issue,Not Applicable,Not Applicable,374,Not Applicable,0,,
2024-07-10 14:46:00,CNR1176751221,Canceled by Customer,CID806897,Bike,Indiranagar,Sarjapur Road,,,AC is Not working,Not Applicable,Not Applicable,Not Applicable,939,Not Applicable,0,,
2024-07-13 21:46:00,CNR4788500686,Success,CID824102,Auto,Koramangala,Ramamurthy Nagar,266.0,120.0,Not Applicable,Not Applicable,No,Not Applicable,203,Credit Card,11,4.0,4.8
2024-07-17 16:30:00,CNR4983169420,Success,CID245934,Prime SUV,Hosur Road,Sahakar Nagar,252.0,75.0,Not Applicable,Not Applicable,No,Not Applicable,253,Credit Card,2,3.5,4.0
2024-07-29 01:19:00,CNR6143697172,Success,CID313129,Prime Sedan,Rajarajeshwari Nagar,Nagarbhavi,70.0,55.0,Not Applicable,Not Applicable,No,Not Applicable,825,UPI,24,4.7,3.3
2024-07-23 02:38:00,CNR6908079504,Success,CID257901,Prime Sedan,Jayanagar,Electronic City,35.0,90.0,Not Applicable,Not Applicable,No,Not Applicable,982,Cash,41,3.9,3.9
2024-07-15 16:55:00,CNR8177154751,Canceled by Customer,CID634534,Mini,Langford Town,Shivajinagar,,,Change of plans,Not Applicable,Not Applicable,Not Applicable,131,Not Applicable,0,,
2024-07-10 12:36:00,CNR6081929738,Success,CID127377,Bike,Cox Town,Banashankari,98.0,125.0,Not Applicable,Not Applicable,No,Not Applicable,444,Cash,31,3.7,3.6
2024-07-14 15:31:00,CNR8371432651,Success,CID700263,Prime Sedan,Koramangala,Sarjapur Road,49.0,95.0,Not Applicable,Not Applicable,No,Not Applicable,880,UPI,24,4.0,4.4
2024-07-11 18:47:00,CNR3138367269,Driver Not Found,CID986739,eBike,Sahakar Nagar,Rajarajeshwari Nagar,,,Not Applicable,Not Applicable,Not Applicable,Not Applicable,2372,Not Applicable,0,,
2024-07-16 04:27:00,CNR5986193870,Success,CID894184,Prime Sedan,Chickpet,Varthur,49.0,45.0,Not Applicable,Not Applicable,No,Not Applicable,293,Cash,46,4.1,4.2
2024-07-10 15:21:00,CNR8995019496,Canceled by Driver,CID777590,eBike,Varthur,Bannerghatta Road,,,Not Applicable,More than permitted people in there,Not Applicable,Not Applicable,182,Not Applicable,0,,
2024-07-20 06:57:00,CNR7877527400,Driver Not Found,CID899367,Prime Sedan,Whitefield,MG Road,,,Not Applicable,Not Applicable,Not Applicable,Not Applicable,433,Not Applicable,0,,
2024-07-10 07:25:00,CNR9201487501,Canceled by Customer,CID434066,Prime SUV,Shivajinagar,Ulsoor,,,Driver asked to cancel,Not Applicable,Not Applicable,Not Applicable,184,Not Applicable,0,,
2024-07-12 19:11:00,CNR7372067870,Success,CID100983,Auto,Yelahanka,Mysore Road,91.0,105.0,Not Applicable,Not Applicable,No,Not Applicable,355,Cash,12,3.8,3.9
2024-07-05 16:25:00,CNR8176115145,Success,CID324738,eBike,Yelahanka,Sarjapur Road,245.0,110.0,Not Applicable,Not Applicable,No,Not Applicable,830,Cash,26,3.2,4.7
2024-07-23 09:10:00,CNR6660976459,Success,CID635317,Prime SUV,Ulsoor,Majestic,238.0,95.0,Not Applicable,Not Applicable,No,Not Applicable,156,UPI,10,3.7,4.1
2024-07-24 21:38:00,CNR4244272511,Success,CID683727,Prime Plus,Langford Town,Cox Town,210.0,25.0,Not Applicable,Not Applicable,No,Not Applicable,804,Debit Card,31,3.4,3.8
2024-07-28 16:45:00,CNR8006536036,Success,CID822934,Prime Plus,Malleshwaram,Nagarbhavi,294.0,55.0,Not Applicable,Not Applicable,No,Not Applicable,420,Cash,36,4.7,4.5
2024-07-24 02:53:00,CNR8802356631,Success,CID503851,Mini,Bannerghatta Road,Devanahalli,49.0,80.0,Not Applicable,Not Applicable,No,Not Applicable,421,Cash,34,4.4,3.6
2024-07-13 21:17:00,CNR1143127356,Canceled by Driver,CID878273,Mini,Mysore Road,Electronic City,,,Not Applicable,Customer related issue,Not Applicable,Not Applicable,278,Not Applicable,0,,
2024-07-12 07:39:00,CNR6516526965,Success,CID874496,Auto,Langford Town,Yeshwanthpur,238.0,60.0,Not Applicable,Not Applicable,No,Not Applicable,1567,UPI,3,4.8,4.8
2024-07-11 00:37:00,CNR6237892249,Success,CID993440,eBike,Magadi Road,Nagarbhavi,35.0,130.0,Not Applicable,Not Applicable,No,Not Applicable,164,UPI,14,4.2,3.4
2024-07-25 13:15:00,CNR2543800101,Canceled by Customer,CID778053,Prime Plus,Hulimavu,Chamarajpet,,,Driver asked to cancel,Not Applicable,Not Applicable,Not Applicable,244,Not Applicable,0,,
2024-07-15 07:33:00,CNR1418656416,Canceled by Driver,CID785220,Prime Sedan,KR Puram,Padmanabhanagar,,,Not Applicable,More than permitted people in there,Not Applicable,Not Applicable,775,Not Applicable,0,,
2024-07-29 11:28:00,CNR7373015441,Success,CID755733,Auto,Magadi Road,Cox Town,84.0,75.0,Not Applicable,Not Applicable,No,Not Applicable,160,UPI,11,3.6,3.6
2024-07-30 11:44:00,CNR5420579210,Canceled by Customer,CID448969,Prime Plus,Majestic,Peenya,,,AC is Not working,Not Applicable,Not Applicable,Not Applicable,1374,Not Applicable,0,,
2024-07-06 00:40:00,CNR2116201700,Canceled by Driver,CID996023,Bike,Hennur,Koramangala,,,Not Applicable,Personal & Car related issue,Not Applicable,Not Applicable,1820,Not Applicable,0,,
2024-07-10 23:11:00,CNR2285689961,Success,CID746061,eBike,RT Nagar,Sarjapur Road,154.0,65.0,Not Applicable,Not Applicable,Yes,Customer Demand,722,UPI,43,3.6,4.0
2024-07-08 09:18:00,CNR6524428301,Success,CID810086,Prime Sedan,Malleshwaram,Peenya,301.0,95.0,Not Applicable,Not Applicable,No,Not Applicable,281,UPI,6,4.5,3.8
2024-07-27 13:13:00,CNR4250058242,Success,CID751063,Prime Sedan,HSR Layout,BTM Layout,287.0,140.0,Not Applicable,Not Applicable,No,Not Applicable,173,UPI,27,3.5,4.1
2024-07-17 15:34:00,CNR7659229494,Canceled by Driver,CID214571,Prime SUV,Yeshwanthpur,HSR Layout,,,Not Applicable,Customer was coughing/sick,Not Applicable,Not Applicable,211,Not Applicable,0,,
2024-07-04 17:12:00,CNR7863682289,Success,CID792069,Prime Plus,Bannerghatta Road,Frazer Town,238.0,100.0,Not Applicable,Not Applicable,No,Not Applicable,437,Cash,28,4.1,4.6
2024-07-20 16:39:00,CNR3052202725,Driver Not Found,CID440546,Auto,Ramamurthy Nagar,Richmond Town,,,Not Applicable,Not Applicable,Not Applicable,Not Applicable,317,Not Applicable,0,,
2024-07-03 18:48:00,CNR5618148356,Driver Not Found,CID709929,Prime SUV,RT Nagar,Padmanabhanagar,,,Not Applicable,Not Applicable,Not Applicable,Not Applicable,490,Not Applicable,0,,
2024-07-16 22:32:00,CNR1877208406,Success,CID870006,Bike,Langford Town,KR Puram,168.0,105.0,Not Applicable,Not Applicable,No,Not Applicable,810,UPI,33,3.5,3.8
2024-07-06 10:39:00,CNR8738247976,Success,CID921412,Mini,Yeshwanthpur,Shivajinagar,119.0,145.0,Not Applicable,Not Applicable,No,Not Applicable,386,UPI,6,4.1,3.3
2024-07-10 15:36:00,CNR5444066385,Success,CID915507,Prime Sedan,Nagarbhavi,Chamarajpet,49.0,65.0,Not Applicable,Not Applicable,Yes,Vehicle Breakdown,556,Cash,2,3.2,4.1
2024-07-27 15:20:00,CNR2371544582,Canceled by Driver,CID709852,Prime SUV,Hulimavu,Yeshwanthpur,,,Not Applicable,Personal & Car related issue,Not Applicable,Not Applicable,266,Not Applicable,0,,
2024-07-04 06:59:00,CNR8344409204,Canceled by Driver,CID386057,Mini,Rajarajeshwari Nagar,Basavanagudi,,,Not Applicable,Personal & Car related issue,Not Applicable,Not Applicable,118,Not Applicable,0,,
2024-07-21 15:13:00,CNR7408603779,Canceled by Customer,CID888136,Prime SUV,Yelahanka,JP Nagar,,,Wrong Address,Not Applicable,Not Applicable,Not Applicable,116,Not Applicable,0,,
2024-07-24 15:17:00,CNR2541109327,Canceled by Customer,CID109622,Prime Plus,Hulimavu,Chamarajpet,,,Wrong Address,Not Applicable,Not Applicable,Not Applicable,485,Not Applicable,0,,
2024-07-09 05:15:00,CNR2717019450,Driver Not Found,CID991109,Prime SUV,Yelahanka,Varthur,,,Not Applicable,Not Applicable,Not Applicable,Not Applicable,720,Not Applicable,0,,
2024-07-13 10:17:00,CNR7873759872,Success,CID264427,Prime Sedan,Yelahanka,Banashankari,175.0,95.0,Not Applicable,Not Applicable,No,Not Applicable,356,Cash,24,4.0,4.9
2024-07-09 12:52:00,CNR8616396978,Success,CID758959,Prime SUV,Bannerghatta Road,BTM Layout,196.0,140.0,Not Applicable,Not Applicable,No,Not Applicable,178,Cash,13,3.0,3.8
2024-07-18 17:10:00,CNR1659534201,Success,CID501806,Auto,Ulsoor,Padmanabhanagar,224.0,60.0,Not Applicable,Not Applicable,No,Not Applicable,565,Cash,10,3.7,3.8
2024-07-12 07:37:00,CNR4515973219,Canceled by Driver,CID452560,Prime SUV,Indiranagar,Mysore Road,,,Not Applicable,Customer was coughing/sick,Not Applicable,Not Applicable,108,Not Applicable,0,,
2024-07-28 03:58:00,CNR8712626992,Success,CID790054,Auto,Yelahanka,Vijayanagar,35.0,25.0,Not Applicable,Not Applicable,Yes,Customer Demand,1670,Cash,19,4.4,3.4
2024-07-11 01:04:00,CNR7447508217,Success,CID888643,Prime Plus,Ulsoor,Jayanagar,231.0,95.0,Not Applicable,Not Applicable,No,Not Applicable,376,UPI,35,4.0,3.9
2024-07-16 16:30:00,CNR2189721950,Success,CID305204,Prime SUV,Frazer Town,KR Puram,231.0,90.0,Not Applicable,Not Applicable,No,Not Applicable,323,UPI,9,4.4,4.9
2024-07-02 15:23:00,CNR1614038835,Success,CID471975,Prime SUV,Bellandur,Langford Town,91.0,120.0,Not Applicable,Not Applicable,No,Not Applicable,317,UPI,34,4.9,4.0
2024-07-24 05:30:00,CNR2006050962,Canceled by Driver,CID625760,Prime Plus,Tumkur Road,HSR Layout,,,Not Applicable,Personal & Car related issue,Not Applicable,Not Applicable,319,Not Applicable,0,,
2024-07-10 04:58:00,CNR7619474276,Success,CID535233,Auto,Electronic City,Ulsoor,168.0,60.0,Not Applicable,Not Applicable,Yes,Vehicle Breakdown,228,UPI,14,3.6,4.4
2024-07-06 04:46:00,CNR1823151221,Success,CID605963,Prime SUV,Whitefield,Kammanahalli,35.0,65.0,Not Applicable,Not Applicable,No,Not Applicable,339,Cash,19,3.4,4.9
2024-07-06 05:38:00,CNR1373288658,Canceled by Driver,CID126668,Bike,Jayanagar,Rajajinagar,,,Not Applicable,Customer was coughing/sick,Not Applicable,Not Applicable,272,Not Applicable,0,,
2024-07-08 18:27:00,CNR2900252085,Success,CID464901,Auto,Bannerghatta Road,Devanahalli,168.0,50.0,Not Applicable,Not Applicable,No,Not Applicable,202,Debit Card,19,4.6,3.7
2024-07-01 07:08:00,CNR9622814729,Success,CID421438,eBike,BTM Layout,Hebbal,119.0,70.0,Not Applicable,Not Applicable,No,Not Applicable,420,Cash,9,3.5,4.8
2024-07-06 18:42:00,CNR9972562583,Canceled by Driver,CID229182,Prime Sedan,Bellandur,JP Nagar,,,Not Applicable,Customer related issue,Not Applicable,Not Applicable,401,Not Applicable,0,,
2024-07-20 15:39:00,CNR2420846272,Canceled by Driver,CID756041,Prime SUV,RT Nagar,Sarjapur Road,,,Not Applicable,Personal & Car related issue,Not Applicable,Not Applicable,985,Not Applicable,0,,
2024-07-21 15:55:00,CNR3736779278,Success,CID333767,Bike,Marathahalli,Bellandur,147.0,145.0,Not Applicable,Not Applicable,No,Not Applicable,290,UPI,20,3.2,4.0
2024-07-10 20:34:00,CNR4530828342,Success,CID361322,Prime Sedan,Marathahalli,Marathahalli,147.0,60.0,Not Applicable,Not Applicable,No,Not Applicable,2625,UPI,44,3.6,4.0
2024-07-29 23:32:00,CNR3027258825,Success,CID589164,Mini,Hebbal,Yelahanka,182.0,145.0,Not Applicable,Not Applicable,No,Not Applicable,228,Cash,5,4.1,5.0
2024-07-05 14:34:00,CNR2295880859,Driver Not Found,CID203882,eBike,KR Puram,Ulsoor,,,Not Applicable,Not Applicable,Not Applicable,Not Applicable,278,Not Applicable,0,,
2024-07-14 12:01:00,CNR5090328793,Canceled by Driver,CID957718,Auto,Devanahalli,Shivajinagar,,,Not Applicable,Customer related issue,Not Applicable,Not Applicable,781,Not Applicable,0,,
2024-07-18 09:08:00,CNR6534696919,Success,CID430134,Prime Sedan,Jayanagar,RT Nagar,294.0,60.0,Not Applicable,Not Applicable,No,Not Applicable,351,UPI,20,3.6,3.3
2024-07-19 05:18:00,CNR9726415122,Canceled by Driver,CID366808,Auto,Padmanabhanagar,Malleshwaram,,,Not Applicable,Personal & Car related issue,Not Applicable,Not Applicable,2053,Not Applicable,0,,
2024-07-05 15:02:00,CNR6196211395,Driver Not Found,CID424174,Prime Sedan,Whitefield,MG Road,,,Not Applicable,Not Applicable,Not Applicable,Not Applicable,186,Not Applicable,0,,
2024-07-07 21:14:00,CNR1812870047,Canceled by Driver,CID881099,Auto,Richmond Town,Sahakar Nagar,,,Not Applicable,Customer related issue,Not Applicable,Not Applicable,315,Not Applicable,0,,
2024-07-03 05:03:00,CNR8819111256,Success,CID542217,Auto,Kengeri,Padmanabhanagar,308.0,130.0,Not Applicable,Not Applicable,No,Not Applicable,430,Cash,15,4.9,4.5
2024-07-23 16:54:00,CNR1204281049,Success,CID445607,Prime Sedan,Varthur,Indiranagar,140.0,100.0,Not Applicable,Not Applicable,Yes,Other Issue,426,Cash,43,3.6,4.7
2024-07-23 23:55:00,CNR7342151624,Success,CID220162,Auto,Varthur,Hebbal,70.0,95.0,Not Applicable,Not Applicable,No,Not Applicable,998,Cash,1,4.9,4.7
2024-07-30 14:21:00,CNR6682697113,Success,CID241068,eBike,Bannerghatta Road,Rajajinagar,133.0,35.0,Not Applicable,Not Applicable,No,Not Applicable,417,UPI,18,3.0,4.2
2024-07-04 01:12:00,CNR4894170723,Driver Not Found,CID189197,Auto,KR Puram,Devanahalli,,,Not Applicable,Not Applicable,Not Applicable,Not Applicable,1425,Not Applicable,0,,
2024-07-26 04:45:00,CNR3193200593,Success,CID696703,Mini,JP Nagar,Richmond Town,133.0,35.0,Not Applicable,Not Applicable,No,Not Applicable,238,UPI,41,4.7,4.9
2024-07-08 22:20:00,CNR8607804744,Canceled by Driver,CID437007,Auto,Majestic,Tumkur Road,,,Not Applicable,Customer was coughing/sick,Not Applicable,Not Applicable,243,Not Applicable,0,,
2024-07-03 21:29:00,CNR2932458018,Success,CID165635,Prime SUV,Frazer Town,Majestic,175.0,125.0,Not Applicable,Not Applicable,No,Not Applicable,633,Cash,11,4.6,4.9
2024-07-09 09:45:00,CNR3384026312,Canceled by Driver,CID848497,Prime SUV,Bellandur,Hosur Road,,,Not Applicable,Customer was coughing/sick,Not Applicable,Not Applicable,369,Not Applicable,0,,
2024-07-09 16:11:00,CNR3709633286,Canceled by Customer,CID560929,Bike,Chamarajpet,Yeshwanthpur,,,Driver is not moving towards pickup location,Not Applicable,Not Applicable,Not Applicable,147,Not Applicable,0,,
2024-07-17 09:52:00,CNR5259161025,Canceled by Driver,CID814638,Auto,Banashankari,Tumkur Road,,,Not Applicable,Personal & Car related issue,Not Applicable,Not Applicable,391,Not Applicable,0,,
2024-07-19 08:00:00,CNR7813352901,Driver Not Found,CID468201,Mini,Hennur,Hulimavu,,,Not Applicable,Not Applicable,Not Applicable,Not Applicable,837,Not Applicable,0,,
2024-07-27 08:03:00,CNR4712704824,Canceled by Driver,CID305568,Prime Sedan,Frazer Town,Malleshwaram,,,Not Applicable,Customer related issue,Not Applicable,Not Applicable,442,Not Applicable,0,,
2024-07-06 09:28:00,CNR9845067682,Canceled by Customer,CID964858,Prime Sedan,Nagarbhavi,Banashankari,,,Change of plans,Not Applicable,Not Applicable,Not Applicable,433,Not Applicable,0,,
2024-07-05 18:18:00,CNR2136588444,Success,CID259311,Auto,HSR Layout,Devanahalli,154.0,50.0,Not Applicable,Not Applicable,No,Not Applicable,116,UPI,7,4.9,4.7
2024-07-03 05:34:00,CNR4238827683,Success,CID209971,Auto,Nagarbhavi,Indiranagar,245.0,140.0,Not Applicable,Not Applicable,No,Not Applicable,330,UPI,19,3.0,3.3
2024-07-16 18:52:00,CNR3149927851,Success,CID431985,Mini,Varthur,Malleshwaram,189.0,65.0,Not Applicable,Not Applicable,No,Not Applicable,313,Cash,32,3.9,3.3
2024-07-04 13:23:00,CNR9399883345,Success,CID701863,Prime Plus,Cox Town,Basavanagudi,70.0,75.0,Not Applicable,Not Applicable,No,Not Applicable,737,Cash,19,5.0,4.7
2024-07-25 11:55:00,CNR8461825607,Canceled by Customer,CID442869,Mini,Kengeri,Langford Town,,,Driver is not moving towards pickup location,Not Applicable,Not Applicable,Not Applicable,242,Not Applicable,0,,
2024-07-10 08:09:00,CNR1448897945,Success,CID543681,Prime SUV,Hebbal,Rajarajeshwari Nagar,147.0,125.0,Not Applicable,Not Applicable,No,Not Applicable,662,UPI,22,4.6,4.0
2024-07-11 19:33:00,CNR6522946404,Driver Not Found,CID419340,Auto,Koramangala,Kengeri,,,Not Applicable,Not Applicable,Not Applicable,Not Applicable,148,Not Applicable,0,,
2024-07-09 12:33:00,CNR8856840184,Success,CID649807,Bike,Devanahalli,BTM Layout,98.0,25.0,Not Applicable,Not Applicable,No,Not Applicable,1635,Cash,34,4.3,3.2
2024-07-26 10:52:00,CNR4773825342,Success,CID297819,Auto,Shivajinagar,Rajajinagar,294.0,40.0,Not Applicable,Not Applicable,No,Not Applicable,2609,Cash,14,3.9,3.8
2024-07-22 19:04:00,CNR4269060065,Canceled by Driver,CID409986,Auto,RT Nagar,Hennur,,,Not Applicable,Personal & Car related issue,Not Applicable,Not Applicable,105,Not Applicable,0,,
2024-07-21 02:18:00,CNR9128632336,Driver Not Found,CID160129,Bike,Peenya,Chickpet,,,Not Applicable,Not Applicable,Not Applicable,Not Applicable,192,Not Applicable,0,,
2024-07-19 06:55:00,CNR1145894591,Success,CID899117,Bike,Kadugodi,Vijayanagar,126.0,25.0,Not Applicable,Not Applicable,No,Not Applicable,871,Cash,44,4.0,4.2
2024-07-26 14:44:00,CNR4678761176,Canceled by Customer,CID865596,eBike,KR Puram,RT Nagar,,,Driver asked to cancel,Not Applicable,Not Applicable,Not Applicable,437,Not Applicable,0,,
2024-07-04 07:01:00,CNR6071951681,Canceled by Driver,CID198049,Mini,Peenya,Frazer Town,,,Not Applicable,Customer related issue,Not Applicable,Not Applicable,619,Not Applicable,0,,
2024-07-24 15:52:00,CNR8873029437,Canceled by Customer,CID258412,Bike,JP Nagar,Shivajinagar,,,Change of plans,Not Applicable,Not Applicable,Not Applicable,194,Not Applicable,0,,
2024-07-03 02:15:00,CNR9539456984,Success,CID710571,Bike,Koramangala,HSR Layout,105.0,40.0,Not Applicable,Not Applicable,No,Not Applicable,472,UPI,27,3.8,4.2
2024-07-06 12:00:00,CNR4527639209,Success,CID610206,eBike,Rajarajeshwari Nagar,BTM Layout,182.0,115.0,Not Applicable,Not Applicable,Yes,Other Issue,228,Cash,34,3.4,4.9
2024-07-14 14:49:00,CNR3982330558,Success,CID451446,Auto,Padmanabhanagar,Electronic City,56.0,30.0,Not Applicable,Not Applicable,No,Not Applicable,407,UPI,4,4.9,4.3
2024-07-08 14:00:00,CNR6473511481,Success,CID895047,Auto,Bannerghatta Road,Jayanagar,287.0,145.0,Not Applicable,Not Applicable,No,Not Applicable,303,UPI,2,4.2,4.3
2024-07-02 06:47:00,CNR4044135704,Canceled by Driver,CID693982,Prime SUV,Sarjapur Road,Peenya,,,Not Applicable,Personal & Car related issue,Not Applicable,Not Applicable,2205,Not Applicable,0,,
2024-07-30 15:56:00,CNR2983831695,Canceled by Driver,CID663582,Bike,Kengeri,Koramangala,,,Not Applicable,Customer related issue,Not Applicable,Not Applicable,923,Not Applicable,0,,
2024-07-14 09:58:00,CNR9775500246,Success,CID366490,Prime SUV,Hulimavu,Cox Town,77.0,125.0,Not Applicable,Not Applicable,No,Not Applicable,389,Cash,1,4.2,3.9
2024-07-23 10:45:00,CNR8221635530,Success,CID251984,eBike,Richmond Town,Chamarajpet,161.0,95.0,Not Applicable,Not Applicable,No,Not Applicable,381,Cash,25,3.2,4.3
2024-07-03 22:46:00,CNR1961635202,Success,CID641629,Prime Sedan,Varthur,Shivajinagar,224.0,45.0,Not Applicable,Not Applicable,No,Not Applicable,179,UPI,14,3.3,4.1
2024-07-11 03:10:00,CNR6562406939,Canceled by Customer,CID218189,eBike,KR Puram,Chickpet,,,Wrong Address,Not Applicable,Not Applicable,Not Applicable,2925,Not Applicable,0,,
2024-07-07 21:13:00,CNR4740144562,Success,CID152855,Prime Sedan,BTM Layout,Chamarajpet,84.0,110.0,Not Applicable,Not Applicable,No,Not Applicable,223,Cash,24,4.5,4.0
2024-07-30 15:15:00,CNR6810418320,Success,CID798645,Prime SUV,Koramangala,Devanahalli,189.0,35.0,Not Applicable,Not Applicable,No,Not Applicable,2005,Cash,2,3.6,4.9
2024-07-16 04:00:00,CNR1447324759,Canceled by Driver,CID525630,Bike,Frazer Town,Devanahalli,,,Not Applicable,Personal & Car related issue,Not Applicable,Not Applicable,1344,Not Applicable,0,,
2024-07-30 08:44:00,CNR9404806952,Canceled by Customer,CID186044,eBike,Electronic City,Nagarbhavi,,,Driver is not moving towards pickup location,Not Applicable,Not Applicable,Not Applicable,313,Not Applicable,0,,
2024-07-30 22:36:00,CNR8585637593,Canceled by Customer,CID748078,Prime Plus,Sarjapur Road,Shivajinagar,,,Driver is not moving towards pickup location,Not Applicable,Not Applicable,Not Applicable,583,Not Applicable,0,,
2024-07-26 13:22:00,CNR1853281184,Success,CID137469,Bike,Shivajinagar,Langford Town,189.0,40.0,Not Applicable,Not Applicable,No,Not Applicable,371,Cash,20,4.5,4.1
2024-07-28 11:26:00,CNR4664095977,Driver Not Found,CID297693,Prime Plus,Jayanagar,Hennur,,,Not Applicable,Not Applicable,Not Applicable,Not Applicable,450,Not Applicable,0,,
2024-07-04 02:27:00,CNR4116822278,Success,CID284266,Prime Sedan,Peenya,Rajajinagar,217.0,70.0,Not Applicable,Not Applicable,No,Not Applicable,1276,UPI,45,4.6,3.9
2024-07-22 13:14:00,CNR6606668397,Canceled by Customer,CID634352,Prime Sedan,Hosur Road,Hennur,,,AC is Not working,Not Applicable,Not Applicable,Not Applicable,399,Not Applicable,0,,
2024-07-29 18:20:00,CNR8411395581,Canceled by Driver,CID344467,Mini,Frazer Town,Yeshwanthpur,,,Not Applicable,Customer related issue,Not Applicable,Not Applicable,277,Not Applicable,0,,
2024-07-05 19:46:00,CNR1407066452,Canceled by Driver,CID774379,Auto,Hebbal,Varthur,,,Not Applicable,Customer related issue,Not Applicable,Not Applicable,368,Not Applicable,0,,
2024-07-08 04:46:00,CNR5932027892,Driver Not Found,CID525166,Prime Plus,Hulimavu,KR Puram,,,Not Applicable,Not Applicable,Not Applicable,Not Applicable,288,Not Applicable,0,,
2024-07-20 15:42:00,CNR1188232790,Success,CID403271,Prime Sedan,Richmond Town,Hulimavu,231.0,45.0,Not Applicable,Not Applicable,No,Not Applicable,386,Cash,40,4.6,3.3
2024-07-22 01:50:00,CNR8307607767,Success,CID170756,Auto,Banashankari,Hebbal,182.0,130.0,Not Applicable,Not Applicable,No,Not Applicable,1404,Cash,3,3.4,3.5
2024-07-11 22:10:00,CNR5053769663,Success,CID676433,Prime Plus,KR Puram,Banashankari,273.0,50.0,Not Applicable,Not Applicable,No,Not Applicable,2563,Credit Card,9,3.3,3.1
2024-07-15 23:05:00,CNR7874808361,Canceled by Customer,CID285587,Mini,Chamarajpet,Hebbal,,,Driver is not moving towards pickup location,Not Applicable,Not Applicable,Not Applicable,772,Not Applicable,0,,
2024-07-05 03:58:00,CNR8880230368,Success,CID697307,Prime Sedan,RT Nagar,Banashankari,119.0,70.0,Not Applicable,Not Applicable,No,Not Applicable,452,UPI,11,4.3,3.5
2024-07-07 15:00:00,CNR1272260105,Canceled by Customer,CID718435,Bike,Rajarajeshwari Nagar,Yeshwanthpur,,,Change of plans,Not Applicable,Not Applicable,Not Applicable,121,Not Applicable,0,,
2024-07-10 06:45:00,CNR5659939948,Success,CID867397,Prime Sedan,Varthur,Bannerghatta Road,308.0,55.0,Not Applicable,Not Applicable,No,Not Applicable,558,Cash,26,4.4,4.3
2024-07-24 04:23:00,CNR7923206111,Driver Not Found,CID482365,Prime Plus,MG Road,Peenya,,,Not Applicable,Not Applicable,Not Applicable,Not Applicable,298,Not Applicable,0,,
2024-07-11 19:34:00,CNR1810596955,Canceled by Customer,CID229103,Mini,Hulimavu,Indiranagar,,,Change of plans,Not Applicable,Not Applicable,Not Applicable,1391,Not Applicable,0,,
2024-07-01 14:33:00,CNR1719653832,Canceled by Driver,CID109691,Bike,Nagarbhavi,Whitefield,,,Not Applicable,Customer related issue,Not Applicable,Not Applicable,151,Not Applicable,0,,
2024-07-11 02:49:00,CNR2872309332,Canceled by Driver,CID552470,Prime Plus,Chamarajpet,Hulimavu,,,Not Applicable,Personal & Car related issue,Not Applicable,Not Applicable,101,Not Applicable,0,,
2024-07-19 10:15:00,CNR9549737656,Driver Not Found,CID538644,Auto,Sahakar Nagar,Kadugodi,,,Not Applicable,Not Applicable,Not Applicable,Not Applicable,915,Not Applicable,0,,
2024-07-28 03:30:00,CNR5813984038,Success,CID813597,Prime Sedan,Marathahalli,Basavanagudi,294.0,35.0,Not Applicable,Not Applicable,No,Not Applicable,284,UPI,46,4.5,4.5
2024-07-13 22:40:00,CNR6946477783,Canceled by Customer,CID859467,Mini,Bannerghatta Road,Banashankari,,,Driver is not moving towards pickup location,Not Applicable,Not Applicable,Not Applicable,456,Not Applicable,0,,
2024-07-28 23:35:00,CNR1527721902,Success,CID503960,Prime Sedan,Koramangala,Kengeri,91.0,45.0,Not Applicable,Not Applicable,No,Not Applicable,478,Cash,18,3.5,3.7
2024-07-02 09:13:00,CNR9145316237,Success,CID950303,Auto,Vijayanagar,Cox Town,84.0,25.0,Not Applicable,Not Applicable,No,Not Applicable,2280,Cash,19,3.4,4.5
2024-07-26 20:29:00,CNR3744049121,Success,CID152566,Auto,Shivajinagar,JP Nagar,175.0,130.0,Not Applicable,Not Applicable,No,Not Applicable,142,UPI,5,3.5,3.7
2024-07-29 17:47:00,CNR9883520839,Driver Not Found,CID987082,Prime Sedan,KR Puram,Chamarajpet,,,Not Applicable,Not Applicable,Not Applicable,Not Applicable,1390,Not Applicable,0,,
2024-07-23 03:42:00,CNR2683607763,Success,CID582334,Prime Sedan,Kadugodi,Whitefield,42.0,130.0,Not Applicable,Not Applicable,No,Not Applicable,918,Cash,31,4.1,3.4
2024-07-20 02:05:00,CNR5743951114,Success,CID600863,Auto,Shivajinagar,Vijayanagar,63.0,105.0,Not Applicable,Not Applicable,No,Not Applicable,523,UPI,15,3.0,3.9
2024-07-21 01:06:00,CNR3622907590,Success,CID308986,Prime SUV,Nagarbhavi,Yeshwanthpur,252.0,140.0,Not Applicable,Not Applicable,No,Not Applicable,361,Cash,9,4.6,3.6
2024-07-10 06:21:00,CNR3075704285,Driver Not Found,CID608574,eBike,Ramamurthy Nagar,Nagarbhavi,,,Not Applicable,Not Applicable,Not Applicable,Not Applicable,283,Not Applicable,0,,
2024-07-25 14:24:00,CNR9736950730,Success,CID366023,Auto,Banashankari,JP Nagar,112.0,95.0,Not Applicable,Not Applicable,No,Not Applicable,403,UPI,15,3.1,3.2
2024-07-22 00:31:00,CNR7344585506,Canceled by Customer,CID286832,Prime Plus,Shantinagar,Kengeri,,,AC is Not working,Not Applicable,Not Applicable,Not Applicable,184,Not Applicable,0,,
2024-07-06 21:40:00,CNR4956079726,Success,CID921837,Auto,Langford Town,Hennur,245.0,130.0,Not Applicable,Not Applicable,No,Not Applicable,312,Cash,11,3.4,4.6
2024-07-01 04:55:00,CNR6652911179,Canceled by Customer,CID721061,Prime Sedan,Yelahanka,Padmanabhanagar,,,Driver is not moving towards pickup location,Not Applicable,Not Applicable,Not Applicable,143,Not Applicable,0,,
2024-07-19 03:18:00,CNR7665072685,Success,CID292658,eBike,Shivajinagar,Basavanagudi,182.0,60.0,Not Applicable,Not Applicable,No,Not Applicable,177,Cash,7,4.7,4.7
2024-07-23 00:15:00,CNR6693685360,Success,CID388895,Prime SUV,Hulimavu,Electronic City,154.0,75.0,Not Applicable,Not Applicable,Yes,Vehicle Breakdown,740,UPI,20,3.9,4.0
2024-07-09 07:46:00,CNR7855427458,Success,CID965591,eBike,Devanahalli,Yeshwanthpur,294.0,105.0,Not Applicable,Not Applicable,No,Not Applicable,473,Cash,3,4.1,3.9
2024-07-11 00:39:00,CNR2208371436,Success,CID614267,Prime Sedan,Yelahanka,Kadugodi,63.0,30.0,Not Applicable,Not Applicable,No,Not Applicable,488,Cash,12,3.7,3.4
2024-07-02 15:26:00,CNR9769571119,Canceled by Customer,CID571430,Prime Plus,BTM Layout,Ulsoor,,,Change of plans,Not Applicable,Not Applicable,Not Applicable,136,Not Applicable,0,,
2024-07-20 12:47:00,CNR6779413171,Canceled by Customer,CID544082,Bike,Cox Town,MG Road,,,Wrong Address,Not Applicable,Not Applicable,Not Applicable,645,Not Applicable,0,,
2024-07-18 05:57:00,CNR3010217665,Success,CID299196,Mini,JP Nagar,Kammanahalli,224.0,70.0,Not Applicable,Not Applicable,No,Not Applicable,771,UPI,14,3.7,4.0
2024-07-16 17:34:00,CNR3341261489,Success,CID147979,Prime Sedan,Frazer Town,MG Road,154.0,100.0,Not Applicable,Not Applicable,No,Not Applicable,189,Cash,27,3.0,4.7
2024-07-26 20:17:00,CNR5485764553,Success,CID656859,eBike,Majestic,Peenya,182.0,140.0,Not Applicable,Not Applicable,No,Not Applicable,363,Cash,30,3.9,3.3
2024-07-20 00:04:00,CNR2750248238,Driver Not Found,CID616841,Mini,Kengeri,Magadi Road,,,Not Applicable,Not Applicable,Not Applicable,Not Applicable,326,Not Applicable,0,,
2024-07-27 01:17:00,CNR6573512931,Success,CID588634,Prime Plus,Hulimavu,Chickpet,56.0,45.0,Not Applicable,Not Applicable,No,Not Applicable,550,Cash,7,4.5,3.8
2024-07-05 23:50:00,CNR8150689338,Success,CID249423,Prime Plus,Ramamurthy Nagar,Hebbal,203.0,105.0,Not Applicable,Not Applicable,No,Not Applicable,924,UPI,15,3.8,3.9
2024-07-21 05:20:00,CNR3368082001,Success,CID536439,Mini,Rajarajeshwari Nagar,Indiranagar,140.0,95.0,Not Applicable,Not Applicable,No,Not Applicable,516,UPI,19,4.5,3.2
2024-07-21 20:26:00,CNR3475400303,Success,CID995904,Prime Plus,Ulsoor,Chickpet,154.0,60.0,Not Applicable,Not Applicable,No,Not Applicable,358,Cash,31,4.3,4.6
2024-07-17 10:15:00,CNR6415303304,Success,CID265456,Bike,Hebbal,Malleshwaram,147.0,110.0,Not Applicable,Not Applicable,No,Not Applicable,298,Cash,15,4.3,3.9
2024-07-11 15:31:00,CNR8533607989,Success,CID816353,Prime SUV,Sarjapur Road,Majestic,245.0,105.0,Not Applicable,Not Applicable,No,Not Applicable,127,UPI,47,5.0,3.9
2024-07-01 22:01:00,CNR7308459733,Success,CID869195,eBike,Frazer Town,Shantinagar,308.0,45.0,Not Applicable,Not Applicable,Yes,Customer Demand,2455,UPI,16,4.6,4.9
2024-07-18 13:34:00,CNR9785019156,Success,CID542943,eBike,Ulsoor,Mysore Road,231.0,115.0,Not Applicable,Not Applicable,No,Not Applicable,2333,UPI,9,3.0,3.8
2024-07-06 01:36:00,CNR1314814039,Success,CID621115,Prime SUV,KR Puram,Richmond Town,210.0,105.0,Not Applicable,Not Applicable,No,Not Applicable,2044,UPI,28,4.0,3.4
2024-07-10 17:23:00,CNR6450245907,Success,CID314352,Auto,Vijayanagar,Hebbal,280.0,120.0,Not Applicable,Not Applicable,Yes,Customer Demand,968,UPI,3,4.2,4.0
2024-07-29 01:43:00,CNR6011942144,Success,CID450354,Mini,Peenya,Jayanagar,273.0,25.0,Not Applicable,Not Applicable,No,Not Applicable,158,UPI,16,4.9,3.7
2024-07-30 05:40:00,CNR8503485542,Success,CID168278,Auto,Cox Town,Kadugodi,42.0,75.0,Not Applicable,Not Applicable,No,Not Applicable,1752,Cash,17,4.4,4.3
2024-07-29 21:30:00,CNR2668487986,Success,CID353641,Prime Sedan,Malleshwaram,Yeshwanthpur,133.0,60.0,Not Applicable,Not Applicable,No,Not Applicable,436,Cash,29,5.0,3.5
2024-07-15 11:43:00,CNR9280314514,Success,CID594185,Bike,Yelahanka,Majestic,203.0,80.0,Not Applicable,Not Applicable,No,Not Applicable,314,Cash,17,4.5,4.4
2024-07-21 06:04:00,CNR1256974708,Success,CID803969,Mini,Koramangala,Hulimavu,91.0,120.0,Not Applicable,Not Applicable,No,Not Applicable,295,UPI,5,3.9,4.0
2024-07-15 18:58:00,CNR1214707892,Canceled by Customer,CID652649,Bike,Ulsoor,Indiranagar,,,Driver is not moving towards pickup location,Not Applicable,Not Applicable,Not Applicable,331,Not Applicable,0,,
2024-07-13 00:44:00,CNR2973374555,Canceled by Driver,CID803811,Mini,Peenya,RT Nagar,,,Not Applicable,Personal & Car related issue,Not Applicable,Not Applicable,256,Not Applicable,0,,
2024-07-01 02:51:00,CNR8208976007,Canceled by Driver,CID317642,Bike,Bannerghatta Road,Rajajinagar,,,Not Applicable,Personal & Car related issue,Not Applicable,Not Applicable,901,Not Applicable,0,,
2024-07-26 20:01:00,CNR4735416646,Success,CID975692,Auto,Malleshwaram,Chamarajpet,49.0,40.0,Not Applicable,Not Applicable,No,Not Applicable,150,UPI,10,4.3,4.3
2024-07-24 00:54:00,CNR4112570163,Success,CID104065,eBike,KR Puram,Rajajinagar,112.0,70.0,Not Applicable,Not Applicable,No,Not Applicable,356,UPI,44,4.3,3.5
2024-07-04 00:53:00,CNR3775423754,Success,CID648196,Prime Plus,MG Road,Whitefield,217.0,120.0,Not Applicable,Not Applicable,No,Not Applicable,444,Debit Card,42,4.6,3.9
2024-07-30 14:19:00,CNR2429955828,Canceled by Driver,CID811541,Mini,HSR Layout,Langford Town,,,Not Applicable,Personal & Car related issue,Not Applicable,Not Applicable,926,Not Applicable,0,,
2024-07-21 17:49:00,CNR3372261285,Driver Not Found,CID115031,Mini,Peenya,JP Nagar,,,Not Applicable,Not Applicable,Not Applicable,Not Applicable,793,Not Applicable,0,,
2024-07-11 11:38:00,CNR4940238052,Success,CID275956,Prime Plus,Koramangala,Sarjapur Road,77.0,130.0,Not Applicable,Not Applicable,Yes,Vehicle Breakdown,366,Cash,39,3.0,4.5
2024-07-03 15:55:00,CNR7125306259,Success,CID868622,Prime Sedan,Sarjapur Road,Rajajinagar,287.0,75.0,Not Applicable,Not Applicable,No,Not Applicable,349,UPI,7,4.1,4.4
2024-07-03 21:07:00,CNR1979219592,Success,CID240099,eBike,KR Puram,Rajarajeshwari Nagar,98.0,75.0,Not Applicable,Not Applicable,No,Not Applicable,133,UPI,35,5.0,4.7
2024-07-14 18:29:00,CNR9863310649,Canceled by Customer,CID729814,Mini,Kengeri,HSR Layout,,,AC is Not working,Not Applicable,Not Applicable,Not Applicable,217,Not Applicable,0,,
2024-07-22 14:17:00,CNR4256193297,Success,CID593189,eBike,Whitefield,RT Nagar,161.0,45.0,Not Applicable,Not Applicable,No,Not Applicable,441,Cash,10,4.3,3.3
2024-07-21 07:50:00,CNR6580160393,Success,CID374768,Prime Sedan,Nagarbhavi,Peenya,112.0,60.0,Not Applicable,Not Applicable,No,Not Applicable,2557,Cash,23,3.4,4.9
2024-07-20 12:54:00,CNR1843629630,Success,CID766340,Bike,Jayanagar,Tumkur Road,252.0,130.0,Not Applicable,Not Applicable,No,Not Applicable,138,Cash,27,3.3,4.5
2024-07-03 05:37:00,CNR8966919964,Driver Not Found,CID816154,Prime SUV,Marathahalli,Banashankari,,,Not Applicable,Not Applicable,Not Applicable,Not Applicable,427,Not Applicable,0,,
2024-07-19 04:41:00,CNR6341879420,Success,CID329198,eBike,MG Road,Cox Town,301.0,145.0,Not Applicable,Not Applicable,No,Not Applicable,181,Cash,49,4.1,4.5
2024-07-28 21:36:00,CNR4452629657,Success,CID783275,Auto,Rajarajeshwari Nagar,Yelahanka,105.0,110.0,Not Applicable,Not Applicable,No,Not Applicable,150,Cash,10,3.2,3.6
2024-07-07 16:38:00,CNR1651260680,Success,CID404486,Prime SUV,Ulsoor,Rajajinagar,245.0,70.0,Not Applicable,Not Applicable,No,Not Applicable,256,Cash,29,4.8,4.4
2024-07-04 17:41:00,CNR4586173007,Canceled by Driver,CID102658,Prime SUV,Basavanagudi,Hulimavu,,,Not Applicable,Personal & Car related issue,Not Applicable,Not Applicable,228,Not Applicable,0,,
2024-07-22 05:29:00,CNR6192109204,Canceled by Customer,CID247080,eBike,Ramamurthy Nagar,Ulsoor,,,Driver is not moving towards pickup location,Not Applicable,Not Applicable,Not Applicable,400,Not Applicable,0,,
2024-07-26 02:41:00,CNR5915261326,Success,CID554744,Mini,Indiranagar,Basavanagudi,203.0,85.0,Not Applicable,Not Applicable,No,Not Applicable,193,UPI,4,4.1,3.7
2024-07-25 08:51:00,CNR9035864178,Success,CID637837,Prime SUV,Basavanagudi,KR Puram,210.0,130.0,Not Applicable,Not Applicable,No,Not Applicable,522,UPI,21,3.8,4.8
2024-07-25 13:09:00,CNR7400348965,Success,CID643368,Prime Plus,Hennur,Kadugodi,266.0,55.0,Not Applicable,Not Applicable,No,Not Applicable,238,Cash,12,4.1,4.5
2024-07-30 20:14:00,CNR1088542374,Success,CID965971,Prime SUV,Hulimavu,Tumkur Road,140.0,70.0,Not Applicable,Not Applicable,No,Not Applicable,313,UPI,12,4.5,3.2
2024-07-28 10:39:00,CNR1870728349,Success,CID179272,Bike,Whitefield,Sarjapur Road,126.0,100.0,Not Applicable,Not Applicable,No,Not Applicable,327,Cash,42,4.9,4.3
2024-07-30 19:14:00,CNR6938787954,Success,CID402372,Bike,Devanahalli,Hulimavu,273.0,85.0,Not Applicable,Not Applicable,No,Not Applicable,672,Cash,11,4.4,4.3
2024-07-23 02:12:00,CNR2440750394,Canceled by Customer,CID452330,Prime Sedan,Jayanagar,Electronic City,,,Driver asked to cancel,Not Applicable,Not Applicable,Not Applicable,292,Not Applicable,0,,
2024-07-24 22:27:00,CNR1695715052,Canceled by Driver,CID247665,Prime Plus,Nagarbhavi,Nagarbhavi,,,Not Applicable,Personal & Car related issue,Not Applicable,Not Applicable,398,Not Applicable,0,,
2024-07-04 12:48:00,CNR9579686047,Success,CID100856,eBike,Yelahanka,Koramangala,252.0,135.0,Not Applicable,Not Applicable,Yes,Vehicle Breakdown,243,Debit Card,31,4.3,3.2
2024-07-14 00:37:00,CNR3216378495,Success,CID532314,Auto,Sahakar Nagar,Yelahanka,84.0,70.0,Not Applicable,Not Applicable,No,Not Applicable,172,Cash,1,4.5,4.6
2024-07-30 19:06:00,CNR1395971473,Success,CID446778,Auto,Malleshwaram,Peenya,294.0,135.0,Not Applicable,Not Applicable,No,Not Applicable,204,Cash,8,4.9,3.2
2024-07-24 17:03:00,CNR7977034509,Canceled by Customer,CID152926,Auto,Padmanabhanagar,BTM Layout,,,Driver asked to cancel,Not Applicable,Not Applicable,Not Applicable,579,Not Applicable,0,,
2024-07-25 17:29:00,CNR3354614375,Success,CID238965,Prime Sedan,Cox Town,Ramamurthy Nagar,105.0,90.0,Not Applicable,Not Applicable,No,Not Applicable,243,UPI,14,4.1,3.3
2024-07-02 00:14:00,CNR9372734273,Success,CID192250,Prime Sedan,Cox Town,Banashankari,245.0,145.0,Not Applicable,Not Applicable,No,Not Applicable,333,UPI,22,3.1,3.7
2024-07-10 13:54:00,CNR1410803913,Canceled by Driver,CID817447,eBike,Nagarbhavi,Nagarbhavi,,,Not Applicable,Customer related issue,Not Applicable,Not Applicable,271,Not Applicable,0,,
2024-07-04 00:02:00,CNR5386168635,Canceled by Driver,CID156670,Prime SUV,Ramamurthy Nagar,Yeshwanthpur,,,Not Applicable,Customer was coughing/sick,Not Applicable,Not Applicable,417,Not Applicable,0,,
2024-07-28 15:21:00,CNR7192754200,Canceled by Customer,CID696432,Mini,Magadi Road,Bannerghatta Road,,,Driver asked to cancel,Not Applicable,Not Applicable,Not Applicable,1424,Not Applicable,0,,
2024-07-04 04:42:00,CNR6926745018,Driver Not Found,CID162917,Mini,Banashankari,Varthur,,,Not Applicable,Not Applicable,Not Applicable,Not Applicable,136,Not Applicable,0,,
2024-07-08 10:55:00,CNR8814992840,Canceled by Driver,CID522208,Prime SUV,Kadugodi,Sarjapur Road,,,Not Applicable,Customer related issue,Not Applicable,Not Applicable,262,Not Applicable,0,,
2024-07-06 05:24:00,CNR3052749939,Canceled by Customer,CID633032,Bike,Bellandur,Bannerghatta Road,,,Driver asked to cancel,Not Applicable,Not Applicable,Not Applicable,756,Not Applicable,0,,
2024-07-25 14:49:00,CNR3038047182,Canceled by Driver,CID620053,eBike,Padmanabhanagar,Padmanabhanagar,,,Not Applicable,Personal & Car related issue,Not Applicable,Not Applicable,1370,Not Applicable,0,,
2024-07-18 03:43:00,CNR5789648635,Success,CID588301,Auto,Cox Town,KR Puram,42.0,115.0,Not Applicable,Not Applicable,No,Not Applicable,315,Cash,4,4.9,3.0
2024-07-07 08:19:00,CNR7618968642,Success,CID392705,Mini,JP Nagar,Indiranagar,42.0,25.0,Not Applicable,Not Applicable,No,Not Applicable,115,Cash,38,3.7,3.2
2024-07-06 00:32:00,CNR3260012402,Success,CID502698,Auto,Magadi Road,Whitefield,301.0,25.0,Not Applicable,Not Applicable,No,Not Applicable,394,UPI,15,3.4,4.5
2024-07-28 13:56:00,CNR3117779200,Success,CID197295,Mini,Electronic City,Electronic City,203.0,125.0,Not Applicable,Not Applicable,Yes,Other Issue,405,Cash,25,4.5,3.9
2024-07-08 12:38:00,CNR7355522863,Canceled by Driver,CID894441,Auto,Magadi Road,Chickpet,,,Not Applicable,Customer was coughing/sick,Not Applicable,Not Applicable,268,Not Applicable,0,,
2024-07-24 09:01:00,CNR1063746382,Canceled by Driver,CID757878,Prime SUV,Hebbal,MG Road,,,Not Applicable,Customer was coughing/sick,Not Applicable,Not Applicable,344,Not Applicable,0,,
2024-07-18 17:24:00,CNR9424122581,Success,CID635507,Mini,Majestic,HSR Layout,126.0,65.0,Not Applicable,Not Applicable,No,Not Applicable,125,Cash,19,3.9,3.3
2024-07-12 23:12:00,CNR3083220461,Canceled by Driver,CID181541,Prime SUV,Rajarajeshwari Nagar,HSR Layout,,,Not Applicable,Customer was coughing/sick,Not Applicable,Not Applicable,1352,Not Applicable,0,,
2024-07-25 18:46:00,CNR6268021793,Canceled by Driver,CID588893,Auto,Bannerghatta Road,HSR Layout,,,Not Applicable,Personal & Car related issue,Not Applicable,Not Applicable,438,Not Applicable,0,,
2024-07-27 19:40:00,CNR6850951572,Success,CID540005,Prime Sedan,Hulimavu,Hennur,259.0,55.0,Not Applicable,Not Applicable,No,Not Applicable,261,UPI,4,4.7,4.5
2024-07-23 20:32:00,CNR8176738723,Success,CID385644,Bike,Kadugodi,Padmanabhanagar,154.0,70.0,Not Applicable,Not Applicable,No,Not Applicable,933,Cash,25,3.2,4.8
2024-07-06 00:36:00,CNR3005303933,Success,CID783097,Mini,Jayanagar,Rajajinagar,238.0,30.0,Not Applicable,Not Applicable,No,Not Applicable,635,Cash,49,4.2,4.6
2024-07-11 09:55:00,CNR5006459881,Success,CID954618,Prime Plus,Vijayanagar,Majestic,266.0,50.0,Not Applicable,Not Applicable,No,Not Applicable,353,Cash,29,4.4,3.3
2024-07-15 14:03:00,CNR3420568449,Canceled by Customer,CID323399,Prime Plus,Ulsoor,Rajarajeshwari Nagar,,,Driver is not moving towards pickup location,Not Applicable,Not Applicable,Not Applicable,222,Not Applicable,0,,
2024-07-19 16:07:00,CNR5895908139,Canceled by Customer,CID608445,Mini,Mysore Road,Sahakar Nagar,,,Driver is not moving towards pickup location,Not Applicable,Not Applicable,Not Applicable,477,Not Applicable,0,,
2024-07-17 21:20:00,CNR9743664314,Success,CID413182,Bike,Vijayanagar,Devanahalli,210.0,100.0,Not Applicable,Not Applicable,No,Not Applicable,175,UPI,43,3.7,4.3
2024-07-04 18:45:00,CNR9855316595,Canceled by Driver,CID689648,Prime Plus,Chickpet,Mysore Road,,,Not Applicable,Personal & Car related issue,Not Applicable,Not Applicable,176,Not Applicable,0,,
2024-07-24 13:28:00,CNR2150978527,Success,CID766405,eBike,Shantinagar,Bellandur,280.0,125.0,Not Applicable,Not Applicable,No,Not Applicable,407,Credit Card,30,4.9,4.9
2024-07-26 12:01:00,CNR6639872106,Success,CID656000,Auto,Jayanagar,Langford Town,203.0,120.0,Not Applicable,Not Applicable,No,Not Applicable,448,Cash,11,3.5,4.2
2024-07-25 07:38:00,CNR1610754171,Canceled by Customer,CID838878,Prime Sedan,MG Road,Yelahanka,,,Driver is not moving towards pickup location,Not Applicable,Not Applicable,Not Applicable,697,Not Applicable,0,,
2024-07-30 08:08:00,CNR2465286889,Success,CID390258,Mini,Ulsoor,Frazer Town,98.0,115.0,Not Applicable,Not Applicable,No,Not Applicable,241,UPI,3,4.7,3.9
2024-07-04 13:16:00,CNR9150535271,Canceled by Driver,CID485127,Prime SUV,RT Nagar,Rajajinagar,,,Not Applicable,Customer was coughing/sick,Not Applicable,Not Applicable,494,Not Applicable,0,,
2024-07-14 08:15:00,CNR9523706316,Success,CID503049,Bike,Malleshwaram,Jayanagar,189.0,75.0,Not Applicable,Not Applicable,No,Not Applicable,371,Cash,46,4.0,3.1
2024-07-19 01:09:00,CNR3715317541,Success,CID699762,Prime Sedan,Nagarbhavi,Cox Town,294.0,70.0,Not Applicable,Not Applicable,No,Not Applicable,2326,UPI,38,4.2,4.6
2024-07-26 16:12:00,CNR8267921676,Success,CID916731,Prime Sedan,Bannerghatta Road,Shivajinagar,126.0,120.0,Not Applicable,Not Applicable,No,Not Applicable,461,Cash,2,3.3,4.0
2024-07-24 07:35:00,CNR5829453425,Success,CID559567,Auto,Frazer Town,MG Road,63.0,130.0,Not Applicable,Not Applicable,No,Not Applicable,494,Cash,13,3.7,3.2
2024-07-15 00:43:00,CNR6030161148,Success,CID178007,Auto,Yeshwanthpur,Malleshwaram,294.0,65.0,Not Applicable,Not Applicable,No,Not Applicable,156,UPI,2,4.7,4.8
2024-07-25 10:06:00,CNR4125001485,Success,CID672641,Prime SUV,Rajarajeshwari Nagar,Electronic City,189.0,140.0,Not Applicable,Not Applicable,No,Not Applicable,382,Credit Card,24,3.4,4.5
2024-07-10 04:33:00,CNR2655404099,Success,CID169373,Prime Sedan,Langford Town,MG Road,49.0,145.0,Not Applicable,Not Applicable,No,Not Applicable,345,Cash,42,3.7,4.4
2024-07-30 03:53:00,CNR6585490980,Success,CID346497,eBike,Peenya,Banashankari,126.0,80.0,Not Applicable,Not Applicable,No,Not Applicable,338,Cash,20,4.3,3.6
2024-07-26 16:10:00,CNR6841328760,Success,CID161077,Prime SUV,HSR Layout,Malleshwaram,231.0,115.0,Not Applicable,Not Applicable,No,Not Applicable,283,Cash,38,3.5,4.9
2024-07-21 20:40:00,CNR7172845061,Canceled by Driver,CID861444,Auto,Kadugodi,Sahakar Nagar,,,Not Applicable,Personal & Car related issue,Not Applicable,Not Applicable,1655,Not Applicable,0,,
2024-07-26 18:21:00,CNR1662828599,Success,CID708869,Mini,Nagarbhavi,Richmond Town,112.0,65.0,Not Applicable,Not Applicable,No,Not Applicable,334,Cash,37,4.7,3.4
2024-07-27 04:38:00,CNR4925498157,Success,CID277211,Prime Plus,Hulimavu,Devanahalli,203.0,125.0,Not Applicable,Not Applicable,No,Not Applicable,659,Cash,44,3.5,3.9
2024-07-16 23:24:00,CNR5046533243,Success,CID706192,Mini,Banashankari,Jayanagar,77.0,120.0,Not Applicable,Not Applicable,No,Not Applicable,311,Cash,29,3.2,4.0
2024-07-23 21:20:00,CNR3996848934,Success,CID399430,Bike,Hulimavu,Padmanabhanagar,56.0,85.0,Not Applicable,Not Applicable,No,Not Applicable,394,Cash,36,4.1,3.8
2024-07-26 04:40:00,CNR8180158095,Canceled by Driver,CID503423,Prime Plus,Mysore Road,Kengeri,,,Not Applicable,Personal & Car related issue,Not Applicable,Not Applicable,300,Not Applicable,0,,
2024-07-14 20:34:00,CNR8609104283,Canceled by Customer,CID909218,eBike,Koramangala,Shantinagar,,,Driver asked to cancel,Not Applicable,Not Applicable,Not Applicable,921,Not Applicable,0,,
2024-07-25 22:07:00,CNR3161614953,Success,CID247273,Prime SUV,Electronic City,Vijayanagar,49.0,110.0,Not Applicable,Not Applicable,No,Not Applicable,360,Cash,34,3.8,4.3
2024-07-27 16:08:00,CNR2267598088,Success,CID198325,Mini,Hosur Road,Shivajinagar,154.0,115.0,Not Applicable,Not Applicable,No,Not Applicable,2235,Cash,26,3.6,3.8
2024-07-16 10:05:00,CNR6079262141,Success,CID289115,Prime Sedan,JP Nagar,RT Nagar,294.0,40.0,Not Applicable,Not Applicable,No,Not Applicable,840,UPI,8,4.6,4.4
2024-07-28 14:07:00,CNR7301395872,Driver Not Found,CID807154,Prime Sedan,Kadugodi,Kadugodi,,,Not Applicable,Not Applicable,Not Applicable,Not Applicable,303,Not Applicable,0,,
2024-07-06 19:18:00,CNR3183101947,Canceled by Customer,CID814007,Prime Plus,MG Road,Yelahanka,,,Driver asked to cancel,Not Applicable,Not Applicable,Not Applicable,656,Not Applicable,0,,
2024-07-27 16:58:00,CNR7183661217,Canceled by Customer,CID759986,Auto,HSR Layout,Cox Town,,,Driver asked to cancel,Not Applicable,Not Applicable,Not Applicable,181,Not Applicable,0,,
2024-07-21 00:32:00,CNR2461835977,Success,CID811235,Bike,Peenya,Sarjapur Road,84.0,105.0,Not Applicable,Not Applicable,No,Not Applicable,486,UPI,37,3.7,3.7
2024-07-16 13:11:00,CNR1320828552,Success,CID576499,Prime SUV,Basavanagudi,Shantinagar,147.0,75.0,Not Applicable,Not Applicable,No,Not Applicable,239,UPI,25,5.0,3.8
2024-07-21 20:04:00,CNR5161079276,Driver Not Found,CID393676,Prime Sedan,Hulimavu,Hulimavu,,,Not Applicable,Not Applicable,Not Applicable,Not Applicable,105,Not Applicable,0,,
2024-07-11 16:19:00,CNR6202927471,Canceled by Driver,CID503410,Mini,Basavanagudi,Whitefield,,,Not Applicable,More than permitted people in there,Not Applicable,Not Applicable,288,Not Applicable,0,,
2024-07-27 13:51:00,CNR1716184909,Success,CID989869,Bike,Vijayanagar,Richmond Town,203.0,55.0,Not Applicable,Not Applicable,No,Not Applicable,476,Cash,12,4.0,4.8
2024-07-13 07:18:00,CNR7570527330,Success,CID657931,Prime Sedan,RT Nagar,Rajajinagar,252.0,30.0,Not Applicable,Not Applicable,No,Not Applicable,344,UPI,15,4.5,3.2
2024-07-08 10:55:00,CNR5474924645,Success,CID993859,Prime Plus,Magadi Road,Peenya,140.0,90.0,Not Applicable,Not Applicable,No,Not Applicable,374,Credit Card,40,4.6,3.2
2024-07-26 13:43:00,CNR2717182179,Success,CID513165,Prime Plus,Shivajinagar,Sarjapur Road,175.0,45.0,Not Applicable,Not Applicable,No,Not Applicable,1904,Cash,31,3.4,3.5
2024-07-06 02:38:00,CNR4542608145,Success,CID417298,Prime Sedan,KR Puram,Vijayanagar,168.0,80.0,Not Applicable,Not Applicable,No,Not Applicable,379,Cash,33,4.0,4.3
2024-07-15 14:33:00,CNR8020271677,Success,CID325742,Prime SUV,Chickpet,Rajarajeshwari Nagar,84.0,90.0,Not Applicable,Not Applicable,No,Not Applicable,428,UPI,42,4.2,4.1
2024-07-20 16:37:00,CNR8889204136,Success,CID466294,Auto,Richmond Town,Shantinagar,196.0,115.0,Not Applicable,Not Applicable,No,Not Applicable,847,Cash,19,4.0,3.1
2024-07-05 07:22:00,CNR5016605440,Success,CID979883,eBike,Padmanabhanagar,Sarjapur Road,210.0,30.0,Not Applicable,Not Applicable,No,Not Applicable,356,UPI,3,3.3,3.3
2024-07-04 17:30:00,CNR3644411100,Success,CID116254,Auto,RT Nagar,Marathahalli,301.0,40.0,Not Applicable,Not Applicable,No,Not Applicable,238,Cash,18,4.8,3.1
2024-07-08 00:57:00,CNR2224556125,Canceled by Customer,CID547975,eBike,Hosur Road,Malleshwaram,,,Driver is not moving towards pickup location,Not Applicable,Not Applicable,Not Applicable,850,Not Applicable,0,,
2024-07-01 14:53:00,CNR3344143865,Success,CID291341,Prime Plus,Basavanagudi,Hennur,91.0,60.0,Not Applicable,Not Applicable,Yes,Other Issue,885,Cash,29,3.3,4.9
2024-07-12 12:31:00,CNR9983161703,Canceled by Driver,CID918574,Bike,Richmond Town,Kadugodi,,,Not Applicable,Customer related issue,Not Applicable,Not Applicable,438,Not Applicable,0,,
2024-07-04 19:29:00,CNR6386679298,Canceled by Driver,CID510550,Prime SUV,BTM Layout,Jayanagar,,,Not Applicable,Personal & Car related issue,Not Applicable,Not Applicable,125,Not Applicable,0,,
2024-07-17 02:37:00,CNR2158548530,Canceled by Customer,CID683409,Prime Plus,Jayanagar,Hebbal,,,Driver asked to cancel,Not Applicable,Not Applicable,Not Applicable,137,Not Applicable,0,,
2024-07-02 08:08:00,CNR9268819073,Driver Not Found,CID153770,eBike,Tumkur Road,Ramamurthy Nagar,,,Not Applicable,Not Applicable,Not Applicable,Not Applicable,386,Not Applicable,0,,
2024-07-19 09:47:00,CNR1680247831,Success,CID163588,Prime Plus,Jayanagar,Tumkur Road,77.0,140.0,Not Applicable,Not Applicable,No,Not Applicable,194,Cash,36,3.1,4.3
2024-07-29 01:57:00,CNR8089634575,Success,CID337921,Mini,KR Puram,HSR Layout,91.0,130.0,Not Applicable,Not Applicable,No,Not Applicable,299,UPI,12,4.4,4.9
2024-07-16 00:48:00,CNR5992471283,Success,CID317323,Prime Plus,Yelahanka,Hebbal,231.0,45.0,Not Applicable,Not Applicable,Yes,Other Issue,495,Cash,48,4.3,4.3
2024-07-09 17:28:00,CNR7395005323,Success,CID540473,Prime Plus,Langford Town,Frazer Town,42.0,130.0,Not Applicable,Not Applicable,No,Not Applicable,115,Cash,35,3.1,3.9
2024-07-17 14:46:00,CNR7707889236,Canceled by Customer,CID248300,eBike,Kengeri,Langford Town,,,Change of plans,Not Applicable,Not Applicable,Not Applicable,370,Not Applicable,0,,
2024-07-14 07:57:00,CNR8692822328,Driver Not Found,CID458801,eBike,Banashankari,Devanahalli,,,Not Applicable,Not Applicable,Not Applicable,Not Applicable,276,Not Applicable,0,,
2024-07-06 09:35:00,CNR9301719708,Success,CID532663,Bike,Hulimavu,Kengeri,112.0,145.0,Not Applicable,Not Applicable,Yes,Customer Demand,473,Cash,19,3.2,4.0
2024-07-14 22:20:00,CNR1524871481,Success,CID243214,Prime SUV,KR Puram,Nagarbhavi,189.0,35.0,Not Applicable,Not Applicable,No,Not Applicable,450,UPI,26,4.4,4.0
2024-07-03 10:06:00,CNR3481975432,Success,CID934414,eBike,Nagarbhavi,Peenya,224.0,80.0,Not Applicable,Not Applicable,No,Not Applicable,360,UPI,37,4.0,3.8
2024-07-13 23:43:00,CNR8800675541,Canceled by Customer,CID672373,Prime Sedan,Banashankari,Nagarbhavi,,,Driver is not moving towards pickup location,Not Applicable,Not Applicable,Not Applicable,435,Not Applicable,0,,
2024-07-22 07:30:00,CNR4399200628,Success,CID828550,Auto,Majestic,Mysore Road,98.0,145.0,Not Applicable,Not Applicable,No,Not Applicable,995,Cash,8,4.5,4.8
2024-07-06 05:15:00,CNR1818549269,Success,CID332304,Prime Sedan,Malleshwaram,MG Road,63.0,25.0,Not Applicable,Not Applicable,No,Not Applicable,429,Cash,47,4.2,4.1
2024-07-26 17:15:00,CNR2295708924,Success,CID637397,Prime Sedan,Bannerghatta Road,Sarjapur Road,259.0,125.0,Not Applicable,Not Applicable,No,Not Applicable,142,Cash,18,4.0,4.3
2024-07-02 04:09:00,CNR6808842239,Success,CID443181,Prime SUV,Richmond Town,Indiranagar,70.0,55.0,Not Applicable,Not Applicable,No,Not Applicable,505,Cash,38,3.5,4.1
2024-07-07 00:59:00,CNR6484784828,Success,CID256862,Prime Sedan,Kadugodi,RT Nagar,175.0,70.0,Not Applicable,Not Applicable,No,Not Applicable,495,UPI,10,4.9,3.2
2024-07-03 22:36:00,CNR4200855359,Driver Not Found,CID135168,eBike,Malleshwaram,Indiranagar,,,Not Applicable,Not Applicable,Not Applicable,Not Applicable,229,Not Applicable,0,,
2024-07-26 07:37:00,CNR5342383874,Canceled by Driver,CID274695,eBike,HSR Layout,Cox Town,,,Not Applicable,More than permitted people in there,Not Applicable,Not Applicable,674,Not Applicable,0,,
2024-07-16 08:39:00,CNR8184901679,Driver Not Found,CID926494,Auto,Varthur,Bellandur,,,Not Applicable,Not Applicable,Not Applicable,Not Applicable,142,Not Applicable,0,,
2024-07-24 12:29:00,CNR7207048991,Success,CID395461,Auto,Hebbal,Rajarajeshwari Nagar,84.0,90.0,Not Applicable,Not Applicable,No,Not Applicable,477,UPI,15,4.7,4.5
2024-07-28 13:39:00,CNR8786873838,Canceled by Driver,CID747745,Auto,Sahakar Nagar,Hosur Road,,,Not Applicable,Customer related issue,Not Applicable,Not Applicable,229,Not Applicable,0,,
2024-07-18 06:00:00,CNR9632138173,Success,CID322274,Prime Sedan,Varthur,Banashankari,189.0,80.0,Not Applicable,Not Applicable,No,Not Applicable,2519,UPI,5,3.4,3.3
2024-07-06 18:15:00,CNR1954960295,Success,CID749915,Auto,Chickpet,Ramamurthy Nagar,280.0,145.0,Not Applicable,Not Applicable,No,Not Applicable,270,Cash,2,4.2,3.3
2024-07-27 22:29:00,CNR1649105184,Success,CID459967,Prime Sedan,Ulsoor,KR Puram,238.0,60.0,Not Applicable,Not Applicable,No,Not Applicable,239,Cash,12,3.5,3.5
2024-07-30 16:54:00,CNR4432743924,Success,CID645012,Mini,BTM Layout,Sahakar Nagar,112.0,60.0,Not Applicable,Not Applicable,No,Not Applicable,1800,Cash,16,3.8,4.0
2024-07-11 18:57:00,CNR4845348495,Success,CID865881,Prime SUV,Padmanabhanagar,Shivajinagar,56.0,140.0,Not Applicable,Not Applicable,No,Not Applicable,111,Cash,40,4.7,4.2
2024-07-03 02:15:00,CNR3883104116,Success,CID690702,Mini,Cox Town,Ramamurthy Nagar,140.0,115.0,Not Applicable,Not Applicable,No,Not Applicable,110,UPI,45,4.2,4.7
2024-07-17 04:55:00,CNR8728516636,Success,CID307885,Prime Plus,Tumkur Road,Yeshwanthpur,196.0,115.0,Not Applicable,Not Applicable,No,Not Applicable,333,Cash,40,4.3,4.8
2024-07-06 16:09:00,CNR6668552167,Success,CID311448,Mini,Chamarajpet,Banashankari,77.0,105.0,Not Applicable,Not Applicable,No,Not Applicable,321,Cash,10,3.3,3.8
2024-07-13 02:30:00,CNR2124059900,Driver Not Found,CID707255,Prime SUV,Tumkur Road,Devanahalli,,,Not Applicable,Not Applicable,Not Applicable,Not Applicable,297,Not Applicable,0,,
2024-07-02 07:29:00,CNR6967934185,Success,CID329158,Prime Sedan,Hebbal,Devanahalli,126.0,85.0,Not Applicable,Not Applicable,No,Not Applicable,257,Credit Card,17,5.0,4.8
2024-07-14 23:26:00,CNR6685679298,Canceled by Customer,CID118645,Mini,Electronic City,Banashankari,,,Change of plans,Not Applicable,Not Applicable,Not Applicable,366,Not Applicable,0,,
2024-07-03 19:51:00,CNR2884619321,Success,CID528968,Prime Sedan,Cox Town,Langford Town,126.0,35.0,Not Applicable,Not Applicable,No,Not Applicable,442,Cash,48,3.2,4.8
2024-07-30 02:12:00,CNR5890159792,Driver Not Found,CID151737,Mini,Kengeri,Padmanabhanagar,,,Not Applicable,Not Applicable,Not Applicable,Not Applicable,596,Not Applicable,0,,
2024-07-05 12:55:00,CNR5974460607,Canceled by Driver,CID939584,Bike,KR Puram,Kengeri,,,Not Applicable,Customer related issue,Not Applicable,Not Applicable,128,Not Applicable,0,,
2024-07-26 05:49:00,CNR9551337537,Driver Not Found,CID147721,Prime Plus,Nagarbhavi,Ramamurthy Nagar,,,Not Applicable,Not Applicable,Not Applicable,Not Applicable,263,Not Applicable,0,,
2024-07-02 18:24:00,CNR4054314334,Success,CID319810,Prime SUV,Chickpet,Bellandur,252.0,55.0,Not Applicable,Not Applicable,No,Not Applicable,2283,UPI,44,4.9,3.8
2024-07-21 06:53:00,CNR3853568553,Success,CID250782,Auto,Bellandur,Sarjapur Road,91.0,100.0,Not Applicable,Not Applicable,No,Not Applicable,847,Cash,5,3.2,4.8
2024-07-08 12:56:00,CNR2190144445,Canceled by Driver,CID842632,Prime Plus,Kadugodi,Banashankari,,,Not Applicable,Personal & Car related issue,Not Applicable,Not Applicable,324,Not Applicable,0,,
2024-07-17 00:40:00,CNR6807337983,Success,CID650140,Auto,Ulsoor,Hulimavu,287.0,80.0,Not Applicable,Not Applicable,No,Not Applicable,390,UPI,14,4.8,3.6
2024-07-30 18:21:00,CNR5822403665,Success,CID227227,Auto,Bannerghatta Road,Basavanagudi,294.0,45.0,Not Applicable,Not Applicable,No,Not Applicable,179,Cash,10,3.6,3.4
2024-07-08 00:17:00,CNR5907070517,Driver Not Found,CID628228,Mini,Jayanagar,Koramangala,,,Not Applicable,Not Applicable,Not Applicable,Not Applicable,455,Not Applicable,0,,
2024-07-17 02:55:00,CNR3141405451,Success,CID546439,Prime SUV,Jayanagar,Basavanagudi,224.0,110.0,Not Applicable,Not Applicable,No,Not Applicable,790,Cash,47,3.4,4.7
2024-07-28 00:09:00,CNR6250180498,Canceled by Customer,CID252657,Bike,Frazer Town,Vijayanagar,,,Driver is not moving towards pickup location,Not Applicable,Not Applicable,Not Applicable,2616,Not Applicable,0,,
2024-07-27 11:42:00,CNR1462441894,Driver Not Found,CID888630,Auto,Padmanabhanagar,Chamarajpet,,,Not Applicable,Not Applicable,Not Applicable,Not Applicable,2375,Not Applicable,0,,
2024-07-11 13:21:00,CNR1773268582,Driver Not Found,CID692559,Prime Plus,Richmond Town,JP Nagar,,,Not Applicable,Not Applicable,Not Applicable,Not Applicable,413,Not Applicable,0,,
2024-07-11 10:37:00,CNR4782477973,Success,CID252122,Prime Plus,Hosur Road,Cox Town,168.0,80.0,Not Applicable,Not Applicable,No,Not Applicable,211,Cash,30,4.0,5.0
2024-07-18 14:47:00,CNR4471929942,Success,CID901194,Auto,Hebbal,Kadugodi,147.0,100.0,Not Applicable,Not Applicable,No,Not Applicable,416,UPI,11,4.0,3.6
2024-07-03 01:22:00,CNR9995134174,Success,CID496080,Prime Sedan,Bannerghatta Road,MG Road,280.0,65.0,Not Applicable,Not Applicable,No,Not Applicable,302,Cash,5,4.0,3.7
2024-07-25 16:03:00,CNR1291192028,Success,CID607705,eBike,Hennur,Cox Town,252.0,45.0,Not Applicable,Not Applicable,No,Not Applicable,284,Credit Card,10,5.0,3.8
2024-07-28 14:09:00,CNR3415068753,Driver Not Found,CID663040,Prime SUV,Rajarajeshwari Nagar,Rajajinagar,,,Not Applicable,Not Applicable,Not Applicable,Not Applicable,486,Not Applicable,0,,
2024-07-30 14:27:00,CNR9093682602,Success,CID758473,Prime Plus,Ulsoor,Cox Town,133.0,45.0,Not Applicable,Not Applicable,No,Not Applicable,1172,UPI,29,3.2,4.6
2024-07-25 04:05:00,CNR4124027681,Success,CID669613,eBike,Kengeri,Rajajinagar,35.0,85.0,Not Applicable,Not Applicable,Yes,Customer Demand,2073,Cash,12,3.3,3.4
2024-07-17 01:19:00,CNR8367360933,Success,CID284165,Prime SUV,Bannerghatta Road,Padmanabhanagar,259.0,30.0,Not Applicable,Not Applicable,No,Not Applicable,703,Cash,3,3.0,3.6
2024-07-23 17:29:00,CNR8670382700,Success,CID893998,Prime SUV,Hosur Road,MG Road,287.0,60.0,Not Applicable,Not Applicable,No,Not Applicable,764,UPI,32,4.6,3.5
2024-07-15 07:24:00,CNR6498958863,Canceled by Driver,CID578370,Prime Plus,HSR Layout,Banashankari,,,Not Applicable,Customer related issue,Not Applicable,Not Applicable,273,Not Applicable,0,,
2024-07-15 14:12:00,CNR1130597580,Success,CID819223,Mini,BTM Layout,Varthur,63.0,25.0,Not Applicable,Not Applicable,No,Not Applicable,140,Cash,4,4.4,4.0
2024-07-19 17:00:00,CNR5339325650,Canceled by Driver,CID373106,Prime Plus,Hebbal,Basavanagudi,,,Not Applicable,Customer related issue,Not Applicable,Not Applicable,382,Not Applicable,0,,
2024-07-15 17:57:00,CNR4189783351,Success,CID640052,Prime Sedan,Rajajinagar,Devanahalli,175.0,70.0,Not Applicable,Not Applicable,No,Not Applicable,2421,Cash,28,3.6,3.2
2024-07-09 07:33:00,CNR9808646487,Canceled by Driver,CID111363,Prime SUV,MG Road,Bannerghatta Road,,,Not Applicable,Customer related issue,Not Applicable,Not Applicable,212,Not Applicable,0,,
2024-07-22 00:15:00,CNR5479377287,Canceled by Driver,CID843712,Bike,Sarjapur Road,Yelahanka,,,Not Applicable,Personal & Car related issue,Not Applicable,Not Applicable,738,Not Applicable,0,,
2024-07-08 19:14:00,CNR1939326213,Success,CID921211,Prime Plus,Nagarbhavi,Chamarajpet,140.0,135.0,Not Applicable,Not Applicable,No,Not Applicable,278,Cash,37,4.0,4.1
2024-07-19 08:56:00,CNR5507641176,Canceled by Driver,CID136164,Bike,Marathahalli,Rajarajeshwari Nagar,,,Not Applicable,Customer related issue,Not Applicable,Not Applicable,151,Not Applicable,0,,
2024-07-30 21:18:00,CNR6360363462,Driver Not Found,CID316254,Prime Plus,Tumkur Road,Mysore Road,,,Not Applicable,Not Applicable,Not Applicable,Not Applicable,260,Not Applicable,0,,
2024-07-28 23:22:00,CNR4302792729,Success,CID532679,Bike,KR Puram,Kammanahalli,308.0,145.0,Not Applicable,Not Applicable,No,Not Applicable,785,UPI,17,4.4,4.4
2024-07-04 00:07:00,CNR8299096026,Success,CID562945,Prime Sedan,Majestic,Padmanabhanagar,133.0,130.0,Not Applicable,Not Applicable,No,Not Applicable,1964,Cash,12,3.5,4.6
2024-07-26 05:49:00,CNR1717793568,Canceled by Driver,CID380973,Prime Plus,Tumkur Road,Kadugodi,,,Not Applicable,Personal & Car related issue,Not Applicable,Not Applicable,2054,Not Applicable,0,,
2024-07-26 17:01:00,CNR3356752422,Canceled by Customer,CID759075,Prime SUV,Majestic,Kadugodi,,,Driver asked to cancel,Not Applicable,Not Applicable,Not Applicable,238,Not Applicable,0,,
2024-07-06 17:12:00,CNR2958356050,Success,CID919320,Prime Plus,Frazer Town,RT Nagar,161.0,115.0,Not Applicable,Not Applicable,No,Not Applicable,434,Cash,22,3.9,3.9
2024-07-03 08:19:00,CNR8110840886,Success,CID580801,eBike,Padmanabhanagar,Malleshwaram,126.0,35.0,Not Applicable,Not Applicable,No,Not Applicable,102,UPI,13,4.1,4.7
2024-07-30 11:29:00,CNR5985643837,Success,CID300415,Prime SUV,Majestic,Marathahalli,301.0,65.0,Not Applicable,Not Applicable,No,Not Applicable,531,Cash,39,3.3,3.6
2024-07-26 21:43:00,CNR3264966212,Success,CID893756,Bike,Ulsoor,Majestic,273.0,40.0,Not Applicable,Not Applicable,No,Not Applicable,103,UPI,35,3.9,3.2
2024-07-14 07:25:00,CNR1628860541,Success,CID256959,Prime SUV,Chickpet,Sahakar Nagar,224.0,110.0,Not Applicable,Not Applicable,No,Not Applicable,1793,UPI,16,3.6,3.8
2024-07-27 14:33:00,CNR5497625190,Driver Not Found,CID723769,Bike,JP Nagar,Hosur Road,,,Not Applicable,Not Applicable,Not Applicable,Not Applicable,471,Not Applicable,0,,
2024-07-01 17:51:00,CNR9914230968,Canceled by Driver,CID276974,eBike,Shivajinagar,Rajarajeshwari Nagar,,,Not Applicable,Personal & Car related issue,Not Applicable,Not Applicable,167,Not Applicable,0,,
2024-07-24 22:18:00,CNR3763560875,Success,CID864725,eBike,Frazer Town,Banashankari,140.0,35.0,Not Applicable,Not Applicable,Yes,Customer Demand,631,Cash,47,4.4,3.2
2024-07-06 14:08:00,CNR9063023860,Canceled by Customer,CID844264,Bike,Kengeri,Kammanahalli,,,Change of plans,Not Applicable,Not Applicable,Not Applicable,266,Not Applicable,0,,
2024-07-07 07:17:00,CNR8741326195,Success,CID660230,Bike,Bellandur,Rajajinagar,63.0,40.0,Not Applicable,Not Applicable,No,Not Applicable,396,Cash,17,4.9,4.7
2024-07-17 07:56:00,CNR1631646596,Success,CID597672,Mini,Hebbal,Devanahalli,133.0,60.0,Not Applicable,Not Applicable,Yes,Customer Demand,492,Cash,47,3.7,4.0
2024-07-07 13:06:00,CNR5431501540,Success,CID205816,Prime Plus,Hebbal,Sahakar Nagar,182.0,85.0,Not Applicable,Not Applicable,No,Not Applicable,128,Cash,7,3.8,3.1
2024-07-30 13:18:00,CNR2886124523,Canceled by Customer,CID174161,Mini,Hennur,Kengeri,,,Change of plans,Not Applicable,Not Applicable,Not Applicable,284,Not Applicable,0,,
2024-07-29 23:22:00,CNR8660395620,Canceled by Driver,CID210380,Prime SUV,Magadi Road,Basavanagudi,,,Not Applicable,Customer related issue,Not Applicable,Not Applicable,694,Not Applicable,0,,
2024-07-06 02:09:00,CNR6648427647,Canceled by Driver,CID434196,Prime Plus,Hulimavu,Varthur,,,Not Applicable,Customer was coughing/sick,Not Applicable,Not Applicable,672,Not Applicable,0,,
2024-07-09 04:29:00,CNR9838431894,Success,CID628076,eBike,Yelahanka,Richmond Town,273.0,85.0,Not Applicable,Not Applicable,No,Not Applicable,818,UPI,27,4.4,4.2
2024-07-13 03:46:00,CNR4524768330,Success,CID198908,Mini,Kengeri,Richmond Town,63.0,70.0,Not Applicable,Not Applicable,No,Not Applicable,171,UPI,47,5.0,3.5
2024-07-28 05:50:00,CNR9708854257,Success,CID991914,eBike,Chickpet,Langford Town,224.0,120.0,Not Applicable,Not Applicable,No,Not Applicable,166,Cash,43,4.0,4.8
2024-07-22 06:01:00,CNR6510654922,Success,CID887943,Mini,Nagarbhavi,Chickpet,280.0,100.0,Not Applicable,Not Applicable,No,Not Applicable,406,Cash,45,4.1,4.8
2024-07-01 18:12:00,CNR3529823174,Success,CID223307,Prime Sedan,Rajarajeshwari Nagar,Hosur Road,119.0,50.0,Not Applicable,Not Applicable,No,Not Applicable,417,Cash,39,4.9,4.0
2024-07-24 23:53:00,CNR7637120499,Success,CID779264,Auto,Jayanagar,Devanahalli,112.0,130.0,Not Applicable,Not Applicable,No,Not Applicable,150,Cash,19,4.6,3.4
2024-07-17 13:56:00,CNR1404841667,Success,CID981814,Mini,Cox Town,Rajarajeshwari Nagar,217.0,40.0,Not Applicable,Not Applicable,No,Not Applicable,917,UPI,31,4.7,3.2
2024-07-15 13:58:00,CNR7773403371,Success,CID468999,Prime Plus,Sarjapur Road,Indiranagar,49.0,40.0,Not Applicable,Not Applicable,No,Not Applicable,397,Cash,31,3.8,3.4
2024-07-28 07:10:00,CNR1887830569,Success,CID984957,Prime SUV,Shantinagar,Vijayanagar,203.0,75.0,Not Applicable,Not Applicable,No,Not Applicable,350,UPI,13,3.5,4.8
2024-07-28 17:22:00,CNR4011163283,Success,CID634560,Prime Sedan,Hennur,Kengeri,119.0,65.0,Not Applicable,Not Applicable,No,Not Applicable,570,Cash,23,3.9,3.2
2024-07-17 21:46:00,CNR8204831941,Success,CID777781,eBike,Indiranagar,Shantinagar,63.0,25.0,Not Applicable,Not Applicable,No,Not Applicable,362,UPI,9,3.7,3.2
2024-07-27 02:18:00,CNR1440156487,Success,CID327234,Prime SUV,Majestic,Electronic City,252.0,120.0,Not Applicable,Not Applicable,No,Not Applicable,153,Cash,8,4.0,4.2
2024-07-11 05:38:00,CNR2110629292,Success,CID768844,Prime Sedan,Whitefield,Peenya,105.0,60.0,Not Applicable,Not Applicable,No,Not Applicable,163,Credit Card,32,4.6,3.4
2024-07-05 21:57:00,CNR7468151061,Success,CID709718,Prime Plus,Sarjapur Road,Langford Town,259.0,100.0,Not Applicable,Not Applicable,No,Not Applicable,247,Cash,21,3.2,4.8
2024-07-26 06:40:00,CNR6633657755,Success,CID721628,Prime Plus,Kammanahalli,Tumkur Road,245.0,95.0,Not Applicable,Not Applicable,No,Not Applicable,428,Cash,18,3.1,4.7
2024-07-20 02:53:00,CNR2092733163,Success,CID302409,Prime SUV,Magadi Road,Sarjapur Road,119.0,95.0,Not Applicable,Not Applicable,Yes,Customer Demand,487,Cash,44,3.6,5.0
2024-07-02 22:36:00,CNR5062312484,Canceled by Driver,CID289694,Prime SUV,Frazer Town,BTM Layout,,,Not Applicable,Personal & Car related issue,Not Applicable,Not Applicable,380,Not Applicable,0,,
2024-07-12 20:10:00,CNR7770633145,Success,CID227005,Prime Sedan,Devanahalli,Rajarajeshwari Nagar,126.0,95.0,Not Applicable,Not Applicable,No,Not Applicable,2924,Cash,36,4.8,3.8
2024-07-06 06:17:00,CNR1578930042,Driver Not Found,CID293116,Bike,Indiranagar,Devanahalli,,,Not Applicable,Not Applicable,Not Applicable,Not Applicable,291,Not Applicable,0,,
2024-07-15 23:27:00,CNR7619009181,Canceled by Driver,CID778979,Prime Sedan,JP Nagar,Marathahalli,,,Not Applicable,Personal & Car related issue,Not Applicable,Not Applicable,720,Not Applicable,0,,
2024-07-04 06:30:00,CNR1501678671,Canceled by Driver,CID830815,eBike,Peenya,JP Nagar,,,Not Applicable,Personal & Car related issue,Not Applicable,Not Applicable,101,Not Applicable,0,,
2024-07-19 06:33:00,CNR7219357330,Success,CID541635,Bike,Richmond Town,Ulsoor,308.0,60.0,Not Applicable,Not Applicable,No,Not Applicable,469,Cash,34,3.3,4.7
2024-07-03 11:18:00,CNR3250417578,Success,CID415114,Mini,Koramangala,Sahakar Nagar,98.0,55.0,Not Applicable,Not Applicable,No,Not Applicable,480,UPI,32,3.4,4.3
2024-07-30 01:23:00,CNR1224164222,Success,CID998045,Auto,MG Road,Mysore Road,112.0,30.0,Not Applicable,Not Applicable,No,Not Applicable,102,Cash,7,3.7,3.7
2024-07-05 12:11:00,CNR8520116332,Success,CID592883,Prime Sedan,Malleshwaram,Shivajinagar,259.0,140.0,Not Applicable,Not Applicable,No,Not Applicable,456,UPI,11,3.7,4.2
2024-07-18 20:17:00,CNR8163629176,Canceled by Customer,CID527767,Prime Plus,Nagarbhavi,Majestic,,,Change of plans,Not Applicable,Not Applicable,Not Applicable,2051,Not Applicable,0,,
2024-07-07 19:53:00,CNR9296363653,Canceled by Driver,CID999545,Mini,Yelahanka,Marathahalli,,,Not Applicable,Customer related issue,Not Applicable,Not Applicable,213,Not Applicable,0,,
2024-07-09 07:37:00,CNR2741080686,Success,CID534254,Prime Sedan,Marathahalli,HSR Layout,140.0,80.0,Not Applicable,Not Applicable,No,Not Applicable,433,Cash,23,4.4,3.9
2024-07-24 11:19:00,CNR4305677141,Success,CID119087,Prime Plus,BTM Layout,Hennur,105.0,105.0,Not Applicable,Not Applicable,No,Not Applicable,481,Cash,1,3.6,3.5
2024-07-22 08:57:00,CNR8349381639,Success,CID380373,Mini,Marathahalli,KR Puram,182.0,115.0,Not Applicable,Not Applicable,No,Not Applicable,852,Cash,27,3.9,4.1
2024-07-13 15:27:00,CNR8264226074,Success,CID594162,Auto,Bannerghatta Road,Kengeri,217.0,115.0,Not Applicable,Not Applicable,No,Not Applicable,440,Cash,2,3.8,3.7
2024-07-15 16:02:00,CNR5525856838,Canceled by Driver,CID944589,Prime Plus,Ulsoor,Bannerghatta Road,,,Not Applicable,More than permitted people in there,Not Applicable,Not Applicable,219,Not Applicable,0,,
2024-07-08 13:56:00,CNR1653608128,Canceled by Driver,CID680326,Bike,Kammanahalli,Chickpet,,,Not Applicable,Customer related issue,Not Applicable,Not Applicable,170,Not Applicable,0,,
2024-07-24 00:56:00,CNR5780247263,Driver Not Found,CID527315,Bike,Shivajinagar,Marathahalli,,,Not Applicable,Not Applicable,Not Applicable,Not Applicable,237,Not Applicable,0,,
2024-07-21 07:22:00,CNR2799127670,Success,CID907396,Prime SUV,Chickpet,Whitefield,56.0,125.0,Not Applicable,Not Applicable,Yes,Vehicle Breakdown,549,UPI,34,4.8,3.8
2024-07-10 22:26:00,CNR2392341189,Driver Not Found,CID591828,Prime SUV,Sahakar Nagar,Mysore Road,,,Not Applicable,Not Applicable,Not Applicable,Not Applicable,414,Not Applicable,0,,
2024-07-03 03:51:00,CNR7417350500,Success,CID496541,Mini,Frazer Town,Marathahalli,77.0,40.0,Not Applicable,Not Applicable,No,Not Applicable,418,UPI,49,3.7,4.5
2024-07-19 16:51:00,CNR5191185825,Canceled by Driver,CID716580,Auto,Electronic City,Indiranagar,,,Not Applicable,Customer related issue,Not Applicable,Not Applicable,197,Not Applicable,0,,
2024-07-27 14:37:00,CNR2261359000,Success,CID816113,Prime SUV,Hebbal,Sahakar Nagar,238.0,35.0,Not Applicable,Not Applicable,No,Not Applicable,219,Cash,6,3.0,3.4
2024-07-07 09:32:00,CNR9829301844,Success,CID917405,Auto,Peenya,Padmanabhanagar,168.0,120.0,Not Applicable,Not Applicable,No,Not Applicable,327,UPI,5,3.9,4.5
2024-07-18 05:52:00,CNR3621447518,Success,CID688626,Prime Sedan,Shivajinagar,Banashankari,294.0,135.0,Not Applicable,Not Applicable,No,Not Applicable,130,Cash,7,4.6,4.5
2024-07-10 15:36:00,CNR3938594458,Success,CID128199,eBike,Vijayanagar,Indiranagar,238.0,60.0,Not Applicable,Not Applicable,No,Not Applicable,865,UPI,5,3.2,3.5
2024-07-22 19:06:00,CNR2089943460,Canceled by Driver,CID268069,Mini,Yeshwanthpur,Kengeri,,,Not Applicable,Customer was coughing/sick,Not Applicable,Not Applicable,171,Not Applicable,0,,
2024-07-18 08:27:00,CNR4183296616,Driver Not Found,CID557688,Auto,Electronic City,Rajajinagar,,,Not Applicable,Not Applicable,Not Applicable,Not Applicable,613,Not Applicable,0,,
2024-07-29 16:08:00,CNR3287405315,Success,CID502943,Prime SUV,Mysore Road,Magadi Road,224.0,40.0,Not Applicable,Not Applicable,No,Not Applicable,152,UPI,13,4.2,3.8
2024-07-12 20:46:00,CNR9224277416,Success,CID436155,Auto,Peenya,Bellandur,119.0,50.0,Not Applicable,Not Applicable,No,Not Applicable,400,UPI,16,4.7,4.4
2024-07-11 16:07:00,CNR9886587656,Success,CID403528,Prime Sedan,Devanahalli,Hennur,224.0,115.0,Not Applicable,Not Applicable,No,Not Applicable,183,UPI,15,3.0,4.5
2024-07-29 02:04:00,CNR5288288293,Success,CID171415,eBike,Whitefield,Magadi Road,154.0,105.0,Not Applicable,Not Applicable,No,Not Applicable,298,Cash,19,4.9,4.4
2024-07-06 10:20:00,CNR5419754338,Success,CID311661,Prime Plus,Indiranagar,Magadi Road,119.0,45.0,Not Applicable,Not Applicable,No,Not Applicable,178,Cash,44,3.2,3.0
2024-07-12 05:11:00,CNR9708352637,Success,CID679083,Mini,Ulsoor,BTM Layout,217.0,140.0,Not Applicable,Not Applicable,No,Not Applicable,459,Cash,48,4.8,3.6
2024-07-30 18:42:00,CNR8551416361,Canceled by Customer,CID826950,eBike,Jayanagar,Rajajinagar,,,Driver is not moving towards pickup location,Not Applicable,Not Applicable,Not Applicable,2104,Not Applicable,0,,
2024-07-25 12:50:00,CNR5518834454,Canceled by Customer,CID256066,Auto,Sahakar Nagar,Vijayanagar,,,Wrong Address,Not Applicable,Not Applicable,Not Applicable,298,Not Applicable,0,,
2024-07-07 05:41:00,CNR2138513744,Success,CID670711,Prime Sedan,Ulsoor,Mysore Road,252.0,105.0,Not Applicable,Not Applicable,No,Not Applicable,459,Cash,27,4.0,4.5
2024-07-09 09:18:00,CNR1301468186,Driver Not Found,CID604054,Prime Plus,Richmond Town,Shantinagar,,,Not Applicable,Not Applicable,Not Applicable,Not Applicable,271,Not Applicable,0,,
2024-07-08 07:04:00,CNR5148116006,Canceled by Driver,CID258026,Prime Plus,Tumkur Road,Magadi Road,,,Not Applicable,Personal & Car related issue,Not Applicable,Not Applicable,331,Not Applicable,0,,
2024-07-30 22:31:00,CNR7468618763,Canceled by Driver,CID954303,Prime Sedan,Magadi Road,Whitefield,,,Not Applicable,Customer was coughing/sick,Not Applicable,Not Applicable,327,Not Applicable,0,,
2024-07-11 09:29:00,CNR8017279327,Success,CID924779,Auto,Malleshwaram,Electronic City,91.0,40.0,Not Applicable,Not Applicable,No,Not Applicable,396,Cash,10,4.0,4.1
2024-07-28 02:20:00,CNR1762826641,Success,CID736207,Auto,Electronic City,Sahakar Nagar,175.0,30.0,Not Applicable,Not Applicable,No,Not Applicable,580,UPI,16,4.1,3.4
2024-07-21 05:38:00,CNR2842301941,Success,CID853499,Auto,Yeshwanthpur,Yeshwanthpur,189.0,50.0,Not Applicable,Not Applicable,No,Not Applicable,462,Cash,8,4.3,4.4
2024-07-29 21:02:00,CNR5598232348,Success,CID993728,Prime SUV,Yelahanka,Yelahanka,42.0,140.0,Not Applicable,Not Applicable,No,Not Applicable,327,Cash,45,3.3,4.2
2024-07-14 14:18:00,CNR7366148018,Success,CID521261,Bike,Chickpet,Kengeri,287.0,135.0,Not Applicable,Not Applicable,No,Not Applicable,490,Cash,36,4.5,4.5
2024-07-12 19:17:00,CNR6595978666,Success,CID111161,Prime Sedan,Magadi Road,Peenya,112.0,110.0,Not Applicable,Not Applicable,No,Not Applicable,924,UPI,31,3.1,4.6
2024-07-23 10:22:00,CNR1385785502,Success,CID549551,Bike,Whitefield,Indiranagar,168.0,145.0,Not Applicable,Not Applicable,No,Not Applicable,430,UPI,36,4.2,4.0
2024-07-06 23:36:00,CNR9396275332,Canceled by Driver,CID987251,Auto,Jayanagar,Hosur Road,,,Not Applicable,Personal & Car related issue,Not Applicable,Not Applicable,852,Not Applicable,0,,
2024-07-30 13:56:00,CNR4895900228,Success,CID560880,Prime Sedan,MG Road,Jayanagar,168.0,30.0,Not Applicable,Not Applicable,No,Not Applicable,290,Cash,46,4.6,3.4
2024-07-16 23:44:00,CNR2028716436,Driver Not Found,CID959284,Auto,Marathahalli,Shivajinagar,,,Not Applicable,Not Applicable,Not Applicable,Not Applicable,162,Not Applicable,0,,
2024-07-21 14:15:00,CNR2056973458,Success,CID704572,Mini,Yeshwanthpur,Bellandur,126.0,60.0,Not Applicable,Not Applicable,Yes,Customer Demand,1013,Cash,4,3.4,5.0
2024-07-26 21:29:00,CNR7785296048,Canceled by Driver,CID259670,Auto,Hebbal,Electronic City,,,Not Applicable,Personal & Car related issue,Not Applicable,Not Applicable,296,Not Applicable,0,,
2024-07-12 13:28:00,CNR1094493071,Success,CID545288,Mini,Yelahanka,Koramangala,91.0,100.0,Not Applicable,Not Applicable,No,Not Applicable,359,Cash,26,3.0,3.4
2024-07-08 22:50:00,CNR3294182049,Success,CID355591,Mini,Whitefield,Hosur Road,189.0,100.0,Not Applicable,Not Applicable,No,Not Applicable,321,Cash,33,4.8,3.3
2024-07-17 00:29:00,CNR6822452622,Driver Not Found,CID880507,Prime Sedan,Richmond Town,Devanahalli,,,Not Applicable,Not Applicable,Not Applicable,Not Applicable,1157,Not Applicable,0,,
2024-07-09 08:17:00,CNR9864413397,Success,CID677667,Prime SUV,Koramangala,Bellandur,126.0,35.0,Not Applicable,Not Applicable,No,Not Applicable,393,Credit Card,11,4.9,3.4
2024-07-27 01:23:00,CNR5381184794,Success,CID124528,eBike,Varthur,Varthur,280.0,95.0,Not Applicable,Not Applicable,No,Not Applicable,421,Debit Card,14,4.2,3.2
2024-07-29 11:33:00,CNR9674334380,Success,CID316334,Prime SUV,Jayanagar,MG Road,231.0,120.0,Not Applicable,Not Applicable,No,Not Applicable,276,Cash,12,3.3,4.6
2024-07-13 10:27:00,CNR2353994310,Canceled by Driver,CID325514,Prime Plus,Sahakar Nagar,Shantinagar,,,Not Applicable,Customer was coughing/sick,Not Applicable,Not Applicable,431,Not Applicable,0,,
2024-07-03 02:48:00,CNR8945528539,Success,CID892691,Mini,Bannerghatta Road,Hosur Road,189.0,40.0,Not Applicable,Not Applicable,No,Not Applicable,160,UPI,48,3.0,4.3
2024-07-06 08:09:00,CNR4623216236,Success,CID398461,Prime Sedan,Yeshwanthpur,Frazer Town,161.0,95.0,Not Applicable,Not Applicable,No,Not Applicable,171,Cash,25,3.9,3.8
2024-07-19 23:08:00,CNR2277934976,Success,CID624876,Bike,Kengeri,Devanahalli,147.0,50.0,Not Applicable,Not Applicable,No,Not Applicable,379,Cash,45,4.6,3.7
2024-07-23 16:25:00,CNR2945752820,Success,CID214301,Mini,Langford Town,RT Nagar,140.0,140.0,Not Applicable,Not Applicable,No,Not Applicable,331,Cash,24,4.2,3.1
2024-07-26 00:23:00,CNR2213890128,Success,CID929427,Prime SUV,Vijayanagar,Indiranagar,63.0,60.0,Not Applicable,Not Applicable,No,Not Applicable,334,Credit Card,48,4.1,4.8
2024-07-21 13:18:00,CNR2312617448,Canceled by Customer,CID492348,Prime Plus,Bannerghatta Road,MG Road,,,AC is Not working,Not Applicable,Not Applicable,Not Applicable,420,Not Applicable,0,,
2024-07-01 20:54:00,CNR6860668310,Success,CID294821,Bike,Banashankari,HSR Layout,245.0,60.0,Not Applicable,Not Applicable,No,Not Applicable,336,Cash,7,3.5,4.4
2024-07-25 04:13:00,CNR4580233026,Success,CID588852,Mini,RT Nagar,BTM Layout,294.0,110.0,Not Applicable,Not Applicable,No,Not Applicable,427,UPI,35,3.5,3.1
2024-07-12 19:42:00,CNR4192285610,Canceled by Customer,CID149094,Bike,Shivajinagar,Jayanagar,,,Driver asked to cancel,Not Applicable,Not Applicable,Not Applicable,293,Not Applicable,0,,
2024-07-04 18:52:00,CNR3024123533,Canceled by Driver,CID438570,eBike,Hennur,Koramangala,,,Not Applicable,Customer was coughing/sick,Not Applicable,Not Applicable,940,Not Applicable,0,,
2024-07-05 03:59:00,CNR1990474548,Driver Not Found,CID792046,Bike,Frazer Town,Rajarajeshwari Nagar,,,Not Applicable,Not Applicable,Not Applicable,Not Applicable,1542,Not Applicable,0,,
2024-07-13 13:33:00,CNR1525515060,Success,CID109661,Prime SUV,Tumkur Road,Peenya,301.0,135.0,Not Applicable,Not Applicable,No,Not Applicable,466,UPI,20,4.4,4.0
2024-07-28 12:06:00,CNR3887375104,Canceled by Customer,CID320440,eBike,Kammanahalli,Malleshwaram,,,Driver asked to cancel,Not Applicable,Not Applicable,Not Applicable,381,Not Applicable,0,,
2024-07-14 10:27:00,CNR9300175703,Driver Not Found,CID945071,Auto,Frazer Town,Vijayanagar,,,Not Applicable,Not Applicable,Not Applicable,Not Applicable,433,Not Applicable,0,,
2024-07-13 17:35:00,CNR9349209744,Success,CID440427,Mini,Bellandur,Shantinagar,294.0,80.0,Not Applicable,Not Applicable,No,Not Applicable,193,Cash,9,5.0,3.7
2024-07-25 13:11:00,CNR3338294758,Driver Not Found,CID988463,Prime Sedan,Padmanabhanagar,Peenya,,,Not Applicable,Not Applicable,Not Applicable,Not Applicable,1277,Not Applicable,0,,
2024-07-11 04:06:00,CNR6891560841,Canceled by Driver,CID237264,Auto,Shantinagar,Chamarajpet,,,Not Applicable,Customer was coughing/sick,Not Applicable,Not Applicable,267,Not Applicable,0,,
2024-07-09 14:22:00,CNR2196975445,Canceled by Driver,CID774435,Mini,Chamarajpet,Jayanagar,,,Not Applicable,Customer was coughing/sick,Not Applicable,Not Applicable,235,Not Applicable,0,,
2024-07-29 06:46:00,CNR3514641850,Success,CID769494,eBike,Basavanagudi,Yeshwanthpur,119.0,145.0,Not Applicable,Not Applicable,No,Not Applicable,735,Cash,43,3.4,4.3
2024-07-25 05:09:00,CNR9954769555,Driver Not Found,CID165334,Prime Sedan,RT Nagar,Bannerghatta Road,,,Not Applicable,Not Applicable,Not Applicable,Not Applicable,278,Not Applicable,0,,
2024-07-17 06:38:00,CNR1292137839,Driver Not Found,CID365358,Bike,Rajarajeshwari Nagar,Frazer Town,,,Not Applicable,Not Applicable,Not Applicable,Not Applicable,151,Not Applicable,0,,
2024-07-30 23:44:00,CNR3001658276,Success,CID229572,eBike,Majestic,Koramangala,56.0,25.0,Not Applicable,Not Applicable,No,Not Applicable,163,Cash,14,4.8,3.9
2024-07-30 02:48:00,CNR7164581631,Success,CID483836,Bike,Kengeri,Koramangala,133.0,120.0,Not Applicable,Not Applicable,Yes,Customer Demand,159,UPI,41,3.4,3.3
2024-07-21 11:04:00,CNR5889571803,Success,CID521577,eBike,Electronic City,Langford Town,49.0,40.0,Not Applicable,Not Applicable,No,Not Applicable,474,UPI,11,4.6,4.6
2024-07-19 10:42:00,CNR8542276740,Success,CID792633,Mini,Richmond Town,Shivajinagar,140.0,75.0,Not Applicable,Not Applicable,No,Not Applicable,212,Cash,11,4.5,3.4
2024-07-16 21:52:00,CNR4378881132,Success,CID892672,Mini,Varthur,Chamarajpet,168.0,50.0,Not Applicable,Not Applicable,No,Not Applicable,458,UPI,49,3.6,3.8
2024-07-22 04:14:00,CNR7700836251,Success,CID722795,Prime Plus,MG Road,Padmanabhanagar,133.0,40.0,Not Applicable,Not Applicable,No,Not Applicable,440,UPI,13,3.5,3.4
2024-07-01 15:18:00,CNR6684344714,Success,CID718043,eBike,Shivajinagar,Bannerghatta Road,301.0,25.0,Not Applicable,Not Applicable,No,Not Applicable,196,Cash,39,4.0,3.0
2024-07-13 11:08:00,CNR9978107683,Success,CID449107,Prime Sedan,Yelahanka,Koramangala,147.0,55.0,Not Applicable,Not Applicable,No,Not Applicable,181,Cash,22,3.3,3.9
2024-07-03 12:58:00,CNR5107474434,Driver Not Found,CID384429,Auto,BTM Layout,MG Road,,,Not Applicable,Not Applicable,Not Applicable,Not Applicable,277,Not Applicable,0,,
2024-07-09 05:33:00,CNR9940840745,Success,CID287157,Prime Plus,Devanahalli,Jayanagar,182.0,40.0,Not Applicable,Not Applicable,No,Not Applicable,907,Cash,42,4.3,3.2
2024-07-26 12:26:00,CNR3285872691,Canceled by Customer,CID234384,eBike,Yeshwanthpur,Chickpet,,,AC is Not working,Not Applicable,Not Applicable,Not Applicable,384,Not Applicable,0,,
2024-07-12 12:39:00,CNR4970920797,Success,CID890259,Prime SUV,Magadi Road,Marathahalli,63.0,95.0,Not Applicable,Not Applicable,No,Not Applicable,314,Cash,41,3.2,3.9
2024-07-11 15:45:00,CNR2808815095,Success,CID673804,Prime Plus,Whitefield,Magadi Road,259.0,30.0,Not Applicable,Not Applicable,Yes,Customer Demand,205,Cash,42,4.4,3.6
2024-07-08 09:42:00,CNR4987759760,Canceled by Customer,CID940117,Prime Sedan,Basavanagudi,Mysore Road,,,Wrong Address,Not Applicable,Not Applicable,Not Applicable,109,Not Applicable,0,,
2024-07-30 18:06:00,CNR8197336912,Canceled by Driver,CID640377,Prime Sedan,Hulimavu,Ulsoor,,,Not Applicable,More than permitted people in there,Not Applicable,Not Applicable,850,Not Applicable,0,,
2024-07-01 02:10:00,CNR9255644665,Canceled by Driver,CID285140,Prime SUV,Langford Town,Hennur,,,Not Applicable,Customer related issue,Not Applicable,Not Applicable,2398,Not Applicable,0,,
2024-07-13 09:03:00,CNR5385377770,Canceled by Driver,CID115153,eBike,Frazer Town,Hennur,,,Not Applicable,Customer related issue,Not Applicable,Not Applicable,342,Not Applicable,0,,
2024-07-18 18:36:00,CNR4777792204,Canceled by Driver,CID870722,eBike,BTM Layout,Malleshwaram,,,Not Applicable,More than permitted people in there,Not Applicable,Not Applicable,481,Not Applicable,0,,
2024-07-29 22:59:00,CNR7441811156,Canceled by Customer,CID403828,eBike,Shivajinagar,Hennur,,,Driver asked to cancel,Not Applicable,Not Applicable,Not Applicable,327,Not Applicable,0,,
2024-07-28 23:41:00,CNR7951587108,Canceled by Driver,CID893322,Prime Sedan,Padmanabhanagar,Vijayanagar,,,Not Applicable,Customer was coughing/sick,Not Applicable,Not Applicable,344,Not Applicable,0,,
2024-07-01 06:43:00,CNR6547004148,Canceled by Customer,CID253601,Prime Plus,Electronic City,Frazer Town,,,Driver asked to cancel,Not Applicable,Not Applicable,Not Applicable,1659,Not Applicable,0,,
2024-07-11 11:03:00,CNR1950914663,Success,CID733811,Mini,Indiranagar,Yeshwanthpur,175.0,105.0,Not Applicable,Not Applicable,No,Not Applicable,108,UPI,33,4.6,4.8
2024-07-08 01:12:00,CNR6109842351,Success,CID424231,Prime Sedan,Nagarbhavi,Yelahanka,105.0,100.0,Not Applicable,Not Applicable,No,Not Applicable,284,Cash,8,4.7,3.4
2024-07-11 06:55:00,CNR1132564564,Canceled by Customer,CID543350,Prime SUV,Bannerghatta Road,Sahakar Nagar,,,Wrong Address,Not Applicable,Not Applicable,Not Applicable,893,Not Applicable,0,,
2024-07-18 15:25:00,CNR5349857230,Canceled by Driver,CID320221,Prime Sedan,Ramamurthy Nagar,MG Road,,,Not Applicable,More than permitted people in there,Not Applicable,Not Applicable,313,Not Applicable,0,,
2024-07-12 13:05:00,CNR6833679493,Success,CID408001,eBike,MG Road,Basavanagudi,175.0,145.0,Not Applicable,Not Applicable,No,Not Applicable,307,Cash,20,3.2,3.2
2024-07-27 12:14:00,CNR3507160372,Canceled by Driver,CID439919,Prime Sedan,Malleshwaram,Hosur Road,,,Not Applicable,Customer related issue,Not Applicable,Not Applicable,978,Not Applicable,0,,
2024-07-05 02:31:00,CNR6481885293,Canceled by Customer,CID552696,Auto,Frazer Town,Cox Town,,,Driver is not moving towards pickup location,Not Applicable,Not Applicable,Not Applicable,118,Not Applicable,0,,
2024-07-07 00:42:00,CNR3784154717,Canceled by Customer,CID178113,Prime Sedan,Chamarajpet,Sarjapur Road,,,Driver is not moving towards pickup location,Not Applicable,Not Applicable,Not Applicable,140,Not Applicable,0,,
2024-07-24 12:20:00,CNR7322157053,Success,CID504283,Mini,JP Nagar,RT Nagar,196.0,130.0,Not Applicable,Not Applicable,No,Not Applicable,438,UPI,35,3.6,4.5
2024-07-29 19:44:00,CNR2632751938,Canceled by Driver,CID562989,Auto,Chickpet,Kammanahalli,,,Not Applicable,Customer related issue,Not Applicable,Not Applicable,2546,Not Applicable,0,,
2024-07-09 10:46:00,CNR3287131428,Success,CID867454,Mini,Electronic City,Shivajinagar,189.0,115.0,Not Applicable,Not Applicable,No,Not Applicable,1593,UPI,29,4.9,4.8
2024-07-12 12:44:00,CNR4416699945,Success,CID979243,Bike,Shivajinagar,Kengeri,168.0,75.0,Not Applicable,Not Applicable,No,Not Applicable,1932,UPI,44,4.8,3.9
2024-07-30 14:42:00,CNR2520896159,Success,CID174930,Prime SUV,Electronic City,Cox Town,224.0,55.0,Not Applicable,Not Applicable,Yes,Other Issue,320,Cash,28,4.1,4.4
2024-07-04 22:38:00,CNR3582642738,Canceled by Driver,CID412943,Auto,Sarjapur Road,Hosur Road,,,Not Applicable,Customer related issue,Not Applicable,Not Applicable,930,Not Applicable,0,,
2024-07-01 21:27:00,CNR2832008360,Success,CID331100,Bike,Devanahalli,Sahakar Nagar,63.0,60.0,Not Applicable,Not Applicable,No,Not Applicable,378,Cash,10,3.4,4.7
2024-07-04 22:12:00,CNR6681214321,Success,CID282617,Bike,Langford Town,Ulsoor,280.0,90.0,Not Applicable,Not Applicable,No,Not Applicable,442,Cash,48,3.8,4.7
2024-07-29 03:24:00,CNR9223447083,Success,CID716311,Prime Sedan,Mysore Road,Hebbal,301.0,140.0,Not Applicable,Not Applicable,No,Not Applicable,1920,UPI,35,3.5,4.2
2024-07-13 01:14:00,CNR8680236699,Canceled by Driver,CID254846,Mini,Banashankari,Varthur,,,Not Applicable,Customer related issue,Not Applicable,Not Applicable,188,Not Applicable,0,,
2024-07-24 22:09:00,CNR3951678264,Success,CID727298,Auto,Peenya,Marathahalli,140.0,130.0,Not Applicable,Not Applicable,No,Not Applicable,481,UPI,11,4.1,4.0
2024-07-24 11:30:00,CNR7918992405,Driver Not Found,CID690605,Prime Plus,Shantinagar,Peenya,,,Not Applicable,Not Applicable,Not Applicable,Not Applicable,462,Not Applicable,0,,
2024-07-03 21:23:00,CNR1665740556,Success,CID929225,Prime Plus,Langford Town,Sahakar Nagar,252.0,65.0,Not Applicable,Not Applicable,No,Not Applicable,176,Cash,30,4.3,3.0
2024-07-26 19:56:00,CNR6458983732,Success,CID211611,eBike,Basavanagudi,Sarjapur Road,77.0,45.0,Not Applicable,Not Applicable,No,Not Applicable,168,Debit Card,13,4.0,3.2
2024-07-18 01:14:00,CNR6567088895,Success,CID858171,Bike,Banashankari,Hosur Road,252.0,40.0,Not Applicable,Not Applicable,No,Not Applicable,322,Cash,29,3.6,3.6
2024-07-21 23:43:00,CNR6703911164,Success,CID872174,Mini,Kengeri,Hebbal,84.0,75.0,Not Applicable,Not Applicable,No,Not Applicable,232,Cash,26,3.8,4.7
2024-07-09 02:44:00,CNR4196282886,Success,CID385422,Mini,Nagarbhavi,Majestic,42.0,45.0,Not Applicable,Not Applicable,No,Not Applicable,450,UPI,42,4.7,3.4
2024-07-05 02:44:00,CNR2392116782,Success,CID406391,Bike,Frazer Town,Electronic City,147.0,45.0,Not Applicable,Not Applicable,No,Not Applicable,464,UPI,10,3.1,3.1
2024-07-20 19:09:00,CNR1876018779,Success,CID584896,Prime Plus,KR Puram,Ramamurthy Nagar,84.0,140.0,Not Applicable,Not Applicable,No,Not Applicable,828,UPI,29,4.6,3.4
2024-07-08 21:46:00,CNR6384382512,Success,CID171557,Mini,Devanahalli,Hosur Road,182.0,140.0,Not Applicable,Not Applicable,No,Not Applicable,1172,Cash,24,3.8,4.7
2024-07-09 15:08:00,CNR4125290310,Driver Not Found,CID242380,Auto,Rajajinagar,Shantinagar,,,Not Applicable,Not Applicable,Not Applicable,Not Applicable,168,Not Applicable,0,,
2024-07-19 07:27:00,CNR6389973626,Success,CID645291,Prime Sedan,Indiranagar,Basavanagudi,252.0,45.0,Not Applicable,Not Applicable,No,Not Applicable,834,Cash,12,4.1,4.4
2024-07-17 19:09:00,CNR1211104945,Canceled by Driver,CID216041,eBike,Varthur,Frazer Town,,,Not Applicable,Customer related issue,Not Applicable,Not Applicable,669,Not Applicable,0,,
2024-07-14 10:27:00,CNR9970933801,Success,CID503956,Prime SUV,BTM Layout,Mysore Road,203.0,60.0,Not Applicable,Not Applicable,No,Not Applicable,227,UPI,30,3.8,3.6
2024-07-16 07:59:00,CNR5783018609,Success,CID275861,Prime Sedan,Rajajinagar,Peenya,98.0,110.0,Not Applicable,Not Applicable,No,Not Applicable,458,Cash,2,4.1,3.0
2024-07-04 12:14:00,CNR1567407354,Success,CID856764,Bike,KR Puram,Chickpet,133.0,125.0,Not Applicable,Not Applicable,No,Not Applicable,538,UPI,13,4.9,4.5
2024-07-04 13:43:00,CNR1040492497,Success,CID833890,Prime Plus,Chamarajpet,Tumkur Road,56.0,90.0,Not Applicable,Not Applicable,No,Not Applicable,499,Cash,28,4.8,3.1
2024-07-11 14:13:00,CNR6958060209,Canceled by Driver,CID566525,Auto,Jayanagar,Nagarbhavi,,,Not Applicable,Customer was coughing/sick,Not Applicable,Not Applicable,250,Not Applicable,0,,
2024-07-20 19:43:00,CNR7190598629,Success,CID243903,Bike,RT Nagar,Magadi Road,196.0,95.0,Not Applicable,Not Applicable,No,Not Applicable,383,Cash,46,4.6,3.2
2024-07-22 03:43:00,CNR5212487440,Success,CID629818,Mini,Shantinagar,Cox Town,196.0,50.0,Not Applicable,Not Applicable,No,Not Applicable,124,Cash,26,3.5,4.4
2024-07-20 10:57:00,CNR6549630586,Success,CID992069,Prime SUV,Shantinagar,Malleshwaram,133.0,90.0,Not Applicable,Not Applicable,No,Not Applicable,373,UPI,12,4.8,5.0
2024-07-28 14:58:00,CNR6508904473,Success,CID679890,Auto,Bellandur,Sahakar Nagar,63.0,90.0,Not Applicable,Not Applicable,Yes,Vehicle Breakdown,224,Cash,9,4.8,4.2
2024-07-27 11:18:00,CNR5771570540,Success,CID742891,Auto,Rajajinagar,Shivajinagar,112.0,145.0,Not Applicable,Not Applicable,No,Not Applicable,1910,Cash,5,3.8,3.9
2024-07-06 01:04:00,CNR2629579025,Canceled by Driver,CID337291,Prime Sedan,Kammanahalli,Banashankari,,,Not Applicable,Customer related issue,Not Applicable,Not Applicable,684,Not Applicable,0,,
2024-07-08 05:58:00,CNR2812865381,Driver Not Found,CID332167,Auto,Nagarbhavi,Cox Town,,,Not Applicable,Not Applicable,Not Applicable,Not Applicable,948,Not Applicable,0,,
2024-07-04 03:53:00,CNR1216569086,Canceled by Driver,CID260794,Prime Plus,Basavanagudi,Peenya,,,Not Applicable,Customer was coughing/sick,Not Applicable,Not Applicable,320,Not Applicable,0,,
2024-07-08 10:22:00,CNR6638434341,Success,CID354075,Mini,Vijayanagar,Marathahalli,49.0,40.0,Not Applicable,Not Applicable,No,Not Applicable,254,Cash,8,4.5,4.2
2024-07-26 10:10:00,CNR7753092157,Canceled by Driver,CID785056,Mini,Varthur,Shantinagar,,,Not Applicable,Personal & Car related issue,Not Applicable,Not Applicable,401,Not Applicable,0,,
2024-07-19 11:03:00,CNR9298940394,Success,CID945758,eBike,Marathahalli,Chickpet,147.0,115.0,Not Applicable,Not Applicable,No,Not Applicable,190,Cash,30,3.4,4.4
2024-07-15 03:52:00,CNR7346752904,Success,CID638414,Prime SUV,Ulsoor,Magadi Road,301.0,140.0,Not Applicable,Not Applicable,No,Not Applicable,722,UPI,18,3.2,3.6
2024-07-19 01:36:00,CNR2803987850,Canceled by Customer,CID161787,Auto,JP Nagar,Whitefield,,,Driver is not moving towards pickup location,Not Applicable,Not Applicable,Not Applicable,1549,Not Applicable,0,,
2024-07-05 21:32:00,CNR8027171036,Success,CID181570,Prime Plus,Hulimavu,KR Puram,133.0,105.0,Not Applicable,Not Applicable,No,Not Applicable,283,UPI,49,4.8,3.9
2024-07-20 22:46:00,CNR7223252467,Success,CID187188,eBike,Electronic City,Sahakar Nagar,210.0,85.0,Not Applicable,Not Applicable,No,Not Applicable,282,UPI,32,3.7,3.6
2024-07-24 22:20:00,CNR6948728732,Success,CID803862,Prime Plus,Yeshwanthpur,Malleshwaram,91.0,125.0,Not Applicable,Not Applicable,No,Not Applicable,570,Cash,30,4.3,3.5
2024-07-20 11:19:00,CNR1664768909,Success,CID631658,Prime Plus,Banashankari,Varthur,91.0,85.0,Not Applicable,Not Applicable,No,Not Applicable,216,UPI,35,3.6,3.7
2024-07-24 01:16:00,CNR9741298635,Driver Not Found,CID330355,Prime Sedan,Shivajinagar,Ulsoor,,,Not Applicable,Not Applicable,Not Applicable,Not Applicable,326,Not Applicable,0,,
2024-07-22 09:45:00,CNR7826775659,Canceled by Driver,CID354049,Prime Plus,Shantinagar,Richmond Town,,,Not Applicable,Customer was coughing/sick,Not Applicable,Not Applicable,459,Not Applicable,0,,
2024-07-21 22:36:00,CNR2224358854,Canceled by Driver,CID654320,Prime SUV,Cox Town,Ramamurthy Nagar,,,Not Applicable,Customer was coughing/sick,Not Applicable,Not Applicable,173,Not Applicable,0,,
2024-07-29 09:20:00,CNR9690360949,Canceled by Customer,CID790731,Prime SUV,Sarjapur Road,Koramangala,,,Driver is not moving towards pickup location,Not Applicable,Not Applicable,Not Applicable,305,Not Applicable,0,,
2024-07-23 04:09:00,CNR7957026071,Success,CID130893,Prime Sedan,RT Nagar,Nagarbhavi,63.0,45.0,Not Applicable,Not Applicable,No,Not Applicable,983,UPI,22,3.1,3.8
2024-07-25 05:32:00,CNR2637840846,Success,CID421000,Auto,Magadi Road,Bannerghatta Road,259.0,85.0,Not Applicable,Not Applicable,No,Not Applicable,637,Cash,16,3.5,3.5
2024-07-10 15:38:00,CNR7079940910,Success,CID136732,Auto,Kadugodi,Majestic,147.0,40.0,Not Applicable,Not Applicable,No,Not Applicable,137,Credit Card,13,4.2,4.4
2024-07-14 09:27:00,CNR7008438275,Success,CID591052,Auto,Sahakar Nagar,Padmanabhanagar,42.0,45.0,Not Applicable,Not Applicable,No,Not Applicable,463,UPI,12,3.4,4.7
2024-07-01 18:56:00,CNR2537536930,Success,CID474789,Prime SUV,Hennur,Marathahalli,77.0,90.0,Not Applicable,Not Applicable,No,Not Applicable,276,UPI,4,3.7,4.4
2024-07-22 05:55:00,CNR1940027068,Success,CID499157,eBike,Ulsoor,Majestic,301.0,55.0,Not Applicable,Not Applicable,No,Not Applicable,225,UPI,17,3.8,3.4
2024-07-29 20:27:00,CNR9528715853,Success,CID208299,Prime SUV,Kammanahalli,Kengeri,49.0,110.0,Not Applicable,Not Applicable,No,Not Applicable,190,UPI,13,3.5,4.1
2024-07-19 03:31:00,CNR2420310062,Success,CID240340,Auto,Majestic,Bannerghatta Road,259.0,35.0,Not Applicable,Not Applicable,No,Not Applicable,101,UPI,14,4.7,3.7
2024-07-22 16:12:00,CNR3965096065,Success,CID221939,Prime SUV,Bellandur,Electronic City,56.0,55.0,Not Applicable,Not Applicable,No,Not Applicable,480,Cash,49,3.5,3.4
2024-07-28 10:58:00,CNR2744917174,Success,CID621882,Auto,Electronic City,Sahakar Nagar,98.0,145.0,Not Applicable,Not Applicable,No,Not Applicable,144,Cash,9,4.4,4.6
2024-07-09 07:09:00,CNR9641607115,Success,CID606020,Bike,Richmond Town,Padmanabhanagar,231.0,85.0,Not Applicable,Not Applicable,No,Not Applicable,356,Cash,49,4.9,4.3
2024-07-16 11:18:00,CNR1240016274,Success,CID379848,Prime Sedan,Rajarajeshwari Nagar,Jayanagar,133.0,80.0,Not Applicable,Not Applicable,No,Not Applicable,478,UPI,8,5.0,3.8
2024-07-01 15:02:00,CNR9356833835,Success,CID567748,eBike,Nagarbhavi,Basavanagudi,238.0,70.0,Not Applicable,Not Applicable,No,Not Applicable,467,Credit Card,42,4.3,3.4
2024-07-08 09:01:00,CNR7617465614,Canceled by Driver,CID246617,Auto,RT Nagar,Frazer Town,,,Not Applicable,Personal & Car related issue,Not Applicable,Not Applicable,491,Not Applicable,0,,
2024-07-09 05:37:00,CNR4727455613,Canceled by Customer,CID810016,Prime Plus,Kadugodi,Langford Town,,,Driver asked to cancel,Not Applicable,Not Applicable,Not Applicable,284,Not Applicable,0,,
2024-07-28 05:07:00,CNR6647684909,Success,CID770147,Prime Plus,Magadi Road,Bannerghatta Road,224.0,100.0,Not Applicable,Not Applicable,No,Not Applicable,465,UPI,49,4.6,3.8
2024-07-12 03:40:00,CNR5607337082,Success,CID299210,eBike,Varthur,Peenya,140.0,30.0,Not Applicable,Not Applicable,No,Not Applicable,107,Cash,25,3.1,3.1
2024-07-13 23:08:00,CNR3706899364,Canceled by Customer,CID760175,Prime Sedan,Peenya,Kadugodi,,,Wrong Address,Not Applicable,Not Applicable,Not Applicable,221,Not Applicable,0,,
2024-07-17 02:52:00,CNR4491887309,Canceled by Driver,CID377945,Prime SUV,Chickpet,Mysore Road,,,Not Applicable,Customer was coughing/sick,Not Applicable,Not Applicable,868,Not Applicable,0,,
2024-07-11 07:36:00,CNR8930129035,Success,CID515043,Prime SUV,KR Puram,Tumkur Road,140.0,35.0,Not Applicable,Not Applicable,No,Not Applicable,1345,Cash,20,4.7,4.1
2024-07-29 21:20:00,CNR8231603293,Success,CID466060,Prime SUV,Tumkur Road,Sahakar Nagar,133.0,140.0,Not Applicable,Not Applicable,No,Not Applicable,447,UPI,41,3.7,4.2
2024-07-13 05:56:00,CNR5249491013,Canceled by Driver,CID963085,Auto,Tumkur Road,Devanahalli,,,Not Applicable,Customer related issue,Not Applicable,Not Applicable,584,Not Applicable,0,,
2024-07-13 06:48:00,CNR2385458635,Canceled by Driver,CID901387,Mini,Hebbal,Jayanagar,,,Not Applicable,More than permitted people in there,Not Applicable,Not Applicable,484,Not Applicable,0,,
2024-07-06 22:32:00,CNR3966841292,Success,CID598954,Prime Plus,Frazer Town,Kengeri,98.0,95.0,Not Applicable,Not Applicable,No,Not Applicable,881,UPI,24,4.6,3.7
2024-07-28 21:54:00,CNR5151168152,Success,CID946747,eBike,Malleshwaram,Kammanahalli,189.0,70.0,Not Applicable,Not Applicable,No,Not Applicable,430,UPI,9,4.1,4.1
2024-07-13 00:41:00,CNR6224033814,Success,CID612877,eBike,Marathahalli,Yeshwanthpur,56.0,90.0,Not Applicable,Not Applicable,No,Not Applicable,274,UPI,23,4.8,4.7
2024-07-16 22:42:00,CNR4612513412,Success,CID763112,Bike,Yeshwanthpur,BTM Layout,231.0,40.0,Not Applicable,Not Applicable,No,Not Applicable,423,Cash,6,3.8,4.6
2024-07-05 01:38:00,CNR4924532440,Success,CID982112,Mini,Jayanagar,Tumkur Road,294.0,35.0,Not Applicable,Not Applicable,No,Not Applicable,723,Cash,37,3.9,3.9
2024-07-17 04:02:00,CNR6472693300,Success,CID900031,Auto,Kammanahalli,BTM Layout,175.0,90.0,Not Applicable,Not Applicable,No,Not Applicable,325,Cash,8,4.6,4.2
2024-07-08 16:06:00,CNR9553610940,Canceled by Customer,CID710532,Prime Plus,Koramangala,Shantinagar,,,Change of plans,Not Applicable,Not Applicable,Not Applicable,345,Not Applicable,0,,
2024-07-24 23:48:00,CNR7367535269,Success,CID756868,Prime Sedan,Hennur,Ramamurthy Nagar,140.0,105.0,Not Applicable,Not Applicable,No,Not Applicable,720,Cash,9,3.9,4.0
2024-07-11 19:09:00,CNR3799394572,Success,CID539674,Mini,Kengeri,Hebbal,287.0,70.0,Not Applicable,Not Applicable,No,Not Applicable,327,UPI,14,4.8,4.5
2024-07-16 22:31:00,CNR7686705447,Success,CID756943,Bike,Kammanahalli,Devanahalli,224.0,60.0,Not Applicable,Not Applicable,No,Not Applicable,922,Cash,11,4.8,4.7
2024-07-24 22:39:00,CNR5829831405,Success,CID174652,Auto,Yelahanka,Chamarajpet,238.0,100.0,Not Applicable,Not Applicable,No,Not Applicable,432,Cash,10,4.6,3.9
2024-07-08 03:28:00,CNR8828272262,Success,CID383536,Bike,Shivajinagar,Richmond Town,140.0,70.0,Not Applicable,Not Applicable,No,Not Applicable,400,UPI,41,3.1,3.7
2024-07-29 03:05:00,CNR5687035273,Success,CID359218,Mini,Vijayanagar,Hennur,56.0,30.0,Not Applicable,Not Applicable,No,Not Applicable,1193,UPI,17,4.3,4.4
2024-07-10 17:12:00,CNR3330765543,Canceled by Driver,CID225753,Auto,Electronic City,Indiranagar,,,Not Applicable,More than permitted people in there,Not Applicable,Not Applicable,677,Not Applicable,0,,
2024-07-27 23:08:00,CNR2855673475,Success,CID749565,eBike,Shantinagar,Richmond Town,63.0,35.0,Not Applicable,Not Applicable,No,Not Applicable,233,Credit Card,38,3.2,4.7
2024-07-07 22:17:00,CNR1141605576,Driver Not Found,CID714802,Prime Sedan,Hosur Road,Ulsoor,,,Not Applicable,Not Applicable,Not Applicable,Not Applicable,180,Not Applicable,0,,
2024-07-02 17:57:00,CNR6107831570,Success,CID407359,Prime Sedan,HSR Layout,MG Road,266.0,35.0,Not Applicable,Not Applicable,No,Not Applicable,977,UPI,22,3.9,3.8
2024-07-09 04:48:00,CNR2756678707,Success,CID867197,Mini,Rajajinagar,Hosur Road,217.0,125.0,Not Applicable,Not Applicable,No,Not Applicable,300,UPI,6,3.7,3.4
2024-07-19 20:16:00,CNR6636969500,Success,CID725201,Auto,JP Nagar,HSR Layout,105.0,120.0,Not Applicable,Not Applicable,No,Not Applicable,215,Cash,19,3.3,3.5
2024-07-03 03:24:00,CNR8359212329,Canceled by Driver,CID173568,Prime SUV,Banashankari,Sahakar Nagar,,,Not Applicable,Customer related issue,Not Applicable,Not Applicable,248,Not Applicable,0,,
2024-07-15 15:17:00,CNR8035347369,Success,CID576998,Prime SUV,Varthur,Bannerghatta Road,49.0,80.0,Not Applicable,Not Applicable,No,Not Applicable,1265,UPI,23,3.4,3.7
2024-07-20 10:29:00,CNR9559800388,Success,CID465287,Prime Sedan,Langford Town,Electronic City,91.0,110.0,Not Applicable,Not Applicable,No,Not Applicable,123,Cash,8,3.7,4.6
2024-07-07 08:33:00,CNR6666026440,Success,CID398707,eBike,Sahakar Nagar,Varthur,168.0,105.0,Not Applicable,Not Applicable,No,Not Applicable,495,Cash,29,3.3,3.5
2024-07-24 02:58:00,CNR6919113746,Success,CID938810,Prime SUV,JP Nagar,Langford Town,189.0,90.0,Not Applicable,Not Applicable,No,Not Applicable,110,Cash,12,3.1,4.6
2024-07-06 02:27:00,CNR8813105351,Driver Not Found,CID901981,Prime SUV,Shantinagar,Chickpet,,,Not Applicable,Not Applicable,Not Applicable,Not Applicable,479,Not Applicable,0,,
2024-07-24 20:02:00,CNR5945084720,Success,CID129057,Prime SUV,Padmanabhanagar,Koramangala,280.0,50.0,Not Applicable,Not Applicable,No,Not Applicable,209,UPI,17,3.5,4.4
2024-07-12 05:23:00,CNR1555694070,Canceled by Customer,CID970406,Prime Plus,Yeshwanthpur,Indiranagar,,,Change of plans,Not Applicable,Not Applicable,Not Applicable,432,Not Applicable,0,,
2024-07-14 11:05:00,CNR3439811276,Driver Not Found,CID674656,Prime Sedan,Kammanahalli,Vijayanagar,,,Not Applicable,Not Applicable,Not Applicable,Not Applicable,248,Not Applicable,0,,
2024-07-27 11:41:00,CNR4296565670,Canceled by Driver,CID623898,Prime Plus,Mysore Road,Kengeri,,,Not Applicable,Customer was coughing/sick,Not Applicable,Not Applicable,331,Not Applicable,0,,
2024-07-26 07:41:00,CNR1029984290,Driver Not Found,CID563729,Prime Plus,Rajarajeshwari Nagar,KR Puram,,,Not Applicable,Not Applicable,Not Applicable,Not Applicable,479,Not Applicable,0,,
2024-07-09 06:07:00,CNR4039558632,Success,CID721221,eBike,Malleshwaram,Chickpet,112.0,60.0,Not Applicable,Not Applicable,No,Not Applicable,414,UPI,34,5.0,4.9
2024-07-05 11:58:00,CNR7291348524,Success,CID994858,Prime SUV,Chickpet,Chickpet,98.0,40.0,Not Applicable,Not Applicable,No,Not Applicable,258,Cash,21,4.7,3.6
2024-07-26 09:21:00,CNR8680345695,Success,CID589894,Prime Plus,Richmond Town,HSR Layout,105.0,130.0,Not Applicable,Not Applicable,No,Not Applicable,507,Cash,6,4.2,4.1
2024-07-18 21:50:00,CNR3622371688,Canceled by Driver,CID957327,eBike,Malleshwaram,Richmond Town,,,Not Applicable,Customer related issue,Not Applicable,Not Applicable,329,Not Applicable,0,,
2024-07-19 17:31:00,CNR3140670384,Success,CID205213,Mini,Majestic,Koramangala,56.0,85.0,Not Applicable,Not Applicable,Yes,Customer Demand,396,Cash,7,4.3,3.1
2024-07-02 01:39:00,CNR2375841677,Canceled by Driver,CID403708,Prime Plus,Electronic City,KR Puram,,,Not Applicable,Customer related issue,Not Applicable,Not Applicable,281,Not Applicable,0,,
2024-07-04 15:54:00,CNR3509688221,Success,CID752815,Bike,Langford Town,Frazer Town,175.0,90.0,Not Applicable,Not Applicable,No,Not Applicable,479,UPI,39,3.7,4.2
2024-07-08 06:52:00,CNR7521072887,Success,CID511979,Prime Sedan,Padmanabhanagar,Rajajinagar,308.0,75.0,Not Applicable,Not Applicable,No,Not Applicable,194,UPI,3,4.3,4.2
2024-07-07 01:16:00,CNR6311009734,Driver Not Found,CID773923,Mini,Sarjapur Road,Sarjapur Road,,,Not Applicable,Not Applicable,Not Applicable,Not Applicable,223,Not Applicable,0,,
2024-07-03 04:17:00,CNR7096254339,Success,CID370217,Prime Sedan,Frazer Town,Varthur,217.0,130.0,Not Applicable,Not Applicable,No,Not Applicable,871,Cash,13,4.0,3.5
2024-07-19 00:06:00,CNR1116739392,Success,CID207826,Prime Sedan,Electronic City,MG Road,161.0,40.0,Not Applicable,Not Applicable,No,Not Applicable,1759,Debit Card,40,4.5,4.2
2024-07-20 06:39:00,CNR7233222651,Canceled by Driver,CID901336,Prime Plus,Varthur,Shantinagar,,,Not Applicable,Customer was coughing/sick,Not Applicable,Not Applicable,2127,Not Applicable,0,,
2024-07-10 19:26:00,CNR7896225113,Canceled by Customer,CID927985,eBike,Ulsoor,Kengeri,,,Driver asked to cancel,Not Applicable,Not Applicable,Not Applicable,408,Not Applicable,0,,
2024-07-26 01:53:00,CNR4341578221,Success,CID921583,Prime SUV,Devanahalli,Whitefield,119.0,50.0,Not Applicable,Not Applicable,No,Not Applicable,217,UPI,38,3.9,4.3
2024-07-19 14:26:00,CNR9315703482,Canceled by Customer,CID490216,Mini,Frazer Town,Chickpet,,,Driver is not moving towards pickup location,Not Applicable,Not Applicable,Not Applicable,921,Not Applicable,0,,
2024-07-11 22:39:00,CNR5210992465,Canceled by Customer,CID989799,Prime Plus,Devanahalli,Chamarajpet,,,Wrong Address,Not Applicable,Not Applicable,Not Applicable,210,Not Applicable,0,,
2024-07-07 06:17:00,CNR5834655819,Success,CID191829,Auto,Cox Town,Yeshwanthpur,210.0,135.0,Not Applicable,Not Applicable,No,Not Applicable,331,Cash,4,3.8,3.5
2024-07-11 03:48:00,CNR9828974590,Success,CID501607,Bike,Peenya,Sarjapur Road,287.0,85.0,Not Applicable,Not Applicable,No,Not Applicable,311,UPI,17,3.2,3.3
2024-07-18 23:29:00,CNR1258750157,Success,CID476917,Auto,Devanahalli,Frazer Town,49.0,130.0,Not Applicable,Not Applicable,No,Not Applicable,281,UPI,11,4.4,3.0
2024-07-09 16:09:00,CNR3024435076,Success,CID284000,Prime SUV,Marathahalli,Kammanahalli,266.0,145.0,Not Applicable,Not Applicable,No,Not Applicable,580,UPI,14,4.9,3.0
2024-07-07 00:42:00,CNR3485728985,Canceled by Customer,CID947128,Prime Plus,Bellandur,Indiranagar,,,Driver is not moving towards pickup location,Not Applicable,Not Applicable,Not Applicable,107,Not Applicable,0,,
2024-07-15 03:44:00,CNR4002546910,Canceled by Customer,CID461776,Auto,Vijayanagar,Devanahalli,,,Driver is not moving towards pickup location,Not Applicable,Not Applicable,Not Applicable,238,Not Applicable,0,,
2024-07-01 08:25:00,CNR8517669512,Success,CID443341,Auto,Indiranagar,Shantinagar,259.0,120.0,Not Applicable,Not Applicable,No,Not Applicable,146,UPI,17,4.6,4.4
2024-07-27 02:26:00,CNR1356182861,Canceled by Customer,CID329029,Bike,Richmond Town,Magadi Road,,,Change of plans,Not Applicable,Not Applicable,Not Applicable,384,Not Applicable,0,,
2024-07-10 09:48:00,CNR8116167151,Success,CID591674,Auto,Hulimavu,Chamarajpet,154.0,120.0,Not Applicable,Not Applicable,No,Not Applicable,400,UPI,15,3.9,3.5
2024-07-16 10:02:00,CNR2842611739,Canceled by Customer,CID513093,Mini,Yelahanka,Sarjapur Road,,,Wrong Address,Not Applicable,Not Applicable,Not Applicable,482,Not Applicable,0,,
2024-07-05 03:29:00,CNR4618535012,Success,CID570083,Mini,Hosur Road,Vijayanagar,140.0,85.0,Not Applicable,Not Applicable,No,Not Applicable,637,Credit Card,14,3.1,4.5
2024-07-03 12:06:00,CNR6399555818,Success,CID125501,Prime Sedan,Chamarajpet,Mysore Road,280.0,35.0,Not Applicable,Not Applicable,No,Not Applicable,1653,UPI,10,3.2,4.7
2024-07-11 19:01:00,CNR2335298485,Canceled by Driver,CID645216,Bike,Sarjapur Road,Devanahalli,,,Not Applicable,Customer related issue,Not Applicable,Not Applicable,443,Not Applicable,0,,
2024-07-05 17:33:00,CNR1231144686,Success,CID809276,Prime Plus,Magadi Road,Kengeri,182.0,40.0,Not Applicable,Not Applicable,No,Not Applicable,472,UPI,31,3.9,4.2
2024-07-30 22:36:00,CNR2827964525,Success,CID416347,eBike,RT Nagar,Padmanabhanagar,301.0,95.0,Not Applicable,Not Applicable,No,Not Applicable,195,Cash,40,4.7,3.8
2024-07-02 22:58:00,CNR2682631346,Canceled by Driver,CID623065,Auto,HSR Layout,Yelahanka,,,Not Applicable,Customer was coughing/sick,Not Applicable,Not Applicable,148,Not Applicable,0,,
2024-07-18 01:56:00,CNR8512350742,Success,CID483466,eBike,Ramamurthy Nagar,Devanahalli,84.0,65.0,Not Applicable,Not Applicable,No,Not Applicable,496,UPI,18,4.4,3.8
2024-07-01 21:22:00,CNR9778611028,Success,CID828919,Mini,Nagarbhavi,Chickpet,245.0,100.0,Not Applicable,Not Applicable,No,Not Applicable,1988,Cash,29,4.4,4.1
2024-07-17 11:12:00,CNR6667298257,Driver Not Found,CID525753,Prime SUV,Indiranagar,Rajajinagar,,,Not Applicable,Not Applicable,Not Applicable,Not Applicable,489,Not Applicable,0,,
2024-07-01 04:27:00,CNR4770676035,Success,CID561201,Prime Sedan,Vijayanagar,Basavanagudi,77.0,80.0,Not Applicable,Not Applicable,No,Not Applicable,907,Cash,25,4.7,4.3
2024-07-07 00:26:00,CNR9756646821,Canceled by Driver,CID223006,Mini,Nagarbhavi,MG Road,,,Not Applicable,Personal & Car related issue,Not Applicable,Not Applicable,307,Not Applicable,0,,
2024-07-23 03:35:00,CNR2381953084,Success,CID813092,Mini,Banashankari,Shivajinagar,56.0,90.0,Not Applicable,Not Applicable,No,Not Applicable,191,Cash,45,4.5,4.0
2024-07-21 06:50:00,CNR9138610409,Success,CID698539,Prime Plus,JP Nagar,RT Nagar,238.0,75.0,Not Applicable,Not Applicable,No,Not Applicable,336,Cash,7,4.6,4.7
2024-07-13 03:51:00,CNR4951148506,Canceled by Driver,CID758401,Bike,Chickpet,Hebbal,,,Not Applicable,Customer was coughing/sick,Not Applicable,Not Applicable,324,Not Applicable,0,,
2024-07-09 13:13:00,CNR7730554526,Success,CID765512,Mini,Vijayanagar,Shantinagar,133.0,140.0,Not Applicable,Not Applicable,No,Not Applicable,321,Cash,15,4.1,4.4
2024-07-26 01:29:00,CNR4401254135,Success,CID241391,Prime Plus,Peenya,Indiranagar,287.0,95.0,Not Applicable,Not Applicable,No,Not Applicable,945,Cash,37,3.5,4.5
2024-07-19 14:05:00,CNR7691182830,Canceled by Driver,CID119386,Prime Sedan,Rajarajeshwari Nagar,Yeshwanthpur,,,Not Applicable,Customer related issue,Not Applicable,Not Applicable,441,Not Applicable,0,,
2024-07-30 21:56:00,CNR6106601525,Success,CID105391,Bike,Kammanahalli,Kadugodi,245.0,135.0,Not Applicable,Not Applicable,No,Not Applicable,431,UPI,6,4.6,4.4
2024-07-01 11:33:00,CNR2188646743,Canceled by Customer,CID965689,Mini,Bannerghatta Road,Rajajinagar,,,AC is Not working,Not Applicable,Not Applicable,Not Applicable,446,Not Applicable,0,,
2024-07-29 13:35:00,CNR6887295570,Success,CID389983,Prime Plus,Whitefield,Hulimavu,35.0,140.0,Not Applicable,Not Applicable,No,Not Applicable,215,UPI,34,4.0,3.7
2024-07-20 18:10:00,CNR8781658755,Success,CID176422,eBike,Devanahalli,Rajajinagar,154.0,130.0,Not Applicable,Not Applicable,No,Not Applicable,225,Cash,3,3.5,4.5
2024-07-08 00:11:00,CNR8607644090,Canceled by Driver,CID830995,eBike,Rajarajeshwari Nagar,Cox Town,,,Not Applicable,Personal & Car related issue,Not Applicable,Not Applicable,1566,Not Applicable,0,,
2024-07-12 10:33:00,CNR9211856703,Canceled by Customer,CID789070,Bike,Ulsoor,Tumkur Road,,,Driver asked to cancel,Not Applicable,Not Applicable,Not Applicable,380,Not Applicable,0,,
2024-07-25 07:08:00,CNR5210712719,Canceled by Customer,CID564905,Auto,Magadi Road,Cox Town,,,Driver asked to cancel,Not Applicable,Not Applicable,Not Applicable,221,Not Applicable,0,,
2024-07-03 17:55:00,CNR1776389370,Success,CID875528,eBike,Kammanahalli,MG Road,217.0,55.0,Not Applicable,Not Applicable,No,Not Applicable,228,Cash,41,3.6,4.4
2024-07-10 17:23:00,CNR7768929506,Success,CID126180,Mini,Yelahanka,Frazer Town,231.0,55.0,Not Applicable,Not Applicable,No,Not Applicable,826,UPI,29,4.1,4.1
2024-07-20 22:44:00,CNR9284672462,Success,CID429242,Bike,Mysore Road,Ulsoor,266.0,145.0,Not Applicable,Not Applicable,No,Not Applicable,220,UPI,14,4.9,3.5
2024-07-27 13:58:00,CNR8744235142,Success,CID600448,Mini,Richmond Town,Shantinagar,259.0,55.0,Not Applicable,Not Applicable,No,Not Applicable,110,Cash,45,4.1,3.3
2024-07-02 09:33:00,CNR2340405698,Canceled by Customer,CID582480,Bike,Tumkur Road,Electronic City,,,Driver is not moving towards pickup location,Not Applicable,Not Applicable,Not Applicable,2823,Not Applicable,0,,
2024-07-09 14:02:00,CNR6362899226,Success,CID134968,eBike,Basavanagudi,Cox Town,77.0,80.0,Not Applicable,Not Applicable,No,Not Applicable,2083,Cash,15,3.1,4.3
2024-07-22 16:00:00,CNR9668147748,Success,CID473941,eBike,KR Puram,Sarjapur Road,301.0,85.0,Not Applicable,Not Applicable,No,Not Applicable,988,Cash,28,4.7,4.9
2024-07-09 04:55:00,CNR6726057580,Success,CID399409,Bike,Hulimavu,Kengeri,70.0,25.0,Not Applicable,Not Applicable,No,Not Applicable,428,UPI,22,4.9,3.9
2024-07-19 08:44:00,CNR5593830498,Success,CID466730,Bike,Bellandur,Sarjapur Road,273.0,55.0,Not Applicable,Not Applicable,No,Not Applicable,478,UPI,1,4.0,4.7
2024-07-04 09:15:00,CNR7213533907,Canceled by Customer,CID364687,Auto,Hulimavu,RT Nagar,,,Wrong Address,Not Applicable,Not Applicable,Not Applicable,769,Not Applicable,0,,
2024-07-11 19:28:00,CNR3493660569,Canceled by Driver,CID800947,Prime SUV,Frazer Town,Kadugodi,,,Not Applicable,Customer related issue,Not Applicable,Not Applicable,396,Not Applicable,0,,
2024-07-17 20:10:00,CNR1004623181,Success,CID592154,Auto,Hennur,Marathahalli,49.0,145.0,Not Applicable,Not Applicable,No,Not Applicable,255,UPI,11,4.9,3.9
2024-07-09 21:48:00,CNR5210853343,Canceled by Customer,CID993051,Prime Sedan,Sahakar Nagar,Shivajinagar,,,Driver is not moving towards pickup location,Not Applicable,Not Applicable,Not Applicable,347,Not Applicable,0,,
2024-07-01 08:32:00,CNR9207333768,Success,CID389532,Auto,MG Road,Malleshwaram,119.0,65.0,Not Applicable,Not Applicable,No,Not Applicable,260,UPI,14,3.3,3.2
2024-07-03 18:25:00,CNR6733905484,Success,CID915535,Prime Sedan,BTM Layout,Kengeri,91.0,95.0,Not Applicable,Not Applicable,No,Not Applicable,101,UPI,13,3.1,4.1
2024-07-06 02:16:00,CNR5964112281,Success,CID617797,Bike,Electronic City,HSR Layout,63.0,90.0,Not Applicable,Not Applicable,No,Not Applicable,443,Cash,45,3.5,4.2
2024-07-04 18:45:00,CNR7335223355,Driver Not Found,CID591600,Mini,Hennur,Kadugodi,,,Not Applicable,Not Applicable,Not Applicable,Not Applicable,763,Not Applicable,0,,
2024-07-18 23:18:00,CNR9220384493,Canceled by Driver,CID426768,Prime Plus,Kadugodi,MG Road,,,Not Applicable,Customer related issue,Not Applicable,Not Applicable,293,Not Applicable,0,,
2024-07-18 19:03:00,CNR9266342901,Canceled by Customer,CID607738,Prime SUV,Rajajinagar,Kadugodi,,,Driver is not moving towards pickup location,Not Applicable,Not Applicable,Not Applicable,152,Not Applicable,0,,
2024-07-13 04:40:00,CNR6582680064,Canceled by Driver,CID604971,Prime Plus,Jayanagar,Kengeri,,,Not Applicable,Customer was coughing/sick,Not Applicable,Not Applicable,239,Not Applicable,0,,
2024-07-15 09:02:00,CNR7897210056,Driver Not Found,CID462885,eBike,Peenya,Peenya,,,Not Applicable,Not Applicable,Not Applicable,Not Applicable,1697,Not Applicable,0,,
2024-07-05 22:45:00,CNR4906293461,Canceled by Customer,CID552534,Prime SUV,Devanahalli,MG Road,,,Driver is not moving towards pickup location,Not Applicable,Not Applicable,Not Applicable,430,Not Applicable,0,,
2024-07-20 01:02:00,CNR1067790350,Success,CID332181,Bike,Yeshwanthpur,Devanahalli,133.0,80.0,Not Applicable,Not Applicable,No,Not Applicable,673,UPI,34,4.8,3.5
2024-07-13 01:36:00,CNR6508309134,Canceled by Customer,CID522041,eBike,KR Puram,Marathahalli,,,Wrong Address,Not Applicable,Not Applicable,Not Applicable,256,Not Applicable,0,,
2024-07-27 01:56:00,CNR9240434760,Success,CID798667,eBike,Cox Town,MG Road,266.0,40.0,Not Applicable,Not Applicable,No,Not Applicable,296,UPI,17,3.5,4.4
2024-07-15 20:35:00,CNR2846778878,Success,CID970787,Prime SUV,Mysore Road,Basavanagudi,259.0,90.0,Not Applicable,Not Applicable,No,Not Applicable,572,Cash,8,3.5,4.6
2024-07-19 05:28:00,CNR4157291603,Success,CID577173,eBike,Kengeri,Indiranagar,308.0,55.0,Not Applicable,Not Applicable,No,Not Applicable,1124,Cash,20,3.7,3.6
2024-07-17 07:04:00,CNR6229654966,Success,CID860425,Prime SUV,Shivajinagar,MG Road,70.0,115.0,Not Applicable,Not Applicable,No,Not Applicable,347,UPI,6,3.1,4.5
2024-07-26 19:24:00,CNR1784521638,Success,CID803602,Prime SUV,Devanahalli,Langford Town,301.0,110.0,Not Applicable,Not Applicable,No,Not Applicable,1255,Cash,13,3.8,3.3
2024-07-29 17:30:00,CNR6294899749,Success,CID550475,Bike,MG Road,BTM Layout,259.0,75.0,Not Applicable,Not Applicable,No,Not Applicable,281,Cash,16,4.4,4.6
2024-07-22 06:02:00,CNR9776769393,Canceled by Driver,CID560069,Mini,KR Puram,Hebbal,,,Not Applicable,Customer related issue,Not Applicable,Not Applicable,2851,Not Applicable,0,,
2024-07-19 07:38:00,CNR8958541098,Success,CID683823,Auto,Magadi Road,Hosur Road,105.0,40.0,Not Applicable,Not Applicable,No,Not Applicable,318,UPI,6,4.1,4.2
2024-07-23 01:28:00,CNR2061746172,Success,CID707992,Prime Sedan,Malleshwaram,Rajajinagar,84.0,75.0,Not Applicable,Not Applicable,No,Not Applicable,198,UPI,6,3.9,3.8
2024-07-25 21:14:00,CNR2408684276,Success,CID486938,Bike,Whitefield,Chickpet,308.0,135.0,Not Applicable,Not Applicable,No,Not Applicable,282,UPI,40,4.7,4.3
2024-07-29 05:35:00,CNR4536391615,Success,CID322690,Prime Sedan,Frazer Town,Electronic City,63.0,145.0,Not Applicable,Not Applicable,No,Not Applicable,230,UPI,1,4.4,3.8
2024-07-20 00:00:00,CNR1250174384,Driver Not Found,CID397457,Bike,Basavanagudi,Kengeri,,,Not Applicable,Not Applicable,Not Applicable,Not Applicable,599,Not Applicable,0,,
2024-07-01 21:01:00,CNR4716613198,Canceled by Customer,CID525016,Prime Plus,Hulimavu,Hebbal,,,AC is Not working,Not Applicable,Not Applicable,Not Applicable,192,Not Applicable,0,,
2024-07-21 05:58:00,CNR3815514697,Success,CID285300,Bike,Bannerghatta Road,Devanahalli,259.0,40.0,Not Applicable,Not Applicable,No,Not Applicable,259,UPI,18,4.4,3.4
2024-07-26 07:23:00,CNR4296423250,Driver Not Found,CID868956,eBike,Koramangala,Shivajinagar,,,Not Applicable,Not Applicable,Not Applicable,Not Applicable,384,Not Applicable,0,,
2024-07-24 14:02:00,CNR7336871139,Canceled by Driver,CID840020,Prime Sedan,Basavanagudi,Langford Town,,,Not Applicable,Personal & Car related issue,Not Applicable,Not Applicable,351,Not Applicable,0,,
2024-07-22 22:14:00,CNR7292390969,Canceled by Customer,CID305722,Bike,Majestic,Mysore Road,,,Wrong Address,Not Applicable,Not Applicable,Not Applicable,253,Not Applicable,0,,
2024-07-22 21:45:00,CNR6089205385,Success,CID746565,Bike,Chamarajpet,Devanahalli,63.0,35.0,Not Applicable,Not Applicable,No,Not Applicable,346,Cash,7,3.9,4.7
2024-07-13 20:40:00,CNR6652806558,Driver Not Found,CID560314,eBike,Hennur,Banashankari,,,Not Applicable,Not Applicable,Not Applicable,Not Applicable,175,Not Applicable,0,,
2024-07-06 02:41:00,CNR5066922378,Success,CID925623,Mini,Kengeri,MG Road,196.0,105.0,Not Applicable,Not Applicable,No,Not Applicable,226,UPI,25,3.9,4.3
2024-07-29 23:46:00,CNR5176133621,Success,CID764243,Mini,HSR Layout,Electronic City,217.0,60.0,Not Applicable,Not Applicable,No,Not Applicable,132,Cash,37,4.9,3.4
2024-07-18 13:42:00,CNR3920499181,Success,CID716431,Prime SUV,Tumkur Road,Ramamurthy Nagar,203.0,135.0,Not Applicable,Not Applicable,Yes,Customer Demand,191,UPI,46,5.0,4.2
2024-07-26 06:38:00,CNR9843826278,Canceled by Customer,CID173591,Mini,KR Puram,Ulsoor,,,AC is Not working,Not Applicable,Not Applicable,Not Applicable,261,Not Applicable,0,,
2024-07-11 18:48:00,CNR4939660478,Success,CID490083,Mini,Shantinagar,Chamarajpet,63.0,75.0,Not Applicable,Not Applicable,No,Not Applicable,440,Cash,19,3.2,3.1
2024-07-22 11:18:00,CNR6716031281,Driver Not Found,CID200439,Bike,Basavanagudi,Hulimavu,,,Not Applicable,Not Applicable,Not Applicable,Not Applicable,179,Not Applicable,0,,
2024-07-05 13:08:00,CNR9551693318,Success,CID541751,eBike,Hosur Road,Hosur Road,133.0,30.0,Not Applicable,Not Applicable,No,Not Applicable,995,UPI,14,3.9,4.8
2024-07-01 12:22:00,CNR6775962814,Canceled by Driver,CID288637,Prime Plus,Nagarbhavi,Indiranagar,,,Not Applicable,Personal & Car related issue,Not Applicable,Not Applicable,1593,Not Applicable,0,,
2024-07-10 08:42:00,CNR2104363908,Canceled by Driver,CID933414,Bike,Banashankari,Banashankari,,,Not Applicable,Customer related issue,Not Applicable,Not Applicable,126,Not Applicable,0,,
2024-07-07 12:41:00,CNR9123154109,Success,CID820589,Prime Plus,Chamarajpet,Shivajinagar,168.0,130.0,Not Applicable,Not Applicable,No,Not Applicable,1752,Cash,34,4.7,4.1
2024-07-28 05:35:00,CNR4756706664,Success,CID622561,eBike,Kengeri,Electronic City,245.0,130.0,Not Applicable,Not Applicable,No,Not Applicable,388,Cash,15,3.7,3.3
2024-07-27 00:15:00,CNR4620596593,Driver Not Found,CID273136,Prime Plus,Langford Town,MG Road,,,Not Applicable,Not Applicable,Not Applicable,Not Applicable,332,Not Applicable,0,,
2024-07-15 02:42:00,CNR2445795139,Driver Not Found,CID939124,eBike,BTM Layout,JP Nagar,,,Not Applicable,Not Applicable,Not Applicable,Not Applicable,211,Not Applicable,0,,
2024-07-28 11:47:00,CNR7599033321,Canceled by Customer,CID861345,Prime SUV,Kammanahalli,Whitefield,,,AC is Not working,Not Applicable,Not Applicable,Not Applicable,929,Not Applicable,0,,
2024-07-22 02:01:00,CNR8282551054,Driver Not Found,CID451549,Prime Sedan,MG Road,Marathahalli,,,Not Applicable,Not Applicable,Not Applicable,Not Applicable,1219,Not Applicable,0,,
2024-07-19 01:21:00,CNR6677631497,Success,CID887693,Bike,Peenya,Peenya,112.0,45.0,Not Applicable,Not Applicable,No,Not Applicable,668,Cash,22,4.2,4.5
2024-07-29 13:40:00,CNR5268131349,Canceled by Driver,CID571160,Prime Plus,Whitefield,Rajarajeshwari Nagar,,,Not Applicable,Personal & Car related issue,Not Applicable,Not Applicable,364,Not Applicable,0,,
2024-07-11 14:34:00,CNR5163464242,Canceled by Driver,CID294360,Prime Plus,Chickpet,Varthur,,,Not Applicable,Customer related issue,Not Applicable,Not Applicable,240,Not Applicable,0,,
2024-07-23 12:25:00,CNR4954720604,Success,CID614420,Auto,Chamarajpet,Sarjapur Road,196.0,115.0,Not Applicable,Not Applicable,No,Not Applicable,277,UPI,2,4.3,3.2
2024-07-22 23:27:00,CNR7719383869,Success,CID555952,Prime Sedan,Varthur,Vijayanagar,189.0,40.0,Not Applicable,Not Applicable,No,Not Applicable,456,UPI,2,3.6,4.4
2024-07-08 00:33:00,CNR4275083483,Canceled by Driver,CID199921,Prime Sedan,KR Puram,Yeshwanthpur,,,Not Applicable,Personal & Car related issue,Not Applicable,Not Applicable,123,Not Applicable,0,,
2024-07-24 00:04:00,CNR9635300270,Success,CID627806,eBike,Bellandur,BTM Layout,294.0,95.0,Not Applicable,Not Applicable,No,Not Applicable,852,Cash,4,4.4,4.7
2024-07-21 22:51:00,CNR9603886231,Success,CID876060,Auto,Peenya,Cox Town,189.0,50.0,Not Applicable,Not Applicable,No,Not Applicable,100,Cash,10,3.7,4.4
2024-07-24 05:09:00,CNR6346536010,Success,CID712298,Bike,Tumkur Road,Malleshwaram,49.0,75.0,Not Applicable,Not Applicable,No,Not Applicable,196,Cash,5,4.2,4.2
2024-07-17 22:01:00,CNR9982221629,Success,CID500586,eBike,Ramamurthy Nagar,Bellandur,273.0,75.0,Not Applicable,Not Applicable,No,Not Applicable,235,Cash,36,3.5,3.8
2024-07-02 16:56:00,CNR1860163765,Canceled by Driver,CID515899,eBike,Rajajinagar,Chamarajpet,,,Not Applicable,Personal & Car related issue,Not Applicable,Not Applicable,307,Not Applicable,0,,
2024-07-11 17:30:00,CNR8124469198,Canceled by Driver,CID392848,Mini,HSR Layout,Indiranagar,,,Not Applicable,Customer related issue,Not Applicable,Not Applicable,221,Not Applicable,0,,
2024-07-09 21:53:00,CNR3575398295,Canceled by Driver,CID231641,Auto,Banashankari,Nagarbhavi,,,Not Applicable,More than permitted people in there,Not Applicable,Not Applicable,552,Not Applicable,0,,
2024-07-15 02:15:00,CNR1476681436,Success,CID515571,Prime Sedan,Kengeri,Majestic,294.0,25.0,Not Applicable,Not Applicable,No,Not Applicable,266,Cash,6,4.9,4.0
2024-07-16 19:56:00,CNR7046709674,Driver Not Found,CID680280,Prime SUV,RT Nagar,Sarjapur Road,,,Not Applicable,Not Applicable,Not Applicable,Not Applicable,818,Not Applicable,0,,
2024-07-05 16:22:00,CNR8243584779,Success,CID408244,Auto,Richmond Town,Sarjapur Road,266.0,145.0,Not Applicable,Not Applicable,No,Not Applicable,609,Cash,12,3.9,3.6
2024-07-22 03:12:00,CNR8924700526,Canceled by Driver,CID171367,Auto,Vijayanagar,Hebbal,,,Not Applicable,Customer related issue,Not Applicable,Not Applicable,1055,Not Applicable,0,,
2024-07-24 06:17:00,CNR2003101341,Success,CID205538,eBike,Majestic,Tumkur Road,182.0,55.0,Not Applicable,Not Applicable,No,Not Applicable,104,Cash,40,3.6,5.0
2024-07-26 17:15:00,CNR2358727783,Success,CID781363,Bike,Cox Town,Electronic City,224.0,145.0,Not Applicable,Not Applicable,No,Not Applicable,124,UPI,43,4.1,3.2
2024-07-09 05:16:00,CNR8348499324,Success,CID790235,Auto,Magadi Road,Cox Town,196.0,50.0,Not Applicable,Not Applicable,No,Not Applicable,342,Cash,12,4.5,4.4
2024-07-18 01:34:00,CNR9659311434,Canceled by Driver,CID861541,Auto,Hosur Road,Devanahalli,,,Not Applicable,Customer was coughing/sick,Not Applicable,Not Applicable,677,Not Applicable,0,,
2024-07-01 21:03:00,CNR6833787965,Success,CID835177,Prime SUV,Jayanagar,Frazer Town,196.0,80.0,Not Applicable,Not Applicable,No,Not Applicable,303,Cash,3,4.8,4.7
2024-07-23 00:39:00,CNR5066904520,Success,CID335290,Prime Sedan,Langford Town,Frazer Town,77.0,60.0,Not Applicable,Not Applicable,No,Not Applicable,254,UPI,46,3.2,4.7
2024-07-20 03:10:00,CNR5177555820,Driver Not Found,CID678188,eBike,Whitefield,Rajajinagar,,,Not Applicable,Not Applicable,Not Applicable,Not Applicable,101,Not Applicable,0,,
2024-07-25 22:00:00,CNR8742718483,Canceled by Driver,CID168710,Prime SUV,Bellandur,Varthur,,,Not Applicable,Customer related issue,Not Applicable,Not Applicable,359,Not Applicable,0,,
2024-07-03 17:26:00,CNR1610629950,Success,CID188997,Prime Plus,Hulimavu,RT Nagar,210.0,115.0,Not Applicable,Not Applicable,No,Not Applicable,178,Cash,1,3.5,4.5
2024-07-16 14:20:00,CNR1615424033,Canceled by Customer,CID696480,Auto,HSR Layout,Padmanabhanagar,,,Driver asked to cancel,Not Applicable,Not Applicable,Not Applicable,732,Not Applicable,0,,
2024-07-14 12:20:00,CNR4968804846,Canceled by Customer,CID694427,Prime SUV,Whitefield,Richmond Town,,,Driver is not moving towards pickup location,Not Applicable,Not Applicable,Not Applicable,1147,Not Applicable,0,,
2024-07-27 02:27:00,CNR6297256364,Success,CID629978,Prime Sedan,Frazer Town,MG Road,77.0,145.0,Not Applicable,Not Applicable,No,Not Applicable,259,Cash,14,3.4,3.3
2024-07-08 10:37:00,CNR1595488361,Success,CID706793,Auto,Banashankari,Mysore Road,252.0,50.0,Not Applicable,Not Applicable,No,Not Applicable,902,UPI,14,3.6,3.2
2024-07-13 22:19:00,CNR6941360682,Success,CID963231,eBike,Devanahalli,Rajarajeshwari Nagar,231.0,55.0,Not Applicable,Not Applicable,No,Not Applicable,415,UPI,24,3.7,4.1
2024-07-07 05:58:00,CNR7681282392,Success,CID808708,Prime SUV,Varthur,Yelahanka,63.0,95.0,Not Applicable,Not Applicable,No,Not Applicable,178,Credit Card,39,3.5,3.7
2024-07-23 20:42:00,CNR9519493977,Canceled by Driver,CID161724,Prime SUV,Frazer Town,KR Puram,,,Not Applicable,Personal & Car related issue,Not Applicable,Not Applicable,142,Not Applicable,0,,
2024-07-24 17:53:00,CNR5119162471,Success,CID575893,Prime Sedan,Ulsoor,Yeshwanthpur,42.0,65.0,Not Applicable,Not Applicable,No,Not Applicable,1180,Cash,26,3.9,4.7
2024-07-05 04:35:00,CNR7963080522,Success,CID921589,eBike,Tumkur Road,Majestic,63.0,115.0,Not Applicable,Not Applicable,No,Not Applicable,126,Cash,14,4.0,3.4
2024-07-21 06:55:00,CNR6662532443,Success,CID994956,Auto,Bellandur,Banashankari,203.0,105.0,Not Applicable,Not Applicable,No,Not Applicable,441,Cash,18,3.7,4.5
2024-07-13 23:07:00,CNR1029466973,Success,CID956837,Bike,Marathahalli,Whitefield,63.0,110.0,Not Applicable,Not Applicable,No,Not Applicable,285,Cash,46,5.0,4.0
2024-07-13 17:44:00,CNR3363873794,Success,CID495987,Bike,Ramamurthy Nagar,Kammanahalli,308.0,90.0,Not Applicable,Not Applicable,No,Not Applicable,131,UPI,5,3.4,4.2
2024-07-04 00:50:00,CNR8545193323,Success,CID628034,Prime SUV,Basavanagudi,Jayanagar,77.0,35.0,Not Applicable,Not Applicable,No,Not Applicable,416,UPI,12,3.9,3.8
2024-07-19 05:44:00,CNR3422176105,Canceled by Driver,CID970292,Prime Sedan,Kammanahalli,Richmond Town,,,Not Applicable,Customer was coughing/sick,Not Applicable,Not Applicable,369,Not Applicable,0,,
2024-07-05 00:29:00,CNR5163488519,Success,CID670986,Prime Sedan,Jayanagar,Shivajinagar,147.0,120.0,Not Applicable,Not Applicable,No,Not Applicable,192,Cash,10,3.9,3.2
2024-07-02 04:50:00,CNR8439151814,Canceled by Customer,CID514553,Auto,Rajarajeshwari Nagar,Nagarbhavi,,,AC is Not working,Not Applicable,Not Applicable,Not Applicable,474,Not Applicable,0,,
2024-07-26 19:36:00,CNR3744399262,Canceled by Driver,CID604953,Prime Sedan,Peenya,Padmanabhanagar,,,Not Applicable,More than permitted people in there,Not Applicable,Not Applicable,246,Not Applicable,0,,
2024-07-27 06:23:00,CNR2856171107,Success,CID417180,Bike,Chickpet,Malleshwaram,238.0,75.0,Not Applicable,Not Applicable,No,Not Applicable,100,UPI,3,4.6,4.0
2024-07-01 00:31:00,CNR3488831251,Driver Not Found,CID914205,Mini,Mysore Road,HSR Layout,,,Not Applicable,Not Applicable,Not Applicable,Not Applicable,119,Not Applicable,0,,
2024-07-28 14:41:00,CNR8201042833,Success,CID786668,Prime Plus,Jayanagar,Majestic,245.0,105.0,Not Applicable,Not Applicable,No,Not Applicable,371,Cash,32,3.4,4.5
2024-07-21 09:57:00,CNR5818269700,Success,CID546163,Mini,Whitefield,Mysore Road,182.0,25.0,Not Applicable,Not Applicable,No,Not Applicable,163,UPI,29,3.8,4.6
2024-07-08 18:07:00,CNR5176034837,Success,CID403221,Prime Plus,Bannerghatta Road,Chamarajpet,280.0,55.0,Not Applicable,Not Applicable,No,Not Applicable,713,Cash,22,4.6,3.4
2024-07-20 08:21:00,CNR8019621549,Success,CID415369,Auto,BTM Layout,Shantinagar,252.0,120.0,Not Applicable,Not Applicable,No,Not Applicable,743,Cash,12,3.8,4.9
2024-07-26 04:37:00,CNR5610398842,Canceled by Driver,CID297130,Prime Plus,JP Nagar,Frazer Town,,,Not Applicable,Customer was coughing/sick,Not Applicable,Not Applicable,314,Not Applicable,0,,
2024-07-19 10:20:00,CNR7583743026,Driver Not Found,CID539564,Auto,Kadugodi,RT Nagar,,,Not Applicable,Not Applicable,Not Applicable,Not Applicable,464,Not Applicable,0,,
2024-07-25 13:42:00,CNR4812344848,Success,CID924490,Mini,Electronic City,Malleshwaram,301.0,100.0,Not Applicable,Not Applicable,No,Not Applicable,358,UPI,6,4.6,3.6
2024-07-17 02:23:00,CNR5935218782,Canceled by Driver,CID136971,Prime Plus,Hebbal,HSR Layout,,,Not Applicable,Personal & Car related issue,Not Applicable,Not Applicable,496,Not Applicable,0,,
2024-07-22 22:30:00,CNR4832090937,Canceled by Driver,CID178420,Auto,Richmond Town,Malleshwaram,,,Not Applicable,Personal & Car related issue,Not Applicable,Not Applicable,952,Not Applicable,0,,
2024-07-03 20:21:00,CNR1896337759,Canceled by Driver,CID758628,Prime Sedan,JP Nagar,Hosur Road,,,Not Applicable,Customer related issue,Not Applicable,Not Applicable,2554,Not Applicable,0,,
2024-07-12 16:03:00,CNR1659099768,Driver Not Found,CID132729,eBike,Electronic City,Electronic City,,,Not Applicable,Not Applicable,Not Applicable,Not Applicable,255,Not Applicable,0,,
2024-07-20 06:17:00,CNR2339605707,Success,CID895263,Prime Sedan,Langford Town,Mysore Road,245.0,105.0,Not Applicable,Not Applicable,No,Not Applicable,351,UPI,19,3.5,4.9
2024-07-17 00:47:00,CNR8508711205,Success,CID667154,Prime Sedan,BTM Layout,Koramangala,252.0,135.0,Not Applicable,Not Applicable,No,Not Applicable,426,Cash,7,4.3,4.4
2024-07-25 04:59:00,CNR4210599053,Success,CID585452,Prime Plus,Nagarbhavi,KR Puram,294.0,100.0,Not Applicable,Not Applicable,No,Not Applicable,492,UPI,49,3.4,3.1
2024-07-07 15:08:00,CNR2367508464,Success,CID515694,eBike,Vijayanagar,Shantinagar,287.0,25.0,Not Applicable,Not Applicable,No,Not Applicable,106,Cash,30,3.8,4.9
2024-07-13 02:44:00,CNR9367164952,Driver Not Found,CID982421,eBike,Varthur,Vijayanagar,,,Not Applicable,Not Applicable,Not Applicable,Not Applicable,145,Not Applicable,0,,
2024-07-28 13:58:00,CNR2789063327,Success,CID663276,Prime Plus,Yelahanka,Marathahalli,196.0,130.0,Not Applicable,Not Applicable,No,Not Applicable,298,Cash,39,4.2,4.6
2024-07-29 08:59:00,CNR4259335597,Success,CID647358,Auto,Banashankari,Kammanahalli,182.0,40.0,Not Applicable,Not Applicable,No,Not Applicable,367,Cash,4,4.9,3.4
2024-07-10 08:29:00,CNR1239715868,Success,CID704737,Prime SUV,Shivajinagar,Koramangala,203.0,35.0,Not Applicable,Not Applicable,No,Not Applicable,1752,Cash,5,5.0,4.4
2024-07-26 09:32:00,CNR6752093768,Success,CID547632,Prime Plus,Bannerghatta Road,Marathahalli,217.0,110.0,Not Applicable,Not Applicable,No,Not Applicable,335,UPI,29,3.4,3.3
2024-07-19 05:44:00,CNR6353976081,Success,CID633981,Prime Sedan,Bellandur,Tumkur Road,259.0,55.0,Not Applicable,Not Applicable,No,Not Applicable,125,Cash,29,3.3,5.0
2024-07-28 18:15:00,CNR9650871198,Success,CID478157,Mini,Ramamurthy Nagar,Ulsoor,56.0,100.0,Not Applicable,Not Applicable,No,Not Applicable,496,Cash,42,3.0,3.9
2024-07-21 16:23:00,CNR5996665254,Success,CID303542,Mini,Magadi Road,Rajajinagar,266.0,40.0,Not Applicable,Not Applicable,No,Not Applicable,707,UPI,49,4.2,3.4
2024-07-08 19:57:00,CNR4111097847,Canceled by Customer,CID569208,Prime Sedan,Rajajinagar,Ulsoor,,,Driver is not moving towards pickup location,Not Applicable,Not Applicable,Not Applicable,970,Not Applicable,0,,
2024-07-14 14:16:00,CNR6140532209,Success,CID345366,Auto,Indiranagar,Hulimavu,301.0,80.0,Not Applicable,Not Applicable,Yes,Customer Demand,241,UPI,15,4.9,4.7
2024-07-15 04:27:00,CNR5319574087,Success,CID674378,eBike,Marathahalli,Chamarajpet,161.0,95.0,Not Applicable,Not Applicable,No,Not Applicable,2896,UPI,4,3.9,4.0
2024-07-13 05:36:00,CNR7574676891,Success,CID150941,Prime Plus,MG Road,Shivajinagar,56.0,115.0,Not Applicable,Not Applicable,No,Not Applicable,417,Cash,13,4.8,3.0
2024-07-26 23:42:00,CNR8916297406,Canceled by Driver,CID566419,Prime Sedan,Banashankari,Padmanabhanagar,,,Not Applicable,Customer related issue,Not Applicable,Not Applicable,118,Not Applicable,0,,
2024-07-04 09:57:00,CNR2017230715,Canceled by Driver,CID155299,Bike,Hulimavu,Ulsoor,,,Not Applicable,Customer related issue,Not Applicable,Not Applicable,117,Not Applicable,0,,
2024-07-23 11:18:00,CNR4342820717,Success,CID115319,Prime Plus,Bannerghatta Road,RT Nagar,126.0,105.0,Not Applicable,Not Applicable,No,Not Applicable,430,Cash,3,4.1,3.8
2024-07-20 13:09:00,CNR9718394489,Success,CID840846,Prime Sedan,Basavanagudi,Sarjapur Road,266.0,100.0,Not Applicable,Not Applicable,No,Not Applicable,480,UPI,40,4.4,3.3
2024-07-18 00:33:00,CNR6420532472,Success,CID540960,Bike,HSR Layout,Electronic City,168.0,30.0,Not Applicable,Not Applicable,No,Not Applicable,253,Cash,29,3.7,4.5
2024-07-07 07:30:00,CNR1713647725,Success,CID876499,Prime Plus,Basavanagudi,Frazer Town,133.0,70.0,Not Applicable,Not Applicable,No,Not Applicable,262,Cash,42,3.8,4.4
2024-07-26 11:18:00,CNR2314341621,Canceled by Customer,CID886343,eBike,Jayanagar,Sarjapur Road,,,Change of plans,Not Applicable,Not Applicable,Not Applicable,147,Not Applicable,0,,
2024-07-28 08:30:00,CNR5706798450,Success,CID228085,Mini,Nagarbhavi,Devanahalli,245.0,95.0,Not Applicable,Not Applicable,No,Not Applicable,668,UPI,41,4.7,4.8
2024-07-26 13:54:00,CNR1045931262,Success,CID871143,Prime Sedan,Basavanagudi,Padmanabhanagar,189.0,110.0,Not Applicable,Not Applicable,No,Not Applicable,465,Cash,14,4.7,4.1
2024-07-16 22:03:00,CNR9585305643,Success,CID980979,Prime Plus,Vijayanagar,Hosur Road,56.0,140.0,Not Applicable,Not Applicable,No,Not Applicable,155,UPI,15,3.2,3.3
2024-07-16 12:27:00,CNR3639561787,Canceled by Driver,CID532775,eBike,Langford Town,HSR Layout,,,Not Applicable,Personal & Car related issue,Not Applicable,Not Applicable,257,Not Applicable,0,,
2024-07-23 19:12:00,CNR3909152144,Success,CID770029,Prime SUV,Basavanagudi,Jayanagar,126.0,80.0,Not Applicable,Not Applicable,No,Not Applicable,990,Cash,16,4.2,4.7
2024-07-27 14:33:00,CNR1341585211,Success,CID590124,Prime Plus,Varthur,Rajajinagar,224.0,70.0,Not Applicable,Not Applicable,No,Not Applicable,164,UPI,41,4.4,3.7
2024-07-13 21:27:00,CNR4606020929,Success,CID201206,Bike,Hulimavu,Banashankari,35.0,75.0,Not Applicable,Not Applicable,No,Not Applicable,2373,UPI,8,3.6,3.7
2024-07-24 18:16:00,CNR4993382433,Success,CID606439,eBike,Tumkur Road,Basavanagudi,301.0,125.0,Not Applicable,Not Applicable,Yes,Customer Demand,401,Cash,16,3.7,3.6
2024-07-27 07:03:00,CNR5636808844,Success,CID111390,Prime SUV,Electronic City,Richmond Town,35.0,40.0,Not Applicable,Not Applicable,Yes,Vehicle Breakdown,393,UPI,8,4.8,3.1
2024-07-13 09:44:00,CNR9889213484,Success,CID660496,eBike,Mysore Road,Shivajinagar,63.0,40.0,Not Applicable,Not Applicable,No,Not Applicable,447,Cash,40,3.5,4.8
2024-07-17 00:05:00,CNR7929058534,Driver Not Found,CID271049,Bike,JP Nagar,Rajajinagar,,,Not Applicable,Not Applicable,Not Applicable,Not Applicable,168,Not Applicable,0,,
2024-07-07 01:42:00,CNR1808726227,Success,CID114430,Prime Sedan,Peenya,Jayanagar,224.0,65.0,Not Applicable,Not Applicable,No,Not Applicable,312,Cash,5,4.5,3.5
2024-07-22 04:08:00,CNR1110814904,Success,CID393276,Mini,RT Nagar,MG Road,140.0,40.0,Not Applicable,Not Applicable,No,Not Applicable,711,Cash,17,5.0,3.1
2024-07-11 18:07:00,CNR4693225272,Canceled by Driver,CID353579,Mini,Kammanahalli,Varthur,,,Not Applicable,Customer related issue,Not Applicable,Not Applicable,1085,Not Applicable,0,,
2024-07-27 11:33:00,CNR6754730959,Success,CID784866,Mini,Malleshwaram,Chickpet,294.0,105.0,Not Applicable,Not Applicable,No,Not Applicable,107,Cash,35,3.5,4.7
2024-07-22 08:38:00,CNR9719299664,Success,CID144775,Mini,Magadi Road,MG Road,294.0,75.0,Not Applicable,Not Applicable,No,Not Applicable,343,Debit Card,39,3.5,4.8
2024-07-10 18:57:00,CNR6859867015,Driver Not Found,CID533328,Auto,HSR Layout,Kadugodi,,,Not Applicable,Not Applicable,Not Applicable,Not Applicable,471,Not Applicable,0,,
2024-07-05 08:33:00,CNR3729441916,Success,CID913575,eBike,RT Nagar,HSR Layout,266.0,90.0,Not Applicable,Not Applicable,No,Not Applicable,482,Cash,35,4.7,4.7
2024-07-13 22:31:00,CNR8111905981,Success,CID299699,Mini,Rajarajeshwari Nagar,JP Nagar,42.0,35.0,Not Applicable,Not Applicable,No,Not Applicable,311,Cash,5,4.9,4.8
2024-07-14 16:40:00,CNR5496111408,Success,CID582009,Prime Sedan,RT Nagar,Yelahanka,210.0,90.0,Not Applicable,Not Applicable,No,Not Applicable,326,Cash,41,4.9,3.4
2024-07-27 17:10:00,CNR8161426663,Success,CID645440,eBike,Sahakar Nagar,JP Nagar,301.0,120.0,Not Applicable,Not Applicable,No,Not Applicable,734,Cash,22,4.4,3.5
2024-07-20 15:16:00,CNR7545078686,Canceled by Driver,CID983082,Prime Plus,Kammanahalli,Hulimavu,,,Not Applicable,Customer was coughing/sick,Not Applicable,Not Applicable,213,Not Applicable,0,,
2024-07-24 19:18:00,CNR2780223119,Driver Not Found,CID178111,Mini,Yeshwanthpur,Devanahalli,,,Not Applicable,Not Applicable,Not Applicable,Not Applicable,675,Not Applicable,0,,
2024-07-25 09:51:00,CNR7109383160,Driver Not Found,CID185432,Mini,Yelahanka,Varthur,,,Not Applicable,Not Applicable,Not Applicable,Not Applicable,313,Not Applicable,0,,
2024-07-03 14:20:00,CNR9658610334,Success,CID304733,eBike,Bellandur,Koramangala,35.0,55.0,Not Applicable,Not Applicable,No,Not Applicable,339,Cash,40,4.2,4.3
2024-07-09 15:55:00,CNR1259190476,Canceled by Driver,CID636453,eBike,Mysore Road,Hosur Road,,,Not Applicable,Personal & Car related issue,Not Applicable,Not Applicable,483,Not Applicable,0,,
2024-07-10 11:18:00,CNR9011027853,Success,CID960266,Bike,Chickpet,Kadugodi,294.0,130.0,Not Applicable,Not Applicable,No,Not Applicable,395,Cash,20,4.8,3.4
2024-07-04 05:29:00,CNR4599202050,Success,CID873476,eBike,Electronic City,RT Nagar,224.0,30.0,Not Applicable,Not Applicable,No,Not Applicable,2066,Cash,25,3.8,4.0
2024-07-28 08:11:00,CNR9174595903,Success,CID799913,Prime SUV,Electronic City,Tumkur Road,63.0,130.0,Not Applicable,Not Applicable,No,Not Applicable,194,Cash,48,3.0,4.8
2024-07-19 02:45:00,CNR7601572561,Canceled by Driver,CID477973,Prime SUV,Hennur,Rajajinagar,,,Not Applicable,Personal & Car related issue,Not Applicable,Not Applicable,228,Not Applicable,0,,
2024-07-25 07:44:00,CNR4805966109,Driver Not Found,CID433143,Prime Plus,Banashankari,Whitefield,,,Not Applicable,Not Applicable,Not Applicable,Not Applicable,2599,Not Applicable,0,,
2024-07-16 04:33:00,CNR9914127326,Success,CID845256,Auto,Jayanagar,Vijayanagar,133.0,55.0,Not Applicable,Not Applicable,No,Not Applicable,396,Cash,17,4.4,4.5
2024-07-20 05:33:00,CNR8789398831,Canceled by Driver,CID312679,Auto,Vijayanagar,Malleshwaram,,,Not Applicable,Personal & Car related issue,Not Applicable,Not Applicable,1884,Not Applicable,0,,
2024-07-27 06:48:00,CNR3897780812,Driver Not Found,CID476540,Bike,Banashankari,Kengeri,,,Not Applicable,Not Applicable,Not Applicable,Not Applicable,343,Not Applicable,0,,
2024-07-13 00:51:00,CNR9206855261,Canceled by Driver,CID686560,Prime SUV,Hebbal,Kammanahalli,,,Not Applicable,Customer related issue,Not Applicable,Not Applicable,959,Not Applicable,0,,
2024-07-23 02:50:00,CNR1523282930,Canceled by Driver,CID591696,Bike,Langford Town,Peenya,,,Not Applicable,Customer related issue,Not Applicable,Not Applicable,2292,Not Applicable,0,,
2024-07-24 10:21:00,CNR9000904250,Canceled by Driver,CID223563,Auto,Bannerghatta Road,Sarjapur Road,,,Not Applicable,Personal & Car related issue,Not Applicable,Not Applicable,400,Not Applicable,0,,
2024-07-09 13:54:00,CNR1286875040,Success,CID943319,Auto,Shivajinagar,Hosur Road,182.0,85.0,Not Applicable,Not Applicable,No,Not Applicable,122,Cash,9,4.4,3.3
2024-07-16 16:01:00,CNR1244251858,Success,CID100446,Mini,Sarjapur Road,Sarjapur Road,91.0,95.0,Not Applicable,Not Applicable,No,Not Applicable,293,Cash,18,3.0,4.4
2024-07-03 11:21:00,CNR5972731486,Success,CID857316,Prime Sedan,HSR Layout,Kengeri,133.0,25.0,Not Applicable,Not Applicable,No,Not Applicable,253,Cash,33,3.0,3.9
2024-07-17 00:41:00,CNR9224836679,Success,CID178976,Bike,Richmond Town,Langford Town,301.0,110.0,Not Applicable,Not Applicable,No,Not Applicable,458,Cash,45,4.8,3.9
2024-07-04 16:51:00,CNR2005788783,Canceled by Driver,CID835848,Prime Plus,Marathahalli,Ramamurthy Nagar,,,Not Applicable,Customer related issue,Not Applicable,Not Applicable,205,Not Applicable,0,,
2024-07-06 20:26:00,CNR6775610929,Canceled by Customer,CID594851,Prime SUV,MG Road,Cox Town,,,Driver is not moving towards pickup location,Not Applicable,Not Applicable,Not Applicable,420,Not Applicable,0,,
2024-07-17 12:40:00,CNR9486783423,Success,CID497454,Auto,Whitefield,Kadugodi,70.0,110.0,Not Applicable,Not Applicable,No,Not Applicable,313,UPI,4,3.8,3.2
2024-07-24 14:47:00,CNR4840313311,Success,CID281214,Bike,Malleshwaram,Whitefield,63.0,70.0,Not Applicable,Not Applicable,No,Not Applicable,413,Credit Card,33,4.9,3.1
2024-07-22 20:12:00,CNR8711160895,Canceled by Driver,CID106275,Prime Plus,Hosur Road,Mysore Road,,,Not Applicable,Personal & Car related issue,Not Applicable,Not Applicable,670,Not Applicable,0,,
2024-07-19 07:14:00,CNR5225928620,Canceled by Driver,CID446511,Auto,Cox Town,Koramangala,,,Not Applicable,Personal & Car related issue,Not Applicable,Not Applicable,225,Not Applicable,0,,
2024-07-27 09:29:00,CNR2411126892,Success,CID936811,Prime SUV,Rajajinagar,Hebbal,189.0,30.0,Not Applicable,Not Applicable,No,Not Applicable,2915,Cash,17,4.3,4.2
2024-07-04 17:20:00,CNR2628661343,Success,CID214816,eBike,Yeshwanthpur,Yeshwanthpur,98.0,40.0,Not Applicable,Not Applicable,No,Not Applicable,407,Cash,22,4.1,3.6
2024-07-16 03:47:00,CNR9574891352,Success,CID762577,Auto,Whitefield,Yelahanka,231.0,80.0,Not Applicable,Not Applicable,No,Not Applicable,311,Cash,18,4.5,4.4
2024-07-07 13:11:00,CNR5823533406,Success,CID649624,Prime Sedan,Tumkur Road,Mysore Road,42.0,85.0,Not Applicable,Not Applicable,No,Not Applicable,627,UPI,6,3.0,4.1
2024-07-27 20:39:00,CNR1639642952,Success,CID123946,Prime Plus,Sahakar Nagar,Indiranagar,42.0,50.0,Not Applicable,Not Applicable,No,Not Applicable,443,UPI,14,4.1,3.3
2024-07-25 01:12:00,CNR3297947108,Success,CID680774,Prime Plus,Yelahanka,Ulsoor,203.0,70.0,Not Applicable,Not Applicable,No,Not Applicable,219,Cash,2,4.4,4.6
2024-07-23 14:00:00,CNR7136408704,Success,CID322975,Prime SUV,Hebbal,Bannerghatta Road,280.0,135.0,Not Applicable,Not Applicable,No,Not Applicable,573,Credit Card,25,4.8,4.0
2024-07-10 05:53:00,CNR9384682734,Success,CID570640,Prime Sedan,Rajajinagar,Vijayanagar,301.0,35.0,Not Applicable,Not Applicable,No,Not Applicable,477,UPI,7,3.9,5.0
2024-07-27 04:58:00,CNR7560764200,Success,CID387111,Prime Plus,Malleshwaram,Sarjapur Road,252.0,65.0,Not Applicable,Not Applicable,No,Not Applicable,363,Cash,9,3.8,5.0
2024-07-07 23:28:00,CNR9447437517,Success,CID417545,eBike,BTM Layout,Jayanagar,161.0,100.0,Not Applicable,Not Applicable,No,Not Applicable,204,Cash,6,4.3,3.4
2024-07-29 21:08:00,CNR2389113590,Success,CID674766,Prime Plus,MG Road,JP Nagar,175.0,60.0,Not Applicable,Not Applicable,No,Not Applicable,2290,UPI,23,3.4,3.0
2024-07-09 16:17:00,CNR6241726941,Success,CID462427,Prime SUV,Electronic City,Padmanabhanagar,224.0,130.0,Not Applicable,Not Applicable,No,Not Applicable,279,Cash,39,3.1,5.0
2024-07-23 06:11:00,CNR1962379753,Success,CID742931,Prime Sedan,Hennur,Bannerghatta Road,175.0,135.0,Not Applicable,Not Applicable,No,Not Applicable,576,Cash,35,4.3,4.9
2024-07-25 18:03:00,CNR9318460176,Success,CID845919,Auto,MG Road,Whitefield,126.0,95.0,Not Applicable,Not Applicable,No,Not Applicable,901,Cash,4,3.1,4.6
2024-07-12 04:59:00,CNR8549995776,Canceled by Driver,CID397169,Bike,Kammanahalli,Kammanahalli,,,Not Applicable,Customer related issue,Not Applicable,Not Applicable,990,Not Applicable,0,,
2024-07-10 05:41:00,CNR4216863309,Success,CID842893,Bike,Banashankari,Electronic City,154.0,60.0,Not Applicable,Not Applicable,No,Not Applicable,147,UPI,18,3.0,4.9
2024-07-25 12:17:00,CNR2781552146,Canceled by Driver,CID954455,Prime SUV,Jayanagar,Hosur Road,,,Not Applicable,More than permitted people in there,Not Applicable,Not Applicable,145,Not Applicable,0,,
2024-07-13 16:35:00,CNR2165183115,Canceled by Driver,CID163805,Prime SUV,Kadugodi,Rajarajeshwari Nagar,,,Not Applicable,More than permitted people in there,Not Applicable,Not Applicable,647,Not Applicable,0,,
2024-07-06 11:27:00,CNR1480904475,Success,CID998905,Mini,Peenya,HSR Layout,217.0,140.0,Not Applicable,Not Applicable,No,Not Applicable,473,Cash,14,4.6,4.7
2024-07-08 10:30:00,CNR6867034476,Canceled by Driver,CID273729,Prime SUV,Magadi Road,MG Road,,,Not Applicable,Personal & Car related issue,Not Applicable,Not Applicable,769,Not Applicable,0,,
2024-07-23 14:42:00,CNR1569567007,Canceled by Driver,CID116660,eBike,Malleshwaram,Bannerghatta Road,,,Not Applicable,Customer related issue,Not Applicable,Not Applicable,433,Not Applicable,0,,
2024-07-11 13:35:00,CNR3379719793,Success,CID934572,Mini,Magadi Road,Magadi Road,259.0,100.0,Not Applicable,Not Applicable,Yes,Vehicle Breakdown,717,UPI,23,3.8,4.8
2024-07-12 17:38:00,CNR6136415201,Success,CID964645,Prime SUV,Bannerghatta Road,Whitefield,182.0,115.0,Not Applicable,Not Applicable,No,Not Applicable,892,UPI,35,3.2,4.7
2024-07-10 18:41:00,CNR5952634496,Canceled by Driver,CID973612,eBike,Bellandur,Shantinagar,,,Not Applicable,Customer was coughing/sick,Not Applicable,Not Applicable,680,Not Applicable,0,,
2024-07-20 22:09:00,CNR4462530255,Success,CID950890,Auto,Magadi Road,Devanahalli,154.0,65.0,Not Applicable,Not Applicable,No,Not Applicable,284,UPI,18,3.5,3.3
2024-07-30 16:15:00,CNR9399801655,Success,CID805979,eBike,HSR Layout,MG Road,294.0,50.0,Not Applicable,Not Applicable,No,Not Applicable,287,Cash,9,4.0,3.1
2024-07-16 22:09:00,CNR5587142111,Canceled by Customer,CID955213,Prime Plus,Marathahalli,Tumkur Road,,,Driver is not moving towards pickup location,Not Applicable,Not Applicable,Not Applicable,105,Not Applicable,0,,
2024-07-11 05:51:00,CNR3958841337,Success,CID425119,Mini,Electronic City,Nagarbhavi,182.0,60.0,Not Applicable,Not Applicable,No,Not Applicable,250,Cash,5,3.9,4.9
2024-07-13 18:26:00,CNR5324594341,Driver Not Found,CID116938,Bike,Sahakar Nagar,RT Nagar,,,Not Applicable,Not Applicable,Not Applicable,Not Applicable,942,Not Applicable,0,,
2024-07-25 10:02:00,CNR1104547262,Success,CID947627,eBike,JP Nagar,Marathahalli,161.0,45.0,Not Applicable,Not Applicable,No,Not Applicable,471,Cash,33,4.6,3.4
2024-07-20 02:28:00,CNR2307737157,Canceled by Driver,CID731144,Mini,Yelahanka,Marathahalli,,,Not Applicable,Customer related issue,Not Applicable,Not Applicable,238,Not Applicable,0,,
2024-07-23 05:52:00,CNR3721758543,Canceled by Customer,CID799995,eBike,Vijayanagar,Sarjapur Road,,,Driver is not moving towards pickup location,Not Applicable,Not Applicable,Not Applicable,387,Not Applicable,0,,
2024-07-29 14:33:00,CNR6631295623,Success,CID129612,Prime Plus,Yeshwanthpur,Sahakar Nagar,273.0,120.0,Not Applicable,Not Applicable,No,Not Applicable,721,UPI,17,4.9,4.8
2024-07-17 00:24:00,CNR7843328614,Success,CID687479,Mini,Richmond Town,Kadugodi,133.0,40.0,Not Applicable,Not Applicable,No,Not Applicable,1562,UPI,8,3.6,4.9
2024-07-23 06:18:00,CNR5147295807,Success,CID375326,Prime SUV,Varthur,Indiranagar,189.0,40.0,Not Applicable,Not Applicable,No,Not Applicable,2346,Cash,7,3.6,4.8
2024-07-02 20:58:00,CNR3324691710,Success,CID231317,Mini,Kammanahalli,Frazer Town,119.0,25.0,Not Applicable,Not Applicable,No,Not Applicable,135,Cash,31,3.1,3.4
2024-07-02 18:18:00,CNR2819431085,Success,CID266798,Prime Sedan,Hosur Road,Malleshwaram,287.0,125.0,Not Applicable,Not Applicable,No,Not Applicable,313,UPI,33,3.7,4.3
2024-07-03 18:49:00,CNR7968770735,Success,CID138247,Bike,Vijayanagar,Electronic City,287.0,30.0,Not Applicable,Not Applicable,Yes,Vehicle Breakdown,337,Cash,6,4.9,3.6
2024-07-16 08:55:00,CNR6757090497,Canceled by Customer,CID432885,eBike,JP Nagar,Hebbal,,,Driver is not moving towards pickup location,Not Applicable,Not Applicable,Not Applicable,491,Not Applicable,0,,
2024-07-18 12:46:00,CNR4164194079,Success,CID737456,Prime Plus,Koramangala,Varthur,84.0,95.0,Not Applicable,Not Applicable,No,Not Applicable,413,UPI,32,3.3,4.3
2024-07-08 22:48:00,CNR3997703096,Driver Not Found,CID756522,Prime Plus,Yelahanka,Rajarajeshwari Nagar,,,Not Applicable,Not Applicable,Not Applicable,Not Applicable,904,Not Applicable,0,,
2024-07-02 16:48:00,CNR7665294723,Success,CID737897,Auto,Kengeri,Koramangala,238.0,110.0,Not Applicable,Not Applicable,No,Not Applicable,182,UPI,17,4.4,4.8
2024-07-28 17:17:00,CNR1527113479,Canceled by Customer,CID664018,Prime Sedan,Basavanagudi,Whitefield,,,Wrong Address,Not Applicable,Not Applicable,Not Applicable,124,Not Applicable,0,,
2024-07-28 05:00:00,CNR6327591613,Success,CID907972,eBike,Hulimavu,Whitefield,301.0,130.0,Not Applicable,Not Applicable,No,Not Applicable,246,UPI,35,4.5,4.7
2024-07-18 01:55:00,CNR3560424927,Success,CID746198,Prime SUV,Hulimavu,Banashankari,49.0,60.0,Not Applicable,Not Applicable,No,Not Applicable,809,Cash,34,4.3,3.2
2024-07-18 20:13:00,CNR8231956611,Driver Not Found,CID995335,Bike,Hulimavu,MG Road,,,Not Applicable,Not Applicable,Not Applicable,Not Applicable,911,Not Applicable,0,,
2024-07-24 03:43:00,CNR7215003585,Canceled by Driver,CID293066,Bike,Hulimavu,Kengeri,,,Not Applicable,Customer related issue,Not Applicable,Not Applicable,300,Not Applicable,0,,
2024-07-27 18:07:00,CNR6146820275,Success,CID734885,Prime Plus,Mysore Road,Hosur Road,126.0,35.0,Not Applicable,Not Applicable,No,Not Applicable,1443,UPI,36,4.0,3.9
2024-07-29 11:37:00,CNR2903263396,Success,CID675366,Prime Sedan,Peenya,Shivajinagar,154.0,145.0,Not Applicable,Not Applicable,No,Not Applicable,168,UPI,36,3.4,4.1
2024-07-23 15:07:00,CNR1057505885,Success,CID722655,Auto,Varthur,Rajajinagar,189.0,95.0,Not Applicable,Not Applicable,No,Not Applicable,252,UPI,14,3.3,3.4
2024-07-16 19:37:00,CNR8667345112,Canceled by Driver,CID326443,eBike,HSR Layout,Peenya,,,Not Applicable,Personal & Car related issue,Not Applicable,Not Applicable,2628,Not Applicable,0,,
2024-07-28 17:15:00,CNR2183322494,Success,CID242683,Prime Plus,Magadi Road,Hebbal,49.0,145.0,Not Applicable,Not Applicable,No,Not Applicable,238,Cash,19,4.3,4.4
2024-07-03 17:31:00,CNR2762534843,Success,CID704395,eBike,Shantinagar,Bellandur,70.0,40.0,Not Applicable,Not Applicable,No,Not Applicable,1693,Cash,15,4.5,4.0
2024-07-15 18:16:00,CNR1739772363,Success,CID777343,Bike,Marathahalli,Shivajinagar,245.0,115.0,Not Applicable,Not Applicable,No,Not Applicable,799,Cash,22,4.8,4.9
2024-07-20 15:20:00,CNR2056748608,Canceled by Driver,CID714015,Bike,Magadi Road,Kadugodi,,,Not Applicable,Personal & Car related issue,Not Applicable,Not Applicable,221,Not Applicable,0,,
2024-07-27 14:54:00,CNR4204432976,Success,CID562377,Bike,Cox Town,MG Road,98.0,120.0,Not Applicable,Not Applicable,No,Not Applicable,440,UPI,2,4.1,4.4
2024-07-11 20:12:00,CNR9419341699,Canceled by Customer,CID850227,Bike,Ulsoor,Banashankari,,,AC is Not working,Not Applicable,Not Applicable,Not Applicable,394,Not Applicable,0,,
2024-07-22 03:16:00,CNR8160421045,Success,CID175202,Prime Plus,KR Puram,Bellandur,133.0,65.0,Not Applicable,Not Applicable,No,Not Applicable,129,Cash,18,4.5,4.4
2024-07-26 13:31:00,CNR2590953679,Success,CID973718,Auto,Hennur,Rajarajeshwari Nagar,84.0,100.0,Not Applicable,Not Applicable,No,Not Applicable,490,UPI,2,4.3,3.6
2024-07-26 08:37:00,CNR6825006475,Success,CID344024,eBike,Langford Town,Magadi Road,224.0,115.0,Not Applicable,Not Applicable,No,Not Applicable,397,Cash,45,3.1,3.0
2024-07-17 16:58:00,CNR4237173597,Canceled by Driver,CID659164,Prime SUV,Nagarbhavi,Richmond Town,,,Not Applicable,Customer related issue,Not Applicable,Not Applicable,448,Not Applicable,0,,
2024-07-30 04:27:00,CNR2015542099,Success,CID386545,Bike,Malleshwaram,Banashankari,49.0,115.0,Not Applicable,Not Applicable,Yes,Customer Demand,260,UPI,11,3.1,4.9
2024-07-24 17:00:00,CNR8709930110,Success,CID592845,Bike,Kammanahalli,Basavanagudi,217.0,100.0,Not Applicable,Not Applicable,No,Not Applicable,307,Cash,32,3.8,4.3
2024-07-15 22:46:00,CNR3247312291,Success,CID473800,Prime SUV,Sahakar Nagar,JP Nagar,105.0,85.0,Not Applicable,Not Applicable,No,Not Applicable,368,Cash,44,3.3,4.5
2024-07-04 08:42:00,CNR2740982669,Success,CID681035,Mini,RT Nagar,Indiranagar,308.0,55.0,Not Applicable,Not Applicable,No,Not Applicable,441,Cash,1,3.3,4.1
2024-07-07 13:45:00,CNR4676630235,Canceled by Driver,CID678157,Bike,Varthur,Hebbal,,,Not Applicable,Personal & Car related issue,Not Applicable,Not Applicable,322,Not Applicable,0,,
2024-07-14 19:45:00,CNR4167504783,Success,CID931695,Prime Plus,Indiranagar,Sahakar Nagar,105.0,85.0,Not Applicable,Not Applicable,No,Not Applicable,490,UPI,46,3.6,3.9
2024-07-13 04:28:00,CNR9460008935,Canceled by Customer,CID731114,Auto,Rajajinagar,Kadugodi,,,Wrong Address,Not Applicable,Not Applicable,Not Applicable,254,Not Applicable,0,,
2024-07-30 08:04:00,CNR8449068669,Canceled by Customer,CID639763,Bike,Chamarajpet,Ramamurthy Nagar,,,AC is Not working,Not Applicable,Not Applicable,Not Applicable,938,Not Applicable,0,,
2024-07-28 10:13:00,CNR6016976323,Success,CID517360,Auto,Kengeri,Rajajinagar,189.0,100.0,Not Applicable,Not Applicable,No,Not Applicable,1065,UPI,10,4.4,4.2
2024-07-09 01:23:00,CNR9830932904,Success,CID750670,eBike,Hosur Road,Chamarajpet,56.0,30.0,Not Applicable,Not Applicable,No,Not Applicable,523,Cash,2,3.6,4.9
2024-07-13 20:21:00,CNR9073830755,Success,CID445980,eBike,Whitefield,Sarjapur Road,245.0,65.0,Not Applicable,Not Applicable,No,Not Applicable,1622,UPI,43,3.8,4.2
2024-07-26 00:32:00,CNR3822516905,Canceled by Driver,CID268948,Bike,Frazer Town,Sahakar Nagar,,,Not Applicable,Personal & Car related issue,Not Applicable,Not Applicable,204,Not Applicable,0,,
2024-07-24 14:53:00,CNR2119061410,Canceled by Driver,CID808125,Auto,Varthur,Ramamurthy Nagar,,,Not Applicable,Customer related issue,Not Applicable,Not Applicable,265,Not Applicable,0,,
2024-07-19 20:06:00,CNR5359535895,Success,CID330237,Prime Plus,Cox Town,Frazer Town,175.0,145.0,Not Applicable,Not Applicable,No,Not Applicable,153,Cash,3,3.2,3.7
2024-07-02 05:34:00,CNR7478333496,Success,CID309706,Prime Plus,BTM Layout,Sahakar Nagar,56.0,30.0,Not Applicable,Not Applicable,No,Not Applicable,460,Cash,26,3.5,4.6
2024-07-04 03:06:00,CNR9218950837,Success,CID899583,Prime SUV,Varthur,Chamarajpet,210.0,90.0,Not Applicable,Not Applicable,No,Not Applicable,1243,Cash,27,4.9,4.5
2024-07-14 15:55:00,CNR8151906880,Canceled by Customer,CID440020,Prime Sedan,Hosur Road,Koramangala,,,Driver is not moving towards pickup location,Not Applicable,Not Applicable,Not Applicable,392,Not Applicable,0,,
2024-07-25 03:17:00,CNR4691552222,Canceled by Customer,CID825010,Prime Sedan,KR Puram,Bellandur,,,Wrong Address,Not Applicable,Not Applicable,Not Applicable,291,Not Applicable,0,,
2024-07-18 19:10:00,CNR9195780285,Canceled by Driver,CID993386,Auto,Kengeri,Rajarajeshwari Nagar,,,Not Applicable,Personal & Car related issue,Not Applicable,Not Applicable,491,Not Applicable,0,,
2024-07-01 09:18:00,CNR3795573669,Success,CID360620,Prime Plus,Peenya,Ramamurthy Nagar,42.0,115.0,Not Applicable,Not Applicable,No,Not Applicable,133,UPI,32,3.2,4.3
2024-07-01 18:21:00,CNR7969121381,Canceled by Driver,CID676348,Auto,Yeshwanthpur,Rajajinagar,,,Not Applicable,Customer was coughing/sick,Not Applicable,Not Applicable,130,Not Applicable,0,,
2024-07-08 11:56:00,CNR1734676957,Success,CID552339,Prime Sedan,Basavanagudi,Malleshwaram,294.0,130.0,Not Applicable,Not Applicable,No,Not Applicable,737,Cash,27,4.3,4.0
2024-07-28 06:39:00,CNR7734223997,Canceled by Customer,CID508022,Prime Sedan,Nagarbhavi,Koramangala,,,AC is Not working,Not Applicable,Not Applicable,Not Applicable,693,Not Applicable,0,,
2024-07-10 22:09:00,CNR1344701657,Success,CID472134,Bike,Hebbal,Majestic,84.0,90.0,Not Applicable,Not Applicable,No,Not Applicable,131,UPI,20,3.1,3.5
2024-07-08 01:57:00,CNR8113056187,Canceled by Customer,CID993205,Mini,Kammanahalli,Kadugodi,,,Driver asked to cancel,Not Applicable,Not Applicable,Not Applicable,2814,Not Applicable,0,,
2024-07-14 15:40:00,CNR8636582985,Canceled by Customer,CID902905,Auto,Hulimavu,Vijayanagar,,,Driver asked to cancel,Not Applicable,Not Applicable,Not Applicable,159,Not Applicable,0,,
2024-07-16 05:56:00,CNR7553118507,Success,CID984287,eBike,Devanahalli,MG Road,63.0,105.0,Not Applicable,Not Applicable,Yes,Vehicle Breakdown,405,Cash,30,3.8,3.2
2024-07-08 17:32:00,CNR3827267149,Success,CID588710,Prime Sedan,Jayanagar,Indiranagar,112.0,100.0,Not Applicable,Not Applicable,No,Not Applicable,106,UPI,43,3.9,4.2
2024-07-24 01:07:00,CNR1292177890,Canceled by Driver,CID911040,Prime Sedan,Koramangala,Malleshwaram,,,Not Applicable,Personal & Car related issue,Not Applicable,Not Applicable,484,Not Applicable,0,,
2024-07-07 12:32:00,CNR1963808381,Canceled by Driver,CID591025,Prime Sedan,Chickpet,JP Nagar,,,Not Applicable,Customer related issue,Not Applicable,Not Applicable,247,Not Applicable,0,,
2024-07-28 03:41:00,CNR2311108204,Driver Not Found,CID774559,eBike,Bannerghatta Road,Koramangala,,,Not Applicable,Not Applicable,Not Applicable,Not Applicable,838,Not Applicable,0,,
2024-07-16 03:58:00,CNR6506514212,Success,CID284071,Prime Sedan,RT Nagar,BTM Layout,84.0,25.0,Not Applicable,Not Applicable,No,Not Applicable,436,UPI,2,3.4,3.1
2024-07-24 01:47:00,CNR5218745065,Canceled by Driver,CID281374,Prime SUV,Whitefield,Hennur,,,Not Applicable,Customer was coughing/sick,Not Applicable,Not Applicable,142,Not Applicable,0,,
2024-07-01 20:03:00,CNR2066351173,Canceled by Driver,CID797956,Bike,Varthur,Magadi Road,,,Not Applicable,Personal & Car related issue,Not Applicable,Not Applicable,498,Not Applicable,0,,
2024-07-17 02:21:00,CNR1448388402,Driver Not Found,CID607464,Bike,Kammanahalli,Chamarajpet,,,Not Applicable,Not Applicable,Not Applicable,Not Applicable,989,Not Applicable,0,,
2024-07-08 03:43:00,CNR5205884867,Success,CID951556,Prime Sedan,Ulsoor,Hulimavu,308.0,100.0,Not Applicable,Not Applicable,No,Not Applicable,665,Cash,16,4.7,3.6
2024-07-10 14:34:00,CNR6403813517,Success,CID776484,eBike,Rajarajeshwari Nagar,Ulsoor,42.0,80.0,Not Applicable,Not Applicable,No,Not Applicable,399,UPI,23,4.1,3.4
2024-07-18 15:51:00,CNR7334510169,Success,CID270812,Auto,Koramangala,Ulsoor,287.0,105.0,Not Applicable,Not Applicable,No,Not Applicable,240,UPI,7,4.3,4.7
2024-07-29 17:14:00,CNR2790290537,Success,CID497285,Mini,RT Nagar,Hebbal,182.0,90.0,Not Applicable,Not Applicable,No,Not Applicable,921,UPI,2,4.3,3.6
2024-07-03 23:34:00,CNR7654724452,Success,CID833667,Prime Plus,Magadi Road,Basavanagudi,266.0,60.0,Not Applicable,Not Applicable,No,Not Applicable,236,UPI,27,3.6,3.1
2024-07-11 07:16:00,CNR2756304494,Success,CID732070,Bike,Shivajinagar,Sahakar Nagar,105.0,50.0,Not Applicable,Not Applicable,No,Not Applicable,2580,UPI,46,3.4,3.2
2024-07-04 14:21:00,CNR8281881653,Canceled by Driver,CID407028,Auto,Bellandur,Langford Town,,,Not Applicable,More than permitted people in there,Not Applicable,Not Applicable,474,Not Applicable,0,,
2024-07-09 16:11:00,CNR5524634255,Success,CID172579,Prime SUV,Malleshwaram,Hulimavu,203.0,135.0,Not Applicable,Not Applicable,No,Not Applicable,410,Cash,10,4.2,4.0
2024-07-04 01:49:00,CNR5350423095,Canceled by Customer,CID610786,Auto,Padmanabhanagar,Shivajinagar,,,Driver asked to cancel,Not Applicable,Not Applicable,Not Applicable,409,Not Applicable,0,,
2024-07-28 17:16:00,CNR4735937525,Success,CID836847,Prime Plus,Langford Town,Kammanahalli,91.0,100.0,Not Applicable,Not Applicable,No,Not Applicable,391,UPI,20,3.4,3.6
2024-07-01 16:22:00,CNR8742695390,Driver Not Found,CID280955,Prime Plus,Padmanabhanagar,Sarjapur Road,,,Not Applicable,Not Applicable,Not Applicable,Not Applicable,120,Not Applicable,0,,
2024-07-07 11:14:00,CNR8769635889,Success,CID354847,Prime Sedan,Magadi Road,Hebbal,280.0,65.0,Not Applicable,Not Applicable,No,Not Applicable,302,UPI,45,4.0,4.4
2024-07-23 11:19:00,CNR7544906654,Canceled by Driver,CID252985,Auto,RT Nagar,Langford Town,,,Not Applicable,Customer was coughing/sick,Not Applicable,Not Applicable,282,Not Applicable,0,,
2024-07-23 11:57:00,CNR1138449307,Success,CID251406,Mini,Indiranagar,BTM Layout,280.0,35.0,Not Applicable,Not Applicable,No,Not Applicable,263,Cash,6,4.5,3.5
2024-07-29 05:53:00,CNR5936604759,Canceled by Customer,CID940106,Auto,Kengeri,Varthur,,,Driver is not moving towards pickup location,Not Applicable,Not Applicable,Not Applicable,2563,Not Applicable,0,,
2024-07-09 03:43:00,CNR1327339359,Driver Not Found,CID491724,Auto,Padmanabhanagar,Marathahalli,,,Not Applicable,Not Applicable,Not Applicable,Not Applicable,1948,Not Applicable,0,,
2024-07-09 04:49:00,CNR3480742628,Driver Not Found,CID759417,Mini,Nagarbhavi,Frazer Town,,,Not Applicable,Not Applicable,Not Applicable,Not Applicable,464,Not Applicable,0,,
2024-07-05 07:41:00,CNR5535347895,Canceled by Driver,CID917065,Auto,Banashankari,Shantinagar,,,Not Applicable,More than permitted people in there,Not Applicable,Not Applicable,742,Not Applicable,0,,
2024-07-26 13:12:00,CNR6444758222,Success,CID786770,Prime Plus,Padmanabhanagar,Devanahalli,210.0,115.0,Not Applicable,Not Applicable,No,Not Applicable,440,UPI,11,4.6,4.3
2024-07-29 13:20:00,CNR3088678522,Success,CID915798,eBike,BTM Layout,Banashankari,35.0,35.0,Not Applicable,Not Applicable,No,Not Applicable,481,Cash,2,4.3,4.9
2024-07-05 21:27:00,CNR7255304739,Success,CID576302,Prime Plus,Bellandur,Jayanagar,266.0,120.0,Not Applicable,Not Applicable,No,Not Applicable,165,Credit Card,21,3.8,4.6
2024-07-29 04:42:00,CNR1376895533,Canceled by Customer,CID479623,Prime Sedan,Electronic City,Hosur Road,,,Change of plans,Not Applicable,Not Applicable,Not Applicable,404,Not Applicable,0,,
2024-07-27 20:09:00,CNR6864832245,Canceled by Customer,CID287821,Mini,Malleshwaram,Sarjapur Road,,,Driver is not moving towards pickup location,Not Applicable,Not Applicable,Not Applicable,2094,Not Applicable,0,,
2024-07-11 03:33:00,CNR5242857462,Canceled by Customer,CID273079,Auto,Frazer Town,Majestic,,,Driver asked to cancel,Not Applicable,Not Applicable,Not Applicable,399,Not Applicable,0,,
2024-07-19 00:52:00,CNR3190153032,Success,CID676154,Prime SUV,Hosur Road,Sahakar Nagar,119.0,100.0,Not Applicable,Not Applicable,No,Not Applicable,862,UPI,41,4.5,4.8
2024-07-18 15:01:00,CNR2208066567,Canceled by Customer,CID215850,Prime SUV,Shivajinagar,Yelahanka,,,Driver is not moving towards pickup location,Not Applicable,Not Applicable,Not Applicable,365,Not Applicable,0,,
2024-07-11 07:16:00,CNR4368687257,Success,CID218708,Bike,Sahakar Nagar,Shantinagar,105.0,125.0,Not Applicable,Not Applicable,No,Not Applicable,479,UPI,36,3.1,3.2
2024-07-22 07:54:00,CNR2620847699,Success,CID857698,Prime Plus,Hulimavu,Chamarajpet,84.0,85.0,Not Applicable,Not Applicable,No,Not Applicable,146,Cash,20,4.0,3.2
2024-07-22 09:03:00,CNR6624448067,Success,CID711956,Mini,Hennur,Tumkur Road,91.0,55.0,Not Applicable,Not Applicable,No,Not Applicable,478,Cash,48,4.0,4.6
2024-07-17 10:20:00,CNR3433777822,Success,CID351914,Mini,Richmond Town,RT Nagar,77.0,100.0,Not Applicable,Not Applicable,Yes,Vehicle Breakdown,1178,UPI,8,3.9,3.2
2024-07-04 22:21:00,CNR5623976840,Success,CID799338,Mini,Rajarajeshwari Nagar,Bannerghatta Road,203.0,80.0,Not Applicable,Not Applicable,No,Not Applicable,170,Cash,15,4.1,4.3
2024-07-24 10:19:00,CNR2584265402,Success,CID660522,Prime Sedan,Hulimavu,Hebbal,224.0,90.0,Not Applicable,Not Applicable,No,Not Applicable,338,UPI,48,3.5,4.3
2024-07-15 23:26:00,CNR3584347352,Success,CID882831,eBike,Sarjapur Road,Ramamurthy Nagar,56.0,85.0,Not Applicable,Not Applicable,No,Not Applicable,240,UPI,18,3.5,4.7
2024-07-10 13:46:00,CNR5132182139,Success,CID370002,Prime SUV,Banashankari,Sahakar Nagar,217.0,100.0,Not Applicable,Not Applicable,No,Not Applicable,777,Cash,23,4.5,3.3
2024-07-04 04:19:00,CNR7705628120,Success,CID487265,Auto,Rajajinagar,Frazer Town,203.0,45.0,Not Applicable,Not Applicable,No,Not Applicable,351,UPI,12,3.6,3.7
2024-07-04 05:38:00,CNR9725762341,Success,CID593534,Mini,Hosur Road,Kammanahalli,63.0,125.0,Not Applicable,Not Applicable,No,Not Applicable,247,Cash,16,4.1,4.2
2024-07-03 06:31:00,CNR6369463545,Success,CID390173,Auto,HSR Layout,Langford Town,154.0,80.0,Not Applicable,Not Applicable,No,Not Applicable,421,Cash,10,3.1,4.7
2024-07-04 09:46:00,CNR5466881388,Canceled by Driver,CID280331,Mini,Chickpet,JP Nagar,,,Not Applicable,Customer related issue,Not Applicable,Not Applicable,183,Not Applicable,0,,
2024-07-02 08:50:00,CNR3358889907,Success,CID392694,Auto,Yeshwanthpur,BTM Layout,308.0,85.0,Not Applicable,Not Applicable,No,Not Applicable,337,Cash,2,3.0,4.5
2024-07-25 17:18:00,CNR8314336146,Driver Not Found,CID883551,eBike,Nagarbhavi,Chamarajpet,,,Not Applicable,Not Applicable,Not Applicable,Not Applicable,1876,Not Applicable,0,,
2024-07-02 02:55:00,CNR1623695651,Success,CID449155,Prime Sedan,Bannerghatta Road,HSR Layout,308.0,115.0,Not Applicable,Not Applicable,No,Not Applicable,136,Cash,8,4.4,4.8
2024-07-05 23:34:00,CNR2664218240,Success,CID564866,eBike,Shantinagar,Bellandur,259.0,45.0,Not Applicable,Not Applicable,No,Not Applicable,301,Cash,46,4.5,4.8
2024-07-27 09:24:00,CNR3274020664,Success,CID786346,Prime SUV,Hebbal,Koramangala,203.0,65.0,Not Applicable,Not Applicable,No,Not Applicable,171,Cash,13,4.8,4.4
2024-07-03 12:56:00,CNR4351302797,Success,CID554198,Prime Plus,Ulsoor,Hosur Road,217.0,35.0,Not Applicable,Not Applicable,No,Not Applicable,829,UPI,29,3.3,4.9
2024-07-12 03:59:00,CNR7899465711,Canceled by Customer,CID231564,Bike,Sahakar Nagar,Padmanabhanagar,,,Driver is not moving towards pickup location,Not Applicable,Not Applicable,Not Applicable,636,Not Applicable,0,,
2024-07-11 16:28:00,CNR1073490037,Success,CID454113,Bike,Hosur Road,JP Nagar,77.0,55.0,Not Applicable,Not Applicable,No,Not Applicable,359,UPI,4,4.4,4.2
2024-07-27 13:59:00,CNR5472260555,Success,CID720712,eBike,Varthur,Bannerghatta Road,161.0,25.0,Not Applicable,Not Applicable,No,Not Applicable,327,Cash,12,3.1,3.4
2024-07-02 10:53:00,CNR9500001277,Success,CID616830,Prime Plus,Kadugodi,Sahakar Nagar,301.0,85.0,Not Applicable,Not Applicable,No,Not Applicable,800,UPI,37,4.8,3.6
2024-07-11 05:41:00,CNR2751231696,Success,CID786845,Mini,Hulimavu,Kengeri,42.0,120.0,Not Applicable,Not Applicable,No,Not Applicable,414,UPI,19,4.6,3.6
2024-07-30 20:41:00,CNR8292992787,Success,CID920327,eBike,Yelahanka,Mysore Road,280.0,120.0,Not Applicable,Not Applicable,No,Not Applicable,108,Cash,40,3.4,3.8
2024-07-28 09:35:00,CNR6363637647,Success,CID688939,Prime Sedan,Frazer Town,Yeshwanthpur,308.0,75.0,Not Applicable,Not Applicable,No,Not Applicable,2237,UPI,49,3.5,4.4
2024-07-28 02:04:00,CNR1488644608,Success,CID768850,Mini,Devanahalli,HSR Layout,287.0,30.0,Not Applicable,Not Applicable,No,Not Applicable,162,Cash,10,4.2,3.2
2024-07-10 02:20:00,CNR3136976566,Success,CID416086,Mini,Sahakar Nagar,Whitefield,224.0,30.0,Not Applicable,Not Applicable,No,Not Applicable,1121,UPI,47,4.2,3.8
2024-07-14 00:13:00,CNR1207882208,Success,CID888243,Bike,Mysore Road,HSR Layout,259.0,50.0,Not Applicable,Not Applicable,No,Not Applicable,924,UPI,1,3.5,4.5
2024-07-09 14:25:00,CNR7744745484,Success,CID516751,Bike,Sarjapur Road,HSR Layout,273.0,45.0,Not Applicable,Not Applicable,No,Not Applicable,490,UPI,6,4.8,4.7
2024-07-12 00:20:00,CNR3165843687,Success,CID838125,Prime Plus,Hulimavu,Vijayanagar,294.0,35.0,Not Applicable,Not Applicable,No,Not Applicable,437,UPI,11,3.0,4.0
2024-07-18 05:18:00,CNR1329409502,Success,CID742713,Mini,Kammanahalli,Electronic City,154.0,120.0,Not Applicable,Not Applicable,No,Not Applicable,651,Cash,10,3.1,4.7
2024-07-23 14:26:00,CNR3807567878,Driver Not Found,CID221853,Prime SUV,Chamarajpet,Kengeri,,,Not Applicable,Not Applicable,Not Applicable,Not Applicable,639,Not Applicable,0,,
2024-07-16 19:46:00,CNR6261442677,Canceled by Driver,CID700011,Bike,Bannerghatta Road,Kadugodi,,,Not Applicable,Personal & Car related issue,Not Applicable,Not Applicable,753,Not Applicable,0,,
2024-07-30 16:22:00,CNR4688354232,Driver Not Found,CID425986,eBike,Bellandur,Langford Town,,,Not Applicable,Not Applicable,Not Applicable,Not Applicable,112,Not Applicable,0,,
2024-07-01 21:36:00,CNR5807622717,Canceled by Customer,CID537882,Bike,JP Nagar,BTM Layout,,,Wrong Address,Not Applicable,Not Applicable,Not Applicable,182,Not Applicable,0,,
2024-07-10 08:20:00,CNR6887667187,Canceled by Customer,CID348697,Bike,Devanahalli,Hennur,,,AC is Not working,Not Applicable,Not Applicable,Not Applicable,942,Not Applicable,0,,
2024-07-08 21:59:00,CNR7079265220,Canceled by Driver,CID786842,eBike,Basavanagudi,Basavanagudi,,,Not Applicable,Personal & Car related issue,Not Applicable,Not Applicable,283,Not Applicable,0,,
2024-07-18 13:28:00,CNR1146889786,Success,CID164959,Auto,Koramangala,Majestic,189.0,80.0,Not Applicable,Not Applicable,No,Not Applicable,460,Debit Card,2,4.3,4.0
2024-07-07 07:12:00,CNR3947821808,Success,CID156618,Bike,Marathahalli,BTM Layout,273.0,80.0,Not Applicable,Not Applicable,No,Not Applicable,416,Cash,39,4.6,4.8
2024-07-13 19:57:00,CNR7324560051,Driver Not Found,CID940399,Prime SUV,KR Puram,JP Nagar,,,Not Applicable,Not Applicable,Not Applicable,Not Applicable,460,Not Applicable,0,,
2024-07-09 10:24:00,CNR1425265416,Canceled by Driver,CID948872,Bike,Tumkur Road,Rajarajeshwari Nagar,,,Not Applicable,Customer related issue,Not Applicable,Not Applicable,1201,Not Applicable,0,,
2024-07-05 22:18:00,CNR1492598771,Success,CID105086,Bike,Whitefield,Nagarbhavi,56.0,75.0,Not Applicable,Not Applicable,No,Not Applicable,388,UPI,45,4.3,4.5
2024-07-22 12:26:00,CNR3560175690,Success,CID102175,Prime SUV,Whitefield,Hebbal,301.0,40.0,Not Applicable,Not Applicable,No,Not Applicable,214,UPI,26,4.6,3.3
2024-07-03 07:27:00,CNR8168574050,Success,CID974334,Bike,Frazer Town,Banashankari,147.0,95.0,Not Applicable,Not Applicable,No,Not Applicable,465,Credit Card,1,3.6,4.3
2024-07-11 17:44:00,CNR5876121639,Canceled by Customer,CID793432,Prime SUV,Majestic,Tumkur Road,,,Driver is not moving towards pickup location,Not Applicable,Not Applicable,Not Applicable,486,Not Applicable,0,,
2024-07-28 05:03:00,CNR4169675363,Success,CID265042,Prime Plus,Sahakar Nagar,Rajarajeshwari Nagar,189.0,75.0,Not Applicable,Not Applicable,No,Not Applicable,433,UPI,35,4.2,4.9
2024-07-12 13:06:00,CNR8334342666,Canceled by Driver,CID860035,Bike,Chamarajpet,Malleshwaram,,,Not Applicable,Customer related issue,Not Applicable,Not Applicable,311,Not Applicable,0,,
2024-07-28 03:00:00,CNR9079638305,Driver Not Found,CID228254,Prime SUV,Jayanagar,Vijayanagar,,,Not Applicable,Not Applicable,Not Applicable,Not Applicable,309,Not Applicable,0,,
2024-07-27 05:19:00,CNR1205953562,Success,CID182358,Mini,RT Nagar,Magadi Road,126.0,110.0,Not Applicable,Not Applicable,No,Not Applicable,425,Cash,40,4.8,3.5
2024-07-25 03:48:00,CNR6734974282,Success,CID607052,Prime Plus,Varthur,Tumkur Road,217.0,50.0,Not Applicable,Not Applicable,No,Not Applicable,400,Cash,22,3.6,4.9
2024-07-09 21:37:00,CNR1927508882,Success,CID684335,Prime Plus,Banashankari,Basavanagudi,56.0,60.0,Not Applicable,Not Applicable,No,Not Applicable,992,UPI,39,4.7,3.3
2024-07-22 21:32:00,CNR4790737273,Canceled by Driver,CID547698,Prime Plus,RT Nagar,Shantinagar,,,Not Applicable,Customer was coughing/sick,Not Applicable,Not Applicable,305,Not Applicable,0,,
2024-07-15 13:48:00,CNR4357474922,Success,CID677525,eBike,Varthur,Vijayanagar,42.0,70.0,Not Applicable,Not Applicable,No,Not Applicable,100,UPI,48,4.4,4.4
2024-07-02 21:45:00,CNR7726498647,Canceled by Driver,CID997547,Prime Plus,Shantinagar,Hennur,,,Not Applicable,More than permitted people in there,Not Applicable,Not Applicable,472,Not Applicable,0,,
2024-07-28 17:35:00,CNR9509646789,Success,CID525129,Prime SUV,Langford Town,Hennur,259.0,135.0,Not Applicable,Not Applicable,No,Not Applicable,451,Cash,11,4.8,3.1
2024-07-10 17:31:00,CNR9222935009,Success,CID424565,Mini,Hebbal,Rajarajeshwari Nagar,217.0,45.0,Not Applicable,Not Applicable,No,Not Applicable,464,Cash,20,3.6,4.6
2024-07-26 06:23:00,CNR4969470470,Success,CID723213,Bike,Vijayanagar,Electronic City,140.0,140.0,Not Applicable,Not Applicable,No,Not Applicable,492,Credit Card,13,3.1,4.7
2024-07-29 12:42:00,CNR9829810989,Success,CID706160,Prime Plus,Rajajinagar,Bannerghatta Road,91.0,40.0,Not Applicable,Not Applicable,No,Not Applicable,294,Credit Card,4,4.1,4.9
2024-07-19 04:32:00,CNR1528726169,Canceled by Customer,CID967809,Prime Plus,Kadugodi,Varthur,,,Driver asked to cancel,Not Applicable,Not Applicable,Not Applicable,875,Not Applicable,0,,
2024-07-27 10:20:00,CNR3412240121,Canceled by Driver,CID681191,Auto,Hosur Road,Ramamurthy Nagar,,,Not Applicable,Personal & Car related issue,Not Applicable,Not Applicable,207,Not Applicable,0,,
2024-07-15 01:42:00,CNR3126540463,Success,CID308064,eBike,Richmond Town,Frazer Town,224.0,25.0,Not Applicable,Not Applicable,No,Not Applicable,110,UPI,36,3.5,3.2
2024-07-03 20:46:00,CNR7969987719,Canceled by Driver,CID940376,Prime SUV,Malleshwaram,Hulimavu,,,Not Applicable,More than permitted people in there,Not Applicable,Not Applicable,493,Not Applicable,0,,
2024-07-26 17:55:00,CNR8164434138,Success,CID759364,Bike,Shantinagar,HSR Layout,42.0,35.0,Not Applicable,Not Applicable,No,Not Applicable,117,Cash,2,3.3,4.4
2024-07-17 10:18:00,CNR2100084181,Success,CID328568,eBike,Langford Town,Devanahalli,84.0,25.0,Not Applicable,Not Applicable,No,Not Applicable,420,Cash,21,3.5,3.8
2024-07-23 23:41:00,CNR1149913679,Success,CID463383,Prime SUV,Peenya,HSR Layout,126.0,130.0,Not Applicable,Not Applicable,No,Not Applicable,680,Cash,41,3.8,3.4
2024-07-09 23:19:00,CNR7893938875,Success,CID423666,Prime Plus,Majestic,Devanahalli,280.0,115.0,Not Applicable,Not Applicable,No,Not Applicable,176,Credit Card,24,4.8,4.4
2024-07-30 04:11:00,CNR8686523403,Success,CID545317,Mini,HSR Layout,BTM Layout,119.0,65.0,Not Applicable,Not Applicable,No,Not Applicable,509,Cash,38,3.7,3.5
2024-07-26 10:27:00,CNR9646074695,Success,CID111664,Bike,Mysore Road,Padmanabhanagar,168.0,30.0,Not Applicable,Not Applicable,No,Not Applicable,311,UPI,3,4.1,4.7
2024-07-09 15:21:00,CNR5353389422,Success,CID812461,Prime Sedan,Hulimavu,Sahakar Nagar,140.0,85.0,Not Applicable,Not Applicable,No,Not Applicable,275,Cash,47,3.8,5.0
2024-07-08 06:23:00,CNR7195152429,Driver Not Found,CID742525,Prime SUV,Chickpet,Vijayanagar,,,Not Applicable,Not Applicable,Not Applicable,Not Applicable,187,Not Applicable,0,,
2024-07-05 00:54:00,CNR5826031354,Success,CID644417,Mini,Banashankari,Hennur,189.0,125.0,Not Applicable,Not Applicable,No,Not Applicable,431,Cash,39,3.7,3.5
2024-07-17 12:50:00,CNR7601750779,Canceled by Driver,CID365176,Bike,Hulimavu,Bannerghatta Road,,,Not Applicable,Personal & Car related issue,Not Applicable,Not Applicable,126,Not Applicable,0,,
2024-07-09 02:17:00,CNR5725526452,Success,CID928052,Prime Sedan,Majestic,Bellandur,84.0,35.0,Not Applicable,Not Applicable,No,Not Applicable,267,Cash,3,4.7,3.9
2024-07-02 01:26:00,CNR2649618214,Success,CID472035,Prime Sedan,Marathahalli,Yelahanka,133.0,140.0,Not Applicable,Not Applicable,No,Not Applicable,421,UPI,33,4.7,3.9
2024-07-15 12:27:00,CNR7993852253,Canceled by Driver,CID772522,Mini,Sahakar Nagar,Bannerghatta Road,,,Not Applicable,Personal & Car related issue,Not Applicable,Not Applicable,305,Not Applicable,0,,
2024-07-01 04:16:00,CNR3225489086,Canceled by Driver,CID960689,Prime Plus,Varthur,Cox Town,,,Not Applicable,Personal & Car related issue,Not Applicable,Not Applicable,430,Not Applicable,0,,
2024-07-11 15:34:00,CNR3102684088,Success,CID760838,Bike,Kammanahalli,Chickpet,70.0,60.0,Not Applicable,Not Applicable,No,Not Applicable,313,UPI,29,3.2,3.3
2024-07-11 06:09:00,CNR7906405896,Success,CID716940,Prime Plus,Tumkur Road,Ramamurthy Nagar,119.0,110.0,Not Applicable,Not Applicable,No,Not Applicable,243,UPI,49,4.8,4.4
2024-07-22 07:45:00,CNR6689657813,Success,CID985597,Prime Sedan,Kengeri,Cox Town,49.0,50.0,Not Applicable,Not Applicable,No,Not Applicable,310,UPI,28,4.9,4.2
2024-07-11 06:46:00,CNR7548097231,Success,CID294116,Prime SUV,Rajarajeshwari Nagar,MG Road,119.0,70.0,Not Applicable,Not Applicable,No,Not Applicable,371,UPI,23,3.1,4.7
2024-07-27 20:55:00,CNR4582368489,Success,CID743659,Prime SUV,BTM Layout,Sahakar Nagar,147.0,100.0,Not Applicable,Not Applicable,No,Not Applicable,173,Cash,28,4.1,3.1
2024-07-29 14:19:00,CNR9371383351,Success,CID327795,Mini,Banashankari,Chickpet,189.0,25.0,Not Applicable,Not Applicable,No,Not Applicable,261,UPI,13,3.4,3.8
2024-07-19 19:37:00,CNR4789192749,Success,CID624080,Prime Sedan,Bannerghatta Road,Marathahalli,245.0,100.0,Not Applicable,Not Applicable,No,Not Applicable,517,UPI,24,4.3,3.4
2024-07-29 13:48:00,CNR4349695914,Success,CID304118,eBike,RT Nagar,Majestic,140.0,115.0,Not Applicable,Not Applicable,No,Not Applicable,466,Cash,4,4.6,4.9
2024-07-10 23:38:00,CNR5124353481,Success,CID860151,eBike,Banashankari,Hebbal,147.0,125.0,Not Applicable,Not Applicable,Yes,Customer Demand,433,Cash,5,3.8,4.7
2024-07-12 09:18:00,CNR9945604815,Canceled by Driver,CID943534,Bike,Hulimavu,Varthur,,,Not Applicable,Customer was coughing/sick,Not Applicable,Not Applicable,965,Not Applicable,0,,
2024-07-22 09:44:00,CNR9822450188,Success,CID242233,Prime Plus,HSR Layout,Kammanahalli,189.0,65.0,Not Applicable,Not Applicable,No,Not Applicable,143,UPI,43,4.9,4.0
2024-07-22 10:04:00,CNR7956344947,Success,CID854008,Bike,Chamarajpet,HSR Layout,91.0,120.0,Not Applicable,Not Applicable,Yes,Other Issue,899,Credit Card,22,4.7,4.0
2024-07-22 19:26:00,CNR1219609926,Canceled by Driver,CID600616,Prime Sedan,KR Puram,Rajarajeshwari Nagar,,,Not Applicable,Personal & Car related issue,Not Applicable,Not Applicable,407,Not Applicable,0,,
2024-07-01 18:11:00,CNR5729068253,Canceled by Driver,CID526416,Bike,Hulimavu,Shivajinagar,,,Not Applicable,Customer was coughing/sick,Not Applicable,Not Applicable,282,Not Applicable,0,,
2024-07-28 20:32:00,CNR9319092355,Success,CID803048,Mini,Sahakar Nagar,Sarjapur Road,266.0,70.0,Not Applicable,Not Applicable,No,Not Applicable,797,UPI,3,3.9,3.2
2024-07-29 09:01:00,CNR1438709017,Success,CID421183,Auto,Hebbal,JP Nagar,175.0,120.0,Not Applicable,Not Applicable,Yes,Customer Demand,286,UPI,17,4.1,3.5
2024-07-26 04:57:00,CNR7459477945,Canceled by Customer,CID465617,Bike,Yelahanka,Frazer Town,,,Driver is not moving towards pickup location,Not Applicable,Not Applicable,Not Applicable,664,Not Applicable,0,,
2024-07-11 17:29:00,CNR5409236163,Canceled by Driver,CID870949,Auto,Electronic City,KR Puram,,,Not Applicable,Customer was coughing/sick,Not Applicable,Not Applicable,194,Not Applicable,0,,
2024-07-04 22:56:00,CNR8506641644,Success,CID404638,Bike,Yeshwanthpur,KR Puram,224.0,135.0,Not Applicable,Not Applicable,No,Not Applicable,535,UPI,3,3.6,4.9
2024-07-28 10:59:00,CNR7233629201,Success,CID334175,Auto,Whitefield,Vijayanagar,112.0,135.0,Not Applicable,Not Applicable,No,Not Applicable,139,Credit Card,14,4.0,4.4
2024-07-08 12:53:00,CNR4906065606,Success,CID252495,Prime Plus,Kengeri,Varthur,231.0,40.0,Not Applicable,Not Applicable,Yes,Vehicle Breakdown,151,Cash,9,3.9,3.1
2024-07-16 00:13:00,CNR5943643078,Success,CID439596,Mini,Tumkur Road,Yeshwanthpur,119.0,95.0,Not Applicable,Not Applicable,Yes,Customer Demand,597,Cash,4,3.6,4.7
2024-07-23 10:06:00,CNR4501950363,Success,CID182622,Prime SUV,Peenya,Peenya,210.0,50.0,Not Applicable,Not Applicable,No,Not Applicable,158,Cash,6,3.8,4.9
2024-07-20 12:51:00,CNR2860765874,Success,CID645585,Auto,Hulimavu,Hulimavu,147.0,80.0,Not Applicable,Not Applicable,No,Not Applicable,450,Cash,14,3.3,3.3
2024-07-13 03:08:00,CNR8110814244,Canceled by Driver,CID759496,Bike,Electronic City,Kammanahalli,,,Not Applicable,Personal & Car related issue,Not Applicable,Not Applicable,636,Not Applicable,0,,
2024-07-27 21:42:00,CNR6278748225,Success,CID505402,Mini,Shivajinagar,Indiranagar,112.0,120.0,Not Applicable,Not Applicable,No,Not Applicable,125,Cash,28,3.5,3.0
2024-07-10 00:48:00,CNR1184733484,Success,CID141838,Prime SUV,Shivajinagar,Chickpet,84.0,65.0,Not Applicable,Not Applicable,No,Not Applicable,225,Cash,33,3.1,3.6
2024-07-13 21:54:00,CNR4100011627,Canceled by Driver,CID505630,Prime Plus,Ramamurthy Nagar,Richmond Town,,,Not Applicable,Personal & Car related issue,Not Applicable,Not Applicable,164,Not Applicable,0,,
2024-07-04 08:29:00,CNR7558334990,Driver Not Found,CID699092,Prime Sedan,Basavanagudi,Devanahalli,,,Not Applicable,Not Applicable,Not Applicable,Not Applicable,455,Not Applicable,0,,
2024-07-23 01:30:00,CNR4762353135,Success,CID259761,Auto,Yeshwanthpur,Hosur Road,182.0,55.0,Not Applicable,Not Applicable,No,Not Applicable,138,Cash,7,4.2,4.9
2024-07-10 18:46:00,CNR6984113675,Success,CID752685,Auto,Shivajinagar,Koramangala,245.0,105.0,Not Applicable,Not Applicable,No,Not Applicable,488,Cash,7,3.3,4.3
2024-07-23 18:30:00,CNR6354776301,Driver Not Found,CID175529,Prime SUV,Marathahalli,Kammanahalli,,,Not Applicable,Not Applicable,Not Applicable,Not Applicable,139,Not Applicable,0,,
2024-07-08 23:18:00,CNR6850241189,Driver Not Found,CID921602,Bike,Sahakar Nagar,Marathahalli,,,Not Applicable,Not Applicable,Not Applicable,Not Applicable,956,Not Applicable,0,,
2024-07-22 15:55:00,CNR7409354585,Success,CID610588,Prime SUV,MG Road,Ramamurthy Nagar,189.0,105.0,Not Applicable,Not Applicable,No,Not Applicable,348,UPI,15,3.4,3.5
2024-07-19 11:19:00,CNR8208362486,Success,CID501273,Prime Plus,RT Nagar,MG Road,105.0,145.0,Not Applicable,Not Applicable,No,Not Applicable,805,Cash,39,4.4,3.9
2024-07-11 16:14:00,CNR5939359089,Success,CID217594,Prime Sedan,Kengeri,Shivajinagar,308.0,70.0,Not Applicable,Not Applicable,No,Not Applicable,411,Cash,29,4.1,3.7
2024-07-19 21:22:00,CNR4168052520,Success,CID414012,Bike,Langford Town,Marathahalli,301.0,90.0,Not Applicable,Not Applicable,No,Not Applicable,935,Cash,32,3.4,4.4
2024-07-19 15:41:00,CNR1504621741,Success,CID437438,Prime SUV,Magadi Road,Vijayanagar,84.0,70.0,Not Applicable,Not Applicable,No,Not Applicable,242,UPI,5,3.8,4.9
2024-07-25 10:52:00,CNR9402171709,Success,CID383738,eBike,Nagarbhavi,Vijayanagar,203.0,40.0,Not Applicable,Not Applicable,No,Not Applicable,475,Cash,24,4.4,4.3
2024-07-03 05:48:00,CNR2493886539,Success,CID690811,Prime SUV,Yeshwanthpur,Vijayanagar,210.0,140.0,Not Applicable,Not Applicable,No,Not Applicable,483,UPI,36,3.3,3.6
2024-07-25 16:37:00,CNR4516130040,Driver Not Found,CID816649,eBike,Koramangala,BTM Layout,,,Not Applicable,Not Applicable,Not Applicable,Not Applicable,187,Not Applicable,0,,
2024-07-23 15:15:00,CNR5269321398,Success,CID522689,Prime Plus,Devanahalli,Rajarajeshwari Nagar,259.0,145.0,Not Applicable,Not Applicable,Yes,Vehicle Breakdown,2434,UPI,40,3.8,3.8
2024-07-22 03:14:00,CNR3473848780,Success,CID103391,Prime SUV,Magadi Road,Sahakar Nagar,35.0,95.0,Not Applicable,Not Applicable,Yes,Customer Demand,453,UPI,16,3.7,3.4
2024-07-13 18:25:00,CNR4493428629,Success,CID711095,Prime Plus,Yelahanka,Yeshwanthpur,70.0,120.0,Not Applicable,Not Applicable,Yes,Customer Demand,561,Cash,49,4.2,3.3
2024-07-01 10:33:00,CNR4526258678,Success,CID270832,Prime SUV,Rajarajeshwari Nagar,Varthur,266.0,115.0,Not Applicable,Not Applicable,Yes,Customer Demand,281,Cash,48,3.8,3.3
2024-07-21 02:52:00,CNR9906350791,Success,CID673438,Prime Sedan,Ulsoor,Kengeri,245.0,120.0,Not Applicable,Not Applicable,No,Not Applicable,410,UPI,13,4.3,3.1
2024-07-14 09:51:00,CNR1384824500,Success,CID704098,Mini,Hennur,Kengeri,161.0,40.0,Not Applicable,Not Applicable,No,Not Applicable,178,Credit Card,32,3.8,4.6
2024-07-19 01:51:00,CNR6131988946,Canceled by Driver,CID658705,Prime Sedan,Whitefield,Ramamurthy Nagar,,,Not Applicable,Personal & Car related issue,Not Applicable,Not Applicable,359,Not Applicable,0,,
2024-07-15 15:07:00,CNR8309621128,Success,CID407945,eBike,Mysore Road,Malleshwaram,273.0,130.0,Not Applicable,Not Applicable,No,Not Applicable,971,Cash,49,4.1,4.7
2024-07-28 20:44:00,CNR9411216420,Canceled by Driver,CID531326,Mini,Jayanagar,Electronic City,,,Not Applicable,Customer was coughing/sick,Not Applicable,Not Applicable,429,Not Applicable,0,,
2024-07-10 10:31:00,CNR6965112294,Success,CID547073,Auto,HSR Layout,Cox Town,259.0,125.0,Not Applicable,Not Applicable,No,Not Applicable,553,Cash,19,4.2,4.3
2024-07-19 06:44:00,CNR2505518509,Success,CID523553,Prime Plus,Kengeri,Yeshwanthpur,112.0,135.0,Not Applicable,Not Applicable,Yes,Vehicle Breakdown,1581,Cash,12,3.9,3.6
2024-07-13 19:33:00,CNR9832994860,Success,CID801679,Bike,Cox Town,Rajarajeshwari Nagar,161.0,130.0,Not Applicable,Not Applicable,No,Not Applicable,260,UPI,12,3.4,3.4
2024-07-04 23:59:00,CNR1129352616,Success,CID750436,Mini,Vijayanagar,Basavanagudi,273.0,45.0,Not Applicable,Not Applicable,No,Not Applicable,456,Credit Card,44,3.5,3.1
2024-07-03 17:29:00,CNR6306465394,Success,CID864293,Prime Plus,Cox Town,Rajarajeshwari Nagar,91.0,110.0,Not Applicable,Not Applicable,No,Not Applicable,324,UPI,49,3.8,3.3
2024-07-12 15:10:00,CNR2572263815,Success,CID838241,Auto,Kammanahalli,Bannerghatta Road,308.0,135.0,Not Applicable,Not Applicable,No,Not Applicable,189,Cash,4,3.1,3.8
2024-07-16 12:04:00,CNR9282083898,Canceled by Customer,CID212325,Prime Plus,Bannerghatta Road,Bannerghatta Road,,,Driver is not moving towards pickup location,Not Applicable,Not Applicable,Not Applicable,111,Not Applicable,0,,
2024-07-04 03:59:00,CNR3753181167,Success,CID891059,Auto,Hennur,Bannerghatta Road,252.0,80.0,Not Applicable,Not Applicable,No,Not Applicable,275,UPI,15,4.4,5.0
2024-07-27 04:57:00,CNR2030086398,Success,CID738004,Prime Plus,Nagarbhavi,Tumkur Road,161.0,120.0,Not Applicable,Not Applicable,Yes,Customer Demand,245,Cash,46,3.5,4.1
2024-07-11 09:39:00,CNR5969173973,Success,CID795093,Bike,Yeshwanthpur,Kengeri,203.0,50.0,Not Applicable,Not Applicable,No,Not Applicable,468,Cash,22,4.8,4.0
2024-07-14 00:16:00,CNR1028894323,Driver Not Found,CID140387,Prime SUV,Shantinagar,Richmond Town,,,Not Applicable,Not Applicable,Not Applicable,Not Applicable,465,Not Applicable,0,,
2024-07-28 02:06:00,CNR8920011515,Canceled by Driver,CID944982,Prime Sedan,MG Road,Chickpet,,,Not Applicable,Customer was coughing/sick,Not Applicable,Not Applicable,716,Not Applicable,0,,
2024-07-23 01:14:00,CNR9620987970,Success,CID823070,Auto,Yeshwanthpur,Koramangala,91.0,80.0,Not Applicable,Not Applicable,No,Not Applicable,203,Debit Card,1,4.1,3.3
2024-07-02 06:03:00,CNR6682418427,Success,CID321691,Prime SUV,Whitefield,Frazer Town,175.0,115.0,Not Applicable,Not Applicable,No,Not Applicable,218,Cash,35,4.1,4.8
2024-07-29 19:24:00,CNR1270462608,Success,CID684686,eBike,HSR Layout,Indiranagar,210.0,120.0,Not Applicable,Not Applicable,No,Not Applicable,458,UPI,39,4.4,3.4
2024-07-30 03:31:00,CNR1538571935,Success,CID577006,eBike,Jayanagar,Koramangala,196.0,105.0,Not Applicable,Not Applicable,No,Not Applicable,414,Cash,34,3.0,3.9
2024-07-15 13:43:00,CNR8030165385,Canceled by Driver,CID367931,eBike,Magadi Road,Mysore Road,,,Not Applicable,Customer related issue,Not Applicable,Not Applicable,1158,Not Applicable,0,,
2024-07-21 15:36:00,CNR3590749105,Success,CID721681,Prime SUV,Hebbal,Yeshwanthpur,224.0,95.0,Not Applicable,Not Applicable,No,Not Applicable,822,Cash,49,4.1,4.8
2024-07-06 07:32:00,CNR4881534847,Success,CID951098,Auto,Vijayanagar,Rajarajeshwari Nagar,175.0,50.0,Not Applicable,Not Applicable,No,Not Applicable,342,Cash,3,3.5,3.6
2024-07-08 08:22:00,CNR9713493754,Success,CID218885,Bike,Kammanahalli,Yelahanka,259.0,100.0,Not Applicable,Not Applicable,No,Not Applicable,2618,UPI,14,4.6,4.3
2024-07-16 08:42:00,CNR1463599676,Success,CID784530,Prime SUV,Kammanahalli,Shantinagar,210.0,25.0,Not Applicable,Not Applicable,No,Not Applicable,434,UPI,2,3.6,3.8
2024-07-06 10:48:00,CNR8639225912,Success,CID199197,Prime Sedan,Chickpet,Rajarajeshwari Nagar,217.0,25.0,Not Applicable,Not Applicable,No,Not Applicable,302,UPI,37,3.6,3.6
2024-07-14 12:54:00,CNR6397235455,Success,CID402358,Bike,Devanahalli,Peenya,126.0,35.0,Not Applicable,Not Applicable,No,Not Applicable,112,Debit Card,1,3.4,4.0
2024-07-23 20:56:00,CNR7953241178,Driver Not Found,CID465192,eBike,Bellandur,Mysore Road,,,Not Applicable,Not Applicable,Not Applicable,Not Applicable,154,Not Applicable,0,,
2024-07-19 22:42:00,CNR1940426499,Success,CID151720,Prime Sedan,Kengeri,Banashankari,147.0,145.0,Not Applicable,Not Applicable,No,Not Applicable,423,UPI,1,5.0,5.0
2024-07-21 13:37:00,CNR9524891447,Success,CID635892,Auto,Nagarbhavi,Chickpet,301.0,50.0,Not Applicable,Not Applicable,No,Not Applicable,435,Cash,11,4.0,4.0
2024-07-13 02:31:00,CNR1884648201,Success,CID735131,Bike,Mysore Road,Banashankari,217.0,75.0,Not Applicable,Not Applicable,No,Not Applicable,271,Cash,7,4.5,4.9
2024-07-30 14:57:00,CNR5046490866,Success,CID503140,Mini,Jayanagar,Ramamurthy Nagar,245.0,130.0,Not Applicable,Not Applicable,No,Not Applicable,255,Cash,22,3.2,4.2
2024-07-23 20:20:00,CNR9291772359,Driver Not Found,CID417543,Prime SUV,Rajarajeshwari Nagar,Sahakar Nagar,,,Not Applicable,Not Applicable,Not Applicable,Not Applicable,731,Not Applicable,0,,
2024-07-18 01:43:00,CNR3014847701,Success,CID958104,Bike,Bellandur,Kengeri,84.0,30.0,Not Applicable,Not Applicable,No,Not Applicable,279,UPI,24,4.5,3.5
2024-07-25 15:21:00,CNR6231109125,Success,CID691630,eBike,Rajarajeshwari Nagar,Kadugodi,217.0,25.0,Not Applicable,Not Applicable,No,Not Applicable,242,Cash,1,3.7,4.9
2024-07-14 12:18:00,CNR7506873340,Canceled by Driver,CID850733,Prime SUV,Rajajinagar,Devanahalli,,,Not Applicable,Personal & Car related issue,Not Applicable,Not Applicable,115,Not Applicable,0,,
2024-07-18 03:02:00,CNR6103807967,Success,CID256091,Prime Plus,Hennur,Ramamurthy Nagar,287.0,75.0,Not Applicable,Not Applicable,No,Not Applicable,981,UPI,19,3.8,4.1
2024-07-23 16:07:00,CNR9426500697,Success,CID769511,Prime Plus,Rajajinagar,Yelahanka,196.0,95.0,Not Applicable,Not Applicable,No,Not Applicable,418,Cash,32,3.2,3.1
2024-07-01 13:43:00,CNR5141316790,Success,CID403270,Prime SUV,Yelahanka,Indiranagar,56.0,75.0,Not Applicable,Not Applicable,No,Not Applicable,201,Cash,22,5.0,4.2
2024-07-08 14:30:00,CNR9311214438,Canceled by Customer,CID930258,Mini,Hebbal,Sarjapur Road,,,Driver is not moving towards pickup location,Not Applicable,Not Applicable,Not Applicable,162,Not Applicable,0,,
2024-07-30 01:12:00,CNR5430917344,Success,CID272304,Auto,Bannerghatta Road,Rajarajeshwari Nagar,84.0,125.0,Not Applicable,Not Applicable,No,Not Applicable,167,UPI,17,3.6,4.0
2024-07-20 06:54:00,CNR4906313447,Success,CID516085,Prime SUV,Shivajinagar,Bannerghatta Road,175.0,70.0,Not Applicable,Not Applicable,No,Not Applicable,126,Cash,15,3.0,4.8
2024-07-28 19:47:00,CNR6592966248,Canceled by Driver,CID253846,Bike,Bannerghatta Road,Vijayanagar,,,Not Applicable,Personal & Car related issue,Not Applicable,Not Applicable,210,Not Applicable,0,,
2024-07-02 05:18:00,CNR4921346301,Success,CID778476,Prime SUV,Jayanagar,Vijayanagar,175.0,80.0,Not Applicable,Not Applicable,No,Not Applicable,358,UPI,20,3.1,4.1
2024-07-27 21:00:00,CNR5775423499,Canceled by Customer,CID620282,Prime Sedan,Cox Town,Kengeri,,,Driver is not moving towards pickup location,Not Applicable,Not Applicable,Not Applicable,468,Not Applicable,0,,
2024-07-12 07:11:00,CNR1001644898,Canceled by Driver,CID833571,Prime Plus,Sarjapur Road,Richmond Town,,,Not Applicable,More than permitted people in there,Not Applicable,Not Applicable,138,Not Applicable,0,,
2024-07-27 13:33:00,CNR9788612243,Canceled by Customer,CID322829,Prime Plus,Marathahalli,BTM Layout,,,Driver is not moving towards pickup location,Not Applicable,Not Applicable,Not Applicable,368,Not Applicable,0,,
2024-07-12 01:28:00,CNR2848015570,Success,CID632699,Mini,Shivajinagar,Shantinagar,84.0,90.0,Not Applicable,Not Applicable,No,Not Applicable,655,UPI,11,4.3,3.1
2024-07-30 18:28:00,CNR9210188191,Success,CID402040,Auto,Kammanahalli,Basavanagudi,280.0,90.0,Not Applicable,Not Applicable,No,Not Applicable,109,Cash,10,4.7,4.6
2024-07-10 01:38:00,CNR7921853966,Driver Not Found,CID788071,Mini,Ramamurthy Nagar,Rajajinagar,,,Not Applicable,Not Applicable,Not Applicable,Not Applicable,229,Not Applicable,0,,
2024-07-29 22:25:00,CNR6789337535,Success,CID215635,Bike,Vijayanagar,Frazer Town,266.0,60.0,Not Applicable,Not Applicable,No,Not Applicable,679,Cash,17,4.9,4.6
2024-07-06 11:26:00,CNR7642637899,Driver Not Found,CID138006,Prime SUV,Magadi Road,KR Puram,,,Not Applicable,Not Applicable,Not Applicable,Not Applicable,376,Not Applicable,0,,
2024-07-06 02:41:00,CNR1596193034,Canceled by Customer,CID347889,eBike,Koramangala,HSR Layout,,,Wrong Address,Not Applicable,Not Applicable,Not Applicable,885,Not Applicable,0,,
2024-07-25 10:54:00,CNR8873074080,Canceled by Customer,CID764905,eBike,Kammanahalli,Jayanagar,,,Driver is not moving towards pickup location,Not Applicable,Not Applicable,Not Applicable,376,Not Applicable,0,,
2024-07-30 12:03:00,CNR5724758692,Success,CID771058,Prime Sedan,Langford Town,Ulsoor,77.0,60.0,Not Applicable,Not Applicable,No,Not Applicable,469,Cash,16,3.9,3.9
2024-07-03 18:21:00,CNR9012226304,Success,CID201881,Prime Sedan,Koramangala,Electronic City,147.0,130.0,Not Applicable,Not Applicable,No,Not Applicable,278,UPI,3,4.2,4.7
2024-07-23 05:46:00,CNR8812518790,Success,CID406120,Mini,Koramangala,Jayanagar,210.0,95.0,Not Applicable,Not Applicable,No,Not Applicable,898,UPI,46,3.7,4.7
2024-07-30 14:20:00,CNR5985826545,Success,CID974351,Prime Sedan,Cox Town,KR Puram,84.0,70.0,Not Applicable,Not Applicable,No,Not Applicable,257,Cash,40,4.1,4.6
2024-07-17 19:10:00,CNR6367213545,Success,CID809898,Prime SUV,Yelahanka,Kadugodi,42.0,110.0,Not Applicable,Not Applicable,No,Not Applicable,898,Cash,45,4.1,3.1
2024-07-17 18:45:00,CNR5172233844,Success,CID401776,Prime SUV,Padmanabhanagar,Koramangala,308.0,45.0,Not Applicable,Not Applicable,No,Not Applicable,494,UPI,40,4.7,3.7
2024-07-22 18:20:00,CNR5608214983,Canceled by Driver,CID522075,Prime Plus,Shantinagar,Banashankari,,,Not Applicable,More than permitted people in there,Not Applicable,Not Applicable,360,Not Applicable,0,,
2024-07-12 01:58:00,CNR9973558727,Success,CID399971,Prime Plus,Sarjapur Road,Hosur Road,105.0,140.0,Not Applicable,Not Applicable,No,Not Applicable,265,UPI,14,3.9,4.7
2024-07-12 13:32:00,CNR4842384676,Success,CID612761,Bike,KR Puram,HSR Layout,161.0,115.0,Not Applicable,Not Applicable,No,Not Applicable,264,UPI,8,4.9,3.5
2024-07-21 14:07:00,CNR8796510598,Success,CID270637,eBike,Jayanagar,Frazer Town,133.0,125.0,Not Applicable,Not Applicable,No,Not Applicable,485,UPI,20,4.6,3.9
2024-07-09 11:43:00,CNR8080878282,Success,CID535261,Prime Sedan,Jayanagar,Electronic City,126.0,80.0,Not Applicable,Not Applicable,No,Not Applicable,239,UPI,26,4.1,3.6
2024-07-06 18:31:00,CNR7804993079,Success,CID759654,Bike,Peenya,Bannerghatta Road,231.0,30.0,Not Applicable,Not Applicable,No,Not Applicable,389,Cash,44,3.6,4.6
2024-07-06 05:05:00,CNR8612063416,Success,CID526519,eBike,Ramamurthy Nagar,Koramangala,49.0,55.0,Not Applicable,Not Applicable,No,Not Applicable,581,UPI,15,4.6,4.8
2024-07-01 19:53:00,CNR4291097549,Canceled by Customer,CID522981,Prime Plus,Banashankari,MG Road,,,AC is Not working,Not Applicable,Not Applicable,Not Applicable,120,Not Applicable,0,,
2024-07-02 17:30:00,CNR8446568170,Success,CID796716,Mini,Rajarajeshwari Nagar,Shantinagar,245.0,125.0,Not Applicable,Not Applicable,No,Not Applicable,384,UPI,2,4.4,4.6
2024-07-30 23:04:00,CNR8407476143,Success,CID850792,Bike,Vijayanagar,Chickpet,280.0,35.0,Not Applicable,Not Applicable,No,Not Applicable,130,Cash,24,3.9,4.1
2024-07-02 05:04:00,CNR8034095684,Success,CID259493,Bike,Ramamurthy Nagar,Electronic City,77.0,45.0,Not Applicable,Not Applicable,No,Not Applicable,358,Cash,29,3.6,4.0
2024-07-23 17:51:00,CNR9102540279,Canceled by Customer,CID104616,Prime SUV,Hulimavu,Tumkur Road,,,Change of plans,Not Applicable,Not Applicable,Not Applicable,344,Not Applicable,0,,
2024-07-26 18:16:00,CNR7780942204,Success,CID674688,Bike,Devanahalli,MG Road,231.0,145.0,Not Applicable,Not Applicable,No,Not Applicable,136,UPI,30,3.0,4.8
2024-07-25 14:11:00,CNR8928474643,Driver Not Found,CID108835,eBike,Electronic City,Whitefield,,,Not Applicable,Not Applicable,Not Applicable,Not Applicable,700,Not Applicable,0,,
2024-07-17 18:49:00,CNR8603438415,Canceled by Driver,CID422187,Auto,Rajajinagar,Mysore Road,,,Not Applicable,Personal & Car related issue,Not Applicable,Not Applicable,491,Not Applicable,0,,
2024-07-07 05:40:00,CNR1899526106,Success,CID446511,Prime Plus,Indiranagar,Shivajinagar,161.0,75.0,Not Applicable,Not Applicable,No,Not Applicable,126,Cash,9,4.1,4.2
2024-07-22 01:36:00,CNR5573835320,Success,CID385261,Auto,Chamarajpet,Langford Town,280.0,65.0,Not Applicable,Not Applicable,No,Not Applicable,335,Cash,6,3.0,3.6
2024-07-24 23:19:00,CNR1523896584,Success,CID206158,Prime Plus,RT Nagar,KR Puram,112.0,110.0,Not Applicable,Not Applicable,No,Not Applicable,932,Cash,33,4.8,4.0
2024-07-12 04:09:00,CNR9862539127,Success,CID863507,Prime SUV,Langford Town,Kadugodi,294.0,115.0,Not Applicable,Not Applicable,No,Not Applicable,979,UPI,28,3.2,4.0
2024-07-29 01:51:00,CNR2647004774,Success,CID338103,Mini,Hulimavu,Devanahalli,119.0,100.0,Not Applicable,Not Applicable,No,Not Applicable,2683,Cash,21,3.0,3.3
2024-07-17 05:06:00,CNR5769743623,Success,CID197397,Auto,Hosur Road,Kadugodi,203.0,125.0,Not Applicable,Not Applicable,No,Not Applicable,118,Credit Card,7,4.2,3.4
2024-07-26 18:56:00,CNR5458821460,Canceled by Driver,CID246422,Mini,Indiranagar,Mysore Road,,,Not Applicable,Customer related issue,Not Applicable,Not Applicable,388,Not Applicable,0,,
2024-07-08 00:37:00,CNR5844983644,Canceled by Driver,CID137536,Mini,Tumkur Road,Peenya,,,Not Applicable,Customer related issue,Not Applicable,Not Applicable,893,Not Applicable,0,,
2024-07-06 16:59:00,CNR7116205957,Success,CID485229,Prime SUV,Rajarajeshwari Nagar,Koramangala,98.0,70.0,Not Applicable,Not Applicable,No,Not Applicable,1557,UPI,20,4.3,3.5
2024-07-25 10:16:00,CNR4805218101,Driver Not Found,CID713744,Prime Plus,Chamarajpet,Rajajinagar,,,Not Applicable,Not Applicable,Not Applicable,Not Applicable,478,Not Applicable,0,,
2024-07-10 20:40:00,CNR7859543876,Success,CID773539,eBike,Yelahanka,Electronic City,84.0,135.0,Not Applicable,Not Applicable,No,Not Applicable,740,Cash,3,4.7,4.4
2024-07-06 17:51:00,CNR9544637905,Success,CID539571,Prime Sedan,Kengeri,Whitefield,161.0,110.0,Not Applicable,Not Applicable,No,Not Applicable,437,UPI,47,3.6,4.3
2024-07-12 23:47:00,CNR2469645323,Success,CID500536,Prime Plus,Chickpet,Malleshwaram,259.0,135.0,Not Applicable,Not Applicable,No,Not Applicable,2115,UPI,46,4.1,4.3
2024-07-11 15:17:00,CNR3480916423,Success,CID419095,Mini,Frazer Town,Richmond Town,224.0,50.0,Not Applicable,Not Applicable,No,Not Applicable,312,Cash,45,4.4,3.2
2024-07-21 16:15:00,CNR2220022352,Canceled by Driver,CID510666,Auto,Nagarbhavi,Magadi Road,,,Not Applicable,Customer related issue,Not Applicable,Not Applicable,274,Not Applicable,0,,
2024-07-26 19:35:00,CNR2073424156,Canceled by Driver,CID627871,Prime Plus,Malleshwaram,Mysore Road,,,Not Applicable,Customer was coughing/sick,Not Applicable,Not Applicable,2661,Not Applicable,0,,
2024-07-28 15:21:00,CNR5496597976,Success,CID272736,Auto,Sarjapur Road,BTM Layout,91.0,50.0,Not Applicable,Not Applicable,No,Not Applicable,104,Credit Card,3,3.6,4.9
2024-07-21 01:32:00,CNR3646620463,Success,CID776587,Mini,Shantinagar,Bellandur,259.0,125.0,Not Applicable,Not Applicable,No,Not Applicable,813,UPI,20,4.5,4.2
2024-07-23 07:17:00,CNR1402864616,Canceled by Driver,CID135229,Prime Plus,Majestic,Yeshwanthpur,,,Not Applicable,Customer was coughing/sick,Not Applicable,Not Applicable,594,Not Applicable,0,,
2024-07-05 01:29:00,CNR7391805455,Canceled by Customer,CID180107,Prime SUV,Vijayanagar,MG Road,,,Driver is not moving towards pickup location,Not Applicable,Not Applicable,Not Applicable,128,Not Applicable,0,,
2024-07-23 09:29:00,CNR3230230055,Success,CID607552,Prime SUV,Koramangala,Marathahalli,140.0,25.0,Not Applicable,Not Applicable,No,Not Applicable,768,Cash,26,3.4,3.2
2024-07-11 08:42:00,CNR2974801844,Success,CID943959,Bike,Nagarbhavi,Chamarajpet,217.0,75.0,Not Applicable,Not Applicable,No,Not Applicable,391,Cash,36,4.0,5.0
2024-07-19 21:30:00,CNR2394373638,Driver Not Found,CID689436,Prime Plus,Marathahalli,Langford Town,,,Not Applicable,Not Applicable,Not Applicable,Not Applicable,936,Not Applicable,0,,
2024-07-19 18:57:00,CNR9441706344,Canceled by Driver,CID681309,Auto,Yelahanka,Shantinagar,,,Not Applicable,Personal & Car related issue,Not Applicable,Not Applicable,241,Not Applicable,0,,
2024-07-14 22:16:00,CNR7743443628,Canceled by Customer,CID403266,Auto,Shivajinagar,Basavanagudi,,,Change of plans,Not Applicable,Not Applicable,Not Applicable,461,Not Applicable,0,,
2024-07-25 02:54:00,CNR8093081857,Success,CID712680,Bike,Malleshwaram,Cox Town,91.0,55.0,Not Applicable,Not Applicable,No,Not Applicable,160,UPI,21,3.0,3.7
2024-07-19 16:08:00,CNR5923651495,Success,CID791770,Mini,Rajarajeshwari Nagar,Shantinagar,287.0,30.0,Not Applicable,Not Applicable,No,Not Applicable,332,UPI,44,4.0,4.9
2024-07-22 17:47:00,CNR1918617862,Success,CID477820,Auto,Cox Town,Basavanagudi,189.0,85.0,Not Applicable,Not Applicable,No,Not Applicable,133,Cash,4,4.3,4.5
2024-07-10 00:32:00,CNR7281012542,Canceled by Customer,CID523876,Auto,Devanahalli,Hebbal,,,Driver asked to cancel,Not Applicable,Not Applicable,Not Applicable,290,Not Applicable,0,,
2024-07-09 23:02:00,CNR1642140608,Success,CID397797,Mini,Indiranagar,Nagarbhavi,84.0,45.0,Not Applicable,Not Applicable,No,Not Applicable,276,Debit Card,32,4.6,4.0
2024-07-14 14:42:00,CNR2053909732,Success,CID819601,Prime SUV,Padmanabhanagar,Devanahalli,42.0,70.0,Not Applicable,Not Applicable,Yes,Customer Demand,275,Cash,36,4.2,3.5
2024-07-14 06:14:00,CNR9512119120,Canceled by Customer,CID413525,Auto,Ramamurthy Nagar,MG Road,,,Driver asked to cancel,Not Applicable,Not Applicable,Not Applicable,160,Not Applicable,0,,
2024-07-30 07:04:00,CNR3485248310,Success,CID506383,Bike,Hulimavu,Chamarajpet,133.0,120.0,Not Applicable,Not Applicable,No,Not Applicable,369,Cash,34,4.6,3.2
2024-07-16 22:28:00,CNR1022790978,Canceled by Driver,CID704994,Bike,Langford Town,Banashankari,,,Not Applicable,Personal & Car related issue,Not Applicable,Not Applicable,344,Not Applicable,0,,
2024-07-03 07:57:00,CNR4571983148,Canceled by Driver,CID564618,Prime Plus,Chickpet,Chickpet,,,Not Applicable,Personal & Car related issue,Not Applicable,Not Applicable,780,Not Applicable,0,,
2024-07-12 05:09:00,CNR6137511235,Canceled by Driver,CID133157,Prime Plus,Nagarbhavi,HSR Layout,,,Not Applicable,More than permitted people in there,Not Applicable,Not Applicable,158,Not Applicable,0,,
2024-07-05 03:32:00,CNR7141441041,Success,CID290394,Mini,Whitefield,Hosur Road,161.0,110.0,Not Applicable,Not Applicable,No,Not Applicable,646,UPI,35,3.3,4.9
2024-07-24 19:39:00,CNR8803014100,Success,CID326654,Auto,Vijayanagar,Yelahanka,105.0,45.0,Not Applicable,Not Applicable,No,Not Applicable,1861,UPI,7,3.0,3.5
2024-07-30 17:38:00,CNR8021120924,Driver Not Found,CID402230,Mini,Electronic City,Majestic,,,Not Applicable,Not Applicable,Not Applicable,Not Applicable,423,Not Applicable,0,,
2024-07-25 19:27:00,CNR7370367644,Success,CID532764,Prime Sedan,Bellandur,Cox Town,252.0,125.0,Not Applicable,Not Applicable,No,Not Applicable,557,UPI,25,4.0,3.9
2024-07-05 16:59:00,CNR5445943487,Driver Not Found,CID877534,Prime Sedan,Electronic City,Malleshwaram,,,Not Applicable,Not Applicable,Not Applicable,Not Applicable,765,Not Applicable,0,,
2024-07-29 01:11:00,CNR1933157088,Canceled by Driver,CID693622,Auto,Yelahanka,Cox Town,,,Not Applicable,Customer was coughing/sick,Not Applicable,Not Applicable,408,Not Applicable,0,,
2024-07-24 18:56:00,CNR6248362341,Success,CID341982,Prime Sedan,Majestic,Rajarajeshwari Nagar,112.0,140.0,Not Applicable,Not Applicable,No,Not Applicable,923,UPI,33,4.4,4.0
2024-07-23 09:25:00,CNR5062019427,Canceled by Driver,CID328419,Prime SUV,Indiranagar,Yelahanka,,,Not Applicable,More than permitted people in there,Not Applicable,Not Applicable,404,Not Applicable,0,,
2024-07-27 22:38:00,CNR5678187745,Driver Not Found,CID680188,Mini,Tumkur Road,Nagarbhavi,,,Not Applicable,Not Applicable,Not Applicable,Not Applicable,874,Not Applicable,0,,
2024-07-10 04:06:00,CNR3435348171,Canceled by Driver,CID621353,Prime Plus,Whitefield,Hosur Road,,,Not Applicable,Personal & Car related issue,Not Applicable,Not Applicable,270,Not Applicable,0,,
2024-07-13 21:15:00,CNR3138043621,Canceled by Customer,CID363153,Mini,Jayanagar,Kadugodi,,,Change of plans,Not Applicable,Not Applicable,Not Applicable,379,Not Applicable,0,,
2024-07-02 00:57:00,CNR2055591495,Success,CID731572,Prime Sedan,Shivajinagar,Kammanahalli,35.0,105.0,Not Applicable,Not Applicable,No,Not Applicable,990,Cash,43,4.9,3.9
2024-07-19 02:17:00,CNR8921130021,Success,CID396270,Prime Plus,Padmanabhanagar,Majestic,210.0,25.0,Not Applicable,Not Applicable,No,Not Applicable,231,Cash,14,4.3,3.5
2024-07-10 01:12:00,CNR3617847282,Driver Not Found,CID352969,Prime Sedan,Kammanahalli,Shantinagar,,,Not Applicable,Not Applicable,Not Applicable,Not Applicable,460,Not Applicable,0,,
2024-07-19 01:20:00,CNR3440919519,Success,CID868226,Bike,Hulimavu,Shivajinagar,126.0,85.0,Not Applicable,Not Applicable,No,Not Applicable,370,Cash,6,4.7,4.9
2024-07-15 20:04:00,CNR1775611539,Success,CID508033,Prime Plus,MG Road,Indiranagar,175.0,65.0,Not Applicable,Not Applicable,No,Not Applicable,294,UPI,17,5.0,4.3
2024-07-09 14:38:00,CNR7227333708,Success,CID205840,Prime Plus,BTM Layout,Ramamurthy Nagar,259.0,125.0,Not Applicable,Not Applicable,No,Not Applicable,271,UPI,13,4.9,4.3
2024-07-15 20:27:00,CNR6207711131,Canceled by Driver,CID932172,Bike,Indiranagar,Magadi Road,,,Not Applicable,More than permitted people in there,Not Applicable,Not Applicable,182,Not Applicable,0,,
2024-07-03 22:06:00,CNR6448365133,Canceled by Driver,CID367129,Prime Sedan,Devanahalli,Majestic,,,Not Applicable,More than permitted people in there,Not Applicable,Not Applicable,123,Not Applicable,0,,
2024-07-02 19:48:00,CNR4007021417,Success,CID180517,Bike,JP Nagar,Hosur Road,203.0,100.0,Not Applicable,Not Applicable,No,Not Applicable,525,UPI,42,4.2,5.0
2024-07-18 11:32:00,CNR3400067719,Success,CID927372,Prime Plus,Vijayanagar,Chamarajpet,287.0,95.0,Not Applicable,Not Applicable,Yes,Customer Demand,128,UPI,16,4.4,4.1
2024-07-09 17:41:00,CNR2081485104,Success,CID259540,Bike,Nagarbhavi,Chamarajpet,294.0,115.0,Not Applicable,Not Applicable,No,Not Applicable,465,Cash,25,3.1,4.3
2024-07-23 18:30:00,CNR8979707424,Canceled by Customer,CID187491,Bike,Bellandur,Hennur,,,Driver is not moving towards pickup location,Not Applicable,Not Applicable,Not Applicable,164,Not Applicable,0,,
2024-07-07 22:39:00,CNR6069049886,Success,CID998703,Prime SUV,Shantinagar,Marathahalli,133.0,110.0,Not Applicable,Not Applicable,No,Not Applicable,188,UPI,33,4.4,3.9
2024-07-07 21:28:00,CNR5033816696,Success,CID202400,Bike,Frazer Town,BTM Layout,105.0,115.0,Not Applicable,Not Applicable,No,Not Applicable,2729,Cash,28,3.2,3.8
2024-07-02 00:04:00,CNR5307039059,Success,CID798305,Prime Plus,Padmanabhanagar,Cox Town,210.0,30.0,Not Applicable,Not Applicable,No,Not Applicable,104,Cash,10,3.5,4.6
2024-07-01 11:36:00,CNR7239350782,Success,CID640606,eBike,Koramangala,Basavanagudi,112.0,135.0,Not Applicable,Not Applicable,Yes,Customer Demand,290,Cash,26,3.7,4.3
2024-07-16 11:28:00,CNR1435586326,Success,CID400143,Bike,Kengeri,Kengeri,224.0,100.0,Not Applicable,Not Applicable,No,Not Applicable,269,Cash,16,3.3,4.2
2024-07-02 06:14:00,CNR8909656281,Canceled by Driver,CID456352,Prime Sedan,Bellandur,Majestic,,,Not Applicable,Personal & Car related issue,Not Applicable,Not Applicable,408,Not Applicable,0,,
2024-07-11 08:05:00,CNR6947401765,Success,CID261227,Mini,Kammanahalli,RT Nagar,217.0,35.0,Not Applicable,Not Applicable,No,Not Applicable,308,Cash,16,4.0,3.6
2024-07-08 10:04:00,CNR7340688509,Success,CID427745,Mini,Frazer Town,Whitefield,77.0,55.0,Not Applicable,Not Applicable,No,Not Applicable,2643,Cash,27,4.7,4.2
2024-07-19 04:07:00,CNR6961624878,Success,CID203317,Mini,Majestic,Basavanagudi,77.0,140.0,Not Applicable,Not Applicable,No,Not Applicable,413,UPI,4,3.9,4.0
2024-07-09 05:52:00,CNR7764323477,Success,CID869798,Mini,Tumkur Road,Bellandur,35.0,30.0,Not Applicable,Not Applicable,No,Not Applicable,491,Cash,37,5.0,3.3
2024-07-07 20:21:00,CNR4205060590,Success,CID144952,Prime Plus,JP Nagar,Bellandur,308.0,105.0,Not Applicable,Not Applicable,No,Not Applicable,489,UPI,40,3.2,4.9
2024-07-11 11:43:00,CNR8571550925,Success,CID205598,eBike,Kengeri,Ramamurthy Nagar,238.0,50.0,Not Applicable,Not Applicable,No,Not Applicable,2905,UPI,14,4.6,4.0
2024-07-27 23:05:00,CNR5992036002,Success,CID997190,Auto,BTM Layout,Hennur,105.0,60.0,Not Applicable,Not Applicable,No,Not Applicable,324,UPI,4,3.3,3.0
2024-07-28 12:36:00,CNR8359225007,Success,CID927576,Prime Plus,BTM Layout,Devanahalli,245.0,140.0,Not Applicable,Not Applicable,No,Not Applicable,302,Cash,19,5.0,3.1
2024-07-25 18:56:00,CNR8765793579,Success,CID715452,eBike,Banashankari,HSR Layout,217.0,115.0,Not Applicable,Not Applicable,No,Not Applicable,781,UPI,3,4.7,3.4
2024-07-16 22:37:00,CNR6413027967,Driver Not Found,CID462868,Mini,Padmanabhanagar,Bannerghatta Road,,,Not Applicable,Not Applicable,Not Applicable,Not Applicable,2339,Not Applicable,0,,
2024-07-14 13:44:00,CNR6759368991,Success,CID320330,eBike,Kammanahalli,Padmanabhanagar,119.0,100.0,Not Applicable,Not Applicable,No,Not Applicable,384,Cash,34,4.1,3.0
2024-07-01 01:38:00,CNR9793533351,Success,CID727487,Prime Sedan,Devanahalli,Tumkur Road,266.0,80.0,Not Applicable,Not Applicable,No,Not Applicable,419,Cash,11,4.9,3.9
2024-07-05 07:43:00,CNR9042445803,Canceled by Driver,CID648571,Prime SUV,Rajajinagar,Marathahalli,,,Not Applicable,Customer related issue,Not Applicable,Not Applicable,334,Not Applicable,0,,
2024-07-10 05:23:00,CNR1917409426,Canceled by Driver,CID919219,eBike,Malleshwaram,Magadi Road,,,Not Applicable,Personal & Car related issue,Not Applicable,Not Applicable,1372,Not Applicable,0,,
2024-07-06 13:26:00,CNR2164476337,Driver Not Found,CID169368,Bike,Marathahalli,Devanahalli,,,Not Applicable,Not Applicable,Not Applicable,Not Applicable,428,Not Applicable,0,,
2024-07-25 09:33:00,CNR1853956571,Success,CID200760,Mini,Majestic,Ulsoor,203.0,95.0,Not Applicable,Not Applicable,No,Not Applicable,193,Cash,6,4.7,4.1
2024-07-06 02:17:00,CNR2020334107,Canceled by Driver,CID487947,Bike,Devanahalli,Yelahanka,,,Not Applicable,Customer related issue,Not Applicable,Not Applicable,1112,Not Applicable,0,,
2024-07-26 16:19:00,CNR6461777585,Success,CID130614,Bike,Vijayanagar,Basavanagudi,56.0,40.0,Not Applicable,Not Applicable,No,Not Applicable,392,Cash,22,4.5,5.0
2024-07-22 01:23:00,CNR8011046996,Success,CID972999,Prime Sedan,Majestic,Sahakar Nagar,196.0,135.0,Not Applicable,Not Applicable,No,Not Applicable,303,Cash,48,3.1,3.2
2024-07-04 14:16:00,CNR1926758618,Success,CID361017,Prime Sedan,Devanahalli,Hennur,147.0,115.0,Not Applicable,Not Applicable,No,Not Applicable,384,Cash,26,3.0,4.7
2024-07-30 10:49:00,CNR7488760256,Canceled by Customer,CID444454,Bike,Richmond Town,Chamarajpet,,,Change of plans,Not Applicable,Not Applicable,Not Applicable,490,Not Applicable,0,,
2024-07-03 01:18:00,CNR1303743255,Canceled by Driver,CID320114,Prime Plus,Nagarbhavi,Marathahalli,,,Not Applicable,Personal & Car related issue,Not Applicable,Not Applicable,406,Not Applicable,0,,
2024-07-27 00:38:00,CNR5332425787,Success,CID702408,eBike,Vijayanagar,Tumkur Road,266.0,110.0,Not Applicable,Not Applicable,No,Not Applicable,272,UPI,1,4.7,3.3
2024-07-01 21:17:00,CNR6272057924,Success,CID112244,Prime Sedan,Yeshwanthpur,Shivajinagar,70.0,25.0,Not Applicable,Not Applicable,No,Not Applicable,104,Cash,45,3.0,4.8
2024-07-09 12:06:00,CNR7835945003,Canceled by Driver,CID563216,Prime Plus,Mysore Road,HSR Layout,,,Not Applicable,Personal & Car related issue,Not Applicable,Not Applicable,2726,Not Applicable,0,,
2024-07-28 20:30:00,CNR2556031714,Canceled by Driver,CID464269,Prime SUV,Kadugodi,Kammanahalli,,,Not Applicable,Personal & Car related issue,Not Applicable,Not Applicable,450,Not Applicable,0,,
2024-07-17 12:51:00,CNR5687472943,Success,CID256829,Prime Plus,MG Road,KR Puram,49.0,40.0,Not Applicable,Not Applicable,No,Not Applicable,136,Cash,35,3.9,3.3
2024-07-04 18:12:00,CNR3107044030,Success,CID750866,Prime Plus,Nagarbhavi,Hennur,189.0,80.0,Not Applicable,Not Applicable,No,Not Applicable,414,UPI,18,3.3,4.4
2024-07-27 01:43:00,CNR7555886817,Success,CID999097,Mini,Hulimavu,Sahakar Nagar,203.0,35.0,Not Applicable,Not Applicable,No,Not Applicable,2248,Cash,46,3.2,3.6
2024-07-29 00:59:00,CNR6493800441,Canceled by Driver,CID736533,Bike,Shantinagar,Kadugodi,,,Not Applicable,Customer was coughing/sick,Not Applicable,Not Applicable,410,Not Applicable,0,,
2024-07-27 10:24:00,CNR8665293452,Canceled by Driver,CID389264,Bike,Majestic,Whitefield,,,Not Applicable,More than permitted people in there,Not Applicable,Not Applicable,129,Not Applicable,0,,
2024-07-21 02:32:00,CNR9871583237,Success,CID277646,Mini,Hosur Road,Bellandur,287.0,50.0,Not Applicable,Not Applicable,No,Not Applicable,353,Cash,39,4.3,4.3
2024-07-18 08:48:00,CNR1562763014,Success,CID800336,Auto,Majestic,Indiranagar,133.0,35.0,Not Applicable,Not Applicable,No,Not Applicable,465,Cash,1,4.2,4.9
2024-07-09 06:47:00,CNR2947091901,Canceled by Customer,CID327823,Prime Plus,Chickpet,Bannerghatta Road,,,Wrong Address,Not Applicable,Not Applicable,Not Applicable,479,Not Applicable,0,,
2024-07-27 20:40:00,CNR4280378059,Canceled by Driver,CID897751,Bike,Chickpet,Peenya,,,Not Applicable,Personal & Car related issue,Not Applicable,Not Applicable,493,Not Applicable,0,,
2024-07-22 20:31:00,CNR3005473961,Canceled by Driver,CID593000,Prime Sedan,MG Road,Rajarajeshwari Nagar,,,Not Applicable,More than permitted people in there,Not Applicable,Not Applicable,483,Not Applicable,0,,
2024-07-14 14:35:00,CNR4227285042,Success,CID927694,Prime Plus,KR Puram,Kengeri,210.0,40.0,Not Applicable,Not Applicable,No,Not Applicable,302,Cash,25,4.8,3.7
2024-07-12 12:42:00,CNR1973719684,Success,CID768058,Bike,Devanahalli,Nagarbhavi,280.0,140.0,Not Applicable,Not Applicable,No,Not Applicable,369,UPI,9,3.8,4.9
2024-07-07 20:52:00,CNR6317419656,Success,CID582021,eBike,Cox Town,Whitefield,224.0,105.0,Not Applicable,Not Applicable,No,Not Applicable,599,Cash,35,4.4,3.5
2024-07-13 15:24:00,CNR6708857958,Canceled by Driver,CID828022,Prime Sedan,Majestic,Varthur,,,Not Applicable,Customer related issue,Not Applicable,Not Applicable,155,Not Applicable,0,,
2024-07-20 08:07:00,CNR8788295870,Driver Not Found,CID238360,Auto,Kengeri,Varthur,,,Not Applicable,Not Applicable,Not Applicable,Not Applicable,522,Not Applicable,0,,
2024-07-02 05:31:00,CNR8310259986,Success,CID235339,Mini,Frazer Town,Padmanabhanagar,203.0,65.0,Not Applicable,Not Applicable,No,Not Applicable,191,UPI,20,4.7,3.2
2024-07-18 06:30:00,CNR8497147902,Success,CID475142,Bike,Mysore Road,Jayanagar,147.0,35.0,Not Applicable,Not Applicable,No,Not Applicable,118,UPI,47,4.2,3.0
2024-07-28 07:39:00,CNR8391042422,Success,CID950885,Prime Sedan,Malleshwaram,JP Nagar,196.0,135.0,Not Applicable,Not Applicable,No,Not Applicable,676,UPI,30,4.6,3.8
2024-07-27 03:12:00,CNR4856301656,Canceled by Driver,CID646756,Mini,RT Nagar,Peenya,,,Not Applicable,Personal & Car related issue,Not Applicable,Not Applicable,188,Not Applicable,0,,
2024-07-14 09:23:00,CNR3671623254,Success,CID328688,Prime Plus,Bellandur,Hulimavu,133.0,45.0,Not Applicable,Not Applicable,No,Not Applicable,334,Cash,1,4.6,4.6
2024-07-10 23:13:00,CNR8013803504,Success,CID878410,Bike,Yeshwanthpur,Nagarbhavi,231.0,135.0,Not Applicable,Not Applicable,No,Not Applicable,883,Cash,16,4.3,4.6
2024-07-15 18:06:00,CNR9634261544,Canceled by Customer,CID185027,Auto,Peenya,Hebbal,,,Wrong Address,Not Applicable,Not Applicable,Not Applicable,145,Not Applicable,0,,
2024-07-25 03:34:00,CNR9584498957,Canceled by Driver,CID176591,Mini,KR Puram,BTM Layout,,,Not Applicable,Personal & Car related issue,Not Applicable,Not Applicable,168,Not Applicable,0,,
2024-07-19 00:06:00,CNR5575431186,Driver Not Found,CID725284,Auto,Kengeri,Kammanahalli,,,Not Applicable,Not Applicable,Not Applicable,Not Applicable,202,Not Applicable,0,,
2024-07-11 17:17:00,CNR4505552851,Canceled by Customer,CID370414,eBike,Rajarajeshwari Nagar,Sahakar Nagar,,,Change of plans,Not Applicable,Not Applicable,Not Applicable,176,Not Applicable,0,,
2024-07-15 16:43:00,CNR9040228044,Success,CID924893,Auto,Tumkur Road,Koramangala,301.0,140.0,Not Applicable,Not Applicable,No,Not Applicable,129,UPI,5,3.3,4.8
2024-07-06 15:26:00,CNR5463387873,Success,CID750817,Prime Plus,Basavanagudi,Yelahanka,105.0,130.0,Not Applicable,Not Applicable,No,Not Applicable,282,Cash,10,3.8,3.3
2024-07-06 21:23:00,CNR5542773263,Canceled by Driver,CID235756,eBike,RT Nagar,Shantinagar,,,Not Applicable,Customer related issue,Not Applicable,Not Applicable,451,Not Applicable,0,,
2024-07-03 19:41:00,CNR6154029360,Success,CID362884,Prime SUV,Vijayanagar,Mysore Road,161.0,130.0,Not Applicable,Not Applicable,Yes,Other Issue,330,Cash,15,4.2,4.3
2024-07-11 19:47:00,CNR3221986992,Success,CID703816,Auto,Sarjapur Road,Kadugodi,140.0,100.0,Not Applicable,Not Applicable,No,Not Applicable,499,UPI,19,4.4,4.3
2024-07-25 18:18:00,CNR9377156694,Canceled by Driver,CID922447,eBike,Hennur,KR Puram,,,Not Applicable,Customer related issue,Not Applicable,Not Applicable,298,Not Applicable,0,,
2024-07-16 12:34:00,CNR5499146249,Success,CID305180,Mini,RT Nagar,Langford Town,140.0,65.0,Not Applicable,Not Applicable,No,Not Applicable,178,Cash,21,4.0,4.1
2024-07-19 16:46:00,CNR1134762140,Canceled by Driver,CID313535,Bike,Electronic City,Langford Town,,,Not Applicable,Personal & Car related issue,Not Applicable,Not Applicable,815,Not Applicable,0,,
2024-07-18 18:46:00,CNR3547510988,Canceled by Customer,CID439676,Prime SUV,Frazer Town,Koramangala,,,Change of plans,Not Applicable,Not Applicable,Not Applicable,385,Not Applicable,0,,
2024-07-24 11:19:00,CNR9181141116,Success,CID325861,Prime SUV,Hennur,KR Puram,56.0,55.0,Not Applicable,Not Applicable,No,Not Applicable,256,UPI,35,4.3,5.0
2024-07-27 00:24:00,CNR1856427097,Canceled by Driver,CID764880,Prime Plus,HSR Layout,Cox Town,,,Not Applicable,Personal & Car related issue,Not Applicable,Not Applicable,576,Not Applicable,0,,
2024-07-03 16:38:00,CNR8391539633,Success,CID725573,Auto,KR Puram,Padmanabhanagar,35.0,95.0,Not Applicable,Not Applicable,No,Not Applicable,284,Cash,8,4.4,3.2
2024-07-17 13:36:00,CNR7461164658,Success,CID459679,Bike,Mysore Road,KR Puram,35.0,135.0,Not Applicable,Not Applicable,No,Not Applicable,236,Cash,23,3.7,4.0
2024-07-01 19:42:00,CNR2669351569,Success,CID973713,Auto,Kadugodi,BTM Layout,84.0,130.0,Not Applicable,Not Applicable,No,Not Applicable,318,UPI,4,4.9,3.7
2024-07-13 22:57:00,CNR4118753128,Canceled by Customer,CID102550,Prime SUV,Majestic,Kammanahalli,,,Wrong Address,Not Applicable,Not Applicable,Not Applicable,481,Not Applicable,0,,
2024-07-18 11:43:00,CNR2606411253,Canceled by Driver,CID198168,Bike,Kengeri,Kadugodi,,,Not Applicable,Personal & Car related issue,Not Applicable,Not Applicable,2127,Not Applicable,0,,
2024-07-28 00:38:00,CNR5142657830,Success,CID706051,Mini,Cox Town,Whitefield,273.0,110.0,Not Applicable,Not Applicable,No,Not Applicable,381,UPI,33,3.6,4.2
2024-07-01 07:59:00,CNR3340864781,Driver Not Found,CID822970,Mini,Langford Town,Kengeri,,,Not Applicable,Not Applicable,Not Applicable,Not Applicable,496,Not Applicable,0,,
2024-07-19 17:32:00,CNR9792143755,Success,CID949998,Prime Sedan,Shivajinagar,Koramangala,112.0,45.0,Not Applicable,Not Applicable,No,Not Applicable,350,Credit Card,41,3.5,4.9
2024-07-18 12:20:00,CNR6352268487,Success,CID695040,Prime SUV,Kammanahalli,Kengeri,280.0,55.0,Not Applicable,Not Applicable,No,Not Applicable,217,Cash,27,4.4,4.7
2024-07-12 21:02:00,CNR7593729882,Success,CID715173,Prime Plus,Langford Town,Tumkur Road,238.0,125.0,Not Applicable,Not Applicable,No,Not Applicable,438,Cash,28,3.5,3.7
2024-07-17 21:15:00,CNR5611826410,Success,CID688263,Prime Sedan,Indiranagar,MG Road,70.0,135.0,Not Applicable,Not Applicable,No,Not Applicable,132,UPI,41,4.1,3.3
2024-07-29 19:04:00,CNR6248182942,Success,CID370080,Bike,Kadugodi,MG Road,231.0,100.0,Not Applicable,Not Applicable,No,Not Applicable,390,Cash,13,4.6,4.5
2024-07-15 21:45:00,CNR4853170955,Success,CID381283,Bike,Hulimavu,Rajajinagar,49.0,25.0,Not Applicable,Not Applicable,Yes,Vehicle Breakdown,365,UPI,19,3.7,4.0
2024-07-11 15:52:00,CNR1512854957,Canceled by Driver,CID751045,Mini,Yeshwanthpur,Yelahanka,,,Not Applicable,Personal & Car related issue,Not Applicable,Not Applicable,518,Not Applicable,0,,
2024-07-21 16:53:00,CNR2802376956,Success,CID686372,Mini,Ramamurthy Nagar,Hosur Road,238.0,135.0,Not Applicable,Not Applicable,No,Not Applicable,146,Credit Card,16,3.3,3.5
2024-07-14 13:54:00,CNR5254208259,Canceled by Driver,CID344532,Prime Sedan,RT Nagar,Yeshwanthpur,,,Not Applicable,Personal & Car related issue,Not Applicable,Not Applicable,543,Not Applicable,0,,
2024-07-28 16:01:00,CNR9956848908,Driver Not Found,CID194812,Prime Sedan,Varthur,Indiranagar,,,Not Applicable,Not Applicable,Not Applicable,Not Applicable,420,Not Applicable,0,,
2024-07-09 09:31:00,CNR9048405574,Success,CID890491,Auto,Koramangala,Peenya,133.0,70.0,Not Applicable,Not Applicable,No,Not Applicable,625,UPI,10,4.8,3.1
2024-07-25 12:03:00,CNR9728076817,Driver Not Found,CID799050,Prime Plus,Bannerghatta Road,Indiranagar,,,Not Applicable,Not Applicable,Not Applicable,Not Applicable,1634,Not Applicable,0,,
2024-07-15 22:21:00,CNR6577505088,Canceled by Driver,CID599913,Bike,Whitefield,Electronic City,,,Not Applicable,Customer related issue,Not Applicable,Not Applicable,215,Not Applicable,0,,
2024-07-22 04:58:00,CNR8815160144,Success,CID744811,eBike,Hebbal,Banashankari,35.0,65.0,Not Applicable,Not Applicable,Yes,Vehicle Breakdown,182,Cash,46,4.4,3.2
2024-07-01 06:25:00,CNR2639822617,Success,CID636142,Bike,Electronic City,Majestic,280.0,75.0,Not Applicable,Not Applicable,No,Not Applicable,273,UPI,31,3.3,3.7
2024-07-25 03:20:00,CNR1692598951,Success,CID282275,Prime Sedan,Jayanagar,Hennur,77.0,140.0,Not Applicable,Not Applicable,No,Not Applicable,735,UPI,24,3.8,3.6
2024-07-29 05:30:00,CNR3306427788,Success,CID729320,eBike,Shivajinagar,Kengeri,196.0,60.0,Not Applicable,Not Applicable,No,Not Applicable,2060,UPI,22,4.6,4.3
2024-07-14 05:05:00,CNR8005077881,Success,CID737081,Auto,Langford Town,Tumkur Road,308.0,50.0,Not Applicable,Not Applicable,No,Not Applicable,270,UPI,12,4.8,3.1
2024-07-27 09:13:00,CNR6996779170,Driver Not Found,CID174391,Bike,Hebbal,Varthur,,,Not Applicable,Not Applicable,Not Applicable,Not Applicable,320,Not Applicable,0,,
2024-07-09 05:05:00,CNR2946852732,Success,CID999981,Prime Sedan,Hosur Road,Richmond Town,182.0,90.0,Not Applicable,Not Applicable,No,Not Applicable,2435,UPI,3,3.8,4.8
2024-07-19 21:35:00,CNR2406911510,Canceled by Driver,CID782083,Auto,Tumkur Road,Marathahalli,,,Not Applicable,Personal & Car related issue,Not Applicable,Not Applicable,912,Not Applicable,0,,
2024-07-21 20:06:00,CNR5587970371,Success,CID231967,Bike,Malleshwaram,Shantinagar,147.0,105.0,Not Applicable,Not Applicable,No,Not Applicable,450,Cash,32,3.8,5.0
2024-07-19 00:15:00,CNR1709636915,Success,CID584925,Prime Plus,Yelahanka,Shantinagar,266.0,50.0,Not Applicable,Not Applicable,No,Not Applicable,291,Cash,14,4.9,3.1
2024-07-18 16:36:00,CNR3169970608,Canceled by Customer,CID396883,eBike,Kammanahalli,Banashankari,,,Driver is not moving towards pickup location,Not Applicable,Not Applicable,Not Applicable,2462,Not Applicable,0,,
2024-07-22 15:39:00,CNR4724214469,Driver Not Found,CID683867,Bike,RT Nagar,Majestic,,,Not Applicable,Not Applicable,Not Applicable,Not Applicable,451,Not Applicable,0,,
2024-07-10 20:48:00,CNR8580140429,Success,CID613284,Bike,Basavanagudi,Vijayanagar,49.0,145.0,Not Applicable,Not Applicable,No,Not Applicable,847,UPI,1,4.5,3.4
2024-07-23 04:28:00,CNR1648447911,Driver Not Found,CID705787,Auto,Varthur,Mysore Road,,,Not Applicable,Not Applicable,Not Applicable,Not Applicable,377,Not Applicable,0,,
2024-07-06 20:58:00,CNR8955636749,Success,CID771140,Bike,Kadugodi,Richmond Town,161.0,90.0,Not Applicable,Not Applicable,No,Not Applicable,142,UPI,28,3.6,4.9
2024-07-15 02:46:00,CNR3202588910,Success,CID175669,Prime Sedan,Shantinagar,Banashankari,49.0,95.0,Not Applicable,Not Applicable,No,Not Applicable,106,UPI,11,5.0,4.3
2024-07-25 01:23:00,CNR7546291603,Success,CID715325,Prime SUV,Padmanabhanagar,Sahakar Nagar,154.0,125.0,Not Applicable,Not Applicable,No,Not Applicable,200,UPI,22,4.6,4.9
2024-07-22 15:00:00,CNR1292064400,Canceled by Customer,CID730284,Prime Sedan,HSR Layout,Richmond Town,,,Driver is not moving towards pickup location,Not Applicable,Not Applicable,Not Applicable,879,Not Applicable,0,,
2024-07-27 06:35:00,CNR2519341002,Success,CID319849,eBike,Electronic City,KR Puram,280.0,45.0,Not Applicable,Not Applicable,No,Not Applicable,160,Cash,16,3.8,4.3
2024-07-26 04:27:00,CNR9352810893,Canceled by Driver,CID234253,Prime SUV,Rajajinagar,Malleshwaram,,,Not Applicable,Customer related issue,Not Applicable,Not Applicable,410,Not Applicable,0,,
2024-07-29 12:09:00,CNR4574206016,Canceled by Driver,CID913745,Prime Sedan,Chamarajpet,Kammanahalli,,,Not Applicable,Customer related issue,Not Applicable,Not Applicable,289,Not Applicable,0,,
2024-07-25 14:36:00,CNR7172045924,Success,CID506721,eBike,Kengeri,KR Puram,301.0,120.0,Not Applicable,Not Applicable,Yes,Vehicle Breakdown,483,Cash,16,3.9,3.8
2024-07-20 13:00:00,CNR9912979563,Canceled by Customer,CID251929,eBike,JP Nagar,Kammanahalli,,,Driver asked to cancel,Not Applicable,Not Applicable,Not Applicable,494,Not Applicable,0,,
2024-07-05 16:45:00,CNR3980337640,Success,CID735122,Prime Plus,Hebbal,Bellandur,287.0,140.0,Not Applicable,Not Applicable,No,Not Applicable,181,Cash,48,4.8,4.2
2024-07-30 22:00:00,CNR3196808801,Success,CID426092,Auto,Vijayanagar,Tumkur Road,252.0,45.0,Not Applicable,Not Applicable,No,Not Applicable,517,Cash,14,3.6,4.6
2024-07-29 03:47:00,CNR5826597353,Success,CID143660,Auto,Mysore Road,Whitefield,238.0,115.0,Not Applicable,Not Applicable,No,Not Applicable,110,Cash,18,4.1,3.4
2024-07-17 05:57:00,CNR4085786823,Success,CID723795,Auto,Kammanahalli,Whitefield,154.0,85.0,Not Applicable,Not Applicable,No,Not Applicable,157,Cash,14,3.6,3.6
2024-07-09 05:10:00,CNR8673671366,Success,CID276438,Prime SUV,Kengeri,Jayanagar,42.0,130.0,Not Applicable,Not Applicable,No,Not Applicable,362,Cash,43,4.6,4.3
2024-07-01 09:54:00,CNR2740059914,Canceled by Driver,CID412390,Auto,BTM Layout,Mysore Road,,,Not Applicable,Customer was coughing/sick,Not Applicable,Not Applicable,155,Not Applicable,0,,
2024-07-03 06:28:00,CNR6937259257,Success,CID577114,Prime Plus,Jayanagar,Yelahanka,63.0,40.0,Not Applicable,Not Applicable,No,Not Applicable,458,UPI,34,3.8,3.3
2024-07-18 11:25:00,CNR2068444539,Success,CID295112,Prime Plus,Yeshwanthpur,Basavanagudi,91.0,75.0,Not Applicable,Not Applicable,No,Not Applicable,126,Cash,40,3.3,3.0
2024-07-18 14:17:00,CNR4287203248,Canceled by Customer,CID948176,Bike,Whitefield,JP Nagar,,,Driver asked to cancel,Not Applicable,Not Applicable,Not Applicable,253,Not Applicable,0,,
2024-07-25 09:52:00,CNR5169203193,Success,CID954447,Auto,Mysore Road,Ramamurthy Nagar,182.0,50.0,Not Applicable,Not Applicable,No,Not Applicable,577,UPI,7,3.7,4.4
2024-07-27 08:45:00,CNR3431058238,Success,CID838586,Auto,Rajarajeshwari Nagar,HSR Layout,203.0,30.0,Not Applicable,Not Applicable,No,Not Applicable,441,UPI,14,4.8,4.0
2024-07-30 12:55:00,CNR3990333664,Success,CID874545,Prime Plus,Rajarajeshwari Nagar,Marathahalli,203.0,65.0,Not Applicable,Not Applicable,No,Not Applicable,124,UPI,9,4.2,4.3
2024-07-05 20:34:00,CNR9196914040,Success,CID808999,eBike,Chamarajpet,Hennur,182.0,25.0,Not Applicable,Not Applicable,No,Not Applicable,125,Cash,47,3.6,4.1
2024-07-05 05:18:00,CNR1676063122,Driver Not Found,CID906056,Auto,Tumkur Road,Hosur Road,,,Not Applicable,Not Applicable,Not Applicable,Not Applicable,146,Not Applicable,0,,
2024-07-25 22:35:00,CNR9745054949,Success,CID943764,Auto,Banashankari,Sarjapur Road,203.0,95.0,Not Applicable,Not Applicable,No,Not Applicable,116,UPI,18,4.6,4.0
2024-07-20 04:42:00,CNR9508752029,Success,CID676826,Bike,Chickpet,Chamarajpet,252.0,120.0,Not Applicable,Not Applicable,No,Not Applicable,300,UPI,5,4.6,3.3
2024-07-11 02:59:00,CNR5271413455,Success,CID152855,Prime Sedan,Chamarajpet,Sahakar Nagar,301.0,85.0,Not Applicable,Not Applicable,No,Not Applicable,494,UPI,6,4.5,4.1
2024-07-17 20:06:00,CNR1768343623,Canceled by Driver,CID574337,Prime SUV,Kammanahalli,Kengeri,,,Not Applicable,Customer related issue,Not Applicable,Not Applicable,285,Not Applicable,0,,
2024-07-29 19:54:00,CNR7207246589,Driver Not Found,CID622893,Mini,Mysore Road,BTM Layout,,,Not Applicable,Not Applicable,Not Applicable,Not Applicable,332,Not Applicable,0,,
2024-07-17 05:00:00,CNR9059353219,Canceled by Driver,CID158161,Bike,Hebbal,Chickpet,,,Not Applicable,Personal & Car related issue,Not Applicable,Not Applicable,2982,Not Applicable,0,,
2024-07-08 04:11:00,CNR4388974740,Success,CID919662,Bike,Hebbal,Richmond Town,91.0,120.0,Not Applicable,Not Applicable,Yes,Customer Demand,375,Cash,9,4.2,4.0
2024-07-30 15:05:00,CNR3937735697,Success,CID681464,Auto,Frazer Town,Bannerghatta Road,140.0,30.0,Not Applicable,Not Applicable,No,Not Applicable,962,UPI,14,3.7,3.1
2024-07-19 03:02:00,CNR3745093306,Success,CID542781,Auto,JP Nagar,Jayanagar,161.0,85.0,Not Applicable,Not Applicable,No,Not Applicable,227,Cash,10,4.5,3.0
2024-07-17 01:32:00,CNR1905237162,Success,CID580405,eBike,Vijayanagar,Yeshwanthpur,287.0,80.0,Not Applicable,Not Applicable,No,Not Applicable,272,UPI,15,4.7,4.8
2024-07-02 12:58:00,CNR9921750553,Success,CID640489,eBike,KR Puram,Varthur,280.0,30.0,Not Applicable,Not Applicable,No,Not Applicable,105,Cash,25,4.5,3.4
2024-07-04 22:12:00,CNR7983561350,Success,CID642493,eBike,Chickpet,KR Puram,140.0,50.0,Not Applicable,Not Applicable,No,Not Applicable,324,Cash,17,4.0,4.5
2024-07-17 00:16:00,CNR5114961337,Success,CID650882,Prime Plus,KR Puram,Mysore Road,231.0,65.0,Not Applicable,Not Applicable,No,Not Applicable,1153,UPI,29,4.2,3.4
2024-07-05 00:44:00,CNR2042054407,Success,CID239079,Prime Plus,Bannerghatta Road,Shivajinagar,252.0,145.0,Not Applicable,Not Applicable,No,Not Applicable,419,UPI,29,3.1,3.5
2024-07-30 22:49:00,CNR1829775321,Driver Not Found,CID771797,Auto,Magadi Road,Richmond Town,,,Not Applicable,Not Applicable,Not Applicable,Not Applicable,971,Not Applicable,0,,
2024-07-23 02:56:00,CNR3285232096,Success,CID584033,Mini,Peenya,JP Nagar,238.0,35.0,Not Applicable,Not Applicable,No,Not Applicable,956,UPI,22,4.1,3.8
2024-07-07 20:00:00,CNR2541744731,Success,CID928960,Mini,Hebbal,Yeshwanthpur,49.0,40.0,Not Applicable,Not Applicable,No,Not Applicable,253,UPI,19,3.2,3.1
2024-07-15 23:49:00,CNR7581886899,Success,CID549769,Prime Plus,Bannerghatta Road,Devanahalli,168.0,145.0,Not Applicable,Not Applicable,No,Not Applicable,248,Cash,43,3.6,4.5
2024-07-03 01:44:00,CNR2678434221,Success,CID594049,Prime SUV,Rajajinagar,Bannerghatta Road,245.0,25.0,Not Applicable,Not Applicable,No,Not Applicable,303,Cash,17,4.8,3.9
2024-07-13 21:25:00,CNR6279323434,Success,CID852472,Mini,Malleshwaram,Richmond Town,273.0,50.0,Not Applicable,Not Applicable,No,Not Applicable,126,Cash,35,4.5,4.8
2024-07-13 07:59:00,CNR1212607059,Success,CID381803,Bike,Devanahalli,Peenya,203.0,135.0,Not Applicable,Not Applicable,No,Not Applicable,122,Cash,33,3.2,3.6
2024-07-27 22:50:00,CNR4642676592,Canceled by Driver,CID514138,Prime SUV,Vijayanagar,Varthur,,,Not Applicable,Personal & Car related issue,Not Applicable,Not Applicable,183,Not Applicable,0,,
2024-07-13 05:44:00,CNR8673637760,Success,CID100140,Prime SUV,Magadi Road,Shantinagar,189.0,85.0,Not Applicable,Not Applicable,No,Not Applicable,460,Cash,15,5.0,4.1
2024-07-02 01:34:00,CNR9012480221,Success,CID115740,Prime Plus,Tumkur Road,Kadugodi,42.0,25.0,Not Applicable,Not Applicable,No,Not Applicable,400,UPI,4,3.5,4.6
2024-07-08 16:47:00,CNR8260569846,Success,CID408661,eBike,Nagarbhavi,Langford Town,175.0,60.0,Not Applicable,Not Applicable,No,Not Applicable,241,Cash,9,3.1,3.0
2024-07-08 04:37:00,CNR9718236625,Success,CID411656,eBike,Hennur,MG Road,287.0,140.0,Not Applicable,Not Applicable,No,Not Applicable,317,Cash,11,4.4,4.4
2024-07-24 00:54:00,CNR1980287902,Success,CID685143,Prime Sedan,Bannerghatta Road,KR Puram,231.0,65.0,Not Applicable,Not Applicable,No,Not Applicable,205,Cash,48,4.6,3.1
2024-07-13 04:24:00,CNR7368243214,Success,CID684156,Prime SUV,Frazer Town,Kammanahalli,133.0,45.0,Not Applicable,Not Applicable,No,Not Applicable,356,UPI,17,3.4,4.3
2024-07-25 13:40:00,CNR4416887056,Success,CID665518,Mini,Varthur,Yeshwanthpur,224.0,145.0,Not Applicable,Not Applicable,No,Not Applicable,294,UPI,45,4.8,4.6
2024-07-01 16:49:00,CNR5124176429,Success,CID633034,Mini,Chickpet,Electronic City,49.0,40.0,Not Applicable,Not Applicable,Yes,Customer Demand,2600,Cash,33,4.0,3.3
2024-07-23 04:47:00,CNR6968569436,Success,CID498595,Mini,Cox Town,JP Nagar,189.0,85.0,Not Applicable,Not Applicable,No,Not Applicable,291,Cash,30,4.5,3.4
2024-07-12 21:20:00,CNR4342123615,Canceled by Customer,CID245580,eBike,Richmond Town,BTM Layout,,,Change of plans,Not Applicable,Not Applicable,Not Applicable,297,Not Applicable,0,,
2024-07-20 17:22:00,CNR7402306234,Driver Not Found,CID281399,Bike,Kadugodi,Hulimavu,,,Not Applicable,Not Applicable,Not Applicable,Not Applicable,403,Not Applicable,0,,
2024-07-06 02:12:00,CNR7253493139,Canceled by Driver,CID370366,Mini,RT Nagar,Hebbal,,,Not Applicable,Personal & Car related issue,Not Applicable,Not Applicable,290,Not Applicable,0,,
2024-07-27 12:06:00,CNR1213184578,Success,CID860397,Prime Sedan,Kadugodi,HSR Layout,308.0,55.0,Not Applicable,Not Applicable,Yes,Customer Demand,157,Cash,29,4.8,4.2
2024-07-07 21:40:00,CNR8590632936,Canceled by Driver,CID911099,Prime Sedan,Bannerghatta Road,Ulsoor,,,Not Applicable,Personal & Car related issue,Not Applicable,Not Applicable,784,Not Applicable,0,,
2024-07-06 04:31:00,CNR4288080694,Canceled by Driver,CID902996,Mini,KR Puram,Ramamurthy Nagar,,,Not Applicable,Customer related issue,Not Applicable,Not Applicable,320,Not Applicable,0,,
2024-07-09 20:05:00,CNR2176553281,Success,CID803770,Bike,RT Nagar,Chickpet,126.0,145.0,Not Applicable,Not Applicable,No,Not Applicable,284,UPI,4,4.5,4.1
2024-07-03 17:18:00,CNR7947092361,Success,CID936215,Auto,Hebbal,Hennur,63.0,25.0,Not Applicable,Not Applicable,No,Not Applicable,119,Cash,13,4.1,3.3
2024-07-05 03:19:00,CNR2529283484,Success,CID334919,eBike,Rajajinagar,Majestic,238.0,100.0,Not Applicable,Not Applicable,No,Not Applicable,344,Credit Card,14,4.9,3.0
2024-07-15 18:04:00,CNR2685294340,Canceled by Customer,CID770067,Prime Sedan,BTM Layout,Rajajinagar,,,Driver asked to cancel,Not Applicable,Not Applicable,Not Applicable,408,Not Applicable,0,,
2024-07-11 21:20:00,CNR4340228785,Success,CID305198,Prime Sedan,Vijayanagar,Magadi Road,112.0,130.0,Not Applicable,Not Applicable,No,Not Applicable,468,Cash,46,3.2,3.5
2024-07-29 06:47:00,CNR3519287636,Success,CID554184,Bike,Rajajinagar,Yeshwanthpur,77.0,35.0,Not Applicable,Not Applicable,No,Not Applicable,241,UPI,14,4.7,4.6
2024-07-20 04:30:00,CNR7786427279,Success,CID405327,Bike,Koramangala,Shantinagar,308.0,140.0,Not Applicable,Not Applicable,No,Not Applicable,391,Cash,13,3.4,4.4
2024-07-02 00:49:00,CNR1237344098,Success,CID535001,Auto,MG Road,Frazer Town,168.0,45.0,Not Applicable,Not Applicable,No,Not Applicable,2583,Cash,15,4.7,4.2
2024-07-07 22:32:00,CNR1251493533,Canceled by Driver,CID877414,Prime Sedan,Jayanagar,Hennur,,,Not Applicable,Personal & Car related issue,Not Applicable,Not Applicable,214,Not Applicable,0,,
2024-07-15 10:55:00,CNR9202753903,Success,CID698149,Prime SUV,Koramangala,Vijayanagar,182.0,25.0,Not Applicable,Not Applicable,No,Not Applicable,363,UPI,40,4.4,3.3
2024-07-27 04:57:00,CNR4227861242,Success,CID626734,Auto,HSR Layout,Nagarbhavi,252.0,35.0,Not Applicable,Not Applicable,No,Not Applicable,114,Cash,11,4.1,4.3
2024-07-16 12:59:00,CNR4926851481,Success,CID909326,Prime SUV,Richmond Town,Bannerghatta Road,175.0,50.0,Not Applicable,Not Applicable,No,Not Applicable,368,Cash,10,3.8,4.0
2024-07-08 00:23:00,CNR4031959639,Success,CID635631,Bike,Vijayanagar,Chickpet,126.0,80.0,Not Applicable,Not Applicable,No,Not Applicable,458,UPI,16,4.4,4.3
2024-07-27 18:01:00,CNR6123084483,Driver Not Found,CID909381,Prime Plus,Vijayanagar,Chickpet,,,Not Applicable,Not Applicable,Not Applicable,Not Applicable,308,Not Applicable,0,,
2024-07-13 21:36:00,CNR4316950098,Driver Not Found,CID280512,Prime SUV,Devanahalli,Kengeri,,,Not Applicable,Not Applicable,Not Applicable,Not Applicable,496,Not Applicable,0,,
2024-07-01 04:01:00,CNR6692767115,Success,CID608275,Prime Sedan,JP Nagar,Varthur,189.0,35.0,Not Applicable,Not Applicable,No,Not Applicable,196,UPI,12,4.9,3.0
2024-07-05 21:22:00,CNR8754346278,Success,CID714556,Prime SUV,Nagarbhavi,Rajarajeshwari Nagar,126.0,35.0,Not Applicable,Not Applicable,No,Not Applicable,323,Cash,28,4.6,3.1
2024-07-29 16:01:00,CNR8014407692,Canceled by Customer,CID327267,Mini,Electronic City,Kadugodi,,,AC is Not working,Not Applicable,Not Applicable,Not Applicable,855,Not Applicable,0,,
2024-07-04 19:27:00,CNR5146666655,Driver Not Found,CID526212,Bike,Electronic City,Yeshwanthpur,,,Not Applicable,Not Applicable,Not Applicable,Not Applicable,258,Not Applicable,0,,
2024-07-28 01:08:00,CNR2614068986,Canceled by Customer,CID733606,Bike,Rajarajeshwari Nagar,Ulsoor,,,AC is Not working,Not Applicable,Not Applicable,Not Applicable,264,Not Applicable,0,,
2024-07-01 05:00:00,CNR2877454035,Success,CID398210,Prime SUV,Shantinagar,Nagarbhavi,196.0,45.0,Not Applicable,Not Applicable,No,Not Applicable,1034,UPI,28,4.1,3.2
2024-07-13 14:39:00,CNR3468527795,Driver Not Found,CID553706,Bike,Banashankari,Ramamurthy Nagar,,,Not Applicable,Not Applicable,Not Applicable,Not Applicable,474,Not Applicable,0,,
2024-07-07 01:27:00,CNR5574857545,Success,CID390142,Auto,Koramangala,Varthur,98.0,95.0,Not Applicable,Not Applicable,No,Not Applicable,358,Cash,9,3.3,4.1
2024-07-14 21:18:00,CNR2148755057,Success,CID653996,eBike,Ulsoor,Bannerghatta Road,238.0,70.0,Not Applicable,Not Applicable,No,Not Applicable,340,UPI,14,3.1,4.8
2024-07-24 13:53:00,CNR3616452945,Success,CID493573,Prime Sedan,Shantinagar,Frazer Town,189.0,115.0,Not Applicable,Not Applicable,No,Not Applicable,378,UPI,1,4.2,4.9
2024-07-27 22:59:00,CNR9907939438,Success,CID834318,Prime Sedan,RT Nagar,Vijayanagar,112.0,100.0,Not Applicable,Not Applicable,Yes,Vehicle Breakdown,154,Cash,8,4.5,3.5
2024-07-06 11:44:00,CNR6782378488,Success,CID924757,eBike,MG Road,Langford Town,105.0,90.0,Not Applicable,Not Applicable,No,Not Applicable,129,UPI,44,3.1,4.6
2024-07-03 16:37:00,CNR2488996198,Canceled by Driver,CID120170,Auto,Mysore Road,MG Road,,,Not Applicable,Customer related issue,Not Applicable,Not Applicable,411,Not Applicable,0,,
2024-07-18 15:50:00,CNR1415969600,Canceled by Driver,CID372350,Prime Sedan,Peenya,Vijayanagar,,,Not Applicable,Personal & Car related issue,Not Applicable,Not Applicable,211,Not Applicable,0,,
2024-07-27 06:43:00,CNR8928761207,Success,CID836839,Prime Plus,Sahakar Nagar,Tumkur Road,245.0,70.0,Not Applicable,Not Applicable,No,Not Applicable,340,Cash,39,4.8,4.9
2024-07-08 12:04:00,CNR5227620341,Canceled by Driver,CID925462,Bike,Jayanagar,Tumkur Road,,,Not Applicable,Personal & Car related issue,Not Applicable,Not Applicable,403,Not Applicable,0,,
2024-07-23 08:17:00,CNR9518886890,Canceled by Driver,CID939325,Mini,Jayanagar,Shantinagar,,,Not Applicable,More than permitted people in there,Not Applicable,Not Applicable,251,Not Applicable,0,,
2024-07-18 23:19:00,CNR8307846237,Driver Not Found,CID413240,eBike,Basavanagudi,Rajarajeshwari Nagar,,,Not Applicable,Not Applicable,Not Applicable,Not Applicable,112,Not Applicable,0,,
2024-07-04 23:04:00,CNR8879860236,Canceled by Customer,CID317997,eBike,Hennur,Bellandur,,,Driver asked to cancel,Not Applicable,Not Applicable,Not Applicable,425,Not Applicable,0,,
2024-07-28 14:46:00,CNR7063377207,Success,CID126201,Prime SUV,Nagarbhavi,Padmanabhanagar,42.0,70.0,Not Applicable,Not Applicable,No,Not Applicable,630,Cash,11,3.6,3.4
2024-07-13 15:58:00,CNR9521659121,Success,CID456899,Prime Sedan,Richmond Town,Ulsoor,238.0,35.0,Not Applicable,Not Applicable,No,Not Applicable,778,Cash,29,3.3,4.5
2024-07-19 23:45:00,CNR2305308795,Canceled by Driver,CID531575,Bike,Yeshwanthpur,Sahakar Nagar,,,Not Applicable,Customer related issue,Not Applicable,Not Applicable,258,Not Applicable,0,,
2024-07-27 22:51:00,CNR1843826488,Driver Not Found,CID962379,Auto,BTM Layout,Frazer Town,,,Not Applicable,Not Applicable,Not Applicable,Not Applicable,2251,Not Applicable,0,,
2024-07-26 15:39:00,CNR2977537474,Driver Not Found,CID993860,Bike,Kadugodi,Padmanabhanagar,,,Not Applicable,Not Applicable,Not Applicable,Not Applicable,345,Not Applicable,0,,
2024-07-23 09:08:00,CNR7641331975,Success,CID201349,Prime Plus,RT Nagar,Kadugodi,224.0,110.0,Not Applicable,Not Applicable,No,Not Applicable,2037,Cash,4,3.0,3.4
2024-07-27 03:34:00,CNR6440471860,Success,CID309417,eBike,Shantinagar,Tumkur Road,84.0,140.0,Not Applicable,Not Applicable,No,Not Applicable,296,UPI,14,4.2,4.4
2024-07-18 11:06:00,CNR3554465093,Success,CID459580,Prime SUV,Varthur,Hulimavu,196.0,60.0,Not Applicable,Not Applicable,Yes,Vehicle Breakdown,354,UPI,21,3.3,3.7
2024-07-20 13:37:00,CNR2761891881,Success,CID155012,Prime Plus,Majestic,Hosur Road,231.0,125.0,Not Applicable,Not Applicable,No,Not Applicable,102,UPI,40,4.3,3.6
2024-07-29 04:17:00,CNR3633950039,Canceled by Customer,CID264593,Auto,BTM Layout,Sahakar Nagar,,,Driver asked to cancel,Not Applicable,Not Applicable,Not Applicable,692,Not Applicable,0,,
2024-07-25 23:15:00,CNR7104773139,Success,CID372464,eBike,KR Puram,Basavanagudi,168.0,130.0,Not Applicable,Not Applicable,Yes,Customer Demand,2672,Cash,40,4.5,3.2
2024-07-18 16:50:00,CNR7152162413,Success,CID196067,Auto,Indiranagar,Hulimavu,84.0,110.0,Not Applicable,Not Applicable,No,Not Applicable,240,UPI,11,3.2,4.0
2024-07-12 10:19:00,CNR9411887955,Success,CID866478,Mini,Banashankari,Hosur Road,63.0,105.0,Not Applicable,Not Applicable,No,Not Applicable,356,Cash,44,3.9,4.0
2024-07-18 07:46:00,CNR7066284188,Success,CID416288,Mini,Chamarajpet,Majestic,280.0,110.0,Not Applicable,Not Applicable,No,Not Applicable,165,UPI,29,4.9,4.4
2024-07-20 17:57:00,CNR1617386688,Success,CID950606,eBike,Whitefield,Whitefield,147.0,145.0,Not Applicable,Not Applicable,No,Not Applicable,412,Cash,42,4.7,4.8
2024-07-04 00:05:00,CNR4147027124,Success,CID245002,Prime SUV,Magadi Road,Shantinagar,224.0,40.0,Not Applicable,Not Applicable,No,Not Applicable,414,UPI,12,4.4,4.9
2024-07-01 14:46:00,CNR7604231598,Success,CID755313,eBike,Padmanabhanagar,Chamarajpet,140.0,55.0,Not Applicable,Not Applicable,No,Not Applicable,102,UPI,20,4.8,3.3
2024-07-20 14:56:00,CNR9047198380,Success,CID249744,Mini,Majestic,Hebbal,154.0,25.0,Not Applicable,Not Applicable,No,Not Applicable,644,Cash,7,4.3,3.6
2024-07-21 19:46:00,CNR5027163105,Driver Not Found,CID321133,Prime Plus,Basavanagudi,Cox Town,,,Not Applicable,Not Applicable,Not Applicable,Not Applicable,451,Not Applicable,0,,
2024-07-23 15:39:00,CNR8319473012,Success,CID215312,eBike,RT Nagar,Cox Town,217.0,110.0,Not Applicable,Not Applicable,No,Not Applicable,718,UPI,47,4.5,4.9
2024-07-04 21:19:00,CNR2343730490,Success,CID909352,Mini,Varthur,Sahakar Nagar,308.0,145.0,Not Applicable,Not Applicable,No,Not Applicable,351,UPI,36,3.1,4.0
2024-07-01 10:10:00,CNR7679160075,Canceled by Driver,CID423105,Prime Plus,Yelahanka,Rajajinagar,,,Not Applicable,Personal & Car related issue,Not Applicable,Not Applicable,390,Not Applicable,0,,
2024-07-14 20:58:00,CNR9333375903,Canceled by Customer,CID827478,Mini,Kadugodi,Kammanahalli,,,Change of plans,Not Applicable,Not Applicable,Not Applicable,482,Not Applicable,0,,
2024-07-18 08:01:00,CNR5789490861,Canceled by Driver,CID644091,Prime SUV,Majestic,Padmanabhanagar,,,Not Applicable,Customer related issue,Not Applicable,Not Applicable,388,Not Applicable,0,,
2024-07-08 22:03:00,CNR2269287062,Canceled by Driver,CID657276,Prime SUV,Majestic,Hebbal,,,Not Applicable,Customer related issue,Not Applicable,Not Applicable,718,Not Applicable,0,,
2024-07-06 15:30:00,CNR5729116537,Success,CID891883,Prime SUV,Hulimavu,Yeshwanthpur,119.0,130.0,Not Applicable,Not Applicable,No,Not Applicable,780,Cash,25,4.2,3.6
2024-07-25 09:53:00,CNR8450091382,Canceled by Driver,CID160384,Prime Sedan,Jayanagar,Rajarajeshwari Nagar,,,Not Applicable,Customer related issue,Not Applicable,Not Applicable,388,Not Applicable,0,,
2024-07-06 15:25:00,CNR4497228827,Canceled by Customer,CID673279,Prime Sedan,Hebbal,Basavanagudi,,,Driver is not moving towards pickup location,Not Applicable,Not Applicable,Not Applicable,1420,Not Applicable,0,,
2024-07-21 09:46:00,CNR6169226386,Success,CID256776,Auto,Chickpet,Mysore Road,133.0,100.0,Not Applicable,Not Applicable,Yes,Vehicle Breakdown,437,UPI,12,4.8,3.4
2024-07-17 17:26:00,CNR4113537044,Success,CID375265,Prime Sedan,Malleshwaram,Nagarbhavi,273.0,105.0,Not Applicable,Not Applicable,No,Not Applicable,422,Cash,10,4.9,4.3
2024-07-07 04:07:00,CNR3631801810,Success,CID219398,Prime SUV,Magadi Road,Devanahalli,35.0,65.0,Not Applicable,Not Applicable,No,Not Applicable,267,Cash,28,4.6,3.8
2024-07-22 04:46:00,CNR5218525462,Canceled by Customer,CID330027,Prime Sedan,Sahakar Nagar,Devanahalli,,,Driver asked to cancel,Not Applicable,Not Applicable,Not Applicable,377,Not Applicable,0,,
2024-07-28 22:45:00,CNR7941605842,Canceled by Driver,CID824261,Bike,Whitefield,Peenya,,,Not Applicable,More than permitted people in there,Not Applicable,Not Applicable,291,Not Applicable,0,,
2024-07-04 17:31:00,CNR7680490475,Success,CID884706,Mini,Jayanagar,Rajajinagar,210.0,35.0,Not Applicable,Not Applicable,No,Not Applicable,358,UPI,15,4.6,4.7
2024-07-07 13:56:00,CNR1367848463,Canceled by Driver,CID840617,Bike,Banashankari,Mysore Road,,,Not Applicable,Customer related issue,Not Applicable,Not Applicable,2052,Not Applicable,0,,
2024-07-15 01:23:00,CNR7818082978,Canceled by Driver,CID975376,Auto,Vijayanagar,Shivajinagar,,,Not Applicable,More than permitted people in there,Not Applicable,Not Applicable,279,Not Applicable,0,,
2024-07-22 09:05:00,CNR7889211297,Success,CID563761,Prime SUV,Devanahalli,Peenya,217.0,90.0,Not Applicable,Not Applicable,No,Not Applicable,1883,UPI,24,3.3,3.8
2024-07-29 03:45:00,CNR3800964944,Canceled by Driver,CID190414,eBike,Bannerghatta Road,Mysore Road,,,Not Applicable,Personal & Car related issue,Not Applicable,Not Applicable,877,Not Applicable,0,,
2024-07-24 17:14:00,CNR3943140755,Canceled by Driver,CID635625,eBike,Devanahalli,Majestic,,,Not Applicable,Personal & Car related issue,Not Applicable,Not Applicable,551,Not Applicable,0,,
2024-07-01 23:31:00,CNR2983457896,Canceled by Driver,CID539559,Bike,Magadi Road,Nagarbhavi,,,Not Applicable,Personal & Car related issue,Not Applicable,Not Applicable,632,Not Applicable,0,,
2024-07-09 21:01:00,CNR8016744749,Canceled by Driver,CID748963,Mini,HSR Layout,Ulsoor,,,Not Applicable,Customer related issue,Not Applicable,Not Applicable,178,Not Applicable,0,,
2024-07-06 02:07:00,CNR6661434450,Success,CID810552,Prime Plus,Padmanabhanagar,Langford Town,154.0,45.0,Not Applicable,Not Applicable,No,Not Applicable,315,UPI,23,4.3,3.1
2024-07-03 00:00:00,CNR2209057169,Canceled by Customer,CID347321,Prime SUV,Rajajinagar,KR Puram,,,Driver is not moving towards pickup location,Not Applicable,Not Applicable,Not Applicable,748,Not Applicable,0,,
2024-07-24 19:47:00,CNR2412836380,Success,CID525547,Auto,KR Puram,Kammanahalli,245.0,55.0,Not Applicable,Not Applicable,No,Not Applicable,397,UPI,12,4.5,3.4
2024-07-15 12:38:00,CNR4610869879,Driver Not Found,CID140689,Prime Plus,Sahakar Nagar,Majestic,,,Not Applicable,Not Applicable,Not Applicable,Not Applicable,309,Not Applicable,0,,
2024-07-23 07:19:00,CNR3938772872,Canceled by Customer,CID927089,Prime Sedan,Indiranagar,Ulsoor,,,Driver is not moving towards pickup location,Not Applicable,Not Applicable,Not Applicable,631,Not Applicable,0,,
2024-07-01 07:52:00,CNR3597973004,Driver Not Found,CID302328,Prime Plus,Sahakar Nagar,JP Nagar,,,Not Applicable,Not Applicable,Not Applicable,Not Applicable,425,Not Applicable,0,,
2024-07-09 11:56:00,CNR5636281486,Success,CID860651,Auto,Banashankari,Hosur Road,147.0,145.0,Not Applicable,Not Applicable,No,Not Applicable,164,UPI,9,4.2,4.0
2024-07-11 17:05:00,CNR7823533448,Canceled by Customer,CID618981,Bike,Nagarbhavi,Devanahalli,,,Driver asked to cancel,Not Applicable,Not Applicable,Not Applicable,107,Not Applicable,0,,
2024-07-29 19:50:00,CNR7588816567,Success,CID350046,eBike,HSR Layout,Shivajinagar,182.0,50.0,Not Applicable,Not Applicable,No,Not Applicable,302,UPI,33,4.9,3.8
2024-07-25 23:29:00,CNR6281928082,Canceled by Driver,CID902783,Bike,Banashankari,KR Puram,,,Not Applicable,Personal & Car related issue,Not Applicable,Not Applicable,953,Not Applicable,0,,
2024-07-18 08:21:00,CNR6328424364,Success,CID858901,eBike,JP Nagar,Banashankari,168.0,105.0,Not Applicable,Not Applicable,No,Not Applicable,505,Cash,8,3.1,3.7
2024-07-12 15:59:00,CNR1433596980,Canceled by Driver,CID222660,Mini,JP Nagar,Chamarajpet,,,Not Applicable,Personal & Car related issue,Not Applicable,Not Applicable,900,Not Applicable,0,,
2024-07-05 20:57:00,CNR5702058764,Driver Not Found,CID828957,Bike,Devanahalli,Yeshwanthpur,,,Not Applicable,Not Applicable,Not Applicable,Not Applicable,181,Not Applicable,0,,
2024-07-07 22:41:00,CNR4700092589,Canceled by Customer,CID149990,Prime SUV,BTM Layout,Vijayanagar,,,Driver is not moving towards pickup location,Not Applicable,Not Applicable,Not Applicable,375,Not Applicable,0,,
2024-07-21 14:44:00,CNR6458930792,Success,CID673921,Prime Plus,Hebbal,Mysore Road,196.0,45.0,Not Applicable,Not Applicable,No,Not Applicable,359,Cash,13,3.4,3.0
2024-07-20 22:00:00,CNR7038446356,Driver Not Found,CID339925,eBike,Hulimavu,HSR Layout,,,Not Applicable,Not Applicable,Not Applicable,Not Applicable,300,Not Applicable,0,,
2024-07-02 08:08:00,CNR2547131026,Success,CID244554,eBike,HSR Layout,Hennur,210.0,115.0,Not Applicable,Not Applicable,Yes,Other Issue,378,Cash,9,3.2,4.2
2024-07-26 00:05:00,CNR2750518829,Canceled by Driver,CID317799,Prime SUV,Basavanagudi,Jayanagar,,,Not Applicable,Personal & Car related issue,Not Applicable,Not Applicable,148,Not Applicable,0,,
2024-07-30 03:18:00,CNR9998476701,Success,CID716553,Prime Plus,Banashankari,Kammanahalli,273.0,50.0,Not Applicable,Not Applicable,No,Not Applicable,713,Cash,3,4.1,4.0
2024-07-25 02:09:00,CNR5338843670,Canceled by Customer,CID309639,Mini,Banashankari,Sahakar Nagar,,,Driver is not moving towards pickup location,Not Applicable,Not Applicable,Not Applicable,378,Not Applicable,0,,
2024-07-30 12:08:00,CNR6876276964,Success,CID318234,Prime SUV,Cox Town,Richmond Town,56.0,140.0,Not Applicable,Not Applicable,No,Not Applicable,758,UPI,34,4.8,4.8
2024-07-02 01:38:00,CNR7438365050,Success,CID705145,eBike,Kadugodi,Rajajinagar,119.0,35.0,Not Applicable,Not Applicable,No,Not Applicable,196,Cash,31,4.7,3.0
2024-07-17 05:54:00,CNR1653975275,Canceled by Driver,CID866273,Prime Sedan,BTM Layout,Shivajinagar,,,Not Applicable,Customer related issue,Not Applicable,Not Applicable,396,Not Applicable,0,,
2024-07-29 21:10:00,CNR5328808280,Canceled by Driver,CID849638,eBike,Richmond Town,Hennur,,,Not Applicable,Customer was coughing/sick,Not Applicable,Not Applicable,408,Not Applicable,0,,
2024-07-04 15:19:00,CNR3471668580,Canceled by Customer,CID203333,Prime SUV,Marathahalli,Whitefield,,,AC is Not working,Not Applicable,Not Applicable,Not Applicable,363,Not Applicable,0,,
2024-07-09 23:31:00,CNR2085500278,Success,CID338138,Prime Plus,Whitefield,Malleshwaram,294.0,105.0,Not Applicable,Not Applicable,No,Not Applicable,260,UPI,5,4.4,3.3
2024-07-20 18:35:00,CNR5119666183,Canceled by Driver,CID892738,Prime Sedan,Peenya,Indiranagar,,,Not Applicable,Customer related issue,Not Applicable,Not Applicable,237,Not Applicable,0,,
2024-07-08 11:55:00,CNR5349523740,Success,CID867381,Auto,Peenya,Hosur Road,252.0,110.0,Not Applicable,Not Applicable,No,Not Applicable,844,Cash,9,3.5,3.2
2024-07-13 04:03:00,CNR5667623883,Success,CID839545,Bike,Peenya,MG Road,301.0,40.0,Not Applicable,Not Applicable,No,Not Applicable,467,Cash,19,4.8,3.7
2024-07-15 08:56:00,CNR2863496864,Driver Not Found,CID189053,Prime Plus,Kengeri,Hosur Road,,,Not Applicable,Not Applicable,Not Applicable,Not Applicable,174,Not Applicable,0,,
2024-07-10 06:45:00,CNR7771830871,Success,CID741905,Prime Plus,MG Road,Yeshwanthpur,168.0,35.0,Not Applicable,Not Applicable,No,Not Applicable,546,Cash,35,4.2,4.3
2024-07-16 12:14:00,CNR1116868416,Success,CID943883,Prime Sedan,Rajarajeshwari Nagar,Electronic City,84.0,40.0,Not Applicable,Not Applicable,No,Not Applicable,526,UPI,21,4.7,3.8
2024-07-11 11:18:00,CNR5726866561,Driver Not Found,CID816446,Auto,Cox Town,Frazer Town,,,Not Applicable,Not Applicable,Not Applicable,Not Applicable,243,Not Applicable,0,,
2024-07-29 19:42:00,CNR6478095848,Success,CID908985,eBike,Devanahalli,Hulimavu,196.0,65.0,Not Applicable,Not Applicable,No,Not Applicable,1957,UPI,17,3.9,3.8
2024-07-06 08:13:00,CNR9115497762,Success,CID824510,Prime Plus,Indiranagar,Hosur Road,238.0,40.0,Not Applicable,Not Applicable,No,Not Applicable,114,UPI,30,3.5,3.9
2024-07-01 05:12:00,CNR5485434503,Canceled by Driver,CID635317,Prime Sedan,Koramangala,Hennur,,,Not Applicable,Customer related issue,Not Applicable,Not Applicable,297,Not Applicable,0,,
2024-07-11 17:49:00,CNR4279255562,Canceled by Driver,CID160930,Mini,Koramangala,Richmond Town,,,Not Applicable,Personal & Car related issue,Not Applicable,Not Applicable,369,Not Applicable,0,,
2024-07-21 20:15:00,CNR4352202804,Driver Not Found,CID247851,Bike,Sahakar Nagar,Richmond Town,,,Not Applicable,Not Applicable,Not Applicable,Not Applicable,357,Not Applicable,0,,
2024-07-13 23:26:00,CNR7827301198,Success,CID557137,eBike,Kammanahalli,Ramamurthy Nagar,126.0,80.0,Not Applicable,Not Applicable,No,Not Applicable,305,Cash,3,3.0,4.1
2024-07-24 12:28:00,CNR1065102491,Success,CID352548,Bike,BTM Layout,Majestic,217.0,55.0,Not Applicable,Not Applicable,No,Not Applicable,694,Cash,10,3.4,3.1
2024-07-23 12:50:00,CNR4190209749,Success,CID901389,Bike,Yeshwanthpur,Chickpet,133.0,60.0,Not Applicable,Not Applicable,No,Not Applicable,946,Cash,29,3.3,4.6
2024-07-25 03:02:00,CNR3786864634,Canceled by Driver,CID322589,Prime Plus,Basavanagudi,Vijayanagar,,,Not Applicable,Personal & Car related issue,Not Applicable,Not Applicable,268,Not Applicable,0,,
2024-07-26 18:06:00,CNR7272662304,Success,CID226385,Prime Plus,Hennur,Bannerghatta Road,119.0,70.0,Not Applicable,Not Applicable,Yes,Customer Demand,462,Cash,15,4.9,3.3
2024-07-16 10:15:00,CNR6201165371,Success,CID292405,eBike,Shivajinagar,Devanahalli,91.0,85.0,Not Applicable,Not Applicable,No,Not Applicable,199,UPI,38,3.4,4.6
2024-07-18 19:38:00,CNR6907007255,Success,CID386309,Prime Sedan,Tumkur Road,Banashankari,98.0,75.0,Not Applicable,Not Applicable,No,Not Applicable,417,Cash,38,3.5,3.3
2024-07-28 08:29:00,CNR4464507914,Success,CID578305,Prime Plus,Rajajinagar,Langford Town,280.0,35.0,Not Applicable,Not Applicable,No,Not Applicable,435,Credit Card,21,4.4,3.9
2024-07-30 06:10:00,CNR9506238415,Success,CID424563,eBike,Langford Town,Jayanagar,245.0,100.0,Not Applicable,Not Applicable,No,Not Applicable,272,Cash,23,4.6,3.0
2024-07-11 20:41:00,CNR1535515460,Canceled by Driver,CID958824,Auto,Rajajinagar,Padmanabhanagar,,,Not Applicable,Customer related issue,Not Applicable,Not Applicable,380,Not Applicable,0,,
2024-07-19 08:50:00,CNR4990549845,Canceled by Driver,CID705373,eBike,Sarjapur Road,Vijayanagar,,,Not Applicable,Customer was coughing/sick,Not Applicable,Not Applicable,247,Not Applicable,0,,
2024-07-08 01:27:00,CNR8135084528,Success,CID953989,Prime Plus,Devanahalli,Basavanagudi,77.0,120.0,Not Applicable,Not Applicable,No,Not Applicable,197,Cash,5,4.6,4.5
2024-07-07 18:55:00,CNR5790615654,Driver Not Found,CID295692,Prime SUV,Majestic,Cox Town,,,Not Applicable,Not Applicable,Not Applicable,Not Applicable,464,Not Applicable,0,,
2024-07-19 18:03:00,CNR6237737615,Success,CID198220,Prime Sedan,Banashankari,MG Road,91.0,25.0,Not Applicable,Not Applicable,No,Not Applicable,306,UPI,5,4.5,4.1
2024-07-12 03:09:00,CNR5809736035,Success,CID649373,eBike,Mysore Road,Frazer Town,35.0,55.0,Not Applicable,Not Applicable,No,Not Applicable,293,Cash,26,3.8,4.9
2024-07-16 09:36:00,CNR6620654019,Success,CID406333,Mini,Yeshwanthpur,Tumkur Road,42.0,70.0,Not Applicable,Not Applicable,No,Not Applicable,320,UPI,4,4.3,4.9
2024-07-10 04:41:00,CNR9142782569,Success,CID565339,Prime SUV,Richmond Town,Indiranagar,175.0,140.0,Not Applicable,Not Applicable,No,Not Applicable,313,Cash,11,3.0,4.8
2024-07-06 17:03:00,CNR7429188511,Driver Not Found,CID721116,Mini,Yelahanka,BTM Layout,,,Not Applicable,Not Applicable,Not Applicable,Not Applicable,346,Not Applicable,0,,
2024-07-02 22:32:00,CNR6170448365,Success,CID689074,Auto,Kengeri,Basavanagudi,287.0,95.0,Not Applicable,Not Applicable,No,Not Applicable,1978,Cash,12,4.8,4.4
2024-07-10 16:38:00,CNR8438092589,Canceled by Driver,CID443192,Auto,Tumkur Road,Ramamurthy Nagar,,,Not Applicable,Customer related issue,Not Applicable,Not Applicable,494,Not Applicable,0,,
2024-07-18 13:47:00,CNR4361622206,Success,CID801777,eBike,Vijayanagar,Marathahalli,161.0,135.0,Not Applicable,Not Applicable,Yes,Vehicle Breakdown,468,UPI,15,3.1,3.0
2024-07-16 01:01:00,CNR7434956175,Success,CID322371,Auto,Shantinagar,Nagarbhavi,105.0,100.0,Not Applicable,Not Applicable,No,Not Applicable,2292,Cash,3,4.6,3.5
2024-07-30 21:26:00,CNR6263982015,Driver Not Found,CID567406,Auto,Basavanagudi,Kadugodi,,,Not Applicable,Not Applicable,Not Applicable,Not Applicable,122,Not Applicable,0,,
2024-07-13 14:53:00,CNR8641941008,Canceled by Driver,CID627008,eBike,Electronic City,Koramangala,,,Not Applicable,Customer was coughing/sick,Not Applicable,Not Applicable,406,Not Applicable,0,,
2024-07-12 07:41:00,CNR2701707246,Canceled by Driver,CID364169,eBike,Magadi Road,Whitefield,,,Not Applicable,Customer related issue,Not Applicable,Not Applicable,384,Not Applicable,0,,
2024-07-08 21:18:00,CNR4826889426,Success,CID100534,Bike,Chickpet,Peenya,210.0,75.0,Not Applicable,Not Applicable,No,Not Applicable,181,Cash,20,4.5,4.5
2024-07-29 09:25:00,CNR4717700299,Success,CID230868,Prime SUV,HSR Layout,HSR Layout,294.0,30.0,Not Applicable,Not Applicable,No,Not Applicable,210,Cash,32,4.4,3.9
2024-07-23 08:27:00,CNR1448591462,Success,CID138884,Bike,Malleshwaram,Langford Town,273.0,120.0,Not Applicable,Not Applicable,No,Not Applicable,477,UPI,14,3.9,3.4
2024-07-28 12:01:00,CNR8469952291,Success,CID574521,Prime SUV,Whitefield,Frazer Town,245.0,85.0,Not Applicable,Not Applicable,No,Not Applicable,542,UPI,12,3.9,3.6
2024-07-02 13:45:00,CNR2249322651,Canceled by Driver,CID196195,Prime Plus,Shantinagar,Peenya,,,Not Applicable,More than permitted people in there,Not Applicable,Not Applicable,793,Not Applicable,0,,
2024-07-13 13:57:00,CNR4428675043,Driver Not Found,CID974363,Prime Sedan,Bannerghatta Road,Langford Town,,,Not Applicable,Not Applicable,Not Applicable,Not Applicable,941,Not Applicable,0,,
2024-07-07 16:20:00,CNR5786262420,Success,CID232222,Mini,Rajarajeshwari Nagar,Bannerghatta Road,168.0,35.0,Not Applicable,Not Applicable,No,Not Applicable,1442,Cash,28,3.6,3.1
2024-07-30 00:28:00,CNR6772998344,Success,CID368897,Bike,Richmond Town,Peenya,154.0,90.0,Not Applicable,Not Applicable,No,Not Applicable,872,Cash,49,4.3,3.1
2024-07-19 22:01:00,CNR1526801504,Success,CID702232,Prime Plus,Malleshwaram,Indiranagar,210.0,135.0,Not Applicable,Not Applicable,No,Not Applicable,270,Cash,31,3.8,4.1
2024-07-28 16:15:00,CNR2788880987,Canceled by Customer,CID871324,Prime SUV,Sarjapur Road,HSR Layout,,,AC is Not working,Not Applicable,Not Applicable,Not Applicable,384,Not Applicable,0,,
2024-07-01 16:47:00,CNR8384387183,Success,CID401849,Prime Sedan,Koramangala,Nagarbhavi,42.0,95.0,Not Applicable,Not Applicable,No,Not Applicable,639,UPI,3,3.4,4.9
2024-07-30 11:02:00,CNR2794685763,Canceled by Driver,CID203395,Prime Sedan,MG Road,Hennur,,,Not Applicable,Customer related issue,Not Applicable,Not Applicable,490,Not Applicable,0,,
2024-07-11 17:11:00,CNR4839360713,Success,CID710121,Prime Plus,KR Puram,HSR Layout,133.0,105.0,Not Applicable,Not Applicable,No,Not Applicable,430,UPI,20,3.8,3.7
2024-07-19 20:42:00,CNR8522346695,Success,CID227431,Mini,MG Road,Hosur Road,280.0,50.0,Not Applicable,Not Applicable,No,Not Applicable,426,UPI,6,4.1,4.0
2024-07-30 17:54:00,CNR5349744650,Canceled by Driver,CID881988,Bike,Majestic,Banashankari,,,Not Applicable,More than permitted people in there,Not Applicable,Not Applicable,2611,Not Applicable,0,,
2024-07-09 06:53:00,CNR6787530165,Canceled by Customer,CID339632,Prime Plus,Peenya,Kammanahalli,,,Change of plans,Not Applicable,Not Applicable,Not Applicable,2488,Not Applicable,0,,
2024-07-08 07:28:00,CNR5814091217,Success,CID879451,eBike,Peenya,Rajajinagar,63.0,110.0,Not Applicable,Not Applicable,Yes,Other Issue,546,Cash,49,4.5,4.4
2024-07-11 07:41:00,CNR2345306534,Success,CID864877,eBike,Rajarajeshwari Nagar,HSR Layout,245.0,145.0,Not Applicable,Not Applicable,Yes,Vehicle Breakdown,424,Cash,19,3.6,4.4
2024-07-17 16:01:00,CNR1750901542,Success,CID306316,Auto,HSR Layout,BTM Layout,224.0,115.0,Not Applicable,Not Applicable,Yes,Customer Demand,446,Cash,5,3.7,4.3
2024-07-04 09:07:00,CNR7141795431,Success,CID350610,Prime Sedan,Chamarajpet,Hennur,231.0,75.0,Not Applicable,Not Applicable,No,Not Applicable,308,Cash,10,3.0,4.3
2024-07-13 20:10:00,CNR8099590627,Canceled by Customer,CID934395,Mini,Peenya,Langford Town,,,Driver is not moving towards pickup location,Not Applicable,Not Applicable,Not Applicable,723,Not Applicable,0,,
2024-07-03 21:14:00,CNR3291807308,Driver Not Found,CID818320,Auto,Ulsoor,Jayanagar,,,Not Applicable,Not Applicable,Not Applicable,Not Applicable,398,Not Applicable,0,,
2024-07-06 21:43:00,CNR9250777127,Success,CID566306,Prime Plus,Shantinagar,Shivajinagar,259.0,105.0,Not Applicable,Not Applicable,No,Not Applicable,225,UPI,39,4.1,4.4
2024-07-17 18:41:00,CNR4325932826,Canceled by Customer,CID313908,Auto,Magadi Road,Kadugodi,,,Driver asked to cancel,Not Applicable,Not Applicable,Not Applicable,107,Not Applicable,0,,
2024-07-04 16:04:00,CNR9833706788,Success,CID993626,Auto,Kengeri,Banashankari,119.0,60.0,Not Applicable,Not Applicable,Yes,Customer Demand,324,Cash,7,3.6,3.4
2024-07-14 12:17:00,CNR8907562296,Canceled by Driver,CID477830,Prime SUV,Rajajinagar,JP Nagar,,,Not Applicable,Customer was coughing/sick,Not Applicable,Not Applicable,302,Not Applicable,0,,
2024-07-22 14:22:00,CNR3848441556,Success,CID561218,eBike,MG Road,HSR Layout,56.0,50.0,Not Applicable,Not Applicable,No,Not Applicable,829,Cash,19,3.0,3.8
2024-07-03 02:47:00,CNR3398836874,Driver Not Found,CID461196,Auto,MG Road,Yeshwanthpur,,,Not Applicable,Not Applicable,Not Applicable,Not Applicable,207,Not Applicable,0,,
2024-07-15 05:31:00,CNR4075333339,Canceled by Driver,CID333799,eBike,Cox Town,Varthur,,,Not Applicable,Customer related issue,Not Applicable,Not Applicable,1071,Not Applicable,0,,
2024-07-25 00:13:00,CNR8020484616,Driver Not Found,CID349641,Prime Sedan,Frazer Town,Ramamurthy Nagar,,,Not Applicable,Not Applicable,Not Applicable,Not Applicable,199,Not Applicable,0,,
2024-07-16 02:43:00,CNR1756918385,Driver Not Found,CID122009,eBike,Kammanahalli,Hennur,,,Not Applicable,Not Applicable,Not Applicable,Not Applicable,178,Not Applicable,0,,
2024-07-12 17:49:00,CNR1983881455,Canceled by Driver,CID820412,Prime SUV,Frazer Town,Nagarbhavi,,,Not Applicable,More than permitted people in there,Not Applicable,Not Applicable,246,Not Applicable,0,,
2024-07-07 00:50:00,CNR3063170794,Success,CID356316,Bike,Mysore Road,Whitefield,77.0,135.0,Not Applicable,Not Applicable,No,Not Applicable,407,UPI,7,3.6,4.0
2024-07-24 02:43:00,CNR5349267534,Driver Not Found,CID179994,Mini,Basavanagudi,Mysore Road,,,Not Applicable,Not Applicable,Not Applicable,Not Applicable,189,Not Applicable,0,,
2024-07-29 11:53:00,CNR4935717984,Canceled by Driver,CID621564,Prime SUV,Kengeri,Hebbal,,,Not Applicable,Personal & Car related issue,Not Applicable,Not Applicable,496,Not Applicable,0,,
2024-07-06 06:57:00,CNR4472402579,Success,CID794083,Auto,Rajarajeshwari Nagar,Rajajinagar,217.0,95.0,Not Applicable,Not Applicable,No,Not Applicable,274,Cash,7,4.6,4.0
2024-07-20 04:44:00,CNR2189723003,Canceled by Customer,CID250242,Bike,Langford Town,Shivajinagar,,,Driver is not moving towards pickup location,Not Applicable,Not Applicable,Not Applicable,1528,Not Applicable,0,,
2024-07-14 07:46:00,CNR4877464765,Canceled by Driver,CID678221,Prime Sedan,JP Nagar,Bellandur,,,Not Applicable,More than permitted people in there,Not Applicable,Not Applicable,109,Not Applicable,0,,
2024-07-22 13:33:00,CNR4104964528,Success,CID521965,Prime Plus,Marathahalli,Yelahanka,175.0,45.0,Not Applicable,Not Applicable,No,Not Applicable,2993,Cash,49,3.2,3.9
2024-07-02 09:10:00,CNR8946482401,Success,CID131824,Prime Plus,Varthur,Hebbal,238.0,120.0,Not Applicable,Not Applicable,No,Not Applicable,413,Cash,37,4.1,3.5
2024-07-27 04:25:00,CNR7465190594,Success,CID393737,Prime Plus,Ramamurthy Nagar,Bannerghatta Road,266.0,140.0,Not Applicable,Not Applicable,No,Not Applicable,126,Cash,18,4.9,4.7
2024-07-16 04:07:00,CNR6577527493,Canceled by Driver,CID815961,Auto,Kadugodi,Sarjapur Road,,,Not Applicable,Customer was coughing/sick,Not Applicable,Not Applicable,207,Not Applicable,0,,
2024-07-11 08:29:00,CNR6342538974,Success,CID667671,Auto,MG Road,Rajarajeshwari Nagar,189.0,140.0,Not Applicable,Not Applicable,No,Not Applicable,934,Cash,3,3.1,4.4
2024-07-06 09:51:00,CNR3505921016,Success,CID636999,Bike,Electronic City,Bannerghatta Road,259.0,70.0,Not Applicable,Not Applicable,No,Not Applicable,302,Cash,24,4.8,4.0
2024-07-27 11:29:00,CNR9047809929,Success,CID369233,Bike,Langford Town,Langford Town,42.0,120.0,Not Applicable,Not Applicable,No,Not Applicable,139,Cash,6,3.1,3.7
2024-07-16 14:58:00,CNR8677336567,Driver Not Found,CID588921,Mini,Hebbal,Varthur,,,Not Applicable,Not Applicable,Not Applicable,Not Applicable,1968,Not Applicable,0,,
2024-07-27 20:34:00,CNR3929062867,Canceled by Driver,CID138146,Prime Plus,HSR Layout,Hebbal,,,Not Applicable,Personal & Car related issue,Not Applicable,Not Applicable,222,Not Applicable,0,,
2024-07-20 10:46:00,CNR8003025201,Canceled by Driver,CID197873,Prime Plus,Bellandur,Jayanagar,,,Not Applicable,Customer related issue,Not Applicable,Not Applicable,2690,Not Applicable,0,,
2024-07-08 12:54:00,CNR1434368439,Success,CID620728,Prime Plus,Hebbal,RT Nagar,280.0,65.0,Not Applicable,Not Applicable,No,Not Applicable,261,Cash,21,3.6,5.0
2024-07-21 21:50:00,CNR3506946428,Success,CID596400,Prime Sedan,KR Puram,Rajajinagar,210.0,95.0,Not Applicable,Not Applicable,No,Not Applicable,676,UPI,13,4.7,3.4
2024-07-14 12:38:00,CNR4069546820,Canceled by Driver,CID533845,Prime SUV,Electronic City,Basavanagudi,,,Not Applicable,Customer was coughing/sick,Not Applicable,Not Applicable,431,Not Applicable,0,,
2024-07-16 10:08:00,CNR6248049278,Canceled by Customer,CID435942,Prime Sedan,Hosur Road,RT Nagar,,,Driver is not moving towards pickup location,Not Applicable,Not Applicable,Not Applicable,424,Not Applicable,0,,
2024-07-17 11:42:00,CNR2884202901,Canceled by Customer,CID630219,Prime SUV,Yeshwanthpur,Rajajinagar,,,Driver asked to cancel,Not Applicable,Not Applicable,Not Applicable,288,Not Applicable,0,,
2024-07-17 13:43:00,CNR4608939665,Success,CID757668,Auto,Peenya,KR Puram,273.0,65.0,Not Applicable,Not Applicable,No,Not Applicable,237,UPI,18,3.1,4.4
2024-07-26 01:14:00,CNR6876241248,Canceled by Driver,CID174341,Prime SUV,Bannerghatta Road,KR Puram,,,Not Applicable,Personal & Car related issue,Not Applicable,Not Applicable,303,Not Applicable,0,,
2024-07-18 08:46:00,CNR7946061279,Success,CID907250,Mini,Shantinagar,Padmanabhanagar,91.0,35.0,Not Applicable,Not Applicable,No,Not Applicable,221,Cash,16,3.5,3.9
2024-07-26 13:56:00,CNR7146629405,Success,CID954401,Bike,Kengeri,MG Road,98.0,120.0,Not Applicable,Not Applicable,No,Not Applicable,356,Cash,8,3.8,4.7
2024-07-06 10:00:00,CNR7208474659,Driver Not Found,CID458329,Prime Sedan,Peenya,Kadugodi,,,Not Applicable,Not Applicable,Not Applicable,Not Applicable,1016,Not Applicable,0,,
2024-07-09 10:02:00,CNR7635272886,Success,CID634771,Mini,Frazer Town,Whitefield,294.0,70.0,Not Applicable,Not Applicable,No,Not Applicable,419,Cash,42,5.0,3.7
2024-07-20 00:22:00,CNR2688544692,Success,CID878658,Prime Plus,KR Puram,Devanahalli,245.0,110.0,Not Applicable,Not Applicable,No,Not Applicable,487,Cash,41,3.3,4.5
2024-07-02 05:23:00,CNR5778915028,Success,CID671724,Bike,Varthur,HSR Layout,140.0,70.0,Not Applicable,Not Applicable,No,Not Applicable,709,Cash,32,3.2,4.2
2024-07-14 11:37:00,CNR4737102423,Success,CID591622,Bike,Frazer Town,MG Road,280.0,120.0,Not Applicable,Not Applicable,No,Not Applicable,764,Cash,46,4.3,3.3
2024-07-30 13:16:00,CNR6471863744,Driver Not Found,CID448645,Prime Plus,Rajarajeshwari Nagar,Frazer Town,,,Not Applicable,Not Applicable,Not Applicable,Not Applicable,335,Not Applicable,0,,
2024-07-09 06:54:00,CNR4257666261,Success,CID893570,eBike,Devanahalli,Whitefield,154.0,95.0,Not Applicable,Not Applicable,No,Not Applicable,123,Cash,38,3.5,3.3
2024-07-11 12:27:00,CNR2000865126,Canceled by Driver,CID816629,Prime Sedan,Devanahalli,Rajarajeshwari Nagar,,,Not Applicable,Customer related issue,Not Applicable,Not Applicable,311,Not Applicable,0,,
2024-07-22 07:21:00,CNR2855943640,Driver Not Found,CID696089,Mini,Ulsoor,Yelahanka,,,Not Applicable,Not Applicable,Not Applicable,Not Applicable,948,Not Applicable,0,,
2024-07-15 05:13:00,CNR4982496072,Canceled by Customer,CID832595,Prime Sedan,JP Nagar,Padmanabhanagar,,,Change of plans,Not Applicable,Not Applicable,Not Applicable,608,Not Applicable,0,,
2024-07-23 17:49:00,CNR7435592897,Success,CID766825,Mini,JP Nagar,Magadi Road,126.0,30.0,Not Applicable,Not Applicable,No,Not Applicable,430,UPI,17,4.6,4.9
2024-07-21 12:20:00,CNR1910017260,Driver Not Found,CID804301,Mini,Rajajinagar,Malleshwaram,,,Not Applicable,Not Applicable,Not Applicable,Not Applicable,118,Not Applicable,0,,
2024-07-12 11:39:00,CNR1807547576,Canceled by Driver,CID904489,Auto,Bannerghatta Road,Shantinagar,,,Not Applicable,Personal & Car related issue,Not Applicable,Not Applicable,2032,Not Applicable,0,,
2024-07-24 19:07:00,CNR8321153425,Success,CID974392,Mini,Yeshwanthpur,Yelahanka,168.0,120.0,Not Applicable,Not Applicable,No,Not Applicable,846,Cash,14,4.0,4.7
2024-07-22 20:47:00,CNR5816482288,Canceled by Driver,CID438920,Bike,Cox Town,Marathahalli,,,Not Applicable,Customer related issue,Not Applicable,Not Applicable,1924,Not Applicable,0,,
2024-07-03 11:34:00,CNR3215280679,Success,CID889377,Prime Plus,Ramamurthy Nagar,Rajarajeshwari Nagar,308.0,35.0,Not Applicable,Not Applicable,No,Not Applicable,153,Cash,16,3.4,3.2
2024-07-16 05:00:00,CNR6052890762,Success,CID484653,eBike,Langford Town,Ulsoor,77.0,120.0,Not Applicable,Not Applicable,No,Not Applicable,165,UPI,43,3.6,3.2
2024-07-02 17:36:00,CNR9134563125,Driver Not Found,CID120580,eBike,Mysore Road,Magadi Road,,,Not Applicable,Not Applicable,Not Applicable,Not Applicable,226,Not Applicable,0,,
2024-07-16 14:54:00,CNR4408475143,Canceled by Driver,CID825211,Bike,Electronic City,Kammanahalli,,,Not Applicable,Personal & Car related issue,Not Applicable,Not Applicable,497,Not Applicable,0,,
2024-07-16 13:36:00,CNR1877150254,Driver Not Found,CID595080,Prime SUV,Shivajinagar,Bannerghatta Road,,,Not Applicable,Not Applicable,Not Applicable,Not Applicable,212,Not Applicable,0,,
2024-07-01 07:44:00,CNR1753160915,Canceled by Driver,CID820773,Prime Sedan,Peenya,Malleshwaram,,,Not Applicable,Personal & Car related issue,Not Applicable,Not Applicable,204,Not Applicable,0,,
2024-07-23 03:10:00,CNR4081876081,Success,CID195135,Prime Plus,Jayanagar,Banashankari,189.0,95.0,Not Applicable,Not Applicable,No,Not Applicable,878,Cash,43,3.8,4.4
2024-07-22 18:29:00,CNR1389803226,Driver Not Found,CID625715,eBike,Padmanabhanagar,BTM Layout,,,Not Applicable,Not Applicable,Not Applicable,Not Applicable,252,Not Applicable,0,,
2024-07-07 20:53:00,CNR7994407550,Success,CID583737,Prime Plus,Basavanagudi,Sarjapur Road,280.0,145.0,Not Applicable,Not Applicable,No,Not Applicable,373,Cash,48,4.4,3.4
2024-07-06 09:21:00,CNR9594596811,Driver Not Found,CID622916,eBike,Majestic,MG Road,,,Not Applicable,Not Applicable,Not Applicable,Not Applicable,356,Not Applicable,0,,
2024-07-26 11:40:00,CNR2438173936,Success,CID678596,Mini,Kammanahalli,Magadi Road,182.0,40.0,Not Applicable,Not Applicable,No,Not Applicable,493,UPI,48,3.7,4.5
2024-07-09 21:24:00,CNR5505263570,Success,CID490847,Bike,Majestic,Kammanahalli,42.0,135.0,Not Applicable,Not Applicable,No,Not Applicable,101,Cash,13,4.4,4.2
2024-07-19 14:18:00,CNR2136492550,Success,CID451106,Auto,Ramamurthy Nagar,Bellandur,133.0,30.0,Not Applicable,Not Applicable,No,Not Applicable,274,UPI,18,4.2,4.9
2024-07-11 05:27:00,CNR8696320125,Success,CID617267,eBike,Bellandur,Ramamurthy Nagar,280.0,95.0,Not Applicable,Not Applicable,No,Not Applicable,796,Cash,10,3.2,4.2
2024-07-25 08:40:00,CNR6575664534,Success,CID134140,Mini,Shivajinagar,Chickpet,266.0,85.0,Not Applicable,Not Applicable,No,Not Applicable,332,UPI,30,4.2,4.8
2024-07-24 18:07:00,CNR9902864038,Success,CID863133,Auto,Whitefield,Kadugodi,35.0,45.0,Not Applicable,Not Applicable,No,Not Applicable,199,Cash,14,4.1,5.0
2024-07-22 08:17:00,CNR1095061004,Success,CID528106,eBike,Whitefield,Peenya,63.0,85.0,Not Applicable,Not Applicable,No,Not Applicable,510,UPI,33,3.1,3.7
2024-07-17 21:36:00,CNR3170564831,Canceled by Customer,CID198131,Prime SUV,Langford Town,RT Nagar,,,Wrong Address,Not Applicable,Not Applicable,Not Applicable,369,Not Applicable,0,,
2024-07-17 07:32:00,CNR9151583214,Canceled by Driver,CID137906,eBike,Koramangala,Cox Town,,,Not Applicable,Customer was coughing/sick,Not Applicable,Not Applicable,128,Not Applicable,0,,
2024-07-23 07:44:00,CNR1294795524,Success,CID585779,Prime SUV,Bannerghatta Road,Rajarajeshwari Nagar,112.0,120.0,Not Applicable,Not Applicable,No,Not Applicable,171,Cash,34,3.1,3.1
2024-07-18 19:03:00,CNR2763825155,Success,CID416322,Prime Sedan,RT Nagar,Langford Town,112.0,90.0,Not Applicable,Not Applicable,No,Not Applicable,522,Cash,22,4.6,3.1
2024-07-03 05:18:00,CNR8916911741,Success,CID630412,Mini,Richmond Town,Rajarajeshwari Nagar,217.0,70.0,Not Applicable,Not Applicable,No,Not Applicable,154,Cash,27,4.9,3.8
2024-07-11 04:50:00,CNR3528140992,Canceled by Driver,CID854904,Prime Sedan,Whitefield,Basavanagudi,,,Not Applicable,Customer was coughing/sick,Not Applicable,Not Applicable,752,Not Applicable,0,,
2024-07-25 20:52:00,CNR4253283630,Success,CID267396,Mini,Yelahanka,Banashankari,168.0,60.0,Not Applicable,Not Applicable,No,Not Applicable,165,Cash,18,4.1,4.6
2024-07-08 03:17:00,CNR2366407681,Success,CID346559,Mini,Tumkur Road,Hulimavu,70.0,35.0,Not Applicable,Not Applicable,No,Not Applicable,619,UPI,36,4.9,3.9
2024-07-13 19:19:00,CNR1465623812,Success,CID664077,Prime Sedan,Varthur,Chickpet,154.0,95.0,Not Applicable,Not Applicable,No,Not Applicable,292,Cash,30,3.2,5.0
2024-07-24 19:00:00,CNR1918303632,Success,CID709290,Mini,Frazer Town,Ulsoor,77.0,95.0,Not Applicable,Not Applicable,No,Not Applicable,355,Cash,46,4.9,4.3
2024-07-26 12:27:00,CNR1937762543,Success,CID867477,Bike,Yeshwanthpur,Hebbal,126.0,25.0,Not Applicable,Not Applicable,No,Not Applicable,357,Cash,19,4.3,4.2
2024-07-30 13:49:00,CNR9821657231,Canceled by Driver,CID317148,eBike,KR Puram,Frazer Town,,,Not Applicable,Customer was coughing/sick,Not Applicable,Not Applicable,180,Not Applicable,0,,
2024-07-21 08:29:00,CNR3060555922,Success,CID359438,Prime Sedan,Sahakar Nagar,Bellandur,273.0,95.0,Not Applicable,Not Applicable,No,Not Applicable,297,Cash,1,5.0,3.8
2024-07-18 16:07:00,CNR8936118445,Success,CID315494,Prime Plus,Hennur,Mysore Road,308.0,140.0,Not Applicable,Not Applicable,No,Not Applicable,954,UPI,43,4.3,3.3
2024-07-16 01:21:00,CNR2598816154,Canceled by Customer,CID499154,eBike,JP Nagar,Sarjapur Road,,,Driver asked to cancel,Not Applicable,Not Applicable,Not Applicable,669,Not Applicable,0,,
2024-07-21 21:32:00,CNR1747834913,Canceled by Driver,CID293748,Mini,Jayanagar,Kadugodi,,,Not Applicable,Customer related issue,Not Applicable,Not Applicable,827,Not Applicable,0,,
2024-07-25 18:46:00,CNR8872567481,Success,CID772097,Auto,KR Puram,Kengeri,35.0,70.0,Not Applicable,Not Applicable,No,Not Applicable,621,Cash,2,4.9,4.8
2024-07-20 13:30:00,CNR3242400725,Success,CID865254,Prime Sedan,Yeshwanthpur,Frazer Town,35.0,40.0,Not Applicable,Not Applicable,No,Not Applicable,242,Cash,1,3.5,4.7
2024-07-20 09:14:00,CNR3419734691,Canceled by Driver,CID900004,Prime SUV,Shantinagar,Hosur Road,,,Not Applicable,More than permitted people in there,Not Applicable,Not Applicable,280,Not Applicable,0,,
2024-07-03 02:58:00,CNR9690649795,Success,CID177484,Prime Plus,Vijayanagar,Kengeri,203.0,145.0,Not Applicable,Not Applicable,No,Not Applicable,344,UPI,32,3.8,4.3
2024-07-29 15:53:00,CNR4467869161,Success,CID772362,Prime Sedan,Langford Town,Richmond Town,203.0,65.0,Not Applicable,Not Applicable,No,Not Applicable,622,Cash,35,3.2,3.8
2024-07-20 08:02:00,CNR1499049660,Success,CID851295,Auto,Hosur Road,Devanahalli,133.0,75.0,Not Applicable,Not Applicable,No,Not Applicable,181,UPI,2,3.8,3.6
2024-07-21 21:06:00,CNR3258627395,Canceled by Customer,CID675700,Prime Plus,Hennur,Whitefield,,,Driver asked to cancel,Not Applicable,Not Applicable,Not Applicable,496,Not Applicable,0,,
2024-07-02 18:40:00,CNR1975154640,Success,CID934664,Prime Sedan,Yelahanka,Hebbal,280.0,140.0,Not Applicable,Not Applicable,No,Not Applicable,507,Credit Card,9,3.5,4.2
2024-07-27 13:28:00,CNR8557126682,Success,CID833455,Bike,Kammanahalli,Ulsoor,91.0,100.0,Not Applicable,Not Applicable,No,Not Applicable,2943,Cash,14,4.3,4.8
2024-07-12 20:36:00,CNR6741055222,Driver Not Found,CID649216,Prime SUV,Chickpet,Whitefield,,,Not Applicable,Not Applicable,Not Applicable,Not Applicable,459,Not Applicable,0,,
2024-07-04 21:39:00,CNR1238470283,Success,CID276246,Prime Sedan,Majestic,Nagarbhavi,224.0,90.0,Not Applicable,Not Applicable,No,Not Applicable,308,Cash,43,4.5,3.5
2024-07-29 00:00:00,CNR9658363730,Canceled by Driver,CID601970,Prime SUV,HSR Layout,Hennur,,,Not Applicable,Customer related issue,Not Applicable,Not Applicable,366,Not Applicable,0,,
2024-07-05 17:19:00,CNR1344928279,Driver Not Found,CID533161,eBike,Langford Town,Magadi Road,,,Not Applicable,Not Applicable,Not Applicable,Not Applicable,661,Not Applicable,0,,
2024-07-22 06:36:00,CNR1095499151,Canceled by Customer,CID607192,Prime Sedan,Malleshwaram,Hulimavu,,,Driver is not moving towards pickup location,Not Applicable,Not Applicable,Not Applicable,714,Not Applicable,0,,
2024-07-22 16:19:00,CNR2370834358,Success,CID446841,Prime Sedan,Magadi Road,Magadi Road,231.0,95.0,Not Applicable,Not Applicable,No,Not Applicable,427,UPI,32,4.2,4.6
2024-07-15 11:03:00,CNR6728214697,Success,CID592642,Prime Plus,Cox Town,Basavanagudi,91.0,145.0,Not Applicable,Not Applicable,No,Not Applicable,520,UPI,17,3.5,4.8
2024-07-13 04:38:00,CNR2753912648,Success,CID904908,Mini,Richmond Town,MG Road,294.0,70.0,Not Applicable,Not Applicable,No,Not Applicable,376,Cash,2,4.6,4.6
2024-07-11 16:04:00,CNR9483692120,Success,CID300336,Mini,Koramangala,Rajajinagar,77.0,55.0,Not Applicable,Not Applicable,No,Not Applicable,222,UPI,5,3.3,4.3
2024-07-04 00:07:00,CNR2389240751,Success,CID112547,Auto,RT Nagar,Yeshwanthpur,273.0,110.0,Not Applicable,Not Applicable,No,Not Applicable,238,Cash,9,3.8,3.6
2024-07-23 09:44:00,CNR6786836308,Success,CID635548,eBike,Ulsoor,Nagarbhavi,266.0,105.0,Not Applicable,Not Applicable,Yes,Customer Demand,132,Debit Card,30,4.5,4.5
2024-07-14 15:41:00,CNR9390208144,Success,CID768954,Prime Plus,Mysore Road,Hosur Road,84.0,90.0,Not Applicable,Not Applicable,No,Not Applicable,168,UPI,46,3.2,3.6
2024-07-10 15:59:00,CNR2777456964,Success,CID647204,Auto,Richmond Town,Sahakar Nagar,301.0,135.0,Not Applicable,Not Applicable,No,Not Applicable,996,UPI,10,3.3,4.4
2024-07-22 04:05:00,CNR2630407819,Success,CID768317,Auto,Peenya,Hebbal,63.0,60.0,Not Applicable,Not Applicable,No,Not Applicable,193,Cash,6,3.4,4.6
2024-07-08 17:19:00,CNR4459166988,Success,CID352580,Auto,Mysore Road,Koramangala,84.0,60.0,Not Applicable,Not Applicable,No,Not Applicable,501,UPI,11,4.5,3.9
2024-07-18 05:32:00,CNR3049223742,Success,CID535714,Auto,Malleshwaram,Sarjapur Road,112.0,120.0,Not Applicable,Not Applicable,No,Not Applicable,388,Cash,14,4.0,4.5
2024-07-06 13:33:00,CNR8044661553,Success,CID330489,Bike,Bannerghatta Road,BTM Layout,84.0,75.0,Not Applicable,Not Applicable,No,Not Applicable,520,Cash,27,4.3,3.7
2024-07-29 15:34:00,CNR8182437532,Canceled by Driver,CID214245,Prime Sedan,Shivajinagar,Indiranagar,,,Not Applicable,Personal & Car related issue,Not Applicable,Not Applicable,224,Not Applicable,0,,
2024-07-10 04:45:00,CNR9116867177,Canceled by Driver,CID940455,Prime SUV,Yeshwanthpur,Shantinagar,,,Not Applicable,Personal & Car related issue,Not Applicable,Not Applicable,180,Not Applicable,0,,
2024-07-07 15:28:00,CNR2189086013,Canceled by Driver,CID645542,Prime Plus,Yelahanka,Basavanagudi,,,Not Applicable,Personal & Car related issue,Not Applicable,Not Applicable,141,Not Applicable,0,,
2024-07-09 06:45:00,CNR1557415817,Success,CID725387,Prime Sedan,Chamarajpet,Chamarajpet,63.0,125.0,Not Applicable,Not Applicable,No,Not Applicable,134,Cash,48,4.2,3.8
2024-07-09 04:02:00,CNR6298712670,Success,CID445958,Bike,Jayanagar,Bellandur,217.0,65.0,Not Applicable,Not Applicable,No,Not Applicable,300,Cash,9,3.5,3.1
2024-07-09 01:49:00,CNR8705971977,Success,CID870440,Mini,Peenya,Hulimavu,154.0,55.0,Not Applicable,Not Applicable,No,Not Applicable,478,Cash,46,4.0,4.6
2024-07-14 21:20:00,CNR7931700670,Success,CID216210,eBike,Peenya,Ramamurthy Nagar,203.0,40.0,Not Applicable,Not Applicable,No,Not Applicable,2965,UPI,42,4.8,4.1
2024-07-14 12:55:00,CNR1173534190,Success,CID956688,Mini,Marathahalli,Cox Town,203.0,30.0,Not Applicable,Not Applicable,No,Not Applicable,344,Cash,40,4.0,3.8
2024-07-22 04:59:00,CNR3873398064,Canceled by Driver,CID817199,eBike,Electronic City,HSR Layout,,,Not Applicable,Personal & Car related issue,Not Applicable,Not Applicable,417,Not Applicable,0,,
2024-07-13 10:50:00,CNR2470031305,Success,CID177205,Auto,Chickpet,Nagarbhavi,70.0,90.0,Not Applicable,Not Applicable,No,Not Applicable,115,Cash,3,4.8,4.7
2024-07-09 05:55:00,CNR4471548941,Canceled by Driver,CID905449,Mini,Hebbal,Basavanagudi,,,Not Applicable,More than permitted people in there,Not Applicable,Not Applicable,279,Not Applicable,0,,
2024-07-05 19:43:00,CNR4503039954,Driver Not Found,CID200586,Prime Plus,Jayanagar,Vijayanagar,,,Not Applicable,Not Applicable,Not Applicable,Not Applicable,2677,Not Applicable,0,,
2024-07-28 00:34:00,CNR7599233755,Success,CID695055,Mini,Chamarajpet,Hosur Road,203.0,25.0,Not Applicable,Not Applicable,No,Not Applicable,382,UPI,2,3.8,4.5
2024-07-18 11:42:00,CNR5349179333,Success,CID106688,Prime SUV,KR Puram,JP Nagar,133.0,35.0,Not Applicable,Not Applicable,No,Not Applicable,502,UPI,43,5.0,4.1
2024-07-06 02:59:00,CNR4462189994,Success,CID607481,Prime Sedan,Hosur Road,Hebbal,35.0,80.0,Not Applicable,Not Applicable,No,Not Applicable,256,Cash,15,4.0,3.7
2024-07-19 09:43:00,CNR1905201245,Success,CID295339,Prime Plus,Rajajinagar,Varthur,105.0,40.0,Not Applicable,Not Applicable,No,Not Applicable,340,UPI,45,3.1,3.6
2024-07-16 02:05:00,CNR5239053613,Canceled by Driver,CID507112,Auto,Basavanagudi,Banashankari,,,Not Applicable,More than permitted people in there,Not Applicable,Not Applicable,130,Not Applicable,0,,
2024-07-19 16:26:00,CNR2192713962,Success,CID794829,Bike,Kammanahalli,Indiranagar,217.0,35.0,Not Applicable,Not Applicable,Yes,Vehicle Breakdown,398,Cash,49,3.6,3.7
2024-07-30 09:11:00,CNR6165976015,Success,CID802193,Bike,Whitefield,Yeshwanthpur,91.0,140.0,Not Applicable,Not Applicable,No,Not Applicable,412,Cash,49,3.8,4.8
2024-07-18 18:03:00,CNR9247120183,Canceled by Driver,CID584898,Prime Sedan,Koramangala,Hebbal,,,Not Applicable,Personal & Car related issue,Not Applicable,Not Applicable,1383,Not Applicable,0,,
2024-07-27 01:29:00,CNR1922482163,Canceled by Driver,CID674270,Prime SUV,Varthur,JP Nagar,,,Not Applicable,More than permitted people in there,Not Applicable,Not Applicable,775,Not Applicable,0,,
2024-07-07 16:03:00,CNR9202360408,Canceled by Driver,CID498712,Prime Plus,JP Nagar,Devanahalli,,,Not Applicable,Customer related issue,Not Applicable,Not Applicable,514,Not Applicable,0,,
2024-07-18 23:37:00,CNR4214014277,Success,CID238281,Prime SUV,Kadugodi,Basavanagudi,301.0,90.0,Not Applicable,Not Applicable,No,Not Applicable,300,UPI,5,4.8,4.1
2024-07-06 09:29:00,CNR2062591211,Success,CID489883,Bike,Ulsoor,Peenya,140.0,145.0,Not Applicable,Not Applicable,No,Not Applicable,1432,UPI,39,4.4,4.1
2024-07-08 13:15:00,CNR3128021010,Success,CID948626,Prime Sedan,Marathahalli,Richmond Town,175.0,80.0,Not Applicable,Not Applicable,No,Not Applicable,377,Cash,39,3.1,4.6
2024-07-15 03:48:00,CNR9177465421,Success,CID932961,Prime SUV,Yelahanka,Electronic City,70.0,115.0,Not Applicable,Not Applicable,No,Not Applicable,321,Cash,41,4.1,3.4
2024-07-05 11:15:00,CNR1854125718,Success,CID214980,Auto,Jayanagar,Hulimavu,91.0,130.0,Not Applicable,Not Applicable,No,Not Applicable,877,Cash,19,3.6,3.1
2024-07-01 02:19:00,CNR4181345085,Success,CID291843,Auto,MG Road,Magadi Road,252.0,75.0,Not Applicable,Not Applicable,No,Not Applicable,522,Cash,18,4.9,4.4
2024-07-17 22:35:00,CNR6029814700,Canceled by Driver,CID816775,Auto,Hennur,KR Puram,,,Not Applicable,Customer related issue,Not Applicable,Not Applicable,163,Not Applicable,0,,
2024-07-05 11:58:00,CNR3338965387,Success,CID683141,Prime Plus,KR Puram,Kammanahalli,98.0,85.0,Not Applicable,Not Applicable,No,Not Applicable,458,Cash,10,3.4,4.0
2024-07-19 23:36:00,CNR8994485774,Success,CID359660,Prime SUV,Kengeri,Peenya,196.0,45.0,Not Applicable,Not Applicable,No,Not Applicable,2947,UPI,24,3.2,3.0
2024-07-13 10:56:00,CNR9441629996,Success,CID721807,Prime Plus,Kammanahalli,Shivajinagar,203.0,25.0,Not Applicable,Not Applicable,No,Not Applicable,339,Cash,7,4.4,4.5
2024-07-06 00:08:00,CNR1386050689,Success,CID330487,Prime Plus,KR Puram,Indiranagar,35.0,65.0,Not Applicable,Not Applicable,No,Not Applicable,230,Cash,16,4.4,4.1
2024-07-02 03:12:00,CNR6120555816,Canceled by Driver,CID161593,Prime Sedan,Yeshwanthpur,Devanahalli,,,Not Applicable,More than permitted people in there,Not Applicable,Not Applicable,432,Not Applicable,0,,
2024-07-17 21:25:00,CNR6806902489,Success,CID961182,Prime Sedan,Cox Town,Yeshwanthpur,133.0,75.0,Not Applicable,Not Applicable,No,Not Applicable,547,UPI,4,4.9,4.4
2024-07-17 09:24:00,CNR1064444256,Success,CID778646,Prime Plus,Marathahalli,Richmond Town,231.0,100.0,Not Applicable,Not Applicable,No,Not Applicable,646,UPI,1,3.7,3.7
2024-07-12 01:41:00,CNR2607614049,Driver Not Found,CID989653,eBike,Sarjapur Road,Rajajinagar,,,Not Applicable,Not Applicable,Not Applicable,Not Applicable,684,Not Applicable,0,,
2024-07-02 05:31:00,CNR3979695261,Success,CID155239,Prime SUV,Basavanagudi,RT Nagar,168.0,35.0,Not Applicable,Not Applicable,No,Not Applicable,647,UPI,15,3.7,3.5
2024-07-15 15:07:00,CNR3183991267,Success,CID531160,Auto,KR Puram,Ramamurthy Nagar,119.0,80.0,Not Applicable,Not Applicable,No,Not Applicable,455,Cash,3,3.6,3.4
2024-07-24 10:49:00,CNR7004959669,Canceled by Driver,CID742774,Auto,Cox Town,Frazer Town,,,Not Applicable,More than permitted people in there,Not Applicable,Not Applicable,802,Not Applicable,0,,
2024-07-19 05:12:00,CNR5571376770,Success,CID534010,Mini,Mysore Road,Magadi Road,63.0,65.0,Not Applicable,Not Applicable,No,Not Applicable,307,Cash,22,3.5,3.5
2024-07-12 19:09:00,CNR3118661863,Success,CID992828,Auto,Shivajinagar,Hennur,259.0,110.0,Not Applicable,Not Applicable,No,Not Applicable,770,UPI,17,4.2,4.3
2024-07-25 14:32:00,CNR5039581637,Success,CID354956,Prime SUV,Koramangala,Hulimavu,105.0,90.0,Not Applicable,Not Applicable,No,Not Applicable,485,UPI,4,3.3,4.6
2024-07-07 03:30:00,CNR9857265975,Success,CID566408,Auto,Langford Town,Banashankari,42.0,50.0,Not Applicable,Not Applicable,No,Not Applicable,834,Cash,9,4.5,3.9
2024-07-24 19:33:00,CNR1669386588,Canceled by Driver,CID985912,Prime Sedan,BTM Layout,Electronic City,,,Not Applicable,Customer was coughing/sick,Not Applicable,Not Applicable,195,Not Applicable,0,,
2024-07-09 16:54:00,CNR4519575012,Success,CID579222,Prime Plus,Marathahalli,JP Nagar,301.0,60.0,Not Applicable,Not Applicable,No,Not Applicable,1561,Cash,33,3.3,3.7
2024-07-30 16:23:00,CNR4203910666,Success,CID339135,Bike,Richmond Town,Chickpet,196.0,65.0,Not Applicable,Not Applicable,No,Not Applicable,436,UPI,15,3.2,4.7
2024-07-07 07:03:00,CNR1905564986,Success,CID989437,Prime Plus,Varthur,Whitefield,49.0,50.0,Not Applicable,Not Applicable,No,Not Applicable,313,Cash,27,3.3,4.1
2024-07-10 10:41:00,CNR9142194131,Success,CID308380,Auto,Banashankari,Peenya,238.0,110.0,Not Applicable,Not Applicable,No,Not Applicable,204,Cash,11,4.1,4.1
2024-07-27 00:56:00,CNR8018315431,Driver Not Found,CID286665,Prime Plus,Chickpet,Kammanahalli,,,Not Applicable,Not Applicable,Not Applicable,Not Applicable,321,Not Applicable,0,,
2024-07-02 22:41:00,CNR2398182225,Canceled by Driver,CID428513,Bike,KR Puram,Hennur,,,Not Applicable,Personal & Car related issue,Not Applicable,Not Applicable,602,Not Applicable,0,,
2024-07-18 06:09:00,CNR6707585140,Canceled by Driver,CID782024,Prime Plus,Jayanagar,Tumkur Road,,,Not Applicable,Personal & Car related issue,Not Applicable,Not Applicable,1895,Not Applicable,0,,
2024-07-08 10:10:00,CNR4249251552,Canceled by Driver,CID715354,Prime Plus,Devanahalli,Sarjapur Road,,,Not Applicable,Customer related issue,Not Applicable,Not Applicable,396,Not Applicable,0,,
2024-07-02 12:43:00,CNR7706264351,Canceled by Driver,CID124257,Prime Plus,Electronic City,Varthur,,,Not Applicable,More than permitted people in there,Not Applicable,Not Applicable,780,Not Applicable,0,,
2024-07-08 12:43:00,CNR7055849699,Canceled by Driver,CID748111,Prime Sedan,Sarjapur Road,Kadugodi,,,Not Applicable,More than permitted people in there,Not Applicable,Not Applicable,980,Not Applicable,0,,
2024-07-09 11:02:00,CNR1462409125,Success,CID100853,eBike,Basavanagudi,Vijayanagar,273.0,45.0,Not Applicable,Not Applicable,No,Not Applicable,190,Credit Card,5,4.0,3.4
2024-07-11 19:01:00,CNR4639549016,Driver Not Found,CID551159,Bike,Magadi Road,Shantinagar,,,Not Applicable,Not Applicable,Not Applicable,Not Applicable,432,Not Applicable,0,,
2024-07-24 20:03:00,CNR2912464943,Success,CID273625,Auto,Padmanabhanagar,Cox Town,287.0,50.0,Not Applicable,Not Applicable,No,Not Applicable,926,Cash,18,3.6,4.4
2024-07-03 00:58:00,CNR6534133857,Success,CID502995,Prime SUV,Kengeri,Hosur Road,259.0,140.0,Not Applicable,Not Applicable,No,Not Applicable,139,UPI,16,3.8,4.9
2024-07-28 00:27:00,CNR3667126283,Success,CID927567,Prime Plus,Marathahalli,Hosur Road,140.0,110.0,Not Applicable,Not Applicable,No,Not Applicable,2112,Cash,35,3.6,3.7
2024-07-28 12:32:00,CNR6481187833,Success,CID120748,Bike,Peenya,Shantinagar,126.0,25.0,Not Applicable,Not Applicable,No,Not Applicable,414,Cash,30,4.0,3.9
2024-07-09 19:09:00,CNR9527264951,Success,CID160841,eBike,Bellandur,Vijayanagar,189.0,75.0,Not Applicable,Not Applicable,No,Not Applicable,594,UPI,32,4.4,3.7
2024-07-03 06:52:00,CNR8858254384,Success,CID837730,eBike,Vijayanagar,Langford Town,154.0,95.0,Not Applicable,Not Applicable,No,Not Applicable,179,Cash,29,3.7,5.0
2024-07-11 20:12:00,CNR2404575353,Success,CID569279,Prime SUV,Kadugodi,Whitefield,245.0,130.0,Not Applicable,Not Applicable,No,Not Applicable,762,Cash,30,4.1,4.5
2024-07-06 21:59:00,CNR6644452413,Success,CID116471,Prime Plus,Shivajinagar,Nagarbhavi,147.0,35.0,Not Applicable,Not Applicable,No,Not Applicable,563,Cash,44,3.5,3.6
2024-07-11 04:12:00,CNR1803121115,Success,CID365231,Auto,Yelahanka,Shivajinagar,280.0,60.0,Not Applicable,Not Applicable,No,Not Applicable,436,Cash,12,3.0,4.7
2024-07-06 23:13:00,CNR8554159751,Success,CID285816,Prime SUV,Basavanagudi,Malleshwaram,56.0,25.0,Not Applicable,Not Applicable,No,Not Applicable,235,Cash,1,4.1,4.9
2024-07-18 02:18:00,CNR9871275266,Success,CID994799,Mini,Koramangala,Indiranagar,133.0,125.0,Not Applicable,Not Applicable,No,Not Applicable,914,Cash,27,3.5,3.1
2024-07-26 18:13:00,CNR1694508212,Canceled by Customer,CID965576,eBike,Ulsoor,Koramangala,,,Change of plans,Not Applicable,Not Applicable,Not Applicable,1238,Not Applicable,0,,
2024-07-17 06:14:00,CNR3763849293,Canceled by Driver,CID812330,Prime Plus,Peenya,Koramangala,,,Not Applicable,Personal & Car related issue,Not Applicable,Not Applicable,539,Not Applicable,0,,
2024-07-06 12:24:00,CNR2381960789,Success,CID300963,eBike,Malleshwaram,Langford Town,210.0,90.0,Not Applicable,Not Applicable,No,Not Applicable,2846,UPI,25,4.2,3.8
2024-07-17 17:02:00,CNR9159582030,Success,CID204177,Prime SUV,Basavanagudi,Banashankari,175.0,140.0,Not Applicable,Not Applicable,No,Not Applicable,276,UPI,18,3.2,3.8
2024-07-17 06:57:00,CNR4290399220,Success,CID182020,Prime Sedan,Vijayanagar,Nagarbhavi,119.0,90.0,Not Applicable,Not Applicable,No,Not Applicable,849,Cash,45,4.7,3.7
2024-07-13 04:10:00,CNR2083161287,Driver Not Found,CID894281,eBike,Frazer Town,Kengeri,,,Not Applicable,Not Applicable,Not Applicable,Not Applicable,403,Not Applicable,0,,
2024-07-05 18:16:00,CNR4770003303,Success,CID714824,Prime SUV,BTM Layout,Padmanabhanagar,112.0,25.0,Not Applicable,Not Applicable,No,Not Applicable,116,Credit Card,36,4.9,4.8
2024-07-22 16:28:00,CNR8112951512,Driver Not Found,CID396619,Bike,Tumkur Road,Koramangala,,,Not Applicable,Not Applicable,Not Applicable,Not Applicable,389,Not Applicable,0,,
2024-07-01 03:35:00,CNR6742355254,Success,CID544851,Prime SUV,MG Road,KR Puram,189.0,125.0,Not Applicable,Not Applicable,No,Not Applicable,320,Cash,1,3.9,3.7
2024-07-18 06:35:00,CNR3086383761,Success,CID400315,eBike,Koramangala,Hulimavu,133.0,25.0,Not Applicable,Not Applicable,No,Not Applicable,268,Cash,3,4.8,4.7
2024-07-24 23:12:00,CNR6224054368,Success,CID133264,eBike,KR Puram,Kadugodi,231.0,100.0,Not Applicable,Not Applicable,No,Not Applicable,494,UPI,21,4.5,4.8
2024-07-20 09:47:00,CNR1971876276,Canceled by Driver,CID290443,Bike,Richmond Town,Nagarbhavi,,,Not Applicable,Customer related issue,Not Applicable,Not Applicable,474,Not Applicable,0,,
2024-07-07 10:31:00,CNR3098640102,Success,CID372257,Prime Sedan,KR Puram,Devanahalli,210.0,60.0,Not Applicable,Not Applicable,No,Not Applicable,720,Cash,32,3.1,4.9
2024-07-14 22:40:00,CNR6391960598,Canceled by Driver,CID201733,Prime Sedan,MG Road,Hennur,,,Not Applicable,Customer was coughing/sick,Not Applicable,Not Applicable,393,Not Applicable,0,,
2024-07-06 06:28:00,CNR7433111591,Canceled by Driver,CID972191,Auto,Hulimavu,Marathahalli,,,Not Applicable,Customer was coughing/sick,Not Applicable,Not Applicable,276,Not Applicable,0,,
2024-07-26 11:07:00,CNR6524811238,Success,CID361160,Auto,Tumkur Road,Shivajinagar,182.0,100.0,Not Applicable,Not Applicable,No,Not Applicable,173,Cash,12,3.3,3.0
2024-07-13 04:34:00,CNR9593710832,Canceled by Driver,CID401632,Prime SUV,Langford Town,Yeshwanthpur,,,Not Applicable,More than permitted people in there,Not Applicable,Not Applicable,1651,Not Applicable,0,,
2024-07-14 10:50:00,CNR2128080444,Success,CID631838,Prime Plus,Kadugodi,Langford Town,98.0,130.0,Not Applicable,Not Applicable,No,Not Applicable,364,UPI,2,4.3,4.2
2024-07-12 17:23:00,CNR6574054988,Canceled by Driver,CID979528,Auto,Padmanabhanagar,Magadi Road,,,Not Applicable,Customer related issue,Not Applicable,Not Applicable,482,Not Applicable,0,,
2024-07-08 11:44:00,CNR7824157415,Driver Not Found,CID874237,Prime Plus,Bellandur,Banashankari,,,Not Applicable,Not Applicable,Not Applicable,Not Applicable,132,Not Applicable,0,,
2024-07-13 11:56:00,CNR5291339066,Success,CID177437,Prime SUV,Sarjapur Road,Bellandur,91.0,60.0,Not Applicable,Not Applicable,No,Not Applicable,296,UPI,9,3.9,5.0
2024-07-12 12:27:00,CNR2592069695,Canceled by Driver,CID944383,Auto,Kammanahalli,Whitefield,,,Not Applicable,More than permitted people in there,Not Applicable,Not Applicable,296,Not Applicable,0,,
2024-07-12 22:28:00,CNR7456847185,Canceled by Driver,CID814025,Mini,Indiranagar,KR Puram,,,Not Applicable,Customer related issue,Not Applicable,Not Applicable,758,Not Applicable,0,,
2024-07-05 02:50:00,CNR7352469816,Driver Not Found,CID527618,Auto,BTM Layout,Rajarajeshwari Nagar,,,Not Applicable,Not Applicable,Not Applicable,Not Applicable,839,Not Applicable,0,,
2024-07-01 22:33:00,CNR8336627770,Success,CID925735,Mini,Kengeri,Mysore Road,294.0,50.0,Not Applicable,Not Applicable,No,Not Applicable,227,Cash,38,3.6,3.6
2024-07-23 03:10:00,CNR4382978044,Success,CID732423,Prime Sedan,Bannerghatta Road,Indiranagar,119.0,55.0,Not Applicable,Not Applicable,No,Not Applicable,274,UPI,42,3.2,4.0
2024-07-26 00:38:00,CNR6508982941,Success,CID752224,eBike,Indiranagar,KR Puram,133.0,110.0,Not Applicable,Not Applicable,No,Not Applicable,472,UPI,32,3.5,4.4
2024-07-28 15:05:00,CNR6542105401,Canceled by Driver,CID383816,eBike,Marathahalli,Yelahanka,,,Not Applicable,Customer related issue,Not Applicable,Not Applicable,348,Not Applicable,0,,
2024-07-22 10:56:00,CNR4722364612,Success,CID464994,Mini,Bannerghatta Road,Peenya,49.0,105.0,Not Applicable,Not Applicable,Yes,Customer Demand,284,UPI,16,4.3,3.7
2024-07-24 23:12:00,CNR3488449570,Success,CID487640,Prime Sedan,Shantinagar,JP Nagar,203.0,65.0,Not Applicable,Not Applicable,No,Not Applicable,916,Cash,13,4.8,3.2
2024-07-25 13:45:00,CNR6058350126,Success,CID392019,Mini,Kengeri,Rajajinagar,266.0,70.0,Not Applicable,Not Applicable,Yes,Customer Demand,197,Cash,35,3.5,4.6
2024-07-18 23:27:00,CNR2174566823,Success,CID666429,Prime Sedan,RT Nagar,Vijayanagar,98.0,145.0,Not Applicable,Not Applicable,No,Not Applicable,877,Cash,3,4.7,3.2
2024-07-15 02:52:00,CNR9590168433,Success,CID738678,Mini,Bannerghatta Road,Rajajinagar,140.0,35.0,Not Applicable,Not Applicable,No,Not Applicable,211,Cash,47,3.9,4.2
2024-07-13 09:25:00,CNR6793475768,Success,CID821235,Mini,Yelahanka,Langford Town,154.0,50.0,Not Applicable,Not Applicable,No,Not Applicable,713,UPI,41,3.8,3.5
2024-07-02 06:04:00,CNR5270082055,Driver Not Found,CID576520,Auto,Langford Town,Electronic City,,,Not Applicable,Not Applicable,Not Applicable,Not Applicable,344,Not Applicable,0,,
2024-07-08 15:58:00,CNR1409139104,Success,CID519802,eBike,Mysore Road,Ramamurthy Nagar,105.0,75.0,Not Applicable,Not Applicable,No,Not Applicable,950,UPI,43,4.4,3.7
2024-07-05 01:34:00,CNR9820435541,Success,CID118366,Mini,Yelahanka,Peenya,203.0,80.0,Not Applicable,Not Applicable,No,Not Applicable,438,Cash,25,4.2,4.7
2024-07-12 19:36:00,CNR8687137831,Success,CID673168,Prime SUV,Bellandur,Frazer Town,196.0,115.0,Not Applicable,Not Applicable,No,Not Applicable,347,UPI,33,3.1,4.6
2024-07-28 13:31:00,CNR8248883444,Driver Not Found,CID838580,Prime Plus,Bannerghatta Road,MG Road,,,Not Applicable,Not Applicable,Not Applicable,Not Applicable,434,Not Applicable,0,,
2024-07-09 09:11:00,CNR6036469853,Canceled by Customer,CID315824,Bike,Majestic,Basavanagudi,,,Change of plans,Not Applicable,Not Applicable,Not Applicable,487,Not Applicable,0,,
2024-07-13 05:34:00,CNR8741009558,Success,CID560556,Prime Plus,Sarjapur Road,KR Puram,77.0,80.0,Not Applicable,Not Applicable,No,Not Applicable,201,UPI,39,3.1,4.3
2024-07-20 01:23:00,CNR3975543091,Success,CID495528,Bike,Hebbal,Malleshwaram,203.0,85.0,Not Applicable,Not Applicable,No,Not Applicable,119,Cash,48,4.8,4.0
2024-07-23 02:04:00,CNR9002065416,Success,CID278962,Auto,JP Nagar,Tumkur Road,91.0,70.0,Not Applicable,Not Applicable,No,Not Applicable,2582,Cash,9,3.1,3.4
2024-07-15 17:45:00,CNR2032192641,Success,CID360112,Prime Plus,RT Nagar,Rajarajeshwari Nagar,182.0,35.0,Not Applicable,Not Applicable,No,Not Applicable,2483,UPI,3,4.6,4.0
2024-07-27 21:24:00,CNR5358934226,Success,CID472394,Prime Sedan,Yelahanka,Sarjapur Road,203.0,125.0,Not Applicable,Not Applicable,No,Not Applicable,108,Cash,13,3.5,3.7
2024-07-13 09:48:00,CNR4294600492,Success,CID341512,Auto,Hulimavu,Marathahalli,42.0,125.0,Not Applicable,Not Applicable,No,Not Applicable,218,UPI,18,3.8,4.9
2024-07-13 12:29:00,CNR6974404083,Success,CID777812,Auto,Electronic City,Chickpet,252.0,100.0,Not Applicable,Not Applicable,No,Not Applicable,149,Credit Card,18,3.3,3.4
2024-07-10 01:44:00,CNR1917068820,Success,CID174312,Mini,Banashankari,Devanahalli,238.0,35.0,Not Applicable,Not Applicable,No,Not Applicable,318,UPI,41,3.7,3.3
2024-07-01 16:30:00,CNR9795469693,Success,CID187277,Prime SUV,Kengeri,Kadugodi,259.0,50.0,Not Applicable,Not Applicable,No,Not Applicable,2633,Cash,30,4.3,4.5
2024-07-08 19:55:00,CNR1483007458,Success,CID269930,Auto,Frazer Town,Sahakar Nagar,98.0,60.0,Not Applicable,Not Applicable,No,Not Applicable,1395,Cash,2,4.8,4.0
2024-07-21 21:11:00,CNR5689038181,Canceled by Driver,CID160933,Prime SUV,Kammanahalli,Richmond Town,,,Not Applicable,Customer related issue,Not Applicable,Not Applicable,418,Not Applicable,0,,
2024-07-13 17:55:00,CNR9809112886,Canceled by Driver,CID251163,Bike,Shantinagar,Electronic City,,,Not Applicable,Customer was coughing/sick,Not Applicable,Not Applicable,440,Not Applicable,0,,
2024-07-27 09:39:00,CNR7713539770,Canceled by Customer,CID607143,eBike,Chickpet,Shivajinagar,,,Change of plans,Not Applicable,Not Applicable,Not Applicable,827,Not Applicable,0,,
2024-07-30 00:09:00,CNR9966228825,Success,CID722609,Prime Sedan,Majestic,Banashankari,77.0,115.0,Not Applicable,Not Applicable,No,Not Applicable,262,Cash,32,3.5,3.9
2024-07-25 07:41:00,CNR8364166201,Driver Not Found,CID592526,Prime Plus,Magadi Road,Yelahanka,,,Not Applicable,Not Applicable,Not Applicable,Not Applicable,2347,Not Applicable,0,,
2024-07-14 00:58:00,CNR1450282909,Canceled by Driver,CID742885,Auto,Ramamurthy Nagar,KR Puram,,,Not Applicable,Customer related issue,Not Applicable,Not Applicable,136,Not Applicable,0,,
2024-07-02 03:19:00,CNR1331224889,Canceled by Driver,CID869924,eBike,Indiranagar,RT Nagar,,,Not Applicable,Customer related issue,Not Applicable,Not Applicable,121,Not Applicable,0,,
2024-07-14 11:41:00,CNR6388102648,Canceled by Driver,CID652172,Mini,Shivajinagar,Majestic,,,Not Applicable,Personal & Car related issue,Not Applicable,Not Applicable,485,Not Applicable,0,,
2024-07-16 16:40:00,CNR1838651744,Driver Not Found,CID832504,Mini,Tumkur Road,Hosur Road,,,Not Applicable,Not Applicable,Not Applicable,Not Applicable,680,Not Applicable,0,,
2024-07-27 12:48:00,CNR3630243200,Success,CID198986,Mini,Marathahalli,KR Puram,196.0,115.0,Not Applicable,Not Applicable,No,Not Applicable,815,Cash,29,3.4,3.7
2024-07-19 02:16:00,CNR4660116433,Success,CID742104,Prime Plus,MG Road,Kengeri,217.0,135.0,Not Applicable,Not Applicable,No,Not Applicable,406,UPI,1,3.4,3.1
2024-07-14 11:56:00,CNR5684050694,Success,CID593324,Prime Plus,Indiranagar,JP Nagar,112.0,145.0,Not Applicable,Not Applicable,No,Not Applicable,264,UPI,25,4.5,4.6
2024-07-25 06:30:00,CNR1265062658,Success,CID876737,Prime SUV,Magadi Road,Majestic,84.0,45.0,Not Applicable,Not Applicable,No,Not Applicable,327,UPI,40,4.2,3.5
2024-07-14 21:31:00,CNR7667389100,Success,CID286995,Mini,Magadi Road,Kengeri,35.0,65.0,Not Applicable,Not Applicable,No,Not Applicable,303,UPI,37,3.2,4.9
2024-07-05 02:14:00,CNR9036536589,Canceled by Customer,CID987072,Prime SUV,Sarjapur Road,Bellandur,,,Driver is not moving towards pickup location,Not Applicable,Not Applicable,Not Applicable,109,Not Applicable,0,,
2024-07-20 11:48:00,CNR3226988799,Canceled by Driver,CID435013,Prime SUV,Kengeri,Mysore Road,,,Not Applicable,Personal & Car related issue,Not Applicable,Not Applicable,2816,Not Applicable,0,,
2024-07-25 21:12:00,CNR8102155482,Success,CID326880,eBike,Hulimavu,Chamarajpet,161.0,35.0,Not Applicable,Not Applicable,No,Not Applicable,235,UPI,1,4.0,4.5
2024-07-28 14:32:00,CNR4397424076,Canceled by Customer,CID640648,Bike,Yeshwanthpur,Devanahalli,,,Driver asked to cancel,Not Applicable,Not Applicable,Not Applicable,178,Not Applicable,0,,
2024-07-05 20:23:00,CNR7094260293,Canceled by Customer,CID386076,Prime Sedan,Kammanahalli,Bannerghatta Road,,,Driver is not moving towards pickup location,Not Applicable,Not Applicable,Not Applicable,124,Not Applicable,0,,
2024-07-28 00:05:00,CNR8662479894,Success,CID240741,Prime Sedan,Bannerghatta Road,Rajarajeshwari Nagar,119.0,85.0,Not Applicable,Not Applicable,No,Not Applicable,124,Cash,41,3.8,4.9
2024-07-06 04:44:00,CNR7014760674,Canceled by Customer,CID287559,Bike,Electronic City,Nagarbhavi,,,Change of plans,Not Applicable,Not Applicable,Not Applicable,371,Not Applicable,0,,
2024-07-08 02:40:00,CNR5113113843,Success,CID879856,Prime Plus,Kadugodi,Hulimavu,168.0,65.0,Not Applicable,Not Applicable,No,Not Applicable,1396,UPI,19,4.0,4.1
2024-07-10 13:43:00,CNR8584197468,Success,CID934584,Mini,Electronic City,JP Nagar,98.0,140.0,Not Applicable,Not Applicable,No,Not Applicable,2882,UPI,13,3.6,3.4
2024-07-07 02:46:00,CNR4544496035,Success,CID802943,Prime Plus,Marathahalli,Hosur Road,105.0,100.0,Not Applicable,Not Applicable,No,Not Applicable,234,Cash,26,4.7,3.3
2024-07-22 09:03:00,CNR9578732041,Success,CID346397,Mini,Kammanahalli,Indiranagar,182.0,55.0,Not Applicable,Not Applicable,No,Not Applicable,146,Credit Card,33,4.0,3.3
2024-07-01 18:51:00,CNR3623254015,Success,CID108780,eBike,Tumkur Road,Hulimavu,266.0,45.0,Not Applicable,Not Applicable,No,Not Applicable,409,Cash,11,4.5,3.0
2024-07-15 06:36:00,CNR5889873749,Canceled by Driver,CID730634,Auto,Whitefield,Devanahalli,,,Not Applicable,Customer was coughing/sick,Not Applicable,Not Applicable,1074,Not Applicable,0,,
2024-07-05 22:03:00,CNR6126596026,Driver Not Found,CID281476,Prime SUV,HSR Layout,Banashankari,,,Not Applicable,Not Applicable,Not Applicable,Not Applicable,294,Not Applicable,0,,
2024-07-10 00:16:00,CNR3188585988,Success,CID183862,Prime Plus,BTM Layout,Indiranagar,287.0,120.0,Not Applicable,Not Applicable,No,Not Applicable,478,Cash,35,3.3,4.0
2024-07-17 05:23:00,CNR6826649934,Success,CID566420,eBike,Cox Town,Hulimavu,91.0,55.0,Not Applicable,Not Applicable,No,Not Applicable,2529,UPI,13,4.3,3.1
2024-07-01 11:24:00,CNR9378401094,Success,CID237635,Mini,Hosur Road,Devanahalli,147.0,75.0,Not Applicable,Not Applicable,No,Not Applicable,393,UPI,23,3.1,3.6
2024-07-04 09:44:00,CNR8303762501,Success,CID622606,Prime SUV,Padmanabhanagar,Hennur,112.0,30.0,Not Applicable,Not Applicable,No,Not Applicable,1608,UPI,45,4.7,4.0
2024-07-01 13:38:00,CNR9156628818,Success,CID360835,Auto,Malleshwaram,Chamarajpet,119.0,40.0,Not Applicable,Not Applicable,No,Not Applicable,275,Cash,7,4.8,3.7
2024-07-19 09:51:00,CNR8844343180,Success,CID571679,Auto,Majestic,Hulimavu,147.0,65.0,Not Applicable,Not Applicable,No,Not Applicable,405,Cash,5,3.4,3.5
2024-07-12 01:07:00,CNR6160147081,Success,CID333767,Bike,Rajarajeshwari Nagar,Chickpet,203.0,140.0,Not Applicable,Not Applicable,No,Not Applicable,360,Cash,31,3.9,4.0
2024-07-04 12:43:00,CNR1916617615,Canceled by Driver,CID752056,Prime Sedan,Yeshwanthpur,Sarjapur Road,,,Not Applicable,Customer related issue,Not Applicable,Not Applicable,157,Not Applicable,0,,
2024-07-01 17:44:00,CNR1680093190,Success,CID800559,Auto,Cox Town,Richmond Town,77.0,50.0,Not Applicable,Not Applicable,No,Not Applicable,473,UPI,8,3.0,3.2
2024-07-03 01:15:00,CNR2838214812,Success,CID190656,Prime Sedan,Devanahalli,Shantinagar,168.0,135.0,Not Applicable,Not Applicable,Yes,Customer Demand,175,Cash,47,3.7,3.7
2024-07-22 16:52:00,CNR5144091927,Canceled by Driver,CID959105,Prime Sedan,Kammanahalli,Varthur,,,Not Applicable,Customer related issue,Not Applicable,Not Applicable,178,Not Applicable,0,,
2024-07-07 10:41:00,CNR5699036141,Canceled by Driver,CID126170,Prime Sedan,Nagarbhavi,Jayanagar,,,Not Applicable,Personal & Car related issue,Not Applicable,Not Applicable,219,Not Applicable,0,,
2024-07-30 15:22:00,CNR7602329302,Success,CID267450,Mini,Devanahalli,BTM Layout,63.0,80.0,Not Applicable,Not Applicable,No,Not Applicable,281,Cash,40,4.9,3.3
2024-07-23 07:17:00,CNR9796164389,Success,CID620640,Prime Sedan,Kengeri,Shantinagar,112.0,110.0,Not Applicable,Not Applicable,No,Not Applicable,472,UPI,10,3.9,3.6
2024-07-23 04:17:00,CNR4539059618,Success,CID590649,Prime SUV,Devanahalli,Nagarbhavi,280.0,60.0,Not Applicable,Not Applicable,No,Not Applicable,764,Cash,3,3.6,3.3
2024-07-30 07:17:00,CNR8151122107,Success,CID509735,Prime Plus,Hennur,Rajarajeshwari Nagar,210.0,115.0,Not Applicable,Not Applicable,No,Not Applicable,385,Cash,32,3.8,3.6
2024-07-18 23:47:00,CNR4011618439,Canceled by Customer,CID722200,Mini,Whitefield,RT Nagar,,,Change of plans,Not Applicable,Not Applicable,Not Applicable,162,Not Applicable,0,,
2024-07-08 19:08:00,CNR9041832437,Success,CID756754,Prime Sedan,Jayanagar,Bannerghatta Road,203.0,75.0,Not Applicable,Not Applicable,No,Not Applicable,707,UPI,44,3.5,4.2
2024-07-30 07:34:00,CNR9770925681,Success,CID275377,Prime Plus,Langford Town,Kadugodi,161.0,40.0,Not Applicable,Not Applicable,No,Not Applicable,1066,UPI,1,3.1,4.5
2024-07-14 22:00:00,CNR9422895787,Success,CID592114,Mini,Malleshwaram,Sarjapur Road,252.0,145.0,Not Applicable,Not Applicable,No,Not Applicable,179,Credit Card,20,4.4,3.2
2024-07-15 06:06:00,CNR1286913025,Success,CID502122,Prime Sedan,Richmond Town,Jayanagar,77.0,110.0,Not Applicable,Not Applicable,No,Not Applicable,1419,Cash,49,4.2,4.2
2024-07-16 06:54:00,CNR6911917805,Success,CID794724,Prime Plus,Banashankari,Mysore Road,301.0,100.0,Not Applicable,Not Applicable,No,Not Applicable,856,Cash,7,4.3,4.1
2024-07-24 07:30:00,CNR6324711959,Success,CID767704,Prime Plus,Basavanagudi,KR Puram,84.0,55.0,Not Applicable,Not Applicable,No,Not Applicable,377,Cash,44,3.7,3.6
2024-07-17 11:39:00,CNR2973183174,Success,CID485221,Prime Plus,Peenya,Whitefield,77.0,50.0,Not Applicable,Not Applicable,No,Not Applicable,1862,Cash,16,4.6,4.5
2024-07-25 21:56:00,CNR1655275804,Canceled by Customer,CID157869,Mini,Peenya,Hennur,,,Driver is not moving towards pickup location,Not Applicable,Not Applicable,Not Applicable,667,Not Applicable,0,,
2024-07-14 16:07:00,CNR3476950470,Success,CID276083,Bike,Majestic,Kadugodi,266.0,90.0,Not Applicable,Not Applicable,No,Not Applicable,161,Cash,15,3.8,5.0
2024-07-21 11:18:00,CNR2497213689,Driver Not Found,CID306314,Auto,Basavanagudi,Tumkur Road,,,Not Applicable,Not Applicable,Not Applicable,Not Applicable,366,Not Applicable,0,,
2024-07-02 13:30:00,CNR8052577873,Canceled by Driver,CID362736,eBike,Frazer Town,Electronic City,,,Not Applicable,Personal & Car related issue,Not Applicable,Not Applicable,909,Not Applicable,0,,
2024-07-19 06:21:00,CNR5950231220,Canceled by Customer,CID283655,Prime SUV,Yeshwanthpur,Hebbal,,,Change of plans,Not Applicable,Not Applicable,Not Applicable,312,Not Applicable,0,,
2024-07-10 00:21:00,CNR9409205809,Canceled by Customer,CID230789,Bike,Kammanahalli,Basavanagudi,,,AC is Not working,Not Applicable,Not Applicable,Not Applicable,230,Not Applicable,0,,
2024-07-27 16:27:00,CNR1839425465,Success,CID963636,Mini,Kengeri,KR Puram,70.0,105.0,Not Applicable,Not Applicable,No,Not Applicable,116,Cash,41,4.4,4.1
2024-07-30 03:58:00,CNR2583220716,Success,CID353979,Auto,RT Nagar,Electronic City,70.0,40.0,Not Applicable,Not Applicable,No,Not Applicable,223,Cash,12,4.6,3.6
2024-07-08 12:45:00,CNR8685953172,Success,CID304604,Mini,Chamarajpet,Kengeri,231.0,45.0,Not Applicable,Not Applicable,No,Not Applicable,961,UPI,11,4.4,3.7
2024-07-21 19:11:00,CNR4036301642,Success,CID160392,Bike,Kadugodi,Devanahalli,126.0,90.0,Not Applicable,Not Applicable,No,Not Applicable,118,Cash,20,4.2,4.7
2024-07-17 03:07:00,CNR3753116178,Success,CID988020,Bike,BTM Layout,Chickpet,245.0,120.0,Not Applicable,Not Applicable,No,Not Applicable,2163,Cash,22,3.2,4.0
2024-07-08 21:26:00,CNR3110909372,Success,CID713693,Bike,Varthur,Koramangala,49.0,120.0,Not Applicable,Not Applicable,Yes,Vehicle Breakdown,967,Cash,30,4.8,4.0
2024-07-24 02:00:00,CNR7335276042,Canceled by Driver,CID189122,Prime SUV,Nagarbhavi,Marathahalli,,,Not Applicable,Customer was coughing/sick,Not Applicable,Not Applicable,214,Not Applicable,0,,
2024-07-01 06:47:00,CNR3282067409,Success,CID687932,Prime Sedan,Kadugodi,Langford Town,84.0,25.0,Not Applicable,Not Applicable,No,Not Applicable,233,UPI,30,3.9,4.0
2024-07-11 22:22:00,CNR6774431620,Canceled by Driver,CID727738,Mini,Nagarbhavi,Basavanagudi,,,Not Applicable,Personal & Car related issue,Not Applicable,Not Applicable,167,Not Applicable,0,,
2024-07-27 08:39:00,CNR6821139182,Success,CID784284,eBike,Tumkur Road,Frazer Town,196.0,130.0,Not Applicable,Not Applicable,No,Not Applicable,179,UPI,27,4.3,3.1
2024-07-28 03:53:00,CNR7523252870,Success,CID391028,eBike,KR Puram,Chickpet,182.0,45.0,Not Applicable,Not Applicable,No,Not Applicable,2712,Cash,22,4.5,4.4
2024-07-14 01:29:00,CNR2412523302,Success,CID780064,Mini,Malleshwaram,Malleshwaram,280.0,105.0,Not Applicable,Not Applicable,No,Not Applicable,187,UPI,39,4.7,3.8
2024-07-13 16:08:00,CNR5801710553,Success,CID967974,Mini,Hennur,Chamarajpet,224.0,130.0,Not Applicable,Not Applicable,No,Not Applicable,394,Credit Card,46,3.7,3.3
2024-07-21 00:23:00,CNR9141478322,Success,CID722777,Prime SUV,Sahakar Nagar,Hebbal,203.0,130.0,Not Applicable,Not Applicable,No,Not Applicable,919,UPI,11,3.2,4.4
2024-07-01 06:36:00,CNR6435306234,Success,CID690852,Prime SUV,RT Nagar,Shivajinagar,63.0,40.0,Not Applicable,Not Applicable,No,Not Applicable,493,Cash,44,3.1,3.5
2024-07-18 05:23:00,CNR1561753281,Canceled by Driver,CID335708,Bike,Varthur,Varthur,,,Not Applicable,Customer was coughing/sick,Not Applicable,Not Applicable,111,Not Applicable,0,,
2024-07-20 08:29:00,CNR4479140517,Canceled by Driver,CID617830,Prime SUV,Rajajinagar,Bellandur,,,Not Applicable,Customer was coughing/sick,Not Applicable,Not Applicable,468,Not Applicable,0,,
2024-07-20 23:15:00,CNR7891733660,Canceled by Customer,CID173206,Prime Plus,Tumkur Road,Majestic,,,Driver asked to cancel,Not Applicable,Not Applicable,Not Applicable,101,Not Applicable,0,,
2024-07-17 07:32:00,CNR6789285642,Canceled by Customer,CID943687,Auto,BTM Layout,Yeshwanthpur,,,Wrong Address,Not Applicable,Not Applicable,Not Applicable,232,Not Applicable,0,,
2024-07-28 10:07:00,CNR3967418965,Success,CID212321,Auto,Langford Town,Shivajinagar,231.0,40.0,Not Applicable,Not Applicable,No,Not Applicable,2319,UPI,11,3.2,4.4
2024-07-02 00:16:00,CNR5978567356,Success,CID923826,Prime Plus,Bellandur,Rajarajeshwari Nagar,91.0,70.0,Not Applicable,Not Applicable,No,Not Applicable,422,UPI,21,3.5,3.4
2024-07-14 20:44:00,CNR1941234074,Canceled by Driver,CID512310,Prime Sedan,BTM Layout,Whitefield,,,Not Applicable,Customer was coughing/sick,Not Applicable,Not Applicable,157,Not Applicable,0,,
2024-07-16 19:55:00,CNR7150911980,Driver Not Found,CID674155,eBike,Frazer Town,Koramangala,,,Not Applicable,Not Applicable,Not Applicable,Not Applicable,499,Not Applicable,0,,
2024-07-13 08:47:00,CNR8851488983,Success,CID870927,Bike,Marathahalli,Marathahalli,84.0,100.0,Not Applicable,Not Applicable,No,Not Applicable,240,UPI,20,3.2,3.6
2024-07-03 14:31:00,CNR6826772723,Success,CID382293,Bike,Whitefield,RT Nagar,161.0,110.0,Not Applicable,Not Applicable,No,Not Applicable,237,UPI,18,3.3,4.1
2024-07-03 12:46:00,CNR3273402989,Success,CID653898,eBike,Bannerghatta Road,Kengeri,140.0,125.0,Not Applicable,Not Applicable,No,Not Applicable,240,Cash,28,4.4,4.2
2024-07-28 08:01:00,CNR4855776753,Success,CID501541,Prime SUV,Chickpet,Electronic City,294.0,100.0,Not Applicable,Not Applicable,No,Not Applicable,2447,Credit Card,14,4.7,4.6
2024-07-22 06:27:00,CNR6898304207,Driver Not Found,CID371327,Mini,Chamarajpet,Sahakar Nagar,,,Not Applicable,Not Applicable,Not Applicable,Not Applicable,446,Not Applicable,0,,
2024-07-18 00:28:00,CNR4631226804,Success,CID161641,Prime SUV,Ulsoor,Kengeri,287.0,25.0,Not Applicable,Not Applicable,No,Not Applicable,399,UPI,17,3.8,4.6
2024-07-25 08:30:00,CNR9303228868,Canceled by Driver,CID570334,Mini,Magadi Road,Sahakar Nagar,,,Not Applicable,Personal & Car related issue,Not Applicable,Not Applicable,466,Not Applicable,0,,
2024-07-12 20:24:00,CNR1649989099,Success,CID100280,Mini,Cox Town,Malleshwaram,154.0,60.0,Not Applicable,Not Applicable,No,Not Applicable,909,Cash,26,3.4,3.1
2024-07-01 11:46:00,CNR5274500708,Success,CID157810,Prime SUV,Hosur Road,Sarjapur Road,217.0,135.0,Not Applicable,Not Applicable,No,Not Applicable,2669,Cash,11,4.2,3.2
2024-07-10 01:22:00,CNR2172414326,Canceled by Driver,CID971695,Prime SUV,Yeshwanthpur,Magadi Road,,,Not Applicable,Personal & Car related issue,Not Applicable,Not Applicable,720,Not Applicable,0,,
2024-07-27 06:46:00,CNR5116447894,Canceled by Driver,CID964894,Prime Sedan,Bannerghatta Road,Mysore Road,,,Not Applicable,More than permitted people in there,Not Applicable,Not Applicable,351,Not Applicable,0,,
2024-07-28 15:42:00,CNR1277492124,Canceled by Driver,CID486007,Prime Sedan,Indiranagar,Chickpet,,,Not Applicable,Customer related issue,Not Applicable,Not Applicable,491,Not Applicable,0,,
2024-07-10 16:09:00,CNR9950904143,Success,CID610281,Prime Sedan,Hebbal,Shantinagar,280.0,140.0,Not Applicable,Not Applicable,No,Not Applicable,373,Cash,27,3.8,3.4
2024-07-24 03:17:00,CNR3534323846,Canceled by Driver,CID342940,Prime Sedan,Malleshwaram,HSR Layout,,,Not Applicable,More than permitted people in there,Not Applicable,Not Applicable,2935,Not Applicable,0,,
2024-07-27 01:33:00,CNR9506837609,Success,CID473848,Prime Plus,Bellandur,Cox Town,189.0,95.0,Not Applicable,Not Applicable,No,Not Applicable,916,UPI,23,3.2,4.7
2024-07-05 14:15:00,CNR6839582651,Success,CID742763,Prime Plus,Frazer Town,Vijayanagar,182.0,130.0,Not Applicable,Not Applicable,Yes,Vehicle Breakdown,435,Cash,11,3.6,3.8
2024-07-10 04:11:00,CNR9396008987,Success,CID243537,eBike,Frazer Town,Koramangala,42.0,140.0,Not Applicable,Not Applicable,No,Not Applicable,620,Cash,42,3.5,3.1
2024-07-19 09:18:00,CNR6053503610,Canceled by Driver,CID701689,Mini,HSR Layout,Majestic,,,Not Applicable,Customer was coughing/sick,Not Applicable,Not Applicable,923,Not Applicable,0,,
2024-07-06 12:32:00,CNR7709261586,Success,CID225328,Auto,Hulimavu,Hosur Road,210.0,55.0,Not Applicable,Not Applicable,No,Not Applicable,249,UPI,10,3.6,4.8
2024-07-04 20:19:00,CNR2846088498,Success,CID524304,Auto,Koramangala,Kadugodi,77.0,70.0,Not Applicable,Not Applicable,No,Not Applicable,450,Cash,14,3.1,3.1
2024-07-18 15:12:00,CNR2205983533,Canceled by Driver,CID541791,eBike,Kammanahalli,Ulsoor,,,Not Applicable,Customer was coughing/sick,Not Applicable,Not Applicable,286,Not Applicable,0,,
2024-07-11 05:52:00,CNR3230967185,Canceled by Customer,CID310424,Mini,Richmond Town,Varthur,,,Driver asked to cancel,Not Applicable,Not Applicable,Not Applicable,322,Not Applicable,0,,
2024-07-01 00:52:00,CNR2514989075,Driver Not Found,CID987624,Bike,Bannerghatta Road,Kadugodi,,,Not Applicable,Not Applicable,Not Applicable,Not Applicable,389,Not Applicable,0,,
2024-07-24 13:14:00,CNR8062817526,Canceled by Driver,CID537105,Mini,Shantinagar,Hulimavu,,,Not Applicable,Customer was coughing/sick,Not Applicable,Not Applicable,121,Not Applicable,0,,
2024-07-23 22:13:00,CNR6693969331,Canceled by Driver,CID678390,Prime Sedan,Vijayanagar,Sarjapur Road,,,Not Applicable,More than permitted people in there,Not Applicable,Not Applicable,756,Not Applicable,0,,
2024-07-08 05:28:00,CNR7410735821,Success,CID441619,Auto,HSR Layout,Hebbal,161.0,130.0,Not Applicable,Not Applicable,No,Not Applicable,506,UPI,10,3.1,4.9
2024-07-24 21:07:00,CNR7456543724,Success,CID782867,Prime SUV,Hennur,Devanahalli,189.0,140.0,Not Applicable,Not Applicable,No,Not Applicable,322,UPI,45,3.7,4.0
2024-07-26 06:05:00,CNR6512660035,Success,CID784849,Prime SUV,Vijayanagar,Chamarajpet,224.0,125.0,Not Applicable,Not Applicable,No,Not Applicable,808,Cash,36,3.9,3.2
2024-07-01 12:08:00,CNR8504437177,Canceled by Customer,CID594449,Prime Plus,Hulimavu,Padmanabhanagar,,,Driver is not moving towards pickup location,Not Applicable,Not Applicable,Not Applicable,427,Not Applicable,0,,
2024-07-15 17:13:00,CNR5635986049,Success,CID569317,Bike,Varthur,Marathahalli,140.0,30.0,Not Applicable,Not Applicable,No,Not Applicable,235,Cash,2,3.9,4.3
2024-07-08 12:14:00,CNR6262707994,Canceled by Customer,CID970027,Prime Sedan,Bannerghatta Road,Vijayanagar,,,Driver asked to cancel,Not Applicable,Not Applicable,Not Applicable,2794,Not Applicable,0,,
2024-07-25 20:14:00,CNR2362075084,Canceled by Customer,CID527929,Bike,Chickpet,Yeshwanthpur,,,Driver asked to cancel,Not Applicable,Not Applicable,Not Applicable,403,Not Applicable,0,,
2024-07-07 21:37:00,CNR8511891882,Success,CID655182,Auto,Mysore Road,Varthur,168.0,40.0,Not Applicable,Not Applicable,No,Not Applicable,757,Cash,3,4.6,4.2
2024-07-11 15:53:00,CNR8048977159,Driver Not Found,CID909348,Prime Plus,Peenya,Rajajinagar,,,Not Applicable,Not Applicable,Not Applicable,Not Applicable,316,Not Applicable,0,,
2024-07-07 03:00:00,CNR2665741630,Success,CID683524,eBike,Sahakar Nagar,Sahakar Nagar,126.0,145.0,Not Applicable,Not Applicable,No,Not Applicable,120,Credit Card,21,4.8,3.9
2024-07-02 05:31:00,CNR5627530084,Success,CID549387,Prime Plus,Electronic City,Langford Town,84.0,70.0,Not Applicable,Not Applicable,No,Not Applicable,148,UPI,25,4.2,4.4
2024-07-25 01:00:00,CNR2509488335,Success,CID420037,Prime SUV,Chamarajpet,Kengeri,112.0,35.0,Not Applicable,Not Applicable,No,Not Applicable,1224,UPI,19,3.8,3.9
2024-07-15 13:47:00,CNR1401902141,Canceled by Driver,CID227115,Prime Plus,Langford Town,Yeshwanthpur,,,Not Applicable,Personal & Car related issue,Not Applicable,Not Applicable,396,Not Applicable,0,,
2024-07-21 06:17:00,CNR8463321213,Success,CID686436,Mini,Majestic,Hosur Road,161.0,135.0,Not Applicable,Not Applicable,Yes,Customer Demand,204,UPI,46,4.0,4.2
2024-07-12 16:23:00,CNR3902492472,Driver Not Found,CID630203,Prime Sedan,Ramamurthy Nagar,Indiranagar,,,Not Applicable,Not Applicable,Not Applicable,Not Applicable,316,Not Applicable,0,,
2024-07-02 08:39:00,CNR7038181806,Success,CID716868,eBike,Kengeri,Jayanagar,70.0,75.0,Not Applicable,Not Applicable,No,Not Applicable,116,UPI,17,4.4,3.3
2024-07-08 11:57:00,CNR8549071467,Canceled by Driver,CID246575,Mini,HSR Layout,BTM Layout,,,Not Applicable,Personal & Car related issue,Not Applicable,Not Applicable,856,Not Applicable,0,,
2024-07-23 19:35:00,CNR8889022781,Success,CID321327,Mini,Peenya,Shivajinagar,56.0,140.0,Not Applicable,Not Applicable,No,Not Applicable,742,Cash,35,4.8,4.5
2024-07-22 03:59:00,CNR1633963150,Success,CID585616,Mini,Frazer Town,MG Road,126.0,110.0,Not Applicable,Not Applicable,No,Not Applicable,146,Cash,31,3.5,4.6
2024-07-17 06:06:00,CNR4187339885,Success,CID791108,eBike,Kengeri,Sahakar Nagar,266.0,45.0,Not Applicable,Not Applicable,No,Not Applicable,476,Credit Card,33,4.1,3.3
2024-07-06 11:23:00,CNR1439317934,Success,CID710971,Mini,Basavanagudi,Majestic,133.0,80.0,Not Applicable,Not Applicable,No,Not Applicable,390,UPI,2,3.8,4.1
2024-07-08 23:32:00,CNR9477552155,Success,CID914507,Bike,Malleshwaram,Mysore Road,161.0,130.0,Not Applicable,Not Applicable,No,Not Applicable,332,UPI,41,3.3,4.9
2024-07-03 08:12:00,CNR3589113046,Success,CID786475,Bike,Whitefield,Cox Town,280.0,30.0,Not Applicable,Not Applicable,No,Not Applicable,1778,Credit Card,20,4.2,3.2
2024-07-29 03:08:00,CNR7222588948,Driver Not Found,CID474829,Auto,HSR Layout,HSR Layout,,,Not Applicable,Not Applicable,Not Applicable,Not Applicable,232,Not Applicable,0,,
2024-07-10 10:31:00,CNR6740270552,Success,CID630449,Auto,BTM Layout,Indiranagar,119.0,75.0,Not Applicable,Not Applicable,No,Not Applicable,344,Cash,13,4.9,4.3
2024-07-09 08:16:00,CNR6119417803,Success,CID159605,Prime Plus,Mysore Road,Hennur,70.0,75.0,Not Applicable,Not Applicable,No,Not Applicable,286,Cash,17,3.1,4.7
2024-07-29 11:04:00,CNR8695402685,Canceled by Driver,CID670723,Mini,Mysore Road,Banashankari,,,Not Applicable,More than permitted people in there,Not Applicable,Not Applicable,592,Not Applicable,0,,
2024-07-04 23:22:00,CNR2074258531,Success,CID690835,Prime Sedan,Electronic City,Kadugodi,266.0,40.0,Not Applicable,Not Applicable,Yes,Customer Demand,433,Cash,34,3.5,5.0
2024-07-16 22:08:00,CNR8048187219,Success,CID943614,Prime SUV,Varthur,Hebbal,133.0,25.0,Not Applicable,Not Applicable,No,Not Applicable,2800,Cash,12,4.1,4.1
2024-07-05 21:23:00,CNR5489413714,Canceled by Customer,CID688182,Mini,Shivajinagar,Malleshwaram,,,Driver is not moving towards pickup location,Not Applicable,Not Applicable,Not Applicable,317,Not Applicable,0,,
2024-07-12 09:59:00,CNR1282068991,Success,CID179663,Prime Sedan,Richmond Town,Kammanahalli,245.0,75.0,Not Applicable,Not Applicable,No,Not Applicable,181,Cash,10,3.8,4.6
2024-07-15 12:29:00,CNR1751927786,Success,CID899162,Mini,Kadugodi,Shantinagar,259.0,60.0,Not Applicable,Not Applicable,No,Not Applicable,290,UPI,30,4.6,3.5
2024-07-26 20:34:00,CNR9998523526,Driver Not Found,CID497765,Auto,Bannerghatta Road,Langford Town,,,Not Applicable,Not Applicable,Not Applicable,Not Applicable,138,Not Applicable,0,,
2024-07-06 23:30:00,CNR2776009940,Success,CID802480,Prime Sedan,Sarjapur Road,Whitefield,203.0,130.0,Not Applicable,Not Applicable,No,Not Applicable,356,UPI,22,3.3,3.9
2024-07-23 08:41:00,CNR7315171758,Success,CID839361,Prime SUV,Cox Town,Majestic,161.0,125.0,Not Applicable,Not Applicable,No,Not Applicable,579,UPI,6,3.2,4.1
2024-07-19 07:09:00,CNR5763012384,Success,CID425718,Bike,Koramangala,Hulimavu,77.0,125.0,Not Applicable,Not Applicable,No,Not Applicable,373,Cash,6,4.9,4.6
2024-07-23 20:37:00,CNR9642877931,Success,CID631455,eBike,Koramangala,Magadi Road,210.0,130.0,Not Applicable,Not Applicable,No,Not Applicable,252,Cash,49,3.2,3.8
2024-07-29 23:20:00,CNR2010505219,Success,CID753762,Bike,Malleshwaram,BTM Layout,203.0,85.0,Not Applicable,Not Applicable,No,Not Applicable,408,Credit Card,23,4.7,4.0
2024-07-23 08:45:00,CNR7552745631,Canceled by Customer,CID140489,Prime Sedan,RT Nagar,Magadi Road,,,Driver is not moving towards pickup location,Not Applicable,Not Applicable,Not Applicable,285,Not Applicable,0,,
2024-07-25 00:18:00,CNR4716056202,Success,CID766410,Mini,Sahakar Nagar,Chamarajpet,49.0,80.0,Not Applicable,Not Applicable,No,Not Applicable,967,Cash,37,4.6,4.4
2024-07-01 09:06:00,CNR2237444013,Success,CID642105,eBike,BTM Layout,Padmanabhanagar,217.0,40.0,Not Applicable,Not Applicable,No,Not Applicable,261,UPI,15,3.5,4.2
2024-07-17 09:07:00,CNR3569284663,Success,CID547841,Prime Sedan,Sahakar Nagar,Kengeri,161.0,135.0,Not Applicable,Not Applicable,No,Not Applicable,223,Credit Card,34,3.2,4.3
2024-07-08 04:26:00,CNR1824658376,Success,CID259355,Prime SUV,Sahakar Nagar,JP Nagar,196.0,35.0,Not Applicable,Not Applicable,No,Not Applicable,290,UPI,45,3.6,4.0
2024-07-24 23:39:00,CNR7680287232,Success,CID747631,Mini,Chamarajpet,MG Road,98.0,80.0,Not Applicable,Not Applicable,No,Not Applicable,203,Cash,36,3.3,4.9
2024-07-18 21:49:00,CNR1921716590,Canceled by Driver,CID270583,Prime Sedan,Yeshwanthpur,Vijayanagar,,,Not Applicable,Customer related issue,Not Applicable,Not Applicable,201,Not Applicable,0,,
2024-07-29 07:26:00,CNR9586714793,Success,CID767983,Prime Plus,Tumkur Road,Yeshwanthpur,273.0,25.0,Not Applicable,Not Applicable,No,Not Applicable,113,UPI,30,3.2,4.6
2024-07-02 12:11:00,CNR5902044398,Success,CID890666,Mini,RT Nagar,Rajajinagar,259.0,80.0,Not Applicable,Not Applicable,No,Not Applicable,414,Cash,31,3.9,4.9
2024-07-18 19:51:00,CNR8904214762,Canceled by Customer,CID386905,Mini,Hosur Road,HSR Layout,,,Driver asked to cancel,Not Applicable,Not Applicable,Not Applicable,629,Not Applicable,0,,
2024-07-02 20:16:00,CNR4764977153,Canceled by Driver,CID778513,Prime SUV,Yelahanka,Bellandur,,,Not Applicable,More than permitted people in there,Not Applicable,Not Applicable,401,Not Applicable,0,,
2024-07-27 17:18:00,CNR2042556095,Success,CID421986,eBike,Chickpet,Richmond Town,63.0,125.0,Not Applicable,Not Applicable,No,Not Applicable,214,UPI,1,3.1,4.3
2024-07-01 13:36:00,CNR1950582047,Driver Not Found,CID915474,Prime Plus,Kammanahalli,Vijayanagar,,,Not Applicable,Not Applicable,Not Applicable,Not Applicable,808,Not Applicable,0,,
2024-07-17 13:47:00,CNR8185163699,Canceled by Driver,CID804530,Prime SUV,Hebbal,Majestic,,,Not Applicable,Personal & Car related issue,Not Applicable,Not Applicable,692,Not Applicable,0,,
2024-07-11 15:23:00,CNR4381239894,Success,CID501610,Auto,Yelahanka,Peenya,70.0,50.0,Not Applicable,Not Applicable,No,Not Applicable,446,UPI,16,3.3,3.4
2024-07-04 20:24:00,CNR6498518849,Success,CID351613,Bike,Banashankari,HSR Layout,84.0,50.0,Not Applicable,Not Applicable,No,Not Applicable,331,Cash,40,4.6,4.3
2024-07-14 12:19:00,CNR6639376748,Success,CID375783,Bike,BTM Layout,Indiranagar,133.0,45.0,Not Applicable,Not Applicable,No,Not Applicable,332,UPI,23,3.8,4.1
2024-07-06 03:25:00,CNR3836982622,Canceled by Driver,CID708538,Prime Plus,Jayanagar,JP Nagar,,,Not Applicable,Customer related issue,Not Applicable,Not Applicable,260,Not Applicable,0,,
2024-07-10 21:23:00,CNR8370911575,Success,CID923079,Prime Sedan,Langford Town,Ulsoor,168.0,95.0,Not Applicable,Not Applicable,No,Not Applicable,487,UPI,23,3.0,3.2
2024-07-06 10:35:00,CNR4234308837,Canceled by Driver,CID949876,Prime Plus,Bellandur,Langford Town,,,Not Applicable,Customer related issue,Not Applicable,Not Applicable,388,Not Applicable,0,,
2024-07-04 00:58:00,CNR6247616944,Success,CID771830,Prime Sedan,Richmond Town,Nagarbhavi,231.0,55.0,Not Applicable,Not Applicable,No,Not Applicable,2985,Cash,34,3.5,4.8
2024-07-22 17:07:00,CNR3367488370,Success,CID269172,Mini,Mysore Road,BTM Layout,231.0,95.0,Not Applicable,Not Applicable,No,Not Applicable,354,Cash,45,4.7,4.6
2024-07-30 04:56:00,CNR4994245869,Success,CID763512,Prime SUV,RT Nagar,Tumkur Road,266.0,50.0,Not Applicable,Not Applicable,No,Not Applicable,256,UPI,9,3.9,3.5
2024-07-06 16:51:00,CNR4941614555,Success,CID576054,Prime Plus,Varthur,Sahakar Nagar,175.0,45.0,Not Applicable,Not Applicable,No,Not Applicable,806,UPI,28,4.3,3.6
2024-07-17 08:24:00,CNR4111170761,Canceled by Driver,CID430671,eBike,Hennur,KR Puram,,,Not Applicable,Customer related issue,Not Applicable,Not Applicable,106,Not Applicable,0,,
2024-07-30 04:29:00,CNR7611257603,Driver Not Found,CID675954,eBike,Indiranagar,Hebbal,,,Not Applicable,Not Applicable,Not Applicable,Not Applicable,445,Not Applicable,0,,
2024-07-11 10:18:00,CNR1158754877,Success,CID114882,Auto,Sarjapur Road,Magadi Road,217.0,35.0,Not Applicable,Not Applicable,No,Not Applicable,623,Cash,7,3.6,3.7
2024-07-25 02:36:00,CNR7581717004,Success,CID478440,Prime Plus,Basavanagudi,Rajarajeshwari Nagar,35.0,50.0,Not Applicable,Not Applicable,No,Not Applicable,528,Credit Card,27,3.2,4.8
2024-07-25 20:11:00,CNR7769570801,Success,CID334618,Prime Plus,Hennur,Shantinagar,308.0,75.0,Not Applicable,Not Applicable,No,Not Applicable,742,Cash,22,4.4,4.1
2024-07-08 15:55:00,CNR6788969470,Canceled by Driver,CID451428,Mini,Shivajinagar,Vijayanagar,,,Not Applicable,Customer was coughing/sick,Not Applicable,Not Applicable,121,Not Applicable,0,,
2024-07-08 12:38:00,CNR7202670452,Canceled by Customer,CID429167,Prime Sedan,Bannerghatta Road,Peenya,,,Driver asked to cancel,Not Applicable,Not Applicable,Not Applicable,2047,Not Applicable,0,,
2024-07-04 05:18:00,CNR1403053345,Success,CID683833,Prime Sedan,Langford Town,Chickpet,42.0,75.0,Not Applicable,Not Applicable,No,Not Applicable,375,Cash,37,3.2,3.9
2024-07-23 03:53:00,CNR4947196385,Canceled by Driver,CID408570,Bike,Whitefield,Hebbal,,,Not Applicable,Personal & Car related issue,Not Applicable,Not Applicable,320,Not Applicable,0,,
2024-07-08 20:21:00,CNR7190542961,Success,CID606112,Prime Sedan,Marathahalli,Yelahanka,294.0,100.0,Not Applicable,Not Applicable,No,Not Applicable,362,UPI,35,4.8,3.2
2024-07-10 14:30:00,CNR4916466431,Success,CID217788,Bike,Majestic,Ramamurthy Nagar,175.0,35.0,Not Applicable,Not Applicable,No,Not Applicable,162,UPI,7,4.3,3.1
2024-07-26 16:23:00,CNR1787021184,Canceled by Customer,CID835729,Prime Sedan,Cox Town,Sarjapur Road,,,AC is Not working,Not Applicable,Not Applicable,Not Applicable,406,Not Applicable,0,,
2024-07-06 23:26:00,CNR4687382445,Success,CID243965,Prime Plus,Hennur,Banashankari,168.0,135.0,Not Applicable,Not Applicable,No,Not Applicable,416,UPI,15,3.7,4.1
2024-07-04 08:03:00,CNR6395849841,Success,CID967704,Auto,KR Puram,Sahakar Nagar,42.0,25.0,Not Applicable,Not Applicable,No,Not Applicable,300,Cash,15,3.4,3.9
2024-07-26 22:38:00,CNR6277741669,Success,CID859782,Prime Sedan,Kadugodi,Nagarbhavi,189.0,35.0,Not Applicable,Not Applicable,No,Not Applicable,117,Cash,6,3.7,4.0
2024-07-25 01:07:00,CNR5046835291,Success,CID801818,Prime SUV,Ramamurthy Nagar,MG Road,308.0,80.0,Not Applicable,Not Applicable,No,Not Applicable,2871,Cash,26,3.7,4.0
2024-07-18 15:34:00,CNR1669838490,Success,CID358599,Prime Plus,Peenya,Nagarbhavi,182.0,75.0,Not Applicable,Not Applicable,No,Not Applicable,215,Cash,46,4.5,3.3
2024-07-05 07:56:00,CNR3825025857,Success,CID306863,Prime Sedan,Devanahalli,Varthur,147.0,115.0,Not Applicable,Not Applicable,No,Not Applicable,105,Cash,33,4.0,3.9
2024-07-24 06:35:00,CNR2527861947,Success,CID515116,Bike,MG Road,Electronic City,77.0,50.0,Not Applicable,Not Applicable,No,Not Applicable,467,Cash,10,4.4,4.7
2024-07-20 07:14:00,CNR9648057083,Canceled by Customer,CID738140,Bike,RT Nagar,Kengeri,,,Wrong Address,Not Applicable,Not Applicable,Not Applicable,285,Not Applicable,0,,
2024-07-24 15:04:00,CNR8171192374,Driver Not Found,CID429617,Bike,Rajajinagar,Hosur Road,,,Not Applicable,Not Applicable,Not Applicable,Not Applicable,413,Not Applicable,0,,
2024-07-18 09:18:00,CNR9709733276,Success,CID943236,Prime Plus,Ramamurthy Nagar,Cox Town,168.0,40.0,Not Applicable,Not Applicable,No,Not Applicable,855,Cash,4,4.4,3.1
2024-07-25 16:30:00,CNR1545134649,Success,CID108665,Prime SUV,Rajarajeshwari Nagar,Chickpet,196.0,85.0,Not Applicable,Not Applicable,No,Not Applicable,151,Cash,44,3.0,3.8
2024-07-11 20:29:00,CNR5003217835,Success,CID746187,Mini,Kammanahalli,Koramangala,245.0,135.0,Not Applicable,Not Applicable,No,Not Applicable,990,UPI,18,4.1,4.5
2024-07-04 08:36:00,CNR4559512632,Success,CID748025,Mini,Cox Town,BTM Layout,189.0,145.0,Not Applicable,Not Applicable,No,Not Applicable,303,UPI,9,3.4,4.5
2024-07-17 17:06:00,CNR9996306386,Success,CID944741,Prime Plus,Rajarajeshwari Nagar,Koramangala,112.0,45.0,Not Applicable,Not Applicable,No,Not Applicable,714,Cash,8,3.7,3.3
2024-07-22 05:51:00,CNR8676335843,Success,CID212649,Prime SUV,Whitefield,HSR Layout,196.0,55.0,Not Applicable,Not Applicable,No,Not Applicable,258,Cash,27,3.2,3.4
2024-07-30 00:32:00,CNR5033251958,Success,CID213095,Prime Sedan,JP Nagar,Yelahanka,154.0,90.0,Not Applicable,Not Applicable,No,Not Applicable,745,Cash,3,3.4,3.4
2024-07-12 05:50:00,CNR7695873139,Success,CID729314,Prime SUV,Sarjapur Road,RT Nagar,245.0,105.0,Not Applicable,Not Applicable,Yes,Vehicle Breakdown,371,Cash,47,3.9,4.0
2024-07-24 07:31:00,CNR6623584869,Success,CID981629,Prime Sedan,Mysore Road,Hennur,182.0,80.0,Not Applicable,Not Applicable,No,Not Applicable,165,Cash,13,4.3,3.9
2024-07-06 14:41:00,CNR6493543410,Canceled by Customer,CID136176,Auto,BTM Layout,Varthur,,,Driver asked to cancel,Not Applicable,Not Applicable,Not Applicable,251,Not Applicable,0,,
2024-07-08 10:05:00,CNR1872506955,Canceled by Driver,CID639460,eBike,Padmanabhanagar,MG Road,,,Not Applicable,More than permitted people in there,Not Applicable,Not Applicable,179,Not Applicable,0,,
2024-07-03 15:08:00,CNR3700869390,Canceled by Driver,CID702865,eBike,Shantinagar,Nagarbhavi,,,Not Applicable,Customer was coughing/sick,Not Applicable,Not Applicable,120,Not Applicable,0,,
2024-07-15 23:57:00,CNR8989993059,Success,CID474632,Prime SUV,Basavanagudi,Mysore Road,56.0,125.0,Not Applicable,Not Applicable,No,Not Applicable,201,Cash,20,3.5,4.3
2024-07-19 05:53:00,CNR2025781104,Canceled by Driver,CID544667,Prime Plus,Vijayanagar,Langford Town,,,Not Applicable,Customer related issue,Not Applicable,Not Applicable,325,Not Applicable,0,,
2024-07-16 16:07:00,CNR6065301693,Canceled by Driver,CID910735,Prime Sedan,Peenya,Langford Town,,,Not Applicable,Customer related issue,Not Applicable,Not Applicable,1231,Not Applicable,0,,
2024-07-19 10:49:00,CNR5696326542,Success,CID538827,Mini,Frazer Town,Bellandur,210.0,130.0,Not Applicable,Not Applicable,No,Not Applicable,628,UPI,47,4.5,3.8
2024-07-20 06:37:00,CNR4541373519,Canceled by Customer,CID576853,Mini,Majestic,Shantinagar,,,Driver is not moving towards pickup location,Not Applicable,Not Applicable,Not Applicable,355,Not Applicable,0,,
2024-07-21 07:49:00,CNR8967251175,Driver Not Found,CID105413,Prime Plus,Basavanagudi,Shantinagar,,,Not Applicable,Not Applicable,Not Applicable,Not Applicable,219,Not Applicable,0,,
2024-07-11 18:10:00,CNR3327895835,Success,CID358897,eBike,Hulimavu,MG Road,63.0,100.0,Not Applicable,Not Applicable,No,Not Applicable,824,UPI,34,4.9,4.7
2024-07-24 04:59:00,CNR6442407354,Success,CID435295,Auto,Whitefield,Hebbal,182.0,70.0,Not Applicable,Not Applicable,No,Not Applicable,458,Cash,13,5.0,3.8
2024-07-19 20:46:00,CNR1923940401,Canceled by Driver,CID658718,Prime Sedan,Peenya,Chickpet,,,Not Applicable,More than permitted people in there,Not Applicable,Not Applicable,439,Not Applicable,0,,
2024-07-27 13:42:00,CNR5243935053,Success,CID516778,Bike,Langford Town,Magadi Road,175.0,140.0,Not Applicable,Not Applicable,No,Not Applicable,2696,Cash,32,4.9,4.1
2024-07-30 21:58:00,CNR6188277003,Driver Not Found,CID917164,eBike,Langford Town,Yelahanka,,,Not Applicable,Not Applicable,Not Applicable,Not Applicable,417,Not Applicable,0,,
2024-07-21 05:37:00,CNR6133793865,Success,CID447765,Prime Sedan,Electronic City,JP Nagar,49.0,95.0,Not Applicable,Not Applicable,No,Not Applicable,268,Cash,44,4.9,4.6
2024-07-21 18:26:00,CNR4347548004,Success,CID448440,Prime SUV,Cox Town,Yeshwanthpur,238.0,35.0,Not Applicable,Not Applicable,No,Not Applicable,390,UPI,39,3.8,3.6
2024-07-03 15:50:00,CNR7997100115,Success,CID880096,Prime Sedan,Kengeri,Frazer Town,105.0,70.0,Not Applicable,Not Applicable,No,Not Applicable,2417,UPI,5,4.1,3.8
2024-07-29 14:28:00,CNR4806673068,Success,CID705571,Auto,Kammanahalli,MG Road,105.0,110.0,Not Applicable,Not Applicable,No,Not Applicable,894,Cash,19,4.0,3.7
2024-07-17 09:36:00,CNR3492063484,Canceled by Driver,CID870751,eBike,Whitefield,Hulimavu,,,Not Applicable,Personal & Car related issue,Not Applicable,Not Applicable,526,Not Applicable,0,,
2024-07-26 10:52:00,CNR4743786062,Success,CID371913,Prime Plus,Hulimavu,Hebbal,175.0,130.0,Not Applicable,Not Applicable,No,Not Applicable,490,Cash,9,3.7,4.9
2024-07-29 01:58:00,CNR7553545902,Success,CID916656,Auto,Langford Town,Cox Town,91.0,50.0,Not Applicable,Not Applicable,No,Not Applicable,364,Cash,3,4.6,4.2
2024-07-06 20:55:00,CNR6395683115,Canceled by Customer,CID328882,Mini,Electronic City,Hebbal,,,Wrong Address,Not Applicable,Not Applicable,Not Applicable,318,Not Applicable,0,,
2024-07-05 21:04:00,CNR5179951053,Success,CID442082,Mini,HSR Layout,Hebbal,140.0,130.0,Not Applicable,Not Applicable,No,Not Applicable,348,Cash,3,3.4,3.7
2024-07-11 06:33:00,CNR4703504782,Success,CID294695,Bike,Bellandur,Sahakar Nagar,196.0,120.0,Not Applicable,Not Applicable,No,Not Applicable,142,Cash,1,4.4,4.9
2024-07-09 06:28:00,CNR8240123460,Success,CID305306,Prime Plus,Nagarbhavi,Jayanagar,35.0,95.0,Not Applicable,Not Applicable,No,Not Applicable,467,Cash,14,3.8,4.2
2024-07-16 16:40:00,CNR3755621975,Canceled by Driver,CID546339,Prime SUV,Banashankari,Richmond Town,,,Not Applicable,Customer was coughing/sick,Not Applicable,Not Applicable,130,Not Applicable,0,,
2024-07-11 03:38:00,CNR7668177984,Success,CID948657,eBike,Shantinagar,Hennur,154.0,45.0,Not Applicable,Not Applicable,No,Not Applicable,494,Cash,26,4.0,4.2
2024-07-07 01:45:00,CNR4795846951,Canceled by Driver,CID763468,Prime Sedan,Varthur,Cox Town,,,Not Applicable,Customer related issue,Not Applicable,Not Applicable,478,Not Applicable,0,,
2024-07-19 20:52:00,CNR9533116556,Canceled by Driver,CID420998,Prime Plus,KR Puram,Kammanahalli,,,Not Applicable,Personal & Car related issue,Not Applicable,Not Applicable,1401,Not Applicable,0,,
2024-07-21 09:15:00,CNR8555395589,Driver Not Found,CID224563,eBike,Chickpet,Hennur,,,Not Applicable,Not Applicable,Not Applicable,Not Applicable,308,Not Applicable,0,,
2024-07-04 05:33:00,CNR5474027963,Success,CID271943,Prime SUV,Vijayanagar,Chamarajpet,56.0,35.0,Not Applicable,Not Applicable,No,Not Applicable,257,Cash,42,4.0,3.3
2024-07-17 08:50:00,CNR7995597858,Success,CID426158,eBike,Sarjapur Road,Shivajinagar,168.0,145.0,Not Applicable,Not Applicable,No,Not Applicable,220,UPI,12,3.6,4.7
2024-07-18 04:49:00,CNR6804650516,Success,CID514255,Auto,Vijayanagar,Tumkur Road,217.0,25.0,Not Applicable,Not Applicable,No,Not Applicable,686,UPI,2,3.8,3.8
2024-07-16 00:48:00,CNR4414626080,Driver Not Found,CID183759,eBike,Nagarbhavi,Malleshwaram,,,Not Applicable,Not Applicable,Not Applicable,Not Applicable,573,Not Applicable,0,,
2024-07-07 18:33:00,CNR1855247761,Success,CID296624,eBike,Ramamurthy Nagar,Malleshwaram,203.0,95.0,Not Applicable,Not Applicable,No,Not Applicable,169,UPI,39,4.7,3.9
2024-07-02 09:10:00,CNR8390007643,Success,CID585256,Prime Sedan,Chamarajpet,Bellandur,98.0,65.0,Not Applicable,Not Applicable,No,Not Applicable,2907,UPI,10,3.0,3.3
2024-07-11 18:54:00,CNR3441448607,Driver Not Found,CID369266,Prime Sedan,Richmond Town,Sahakar Nagar,,,Not Applicable,Not Applicable,Not Applicable,Not Applicable,423,Not Applicable,0,,
2024-07-08 23:09:00,CNR2564414879,Success,CID846878,eBike,Kammanahalli,KR Puram,56.0,60.0,Not Applicable,Not Applicable,No,Not Applicable,623,UPI,18,3.5,4.6
2024-07-28 22:12:00,CNR1471354264,Success,CID821825,Prime SUV,Langford Town,Cox Town,301.0,60.0,Not Applicable,Not Applicable,No,Not Applicable,400,Cash,12,4.8,3.8
2024-07-24 06:35:00,CNR5474087051,Success,CID207803,Prime Plus,Indiranagar,Kadugodi,119.0,105.0,Not Applicable,Not Applicable,No,Not Applicable,152,UPI,12,3.1,3.4
2024-07-22 13:31:00,CNR6906132222,Success,CID892013,Bike,Chickpet,Malleshwaram,259.0,65.0,Not Applicable,Not Applicable,No,Not Applicable,307,Cash,29,4.6,3.4
2024-07-10 17:23:00,CNR6897115455,Success,CID245658,Mini,Kadugodi,Bannerghatta Road,266.0,65.0,Not Applicable,Not Applicable,No,Not Applicable,467,Cash,4,4.3,3.8
2024-07-12 23:15:00,CNR4471050304,Success,CID380416,eBike,Kengeri,Rajajinagar,294.0,30.0,Not Applicable,Not Applicable,No,Not Applicable,461,Cash,22,3.2,3.5
2024-07-17 04:02:00,CNR9664319467,Success,CID925695,Bike,Sahakar Nagar,Bellandur,287.0,70.0,Not Applicable,Not Applicable,No,Not Applicable,886,Cash,15,3.7,3.8
2024-07-28 23:24:00,CNR1264173281,Success,CID472764,Auto,Cox Town,Ulsoor,175.0,55.0,Not Applicable,Not Applicable,No,Not Applicable,605,Credit Card,16,4.9,4.2
2024-07-02 09:04:00,CNR5478880232,Success,CID251494,Mini,Hennur,Electronic City,175.0,90.0,Not Applicable,Not Applicable,No,Not Applicable,552,Cash,37,4.2,4.6
2024-07-17 06:32:00,CNR8464014495,Success,CID951088,Prime Plus,Bellandur,Electronic City,301.0,135.0,Not Applicable,Not Applicable,No,Not Applicable,421,Credit Card,15,4.7,4.6
2024-07-15 23:42:00,CNR2470988844,Success,CID607070,Prime Plus,Yelahanka,BTM Layout,231.0,105.0,Not Applicable,Not Applicable,No,Not Applicable,757,Cash,48,3.2,3.3
2024-07-10 17:12:00,CNR9636224422,Canceled by Customer,CID470248,Prime SUV,Mysore Road,JP Nagar,,,Change of plans,Not Applicable,Not Applicable,Not Applicable,289,Not Applicable,0,,
2024-07-22 05:56:00,CNR6590581083,Success,CID589723,Prime Plus,MG Road,Majestic,77.0,85.0,Not Applicable,Not Applicable,No,Not Applicable,617,Cash,5,3.6,3.8
2024-07-07 20:21:00,CNR4689392181,Canceled by Driver,CID154107,Prime SUV,Cox Town,Chamarajpet,,,Not Applicable,Customer related issue,Not Applicable,Not Applicable,162,Not Applicable,0,,
2024-07-07 00:53:00,CNR8171266113,Success,CID973509,Mini,Mysore Road,Electronic City,140.0,60.0,Not Applicable,Not Applicable,No,Not Applicable,404,Cash,10,3.6,3.6
2024-07-03 01:30:00,CNR8175870902,Success,CID515008,Mini,Hebbal,Chickpet,273.0,130.0,Not Applicable,Not Applicable,No,Not Applicable,300,UPI,27,3.5,3.7
2024-07-07 11:44:00,CNR4818698022,Success,CID400808,Prime SUV,Yelahanka,Whitefield,273.0,130.0,Not Applicable,Not Applicable,No,Not Applicable,564,Credit Card,23,3.1,3.9
2024-07-22 14:47:00,CNR7304325601,Canceled by Driver,CID807411,Prime Plus,BTM Layout,Nagarbhavi,,,Not Applicable,Personal & Car related issue,Not Applicable,Not Applicable,461,Not Applicable,0,,
2024-07-20 02:55:00,CNR4835160151,Success,CID704218,Bike,Shantinagar,Bellandur,294.0,110.0,Not Applicable,Not Applicable,No,Not Applicable,2405,Cash,2,3.8,3.6
2024-07-10 20:44:00,CNR8034610815,Driver Not Found,CID825938,Prime Plus,Vijayanagar,Banashankari,,,Not Applicable,Not Applicable,Not Applicable,Not Applicable,202,Not Applicable,0,,
2024-07-21 01:41:00,CNR1520070516,Success,CID221437,eBike,Sarjapur Road,Yelahanka,70.0,145.0,Not Applicable,Not Applicable,No,Not Applicable,254,Cash,10,3.8,4.6
2024-07-13 16:00:00,CNR2597102871,Canceled by Customer,CID899684,Prime Sedan,Shivajinagar,Bannerghatta Road,,,Driver is not moving towards pickup location,Not Applicable,Not Applicable,Not Applicable,127,Not Applicable,0,,
2024-07-06 16:28:00,CNR4913822204,Success,CID348172,Prime Plus,JP Nagar,Malleshwaram,294.0,90.0,Not Applicable,Not Applicable,No,Not Applicable,273,Cash,17,3.3,3.7
2024-07-22 10:52:00,CNR4594813060,Success,CID682792,Prime SUV,Hosur Road,Banashankari,245.0,40.0,Not Applicable,Not Applicable,No,Not Applicable,432,UPI,40,4.8,4.1
2024-07-03 01:22:00,CNR7826158941,Driver Not Found,CID953711,Prime Plus,MG Road,Malleshwaram,,,Not Applicable,Not Applicable,Not Applicable,Not Applicable,435,Not Applicable,0,,
2024-07-21 17:07:00,CNR3862505925,Success,CID221381,Bike,Bellandur,Bellandur,217.0,45.0,Not Applicable,Not Applicable,No,Not Applicable,739,Cash,6,4.5,3.5
2024-07-10 11:16:00,CNR8850251076,Canceled by Driver,CID440762,Auto,Shivajinagar,Chamarajpet,,,Not Applicable,More than permitted people in there,Not Applicable,Not Applicable,123,Not Applicable,0,,
2024-07-03 04:54:00,CNR2889788847,Success,CID613859,Bike,Padmanabhanagar,Rajarajeshwari Nagar,35.0,55.0,Not Applicable,Not Applicable,No,Not Applicable,264,UPI,9,4.3,4.3
2024-07-09 13:41:00,CNR2393883127,Success,CID616999,Prime Sedan,BTM Layout,Tumkur Road,98.0,40.0,Not Applicable,Not Applicable,No,Not Applicable,105,UPI,30,4.9,4.5
2024-07-23 20:40:00,CNR5734669184,Canceled by Customer,CID262745,Prime Sedan,Koramangala,MG Road,,,Driver asked to cancel,Not Applicable,Not Applicable,Not Applicable,263,Not Applicable,0,,
2024-07-20 19:00:00,CNR8863486156,Success,CID613012,eBike,Whitefield,Yelahanka,266.0,125.0,Not Applicable,Not Applicable,No,Not Applicable,202,Cash,38,3.8,3.1
2024-07-22 23:19:00,CNR9288242429,Success,CID567096,Prime Plus,Sarjapur Road,Malleshwaram,301.0,115.0,Not Applicable,Not Applicable,No,Not Applicable,2718,Cash,42,3.1,4.6
2024-07-26 23:05:00,CNR7621983517,Success,CID476376,Prime SUV,Richmond Town,Indiranagar,126.0,60.0,Not Applicable,Not Applicable,No,Not Applicable,170,Cash,29,3.7,3.2
2024-07-22 15:41:00,CNR2056780449,Driver Not Found,CID937332,Prime Sedan,Indiranagar,Bannerghatta Road,,,Not Applicable,Not Applicable,Not Applicable,Not Applicable,735,Not Applicable,0,,
2024-07-23 05:21:00,CNR7333195503,Success,CID394405,Prime Plus,Yelahanka,Shantinagar,259.0,130.0,Not Applicable,Not Applicable,No,Not Applicable,1112,UPI,29,4.5,4.3
2024-07-26 14:07:00,CNR5596470499,Success,CID254890,Mini,Marathahalli,Tumkur Road,35.0,110.0,Not Applicable,Not Applicable,No,Not Applicable,2236,UPI,18,4.7,3.3
2024-07-26 04:45:00,CNR8804469441,Success,CID311532,Auto,HSR Layout,Varthur,56.0,95.0,Not Applicable,Not Applicable,No,Not Applicable,1693,UPI,1,3.5,3.1
2024-07-18 10:35:00,CNR6658465770,Success,CID869229,Prime Sedan,Magadi Road,Hebbal,238.0,95.0,Not Applicable,Not Applicable,No,Not Applicable,232,Cash,42,3.3,3.7
2024-07-21 09:54:00,CNR6465712507,Success,CID101875,Bike,Hulimavu,Marathahalli,280.0,55.0,Not Applicable,Not Applicable,No,Not Applicable,379,Cash,8,4.6,3.2
2024-07-27 18:38:00,CNR5348951774,Success,CID915455,Auto,Hebbal,Banashankari,35.0,70.0,Not Applicable,Not Applicable,No,Not Applicable,266,UPI,2,3.3,3.5
2024-07-29 03:25:00,CNR2047373404,Success,CID810431,Auto,RT Nagar,Yeshwanthpur,308.0,135.0,Not Applicable,Not Applicable,No,Not Applicable,124,Cash,8,4.5,3.6
2024-07-27 23:52:00,CNR2303204665,Driver Not Found,CID471068,Prime SUV,Yeshwanthpur,Chamarajpet,,,Not Applicable,Not Applicable,Not Applicable,Not Applicable,458,Not Applicable,0,,
2024-07-14 04:05:00,CNR9422940047,Success,CID406356,Prime Sedan,Banashankari,Varthur,175.0,95.0,Not Applicable,Not Applicable,No,Not Applicable,821,Debit Card,32,3.1,5.0
2024-07-19 06:31:00,CNR7421925337,Success,CID341034,Mini,KR Puram,BTM Layout,231.0,30.0,Not Applicable,Not Applicable,No,Not Applicable,284,UPI,46,4.6,4.7
2024-07-18 18:48:00,CNR5968412504,Success,CID400694,Bike,Peenya,Hennur,119.0,90.0,Not Applicable,Not Applicable,No,Not Applicable,414,UPI,14,4.7,3.9
2024-07-09 17:31:00,CNR6230458641,Success,CID597401,Auto,Nagarbhavi,Bellandur,238.0,145.0,Not Applicable,Not Applicable,No,Not Applicable,1978,Credit Card,17,4.3,3.5
2024-07-09 21:33:00,CNR5011251323,Success,CID771219,Mini,Sarjapur Road,KR Puram,252.0,115.0,Not Applicable,Not Applicable,No,Not Applicable,452,Cash,8,3.9,4.3
2024-07-01 11:32:00,CNR2777274722,Success,CID557501,Auto,Whitefield,Jayanagar,287.0,135.0,Not Applicable,Not Applicable,No,Not Applicable,498,Credit Card,5,5.0,4.9
2024-07-09 03:12:00,CNR6045097152,Success,CID970695,eBike,Nagarbhavi,Vijayanagar,35.0,90.0,Not Applicable,Not Applicable,No,Not Applicable,387,UPI,10,3.0,3.2
2024-07-04 22:22:00,CNR9627168980,Success,CID989818,Prime SUV,Marathahalli,Varthur,308.0,45.0,Not Applicable,Not Applicable,No,Not Applicable,361,UPI,5,3.8,3.1
2024-07-21 20:35:00,CNR8958011458,Driver Not Found,CID444677,Prime Plus,Jayanagar,Bellandur,,,Not Applicable,Not Applicable,Not Applicable,Not Applicable,179,Not Applicable,0,,
2024-07-16 07:34:00,CNR8548344848,Success,CID325045,Auto,Electronic City,Frazer Town,189.0,55.0,Not Applicable,Not Applicable,No,Not Applicable,372,Credit Card,8,3.0,4.3
2024-07-13 23:53:00,CNR4182660132,Canceled by Customer,CID247686,Mini,Richmond Town,RT Nagar,,,Driver is not moving towards pickup location,Not Applicable,Not Applicable,Not Applicable,154,Not Applicable,0,,
2024-07-11 05:52:00,CNR2167442967,Success,CID219454,Auto,Banashankari,Richmond Town,231.0,140.0,Not Applicable,Not Applicable,No,Not Applicable,456,Cash,18,4.6,4.2
2024-07-10 13:52:00,CNR4101886308,Canceled by Customer,CID291565,eBike,Yeshwanthpur,Ulsoor,,,Driver asked to cancel,Not Applicable,Not Applicable,Not Applicable,270,Not Applicable,0,,
2024-07-12 15:31:00,CNR6036109491,Success,CID616823,Prime Plus,Kammanahalli,Kengeri,133.0,130.0,Not Applicable,Not Applicable,No,Not Applicable,150,Cash,49,4.2,4.5
2024-07-21 05:41:00,CNR1214788240,Success,CID750522,Prime Sedan,Sarjapur Road,Chickpet,273.0,80.0,Not Applicable,Not Applicable,No,Not Applicable,806,Cash,18,3.3,4.9
2024-07-11 05:12:00,CNR1359664671,Success,CID303238,eBike,Chamarajpet,Nagarbhavi,294.0,115.0,Not Applicable,Not Applicable,No,Not Applicable,355,UPI,16,4.9,3.8
2024-07-20 07:05:00,CNR7125880295,Driver Not Found,CID310249,Prime SUV,Frazer Town,Sarjapur Road,,,Not Applicable,Not Applicable,Not Applicable,Not Applicable,480,Not Applicable,0,,
2024-07-08 00:53:00,CNR9097008778,Success,CID378147,Bike,Kengeri,Yeshwanthpur,126.0,60.0,Not Applicable,Not Applicable,No,Not Applicable,798,Cash,42,4.6,3.6
2024-07-25 04:05:00,CNR8672099809,Success,CID604468,Mini,Mysore Road,Indiranagar,70.0,130.0,Not Applicable,Not Applicable,No,Not Applicable,998,Cash,32,4.9,4.4
2024-07-22 16:05:00,CNR6605262787,Success,CID237448,Prime SUV,Indiranagar,Langford Town,294.0,130.0,Not Applicable,Not Applicable,No,Not Applicable,351,UPI,28,3.7,4.1
2024-07-30 02:18:00,CNR7235593357,Success,CID837325,eBike,Bellandur,Hulimavu,189.0,85.0,Not Applicable,Not Applicable,Yes,Customer Demand,341,UPI,43,3.6,4.7
2024-07-20 17:45:00,CNR8501271663,Success,CID937379,Mini,Chickpet,Peenya,196.0,30.0,Not Applicable,Not Applicable,No,Not Applicable,868,Cash,5,4.8,3.5
2024-07-09 01:53:00,CNR4002368068,Success,CID592196,Auto,Bellandur,Marathahalli,224.0,75.0,Not Applicable,Not Applicable,No,Not Applicable,2001,Cash,5,4.7,3.4
2024-07-19 00:01:00,CNR9424924310,Canceled by Driver,CID702613,Prime Plus,Shantinagar,Padmanabhanagar,,,Not Applicable,Personal & Car related issue,Not Applicable,Not Applicable,866,Not Applicable,0,,
2024-07-18 00:48:00,CNR8932126759,Success,CID526940,Bike,Hulimavu,Yeshwanthpur,147.0,105.0,Not Applicable,Not Applicable,No,Not Applicable,177,Cash,17,4.2,3.4
2024-07-24 21:22:00,CNR9639418894,Driver Not Found,CID734147,Bike,Tumkur Road,Shivajinagar,,,Not Applicable,Not Applicable,Not Applicable,Not Applicable,896,Not Applicable,0,,
2024-07-11 10:52:00,CNR8795263032,Canceled by Customer,CID840926,Auto,Banashankari,Padmanabhanagar,,,Driver asked to cancel,Not Applicable,Not Applicable,Not Applicable,200,Not Applicable,0,,
2024-07-29 03:00:00,CNR8170466184,Success,CID576177,Bike,Electronic City,Padmanabhanagar,308.0,65.0,Not Applicable,Not Applicable,No,Not Applicable,490,UPI,46,3.4,4.8
2024-07-07 15:01:00,CNR7802403247,Success,CID351689,Bike,MG Road,Nagarbhavi,56.0,100.0,Not Applicable,Not Applicable,No,Not Applicable,284,Cash,22,3.2,4.7
2024-07-23 13:00:00,CNR5274355682,Success,CID969399,Mini,Majestic,Hulimavu,175.0,40.0,Not Applicable,Not Applicable,No,Not Applicable,429,Cash,39,4.4,4.8
2024-07-15 09:57:00,CNR2354576628,Canceled by Customer,CID685456,Bike,Malleshwaram,Tumkur Road,,,Change of plans,Not Applicable,Not Applicable,Not Applicable,423,Not Applicable,0,,
2024-07-21 06:07:00,CNR7592876784,Driver Not Found,CID616245,Auto,Yeshwanthpur,Rajajinagar,,,Not Applicable,Not Applicable,Not Applicable,Not Applicable,314,Not Applicable,0,,
2024-07-21 06:34:00,CNR9512026308,Driver Not Found,CID680334,Prime SUV,KR Puram,Tumkur Road,,,Not Applicable,Not Applicable,Not Applicable,Not Applicable,142,Not Applicable,0,,
2024-07-13 00:49:00,CNR5240766009,Success,CID595522,Prime Sedan,Whitefield,Vijayanagar,175.0,65.0,Not Applicable,Not Applicable,No,Not Applicable,963,Cash,41,4.3,3.7
2024-07-30 14:48:00,CNR9349461680,Canceled by Customer,CID610525,Prime Sedan,Hosur Road,Marathahalli,,,Change of plans,Not Applicable,Not Applicable,Not Applicable,275,Not Applicable,0,,
2024-07-12 14:19:00,CNR5650580229,Success,CID155595,Prime Plus,Richmond Town,Magadi Road,91.0,60.0,Not Applicable,Not Applicable,No,Not Applicable,913,UPI,45,3.2,5.0
2024-07-04 14:09:00,CNR5903866756,Driver Not Found,CID924176,Auto,Banashankari,Hosur Road,,,Not Applicable,Not Applicable,Not Applicable,Not Applicable,584,Not Applicable,0,,
2024-07-08 22:14:00,CNR6470344226,Success,CID272160,eBike,Padmanabhanagar,Rajarajeshwari Nagar,112.0,140.0,Not Applicable,Not Applicable,No,Not Applicable,380,Cash,46,3.9,3.8
2024-07-24 08:09:00,CNR4527103681,Success,CID922010,Prime Sedan,Padmanabhanagar,Majestic,245.0,105.0,Not Applicable,Not Applicable,No,Not Applicable,476,UPI,44,4.2,4.8
2024-07-23 07:56:00,CNR1857793190,Success,CID648392,Bike,HSR Layout,Marathahalli,42.0,125.0,Not Applicable,Not Applicable,Yes,Customer Demand,797,Cash,19,4.5,4.8
2024-07-30 00:31:00,CNR2690376290,Canceled by Driver,CID564263,Prime Plus,Kadugodi,Kadugodi,,,Not Applicable,Customer related issue,Not Applicable,Not Applicable,564,Not Applicable,0,,
2024-07-05 02:47:00,CNR1411036437,Success,CID365463,Prime Plus,Padmanabhanagar,Chickpet,140.0,45.0,Not Applicable,Not Applicable,No,Not Applicable,630,UPI,35,4.9,4.1
2024-07-19 19:38:00,CNR6659357790,Success,CID288281,Bike,Whitefield,Indiranagar,252.0,25.0,Not Applicable,Not Applicable,Yes,Vehicle Breakdown,2059,Cash,14,3.8,4.7
2024-07-26 21:09:00,CNR7700142469,Success,CID268967,Prime Sedan,Electronic City,Ulsoor,70.0,55.0,Not Applicable,Not Applicable,No,Not Applicable,394,UPI,48,3.9,4.8
2024-07-20 01:31:00,CNR9483646577,Canceled by Customer,CID197458,eBike,Frazer Town,Hosur Road,,,Change of plans,Not Applicable,Not Applicable,Not Applicable,443,Not Applicable,0,,
2024-07-28 23:27:00,CNR8627404318,Driver Not Found,CID394916,Prime Plus,Hebbal,Rajarajeshwari Nagar,,,Not Applicable,Not Applicable,Not Applicable,Not Applicable,204,Not Applicable,0,,
2024-07-18 22:42:00,CNR5326891465,Driver Not Found,CID454805,Bike,BTM Layout,Shivajinagar,,,Not Applicable,Not Applicable,Not Applicable,Not Applicable,280,Not Applicable,0,,
2024-07-04 12:30:00,CNR5684914200,Success,CID185380,Auto,Whitefield,Kadugodi,42.0,145.0,Not Applicable,Not Applicable,No,Not Applicable,455,Cash,2,3.1,3.7
2024-07-17 16:30:00,CNR4642815330,Success,CID327952,Auto,Basavanagudi,Bellandur,140.0,95.0,Not Applicable,Not Applicable,No,Not Applicable,349,UPI,1,4.8,3.7
2024-07-09 20:27:00,CNR2371436059,Driver Not Found,CID625253,eBike,Ulsoor,Jayanagar,,,Not Applicable,Not Applicable,Not Applicable,Not Applicable,397,Not Applicable,0,,
2024-07-21 12:10:00,CNR8982429468,Success,CID354742,Bike,Yeshwanthpur,Padmanabhanagar,189.0,100.0,Not Applicable,Not Applicable,No,Not Applicable,789,Cash,11,3.9,3.2
2024-07-29 17:09:00,CNR8979925616,Success,CID591227,eBike,Devanahalli,Shantinagar,91.0,140.0,Not Applicable,Not Applicable,No,Not Applicable,1289,UPI,15,3.4,3.4
2024-07-03 11:08:00,CNR9332843637,Success,CID753850,Bike,Indiranagar,Ramamurthy Nagar,133.0,85.0,Not Applicable,Not Applicable,No,Not Applicable,593,Cash,27,3.1,3.2
2024-07-18 05:03:00,CNR4404821136,Canceled by Customer,CID552325,Prime Plus,Sarjapur Road,Nagarbhavi,,,Driver is not moving towards pickup location,Not Applicable,Not Applicable,Not Applicable,303,Not Applicable,0,,
2024-07-05 05:22:00,CNR2830374452,Success,CID827842,Prime Plus,Rajarajeshwari Nagar,Electronic City,287.0,60.0,Not Applicable,Not Applicable,No,Not Applicable,402,UPI,28,4.7,4.8
2024-07-30 00:42:00,CNR7969021768,Success,CID780101,Mini,Chamarajpet,Hulimavu,196.0,40.0,Not Applicable,Not Applicable,No,Not Applicable,188,UPI,23,3.8,4.2
2024-07-18 13:31:00,CNR5430022010,Canceled by Driver,CID679083,Prime Sedan,Cox Town,Hennur,,,Not Applicable,Personal & Car related issue,Not Applicable,Not Applicable,180,Not Applicable,0,,
2024-07-22 20:38:00,CNR9180641976,Success,CID827349,eBike,Magadi Road,Banashankari,196.0,130.0,Not Applicable,Not Applicable,No,Not Applicable,425,Cash,33,4.4,3.5
2024-07-22 04:43:00,CNR7514001205,Canceled by Driver,CID770560,Prime Sedan,Ramamurthy Nagar,JP Nagar,,,Not Applicable,Customer related issue,Not Applicable,Not Applicable,348,Not Applicable,0,,
2024-07-22 03:53:00,CNR6903901105,Success,CID720798,Prime SUV,Chamarajpet,Majestic,70.0,90.0,Not Applicable,Not Applicable,No,Not Applicable,410,Cash,30,4.3,5.0
2024-07-30 22:03:00,CNR4832353919,Success,CID550661,Prime Plus,Varthur,Shivajinagar,98.0,80.0,Not Applicable,Not Applicable,No,Not Applicable,118,Cash,9,4.0,3.3
2024-07-14 23:14:00,CNR3983877642,Success,CID498547,eBike,Indiranagar,BTM Layout,112.0,35.0,Not Applicable,Not Applicable,No,Not Applicable,226,UPI,49,3.3,4.6
2024-07-18 15:31:00,CNR2401995533,Success,CID893913,Mini,Hennur,Sahakar Nagar,273.0,85.0,Not Applicable,Not Applicable,No,Not Applicable,235,Cash,45,3.1,3.4
2024-07-06 01:21:00,CNR7747689976,Canceled by Customer,CID128738,eBike,Sarjapur Road,Langford Town,,,Driver is not moving towards pickup location,Not Applicable,Not Applicable,Not Applicable,735,Not Applicable,0,,
2024-07-23 06:19:00,CNR9036083666,Success,CID503883,Prime Plus,Sahakar Nagar,Bellandur,203.0,75.0,Not Applicable,Not Applicable,No,Not Applicable,984,UPI,32,4.0,3.5
2024-07-17 03:28:00,CNR5376902103,Success,CID550049,Prime Sedan,Nagarbhavi,Ulsoor,70.0,50.0,Not Applicable,Not Applicable,No,Not Applicable,529,Cash,31,4.8,3.9
2024-07-30 22:24:00,CNR5591982530,Driver Not Found,CID467481,Prime Sedan,Mysore Road,MG Road,,,Not Applicable,Not Applicable,Not Applicable,Not Applicable,576,Not Applicable,0,,
2024-07-15 01:51:00,CNR3577705456,Success,CID821095,Mini,Ramamurthy Nagar,Hulimavu,161.0,80.0,Not Applicable,Not Applicable,No,Not Applicable,240,Credit Card,25,4.1,4.3
2024-07-30 22:23:00,CNR9165174630,Canceled by Customer,CID152646,eBike,Peenya,Mysore Road,,,Wrong Address,Not Applicable,Not Applicable,Not Applicable,360,Not Applicable,0,,
2024-07-28 19:26:00,CNR8618134827,Driver Not Found,CID784791,eBike,Banashankari,Basavanagudi,,,Not Applicable,Not Applicable,Not Applicable,Not Applicable,2084,Not Applicable,0,,
2024-07-28 19:12:00,CNR9761998080,Success,CID707528,Auto,Sarjapur Road,Basavanagudi,273.0,25.0,Not Applicable,Not Applicable,No,Not Applicable,355,Cash,3,3.6,3.2
2024-07-14 09:05:00,CNR8753523186,Canceled by Customer,CID470804,Prime Plus,KR Puram,Tumkur Road,,,Driver is not moving towards pickup location,Not Applicable,Not Applicable,Not Applicable,425,Not Applicable,0,,
2024-07-06 10:29:00,CNR3125082461,Success,CID192037,Mini,Yelahanka,Rajarajeshwari Nagar,245.0,120.0,Not Applicable,Not Applicable,No,Not Applicable,467,Cash,14,4.2,3.0
2024-07-08 03:24:00,CNR6038541194,Canceled by Driver,CID549631,Mini,Banashankari,Sahakar Nagar,,,Not Applicable,More than permitted people in there,Not Applicable,Not Applicable,290,Not Applicable,0,,
2024-07-02 00:31:00,CNR7730270679,Canceled by Customer,CID563818,Mini,Hennur,Magadi Road,,,Change of plans,Not Applicable,Not Applicable,Not Applicable,125,Not Applicable,0,,
2024-07-26 17:56:00,CNR9920089924,Success,CID430914,Prime Plus,Bannerghatta Road,Ulsoor,224.0,145.0,Not Applicable,Not Applicable,No,Not Applicable,135,Cash,18,3.9,3.0
2024-07-24 06:27:00,CNR7470190560,Success,CID267985,Mini,Nagarbhavi,Tumkur Road,119.0,55.0,Not Applicable,Not Applicable,No,Not Applicable,678,Cash,2,3.4,3.5
2024-07-19 10:23:00,CNR2057706023,Success,CID725435,eBike,Hulimavu,RT Nagar,70.0,100.0,Not Applicable,Not Applicable,No,Not Applicable,767,UPI,20,3.5,3.5
2024-07-29 06:21:00,CNR4381237299,Success,CID716107,Auto,Ramamurthy Nagar,MG Road,112.0,25.0,Not Applicable,Not Applicable,No,Not Applicable,474,UPI,6,3.9,3.3
2024-07-09 18:38:00,CNR4658830761,Success,CID831362,Bike,Kammanahalli,Indiranagar,287.0,120.0,Not Applicable,Not Applicable,No,Not Applicable,106,Cash,23,4.3,4.2
2024-07-07 12:11:00,CNR5079610550,Success,CID538556,Prime Sedan,Indiranagar,BTM Layout,56.0,40.0,Not Applicable,Not Applicable,No,Not Applicable,195,UPI,16,3.8,4.5
2024-07-04 16:00:00,CNR7790138708,Canceled by Driver,CID829355,Prime Sedan,Indiranagar,Jayanagar,,,Not Applicable,Personal & Car related issue,Not Applicable,Not Applicable,409,Not Applicable,0,,
2024-07-08 16:50:00,CNR7227459621,Success,CID990857,Bike,Yelahanka,JP Nagar,273.0,35.0,Not Applicable,Not Applicable,No,Not Applicable,575,Cash,8,3.4,3.9
2024-07-19 21:48:00,CNR8978962680,Canceled by Driver,CID859285,Prime Plus,Sahakar Nagar,Shantinagar,,,Not Applicable,Personal & Car related issue,Not Applicable,Not Applicable,752,Not Applicable,0,,
2024-07-13 10:18:00,CNR8477287585,Success,CID838592,Prime SUV,Sarjapur Road,Hosur Road,196.0,105.0,Not Applicable,Not Applicable,No,Not Applicable,217,Cash,5,4.5,4.7
2024-07-08 14:44:00,CNR4461092182,Success,CID762420,Prime SUV,Tumkur Road,Chamarajpet,294.0,65.0,Not Applicable,Not Applicable,No,Not Applicable,223,UPI,42,3.5,3.6
2024-07-13 20:47:00,CNR6281603244,Success,CID764473,Bike,Kengeri,Padmanabhanagar,133.0,125.0,Not Applicable,Not Applicable,No,Not Applicable,389,Cash,15,4.5,3.3
2024-07-17 04:57:00,CNR8168828227,Success,CID715742,Auto,Varthur,Richmond Town,63.0,130.0,Not Applicable,Not Applicable,No,Not Applicable,494,UPI,7,3.5,4.2
2024-07-13 07:24:00,CNR8295723274,Success,CID347398,Mini,Majestic,Devanahalli,56.0,60.0,Not Applicable,Not Applicable,No,Not Applicable,493,UPI,7,3.6,3.3
2024-07-15 07:52:00,CNR8814922142,Success,CID549868,Prime Sedan,KR Puram,Sahakar Nagar,126.0,90.0,Not Applicable,Not Applicable,No,Not Applicable,321,Cash,45,3.5,3.5
2024-07-30 12:53:00,CNR7946827114,Success,CID502688,Bike,Bannerghatta Road,Tumkur Road,147.0,70.0,Not Applicable,Not Applicable,No,Not Applicable,331,UPI,18,3.3,3.7
2024-07-27 13:58:00,CNR6287716509,Success,CID554849,eBike,Yeshwanthpur,Nagarbhavi,175.0,65.0,Not Applicable,Not Applicable,No,Not Applicable,982,UPI,40,4.0,4.5
2024-07-18 04:13:00,CNR7838232371,Canceled by Driver,CID655783,Mini,Rajajinagar,Basavanagudi,,,Not Applicable,Customer related issue,Not Applicable,Not Applicable,2676,Not Applicable,0,,
2024-07-10 20:29:00,CNR1676330853,Success,CID557780,Bike,Banashankari,Magadi Road,49.0,95.0,Not Applicable,Not Applicable,No,Not Applicable,402,UPI,10,3.1,3.5
2024-07-16 19:13:00,CNR2883413137,Canceled by Customer,CID777623,Prime SUV,Shantinagar,Marathahalli,,,Change of plans,Not Applicable,Not Applicable,Not Applicable,314,Not Applicable,0,,
2024-07-16 19:25:00,CNR7271877727,Driver Not Found,CID431436,eBike,Cox Town,Koramangala,,,Not Applicable,Not Applicable,Not Applicable,Not Applicable,438,Not Applicable,0,,
2024-07-29 04:17:00,CNR4196195755,Driver Not Found,CID348555,Prime Sedan,Majestic,Bannerghatta Road,,,Not Applicable,Not Applicable,Not Applicable,Not Applicable,371,Not Applicable,0,,
2024-07-09 12:18:00,CNR6229375640,Success,CID245257,Prime SUV,Ulsoor,Mysore Road,70.0,145.0,Not Applicable,Not Applicable,No,Not Applicable,129,UPI,43,3.8,4.0
2024-07-24 01:41:00,CNR1875054502,Canceled by Customer,CID902503,Auto,HSR Layout,Kadugodi,,,Change of plans,Not Applicable,Not Applicable,Not Applicable,869,Not Applicable,0,,
2024-07-10 08:15:00,CNR8905265248,Success,CID834320,Prime Plus,Yeshwanthpur,Kammanahalli,84.0,30.0,Not Applicable,Not Applicable,No,Not Applicable,495,Cash,11,3.1,3.3
2024-07-06 15:39:00,CNR1318565879,Success,CID535311,Mini,Marathahalli,Kadugodi,189.0,55.0,Not Applicable,Not Applicable,No,Not Applicable,109,Cash,43,3.5,4.7
2024-07-30 22:57:00,CNR7672164588,Canceled by Driver,CID722643,Mini,Chickpet,Sarjapur Road,,,Not Applicable,Customer related issue,Not Applicable,Not Applicable,785,Not Applicable,0,,
2024-07-14 00:58:00,CNR6522833044,Success,CID384214,Auto,Sarjapur Road,Yelahanka,280.0,130.0,Not Applicable,Not Applicable,Yes,Customer Demand,617,Cash,2,4.9,3.7
2024-07-18 06:35:00,CNR1836304442,Success,CID308809,Prime Plus,Shivajinagar,Magadi Road,203.0,80.0,Not Applicable,Not Applicable,No,Not Applicable,2706,Cash,2,4.8,3.3
2024-07-10 05:36:00,CNR3340175316,Canceled by Driver,CID764430,Prime Sedan,Cox Town,Cox Town,,,Not Applicable,Personal & Car related issue,Not Applicable,Not Applicable,393,Not Applicable,0,,
2024-07-01 01:34:00,CNR7075714680,Success,CID260001,Prime Plus,Hulimavu,Padmanabhanagar,154.0,135.0,Not Applicable,Not Applicable,No,Not Applicable,331,Cash,2,4.5,4.7
2024-07-02 20:49:00,CNR7626825095,Success,CID177572,Bike,BTM Layout,Kadugodi,266.0,105.0,Not Applicable,Not Applicable,No,Not Applicable,192,Credit Card,35,4.7,4.3
2024-07-02 10:57:00,CNR7394594266,Success,CID289071,Mini,Jayanagar,JP Nagar,35.0,120.0,Not Applicable,Not Applicable,No,Not Applicable,2686,Cash,29,4.3,4.9
2024-07-01 09:48:00,CNR2286122299,Success,CID927168,Bike,Tumkur Road,BTM Layout,259.0,105.0,Not Applicable,Not Applicable,No,Not Applicable,768,Debit Card,33,4.2,3.0
2024-07-09 05:20:00,CNR1357592751,Success,CID384677,eBike,Vijayanagar,Vijayanagar,308.0,75.0,Not Applicable,Not Applicable,No,Not Applicable,339,Cash,28,4.2,4.6
2024-07-04 21:44:00,CNR9956685122,Driver Not Found,CID442586,Prime SUV,Kadugodi,Sahakar Nagar,,,Not Applicable,Not Applicable,Not Applicable,Not Applicable,405,Not Applicable,0,,
2024-07-03 21:06:00,CNR9446898011,Success,CID875274,Prime Sedan,Magadi Road,Rajajinagar,217.0,105.0,Not Applicable,Not Applicable,No,Not Applicable,969,Cash,22,4.7,3.7
2024-07-14 15:48:00,CNR8582735555,Success,CID382248,Prime Sedan,HSR Layout,Ramamurthy Nagar,147.0,70.0,Not Applicable,Not Applicable,No,Not Applicable,374,UPI,34,3.6,4.3
2024-07-14 23:09:00,CNR2154808066,Driver Not Found,CID534856,Auto,Padmanabhanagar,Hulimavu,,,Not Applicable,Not Applicable,Not Applicable,Not Applicable,2187,Not Applicable,0,,
2024-07-28 16:12:00,CNR2336159865,Success,CID928237,Prime SUV,MG Road,Padmanabhanagar,63.0,130.0,Not Applicable,Not Applicable,No,Not Applicable,335,UPI,43,4.5,3.7
2024-07-10 01:13:00,CNR2011523696,Driver Not Found,CID966299,Prime Plus,Shantinagar,Kammanahalli,,,Not Applicable,Not Applicable,Not Applicable,Not Applicable,460,Not Applicable,0,,
2024-07-11 23:03:00,CNR9961753834,Success,CID559939,Auto,Yelahanka,Kengeri,133.0,30.0,Not Applicable,Not Applicable,No,Not Applicable,401,Cash,12,3.9,3.8
2024-07-25 05:09:00,CNR6196238282,Canceled by Driver,CID869344,Prime Sedan,Banashankari,Hebbal,,,Not Applicable,Customer was coughing/sick,Not Applicable,Not Applicable,322,Not Applicable,0,,
2024-07-17 20:43:00,CNR4662186491,Canceled by Customer,CID560994,Bike,Varthur,Bellandur,,,Driver is not moving towards pickup location,Not Applicable,Not Applicable,Not Applicable,193,Not Applicable,0,,
2024-07-24 17:05:00,CNR3116863965,Success,CID923472,Prime Sedan,Padmanabhanagar,Kammanahalli,301.0,40.0,Not Applicable,Not Applicable,No,Not Applicable,261,Cash,1,4.3,3.3
2024-07-06 02:35:00,CNR6467515361,Success,CID762060,eBike,Richmond Town,Indiranagar,308.0,40.0,Not Applicable,Not Applicable,No,Not Applicable,178,UPI,17,3.4,3.8
2024-07-30 17:41:00,CNR2858845867,Driver Not Found,CID490382,Bike,Electronic City,Hosur Road,,,Not Applicable,Not Applicable,Not Applicable,Not Applicable,343,Not Applicable,0,,
2024-07-28 09:11:00,CNR9594162976,Success,CID632144,Prime Sedan,Sarjapur Road,Cox Town,224.0,65.0,Not Applicable,Not Applicable,No,Not Applicable,232,Cash,26,5.0,3.4
2024-07-18 03:42:00,CNR2052147246,Success,CID723571,Auto,MG Road,Ulsoor,175.0,115.0,Not Applicable,Not Applicable,Yes,Vehicle Breakdown,403,UPI,8,4.1,3.4
2024-07-11 14:08:00,CNR7826805285,Canceled by Customer,CID895564,Prime Plus,Vijayanagar,Basavanagudi,,,Driver asked to cancel,Not Applicable,Not Applicable,Not Applicable,397,Not Applicable,0,,
2024-07-24 20:15:00,CNR6516668220,Success,CID593769,Prime Sedan,Yeshwanthpur,Kengeri,259.0,85.0,Not Applicable,Not Applicable,No,Not Applicable,296,UPI,43,3.3,4.0
2024-07-30 03:59:00,CNR9083758782,Success,CID710749,Prime Sedan,Mysore Road,Indiranagar,210.0,95.0,Not Applicable,Not Applicable,No,Not Applicable,488,Cash,15,4.7,4.9
2024-07-22 02:10:00,CNR1001947786,Success,CID339262,Mini,Hulimavu,Devanahalli,35.0,25.0,Not Applicable,Not Applicable,No,Not Applicable,2056,Cash,26,3.1,4.4
2024-07-25 11:42:00,CNR8711207685,Success,CID104913,Prime Plus,Malleshwaram,Frazer Town,294.0,145.0,Not Applicable,Not Applicable,No,Not Applicable,938,Cash,44,3.3,3.4
2024-07-05 17:35:00,CNR4419723021,Canceled by Driver,CID694108,Bike,KR Puram,Majestic,,,Not Applicable,More than permitted people in there,Not Applicable,Not Applicable,406,Not Applicable,0,,
2024-07-07 08:00:00,CNR2136533013,Success,CID735568,Bike,Banashankari,Cox Town,77.0,115.0,Not Applicable,Not Applicable,No,Not Applicable,756,Cash,19,4.0,4.9
2024-07-26 23:02:00,CNR6499146101,Canceled by Driver,CID976201,Bike,Kengeri,Hulimavu,,,Not Applicable,Customer related issue,Not Applicable,Not Applicable,386,Not Applicable,0,,
2024-07-05 14:54:00,CNR3209203880,Driver Not Found,CID155094,Auto,Yeshwanthpur,Electronic City,,,Not Applicable,Not Applicable,Not Applicable,Not Applicable,358,Not Applicable,0,,
2024-07-28 14:45:00,CNR6810215683,Success,CID321079,eBike,Jayanagar,Banashankari,245.0,35.0,Not Applicable,Not Applicable,No,Not Applicable,302,Cash,12,3.3,3.4
2024-07-14 23:10:00,CNR3188624399,Canceled by Customer,CID992815,Auto,Frazer Town,Padmanabhanagar,,,Driver asked to cancel,Not Applicable,Not Applicable,Not Applicable,174,Not Applicable,0,,
2024-07-21 01:54:00,CNR5219592655,Canceled by Customer,CID991081,Mini,Hennur,MG Road,,,Driver asked to cancel,Not Applicable,Not Applicable,Not Applicable,103,Not Applicable,0,,
2024-07-29 08:19:00,CNR6421912409,Canceled by Customer,CID113532,Prime Plus,Nagarbhavi,KR Puram,,,AC is Not working,Not Applicable,Not Applicable,Not Applicable,2224,Not Applicable,0,,
2024-07-10 21:07:00,CNR5855720348,Success,CID969710,Prime Plus,Malleshwaram,Kadugodi,84.0,70.0,Not Applicable,Not Applicable,No,Not Applicable,352,Cash,35,3.1,4.0
2024-07-21 15:08:00,CNR9112056450,Success,CID624414,eBike,Peenya,Varthur,42.0,80.0,Not Applicable,Not Applicable,No,Not Applicable,169,Cash,24,3.5,3.6
2024-07-11 15:40:00,CNR8147201790,Success,CID528859,Prime Sedan,Banashankari,Chickpet,287.0,65.0,Not Applicable,Not Applicable,No,Not Applicable,251,UPI,44,3.3,3.8
2024-07-02 11:42:00,CNR1579333429,Success,CID887471,Prime SUV,Hennur,MG Road,154.0,115.0,Not Applicable,Not Applicable,No,Not Applicable,540,UPI,47,3.2,3.3
2024-07-15 20:45:00,CNR3943794909,Success,CID241745,eBike,Hebbal,MG Road,308.0,125.0,Not Applicable,Not Applicable,No,Not Applicable,176,Cash,29,3.5,3.3
2024-07-24 02:01:00,CNR2467828970,Success,CID466814,Prime SUV,HSR Layout,Bannerghatta Road,196.0,95.0,Not Applicable,Not Applicable,Yes,Other Issue,853,Cash,26,3.1,4.5
2024-07-12 20:05:00,CNR7527221608,Canceled by Driver,CID323420,Auto,Yelahanka,Hulimavu,,,Not Applicable,More than permitted people in there,Not Applicable,Not Applicable,642,Not Applicable,0,,
2024-07-04 11:56:00,CNR9380779665,Success,CID948120,Auto,Cox Town,Bellandur,35.0,70.0,Not Applicable,Not Applicable,No,Not Applicable,388,UPI,15,3.7,4.1
2024-07-21 20:14:00,CNR6780907418,Canceled by Customer,CID999769,Auto,Electronic City,Sarjapur Road,,,Driver asked to cancel,Not Applicable,Not Applicable,Not Applicable,327,Not Applicable,0,,
2024-07-29 20:03:00,CNR9218500142,Canceled by Driver,CID657047,Bike,Sahakar Nagar,Nagarbhavi,,,Not Applicable,Customer was coughing/sick,Not Applicable,Not Applicable,321,Not Applicable,0,,
2024-07-13 03:39:00,CNR4806801704,Success,CID968358,Auto,Majestic,Bellandur,105.0,60.0,Not Applicable,Not Applicable,No,Not Applicable,945,UPI,9,3.8,3.6
2024-07-25 02:47:00,CNR5059712758,Canceled by Driver,CID240169,Auto,Hennur,Nagarbhavi,,,Not Applicable,Customer related issue,Not Applicable,Not Applicable,2123,Not Applicable,0,,
2024-07-09 11:24:00,CNR8868083828,Canceled by Driver,CID486339,Prime SUV,Vijayanagar,Kadugodi,,,Not Applicable,Personal & Car related issue,Not Applicable,Not Applicable,290,Not Applicable,0,,
2024-07-30 21:54:00,CNR9629559514,Success,CID345990,eBike,Jayanagar,Ulsoor,168.0,55.0,Not Applicable,Not Applicable,No,Not Applicable,450,Cash,46,3.4,4.5
2024-07-17 06:03:00,CNR5955403230,Canceled by Customer,CID889105,Prime SUV,Shantinagar,Bannerghatta Road,,,Change of plans,Not Applicable,Not Applicable,Not Applicable,988,Not Applicable,0,,
2024-07-25 02:18:00,CNR4038897371,Success,CID873423,Prime Plus,Shivajinagar,Nagarbhavi,77.0,95.0,Not Applicable,Not Applicable,No,Not Applicable,585,Cash,14,3.6,3.8
2024-07-25 04:16:00,CNR6781064965,Canceled by Driver,CID930512,Auto,Shivajinagar,Peenya,,,Not Applicable,Customer related issue,Not Applicable,Not Applicable,878,Not Applicable,0,,
2024-07-21 14:34:00,CNR8401471274,Driver Not Found,CID666979,Prime SUV,MG Road,Kammanahalli,,,Not Applicable,Not Applicable,Not Applicable,Not Applicable,896,Not Applicable,0,,
2024-07-05 05:58:00,CNR7070034253,Driver Not Found,CID492662,Bike,Sahakar Nagar,Ramamurthy Nagar,,,Not Applicable,Not Applicable,Not Applicable,Not Applicable,211,Not Applicable,0,,
2024-07-14 10:13:00,CNR7526057028,Driver Not Found,CID384970,Bike,Kammanahalli,HSR Layout,,,Not Applicable,Not Applicable,Not Applicable,Not Applicable,696,Not Applicable,0,,
2024-07-07 10:55:00,CNR7524247364,Success,CID313854,Prime SUV,Sahakar Nagar,Sahakar Nagar,308.0,100.0,Not Applicable,Not Applicable,No,Not Applicable,827,Cash,38,3.5,4.7
2024-07-30 14:05:00,CNR1017139453,Canceled by Driver,CID394923,Mini,Chickpet,HSR Layout,,,Not Applicable,Personal & Car related issue,Not Applicable,Not Applicable,1750,Not Applicable,0,,
2024-07-26 17:49:00,CNR9466778137,Canceled by Driver,CID919631,Prime SUV,MG Road,JP Nagar,,,Not Applicable,Customer was coughing/sick,Not Applicable,Not Applicable,215,Not Applicable,0,,
2024-07-26 12:22:00,CNR1800592268,Canceled by Driver,CID269420,Prime SUV,Malleshwaram,Yelahanka,,,Not Applicable,More than permitted people in there,Not Applicable,Not Applicable,245,Not Applicable,0,,
2024-07-20 20:40:00,CNR7103428874,Driver Not Found,CID420519,Prime SUV,Kengeri,Hebbal,,,Not Applicable,Not Applicable,Not Applicable,Not Applicable,345,Not Applicable,0,,
2024-07-09 15:22:00,CNR5897072198,Success,CID699853,Prime Plus,Rajajinagar,Cox Town,119.0,120.0,Not Applicable,Not Applicable,No,Not Applicable,823,UPI,47,3.8,4.8
2024-07-25 06:10:00,CNR2525344300,Success,CID845002,Mini,Hennur,Jayanagar,63.0,90.0,Not Applicable,Not Applicable,No,Not Applicable,388,UPI,37,4.8,3.2
2024-07-25 18:35:00,CNR1148167100,Canceled by Driver,CID130259,Prime SUV,Chickpet,Chickpet,,,Not Applicable,More than permitted people in there,Not Applicable,Not Applicable,495,Not Applicable,0,,
2024-07-12 06:51:00,CNR7441083125,Success,CID885977,Prime Plus,Hulimavu,Kadugodi,224.0,55.0,Not Applicable,Not Applicable,Yes,Customer Demand,339,UPI,17,3.1,4.0
2024-07-27 04:58:00,CNR4110604969,Success,CID423181,Prime SUV,Malleshwaram,Yeshwanthpur,231.0,125.0,Not Applicable,Not Applicable,No,Not Applicable,496,Cash,13,4.0,4.6
2024-07-10 21:35:00,CNR3168879522,Success,CID441127,Prime SUV,Sahakar Nagar,Hennur,266.0,145.0,Not Applicable,Not Applicable,No,Not Applicable,133,Credit Card,29,4.1,3.8
2024-07-20 08:34:00,CNR4507882499,Canceled by Driver,CID126647,Bike,Kadugodi,Shivajinagar,,,Not Applicable,Personal & Car related issue,Not Applicable,Not Applicable,103,Not Applicable,0,,
2024-07-29 00:41:00,CNR4716874414,Driver Not Found,CID174199,Prime Plus,Vijayanagar,Yelahanka,,,Not Applicable,Not Applicable,Not Applicable,Not Applicable,663,Not Applicable,0,,
2024-07-11 12:38:00,CNR3635162261,Success,CID381193,Prime Sedan,Rajarajeshwari Nagar,Majestic,126.0,85.0,Not Applicable,Not Applicable,No,Not Applicable,464,Cash,2,3.3,4.8
2024-07-11 10:23:00,CNR2473922975,Canceled by Driver,CID919175,Auto,Vijayanagar,JP Nagar,,,Not Applicable,Customer related issue,Not Applicable,Not Applicable,334,Not Applicable,0,,
2024-07-15 14:59:00,CNR6977029217,Success,CID101966,Auto,Shivajinagar,Whitefield,245.0,95.0,Not Applicable,Not Applicable,No,Not Applicable,203,Cash,19,3.8,4.7
2024-07-11 01:47:00,CNR8026937548,Canceled by Customer,CID725104,Prime Plus,Indiranagar,Mysore Road,,,Change of plans,Not Applicable,Not Applicable,Not Applicable,2133,Not Applicable,0,,
2024-07-01 13:44:00,CNR6047703343,Success,CID432752,Bike,Richmond Town,Kadugodi,280.0,55.0,Not Applicable,Not Applicable,No,Not Applicable,445,Cash,48,4.9,3.1
2024-07-03 11:35:00,CNR4343482538,Success,CID427197,Prime SUV,Richmond Town,Peenya,168.0,110.0,Not Applicable,Not Applicable,No,Not Applicable,422,Cash,15,3.8,4.7
2024-07-30 07:47:00,CNR3946517671,Driver Not Found,CID931034,eBike,Kammanahalli,Langford Town,,,Not Applicable,Not Applicable,Not Applicable,Not Applicable,936,Not Applicable,0,,
2024-07-10 19:24:00,CNR8475175631,Canceled by Driver,CID296687,Auto,Varthur,Hennur,,,Not Applicable,Customer related issue,Not Applicable,Not Applicable,702,Not Applicable,0,,
2024-07-27 08:55:00,CNR7047308626,Success,CID207802,eBike,Richmond Town,Hulimavu,259.0,145.0,Not Applicable,Not Applicable,No,Not Applicable,363,Cash,27,3.1,3.5
2024-07-21 05:20:00,CNR8540384381,Canceled by Driver,CID885982,Auto,Mysore Road,Varthur,,,Not Applicable,Customer related issue,Not Applicable,Not Applicable,493,Not Applicable,0,,
2024-07-11 00:40:00,CNR3070003824,Canceled by Driver,CID237892,Mini,BTM Layout,Varthur,,,Not Applicable,Customer related issue,Not Applicable,Not Applicable,308,Not Applicable,0,,
2024-07-07 06:51:00,CNR5125932677,Driver Not Found,CID759342,Prime SUV,Yelahanka,Hebbal,,,Not Applicable,Not Applicable,Not Applicable,Not Applicable,994,Not Applicable,0,,
2024-07-12 01:13:00,CNR3593880448,Success,CID731350,Prime SUV,Nagarbhavi,Malleshwaram,245.0,140.0,Not Applicable,Not Applicable,No,Not Applicable,1915,Cash,27,3.9,3.2
2024-07-14 08:40:00,CNR5755989256,Canceled by Customer,CID126544,Prime Plus,Tumkur Road,Shivajinagar,,,Change of plans,Not Applicable,Not Applicable,Not Applicable,285,Not Applicable,0,,
2024-07-20 03:00:00,CNR4905971902,Success,CID275742,Prime SUV,Vijayanagar,Rajajinagar,70.0,100.0,Not Applicable,Not Applicable,No,Not Applicable,245,UPI,9,4.9,4.7
2024-07-15 07:49:00,CNR3748947938,Driver Not Found,CID613935,Prime SUV,Devanahalli,Hebbal,,,Not Applicable,Not Applicable,Not Applicable,Not Applicable,294,Not Applicable,0,,
2024-07-13 15:22:00,CNR6987445219,Success,CID425458,Prime SUV,Cox Town,Bannerghatta Road,56.0,65.0,Not Applicable,Not Applicable,No,Not Applicable,223,UPI,18,3.8,4.3
2024-07-06 01:46:00,CNR4204544904,Success,CID634889,Prime SUV,Majestic,KR Puram,210.0,70.0,Not Applicable,Not Applicable,No,Not Applicable,101,Cash,24,4.5,3.2
2024-07-09 04:05:00,CNR1346002326,Canceled by Driver,CID647192,Auto,Kadugodi,Devanahalli,,,Not Applicable,Personal & Car related issue,Not Applicable,Not Applicable,393,Not Applicable,0,,
2024-07-23 20:46:00,CNR9829939822,Success,CID415966,eBike,Hosur Road,MG Road,238.0,30.0,Not Applicable,Not Applicable,No,Not Applicable,236,UPI,40,4.5,4.1
2024-07-30 08:10:00,CNR3326411766,Success,CID667488,Mini,JP Nagar,HSR Layout,196.0,95.0,Not Applicable,Not Applicable,Yes,Customer Demand,527,Cash,17,3.5,4.9
2024-07-09 13:57:00,CNR1049675023,Success,CID784616,Prime SUV,KR Puram,Basavanagudi,56.0,65.0,Not Applicable,Not Applicable,No,Not Applicable,379,Cash,20,4.2,4.7
2024-07-14 02:13:00,CNR3109833941,Driver Not Found,CID651976,Bike,BTM Layout,Varthur,,,Not Applicable,Not Applicable,Not Applicable,Not Applicable,573,Not Applicable,0,,
2024-07-21 02:04:00,CNR5943899813,Success,CID303357,Auto,Shivajinagar,Tumkur Road,147.0,30.0,Not Applicable,Not Applicable,No,Not Applicable,765,Cash,1,3.4,4.5
2024-07-22 09:38:00,CNR3257213302,Success,CID936923,eBike,Sahakar Nagar,Sahakar Nagar,280.0,85.0,Not Applicable,Not Applicable,No,Not Applicable,435,Cash,49,4.2,3.9
2024-07-09 17:05:00,CNR2215533619,Success,CID625433,Auto,Hulimavu,Shantinagar,63.0,90.0,Not Applicable,Not Applicable,No,Not Applicable,125,Cash,3,3.3,3.6
2024-07-21 03:58:00,CNR5314586330,Success,CID542481,Prime Plus,Chamarajpet,Sarjapur Road,301.0,95.0,Not Applicable,Not Applicable,No,Not Applicable,178,Cash,27,3.3,3.2
2024-07-23 21:39:00,CNR9701414927,Success,CID421295,Prime Sedan,Rajarajeshwari Nagar,Shantinagar,245.0,130.0,Not Applicable,Not Applicable,No,Not Applicable,1952,Cash,4,3.1,4.7
2024-07-26 17:58:00,CNR5686943584,Success,CID356837,Mini,BTM Layout,Sahakar Nagar,210.0,145.0,Not Applicable,Not Applicable,No,Not Applicable,284,UPI,4,4.1,5.0
2024-07-14 17:32:00,CNR7753177667,Success,CID921325,Prime Plus,Whitefield,Sahakar Nagar,147.0,45.0,Not Applicable,Not Applicable,No,Not Applicable,188,Cash,9,4.2,3.7
2024-07-12 10:40:00,CNR2901708237,Success,CID297862,Mini,Langford Town,Bannerghatta Road,287.0,120.0,Not Applicable,Not Applicable,Yes,Vehicle Breakdown,290,UPI,16,3.7,4.3
2024-07-02 17:18:00,CNR7651425913,Canceled by Driver,CID455352,Prime SUV,Marathahalli,Hennur,,,Not Applicable,Personal & Car related issue,Not Applicable,Not Applicable,192,Not Applicable,0,,
2024-07-01 00:11:00,CNR3356255478,Success,CID169536,Mini,Mysore Road,Sahakar Nagar,112.0,75.0,Not Applicable,Not Applicable,No,Not Applicable,379,Cash,26,4.4,4.7
2024-07-03 03:33:00,CNR5394898825,Success,CID771695,Bike,Banashankari,Cox Town,224.0,115.0,Not Applicable,Not Applicable,No,Not Applicable,454,UPI,17,3.6,3.5
2024-07-24 04:39:00,CNR3066990656,Canceled by Driver,CID148624,Prime Plus,Bellandur,Richmond Town,,,Not Applicable,Personal & Car related issue,Not Applicable,Not Applicable,1859,Not Applicable,0,,
2024-07-11 00:28:00,CNR6490039000,Success,CID882854,Auto,Koramangala,Malleshwaram,42.0,90.0,Not Applicable,Not Applicable,No,Not Applicable,492,Cash,6,4.5,4.6
2024-07-14 12:41:00,CNR3561922327,Success,CID897804,Bike,Hulimavu,Devanahalli,49.0,140.0,Not Applicable,Not Applicable,No,Not Applicable,164,UPI,4,3.4,5.0
2024-07-28 13:01:00,CNR5636337814,Success,CID200951,Prime Sedan,Malleshwaram,KR Puram,287.0,80.0,Not Applicable,Not Applicable,No,Not Applicable,292,UPI,5,4.2,3.2
2024-07-28 22:40:00,CNR2205231094,Success,CID971794,eBike,Basavanagudi,Magadi Road,147.0,85.0,Not Applicable,Not Applicable,No,Not Applicable,112,UPI,12,3.0,4.6
2024-07-06 13:47:00,CNR6618802383,Canceled by Driver,CID529328,Prime SUV,KR Puram,Basavanagudi,,,Not Applicable,Personal & Car related issue,Not Applicable,Not Applicable,703,Not Applicable,0,,
2024-07-11 17:02:00,CNR3825688812,Success,CID280849,Prime Plus,Tumkur Road,Marathahalli,259.0,105.0,Not Applicable,Not Applicable,No,Not Applicable,1009,Credit Card,22,3.2,4.8
2024-07-08 09:49:00,CNR4863556051,Success,CID385608,Bike,MG Road,Sahakar Nagar,203.0,85.0,Not Applicable,Not Applicable,No,Not Applicable,2722,UPI,41,3.4,3.9
2024-07-13 23:39:00,CNR7326647736,Success,CID231549,eBike,Rajajinagar,HSR Layout,98.0,120.0,Not Applicable,Not Applicable,No,Not Applicable,325,UPI,39,3.5,4.4
2024-07-17 19:19:00,CNR4610803239,Success,CID927890,Bike,Indiranagar,Hosur Road,84.0,50.0,Not Applicable,Not Applicable,Yes,Customer Demand,318,Cash,8,4.7,3.7
2024-07-04 09:35:00,CNR9720613454,Driver Not Found,CID568603,Prime Plus,Varthur,Koramangala,,,Not Applicable,Not Applicable,Not Applicable,Not Applicable,288,Not Applicable,0,,
2024-07-07 09:12:00,CNR3113662167,Success,CID844502,Bike,Hosur Road,Padmanabhanagar,133.0,110.0,Not Applicable,Not Applicable,No,Not Applicable,221,UPI,6,4.7,4.1
2024-07-24 03:24:00,CNR3797401546,Success,CID967047,Prime Plus,Kammanahalli,Peenya,161.0,85.0,Not Applicable,Not Applicable,No,Not Applicable,429,UPI,17,3.5,4.2
2024-07-24 04:50:00,CNR5860116963,Canceled by Driver,CID739529,Prime Sedan,Bellandur,Ulsoor,,,Not Applicable,Customer related issue,Not Applicable,Not Applicable,104,Not Applicable,0,,
2024-07-03 18:56:00,CNR6532464763,Driver Not Found,CID757097,Mini,Bannerghatta Road,Hebbal,,,Not Applicable,Not Applicable,Not Applicable,Not Applicable,585,Not Applicable,0,,
2024-07-08 22:54:00,CNR2134746402,Success,CID724129,Prime Sedan,Kengeri,Frazer Town,119.0,55.0,Not Applicable,Not Applicable,Yes,Other Issue,511,Cash,36,4.4,4.7
2024-07-23 01:47:00,CNR7698342726,Success,CID556377,Auto,MG Road,Ramamurthy Nagar,42.0,25.0,Not Applicable,Not Applicable,No,Not Applicable,290,UPI,7,4.6,3.2
2024-07-09 23:44:00,CNR4944117383,Canceled by Driver,CID428289,Bike,Sahakar Nagar,RT Nagar,,,Not Applicable,Personal & Car related issue,Not Applicable,Not Applicable,2872,Not Applicable,0,,
2024-07-16 05:04:00,CNR1497047616,Driver Not Found,CID830980,Auto,Chamarajpet,Yelahanka,,,Not Applicable,Not Applicable,Not Applicable,Not Applicable,327,Not Applicable,0,,
2024-07-28 18:58:00,CNR1986871197,Success,CID116595,Bike,Frazer Town,RT Nagar,147.0,130.0,Not Applicable,Not Applicable,No,Not Applicable,515,UPI,9,4.5,4.3
2024-07-16 02:04:00,CNR5236729417,Driver Not Found,CID723680,eBike,Sahakar Nagar,Rajarajeshwari Nagar,,,Not Applicable,Not Applicable,Not Applicable,Not Applicable,673,Not Applicable,0,,
2024-07-30 03:53:00,CNR9038064297,Canceled by Driver,CID793025,Auto,Rajarajeshwari Nagar,Vijayanagar,,,Not Applicable,Personal & Car related issue,Not Applicable,Not Applicable,370,Not Applicable,0,,
2024-07-14 18:48:00,CNR9302564120,Success,CID650795,eBike,Vijayanagar,Bellandur,259.0,25.0,Not Applicable,Not Applicable,Yes,Customer Demand,334,UPI,15,4.4,4.4
2024-07-27 02:38:00,CNR1073735988,Canceled by Customer,CID583279,eBike,Hulimavu,HSR Layout,,,Driver is not moving towards pickup location,Not Applicable,Not Applicable,Not Applicable,517,Not Applicable,0,,
2024-07-10 18:49:00,CNR8995244124,Canceled by Driver,CID773075,Prime Plus,Indiranagar,Koramangala,,,Not Applicable,Personal & Car related issue,Not Applicable,Not Applicable,279,Not Applicable,0,,
2024-07-08 17:24:00,CNR6050836118,Success,CID339548,Prime Sedan,KR Puram,HSR Layout,252.0,140.0,Not Applicable,Not Applicable,No,Not Applicable,245,UPI,10,4.9,4.6
2024-07-19 09:44:00,CNR8748816217,Success,CID416388,Prime SUV,Malleshwaram,Peenya,217.0,40.0,Not Applicable,Not Applicable,No,Not Applicable,311,UPI,20,4.8,4.8
2024-07-06 23:42:00,CNR1214793352,Canceled by Customer,CID697610,Prime SUV,Vijayanagar,RT Nagar,,,Wrong Address,Not Applicable,Not Applicable,Not Applicable,358,Not Applicable,0,,
2024-07-26 08:38:00,CNR3773892275,Success,CID631847,Auto,Jayanagar,Basavanagudi,84.0,140.0,Not Applicable,Not Applicable,No,Not Applicable,986,Cash,15,4.9,4.5
2024-07-04 15:38:00,CNR4920357574,Success,CID392108,eBike,Cox Town,Mysore Road,98.0,110.0,Not Applicable,Not Applicable,No,Not Applicable,171,UPI,44,3.8,3.6
2024-07-19 23:08:00,CNR8416413339,Success,CID747733,Prime Sedan,Majestic,JP Nagar,266.0,70.0,Not Applicable,Not Applicable,No,Not Applicable,330,UPI,33,4.7,3.4
2024-07-16 08:39:00,CNR4948914910,Canceled by Customer,CID515343,Prime Plus,Hulimavu,Bellandur,,,Change of plans,Not Applicable,Not Applicable,Not Applicable,333,Not Applicable,0,,
2024-07-27 17:25:00,CNR9283023047,Success,CID653832,Auto,Cox Town,Chickpet,245.0,100.0,Not Applicable,Not Applicable,No,Not Applicable,1493,Cash,4,4.7,3.2
2024-07-15 15:40:00,CNR7621381380,Canceled by Driver,CID664047,Prime SUV,Yeshwanthpur,HSR Layout,,,Not Applicable,Personal & Car related issue,Not Applicable,Not Applicable,317,Not Applicable,0,,
2024-07-10 08:47:00,CNR6868291833,Success,CID983814,Auto,Kengeri,Banashankari,224.0,65.0,Not Applicable,Not Applicable,No,Not Applicable,446,UPI,10,4.3,3.2
2024-07-06 00:24:00,CNR2416644290,Driver Not Found,CID353764,Prime Plus,Indiranagar,Varthur,,,Not Applicable,Not Applicable,Not Applicable,Not Applicable,492,Not Applicable,0,,
2024-07-05 00:18:00,CNR3538354639,Success,CID922256,Prime Sedan,Marathahalli,Shivajinagar,252.0,145.0,Not Applicable,Not Applicable,No,Not Applicable,493,UPI,19,3.4,4.5
2024-07-21 05:15:00,CNR8802551518,Success,CID185703,Prime Plus,JP Nagar,MG Road,63.0,75.0,Not Applicable,Not Applicable,No,Not Applicable,295,UPI,20,4.4,3.1
2024-07-09 23:27:00,CNR2438865672,Success,CID284154,Prime SUV,Yelahanka,Mysore Road,175.0,75.0,Not Applicable,Not Applicable,No,Not Applicable,929,UPI,34,3.9,3.3
2024-07-22 23:13:00,CNR5882849466,Canceled by Driver,CID601422,Mini,Peenya,Ramamurthy Nagar,,,Not Applicable,Customer related issue,Not Applicable,Not Applicable,343,Not Applicable,0,,
2024-07-14 11:13:00,CNR4961197330,Success,CID345188,Prime SUV,Shantinagar,Sahakar Nagar,273.0,75.0,Not Applicable,Not Applicable,No,Not Applicable,350,UPI,35,3.8,4.8
2024-07-30 15:58:00,CNR1087755666,Success,CID796609,eBike,Banashankari,KR Puram,70.0,65.0,Not Applicable,Not Applicable,No,Not Applicable,291,UPI,42,3.5,4.0
2024-07-04 12:27:00,CNR9590859386,Success,CID488060,Bike,Yelahanka,Frazer Town,294.0,100.0,Not Applicable,Not Applicable,No,Not Applicable,343,UPI,21,4.2,4.7
2024-07-03 18:18:00,CNR2003134814,Success,CID373935,Prime Plus,BTM Layout,BTM Layout,147.0,50.0,Not Applicable,Not Applicable,No,Not Applicable,345,Cash,9,3.9,3.2
2024-07-18 19:03:00,CNR1578494418,Canceled by Driver,CID687563,Prime Plus,Magadi Road,Yelahanka,,,Not Applicable,Customer related issue,Not Applicable,Not Applicable,520,Not Applicable,0,,
2024-07-24 04:43:00,CNR4090145460,Success,CID615336,Prime Plus,Chickpet,Peenya,210.0,30.0,Not Applicable,Not Applicable,No,Not Applicable,325,UPI,14,4.2,4.3
2024-07-11 22:52:00,CNR1894151850,Success,CID238601,Prime Sedan,Cox Town,Cox Town,259.0,65.0,Not Applicable,Not Applicable,No,Not Applicable,382,UPI,16,3.1,4.8
2024-07-29 07:59:00,CNR3716089546,Success,CID327286,Auto,Koramangala,Richmond Town,189.0,105.0,Not Applicable,Not Applicable,No,Not Applicable,425,Cash,4,4.2,3.7
2024-07-08 05:43:00,CNR7321212778,Driver Not Found,CID198874,Prime Plus,Peenya,Vijayanagar,,,Not Applicable,Not Applicable,Not Applicable,Not Applicable,948,Not Applicable,0,,
2024-07-27 16:39:00,CNR5876878815,Driver Not Found,CID110093,Prime Sedan,Hosur Road,Frazer Town,,,Not Applicable,Not Applicable,Not Applicable,Not Applicable,356,Not Applicable,0,,
2024-07-12 02:13:00,CNR2619252615,Success,CID240508,Prime Sedan,Langford Town,Whitefield,217.0,135.0,Not Applicable,Not Applicable,No,Not Applicable,700,Cash,37,4.3,4.1
2024-07-23 03:45:00,CNR4140841053,Success,CID296233,Auto,Mysore Road,Marathahalli,280.0,70.0,Not Applicable,Not Applicable,No,Not Applicable,186,UPI,9,4.7,3.3
2024-07-25 17:10:00,CNR9309867489,Success,CID475330,Mini,Indiranagar,RT Nagar,112.0,25.0,Not Applicable,Not Applicable,No,Not Applicable,482,UPI,35,4.3,3.7
2024-07-22 08:12:00,CNR2344036998,Canceled by Driver,CID159476,Mini,Majestic,Hennur,,,Not Applicable,Customer was coughing/sick,Not Applicable,Not Applicable,356,Not Applicable,0,,
2024-07-21 20:19:00,CNR5965994357,Success,CID630113,Prime SUV,Frazer Town,Devanahalli,70.0,90.0,Not Applicable,Not Applicable,No,Not Applicable,407,Cash,11,4.4,3.6
2024-07-07 18:39:00,CNR2617629443,Canceled by Driver,CID329979,Prime Plus,Whitefield,Frazer Town,,,Not Applicable,More than permitted people in there,Not Applicable,Not Applicable,109,Not Applicable,0,,
2024-07-28 22:25:00,CNR8194191773,Success,CID511112,Auto,Cox Town,Majestic,154.0,85.0,Not Applicable,Not Applicable,No,Not Applicable,278,Debit Card,7,3.2,3.5
2024-07-26 20:08:00,CNR1063207833,Success,CID810223,eBike,Indiranagar,Padmanabhanagar,147.0,90.0,Not Applicable,Not Applicable,No,Not Applicable,209,UPI,29,4.3,4.1
2024-07-10 00:23:00,CNR9509550415,Success,CID254519,Prime Sedan,Hosur Road,MG Road,196.0,110.0,Not Applicable,Not Applicable,No,Not Applicable,859,UPI,31,4.1,3.1
2024-07-17 13:02:00,CNR2066864913,Canceled by Driver,CID665463,Auto,Vijayanagar,Cox Town,,,Not Applicable,More than permitted people in there,Not Applicable,Not Applicable,2305,Not Applicable,0,,
2024-07-01 14:31:00,CNR2284505385,Success,CID775568,Prime Sedan,Hosur Road,Indiranagar,133.0,105.0,Not Applicable,Not Applicable,No,Not Applicable,255,UPI,14,4.8,3.4
2024-07-06 17:13:00,CNR2473826875,Success,CID288764,eBike,Magadi Road,Yeshwanthpur,49.0,60.0,Not Applicable,Not Applicable,No,Not Applicable,741,Cash,13,4.8,4.8
2024-07-22 23:02:00,CNR5302205238,Success,CID947979,Auto,Hebbal,Whitefield,266.0,65.0,Not Applicable,Not Applicable,No,Not Applicable,220,Cash,10,4.0,4.7
2024-07-26 04:31:00,CNR5598916400,Success,CID454188,Prime Sedan,Chickpet,Rajarajeshwari Nagar,56.0,100.0,Not Applicable,Not Applicable,No,Not Applicable,801,Cash,8,4.1,3.7
2024-07-07 20:09:00,CNR1049157893,Driver Not Found,CID885778,Prime SUV,Ramamurthy Nagar,Indiranagar,,,Not Applicable,Not Applicable,Not Applicable,Not Applicable,636,Not Applicable,0,,
2024-07-10 05:16:00,CNR4684457438,Canceled by Driver,CID285784,Mini,MG Road,JP Nagar,,,Not Applicable,Personal & Car related issue,Not Applicable,Not Applicable,163,Not Applicable,0,,
2024-07-16 23:31:00,CNR9225436326,Driver Not Found,CID453887,Mini,Cox Town,Shivajinagar,,,Not Applicable,Not Applicable,Not Applicable,Not Applicable,195,Not Applicable,0,,
2024-07-29 06:55:00,CNR7190789056,Success,CID136083,Prime Sedan,Kadugodi,Bannerghatta Road,168.0,30.0,Not Applicable,Not Applicable,No,Not Applicable,189,Cash,35,4.3,4.3
2024-07-24 20:31:00,CNR4171539643,Success,CID491958,Mini,Rajarajeshwari Nagar,Yeshwanthpur,84.0,85.0,Not Applicable,Not Applicable,No,Not Applicable,709,UPI,28,3.5,5.0
2024-07-09 13:59:00,CNR4831997260,Canceled by Customer,CID293468,Prime Plus,Indiranagar,MG Road,,,Driver asked to cancel,Not Applicable,Not Applicable,Not Applicable,216,Not Applicable,0,,
2024-07-17 11:07:00,CNR3357215411,Success,CID245079,Prime Sedan,Peenya,Electronic City,245.0,100.0,Not Applicable,Not Applicable,No,Not Applicable,962,UPI,48,3.7,3.6
2024-07-18 04:10:00,CNR8409815096,Success,CID862438,eBike,Basavanagudi,Vijayanagar,140.0,145.0,Not Applicable,Not Applicable,No,Not Applicable,113,Cash,36,3.1,3.5
2024-07-07 15:14:00,CNR3281138735,Driver Not Found,CID614264,Prime Sedan,Nagarbhavi,Peenya,,,Not Applicable,Not Applicable,Not Applicable,Not Applicable,157,Not Applicable,0,,
2024-07-14 11:59:00,CNR3032462642,Success,CID536678,Prime Plus,Varthur,Frazer Town,35.0,35.0,Not Applicable,Not Applicable,No,Not Applicable,570,UPI,9,4.4,3.1
2024-07-23 13:06:00,CNR1129929901,Canceled by Driver,CID694777,Prime SUV,Yeshwanthpur,Frazer Town,,,Not Applicable,Personal & Car related issue,Not Applicable,Not Applicable,315,Not Applicable,0,,
2024-07-05 21:02:00,CNR7383624576,Success,CID102997,Bike,Frazer Town,Shantinagar,42.0,140.0,Not Applicable,Not Applicable,No,Not Applicable,557,Cash,38,4.5,3.6
2024-07-18 05:09:00,CNR4268045603,Canceled by Driver,CID549571,Prime SUV,Rajarajeshwari Nagar,KR Puram,,,Not Applicable,Personal & Car related issue,Not Applicable,Not Applicable,128,Not Applicable,0,,
2024-07-14 03:06:00,CNR2150899464,Success,CID735213,Mini,Hennur,Varthur,168.0,120.0,Not Applicable,Not Applicable,No,Not Applicable,902,UPI,1,4.1,3.1
2024-07-27 05:59:00,CNR8031403831,Success,CID549637,Auto,Tumkur Road,MG Road,273.0,130.0,Not Applicable,Not Applicable,No,Not Applicable,891,Cash,5,3.6,3.6
2024-07-13 17:12:00,CNR6505831099,Success,CID673648,Prime Sedan,RT Nagar,Devanahalli,147.0,130.0,Not Applicable,Not Applicable,No,Not Applicable,221,Cash,35,4.0,3.9
2024-07-03 01:48:00,CNR7680615041,Success,CID835662,Prime Sedan,Sahakar Nagar,Hebbal,308.0,45.0,Not Applicable,Not Applicable,No,Not Applicable,251,Cash,36,4.4,4.8
2024-07-06 23:19:00,CNR5097502995,Canceled by Driver,CID530400,Bike,Yelahanka,Peenya,,,Not Applicable,Personal & Car related issue,Not Applicable,Not Applicable,277,Not Applicable,0,,
2024-07-13 21:37:00,CNR9359754741,Success,CID686092,Bike,Peenya,Magadi Road,70.0,130.0,Not Applicable,Not Applicable,No,Not Applicable,367,UPI,12,5.0,3.3
2024-07-01 13:12:00,CNR3885634519,Driver Not Found,CID373338,Prime SUV,Shantinagar,Peenya,,,Not Applicable,Not Applicable,Not Applicable,Not Applicable,1187,Not Applicable,0,,
2024-07-29 21:23:00,CNR7413342916,Driver Not Found,CID856818,Prime Plus,Hulimavu,Mysore Road,,,Not Applicable,Not Applicable,Not Applicable,Not Applicable,545,Not Applicable,0,,
2024-07-02 12:14:00,CNR9122292825,Canceled by Driver,CID298153,eBike,Koramangala,Varthur,,,Not Applicable,Personal & Car related issue,Not Applicable,Not Applicable,199,Not Applicable,0,,
2024-07-06 19:14:00,CNR9211297141,Canceled by Driver,CID775931,Auto,Padmanabhanagar,Basavanagudi,,,Not Applicable,Customer related issue,Not Applicable,Not Applicable,2588,Not Applicable,0,,
2024-07-07 09:20:00,CNR1627973247,Canceled by Driver,CID478519,Prime SUV,Kengeri,Langford Town,,,Not Applicable,Personal & Car related issue,Not Applicable,Not Applicable,330,Not Applicable,0,,
2024-07-25 18:51:00,CNR5791348879,Canceled by Driver,CID500123,Auto,Sahakar Nagar,HSR Layout,,,Not Applicable,Personal & Car related issue,Not Applicable,Not Applicable,844,Not Applicable,0,,
2024-07-23 08:11:00,CNR4614941381,Success,CID411880,eBike,Bellandur,Peenya,238.0,135.0,Not Applicable,Not Applicable,No,Not Applicable,149,Cash,14,4.6,3.6
2024-07-13 06:41:00,CNR7967747142,Driver Not Found,CID252944,Bike,Ulsoor,Frazer Town,,,Not Applicable,Not Applicable,Not Applicable,Not Applicable,299,Not Applicable,0,,
2024-07-05 11:44:00,CNR9913447864,Canceled by Customer,CID914195,Bike,Mysore Road,Yeshwanthpur,,,Driver asked to cancel,Not Applicable,Not Applicable,Not Applicable,305,Not Applicable,0,,
2024-07-21 22:30:00,CNR2111750726,Canceled by Driver,CID111508,Prime Sedan,Majestic,Malleshwaram,,,Not Applicable,Personal & Car related issue,Not Applicable,Not Applicable,977,Not Applicable,0,,
2024-07-29 20:56:00,CNR8631331839,Success,CID322277,Prime SUV,Indiranagar,KR Puram,245.0,30.0,Not Applicable,Not Applicable,No,Not Applicable,464,UPI,15,4.4,4.1
2024-07-03 07:30:00,CNR5604117530,Success,CID818797,Bike,Majestic,Yelahanka,259.0,40.0,Not Applicable,Not Applicable,No,Not Applicable,734,Cash,12,3.2,4.5
2024-07-02 19:35:00,CNR9631988397,Success,CID622015,Mini,Hosur Road,Richmond Town,308.0,140.0,Not Applicable,Not Applicable,No,Not Applicable,142,UPI,19,4.9,3.5
2024-07-26 10:43:00,CNR5385891214,Driver Not Found,CID108482,Prime Sedan,Sahakar Nagar,Kengeri,,,Not Applicable,Not Applicable,Not Applicable,Not Applicable,287,Not Applicable,0,,
2024-07-05 10:03:00,CNR4119588132,Canceled by Customer,CID846757,Prime SUV,HSR Layout,Basavanagudi,,,Change of plans,Not Applicable,Not Applicable,Not Applicable,966,Not Applicable,0,,
2024-07-06 23:47:00,CNR4853546802,Canceled by Customer,CID302045,eBike,Chamarajpet,Bannerghatta Road,,,Change of plans,Not Applicable,Not Applicable,Not Applicable,153,Not Applicable,0,,
2024-07-02 03:19:00,CNR4665063344,Driver Not Found,CID386865,Mini,BTM Layout,Yelahanka,,,Not Applicable,Not Applicable,Not Applicable,Not Applicable,392,Not Applicable,0,,
2024-07-13 05:23:00,CNR1641209484,Success,CID470050,Bike,Banashankari,Richmond Town,133.0,40.0,Not Applicable,Not Applicable,No,Not Applicable,201,UPI,6,3.7,3.7
2024-07-09 09:05:00,CNR3408853324,Success,CID671935,Mini,Majestic,Chickpet,140.0,125.0,Not Applicable,Not Applicable,No,Not Applicable,314,Cash,31,4.7,3.0
2024-07-08 19:16:00,CNR2863202232,Success,CID878720,Prime SUV,Tumkur Road,Varthur,161.0,85.0,Not Applicable,Not Applicable,No,Not Applicable,375,Cash,4,4.6,4.6
2024-07-11 14:20:00,CNR7064877910,Canceled by Driver,CID282655,Prime Sedan,Chickpet,BTM Layout,,,Not Applicable,Personal & Car related issue,Not Applicable,Not Applicable,341,Not Applicable,0,,
2024-07-08 13:48:00,CNR9654408705,Success,CID581604,Prime SUV,KR Puram,Malleshwaram,301.0,75.0,Not Applicable,Not Applicable,No,Not Applicable,255,Cash,23,4.2,3.0
2024-07-08 04:58:00,CNR3795869911,Success,CID671567,eBike,Peenya,Yelahanka,224.0,130.0,Not Applicable,Not Applicable,Yes,Vehicle Breakdown,205,Cash,6,3.2,3.0
2024-07-03 17:34:00,CNR1458677866,Canceled by Driver,CID954321,Mini,RT Nagar,Ulsoor,,,Not Applicable,Personal & Car related issue,Not Applicable,Not Applicable,260,Not Applicable,0,,
2024-07-05 00:25:00,CNR5510585604,Success,CID579509,Prime Sedan,Bannerghatta Road,Yelahanka,84.0,65.0,Not Applicable,Not Applicable,No,Not Applicable,940,UPI,40,4.9,3.3
2024-07-27 05:11:00,CNR8816546943,Success,CID362718,Bike,Whitefield,Chamarajpet,224.0,95.0,Not Applicable,Not Applicable,No,Not Applicable,146,Cash,25,3.4,3.5
2024-07-04 22:59:00,CNR6976388061,Canceled by Customer,CID653763,Prime SUV,Indiranagar,Richmond Town,,,AC is Not working,Not Applicable,Not Applicable,Not Applicable,490,Not Applicable,0,,
2024-07-25 04:12:00,CNR8175095007,Canceled by Driver,CID203693,Mini,Basavanagudi,Ulsoor,,,Not Applicable,Personal & Car related issue,Not Applicable,Not Applicable,474,Not Applicable,0,,
2024-07-05 03:00:00,CNR3066098934,Success,CID157373,eBike,Rajajinagar,Mysore Road,147.0,25.0,Not Applicable,Not Applicable,No,Not Applicable,865,Cash,33,4.4,3.0
2024-07-19 23:18:00,CNR3546932651,Canceled by Driver,CID378746,Prime SUV,Padmanabhanagar,Majestic,,,Not Applicable,More than permitted people in there,Not Applicable,Not Applicable,310,Not Applicable,0,,
2024-07-03 17:51:00,CNR4474361825,Success,CID717293,Prime Sedan,Jayanagar,Ulsoor,203.0,120.0,Not Applicable,Not Applicable,No,Not Applicable,277,UPI,12,4.0,3.9
2024-07-26 16:10:00,CNR4616266855,Success,CID531985,Auto,Majestic,Varthur,266.0,80.0,Not Applicable,Not Applicable,Yes,Customer Demand,136,Cash,15,3.3,3.4
2024-07-05 22:26:00,CNR8055155624,Driver Not Found,CID327182,eBike,Yelahanka,Mysore Road,,,Not Applicable,Not Applicable,Not Applicable,Not Applicable,358,Not Applicable,0,,
2024-07-08 05:10:00,CNR6340687790,Canceled by Driver,CID582247,Prime SUV,Shivajinagar,Richmond Town,,,Not Applicable,Customer related issue,Not Applicable,Not Applicable,1893,Not Applicable,0,,
2024-07-20 21:07:00,CNR7143873771,Driver Not Found,CID639527,eBike,Sahakar Nagar,Langford Town,,,Not Applicable,Not Applicable,Not Applicable,Not Applicable,636,Not Applicable,0,,
2024-07-27 09:03:00,CNR1583011718,Canceled by Driver,CID555332,Auto,Indiranagar,Tumkur Road,,,Not Applicable,Personal & Car related issue,Not Applicable,Not Applicable,479,Not Applicable,0,,
2024-07-01 08:13:00,CNR6974318147,Success,CID907036,Auto,Sahakar Nagar,Rajajinagar,91.0,125.0,Not Applicable,Not Applicable,No,Not Applicable,926,Cash,6,5.0,3.4
2024-07-12 03:39:00,CNR4390204093,Success,CID541292,Auto,Yelahanka,Bannerghatta Road,161.0,100.0,Not Applicable,Not Applicable,No,Not Applicable,192,Cash,8,4.8,4.3
2024-07-08 20:55:00,CNR5401855066,Driver Not Found,CID344465,Bike,Rajajinagar,Marathahalli,,,Not Applicable,Not Applicable,Not Applicable,Not Applicable,1093,Not Applicable,0,,
2024-07-22 04:17:00,CNR9384913384,Success,CID345113,Auto,Yeshwanthpur,Cox Town,105.0,70.0,Not Applicable,Not Applicable,No,Not Applicable,121,Cash,14,3.9,4.2
2024-07-03 12:09:00,CNR7516598847,Canceled by Customer,CID823430,Bike,Sahakar Nagar,Chickpet,,,AC is Not working,Not Applicable,Not Applicable,Not Applicable,348,Not Applicable,0,,
2024-07-12 16:39:00,CNR5671920334,Success,CID863756,Prime SUV,Kammanahalli,Koramangala,217.0,80.0,Not Applicable,Not Applicable,No,Not Applicable,225,Cash,25,3.4,4.5
2024-07-27 17:20:00,CNR6652665205,Success,CID570372,Mini,Kammanahalli,Sahakar Nagar,35.0,25.0,Not Applicable,Not Applicable,No,Not Applicable,322,UPI,24,4.0,4.3
2024-07-18 07:36:00,CNR1447856848,Success,CID334501,Auto,Shivajinagar,MG Road,294.0,90.0,Not Applicable,Not Applicable,No,Not Applicable,281,Credit Card,17,4.6,3.2
2024-07-28 22:15:00,CNR3530135707,Canceled by Driver,CID996244,Bike,Chickpet,Ramamurthy Nagar,,,Not Applicable,Customer related issue,Not Applicable,Not Applicable,277,Not Applicable,0,,
2024-07-26 13:24:00,CNR3852541677,Canceled by Driver,CID225974,Prime Sedan,KR Puram,Rajarajeshwari Nagar,,,Not Applicable,Personal & Car related issue,Not Applicable,Not Applicable,254,Not Applicable,0,,
2024-07-30 18:39:00,CNR1087757675,Success,CID372051,Mini,Hennur,Hebbal,210.0,115.0,Not Applicable,Not Applicable,No,Not Applicable,496,Credit Card,32,3.7,4.8
2024-07-07 06:49:00,CNR6929211644,Success,CID444900,Bike,Chickpet,Kengeri,182.0,70.0,Not Applicable,Not Applicable,Yes,Vehicle Breakdown,2011,Cash,40,3.2,4.3
2024-07-09 21:02:00,CNR7269623485,Canceled by Driver,CID889796,Prime Sedan,Tumkur Road,RT Nagar,,,Not Applicable,Personal & Car related issue,Not Applicable,Not Applicable,111,Not Applicable,0,,
2024-07-06 14:29:00,CNR8058179617,Driver Not Found,CID582825,Auto,Koramangala,Varthur,,,Not Applicable,Not Applicable,Not Applicable,Not Applicable,110,Not Applicable,0,,
2024-07-26 23:35:00,CNR5923959139,Canceled by Driver,CID172208,Prime Sedan,Richmond Town,Yelahanka,,,Not Applicable,Customer related issue,Not Applicable,Not Applicable,1507,Not Applicable,0,,
2024-07-22 17:03:00,CNR1557886513,Driver Not Found,CID222158,Auto,BTM Layout,BTM Layout,,,Not Applicable,Not Applicable,Not Applicable,Not Applicable,485,Not Applicable,0,,
2024-07-20 18:11:00,CNR9490076924,Canceled by Driver,CID345343,Prime SUV,Banashankari,Richmond Town,,,Not Applicable,Personal & Car related issue,Not Applicable,Not Applicable,144,Not Applicable,0,,
2024-07-07 14:32:00,CNR1517467860,Canceled by Customer,CID589226,eBike,Nagarbhavi,Mysore Road,,,Driver asked to cancel,Not Applicable,Not Applicable,Not Applicable,777,Not Applicable,0,,
2024-07-13 15:48:00,CNR1810730338,Success,CID495767,Bike,Hennur,Hulimavu,168.0,50.0,Not Applicable,Not Applicable,No,Not Applicable,179,Cash,41,4.1,3.5
2024-07-27 11:38:00,CNR7144533090,Success,CID286829,Mini,Malleshwaram,Vijayanagar,126.0,130.0,Not Applicable,Not Applicable,No,Not Applicable,524,Cash,30,3.5,4.9
2024-07-03 09:13:00,CNR6467585923,Canceled by Driver,CID979249,Prime SUV,Magadi Road,Bellandur,,,Not Applicable,Personal & Car related issue,Not Applicable,Not Applicable,894,Not Applicable,0,,
2024-07-26 01:56:00,CNR2896273067,Success,CID868925,Prime Sedan,Peenya,BTM Layout,238.0,120.0,Not Applicable,Not Applicable,No,Not Applicable,195,UPI,2,4.9,4.2
2024-07-20 09:08:00,CNR1325561490,Canceled by Driver,CID816808,Prime Plus,Shantinagar,Langford Town,,,Not Applicable,Personal & Car related issue,Not Applicable,Not Applicable,829,Not Applicable,0,,
2024-07-08 12:41:00,CNR5543531765,Success,CID512117,Bike,Marathahalli,Langford Town,161.0,25.0,Not Applicable,Not Applicable,No,Not Applicable,488,Cash,22,4.1,3.2
2024-07-19 04:33:00,CNR4695325172,Success,CID490998,Prime Plus,Tumkur Road,Langford Town,126.0,35.0,Not Applicable,Not Applicable,No,Not Applicable,411,Cash,15,3.7,3.6
2024-07-30 03:38:00,CNR4058665218,Canceled by Customer,CID991054,Mini,Richmond Town,Cox Town,,,AC is Not working,Not Applicable,Not Applicable,Not Applicable,455,Not Applicable,0,,
2024-07-13 15:26:00,CNR3078792204,Canceled by Driver,CID521235,Prime SUV,Kammanahalli,Hebbal,,,Not Applicable,More than permitted people in there,Not Applicable,Not Applicable,214,Not Applicable,0,,
2024-07-10 02:57:00,CNR7575821103,Success,CID208378,eBike,Hennur,Marathahalli,105.0,50.0,Not Applicable,Not Applicable,No,Not Applicable,408,UPI,15,3.2,4.0
2024-07-02 09:00:00,CNR8191486800,Success,CID395012,Bike,Chamarajpet,Jayanagar,140.0,90.0,Not Applicable,Not Applicable,Yes,Vehicle Breakdown,708,UPI,2,3.4,3.9
2024-07-10 16:04:00,CNR1213428701,Success,CID716103,Mini,Nagarbhavi,Cox Town,287.0,50.0,Not Applicable,Not Applicable,No,Not Applicable,227,Cash,29,4.9,4.9
2024-07-14 15:55:00,CNR3892745219,Success,CID779362,Prime Sedan,Kammanahalli,Kammanahalli,280.0,110.0,Not Applicable,Not Applicable,No,Not Applicable,459,Debit Card,39,3.3,4.2
2024-07-17 17:40:00,CNR6605510978,Canceled by Driver,CID353546,Prime SUV,Magadi Road,Hosur Road,,,Not Applicable,Personal & Car related issue,Not Applicable,Not Applicable,297,Not Applicable,0,,
2024-07-10 14:41:00,CNR8662184850,Success,CID854694,Mini,Nagarbhavi,Ulsoor,63.0,80.0,Not Applicable,Not Applicable,No,Not Applicable,284,UPI,34,5.0,3.2
2024-07-10 04:28:00,CNR8175548873,Success,CID314593,eBike,Shantinagar,Sahakar Nagar,126.0,95.0,Not Applicable,Not Applicable,No,Not Applicable,1501,Cash,40,3.4,3.1
2024-07-03 05:31:00,CNR7742025438,Success,CID923378,Mini,Electronic City,Hosur Road,161.0,120.0,Not Applicable,Not Applicable,No,Not Applicable,269,Cash,29,4.2,3.7
2024-07-21 09:52:00,CNR9234155346,Success,CID732534,Bike,Peenya,Sahakar Nagar,189.0,55.0,Not Applicable,Not Applicable,No,Not Applicable,142,Cash,12,4.9,3.4
2024-07-22 04:31:00,CNR9614928450,Success,CID991019,Mini,Hennur,Basavanagudi,308.0,130.0,Not Applicable,Not Applicable,No,Not Applicable,2973,Credit Card,7,4.7,4.6
2024-07-12 02:03:00,CNR6186907584,Canceled by Driver,CID627750,Prime SUV,Frazer Town,Sahakar Nagar,,,Not Applicable,Personal & Car related issue,Not Applicable,Not Applicable,769,Not Applicable,0,,
2024-07-23 18:15:00,CNR1187436031,Success,CID177359,Prime Sedan,Hosur Road,RT Nagar,210.0,120.0,Not Applicable,Not Applicable,No,Not Applicable,935,UPI,39,4.2,4.4
2024-07-27 23:56:00,CNR2633363947,Success,CID541835,Mini,Bannerghatta Road,Kengeri,196.0,30.0,Not Applicable,Not Applicable,No,Not Applicable,875,Cash,5,3.3,3.7
2024-07-17 18:09:00,CNR1222190005,Success,CID881811,Auto,Cox Town,Peenya,42.0,115.0,Not Applicable,Not Applicable,No,Not Applicable,510,Cash,1,4.7,4.4
2024-07-18 01:48:00,CNR1198832057,Driver Not Found,CID876655,Prime Plus,MG Road,Cox Town,,,Not Applicable,Not Applicable,Not Applicable,Not Applicable,866,Not Applicable,0,,
2024-07-07 01:16:00,CNR3993729379,Success,CID835848,Bike,Yelahanka,JP Nagar,161.0,75.0,Not Applicable,Not Applicable,No,Not Applicable,344,UPI,11,3.3,4.6
2024-07-06 08:38:00,CNR8229980554,Canceled by Driver,CID387008,eBike,Hennur,Bannerghatta Road,,,Not Applicable,Personal & Car related issue,Not Applicable,Not Applicable,437,Not Applicable,0,,
2024-07-22 12:24:00,CNR5451612114,Success,CID188052,Auto,Cox Town,Richmond Town,217.0,25.0,Not Applicable,Not Applicable,No,Not Applicable,231,Cash,10,3.2,4.5
2024-07-21 17:19:00,CNR7029857241,Success,CID809115,Prime Plus,Majestic,Electronic City,280.0,35.0,Not Applicable,Not Applicable,No,Not Applicable,595,Cash,47,3.2,4.7
2024-07-03 03:49:00,CNR8283936788,Success,CID335808,Prime Sedan,Sahakar Nagar,Marathahalli,231.0,50.0,Not Applicable,Not Applicable,No,Not Applicable,151,UPI,9,3.8,3.8
2024-07-22 07:49:00,CNR8015710942,Canceled by Driver,CID750941,eBike,Indiranagar,Cox Town,,,Not Applicable,Personal & Car related issue,Not Applicable,Not Applicable,129,Not Applicable,0,,
2024-07-11 14:31:00,CNR5676082326,Success,CID464685,Auto,Hebbal,Hulimavu,210.0,60.0,Not Applicable,Not Applicable,No,Not Applicable,307,Cash,2,3.8,4.9
2024-07-08 09:36:00,CNR3579682744,Success,CID559209,eBike,Kengeri,BTM Layout,84.0,35.0,Not Applicable,Not Applicable,No,Not Applicable,852,Cash,10,3.2,4.0
2024-07-21 09:27:00,CNR7539718983,Success,CID529432,eBike,Malleshwaram,Whitefield,252.0,90.0,Not Applicable,Not Applicable,No,Not Applicable,345,Cash,17,4.3,3.0
2024-07-05 14:19:00,CNR1467267088,Success,CID778169,Auto,Majestic,Mysore Road,259.0,45.0,Not Applicable,Not Applicable,No,Not Applicable,194,Cash,16,4.0,3.9
2024-07-13 18:28:00,CNR5582542668,Success,CID671536,Prime Sedan,Whitefield,Sarjapur Road,287.0,45.0,Not Applicable,Not Applicable,No,Not Applicable,370,Cash,22,4.7,4.7
2024-07-12 15:31:00,CNR9175613713,Success,CID883131,Prime Plus,Majestic,Peenya,119.0,145.0,Not Applicable,Not Applicable,No,Not Applicable,2386,Credit Card,18,3.2,4.0
2024-07-07 10:10:00,CNR8594906873,Success,CID149336,Prime SUV,Nagarbhavi,Hebbal,238.0,70.0,Not Applicable,Not Applicable,No,Not Applicable,822,UPI,27,3.0,4.0
2024-07-19 15:19:00,CNR4376809116,Canceled by Driver,CID355034,Prime SUV,Ramamurthy Nagar,Devanahalli,,,Not Applicable,Personal & Car related issue,Not Applicable,Not Applicable,472,Not Applicable,0,,
2024-07-14 14:06:00,CNR3248451269,Canceled by Driver,CID751294,Prime Sedan,RT Nagar,Padmanabhanagar,,,Not Applicable,Customer related issue,Not Applicable,Not Applicable,486,Not Applicable,0,,
2024-07-11 04:59:00,CNR1208370363,Success,CID359110,Prime Sedan,Chamarajpet,Majestic,196.0,35.0,Not Applicable,Not Applicable,No,Not Applicable,107,UPI,34,3.6,3.6
2024-07-08 12:16:00,CNR8469736420,Canceled by Driver,CID874988,Prime Plus,Rajarajeshwari Nagar,Hulimavu,,,Not Applicable,Personal & Car related issue,Not Applicable,Not Applicable,572,Not Applicable,0,,
2024-07-01 06:25:00,CNR3116237092,Driver Not Found,CID626564,eBike,Peenya,Shantinagar,,,Not Applicable,Not Applicable,Not Applicable,Not Applicable,272,Not Applicable,0,,
2024-07-23 22:14:00,CNR7259502901,Success,CID663303,Prime SUV,Malleshwaram,Peenya,217.0,70.0,Not Applicable,Not Applicable,No,Not Applicable,476,UPI,6,3.6,4.5
2024-07-06 21:37:00,CNR1132288598,Canceled by Driver,CID593111,Prime SUV,Frazer Town,Chamarajpet,,,Not Applicable,More than permitted people in there,Not Applicable,Not Applicable,117,Not Applicable,0,,
2024-07-08 13:13:00,CNR2069251235,Canceled by Driver,CID499563,Bike,Varthur,Electronic City,,,Not Applicable,Personal & Car related issue,Not Applicable,Not Applicable,352,Not Applicable,0,,
2024-07-27 07:56:00,CNR4401988840,Success,CID883201,Auto,RT Nagar,Chamarajpet,70.0,35.0,Not Applicable,Not Applicable,Yes,Vehicle Breakdown,131,UPI,13,3.6,4.8
2024-07-01 17:44:00,CNR8217248760,Success,CID661779,Prime Plus,Rajajinagar,Hosur Road,63.0,140.0,Not Applicable,Not Applicable,No,Not Applicable,715,UPI,36,3.4,4.8
2024-07-30 12:53:00,CNR7997225194,Canceled by Driver,CID594425,Prime Sedan,Kadugodi,Shantinagar,,,Not Applicable,More than permitted people in there,Not Applicable,Not Applicable,738,Not Applicable,0,,
2024-07-25 14:52:00,CNR7557867488,Driver Not Found,CID783142,Prime SUV,Electronic City,Magadi Road,,,Not Applicable,Not Applicable,Not Applicable,Not Applicable,807,Not Applicable,0,,
2024-07-12 22:34:00,CNR5695510970,Driver Not Found,CID761349,Mini,Nagarbhavi,Rajajinagar,,,Not Applicable,Not Applicable,Not Applicable,Not Applicable,1833,Not Applicable,0,,
2024-07-29 05:42:00,CNR8044121175,Canceled by Driver,CID563602,Mini,Frazer Town,MG Road,,,Not Applicable,Customer was coughing/sick,Not Applicable,Not Applicable,212,Not Applicable,0,,
2024-07-07 14:08:00,CNR2837055777,Success,CID367048,Prime Plus,Whitefield,Basavanagudi,56.0,75.0,Not Applicable,Not Applicable,Yes,Vehicle Breakdown,193,Cash,16,3.5,4.6
2024-07-15 22:32:00,CNR6664449699,Canceled by Customer,CID978613,Prime Plus,Shivajinagar,Peenya,,,Driver is not moving towards pickup location,Not Applicable,Not Applicable,Not Applicable,182,Not Applicable,0,,
2024-07-04 04:11:00,CNR4160232375,Success,CID453736,Prime Plus,Shantinagar,KR Puram,77.0,145.0,Not Applicable,Not Applicable,No,Not Applicable,980,Cash,4,4.9,3.8
2024-07-18 04:29:00,CNR6996134469,Driver Not Found,CID532180,eBike,Yeshwanthpur,Tumkur Road,,,Not Applicable,Not Applicable,Not Applicable,Not Applicable,479,Not Applicable,0,,
2024-07-10 04:31:00,CNR7668971078,Success,CID709312,Bike,Mysore Road,MG Road,280.0,95.0,Not Applicable,Not Applicable,No,Not Applicable,749,UPI,35,4.1,4.2
2024-07-14 09:31:00,CNR2184765992,Success,CID703781,Prime Sedan,RT Nagar,Sarjapur Road,56.0,45.0,Not Applicable,Not Applicable,No,Not Applicable,398,Cash,31,3.4,3.8
2024-07-28 11:43:00,CNR2775113495,Success,CID569952,Prime Sedan,Marathahalli,Chamarajpet,84.0,125.0,Not Applicable,Not Applicable,No,Not Applicable,432,Cash,39,4.7,4.7
2024-07-15 09:40:00,CNR2272889433,Success,CID926319,Bike,Devanahalli,Yelahanka,266.0,55.0,Not Applicable,Not Applicable,No,Not Applicable,456,UPI,8,4.2,4.3
2024-07-29 01:01:00,CNR8276572981,Canceled by Customer,CID677072,Prime Sedan,Mysore Road,Yeshwanthpur,,,Driver asked to cancel,Not Applicable,Not Applicable,Not Applicable,240,Not Applicable,0,,
2024-07-02 09:15:00,CNR5643546961,Success,CID869213,Prime Sedan,Jayanagar,MG Road,266.0,90.0,Not Applicable,Not Applicable,No,Not Applicable,156,UPI,20,3.3,4.4
2024-07-20 01:56:00,CNR8431749958,Driver Not Found,CID103018,Auto,Indiranagar,Chickpet,,,Not Applicable,Not Applicable,Not Applicable,Not Applicable,793,Not Applicable,0,,
2024-07-17 16:41:00,CNR6234373245,Canceled by Driver,CID169690,Prime Plus,Magadi Road,Magadi Road,,,Not Applicable,Personal & Car related issue,Not Applicable,Not Applicable,938,Not Applicable,0,,
2024-07-22 11:02:00,CNR9438563119,Success,CID770926,Prime SUV,Hebbal,Chickpet,119.0,55.0,Not Applicable,Not Applicable,No,Not Applicable,305,UPI,23,3.2,3.4
2024-07-17 03:11:00,CNR2877448129,Success,CID128240,Mini,Koramangala,RT Nagar,231.0,40.0,Not Applicable,Not Applicable,No,Not Applicable,278,Cash,46,4.7,3.0
2024-07-02 11:43:00,CNR1558638928,Success,CID797334,Prime SUV,Varthur,Mysore Road,294.0,45.0,Not Applicable,Not Applicable,No,Not Applicable,371,Cash,37,3.2,3.7
2024-07-18 17:53:00,CNR3761587035,Canceled by Driver,CID332248,Auto,Rajarajeshwari Nagar,Rajajinagar,,,Not Applicable,Customer was coughing/sick,Not Applicable,Not Applicable,415,Not Applicable,0,,
2024-07-17 19:39:00,CNR9262338540,Canceled by Driver,CID724347,Prime Plus,Sarjapur Road,Shivajinagar,,,Not Applicable,Personal & Car related issue,Not Applicable,Not Applicable,627,Not Applicable,0,,
2024-07-02 06:36:00,CNR2657640621,Canceled by Customer,CID875603,Auto,Bellandur,JP Nagar,,,Driver asked to cancel,Not Applicable,Not Applicable,Not Applicable,1677,Not Applicable,0,,
2024-07-25 08:30:00,CNR4933670578,Driver Not Found,CID306060,Bike,HSR Layout,Yelahanka,,,Not Applicable,Not Applicable,Not Applicable,Not Applicable,466,Not Applicable,0,,
2024-07-09 05:34:00,CNR6038139561,Success,CID974129,Bike,Whitefield,Bannerghatta Road,252.0,105.0,Not Applicable,Not Applicable,No,Not Applicable,149,UPI,47,3.3,3.1
2024-07-16 02:54:00,CNR3396513137,Success,CID999429,Prime Plus,Sarjapur Road,JP Nagar,98.0,95.0,Not Applicable,Not Applicable,No,Not Applicable,211,Cash,41,3.5,3.4
2024-07-23 13:01:00,CNR4219173367,Success,CID834760,Prime Sedan,Rajarajeshwari Nagar,Langford Town,294.0,35.0,Not Applicable,Not Applicable,Yes,Customer Demand,343,Cash,38,3.3,4.4
2024-07-23 08:25:00,CNR7996794908,Driver Not Found,CID610376,eBike,Electronic City,Nagarbhavi,,,Not Applicable,Not Applicable,Not Applicable,Not Applicable,2560,Not Applicable,0,,
2024-07-10 18:03:00,CNR4794912470,Success,CID231688,Prime Plus,MG Road,Shivajinagar,112.0,130.0,Not Applicable,Not Applicable,No,Not Applicable,797,Debit Card,41,4.9,4.2
2024-07-12 14:59:00,CNR8163102679,Success,CID780702,eBike,Hosur Road,Bellandur,273.0,90.0,Not Applicable,Not Applicable,No,Not Applicable,262,UPI,43,4.1,4.2
2024-07-02 22:20:00,CNR9040345572,Canceled by Customer,CID795769,eBike,Mysore Road,Chamarajpet,,,Driver is not moving towards pickup location,Not Applicable,Not Applicable,Not Applicable,922,Not Applicable,0,,
2024-07-01 20:05:00,CNR7363972169,Canceled by Driver,CID212657,Prime SUV,Tumkur Road,Ramamurthy Nagar,,,Not Applicable,More than permitted people in there,Not Applicable,Not Applicable,607,Not Applicable,0,,
2024-07-16 07:08:00,CNR2402966503,Success,CID406391,eBike,Vijayanagar,Padmanabhanagar,147.0,85.0,Not Applicable,Not Applicable,No,Not Applicable,2211,UPI,20,4.7,3.5
2024-07-27 03:31:00,CNR4076601712,Success,CID690380,Auto,Tumkur Road,MG Road,224.0,65.0,Not Applicable,Not Applicable,No,Not Applicable,274,Cash,19,3.5,4.1
2024-07-15 21:04:00,CNR8229736788,Driver Not Found,CID444374,Prime Sedan,Peenya,RT Nagar,,,Not Applicable,Not Applicable,Not Applicable,Not Applicable,967,Not Applicable,0,,
2024-07-09 22:57:00,CNR8529645401,Success,CID388237,Mini,Ulsoor,Rajarajeshwari Nagar,133.0,25.0,Not Applicable,Not Applicable,No,Not Applicable,136,UPI,20,3.3,4.3
2024-07-19 16:37:00,CNR5373737588,Success,CID952657,Prime SUV,RT Nagar,Chamarajpet,301.0,35.0,Not Applicable,Not Applicable,Yes,Vehicle Breakdown,428,Cash,45,3.2,4.1
2024-07-11 06:27:00,CNR2006710749,Canceled by Customer,CID879902,Auto,RT Nagar,Banashankari,,,AC is Not working,Not Applicable,Not Applicable,Not Applicable,265,Not Applicable,0,,
2024-07-27 22:12:00,CNR7175790554,Canceled by Driver,CID773344,eBike,Chamarajpet,Shivajinagar,,,Not Applicable,Customer related issue,Not Applicable,Not Applicable,490,Not Applicable,0,,
2024-07-08 22:42:00,CNR7553071685,Canceled by Driver,CID254067,Mini,Vijayanagar,Jayanagar,,,Not Applicable,Personal & Car related issue,Not Applicable,Not Applicable,942,Not Applicable,0,,
2024-07-18 05:17:00,CNR6141604382,Success,CID866667,eBike,Ulsoor,Yelahanka,308.0,40.0,Not Applicable,Not Applicable,Yes,Customer Demand,489,Cash,32,4.6,3.6
2024-07-11 00:03:00,CNR4435008473,Canceled by Driver,CID731427,Bike,Peenya,Marathahalli,,,Not Applicable,Personal & Car related issue,Not Applicable,Not Applicable,262,Not Applicable,0,,
2024-07-30 05:53:00,CNR1852934916,Success,CID919003,Mini,JP Nagar,Rajarajeshwari Nagar,91.0,30.0,Not Applicable,Not Applicable,No,Not Applicable,1405,Credit Card,4,4.8,3.0
2024-07-18 17:23:00,CNR8285390773,Canceled by Driver,CID964816,Prime SUV,Vijayanagar,Frazer Town,,,Not Applicable,Customer was coughing/sick,Not Applicable,Not Applicable,433,Not Applicable,0,,
2024-07-22 05:28:00,CNR1607936597,Canceled by Driver,CID980620,Prime Plus,Mysore Road,Marathahalli,,,Not Applicable,Customer was coughing/sick,Not Applicable,Not Applicable,877,Not Applicable,0,,
2024-07-05 21:07:00,CNR1644408418,Success,CID918875,Mini,Shivajinagar,RT Nagar,308.0,40.0,Not Applicable,Not Applicable,Yes,Vehicle Breakdown,757,Cash,29,4.3,4.9
2024-07-03 12:29:00,CNR8352189157,Canceled by Driver,CID336332,Auto,Sarjapur Road,Majestic,,,Not Applicable,Personal & Car related issue,Not Applicable,Not Applicable,936,Not Applicable,0,,
2024-07-22 20:28:00,CNR3908683557,Driver Not Found,CID187115,eBike,Koramangala,Ramamurthy Nagar,,,Not Applicable,Not Applicable,Not Applicable,Not Applicable,120,Not Applicable,0,,
2024-07-27 20:13:00,CNR5409041778,Success,CID326553,Auto,RT Nagar,Marathahalli,42.0,25.0,Not Applicable,Not Applicable,No,Not Applicable,122,UPI,7,4.1,4.3
2024-07-13 14:26:00,CNR6751443846,Canceled by Driver,CID594547,Auto,Majestic,Jayanagar,,,Not Applicable,Customer was coughing/sick,Not Applicable,Not Applicable,423,Not Applicable,0,,
2024-07-27 08:02:00,CNR4468552575,Canceled by Customer,CID673026,Auto,Yelahanka,Yelahanka,,,Driver asked to cancel,Not Applicable,Not Applicable,Not Applicable,899,Not Applicable,0,,
2024-07-24 02:24:00,CNR5120556580,Success,CID712393,Auto,Nagarbhavi,Magadi Road,56.0,140.0,Not Applicable,Not Applicable,No,Not Applicable,264,Cash,11,3.5,4.9
2024-07-20 05:27:00,CNR2951418924,Canceled by Driver,CID166181,Prime Plus,RT Nagar,Rajarajeshwari Nagar,,,Not Applicable,Customer was coughing/sick,Not Applicable,Not Applicable,1387,Not Applicable,0,,
2024-07-14 21:09:00,CNR5536761315,Canceled by Customer,CID238960,Prime SUV,Electronic City,Shivajinagar,,,Driver asked to cancel,Not Applicable,Not Applicable,Not Applicable,418,Not Applicable,0,,
2024-07-27 16:26:00,CNR7593184575,Canceled by Driver,CID637098,Prime Plus,Electronic City,KR Puram,,,Not Applicable,Customer was coughing/sick,Not Applicable,Not Applicable,281,Not Applicable,0,,
2024-07-12 07:37:00,CNR1713809806,Canceled by Customer,CID708175,eBike,Ulsoor,Sarjapur Road,,,Driver is not moving towards pickup location,Not Applicable,Not Applicable,Not Applicable,226,Not Applicable,0,,
2024-07-25 04:50:00,CNR8665999212,Canceled by Customer,CID222224,Auto,Rajajinagar,Basavanagudi,,,Driver is not moving towards pickup location,Not Applicable,Not Applicable,Not Applicable,298,Not Applicable,0,,
2024-07-25 22:50:00,CNR8678965272,Canceled by Driver,CID663449,Prime SUV,Indiranagar,Magadi Road,,,Not Applicable,Personal & Car related issue,Not Applicable,Not Applicable,207,Not Applicable,0,,
2024-07-19 13:44:00,CNR7412390132,Driver Not Found,CID915433,Mini,Kammanahalli,Koramangala,,,Not Applicable,Not Applicable,Not Applicable,Not Applicable,305,Not Applicable,0,,
2024-07-03 19:45:00,CNR4993338343,Success,CID270445,Prime Sedan,Chamarajpet,Bellandur,84.0,90.0,Not Applicable,Not Applicable,No,Not Applicable,2954,Cash,4,3.8,3.4
2024-07-12 12:31:00,CNR8663745421,Success,CID227539,Prime Sedan,Mysore Road,Sarjapur Road,189.0,105.0,Not Applicable,Not Applicable,No,Not Applicable,592,Cash,35,3.1,4.5
2024-07-21 06:36:00,CNR4757317137,Success,CID319103,eBike,Sahakar Nagar,MG Road,210.0,120.0,Not Applicable,Not Applicable,No,Not Applicable,269,Cash,10,4.9,4.0
2024-07-05 18:24:00,CNR8544745419,Success,CID446126,Auto,Magadi Road,Electronic City,140.0,115.0,Not Applicable,Not Applicable,No,Not Applicable,253,UPI,9,4.8,3.5
2024-07-25 02:21:00,CNR8874859982,Canceled by Driver,CID422860,Prime Plus,Bellandur,Rajajinagar,,,Not Applicable,Personal & Car related issue,Not Applicable,Not Applicable,179,Not Applicable,0,,
2024-07-23 06:04:00,CNR6086518926,Driver Not Found,CID270390,eBike,Mysore Road,Kengeri,,,Not Applicable,Not Applicable,Not Applicable,Not Applicable,141,Not Applicable,0,,
2024-07-29 08:31:00,CNR9161535800,Success,CID630614,Prime SUV,Basavanagudi,Frazer Town,154.0,145.0,Not Applicable,Not Applicable,Yes,Other Issue,151,UPI,17,4.0,3.9
2024-07-19 06:10:00,CNR4626093858,Success,CID481745,Bike,Whitefield,Hebbal,119.0,145.0,Not Applicable,Not Applicable,No,Not Applicable,135,UPI,33,4.4,4.0
2024-07-19 08:40:00,CNR3284282209,Success,CID191203,eBike,Padmanabhanagar,Shantinagar,189.0,45.0,Not Applicable,Not Applicable,No,Not Applicable,508,Cash,44,3.1,4.2
2024-07-02 03:17:00,CNR4211389465,Success,CID196457,Prime Sedan,Sahakar Nagar,Hulimavu,56.0,80.0,Not Applicable,Not Applicable,No,Not Applicable,643,Credit Card,14,4.9,3.6
2024-07-08 19:55:00,CNR2040444145,Canceled by Driver,CID221132,Bike,Varthur,Ulsoor,,,Not Applicable,Personal & Car related issue,Not Applicable,Not Applicable,235,Not Applicable,0,,
2024-07-25 15:20:00,CNR9047107701,Success,CID260096,Prime Sedan,Rajarajeshwari Nagar,Koramangala,49.0,50.0,Not Applicable,Not Applicable,No,Not Applicable,311,Cash,41,3.9,4.6
2024-07-26 15:59:00,CNR3428928546,Driver Not Found,CID436187,Mini,Kammanahalli,Electronic City,,,Not Applicable,Not Applicable,Not Applicable,Not Applicable,119,Not Applicable,0,,
2024-07-26 21:12:00,CNR9766776681,Success,CID543694,Auto,Majestic,Koramangala,168.0,70.0,Not Applicable,Not Applicable,No,Not Applicable,295,UPI,5,4.5,3.3
2024-07-12 02:41:00,CNR7394863930,Canceled by Customer,CID759291,Mini,Malleshwaram,Hosur Road,,,Driver is not moving towards pickup location,Not Applicable,Not Applicable,Not Applicable,222,Not Applicable,0,,
2024-07-11 16:47:00,CNR1822831796,Success,CID862225,Mini,Mysore Road,Vijayanagar,70.0,50.0,Not Applicable,Not Applicable,No,Not Applicable,275,UPI,20,4.7,4.9
2024-07-02 19:22:00,CNR1423088722,Canceled by Driver,CID588547,Prime SUV,Jayanagar,Shantinagar,,,Not Applicable,Customer related issue,Not Applicable,Not Applicable,2036,Not Applicable,0,,
2024-07-10 11:21:00,CNR4690500365,Success,CID657009,Mini,Vijayanagar,MG Road,294.0,35.0,Not Applicable,Not Applicable,Yes,Customer Demand,361,Cash,30,3.9,4.3
2024-07-04 05:35:00,CNR7055738310,Success,CID185389,Prime Plus,Yeshwanthpur,Nagarbhavi,161.0,55.0,Not Applicable,Not Applicable,No,Not Applicable,373,Cash,44,3.2,5.0
2024-07-13 04:00:00,CNR9962809932,Success,CID982221,Auto,Ramamurthy Nagar,Sarjapur Road,196.0,110.0,Not Applicable,Not Applicable,No,Not Applicable,398,Cash,5,3.7,4.1
2024-07-18 18:41:00,CNR8365305284,Success,CID525048,Auto,Devanahalli,Vijayanagar,91.0,40.0,Not Applicable,Not Applicable,No,Not Applicable,593,UPI,18,4.5,3.0
2024-07-10 19:42:00,CNR4390638889,Success,CID197356,Prime Sedan,Rajarajeshwari Nagar,Tumkur Road,217.0,110.0,Not Applicable,Not Applicable,Yes,Vehicle Breakdown,421,UPI,13,3.0,4.0
2024-07-26 12:06:00,CNR3571143470,Success,CID502978,Prime SUV,Shivajinagar,Kammanahalli,70.0,125.0,Not Applicable,Not Applicable,No,Not Applicable,203,UPI,24,3.3,3.3
2024-07-01 16:34:00,CNR6892740643,Driver Not Found,CID980965,Auto,Kammanahalli,Hennur,,,Not Applicable,Not Applicable,Not Applicable,Not Applicable,493,Not Applicable,0,,
2024-07-24 09:51:00,CNR1539651162,Canceled by Driver,CID165748,eBike,Majestic,Kadugodi,,,Not Applicable,Personal & Car related issue,Not Applicable,Not Applicable,614,Not Applicable,0,,
2024-07-10 23:29:00,CNR8320047740,Canceled by Driver,CID950134,Prime Plus,Whitefield,Hennur,,,Not Applicable,Personal & Car related issue,Not Applicable,Not Applicable,437,Not Applicable,0,,
2024-07-14 14:49:00,CNR6211948638,Success,CID962750,eBike,Magadi Road,Marathahalli,245.0,90.0,Not Applicable,Not Applicable,No,Not Applicable,235,Cash,37,3.5,3.3
2024-07-13 20:00:00,CNR6230515629,Canceled by Customer,CID198178,Auto,Cox Town,Frazer Town,,,Change of plans,Not Applicable,Not Applicable,Not Applicable,214,Not Applicable,0,,
2024-07-06 10:48:00,CNR9861412868,Success,CID849158,Bike,Indiranagar,Majestic,175.0,105.0,Not Applicable,Not Applicable,No,Not Applicable,224,Credit Card,17,4.6,3.6
2024-07-08 19:04:00,CNR9312666885,Success,CID896049,Prime Sedan,Varthur,Hosur Road,224.0,145.0,Not Applicable,Not Applicable,No,Not Applicable,819,UPI,48,4.3,3.2
2024-07-29 07:04:00,CNR9729879652,Success,CID902479,eBike,Ramamurthy Nagar,Hennur,126.0,100.0,Not Applicable,Not Applicable,No,Not Applicable,645,UPI,27,4.8,3.0
2024-07-18 15:30:00,CNR7450973125,Canceled by Driver,CID875175,Prime Sedan,HSR Layout,Bannerghatta Road,,,Not Applicable,More than permitted people in there,Not Applicable,Not Applicable,581,Not Applicable,0,,
2024-07-14 08:13:00,CNR6806946661,Success,CID361838,eBike,Richmond Town,Yeshwanthpur,308.0,70.0,Not Applicable,Not Applicable,No,Not Applicable,392,UPI,33,4.7,3.9
2024-07-24 23:04:00,CNR2352403649,Canceled by Customer,CID308500,Mini,Jayanagar,Jayanagar,,,Driver asked to cancel,Not Applicable,Not Applicable,Not Applicable,203,Not Applicable,0,,
2024-07-12 06:42:00,CNR6968863754,Success,CID612347,eBike,Ramamurthy Nagar,JP Nagar,203.0,140.0,Not Applicable,Not Applicable,No,Not Applicable,282,Cash,33,3.1,3.6
2024-07-10 13:41:00,CNR9431577550,Success,CID333904,Prime Plus,Kammanahalli,Langford Town,259.0,145.0,Not Applicable,Not Applicable,No,Not Applicable,127,UPI,28,4.7,5.0
2024-07-07 09:02:00,CNR7990711809,Canceled by Customer,CID173379,Prime Sedan,RT Nagar,Shantinagar,,,Change of plans,Not Applicable,Not Applicable,Not Applicable,377,Not Applicable,0,,
2024-07-20 08:51:00,CNR7609261330,Driver Not Found,CID105208,Prime SUV,Bannerghatta Road,Magadi Road,,,Not Applicable,Not Applicable,Not Applicable,Not Applicable,480,Not Applicable,0,,
2024-07-23 20:16:00,CNR8753786925,Driver Not Found,CID924540,Prime SUV,Hebbal,Indiranagar,,,Not Applicable,Not Applicable,Not Applicable,Not Applicable,637,Not Applicable,0,,
2024-07-29 07:36:00,CNR2460913884,Success,CID759003,Prime SUV,Sahakar Nagar,Banashankari,126.0,140.0,Not Applicable,Not Applicable,No,Not Applicable,247,UPI,46,3.6,4.9
2024-07-02 04:10:00,CNR6608599662,Success,CID367525,Mini,Mysore Road,Padmanabhanagar,70.0,35.0,Not Applicable,Not Applicable,No,Not Applicable,230,UPI,28,5.0,4.8
2024-07-14 09:11:00,CNR8631816715,Canceled by Driver,CID503559,Prime Sedan,Jayanagar,Langford Town,,,Not Applicable,Customer was coughing/sick,Not Applicable,Not Applicable,176,Not Applicable,0,,
2024-07-26 05:29:00,CNR7650985992,Success,CID667534,Bike,Sahakar Nagar,Sahakar Nagar,203.0,50.0,Not Applicable,Not Applicable,No,Not Applicable,855,Cash,13,3.8,4.7
2024-07-05 06:29:00,CNR5894851945,Success,CID145741,Bike,KR Puram,Sarjapur Road,133.0,145.0,Not Applicable,Not Applicable,No,Not Applicable,442,UPI,10,4.2,4.3
2024-07-18 17:09:00,CNR1409248904,Success,CID108893,Auto,Mysore Road,Chickpet,98.0,40.0,Not Applicable,Not Applicable,No,Not Applicable,177,Cash,15,3.3,3.2
2024-07-30 08:05:00,CNR3055669895,Success,CID477466,Auto,Banashankari,Kengeri,84.0,105.0,Not Applicable,Not Applicable,No,Not Applicable,205,Cash,8,4.8,4.0
2024-07-20 22:08:00,CNR1589418613,Success,CID587372,eBike,Whitefield,Koramangala,126.0,85.0,Not Applicable,Not Applicable,No,Not Applicable,259,Cash,35,3.9,4.0
2024-07-02 01:47:00,CNR6786744971,Success,CID786747,eBike,Kammanahalli,Richmond Town,217.0,130.0,Not Applicable,Not Applicable,No,Not Applicable,146,Cash,36,4.2,4.3
2024-07-26 17:23:00,CNR5394781833,Success,CID553212,eBike,Jayanagar,Koramangala,147.0,125.0,Not Applicable,Not Applicable,No,Not Applicable,453,UPI,9,4.5,3.0
2024-07-15 04:22:00,CNR9335220726,Success,CID674357,Mini,Rajajinagar,Cox Town,308.0,130.0,Not Applicable,Not Applicable,No,Not Applicable,434,Cash,19,3.6,3.5
2024-07-29 12:11:00,CNR8664111161,Canceled by Customer,CID861596,Auto,Rajarajeshwari Nagar,Hebbal,,,Driver is not moving towards pickup location,Not Applicable,Not Applicable,Not Applicable,116,Not Applicable,0,,
2024-07-20 02:40:00,CNR3337156121,Canceled by Customer,CID659633,Mini,Hosur Road,Rajajinagar,,,AC is Not working,Not Applicable,Not Applicable,Not Applicable,215,Not Applicable,0,,
2024-07-24 17:30:00,CNR9567350074,Driver Not Found,CID797754,Mini,KR Puram,Shantinagar,,,Not Applicable,Not Applicable,Not Applicable,Not Applicable,357,Not Applicable,0,,
2024-07-30 18:21:00,CNR4613962251,Driver Not Found,CID886785,Mini,Magadi Road,KR Puram,,,Not Applicable,Not Applicable,Not Applicable,Not Applicable,707,Not Applicable,0,,
2024-07-06 08:05:00,CNR6612379074,Success,CID915188,Prime Sedan,Indiranagar,Magadi Road,259.0,140.0,Not Applicable,Not Applicable,Yes,Vehicle Breakdown,912,Cash,38,5.0,4.9
2024-07-06 01:28:00,CNR3746514610,Success,CID158526,Prime Sedan,Koramangala,HSR Layout,133.0,55.0,Not Applicable,Not Applicable,No,Not Applicable,961,UPI,3,3.3,3.6
2024-07-29 05:20:00,CNR4079025746,Success,CID929076,Prime SUV,Cox Town,Rajajinagar,196.0,130.0,Not Applicable,Not Applicable,No,Not Applicable,843,UPI,29,4.0,3.5
2024-07-10 21:55:00,CNR1759722772,Success,CID974853,Prime Plus,Bannerghatta Road,Magadi Road,98.0,60.0,Not Applicable,Not Applicable,No,Not Applicable,2310,Cash,14,3.1,5.0
2024-07-02 05:45:00,CNR2871008818,Success,CID858838,eBike,Rajajinagar,Sarjapur Road,273.0,50.0,Not Applicable,Not Applicable,No,Not Applicable,970,UPI,37,4.7,3.9
2024-07-18 20:29:00,CNR2922767814,Success,CID786111,Prime Plus,Nagarbhavi,Yeshwanthpur,294.0,45.0,Not Applicable,Not Applicable,No,Not Applicable,232,UPI,42,3.5,3.4
2024-07-26 21:21:00,CNR2178112091,Success,CID650642,Auto,Ramamurthy Nagar,Yelahanka,63.0,135.0,Not Applicable,Not Applicable,No,Not Applicable,138,UPI,1,4.5,4.2
2024-07-12 00:43:00,CNR2229418778,Success,CID768243,Auto,BTM Layout,Magadi Road,266.0,45.0,Not Applicable,Not Applicable,No,Not Applicable,713,UPI,16,4.1,3.3
2024-07-20 01:20:00,CNR5198539830,Success,CID969334,Prime SUV,Bellandur,Frazer Town,231.0,125.0,Not Applicable,Not Applicable,No,Not Applicable,655,Cash,10,4.7,4.3
2024-07-29 01:29:00,CNR9261018709,Canceled by Customer,CID493237,eBike,Langford Town,Frazer Town,,,AC is Not working,Not Applicable,Not Applicable,Not Applicable,761,Not Applicable,0,,
2024-07-13 18:36:00,CNR9595206404,Success,CID804073,Mini,Kammanahalli,RT Nagar,308.0,95.0,Not Applicable,Not Applicable,No,Not Applicable,1713,Cash,42,3.5,4.4
2024-07-25 08:42:00,CNR2075233550,Canceled by Customer,CID958195,Prime Sedan,Padmanabhanagar,BTM Layout,,,Driver is not moving towards pickup location,Not Applicable,Not Applicable,Not Applicable,1734,Not Applicable,0,,
2024-07-08 17:13:00,CNR4553391267,Success,CID572731,eBike,Varthur,Ulsoor,203.0,85.0,Not Applicable,Not Applicable,No,Not Applicable,958,UPI,40,3.0,4.9
2024-07-14 23:46:00,CNR1728872727,Success,CID919334,Prime Sedan,KR Puram,RT Nagar,56.0,50.0,Not Applicable,Not Applicable,No,Not Applicable,478,Cash,30,3.0,4.7
2024-07-28 08:43:00,CNR5572441410,Success,CID203648,eBike,Tumkur Road,Nagarbhavi,308.0,140.0,Not Applicable,Not Applicable,No,Not Applicable,261,UPI,40,3.8,4.0
2024-07-14 23:20:00,CNR5100218050,Canceled by Driver,CID930690,Prime Sedan,RT Nagar,Yeshwanthpur,,,Not Applicable,Customer related issue,Not Applicable,Not Applicable,466,Not Applicable,0,,
2024-07-14 12:46:00,CNR9992167282,Success,CID532104,Prime Plus,Kadugodi,Hennur,294.0,145.0,Not Applicable,Not Applicable,No,Not Applicable,207,UPI,43,3.9,3.7
2024-07-01 02:33:00,CNR7251178812,Success,CID585353,Prime Sedan,MG Road,Basavanagudi,133.0,135.0,Not Applicable,Not Applicable,No,Not Applicable,144,Cash,39,3.2,4.5
2024-07-13 21:54:00,CNR1647964216,Success,CID840181,Auto,Rajarajeshwari Nagar,Langford Town,259.0,60.0,Not Applicable,Not Applicable,No,Not Applicable,316,Cash,18,4.9,4.1
2024-07-27 01:48:00,CNR4235963163,Driver Not Found,CID519920,eBike,KR Puram,Koramangala,,,Not Applicable,Not Applicable,Not Applicable,Not Applicable,227,Not Applicable,0,,
2024-07-10 00:06:00,CNR4149780900,Success,CID546675,Auto,Devanahalli,Basavanagudi,266.0,85.0,Not Applicable,Not Applicable,No,Not Applicable,668,UPI,1,4.4,4.0
2024-07-01 04:43:00,CNR9198590325,Success,CID750918,Prime Sedan,Jayanagar,Nagarbhavi,56.0,110.0,Not Applicable,Not Applicable,No,Not Applicable,327,Cash,11,3.2,4.2
2024-07-21 13:27:00,CNR1527209787,Success,CID244530,Prime SUV,Sarjapur Road,Kengeri,161.0,105.0,Not Applicable,Not Applicable,No,Not Applicable,232,UPI,28,3.6,4.2
2024-07-12 06:24:00,CNR1116575357,Success,CID690506,Bike,Kadugodi,Vijayanagar,42.0,120.0,Not Applicable,Not Applicable,No,Not Applicable,2640,UPI,21,4.0,4.0
2024-07-22 12:40:00,CNR7082709362,Canceled by Driver,CID132884,Bike,Tumkur Road,Rajajinagar,,,Not Applicable,Customer related issue,Not Applicable,Not Applicable,488,Not Applicable,0,,
2024-07-06 04:54:00,CNR4946797780,Success,CID194980,Prime SUV,Yeshwanthpur,Majestic,105.0,100.0,Not Applicable,Not Applicable,No,Not Applicable,127,Cash,21,3.9,3.5
2024-07-02 06:45:00,CNR3594147806,Success,CID697400,Prime Sedan,Hebbal,Chickpet,147.0,35.0,Not Applicable,Not Applicable,No,Not Applicable,726,Cash,8,4.5,3.9
2024-07-25 06:04:00,CNR3664658629,Success,CID884054,Auto,Banashankari,Langford Town,182.0,30.0,Not Applicable,Not Applicable,Yes,Customer Demand,163,UPI,6,4.2,4.5
2024-07-22 14:23:00,CNR8698375745,Success,CID878333,Prime Sedan,Rajarajeshwari Nagar,Sahakar Nagar,63.0,80.0,Not Applicable,Not Applicable,No,Not Applicable,437,Cash,49,4.2,4.3
2024-07-14 14:47:00,CNR5070104622,Canceled by Driver,CID757848,Prime Sedan,Hebbal,Padmanabhanagar,,,Not Applicable,More than permitted people in there,Not Applicable,Not Applicable,218,Not Applicable,0,,
2024-07-24 12:04:00,CNR2194827535,Canceled by Driver,CID116376,eBike,Padmanabhanagar,MG Road,,,Not Applicable,Customer was coughing/sick,Not Applicable,Not Applicable,451,Not Applicable,0,,
2024-07-09 08:52:00,CNR4597186013,Success,CID399872,Prime Plus,Jayanagar,Kadugodi,189.0,125.0,Not Applicable,Not Applicable,No,Not Applicable,392,UPI,34,4.8,4.8
2024-07-13 16:43:00,CNR4825806361,Success,CID450973,Prime Sedan,Malleshwaram,Bellandur,203.0,140.0,Not Applicable,Not Applicable,No,Not Applicable,2759,UPI,36,4.0,3.1
2024-07-13 03:30:00,CNR9433056888,Success,CID219246,Prime SUV,Shivajinagar,Kammanahalli,42.0,80.0,Not Applicable,Not Applicable,No,Not Applicable,140,Cash,18,3.3,4.0
2024-07-06 12:49:00,CNR7248940412,Success,CID335330,Prime Sedan,Hennur,Hennur,175.0,125.0,Not Applicable,Not Applicable,No,Not Applicable,326,Cash,10,4.8,3.5
2024-07-14 12:00:00,CNR5792434806,Success,CID299339,Prime SUV,Kengeri,KR Puram,245.0,80.0,Not Applicable,Not Applicable,No,Not Applicable,188,Credit Card,3,4.9,4.7
2024-07-22 04:28:00,CNR7824974255,Success,CID421347,Prime Plus,Majestic,Shivajinagar,245.0,95.0,Not Applicable,Not Applicable,No,Not Applicable,799,Cash,11,3.6,3.9
2024-07-02 21:28:00,CNR3135184029,Success,CID281054,Bike,Tumkur Road,Hebbal,126.0,35.0,Not Applicable,Not Applicable,No,Not Applicable,109,UPI,12,3.3,4.0
2024-07-20 22:48:00,CNR9173509618,Success,CID699987,eBike,Frazer Town,Jayanagar,56.0,115.0,Not Applicable,Not Applicable,No,Not Applicable,670,Cash,47,3.1,4.9
2024-07-30 15:09:00,CNR6006492175,Success,CID327041,Mini,Malleshwaram,Bannerghatta Road,98.0,85.0,Not Applicable,Not Applicable,No,Not Applicable,1613,UPI,5,4.8,4.5
2024-07-16 08:03:00,CNR6961630040,Success,CID607511,Prime Plus,Koramangala,Cox Town,294.0,50.0,Not Applicable,Not Applicable,No,Not Applicable,354,UPI,32,3.6,3.3
2024-07-21 13:38:00,CNR2268134724,Success,CID825148,Prime SUV,Kengeri,Indiranagar,238.0,70.0,Not Applicable,Not Applicable,No,Not Applicable,345,Cash,19,3.5,3.1
2024-07-02 21:38:00,CNR1608395351,Canceled by Customer,CID860007,Prime Sedan,RT Nagar,BTM Layout,,,Change of plans,Not Applicable,Not Applicable,Not Applicable,269,Not Applicable,0,,
2024-07-13 17:26:00,CNR7822013104,Success,CID810460,Prime Plus,Hennur,Tumkur Road,203.0,75.0,Not Applicable,Not Applicable,No,Not Applicable,115,UPI,3,3.3,3.0
2024-07-29 05:24:00,CNR9898916426,Driver Not Found,CID579111,Mini,Peenya,Kengeri,,,Not Applicable,Not Applicable,Not Applicable,Not Applicable,149,Not Applicable,0,,
2024-07-07 11:39:00,CNR9120764116,Canceled by Customer,CID391970,Prime SUV,Chamarajpet,Marathahalli,,,Wrong Address,Not Applicable,Not Applicable,Not Applicable,2824,Not Applicable,0,,
2024-07-24 07:57:00,CNR3269581979,Success,CID743312,eBike,Chamarajpet,Vijayanagar,266.0,65.0,Not Applicable,Not Applicable,No,Not Applicable,403,UPI,18,4.0,3.2
2024-07-04 07:16:00,CNR2498635594,Canceled by Customer,CID311722,Bike,JP Nagar,Hebbal,,,AC is Not working,Not Applicable,Not Applicable,Not Applicable,207,Not Applicable,0,,
2024-07-02 06:51:00,CNR3904920924,Success,CID644320,Auto,Shantinagar,Majestic,203.0,85.0,Not Applicable,Not Applicable,No,Not Applicable,156,Cash,16,4.0,4.8
2024-07-20 03:16:00,CNR8083788629,Success,CID303848,Prime Sedan,JP Nagar,Sahakar Nagar,70.0,125.0,Not Applicable,Not Applicable,No,Not Applicable,468,UPI,47,3.3,3.7
2024-07-02 05:25:00,CNR9337765581,Success,CID781686,Prime Sedan,BTM Layout,JP Nagar,56.0,70.0,Not Applicable,Not Applicable,No,Not Applicable,610,Credit Card,36,4.8,4.8
2024-07-11 10:25:00,CNR6091252365,Success,CID888012,Prime Plus,Hebbal,Mysore Road,252.0,25.0,Not Applicable,Not Applicable,No,Not Applicable,2576,Cash,28,4.5,3.5
2024-07-03 15:37:00,CNR5113923988,Success,CID322377,Bike,Yeshwanthpur,Sahakar Nagar,182.0,115.0,Not Applicable,Not Applicable,No,Not Applicable,735,UPI,12,3.1,5.0
2024-07-13 23:38:00,CNR7250482853,Success,CID665732,Prime Sedan,Hosur Road,Sahakar Nagar,301.0,25.0,Not Applicable,Not Applicable,No,Not Applicable,360,Credit Card,10,4.1,4.2
2024-07-27 08:10:00,CNR3740086842,Canceled by Driver,CID854080,Prime Sedan,JP Nagar,Kammanahalli,,,Not Applicable,Customer was coughing/sick,Not Applicable,Not Applicable,298,Not Applicable,0,,
2024-07-26 05:11:00,CNR9371082427,Success,CID173917,Prime Sedan,Hebbal,Kammanahalli,105.0,90.0,Not Applicable,Not Applicable,No,Not Applicable,190,Cash,39,4.4,4.4
2024-07-25 04:48:00,CNR9434469865,Canceled by Driver,CID365482,Auto,Hulimavu,Marathahalli,,,Not Applicable,Customer was coughing/sick,Not Applicable,Not Applicable,220,Not Applicable,0,,
2024-07-28 12:42:00,CNR4926483989,Success,CID960814,Bike,Shantinagar,Ulsoor,196.0,30.0,Not Applicable,Not Applicable,No,Not Applicable,383,Cash,43,4.7,4.3
2024-07-18 07:03:00,CNR9987004835,Canceled by Customer,CID423085,Prime SUV,Magadi Road,Cox Town,,,Wrong Address,Not Applicable,Not Applicable,Not Applicable,250,Not Applicable,0,,
2024-07-01 01:51:00,CNR1577787158,Success,CID815622,Auto,Yeshwanthpur,Peenya,161.0,125.0,Not Applicable,Not Applicable,Yes,Customer Demand,2158,UPI,7,4.5,3.7
2024-07-17 03:17:00,CNR7910703772,Driver Not Found,CID115114,eBike,Rajajinagar,Bannerghatta Road,,,Not Applicable,Not Applicable,Not Applicable,Not Applicable,138,Not Applicable,0,,
2024-07-09 02:56:00,CNR9412721872,Success,CID238864,Prime Sedan,Indiranagar,Sarjapur Road,91.0,125.0,Not Applicable,Not Applicable,No,Not Applicable,293,UPI,46,4.2,4.2
2024-07-20 08:40:00,CNR8830579204,Success,CID214269,eBike,Marathahalli,Whitefield,35.0,110.0,Not Applicable,Not Applicable,No,Not Applicable,399,Cash,14,4.8,3.5
2024-07-29 13:07:00,CNR8373883343,Canceled by Customer,CID664363,Prime Plus,Peenya,Vijayanagar,,,Wrong Address,Not Applicable,Not Applicable,Not Applicable,447,Not Applicable,0,,
2024-07-14 14:00:00,CNR1106832056,Success,CID411644,eBike,Yelahanka,Shivajinagar,231.0,35.0,Not Applicable,Not Applicable,No,Not Applicable,569,Cash,24,3.9,3.1
2024-07-11 16:54:00,CNR4193917976,Canceled by Customer,CID324919,Mini,Hulimavu,Richmond Town,,,Driver asked to cancel,Not Applicable,Not Applicable,Not Applicable,278,Not Applicable,0,,
2024-07-29 11:48:00,CNR3337301867,Canceled by Driver,CID636470,Prime Sedan,BTM Layout,Hennur,,,Not Applicable,Personal & Car related issue,Not Applicable,Not Applicable,752,Not Applicable,0,,
2024-07-11 11:58:00,CNR5310791442,Driver Not Found,CID472804,Prime Plus,MG Road,Peenya,,,Not Applicable,Not Applicable,Not Applicable,Not Applicable,301,Not Applicable,0,,
2024-07-15 11:14:00,CNR9849492240,Canceled by Customer,CID634245,Prime SUV,Devanahalli,Indiranagar,,,Driver is not moving towards pickup location,Not Applicable,Not Applicable,Not Applicable,176,Not Applicable,0,,
2024-07-15 14:51:00,CNR2721332702,Canceled by Driver,CID641717,Mini,Marathahalli,Tumkur Road,,,Not Applicable,Personal & Car related issue,Not Applicable,Not Applicable,351,Not Applicable,0,,
2024-07-03 10:08:00,CNR3177809746,Success,CID561995,eBike,Hennur,Marathahalli,56.0,75.0,Not Applicable,Not Applicable,No,Not Applicable,222,UPI,18,4.6,4.6
2024-07-08 21:32:00,CNR1407469633,Success,CID932472,eBike,Cox Town,MG Road,70.0,110.0,Not Applicable,Not Applicable,No,Not Applicable,118,Cash,2,4.2,3.2
2024-07-21 07:32:00,CNR8642070152,Success,CID485341,Bike,Ulsoor,Majestic,210.0,115.0,Not Applicable,Not Applicable,No,Not Applicable,457,UPI,29,4.2,4.4
2024-07-13 02:13:00,CNR9387511081,Success,CID292745,Bike,Hebbal,Chickpet,301.0,110.0,Not Applicable,Not Applicable,No,Not Applicable,434,Cash,33,4.0,3.7
2024-07-18 16:00:00,CNR9722394014,Canceled by Driver,CID163645,Bike,Varthur,Jayanagar,,,Not Applicable,Personal & Car related issue,Not Applicable,Not Applicable,452,Not Applicable,0,,
2024-07-26 14:20:00,CNR4302312629,Canceled by Driver,CID875048,Bike,Indiranagar,Frazer Town,,,Not Applicable,Customer related issue,Not Applicable,Not Applicable,215,Not Applicable,0,,
2024-07-15 03:20:00,CNR4085065713,Success,CID446184,Prime SUV,Kengeri,Jayanagar,154.0,105.0,Not Applicable,Not Applicable,No,Not Applicable,2660,Cash,10,3.4,3.6
2024-07-25 06:20:00,CNR9237404004,Success,CID336614,Prime SUV,Rajarajeshwari Nagar,Indiranagar,119.0,85.0,Not Applicable,Not Applicable,No,Not Applicable,826,UPI,31,4.2,4.3
2024-07-09 05:56:00,CNR1207388695,Success,CID530039,Mini,Whitefield,Kadugodi,287.0,45.0,Not Applicable,Not Applicable,No,Not Applicable,739,Cash,10,3.3,4.1
2024-07-21 11:14:00,CNR2330955376,Success,CID522933,eBike,Nagarbhavi,Ulsoor,280.0,130.0,Not Applicable,Not Applicable,No,Not Applicable,908,Cash,13,4.9,3.8
2024-07-16 09:57:00,CNR7400414269,Canceled by Driver,CID570087,Prime Sedan,Varthur,Hulimavu,,,Not Applicable,More than permitted people in there,Not Applicable,Not Applicable,2443,Not Applicable,0,,
2024-07-14 02:11:00,CNR5470515414,Canceled by Driver,CID986365,Mini,Hebbal,Indiranagar,,,Not Applicable,More than permitted people in there,Not Applicable,Not Applicable,363,Not Applicable,0,,
2024-07-22 13:21:00,CNR8131368490,Driver Not Found,CID987009,Mini,Nagarbhavi,KR Puram,,,Not Applicable,Not Applicable,Not Applicable,Not Applicable,977,Not Applicable,0,,
2024-07-23 00:49:00,CNR9950953348,Driver Not Found,CID790783,Prime Sedan,Majestic,Banashankari,,,Not Applicable,Not Applicable,Not Applicable,Not Applicable,842,Not Applicable,0,,
2024-07-06 05:15:00,CNR7097760903,Success,CID944215,Mini,Peenya,JP Nagar,56.0,145.0,Not Applicable,Not Applicable,No,Not Applicable,864,Cash,1,4.6,4.8
2024-07-23 12:25:00,CNR7358462318,Canceled by Driver,CID389660,eBike,Sarjapur Road,Kadugodi,,,Not Applicable,Customer was coughing/sick,Not Applicable,Not Applicable,2952,Not Applicable,0,,
2024-07-18 06:20:00,CNR8655192773,Success,CID237575,eBike,Basavanagudi,Indiranagar,133.0,35.0,Not Applicable,Not Applicable,No,Not Applicable,797,Cash,14,4.9,3.2
2024-07-24 07:37:00,CNR1790756579,Success,CID784123,Mini,Electronic City,Electronic City,56.0,75.0,Not Applicable,Not Applicable,No,Not Applicable,416,UPI,36,3.7,3.3
2024-07-03 15:06:00,CNR6870493629,Canceled by Driver,CID808133,Auto,Rajarajeshwari Nagar,Hennur,,,Not Applicable,Personal & Car related issue,Not Applicable,Not Applicable,172,Not Applicable,0,,
2024-07-23 16:43:00,CNR3516271023,Success,CID701597,Prime Sedan,Jayanagar,Ramamurthy Nagar,63.0,80.0,Not Applicable,Not Applicable,No,Not Applicable,528,UPI,19,4.4,3.0
2024-07-05 20:22:00,CNR1065409136,Success,CID806440,Mini,Padmanabhanagar,Shivajinagar,196.0,50.0,Not Applicable,Not Applicable,No,Not Applicable,814,UPI,8,4.4,4.4
2024-07-18 12:01:00,CNR5310849089,Canceled by Customer,CID259771,Prime SUV,Langford Town,Padmanabhanagar,,,AC is Not working,Not Applicable,Not Applicable,Not Applicable,472,Not Applicable,0,,
2024-07-02 16:04:00,CNR8953613342,Canceled by Customer,CID406084,Bike,Padmanabhanagar,Langford Town,,,AC is Not working,Not Applicable,Not Applicable,Not Applicable,498,Not Applicable,0,,
2024-07-02 03:02:00,CNR9989255423,Canceled by Driver,CID159179,Prime Sedan,Majestic,Ramamurthy Nagar,,,Not Applicable,Personal & Car related issue,Not Applicable,Not Applicable,489,Not Applicable,0,,
2024-07-10 11:45:00,CNR1478859510,Success,CID202728,eBike,Hulimavu,Chickpet,133.0,85.0,Not Applicable,Not Applicable,No,Not Applicable,314,UPI,8,3.3,3.9
2024-07-24 03:04:00,CNR9464587245,Canceled by Driver,CID900706,eBike,Rajarajeshwari Nagar,Electronic City,,,Not Applicable,Customer was coughing/sick,Not Applicable,Not Applicable,497,Not Applicable,0,,
2024-07-24 22:21:00,CNR1035275820,Success,CID934509,Prime Plus,Hulimavu,Richmond Town,245.0,120.0,Not Applicable,Not Applicable,No,Not Applicable,187,UPI,37,4.3,3.1
2024-07-17 21:24:00,CNR9087020385,Canceled by Driver,CID944060,Prime Plus,Ramamurthy Nagar,MG Road,,,Not Applicable,Customer was coughing/sick,Not Applicable,Not Applicable,160,Not Applicable,0,,
2024-07-18 18:34:00,CNR8773330000,Success,CID276655,Prime Plus,Marathahalli,Malleshwaram,42.0,65.0,Not Applicable,Not Applicable,No,Not Applicable,2428,UPI,45,4.8,4.9
2024-07-27 19:47:00,CNR5892078352,Driver Not Found,CID400919,Bike,Banashankari,Padmanabhanagar,,,Not Applicable,Not Applicable,Not Applicable,Not Applicable,371,Not Applicable,0,,
2024-07-29 12:38:00,CNR5207198265,Success,CID972908,eBike,Hulimavu,MG Road,161.0,60.0,Not Applicable,Not Applicable,Yes,Other Issue,221,Cash,42,4.0,4.3
2024-07-18 18:01:00,CNR7289008023,Success,CID493002,Mini,Sarjapur Road,Magadi Road,196.0,70.0,Not Applicable,Not Applicable,No,Not Applicable,491,Cash,2,3.2,3.5
2024-07-17 19:24:00,CNR4548769175,Success,CID324466,Mini,Hebbal,Hebbal,168.0,100.0,Not Applicable,Not Applicable,No,Not Applicable,1383,Cash,22,4.2,3.8
2024-07-14 19:03:00,CNR7248471853,Success,CID640147,Mini,Majestic,Shivajinagar,154.0,55.0,Not Applicable,Not Applicable,No,Not Applicable,191,Cash,5,4.5,5.0
2024-07-07 02:15:00,CNR3660755838,Success,CID891442,eBike,Hulimavu,Hebbal,147.0,115.0,Not Applicable,Not Applicable,No,Not Applicable,2105,UPI,27,3.5,4.9
2024-07-02 18:51:00,CNR7079117992,Success,CID622221,Prime SUV,Padmanabhanagar,Magadi Road,84.0,145.0,Not Applicable,Not Applicable,No,Not Applicable,208,UPI,12,3.3,4.9
2024-07-25 10:56:00,CNR3276316709,Success,CID894377,eBike,Sahakar Nagar,Malleshwaram,231.0,25.0,Not Applicable,Not Applicable,No,Not Applicable,493,UPI,14,3.1,4.8
2024-07-26 05:40:00,CNR4952299948,Canceled by Customer,CID480377,Mini,Hennur,Varthur,,,AC is Not working,Not Applicable,Not Applicable,Not Applicable,348,Not Applicable,0,,
2024-07-19 17:05:00,CNR8344287593,Success,CID479810,Bike,Frazer Town,Kammanahalli,154.0,50.0,Not Applicable,Not Applicable,No,Not Applicable,389,UPI,26,4.9,3.6
2024-07-01 18:05:00,CNR4600642705,Driver Not Found,CID686468,eBike,Magadi Road,Cox Town,,,Not Applicable,Not Applicable,Not Applicable,Not Applicable,212,Not Applicable,0,,
2024-07-19 17:10:00,CNR3618114602,Success,CID251347,Mini,Bannerghatta Road,Bellandur,266.0,45.0,Not Applicable,Not Applicable,No,Not Applicable,461,UPI,5,3.3,3.4
2024-07-30 02:07:00,CNR9795447681,Driver Not Found,CID855259,Prime Plus,Yeshwanthpur,Mysore Road,,,Not Applicable,Not Applicable,Not Applicable,Not Applicable,488,Not Applicable,0,,
2024-07-17 16:56:00,CNR2898404685,Driver Not Found,CID876220,eBike,Banashankari,Indiranagar,,,Not Applicable,Not Applicable,Not Applicable,Not Applicable,2109,Not Applicable,0,,
2024-07-30 11:30:00,CNR5349696889,Success,CID205885,Prime SUV,Majestic,Koramangala,42.0,130.0,Not Applicable,Not Applicable,No,Not Applicable,363,UPI,27,3.9,3.4
2024-07-09 17:22:00,CNR7759951066,Canceled by Customer,CID630307,Prime Plus,Rajarajeshwari Nagar,Hebbal,,,Driver is not moving towards pickup location,Not Applicable,Not Applicable,Not Applicable,283,Not Applicable,0,,
2024-07-26 08:02:00,CNR2650159938,Canceled by Driver,CID413316,Mini,Whitefield,Vijayanagar,,,Not Applicable,Personal & Car related issue,Not Applicable,Not Applicable,466,Not Applicable,0,,
2024-07-23 15:27:00,CNR7494283483,Canceled by Driver,CID556083,eBike,Chamarajpet,Jayanagar,,,Not Applicable,More than permitted people in there,Not Applicable,Not Applicable,361,Not Applicable,0,,
2024-07-17 07:08:00,CNR5791137207,Canceled by Customer,CID744155,Prime SUV,Peenya,Rajajinagar,,,Driver is not moving towards pickup location,Not Applicable,Not Applicable,Not Applicable,981,Not Applicable,0,,
2024-07-23 13:55:00,CNR5432122790,Driver Not Found,CID476889,Bike,HSR Layout,Bellandur,,,Not Applicable,Not Applicable,Not Applicable,Not Applicable,228,Not Applicable,0,,
2024-07-09 12:04:00,CNR2555026265,Success,CID588404,Prime Sedan,Jayanagar,Hebbal,280.0,135.0,Not Applicable,Not Applicable,No,Not Applicable,986,UPI,48,3.1,4.3
2024-07-05 15:29:00,CNR3854492237,Success,CID304622,Mini,Kadugodi,Sahakar Nagar,154.0,105.0,Not Applicable,Not Applicable,No,Not Applicable,526,Cash,6,4.8,3.4
2024-07-30 21:14:00,CNR9366372358,Success,CID414711,Mini,Shantinagar,Yeshwanthpur,245.0,75.0,Not Applicable,Not Applicable,No,Not Applicable,203,UPI,14,3.2,4.7
2024-07-29 04:12:00,CNR4345293933,Success,CID886191,Prime SUV,Richmond Town,JP Nagar,161.0,40.0,Not Applicable,Not Applicable,No,Not Applicable,201,UPI,22,4.5,4.9
2024-07-02 03:32:00,CNR4479723719,Success,CID354375,Prime Plus,KR Puram,Bannerghatta Road,280.0,80.0,Not Applicable,Not Applicable,No,Not Applicable,416,Cash,25,3.0,4.1
2024-07-13 05:25:00,CNR3106266354,Success,CID213065,Prime SUV,Ulsoor,Hebbal,77.0,110.0,Not Applicable,Not Applicable,No,Not Applicable,301,UPI,39,3.2,3.1
2024-07-27 09:00:00,CNR9626958689,Success,CID718976,Auto,Mysore Road,Mysore Road,231.0,145.0,Not Applicable,Not Applicable,No,Not Applicable,132,Cash,7,4.8,4.3
2024-07-11 12:14:00,CNR9945607971,Success,CID718128,Auto,Bellandur,Shivajinagar,35.0,35.0,Not Applicable,Not Applicable,No,Not Applicable,112,UPI,2,3.7,3.0
2024-07-14 05:09:00,CNR5020423527,Success,CID249323,Prime Sedan,Rajajinagar,Yelahanka,63.0,135.0,Not Applicable,Not Applicable,No,Not Applicable,817,Cash,11,3.3,4.1
2024-07-03 01:14:00,CNR3386674868,Success,CID955660,Bike,Tumkur Road,Basavanagudi,112.0,135.0,Not Applicable,Not Applicable,No,Not Applicable,856,Cash,9,3.7,4.7
2024-07-26 12:57:00,CNR8347648167,Canceled by Driver,CID306041,Bike,Ramamurthy Nagar,Magadi Road,,,Not Applicable,Customer related issue,Not Applicable,Not Applicable,112,Not Applicable,0,,
2024-07-01 08:28:00,CNR3345788152,Canceled by Driver,CID905016,eBike,Chamarajpet,Magadi Road,,,Not Applicable,Personal & Car related issue,Not Applicable,Not Applicable,227,Not Applicable,0,,
2024-07-02 13:17:00,CNR4408586615,Success,CID324149,Prime SUV,Indiranagar,Peenya,231.0,100.0,Not Applicable,Not Applicable,No,Not Applicable,976,UPI,7,4.3,3.0
2024-07-14 13:48:00,CNR9766282270,Canceled by Driver,CID875919,Prime Plus,Marathahalli,Chamarajpet,,,Not Applicable,Customer was coughing/sick,Not Applicable,Not Applicable,281,Not Applicable,0,,
2024-07-23 07:19:00,CNR3817884595,Success,CID542736,Prime Plus,Sarjapur Road,Whitefield,84.0,75.0,Not Applicable,Not Applicable,No,Not Applicable,461,UPI,9,3.3,4.1
2024-07-10 07:00:00,CNR1472859492,Success,CID773636,Prime SUV,Sahakar Nagar,Peenya,210.0,135.0,Not Applicable,Not Applicable,No,Not Applicable,653,Cash,26,3.8,3.8
2024-07-18 18:16:00,CNR1361306494,Success,CID683843,eBike,HSR Layout,Frazer Town,140.0,60.0,Not Applicable,Not Applicable,No,Not Applicable,109,Cash,14,3.6,4.4
2024-07-06 14:28:00,CNR4055559342,Success,CID298927,Bike,Frazer Town,Sahakar Nagar,70.0,70.0,Not Applicable,Not Applicable,No,Not Applicable,188,Debit Card,20,4.3,3.8
2024-07-23 17:55:00,CNR2724171350,Canceled by Driver,CID423452,Auto,Koramangala,Rajajinagar,,,Not Applicable,Customer related issue,Not Applicable,Not Applicable,252,Not Applicable,0,,
2024-07-15 01:11:00,CNR8585392611,Success,CID205248,Prime Plus,JP Nagar,Padmanabhanagar,84.0,90.0,Not Applicable,Not Applicable,No,Not Applicable,952,Cash,45,3.0,4.3
2024-07-18 18:08:00,CNR6602504517,Canceled by Driver,CID198448,Prime Plus,Kammanahalli,Nagarbhavi,,,Not Applicable,Customer related issue,Not Applicable,Not Applicable,409,Not Applicable,0,,
2024-07-25 07:36:00,CNR4891891597,Success,CID833735,Prime SUV,Langford Town,Hebbal,140.0,80.0,Not Applicable,Not Applicable,No,Not Applicable,444,UPI,44,4.6,3.7
2024-07-28 23:13:00,CNR3685757104,Success,CID555368,Auto,Ramamurthy Nagar,Malleshwaram,161.0,130.0,Not Applicable,Not Applicable,No,Not Applicable,416,UPI,11,4.6,3.5
2024-07-25 18:29:00,CNR9567875271,Canceled by Customer,CID440795,Mini,Kengeri,Nagarbhavi,,,Driver is not moving towards pickup location,Not Applicable,Not Applicable,Not Applicable,445,Not Applicable,0,,
2024-07-01 03:30:00,CNR9302356791,Success,CID528604,Prime Sedan,Frazer Town,Sahakar Nagar,273.0,30.0,Not Applicable,Not Applicable,No,Not Applicable,143,Cash,30,4.8,4.6
2024-07-04 13:44:00,CNR9106513473,Success,CID377149,Bike,RT Nagar,Tumkur Road,168.0,45.0,Not Applicable,Not Applicable,No,Not Applicable,288,UPI,28,3.8,3.1
2024-07-30 09:20:00,CNR7387713770,Success,CID717605,Mini,Majestic,Peenya,182.0,40.0,Not Applicable,Not Applicable,No,Not Applicable,333,UPI,37,3.8,4.4
2024-07-14 17:36:00,CNR1908304655,Success,CID905751,eBike,Magadi Road,Richmond Town,294.0,40.0,Not Applicable,Not Applicable,No,Not Applicable,361,UPI,12,4.0,3.1
2024-07-12 12:42:00,CNR5409343718,Success,CID824168,Prime Plus,Tumkur Road,Malleshwaram,245.0,35.0,Not Applicable,Not Applicable,No,Not Applicable,414,Cash,6,3.1,4.5
2024-07-02 15:30:00,CNR6337730037,Success,CID480235,eBike,Jayanagar,Kadugodi,161.0,130.0,Not Applicable,Not Applicable,No,Not Applicable,267,UPI,15,3.4,3.1
2024-07-18 03:10:00,CNR3350558895,Success,CID938461,eBike,Sahakar Nagar,Cox Town,119.0,135.0,Not Applicable,Not Applicable,No,Not Applicable,732,Cash,2,3.7,4.0
2024-07-10 09:35:00,CNR4740056426,Success,CID214196,Prime Plus,BTM Layout,Ramamurthy Nagar,273.0,25.0,Not Applicable,Not Applicable,No,Not Applicable,102,UPI,35,4.0,3.2
2024-07-28 16:57:00,CNR7105812391,Canceled by Driver,CID386258,Prime Plus,Yeshwanthpur,Koramangala,,,Not Applicable,Personal & Car related issue,Not Applicable,Not Applicable,553,Not Applicable,0,,
2024-07-11 00:23:00,CNR8937730127,Canceled by Driver,CID441895,eBike,Chickpet,Chickpet,,,Not Applicable,Customer related issue,Not Applicable,Not Applicable,106,Not Applicable,0,,
2024-07-22 06:55:00,CNR4599747028,Success,CID449000,Prime SUV,Mysore Road,Shivajinagar,210.0,45.0,Not Applicable,Not Applicable,No,Not Applicable,430,Cash,14,4.9,4.8
2024-07-14 14:27:00,CNR4917785492,Success,CID749817,Prime Plus,Shantinagar,Richmond Town,56.0,85.0,Not Applicable,Not Applicable,No,Not Applicable,148,Cash,21,3.5,3.6
2024-07-01 10:09:00,CNR4337506020,Success,CID151831,Prime Sedan,Hebbal,BTM Layout,161.0,55.0,Not Applicable,Not Applicable,No,Not Applicable,421,UPI,16,3.3,4.6
2024-07-09 23:14:00,CNR4639377905,Success,CID376696,Prime Plus,MG Road,KR Puram,112.0,145.0,Not Applicable,Not Applicable,No,Not Applicable,283,Cash,2,3.6,3.9
2024-07-26 20:10:00,CNR8667536296,Driver Not Found,CID272610,Prime Plus,RT Nagar,Sarjapur Road,,,Not Applicable,Not Applicable,Not Applicable,Not Applicable,257,Not Applicable,0,,
2024-07-24 08:01:00,CNR6417395677,Canceled by Driver,CID205172,Bike,Kengeri,Langford Town,,,Not Applicable,Personal & Car related issue,Not Applicable,Not Applicable,817,Not Applicable,0,,
2024-07-02 21:14:00,CNR5597151361,Success,CID669010,Auto,Richmond Town,Varthur,203.0,50.0,Not Applicable,Not Applicable,No,Not Applicable,496,UPI,18,4.9,4.7
2024-07-22 13:26:00,CNR8567574957,Success,CID911752,Mini,Peenya,Whitefield,217.0,75.0,Not Applicable,Not Applicable,No,Not Applicable,213,UPI,30,4.5,4.2
2024-07-04 21:42:00,CNR6125424542,Success,CID381073,Bike,RT Nagar,Bellandur,56.0,65.0,Not Applicable,Not Applicable,No,Not Applicable,733,Cash,30,4.2,4.7
2024-07-18 04:44:00,CNR6231882994,Driver Not Found,CID918040,Prime SUV,Majestic,Sarjapur Road,,,Not Applicable,Not Applicable,Not Applicable,Not Applicable,336,Not Applicable,0,,
2024-07-08 02:05:00,CNR1598373406,Success,CID523213,Prime Sedan,Ulsoor,Malleshwaram,84.0,40.0,Not Applicable,Not Applicable,No,Not Applicable,257,UPI,38,4.9,4.5
2024-07-03 20:00:00,CNR4745959141,Canceled by Driver,CID914798,Auto,Banashankari,Bellandur,,,Not Applicable,Personal & Car related issue,Not Applicable,Not Applicable,937,Not Applicable,0,,
2024-07-14 05:58:00,CNR9909496856,Driver Not Found,CID263789,Prime SUV,Banashankari,KR Puram,,,Not Applicable,Not Applicable,Not Applicable,Not Applicable,1178,Not Applicable,0,,
2024-07-05 08:27:00,CNR9190441241,Driver Not Found,CID142637,Mini,Sahakar Nagar,Koramangala,,,Not Applicable,Not Applicable,Not Applicable,Not Applicable,1232,Not Applicable,0,,
2024-07-24 16:35:00,CNR6735358901,Canceled by Driver,CID437197,Prime Sedan,Padmanabhanagar,Whitefield,,,Not Applicable,Personal & Car related issue,Not Applicable,Not Applicable,164,Not Applicable,0,,
2024-07-29 22:39:00,CNR5236101638,Success,CID901669,Bike,Tumkur Road,Nagarbhavi,70.0,55.0,Not Applicable,Not Applicable,No,Not Applicable,229,UPI,30,3.2,3.8
2024-07-09 02:55:00,CNR6538465233,Canceled by Driver,CID696084,Mini,Shivajinagar,Peenya,,,Not Applicable,Customer related issue,Not Applicable,Not Applicable,269,Not Applicable,0,,
2024-07-26 19:18:00,CNR6443475975,Success,CID625056,Auto,HSR Layout,Tumkur Road,42.0,60.0,Not Applicable,Not Applicable,No,Not Applicable,341,UPI,10,3.2,3.2
2024-07-18 00:04:00,CNR1403931268,Canceled by Driver,CID544599,Mini,Hulimavu,KR Puram,,,Not Applicable,Customer related issue,Not Applicable,Not Applicable,540,Not Applicable,0,,
2024-07-25 19:13:00,CNR2645037473,Success,CID133023,eBike,Ramamurthy Nagar,Yelahanka,35.0,140.0,Not Applicable,Not Applicable,No,Not Applicable,941,Cash,27,3.5,3.2
2024-07-28 21:26:00,CNR8740792836,Success,CID979298,Prime Sedan,Hulimavu,Shivajinagar,217.0,135.0,Not Applicable,Not Applicable,Yes,Customer Demand,1914,Cash,15,4.5,4.4
2024-07-17 22:49:00,CNR1239789834,Canceled by Driver,CID546469,eBike,Ulsoor,Chickpet,,,Not Applicable,Personal & Car related issue,Not Applicable,Not Applicable,2898,Not Applicable,0,,
2024-07-22 16:52:00,CNR5321103014,Success,CID617476,Prime Sedan,Mysore Road,Kengeri,84.0,85.0,Not Applicable,Not Applicable,No,Not Applicable,176,Cash,29,4.6,4.6
2024-07-30 20:33:00,CNR5967587708,Success,CID648007,Bike,Indiranagar,Jayanagar,294.0,125.0,Not Applicable,Not Applicable,No,Not Applicable,316,Cash,11,3.9,3.9
2024-07-30 06:24:00,CNR1286562913,Success,CID837284,Auto,RT Nagar,Koramangala,203.0,30.0,Not Applicable,Not Applicable,No,Not Applicable,157,Cash,9,4.8,4.1
2024-07-20 14:36:00,CNR8185737438,Success,CID500667,Prime Plus,Richmond Town,Bellandur,175.0,30.0,Not Applicable,Not Applicable,No,Not Applicable,352,UPI,28,4.1,4.6
2024-07-22 17:44:00,CNR2949013001,Success,CID618278,eBike,HSR Layout,Hennur,126.0,100.0,Not Applicable,Not Applicable,No,Not Applicable,858,UPI,1,3.5,3.9
2024-07-17 23:09:00,CNR1437169244,Canceled by Driver,CID529091,Prime Plus,Marathahalli,Varthur,,,Not Applicable,Customer related issue,Not Applicable,Not Applicable,117,Not Applicable,0,,
2024-07-23 01:09:00,CNR9203016969,Canceled by Customer,CID147657,Prime Plus,Hebbal,Koramangala,,,Change of plans,Not Applicable,Not Applicable,Not Applicable,474,Not Applicable,0,,
2024-07-02 13:31:00,CNR9010960500,Canceled by Customer,CID436620,Mini,Bellandur,Banashankari,,,Change of plans,Not Applicable,Not Applicable,Not Applicable,134,Not Applicable,0,,
2024-07-01 23:25:00,CNR4198109349,Success,CID130763,Prime SUV,Rajajinagar,Banashankari,301.0,135.0,Not Applicable,Not Applicable,No,Not Applicable,486,Cash,12,3.8,3.1
2024-07-27 23:21:00,CNR4860839384,Canceled by Driver,CID588449,Prime Sedan,Vijayanagar,Tumkur Road,,,Not Applicable,Personal & Car related issue,Not Applicable,Not Applicable,452,Not Applicable,0,,
2024-07-17 16:23:00,CNR1991069160,Canceled by Customer,CID302358,Prime Sedan,Peenya,Hosur Road,,,Change of plans,Not Applicable,Not Applicable,Not Applicable,963,Not Applicable,0,,
2024-07-25 12:32:00,CNR2583949801,Success,CID288629,eBike,Hosur Road,Banashankari,98.0,100.0,Not Applicable,Not Applicable,No,Not Applicable,243,Cash,14,3.9,4.8
2024-07-06 01:51:00,CNR1834963197,Canceled by Driver,CID611025,Prime SUV,Yeshwanthpur,Shivajinagar,,,Not Applicable,Customer was coughing/sick,Not Applicable,Not Applicable,296,Not Applicable,0,,
2024-07-28 09:31:00,CNR8556050787,Success,CID596298,Mini,Cox Town,JP Nagar,280.0,135.0,Not Applicable,Not Applicable,No,Not Applicable,210,UPI,37,4.9,4.3
2024-07-02 18:36:00,CNR4565952303,Canceled by Driver,CID374152,Prime Sedan,Marathahalli,Hosur Road,,,Not Applicable,Personal & Car related issue,Not Applicable,Not Applicable,239,Not Applicable,0,,
2024-07-03 04:12:00,CNR3116124679,Success,CID197525,Prime SUV,Shantinagar,Vijayanagar,273.0,145.0,Not Applicable,Not Applicable,No,Not Applicable,188,Cash,19,4.0,4.4
2024-07-28 15:35:00,CNR1165216144,Canceled by Customer,CID500504,Prime Plus,Hebbal,Whitefield,,,AC is Not working,Not Applicable,Not Applicable,Not Applicable,339,Not Applicable,0,,
2024-07-01 22:43:00,CNR2353599462,Success,CID247507,Auto,Electronic City,BTM Layout,245.0,65.0,Not Applicable,Not Applicable,No,Not Applicable,349,Cash,18,3.0,3.7
2024-07-14 01:01:00,CNR4722259031,Canceled by Driver,CID595193,Bike,Koramangala,Shantinagar,,,Not Applicable,Personal & Car related issue,Not Applicable,Not Applicable,139,Not Applicable,0,,
2024-07-04 09:14:00,CNR4835290467,Success,CID161379,eBike,JP Nagar,KR Puram,133.0,120.0,Not Applicable,Not Applicable,No,Not Applicable,265,Cash,19,4.4,3.6
2024-07-22 01:23:00,CNR9304351509,Success,CID768152,eBike,Frazer Town,Shantinagar,77.0,125.0,Not Applicable,Not Applicable,No,Not Applicable,417,Credit Card,32,3.0,4.9
2024-07-22 22:04:00,CNR9771941759,Success,CID111100,Prime Sedan,Hosur Road,KR Puram,287.0,100.0,Not Applicable,Not Applicable,No,Not Applicable,297,Cash,38,3.7,3.5
2024-07-22 15:38:00,CNR2243795300,Success,CID857640,Bike,Shivajinagar,Ramamurthy Nagar,105.0,25.0,Not Applicable,Not Applicable,No,Not Applicable,490,Cash,21,4.5,4.9
2024-07-16 03:49:00,CNR7754896384,Canceled by Customer,CID761126,Prime Plus,RT Nagar,Langford Town,,,Driver asked to cancel,Not Applicable,Not Applicable,Not Applicable,274,Not Applicable,0,,
2024-07-16 00:53:00,CNR6439501857,Success,CID257794,Prime Sedan,Hosur Road,Frazer Town,126.0,95.0,Not Applicable,Not Applicable,No,Not Applicable,225,Cash,4,4.2,3.4
2024-07-25 08:06:00,CNR6882180220,Success,CID413743,Bike,Bannerghatta Road,Cox Town,175.0,30.0,Not Applicable,Not Applicable,No,Not Applicable,472,Cash,20,4.6,4.6
2024-07-06 20:54:00,CNR8923523750,Success,CID526637,Prime Plus,Koramangala,Sahakar Nagar,217.0,75.0,Not Applicable,Not Applicable,No,Not Applicable,142,Cash,26,4.8,3.8
2024-07-03 05:31:00,CNR4429440053,Canceled by Driver,CID102705,Bike,Bellandur,Sarjapur Road,,,Not Applicable,Personal & Car related issue,Not Applicable,Not Applicable,284,Not Applicable,0,,
2024-07-08 05:45:00,CNR4181403771,Success,CID804795,eBike,Shivajinagar,Koramangala,203.0,75.0,Not Applicable,Not Applicable,No,Not Applicable,722,UPI,1,3.5,4.7
2024-07-02 17:20:00,CNR4362366265,Success,CID923537,Bike,Electronic City,Koramangala,133.0,100.0,Not Applicable,Not Applicable,No,Not Applicable,178,Cash,22,3.2,3.0
2024-07-04 04:45:00,CNR5536357253,Canceled by Customer,CID141483,eBike,Ramamurthy Nagar,Kadugodi,,,Driver is not moving towards pickup location,Not Applicable,Not Applicable,Not Applicable,2583,Not Applicable,0,,
2024-07-24 01:28:00,CNR9599142495,Success,CID759526,Prime SUV,Hennur,Bellandur,308.0,55.0,Not Applicable,Not Applicable,No,Not Applicable,633,UPI,28,4.1,5.0
2024-07-21 12:10:00,CNR1198658438,Success,CID253343,Bike,Yelahanka,Magadi Road,280.0,45.0,Not Applicable,Not Applicable,No,Not Applicable,172,Cash,1,3.8,4.7
2024-07-13 01:32:00,CNR2791018827,Success,CID320660,eBike,Rajarajeshwari Nagar,Hebbal,259.0,40.0,Not Applicable,Not Applicable,No,Not Applicable,298,Cash,39,4.4,3.3
2024-07-25 14:05:00,CNR2373878530,Success,CID816703,Bike,Chamarajpet,Majestic,154.0,125.0,Not Applicable,Not Applicable,No,Not Applicable,338,UPI,3,4.7,4.1
2024-07-15 01:39:00,CNR2355497495,Success,CID281599,Prime Sedan,Magadi Road,Hosur Road,91.0,145.0,Not Applicable,Not Applicable,No,Not Applicable,388,Cash,15,4.0,4.8
2024-07-03 09:13:00,CNR8366219238,Driver Not Found,CID406837,Prime Plus,Marathahalli,Nagarbhavi,,,Not Applicable,Not Applicable,Not Applicable,Not Applicable,200,Not Applicable,0,,
2024-07-19 07:54:00,CNR9009954642,Success,CID571272,Prime Sedan,Devanahalli,Varthur,35.0,35.0,Not Applicable,Not Applicable,No,Not Applicable,294,Cash,32,3.4,3.9
2024-07-28 06:47:00,CNR2485578301,Driver Not Found,CID494255,Prime Sedan,Chamarajpet,Rajarajeshwari Nagar,,,Not Applicable,Not Applicable,Not Applicable,Not Applicable,1828,Not Applicable,0,,
2024-07-21 04:44:00,CNR7031656073,Success,CID875269,Auto,Hosur Road,Sahakar Nagar,70.0,60.0,Not Applicable,Not Applicable,Yes,Customer Demand,1845,Cash,12,4.9,4.1
2024-07-07 11:34:00,CNR7072496788,Success,CID471165,Mini,Vijayanagar,Bannerghatta Road,294.0,65.0,Not Applicable,Not Applicable,No,Not Applicable,266,Cash,39,4.5,4.7
2024-07-30 06:20:00,CNR5144770649,Success,CID235239,Auto,Majestic,Electronic City,259.0,110.0,Not Applicable,Not Applicable,No,Not Applicable,797,UPI,13,4.5,4.1
2024-07-09 18:04:00,CNR2814828025,Success,CID205503,Mini,Chamarajpet,Varthur,196.0,70.0,Not Applicable,Not Applicable,No,Not Applicable,461,UPI,8,3.3,3.1
2024-07-22 11:36:00,CNR8375456529,Success,CID679630,Prime Plus,Magadi Road,Tumkur Road,280.0,75.0,Not Applicable,Not Applicable,No,Not Applicable,125,UPI,2,3.1,3.9
2024-07-17 03:43:00,CNR5328168271,Success,CID147566,Prime SUV,MG Road,Indiranagar,273.0,50.0,Not Applicable,Not Applicable,No,Not Applicable,612,Cash,9,4.5,3.2
2024-07-16 09:06:00,CNR7076986003,Canceled by Customer,CID665671,Prime SUV,Peenya,Marathahalli,,,Driver is not moving towards pickup location,Not Applicable,Not Applicable,Not Applicable,920,Not Applicable,0,,
2024-07-12 16:12:00,CNR9400275771,Success,CID674430,Prime SUV,Shivajinagar,Hebbal,112.0,65.0,Not Applicable,Not Applicable,No,Not Applicable,120,Cash,19,4.9,3.1
2024-07-08 08:58:00,CNR9785354123,Success,CID438069,Bike,Ramamurthy Nagar,Rajarajeshwari Nagar,189.0,125.0,Not Applicable,Not Applicable,No,Not Applicable,882,Cash,45,4.4,3.5
2024-07-26 20:12:00,CNR4814653909,Success,CID293093,Auto,Koramangala,Shantinagar,49.0,120.0,Not Applicable,Not Applicable,No,Not Applicable,609,UPI,7,3.3,4.8
2024-07-09 10:35:00,CNR7581155872,Success,CID627468,Bike,Magadi Road,Chickpet,42.0,100.0,Not Applicable,Not Applicable,No,Not Applicable,473,UPI,42,4.8,3.2
2024-07-07 20:05:00,CNR6829070939,Success,CID898180,Prime Plus,Basavanagudi,Banashankari,189.0,90.0,Not Applicable,Not Applicable,No,Not Applicable,290,UPI,31,4.0,4.3
2024-07-01 22:46:00,CNR5249452759,Success,CID608484,Prime SUV,Chickpet,Magadi Road,287.0,95.0,Not Applicable,Not Applicable,No,Not Applicable,270,UPI,30,4.6,5.0
2024-07-12 14:50:00,CNR8383901482,Success,CID996468,Auto,Yeshwanthpur,Jayanagar,175.0,40.0,Not Applicable,Not Applicable,No,Not Applicable,961,UPI,1,3.4,4.4
2024-07-06 20:59:00,CNR3632423183,Canceled by Customer,CID671491,Prime Sedan,Jayanagar,BTM Layout,,,Driver is not moving towards pickup location,Not Applicable,Not Applicable,Not Applicable,443,Not Applicable,0,,
2024-07-05 14:23:00,CNR7156554039,Driver Not Found,CID755758,eBike,Shantinagar,HSR Layout,,,Not Applicable,Not Applicable,Not Applicable,Not Applicable,450,Not Applicable,0,,
2024-07-17 15:53:00,CNR1354510114,Canceled by Customer,CID887679,Auto,Chickpet,Jayanagar,,,Change of plans,Not Applicable,Not Applicable,Not Applicable,426,Not Applicable,0,,
2024-07-01 19:10:00,CNR4022872618,Success,CID191662,Prime Sedan,Mysore Road,Ramamurthy Nagar,119.0,135.0,Not Applicable,Not Applicable,No,Not Applicable,438,Cash,31,4.6,4.3
2024-07-04 15:08:00,CNR5131493996,Success,CID948392,Auto,Basavanagudi,Sarjapur Road,252.0,90.0,Not Applicable,Not Applicable,No,Not Applicable,245,Cash,5,3.4,3.6
2024-07-10 09:37:00,CNR8029946556,Success,CID577071,Prime SUV,Marathahalli,Whitefield,112.0,105.0,Not Applicable,Not Applicable,No,Not Applicable,794,Cash,34,4.0,4.1
2024-07-30 00:52:00,CNR4096418812,Success,CID589647,Mini,Kengeri,Frazer Town,203.0,65.0,Not Applicable,Not Applicable,No,Not Applicable,704,UPI,21,4.2,3.5
2024-07-21 16:54:00,CNR3331934338,Success,CID507207,Prime SUV,Hulimavu,Sarjapur Road,266.0,50.0,Not Applicable,Not Applicable,No,Not Applicable,337,UPI,38,3.6,4.7
2024-07-16 16:52:00,CNR3477958928,Success,CID158547,Bike,Hulimavu,Magadi Road,266.0,30.0,Not Applicable,Not Applicable,No,Not Applicable,182,Cash,1,4.9,3.8
2024-07-02 14:02:00,CNR3541255718,Success,CID510728,Mini,Tumkur Road,Indiranagar,301.0,65.0,Not Applicable,Not Applicable,No,Not Applicable,545,Cash,2,3.6,4.3
2024-07-09 10:04:00,CNR5927717241,Canceled by Driver,CID263351,Prime Plus,Bannerghatta Road,Padmanabhanagar,,,Not Applicable,Personal & Car related issue,Not Applicable,Not Applicable,371,Not Applicable,0,,
2024-07-08 17:32:00,CNR8506735905,Success,CID817121,Mini,Basavanagudi,MG Road,70.0,60.0,Not Applicable,Not Applicable,No,Not Applicable,301,Cash,14,3.2,4.7
2024-07-26 18:49:00,CNR9579783537,Success,CID186122,Prime Sedan,Shivajinagar,Bannerghatta Road,175.0,45.0,Not Applicable,Not Applicable,No,Not Applicable,593,UPI,20,3.2,3.7
2024-07-26 20:34:00,CNR5112016599,Success,CID631094,Prime Plus,Padmanabhanagar,Langford Town,63.0,105.0,Not Applicable,Not Applicable,No,Not Applicable,1948,Cash,47,4.0,3.2
2024-07-09 13:31:00,CNR9084506352,Success,CID150735,Mini,Magadi Road,Hennur,133.0,70.0,Not Applicable,Not Applicable,No,Not Applicable,530,Cash,15,4.0,4.4
2024-07-26 09:27:00,CNR6898609110,Success,CID471909,Auto,Ulsoor,Shivajinagar,42.0,100.0,Not Applicable,Not Applicable,No,Not Applicable,124,Cash,11,4.3,4.9
2024-07-18 08:49:00,CNR4974493243,Success,CID127731,Prime SUV,Rajajinagar,Bannerghatta Road,210.0,130.0,Not Applicable,Not Applicable,No,Not Applicable,492,UPI,6,5.0,4.2
2024-07-26 19:19:00,CNR1649971234,Success,CID143515,Prime Sedan,Rajajinagar,Rajajinagar,49.0,70.0,Not Applicable,Not Applicable,No,Not Applicable,178,UPI,15,3.0,3.8
2024-07-06 05:24:00,CNR3587149346,Success,CID312946,eBike,Marathahalli,Kammanahalli,140.0,75.0,Not Applicable,Not Applicable,No,Not Applicable,403,UPI,11,3.6,4.3
2024-07-10 04:26:00,CNR8073230017,Canceled by Driver,CID536083,Prime SUV,Hulimavu,Frazer Town,,,Not Applicable,Customer was coughing/sick,Not Applicable,Not Applicable,191,Not Applicable,0,,
2024-07-13 01:13:00,CNR3679168917,Success,CID177974,Bike,Tumkur Road,Sarjapur Road,126.0,130.0,Not Applicable,Not Applicable,Yes,Customer Demand,252,Cash,47,3.5,3.3
2024-07-10 17:48:00,CNR4768711912,Success,CID844005,Prime Sedan,Devanahalli,Electronic City,147.0,145.0,Not Applicable,Not Applicable,No,Not Applicable,152,Cash,35,4.2,4.4
2024-07-09 16:14:00,CNR5616241571,Success,CID967064,eBike,Sahakar Nagar,Banashankari,266.0,75.0,Not Applicable,Not Applicable,No,Not Applicable,124,Cash,44,3.6,4.7
2024-07-19 14:30:00,CNR7068812844,Success,CID980451,Mini,RT Nagar,Sarjapur Road,196.0,90.0,Not Applicable,Not Applicable,No,Not Applicable,519,Cash,49,3.7,3.5
2024-07-17 05:32:00,CNR4057189827,Success,CID206420,Prime Plus,Hosur Road,Malleshwaram,84.0,105.0,Not Applicable,Not Applicable,No,Not Applicable,1493,Cash,19,4.3,3.9
2024-07-21 07:23:00,CNR2292343771,Canceled by Customer,CID230545,Prime Plus,Basavanagudi,Koramangala,,,Driver asked to cancel,Not Applicable,Not Applicable,Not Applicable,235,Not Applicable,0,,
2024-07-27 19:50:00,CNR4161108434,Success,CID826332,Mini,Kammanahalli,Tumkur Road,287.0,40.0,Not Applicable,Not Applicable,No,Not Applicable,753,UPI,16,3.4,3.4
2024-07-26 03:11:00,CNR2453846793,Success,CID967815,Mini,Hebbal,Basavanagudi,77.0,40.0,Not Applicable,Not Applicable,No,Not Applicable,477,Credit Card,27,4.0,3.5
2024-07-16 23:44:00,CNR6813457535,Driver Not Found,CID964377,eBike,Ramamurthy Nagar,Richmond Town,,,Not Applicable,Not Applicable,Not Applicable,Not Applicable,387,Not Applicable,0,,
2024-07-28 18:14:00,CNR2831897823,Success,CID623261,Prime Plus,Yeshwanthpur,Basavanagudi,84.0,100.0,Not Applicable,Not Applicable,No,Not Applicable,949,Cash,20,4.1,3.3
2024-07-24 14:34:00,CNR7852926208,Success,CID416614,Prime Sedan,Kadugodi,Ulsoor,126.0,35.0,Not Applicable,Not Applicable,Yes,Other Issue,1363,Cash,39,4.6,3.8
2024-07-03 09:31:00,CNR5692709518,Success,CID636733,Bike,Tumkur Road,Whitefield,161.0,40.0,Not Applicable,Not Applicable,No,Not Applicable,187,UPI,14,4.0,4.5
2024-07-24 11:27:00,CNR7683807749,Canceled by Customer,CID274691,Prime SUV,Marathahalli,Whitefield,,,Driver asked to cancel,Not Applicable,Not Applicable,Not Applicable,806,Not Applicable,0,,
2024-07-16 17:30:00,CNR8125234372,Success,CID828864,Mini,Bellandur,Banashankari,203.0,50.0,Not Applicable,Not Applicable,No,Not Applicable,1762,Cash,24,4.7,3.7
2024-07-29 18:27:00,CNR8368642023,Success,CID724391,Bike,Varthur,Hennur,196.0,140.0,Not Applicable,Not Applicable,No,Not Applicable,494,UPI,19,3.8,3.9
2024-07-30 16:58:00,CNR1834593000,Canceled by Driver,CID475941,Auto,Majestic,JP Nagar,,,Not Applicable,Customer was coughing/sick,Not Applicable,Not Applicable,428,Not Applicable,0,,
2024-07-23 03:49:00,CNR2820146196,Success,CID381374,Prime SUV,Whitefield,Sarjapur Road,308.0,115.0,Not Applicable,Not Applicable,No,Not Applicable,406,Cash,13,3.8,3.9
2024-07-01 05:57:00,CNR6166238808,Driver Not Found,CID911072,eBike,Vijayanagar,Devanahalli,,,Not Applicable,Not Applicable,Not Applicable,Not Applicable,1972,Not Applicable,0,,
2024-07-05 23:53:00,CNR4295837691,Success,CID191482,Auto,Cox Town,Yeshwanthpur,84.0,130.0,Not Applicable,Not Applicable,No,Not Applicable,127,Cash,7,4.8,3.5
2024-07-19 11:06:00,CNR4914647374,Success,CID985416,Bike,Chamarajpet,Jayanagar,105.0,110.0,Not Applicable,Not Applicable,Yes,Customer Demand,452,Cash,40,3.4,3.0
2024-07-10 02:14:00,CNR5453108457,Success,CID748243,Auto,Electronic City,Hebbal,301.0,140.0,Not Applicable,Not Applicable,No,Not Applicable,101,Cash,17,3.3,4.9
2024-07-29 10:48:00,CNR8119556968,Success,CID669806,Auto,Sarjapur Road,Ulsoor,280.0,105.0,Not Applicable,Not Applicable,No,Not Applicable,465,Cash,10,3.7,3.2
2024-07-11 20:31:00,CNR2285815568,Success,CID739592,Prime Plus,Rajarajeshwari Nagar,Shantinagar,210.0,90.0,Not Applicable,Not Applicable,No,Not Applicable,809,UPI,49,3.3,4.2
2024-07-03 14:21:00,CNR4975338235,Success,CID156559,eBike,Mysore Road,Koramangala,91.0,40.0,Not Applicable,Not Applicable,No,Not Applicable,320,Cash,14,3.8,4.5
2024-07-13 17:21:00,CNR9388390181,Success,CID507515,Prime Sedan,Electronic City,BTM Layout,140.0,25.0,Not Applicable,Not Applicable,No,Not Applicable,243,Cash,48,4.5,4.6
2024-07-11 00:08:00,CNR2991494911,Success,CID942170,Prime Sedan,Mysore Road,Tumkur Road,252.0,115.0,Not Applicable,Not Applicable,No,Not Applicable,974,UPI,31,4.2,4.3
2024-07-07 17:41:00,CNR5460521827,Canceled by Driver,CID989032,Bike,Frazer Town,Shantinagar,,,Not Applicable,Customer related issue,Not Applicable,Not Applicable,236,Not Applicable,0,,
2024-07-19 23:31:00,CNR6273008408,Success,CID762675,Prime SUV,Frazer Town,Majestic,175.0,75.0,Not Applicable,Not Applicable,No,Not Applicable,833,Cash,49,4.0,4.4
2024-07-19 20:47:00,CNR7846481982,Success,CID579187,Auto,Vijayanagar,Basavanagudi,98.0,105.0,Not Applicable,Not Applicable,No,Not Applicable,901,Cash,6,4.8,4.0
2024-07-06 14:16:00,CNR1130114311,Success,CID975301,Bike,Indiranagar,Varthur,301.0,65.0,Not Applicable,Not Applicable,No,Not Applicable,488,Cash,25,4.6,3.5
2024-07-09 12:40:00,CNR5709775891,Success,CID104681,eBike,Whitefield,HSR Layout,84.0,110.0,Not Applicable,Not Applicable,No,Not Applicable,482,UPI,32,3.9,3.7
2024-07-23 19:59:00,CNR5619086167,Success,CID728198,Prime Sedan,MG Road,Hennur,154.0,140.0,Not Applicable,Not Applicable,No,Not Applicable,465,UPI,40,4.2,3.5
2024-07-29 19:16:00,CNR8875827192,Success,CID663650,Prime Sedan,Majestic,Hulimavu,266.0,45.0,Not Applicable,Not Applicable,Yes,Vehicle Breakdown,2948,Cash,5,3.7,4.1
2024-07-19 10:22:00,CNR6843028152,Success,CID104285,Prime Plus,Indiranagar,RT Nagar,189.0,30.0,Not Applicable,Not Applicable,No,Not Applicable,142,Cash,39,3.3,3.4
2024-07-12 20:56:00,CNR3006750019,Success,CID622838,Auto,Basavanagudi,Yeshwanthpur,259.0,145.0,Not Applicable,Not Applicable,No,Not Applicable,393,Cash,13,3.5,4.0
2024-07-08 21:16:00,CNR2016283812,Success,CID240934,Bike,Koramangala,Tumkur Road,238.0,95.0,Not Applicable,Not Applicable,No,Not Applicable,2861,Cash,33,4.4,3.8
2024-07-10 23:39:00,CNR2837629637,Canceled by Customer,CID431460,eBike,Malleshwaram,Langford Town,,,Driver asked to cancel,Not Applicable,Not Applicable,Not Applicable,243,Not Applicable,0,,
2024-07-30 14:44:00,CNR8369186848,Canceled by Customer,CID531937,Auto,Indiranagar,Shivajinagar,,,Driver is not moving towards pickup location,Not Applicable,Not Applicable,Not Applicable,394,Not Applicable,0,,
2024-07-18 09:04:00,CNR1023971206,Canceled by Driver,CID244645,Prime Plus,Vijayanagar,Kadugodi,,,Not Applicable,Personal & Car related issue,Not Applicable,Not Applicable,246,Not Applicable,0,,
2024-07-26 07:40:00,CNR6504399849,Canceled by Driver,CID635047,eBike,Yeshwanthpur,HSR Layout,,,Not Applicable,More than permitted people in there,Not Applicable,Not Applicable,446,Not Applicable,0,,
2024-07-18 06:04:00,CNR3754690543,Canceled by Customer,CID100272,Bike,Sarjapur Road,Richmond Town,,,Driver is not moving towards pickup location,Not Applicable,Not Applicable,Not Applicable,197,Not Applicable,0,,
2024-07-22 08:14:00,CNR6176642378,Success,CID180269,Auto,Padmanabhanagar,Hebbal,77.0,85.0,Not Applicable,Not Applicable,No,Not Applicable,147,Cash,13,3.3,3.7
2024-07-07 16:57:00,CNR1206003844,Success,CID889791,Prime Sedan,Koramangala,Banashankari,77.0,45.0,Not Applicable,Not Applicable,No,Not Applicable,142,Cash,45,3.1,4.0
2024-07-05 05:50:00,CNR7164414770,Driver Not Found,CID336712,Auto,HSR Layout,Marathahalli,,,Not Applicable,Not Applicable,Not Applicable,Not Applicable,499,Not Applicable,0,,
2024-07-18 02:05:00,CNR6822727275,Success,CID157457,Prime SUV,Ulsoor,Vijayanagar,245.0,30.0,Not Applicable,Not Applicable,No,Not Applicable,291,Cash,27,3.7,4.7
2024-07-19 15:17:00,CNR5129839509,Success,CID368039,Prime Sedan,Yelahanka,Whitefield,196.0,115.0,Not Applicable,Not Applicable,No,Not Applicable,196,Cash,10,3.7,4.1
2024-07-29 07:13:00,CNR2673351983,Success,CID599925,Prime Sedan,Sarjapur Road,Marathahalli,287.0,115.0,Not Applicable,Not Applicable,No,Not Applicable,428,Cash,5,3.0,4.3
2024-07-28 18:24:00,CNR8079495091,Success,CID616335,Prime Plus,Koramangala,Hebbal,189.0,90.0,Not Applicable,Not Applicable,No,Not Applicable,650,UPI,32,3.7,4.7
2024-07-03 19:18:00,CNR2651084580,Success,CID877318,eBike,Ramamurthy Nagar,Richmond Town,273.0,115.0,Not Applicable,Not Applicable,No,Not Applicable,2491,UPI,20,3.1,4.0
2024-07-23 07:46:00,CNR7034586529,Success,CID837015,Bike,Sarjapur Road,Hebbal,126.0,95.0,Not Applicable,Not Applicable,No,Not Applicable,438,Cash,49,3.6,4.9
2024-07-08 13:41:00,CNR4345005249,Success,CID219063,Mini,Yelahanka,Whitefield,77.0,85.0,Not Applicable,Not Applicable,No,Not Applicable,214,UPI,18,3.6,3.7
2024-07-12 19:10:00,CNR9373106166,Success,CID309790,Prime SUV,Ramamurthy Nagar,Majestic,77.0,130.0,Not Applicable,Not Applicable,No,Not Applicable,1641,Cash,29,3.4,4.4
2024-07-30 09:29:00,CNR3955605774,Success,CID889247,Prime Plus,Rajajinagar,RT Nagar,252.0,45.0,Not Applicable,Not Applicable,No,Not Applicable,779,Cash,45,3.1,4.3
2024-07-24 08:07:00,CNR8057301182,Canceled by Customer,CID640419,Prime Sedan,Peenya,Chickpet,,,AC is Not working,Not Applicable,Not Applicable,Not Applicable,344,Not Applicable,0,,
2024-07-18 16:47:00,CNR5080097828,Canceled by Driver,CID928919,Bike,Peenya,JP Nagar,,,Not Applicable,Customer related issue,Not Applicable,Not Applicable,317,Not Applicable,0,,
2024-07-29 16:35:00,CNR2595442506,Success,CID372676,Mini,Marathahalli,Koramangala,196.0,145.0,Not Applicable,Not Applicable,No,Not Applicable,470,Cash,14,4.9,4.7
2024-07-08 07:27:00,CNR5402560140,Success,CID420714,eBike,Koramangala,Basavanagudi,259.0,120.0,Not Applicable,Not Applicable,No,Not Applicable,115,UPI,12,3.6,3.8
2024-07-07 01:14:00,CNR9022885090,Success,CID146615,Auto,JP Nagar,Magadi Road,98.0,100.0,Not Applicable,Not Applicable,No,Not Applicable,658,UPI,8,4.9,3.9
2024-07-29 07:34:00,CNR1750536589,Success,CID398928,Auto,Kammanahalli,RT Nagar,308.0,85.0,Not Applicable,Not Applicable,No,Not Applicable,475,UPI,15,4.7,3.0
2024-07-12 19:10:00,CNR1428174916,Success,CID647741,Prime SUV,Padmanabhanagar,Kadugodi,112.0,80.0,Not Applicable,Not Applicable,No,Not Applicable,796,Cash,4,3.3,4.8
2024-07-28 20:11:00,CNR3152095515,Success,CID381020,Bike,Cox Town,Ulsoor,91.0,90.0,Not Applicable,Not Applicable,No,Not Applicable,848,UPI,7,3.4,4.8
2024-07-11 07:16:00,CNR7897102412,Canceled by Driver,CID297275,Prime SUV,Marathahalli,Hebbal,,,Not Applicable,Customer related issue,Not Applicable,Not Applicable,360,Not Applicable,0,,
2024-07-17 18:34:00,CNR5654442971,Success,CID238615,Bike,Chickpet,Sahakar Nagar,189.0,95.0,Not Applicable,Not Applicable,No,Not Applicable,492,Cash,11,3.1,4.4
2024-07-24 06:57:00,CNR4469283397,Success,CID748887,Prime Sedan,BTM Layout,JP Nagar,154.0,125.0,Not Applicable,Not Applicable,No,Not Applicable,469,Cash,41,4.1,3.2
2024-07-15 03:23:00,CNR6162823380,Success,CID541449,Prime Sedan,Whitefield,Richmond Town,70.0,30.0,Not Applicable,Not Applicable,No,Not Applicable,331,UPI,45,3.4,4.5
2024-07-19 22:47:00,CNR2762106518,Canceled by Driver,CID133735,Mini,Langford Town,KR Puram,,,Not Applicable,Customer related issue,Not Applicable,Not Applicable,349,Not Applicable,0,,
2024-07-13 22:15:00,CNR9950273760,Success,CID119431,Prime SUV,Varthur,Frazer Town,224.0,135.0,Not Applicable,Not Applicable,No,Not Applicable,367,UPI,12,3.4,3.3
2024-07-02 00:46:00,CNR7205576902,Canceled by Driver,CID153297,Prime Sedan,Hennur,Majestic,,,Not Applicable,More than permitted people in there,Not Applicable,Not Applicable,750,Not Applicable,0,,
2024-07-18 08:45:00,CNR5153968805,Canceled by Driver,CID221069,Mini,Indiranagar,Bellandur,,,Not Applicable,Customer was coughing/sick,Not Applicable,Not Applicable,171,Not Applicable,0,,
2024-07-24 17:17:00,CNR8372330715,Success,CID593981,Prime Sedan,Sahakar Nagar,Bellandur,105.0,105.0,Not Applicable,Not Applicable,No,Not Applicable,491,Cash,34,4.8,3.1
2024-07-16 15:39:00,CNR3062205008,Success,CID282998,Prime Plus,Peenya,Marathahalli,56.0,130.0,Not Applicable,Not Applicable,No,Not Applicable,420,Cash,39,3.4,3.9
2024-07-21 14:16:00,CNR8227472171,Success,CID416138,Bike,Hennur,Rajarajeshwari Nagar,224.0,50.0,Not Applicable,Not Applicable,No,Not Applicable,171,Cash,44,4.4,4.8
2024-07-24 03:36:00,CNR3187234740,Success,CID661804,Prime SUV,Jayanagar,Marathahalli,35.0,135.0,Not Applicable,Not Applicable,No,Not Applicable,454,UPI,24,3.5,4.9
2024-07-04 22:14:00,CNR5290070038,Canceled by Driver,CID151270,Auto,Rajajinagar,Hulimavu,,,Not Applicable,Customer related issue,Not Applicable,Not Applicable,300,Not Applicable,0,,
2024-07-26 09:36:00,CNR2970306484,Success,CID765215,Prime Sedan,Electronic City,Hulimavu,140.0,125.0,Not Applicable,Not Applicable,No,Not Applicable,152,Cash,7,4.0,4.6
2024-07-24 06:23:00,CNR5403887299,Success,CID470982,Prime Sedan,Hulimavu,Malleshwaram,84.0,140.0,Not Applicable,Not Applicable,No,Not Applicable,372,Cash,16,4.7,3.6
2024-07-09 16:32:00,CNR6815588100,Canceled by Driver,CID947311,Bike,HSR Layout,Banashankari,,,Not Applicable,Customer related issue,Not Applicable,Not Applicable,597,Not Applicable,0,,
2024-07-06 12:13:00,CNR5572294883,Success,CID911566,Prime Plus,Kengeri,Malleshwaram,56.0,145.0,Not Applicable,Not Applicable,No,Not Applicable,128,UPI,27,4.6,4.9
2024-07-15 14:06:00,CNR5703641925,Canceled by Driver,CID749531,eBike,Marathahalli,Chamarajpet,,,Not Applicable,Customer related issue,Not Applicable,Not Applicable,150,Not Applicable,0,,
2024-07-25 06:16:00,CNR2048489135,Success,CID459433,eBike,Rajajinagar,Varthur,196.0,125.0,Not Applicable,Not Applicable,No,Not Applicable,463,Cash,15,3.1,3.3
2024-07-11 21:25:00,CNR4163917311,Driver Not Found,CID590351,Bike,Majestic,Jayanagar,,,Not Applicable,Not Applicable,Not Applicable,Not Applicable,2994,Not Applicable,0,,
2024-07-30 16:37:00,CNR4868191308,Success,CID685275,Prime Plus,RT Nagar,Frazer Town,196.0,30.0,Not Applicable,Not Applicable,No,Not Applicable,455,UPI,13,4.5,4.9
2024-07-09 17:53:00,CNR1538029344,Canceled by Driver,CID583631,Prime SUV,Kammanahalli,Kadugodi,,,Not Applicable,Customer was coughing/sick,Not Applicable,Not Applicable,343,Not Applicable,0,,
2024-07-14 11:39:00,CNR9746571650,Success,CID493232,Bike,Ramamurthy Nagar,Jayanagar,252.0,65.0,Not Applicable,Not Applicable,No,Not Applicable,488,Cash,39,4.8,4.9
2024-07-29 01:15:00,CNR1402935325,Success,CID181692,Prime SUV,Jayanagar,Hebbal,161.0,100.0,Not Applicable,Not Applicable,No,Not Applicable,1076,UPI,34,4.6,3.5
2024-07-12 09:03:00,CNR8910804753,Success,CID340967,Prime Plus,BTM Layout,Chamarajpet,147.0,55.0,Not Applicable,Not Applicable,No,Not Applicable,135,Cash,2,3.4,3.6
2024-07-14 21:18:00,CNR5830927242,Driver Not Found,CID707895,Prime Sedan,Kammanahalli,Sahakar Nagar,,,Not Applicable,Not Applicable,Not Applicable,Not Applicable,259,Not Applicable,0,,
2024-07-01 23:26:00,CNR8206356244,Success,CID893404,Auto,Ramamurthy Nagar,Peenya,175.0,120.0,Not Applicable,Not Applicable,No,Not Applicable,987,UPI,19,3.7,3.4
2024-07-04 03:49:00,CNR9535961293,Success,CID185562,eBike,MG Road,Yeshwanthpur,35.0,30.0,Not Applicable,Not Applicable,Yes,Vehicle Breakdown,424,UPI,4,3.7,4.6
2024-07-19 04:21:00,CNR8578507746,Canceled by Driver,CID304690,Auto,Majestic,Koramangala,,,Not Applicable,Customer related issue,Not Applicable,Not Applicable,868,Not Applicable,0,,
2024-07-27 06:09:00,CNR8696053416,Success,CID814760,Auto,Electronic City,RT Nagar,133.0,40.0,Not Applicable,Not Applicable,No,Not Applicable,470,UPI,15,3.1,4.4
2024-07-26 13:07:00,CNR1840030501,Success,CID767185,Prime Plus,Electronic City,Yeshwanthpur,301.0,90.0,Not Applicable,Not Applicable,No,Not Applicable,235,Cash,49,4.3,4.9
2024-07-24 18:37:00,CNR7723481680,Canceled by Driver,CID197959,eBike,JP Nagar,Nagarbhavi,,,Not Applicable,Customer was coughing/sick,Not Applicable,Not Applicable,337,Not Applicable,0,,
2024-07-29 15:00:00,CNR4027946876,Driver Not Found,CID293360,Mini,Chamarajpet,Chamarajpet,,,Not Applicable,Not Applicable,Not Applicable,Not Applicable,421,Not Applicable,0,,
2024-07-27 16:27:00,CNR5104287939,Success,CID905034,Mini,Shivajinagar,Basavanagudi,161.0,40.0,Not Applicable,Not Applicable,No,Not Applicable,411,Cash,3,3.5,4.7
2024-07-24 06:27:00,CNR4495627321,Driver Not Found,CID485727,Bike,Devanahalli,Shivajinagar,,,Not Applicable,Not Applicable,Not Applicable,Not Applicable,451,Not Applicable,0,,
2024-07-16 23:43:00,CNR8395979300,Success,CID831646,Prime Sedan,Shantinagar,Kammanahalli,196.0,125.0,Not Applicable,Not Applicable,No,Not Applicable,343,UPI,27,4.5,4.2
2024-07-10 10:30:00,CNR6917779729,Driver Not Found,CID661014,Prime Plus,Sarjapur Road,Peenya,,,Not Applicable,Not Applicable,Not Applicable,Not Applicable,191,Not Applicable,0,,
2024-07-25 08:47:00,CNR7813682961,Success,CID354711,Mini,Frazer Town,Sahakar Nagar,105.0,145.0,Not Applicable,Not Applicable,No,Not Applicable,964,UPI,13,3.2,4.6
2024-07-15 04:19:00,CNR5712753040,Success,CID916768,Bike,Devanahalli,Hennur,259.0,130.0,Not Applicable,Not Applicable,No,Not Applicable,733,UPI,22,4.6,3.8
2024-07-14 02:13:00,CNR3028829531,Canceled by Driver,CID923982,Prime SUV,Kammanahalli,Banashankari,,,Not Applicable,More than permitted people in there,Not Applicable,Not Applicable,976,Not Applicable,0,,
2024-07-13 03:00:00,CNR2546948480,Canceled by Driver,CID823714,Auto,Rajajinagar,Yeshwanthpur,,,Not Applicable,More than permitted people in there,Not Applicable,Not Applicable,610,Not Applicable,0,,
2024-07-09 06:19:00,CNR3281613091,Success,CID375899,Auto,Padmanabhanagar,Hulimavu,105.0,110.0,Not Applicable,Not Applicable,No,Not Applicable,170,UPI,18,3.7,3.4
2024-07-30 03:23:00,CNR3802110020,Success,CID445995,Mini,Hulimavu,Bellandur,196.0,75.0,Not Applicable,Not Applicable,No,Not Applicable,202,Cash,27,3.8,3.6
2024-07-30 02:10:00,CNR1066234258,Success,CID196311,Prime Plus,Bellandur,Bannerghatta Road,308.0,105.0,Not Applicable,Not Applicable,No,Not Applicable,337,Cash,26,4.8,4.9
2024-07-29 10:40:00,CNR8914779254,Canceled by Driver,CID701308,Bike,Indiranagar,Majestic,,,Not Applicable,Customer related issue,Not Applicable,Not Applicable,435,Not Applicable,0,,
2024-07-23 03:29:00,CNR1192175558,Success,CID893280,Bike,Devanahalli,Mysore Road,105.0,55.0,Not Applicable,Not Applicable,No,Not Applicable,419,UPI,43,3.7,3.7
2024-07-06 20:08:00,CNR3918451696,Success,CID372357,Prime SUV,Ramamurthy Nagar,Frazer Town,154.0,60.0,Not Applicable,Not Applicable,No,Not Applicable,381,Credit Card,5,4.8,4.6
2024-07-09 22:10:00,CNR2787733174,Success,CID863668,Prime Sedan,Shivajinagar,Langford Town,35.0,50.0,Not Applicable,Not Applicable,No,Not Applicable,610,Cash,16,4.8,4.7
2024-07-03 18:39:00,CNR2433736511,Success,CID224621,Auto,Koramangala,Kengeri,49.0,70.0,Not Applicable,Not Applicable,Yes,Other Issue,322,UPI,11,4.2,4.9
2024-07-13 06:53:00,CNR7303176615,Canceled by Customer,CID183814,Auto,Cox Town,Rajajinagar,,,Change of plans,Not Applicable,Not Applicable,Not Applicable,433,Not Applicable,0,,
2024-07-19 00:34:00,CNR5567173176,Success,CID570612,eBike,Vijayanagar,Sahakar Nagar,147.0,95.0,Not Applicable,Not Applicable,No,Not Applicable,286,UPI,48,3.8,3.5
2024-07-03 18:21:00,CNR1325698661,Success,CID912596,Auto,Yeshwanthpur,Richmond Town,203.0,140.0,Not Applicable,Not Applicable,No,Not Applicable,830,UPI,8,3.7,3.5
2024-07-29 03:38:00,CNR7479731113,Driver Not Found,CID156881,Prime Plus,Sahakar Nagar,Jayanagar,,,Not Applicable,Not Applicable,Not Applicable,Not Applicable,299,Not Applicable,0,,
2024-07-18 08:43:00,CNR5653441871,Success,CID717108,Prime Plus,MG Road,Hosur Road,49.0,120.0,Not Applicable,Not Applicable,No,Not Applicable,392,Cash,16,3.9,3.6
2024-07-20 09:37:00,CNR7614484929,Driver Not Found,CID715572,Prime SUV,Koramangala,Kadugodi,,,Not Applicable,Not Applicable,Not Applicable,Not Applicable,572,Not Applicable,0,,
2024-07-20 14:40:00,CNR9068356914,Canceled by Customer,CID542104,Prime Sedan,Rajajinagar,Shivajinagar,,,Driver asked to cancel,Not Applicable,Not Applicable,Not Applicable,398,Not Applicable,0,,
2024-07-25 23:20:00,CNR9079002070,Success,CID192663,Mini,Varthur,Hosur Road,112.0,80.0,Not Applicable,Not Applicable,No,Not Applicable,304,Cash,46,3.9,3.6
2024-07-23 16:12:00,CNR7937498113,Success,CID639308,Prime Sedan,Peenya,Hosur Road,168.0,65.0,Not Applicable,Not Applicable,No,Not Applicable,2387,Cash,32,4.4,3.5
2024-07-28 00:28:00,CNR8704547322,Canceled by Driver,CID324521,Prime Sedan,Chamarajpet,Devanahalli,,,Not Applicable,Personal & Car related issue,Not Applicable,Not Applicable,724,Not Applicable,0,,
2024-07-17 01:59:00,CNR6664923875,Canceled by Driver,CID612805,eBike,KR Puram,Whitefield,,,Not Applicable,More than permitted people in there,Not Applicable,Not Applicable,228,Not Applicable,0,,
2024-07-11 10:40:00,CNR5909883769,Success,CID861740,Bike,Whitefield,Hosur Road,238.0,135.0,Not Applicable,Not Applicable,No,Not Applicable,981,Cash,14,4.4,4.2
2024-07-04 21:21:00,CNR4775045494,Success,CID254112,Mini,MG Road,Bannerghatta Road,42.0,130.0,Not Applicable,Not Applicable,No,Not Applicable,152,Cash,9,4.5,3.7
2024-07-26 15:33:00,CNR9944291046,Canceled by Driver,CID125520,Auto,Yeshwanthpur,Langford Town,,,Not Applicable,Customer was coughing/sick,Not Applicable,Not Applicable,508,Not Applicable,0,,
2024-07-15 17:25:00,CNR8541742327,Success,CID407486,Prime Plus,Hennur,Magadi Road,49.0,105.0,Not Applicable,Not Applicable,No,Not Applicable,1371,UPI,22,3.7,4.3
2024-07-04 12:25:00,CNR1294396122,Driver Not Found,CID206359,Mini,Richmond Town,Hennur,,,Not Applicable,Not Applicable,Not Applicable,Not Applicable,910,Not Applicable,0,,
2024-07-10 14:03:00,CNR6971422059,Success,CID993755,Auto,Shivajinagar,BTM Layout,182.0,65.0,Not Applicable,Not Applicable,No,Not Applicable,512,Cash,2,4.7,3.2
2024-07-08 06:32:00,CNR8444117311,Canceled by Driver,CID521303,Bike,Mysore Road,Kammanahalli,,,Not Applicable,More than permitted people in there,Not Applicable,Not Applicable,362,Not Applicable,0,,
2024-07-11 19:07:00,CNR4715396694,Success,CID366340,eBike,Whitefield,Ulsoor,133.0,35.0,Not Applicable,Not Applicable,No,Not Applicable,1589,UPI,33,4.4,3.9
2024-07-01 08:55:00,CNR6601625023,Driver Not Found,CID917087,Prime SUV,BTM Layout,Mysore Road,,,Not Applicable,Not Applicable,Not Applicable,Not Applicable,475,Not Applicable,0,,
2024-07-16 15:53:00,CNR2603211400,Success,CID853995,Prime Sedan,Ramamurthy Nagar,Kadugodi,259.0,65.0,Not Applicable,Not Applicable,No,Not Applicable,735,UPI,25,4.2,4.2
2024-07-22 01:38:00,CNR2330903260,Success,CID482253,Bike,Electronic City,Majestic,105.0,60.0,Not Applicable,Not Applicable,No,Not Applicable,106,Cash,33,4.3,5.0
2024-07-01 13:47:00,CNR4241825114,Canceled by Customer,CID733018,Bike,Koramangala,Whitefield,,,Driver asked to cancel,Not Applicable,Not Applicable,Not Applicable,127,Not Applicable,0,,
2024-07-11 00:54:00,CNR9648694845,Success,CID254513,eBike,MG Road,Chickpet,154.0,55.0,Not Applicable,Not Applicable,Yes,Customer Demand,2041,Cash,43,3.6,4.2
2024-07-06 18:45:00,CNR3405032696,Success,CID815455,eBike,Chickpet,Marathahalli,49.0,75.0,Not Applicable,Not Applicable,No,Not Applicable,304,Cash,28,4.9,4.1
2024-07-17 00:56:00,CNR5357124603,Canceled by Driver,CID507736,Prime SUV,Varthur,Ulsoor,,,Not Applicable,Customer was coughing/sick,Not Applicable,Not Applicable,764,Not Applicable,0,,
2024-07-16 02:34:00,CNR1755331775,Success,CID507283,Prime Plus,Tumkur Road,Chickpet,189.0,125.0,Not Applicable,Not Applicable,No,Not Applicable,205,Cash,1,4.5,4.3
2024-07-26 23:00:00,CNR8740505502,Success,CID539404,Auto,HSR Layout,Hennur,70.0,25.0,Not Applicable,Not Applicable,No,Not Applicable,2846,Cash,8,3.2,4.1
2024-07-19 20:17:00,CNR9683531997,Success,CID334205,Prime Sedan,Majestic,BTM Layout,84.0,140.0,Not Applicable,Not Applicable,Yes,Vehicle Breakdown,490,UPI,34,3.5,3.8
2024-07-25 05:22:00,CNR3473212180,Success,CID873324,Prime Sedan,Bannerghatta Road,HSR Layout,168.0,140.0,Not Applicable,Not Applicable,No,Not Applicable,468,Cash,34,4.7,3.9
2024-07-06 23:53:00,CNR1115930755,Driver Not Found,CID530376,Prime Sedan,Kadugodi,Langford Town,,,Not Applicable,Not Applicable,Not Applicable,Not Applicable,802,Not Applicable,0,,
2024-07-27 19:54:00,CNR7411772907,Success,CID448421,eBike,Mysore Road,Rajarajeshwari Nagar,63.0,60.0,Not Applicable,Not Applicable,No,Not Applicable,327,Cash,15,4.9,3.1
2024-07-20 21:33:00,CNR2452141948,Canceled by Driver,CID706211,Prime Sedan,Basavanagudi,Rajajinagar,,,Not Applicable,Personal & Car related issue,Not Applicable,Not Applicable,476,Not Applicable,0,,
2024-07-30 11:19:00,CNR8460313267,Success,CID484762,Prime SUV,Hennur,Rajajinagar,77.0,50.0,Not Applicable,Not Applicable,No,Not Applicable,163,Cash,24,4.6,4.8
2024-07-01 15:12:00,CNR5790272683,Success,CID322529,Prime SUV,Jayanagar,Padmanabhanagar,217.0,70.0,Not Applicable,Not Applicable,No,Not Applicable,162,Cash,35,3.8,3.9
2024-07-02 05:08:00,CNR4242647936,Success,CID433698,Prime SUV,Indiranagar,Ramamurthy Nagar,217.0,130.0,Not Applicable,Not Applicable,No,Not Applicable,349,Cash,40,4.4,3.6
2024-07-30 02:20:00,CNR5788195834,Success,CID819535,Prime Plus,Frazer Town,MG Road,49.0,120.0,Not Applicable,Not Applicable,No,Not Applicable,277,Cash,43,3.3,3.7
2024-07-26 10:09:00,CNR3554450082,Success,CID181948,eBike,Magadi Road,Yeshwanthpur,168.0,80.0,Not Applicable,Not Applicable,No,Not Applicable,423,UPI,8,4.7,4.6
2024-07-24 17:16:00,CNR1038093671,Canceled by Driver,CID747524,Prime Sedan,Rajajinagar,Rajajinagar,,,Not Applicable,Customer related issue,Not Applicable,Not Applicable,852,Not Applicable,0,,
2024-07-25 15:32:00,CNR7640190565,Success,CID825192,eBike,Malleshwaram,Peenya,231.0,85.0,Not Applicable,Not Applicable,No,Not Applicable,275,Debit Card,28,4.1,3.4
2024-07-29 09:14:00,CNR3154908480,Canceled by Driver,CID291318,Prime SUV,Chickpet,Hennur,,,Not Applicable,Customer related issue,Not Applicable,Not Applicable,644,Not Applicable,0,,
2024-07-10 12:30:00,CNR1968183875,Success,CID731530,Prime Sedan,Ulsoor,RT Nagar,210.0,75.0,Not Applicable,Not Applicable,No,Not Applicable,360,Cash,2,3.7,3.4
2024-07-30 23:14:00,CNR3573716708,Success,CID824737,Mini,Jayanagar,Padmanabhanagar,238.0,60.0,Not Applicable,Not Applicable,No,Not Applicable,329,Cash,2,4.5,3.1
2024-07-17 06:00:00,CNR5185334609,Success,CID997336,Prime Plus,Whitefield,Hosur Road,189.0,110.0,Not Applicable,Not Applicable,No,Not Applicable,457,Cash,36,4.9,4.1
2024-07-08 11:58:00,CNR6599000551,Success,CID803854,Auto,Padmanabhanagar,Malleshwaram,294.0,35.0,Not Applicable,Not Applicable,No,Not Applicable,807,Cash,5,4.4,4.1
2024-07-24 13:46:00,CNR3280491355,Success,CID249543,Prime Sedan,Hulimavu,Sarjapur Road,42.0,55.0,Not Applicable,Not Applicable,No,Not Applicable,698,Cash,32,4.9,3.3
2024-07-16 19:03:00,CNR1255889569,Canceled by Driver,CID861613,Bike,Mysore Road,Chamarajpet,,,Not Applicable,Customer was coughing/sick,Not Applicable,Not Applicable,273,Not Applicable,0,,
2024-07-11 23:17:00,CNR5674912729,Success,CID307669,eBike,Kengeri,BTM Layout,175.0,105.0,Not Applicable,Not Applicable,No,Not Applicable,404,Cash,5,4.8,4.8
2024-07-08 14:41:00,CNR5433520827,Success,CID958842,Auto,JP Nagar,Electronic City,224.0,110.0,Not Applicable,Not Applicable,No,Not Applicable,280,Cash,13,3.5,3.9
2024-07-28 18:25:00,CNR8719641204,Canceled by Driver,CID109120,Prime Plus,Sarjapur Road,Whitefield,,,Not Applicable,Personal & Car related issue,Not Applicable,Not Applicable,686,Not Applicable,0,,
2024-07-24 21:26:00,CNR1350651871,Driver Not Found,CID787772,Auto,Yeshwanthpur,RT Nagar,,,Not Applicable,Not Applicable,Not Applicable,Not Applicable,201,Not Applicable,0,,
2024-07-28 11:00:00,CNR5004954884,Success,CID120386,Prime Plus,Tumkur Road,Hebbal,245.0,105.0,Not Applicable,Not Applicable,No,Not Applicable,400,Cash,14,3.0,4.8
2024-07-16 18:38:00,CNR3613119159,Success,CID265711,Prime Plus,HSR Layout,Rajarajeshwari Nagar,287.0,105.0,Not Applicable,Not Applicable,No,Not Applicable,380,Cash,41,4.8,3.1
2024-07-21 16:00:00,CNR3680048342,Canceled by Driver,CID548670,Prime Plus,Rajarajeshwari Nagar,BTM Layout,,,Not Applicable,Personal & Car related issue,Not Applicable,Not Applicable,443,Not Applicable,0,,
2024-07-11 08:12:00,CNR8733911996,Driver Not Found,CID883443,Bike,Hebbal,Hulimavu,,,Not Applicable,Not Applicable,Not Applicable,Not Applicable,270,Not Applicable,0,,
2024-07-02 08:02:00,CNR1191716260,Success,CID445516,Bike,Chamarajpet,BTM Layout,224.0,140.0,Not Applicable,Not Applicable,No,Not Applicable,388,Cash,33,4.1,3.2
2024-07-02 22:16:00,CNR9793041774,Success,CID911334,Bike,Richmond Town,Kengeri,245.0,105.0,Not Applicable,Not Applicable,No,Not Applicable,1073,UPI,30,3.5,4.2
2024-07-02 01:54:00,CNR9561059476,Canceled by Customer,CID764273,Bike,Chickpet,Shivajinagar,,,Driver is not moving towards pickup location,Not Applicable,Not Applicable,Not Applicable,426,Not Applicable,0,,
2024-07-14 18:40:00,CNR6997090133,Driver Not Found,CID829093,eBike,Kengeri,Rajarajeshwari Nagar,,,Not Applicable,Not Applicable,Not Applicable,Not Applicable,207,Not Applicable,0,,
2024-07-21 09:56:00,CNR1771429557,Success,CID222407,Mini,HSR Layout,Yeshwanthpur,294.0,145.0,Not Applicable,Not Applicable,No,Not Applicable,422,Cash,13,5.0,4.7
2024-07-19 07:19:00,CNR3800687677,Success,CID745833,Prime Plus,Magadi Road,Marathahalli,231.0,95.0,Not Applicable,Not Applicable,No,Not Applicable,440,UPI,41,4.6,3.9
2024-07-21 04:41:00,CNR2486476300,Success,CID269334,Auto,Shivajinagar,Ramamurthy Nagar,112.0,115.0,Not Applicable,Not Applicable,No,Not Applicable,446,UPI,16,4.5,3.2
2024-07-29 20:57:00,CNR5092914745,Success,CID281959,Prime Sedan,Majestic,Majestic,49.0,65.0,Not Applicable,Not Applicable,No,Not Applicable,237,Cash,6,4.8,4.4
2024-07-01 15:48:00,CNR1446132603,Canceled by Driver,CID670825,Prime Sedan,Kadugodi,Hebbal,,,Not Applicable,Customer related issue,Not Applicable,Not Applicable,489,Not Applicable,0,,
2024-07-17 15:58:00,CNR5952708721,Canceled by Driver,CID354585,Prime SUV,Banashankari,Chickpet,,,Not Applicable,Personal & Car related issue,Not Applicable,Not Applicable,306,Not Applicable,0,,
2024-07-04 18:29:00,CNR6700570425,Success,CID727437,Prime Sedan,Rajajinagar,Bannerghatta Road,175.0,75.0,Not Applicable,Not Applicable,No,Not Applicable,352,Cash,35,3.5,4.9
2024-07-30 18:12:00,CNR8663873229,Success,CID254055,Bike,Jayanagar,HSR Layout,259.0,50.0,Not Applicable,Not Applicable,No,Not Applicable,991,Cash,37,3.1,3.3
2024-07-08 10:04:00,CNR2164012590,Success,CID160391,eBike,Bellandur,Electronic City,182.0,80.0,Not Applicable,Not Applicable,No,Not Applicable,352,Credit Card,8,4.7,4.3
2024-07-21 03:35:00,CNR9802390441,Success,CID160031,Mini,Langford Town,Malleshwaram,175.0,90.0,Not Applicable,Not Applicable,No,Not Applicable,469,UPI,10,4.6,3.5
2024-07-29 18:49:00,CNR4003911218,Success,CID728925,Bike,Kadugodi,Varthur,252.0,80.0,Not Applicable,Not Applicable,No,Not Applicable,329,UPI,6,4.1,3.5
2024-07-08 04:36:00,CNR1472964197,Canceled by Driver,CID675752,Prime Plus,Banashankari,Varthur,,,Not Applicable,Personal & Car related issue,Not Applicable,Not Applicable,250,Not Applicable,0,,
2024-07-01 15:56:00,CNR3213805395,Success,CID567924,eBike,Mysore Road,Rajajinagar,266.0,80.0,Not Applicable,Not Applicable,No,Not Applicable,461,UPI,39,4.8,4.1
2024-07-05 09:49:00,CNR1023471541,Success,CID745408,Prime Plus,Ulsoor,Langford Town,126.0,85.0,Not Applicable,Not Applicable,No,Not Applicable,611,UPI,47,3.5,4.5
2024-07-30 20:22:00,CNR8661229411,Success,CID127873,Prime Sedan,Hosur Road,Kadugodi,77.0,135.0,Not Applicable,Not Applicable,No,Not Applicable,680,UPI,11,4.0,3.8
2024-07-19 20:44:00,CNR5410711490,Success,CID537860,Prime Plus,Padmanabhanagar,Devanahalli,224.0,140.0,Not Applicable,Not Applicable,No,Not Applicable,360,Cash,11,4.9,4.8
2024-07-30 02:46:00,CNR3733255547,Canceled by Driver,CID122266,Mini,Marathahalli,Basavanagudi,,,Not Applicable,Customer related issue,Not Applicable,Not Applicable,195,Not Applicable,0,,
2024-07-04 22:23:00,CNR5146467010,Success,CID358567,Prime Sedan,Hosur Road,JP Nagar,182.0,105.0,Not Applicable,Not Applicable,Yes,Vehicle Breakdown,418,Cash,15,3.2,3.3
2024-07-25 07:42:00,CNR8500122855,Success,CID476101,Prime Sedan,Frazer Town,Ramamurthy Nagar,56.0,100.0,Not Applicable,Not Applicable,No,Not Applicable,173,Cash,42,3.5,3.3
2024-07-28 01:11:00,CNR1876837170,Success,CID172807,Auto,Hosur Road,Mysore Road,182.0,60.0,Not Applicable,Not Applicable,No,Not Applicable,102,UPI,16,3.7,3.2
2024-07-05 07:29:00,CNR9266488954,Success,CID245194,Prime Sedan,Sahakar Nagar,JP Nagar,63.0,65.0,Not Applicable,Not Applicable,No,Not Applicable,487,Cash,24,3.1,4.2
2024-07-05 14:46:00,CNR1559142335,Success,CID272763,Prime Plus,Ramamurthy Nagar,Jayanagar,245.0,45.0,Not Applicable,Not Applicable,No,Not Applicable,426,UPI,12,4.5,4.5
2024-07-12 15:54:00,CNR4743794433,Canceled by Driver,CID975487,Prime Sedan,Hosur Road,Shivajinagar,,,Not Applicable,Personal & Car related issue,Not Applicable,Not Applicable,394,Not Applicable,0,,
2024-07-20 21:46:00,CNR4809831362,Success,CID320786,eBike,KR Puram,KR Puram,245.0,105.0,Not Applicable,Not Applicable,No,Not Applicable,330,Cash,31,3.8,4.7
2024-07-26 06:58:00,CNR2447898164,Success,CID762723,Prime SUV,Malleshwaram,Kengeri,126.0,25.0,Not Applicable,Not Applicable,No,Not Applicable,408,UPI,40,4.2,4.9
2024-07-21 20:25:00,CNR6737631007,Canceled by Customer,CID429819,Mini,Varthur,Frazer Town,,,Change of plans,Not Applicable,Not Applicable,Not Applicable,364,Not Applicable,0,,
2024-07-28 22:27:00,CNR9208826040,Success,CID213601,eBike,Kengeri,Whitefield,308.0,50.0,Not Applicable,Not Applicable,No,Not Applicable,211,Cash,20,4.9,3.5
2024-07-13 15:54:00,CNR1047515550,Success,CID426092,Auto,Jayanagar,Electronic City,287.0,30.0,Not Applicable,Not Applicable,No,Not Applicable,493,Cash,1,3.5,4.0
2024-07-04 01:26:00,CNR9737875627,Success,CID224891,Bike,Basavanagudi,Cox Town,112.0,55.0,Not Applicable,Not Applicable,No,Not Applicable,495,Cash,28,4.0,4.7
2024-07-02 08:03:00,CNR4626297187,Driver Not Found,CID588289,Bike,KR Puram,Banashankari,,,Not Applicable,Not Applicable,Not Applicable,Not Applicable,600,Not Applicable,0,,
2024-07-02 11:59:00,CNR3662081630,Success,CID502024,Prime Plus,Nagarbhavi,Kengeri,112.0,105.0,Not Applicable,Not Applicable,No,Not Applicable,339,UPI,5,3.7,3.7
2024-07-30 23:02:00,CNR5165551820,Canceled by Driver,CID597579,Bike,Hosur Road,Varthur,,,Not Applicable,Customer was coughing/sick,Not Applicable,Not Applicable,1788,Not Applicable,0,,
2024-07-05 05:18:00,CNR6588869208,Canceled by Driver,CID202438,Prime Sedan,Kengeri,Hulimavu,,,Not Applicable,More than permitted people in there,Not Applicable,Not Applicable,149,Not Applicable,0,,
2024-07-06 20:16:00,CNR3748101110,Success,CID599479,eBike,Hosur Road,Sahakar Nagar,231.0,80.0,Not Applicable,Not Applicable,No,Not Applicable,845,UPI,16,3.7,3.5
2024-07-17 16:33:00,CNR1235522714,Canceled by Driver,CID606969,Auto,Richmond Town,Varthur,,,Not Applicable,More than permitted people in there,Not Applicable,Not Applicable,1071,Not Applicable,0,,
2024-07-11 19:18:00,CNR8754982156,Success,CID588169,eBike,Majestic,Basavanagudi,77.0,60.0,Not Applicable,Not Applicable,No,Not Applicable,473,UPI,7,3.6,3.6
2024-07-05 00:45:00,CNR8057147085,Success,CID463516,Bike,Padmanabhanagar,MG Road,35.0,125.0,Not Applicable,Not Applicable,Yes,Customer Demand,454,UPI,1,4.7,3.7
2024-07-14 19:03:00,CNR6991757094,Success,CID465178,Prime Sedan,Varthur,Banashankari,210.0,55.0,Not Applicable,Not Applicable,No,Not Applicable,725,UPI,11,4.3,4.1
2024-07-15 17:47:00,CNR3930535506,Success,CID780572,Mini,Hulimavu,Rajajinagar,133.0,45.0,Not Applicable,Not Applicable,No,Not Applicable,1862,Cash,45,4.9,3.1
2024-07-24 22:13:00,CNR4019969538,Canceled by Customer,CID850174,eBike,Langford Town,Ulsoor,,,AC is Not working,Not Applicable,Not Applicable,Not Applicable,663,Not Applicable,0,,
2024-07-12 20:06:00,CNR6981598128,Driver Not Found,CID740729,Auto,Chamarajpet,Chickpet,,,Not Applicable,Not Applicable,Not Applicable,Not Applicable,330,Not Applicable,0,,
2024-07-10 02:07:00,CNR2106791832,Success,CID286575,Mini,Hebbal,Peenya,238.0,70.0,Not Applicable,Not Applicable,No,Not Applicable,384,UPI,29,3.2,4.3
2024-07-14 14:46:00,CNR7283022429,Success,CID728975,Bike,Jayanagar,Whitefield,56.0,75.0,Not Applicable,Not Applicable,No,Not Applicable,305,Cash,21,3.3,4.9
2024-07-02 09:34:00,CNR5284780508,Canceled by Driver,CID174282,Auto,Jayanagar,Shantinagar,,,Not Applicable,Personal & Car related issue,Not Applicable,Not Applicable,558,Not Applicable,0,,
2024-07-02 22:01:00,CNR6155743541,Success,CID595520,Prime Sedan,Jayanagar,Kadugodi,252.0,145.0,Not Applicable,Not Applicable,No,Not Applicable,371,Cash,30,4.6,5.0
2024-07-08 04:12:00,CNR1396612637,Driver Not Found,CID998571,Prime Plus,RT Nagar,Basavanagudi,,,Not Applicable,Not Applicable,Not Applicable,Not Applicable,157,Not Applicable,0,,
2024-07-06 16:34:00,CNR2003814860,Success,CID578876,Prime Plus,Sarjapur Road,Yeshwanthpur,112.0,80.0,Not Applicable,Not Applicable,No,Not Applicable,340,UPI,34,5.0,3.3
2024-07-21 18:32:00,CNR1297915044,Driver Not Found,CID876510,Prime Plus,Frazer Town,Rajarajeshwari Nagar,,,Not Applicable,Not Applicable,Not Applicable,Not Applicable,282,Not Applicable,0,,
2024-07-11 02:57:00,CNR4357177339,Success,CID879183,Prime Sedan,Shantinagar,Chamarajpet,196.0,80.0,Not Applicable,Not Applicable,No,Not Applicable,208,UPI,44,4.6,3.7
2024-07-18 23:50:00,CNR6076799171,Success,CID924634,Prime Plus,Kadugodi,Marathahalli,259.0,125.0,Not Applicable,Not Applicable,No,Not Applicable,786,Cash,18,3.4,4.5
2024-07-28 03:30:00,CNR3821812043,Success,CID322311,Auto,KR Puram,Ulsoor,56.0,85.0,Not Applicable,Not Applicable,Yes,Vehicle Breakdown,390,UPI,1,3.0,4.7
2024-07-01 09:02:00,CNR4588434009,Success,CID985208,Auto,Banashankari,Ulsoor,70.0,60.0,Not Applicable,Not Applicable,No,Not Applicable,459,Cash,15,3.5,3.4
2024-07-19 09:08:00,CNR2193399226,Canceled by Customer,CID394097,Prime Plus,HSR Layout,Ramamurthy Nagar,,,Driver asked to cancel,Not Applicable,Not Applicable,Not Applicable,358,Not Applicable,0,,
2024-07-25 16:22:00,CNR2882698131,Success,CID768609,eBike,Yeshwanthpur,Rajajinagar,70.0,50.0,Not Applicable,Not Applicable,No,Not Applicable,953,UPI,34,4.3,4.0
2024-07-16 12:38:00,CNR3517149596,Driver Not Found,CID468289,Auto,Magadi Road,HSR Layout,,,Not Applicable,Not Applicable,Not Applicable,Not Applicable,373,Not Applicable,0,,
2024-07-04 07:07:00,CNR5735274168,Success,CID915643,Prime Sedan,Ramamurthy Nagar,Devanahalli,196.0,125.0,Not Applicable,Not Applicable,No,Not Applicable,370,Cash,47,3.0,4.1
2024-07-11 01:39:00,CNR8599355544,Canceled by Customer,CID736182,eBike,Bellandur,Rajajinagar,,,Change of plans,Not Applicable,Not Applicable,Not Applicable,221,Not Applicable,0,,
2024-07-19 22:55:00,CNR6014049406,Success,CID508679,Bike,Cox Town,Malleshwaram,77.0,100.0,Not Applicable,Not Applicable,No,Not Applicable,781,Cash,39,3.6,3.3
2024-07-05 07:47:00,CNR5777196217,Canceled by Driver,CID263799,Bike,Yeshwanthpur,Ramamurthy Nagar,,,Not Applicable,Customer related issue,Not Applicable,Not Applicable,116,Not Applicable,0,,
2024-07-04 21:23:00,CNR8559191406,Canceled by Driver,CID586968,Auto,Hosur Road,Jayanagar,,,Not Applicable,More than permitted people in there,Not Applicable,Not Applicable,412,Not Applicable,0,,
2024-07-27 07:23:00,CNR5874874690,Success,CID597581,Prime Plus,Nagarbhavi,Ulsoor,217.0,140.0,Not Applicable,Not Applicable,No,Not Applicable,161,Cash,38,3.0,4.8
2024-07-04 16:39:00,CNR2601522843,Success,CID590690,Prime Sedan,Hebbal,JP Nagar,154.0,135.0,Not Applicable,Not Applicable,No,Not Applicable,345,Debit Card,40,4.3,4.8
2024-07-16 14:30:00,CNR4342466291,Success,CID366360,Mini,RT Nagar,Tumkur Road,63.0,35.0,Not Applicable,Not Applicable,No,Not Applicable,613,Cash,43,4.1,3.7
2024-07-23 01:20:00,CNR4217981176,Success,CID855952,Prime Plus,Kadugodi,Kammanahalli,42.0,140.0,Not Applicable,Not Applicable,No,Not Applicable,747,UPI,31,4.5,4.7
2024-07-02 01:13:00,CNR9419288639,Canceled by Driver,CID720390,Prime Plus,Banashankari,KR Puram,,,Not Applicable,Customer related issue,Not Applicable,Not Applicable,268,Not Applicable,0,,
2024-07-27 10:27:00,CNR5190207348,Canceled by Driver,CID907008,Mini,Kadugodi,Yeshwanthpur,,,Not Applicable,Personal & Car related issue,Not Applicable,Not Applicable,450,Not Applicable,0,,
2024-07-21 06:21:00,CNR4102045564,Success,CID823601,Prime SUV,Tumkur Road,Rajarajeshwari Nagar,224.0,130.0,Not Applicable,Not Applicable,No,Not Applicable,207,Cash,46,4.1,3.2
2024-07-26 20:03:00,CNR1800352717,Success,CID632967,eBike,Yelahanka,Mysore Road,140.0,115.0,Not Applicable,Not Applicable,No,Not Applicable,479,UPI,42,3.6,4.1
2024-07-23 13:54:00,CNR6108091933,Canceled by Driver,CID450555,Bike,Vijayanagar,Magadi Road,,,Not Applicable,More than permitted people in there,Not Applicable,Not Applicable,441,Not Applicable,0,,
2024-07-16 14:56:00,CNR4652448009,Success,CID832792,eBike,Hosur Road,JP Nagar,182.0,80.0,Not Applicable,Not Applicable,No,Not Applicable,252,Cash,8,4.7,4.7
2024-07-20 22:40:00,CNR4661798707,Success,CID516414,Bike,Hosur Road,Hosur Road,133.0,95.0,Not Applicable,Not Applicable,No,Not Applicable,455,UPI,38,3.7,4.7
2024-07-21 14:38:00,CNR4539923083,Success,CID634743,Prime SUV,Yeshwanthpur,Malleshwaram,280.0,90.0,Not Applicable,Not Applicable,Yes,Vehicle Breakdown,136,UPI,15,3.1,5.0
2024-07-21 00:30:00,CNR2571595699,Success,CID811540,Prime SUV,JP Nagar,Tumkur Road,301.0,110.0,Not Applicable,Not Applicable,No,Not Applicable,251,Cash,20,3.0,4.8
2024-07-30 13:53:00,CNR7525719551,Canceled by Driver,CID352443,Prime SUV,Chamarajpet,Frazer Town,,,Not Applicable,Personal & Car related issue,Not Applicable,Not Applicable,2285,Not Applicable,0,,
2024-07-19 03:49:00,CNR3061677173,Driver Not Found,CID335386,Prime Plus,Electronic City,Basavanagudi,,,Not Applicable,Not Applicable,Not Applicable,Not Applicable,183,Not Applicable,0,,
2024-07-07 12:59:00,CNR9614162067,Success,CID921492,Auto,Ramamurthy Nagar,Jayanagar,49.0,55.0,Not Applicable,Not Applicable,No,Not Applicable,246,UPI,17,3.8,5.0
2024-07-21 09:32:00,CNR1859376819,Canceled by Customer,CID793401,Prime Plus,RT Nagar,Hebbal,,,Driver is not moving towards pickup location,Not Applicable,Not Applicable,Not Applicable,364,Not Applicable,0,,
2024-07-17 06:54:00,CNR6874751634,Success,CID728116,Prime Sedan,Indiranagar,Electronic City,196.0,45.0,Not Applicable,Not Applicable,No,Not Applicable,1097,Cash,29,4.6,4.4
2024-07-24 23:23:00,CNR4406935269,Canceled by Driver,CID854527,Auto,Banashankari,Hulimavu,,,Not Applicable,More than permitted people in there,Not Applicable,Not Applicable,2577,Not Applicable,0,,
2024-07-28 12:38:00,CNR4635136782,Success,CID972843,eBike,Basavanagudi,Yelahanka,231.0,45.0,Not Applicable,Not Applicable,No,Not Applicable,344,UPI,38,4.1,4.2
2024-07-01 09:11:00,CNR8382099853,Canceled by Driver,CID484027,Prime Sedan,Shivajinagar,Vijayanagar,,,Not Applicable,Personal & Car related issue,Not Applicable,Not Applicable,197,Not Applicable,0,,
2024-07-12 17:04:00,CNR9567672255,Canceled by Driver,CID901782,Prime SUV,Indiranagar,Chamarajpet,,,Not Applicable,Customer related issue,Not Applicable,Not Applicable,508,Not Applicable,0,,
2024-07-19 03:28:00,CNR6242654398,Canceled by Customer,CID329240,Prime SUV,Rajarajeshwari Nagar,Sahakar Nagar,,,AC is Not working,Not Applicable,Not Applicable,Not Applicable,378,Not Applicable,0,,
2024-07-01 20:53:00,CNR1341147175,Canceled by Customer,CID736438,Prime SUV,Varthur,Varthur,,,Change of plans,Not Applicable,Not Applicable,Not Applicable,493,Not Applicable,0,,
2024-07-29 20:43:00,CNR1411874729,Success,CID703746,Mini,MG Road,RT Nagar,42.0,115.0,Not Applicable,Not Applicable,No,Not Applicable,228,Debit Card,43,3.6,4.1
2024-07-28 22:15:00,CNR2907811199,Driver Not Found,CID395196,Prime Sedan,Vijayanagar,Sahakar Nagar,,,Not Applicable,Not Applicable,Not Applicable,Not Applicable,2385,Not Applicable,0,,
2024-07-20 00:40:00,CNR7784490073,Success,CID490172,Prime SUV,Basavanagudi,Bellandur,224.0,120.0,Not Applicable,Not Applicable,No,Not Applicable,875,Cash,9,3.2,4.0
2024-07-15 20:28:00,CNR5831868358,Driver Not Found,CID220231,Mini,Bannerghatta Road,Majestic,,,Not Applicable,Not Applicable,Not Applicable,Not Applicable,1588,Not Applicable,0,,
2024-07-12 13:46:00,CNR7434363242,Success,CID841961,Prime SUV,Mysore Road,Chickpet,175.0,50.0,Not Applicable,Not Applicable,No,Not Applicable,1440,Cash,30,4.2,4.0
2024-07-21 16:44:00,CNR7711180324,Success,CID730374,Mini,Richmond Town,Basavanagudi,273.0,135.0,Not Applicable,Not Applicable,Yes,Vehicle Breakdown,277,Cash,16,3.3,3.8
2024-07-05 19:40:00,CNR8886615367,Success,CID941888,Mini,HSR Layout,JP Nagar,98.0,60.0,Not Applicable,Not Applicable,No,Not Applicable,1563,UPI,21,3.0,3.5
2024-07-26 14:04:00,CNR4664608223,Canceled by Driver,CID379677,Prime Plus,Chamarajpet,Magadi Road,,,Not Applicable,Customer related issue,Not Applicable,Not Applicable,109,Not Applicable,0,,
2024-07-25 03:23:00,CNR8612558776,Success,CID727826,Auto,Jayanagar,Indiranagar,210.0,140.0,Not Applicable,Not Applicable,No,Not Applicable,360,UPI,18,4.4,5.0
2024-07-18 13:38:00,CNR1922969655,Success,CID107483,Bike,Sarjapur Road,BTM Layout,259.0,45.0,Not Applicable,Not Applicable,No,Not Applicable,375,Cash,21,3.3,4.2
2024-07-02 11:30:00,CNR8706838322,Canceled by Customer,CID796632,Prime SUV,Padmanabhanagar,Sahakar Nagar,,,AC is Not working,Not Applicable,Not Applicable,Not Applicable,413,Not Applicable,0,,
2024-07-01 15:31:00,CNR3887744608,Success,CID150510,Prime Sedan,Shivajinagar,Hennur,196.0,115.0,Not Applicable,Not Applicable,No,Not Applicable,405,Cash,23,4.5,4.2
2024-07-29 01:40:00,CNR6232915544,Success,CID219479,Prime SUV,Rajajinagar,Kammanahalli,252.0,45.0,Not Applicable,Not Applicable,No,Not Applicable,184,UPI,26,4.7,4.1
2024-07-30 10:20:00,CNR7049529128,Canceled by Customer,CID262821,eBike,Tumkur Road,Varthur,,,Change of plans,Not Applicable,Not Applicable,Not Applicable,285,Not Applicable,0,,
2024-07-30 03:14:00,CNR2776896347,Success,CID516669,Prime Sedan,JP Nagar,Yeshwanthpur,133.0,75.0,Not Applicable,Not Applicable,No,Not Applicable,340,UPI,24,4.4,4.5
2024-07-16 17:43:00,CNR5431434747,Canceled by Driver,CID105652,Prime SUV,Yeshwanthpur,Richmond Town,,,Not Applicable,Customer related issue,Not Applicable,Not Applicable,174,Not Applicable,0,,
2024-07-17 05:33:00,CNR4358457528,Canceled by Driver,CID337353,Mini,Ramamurthy Nagar,Hosur Road,,,Not Applicable,Customer related issue,Not Applicable,Not Applicable,551,Not Applicable,0,,
2024-07-15 19:55:00,CNR2933763966,Canceled by Driver,CID446913,Bike,MG Road,Kadugodi,,,Not Applicable,Customer related issue,Not Applicable,Not Applicable,204,Not Applicable,0,,
2024-07-25 08:53:00,CNR6606927723,Success,CID131270,eBike,Varthur,Nagarbhavi,245.0,45.0,Not Applicable,Not Applicable,No,Not Applicable,474,Cash,9,3.6,3.4
2024-07-17 09:22:00,CNR6198431865,Canceled by Driver,CID250372,eBike,Chamarajpet,Padmanabhanagar,,,Not Applicable,Customer related issue,Not Applicable,Not Applicable,2297,Not Applicable,0,,
2024-07-28 17:31:00,CNR7085486565,Success,CID993277,eBike,Chickpet,Hulimavu,91.0,110.0,Not Applicable,Not Applicable,No,Not Applicable,244,Cash,11,3.9,3.6
2024-07-16 21:22:00,CNR2069167408,Success,CID380268,Mini,Hosur Road,Sahakar Nagar,259.0,90.0,Not Applicable,Not Applicable,No,Not Applicable,425,Cash,35,4.5,3.9
2024-07-13 12:02:00,CNR8514212983,Success,CID803470,Auto,Bannerghatta Road,Tumkur Road,147.0,135.0,Not Applicable,Not Applicable,No,Not Applicable,117,UPI,1,3.5,4.6
2024-07-05 23:05:00,CNR8424104838,Success,CID926146,Prime SUV,Ramamurthy Nagar,Rajarajeshwari Nagar,224.0,25.0,Not Applicable,Not Applicable,No,Not Applicable,157,Cash,10,4.8,3.1
2024-07-11 04:17:00,CNR8168903914,Success,CID333955,Prime Sedan,Yeshwanthpur,Malleshwaram,182.0,50.0,Not Applicable,Not Applicable,No,Not Applicable,786,Cash,35,4.5,4.2
2024-07-19 09:00:00,CNR1981228794,Canceled by Driver,CID602965,Mini,Hosur Road,Langford Town,,,Not Applicable,More than permitted people in there,Not Applicable,Not Applicable,131,Not Applicable,0,,
2024-07-14 19:24:00,CNR5306646305,Canceled by Customer,CID820917,Auto,Sahakar Nagar,Rajarajeshwari Nagar,,,Driver is not moving towards pickup location,Not Applicable,Not Applicable,Not Applicable,995,Not Applicable,0,,
2024-07-25 10:17:00,CNR4205989516,Success,CID597081,eBike,Malleshwaram,Nagarbhavi,238.0,145.0,Not Applicable,Not Applicable,No,Not Applicable,270,UPI,3,4.9,4.2
2024-07-23 03:45:00,CNR3290486616,Success,CID962220,Mini,Bannerghatta Road,Rajarajeshwari Nagar,42.0,35.0,Not Applicable,Not Applicable,No,Not Applicable,488,Cash,11,3.0,3.7
2024-07-27 11:59:00,CNR2231771375,Canceled by Driver,CID905188,Prime Plus,JP Nagar,Tumkur Road,,,Not Applicable,Customer related issue,Not Applicable,Not Applicable,513,Not Applicable,0,,
2024-07-07 15:50:00,CNR2171759499,Driver Not Found,CID526568,Bike,Tumkur Road,Padmanabhanagar,,,Not Applicable,Not Applicable,Not Applicable,Not Applicable,203,Not Applicable,0,,
2024-07-30 16:23:00,CNR9109952826,Success,CID203618,eBike,Varthur,Hosur Road,280.0,25.0,Not Applicable,Not Applicable,No,Not Applicable,493,UPI,13,4.4,3.7
2024-07-27 19:56:00,CNR3571500528,Success,CID997728,Bike,Hebbal,Hebbal,245.0,25.0,Not Applicable,Not Applicable,No,Not Applicable,359,Cash,17,3.8,3.8
2024-07-06 06:35:00,CNR5941567776,Success,CID570404,eBike,Hosur Road,Mysore Road,119.0,25.0,Not Applicable,Not Applicable,No,Not Applicable,216,UPI,45,4.5,4.9
2024-07-25 20:14:00,CNR7906790706,Canceled by Driver,CID596719,Mini,Jayanagar,Kammanahalli,,,Not Applicable,Customer related issue,Not Applicable,Not Applicable,276,Not Applicable,0,,
2024-07-12 20:08:00,CNR9964183173,Canceled by Driver,CID579219,Prime SUV,BTM Layout,Yeshwanthpur,,,Not Applicable,Customer related issue,Not Applicable,Not Applicable,218,Not Applicable,0,,
2024-07-25 06:39:00,CNR1704651163,Success,CID514727,Prime SUV,Basavanagudi,MG Road,133.0,85.0,Not Applicable,Not Applicable,No,Not Applicable,491,UPI,41,4.1,4.0
2024-07-20 06:21:00,CNR5176496175,Canceled by Customer,CID351408,Bike,Electronic City,Padmanabhanagar,,,Driver asked to cancel,Not Applicable,Not Applicable,Not Applicable,461,Not Applicable,0,,
2024-07-21 00:57:00,CNR6796798502,Canceled by Driver,CID956332,Bike,Marathahalli,Jayanagar,,,Not Applicable,Customer was coughing/sick,Not Applicable,Not Applicable,278,Not Applicable,0,,
2024-07-01 20:21:00,CNR2074482182,Success,CID705812,Mini,Whitefield,Banashankari,98.0,90.0,Not Applicable,Not Applicable,No,Not Applicable,133,Cash,22,3.6,4.6
2024-07-16 20:56:00,CNR4296265241,Canceled by Customer,CID854838,Prime Sedan,Shivajinagar,BTM Layout,,,Driver asked to cancel,Not Applicable,Not Applicable,Not Applicable,863,Not Applicable,0,,
2024-07-13 07:18:00,CNR6075757336,Success,CID346195,Mini,Varthur,Tumkur Road,140.0,30.0,Not Applicable,Not Applicable,Yes,Other Issue,229,Cash,28,3.2,3.7
2024-07-22 18:50:00,CNR3569625609,Success,CID326496,Prime Sedan,Langford Town,Kadugodi,105.0,120.0,Not Applicable,Not Applicable,No,Not Applicable,925,Cash,40,3.9,3.8
2024-07-15 11:23:00,CNR7847954945,Success,CID828033,eBike,Whitefield,Kengeri,70.0,35.0,Not Applicable,Not Applicable,No,Not Applicable,700,UPI,2,4.0,3.2
2024-07-28 08:29:00,CNR7452140077,Success,CID288891,Prime Plus,Electronic City,Basavanagudi,217.0,110.0,Not Applicable,Not Applicable,No,Not Applicable,338,Cash,24,4.7,4.0
2024-07-14 21:09:00,CNR6166053063,Success,CID579068,Bike,Langford Town,Kadugodi,308.0,85.0,Not Applicable,Not Applicable,No,Not Applicable,959,Cash,47,3.4,3.7
2024-07-06 21:56:00,CNR1945814907,Canceled by Customer,CID699752,eBike,Sarjapur Road,Hennur,,,AC is Not working,Not Applicable,Not Applicable,Not Applicable,124,Not Applicable,0,,
2024-07-03 16:24:00,CNR3159743812,Success,CID472740,Prime SUV,Malleshwaram,Banashankari,119.0,85.0,Not Applicable,Not Applicable,No,Not Applicable,202,Cash,21,4.2,3.1
2024-07-15 01:17:00,CNR6274862675,Success,CID511208,Prime Sedan,BTM Layout,Indiranagar,203.0,70.0,Not Applicable,Not Applicable,No,Not Applicable,733,Cash,14,4.2,3.2
2024-07-30 07:55:00,CNR4532203564,Success,CID375361,Bike,Vijayanagar,Mysore Road,252.0,35.0,Not Applicable,Not Applicable,No,Not Applicable,233,Cash,34,3.5,4.6
2024-07-09 09:03:00,CNR6538197313,Success,CID582076,Mini,BTM Layout,Kammanahalli,63.0,100.0,Not Applicable,Not Applicable,No,Not Applicable,288,Cash,25,4.5,3.6
2024-07-25 19:02:00,CNR3027270191,Driver Not Found,CID715121,Auto,Malleshwaram,Ramamurthy Nagar,,,Not Applicable,Not Applicable,Not Applicable,Not Applicable,924,Not Applicable,0,,
2024-07-25 04:56:00,CNR8156947672,Success,CID539906,eBike,Kammanahalli,Banashankari,133.0,110.0,Not Applicable,Not Applicable,No,Not Applicable,1238,UPI,21,4.3,5.0
2024-07-06 12:37:00,CNR6698786392,Success,CID689455,Prime Plus,Richmond Town,Mysore Road,217.0,85.0,Not Applicable,Not Applicable,No,Not Applicable,229,Cash,10,4.7,4.1
2024-07-06 04:23:00,CNR1814287016,Canceled by Driver,CID106899,Prime SUV,Hebbal,Indiranagar,,,Not Applicable,Customer was coughing/sick,Not Applicable,Not Applicable,339,Not Applicable,0,,
2024-07-27 14:41:00,CNR8735269860,Success,CID955308,Prime SUV,Padmanabhanagar,Banashankari,203.0,100.0,Not Applicable,Not Applicable,No,Not Applicable,263,Cash,7,4.9,4.7
2024-07-05 18:03:00,CNR4444352397,Driver Not Found,CID300172,Mini,Indiranagar,Shantinagar,,,Not Applicable,Not Applicable,Not Applicable,Not Applicable,411,Not Applicable,0,,
2024-07-01 22:14:00,CNR1546889978,Success,CID812439,Auto,Hennur,Indiranagar,168.0,125.0,Not Applicable,Not Applicable,No,Not Applicable,184,Cash,13,4.9,4.6
2024-07-13 07:26:00,CNR8221299650,Success,CID970028,Bike,Yelahanka,Hosur Road,147.0,120.0,Not Applicable,Not Applicable,No,Not Applicable,485,Cash,29,3.4,4.0
2024-07-24 11:21:00,CNR8272537374,Success,CID964797,Prime SUV,Indiranagar,Kengeri,308.0,95.0,Not Applicable,Not Applicable,No,Not Applicable,222,Cash,43,4.6,4.3
2024-07-02 08:07:00,CNR2746842730,Canceled by Driver,CID261810,eBike,JP Nagar,Chickpet,,,Not Applicable,Personal & Car related issue,Not Applicable,Not Applicable,249,Not Applicable,0,,
2024-07-03 21:28:00,CNR1192303054,Success,CID236117,Auto,Yeshwanthpur,RT Nagar,308.0,135.0,Not Applicable,Not Applicable,No,Not Applicable,200,UPI,1,3.1,3.1
2024-07-16 21:53:00,CNR3545024110,Success,CID308378,Prime Sedan,MG Road,Frazer Town,245.0,100.0,Not Applicable,Not Applicable,No,Not Applicable,486,Cash,26,3.5,3.2
2024-07-22 19:47:00,CNR6048862913,Success,CID180325,Prime Sedan,Cox Town,Hulimavu,63.0,80.0,Not Applicable,Not Applicable,Yes,Customer Demand,396,Cash,47,4.5,3.4
2024-07-16 00:49:00,CNR3288994650,Success,CID396210,Auto,Koramangala,Ulsoor,98.0,95.0,Not Applicable,Not Applicable,No,Not Applicable,2145,UPI,1,4.4,4.3
2024-07-01 06:41:00,CNR9083111374,Success,CID121223,Auto,Kengeri,Majestic,196.0,70.0,Not Applicable,Not Applicable,No,Not Applicable,259,UPI,17,3.5,4.8
2024-07-11 07:57:00,CNR3278945994,Success,CID775892,eBike,Tumkur Road,BTM Layout,210.0,65.0,Not Applicable,Not Applicable,No,Not Applicable,292,Cash,35,3.5,4.5
2024-07-26 12:01:00,CNR7302891463,Canceled by Customer,CID123253,Mini,Padmanabhanagar,Langford Town,,,Driver is not moving towards pickup location,Not Applicable,Not Applicable,Not Applicable,802,Not Applicable,0,,
2024-07-27 03:32:00,CNR1300141219,Success,CID597065,Prime SUV,Whitefield,Hulimavu,224.0,65.0,Not Applicable,Not Applicable,No,Not Applicable,245,UPI,24,3.6,3.3
2024-07-26 13:27:00,CNR2171836807,Success,CID887870,Auto,KR Puram,Bellandur,112.0,60.0,Not Applicable,Not Applicable,No,Not Applicable,448,Cash,18,3.9,3.2
2024-07-17 20:50:00,CNR2106441071,Success,CID794293,Prime Plus,Devanahalli,Magadi Road,189.0,25.0,Not Applicable,Not Applicable,No,Not Applicable,102,UPI,40,4.7,4.8
2024-07-28 19:34:00,CNR3699646968,Success,CID458563,eBike,Majestic,Hulimavu,224.0,80.0,Not Applicable,Not Applicable,No,Not Applicable,208,Cash,42,4.1,4.1
2024-07-10 02:09:00,CNR4509634849,Canceled by Driver,CID559897,eBike,Banashankari,MG Road,,,Not Applicable,Customer related issue,Not Applicable,Not Applicable,736,Not Applicable,0,,
2024-07-07 13:03:00,CNR9655242145,Success,CID286077,Mini,Ulsoor,HSR Layout,273.0,105.0,Not Applicable,Not Applicable,No,Not Applicable,299,Cash,24,4.6,4.0
2024-07-21 04:29:00,CNR7188956513,Canceled by Customer,CID966409,Auto,Koramangala,Devanahalli,,,Driver is not moving towards pickup location,Not Applicable,Not Applicable,Not Applicable,2719,Not Applicable,0,,
2024-07-19 05:19:00,CNR6202144876,Canceled by Customer,CID430416,eBike,Electronic City,Kengeri,,,Change of plans,Not Applicable,Not Applicable,Not Applicable,378,Not Applicable,0,,
2024-07-29 11:47:00,CNR5116416233,Success,CID315272,Prime Sedan,Ulsoor,Rajajinagar,84.0,25.0,Not Applicable,Not Applicable,No,Not Applicable,287,Cash,4,3.3,4.7
2024-07-19 18:10:00,CNR9602456288,Success,CID945531,Auto,HSR Layout,Padmanabhanagar,49.0,125.0,Not Applicable,Not Applicable,No,Not Applicable,243,Cash,3,3.4,4.2
2024-07-28 13:59:00,CNR6584999921,Canceled by Driver,CID494196,Auto,Indiranagar,KR Puram,,,Not Applicable,Personal & Car related issue,Not Applicable,Not Applicable,150,Not Applicable,0,,
2024-07-16 18:02:00,CNR8208498529,Canceled by Customer,CID827521,Mini,Chamarajpet,Basavanagudi,,,Driver is not moving towards pickup location,Not Applicable,Not Applicable,Not Applicable,217,Not Applicable,0,,
2024-07-20 18:51:00,CNR4757583031,Canceled by Customer,CID959402,Bike,Ulsoor,Whitefield,,,Driver asked to cancel,Not Applicable,Not Applicable,Not Applicable,908,Not Applicable,0,,
2024-07-03 16:00:00,CNR5482563543,Success,CID797342,Prime Sedan,Marathahalli,JP Nagar,105.0,90.0,Not Applicable,Not Applicable,No,Not Applicable,297,Cash,17,3.7,4.2
2024-07-12 01:06:00,CNR2570678050,Canceled by Driver,CID603957,Prime SUV,Kammanahalli,KR Puram,,,Not Applicable,Personal & Car related issue,Not Applicable,Not Applicable,2023,Not Applicable,0,,
2024-07-30 10:17:00,CNR9583539578,Success,CID106643,Bike,Marathahalli,Chickpet,154.0,140.0,Not Applicable,Not Applicable,No,Not Applicable,319,Cash,30,3.4,3.4
2024-07-06 12:14:00,CNR3621610656,Canceled by Customer,CID285124,Prime Sedan,Electronic City,Electronic City,,,Wrong Address,Not Applicable,Not Applicable,Not Applicable,260,Not Applicable,0,,
2024-07-08 19:08:00,CNR3631567060,Success,CID515394,Auto,Frazer Town,Chamarajpet,245.0,85.0,Not Applicable,Not Applicable,No,Not Applicable,122,UPI,15,3.4,4.1
2024-07-29 08:34:00,CNR4574580084,Driver Not Found,CID885058,Bike,BTM Layout,Chickpet,,,Not Applicable,Not Applicable,Not Applicable,Not Applicable,195,Not Applicable,0,,
2024-07-19 03:24:00,CNR8478740721,Success,CID122091,Mini,Chamarajpet,Electronic City,147.0,55.0,Not Applicable,Not Applicable,No,Not Applicable,373,Cash,14,4.8,4.5
2024-07-24 23:53:00,CNR1328159820,Success,CID666512,Bike,Bellandur,Devanahalli,56.0,60.0,Not Applicable,Not Applicable,No,Not Applicable,377,UPI,26,4.8,4.4
2024-07-01 01:38:00,CNR6762495399,Canceled by Driver,CID792263,Auto,Banashankari,KR Puram,,,Not Applicable,Personal & Car related issue,Not Applicable,Not Applicable,474,Not Applicable,0,,
2024-07-15 12:47:00,CNR8371956331,Canceled by Customer,CID622110,Prime SUV,Padmanabhanagar,Yelahanka,,,Driver asked to cancel,Not Applicable,Not Applicable,Not Applicable,636,Not Applicable,0,,
2024-07-09 17:56:00,CNR9365665254,Canceled by Driver,CID219760,Auto,Yelahanka,Tumkur Road,,,Not Applicable,Customer was coughing/sick,Not Applicable,Not Applicable,382,Not Applicable,0,,
2024-07-18 20:52:00,CNR6505129302,Canceled by Customer,CID813336,Prime SUV,Cox Town,Cox Town,,,Driver asked to cancel,Not Applicable,Not Applicable,Not Applicable,451,Not Applicable,0,,
2024-07-26 11:27:00,CNR2217057576,Success,CID104126,Prime Plus,Sarjapur Road,Langford Town,217.0,70.0,Not Applicable,Not Applicable,No,Not Applicable,205,Cash,28,4.4,3.0
2024-07-19 12:36:00,CNR5005415985,Success,CID872899,eBike,HSR Layout,Bannerghatta Road,273.0,35.0,Not Applicable,Not Applicable,No,Not Applicable,395,Cash,49,3.0,3.0
2024-07-01 07:47:00,CNR4336026462,Canceled by Customer,CID443071,eBike,Hennur,BTM Layout,,,Driver is not moving towards pickup location,Not Applicable,Not Applicable,Not Applicable,824,Not Applicable,0,,
2024-07-10 23:53:00,CNR1355051340,Success,CID383018,Prime SUV,Rajarajeshwari Nagar,RT Nagar,49.0,45.0,Not Applicable,Not Applicable,No,Not Applicable,220,Credit Card,16,4.1,3.4
2024-07-09 03:58:00,CNR1141138625,Canceled by Driver,CID460225,Prime Sedan,Peenya,Rajajinagar,,,Not Applicable,Customer related issue,Not Applicable,Not Applicable,417,Not Applicable,0,,
2024-07-11 17:19:00,CNR2506805781,Canceled by Driver,CID274704,Auto,Rajarajeshwari Nagar,Yeshwanthpur,,,Not Applicable,Personal & Car related issue,Not Applicable,Not Applicable,495,Not Applicable,0,,
2024-07-08 05:25:00,CNR3351062437,Success,CID564658,Bike,Rajarajeshwari Nagar,Hennur,231.0,25.0,Not Applicable,Not Applicable,No,Not Applicable,221,Cash,11,3.7,4.0
2024-07-01 15:52:00,CNR9876664661,Success,CID981349,Prime Sedan,Padmanabhanagar,Ramamurthy Nagar,126.0,105.0,Not Applicable,Not Applicable,No,Not Applicable,169,Cash,26,4.1,3.1
2024-07-28 00:00:00,CNR3209305252,Canceled by Customer,CID181584,Bike,Banashankari,Chickpet,,,Driver asked to cancel,Not Applicable,Not Applicable,Not Applicable,254,Not Applicable,0,,
2024-07-15 16:02:00,CNR6756167078,Canceled by Driver,CID473716,eBike,Padmanabhanagar,Sarjapur Road,,,Not Applicable,Personal & Car related issue,Not Applicable,Not Applicable,538,Not Applicable,0,,
2024-07-29 16:16:00,CNR3529901777,Success,CID300486,Auto,Shantinagar,Hebbal,217.0,125.0,Not Applicable,Not Applicable,No,Not Applicable,1035,Cash,15,4.7,4.8
2024-07-27 02:32:00,CNR7621657827,Success,CID457703,Prime Plus,Ulsoor,Electronic City,266.0,55.0,Not Applicable,Not Applicable,No,Not Applicable,182,Cash,19,4.8,3.5
2024-07-17 07:35:00,CNR2288563013,Success,CID758709,Prime Sedan,Padmanabhanagar,BTM Layout,133.0,120.0,Not Applicable,Not Applicable,No,Not Applicable,381,Cash,37,4.7,4.4
2024-07-09 19:18:00,CNR1038839478,Canceled by Driver,CID230547,Prime Sedan,Nagarbhavi,Kadugodi,,,Not Applicable,Personal & Car related issue,Not Applicable,Not Applicable,438,Not Applicable,0,,
2024-07-14 04:46:00,CNR5228707168,Success,CID378657,Mini,Majestic,Frazer Town,42.0,95.0,Not Applicable,Not Applicable,No,Not Applicable,266,Cash,35,3.1,3.5
2024-07-28 12:04:00,CNR2214747601,Success,CID407853,Bike,Majestic,Mysore Road,182.0,100.0,Not Applicable,Not Applicable,No,Not Applicable,2575,Cash,48,3.4,3.8
2024-07-01 00:33:00,CNR2838726099,Driver Not Found,CID524150,Mini,Hennur,JP Nagar,,,Not Applicable,Not Applicable,Not Applicable,Not Applicable,194,Not Applicable,0,,
2024-07-13 12:28:00,CNR6924138174,Canceled by Driver,CID463484,Prime SUV,Rajarajeshwari Nagar,Majestic,,,Not Applicable,More than permitted people in there,Not Applicable,Not Applicable,442,Not Applicable,0,,
2024-07-16 05:44:00,CNR6850561896,Canceled by Customer,CID338002,Prime Plus,Basavanagudi,Kadugodi,,,Driver is not moving towards pickup location,Not Applicable,Not Applicable,Not Applicable,507,Not Applicable,0,,
2024-07-12 14:40:00,CNR8219116093,Success,CID678861,Prime SUV,Frazer Town,Koramangala,301.0,140.0,Not Applicable,Not Applicable,No,Not Applicable,106,Cash,33,4.2,3.9
2024-07-09 16:17:00,CNR1270056530,Success,CID262348,Mini,Bannerghatta Road,Magadi Road,133.0,60.0,Not Applicable,Not Applicable,No,Not Applicable,148,UPI,10,3.6,3.2
2024-07-15 06:49:00,CNR3055263120,Canceled by Driver,CID759532,Bike,Malleshwaram,Padmanabhanagar,,,Not Applicable,Customer related issue,Not Applicable,Not Applicable,193,Not Applicable,0,,
2024-07-04 13:15:00,CNR1708370408,Canceled by Driver,CID594347,eBike,Sahakar Nagar,Magadi Road,,,Not Applicable,More than permitted people in there,Not Applicable,Not Applicable,501,Not Applicable,0,,
2024-07-09 21:45:00,CNR4745983165,Driver Not Found,CID903758,Bike,Shantinagar,Whitefield,,,Not Applicable,Not Applicable,Not Applicable,Not Applicable,780,Not Applicable,0,,
2024-07-26 04:52:00,CNR3836294065,Success,CID104149,Prime Sedan,Hulimavu,MG Road,112.0,65.0,Not Applicable,Not Applicable,No,Not Applicable,384,Cash,43,3.7,3.3
2024-07-25 16:37:00,CNR1466647659,Success,CID180724,Prime Plus,RT Nagar,Marathahalli,189.0,110.0,Not Applicable,Not Applicable,No,Not Applicable,308,UPI,40,4.8,3.6
2024-07-11 03:25:00,CNR4947558323,Success,CID779234,Prime Plus,Banashankari,Koramangala,189.0,115.0,Not Applicable,Not Applicable,No,Not Applicable,977,UPI,3,3.2,4.7
2024-07-19 12:44:00,CNR2146019412,Success,CID742090,Prime Sedan,Vijayanagar,Jayanagar,301.0,65.0,Not Applicable,Not Applicable,No,Not Applicable,318,Cash,45,3.3,4.6
2024-07-09 12:33:00,CNR3451285081,Canceled by Driver,CID537017,Prime SUV,Electronic City,Hebbal,,,Not Applicable,Customer was coughing/sick,Not Applicable,Not Applicable,2688,Not Applicable,0,,
2024-07-17 11:29:00,CNR8574469719,Success,CID185348,Auto,Whitefield,Kammanahalli,49.0,100.0,Not Applicable,Not Applicable,No,Not Applicable,1079,UPI,3,4.2,4.0
2024-07-06 08:06:00,CNR7644698342,Canceled by Driver,CID840737,Bike,Richmond Town,Tumkur Road,,,Not Applicable,More than permitted people in there,Not Applicable,Not Applicable,337,Not Applicable,0,,
2024-07-28 17:19:00,CNR7742076685,Success,CID470023,Mini,Shivajinagar,Indiranagar,245.0,120.0,Not Applicable,Not Applicable,No,Not Applicable,630,Credit Card,36,4.7,4.0
2024-07-08 20:13:00,CNR6067036438,Canceled by Driver,CID677091,Mini,Ramamurthy Nagar,Koramangala,,,Not Applicable,More than permitted people in there,Not Applicable,Not Applicable,186,Not Applicable,0,,
2024-07-19 21:24:00,CNR8906494020,Success,CID497414,Bike,Banashankari,Majestic,161.0,55.0,Not Applicable,Not Applicable,No,Not Applicable,470,UPI,2,3.5,4.0
2024-07-13 17:40:00,CNR6019802350,Success,CID617941,Auto,Magadi Road,Nagarbhavi,63.0,30.0,Not Applicable,Not Applicable,No,Not Applicable,177,UPI,17,5.0,4.6
2024-07-05 12:05:00,CNR4502970944,Canceled by Customer,CID606806,Bike,JP Nagar,Yeshwanthpur,,,Driver asked to cancel,Not Applicable,Not Applicable,Not Applicable,168,Not Applicable,0,,
2024-07-01 11:04:00,CNR4940829636,Success,CID717784,Prime SUV,Sarjapur Road,Whitefield,70.0,100.0,Not Applicable,Not Applicable,Yes,Vehicle Breakdown,334,UPI,20,3.7,4.9
2024-07-03 19:59:00,CNR2034781985,Success,CID175941,Mini,Bannerghatta Road,Sarjapur Road,252.0,100.0,Not Applicable,Not Applicable,No,Not Applicable,230,Cash,49,4.1,3.5
2024-07-20 07:08:00,CNR5940763582,Success,CID203304,Mini,Cox Town,MG Road,98.0,95.0,Not Applicable,Not Applicable,No,Not Applicable,290,UPI,32,4.3,4.1
2024-07-13 07:17:00,CNR4126435429,Success,CID253804,Prime SUV,Koramangala,RT Nagar,112.0,40.0,Not Applicable,Not Applicable,No,Not Applicable,932,UPI,48,4.7,4.0
2024-07-07 13:18:00,CNR9476700159,Success,CID917107,eBike,Magadi Road,Hebbal,294.0,95.0,Not Applicable,Not Applicable,No,Not Applicable,411,Cash,32,4.7,4.1
2024-07-04 21:02:00,CNR4821987302,Canceled by Customer,CID482928,Prime Sedan,Shivajinagar,BTM Layout,,,Change of plans,Not Applicable,Not Applicable,Not Applicable,426,Not Applicable,0,,
2024-07-08 14:49:00,CNR6046512859,Success,CID705179,Auto,Kadugodi,HSR Layout,77.0,95.0,Not Applicable,Not Applicable,No,Not Applicable,294,UPI,2,4.1,4.1
2024-07-14 17:13:00,CNR4069926040,Canceled by Customer,CID470580,Mini,Sahakar Nagar,Bellandur,,,Change of plans,Not Applicable,Not Applicable,Not Applicable,147,Not Applicable,0,,
2024-07-09 07:00:00,CNR8007974697,Canceled by Customer,CID102749,eBike,Sarjapur Road,Richmond Town,,,Change of plans,Not Applicable,Not Applicable,Not Applicable,270,Not Applicable,0,,
2024-07-26 18:48:00,CNR1652136268,Canceled by Driver,CID150961,Auto,Cox Town,Peenya,,,Not Applicable,Personal & Car related issue,Not Applicable,Not Applicable,355,Not Applicable,0,,
2024-07-27 14:16:00,CNR9325335815,Success,CID885718,Auto,Hebbal,Hennur,42.0,85.0,Not Applicable,Not Applicable,No,Not Applicable,271,Debit Card,16,3.7,4.9
2024-07-04 21:50:00,CNR3633847882,Success,CID471210,Prime Plus,Peenya,RT Nagar,105.0,140.0,Not Applicable,Not Applicable,No,Not Applicable,630,Cash,47,3.6,3.5
2024-07-28 00:14:00,CNR1359729513,Canceled by Customer,CID842122,Prime SUV,Richmond Town,Electronic City,,,Driver is not moving towards pickup location,Not Applicable,Not Applicable,Not Applicable,323,Not Applicable,0,,
2024-07-24 17:43:00,CNR8430093032,Success,CID841439,Prime Plus,HSR Layout,Magadi Road,294.0,115.0,Not Applicable,Not Applicable,No,Not Applicable,470,Cash,24,4.5,4.8
2024-07-02 01:14:00,CNR3702581608,Success,CID222897,Auto,Whitefield,Indiranagar,105.0,25.0,Not Applicable,Not Applicable,No,Not Applicable,293,UPI,8,4.7,4.0
2024-07-01 14:07:00,CNR5720990236,Success,CID893576,Prime SUV,Malleshwaram,Yelahanka,126.0,100.0,Not Applicable,Not Applicable,No,Not Applicable,132,Cash,18,4.4,3.6
2024-07-23 11:59:00,CNR3153900771,Success,CID312428,eBike,Indiranagar,Rajajinagar,77.0,140.0,Not Applicable,Not Applicable,No,Not Applicable,265,Cash,30,3.8,4.4
2024-07-27 14:58:00,CNR2682214676,Success,CID260758,Prime SUV,Chamarajpet,Bellandur,49.0,95.0,Not Applicable,Not Applicable,No,Not Applicable,398,Cash,46,4.0,4.6
2024-07-21 13:54:00,CNR6223886038,Success,CID975598,Prime Sedan,Kadugodi,Majestic,119.0,145.0,Not Applicable,Not Applicable,No,Not Applicable,656,Cash,30,3.7,3.5
2024-07-14 08:14:00,CNR1084075778,Canceled by Customer,CID238544,Prime Plus,Magadi Road,HSR Layout,,,AC is Not working,Not Applicable,Not Applicable,Not Applicable,150,Not Applicable,0,,
2024-07-10 05:28:00,CNR1967236333,Success,CID386328,Prime Plus,BTM Layout,Devanahalli,308.0,135.0,Not Applicable,Not Applicable,No,Not Applicable,408,Cash,28,3.2,5.0
2024-07-17 14:06:00,CNR9146715107,Success,CID683688,eBike,Shantinagar,Langford Town,98.0,105.0,Not Applicable,Not Applicable,No,Not Applicable,425,Cash,30,3.0,3.8
2024-07-08 08:36:00,CNR1428045439,Success,CID492618,eBike,Koramangala,Rajajinagar,259.0,30.0,Not Applicable,Not Applicable,No,Not Applicable,224,UPI,6,3.5,3.7
2024-07-08 18:24:00,CNR1935185771,Canceled by Customer,CID637061,Bike,Hulimavu,Hulimavu,,,AC is Not working,Not Applicable,Not Applicable,Not Applicable,598,Not Applicable,0,,
2024-07-04 22:50:00,CNR2869586968,Canceled by Customer,CID256913,Prime Plus,Bellandur,RT Nagar,,,Driver asked to cancel,Not Applicable,Not Applicable,Not Applicable,493,Not Applicable,0,,
2024-07-20 07:30:00,CNR8943294017,Success,CID166927,Prime Plus,Varthur,Hebbal,77.0,140.0,Not Applicable,Not Applicable,No,Not Applicable,438,UPI,29,3.0,3.2
2024-07-10 14:23:00,CNR8031885046,Driver Not Found,CID457639,Mini,Banashankari,Shivajinagar,,,Not Applicable,Not Applicable,Not Applicable,Not Applicable,579,Not Applicable,0,,
2024-07-07 08:24:00,CNR6657094504,Canceled by Customer,CID650621,eBike,HSR Layout,Malleshwaram,,,AC is Not working,Not Applicable,Not Applicable,Not Applicable,215,Not Applicable,0,,
2024-07-26 19:57:00,CNR9186564505,Canceled by Customer,CID960935,Bike,Yeshwanthpur,Hosur Road,,,Driver is not moving towards pickup location,Not Applicable,Not Applicable,Not Applicable,1133,Not Applicable,0,,
2024-07-19 21:52:00,CNR8593082123,Success,CID341014,Prime SUV,Shantinagar,Rajarajeshwari Nagar,301.0,90.0,Not Applicable,Not Applicable,No,Not Applicable,351,Cash,16,3.3,4.8
2024-07-23 10:36:00,CNR8823627894,Success,CID814089,eBike,JP Nagar,Hennur,273.0,115.0,Not Applicable,Not Applicable,No,Not Applicable,416,Cash,7,3.9,4.9
2024-07-17 15:47:00,CNR3017088426,Success,CID353362,eBike,Ramamurthy Nagar,Tumkur Road,49.0,85.0,Not Applicable,Not Applicable,No,Not Applicable,1969,Cash,21,3.5,4.1
2024-07-07 06:00:00,CNR9799182720,Success,CID617334,Prime Sedan,Hebbal,RT Nagar,119.0,35.0,Not Applicable,Not Applicable,No,Not Applicable,463,UPI,22,4.9,4.4
2024-07-23 12:37:00,CNR2781266916,Success,CID171325,Auto,Sarjapur Road,Cox Town,224.0,65.0,Not Applicable,Not Applicable,No,Not Applicable,518,UPI,1,3.7,3.8
2024-07-09 05:05:00,CNR4391231504,Success,CID708980,Prime SUV,Rajarajeshwari Nagar,Rajajinagar,252.0,140.0,Not Applicable,Not Applicable,No,Not Applicable,832,UPI,23,3.1,4.3
2024-07-29 06:46:00,CNR7288536392,Success,CID890695,Prime Sedan,Devanahalli,Kengeri,175.0,35.0,Not Applicable,Not Applicable,No,Not Applicable,1064,UPI,45,3.7,3.8
2024-07-12 03:59:00,CNR5046791822,Success,CID192207,Mini,Yelahanka,JP Nagar,119.0,95.0,Not Applicable,Not Applicable,No,Not Applicable,114,Cash,40,4.7,4.0
2024-07-02 23:30:00,CNR2015229701,Canceled by Driver,CID348361,eBike,Hebbal,Bannerghatta Road,,,Not Applicable,Personal & Car related issue,Not Applicable,Not Applicable,582,Not Applicable,0,,
2024-07-23 20:35:00,CNR5837833475,Canceled by Driver,CID532471,Mini,Richmond Town,Kammanahalli,,,Not Applicable,Customer was coughing/sick,Not Applicable,Not Applicable,248,Not Applicable,0,,
2024-07-30 02:10:00,CNR8014382439,Driver Not Found,CID731628,Prime Plus,Yelahanka,Kadugodi,,,Not Applicable,Not Applicable,Not Applicable,Not Applicable,2155,Not Applicable,0,,
2024-07-24 19:39:00,CNR1757980526,Success,CID246824,Auto,JP Nagar,Chickpet,84.0,25.0,Not Applicable,Not Applicable,No,Not Applicable,335,Credit Card,8,3.6,3.6
2024-07-17 11:12:00,CNR9727507675,Driver Not Found,CID523695,Prime SUV,BTM Layout,Bannerghatta Road,,,Not Applicable,Not Applicable,Not Applicable,Not Applicable,2664,Not Applicable,0,,
2024-07-03 13:29:00,CNR9557363336,Success,CID609857,Mini,Hulimavu,Sahakar Nagar,301.0,105.0,Not Applicable,Not Applicable,No,Not Applicable,348,Cash,9,3.4,3.3
2024-07-16 20:37:00,CNR8170246723,Success,CID251651,eBike,Basavanagudi,MG Road,224.0,110.0,Not Applicable,Not Applicable,No,Not Applicable,815,Cash,39,4.4,3.4
2024-07-01 15:40:00,CNR4182312463,Success,CID167849,Prime SUV,BTM Layout,Basavanagudi,224.0,65.0,Not Applicable,Not Applicable,No,Not Applicable,2251,Cash,11,4.9,3.5
2024-07-23 00:07:00,CNR6382910880,Success,CID957758,eBike,Shantinagar,Jayanagar,280.0,85.0,Not Applicable,Not Applicable,No,Not Applicable,183,UPI,15,4.5,3.8
2024-07-24 14:07:00,CNR2038007340,Success,CID518261,Prime Sedan,Shivajinagar,Richmond Town,175.0,125.0,Not Applicable,Not Applicable,No,Not Applicable,260,Cash,49,4.4,3.0
2024-07-10 14:35:00,CNR6868142623,Canceled by Driver,CID609699,Bike,Electronic City,Langford Town,,,Not Applicable,Customer was coughing/sick,Not Applicable,Not Applicable,828,Not Applicable,0,,
2024-07-21 03:34:00,CNR9067633165,Driver Not Found,CID261307,Prime Plus,Whitefield,Kengeri,,,Not Applicable,Not Applicable,Not Applicable,Not Applicable,221,Not Applicable,0,,
2024-07-07 03:29:00,CNR7992108103,Driver Not Found,CID139208,Prime SUV,Richmond Town,Cox Town,,,Not Applicable,Not Applicable,Not Applicable,Not Applicable,350,Not Applicable,0,,
2024-07-24 12:10:00,CNR1627304890,Success,CID822468,Prime Plus,Ramamurthy Nagar,Bellandur,273.0,25.0,Not Applicable,Not Applicable,No,Not Applicable,232,Cash,19,3.2,4.1
2024-07-04 18:16:00,CNR3695924124,Success,CID291572,Prime SUV,BTM Layout,JP Nagar,126.0,110.0,Not Applicable,Not Applicable,No,Not Applicable,234,Cash,29,4.3,3.8
2024-07-08 16:12:00,CNR8642827702,Success,CID643560,Auto,Vijayanagar,Magadi Road,42.0,140.0,Not Applicable,Not Applicable,No,Not Applicable,319,Cash,12,4.0,3.2
2024-07-08 00:23:00,CNR7756466104,Success,CID295511,Auto,Nagarbhavi,BTM Layout,273.0,145.0,Not Applicable,Not Applicable,No,Not Applicable,324,Cash,2,4.1,4.9
2024-07-18 18:39:00,CNR2408202458,Success,CID888736,Prime Sedan,Devanahalli,Kadugodi,238.0,55.0,Not Applicable,Not Applicable,No,Not Applicable,195,Cash,33,3.8,4.0
2024-07-22 07:10:00,CNR6696030093,Success,CID172576,Prime SUV,Frazer Town,Rajajinagar,224.0,75.0,Not Applicable,Not Applicable,No,Not Applicable,1785,UPI,2,4.3,4.3
2024-07-12 07:14:00,CNR7959664814,Success,CID290556,Prime Sedan,Marathahalli,Electronic City,301.0,110.0,Not Applicable,Not Applicable,No,Not Applicable,2750,UPI,30,4.3,4.8
2024-07-16 22:34:00,CNR2081251412,Success,CID577568,Auto,HSR Layout,Bannerghatta Road,105.0,125.0,Not Applicable,Not Applicable,No,Not Applicable,111,Cash,11,4.2,3.1
2024-07-22 10:08:00,CNR5645108139,Success,CID560002,Prime SUV,Basavanagudi,Hosur Road,63.0,100.0,Not Applicable,Not Applicable,No,Not Applicable,283,UPI,3,3.3,3.6
2024-07-11 20:06:00,CNR7337162282,Driver Not Found,CID138239,Prime SUV,Bannerghatta Road,Ulsoor,,,Not Applicable,Not Applicable,Not Applicable,Not Applicable,722,Not Applicable,0,,
2024-07-21 23:34:00,CNR3405668095,Success,CID985303,Prime SUV,Frazer Town,Frazer Town,140.0,135.0,Not Applicable,Not Applicable,No,Not Applicable,620,UPI,18,3.8,4.3
2024-07-30 08:48:00,CNR7907667130,Success,CID547686,Prime Sedan,Marathahalli,Peenya,161.0,55.0,Not Applicable,Not Applicable,No,Not Applicable,659,Cash,39,4.7,4.8
2024-07-11 01:54:00,CNR6061211696,Success,CID521192,Prime SUV,Vijayanagar,Padmanabhanagar,196.0,105.0,Not Applicable,Not Applicable,No,Not Applicable,322,Cash,9,3.0,4.4
2024-07-08 09:29:00,CNR1614724073,Success,CID924125,Auto,Kengeri,Ramamurthy Nagar,147.0,35.0,Not Applicable,Not Applicable,No,Not Applicable,963,Cash,8,4.0,4.0
2024-07-25 04:43:00,CNR8528090183,Success,CID789710,Mini,MG Road,Marathahalli,140.0,100.0,Not Applicable,Not Applicable,No,Not Applicable,349,Cash,35,4.7,3.4
2024-07-02 16:44:00,CNR8320337761,Canceled by Customer,CID933310,Prime Sedan,Chickpet,Vijayanagar,,,Driver asked to cancel,Not Applicable,Not Applicable,Not Applicable,809,Not Applicable,0,,
2024-07-22 18:18:00,CNR5715046543,Success,CID659087,Prime Plus,Kadugodi,Rajarajeshwari Nagar,280.0,130.0,Not Applicable,Not Applicable,No,Not Applicable,387,Cash,11,5.0,3.9
2024-07-04 15:06:00,CNR1672753782,Success,CID914926,Bike,Hulimavu,Peenya,280.0,80.0,Not Applicable,Not Applicable,No,Not Applicable,123,UPI,41,4.5,3.2
2024-07-25 08:46:00,CNR8311037157,Success,CID851410,Auto,Kadugodi,Indiranagar,154.0,105.0,Not Applicable,Not Applicable,No,Not Applicable,310,Cash,19,4.5,3.2
2024-07-11 12:26:00,CNR3640707598,Canceled by Customer,CID276130,Mini,Chamarajpet,KR Puram,,,Change of plans,Not Applicable,Not Applicable,Not Applicable,2030,Not Applicable,0,,
2024-07-25 16:37:00,CNR1289977727,Canceled by Driver,CID570614,Prime Sedan,Basavanagudi,Tumkur Road,,,Not Applicable,Personal & Car related issue,Not Applicable,Not Applicable,113,Not Applicable,0,,
2024-07-02 11:56:00,CNR2898636426,Canceled by Driver,CID494790,Prime Sedan,RT Nagar,Kammanahalli,,,Not Applicable,Personal & Car related issue,Not Applicable,Not Applicable,296,Not Applicable,0,,
2024-07-12 09:44:00,CNR6382114083,Canceled by Customer,CID456933,Mini,Peenya,Marathahalli,,,Change of plans,Not Applicable,Not Applicable,Not Applicable,245,Not Applicable,0,,
2024-07-05 18:56:00,CNR5573926581,Driver Not Found,CID138166,Bike,Hulimavu,Yelahanka,,,Not Applicable,Not Applicable,Not Applicable,Not Applicable,844,Not Applicable,0,,
2024-07-28 05:05:00,CNR5650312505,Success,CID432203,Prime Sedan,Chickpet,Marathahalli,112.0,120.0,Not Applicable,Not Applicable,No,Not Applicable,376,Cash,32,4.0,4.6
2024-07-27 15:20:00,CNR7849961786,Success,CID881703,Prime Sedan,Electronic City,BTM Layout,49.0,110.0,Not Applicable,Not Applicable,No,Not Applicable,174,UPI,43,4.6,4.8
2024-07-27 15:19:00,CNR3630619934,Canceled by Customer,CID904341,Prime Sedan,Yelahanka,Devanahalli,,,AC is Not working,Not Applicable,Not Applicable,Not Applicable,207,Not Applicable,0,,
2024-07-17 07:06:00,CNR6555058689,Success,CID781441,Prime Plus,Chickpet,MG Road,266.0,65.0,Not Applicable,Not Applicable,No,Not Applicable,1414,Cash,1,3.5,4.1
2024-07-27 18:19:00,CNR2886103530,Driver Not Found,CID309019,Prime Plus,Ulsoor,Vijayanagar,,,Not Applicable,Not Applicable,Not Applicable,Not Applicable,418,Not Applicable,0,,
2024-07-09 10:27:00,CNR3765974011,Success,CID935357,Prime Sedan,Bannerghatta Road,Vijayanagar,84.0,145.0,Not Applicable,Not Applicable,No,Not Applicable,464,Cash,26,4.0,3.4
2024-07-03 19:17:00,CNR6787371931,Canceled by Customer,CID304435,Prime Plus,Banashankari,Langford Town,,,Driver asked to cancel,Not Applicable,Not Applicable,Not Applicable,143,Not Applicable,0,,
2024-07-09 03:04:00,CNR6857400560,Success,CID750878,Prime SUV,Yeshwanthpur,Cox Town,182.0,70.0,Not Applicable,Not Applicable,No,Not Applicable,199,UPI,3,3.0,3.1
2024-07-05 05:19:00,CNR6120880057,Success,CID360135,Auto,Varthur,Ulsoor,133.0,90.0,Not Applicable,Not Applicable,No,Not Applicable,114,Cash,19,4.8,3.9
2024-07-21 01:01:00,CNR2564544401,Canceled by Driver,CID738215,Mini,BTM Layout,Chamarajpet,,,Not Applicable,Customer was coughing/sick,Not Applicable,Not Applicable,896,Not Applicable,0,,
2024-07-08 14:21:00,CNR2069085323,Canceled by Driver,CID336624,Prime Sedan,Hebbal,Chickpet,,,Not Applicable,Personal & Car related issue,Not Applicable,Not Applicable,1003,Not Applicable,0,,
2024-07-04 13:53:00,CNR7584072291,Success,CID793284,Prime Sedan,Bellandur,HSR Layout,35.0,65.0,Not Applicable,Not Applicable,No,Not Applicable,997,Cash,9,4.2,3.5
2024-07-24 10:22:00,CNR8564041800,Driver Not Found,CID778461,Prime SUV,Whitefield,Varthur,,,Not Applicable,Not Applicable,Not Applicable,Not Applicable,436,Not Applicable,0,,
2024-07-20 06:04:00,CNR8500678004,Success,CID696629,Auto,Rajarajeshwari Nagar,Chickpet,210.0,110.0,Not Applicable,Not Applicable,No,Not Applicable,1261,Cash,8,3.4,3.0
2024-07-09 14:22:00,CNR5694384185,Success,CID683096,Auto,Shivajinagar,Yelahanka,245.0,110.0,Not Applicable,Not Applicable,No,Not Applicable,453,Cash,7,4.7,4.8
2024-07-18 19:19:00,CNR4796017852,Success,CID341326,Mini,Basavanagudi,Hennur,182.0,55.0,Not Applicable,Not Applicable,No,Not Applicable,284,UPI,22,4.2,3.2
2024-07-01 09:49:00,CNR2145123714,Canceled by Driver,CID731569,Bike,Hennur,Vijayanagar,,,Not Applicable,Customer related issue,Not Applicable,Not Applicable,1964,Not Applicable,0,,
2024-07-16 13:00:00,CNR3964129907,Success,CID375313,Mini,Bannerghatta Road,Hebbal,35.0,70.0,Not Applicable,Not Applicable,No,Not Applicable,808,Cash,48,4.0,3.6
2024-07-26 00:11:00,CNR6364290652,Success,CID491512,eBike,Mysore Road,Majestic,49.0,85.0,Not Applicable,Not Applicable,No,Not Applicable,114,Cash,22,4.8,4.0
2024-07-02 23:30:00,CNR4030107444,Canceled by Customer,CID573671,Auto,Yelahanka,Varthur,,,Driver is not moving towards pickup location,Not Applicable,Not Applicable,Not Applicable,267,Not Applicable,0,,
2024-07-09 09:13:00,CNR4034775247,Driver Not Found,CID563113,Prime Sedan,Kengeri,Nagarbhavi,,,Not Applicable,Not Applicable,Not Applicable,Not Applicable,935,Not Applicable,0,,
2024-07-04 03:17:00,CNR6600278306,Success,CID989965,Prime Sedan,Yelahanka,Devanahalli,133.0,100.0,Not Applicable,Not Applicable,No,Not Applicable,251,Cash,19,3.9,3.9
2024-07-07 08:02:00,CNR4093773024,Success,CID903697,Bike,Shantinagar,Electronic City,112.0,45.0,Not Applicable,Not Applicable,No,Not Applicable,337,UPI,38,4.2,3.6
2024-07-17 14:45:00,CNR2726036124,Success,CID953284,Prime Plus,Peenya,Kammanahalli,63.0,125.0,Not Applicable,Not Applicable,No,Not Applicable,257,Cash,23,3.7,3.8
2024-07-19 12:37:00,CNR3949969128,Success,CID655242,Prime SUV,Yelahanka,HSR Layout,49.0,75.0,Not Applicable,Not Applicable,Yes,Vehicle Breakdown,112,UPI,12,4.6,4.6
2024-07-12 18:39:00,CNR1516354484,Driver Not Found,CID918538,Prime Sedan,Frazer Town,Kengeri,,,Not Applicable,Not Applicable,Not Applicable,Not Applicable,709,Not Applicable,0,,
2024-07-25 23:38:00,CNR6824219197,Success,CID648019,Prime SUV,HSR Layout,Mysore Road,49.0,130.0,Not Applicable,Not Applicable,Yes,Customer Demand,664,Cash,17,3.3,4.5
2024-07-12 00:13:00,CNR9149114835,Canceled by Driver,CID615723,Prime Plus,Hennur,Electronic City,,,Not Applicable,Customer related issue,Not Applicable,Not Applicable,548,Not Applicable,0,,
2024-07-25 12:43:00,CNR2250786768,Canceled by Customer,CID504568,Bike,Ramamurthy Nagar,Majestic,,,Change of plans,Not Applicable,Not Applicable,Not Applicable,463,Not Applicable,0,,
2024-07-07 16:16:00,CNR2158222971,Success,CID868067,Bike,Devanahalli,Sahakar Nagar,196.0,75.0,Not Applicable,Not Applicable,No,Not Applicable,306,Cash,42,4.7,3.0
2024-07-24 05:36:00,CNR3851512779,Canceled by Customer,CID752147,Bike,HSR Layout,Rajarajeshwari Nagar,,,Driver asked to cancel,Not Applicable,Not Applicable,Not Applicable,264,Not Applicable,0,,
2024-07-07 11:41:00,CNR9354157936,Success,CID721249,Prime SUV,Shantinagar,Electronic City,119.0,45.0,Not Applicable,Not Applicable,No,Not Applicable,412,UPI,9,4.8,4.2
2024-07-11 16:32:00,CNR5171180896,Driver Not Found,CID750367,Bike,JP Nagar,Basavanagudi,,,Not Applicable,Not Applicable,Not Applicable,Not Applicable,515,Not Applicable,0,,
2024-07-28 16:32:00,CNR7234660891,Success,CID946450,Auto,Kadugodi,Yeshwanthpur,133.0,135.0,Not Applicable,Not Applicable,No,Not Applicable,155,Cash,19,4.0,3.1
2024-07-21 17:25:00,CNR6720150462,Canceled by Customer,CID881607,Mini,Sahakar Nagar,Chickpet,,,Driver asked to cancel,Not Applicable,Not Applicable,Not Applicable,313,Not Applicable,0,,
2024-07-17 02:02:00,CNR6530375060,Success,CID576555,Auto,Chickpet,Magadi Road,77.0,30.0,Not Applicable,Not Applicable,No,Not Applicable,956,Cash,13,4.3,3.5
2024-07-11 07:04:00,CNR6653154934,Success,CID480661,eBike,Sahakar Nagar,Chamarajpet,42.0,145.0,Not Applicable,Not Applicable,No,Not Applicable,409,Cash,2,4.4,5.0
2024-07-05 03:04:00,CNR3960302226,Success,CID865663,Prime Plus,Ramamurthy Nagar,MG Road,161.0,115.0,Not Applicable,Not Applicable,No,Not Applicable,238,Cash,48,4.0,3.9
2024-07-29 16:07:00,CNR6401359144,Success,CID398361,Mini,Ulsoor,Ulsoor,294.0,75.0,Not Applicable,Not Applicable,No,Not Applicable,963,Cash,43,3.7,3.7
2024-07-16 03:07:00,CNR1551945290,Success,CID412522,Prime SUV,Electronic City,Whitefield,203.0,30.0,Not Applicable,Not Applicable,Yes,Other Issue,110,Cash,48,3.0,5.0
2024-07-20 22:25:00,CNR8456375582,Driver Not Found,CID711812,eBike,HSR Layout,BTM Layout,,,Not Applicable,Not Applicable,Not Applicable,Not Applicable,342,Not Applicable,0,,
2024-07-11 06:01:00,CNR7876686470,Success,CID377494,Prime SUV,Vijayanagar,BTM Layout,168.0,30.0,Not Applicable,Not Applicable,No,Not Applicable,288,Cash,44,4.6,3.4
2024-07-05 06:45:00,CNR6766644408,Canceled by Customer,CID589109,Auto,Frazer Town,Ulsoor,,,Wrong Address,Not Applicable,Not Applicable,Not Applicable,987,Not Applicable,0,,
2024-07-12 08:46:00,CNR7976958982,Success,CID428020,Prime Plus,Varthur,Tumkur Road,231.0,140.0,Not Applicable,Not Applicable,No,Not Applicable,378,UPI,32,3.1,4.7
2024-07-28 03:37:00,CNR8622825911,Success,CID181822,Auto,Basavanagudi,Magadi Road,168.0,35.0,Not Applicable,Not Applicable,No,Not Applicable,208,Cash,6,4.1,4.1
2024-07-22 21:14:00,CNR7639889033,Success,CID982858,Auto,Hebbal,Ramamurthy Nagar,126.0,35.0,Not Applicable,Not Applicable,No,Not Applicable,651,UPI,2,4.1,3.1
2024-07-13 16:53:00,CNR6650841245,Canceled by Customer,CID569367,Mini,Varthur,KR Puram,,,Change of plans,Not Applicable,Not Applicable,Not Applicable,748,Not Applicable,0,,
2024-07-03 15:20:00,CNR4189368868,Success,CID369968,Prime SUV,Magadi Road,Kammanahalli,91.0,85.0,Not Applicable,Not Applicable,No,Not Applicable,114,Cash,3,3.6,4.2
2024-07-06 11:59:00,CNR7031295656,Success,CID524195,Bike,Kammanahalli,Sarjapur Road,112.0,45.0,Not Applicable,Not Applicable,No,Not Applicable,386,UPI,6,4.4,3.4
2024-07-19 18:07:00,CNR9623676409,Success,CID716561,Prime Plus,Cox Town,Yeshwanthpur,189.0,75.0,Not Applicable,Not Applicable,No,Not Applicable,459,Cash,9,4.5,3.9
2024-07-26 19:20:00,CNR7682487068,Driver Not Found,CID168293,eBike,Frazer Town,Sarjapur Road,,,Not Applicable,Not Applicable,Not Applicable,Not Applicable,754,Not Applicable,0,,
2024-07-22 08:03:00,CNR3597973511,Canceled by Customer,CID972915,eBike,Richmond Town,Shantinagar,,,Driver is not moving towards pickup location,Not Applicable,Not Applicable,Not Applicable,704,Not Applicable,0,,
2024-07-14 07:01:00,CNR3411422337,Success,CID654747,Prime SUV,Sarjapur Road,JP Nagar,70.0,105.0,Not Applicable,Not Applicable,No,Not Applicable,316,Cash,4,5.0,4.0
2024-07-20 01:05:00,CNR7527397916,Success,CID249819,Auto,Electronic City,Sahakar Nagar,63.0,95.0,Not Applicable,Not Applicable,No,Not Applicable,2234,UPI,14,4.0,4.9
2024-07-25 22:25:00,CNR8221128934,Success,CID916480,Prime SUV,Malleshwaram,Sahakar Nagar,119.0,50.0,Not Applicable,Not Applicable,Yes,Vehicle Breakdown,296,Cash,48,4.2,4.9
2024-07-13 23:58:00,CNR6610689130,Success,CID840378,Prime SUV,Ulsoor,Sarjapur Road,154.0,25.0,Not Applicable,Not Applicable,Yes,Vehicle Breakdown,421,Cash,34,4.7,4.6
2024-07-01 22:16:00,CNR2375084925,Success,CID239019,Prime Sedan,MG Road,Bellandur,35.0,135.0,Not Applicable,Not Applicable,No,Not Applicable,896,UPI,39,3.9,3.4
2024-07-04 23:38:00,CNR4912835236,Canceled by Driver,CID950028,Bike,Tumkur Road,Sarjapur Road,,,Not Applicable,Customer related issue,Not Applicable,Not Applicable,284,Not Applicable,0,,
2024-07-28 03:31:00,CNR9913952183,Success,CID866552,eBike,Ramamurthy Nagar,Majestic,98.0,110.0,Not Applicable,Not Applicable,Yes,Other Issue,206,UPI,11,3.4,3.7
2024-07-04 01:28:00,CNR8804564400,Success,CID812970,Prime SUV,Frazer Town,Indiranagar,238.0,85.0,Not Applicable,Not Applicable,No,Not Applicable,431,UPI,11,3.7,3.1
2024-07-26 16:08:00,CNR4824240942,Success,CID456247,Prime Sedan,Padmanabhanagar,Varthur,42.0,145.0,Not Applicable,Not Applicable,Yes,Other Issue,235,UPI,2,3.1,3.7
2024-07-07 17:25:00,CNR2102589262,Success,CID584366,Prime Sedan,Indiranagar,Hebbal,56.0,80.0,Not Applicable,Not Applicable,No,Not Applicable,400,UPI,35,3.3,4.2
2024-07-22 16:04:00,CNR2598856677,Success,CID316762,Prime Sedan,Kadugodi,Mysore Road,294.0,135.0,Not Applicable,Not Applicable,No,Not Applicable,277,Cash,10,3.5,4.3
2024-07-06 19:09:00,CNR7962030490,Canceled by Driver,CID443116,Bike,Koramangala,Kengeri,,,Not Applicable,Personal & Car related issue,Not Applicable,Not Applicable,837,Not Applicable,0,,
2024-07-22 10:21:00,CNR5877377146,Canceled by Driver,CID959241,Auto,Banashankari,Majestic,,,Not Applicable,Customer related issue,Not Applicable,Not Applicable,285,Not Applicable,0,,
2024-07-03 12:54:00,CNR6373065953,Canceled by Customer,CID620535,Mini,Hulimavu,MG Road,,,Driver asked to cancel,Not Applicable,Not Applicable,Not Applicable,588,Not Applicable,0,,
2024-07-11 12:04:00,CNR9037616225,Success,CID274352,eBike,BTM Layout,Varthur,210.0,30.0,Not Applicable,Not Applicable,No,Not Applicable,389,UPI,8,4.7,4.2
2024-07-03 02:30:00,CNR2345142585,Success,CID963128,Mini,MG Road,Peenya,154.0,45.0,Not Applicable,Not Applicable,No,Not Applicable,359,Cash,7,3.1,3.2
2024-07-15 18:21:00,CNR6796171494,Success,CID353478,Prime Plus,Hulimavu,Hennur,133.0,35.0,Not Applicable,Not Applicable,No,Not Applicable,501,Cash,23,4.2,3.2
2024-07-24 16:22:00,CNR9191868508,Canceled by Driver,CID179415,Auto,Shivajinagar,Indiranagar,,,Not Applicable,Customer related issue,Not Applicable,Not Applicable,367,Not Applicable,0,,
2024-07-12 19:21:00,CNR4125378849,Success,CID694525,Prime Plus,Yelahanka,Indiranagar,49.0,40.0,Not Applicable,Not Applicable,No,Not Applicable,930,UPI,24,3.3,3.3
2024-07-16 20:15:00,CNR7599130797,Success,CID267235,eBike,HSR Layout,BTM Layout,126.0,50.0,Not Applicable,Not Applicable,Yes,Other Issue,294,UPI,33,3.3,3.9
2024-07-10 01:24:00,CNR4349431485,Success,CID683777,Prime Plus,Hulimavu,RT Nagar,245.0,50.0,Not Applicable,Not Applicable,No,Not Applicable,985,Cash,20,3.4,3.8
2024-07-17 17:25:00,CNR6229393640,Success,CID934694,Prime SUV,Sahakar Nagar,Basavanagudi,238.0,95.0,Not Applicable,Not Applicable,No,Not Applicable,358,UPI,30,4.1,4.6
2024-07-29 00:30:00,CNR5019943666,Success,CID490077,Prime Plus,KR Puram,Whitefield,182.0,30.0,Not Applicable,Not Applicable,No,Not Applicable,661,Cash,19,3.5,5.0
2024-07-01 20:52:00,CNR3206825310,Success,CID679038,Bike,Ulsoor,Rajarajeshwari Nagar,63.0,80.0,Not Applicable,Not Applicable,No,Not Applicable,478,Cash,30,3.1,4.1
2024-07-24 11:43:00,CNR5047583789,Success,CID500756,Auto,Koramangala,Ulsoor,154.0,45.0,Not Applicable,Not Applicable,No,Not Applicable,422,UPI,7,5.0,4.7
2024-07-27 17:19:00,CNR7765836020,Success,CID202084,Mini,Rajarajeshwari Nagar,Rajajinagar,63.0,90.0,Not Applicable,Not Applicable,No,Not Applicable,649,Cash,20,3.5,3.5
2024-07-15 18:29:00,CNR9481406479,Canceled by Driver,CID933143,Prime Plus,Varthur,Chickpet,,,Not Applicable,Customer was coughing/sick,Not Applicable,Not Applicable,378,Not Applicable,0,,
2024-07-21 12:45:00,CNR6163377478,Canceled by Driver,CID602465,Prime Plus,Indiranagar,Majestic,,,Not Applicable,Personal & Car related issue,Not Applicable,Not Applicable,2669,Not Applicable,0,,
2024-07-18 03:39:00,CNR4285121939,Driver Not Found,CID871611,Prime Sedan,Peenya,Chickpet,,,Not Applicable,Not Applicable,Not Applicable,Not Applicable,137,Not Applicable,0,,
2024-07-10 20:24:00,CNR5125248979,Success,CID165441,Auto,Yelahanka,Kadugodi,217.0,35.0,Not Applicable,Not Applicable,No,Not Applicable,434,Cash,10,5.0,4.1
2024-07-03 09:30:00,CNR9406987378,Canceled by Driver,CID563813,Bike,Vijayanagar,Shantinagar,,,Not Applicable,Customer was coughing/sick,Not Applicable,Not Applicable,2273,Not Applicable,0,,
2024-07-27 02:14:00,CNR2212379257,Canceled by Driver,CID649553,Prime SUV,Chamarajpet,Chamarajpet,,,Not Applicable,Customer was coughing/sick,Not Applicable,Not Applicable,335,Not Applicable,0,,
2024-07-26 00:07:00,CNR3780442661,Success,CID157740,Prime Sedan,Yelahanka,KR Puram,280.0,75.0,Not Applicable,Not Applicable,Yes,Vehicle Breakdown,459,Cash,31,4.7,3.5
2024-07-04 09:18:00,CNR7691653315,Canceled by Customer,CID128836,eBike,MG Road,Sahakar Nagar,,,Change of plans,Not Applicable,Not Applicable,Not Applicable,253,Not Applicable,0,,
2024-07-21 12:00:00,CNR4302402101,Canceled by Driver,CID434918,Prime Plus,Hulimavu,Magadi Road,,,Not Applicable,Customer was coughing/sick,Not Applicable,Not Applicable,245,Not Applicable,0,,
2024-07-07 00:32:00,CNR8553658455,Driver Not Found,CID585299,Prime Plus,Richmond Town,BTM Layout,,,Not Applicable,Not Applicable,Not Applicable,Not Applicable,305,Not Applicable,0,,
2024-07-01 00:49:00,CNR2546902960,Success,CID570161,Mini,Shantinagar,Hosur Road,49.0,90.0,Not Applicable,Not Applicable,No,Not Applicable,120,UPI,38,3.7,3.4
2024-07-07 02:47:00,CNR3043129986,Driver Not Found,CID983486,eBike,Shivajinagar,Magadi Road,,,Not Applicable,Not Applicable,Not Applicable,Not Applicable,946,Not Applicable,0,,
2024-07-23 17:16:00,CNR2384126993,Canceled by Customer,CID797307,Prime Sedan,Hebbal,Basavanagudi,,,Change of plans,Not Applicable,Not Applicable,Not Applicable,476,Not Applicable,0,,
2024-07-22 08:27:00,CNR3123671520,Success,CID615694,Bike,Hennur,Bannerghatta Road,133.0,85.0,Not Applicable,Not Applicable,No,Not Applicable,223,Cash,31,4.7,4.8
2024-07-28 10:17:00,CNR7580143014,Canceled by Driver,CID319041,Auto,Chickpet,Vijayanagar,,,Not Applicable,Customer was coughing/sick,Not Applicable,Not Applicable,387,Not Applicable,0,,
2024-07-28 22:55:00,CNR7914988361,Success,CID304915,Prime SUV,Rajarajeshwari Nagar,Yeshwanthpur,70.0,80.0,Not Applicable,Not Applicable,No,Not Applicable,337,UPI,5,4.6,4.4
2024-07-28 12:56:00,CNR7383374865,Success,CID325243,Bike,Yeshwanthpur,Nagarbhavi,63.0,40.0,Not Applicable,Not Applicable,Yes,Customer Demand,635,UPI,32,3.4,4.7
2024-07-02 16:54:00,CNR7160308834,Canceled by Driver,CID868402,Prime Plus,Malleshwaram,Indiranagar,,,Not Applicable,Customer related issue,Not Applicable,Not Applicable,426,Not Applicable,0,,
2024-07-03 19:27:00,CNR3960218508,Success,CID357431,Prime Plus,Nagarbhavi,HSR Layout,308.0,30.0,Not Applicable,Not Applicable,No,Not Applicable,170,UPI,31,4.3,4.5
2024-07-17 10:49:00,CNR5967929614,Canceled by Customer,CID101138,Bike,Basavanagudi,Shivajinagar,,,Driver asked to cancel,Not Applicable,Not Applicable,Not Applicable,316,Not Applicable,0,,
2024-07-08 10:12:00,CNR5231854882,Success,CID430061,eBike,Hebbal,Tumkur Road,252.0,135.0,Not Applicable,Not Applicable,No,Not Applicable,314,UPI,20,4.3,3.5
2024-07-29 22:38:00,CNR6464744868,Canceled by Customer,CID123628,Mini,Kadugodi,Hebbal,,,Change of plans,Not Applicable,Not Applicable,Not Applicable,855,Not Applicable,0,,
2024-07-23 17:44:00,CNR5414197252,Success,CID409350,eBike,Electronic City,Koramangala,70.0,115.0,Not Applicable,Not Applicable,No,Not Applicable,384,Cash,32,3.4,4.1
2024-07-29 09:43:00,CNR6196580128,Success,CID697814,Bike,KR Puram,Hulimavu,35.0,115.0,Not Applicable,Not Applicable,No,Not Applicable,174,UPI,24,5.0,3.2
2024-07-21 14:28:00,CNR8204215312,Driver Not Found,CID842265,Prime SUV,Kammanahalli,Devanahalli,,,Not Applicable,Not Applicable,Not Applicable,Not Applicable,481,Not Applicable,0,,
2024-07-30 21:21:00,CNR6372751198,Success,CID441507,Mini,Kammanahalli,Cox Town,266.0,75.0,Not Applicable,Not Applicable,No,Not Applicable,1669,UPI,3,4.5,3.1
2024-07-06 14:18:00,CNR3676848712,Canceled by Customer,CID776846,Mini,Mysore Road,Mysore Road,,,Driver is not moving towards pickup location,Not Applicable,Not Applicable,Not Applicable,383,Not Applicable,0,,
2024-07-16 03:33:00,CNR4331312420,Success,CID795770,eBike,Banashankari,Malleshwaram,259.0,110.0,Not Applicable,Not Applicable,No,Not Applicable,551,Cash,11,4.7,4.7
2024-07-06 07:54:00,CNR7754986824,Driver Not Found,CID685991,eBike,Malleshwaram,Frazer Town,,,Not Applicable,Not Applicable,Not Applicable,Not Applicable,430,Not Applicable,0,,
2024-07-08 16:53:00,CNR6069846735,Success,CID143733,eBike,Banashankari,Langford Town,119.0,25.0,Not Applicable,Not Applicable,No,Not Applicable,381,UPI,44,3.1,4.9
2024-07-09 08:10:00,CNR4006244124,Canceled by Driver,CID220664,Prime Sedan,Nagarbhavi,Hosur Road,,,Not Applicable,Customer was coughing/sick,Not Applicable,Not Applicable,473,Not Applicable,0,,
2024-07-20 21:14:00,CNR7685135947,Success,CID349380,Mini,HSR Layout,Langford Town,49.0,115.0,Not Applicable,Not Applicable,No,Not Applicable,969,UPI,32,3.5,4.2
2024-07-26 23:31:00,CNR9559022896,Success,CID818754,Prime Plus,Frazer Town,Shantinagar,91.0,135.0,Not Applicable,Not Applicable,No,Not Applicable,843,Cash,29,4.8,3.6
2024-07-29 14:30:00,CNR6959410037,Success,CID493744,eBike,Nagarbhavi,Kadugodi,105.0,95.0,Not Applicable,Not Applicable,Yes,Vehicle Breakdown,750,UPI,21,4.6,3.1
2024-07-18 15:09:00,CNR6881184904,Success,CID534048,eBike,Banashankari,Electronic City,63.0,85.0,Not Applicable,Not Applicable,Yes,Vehicle Breakdown,929,UPI,37,3.9,3.2
2024-07-04 22:27:00,CNR7824804812,Canceled by Driver,CID584042,Prime SUV,Malleshwaram,Magadi Road,,,Not Applicable,Personal & Car related issue,Not Applicable,Not Applicable,449,Not Applicable,0,,
2024-07-20 07:23:00,CNR6710771870,Success,CID200229,Bike,Bannerghatta Road,Yeshwanthpur,196.0,140.0,Not Applicable,Not Applicable,No,Not Applicable,1131,Cash,19,3.4,4.4
2024-07-30 17:50:00,CNR7588442080,Driver Not Found,CID814575,Prime Sedan,Vijayanagar,Tumkur Road,,,Not Applicable,Not Applicable,Not Applicable,Not Applicable,354,Not Applicable,0,,
2024-07-27 05:28:00,CNR7619143481,Canceled by Driver,CID446037,Auto,Electronic City,Koramangala,,,Not Applicable,More than permitted people in there,Not Applicable,Not Applicable,215,Not Applicable,0,,
2024-07-24 05:14:00,CNR7247228597,Success,CID700229,Bike,KR Puram,Kammanahalli,133.0,135.0,Not Applicable,Not Applicable,No,Not Applicable,422,UPI,44,3.6,4.6
2024-07-24 17:37:00,CNR6492013467,Success,CID268548,Bike,Cox Town,Electronic City,63.0,50.0,Not Applicable,Not Applicable,Yes,Customer Demand,484,UPI,8,4.5,4.3
2024-07-07 06:49:00,CNR9559658198,Success,CID315255,Prime Plus,Hulimavu,Yelahanka,266.0,115.0,Not Applicable,Not Applicable,No,Not Applicable,1846,Cash,41,3.0,4.0
2024-07-18 00:19:00,CNR5991749662,Canceled by Driver,CID465871,Bike,Padmanabhanagar,Marathahalli,,,Not Applicable,More than permitted people in there,Not Applicable,Not Applicable,441,Not Applicable,0,,
2024-07-27 15:58:00,CNR7413252604,Canceled by Driver,CID137458,Prime Plus,Marathahalli,Hosur Road,,,Not Applicable,Customer was coughing/sick,Not Applicable,Not Applicable,331,Not Applicable,0,,
2024-07-18 07:44:00,CNR5600421421,Canceled by Driver,CID884442,Auto,Devanahalli,Hulimavu,,,Not Applicable,Personal & Car related issue,Not Applicable,Not Applicable,269,Not Applicable,0,,
2024-07-22 16:37:00,CNR2101623754,Success,CID476336,Prime SUV,Kengeri,Kadugodi,259.0,125.0,Not Applicable,Not Applicable,No,Not Applicable,138,UPI,28,3.2,4.8
2024-07-28 04:40:00,CNR2735347357,Driver Not Found,CID939039,Bike,Varthur,Basavanagudi,,,Not Applicable,Not Applicable,Not Applicable,Not Applicable,1568,Not Applicable,0,,
2024-07-01 17:33:00,CNR2738614639,Canceled by Driver,CID855556,Prime Sedan,Shantinagar,Richmond Town,,,Not Applicable,More than permitted people in there,Not Applicable,Not Applicable,971,Not Applicable,0,,
2024-07-18 09:32:00,CNR9332032888,Success,CID274995,Bike,Marathahalli,Yeshwanthpur,35.0,65.0,Not Applicable,Not Applicable,No,Not Applicable,453,Cash,24,3.1,4.4
2024-07-29 15:21:00,CNR6165806622,Success,CID495904,Mini,Banashankari,Langford Town,84.0,105.0,Not Applicable,Not Applicable,No,Not Applicable,440,Cash,9,4.4,4.7
2024-07-15 23:14:00,CNR8502883294,Success,CID210791,Mini,Electronic City,Sarjapur Road,98.0,95.0,Not Applicable,Not Applicable,No,Not Applicable,213,UPI,6,3.5,5.0
2024-07-01 23:41:00,CNR2765283397,Canceled by Customer,CID397448,Prime Sedan,Shantinagar,JP Nagar,,,Driver asked to cancel,Not Applicable,Not Applicable,Not Applicable,601,Not Applicable,0,,
2024-07-25 16:24:00,CNR3048491397,Success,CID131835,Bike,Bellandur,Koramangala,77.0,60.0,Not Applicable,Not Applicable,No,Not Applicable,349,UPI,29,3.1,3.7
2024-07-23 23:30:00,CNR1989207009,Success,CID409126,Prime Plus,Rajajinagar,Basavanagudi,203.0,40.0,Not Applicable,Not Applicable,No,Not Applicable,101,Cash,39,4.0,3.4
2024-07-21 22:56:00,CNR8894983198,Success,CID370059,Bike,Tumkur Road,KR Puram,245.0,85.0,Not Applicable,Not Applicable,No,Not Applicable,252,Cash,6,4.8,3.9
2024-07-01 15:32:00,CNR5513320312,Success,CID647690,Auto,Hennur,Peenya,126.0,40.0,Not Applicable,Not Applicable,No,Not Applicable,355,UPI,5,3.4,4.6
2024-07-06 21:44:00,CNR5610008119,Driver Not Found,CID666231,Mini,Mysore Road,MG Road,,,Not Applicable,Not Applicable,Not Applicable,Not Applicable,691,Not Applicable,0,,
2024-07-25 17:35:00,CNR8023283192,Canceled by Customer,CID957375,Bike,Tumkur Road,Koramangala,,,Driver is not moving towards pickup location,Not Applicable,Not Applicable,Not Applicable,235,Not Applicable,0,,
2024-07-18 08:39:00,CNR3587895916,Success,CID560705,Auto,Rajajinagar,Indiranagar,308.0,60.0,Not Applicable,Not Applicable,No,Not Applicable,2190,UPI,11,3.9,4.8
2024-07-29 19:47:00,CNR2554558688,Success,CID567279,Bike,Chamarajpet,Yelahanka,252.0,55.0,Not Applicable,Not Applicable,No,Not Applicable,737,Cash,19,4.8,4.2
2024-07-30 02:05:00,CNR9620376111,Success,CID204418,Mini,Bellandur,Majestic,42.0,40.0,Not Applicable,Not Applicable,No,Not Applicable,213,Cash,44,3.8,3.3
2024-07-04 04:41:00,CNR2638047511,Canceled by Customer,CID960010,Mini,Malleshwaram,Bannerghatta Road,,,Driver asked to cancel,Not Applicable,Not Applicable,Not Applicable,149,Not Applicable,0,,
2024-07-22 20:47:00,CNR3935653568,Success,CID805269,eBike,Bannerghatta Road,Tumkur Road,91.0,95.0,Not Applicable,Not Applicable,No,Not Applicable,406,UPI,38,3.9,4.4
2024-07-07 23:41:00,CNR3109327702,Success,CID275259,Prime Sedan,BTM Layout,Frazer Town,98.0,80.0,Not Applicable,Not Applicable,No,Not Applicable,245,Cash,22,3.9,3.1
2024-07-16 10:43:00,CNR5265273288,Success,CID364795,Mini,Ulsoor,Indiranagar,224.0,65.0,Not Applicable,Not Applicable,No,Not Applicable,128,UPI,2,3.4,3.1
2024-07-13 22:54:00,CNR4363462499,Canceled by Driver,CID875511,Prime SUV,Langford Town,Ulsoor,,,Not Applicable,Customer was coughing/sick,Not Applicable,Not Applicable,692,Not Applicable,0,,
2024-07-29 23:55:00,CNR4363981705,Driver Not Found,CID231386,Prime Plus,Varthur,Shivajinagar,,,Not Applicable,Not Applicable,Not Applicable,Not Applicable,592,Not Applicable,0,,
2024-07-09 04:05:00,CNR4217955871,Driver Not Found,CID943529,Prime Plus,Varthur,Ulsoor,,,Not Applicable,Not Applicable,Not Applicable,Not Applicable,2608,Not Applicable,0,,
2024-07-20 06:44:00,CNR5202831500,Driver Not Found,CID748237,Prime SUV,Varthur,Chamarajpet,,,Not Applicable,Not Applicable,Not Applicable,Not Applicable,386,Not Applicable,0,,
2024-07-21 20:03:00,CNR7531867893,Success,CID979034,Prime Plus,Vijayanagar,RT Nagar,35.0,115.0,Not Applicable,Not Applicable,No,Not Applicable,545,UPI,11,4.4,4.3
2024-07-19 05:20:00,CNR4191619924,Canceled by Driver,CID247713,Prime SUV,Chickpet,Bellandur,,,Not Applicable,Customer related issue,Not Applicable,Not Applicable,266,Not Applicable,0,,
2024-07-12 07:41:00,CNR7808822998,Canceled by Driver,CID644053,Bike,Sarjapur Road,Peenya,,,Not Applicable,Personal & Car related issue,Not Applicable,Not Applicable,726,Not Applicable,0,,
2024-07-08 14:33:00,CNR1482889405,Success,CID257953,Prime SUV,Tumkur Road,MG Road,56.0,35.0,Not Applicable,Not Applicable,No,Not Applicable,2555,UPI,20,3.2,4.9
2024-07-03 13:47:00,CNR5495881822,Success,CID901471,Bike,Shantinagar,Sarjapur Road,91.0,40.0,Not Applicable,Not Applicable,No,Not Applicable,104,Cash,18,3.5,3.2
2024-07-25 01:18:00,CNR5085768646,Success,CID858039,Mini,Ulsoor,Indiranagar,238.0,60.0,Not Applicable,Not Applicable,No,Not Applicable,1527,Cash,20,3.5,4.3
2024-07-24 07:15:00,CNR5265929383,Success,CID820227,Prime Sedan,Magadi Road,Kammanahalli,280.0,40.0,Not Applicable,Not Applicable,No,Not Applicable,964,UPI,32,4.4,3.1
2024-07-19 00:46:00,CNR6202838982,Driver Not Found,CID287034,Prime Plus,Tumkur Road,Richmond Town,,,Not Applicable,Not Applicable,Not Applicable,Not Applicable,421,Not Applicable,0,,
2024-07-14 00:46:00,CNR5048207253,Success,CID560854,Prime Plus,Shantinagar,Malleshwaram,266.0,50.0,Not Applicable,Not Applicable,No,Not Applicable,393,Cash,32,4.0,3.8
2024-07-26 05:22:00,CNR1470724519,Canceled by Driver,CID823923,Auto,Jayanagar,Yeshwanthpur,,,Not Applicable,More than permitted people in there,Not Applicable,Not Applicable,146,Not Applicable,0,,
2024-07-13 23:56:00,CNR3628236065,Success,CID705645,Mini,Nagarbhavi,BTM Layout,266.0,50.0,Not Applicable,Not Applicable,No,Not Applicable,306,UPI,24,3.6,3.4
2024-07-05 06:33:00,CNR7334298699,Canceled by Customer,CID143310,Prime Sedan,Banashankari,JP Nagar,,,Driver asked to cancel,Not Applicable,Not Applicable,Not Applicable,332,Not Applicable,0,,
2024-07-25 11:42:00,CNR8021959739,Canceled by Driver,CID889007,Bike,Shivajinagar,Rajajinagar,,,Not Applicable,More than permitted people in there,Not Applicable,Not Applicable,432,Not Applicable,0,,
2024-07-30 06:07:00,CNR4458838742,Success,CID415785,eBike,Koramangala,Peenya,147.0,140.0,Not Applicable,Not Applicable,No,Not Applicable,954,Cash,45,3.7,3.0
2024-07-12 00:21:00,CNR7149878519,Canceled by Customer,CID935858,Prime Sedan,Bellandur,Varthur,,,Change of plans,Not Applicable,Not Applicable,Not Applicable,857,Not Applicable,0,,
2024-07-02 04:27:00,CNR1999725442,Canceled by Driver,CID710598,eBike,KR Puram,Hosur Road,,,Not Applicable,Customer was coughing/sick,Not Applicable,Not Applicable,388,Not Applicable,0,,
2024-07-30 00:48:00,CNR4589366386,Canceled by Driver,CID105386,Bike,Tumkur Road,Nagarbhavi,,,Not Applicable,Personal & Car related issue,Not Applicable,Not Applicable,458,Not Applicable,0,,
2024-07-05 17:51:00,CNR6183656930,Canceled by Customer,CID359796,Prime Plus,Devanahalli,Chickpet,,,AC is Not working,Not Applicable,Not Applicable,Not Applicable,439,Not Applicable,0,,
2024-07-25 15:32:00,CNR2945317247,Success,CID237035,Prime Sedan,Cox Town,Banashankari,105.0,70.0,Not Applicable,Not Applicable,No,Not Applicable,440,Cash,14,3.9,3.2
2024-07-07 23:34:00,CNR5639136835,Success,CID719683,Prime SUV,Shantinagar,Jayanagar,217.0,125.0,Not Applicable,Not Applicable,No,Not Applicable,900,UPI,32,4.1,4.4
2024-07-13 02:29:00,CNR3532139230,Success,CID684353,Auto,Jayanagar,Kammanahalli,154.0,70.0,Not Applicable,Not Applicable,No,Not Applicable,126,Cash,5,3.2,3.2
2024-07-24 23:19:00,CNR4520755734,Canceled by Driver,CID263189,Prime Sedan,Ulsoor,Malleshwaram,,,Not Applicable,More than permitted people in there,Not Applicable,Not Applicable,851,Not Applicable,0,,
2024-07-30 13:07:00,CNR4169183521,Success,CID602945,eBike,Banashankari,HSR Layout,189.0,130.0,Not Applicable,Not Applicable,No,Not Applicable,239,Cash,20,3.2,4.7
2024-07-10 15:53:00,CNR1745690962,Success,CID161370,Bike,Vijayanagar,Whitefield,252.0,145.0,Not Applicable,Not Applicable,No,Not Applicable,432,Cash,11,3.0,4.3
2024-07-01 08:13:00,CNR6418610282,Canceled by Driver,CID114726,Mini,Ulsoor,Varthur,,,Not Applicable,Personal & Car related issue,Not Applicable,Not Applicable,148,Not Applicable,0,,
2024-07-04 12:28:00,CNR9576232472,Success,CID618628,Prime Plus,Bannerghatta Road,KR Puram,210.0,125.0,Not Applicable,Not Applicable,Yes,Vehicle Breakdown,453,Cash,13,4.0,3.3
2024-07-07 05:43:00,CNR5566496270,Canceled by Driver,CID765190,Prime Sedan,Electronic City,Bannerghatta Road,,,Not Applicable,Personal & Car related issue,Not Applicable,Not Applicable,885,Not Applicable,0,,
2024-07-03 13:21:00,CNR3811122759,Success,CID878624,Prime SUV,Indiranagar,Hennur,210.0,140.0,Not Applicable,Not Applicable,No,Not Applicable,141,UPI,42,3.0,3.6
2024-07-30 09:27:00,CNR5543673333,Success,CID582133,Prime Sedan,MG Road,BTM Layout,210.0,80.0,Not Applicable,Not Applicable,No,Not Applicable,199,Cash,7,4.8,5.0
2024-07-15 10:33:00,CNR9353845087,Success,CID872400,Prime Plus,Devanahalli,Marathahalli,56.0,45.0,Not Applicable,Not Applicable,Yes,Customer Demand,816,Credit Card,27,4.4,4.8
2024-07-26 11:39:00,CNR5186612231,Canceled by Driver,CID223311,Auto,BTM Layout,Shantinagar,,,Not Applicable,Customer related issue,Not Applicable,Not Applicable,654,Not Applicable,0,,
2024-07-16 11:16:00,CNR1035494716,Driver Not Found,CID148975,eBike,Padmanabhanagar,Yeshwanthpur,,,Not Applicable,Not Applicable,Not Applicable,Not Applicable,907,Not Applicable,0,,
2024-07-17 11:49:00,CNR3865970456,Success,CID913325,Auto,Hosur Road,Yelahanka,84.0,105.0,Not Applicable,Not Applicable,No,Not Applicable,1465,Cash,13,3.2,4.0
2024-07-10 13:11:00,CNR6090028671,Driver Not Found,CID843425,Prime Sedan,Malleshwaram,Banashankari,,,Not Applicable,Not Applicable,Not Applicable,Not Applicable,322,Not Applicable,0,,
2024-07-17 19:31:00,CNR5192809117,Canceled by Driver,CID255391,Prime Plus,Ramamurthy Nagar,Kammanahalli,,,Not Applicable,Customer related issue,Not Applicable,Not Applicable,314,Not Applicable,0,,
2024-07-03 09:33:00,CNR7433373185,Driver Not Found,CID209253,Mini,Jayanagar,Electronic City,,,Not Applicable,Not Applicable,Not Applicable,Not Applicable,242,Not Applicable,0,,
2024-07-18 22:23:00,CNR3000589667,Canceled by Driver,CID799120,Prime Sedan,HSR Layout,HSR Layout,,,Not Applicable,Customer related issue,Not Applicable,Not Applicable,664,Not Applicable,0,,
2024-07-03 05:04:00,CNR4693721566,Canceled by Driver,CID841369,eBike,Bannerghatta Road,Tumkur Road,,,Not Applicable,Personal & Car related issue,Not Applicable,Not Applicable,154,Not Applicable,0,,
2024-07-19 06:02:00,CNR6345160096,Success,CID624291,Prime Sedan,Bellandur,Chickpet,119.0,135.0,Not Applicable,Not Applicable,No,Not Applicable,621,UPI,40,4.3,3.9
2024-07-11 10:42:00,CNR3287565119,Success,CID834348,Auto,Cox Town,Yelahanka,77.0,95.0,Not Applicable,Not Applicable,No,Not Applicable,195,Credit Card,10,4.8,3.9
2024-07-03 08:01:00,CNR3011629182,Canceled by Driver,CID710228,Auto,Kadugodi,Jayanagar,,,Not Applicable,Customer was coughing/sick,Not Applicable,Not Applicable,448,Not Applicable,0,,
2024-07-02 17:55:00,CNR4167270561,Success,CID304449,Bike,Nagarbhavi,Tumkur Road,42.0,130.0,Not Applicable,Not Applicable,No,Not Applicable,317,UPI,14,3.8,4.3
2024-07-10 02:38:00,CNR5741027996,Driver Not Found,CID114984,Prime Sedan,Shantinagar,Ramamurthy Nagar,,,Not Applicable,Not Applicable,Not Applicable,Not Applicable,1840,Not Applicable,0,,
2024-07-19 11:04:00,CNR9783631644,Canceled by Driver,CID528748,Auto,Devanahalli,Sarjapur Road,,,Not Applicable,Personal & Car related issue,Not Applicable,Not Applicable,252,Not Applicable,0,,
2024-07-01 13:09:00,CNR8431199120,Success,CID643748,Bike,Sahakar Nagar,Yelahanka,168.0,100.0,Not Applicable,Not Applicable,Yes,Customer Demand,401,UPI,23,4.8,4.3
2024-07-19 00:30:00,CNR1744962759,Canceled by Driver,CID702547,Prime Plus,Hosur Road,BTM Layout,,,Not Applicable,More than permitted people in there,Not Applicable,Not Applicable,375,Not Applicable,0,,
2024-07-13 06:55:00,CNR5900139277,Success,CID718795,Prime SUV,KR Puram,Varthur,84.0,140.0,Not Applicable,Not Applicable,No,Not Applicable,326,UPI,34,4.5,3.9
2024-07-30 14:40:00,CNR9080743465,Success,CID906582,Mini,Peenya,JP Nagar,280.0,90.0,Not Applicable,Not Applicable,No,Not Applicable,405,UPI,34,3.8,5.0
2024-07-24 04:06:00,CNR7126263936,Success,CID552642,Prime Plus,Shivajinagar,KR Puram,161.0,75.0,Not Applicable,Not Applicable,No,Not Applicable,437,UPI,12,3.1,4.4
2024-07-10 02:35:00,CNR3264600017,Success,CID423776,Prime Sedan,Ramamurthy Nagar,Vijayanagar,140.0,65.0,Not Applicable,Not Applicable,No,Not Applicable,396,Cash,14,4.7,3.6
2024-07-23 02:35:00,CNR4168235104,Success,CID441107,Prime SUV,Langford Town,Hulimavu,56.0,35.0,Not Applicable,Not Applicable,No,Not Applicable,1102,Cash,48,4.9,3.3
2024-07-01 14:48:00,CNR7115379189,Success,CID826623,Prime Sedan,Jayanagar,Whitefield,84.0,125.0,Not Applicable,Not Applicable,No,Not Applicable,2450,Cash,20,3.3,4.7
2024-07-06 15:47:00,CNR4018123061,Success,CID365780,Bike,Indiranagar,Langford Town,77.0,65.0,Not Applicable,Not Applicable,No,Not Applicable,211,UPI,3,4.1,4.3
2024-07-30 20:39:00,CNR9326709082,Canceled by Customer,CID598122,Prime Plus,Jayanagar,Hosur Road,,,Driver is not moving towards pickup location,Not Applicable,Not Applicable,Not Applicable,811,Not Applicable,0,,
2024-07-06 14:16:00,CNR3811907950,Canceled by Customer,CID360523,Mini,Sahakar Nagar,Jayanagar,,,Driver asked to cancel,Not Applicable,Not Applicable,Not Applicable,104,Not Applicable,0,,
2024-07-25 15:31:00,CNR5330112847,Success,CID958802,Prime Sedan,KR Puram,Hebbal,182.0,75.0,Not Applicable,Not Applicable,No,Not Applicable,242,Cash,14,4.2,3.9
2024-07-21 01:59:00,CNR2907276210,Success,CID535413,Bike,Sarjapur Road,Hennur,308.0,140.0,Not Applicable,Not Applicable,No,Not Applicable,411,Cash,9,4.1,3.2
2024-07-09 01:38:00,CNR9720268589,Success,CID304605,eBike,RT Nagar,Shivajinagar,252.0,45.0,Not Applicable,Not Applicable,No,Not Applicable,1547,UPI,41,3.1,3.9
2024-07-05 04:11:00,CNR7260437148,Success,CID344711,Prime Plus,Chamarajpet,RT Nagar,147.0,125.0,Not Applicable,Not Applicable,No,Not Applicable,469,UPI,12,4.8,3.8
2024-07-27 00:33:00,CNR9448969374,Driver Not Found,CID544432,Auto,HSR Layout,Mysore Road,,,Not Applicable,Not Applicable,Not Applicable,Not Applicable,481,Not Applicable,0,,
2024-07-04 08:58:00,CNR8579352555,Success,CID785509,Mini,Shivajinagar,Whitefield,280.0,145.0,Not Applicable,Not Applicable,No,Not Applicable,186,Credit Card,35,3.9,4.0
2024-07-18 07:38:00,CNR1181315672,Canceled by Customer,CID322247,Mini,Basavanagudi,RT Nagar,,,Driver is not moving towards pickup location,Not Applicable,Not Applicable,Not Applicable,629,Not Applicable,0,,
2024-07-29 20:40:00,CNR6821240493,Success,CID225176,eBike,Nagarbhavi,Magadi Road,301.0,100.0,Not Applicable,Not Applicable,No,Not Applicable,599,UPI,36,3.2,3.5
2024-07-06 04:06:00,CNR2867252220,Success,CID172865,Prime Sedan,Rajajinagar,Whitefield,126.0,125.0,Not Applicable,Not Applicable,No,Not Applicable,471,Cash,23,4.0,4.3
2024-07-18 01:39:00,CNR3770524878,Success,CID739024,Prime Sedan,Cox Town,MG Road,112.0,65.0,Not Applicable,Not Applicable,No,Not Applicable,536,Cash,20,3.2,4.7
2024-07-14 21:12:00,CNR7691367752,Canceled by Customer,CID930310,Mini,Devanahalli,Rajarajeshwari Nagar,,,Change of plans,Not Applicable,Not Applicable,Not Applicable,440,Not Applicable,0,,
2024-07-13 14:27:00,CNR8814648005,Success,CID492350,Prime Sedan,BTM Layout,Cox Town,231.0,145.0,Not Applicable,Not Applicable,No,Not Applicable,244,Cash,27,3.9,4.0
2024-07-21 20:41:00,CNR7821135819,Success,CID804782,Prime Plus,Padmanabhanagar,Tumkur Road,217.0,95.0,Not Applicable,Not Applicable,No,Not Applicable,475,Cash,40,3.5,4.2
2024-07-22 14:39:00,CNR5410366378,Success,CID227272,Bike,Kengeri,Kengeri,294.0,140.0,Not Applicable,Not Applicable,No,Not Applicable,903,UPI,45,4.6,3.9
2024-07-26 12:09:00,CNR7739802956,Success,CID772685,Prime Plus,JP Nagar,Chamarajpet,231.0,145.0,Not Applicable,Not Applicable,No,Not Applicable,457,UPI,39,4.2,4.9
2024-07-10 03:27:00,CNR6900455181,Success,CID659539,Auto,Chickpet,Yeshwanthpur,217.0,115.0,Not Applicable,Not Applicable,No,Not Applicable,373,Cash,14,4.6,3.1
2024-07-21 19:23:00,CNR3842497566,Canceled by Driver,CID905526,eBike,JP Nagar,Sahakar Nagar,,,Not Applicable,Personal & Car related issue,Not Applicable,Not Applicable,414,Not Applicable,0,,
2024-07-01 10:35:00,CNR5210683424,Success,CID320125,Prime SUV,Langford Town,Vijayanagar,147.0,105.0,Not Applicable,Not Applicable,No,Not Applicable,318,Cash,39,3.8,3.2
2024-07-04 05:22:00,CNR5162157103,Success,CID508969,Prime SUV,Yeshwanthpur,Ulsoor,217.0,45.0,Not Applicable,Not Applicable,No,Not Applicable,788,Cash,47,4.4,3.7
2024-07-12 11:00:00,CNR8282750016,Success,CID952962,Mini,Bellandur,MG Road,63.0,40.0,Not Applicable,Not Applicable,No,Not Applicable,350,Credit Card,22,4.1,3.2
2024-07-25 01:41:00,CNR1928895495,Success,CID208296,Auto,Yeshwanthpur,Koramangala,182.0,130.0,Not Applicable,Not Applicable,No,Not Applicable,142,Cash,4,3.2,4.3
2024-07-27 00:37:00,CNR1851862676,Success,CID129385,Auto,Bellandur,Indiranagar,245.0,60.0,Not Applicable,Not Applicable,No,Not Applicable,467,Cash,14,4.7,4.9
2024-07-19 09:57:00,CNR5695225312,Success,CID162960,eBike,Ulsoor,Shantinagar,308.0,95.0,Not Applicable,Not Applicable,No,Not Applicable,254,Cash,3,4.5,3.4
2024-07-08 13:21:00,CNR3798757909,Success,CID635965,Prime Sedan,Vijayanagar,Devanahalli,182.0,100.0,Not Applicable,Not Applicable,No,Not Applicable,396,UPI,27,3.4,3.1
2024-07-27 20:48:00,CNR2815239099,Driver Not Found,CID163221,Bike,Ulsoor,Shivajinagar,,,Not Applicable,Not Applicable,Not Applicable,Not Applicable,147,Not Applicable,0,,
2024-07-17 12:03:00,CNR4140166428,Success,CID959114,Bike,Tumkur Road,KR Puram,112.0,145.0,Not Applicable,Not Applicable,No,Not Applicable,453,UPI,15,3.4,3.1
2024-07-02 03:02:00,CNR4363319189,Canceled by Driver,CID874083,eBike,Peenya,BTM Layout,,,Not Applicable,Customer related issue,Not Applicable,Not Applicable,335,Not Applicable,0,,
2024-07-22 21:49:00,CNR7403855321,Success,CID301175,Prime SUV,BTM Layout,Jayanagar,133.0,55.0,Not Applicable,Not Applicable,No,Not Applicable,329,Cash,46,4.1,3.1
2024-07-09 23:35:00,CNR2904382641,Success,CID718678,Auto,RT Nagar,Chickpet,168.0,30.0,Not Applicable,Not Applicable,No,Not Applicable,106,Cash,3,4.0,4.6
2024-07-05 07:12:00,CNR3642487441,Success,CID398432,Mini,Bellandur,Devanahalli,252.0,90.0,Not Applicable,Not Applicable,No,Not Applicable,496,Cash,41,3.8,4.3
2024-07-12 08:55:00,CNR7960338692,Canceled by Customer,CID241732,Auto,Yelahanka,Frazer Town,,,Driver asked to cancel,Not Applicable,Not Applicable,Not Applicable,217,Not Applicable,0,,
2024-07-26 21:23:00,CNR4376480501,Success,CID441174,Mini,Rajajinagar,Electronic City,203.0,95.0,Not Applicable,Not Applicable,No,Not Applicable,796,Cash,23,3.4,3.8
2024-07-30 23:57:00,CNR6460104342,Canceled by Customer,CID152964,Prime SUV,Hennur,Vijayanagar,,,Driver is not moving towards pickup location,Not Applicable,Not Applicable,Not Applicable,138,Not Applicable,0,,
2024-07-08 20:15:00,CNR9302252490,Success,CID214604,Prime Plus,Kammanahalli,Sahakar Nagar,231.0,135.0,Not Applicable,Not Applicable,Yes,Customer Demand,363,UPI,1,3.9,3.0
2024-07-07 02:40:00,CNR2611678709,Driver Not Found,CID838192,Mini,Marathahalli,MG Road,,,Not Applicable,Not Applicable,Not Applicable,Not Applicable,664,Not Applicable,0,,
2024-07-23 15:26:00,CNR1647631481,Success,CID226987,Bike,Ulsoor,Frazer Town,49.0,75.0,Not Applicable,Not Applicable,No,Not Applicable,357,Cash,17,3.2,4.4
2024-07-29 23:42:00,CNR5455147415,Success,CID548617,Bike,Marathahalli,Ulsoor,98.0,115.0,Not Applicable,Not Applicable,No,Not Applicable,415,UPI,12,4.8,4.3
2024-07-04 17:01:00,CNR2715404550,Canceled by Customer,CID160668,Prime Plus,Rajajinagar,Vijayanagar,,,Change of plans,Not Applicable,Not Applicable,Not Applicable,487,Not Applicable,0,,
2024-07-21 01:10:00,CNR9285593493,Success,CID204622,Prime Sedan,Kengeri,Shivajinagar,63.0,65.0,Not Applicable,Not Applicable,No,Not Applicable,2269,Cash,30,3.3,3.6
2024-07-08 09:46:00,CNR8788482700,Success,CID724282,Mini,Shivajinagar,Marathahalli,196.0,80.0,Not Applicable,Not Applicable,No,Not Applicable,734,UPI,37,4.5,3.4
2024-07-26 00:06:00,CNR9032017353,Success,CID186509,Bike,HSR Layout,Peenya,287.0,120.0,Not Applicable,Not Applicable,No,Not Applicable,2276,Cash,10,4.8,3.4
2024-07-29 03:18:00,CNR3869303306,Success,CID652809,Bike,Shivajinagar,Mysore Road,308.0,140.0,Not Applicable,Not Applicable,No,Not Applicable,139,Cash,31,3.4,3.2
2024-07-29 11:11:00,CNR8021337411,Driver Not Found,CID736302,Auto,Ramamurthy Nagar,Kadugodi,,,Not Applicable,Not Applicable,Not Applicable,Not Applicable,537,Not Applicable,0,,
2024-07-24 05:55:00,CNR2218781078,Success,CID166588,eBike,Ulsoor,Electronic City,140.0,140.0,Not Applicable,Not Applicable,Yes,Vehicle Breakdown,272,UPI,48,3.2,4.2
2024-07-11 02:06:00,CNR4049746829,Success,CID464583,Prime Sedan,Cox Town,Hennur,301.0,45.0,Not Applicable,Not Applicable,No,Not Applicable,342,UPI,27,4.0,4.2
2024-07-14 16:56:00,CNR4287088740,Success,CID837296,Prime Plus,Kengeri,Langford Town,63.0,50.0,Not Applicable,Not Applicable,No,Not Applicable,101,Cash,29,4.1,3.3
2024-07-27 07:41:00,CNR3157163084,Success,CID912438,eBike,BTM Layout,Peenya,238.0,40.0,Not Applicable,Not Applicable,No,Not Applicable,446,Debit Card,18,3.5,4.3
2024-07-05 23:53:00,CNR9822571685,Success,CID868414,Mini,Yelahanka,MG Road,280.0,35.0,Not Applicable,Not Applicable,No,Not Applicable,174,Cash,34,4.6,3.2
2024-07-23 18:15:00,CNR5278431472,Canceled by Driver,CID356600,Auto,Varthur,Shantinagar,,,Not Applicable,Personal & Car related issue,Not Applicable,Not Applicable,2859,Not Applicable,0,,
2024-07-07 04:41:00,CNR7070443807,Success,CID457310,Bike,JP Nagar,Richmond Town,294.0,70.0,Not Applicable,Not Applicable,No,Not Applicable,230,UPI,17,3.4,4.0
2024-07-28 07:56:00,CNR5808148140,Success,CID718539,Prime Sedan,Devanahalli,Nagarbhavi,280.0,65.0,Not Applicable,Not Applicable,No,Not Applicable,586,UPI,11,4.6,5.0
2024-07-06 19:26:00,CNR7531746675,Success,CID128526,Prime SUV,Hulimavu,Yeshwanthpur,196.0,130.0,Not Applicable,Not Applicable,No,Not Applicable,228,Cash,20,4.9,4.9
2024-07-23 04:06:00,CNR2671952419,Success,CID703562,Bike,Ulsoor,Bellandur,98.0,105.0,Not Applicable,Not Applicable,No,Not Applicable,180,UPI,40,3.4,4.2
2024-07-19 04:30:00,CNR9339614855,Canceled by Customer,CID637313,Prime SUV,Ramamurthy Nagar,Hennur,,,Driver is not moving towards pickup location,Not Applicable,Not Applicable,Not Applicable,713,Not Applicable,0,,
2024-07-06 18:05:00,CNR4490806788,Success,CID624811,Prime Sedan,Magadi Road,Hennur,175.0,110.0,Not Applicable,Not Applicable,No,Not Applicable,696,Cash,33,3.3,3.5
2024-07-07 00:20:00,CNR6796750260,Success,CID414086,Bike,Bellandur,Basavanagudi,77.0,100.0,Not Applicable,Not Applicable,No,Not Applicable,450,Cash,19,4.3,3.8
2024-07-08 14:15:00,CNR4507049489,Success,CID505109,eBike,Padmanabhanagar,Banashankari,98.0,95.0,Not Applicable,Not Applicable,No,Not Applicable,519,UPI,5,3.6,3.9
2024-07-06 12:32:00,CNR8066960777,Canceled by Customer,CID321135,eBike,Marathahalli,Whitefield,,,Change of plans,Not Applicable,Not Applicable,Not Applicable,429,Not Applicable,0,,
2024-07-29 00:41:00,CNR5177686996,Success,CID596277,Prime SUV,Shivajinagar,Cox Town,112.0,125.0,Not Applicable,Not Applicable,No,Not Applicable,234,Credit Card,40,3.7,4.1
2024-07-07 04:04:00,CNR3746737132,Success,CID129821,eBike,Banashankari,Majestic,77.0,145.0,Not Applicable,Not Applicable,No,Not Applicable,167,UPI,49,3.3,3.2
2024-07-01 23:31:00,CNR5080949060,Success,CID458967,eBike,Marathahalli,Hebbal,308.0,25.0,Not Applicable,Not Applicable,No,Not Applicable,129,UPI,43,4.4,4.9
2024-07-06 18:58:00,CNR3233343951,Success,CID968720,Prime Sedan,Marathahalli,Bellandur,217.0,60.0,Not Applicable,Not Applicable,No,Not Applicable,375,Cash,27,3.3,3.3
2024-07-30 09:19:00,CNR8180785367,Success,CID399462,Bike,Bellandur,Hosur Road,273.0,55.0,Not Applicable,Not Applicable,No,Not Applicable,397,Cash,4,4.2,4.4
2024-07-24 11:28:00,CNR4661035286,Canceled by Driver,CID148377,Prime Sedan,Marathahalli,Jayanagar,,,Not Applicable,Customer related issue,Not Applicable,Not Applicable,223,Not Applicable,0,,
2024-07-21 08:56:00,CNR7837721033,Success,CID491658,Mini,Sarjapur Road,Langford Town,70.0,75.0,Not Applicable,Not Applicable,No,Not Applicable,330,Cash,31,4.7,3.2
2024-07-13 03:57:00,CNR9166960486,Canceled by Driver,CID873092,eBike,Electronic City,Koramangala,,,Not Applicable,Customer related issue,Not Applicable,Not Applicable,165,Not Applicable,0,,
2024-07-06 15:27:00,CNR4337706679,Canceled by Customer,CID941165,Bike,Jayanagar,Indiranagar,,,Driver asked to cancel,Not Applicable,Not Applicable,Not Applicable,443,Not Applicable,0,,
2024-07-04 06:10:00,CNR7739172844,Success,CID759910,Prime SUV,Basavanagudi,Langford Town,154.0,55.0,Not Applicable,Not Applicable,No,Not Applicable,386,Cash,12,3.3,3.9
2024-07-01 09:24:00,CNR6128000142,Success,CID350627,Prime Plus,Peenya,Hulimavu,224.0,45.0,Not Applicable,Not Applicable,No,Not Applicable,426,UPI,44,3.1,4.3
2024-07-09 05:47:00,CNR9935881102,Success,CID624033,Mini,Yeshwanthpur,Ramamurthy Nagar,42.0,45.0,Not Applicable,Not Applicable,No,Not Applicable,369,UPI,10,3.9,3.1
2024-07-01 09:59:00,CNR8229987739,Success,CID287968,eBike,Hosur Road,Hulimavu,119.0,65.0,Not Applicable,Not Applicable,No,Not Applicable,331,Cash,48,4.9,4.9
2024-07-18 08:55:00,CNR8916105205,Success,CID770997,Bike,Frazer Town,Kengeri,189.0,65.0,Not Applicable,Not Applicable,No,Not Applicable,101,Cash,41,3.1,4.7
2024-07-15 12:45:00,CNR8510338238,Success,CID449445,Auto,Hulimavu,Majestic,84.0,80.0,Not Applicable,Not Applicable,No,Not Applicable,491,UPI,3,3.5,4.4
2024-07-08 18:28:00,CNR4840551549,Success,CID789696,Mini,Rajajinagar,MG Road,77.0,40.0,Not Applicable,Not Applicable,No,Not Applicable,2745,UPI,26,4.8,4.6
2024-07-16 17:32:00,CNR2014005986,Success,CID722338,Prime SUV,Devanahalli,Cox Town,161.0,120.0,Not Applicable,Not Applicable,No,Not Applicable,1519,Cash,3,3.3,4.3
2024-07-23 14:32:00,CNR4834293845,Success,CID850163,Bike,Magadi Road,Electronic City,140.0,30.0,Not Applicable,Not Applicable,No,Not Applicable,328,Credit Card,6,3.0,4.9
2024-07-01 05:02:00,CNR3618200670,Success,CID679114,Prime Plus,Chickpet,Frazer Town,161.0,125.0,Not Applicable,Not Applicable,No,Not Applicable,207,Credit Card,6,4.3,4.2
2024-07-01 17:19:00,CNR4726450368,Canceled by Driver,CID591296,Auto,Chamarajpet,Bannerghatta Road,,,Not Applicable,Customer was coughing/sick,Not Applicable,Not Applicable,101,Not Applicable,0,,
2024-07-06 03:41:00,CNR1619873995,Success,CID162515,Bike,Majestic,Kammanahalli,308.0,55.0,Not Applicable,Not Applicable,No,Not Applicable,249,UPI,49,4.4,3.1
2024-07-28 11:04:00,CNR6235822092,Canceled by Driver,CID526232,Prime SUV,Shivajinagar,Chamarajpet,,,Not Applicable,More than permitted people in there,Not Applicable,Not Applicable,818,Not Applicable,0,,
2024-07-13 22:19:00,CNR5791162730,Success,CID605303,Prime Sedan,Ramamurthy Nagar,Hulimavu,161.0,115.0,Not Applicable,Not Applicable,No,Not Applicable,339,Credit Card,7,3.6,4.8
2024-07-07 10:06:00,CNR8045889292,Canceled by Customer,CID225105,eBike,Bellandur,Sahakar Nagar,,,Driver is not moving towards pickup location,Not Applicable,Not Applicable,Not Applicable,666,Not Applicable,0,,
2024-07-04 14:16:00,CNR8667685335,Success,CID594164,Prime SUV,Shivajinagar,Rajajinagar,217.0,40.0,Not Applicable,Not Applicable,No,Not Applicable,226,Cash,1,4.5,5.0
2024-07-06 09:04:00,CNR4319863151,Success,CID827021,Mini,Kadugodi,KR Puram,217.0,30.0,Not Applicable,Not Applicable,No,Not Applicable,445,Cash,19,4.1,3.5
2024-07-17 12:11:00,CNR2199808322,Success,CID570252,Prime Plus,Bellandur,BTM Layout,231.0,125.0,Not Applicable,Not Applicable,No,Not Applicable,839,Cash,7,3.4,4.1
2024-07-13 05:29:00,CNR5849146815,Canceled by Driver,CID149645,Prime SUV,Majestic,Ramamurthy Nagar,,,Not Applicable,Customer related issue,Not Applicable,Not Applicable,2148,Not Applicable,0,,
2024-07-28 16:08:00,CNR5662235376,Success,CID870072,Mini,Richmond Town,Whitefield,245.0,140.0,Not Applicable,Not Applicable,No,Not Applicable,297,Cash,39,3.2,4.3
2024-07-28 23:49:00,CNR8145387613,Success,CID780418,Prime SUV,Shivajinagar,Hulimavu,98.0,65.0,Not Applicable,Not Applicable,No,Not Applicable,493,Cash,28,3.9,4.5
2024-07-28 01:50:00,CNR7531030797,Driver Not Found,CID135342,Prime SUV,MG Road,Basavanagudi,,,Not Applicable,Not Applicable,Not Applicable,Not Applicable,809,Not Applicable,0,,
2024-07-18 00:07:00,CNR6329274854,Canceled by Driver,CID980850,eBike,BTM Layout,Tumkur Road,,,Not Applicable,Customer was coughing/sick,Not Applicable,Not Applicable,357,Not Applicable,0,,
2024-07-01 15:39:00,CNR5375813474,Success,CID712304,Bike,Vijayanagar,Cox Town,273.0,130.0,Not Applicable,Not Applicable,No,Not Applicable,241,UPI,4,3.2,4.7
2024-07-18 12:35:00,CNR9215619656,Driver Not Found,CID536398,Bike,Banashankari,MG Road,,,Not Applicable,Not Applicable,Not Applicable,Not Applicable,995,Not Applicable,0,,
2024-07-20 07:53:00,CNR2409949885,Driver Not Found,CID590215,eBike,Jayanagar,MG Road,,,Not Applicable,Not Applicable,Not Applicable,Not Applicable,247,Not Applicable,0,,
2024-07-28 22:49:00,CNR5602797004,Success,CID866459,Prime Plus,Kengeri,BTM Layout,175.0,85.0,Not Applicable,Not Applicable,Yes,Vehicle Breakdown,876,UPI,4,3.5,3.9
2024-07-15 02:37:00,CNR1431035071,Success,CID813835,Mini,Padmanabhanagar,Nagarbhavi,42.0,65.0,Not Applicable,Not Applicable,No,Not Applicable,371,Cash,6,4.9,3.3
2024-07-17 16:23:00,CNR2142317678,Success,CID794376,Auto,Peenya,Yelahanka,238.0,35.0,Not Applicable,Not Applicable,No,Not Applicable,432,UPI,1,4.3,3.7
2024-07-08 14:55:00,CNR3893369853,Success,CID827191,Mini,Indiranagar,Magadi Road,112.0,35.0,Not Applicable,Not Applicable,No,Not Applicable,128,UPI,24,3.2,3.6
2024-07-02 01:46:00,CNR9391806841,Driver Not Found,CID969226,Bike,Hennur,HSR Layout,,,Not Applicable,Not Applicable,Not Applicable,Not Applicable,581,Not Applicable,0,,
2024-07-29 06:01:00,CNR1773659673,Success,CID769523,Auto,Yelahanka,Mysore Road,266.0,80.0,Not Applicable,Not Applicable,No,Not Applicable,415,Cash,7,4.5,3.9
2024-07-25 23:43:00,CNR7532451678,Canceled by Driver,CID183857,Prime Sedan,Nagarbhavi,Hebbal,,,Not Applicable,More than permitted people in there,Not Applicable,Not Applicable,329,Not Applicable,0,,
2024-07-10 07:35:00,CNR2299260561,Success,CID657616,Prime Plus,Indiranagar,Sarjapur Road,224.0,90.0,Not Applicable,Not Applicable,No,Not Applicable,400,UPI,21,4.9,4.9
2024-07-27 15:44:00,CNR3341740213,Success,CID751123,Mini,Jayanagar,Jayanagar,189.0,40.0,Not Applicable,Not Applicable,No,Not Applicable,399,Cash,18,3.9,3.9
2024-07-17 20:32:00,CNR4075694150,Success,CID163045,Mini,Basavanagudi,Yeshwanthpur,210.0,25.0,Not Applicable,Not Applicable,No,Not Applicable,280,Cash,31,3.5,4.6
2024-07-08 13:36:00,CNR7582025169,Canceled by Driver,CID212056,Mini,JP Nagar,Langford Town,,,Not Applicable,Personal & Car related issue,Not Applicable,Not Applicable,253,Not Applicable,0,,
2024-07-04 01:57:00,CNR4021725928,Success,CID710654,Bike,Yeshwanthpur,Majestic,210.0,105.0,Not Applicable,Not Applicable,No,Not Applicable,811,UPI,31,3.5,3.5
2024-07-17 10:41:00,CNR3454679844,Success,CID914368,Bike,Sarjapur Road,HSR Layout,266.0,90.0,Not Applicable,Not Applicable,No,Not Applicable,478,UPI,44,4.3,3.8
2024-07-12 13:55:00,CNR8604288887,Success,CID885432,Auto,Rajarajeshwari Nagar,Richmond Town,252.0,100.0,Not Applicable,Not Applicable,No,Not Applicable,109,UPI,4,3.2,4.8
2024-07-05 11:02:00,CNR4280506061,Success,CID164611,Mini,Electronic City,Kammanahalli,301.0,35.0,Not Applicable,Not Applicable,No,Not Applicable,731,Debit Card,33,4.3,4.8
2024-07-15 14:17:00,CNR2639214037,Success,CID919662,Auto,Frazer Town,Padmanabhanagar,154.0,50.0,Not Applicable,Not Applicable,No,Not Applicable,326,UPI,11,4.9,4.9
2024-07-10 17:00:00,CNR1330605738,Driver Not Found,CID383096,Mini,Varthur,Hosur Road,,,Not Applicable,Not Applicable,Not Applicable,Not Applicable,419,Not Applicable,0,,
2024-07-06 18:44:00,CNR1284453179,Success,CID188308,Auto,Nagarbhavi,Nagarbhavi,168.0,80.0,Not Applicable,Not Applicable,No,Not Applicable,888,Credit Card,2,3.0,3.7
2024-07-26 03:21:00,CNR2405342944,Canceled by Customer,CID136081,eBike,Sahakar Nagar,Mysore Road,,,Driver is not moving towards pickup location,Not Applicable,Not Applicable,Not Applicable,252,Not Applicable,0,,
2024-07-29 15:50:00,CNR1630725139,Success,CID120340,Prime SUV,Basavanagudi,MG Road,252.0,25.0,Not Applicable,Not Applicable,No,Not Applicable,459,Cash,48,4.0,3.2
2024-07-27 22:53:00,CNR9672776613,Success,CID290645,Mini,Indiranagar,Banashankari,224.0,85.0,Not Applicable,Not Applicable,No,Not Applicable,842,UPI,10,4.5,4.3
2024-07-03 08:19:00,CNR4072349932,Canceled by Customer,CID628957,Bike,Rajarajeshwari Nagar,Sarjapur Road,,,Driver is not moving towards pickup location,Not Applicable,Not Applicable,Not Applicable,1957,Not Applicable,0,,
2024-07-18 11:01:00,CNR5361504929,Canceled by Driver,CID904394,Auto,BTM Layout,Vijayanagar,,,Not Applicable,Personal & Car related issue,Not Applicable,Not Applicable,248,Not Applicable,0,,
2024-07-23 13:50:00,CNR9089128351,Success,CID935246,eBike,Jayanagar,Malleshwaram,238.0,50.0,Not Applicable,Not Applicable,No,Not Applicable,224,Cash,9,4.9,4.0
2024-07-25 14:16:00,CNR4507501152,Success,CID731793,Auto,Chamarajpet,Shantinagar,182.0,50.0,Not Applicable,Not Applicable,No,Not Applicable,628,UPI,16,4.3,3.6
2024-07-23 10:12:00,CNR5826110819,Success,CID264542,Prime Sedan,Bellandur,Yelahanka,287.0,90.0,Not Applicable,Not Applicable,No,Not Applicable,1612,Cash,9,3.6,4.5
2024-07-09 10:43:00,CNR7710971462,Canceled by Customer,CID580072,Bike,Ramamurthy Nagar,JP Nagar,,,Driver asked to cancel,Not Applicable,Not Applicable,Not Applicable,651,Not Applicable,0,,
2024-07-24 16:16:00,CNR8366889733,Success,CID445376,Prime SUV,Ulsoor,Basavanagudi,168.0,100.0,Not Applicable,Not Applicable,No,Not Applicable,857,Cash,29,3.4,4.5
2024-07-19 17:53:00,CNR7516937554,Success,CID798492,Mini,Hennur,Koramangala,119.0,25.0,Not Applicable,Not Applicable,No,Not Applicable,241,Cash,3,3.8,3.6
2024-07-05 05:47:00,CNR9721856496,Success,CID544912,Prime SUV,KR Puram,Malleshwaram,168.0,50.0,Not Applicable,Not Applicable,No,Not Applicable,966,Cash,17,4.7,4.7
2024-07-26 00:45:00,CNR3163378506,Success,CID521033,Auto,Devanahalli,Tumkur Road,259.0,110.0,Not Applicable,Not Applicable,No,Not Applicable,493,Cash,13,4.8,4.6
2024-07-14 20:47:00,CNR5332239927,Canceled by Customer,CID138779,Mini,Padmanabhanagar,MG Road,,,Driver asked to cancel,Not Applicable,Not Applicable,Not Applicable,121,Not Applicable,0,,
2024-07-10 01:47:00,CNR7964851991,Success,CID267419,Bike,Sahakar Nagar,Sahakar Nagar,252.0,110.0,Not Applicable,Not Applicable,Yes,Customer Demand,401,Cash,24,4.7,3.0
2024-07-28 09:05:00,CNR5236694999,Canceled by Customer,CID838087,Auto,Kadugodi,Ramamurthy Nagar,,,Driver asked to cancel,Not Applicable,Not Applicable,Not Applicable,748,Not Applicable,0,,
2024-07-22 11:11:00,CNR1588072538,Success,CID519833,Bike,Shivajinagar,Malleshwaram,287.0,55.0,Not Applicable,Not Applicable,No,Not Applicable,172,UPI,3,3.3,3.5
2024-07-17 00:48:00,CNR1569272102,Success,CID780008,eBike,Kammanahalli,Jayanagar,147.0,90.0,Not Applicable,Not Applicable,No,Not Applicable,320,UPI,24,4.5,3.6
2024-07-29 20:43:00,CNR1274719476,Success,CID637302,Prime SUV,Varthur,Bannerghatta Road,140.0,80.0,Not Applicable,Not Applicable,No,Not Applicable,323,UPI,41,3.6,4.9
2024-07-13 17:59:00,CNR3416046030,Success,CID626998,Prime SUV,Padmanabhanagar,Koramangala,56.0,140.0,Not Applicable,Not Applicable,No,Not Applicable,530,UPI,48,3.8,3.3
2024-07-10 02:16:00,CNR5339211504,Success,CID614026,eBike,Yelahanka,Koramangala,252.0,60.0,Not Applicable,Not Applicable,No,Not Applicable,255,UPI,1,5.0,4.8
2024-07-03 12:59:00,CNR1922910635,Canceled by Driver,CID214886,Auto,Richmond Town,Koramangala,,,Not Applicable,More than permitted people in there,Not Applicable,Not Applicable,355,Not Applicable,0,,
2024-07-24 16:00:00,CNR4936602688,Driver Not Found,CID389100,Auto,KR Puram,Nagarbhavi,,,Not Applicable,Not Applicable,Not Applicable,Not Applicable,532,Not Applicable,0,,
2024-07-19 13:50:00,CNR5089640056,Success,CID470851,Mini,Electronic City,Vijayanagar,294.0,125.0,Not Applicable,Not Applicable,No,Not Applicable,335,Debit Card,25,4.8,3.5
2024-07-03 14:31:00,CNR6762470112,Canceled by Customer,CID609244,eBike,RT Nagar,JP Nagar,,,Driver asked to cancel,Not Applicable,Not Applicable,Not Applicable,711,Not Applicable,0,,
2024-07-24 07:08:00,CNR3201570732,Success,CID194697,Auto,Tumkur Road,Yelahanka,301.0,95.0,Not Applicable,Not Applicable,No,Not Applicable,201,Cash,1,4.9,4.4
2024-07-23 04:22:00,CNR5523581196,Success,CID329534,Prime Plus,Magadi Road,Cox Town,147.0,115.0,Not Applicable,Not Applicable,No,Not Applicable,111,Cash,4,4.4,3.3
2024-07-13 08:57:00,CNR8784792237,Success,CID477244,eBike,Peenya,Richmond Town,189.0,90.0,Not Applicable,Not Applicable,No,Not Applicable,410,Cash,4,3.3,3.4
2024-07-08 13:37:00,CNR1187010178,Success,CID937996,Prime Plus,Kadugodi,Mysore Road,238.0,145.0,Not Applicable,Not Applicable,No,Not Applicable,400,Cash,24,4.7,4.5
2024-07-29 02:38:00,CNR2749937739,Canceled by Driver,CID215854,Auto,Bannerghatta Road,Marathahalli,,,Not Applicable,More than permitted people in there,Not Applicable,Not Applicable,434,Not Applicable,0,,
2024-07-01 04:53:00,CNR9576375525,Success,CID898460,Prime SUV,RT Nagar,Hulimavu,280.0,115.0,Not Applicable,Not Applicable,No,Not Applicable,106,Cash,12,4.1,4.0
2024-07-23 04:25:00,CNR2875209670,Driver Not Found,CID458379,Bike,Chamarajpet,Richmond Town,,,Not Applicable,Not Applicable,Not Applicable,Not Applicable,493,Not Applicable,0,,
2024-07-16 23:41:00,CNR3557618381,Canceled by Customer,CID624182,Prime Plus,Vijayanagar,Kengeri,,,AC is Not working,Not Applicable,Not Applicable,Not Applicable,350,Not Applicable,0,,
2024-07-01 08:18:00,CNR9490640056,Success,CID304451,Auto,Hulimavu,Bellandur,168.0,55.0,Not Applicable,Not Applicable,Yes,Customer Demand,244,Cash,13,3.7,3.6
2024-07-01 18:21:00,CNR9005370053,Canceled by Customer,CID671775,Prime Plus,Electronic City,Banashankari,,,Driver is not moving towards pickup location,Not Applicable,Not Applicable,Not Applicable,2002,Not Applicable,0,,
2024-07-06 22:04:00,CNR7124992957,Canceled by Customer,CID656065,Prime SUV,JP Nagar,Electronic City,,,Change of plans,Not Applicable,Not Applicable,Not Applicable,111,Not Applicable,0,,
2024-07-21 05:32:00,CNR9138051872,Driver Not Found,CID732755,Mini,Devanahalli,Chickpet,,,Not Applicable,Not Applicable,Not Applicable,Not Applicable,504,Not Applicable,0,,
2024-07-03 00:05:00,CNR4800439391,Success,CID341061,eBike,Electronic City,Cox Town,140.0,55.0,Not Applicable,Not Applicable,No,Not Applicable,377,Cash,2,4.2,4.4
2024-07-01 02:34:00,CNR9488391429,Canceled by Driver,CID740780,Auto,Whitefield,Ramamurthy Nagar,,,Not Applicable,Personal & Car related issue,Not Applicable,Not Applicable,366,Not Applicable,0,,
2024-07-12 17:28:00,CNR4158252214,Canceled by Customer,CID870673,Prime Sedan,HSR Layout,Bannerghatta Road,,,Wrong Address,Not Applicable,Not Applicable,Not Applicable,343,Not Applicable,0,,
2024-07-09 20:47:00,CNR3922539233,Success,CID614738,Prime SUV,Koramangala,Frazer Town,140.0,40.0,Not Applicable,Not Applicable,No,Not Applicable,220,Cash,26,4.2,3.5
2024-07-03 18:55:00,CNR8243411338,Success,CID657000,Auto,Peenya,Whitefield,308.0,80.0,Not Applicable,Not Applicable,No,Not Applicable,238,UPI,7,3.4,4.2
2024-07-30 00:44:00,CNR1909524957,Success,CID246390,eBike,Koramangala,Frazer Town,280.0,110.0,Not Applicable,Not Applicable,No,Not Applicable,763,Cash,44,3.4,3.5
2024-07-25 18:14:00,CNR8213668172,Success,CID123835,Prime SUV,Hennur,Yelahanka,189.0,145.0,Not Applicable,Not Applicable,No,Not Applicable,964,Cash,48,3.2,4.7
2024-07-18 19:11:00,CNR5240164000,Success,CID730358,eBike,Electronic City,Jayanagar,217.0,145.0,Not Applicable,Not Applicable,No,Not Applicable,256,UPI,27,3.6,4.9
2024-07-06 15:59:00,CNR6571839408,Canceled by Customer,CID218311,Bike,BTM Layout,Bellandur,,,Driver asked to cancel,Not Applicable,Not Applicable,Not Applicable,236,Not Applicable,0,,
2024-07-01 05:44:00,CNR5810803721,Success,CID215128,Mini,RT Nagar,Shivajinagar,168.0,30.0,Not Applicable,Not Applicable,No,Not Applicable,145,Cash,41,4.8,3.8
2024-07-03 04:49:00,CNR5305614007,Success,CID827264,Prime Plus,Bannerghatta Road,Yeshwanthpur,266.0,130.0,Not Applicable,Not Applicable,No,Not Applicable,2922,UPI,2,4.5,3.7
2024-07-14 08:49:00,CNR5284236128,Success,CID901398,Prime SUV,Bannerghatta Road,Vijayanagar,154.0,45.0,Not Applicable,Not Applicable,No,Not Applicable,301,Cash,6,4.6,5.0
2024-07-20 11:52:00,CNR8002620941,Canceled by Customer,CID503615,Prime Sedan,Kadugodi,Chamarajpet,,,Driver is not moving towards pickup location,Not Applicable,Not Applicable,Not Applicable,329,Not Applicable,0,,
2024-07-19 21:01:00,CNR8790549378,Success,CID143881,Bike,Electronic City,RT Nagar,147.0,140.0,Not Applicable,Not Applicable,No,Not Applicable,463,UPI,40,3.7,4.1
2024-07-05 02:45:00,CNR1206004572,Success,CID566080,Prime SUV,Vijayanagar,Frazer Town,63.0,120.0,Not Applicable,Not Applicable,No,Not Applicable,427,UPI,41,4.7,4.9
2024-07-23 08:30:00,CNR1165039923,Success,CID786045,Prime Plus,Tumkur Road,Shantinagar,126.0,105.0,Not Applicable,Not Applicable,No,Not Applicable,498,Cash,5,3.2,3.9
2024-07-27 09:59:00,CNR8145442221,Success,CID705237,Prime Plus,Nagarbhavi,HSR Layout,147.0,55.0,Not Applicable,Not Applicable,No,Not Applicable,257,Cash,3,3.5,3.3
2024-07-21 19:01:00,CNR6434871957,Success,CID933669,Prime SUV,Electronic City,Basavanagudi,231.0,80.0,Not Applicable,Not Applicable,No,Not Applicable,892,Cash,19,3.7,3.1
2024-07-24 02:04:00,CNR7550200202,Canceled by Customer,CID314756,Prime SUV,Yeshwanthpur,Richmond Town,,,Driver asked to cancel,Not Applicable,Not Applicable,Not Applicable,382,Not Applicable,0,,
2024-07-07 06:02:00,CNR8997220236,Success,CID421489,Mini,Majestic,Yeshwanthpur,266.0,70.0,Not Applicable,Not Applicable,No,Not Applicable,1748,UPI,24,4.5,3.2
2024-07-04 21:31:00,CNR7573435412,Success,CID681056,Prime SUV,HSR Layout,Langford Town,42.0,125.0,Not Applicable,Not Applicable,Yes,Customer Demand,249,Cash,35,4.1,3.2
2024-07-01 06:10:00,CNR7514801286,Canceled by Driver,CID866398,Prime Sedan,Yelahanka,Bellandur,,,Not Applicable,Customer related issue,Not Applicable,Not Applicable,328,Not Applicable,0,,
2024-07-17 16:44:00,CNR4317921527,Canceled by Driver,CID283411,Bike,Ramamurthy Nagar,Majestic,,,Not Applicable,Customer was coughing/sick,Not Applicable,Not Applicable,443,Not Applicable,0,,
2024-07-13 12:36:00,CNR5721558008,Success,CID491666,eBike,JP Nagar,Peenya,98.0,30.0,Not Applicable,Not Applicable,No,Not Applicable,386,Cash,13,4.6,3.4
2024-07-29 12:55:00,CNR2199953813,Success,CID444040,Prime Plus,Malleshwaram,Whitefield,301.0,105.0,Not Applicable,Not Applicable,No,Not Applicable,2389,Cash,16,3.5,4.5
2024-07-14 23:25:00,CNR6891925135,Success,CID375302,Prime Plus,Cox Town,Jayanagar,42.0,85.0,Not Applicable,Not Applicable,No,Not Applicable,116,Cash,10,3.3,3.9
2024-07-30 13:48:00,CNR8015781394,Success,CID976696,Mini,Cox Town,HSR Layout,91.0,90.0,Not Applicable,Not Applicable,No,Not Applicable,466,Cash,13,3.2,4.9
2024-07-25 10:56:00,CNR5360947765,Canceled by Customer,CID611308,Prime SUV,Varthur,Nagarbhavi,,,Driver is not moving towards pickup location,Not Applicable,Not Applicable,Not Applicable,145,Not Applicable,0,,
2024-07-04 06:12:00,CNR4762827686,Success,CID207784,Auto,Shivajinagar,Kadugodi,308.0,135.0,Not Applicable,Not Applicable,No,Not Applicable,294,Cash,2,4.3,3.9
2024-07-08 20:05:00,CNR7985021863,Success,CID487495,Prime SUV,Chickpet,Banashankari,266.0,110.0,Not Applicable,Not Applicable,No,Not Applicable,533,UPI,45,3.4,5.0
2024-07-02 18:00:00,CNR3533257589,Success,CID208922,Bike,KR Puram,RT Nagar,154.0,100.0,Not Applicable,Not Applicable,No,Not Applicable,525,Cash,10,3.3,4.0
2024-07-07 20:03:00,CNR4493318083,Success,CID328229,Prime Plus,Ramamurthy Nagar,Frazer Town,49.0,25.0,Not Applicable,Not Applicable,No,Not Applicable,667,Credit Card,27,3.3,3.5
2024-07-01 09:44:00,CNR9089444314,Success,CID557727,Auto,Mysore Road,Sarjapur Road,91.0,75.0,Not Applicable,Not Applicable,No,Not Applicable,138,UPI,5,4.8,3.0
2024-07-25 03:42:00,CNR1834038927,Canceled by Customer,CID676032,Mini,RT Nagar,Varthur,,,Driver asked to cancel,Not Applicable,Not Applicable,Not Applicable,2464,Not Applicable,0,,
2024-07-22 09:27:00,CNR2494848077,Success,CID674907,Mini,Devanahalli,Tumkur Road,287.0,145.0,Not Applicable,Not Applicable,No,Not Applicable,271,Cash,37,4.0,3.5
2024-07-11 05:17:00,CNR1519882092,Success,CID180443,Prime Plus,Whitefield,Chamarajpet,147.0,45.0,Not Applicable,Not Applicable,No,Not Applicable,400,Cash,23,4.6,3.7
2024-07-16 22:43:00,CNR2513342301,Success,CID864264,Prime SUV,Nagarbhavi,Tumkur Road,56.0,140.0,Not Applicable,Not Applicable,No,Not Applicable,280,Cash,9,3.2,3.0
2024-07-27 04:04:00,CNR6395372920,Driver Not Found,CID714050,Auto,MG Road,Frazer Town,,,Not Applicable,Not Applicable,Not Applicable,Not Applicable,475,Not Applicable,0,,
2024-07-24 06:02:00,CNR7626189787,Success,CID203178,Prime SUV,Indiranagar,Hebbal,42.0,25.0,Not Applicable,Not Applicable,No,Not Applicable,277,UPI,32,3.5,3.1
2024-07-05 00:58:00,CNR8180030108,Canceled by Driver,CID863258,eBike,Shivajinagar,Whitefield,,,Not Applicable,More than permitted people in there,Not Applicable,Not Applicable,298,Not Applicable,0,,
2024-07-05 23:33:00,CNR9678571498,Success,CID456497,Bike,Frazer Town,Devanahalli,259.0,70.0,Not Applicable,Not Applicable,No,Not Applicable,355,Cash,19,3.5,4.5
2024-07-26 10:59:00,CNR1319832902,Driver Not Found,CID521397,eBike,Majestic,Varthur,,,Not Applicable,Not Applicable,Not Applicable,Not Applicable,259,Not Applicable,0,,
2024-07-14 22:27:00,CNR8140148889,Canceled by Customer,CID548180,Bike,Vijayanagar,Peenya,,,Change of plans,Not Applicable,Not Applicable,Not Applicable,1492,Not Applicable,0,,
2024-07-09 18:17:00,CNR9027700513,Success,CID693249,Mini,Basavanagudi,JP Nagar,35.0,115.0,Not Applicable,Not Applicable,No,Not Applicable,771,Credit Card,20,3.1,3.0
2024-07-24 08:41:00,CNR3100419644,Success,CID238822,Auto,Magadi Road,Langford Town,77.0,30.0,Not Applicable,Not Applicable,No,Not Applicable,172,UPI,15,3.3,3.9
2024-07-02 01:31:00,CNR9680297197,Driver Not Found,CID767482,Prime Sedan,Kammanahalli,Langford Town,,,Not Applicable,Not Applicable,Not Applicable,Not Applicable,345,Not Applicable,0,,
2024-07-03 13:52:00,CNR1035806641,Canceled by Driver,CID515911,Prime SUV,Basavanagudi,Kammanahalli,,,Not Applicable,Customer related issue,Not Applicable,Not Applicable,260,Not Applicable,0,,
2024-07-13 05:12:00,CNR5725175234,Canceled by Driver,CID874209,Prime Plus,Kammanahalli,Basavanagudi,,,Not Applicable,Personal & Car related issue,Not Applicable,Not Applicable,104,Not Applicable,0,,
2024-07-29 14:45:00,CNR8498405075,Success,CID760880,Auto,Langford Town,Langford Town,147.0,60.0,Not Applicable,Not Applicable,No,Not Applicable,396,Cash,9,3.0,4.8
2024-07-12 08:40:00,CNR3680208940,Success,CID333608,Prime SUV,Yelahanka,Hebbal,259.0,75.0,Not Applicable,Not Applicable,No,Not Applicable,113,UPI,32,3.8,3.2
2024-07-27 04:23:00,CNR3585488734,Success,CID274817,Prime Plus,Basavanagudi,Whitefield,49.0,105.0,Not Applicable,Not Applicable,Yes,Vehicle Breakdown,152,Credit Card,4,3.4,4.0
2024-07-13 07:15:00,CNR9982937158,Success,CID540513,Prime Plus,Whitefield,Chickpet,189.0,50.0,Not Applicable,Not Applicable,No,Not Applicable,589,Cash,47,3.9,4.9
2024-07-09 20:24:00,CNR3568755600,Success,CID603704,Auto,Bellandur,RT Nagar,161.0,140.0,Not Applicable,Not Applicable,No,Not Applicable,448,Cash,16,4.4,3.9
2024-07-20 05:10:00,CNR7922941265,Success,CID174650,Prime SUV,Rajajinagar,Hebbal,196.0,85.0,Not Applicable,Not Applicable,No,Not Applicable,2629,UPI,4,4.0,4.3
2024-07-01 03:03:00,CNR2241471502,Success,CID117849,Bike,MG Road,Koramangala,294.0,85.0,Not Applicable,Not Applicable,No,Not Applicable,970,Cash,12,4.6,3.1
2024-07-03 18:39:00,CNR7332854024,Success,CID681590,Mini,Frazer Town,Nagarbhavi,161.0,65.0,Not Applicable,Not Applicable,No,Not Applicable,238,UPI,24,3.3,4.6
2024-07-24 19:18:00,CNR2137268979,Success,CID835875,eBike,Vijayanagar,Ulsoor,42.0,125.0,Not Applicable,Not Applicable,No,Not Applicable,477,UPI,47,3.8,4.5
2024-07-25 10:13:00,CNR4181626353,Driver Not Found,CID288223,eBike,Jayanagar,Kammanahalli,,,Not Applicable,Not Applicable,Not Applicable,Not Applicable,431,Not Applicable,0,,
2024-07-10 13:12:00,CNR2419151429,Success,CID891660,Prime Sedan,Koramangala,Banashankari,245.0,45.0,Not Applicable,Not Applicable,No,Not Applicable,577,Cash,9,3.4,4.6
2024-07-18 14:41:00,CNR3916884237,Canceled by Driver,CID388440,Auto,Mysore Road,HSR Layout,,,Not Applicable,Customer related issue,Not Applicable,Not Applicable,148,Not Applicable,0,,
2024-07-09 07:23:00,CNR2700880341,Canceled by Customer,CID434430,Prime Sedan,Richmond Town,Malleshwaram,,,Driver is not moving towards pickup location,Not Applicable,Not Applicable,Not Applicable,369,Not Applicable,0,,
2024-07-02 15:33:00,CNR4017586030,Success,CID713868,Prime Plus,Sarjapur Road,Kengeri,77.0,65.0,Not Applicable,Not Applicable,No,Not Applicable,389,Cash,44,4.2,4.9
2024-07-03 04:52:00,CNR6921267760,Success,CID511104,Prime Sedan,KR Puram,Rajajinagar,210.0,55.0,Not Applicable,Not Applicable,Yes,Other Issue,174,Credit Card,47,4.9,5.0
2024-07-17 19:19:00,CNR7793219104,Success,CID308631,Mini,Hennur,Vijayanagar,182.0,95.0,Not Applicable,Not Applicable,No,Not Applicable,493,Cash,3,3.3,3.2
2024-07-09 04:31:00,CNR1387532317,Success,CID965509,Prime Plus,Shantinagar,Mysore Road,161.0,25.0,Not Applicable,Not Applicable,No,Not Applicable,543,Cash,7,3.6,4.2
2024-07-06 05:49:00,CNR6653611700,Canceled by Driver,CID336425,Prime Plus,Basavanagudi,JP Nagar,,,Not Applicable,Customer related issue,Not Applicable,Not Applicable,400,Not Applicable,0,,
2024-07-23 01:07:00,CNR8933933759,Success,CID149486,Prime SUV,Kammanahalli,Yelahanka,84.0,40.0,Not Applicable,Not Applicable,No,Not Applicable,435,Cash,34,4.2,4.6
2024-07-28 05:56:00,CNR9056865218,Success,CID179865,Auto,Padmanabhanagar,Koramangala,217.0,30.0,Not Applicable,Not Applicable,Yes,Customer Demand,785,UPI,15,3.3,3.7
2024-07-19 04:30:00,CNR2815076269,Canceled by Customer,CID415562,Bike,Kadugodi,Yelahanka,,,Change of plans,Not Applicable,Not Applicable,Not Applicable,439,Not Applicable,0,,
2024-07-30 15:58:00,CNR4652955864,Success,CID381417,Mini,Basavanagudi,Tumkur Road,63.0,75.0,Not Applicable,Not Applicable,Yes,Other Issue,110,Cash,44,4.8,3.2
2024-07-29 05:49:00,CNR2549398855,Canceled by Driver,CID422982,Prime Sedan,Bannerghatta Road,Rajajinagar,,,Not Applicable,Customer was coughing/sick,Not Applicable,Not Applicable,789,Not Applicable,0,,
2024-07-25 23:44:00,CNR6332425072,Canceled by Customer,CID776511,Auto,Rajarajeshwari Nagar,Majestic,,,Driver is not moving towards pickup location,Not Applicable,Not Applicable,Not Applicable,312,Not Applicable,0,,
2024-07-14 16:39:00,CNR4954325577,Success,CID359882,Bike,Chamarajpet,BTM Layout,49.0,125.0,Not Applicable,Not Applicable,No,Not Applicable,880,Cash,28,3.9,3.1
2024-07-21 15:16:00,CNR1629140898,Success,CID189236,Prime SUV,Magadi Road,Padmanabhanagar,133.0,35.0,Not Applicable,Not Applicable,No,Not Applicable,329,Cash,11,4.1,3.7
2024-07-20 06:15:00,CNR1060655586,Canceled by Driver,CID592593,Prime Plus,Majestic,Bellandur,,,Not Applicable,Customer related issue,Not Applicable,Not Applicable,303,Not Applicable,0,,
2024-07-15 01:12:00,CNR2233347428,Success,CID687629,eBike,BTM Layout,Chickpet,189.0,100.0,Not Applicable,Not Applicable,No,Not Applicable,177,UPI,11,4.0,3.3
2024-07-05 10:17:00,CNR6748093727,Canceled by Driver,CID103173,Auto,Magadi Road,Yeshwanthpur,,,Not Applicable,Customer related issue,Not Applicable,Not Applicable,575,Not Applicable,0,,
2024-07-19 03:56:00,CNR2801970735,Success,CID666042,Prime Plus,Nagarbhavi,Kammanahalli,210.0,35.0,Not Applicable,Not Applicable,No,Not Applicable,2092,Cash,8,3.5,3.8
2024-07-09 01:17:00,CNR3524807254,Success,CID207456,Prime Plus,MG Road,Yeshwanthpur,56.0,90.0,Not Applicable,Not Applicable,No,Not Applicable,145,Cash,10,3.5,4.9
2024-07-13 12:36:00,CNR2225246531,Success,CID642872,Bike,Langford Town,Ulsoor,49.0,50.0,Not Applicable,Not Applicable,No,Not Applicable,198,Cash,24,4.4,4.0
2024-07-07 05:00:00,CNR6481172306,Success,CID898349,Prime Plus,Kadugodi,Peenya,210.0,105.0,Not Applicable,Not Applicable,No,Not Applicable,285,Cash,11,3.3,4.5
2024-07-13 07:30:00,CNR8577840850,Success,CID322079,Mini,MG Road,KR Puram,287.0,50.0,Not Applicable,Not Applicable,No,Not Applicable,273,Cash,15,4.8,4.7
2024-07-25 23:15:00,CNR9115443647,Canceled by Driver,CID551993,Prime Sedan,Indiranagar,Ramamurthy Nagar,,,Not Applicable,Customer was coughing/sick,Not Applicable,Not Applicable,2653,Not Applicable,0,,
2024-07-03 17:33:00,CNR4150625939,Canceled by Customer,CID892939,Auto,Ramamurthy Nagar,Ramamurthy Nagar,,,Driver asked to cancel,Not Applicable,Not Applicable,Not Applicable,360,Not Applicable,0,,
2024-07-19 11:13:00,CNR2757078294,Driver Not Found,CID899175,Mini,Banashankari,Majestic,,,Not Applicable,Not Applicable,Not Applicable,Not Applicable,254,Not Applicable,0,,
2024-07-07 21:54:00,CNR5415744537,Canceled by Customer,CID550270,eBike,Magadi Road,Hosur Road,,,Driver asked to cancel,Not Applicable,Not Applicable,Not Applicable,329,Not Applicable,0,,
2024-07-25 01:46:00,CNR2373940333,Success,CID922203,Prime Plus,Kengeri,Yeshwanthpur,224.0,125.0,Not Applicable,Not Applicable,No,Not Applicable,939,UPI,42,3.5,4.2
2024-07-29 12:15:00,CNR1852332026,Success,CID948053,Prime Sedan,Rajajinagar,Padmanabhanagar,280.0,95.0,Not Applicable,Not Applicable,No,Not Applicable,148,UPI,17,4.8,3.7
2024-07-04 10:10:00,CNR3858812011,Canceled by Customer,CID846151,Prime SUV,Richmond Town,Devanahalli,,,Driver is not moving towards pickup location,Not Applicable,Not Applicable,Not Applicable,376,Not Applicable,0,,
2024-07-13 15:07:00,CNR4725871525,Canceled by Driver,CID812619,eBike,Tumkur Road,Padmanabhanagar,,,Not Applicable,Customer related issue,Not Applicable,Not Applicable,396,Not Applicable,0,,
2024-07-06 05:45:00,CNR6526021786,Success,CID378194,Prime SUV,Bellandur,JP Nagar,231.0,60.0,Not Applicable,Not Applicable,No,Not Applicable,367,UPI,26,4.4,4.2
2024-07-11 02:27:00,CNR1361640538,Canceled by Driver,CID888262,Prime Sedan,Magadi Road,KR Puram,,,Not Applicable,More than permitted people in there,Not Applicable,Not Applicable,387,Not Applicable,0,,
2024-07-20 08:54:00,CNR5611998285,Success,CID277417,Prime Plus,Rajajinagar,KR Puram,245.0,35.0,Not Applicable,Not Applicable,Yes,Vehicle Breakdown,287,Cash,43,4.7,4.0
2024-07-19 07:12:00,CNR9997219286,Success,CID142057,eBike,Hulimavu,Marathahalli,119.0,45.0,Not Applicable,Not Applicable,No,Not Applicable,226,Cash,40,4.3,3.3
2024-07-24 05:43:00,CNR5796697104,Canceled by Customer,CID733631,Mini,Basavanagudi,Rajarajeshwari Nagar,,,AC is Not working,Not Applicable,Not Applicable,Not Applicable,365,Not Applicable,0,,
2024-07-01 04:13:00,CNR7714286555,Success,CID235750,eBike,Chamarajpet,Varthur,70.0,95.0,Not Applicable,Not Applicable,No,Not Applicable,2140,UPI,10,3.8,4.9
2024-07-30 05:24:00,CNR9489337491,Success,CID523259,Auto,Varthur,Hulimavu,210.0,95.0,Not Applicable,Not Applicable,No,Not Applicable,160,Cash,3,3.6,4.2
2024-07-17 12:25:00,CNR1692311712,Success,CID415488,Prime SUV,Devanahalli,Frazer Town,175.0,125.0,Not Applicable,Not Applicable,No,Not Applicable,216,Cash,11,4.2,3.0
2024-07-17 01:01:00,CNR3284488445,Canceled by Customer,CID426785,Auto,Ramamurthy Nagar,Sarjapur Road,,,AC is Not working,Not Applicable,Not Applicable,Not Applicable,448,Not Applicable,0,,
2024-07-26 14:30:00,CNR6692298323,Success,CID170450,Prime Plus,Kengeri,Padmanabhanagar,98.0,115.0,Not Applicable,Not Applicable,No,Not Applicable,723,Cash,19,4.6,4.8
2024-07-04 08:20:00,CNR2301462596,Driver Not Found,CID300232,Prime Sedan,Frazer Town,Ulsoor,,,Not Applicable,Not Applicable,Not Applicable,Not Applicable,2328,Not Applicable,0,,
2024-07-02 06:18:00,CNR6965405860,Success,CID592248,Prime Sedan,Sahakar Nagar,Padmanabhanagar,49.0,55.0,Not Applicable,Not Applicable,No,Not Applicable,352,UPI,42,3.3,3.5
2024-07-19 06:04:00,CNR8935682567,Driver Not Found,CID310252,Prime SUV,Magadi Road,Banashankari,,,Not Applicable,Not Applicable,Not Applicable,Not Applicable,181,Not Applicable,0,,
2024-07-08 19:18:00,CNR6829552208,Success,CID678731,Bike,Shivajinagar,Hebbal,280.0,55.0,Not Applicable,Not Applicable,No,Not Applicable,499,Cash,31,3.1,3.1
2024-07-21 03:25:00,CNR8097712577,Success,CID828401,Prime SUV,Banashankari,Hosur Road,119.0,85.0,Not Applicable,Not Applicable,No,Not Applicable,765,UPI,21,4.0,4.0
2024-07-06 04:05:00,CNR3172935773,Driver Not Found,CID545102,Prime Plus,Indiranagar,Kadugodi,,,Not Applicable,Not Applicable,Not Applicable,Not Applicable,174,Not Applicable,0,,
2024-07-15 01:18:00,CNR3936625054,Success,CID729983,Prime Plus,Padmanabhanagar,Bellandur,35.0,120.0,Not Applicable,Not Applicable,No,Not Applicable,297,Cash,22,4.8,4.0
2024-07-05 15:52:00,CNR1278788383,Success,CID269768,Auto,Chamarajpet,MG Road,49.0,60.0,Not Applicable,Not Applicable,Yes,Vehicle Breakdown,107,UPI,10,4.7,3.1
2024-07-18 08:03:00,CNR5674017532,Driver Not Found,CID183516,Bike,Rajajinagar,Shantinagar,,,Not Applicable,Not Applicable,Not Applicable,Not Applicable,130,Not Applicable,0,,
2024-07-16 22:36:00,CNR9790299015,Success,CID392138,Prime Sedan,Shivajinagar,Peenya,49.0,45.0,Not Applicable,Not Applicable,No,Not Applicable,2728,UPI,38,3.2,3.5
2024-07-08 02:17:00,CNR7205267085,Success,CID247851,Auto,Vijayanagar,Padmanabhanagar,217.0,70.0,Not Applicable,Not Applicable,No,Not Applicable,297,Cash,2,3.1,4.4
2024-07-03 18:56:00,CNR6951931959,Success,CID501437,Mini,Devanahalli,Kengeri,273.0,50.0,Not Applicable,Not Applicable,Yes,Customer Demand,781,UPI,16,4.8,3.8
2024-07-22 10:02:00,CNR7612046903,Driver Not Found,CID280144,Auto,Ulsoor,Tumkur Road,,,Not Applicable,Not Applicable,Not Applicable,Not Applicable,182,Not Applicable,0,,
2024-07-14 12:39:00,CNR6701613897,Canceled by Driver,CID890794,Auto,Mysore Road,Hebbal,,,Not Applicable,Personal & Car related issue,Not Applicable,Not Applicable,224,Not Applicable,0,,
2024-07-27 08:09:00,CNR7086355880,Success,CID895367,eBike,Chickpet,JP Nagar,112.0,110.0,Not Applicable,Not Applicable,No,Not Applicable,255,Cash,48,3.0,3.8
2024-07-02 16:01:00,CNR3934375093,Canceled by Driver,CID902273,Prime Plus,HSR Layout,Electronic City,,,Not Applicable,Personal & Car related issue,Not Applicable,Not Applicable,447,Not Applicable,0,,
2024-07-09 04:30:00,CNR4111746024,Canceled by Driver,CID247269,eBike,Bannerghatta Road,Yeshwanthpur,,,Not Applicable,Customer related issue,Not Applicable,Not Applicable,386,Not Applicable,0,,
2024-07-05 15:58:00,CNR3040881337,Success,CID803063,Bike,Malleshwaram,Yelahanka,203.0,125.0,Not Applicable,Not Applicable,No,Not Applicable,410,Cash,35,3.3,3.5
2024-07-01 01:52:00,CNR3120682479,Success,CID458881,eBike,Indiranagar,Marathahalli,49.0,75.0,Not Applicable,Not Applicable,No,Not Applicable,425,UPI,21,4.2,3.9
2024-07-28 10:02:00,CNR7255074940,Driver Not Found,CID649509,Auto,Tumkur Road,Hulimavu,,,Not Applicable,Not Applicable,Not Applicable,Not Applicable,464,Not Applicable,0,,
2024-07-04 06:45:00,CNR9432138119,Driver Not Found,CID507920,Mini,Mysore Road,Frazer Town,,,Not Applicable,Not Applicable,Not Applicable,Not Applicable,2624,Not Applicable,0,,
2024-07-27 21:50:00,CNR3446562409,Success,CID660398,eBike,BTM Layout,Kammanahalli,308.0,130.0,Not Applicable,Not Applicable,No,Not Applicable,472,UPI,20,3.2,4.2
2024-07-19 22:52:00,CNR8948839731,Canceled by Driver,CID481122,Auto,KR Puram,Malleshwaram,,,Not Applicable,Customer related issue,Not Applicable,Not Applicable,268,Not Applicable,0,,
2024-07-29 21:22:00,CNR8943642375,Canceled by Driver,CID508644,Bike,MG Road,Shantinagar,,,Not Applicable,Customer related issue,Not Applicable,Not Applicable,747,Not Applicable,0,,
2024-07-08 15:36:00,CNR3970056502,Success,CID606222,Bike,Mysore Road,Ramamurthy Nagar,112.0,80.0,Not Applicable,Not Applicable,No,Not Applicable,499,Cash,9,4.5,4.2
2024-07-12 23:07:00,CNR6303006302,Success,CID949874,Mini,Varthur,Ramamurthy Nagar,217.0,130.0,Not Applicable,Not Applicable,No,Not Applicable,477,Cash,28,4.6,4.4
2024-07-29 04:31:00,CNR8019654399,Success,CID441602,eBike,Electronic City,Vijayanagar,119.0,105.0,Not Applicable,Not Applicable,No,Not Applicable,180,UPI,12,4.0,4.8
2024-07-16 20:34:00,CNR2725376177,Canceled by Customer,CID348503,eBike,Yeshwanthpur,Electronic City,,,Change of plans,Not Applicable,Not Applicable,Not Applicable,223,Not Applicable,0,,
2024-07-29 17:07:00,CNR9670160217,Driver Not Found,CID495080,Auto,Magadi Road,Banashankari,,,Not Applicable,Not Applicable,Not Applicable,Not Applicable,718,Not Applicable,0,,
2024-07-03 19:45:00,CNR7258683275,Driver Not Found,CID168012,Mini,KR Puram,Hennur,,,Not Applicable,Not Applicable,Not Applicable,Not Applicable,301,Not Applicable,0,,
2024-07-04 17:59:00,CNR9947973185,Canceled by Customer,CID947416,Bike,Bannerghatta Road,Peenya,,,AC is Not working,Not Applicable,Not Applicable,Not Applicable,450,Not Applicable,0,,
2024-07-28 01:45:00,CNR4893534507,Success,CID140389,Prime Sedan,Shivajinagar,HSR Layout,210.0,65.0,Not Applicable,Not Applicable,No,Not Applicable,491,Debit Card,41,4.6,4.4
2024-07-04 17:15:00,CNR3635551259,Canceled by Driver,CID784210,Prime SUV,Whitefield,Cox Town,,,Not Applicable,Customer related issue,Not Applicable,Not Applicable,174,Not Applicable,0,,
2024-07-11 18:59:00,CNR4885583604,Success,CID544303,eBike,Hennur,MG Road,70.0,90.0,Not Applicable,Not Applicable,No,Not Applicable,451,Cash,45,4.3,3.9
2024-07-07 03:59:00,CNR5376064478,Success,CID503833,Prime Plus,Chamarajpet,Frazer Town,301.0,35.0,Not Applicable,Not Applicable,No,Not Applicable,217,UPI,2,3.7,3.1
2024-07-23 21:59:00,CNR2997024531,Success,CID303588,Auto,Basavanagudi,Rajarajeshwari Nagar,147.0,25.0,Not Applicable,Not Applicable,No,Not Applicable,808,UPI,14,3.1,4.3
2024-07-08 02:45:00,CNR2489072986,Canceled by Driver,CID742578,eBike,Magadi Road,Sarjapur Road,,,Not Applicable,Customer related issue,Not Applicable,Not Applicable,130,Not Applicable,0,,
2024-07-19 17:06:00,CNR6323562943,Driver Not Found,CID698377,Prime Sedan,Yeshwanthpur,HSR Layout,,,Not Applicable,Not Applicable,Not Applicable,Not Applicable,918,Not Applicable,0,,
2024-07-12 12:40:00,CNR4470810479,Driver Not Found,CID288135,Prime SUV,Chamarajpet,Tumkur Road,,,Not Applicable,Not Applicable,Not Applicable,Not Applicable,351,Not Applicable,0,,
2024-07-08 13:06:00,CNR3150055704,Success,CID235923,eBike,Indiranagar,Vijayanagar,231.0,140.0,Not Applicable,Not Applicable,No,Not Applicable,452,Cash,5,4.5,4.3
2024-07-12 05:14:00,CNR1337952497,Success,CID778948,eBike,Kadugodi,Koramangala,77.0,70.0,Not Applicable,Not Applicable,No,Not Applicable,172,UPI,43,3.0,3.9
2024-07-28 16:26:00,CNR6790812857,Success,CID849384,Prime SUV,Rajarajeshwari Nagar,Hosur Road,112.0,75.0,Not Applicable,Not Applicable,No,Not Applicable,230,Cash,40,4.9,3.7
2024-07-04 12:47:00,CNR6246202787,Success,CID775007,Auto,Koramangala,Cox Town,91.0,140.0,Not Applicable,Not Applicable,No,Not Applicable,165,UPI,16,3.5,4.0
2024-07-11 17:35:00,CNR3407457832,Success,CID920072,eBike,Sahakar Nagar,Hennur,70.0,135.0,Not Applicable,Not Applicable,No,Not Applicable,2108,UPI,7,3.1,3.5
2024-07-11 15:42:00,CNR6483369985,Success,CID632825,Prime SUV,BTM Layout,Majestic,189.0,60.0,Not Applicable,Not Applicable,No,Not Applicable,461,UPI,2,4.3,3.6
2024-07-13 15:01:00,CNR6014896093,Canceled by Driver,CID116541,Prime Sedan,Whitefield,Padmanabhanagar,,,Not Applicable,Personal & Car related issue,Not Applicable,Not Applicable,271,Not Applicable,0,,
2024-07-07 04:09:00,CNR2323139995,Canceled by Driver,CID356001,Prime Sedan,KR Puram,Ulsoor,,,Not Applicable,Personal & Car related issue,Not Applicable,Not Applicable,418,Not Applicable,0,,
2024-07-06 16:55:00,CNR5367819548,Success,CID771683,Mini,Yelahanka,Shantinagar,294.0,100.0,Not Applicable,Not Applicable,No,Not Applicable,455,UPI,41,4.0,4.5
2024-07-08 09:21:00,CNR7550474605,Success,CID702567,eBike,Varthur,Majestic,287.0,50.0,Not Applicable,Not Applicable,No,Not Applicable,341,UPI,39,4.5,3.2
2024-07-18 05:45:00,CNR6328968958,Canceled by Customer,CID860609,Auto,Koramangala,Sahakar Nagar,,,AC is Not working,Not Applicable,Not Applicable,Not Applicable,491,Not Applicable,0,,
2024-07-11 20:56:00,CNR7047145994,Canceled by Driver,CID960105,Prime SUV,Hosur Road,Chickpet,,,Not Applicable,Personal & Car related issue,Not Applicable,Not Applicable,706,Not Applicable,0,,
2024-07-04 14:17:00,CNR4474694530,Success,CID534076,Prime SUV,Ramamurthy Nagar,Majestic,147.0,70.0,Not Applicable,Not Applicable,No,Not Applicable,893,Cash,49,4.9,3.9
2024-07-18 20:33:00,CNR4175496628,Success,CID216466,Prime Sedan,Rajajinagar,MG Road,287.0,70.0,Not Applicable,Not Applicable,No,Not Applicable,471,Cash,36,3.2,4.2
2024-07-01 23:16:00,CNR5729261397,Driver Not Found,CID577491,Prime Sedan,Yelahanka,Whitefield,,,Not Applicable,Not Applicable,Not Applicable,Not Applicable,227,Not Applicable,0,,
2024-07-25 12:11:00,CNR5888381847,Success,CID866424,Prime Plus,Richmond Town,Rajajinagar,140.0,105.0,Not Applicable,Not Applicable,No,Not Applicable,2702,UPI,42,4.0,4.3
2024-07-11 22:35:00,CNR6789433117,Success,CID538514,Prime Sedan,Devanahalli,Hennur,140.0,35.0,Not Applicable,Not Applicable,No,Not Applicable,189,UPI,37,3.9,3.2
2024-07-21 20:16:00,CNR4135411431,Success,CID499916,Bike,Indiranagar,Peenya,280.0,125.0,Not Applicable,Not Applicable,No,Not Applicable,201,UPI,8,4.5,3.7
2024-07-28 20:21:00,CNR9799035539,Canceled by Customer,CID836809,Prime SUV,KR Puram,Sarjapur Road,,,Change of plans,Not Applicable,Not Applicable,Not Applicable,222,Not Applicable,0,,
2024-07-12 16:40:00,CNR3078921519,Success,CID218885,Prime Sedan,Magadi Road,Bellandur,105.0,40.0,Not Applicable,Not Applicable,No,Not Applicable,149,Cash,6,3.7,4.8
2024-07-10 18:16:00,CNR6631500373,Driver Not Found,CID115088,Auto,Kadugodi,Langford Town,,,Not Applicable,Not Applicable,Not Applicable,Not Applicable,385,Not Applicable,0,,
2024-07-02 20:32:00,CNR8420829974,Success,CID193320,Prime Sedan,Padmanabhanagar,Chamarajpet,168.0,80.0,Not Applicable,Not Applicable,No,Not Applicable,176,Cash,44,4.6,3.1
2024-07-09 01:37:00,CNR5215390630,Success,CID183051,eBike,Koramangala,Kammanahalli,231.0,60.0,Not Applicable,Not Applicable,No,Not Applicable,511,Cash,1,4.7,4.2
2024-07-28 19:33:00,CNR1601186166,Success,CID332881,Prime Sedan,JP Nagar,Banashankari,196.0,100.0,Not Applicable,Not Applicable,No,Not Applicable,606,Cash,19,4.3,4.2
2024-07-24 12:55:00,CNR2300904549,Success,CID287894,Mini,Peenya,KR Puram,168.0,115.0,Not Applicable,Not Applicable,No,Not Applicable,297,Cash,44,4.6,3.8
2024-07-20 15:46:00,CNR9753442368,Success,CID313374,Prime Sedan,Rajarajeshwari Nagar,MG Road,231.0,85.0,Not Applicable,Not Applicable,No,Not Applicable,666,UPI,33,4.0,3.4
2024-07-06 04:37:00,CNR1955755476,Success,CID184703,Mini,MG Road,Devanahalli,105.0,65.0,Not Applicable,Not Applicable,No,Not Applicable,693,Cash,8,5.0,3.9
2024-07-03 12:15:00,CNR6913146787,Driver Not Found,CID756789,Bike,Cox Town,Nagarbhavi,,,Not Applicable,Not Applicable,Not Applicable,Not Applicable,659,Not Applicable,0,,
2024-07-02 19:36:00,CNR2145420617,Canceled by Driver,CID440559,Prime Sedan,Shantinagar,Kengeri,,,Not Applicable,Personal & Car related issue,Not Applicable,Not Applicable,279,Not Applicable,0,,
2024-07-13 16:10:00,CNR7100084050,Success,CID896829,Prime SUV,Richmond Town,Tumkur Road,273.0,65.0,Not Applicable,Not Applicable,No,Not Applicable,717,UPI,6,4.8,4.4
2024-07-26 17:14:00,CNR4638847815,Canceled by Customer,CID453991,Prime SUV,Ramamurthy Nagar,Frazer Town,,,AC is Not working,Not Applicable,Not Applicable,Not Applicable,147,Not Applicable,0,,
2024-07-03 03:57:00,CNR2109665044,Driver Not Found,CID942660,Prime Plus,Whitefield,Jayanagar,,,Not Applicable,Not Applicable,Not Applicable,Not Applicable,290,Not Applicable,0,,
2024-07-10 10:39:00,CNR1511742423,Success,CID416645,Auto,Chickpet,Tumkur Road,196.0,135.0,Not Applicable,Not Applicable,No,Not Applicable,366,UPI,4,4.8,4.1
2024-07-10 17:27:00,CNR3683542890,Success,CID123541,Auto,JP Nagar,Kengeri,217.0,35.0,Not Applicable,Not Applicable,No,Not Applicable,200,UPI,14,4.8,3.4
2024-07-15 12:01:00,CNR8704539892,Success,CID889664,Prime Sedan,Kengeri,Tumkur Road,217.0,65.0,Not Applicable,Not Applicable,No,Not Applicable,265,Cash,14,3.6,3.1
2024-07-07 18:45:00,CNR2985895486,Success,CID996073,Prime Sedan,Indiranagar,Rajarajeshwari Nagar,91.0,65.0,Not Applicable,Not Applicable,No,Not Applicable,616,Cash,39,4.1,4.4
2024-07-08 20:35:00,CNR2111755041,Success,CID958788,Auto,Majestic,MG Road,189.0,45.0,Not Applicable,Not Applicable,No,Not Applicable,212,UPI,4,3.8,4.8
2024-07-17 23:36:00,CNR9692277215,Success,CID623886,Mini,Bannerghatta Road,Cox Town,133.0,90.0,Not Applicable,Not Applicable,No,Not Applicable,448,Cash,8,3.9,4.7
2024-07-07 23:29:00,CNR4826062010,Success,CID875591,Bike,RT Nagar,Cox Town,147.0,125.0,Not Applicable,Not Applicable,No,Not Applicable,446,UPI,6,3.5,4.0
2024-07-17 13:22:00,CNR8575257630,Canceled by Driver,CID403731,Prime Plus,Chamarajpet,Jayanagar,,,Not Applicable,Customer related issue,Not Applicable,Not Applicable,2568,Not Applicable,0,,
2024-07-22 13:23:00,CNR5961464525,Success,CID386111,Prime SUV,Hebbal,MG Road,294.0,60.0,Not Applicable,Not Applicable,No,Not Applicable,349,Cash,39,3.2,4.5
2024-07-08 02:23:00,CNR7513531469,Canceled by Driver,CID559614,Auto,Banashankari,Chickpet,,,Not Applicable,Customer related issue,Not Applicable,Not Applicable,434,Not Applicable,0,,
2024-07-21 07:52:00,CNR6035284798,Success,CID321622,eBike,Yelahanka,Ulsoor,70.0,90.0,Not Applicable,Not Applicable,No,Not Applicable,243,Credit Card,46,4.8,3.5
2024-07-30 14:02:00,CNR4764377922,Driver Not Found,CID936491,Auto,Vijayanagar,Hennur,,,Not Applicable,Not Applicable,Not Applicable,Not Applicable,412,Not Applicable,0,,
2024-07-05 01:34:00,CNR7297398090,Canceled by Driver,CID711961,Auto,Yeshwanthpur,Banashankari,,,Not Applicable,Personal & Car related issue,Not Applicable,Not Applicable,153,Not Applicable,0,,
2024-07-19 15:23:00,CNR4773303314,Success,CID911304,Mini,Rajarajeshwari Nagar,Hosur Road,105.0,70.0,Not Applicable,Not Applicable,No,Not Applicable,343,UPI,28,4.1,4.0
2024-07-27 16:32:00,CNR7842512401,Success,CID573026,Mini,Nagarbhavi,Magadi Road,294.0,125.0,Not Applicable,Not Applicable,No,Not Applicable,284,Cash,35,3.1,4.4
2024-07-01 04:19:00,CNR4750141982,Driver Not Found,CID693305,Mini,Shivajinagar,Langford Town,,,Not Applicable,Not Applicable,Not Applicable,Not Applicable,230,Not Applicable,0,,
2024-07-30 00:01:00,CNR3208882388,Success,CID507945,Mini,Ulsoor,RT Nagar,63.0,75.0,Not Applicable,Not Applicable,No,Not Applicable,269,Cash,43,3.8,3.2
2024-07-22 23:15:00,CNR8300872268,Success,CID312827,Bike,Ramamurthy Nagar,BTM Layout,77.0,100.0,Not Applicable,Not Applicable,No,Not Applicable,547,Cash,15,4.3,3.3
2024-07-11 14:10:00,CNR4055360726,Success,CID300601,Mini,Vijayanagar,Hebbal,203.0,25.0,Not Applicable,Not Applicable,No,Not Applicable,263,Cash,43,4.9,4.8
2024-07-23 01:43:00,CNR9945096486,Canceled by Driver,CID966502,Prime Sedan,Devanahalli,Frazer Town,,,Not Applicable,Customer related issue,Not Applicable,Not Applicable,355,Not Applicable,0,,
2024-07-14 12:54:00,CNR1732952023,Driver Not Found,CID918396,Prime Sedan,Mysore Road,Jayanagar,,,Not Applicable,Not Applicable,Not Applicable,Not Applicable,335,Not Applicable,0,,
2024-07-16 16:53:00,CNR8479434490,Canceled by Customer,CID938018,Mini,Chamarajpet,Chamarajpet,,,Change of plans,Not Applicable,Not Applicable,Not Applicable,161,Not Applicable,0,,
2024-07-23 09:09:00,CNR9881921290,Canceled by Driver,CID977891,Mini,Sarjapur Road,Ramamurthy Nagar,,,Not Applicable,Customer related issue,Not Applicable,Not Applicable,338,Not Applicable,0,,
2024-07-06 03:22:00,CNR5225231972,Success,CID595967,eBike,Peenya,Jayanagar,224.0,65.0,Not Applicable,Not Applicable,No,Not Applicable,360,UPI,12,4.3,3.2
2024-07-06 22:17:00,CNR1454932895,Driver Not Found,CID442531,Prime SUV,Yelahanka,Malleshwaram,,,Not Applicable,Not Applicable,Not Applicable,Not Applicable,456,Not Applicable,0,,
2024-07-09 00:42:00,CNR8938339915,Success,CID812801,Auto,Bannerghatta Road,RT Nagar,175.0,115.0,Not Applicable,Not Applicable,No,Not Applicable,345,Cash,9,4.4,3.2
2024-07-25 09:51:00,CNR6678574468,Success,CID470828,Prime SUV,Shantinagar,Hulimavu,182.0,120.0,Not Applicable,Not Applicable,No,Not Applicable,213,UPI,32,4.3,3.9
2024-07-01 15:36:00,CNR1638123099,Canceled by Driver,CID584052,Prime Plus,Kammanahalli,Malleshwaram,,,Not Applicable,Customer was coughing/sick,Not Applicable,Not Applicable,231,Not Applicable,0,,
2024-07-07 05:19:00,CNR1214954366,Driver Not Found,CID269817,Bike,Yeshwanthpur,Bellandur,,,Not Applicable,Not Applicable,Not Applicable,Not Applicable,254,Not Applicable,0,,
2024-07-09 07:08:00,CNR7539527482,Driver Not Found,CID913389,Prime Sedan,Bannerghatta Road,Langford Town,,,Not Applicable,Not Applicable,Not Applicable,Not Applicable,489,Not Applicable,0,,
2024-07-22 18:08:00,CNR8206936884,Success,CID915348,Prime SUV,Frazer Town,Padmanabhanagar,126.0,65.0,Not Applicable,Not Applicable,No,Not Applicable,832,Cash,24,4.8,3.0
2024-07-07 21:02:00,CNR9897279287,Canceled by Customer,CID611801,Auto,Vijayanagar,Basavanagudi,,,Change of plans,Not Applicable,Not Applicable,Not Applicable,210,Not Applicable,0,,
2024-07-13 01:02:00,CNR9511532214,Success,CID548296,Auto,Magadi Road,Chickpet,35.0,130.0,Not Applicable,Not Applicable,Yes,Vehicle Breakdown,445,Cash,9,4.1,4.1
2024-07-24 23:24:00,CNR9161253296,Success,CID513239,eBike,Koramangala,Whitefield,112.0,100.0,Not Applicable,Not Applicable,No,Not Applicable,310,UPI,46,3.8,4.4
2024-07-02 09:08:00,CNR5777893600,Success,CID966894,Auto,Shantinagar,Magadi Road,35.0,35.0,Not Applicable,Not Applicable,No,Not Applicable,129,Cash,8,4.4,3.5
2024-07-03 12:01:00,CNR9532767455,Success,CID346395,Prime SUV,Whitefield,MG Road,42.0,130.0,Not Applicable,Not Applicable,No,Not Applicable,487,Cash,19,3.6,4.8
2024-07-07 06:11:00,CNR6498692793,Success,CID255216,Mini,Ulsoor,MG Road,140.0,110.0,Not Applicable,Not Applicable,No,Not Applicable,179,Cash,47,4.4,4.6
2024-07-15 11:15:00,CNR1266129552,Success,CID284888,Prime Plus,Malleshwaram,Electronic City,217.0,30.0,Not Applicable,Not Applicable,No,Not Applicable,2795,UPI,24,3.5,4.7
2024-07-11 21:29:00,CNR4349301421,Canceled by Customer,CID815662,Prime Plus,RT Nagar,Bellandur,,,Driver asked to cancel,Not Applicable,Not Applicable,Not Applicable,368,Not Applicable,0,,
2024-07-10 03:05:00,CNR7345135070,Canceled by Driver,CID352601,Bike,Shivajinagar,Koramangala,,,Not Applicable,Customer related issue,Not Applicable,Not Applicable,399,Not Applicable,0,,
2024-07-08 03:33:00,CNR7885480193,Driver Not Found,CID678579,Mini,Malleshwaram,Chamarajpet,,,Not Applicable,Not Applicable,Not Applicable,Not Applicable,306,Not Applicable,0,,
2024-07-02 14:10:00,CNR2607993225,Success,CID850446,Mini,Electronic City,Yelahanka,140.0,50.0,Not Applicable,Not Applicable,No,Not Applicable,322,Cash,6,3.5,3.5
2024-07-09 07:24:00,CNR7007401843,Success,CID644129,Bike,JP Nagar,Tumkur Road,210.0,140.0,Not Applicable,Not Applicable,No,Not Applicable,403,Cash,44,3.7,4.6
2024-07-24 13:35:00,CNR1276801983,Canceled by Driver,CID744750,eBike,BTM Layout,Hulimavu,,,Not Applicable,Personal & Car related issue,Not Applicable,Not Applicable,888,Not Applicable,0,,
2024-07-29 19:07:00,CNR2372294067,Success,CID384735,Mini,KR Puram,MG Road,56.0,85.0,Not Applicable,Not Applicable,No,Not Applicable,771,Cash,40,4.0,4.9
2024-07-16 16:22:00,CNR7058388360,Success,CID907322,Prime SUV,Nagarbhavi,Bellandur,49.0,120.0,Not Applicable,Not Applicable,Yes,Vehicle Breakdown,131,Cash,48,4.6,4.2
2024-07-24 02:05:00,CNR9310679540,Success,CID349855,Mini,Hebbal,Langford Town,231.0,70.0,Not Applicable,Not Applicable,No,Not Applicable,922,UPI,40,3.3,4.3
2024-07-23 05:33:00,CNR4923748059,Success,CID142006,Prime SUV,Ramamurthy Nagar,Jayanagar,56.0,115.0,Not Applicable,Not Applicable,No,Not Applicable,226,Cash,34,4.3,4.6
2024-07-28 00:23:00,CNR9985107034,Success,CID982056,Prime SUV,Marathahalli,Kadugodi,280.0,140.0,Not Applicable,Not Applicable,No,Not Applicable,621,Cash,1,4.9,4.3
2024-07-23 19:50:00,CNR4367185255,Success,CID330046,Bike,Rajarajeshwari Nagar,Jayanagar,140.0,85.0,Not Applicable,Not Applicable,No,Not Applicable,130,Cash,12,4.7,4.7
2024-07-28 03:19:00,CNR3635398921,Success,CID919668,Bike,BTM Layout,Kengeri,231.0,60.0,Not Applicable,Not Applicable,No,Not Applicable,408,UPI,27,4.9,4.9
2024-07-02 22:33:00,CNR3895113392,Success,CID104857,Prime Sedan,Varthur,Majestic,63.0,60.0,Not Applicable,Not Applicable,No,Not Applicable,657,Debit Card,29,3.4,4.2
2024-07-16 22:20:00,CNR6354973196,Success,CID209106,Auto,BTM Layout,KR Puram,266.0,110.0,Not Applicable,Not Applicable,No,Not Applicable,128,UPI,11,3.8,4.3
2024-07-20 22:45:00,CNR9596182580,Success,CID637575,Prime Sedan,Bellandur,Vijayanagar,245.0,35.0,Not Applicable,Not Applicable,No,Not Applicable,129,Cash,15,3.2,4.2
2024-07-11 03:06:00,CNR4804357148,Success,CID302875,Auto,Hennur,Devanahalli,273.0,105.0,Not Applicable,Not Applicable,No,Not Applicable,954,UPI,16,3.9,4.8
2024-07-27 21:55:00,CNR6351733662,Canceled by Driver,CID225268,Bike,Electronic City,Basavanagudi,,,Not Applicable,Customer related issue,Not Applicable,Not Applicable,983,Not Applicable,0,,
2024-07-21 16:21:00,CNR9198813045,Success,CID541918,Bike,Koramangala,Hosur Road,203.0,60.0,Not Applicable,Not Applicable,No,Not Applicable,849,UPI,15,4.1,4.3
2024-07-24 23:03:00,CNR4388646680,Success,CID305496,Bike,Richmond Town,Electronic City,238.0,90.0,Not Applicable,Not Applicable,No,Not Applicable,966,Cash,8,3.0,3.4
2024-07-05 21:13:00,CNR3749097209,Success,CID448592,Mini,Jayanagar,HSR Layout,301.0,90.0,Not Applicable,Not Applicable,No,Not Applicable,164,UPI,26,4.7,4.9
2024-07-08 15:46:00,CNR8991331291,Success,CID228257,Auto,Varthur,Bellandur,196.0,75.0,Not Applicable,Not Applicable,No,Not Applicable,223,Cash,13,3.2,4.0
2024-07-03 17:22:00,CNR7973302913,Success,CID466631,Mini,Mysore Road,Majestic,266.0,100.0,Not Applicable,Not Applicable,Yes,Vehicle Breakdown,493,Cash,33,4.5,3.6
2024-07-26 22:49:00,CNR5647263621,Success,CID880116,Bike,Cox Town,Varthur,126.0,140.0,Not Applicable,Not Applicable,No,Not Applicable,104,UPI,43,4.0,3.9
2024-07-28 09:44:00,CNR8178982302,Success,CID175382,eBike,Langford Town,Sarjapur Road,84.0,140.0,Not Applicable,Not Applicable,No,Not Applicable,118,Cash,30,3.1,3.0
2024-07-15 17:21:00,CNR5309360780,Success,CID652070,Prime Plus,Devanahalli,Hebbal,70.0,35.0,Not Applicable,Not Applicable,No,Not Applicable,178,UPI,42,3.4,4.5
2024-07-07 06:08:00,CNR5096664145,Success,CID805853,Bike,JP Nagar,Devanahalli,238.0,130.0,Not Applicable,Not Applicable,No,Not Applicable,477,Cash,38,3.4,4.8
2024-07-14 02:05:00,CNR9221903533,Success,CID594545,Prime Sedan,Frazer Town,Mysore Road,217.0,140.0,Not Applicable,Not Applicable,No,Not Applicable,856,Cash,46,3.1,4.2
2024-07-19 02:19:00,CNR5634192931,Canceled by Customer,CID307033,Mini,Richmond Town,Kengeri,,,Driver is not moving towards pickup location,Not Applicable,Not Applicable,Not Applicable,350,Not Applicable,0,,
2024-07-29 23:53:00,CNR8391371859,Success,CID268439,Bike,Hulimavu,Kammanahalli,280.0,65.0,Not Applicable,Not Applicable,No,Not Applicable,450,UPI,17,3.3,4.4
2024-07-30 05:40:00,CNR3602033890,Driver Not Found,CID578172,Mini,Majestic,Nagarbhavi,,,Not Applicable,Not Applicable,Not Applicable,Not Applicable,1744,Not Applicable,0,,
2024-07-01 08:31:00,CNR3954388291,Success,CID817688,Prime SUV,Majestic,Chamarajpet,175.0,40.0,Not Applicable,Not Applicable,No,Not Applicable,236,UPI,7,4.8,4.3
2024-07-26 16:20:00,CNR1780059540,Canceled by Driver,CID933853,Auto,Tumkur Road,Cox Town,,,Not Applicable,Personal & Car related issue,Not Applicable,Not Applicable,470,Not Applicable,0,,
2024-07-13 14:25:00,CNR5333707965,Success,CID708229,Prime Plus,Kammanahalli,Marathahalli,196.0,80.0,Not Applicable,Not Applicable,No,Not Applicable,380,Cash,43,4.6,4.3
2024-07-15 13:37:00,CNR3465013496,Driver Not Found,CID219341,Prime SUV,Jayanagar,Richmond Town,,,Not Applicable,Not Applicable,Not Applicable,Not Applicable,119,Not Applicable,0,,
2024-07-09 23:29:00,CNR9428379667,Success,CID541477,Bike,Mysore Road,Frazer Town,294.0,60.0,Not Applicable,Not Applicable,No,Not Applicable,919,UPI,35,4.8,3.6
2024-07-15 16:01:00,CNR2763703995,Canceled by Driver,CID698241,Prime Sedan,Sarjapur Road,Malleshwaram,,,Not Applicable,Customer was coughing/sick,Not Applicable,Not Applicable,250,Not Applicable,0,,
2024-07-27 18:28:00,CNR7914239132,Canceled by Driver,CID287947,eBike,Chickpet,Hulimavu,,,Not Applicable,Customer was coughing/sick,Not Applicable,Not Applicable,580,Not Applicable,0,,
2024-07-06 04:18:00,CNR5331325383,Canceled by Customer,CID100314,eBike,Sahakar Nagar,Nagarbhavi,,,Driver asked to cancel,Not Applicable,Not Applicable,Not Applicable,265,Not Applicable,0,,
2024-07-25 06:30:00,CNR1110704968,Canceled by Driver,CID852329,Mini,Chickpet,BTM Layout,,,Not Applicable,Personal & Car related issue,Not Applicable,Not Applicable,178,Not Applicable,0,,
2024-07-13 17:21:00,CNR8445152482,Success,CID651300,Prime Plus,Hennur,Peenya,196.0,145.0,Not Applicable,Not Applicable,No,Not Applicable,297,Cash,49,3.1,3.8
2024-07-13 21:26:00,CNR2005738841,Driver Not Found,CID257129,eBike,Kadugodi,Yeshwanthpur,,,Not Applicable,Not Applicable,Not Applicable,Not Applicable,403,Not Applicable,0,,
2024-07-10 12:49:00,CNR6567682108,Canceled by Driver,CID840048,eBike,Shivajinagar,Jayanagar,,,Not Applicable,Customer related issue,Not Applicable,Not Applicable,353,Not Applicable,0,,
2024-07-11 14:50:00,CNR9996539735,Canceled by Driver,CID118415,Prime SUV,Chickpet,Hosur Road,,,Not Applicable,Customer was coughing/sick,Not Applicable,Not Applicable,111,Not Applicable,0,,
2024-07-22 01:39:00,CNR9871199641,Success,CID245854,Bike,Kammanahalli,Mysore Road,147.0,105.0,Not Applicable,Not Applicable,No,Not Applicable,1317,Cash,9,4.5,4.9
2024-07-21 07:19:00,CNR6833103061,Canceled by Driver,CID595253,Prime Plus,Mysore Road,Peenya,,,Not Applicable,More than permitted people in there,Not Applicable,Not Applicable,267,Not Applicable,0,,
2024-07-13 23:18:00,CNR1436143140,Success,CID268910,Prime Plus,Rajarajeshwari Nagar,Peenya,133.0,110.0,Not Applicable,Not Applicable,No,Not Applicable,880,Cash,9,4.7,4.2
2024-07-09 11:09:00,CNR5721716300,Success,CID792295,Bike,Vijayanagar,Magadi Road,168.0,110.0,Not Applicable,Not Applicable,No,Not Applicable,2302,Cash,29,3.2,4.3
2024-07-13 09:48:00,CNR3276480452,Canceled by Driver,CID434496,eBike,KR Puram,Padmanabhanagar,,,Not Applicable,Customer related issue,Not Applicable,Not Applicable,349,Not Applicable,0,,
2024-07-24 01:10:00,CNR6165491549,Canceled by Customer,CID748312,Mini,Langford Town,Yelahanka,,,Change of plans,Not Applicable,Not Applicable,Not Applicable,540,Not Applicable,0,,
2024-07-05 09:26:00,CNR2343738424,Success,CID577316,eBike,Padmanabhanagar,Varthur,245.0,45.0,Not Applicable,Not Applicable,No,Not Applicable,228,Cash,11,3.4,4.2
2024-07-03 07:24:00,CNR9220135493,Canceled by Driver,CID608767,Auto,Ulsoor,Yelahanka,,,Not Applicable,Personal & Car related issue,Not Applicable,Not Applicable,937,Not Applicable,0,,
2024-07-26 19:08:00,CNR7789530866,Success,CID271495,Prime Sedan,BTM Layout,Hennur,70.0,75.0,Not Applicable,Not Applicable,No,Not Applicable,633,Cash,36,3.9,3.3
2024-07-17 15:27:00,CNR5163189109,Success,CID327255,eBike,JP Nagar,Bellandur,161.0,60.0,Not Applicable,Not Applicable,No,Not Applicable,496,Cash,41,4.2,4.2
2024-07-06 06:53:00,CNR2513681920,Success,CID901620,eBike,MG Road,RT Nagar,308.0,145.0,Not Applicable,Not Applicable,No,Not Applicable,472,UPI,27,4.7,4.4
2024-07-25 23:58:00,CNR2380404528,Success,CID142288,eBike,KR Puram,Electronic City,217.0,40.0,Not Applicable,Not Applicable,No,Not Applicable,192,UPI,49,3.2,4.0
2024-07-27 12:56:00,CNR3008931354,Success,CID962720,Prime SUV,Yeshwanthpur,Rajajinagar,175.0,40.0,Not Applicable,Not Applicable,No,Not Applicable,797,UPI,46,3.7,3.9
2024-07-11 03:25:00,CNR2985122223,Canceled by Customer,CID461236,Auto,Ramamurthy Nagar,Electronic City,,,Driver asked to cancel,Not Applicable,Not Applicable,Not Applicable,128,Not Applicable,0,,
2024-07-15 02:10:00,CNR4285346064,Success,CID490950,Prime Plus,Langford Town,Devanahalli,91.0,65.0,Not Applicable,Not Applicable,No,Not Applicable,384,Cash,22,3.6,3.8
2024-07-11 12:13:00,CNR2255141891,Success,CID842427,Bike,Nagarbhavi,Chickpet,161.0,120.0,Not Applicable,Not Applicable,No,Not Applicable,1817,UPI,33,3.1,4.6
2024-07-01 11:53:00,CNR2718303942,Driver Not Found,CID310298,Prime Plus,Bellandur,Jayanagar,,,Not Applicable,Not Applicable,Not Applicable,Not Applicable,492,Not Applicable,0,,
2024-07-12 07:52:00,CNR2716351943,Success,CID555148,Auto,Sahakar Nagar,Yeshwanthpur,231.0,85.0,Not Applicable,Not Applicable,No,Not Applicable,570,Cash,10,3.7,4.0
2024-07-18 14:00:00,CNR5552406979,Success,CID857236,Prime Plus,Kadugodi,Magadi Road,308.0,35.0,Not Applicable,Not Applicable,No,Not Applicable,208,Cash,22,4.5,4.5
2024-07-04 00:21:00,CNR2145168583,Success,CID303271,Bike,Indiranagar,Hebbal,154.0,140.0,Not Applicable,Not Applicable,No,Not Applicable,314,UPI,24,4.8,3.8
2024-07-11 04:20:00,CNR1777867593,Success,CID535599,Bike,RT Nagar,Yelahanka,119.0,120.0,Not Applicable,Not Applicable,No,Not Applicable,112,Cash,40,3.1,3.6
2024-07-13 17:40:00,CNR1582434877,Driver Not Found,CID569064,Mini,Electronic City,Yelahanka,,,Not Applicable,Not Applicable,Not Applicable,Not Applicable,2724,Not Applicable,0,,
2024-07-10 20:27:00,CNR9752438219,Success,CID193703,Prime Plus,Mysore Road,Ramamurthy Nagar,42.0,130.0,Not Applicable,Not Applicable,No,Not Applicable,291,Cash,48,3.2,4.9
2024-07-04 23:52:00,CNR7354624024,Canceled by Driver,CID548463,Bike,Kengeri,Koramangala,,,Not Applicable,More than permitted people in there,Not Applicable,Not Applicable,1548,Not Applicable,0,,
2024-07-29 00:00:00,CNR1926954550,Success,CID926418,Bike,Electronic City,Frazer Town,259.0,85.0,Not Applicable,Not Applicable,No,Not Applicable,344,Cash,8,3.9,4.6
2024-07-27 19:49:00,CNR6011052563,Driver Not Found,CID985403,Prime Sedan,Chickpet,Hosur Road,,,Not Applicable,Not Applicable,Not Applicable,Not Applicable,171,Not Applicable,0,,
2024-07-18 05:48:00,CNR3936327952,Success,CID864391,eBike,Padmanabhanagar,Tumkur Road,91.0,145.0,Not Applicable,Not Applicable,No,Not Applicable,341,Cash,37,4.2,3.7
2024-07-11 23:09:00,CNR4084170922,Canceled by Driver,CID439098,Auto,Chamarajpet,Ramamurthy Nagar,,,Not Applicable,More than permitted people in there,Not Applicable,Not Applicable,321,Not Applicable,0,,
2024-07-23 16:41:00,CNR4392734376,Success,CID774974,Prime SUV,Peenya,Sahakar Nagar,84.0,45.0,Not Applicable,Not Applicable,No,Not Applicable,654,Cash,16,3.9,3.2
2024-07-16 18:06:00,CNR3676689267,Driver Not Found,CID478579,Auto,BTM Layout,Mysore Road,,,Not Applicable,Not Applicable,Not Applicable,Not Applicable,461,Not Applicable,0,,
2024-07-15 02:59:00,CNR8684502027,Success,CID619429,Prime Sedan,Sahakar Nagar,Kengeri,217.0,35.0,Not Applicable,Not Applicable,No,Not Applicable,189,Cash,10,4.6,4.7
2024-07-19 19:40:00,CNR7865504250,Success,CID213084,Bike,Whitefield,Ulsoor,154.0,50.0,Not Applicable,Not Applicable,No,Not Applicable,361,UPI,15,4.2,4.4
2024-07-16 16:41:00,CNR5233782635,Driver Not Found,CID475043,eBike,Ulsoor,Hosur Road,,,Not Applicable,Not Applicable,Not Applicable,Not Applicable,108,Not Applicable,0,,
2024-07-25 07:11:00,CNR3714469087,Success,CID689677,eBike,Hebbal,Banashankari,154.0,120.0,Not Applicable,Not Applicable,No,Not Applicable,121,Cash,17,4.1,4.8
2024-07-17 11:05:00,CNR2737670844,Driver Not Found,CID743122,Mini,Padmanabhanagar,Koramangala,,,Not Applicable,Not Applicable,Not Applicable,Not Applicable,562,Not Applicable,0,,
2024-07-02 13:24:00,CNR9022606786,Success,CID400495,Bike,Kengeri,MG Road,301.0,55.0,Not Applicable,Not Applicable,No,Not Applicable,326,Cash,15,3.5,3.8
2024-07-15 12:56:00,CNR1313749168,Canceled by Customer,CID928976,Mini,Ulsoor,Jayanagar,,,Driver asked to cancel,Not Applicable,Not Applicable,Not Applicable,465,Not Applicable,0,,
2024-07-20 22:06:00,CNR2512029781,Success,CID791148,Bike,Sahakar Nagar,Yeshwanthpur,42.0,115.0,Not Applicable,Not Applicable,No,Not Applicable,435,UPI,42,4.9,4.1
2024-07-01 14:33:00,CNR5830645651,Success,CID659714,Mini,Shantinagar,HSR Layout,168.0,95.0,Not Applicable,Not Applicable,No,Not Applicable,476,UPI,34,3.8,3.8
2024-07-26 03:06:00,CNR1884750661,Canceled by Customer,CID264191,Prime SUV,HSR Layout,JP Nagar,,,Wrong Address,Not Applicable,Not Applicable,Not Applicable,492,Not Applicable,0,,
2024-07-26 08:52:00,CNR1677390890,Success,CID211103,eBike,Ulsoor,Sarjapur Road,308.0,65.0,Not Applicable,Not Applicable,No,Not Applicable,921,UPI,48,4.2,4.3
2024-07-06 09:13:00,CNR3009107420,Success,CID188385,Prime SUV,Banashankari,Tumkur Road,63.0,40.0,Not Applicable,Not Applicable,No,Not Applicable,353,UPI,44,3.5,4.9
2024-07-24 23:59:00,CNR4342757371,Success,CID968481,Bike,Bellandur,JP Nagar,238.0,120.0,Not Applicable,Not Applicable,No,Not Applicable,336,UPI,4,4.5,3.2
2024-07-11 12:34:00,CNR9337221077,Canceled by Customer,CID325824,Auto,Padmanabhanagar,Whitefield,,,Driver is not moving towards pickup location,Not Applicable,Not Applicable,Not Applicable,941,Not Applicable,0,,
2024-07-21 20:11:00,CNR5405869987,Success,CID813905,Bike,Devanahalli,Cox Town,196.0,55.0,Not Applicable,Not Applicable,No,Not Applicable,326,UPI,28,3.3,4.5
2024-07-02 01:21:00,CNR4949801483,Canceled by Driver,CID397059,Auto,Koramangala,Bannerghatta Road,,,Not Applicable,Customer was coughing/sick,Not Applicable,Not Applicable,232,Not Applicable,0,,
2024-07-08 00:25:00,CNR4623206438,Success,CID432696,Bike,JP Nagar,Hulimavu,49.0,90.0,Not Applicable,Not Applicable,Yes,Other Issue,1691,Cash,27,4.5,4.7
2024-07-25 02:55:00,CNR6926119667,Success,CID338937,Prime Plus,Kengeri,Hosur Road,133.0,70.0,Not Applicable,Not Applicable,Yes,Customer Demand,115,UPI,32,5.0,4.5
2024-07-16 04:09:00,CNR5777602701,Success,CID344713,eBike,Frazer Town,BTM Layout,63.0,110.0,Not Applicable,Not Applicable,No,Not Applicable,1949,Cash,37,4.3,4.5
2024-07-12 18:55:00,CNR1016931570,Success,CID589997,Prime Sedan,Majestic,Chickpet,154.0,115.0,Not Applicable,Not Applicable,No,Not Applicable,454,Cash,29,4.3,4.8
2024-07-22 17:25:00,CNR8149069689,Success,CID119749,eBike,Tumkur Road,MG Road,231.0,115.0,Not Applicable,Not Applicable,No,Not Applicable,193,Cash,13,3.1,4.0
2024-07-21 04:26:00,CNR6645447230,Success,CID931005,Mini,Mysore Road,Hennur,168.0,135.0,Not Applicable,Not Applicable,No,Not Applicable,847,Cash,34,4.3,4.7
2024-07-03 19:14:00,CNR2220129829,Canceled by Customer,CID570729,Prime Plus,Marathahalli,Tumkur Road,,,Driver asked to cancel,Not Applicable,Not Applicable,Not Applicable,496,Not Applicable,0,,
2024-07-13 09:49:00,CNR8901445267,Canceled by Customer,CID282507,Prime Sedan,Majestic,Sahakar Nagar,,,Driver is not moving towards pickup location,Not Applicable,Not Applicable,Not Applicable,433,Not Applicable,0,,
2024-07-14 18:32:00,CNR4247172921,Driver Not Found,CID946565,Prime Plus,Marathahalli,Hennur,,,Not Applicable,Not Applicable,Not Applicable,Not Applicable,348,Not Applicable,0,,
2024-07-30 08:38:00,CNR8554043561,Success,CID850511,Prime SUV,Hulimavu,Bellandur,287.0,65.0,Not Applicable,Not Applicable,No,Not Applicable,228,Cash,33,4.9,4.0
2024-07-01 10:07:00,CNR5799790222,Success,CID406366,Mini,Cox Town,RT Nagar,203.0,40.0,Not Applicable,Not Applicable,No,Not Applicable,180,UPI,42,5.0,3.1
2024-07-28 15:53:00,CNR6743722187,Success,CID403714,Prime Sedan,Padmanabhanagar,Langford Town,252.0,140.0,Not Applicable,Not Applicable,No,Not Applicable,2676,Cash,8,4.7,4.0
2024-07-06 20:24:00,CNR5964292200,Success,CID949647,Prime Plus,Yeshwanthpur,Jayanagar,182.0,35.0,Not Applicable,Not Applicable,No,Not Applicable,248,Cash,25,3.3,4.3
2024-07-29 09:23:00,CNR7517769304,Success,CID984197,Prime Sedan,Chickpet,Yelahanka,210.0,35.0,Not Applicable,Not Applicable,Yes,Vehicle Breakdown,1482,UPI,34,4.3,4.9
2024-07-11 13:36:00,CNR1703603863,Canceled by Driver,CID301887,Mini,Cox Town,JP Nagar,,,Not Applicable,More than permitted people in there,Not Applicable,Not Applicable,281,Not Applicable,0,,
2024-07-08 14:13:00,CNR4520000482,Canceled by Driver,CID627632,eBike,Banashankari,KR Puram,,,Not Applicable,Customer related issue,Not Applicable,Not Applicable,197,Not Applicable,0,,
2024-07-26 16:39:00,CNR5193471960,Success,CID649857,Auto,Whitefield,Padmanabhanagar,280.0,55.0,Not Applicable,Not Applicable,No,Not Applicable,292,Cash,9,4.1,3.4
2024-07-10 02:11:00,CNR6018111744,Success,CID972331,Prime SUV,Ulsoor,Peenya,147.0,30.0,Not Applicable,Not Applicable,No,Not Applicable,433,Cash,23,3.9,4.3
2024-07-09 14:48:00,CNR6519861568,Success,CID574826,eBike,Sarjapur Road,MG Road,91.0,70.0,Not Applicable,Not Applicable,No,Not Applicable,527,UPI,39,4.0,4.2
2024-07-12 16:20:00,CNR1205841034,Success,CID908499,eBike,BTM Layout,Nagarbhavi,126.0,115.0,Not Applicable,Not Applicable,No,Not Applicable,2628,Cash,49,3.4,3.8
2024-07-04 02:37:00,CNR2636572673,Success,CID870770,Prime Sedan,KR Puram,Shantinagar,210.0,115.0,Not Applicable,Not Applicable,No,Not Applicable,478,Cash,8,3.9,5.0
2024-07-02 16:04:00,CNR4343261603,Success,CID334014,Prime SUV,Whitefield,Tumkur Road,35.0,70.0,Not Applicable,Not Applicable,No,Not Applicable,208,Cash,1,3.1,3.1
2024-07-16 21:13:00,CNR9471053470,Canceled by Customer,CID406927,eBike,Yeshwanthpur,Koramangala,,,Driver asked to cancel,Not Applicable,Not Applicable,Not Applicable,575,Not Applicable,0,,
2024-07-05 11:21:00,CNR1113131277,Success,CID878040,eBike,Marathahalli,Bellandur,133.0,130.0,Not Applicable,Not Applicable,No,Not Applicable,942,Cash,23,3.8,4.1
2024-07-26 23:09:00,CNR3854329895,Success,CID681680,eBike,Peenya,Frazer Town,91.0,75.0,Not Applicable,Not Applicable,Yes,Vehicle Breakdown,240,Cash,46,4.4,3.3
2024-07-12 21:09:00,CNR1464239092,Canceled by Customer,CID866237,Mini,Yelahanka,BTM Layout,,,Change of plans,Not Applicable,Not Applicable,Not Applicable,536,Not Applicable,0,,
2024-07-25 17:54:00,CNR2917755165,Success,CID946214,Auto,Vijayanagar,Ulsoor,182.0,120.0,Not Applicable,Not Applicable,No,Not Applicable,477,Cash,6,4.9,4.6
2024-07-22 09:52:00,CNR2382287247,Success,CID158704,Auto,Kengeri,Nagarbhavi,140.0,60.0,Not Applicable,Not Applicable,No,Not Applicable,2633,Credit Card,19,4.3,4.7
2024-07-22 01:40:00,CNR4778217973,Success,CID387393,Mini,Bellandur,HSR Layout,147.0,45.0,Not Applicable,Not Applicable,No,Not Applicable,158,Cash,21,4.4,4.3
2024-07-01 12:02:00,CNR5670939390,Success,CID964993,eBike,Ulsoor,Jayanagar,308.0,120.0,Not Applicable,Not Applicable,No,Not Applicable,240,Cash,40,4.0,4.9
2024-07-14 15:36:00,CNR1118233114,Canceled by Driver,CID858797,eBike,Frazer Town,Ulsoor,,,Not Applicable,Personal & Car related issue,Not Applicable,Not Applicable,294,Not Applicable,0,,
2024-07-27 04:52:00,CNR3117069423,Canceled by Customer,CID110763,Prime Sedan,RT Nagar,Kadugodi,,,Wrong Address,Not Applicable,Not Applicable,Not Applicable,181,Not Applicable,0,,
2024-07-24 14:16:00,CNR7652792948,Success,CID513430,Auto,Shantinagar,RT Nagar,210.0,115.0,Not Applicable,Not Applicable,No,Not Applicable,617,Cash,18,4.5,4.5
2024-07-21 09:38:00,CNR5602307123,Success,CID383627,Prime SUV,Indiranagar,Peenya,238.0,55.0,Not Applicable,Not Applicable,No,Not Applicable,174,Credit Card,13,3.6,3.9
2024-07-21 18:26:00,CNR5630370800,Success,CID388870,Prime Plus,KR Puram,Ulsoor,91.0,90.0,Not Applicable,Not Applicable,No,Not Applicable,401,Cash,20,4.0,3.9
2024-07-01 17:14:00,CNR8331945276,Success,CID602726,Prime Plus,Richmond Town,Electronic City,161.0,110.0,Not Applicable,Not Applicable,No,Not Applicable,567,Credit Card,44,3.1,4.3
2024-07-26 20:43:00,CNR4579657896,Canceled by Driver,CID881099,Prime Sedan,MG Road,Malleshwaram,,,Not Applicable,Customer related issue,Not Applicable,Not Applicable,2121,Not Applicable,0,,
2024-07-11 11:17:00,CNR8367814537,Success,CID192409,Prime Plus,Langford Town,Electronic City,196.0,110.0,Not Applicable,Not Applicable,No,Not Applicable,1388,UPI,8,3.1,5.0
2024-07-17 10:16:00,CNR2426739843,Success,CID293136,eBike,Magadi Road,Varthur,63.0,80.0,Not Applicable,Not Applicable,No,Not Applicable,326,UPI,5,3.1,3.9
2024-07-24 10:14:00,CNR7737323049,Canceled by Driver,CID870847,eBike,Ulsoor,Hulimavu,,,Not Applicable,Customer was coughing/sick,Not Applicable,Not Applicable,1569,Not Applicable,0,,
2024-07-06 17:32:00,CNR1319539972,Driver Not Found,CID161181,Auto,Kengeri,Vijayanagar,,,Not Applicable,Not Applicable,Not Applicable,Not Applicable,474,Not Applicable,0,,
2024-07-07 08:44:00,CNR9137423264,Canceled by Customer,CID362808,Auto,Devanahalli,Hebbal,,,Driver asked to cancel,Not Applicable,Not Applicable,Not Applicable,609,Not Applicable,0,,
2024-07-23 20:31:00,CNR2866518627,Canceled by Driver,CID534272,Prime Sedan,KR Puram,KR Puram,,,Not Applicable,Customer was coughing/sick,Not Applicable,Not Applicable,233,Not Applicable,0,,
2024-07-24 05:56:00,CNR7542229808,Canceled by Driver,CID855250,Prime SUV,Hennur,Chamarajpet,,,Not Applicable,Personal & Car related issue,Not Applicable,Not Applicable,616,Not Applicable,0,,
2024-07-27 17:40:00,CNR7004485940,Driver Not Found,CID172844,Bike,Langford Town,Ramamurthy Nagar,,,Not Applicable,Not Applicable,Not Applicable,Not Applicable,975,Not Applicable,0,,
2024-07-05 18:20:00,CNR6861200735,Canceled by Customer,CID876379,eBike,Basavanagudi,Jayanagar,,,Wrong Address,Not Applicable,Not Applicable,Not Applicable,783,Not Applicable,0,,
2024-07-07 13:29:00,CNR1075051855,Canceled by Customer,CID649753,Bike,Ulsoor,Banashankari,,,Change of plans,Not Applicable,Not Applicable,Not Applicable,464,Not Applicable,0,,
2024-07-22 18:00:00,CNR2940167444,Driver Not Found,CID929458,Prime Plus,HSR Layout,Hennur,,,Not Applicable,Not Applicable,Not Applicable,Not Applicable,126,Not Applicable,0,,
2024-07-16 17:53:00,CNR8878054351,Success,CID881062,Prime Sedan,Padmanabhanagar,Jayanagar,238.0,55.0,Not Applicable,Not Applicable,Yes,Vehicle Breakdown,367,UPI,16,4.6,4.0
2024-07-17 12:59:00,CNR9914525512,Success,CID445550,Bike,Yelahanka,KR Puram,231.0,65.0,Not Applicable,Not Applicable,No,Not Applicable,397,Cash,48,3.9,4.9
2024-07-24 00:01:00,CNR8242506390,Success,CID875954,Auto,Jayanagar,Nagarbhavi,308.0,110.0,Not Applicable,Not Applicable,No,Not Applicable,496,Cash,10,4.0,3.4
2024-07-16 14:58:00,CNR7457123911,Success,CID223410,Prime Plus,JP Nagar,Malleshwaram,273.0,45.0,Not Applicable,Not Applicable,No,Not Applicable,369,UPI,48,3.4,3.6
2024-07-01 23:05:00,CNR2979144721,Success,CID493324,eBike,Rajajinagar,Varthur,84.0,125.0,Not Applicable,Not Applicable,No,Not Applicable,107,Cash,21,4.9,4.7
2024-07-22 17:57:00,CNR3394325146,Canceled by Customer,CID309759,Prime Sedan,Sahakar Nagar,HSR Layout,,,Driver is not moving towards pickup location,Not Applicable,Not Applicable,Not Applicable,470,Not Applicable,0,,
2024-07-11 03:08:00,CNR3434003993,Success,CID526108,Prime Plus,Basavanagudi,Hebbal,133.0,80.0,Not Applicable,Not Applicable,Yes,Other Issue,488,UPI,42,3.9,3.0
2024-07-13 20:11:00,CNR1800797661,Canceled by Driver,CID430604,Mini,Hulimavu,BTM Layout,,,Not Applicable,Personal & Car related issue,Not Applicable,Not Applicable,264,Not Applicable,0,,
2024-07-15 06:34:00,CNR1512228402,Success,CID998305,Bike,Varthur,Peenya,294.0,25.0,Not Applicable,Not Applicable,No,Not Applicable,911,Cash,6,3.9,3.9
2024-07-04 17:16:00,CNR1137015831,Canceled by Driver,CID331751,eBike,Peenya,Banashankari,,,Not Applicable,Customer related issue,Not Applicable,Not Applicable,190,Not Applicable,0,,
2024-07-17 01:50:00,CNR4474752514,Driver Not Found,CID984316,Prime SUV,Vijayanagar,Yeshwanthpur,,,Not Applicable,Not Applicable,Not Applicable,Not Applicable,669,Not Applicable,0,,
2024-07-19 21:02:00,CNR6247538088,Success,CID589576,Prime Plus,Indiranagar,Rajajinagar,56.0,85.0,Not Applicable,Not Applicable,No,Not Applicable,103,Cash,38,4.1,4.4
2024-07-25 02:33:00,CNR7067155927,Success,CID413905,Prime Plus,Peenya,Chamarajpet,63.0,35.0,Not Applicable,Not Applicable,No,Not Applicable,972,Credit Card,15,3.1,4.3
2024-07-12 19:51:00,CNR9023747552,Canceled by Driver,CID779937,Auto,Koramangala,Chamarajpet,,,Not Applicable,Personal & Car related issue,Not Applicable,Not Applicable,387,Not Applicable,0,,
2024-07-26 12:41:00,CNR4354574431,Canceled by Driver,CID292518,Prime Plus,Electronic City,Chamarajpet,,,Not Applicable,Personal & Car related issue,Not Applicable,Not Applicable,919,Not Applicable,0,,
2024-07-15 08:03:00,CNR3396291574,Driver Not Found,CID534927,Prime SUV,Electronic City,Electronic City,,,Not Applicable,Not Applicable,Not Applicable,Not Applicable,274,Not Applicable,0,,
2024-07-15 20:15:00,CNR5683003185,Success,CID370751,eBike,Shantinagar,Kadugodi,217.0,25.0,Not Applicable,Not Applicable,No,Not Applicable,246,Cash,43,4.9,4.3
2024-07-27 17:27:00,CNR6888001984,Canceled by Driver,CID311254,Prime Sedan,Jayanagar,Chamarajpet,,,Not Applicable,Customer related issue,Not Applicable,Not Applicable,2767,Not Applicable,0,,
2024-07-10 21:54:00,CNR2767073929,Success,CID213663,Mini,JP Nagar,Nagarbhavi,245.0,40.0,Not Applicable,Not Applicable,No,Not Applicable,184,UPI,14,4.5,3.5
2024-07-23 19:29:00,CNR9769508981,Success,CID909108,Prime SUV,Hosur Road,Yeshwanthpur,273.0,70.0,Not Applicable,Not Applicable,No,Not Applicable,804,Cash,34,4.4,4.9
2024-07-27 02:23:00,CNR5474239355,Success,CID679050,Auto,HSR Layout,Tumkur Road,203.0,125.0,Not Applicable,Not Applicable,No,Not Applicable,209,Cash,15,3.6,3.4
2024-07-23 07:43:00,CNR3360165634,Success,CID604894,Mini,Peenya,Frazer Town,224.0,130.0,Not Applicable,Not Applicable,No,Not Applicable,387,Cash,31,4.0,3.0
2024-07-24 16:49:00,CNR5632757381,Canceled by Customer,CID472574,Prime Plus,Kadugodi,Shivajinagar,,,Driver asked to cancel,Not Applicable,Not Applicable,Not Applicable,175,Not Applicable,0,,
2024-07-12 09:52:00,CNR2115309297,Canceled by Driver,CID898550,Prime SUV,Hebbal,Devanahalli,,,Not Applicable,More than permitted people in there,Not Applicable,Not Applicable,505,Not Applicable,0,,
2024-07-09 09:45:00,CNR4648297521,Success,CID421959,Auto,MG Road,Indiranagar,63.0,80.0,Not Applicable,Not Applicable,No,Not Applicable,457,UPI,16,3.6,4.2
2024-07-25 17:09:00,CNR7668639638,Success,CID826700,Prime Sedan,BTM Layout,Rajajinagar,63.0,135.0,Not Applicable,Not Applicable,No,Not Applicable,122,Cash,12,4.4,3.6
2024-07-05 08:50:00,CNR9936039196,Success,CID236815,Bike,JP Nagar,Cox Town,112.0,110.0,Not Applicable,Not Applicable,No,Not Applicable,288,Cash,19,3.6,3.6
2024-07-18 01:39:00,CNR2980003116,Canceled by Driver,CID550025,eBike,BTM Layout,Hebbal,,,Not Applicable,Customer related issue,Not Applicable,Not Applicable,366,Not Applicable,0,,
2024-07-11 13:34:00,CNR1760994351,Success,CID903983,eBike,KR Puram,HSR Layout,140.0,30.0,Not Applicable,Not Applicable,No,Not Applicable,721,Cash,37,3.8,3.9
2024-07-12 17:16:00,CNR9904996962,Canceled by Driver,CID515610,Auto,Hulimavu,Cox Town,,,Not Applicable,Customer was coughing/sick,Not Applicable,Not Applicable,165,Not Applicable,0,,
2024-07-02 23:02:00,CNR3016459274,Success,CID225955,Prime Plus,Kammanahalli,Marathahalli,203.0,50.0,Not Applicable,Not Applicable,No,Not Applicable,461,Cash,48,4.7,4.8
2024-07-26 06:12:00,CNR5681345886,Success,CID858944,Mini,MG Road,Ramamurthy Nagar,112.0,75.0,Not Applicable,Not Applicable,No,Not Applicable,563,Cash,17,4.7,3.8
2024-07-02 09:55:00,CNR1008912877,Success,CID527206,Auto,Peenya,BTM Layout,35.0,50.0,Not Applicable,Not Applicable,No,Not Applicable,149,Cash,1,4.4,4.1
2024-07-04 01:31:00,CNR3283859989,Canceled by Customer,CID458628,Mini,Bellandur,Rajajinagar,,,AC is Not working,Not Applicable,Not Applicable,Not Applicable,335,Not Applicable,0,,
2024-07-30 06:51:00,CNR4013535866,Success,CID687598,Prime SUV,Malleshwaram,Hosur Road,105.0,50.0,Not Applicable,Not Applicable,No,Not Applicable,738,Credit Card,17,4.3,3.9
2024-07-28 17:04:00,CNR1710104316,Success,CID707860,Mini,Ramamurthy Nagar,Hennur,35.0,35.0,Not Applicable,Not Applicable,No,Not Applicable,2304,Credit Card,16,3.3,3.8
2024-07-03 15:52:00,CNR5773168654,Success,CID447331,Prime SUV,Chickpet,Chamarajpet,70.0,115.0,Not Applicable,Not Applicable,No,Not Applicable,205,UPI,31,3.9,3.8
2024-07-22 18:37:00,CNR5557010420,Success,CID789202,Prime Plus,Cox Town,Yeshwanthpur,189.0,100.0,Not Applicable,Not Applicable,No,Not Applicable,648,UPI,29,4.2,4.4
2024-07-26 13:58:00,CNR4596423634,Success,CID943321,eBike,Chamarajpet,Indiranagar,49.0,60.0,Not Applicable,Not Applicable,No,Not Applicable,431,UPI,28,3.1,4.2
2024-07-15 17:17:00,CNR2680170905,Success,CID645556,Mini,Sahakar Nagar,Padmanabhanagar,301.0,75.0,Not Applicable,Not Applicable,No,Not Applicable,493,Cash,31,3.9,3.2
2024-07-15 00:08:00,CNR5093691491,Success,CID886851,Auto,JP Nagar,Shantinagar,105.0,145.0,Not Applicable,Not Applicable,No,Not Applicable,494,UPI,13,4.6,4.8
2024-07-30 13:09:00,CNR3724103126,Success,CID860826,Prime SUV,RT Nagar,Basavanagudi,252.0,50.0,Not Applicable,Not Applicable,No,Not Applicable,647,Cash,47,4.3,4.4
2024-07-19 03:24:00,CNR5508151001,Success,CID635940,Mini,Sarjapur Road,Malleshwaram,224.0,80.0,Not Applicable,Not Applicable,No,Not Applicable,283,UPI,6,5.0,3.8
2024-07-25 23:12:00,CNR5760139264,Success,CID519440,eBike,Kammanahalli,JP Nagar,42.0,85.0,Not Applicable,Not Applicable,No,Not Applicable,485,Cash,29,4.8,4.8
2024-07-24 12:18:00,CNR9688009517,Success,CID636657,Auto,Marathahalli,Kammanahalli,168.0,50.0,Not Applicable,Not Applicable,No,Not Applicable,162,UPI,10,4.3,3.1
2024-07-18 05:30:00,CNR4946384525,Success,CID198791,Prime SUV,Varthur,Magadi Road,231.0,30.0,Not Applicable,Not Applicable,No,Not Applicable,474,UPI,6,4.9,3.4
2024-07-04 06:48:00,CNR5306204107,Canceled by Customer,CID648817,eBike,Tumkur Road,Varthur,,,Driver is not moving towards pickup location,Not Applicable,Not Applicable,Not Applicable,595,Not Applicable,0,,
2024-07-11 06:54:00,CNR8732525918,Success,CID428682,Prime Sedan,Koramangala,Basavanagudi,70.0,70.0,Not Applicable,Not Applicable,No,Not Applicable,953,Cash,27,4.9,3.5
2024-07-28 09:26:00,CNR9464640577,Success,CID972288,Bike,Ramamurthy Nagar,Rajajinagar,301.0,55.0,Not Applicable,Not Applicable,No,Not Applicable,951,UPI,12,3.3,4.4
2024-07-06 21:10:00,CNR1994358663,Success,CID365078,Mini,Koramangala,Hennur,175.0,130.0,Not Applicable,Not Applicable,No,Not Applicable,116,UPI,36,3.5,3.7
2024-07-06 01:58:00,CNR5579869832,Canceled by Driver,CID701823,Prime SUV,Nagarbhavi,Richmond Town,,,Not Applicable,More than permitted people in there,Not Applicable,Not Applicable,497,Not Applicable,0,,
2024-07-27 05:22:00,CNR5033995754,Success,CID187517,Prime Plus,Jayanagar,Banashankari,84.0,30.0,Not Applicable,Not Applicable,No,Not Applicable,598,Cash,35,3.3,3.9
2024-07-22 17:44:00,CNR6355009300,Canceled by Driver,CID178796,Bike,Hulimavu,Hulimavu,,,Not Applicable,Personal & Car related issue,Not Applicable,Not Applicable,419,Not Applicable,0,,
2024-07-20 06:18:00,CNR7997309442,Success,CID843410,Prime Plus,Tumkur Road,Cox Town,203.0,120.0,Not Applicable,Not Applicable,No,Not Applicable,199,UPI,20,4.1,4.2
2024-07-24 10:14:00,CNR5320150740,Driver Not Found,CID413690,eBike,Marathahalli,Bellandur,,,Not Applicable,Not Applicable,Not Applicable,Not Applicable,319,Not Applicable,0,,
2024-07-05 01:22:00,CNR3366688420,Success,CID755415,Prime Sedan,Yeshwanthpur,Rajajinagar,105.0,70.0,Not Applicable,Not Applicable,No,Not Applicable,189,Cash,40,3.2,4.1
2024-07-03 16:12:00,CNR7914261118,Success,CID142153,eBike,Peenya,Kengeri,238.0,60.0,Not Applicable,Not Applicable,No,Not Applicable,534,Cash,15,3.0,3.8
2024-07-20 20:09:00,CNR8957184193,Success,CID910117,Prime SUV,Banashankari,Vijayanagar,35.0,25.0,Not Applicable,Not Applicable,No,Not Applicable,365,Cash,30,4.8,3.1
2024-07-25 17:38:00,CNR7517169703,Success,CID848009,Prime Plus,RT Nagar,Sahakar Nagar,266.0,145.0,Not Applicable,Not Applicable,No,Not Applicable,208,UPI,22,3.7,4.0
2024-07-08 03:55:00,CNR7095155194,Success,CID263137,Bike,JP Nagar,Nagarbhavi,280.0,70.0,Not Applicable,Not Applicable,No,Not Applicable,342,UPI,13,4.5,3.6
2024-07-20 04:49:00,CNR5125147141,Success,CID342335,Mini,Chickpet,Hebbal,63.0,45.0,Not Applicable,Not Applicable,No,Not Applicable,243,Cash,17,4.0,4.9
2024-07-18 19:25:00,CNR8718540724,Driver Not Found,CID730314,Prime Plus,Chickpet,Langford Town,,,Not Applicable,Not Applicable,Not Applicable,Not Applicable,896,Not Applicable,0,,
2024-07-01 14:52:00,CNR5819295463,Success,CID181784,Mini,Majestic,Rajajinagar,196.0,65.0,Not Applicable,Not Applicable,No,Not Applicable,461,Cash,5,3.9,3.7
2024-07-25 02:06:00,CNR5628032830,Canceled by Customer,CID855333,Auto,Varthur,Hennur,,,Wrong Address,Not Applicable,Not Applicable,Not Applicable,920,Not Applicable,0,,
2024-07-14 09:32:00,CNR4689001520,Canceled by Driver,CID767972,Auto,Devanahalli,Indiranagar,,,Not Applicable,Customer was coughing/sick,Not Applicable,Not Applicable,350,Not Applicable,0,,
2024-07-16 18:58:00,CNR4225952406,Canceled by Driver,CID749720,Mini,Marathahalli,Indiranagar,,,Not Applicable,Customer related issue,Not Applicable,Not Applicable,944,Not Applicable,0,,
2024-07-25 06:14:00,CNR7718965203,Success,CID432576,Auto,Ulsoor,Richmond Town,238.0,110.0,Not Applicable,Not Applicable,No,Not Applicable,459,Cash,18,4.8,4.6
2024-07-20 00:48:00,CNR7113705839,Success,CID363959,Bike,Frazer Town,Marathahalli,301.0,90.0,Not Applicable,Not Applicable,No,Not Applicable,200,Cash,11,4.7,4.7
2024-07-03 06:35:00,CNR3033033852,Success,CID587594,Auto,Sarjapur Road,Marathahalli,252.0,40.0,Not Applicable,Not Applicable,No,Not Applicable,561,UPI,8,4.5,3.8
2024-07-27 10:53:00,CNR7472950117,Success,CID977706,Mini,Vijayanagar,Kengeri,217.0,70.0,Not Applicable,Not Applicable,No,Not Applicable,425,Cash,16,3.0,3.2
2024-07-30 22:32:00,CNR4635936072,Success,CID450725,Prime Sedan,KR Puram,Yelahanka,154.0,120.0,Not Applicable,Not Applicable,Yes,Customer Demand,496,Cash,21,4.6,4.5
2024-07-17 02:47:00,CNR4446520887,Driver Not Found,CID477894,eBike,Malleshwaram,Hulimavu,,,Not Applicable,Not Applicable,Not Applicable,Not Applicable,225,Not Applicable,0,,
2024-07-24 11:44:00,CNR3675161970,Success,CID754258,Auto,Yelahanka,Frazer Town,112.0,105.0,Not Applicable,Not Applicable,No,Not Applicable,174,UPI,13,4.3,3.2
2024-07-18 07:44:00,CNR2639459079,Canceled by Driver,CID854280,Auto,Devanahalli,Rajarajeshwari Nagar,,,Not Applicable,More than permitted people in there,Not Applicable,Not Applicable,396,Not Applicable,0,,
2024-07-26 14:42:00,CNR8512118895,Success,CID743645,Prime Sedan,Shantinagar,BTM Layout,112.0,25.0,Not Applicable,Not Applicable,No,Not Applicable,203,UPI,48,3.3,3.8
2024-07-19 16:12:00,CNR7459869400,Success,CID382410,Prime SUV,Magadi Road,Padmanabhanagar,287.0,60.0,Not Applicable,Not Applicable,No,Not Applicable,557,Cash,15,3.4,4.5
2024-07-22 21:00:00,CNR4556811879,Canceled by Driver,CID772632,Bike,Yeshwanthpur,RT Nagar,,,Not Applicable,Customer was coughing/sick,Not Applicable,Not Applicable,286,Not Applicable,0,,
2024-07-09 22:55:00,CNR9635926486,Canceled by Customer,CID999426,Prime SUV,Marathahalli,Bellandur,,,Driver asked to cancel,Not Applicable,Not Applicable,Not Applicable,2011,Not Applicable,0,,
2024-07-12 10:15:00,CNR3009848470,Success,CID570650,Prime SUV,Whitefield,Bannerghatta Road,112.0,135.0,Not Applicable,Not Applicable,No,Not Applicable,2059,UPI,31,4.6,3.5
2024-07-03 08:31:00,CNR5956096863,Driver Not Found,CID854879,eBike,Devanahalli,Hebbal,,,Not Applicable,Not Applicable,Not Applicable,Not Applicable,382,Not Applicable,0,,
2024-07-24 11:00:00,CNR7297943414,Canceled by Customer,CID788020,Bike,Padmanabhanagar,Jayanagar,,,Driver asked to cancel,Not Applicable,Not Applicable,Not Applicable,2835,Not Applicable,0,,
2024-07-30 15:05:00,CNR8886344195,Success,CID169752,eBike,Koramangala,BTM Layout,182.0,90.0,Not Applicable,Not Applicable,No,Not Applicable,234,Cash,19,4.2,3.6
2024-07-20 18:14:00,CNR5879615839,Success,CID933560,Prime Sedan,Magadi Road,RT Nagar,112.0,95.0,Not Applicable,Not Applicable,Yes,Customer Demand,370,Cash,10,3.8,3.1
2024-07-12 12:50:00,CNR3775012332,Canceled by Driver,CID358964,Prime Sedan,Rajarajeshwari Nagar,RT Nagar,,,Not Applicable,Personal & Car related issue,Not Applicable,Not Applicable,1855,Not Applicable,0,,
2024-07-05 14:34:00,CNR5070832216,Success,CID402759,Mini,Padmanabhanagar,Magadi Road,301.0,110.0,Not Applicable,Not Applicable,No,Not Applicable,432,UPI,6,4.1,4.9
2024-07-12 02:11:00,CNR4299502671,Success,CID509047,Mini,BTM Layout,Nagarbhavi,182.0,130.0,Not Applicable,Not Applicable,No,Not Applicable,231,Cash,48,4.8,4.1
2024-07-12 22:31:00,CNR5172506868,Canceled by Customer,CID973490,Auto,RT Nagar,Yelahanka,,,Change of plans,Not Applicable,Not Applicable,Not Applicable,222,Not Applicable,0,,
2024-07-23 04:34:00,CNR6786199424,Success,CID710215,Auto,Bellandur,Rajarajeshwari Nagar,70.0,60.0,Not Applicable,Not Applicable,No,Not Applicable,378,Debit Card,16,3.5,3.3
2024-07-19 01:33:00,CNR3431309129,Success,CID648868,Prime Plus,Peenya,Hulimavu,91.0,125.0,Not Applicable,Not Applicable,No,Not Applicable,253,Cash,4,3.4,4.9
2024-07-08 05:26:00,CNR1270357973,Success,CID773829,Prime SUV,RT Nagar,Koramangala,175.0,95.0,Not Applicable,Not Applicable,No,Not Applicable,544,Cash,24,4.0,3.6
2024-07-17 20:25:00,CNR5513087135,Success,CID149903,Bike,Frazer Town,BTM Layout,301.0,30.0,Not Applicable,Not Applicable,No,Not Applicable,332,Cash,38,4.0,4.8
2024-07-14 01:49:00,CNR5178743530,Success,CID650783,Prime SUV,Chamarajpet,Cox Town,77.0,60.0,Not Applicable,Not Applicable,No,Not Applicable,283,UPI,3,3.8,3.1
2024-07-19 12:15:00,CNR6236915358,Success,CID355585,eBike,Chickpet,Basavanagudi,112.0,115.0,Not Applicable,Not Applicable,Yes,Vehicle Breakdown,911,UPI,25,4.7,3.7
2024-07-29 22:07:00,CNR1508374395,Canceled by Customer,CID177469,Prime Sedan,Shivajinagar,HSR Layout,,,Change of plans,Not Applicable,Not Applicable,Not Applicable,447,Not Applicable,0,,
2024-07-09 11:56:00,CNR2359523677,Success,CID460371,Prime Plus,Rajajinagar,Shantinagar,231.0,70.0,Not Applicable,Not Applicable,No,Not Applicable,442,UPI,21,4.8,3.6
2024-07-29 07:55:00,CNR8125152324,Driver Not Found,CID925401,Prime Plus,Malleshwaram,Marathahalli,,,Not Applicable,Not Applicable,Not Applicable,Not Applicable,230,Not Applicable,0,,
2024-07-15 01:46:00,CNR8598913969,Success,CID187130,Prime Sedan,JP Nagar,Sarjapur Road,294.0,80.0,Not Applicable,Not Applicable,No,Not Applicable,124,Cash,41,3.7,4.1
2024-07-14 06:36:00,CNR7598301983,Success,CID325770,Prime Sedan,Shantinagar,Devanahalli,35.0,115.0,Not Applicable,Not Applicable,No,Not Applicable,1913,Cash,43,3.0,3.4
2024-07-05 23:40:00,CNR9190743340,Canceled by Driver,CID148920,Prime Plus,Langford Town,HSR Layout,,,Not Applicable,Customer related issue,Not Applicable,Not Applicable,901,Not Applicable,0,,
2024-07-05 16:47:00,CNR6447965069,Success,CID149081,Bike,Yelahanka,Cox Town,217.0,65.0,Not Applicable,Not Applicable,Yes,Vehicle Breakdown,249,Cash,13,4.1,3.8
2024-07-20 01:34:00,CNR7877503718,Success,CID828069,Auto,Rajarajeshwari Nagar,Rajajinagar,161.0,30.0,Not Applicable,Not Applicable,No,Not Applicable,380,UPI,10,3.1,3.7
2024-07-15 14:05:00,CNR6939301154,Success,CID748943,Prime Plus,Sahakar Nagar,Kadugodi,84.0,25.0,Not Applicable,Not Applicable,No,Not Applicable,580,Cash,41,3.6,4.9
2024-07-27 14:18:00,CNR4000224743,Canceled by Driver,CID140832,eBike,Jayanagar,KR Puram,,,Not Applicable,Personal & Car related issue,Not Applicable,Not Applicable,408,Not Applicable,0,,
2024-07-02 13:54:00,CNR6223998770,Success,CID192124,Bike,Kadugodi,Devanahalli,35.0,125.0,Not Applicable,Not Applicable,No,Not Applicable,469,Cash,40,5.0,4.3
2024-07-08 17:52:00,CNR3533502089,Success,CID553138,Prime SUV,MG Road,Hulimavu,189.0,140.0,Not Applicable,Not Applicable,No,Not Applicable,256,Cash,28,4.0,3.6
2024-07-22 00:38:00,CNR4450394729,Success,CID330849,Bike,Chickpet,Indiranagar,189.0,95.0,Not Applicable,Not Applicable,No,Not Applicable,490,UPI,30,4.5,4.1
2024-07-05 20:40:00,CNR8562877113,Success,CID857255,Prime Plus,Mysore Road,Kadugodi,126.0,65.0,Not Applicable,Not Applicable,No,Not Applicable,480,Cash,21,4.9,4.3
2024-07-27 22:01:00,CNR6437426217,Canceled by Customer,CID973202,Prime Plus,Koramangala,Whitefield,,,Wrong Address,Not Applicable,Not Applicable,Not Applicable,106,Not Applicable,0,,
2024-07-21 12:05:00,CNR7692211944,Success,CID596281,Prime SUV,Koramangala,Richmond Town,287.0,145.0,Not Applicable,Not Applicable,No,Not Applicable,304,UPI,7,4.9,4.5
2024-07-29 07:17:00,CNR4162907187,Canceled by Driver,CID446958,Bike,Banashankari,Banashankari,,,Not Applicable,Customer was coughing/sick,Not Applicable,Not Applicable,2906,Not Applicable,0,,
2024-07-19 22:31:00,CNR1889048209,Driver Not Found,CID205975,Mini,JP Nagar,Magadi Road,,,Not Applicable,Not Applicable,Not Applicable,Not Applicable,249,Not Applicable,0,,
2024-07-18 02:07:00,CNR7110615714,Success,CID144105,Auto,Hosur Road,Majestic,56.0,40.0,Not Applicable,Not Applicable,No,Not Applicable,490,UPI,19,3.3,4.6
2024-07-02 14:49:00,CNR9834723937,Success,CID815987,Prime Sedan,Banashankari,Majestic,154.0,105.0,Not Applicable,Not Applicable,No,Not Applicable,185,UPI,44,3.5,3.1
2024-07-14 12:56:00,CNR7039202347,Canceled by Customer,CID609354,Mini,Kengeri,Koramangala,,,AC is Not working,Not Applicable,Not Applicable,Not Applicable,426,Not Applicable,0,,
2024-07-29 23:38:00,CNR2578138361,Success,CID351365,Bike,HSR Layout,Whitefield,140.0,140.0,Not Applicable,Not Applicable,No,Not Applicable,742,Cash,42,4.5,4.4
2024-07-27 08:40:00,CNR6759621820,Canceled by Driver,CID228613,Bike,BTM Layout,Mysore Road,,,Not Applicable,Personal & Car related issue,Not Applicable,Not Applicable,345,Not Applicable,0,,
2024-07-08 15:24:00,CNR2173872206,Success,CID879014,Auto,Hulimavu,Majestic,273.0,95.0,Not Applicable,Not Applicable,No,Not Applicable,394,UPI,1,4.6,3.6
2024-07-12 06:52:00,CNR7373105730,Success,CID579263,Prime SUV,Kengeri,Mysore Road,140.0,120.0,Not Applicable,Not Applicable,No,Not Applicable,447,UPI,49,4.3,4.6
2024-07-24 16:47:00,CNR1870606600,Success,CID409845,Auto,Padmanabhanagar,Hosur Road,77.0,140.0,Not Applicable,Not Applicable,No,Not Applicable,387,UPI,6,4.3,3.9
2024-07-23 17:06:00,CNR2793519971,Canceled by Customer,CID451514,eBike,HSR Layout,Bannerghatta Road,,,Change of plans,Not Applicable,Not Applicable,Not Applicable,746,Not Applicable,0,,
2024-07-12 11:43:00,CNR7776756321,Success,CID100094,Prime Sedan,Ramamurthy Nagar,Richmond Town,280.0,145.0,Not Applicable,Not Applicable,No,Not Applicable,171,Cash,3,3.7,4.8
2024-07-12 23:59:00,CNR4847673343,Success,CID470588,Prime Sedan,Peenya,Koramangala,49.0,80.0,Not Applicable,Not Applicable,No,Not Applicable,210,UPI,2,3.5,4.0
2024-07-18 19:06:00,CNR3772480404,Success,CID621976,Prime Plus,Richmond Town,Majestic,140.0,55.0,Not Applicable,Not Applicable,No,Not Applicable,495,Cash,12,4.8,4.3
2024-07-01 18:41:00,CNR8395780936,Success,CID758429,eBike,Rajajinagar,Malleshwaram,175.0,135.0,Not Applicable,Not Applicable,No,Not Applicable,323,Cash,7,4.8,3.9
2024-07-17 04:53:00,CNR2550249094,Driver Not Found,CID104213,Auto,Ramamurthy Nagar,Vijayanagar,,,Not Applicable,Not Applicable,Not Applicable,Not Applicable,406,Not Applicable,0,,
2024-07-26 02:05:00,CNR8147340878,Success,CID970031,Mini,Whitefield,JP Nagar,42.0,75.0,Not Applicable,Not Applicable,No,Not Applicable,835,Cash,32,4.5,3.8
2024-07-09 22:46:00,CNR8670411442,Success,CID399923,Prime Sedan,Langford Town,Mysore Road,287.0,135.0,Not Applicable,Not Applicable,Yes,Customer Demand,433,Cash,13,4.7,4.3
2024-07-04 06:47:00,CNR3776059334,Success,CID922529,Auto,Kammanahalli,Kadugodi,308.0,105.0,Not Applicable,Not Applicable,No,Not Applicable,440,UPI,1,3.3,4.2
2024-07-26 03:11:00,CNR7461520545,Success,CID614132,Prime SUV,Rajajinagar,Varthur,168.0,115.0,Not Applicable,Not Applicable,No,Not Applicable,143,Cash,18,3.2,4.1
2024-07-28 05:37:00,CNR2890347366,Success,CID878132,Auto,Bellandur,Jayanagar,35.0,145.0,Not Applicable,Not Applicable,No,Not Applicable,162,Cash,4,4.6,3.6
2024-07-29 14:21:00,CNR7635305078,Success,CID241906,Bike,Varthur,BTM Layout,196.0,40.0,Not Applicable,Not Applicable,Yes,Vehicle Breakdown,232,UPI,24,3.5,3.1
2024-07-27 02:27:00,CNR3751586938,Canceled by Customer,CID557558,Bike,Tumkur Road,Nagarbhavi,,,AC is Not working,Not Applicable,Not Applicable,Not Applicable,799,Not Applicable,0,,
2024-07-12 18:11:00,CNR8599547413,Success,CID201995,eBike,Electronic City,Yeshwanthpur,77.0,55.0,Not Applicable,Not Applicable,No,Not Applicable,392,UPI,46,3.1,3.1
2024-07-20 22:32:00,CNR4188753742,Success,CID437234,Prime SUV,Vijayanagar,Chickpet,301.0,120.0,Not Applicable,Not Applicable,No,Not Applicable,310,UPI,19,4.2,3.2
2024-07-22 17:24:00,CNR6623214581,Success,CID215097,Auto,Frazer Town,HSR Layout,301.0,70.0,Not Applicable,Not Applicable,No,Not Applicable,573,UPI,8,4.5,4.5
2024-07-03 15:35:00,CNR6134061694,Canceled by Driver,CID134726,Prime Plus,Rajarajeshwari Nagar,Padmanabhanagar,,,Not Applicable,Personal & Car related issue,Not Applicable,Not Applicable,171,Not Applicable,0,,
2024-07-26 03:25:00,CNR7435976972,Canceled by Driver,CID215034,Mini,Vijayanagar,Hebbal,,,Not Applicable,Customer was coughing/sick,Not Applicable,Not Applicable,829,Not Applicable,0,,
2024-07-03 23:57:00,CNR7246129429,Success,CID266865,Auto,Whitefield,Varthur,182.0,115.0,Not Applicable,Not Applicable,No,Not Applicable,2420,Cash,18,4.2,3.5
2024-07-07 08:15:00,CNR1385007948,Success,CID238981,Auto,Indiranagar,Bellandur,140.0,120.0,Not Applicable,Not Applicable,No,Not Applicable,648,Cash,8,3.5,3.5
2024-07-04 15:20:00,CNR4641550925,Canceled by Driver,CID469424,Prime Sedan,Sarjapur Road,Basavanagudi,,,Not Applicable,Personal & Car related issue,Not Applicable,Not Applicable,285,Not Applicable,0,,
2024-07-20 09:13:00,CNR9635263544,Success,CID296624,Prime SUV,Yelahanka,Sahakar Nagar,91.0,55.0,Not Applicable,Not Applicable,No,Not Applicable,550,UPI,38,4.2,3.5
2024-07-12 17:33:00,CNR2935094237,Success,CID397997,Auto,Nagarbhavi,Mysore Road,196.0,135.0,Not Applicable,Not Applicable,No,Not Applicable,194,UPI,5,3.0,4.2
2024-07-22 21:56:00,CNR3062497805,Success,CID170726,Prime Sedan,Rajarajeshwari Nagar,Chickpet,133.0,30.0,Not Applicable,Not Applicable,No,Not Applicable,365,Cash,27,3.2,3.6
2024-07-04 08:41:00,CNR3338510142,Success,CID404408,Prime Sedan,MG Road,Bannerghatta Road,266.0,25.0,Not Applicable,Not Applicable,Yes,Other Issue,265,UPI,43,4.7,3.2
2024-07-29 03:11:00,CNR3943450589,Success,CID736008,Bike,Hulimavu,Kammanahalli,175.0,25.0,Not Applicable,Not Applicable,No,Not Applicable,426,Cash,22,4.4,3.8
2024-07-29 10:29:00,CNR1001724345,Driver Not Found,CID865194,Mini,Magadi Road,Varthur,,,Not Applicable,Not Applicable,Not Applicable,Not Applicable,399,Not Applicable,0,,
2024-07-10 07:30:00,CNR3191155951,Success,CID561123,Bike,RT Nagar,Jayanagar,308.0,75.0,Not Applicable,Not Applicable,No,Not Applicable,365,UPI,3,3.3,4.1
2024-07-13 20:41:00,CNR4921368228,Canceled by Customer,CID495691,Prime SUV,Indiranagar,Vijayanagar,,,Change of plans,Not Applicable,Not Applicable,Not Applicable,256,Not Applicable,0,,
2024-07-16 20:41:00,CNR6522309134,Success,CID646470,Prime SUV,Rajarajeshwari Nagar,Jayanagar,301.0,140.0,Not Applicable,Not Applicable,Yes,Customer Demand,975,Cash,24,5.0,3.5
2024-07-20 14:52:00,CNR5203806172,Driver Not Found,CID701106,eBike,Kammanahalli,Mysore Road,,,Not Applicable,Not Applicable,Not Applicable,Not Applicable,492,Not Applicable,0,,
2024-07-14 12:08:00,CNR9020843359,Success,CID785262,Prime Plus,Sarjapur Road,Banashankari,168.0,55.0,Not Applicable,Not Applicable,No,Not Applicable,412,Cash,31,4.7,3.4
2024-07-19 20:25:00,CNR3889816391,Success,CID406906,Bike,Rajarajeshwari Nagar,MG Road,238.0,40.0,Not Applicable,Not Applicable,No,Not Applicable,262,UPI,30,4.2,3.6
2024-07-11 13:05:00,CNR3619142348,Success,CID940857,Prime Plus,Sarjapur Road,Bellandur,105.0,75.0,Not Applicable,Not Applicable,Yes,Vehicle Breakdown,156,UPI,49,4.1,3.9
2024-07-13 07:50:00,CNR1551949137,Success,CID911856,Mini,Mysore Road,Hulimavu,189.0,50.0,Not Applicable,Not Applicable,No,Not Applicable,702,UPI,4,3.2,3.4
2024-07-10 08:18:00,CNR1467510715,Success,CID527924,Auto,Mysore Road,Richmond Town,189.0,130.0,Not Applicable,Not Applicable,No,Not Applicable,454,Cash,16,3.6,4.9
2024-07-14 18:36:00,CNR4354258861,Success,CID582540,Bike,Tumkur Road,Basavanagudi,203.0,40.0,Not Applicable,Not Applicable,No,Not Applicable,440,Credit Card,14,3.6,3.4
2024-07-13 18:56:00,CNR2927238064,Canceled by Driver,CID176510,Prime SUV,Hennur,KR Puram,,,Not Applicable,More than permitted people in there,Not Applicable,Not Applicable,346,Not Applicable,0,,
2024-07-16 13:49:00,CNR3043576384,Driver Not Found,CID463194,eBike,HSR Layout,MG Road,,,Not Applicable,Not Applicable,Not Applicable,Not Applicable,450,Not Applicable,0,,
2024-07-01 20:36:00,CNR3655457931,Success,CID648008,Auto,Rajajinagar,Ramamurthy Nagar,98.0,110.0,Not Applicable,Not Applicable,No,Not Applicable,804,Cash,1,4.1,3.6
2024-07-28 17:40:00,CNR1070061010,Success,CID302662,Prime Sedan,Kengeri,Kengeri,105.0,140.0,Not Applicable,Not Applicable,No,Not Applicable,202,Cash,37,4.5,5.0
2024-07-10 10:15:00,CNR3913436357,Success,CID607487,Prime Plus,Banashankari,Koramangala,77.0,145.0,Not Applicable,Not Applicable,Yes,Vehicle Breakdown,213,Credit Card,2,3.9,4.4
2024-07-03 09:08:00,CNR3069602219,Success,CID710985,Prime Sedan,Basavanagudi,Hosur Road,98.0,100.0,Not Applicable,Not Applicable,No,Not Applicable,769,Cash,43,3.7,3.6
2024-07-04 05:40:00,CNR2748234965,Driver Not Found,CID880017,Mini,Kadugodi,Vijayanagar,,,Not Applicable,Not Applicable,Not Applicable,Not Applicable,793,Not Applicable,0,,
2024-07-01 15:39:00,CNR6505967171,Success,CID715231,Prime Sedan,Bannerghatta Road,Hebbal,301.0,105.0,Not Applicable,Not Applicable,No,Not Applicable,377,Cash,14,3.3,4.5
2024-07-04 22:36:00,CNR7382748542,Success,CID381428,Prime Plus,Devanahalli,Shivajinagar,147.0,90.0,Not Applicable,Not Applicable,No,Not Applicable,269,Cash,21,4.5,4.3
2024-07-28 05:21:00,CNR3054718537,Canceled by Customer,CID742301,Bike,Peenya,Ramamurthy Nagar,,,Driver is not moving towards pickup location,Not Applicable,Not Applicable,Not Applicable,170,Not Applicable,0,,
2024-07-06 09:28:00,CNR3865126571,Canceled by Customer,CID946232,Mini,Banashankari,Sahakar Nagar,,,AC is Not working,Not Applicable,Not Applicable,Not Applicable,318,Not Applicable,0,,
2024-07-07 03:24:00,CNR2016670247,Canceled by Driver,CID429432,Mini,Indiranagar,Hennur,,,Not Applicable,Customer was coughing/sick,Not Applicable,Not Applicable,113,Not Applicable,0,,
2024-07-23 23:09:00,CNR7318992528,Success,CID212555,Prime Sedan,Bannerghatta Road,Kengeri,161.0,35.0,Not Applicable,Not Applicable,No,Not Applicable,845,Cash,33,4.1,3.5
2024-07-09 03:11:00,CNR1985422143,Driver Not Found,CID859322,Prime Plus,Basavanagudi,Koramangala,,,Not Applicable,Not Applicable,Not Applicable,Not Applicable,278,Not Applicable,0,,
2024-07-27 01:13:00,CNR6579375173,Canceled by Driver,CID299478,Bike,Padmanabhanagar,Hosur Road,,,Not Applicable,Customer was coughing/sick,Not Applicable,Not Applicable,106,Not Applicable,0,,
2024-07-09 11:28:00,CNR7598755753,Success,CID752569,Prime Sedan,Indiranagar,BTM Layout,231.0,115.0,Not Applicable,Not Applicable,No,Not Applicable,219,Cash,27,4.0,3.8
2024-07-10 01:44:00,CNR1381287780,Success,CID496195,Bike,MG Road,Kadugodi,133.0,130.0,Not Applicable,Not Applicable,No,Not Applicable,223,Cash,27,5.0,3.2
2024-07-03 16:24:00,CNR6312446684,Success,CID568703,Bike,Frazer Town,Mysore Road,217.0,40.0,Not Applicable,Not Applicable,No,Not Applicable,318,UPI,46,4.6,3.2
2024-07-13 13:17:00,CNR3894300335,Success,CID308841,Prime Plus,Hosur Road,Langford Town,35.0,35.0,Not Applicable,Not Applicable,Yes,Customer Demand,487,Cash,37,3.9,4.7
2024-07-14 09:09:00,CNR6372808771,Canceled by Customer,CID216127,Prime SUV,Richmond Town,Padmanabhanagar,,,Driver asked to cancel,Not Applicable,Not Applicable,Not Applicable,311,Not Applicable,0,,
2024-07-08 20:19:00,CNR8670675107,Success,CID890541,Bike,Vijayanagar,Hulimavu,266.0,145.0,Not Applicable,Not Applicable,No,Not Applicable,286,UPI,41,4.9,4.7
2024-07-18 17:00:00,CNR8359913093,Canceled by Customer,CID423590,Bike,Bannerghatta Road,Chamarajpet,,,AC is Not working,Not Applicable,Not Applicable,Not Applicable,449,Not Applicable,0,,
2024-07-12 13:16:00,CNR9011656125,Success,CID642426,Bike,Kammanahalli,MG Road,203.0,50.0,Not Applicable,Not Applicable,No,Not Applicable,460,Cash,11,5.0,3.6
2024-07-04 19:42:00,CNR2814295849,Success,CID801662,Mini,Peenya,Electronic City,42.0,115.0,Not Applicable,Not Applicable,No,Not Applicable,324,UPI,21,4.5,4.5
2024-07-08 11:22:00,CNR2577820188,Success,CID684194,eBike,Jayanagar,Kengeri,112.0,140.0,Not Applicable,Not Applicable,Yes,Vehicle Breakdown,120,UPI,16,3.4,4.2
2024-07-07 21:29:00,CNR5288102119,Success,CID239080,Auto,Vijayanagar,RT Nagar,175.0,50.0,Not Applicable,Not Applicable,No,Not Applicable,607,Cash,4,3.6,3.8
2024-07-27 22:24:00,CNR5827217063,Success,CID531702,Prime Plus,Sarjapur Road,Sarjapur Road,301.0,110.0,Not Applicable,Not Applicable,No,Not Applicable,417,Cash,45,3.8,3.7
2024-07-22 16:47:00,CNR8191284141,Success,CID421375,Prime SUV,Varthur,Mysore Road,252.0,75.0,Not Applicable,Not Applicable,No,Not Applicable,253,UPI,21,4.2,5.0
2024-07-25 19:58:00,CNR7552575804,Driver Not Found,CID604994,Prime Sedan,Mysore Road,Hennur,,,Not Applicable,Not Applicable,Not Applicable,Not Applicable,119,Not Applicable,0,,
2024-07-22 18:17:00,CNR2265096479,Canceled by Driver,CID479973,Auto,Shivajinagar,Devanahalli,,,Not Applicable,Personal & Car related issue,Not Applicable,Not Applicable,357,Not Applicable,0,,
2024-07-11 13:26:00,CNR9777182064,Driver Not Found,CID598540,eBike,Magadi Road,Hosur Road,,,Not Applicable,Not Applicable,Not Applicable,Not Applicable,417,Not Applicable,0,,
2024-07-26 12:27:00,CNR8958213511,Success,CID125823,Prime Sedan,Rajarajeshwari Nagar,Ramamurthy Nagar,308.0,65.0,Not Applicable,Not Applicable,No,Not Applicable,176,Credit Card,15,4.5,3.6
2024-07-04 16:52:00,CNR9122287736,Success,CID436113,Prime Plus,Malleshwaram,Bellandur,217.0,130.0,Not Applicable,Not Applicable,No,Not Applicable,457,Cash,42,4.2,4.3
2024-07-14 04:19:00,CNR2391157509,Canceled by Driver,CID348088,eBike,JP Nagar,Devanahalli,,,Not Applicable,Customer related issue,Not Applicable,Not Applicable,163,Not Applicable,0,,
2024-07-01 05:47:00,CNR7246971071,Canceled by Customer,CID191765,Prime Sedan,Basavanagudi,Kadugodi,,,Wrong Address,Not Applicable,Not Applicable,Not Applicable,2514,Not Applicable,0,,
2024-07-17 01:05:00,CNR5932743459,Success,CID781625,Bike,Frazer Town,KR Puram,287.0,40.0,Not Applicable,Not Applicable,No,Not Applicable,847,Cash,3,4.6,5.0
2024-07-21 11:51:00,CNR4774743187,Success,CID336629,eBike,Rajarajeshwari Nagar,Richmond Town,308.0,95.0,Not Applicable,Not Applicable,No,Not Applicable,361,Cash,30,3.0,3.8
2024-07-25 12:46:00,CNR5041563600,Canceled by Driver,CID313238,Mini,Devanahalli,Kadugodi,,,Not Applicable,Personal & Car related issue,Not Applicable,Not Applicable,491,Not Applicable,0,,
2024-07-04 21:26:00,CNR3535169936,Canceled by Driver,CID212445,Bike,Yeshwanthpur,Sarjapur Road,,,Not Applicable,Personal & Car related issue,Not Applicable,Not Applicable,315,Not Applicable,0,,
2024-07-16 15:15:00,CNR3733452651,Canceled by Driver,CID909390,Prime Plus,Hosur Road,Richmond Town,,,Not Applicable,Personal & Car related issue,Not Applicable,Not Applicable,567,Not Applicable,0,,
2024-07-28 19:07:00,CNR4159506161,Success,CID494062,Prime Plus,MG Road,Kadugodi,98.0,125.0,Not Applicable,Not Applicable,No,Not Applicable,374,UPI,37,4.0,5.0
2024-07-13 12:44:00,CNR1291759215,Success,CID760612,Auto,Majestic,Whitefield,56.0,105.0,Not Applicable,Not Applicable,No,Not Applicable,148,Cash,19,3.8,4.0
2024-07-15 07:27:00,CNR4120297798,Canceled by Customer,CID727251,Prime Sedan,Bellandur,Yelahanka,,,AC is Not working,Not Applicable,Not Applicable,Not Applicable,282,Not Applicable,0,,
2024-07-22 02:17:00,CNR7205584387,Success,CID841928,Prime SUV,RT Nagar,Banashankari,56.0,110.0,Not Applicable,Not Applicable,No,Not Applicable,1950,UPI,11,3.7,4.3
2024-07-18 11:58:00,CNR3252871339,Success,CID110303,Bike,Cox Town,BTM Layout,301.0,70.0,Not Applicable,Not Applicable,No,Not Applicable,845,UPI,26,4.2,4.0
2024-07-03 04:35:00,CNR4450064704,Canceled by Customer,CID210139,Prime Sedan,Devanahalli,Whitefield,,,Driver asked to cancel,Not Applicable,Not Applicable,Not Applicable,600,Not Applicable,0,,
2024-07-30 16:34:00,CNR5637257532,Canceled by Driver,CID105263,Prime SUV,Majestic,Cox Town,,,Not Applicable,More than permitted people in there,Not Applicable,Not Applicable,520,Not Applicable,0,,
2024-07-14 04:16:00,CNR8396912227,Success,CID237000,Mini,Bellandur,MG Road,49.0,120.0,Not Applicable,Not Applicable,No,Not Applicable,239,UPI,27,4.2,4.5
2024-07-14 19:44:00,CNR6081005289,Canceled by Customer,CID672934,Bike,Sarjapur Road,Chickpet,,,Change of plans,Not Applicable,Not Applicable,Not Applicable,272,Not Applicable,0,,
2024-07-17 12:01:00,CNR1173476620,Driver Not Found,CID996355,eBike,Mysore Road,Richmond Town,,,Not Applicable,Not Applicable,Not Applicable,Not Applicable,347,Not Applicable,0,,
2024-07-22 09:06:00,CNR2552319919,Success,CID580991,Mini,Richmond Town,Banashankari,259.0,125.0,Not Applicable,Not Applicable,No,Not Applicable,375,Credit Card,32,3.1,3.2
2024-07-11 13:00:00,CNR9274359850,Success,CID693192,Prime Plus,Hulimavu,Jayanagar,266.0,30.0,Not Applicable,Not Applicable,No,Not Applicable,339,Cash,17,3.8,3.2
2024-07-18 16:23:00,CNR4361451724,Success,CID290732,Mini,Magadi Road,Vijayanagar,287.0,140.0,Not Applicable,Not Applicable,No,Not Applicable,374,Cash,9,4.9,4.3
2024-07-06 16:04:00,CNR7937379211,Success,CID651428,Prime SUV,Vijayanagar,Bannerghatta Road,175.0,115.0,Not Applicable,Not Applicable,No,Not Applicable,668,Cash,11,4.1,4.7
2024-07-02 12:37:00,CNR9785112178,Success,CID734832,Auto,Banashankari,Indiranagar,91.0,105.0,Not Applicable,Not Applicable,No,Not Applicable,105,UPI,12,3.6,4.8
2024-07-12 09:55:00,CNR5933321135,Success,CID416218,eBike,Kammanahalli,Langford Town,56.0,45.0,Not Applicable,Not Applicable,No,Not Applicable,434,Cash,25,4.2,4.0
2024-07-01 16:18:00,CNR2192970553,Success,CID533603,eBike,Richmond Town,Hebbal,133.0,125.0,Not Applicable,Not Applicable,No,Not Applicable,474,Cash,8,3.9,4.9
2024-07-05 19:01:00,CNR7067380536,Driver Not Found,CID692913,Auto,Varthur,Jayanagar,,,Not Applicable,Not Applicable,Not Applicable,Not Applicable,247,Not Applicable,0,,
2024-07-26 07:38:00,CNR6338547918,Driver Not Found,CID555208,Mini,Ulsoor,Tumkur Road,,,Not Applicable,Not Applicable,Not Applicable,Not Applicable,127,Not Applicable,0,,
2024-07-07 06:44:00,CNR7656979358,Canceled by Driver,CID531378,Bike,Langford Town,Hulimavu,,,Not Applicable,Personal & Car related issue,Not Applicable,Not Applicable,423,Not Applicable,0,,
2024-07-18 18:30:00,CNR8498604887,Success,CID377043,Auto,Mysore Road,Kengeri,119.0,45.0,Not Applicable,Not Applicable,No,Not Applicable,107,Cash,1,4.5,4.0
2024-07-29 03:01:00,CNR9757689565,Canceled by Customer,CID146900,Prime Sedan,Jayanagar,Ramamurthy Nagar,,,Wrong Address,Not Applicable,Not Applicable,Not Applicable,253,Not Applicable,0,,
2024-07-14 23:12:00,CNR4103462013,Success,CID328231,Bike,Magadi Road,Vijayanagar,168.0,145.0,Not Applicable,Not Applicable,No,Not Applicable,404,UPI,14,4.6,4.6
2024-07-14 02:58:00,CNR3412014206,Canceled by Customer,CID857984,Prime Sedan,Majestic,Padmanabhanagar,,,Change of plans,Not Applicable,Not Applicable,Not Applicable,833,Not Applicable,0,,
2024-07-18 06:49:00,CNR4133283087,Success,CID718901,Prime Sedan,Kammanahalli,Cox Town,175.0,145.0,Not Applicable,Not Applicable,No,Not Applicable,287,UPI,41,4.9,4.8
2024-07-11 13:10:00,CNR8264429073,Success,CID376695,Prime SUV,Hosur Road,MG Road,224.0,75.0,Not Applicable,Not Applicable,No,Not Applicable,263,UPI,22,3.7,4.5
2024-07-29 01:05:00,CNR6772169854,Canceled by Customer,CID584974,Prime Plus,Frazer Town,Rajarajeshwari Nagar,,,Driver asked to cancel,Not Applicable,Not Applicable,Not Applicable,407,Not Applicable,0,,
2024-07-19 00:20:00,CNR4898611809,Success,CID680509,Bike,Langford Town,Shantinagar,252.0,25.0,Not Applicable,Not Applicable,No,Not Applicable,820,Cash,10,3.1,4.1
2024-07-10 17:15:00,CNR5964904559,Canceled by Driver,CID237398,Prime Sedan,Majestic,Tumkur Road,,,Not Applicable,Personal & Car related issue,Not Applicable,Not Applicable,908,Not Applicable,0,,
2024-07-13 15:20:00,CNR6382374927,Success,CID423209,Mini,HSR Layout,Varthur,63.0,65.0,Not Applicable,Not Applicable,No,Not Applicable,493,Cash,11,4.1,4.0
2024-07-06 19:27:00,CNR2566295803,Driver Not Found,CID384613,Prime Plus,Rajajinagar,HSR Layout,,,Not Applicable,Not Applicable,Not Applicable,Not Applicable,155,Not Applicable,0,,
2024-07-13 12:29:00,CNR1966446035,Canceled by Customer,CID720034,Mini,Devanahalli,Sarjapur Road,,,Change of plans,Not Applicable,Not Applicable,Not Applicable,495,Not Applicable,0,,
2024-07-29 14:09:00,CNR5451626254,Driver Not Found,CID988336,Auto,Nagarbhavi,Sarjapur Road,,,Not Applicable,Not Applicable,Not Applicable,Not Applicable,429,Not Applicable,0,,
2024-07-25 08:21:00,CNR6548936296,Driver Not Found,CID347811,Auto,Vijayanagar,Frazer Town,,,Not Applicable,Not Applicable,Not Applicable,Not Applicable,550,Not Applicable,0,,
2024-07-07 09:31:00,CNR6857343450,Success,CID552346,Bike,Rajarajeshwari Nagar,Padmanabhanagar,217.0,105.0,Not Applicable,Not Applicable,No,Not Applicable,125,UPI,46,3.3,4.2
2024-07-24 05:03:00,CNR1699990326,Success,CID491574,Bike,Magadi Road,Shantinagar,126.0,65.0,Not Applicable,Not Applicable,No,Not Applicable,268,Cash,43,3.9,3.8
2024-07-26 17:20:00,CNR1020060396,Canceled by Driver,CID207618,Mini,Rajarajeshwari Nagar,Koramangala,,,Not Applicable,Customer was coughing/sick,Not Applicable,Not Applicable,736,Not Applicable,0,,
2024-07-12 02:16:00,CNR6686652133,Driver Not Found,CID220430,Auto,Hosur Road,Rajajinagar,,,Not Applicable,Not Applicable,Not Applicable,Not Applicable,1461,Not Applicable,0,,
2024-07-16 12:52:00,CNR8076845644,Success,CID255035,Prime SUV,Cox Town,Peenya,105.0,115.0,Not Applicable,Not Applicable,No,Not Applicable,354,Cash,2,4.4,4.9
2024-07-28 21:53:00,CNR7202440711,Success,CID368643,Mini,Kengeri,Hulimavu,140.0,80.0,Not Applicable,Not Applicable,No,Not Applicable,143,UPI,19,3.6,3.8
2024-07-12 12:53:00,CNR1835770403,Canceled by Customer,CID329893,Prime SUV,Koramangala,Nagarbhavi,,,Driver asked to cancel,Not Applicable,Not Applicable,Not Applicable,1982,Not Applicable,0,,
2024-07-28 05:13:00,CNR1629366535,Success,CID607708,Mini,RT Nagar,Frazer Town,287.0,45.0,Not Applicable,Not Applicable,No,Not Applicable,317,Cash,3,3.6,4.6
2024-07-07 05:57:00,CNR1682998183,Success,CID228915,Prime Sedan,Devanahalli,Malleshwaram,56.0,75.0,Not Applicable,Not Applicable,No,Not Applicable,717,Cash,18,3.6,4.8
2024-07-30 14:49:00,CNR3008032520,Success,CID118447,Auto,Basavanagudi,Jayanagar,280.0,120.0,Not Applicable,Not Applicable,No,Not Applicable,150,Cash,19,5.0,4.3
2024-07-04 18:19:00,CNR6533948827,Success,CID173946,Mini,Chamarajpet,Banashankari,119.0,135.0,Not Applicable,Not Applicable,No,Not Applicable,2761,Cash,26,3.9,3.8
2024-07-18 02:45:00,CNR3255004524,Driver Not Found,CID516177,Prime Plus,Sahakar Nagar,BTM Layout,,,Not Applicable,Not Applicable,Not Applicable,Not Applicable,827,Not Applicable,0,,
2024-07-24 14:35:00,CNR6091701631,Success,CID967243,Prime Sedan,Frazer Town,Banashankari,119.0,60.0,Not Applicable,Not Applicable,No,Not Applicable,434,Cash,42,3.6,4.2
2024-07-19 16:35:00,CNR9786519726,Driver Not Found,CID392248,Prime Sedan,Banashankari,Vijayanagar,,,Not Applicable,Not Applicable,Not Applicable,Not Applicable,381,Not Applicable,0,,
2024-07-13 16:31:00,CNR7067928030,Success,CID723117,Prime SUV,Chamarajpet,Sarjapur Road,238.0,115.0,Not Applicable,Not Applicable,No,Not Applicable,325,Cash,9,4.1,4.9
2024-07-12 21:16:00,CNR6043718329,Canceled by Customer,CID892591,eBike,Yelahanka,HSR Layout,,,Wrong Address,Not Applicable,Not Applicable,Not Applicable,300,Not Applicable,0,,
2024-07-15 19:38:00,CNR3094887486,Success,CID915612,Auto,Nagarbhavi,Marathahalli,273.0,60.0,Not Applicable,Not Applicable,No,Not Applicable,564,Cash,16,3.1,3.2
2024-07-18 10:24:00,CNR2957017639,Success,CID648114,Prime Plus,Tumkur Road,Vijayanagar,252.0,105.0,Not Applicable,Not Applicable,No,Not Applicable,831,UPI,22,3.1,4.3
2024-07-14 20:07:00,CNR5910602089,Canceled by Customer,CID610110,Bike,Varthur,Frazer Town,,,Wrong Address,Not Applicable,Not Applicable,Not Applicable,421,Not Applicable,0,,
2024-07-04 10:34:00,CNR8330494683,Canceled by Driver,CID520959,Prime Plus,Peenya,Chamarajpet,,,Not Applicable,Personal & Car related issue,Not Applicable,Not Applicable,466,Not Applicable,0,,
2024-07-23 06:00:00,CNR9847867023,Success,CID648994,Bike,Yelahanka,Kammanahalli,168.0,60.0,Not Applicable,Not Applicable,No,Not Applicable,359,UPI,49,4.7,4.1
2024-07-15 13:36:00,CNR7404967315,Success,CID491860,Prime Sedan,Frazer Town,Peenya,119.0,45.0,Not Applicable,Not Applicable,Yes,Vehicle Breakdown,280,Cash,26,4.6,4.4
2024-07-03 22:49:00,CNR1019631909,Success,CID570241,Auto,MG Road,Vijayanagar,42.0,40.0,Not Applicable,Not Applicable,No,Not Applicable,150,UPI,8,4.0,5.0
2024-07-11 21:22:00,CNR3262654912,Success,CID694473,Prime Sedan,Electronic City,Hebbal,119.0,60.0,Not Applicable,Not Applicable,No,Not Applicable,260,Cash,29,4.5,4.9
2024-07-04 02:39:00,CNR4821285490,Success,CID845734,Bike,RT Nagar,BTM Layout,238.0,95.0,Not Applicable,Not Applicable,No,Not Applicable,355,UPI,46,3.3,3.1
2024-07-13 18:12:00,CNR9374167006,Canceled by Customer,CID683587,Mini,Shantinagar,Ramamurthy Nagar,,,Driver is not moving towards pickup location,Not Applicable,Not Applicable,Not Applicable,302,Not Applicable,0,,
2024-07-28 21:27:00,CNR2128625621,Success,CID367528,eBike,Shivajinagar,Mysore Road,63.0,35.0,Not Applicable,Not Applicable,No,Not Applicable,601,UPI,6,3.8,3.5
2024-07-08 04:38:00,CNR5587034447,Success,CID150080,Prime SUV,Chamarajpet,Kengeri,42.0,60.0,Not Applicable,Not Applicable,No,Not Applicable,836,Credit Card,41,4.4,3.4
2024-07-18 12:56:00,CNR9906292218,Success,CID465549,Prime Sedan,Richmond Town,Malleshwaram,182.0,140.0,Not Applicable,Not Applicable,No,Not Applicable,515,Cash,29,4.6,3.9
2024-07-19 21:14:00,CNR4786482625,Success,CID213961,Bike,Kengeri,Varthur,147.0,105.0,Not Applicable,Not Applicable,No,Not Applicable,179,Credit Card,22,4.0,3.4
2024-07-26 21:38:00,CNR6975434990,Canceled by Customer,CID920478,Prime Sedan,Hulimavu,Malleshwaram,,,Change of plans,Not Applicable,Not Applicable,Not Applicable,331,Not Applicable,0,,
2024-07-09 20:34:00,CNR4590370685,Success,CID874419,Bike,Richmond Town,Sarjapur Road,35.0,95.0,Not Applicable,Not Applicable,No,Not Applicable,419,UPI,34,4.6,4.0
2024-07-27 10:40:00,CNR6038495520,Success,CID239696,Auto,Nagarbhavi,Yeshwanthpur,42.0,130.0,Not Applicable,Not Applicable,No,Not Applicable,187,UPI,17,3.9,3.7
2024-07-13 02:10:00,CNR9813031257,Canceled by Driver,CID678818,Prime Plus,RT Nagar,Jayanagar,,,Not Applicable,More than permitted people in there,Not Applicable,Not Applicable,646,Not Applicable,0,,
2024-07-30 16:30:00,CNR1425058794,Success,CID917250,Mini,Chickpet,Sarjapur Road,112.0,80.0,Not Applicable,Not Applicable,Yes,Customer Demand,272,Cash,37,3.0,3.6
2024-07-30 20:02:00,CNR9015236334,Canceled by Driver,CID716340,Prime SUV,Whitefield,Malleshwaram,,,Not Applicable,Personal & Car related issue,Not Applicable,Not Applicable,467,Not Applicable,0,,
2024-07-30 02:51:00,CNR7747542053,Canceled by Driver,CID603056,Prime Plus,Chickpet,Electronic City,,,Not Applicable,More than permitted people in there,Not Applicable,Not Applicable,260,Not Applicable,0,,
2024-07-08 04:48:00,CNR3454746161,Canceled by Driver,CID990863,Prime SUV,Hebbal,Shantinagar,,,Not Applicable,Customer related issue,Not Applicable,Not Applicable,348,Not Applicable,0,,
2024-07-12 22:16:00,CNR9930064494,Canceled by Customer,CID483496,Bike,Hennur,Indiranagar,,,Driver is not moving towards pickup location,Not Applicable,Not Applicable,Not Applicable,357,Not Applicable,0,,
2024-07-10 22:36:00,CNR1364408948,Canceled by Customer,CID484855,eBike,Marathahalli,Bannerghatta Road,,,Driver asked to cancel,Not Applicable,Not Applicable,Not Applicable,289,Not Applicable,0,,
2024-07-17 21:46:00,CNR3074905210,Success,CID361149,Prime Plus,Rajajinagar,KR Puram,308.0,120.0,Not Applicable,Not Applicable,No,Not Applicable,134,Cash,5,4.8,4.6
2024-07-10 16:38:00,CNR3826775044,Canceled by Driver,CID962687,Auto,Marathahalli,BTM Layout,,,Not Applicable,Customer was coughing/sick,Not Applicable,Not Applicable,2736,Not Applicable,0,,
2024-07-02 04:15:00,CNR4367394413,Success,CID764256,Prime Plus,Kammanahalli,Bellandur,70.0,95.0,Not Applicable,Not Applicable,No,Not Applicable,349,Cash,43,3.1,3.7
2024-07-25 01:50:00,CNR7310631623,Canceled by Driver,CID801698,Auto,Nagarbhavi,Devanahalli,,,Not Applicable,More than permitted people in there,Not Applicable,Not Applicable,205,Not Applicable,0,,
2024-07-19 07:51:00,CNR8372104707,Success,CID627080,Auto,Frazer Town,Malleshwaram,105.0,65.0,Not Applicable,Not Applicable,No,Not Applicable,917,UPI,4,3.6,5.0
2024-07-09 00:36:00,CNR5958041493,Driver Not Found,CID521414,Bike,Nagarbhavi,Rajarajeshwari Nagar,,,Not Applicable,Not Applicable,Not Applicable,Not Applicable,925,Not Applicable,0,,
2024-07-05 21:38:00,CNR6579240647,Success,CID598823,Bike,Yelahanka,Tumkur Road,119.0,125.0,Not Applicable,Not Applicable,No,Not Applicable,580,Cash,15,4.1,4.2
2024-07-12 18:02:00,CNR3171550639,Driver Not Found,CID274549,Mini,Kadugodi,Yelahanka,,,Not Applicable,Not Applicable,Not Applicable,Not Applicable,415,Not Applicable,0,,
2024-07-25 05:05:00,CNR9200588800,Canceled by Driver,CID303502,Bike,Vijayanagar,Peenya,,,Not Applicable,Customer related issue,Not Applicable,Not Applicable,394,Not Applicable,0,,
2024-07-27 10:52:00,CNR5909532380,Success,CID299027,Auto,Electronic City,RT Nagar,224.0,50.0,Not Applicable,Not Applicable,No,Not Applicable,558,Cash,1,3.7,4.7
2024-07-20 16:37:00,CNR3076396854,Success,CID940821,Prime Sedan,RT Nagar,Kengeri,182.0,115.0,Not Applicable,Not Applicable,No,Not Applicable,357,UPI,34,4.0,3.3
2024-07-10 22:26:00,CNR6320259087,Success,CID191543,Prime SUV,Whitefield,Shivajinagar,238.0,80.0,Not Applicable,Not Applicable,No,Not Applicable,440,Cash,14,3.7,3.9
2024-07-03 06:39:00,CNR5103506302,Success,CID717368,Mini,BTM Layout,RT Nagar,259.0,80.0,Not Applicable,Not Applicable,No,Not Applicable,724,UPI,38,4.7,4.4
2024-07-28 23:20:00,CNR7614113775,Success,CID831036,Bike,Majestic,Padmanabhanagar,147.0,100.0,Not Applicable,Not Applicable,Yes,Customer Demand,2767,UPI,35,3.7,3.0
2024-07-26 22:24:00,CNR3554466493,Success,CID483679,Mini,Mysore Road,Shivajinagar,154.0,85.0,Not Applicable,Not Applicable,No,Not Applicable,373,Cash,9,4.6,3.6
2024-07-08 00:05:00,CNR6187457533,Success,CID119290,Bike,Chamarajpet,HSR Layout,126.0,115.0,Not Applicable,Not Applicable,No,Not Applicable,794,Cash,32,3.4,3.2
2024-07-27 04:58:00,CNR1446844811,Success,CID125638,Prime Sedan,Ulsoor,Mysore Road,252.0,40.0,Not Applicable,Not Applicable,No,Not Applicable,333,Cash,45,3.0,3.6
2024-07-19 20:03:00,CNR9474555410,Canceled by Driver,CID748942,Auto,Koramangala,Basavanagudi,,,Not Applicable,Customer was coughing/sick,Not Applicable,Not Applicable,385,Not Applicable,0,,
2024-07-04 08:14:00,CNR6644841672,Canceled by Driver,CID270211,Bike,Koramangala,Richmond Town,,,Not Applicable,Personal & Car related issue,Not Applicable,Not Applicable,245,Not Applicable,0,,
2024-07-27 15:00:00,CNR5275149694,Canceled by Driver,CID541341,Mini,Sahakar Nagar,Ramamurthy Nagar,,,Not Applicable,More than permitted people in there,Not Applicable,Not Applicable,1654,Not Applicable,0,,
2024-07-21 01:26:00,CNR7742979025,Canceled by Customer,CID431581,eBike,Magadi Road,Kammanahalli,,,Change of plans,Not Applicable,Not Applicable,Not Applicable,231,Not Applicable,0,,
2024-07-16 20:10:00,CNR7740007440,Success,CID138913,Auto,Kengeri,Kadugodi,259.0,45.0,Not Applicable,Not Applicable,No,Not Applicable,417,Cash,10,4.3,4.9
2024-07-29 20:48:00,CNR5414244002,Success,CID728798,Bike,Tumkur Road,Chamarajpet,91.0,70.0,Not Applicable,Not Applicable,No,Not Applicable,385,Cash,45,5.0,4.5
2024-07-15 22:18:00,CNR4579634641,Success,CID836542,Prime Plus,Bellandur,Yelahanka,245.0,45.0,Not Applicable,Not Applicable,No,Not Applicable,994,UPI,3,3.8,4.7
2024-07-11 04:27:00,CNR2364840242,Driver Not Found,CID642210,Bike,Frazer Town,JP Nagar,,,Not Applicable,Not Applicable,Not Applicable,Not Applicable,100,Not Applicable,0,,
2024-07-24 22:33:00,CNR8637997454,Success,CID558766,Prime Sedan,Kammanahalli,Langford Town,259.0,105.0,Not Applicable,Not Applicable,No,Not Applicable,942,UPI,22,4.6,3.8
2024-07-21 19:53:00,CNR9567933504,Canceled by Customer,CID161258,Auto,Chickpet,Kammanahalli,,,AC is Not working,Not Applicable,Not Applicable,Not Applicable,500,Not Applicable,0,,
2024-07-14 21:39:00,CNR5682428046,Success,CID243830,Bike,Kadugodi,Hosur Road,35.0,50.0,Not Applicable,Not Applicable,No,Not Applicable,301,Cash,2,4.3,4.5
2024-07-12 05:09:00,CNR5841822221,Canceled by Driver,CID573136,Mini,Yelahanka,Rajarajeshwari Nagar,,,Not Applicable,Personal & Car related issue,Not Applicable,Not Applicable,163,Not Applicable,0,,
2024-07-07 08:01:00,CNR4225354599,Driver Not Found,CID639928,Auto,Rajarajeshwari Nagar,Langford Town,,,Not Applicable,Not Applicable,Not Applicable,Not Applicable,261,Not Applicable,0,,
2024-07-24 20:30:00,CNR6108183860,Driver Not Found,CID317993,eBike,Devanahalli,Sarjapur Road,,,Not Applicable,Not Applicable,Not Applicable,Not Applicable,633,Not Applicable,0,,
2024-07-02 15:18:00,CNR4517782892,Success,CID401014,Mini,Ramamurthy Nagar,Yeshwanthpur,91.0,85.0,Not Applicable,Not Applicable,No,Not Applicable,376,Cash,43,4.3,5.0
2024-07-07 01:45:00,CNR7569722013,Success,CID978899,Prime Sedan,Electronic City,Ramamurthy Nagar,252.0,95.0,Not Applicable,Not Applicable,No,Not Applicable,196,Cash,6,3.5,5.0
2024-07-08 05:09:00,CNR6110265989,Success,CID470812,Auto,Sahakar Nagar,Varthur,133.0,120.0,Not Applicable,Not Applicable,No,Not Applicable,296,Cash,5,3.3,5.0
2024-07-03 08:22:00,CNR7411622028,Success,CID383779,Bike,MG Road,Cox Town,168.0,145.0,Not Applicable,Not Applicable,No,Not Applicable,984,Credit Card,40,4.0,4.3
2024-07-25 06:57:00,CNR2311233663,Success,CID797089,Auto,Sahakar Nagar,Rajajinagar,77.0,135.0,Not Applicable,Not Applicable,No,Not Applicable,414,UPI,3,3.3,3.1
2024-07-06 10:13:00,CNR5571392794,Success,CID821250,Prime Plus,Basavanagudi,HSR Layout,56.0,45.0,Not Applicable,Not Applicable,No,Not Applicable,108,Cash,28,4.4,4.5
2024-07-16 11:35:00,CNR7617690683,Success,CID660541,Prime Plus,Vijayanagar,Devanahalli,77.0,35.0,Not Applicable,Not Applicable,No,Not Applicable,527,UPI,15,3.8,4.1
2024-07-28 15:41:00,CNR9762017570,Success,CID944945,Prime SUV,Chickpet,Cox Town,126.0,130.0,Not Applicable,Not Applicable,No,Not Applicable,304,UPI,47,4.6,4.2
2024-07-08 12:24:00,CNR5151909713,Success,CID660244,eBike,Kadugodi,Frazer Town,175.0,140.0,Not Applicable,Not Applicable,Yes,Customer Demand,444,Cash,20,4.8,4.9
2024-07-27 21:08:00,CNR9715877732,Canceled by Driver,CID775474,Prime Sedan,Kammanahalli,Malleshwaram,,,Not Applicable,Customer related issue,Not Applicable,Not Applicable,259,Not Applicable,0,,
2024-07-14 05:38:00,CNR6811667708,Success,CID770665,Prime Sedan,Sarjapur Road,Kengeri,161.0,125.0,Not Applicable,Not Applicable,No,Not Applicable,263,UPI,11,4.5,4.8
2024-07-19 23:19:00,CNR3641254294,Driver Not Found,CID755443,Prime SUV,Kammanahalli,Chamarajpet,,,Not Applicable,Not Applicable,Not Applicable,Not Applicable,762,Not Applicable,0,,
2024-07-18 16:18:00,CNR7829321626,Success,CID376702,Mini,Chickpet,KR Puram,238.0,75.0,Not Applicable,Not Applicable,No,Not Applicable,492,UPI,34,4.6,3.4
2024-07-29 03:58:00,CNR7069775959,Success,CID479047,Prime SUV,Majestic,Langford Town,126.0,100.0,Not Applicable,Not Applicable,No,Not Applicable,204,Cash,21,3.1,3.6
2024-07-25 20:01:00,CNR6110656946,Success,CID301938,Prime Plus,Cox Town,Hulimavu,147.0,85.0,Not Applicable,Not Applicable,No,Not Applicable,290,Cash,33,3.8,4.8
2024-07-30 11:15:00,CNR7306281194,Canceled by Driver,CID409810,eBike,Tumkur Road,Padmanabhanagar,,,Not Applicable,Customer was coughing/sick,Not Applicable,Not Applicable,2850,Not Applicable,0,,
2024-07-30 19:38:00,CNR4869910907,Success,CID293765,eBike,Bannerghatta Road,Bellandur,287.0,140.0,Not Applicable,Not Applicable,No,Not Applicable,165,Cash,30,4.7,4.1
2024-07-21 20:31:00,CNR3686583660,Canceled by Driver,CID698454,Prime Sedan,MG Road,Yeshwanthpur,,,Not Applicable,Personal & Car related issue,Not Applicable,Not Applicable,266,Not Applicable,0,,
2024-07-20 04:21:00,CNR1230762709,Success,CID401714,Prime Plus,BTM Layout,Indiranagar,182.0,80.0,Not Applicable,Not Applicable,No,Not Applicable,682,Cash,35,4.6,4.6
2024-07-11 23:02:00,CNR9723611225,Canceled by Customer,CID366784,eBike,Chickpet,Rajarajeshwari Nagar,,,Driver is not moving towards pickup location,Not Applicable,Not Applicable,Not Applicable,330,Not Applicable,0,,
2024-07-26 13:46:00,CNR4801192014,Canceled by Driver,CID889447,eBike,Whitefield,KR Puram,,,Not Applicable,Customer related issue,Not Applicable,Not Applicable,250,Not Applicable,0,,
2024-07-17 12:59:00,CNR9772179522,Success,CID504222,Prime SUV,Rajarajeshwari Nagar,Chickpet,91.0,115.0,Not Applicable,Not Applicable,No,Not Applicable,107,UPI,6,4.0,4.8
2024-07-28 19:07:00,CNR3624571467,Canceled by Customer,CID811484,Prime Plus,Whitefield,Basavanagudi,,,Wrong Address,Not Applicable,Not Applicable,Not Applicable,267,Not Applicable,0,,
2024-07-27 08:29:00,CNR4457034162,Success,CID934705,Prime Plus,Devanahalli,Cox Town,203.0,140.0,Not Applicable,Not Applicable,No,Not Applicable,147,UPI,3,3.2,3.6
2024-07-22 14:13:00,CNR1810747839,Success,CID582560,Prime Plus,Devanahalli,Rajarajeshwari Nagar,182.0,100.0,Not Applicable,Not Applicable,No,Not Applicable,654,Cash,1,3.8,4.9
2024-07-23 05:10:00,CNR9864758532,Success,CID719575,Prime Sedan,Magadi Road,Hosur Road,175.0,65.0,Not Applicable,Not Applicable,No,Not Applicable,387,Cash,22,3.8,3.4
2024-07-30 08:17:00,CNR1710219695,Success,CID400630,Mini,Whitefield,Varthur,105.0,45.0,Not Applicable,Not Applicable,No,Not Applicable,290,UPI,45,3.2,3.7
2024-07-25 13:11:00,CNR1745731503,Success,CID882412,Prime Plus,Jayanagar,Bannerghatta Road,266.0,55.0,Not Applicable,Not Applicable,No,Not Applicable,268,UPI,33,4.1,3.1
2024-07-14 02:30:00,CNR4309962009,Success,CID259684,Bike,Ramamurthy Nagar,Sarjapur Road,154.0,75.0,Not Applicable,Not Applicable,Yes,Vehicle Breakdown,860,Cash,35,3.3,5.0
2024-07-02 06:56:00,CNR6336990501,Success,CID823481,Prime Plus,Shantinagar,Chickpet,196.0,125.0,Not Applicable,Not Applicable,No,Not Applicable,373,Cash,21,3.6,3.4
2024-07-01 00:49:00,CNR2686959624,Success,CID250621,eBike,Shivajinagar,Chamarajpet,189.0,100.0,Not Applicable,Not Applicable,Yes,Customer Demand,311,Cash,13,4.5,3.6
2024-07-23 07:28:00,CNR2545972555,Success,CID428139,Prime Sedan,KR Puram,Chamarajpet,189.0,135.0,Not Applicable,Not Applicable,No,Not Applicable,2553,Cash,31,3.5,4.6
2024-07-11 01:37:00,CNR1032350418,Success,CID544099,Prime Sedan,JP Nagar,KR Puram,84.0,100.0,Not Applicable,Not Applicable,No,Not Applicable,206,Cash,35,3.7,4.3
2024-07-07 12:41:00,CNR2997539914,Success,CID307281,Prime Sedan,HSR Layout,Ramamurthy Nagar,84.0,80.0,Not Applicable,Not Applicable,No,Not Applicable,271,Cash,39,4.9,3.9
2024-07-07 19:56:00,CNR3607746885,Canceled by Driver,CID226719,Prime Plus,RT Nagar,JP Nagar,,,Not Applicable,Personal & Car related issue,Not Applicable,Not Applicable,190,Not Applicable,0,,
2024-07-10 17:12:00,CNR3475105303,Success,CID584268,Prime Plus,BTM Layout,Langford Town,126.0,125.0,Not Applicable,Not Applicable,No,Not Applicable,427,Cash,31,4.2,3.0
2024-07-04 06:08:00,CNR4625639006,Canceled by Driver,CID981304,Prime SUV,Whitefield,Shivajinagar,,,Not Applicable,Personal & Car related issue,Not Applicable,Not Applicable,927,Not Applicable,0,,
2024-07-21 11:56:00,CNR4461994376,Success,CID769487,Bike,Tumkur Road,Bellandur,126.0,115.0,Not Applicable,Not Applicable,No,Not Applicable,844,Cash,34,3.4,3.2
2024-07-14 11:30:00,CNR9054094996,Success,CID141793,Prime Plus,Koramangala,Ramamurthy Nagar,168.0,105.0,Not Applicable,Not Applicable,No,Not Applicable,534,UPI,47,4.4,3.3
2024-07-18 08:05:00,CNR6618637495,Success,CID639036,eBike,RT Nagar,Malleshwaram,287.0,95.0,Not Applicable,Not Applicable,No,Not Applicable,194,UPI,35,5.0,3.9
2024-07-29 03:27:00,CNR2341985093,Success,CID679854,Mini,Yeshwanthpur,KR Puram,266.0,40.0,Not Applicable,Not Applicable,No,Not Applicable,255,Cash,16,4.0,4.3
2024-07-13 02:15:00,CNR2953151620,Success,CID919082,Bike,BTM Layout,Ramamurthy Nagar,140.0,55.0,Not Applicable,Not Applicable,No,Not Applicable,486,UPI,7,4.5,3.8
2024-07-05 22:13:00,CNR1126961373,Canceled by Driver,CID155922,Mini,Chickpet,RT Nagar,,,Not Applicable,More than permitted people in there,Not Applicable,Not Applicable,229,Not Applicable,0,,
2024-07-26 19:41:00,CNR8816674877,Success,CID741479,Prime SUV,Majestic,Ulsoor,266.0,75.0,Not Applicable,Not Applicable,No,Not Applicable,111,UPI,32,4.2,3.1
2024-07-26 05:26:00,CNR4089086892,Success,CID224926,Prime Sedan,Basavanagudi,Mysore Road,154.0,55.0,Not Applicable,Not Applicable,No,Not Applicable,870,UPI,17,4.3,4.5
2024-07-15 02:54:00,CNR8535678186,Success,CID945464,Bike,Hosur Road,Varthur,175.0,70.0,Not Applicable,Not Applicable,No,Not Applicable,196,UPI,10,3.9,4.2
2024-07-26 00:50:00,CNR4568665895,Success,CID239342,Prime Sedan,Yelahanka,Yeshwanthpur,287.0,110.0,Not Applicable,Not Applicable,No,Not Applicable,452,Cash,28,3.3,3.4
2024-07-08 10:37:00,CNR7285342550,Success,CID943647,Prime SUV,Bannerghatta Road,Padmanabhanagar,126.0,95.0,Not Applicable,Not Applicable,No,Not Applicable,327,UPI,14,3.2,3.8
2024-07-20 17:58:00,CNR7119338287,Canceled by Customer,CID695737,Auto,Majestic,Devanahalli,,,Driver asked to cancel,Not Applicable,Not Applicable,Not Applicable,120,Not Applicable,0,,
2024-07-16 23:49:00,CNR8667376451,Success,CID778248,Prime Plus,Yelahanka,Yeshwanthpur,273.0,45.0,Not Applicable,Not Applicable,No,Not Applicable,275,UPI,15,4.4,3.3
2024-07-05 16:33:00,CNR6765460802,Driver Not Found,CID320643,Prime Plus,Yelahanka,Nagarbhavi,,,Not Applicable,Not Applicable,Not Applicable,Not Applicable,1218,Not Applicable,0,,
2024-07-26 10:19:00,CNR2808032383,Success,CID994866,Auto,Richmond Town,BTM Layout,84.0,25.0,Not Applicable,Not Applicable,No,Not Applicable,239,Cash,18,3.7,4.0
2024-07-16 20:25:00,CNR6368738792,Success,CID505634,Prime SUV,Padmanabhanagar,Chickpet,63.0,105.0,Not Applicable,Not Applicable,No,Not Applicable,955,Cash,29,4.2,4.3
2024-07-03 17:05:00,CNR6547775468,Success,CID901998,Auto,Sarjapur Road,Shivajinagar,91.0,70.0,Not Applicable,Not Applicable,No,Not Applicable,487,UPI,8,3.9,3.0
2024-07-27 14:56:00,CNR2479051977,Canceled by Driver,CID606222,eBike,Shantinagar,Ulsoor,,,Not Applicable,More than permitted people in there,Not Applicable,Not Applicable,755,Not Applicable,0,,
2024-07-01 11:13:00,CNR8958345575,Success,CID817053,Prime Sedan,Shivajinagar,Bellandur,119.0,130.0,Not Applicable,Not Applicable,No,Not Applicable,324,UPI,21,3.0,4.6
2024-07-08 09:18:00,CNR4507490862,Canceled by Driver,CID448885,Mini,BTM Layout,Kadugodi,,,Not Applicable,Customer related issue,Not Applicable,Not Applicable,323,Not Applicable,0,,
2024-07-05 00:17:00,CNR4351457292,Canceled by Driver,CID276570,Mini,Langford Town,Magadi Road,,,Not Applicable,Customer was coughing/sick,Not Applicable,Not Applicable,401,Not Applicable,0,,
2024-07-29 10:48:00,CNR7473468561,Success,CID109731,Prime Sedan,Shivajinagar,Devanahalli,147.0,95.0,Not Applicable,Not Applicable,No,Not Applicable,413,UPI,18,3.1,3.1
2024-07-29 11:31:00,CNR9140414488,Canceled by Driver,CID696422,Prime SUV,Langford Town,Bellandur,,,Not Applicable,More than permitted people in there,Not Applicable,Not Applicable,423,Not Applicable,0,,
2024-07-23 04:44:00,CNR8992718883,Success,CID927843,Mini,Richmond Town,Cox Town,63.0,90.0,Not Applicable,Not Applicable,No,Not Applicable,590,UPI,8,4.6,4.1
2024-07-08 02:26:00,CNR7095123082,Canceled by Driver,CID697676,Prime Sedan,Yelahanka,Hebbal,,,Not Applicable,Customer related issue,Not Applicable,Not Applicable,150,Not Applicable,0,,
2024-07-26 18:10:00,CNR9253643496,Success,CID756643,Prime SUV,Koramangala,Sahakar Nagar,210.0,40.0,Not Applicable,Not Applicable,No,Not Applicable,248,UPI,12,3.8,3.6
2024-07-10 05:04:00,CNR4540273998,Canceled by Driver,CID481764,Mini,Frazer Town,Electronic City,,,Not Applicable,More than permitted people in there,Not Applicable,Not Applicable,344,Not Applicable,0,,
2024-07-10 15:40:00,CNR9169234539,Canceled by Driver,CID718522,Prime SUV,Hosur Road,Malleshwaram,,,Not Applicable,Personal & Car related issue,Not Applicable,Not Applicable,368,Not Applicable,0,,
2024-07-26 04:49:00,CNR5419824666,Success,CID693216,Prime Plus,HSR Layout,Tumkur Road,112.0,35.0,Not Applicable,Not Applicable,No,Not Applicable,496,Cash,25,5.0,3.2
2024-07-27 05:25:00,CNR7583046014,Canceled by Driver,CID160352,Prime Plus,Yelahanka,Basavanagudi,,,Not Applicable,Customer related issue,Not Applicable,Not Applicable,200,Not Applicable,0,,
2024-07-24 00:03:00,CNR6547201937,Canceled by Driver,CID586645,Auto,Hebbal,Hosur Road,,,Not Applicable,Personal & Car related issue,Not Applicable,Not Applicable,194,Not Applicable,0,,
2024-07-04 10:02:00,CNR8039180673,Success,CID546498,Mini,Vijayanagar,Hebbal,308.0,90.0,Not Applicable,Not Applicable,No,Not Applicable,178,Cash,39,3.3,5.0
2024-07-05 00:32:00,CNR1336179234,Success,CID490087,Prime Plus,Hulimavu,Richmond Town,280.0,55.0,Not Applicable,Not Applicable,No,Not Applicable,194,UPI,44,3.5,4.7
2024-07-21 10:24:00,CNR3823955759,Canceled by Driver,CID711604,Bike,Magadi Road,Jayanagar,,,Not Applicable,More than permitted people in there,Not Applicable,Not Applicable,242,Not Applicable,0,,
2024-07-17 20:19:00,CNR6920201069,Canceled by Customer,CID408595,eBike,BTM Layout,Kammanahalli,,,Driver is not moving towards pickup location,Not Applicable,Not Applicable,Not Applicable,487,Not Applicable,0,,
2024-07-06 22:14:00,CNR1386319784,Success,CID375884,eBike,Varthur,Chamarajpet,196.0,75.0,Not Applicable,Not Applicable,No,Not Applicable,320,UPI,24,4.1,4.6
2024-07-24 01:42:00,CNR8294341867,Canceled by Customer,CID661558,Prime Plus,Hulimavu,Hulimavu,,,Change of plans,Not Applicable,Not Applicable,Not Applicable,1265,Not Applicable,0,,
2024-07-14 23:44:00,CNR1606583461,Success,CID957726,Prime Sedan,Hulimavu,Whitefield,259.0,140.0,Not Applicable,Not Applicable,No,Not Applicable,133,Cash,43,4.3,4.9
2024-07-07 20:07:00,CNR1682823419,Success,CID291744,eBike,Kengeri,Yeshwanthpur,259.0,110.0,Not Applicable,Not Applicable,No,Not Applicable,162,UPI,27,3.1,3.5
2024-07-13 17:36:00,CNR5624039888,Success,CID671225,eBike,Indiranagar,Hebbal,91.0,55.0,Not Applicable,Not Applicable,Yes,Vehicle Breakdown,358,UPI,49,4.3,3.7
2024-07-21 04:35:00,CNR6842638525,Success,CID361342,Mini,Sahakar Nagar,Bellandur,294.0,115.0,Not Applicable,Not Applicable,No,Not Applicable,908,UPI,30,3.8,3.6
2024-07-10 02:26:00,CNR9812245005,Driver Not Found,CID485020,eBike,Rajajinagar,Chickpet,,,Not Applicable,Not Applicable,Not Applicable,Not Applicable,225,Not Applicable,0,,
2024-07-01 23:53:00,CNR2519552267,Driver Not Found,CID444301,eBike,Malleshwaram,Peenya,,,Not Applicable,Not Applicable,Not Applicable,Not Applicable,386,Not Applicable,0,,
2024-07-04 09:03:00,CNR7409328212,Success,CID316585,Prime Plus,Ulsoor,Sarjapur Road,301.0,30.0,Not Applicable,Not Applicable,No,Not Applicable,433,Cash,18,3.4,5.0
2024-07-04 01:21:00,CNR7594089973,Success,CID479702,Prime SUV,Langford Town,Malleshwaram,287.0,25.0,Not Applicable,Not Applicable,No,Not Applicable,452,Cash,1,4.6,3.7
2024-07-16 03:07:00,CNR1900818264,Success,CID902889,Bike,BTM Layout,Nagarbhavi,196.0,105.0,Not Applicable,Not Applicable,No,Not Applicable,335,UPI,27,3.8,3.6
2024-07-21 08:07:00,CNR6766113866,Success,CID394688,Prime SUV,Varthur,HSR Layout,252.0,125.0,Not Applicable,Not Applicable,No,Not Applicable,240,UPI,29,3.8,4.2
2024-07-27 21:49:00,CNR5318480512,Success,CID452954,eBike,Vijayanagar,Banashankari,259.0,75.0,Not Applicable,Not Applicable,No,Not Applicable,1136,Cash,4,3.3,4.2
2024-07-29 04:36:00,CNR8972079035,Canceled by Driver,CID461972,Prime Plus,Peenya,Cox Town,,,Not Applicable,Customer related issue,Not Applicable,Not Applicable,231,Not Applicable,0,,
2024-07-02 16:11:00,CNR9286580799,Success,CID832789,Prime Sedan,RT Nagar,Richmond Town,217.0,125.0,Not Applicable,Not Applicable,No,Not Applicable,474,Cash,10,3.3,4.7
2024-07-27 08:28:00,CNR1593412799,Success,CID278460,eBike,Jayanagar,Richmond Town,175.0,45.0,Not Applicable,Not Applicable,No,Not Applicable,293,Cash,14,4.6,4.9
2024-07-13 12:27:00,CNR8383269441,Success,CID362158,Mini,Rajarajeshwari Nagar,Shantinagar,91.0,75.0,Not Applicable,Not Applicable,No,Not Applicable,651,Debit Card,15,4.7,4.7
2024-07-23 00:54:00,CNR7448971304,Canceled by Driver,CID512161,Prime Plus,Richmond Town,Bannerghatta Road,,,Not Applicable,Customer related issue,Not Applicable,Not Applicable,475,Not Applicable,0,,
2024-07-07 03:55:00,CNR8835571989,Canceled by Driver,CID469166,Prime Plus,Peenya,MG Road,,,Not Applicable,Customer related issue,Not Applicable,Not Applicable,266,Not Applicable,0,,
2024-07-05 09:21:00,CNR1334801773,Driver Not Found,CID481206,eBike,Indiranagar,Koramangala,,,Not Applicable,Not Applicable,Not Applicable,Not Applicable,725,Not Applicable,0,,
2024-07-17 21:09:00,CNR7591326537,Canceled by Driver,CID182549,eBike,Sahakar Nagar,KR Puram,,,Not Applicable,More than permitted people in there,Not Applicable,Not Applicable,199,Not Applicable,0,,
2024-07-25 16:55:00,CNR4394540764,Canceled by Driver,CID889014,Auto,Devanahalli,JP Nagar,,,Not Applicable,Personal & Car related issue,Not Applicable,Not Applicable,2993,Not Applicable,0,,
2024-07-21 03:03:00,CNR2849397843,Success,CID988119,Prime Plus,Malleshwaram,Ulsoor,294.0,110.0,Not Applicable,Not Applicable,Yes,Vehicle Breakdown,249,UPI,23,3.5,3.9
2024-07-13 02:49:00,CNR2973804470,Success,CID177069,Prime SUV,Ramamurthy Nagar,Hennur,84.0,60.0,Not Applicable,Not Applicable,No,Not Applicable,950,Cash,34,3.5,3.9
2024-07-28 23:02:00,CNR3721548558,Canceled by Driver,CID429183,Prime Plus,Indiranagar,Banashankari,,,Not Applicable,Customer was coughing/sick,Not Applicable,Not Applicable,2713,Not Applicable,0,,
2024-07-30 16:46:00,CNR6499765947,Success,CID858178,eBike,Tumkur Road,Bellandur,175.0,110.0,Not Applicable,Not Applicable,No,Not Applicable,2856,UPI,8,3.0,4.5
2024-07-16 02:17:00,CNR6578106143,Success,CID864445,eBike,Frazer Town,Hebbal,147.0,120.0,Not Applicable,Not Applicable,No,Not Applicable,858,Cash,4,4.5,3.7
2024-07-24 13:23:00,CNR2758533693,Success,CID970742,Prime Plus,Rajarajeshwari Nagar,Frazer Town,42.0,135.0,Not Applicable,Not Applicable,No,Not Applicable,2664,Cash,28,4.5,3.2
2024-07-07 17:54:00,CNR2443706637,Success,CID393682,Prime Plus,Nagarbhavi,Nagarbhavi,266.0,85.0,Not Applicable,Not Applicable,No,Not Applicable,336,UPI,18,4.0,4.8
2024-07-29 09:43:00,CNR3371861172,Success,CID309416,Prime Sedan,Bellandur,Ulsoor,91.0,120.0,Not Applicable,Not Applicable,Yes,Customer Demand,430,Cash,22,3.4,4.4
2024-07-17 23:36:00,CNR5862912900,Canceled by Driver,CID423051,Prime Sedan,Rajajinagar,Hosur Road,,,Not Applicable,Personal & Car related issue,Not Applicable,Not Applicable,394,Not Applicable,0,,
2024-07-04 14:21:00,CNR4447087166,Canceled by Driver,CID608776,Prime Plus,Ramamurthy Nagar,Shantinagar,,,Not Applicable,Customer was coughing/sick,Not Applicable,Not Applicable,435,Not Applicable,0,,
2024-07-24 13:31:00,CNR5977881064,Success,CID248593,eBike,Shantinagar,Koramangala,63.0,135.0,Not Applicable,Not Applicable,No,Not Applicable,336,UPI,20,4.7,4.0
2024-07-18 02:15:00,CNR1115320004,Canceled by Driver,CID305705,Prime SUV,RT Nagar,Nagarbhavi,,,Not Applicable,Personal & Car related issue,Not Applicable,Not Applicable,365,Not Applicable,0,,
2024-07-19 13:45:00,CNR6843668920,Success,CID822281,Auto,Sahakar Nagar,Ulsoor,203.0,70.0,Not Applicable,Not Applicable,No,Not Applicable,293,Cash,18,3.0,4.8
2024-07-30 06:12:00,CNR5853393990,Success,CID850912,Prime Sedan,MG Road,Marathahalli,126.0,75.0,Not Applicable,Not Applicable,No,Not Applicable,461,UPI,26,4.8,4.1
2024-07-24 08:32:00,CNR5082145411,Success,CID549833,Prime Plus,Richmond Town,Hebbal,238.0,115.0,Not Applicable,Not Applicable,No,Not Applicable,132,Cash,38,4.0,4.5
2024-07-27 16:17:00,CNR8889642148,Canceled by Driver,CID968630,Bike,Cox Town,Hulimavu,,,Not Applicable,Customer related issue,Not Applicable,Not Applicable,385,Not Applicable,0,,
2024-07-18 06:43:00,CNR4072530690,Canceled by Customer,CID608184,Prime SUV,Richmond Town,Mysore Road,,,Driver is not moving towards pickup location,Not Applicable,Not Applicable,Not Applicable,418,Not Applicable,0,,
2024-07-27 04:46:00,CNR9736685953,Success,CID625682,Prime Plus,Yeshwanthpur,Yelahanka,308.0,90.0,Not Applicable,Not Applicable,No,Not Applicable,989,Cash,23,4.7,3.4
2024-07-02 09:58:00,CNR1323409290,Success,CID412051,eBike,HSR Layout,Ramamurthy Nagar,308.0,65.0,Not Applicable,Not Applicable,No,Not Applicable,508,UPI,11,4.4,3.9
2024-07-06 15:40:00,CNR1929725830,Success,CID872223,Mini,Kammanahalli,RT Nagar,217.0,110.0,Not Applicable,Not Applicable,No,Not Applicable,231,Cash,23,4.1,3.1
2024-07-23 21:01:00,CNR4410025945,Success,CID109800,Bike,Padmanabhanagar,Hennur,84.0,115.0,Not Applicable,Not Applicable,No,Not Applicable,154,Credit Card,12,4.9,3.9
2024-07-03 00:11:00,CNR2201225146,Canceled by Customer,CID343353,Auto,Cox Town,Richmond Town,,,Driver is not moving towards pickup location,Not Applicable,Not Applicable,Not Applicable,892,Not Applicable,0,,
2024-07-13 11:03:00,CNR2344263713,Driver Not Found,CID897049,Prime Plus,Rajarajeshwari Nagar,Vijayanagar,,,Not Applicable,Not Applicable,Not Applicable,Not Applicable,110,Not Applicable,0,,
2024-07-03 20:43:00,CNR8621616240,Success,CID118293,Prime Sedan,Basavanagudi,Shantinagar,98.0,90.0,Not Applicable,Not Applicable,Yes,Customer Demand,300,Credit Card,40,4.5,5.0
2024-07-14 13:28:00,CNR9228045757,Success,CID793910,Bike,Yeshwanthpur,KR Puram,231.0,105.0,Not Applicable,Not Applicable,No,Not Applicable,111,Cash,18,4.2,4.6
2024-07-28 23:30:00,CNR6982920320,Success,CID417093,Auto,Basavanagudi,Hosur Road,154.0,65.0,Not Applicable,Not Applicable,No,Not Applicable,445,Cash,14,4.5,3.7
2024-07-22 11:28:00,CNR9162864673,Canceled by Driver,CID314858,Prime SUV,Bannerghatta Road,Yeshwanthpur,,,Not Applicable,Personal & Car related issue,Not Applicable,Not Applicable,178,Not Applicable,0,,
2024-07-23 20:24:00,CNR1588350546,Success,CID730619,Prime Sedan,Indiranagar,Vijayanagar,77.0,90.0,Not Applicable,Not Applicable,No,Not Applicable,107,Cash,34,3.6,4.4
2024-07-25 15:58:00,CNR2379720480,Canceled by Driver,CID542909,Auto,Yelahanka,Chickpet,,,Not Applicable,Personal & Car related issue,Not Applicable,Not Applicable,333,Not Applicable,0,,
2024-07-28 10:18:00,CNR3812212463,Success,CID171640,Auto,Koramangala,Vijayanagar,168.0,30.0,Not Applicable,Not Applicable,No,Not Applicable,447,Cash,2,5.0,3.3
2024-07-05 11:35:00,CNR8938948167,Canceled by Driver,CID250349,Mini,Majestic,Yelahanka,,,Not Applicable,Personal & Car related issue,Not Applicable,Not Applicable,121,Not Applicable,0,,
2024-07-01 04:33:00,CNR4306778043,Success,CID647389,Prime Plus,Nagarbhavi,Bannerghatta Road,266.0,50.0,Not Applicable,Not Applicable,No,Not Applicable,819,Cash,46,5.0,3.9
2024-07-08 08:18:00,CNR4757920266,Success,CID230349,Prime SUV,Richmond Town,Frazer Town,280.0,140.0,Not Applicable,Not Applicable,No,Not Applicable,178,UPI,34,4.5,3.1
2024-07-15 06:18:00,CNR2846344189,Canceled by Customer,CID360134,Prime Sedan,KR Puram,Mysore Road,,,Driver is not moving towards pickup location,Not Applicable,Not Applicable,Not Applicable,2802,Not Applicable,0,,
2024-07-10 07:03:00,CNR3871309208,Success,CID549302,Prime SUV,Marathahalli,KR Puram,35.0,45.0,Not Applicable,Not Applicable,No,Not Applicable,411,UPI,46,4.9,3.2
2024-07-03 03:07:00,CNR1062822568,Canceled by Driver,CID543725,Bike,Kadugodi,Langford Town,,,Not Applicable,Personal & Car related issue,Not Applicable,Not Applicable,194,Not Applicable,0,,
2024-07-09 16:54:00,CNR7363571501,Success,CID819194,Auto,Padmanabhanagar,Ramamurthy Nagar,175.0,40.0,Not Applicable,Not Applicable,No,Not Applicable,222,UPI,3,4.2,3.9
2024-07-06 22:09:00,CNR1056984998,Canceled by Driver,CID717106,Bike,Padmanabhanagar,HSR Layout,,,Not Applicable,More than permitted people in there,Not Applicable,Not Applicable,163,Not Applicable,0,,
2024-07-17 22:55:00,CNR5436786449,Success,CID676932,Bike,Kammanahalli,KR Puram,154.0,45.0,Not Applicable,Not Applicable,No,Not Applicable,237,Cash,12,3.4,4.2
2024-07-19 13:50:00,CNR6421482412,Success,CID735182,Auto,Peenya,Cox Town,217.0,65.0,Not Applicable,Not Applicable,No,Not Applicable,147,UPI,5,3.2,4.2
2024-07-05 04:28:00,CNR7016785358,Success,CID183163,Prime Sedan,MG Road,Shivajinagar,245.0,115.0,Not Applicable,Not Applicable,No,Not Applicable,1191,Cash,7,4.5,3.3
2024-07-01 09:42:00,CNR7326609265,Success,CID377005,eBike,Sarjapur Road,Rajajinagar,147.0,60.0,Not Applicable,Not Applicable,No,Not Applicable,423,UPI,12,4.7,3.2
2024-07-05 05:36:00,CNR8343938751,Success,CID385416,Auto,Magadi Road,Devanahalli,224.0,30.0,Not Applicable,Not Applicable,No,Not Applicable,477,Cash,3,4.1,3.7
2024-07-22 01:52:00,CNR7119284485,Driver Not Found,CID843889,Mini,Electronic City,MG Road,,,Not Applicable,Not Applicable,Not Applicable,Not Applicable,378,Not Applicable,0,,
2024-07-22 12:18:00,CNR7427433506,Success,CID909436,Bike,Ulsoor,KR Puram,294.0,145.0,Not Applicable,Not Applicable,No,Not Applicable,706,UPI,32,3.7,3.3
2024-07-18 05:35:00,CNR3685240624,Canceled by Driver,CID825904,eBike,Langford Town,Majestic,,,Not Applicable,Personal & Car related issue,Not Applicable,Not Applicable,190,Not Applicable,0,,
2024-07-04 21:02:00,CNR4817186343,Success,CID431906,Mini,JP Nagar,Malleshwaram,147.0,95.0,Not Applicable,Not Applicable,No,Not Applicable,1416,Cash,33,4.9,4.4
2024-07-12 16:10:00,CNR6223134590,Success,CID797921,Mini,Ramamurthy Nagar,Hosur Road,133.0,30.0,Not Applicable,Not Applicable,No,Not Applicable,166,UPI,9,3.9,4.1
2024-07-21 18:57:00,CNR3036055018,Success,CID843271,Prime Plus,Electronic City,Yeshwanthpur,217.0,110.0,Not Applicable,Not Applicable,No,Not Applicable,718,Cash,28,3.4,4.1
2024-07-16 04:50:00,CNR5210268553,Canceled by Customer,CID939512,Prime SUV,Bellandur,Marathahalli,,,Change of plans,Not Applicable,Not Applicable,Not Applicable,408,Not Applicable,0,,
2024-07-24 21:03:00,CNR1484789330,Canceled by Driver,CID826541,eBike,KR Puram,Rajarajeshwari Nagar,,,Not Applicable,More than permitted people in there,Not Applicable,Not Applicable,116,Not Applicable,0,,
2024-07-10 04:16:00,CNR1032088843,Success,CID633882,Mini,Rajarajeshwari Nagar,Rajajinagar,231.0,85.0,Not Applicable,Not Applicable,No,Not Applicable,373,Cash,25,3.1,4.6
2024-07-13 23:05:00,CNR4978464988,Success,CID977681,Auto,Yelahanka,Jayanagar,42.0,140.0,Not Applicable,Not Applicable,No,Not Applicable,126,Cash,2,4.4,4.5
2024-07-18 12:21:00,CNR7054961813,Success,CID968104,Prime Plus,Basavanagudi,Majestic,105.0,60.0,Not Applicable,Not Applicable,No,Not Applicable,565,UPI,13,3.2,4.4
2024-07-21 12:23:00,CNR7475980470,Success,CID493988,Prime Plus,Tumkur Road,Ulsoor,140.0,75.0,Not Applicable,Not Applicable,No,Not Applicable,359,UPI,42,4.2,3.8
2024-07-12 21:45:00,CNR2139429696,Canceled by Customer,CID818135,Prime Sedan,Shivajinagar,Bannerghatta Road,,,AC is Not working,Not Applicable,Not Applicable,Not Applicable,991,Not Applicable,0,,
2024-07-13 11:58:00,CNR5324016279,Success,CID918142,Auto,Electronic City,Mysore Road,189.0,80.0,Not Applicable,Not Applicable,No,Not Applicable,521,Cash,5,4.8,3.8
2024-07-01 01:00:00,CNR5249386988,Success,CID365321,Prime Sedan,Hulimavu,Frazer Town,217.0,105.0,Not Applicable,Not Applicable,No,Not Applicable,1949,Cash,30,4.3,3.3
2024-07-07 17:36:00,CNR3811228436,Success,CID265586,Prime Plus,Padmanabhanagar,Shivajinagar,196.0,65.0,Not Applicable,Not Applicable,No,Not Applicable,323,Cash,18,3.9,4.7
2024-07-16 11:23:00,CNR4126851318,Success,CID657325,Mini,Varthur,Koramangala,238.0,80.0,Not Applicable,Not Applicable,No,Not Applicable,454,Credit Card,11,4.0,3.2
2024-07-12 23:58:00,CNR4428091458,Canceled by Driver,CID665359,Prime Sedan,Rajarajeshwari Nagar,Sarjapur Road,,,Not Applicable,Customer was coughing/sick,Not Applicable,Not Applicable,344,Not Applicable,0,,
2024-07-20 22:21:00,CNR8781216255,Success,CID952652,Bike,Kengeri,Ulsoor,231.0,75.0,Not Applicable,Not Applicable,No,Not Applicable,884,Cash,5,3.1,3.6
2024-07-23 23:31:00,CNR1102112113,Success,CID159878,Prime Sedan,Koramangala,Koramangala,140.0,100.0,Not Applicable,Not Applicable,No,Not Applicable,126,Debit Card,12,4.7,3.0
2024-07-29 10:47:00,CNR1942581447,Driver Not Found,CID984870,Bike,Whitefield,Electronic City,,,Not Applicable,Not Applicable,Not Applicable,Not Applicable,296,Not Applicable,0,,
2024-07-08 04:37:00,CNR9325779727,Success,CID675094,Auto,Peenya,Ramamurthy Nagar,252.0,115.0,Not Applicable,Not Applicable,Yes,Customer Demand,617,Cash,11,4.0,4.9
2024-07-29 22:30:00,CNR4706925782,Canceled by Customer,CID623454,eBike,Rajajinagar,Ulsoor,,,Driver is not moving towards pickup location,Not Applicable,Not Applicable,Not Applicable,811,Not Applicable,0,,
2024-07-13 21:27:00,CNR8929524666,Canceled by Driver,CID884542,Auto,Yelahanka,Ramamurthy Nagar,,,Not Applicable,Customer was coughing/sick,Not Applicable,Not Applicable,962,Not Applicable,0,,
2024-07-21 21:24:00,CNR5714819530,Success,CID384554,eBike,Richmond Town,Majestic,189.0,145.0,Not Applicable,Not Applicable,No,Not Applicable,378,Cash,22,4.0,3.2
2024-07-18 08:39:00,CNR3752909580,Success,CID888109,Prime Sedan,RT Nagar,Hennur,84.0,75.0,Not Applicable,Not Applicable,Yes,Vehicle Breakdown,474,Cash,30,4.4,4.4
2024-07-13 04:25:00,CNR4603996822,Canceled by Customer,CID765407,eBike,Cox Town,Mysore Road,,,Driver asked to cancel,Not Applicable,Not Applicable,Not Applicable,353,Not Applicable,0,,
2024-07-18 12:37:00,CNR7941027914,Canceled by Customer,CID902338,Mini,Kengeri,Langford Town,,,Change of plans,Not Applicable,Not Applicable,Not Applicable,855,Not Applicable,0,,
2024-07-16 13:54:00,CNR8530706876,Success,CID615245,Mini,Marathahalli,Mysore Road,133.0,90.0,Not Applicable,Not Applicable,No,Not Applicable,541,Cash,21,3.8,3.3
2024-07-19 05:54:00,CNR4708120267,Success,CID198207,Bike,KR Puram,Banashankari,161.0,100.0,Not Applicable,Not Applicable,No,Not Applicable,810,Cash,12,4.6,4.1
2024-07-26 18:30:00,CNR6565743995,Canceled by Driver,CID794600,Prime SUV,Majestic,Koramangala,,,Not Applicable,Customer related issue,Not Applicable,Not Applicable,425,Not Applicable,0,,
2024-07-29 03:13:00,CNR7583288222,Success,CID171869,Mini,Cox Town,Vijayanagar,56.0,95.0,Not Applicable,Not Applicable,No,Not Applicable,162,Cash,26,3.3,4.1
2024-07-23 08:22:00,CNR1880619955,Canceled by Customer,CID721290,Mini,Nagarbhavi,Banashankari,,,Driver asked to cancel,Not Applicable,Not Applicable,Not Applicable,164,Not Applicable,0,,
2024-07-22 08:12:00,CNR8224584617,Success,CID922509,Prime SUV,Devanahalli,Vijayanagar,133.0,30.0,Not Applicable,Not Applicable,No,Not Applicable,393,Cash,38,3.7,3.1
2024-07-13 06:18:00,CNR2060104375,Success,CID654969,eBike,Kengeri,Marathahalli,147.0,85.0,Not Applicable,Not Applicable,No,Not Applicable,532,Cash,30,4.8,4.0
2024-07-21 21:45:00,CNR5426242005,Success,CID586071,Auto,Hulimavu,Vijayanagar,252.0,110.0,Not Applicable,Not Applicable,No,Not Applicable,420,Cash,15,4.0,3.5
2024-07-23 08:16:00,CNR6993187442,Success,CID581446,Prime Sedan,Magadi Road,Vijayanagar,238.0,70.0,Not Applicable,Not Applicable,No,Not Applicable,419,Cash,33,3.0,3.0
2024-07-23 18:16:00,CNR4118338863,Canceled by Customer,CID864378,Prime Plus,Basavanagudi,Kammanahalli,,,Driver asked to cancel,Not Applicable,Not Applicable,Not Applicable,255,Not Applicable,0,,
2024-07-12 11:02:00,CNR5784643719,Canceled by Customer,CID737536,Prime Sedan,Frazer Town,Basavanagudi,,,Driver is not moving towards pickup location,Not Applicable,Not Applicable,Not Applicable,487,Not Applicable,0,,
2024-07-01 10:38:00,CNR5322934376,Success,CID364577,Mini,Frazer Town,Nagarbhavi,84.0,85.0,Not Applicable,Not Applicable,No,Not Applicable,444,UPI,45,5.0,4.3
2024-07-26 03:19:00,CNR6292827760,Success,CID475574,Auto,Bannerghatta Road,HSR Layout,308.0,70.0,Not Applicable,Not Applicable,No,Not Applicable,966,Cash,17,3.2,4.8
2024-07-07 08:40:00,CNR7964745694,Success,CID587220,Mini,Mysore Road,Malleshwaram,210.0,30.0,Not Applicable,Not Applicable,No,Not Applicable,478,Cash,31,4.0,3.7
2024-07-26 07:33:00,CNR7816480798,Success,CID396416,eBike,Devanahalli,Yelahanka,266.0,35.0,Not Applicable,Not Applicable,No,Not Applicable,496,Cash,47,3.5,4.5
2024-07-09 09:02:00,CNR3381875549,Driver Not Found,CID551396,Prime SUV,Ulsoor,Sahakar Nagar,,,Not Applicable,Not Applicable,Not Applicable,Not Applicable,447,Not Applicable,0,,
2024-07-25 20:58:00,CNR3947388920,Success,CID840571,eBike,Peenya,Richmond Town,77.0,145.0,Not Applicable,Not Applicable,No,Not Applicable,217,UPI,25,4.7,4.9
2024-07-16 12:19:00,CNR4148141634,Success,CID673557,Auto,Devanahalli,Peenya,259.0,35.0,Not Applicable,Not Applicable,No,Not Applicable,377,Credit Card,18,4.2,4.3
2024-07-07 13:33:00,CNR2879722992,Canceled by Customer,CID504964,Mini,Koramangala,Yelahanka,,,Driver asked to cancel,Not Applicable,Not Applicable,Not Applicable,433,Not Applicable,0,,
2024-07-20 16:31:00,CNR6483564876,Success,CID734047,Auto,Mysore Road,RT Nagar,182.0,140.0,Not Applicable,Not Applicable,No,Not Applicable,931,Cash,4,3.8,4.0
2024-07-18 10:15:00,CNR7858385906,Canceled by Driver,CID794898,Bike,Malleshwaram,Mysore Road,,,Not Applicable,Customer related issue,Not Applicable,Not Applicable,175,Not Applicable,0,,
2024-07-28 01:41:00,CNR5743539873,Success,CID625877,eBike,Hosur Road,Whitefield,280.0,115.0,Not Applicable,Not Applicable,No,Not Applicable,326,Cash,21,3.9,3.9
2024-07-28 06:49:00,CNR7480817969,Canceled by Customer,CID831371,Prime Sedan,Hulimavu,Hosur Road,,,Driver asked to cancel,Not Applicable,Not Applicable,Not Applicable,900,Not Applicable,0,,
2024-07-15 17:22:00,CNR2253443821,Success,CID114344,Prime Plus,Chickpet,MG Road,84.0,70.0,Not Applicable,Not Applicable,No,Not Applicable,846,Cash,48,3.2,3.5
2024-07-22 19:16:00,CNR5685778457,Success,CID248929,Prime Sedan,Langford Town,Majestic,112.0,135.0,Not Applicable,Not Applicable,No,Not Applicable,359,Cash,42,3.9,4.3
2024-07-02 15:48:00,CNR8716472970,Success,CID743122,Auto,Tumkur Road,Cox Town,175.0,60.0,Not Applicable,Not Applicable,No,Not Applicable,368,Cash,13,3.2,3.2
2024-07-19 06:17:00,CNR4515385490,Success,CID547104,Prime Plus,Kengeri,Yeshwanthpur,133.0,145.0,Not Applicable,Not Applicable,No,Not Applicable,392,UPI,3,5.0,4.3
2024-07-15 06:25:00,CNR3866756266,Success,CID985618,Mini,Ramamurthy Nagar,Rajajinagar,308.0,115.0,Not Applicable,Not Applicable,No,Not Applicable,395,Cash,3,3.3,3.7
2024-07-10 04:13:00,CNR4583243375,Canceled by Driver,CID272612,Prime Plus,Hulimavu,Banashankari,,,Not Applicable,Customer related issue,Not Applicable,Not Applicable,259,Not Applicable,0,,
2024-07-18 03:56:00,CNR5569335883,Success,CID133568,Prime Plus,Langford Town,MG Road,238.0,40.0,Not Applicable,Not Applicable,No,Not Applicable,235,UPI,11,3.5,3.8
2024-07-22 17:07:00,CNR2154727983,Canceled by Driver,CID930218,Prime SUV,Nagarbhavi,Bannerghatta Road,,,Not Applicable,Personal & Car related issue,Not Applicable,Not Applicable,130,Not Applicable,0,,
2024-07-06 19:36:00,CNR1903133145,Success,CID954851,Bike,Cox Town,Shantinagar,49.0,145.0,Not Applicable,Not Applicable,No,Not Applicable,191,UPI,34,3.5,4.1
2024-07-11 09:48:00,CNR6155565845,Canceled by Customer,CID256556,Mini,HSR Layout,Koramangala,,,Wrong Address,Not Applicable,Not Applicable,Not Applicable,470,Not Applicable,0,,
2024-07-22 23:00:00,CNR6564684999,Canceled by Driver,CID949863,Auto,Tumkur Road,JP Nagar,,,Not Applicable,Customer related issue,Not Applicable,Not Applicable,2642,Not Applicable,0,,
2024-07-19 02:22:00,CNR3732476849,Canceled by Driver,CID385689,Prime Sedan,Varthur,Devanahalli,,,Not Applicable,Customer related issue,Not Applicable,Not Applicable,393,Not Applicable,0,,
2024-07-01 15:30:00,CNR5339049239,Success,CID521774,Auto,Richmond Town,Bellandur,168.0,85.0,Not Applicable,Not Applicable,No,Not Applicable,388,Cash,6,4.8,3.9
2024-07-19 10:29:00,CNR5618165581,Canceled by Customer,CID117340,Prime Plus,Magadi Road,MG Road,,,Driver is not moving towards pickup location,Not Applicable,Not Applicable,Not Applicable,756,Not Applicable,0,,
2024-07-09 03:15:00,CNR5674477720,Canceled by Driver,CID321558,Auto,Vijayanagar,Tumkur Road,,,Not Applicable,Customer related issue,Not Applicable,Not Applicable,443,Not Applicable,0,,
2024-07-10 22:19:00,CNR5451412178,Driver Not Found,CID792196,Prime Sedan,Malleshwaram,Hosur Road,,,Not Applicable,Not Applicable,Not Applicable,Not Applicable,480,Not Applicable,0,,
2024-07-26 08:16:00,CNR3914485739,Canceled by Driver,CID691576,Mini,Indiranagar,Magadi Road,,,Not Applicable,Customer was coughing/sick,Not Applicable,Not Applicable,247,Not Applicable,0,,
2024-07-16 14:58:00,CNR8586249844,Success,CID449536,Prime SUV,Devanahalli,BTM Layout,77.0,115.0,Not Applicable,Not Applicable,Yes,Customer Demand,273,Cash,2,3.7,3.4
2024-07-24 13:13:00,CNR6647031917,Canceled by Customer,CID770539,Auto,Ramamurthy Nagar,RT Nagar,,,Driver is not moving towards pickup location,Not Applicable,Not Applicable,Not Applicable,662,Not Applicable,0,,
2024-07-30 10:48:00,CNR1060878603,Success,CID386492,Auto,Basavanagudi,Cox Town,273.0,130.0,Not Applicable,Not Applicable,No,Not Applicable,146,Cash,17,3.5,3.2
2024-07-27 00:20:00,CNR9724618954,Success,CID577927,Prime Sedan,Basavanagudi,Bannerghatta Road,245.0,65.0,Not Applicable,Not Applicable,Yes,Vehicle Breakdown,263,UPI,16,3.6,4.0
2024-07-30 20:59:00,CNR3013885426,Success,CID414864,eBike,Vijayanagar,Hosur Road,133.0,30.0,Not Applicable,Not Applicable,No,Not Applicable,264,Cash,16,3.4,3.2
2024-07-28 22:47:00,CNR9734731876,Success,CID485453,Auto,Electronic City,Langford Town,238.0,25.0,Not Applicable,Not Applicable,No,Not Applicable,154,Cash,6,4.7,3.5
2024-07-06 20:46:00,CNR8767414193,Success,CID632697,eBike,Hosur Road,Chamarajpet,140.0,45.0,Not Applicable,Not Applicable,Yes,Customer Demand,344,Cash,28,4.4,3.5
2024-07-13 23:39:00,CNR2266543423,Canceled by Customer,CID551461,Mini,Langford Town,Kengeri,,,AC is Not working,Not Applicable,Not Applicable,Not Applicable,982,Not Applicable,0,,
2024-07-06 18:04:00,CNR1301617930,Success,CID377226,Prime Sedan,Nagarbhavi,Basavanagudi,70.0,125.0,Not Applicable,Not Applicable,No,Not Applicable,264,UPI,26,4.1,4.2
2024-07-13 03:01:00,CNR8919381199,Success,CID742686,Mini,MG Road,Bannerghatta Road,77.0,125.0,Not Applicable,Not Applicable,No,Not Applicable,447,UPI,49,3.2,3.3
2024-07-29 04:58:00,CNR3188846454,Success,CID536047,eBike,Hennur,Basavanagudi,175.0,100.0,Not Applicable,Not Applicable,No,Not Applicable,462,UPI,25,4.8,4.3
2024-07-10 21:41:00,CNR1609603450,Driver Not Found,CID581907,Prime SUV,Padmanabhanagar,Malleshwaram,,,Not Applicable,Not Applicable,Not Applicable,Not Applicable,690,Not Applicable,0,,
2024-07-03 00:17:00,CNR3339709888,Success,CID432504,Prime Plus,Bannerghatta Road,Banashankari,182.0,120.0,Not Applicable,Not Applicable,No,Not Applicable,1753,Cash,2,4.6,3.9
2024-07-12 09:54:00,CNR2503637036,Canceled by Customer,CID118214,Auto,Rajarajeshwari Nagar,Kengeri,,,Driver is not moving towards pickup location,Not Applicable,Not Applicable,Not Applicable,482,Not Applicable,0,,
2024-07-12 01:38:00,CNR8580587244,Driver Not Found,CID153872,Mini,Hebbal,Hosur Road,,,Not Applicable,Not Applicable,Not Applicable,Not Applicable,368,Not Applicable,0,,
2024-07-02 21:19:00,CNR3456497107,Success,CID538441,Mini,Shivajinagar,Peenya,77.0,55.0,Not Applicable,Not Applicable,No,Not Applicable,1751,Cash,3,5.0,3.7
2024-07-23 02:20:00,CNR8448611482,Success,CID613589,Prime SUV,Majestic,Varthur,147.0,55.0,Not Applicable,Not Applicable,No,Not Applicable,208,Cash,4,4.9,3.4
2024-07-20 19:56:00,CNR8976290246,Success,CID934639,Prime Sedan,Rajarajeshwari Nagar,Marathahalli,175.0,80.0,Not Applicable,Not Applicable,No,Not Applicable,295,Cash,2,3.1,4.2
2024-07-14 23:37:00,CNR3877708845,Success,CID763580,Auto,RT Nagar,Varthur,154.0,50.0,Not Applicable,Not Applicable,No,Not Applicable,1280,UPI,4,3.1,3.1
2024-07-17 17:31:00,CNR3512039449,Canceled by Customer,CID285591,Mini,Peenya,Sahakar Nagar,,,Driver is not moving towards pickup location,Not Applicable,Not Applicable,Not Applicable,536,Not Applicable,0,,
2024-07-23 06:46:00,CNR3165354778,Canceled by Driver,CID412000,Prime Plus,Bannerghatta Road,Koramangala,,,Not Applicable,Customer related issue,Not Applicable,Not Applicable,410,Not Applicable,0,,
2024-07-17 01:04:00,CNR7232062824,Success,CID846984,Prime Plus,Devanahalli,Varthur,308.0,85.0,Not Applicable,Not Applicable,No,Not Applicable,947,UPI,11,3.3,3.0
2024-07-21 21:52:00,CNR6598711522,Success,CID247714,Auto,Vijayanagar,Sarjapur Road,252.0,25.0,Not Applicable,Not Applicable,No,Not Applicable,298,Cash,2,4.4,3.0
2024-07-01 22:22:00,CNR4742835745,Success,CID201844,Prime Sedan,Frazer Town,Frazer Town,280.0,50.0,Not Applicable,Not Applicable,No,Not Applicable,720,Cash,10,3.5,3.7
2024-07-11 05:30:00,CNR5916189494,Success,CID360014,Prime Sedan,BTM Layout,Electronic City,70.0,75.0,Not Applicable,Not Applicable,No,Not Applicable,194,Cash,32,4.4,4.0
2024-07-01 07:48:00,CNR5058608785,Success,CID186448,Mini,Rajarajeshwari Nagar,Shivajinagar,238.0,55.0,Not Applicable,Not Applicable,No,Not Applicable,321,Cash,11,3.8,4.4
2024-07-04 21:19:00,CNR7544239874,Canceled by Driver,CID145958,eBike,Yeshwanthpur,Malleshwaram,,,Not Applicable,Customer was coughing/sick,Not Applicable,Not Applicable,258,Not Applicable,0,,
2024-07-12 21:17:00,CNR6634119655,Canceled by Driver,CID922069,eBike,Indiranagar,Rajarajeshwari Nagar,,,Not Applicable,Customer related issue,Not Applicable,Not Applicable,172,Not Applicable,0,,
2024-07-29 06:40:00,CNR6138885409,Success,CID130049,Prime Sedan,Koramangala,Malleshwaram,42.0,120.0,Not Applicable,Not Applicable,No,Not Applicable,821,UPI,3,4.9,3.4
2024-07-22 07:15:00,CNR3606677298,Canceled by Customer,CID511724,Auto,MG Road,Bellandur,,,Driver is not moving towards pickup location,Not Applicable,Not Applicable,Not Applicable,104,Not Applicable,0,,
2024-07-01 07:49:00,CNR2600305037,Canceled by Customer,CID774726,Prime SUV,Sahakar Nagar,Richmond Town,,,Driver asked to cancel,Not Applicable,Not Applicable,Not Applicable,737,Not Applicable,0,,
2024-07-23 10:13:00,CNR7677736677,Canceled by Driver,CID466748,Bike,KR Puram,Padmanabhanagar,,,Not Applicable,Customer was coughing/sick,Not Applicable,Not Applicable,472,Not Applicable,0,,
2024-07-05 12:51:00,CNR9056450351,Canceled by Driver,CID581971,Prime SUV,Indiranagar,Tumkur Road,,,Not Applicable,Customer related issue,Not Applicable,Not Applicable,486,Not Applicable,0,,
2024-07-17 09:40:00,CNR1360983860,Canceled by Driver,CID856529,Prime Sedan,Richmond Town,Shantinagar,,,Not Applicable,Personal & Car related issue,Not Applicable,Not Applicable,131,Not Applicable,0,,
2024-07-06 11:24:00,CNR2320439118,Success,CID755807,eBike,BTM Layout,Whitefield,196.0,35.0,Not Applicable,Not Applicable,No,Not Applicable,365,Cash,23,4.6,4.8
2024-07-22 13:54:00,CNR6013199382,Success,CID547734,Prime Sedan,Rajajinagar,Vijayanagar,140.0,95.0,Not Applicable,Not Applicable,No,Not Applicable,277,Cash,41,3.8,4.3
2024-07-01 15:36:00,CNR7642264208,Success,CID982568,Prime Plus,Rajarajeshwari Nagar,BTM Layout,84.0,80.0,Not Applicable,Not Applicable,No,Not Applicable,195,UPI,23,4.7,3.8
2024-07-26 07:00:00,CNR5551986150,Success,CID363201,Mini,Sarjapur Road,Devanahalli,63.0,35.0,Not Applicable,Not Applicable,No,Not Applicable,368,UPI,32,3.4,4.2
2024-07-19 03:19:00,CNR4821808603,Success,CID696379,Prime Plus,Shantinagar,Varthur,308.0,65.0,Not Applicable,Not Applicable,Yes,Customer Demand,290,UPI,11,3.4,3.3
2024-07-25 04:54:00,CNR9662220099,Success,CID267942,Auto,Hebbal,Kammanahalli,280.0,115.0,Not Applicable,Not Applicable,No,Not Applicable,948,Cash,4,3.5,3.4
2024-07-23 12:37:00,CNR4501178966,Driver Not Found,CID820555,eBike,Electronic City,Varthur,,,Not Applicable,Not Applicable,Not Applicable,Not Applicable,985,Not Applicable,0,,
2024-07-02 02:57:00,CNR8049438511,Canceled by Driver,CID180723,Mini,Vijayanagar,Rajarajeshwari Nagar,,,Not Applicable,Customer related issue,Not Applicable,Not Applicable,154,Not Applicable,0,,
2024-07-05 14:06:00,CNR3079076896,Driver Not Found,CID681025,Mini,Vijayanagar,Langford Town,,,Not Applicable,Not Applicable,Not Applicable,Not Applicable,427,Not Applicable,0,,
2024-07-22 22:48:00,CNR2648570312,Success,CID397066,Auto,Electronic City,Sahakar Nagar,70.0,135.0,Not Applicable,Not Applicable,No,Not Applicable,203,Credit Card,12,3.3,3.1
2024-07-21 01:17:00,CNR6603742519,Driver Not Found,CID800126,Auto,Malleshwaram,Kengeri,,,Not Applicable,Not Applicable,Not Applicable,Not Applicable,153,Not Applicable,0,,
2024-07-30 23:33:00,CNR2506767932,Success,CID701976,eBike,Indiranagar,Kadugodi,245.0,135.0,Not Applicable,Not Applicable,No,Not Applicable,208,UPI,13,3.0,4.6
2024-07-28 06:38:00,CNR3794252064,Success,CID237037,Bike,Richmond Town,Sahakar Nagar,287.0,100.0,Not Applicable,Not Applicable,No,Not Applicable,414,Cash,24,3.7,3.5
2024-07-06 07:52:00,CNR5034409629,Success,CID735530,Prime Plus,Jayanagar,Bannerghatta Road,294.0,55.0,Not Applicable,Not Applicable,No,Not Applicable,264,UPI,15,4.4,3.5
2024-07-08 14:24:00,CNR5102915744,Success,CID243153,Prime Plus,Hosur Road,Chamarajpet,98.0,100.0,Not Applicable,Not Applicable,No,Not Applicable,398,UPI,38,4.8,4.9
2024-07-19 06:16:00,CNR8518564210,Success,CID734750,Bike,Shivajinagar,BTM Layout,266.0,45.0,Not Applicable,Not Applicable,Yes,Vehicle Breakdown,477,Cash,25,4.7,3.3
2024-07-05 23:57:00,CNR7589260302,Canceled by Driver,CID987906,Prime Sedan,Banashankari,Langford Town,,,Not Applicable,More than permitted people in there,Not Applicable,Not Applicable,364,Not Applicable,0,,
2024-07-24 00:26:00,CNR8157053670,Success,CID146004,Mini,Varthur,HSR Layout,294.0,60.0,Not Applicable,Not Applicable,No,Not Applicable,2885,UPI,28,4.3,4.7
2024-07-04 00:10:00,CNR9549198592,Success,CID728013,Prime SUV,Indiranagar,Nagarbhavi,77.0,110.0,Not Applicable,Not Applicable,No,Not Applicable,413,UPI,3,4.5,4.7
2024-07-09 09:21:00,CNR4536511496,Success,CID297533,Auto,Ramamurthy Nagar,Devanahalli,273.0,140.0,Not Applicable,Not Applicable,No,Not Applicable,396,Cash,5,4.0,3.4
2024-07-16 23:28:00,CNR7759117852,Success,CID871651,Prime Sedan,Jayanagar,Nagarbhavi,168.0,45.0,Not Applicable,Not Applicable,No,Not Applicable,883,Credit Card,42,4.0,3.3
2024-07-18 17:02:00,CNR4617549177,Canceled by Driver,CID586098,Mini,Malleshwaram,Sarjapur Road,,,Not Applicable,Customer related issue,Not Applicable,Not Applicable,368,Not Applicable,0,,
2024-07-05 10:54:00,CNR3225147823,Success,CID839411,Prime Sedan,Mysore Road,Hosur Road,98.0,35.0,Not Applicable,Not Applicable,No,Not Applicable,295,Cash,27,4.4,4.8
2024-07-01 03:34:00,CNR6495777518,Success,CID155226,Bike,Cox Town,Frazer Town,287.0,45.0,Not Applicable,Not Applicable,No,Not Applicable,940,UPI,34,3.8,3.1
2024-07-19 23:49:00,CNR7538296240,Success,CID899603,Bike,Chamarajpet,Vijayanagar,259.0,120.0,Not Applicable,Not Applicable,No,Not Applicable,484,Cash,7,4.3,3.5
2024-07-01 07:03:00,CNR7682013451,Success,CID208585,Prime SUV,Electronic City,BTM Layout,154.0,145.0,Not Applicable,Not Applicable,No,Not Applicable,214,UPI,17,4.5,4.5
2024-07-19 16:04:00,CNR2223170145,Success,CID261342,Mini,Majestic,Hebbal,182.0,115.0,Not Applicable,Not Applicable,No,Not Applicable,784,Cash,47,5.0,3.2
2024-07-18 07:26:00,CNR8309831597,Driver Not Found,CID535146,Prime Plus,Yelahanka,Tumkur Road,,,Not Applicable,Not Applicable,Not Applicable,Not Applicable,384,Not Applicable,0,,
2024-07-12 00:19:00,CNR8698594349,Success,CID644463,Mini,Marathahalli,Sarjapur Road,77.0,40.0,Not Applicable,Not Applicable,No,Not Applicable,263,Cash,42,3.2,4.5
2024-07-07 17:25:00,CNR8904483494,Success,CID170120,eBike,Shivajinagar,Mysore Road,35.0,110.0,Not Applicable,Not Applicable,Yes,Customer Demand,210,Cash,37,4.7,4.4
2024-07-04 11:01:00,CNR2126835424,Success,CID636425,Auto,Electronic City,Hebbal,140.0,45.0,Not Applicable,Not Applicable,No,Not Applicable,265,Cash,18,3.1,4.2
2024-07-19 05:46:00,CNR3299504525,Success,CID269215,Auto,Cox Town,BTM Layout,133.0,70.0,Not Applicable,Not Applicable,No,Not Applicable,131,Cash,6,3.5,4.6
2024-07-07 00:50:00,CNR5683139914,Success,CID666699,eBike,Koramangala,Bellandur,196.0,130.0,Not Applicable,Not Applicable,No,Not Applicable,219,Cash,28,3.1,4.2
2024-07-13 22:19:00,CNR5660439783,Success,CID425967,Prime Sedan,Padmanabhanagar,Varthur,112.0,80.0,Not Applicable,Not Applicable,No,Not Applicable,850,Debit Card,10,3.9,3.8
2024-07-02 07:12:00,CNR6930169314,Success,CID610816,eBike,Cox Town,Vijayanagar,252.0,125.0,Not Applicable,Not Applicable,No,Not Applicable,242,Cash,34,3.3,3.6
2024-07-29 22:54:00,CNR7744421204,Driver Not Found,CID970650,eBike,Hulimavu,Ulsoor,,,Not Applicable,Not Applicable,Not Applicable,Not Applicable,1282,Not Applicable,0,,
2024-07-10 05:28:00,CNR9582040392,Success,CID536836,Prime SUV,Cox Town,Hennur,252.0,35.0,Not Applicable,Not Applicable,No,Not Applicable,364,Cash,27,4.0,4.9
2024-07-21 20:01:00,CNR7485602257,Success,CID403135,Prime Sedan,Yeshwanthpur,Koramangala,252.0,135.0,Not Applicable,Not Applicable,No,Not Applicable,424,Cash,5,3.7,3.1
2024-07-11 12:43:00,CNR7540043285,Success,CID909045,eBike,Chickpet,Sarjapur Road,35.0,105.0,Not Applicable,Not Applicable,No,Not Applicable,165,UPI,10,4.4,4.3
2024-07-03 07:05:00,CNR1053807034,Canceled by Driver,CID267573,eBike,Mysore Road,Koramangala,,,Not Applicable,Personal & Car related issue,Not Applicable,Not Applicable,486,Not Applicable,0,,
2024-07-20 03:18:00,CNR7054284970,Canceled by Driver,CID119291,Mini,MG Road,Shantinagar,,,Not Applicable,Personal & Car related issue,Not Applicable,Not Applicable,342,Not Applicable,0,,
2024-07-12 13:05:00,CNR9693234503,Success,CID625314,Prime SUV,Hennur,Majestic,196.0,70.0,Not Applicable,Not Applicable,No,Not Applicable,2093,Cash,35,4.7,3.1
2024-07-18 01:48:00,CNR4025672802,Driver Not Found,CID486131,Mini,Kengeri,Kadugodi,,,Not Applicable,Not Applicable,Not Applicable,Not Applicable,489,Not Applicable,0,,
2024-07-28 04:58:00,CNR4615271223,Success,CID450920,Prime Plus,Ramamurthy Nagar,Richmond Town,126.0,105.0,Not Applicable,Not Applicable,No,Not Applicable,664,Cash,31,4.3,4.0
2024-07-24 14:10:00,CNR7167401751,Driver Not Found,CID428682,Mini,MG Road,Bannerghatta Road,,,Not Applicable,Not Applicable,Not Applicable,Not Applicable,556,Not Applicable,0,,
2024-07-08 01:01:00,CNR3236047013,Success,CID556911,Prime SUV,Shivajinagar,Shivajinagar,168.0,75.0,Not Applicable,Not Applicable,No,Not Applicable,167,Cash,6,4.7,3.4
2024-07-29 12:44:00,CNR3804350463,Success,CID462698,Prime Sedan,Devanahalli,Vijayanagar,280.0,90.0,Not Applicable,Not Applicable,No,Not Applicable,316,Cash,33,3.6,3.8
2024-07-29 18:25:00,CNR6963961786,Success,CID475371,Prime Sedan,Ramamurthy Nagar,JP Nagar,294.0,145.0,Not Applicable,Not Applicable,No,Not Applicable,117,Cash,49,3.3,3.1
2024-07-29 18:40:00,CNR2674694530,Success,CID259422,Prime Plus,Padmanabhanagar,Basavanagudi,210.0,25.0,Not Applicable,Not Applicable,No,Not Applicable,346,UPI,24,4.3,3.5
2024-07-23 22:17:00,CNR1842158067,Success,CID867590,Prime Sedan,Sahakar Nagar,Hulimavu,287.0,95.0,Not Applicable,Not Applicable,No,Not Applicable,982,Cash,39,4.3,4.8
2024-07-26 19:27:00,CNR1411879724,Canceled by Driver,CID123396,Bike,Banashankari,Magadi Road,,,Not Applicable,Personal & Car related issue,Not Applicable,Not Applicable,230,Not Applicable,0,,
2024-07-14 06:36:00,CNR8357887330,Driver Not Found,CID575206,eBike,Hosur Road,Hulimavu,,,Not Applicable,Not Applicable,Not Applicable,Not Applicable,248,Not Applicable,0,,
2024-07-08 06:28:00,CNR6414045116,Success,CID262104,eBike,Frazer Town,Bannerghatta Road,70.0,95.0,Not Applicable,Not Applicable,No,Not Applicable,421,Cash,45,3.9,4.0
2024-07-05 19:04:00,CNR7782212240,Success,CID624208,Auto,Vijayanagar,Kengeri,273.0,115.0,Not Applicable,Not Applicable,No,Not Applicable,281,UPI,2,3.9,3.7
2024-07-05 11:43:00,CNR9568233334,Success,CID380543,Prime SUV,Peenya,BTM Layout,287.0,120.0,Not Applicable,Not Applicable,No,Not Applicable,456,UPI,1,4.2,4.0
2024-07-03 01:06:00,CNR3327859770,Success,CID903573,Auto,JP Nagar,Padmanabhanagar,231.0,110.0,Not Applicable,Not Applicable,No,Not Applicable,2261,UPI,18,3.5,3.9
2024-07-11 06:17:00,CNR9906765774,Success,CID873508,Auto,Vijayanagar,Vijayanagar,168.0,50.0,Not Applicable,Not Applicable,No,Not Applicable,162,UPI,7,4.9,3.7
2024-07-18 07:51:00,CNR5571536071,Success,CID351890,Auto,Hosur Road,Cox Town,203.0,95.0,Not Applicable,Not Applicable,No,Not Applicable,174,UPI,14,3.8,3.8
2024-07-28 00:42:00,CNR2404724154,Success,CID827137,Auto,Varthur,Indiranagar,266.0,100.0,Not Applicable,Not Applicable,Yes,Customer Demand,367,Credit Card,17,4.4,3.1
2024-07-26 14:57:00,CNR8948840947,Success,CID120079,Prime Plus,Tumkur Road,Sahakar Nagar,77.0,90.0,Not Applicable,Not Applicable,Yes,Vehicle Breakdown,1437,Cash,41,4.7,4.6
2024-07-29 17:48:00,CNR5042575217,Success,CID440080,Prime SUV,Tumkur Road,Langford Town,280.0,40.0,Not Applicable,Not Applicable,No,Not Applicable,337,Cash,36,4.5,4.7
2024-07-19 12:31:00,CNR9396079075,Success,CID838577,Bike,Rajajinagar,JP Nagar,140.0,145.0,Not Applicable,Not Applicable,Yes,Customer Demand,379,UPI,3,4.8,4.6
2024-07-14 02:19:00,CNR9381562196,Success,CID500118,Prime Sedan,Magadi Road,Shantinagar,245.0,90.0,Not Applicable,Not Applicable,No,Not Applicable,428,Cash,5,3.6,3.6
2024-07-24 08:43:00,CNR2835595678,Success,CID718639,Prime Sedan,Hebbal,Frazer Town,196.0,100.0,Not Applicable,Not Applicable,Yes,Other Issue,377,Cash,19,4.0,3.2
2024-07-27 07:28:00,CNR6584527904,Success,CID689810,eBike,Koramangala,Electronic City,140.0,90.0,Not Applicable,Not Applicable,No,Not Applicable,465,Cash,41,3.9,3.2
2024-07-29 10:18:00,CNR2630368149,Canceled by Driver,CID696622,Prime SUV,Basavanagudi,Hebbal,,,Not Applicable,Customer related issue,Not Applicable,Not Applicable,449,Not Applicable,0,,
2024-07-09 14:44:00,CNR4728650817,Success,CID486748,Auto,Marathahalli,Magadi Road,126.0,100.0,Not Applicable,Not Applicable,No,Not Applicable,430,UPI,3,4.3,3.3
2024-07-05 15:36:00,CNR8403279125,Success,CID687594,Prime SUV,Majestic,Rajajinagar,189.0,70.0,Not Applicable,Not Applicable,No,Not Applicable,447,UPI,37,4.9,3.9
2024-07-12 05:55:00,CNR4477888468,Driver Not Found,CID213441,Prime SUV,Koramangala,Marathahalli,,,Not Applicable,Not Applicable,Not Applicable,Not Applicable,668,Not Applicable,0,,
2024-07-01 10:13:00,CNR8727757371,Success,CID431284,Bike,Sarjapur Road,Chickpet,98.0,125.0,Not Applicable,Not Applicable,No,Not Applicable,967,UPI,14,3.7,3.8
2024-07-19 19:31:00,CNR6916603482,Driver Not Found,CID480191,Prime SUV,Langford Town,Banashankari,,,Not Applicable,Not Applicable,Not Applicable,Not Applicable,987,Not Applicable,0,,
2024-07-07 23:21:00,CNR7289176443,Success,CID952677,Bike,Hosur Road,Hulimavu,231.0,80.0,Not Applicable,Not Applicable,No,Not Applicable,170,Cash,46,4.0,4.1
2024-07-15 01:23:00,CNR4190728117,Success,CID787884,Prime Sedan,Padmanabhanagar,BTM Layout,63.0,100.0,Not Applicable,Not Applicable,No,Not Applicable,182,Cash,43,3.9,3.9
2024-07-21 04:54:00,CNR4575414390,Success,CID918871,Mini,Marathahalli,Nagarbhavi,266.0,75.0,Not Applicable,Not Applicable,No,Not Applicable,787,Cash,37,3.9,4.1
2024-07-06 19:29:00,CNR7702090947,Success,CID323857,eBike,Ulsoor,Sarjapur Road,147.0,40.0,Not Applicable,Not Applicable,No,Not Applicable,471,Cash,34,4.4,3.6
2024-07-25 19:42:00,CNR7918280787,Success,CID479084,Prime Sedan,Langford Town,Chickpet,210.0,45.0,Not Applicable,Not Applicable,No,Not Applicable,488,Cash,25,4.1,3.7
2024-07-29 03:46:00,CNR6520677923,Canceled by Driver,CID271196,Mini,Shantinagar,Ulsoor,,,Not Applicable,Personal & Car related issue,Not Applicable,Not Applicable,2580,Not Applicable,0,,
2024-07-15 20:31:00,CNR8386398892,Success,CID149285,Prime SUV,Richmond Town,Devanahalli,105.0,50.0,Not Applicable,Not Applicable,No,Not Applicable,330,UPI,43,3.3,3.0
2024-07-10 16:59:00,CNR2014954471,Driver Not Found,CID753850,Prime Sedan,HSR Layout,Banashankari,,,Not Applicable,Not Applicable,Not Applicable,Not Applicable,499,Not Applicable,0,,
2024-07-11 22:52:00,CNR4268883976,Success,CID699584,Prime Sedan,Banashankari,RT Nagar,105.0,35.0,Not Applicable,Not Applicable,No,Not Applicable,357,Cash,15,3.5,4.6
2024-07-19 06:39:00,CNR4349074899,Canceled by Customer,CID762267,Bike,Yeshwanthpur,Basavanagudi,,,Driver asked to cancel,Not Applicable,Not Applicable,Not Applicable,125,Not Applicable,0,,
2024-07-01 20:09:00,CNR6550751056,Success,CID703407,Mini,Kammanahalli,Shivajinagar,294.0,95.0,Not Applicable,Not Applicable,No,Not Applicable,491,UPI,18,3.7,4.3
2024-07-09 23:33:00,CNR7267810626,Success,CID952276,Mini,Richmond Town,Jayanagar,91.0,100.0,Not Applicable,Not Applicable,No,Not Applicable,914,Cash,10,4.7,4.7
2024-07-14 03:06:00,CNR2245653996,Success,CID202913,Prime Sedan,Langford Town,Cox Town,210.0,25.0,Not Applicable,Not Applicable,No,Not Applicable,182,UPI,1,3.1,5.0
2024-07-25 01:48:00,CNR6765704477,Success,CID551448,Auto,Padmanabhanagar,Magadi Road,308.0,35.0,Not Applicable,Not Applicable,No,Not Applicable,427,Cash,13,4.3,4.9
2024-07-26 17:22:00,CNR3860037159,Driver Not Found,CID629636,Prime SUV,Yelahanka,BTM Layout,,,Not Applicable,Not Applicable,Not Applicable,Not Applicable,228,Not Applicable,0,,
2024-07-03 15:45:00,CNR2413021523,Success,CID332332,Prime SUV,Sahakar Nagar,Sahakar Nagar,119.0,70.0,Not Applicable,Not Applicable,No,Not Applicable,169,Cash,17,4.0,4.8
2024-07-02 04:25:00,CNR2484883385,Success,CID479422,Prime SUV,Kadugodi,KR Puram,203.0,105.0,Not Applicable,Not Applicable,No,Not Applicable,2056,UPI,30,3.1,4.0
2024-07-20 08:47:00,CNR7213155796,Success,CID258465,Bike,Richmond Town,KR Puram,140.0,55.0,Not Applicable,Not Applicable,No,Not Applicable,896,UPI,4,3.2,4.5
2024-07-07 00:19:00,CNR5344016338,Success,CID992339,Bike,Mysore Road,Hulimavu,273.0,120.0,Not Applicable,Not Applicable,No,Not Applicable,212,Cash,37,4.8,3.7
2024-07-02 14:01:00,CNR2436929068,Canceled by Driver,CID945665,Auto,Majestic,Yelahanka,,,Not Applicable,Customer was coughing/sick,Not Applicable,Not Applicable,421,Not Applicable,0,,
2024-07-18 08:56:00,CNR1304586795,Success,CID434544,eBike,Langford Town,Jayanagar,210.0,85.0,Not Applicable,Not Applicable,No,Not Applicable,692,Cash,33,4.7,3.7
2024-07-27 03:58:00,CNR9478399495,Success,CID779459,Bike,Varthur,Shantinagar,42.0,115.0,Not Applicable,Not Applicable,No,Not Applicable,910,UPI,14,3.6,3.2
2024-07-09 07:58:00,CNR7862289049,Canceled by Driver,CID937430,Prime SUV,Koramangala,Langford Town,,,Not Applicable,Personal & Car related issue,Not Applicable,Not Applicable,951,Not Applicable,0,,
2024-07-09 20:48:00,CNR6396197852,Canceled by Driver,CID355248,Bike,MG Road,Peenya,,,Not Applicable,Personal & Car related issue,Not Applicable,Not Applicable,128,Not Applicable,0,,
2024-07-13 08:51:00,CNR1687551864,Success,CID178022,Auto,Kammanahalli,Yelahanka,70.0,95.0,Not Applicable,Not Applicable,No,Not Applicable,754,Cash,3,3.4,4.3
2024-07-10 20:12:00,CNR6069542983,Success,CID428921,eBike,Cox Town,Richmond Town,105.0,100.0,Not Applicable,Not Applicable,No,Not Applicable,406,Cash,11,3.7,3.4
2024-07-22 14:33:00,CNR1513411660,Success,CID389130,Bike,Yelahanka,Rajarajeshwari Nagar,203.0,100.0,Not Applicable,Not Applicable,No,Not Applicable,180,Cash,42,4.1,3.3
2024-07-11 11:33:00,CNR5536539123,Success,CID905985,Prime SUV,Marathahalli,Langford Town,147.0,110.0,Not Applicable,Not Applicable,No,Not Applicable,490,UPI,40,4.7,3.7
2024-07-30 17:58:00,CNR9228487773,Success,CID216419,eBike,Koramangala,Padmanabhanagar,112.0,95.0,Not Applicable,Not Applicable,Yes,Customer Demand,1294,UPI,9,4.3,3.8
2024-07-28 22:06:00,CNR1711104076,Success,CID370538,eBike,Vijayanagar,Magadi Road,175.0,70.0,Not Applicable,Not Applicable,No,Not Applicable,551,Cash,6,4.0,4.0
2024-07-06 15:33:00,CNR1966852577,Success,CID960625,Prime Sedan,KR Puram,Chickpet,168.0,35.0,Not Applicable,Not Applicable,Yes,Vehicle Breakdown,391,UPI,13,4.5,4.4
2024-07-20 12:52:00,CNR1339266724,Success,CID520275,Auto,Yelahanka,Chickpet,252.0,105.0,Not Applicable,Not Applicable,No,Not Applicable,272,Cash,5,4.0,4.4
2024-07-21 16:16:00,CNR5919617322,Canceled by Customer,CID755210,Prime SUV,KR Puram,BTM Layout,,,Driver is not moving towards pickup location,Not Applicable,Not Applicable,Not Applicable,272,Not Applicable,0,,
2024-07-27 12:41:00,CNR9810780202,Canceled by Driver,CID832735,Prime SUV,Kadugodi,Banashankari,,,Not Applicable,Personal & Car related issue,Not Applicable,Not Applicable,303,Not Applicable,0,,
2024-07-13 12:48:00,CNR6767323561,Canceled by Driver,CID351519,eBike,Sahakar Nagar,RT Nagar,,,Not Applicable,Personal & Car related issue,Not Applicable,Not Applicable,369,Not Applicable,0,,
2024-07-27 09:19:00,CNR9321499802,Success,CID679130,Prime Plus,Indiranagar,Chickpet,308.0,95.0,Not Applicable,Not Applicable,No,Not Applicable,345,UPI,46,3.8,3.7
2024-07-07 22:31:00,CNR9180164291,Success,CID192363,Prime Plus,KR Puram,Koramangala,112.0,95.0,Not Applicable,Not Applicable,No,Not Applicable,973,UPI,30,4.8,4.0
2024-07-19 03:59:00,CNR7760428478,Success,CID290507,Bike,Majestic,Banashankari,252.0,55.0,Not Applicable,Not Applicable,No,Not Applicable,367,UPI,3,4.0,3.9
2024-07-18 23:52:00,CNR4622147591,Success,CID188205,Bike,Basavanagudi,Sarjapur Road,273.0,35.0,Not Applicable,Not Applicable,No,Not Applicable,995,Cash,29,4.6,3.5
2024-07-14 12:03:00,CNR6741788788,Success,CID594077,Mini,Basavanagudi,Malleshwaram,203.0,140.0,Not Applicable,Not Applicable,No,Not Applicable,594,Cash,13,4.3,3.2
2024-07-07 16:00:00,CNR4258252605,Success,CID172227,Mini,RT Nagar,Vijayanagar,294.0,80.0,Not Applicable,Not Applicable,No,Not Applicable,210,UPI,44,3.9,4.1
2024-07-26 08:56:00,CNR2465162150,Canceled by Driver,CID496441,Prime Plus,Mysore Road,Yeshwanthpur,,,Not Applicable,Customer related issue,Not Applicable,Not Applicable,160,Not Applicable,0,,
2024-07-29 20:24:00,CNR5347918269,Driver Not Found,CID491470,Prime Sedan,Malleshwaram,Hosur Road,,,Not Applicable,Not Applicable,Not Applicable,Not Applicable,758,Not Applicable,0,,
2024-07-08 08:50:00,CNR1433659735,Success,CID831864,Prime Sedan,Padmanabhanagar,Vijayanagar,91.0,110.0,Not Applicable,Not Applicable,No,Not Applicable,878,Cash,36,4.0,3.5
2024-07-13 06:57:00,CNR1161231450,Success,CID564797,eBike,Jayanagar,Padmanabhanagar,35.0,145.0,Not Applicable,Not Applicable,No,Not Applicable,750,Cash,32,4.1,3.1
2024-07-17 01:42:00,CNR9658295520,Success,CID846092,Prime Plus,Whitefield,Majestic,49.0,30.0,Not Applicable,Not Applicable,No,Not Applicable,223,UPI,7,3.6,4.5
2024-07-03 03:17:00,CNR2904843071,Success,CID320523,Prime Plus,Sarjapur Road,Ulsoor,126.0,110.0,Not Applicable,Not Applicable,Yes,Vehicle Breakdown,475,Cash,40,4.7,3.1
2024-07-06 07:53:00,CNR1124047758,Success,CID336032,Prime SUV,Sarjapur Road,HSR Layout,259.0,95.0,Not Applicable,Not Applicable,No,Not Applicable,819,Credit Card,11,4.4,4.2
2024-07-05 05:41:00,CNR4795425694,Canceled by Customer,CID186990,Prime SUV,Hosur Road,Majestic,,,Driver is not moving towards pickup location,Not Applicable,Not Applicable,Not Applicable,441,Not Applicable,0,,
2024-07-13 14:24:00,CNR7558589192,Success,CID845246,Prime SUV,Malleshwaram,Banashankari,91.0,45.0,Not Applicable,Not Applicable,No,Not Applicable,486,Credit Card,29,4.9,3.1
2024-07-29 20:55:00,CNR1966668016,Canceled by Driver,CID638879,eBike,Bannerghatta Road,Bellandur,,,Not Applicable,Customer related issue,Not Applicable,Not Applicable,494,Not Applicable,0,,
2024-07-25 08:49:00,CNR1368256844,Canceled by Driver,CID823059,eBike,Shantinagar,Varthur,,,Not Applicable,Customer was coughing/sick,Not Applicable,Not Applicable,187,Not Applicable,0,,
2024-07-25 06:51:00,CNR3736290255,Success,CID551483,Prime Sedan,Kadugodi,Kadugodi,133.0,25.0,Not Applicable,Not Applicable,No,Not Applicable,147,Cash,46,4.1,3.7
2024-07-11 08:05:00,CNR2086376054,Canceled by Driver,CID753206,Auto,Devanahalli,Sahakar Nagar,,,Not Applicable,Personal & Car related issue,Not Applicable,Not Applicable,727,Not Applicable,0,,
2024-07-07 05:33:00,CNR5307026857,Success,CID582296,Prime Plus,Hulimavu,Kengeri,63.0,70.0,Not Applicable,Not Applicable,No,Not Applicable,547,UPI,21,3.6,4.7
2024-07-29 13:00:00,CNR2286558225,Canceled by Driver,CID418020,eBike,Indiranagar,Langford Town,,,Not Applicable,Personal & Car related issue,Not Applicable,Not Applicable,855,Not Applicable,0,,
2024-07-14 14:02:00,CNR1768930064,Canceled by Driver,CID353518,Prime Sedan,Bellandur,Kengeri,,,Not Applicable,Customer related issue,Not Applicable,Not Applicable,307,Not Applicable,0,,
2024-07-15 00:24:00,CNR9291431989,Driver Not Found,CID612998,eBike,Vijayanagar,Basavanagudi,,,Not Applicable,Not Applicable,Not Applicable,Not Applicable,789,Not Applicable,0,,
2024-07-27 02:19:00,CNR5936597888,Canceled by Customer,CID127973,Mini,Sahakar Nagar,Vijayanagar,,,Driver asked to cancel,Not Applicable,Not Applicable,Not Applicable,322,Not Applicable,0,,
2024-07-17 21:42:00,CNR3893932060,Canceled by Driver,CID987999,Auto,Hosur Road,Shantinagar,,,Not Applicable,Customer related issue,Not Applicable,Not Applicable,139,Not Applicable,0,,
2024-07-25 05:55:00,CNR2696546391,Success,CID643530,Mini,Hennur,Bannerghatta Road,217.0,75.0,Not Applicable,Not Applicable,No,Not Applicable,397,Cash,12,4.1,3.3
2024-07-22 09:29:00,CNR2677282883,Success,CID990175,eBike,Sahakar Nagar,Electronic City,77.0,60.0,Not Applicable,Not Applicable,No,Not Applicable,315,Debit Card,34,4.4,3.3
2024-07-29 01:29:00,CNR6595018680,Success,CID206969,Auto,Kammanahalli,Bellandur,266.0,90.0,Not Applicable,Not Applicable,No,Not Applicable,458,UPI,8,3.3,3.0
2024-07-05 07:58:00,CNR2894315750,Success,CID953457,Prime Sedan,Hebbal,Majestic,105.0,70.0,Not Applicable,Not Applicable,No,Not Applicable,447,Cash,40,3.9,5.0
2024-07-17 23:49:00,CNR4437703027,Canceled by Driver,CID246969,Prime Sedan,Majestic,Chamarajpet,,,Not Applicable,Customer related issue,Not Applicable,Not Applicable,301,Not Applicable,0,,
2024-07-27 17:57:00,CNR2955872312,Success,CID503638,Mini,KR Puram,Bellandur,119.0,70.0,Not Applicable,Not Applicable,No,Not Applicable,434,UPI,49,4.2,4.4
2024-07-08 20:47:00,CNR5655044885,Success,CID527191,Bike,HSR Layout,Varthur,231.0,80.0,Not Applicable,Not Applicable,No,Not Applicable,335,Cash,19,4.3,4.3
2024-07-19 07:59:00,CNR1576555986,Success,CID298615,Mini,Banashankari,Marathahalli,224.0,80.0,Not Applicable,Not Applicable,No,Not Applicable,382,Cash,23,4.9,3.6
2024-07-03 12:51:00,CNR9618970042,Canceled by Driver,CID435608,Prime Plus,Koramangala,Langford Town,,,Not Applicable,Customer was coughing/sick,Not Applicable,Not Applicable,472,Not Applicable,0,,
2024-07-18 20:08:00,CNR4600150274,Success,CID630821,Prime Plus,Shivajinagar,Malleshwaram,119.0,135.0,Not Applicable,Not Applicable,No,Not Applicable,326,UPI,30,4.2,3.5
2024-07-28 23:10:00,CNR9593385951,Success,CID902131,Prime Plus,Banashankari,Electronic City,238.0,135.0,Not Applicable,Not Applicable,No,Not Applicable,2894,Cash,39,3.1,3.6
2024-07-05 06:46:00,CNR5889736074,Canceled by Driver,CID601961,Mini,Hosur Road,Yelahanka,,,Not Applicable,Personal & Car related issue,Not Applicable,Not Applicable,430,Not Applicable,0,,
2024-07-28 18:52:00,CNR3697812696,Driver Not Found,CID724982,Mini,Hebbal,Kammanahalli,,,Not Applicable,Not Applicable,Not Applicable,Not Applicable,299,Not Applicable,0,,
2024-07-29 00:49:00,CNR3042069765,Canceled by Customer,CID920476,Mini,Hulimavu,Kadugodi,,,Change of plans,Not Applicable,Not Applicable,Not Applicable,159,Not Applicable,0,,
2024-07-16 03:37:00,CNR6921046766,Success,CID579097,Prime Sedan,JP Nagar,Banashankari,112.0,135.0,Not Applicable,Not Applicable,No,Not Applicable,368,Cash,2,4.2,4.6
2024-07-04 04:22:00,CNR8564989498,Success,CID318086,eBike,Vijayanagar,Koramangala,126.0,100.0,Not Applicable,Not Applicable,No,Not Applicable,205,Cash,45,3.9,3.3
2024-07-25 09:44:00,CNR3940328825,Canceled by Customer,CID494039,Bike,Chickpet,KR Puram,,,AC is Not working,Not Applicable,Not Applicable,Not Applicable,674,Not Applicable,0,,
2024-07-15 00:57:00,CNR3799482232,Canceled by Customer,CID145117,Mini,Kadugodi,Rajajinagar,,,AC is Not working,Not Applicable,Not Applicable,Not Applicable,836,Not Applicable,0,,
2024-07-23 16:39:00,CNR9691118507,Canceled by Driver,CID403718,Auto,Varthur,Kadugodi,,,Not Applicable,Customer related issue,Not Applicable,Not Applicable,2083,Not Applicable,0,,
2024-07-12 20:52:00,CNR9778895250,Success,CID602198,Prime Plus,Indiranagar,Banashankari,294.0,90.0,Not Applicable,Not Applicable,No,Not Applicable,146,Cash,3,4.5,5.0
2024-07-17 10:58:00,CNR2306966967,Success,CID872507,Prime Plus,Chamarajpet,Rajarajeshwari Nagar,56.0,65.0,Not Applicable,Not Applicable,No,Not Applicable,883,UPI,13,4.8,4.6
2024-07-02 15:46:00,CNR7098777444,Success,CID933460,Prime Sedan,Nagarbhavi,Kengeri,266.0,125.0,Not Applicable,Not Applicable,No,Not Applicable,390,UPI,14,3.5,3.6
2024-07-15 20:28:00,CNR8709402656,Canceled by Driver,CID898941,Prime Plus,Nagarbhavi,Hulimavu,,,Not Applicable,Customer related issue,Not Applicable,Not Applicable,883,Not Applicable,0,,
2024-07-04 08:49:00,CNR4147950166,Success,CID490735,eBike,Magadi Road,Bannerghatta Road,147.0,50.0,Not Applicable,Not Applicable,No,Not Applicable,115,Cash,49,4.4,4.9
2024-07-03 12:20:00,CNR9835380132,Success,CID754764,eBike,Peenya,Koramangala,196.0,25.0,Not Applicable,Not Applicable,No,Not Applicable,413,Cash,26,4.2,4.4
2024-07-01 09:21:00,CNR8165312819,Driver Not Found,CID421266,Prime SUV,Sarjapur Road,Hebbal,,,Not Applicable,Not Applicable,Not Applicable,Not Applicable,475,Not Applicable,0,,
2024-07-16 05:06:00,CNR1141778047,Success,CID918316,Prime SUV,HSR Layout,Sarjapur Road,112.0,80.0,Not Applicable,Not Applicable,No,Not Applicable,179,Cash,11,4.4,3.7
2024-07-26 23:49:00,CNR6014620649,Canceled by Driver,CID974048,Prime Sedan,Banashankari,Majestic,,,Not Applicable,Customer was coughing/sick,Not Applicable,Not Applicable,459,Not Applicable,0,,
2024-07-16 21:09:00,CNR5496886676,Canceled by Driver,CID129800,Prime Plus,MG Road,Yelahanka,,,Not Applicable,Customer related issue,Not Applicable,Not Applicable,340,Not Applicable,0,,
2024-07-03 08:43:00,CNR9450797333,Success,CID748064,Prime Plus,Bellandur,Hulimavu,266.0,85.0,Not Applicable,Not Applicable,No,Not Applicable,711,Cash,10,4.9,4.8
2024-07-26 18:12:00,CNR8904136729,Success,CID110452,Auto,Yeshwanthpur,Magadi Road,308.0,80.0,Not Applicable,Not Applicable,No,Not Applicable,863,Cash,10,3.8,4.9
2024-07-20 06:31:00,CNR7196574632,Driver Not Found,CID984077,Bike,Vijayanagar,MG Road,,,Not Applicable,Not Applicable,Not Applicable,Not Applicable,357,Not Applicable,0,,
2024-07-10 23:53:00,CNR6768210971,Success,CID903179,Prime SUV,Varthur,RT Nagar,154.0,60.0,Not Applicable,Not Applicable,Yes,Vehicle Breakdown,344,UPI,30,4.8,4.2
2024-07-01 07:30:00,CNR4747625057,Canceled by Driver,CID754477,Auto,Mysore Road,BTM Layout,,,Not Applicable,More than permitted people in there,Not Applicable,Not Applicable,142,Not Applicable,0,,
2024-07-18 14:19:00,CNR5063614589,Success,CID245195,Auto,Shivajinagar,Chamarajpet,301.0,30.0,Not Applicable,Not Applicable,Yes,Customer Demand,101,Cash,2,5.0,4.6
2024-07-23 05:05:00,CNR2447666146,Canceled by Customer,CID577577,Mini,Devanahalli,Frazer Town,,,Wrong Address,Not Applicable,Not Applicable,Not Applicable,592,Not Applicable,0,,
2024-07-16 19:30:00,CNR5306193261,Success,CID232125,Prime Sedan,Nagarbhavi,Richmond Town,217.0,145.0,Not Applicable,Not Applicable,No,Not Applicable,326,UPI,15,3.2,3.9
2024-07-17 03:32:00,CNR2673294887,Success,CID862599,Bike,Chickpet,Shantinagar,280.0,65.0,Not Applicable,Not Applicable,No,Not Applicable,1074,UPI,43,3.6,3.8
2024-07-29 05:20:00,CNR2843987216,Canceled by Driver,CID862487,Mini,Bannerghatta Road,Yeshwanthpur,,,Not Applicable,Customer related issue,Not Applicable,Not Applicable,672,Not Applicable,0,,
2024-07-08 13:55:00,CNR7315654536,Success,CID172339,Prime Plus,Indiranagar,Bellandur,238.0,40.0,Not Applicable,Not Applicable,No,Not Applicable,101,Cash,48,4.3,4.8
2024-07-25 09:48:00,CNR9317148357,Driver Not Found,CID999528,Mini,Chickpet,Frazer Town,,,Not Applicable,Not Applicable,Not Applicable,Not Applicable,118,Not Applicable,0,,
2024-07-03 04:22:00,CNR1414480910,Success,CID137267,Prime Sedan,Frazer Town,Rajajinagar,35.0,90.0,Not Applicable,Not Applicable,No,Not Applicable,279,UPI,20,3.9,4.1
2024-07-17 22:15:00,CNR7594723085,Success,CID391230,eBike,Banashankari,Peenya,168.0,110.0,Not Applicable,Not Applicable,No,Not Applicable,633,Cash,25,5.0,3.6
2024-07-24 20:00:00,CNR8421478420,Canceled by Driver,CID229218,Prime SUV,KR Puram,Yelahanka,,,Not Applicable,Customer was coughing/sick,Not Applicable,Not Applicable,336,Not Applicable,0,,
2024-07-22 03:21:00,CNR1038624323,Canceled by Driver,CID662549,Mini,Cox Town,HSR Layout,,,Not Applicable,Customer related issue,Not Applicable,Not Applicable,319,Not Applicable,0,,
2024-07-20 04:01:00,CNR3783351340,Canceled by Driver,CID822401,Prime Sedan,HSR Layout,Sahakar Nagar,,,Not Applicable,Customer related issue,Not Applicable,Not Applicable,950,Not Applicable,0,,
2024-07-26 12:56:00,CNR7559447489,Success,CID264111,Bike,Basavanagudi,BTM Layout,56.0,65.0,Not Applicable,Not Applicable,No,Not Applicable,440,Cash,17,4.5,4.8
2024-07-13 02:30:00,CNR5584618754,Canceled by Customer,CID103733,Prime Sedan,Vijayanagar,Mysore Road,,,Driver asked to cancel,Not Applicable,Not Applicable,Not Applicable,2737,Not Applicable,0,,
2024-07-10 09:26:00,CNR6405059022,Success,CID674053,Prime SUV,Bannerghatta Road,Shivajinagar,231.0,130.0,Not Applicable,Not Applicable,No,Not Applicable,104,UPI,17,4.5,3.8
2024-07-11 16:24:00,CNR4136027271,Canceled by Customer,CID178412,Bike,Malleshwaram,BTM Layout,,,Change of plans,Not Applicable,Not Applicable,Not Applicable,102,Not Applicable,0,,
2024-07-27 07:19:00,CNR5650774643,Success,CID288665,Mini,Bannerghatta Road,Rajarajeshwari Nagar,133.0,45.0,Not Applicable,Not Applicable,No,Not Applicable,909,UPI,36,4.8,3.2
2024-07-29 15:34:00,CNR6107957247,Canceled by Driver,CID932347,Auto,Hennur,Kengeri,,,Not Applicable,Customer was coughing/sick,Not Applicable,Not Applicable,139,Not Applicable,0,,
2024-07-06 13:29:00,CNR3712971772,Success,CID200299,Prime Plus,Shivajinagar,Vijayanagar,273.0,135.0,Not Applicable,Not Applicable,No,Not Applicable,165,UPI,49,4.2,3.8
2024-07-13 17:10:00,CNR2433290131,Success,CID302743,Bike,Ramamurthy Nagar,Hebbal,133.0,115.0,Not Applicable,Not Applicable,Yes,Vehicle Breakdown,278,Cash,30,3.2,5.0
2024-07-29 06:49:00,CNR7032588971,Driver Not Found,CID463058,Prime Plus,Yelahanka,Hebbal,,,Not Applicable,Not Applicable,Not Applicable,Not Applicable,698,Not Applicable,0,,
2024-07-16 22:09:00,CNR8063672879,Success,CID809498,Bike,Yeshwanthpur,Chamarajpet,84.0,60.0,Not Applicable,Not Applicable,No,Not Applicable,185,Cash,26,3.5,4.2
2024-07-11 03:53:00,CNR4969530358,Canceled by Driver,CID727511,Bike,Jayanagar,Koramangala,,,Not Applicable,Customer was coughing/sick,Not Applicable,Not Applicable,890,Not Applicable,0,,
2024-07-10 01:19:00,CNR4419212942,Canceled by Driver,CID928944,Prime SUV,Electronic City,Basavanagudi,,,Not Applicable,Customer was coughing/sick,Not Applicable,Not Applicable,243,Not Applicable,0,,
2024-07-24 19:51:00,CNR1336295592,Canceled by Driver,CID131417,eBike,Nagarbhavi,Jayanagar,,,Not Applicable,Customer was coughing/sick,Not Applicable,Not Applicable,303,Not Applicable,0,,
2024-07-26 15:11:00,CNR6294578657,Success,CID120511,Bike,Rajarajeshwari Nagar,Basavanagudi,168.0,65.0,Not Applicable,Not Applicable,No,Not Applicable,380,Cash,29,3.6,4.4
2024-07-15 10:19:00,CNR8258435524,Canceled by Customer,CID754316,Mini,Banashankari,Indiranagar,,,Driver is not moving towards pickup location,Not Applicable,Not Applicable,Not Applicable,111,Not Applicable,0,,
2024-07-23 15:03:00,CNR9432050770,Success,CID682125,Prime Sedan,Padmanabhanagar,Ulsoor,140.0,105.0,Not Applicable,Not Applicable,No,Not Applicable,829,UPI,1,4.8,4.6
2024-07-02 01:21:00,CNR2995060735,Canceled by Driver,CID859528,Bike,Chickpet,Nagarbhavi,,,Not Applicable,Customer was coughing/sick,Not Applicable,Not Applicable,2625,Not Applicable,0,,
2024-07-10 19:34:00,CNR9368335940,Success,CID135906,Prime SUV,JP Nagar,Langford Town,287.0,80.0,Not Applicable,Not Applicable,No,Not Applicable,120,Cash,38,5.0,4.5
2024-07-29 01:55:00,CNR3941615529,Driver Not Found,CID640629,Bike,Chickpet,Hosur Road,,,Not Applicable,Not Applicable,Not Applicable,Not Applicable,148,Not Applicable,0,,
2024-07-24 13:55:00,CNR3111418685,Success,CID781473,Prime Plus,Bannerghatta Road,Rajarajeshwari Nagar,273.0,130.0,Not Applicable,Not Applicable,No,Not Applicable,203,Cash,44,4.9,4.3
2024-07-01 05:02:00,CNR8443121766,Canceled by Customer,CID327405,eBike,Rajajinagar,BTM Layout,,,Driver is not moving towards pickup location,Not Applicable,Not Applicable,Not Applicable,127,Not Applicable,0,,
2024-07-12 23:43:00,CNR7914661506,Success,CID827765,Auto,Sarjapur Road,Bannerghatta Road,273.0,25.0,Not Applicable,Not Applicable,No,Not Applicable,494,UPI,7,4.8,4.9
2024-07-17 09:08:00,CNR2333210469,Success,CID582101,Prime Plus,Hebbal,Kammanahalli,210.0,115.0,Not Applicable,Not Applicable,No,Not Applicable,1260,Cash,24,4.7,3.9
2024-07-02 07:44:00,CNR1102708060,Success,CID853964,Bike,Kengeri,Hulimavu,168.0,105.0,Not Applicable,Not Applicable,No,Not Applicable,658,UPI,30,3.2,3.0
2024-07-22 23:09:00,CNR8393339047,Success,CID156572,Auto,Langford Town,Basavanagudi,112.0,80.0,Not Applicable,Not Applicable,No,Not Applicable,132,UPI,15,3.1,4.4
2024-07-02 23:45:00,CNR6608980046,Canceled by Driver,CID128547,Bike,Magadi Road,Magadi Road,,,Not Applicable,Customer related issue,Not Applicable,Not Applicable,113,Not Applicable,0,,
2024-07-23 14:07:00,CNR8682600730,Success,CID518625,eBike,Yelahanka,Hosur Road,105.0,135.0,Not Applicable,Not Applicable,No,Not Applicable,194,Cash,33,4.2,3.2
2024-07-08 10:58:00,CNR4560813828,Canceled by Customer,CID911398,Auto,Tumkur Road,Hebbal,,,AC is Not working,Not Applicable,Not Applicable,Not Applicable,472,Not Applicable,0,,
2024-07-15 10:18:00,CNR8554599409,Success,CID522523,Prime SUV,Peenya,RT Nagar,91.0,140.0,Not Applicable,Not Applicable,No,Not Applicable,217,UPI,38,3.0,4.2
2024-07-20 07:51:00,CNR6578352118,Success,CID380798,Mini,Hulimavu,Banashankari,119.0,80.0,Not Applicable,Not Applicable,No,Not Applicable,252,UPI,20,3.6,3.0
2024-07-07 16:13:00,CNR6394644962,Canceled by Driver,CID261868,Bike,BTM Layout,RT Nagar,,,Not Applicable,Personal & Car related issue,Not Applicable,Not Applicable,475,Not Applicable,0,,
2024-07-09 21:41:00,CNR8346911318,Success,CID509599,Mini,Koramangala,Chamarajpet,224.0,60.0,Not Applicable,Not Applicable,No,Not Applicable,468,UPI,7,4.9,4.2
2024-07-07 02:25:00,CNR8433859448,Driver Not Found,CID194221,Auto,Richmond Town,Hulimavu,,,Not Applicable,Not Applicable,Not Applicable,Not Applicable,239,Not Applicable,0,,
2024-07-14 12:27:00,CNR4564397269,Canceled by Customer,CID336750,Bike,Shantinagar,Frazer Town,,,AC is Not working,Not Applicable,Not Applicable,Not Applicable,322,Not Applicable,0,,
2024-07-22 23:32:00,CNR2320432226,Canceled by Driver,CID394220,Mini,Kammanahalli,Koramangala,,,Not Applicable,Personal & Car related issue,Not Applicable,Not Applicable,987,Not Applicable,0,,
2024-07-03 02:01:00,CNR7567460990,Success,CID233216,Mini,Rajajinagar,Majestic,77.0,75.0,Not Applicable,Not Applicable,No,Not Applicable,284,Cash,17,4.8,3.7
2024-07-18 21:43:00,CNR7311282134,Canceled by Customer,CID203654,Auto,Majestic,Vijayanagar,,,Driver is not moving towards pickup location,Not Applicable,Not Applicable,Not Applicable,308,Not Applicable,0,,
2024-07-30 03:05:00,CNR1145667514,Success,CID293700,eBike,Langford Town,Vijayanagar,175.0,130.0,Not Applicable,Not Applicable,No,Not Applicable,269,UPI,29,3.7,3.7
2024-07-25 00:06:00,CNR5363158872,Canceled by Driver,CID901663,Mini,Majestic,Hebbal,,,Not Applicable,Customer was coughing/sick,Not Applicable,Not Applicable,1909,Not Applicable,0,,
2024-07-20 21:28:00,CNR2920283142,Canceled by Customer,CID590382,Prime Sedan,Malleshwaram,Mysore Road,,,AC is Not working,Not Applicable,Not Applicable,Not Applicable,442,Not Applicable,0,,
2024-07-15 08:36:00,CNR8752150318,Success,CID682170,Auto,Electronic City,Peenya,35.0,25.0,Not Applicable,Not Applicable,No,Not Applicable,2665,UPI,3,3.0,3.6
2024-07-10 15:23:00,CNR5556625610,Success,CID384580,eBike,Yelahanka,Bannerghatta Road,56.0,55.0,Not Applicable,Not Applicable,No,Not Applicable,463,Cash,4,4.4,3.4
2024-07-01 18:45:00,CNR9993026264,Driver Not Found,CID815213,Prime Plus,BTM Layout,Koramangala,,,Not Applicable,Not Applicable,Not Applicable,Not Applicable,602,Not Applicable,0,,
2024-07-27 05:48:00,CNR2082731299,Success,CID346965,eBike,Kammanahalli,Vijayanagar,119.0,70.0,Not Applicable,Not Applicable,No,Not Applicable,392,UPI,18,3.2,3.1
2024-07-15 01:00:00,CNR9070540612,Success,CID106244,Prime Plus,Kammanahalli,Kammanahalli,294.0,110.0,Not Applicable,Not Applicable,No,Not Applicable,287,UPI,3,4.9,4.2
2024-07-07 14:53:00,CNR1190033472,Success,CID297560,Prime Sedan,Kengeri,Ulsoor,273.0,115.0,Not Applicable,Not Applicable,No,Not Applicable,486,Cash,42,3.1,4.9
2024-07-07 00:07:00,CNR1405388254,Success,CID973037,Prime Sedan,Padmanabhanagar,Yeshwanthpur,301.0,145.0,Not Applicable,Not Applicable,No,Not Applicable,413,Credit Card,32,3.9,4.6
2024-07-06 12:45:00,CNR3171825301,Success,CID588898,Prime SUV,Chamarajpet,Koramangala,77.0,95.0,Not Applicable,Not Applicable,No,Not Applicable,603,UPI,31,3.7,3.9
2024-07-18 10:45:00,CNR1809231121,Success,CID334860,Mini,Bellandur,Peenya,245.0,100.0,Not Applicable,Not Applicable,No,Not Applicable,633,UPI,30,3.1,3.9
2024-07-08 17:03:00,CNR2381703746,Success,CID976925,Auto,Indiranagar,Sarjapur Road,175.0,55.0,Not Applicable,Not Applicable,No,Not Applicable,454,Cash,9,3.9,3.7
2024-07-13 04:56:00,CNR7276592171,Success,CID854441,Mini,BTM Layout,Magadi Road,189.0,90.0,Not Applicable,Not Applicable,No,Not Applicable,494,Cash,1,4.2,4.7
2024-07-02 01:53:00,CNR2528556486,Success,CID898673,Prime Sedan,Marathahalli,Sahakar Nagar,147.0,25.0,Not Applicable,Not Applicable,No,Not Applicable,617,Cash,40,4.4,4.5
2024-07-03 06:23:00,CNR5892289399,Success,CID366791,Bike,Sahakar Nagar,Chamarajpet,35.0,105.0,Not Applicable,Not Applicable,No,Not Applicable,539,UPI,37,4.4,4.7
2024-07-14 20:42:00,CNR7019462074,Success,CID742462,Auto,Langford Town,Banashankari,42.0,90.0,Not Applicable,Not Applicable,Yes,Other Issue,144,Cash,4,4.4,3.7
2024-07-16 21:36:00,CNR5794847942,Success,CID258208,Mini,JP Nagar,Ramamurthy Nagar,196.0,55.0,Not Applicable,Not Applicable,Yes,Vehicle Breakdown,155,Cash,46,3.5,3.9
2024-07-22 02:02:00,CNR6369214458,Success,CID623493,eBike,HSR Layout,Frazer Town,126.0,65.0,Not Applicable,Not Applicable,Yes,Vehicle Breakdown,240,Cash,37,4.1,4.6
2024-07-11 00:00:00,CNR8583634183,Success,CID973768,eBike,Richmond Town,Hebbal,287.0,125.0,Not Applicable,Not Applicable,No,Not Applicable,2077,Cash,32,4.8,4.6
2024-07-06 11:08:00,CNR2467567764,Success,CID246395,Prime SUV,Devanahalli,Majestic,175.0,35.0,Not Applicable,Not Applicable,No,Not Applicable,258,UPI,31,4.4,3.8
2024-07-16 13:47:00,CNR1783468646,Driver Not Found,CID456403,Bike,Shivajinagar,Nagarbhavi,,,Not Applicable,Not Applicable,Not Applicable,Not Applicable,425,Not Applicable,0,,
2024-07-06 21:35:00,CNR2205439545,Success,CID670471,Bike,Rajajinagar,Yelahanka,98.0,75.0,Not Applicable,Not Applicable,No,Not Applicable,371,UPI,35,3.6,4.1
2024-07-22 02:49:00,CNR8262071435,Success,CID131653,Prime SUV,Majestic,Vijayanagar,98.0,130.0,Not Applicable,Not Applicable,No,Not Applicable,608,Cash,28,3.4,4.8
2024-07-29 21:20:00,CNR2278586053,Success,CID956633,Prime Sedan,KR Puram,KR Puram,84.0,125.0,Not Applicable,Not Applicable,No,Not Applicable,109,Cash,5,4.0,3.7
2024-07-28 05:03:00,CNR8746063057,Driver Not Found,CID350815,Prime Sedan,Varthur,Vijayanagar,,,Not Applicable,Not Applicable,Not Applicable,Not Applicable,149,Not Applicable,0,,
2024-07-05 00:40:00,CNR9640177978,Canceled by Customer,CID530075,Bike,Padmanabhanagar,Majestic,,,AC is Not working,Not Applicable,Not Applicable,Not Applicable,191,Not Applicable,0,,
2024-07-22 00:16:00,CNR2356092294,Driver Not Found,CID782886,Bike,Whitefield,Bannerghatta Road,,,Not Applicable,Not Applicable,Not Applicable,Not Applicable,230,Not Applicable,0,,
2024-07-18 01:05:00,CNR6310622391,Driver Not Found,CID343058,Prime Plus,Hebbal,Yelahanka,,,Not Applicable,Not Applicable,Not Applicable,Not Applicable,272,Not Applicable,0,,
2024-07-08 20:05:00,CNR1011826628,Driver Not Found,CID910542,Bike,Hosur Road,Devanahalli,,,Not Applicable,Not Applicable,Not Applicable,Not Applicable,2981,Not Applicable,0,,
2024-07-09 04:08:00,CNR2393532715,Success,CID404388,eBike,Shivajinagar,Nagarbhavi,112.0,85.0,Not Applicable,Not Applicable,No,Not Applicable,865,Credit Card,41,4.3,3.7
2024-07-13 12:13:00,CNR9090182570,Success,CID559964,Prime Plus,Tumkur Road,Shivajinagar,77.0,125.0,Not Applicable,Not Applicable,No,Not Applicable,1360,Cash,46,3.7,4.8
2024-07-23 07:02:00,CNR9855537977,Canceled by Customer,CID810038,Prime Sedan,KR Puram,Frazer Town,,,Driver asked to cancel,Not Applicable,Not Applicable,Not Applicable,930,Not Applicable,0,,
2024-07-29 12:08:00,CNR9279977685,Success,CID903174,Prime Plus,Vijayanagar,Rajarajeshwari Nagar,294.0,35.0,Not Applicable,Not Applicable,No,Not Applicable,781,Cash,38,3.6,4.2
2024-07-22 09:30:00,CNR7087167203,Success,CID825773,eBike,Marathahalli,Indiranagar,266.0,90.0,Not Applicable,Not Applicable,No,Not Applicable,412,Cash,34,4.8,3.0
2024-07-06 19:52:00,CNR3584933065,Success,CID281975,Bike,HSR Layout,Rajajinagar,175.0,80.0,Not Applicable,Not Applicable,No,Not Applicable,104,Cash,6,3.9,3.0
2024-07-18 14:38:00,CNR7160748660,Driver Not Found,CID365616,Prime SUV,RT Nagar,Sarjapur Road,,,Not Applicable,Not Applicable,Not Applicable,Not Applicable,116,Not Applicable,0,,
2024-07-23 02:22:00,CNR4257611377,Success,CID242270,Bike,Basavanagudi,Magadi Road,49.0,65.0,Not Applicable,Not Applicable,No,Not Applicable,261,Cash,8,4.2,4.0
2024-07-29 19:23:00,CNR9116770842,Success,CID735832,Bike,Rajajinagar,Shantinagar,189.0,85.0,Not Applicable,Not Applicable,No,Not Applicable,602,UPI,9,3.8,4.5
2024-07-23 15:42:00,CNR3826158443,Canceled by Driver,CID670042,Auto,Banashankari,Magadi Road,,,Not Applicable,Customer related issue,Not Applicable,Not Applicable,494,Not Applicable,0,,
2024-07-16 20:06:00,CNR9795796658,Success,CID814290,Prime Sedan,Yelahanka,Ulsoor,252.0,70.0,Not Applicable,Not Applicable,No,Not Applicable,481,Cash,28,3.4,4.4
2024-07-25 19:57:00,CNR8291504880,Success,CID551114,Bike,Indiranagar,Peenya,49.0,40.0,Not Applicable,Not Applicable,No,Not Applicable,341,UPI,23,4.4,4.7
2024-07-16 06:28:00,CNR8764501090,Success,CID977766,Mini,Frazer Town,Cox Town,84.0,140.0,Not Applicable,Not Applicable,No,Not Applicable,389,UPI,14,4.4,4.6
2024-07-17 19:40:00,CNR1768012334,Driver Not Found,CID410610,Auto,HSR Layout,KR Puram,,,Not Applicable,Not Applicable,Not Applicable,Not Applicable,139,Not Applicable,0,,
2024-07-01 14:45:00,CNR3529496597,Success,CID708712,eBike,Langford Town,Kengeri,140.0,70.0,Not Applicable,Not Applicable,No,Not Applicable,399,UPI,21,4.1,3.0
2024-07-08 07:12:00,CNR1587413338,Success,CID869986,Prime Plus,JP Nagar,Nagarbhavi,63.0,40.0,Not Applicable,Not Applicable,No,Not Applicable,221,Cash,6,4.3,3.3
2024-07-07 08:38:00,CNR5631391232,Success,CID555771,eBike,BTM Layout,Chickpet,231.0,125.0,Not Applicable,Not Applicable,No,Not Applicable,453,Debit Card,44,4.3,3.9
2024-07-21 20:28:00,CNR1830317933,Success,CID852143,Bike,KR Puram,Padmanabhanagar,245.0,35.0,Not Applicable,Not Applicable,No,Not Applicable,2965,UPI,20,4.7,4.8
2024-07-05 23:31:00,CNR1404454279,Success,CID950176,Prime Sedan,Basavanagudi,Hebbal,294.0,70.0,Not Applicable,Not Applicable,No,Not Applicable,534,Cash,41,4.2,3.3
2024-07-14 05:17:00,CNR3859872202,Success,CID893434,Prime SUV,Yelahanka,Cox Town,77.0,125.0,Not Applicable,Not Applicable,Yes,Customer Demand,365,Cash,39,4.8,3.2
2024-07-28 10:34:00,CNR6893250159,Success,CID259953,Mini,Chickpet,Varthur,203.0,100.0,Not Applicable,Not Applicable,No,Not Applicable,103,Cash,33,3.4,3.6
2024-07-26 17:25:00,CNR3388795199,Success,CID142019,Prime SUV,Kadugodi,Ramamurthy Nagar,259.0,85.0,Not Applicable,Not Applicable,No,Not Applicable,365,Cash,33,4.0,4.6
2024-07-17 16:20:00,CNR6509207925,Success,CID233946,Prime Plus,Mysore Road,Kammanahalli,280.0,140.0,Not Applicable,Not Applicable,No,Not Applicable,195,Cash,42,4.8,4.7
2024-07-11 16:19:00,CNR5703182756,Success,CID219338,Prime Plus,Yeshwanthpur,Hulimavu,217.0,35.0,Not Applicable,Not Applicable,No,Not Applicable,296,Cash,29,3.9,4.2
2024-07-11 17:40:00,CNR8592431491,Success,CID980723,Bike,Bannerghatta Road,Langford Town,224.0,115.0,Not Applicable,Not Applicable,No,Not Applicable,1762,Credit Card,47,4.1,3.0
2024-07-24 19:16:00,CNR2924151598,Canceled by Customer,CID890157,Auto,Malleshwaram,RT Nagar,,,Change of plans,Not Applicable,Not Applicable,Not Applicable,242,Not Applicable,0,,
2024-07-03 02:02:00,CNR5293241694,Success,CID791182,Prime Plus,Nagarbhavi,Banashankari,98.0,35.0,Not Applicable,Not Applicable,No,Not Applicable,399,UPI,2,3.4,3.6
2024-07-17 23:36:00,CNR3796930288,Canceled by Driver,CID243215,Prime Plus,Varthur,Malleshwaram,,,Not Applicable,Customer was coughing/sick,Not Applicable,Not Applicable,834,Not Applicable,0,,
2024-07-24 17:17:00,CNR6657059442,Success,CID555159,Mini,Rajajinagar,Chickpet,91.0,50.0,Not Applicable,Not Applicable,No,Not Applicable,326,Cash,41,4.9,3.7
2024-07-15 22:51:00,CNR5519784124,Success,CID267917,Auto,Padmanabhanagar,Bellandur,70.0,105.0,Not Applicable,Not Applicable,No,Not Applicable,489,UPI,11,3.6,3.4
2024-07-14 01:10:00,CNR6720597765,Success,CID681428,Prime SUV,Bannerghatta Road,Kengeri,147.0,110.0,Not Applicable,Not Applicable,No,Not Applicable,220,Credit Card,3,4.8,3.9
2024-07-16 02:13:00,CNR6054823158,Success,CID866118,Auto,Hennur,Majestic,196.0,55.0,Not Applicable,Not Applicable,No,Not Applicable,587,Cash,16,4.8,4.9
2024-07-10 19:42:00,CNR4829102221,Success,CID477443,Auto,KR Puram,Whitefield,63.0,95.0,Not Applicable,Not Applicable,No,Not Applicable,233,Cash,4,3.9,4.6
2024-07-15 15:47:00,CNR2985794689,Canceled by Driver,CID729654,Mini,Marathahalli,Whitefield,,,Not Applicable,More than permitted people in there,Not Applicable,Not Applicable,742,Not Applicable,0,,
2024-07-05 01:41:00,CNR2578324384,Canceled by Customer,CID971400,Bike,Nagarbhavi,Magadi Road,,,Driver asked to cancel,Not Applicable,Not Applicable,Not Applicable,678,Not Applicable,0,,
2024-07-17 21:28:00,CNR6706556410,Success,CID350548,Prime Sedan,JP Nagar,Mysore Road,203.0,65.0,Not Applicable,Not Applicable,No,Not Applicable,632,UPI,43,3.5,4.5
2024-07-24 08:45:00,CNR2547815714,Canceled by Customer,CID568539,Prime Sedan,Hennur,JP Nagar,,,Driver is not moving towards pickup location,Not Applicable,Not Applicable,Not Applicable,478,Not Applicable,0,,
2024-07-30 16:14:00,CNR6367926431,Success,CID608421,Prime Sedan,Hebbal,Sarjapur Road,238.0,145.0,Not Applicable,Not Applicable,No,Not Applicable,414,Cash,33,3.7,3.4
2024-07-24 04:13:00,CNR4568983789,Canceled by Driver,CID358019,Auto,Majestic,Langford Town,,,Not Applicable,Personal & Car related issue,Not Applicable,Not Applicable,359,Not Applicable,0,,
2024-07-29 23:57:00,CNR1021578132,Canceled by Driver,CID474055,Mini,Majestic,Yeshwanthpur,,,Not Applicable,More than permitted people in there,Not Applicable,Not Applicable,602,Not Applicable,0,,
2024-07-19 22:00:00,CNR5433984330,Success,CID458269,Auto,Richmond Town,BTM Layout,56.0,115.0,Not Applicable,Not Applicable,No,Not Applicable,1531,Cash,13,4.3,3.6
2024-07-09 02:21:00,CNR2456221545,Driver Not Found,CID355410,Mini,Bannerghatta Road,Marathahalli,,,Not Applicable,Not Applicable,Not Applicable,Not Applicable,2785,Not Applicable,0,,
2024-07-09 11:00:00,CNR2259993775,Success,CID739289,Auto,Majestic,Tumkur Road,91.0,75.0,Not Applicable,Not Applicable,No,Not Applicable,179,Credit Card,4,4.3,4.6
2024-07-01 08:19:00,CNR6699710122,Success,CID852859,eBike,Tumkur Road,Electronic City,140.0,80.0,Not Applicable,Not Applicable,No,Not Applicable,142,Debit Card,36,3.3,3.5
2024-07-30 21:33:00,CNR3405982949,Success,CID808425,eBike,Varthur,Devanahalli,84.0,65.0,Not Applicable,Not Applicable,No,Not Applicable,2397,UPI,1,3.6,4.9
2024-07-04 01:19:00,CNR7379166283,Success,CID270306,Prime Sedan,Mysore Road,Chickpet,70.0,55.0,Not Applicable,Not Applicable,No,Not Applicable,377,UPI,2,3.9,4.2
2024-07-20 01:33:00,CNR3231897919,Canceled by Driver,CID721181,Mini,Malleshwaram,Kengeri,,,Not Applicable,Personal & Car related issue,Not Applicable,Not Applicable,600,Not Applicable,0,,
2024-07-09 06:16:00,CNR6380410920,Canceled by Customer,CID871935,Prime Plus,Electronic City,Yeshwanthpur,,,Driver asked to cancel,Not Applicable,Not Applicable,Not Applicable,317,Not Applicable,0,,
2024-07-10 10:13:00,CNR7866966445,Canceled by Customer,CID874672,Prime Sedan,Sarjapur Road,Electronic City,,,Driver asked to cancel,Not Applicable,Not Applicable,Not Applicable,249,Not Applicable,0,,
2024-07-09 01:28:00,CNR6669934935,Success,CID259155,Auto,Shivajinagar,Chickpet,308.0,130.0,Not Applicable,Not Applicable,No,Not Applicable,426,UPI,14,4.3,3.6
2024-07-24 23:56:00,CNR8861156471,Success,CID595598,eBike,Langford Town,Hulimavu,259.0,50.0,Not Applicable,Not Applicable,No,Not Applicable,413,Cash,11,4.2,3.2
2024-07-02 17:42:00,CNR2521875699,Success,CID705413,Bike,Marathahalli,Sahakar Nagar,210.0,85.0,Not Applicable,Not Applicable,No,Not Applicable,399,Cash,14,4.6,3.5
2024-07-06 19:40:00,CNR6634759364,Success,CID570658,eBike,Tumkur Road,Electronic City,238.0,140.0,Not Applicable,Not Applicable,No,Not Applicable,432,Cash,42,4.7,3.7
2024-07-13 11:54:00,CNR4347898509,Canceled by Driver,CID346715,eBike,Indiranagar,Padmanabhanagar,,,Not Applicable,Customer was coughing/sick,Not Applicable,Not Applicable,165,Not Applicable,0,,
2024-07-15 02:41:00,CNR3255498595,Canceled by Driver,CID799207,Prime Sedan,Indiranagar,Kengeri,,,Not Applicable,More than permitted people in there,Not Applicable,Not Applicable,287,Not Applicable,0,,
2024-07-21 01:17:00,CNR3179493748,Success,CID721933,Prime SUV,Rajajinagar,Yeshwanthpur,147.0,35.0,Not Applicable,Not Applicable,No,Not Applicable,244,UPI,37,3.9,4.7
2024-07-26 19:59:00,CNR7486694234,Success,CID905266,Prime Plus,Mysore Road,Malleshwaram,77.0,45.0,Not Applicable,Not Applicable,No,Not Applicable,165,Cash,38,4.8,3.4
2024-07-23 11:32:00,CNR9083779775,Success,CID451393,Prime Sedan,RT Nagar,Kammanahalli,49.0,80.0,Not Applicable,Not Applicable,No,Not Applicable,222,UPI,41,3.5,3.3
2024-07-12 04:12:00,CNR3521453752,Canceled by Customer,CID848991,Prime Sedan,Shivajinagar,Magadi Road,,,Driver is not moving towards pickup location,Not Applicable,Not Applicable,Not Applicable,454,Not Applicable,0,,
2024-07-01 17:29:00,CNR4380875605,Success,CID770332,Prime Plus,Shantinagar,Yelahanka,126.0,50.0,Not Applicable,Not Applicable,No,Not Applicable,413,Credit Card,22,3.6,4.2
2024-07-12 13:36:00,CNR3768873980,Success,CID190037,Mini,Magadi Road,Rajajinagar,119.0,35.0,Not Applicable,Not Applicable,No,Not Applicable,147,Cash,26,3.3,3.9
2024-07-15 04:05:00,CNR3113085333,Canceled by Driver,CID933306,Mini,Koramangala,Indiranagar,,,Not Applicable,More than permitted people in there,Not Applicable,Not Applicable,276,Not Applicable,0,,
2024-07-27 20:59:00,CNR4382969081,Canceled by Customer,CID481171,Prime Sedan,RT Nagar,Sarjapur Road,,,Driver is not moving towards pickup location,Not Applicable,Not Applicable,Not Applicable,251,Not Applicable,0,,
2024-07-10 22:45:00,CNR1688697748,Canceled by Customer,CID305767,Bike,Ramamurthy Nagar,Kadugodi,,,Change of plans,Not Applicable,Not Applicable,Not Applicable,288,Not Applicable,0,,
2024-07-09 03:46:00,CNR6103424658,Success,CID854438,Auto,Hebbal,Bannerghatta Road,210.0,60.0,Not Applicable,Not Applicable,No,Not Applicable,398,Cash,4,4.1,4.3
2024-07-21 13:40:00,CNR7512413815,Success,CID665673,Bike,KR Puram,Kengeri,77.0,140.0,Not Applicable,Not Applicable,No,Not Applicable,260,Credit Card,22,4.6,4.0
2024-07-15 08:26:00,CNR3282800629,Success,CID473816,Mini,Ulsoor,Koramangala,63.0,30.0,Not Applicable,Not Applicable,No,Not Applicable,517,Cash,15,4.2,3.6
2024-07-16 07:14:00,CNR2541907253,Success,CID559967,eBike,Hebbal,Hennur,224.0,25.0,Not Applicable,Not Applicable,No,Not Applicable,410,Cash,32,4.3,3.7
2024-07-24 06:54:00,CNR2461552399,Success,CID744019,Prime Sedan,Marathahalli,Yelahanka,154.0,145.0,Not Applicable,Not Applicable,No,Not Applicable,930,Cash,3,3.2,4.7
2024-07-16 23:20:00,CNR4216724268,Success,CID199577,Prime Sedan,Cox Town,RT Nagar,84.0,95.0,Not Applicable,Not Applicable,No,Not Applicable,708,Cash,48,3.7,3.2
2024-07-13 11:49:00,CNR8096208348,Success,CID489022,Mini,BTM Layout,Hulimavu,217.0,30.0,Not Applicable,Not Applicable,No,Not Applicable,390,UPI,32,3.3,4.9
2024-07-17 12:19:00,CNR2458001551,Success,CID699260,Prime Sedan,Richmond Town,Majestic,112.0,50.0,Not Applicable,Not Applicable,No,Not Applicable,212,UPI,11,3.9,3.0
2024-07-07 19:14:00,CNR3771505871,Success,CID454289,eBike,Richmond Town,Basavanagudi,84.0,65.0,Not Applicable,Not Applicable,No,Not Applicable,428,Cash,36,4.9,4.4
2024-07-17 22:00:00,CNR7745196638,Success,CID931991,Prime SUV,Sahakar Nagar,Hennur,238.0,90.0,Not Applicable,Not Applicable,No,Not Applicable,127,UPI,32,4.0,3.3
2024-07-13 01:17:00,CNR3229400733,Driver Not Found,CID875930,Bike,Frazer Town,Yelahanka,,,Not Applicable,Not Applicable,Not Applicable,Not Applicable,299,Not Applicable,0,,
2024-07-20 07:43:00,CNR8792635919,Success,CID397843,Auto,Sahakar Nagar,MG Road,294.0,110.0,Not Applicable,Not Applicable,No,Not Applicable,209,Cash,1,5.0,3.5
2024-07-02 10:52:00,CNR9781703831,Success,CID293339,Bike,Hosur Road,Jayanagar,49.0,110.0,Not Applicable,Not Applicable,No,Not Applicable,411,UPI,4,3.1,3.3
2024-07-23 15:03:00,CNR8236873827,Canceled by Customer,CID668074,Auto,Hulimavu,Peenya,,,Driver is not moving towards pickup location,Not Applicable,Not Applicable,Not Applicable,449,Not Applicable,0,,
2024-07-24 18:22:00,CNR3657789079,Canceled by Driver,CID704773,Auto,BTM Layout,Bellandur,,,Not Applicable,Personal & Car related issue,Not Applicable,Not Applicable,885,Not Applicable,0,,
2024-07-17 04:40:00,CNR9592215283,Success,CID606793,Bike,Indiranagar,KR Puram,217.0,140.0,Not Applicable,Not Applicable,No,Not Applicable,348,Cash,32,3.1,3.4
2024-07-25 05:55:00,CNR4123125233,Success,CID151892,Auto,BTM Layout,Rajajinagar,70.0,130.0,Not Applicable,Not Applicable,No,Not Applicable,408,Cash,9,3.4,3.4
2024-07-14 03:35:00,CNR8044597804,Success,CID820928,Prime Plus,Kadugodi,Nagarbhavi,189.0,70.0,Not Applicable,Not Applicable,No,Not Applicable,411,Cash,30,4.0,4.4
2024-07-27 12:09:00,CNR8516523698,Canceled by Driver,CID138490,Prime Sedan,Cox Town,Richmond Town,,,Not Applicable,Personal & Car related issue,Not Applicable,Not Applicable,352,Not Applicable,0,,
2024-07-15 20:05:00,CNR4668300366,Canceled by Driver,CID750661,Bike,Chamarajpet,Basavanagudi,,,Not Applicable,More than permitted people in there,Not Applicable,Not Applicable,409,Not Applicable,0,,
2024-07-21 11:55:00,CNR2587016683,Canceled by Driver,CID590618,Auto,Chickpet,Hulimavu,,,Not Applicable,Customer related issue,Not Applicable,Not Applicable,470,Not Applicable,0,,
2024-07-09 02:48:00,CNR8854730103,Success,CID970661,Bike,Frazer Town,Bannerghatta Road,98.0,60.0,Not Applicable,Not Applicable,No,Not Applicable,209,Cash,17,3.0,5.0
2024-07-10 14:06:00,CNR8192404379,Success,CID259037,Prime Sedan,Rajajinagar,Rajajinagar,259.0,95.0,Not Applicable,Not Applicable,No,Not Applicable,133,Cash,31,4.8,4.7
2024-07-18 19:41:00,CNR3424842373,Canceled by Customer,CID485068,Prime SUV,Indiranagar,Basavanagudi,,,AC is Not working,Not Applicable,Not Applicable,Not Applicable,287,Not Applicable,0,,
2024-07-18 03:19:00,CNR5076995940,Success,CID591364,Prime SUV,Electronic City,MG Road,147.0,130.0,Not Applicable,Not Applicable,No,Not Applicable,161,Cash,44,3.8,3.0
2024-07-10 05:17:00,CNR2164995763,Success,CID812872,Prime SUV,Hennur,Frazer Town,231.0,50.0,Not Applicable,Not Applicable,No,Not Applicable,370,Cash,24,3.9,3.5
2024-07-24 03:50:00,CNR1770090529,Canceled by Customer,CID497557,eBike,Marathahalli,Hebbal,,,Driver asked to cancel,Not Applicable,Not Applicable,Not Applicable,159,Not Applicable,0,,
2024-07-19 06:43:00,CNR1633494455,Success,CID593908,Prime Plus,Hulimavu,KR Puram,294.0,105.0,Not Applicable,Not Applicable,Yes,Vehicle Breakdown,367,Cash,33,3.3,4.5
2024-07-18 05:42:00,CNR8335452634,Success,CID829607,Mini,Shantinagar,Richmond Town,224.0,40.0,Not Applicable,Not Applicable,No,Not Applicable,781,Cash,6,4.7,4.9
2024-07-04 20:52:00,CNR1402159060,Canceled by Driver,CID777082,Auto,Sahakar Nagar,KR Puram,,,Not Applicable,Personal & Car related issue,Not Applicable,Not Applicable,871,Not Applicable,0,,
2024-07-06 21:10:00,CNR7310283116,Canceled by Driver,CID777634,eBike,Shantinagar,HSR Layout,,,Not Applicable,Personal & Car related issue,Not Applicable,Not Applicable,419,Not Applicable,0,,
2024-07-18 05:55:00,CNR5228759103,Success,CID999662,eBike,Marathahalli,Shivajinagar,245.0,135.0,Not Applicable,Not Applicable,No,Not Applicable,2268,Cash,41,5.0,4.9
2024-07-28 07:40:00,CNR3864604522,Success,CID431270,Prime SUV,Frazer Town,Cox Town,126.0,100.0,Not Applicable,Not Applicable,Yes,Other Issue,261,UPI,47,4.5,4.2
2024-07-29 15:09:00,CNR5655377154,Success,CID246472,eBike,Banashankari,Vijayanagar,126.0,40.0,Not Applicable,Not Applicable,No,Not Applicable,2716,UPI,25,3.5,4.1
2024-07-19 18:07:00,CNR4181943068,Canceled by Driver,CID710522,Prime SUV,MG Road,Sahakar Nagar,,,Not Applicable,Customer was coughing/sick,Not Applicable,Not Applicable,980,Not Applicable,0,,
2024-07-08 01:20:00,CNR2506960881,Canceled by Driver,CID631396,Prime SUV,Kammanahalli,Basavanagudi,,,Not Applicable,Personal & Car related issue,Not Applicable,Not Applicable,248,Not Applicable,0,,
2024-07-23 04:41:00,CNR6881949330,Canceled by Driver,CID430380,Auto,JP Nagar,Frazer Town,,,Not Applicable,Personal & Car related issue,Not Applicable,Not Applicable,449,Not Applicable,0,,
2024-07-05 13:20:00,CNR6112713654,Canceled by Driver,CID558778,Prime Plus,Peenya,Sahakar Nagar,,,Not Applicable,Personal & Car related issue,Not Applicable,Not Applicable,431,Not Applicable,0,,
2024-07-19 22:31:00,CNR5330888313,Success,CID218505,Auto,Yelahanka,Mysore Road,70.0,75.0,Not Applicable,Not Applicable,No,Not Applicable,2674,Cash,12,3.6,4.0
2024-07-18 19:11:00,CNR4219808710,Canceled by Driver,CID329280,Prime Plus,Cox Town,Ramamurthy Nagar,,,Not Applicable,Customer was coughing/sick,Not Applicable,Not Applicable,564,Not Applicable,0,,
2024-07-23 19:48:00,CNR2514155471,Success,CID392300,Prime SUV,Basavanagudi,Hosur Road,112.0,130.0,Not Applicable,Not Applicable,No,Not Applicable,230,Cash,2,4.8,3.7
2024-07-16 02:23:00,CNR8395018559,Success,CID327619,Prime Sedan,Hebbal,Rajarajeshwari Nagar,252.0,140.0,Not Applicable,Not Applicable,No,Not Applicable,657,Cash,45,3.2,3.8
2024-07-22 02:16:00,CNR3088113250,Canceled by Customer,CID562339,Auto,Whitefield,Kammanahalli,,,Change of plans,Not Applicable,Not Applicable,Not Applicable,230,Not Applicable,0,,
2024-07-29 06:13:00,CNR1648009985,Success,CID307647,Prime Sedan,Richmond Town,Kengeri,266.0,85.0,Not Applicable,Not Applicable,No,Not Applicable,152,Cash,11,5.0,4.8
2024-07-28 10:47:00,CNR1436050522,Success,CID548200,Prime SUV,Marathahalli,Koramangala,203.0,25.0,Not Applicable,Not Applicable,No,Not Applicable,489,UPI,15,3.7,3.6
2024-07-29 04:27:00,CNR1389593774,Canceled by Customer,CID603398,Bike,Langford Town,Indiranagar,,,Change of plans,Not Applicable,Not Applicable,Not Applicable,165,Not Applicable,0,,
2024-07-02 21:41:00,CNR4703314020,Canceled by Customer,CID907707,Prime SUV,Bannerghatta Road,Electronic City,,,Driver is not moving towards pickup location,Not Applicable,Not Applicable,Not Applicable,1837,Not Applicable,0,,
2024-07-07 22:41:00,CNR3319182803,Success,CID655130,Auto,Bannerghatta Road,Ulsoor,203.0,35.0,Not Applicable,Not Applicable,No,Not Applicable,164,Cash,3,4.3,3.1
2024-07-30 09:49:00,CNR1952783746,Driver Not Found,CID512297,Prime Plus,BTM Layout,Hulimavu,,,Not Applicable,Not Applicable,Not Applicable,Not Applicable,523,Not Applicable,0,,
2024-07-02 05:18:00,CNR2191588844,Success,CID596719,Prime Plus,Frazer Town,RT Nagar,154.0,105.0,Not Applicable,Not Applicable,No,Not Applicable,592,Cash,38,4.3,4.2
2024-07-11 17:32:00,CNR6555820010,Success,CID550755,Auto,Frazer Town,Bannerghatta Road,231.0,95.0,Not Applicable,Not Applicable,No,Not Applicable,687,Cash,16,4.5,4.0
2024-07-14 03:05:00,CNR9857958545,Success,CID356865,Mini,Malleshwaram,Rajajinagar,168.0,100.0,Not Applicable,Not Applicable,No,Not Applicable,811,Cash,27,5.0,4.9
2024-07-15 21:44:00,CNR6562884957,Success,CID130093,Auto,Chickpet,Sahakar Nagar,287.0,85.0,Not Applicable,Not Applicable,No,Not Applicable,180,Cash,13,3.2,4.1
2024-07-11 15:11:00,CNR4888361511,Success,CID937604,eBike,Kengeri,Frazer Town,63.0,45.0,Not Applicable,Not Applicable,No,Not Applicable,708,UPI,28,4.3,3.7
2024-07-03 10:30:00,CNR6375285411,Canceled by Driver,CID654373,Bike,Sahakar Nagar,Sahakar Nagar,,,Not Applicable,Personal & Car related issue,Not Applicable,Not Applicable,904,Not Applicable,0,,
2024-07-06 03:21:00,CNR4608064957,Canceled by Driver,CID716242,Prime Sedan,Hosur Road,Kengeri,,,Not Applicable,Customer related issue,Not Applicable,Not Applicable,191,Not Applicable,0,,
2024-07-25 11:50:00,CNR1130237626,Success,CID102935,Mini,Shantinagar,Basavanagudi,308.0,25.0,Not Applicable,Not Applicable,No,Not Applicable,286,UPI,44,4.8,3.4
2024-07-27 10:48:00,CNR1527901381,Canceled by Driver,CID184975,Mini,Jayanagar,Shivajinagar,,,Not Applicable,Personal & Car related issue,Not Applicable,Not Applicable,211,Not Applicable,0,,
2024-07-09 22:02:00,CNR9915034634,Canceled by Driver,CID771327,Prime Sedan,Varthur,Magadi Road,,,Not Applicable,Customer was coughing/sick,Not Applicable,Not Applicable,346,Not Applicable,0,,
2024-07-28 13:09:00,CNR8408113131,Success,CID328832,Prime Plus,Sahakar Nagar,Yeshwanthpur,189.0,40.0,Not Applicable,Not Applicable,No,Not Applicable,298,Cash,48,3.0,4.2
2024-07-08 06:15:00,CNR4746606572,Canceled by Driver,CID366866,eBike,Sahakar Nagar,Bannerghatta Road,,,Not Applicable,Customer was coughing/sick,Not Applicable,Not Applicable,680,Not Applicable,0,,
2024-07-19 22:28:00,CNR2369861529,Canceled by Driver,CID973416,Prime SUV,Yelahanka,Peenya,,,Not Applicable,Personal & Car related issue,Not Applicable,Not Applicable,170,Not Applicable,0,,
2024-07-28 13:12:00,CNR9032163181,Success,CID946692,Prime SUV,Ulsoor,Bellandur,280.0,85.0,Not Applicable,Not Applicable,No,Not Applicable,226,UPI,1,3.5,3.8
2024-07-07 09:55:00,CNR8983731821,Canceled by Driver,CID198343,Prime SUV,Indiranagar,Kadugodi,,,Not Applicable,Personal & Car related issue,Not Applicable,Not Applicable,272,Not Applicable,0,,
2024-07-30 01:27:00,CNR6991604149,Success,CID482463,Prime SUV,Cox Town,JP Nagar,168.0,40.0,Not Applicable,Not Applicable,No,Not Applicable,289,Cash,38,4.7,4.1
2024-07-22 15:29:00,CNR3540958039,Success,CID767855,Prime Plus,Marathahalli,Indiranagar,259.0,105.0,Not Applicable,Not Applicable,No,Not Applicable,2101,UPI,8,3.4,3.2
2024-07-30 01:15:00,CNR5356882276,Success,CID972132,eBike,Malleshwaram,Varthur,84.0,60.0,Not Applicable,Not Applicable,Yes,Customer Demand,1887,UPI,33,3.7,4.7
2024-07-25 08:36:00,CNR1645645810,Canceled by Driver,CID995246,Auto,Indiranagar,Hebbal,,,Not Applicable,Customer related issue,Not Applicable,Not Applicable,287,Not Applicable,0,,
2024-07-18 15:11:00,CNR6018459903,Canceled by Customer,CID321850,Bike,Ulsoor,Hebbal,,,Change of plans,Not Applicable,Not Applicable,Not Applicable,289,Not Applicable,0,,
2024-07-23 19:18:00,CNR9162784794,Success,CID523347,Auto,RT Nagar,Whitefield,203.0,120.0,Not Applicable,Not Applicable,No,Not Applicable,155,Cash,17,3.1,4.0
2024-07-21 17:28:00,CNR7311030188,Success,CID526638,Prime SUV,Whitefield,Indiranagar,210.0,120.0,Not Applicable,Not Applicable,No,Not Applicable,139,Cash,15,3.9,3.8
2024-07-04 19:29:00,CNR3044925643,Success,CID873402,Bike,Hennur,Electronic City,168.0,125.0,Not Applicable,Not Applicable,No,Not Applicable,331,UPI,33,4.1,3.2
2024-07-07 16:18:00,CNR1885534539,Success,CID502417,Bike,Mysore Road,Hosur Road,49.0,65.0,Not Applicable,Not Applicable,No,Not Applicable,1051,UPI,29,4.8,4.5
2024-07-17 08:52:00,CNR3253913551,Driver Not Found,CID644050,eBike,Cox Town,JP Nagar,,,Not Applicable,Not Applicable,Not Applicable,Not Applicable,250,Not Applicable,0,,
2024-07-28 11:17:00,CNR4583352468,Canceled by Customer,CID336619,Mini,Padmanabhanagar,BTM Layout,,,Driver is not moving towards pickup location,Not Applicable,Not Applicable,Not Applicable,777,Not Applicable,0,,
2024-07-27 07:08:00,CNR1880974051,Success,CID355337,Mini,Marathahalli,Jayanagar,287.0,120.0,Not Applicable,Not Applicable,No,Not Applicable,1111,Cash,14,3.6,4.5
2024-07-30 17:03:00,CNR7365600792,Success,CID886705,eBike,Devanahalli,Kengeri,308.0,85.0,Not Applicable,Not Applicable,No,Not Applicable,601,Cash,19,4.9,4.1
2024-07-07 00:21:00,CNR1160711024,Success,CID735649,Auto,Marathahalli,Richmond Town,70.0,140.0,Not Applicable,Not Applicable,No,Not Applicable,111,UPI,17,4.2,4.6
2024-07-14 22:05:00,CNR5739618832,Success,CID790578,Auto,Yelahanka,Padmanabhanagar,154.0,60.0,Not Applicable,Not Applicable,No,Not Applicable,182,Credit Card,3,4.7,3.6
2024-07-12 09:30:00,CNR2482970018,Canceled by Driver,CID684708,Mini,Rajarajeshwari Nagar,Electronic City,,,Not Applicable,Personal & Car related issue,Not Applicable,Not Applicable,440,Not Applicable,0,,
2024-07-12 21:56:00,CNR6656055329,Canceled by Customer,CID837425,Prime SUV,Padmanabhanagar,Yelahanka,,,AC is Not working,Not Applicable,Not Applicable,Not Applicable,242,Not Applicable,0,,
2024-07-26 05:08:00,CNR3364998057,Success,CID518412,Auto,Hulimavu,RT Nagar,189.0,30.0,Not Applicable,Not Applicable,No,Not Applicable,206,Cash,11,3.3,4.4
2024-07-16 18:31:00,CNR8538608485,Success,CID271316,eBike,Basavanagudi,Cox Town,266.0,40.0,Not Applicable,Not Applicable,No,Not Applicable,382,Cash,2,4.2,3.9
2024-07-04 07:31:00,CNR9067017983,Canceled by Customer,CID384708,Mini,KR Puram,BTM Layout,,,Change of plans,Not Applicable,Not Applicable,Not Applicable,822,Not Applicable,0,,
2024-07-02 18:52:00,CNR5935273583,Success,CID420991,Prime Plus,JP Nagar,Mysore Road,161.0,105.0,Not Applicable,Not Applicable,No,Not Applicable,416,UPI,35,3.5,3.9
2024-07-12 17:40:00,CNR4324566429,Success,CID227581,eBike,Magadi Road,Malleshwaram,196.0,70.0,Not Applicable,Not Applicable,No,Not Applicable,2434,Cash,4,3.6,4.5
2024-07-10 01:39:00,CNR6630202748,Driver Not Found,CID535860,Prime SUV,Chickpet,Kammanahalli,,,Not Applicable,Not Applicable,Not Applicable,Not Applicable,211,Not Applicable,0,,
2024-07-14 19:53:00,CNR5649248455,Canceled by Driver,CID595240,eBike,RT Nagar,Marathahalli,,,Not Applicable,More than permitted people in there,Not Applicable,Not Applicable,1953,Not Applicable,0,,
2024-07-16 00:07:00,CNR4580419094,Canceled by Driver,CID467034,Mini,Hosur Road,Frazer Town,,,Not Applicable,Customer related issue,Not Applicable,Not Applicable,176,Not Applicable,0,,
2024-07-11 19:40:00,CNR2088607241,Success,CID627754,Bike,Chamarajpet,Tumkur Road,182.0,80.0,Not Applicable,Not Applicable,No,Not Applicable,483,Cash,23,4.6,3.3
2024-07-22 09:29:00,CNR2648687342,Canceled by Customer,CID519972,Bike,Hosur Road,Rajajinagar,,,Change of plans,Not Applicable,Not Applicable,Not Applicable,401,Not Applicable,0,,
2024-07-06 01:40:00,CNR9432582412,Success,CID914595,Prime Sedan,Devanahalli,Padmanabhanagar,252.0,95.0,Not Applicable,Not Applicable,No,Not Applicable,810,Cash,6,4.4,3.2
2024-07-07 05:01:00,CNR5498771290,Canceled by Driver,CID847859,Mini,Peenya,Hulimavu,,,Not Applicable,Personal & Car related issue,Not Applicable,Not Applicable,1691,Not Applicable,0,,
2024-07-19 06:42:00,CNR9086607639,Success,CID275797,Prime SUV,Bannerghatta Road,Electronic City,49.0,135.0,Not Applicable,Not Applicable,Yes,Vehicle Breakdown,436,Cash,32,4.6,4.6
2024-07-30 20:08:00,CNR2886964365,Success,CID305793,Prime SUV,Ulsoor,Mysore Road,112.0,100.0,Not Applicable,Not Applicable,No,Not Applicable,110,Cash,25,3.9,4.9
2024-07-16 15:09:00,CNR9319012955,Success,CID359994,Prime SUV,Hennur,KR Puram,308.0,60.0,Not Applicable,Not Applicable,No,Not Applicable,320,Cash,26,3.6,4.3
2024-07-01 06:35:00,CNR5374369666,Success,CID451560,Prime SUV,Yeshwanthpur,Mysore Road,105.0,65.0,Not Applicable,Not Applicable,No,Not Applicable,2814,Cash,30,4.0,3.8
2024-07-21 01:35:00,CNR8156246614,Canceled by Driver,CID611214,Prime Plus,Chamarajpet,Peenya,,,Not Applicable,Customer was coughing/sick,Not Applicable,Not Applicable,531,Not Applicable,0,,
2024-07-27 19:10:00,CNR2190593375,Success,CID261215,Prime Sedan,Varthur,Mysore Road,280.0,65.0,Not Applicable,Not Applicable,Yes,Customer Demand,286,UPI,8,4.3,4.6
2024-07-06 13:32:00,CNR2523959572,Canceled by Customer,CID717557,Prime Plus,Kadugodi,Yeshwanthpur,,,Driver is not moving towards pickup location,Not Applicable,Not Applicable,Not Applicable,205,Not Applicable,0,,
2024-07-10 07:51:00,CNR6825301908,Canceled by Driver,CID126484,Prime Sedan,Cox Town,Magadi Road,,,Not Applicable,More than permitted people in there,Not Applicable,Not Applicable,1400,Not Applicable,0,,
2024-07-21 12:18:00,CNR5634183116,Success,CID488595,Prime SUV,Cox Town,Sarjapur Road,203.0,100.0,Not Applicable,Not Applicable,No,Not Applicable,152,UPI,9,4.6,4.5
2024-07-24 11:12:00,CNR1217481768,Canceled by Driver,CID233028,Mini,Sahakar Nagar,Sahakar Nagar,,,Not Applicable,Customer was coughing/sick,Not Applicable,Not Applicable,105,Not Applicable,0,,
2024-07-20 04:43:00,CNR8171585736,Canceled by Driver,CID587724,Prime Plus,Hosur Road,Hulimavu,,,Not Applicable,Customer related issue,Not Applicable,Not Applicable,828,Not Applicable,0,,
2024-07-29 16:15:00,CNR4095190745,Driver Not Found,CID887699,Prime Plus,Koramangala,Basavanagudi,,,Not Applicable,Not Applicable,Not Applicable,Not Applicable,461,Not Applicable,0,,
2024-07-25 16:21:00,CNR3862641701,Canceled by Customer,CID938444,Prime Sedan,Magadi Road,Ulsoor,,,Driver asked to cancel,Not Applicable,Not Applicable,Not Applicable,115,Not Applicable,0,,
2024-07-23 14:10:00,CNR9803894090,Driver Not Found,CID299371,Mini,Electronic City,Vijayanagar,,,Not Applicable,Not Applicable,Not Applicable,Not Applicable,233,Not Applicable,0,,
2024-07-16 15:12:00,CNR1604648677,Driver Not Found,CID147853,Mini,Richmond Town,BTM Layout,,,Not Applicable,Not Applicable,Not Applicable,Not Applicable,123,Not Applicable,0,,
2024-07-20 05:24:00,CNR8624332847,Success,CID717058,Prime SUV,Peenya,Chickpet,161.0,80.0,Not Applicable,Not Applicable,No,Not Applicable,393,Cash,20,3.6,4.7
2024-07-09 21:39:00,CNR6611331272,Success,CID753330,eBike,Majestic,RT Nagar,210.0,95.0,Not Applicable,Not Applicable,No,Not Applicable,886,Cash,33,4.0,5.0
2024-07-10 01:33:00,CNR7463900950,Success,CID739964,Prime Plus,BTM Layout,Rajarajeshwari Nagar,210.0,105.0,Not Applicable,Not Applicable,No,Not Applicable,591,Cash,13,5.0,3.6
2024-07-18 21:59:00,CNR3618221751,Success,CID730247,eBike,Vijayanagar,HSR Layout,70.0,130.0,Not Applicable,Not Applicable,No,Not Applicable,302,UPI,40,4.4,3.7
2024-07-04 00:28:00,CNR5453158490,Success,CID235697,Auto,Rajarajeshwari Nagar,Langford Town,84.0,115.0,Not Applicable,Not Applicable,Yes,Vehicle Breakdown,349,UPI,18,3.5,4.4
2024-07-03 17:46:00,CNR3663524973,Success,CID875119,Auto,Yelahanka,Kadugodi,217.0,60.0,Not Applicable,Not Applicable,No,Not Applicable,187,Cash,4,3.3,3.8
2024-07-28 08:11:00,CNR9175902258,Success,CID870960,Prime Plus,Koramangala,Rajarajeshwari Nagar,266.0,110.0,Not Applicable,Not Applicable,No,Not Applicable,155,UPI,44,3.2,3.9
2024-07-04 11:00:00,CNR8343076407,Success,CID904595,Mini,Yelahanka,Banashankari,161.0,110.0,Not Applicable,Not Applicable,No,Not Applicable,138,Cash,41,3.2,3.2
2024-07-13 14:07:00,CNR8753870256,Canceled by Driver,CID378578,Prime SUV,Banashankari,Magadi Road,,,Not Applicable,Customer was coughing/sick,Not Applicable,Not Applicable,1186,Not Applicable,0,,
2024-07-09 09:00:00,CNR7297803667,Success,CID525928,Auto,Varthur,Sarjapur Road,203.0,100.0,Not Applicable,Not Applicable,No,Not Applicable,854,Cash,14,4.0,3.7
2024-07-22 05:01:00,CNR3968154827,Success,CID944790,Mini,RT Nagar,BTM Layout,154.0,55.0,Not Applicable,Not Applicable,No,Not Applicable,1572,Credit Card,31,3.1,4.8
2024-07-11 21:29:00,CNR1885627646,Driver Not Found,CID654963,eBike,Kammanahalli,Padmanabhanagar,,,Not Applicable,Not Applicable,Not Applicable,Not Applicable,642,Not Applicable,0,,
2024-07-19 14:53:00,CNR6285577766,Canceled by Driver,CID405872,eBike,Hennur,Devanahalli,,,Not Applicable,Customer related issue,Not Applicable,Not Applicable,457,Not Applicable,0,,
2024-07-25 21:22:00,CNR7720420606,Success,CID424039,Prime SUV,Kadugodi,Tumkur Road,161.0,95.0,Not Applicable,Not Applicable,No,Not Applicable,329,Cash,24,4.7,4.3
2024-07-13 04:27:00,CNR7992364456,Success,CID362761,Prime Plus,Kammanahalli,Hulimavu,147.0,75.0,Not Applicable,Not Applicable,No,Not Applicable,387,UPI,43,4.5,3.5
2024-07-03 17:53:00,CNR3765391995,Success,CID903395,Prime Plus,Langford Town,Devanahalli,168.0,95.0,Not Applicable,Not Applicable,Yes,Customer Demand,109,Cash,24,3.8,3.4
2024-07-01 15:43:00,CNR1191625090,Success,CID487517,Auto,Devanahalli,Kengeri,308.0,130.0,Not Applicable,Not Applicable,No,Not Applicable,182,Cash,8,3.4,3.2
2024-07-08 20:03:00,CNR6494567585,Success,CID339441,Prime Sedan,Chickpet,Padmanabhanagar,91.0,85.0,Not Applicable,Not Applicable,Yes,Vehicle Breakdown,978,UPI,41,3.3,3.5
2024-07-04 12:00:00,CNR3054229554,Canceled by Driver,CID902276,Auto,Hulimavu,Ulsoor,,,Not Applicable,Customer related issue,Not Applicable,Not Applicable,125,Not Applicable,0,,
2024-07-20 06:49:00,CNR6470687191,Canceled by Driver,CID895535,Prime Plus,MG Road,Ulsoor,,,Not Applicable,Personal & Car related issue,Not Applicable,Not Applicable,443,Not Applicable,0,,
2024-07-11 18:39:00,CNR5912422263,Success,CID234581,Auto,Richmond Town,HSR Layout,91.0,80.0,Not Applicable,Not Applicable,No,Not Applicable,975,Cash,3,4.2,4.5
2024-07-05 00:00:00,CNR2935825118,Success,CID845890,Mini,Hennur,Peenya,308.0,80.0,Not Applicable,Not Applicable,No,Not Applicable,271,UPI,36,4.2,4.1
2024-07-10 17:47:00,CNR1521803000,Success,CID310194,Prime Plus,Padmanabhanagar,Majestic,308.0,30.0,Not Applicable,Not Applicable,No,Not Applicable,114,Cash,22,3.4,3.5
2024-07-07 03:32:00,CNR6790190514,Success,CID601802,Prime Sedan,Chamarajpet,HSR Layout,266.0,60.0,Not Applicable,Not Applicable,No,Not Applicable,449,Cash,24,4.2,4.1
2024-07-09 10:36:00,CNR7378042897,Success,CID140767,Prime Plus,Bannerghatta Road,Yeshwanthpur,301.0,95.0,Not Applicable,Not Applicable,No,Not Applicable,491,Cash,1,3.7,4.1
2024-07-25 15:48:00,CNR6721054750,Driver Not Found,CID100337,Prime Sedan,Shivajinagar,Banashankari,,,Not Applicable,Not Applicable,Not Applicable,Not Applicable,368,Not Applicable,0,,
2024-07-03 05:10:00,CNR9025360958,Success,CID868328,Prime Plus,Malleshwaram,Sarjapur Road,245.0,75.0,Not Applicable,Not Applicable,No,Not Applicable,398,UPI,46,4.1,4.5
2024-07-26 19:19:00,CNR7706021005,Success,CID410740,Bike,Magadi Road,Sahakar Nagar,70.0,40.0,Not Applicable,Not Applicable,No,Not Applicable,900,UPI,38,4.6,3.3
2024-07-16 16:45:00,CNR9425489170,Success,CID638145,Mini,Tumkur Road,Rajarajeshwari Nagar,217.0,50.0,Not Applicable,Not Applicable,No,Not Applicable,105,UPI,29,3.7,4.5
2024-07-03 12:13:00,CNR3738814878,Success,CID763343,Auto,Ramamurthy Nagar,Ulsoor,119.0,95.0,Not Applicable,Not Applicable,No,Not Applicable,574,UPI,16,3.6,4.6
2024-07-16 09:48:00,CNR8560517894,Success,CID645983,Prime Plus,Nagarbhavi,Langford Town,294.0,40.0,Not Applicable,Not Applicable,No,Not Applicable,153,Cash,9,4.0,4.1
2024-07-08 04:40:00,CNR4547060765,Success,CID168638,Auto,Yeshwanthpur,Frazer Town,301.0,55.0,Not Applicable,Not Applicable,No,Not Applicable,471,UPI,9,4.5,4.3
2024-07-20 19:23:00,CNR1865455475,Driver Not Found,CID885112,Auto,MG Road,Ulsoor,,,Not Applicable,Not Applicable,Not Applicable,Not Applicable,321,Not Applicable,0,,
2024-07-05 19:07:00,CNR7407015427,Success,CID122247,Bike,HSR Layout,BTM Layout,161.0,145.0,Not Applicable,Not Applicable,No,Not Applicable,271,Cash,4,4.8,3.4
2024-07-24 22:10:00,CNR6035511522,Driver Not Found,CID719543,Prime SUV,Hennur,Shantinagar,,,Not Applicable,Not Applicable,Not Applicable,Not Applicable,293,Not Applicable,0,,
2024-07-17 12:00:00,CNR3603941970,Success,CID475358,Prime Sedan,MG Road,Rajarajeshwari Nagar,287.0,140.0,Not Applicable,Not Applicable,No,Not Applicable,389,UPI,49,3.8,3.2
2024-07-30 03:06:00,CNR8166395468,Canceled by Customer,CID998666,eBike,Ramamurthy Nagar,Hosur Road,,,AC is Not working,Not Applicable,Not Applicable,Not Applicable,369,Not Applicable,0,,
2024-07-10 01:08:00,CNR4021228051,Success,CID195195,Prime Sedan,Electronic City,Mysore Road,196.0,35.0,Not Applicable,Not Applicable,No,Not Applicable,138,UPI,26,4.1,4.3
2024-07-24 08:42:00,CNR9529452688,Canceled by Customer,CID688972,Bike,KR Puram,Marathahalli,,,Change of plans,Not Applicable,Not Applicable,Not Applicable,125,Not Applicable,0,,
2024-07-06 08:59:00,CNR7802173521,Canceled by Customer,CID335446,Prime Plus,KR Puram,Whitefield,,,Change of plans,Not Applicable,Not Applicable,Not Applicable,788,Not Applicable,0,,
2024-07-02 06:25:00,CNR7465847453,Driver Not Found,CID406606,eBike,Electronic City,Malleshwaram,,,Not Applicable,Not Applicable,Not Applicable,Not Applicable,1811,Not Applicable,0,,
2024-07-25 23:51:00,CNR5944218849,Canceled by Customer,CID499018,Auto,Tumkur Road,Chamarajpet,,,Driver is not moving towards pickup location,Not Applicable,Not Applicable,Not Applicable,557,Not Applicable,0,,
2024-07-27 16:45:00,CNR1649972942,Canceled by Driver,CID467590,Prime Sedan,RT Nagar,Nagarbhavi,,,Not Applicable,More than permitted people in there,Not Applicable,Not Applicable,197,Not Applicable,0,,
2024-07-03 19:16:00,CNR4670650545,Success,CID489492,Auto,Bannerghatta Road,Ulsoor,196.0,115.0,Not Applicable,Not Applicable,No,Not Applicable,193,Cash,14,3.8,4.1
2024-07-13 18:40:00,CNR7737581916,Success,CID222873,Mini,Bellandur,HSR Layout,140.0,60.0,Not Applicable,Not Applicable,No,Not Applicable,245,Cash,14,4.2,3.4
2024-07-19 11:22:00,CNR5474746435,Success,CID540426,Mini,HSR Layout,Hennur,266.0,85.0,Not Applicable,Not Applicable,No,Not Applicable,215,Cash,12,4.4,3.4
2024-07-26 06:08:00,CNR6635489202,Success,CID961355,Prime SUV,Nagarbhavi,Indiranagar,210.0,75.0,Not Applicable,Not Applicable,No,Not Applicable,106,UPI,1,3.3,4.1
2024-07-08 22:53:00,CNR1722097461,Canceled by Driver,CID566242,Prime Plus,KR Puram,Hennur,,,Not Applicable,Personal & Car related issue,Not Applicable,Not Applicable,340,Not Applicable,0,,
2024-07-02 16:54:00,CNR2302987538,Success,CID577154,Auto,Devanahalli,BTM Layout,224.0,65.0,Not Applicable,Not Applicable,Yes,Customer Demand,2964,Credit Card,4,4.1,3.9
2024-07-21 14:34:00,CNR8017259705,Driver Not Found,CID200430,Prime Sedan,Langford Town,Basavanagudi,,,Not Applicable,Not Applicable,Not Applicable,Not Applicable,142,Not Applicable,0,,
2024-07-20 15:26:00,CNR1919643351,Success,CID992194,Prime SUV,Cox Town,Hosur Road,266.0,30.0,Not Applicable,Not Applicable,No,Not Applicable,229,Cash,19,4.4,4.8
2024-07-07 15:43:00,CNR6575058114,Success,CID245155,Bike,Marathahalli,Hosur Road,175.0,30.0,Not Applicable,Not Applicable,No,Not Applicable,432,UPI,21,4.3,3.8
2024-07-19 06:58:00,CNR7181694367,Success,CID462127,Mini,Chamarajpet,Richmond Town,280.0,80.0,Not Applicable,Not Applicable,No,Not Applicable,731,Credit Card,38,3.3,4.2
2024-07-09 21:11:00,CNR2979725841,Success,CID716752,Prime SUV,RT Nagar,Electronic City,140.0,140.0,Not Applicable,Not Applicable,No,Not Applicable,316,UPI,22,3.8,3.9
2024-07-16 19:11:00,CNR2360441419,Canceled by Driver,CID524517,Prime SUV,Electronic City,Basavanagudi,,,Not Applicable,Personal & Car related issue,Not Applicable,Not Applicable,317,Not Applicable,0,,
2024-07-13 05:18:00,CNR1624901674,Success,CID463892,Mini,Koramangala,Hosur Road,91.0,90.0,Not Applicable,Not Applicable,Yes,Vehicle Breakdown,679,Cash,11,3.3,4.9
2024-07-29 19:26:00,CNR5193933307,Canceled by Driver,CID756907,Prime Plus,JP Nagar,Kadugodi,,,Not Applicable,Customer related issue,Not Applicable,Not Applicable,816,Not Applicable,0,,
2024-07-23 09:49:00,CNR1964897879,Canceled by Driver,CID584205,Prime Sedan,Koramangala,KR Puram,,,Not Applicable,Customer was coughing/sick,Not Applicable,Not Applicable,318,Not Applicable,0,,
2024-07-11 13:48:00,CNR4307527222,Success,CID815037,Prime SUV,Padmanabhanagar,Kengeri,259.0,115.0,Not Applicable,Not Applicable,No,Not Applicable,251,Cash,46,3.9,3.2
2024-07-15 00:07:00,CNR7158384049,Success,CID203812,Auto,Basavanagudi,Tumkur Road,84.0,100.0,Not Applicable,Not Applicable,No,Not Applicable,467,Cash,11,3.0,3.5
2024-07-02 06:35:00,CNR9752831856,Success,CID946366,Bike,Varthur,Rajarajeshwari Nagar,231.0,95.0,Not Applicable,Not Applicable,No,Not Applicable,435,UPI,1,3.3,4.1
2024-07-19 16:36:00,CNR2934550734,Success,CID293437,Mini,Vijayanagar,Chickpet,154.0,80.0,Not Applicable,Not Applicable,No,Not Applicable,524,UPI,38,4.3,4.2
2024-07-13 22:31:00,CNR6157032525,Success,CID414686,Prime Sedan,Sarjapur Road,Basavanagudi,133.0,70.0,Not Applicable,Not Applicable,No,Not Applicable,421,UPI,33,4.2,3.5
2024-07-07 08:38:00,CNR4808129237,Success,CID538058,Bike,Sahakar Nagar,Hebbal,301.0,65.0,Not Applicable,Not Applicable,No,Not Applicable,1673,UPI,35,3.8,4.4
2024-07-01 07:49:00,CNR9917528307,Canceled by Customer,CID406102,Prime SUV,Electronic City,Cox Town,,,Change of plans,Not Applicable,Not Applicable,Not Applicable,846,Not Applicable,0,,
2024-07-21 14:26:00,CNR8324000867,Success,CID517013,eBike,HSR Layout,Tumkur Road,91.0,40.0,Not Applicable,Not Applicable,No,Not Applicable,1190,UPI,17,3.7,4.0
2024-07-30 12:01:00,CNR2003493646,Success,CID514113,Bike,HSR Layout,Vijayanagar,56.0,75.0,Not Applicable,Not Applicable,No,Not Applicable,308,Cash,7,4.3,4.4
2024-07-19 06:33:00,CNR4555409851,Canceled by Driver,CID311536,Prime Sedan,Indiranagar,Tumkur Road,,,Not Applicable,Customer was coughing/sick,Not Applicable,Not Applicable,228,Not Applicable,0,,
2024-07-29 23:18:00,CNR5388531035,Success,CID996901,Prime SUV,Majestic,Shivajinagar,112.0,95.0,Not Applicable,Not Applicable,No,Not Applicable,804,UPI,32,4.3,3.0
2024-07-21 18:45:00,CNR5739182690,Success,CID333278,Prime Plus,Padmanabhanagar,Bellandur,168.0,25.0,Not Applicable,Not Applicable,No,Not Applicable,324,UPI,13,3.6,4.2
2024-07-03 11:40:00,CNR2960065274,Success,CID604074,Auto,Basavanagudi,Nagarbhavi,245.0,35.0,Not Applicable,Not Applicable,No,Not Applicable,217,Credit Card,4,4.8,3.2
2024-07-07 08:23:00,CNR6523360777,Success,CID418165,Prime Plus,Rajajinagar,Magadi Road,238.0,65.0,Not Applicable,Not Applicable,No,Not Applicable,378,UPI,42,3.2,3.4
2024-07-18 04:31:00,CNR9003723298,Canceled by Driver,CID797597,Prime Plus,Tumkur Road,Yeshwanthpur,,,Not Applicable,More than permitted people in there,Not Applicable,Not Applicable,292,Not Applicable,0,,
2024-07-30 11:49:00,CNR8487788942,Canceled by Driver,CID639877,Prime Sedan,Frazer Town,Cox Town,,,Not Applicable,Customer related issue,Not Applicable,Not Applicable,133,Not Applicable,0,,
2024-07-11 14:56:00,CNR4176297939,Canceled by Driver,CID645655,Auto,Sahakar Nagar,Koramangala,,,Not Applicable,Personal & Car related issue,Not Applicable,Not Applicable,1567,Not Applicable,0,,
2024-07-20 19:14:00,CNR9347906813,Success,CID204326,Bike,Koramangala,Shantinagar,56.0,105.0,Not Applicable,Not Applicable,No,Not Applicable,362,Cash,44,4.8,3.5
2024-07-08 20:29:00,CNR9006961902,Canceled by Driver,CID445605,Prime Sedan,Hebbal,Cox Town,,,Not Applicable,Customer was coughing/sick,Not Applicable,Not Applicable,2216,Not Applicable,0,,
2024-07-06 17:49:00,CNR7481203220,Success,CID615532,eBike,KR Puram,Majestic,210.0,145.0,Not Applicable,Not Applicable,No,Not Applicable,816,Cash,28,3.4,3.8
2024-07-20 12:13:00,CNR6538800953,Success,CID287437,Prime Plus,Banashankari,Rajajinagar,147.0,95.0,Not Applicable,Not Applicable,No,Not Applicable,199,UPI,12,3.2,3.0
2024-07-17 17:07:00,CNR2729251609,Success,CID227189,Prime SUV,KR Puram,Hebbal,252.0,80.0,Not Applicable,Not Applicable,No,Not Applicable,318,UPI,40,4.2,4.3
2024-07-06 04:57:00,CNR7788132541,Success,CID313320,eBike,Electronic City,JP Nagar,168.0,125.0,Not Applicable,Not Applicable,No,Not Applicable,483,UPI,33,3.6,3.5
2024-07-01 18:48:00,CNR6951679613,Canceled by Driver,CID110705,Prime Plus,Hennur,MG Road,,,Not Applicable,Customer was coughing/sick,Not Applicable,Not Applicable,210,Not Applicable,0,,
2024-07-09 02:38:00,CNR1523138577,Success,CID973933,Prime SUV,Marathahalli,Rajarajeshwari Nagar,147.0,145.0,Not Applicable,Not Applicable,No,Not Applicable,343,Cash,39,3.2,4.8
2024-07-10 17:41:00,CNR1852201072,Success,CID416691,eBike,Varthur,Sarjapur Road,98.0,115.0,Not Applicable,Not Applicable,No,Not Applicable,595,Cash,47,4.2,4.9
2024-07-26 14:14:00,CNR4380602537,Success,CID464805,eBike,Rajarajeshwari Nagar,Peenya,189.0,100.0,Not Applicable,Not Applicable,No,Not Applicable,423,Cash,35,3.2,3.4
2024-07-18 01:52:00,CNR2605236134,Success,CID653711,Prime Sedan,Hebbal,Electronic City,259.0,130.0,Not Applicable,Not Applicable,No,Not Applicable,1879,UPI,43,3.9,4.2
2024-07-10 01:28:00,CNR6874256147,Success,CID729378,Mini,Padmanabhanagar,Nagarbhavi,154.0,25.0,Not Applicable,Not Applicable,No,Not Applicable,571,UPI,43,3.1,4.9
2024-07-26 21:13:00,CNR5405212602,Success,CID844980,Prime Plus,Mysore Road,Frazer Town,280.0,130.0,Not Applicable,Not Applicable,No,Not Applicable,815,Cash,9,3.2,4.2
2024-07-28 06:01:00,CNR1381648829,Driver Not Found,CID240155,Mini,Vijayanagar,Majestic,,,Not Applicable,Not Applicable,Not Applicable,Not Applicable,131,Not Applicable,0,,
2024-07-13 11:09:00,CNR4897182761,Success,CID383219,Prime Plus,Kadugodi,Hosur Road,252.0,75.0,Not Applicable,Not Applicable,No,Not Applicable,977,Cash,27,4.5,3.4
2024-07-23 16:23:00,CNR8100270537,Canceled by Driver,CID892492,Prime SUV,Yeshwanthpur,Cox Town,,,Not Applicable,Customer was coughing/sick,Not Applicable,Not Applicable,284,Not Applicable,0,,
2024-07-02 16:30:00,CNR4113359295,Success,CID761458,Prime SUV,JP Nagar,Majestic,98.0,110.0,Not Applicable,Not Applicable,No,Not Applicable,456,Cash,40,4.2,3.8
2024-07-13 07:43:00,CNR2706929590,Success,CID859749,Prime Sedan,Hosur Road,Bellandur,308.0,85.0,Not Applicable,Not Applicable,No,Not Applicable,110,Cash,20,4.9,4.2
2024-07-15 22:51:00,CNR2677728305,Canceled by Customer,CID623477,Prime SUV,RT Nagar,Sahakar Nagar,,,Driver asked to cancel,Not Applicable,Not Applicable,Not Applicable,2281,Not Applicable,0,,
2024-07-15 12:41:00,CNR5751002585,Success,CID905856,Prime Sedan,Yeshwanthpur,Yeshwanthpur,63.0,70.0,Not Applicable,Not Applicable,No,Not Applicable,235,Cash,26,4.9,4.2
2024-07-05 00:24:00,CNR8587088122,Success,CID424333,Bike,Yeshwanthpur,RT Nagar,98.0,30.0,Not Applicable,Not Applicable,No,Not Applicable,868,Cash,18,4.8,4.9
2024-07-11 11:56:00,CNR6841609231,Success,CID628886,Mini,Koramangala,Hennur,259.0,70.0,Not Applicable,Not Applicable,No,Not Applicable,421,Cash,11,3.8,3.5
2024-07-24 01:09:00,CNR6349542797,Success,CID875130,eBike,Cox Town,Marathahalli,154.0,65.0,Not Applicable,Not Applicable,No,Not Applicable,630,UPI,9,3.3,3.3
2024-07-02 15:33:00,CNR3638784635,Success,CID475157,eBike,Whitefield,Hosur Road,273.0,40.0,Not Applicable,Not Applicable,No,Not Applicable,698,UPI,2,4.7,4.1
2024-07-02 23:11:00,CNR3420300559,Success,CID522855,Auto,Marathahalli,Malleshwaram,245.0,145.0,Not Applicable,Not Applicable,No,Not Applicable,466,UPI,11,3.3,3.9
2024-07-04 03:58:00,CNR8722012859,Success,CID592524,eBike,Frazer Town,Hosur Road,308.0,30.0,Not Applicable,Not Applicable,No,Not Applicable,2287,Cash,39,3.5,4.9
2024-07-30 16:06:00,CNR7187027071,Driver Not Found,CID746037,Bike,Sarjapur Road,RT Nagar,,,Not Applicable,Not Applicable,Not Applicable,Not Applicable,2613,Not Applicable,0,,
2024-07-21 14:48:00,CNR9399156866,Canceled by Driver,CID279641,Prime Sedan,Kammanahalli,Chamarajpet,,,Not Applicable,Personal & Car related issue,Not Applicable,Not Applicable,313,Not Applicable,0,,
2024-07-20 04:27:00,CNR1942254181,Success,CID821785,Prime Sedan,Koramangala,Jayanagar,245.0,45.0,Not Applicable,Not Applicable,No,Not Applicable,406,Cash,9,4.6,4.4
2024-07-27 22:06:00,CNR2196629939,Success,CID437929,Auto,Rajajinagar,Hennur,168.0,85.0,Not Applicable,Not Applicable,No,Not Applicable,261,UPI,4,3.1,3.1
2024-07-25 17:01:00,CNR1518607734,Canceled by Driver,CID620856,Auto,Jayanagar,Peenya,,,Not Applicable,Personal & Car related issue,Not Applicable,Not Applicable,400,Not Applicable,0,,
2024-07-14 23:03:00,CNR3239610174,Canceled by Customer,CID889989,Bike,Devanahalli,Koramangala,,,AC is Not working,Not Applicable,Not Applicable,Not Applicable,421,Not Applicable,0,,
2024-07-29 13:17:00,CNR1146453514,Success,CID699617,Prime SUV,HSR Layout,Kadugodi,133.0,60.0,Not Applicable,Not Applicable,Yes,Vehicle Breakdown,702,Cash,24,4.8,3.4
2024-07-18 17:03:00,CNR6171441109,Success,CID741159,Prime Plus,Richmond Town,Ramamurthy Nagar,217.0,100.0,Not Applicable,Not Applicable,No,Not Applicable,820,UPI,11,4.3,4.4
2024-07-16 19:22:00,CNR4752934323,Success,CID638295,Mini,Indiranagar,Sahakar Nagar,168.0,55.0,Not Applicable,Not Applicable,No,Not Applicable,726,Cash,12,4.4,3.8
2024-07-02 20:38:00,CNR6175986519,Success,CID219142,Mini,Hosur Road,Rajarajeshwari Nagar,140.0,100.0,Not Applicable,Not Applicable,No,Not Applicable,691,Cash,13,4.2,3.8
2024-07-24 17:49:00,CNR3565566875,Canceled by Customer,CID517561,Auto,Kadugodi,Sahakar Nagar,,,Wrong Address,Not Applicable,Not Applicable,Not Applicable,261,Not Applicable,0,,
2024-07-10 10:55:00,CNR7713254479,Success,CID380569,Prime SUV,HSR Layout,Bannerghatta Road,252.0,70.0,Not Applicable,Not Applicable,No,Not Applicable,167,Cash,3,5.0,3.5
2024-07-20 13:18:00,CNR4690543968,Success,CID844056,Prime SUV,Whitefield,Sahakar Nagar,175.0,25.0,Not Applicable,Not Applicable,No,Not Applicable,431,Debit Card,33,4.1,3.6
2024-07-16 11:41:00,CNR6478336490,Success,CID500763,eBike,BTM Layout,Rajajinagar,238.0,25.0,Not Applicable,Not Applicable,No,Not Applicable,489,Credit Card,20,4.5,3.5
2024-07-27 06:59:00,CNR7029956279,Success,CID278242,Auto,Magadi Road,Yelahanka,224.0,50.0,Not Applicable,Not Applicable,No,Not Applicable,405,UPI,5,4.4,3.5
2024-07-15 05:33:00,CNR8594141102,Canceled by Customer,CID207193,Prime Sedan,Langford Town,JP Nagar,,,Driver is not moving towards pickup location,Not Applicable,Not Applicable,Not Applicable,925,Not Applicable,0,,
2024-07-20 15:04:00,CNR1133066234,Success,CID496146,Prime SUV,Nagarbhavi,Jayanagar,287.0,135.0,Not Applicable,Not Applicable,No,Not Applicable,196,Cash,36,4.0,3.9
2024-07-24 22:48:00,CNR9040215917,Canceled by Customer,CID873483,Prime SUV,Frazer Town,Kadugodi,,,Driver asked to cancel,Not Applicable,Not Applicable,Not Applicable,139,Not Applicable,0,,
2024-07-13 22:43:00,CNR3959930433,Canceled by Customer,CID435733,Mini,Peenya,Basavanagudi,,,Wrong Address,Not Applicable,Not Applicable,Not Applicable,152,Not Applicable,0,,
2024-07-22 08:57:00,CNR8612480778,Canceled by Driver,CID200356,Prime Sedan,Ulsoor,BTM Layout,,,Not Applicable,More than permitted people in there,Not Applicable,Not Applicable,669,Not Applicable,0,,
2024-07-13 13:07:00,CNR8192335222,Success,CID723515,Bike,Shivajinagar,Kengeri,105.0,75.0,Not Applicable,Not Applicable,No,Not Applicable,103,UPI,9,4.3,3.0
2024-07-04 12:58:00,CNR2900955422,Canceled by Driver,CID309398,eBike,Nagarbhavi,Shivajinagar,,,Not Applicable,Customer was coughing/sick,Not Applicable,Not Applicable,1402,Not Applicable,0,,
2024-07-16 07:37:00,CNR2974604009,Success,CID263563,Mini,Nagarbhavi,Vijayanagar,210.0,100.0,Not Applicable,Not Applicable,No,Not Applicable,305,UPI,23,3.9,3.4
2024-07-08 18:20:00,CNR7431992257,Canceled by Driver,CID326072,Prime Sedan,Whitefield,Nagarbhavi,,,Not Applicable,More than permitted people in there,Not Applicable,Not Applicable,167,Not Applicable,0,,
2024-07-22 15:34:00,CNR8703190559,Success,CID974981,Prime SUV,Koramangala,Chickpet,280.0,120.0,Not Applicable,Not Applicable,No,Not Applicable,130,Cash,11,4.8,5.0
2024-07-22 00:31:00,CNR1211656562,Driver Not Found,CID455236,Bike,Vijayanagar,Magadi Road,,,Not Applicable,Not Applicable,Not Applicable,Not Applicable,2610,Not Applicable,0,,
2024-07-03 14:08:00,CNR1954830685,Success,CID274481,Prime Sedan,Devanahalli,Tumkur Road,105.0,75.0,Not Applicable,Not Applicable,No,Not Applicable,393,Cash,37,4.9,4.7
2024-07-09 04:44:00,CNR9101363981,Canceled by Driver,CID776796,Auto,Majestic,BTM Layout,,,Not Applicable,Personal & Car related issue,Not Applicable,Not Applicable,477,Not Applicable,0,,
2024-07-12 08:31:00,CNR4217158238,Success,CID977785,eBike,JP Nagar,Mysore Road,287.0,50.0,Not Applicable,Not Applicable,No,Not Applicable,243,Cash,1,4.8,3.5
2024-07-16 00:45:00,CNR9418573725,Canceled by Driver,CID953706,Prime Sedan,Rajajinagar,Kengeri,,,Not Applicable,Customer was coughing/sick,Not Applicable,Not Applicable,402,Not Applicable,0,,
2024-07-20 19:49:00,CNR9758891739,Driver Not Found,CID483432,Prime Sedan,Whitefield,Ulsoor,,,Not Applicable,Not Applicable,Not Applicable,Not Applicable,119,Not Applicable,0,,
2024-07-08 00:36:00,CNR3118862165,Canceled by Customer,CID440461,Bike,Shivajinagar,Tumkur Road,,,Wrong Address,Not Applicable,Not Applicable,Not Applicable,640,Not Applicable,0,,
2024-07-15 06:50:00,CNR1209731533,Canceled by Driver,CID565701,Mini,Varthur,Marathahalli,,,Not Applicable,Customer related issue,Not Applicable,Not Applicable,266,Not Applicable,0,,
2024-07-27 19:16:00,CNR6749139821,Canceled by Customer,CID153483,Prime Sedan,Majestic,Langford Town,,,AC is Not working,Not Applicable,Not Applicable,Not Applicable,2911,Not Applicable,0,,
2024-07-28 23:53:00,CNR4285646251,Success,CID143803,Bike,Vijayanagar,Varthur,287.0,80.0,Not Applicable,Not Applicable,No,Not Applicable,696,UPI,49,3.3,3.5
2024-07-22 01:29:00,CNR2006473939,Success,CID381957,Bike,Sahakar Nagar,Sahakar Nagar,63.0,75.0,Not Applicable,Not Applicable,No,Not Applicable,419,Cash,40,4.6,3.7
2024-07-01 06:48:00,CNR1094288886,Driver Not Found,CID361933,eBike,Cox Town,Kammanahalli,,,Not Applicable,Not Applicable,Not Applicable,Not Applicable,337,Not Applicable,0,,
2024-07-11 14:17:00,CNR5281944592,Canceled by Driver,CID609418,eBike,Indiranagar,Marathahalli,,,Not Applicable,Customer was coughing/sick,Not Applicable,Not Applicable,712,Not Applicable,0,,
2024-07-10 15:08:00,CNR1570203055,Success,CID568459,Prime Plus,JP Nagar,Bannerghatta Road,189.0,35.0,Not Applicable,Not Applicable,No,Not Applicable,158,UPI,6,3.4,3.3
2024-07-08 06:38:00,CNR7053680128,Success,CID100709,Bike,Malleshwaram,Sarjapur Road,294.0,95.0,Not Applicable,Not Applicable,No,Not Applicable,367,Cash,1,3.1,4.8
2024-07-15 19:51:00,CNR4126443752,Success,CID640925,Bike,Hulimavu,Hebbal,301.0,65.0,Not Applicable,Not Applicable,No,Not Applicable,207,UPI,27,4.6,3.2
2024-07-20 17:29:00,CNR6771390285,Success,CID156041,Prime Plus,Hulimavu,Magadi Road,217.0,35.0,Not Applicable,Not Applicable,No,Not Applicable,117,UPI,22,3.3,4.3
2024-07-15 16:18:00,CNR7133939666,Canceled by Customer,CID345799,Auto,Whitefield,Peenya,,,Driver is not moving towards pickup location,Not Applicable,Not Applicable,Not Applicable,193,Not Applicable,0,,
2024-07-27 20:33:00,CNR2338349389,Canceled by Driver,CID356133,Prime SUV,Kammanahalli,Rajajinagar,,,Not Applicable,Personal & Car related issue,Not Applicable,Not Applicable,482,Not Applicable,0,,
2024-07-06 08:38:00,CNR9392782818,Success,CID216421,Mini,Shantinagar,Shantinagar,301.0,50.0,Not Applicable,Not Applicable,No,Not Applicable,491,UPI,7,4.6,3.1
2024-07-09 22:50:00,CNR7360833554,Canceled by Customer,CID468551,eBike,KR Puram,Basavanagudi,,,Change of plans,Not Applicable,Not Applicable,Not Applicable,190,Not Applicable,0,,
2024-07-18 21:31:00,CNR2390868897,Success,CID789523,Prime Plus,Sarjapur Road,Rajarajeshwari Nagar,259.0,80.0,Not Applicable,Not Applicable,No,Not Applicable,403,UPI,15,4.7,3.3
2024-07-04 03:28:00,CNR4149503921,Success,CID329174,eBike,Devanahalli,HSR Layout,301.0,125.0,Not Applicable,Not Applicable,No,Not Applicable,289,UPI,21,4.3,3.8
2024-07-23 22:12:00,CNR4281992762,Driver Not Found,CID838330,Auto,Cox Town,RT Nagar,,,Not Applicable,Not Applicable,Not Applicable,Not Applicable,154,Not Applicable,0,,
2024-07-07 08:40:00,CNR1128278884,Success,CID897572,Mini,Varthur,Electronic City,287.0,40.0,Not Applicable,Not Applicable,No,Not Applicable,390,Cash,15,3.9,4.9
2024-07-18 14:22:00,CNR9199077945,Canceled by Driver,CID171688,Mini,Koramangala,Rajarajeshwari Nagar,,,Not Applicable,Customer related issue,Not Applicable,Not Applicable,177,Not Applicable,0,,
2024-07-15 00:30:00,CNR3440685015,Success,CID624081,Auto,Bannerghatta Road,Bellandur,308.0,25.0,Not Applicable,Not Applicable,No,Not Applicable,221,Cash,6,3.8,4.4
2024-07-13 20:13:00,CNR3557230167,Success,CID923134,Prime Sedan,Richmond Town,Vijayanagar,70.0,40.0,Not Applicable,Not Applicable,No,Not Applicable,358,UPI,33,3.2,4.5
2024-07-03 09:59:00,CNR6480398326,Success,CID203010,Prime Plus,Indiranagar,Mysore Road,133.0,95.0,Not Applicable,Not Applicable,No,Not Applicable,195,Cash,15,4.2,4.3
2024-07-12 16:15:00,CNR5799416574,Success,CID836323,Bike,Majestic,Jayanagar,273.0,130.0,Not Applicable,Not Applicable,No,Not Applicable,457,UPI,48,4.5,3.6
2024-07-25 00:17:00,CNR9916349103,Success,CID413903,Prime Plus,Hennur,Kadugodi,287.0,55.0,Not Applicable,Not Applicable,No,Not Applicable,441,UPI,39,4.5,5.0
2024-07-11 21:15:00,CNR7990412152,Success,CID999348,Auto,Chickpet,JP Nagar,98.0,115.0,Not Applicable,Not Applicable,No,Not Applicable,137,UPI,3,4.9,4.1
2024-07-26 08:10:00,CNR9263909680,Success,CID983109,Prime SUV,Hosur Road,Shivajinagar,280.0,100.0,Not Applicable,Not Applicable,No,Not Applicable,291,UPI,47,3.2,3.9
2024-07-12 06:59:00,CNR1738843088,Success,CID401854,Bike,Basavanagudi,Peenya,182.0,60.0,Not Applicable,Not Applicable,No,Not Applicable,456,Cash,14,3.9,3.3
2024-07-27 18:57:00,CNR4583931010,Driver Not Found,CID148250,Auto,Sarjapur Road,Nagarbhavi,,,Not Applicable,Not Applicable,Not Applicable,Not Applicable,542,Not Applicable,0,,
2024-07-01 17:20:00,CNR2666327881,Success,CID690816,Prime Sedan,Ramamurthy Nagar,Malleshwaram,259.0,50.0,Not Applicable,Not Applicable,No,Not Applicable,428,UPI,28,4.2,3.1
2024-07-15 17:06:00,CNR7511598020,Canceled by Customer,CID697608,Prime SUV,KR Puram,Banashankari,,,AC is Not working,Not Applicable,Not Applicable,Not Applicable,486,Not Applicable,0,,
2024-07-13 06:46:00,CNR3558596886,Success,CID790962,Auto,BTM Layout,Hosur Road,252.0,140.0,Not Applicable,Not Applicable,No,Not Applicable,1515,UPI,7,4.0,3.1
2024-07-18 10:08:00,CNR5965730005,Success,CID798658,Prime Plus,Nagarbhavi,Langford Town,238.0,40.0,Not Applicable,Not Applicable,No,Not Applicable,447,Cash,46,4.1,3.3
2024-07-23 23:11:00,CNR1698294128,Success,CID401685,Prime SUV,Padmanabhanagar,Marathahalli,196.0,25.0,Not Applicable,Not Applicable,No,Not Applicable,758,Cash,29,3.8,4.6
2024-07-16 15:25:00,CNR7039365960,Success,CID634078,Bike,Devanahalli,Rajarajeshwari Nagar,175.0,120.0,Not Applicable,Not Applicable,No,Not Applicable,211,Cash,5,3.4,5.0
2024-07-07 21:45:00,CNR2078574039,Success,CID534430,Prime Plus,Sarjapur Road,Indiranagar,105.0,120.0,Not Applicable,Not Applicable,No,Not Applicable,365,Cash,4,3.2,3.2
2024-07-13 23:42:00,CNR9230173721,Success,CID687777,Prime SUV,Jayanagar,Padmanabhanagar,42.0,85.0,Not Applicable,Not Applicable,No,Not Applicable,469,Debit Card,31,3.2,3.9
2024-07-11 07:14:00,CNR7076476519,Success,CID337100,Auto,Frazer Town,Vijayanagar,112.0,80.0,Not Applicable,Not Applicable,No,Not Applicable,491,Cash,9,3.1,3.9
2024-07-14 13:07:00,CNR7151753688,Driver Not Found,CID897573,Mini,Cox Town,Bellandur,,,Not Applicable,Not Applicable,Not Applicable,Not Applicable,581,Not Applicable,0,,
2024-07-20 08:59:00,CNR4458825204,Driver Not Found,CID166793,Auto,Hulimavu,Ramamurthy Nagar,,,Not Applicable,Not Applicable,Not Applicable,Not Applicable,157,Not Applicable,0,,
2024-07-06 07:28:00,CNR6986250195,Success,CID707543,Mini,KR Puram,Mysore Road,210.0,130.0,Not Applicable,Not Applicable,No,Not Applicable,323,Cash,16,4.6,4.0
2024-07-29 11:18:00,CNR1371946584,Success,CID532049,Prime Sedan,Chamarajpet,Sahakar Nagar,301.0,25.0,Not Applicable,Not Applicable,No,Not Applicable,185,Cash,23,4.6,3.9
2024-07-02 18:15:00,CNR4641228766,Canceled by Driver,CID361517,eBike,Yeshwanthpur,Mysore Road,,,Not Applicable,Personal & Car related issue,Not Applicable,Not Applicable,922,Not Applicable,0,,
2024-07-23 07:01:00,CNR5059992347,Canceled by Driver,CID628439,Auto,HSR Layout,Indiranagar,,,Not Applicable,Customer related issue,Not Applicable,Not Applicable,1898,Not Applicable,0,,
2024-07-30 13:07:00,CNR4263440094,Success,CID702344,Bike,Hennur,Tumkur Road,238.0,120.0,Not Applicable,Not Applicable,Yes,Other Issue,2333,Cash,19,3.2,4.9
2024-07-20 13:47:00,CNR8593097797,Success,CID424184,Bike,Varthur,Electronic City,287.0,40.0,Not Applicable,Not Applicable,No,Not Applicable,193,Cash,19,3.5,4.7
2024-07-08 17:15:00,CNR8984252125,Success,CID407603,Prime SUV,Koramangala,RT Nagar,287.0,70.0,Not Applicable,Not Applicable,Yes,Customer Demand,359,Debit Card,5,3.8,4.7
2024-07-01 05:31:00,CNR3356150672,Canceled by Customer,CID523183,Prime SUV,Cox Town,Ulsoor,,,Change of plans,Not Applicable,Not Applicable,Not Applicable,470,Not Applicable,0,,
2024-07-22 12:01:00,CNR3998604553,Success,CID204081,Prime Sedan,Bellandur,Rajajinagar,154.0,140.0,Not Applicable,Not Applicable,No,Not Applicable,384,Cash,36,4.7,3.1
2024-07-04 08:58:00,CNR7166035376,Success,CID799621,Prime Sedan,Koramangala,Kammanahalli,308.0,140.0,Not Applicable,Not Applicable,No,Not Applicable,129,Cash,22,5.0,4.1
2024-07-14 11:14:00,CNR3713352374,Success,CID192077,Bike,Rajajinagar,Hulimavu,238.0,120.0,Not Applicable,Not Applicable,No,Not Applicable,183,UPI,22,4.7,4.4
2024-07-21 14:07:00,CNR1471926383,Canceled by Driver,CID597468,Prime Sedan,RT Nagar,Hosur Road,,,Not Applicable,Customer related issue,Not Applicable,Not Applicable,295,Not Applicable,0,,
2024-07-06 22:34:00,CNR2613310718,Success,CID350065,eBike,Kengeri,Rajajinagar,147.0,125.0,Not Applicable,Not Applicable,No,Not Applicable,402,Cash,19,3.4,4.9
2024-07-17 07:26:00,CNR7839007812,Success,CID559113,Prime Sedan,Ramamurthy Nagar,Devanahalli,98.0,140.0,Not Applicable,Not Applicable,No,Not Applicable,1246,UPI,12,4.1,4.3
2024-07-03 06:12:00,CNR9558196354,Success,CID584100,Prime Sedan,BTM Layout,Vijayanagar,182.0,25.0,Not Applicable,Not Applicable,No,Not Applicable,109,Cash,46,4.6,3.6
2024-07-26 08:15:00,CNR3673699269,Driver Not Found,CID331819,eBike,Hulimavu,Magadi Road,,,Not Applicable,Not Applicable,Not Applicable,Not Applicable,994,Not Applicable,0,,
2024-07-18 19:12:00,CNR3604435720,Success,CID483904,Prime SUV,KR Puram,Rajarajeshwari Nagar,91.0,85.0,Not Applicable,Not Applicable,No,Not Applicable,159,Cash,22,4.8,3.4
2024-07-15 21:14:00,CNR1090233023,Success,CID717916,Auto,Magadi Road,Marathahalli,308.0,115.0,Not Applicable,Not Applicable,No,Not Applicable,2460,UPI,14,4.3,3.7
2024-07-02 07:06:00,CNR3058287811,Canceled by Driver,CID698682,Mini,Ramamurthy Nagar,Chamarajpet,,,Not Applicable,Personal & Car related issue,Not Applicable,Not Applicable,148,Not Applicable,0,,
2024-07-05 15:17:00,CNR3542203151,Success,CID720157,Mini,Bellandur,Frazer Town,259.0,50.0,Not Applicable,Not Applicable,No,Not Applicable,167,Cash,33,4.8,3.3
2024-07-25 05:41:00,CNR4588917306,Success,CID730880,Bike,Shantinagar,Shantinagar,252.0,80.0,Not Applicable,Not Applicable,No,Not Applicable,992,UPI,44,3.4,3.2
2024-07-20 23:00:00,CNR2098922099,Success,CID453695,Bike,Devanahalli,Chamarajpet,287.0,80.0,Not Applicable,Not Applicable,No,Not Applicable,934,Cash,6,4.2,4.6
2024-07-19 08:37:00,CNR3961896110,Success,CID371345,Bike,Richmond Town,Yelahanka,245.0,25.0,Not Applicable,Not Applicable,No,Not Applicable,430,Cash,12,4.9,4.8
2024-07-13 07:26:00,CNR9064300909,Success,CID294835,eBike,Kammanahalli,Peenya,84.0,45.0,Not Applicable,Not Applicable,No,Not Applicable,222,UPI,40,4.8,4.1
2024-07-20 05:07:00,CNR5138760135,Success,CID726148,Prime Plus,JP Nagar,Cox Town,287.0,75.0,Not Applicable,Not Applicable,No,Not Applicable,2286,UPI,47,4.0,4.2
2024-07-29 08:31:00,CNR9338729210,Driver Not Found,CID617758,Prime Plus,Shivajinagar,Rajajinagar,,,Not Applicable,Not Applicable,Not Applicable,Not Applicable,2983,Not Applicable,0,,
2024-07-20 08:47:00,CNR9659992929,Canceled by Customer,CID516987,Mini,JP Nagar,Shivajinagar,,,Driver asked to cancel,Not Applicable,Not Applicable,Not Applicable,294,Not Applicable,0,,
2024-07-22 17:39:00,CNR7611775965,Canceled by Customer,CID854026,Prime Sedan,Chamarajpet,Electronic City,,,Change of plans,Not Applicable,Not Applicable,Not Applicable,867,Not Applicable,0,,
2024-07-09 21:33:00,CNR2848646226,Driver Not Found,CID360525,Mini,Ulsoor,Jayanagar,,,Not Applicable,Not Applicable,Not Applicable,Not Applicable,647,Not Applicable,0,,
2024-07-20 08:37:00,CNR3074944158,Success,CID609614,Prime Sedan,HSR Layout,JP Nagar,259.0,65.0,Not Applicable,Not Applicable,No,Not Applicable,153,Cash,35,4.0,3.4
2024-07-18 01:05:00,CNR4537060682,Canceled by Driver,CID147818,Prime Sedan,Malleshwaram,Tumkur Road,,,Not Applicable,Personal & Car related issue,Not Applicable,Not Applicable,1156,Not Applicable,0,,
2024-07-23 19:46:00,CNR7719114551,Driver Not Found,CID932957,eBike,Tumkur Road,Koramangala,,,Not Applicable,Not Applicable,Not Applicable,Not Applicable,690,Not Applicable,0,,
2024-07-23 22:48:00,CNR3377724314,Canceled by Driver,CID103178,Mini,Chickpet,Chamarajpet,,,Not Applicable,Personal & Car related issue,Not Applicable,Not Applicable,699,Not Applicable,0,,
2024-07-03 07:47:00,CNR9335081893,Success,CID429871,Mini,Tumkur Road,Bannerghatta Road,175.0,50.0,Not Applicable,Not Applicable,Yes,Customer Demand,237,Cash,35,4.1,3.3
2024-07-04 07:08:00,CNR7296317127,Canceled by Driver,CID762706,eBike,RT Nagar,Cox Town,,,Not Applicable,Customer related issue,Not Applicable,Not Applicable,248,Not Applicable,0,,
2024-07-29 21:17:00,CNR7265084605,Success,CID670578,Prime Plus,Hebbal,MG Road,154.0,35.0,Not Applicable,Not Applicable,No,Not Applicable,341,Cash,46,3.4,4.4
2024-07-22 14:18:00,CNR9997027776,Canceled by Customer,CID382654,Prime SUV,KR Puram,Banashankari,,,Driver asked to cancel,Not Applicable,Not Applicable,Not Applicable,238,Not Applicable,0,,
2024-07-02 04:19:00,CNR6613431510,Canceled by Customer,CID348295,Auto,Magadi Road,Mysore Road,,,Driver is not moving towards pickup location,Not Applicable,Not Applicable,Not Applicable,185,Not Applicable,0,,
2024-07-17 04:29:00,CNR6699724406,Success,CID707416,eBike,Shantinagar,Tumkur Road,301.0,25.0,Not Applicable,Not Applicable,No,Not Applicable,549,Cash,22,3.6,3.2
2024-07-21 01:03:00,CNR3998519821,Success,CID985199,Auto,Koramangala,Magadi Road,42.0,85.0,Not Applicable,Not Applicable,No,Not Applicable,300,UPI,1,3.4,3.7
2024-07-17 15:21:00,CNR2137155885,Driver Not Found,CID196848,eBike,Tumkur Road,Rajajinagar,,,Not Applicable,Not Applicable,Not Applicable,Not Applicable,169,Not Applicable,0,,
2024-07-25 06:06:00,CNR1857190529,Driver Not Found,CID579480,Prime Plus,Basavanagudi,Basavanagudi,,,Not Applicable,Not Applicable,Not Applicable,Not Applicable,979,Not Applicable,0,,
2024-07-15 14:02:00,CNR1160253086,Canceled by Customer,CID175825,Prime SUV,Chamarajpet,Yelahanka,,,Wrong Address,Not Applicable,Not Applicable,Not Applicable,404,Not Applicable,0,,
2024-07-22 21:09:00,CNR3027940204,Canceled by Driver,CID102544,eBike,Ulsoor,Rajarajeshwari Nagar,,,Not Applicable,Customer was coughing/sick,Not Applicable,Not Applicable,376,Not Applicable,0,,
2024-07-05 06:56:00,CNR8614251686,Success,CID264819,Auto,Malleshwaram,Banashankari,105.0,100.0,Not Applicable,Not Applicable,No,Not Applicable,182,Cash,4,3.0,3.9
2024-07-03 14:34:00,CNR3321169525,Success,CID204370,Prime Plus,Rajajinagar,Yelahanka,210.0,60.0,Not Applicable,Not Applicable,No,Not Applicable,966,Cash,15,4.1,3.9
2024-07-10 03:02:00,CNR6460720132,Canceled by Driver,CID488969,Bike,Jayanagar,Varthur,,,Not Applicable,Customer related issue,Not Applicable,Not Applicable,533,Not Applicable,0,,
2024-07-06 07:58:00,CNR4988129093,Success,CID161644,Bike,Chickpet,RT Nagar,161.0,45.0,Not Applicable,Not Applicable,No,Not Applicable,108,Cash,31,3.5,4.9
2024-07-01 09:53:00,CNR6592238573,Success,CID601930,Auto,Hulimavu,Peenya,252.0,115.0,Not Applicable,Not Applicable,No,Not Applicable,163,Debit Card,19,3.5,3.5
2024-07-18 14:10:00,CNR6348395596,Canceled by Customer,CID298062,eBike,Electronic City,Bellandur,,,Driver is not moving towards pickup location,Not Applicable,Not Applicable,Not Applicable,751,Not Applicable,0,,
2024-07-21 00:39:00,CNR8626290920,Success,CID262237,Prime Plus,Indiranagar,Yelahanka,238.0,60.0,Not Applicable,Not Applicable,No,Not Applicable,499,UPI,28,3.7,4.3
2024-07-24 21:44:00,CNR3541444429,Driver Not Found,CID448058,Auto,Magadi Road,Varthur,,,Not Applicable,Not Applicable,Not Applicable,Not Applicable,214,Not Applicable,0,,
2024-07-20 10:43:00,CNR3812716690,Success,CID271483,Prime Sedan,Tumkur Road,Whitefield,35.0,135.0,Not Applicable,Not Applicable,No,Not Applicable,2979,Cash,38,3.5,4.2
2024-07-29 12:19:00,CNR1449509000,Canceled by Driver,CID916571,eBike,Koramangala,RT Nagar,,,Not Applicable,Personal & Car related issue,Not Applicable,Not Applicable,189,Not Applicable,0,,
2024-07-02 13:06:00,CNR3282886415,Canceled by Customer,CID280662,Prime Sedan,Richmond Town,Sahakar Nagar,,,AC is Not working,Not Applicable,Not Applicable,Not Applicable,151,Not Applicable,0,,
2024-07-19 18:36:00,CNR2779903164,Canceled by Driver,CID513389,Mini,Frazer Town,Magadi Road,,,Not Applicable,More than permitted people in there,Not Applicable,Not Applicable,362,Not Applicable,0,,
2024-07-05 13:08:00,CNR3670053063,Success,CID763331,Mini,Electronic City,Frazer Town,161.0,65.0,Not Applicable,Not Applicable,No,Not Applicable,180,Cash,3,3.6,3.8
2024-07-29 11:42:00,CNR7606403581,Driver Not Found,CID593092,Mini,Kadugodi,Malleshwaram,,,Not Applicable,Not Applicable,Not Applicable,Not Applicable,433,Not Applicable,0,,
2024-07-09 15:39:00,CNR4539797192,Success,CID989874,Prime SUV,Nagarbhavi,Sarjapur Road,63.0,50.0,Not Applicable,Not Applicable,Yes,Other Issue,1179,UPI,23,3.4,4.2
2024-07-06 18:58:00,CNR4156338609,Success,CID328201,Mini,Frazer Town,Rajarajeshwari Nagar,301.0,60.0,Not Applicable,Not Applicable,No,Not Applicable,113,UPI,49,4.5,4.1
2024-07-10 04:45:00,CNR2644619446,Success,CID324416,Mini,Marathahalli,Padmanabhanagar,266.0,90.0,Not Applicable,Not Applicable,No,Not Applicable,236,Cash,16,4.2,4.4
2024-07-27 01:26:00,CNR8590373170,Success,CID105038,Prime SUV,Rajajinagar,Rajarajeshwari Nagar,301.0,50.0,Not Applicable,Not Applicable,No,Not Applicable,753,Cash,49,3.8,3.9
2024-07-05 21:19:00,CNR5757402291,Canceled by Customer,CID586822,Prime SUV,Chickpet,Tumkur Road,,,Driver asked to cancel,Not Applicable,Not Applicable,Not Applicable,389,Not Applicable,0,,
2024-07-25 00:33:00,CNR6162892300,Success,CID813133,Mini,Indiranagar,Mysore Road,133.0,110.0,Not Applicable,Not Applicable,No,Not Applicable,312,Cash,43,3.6,3.9
2024-07-03 07:49:00,CNR8109329982,Success,CID699827,Prime Sedan,MG Road,Peenya,63.0,130.0,Not Applicable,Not Applicable,No,Not Applicable,2891,UPI,26,4.5,4.5
2024-07-11 23:15:00,CNR5706213878,Success,CID971587,Bike,Indiranagar,Electronic City,70.0,120.0,Not Applicable,Not Applicable,No,Not Applicable,239,UPI,27,4.7,3.7
2024-07-16 08:31:00,CNR8861765665,Success,CID569470,Auto,Vijayanagar,Kammanahalli,77.0,90.0,Not Applicable,Not Applicable,No,Not Applicable,181,Cash,19,3.5,3.3
2024-07-28 23:01:00,CNR4713241909,Canceled by Driver,CID585149,Prime Plus,Vijayanagar,Rajarajeshwari Nagar,,,Not Applicable,Customer was coughing/sick,Not Applicable,Not Applicable,992,Not Applicable,0,,
2024-07-14 23:12:00,CNR4646880954,Success,CID193761,Prime SUV,Tumkur Road,MG Road,126.0,80.0,Not Applicable,Not Applicable,Yes,Customer Demand,972,Cash,5,3.5,3.7
2024-07-18 14:19:00,CNR3151208243,Canceled by Customer,CID358862,Prime Sedan,Nagarbhavi,HSR Layout,,,Driver is not moving towards pickup location,Not Applicable,Not Applicable,Not Applicable,887,Not Applicable,0,,
2024-07-05 14:35:00,CNR7336123832,Success,CID736457,Mini,Hebbal,Sahakar Nagar,56.0,105.0,Not Applicable,Not Applicable,No,Not Applicable,445,UPI,36,3.8,4.4
2024-07-24 11:52:00,CNR4225865871,Success,CID694705,Auto,Sahakar Nagar,Magadi Road,84.0,75.0,Not Applicable,Not Applicable,No,Not Applicable,334,Cash,18,4.3,3.6
2024-07-22 23:36:00,CNR2070556436,Success,CID150207,Auto,Shivajinagar,Shantinagar,189.0,65.0,Not Applicable,Not Applicable,No,Not Applicable,377,Cash,11,3.2,4.1
2024-07-08 11:22:00,CNR3317981560,Success,CID513032,eBike,Basavanagudi,Majestic,238.0,100.0,Not Applicable,Not Applicable,No,Not Applicable,492,Cash,16,4.3,3.1
2024-07-21 12:19:00,CNR5060993351,Success,CID561782,Prime Sedan,Tumkur Road,Shivajinagar,238.0,70.0,Not Applicable,Not Applicable,No,Not Applicable,1516,UPI,6,3.2,3.6
2024-07-07 05:47:00,CNR1253488047,Success,CID667795,Bike,BTM Layout,Padmanabhanagar,203.0,115.0,Not Applicable,Not Applicable,No,Not Applicable,944,Cash,49,4.8,4.1
2024-07-16 08:18:00,CNR3594263020,Success,CID971819,Bike,Whitefield,Nagarbhavi,112.0,125.0,Not Applicable,Not Applicable,No,Not Applicable,406,Cash,29,4.0,5.0
2024-07-05 18:37:00,CNR6991975480,Success,CID592332,Prime SUV,Hebbal,Hennur,231.0,60.0,Not Applicable,Not Applicable,No,Not Applicable,349,Cash,13,4.2,3.7
2024-07-29 01:52:00,CNR4668104044,Success,CID950129,Prime Sedan,Banashankari,Electronic City,210.0,140.0,Not Applicable,Not Applicable,No,Not Applicable,248,Cash,19,3.3,4.0
2024-07-01 00:10:00,CNR1268342223,Success,CID975818,Bike,Basavanagudi,Frazer Town,273.0,145.0,Not Applicable,Not Applicable,No,Not Applicable,414,UPI,14,3.8,4.2
2024-07-25 18:11:00,CNR4926355140,Success,CID746584,Prime SUV,RT Nagar,Padmanabhanagar,126.0,135.0,Not Applicable,Not Applicable,No,Not Applicable,342,UPI,44,4.4,3.2
2024-07-04 03:03:00,CNR1381885039,Success,CID762806,Mini,Majestic,Kengeri,203.0,75.0,Not Applicable,Not Applicable,No,Not Applicable,470,UPI,14,4.9,4.3
2024-07-11 11:46:00,CNR3433653439,Success,CID348965,Prime SUV,Yeshwanthpur,Banashankari,301.0,50.0,Not Applicable,Not Applicable,No,Not Applicable,110,Credit Card,46,5.0,4.2
2024-07-22 02:19:00,CNR9389450948,Canceled by Driver,CID951407,eBike,Hosur Road,Magadi Road,,,Not Applicable,Personal & Car related issue,Not Applicable,Not Applicable,874,Not Applicable,0,,
2024-07-04 17:22:00,CNR7854905248,Canceled by Driver,CID417367,Prime Sedan,Kammanahalli,Kammanahalli,,,Not Applicable,Personal & Car related issue,Not Applicable,Not Applicable,1529,Not Applicable,0,,
2024-07-27 12:23:00,CNR1077999230,Success,CID281985,Bike,Malleshwaram,Ramamurthy Nagar,203.0,145.0,Not Applicable,Not Applicable,No,Not Applicable,469,Debit Card,14,4.7,3.8
2024-07-20 09:37:00,CNR2855829981,Success,CID919265,Auto,JP Nagar,Cox Town,196.0,50.0,Not Applicable,Not Applicable,No,Not Applicable,838,UPI,10,3.7,3.6
2024-07-23 23:35:00,CNR8592330266,Canceled by Driver,CID526065,Prime Sedan,Sahakar Nagar,Tumkur Road,,,Not Applicable,Customer was coughing/sick,Not Applicable,Not Applicable,495,Not Applicable,0,,
2024-07-15 09:36:00,CNR3892098609,Success,CID367064,Mini,Devanahalli,Padmanabhanagar,203.0,80.0,Not Applicable,Not Applicable,No,Not Applicable,767,Cash,14,4.6,3.0
2024-07-03 04:03:00,CNR6552054502,Success,CID201817,Bike,Chamarajpet,KR Puram,168.0,45.0,Not Applicable,Not Applicable,No,Not Applicable,789,Cash,8,4.1,4.9
2024-07-06 22:29:00,CNR2977960735,Canceled by Driver,CID138224,Prime Sedan,Varthur,Frazer Town,,,Not Applicable,Customer was coughing/sick,Not Applicable,Not Applicable,434,Not Applicable,0,,
2024-07-03 11:11:00,CNR1806864844,Success,CID982790,Mini,Padmanabhanagar,Kengeri,42.0,95.0,Not Applicable,Not Applicable,No,Not Applicable,250,UPI,5,3.6,4.9
2024-07-22 09:30:00,CNR9189932637,Driver Not Found,CID687589,Mini,Padmanabhanagar,Chamarajpet,,,Not Applicable,Not Applicable,Not Applicable,Not Applicable,443,Not Applicable,0,,
2024-07-10 08:59:00,CNR8522213685,Canceled by Customer,CID523202,Mini,Whitefield,Mysore Road,,,Change of plans,Not Applicable,Not Applicable,Not Applicable,265,Not Applicable,0,,
2024-07-18 17:25:00,CNR1795883634,Success,CID406331,eBike,Koramangala,Magadi Road,140.0,25.0,Not Applicable,Not Applicable,No,Not Applicable,396,UPI,28,4.7,3.5
2024-07-12 19:10:00,CNR1225400593,Canceled by Customer,CID544120,Auto,Whitefield,Hulimavu,,,AC is Not working,Not Applicable,Not Applicable,Not Applicable,892,Not Applicable,0,,
2024-07-18 16:07:00,CNR9564765401,Driver Not Found,CID162825,eBike,Hebbal,Chickpet,,,Not Applicable,Not Applicable,Not Applicable,Not Applicable,951,Not Applicable,0,,
2024-07-18 06:24:00,CNR2126671136,Canceled by Driver,CID153171,Prime Plus,Cox Town,Shantinagar,,,Not Applicable,Customer related issue,Not Applicable,Not Applicable,343,Not Applicable,0,,
2024-07-28 00:37:00,CNR1625540787,Success,CID736456,Bike,Indiranagar,Jayanagar,294.0,45.0,Not Applicable,Not Applicable,No,Not Applicable,305,UPI,43,5.0,3.4
2024-07-10 04:40:00,CNR5109959104,Success,CID630944,Prime Plus,Sahakar Nagar,Peenya,56.0,75.0,Not Applicable,Not Applicable,No,Not Applicable,496,Cash,17,4.3,5.0
2024-07-19 01:25:00,CNR8152929403,Success,CID928729,Auto,Varthur,Kammanahalli,189.0,105.0,Not Applicable,Not Applicable,No,Not Applicable,206,Cash,14,4.0,3.7
2024-07-12 03:41:00,CNR5276522743,Success,CID597580,Mini,Hosur Road,Devanahalli,63.0,145.0,Not Applicable,Not Applicable,No,Not Applicable,445,Cash,7,3.0,3.5
2024-07-19 15:03:00,CNR2804152710,Canceled by Driver,CID705662,Prime Sedan,Kengeri,Tumkur Road,,,Not Applicable,Personal & Car related issue,Not Applicable,Not Applicable,987,Not Applicable,0,,
2024-07-27 14:11:00,CNR1750809653,Canceled by Driver,CID668326,Prime Sedan,Banashankari,Marathahalli,,,Not Applicable,Customer related issue,Not Applicable,Not Applicable,236,Not Applicable,0,,
2024-07-14 08:14:00,CNR8342112861,Driver Not Found,CID234632,Mini,Vijayanagar,Mysore Road,,,Not Applicable,Not Applicable,Not Applicable,Not Applicable,273,Not Applicable,0,,
2024-07-06 16:37:00,CNR4791953415,Canceled by Customer,CID713053,Auto,Koramangala,Devanahalli,,,Driver asked to cancel,Not Applicable,Not Applicable,Not Applicable,204,Not Applicable,0,,
2024-07-07 10:19:00,CNR6375941289,Success,CID302445,Prime Plus,Rajarajeshwari Nagar,Yelahanka,140.0,135.0,Not Applicable,Not Applicable,No,Not Applicable,390,Cash,42,4.5,3.9
2024-07-16 20:27:00,CNR4013521498,Success,CID426410,Bike,Sarjapur Road,Rajajinagar,182.0,85.0,Not Applicable,Not Applicable,No,Not Applicable,203,UPI,30,3.3,4.1
2024-07-16 19:18:00,CNR7144536158,Success,CID187621,Prime Plus,Jayanagar,Kammanahalli,245.0,40.0,Not Applicable,Not Applicable,No,Not Applicable,112,UPI,26,3.7,4.8
2024-07-18 19:24:00,CNR5765663826,Driver Not Found,CID834314,Auto,Chickpet,Whitefield,,,Not Applicable,Not Applicable,Not Applicable,Not Applicable,815,Not Applicable,0,,
2024-07-01 14:38:00,CNR8218828783,Success,CID779070,Prime Plus,Chamarajpet,Shivajinagar,280.0,120.0,Not Applicable,Not Applicable,No,Not Applicable,483,Debit Card,44,4.7,4.4
2024-07-26 02:37:00,CNR8568982016,Success,CID517329,Auto,BTM Layout,Marathahalli,161.0,40.0,Not Applicable,Not Applicable,No,Not Applicable,341,UPI,11,4.5,4.5
2024-07-17 08:09:00,CNR4163772144,Canceled by Driver,CID532401,Prime SUV,Indiranagar,Tumkur Road,,,Not Applicable,Personal & Car related issue,Not Applicable,Not Applicable,288,Not Applicable,0,,
2024-07-20 13:08:00,CNR7618379428,Success,CID450110,Auto,Bannerghatta Road,Langford Town,91.0,50.0,Not Applicable,Not Applicable,No,Not Applicable,335,Cash,3,3.8,4.0
2024-07-10 10:39:00,CNR3674170489,Canceled by Driver,CID827462,Bike,Frazer Town,Hennur,,,Not Applicable,Personal & Car related issue,Not Applicable,Not Applicable,243,Not Applicable,0,,
2024-07-26 16:57:00,CNR5307994616,Canceled by Driver,CID201426,Prime SUV,HSR Layout,Banashankari,,,Not Applicable,More than permitted people in there,Not Applicable,Not Applicable,437,Not Applicable,0,,
2024-07-04 00:32:00,CNR3872952673,Success,CID967665,Prime SUV,Whitefield,Sarjapur Road,49.0,35.0,Not Applicable,Not Applicable,No,Not Applicable,337,Cash,21,4.6,3.2
2024-07-19 07:50:00,CNR2050989894,Canceled by Customer,CID765806,Bike,Bannerghatta Road,Rajajinagar,,,Driver is not moving towards pickup location,Not Applicable,Not Applicable,Not Applicable,572,Not Applicable,0,,
2024-07-21 08:13:00,CNR8737673496,Driver Not Found,CID637905,eBike,Yeshwanthpur,Richmond Town,,,Not Applicable,Not Applicable,Not Applicable,Not Applicable,474,Not Applicable,0,,
2024-07-20 20:24:00,CNR2959951350,Driver Not Found,CID931678,Bike,Mysore Road,Frazer Town,,,Not Applicable,Not Applicable,Not Applicable,Not Applicable,297,Not Applicable,0,,
2024-07-15 20:55:00,CNR2498959059,Canceled by Customer,CID395971,Auto,Tumkur Road,Indiranagar,,,AC is Not working,Not Applicable,Not Applicable,Not Applicable,149,Not Applicable,0,,
2024-07-27 04:45:00,CNR2036655628,Success,CID515050,Bike,Basavanagudi,Devanahalli,98.0,25.0,Not Applicable,Not Applicable,No,Not Applicable,339,Cash,15,4.5,4.1
2024-07-24 00:23:00,CNR6590138750,Success,CID456416,Prime SUV,Whitefield,KR Puram,35.0,40.0,Not Applicable,Not Applicable,No,Not Applicable,421,Cash,18,4.6,4.1
2024-07-18 17:49:00,CNR4135976347,Driver Not Found,CID811017,Prime Plus,Yelahanka,Hebbal,,,Not Applicable,Not Applicable,Not Applicable,Not Applicable,443,Not Applicable,0,,
2024-07-02 00:38:00,CNR9636519579,Success,CID294806,Bike,Chamarajpet,Hennur,147.0,145.0,Not Applicable,Not Applicable,No,Not Applicable,932,UPI,46,3.9,4.9
2024-07-21 15:17:00,CNR3377475192,Success,CID693860,Mini,Hebbal,Langford Town,231.0,110.0,Not Applicable,Not Applicable,No,Not Applicable,336,UPI,47,4.1,3.5
2024-07-23 09:20:00,CNR6435091436,Success,CID866919,Prime SUV,Yeshwanthpur,Peenya,259.0,130.0,Not Applicable,Not Applicable,No,Not Applicable,634,UPI,11,3.8,4.0
2024-07-15 02:06:00,CNR2224221090,Success,CID909712,Bike,Hennur,Shivajinagar,196.0,130.0,Not Applicable,Not Applicable,Yes,Customer Demand,382,Cash,22,4.0,3.3
2024-07-25 16:58:00,CNR6665666013,Canceled by Driver,CID621713,Auto,Langford Town,Bannerghatta Road,,,Not Applicable,Personal & Car related issue,Not Applicable,Not Applicable,497,Not Applicable,0,,
2024-07-14 20:19:00,CNR7621028371,Success,CID858110,Prime Plus,Richmond Town,Jayanagar,126.0,80.0,Not Applicable,Not Applicable,No,Not Applicable,757,Cash,47,3.2,3.7
2024-07-11 21:28:00,CNR8289284142,Success,CID467241,eBike,Padmanabhanagar,Bellandur,119.0,40.0,Not Applicable,Not Applicable,No,Not Applicable,1469,Cash,12,3.4,4.5
2024-07-20 21:15:00,CNR8708702861,Success,CID371773,eBike,Rajajinagar,KR Puram,105.0,25.0,Not Applicable,Not Applicable,No,Not Applicable,211,UPI,46,4.5,5.0
2024-07-08 12:32:00,CNR3056765236,Driver Not Found,CID152000,Prime Plus,Tumkur Road,RT Nagar,,,Not Applicable,Not Applicable,Not Applicable,Not Applicable,238,Not Applicable,0,,
2024-07-02 13:30:00,CNR5651465460,Success,CID542212,eBike,Cox Town,Whitefield,224.0,35.0,Not Applicable,Not Applicable,No,Not Applicable,604,Cash,1,3.9,4.0
2024-07-16 03:39:00,CNR8793795527,Canceled by Driver,CID940929,Auto,Basavanagudi,Vijayanagar,,,Not Applicable,Customer was coughing/sick,Not Applicable,Not Applicable,989,Not Applicable,0,,
2024-07-22 17:09:00,CNR2806386783,Canceled by Customer,CID393486,Prime Sedan,Bannerghatta Road,Varthur,,,Change of plans,Not Applicable,Not Applicable,Not Applicable,371,Not Applicable,0,,
2024-07-30 20:50:00,CNR1718200608,Success,CID153846,Mini,Frazer Town,Devanahalli,231.0,55.0,Not Applicable,Not Applicable,No,Not Applicable,1022,UPI,46,5.0,4.1
2024-07-21 19:19:00,CNR6377668088,Success,CID532850,Prime Sedan,Sarjapur Road,Sarjapur Road,175.0,30.0,Not Applicable,Not Applicable,No,Not Applicable,165,UPI,8,4.5,3.5
2024-07-09 14:51:00,CNR7878662740,Success,CID619298,eBike,Indiranagar,Varthur,49.0,145.0,Not Applicable,Not Applicable,No,Not Applicable,336,Cash,34,4.4,3.1
2024-07-06 15:17:00,CNR8736143268,Success,CID474324,Prime Plus,Shantinagar,Varthur,259.0,35.0,Not Applicable,Not Applicable,No,Not Applicable,1331,Cash,7,3.3,3.6
2024-07-27 04:24:00,CNR8812771407,Success,CID184447,Prime Sedan,Yelahanka,Devanahalli,217.0,100.0,Not Applicable,Not Applicable,No,Not Applicable,974,Cash,32,4.5,4.1
2024-07-06 15:15:00,CNR5490774072,Success,CID764038,Mini,Bellandur,Peenya,77.0,105.0,Not Applicable,Not Applicable,No,Not Applicable,408,UPI,48,4.4,3.4
2024-07-16 08:41:00,CNR7788336304,Canceled by Driver,CID200919,Prime Plus,Shivajinagar,Rajarajeshwari Nagar,,,Not Applicable,Customer was coughing/sick,Not Applicable,Not Applicable,124,Not Applicable,0,,
2024-07-06 12:06:00,CNR2913037104,Success,CID467752,Prime SUV,Mysore Road,Yeshwanthpur,273.0,30.0,Not Applicable,Not Applicable,No,Not Applicable,641,Cash,22,3.8,5.0
2024-07-24 12:28:00,CNR2868088926,Success,CID331044,Prime Sedan,Koramangala,Tumkur Road,182.0,35.0,Not Applicable,Not Applicable,No,Not Applicable,428,Cash,28,3.3,3.8
2024-07-19 09:39:00,CNR6531463843,Success,CID805971,Prime SUV,Chamarajpet,Devanahalli,308.0,30.0,Not Applicable,Not Applicable,No,Not Applicable,593,Credit Card,18,4.0,4.6
2024-07-15 18:18:00,CNR4232106279,Success,CID986064,Prime SUV,Jayanagar,Magadi Road,168.0,145.0,Not Applicable,Not Applicable,No,Not Applicable,1389,Cash,34,3.0,3.4
2024-07-12 15:09:00,CNR9821349925,Success,CID234798,Prime Sedan,Varthur,Tumkur Road,112.0,70.0,Not Applicable,Not Applicable,No,Not Applicable,1143,Cash,27,4.2,4.7
2024-07-28 11:05:00,CNR1360770106,Success,CID878642,Bike,Devanahalli,Cox Town,182.0,35.0,Not Applicable,Not Applicable,No,Not Applicable,381,Cash,6,3.3,4.2
2024-07-26 07:38:00,CNR7876954857,Driver Not Found,CID370534,Prime Sedan,Indiranagar,Varthur,,,Not Applicable,Not Applicable,Not Applicable,Not Applicable,130,Not Applicable,0,,
2024-07-02 23:25:00,CNR6472977090,Success,CID392728,Prime Plus,Sahakar Nagar,Varthur,168.0,40.0,Not Applicable,Not Applicable,No,Not Applicable,738,UPI,42,3.7,4.1
2024-07-24 18:38:00,CNR3441137272,Success,CID880771,Auto,JP Nagar,Chamarajpet,35.0,35.0,Not Applicable,Not Applicable,No,Not Applicable,396,UPI,1,4.0,3.5
2024-07-05 03:07:00,CNR8861010273,Success,CID236257,Prime SUV,Yelahanka,JP Nagar,98.0,80.0,Not Applicable,Not Applicable,No,Not Applicable,366,Cash,34,4.1,3.0
2024-07-27 22:37:00,CNR4099994414,Canceled by Driver,CID243235,Prime SUV,Kammanahalli,HSR Layout,,,Not Applicable,Personal & Car related issue,Not Applicable,Not Applicable,186,Not Applicable,0,,
2024-07-07 20:15:00,CNR1748404739,Success,CID114264,Auto,Hulimavu,HSR Layout,70.0,130.0,Not Applicable,Not Applicable,No,Not Applicable,369,Cash,18,3.3,3.5
2024-07-03 03:50:00,CNR7085754828,Success,CID104955,Auto,Magadi Road,Shivajinagar,126.0,145.0,Not Applicable,Not Applicable,No,Not Applicable,617,Cash,2,3.6,4.0
2024-07-07 14:45:00,CNR6844803138,Success,CID298277,eBike,Peenya,Ramamurthy Nagar,119.0,130.0,Not Applicable,Not Applicable,No,Not Applicable,134,Cash,29,4.8,4.4
2024-07-30 04:20:00,CNR4747354471,Driver Not Found,CID566343,Prime SUV,Peenya,Hebbal,,,Not Applicable,Not Applicable,Not Applicable,Not Applicable,247,Not Applicable,0,,
2024-07-17 19:56:00,CNR5023113159,Success,CID377229,Bike,Ulsoor,Varthur,84.0,35.0,Not Applicable,Not Applicable,No,Not Applicable,334,Cash,28,3.2,3.4
2024-07-10 13:35:00,CNR2962572749,Success,CID477043,Prime Plus,Marathahalli,Banashankari,126.0,50.0,Not Applicable,Not Applicable,No,Not Applicable,263,Cash,2,3.9,3.7
2024-07-08 22:06:00,CNR1029314786,Driver Not Found,CID777746,Mini,Whitefield,Rajarajeshwari Nagar,,,Not Applicable,Not Applicable,Not Applicable,Not Applicable,165,Not Applicable,0,,
2024-07-15 04:48:00,CNR4540416278,Success,CID359920,Mini,Varthur,Indiranagar,266.0,40.0,Not Applicable,Not Applicable,No,Not Applicable,193,Cash,17,3.1,3.0
2024-07-28 00:20:00,CNR4296179400,Success,CID807986,Auto,Koramangala,Varthur,84.0,45.0,Not Applicable,Not Applicable,No,Not Applicable,208,Cash,8,3.6,4.0
2024-07-23 06:29:00,CNR2035987866,Success,CID578894,Mini,Sahakar Nagar,Hebbal,168.0,100.0,Not Applicable,Not Applicable,No,Not Applicable,457,Cash,43,3.5,4.6
2024-07-06 03:16:00,CNR4213150557,Success,CID352174,Prime Sedan,Magadi Road,Sarjapur Road,126.0,105.0,Not Applicable,Not Applicable,No,Not Applicable,2501,UPI,49,4.5,4.4
2024-07-02 04:52:00,CNR6623844531,Success,CID519575,Prime Sedan,Varthur,Shivajinagar,161.0,65.0,Not Applicable,Not Applicable,No,Not Applicable,319,Cash,5,3.7,3.8
2024-07-06 23:08:00,CNR4659546622,Success,CID146283,Auto,Richmond Town,Chamarajpet,105.0,90.0,Not Applicable,Not Applicable,No,Not Applicable,350,UPI,8,3.6,3.8
2024-07-23 19:39:00,CNR3314227726,Success,CID992854,Prime Plus,Rajajinagar,Sahakar Nagar,35.0,115.0,Not Applicable,Not Applicable,No,Not Applicable,325,Cash,10,4.2,3.5
2024-07-24 16:45:00,CNR7288214966,Success,CID862839,Prime Sedan,Yeshwanthpur,Kadugodi,56.0,30.0,Not Applicable,Not Applicable,No,Not Applicable,394,UPI,14,3.8,4.6
2024-07-18 13:41:00,CNR1726030884,Success,CID540270,Prime SUV,Tumkur Road,Sahakar Nagar,308.0,145.0,Not Applicable,Not Applicable,No,Not Applicable,389,Cash,25,4.3,3.8
2024-07-11 02:53:00,CNR1627495303,Success,CID178378,Prime SUV,Vijayanagar,Cox Town,105.0,45.0,Not Applicable,Not Applicable,No,Not Applicable,276,Cash,27,4.4,3.8
2024-07-20 08:41:00,CNR4172573911,Success,CID338141,Prime Sedan,Tumkur Road,Malleshwaram,91.0,30.0,Not Applicable,Not Applicable,No,Not Applicable,464,UPI,37,3.5,4.8
2024-07-29 17:35:00,CNR5140024100,Success,CID499892,Mini,Banashankari,Richmond Town,266.0,55.0,Not Applicable,Not Applicable,Yes,Vehicle Breakdown,802,Cash,47,3.2,4.8
2024-07-21 22:30:00,CNR5728301112,Canceled by Driver,CID668728,Bike,Tumkur Road,Chamarajpet,,,Not Applicable,Personal & Car related issue,Not Applicable,Not Applicable,856,Not Applicable,0,,
2024-07-16 19:20:00,CNR6965679228,Canceled by Driver,CID237328,eBike,Peenya,Yeshwanthpur,,,Not Applicable,Customer related issue,Not Applicable,Not Applicable,395,Not Applicable,0,,
2024-07-20 06:53:00,CNR4112969875,Success,CID969122,Auto,Chamarajpet,Basavanagudi,203.0,40.0,Not Applicable,Not Applicable,No,Not Applicable,754,UPI,16,5.0,4.1
2024-07-29 13:22:00,CNR5089372548,Success,CID983734,Auto,KR Puram,Langford Town,252.0,145.0,Not Applicable,Not Applicable,No,Not Applicable,487,UPI,4,3.6,3.1
2024-07-02 01:31:00,CNR5615444602,Success,CID649146,eBike,Chamarajpet,Majestic,203.0,130.0,Not Applicable,Not Applicable,No,Not Applicable,628,Cash,31,4.7,3.7
2024-07-29 01:38:00,CNR6599907147,Success,CID632536,Mini,Varthur,Hulimavu,133.0,90.0,Not Applicable,Not Applicable,No,Not Applicable,426,UPI,19,4.8,4.9
2024-07-03 13:25:00,CNR5494178370,Canceled by Driver,CID244281,Prime Sedan,Hebbal,Whitefield,,,Not Applicable,Customer was coughing/sick,Not Applicable,Not Applicable,2776,Not Applicable,0,,
2024-07-27 17:16:00,CNR9995440252,Success,CID601058,eBike,KR Puram,Marathahalli,238.0,130.0,Not Applicable,Not Applicable,No,Not Applicable,211,Cash,27,4.7,4.0
2024-07-01 22:13:00,CNR2009631726,Success,CID872284,Mini,BTM Layout,JP Nagar,238.0,25.0,Not Applicable,Not Applicable,No,Not Applicable,373,UPI,3,4.7,4.6
2024-07-29 20:12:00,CNR2741049702,Success,CID873060,Prime Sedan,Yeshwanthpur,KR Puram,91.0,65.0,Not Applicable,Not Applicable,No,Not Applicable,245,UPI,40,4.3,3.6
2024-07-09 12:29:00,CNR8383152309,Success,CID287524,Prime Plus,Yelahanka,Whitefield,308.0,85.0,Not Applicable,Not Applicable,No,Not Applicable,400,UPI,11,4.0,3.2
2024-07-27 20:52:00,CNR2332381165,Success,CID591688,Mini,Rajajinagar,Shivajinagar,70.0,90.0,Not Applicable,Not Applicable,No,Not Applicable,119,Cash,26,3.8,3.6
2024-07-14 16:50:00,CNR4648893724,Canceled by Driver,CID769115,Auto,RT Nagar,Banashankari,,,Not Applicable,More than permitted people in there,Not Applicable,Not Applicable,713,Not Applicable,0,,
2024-07-06 18:12:00,CNR1503802253,Success,CID138872,Prime SUV,Electronic City,Basavanagudi,105.0,110.0,Not Applicable,Not Applicable,No,Not Applicable,291,UPI,2,3.2,4.7
2024-07-07 00:37:00,CNR5607739825,Canceled by Driver,CID351798,eBike,Nagarbhavi,Ulsoor,,,Not Applicable,Customer related issue,Not Applicable,Not Applicable,240,Not Applicable,0,,
2024-07-08 20:02:00,CNR1925339337,Driver Not Found,CID753642,Prime Sedan,Devanahalli,Indiranagar,,,Not Applicable,Not Applicable,Not Applicable,Not Applicable,447,Not Applicable,0,,
2024-07-29 01:32:00,CNR1435193166,Success,CID751086,eBike,Shantinagar,JP Nagar,294.0,90.0,Not Applicable,Not Applicable,No,Not Applicable,489,Cash,36,3.5,3.4
2024-07-30 09:57:00,CNR5191066145,Success,CID172561,Mini,Chamarajpet,Nagarbhavi,63.0,40.0,Not Applicable,Not Applicable,No,Not Applicable,980,Cash,34,4.2,4.5
2024-07-23 03:54:00,CNR4243757509,Driver Not Found,CID153822,Auto,Kadugodi,Shivajinagar,,,Not Applicable,Not Applicable,Not Applicable,Not Applicable,2834,Not Applicable,0,,
2024-07-06 01:07:00,CNR7091651159,Success,CID109144,eBike,Ramamurthy Nagar,Chamarajpet,133.0,45.0,Not Applicable,Not Applicable,No,Not Applicable,2095,UPI,45,3.9,3.4
2024-07-04 11:05:00,CNR4346267036,Success,CID673518,Prime Sedan,Koramangala,Tumkur Road,308.0,55.0,Not Applicable,Not Applicable,No,Not Applicable,191,Cash,37,4.4,4.2
2024-07-16 22:17:00,CNR8284533406,Driver Not Found,CID586937,Auto,Sahakar Nagar,Koramangala,,,Not Applicable,Not Applicable,Not Applicable,Not Applicable,1559,Not Applicable,0,,
2024-07-06 23:14:00,CNR2650821337,Success,CID790392,Bike,Chamarajpet,JP Nagar,91.0,70.0,Not Applicable,Not Applicable,No,Not Applicable,285,UPI,46,4.1,3.9
2024-07-05 10:55:00,CNR3595993539,Canceled by Driver,CID491060,Bike,RT Nagar,Jayanagar,,,Not Applicable,More than permitted people in there,Not Applicable,Not Applicable,427,Not Applicable,0,,
2024-07-17 07:30:00,CNR3567382744,Success,CID642856,eBike,Varthur,Hosur Road,294.0,120.0,Not Applicable,Not Applicable,No,Not Applicable,273,UPI,13,4.7,3.7
2024-07-27 22:47:00,CNR5528885714,Success,CID712531,Mini,Mysore Road,Yelahanka,70.0,60.0,Not Applicable,Not Applicable,No,Not Applicable,496,Cash,13,4.9,4.2
2024-07-26 00:09:00,CNR1280786520,Success,CID260150,Prime Sedan,Malleshwaram,BTM Layout,119.0,85.0,Not Applicable,Not Applicable,No,Not Applicable,158,Cash,39,4.4,4.0
2024-07-05 14:41:00,CNR1954091077,Canceled by Driver,CID493468,Auto,Chamarajpet,Devanahalli,,,Not Applicable,Customer was coughing/sick,Not Applicable,Not Applicable,281,Not Applicable,0,,
2024-07-22 10:46:00,CNR4816148851,Success,CID391725,Prime Plus,Electronic City,Tumkur Road,252.0,105.0,Not Applicable,Not Applicable,No,Not Applicable,404,Cash,10,3.8,4.5
2024-07-09 10:32:00,CNR9984824248,Success,CID378273,Bike,Hebbal,Hebbal,42.0,115.0,Not Applicable,Not Applicable,No,Not Applicable,194,UPI,35,4.1,4.9
2024-07-24 15:03:00,CNR4074605419,Success,CID467238,Bike,Sarjapur Road,Hebbal,224.0,100.0,Not Applicable,Not Applicable,No,Not Applicable,2519,Cash,48,4.7,3.8
2024-07-25 19:54:00,CNR4135667403,Success,CID661523,Prime Plus,Majestic,HSR Layout,196.0,75.0,Not Applicable,Not Applicable,No,Not Applicable,175,Cash,45,4.0,3.1
2024-07-27 06:44:00,CNR7440998573,Success,CID569001,Prime Sedan,Varthur,Hosur Road,266.0,110.0,Not Applicable,Not Applicable,No,Not Applicable,123,UPI,22,4.9,4.2
2024-07-19 00:30:00,CNR5272494324,Success,CID813573,Prime Plus,Nagarbhavi,Nagarbhavi,266.0,105.0,Not Applicable,Not Applicable,No,Not Applicable,459,Cash,40,3.7,4.4
2024-07-13 09:31:00,CNR5949910099,Success,CID906520,Auto,Ulsoor,Electronic City,238.0,100.0,Not Applicable,Not Applicable,No,Not Applicable,611,UPI,7,3.2,3.2
2024-07-08 01:26:00,CNR1276355547,Success,CID374954,Mini,Marathahalli,HSR Layout,140.0,110.0,Not Applicable,Not Applicable,No,Not Applicable,464,Cash,19,4.4,4.0
2024-07-16 02:42:00,CNR1303664043,Success,CID408404,eBike,Varthur,Kadugodi,196.0,45.0,Not Applicable,Not Applicable,No,Not Applicable,421,Cash,10,3.5,3.7
2024-07-18 17:26:00,CNR6286716533,Canceled by Customer,CID821451,Prime Sedan,Kammanahalli,Langford Town,,,AC is Not working,Not Applicable,Not Applicable,Not Applicable,417,Not Applicable,0,,
2024-07-05 12:29:00,CNR5147261637,Driver Not Found,CID911072,Prime Plus,Yelahanka,Sahakar Nagar,,,Not Applicable,Not Applicable,Not Applicable,Not Applicable,1195,Not Applicable,0,,
2024-07-15 04:29:00,CNR1844639473,Success,CID775629,eBike,Shivajinagar,Ulsoor,273.0,95.0,Not Applicable,Not Applicable,Yes,Vehicle Breakdown,1342,Cash,2,4.4,3.2
2024-07-28 08:11:00,CNR4635982534,Success,CID784005,Auto,Ramamurthy Nagar,Hennur,56.0,105.0,Not Applicable,Not Applicable,No,Not Applicable,209,UPI,1,4.6,3.3
2024-07-25 04:10:00,CNR2466706449,Success,CID181511,Prime Plus,Magadi Road,JP Nagar,105.0,50.0,Not Applicable,Not Applicable,No,Not Applicable,255,UPI,7,3.8,4.5
2024-07-27 16:25:00,CNR5935196268,Success,CID612699,eBike,Whitefield,Yelahanka,308.0,85.0,Not Applicable,Not Applicable,No,Not Applicable,310,Credit Card,37,3.9,4.3
2024-07-29 03:26:00,CNR7945727499,Success,CID768350,Prime SUV,Kengeri,Majestic,224.0,60.0,Not Applicable,Not Applicable,No,Not Applicable,303,UPI,10,4.3,4.5
2024-07-27 15:11:00,CNR6965017548,Success,CID386740,Prime Sedan,Yeshwanthpur,Yelahanka,294.0,75.0,Not Applicable,Not Applicable,Yes,Customer Demand,775,Cash,14,4.8,4.6
2024-07-27 08:02:00,CNR1173998899,Canceled by Customer,CID265254,Prime Sedan,MG Road,Vijayanagar,,,Driver asked to cancel,Not Applicable,Not Applicable,Not Applicable,803,Not Applicable,0,,
2024-07-04 20:39:00,CNR3446608672,Success,CID712930,Auto,Shantinagar,Varthur,84.0,35.0,Not Applicable,Not Applicable,No,Not Applicable,220,UPI,14,3.7,4.4
2024-07-05 14:39:00,CNR6981235782,Success,CID226381,Mini,Richmond Town,Sahakar Nagar,273.0,110.0,Not Applicable,Not Applicable,No,Not Applicable,387,Credit Card,31,3.6,4.9
2024-07-20 20:54:00,CNR4450468349,Success,CID821793,Auto,Hulimavu,Mysore Road,126.0,130.0,Not Applicable,Not Applicable,No,Not Applicable,425,UPI,11,4.3,4.8
2024-07-28 19:18:00,CNR4725329898,Canceled by Customer,CID782872,Prime Plus,Marathahalli,Mysore Road,,,AC is Not working,Not Applicable,Not Applicable,Not Applicable,583,Not Applicable,0,,
2024-07-14 22:14:00,CNR6120931590,Canceled by Customer,CID598521,Prime Sedan,Rajajinagar,Bellandur,,,Driver is not moving towards pickup location,Not Applicable,Not Applicable,Not Applicable,850,Not Applicable,0,,
2024-07-19 23:05:00,CNR6813575339,Canceled by Driver,CID688342,eBike,Vijayanagar,Chamarajpet,,,Not Applicable,Personal & Car related issue,Not Applicable,Not Applicable,420,Not Applicable,0,,
2024-07-21 19:10:00,CNR1031829991,Success,CID179889,Mini,BTM Layout,Mysore Road,245.0,65.0,Not Applicable,Not Applicable,No,Not Applicable,147,Cash,29,3.7,4.7
2024-07-26 04:34:00,CNR2259272993,Success,CID573002,Prime SUV,Varthur,Ulsoor,35.0,140.0,Not Applicable,Not Applicable,No,Not Applicable,399,UPI,27,3.7,3.7
2024-07-23 22:01:00,CNR2272870351,Canceled by Driver,CID892389,Auto,KR Puram,Ulsoor,,,Not Applicable,Customer related issue,Not Applicable,Not Applicable,429,Not Applicable,0,,
2024-07-18 21:23:00,CNR4107198995,Success,CID472896,Prime Plus,Sarjapur Road,Ramamurthy Nagar,35.0,40.0,Not Applicable,Not Applicable,No,Not Applicable,173,Cash,24,3.5,3.1
2024-07-25 19:24:00,CNR3256315806,Canceled by Driver,CID988379,Prime SUV,Cox Town,Majestic,,,Not Applicable,Customer was coughing/sick,Not Applicable,Not Applicable,276,Not Applicable,0,,
2024-07-08 09:29:00,CNR2145485763,Success,CID694434,Prime SUV,Bannerghatta Road,Hebbal,308.0,30.0,Not Applicable,Not Applicable,No,Not Applicable,315,Cash,29,3.3,3.1
2024-07-25 10:12:00,CNR4234270725,Success,CID641396,Prime Plus,Chickpet,Chamarajpet,308.0,35.0,Not Applicable,Not Applicable,Yes,Vehicle Breakdown,118,Cash,3,4.2,3.1
2024-07-14 23:38:00,CNR5176827371,Canceled by Driver,CID348598,Mini,Shantinagar,Chamarajpet,,,Not Applicable,Customer was coughing/sick,Not Applicable,Not Applicable,499,Not Applicable,0,,
2024-07-06 12:59:00,CNR3926595338,Driver Not Found,CID904756,Prime SUV,Yeshwanthpur,Hennur,,,Not Applicable,Not Applicable,Not Applicable,Not Applicable,2185,Not Applicable,0,,
2024-07-05 15:34:00,CNR3817202889,Driver Not Found,CID983878,Prime Plus,Chickpet,Rajarajeshwari Nagar,,,Not Applicable,Not Applicable,Not Applicable,Not Applicable,642,Not Applicable,0,,
2024-07-01 09:34:00,CNR1900402010,Canceled by Driver,CID933936,Prime Plus,Tumkur Road,Sarjapur Road,,,Not Applicable,Customer was coughing/sick,Not Applicable,Not Applicable,262,Not Applicable,0,,
2024-07-11 04:31:00,CNR9714069848,Success,CID735192,Auto,Richmond Town,Shivajinagar,308.0,110.0,Not Applicable,Not Applicable,No,Not Applicable,382,Cash,8,3.9,4.1
2024-07-13 01:57:00,CNR1081101173,Canceled by Driver,CID760034,Bike,Padmanabhanagar,Rajajinagar,,,Not Applicable,Personal & Car related issue,Not Applicable,Not Applicable,626,Not Applicable,0,,
2024-07-11 08:27:00,CNR9386581357,Success,CID847100,eBike,Magadi Road,Langford Town,91.0,90.0,Not Applicable,Not Applicable,No,Not Applicable,176,UPI,11,4.6,4.8
2024-07-26 10:09:00,CNR1594442541,Driver Not Found,CID186182,Prime SUV,Mysore Road,Langford Town,,,Not Applicable,Not Applicable,Not Applicable,Not Applicable,583,Not Applicable,0,,
2024-07-08 16:45:00,CNR4472565404,Success,CID991132,Mini,MG Road,Kadugodi,105.0,105.0,Not Applicable,Not Applicable,No,Not Applicable,213,Cash,48,4.4,3.3
2024-07-16 03:42:00,CNR6353908897,Canceled by Driver,CID236418,Mini,Chamarajpet,MG Road,,,Not Applicable,Customer was coughing/sick,Not Applicable,Not Applicable,407,Not Applicable,0,,
2024-07-16 06:38:00,CNR5928281491,Success,CID221535,Auto,Shivajinagar,Kammanahalli,154.0,35.0,Not Applicable,Not Applicable,No,Not Applicable,438,UPI,5,4.7,4.0
2024-07-05 09:50:00,CNR7367400647,Success,CID294197,Prime Plus,Chamarajpet,Shantinagar,91.0,65.0,Not Applicable,Not Applicable,Yes,Customer Demand,380,UPI,40,4.3,3.9
2024-07-16 08:48:00,CNR4473757593,Success,CID785908,Prime Plus,Majestic,Shivajinagar,217.0,35.0,Not Applicable,Not Applicable,No,Not Applicable,481,UPI,24,4.6,3.6
2024-07-28 11:57:00,CNR7445042169,Success,CID657765,Prime SUV,Ulsoor,Chickpet,210.0,85.0,Not Applicable,Not Applicable,No,Not Applicable,691,Cash,7,3.9,3.0
2024-07-20 07:36:00,CNR3758451885,Canceled by Driver,CID242038,Bike,HSR Layout,Indiranagar,,,Not Applicable,Personal & Car related issue,Not Applicable,Not Applicable,148,Not Applicable,0,,
2024-07-17 01:32:00,CNR4661465444,Success,CID588239,Mini,Richmond Town,Peenya,77.0,30.0,Not Applicable,Not Applicable,No,Not Applicable,2906,UPI,43,4.6,3.6
2024-07-09 21:15:00,CNR7632984659,Driver Not Found,CID310978,Prime Sedan,Vijayanagar,Hennur,,,Not Applicable,Not Applicable,Not Applicable,Not Applicable,182,Not Applicable,0,,
2024-07-15 04:27:00,CNR1267557853,Success,CID559384,Auto,Langford Town,Banashankari,273.0,145.0,Not Applicable,Not Applicable,No,Not Applicable,922,Cash,2,3.3,3.5
2024-07-05 03:52:00,CNR8002502421,Success,CID976357,Prime Sedan,Magadi Road,Vijayanagar,308.0,25.0,Not Applicable,Not Applicable,Yes,Customer Demand,523,Cash,6,4.6,3.6
2024-07-12 16:24:00,CNR9025652551,Success,CID234925,Prime Plus,Devanahalli,BTM Layout,217.0,25.0,Not Applicable,Not Applicable,No,Not Applicable,305,Cash,45,3.6,3.8
2024-07-09 18:09:00,CNR2800621374,Driver Not Found,CID211633,Prime SUV,Kammanahalli,Marathahalli,,,Not Applicable,Not Applicable,Not Applicable,Not Applicable,327,Not Applicable,0,,
2024-07-05 12:13:00,CNR3946877358,Success,CID328148,Mini,Yelahanka,Bellandur,224.0,80.0,Not Applicable,Not Applicable,No,Not Applicable,189,UPI,44,3.3,4.6
2024-07-19 10:34:00,CNR6320099899,Canceled by Customer,CID448880,Bike,Sahakar Nagar,RT Nagar,,,Change of plans,Not Applicable,Not Applicable,Not Applicable,343,Not Applicable,0,,
2024-07-03 12:53:00,CNR3210216729,Success,CID425651,Mini,Vijayanagar,Frazer Town,84.0,115.0,Not Applicable,Not Applicable,No,Not Applicable,226,UPI,23,3.4,3.9
2024-07-28 19:31:00,CNR9180588017,Canceled by Driver,CID195886,Prime SUV,Ulsoor,Chamarajpet,,,Not Applicable,Customer related issue,Not Applicable,Not Applicable,239,Not Applicable,0,,
2024-07-01 07:28:00,CNR2096622156,Success,CID578852,Bike,Electronic City,Whitefield,231.0,65.0,Not Applicable,Not Applicable,No,Not Applicable,488,Cash,39,3.4,3.8
2024-07-07 12:21:00,CNR6427696894,Success,CID247130,Prime Plus,Chickpet,HSR Layout,126.0,140.0,Not Applicable,Not Applicable,No,Not Applicable,233,UPI,11,3.2,3.0
2024-07-28 05:45:00,CNR8697004649,Canceled by Driver,CID916878,Prime SUV,Sarjapur Road,Shivajinagar,,,Not Applicable,Customer related issue,Not Applicable,Not Applicable,267,Not Applicable,0,,
2024-07-09 20:50:00,CNR1436689822,Canceled by Customer,CID527371,Prime SUV,RT Nagar,Malleshwaram,,,Driver is not moving towards pickup location,Not Applicable,Not Applicable,Not Applicable,293,Not Applicable,0,,
2024-07-25 14:38:00,CNR2305869803,Canceled by Driver,CID477849,Prime SUV,Hebbal,Shivajinagar,,,Not Applicable,More than permitted people in there,Not Applicable,Not Applicable,175,Not Applicable,0,,
2024-07-06 15:54:00,CNR9350825343,Success,CID216612,Prime Sedan,Yeshwanthpur,Hulimavu,231.0,145.0,Not Applicable,Not Applicable,No,Not Applicable,223,Cash,47,4.0,3.1
2024-07-17 05:14:00,CNR5076973060,Canceled by Driver,CID379270,Bike,Langford Town,Chamarajpet,,,Not Applicable,Personal & Car related issue,Not Applicable,Not Applicable,231,Not Applicable,0,,
2024-07-17 22:33:00,CNR5852932029,Driver Not Found,CID184009,eBike,Sahakar Nagar,Rajarajeshwari Nagar,,,Not Applicable,Not Applicable,Not Applicable,Not Applicable,352,Not Applicable,0,,
2024-07-15 01:43:00,CNR4040536300,Success,CID100276,eBike,Yelahanka,Mysore Road,154.0,80.0,Not Applicable,Not Applicable,No,Not Applicable,929,UPI,8,4.7,3.1
2024-07-10 21:59:00,CNR3415962352,Canceled by Customer,CID310351,eBike,Kengeri,Majestic,,,AC is Not working,Not Applicable,Not Applicable,Not Applicable,356,Not Applicable,0,,
2024-07-08 01:05:00,CNR6061921972,Success,CID576748,Prime Sedan,KR Puram,Langford Town,147.0,135.0,Not Applicable,Not Applicable,No,Not Applicable,518,UPI,4,4.3,3.4
2024-07-21 07:34:00,CNR1386062441,Success,CID415831,Bike,Devanahalli,Shantinagar,203.0,85.0,Not Applicable,Not Applicable,No,Not Applicable,713,UPI,37,4.7,3.1
2024-07-03 23:26:00,CNR1064146977,Canceled by Driver,CID833991,eBike,Magadi Road,Devanahalli,,,Not Applicable,Personal & Car related issue,Not Applicable,Not Applicable,413,Not Applicable,0,,
2024-07-21 09:48:00,CNR7590321665,Driver Not Found,CID728223,Mini,Nagarbhavi,Hebbal,,,Not Applicable,Not Applicable,Not Applicable,Not Applicable,203,Not Applicable,0,,
2024-07-17 22:22:00,CNR2309948582,Canceled by Customer,CID695722,Prime Plus,Ramamurthy Nagar,Whitefield,,,Driver is not moving towards pickup location,Not Applicable,Not Applicable,Not Applicable,989,Not Applicable,0,,
2024-07-04 01:29:00,CNR9448458700,Success,CID850306,Bike,KR Puram,RT Nagar,168.0,100.0,Not Applicable,Not Applicable,No,Not Applicable,447,UPI,25,4.4,3.5
2024-07-09 04:45:00,CNR5647323514,Driver Not Found,CID381034,Prime Plus,Ramamurthy Nagar,Sahakar Nagar,,,Not Applicable,Not Applicable,Not Applicable,Not Applicable,149,Not Applicable,0,,
2024-07-07 03:18:00,CNR3599741627,Canceled by Driver,CID769535,Prime Sedan,Kengeri,Rajajinagar,,,Not Applicable,Personal & Car related issue,Not Applicable,Not Applicable,302,Not Applicable,0,,
2024-07-02 02:21:00,CNR4948874421,Canceled by Driver,CID314664,Bike,Chickpet,Vijayanagar,,,Not Applicable,Customer was coughing/sick,Not Applicable,Not Applicable,173,Not Applicable,0,,
2024-07-25 13:46:00,CNR8110571889,Success,CID481924,Bike,KR Puram,JP Nagar,105.0,50.0,Not Applicable,Not Applicable,No,Not Applicable,118,Cash,21,4.7,3.6
2024-07-27 19:45:00,CNR1712023429,Success,CID660350,Prime Plus,Shivajinagar,Varthur,91.0,115.0,Not Applicable,Not Applicable,No,Not Applicable,143,UPI,33,4.6,3.4
2024-07-15 21:22:00,CNR3677767703,Success,CID371013,Auto,Kammanahalli,Jayanagar,168.0,55.0,Not Applicable,Not Applicable,No,Not Applicable,235,Cash,3,5.0,4.8
2024-07-07 00:27:00,CNR6356822599,Canceled by Driver,CID318027,Mini,Frazer Town,Sahakar Nagar,,,Not Applicable,Personal & Car related issue,Not Applicable,Not Applicable,2596,Not Applicable,0,,
2024-07-30 18:21:00,CNR2978004733,Success,CID154955,Mini,Chamarajpet,Hulimavu,63.0,75.0,Not Applicable,Not Applicable,No,Not Applicable,753,Cash,30,4.6,3.3
2024-07-27 00:56:00,CNR4027469391,Success,CID342747,Auto,Koramangala,KR Puram,273.0,30.0,Not Applicable,Not Applicable,Yes,Vehicle Breakdown,292,Cash,1,3.1,4.0
2024-07-26 13:09:00,CNR5156736034,Success,CID411759,eBike,BTM Layout,Banashankari,252.0,120.0,Not Applicable,Not Applicable,No,Not Applicable,118,Cash,6,4.5,4.9
2024-07-26 05:15:00,CNR7415518786,Success,CID938666,Bike,Kadugodi,Nagarbhavi,147.0,50.0,Not Applicable,Not Applicable,No,Not Applicable,701,UPI,22,4.2,4.7
2024-07-24 15:59:00,CNR9875804082,Success,CID518392,Prime SUV,Richmond Town,Marathahalli,266.0,85.0,Not Applicable,Not Applicable,No,Not Applicable,140,Cash,31,5.0,3.8
2024-07-15 11:54:00,CNR3643229010,Success,CID322363,Prime Plus,Ulsoor,Jayanagar,252.0,120.0,Not Applicable,Not Applicable,No,Not Applicable,388,Cash,18,3.0,3.6
2024-07-06 15:39:00,CNR5388553352,Success,CID311139,Auto,Tumkur Road,Peenya,294.0,80.0,Not Applicable,Not Applicable,No,Not Applicable,621,Cash,8,3.5,3.4
2024-07-10 06:40:00,CNR6888524858,Canceled by Driver,CID147734,Prime Sedan,Bannerghatta Road,Ramamurthy Nagar,,,Not Applicable,More than permitted people in there,Not Applicable,Not Applicable,204,Not Applicable,0,,
2024-07-19 03:48:00,CNR1969535796,Canceled by Driver,CID831912,Prime Plus,Sahakar Nagar,Nagarbhavi,,,Not Applicable,Customer was coughing/sick,Not Applicable,Not Applicable,237,Not Applicable,0,,
2024-07-14 01:09:00,CNR9065475182,Success,CID567180,Prime Sedan,Frazer Town,Shivajinagar,245.0,105.0,Not Applicable,Not Applicable,Yes,Vehicle Breakdown,945,Cash,38,4.8,3.2
2024-07-26 15:04:00,CNR3776612316,Canceled by Driver,CID670171,Mini,Hulimavu,Shantinagar,,,Not Applicable,Personal & Car related issue,Not Applicable,Not Applicable,305,Not Applicable,0,,
2024-07-28 19:23:00,CNR5363280343,Driver Not Found,CID953486,eBike,BTM Layout,Rajajinagar,,,Not Applicable,Not Applicable,Not Applicable,Not Applicable,276,Not Applicable,0,,
2024-07-01 14:00:00,CNR4432177395,Canceled by Customer,CID570038,eBike,Ulsoor,Nagarbhavi,,,Driver asked to cancel,Not Applicable,Not Applicable,Not Applicable,282,Not Applicable,0,,
2024-07-15 21:45:00,CNR6882836223,Canceled by Driver,CID531242,Auto,Kammanahalli,Langford Town,,,Not Applicable,More than permitted people in there,Not Applicable,Not Applicable,368,Not Applicable,0,,
2024-07-26 07:19:00,CNR2968243998,Canceled by Customer,CID209960,Mini,Langford Town,MG Road,,,Driver asked to cancel,Not Applicable,Not Applicable,Not Applicable,330,Not Applicable,0,,
2024-07-27 18:49:00,CNR5500525017,Success,CID889372,Prime SUV,Shantinagar,BTM Layout,126.0,135.0,Not Applicable,Not Applicable,No,Not Applicable,1053,UPI,2,4.0,3.7
2024-07-05 08:26:00,CNR8304920271,Canceled by Customer,CID290524,Auto,Cox Town,Chickpet,,,Wrong Address,Not Applicable,Not Applicable,Not Applicable,407,Not Applicable,0,,
2024-07-08 02:39:00,CNR9717475175,Canceled by Driver,CID386360,Auto,Richmond Town,HSR Layout,,,Not Applicable,Customer related issue,Not Applicable,Not Applicable,223,Not Applicable,0,,
2024-07-05 20:21:00,CNR3113162258,Success,CID473494,eBike,JP Nagar,Chickpet,161.0,135.0,Not Applicable,Not Applicable,No,Not Applicable,339,UPI,5,4.2,3.4
2024-07-14 17:18:00,CNR2365905293,Success,CID205574,Prime Sedan,Frazer Town,Ramamurthy Nagar,161.0,75.0,Not Applicable,Not Applicable,No,Not Applicable,176,UPI,22,4.3,3.6
2024-07-28 02:19:00,CNR1340508869,Success,CID952173,eBike,Kadugodi,Padmanabhanagar,280.0,30.0,Not Applicable,Not Applicable,No,Not Applicable,424,Cash,49,4.9,3.6
2024-07-14 09:40:00,CNR3682249059,Success,CID186572,Prime Plus,Shivajinagar,Frazer Town,161.0,125.0,Not Applicable,Not Applicable,Yes,Customer Demand,337,Cash,33,3.8,3.2
2024-07-19 02:39:00,CNR9428701870,Success,CID811995,Prime SUV,Koramangala,Sahakar Nagar,154.0,145.0,Not Applicable,Not Applicable,No,Not Applicable,330,Cash,39,3.1,4.6
2024-07-30 20:59:00,CNR3024755636,Success,CID962413,Prime Sedan,Nagarbhavi,Electronic City,140.0,80.0,Not Applicable,Not Applicable,No,Not Applicable,153,UPI,11,3.5,3.3
2024-07-25 09:45:00,CNR6023123282,Success,CID480071,Prime Plus,Devanahalli,Hulimavu,266.0,70.0,Not Applicable,Not Applicable,No,Not Applicable,837,Cash,1,3.1,3.6
2024-07-28 04:40:00,CNR6464796663,Canceled by Customer,CID407092,Prime Sedan,Kadugodi,Richmond Town,,,Wrong Address,Not Applicable,Not Applicable,Not Applicable,440,Not Applicable,0,,
2024-07-04 21:30:00,CNR7336480070,Canceled by Driver,CID593716,Bike,Jayanagar,BTM Layout,,,Not Applicable,Personal & Car related issue,Not Applicable,Not Applicable,2930,Not Applicable,0,,
2024-07-10 02:50:00,CNR2550486779,Success,CID421606,eBike,Yelahanka,Kadugodi,280.0,95.0,Not Applicable,Not Applicable,No,Not Applicable,611,Cash,39,4.4,4.2
2024-07-04 01:04:00,CNR3597745259,Canceled by Driver,CID142974,Auto,Kengeri,Koramangala,,,Not Applicable,Personal & Car related issue,Not Applicable,Not Applicable,401,Not Applicable,0,,
2024-07-01 18:51:00,CNR5709797234,Canceled by Customer,CID286898,Prime Plus,Yeshwanthpur,Devanahalli,,,Change of plans,Not Applicable,Not Applicable,Not Applicable,962,Not Applicable,0,,
2024-07-16 10:30:00,CNR1768118295,Success,CID127374,Bike,Banashankari,Kadugodi,273.0,75.0,Not Applicable,Not Applicable,No,Not Applicable,304,UPI,29,4.4,3.7
2024-07-05 03:52:00,CNR2363080830,Success,CID393798,Prime Plus,Koramangala,Langford Town,182.0,130.0,Not Applicable,Not Applicable,No,Not Applicable,2636,UPI,7,3.8,4.5
2024-07-24 07:32:00,CNR4618271446,Driver Not Found,CID271741,Prime SUV,Hosur Road,Jayanagar,,,Not Applicable,Not Applicable,Not Applicable,Not Applicable,155,Not Applicable,0,,
2024-07-28 21:30:00,CNR1233380296,Success,CID546721,Auto,Sahakar Nagar,Hulimavu,210.0,85.0,Not Applicable,Not Applicable,No,Not Applicable,499,UPI,18,3.2,3.4
2024-07-24 05:19:00,CNR1597382977,Success,CID791947,eBike,Banashankari,Bannerghatta Road,287.0,105.0,Not Applicable,Not Applicable,No,Not Applicable,2835,Cash,5,4.0,3.0
2024-07-23 02:04:00,CNR3417359406,Success,CID759745,Bike,Jayanagar,Padmanabhanagar,35.0,100.0,Not Applicable,Not Applicable,No,Not Applicable,430,Cash,46,4.5,4.6
2024-07-26 02:18:00,CNR6052620272,Success,CID953868,Prime SUV,Magadi Road,Yeshwanthpur,301.0,65.0,Not Applicable,Not Applicable,No,Not Applicable,411,Cash,3,4.3,4.4
2024-07-03 00:25:00,CNR8943814070,Success,CID777564,eBike,Chickpet,KR Puram,224.0,75.0,Not Applicable,Not Applicable,No,Not Applicable,808,UPI,17,4.3,3.7
2024-07-07 01:17:00,CNR4064911199,Success,CID821898,Prime Sedan,Chickpet,Rajarajeshwari Nagar,56.0,80.0,Not Applicable,Not Applicable,No,Not Applicable,314,Cash,34,4.1,4.7
2024-07-20 19:57:00,CNR1381207847,Success,CID690981,Prime SUV,Sahakar Nagar,Banashankari,210.0,85.0,Not Applicable,Not Applicable,No,Not Applicable,807,UPI,5,3.2,4.9
2024-07-10 12:33:00,CNR3801526485,Canceled by Customer,CID525069,Prime SUV,Jayanagar,Majestic,,,Driver is not moving towards pickup location,Not Applicable,Not Applicable,Not Applicable,797,Not Applicable,0,,
2024-07-25 19:04:00,CNR9209325949,Success,CID211743,Mini,Ramamurthy Nagar,Yelahanka,231.0,110.0,Not Applicable,Not Applicable,No,Not Applicable,835,Cash,34,3.4,3.6
2024-07-29 04:28:00,CNR1116378948,Success,CID895074,Prime Sedan,Frazer Town,Rajarajeshwari Nagar,77.0,125.0,Not Applicable,Not Applicable,No,Not Applicable,1132,Cash,16,4.2,3.7
2024-07-08 02:39:00,CNR6444567134,Success,CID505276,Mini,Bannerghatta Road,Peenya,294.0,95.0,Not Applicable,Not Applicable,No,Not Applicable,212,Cash,44,3.4,4.7
2024-07-14 04:18:00,CNR4748173607,Success,CID674066,Mini,RT Nagar,Sahakar Nagar,203.0,45.0,Not Applicable,Not Applicable,No,Not Applicable,213,Cash,9,3.6,3.8
2024-07-09 22:40:00,CNR6373290551,Driver Not Found,CID785629,Prime Sedan,Langford Town,Padmanabhanagar,,,Not Applicable,Not Applicable,Not Applicable,Not Applicable,519,Not Applicable,0,,
2024-07-23 04:57:00,CNR5300832426,Success,CID588184,Bike,BTM Layout,Peenya,203.0,115.0,Not Applicable,Not Applicable,No,Not Applicable,186,Credit Card,46,4.0,3.1
2024-07-18 14:21:00,CNR1692031108,Driver Not Found,CID418691,Prime SUV,Kadugodi,Peenya,,,Not Applicable,Not Applicable,Not Applicable,Not Applicable,585,Not Applicable,0,,
2024-07-26 02:55:00,CNR3236737680,Driver Not Found,CID574316,Auto,Indiranagar,Tumkur Road,,,Not Applicable,Not Applicable,Not Applicable,Not Applicable,874,Not Applicable,0,,
2024-07-14 03:00:00,CNR9617116796,Success,CID743394,Mini,Mysore Road,Kadugodi,294.0,75.0,Not Applicable,Not Applicable,No,Not Applicable,143,Cash,22,3.9,4.2
2024-07-04 23:54:00,CNR8734164655,Success,CID755575,Bike,Vijayanagar,Hennur,119.0,80.0,Not Applicable,Not Applicable,No,Not Applicable,482,UPI,9,3.3,3.6
2024-07-22 19:37:00,CNR4361134478,Success,CID866255,Bike,Nagarbhavi,Majestic,98.0,100.0,Not Applicable,Not Applicable,No,Not Applicable,242,Cash,39,4.6,4.1
2024-07-18 11:13:00,CNR4511049841,Canceled by Driver,CID145305,Auto,Vijayanagar,Majestic,,,Not Applicable,Customer was coughing/sick,Not Applicable,Not Applicable,181,Not Applicable,0,,
2024-07-04 09:19:00,CNR7647407029,Driver Not Found,CID841895,Auto,JP Nagar,HSR Layout,,,Not Applicable,Not Applicable,Not Applicable,Not Applicable,372,Not Applicable,0,,
2024-07-09 09:05:00,CNR7362148568,Canceled by Driver,CID459949,eBike,Rajarajeshwari Nagar,Shantinagar,,,Not Applicable,Customer was coughing/sick,Not Applicable,Not Applicable,729,Not Applicable,0,,
2024-07-12 23:57:00,CNR6724792317,Success,CID830731,Prime Plus,Richmond Town,Padmanabhanagar,49.0,125.0,Not Applicable,Not Applicable,No,Not Applicable,589,UPI,24,4.7,4.8
2024-07-27 00:50:00,CNR9707266525,Canceled by Driver,CID103434,Mini,Banashankari,Koramangala,,,Not Applicable,Personal & Car related issue,Not Applicable,Not Applicable,304,Not Applicable,0,,
2024-07-28 11:32:00,CNR6425156422,Success,CID979430,Prime Plus,Tumkur Road,Marathahalli,91.0,120.0,Not Applicable,Not Applicable,No,Not Applicable,164,Cash,10,4.1,3.9
2024-07-17 20:08:00,CNR5016008084,Success,CID616015,eBike,Ulsoor,Chickpet,287.0,85.0,Not Applicable,Not Applicable,No,Not Applicable,943,UPI,40,3.8,3.4
2024-07-23 21:21:00,CNR5330128813,Success,CID420548,Prime SUV,Koramangala,Frazer Town,231.0,135.0,Not Applicable,Not Applicable,No,Not Applicable,145,Credit Card,3,4.3,4.8
2024-07-12 20:00:00,CNR7581577621,Success,CID396954,Bike,Banashankari,Hennur,70.0,60.0,Not Applicable,Not Applicable,No,Not Applicable,1295,Cash,6,4.6,4.6
2024-07-09 05:18:00,CNR5801803986,Success,CID470479,Mini,MG Road,Sahakar Nagar,280.0,145.0,Not Applicable,Not Applicable,No,Not Applicable,715,Cash,17,4.5,3.0
2024-07-22 07:46:00,CNR6124983374,Success,CID872473,Auto,Koramangala,KR Puram,84.0,40.0,Not Applicable,Not Applicable,No,Not Applicable,251,Cash,3,4.0,3.5
2024-07-16 22:54:00,CNR8931419316,Success,CID115357,Prime SUV,Sarjapur Road,Whitefield,280.0,60.0,Not Applicable,Not Applicable,No,Not Applicable,517,Cash,16,4.1,4.1
2024-07-18 16:39:00,CNR1596984771,Canceled by Customer,CID363387,Auto,Malleshwaram,Basavanagudi,,,Driver is not moving towards pickup location,Not Applicable,Not Applicable,Not Applicable,341,Not Applicable,0,,
2024-07-25 18:19:00,CNR9107803273,Success,CID247115,Bike,Kammanahalli,Hosur Road,294.0,140.0,Not Applicable,Not Applicable,No,Not Applicable,771,Cash,44,3.7,4.9
2024-07-22 20:08:00,CNR2602168333,Success,CID726213,Prime SUV,Richmond Town,Indiranagar,119.0,135.0,Not Applicable,Not Applicable,No,Not Applicable,287,UPI,15,3.9,4.8
2024-07-25 21:31:00,CNR4555452847,Success,CID231930,Prime Plus,MG Road,JP Nagar,140.0,90.0,Not Applicable,Not Applicable,No,Not Applicable,112,Cash,36,3.8,4.3
2024-07-05 13:52:00,CNR1893923177,Success,CID592579,eBike,Tumkur Road,Jayanagar,231.0,135.0,Not Applicable,Not Applicable,No,Not Applicable,732,UPI,22,3.8,3.1
2024-07-02 23:02:00,CNR5576939944,Success,CID240355,Mini,Rajajinagar,Electronic City,91.0,115.0,Not Applicable,Not Applicable,No,Not Applicable,809,Cash,26,3.4,3.0
2024-07-17 17:20:00,CNR2182316438,Success,CID152035,Prime Plus,Electronic City,Varthur,133.0,70.0,Not Applicable,Not Applicable,No,Not Applicable,257,Cash,12,4.1,3.5
2024-07-13 01:03:00,CNR2004655864,Success,CID672452,Mini,Devanahalli,Kammanahalli,217.0,140.0,Not Applicable,Not Applicable,No,Not Applicable,264,Credit Card,14,3.7,4.5
2024-07-10 10:28:00,CNR7718471167,Success,CID489798,Prime SUV,BTM Layout,Kengeri,252.0,65.0,Not Applicable,Not Applicable,No,Not Applicable,402,Cash,21,4.1,3.9
2024-07-27 00:57:00,CNR3555589123,Success,CID934150,Prime SUV,Ulsoor,Kadugodi,105.0,30.0,Not Applicable,Not Applicable,No,Not Applicable,437,UPI,19,4.3,3.2
2024-07-22 03:18:00,CNR8418565728,Success,CID886269,Auto,Mysore Road,RT Nagar,42.0,50.0,Not Applicable,Not Applicable,Yes,Other Issue,422,Cash,3,3.9,4.4
2024-07-15 19:42:00,CNR2747245946,Success,CID406664,Mini,Majestic,Majestic,252.0,110.0,Not Applicable,Not Applicable,No,Not Applicable,431,Cash,14,4.6,4.1
2024-07-07 15:45:00,CNR3533711970,Success,CID798619,Bike,Rajarajeshwari Nagar,Bellandur,105.0,40.0,Not Applicable,Not Applicable,No,Not Applicable,718,UPI,44,4.0,3.9
2024-07-04 04:22:00,CNR2460550692,Canceled by Customer,CID163132,Prime SUV,Shivajinagar,Bellandur,,,Driver is not moving towards pickup location,Not Applicable,Not Applicable,Not Applicable,373,Not Applicable,0,,
2024-07-16 06:46:00,CNR3353866317,Canceled by Driver,CID777887,Prime Plus,Majestic,Cox Town,,,Not Applicable,Customer related issue,Not Applicable,Not Applicable,556,Not Applicable,0,,
2024-07-22 03:14:00,CNR7663187246,Success,CID487048,Prime Plus,JP Nagar,Whitefield,42.0,110.0,Not Applicable,Not Applicable,No,Not Applicable,460,Cash,48,4.6,3.1
2024-07-12 17:12:00,CNR6888078031,Success,CID980762,Prime SUV,Richmond Town,Shantinagar,84.0,100.0,Not Applicable,Not Applicable,Yes,Vehicle Breakdown,254,Cash,16,4.1,4.4
2024-07-07 22:24:00,CNR4118627046,Canceled by Driver,CID307008,Prime SUV,Bellandur,Basavanagudi,,,Not Applicable,Personal & Car related issue,Not Applicable,Not Applicable,2913,Not Applicable,0,,
2024-07-22 19:55:00,CNR8395732164,Success,CID262256,eBike,Varthur,Hulimavu,119.0,145.0,Not Applicable,Not Applicable,Yes,Other Issue,115,Cash,12,3.1,4.2
2024-07-16 15:44:00,CNR9123547517,Canceled by Driver,CID624524,Prime SUV,Cox Town,Marathahalli,,,Not Applicable,Personal & Car related issue,Not Applicable,Not Applicable,369,Not Applicable,0,,
2024-07-21 22:00:00,CNR3357506715,Canceled by Driver,CID609186,Prime Plus,MG Road,Whitefield,,,Not Applicable,Customer related issue,Not Applicable,Not Applicable,747,Not Applicable,0,,
2024-07-03 05:22:00,CNR4869365379,Driver Not Found,CID136835,Prime Sedan,Bellandur,Bannerghatta Road,,,Not Applicable,Not Applicable,Not Applicable,Not Applicable,284,Not Applicable,0,,
2024-07-02 11:32:00,CNR3409591377,Success,CID794816,Prime SUV,Nagarbhavi,Langford Town,231.0,130.0,Not Applicable,Not Applicable,No,Not Applicable,348,UPI,38,4.6,4.2
2024-07-24 12:05:00,CNR4186798635,Driver Not Found,CID878322,eBike,Basavanagudi,Hulimavu,,,Not Applicable,Not Applicable,Not Applicable,Not Applicable,1802,Not Applicable,0,,
2024-07-03 19:11:00,CNR8219711299,Canceled by Customer,CID431452,eBike,Langford Town,Majestic,,,Driver is not moving towards pickup location,Not Applicable,Not Applicable,Not Applicable,431,Not Applicable,0,,
2024-07-22 10:39:00,CNR8443010835,Success,CID742188,Prime SUV,Ramamurthy Nagar,Vijayanagar,91.0,60.0,Not Applicable,Not Applicable,No,Not Applicable,143,Cash,12,5.0,3.3
2024-07-24 05:48:00,CNR7685311282,Success,CID912300,Prime Plus,Ulsoor,Kadugodi,147.0,105.0,Not Applicable,Not Applicable,No,Not Applicable,840,UPI,30,3.4,3.7
2024-07-16 13:58:00,CNR3736285246,Canceled by Customer,CID663729,Mini,Vijayanagar,Banashankari,,,Driver is not moving towards pickup location,Not Applicable,Not Applicable,Not Applicable,369,Not Applicable,0,,
2024-07-13 10:07:00,CNR9529258794,Canceled by Driver,CID713957,Prime Plus,Indiranagar,RT Nagar,,,Not Applicable,Customer related issue,Not Applicable,Not Applicable,373,Not Applicable,0,,
2024-07-03 21:49:00,CNR4691354683,Success,CID183524,Prime Plus,Hennur,Tumkur Road,308.0,140.0,Not Applicable,Not Applicable,No,Not Applicable,219,Cash,40,4.9,3.2
2024-07-14 02:25:00,CNR5534667210,Canceled by Customer,CID714428,Prime Sedan,Frazer Town,Whitefield,,,Wrong Address,Not Applicable,Not Applicable,Not Applicable,413,Not Applicable,0,,
2024-07-04 11:42:00,CNR6686205969,Success,CID747398,Auto,Malleshwaram,Kadugodi,140.0,40.0,Not Applicable,Not Applicable,No,Not Applicable,429,Cash,19,3.4,3.4
2024-07-11 04:25:00,CNR2313128461,Driver Not Found,CID950308,Prime Sedan,Frazer Town,Majestic,,,Not Applicable,Not Applicable,Not Applicable,Not Applicable,339,Not Applicable,0,,
2024-07-04 20:54:00,CNR3001180366,Driver Not Found,CID864818,eBike,Chickpet,Hosur Road,,,Not Applicable,Not Applicable,Not Applicable,Not Applicable,400,Not Applicable,0,,
2024-07-15 21:09:00,CNR9887594829,Success,CID274052,Bike,MG Road,Chamarajpet,91.0,125.0,Not Applicable,Not Applicable,Yes,Customer Demand,295,Credit Card,11,3.7,4.9
2024-07-20 05:37:00,CNR1298577934,Success,CID538063,Prime Plus,KR Puram,Majestic,259.0,65.0,Not Applicable,Not Applicable,No,Not Applicable,331,Cash,7,3.1,3.5
2024-07-25 03:34:00,CNR4428048317,Success,CID120229,eBike,Richmond Town,Magadi Road,245.0,40.0,Not Applicable,Not Applicable,No,Not Applicable,224,Cash,22,4.3,3.1
2024-07-19 17:52:00,CNR1421541671,Success,CID624928,eBike,Yelahanka,Sahakar Nagar,175.0,30.0,Not Applicable,Not Applicable,No,Not Applicable,332,Cash,39,3.9,3.8
2024-07-19 05:06:00,CNR7273848220,Success,CID970184,Bike,Hulimavu,Kadugodi,196.0,90.0,Not Applicable,Not Applicable,No,Not Applicable,2775,Cash,29,4.8,4.9
2024-07-08 22:12:00,CNR4270665194,Success,CID988319,Prime Plus,Whitefield,Ulsoor,182.0,35.0,Not Applicable,Not Applicable,No,Not Applicable,382,Cash,26,4.2,4.2
2024-07-07 10:37:00,CNR7584159800,Success,CID814097,eBike,Koramangala,Majestic,154.0,95.0,Not Applicable,Not Applicable,No,Not Applicable,152,UPI,4,4.0,4.7
2024-07-01 20:42:00,CNR8880747572,Driver Not Found,CID313458,Prime SUV,Bellandur,Rajajinagar,,,Not Applicable,Not Applicable,Not Applicable,Not Applicable,265,Not Applicable,0,,
2024-07-22 03:29:00,CNR5142396705,Success,CID578588,Bike,Mysore Road,JP Nagar,168.0,95.0,Not Applicable,Not Applicable,No,Not Applicable,349,Cash,30,3.2,4.5
2024-07-03 12:32:00,CNR7282587794,Canceled by Customer,CID951190,eBike,Vijayanagar,Chickpet,,,Change of plans,Not Applicable,Not Applicable,Not Applicable,331,Not Applicable,0,,
2024-07-12 04:44:00,CNR3500582010,Success,CID770621,Prime Plus,Peenya,Magadi Road,77.0,130.0,Not Applicable,Not Applicable,Yes,Customer Demand,121,Cash,12,4.7,4.5
2024-07-17 10:50:00,CNR8002990376,Success,CID367242,Prime Sedan,Chickpet,Hulimavu,154.0,105.0,Not Applicable,Not Applicable,No,Not Applicable,115,Cash,28,5.0,4.0
2024-07-03 20:03:00,CNR4289172817,Canceled by Customer,CID651051,Auto,Peenya,Rajajinagar,,,Change of plans,Not Applicable,Not Applicable,Not Applicable,386,Not Applicable,0,,
2024-07-16 08:06:00,CNR9181703969,Success,CID443162,Mini,KR Puram,KR Puram,287.0,120.0,Not Applicable,Not Applicable,No,Not Applicable,244,Cash,36,4.0,3.0
2024-07-16 23:43:00,CNR2964866703,Success,CID885679,eBike,Richmond Town,Bellandur,287.0,130.0,Not Applicable,Not Applicable,No,Not Applicable,260,Cash,10,4.8,4.4
2024-07-03 12:06:00,CNR8103986437,Success,CID183096,Prime Sedan,Varthur,JP Nagar,84.0,100.0,Not Applicable,Not Applicable,No,Not Applicable,229,Cash,41,3.7,3.5
2024-07-12 13:17:00,CNR3297420812,Success,CID414337,Bike,KR Puram,Yeshwanthpur,147.0,90.0,Not Applicable,Not Applicable,No,Not Applicable,103,Cash,23,3.2,4.0
2024-07-02 03:08:00,CNR8739631093,Canceled by Driver,CID467638,Prime Plus,Kengeri,Cox Town,,,Not Applicable,More than permitted people in there,Not Applicable,Not Applicable,2876,Not Applicable,0,,
2024-07-01 17:36:00,CNR7164330155,Success,CID532133,Mini,Malleshwaram,Banashankari,140.0,55.0,Not Applicable,Not Applicable,No,Not Applicable,365,Cash,49,3.6,4.5
2024-07-22 02:37:00,CNR3112448770,Canceled by Driver,CID713429,Mini,Varthur,Sarjapur Road,,,Not Applicable,Customer related issue,Not Applicable,Not Applicable,429,Not Applicable,0,,
2024-07-27 15:31:00,CNR6959978147,Success,CID529013,Prime Sedan,Koramangala,Chamarajpet,273.0,130.0,Not Applicable,Not Applicable,No,Not Applicable,214,Cash,41,3.9,3.8
2024-07-21 20:46:00,CNR3083539432,Success,CID931447,Prime Plus,Marathahalli,Basavanagudi,126.0,75.0,Not Applicable,Not Applicable,No,Not Applicable,140,UPI,34,4.0,3.6
2024-07-08 01:45:00,CNR8618075260,Canceled by Customer,CID389648,Bike,KR Puram,Kadugodi,,,Driver is not moving towards pickup location,Not Applicable,Not Applicable,Not Applicable,917,Not Applicable,0,,
2024-07-29 13:56:00,CNR3539978518,Canceled by Customer,CID927109,Auto,Sarjapur Road,Rajajinagar,,,Wrong Address,Not Applicable,Not Applicable,Not Applicable,359,Not Applicable,0,,
2024-07-03 07:14:00,CNR2054137794,Canceled by Customer,CID720312,Prime SUV,Kammanahalli,Yeshwanthpur,,,Driver asked to cancel,Not Applicable,Not Applicable,Not Applicable,100,Not Applicable,0,,
2024-07-08 08:01:00,CNR6126443131,Success,CID259533,Prime Plus,JP Nagar,Ramamurthy Nagar,273.0,75.0,Not Applicable,Not Applicable,No,Not Applicable,113,UPI,4,3.4,3.4
2024-07-30 03:53:00,CNR6955674339,Canceled by Driver,CID551691,Prime Plus,Sarjapur Road,Hebbal,,,Not Applicable,Customer related issue,Not Applicable,Not Applicable,915,Not Applicable,0,,
2024-07-27 08:03:00,CNR7084125563,Canceled by Customer,CID719451,Prime SUV,RT Nagar,Kadugodi,,,Driver is not moving towards pickup location,Not Applicable,Not Applicable,Not Applicable,327,Not Applicable,0,,
2024-07-06 23:37:00,CNR3800580906,Success,CID463506,Prime Sedan,Whitefield,Banashankari,217.0,25.0,Not Applicable,Not Applicable,No,Not Applicable,197,UPI,38,4.5,3.7
2024-07-06 08:53:00,CNR1671322823,Canceled by Customer,CID567135,Prime SUV,Magadi Road,Cox Town,,,Wrong Address,Not Applicable,Not Applicable,Not Applicable,459,Not Applicable,0,,
2024-07-16 11:15:00,CNR6943487966,Driver Not Found,CID128548,Prime SUV,Cox Town,Kengeri,,,Not Applicable,Not Applicable,Not Applicable,Not Applicable,465,Not Applicable,0,,
2024-07-17 13:01:00,CNR2949969140,Success,CID933447,Prime SUV,JP Nagar,KR Puram,112.0,50.0,Not Applicable,Not Applicable,No,Not Applicable,223,Cash,14,3.8,4.8
2024-07-24 08:46:00,CNR9322499447,Success,CID558252,eBike,Koramangala,KR Puram,217.0,95.0,Not Applicable,Not Applicable,No,Not Applicable,2213,UPI,35,4.6,4.8
2024-07-01 13:55:00,CNR4969811521,Canceled by Customer,CID158785,Prime Sedan,MG Road,Marathahalli,,,Change of plans,Not Applicable,Not Applicable,Not Applicable,893,Not Applicable,0,,
2024-07-21 08:24:00,CNR4353720188,Canceled by Customer,CID820767,eBike,Chamarajpet,Peenya,,,Change of plans,Not Applicable,Not Applicable,Not Applicable,204,Not Applicable,0,,
2024-07-18 00:26:00,CNR8478825923,Success,CID159714,Mini,Hosur Road,Yelahanka,49.0,45.0,Not Applicable,Not Applicable,No,Not Applicable,265,UPI,49,3.6,3.4
2024-07-18 06:25:00,CNR2008186559,Canceled by Driver,CID884989,Auto,Sarjapur Road,Yelahanka,,,Not Applicable,Customer was coughing/sick,Not Applicable,Not Applicable,235,Not Applicable,0,,
2024-07-30 03:31:00,CNR2320749188,Canceled by Driver,CID124226,Auto,Devanahalli,BTM Layout,,,Not Applicable,Customer related issue,Not Applicable,Not Applicable,2873,Not Applicable,0,,
2024-07-28 14:03:00,CNR4650675148,Success,CID180206,Auto,Hennur,Sahakar Nagar,56.0,100.0,Not Applicable,Not Applicable,No,Not Applicable,362,Cash,3,5.0,3.1
2024-07-01 00:33:00,CNR6665659728,Success,CID352106,Prime SUV,Mysore Road,Shivajinagar,266.0,50.0,Not Applicable,Not Applicable,No,Not Applicable,113,Cash,31,5.0,3.1
2024-07-05 06:39:00,CNR8273464288,Success,CID740383,Auto,Marathahalli,Hulimavu,287.0,30.0,Not Applicable,Not Applicable,No,Not Applicable,473,UPI,7,4.1,3.4
2024-07-03 14:24:00,CNR8184367921,Canceled by Customer,CID472379,Mini,Frazer Town,Tumkur Road,,,Change of plans,Not Applicable,Not Applicable,Not Applicable,144,Not Applicable,0,,
2024-07-23 09:32:00,CNR2637509623,Driver Not Found,CID602361,Prime SUV,Vijayanagar,BTM Layout,,,Not Applicable,Not Applicable,Not Applicable,Not Applicable,215,Not Applicable,0,,
2024-07-11 21:16:00,CNR1748881120,Success,CID129751,Prime Sedan,Hulimavu,Bellandur,259.0,115.0,Not Applicable,Not Applicable,No,Not Applicable,2024,Cash,29,4.5,3.4
2024-07-13 15:52:00,CNR4941167668,Driver Not Found,CID129927,Prime SUV,JP Nagar,Richmond Town,,,Not Applicable,Not Applicable,Not Applicable,Not Applicable,512,Not Applicable,0,,
2024-07-25 21:05:00,CNR3583854515,Success,CID598236,Auto,Vijayanagar,Chamarajpet,217.0,30.0,Not Applicable,Not Applicable,No,Not Applicable,256,UPI,17,4.1,3.9
2024-07-08 16:49:00,CNR2566813001,Driver Not Found,CID742691,eBike,JP Nagar,Tumkur Road,,,Not Applicable,Not Applicable,Not Applicable,Not Applicable,121,Not Applicable,0,,
2024-07-10 15:09:00,CNR5183816732,Success,CID508120,eBike,Ulsoor,Vijayanagar,301.0,145.0,Not Applicable,Not Applicable,No,Not Applicable,367,Cash,8,3.9,4.8
2024-07-09 04:26:00,CNR7984611530,Success,CID336024,Prime Plus,Chamarajpet,Padmanabhanagar,77.0,30.0,Not Applicable,Not Applicable,No,Not Applicable,1293,Cash,24,4.0,3.6
2024-07-20 00:21:00,CNR3862966245,Success,CID311919,eBike,Sarjapur Road,Basavanagudi,266.0,60.0,Not Applicable,Not Applicable,No,Not Applicable,953,UPI,19,4.0,4.0
2024-07-30 23:27:00,CNR5046052310,Canceled by Customer,CID897359,Prime Plus,BTM Layout,Ulsoor,,,Driver is not moving towards pickup location,Not Applicable,Not Applicable,Not Applicable,726,Not Applicable,0,,
2024-07-07 12:18:00,CNR9679600079,Success,CID765366,Auto,Hennur,Langford Town,217.0,75.0,Not Applicable,Not Applicable,No,Not Applicable,131,Cash,19,3.3,4.3
2024-07-21 11:22:00,CNR7380680483,Success,CID533834,Prime Sedan,Nagarbhavi,Chickpet,91.0,60.0,Not Applicable,Not Applicable,No,Not Applicable,656,Cash,44,3.1,3.6
2024-07-05 13:16:00,CNR9130167831,Canceled by Driver,CID615542,Auto,Nagarbhavi,Devanahalli,,,Not Applicable,Customer was coughing/sick,Not Applicable,Not Applicable,259,Not Applicable,0,,
2024-07-27 20:02:00,CNR9731897201,Success,CID854498,eBike,Yeshwanthpur,Indiranagar,280.0,45.0,Not Applicable,Not Applicable,No,Not Applicable,465,Cash,48,4.7,3.4
2024-07-23 01:39:00,CNR9158404072,Success,CID349172,eBike,Malleshwaram,Chickpet,238.0,135.0,Not Applicable,Not Applicable,No,Not Applicable,336,Cash,17,4.0,3.9
2024-07-14 16:39:00,CNR1592512216,Canceled by Driver,CID336682,Auto,Chamarajpet,HSR Layout,,,Not Applicable,Personal & Car related issue,Not Applicable,Not Applicable,399,Not Applicable,0,,
2024-07-19 08:43:00,CNR9928704390,Success,CID188578,Bike,Padmanabhanagar,Hebbal,98.0,80.0,Not Applicable,Not Applicable,No,Not Applicable,2777,UPI,17,4.5,3.7
2024-07-28 20:26:00,CNR6278883297,Success,CID735107,Mini,Indiranagar,BTM Layout,140.0,30.0,Not Applicable,Not Applicable,No,Not Applicable,130,Cash,30,3.1,4.5
2024-07-17 02:40:00,CNR5684436328,Success,CID527165,Prime Plus,Kengeri,RT Nagar,119.0,110.0,Not Applicable,Not Applicable,No,Not Applicable,199,Cash,27,4.2,4.8
2024-07-02 23:14:00,CNR9798502991,Success,CID893041,Mini,Nagarbhavi,RT Nagar,245.0,70.0,Not Applicable,Not Applicable,No,Not Applicable,454,Cash,37,3.3,4.9
2024-07-14 10:11:00,CNR9765733172,Success,CID654640,Prime Plus,Nagarbhavi,Hosur Road,308.0,130.0,Not Applicable,Not Applicable,No,Not Applicable,422,UPI,9,4.3,3.6
2024-07-08 02:01:00,CNR3149967570,Success,CID181654,Auto,Ulsoor,Sarjapur Road,245.0,140.0,Not Applicable,Not Applicable,No,Not Applicable,618,Cash,19,4.2,3.9
2024-07-17 22:27:00,CNR5244256285,Success,CID138316,Mini,Rajarajeshwari Nagar,Basavanagudi,105.0,120.0,Not Applicable,Not Applicable,No,Not Applicable,630,UPI,35,4.4,3.1
2024-07-15 13:29:00,CNR1222910435,Driver Not Found,CID652793,Bike,Bellandur,Indiranagar,,,Not Applicable,Not Applicable,Not Applicable,Not Applicable,868,Not Applicable,0,,
2024-07-05 10:48:00,CNR7254842745,Driver Not Found,CID633323,Prime Sedan,Malleshwaram,Shantinagar,,,Not Applicable,Not Applicable,Not Applicable,Not Applicable,146,Not Applicable,0,,
2024-07-14 12:53:00,CNR5632293138,Canceled by Driver,CID442656,Bike,Tumkur Road,Jayanagar,,,Not Applicable,Personal & Car related issue,Not Applicable,Not Applicable,466,Not Applicable,0,,
2024-07-22 23:52:00,CNR7909377159,Canceled by Customer,CID532249,Auto,BTM Layout,Yelahanka,,,Driver asked to cancel,Not Applicable,Not Applicable,Not Applicable,2889,Not Applicable,0,,
2024-07-01 03:32:00,CNR8000607466,Success,CID659234,Mini,Devanahalli,Basavanagudi,133.0,95.0,Not Applicable,Not Applicable,No,Not Applicable,143,UPI,2,4.5,4.2
2024-07-06 15:58:00,CNR7844476175,Canceled by Driver,CID641144,Mini,Indiranagar,Electronic City,,,Not Applicable,More than permitted people in there,Not Applicable,Not Applicable,185,Not Applicable,0,,
2024-07-21 20:05:00,CNR8722174916,Success,CID500690,Prime Sedan,KR Puram,Mysore Road,245.0,55.0,Not Applicable,Not Applicable,No,Not Applicable,2812,UPI,5,3.7,4.7
2024-07-12 17:10:00,CNR4723012587,Success,CID578704,Bike,Banashankari,Chamarajpet,203.0,100.0,Not Applicable,Not Applicable,No,Not Applicable,512,Cash,13,4.0,3.7
2024-07-17 20:37:00,CNR2955574264,Driver Not Found,CID381238,Prime SUV,Padmanabhanagar,Yeshwanthpur,,,Not Applicable,Not Applicable,Not Applicable,Not Applicable,875,Not Applicable,0,,
2024-07-24 03:19:00,CNR1276369958,Success,CID851129,Prime Plus,Hennur,Richmond Town,126.0,130.0,Not Applicable,Not Applicable,No,Not Applicable,130,Cash,38,3.6,4.9
2024-07-09 20:28:00,CNR4717991785,Canceled by Driver,CID993569,eBike,Hulimavu,Banashankari,,,Not Applicable,Customer related issue,Not Applicable,Not Applicable,400,Not Applicable,0,,
2024-07-14 16:52:00,CNR2140077534,Canceled by Driver,CID482837,Prime Sedan,KR Puram,RT Nagar,,,Not Applicable,Customer was coughing/sick,Not Applicable,Not Applicable,1686,Not Applicable,0,,
2024-07-13 23:36:00,CNR9640415672,Canceled by Driver,CID289647,Auto,Richmond Town,Malleshwaram,,,Not Applicable,Customer related issue,Not Applicable,Not Applicable,262,Not Applicable,0,,
2024-07-14 17:15:00,CNR5502785527,Driver Not Found,CID765996,Prime Plus,KR Puram,Richmond Town,,,Not Applicable,Not Applicable,Not Applicable,Not Applicable,235,Not Applicable,0,,
2024-07-13 19:04:00,CNR6423024636,Success,CID612614,eBike,Yelahanka,Malleshwaram,91.0,140.0,Not Applicable,Not Applicable,No,Not Applicable,2498,UPI,34,3.1,4.8
2024-07-21 05:04:00,CNR1922158719,Success,CID809240,Bike,Hebbal,Bannerghatta Road,252.0,95.0,Not Applicable,Not Applicable,No,Not Applicable,660,Cash,11,4.5,3.6
2024-07-27 04:34:00,CNR7776126216,Success,CID402704,Mini,Kengeri,Hosur Road,161.0,80.0,Not Applicable,Not Applicable,No,Not Applicable,318,Cash,33,4.0,3.4
2024-07-22 12:26:00,CNR7520504299,Canceled by Driver,CID295319,eBike,Rajajinagar,Kammanahalli,,,Not Applicable,Personal & Car related issue,Not Applicable,Not Applicable,250,Not Applicable,0,,
2024-07-14 17:06:00,CNR6244916797,Driver Not Found,CID449956,Auto,Frazer Town,Ramamurthy Nagar,,,Not Applicable,Not Applicable,Not Applicable,Not Applicable,1902,Not Applicable,0,,
2024-07-04 10:09:00,CNR1647342743,Success,CID573326,eBike,Nagarbhavi,MG Road,189.0,95.0,Not Applicable,Not Applicable,No,Not Applicable,161,Cash,22,3.2,3.4
2024-07-13 04:18:00,CNR2150183062,Canceled by Driver,CID846477,Bike,Hosur Road,Yelahanka,,,Not Applicable,Customer was coughing/sick,Not Applicable,Not Applicable,322,Not Applicable,0,,
2024-07-12 18:23:00,CNR3202539273,Success,CID498953,Mini,Devanahalli,Hennur,91.0,30.0,Not Applicable,Not Applicable,No,Not Applicable,490,UPI,28,3.4,3.2
2024-07-11 11:20:00,CNR1062827814,Canceled by Customer,CID781866,Bike,Rajajinagar,Hebbal,,,Driver is not moving towards pickup location,Not Applicable,Not Applicable,Not Applicable,170,Not Applicable,0,,
2024-07-29 15:27:00,CNR8250240737,Driver Not Found,CID670563,Prime Plus,Devanahalli,Hosur Road,,,Not Applicable,Not Applicable,Not Applicable,Not Applicable,935,Not Applicable,0,,
2024-07-07 06:50:00,CNR5274611683,Success,CID785830,Mini,BTM Layout,Kengeri,266.0,65.0,Not Applicable,Not Applicable,No,Not Applicable,264,Cash,17,4.8,4.3
2024-07-14 15:31:00,CNR4404189249,Success,CID852301,Prime SUV,Yeshwanthpur,Whitefield,301.0,145.0,Not Applicable,Not Applicable,No,Not Applicable,715,Cash,8,4.0,3.4
2024-07-27 21:50:00,CNR1320284911,Success,CID337927,Bike,Marathahalli,Padmanabhanagar,182.0,90.0,Not Applicable,Not Applicable,No,Not Applicable,604,Cash,23,3.0,3.1
2024-07-22 02:13:00,CNR1387690695,Success,CID974940,Auto,Majestic,Bellandur,84.0,40.0,Not Applicable,Not Applicable,No,Not Applicable,158,UPI,16,3.3,4.2
2024-07-09 17:01:00,CNR8838346749,Driver Not Found,CID947979,Bike,Banashankari,Magadi Road,,,Not Applicable,Not Applicable,Not Applicable,Not Applicable,408,Not Applicable,0,,
2024-07-19 02:36:00,CNR9300265887,Success,CID779485,Auto,Rajajinagar,Rajajinagar,140.0,70.0,Not Applicable,Not Applicable,No,Not Applicable,455,UPI,1,3.3,3.4
2024-07-22 22:19:00,CNR3115526461,Canceled by Driver,CID243253,Prime Plus,Bellandur,Yeshwanthpur,,,Not Applicable,Customer related issue,Not Applicable,Not Applicable,296,Not Applicable,0,,
2024-07-15 16:04:00,CNR8159835208,Success,CID297208,Bike,MG Road,Kadugodi,308.0,100.0,Not Applicable,Not Applicable,No,Not Applicable,292,Cash,44,4.4,3.9
2024-07-01 01:30:00,CNR2934071080,Success,CID488355,Prime SUV,Banashankari,HSR Layout,35.0,115.0,Not Applicable,Not Applicable,No,Not Applicable,341,Credit Card,24,4.1,4.3
2024-07-19 18:24:00,CNR3013530739,Canceled by Customer,CID425008,Mini,Shantinagar,Majestic,,,Driver asked to cancel,Not Applicable,Not Applicable,Not Applicable,849,Not Applicable,0,,
2024-07-24 22:41:00,CNR1044896310,Success,CID224931,Mini,Indiranagar,Ramamurthy Nagar,133.0,110.0,Not Applicable,Not Applicable,No,Not Applicable,655,UPI,6,3.6,3.5
2024-07-05 20:44:00,CNR2550086740,Success,CID638593,Prime Plus,Chamarajpet,Hennur,224.0,140.0,Not Applicable,Not Applicable,No,Not Applicable,270,Cash,17,3.0,4.8
2024-07-21 09:58:00,CNR1215236895,Driver Not Found,CID211895,Bike,KR Puram,Malleshwaram,,,Not Applicable,Not Applicable,Not Applicable,Not Applicable,271,Not Applicable,0,,
2024-07-20 21:31:00,CNR2147132023,Success,CID878803,Bike,Tumkur Road,Magadi Road,301.0,115.0,Not Applicable,Not Applicable,No,Not Applicable,397,UPI,33,4.0,3.5
2024-07-11 20:17:00,CNR2205445019,Success,CID160754,Prime SUV,Hosur Road,Basavanagudi,294.0,95.0,Not Applicable,Not Applicable,No,Not Applicable,232,UPI,34,3.3,4.7
2024-07-01 06:54:00,CNR5490522631,Canceled by Driver,CID954885,Prime SUV,Koramangala,Majestic,,,Not Applicable,Customer related issue,Not Applicable,Not Applicable,386,Not Applicable,0,,
2024-07-25 07:14:00,CNR6443856447,Success,CID541999,Prime Plus,RT Nagar,Hennur,105.0,45.0,Not Applicable,Not Applicable,No,Not Applicable,324,Cash,38,4.4,4.2
2024-07-05 06:01:00,CNR2148486854,Success,CID553171,Bike,Marathahalli,Electronic City,217.0,85.0,Not Applicable,Not Applicable,No,Not Applicable,717,Cash,13,4.1,3.7
2024-07-02 11:10:00,CNR1667225578,Success,CID656505,Prime Plus,Tumkur Road,HSR Layout,70.0,145.0,Not Applicable,Not Applicable,No,Not Applicable,404,Credit Card,43,3.0,3.3
2024-07-03 16:14:00,CNR4570608270,Success,CID540300,Mini,Malleshwaram,Indiranagar,133.0,100.0,Not Applicable,Not Applicable,No,Not Applicable,130,UPI,47,3.4,3.4
2024-07-17 17:38:00,CNR2282208878,Success,CID840862,Auto,Yelahanka,Bannerghatta Road,308.0,40.0,Not Applicable,Not Applicable,No,Not Applicable,129,Cash,5,4.3,4.7
2024-07-20 15:26:00,CNR7856043417,Canceled by Customer,CID658525,eBike,Padmanabhanagar,Chamarajpet,,,Driver is not moving towards pickup location,Not Applicable,Not Applicable,Not Applicable,316,Not Applicable,0,,
2024-07-03 12:18:00,CNR6471778328,Success,CID626909,Mini,Nagarbhavi,Whitefield,217.0,45.0,Not Applicable,Not Applicable,No,Not Applicable,438,Cash,23,4.6,3.3
2024-07-23 19:44:00,CNR3049916970,Driver Not Found,CID575347,Prime SUV,Devanahalli,Ramamurthy Nagar,,,Not Applicable,Not Applicable,Not Applicable,Not Applicable,963,Not Applicable,0,,
2024-07-03 06:32:00,CNR9130408366,Driver Not Found,CID324984,Prime SUV,Kengeri,Koramangala,,,Not Applicable,Not Applicable,Not Applicable,Not Applicable,850,Not Applicable,0,,
2024-07-09 15:59:00,CNR2486168430,Canceled by Driver,CID765224,Auto,Devanahalli,Ramamurthy Nagar,,,Not Applicable,Personal & Car related issue,Not Applicable,Not Applicable,219,Not Applicable,0,,
2024-07-09 23:12:00,CNR2160042463,Success,CID837470,Prime SUV,Indiranagar,Hosur Road,98.0,90.0,Not Applicable,Not Applicable,No,Not Applicable,615,Cash,8,3.4,4.3
2024-07-19 03:07:00,CNR8892156492,Canceled by Customer,CID234602,Mini,Majestic,Magadi Road,,,Driver is not moving towards pickup location,Not Applicable,Not Applicable,Not Applicable,143,Not Applicable,0,,
2024-07-10 04:11:00,CNR2386433507,Success,CID197754,Prime Sedan,Yelahanka,Richmond Town,105.0,30.0,Not Applicable,Not Applicable,No,Not Applicable,550,Cash,20,3.2,3.1
2024-07-28 07:52:00,CNR5735966686,Success,CID340977,eBike,Vijayanagar,JP Nagar,287.0,145.0,Not Applicable,Not Applicable,No,Not Applicable,304,Cash,40,4.8,3.6
2024-07-23 09:53:00,CNR3858979352,Canceled by Driver,CID293554,Prime SUV,Shantinagar,Kadugodi,,,Not Applicable,More than permitted people in there,Not Applicable,Not Applicable,212,Not Applicable,0,,
2024-07-06 16:52:00,CNR1267227530,Success,CID635242,Prime Sedan,Varthur,Marathahalli,280.0,125.0,Not Applicable,Not Applicable,No,Not Applicable,1796,Cash,11,4.3,3.4
2024-07-25 04:25:00,CNR4306912717,Success,CID273644,Prime Plus,Cox Town,Ulsoor,245.0,50.0,Not Applicable,Not Applicable,No,Not Applicable,186,UPI,5,3.8,4.6
2024-07-14 09:55:00,CNR5371828833,Success,CID790854,eBike,Malleshwaram,Vijayanagar,98.0,45.0,Not Applicable,Not Applicable,No,Not Applicable,489,UPI,7,3.9,4.1
2024-07-26 14:37:00,CNR5266311633,Success,CID328709,Prime SUV,Hennur,Jayanagar,231.0,30.0,Not Applicable,Not Applicable,No,Not Applicable,719,Cash,5,3.6,4.9
2024-07-24 01:36:00,CNR9036445233,Success,CID842538,eBike,Koramangala,Yeshwanthpur,294.0,115.0,Not Applicable,Not Applicable,No,Not Applicable,494,UPI,3,4.2,4.1
2024-07-20 06:22:00,CNR7965024328,Success,CID424860,Auto,BTM Layout,Ulsoor,266.0,110.0,Not Applicable,Not Applicable,No,Not Applicable,112,Cash,11,3.6,4.2
2024-07-24 12:20:00,CNR4237389733,Canceled by Driver,CID709195,Prime Plus,Hebbal,Yeshwanthpur,,,Not Applicable,Personal & Car related issue,Not Applicable,Not Applicable,396,Not Applicable,0,,
2024-07-26 04:13:00,CNR9420944162,Success,CID903498,Prime SUV,Banashankari,Kammanahalli,154.0,125.0,Not Applicable,Not Applicable,No,Not Applicable,316,UPI,39,4.8,4.0
2024-07-06 21:10:00,CNR4626021015,Success,CID730018,Prime Sedan,Shantinagar,Sarjapur Road,245.0,25.0,Not Applicable,Not Applicable,No,Not Applicable,2574,UPI,22,3.5,3.7
2024-07-01 01:05:00,CNR7444222216,Success,CID335529,Bike,BTM Layout,Shantinagar,266.0,100.0,Not Applicable,Not Applicable,No,Not Applicable,2283,UPI,16,4.5,4.2
2024-07-17 05:55:00,CNR9550154881,Success,CID486565,Prime SUV,Cox Town,Sahakar Nagar,56.0,50.0,Not Applicable,Not Applicable,No,Not Applicable,302,UPI,32,4.7,3.7
2024-07-21 22:56:00,CNR6682472219,Success,CID210367,Prime Plus,HSR Layout,Hulimavu,98.0,130.0,Not Applicable,Not Applicable,No,Not Applicable,457,UPI,49,4.7,3.1
2024-07-13 18:44:00,CNR6150616158,Canceled by Driver,CID676339,Prime Plus,Sarjapur Road,Banashankari,,,Not Applicable,Personal & Car related issue,Not Applicable,Not Applicable,2384,Not Applicable,0,,
2024-07-04 06:47:00,CNR7024378750,Canceled by Customer,CID612247,Bike,JP Nagar,Ramamurthy Nagar,,,Driver is not moving towards pickup location,Not Applicable,Not Applicable,Not Applicable,2640,Not Applicable,0,,
2024-07-20 21:34:00,CNR6658756596,Success,CID605719,Prime Plus,Basavanagudi,Yelahanka,301.0,25.0,Not Applicable,Not Applicable,No,Not Applicable,204,Cash,30,3.2,4.9
2024-07-23 23:17:00,CNR6252815574,Success,CID249799,eBike,Indiranagar,HSR Layout,140.0,95.0,Not Applicable,Not Applicable,No,Not Applicable,243,Credit Card,47,3.7,3.6
2024-07-03 11:17:00,CNR2039496910,Success,CID105615,Prime Plus,Hulimavu,Yelahanka,245.0,120.0,Not Applicable,Not Applicable,No,Not Applicable,428,Cash,12,4.4,4.2
2024-07-17 22:51:00,CNR3665808481,Success,CID661128,Prime SUV,Indiranagar,Kammanahalli,56.0,25.0,Not Applicable,Not Applicable,No,Not Applicable,199,UPI,29,4.4,4.1
2024-07-02 16:15:00,CNR9792925963,Driver Not Found,CID252022,Auto,Yeshwanthpur,Sahakar Nagar,,,Not Applicable,Not Applicable,Not Applicable,Not Applicable,470,Not Applicable,0,,
2024-07-16 17:39:00,CNR6805041364,Success,CID728004,Prime Sedan,Banashankari,Bannerghatta Road,112.0,50.0,Not Applicable,Not Applicable,No,Not Applicable,1412,Cash,47,4.3,3.8
2024-07-26 06:21:00,CNR4381833388,Success,CID335544,Prime Sedan,RT Nagar,Indiranagar,259.0,130.0,Not Applicable,Not Applicable,Yes,Vehicle Breakdown,951,Cash,47,4.8,4.6
2024-07-03 03:57:00,CNR7702972237,Canceled by Driver,CID792797,Mini,Whitefield,Malleshwaram,,,Not Applicable,Personal & Car related issue,Not Applicable,Not Applicable,2717,Not Applicable,0,,
2024-07-02 14:46:00,CNR1256651200,Success,CID304597,Prime Plus,Bellandur,Cox Town,126.0,65.0,Not Applicable,Not Applicable,No,Not Applicable,210,Cash,7,3.8,3.9
2024-07-05 03:49:00,CNR7662670369,Success,CID885590,Auto,Chamarajpet,Banashankari,35.0,135.0,Not Applicable,Not Applicable,No,Not Applicable,149,Cash,7,4.5,3.6
2024-07-17 23:45:00,CNR2285526303,Canceled by Driver,CID481831,Mini,Magadi Road,Koramangala,,,Not Applicable,More than permitted people in there,Not Applicable,Not Applicable,429,Not Applicable,0,,
2024-07-23 08:48:00,CNR5264274658,Canceled by Customer,CID618247,eBike,Rajajinagar,Koramangala,,,Wrong Address,Not Applicable,Not Applicable,Not Applicable,372,Not Applicable,0,,
2024-07-30 05:23:00,CNR3976931929,Canceled by Driver,CID585331,Bike,Kammanahalli,Magadi Road,,,Not Applicable,Customer related issue,Not Applicable,Not Applicable,246,Not Applicable,0,,
2024-07-15 17:33:00,CNR9003339953,Success,CID328093,Mini,Richmond Town,Richmond Town,203.0,60.0,Not Applicable,Not Applicable,No,Not Applicable,747,Cash,8,3.2,4.3
2024-07-26 06:17:00,CNR5273566253,Success,CID265597,Mini,KR Puram,Peenya,140.0,65.0,Not Applicable,Not Applicable,No,Not Applicable,261,Cash,12,4.2,4.8
2024-07-01 14:00:00,CNR6716571096,Success,CID797733,Mini,Shivajinagar,Sahakar Nagar,217.0,110.0,Not Applicable,Not Applicable,No,Not Applicable,544,Cash,33,3.2,3.7
2024-07-18 22:15:00,CNR3707532904,Success,CID588823,Mini,Sahakar Nagar,Indiranagar,42.0,120.0,Not Applicable,Not Applicable,No,Not Applicable,430,Cash,47,4.0,4.0
2024-07-30 16:03:00,CNR4133237493,Canceled by Driver,CID678072,Mini,HSR Layout,Hennur,,,Not Applicable,Customer related issue,Not Applicable,Not Applicable,406,Not Applicable,0,,
2024-07-18 16:15:00,CNR9488450673,Success,CID474246,Prime SUV,Kammanahalli,Electronic City,42.0,115.0,Not Applicable,Not Applicable,No,Not Applicable,261,Cash,35,3.0,3.5
2024-07-15 10:39:00,CNR5289620752,Success,CID815043,Prime Plus,Varthur,Bannerghatta Road,301.0,45.0,Not Applicable,Not Applicable,No,Not Applicable,341,UPI,33,3.4,4.4
2024-07-10 11:40:00,CNR6182846499,Success,CID525172,Prime SUV,Shantinagar,Yeshwanthpur,168.0,45.0,Not Applicable,Not Applicable,No,Not Applicable,739,Cash,42,3.7,3.8
2024-07-08 23:55:00,CNR1753374044,Driver Not Found,CID115554,Prime Sedan,Kammanahalli,Jayanagar,,,Not Applicable,Not Applicable,Not Applicable,Not Applicable,157,Not Applicable,0,,
2024-07-25 20:19:00,CNR3295224471,Canceled by Driver,CID496006,Prime Plus,RT Nagar,Banashankari,,,Not Applicable,Customer related issue,Not Applicable,Not Applicable,160,Not Applicable,0,,
2024-07-16 05:29:00,CNR6172931646,Success,CID241709,Auto,Magadi Road,Kadugodi,245.0,55.0,Not Applicable,Not Applicable,No,Not Applicable,170,Cash,16,4.2,4.9
2024-07-26 07:32:00,CNR5013391986,Driver Not Found,CID591182,Mini,MG Road,Sarjapur Road,,,Not Applicable,Not Applicable,Not Applicable,Not Applicable,527,Not Applicable,0,,
2024-07-05 03:22:00,CNR8530112264,Canceled by Driver,CID925647,eBike,Vijayanagar,Ramamurthy Nagar,,,Not Applicable,Personal & Car related issue,Not Applicable,Not Applicable,113,Not Applicable,0,,
2024-07-23 09:03:00,CNR2353748961,Success,CID196918,Auto,HSR Layout,MG Road,259.0,115.0,Not Applicable,Not Applicable,No,Not Applicable,371,Cash,10,4.8,3.3
2024-07-18 03:27:00,CNR1704769485,Success,CID302063,Mini,Peenya,Bannerghatta Road,63.0,120.0,Not Applicable,Not Applicable,No,Not Applicable,400,Cash,1,3.1,3.6
2024-07-06 13:35:00,CNR7143690623,Success,CID152430,Mini,Hennur,Langford Town,245.0,70.0,Not Applicable,Not Applicable,No,Not Applicable,110,Cash,26,4.4,4.2
2024-07-06 18:50:00,CNR8053401761,Success,CID814449,Prime Sedan,Rajajinagar,Yeshwanthpur,70.0,60.0,Not Applicable,Not Applicable,No,Not Applicable,383,Credit Card,47,3.6,4.7
2024-07-07 23:24:00,CNR7680094519,Success,CID796201,Prime Sedan,Hosur Road,Electronic City,182.0,50.0,Not Applicable,Not Applicable,No,Not Applicable,995,UPI,24,4.7,4.6
2024-07-27 13:32:00,CNR7219051352,Success,CID678686,eBike,Koramangala,Padmanabhanagar,77.0,145.0,Not Applicable,Not Applicable,No,Not Applicable,243,Cash,42,3.9,4.8
2024-07-01 02:31:00,CNR4173773045,Success,CID887520,Prime Sedan,Mysore Road,Bannerghatta Road,182.0,105.0,Not Applicable,Not Applicable,No,Not Applicable,171,UPI,23,3.7,3.5
2024-07-04 22:38:00,CNR6390465501,Success,CID401710,Prime Plus,Bellandur,Devanahalli,238.0,70.0,Not Applicable,Not Applicable,No,Not Applicable,1479,UPI,39,4.8,3.1
2024-07-22 10:46:00,CNR2169099091,Success,CID574500,eBike,Malleshwaram,Hulimavu,126.0,140.0,Not Applicable,Not Applicable,No,Not Applicable,119,Cash,9,4.2,3.9
2024-07-05 11:43:00,CNR1707740074,Canceled by Customer,CID724603,Mini,Marathahalli,Kammanahalli,,,Driver asked to cancel,Not Applicable,Not Applicable,Not Applicable,520,Not Applicable,0,,
2024-07-24 05:55:00,CNR5350238222,Success,CID796676,eBike,Frazer Town,Nagarbhavi,168.0,135.0,Not Applicable,Not Applicable,No,Not Applicable,254,Cash,15,4.2,5.0
2024-07-24 18:06:00,CNR4191341312,Success,CID956556,Auto,KR Puram,Shivajinagar,49.0,145.0,Not Applicable,Not Applicable,No,Not Applicable,244,UPI,15,4.0,3.0
2024-07-14 02:53:00,CNR4971350416,Success,CID206116,Mini,Basavanagudi,Hennur,77.0,50.0,Not Applicable,Not Applicable,Yes,Customer Demand,438,UPI,9,3.9,4.1
2024-07-04 08:28:00,CNR4115209608,Success,CID984623,Prime SUV,Majestic,Nagarbhavi,280.0,35.0,Not Applicable,Not Applicable,No,Not Applicable,337,UPI,25,4.1,4.0
2024-07-18 12:11:00,CNR7699695198,Canceled by Driver,CID203486,Prime Plus,Kadugodi,RT Nagar,,,Not Applicable,Personal & Car related issue,Not Applicable,Not Applicable,106,Not Applicable,0,,
2024-07-03 21:08:00,CNR6896069253,Driver Not Found,CID903621,Prime Plus,Kengeri,Hebbal,,,Not Applicable,Not Applicable,Not Applicable,Not Applicable,885,Not Applicable,0,,
2024-07-29 18:52:00,CNR8356990086,Success,CID107597,Prime Sedan,Richmond Town,Majestic,231.0,105.0,Not Applicable,Not Applicable,No,Not Applicable,273,Cash,38,4.0,3.5
2024-07-24 02:49:00,CNR2212812449,Success,CID322037,Mini,Hebbal,Padmanabhanagar,126.0,55.0,Not Applicable,Not Applicable,No,Not Applicable,720,Cash,33,3.9,3.1
2024-07-28 19:03:00,CNR6399082920,Canceled by Customer,CID165719,Prime Sedan,Hennur,Majestic,,,AC is Not working,Not Applicable,Not Applicable,Not Applicable,280,Not Applicable,0,,
2024-07-26 03:42:00,CNR5442550726,Canceled by Driver,CID382712,Prime SUV,Banashankari,Whitefield,,,Not Applicable,Customer related issue,Not Applicable,Not Applicable,126,Not Applicable,0,,
2024-07-18 03:26:00,CNR7397879508,Success,CID423523,eBike,Shivajinagar,Magadi Road,105.0,105.0,Not Applicable,Not Applicable,No,Not Applicable,429,Cash,29,3.3,4.5
2024-07-03 16:02:00,CNR3959152370,Canceled by Driver,CID576321,Prime SUV,JP Nagar,Shivajinagar,,,Not Applicable,Personal & Car related issue,Not Applicable,Not Applicable,391,Not Applicable,0,,
2024-07-04 02:48:00,CNR7532582434,Driver Not Found,CID913727,Bike,Basavanagudi,Hulimavu,,,Not Applicable,Not Applicable,Not Applicable,Not Applicable,139,Not Applicable,0,,
2024-07-21 17:10:00,CNR7248085333,Driver Not Found,CID678332,Bike,Bellandur,Sarjapur Road,,,Not Applicable,Not Applicable,Not Applicable,Not Applicable,638,Not Applicable,0,,
2024-07-06 00:26:00,CNR8212544320,Success,CID903577,Auto,Ulsoor,Shantinagar,42.0,95.0,Not Applicable,Not Applicable,No,Not Applicable,219,Cash,14,4.4,4.7
2024-07-24 22:08:00,CNR6111489407,Success,CID874421,Prime SUV,Electronic City,Padmanabhanagar,301.0,55.0,Not Applicable,Not Applicable,No,Not Applicable,120,UPI,47,4.0,4.8
2024-07-27 08:57:00,CNR8906313069,Success,CID154660,Auto,BTM Layout,Chickpet,287.0,70.0,Not Applicable,Not Applicable,No,Not Applicable,286,Cash,6,4.9,3.5
2024-07-12 19:25:00,CNR7166286736,Canceled by Driver,CID284491,Prime Plus,KR Puram,Sarjapur Road,,,Not Applicable,Customer was coughing/sick,Not Applicable,Not Applicable,185,Not Applicable,0,,
2024-07-06 14:43:00,CNR1398521754,Success,CID407939,Bike,Rajarajeshwari Nagar,Koramangala,273.0,110.0,Not Applicable,Not Applicable,No,Not Applicable,463,UPI,14,4.0,4.7
2024-07-19 14:27:00,CNR5619625314,Success,CID598850,Mini,Whitefield,Shantinagar,105.0,80.0,Not Applicable,Not Applicable,No,Not Applicable,212,UPI,17,5.0,4.6
2024-07-10 12:59:00,CNR1011835986,Success,CID466315,Prime Sedan,Sarjapur Road,Ulsoor,112.0,80.0,Not Applicable,Not Applicable,No,Not Applicable,208,UPI,26,3.0,4.8
2024-07-08 19:06:00,CNR8680809569,Canceled by Driver,CID562152,Bike,Hennur,Bellandur,,,Not Applicable,More than permitted people in there,Not Applicable,Not Applicable,209,Not Applicable,0,,
2024-07-10 05:38:00,CNR4551177359,Success,CID391729,Prime Plus,Peenya,Banashankari,126.0,125.0,Not Applicable,Not Applicable,No,Not Applicable,120,UPI,38,4.0,3.7
2024-07-04 11:59:00,CNR5349006666,Success,CID992843,Mini,KR Puram,Malleshwaram,196.0,90.0,Not Applicable,Not Applicable,No,Not Applicable,112,Cash,9,3.4,4.9
2024-07-24 20:29:00,CNR5996917761,Driver Not Found,CID430967,Auto,Majestic,Shivajinagar,,,Not Applicable,Not Applicable,Not Applicable,Not Applicable,471,Not Applicable,0,,
2024-07-24 08:31:00,CNR4282076836,Success,CID127433,Prime Sedan,Shivajinagar,Richmond Town,182.0,50.0,Not Applicable,Not Applicable,No,Not Applicable,971,UPI,4,4.2,3.1
2024-07-20 02:27:00,CNR4720307280,Success,CID564770,eBike,Marathahalli,Devanahalli,42.0,110.0,Not Applicable,Not Applicable,No,Not Applicable,311,Cash,30,3.9,4.1
2024-07-13 15:36:00,CNR3698845394,Driver Not Found,CID152018,Mini,Peenya,Banashankari,,,Not Applicable,Not Applicable,Not Applicable,Not Applicable,297,Not Applicable,0,,
2024-07-05 11:06:00,CNR5227545516,Success,CID223776,Bike,HSR Layout,Malleshwaram,35.0,120.0,Not Applicable,Not Applicable,No,Not Applicable,1144,Cash,8,4.3,4.7
2024-07-15 09:44:00,CNR4857692931,Canceled by Customer,CID994369,Prime Sedan,Nagarbhavi,HSR Layout,,,Driver asked to cancel,Not Applicable,Not Applicable,Not Applicable,190,Not Applicable,0,,
2024-07-29 14:21:00,CNR1573227157,Canceled by Driver,CID336364,Bike,Majestic,Padmanabhanagar,,,Not Applicable,Personal & Car related issue,Not Applicable,Not Applicable,450,Not Applicable,0,,
2024-07-12 21:24:00,CNR9963385520,Success,CID120120,Prime Sedan,Langford Town,Vijayanagar,175.0,105.0,Not Applicable,Not Applicable,No,Not Applicable,2074,UPI,23,4.4,4.8
2024-07-10 15:18:00,CNR1642472328,Canceled by Driver,CID557939,Bike,Hulimavu,JP Nagar,,,Not Applicable,Personal & Car related issue,Not Applicable,Not Applicable,448,Not Applicable,0,,
2024-07-28 15:18:00,CNR8962826265,Success,CID641557,Auto,Shivajinagar,Kadugodi,252.0,130.0,Not Applicable,Not Applicable,No,Not Applicable,207,UPI,3,5.0,4.6
2024-07-07 06:52:00,CNR7529472821,Success,CID694277,Bike,Kammanahalli,Shivajinagar,238.0,140.0,Not Applicable,Not Applicable,No,Not Applicable,469,Cash,46,5.0,3.9
2024-07-20 06:09:00,CNR8222372062,Success,CID288092,Auto,Devanahalli,Bellandur,224.0,40.0,Not Applicable,Not Applicable,No,Not Applicable,354,UPI,18,3.3,3.5
2024-07-13 07:40:00,CNR8710636138,Success,CID174435,Mini,Ramamurthy Nagar,Kammanahalli,133.0,130.0,Not Applicable,Not Applicable,No,Not Applicable,194,Cash,14,4.8,4.3
2024-07-29 15:02:00,CNR2488148418,Success,CID194521,Prime Plus,MG Road,Malleshwaram,56.0,35.0,Not Applicable,Not Applicable,No,Not Applicable,266,UPI,41,5.0,3.8
2024-07-05 01:05:00,CNR7713535568,Success,CID979902,Prime SUV,Bellandur,Varthur,294.0,30.0,Not Applicable,Not Applicable,No,Not Applicable,149,Cash,26,4.4,3.3
2024-07-30 05:30:00,CNR4367767895,Canceled by Driver,CID639485,Prime Sedan,Marathahalli,Hosur Road,,,Not Applicable,Customer was coughing/sick,Not Applicable,Not Applicable,176,Not Applicable,0,,
2024-07-06 21:32:00,CNR2112008062,Canceled by Driver,CID342405,Auto,Majestic,Rajarajeshwari Nagar,,,Not Applicable,Personal & Car related issue,Not Applicable,Not Applicable,375,Not Applicable,0,,
2024-07-30 13:08:00,CNR1360366710,Canceled by Customer,CID267684,Prime SUV,Cox Town,Varthur,,,Driver is not moving towards pickup location,Not Applicable,Not Applicable,Not Applicable,2656,Not Applicable,0,,
2024-07-10 01:09:00,CNR1484143297,Success,CID258274,Prime Sedan,Shantinagar,Chamarajpet,280.0,100.0,Not Applicable,Not Applicable,No,Not Applicable,432,UPI,19,3.3,3.5
2024-07-02 15:17:00,CNR5236151395,Driver Not Found,CID433821,Prime SUV,Hennur,Kammanahalli,,,Not Applicable,Not Applicable,Not Applicable,Not Applicable,635,Not Applicable,0,,
2024-07-06 02:54:00,CNR9027055904,Success,CID174566,Prime Sedan,BTM Layout,Bannerghatta Road,56.0,40.0,Not Applicable,Not Applicable,No,Not Applicable,225,Cash,42,3.3,3.6
2024-07-19 10:39:00,CNR3634544470,Canceled by Driver,CID475653,Mini,Majestic,Kengeri,,,Not Applicable,More than permitted people in there,Not Applicable,Not Applicable,495,Not Applicable,0,,
2024-07-10 15:09:00,CNR4597199213,Driver Not Found,CID999184,Prime Sedan,Devanahalli,Chamarajpet,,,Not Applicable,Not Applicable,Not Applicable,Not Applicable,291,Not Applicable,0,,
2024-07-27 10:34:00,CNR6041807325,Success,CID610845,Mini,Hulimavu,Tumkur Road,154.0,125.0,Not Applicable,Not Applicable,No,Not Applicable,279,UPI,46,3.2,4.4
2024-07-24 11:50:00,CNR1201427080,Success,CID683848,Auto,Frazer Town,Padmanabhanagar,49.0,35.0,Not Applicable,Not Applicable,No,Not Applicable,119,Cash,19,3.7,4.5
2024-07-16 20:24:00,CNR2010760088,Success,CID247048,Mini,Langford Town,KR Puram,301.0,85.0,Not Applicable,Not Applicable,No,Not Applicable,647,Cash,9,4.7,4.8
2024-07-10 08:43:00,CNR9682884299,Canceled by Driver,CID585927,Prime Sedan,Hulimavu,Kammanahalli,,,Not Applicable,Customer was coughing/sick,Not Applicable,Not Applicable,763,Not Applicable,0,,
2024-07-22 23:08:00,CNR3105164655,Canceled by Driver,CID911079,Prime SUV,Padmanabhanagar,Chamarajpet,,,Not Applicable,Customer related issue,Not Applicable,Not Applicable,148,Not Applicable,0,,
2024-07-10 10:09:00,CNR2508245302,Success,CID217885,Mini,Devanahalli,Hulimavu,105.0,60.0,Not Applicable,Not Applicable,No,Not Applicable,410,Cash,34,3.7,3.6
2024-07-29 23:23:00,CNR3675484852,Driver Not Found,CID230191,eBike,Sahakar Nagar,Varthur,,,Not Applicable,Not Applicable,Not Applicable,Not Applicable,199,Not Applicable,0,,
2024-07-16 06:40:00,CNR4913474385,Success,CID832864,Bike,Chamarajpet,JP Nagar,224.0,110.0,Not Applicable,Not Applicable,No,Not Applicable,196,UPI,15,4.8,3.5
2024-07-18 23:26:00,CNR2569152009,Success,CID144248,Auto,Whitefield,Langford Town,49.0,45.0,Not Applicable,Not Applicable,No,Not Applicable,942,Cash,3,4.1,3.2
2024-07-04 17:45:00,CNR6365399047,Canceled by Driver,CID514016,Prime Plus,Chamarajpet,Kadugodi,,,Not Applicable,Customer related issue,Not Applicable,Not Applicable,607,Not Applicable,0,,
2024-07-22 09:42:00,CNR5553378662,Success,CID638980,Prime Plus,Rajarajeshwari Nagar,BTM Layout,154.0,115.0,Not Applicable,Not Applicable,No,Not Applicable,903,Cash,32,4.3,3.1
2024-07-26 18:21:00,CNR2840559616,Success,CID427284,Mini,Whitefield,Electronic City,140.0,140.0,Not Applicable,Not Applicable,No,Not Applicable,168,UPI,7,3.5,4.1
2024-07-21 15:20:00,CNR3079470331,Success,CID340224,Bike,Malleshwaram,Sarjapur Road,91.0,95.0,Not Applicable,Not Applicable,No,Not Applicable,314,Cash,24,4.1,4.4
2024-07-08 14:19:00,CNR5190563607,Canceled by Driver,CID317599,Prime Sedan,Hulimavu,Kammanahalli,,,Not Applicable,Customer was coughing/sick,Not Applicable,Not Applicable,337,Not Applicable,0,,
2024-07-08 22:52:00,CNR8624162336,Success,CID807954,Prime SUV,Kadugodi,Hebbal,245.0,45.0,Not Applicable,Not Applicable,No,Not Applicable,196,UPI,41,4.2,4.2
2024-07-08 13:32:00,CNR9022176262,Success,CID928259,Auto,Kengeri,Tumkur Road,98.0,100.0,Not Applicable,Not Applicable,No,Not Applicable,1722,Cash,12,4.1,3.2
2024-07-07 00:35:00,CNR6742060969,Canceled by Customer,CID802959,Auto,Varthur,Frazer Town,,,Driver is not moving towards pickup location,Not Applicable,Not Applicable,Not Applicable,1559,Not Applicable,0,,
2024-07-03 11:22:00,CNR2085870731,Success,CID668896,Bike,Whitefield,Sahakar Nagar,126.0,80.0,Not Applicable,Not Applicable,No,Not Applicable,421,UPI,37,3.4,3.7
2024-07-12 13:37:00,CNR6204382538,Canceled by Driver,CID789063,Prime Sedan,KR Puram,Ramamurthy Nagar,,,Not Applicable,Customer was coughing/sick,Not Applicable,Not Applicable,166,Not Applicable,0,,
2024-07-12 19:06:00,CNR4010711296,Success,CID662713,Prime Sedan,Mysore Road,Malleshwaram,301.0,65.0,Not Applicable,Not Applicable,No,Not Applicable,1236,UPI,44,3.8,4.6
2024-07-11 15:06:00,CNR5649115358,Driver Not Found,CID306557,eBike,Ramamurthy Nagar,Whitefield,,,Not Applicable,Not Applicable,Not Applicable,Not Applicable,133,Not Applicable,0,,
2024-07-25 02:33:00,CNR5453199520,Success,CID800874,Prime Sedan,MG Road,Padmanabhanagar,63.0,25.0,Not Applicable,Not Applicable,No,Not Applicable,470,Cash,15,3.9,4.6
2024-07-17 04:25:00,CNR6098512962,Canceled by Driver,CID284219,Prime SUV,Hebbal,Magadi Road,,,Not Applicable,More than permitted people in there,Not Applicable,Not Applicable,393,Not Applicable,0,,
2024-07-16 21:19:00,CNR7949113938,Success,CID815025,eBike,Basavanagudi,Rajarajeshwari Nagar,105.0,70.0,Not Applicable,Not Applicable,No,Not Applicable,245,UPI,44,4.3,4.8
2024-07-11 20:44:00,CNR6301603784,Success,CID385650,eBike,Frazer Town,Vijayanagar,126.0,80.0,Not Applicable,Not Applicable,No,Not Applicable,449,Credit Card,2,4.1,3.7
2024-07-16 17:24:00,CNR6003339980,Canceled by Driver,CID845587,Auto,Kadugodi,Ulsoor,,,Not Applicable,Personal & Car related issue,Not Applicable,Not Applicable,476,Not Applicable,0,,
2024-07-18 07:59:00,CNR6809211217,Driver Not Found,CID114382,Bike,Vijayanagar,Rajajinagar,,,Not Applicable,Not Applicable,Not Applicable,Not Applicable,420,Not Applicable,0,,
2024-07-12 01:37:00,CNR9198632672,Success,CID988046,Prime Plus,Shantinagar,Yeshwanthpur,119.0,90.0,Not Applicable,Not Applicable,No,Not Applicable,966,Cash,27,3.2,3.4
2024-07-25 08:41:00,CNR8568779077,Driver Not Found,CID378856,Mini,HSR Layout,Electronic City,,,Not Applicable,Not Applicable,Not Applicable,Not Applicable,199,Not Applicable,0,,
2024-07-30 18:32:00,CNR9922343493,Success,CID771688,Prime SUV,Frazer Town,Peenya,308.0,45.0,Not Applicable,Not Applicable,No,Not Applicable,147,Cash,18,3.2,4.9
2024-07-06 14:28:00,CNR4130251354,Success,CID585210,Prime Plus,Sarjapur Road,Ulsoor,294.0,90.0,Not Applicable,Not Applicable,No,Not Applicable,382,Cash,22,4.1,3.4
2024-07-30 06:50:00,CNR8282862020,Canceled by Customer,CID916135,Prime SUV,Vijayanagar,Bannerghatta Road,,,Wrong Address,Not Applicable,Not Applicable,Not Applicable,363,Not Applicable,0,,
2024-07-30 01:41:00,CNR5529579311,Success,CID376273,Prime Plus,Ulsoor,Kammanahalli,49.0,85.0,Not Applicable,Not Applicable,No,Not Applicable,256,Cash,43,3.6,4.1
2024-07-28 15:49:00,CNR3387274094,Driver Not Found,CID127459,Prime SUV,Sahakar Nagar,Varthur,,,Not Applicable,Not Applicable,Not Applicable,Not Applicable,327,Not Applicable,0,,
2024-07-12 08:45:00,CNR2132098137,Canceled by Driver,CID988470,Auto,Kengeri,Shantinagar,,,Not Applicable,Personal & Car related issue,Not Applicable,Not Applicable,414,Not Applicable,0,,
2024-07-15 22:33:00,CNR3253348651,Canceled by Customer,CID215245,Auto,Sahakar Nagar,Whitefield,,,Wrong Address,Not Applicable,Not Applicable,Not Applicable,304,Not Applicable,0,,
2024-07-18 11:14:00,CNR8342644672,Success,CID307060,Bike,Peenya,Banashankari,84.0,80.0,Not Applicable,Not Applicable,No,Not Applicable,2594,Cash,41,3.5,4.1
2024-07-20 07:53:00,CNR1374300516,Canceled by Driver,CID908275,Auto,Hennur,Kengeri,,,Not Applicable,Customer related issue,Not Applicable,Not Applicable,783,Not Applicable,0,,
2024-07-03 21:35:00,CNR2364188979,Success,CID991439,Prime Plus,Rajarajeshwari Nagar,RT Nagar,287.0,25.0,Not Applicable,Not Applicable,No,Not Applicable,620,Cash,34,4.6,4.8
2024-07-24 21:57:00,CNR6344680456,Canceled by Customer,CID425576,eBike,Marathahalli,Mysore Road,,,Change of plans,Not Applicable,Not Applicable,Not Applicable,980,Not Applicable,0,,
2024-07-27 07:48:00,CNR3763360767,Canceled by Driver,CID459441,Prime Sedan,Jayanagar,JP Nagar,,,Not Applicable,Customer was coughing/sick,Not Applicable,Not Applicable,154,Not Applicable,0,,
2024-07-28 21:27:00,CNR8214538512,Success,CID801774,Mini,Peenya,Kengeri,189.0,80.0,Not Applicable,Not Applicable,No,Not Applicable,905,UPI,6,4.3,3.4
2024-07-14 23:06:00,CNR4246065043,Canceled by Driver,CID173111,Bike,Vijayanagar,Rajarajeshwari Nagar,,,Not Applicable,More than permitted people in there,Not Applicable,Not Applicable,231,Not Applicable,0,,
2024-07-26 02:44:00,CNR7394683820,Canceled by Driver,CID174807,Bike,Shivajinagar,Chickpet,,,Not Applicable,Personal & Car related issue,Not Applicable,Not Applicable,348,Not Applicable,0,,
2024-07-16 03:54:00,CNR5896460814,Success,CID278620,Prime Plus,Malleshwaram,Rajarajeshwari Nagar,56.0,130.0,Not Applicable,Not Applicable,Yes,Vehicle Breakdown,339,Cash,6,3.7,4.8
2024-07-05 06:46:00,CNR8877773154,Success,CID954171,Auto,MG Road,Yeshwanthpur,273.0,30.0,Not Applicable,Not Applicable,No,Not Applicable,284,Cash,16,4.9,3.5
2024-07-20 06:00:00,CNR2049553109,Driver Not Found,CID349151,Mini,Marathahalli,MG Road,,,Not Applicable,Not Applicable,Not Applicable,Not Applicable,414,Not Applicable,0,,
2024-07-30 02:02:00,CNR4144715414,Canceled by Driver,CID806173,Bike,Marathahalli,Richmond Town,,,Not Applicable,Personal & Car related issue,Not Applicable,Not Applicable,561,Not Applicable,0,,
2024-07-26 00:16:00,CNR6054668448,Driver Not Found,CID495733,Bike,Shantinagar,Ulsoor,,,Not Applicable,Not Applicable,Not Applicable,Not Applicable,147,Not Applicable,0,,
2024-07-16 01:58:00,CNR5082055201,Success,CID170166,Mini,Kammanahalli,Rajajinagar,287.0,100.0,Not Applicable,Not Applicable,No,Not Applicable,365,UPI,5,4.5,4.8
2024-07-02 03:04:00,CNR3020749798,Success,CID173253,Prime Sedan,Sarjapur Road,Shantinagar,168.0,50.0,Not Applicable,Not Applicable,No,Not Applicable,867,UPI,31,3.2,4.2
2024-07-21 04:02:00,CNR1757100004,Success,CID145103,Prime Plus,Cox Town,Richmond Town,182.0,40.0,Not Applicable,Not Applicable,No,Not Applicable,272,Cash,27,4.5,3.7
2024-07-09 19:14:00,CNR3131433841,Canceled by Driver,CID552275,Mini,Tumkur Road,Basavanagudi,,,Not Applicable,Customer related issue,Not Applicable,Not Applicable,871,Not Applicable,0,,
2024-07-10 21:49:00,CNR9262605388,Canceled by Driver,CID433881,Mini,Ulsoor,Frazer Town,,,Not Applicable,Customer was coughing/sick,Not Applicable,Not Applicable,377,Not Applicable,0,,
2024-07-19 21:59:00,CNR9082024029,Canceled by Customer,CID878178,eBike,Sarjapur Road,RT Nagar,,,Driver asked to cancel,Not Applicable,Not Applicable,Not Applicable,422,Not Applicable,0,,
2024-07-10 23:34:00,CNR5296035769,Success,CID213275,Prime Plus,Devanahalli,Chamarajpet,238.0,35.0,Not Applicable,Not Applicable,No,Not Applicable,315,UPI,12,4.7,4.5
2024-07-21 11:37:00,CNR7059297684,Success,CID388603,Bike,Majestic,HSR Layout,119.0,95.0,Not Applicable,Not Applicable,No,Not Applicable,154,Cash,21,3.1,3.0
2024-07-24 14:36:00,CNR7178368199,Success,CID431324,Bike,Bellandur,Sahakar Nagar,266.0,140.0,Not Applicable,Not Applicable,No,Not Applicable,946,UPI,16,4.6,3.9
2024-07-15 01:05:00,CNR7131294946,Success,CID734045,Mini,Nagarbhavi,Varthur,168.0,60.0,Not Applicable,Not Applicable,No,Not Applicable,397,Cash,6,4.1,3.2
2024-07-18 16:20:00,CNR4982150040,Canceled by Customer,CID253900,Prime Sedan,Basavanagudi,Sahakar Nagar,,,Driver asked to cancel,Not Applicable,Not Applicable,Not Applicable,2879,Not Applicable,0,,
2024-07-01 19:24:00,CNR2306448669,Success,CID376729,eBike,Yelahanka,MG Road,98.0,30.0,Not Applicable,Not Applicable,No,Not Applicable,294,Credit Card,48,3.9,4.1
2024-07-26 04:16:00,CNR6628979660,Success,CID493124,Mini,Nagarbhavi,Tumkur Road,301.0,55.0,Not Applicable,Not Applicable,No,Not Applicable,281,UPI,6,3.1,4.2
2024-07-15 04:31:00,CNR2069587900,Success,CID532210,Auto,RT Nagar,BTM Layout,49.0,115.0,Not Applicable,Not Applicable,No,Not Applicable,603,UPI,18,3.2,3.6
2024-07-19 22:05:00,CNR9466515570,Success,CID165996,Auto,Nagarbhavi,MG Road,189.0,30.0,Not Applicable,Not Applicable,No,Not Applicable,984,Cash,12,3.0,3.3
2024-07-09 10:53:00,CNR4371080712,Success,CID979320,eBike,Basavanagudi,Whitefield,245.0,40.0,Not Applicable,Not Applicable,No,Not Applicable,314,UPI,43,4.6,3.2
2024-07-16 20:59:00,CNR6019171952,Canceled by Customer,CID611367,eBike,Vijayanagar,Richmond Town,,,Driver asked to cancel,Not Applicable,Not Applicable,Not Applicable,312,Not Applicable,0,,
2024-07-11 07:57:00,CNR8437747532,Success,CID568067,Prime Plus,Kengeri,Jayanagar,161.0,30.0,Not Applicable,Not Applicable,No,Not Applicable,322,UPI,27,3.0,4.0
2024-07-17 11:38:00,CNR1295358331,Success,CID462255,Auto,KR Puram,Magadi Road,287.0,70.0,Not Applicable,Not Applicable,No,Not Applicable,347,Cash,16,3.8,3.9
2024-07-12 19:03:00,CNR8847470200,Success,CID452469,Bike,Hennur,RT Nagar,112.0,110.0,Not Applicable,Not Applicable,No,Not Applicable,365,Cash,28,3.6,3.6
2024-07-05 02:00:00,CNR1579624442,Success,CID764508,Mini,Kengeri,Mysore Road,168.0,80.0,Not Applicable,Not Applicable,No,Not Applicable,681,UPI,26,3.9,3.4
2024-07-06 16:49:00,CNR2606085717,Canceled by Customer,CID607578,eBike,Rajarajeshwari Nagar,Rajajinagar,,,Driver asked to cancel,Not Applicable,Not Applicable,Not Applicable,528,Not Applicable,0,,
2024-07-21 14:25:00,CNR6767596801,Canceled by Driver,CID708740,Auto,BTM Layout,Devanahalli,,,Not Applicable,Customer related issue,Not Applicable,Not Applicable,482,Not Applicable,0,,
2024-07-21 07:49:00,CNR4927211200,Driver Not Found,CID911666,Bike,Tumkur Road,Vijayanagar,,,Not Applicable,Not Applicable,Not Applicable,Not Applicable,423,Not Applicable,0,,
2024-07-13 03:53:00,CNR4854816016,Success,CID185168,Auto,Yelahanka,Tumkur Road,133.0,30.0,Not Applicable,Not Applicable,No,Not Applicable,121,Cash,10,3.1,3.1
2024-07-10 04:44:00,CNR6726083482,Canceled by Driver,CID330053,Mini,Bellandur,Langford Town,,,Not Applicable,Customer related issue,Not Applicable,Not Applicable,1293,Not Applicable,0,,
2024-07-07 14:00:00,CNR1465624581,Canceled by Customer,CID228921,Prime Plus,Majestic,Koramangala,,,Driver is not moving towards pickup location,Not Applicable,Not Applicable,Not Applicable,650,Not Applicable,0,,
2024-07-01 16:42:00,CNR4544987468,Success,CID126645,Prime Sedan,Kengeri,Whitefield,161.0,90.0,Not Applicable,Not Applicable,No,Not Applicable,181,Cash,10,4.5,3.3
2024-07-11 20:12:00,CNR1422634245,Success,CID402054,Auto,Shivajinagar,Sarjapur Road,308.0,100.0,Not Applicable,Not Applicable,No,Not Applicable,2959,UPI,8,3.8,4.2
2024-07-12 03:30:00,CNR3759676278,Success,CID106658,Mini,JP Nagar,Yeshwanthpur,196.0,40.0,Not Applicable,Not Applicable,No,Not Applicable,244,UPI,41,3.1,3.8
2024-07-02 09:28:00,CNR9982721746,Canceled by Customer,CID718583,Prime Plus,Frazer Town,Hosur Road,,,AC is Not working,Not Applicable,Not Applicable,Not Applicable,180,Not Applicable,0,,
2024-07-02 23:58:00,CNR2258904504,Success,CID511463,Prime Sedan,Cox Town,Hulimavu,287.0,65.0,Not Applicable,Not Applicable,No,Not Applicable,553,Cash,43,4.3,4.8
2024-07-17 10:26:00,CNR3215240815,Success,CID154843,Bike,Rajarajeshwari Nagar,Indiranagar,105.0,25.0,Not Applicable,Not Applicable,No,Not Applicable,354,UPI,6,4.2,3.9
2024-07-11 00:37:00,CNR2396592307,Success,CID882511,Prime Sedan,Hennur,Hebbal,273.0,90.0,Not Applicable,Not Applicable,No,Not Applicable,178,Cash,37,3.4,4.4
2024-07-14 22:24:00,CNR6142869023,Canceled by Customer,CID821500,Prime SUV,Majestic,Shivajinagar,,,Driver asked to cancel,Not Applicable,Not Applicable,Not Applicable,301,Not Applicable,0,,
2024-07-23 21:21:00,CNR2092251937,Canceled by Customer,CID262845,Prime Sedan,Sahakar Nagar,Shivajinagar,,,Driver is not moving towards pickup location,Not Applicable,Not Applicable,Not Applicable,437,Not Applicable,0,,
2024-07-11 01:38:00,CNR7226159362,Success,CID927716,Prime Sedan,Hulimavu,KR Puram,126.0,60.0,Not Applicable,Not Applicable,Yes,Vehicle Breakdown,477,Cash,42,3.1,4.4
2024-07-19 18:09:00,CNR8474707174,Success,CID265082,Prime Plus,Basavanagudi,Koramangala,308.0,105.0,Not Applicable,Not Applicable,No,Not Applicable,259,Cash,8,4.9,4.9
2024-07-04 13:36:00,CNR6635751178,Driver Not Found,CID704285,Prime Sedan,Kengeri,Banashankari,,,Not Applicable,Not Applicable,Not Applicable,Not Applicable,288,Not Applicable,0,,
2024-07-10 10:54:00,CNR7499596030,Canceled by Driver,CID677774,Bike,Kengeri,Sahakar Nagar,,,Not Applicable,Customer related issue,Not Applicable,Not Applicable,294,Not Applicable,0,,
2024-07-14 19:35:00,CNR7373446845,Success,CID490057,Prime Plus,Nagarbhavi,MG Road,224.0,65.0,Not Applicable,Not Applicable,No,Not Applicable,426,Cash,43,4.1,3.9
2024-07-23 09:29:00,CNR8499854664,Canceled by Driver,CID990694,Prime Plus,MG Road,Peenya,,,Not Applicable,Personal & Car related issue,Not Applicable,Not Applicable,329,Not Applicable,0,,
2024-07-25 09:37:00,CNR6503167663,Driver Not Found,CID164058,eBike,Langford Town,Bellandur,,,Not Applicable,Not Applicable,Not Applicable,Not Applicable,2561,Not Applicable,0,,
2024-07-09 23:22:00,CNR5856822787,Success,CID777177,Prime Plus,Vijayanagar,Nagarbhavi,266.0,80.0,Not Applicable,Not Applicable,No,Not Applicable,152,UPI,40,4.1,3.7
2024-07-27 08:47:00,CNR1614976674,Success,CID398968,eBike,Ulsoor,Bellandur,287.0,130.0,Not Applicable,Not Applicable,No,Not Applicable,442,Cash,6,4.5,4.1
2024-07-16 04:14:00,CNR1560430876,Driver Not Found,CID317312,Bike,Richmond Town,Majestic,,,Not Applicable,Not Applicable,Not Applicable,Not Applicable,589,Not Applicable,0,,
2024-07-05 07:47:00,CNR6046202217,Success,CID447583,Prime Plus,Hebbal,Kengeri,266.0,25.0,Not Applicable,Not Applicable,No,Not Applicable,153,Cash,6,4.6,3.4
2024-07-06 02:17:00,CNR1670574323,Canceled by Driver,CID618064,Bike,Hennur,Frazer Town,,,Not Applicable,Customer was coughing/sick,Not Applicable,Not Applicable,499,Not Applicable,0,,
2024-07-22 05:36:00,CNR8497249228,Success,CID303529,Bike,Kammanahalli,Devanahalli,231.0,55.0,Not Applicable,Not Applicable,No,Not Applicable,479,UPI,34,3.1,3.3
2024-07-25 15:37:00,CNR1926430928,Canceled by Driver,CID989359,Prime Sedan,Sarjapur Road,Indiranagar,,,Not Applicable,Personal & Car related issue,Not Applicable,Not Applicable,348,Not Applicable,0,,
2024-07-25 02:18:00,CNR7696900841,Success,CID953050,Mini,Sahakar Nagar,Frazer Town,161.0,25.0,Not Applicable,Not Applicable,No,Not Applicable,288,Credit Card,39,3.6,4.1
2024-07-03 02:15:00,CNR1412070917,Success,CID170321,Prime Sedan,Cox Town,Banashankari,196.0,35.0,Not Applicable,Not Applicable,No,Not Applicable,401,UPI,23,4.1,3.8
2024-07-07 21:19:00,CNR3915913483,Canceled by Driver,CID892764,Mini,Richmond Town,Kadugodi,,,Not Applicable,Customer was coughing/sick,Not Applicable,Not Applicable,396,Not Applicable,0,,
2024-07-24 19:54:00,CNR7042570767,Success,CID567681,eBike,Bannerghatta Road,Magadi Road,301.0,105.0,Not Applicable,Not Applicable,No,Not Applicable,457,Cash,37,3.1,3.9
2024-07-06 18:54:00,CNR4427738799,Success,CID386890,Mini,RT Nagar,Ulsoor,231.0,120.0,Not Applicable,Not Applicable,No,Not Applicable,620,Cash,30,3.5,4.8
2024-07-08 16:13:00,CNR5596285975,Canceled by Driver,CID754249,Auto,Bellandur,KR Puram,,,Not Applicable,Customer was coughing/sick,Not Applicable,Not Applicable,236,Not Applicable,0,,
2024-07-02 23:43:00,CNR3747716567,Success,CID510369,Bike,Bellandur,Hulimavu,259.0,125.0,Not Applicable,Not Applicable,No,Not Applicable,251,Cash,45,3.5,4.3
2024-07-20 02:16:00,CNR1534604383,Success,CID178030,Prime Sedan,Peenya,Whitefield,266.0,130.0,Not Applicable,Not Applicable,No,Not Applicable,444,Cash,1,4.1,4.0
2024-07-11 17:18:00,CNR9653613125,Driver Not Found,CID296610,Auto,Mysore Road,Sahakar Nagar,,,Not Applicable,Not Applicable,Not Applicable,Not Applicable,218,Not Applicable,0,,
2024-07-07 03:11:00,CNR8006435752,Success,CID513803,Bike,Kengeri,Richmond Town,119.0,85.0,Not Applicable,Not Applicable,No,Not Applicable,392,Cash,40,4.9,3.5
2024-07-26 18:17:00,CNR9036374480,Canceled by Driver,CID201696,Prime Sedan,Sarjapur Road,Rajajinagar,,,Not Applicable,More than permitted people in there,Not Applicable,Not Applicable,192,Not Applicable,0,,
2024-07-29 14:56:00,CNR4143412897,Success,CID153192,Auto,Kadugodi,Electronic City,119.0,120.0,Not Applicable,Not Applicable,No,Not Applicable,401,UPI,14,3.8,3.0
2024-07-05 07:41:00,CNR8030370454,Success,CID548382,eBike,Shivajinagar,Kadugodi,133.0,75.0,Not Applicable,Not Applicable,No,Not Applicable,1121,Cash,14,4.1,4.8
2024-07-28 21:26:00,CNR8735409249,Success,CID498472,Auto,Magadi Road,Sahakar Nagar,42.0,60.0,Not Applicable,Not Applicable,No,Not Applicable,464,Cash,19,4.4,4.6
2024-07-22 10:13:00,CNR6876589563,Success,CID415509,eBike,Langford Town,BTM Layout,168.0,130.0,Not Applicable,Not Applicable,No,Not Applicable,142,Cash,26,3.6,3.4
2024-07-15 01:54:00,CNR6726284706,Canceled by Customer,CID505197,Prime Plus,Sarjapur Road,Richmond Town,,,AC is Not working,Not Applicable,Not Applicable,Not Applicable,173,Not Applicable,0,,
2024-07-17 10:52:00,CNR2410839159,Success,CID593585,eBike,Rajarajeshwari Nagar,Vijayanagar,224.0,35.0,Not Applicable,Not Applicable,No,Not Applicable,960,UPI,36,4.5,4.9
2024-07-03 00:44:00,CNR5455417118,Success,CID727481,Bike,JP Nagar,Frazer Town,245.0,75.0,Not Applicable,Not Applicable,No,Not Applicable,447,UPI,47,3.3,3.8
2024-07-19 22:18:00,CNR5272470710,Driver Not Found,CID582143,Mini,Hulimavu,Tumkur Road,,,Not Applicable,Not Applicable,Not Applicable,Not Applicable,454,Not Applicable,0,,
2024-07-13 04:40:00,CNR5151864624,Canceled by Driver,CID837216,Mini,Peenya,Banashankari,,,Not Applicable,Customer related issue,Not Applicable,Not Applicable,977,Not Applicable,0,,
2024-07-01 00:39:00,CNR4225376577,Success,CID929060,Prime Sedan,Varthur,Bellandur,273.0,30.0,Not Applicable,Not Applicable,No,Not Applicable,202,Cash,42,4.1,3.2
2024-07-02 14:37:00,CNR7266265933,Driver Not Found,CID483538,Mini,Bannerghatta Road,Mysore Road,,,Not Applicable,Not Applicable,Not Applicable,Not Applicable,482,Not Applicable,0,,
2024-07-10 20:46:00,CNR7378371424,Success,CID302454,Bike,Ulsoor,JP Nagar,154.0,60.0,Not Applicable,Not Applicable,No,Not Applicable,763,Debit Card,13,4.2,4.2
2024-07-22 11:45:00,CNR2334880033,Success,CID818600,eBike,Majestic,Kengeri,49.0,110.0,Not Applicable,Not Applicable,No,Not Applicable,135,Cash,27,4.8,4.1
2024-07-12 16:23:00,CNR7205478745,Success,CID414815,eBike,Peenya,Kammanahalli,280.0,115.0,Not Applicable,Not Applicable,No,Not Applicable,904,UPI,30,4.9,4.1
2024-07-26 10:42:00,CNR4908520183,Driver Not Found,CID598885,Prime SUV,Rajarajeshwari Nagar,Malleshwaram,,,Not Applicable,Not Applicable,Not Applicable,Not Applicable,319,Not Applicable,0,,
2024-07-30 21:36:00,CNR9497413128,Success,CID716939,Prime SUV,Magadi Road,Yelahanka,301.0,135.0,Not Applicable,Not Applicable,No,Not Applicable,677,Cash,39,3.4,3.9
2024-07-16 00:56:00,CNR3001817857,Success,CID250523,eBike,Hebbal,Bannerghatta Road,154.0,135.0,Not Applicable,Not Applicable,No,Not Applicable,231,Cash,6,4.8,3.9
2024-07-03 02:38:00,CNR9366399241,Success,CID345331,Prime Plus,Hosur Road,Kammanahalli,182.0,40.0,Not Applicable,Not Applicable,No,Not Applicable,1021,Cash,39,4.3,4.5
2024-07-28 01:02:00,CNR8135841739,Canceled by Driver,CID534854,Bike,Hennur,Sahakar Nagar,,,Not Applicable,Customer related issue,Not Applicable,Not Applicable,474,Not Applicable,0,,
2024-07-29 04:52:00,CNR7585434273,Canceled by Driver,CID503549,Prime Sedan,Richmond Town,RT Nagar,,,Not Applicable,Personal & Car related issue,Not Applicable,Not Applicable,205,Not Applicable,0,,
2024-07-15 05:14:00,CNR7493261808,Success,CID212737,eBike,Peenya,Koramangala,91.0,50.0,Not Applicable,Not Applicable,No,Not Applicable,425,UPI,11,4.1,4.6
2024-07-18 09:27:00,CNR7844261765,Success,CID809953,Prime SUV,Ramamurthy Nagar,Majestic,112.0,145.0,Not Applicable,Not Applicable,No,Not Applicable,105,UPI,18,4.9,3.8
2024-07-12 18:57:00,CNR7236299655,Canceled by Driver,CID954195,Auto,Whitefield,Padmanabhanagar,,,Not Applicable,Personal & Car related issue,Not Applicable,Not Applicable,427,Not Applicable,0,,
2024-07-06 14:36:00,CNR2969799701,Canceled by Customer,CID659190,Mini,Hennur,Chickpet,,,AC is Not working,Not Applicable,Not Applicable,Not Applicable,1354,Not Applicable,0,,
2024-07-16 19:14:00,CNR2786917815,Success,CID200467,eBike,Hebbal,Shantinagar,35.0,95.0,Not Applicable,Not Applicable,No,Not Applicable,137,UPI,19,4.1,3.3
2024-07-26 20:50:00,CNR6225113480,Success,CID672514,Mini,Langford Town,Mysore Road,56.0,30.0,Not Applicable,Not Applicable,No,Not Applicable,194,Credit Card,14,3.5,3.1
2024-07-30 08:44:00,CNR6769403530,Success,CID566635,Mini,Nagarbhavi,BTM Layout,161.0,35.0,Not Applicable,Not Applicable,No,Not Applicable,381,UPI,24,3.7,3.6
2024-07-04 16:46:00,CNR6630300076,Driver Not Found,CID435451,Mini,Frazer Town,Sarjapur Road,,,Not Applicable,Not Applicable,Not Applicable,Not Applicable,324,Not Applicable,0,,
2024-07-08 20:30:00,CNR6040314101,Canceled by Customer,CID362865,Bike,Bellandur,Yelahanka,,,AC is Not working,Not Applicable,Not Applicable,Not Applicable,444,Not Applicable,0,,
2024-07-22 09:03:00,CNR7522569490,Canceled by Customer,CID508731,eBike,Magadi Road,Electronic City,,,Change of plans,Not Applicable,Not Applicable,Not Applicable,407,Not Applicable,0,,
2024-07-09 00:08:00,CNR1575574429,Success,CID441696,Prime Plus,Bannerghatta Road,Hulimavu,77.0,115.0,Not Applicable,Not Applicable,No,Not Applicable,1118,UPI,44,3.5,4.0
2024-07-08 04:11:00,CNR1698344687,Success,CID215347,Mini,Chickpet,Electronic City,140.0,105.0,Not Applicable,Not Applicable,No,Not Applicable,478,Cash,40,4.0,3.7
2024-07-10 12:27:00,CNR7083670005,Canceled by Driver,CID406173,Prime Sedan,Sahakar Nagar,Ramamurthy Nagar,,,Not Applicable,Customer related issue,Not Applicable,Not Applicable,289,Not Applicable,0,,
2024-07-12 13:23:00,CNR5041956630,Success,CID962741,Bike,HSR Layout,Indiranagar,35.0,50.0,Not Applicable,Not Applicable,Yes,Customer Demand,373,UPI,4,4.9,4.4
2024-07-01 23:15:00,CNR7773186793,Success,CID649146,Bike,Shivajinagar,Kengeri,231.0,30.0,Not Applicable,Not Applicable,No,Not Applicable,470,UPI,41,4.9,4.3
2024-07-24 22:41:00,CNR7641944076,Success,CID670415,Mini,Banashankari,Devanahalli,168.0,75.0,Not Applicable,Not Applicable,No,Not Applicable,291,Cash,4,3.4,3.1
2024-07-09 06:38:00,CNR3680431916,Canceled by Customer,CID966665,Prime Plus,Hebbal,Devanahalli,,,Change of plans,Not Applicable,Not Applicable,Not Applicable,643,Not Applicable,0,,
2024-07-22 00:50:00,CNR7607267293,Success,CID268739,eBike,BTM Layout,HSR Layout,105.0,35.0,Not Applicable,Not Applicable,No,Not Applicable,272,Cash,2,4.5,3.6
2024-07-09 12:12:00,CNR5995048269,Success,CID864187,Bike,Indiranagar,Hosur Road,77.0,105.0,Not Applicable,Not Applicable,No,Not Applicable,216,Cash,31,4.0,3.9
2024-07-05 06:32:00,CNR6844009079,Success,CID948299,Auto,Yelahanka,Mysore Road,154.0,140.0,Not Applicable,Not Applicable,No,Not Applicable,276,UPI,17,4.9,3.4
2024-07-05 11:20:00,CNR1400689180,Driver Not Found,CID907988,Prime Plus,Hosur Road,Indiranagar,,,Not Applicable,Not Applicable,Not Applicable,Not Applicable,284,Not Applicable,0,,
2024-07-07 22:21:00,CNR4347436386,Success,CID992478,eBike,KR Puram,Rajarajeshwari Nagar,252.0,70.0,Not Applicable,Not Applicable,No,Not Applicable,1365,UPI,33,3.3,4.7
2024-07-05 10:43:00,CNR1319988072,Canceled by Driver,CID271731,Prime Sedan,Devanahalli,Shivajinagar,,,Not Applicable,Customer related issue,Not Applicable,Not Applicable,787,Not Applicable,0,,
2024-07-23 14:26:00,CNR8711522434,Success,CID830810,Auto,Yeshwanthpur,Magadi Road,308.0,50.0,Not Applicable,Not Applicable,No,Not Applicable,180,Cash,2,4.7,4.8
2024-07-27 02:25:00,CNR3804256777,Success,CID451888,eBike,RT Nagar,Banashankari,154.0,100.0,Not Applicable,Not Applicable,No,Not Applicable,228,UPI,27,4.8,4.2
2024-07-18 19:31:00,CNR3300602871,Success,CID421127,Bike,JP Nagar,KR Puram,308.0,100.0,Not Applicable,Not Applicable,No,Not Applicable,665,UPI,25,4.3,4.3
2024-07-18 03:06:00,CNR6427049516,Success,CID990486,Mini,Whitefield,Rajarajeshwari Nagar,147.0,140.0,Not Applicable,Not Applicable,No,Not Applicable,818,UPI,17,4.0,3.1
2024-07-14 23:18:00,CNR7891623951,Success,CID953764,Prime Sedan,Mysore Road,Kammanahalli,182.0,135.0,Not Applicable,Not Applicable,No,Not Applicable,176,Cash,48,3.4,4.6
2024-07-06 00:45:00,CNR2505147587,Success,CID737420,Prime SUV,Chickpet,Nagarbhavi,196.0,110.0,Not Applicable,Not Applicable,No,Not Applicable,335,Cash,49,3.2,4.4
2024-07-16 08:35:00,CNR9691896844,Success,CID843844,eBike,Kadugodi,Electronic City,56.0,115.0,Not Applicable,Not Applicable,No,Not Applicable,873,Cash,34,4.3,4.6
2024-07-19 01:11:00,CNR6394638592,Canceled by Driver,CID688087,Bike,Electronic City,Padmanabhanagar,,,Not Applicable,Customer was coughing/sick,Not Applicable,Not Applicable,172,Not Applicable,0,,
2024-07-29 15:06:00,CNR1503450906,Success,CID148738,Mini,Bellandur,Chamarajpet,112.0,35.0,Not Applicable,Not Applicable,No,Not Applicable,346,Cash,6,4.6,4.0
2024-07-26 11:29:00,CNR1668408883,Success,CID467364,Prime Plus,Chamarajpet,Tumkur Road,84.0,65.0,Not Applicable,Not Applicable,No,Not Applicable,139,Cash,19,3.8,3.9
2024-07-18 09:52:00,CNR3508675389,Success,CID506965,Mini,Rajarajeshwari Nagar,Shantinagar,273.0,45.0,Not Applicable,Not Applicable,No,Not Applicable,760,Cash,34,3.3,4.7
2024-07-06 13:21:00,CNR1782846375,Success,CID733540,Prime Sedan,BTM Layout,Chickpet,56.0,75.0,Not Applicable,Not Applicable,No,Not Applicable,307,UPI,44,3.4,3.0
2024-07-14 10:58:00,CNR9640928604,Success,CID854301,Mini,Frazer Town,Shivajinagar,280.0,95.0,Not Applicable,Not Applicable,No,Not Applicable,805,Cash,6,3.8,4.7
2024-07-19 16:49:00,CNR6375685597,Success,CID457382,Prime SUV,Rajajinagar,Ramamurthy Nagar,133.0,105.0,Not Applicable,Not Applicable,No,Not Applicable,444,Cash,38,3.3,3.7
2024-07-26 11:59:00,CNR3375511244,Canceled by Driver,CID425565,eBike,Electronic City,Frazer Town,,,Not Applicable,Customer related issue,Not Applicable,Not Applicable,426,Not Applicable,0,,
2024-07-21 15:01:00,CNR9043713536,Canceled by Customer,CID542748,Mini,Devanahalli,Sahakar Nagar,,,Driver asked to cancel,Not Applicable,Not Applicable,Not Applicable,249,Not Applicable,0,,
2024-07-12 20:47:00,CNR7008528797,Success,CID923286,Prime SUV,Marathahalli,BTM Layout,301.0,40.0,Not Applicable,Not Applicable,No,Not Applicable,427,UPI,2,4.5,4.3
2024-07-19 11:12:00,CNR5308461937,Success,CID776349,Mini,RT Nagar,Padmanabhanagar,154.0,75.0,Not Applicable,Not Applicable,No,Not Applicable,418,UPI,35,4.8,3.0
2024-07-21 09:12:00,CNR3638193663,Success,CID325393,Prime SUV,Majestic,Jayanagar,308.0,115.0,Not Applicable,Not Applicable,No,Not Applicable,2186,Cash,2,4.8,3.5
2024-07-20 10:14:00,CNR2894009698,Canceled by Driver,CID859998,Auto,Peenya,Indiranagar,,,Not Applicable,Personal & Car related issue,Not Applicable,Not Applicable,155,Not Applicable,0,,
2024-07-01 22:07:00,CNR4463140760,Success,CID985555,Prime Plus,Malleshwaram,Hosur Road,49.0,115.0,Not Applicable,Not Applicable,No,Not Applicable,907,Cash,24,3.3,3.4
2024-07-08 13:31:00,CNR8452042192,Success,CID449886,Prime SUV,Kengeri,Bellandur,133.0,25.0,Not Applicable,Not Applicable,No,Not Applicable,586,Cash,30,3.1,3.8
2024-07-30 08:35:00,CNR4991623680,Success,CID706464,Bike,Koramangala,Frazer Town,70.0,145.0,Not Applicable,Not Applicable,No,Not Applicable,169,Cash,23,4.2,3.2
2024-07-11 07:09:00,CNR1739704366,Success,CID791160,eBike,Malleshwaram,Sahakar Nagar,287.0,145.0,Not Applicable,Not Applicable,No,Not Applicable,259,UPI,19,3.2,4.5
2024-07-24 12:12:00,CNR6248313255,Success,CID617724,Mini,Vijayanagar,BTM Layout,91.0,35.0,Not Applicable,Not Applicable,No,Not Applicable,132,Cash,31,4.2,3.6
2024-07-10 05:46:00,CNR9061854850,Success,CID999820,Prime Plus,Richmond Town,Ramamurthy Nagar,84.0,120.0,Not Applicable,Not Applicable,No,Not Applicable,439,Cash,49,3.9,4.9
2024-07-05 21:12:00,CNR9188227693,Success,CID632777,eBike,MG Road,Jayanagar,105.0,25.0,Not Applicable,Not Applicable,No,Not Applicable,810,Cash,25,4.8,4.8
2024-07-19 04:47:00,CNR4189610001,Success,CID603814,Prime Sedan,JP Nagar,Electronic City,196.0,70.0,Not Applicable,Not Applicable,No,Not Applicable,395,UPI,35,3.8,4.4
2024-07-17 16:49:00,CNR2645026688,Success,CID664810,Prime Plus,BTM Layout,Hebbal,266.0,70.0,Not Applicable,Not Applicable,No,Not Applicable,409,Cash,9,4.6,3.9
2024-07-18 01:14:00,CNR7456178400,Canceled by Driver,CID242418,Prime Plus,Yeshwanthpur,KR Puram,,,Not Applicable,Personal & Car related issue,Not Applicable,Not Applicable,324,Not Applicable,0,,
2024-07-23 23:22:00,CNR7767536441,Success,CID801915,eBike,Sarjapur Road,Majestic,308.0,80.0,Not Applicable,Not Applicable,Yes,Vehicle Breakdown,1285,UPI,10,3.5,3.2
2024-07-12 16:14:00,CNR3359597181,Canceled by Driver,CID568017,Prime Sedan,Jayanagar,Basavanagudi,,,Not Applicable,Customer was coughing/sick,Not Applicable,Not Applicable,229,Not Applicable,0,,
2024-07-08 02:04:00,CNR2851517501,Success,CID314610,Prime SUV,Majestic,Rajajinagar,238.0,135.0,Not Applicable,Not Applicable,No,Not Applicable,167,Cash,19,4.0,3.7
2024-07-28 11:41:00,CNR1503555044,Canceled by Driver,CID296361,Prime Plus,Mysore Road,Majestic,,,Not Applicable,Customer was coughing/sick,Not Applicable,Not Applicable,388,Not Applicable,0,,
2024-07-01 07:54:00,CNR2757674729,Success,CID561432,Prime Sedan,Sarjapur Road,Shantinagar,126.0,115.0,Not Applicable,Not Applicable,No,Not Applicable,541,UPI,46,3.1,3.7
2024-07-13 13:13:00,CNR9537526975,Success,CID640285,Auto,Nagarbhavi,Jayanagar,112.0,90.0,Not Applicable,Not Applicable,No,Not Applicable,206,UPI,11,4.3,3.0
2024-07-12 09:26:00,CNR2425759364,Canceled by Customer,CID255463,Mini,Sarjapur Road,MG Road,,,Driver is not moving towards pickup location,Not Applicable,Not Applicable,Not Applicable,2833,Not Applicable,0,,
2024-07-03 01:24:00,CNR2719330543,Success,CID964729,eBike,Shantinagar,Kadugodi,252.0,60.0,Not Applicable,Not Applicable,No,Not Applicable,341,UPI,18,4.4,4.0
2024-07-23 21:59:00,CNR8340626746,Canceled by Driver,CID561079,Auto,Kammanahalli,KR Puram,,,Not Applicable,Personal & Car related issue,Not Applicable,Not Applicable,197,Not Applicable,0,,
2024-07-18 17:27:00,CNR5397918135,Success,CID971122,Auto,Kammanahalli,HSR Layout,308.0,55.0,Not Applicable,Not Applicable,No,Not Applicable,146,Cash,8,3.8,3.9
2024-07-30 16:44:00,CNR2721929323,Success,CID510645,Auto,KR Puram,Yeshwanthpur,49.0,50.0,Not Applicable,Not Applicable,No,Not Applicable,166,UPI,14,4.9,3.6
2024-07-16 06:12:00,CNR2446005931,Success,CID526897,Auto,Sahakar Nagar,Chickpet,175.0,40.0,Not Applicable,Not Applicable,No,Not Applicable,482,Cash,19,4.2,3.5
2024-07-20 13:01:00,CNR8862461457,Success,CID329168,Prime SUV,Banashankari,Kammanahalli,175.0,140.0,Not Applicable,Not Applicable,No,Not Applicable,145,UPI,26,3.6,3.8
2024-07-14 05:22:00,CNR4710578802,Driver Not Found,CID228213,eBike,Frazer Town,Peenya,,,Not Applicable,Not Applicable,Not Applicable,Not Applicable,2055,Not Applicable,0,,
2024-07-03 16:03:00,CNR8269208707,Driver Not Found,CID362329,Auto,Jayanagar,Chickpet,,,Not Applicable,Not Applicable,Not Applicable,Not Applicable,492,Not Applicable,0,,
2024-07-18 12:31:00,CNR1904164351,Success,CID870209,Prime Sedan,Shivajinagar,Hulimavu,126.0,135.0,Not Applicable,Not Applicable,No,Not Applicable,491,UPI,5,4.6,3.9
2024-07-30 02:31:00,CNR2252739628,Success,CID524645,Bike,Sahakar Nagar,Malleshwaram,196.0,35.0,Not Applicable,Not Applicable,No,Not Applicable,2833,Cash,34,4.1,3.2
2024-07-20 01:16:00,CNR9509224215,Success,CID327286,Bike,Marathahalli,Hennur,252.0,135.0,Not Applicable,Not Applicable,No,Not Applicable,983,UPI,12,4.6,4.2
2024-07-06 09:00:00,CNR8435043100,Success,CID358064,Mini,Nagarbhavi,Magadi Road,259.0,75.0,Not Applicable,Not Applicable,Yes,Other Issue,777,UPI,35,3.2,4.9
2024-07-21 13:01:00,CNR2485425798,Canceled by Driver,CID850474,Mini,Nagarbhavi,Shantinagar,,,Not Applicable,Customer related issue,Not Applicable,Not Applicable,308,Not Applicable,0,,
2024-07-01 09:21:00,CNR6338212587,Canceled by Customer,CID509444,Prime Plus,Langford Town,Vijayanagar,,,Change of plans,Not Applicable,Not Applicable,Not Applicable,232,Not Applicable,0,,
2024-07-16 09:49:00,CNR7427657651,Success,CID651844,Prime Sedan,Rajajinagar,Mysore Road,231.0,90.0,Not Applicable,Not Applicable,No,Not Applicable,300,UPI,3,4.0,3.2
2024-07-17 02:47:00,CNR3611154944,Canceled by Driver,CID332615,Prime Sedan,Varthur,JP Nagar,,,Not Applicable,More than permitted people in there,Not Applicable,Not Applicable,161,Not Applicable,0,,
2024-07-07 10:02:00,CNR2623588821,Success,CID314502,Bike,Tumkur Road,Langford Town,238.0,145.0,Not Applicable,Not Applicable,No,Not Applicable,503,Cash,33,5.0,3.1
2024-07-29 19:23:00,CNR6444641299,Success,CID147158,eBike,Varthur,Padmanabhanagar,196.0,65.0,Not Applicable,Not Applicable,No,Not Applicable,426,UPI,18,4.4,4.5
2024-07-17 01:54:00,CNR6787572664,Success,CID207372,Prime Plus,Yeshwanthpur,Electronic City,175.0,110.0,Not Applicable,Not Applicable,No,Not Applicable,290,Cash,25,3.6,4.0
2024-07-26 16:54:00,CNR9363767155,Canceled by Customer,CID554908,Bike,Whitefield,Indiranagar,,,Change of plans,Not Applicable,Not Applicable,Not Applicable,324,Not Applicable,0,,
2024-07-03 09:23:00,CNR2436892738,Success,CID965327,Mini,Ramamurthy Nagar,Shantinagar,91.0,130.0,Not Applicable,Not Applicable,No,Not Applicable,718,UPI,16,3.9,4.8
2024-07-30 14:40:00,CNR5336432736,Success,CID447506,Prime SUV,Sarjapur Road,Kammanahalli,112.0,95.0,Not Applicable,Not Applicable,No,Not Applicable,205,Cash,4,3.2,3.4
2024-07-18 02:16:00,CNR2171459997,Canceled by Customer,CID706787,Prime SUV,Kadugodi,Padmanabhanagar,,,Driver is not moving towards pickup location,Not Applicable,Not Applicable,Not Applicable,515,Not Applicable,0,,
2024-07-27 05:52:00,CNR7598034142,Driver Not Found,CID306915,Bike,Rajajinagar,Cox Town,,,Not Applicable,Not Applicable,Not Applicable,Not Applicable,397,Not Applicable,0,,
2024-07-10 05:09:00,CNR1510621100,Success,CID760886,Prime Plus,RT Nagar,Basavanagudi,224.0,90.0,Not Applicable,Not Applicable,No,Not Applicable,100,Cash,12,4.2,3.6
2024-07-12 17:22:00,CNR3996283014,Success,CID208404,Auto,Chickpet,Chickpet,91.0,80.0,Not Applicable,Not Applicable,No,Not Applicable,118,Cash,18,3.8,4.2
2024-07-03 09:00:00,CNR1742751995,Success,CID688562,Prime SUV,Richmond Town,Majestic,189.0,75.0,Not Applicable,Not Applicable,No,Not Applicable,2546,Cash,5,3.0,4.0
2024-07-22 06:03:00,CNR6819099328,Success,CID953238,Prime Sedan,Chamarajpet,Mysore Road,154.0,90.0,Not Applicable,Not Applicable,No,Not Applicable,184,Cash,3,3.9,4.5
2024-07-17 16:02:00,CNR9239324988,Canceled by Driver,CID533862,Mini,Frazer Town,Shantinagar,,,Not Applicable,More than permitted people in there,Not Applicable,Not Applicable,567,Not Applicable,0,,
2024-07-25 14:24:00,CNR1417294724,Success,CID126153,Bike,Kammanahalli,Marathahalli,203.0,125.0,Not Applicable,Not Applicable,No,Not Applicable,773,UPI,29,3.1,3.3
2024-07-28 12:17:00,CNR8051166365,Canceled by Driver,CID503293,Prime Plus,Rajajinagar,Nagarbhavi,,,Not Applicable,Customer was coughing/sick,Not Applicable,Not Applicable,125,Not Applicable,0,,
2024-07-18 15:17:00,CNR9035167195,Success,CID324359,Auto,Hennur,Basavanagudi,154.0,95.0,Not Applicable,Not Applicable,No,Not Applicable,167,Cash,3,3.9,3.2
2024-07-28 10:54:00,CNR6117874535,Canceled by Driver,CID692147,Prime Sedan,Rajarajeshwari Nagar,Yeshwanthpur,,,Not Applicable,Customer related issue,Not Applicable,Not Applicable,268,Not Applicable,0,,
2024-07-24 18:18:00,CNR3706880842,Success,CID720092,Bike,RT Nagar,Yelahanka,182.0,135.0,Not Applicable,Not Applicable,No,Not Applicable,123,Cash,2,3.8,5.0
2024-07-04 10:20:00,CNR5981599983,Success,CID774743,Mini,Bannerghatta Road,Indiranagar,189.0,135.0,Not Applicable,Not Applicable,No,Not Applicable,136,Cash,29,3.7,4.1
2024-07-19 10:40:00,CNR2402582861,Success,CID781114,Auto,Bellandur,Tumkur Road,210.0,100.0,Not Applicable,Not Applicable,No,Not Applicable,328,Cash,19,3.9,3.3
2024-07-02 13:46:00,CNR3550514248,Success,CID226092,eBike,Electronic City,Varthur,168.0,30.0,Not Applicable,Not Applicable,No,Not Applicable,358,Cash,16,4.5,4.4
2024-07-24 21:43:00,CNR1562096962,Canceled by Driver,CID975403,Prime Plus,KR Puram,Ulsoor,,,Not Applicable,Personal & Car related issue,Not Applicable,Not Applicable,883,Not Applicable,0,,
2024-07-28 19:02:00,CNR8702470895,Driver Not Found,CID732581,eBike,HSR Layout,Bannerghatta Road,,,Not Applicable,Not Applicable,Not Applicable,Not Applicable,327,Not Applicable,0,,
2024-07-22 19:29:00,CNR4193545401,Canceled by Customer,CID835872,eBike,Whitefield,Jayanagar,,,Driver is not moving towards pickup location,Not Applicable,Not Applicable,Not Applicable,146,Not Applicable,0,,
2024-07-25 23:04:00,CNR2111732639,Success,CID909524,Prime Plus,Banashankari,Koramangala,245.0,120.0,Not Applicable,Not Applicable,No,Not Applicable,293,UPI,19,3.4,4.5
2024-07-08 23:24:00,CNR2089499966,Success,CID171098,eBike,HSR Layout,Indiranagar,301.0,40.0,Not Applicable,Not Applicable,No,Not Applicable,307,UPI,38,3.4,4.8
2024-07-15 18:00:00,CNR4796690490,Success,CID877649,Bike,Chamarajpet,Frazer Town,196.0,125.0,Not Applicable,Not Applicable,No,Not Applicable,889,UPI,2,3.6,4.8
2024-07-01 10:27:00,CNR8475914857,Success,CID864501,Bike,Kengeri,Peenya,308.0,40.0,Not Applicable,Not Applicable,No,Not Applicable,125,Cash,45,3.7,4.0
2024-07-02 21:10:00,CNR4424446448,Canceled by Customer,CID429192,Prime Sedan,MG Road,Magadi Road,,,Driver is not moving towards pickup location,Not Applicable,Not Applicable,Not Applicable,109,Not Applicable,0,,
2024-07-30 07:14:00,CNR3917130690,Success,CID431990,Prime SUV,Jayanagar,BTM Layout,245.0,80.0,Not Applicable,Not Applicable,No,Not Applicable,132,UPI,8,4.8,4.2
2024-07-18 22:51:00,CNR2378411110,Canceled by Customer,CID512686,Mini,Devanahalli,Sarjapur Road,,,Driver asked to cancel,Not Applicable,Not Applicable,Not Applicable,316,Not Applicable,0,,
2024-07-11 17:58:00,CNR1406402095,Success,CID458758,Prime Sedan,Padmanabhanagar,Richmond Town,140.0,50.0,Not Applicable,Not Applicable,No,Not Applicable,440,Cash,21,3.9,3.1
2024-07-05 08:46:00,CNR7309380448,Success,CID451811,Bike,Devanahalli,Ulsoor,63.0,85.0,Not Applicable,Not Applicable,No,Not Applicable,1694,Cash,33,4.3,3.7
2024-07-04 17:55:00,CNR1045216328,Success,CID334464,Prime Plus,Rajajinagar,Kengeri,147.0,90.0,Not Applicable,Not Applicable,No,Not Applicable,175,Credit Card,6,3.9,3.7
2024-07-30 17:22:00,CNR5851124287,Success,CID848982,Auto,KR Puram,Shantinagar,49.0,60.0,Not Applicable,Not Applicable,No,Not Applicable,996,Cash,10,4.3,4.7
2024-07-03 21:32:00,CNR5111249294,Canceled by Customer,CID430699,eBike,MG Road,Bannerghatta Road,,,AC is Not working,Not Applicable,Not Applicable,Not Applicable,861,Not Applicable,0,,
2024-07-04 07:38:00,CNR3571119170,Canceled by Driver,CID251256,Prime SUV,Shantinagar,Indiranagar,,,Not Applicable,Customer related issue,Not Applicable,Not Applicable,152,Not Applicable,0,,
2024-07-23 23:08:00,CNR3133962811,Canceled by Driver,CID828131,Prime SUV,Koramangala,Ramamurthy Nagar,,,Not Applicable,More than permitted people in there,Not Applicable,Not Applicable,446,Not Applicable,0,,
2024-07-21 18:39:00,CNR9558740501,Canceled by Driver,CID648582,eBike,RT Nagar,Vijayanagar,,,Not Applicable,More than permitted people in there,Not Applicable,Not Applicable,304,Not Applicable,0,,
2024-07-09 09:54:00,CNR1400407065,Canceled by Driver,CID859715,Mini,Indiranagar,Sarjapur Road,,,Not Applicable,Personal & Car related issue,Not Applicable,Not Applicable,927,Not Applicable,0,,
2024-07-13 19:07:00,CNR8457247486,Success,CID135141,eBike,Banashankari,BTM Layout,154.0,130.0,Not Applicable,Not Applicable,Yes,Customer Demand,2799,UPI,35,3.7,3.2
2024-07-01 18:02:00,CNR8783636116,Success,CID445113,Mini,Hennur,Kadugodi,91.0,120.0,Not Applicable,Not Applicable,No,Not Applicable,561,Credit Card,43,4.6,4.4
2024-07-14 10:50:00,CNR6335066430,Canceled by Customer,CID447333,Auto,Basavanagudi,KR Puram,,,AC is Not working,Not Applicable,Not Applicable,Not Applicable,309,Not Applicable,0,,
2024-07-08 17:18:00,CNR3815896317,Success,CID612586,eBike,Basavanagudi,Bellandur,168.0,55.0,Not Applicable,Not Applicable,No,Not Applicable,481,Cash,20,4.8,3.4
2024-07-05 13:21:00,CNR9254057326,Success,CID163570,eBike,Cox Town,Varthur,84.0,70.0,Not Applicable,Not Applicable,No,Not Applicable,943,Credit Card,10,4.7,4.8
2024-07-28 18:38:00,CNR7200817528,Canceled by Driver,CID201762,Prime Plus,Hosur Road,Hulimavu,,,Not Applicable,Customer related issue,Not Applicable,Not Applicable,365,Not Applicable,0,,
2024-07-22 10:15:00,CNR3710919020,Canceled by Driver,CID503876,Prime SUV,Vijayanagar,Basavanagudi,,,Not Applicable,Customer related issue,Not Applicable,Not Applicable,602,Not Applicable,0,,
2024-07-22 00:20:00,CNR8176492510,Success,CID956489,eBike,Langford Town,Peenya,203.0,40.0,Not Applicable,Not Applicable,No,Not Applicable,764,Cash,1,3.5,4.2
2024-07-16 14:54:00,CNR8631375723,Success,CID783391,Prime Sedan,Rajarajeshwari Nagar,Malleshwaram,91.0,140.0,Not Applicable,Not Applicable,No,Not Applicable,2596,UPI,40,4.6,4.1
2024-07-08 19:14:00,CNR9718108725,Success,CID453846,Mini,Whitefield,Rajajinagar,252.0,45.0,Not Applicable,Not Applicable,No,Not Applicable,2354,Cash,36,4.4,4.3
2024-07-29 04:59:00,CNR6401949913,Success,CID295820,Auto,Rajarajeshwari Nagar,Peenya,42.0,100.0,Not Applicable,Not Applicable,No,Not Applicable,155,Cash,7,4.8,4.3
2024-07-05 05:41:00,CNR1420383050,Success,CID643275,Prime Plus,Chickpet,Indiranagar,203.0,120.0,Not Applicable,Not Applicable,No,Not Applicable,662,UPI,33,3.9,4.7
2024-07-16 23:06:00,CNR2741139715,Success,CID198382,Prime Plus,Chickpet,MG Road,175.0,125.0,Not Applicable,Not Applicable,No,Not Applicable,123,Cash,43,4.9,4.2
2024-07-22 11:10:00,CNR4444880532,Canceled by Customer,CID828670,Auto,Whitefield,Padmanabhanagar,,,Driver is not moving towards pickup location,Not Applicable,Not Applicable,Not Applicable,827,Not Applicable,0,,
2024-07-27 09:42:00,CNR9312220361,Success,CID722548,Auto,Whitefield,Whitefield,189.0,145.0,Not Applicable,Not Applicable,No,Not Applicable,155,Credit Card,12,4.5,3.2
2024-07-20 04:19:00,CNR1103340549,Success,CID512724,Prime SUV,MG Road,Hulimavu,140.0,120.0,Not Applicable,Not Applicable,No,Not Applicable,118,UPI,35,4.5,3.3
2024-07-09 22:29:00,CNR7687269990,Success,CID509505,Prime Sedan,Majestic,BTM Layout,105.0,35.0,Not Applicable,Not Applicable,No,Not Applicable,477,UPI,39,4.3,4.6
2024-07-27 07:34:00,CNR8627136956,Driver Not Found,CID132441,Prime Plus,Bellandur,Cox Town,,,Not Applicable,Not Applicable,Not Applicable,Not Applicable,211,Not Applicable,0,,
2024-07-29 16:37:00,CNR2314955032,Canceled by Customer,CID735593,Prime SUV,Chamarajpet,HSR Layout,,,Driver is not moving towards pickup location,Not Applicable,Not Applicable,Not Applicable,111,Not Applicable,0,,
2024-07-17 10:26:00,CNR3045198457,Driver Not Found,CID203369,Prime SUV,BTM Layout,Ramamurthy Nagar,,,Not Applicable,Not Applicable,Not Applicable,Not Applicable,410,Not Applicable,0,,
2024-07-04 14:06:00,CNR6716079482,Success,CID229277,eBike,Malleshwaram,Majestic,63.0,135.0,Not Applicable,Not Applicable,No,Not Applicable,698,Cash,4,4.8,4.1
2024-07-11 22:34:00,CNR7476616135,Canceled by Customer,CID786076,Mini,Shantinagar,Hennur,,,Driver is not moving towards pickup location,Not Applicable,Not Applicable,Not Applicable,395,Not Applicable,0,,
2024-07-25 21:49:00,CNR2855032859,Success,CID125422,Mini,Basavanagudi,Nagarbhavi,175.0,65.0,Not Applicable,Not Applicable,No,Not Applicable,394,Cash,42,4.4,4.3
2024-07-11 18:42:00,CNR3128639419,Success,CID842610,Bike,Chamarajpet,Yelahanka,98.0,80.0,Not Applicable,Not Applicable,No,Not Applicable,1926,UPI,44,4.2,3.8
2024-07-13 09:38:00,CNR1814207291,Success,CID327095,eBike,Hosur Road,Sarjapur Road,98.0,80.0,Not Applicable,Not Applicable,No,Not Applicable,505,Cash,4,4.8,4.4
2024-07-04 23:54:00,CNR6547891305,Canceled by Driver,CID275201,Mini,HSR Layout,Nagarbhavi,,,Not Applicable,Personal & Car related issue,Not Applicable,Not Applicable,180,Not Applicable,0,,
2024-07-27 15:12:00,CNR1909068968,Success,CID744283,Prime Plus,Vijayanagar,Varthur,70.0,50.0,Not Applicable,Not Applicable,No,Not Applicable,232,UPI,47,3.9,3.4
2024-07-01 16:24:00,CNR4532168506,Success,CID967472,Prime Sedan,Shivajinagar,Ramamurthy Nagar,105.0,135.0,Not Applicable,Not Applicable,No,Not Applicable,344,Cash,31,4.0,3.2
2024-07-23 07:23:00,CNR6465670654,Success,CID745699,Prime Plus,Devanahalli,Padmanabhanagar,35.0,55.0,Not Applicable,Not Applicable,No,Not Applicable,197,UPI,10,3.4,4.4
2024-07-24 00:29:00,CNR6618782665,Success,CID453620,Prime SUV,Richmond Town,Majestic,140.0,125.0,Not Applicable,Not Applicable,No,Not Applicable,819,Cash,32,3.6,3.3
2024-07-04 05:11:00,CNR6190754528,Canceled by Driver,CID908371,Prime Plus,Kammanahalli,Rajajinagar,,,Not Applicable,Personal & Car related issue,Not Applicable,Not Applicable,482,Not Applicable,0,,
2024-07-07 12:58:00,CNR7436663485,Success,CID426353,Bike,Shantinagar,Ramamurthy Nagar,112.0,85.0,Not Applicable,Not Applicable,No,Not Applicable,118,Cash,14,4.9,3.3
2024-07-04 22:03:00,CNR2831764383,Success,CID472969,Prime SUV,Kammanahalli,Hebbal,133.0,90.0,Not Applicable,Not Applicable,No,Not Applicable,503,Cash,10,4.1,4.5
2024-07-17 02:56:00,CNR8216829351,Success,CID591455,Prime Plus,Koramangala,Indiranagar,154.0,50.0,Not Applicable,Not Applicable,No,Not Applicable,940,UPI,44,3.4,4.7
2024-07-23 15:09:00,CNR4515970666,Success,CID622738,Bike,Basavanagudi,Nagarbhavi,168.0,105.0,Not Applicable,Not Applicable,No,Not Applicable,877,Cash,23,4.8,4.9
2024-07-12 13:21:00,CNR4937296953,Canceled by Customer,CID997563,Prime Sedan,Whitefield,Sarjapur Road,,,Driver asked to cancel,Not Applicable,Not Applicable,Not Applicable,326,Not Applicable,0,,
2024-07-01 06:53:00,CNR5045513170,Canceled by Customer,CID131807,Bike,Hennur,Ramamurthy Nagar,,,Driver asked to cancel,Not Applicable,Not Applicable,Not Applicable,414,Not Applicable,0,,
2024-07-16 02:18:00,CNR6465654273,Success,CID583968,Auto,Shantinagar,Shantinagar,308.0,45.0,Not Applicable,Not Applicable,No,Not Applicable,721,UPI,9,3.5,3.3
2024-07-22 23:36:00,CNR2143885818,Success,CID713334,Prime Plus,BTM Layout,Yelahanka,119.0,55.0,Not Applicable,Not Applicable,No,Not Applicable,731,UPI,9,3.3,4.7
2024-07-20 11:39:00,CNR7371820081,Canceled by Customer,CID454117,Bike,Shantinagar,Banashankari,,,Change of plans,Not Applicable,Not Applicable,Not Applicable,555,Not Applicable,0,,
2024-07-12 21:45:00,CNR8204841978,Canceled by Customer,CID482882,Prime Sedan,Magadi Road,Banashankari,,,Wrong Address,Not Applicable,Not Applicable,Not Applicable,399,Not Applicable,0,,
2024-07-05 03:01:00,CNR4194167155,Driver Not Found,CID800725,Auto,Magadi Road,Magadi Road,,,Not Applicable,Not Applicable,Not Applicable,Not Applicable,489,Not Applicable,0,,
2024-07-16 04:56:00,CNR3811973533,Success,CID287469,Prime Plus,Hennur,Bannerghatta Road,266.0,55.0,Not Applicable,Not Applicable,No,Not Applicable,340,UPI,44,4.2,4.3
2024-07-02 06:11:00,CNR3262037755,Canceled by Customer,CID340385,eBike,Mysore Road,Langford Town,,,Driver is not moving towards pickup location,Not Applicable,Not Applicable,Not Applicable,1427,Not Applicable,0,,
2024-07-22 08:57:00,CNR9322663747,Success,CID878644,eBike,Magadi Road,BTM Layout,98.0,75.0,Not Applicable,Not Applicable,No,Not Applicable,879,Cash,29,5.0,5.0
2024-07-22 06:49:00,CNR4820563244,Success,CID381316,Prime Sedan,Bannerghatta Road,Chamarajpet,105.0,95.0,Not Applicable,Not Applicable,No,Not Applicable,235,Cash,48,4.5,4.8
2024-07-16 15:43:00,CNR6462846573,Success,CID222633,Mini,Nagarbhavi,Rajarajeshwari Nagar,56.0,105.0,Not Applicable,Not Applicable,No,Not Applicable,151,Cash,38,3.9,4.5
2024-07-12 10:48:00,CNR3130882223,Success,CID282510,Prime Sedan,Varthur,Kammanahalli,175.0,60.0,Not Applicable,Not Applicable,No,Not Applicable,496,Cash,9,3.3,3.8
2024-07-14 12:54:00,CNR9858162479,Success,CID734288,Prime Plus,Frazer Town,Chamarajpet,91.0,100.0,Not Applicable,Not Applicable,No,Not Applicable,316,UPI,33,4.4,3.9
2024-07-17 23:02:00,CNR3784595904,Driver Not Found,CID404857,Prime Sedan,Hebbal,Hebbal,,,Not Applicable,Not Applicable,Not Applicable,Not Applicable,176,Not Applicable,0,,
2024-07-03 05:53:00,CNR7001346333,Success,CID673917,Prime Sedan,Koramangala,Richmond Town,266.0,35.0,Not Applicable,Not Applicable,No,Not Applicable,258,Cash,22,3.9,3.5
2024-07-25 02:36:00,CNR4183704306,Success,CID658084,Prime Sedan,Rajarajeshwari Nagar,MG Road,308.0,40.0,Not Applicable,Not Applicable,No,Not Applicable,261,UPI,2,4.2,4.2
2024-07-26 02:46:00,CNR3423813488,Canceled by Driver,CID294006,Prime SUV,JP Nagar,Shantinagar,,,Not Applicable,Personal & Car related issue,Not Applicable,Not Applicable,399,Not Applicable,0,,
2024-07-30 10:09:00,CNR5457218480,Success,CID341277,Mini,Ulsoor,Tumkur Road,182.0,110.0,Not Applicable,Not Applicable,Yes,Customer Demand,1862,Cash,29,4.5,4.8
2024-07-07 01:05:00,CNR9237998244,Canceled by Driver,CID738772,Prime SUV,Koramangala,BTM Layout,,,Not Applicable,More than permitted people in there,Not Applicable,Not Applicable,294,Not Applicable,0,,
2024-07-14 01:33:00,CNR7120437622,Success,CID598153,Auto,Shantinagar,Hosur Road,175.0,80.0,Not Applicable,Not Applicable,No,Not Applicable,155,UPI,17,4.6,4.2
2024-07-21 03:55:00,CNR8591169441,Success,CID801356,Prime Sedan,Mysore Road,RT Nagar,147.0,40.0,Not Applicable,Not Applicable,No,Not Applicable,389,Cash,23,3.7,3.1
2024-07-12 07:02:00,CNR2579126811,Canceled by Customer,CID933242,eBike,Marathahalli,Varthur,,,Wrong Address,Not Applicable,Not Applicable,Not Applicable,479,Not Applicable,0,,
2024-07-05 21:07:00,CNR1965532703,Canceled by Customer,CID680028,Mini,Bannerghatta Road,Shantinagar,,,Wrong Address,Not Applicable,Not Applicable,Not Applicable,296,Not Applicable,0,,
2024-07-03 16:35:00,CNR4289637307,Canceled by Driver,CID902702,Auto,Padmanabhanagar,Hebbal,,,Not Applicable,Personal & Car related issue,Not Applicable,Not Applicable,158,Not Applicable,0,,
2024-07-23 16:50:00,CNR3492733060,Canceled by Driver,CID421043,Auto,BTM Layout,Mysore Road,,,Not Applicable,Customer related issue,Not Applicable,Not Applicable,306,Not Applicable,0,,
2024-07-23 22:44:00,CNR8071333862,Canceled by Driver,CID519880,eBike,Richmond Town,Rajajinagar,,,Not Applicable,Customer related issue,Not Applicable,Not Applicable,517,Not Applicable,0,,
2024-07-10 16:36:00,CNR8783038535,Canceled by Driver,CID729007,Prime SUV,Malleshwaram,Mysore Road,,,Not Applicable,More than permitted people in there,Not Applicable,Not Applicable,280,Not Applicable,0,,
2024-07-09 17:16:00,CNR6663182208,Success,CID415827,Prime Sedan,Ramamurthy Nagar,Padmanabhanagar,182.0,55.0,Not Applicable,Not Applicable,No,Not Applicable,485,Cash,10,3.2,4.3
2024-07-25 01:09:00,CNR3902475024,Driver Not Found,CID113171,Mini,Hosur Road,Ramamurthy Nagar,,,Not Applicable,Not Applicable,Not Applicable,Not Applicable,225,Not Applicable,0,,
2024-07-09 09:32:00,CNR8813011390,Canceled by Driver,CID335860,Bike,Basavanagudi,Sarjapur Road,,,Not Applicable,More than permitted people in there,Not Applicable,Not Applicable,229,Not Applicable,0,,
2024-07-04 08:53:00,CNR7811009835,Success,CID273816,Prime SUV,Indiranagar,HSR Layout,203.0,140.0,Not Applicable,Not Applicable,No,Not Applicable,460,UPI,44,3.1,4.6
2024-07-15 05:34:00,CNR1173588418,Canceled by Driver,CID812021,Prime Sedan,Langford Town,Basavanagudi,,,Not Applicable,Personal & Car related issue,Not Applicable,Not Applicable,505,Not Applicable,0,,
2024-07-07 21:43:00,CNR4876574331,Success,CID953729,Bike,Peenya,Frazer Town,84.0,35.0,Not Applicable,Not Applicable,No,Not Applicable,1415,Cash,22,4.8,3.2
2024-07-01 02:24:00,CNR4857539684,Canceled by Customer,CID889668,Auto,Ramamurthy Nagar,Bellandur,,,Driver asked to cancel,Not Applicable,Not Applicable,Not Applicable,445,Not Applicable,0,,
2024-07-26 18:20:00,CNR2168901419,Success,CID189785,Prime Sedan,Yelahanka,Langford Town,133.0,110.0,Not Applicable,Not Applicable,No,Not Applicable,270,UPI,8,4.8,3.1
2024-07-09 01:42:00,CNR5482424641,Success,CID402362,eBike,Bellandur,Jayanagar,245.0,95.0,Not Applicable,Not Applicable,No,Not Applicable,886,Cash,44,4.3,4.9
2024-07-18 22:40:00,CNR6614201257,Driver Not Found,CID250502,Prime SUV,Shantinagar,Kammanahalli,,,Not Applicable,Not Applicable,Not Applicable,Not Applicable,725,Not Applicable,0,,
2024-07-14 16:30:00,CNR5744084436,Success,CID414363,Prime Sedan,Vijayanagar,Sahakar Nagar,266.0,140.0,Not Applicable,Not Applicable,No,Not Applicable,941,Cash,28,3.3,3.8
2024-07-08 17:21:00,CNR2482561253,Driver Not Found,CID894521,Prime Plus,Koramangala,Jayanagar,,,Not Applicable,Not Applicable,Not Applicable,Not Applicable,493,Not Applicable,0,,
2024-07-30 10:39:00,CNR1208439845,Success,CID243027,Prime SUV,Ramamurthy Nagar,Chickpet,196.0,125.0,Not Applicable,Not Applicable,No,Not Applicable,185,UPI,12,3.4,4.1
2024-07-12 22:52:00,CNR5993724097,Success,CID111390,Prime Sedan,Kengeri,JP Nagar,252.0,80.0,Not Applicable,Not Applicable,No,Not Applicable,260,UPI,48,4.3,3.6
2024-07-03 18:14:00,CNR4756851478,Success,CID404999,Mini,Banashankari,Devanahalli,168.0,70.0,Not Applicable,Not Applicable,No,Not Applicable,295,Cash,38,3.5,4.2
2024-07-04 15:34:00,CNR2125980788,Canceled by Driver,CID602498,Prime Plus,Banashankari,Rajajinagar,,,Not Applicable,Personal & Car related issue,Not Applicable,Not Applicable,977,Not Applicable,0,,
2024-07-30 06:08:00,CNR9855480039,Success,CID769496,Prime Sedan,Electronic City,Devanahalli,287.0,80.0,Not Applicable,Not Applicable,No,Not Applicable,225,Cash,20,4.4,3.7
2024-07-06 18:40:00,CNR8150607853,Success,CID631249,Bike,Hebbal,Devanahalli,224.0,85.0,Not Applicable,Not Applicable,No,Not Applicable,169,UPI,25,3.7,4.1
2024-07-26 15:45:00,CNR9183290079,Canceled by Driver,CID982379,Prime Plus,Yeshwanthpur,Whitefield,,,Not Applicable,Personal & Car related issue,Not Applicable,Not Applicable,437,Not Applicable,0,,
2024-07-07 07:04:00,CNR6553049836,Success,CID857982,Mini,Cox Town,Frazer Town,280.0,70.0,Not Applicable,Not Applicable,No,Not Applicable,275,Cash,21,4.4,4.3
2024-07-24 20:42:00,CNR7712200003,Canceled by Driver,CID351118,Bike,MG Road,Yeshwanthpur,,,Not Applicable,Customer related issue,Not Applicable,Not Applicable,1369,Not Applicable,0,,
2024-07-22 01:13:00,CNR3845810781,Success,CID692031,eBike,Hennur,Marathahalli,175.0,80.0,Not Applicable,Not Applicable,No,Not Applicable,339,UPI,19,4.7,3.1
2024-07-06 14:22:00,CNR8512317083,Canceled by Driver,CID864539,Auto,KR Puram,Rajarajeshwari Nagar,,,Not Applicable,Customer was coughing/sick,Not Applicable,Not Applicable,342,Not Applicable,0,,
2024-07-09 02:03:00,CNR2785808240,Success,CID667886,Mini,Indiranagar,Shantinagar,84.0,40.0,Not Applicable,Not Applicable,No,Not Applicable,303,UPI,14,3.4,4.4
2024-07-02 18:17:00,CNR3452021675,Success,CID685871,Bike,Ulsoor,Koramangala,203.0,40.0,Not Applicable,Not Applicable,No,Not Applicable,1720,Cash,31,4.9,3.4
2024-07-06 04:45:00,CNR7251324353,Success,CID766552,Bike,Nagarbhavi,Basavanagudi,147.0,125.0,Not Applicable,Not Applicable,No,Not Applicable,2684,UPI,18,4.9,4.7
2024-07-11 02:27:00,CNR4661473685,Success,CID576062,Prime SUV,Jayanagar,Varthur,287.0,145.0,Not Applicable,Not Applicable,No,Not Applicable,1258,Cash,25,3.5,3.8
2024-07-29 18:01:00,CNR1987794485,Success,CID315228,Mini,Yelahanka,Rajarajeshwari Nagar,287.0,55.0,Not Applicable,Not Applicable,No,Not Applicable,2549,UPI,22,4.5,4.4
2024-07-06 10:44:00,CNR9616926499,Driver Not Found,CID128880,Mini,Shantinagar,Yeshwanthpur,,,Not Applicable,Not Applicable,Not Applicable,Not Applicable,323,Not Applicable,0,,
2024-07-02 07:11:00,CNR9307941245,Canceled by Customer,CID585008,Prime Plus,Nagarbhavi,Peenya,,,Wrong Address,Not Applicable,Not Applicable,Not Applicable,228,Not Applicable,0,,
2024-07-13 07:31:00,CNR1045820138,Success,CID114807,Auto,Frazer Town,Jayanagar,133.0,50.0,Not Applicable,Not Applicable,No,Not Applicable,248,UPI,1,5.0,3.5
2024-07-25 21:09:00,CNR3483654775,Success,CID648050,Bike,Hosur Road,Bannerghatta Road,266.0,60.0,Not Applicable,Not Applicable,No,Not Applicable,260,UPI,31,3.1,4.8
2024-07-25 14:46:00,CNR5401503521,Success,CID725097,Auto,Rajajinagar,Chickpet,35.0,140.0,Not Applicable,Not Applicable,No,Not Applicable,426,Cash,14,4.5,3.4
2024-07-20 12:34:00,CNR5526227278,Canceled by Driver,CID585692,Prime Plus,Devanahalli,Ramamurthy Nagar,,,Not Applicable,Customer related issue,Not Applicable,Not Applicable,2902,Not Applicable,0,,
2024-07-18 09:44:00,CNR5142277356,Canceled by Driver,CID924386,eBike,Yelahanka,Chickpet,,,Not Applicable,Personal & Car related issue,Not Applicable,Not Applicable,806,Not Applicable,0,,
2024-07-17 00:37:00,CNR6924788474,Driver Not Found,CID443346,eBike,HSR Layout,Kammanahalli,,,Not Applicable,Not Applicable,Not Applicable,Not Applicable,175,Not Applicable,0,,
2024-07-06 12:02:00,CNR2058177296,Success,CID802984,Mini,Sahakar Nagar,Chickpet,308.0,125.0,Not Applicable,Not Applicable,No,Not Applicable,156,Credit Card,6,3.5,3.8
2024-07-16 17:08:00,CNR9091370043,Canceled by Driver,CID786377,Prime SUV,JP Nagar,Bellandur,,,Not Applicable,More than permitted people in there,Not Applicable,Not Applicable,123,Not Applicable,0,,
2024-07-17 08:26:00,CNR2374992089,Canceled by Driver,CID991208,Bike,Malleshwaram,Shantinagar,,,Not Applicable,Personal & Car related issue,Not Applicable,Not Applicable,707,Not Applicable,0,,
2024-07-12 04:13:00,CNR9601659722,Success,CID126323,Bike,Devanahalli,Vijayanagar,259.0,120.0,Not Applicable,Not Applicable,No,Not Applicable,832,UPI,43,4.2,3.4
2024-07-16 05:02:00,CNR9206259604,Success,CID429046,Prime Sedan,MG Road,Richmond Town,210.0,125.0,Not Applicable,Not Applicable,No,Not Applicable,890,Cash,3,3.2,3.3
2024-07-10 09:18:00,CNR4909121109,Canceled by Customer,CID575223,eBike,Ramamurthy Nagar,Sahakar Nagar,,,Driver asked to cancel,Not Applicable,Not Applicable,Not Applicable,198,Not Applicable,0,,
2024-07-21 18:54:00,CNR9221125761,Canceled by Customer,CID134565,Prime Sedan,Peenya,Nagarbhavi,,,Change of plans,Not Applicable,Not Applicable,Not Applicable,1000,Not Applicable,0,,
2024-07-29 14:09:00,CNR7907069743,Success,CID486452,Mini,Whitefield,HSR Layout,301.0,135.0,Not Applicable,Not Applicable,No,Not Applicable,170,UPI,12,4.0,3.2
2024-07-20 15:22:00,CNR6879107102,Canceled by Driver,CID225578,Prime Plus,Malleshwaram,Vijayanagar,,,Not Applicable,Customer related issue,Not Applicable,Not Applicable,346,Not Applicable,0,,
2024-07-27 19:45:00,CNR3125716551,Canceled by Driver,CID917825,Prime Plus,Hulimavu,Bellandur,,,Not Applicable,Personal & Car related issue,Not Applicable,Not Applicable,224,Not Applicable,0,,
2024-07-04 10:42:00,CNR9124347643,Success,CID153701,Prime Sedan,Rajajinagar,Banashankari,259.0,40.0,Not Applicable,Not Applicable,No,Not Applicable,417,Cash,21,3.4,3.2
2024-07-19 21:18:00,CNR1185796020,Canceled by Driver,CID966637,Prime Sedan,Sahakar Nagar,Hosur Road,,,Not Applicable,Personal & Car related issue,Not Applicable,Not Applicable,606,Not Applicable,0,,
2024-07-18 17:20:00,CNR7213997100,Canceled by Driver,CID899854,Prime SUV,Yelahanka,Padmanabhanagar,,,Not Applicable,Customer related issue,Not Applicable,Not Applicable,459,Not Applicable,0,,
2024-07-07 02:07:00,CNR4624358410,Canceled by Customer,CID331078,Bike,Jayanagar,Mysore Road,,,Driver asked to cancel,Not Applicable,Not Applicable,Not Applicable,760,Not Applicable,0,,
2024-07-20 21:03:00,CNR3770093314,Success,CID987504,Auto,RT Nagar,Vijayanagar,280.0,130.0,Not Applicable,Not Applicable,No,Not Applicable,2024,Cash,17,4.0,4.2
2024-07-22 20:50:00,CNR9588414491,Success,CID645421,Prime SUV,Tumkur Road,Shivajinagar,245.0,130.0,Not Applicable,Not Applicable,No,Not Applicable,322,UPI,4,3.9,4.7
2024-07-20 20:53:00,CNR3110738714,Driver Not Found,CID669473,Prime SUV,Yeshwanthpur,Hebbal,,,Not Applicable,Not Applicable,Not Applicable,Not Applicable,383,Not Applicable,0,,
2024-07-15 10:17:00,CNR4648542200,Success,CID464442,eBike,Peenya,Jayanagar,35.0,60.0,Not Applicable,Not Applicable,No,Not Applicable,560,Credit Card,21,4.6,3.9
2024-07-25 22:30:00,CNR1418561804,Driver Not Found,CID600869,Mini,Rajajinagar,Electronic City,,,Not Applicable,Not Applicable,Not Applicable,Not Applicable,226,Not Applicable,0,,
2024-07-05 13:34:00,CNR1938297850,Success,CID809096,Auto,Kadugodi,Shivajinagar,140.0,145.0,Not Applicable,Not Applicable,No,Not Applicable,127,Cash,18,4.2,3.9
2024-07-13 04:52:00,CNR2225224791,Canceled by Driver,CID277825,Prime Sedan,Frazer Town,Marathahalli,,,Not Applicable,Personal & Car related issue,Not Applicable,Not Applicable,1755,Not Applicable,0,,
2024-07-23 18:51:00,CNR2135267016,Success,CID536744,Mini,Bellandur,RT Nagar,224.0,95.0,Not Applicable,Not Applicable,No,Not Applicable,490,UPI,16,4.8,4.6
2024-07-05 07:10:00,CNR3881455940,Success,CID431538,Prime SUV,Padmanabhanagar,Yelahanka,91.0,45.0,Not Applicable,Not Applicable,No,Not Applicable,2523,UPI,38,3.0,3.7
2024-07-20 06:48:00,CNR3544605251,Success,CID674677,Mini,Hulimavu,Shantinagar,119.0,105.0,Not Applicable,Not Applicable,No,Not Applicable,135,Cash,3,3.7,4.1
2024-07-02 05:41:00,CNR6562803209,Canceled by Driver,CID823215,Prime Plus,Mysore Road,Malleshwaram,,,Not Applicable,Personal & Car related issue,Not Applicable,Not Applicable,2346,Not Applicable,0,,
2024-07-05 11:10:00,CNR1362797853,Driver Not Found,CID302310,Prime SUV,Hennur,Shantinagar,,,Not Applicable,Not Applicable,Not Applicable,Not Applicable,376,Not Applicable,0,,
2024-07-24 19:17:00,CNR1197805975,Success,CID531242,Auto,Frazer Town,KR Puram,70.0,115.0,Not Applicable,Not Applicable,Yes,Other Issue,148,Cash,13,4.0,3.4
2024-07-23 07:06:00,CNR8708734562,Success,CID393904,Prime Plus,Hennur,Basavanagudi,140.0,85.0,Not Applicable,Not Applicable,No,Not Applicable,343,Cash,29,3.8,4.3
2024-07-17 15:34:00,CNR9129027295,Driver Not Found,CID721603,Prime Sedan,Majestic,Malleshwaram,,,Not Applicable,Not Applicable,Not Applicable,Not Applicable,501,Not Applicable,0,,
2024-07-14 14:34:00,CNR5407519446,Canceled by Customer,CID401769,Mini,Shivajinagar,Indiranagar,,,Driver is not moving towards pickup location,Not Applicable,Not Applicable,Not Applicable,905,Not Applicable,0,,
2024-07-25 16:30:00,CNR2275113344,Driver Not Found,CID934107,Prime Sedan,Yeshwanthpur,Tumkur Road,,,Not Applicable,Not Applicable,Not Applicable,Not Applicable,453,Not Applicable,0,,
2024-07-22 15:05:00,CNR2154710454,Canceled by Driver,CID495153,eBike,JP Nagar,Bannerghatta Road,,,Not Applicable,Personal & Car related issue,Not Applicable,Not Applicable,272,Not Applicable,0,,
2024-07-30 07:04:00,CNR7621444157,Success,CID150803,Bike,Yeshwanthpur,Yeshwanthpur,133.0,30.0,Not Applicable,Not Applicable,No,Not Applicable,792,Cash,22,4.6,3.3
2024-07-01 20:09:00,CNR1291941469,Success,CID704270,Prime Sedan,MG Road,Peenya,35.0,55.0,Not Applicable,Not Applicable,No,Not Applicable,1454,Cash,11,4.1,3.4
2024-07-07 01:01:00,CNR9784149831,Canceled by Customer,CID932460,Mini,MG Road,Rajajinagar,,,Change of plans,Not Applicable,Not Applicable,Not Applicable,470,Not Applicable,0,,
2024-07-03 05:54:00,CNR7479713276,Driver Not Found,CID757254,Prime Plus,Chickpet,Malleshwaram,,,Not Applicable,Not Applicable,Not Applicable,Not Applicable,469,Not Applicable,0,,
2024-07-02 04:50:00,CNR2803090485,Success,CID706258,eBike,Marathahalli,Mysore Road,49.0,110.0,Not Applicable,Not Applicable,No,Not Applicable,470,Credit Card,47,4.7,4.6
2024-07-25 12:08:00,CNR6979878283,Canceled by Driver,CID688760,Auto,Electronic City,Yeshwanthpur,,,Not Applicable,Personal & Car related issue,Not Applicable,Not Applicable,455,Not Applicable,0,,
2024-07-22 22:40:00,CNR1283230215,Canceled by Driver,CID430217,Prime Plus,Padmanabhanagar,MG Road,,,Not Applicable,Personal & Car related issue,Not Applicable,Not Applicable,541,Not Applicable,0,,
2024-07-28 13:22:00,CNR7927672175,Driver Not Found,CID928519,Mini,RT Nagar,HSR Layout,,,Not Applicable,Not Applicable,Not Applicable,Not Applicable,1957,Not Applicable,0,,
2024-07-09 05:30:00,CNR5037990706,Driver Not Found,CID693811,Prime Plus,Indiranagar,Vijayanagar,,,Not Applicable,Not Applicable,Not Applicable,Not Applicable,2384,Not Applicable,0,,
2024-07-29 05:59:00,CNR8265300781,Canceled by Customer,CID878459,Prime SUV,Chickpet,Bannerghatta Road,,,Driver is not moving towards pickup location,Not Applicable,Not Applicable,Not Applicable,395,Not Applicable,0,,
2024-07-26 01:50:00,CNR3904586255,Success,CID460263,Prime SUV,Kammanahalli,Marathahalli,112.0,110.0,Not Applicable,Not Applicable,No,Not Applicable,442,Debit Card,43,4.5,4.0
2024-07-01 14:03:00,CNR9165190803,Canceled by Customer,CID995732,Bike,Majestic,Mysore Road,,,Change of plans,Not Applicable,Not Applicable,Not Applicable,156,Not Applicable,0,,
2024-07-01 20:28:00,CNR7085374041,Canceled by Driver,CID688920,Prime Sedan,BTM Layout,Langford Town,,,Not Applicable,Customer was coughing/sick,Not Applicable,Not Applicable,419,Not Applicable,0,,
2024-07-18 14:41:00,CNR2841585337,Success,CID133432,Prime Plus,Ramamurthy Nagar,Bellandur,112.0,35.0,Not Applicable,Not Applicable,No,Not Applicable,448,Cash,1,4.4,3.6
2024-07-30 03:54:00,CNR6844961342,Success,CID825367,eBike,BTM Layout,KR Puram,161.0,85.0,Not Applicable,Not Applicable,No,Not Applicable,226,UPI,6,3.3,4.8
2024-07-14 05:42:00,CNR4895808680,Success,CID320886,Prime Plus,Shantinagar,Shantinagar,154.0,35.0,Not Applicable,Not Applicable,No,Not Applicable,2353,UPI,23,3.0,4.1
2024-07-12 05:31:00,CNR5524763504,Canceled by Driver,CID809930,Bike,Kammanahalli,Hulimavu,,,Not Applicable,More than permitted people in there,Not Applicable,Not Applicable,323,Not Applicable,0,,
2024-07-11 22:24:00,CNR2760398795,Canceled by Driver,CID704875,eBike,Richmond Town,Jayanagar,,,Not Applicable,Customer related issue,Not Applicable,Not Applicable,707,Not Applicable,0,,
2024-07-08 22:13:00,CNR3824258458,Success,CID699544,eBike,Richmond Town,Majestic,147.0,140.0,Not Applicable,Not Applicable,No,Not Applicable,622,Cash,1,4.0,4.5
2024-07-26 16:11:00,CNR2253494326,Driver Not Found,CID124180,Prime SUV,Jayanagar,JP Nagar,,,Not Applicable,Not Applicable,Not Applicable,Not Applicable,498,Not Applicable,0,,
2024-07-06 09:47:00,CNR5089295997,Canceled by Customer,CID872257,Prime Plus,Kadugodi,Devanahalli,,,Driver asked to cancel,Not Applicable,Not Applicable,Not Applicable,160,Not Applicable,0,,
2024-07-09 16:44:00,CNR5750296922,Driver Not Found,CID686358,eBike,MG Road,Hennur,,,Not Applicable,Not Applicable,Not Applicable,Not Applicable,268,Not Applicable,0,,
2024-07-27 21:51:00,CNR4848895223,Success,CID883215,Prime SUV,Electronic City,Ulsoor,84.0,125.0,Not Applicable,Not Applicable,No,Not Applicable,127,Cash,1,3.7,5.0
2024-07-03 19:02:00,CNR4841807877,Success,CID193931,Bike,Hennur,Banashankari,112.0,25.0,Not Applicable,Not Applicable,No,Not Applicable,395,UPI,14,4.5,3.4
2024-07-11 11:57:00,CNR9064414729,Success,CID836462,Prime Sedan,Rajarajeshwari Nagar,Koramangala,203.0,120.0,Not Applicable,Not Applicable,No,Not Applicable,964,UPI,19,4.6,4.4
2024-07-25 05:06:00,CNR9334524512,Success,CID623916,Prime Sedan,Tumkur Road,Ramamurthy Nagar,245.0,60.0,Not Applicable,Not Applicable,No,Not Applicable,231,UPI,49,3.8,4.7
2024-07-30 12:20:00,CNR9399981453,Success,CID938794,Prime Plus,Hulimavu,Hebbal,266.0,60.0,Not Applicable,Not Applicable,No,Not Applicable,286,Cash,18,4.5,4.1
2024-07-22 15:31:00,CNR3591150735,Success,CID475691,Bike,Ramamurthy Nagar,Whitefield,98.0,75.0,Not Applicable,Not Applicable,No,Not Applicable,693,Cash,23,4.4,4.5
2024-07-03 06:39:00,CNR2926925642,Success,CID592022,Prime Plus,Sarjapur Road,Padmanabhanagar,112.0,30.0,Not Applicable,Not Applicable,No,Not Applicable,459,UPI,39,4.8,3.0
2024-07-29 02:26:00,CNR9251565163,Canceled by Driver,CID205674,Auto,BTM Layout,Marathahalli,,,Not Applicable,Personal & Car related issue,Not Applicable,Not Applicable,2772,Not Applicable,0,,
2024-07-30 22:02:00,CNR7824726173,Success,CID914688,Bike,Tumkur Road,Indiranagar,273.0,90.0,Not Applicable,Not Applicable,No,Not Applicable,676,Cash,33,3.2,4.3
2024-07-30 00:15:00,CNR6897389211,Canceled by Customer,CID760289,Auto,Magadi Road,Rajajinagar,,,AC is Not working,Not Applicable,Not Applicable,Not Applicable,111,Not Applicable,0,,
2024-07-19 23:11:00,CNR8608147180,Success,CID387394,Auto,Richmond Town,Electronic City,196.0,50.0,Not Applicable,Not Applicable,No,Not Applicable,450,Debit Card,17,4.8,4.0
2024-07-03 14:16:00,CNR4456501193,Success,CID619717,Prime Sedan,Padmanabhanagar,Koramangala,154.0,75.0,Not Applicable,Not Applicable,No,Not Applicable,197,Cash,31,4.8,4.6
2024-07-03 12:21:00,CNR9533906005,Canceled by Customer,CID691496,Prime Plus,Mysore Road,HSR Layout,,,Driver asked to cancel,Not Applicable,Not Applicable,Not Applicable,514,Not Applicable,0,,
2024-07-19 01:14:00,CNR9552976749,Canceled by Driver,CID912255,Mini,Yeshwanthpur,Hulimavu,,,Not Applicable,Customer related issue,Not Applicable,Not Applicable,551,Not Applicable,0,,
2024-07-24 19:18:00,CNR6182279869,Canceled by Customer,CID253427,Mini,Magadi Road,Sahakar Nagar,,,AC is Not working,Not Applicable,Not Applicable,Not Applicable,479,Not Applicable,0,,
2024-07-03 00:20:00,CNR2160026806,Success,CID995158,Prime SUV,Devanahalli,Ulsoor,224.0,50.0,Not Applicable,Not Applicable,Yes,Vehicle Breakdown,290,Cash,24,4.7,4.3
2024-07-30 05:38:00,CNR3587668939,Canceled by Driver,CID651860,Bike,Cox Town,Tumkur Road,,,Not Applicable,Customer related issue,Not Applicable,Not Applicable,891,Not Applicable,0,,
2024-07-25 00:01:00,CNR7274569161,Success,CID765508,Prime SUV,Whitefield,Mysore Road,49.0,40.0,Not Applicable,Not Applicable,No,Not Applicable,255,Cash,2,3.6,4.2
2024-07-27 21:43:00,CNR9775633801,Success,CID432757,Prime SUV,Shantinagar,Basavanagudi,252.0,35.0,Not Applicable,Not Applicable,No,Not Applicable,271,UPI,16,4.1,3.7
2024-07-06 19:46:00,CNR7036240394,Success,CID799503,eBike,Chickpet,Kammanahalli,252.0,130.0,Not Applicable,Not Applicable,No,Not Applicable,239,Cash,49,4.9,3.6
2024-07-25 15:41:00,CNR1819319770,Success,CID428371,Prime Plus,Hosur Road,Vijayanagar,308.0,120.0,Not Applicable,Not Applicable,No,Not Applicable,215,UPI,47,3.3,3.9
2024-07-28 08:51:00,CNR5413494286,Driver Not Found,CID308416,Auto,Sahakar Nagar,Koramangala,,,Not Applicable,Not Applicable,Not Applicable,Not Applicable,364,Not Applicable,0,,
2024-07-02 19:43:00,CNR5404781929,Success,CID650741,Prime Plus,Yeshwanthpur,Bannerghatta Road,273.0,120.0,Not Applicable,Not Applicable,No,Not Applicable,469,Cash,24,4.7,4.2
2024-07-29 20:13:00,CNR4852378255,Success,CID226767,Auto,Vijayanagar,Nagarbhavi,259.0,55.0,Not Applicable,Not Applicable,No,Not Applicable,1581,Credit Card,17,4.9,3.7
2024-07-08 21:21:00,CNR9440338042,Success,CID261784,Bike,BTM Layout,Chickpet,63.0,125.0,Not Applicable,Not Applicable,No,Not Applicable,2396,Cash,16,4.8,4.4
2024-07-13 09:34:00,CNR8679626669,Success,CID488739,Prime Sedan,Hosur Road,Kengeri,70.0,40.0,Not Applicable,Not Applicable,No,Not Applicable,360,Credit Card,25,4.6,3.7
2024-07-01 11:00:00,CNR3115972187,Success,CID891882,Mini,Mysore Road,HSR Layout,42.0,85.0,Not Applicable,Not Applicable,No,Not Applicable,461,UPI,31,4.3,3.6
2024-07-19 21:37:00,CNR9234704265,Success,CID172860,Prime SUV,Richmond Town,Ramamurthy Nagar,245.0,25.0,Not Applicable,Not Applicable,No,Not Applicable,125,Cash,8,4.4,4.1
2024-07-29 12:02:00,CNR1231241180,Success,CID990762,Mini,Sahakar Nagar,Peenya,308.0,80.0,Not Applicable,Not Applicable,Yes,Vehicle Breakdown,267,Cash,1,4.6,4.1
2024-07-01 13:43:00,CNR7328593992,Success,CID385704,Prime Sedan,Hennur,Devanahalli,245.0,105.0,Not Applicable,Not Applicable,No,Not Applicable,207,Cash,14,5.0,3.7
2024-07-23 07:35:00,CNR2476838580,Success,CID601077,eBike,Frazer Town,Vijayanagar,70.0,105.0,Not Applicable,Not Applicable,No,Not Applicable,708,UPI,23,3.4,4.1
2024-07-05 11:49:00,CNR2317702450,Driver Not Found,CID373105,Prime Plus,Kengeri,Hulimavu,,,Not Applicable,Not Applicable,Not Applicable,Not Applicable,755,Not Applicable,0,,
2024-07-10 09:38:00,CNR9858798526,Driver Not Found,CID427949,Auto,Nagarbhavi,Whitefield,,,Not Applicable,Not Applicable,Not Applicable,Not Applicable,400,Not Applicable,0,,
2024-07-03 01:50:00,CNR8010932315,Success,CID826849,eBike,Peenya,RT Nagar,266.0,140.0,Not Applicable,Not Applicable,No,Not Applicable,422,UPI,5,3.8,4.1
2024-07-03 23:01:00,CNR3955318209,Canceled by Driver,CID901132,Prime Plus,Vijayanagar,Padmanabhanagar,,,Not Applicable,More than permitted people in there,Not Applicable,Not Applicable,2349,Not Applicable,0,,
2024-07-14 22:47:00,CNR5369521512,Success,CID114113,Prime Sedan,JP Nagar,RT Nagar,77.0,125.0,Not Applicable,Not Applicable,Yes,Other Issue,293,Credit Card,9,4.8,3.7
2024-07-23 20:00:00,CNR8245512685,Success,CID954620,eBike,Varthur,Jayanagar,280.0,80.0,Not Applicable,Not Applicable,No,Not Applicable,2605,UPI,7,3.3,4.2
2024-07-03 12:51:00,CNR1809641201,Success,CID526237,eBike,Chamarajpet,BTM Layout,301.0,110.0,Not Applicable,Not Applicable,No,Not Applicable,249,Cash,39,4.6,3.9
2024-07-22 08:42:00,CNR7251058192,Success,CID512569,Bike,JP Nagar,Ramamurthy Nagar,196.0,75.0,Not Applicable,Not Applicable,No,Not Applicable,319,UPI,40,5.0,4.8
2024-07-14 06:07:00,CNR2317798170,Canceled by Driver,CID983883,Bike,Basavanagudi,Vijayanagar,,,Not Applicable,Customer was coughing/sick,Not Applicable,Not Applicable,301,Not Applicable,0,,
2024-07-07 03:46:00,CNR6810173570,Success,CID274377,Prime SUV,Kammanahalli,Bannerghatta Road,56.0,30.0,Not Applicable,Not Applicable,No,Not Applicable,283,Cash,26,4.6,4.8
2024-07-03 18:41:00,CNR6272334854,Success,CID462627,Mini,Peenya,Hosur Road,154.0,60.0,Not Applicable,Not Applicable,No,Not Applicable,672,UPI,14,4.9,4.4
2024-07-15 11:45:00,CNR7463074637,Canceled by Driver,CID835247,Bike,Sarjapur Road,Mysore Road,,,Not Applicable,Customer related issue,Not Applicable,Not Applicable,490,Not Applicable,0,,
2024-07-22 23:26:00,CNR1469906609,Success,CID272204,Mini,Rajajinagar,RT Nagar,42.0,115.0,Not Applicable,Not Applicable,No,Not Applicable,164,Cash,46,3.5,3.1
2024-07-20 09:53:00,CNR9810719084,Success,CID701006,eBike,Kadugodi,Indiranagar,189.0,55.0,Not Applicable,Not Applicable,No,Not Applicable,287,UPI,42,4.1,3.5
2024-07-20 19:53:00,CNR2768137930,Success,CID522034,Mini,Indiranagar,Hosur Road,70.0,125.0,Not Applicable,Not Applicable,No,Not Applicable,922,Cash,9,3.7,3.7
2024-07-12 13:32:00,CNR7683506628,Canceled by Customer,CID922533,Mini,Ramamurthy Nagar,Yeshwanthpur,,,Driver is not moving towards pickup location,Not Applicable,Not Applicable,Not Applicable,300,Not Applicable,0,,
2024-07-28 14:37:00,CNR2960258401,Success,CID385102,Prime Plus,RT Nagar,Chamarajpet,126.0,70.0,Not Applicable,Not Applicable,No,Not Applicable,2354,Cash,18,3.9,3.1
2024-07-14 14:34:00,CNR7124697514,Canceled by Customer,CID395485,Bike,Richmond Town,BTM Layout,,,Driver asked to cancel,Not Applicable,Not Applicable,Not Applicable,872,Not Applicable,0,,
2024-07-27 22:08:00,CNR4455505662,Canceled by Customer,CID659610,eBike,Sahakar Nagar,Hosur Road,,,Driver asked to cancel,Not Applicable,Not Applicable,Not Applicable,293,Not Applicable,0,,
2024-07-13 07:14:00,CNR2029145779,Success,CID189247,Bike,Mysore Road,Banashankari,161.0,140.0,Not Applicable,Not Applicable,No,Not Applicable,524,UPI,45,4.8,4.7
2024-07-14 06:43:00,CNR7846224166,Success,CID639874,Bike,Jayanagar,Nagarbhavi,287.0,90.0,Not Applicable,Not Applicable,No,Not Applicable,435,UPI,38,3.1,4.1
2024-07-15 15:24:00,CNR6690776525,Success,CID924383,Prime Sedan,Whitefield,Nagarbhavi,133.0,80.0,Not Applicable,Not Applicable,Yes,Other Issue,413,UPI,15,3.6,4.6
2024-07-15 08:29:00,CNR7367585820,Success,CID388122,Prime SUV,Kammanahalli,KR Puram,35.0,115.0,Not Applicable,Not Applicable,No,Not Applicable,686,Cash,33,4.3,3.4
2024-07-28 03:24:00,CNR2810449764,Canceled by Driver,CID522403,Prime Plus,Kammanahalli,Bellandur,,,Not Applicable,Personal & Car related issue,Not Applicable,Not Applicable,1512,Not Applicable,0,,
2024-07-02 06:20:00,CNR7217272625,Success,CID689311,Auto,MG Road,MG Road,126.0,145.0,Not Applicable,Not Applicable,No,Not Applicable,299,UPI,13,4.9,3.1
2024-07-22 11:45:00,CNR7523510121,Success,CID848139,eBike,Devanahalli,Sahakar Nagar,259.0,90.0,Not Applicable,Not Applicable,Yes,Customer Demand,433,UPI,2,4.5,4.0
2024-07-15 10:26:00,CNR9650133419,Canceled by Driver,CID306862,Auto,HSR Layout,Ulsoor,,,Not Applicable,Customer was coughing/sick,Not Applicable,Not Applicable,199,Not Applicable,0,,
2024-07-09 18:05:00,CNR9393810914,Success,CID190057,Bike,Rajajinagar,Kadugodi,168.0,55.0,Not Applicable,Not Applicable,No,Not Applicable,131,UPI,19,3.6,3.2
2024-07-27 08:31:00,CNR1656638603,Success,CID400217,Bike,Hennur,Electronic City,182.0,60.0,Not Applicable,Not Applicable,No,Not Applicable,2682,UPI,24,3.2,4.5
2024-07-12 09:28:00,CNR4577144661,Canceled by Driver,CID733229,Mini,Varthur,Richmond Town,,,Not Applicable,More than permitted people in there,Not Applicable,Not Applicable,262,Not Applicable,0,,
2024-07-04 06:52:00,CNR9155528294,Driver Not Found,CID781790,Bike,Banashankari,KR Puram,,,Not Applicable,Not Applicable,Not Applicable,Not Applicable,595,Not Applicable,0,,
2024-07-03 01:21:00,CNR8383324500,Success,CID823081,Auto,Varthur,KR Puram,294.0,90.0,Not Applicable,Not Applicable,No,Not Applicable,240,Cash,2,4.3,4.2
2024-07-13 13:34:00,CNR9649014018,Success,CID684631,eBike,JP Nagar,Ulsoor,175.0,110.0,Not Applicable,Not Applicable,No,Not Applicable,132,Cash,26,3.9,3.0
2024-07-02 23:12:00,CNR8305290118,Success,CID174715,Mini,Langford Town,Hebbal,294.0,85.0,Not Applicable,Not Applicable,No,Not Applicable,227,UPI,24,5.0,3.9
2024-07-11 17:57:00,CNR9380107211,Success,CID301601,Prime SUV,HSR Layout,Bannerghatta Road,266.0,55.0,Not Applicable,Not Applicable,No,Not Applicable,599,Cash,35,3.1,3.5
2024-07-05 12:33:00,CNR8228411792,Success,CID838078,Mini,Cox Town,Tumkur Road,105.0,95.0,Not Applicable,Not Applicable,No,Not Applicable,103,UPI,32,4.7,4.6
2024-07-17 20:48:00,CNR7659438076,Canceled by Driver,CID196752,Prime Sedan,KR Puram,Kengeri,,,Not Applicable,Customer was coughing/sick,Not Applicable,Not Applicable,277,Not Applicable,0,,
2024-07-01 11:41:00,CNR3619774324,Canceled by Driver,CID461043,Mini,Rajajinagar,Malleshwaram,,,Not Applicable,Customer related issue,Not Applicable,Not Applicable,232,Not Applicable,0,,
2024-07-19 18:29:00,CNR9100752648,Canceled by Customer,CID908385,Prime Sedan,Whitefield,Electronic City,,,Change of plans,Not Applicable,Not Applicable,Not Applicable,653,Not Applicable,0,,
2024-07-26 09:58:00,CNR9221457621,Driver Not Found,CID901763,Prime Plus,Shivajinagar,Sahakar Nagar,,,Not Applicable,Not Applicable,Not Applicable,Not Applicable,560,Not Applicable,0,,
2024-07-28 05:07:00,CNR9141708575,Success,CID232017,eBike,JP Nagar,Malleshwaram,217.0,60.0,Not Applicable,Not Applicable,No,Not Applicable,337,Cash,21,4.0,3.9
2024-07-08 17:31:00,CNR5708100274,Success,CID822462,Prime Plus,JP Nagar,Whitefield,210.0,65.0,Not Applicable,Not Applicable,No,Not Applicable,613,UPI,14,3.7,4.2
2024-07-12 10:26:00,CNR2029734454,Canceled by Driver,CID606003,Bike,Frazer Town,Indiranagar,,,Not Applicable,Customer was coughing/sick,Not Applicable,Not Applicable,294,Not Applicable,0,,
2024-07-13 14:23:00,CNR8226420831,Canceled by Driver,CID166132,Bike,Nagarbhavi,Chamarajpet,,,Not Applicable,Personal & Car related issue,Not Applicable,Not Applicable,695,Not Applicable,0,,
2024-07-13 00:34:00,CNR3680920768,Canceled by Driver,CID188576,Bike,Richmond Town,Electronic City,,,Not Applicable,Customer was coughing/sick,Not Applicable,Not Applicable,237,Not Applicable,0,,
2024-07-12 02:29:00,CNR2460742214,Success,CID599611,Auto,Chickpet,Varthur,119.0,95.0,Not Applicable,Not Applicable,No,Not Applicable,936,UPI,9,3.1,4.4
2024-07-26 02:51:00,CNR4330216195,Success,CID689286,Bike,Kadugodi,MG Road,196.0,75.0,Not Applicable,Not Applicable,No,Not Applicable,458,Credit Card,45,4.4,3.5
2024-07-25 06:56:00,CNR4615738329,Success,CID597344,Prime Plus,Basavanagudi,Electronic City,224.0,140.0,Not Applicable,Not Applicable,No,Not Applicable,817,UPI,3,4.5,4.9
2024-07-13 12:24:00,CNR3526752836,Success,CID833004,Prime Sedan,Frazer Town,Rajarajeshwari Nagar,98.0,90.0,Not Applicable,Not Applicable,No,Not Applicable,443,Cash,15,4.4,3.4
2024-07-14 03:39:00,CNR4734282985,Success,CID604779,Mini,Shantinagar,Hosur Road,231.0,90.0,Not Applicable,Not Applicable,No,Not Applicable,369,Cash,24,4.1,4.6
2024-07-07 17:46:00,CNR1689326036,Canceled by Driver,CID849746,Bike,Rajajinagar,Bellandur,,,Not Applicable,Customer was coughing/sick,Not Applicable,Not Applicable,1236,Not Applicable,0,,
2024-07-15 17:14:00,CNR9970736164,Success,CID912139,Bike,Chickpet,Sahakar Nagar,161.0,65.0,Not Applicable,Not Applicable,No,Not Applicable,739,Cash,21,4.0,3.5
2024-07-22 01:57:00,CNR6621200869,Success,CID426608,Prime Plus,MG Road,Hulimavu,280.0,35.0,Not Applicable,Not Applicable,No,Not Applicable,282,UPI,34,3.8,3.7
2024-07-12 14:51:00,CNR3443297662,Success,CID514702,Prime Plus,Rajajinagar,Ulsoor,238.0,130.0,Not Applicable,Not Applicable,No,Not Applicable,186,Cash,14,4.2,4.4
2024-07-30 09:59:00,CNR8088965517,Success,CID949988,Prime SUV,Hulimavu,Jayanagar,147.0,100.0,Not Applicable,Not Applicable,No,Not Applicable,1632,UPI,31,4.3,4.7
2024-07-13 19:24:00,CNR3626514349,Success,CID142496,Auto,BTM Layout,Hebbal,231.0,75.0,Not Applicable,Not Applicable,No,Not Applicable,105,Cash,16,4.9,5.0
2024-07-02 19:36:00,CNR3008989586,Success,CID163375,Mini,Cox Town,Yelahanka,301.0,50.0,Not Applicable,Not Applicable,No,Not Applicable,675,UPI,1,3.1,3.5
2024-07-11 08:38:00,CNR6564748961,Canceled by Customer,CID764433,eBike,BTM Layout,Rajarajeshwari Nagar,,,Driver asked to cancel,Not Applicable,Not Applicable,Not Applicable,339,Not Applicable,0,,
2024-07-16 05:37:00,CNR1676261097,Success,CID803570,Prime Sedan,RT Nagar,Ulsoor,252.0,50.0,Not Applicable,Not Applicable,No,Not Applicable,1424,UPI,27,3.7,4.7
2024-07-06 05:20:00,CNR6758162907,Success,CID942833,eBike,Chickpet,Ramamurthy Nagar,182.0,125.0,Not Applicable,Not Applicable,No,Not Applicable,322,UPI,40,3.5,3.2
2024-07-16 15:32:00,CNR7413974475,Success,CID829832,Prime Sedan,Vijayanagar,KR Puram,175.0,135.0,Not Applicable,Not Applicable,No,Not Applicable,479,UPI,3,3.2,3.7
2024-07-22 15:14:00,CNR1891994333,Success,CID410123,eBike,Basavanagudi,BTM Layout,245.0,95.0,Not Applicable,Not Applicable,No,Not Applicable,378,UPI,27,3.7,4.4
2024-07-23 03:32:00,CNR2088013871,Canceled by Driver,CID231008,Auto,Rajajinagar,JP Nagar,,,Not Applicable,Customer was coughing/sick,Not Applicable,Not Applicable,917,Not Applicable,0,,
2024-07-04 04:25:00,CNR4931198266,Success,CID953365,Prime Plus,Banashankari,Mysore Road,245.0,35.0,Not Applicable,Not Applicable,No,Not Applicable,166,Cash,4,3.1,3.1
2024-07-01 08:45:00,CNR1498277687,Success,CID294408,Bike,Whitefield,Kengeri,252.0,105.0,Not Applicable,Not Applicable,No,Not Applicable,406,Credit Card,8,3.4,3.5
2024-07-03 12:09:00,CNR5095106819,Canceled by Driver,CID536449,Auto,Vijayanagar,Shantinagar,,,Not Applicable,Personal & Car related issue,Not Applicable,Not Applicable,484,Not Applicable,0,,
2024-07-05 19:03:00,CNR1869075501,Canceled by Driver,CID754736,Prime Plus,Peenya,Koramangala,,,Not Applicable,Personal & Car related issue,Not Applicable,Not Applicable,441,Not Applicable,0,,
2024-07-05 17:50:00,CNR3397269096,Success,CID929823,Auto,Kadugodi,KR Puram,168.0,110.0,Not Applicable,Not Applicable,No,Not Applicable,392,Cash,18,3.5,4.2
2024-07-12 22:04:00,CNR7048942960,Canceled by Driver,CID409980,Prime SUV,Tumkur Road,Hebbal,,,Not Applicable,Customer was coughing/sick,Not Applicable,Not Applicable,1145,Not Applicable,0,,
2024-07-01 06:18:00,CNR1265353950,Success,CID486794,eBike,Bannerghatta Road,Cox Town,70.0,125.0,Not Applicable,Not Applicable,No,Not Applicable,559,UPI,45,3.1,4.6
2024-07-03 15:27:00,CNR5467559914,Success,CID304678,Bike,Devanahalli,Jayanagar,147.0,55.0,Not Applicable,Not Applicable,No,Not Applicable,439,Cash,5,4.7,3.2
2024-07-01 08:18:00,CNR8526134186,Success,CID684924,eBike,Malleshwaram,Bannerghatta Road,105.0,105.0,Not Applicable,Not Applicable,No,Not Applicable,455,Cash,16,3.5,3.8
2024-07-16 03:17:00,CNR5424045253,Success,CID423009,Auto,Mysore Road,Yeshwanthpur,252.0,120.0,Not Applicable,Not Applicable,No,Not Applicable,2801,Cash,15,4.8,4.1
2024-07-14 03:58:00,CNR9781524715,Canceled by Customer,CID481919,Mini,Devanahalli,Whitefield,,,Driver asked to cancel,Not Applicable,Not Applicable,Not Applicable,216,Not Applicable,0,,
2024-07-09 15:18:00,CNR4545791904,Success,CID391060,eBike,Kammanahalli,Frazer Town,294.0,75.0,Not Applicable,Not Applicable,No,Not Applicable,417,Debit Card,5,4.1,3.0
2024-07-28 09:50:00,CNR9411277736,Success,CID400515,eBike,Sahakar Nagar,Indiranagar,252.0,70.0,Not Applicable,Not Applicable,No,Not Applicable,215,UPI,7,4.9,4.0
2024-07-14 12:47:00,CNR1863730997,Canceled by Driver,CID821801,eBike,Hebbal,Sarjapur Road,,,Not Applicable,Customer was coughing/sick,Not Applicable,Not Applicable,242,Not Applicable,0,,
2024-07-12 16:48:00,CNR6261345421,Success,CID188301,Prime Sedan,Cox Town,Yelahanka,280.0,60.0,Not Applicable,Not Applicable,No,Not Applicable,190,UPI,31,3.7,3.6
2024-07-23 20:18:00,CNR9694283362,Success,CID994701,Bike,Shivajinagar,Sarjapur Road,168.0,140.0,Not Applicable,Not Applicable,Yes,Customer Demand,740,Cash,40,3.4,3.8
2024-07-08 01:00:00,CNR2874540281,Canceled by Driver,CID143896,Prime Plus,HSR Layout,Cox Town,,,Not Applicable,Personal & Car related issue,Not Applicable,Not Applicable,494,Not Applicable,0,,
2024-07-07 05:00:00,CNR1308319229,Driver Not Found,CID776647,Prime Sedan,Malleshwaram,Magadi Road,,,Not Applicable,Not Applicable,Not Applicable,Not Applicable,444,Not Applicable,0,,
2024-07-01 04:37:00,CNR2227960810,Success,CID675962,Prime Plus,Sarjapur Road,Marathahalli,161.0,140.0,Not Applicable,Not Applicable,No,Not Applicable,2689,Cash,28,3.5,3.2
2024-07-28 00:46:00,CNR5867133425,Success,CID615490,Prime SUV,Sarjapur Road,Tumkur Road,231.0,90.0,Not Applicable,Not Applicable,No,Not Applicable,638,Cash,9,4.5,4.2
2024-07-25 10:59:00,CNR4367847352,Driver Not Found,CID709460,Prime Plus,Shantinagar,Shantinagar,,,Not Applicable,Not Applicable,Not Applicable,Not Applicable,155,Not Applicable,0,,
2024-07-10 05:02:00,CNR9902012555,Driver Not Found,CID260771,Prime Plus,Varthur,Padmanabhanagar,,,Not Applicable,Not Applicable,Not Applicable,Not Applicable,491,Not Applicable,0,,
2024-07-28 19:37:00,CNR4858706196,Success,CID410763,Bike,Hebbal,Langford Town,301.0,55.0,Not Applicable,Not Applicable,No,Not Applicable,765,UPI,3,3.1,4.8
2024-07-15 09:24:00,CNR3578363875,Success,CID728656,Auto,Frazer Town,Peenya,84.0,90.0,Not Applicable,Not Applicable,No,Not Applicable,1660,Cash,15,4.8,4.1
2024-07-03 05:50:00,CNR2045762790,Success,CID655773,Auto,Vijayanagar,Padmanabhanagar,189.0,45.0,Not Applicable,Not Applicable,No,Not Applicable,150,Cash,5,3.6,4.7
2024-07-19 17:15:00,CNR6458294979,Driver Not Found,CID119941,eBike,Shantinagar,KR Puram,,,Not Applicable,Not Applicable,Not Applicable,Not Applicable,405,Not Applicable,0,,
2024-07-23 18:38:00,CNR4286349798,Canceled by Driver,CID411839,eBike,Hennur,Banashankari,,,Not Applicable,Personal & Car related issue,Not Applicable,Not Applicable,675,Not Applicable,0,,
2024-07-03 13:27:00,CNR5213133443,Success,CID679150,Prime Plus,Peenya,RT Nagar,182.0,60.0,Not Applicable,Not Applicable,No,Not Applicable,911,UPI,22,3.8,4.4
2024-07-21 14:02:00,CNR6270533886,Success,CID342724,Mini,Whitefield,Cox Town,63.0,60.0,Not Applicable,Not Applicable,Yes,Customer Demand,582,Cash,20,3.5,3.5
2024-07-05 04:52:00,CNR9583713273,Success,CID395234,Prime Sedan,JP Nagar,BTM Layout,238.0,55.0,Not Applicable,Not Applicable,No,Not Applicable,458,UPI,19,3.7,3.4
2024-07-06 10:58:00,CNR6407293400,Canceled by Driver,CID496085,Prime SUV,Tumkur Road,Kengeri,,,Not Applicable,More than permitted people in there,Not Applicable,Not Applicable,149,Not Applicable,0,,
2024-07-16 06:21:00,CNR4832833324,Canceled by Driver,CID755373,Prime Plus,Chickpet,Basavanagudi,,,Not Applicable,Customer related issue,Not Applicable,Not Applicable,414,Not Applicable,0,,
2024-07-09 12:47:00,CNR1692011452,Success,CID268780,Prime Sedan,Electronic City,Rajarajeshwari Nagar,42.0,80.0,Not Applicable,Not Applicable,No,Not Applicable,997,Cash,32,3.2,4.1
2024-07-18 07:07:00,CNR7729741169,Success,CID300826,Prime SUV,Shivajinagar,Shantinagar,259.0,135.0,Not Applicable,Not Applicable,No,Not Applicable,236,UPI,28,4.1,4.6
2024-07-13 04:06:00,CNR3368114524,Success,CID525946,Bike,Malleshwaram,Langford Town,105.0,140.0,Not Applicable,Not Applicable,No,Not Applicable,2432,UPI,16,3.3,3.9
2024-07-11 21:41:00,CNR5020112236,Success,CID350249,Prime Plus,Hennur,Ramamurthy Nagar,105.0,105.0,Not Applicable,Not Applicable,No,Not Applicable,582,Cash,45,4.4,4.0
2024-07-18 20:55:00,CNR7565807214,Canceled by Customer,CID943337,Prime Sedan,Tumkur Road,Langford Town,,,Driver asked to cancel,Not Applicable,Not Applicable,Not Applicable,201,Not Applicable,0,,
2024-07-09 03:48:00,CNR6436949406,Success,CID796479,eBike,Ulsoor,Mysore Road,91.0,80.0,Not Applicable,Not Applicable,No,Not Applicable,276,UPI,46,3.4,4.2
2024-07-22 03:50:00,CNR8652293765,Canceled by Driver,CID760641,Mini,Padmanabhanagar,Chamarajpet,,,Not Applicable,Personal & Car related issue,Not Applicable,Not Applicable,354,Not Applicable,0,,
2024-07-08 20:33:00,CNR2866040755,Success,CID305000,Auto,Rajarajeshwari Nagar,HSR Layout,189.0,90.0,Not Applicable,Not Applicable,Yes,Vehicle Breakdown,652,Cash,17,4.1,3.5
2024-07-27 17:20:00,CNR3165879517,Driver Not Found,CID340854,eBike,KR Puram,Rajarajeshwari Nagar,,,Not Applicable,Not Applicable,Not Applicable,Not Applicable,436,Not Applicable,0,,
2024-07-18 17:53:00,CNR5627165213,Success,CID968856,eBike,Padmanabhanagar,Malleshwaram,63.0,80.0,Not Applicable,Not Applicable,No,Not Applicable,917,UPI,22,4.4,4.3
2024-07-13 04:20:00,CNR3659499740,Success,CID363168,Prime Plus,JP Nagar,Mysore Road,147.0,110.0,Not Applicable,Not Applicable,No,Not Applicable,775,UPI,35,3.9,4.3
2024-07-24 12:11:00,CNR8914319924,Canceled by Driver,CID567685,Mini,Shivajinagar,Sarjapur Road,,,Not Applicable,Personal & Car related issue,Not Applicable,Not Applicable,294,Not Applicable,0,,
2024-07-17 19:26:00,CNR2677031467,Canceled by Customer,CID735870,Mini,Tumkur Road,Chamarajpet,,,Change of plans,Not Applicable,Not Applicable,Not Applicable,377,Not Applicable,0,,
2024-07-11 02:39:00,CNR3906490943,Success,CID901941,Mini,Devanahalli,Rajarajeshwari Nagar,217.0,85.0,Not Applicable,Not Applicable,No,Not Applicable,315,Cash,15,4.8,3.5
2024-07-24 02:59:00,CNR1014197870,Success,CID111585,eBike,Shivajinagar,BTM Layout,42.0,30.0,Not Applicable,Not Applicable,No,Not Applicable,674,UPI,49,3.9,3.6
2024-07-01 13:08:00,CNR8802122408,Success,CID603168,Mini,Kammanahalli,Koramangala,91.0,115.0,Not Applicable,Not Applicable,No,Not Applicable,361,Cash,43,4.3,3.5
2024-07-26 13:44:00,CNR7073991106,Success,CID469360,Auto,Magadi Road,Electronic City,105.0,55.0,Not Applicable,Not Applicable,No,Not Applicable,888,UPI,8,3.8,4.2
2024-07-05 13:49:00,CNR8331021423,Success,CID396218,Prime SUV,Langford Town,Majestic,84.0,50.0,Not Applicable,Not Applicable,Yes,Vehicle Breakdown,806,UPI,37,3.6,3.7
2024-07-28 15:21:00,CNR4425360110,Canceled by Driver,CID822804,Prime Sedan,Yelahanka,Jayanagar,,,Not Applicable,Personal & Car related issue,Not Applicable,Not Applicable,334,Not Applicable,0,,
2024-07-26 04:20:00,CNR2810629638,Success,CID213976,Prime Plus,Jayanagar,Bannerghatta Road,168.0,90.0,Not Applicable,Not Applicable,Yes,Vehicle Breakdown,448,Cash,32,4.8,4.1
2024-07-16 00:55:00,CNR8250740334,Success,CID186067,Prime Plus,HSR Layout,Langford Town,147.0,100.0,Not Applicable,Not Applicable,No,Not Applicable,464,Cash,4,5.0,3.5
2024-07-16 16:35:00,CNR4137956123,Canceled by Customer,CID969668,Mini,Vijayanagar,BTM Layout,,,Driver is not moving towards pickup location,Not Applicable,Not Applicable,Not Applicable,1948,Not Applicable,0,,
2024-07-30 12:08:00,CNR9278867837,Success,CID425694,Prime Sedan,Yelahanka,JP Nagar,63.0,105.0,Not Applicable,Not Applicable,No,Not Applicable,398,Cash,29,4.2,3.8
2024-07-06 08:38:00,CNR5336330916,Success,CID591688,Prime Sedan,Chamarajpet,Shivajinagar,287.0,70.0,Not Applicable,Not Applicable,No,Not Applicable,961,UPI,31,3.9,4.0
2024-07-29 02:22:00,CNR7250940876,Success,CID767004,Auto,JP Nagar,JP Nagar,252.0,30.0,Not Applicable,Not Applicable,No,Not Applicable,279,Cash,15,4.2,4.2
2024-07-28 05:18:00,CNR5388815694,Success,CID116155,Prime Sedan,Richmond Town,Kammanahalli,259.0,95.0,Not Applicable,Not Applicable,No,Not Applicable,152,Cash,9,3.9,3.6
2024-07-24 00:00:00,CNR6961694704,Success,CID435336,Prime SUV,Shivajinagar,Hennur,133.0,70.0,Not Applicable,Not Applicable,No,Not Applicable,707,Cash,34,4.5,4.9
2024-07-01 19:24:00,CNR2898686043,Driver Not Found,CID448423,Prime SUV,Sarjapur Road,Sarjapur Road,,,Not Applicable,Not Applicable,Not Applicable,Not Applicable,199,Not Applicable,0,,
2024-07-20 13:16:00,CNR8498787748,Driver Not Found,CID700222,Prime Plus,Varthur,Sahakar Nagar,,,Not Applicable,Not Applicable,Not Applicable,Not Applicable,350,Not Applicable,0,,
2024-07-23 01:31:00,CNR3032641577,Success,CID883706,Auto,Sarjapur Road,Mysore Road,70.0,110.0,Not Applicable,Not Applicable,No,Not Applicable,176,UPI,12,4.8,3.3
2024-07-26 15:43:00,CNR8317171969,Canceled by Customer,CID750598,Prime SUV,Kammanahalli,Hulimavu,,,Driver is not moving towards pickup location,Not Applicable,Not Applicable,Not Applicable,185,Not Applicable,0,,
2024-07-06 11:26:00,CNR5318867066,Success,CID624436,Bike,Hosur Road,Yelahanka,56.0,60.0,Not Applicable,Not Applicable,No,Not Applicable,420,Credit Card,5,3.5,3.6
2024-07-22 06:38:00,CNR3141553455,Success,CID232801,Bike,Sahakar Nagar,Basavanagudi,77.0,35.0,Not Applicable,Not Applicable,No,Not Applicable,420,Cash,38,3.6,3.3
2024-07-19 18:48:00,CNR6665193290,Success,CID423342,Prime Sedan,Rajajinagar,Padmanabhanagar,77.0,70.0,Not Applicable,Not Applicable,No,Not Applicable,488,UPI,28,4.9,4.8
2024-07-25 05:41:00,CNR8147502666,Canceled by Driver,CID138403,Mini,Cox Town,Ramamurthy Nagar,,,Not Applicable,Personal & Car related issue,Not Applicable,Not Applicable,218,Not Applicable,0,,
2024-07-07 20:31:00,CNR9594392605,Canceled by Driver,CID844293,Prime SUV,Sahakar Nagar,Malleshwaram,,,Not Applicable,Customer related issue,Not Applicable,Not Applicable,149,Not Applicable,0,,
2024-07-07 10:09:00,CNR8036917901,Success,CID278490,Prime SUV,Langford Town,Kammanahalli,210.0,70.0,Not Applicable,Not Applicable,No,Not Applicable,395,UPI,30,4.0,4.4
2024-07-07 00:12:00,CNR3643291891,Success,CID868531,Prime Plus,Basavanagudi,Richmond Town,84.0,110.0,Not Applicable,Not Applicable,No,Not Applicable,974,UPI,8,4.9,4.8
2024-07-27 20:32:00,CNR1040807198,Success,CID953338,Prime SUV,HSR Layout,Sarjapur Road,294.0,130.0,Not Applicable,Not Applicable,No,Not Applicable,155,Cash,26,4.7,3.3
2024-07-27 18:36:00,CNR3995183319,Success,CID821208,Mini,Sahakar Nagar,Bannerghatta Road,245.0,35.0,Not Applicable,Not Applicable,Yes,Vehicle Breakdown,226,Cash,1,4.3,4.9
2024-07-22 18:16:00,CNR6378070535,Success,CID177860,Prime Sedan,Kadugodi,BTM Layout,210.0,140.0,Not Applicable,Not Applicable,No,Not Applicable,1129,Cash,31,3.9,4.7
2024-07-01 19:18:00,CNR6562461883,Success,CID700538,eBike,Cox Town,Mysore Road,224.0,70.0,Not Applicable,Not Applicable,No,Not Applicable,768,Cash,1,3.8,3.4
2024-07-08 09:20:00,CNR5497646448,Canceled by Driver,CID636803,Prime Sedan,MG Road,RT Nagar,,,Not Applicable,Customer related issue,Not Applicable,Not Applicable,559,Not Applicable,0,,
2024-07-03 01:43:00,CNR8628210192,Success,CID314550,Prime Sedan,Whitefield,Sarjapur Road,182.0,110.0,Not Applicable,Not Applicable,No,Not Applicable,1134,Cash,45,3.3,3.0
2024-07-20 00:45:00,CNR4817523584,Success,CID946928,Prime Plus,Sahakar Nagar,Tumkur Road,77.0,40.0,Not Applicable,Not Applicable,No,Not Applicable,364,UPI,44,3.4,4.6
2024-07-22 12:40:00,CNR6274043673,Success,CID444927,eBike,HSR Layout,Bannerghatta Road,126.0,40.0,Not Applicable,Not Applicable,No,Not Applicable,488,Cash,3,4.9,4.1
2024-07-02 10:22:00,CNR8530071719,Canceled by Driver,CID185708,Prime Plus,MG Road,Hebbal,,,Not Applicable,Personal & Car related issue,Not Applicable,Not Applicable,251,Not Applicable,0,,
2024-07-22 22:29:00,CNR2397265220,Canceled by Customer,CID167966,eBike,Jayanagar,Vijayanagar,,,Driver asked to cancel,Not Applicable,Not Applicable,Not Applicable,2578,Not Applicable,0,,
2024-07-28 00:10:00,CNR5604796655,Success,CID919824,Mini,Peenya,Malleshwaram,189.0,50.0,Not Applicable,Not Applicable,No,Not Applicable,360,Cash,32,4.9,3.9
2024-07-22 20:19:00,CNR5519564613,Success,CID145644,Prime SUV,Kengeri,Marathahalli,154.0,85.0,Not Applicable,Not Applicable,Yes,Other Issue,991,Credit Card,6,4.0,3.4
2024-07-04 16:23:00,CNR3875484914,Success,CID169820,Bike,Nagarbhavi,RT Nagar,175.0,80.0,Not Applicable,Not Applicable,No,Not Applicable,953,Cash,47,4.4,4.3
2024-07-13 13:04:00,CNR6382223498,Success,CID840095,Prime SUV,Jayanagar,Kadugodi,301.0,40.0,Not Applicable,Not Applicable,No,Not Applicable,150,Credit Card,40,5.0,4.5
2024-07-25 17:29:00,CNR2274916974,Driver Not Found,CID577307,Prime Sedan,Vijayanagar,Nagarbhavi,,,Not Applicable,Not Applicable,Not Applicable,Not Applicable,477,Not Applicable,0,,
2024-07-27 23:31:00,CNR7121745046,Success,CID342735,Mini,KR Puram,Koramangala,147.0,40.0,Not Applicable,Not Applicable,No,Not Applicable,322,Cash,14,3.8,4.6
2024-07-05 08:59:00,CNR1630356404,Success,CID818829,Bike,Hosur Road,JP Nagar,98.0,105.0,Not Applicable,Not Applicable,No,Not Applicable,1380,Cash,24,3.1,3.4
2024-07-05 10:51:00,CNR5438341617,Canceled by Driver,CID904937,Mini,HSR Layout,Sahakar Nagar,,,Not Applicable,More than permitted people in there,Not Applicable,Not Applicable,440,Not Applicable,0,,
2024-07-16 11:43:00,CNR1594477440,Success,CID235495,Mini,Kammanahalli,KR Puram,196.0,95.0,Not Applicable,Not Applicable,No,Not Applicable,186,Cash,12,4.5,4.7
2024-07-03 00:18:00,CNR7582825132,Success,CID858970,Prime SUV,Hulimavu,Bannerghatta Road,168.0,130.0,Not Applicable,Not Applicable,No,Not Applicable,217,UPI,39,4.1,4.6
2024-07-30 17:08:00,CNR7703569238,Canceled by Driver,CID351025,eBike,Whitefield,RT Nagar,,,Not Applicable,Customer was coughing/sick,Not Applicable,Not Applicable,372,Not Applicable,0,,
2024-07-10 16:37:00,CNR4246592794,Success,CID526690,Bike,Whitefield,BTM Layout,259.0,140.0,Not Applicable,Not Applicable,No,Not Applicable,197,UPI,30,3.0,3.8
2024-07-18 08:02:00,CNR7755608739,Success,CID751897,Prime Sedan,Yeshwanthpur,Majestic,252.0,80.0,Not Applicable,Not Applicable,No,Not Applicable,153,Cash,14,4.7,4.9
2024-07-16 16:21:00,CNR1930663086,Success,CID348943,Prime Plus,Jayanagar,Magadi Road,231.0,140.0,Not Applicable,Not Applicable,No,Not Applicable,145,UPI,8,3.7,4.7
2024-07-12 12:38:00,CNR1758684523,Driver Not Found,CID851258,Bike,Koramangala,Indiranagar,,,Not Applicable,Not Applicable,Not Applicable,Not Applicable,511,Not Applicable,0,,
2024-07-14 04:34:00,CNR4541150090,Success,CID760298,Auto,Hosur Road,Mysore Road,210.0,60.0,Not Applicable,Not Applicable,Yes,Vehicle Breakdown,182,UPI,14,4.8,3.3
2024-07-25 16:21:00,CNR9827231944,Success,CID787471,Prime Sedan,JP Nagar,Hosur Road,105.0,145.0,Not Applicable,Not Applicable,No,Not Applicable,1820,Cash,26,4.4,4.6
2024-07-27 20:20:00,CNR9232760508,Driver Not Found,CID251018,eBike,Frazer Town,Frazer Town,,,Not Applicable,Not Applicable,Not Applicable,Not Applicable,1348,Not Applicable,0,,
2024-07-12 21:29:00,CNR6971171163,Canceled by Driver,CID917447,Prime Sedan,Mysore Road,Majestic,,,Not Applicable,Personal & Car related issue,Not Applicable,Not Applicable,682,Not Applicable,0,,
2024-07-14 11:25:00,CNR5450562947,Driver Not Found,CID613591,eBike,Basavanagudi,Koramangala,,,Not Applicable,Not Applicable,Not Applicable,Not Applicable,271,Not Applicable,0,,
2024-07-20 02:09:00,CNR3943574488,Success,CID428997,Prime SUV,Chamarajpet,Sahakar Nagar,210.0,85.0,Not Applicable,Not Applicable,Yes,Customer Demand,2831,UPI,26,4.2,4.3
2024-07-03 05:49:00,CNR6855152610,Success,CID466235,Auto,Koramangala,Marathahalli,56.0,45.0,Not Applicable,Not Applicable,No,Not Applicable,325,UPI,7,4.1,4.8
2024-07-22 22:45:00,CNR2951401589,Canceled by Customer,CID177032,Prime SUV,Malleshwaram,Ramamurthy Nagar,,,AC is Not working,Not Applicable,Not Applicable,Not Applicable,160,Not Applicable,0,,
2024-07-13 11:48:00,CNR4045428978,Success,CID370146,Auto,Hulimavu,Malleshwaram,84.0,75.0,Not Applicable,Not Applicable,Yes,Vehicle Breakdown,761,UPI,3,3.1,3.8
2024-07-25 04:41:00,CNR8859767326,Canceled by Customer,CID674187,Auto,Kadugodi,Devanahalli,,,Driver asked to cancel,Not Applicable,Not Applicable,Not Applicable,198,Not Applicable,0,,
2024-07-06 15:18:00,CNR4910423083,Success,CID257900,eBike,Sarjapur Road,Devanahalli,133.0,145.0,Not Applicable,Not Applicable,No,Not Applicable,986,UPI,47,3.2,4.2
2024-07-29 05:06:00,CNR8838280374,Success,CID375009,Mini,Shantinagar,Hosur Road,231.0,130.0,Not Applicable,Not Applicable,No,Not Applicable,406,Cash,18,4.0,3.9
2024-07-28 22:31:00,CNR7889177611,Success,CID217610,Bike,Bannerghatta Road,MG Road,280.0,105.0,Not Applicable,Not Applicable,No,Not Applicable,277,UPI,27,3.3,3.4
2024-07-09 01:44:00,CNR5868405775,Success,CID433192,Prime SUV,Koramangala,Hennur,238.0,85.0,Not Applicable,Not Applicable,No,Not Applicable,103,Credit Card,36,4.4,4.2
2024-07-01 08:26:00,CNR3763269470,Success,CID416846,Prime Sedan,Hebbal,HSR Layout,49.0,100.0,Not Applicable,Not Applicable,No,Not Applicable,122,UPI,43,4.9,3.1
2024-07-21 03:21:00,CNR5380665795,Canceled by Driver,CID674000,Prime SUV,Chamarajpet,Magadi Road,,,Not Applicable,Customer related issue,Not Applicable,Not Applicable,239,Not Applicable,0,,
2024-07-24 08:46:00,CNR5089650954,Canceled by Driver,CID110362,eBike,Malleshwaram,Whitefield,,,Not Applicable,Personal & Car related issue,Not Applicable,Not Applicable,330,Not Applicable,0,,
2024-07-22 09:08:00,CNR9604244736,Success,CID716257,Mini,Koramangala,Basavanagudi,147.0,55.0,Not Applicable,Not Applicable,No,Not Applicable,258,Cash,44,3.1,4.2
2024-07-27 22:58:00,CNR6358083326,Success,CID300108,Auto,Hebbal,Hennur,98.0,50.0,Not Applicable,Not Applicable,No,Not Applicable,393,Cash,14,4.6,5.0
2024-07-30 17:53:00,CNR8931290916,Canceled by Driver,CID839985,Prime Plus,Frazer Town,Electronic City,,,Not Applicable,Personal & Car related issue,Not Applicable,Not Applicable,901,Not Applicable,0,,
2024-07-16 21:14:00,CNR8745468851,Success,CID972789,Prime Sedan,Langford Town,Kengeri,98.0,40.0,Not Applicable,Not Applicable,No,Not Applicable,1514,UPI,32,3.2,4.2
2024-07-05 05:30:00,CNR6103983399,Success,CID834348,Auto,Hosur Road,RT Nagar,238.0,135.0,Not Applicable,Not Applicable,No,Not Applicable,204,Cash,4,3.1,4.6
2024-07-21 05:07:00,CNR1772922869,Success,CID389793,Bike,Mysore Road,Ramamurthy Nagar,287.0,75.0,Not Applicable,Not Applicable,No,Not Applicable,782,UPI,48,4.1,3.6
2024-07-26 16:42:00,CNR8923335476,Success,CID989404,eBike,Peenya,Nagarbhavi,238.0,100.0,Not Applicable,Not Applicable,No,Not Applicable,229,UPI,37,3.2,4.4
2024-07-04 03:05:00,CNR2426438094,Canceled by Driver,CID804030,Prime SUV,Kammanahalli,Varthur,,,Not Applicable,Personal & Car related issue,Not Applicable,Not Applicable,584,Not Applicable,0,,
2024-07-29 01:24:00,CNR2068320832,Success,CID429048,Prime Sedan,Tumkur Road,Hebbal,63.0,75.0,Not Applicable,Not Applicable,No,Not Applicable,322,UPI,11,4.4,3.1
2024-07-22 13:23:00,CNR9299805592,Canceled by Customer,CID875539,Prime SUV,Marathahalli,Kadugodi,,,Driver is not moving towards pickup location,Not Applicable,Not Applicable,Not Applicable,194,Not Applicable,0,,
2024-07-29 17:14:00,CNR4479245771,Success,CID816977,Bike,Yelahanka,Jayanagar,259.0,65.0,Not Applicable,Not Applicable,No,Not Applicable,1118,Cash,48,3.0,4.7
2024-07-02 15:23:00,CNR5609205011,Canceled by Customer,CID706244,Prime Plus,Yeshwanthpur,Langford Town,,,Driver is not moving towards pickup location,Not Applicable,Not Applicable,Not Applicable,307,Not Applicable,0,,
2024-07-29 21:38:00,CNR1166010294,Success,CID322825,Mini,Kammanahalli,Kadugodi,42.0,60.0,Not Applicable,Not Applicable,No,Not Applicable,328,Cash,3,3.4,3.2
2024-07-05 15:22:00,CNR1269029043,Canceled by Driver,CID243257,Prime SUV,Yeshwanthpur,HSR Layout,,,Not Applicable,Customer was coughing/sick,Not Applicable,Not Applicable,920,Not Applicable,0,,
2024-07-23 08:40:00,CNR8742633506,Success,CID901627,Auto,HSR Layout,Ulsoor,98.0,85.0,Not Applicable,Not Applicable,No,Not Applicable,2597,UPI,1,4.5,3.8
2024-07-01 12:07:00,CNR4790674534,Canceled by Customer,CID750694,Prime Sedan,Yeshwanthpur,Vijayanagar,,,Driver asked to cancel,Not Applicable,Not Applicable,Not Applicable,153,Not Applicable,0,,
2024-07-30 13:55:00,CNR6368524216,Canceled by Customer,CID238625,Prime SUV,RT Nagar,JP Nagar,,,Driver asked to cancel,Not Applicable,Not Applicable,Not Applicable,1007,Not Applicable,0,,
2024-07-02 16:32:00,CNR6452074639,Success,CID367693,Prime Plus,Kengeri,Yelahanka,77.0,45.0,Not Applicable,Not Applicable,No,Not Applicable,1652,Cash,46,4.9,4.0
2024-07-07 02:10:00,CNR1749406873,Canceled by Driver,CID495538,Mini,Yelahanka,Hosur Road,,,Not Applicable,More than permitted people in there,Not Applicable,Not Applicable,234,Not Applicable,0,,
2024-07-06 03:21:00,CNR6731408176,Canceled by Driver,CID568768,Bike,Malleshwaram,Magadi Road,,,Not Applicable,Customer was coughing/sick,Not Applicable,Not Applicable,577,Not Applicable,0,,
2024-07-02 15:56:00,CNR7841790458,Success,CID521974,Bike,Mysore Road,Hulimavu,154.0,80.0,Not Applicable,Not Applicable,No,Not Applicable,483,UPI,36,3.1,3.2
2024-07-21 01:24:00,CNR2998307609,Success,CID430713,eBike,Magadi Road,Malleshwaram,119.0,125.0,Not Applicable,Not Applicable,No,Not Applicable,252,Cash,32,3.3,4.2
2024-07-10 18:49:00,CNR3627750668,Success,CID461190,Mini,Banashankari,Jayanagar,70.0,125.0,Not Applicable,Not Applicable,No,Not Applicable,713,Cash,26,3.7,3.5
2024-07-11 12:29:00,CNR6196975806,Canceled by Customer,CID708058,Bike,MG Road,Malleshwaram,,,Driver is not moving towards pickup location,Not Applicable,Not Applicable,Not Applicable,427,Not Applicable,0,,
2024-07-21 17:41:00,CNR7933742065,Success,CID499246,Prime Plus,Yelahanka,Electronic City,35.0,125.0,Not Applicable,Not Applicable,No,Not Applicable,787,UPI,14,3.7,3.2
2024-07-25 23:35:00,CNR5993137815,Success,CID670879,Bike,BTM Layout,Bannerghatta Road,154.0,55.0,Not Applicable,Not Applicable,No,Not Applicable,239,UPI,45,3.3,3.5
2024-07-14 08:24:00,CNR6803489030,Success,CID804902,Prime Plus,Electronic City,Magadi Road,175.0,115.0,Not Applicable,Not Applicable,No,Not Applicable,866,Credit Card,46,4.5,3.4
2024-07-02 02:50:00,CNR3568179620,Canceled by Driver,CID951108,Prime SUV,Bannerghatta Road,Kengeri,,,Not Applicable,More than permitted people in there,Not Applicable,Not Applicable,509,Not Applicable,0,,
2024-07-11 22:57:00,CNR3493565490,Success,CID769255,Prime Sedan,Frazer Town,Whitefield,287.0,120.0,Not Applicable,Not Applicable,No,Not Applicable,216,Cash,33,4.1,4.3
2024-07-05 18:02:00,CNR6198134232,Success,CID127624,Prime SUV,Varthur,KR Puram,182.0,105.0,Not Applicable,Not Applicable,No,Not Applicable,253,Cash,1,4.1,3.7
2024-07-06 23:49:00,CNR8001589943,Success,CID490265,Prime Plus,Cox Town,HSR Layout,182.0,70.0,Not Applicable,Not Applicable,No,Not Applicable,443,Cash,5,4.4,4.9
2024-07-04 04:35:00,CNR1821889106,Success,CID686005,Prime SUV,Ulsoor,Bellandur,77.0,120.0,Not Applicable,Not Applicable,No,Not Applicable,204,UPI,1,4.0,3.8
2024-07-24 09:11:00,CNR9843611228,Success,CID179414,Prime Sedan,Jayanagar,Indiranagar,245.0,115.0,Not Applicable,Not Applicable,No,Not Applicable,430,Cash,23,4.2,3.5
2024-07-26 20:43:00,CNR8715832893,Canceled by Customer,CID548203,Prime Sedan,Nagarbhavi,Bellandur,,,Driver is not moving towards pickup location,Not Applicable,Not Applicable,Not Applicable,337,Not Applicable,0,,
2024-07-25 02:03:00,CNR8494492178,Success,CID402819,Auto,Hebbal,Varthur,238.0,115.0,Not Applicable,Not Applicable,Yes,Customer Demand,513,UPI,9,3.7,4.5
2024-07-14 21:05:00,CNR2492278563,Canceled by Driver,CID712429,Mini,Whitefield,Kammanahalli,,,Not Applicable,Customer was coughing/sick,Not Applicable,Not Applicable,2593,Not Applicable,0,,
2024-07-23 02:12:00,CNR5002498680,Canceled by Customer,CID132457,eBike,Kadugodi,Rajarajeshwari Nagar,,,AC is Not working,Not Applicable,Not Applicable,Not Applicable,363,Not Applicable,0,,
2024-07-17 14:17:00,CNR6102848218,Canceled by Driver,CID439370,Bike,Banashankari,Varthur,,,Not Applicable,Personal & Car related issue,Not Applicable,Not Applicable,379,Not Applicable,0,,
2024-07-24 09:32:00,CNR3291954371,Success,CID322249,Prime Sedan,Nagarbhavi,Frazer Town,287.0,90.0,Not Applicable,Not Applicable,No,Not Applicable,177,Cash,9,4.0,3.4
2024-07-13 03:36:00,CNR9906666745,Success,CID643073,Bike,Langford Town,Sahakar Nagar,98.0,30.0,Not Applicable,Not Applicable,No,Not Applicable,816,UPI,23,4.8,3.4
2024-07-25 08:56:00,CNR4041272821,Canceled by Driver,CID888586,Auto,Ramamurthy Nagar,Ramamurthy Nagar,,,Not Applicable,Personal & Car related issue,Not Applicable,Not Applicable,116,Not Applicable,0,,
2024-07-23 19:41:00,CNR1719758996,Success,CID541194,Prime SUV,Electronic City,Yelahanka,287.0,80.0,Not Applicable,Not Applicable,No,Not Applicable,469,UPI,33,3.0,3.3
2024-07-19 22:43:00,CNR1600074979,Success,CID738734,Prime Plus,Sahakar Nagar,Yelahanka,217.0,95.0,Not Applicable,Not Applicable,No,Not Applicable,980,Cash,46,3.1,4.9
2024-07-06 08:26:00,CNR2163441805,Canceled by Driver,CID347261,Bike,Mysore Road,Indiranagar,,,Not Applicable,Personal & Car related issue,Not Applicable,Not Applicable,377,Not Applicable,0,,
2024-07-06 08:31:00,CNR5564610497,Success,CID975352,Auto,Shantinagar,BTM Layout,189.0,140.0,Not Applicable,Not Applicable,No,Not Applicable,354,UPI,7,3.9,3.5
2024-07-13 14:55:00,CNR5689310754,Success,CID946106,Prime SUV,Whitefield,Tumkur Road,259.0,100.0,Not Applicable,Not Applicable,No,Not Applicable,402,UPI,13,4.9,3.6
2024-07-03 13:08:00,CNR3297669714,Canceled by Driver,CID732651,eBike,Sahakar Nagar,Marathahalli,,,Not Applicable,Personal & Car related issue,Not Applicable,Not Applicable,270,Not Applicable,0,,
2024-07-21 05:51:00,CNR4345132088,Success,CID908407,Bike,Hebbal,HSR Layout,56.0,135.0,Not Applicable,Not Applicable,No,Not Applicable,618,UPI,16,4.1,4.7
2024-07-22 05:42:00,CNR8327158844,Canceled by Customer,CID780082,Auto,Kengeri,Marathahalli,,,AC is Not working,Not Applicable,Not Applicable,Not Applicable,2173,Not Applicable,0,,
2024-07-21 03:14:00,CNR8558778997,Success,CID972977,Prime Plus,Tumkur Road,Banashankari,42.0,35.0,Not Applicable,Not Applicable,No,Not Applicable,161,UPI,30,3.9,3.2
2024-07-04 02:22:00,CNR6136539737,Success,CID356992,Mini,Frazer Town,MG Road,56.0,60.0,Not Applicable,Not Applicable,No,Not Applicable,213,UPI,15,4.5,4.9
2024-07-16 01:31:00,CNR1080267027,Success,CID890514,Bike,Rajarajeshwari Nagar,Bellandur,126.0,45.0,Not Applicable,Not Applicable,No,Not Applicable,292,Cash,33,3.9,3.3
2024-07-29 14:14:00,CNR1877795414,Success,CID379200,Prime Sedan,Peenya,Frazer Town,189.0,50.0,Not Applicable,Not Applicable,Yes,Customer Demand,350,Cash,1,4.2,3.8
2024-07-30 01:26:00,CNR8415103561,Success,CID247775,eBike,Koramangala,Jayanagar,252.0,85.0,Not Applicable,Not Applicable,No,Not Applicable,109,Credit Card,23,4.1,4.0
2024-07-30 11:25:00,CNR8550086317,Success,CID129738,Prime Plus,Padmanabhanagar,Vijayanagar,182.0,105.0,Not Applicable,Not Applicable,No,Not Applicable,264,Cash,32,3.0,3.5
2024-07-16 15:22:00,CNR7917030593,Success,CID398230,Prime Sedan,KR Puram,Shivajinagar,189.0,25.0,Not Applicable,Not Applicable,No,Not Applicable,497,Cash,7,4.8,3.9
2024-07-01 11:35:00,CNR2032484385,Canceled by Driver,CID303521,Prime SUV,Electronic City,Sarjapur Road,,,Not Applicable,Customer was coughing/sick,Not Applicable,Not Applicable,2783,Not Applicable,0,,
2024-07-20 12:24:00,CNR5487106881,Success,CID588470,Prime Plus,Hulimavu,Bellandur,175.0,60.0,Not Applicable,Not Applicable,No,Not Applicable,884,Cash,37,3.2,4.0
2024-07-19 07:16:00,CNR9600564048,Success,CID729741,eBike,Chamarajpet,Rajajinagar,259.0,30.0,Not Applicable,Not Applicable,No,Not Applicable,165,Cash,5,4.2,3.1
2024-07-14 00:46:00,CNR9077885137,Success,CID401210,Prime SUV,Peenya,Varthur,287.0,80.0,Not Applicable,Not Applicable,No,Not Applicable,262,Cash,24,3.1,4.6
2024-07-03 07:49:00,CNR3288578755,Success,CID562183,Prime Sedan,Mysore Road,Hulimavu,105.0,60.0,Not Applicable,Not Applicable,No,Not Applicable,683,Cash,48,4.2,4.0
2024-07-04 02:04:00,CNR9894494436,Success,CID684973,Prime SUV,Yeshwanthpur,Nagarbhavi,84.0,110.0,Not Applicable,Not Applicable,No,Not Applicable,109,Cash,13,3.3,3.2
2024-07-19 20:13:00,CNR1411097398,Canceled by Driver,CID634894,Auto,Kammanahalli,Mysore Road,,,Not Applicable,Customer related issue,Not Applicable,Not Applicable,141,Not Applicable,0,,
2024-07-01 16:33:00,CNR1187482218,Success,CID667640,Mini,Jayanagar,Marathahalli,84.0,125.0,Not Applicable,Not Applicable,No,Not Applicable,268,Cash,45,4.0,5.0
2024-07-09 14:45:00,CNR4283091271,Success,CID963682,Prime SUV,Bannerghatta Road,Koramangala,168.0,130.0,Not Applicable,Not Applicable,No,Not Applicable,388,Cash,14,4.7,4.1
2024-07-27 22:03:00,CNR8851593683,Success,CID709212,Prime Sedan,Majestic,Peenya,126.0,130.0,Not Applicable,Not Applicable,No,Not Applicable,935,UPI,37,4.6,3.1
2024-07-01 13:37:00,CNR2664562379,Canceled by Driver,CID195979,Bike,Hennur,Shivajinagar,,,Not Applicable,Customer was coughing/sick,Not Applicable,Not Applicable,335,Not Applicable,0,,
2024-07-16 08:28:00,CNR4245808631,Success,CID722695,Auto,Rajajinagar,Nagarbhavi,154.0,90.0,Not Applicable,Not Applicable,No,Not Applicable,767,UPI,1,4.1,4.2
2024-07-04 00:22:00,CNR2218260401,Success,CID455582,eBike,Padmanabhanagar,Mysore Road,301.0,50.0,Not Applicable,Not Applicable,No,Not Applicable,2118,Cash,33,4.2,3.8
2024-07-14 14:15:00,CNR8366720797,Success,CID733319,Bike,Hebbal,Peenya,259.0,135.0,Not Applicable,Not Applicable,No,Not Applicable,463,Cash,46,3.7,4.4
2024-07-06 04:36:00,CNR9886566586,Canceled by Driver,CID254899,Prime SUV,HSR Layout,Rajajinagar,,,Not Applicable,Customer was coughing/sick,Not Applicable,Not Applicable,273,Not Applicable,0,,
2024-07-19 13:05:00,CNR6350542186,Success,CID975406,eBike,Indiranagar,Kammanahalli,49.0,25.0,Not Applicable,Not Applicable,No,Not Applicable,198,Cash,32,4.1,3.4
2024-07-10 22:44:00,CNR7682942009,Success,CID467473,eBike,Shantinagar,Frazer Town,224.0,40.0,Not Applicable,Not Applicable,Yes,Customer Demand,367,UPI,49,4.3,4.4
2024-07-23 03:09:00,CNR6675739907,Success,CID177046,eBike,JP Nagar,Whitefield,301.0,50.0,Not Applicable,Not Applicable,No,Not Applicable,303,Credit Card,36,4.9,4.2
2024-07-24 11:47:00,CNR4760000979,Canceled by Driver,CID394696,Bike,Bellandur,Vijayanagar,,,Not Applicable,Personal & Car related issue,Not Applicable,Not Applicable,513,Not Applicable,0,,
2024-07-19 23:28:00,CNR4222834036,Success,CID860934,Bike,Frazer Town,Malleshwaram,56.0,75.0,Not Applicable,Not Applicable,No,Not Applicable,501,UPI,19,3.3,3.2
2024-07-07 14:44:00,CNR2259543880,Success,CID371378,Mini,Rajajinagar,Peenya,280.0,70.0,Not Applicable,Not Applicable,No,Not Applicable,403,Cash,42,4.0,3.6
2024-07-03 06:15:00,CNR9570147496,Canceled by Customer,CID911081,Prime SUV,HSR Layout,Frazer Town,,,Driver is not moving towards pickup location,Not Applicable,Not Applicable,Not Applicable,493,Not Applicable,0,,
2024-07-16 12:49:00,CNR8585618932,Success,CID447023,Auto,BTM Layout,Cox Town,91.0,85.0,Not Applicable,Not Applicable,No,Not Applicable,307,Cash,11,3.8,3.6
2024-07-12 22:59:00,CNR5609528167,Success,CID380993,eBike,HSR Layout,KR Puram,259.0,45.0,Not Applicable,Not Applicable,No,Not Applicable,784,Cash,30,4.2,4.1
2024-07-20 20:22:00,CNR9607288760,Success,CID182386,Bike,Rajarajeshwari Nagar,Bellandur,224.0,60.0,Not Applicable,Not Applicable,No,Not Applicable,378,UPI,28,4.3,3.4
2024-07-05 16:03:00,CNR3583171707,Canceled by Customer,CID779602,Mini,Kadugodi,BTM Layout,,,Change of plans,Not Applicable,Not Applicable,Not Applicable,230,Not Applicable,0,,
2024-07-22 11:56:00,CNR2871662371,Canceled by Driver,CID272912,eBike,Sahakar Nagar,Electronic City,,,Not Applicable,Customer was coughing/sick,Not Applicable,Not Applicable,101,Not Applicable,0,,
2024-07-21 07:21:00,CNR3232487211,Driver Not Found,CID121396,Prime SUV,HSR Layout,BTM Layout,,,Not Applicable,Not Applicable,Not Applicable,Not Applicable,818,Not Applicable,0,,
2024-07-04 02:36:00,CNR5578705311,Canceled by Customer,CID882726,eBike,Malleshwaram,Kengeri,,,Driver asked to cancel,Not Applicable,Not Applicable,Not Applicable,283,Not Applicable,0,,
2024-07-05 14:41:00,CNR7625681706,Success,CID957855,eBike,Whitefield,HSR Layout,147.0,145.0,Not Applicable,Not Applicable,No,Not Applicable,429,UPI,20,3.8,4.7
2024-07-21 06:00:00,CNR8816562621,Success,CID152911,Prime Plus,Shantinagar,Ulsoor,168.0,115.0,Not Applicable,Not Applicable,No,Not Applicable,368,Cash,14,4.7,4.5
2024-07-25 06:12:00,CNR3111404830,Success,CID357015,Prime Plus,Malleshwaram,Kengeri,133.0,60.0,Not Applicable,Not Applicable,No,Not Applicable,493,Cash,23,4.1,4.6
2024-07-15 08:23:00,CNR6430839201,Success,CID644177,eBike,Langford Town,Basavanagudi,112.0,35.0,Not Applicable,Not Applicable,No,Not Applicable,375,UPI,43,4.9,4.7
2024-07-10 03:25:00,CNR6036413188,Canceled by Driver,CID407215,Prime Sedan,HSR Layout,Richmond Town,,,Not Applicable,Personal & Car related issue,Not Applicable,Not Applicable,977,Not Applicable,0,,
2024-07-15 13:37:00,CNR2461210992,Canceled by Driver,CID983543,Mini,Indiranagar,Varthur,,,Not Applicable,Personal & Car related issue,Not Applicable,Not Applicable,149,Not Applicable,0,,
2024-07-23 12:47:00,CNR1390548973,Canceled by Driver,CID921890,Mini,Electronic City,Rajajinagar,,,Not Applicable,Customer was coughing/sick,Not Applicable,Not Applicable,2744,Not Applicable,0,,
2024-07-06 10:03:00,CNR4732356556,Driver Not Found,CID981425,Auto,Jayanagar,Sarjapur Road,,,Not Applicable,Not Applicable,Not Applicable,Not Applicable,967,Not Applicable,0,,
2024-07-18 03:24:00,CNR5721936364,Canceled by Customer,CID692158,Mini,Indiranagar,Malleshwaram,,,Driver is not moving towards pickup location,Not Applicable,Not Applicable,Not Applicable,2000,Not Applicable,0,,
2024-07-14 21:36:00,CNR5937822008,Canceled by Driver,CID190019,Prime Sedan,Indiranagar,Mysore Road,,,Not Applicable,Personal & Car related issue,Not Applicable,Not Applicable,216,Not Applicable,0,,
2024-07-20 20:27:00,CNR2547552997,Success,CID197888,Prime Sedan,Jayanagar,HSR Layout,203.0,25.0,Not Applicable,Not Applicable,No,Not Applicable,705,UPI,20,3.9,3.8
2024-07-08 03:00:00,CNR4102458446,Canceled by Customer,CID806955,eBike,Frazer Town,Hebbal,,,Driver asked to cancel,Not Applicable,Not Applicable,Not Applicable,903,Not Applicable,0,,
2024-07-19 13:36:00,CNR2196645511,Success,CID907893,Mini,Marathahalli,HSR Layout,217.0,25.0,Not Applicable,Not Applicable,No,Not Applicable,1167,UPI,43,4.0,4.8
2024-07-07 10:55:00,CNR2204079210,Success,CID824202,Bike,Padmanabhanagar,KR Puram,196.0,75.0,Not Applicable,Not Applicable,No,Not Applicable,143,Cash,16,4.6,3.8
2024-07-01 02:02:00,CNR9048302672,Success,CID900784,Auto,Nagarbhavi,Yeshwanthpur,168.0,25.0,Not Applicable,Not Applicable,No,Not Applicable,250,Credit Card,7,4.4,3.1
2024-07-02 23:55:00,CNR3824463963,Success,CID809249,Prime Plus,HSR Layout,Jayanagar,98.0,110.0,Not Applicable,Not Applicable,No,Not Applicable,1683,Cash,47,3.3,4.8
2024-07-24 10:27:00,CNR4066968682,Canceled by Driver,CID913429,Prime SUV,Vijayanagar,Tumkur Road,,,Not Applicable,Personal & Car related issue,Not Applicable,Not Applicable,840,Not Applicable,0,,
2024-07-27 08:26:00,CNR2144738185,Success,CID593646,eBike,Indiranagar,Hosur Road,147.0,55.0,Not Applicable,Not Applicable,No,Not Applicable,190,Cash,36,4.2,4.8
2024-07-29 19:04:00,CNR5091859934,Driver Not Found,CID683294,Prime SUV,Varthur,Basavanagudi,,,Not Applicable,Not Applicable,Not Applicable,Not Applicable,557,Not Applicable,0,,
2024-07-07 07:58:00,CNR5746453450,Driver Not Found,CID266946,eBike,Basavanagudi,Ulsoor,,,Not Applicable,Not Applicable,Not Applicable,Not Applicable,490,Not Applicable,0,,
2024-07-21 03:16:00,CNR4980738128,Canceled by Driver,CID170298,eBike,KR Puram,Frazer Town,,,Not Applicable,Customer related issue,Not Applicable,Not Applicable,266,Not Applicable,0,,
2024-07-29 03:56:00,CNR5751652848,Success,CID608687,Prime Sedan,Mysore Road,Peenya,287.0,140.0,Not Applicable,Not Applicable,No,Not Applicable,326,UPI,45,3.5,3.1
2024-07-09 00:40:00,CNR3758851284,Success,CID885053,Prime Sedan,Indiranagar,Indiranagar,91.0,95.0,Not Applicable,Not Applicable,No,Not Applicable,829,Cash,11,4.0,3.5
2024-07-16 12:08:00,CNR4707680370,Driver Not Found,CID431315,Auto,Ramamurthy Nagar,Majestic,,,Not Applicable,Not Applicable,Not Applicable,Not Applicable,652,Not Applicable,0,,
2024-07-06 21:03:00,CNR9707803099,Canceled by Driver,CID717289,Prime Sedan,Padmanabhanagar,Frazer Town,,,Not Applicable,Personal & Car related issue,Not Applicable,Not Applicable,407,Not Applicable,0,,
2024-07-06 23:33:00,CNR3941323560,Success,CID173809,Prime Sedan,Whitefield,Devanahalli,168.0,90.0,Not Applicable,Not Applicable,No,Not Applicable,172,Cash,20,4.3,4.2
2024-07-18 10:10:00,CNR7028941518,Driver Not Found,CID202812,eBike,Magadi Road,Chickpet,,,Not Applicable,Not Applicable,Not Applicable,Not Applicable,1308,Not Applicable,0,,
2024-07-01 05:09:00,CNR4797301078,Canceled by Customer,CID276825,eBike,Hebbal,Varthur,,,Driver is not moving towards pickup location,Not Applicable,Not Applicable,Not Applicable,488,Not Applicable,0,,
2024-07-20 11:57:00,CNR1918224397,Success,CID449643,Prime Plus,Basavanagudi,Frazer Town,238.0,55.0,Not Applicable,Not Applicable,No,Not Applicable,473,Cash,30,4.3,4.2
2024-07-20 00:40:00,CNR1922916190,Success,CID190380,Prime Sedan,Kadugodi,Hennur,175.0,65.0,Not Applicable,Not Applicable,No,Not Applicable,114,Cash,12,3.9,4.0
2024-07-04 14:18:00,CNR4245942698,Success,CID924986,Mini,Mysore Road,Magadi Road,280.0,30.0,Not Applicable,Not Applicable,No,Not Applicable,901,UPI,38,4.8,3.4
2024-07-05 07:41:00,CNR2167797885,Canceled by Driver,CID617708,Prime Plus,Peenya,Banashankari,,,Not Applicable,Personal & Car related issue,Not Applicable,Not Applicable,390,Not Applicable,0,,
2024-07-06 20:20:00,CNR2399403425,Driver Not Found,CID545072,Auto,Hulimavu,Varthur,,,Not Applicable,Not Applicable,Not Applicable,Not Applicable,315,Not Applicable,0,,
2024-07-15 07:26:00,CNR4379154842,Driver Not Found,CID445796,Bike,Yelahanka,Koramangala,,,Not Applicable,Not Applicable,Not Applicable,Not Applicable,393,Not Applicable,0,,
2024-07-28 09:21:00,CNR7458326507,Driver Not Found,CID140199,Mini,Tumkur Road,Jayanagar,,,Not Applicable,Not Applicable,Not Applicable,Not Applicable,115,Not Applicable,0,,
2024-07-24 09:09:00,CNR2726917907,Canceled by Driver,CID561378,Mini,Richmond Town,Hennur,,,Not Applicable,Customer related issue,Not Applicable,Not Applicable,410,Not Applicable,0,,
2024-07-28 01:02:00,CNR5955922937,Canceled by Driver,CID732481,Prime Sedan,JP Nagar,Kengeri,,,Not Applicable,Customer related issue,Not Applicable,Not Applicable,697,Not Applicable,0,,
2024-07-11 06:55:00,CNR3535351275,Success,CID266105,Prime Plus,Bellandur,Sahakar Nagar,210.0,40.0,Not Applicable,Not Applicable,No,Not Applicable,954,UPI,29,4.9,4.8
2024-07-05 09:22:00,CNR5681653688,Canceled by Driver,CID537977,eBike,JP Nagar,Kammanahalli,,,Not Applicable,Customer related issue,Not Applicable,Not Applicable,401,Not Applicable,0,,
2024-07-07 17:09:00,CNR9467228321,Success,CID102169,eBike,Sahakar Nagar,Ramamurthy Nagar,56.0,80.0,Not Applicable,Not Applicable,No,Not Applicable,339,Cash,32,4.1,4.3
2024-07-12 02:49:00,CNR5297365694,Success,CID237754,Prime SUV,Richmond Town,Frazer Town,266.0,90.0,Not Applicable,Not Applicable,No,Not Applicable,480,Cash,32,3.7,5.0
2024-07-21 16:59:00,CNR1097317126,Success,CID792493,Bike,KR Puram,MG Road,308.0,140.0,Not Applicable,Not Applicable,No,Not Applicable,338,Cash,12,4.8,4.7
2024-07-21 23:57:00,CNR1725106332,Success,CID646789,Prime Sedan,Sahakar Nagar,Chickpet,77.0,80.0,Not Applicable,Not Applicable,No,Not Applicable,335,Cash,42,4.1,4.2
2024-07-17 13:17:00,CNR5561654402,Driver Not Found,CID715431,Auto,Kadugodi,Ulsoor,,,Not Applicable,Not Applicable,Not Applicable,Not Applicable,274,Not Applicable,0,,
2024-07-18 14:27:00,CNR3924429133,Success,CID995794,eBike,Vijayanagar,Frazer Town,35.0,100.0,Not Applicable,Not Applicable,No,Not Applicable,2632,UPI,26,4.8,3.8
2024-07-04 04:04:00,CNR3747226691,Success,CID927546,eBike,Nagarbhavi,RT Nagar,175.0,95.0,Not Applicable,Not Applicable,No,Not Applicable,228,Cash,34,4.1,3.4
2024-07-03 18:00:00,CNR3446254046,Success,CID470275,eBike,Kadugodi,Yeshwanthpur,49.0,120.0,Not Applicable,Not Applicable,No,Not Applicable,418,Cash,5,3.3,3.5
2024-07-11 19:41:00,CNR3822402286,Canceled by Driver,CID133331,Prime Sedan,Whitefield,Ulsoor,,,Not Applicable,Personal & Car related issue,Not Applicable,Not Applicable,119,Not Applicable,0,,
2024-07-17 22:21:00,CNR8522612977,Driver Not Found,CID337050,Prime SUV,Marathahalli,Rajajinagar,,,Not Applicable,Not Applicable,Not Applicable,Not Applicable,133,Not Applicable,0,,
2024-07-18 13:25:00,CNR5811705977,Canceled by Customer,CID667560,Prime SUV,Shantinagar,Majestic,,,AC is Not working,Not Applicable,Not Applicable,Not Applicable,2169,Not Applicable,0,,
2024-07-17 11:36:00,CNR4125051709,Success,CID725288,Prime Plus,Shantinagar,HSR Layout,259.0,45.0,Not Applicable,Not Applicable,No,Not Applicable,2853,Cash,35,4.0,4.7
2024-07-23 16:04:00,CNR3724638201,Success,CID869691,eBike,Majestic,Hosur Road,77.0,40.0,Not Applicable,Not Applicable,Yes,Customer Demand,2666,Cash,41,3.4,3.7
2024-07-24 23:44:00,CNR7666137149,Success,CID872012,Prime SUV,Kengeri,Cox Town,154.0,80.0,Not Applicable,Not Applicable,Yes,Vehicle Breakdown,745,UPI,31,3.0,4.8
2024-07-15 15:58:00,CNR5772635827,Driver Not Found,CID491549,Prime SUV,Tumkur Road,Yelahanka,,,Not Applicable,Not Applicable,Not Applicable,Not Applicable,812,Not Applicable,0,,
2024-07-09 16:53:00,CNR2258807886,Canceled by Customer,CID518237,Bike,Sarjapur Road,Hennur,,,Change of plans,Not Applicable,Not Applicable,Not Applicable,157,Not Applicable,0,,
2024-07-28 22:58:00,CNR6115763805,Canceled by Customer,CID518919,Auto,Vijayanagar,RT Nagar,,,Driver is not moving towards pickup location,Not Applicable,Not Applicable,Not Applicable,317,Not Applicable,0,,
2024-07-05 05:27:00,CNR1710751756,Canceled by Driver,CID417997,Prime SUV,Indiranagar,Kengeri,,,Not Applicable,Customer related issue,Not Applicable,Not Applicable,256,Not Applicable,0,,
2024-07-21 01:26:00,CNR3465280845,Success,CID389540,eBike,Banashankari,Marathahalli,126.0,25.0,Not Applicable,Not Applicable,No,Not Applicable,2849,UPI,31,4.5,3.5
2024-07-14 18:30:00,CNR2641443826,Canceled by Customer,CID484025,Auto,Bannerghatta Road,Yelahanka,,,AC is Not working,Not Applicable,Not Applicable,Not Applicable,388,Not Applicable,0,,
2024-07-15 05:29:00,CNR6454841942,Success,CID638585,Mini,Ramamurthy Nagar,Nagarbhavi,133.0,60.0,Not Applicable,Not Applicable,No,Not Applicable,263,Cash,26,4.4,3.3
2024-07-27 18:48:00,CNR5994424423,Canceled by Customer,CID490560,Bike,BTM Layout,Padmanabhanagar,,,Change of plans,Not Applicable,Not Applicable,Not Applicable,169,Not Applicable,0,,
2024-07-03 05:51:00,CNR1174016937,Success,CID443034,Prime Plus,Tumkur Road,Mysore Road,63.0,110.0,Not Applicable,Not Applicable,No,Not Applicable,621,Cash,45,3.1,4.9
2024-07-11 22:59:00,CNR9581502266,Canceled by Driver,CID639914,Prime Plus,Padmanabhanagar,Kengeri,,,Not Applicable,Customer was coughing/sick,Not Applicable,Not Applicable,2979,Not Applicable,0,,
2024-07-23 05:00:00,CNR3383565666,Success,CID167604,Prime Plus,Magadi Road,RT Nagar,224.0,60.0,Not Applicable,Not Applicable,No,Not Applicable,401,Cash,10,3.4,3.9
2024-07-09 20:38:00,CNR4800022082,Success,CID195832,Bike,Indiranagar,Rajajinagar,245.0,120.0,Not Applicable,Not Applicable,No,Not Applicable,992,UPI,29,4.0,4.9
2024-07-23 11:01:00,CNR8860147952,Canceled by Customer,CID371887,Prime SUV,Devanahalli,HSR Layout,,,Driver asked to cancel,Not Applicable,Not Applicable,Not Applicable,147,Not Applicable,0,,
2024-07-04 11:56:00,CNR2698712188,Driver Not Found,CID526228,Prime SUV,Shivajinagar,RT Nagar,,,Not Applicable,Not Applicable,Not Applicable,Not Applicable,196,Not Applicable,0,,
2024-07-22 16:28:00,CNR5794356919,Success,CID467835,Bike,Koramangala,Koramangala,203.0,85.0,Not Applicable,Not Applicable,No,Not Applicable,419,UPI,27,3.1,4.6
2024-07-29 18:06:00,CNR8868156489,Success,CID885230,eBike,BTM Layout,Sarjapur Road,42.0,80.0,Not Applicable,Not Applicable,No,Not Applicable,349,Cash,46,4.8,3.2
2024-07-18 05:42:00,CNR4265686403,Success,CID931082,Prime SUV,Hebbal,Tumkur Road,91.0,110.0,Not Applicable,Not Applicable,No,Not Applicable,125,UPI,8,3.8,3.7
2024-07-13 09:53:00,CNR7887004218,Canceled by Driver,CID631736,Prime SUV,JP Nagar,Bellandur,,,Not Applicable,Customer was coughing/sick,Not Applicable,Not Applicable,490,Not Applicable,0,,
2024-07-08 09:14:00,CNR7980334741,Canceled by Customer,CID801532,Prime Sedan,Hulimavu,Jayanagar,,,Driver is not moving towards pickup location,Not Applicable,Not Applicable,Not Applicable,454,Not Applicable,0,,
2024-07-22 20:11:00,CNR1986242923,Success,CID238804,Prime Plus,RT Nagar,Bannerghatta Road,224.0,90.0,Not Applicable,Not Applicable,No,Not Applicable,265,Cash,48,4.5,4.4
2024-07-27 05:09:00,CNR6645370679,Driver Not Found,CID511095,Prime SUV,RT Nagar,Langford Town,,,Not Applicable,Not Applicable,Not Applicable,Not Applicable,146,Not Applicable,0,,
2024-07-07 09:37:00,CNR1480669518,Success,CID828538,Bike,Mysore Road,Nagarbhavi,210.0,130.0,Not Applicable,Not Applicable,No,Not Applicable,103,Cash,7,3.1,4.2
2024-07-30 09:24:00,CNR4814934953,Canceled by Driver,CID426352,Auto,Hosur Road,Langford Town,,,Not Applicable,Personal & Car related issue,Not Applicable,Not Applicable,190,Not Applicable,0,,
2024-07-17 07:36:00,CNR4478007382,Success,CID374814,Prime Sedan,Bannerghatta Road,KR Puram,84.0,50.0,Not Applicable,Not Applicable,No,Not Applicable,811,Cash,19,3.2,3.2
2024-07-08 06:09:00,CNR3047051096,Success,CID680588,eBike,Vijayanagar,Padmanabhanagar,168.0,70.0,Not Applicable,Not Applicable,No,Not Applicable,483,Cash,20,4.4,4.1
2024-07-25 02:42:00,CNR5528586624,Success,CID739636,Mini,Richmond Town,HSR Layout,168.0,60.0,Not Applicable,Not Applicable,No,Not Applicable,413,Cash,27,4.8,4.1
2024-07-10 12:46:00,CNR1272877196,Success,CID202541,Auto,Mysore Road,JP Nagar,105.0,45.0,Not Applicable,Not Applicable,No,Not Applicable,255,UPI,12,4.9,3.7
2024-07-20 11:28:00,CNR5124886389,Canceled by Driver,CID911977,Bike,KR Puram,Kengeri,,,Not Applicable,Personal & Car related issue,Not Applicable,Not Applicable,223,Not Applicable,0,,
2024-07-06 12:29:00,CNR6729279861,Canceled by Driver,CID702605,Mini,Sahakar Nagar,Peenya,,,Not Applicable,Customer was coughing/sick,Not Applicable,Not Applicable,146,Not Applicable,0,,
2024-07-08 11:42:00,CNR6179606518,Success,CID725515,Auto,Mysore Road,Rajajinagar,168.0,130.0,Not Applicable,Not Applicable,No,Not Applicable,453,UPI,12,4.2,4.8
2024-07-18 18:06:00,CNR9664883815,Success,CID512901,Auto,Varthur,BTM Layout,91.0,110.0,Not Applicable,Not Applicable,No,Not Applicable,243,Cash,6,4.2,4.7
2024-07-23 22:08:00,CNR1177395416,Success,CID429667,Mini,Banashankari,RT Nagar,280.0,70.0,Not Applicable,Not Applicable,No,Not Applicable,692,UPI,1,4.4,3.2
2024-07-18 19:48:00,CNR8166059039,Success,CID922111,Mini,Sarjapur Road,Magadi Road,280.0,45.0,Not Applicable,Not Applicable,No,Not Applicable,1832,Cash,9,4.8,3.9
2024-07-01 16:49:00,CNR6068478482,Driver Not Found,CID211279,Bike,Padmanabhanagar,Nagarbhavi,,,Not Applicable,Not Applicable,Not Applicable,Not Applicable,544,Not Applicable,0,,
2024-07-25 21:55:00,CNR9763985912,Success,CID832734,Prime Plus,JP Nagar,Whitefield,301.0,145.0,Not Applicable,Not Applicable,No,Not Applicable,980,UPI,24,4.6,4.5
2024-07-08 21:02:00,CNR8002159767,Driver Not Found,CID344123,Prime Plus,Malleshwaram,Banashankari,,,Not Applicable,Not Applicable,Not Applicable,Not Applicable,754,Not Applicable,0,,
2024-07-16 23:57:00,CNR3674594099,Canceled by Customer,CID429845,Bike,Marathahalli,Langford Town,,,AC is Not working,Not Applicable,Not Applicable,Not Applicable,295,Not Applicable,0,,
2024-07-09 18:36:00,CNR2047299221,Canceled by Driver,CID693217,eBike,Tumkur Road,Bannerghatta Road,,,Not Applicable,Personal & Car related issue,Not Applicable,Not Applicable,314,Not Applicable,0,,
2024-07-25 21:17:00,CNR6455874904,Canceled by Driver,CID740881,Auto,Yelahanka,Tumkur Road,,,Not Applicable,Personal & Car related issue,Not Applicable,Not Applicable,218,Not Applicable,0,,
2024-07-29 03:48:00,CNR8253174090,Canceled by Customer,CID807937,Mini,KR Puram,Frazer Town,,,Change of plans,Not Applicable,Not Applicable,Not Applicable,384,Not Applicable,0,,
2024-07-15 23:42:00,CNR1477819547,Canceled by Customer,CID229813,Prime SUV,RT Nagar,Jayanagar,,,Driver is not moving towards pickup location,Not Applicable,Not Applicable,Not Applicable,312,Not Applicable,0,,
2024-07-23 12:49:00,CNR8376207776,Canceled by Driver,CID207773,Bike,Peenya,Whitefield,,,Not Applicable,Customer related issue,Not Applicable,Not Applicable,452,Not Applicable,0,,
2024-07-13 05:48:00,CNR1673941722,Success,CID136865,Prime SUV,Bannerghatta Road,Marathahalli,133.0,130.0,Not Applicable,Not Applicable,No,Not Applicable,352,Cash,35,4.0,3.4
2024-07-28 23:16:00,CNR7504615084,Success,CID206799,Mini,JP Nagar,Indiranagar,266.0,90.0,Not Applicable,Not Applicable,Yes,Other Issue,190,Cash,18,4.0,4.4
2024-07-23 18:15:00,CNR4098430933,Driver Not Found,CID747843,Prime Sedan,Chamarajpet,Yelahanka,,,Not Applicable,Not Applicable,Not Applicable,Not Applicable,216,Not Applicable,0,,
2024-07-08 19:43:00,CNR5696784472,Success,CID198775,Auto,Marathahalli,Kammanahalli,210.0,40.0,Not Applicable,Not Applicable,No,Not Applicable,419,Cash,4,3.1,4.0
2024-07-14 11:51:00,CNR2284331675,Success,CID701779,Prime Plus,Hebbal,Langford Town,259.0,95.0,Not Applicable,Not Applicable,No,Not Applicable,2339,UPI,3,4.8,3.1
2024-07-15 19:58:00,CNR4293982129,Success,CID232628,Auto,Frazer Town,MG Road,42.0,70.0,Not Applicable,Not Applicable,No,Not Applicable,282,UPI,11,3.0,3.8
2024-07-17 07:16:00,CNR8679294097,Success,CID992077,Prime Sedan,Yeshwanthpur,Ramamurthy Nagar,224.0,50.0,Not Applicable,Not Applicable,No,Not Applicable,1737,UPI,7,4.7,3.8
2024-07-08 15:10:00,CNR4374083022,Driver Not Found,CID917312,Prime SUV,Ramamurthy Nagar,Indiranagar,,,Not Applicable,Not Applicable,Not Applicable,Not Applicable,185,Not Applicable,0,,
2024-07-24 22:48:00,CNR4256410981,Success,CID578343,Mini,Padmanabhanagar,Bannerghatta Road,308.0,70.0,Not Applicable,Not Applicable,No,Not Applicable,1398,Cash,34,4.1,4.3
2024-07-03 10:03:00,CNR8284916624,Success,CID172328,Auto,Koramangala,RT Nagar,238.0,145.0,Not Applicable,Not Applicable,No,Not Applicable,155,Cash,12,3.7,3.3
2024-07-08 10:00:00,CNR7836513761,Canceled by Customer,CID505009,eBike,Jayanagar,Whitefield,,,AC is Not working,Not Applicable,Not Applicable,Not Applicable,961,Not Applicable,0,,
2024-07-23 13:35:00,CNR8370848636,Success,CID701040,Prime SUV,Marathahalli,Hebbal,168.0,40.0,Not Applicable,Not Applicable,No,Not Applicable,207,Credit Card,48,4.3,4.6
2024-07-27 19:18:00,CNR5645587836,Canceled by Customer,CID274626,Bike,Basavanagudi,Yeshwanthpur,,,Driver is not moving towards pickup location,Not Applicable,Not Applicable,Not Applicable,920,Not Applicable,0,,
2024-07-22 05:03:00,CNR4621752054,Success,CID666685,Mini,Magadi Road,Banashankari,63.0,135.0,Not Applicable,Not Applicable,No,Not Applicable,436,UPI,19,3.7,3.4
2024-07-13 22:56:00,CNR7199281106,Success,CID643569,Auto,Whitefield,Devanahalli,133.0,110.0,Not Applicable,Not Applicable,No,Not Applicable,316,UPI,16,3.1,4.3
2024-07-15 22:45:00,CNR9201235648,Canceled by Customer,CID774775,Prime Sedan,Rajarajeshwari Nagar,Yeshwanthpur,,,AC is Not working,Not Applicable,Not Applicable,Not Applicable,246,Not Applicable,0,,
2024-07-28 14:50:00,CNR8935394302,Canceled by Customer,CID282448,Prime Sedan,Peenya,Langford Town,,,Driver asked to cancel,Not Applicable,Not Applicable,Not Applicable,1958,Not Applicable,0,,
2024-07-23 03:03:00,CNR2528994230,Success,CID650526,Prime Plus,Chickpet,Sarjapur Road,133.0,85.0,Not Applicable,Not Applicable,No,Not Applicable,116,UPI,44,4.3,3.1
2024-07-24 16:20:00,CNR6456348773,Canceled by Customer,CID166271,Bike,MG Road,Hosur Road,,,Driver asked to cancel,Not Applicable,Not Applicable,Not Applicable,440,Not Applicable,0,,
2024-07-10 04:17:00,CNR9984524638,Canceled by Customer,CID253884,Prime SUV,KR Puram,Bellandur,,,Change of plans,Not Applicable,Not Applicable,Not Applicable,224,Not Applicable,0,,
2024-07-12 16:46:00,CNR9583998848,Canceled by Customer,CID944676,eBike,Bannerghatta Road,Yeshwanthpur,,,AC is Not working,Not Applicable,Not Applicable,Not Applicable,133,Not Applicable,0,,
2024-07-11 07:35:00,CNR6391711563,Success,CID751901,Bike,Mysore Road,Cox Town,63.0,45.0,Not Applicable,Not Applicable,No,Not Applicable,221,Debit Card,33,3.9,4.6
2024-07-23 20:18:00,CNR4596482941,Success,CID634396,Auto,Tumkur Road,Vijayanagar,189.0,25.0,Not Applicable,Not Applicable,No,Not Applicable,451,Cash,10,3.1,3.7
2024-07-15 20:14:00,CNR5774957467,Success,CID214031,Bike,Vijayanagar,Marathahalli,308.0,140.0,Not Applicable,Not Applicable,No,Not Applicable,2713,Cash,49,4.6,3.3
2024-07-28 19:59:00,CNR9360526727,Success,CID919989,eBike,Cox Town,Rajajinagar,42.0,25.0,Not Applicable,Not Applicable,No,Not Applicable,2981,UPI,1,3.2,4.0
2024-07-28 13:02:00,CNR3713049218,Success,CID719993,Prime SUV,Bannerghatta Road,Langford Town,35.0,130.0,Not Applicable,Not Applicable,No,Not Applicable,704,UPI,49,3.9,3.3
2024-07-05 05:44:00,CNR4853019328,Canceled by Driver,CID561395,eBike,Bannerghatta Road,Malleshwaram,,,Not Applicable,Personal & Car related issue,Not Applicable,Not Applicable,317,Not Applicable,0,,
2024-07-08 11:20:00,CNR5520824549,Success,CID719801,Bike,Magadi Road,Electronic City,98.0,35.0,Not Applicable,Not Applicable,No,Not Applicable,194,UPI,31,4.6,4.0
2024-07-25 03:32:00,CNR1876997569,Success,CID355853,Prime Sedan,Shivajinagar,Bellandur,63.0,95.0,Not Applicable,Not Applicable,No,Not Applicable,177,UPI,29,3.3,3.4
2024-07-15 22:22:00,CNR8713703771,Driver Not Found,CID467408,eBike,HSR Layout,Sahakar Nagar,,,Not Applicable,Not Applicable,Not Applicable,Not Applicable,453,Not Applicable,0,,
2024-07-10 13:56:00,CNR3813505170,Canceled by Driver,CID753207,Auto,Shivajinagar,Ulsoor,,,Not Applicable,Customer related issue,Not Applicable,Not Applicable,460,Not Applicable,0,,
2024-07-03 10:47:00,CNR9754792720,Success,CID580301,Prime Plus,Koramangala,Hulimavu,280.0,90.0,Not Applicable,Not Applicable,No,Not Applicable,412,Cash,43,4.0,4.5
2024-07-27 12:41:00,CNR5035342243,Success,CID402118,Bike,MG Road,Bannerghatta Road,259.0,95.0,Not Applicable,Not Applicable,No,Not Applicable,268,UPI,30,3.0,3.7
2024-07-28 11:32:00,CNR7018807461,Canceled by Customer,CID791430,Auto,Marathahalli,Devanahalli,,,Wrong Address,Not Applicable,Not Applicable,Not Applicable,350,Not Applicable,0,,
2024-07-07 12:36:00,CNR3994323857,Success,CID366301,Prime SUV,Rajajinagar,HSR Layout,70.0,30.0,Not Applicable,Not Applicable,No,Not Applicable,284,Cash,29,4.2,3.3
2024-07-18 08:51:00,CNR8429921298,Success,CID948277,Auto,Hosur Road,Magadi Road,77.0,30.0,Not Applicable,Not Applicable,No,Not Applicable,638,Cash,16,4.0,3.1
2024-07-22 02:01:00,CNR3684220628,Success,CID183177,Mini,Sarjapur Road,Hennur,168.0,105.0,Not Applicable,Not Applicable,No,Not Applicable,614,Cash,29,4.7,4.9
2024-07-09 09:31:00,CNR3036889973,Success,CID122297,Prime Sedan,Basavanagudi,Shivajinagar,273.0,75.0,Not Applicable,Not Applicable,No,Not Applicable,238,Cash,18,3.8,4.1
2024-07-18 15:40:00,CNR2960832860,Canceled by Driver,CID230071,Bike,Richmond Town,Cox Town,,,Not Applicable,Customer related issue,Not Applicable,Not Applicable,233,Not Applicable,0,,
2024-07-07 12:57:00,CNR8736610435,Canceled by Driver,CID931800,Mini,Rajarajeshwari Nagar,Rajajinagar,,,Not Applicable,Customer was coughing/sick,Not Applicable,Not Applicable,322,Not Applicable,0,,
2024-07-17 14:41:00,CNR6035619823,Success,CID385880,Bike,Majestic,Bellandur,105.0,60.0,Not Applicable,Not Applicable,No,Not Applicable,711,UPI,34,3.9,3.9
2024-07-20 20:40:00,CNR1117506480,Success,CID726630,Prime SUV,Shantinagar,Majestic,133.0,65.0,Not Applicable,Not Applicable,No,Not Applicable,171,UPI,18,3.4,4.3
2024-07-28 06:39:00,CNR6509796106,Driver Not Found,CID549018,Prime Sedan,Frazer Town,Basavanagudi,,,Not Applicable,Not Applicable,Not Applicable,Not Applicable,374,Not Applicable,0,,
2024-07-26 14:07:00,CNR9754988588,Success,CID248334,Prime Sedan,Shantinagar,Marathahalli,70.0,135.0,Not Applicable,Not Applicable,No,Not Applicable,171,Cash,43,4.3,3.8
2024-07-26 20:54:00,CNR5862513317,Canceled by Driver,CID953293,Prime SUV,Kammanahalli,Devanahalli,,,Not Applicable,More than permitted people in there,Not Applicable,Not Applicable,124,Not Applicable,0,,
2024-07-21 18:28:00,CNR4857964825,Success,CID992644,Mini,Kammanahalli,Whitefield,238.0,100.0,Not Applicable,Not Applicable,No,Not Applicable,255,Cash,3,4.3,3.1
2024-07-17 20:55:00,CNR9009031207,Driver Not Found,CID746637,Mini,Bellandur,Magadi Road,,,Not Applicable,Not Applicable,Not Applicable,Not Applicable,346,Not Applicable,0,,
2024-07-19 06:20:00,CNR4195040137,Success,CID376850,Prime SUV,Langford Town,Koramangala,35.0,125.0,Not Applicable,Not Applicable,No,Not Applicable,216,UPI,17,4.3,4.8
2024-07-04 16:08:00,CNR5455002985,Success,CID125546,Bike,Shantinagar,Shantinagar,133.0,95.0,Not Applicable,Not Applicable,No,Not Applicable,924,Cash,5,3.9,3.6
2024-07-28 15:11:00,CNR4276332175,Success,CID394505,eBike,Koramangala,Sahakar Nagar,91.0,25.0,Not Applicable,Not Applicable,Yes,Vehicle Breakdown,105,Credit Card,11,3.4,3.6
2024-07-29 00:00:00,CNR8671083350,Success,CID913084,Mini,Kammanahalli,Mysore Road,49.0,115.0,Not Applicable,Not Applicable,No,Not Applicable,838,Cash,5,3.3,3.8
2024-07-06 01:08:00,CNR8304000404,Canceled by Driver,CID277605,Prime Sedan,Mysore Road,Hosur Road,,,Not Applicable,Customer related issue,Not Applicable,Not Applicable,467,Not Applicable,0,,
2024-07-13 09:43:00,CNR1741049594,Driver Not Found,CID449191,Bike,Shivajinagar,Peenya,,,Not Applicable,Not Applicable,Not Applicable,Not Applicable,334,Not Applicable,0,,
2024-07-18 21:17:00,CNR6169981987,Success,CID100625,Bike,Magadi Road,Hosur Road,210.0,45.0,Not Applicable,Not Applicable,No,Not Applicable,478,UPI,25,4.4,4.8
2024-07-29 22:08:00,CNR7163536731,Success,CID622409,Bike,Basavanagudi,Rajajinagar,70.0,130.0,Not Applicable,Not Applicable,No,Not Applicable,718,UPI,26,3.8,4.2
2024-07-08 08:01:00,CNR9467063128,Success,CID606537,Prime SUV,Vijayanagar,Chickpet,280.0,65.0,Not Applicable,Not Applicable,No,Not Applicable,140,Cash,10,3.2,4.4
2024-07-13 11:44:00,CNR7151027855,Success,CID140337,Prime Plus,Kadugodi,Electronic City,161.0,80.0,Not Applicable,Not Applicable,No,Not Applicable,830,Cash,16,4.3,4.6
2024-07-20 00:42:00,CNR3157481963,Canceled by Driver,CID627355,Auto,Nagarbhavi,RT Nagar,,,Not Applicable,Personal & Car related issue,Not Applicable,Not Applicable,317,Not Applicable,0,,
2024-07-18 05:12:00,CNR2790354236,Success,CID343549,Auto,Rajajinagar,Kadugodi,217.0,50.0,Not Applicable,Not Applicable,No,Not Applicable,248,Cash,5,4.2,3.5
2024-07-28 10:37:00,CNR4995840050,Success,CID880086,Mini,Koramangala,JP Nagar,203.0,55.0,Not Applicable,Not Applicable,No,Not Applicable,136,UPI,41,4.8,3.8
2024-07-07 02:57:00,CNR6805399509,Success,CID737745,Prime SUV,Bannerghatta Road,Peenya,70.0,135.0,Not Applicable,Not Applicable,Yes,Customer Demand,289,Cash,12,3.6,4.4
2024-07-03 15:45:00,CNR5571898457,Success,CID667810,Prime Plus,Tumkur Road,MG Road,217.0,80.0,Not Applicable,Not Applicable,No,Not Applicable,154,Cash,46,4.5,3.5
2024-07-16 03:37:00,CNR2498300341,Driver Not Found,CID502830,Mini,Majestic,Indiranagar,,,Not Applicable,Not Applicable,Not Applicable,Not Applicable,186,Not Applicable,0,,
2024-07-21 23:50:00,CNR6411094268,Success,CID119318,Bike,Shantinagar,Tumkur Road,161.0,75.0,Not Applicable,Not Applicable,Yes,Customer Demand,378,Cash,38,4.3,4.7
2024-07-21 15:13:00,CNR5205566392,Success,CID287796,Prime Sedan,Hebbal,Rajajinagar,210.0,40.0,Not Applicable,Not Applicable,No,Not Applicable,131,Cash,32,4.8,4.1
2024-07-05 02:07:00,CNR9740725419,Success,CID921239,eBike,Bellandur,Rajajinagar,140.0,110.0,Not Applicable,Not Applicable,No,Not Applicable,164,Cash,40,4.9,3.9
2024-07-28 13:55:00,CNR7539275833,Success,CID351655,Bike,Yeshwanthpur,Sahakar Nagar,301.0,35.0,Not Applicable,Not Applicable,No,Not Applicable,212,Cash,19,4.6,4.8
2024-07-28 15:29:00,CNR6071001270,Success,CID257501,Prime Sedan,Yeshwanthpur,MG Road,238.0,80.0,Not Applicable,Not Applicable,No,Not Applicable,344,Cash,21,4.6,3.8
2024-07-06 22:54:00,CNR2777559984,Success,CID326360,Prime Sedan,Bellandur,JP Nagar,231.0,55.0,Not Applicable,Not Applicable,No,Not Applicable,190,UPI,3,3.9,3.4
2024-07-08 12:51:00,CNR5629838851,Driver Not Found,CID367213,Bike,BTM Layout,MG Road,,,Not Applicable,Not Applicable,Not Applicable,Not Applicable,1568,Not Applicable,0,,
2024-07-07 07:45:00,CNR3870765193,Canceled by Customer,CID795326,Bike,Frazer Town,Peenya,,,AC is Not working,Not Applicable,Not Applicable,Not Applicable,189,Not Applicable,0,,
2024-07-09 21:49:00,CNR1657473432,Success,CID269596,Bike,BTM Layout,HSR Layout,49.0,145.0,Not Applicable,Not Applicable,No,Not Applicable,262,Cash,40,3.8,4.7
2024-07-06 05:09:00,CNR8279705900,Canceled by Customer,CID764182,Bike,Magadi Road,Tumkur Road,,,Driver asked to cancel,Not Applicable,Not Applicable,Not Applicable,1287,Not Applicable,0,,
2024-07-04 22:07:00,CNR1753630933,Success,CID191785,Prime Plus,Malleshwaram,RT Nagar,245.0,115.0,Not Applicable,Not Applicable,No,Not Applicable,453,Cash,25,4.0,3.8
2024-07-11 07:13:00,CNR8196808863,Success,CID264051,Auto,Mysore Road,MG Road,168.0,50.0,Not Applicable,Not Applicable,No,Not Applicable,237,UPI,7,3.6,4.0
2024-07-27 18:22:00,CNR8619185517,Success,CID279210,Prime Plus,Yelahanka,Cox Town,196.0,125.0,Not Applicable,Not Applicable,No,Not Applicable,145,Cash,31,4.9,5.0
2024-07-28 20:38:00,CNR4646370555,Driver Not Found,CID441347,Prime Plus,Yeshwanthpur,Marathahalli,,,Not Applicable,Not Applicable,Not Applicable,Not Applicable,309,Not Applicable,0,,
2024-07-09 15:18:00,CNR4356536659,Driver Not Found,CID253827,Bike,Rajajinagar,Indiranagar,,,Not Applicable,Not Applicable,Not Applicable,Not Applicable,324,Not Applicable,0,,
2024-07-10 23:25:00,CNR2298043765,Success,CID989623,Bike,Peenya,Peenya,266.0,120.0,Not Applicable,Not Applicable,No,Not Applicable,164,Cash,29,4.5,5.0
2024-07-13 12:48:00,CNR4974996533,Success,CID794137,Bike,Yelahanka,Yeshwanthpur,175.0,100.0,Not Applicable,Not Applicable,No,Not Applicable,284,UPI,35,3.0,3.7
2024-07-12 20:45:00,CNR8880422890,Success,CID664297,Prime Sedan,Malleshwaram,HSR Layout,203.0,140.0,Not Applicable,Not Applicable,No,Not Applicable,391,UPI,35,4.3,4.8
2024-07-07 23:25:00,CNR4005499407,Success,CID885036,Bike,Whitefield,Kadugodi,112.0,95.0,Not Applicable,Not Applicable,No,Not Applicable,205,Cash,17,3.7,4.3
2024-07-19 06:06:00,CNR7705080272,Success,CID226730,Prime Sedan,Mysore Road,Nagarbhavi,35.0,45.0,Not Applicable,Not Applicable,No,Not Applicable,495,UPI,44,3.3,3.3
2024-07-13 14:15:00,CNR5310284719,Canceled by Driver,CID440065,eBike,Ramamurthy Nagar,Rajarajeshwari Nagar,,,Not Applicable,Personal & Car related issue,Not Applicable,Not Applicable,686,Not Applicable,0,,
2024-07-24 08:59:00,CNR4622060659,Success,CID834453,Auto,Shantinagar,Malleshwaram,301.0,105.0,Not Applicable,Not Applicable,No,Not Applicable,160,Cash,16,4.7,3.5
2024-07-29 10:57:00,CNR8726348481,Canceled by Customer,CID959999,eBike,Frazer Town,Hosur Road,,,Driver is not moving towards pickup location,Not Applicable,Not Applicable,Not Applicable,2093,Not Applicable,0,,
2024-07-07 07:35:00,CNR6046148025,Success,CID223164,Mini,Kammanahalli,Hosur Road,273.0,25.0,Not Applicable,Not Applicable,No,Not Applicable,111,Cash,33,3.3,4.3
2024-07-02 01:41:00,CNR2331794471,Success,CID484506,Auto,MG Road,Richmond Town,91.0,25.0,Not Applicable,Not Applicable,No,Not Applicable,213,UPI,17,3.5,4.8
2024-07-03 12:10:00,CNR9681691555,Canceled by Driver,CID274454,Auto,JP Nagar,MG Road,,,Not Applicable,Personal & Car related issue,Not Applicable,Not Applicable,316,Not Applicable,0,,
2024-07-11 14:43:00,CNR4800061044,Success,CID587937,Bike,Varthur,Peenya,259.0,25.0,Not Applicable,Not Applicable,No,Not Applicable,478,UPI,48,4.1,3.2
2024-07-24 08:40:00,CNR5389541217,Success,CID473683,eBike,Sarjapur Road,Shantinagar,273.0,65.0,Not Applicable,Not Applicable,Yes,Vehicle Breakdown,362,Cash,8,4.8,4.1
2024-07-03 16:46:00,CNR1231697931,Success,CID320648,Prime Sedan,Majestic,Whitefield,196.0,60.0,Not Applicable,Not Applicable,No,Not Applicable,799,Cash,13,3.8,5.0
2024-07-14 01:15:00,CNR8477566405,Canceled by Driver,CID864923,Prime SUV,Langford Town,Langford Town,,,Not Applicable,Customer was coughing/sick,Not Applicable,Not Applicable,856,Not Applicable,0,,
2024-07-28 18:00:00,CNR1183452952,Success,CID902155,eBike,Yelahanka,Frazer Town,154.0,125.0,Not Applicable,Not Applicable,No,Not Applicable,155,Cash,8,4.1,4.5
2024-07-12 08:35:00,CNR5939256947,Success,CID324625,Prime Sedan,Sarjapur Road,Ulsoor,84.0,40.0,Not Applicable,Not Applicable,No,Not Applicable,324,UPI,7,4.0,3.3
2024-07-08 08:16:00,CNR8850866904,Canceled by Driver,CID831825,Prime SUV,Rajarajeshwari Nagar,RT Nagar,,,Not Applicable,Personal & Car related issue,Not Applicable,Not Applicable,339,Not Applicable,0,,
2024-07-12 14:38:00,CNR9672284974,Success,CID328727,Bike,Sahakar Nagar,Marathahalli,266.0,90.0,Not Applicable,Not Applicable,No,Not Applicable,354,Cash,18,4.9,4.3
2024-07-05 12:21:00,CNR4061002556,Success,CID390760,Bike,Magadi Road,Hosur Road,119.0,100.0,Not Applicable,Not Applicable,No,Not Applicable,935,Cash,31,4.2,3.1
2024-07-11 16:53:00,CNR4901402769,Success,CID425880,Prime SUV,Devanahalli,Chamarajpet,91.0,40.0,Not Applicable,Not Applicable,No,Not Applicable,930,Cash,42,4.6,4.9
2024-07-20 15:42:00,CNR8835197318,Driver Not Found,CID880730,Prime SUV,Kadugodi,Langford Town,,,Not Applicable,Not Applicable,Not Applicable,Not Applicable,383,Not Applicable,0,,
2024-07-14 23:36:00,CNR6698615344,Canceled by Driver,CID138907,Prime Sedan,Ulsoor,Kengeri,,,Not Applicable,Customer was coughing/sick,Not Applicable,Not Applicable,947,Not Applicable,0,,
2024-07-28 20:57:00,CNR4133868314,Canceled by Driver,CID946117,Bike,Shivajinagar,Basavanagudi,,,Not Applicable,Personal & Car related issue,Not Applicable,Not Applicable,721,Not Applicable,0,,
2024-07-19 09:37:00,CNR8257593327,Success,CID157867,Auto,BTM Layout,MG Road,168.0,90.0,Not Applicable,Not Applicable,No,Not Applicable,920,Cash,6,4.6,3.1
2024-07-28 11:48:00,CNR5502396097,Canceled by Customer,CID995158,Prime SUV,Mysore Road,Hennur,,,Driver is not moving towards pickup location,Not Applicable,Not Applicable,Not Applicable,304,Not Applicable,0,,
2024-07-28 17:32:00,CNR7761135168,Success,CID378502,Bike,Ramamurthy Nagar,Magadi Road,308.0,145.0,Not Applicable,Not Applicable,No,Not Applicable,302,UPI,1,3.9,3.4
2024-07-24 03:40:00,CNR2299135993,Canceled by Driver,CID157934,Mini,Banashankari,Kadugodi,,,Not Applicable,Personal & Car related issue,Not Applicable,Not Applicable,339,Not Applicable,0,,
2024-07-28 22:56:00,CNR8825901289,Driver Not Found,CID132814,Auto,Bannerghatta Road,Sahakar Nagar,,,Not Applicable,Not Applicable,Not Applicable,Not Applicable,2060,Not Applicable,0,,
2024-07-16 16:04:00,CNR5658503541,Canceled by Customer,CID528590,Mini,Kammanahalli,Malleshwaram,,,AC is Not working,Not Applicable,Not Applicable,Not Applicable,449,Not Applicable,0,,
2024-07-09 00:20:00,CNR1713586571,Success,CID125212,Prime SUV,Majestic,Hebbal,280.0,95.0,Not Applicable,Not Applicable,No,Not Applicable,370,Cash,48,3.5,3.6
2024-07-16 09:48:00,CNR7000484205,Success,CID721182,Bike,Sarjapur Road,KR Puram,147.0,135.0,Not Applicable,Not Applicable,No,Not Applicable,314,UPI,22,3.2,4.7
2024-07-06 05:31:00,CNR6075511008,Success,CID128910,Mini,Shivajinagar,Bannerghatta Road,210.0,25.0,Not Applicable,Not Applicable,No,Not Applicable,444,UPI,31,4.4,4.7
2024-07-08 18:47:00,CNR6228010554,Success,CID643798,Prime Sedan,Padmanabhanagar,Jayanagar,217.0,40.0,Not Applicable,Not Applicable,No,Not Applicable,987,UPI,44,4.4,4.5
2024-07-02 07:03:00,CNR4184682031,Success,CID893616,Prime Plus,Ulsoor,Shantinagar,147.0,90.0,Not Applicable,Not Applicable,No,Not Applicable,490,Cash,49,3.4,4.8
2024-07-28 18:51:00,CNR7038164555,Success,CID977661,Prime Sedan,Ulsoor,Mysore Road,224.0,45.0,Not Applicable,Not Applicable,No,Not Applicable,213,Cash,21,3.3,3.3
2024-07-10 00:39:00,CNR4675106445,Driver Not Found,CID715451,Auto,Bannerghatta Road,Yeshwanthpur,,,Not Applicable,Not Applicable,Not Applicable,Not Applicable,471,Not Applicable,0,,
2024-07-19 11:16:00,CNR3706462592,Success,CID614742,Auto,Jayanagar,Chickpet,49.0,110.0,Not Applicable,Not Applicable,No,Not Applicable,305,Cash,15,3.2,4.6
2024-07-09 10:07:00,CNR4234962669,Canceled by Customer,CID679781,Auto,Mysore Road,Majestic,,,Driver is not moving towards pickup location,Not Applicable,Not Applicable,Not Applicable,1818,Not Applicable,0,,
2024-07-18 15:13:00,CNR2306389093,Success,CID709256,eBike,Magadi Road,Yelahanka,238.0,80.0,Not Applicable,Not Applicable,No,Not Applicable,1227,Cash,41,3.5,4.3
2024-07-26 19:35:00,CNR8197191255,Success,CID885254,Prime Plus,Devanahalli,Padmanabhanagar,217.0,145.0,Not Applicable,Not Applicable,No,Not Applicable,475,Cash,12,3.5,3.6
2024-07-21 03:15:00,CNR2280667086,Canceled by Driver,CID227919,Mini,Yelahanka,Langford Town,,,Not Applicable,Personal & Car related issue,Not Applicable,Not Applicable,451,Not Applicable,0,,
2024-07-07 02:31:00,CNR2452031173,Canceled by Driver,CID450984,Bike,RT Nagar,Sahakar Nagar,,,Not Applicable,Personal & Car related issue,Not Applicable,Not Applicable,615,Not Applicable,0,,
2024-07-21 00:28:00,CNR5726950196,Canceled by Driver,CID677039,Prime Plus,Kammanahalli,Langford Town,,,Not Applicable,Personal & Car related issue,Not Applicable,Not Applicable,470,Not Applicable,0,,
2024-07-26 17:06:00,CNR5657345184,Success,CID729741,Prime Sedan,Marathahalli,Hebbal,119.0,140.0,Not Applicable,Not Applicable,No,Not Applicable,155,Cash,41,4.7,4.4
2024-07-12 16:40:00,CNR5015010339,Canceled by Customer,CID618153,Auto,Electronic City,Devanahalli,,,Change of plans,Not Applicable,Not Applicable,Not Applicable,305,Not Applicable,0,,
2024-07-21 04:10:00,CNR6575459634,Success,CID135050,eBike,BTM Layout,Richmond Town,238.0,95.0,Not Applicable,Not Applicable,No,Not Applicable,223,UPI,40,4.6,4.3
2024-07-10 09:32:00,CNR3666186381,Canceled by Driver,CID887224,Prime Sedan,Shantinagar,Banashankari,,,Not Applicable,Personal & Car related issue,Not Applicable,Not Applicable,373,Not Applicable,0,,
2024-07-19 18:55:00,CNR8189005054,Canceled by Driver,CID370625,Prime SUV,Hosur Road,Basavanagudi,,,Not Applicable,Customer was coughing/sick,Not Applicable,Not Applicable,114,Not Applicable,0,,
2024-07-26 21:58:00,CNR1692902210,Success,CID525100,Auto,Rajajinagar,Bannerghatta Road,161.0,100.0,Not Applicable,Not Applicable,No,Not Applicable,1228,UPI,17,4.3,4.0
2024-07-11 17:39:00,CNR6592993558,Success,CID284595,Prime SUV,Whitefield,Electronic City,259.0,105.0,Not Applicable,Not Applicable,No,Not Applicable,366,Cash,48,3.1,4.6
2024-07-02 13:07:00,CNR5450171319,Success,CID134446,Prime Sedan,Hennur,Kengeri,273.0,25.0,Not Applicable,Not Applicable,No,Not Applicable,882,Cash,2,3.2,4.2
2024-07-21 10:25:00,CNR6319853918,Canceled by Customer,CID396753,eBike,Hebbal,Whitefield,,,Driver asked to cancel,Not Applicable,Not Applicable,Not Applicable,430,Not Applicable,0,,
2024-07-25 15:33:00,CNR9789966804,Success,CID529972,Prime SUV,Basavanagudi,MG Road,252.0,50.0,Not Applicable,Not Applicable,No,Not Applicable,499,Cash,18,3.1,4.1
2024-07-14 05:09:00,CNR9984683821,Success,CID626605,eBike,Hebbal,Majestic,238.0,115.0,Not Applicable,Not Applicable,No,Not Applicable,486,UPI,24,3.9,4.7
2024-07-17 02:14:00,CNR7897849657,Success,CID480769,Prime SUV,Rajarajeshwari Nagar,Koramangala,280.0,55.0,Not Applicable,Not Applicable,No,Not Applicable,389,Cash,20,3.4,4.6
2024-07-28 20:01:00,CNR5362641647,Success,CID631624,Mini,Tumkur Road,Kammanahalli,266.0,125.0,Not Applicable,Not Applicable,No,Not Applicable,421,Cash,43,3.4,4.5
2024-07-15 18:06:00,CNR6005981098,Success,CID157039,Prime Sedan,Basavanagudi,Cox Town,203.0,130.0,Not Applicable,Not Applicable,No,Not Applicable,468,UPI,44,3.8,4.9
2024-07-18 12:22:00,CNR6079333377,Success,CID498961,Mini,Devanahalli,Peenya,168.0,50.0,Not Applicable,Not Applicable,No,Not Applicable,144,UPI,38,3.8,4.4
2024-07-23 17:15:00,CNR8645470082,Success,CID899247,Prime Sedan,JP Nagar,Hosur Road,91.0,110.0,Not Applicable,Not Applicable,No,Not Applicable,375,Cash,36,3.4,4.9
2024-07-14 10:35:00,CNR3039060279,Success,CID262170,Prime SUV,Shivajinagar,Hulimavu,217.0,100.0,Not Applicable,Not Applicable,No,Not Applicable,381,Cash,8,3.4,3.1
2024-07-26 06:10:00,CNR4582701718,Success,CID817805,eBike,Hebbal,Magadi Road,70.0,95.0,Not Applicable,Not Applicable,No,Not Applicable,481,Cash,7,4.1,3.6
2024-07-13 01:44:00,CNR6680705895,Canceled by Driver,CID579483,Mini,Hennur,HSR Layout,,,Not Applicable,Customer related issue,Not Applicable,Not Applicable,222,Not Applicable,0,,
2024-07-08 05:57:00,CNR9869774412,Success,CID942107,Prime SUV,Mysore Road,Jayanagar,245.0,70.0,Not Applicable,Not Applicable,No,Not Applicable,344,Cash,42,3.0,3.3
2024-07-16 09:27:00,CNR5039890856,Canceled by Customer,CID456461,Auto,Padmanabhanagar,Kadugodi,,,Driver is not moving towards pickup location,Not Applicable,Not Applicable,Not Applicable,920,Not Applicable,0,,
2024-07-16 12:08:00,CNR2858652176,Success,CID732287,eBike,Hennur,Mysore Road,294.0,130.0,Not Applicable,Not Applicable,No,Not Applicable,170,Cash,36,5.0,3.0
2024-07-06 18:08:00,CNR7624008816,Success,CID742635,Prime SUV,Malleshwaram,KR Puram,91.0,145.0,Not Applicable,Not Applicable,No,Not Applicable,411,Cash,45,4.5,4.4
2024-07-24 04:43:00,CNR4061419424,Success,CID540067,Mini,Devanahalli,Malleshwaram,133.0,125.0,Not Applicable,Not Applicable,No,Not Applicable,122,UPI,32,3.8,4.3
2024-07-06 18:42:00,CNR3092248138,Canceled by Driver,CID930739,Bike,Nagarbhavi,Majestic,,,Not Applicable,More than permitted people in there,Not Applicable,Not Applicable,1290,Not Applicable,0,,
2024-07-10 01:14:00,CNR3760696276,Success,CID759729,eBike,Varthur,Sarjapur Road,161.0,140.0,Not Applicable,Not Applicable,No,Not Applicable,364,UPI,24,4.8,3.0
2024-07-22 12:23:00,CNR6520703696,Success,CID120518,Prime Plus,HSR Layout,Padmanabhanagar,224.0,115.0,Not Applicable,Not Applicable,No,Not Applicable,128,UPI,44,4.0,3.3
2024-07-20 21:02:00,CNR7564679170,Driver Not Found,CID775667,Prime Plus,Yelahanka,Sarjapur Road,,,Not Applicable,Not Applicable,Not Applicable,Not Applicable,330,Not Applicable,0,,
2024-07-19 22:19:00,CNR4616136416,Success,CID826954,Prime Plus,Tumkur Road,Hosur Road,119.0,145.0,Not Applicable,Not Applicable,No,Not Applicable,248,UPI,20,3.0,3.6
2024-07-02 07:43:00,CNR8365791974,Success,CID236475,Prime Sedan,Hennur,Banashankari,140.0,35.0,Not Applicable,Not Applicable,No,Not Applicable,171,UPI,23,3.4,4.1
2024-07-26 09:07:00,CNR4272172489,Success,CID725784,Prime Sedan,Magadi Road,Peenya,168.0,60.0,Not Applicable,Not Applicable,No,Not Applicable,442,UPI,42,3.8,3.5
2024-07-01 19:15:00,CNR5653582796,Canceled by Driver,CID906688,Prime Plus,Chickpet,Rajajinagar,,,Not Applicable,Personal & Car related issue,Not Applicable,Not Applicable,112,Not Applicable,0,,
2024-07-29 06:59:00,CNR3085705204,Canceled by Driver,CID163689,Prime Sedan,Vijayanagar,Majestic,,,Not Applicable,Customer was coughing/sick,Not Applicable,Not Applicable,145,Not Applicable,0,,
2024-07-01 10:22:00,CNR1725858801,Success,CID485538,eBike,Shivajinagar,Devanahalli,252.0,35.0,Not Applicable,Not Applicable,No,Not Applicable,1303,UPI,35,3.5,4.8
2024-07-17 10:20:00,CNR6950670284,Driver Not Found,CID282697,Prime Sedan,Mysore Road,JP Nagar,,,Not Applicable,Not Applicable,Not Applicable,Not Applicable,647,Not Applicable,0,,
2024-07-17 07:02:00,CNR4166519292,Canceled by Driver,CID523292,Auto,Koramangala,Sahakar Nagar,,,Not Applicable,Personal & Car related issue,Not Applicable,Not Applicable,251,Not Applicable,0,,
2024-07-21 13:06:00,CNR5931848095,Success,CID718359,Mini,Sahakar Nagar,Yeshwanthpur,161.0,120.0,Not Applicable,Not Applicable,No,Not Applicable,319,Cash,23,4.1,4.8
2024-07-04 13:57:00,CNR3160503263,Success,CID684920,eBike,Yeshwanthpur,Malleshwaram,35.0,100.0,Not Applicable,Not Applicable,No,Not Applicable,395,Cash,30,4.3,4.7
2024-07-10 18:07:00,CNR7942341666,Success,CID492086,Prime Sedan,Chamarajpet,Koramangala,182.0,125.0,Not Applicable,Not Applicable,No,Not Applicable,469,Cash,10,3.4,3.9
2024-07-24 21:01:00,CNR7052117223,Success,CID755251,Prime SUV,RT Nagar,Peenya,84.0,85.0,Not Applicable,Not Applicable,No,Not Applicable,283,UPI,31,4.7,3.2
2024-07-06 02:49:00,CNR8755991627,Canceled by Customer,CID752317,Bike,Tumkur Road,Hebbal,,,Driver is not moving towards pickup location,Not Applicable,Not Applicable,Not Applicable,2379,Not Applicable,0,,
2024-07-22 09:28:00,CNR1632393425,Success,CID826068,eBike,Magadi Road,Sarjapur Road,126.0,45.0,Not Applicable,Not Applicable,No,Not Applicable,376,Cash,9,4.5,3.6
2024-07-10 19:27:00,CNR1448770101,Canceled by Customer,CID843516,Prime Sedan,Yelahanka,Koramangala,,,Change of plans,Not Applicable,Not Applicable,Not Applicable,958,Not Applicable,0,,
2024-07-21 06:58:00,CNR3692424189,Success,CID354267,Bike,MG Road,BTM Layout,252.0,110.0,Not Applicable,Not Applicable,No,Not Applicable,413,UPI,32,4.9,3.5
2024-07-04 12:41:00,CNR5468636230,Canceled by Driver,CID770545,Bike,Whitefield,Kammanahalli,,,Not Applicable,Personal & Car related issue,Not Applicable,Not Applicable,209,Not Applicable,0,,
2024-07-20 23:11:00,CNR8448641060,Canceled by Driver,CID339028,Prime Plus,Hosur Road,Indiranagar,,,Not Applicable,Personal & Car related issue,Not Applicable,Not Applicable,126,Not Applicable,0,,
2024-07-17 13:39:00,CNR2691919621,Success,CID425370,Bike,Ulsoor,Rajajinagar,203.0,40.0,Not Applicable,Not Applicable,No,Not Applicable,1084,Cash,5,3.9,4.7
2024-07-11 12:18:00,CNR9412062818,Success,CID478772,Auto,Whitefield,MG Road,203.0,40.0,Not Applicable,Not Applicable,No,Not Applicable,499,Cash,19,4.7,4.2
2024-07-08 10:52:00,CNR5841936541,Success,CID333751,Prime Sedan,Basavanagudi,Jayanagar,210.0,25.0,Not Applicable,Not Applicable,No,Not Applicable,484,Credit Card,25,3.0,4.9
2024-07-20 13:13:00,CNR7082784336,Canceled by Customer,CID714138,Prime Sedan,Bellandur,Marathahalli,,,Driver asked to cancel,Not Applicable,Not Applicable,Not Applicable,826,Not Applicable,0,,
2024-07-10 08:29:00,CNR1957460922,Canceled by Customer,CID242606,eBike,Jayanagar,Marathahalli,,,Driver is not moving towards pickup location,Not Applicable,Not Applicable,Not Applicable,227,Not Applicable,0,,
2024-07-15 01:23:00,CNR3191950456,Canceled by Customer,CID992528,Prime Sedan,Banashankari,Majestic,,,Driver is not moving towards pickup location,Not Applicable,Not Applicable,Not Applicable,190,Not Applicable,0,,
2024-07-19 13:59:00,CNR7196088172,Success,CID535837,Auto,Koramangala,BTM Layout,126.0,70.0,Not Applicable,Not Applicable,No,Not Applicable,719,Cash,5,3.6,4.9
2024-07-08 03:37:00,CNR9277860831,Success,CID194555,Mini,RT Nagar,RT Nagar,84.0,80.0,Not Applicable,Not Applicable,No,Not Applicable,109,Cash,17,3.1,3.6
2024-07-27 13:15:00,CNR9433303564,Success,CID162045,Prime Sedan,MG Road,Magadi Road,196.0,120.0,Not Applicable,Not Applicable,No,Not Applicable,261,Cash,2,4.5,5.0
2024-07-13 01:48:00,CNR2485225603,Success,CID241041,Bike,Bellandur,Hulimavu,231.0,45.0,Not Applicable,Not Applicable,No,Not Applicable,405,Cash,46,4.7,3.1
2024-07-20 11:13:00,CNR8783071198,Success,CID492294,eBike,JP Nagar,Sahakar Nagar,280.0,25.0,Not Applicable,Not Applicable,No,Not Applicable,1295,UPI,15,3.2,4.7
2024-07-15 22:17:00,CNR3038410607,Driver Not Found,CID685619,Mini,Marathahalli,Vijayanagar,,,Not Applicable,Not Applicable,Not Applicable,Not Applicable,368,Not Applicable,0,,
2024-07-05 17:28:00,CNR1389062584,Success,CID895812,Prime Plus,Peenya,Ulsoor,210.0,130.0,Not Applicable,Not Applicable,No,Not Applicable,117,Cash,24,3.6,4.2
2024-07-20 09:13:00,CNR9805927000,Success,CID377964,Bike,Devanahalli,Frazer Town,42.0,60.0,Not Applicable,Not Applicable,No,Not Applicable,174,Cash,44,3.6,4.3
2024-07-01 09:07:00,CNR5671061586,Canceled by Driver,CID344972,Prime Plus,RT Nagar,Richmond Town,,,Not Applicable,Personal & Car related issue,Not Applicable,Not Applicable,1447,Not Applicable,0,,
2024-07-18 15:02:00,CNR9898466332,Canceled by Driver,CID214886,Prime Plus,Peenya,MG Road,,,Not Applicable,Personal & Car related issue,Not Applicable,Not Applicable,2456,Not Applicable,0,,
2024-07-11 17:13:00,CNR5855109951,Success,CID974107,Prime Plus,Peenya,Mysore Road,259.0,30.0,Not Applicable,Not Applicable,No,Not Applicable,924,UPI,4,5.0,3.7
2024-07-10 13:00:00,CNR5196736049,Success,CID666705,eBike,Bannerghatta Road,Ulsoor,112.0,95.0,Not Applicable,Not Applicable,No,Not Applicable,801,Cash,22,3.1,4.0
2024-07-03 18:13:00,CNR7661671859,Canceled by Driver,CID557502,Mini,Peenya,Marathahalli,,,Not Applicable,Personal & Car related issue,Not Applicable,Not Applicable,411,Not Applicable,0,,
2024-07-10 22:41:00,CNR5581705071,Success,CID249507,Prime Sedan,Ulsoor,Chamarajpet,84.0,65.0,Not Applicable,Not Applicable,No,Not Applicable,444,Cash,24,4.3,3.9
2024-07-11 13:38:00,CNR8262676868,Canceled by Customer,CID786005,Bike,Indiranagar,Ramamurthy Nagar,,,AC is Not working,Not Applicable,Not Applicable,Not Applicable,278,Not Applicable,0,,
2024-07-02 09:12:00,CNR8759553101,Success,CID153809,eBike,Banashankari,MG Road,189.0,145.0,Not Applicable,Not Applicable,No,Not Applicable,128,UPI,13,4.9,3.6
2024-07-25 13:27:00,CNR9706115024,Success,CID293877,eBike,Hulimavu,Richmond Town,77.0,80.0,Not Applicable,Not Applicable,No,Not Applicable,295,UPI,46,4.7,4.7
2024-07-12 04:13:00,CNR5150551240,Success,CID667123,Prime SUV,Langford Town,Shantinagar,84.0,100.0,Not Applicable,Not Applicable,No,Not Applicable,473,UPI,36,4.7,3.1
2024-07-08 17:04:00,CNR8461465745,Canceled by Driver,CID139142,Prime Plus,Richmond Town,Kammanahalli,,,Not Applicable,Personal & Car related issue,Not Applicable,Not Applicable,438,Not Applicable,0,,
2024-07-05 15:16:00,CNR4962973019,Success,CID507086,Mini,Ulsoor,JP Nagar,175.0,55.0,Not Applicable,Not Applicable,No,Not Applicable,424,UPI,33,4.2,3.7
2024-07-27 07:59:00,CNR1270257005,Canceled by Customer,CID922803,Bike,MG Road,Kadugodi,,,Driver asked to cancel,Not Applicable,Not Applicable,Not Applicable,106,Not Applicable,0,,
2024-07-05 12:57:00,CNR2216475612,Success,CID659105,Prime Plus,Tumkur Road,Tumkur Road,196.0,95.0,Not Applicable,Not Applicable,No,Not Applicable,270,Cash,32,3.1,3.8
2024-07-28 04:07:00,CNR7057384337,Driver Not Found,CID319451,Prime SUV,Hennur,Hosur Road,,,Not Applicable,Not Applicable,Not Applicable,Not Applicable,493,Not Applicable,0,,
2024-07-19 22:43:00,CNR1632648223,Driver Not Found,CID205613,Auto,Chickpet,Bellandur,,,Not Applicable,Not Applicable,Not Applicable,Not Applicable,417,Not Applicable,0,,
2024-07-17 11:01:00,CNR6494639909,Success,CID406782,Mini,Cox Town,Electronic City,140.0,135.0,Not Applicable,Not Applicable,No,Not Applicable,813,UPI,48,3.8,3.1
2024-07-27 16:01:00,CNR1848558583,Success,CID517808,Auto,Yeshwanthpur,JP Nagar,252.0,55.0,Not Applicable,Not Applicable,No,Not Applicable,211,Cash,10,4.8,3.8
2024-07-10 09:18:00,CNR3370613418,Canceled by Customer,CID547509,Auto,Yelahanka,Ulsoor,,,Driver asked to cancel,Not Applicable,Not Applicable,Not Applicable,211,Not Applicable,0,,
2024-07-05 06:02:00,CNR1206173755,Canceled by Customer,CID315796,Bike,Jayanagar,Marathahalli,,,Change of plans,Not Applicable,Not Applicable,Not Applicable,341,Not Applicable,0,,
2024-07-20 01:45:00,CNR6090703511,Success,CID395044,Mini,BTM Layout,Rajarajeshwari Nagar,182.0,40.0,Not Applicable,Not Applicable,No,Not Applicable,960,Cash,39,4.2,4.5
2024-07-21 12:07:00,CNR4744986946,Success,CID457560,Prime Sedan,Chamarajpet,Bannerghatta Road,56.0,80.0,Not Applicable,Not Applicable,No,Not Applicable,349,Cash,30,3.5,4.3
2024-07-09 08:52:00,CNR3861008079,Canceled by Customer,CID553164,Auto,Rajajinagar,Ulsoor,,,Change of plans,Not Applicable,Not Applicable,Not Applicable,464,Not Applicable,0,,
2024-07-19 09:39:00,CNR7174190187,Canceled by Customer,CID260906,Bike,Chickpet,HSR Layout,,,Driver asked to cancel,Not Applicable,Not Applicable,Not Applicable,283,Not Applicable,0,,
2024-07-22 03:48:00,CNR7840388619,Success,CID620232,Prime Plus,Devanahalli,Nagarbhavi,266.0,125.0,Not Applicable,Not Applicable,No,Not Applicable,2664,Cash,23,4.5,4.3
2024-07-02 11:29:00,CNR7387449439,Success,CID165977,eBike,Yelahanka,Jayanagar,175.0,55.0,Not Applicable,Not Applicable,No,Not Applicable,144,UPI,44,4.5,4.9
2024-07-29 10:32:00,CNR3322131240,Success,CID240732,Auto,Electronic City,Whitefield,175.0,70.0,Not Applicable,Not Applicable,No,Not Applicable,971,Cash,1,4.2,3.2
2024-07-08 19:12:00,CNR8769775443,Driver Not Found,CID827142,Prime SUV,Cox Town,HSR Layout,,,Not Applicable,Not Applicable,Not Applicable,Not Applicable,279,Not Applicable,0,,
2024-07-14 20:57:00,CNR3252657384,Canceled by Driver,CID619456,Prime SUV,Marathahalli,Sahakar Nagar,,,Not Applicable,Personal & Car related issue,Not Applicable,Not Applicable,293,Not Applicable,0,,
2024-07-25 01:35:00,CNR5628655826,Canceled by Driver,CID429054,Prime SUV,Rajarajeshwari Nagar,Kadugodi,,,Not Applicable,Customer related issue,Not Applicable,Not Applicable,145,Not Applicable,0,,
2024-07-30 20:40:00,CNR2155878542,Driver Not Found,CID429286,Prime SUV,Devanahalli,Banashankari,,,Not Applicable,Not Applicable,Not Applicable,Not Applicable,452,Not Applicable,0,,
2024-07-13 23:14:00,CNR2374805200,Success,CID427230,Mini,Varthur,Frazer Town,217.0,55.0,Not Applicable,Not Applicable,Yes,Customer Demand,425,UPI,5,3.1,5.0
2024-07-10 04:38:00,CNR8625448511,Canceled by Customer,CID476511,Mini,Hebbal,Chamarajpet,,,Change of plans,Not Applicable,Not Applicable,Not Applicable,249,Not Applicable,0,,
2024-07-24 14:17:00,CNR1785715986,Success,CID507532,Prime Sedan,Malleshwaram,Jayanagar,259.0,105.0,Not Applicable,Not Applicable,No,Not Applicable,482,Credit Card,30,3.0,3.0
2024-07-16 04:52:00,CNR4845797021,Canceled by Customer,CID422496,Bike,Koramangala,Hebbal,,,Driver is not moving towards pickup location,Not Applicable,Not Applicable,Not Applicable,484,Not Applicable,0,,
2024-07-14 23:36:00,CNR3226275570,Success,CID326406,Auto,Hennur,Jayanagar,56.0,55.0,Not Applicable,Not Applicable,No,Not Applicable,422,UPI,9,4.9,3.7
2024-07-12 15:24:00,CNR4032893493,Success,CID175706,Prime Plus,Vijayanagar,HSR Layout,217.0,125.0,Not Applicable,Not Applicable,No,Not Applicable,394,UPI,24,4.4,3.7
2024-07-14 00:11:00,CNR4045336822,Driver Not Found,CID163098,Prime Plus,Cox Town,Varthur,,,Not Applicable,Not Applicable,Not Applicable,Not Applicable,251,Not Applicable,0,,
2024-07-09 02:29:00,CNR7447445616,Success,CID902950,Mini,Chamarajpet,Frazer Town,119.0,95.0,Not Applicable,Not Applicable,No,Not Applicable,327,Cash,21,3.3,3.6
2024-07-07 20:39:00,CNR7474343939,Success,CID478186,Prime Plus,Vijayanagar,Ulsoor,133.0,55.0,Not Applicable,Not Applicable,No,Not Applicable,179,UPI,37,3.9,3.8
2024-07-30 18:02:00,CNR2602468150,Driver Not Found,CID838989,Prime SUV,Sahakar Nagar,MG Road,,,Not Applicable,Not Applicable,Not Applicable,Not Applicable,313,Not Applicable,0,,
2024-07-22 12:03:00,CNR4286528170,Success,CID121344,Bike,Hennur,Kengeri,287.0,80.0,Not Applicable,Not Applicable,Yes,Other Issue,464,Cash,3,3.4,3.6
2024-07-21 08:27:00,CNR1656416151,Canceled by Driver,CID235048,eBike,Shivajinagar,Chamarajpet,,,Not Applicable,Customer was coughing/sick,Not Applicable,Not Applicable,984,Not Applicable,0,,
2024-07-24 20:27:00,CNR5791175780,Canceled by Customer,CID214257,Prime Plus,Varthur,Shivajinagar,,,AC is Not working,Not Applicable,Not Applicable,Not Applicable,283,Not Applicable,0,,
2024-07-23 08:30:00,CNR6926596824,Success,CID435615,Prime Plus,KR Puram,Koramangala,105.0,50.0,Not Applicable,Not Applicable,No,Not Applicable,971,Cash,37,4.1,3.3
2024-07-11 11:11:00,CNR4199702320,Success,CID742442,Prime Plus,Rajajinagar,Bellandur,308.0,130.0,Not Applicable,Not Applicable,No,Not Applicable,209,UPI,9,3.6,4.3
2024-07-30 14:13:00,CNR8841062273,Success,CID276198,Prime SUV,Sarjapur Road,Marathahalli,224.0,120.0,Not Applicable,Not Applicable,No,Not Applicable,690,UPI,37,3.9,4.0
2024-07-18 10:16:00,CNR1205185860,Success,CID423480,eBike,Malleshwaram,Hebbal,77.0,90.0,Not Applicable,Not Applicable,No,Not Applicable,192,Credit Card,37,4.7,3.7
2024-07-18 18:36:00,CNR1050131545,Canceled by Customer,CID433967,Bike,Frazer Town,JP Nagar,,,Change of plans,Not Applicable,Not Applicable,Not Applicable,182,Not Applicable,0,,
2024-07-26 00:57:00,CNR9453022133,Success,CID701306,Prime Plus,BTM Layout,Chickpet,105.0,35.0,Not Applicable,Not Applicable,No,Not Applicable,445,UPI,43,3.6,3.1
2024-07-23 21:00:00,CNR3653590370,Driver Not Found,CID260767,Prime Plus,Hennur,Sahakar Nagar,,,Not Applicable,Not Applicable,Not Applicable,Not Applicable,283,Not Applicable,0,,
2024-07-20 06:59:00,CNR5885794146,Success,CID161016,eBike,Padmanabhanagar,Yelahanka,273.0,50.0,Not Applicable,Not Applicable,No,Not Applicable,160,Cash,44,3.7,4.0
2024-07-21 20:14:00,CNR4097715680,Success,CID436669,Prime Sedan,Richmond Town,Vijayanagar,56.0,80.0,Not Applicable,Not Applicable,No,Not Applicable,264,Cash,36,3.4,3.4
2024-07-08 21:19:00,CNR1649548306,Driver Not Found,CID254493,Auto,Kadugodi,Yeshwanthpur,,,Not Applicable,Not Applicable,Not Applicable,Not Applicable,307,Not Applicable,0,,
2024-07-04 14:05:00,CNR9969023523,Success,CID110583,Bike,Hennur,Tumkur Road,287.0,140.0,Not Applicable,Not Applicable,No,Not Applicable,425,UPI,22,4.5,4.9
2024-07-25 02:11:00,CNR7921080347,Canceled by Driver,CID145496,Bike,Magadi Road,Frazer Town,,,Not Applicable,More than permitted people in there,Not Applicable,Not Applicable,283,Not Applicable,0,,
2024-07-29 17:16:00,CNR8103292356,Driver Not Found,CID373022,Prime Plus,Sarjapur Road,Rajarajeshwari Nagar,,,Not Applicable,Not Applicable,Not Applicable,Not Applicable,809,Not Applicable,0,,
2024-07-24 08:19:00,CNR5394799672,Success,CID398769,Auto,Sarjapur Road,Kengeri,112.0,75.0,Not Applicable,Not Applicable,No,Not Applicable,2060,Cash,2,4.0,4.0
2024-07-20 06:02:00,CNR2900905418,Success,CID551180,Prime Plus,Vijayanagar,Rajarajeshwari Nagar,175.0,130.0,Not Applicable,Not Applicable,No,Not Applicable,424,UPI,45,3.8,4.0
2024-07-25 17:48:00,CNR1804052161,Canceled by Customer,CID463041,eBike,Richmond Town,HSR Layout,,,AC is Not working,Not Applicable,Not Applicable,Not Applicable,396,Not Applicable,0,,
2024-07-28 03:26:00,CNR9995766996,Canceled by Customer,CID564207,Prime Plus,Kammanahalli,Cox Town,,,Driver asked to cancel,Not Applicable,Not Applicable,Not Applicable,193,Not Applicable,0,,
2024-07-09 23:34:00,CNR7416902104,Driver Not Found,CID671813,Prime SUV,Marathahalli,Jayanagar,,,Not Applicable,Not Applicable,Not Applicable,Not Applicable,433,Not Applicable,0,,
2024-07-16 20:52:00,CNR3225240979,Success,CID931794,eBike,Yelahanka,Sahakar Nagar,280.0,130.0,Not Applicable,Not Applicable,No,Not Applicable,746,Cash,18,4.2,4.1
2024-07-07 22:23:00,CNR9508667159,Success,CID495407,Bike,Marathahalli,Hulimavu,119.0,65.0,Not Applicable,Not Applicable,No,Not Applicable,136,UPI,25,3.9,4.6
2024-07-19 18:32:00,CNR4914835570,Canceled by Driver,CID304815,Bike,Shivajinagar,Padmanabhanagar,,,Not Applicable,More than permitted people in there,Not Applicable,Not Applicable,480,Not Applicable,0,,
2024-07-28 17:13:00,CNR8516636075,Canceled by Driver,CID507513,Auto,Shantinagar,Peenya,,,Not Applicable,Personal & Car related issue,Not Applicable,Not Applicable,2206,Not Applicable,0,,
2024-07-07 01:18:00,CNR9161228804,Canceled by Customer,CID396766,Bike,Frazer Town,Sahakar Nagar,,,Change of plans,Not Applicable,Not Applicable,Not Applicable,300,Not Applicable,0,,
2024-07-25 10:23:00,CNR2542131232,Success,CID521017,eBike,Basavanagudi,Hennur,98.0,110.0,Not Applicable,Not Applicable,No,Not Applicable,302,Cash,11,4.6,3.9
2024-07-14 13:54:00,CNR8223765252,Success,CID413604,Mini,Vijayanagar,Tumkur Road,133.0,35.0,Not Applicable,Not Applicable,No,Not Applicable,196,Credit Card,32,3.1,4.0
2024-07-21 10:13:00,CNR3671227815,Success,CID556229,Mini,BTM Layout,Kengeri,231.0,55.0,Not Applicable,Not Applicable,No,Not Applicable,1586,UPI,12,4.2,4.5
2024-07-20 02:37:00,CNR6536168716,Driver Not Found,CID349234,Prime Sedan,Kammanahalli,Bellandur,,,Not Applicable,Not Applicable,Not Applicable,Not Applicable,745,Not Applicable,0,,
2024-07-17 04:13:00,CNR3709803659,Success,CID790290,Prime Sedan,Frazer Town,Sahakar Nagar,84.0,75.0,Not Applicable,Not Applicable,No,Not Applicable,209,UPI,14,4.9,3.9
2024-07-09 13:51:00,CNR7958977934,Canceled by Customer,CID597696,Bike,Yeshwanthpur,Richmond Town,,,AC is Not working,Not Applicable,Not Applicable,Not Applicable,1262,Not Applicable,0,,
2024-07-08 04:28:00,CNR3498457966,Success,CID145507,Prime SUV,Yelahanka,Hebbal,126.0,65.0,Not Applicable,Not Applicable,No,Not Applicable,472,Cash,34,4.2,3.6
2024-07-12 05:40:00,CNR4401953518,Canceled by Driver,CID747583,Prime Plus,Basavanagudi,Kadugodi,,,Not Applicable,Customer was coughing/sick,Not Applicable,Not Applicable,486,Not Applicable,0,,
2024-07-20 12:02:00,CNR4009495989,Success,CID159365,eBike,Shivajinagar,HSR Layout,126.0,85.0,Not Applicable,Not Applicable,No,Not Applicable,272,Cash,15,3.9,4.6
2024-07-10 02:52:00,CNR5541423890,Success,CID370397,Auto,Bellandur,Koramangala,56.0,120.0,Not Applicable,Not Applicable,No,Not Applicable,400,Cash,7,4.0,3.3
2024-07-01 20:20:00,CNR3297332158,Success,CID242491,Prime Plus,MG Road,Whitefield,168.0,140.0,Not Applicable,Not Applicable,No,Not Applicable,439,Cash,19,5.0,4.9
2024-07-24 17:31:00,CNR9590561088,Canceled by Customer,CID480085,Auto,Mysore Road,Bannerghatta Road,,,Driver asked to cancel,Not Applicable,Not Applicable,Not Applicable,123,Not Applicable,0,,
2024-07-01 23:15:00,CNR8323901253,Success,CID215611,Mini,Basavanagudi,Hulimavu,301.0,35.0,Not Applicable,Not Applicable,No,Not Applicable,189,Cash,46,3.1,3.7
2024-07-23 19:49:00,CNR8543841420,Driver Not Found,CID752789,Mini,Bellandur,HSR Layout,,,Not Applicable,Not Applicable,Not Applicable,Not Applicable,266,Not Applicable,0,,
2024-07-07 23:54:00,CNR8661134015,Success,CID507585,Mini,Hosur Road,Malleshwaram,259.0,40.0,Not Applicable,Not Applicable,No,Not Applicable,154,UPI,38,3.2,4.3
2024-07-05 03:53:00,CNR8873258527,Canceled by Driver,CID986908,eBike,Hennur,Sarjapur Road,,,Not Applicable,Customer related issue,Not Applicable,Not Applicable,2433,Not Applicable,0,,
2024-07-30 15:12:00,CNR2046142143,Canceled by Driver,CID871062,Prime SUV,Hebbal,Shivajinagar,,,Not Applicable,Personal & Car related issue,Not Applicable,Not Applicable,106,Not Applicable,0,,
2024-07-18 19:33:00,CNR2829646129,Canceled by Driver,CID509478,Bike,Yeshwanthpur,Rajajinagar,,,Not Applicable,Customer was coughing/sick,Not Applicable,Not Applicable,119,Not Applicable,0,,
2024-07-12 05:16:00,CNR7021586500,Driver Not Found,CID688707,Auto,Peenya,Whitefield,,,Not Applicable,Not Applicable,Not Applicable,Not Applicable,2901,Not Applicable,0,,
2024-07-16 16:51:00,CNR5751816508,Success,CID182480,Bike,Hulimavu,Whitefield,84.0,75.0,Not Applicable,Not Applicable,No,Not Applicable,527,UPI,11,3.9,3.3
2024-07-22 06:17:00,CNR7972516438,Success,CID740102,eBike,Ramamurthy Nagar,Chickpet,154.0,145.0,Not Applicable,Not Applicable,No,Not Applicable,1035,UPI,22,4.9,4.1
2024-07-22 07:47:00,CNR7828328043,Success,CID550461,Prime Plus,Kadugodi,Frazer Town,119.0,130.0,Not Applicable,Not Applicable,No,Not Applicable,255,UPI,49,4.1,3.8
2024-07-29 10:21:00,CNR2111655267,Driver Not Found,CID321783,eBike,Langford Town,MG Road,,,Not Applicable,Not Applicable,Not Applicable,Not Applicable,417,Not Applicable,0,,
2024-07-20 11:16:00,CNR2324129378,Canceled by Customer,CID956309,Prime Plus,Kadugodi,Ulsoor,,,Change of plans,Not Applicable,Not Applicable,Not Applicable,2601,Not Applicable,0,,
2024-07-04 07:29:00,CNR1497612346,Success,CID599121,Auto,Yeshwanthpur,Peenya,133.0,25.0,Not Applicable,Not Applicable,No,Not Applicable,452,UPI,14,4.7,3.9
2024-07-09 16:17:00,CNR5011794310,Success,CID160718,eBike,Ramamurthy Nagar,Hosur Road,133.0,65.0,Not Applicable,Not Applicable,No,Not Applicable,2668,Cash,30,3.5,3.4
2024-07-03 15:52:00,CNR2629157593,Success,CID714988,Mini,Chamarajpet,Vijayanagar,203.0,45.0,Not Applicable,Not Applicable,No,Not Applicable,2736,Cash,41,4.7,4.9
2024-07-10 10:18:00,CNR3958350021,Success,CID203786,Prime Sedan,Cox Town,Frazer Town,210.0,80.0,Not Applicable,Not Applicable,No,Not Applicable,256,Cash,27,3.3,3.8
2024-07-23 21:37:00,CNR4690408473,Success,CID113023,Auto,Nagarbhavi,Richmond Town,70.0,80.0,Not Applicable,Not Applicable,No,Not Applicable,254,Cash,14,4.4,3.9
2024-07-02 23:17:00,CNR7952217435,Success,CID205810,Prime Sedan,Ulsoor,Sarjapur Road,84.0,140.0,Not Applicable,Not Applicable,No,Not Applicable,188,Cash,32,4.1,3.1
2024-07-27 08:33:00,CNR4295858483,Success,CID936734,Prime Sedan,Ulsoor,Malleshwaram,280.0,140.0,Not Applicable,Not Applicable,No,Not Applicable,354,Cash,11,3.1,3.3
2024-07-19 07:08:00,CNR6618098793,Success,CID286699,Auto,Rajajinagar,Chamarajpet,70.0,30.0,Not Applicable,Not Applicable,No,Not Applicable,1096,Cash,11,3.3,4.1
2024-07-24 20:41:00,CNR3474452517,Success,CID674010,Prime Sedan,Bellandur,Basavanagudi,63.0,120.0,Not Applicable,Not Applicable,No,Not Applicable,237,UPI,12,4.2,4.3
2024-07-01 11:57:00,CNR8351327894,Success,CID412441,Prime SUV,Basavanagudi,Padmanabhanagar,168.0,35.0,Not Applicable,Not Applicable,No,Not Applicable,127,Cash,7,3.2,3.4
2024-07-23 19:30:00,CNR6755428981,Success,CID919483,eBike,Majestic,RT Nagar,126.0,65.0,Not Applicable,Not Applicable,No,Not Applicable,314,Cash,7,4.5,3.9
2024-07-07 01:13:00,CNR4008780807,Success,CID567240,Bike,Kengeri,BTM Layout,98.0,125.0,Not Applicable,Not Applicable,Yes,Other Issue,205,UPI,15,3.8,4.1
2024-07-04 11:15:00,CNR9320451745,Success,CID135260,Auto,Shantinagar,MG Road,266.0,70.0,Not Applicable,Not Applicable,No,Not Applicable,250,Cash,17,3.7,4.8
2024-07-06 14:14:00,CNR7711513002,Success,CID995447,Auto,Peenya,Rajarajeshwari Nagar,140.0,120.0,Not Applicable,Not Applicable,No,Not Applicable,149,Credit Card,13,4.3,3.1
2024-07-29 01:04:00,CNR8595025948,Success,CID676822,Auto,Hennur,Hosur Road,217.0,90.0,Not Applicable,Not Applicable,No,Not Applicable,356,UPI,9,4.7,3.2
2024-07-10 23:22:00,CNR7995801226,Canceled by Driver,CID998728,Prime Sedan,Kengeri,Sahakar Nagar,,,Not Applicable,Customer related issue,Not Applicable,Not Applicable,182,Not Applicable,0,,
2024-07-05 09:17:00,CNR3913276428,Driver Not Found,CID470180,Prime SUV,Ramamurthy Nagar,Hulimavu,,,Not Applicable,Not Applicable,Not Applicable,Not Applicable,208,Not Applicable,0,,
2024-07-22 11:44:00,CNR9816597545,Success,CID821827,Prime Sedan,Kengeri,Ulsoor,105.0,110.0,Not Applicable,Not Applicable,No,Not Applicable,111,UPI,16,4.0,4.1
2024-07-19 19:20:00,CNR7672201442,Success,CID349685,eBike,Basavanagudi,Koramangala,182.0,55.0,Not Applicable,Not Applicable,No,Not Applicable,141,Cash,37,4.5,4.0
2024-07-02 05:19:00,CNR7819278068,Success,CID934288,Auto,Electronic City,Hulimavu,245.0,55.0,Not Applicable,Not Applicable,No,Not Applicable,810,Cash,15,4.6,3.5
2024-07-21 15:51:00,CNR9829302172,Success,CID400463,Mini,Frazer Town,Varthur,280.0,40.0,Not Applicable,Not Applicable,No,Not Applicable,161,UPI,43,4.6,4.5
2024-07-24 18:55:00,CNR7503262238,Driver Not Found,CID941898,eBike,Peenya,Hebbal,,,Not Applicable,Not Applicable,Not Applicable,Not Applicable,171,Not Applicable,0,,
2024-07-14 18:24:00,CNR4380642944,Driver Not Found,CID479997,Bike,Nagarbhavi,Bannerghatta Road,,,Not Applicable,Not Applicable,Not Applicable,Not Applicable,316,Not Applicable,0,,
2024-07-22 09:21:00,CNR5897033496,Success,CID140424,Prime SUV,Yeshwanthpur,Shivajinagar,259.0,110.0,Not Applicable,Not Applicable,No,Not Applicable,396,Cash,42,3.0,4.1
2024-07-29 01:48:00,CNR4613565283,Success,CID740961,Prime Sedan,Nagarbhavi,Bellandur,252.0,145.0,Not Applicable,Not Applicable,No,Not Applicable,276,UPI,29,3.1,3.5
2024-07-16 16:14:00,CNR6301233559,Success,CID529903,Mini,Yelahanka,Padmanabhanagar,112.0,75.0,Not Applicable,Not Applicable,No,Not Applicable,527,Cash,46,4.4,3.9
2024-07-16 11:34:00,CNR3788922032,Success,CID832921,Prime SUV,Basavanagudi,Bannerghatta Road,126.0,50.0,Not Applicable,Not Applicable,No,Not Applicable,129,Cash,3,3.1,4.4
2024-07-23 08:10:00,CNR8362075648,Success,CID977288,Prime SUV,Jayanagar,Nagarbhavi,196.0,90.0,Not Applicable,Not Applicable,No,Not Applicable,684,Cash,29,4.2,3.6
2024-07-13 02:49:00,CNR1511388169,Canceled by Driver,CID485666,Prime Sedan,Sarjapur Road,Sarjapur Road,,,Not Applicable,Personal & Car related issue,Not Applicable,Not Applicable,287,Not Applicable,0,,
2024-07-02 07:24:00,CNR5672878196,Canceled by Driver,CID460121,eBike,Hosur Road,Rajajinagar,,,Not Applicable,Customer related issue,Not Applicable,Not Applicable,297,Not Applicable,0,,
2024-07-10 14:01:00,CNR3451104093,Success,CID359394,eBike,Hosur Road,Indiranagar,133.0,85.0,Not Applicable,Not Applicable,Yes,Customer Demand,218,Cash,18,3.1,3.6
2024-07-18 15:27:00,CNR7360474210,Success,CID235938,Prime Sedan,Majestic,Cox Town,231.0,100.0,Not Applicable,Not Applicable,No,Not Applicable,436,Cash,8,4.8,3.4
2024-07-30 21:16:00,CNR1455547402,Canceled by Customer,CID796562,Prime Sedan,Cox Town,Rajarajeshwari Nagar,,,Driver is not moving towards pickup location,Not Applicable,Not Applicable,Not Applicable,320,Not Applicable,0,,
2024-07-13 20:24:00,CNR4273344238,Canceled by Driver,CID753369,Prime SUV,Bannerghatta Road,Electronic City,,,Not Applicable,Personal & Car related issue,Not Applicable,Not Applicable,610,Not Applicable,0,,
2024-07-08 13:23:00,CNR8078377151,Canceled by Driver,CID699274,eBike,Basavanagudi,Magadi Road,,,Not Applicable,Customer related issue,Not Applicable,Not Applicable,327,Not Applicable,0,,
2024-07-03 23:15:00,CNR6498410384,Success,CID856276,Prime Plus,Kengeri,Banashankari,133.0,25.0,Not Applicable,Not Applicable,No,Not Applicable,139,Credit Card,44,3.7,3.1
2024-07-29 19:10:00,CNR8175266311,Success,CID189493,eBike,Sarjapur Road,Marathahalli,133.0,75.0,Not Applicable,Not Applicable,No,Not Applicable,326,Cash,20,4.9,3.1
2024-07-22 19:45:00,CNR8228037116,Canceled by Customer,CID880938,Mini,Mysore Road,Frazer Town,,,Wrong Address,Not Applicable,Not Applicable,Not Applicable,253,Not Applicable,0,,
2024-07-25 01:00:00,CNR3986312528,Success,CID916164,Bike,Malleshwaram,Ulsoor,140.0,45.0,Not Applicable,Not Applicable,No,Not Applicable,301,UPI,49,4.0,3.5
2024-07-24 16:19:00,CNR5808359471,Success,CID520184,eBike,Padmanabhanagar,Electronic City,182.0,55.0,Not Applicable,Not Applicable,No,Not Applicable,2634,UPI,31,3.7,3.8
2024-07-10 00:23:00,CNR8062127008,Success,CID556413,Prime SUV,Marathahalli,Chickpet,238.0,35.0,Not Applicable,Not Applicable,No,Not Applicable,717,UPI,21,4.4,4.3
2024-07-15 18:38:00,CNR4391154596,Success,CID498108,Prime Sedan,Peenya,Basavanagudi,98.0,75.0,Not Applicable,Not Applicable,No,Not Applicable,298,UPI,47,3.1,4.7
2024-07-28 14:34:00,CNR1496738393,Success,CID721668,Prime SUV,Koramangala,Chamarajpet,133.0,35.0,Not Applicable,Not Applicable,No,Not Applicable,192,UPI,10,3.7,4.6
2024-07-09 04:29:00,CNR2933336512,Success,CID454720,Auto,Frazer Town,Indiranagar,105.0,90.0,Not Applicable,Not Applicable,No,Not Applicable,145,Cash,15,4.0,4.3
2024-07-02 07:51:00,CNR3997256447,Success,CID442275,Bike,Varthur,HSR Layout,154.0,145.0,Not Applicable,Not Applicable,No,Not Applicable,378,UPI,19,3.4,3.4
2024-07-22 13:23:00,CNR1660161402,Success,CID403586,Prime SUV,Mysore Road,Chickpet,203.0,30.0,Not Applicable,Not Applicable,No,Not Applicable,482,Cash,28,4.4,3.2
2024-07-15 20:46:00,CNR9940928065,Canceled by Driver,CID772427,eBike,Sahakar Nagar,Majestic,,,Not Applicable,Customer related issue,Not Applicable,Not Applicable,121,Not Applicable,0,,
2024-07-17 05:12:00,CNR4607428250,Driver Not Found,CID149689,eBike,Marathahalli,Sarjapur Road,,,Not Applicable,Not Applicable,Not Applicable,Not Applicable,265,Not Applicable,0,,
2024-07-26 17:55:00,CNR9024349115,Canceled by Driver,CID644447,Prime Sedan,Varthur,Mysore Road,,,Not Applicable,More than permitted people in there,Not Applicable,Not Applicable,294,Not Applicable,0,,
2024-07-09 19:26:00,CNR8673331276,Canceled by Driver,CID180601,Prime SUV,Kadugodi,Varthur,,,Not Applicable,More than permitted people in there,Not Applicable,Not Applicable,302,Not Applicable,0,,
2024-07-06 16:06:00,CNR6985149513,Driver Not Found,CID684821,Mini,KR Puram,Majestic,,,Not Applicable,Not Applicable,Not Applicable,Not Applicable,470,Not Applicable,0,,
2024-07-14 05:02:00,CNR6246237501,Success,CID658664,eBike,Rajajinagar,Magadi Road,56.0,115.0,Not Applicable,Not Applicable,No,Not Applicable,877,Cash,44,3.3,3.1
2024-07-24 11:22:00,CNR1881294393,Canceled by Customer,CID334900,Prime Sedan,Ulsoor,Peenya,,,Wrong Address,Not Applicable,Not Applicable,Not Applicable,252,Not Applicable,0,,
2024-07-30 13:21:00,CNR6713321658,Success,CID125470,Bike,Shivajinagar,Kadugodi,42.0,85.0,Not Applicable,Not Applicable,No,Not Applicable,162,Cash,28,3.9,4.8
2024-07-22 20:38:00,CNR2087868497,Success,CID723861,Auto,JP Nagar,Ulsoor,42.0,105.0,Not Applicable,Not Applicable,No,Not Applicable,228,UPI,1,3.3,3.5
2024-07-19 21:23:00,CNR5659058616,Success,CID474227,Mini,Nagarbhavi,Hebbal,238.0,105.0,Not Applicable,Not Applicable,No,Not Applicable,182,Cash,3,3.7,4.9
2024-07-26 22:31:00,CNR7897016754,Success,CID640542,Prime Plus,Kadugodi,Bellandur,245.0,35.0,Not Applicable,Not Applicable,No,Not Applicable,188,UPI,10,4.8,4.0
2024-07-02 07:54:00,CNR4599138719,Success,CID598688,Prime SUV,Mysore Road,Frazer Town,203.0,75.0,Not Applicable,Not Applicable,No,Not Applicable,147,UPI,18,3.4,4.8
2024-07-25 13:22:00,CNR9925925487,Canceled by Customer,CID628179,Mini,Chamarajpet,Rajarajeshwari Nagar,,,Wrong Address,Not Applicable,Not Applicable,Not Applicable,307,Not Applicable,0,,
2024-07-29 17:51:00,CNR6555895400,Success,CID193791,eBike,Ulsoor,Rajarajeshwari Nagar,175.0,60.0,Not Applicable,Not Applicable,No,Not Applicable,366,Cash,9,3.5,4.3
2024-07-26 12:53:00,CNR8108024192,Success,CID822451,Bike,Cox Town,Ulsoor,154.0,120.0,Not Applicable,Not Applicable,No,Not Applicable,849,Cash,31,3.8,4.7
2024-07-12 17:33:00,CNR5334436589,Canceled by Driver,CID766759,Auto,Mysore Road,Kengeri,,,Not Applicable,Customer related issue,Not Applicable,Not Applicable,270,Not Applicable,0,,
2024-07-23 01:28:00,CNR1604650504,Success,CID273326,Prime SUV,Rajajinagar,Banashankari,308.0,120.0,Not Applicable,Not Applicable,No,Not Applicable,361,UPI,48,5.0,3.7
2024-07-13 04:29:00,CNR6959861676,Success,CID706824,Bike,Devanahalli,Chamarajpet,154.0,40.0,Not Applicable,Not Applicable,No,Not Applicable,693,Cash,47,3.4,4.1
2024-07-02 18:39:00,CNR3817769499,Success,CID675949,Mini,Koramangala,Nagarbhavi,98.0,140.0,Not Applicable,Not Applicable,No,Not Applicable,279,UPI,45,3.3,3.0
2024-07-15 11:24:00,CNR9540997370,Canceled by Driver,CID147995,Mini,Hosur Road,HSR Layout,,,Not Applicable,Customer was coughing/sick,Not Applicable,Not Applicable,468,Not Applicable,0,,
2024-07-08 16:14:00,CNR8246599128,Success,CID263611,Auto,Banashankari,Varthur,84.0,40.0,Not Applicable,Not Applicable,No,Not Applicable,476,Credit Card,15,3.9,3.9
2024-07-05 08:18:00,CNR4131702698,Success,CID708168,Mini,Indiranagar,Peenya,91.0,105.0,Not Applicable,Not Applicable,No,Not Applicable,803,UPI,3,4.0,3.7
2024-07-22 08:52:00,CNR7315172497,Success,CID113290,Prime SUV,Bannerghatta Road,Cox Town,287.0,80.0,Not Applicable,Not Applicable,No,Not Applicable,649,Cash,23,4.8,4.5
2024-07-26 19:50:00,CNR8581105480,Success,CID863381,Prime Sedan,Electronic City,Chamarajpet,301.0,45.0,Not Applicable,Not Applicable,No,Not Applicable,866,UPI,25,3.4,4.5
2024-07-05 11:08:00,CNR7540420595,Canceled by Driver,CID569596,Auto,Kammanahalli,Langford Town,,,Not Applicable,Customer related issue,Not Applicable,Not Applicable,1111,Not Applicable,0,,
2024-07-11 06:19:00,CNR3098517101,Success,CID987829,Prime Plus,Richmond Town,Sarjapur Road,119.0,40.0,Not Applicable,Not Applicable,No,Not Applicable,332,Cash,14,3.8,3.6
2024-07-26 18:03:00,CNR6921557212,Success,CID908844,Auto,Indiranagar,Hennur,154.0,115.0,Not Applicable,Not Applicable,No,Not Applicable,132,Cash,10,3.3,4.5
2024-07-12 15:24:00,CNR5654859698,Canceled by Driver,CID982759,Auto,Hulimavu,Electronic City,,,Not Applicable,Customer was coughing/sick,Not Applicable,Not Applicable,2019,Not Applicable,0,,
2024-07-28 12:27:00,CNR5772388494,Success,CID932736,Auto,Hosur Road,MG Road,301.0,130.0,Not Applicable,Not Applicable,No,Not Applicable,351,Credit Card,3,4.5,5.0
2024-07-29 14:46:00,CNR9123231413,Success,CID227338,Prime Sedan,Kengeri,Sahakar Nagar,252.0,30.0,Not Applicable,Not Applicable,No,Not Applicable,842,UPI,41,4.6,3.6
2024-07-03 07:16:00,CNR8570507102,Success,CID122998,Prime Sedan,Marathahalli,Chickpet,112.0,80.0,Not Applicable,Not Applicable,No,Not Applicable,498,Cash,41,4.4,4.8
2024-07-18 04:00:00,CNR2817207205,Success,CID263111,Prime SUV,Majestic,Tumkur Road,217.0,55.0,Not Applicable,Not Applicable,No,Not Applicable,1445,UPI,42,4.5,3.5
2024-07-22 20:46:00,CNR6756710642,Success,CID469658,Prime Sedan,Majestic,Tumkur Road,105.0,125.0,Not Applicable,Not Applicable,No,Not Applicable,992,Cash,5,3.6,3.5
2024-07-15 18:44:00,CNR8504261614,Canceled by Customer,CID295530,Prime SUV,Yelahanka,Bellandur,,,Driver is not moving towards pickup location,Not Applicable,Not Applicable,Not Applicable,2043,Not Applicable,0,,
2024-07-23 15:09:00,CNR3567953672,Canceled by Driver,CID760004,Mini,Whitefield,Hulimavu,,,Not Applicable,Customer related issue,Not Applicable,Not Applicable,270,Not Applicable,0,,
2024-07-17 05:59:00,CNR8977115414,Success,CID770756,eBike,BTM Layout,Whitefield,217.0,90.0,Not Applicable,Not Applicable,Yes,Customer Demand,254,Cash,42,4.9,3.5
2024-07-30 07:03:00,CNR1434464607,Success,CID250191,Prime Sedan,Sahakar Nagar,HSR Layout,126.0,115.0,Not Applicable,Not Applicable,No,Not Applicable,394,Cash,20,3.6,4.5
2024-07-30 22:33:00,CNR9041736610,Success,CID328438,Bike,Cox Town,JP Nagar,70.0,120.0,Not Applicable,Not Applicable,No,Not Applicable,318,UPI,45,3.1,4.9
2024-07-14 13:47:00,CNR7855293747,Success,CID767066,Prime SUV,Basavanagudi,Nagarbhavi,210.0,70.0,Not Applicable,Not Applicable,No,Not Applicable,390,UPI,3,4.4,3.9
2024-07-11 21:42:00,CNR5056787006,Canceled by Driver,CID683295,eBike,Yelahanka,Tumkur Road,,,Not Applicable,Customer was coughing/sick,Not Applicable,Not Applicable,186,Not Applicable,0,,
2024-07-23 12:12:00,CNR6838895301,Canceled by Driver,CID101566,Bike,Padmanabhanagar,Shantinagar,,,Not Applicable,Customer was coughing/sick,Not Applicable,Not Applicable,642,Not Applicable,0,,
2024-07-26 14:59:00,CNR2813046224,Success,CID805722,Mini,Shantinagar,Mysore Road,140.0,85.0,Not Applicable,Not Applicable,No,Not Applicable,125,Cash,46,3.4,4.3
2024-07-10 18:47:00,CNR9994687364,Success,CID724472,eBike,JP Nagar,Mysore Road,203.0,110.0,Not Applicable,Not Applicable,No,Not Applicable,180,Cash,4,3.2,4.7
2024-07-07 07:37:00,CNR6745608602,Canceled by Customer,CID475358,Prime Plus,Hulimavu,Marathahalli,,,Change of plans,Not Applicable,Not Applicable,Not Applicable,262,Not Applicable,0,,
2024-07-04 14:22:00,CNR7901123756,Canceled by Customer,CID772141,Prime SUV,RT Nagar,Bellandur,,,Driver asked to cancel,Not Applicable,Not Applicable,Not Applicable,220,Not Applicable,0,,
2024-07-22 07:58:00,CNR8406766382,Canceled by Customer,CID174962,Prime Plus,Yelahanka,Hulimavu,,,Driver asked to cancel,Not Applicable,Not Applicable,Not Applicable,286,Not Applicable,0,,
2024-07-27 13:39:00,CNR7447881727,Success,CID956367,Bike,BTM Layout,Peenya,280.0,145.0,Not Applicable,Not Applicable,No,Not Applicable,216,UPI,27,3.8,4.9
2024-07-04 13:16:00,CNR4093660269,Canceled by Customer,CID212835,Mini,Langford Town,Langford Town,,,Driver asked to cancel,Not Applicable,Not Applicable,Not Applicable,131,Not Applicable,0,,
2024-07-13 08:43:00,CNR9790973673,Canceled by Customer,CID505141,Prime SUV,Frazer Town,Bellandur,,,Driver asked to cancel,Not Applicable,Not Applicable,Not Applicable,261,Not Applicable,0,,
2024-07-25 13:52:00,CNR3246639858,Success,CID937170,Prime SUV,Electronic City,Vijayanagar,91.0,55.0,Not Applicable,Not Applicable,No,Not Applicable,890,UPI,38,3.1,3.3
2024-07-04 18:58:00,CNR2066508693,Driver Not Found,CID500370,eBike,Richmond Town,Yeshwanthpur,,,Not Applicable,Not Applicable,Not Applicable,Not Applicable,359,Not Applicable,0,,
2024-07-09 00:01:00,CNR5370828484,Success,CID228583,Prime Plus,Kadugodi,Padmanabhanagar,294.0,35.0,Not Applicable,Not Applicable,No,Not Applicable,611,UPI,41,4.0,3.3
2024-07-18 04:59:00,CNR7432659011,Success,CID441136,Mini,JP Nagar,Malleshwaram,182.0,100.0,Not Applicable,Not Applicable,No,Not Applicable,170,Cash,21,4.3,4.7
2024-07-21 22:25:00,CNR4142445421,Success,CID554919,Prime Plus,Cox Town,Whitefield,308.0,110.0,Not Applicable,Not Applicable,No,Not Applicable,127,Cash,34,4.8,4.3
2024-07-26 08:05:00,CNR6537398425,Success,CID895243,Prime Plus,HSR Layout,Bellandur,147.0,55.0,Not Applicable,Not Applicable,No,Not Applicable,179,UPI,2,4.5,3.4
2024-07-10 21:37:00,CNR8010756191,Canceled by Customer,CID369250,Bike,JP Nagar,Ramamurthy Nagar,,,Driver is not moving towards pickup location,Not Applicable,Not Applicable,Not Applicable,1926,Not Applicable,0,,
2024-07-17 17:11:00,CNR3684978961,Success,CID893973,Prime Sedan,Basavanagudi,Yelahanka,112.0,25.0,Not Applicable,Not Applicable,No,Not Applicable,360,UPI,3,3.2,3.1
2024-07-21 04:13:00,CNR9879422162,Success,CID170998,Prime Plus,Sarjapur Road,Whitefield,196.0,25.0,Not Applicable,Not Applicable,No,Not Applicable,134,UPI,14,5.0,3.1
2024-07-22 16:31:00,CNR9556109130,Success,CID140105,Prime SUV,Sahakar Nagar,Magadi Road,196.0,130.0,Not Applicable,Not Applicable,No,Not Applicable,184,Cash,12,3.1,3.4
2024-07-07 08:58:00,CNR5408833939,Canceled by Driver,CID495763,Bike,Vijayanagar,Devanahalli,,,Not Applicable,More than permitted people in there,Not Applicable,Not Applicable,332,Not Applicable,0,,
2024-07-21 03:10:00,CNR1020249766,Success,CID435350,Mini,Kengeri,Marathahalli,287.0,105.0,Not Applicable,Not Applicable,No,Not Applicable,223,UPI,3,4.5,4.8
2024-07-23 18:56:00,CNR2491459132,Canceled by Driver,CID339012,Bike,Varthur,Ulsoor,,,Not Applicable,Customer was coughing/sick,Not Applicable,Not Applicable,234,Not Applicable,0,,
2024-07-13 14:30:00,CNR6360241293,Canceled by Driver,CID329990,Prime Sedan,KR Puram,Hennur,,,Not Applicable,Customer was coughing/sick,Not Applicable,Not Applicable,258,Not Applicable,0,,
2024-07-29 12:00:00,CNR9461426947,Canceled by Customer,CID460040,Bike,Hennur,Devanahalli,,,Driver asked to cancel,Not Applicable,Not Applicable,Not Applicable,366,Not Applicable,0,,
2024-07-09 12:14:00,CNR5949342639,Success,CID661798,Prime Sedan,JP Nagar,Frazer Town,147.0,70.0,Not Applicable,Not Applicable,No,Not Applicable,257,Cash,6,4.2,3.9
2024-07-28 04:50:00,CNR1366811914,Success,CID399758,Auto,Hebbal,Koramangala,126.0,95.0,Not Applicable,Not Applicable,No,Not Applicable,487,Cash,15,5.0,4.4
2024-07-17 16:47:00,CNR2561302936,Success,CID477279,Prime Plus,RT Nagar,Electronic City,112.0,70.0,Not Applicable,Not Applicable,No,Not Applicable,812,UPI,41,4.5,4.4
2024-07-20 11:29:00,CNR9411535025,Driver Not Found,CID920075,Mini,Whitefield,Yeshwanthpur,,,Not Applicable,Not Applicable,Not Applicable,Not Applicable,408,Not Applicable,0,,
2024-07-07 06:58:00,CNR6685621277,Success,CID173311,Bike,Richmond Town,Marathahalli,77.0,50.0,Not Applicable,Not Applicable,No,Not Applicable,762,UPI,49,5.0,4.4
2024-07-15 02:30:00,CNR1314110214,Success,CID900438,Prime Sedan,Tumkur Road,Bellandur,126.0,105.0,Not Applicable,Not Applicable,No,Not Applicable,1970,Cash,5,3.4,3.6
2024-07-17 23:50:00,CNR8176994613,Success,CID132084,Prime SUV,Cox Town,Sarjapur Road,231.0,120.0,Not Applicable,Not Applicable,No,Not Applicable,734,Cash,40,3.6,4.5
2024-07-05 12:48:00,CNR2709753516,Canceled by Customer,CID243068,Auto,Nagarbhavi,Marathahalli,,,Driver is not moving towards pickup location,Not Applicable,Not Applicable,Not Applicable,481,Not Applicable,0,,
2024-07-07 02:08:00,CNR8202070232,Success,CID221760,Bike,Padmanabhanagar,Nagarbhavi,196.0,80.0,Not Applicable,Not Applicable,No,Not Applicable,783,UPI,29,4.8,4.4
2024-07-22 21:48:00,CNR1760838246,Driver Not Found,CID618842,Prime SUV,Whitefield,Padmanabhanagar,,,Not Applicable,Not Applicable,Not Applicable,Not Applicable,582,Not Applicable,0,,
2024-07-28 09:58:00,CNR8131963790,Canceled by Driver,CID391481,Prime Sedan,Electronic City,Majestic,,,Not Applicable,Personal & Car related issue,Not Applicable,Not Applicable,330,Not Applicable,0,,
2024-07-08 18:19:00,CNR4558294310,Success,CID856166,eBike,Langford Town,Rajajinagar,98.0,65.0,Not Applicable,Not Applicable,No,Not Applicable,301,Cash,39,4.8,3.7
2024-07-21 08:43:00,CNR4783096221,Success,CID700959,Prime SUV,Hosur Road,Chickpet,245.0,75.0,Not Applicable,Not Applicable,No,Not Applicable,235,UPI,48,3.2,4.7
2024-07-12 00:59:00,CNR6953280771,Success,CID704741,Mini,Devanahalli,Varthur,77.0,65.0,Not Applicable,Not Applicable,No,Not Applicable,555,Cash,16,3.4,3.0
2024-07-01 00:52:00,CNR1457591844,Success,CID996008,Prime Sedan,Sahakar Nagar,Vijayanagar,105.0,55.0,Not Applicable,Not Applicable,No,Not Applicable,728,UPI,37,3.2,4.3
2024-07-10 00:42:00,CNR7690339607,Canceled by Driver,CID837570,Prime Plus,HSR Layout,HSR Layout,,,Not Applicable,More than permitted people in there,Not Applicable,Not Applicable,103,Not Applicable,0,,
2024-07-11 00:37:00,CNR5109601586,Canceled by Driver,CID315722,Bike,KR Puram,Bellandur,,,Not Applicable,Customer related issue,Not Applicable,Not Applicable,1346,Not Applicable,0,,
2024-07-18 16:30:00,CNR3410747826,Canceled by Driver,CID182711,Prime Plus,Tumkur Road,Magadi Road,,,Not Applicable,More than permitted people in there,Not Applicable,Not Applicable,422,Not Applicable,0,,
2024-07-22 12:12:00,CNR3221375012,Driver Not Found,CID401434,Mini,BTM Layout,Padmanabhanagar,,,Not Applicable,Not Applicable,Not Applicable,Not Applicable,275,Not Applicable,0,,
2024-07-06 13:09:00,CNR8884118956,Canceled by Driver,CID237370,Mini,Shantinagar,Richmond Town,,,Not Applicable,Customer related issue,Not Applicable,Not Applicable,166,Not Applicable,0,,
2024-07-28 15:26:00,CNR1557229301,Canceled by Driver,CID666114,Prime SUV,Sarjapur Road,Yelahanka,,,Not Applicable,More than permitted people in there,Not Applicable,Not Applicable,143,Not Applicable,0,,
2024-07-05 05:06:00,CNR7832958455,Driver Not Found,CID433260,Prime Plus,Mysore Road,Shantinagar,,,Not Applicable,Not Applicable,Not Applicable,Not Applicable,150,Not Applicable,0,,
2024-07-22 10:12:00,CNR6464921832,Success,CID721832,Prime Plus,Hebbal,Indiranagar,126.0,40.0,Not Applicable,Not Applicable,No,Not Applicable,1399,Cash,32,4.0,3.7
2024-07-06 08:51:00,CNR2117952038,Success,CID262997,Prime Plus,Koramangala,Whitefield,294.0,135.0,Not Applicable,Not Applicable,No,Not Applicable,663,UPI,25,4.4,4.1
2024-07-06 15:58:00,CNR7228010036,Success,CID326964,Prime Sedan,Jayanagar,Frazer Town,301.0,40.0,Not Applicable,Not Applicable,No,Not Applicable,963,Cash,1,3.7,4.7
2024-07-07 15:17:00,CNR5022178308,Success,CID753883,Mini,Bannerghatta Road,Rajajinagar,224.0,40.0,Not Applicable,Not Applicable,No,Not Applicable,181,Cash,22,4.3,3.7
2024-07-07 22:37:00,CNR6808154605,Success,CID704412,Prime SUV,Hebbal,Shivajinagar,105.0,55.0,Not Applicable,Not Applicable,No,Not Applicable,443,Debit Card,28,3.9,3.8
2024-07-26 16:01:00,CNR8199862601,Canceled by Driver,CID979530,Prime Sedan,Richmond Town,Banashankari,,,Not Applicable,Customer related issue,Not Applicable,Not Applicable,343,Not Applicable,0,,
2024-07-26 03:05:00,CNR6929853186,Success,CID255705,Mini,Langford Town,Bellandur,287.0,110.0,Not Applicable,Not Applicable,No,Not Applicable,1432,Cash,46,4.5,3.4
2024-07-16 02:39:00,CNR7471869151,Success,CID194742,Prime Plus,Hulimavu,Basavanagudi,182.0,75.0,Not Applicable,Not Applicable,No,Not Applicable,155,UPI,22,3.4,4.5
2024-07-08 13:27:00,CNR5998835375,Success,CID980073,eBike,Nagarbhavi,Langford Town,63.0,55.0,Not Applicable,Not Applicable,No,Not Applicable,1168,Cash,13,4.5,4.3
2024-07-22 15:52:00,CNR4583527321,Success,CID358892,Mini,Kammanahalli,Kadugodi,252.0,145.0,Not Applicable,Not Applicable,Yes,Customer Demand,184,UPI,18,4.6,3.7
2024-07-12 13:10:00,CNR1785096115,Canceled by Driver,CID164140,Bike,Devanahalli,Cox Town,,,Not Applicable,Personal & Car related issue,Not Applicable,Not Applicable,221,Not Applicable,0,,
2024-07-06 16:10:00,CNR8439347956,Success,CID981871,Auto,Ramamurthy Nagar,Kadugodi,217.0,30.0,Not Applicable,Not Applicable,No,Not Applicable,527,UPI,6,4.7,4.4
2024-07-01 21:21:00,CNR9556486905,Driver Not Found,CID621132,Mini,Hennur,Indiranagar,,,Not Applicable,Not Applicable,Not Applicable,Not Applicable,330,Not Applicable,0,,
2024-07-24 12:48:00,CNR4469266227,Canceled by Driver,CID960518,Mini,JP Nagar,Devanahalli,,,Not Applicable,Customer was coughing/sick,Not Applicable,Not Applicable,381,Not Applicable,0,,
2024-07-30 21:57:00,CNR8618173877,Canceled by Driver,CID261843,Bike,Langford Town,Bannerghatta Road,,,Not Applicable,Customer related issue,Not Applicable,Not Applicable,398,Not Applicable,0,,
2024-07-19 17:00:00,CNR4891244008,Canceled by Driver,CID860348,eBike,Peenya,Basavanagudi,,,Not Applicable,Customer was coughing/sick,Not Applicable,Not Applicable,401,Not Applicable,0,,
2024-07-29 16:11:00,CNR5510489762,Success,CID273213,Mini,Peenya,Ulsoor,245.0,40.0,Not Applicable,Not Applicable,No,Not Applicable,458,Cash,16,4.3,3.2
2024-07-03 00:55:00,CNR6898716973,Success,CID255299,Mini,Banashankari,Koramangala,105.0,100.0,Not Applicable,Not Applicable,No,Not Applicable,290,Cash,49,3.8,3.1
2024-07-22 03:08:00,CNR7296313287,Success,CID370367,eBike,Malleshwaram,Tumkur Road,287.0,25.0,Not Applicable,Not Applicable,No,Not Applicable,959,Cash,3,4.0,4.4
2024-07-10 08:36:00,CNR1055178537,Canceled by Driver,CID214211,Bike,Whitefield,Padmanabhanagar,,,Not Applicable,Personal & Car related issue,Not Applicable,Not Applicable,385,Not Applicable,0,,
2024-07-04 03:12:00,CNR4256105030,Canceled by Driver,CID218532,Prime SUV,Sahakar Nagar,Malleshwaram,,,Not Applicable,Customer related issue,Not Applicable,Not Applicable,311,Not Applicable,0,,
2024-07-24 11:54:00,CNR2753156513,Canceled by Driver,CID311400,Prime Sedan,KR Puram,Magadi Road,,,Not Applicable,Personal & Car related issue,Not Applicable,Not Applicable,517,Not Applicable,0,,
2024-07-03 06:24:00,CNR8378929052,Success,CID913557,Auto,Marathahalli,Yeshwanthpur,245.0,145.0,Not Applicable,Not Applicable,Yes,Vehicle Breakdown,191,UPI,14,4.6,4.8
2024-07-27 07:06:00,CNR2706559651,Success,CID347472,Prime Plus,Indiranagar,Kadugodi,301.0,90.0,Not Applicable,Not Applicable,No,Not Applicable,320,Cash,35,3.4,4.8
2024-07-12 12:54:00,CNR5558765273,Success,CID445632,Prime Sedan,Vijayanagar,Cox Town,266.0,110.0,Not Applicable,Not Applicable,No,Not Applicable,137,Cash,28,4.8,4.5
2024-07-02 04:36:00,CNR3298274558,Driver Not Found,CID382602,Prime Sedan,Basavanagudi,Shantinagar,,,Not Applicable,Not Applicable,Not Applicable,Not Applicable,838,Not Applicable,0,,
2024-07-28 23:10:00,CNR6624880269,Driver Not Found,CID338925,Bike,Hosur Road,Richmond Town,,,Not Applicable,Not Applicable,Not Applicable,Not Applicable,443,Not Applicable,0,,
2024-07-28 03:34:00,CNR7593947866,Success,CID726757,eBike,Magadi Road,Rajajinagar,112.0,65.0,Not Applicable,Not Applicable,No,Not Applicable,1955,Cash,21,3.0,4.1
2024-07-26 18:25:00,CNR3639423761,Success,CID765207,Prime Sedan,Yeshwanthpur,Ulsoor,168.0,50.0,Not Applicable,Not Applicable,No,Not Applicable,212,Cash,21,4.8,3.7
2024-07-15 21:47:00,CNR4476547768,Success,CID845363,Prime SUV,Cox Town,Shantinagar,210.0,95.0,Not Applicable,Not Applicable,Yes,Vehicle Breakdown,464,Cash,3,4.2,4.3
2024-07-25 22:00:00,CNR3710234342,Canceled by Driver,CID260236,Mini,Bellandur,Basavanagudi,,,Not Applicable,Customer related issue,Not Applicable,Not Applicable,380,Not Applicable,0,,
2024-07-25 17:47:00,CNR6406544899,Success,CID924725,Prime Sedan,Banashankari,Cox Town,63.0,30.0,Not Applicable,Not Applicable,No,Not Applicable,453,Cash,28,4.7,4.9
2024-07-05 14:41:00,CNR9498080316,Canceled by Driver,CID874236,Auto,Devanahalli,Yeshwanthpur,,,Not Applicable,More than permitted people in there,Not Applicable,Not Applicable,206,Not Applicable,0,,
2024-07-26 20:54:00,CNR8051496873,Canceled by Customer,CID137153,Auto,Rajajinagar,Electronic City,,,Driver is not moving towards pickup location,Not Applicable,Not Applicable,Not Applicable,948,Not Applicable,0,,
2024-07-25 08:31:00,CNR3242639340,Success,CID331155,Prime Sedan,Majestic,MG Road,77.0,145.0,Not Applicable,Not Applicable,No,Not Applicable,710,UPI,38,4.0,3.1
2024-07-01 09:13:00,CNR3770050686,Success,CID874869,Prime Sedan,Sarjapur Road,Sarjapur Road,77.0,145.0,Not Applicable,Not Applicable,No,Not Applicable,318,Cash,19,4.6,4.3
2024-07-15 11:58:00,CNR5497523301,Success,CID418190,Mini,Majestic,JP Nagar,217.0,75.0,Not Applicable,Not Applicable,No,Not Applicable,119,Cash,11,4.1,3.3
2024-07-23 00:08:00,CNR5747565092,Success,CID621006,Prime SUV,Banashankari,Shivajinagar,238.0,120.0,Not Applicable,Not Applicable,No,Not Applicable,229,Cash,39,3.5,3.4
2024-07-07 01:54:00,CNR5260235804,Driver Not Found,CID512097,eBike,Bellandur,Hebbal,,,Not Applicable,Not Applicable,Not Applicable,Not Applicable,994,Not Applicable,0,,
2024-07-25 07:14:00,CNR1078529723,Success,CID717099,eBike,Magadi Road,Banashankari,98.0,70.0,Not Applicable,Not Applicable,No,Not Applicable,189,UPI,8,3.4,3.1
2024-07-22 01:29:00,CNR9794643786,Canceled by Driver,CID378886,eBike,MG Road,RT Nagar,,,Not Applicable,Customer related issue,Not Applicable,Not Applicable,118,Not Applicable,0,,
2024-07-20 18:59:00,CNR5553713567,Canceled by Driver,CID115023,Auto,Devanahalli,Nagarbhavi,,,Not Applicable,Personal & Car related issue,Not Applicable,Not Applicable,476,Not Applicable,0,,
2024-07-30 07:50:00,CNR5785948205,Canceled by Customer,CID347344,Mini,Tumkur Road,Richmond Town,,,AC is Not working,Not Applicable,Not Applicable,Not Applicable,207,Not Applicable,0,,
2024-07-10 02:50:00,CNR3005149810,Success,CID511322,Prime Sedan,Whitefield,Langford Town,63.0,120.0,Not Applicable,Not Applicable,No,Not Applicable,391,UPI,42,4.6,3.5
2024-07-23 16:10:00,CNR2623845226,Canceled by Driver,CID764010,Prime SUV,Koramangala,RT Nagar,,,Not Applicable,More than permitted people in there,Not Applicable,Not Applicable,482,Not Applicable,0,,
2024-07-10 02:10:00,CNR3208238602,Canceled by Customer,CID298616,eBike,HSR Layout,Bannerghatta Road,,,AC is Not working,Not Applicable,Not Applicable,Not Applicable,2527,Not Applicable,0,,
2024-07-16 10:08:00,CNR2666428446,Success,CID711890,Prime SUV,Banashankari,JP Nagar,63.0,40.0,Not Applicable,Not Applicable,No,Not Applicable,356,Credit Card,15,4.7,3.0
2024-07-21 00:52:00,CNR8596337397,Canceled by Customer,CID791875,Prime SUV,Shantinagar,Kengeri,,,AC is Not working,Not Applicable,Not Applicable,Not Applicable,115,Not Applicable,0,,
2024-07-26 12:55:00,CNR6873209412,Success,CID735621,Prime Sedan,BTM Layout,Tumkur Road,105.0,100.0,Not Applicable,Not Applicable,No,Not Applicable,431,Cash,5,4.7,3.8
2024-07-22 19:09:00,CNR2620568372,Canceled by Driver,CID362559,Auto,RT Nagar,RT Nagar,,,Not Applicable,Customer was coughing/sick,Not Applicable,Not Applicable,555,Not Applicable,0,,
2024-07-28 10:44:00,CNR1834365432,Canceled by Driver,CID215286,eBike,Cox Town,Peenya,,,Not Applicable,Customer related issue,Not Applicable,Not Applicable,122,Not Applicable,0,,
2024-07-18 10:17:00,CNR8049744926,Canceled by Customer,CID435110,Auto,Koramangala,Bellandur,,,Driver asked to cancel,Not Applicable,Not Applicable,Not Applicable,2869,Not Applicable,0,,
2024-07-21 15:46:00,CNR7047111937,Driver Not Found,CID522563,Mini,Basavanagudi,Hulimavu,,,Not Applicable,Not Applicable,Not Applicable,Not Applicable,241,Not Applicable,0,,
2024-07-16 02:34:00,CNR5280042106,Canceled by Customer,CID789846,Bike,Sarjapur Road,Malleshwaram,,,Driver asked to cancel,Not Applicable,Not Applicable,Not Applicable,369,Not Applicable,0,,
2024-07-04 18:59:00,CNR5515495253,Driver Not Found,CID445633,Prime Plus,JP Nagar,Hebbal,,,Not Applicable,Not Applicable,Not Applicable,Not Applicable,393,Not Applicable,0,,
2024-07-04 12:52:00,CNR8234954619,Canceled by Customer,CID670801,Mini,Banashankari,MG Road,,,Driver asked to cancel,Not Applicable,Not Applicable,Not Applicable,217,Not Applicable,0,,
2024-07-06 14:04:00,CNR8099951063,Canceled by Customer,CID695065,eBike,Chamarajpet,Electronic City,,,Driver is not moving towards pickup location,Not Applicable,Not Applicable,Not Applicable,131,Not Applicable,0,,
2024-07-29 07:48:00,CNR9502046094,Driver Not Found,CID628297,eBike,Rajarajeshwari Nagar,Mysore Road,,,Not Applicable,Not Applicable,Not Applicable,Not Applicable,576,Not Applicable,0,,
2024-07-06 08:24:00,CNR2827091303,Canceled by Driver,CID677467,Prime Plus,Basavanagudi,Kammanahalli,,,Not Applicable,Personal & Car related issue,Not Applicable,Not Applicable,456,Not Applicable,0,,
2024-07-13 06:27:00,CNR7036615930,Success,CID732636,Prime Plus,Bannerghatta Road,Hosur Road,266.0,140.0,Not Applicable,Not Applicable,No,Not Applicable,349,Cash,31,3.5,4.2
2024-07-17 02:25:00,CNR1080206183,Driver Not Found,CID312902,eBike,Padmanabhanagar,Hebbal,,,Not Applicable,Not Applicable,Not Applicable,Not Applicable,949,Not Applicable,0,,
2024-07-23 01:59:00,CNR6145298766,Success,CID483106,Prime SUV,Kammanahalli,Rajajinagar,245.0,70.0,Not Applicable,Not Applicable,No,Not Applicable,247,Cash,42,3.7,4.5
2024-07-24 21:47:00,CNR6063692061,Success,CID567902,eBike,MG Road,Yeshwanthpur,203.0,45.0,Not Applicable,Not Applicable,No,Not Applicable,482,Cash,17,3.3,3.2
2024-07-28 08:40:00,CNR4342536047,Success,CID215599,Auto,RT Nagar,Shivajinagar,98.0,85.0,Not Applicable,Not Applicable,No,Not Applicable,2449,UPI,6,4.7,3.9
2024-07-26 14:25:00,CNR9995568345,Success,CID839329,Prime Plus,Frazer Town,Rajarajeshwari Nagar,133.0,100.0,Not Applicable,Not Applicable,No,Not Applicable,571,Cash,30,3.8,4.7
2024-07-14 03:09:00,CNR7936626353,Success,CID672902,Prime Plus,KR Puram,Marathahalli,259.0,85.0,Not Applicable,Not Applicable,No,Not Applicable,741,UPI,46,3.6,4.0
2024-07-15 23:00:00,CNR5862038476,Success,CID954102,Bike,KR Puram,Marathahalli,49.0,30.0,Not Applicable,Not Applicable,No,Not Applicable,960,Cash,23,5.0,5.0
2024-07-12 08:54:00,CNR7839332326,Success,CID617671,Mini,Sahakar Nagar,Hosur Road,84.0,115.0,Not Applicable,Not Applicable,No,Not Applicable,683,Credit Card,34,3.3,4.1
2024-07-12 05:30:00,CNR9527664186,Driver Not Found,CID529357,Auto,Padmanabhanagar,Richmond Town,,,Not Applicable,Not Applicable,Not Applicable,Not Applicable,909,Not Applicable,0,,
2024-07-01 19:05:00,CNR9154951724,Success,CID336330,Prime SUV,RT Nagar,Magadi Road,196.0,45.0,Not Applicable,Not Applicable,No,Not Applicable,1201,UPI,1,3.7,4.7
2024-07-05 05:46:00,CNR7749003688,Success,CID698420,Prime Sedan,HSR Layout,Sahakar Nagar,161.0,110.0,Not Applicable,Not Applicable,No,Not Applicable,556,Cash,45,3.2,5.0
2024-07-16 02:04:00,CNR5522835460,Canceled by Customer,CID228394,Bike,Hennur,Shivajinagar,,,Driver is not moving towards pickup location,Not Applicable,Not Applicable,Not Applicable,143,Not Applicable,0,,
2024-07-09 06:50:00,CNR8173057780,Success,CID586750,eBike,Ramamurthy Nagar,Mysore Road,210.0,95.0,Not Applicable,Not Applicable,No,Not Applicable,458,UPI,6,3.9,4.5
2024-07-10 03:57:00,CNR9050529118,Canceled by Customer,CID726373,Bike,Shantinagar,Shantinagar,,,Wrong Address,Not Applicable,Not Applicable,Not Applicable,719,Not Applicable,0,,
2024-07-24 17:27:00,CNR9138239428,Driver Not Found,CID558349,Prime Sedan,Bellandur,Shivajinagar,,,Not Applicable,Not Applicable,Not Applicable,Not Applicable,689,Not Applicable,0,,
2024-07-05 15:13:00,CNR8740055641,Canceled by Driver,CID774128,Prime SUV,Basavanagudi,Peenya,,,Not Applicable,Personal & Car related issue,Not Applicable,Not Applicable,688,Not Applicable,0,,
2024-07-27 22:13:00,CNR7789746134,Success,CID924192,eBike,Nagarbhavi,Majestic,126.0,75.0,Not Applicable,Not Applicable,Yes,Customer Demand,425,Cash,15,4.8,3.2
2024-07-28 15:54:00,CNR3853907756,Success,CID411404,Mini,JP Nagar,MG Road,77.0,115.0,Not Applicable,Not Applicable,No,Not Applicable,182,Cash,5,4.6,5.0
2024-07-26 10:33:00,CNR2175581552,Driver Not Found,CID390875,Auto,Langford Town,Hosur Road,,,Not Applicable,Not Applicable,Not Applicable,Not Applicable,599,Not Applicable,0,,
2024-07-11 20:41:00,CNR5148112260,Success,CID633341,Prime SUV,Ulsoor,Hennur,133.0,95.0,Not Applicable,Not Applicable,No,Not Applicable,489,Cash,13,3.9,4.9
2024-07-16 08:00:00,CNR2508003409,Success,CID243028,Auto,Kadugodi,Shivajinagar,238.0,40.0,Not Applicable,Not Applicable,No,Not Applicable,447,Cash,5,3.4,3.7
2024-07-26 11:07:00,CNR6402883141,Success,CID129594,Prime Sedan,Hebbal,Rajarajeshwari Nagar,266.0,100.0,Not Applicable,Not Applicable,No,Not Applicable,440,UPI,25,3.2,5.0
2024-07-21 13:07:00,CNR9501637604,Driver Not Found,CID934408,Prime SUV,BTM Layout,Yelahanka,,,Not Applicable,Not Applicable,Not Applicable,Not Applicable,147,Not Applicable,0,,
2024-07-12 09:36:00,CNR9386564415,Success,CID514608,Prime Plus,Sarjapur Road,Nagarbhavi,231.0,85.0,Not Applicable,Not Applicable,No,Not Applicable,264,Cash,10,3.4,3.9
2024-07-15 02:59:00,CNR2311577912,Canceled by Customer,CID366708,Prime Sedan,Sarjapur Road,Ramamurthy Nagar,,,Driver is not moving towards pickup location,Not Applicable,Not Applicable,Not Applicable,143,Not Applicable,0,,
2024-07-22 15:57:00,CNR1845208696,Success,CID425652,Prime Plus,Varthur,Vijayanagar,119.0,60.0,Not Applicable,Not Applicable,No,Not Applicable,2154,UPI,34,3.8,3.9
2024-07-01 04:17:00,CNR1838035240,Success,CID986539,Mini,Jayanagar,Kammanahalli,259.0,60.0,Not Applicable,Not Applicable,No,Not Applicable,2520,Cash,28,4.3,4.9
2024-07-14 07:00:00,CNR9978535061,Success,CID556013,Prime Sedan,Jayanagar,Shivajinagar,91.0,130.0,Not Applicable,Not Applicable,No,Not Applicable,308,UPI,24,4.1,3.3
2024-07-28 02:04:00,CNR8004198507,Canceled by Customer,CID646667,Prime SUV,Kengeri,Varthur,,,Change of plans,Not Applicable,Not Applicable,Not Applicable,257,Not Applicable,0,,
2024-07-08 22:59:00,CNR2081363280,Success,CID312200,Mini,Shantinagar,Cox Town,308.0,45.0,Not Applicable,Not Applicable,Yes,Customer Demand,477,UPI,40,4.5,3.9
2024-07-22 14:38:00,CNR6264774912,Success,CID551389,Prime Sedan,HSR Layout,Tumkur Road,133.0,130.0,Not Applicable,Not Applicable,No,Not Applicable,192,Cash,10,3.7,4.6
2024-07-24 20:23:00,CNR8235990947,Canceled by Customer,CID128450,Mini,Yelahanka,Jayanagar,,,Change of plans,Not Applicable,Not Applicable,Not Applicable,575,Not Applicable,0,,
2024-07-16 22:57:00,CNR5290056335,Success,CID866629,Prime SUV,Ulsoor,Tumkur Road,77.0,25.0,Not Applicable,Not Applicable,No,Not Applicable,626,UPI,7,4.7,5.0
2024-07-20 12:53:00,CNR9174544092,Success,CID503895,Prime Plus,Shivajinagar,BTM Layout,147.0,95.0,Not Applicable,Not Applicable,No,Not Applicable,356,Cash,33,3.2,4.9
2024-07-11 10:59:00,CNR2523835963,Canceled by Driver,CID320177,Bike,Kengeri,Frazer Town,,,Not Applicable,Customer was coughing/sick,Not Applicable,Not Applicable,687,Not Applicable,0,,
2024-07-29 22:37:00,CNR3097776091,Success,CID593534,Mini,Richmond Town,Mysore Road,49.0,95.0,Not Applicable,Not Applicable,No,Not Applicable,206,Cash,16,3.7,4.7
2024-07-21 23:10:00,CNR7654595068,Success,CID102734,Prime SUV,HSR Layout,Nagarbhavi,189.0,60.0,Not Applicable,Not Applicable,No,Not Applicable,475,UPI,21,3.5,3.1
2024-07-05 17:55:00,CNR3091010053,Success,CID366913,Prime Sedan,Padmanabhanagar,Magadi Road,98.0,100.0,Not Applicable,Not Applicable,No,Not Applicable,487,Cash,28,4.2,3.8
2024-07-04 19:52:00,CNR6689240319,Driver Not Found,CID453836,Bike,Shantinagar,Bannerghatta Road,,,Not Applicable,Not Applicable,Not Applicable,Not Applicable,478,Not Applicable,0,,
2024-07-15 00:38:00,CNR1710285528,Canceled by Customer,CID971598,Mini,Kammanahalli,Ramamurthy Nagar,,,Driver asked to cancel,Not Applicable,Not Applicable,Not Applicable,273,Not Applicable,0,,
2024-07-28 14:29:00,CNR5882019361,Success,CID738040,Mini,Basavanagudi,Indiranagar,182.0,135.0,Not Applicable,Not Applicable,No,Not Applicable,2550,UPI,39,3.7,3.2
2024-07-08 18:13:00,CNR7112250970,Success,CID112318,Mini,Padmanabhanagar,Magadi Road,98.0,135.0,Not Applicable,Not Applicable,No,Not Applicable,266,UPI,13,5.0,4.3
2024-07-18 07:42:00,CNR1568060684,Success,CID190020,Mini,Mysore Road,Hebbal,56.0,110.0,Not Applicable,Not Applicable,No,Not Applicable,701,UPI,26,3.4,3.5
2024-07-25 09:10:00,CNR7609366769,Success,CID251495,eBike,JP Nagar,KR Puram,175.0,25.0,Not Applicable,Not Applicable,No,Not Applicable,583,Cash,35,4.9,5.0
2024-07-20 06:01:00,CNR1330185275,Success,CID858993,Mini,RT Nagar,Whitefield,63.0,95.0,Not Applicable,Not Applicable,No,Not Applicable,481,Cash,8,4.3,4.3
2024-07-29 03:53:00,CNR4181558432,Success,CID142074,Prime Sedan,KR Puram,Chickpet,91.0,50.0,Not Applicable,Not Applicable,No,Not Applicable,112,Cash,48,3.6,4.8
2024-07-05 03:14:00,CNR5216481527,Canceled by Driver,CID789604,Mini,Peenya,Rajarajeshwari Nagar,,,Not Applicable,Personal & Car related issue,Not Applicable,Not Applicable,162,Not Applicable,0,,
2024-07-10 08:51:00,CNR3464737812,Success,CID270391,eBike,Sahakar Nagar,Magadi Road,140.0,80.0,Not Applicable,Not Applicable,No,Not Applicable,1897,UPI,14,3.4,3.4
2024-07-07 00:24:00,CNR4156035713,Canceled by Driver,CID137531,Auto,Chamarajpet,Banashankari,,,Not Applicable,Customer related issue,Not Applicable,Not Applicable,461,Not Applicable,0,,
2024-07-25 11:47:00,CNR7762540689,Success,CID334884,Prime Sedan,Hulimavu,Magadi Road,140.0,30.0,Not Applicable,Not Applicable,No,Not Applicable,311,Cash,49,3.9,3.6
2024-07-28 22:40:00,CNR8460782550,Success,CID406892,Prime Sedan,Yeshwanthpur,Nagarbhavi,224.0,120.0,Not Applicable,Not Applicable,No,Not Applicable,237,UPI,14,3.2,4.3
2024-07-01 19:16:00,CNR6544462204,Canceled by Driver,CID821402,eBike,Indiranagar,Sahakar Nagar,,,Not Applicable,More than permitted people in there,Not Applicable,Not Applicable,635,Not Applicable,0,,
2024-07-26 18:22:00,CNR3299474896,Driver Not Found,CID965589,Prime SUV,HSR Layout,Magadi Road,,,Not Applicable,Not Applicable,Not Applicable,Not Applicable,362,Not Applicable,0,,
2024-07-28 22:49:00,CNR8219358237,Success,CID619831,Prime Sedan,RT Nagar,Malleshwaram,49.0,120.0,Not Applicable,Not Applicable,No,Not Applicable,206,Cash,22,3.8,4.6
2024-07-13 01:04:00,CNR2812955123,Success,CID823671,Mini,Shivajinagar,BTM Layout,175.0,115.0,Not Applicable,Not Applicable,No,Not Applicable,253,Cash,31,4.6,4.7
2024-07-14 03:23:00,CNR7989761043,Driver Not Found,CID438159,Mini,Kengeri,Bellandur,,,Not Applicable,Not Applicable,Not Applicable,Not Applicable,424,Not Applicable,0,,
2024-07-07 13:13:00,CNR8342504296,Success,CID225561,Prime SUV,Rajarajeshwari Nagar,Hosur Road,308.0,125.0,Not Applicable,Not Applicable,No,Not Applicable,342,UPI,9,3.5,4.4
2024-07-22 18:06:00,CNR1550545143,Driver Not Found,CID634878,Mini,HSR Layout,Ulsoor,,,Not Applicable,Not Applicable,Not Applicable,Not Applicable,405,Not Applicable,0,,
2024-07-24 05:56:00,CNR2004836990,Success,CID534565,eBike,Hosur Road,Devanahalli,77.0,70.0,Not Applicable,Not Applicable,No,Not Applicable,250,Cash,24,4.7,4.1
2024-07-01 04:28:00,CNR9139387918,Success,CID411252,Prime SUV,Vijayanagar,Vijayanagar,252.0,55.0,Not Applicable,Not Applicable,No,Not Applicable,300,UPI,26,4.9,4.5
2024-07-01 02:51:00,CNR9943134910,Success,CID149228,eBike,HSR Layout,Banashankari,91.0,60.0,Not Applicable,Not Applicable,No,Not Applicable,385,Cash,41,4.2,4.3
2024-07-23 08:00:00,CNR6681253089,Success,CID182167,Auto,Hebbal,Bellandur,273.0,105.0,Not Applicable,Not Applicable,No,Not Applicable,369,Cash,1,4.5,3.7
2024-07-21 03:28:00,CNR2338418976,Canceled by Driver,CID514200,eBike,Richmond Town,Yeshwanthpur,,,Not Applicable,More than permitted people in there,Not Applicable,Not Applicable,179,Not Applicable,0,,
2024-07-27 19:26:00,CNR9158099398,Success,CID720474,Prime Plus,Magadi Road,Padmanabhanagar,238.0,55.0,Not Applicable,Not Applicable,No,Not Applicable,325,UPI,23,4.9,4.0
2024-07-02 22:38:00,CNR8638958666,Canceled by Driver,CID611772,Prime Sedan,Langford Town,BTM Layout,,,Not Applicable,More than permitted people in there,Not Applicable,Not Applicable,474,Not Applicable,0,,
2024-07-29 07:06:00,CNR5418487334,Canceled by Driver,CID972629,Prime Plus,Yeshwanthpur,Peenya,,,Not Applicable,Personal & Car related issue,Not Applicable,Not Applicable,451,Not Applicable,0,,
2024-07-16 11:56:00,CNR8330330578,Success,CID397113,Mini,Kadugodi,Hebbal,154.0,90.0,Not Applicable,Not Applicable,No,Not Applicable,134,Cash,21,4.5,4.1
2024-07-24 21:07:00,CNR9496985308,Success,CID638526,Prime Plus,Rajajinagar,Ulsoor,273.0,120.0,Not Applicable,Not Applicable,No,Not Applicable,352,Credit Card,5,4.6,4.3
2024-07-22 21:15:00,CNR3821405751,Canceled by Driver,CID922061,Prime Sedan,Yeshwanthpur,Frazer Town,,,Not Applicable,Personal & Car related issue,Not Applicable,Not Applicable,625,Not Applicable,0,,
2024-07-08 14:11:00,CNR9709760133,Success,CID970380,eBike,Jayanagar,Jayanagar,252.0,145.0,Not Applicable,Not Applicable,No,Not Applicable,197,Cash,17,4.4,4.1
2024-07-25 04:48:00,CNR9368365649,Canceled by Customer,CID323799,Mini,Devanahalli,HSR Layout,,,Change of plans,Not Applicable,Not Applicable,Not Applicable,109,Not Applicable,0,,
2024-07-22 19:51:00,CNR3520502061,Success,CID719468,Mini,Marathahalli,Nagarbhavi,280.0,110.0,Not Applicable,Not Applicable,No,Not Applicable,808,Cash,25,4.9,4.0
2024-07-04 14:18:00,CNR1214084959,Canceled by Customer,CID119495,eBike,Chamarajpet,Padmanabhanagar,,,Change of plans,Not Applicable,Not Applicable,Not Applicable,349,Not Applicable,0,,
2024-07-01 20:36:00,CNR6868510489,Driver Not Found,CID790491,Prime Sedan,Malleshwaram,Hosur Road,,,Not Applicable,Not Applicable,Not Applicable,Not Applicable,201,Not Applicable,0,,
2024-07-12 21:25:00,CNR3795920629,Success,CID600869,Auto,Varthur,Rajarajeshwari Nagar,294.0,65.0,Not Applicable,Not Applicable,No,Not Applicable,326,UPI,2,3.0,4.2
2024-07-16 01:17:00,CNR7027309075,Success,CID367196,eBike,Nagarbhavi,HSR Layout,56.0,65.0,Not Applicable,Not Applicable,No,Not Applicable,193,Cash,10,3.7,4.4
2024-07-26 22:02:00,CNR3197266506,Success,CID962295,eBike,Ramamurthy Nagar,MG Road,154.0,75.0,Not Applicable,Not Applicable,No,Not Applicable,384,UPI,23,3.9,3.9
2024-07-04 12:43:00,CNR2817973118,Canceled by Customer,CID413110,Prime Plus,Ulsoor,Jayanagar,,,Change of plans,Not Applicable,Not Applicable,Not Applicable,488,Not Applicable,0,,
2024-07-21 04:35:00,CNR7502031344,Canceled by Driver,CID957824,Mini,Yelahanka,Tumkur Road,,,Not Applicable,Personal & Car related issue,Not Applicable,Not Applicable,347,Not Applicable,0,,
2024-07-05 13:51:00,CNR8371742092,Success,CID542243,Prime Plus,Chickpet,RT Nagar,266.0,85.0,Not Applicable,Not Applicable,No,Not Applicable,421,UPI,3,3.4,4.9
2024-07-04 01:52:00,CNR3268338185,Success,CID180014,Bike,Sahakar Nagar,Varthur,196.0,25.0,Not Applicable,Not Applicable,No,Not Applicable,526,Cash,30,3.7,3.4
2024-07-09 15:19:00,CNR8313832453,Driver Not Found,CID717468,Prime Sedan,Hebbal,Banashankari,,,Not Applicable,Not Applicable,Not Applicable,Not Applicable,434,Not Applicable,0,,
2024-07-18 18:57:00,CNR5328184307,Success,CID181533,Prime Plus,Sahakar Nagar,Tumkur Road,203.0,35.0,Not Applicable,Not Applicable,No,Not Applicable,118,Cash,21,3.2,4.3
2024-07-03 17:41:00,CNR9892128411,Success,CID908142,Prime SUV,BTM Layout,MG Road,182.0,80.0,Not Applicable,Not Applicable,No,Not Applicable,317,Cash,22,4.4,3.1
2024-07-05 23:40:00,CNR6414893260,Canceled by Driver,CID246939,Mini,Banashankari,Hennur,,,Not Applicable,Personal & Car related issue,Not Applicable,Not Applicable,351,Not Applicable,0,,
2024-07-23 04:41:00,CNR9364568524,Canceled by Customer,CID391803,Prime Plus,Vijayanagar,Varthur,,,AC is Not working,Not Applicable,Not Applicable,Not Applicable,436,Not Applicable,0,,
2024-07-28 08:27:00,CNR3473953955,Canceled by Customer,CID806675,Auto,RT Nagar,Koramangala,,,Driver is not moving towards pickup location,Not Applicable,Not Applicable,Not Applicable,881,Not Applicable,0,,
2024-07-14 21:15:00,CNR5744007045,Success,CID386538,Bike,Sahakar Nagar,Yeshwanthpur,245.0,55.0,Not Applicable,Not Applicable,No,Not Applicable,399,Cash,31,3.9,3.7
2024-07-27 12:22:00,CNR6239193204,Success,CID638049,Auto,Ulsoor,Shivajinagar,259.0,125.0,Not Applicable,Not Applicable,No,Not Applicable,154,UPI,15,3.6,3.6
2024-07-23 21:27:00,CNR4694265629,Success,CID329096,Prime Plus,JP Nagar,Sarjapur Road,35.0,75.0,Not Applicable,Not Applicable,No,Not Applicable,161,UPI,23,3.5,3.5
2024-07-16 22:15:00,CNR1019920577,Success,CID990206,eBike,Hennur,Varthur,217.0,135.0,Not Applicable,Not Applicable,Yes,Vehicle Breakdown,291,UPI,20,4.3,3.8
2024-07-14 15:36:00,CNR3746930613,Driver Not Found,CID129837,Bike,Shantinagar,Whitefield,,,Not Applicable,Not Applicable,Not Applicable,Not Applicable,384,Not Applicable,0,,
2024-07-17 00:01:00,CNR4698634219,Driver Not Found,CID824817,Bike,RT Nagar,Vijayanagar,,,Not Applicable,Not Applicable,Not Applicable,Not Applicable,406,Not Applicable,0,,
2024-07-29 23:37:00,CNR1445278084,Driver Not Found,CID825466,Prime SUV,Majestic,JP Nagar,,,Not Applicable,Not Applicable,Not Applicable,Not Applicable,382,Not Applicable,0,,
2024-07-25 05:28:00,CNR5750087440,Canceled by Driver,CID841846,eBike,Magadi Road,Kadugodi,,,Not Applicable,Personal & Car related issue,Not Applicable,Not Applicable,331,Not Applicable,0,,
2024-07-30 10:50:00,CNR8655867192,Driver Not Found,CID207566,Auto,Indiranagar,Basavanagudi,,,Not Applicable,Not Applicable,Not Applicable,Not Applicable,166,Not Applicable,0,,
2024-07-12 20:07:00,CNR5144176770,Success,CID521824,Prime SUV,Kengeri,Koramangala,287.0,55.0,Not Applicable,Not Applicable,No,Not Applicable,118,Cash,40,3.7,4.6
2024-07-24 05:45:00,CNR5640967115,Success,CID213792,Mini,MG Road,Electronic City,259.0,40.0,Not Applicable,Not Applicable,No,Not Applicable,390,Cash,6,4.0,4.0
2024-07-19 02:04:00,CNR7928345594,Success,CID659423,Bike,RT Nagar,Rajajinagar,63.0,35.0,Not Applicable,Not Applicable,No,Not Applicable,1427,Cash,5,4.3,4.7
2024-07-08 08:20:00,CNR6196466329,Success,CID714332,eBike,Sarjapur Road,Rajarajeshwari Nagar,175.0,135.0,Not Applicable,Not Applicable,No,Not Applicable,414,Cash,31,4.4,3.8
2024-07-20 14:44:00,CNR3057748475,Success,CID384707,Mini,Jayanagar,Kammanahalli,259.0,100.0,Not Applicable,Not Applicable,No,Not Applicable,640,Cash,13,3.7,4.1
2024-07-16 15:32:00,CNR6421014927,Success,CID377190,Mini,Ulsoor,RT Nagar,224.0,85.0,Not Applicable,Not Applicable,Yes,Customer Demand,237,UPI,47,4.3,5.0
2024-07-19 10:54:00,CNR1452032057,Success,CID202131,Auto,Malleshwaram,RT Nagar,238.0,105.0,Not Applicable,Not Applicable,No,Not Applicable,108,Cash,15,3.3,4.9
2024-07-19 19:56:00,CNR9571718434,Success,CID168240,Prime Plus,Kammanahalli,Devanahalli,112.0,60.0,Not Applicable,Not Applicable,No,Not Applicable,481,Cash,1,4.7,4.3
2024-07-25 05:25:00,CNR9950740120,Success,CID569018,Prime Plus,Mysore Road,Jayanagar,133.0,100.0,Not Applicable,Not Applicable,No,Not Applicable,343,UPI,32,4.8,3.5
2024-07-12 23:33:00,CNR2578142790,Success,CID660509,Prime Plus,Rajajinagar,HSR Layout,217.0,130.0,Not Applicable,Not Applicable,No,Not Applicable,305,Cash,39,4.7,3.6
2024-07-24 06:35:00,CNR7142284034,Success,CID863073,eBike,JP Nagar,Hulimavu,126.0,65.0,Not Applicable,Not Applicable,No,Not Applicable,729,UPI,17,4.2,4.0
2024-07-29 03:06:00,CNR2565391773,Canceled by Driver,CID147089,Prime Sedan,Marathahalli,Varthur,,,Not Applicable,Customer related issue,Not Applicable,Not Applicable,980,Not Applicable,0,,
2024-07-29 02:13:00,CNR7346531273,Success,CID746628,Bike,Shivajinagar,KR Puram,112.0,50.0,Not Applicable,Not Applicable,No,Not Applicable,360,Cash,49,3.6,3.9
2024-07-06 02:25:00,CNR4350790599,Success,CID316125,Prime Plus,Hulimavu,Bannerghatta Road,210.0,35.0,Not Applicable,Not Applicable,No,Not Applicable,2698,UPI,32,4.7,3.2
2024-07-04 03:44:00,CNR4124764395,Canceled by Driver,CID847784,Prime SUV,Ramamurthy Nagar,JP Nagar,,,Not Applicable,Customer was coughing/sick,Not Applicable,Not Applicable,134,Not Applicable,0,,
2024-07-26 21:08:00,CNR8041730353,Driver Not Found,CID485063,Prime Plus,Tumkur Road,Hulimavu,,,Not Applicable,Not Applicable,Not Applicable,Not Applicable,356,Not Applicable,0,,
2024-07-20 23:43:00,CNR4456923206,Success,CID861668,Prime Plus,Marathahalli,BTM Layout,245.0,50.0,Not Applicable,Not Applicable,No,Not Applicable,643,UPI,47,4.9,3.7
2024-07-28 12:42:00,CNR7750601615,Success,CID325994,Prime Sedan,Tumkur Road,Kadugodi,161.0,105.0,Not Applicable,Not Applicable,No,Not Applicable,1659,UPI,17,3.9,3.3
2024-07-20 17:07:00,CNR4518094245,Success,CID635225,Mini,Ramamurthy Nagar,Vijayanagar,63.0,40.0,Not Applicable,Not Applicable,No,Not Applicable,285,Cash,6,4.2,5.0
2024-07-20 14:49:00,CNR7684369995,Success,CID277876,Prime Sedan,JP Nagar,Hebbal,196.0,115.0,Not Applicable,Not Applicable,No,Not Applicable,467,Cash,20,3.9,4.4
2024-07-19 10:46:00,CNR9147737925,Success,CID893877,Bike,Shivajinagar,Hulimavu,175.0,100.0,Not Applicable,Not Applicable,No,Not Applicable,210,Cash,16,3.8,4.8
2024-07-18 05:38:00,CNR9950825787,Success,CID580882,Prime Plus,Kengeri,Hulimavu,308.0,120.0,Not Applicable,Not Applicable,No,Not Applicable,550,UPI,29,4.2,4.3
2024-07-07 10:53:00,CNR9599087547,Success,CID666795,Bike,Sarjapur Road,Bellandur,252.0,60.0,Not Applicable,Not Applicable,No,Not Applicable,2266,Cash,44,4.4,4.3
2024-07-16 18:53:00,CNR2208945958,Success,CID976133,Mini,HSR Layout,Bannerghatta Road,42.0,130.0,Not Applicable,Not Applicable,No,Not Applicable,103,UPI,15,4.4,4.4
2024-07-30 20:29:00,CNR3533152677,Success,CID112877,eBike,Ramamurthy Nagar,Ulsoor,161.0,30.0,Not Applicable,Not Applicable,No,Not Applicable,486,Cash,46,4.0,4.3
2024-07-22 16:25:00,CNR6503186199,Success,CID793310,Prime SUV,BTM Layout,Varthur,112.0,35.0,Not Applicable,Not Applicable,No,Not Applicable,303,Cash,42,3.1,3.7
2024-07-10 10:12:00,CNR5304852374,Canceled by Driver,CID814542,Auto,Sarjapur Road,Langford Town,,,Not Applicable,Customer was coughing/sick,Not Applicable,Not Applicable,495,Not Applicable,0,,
2024-07-23 04:13:00,CNR8532963397,Success,CID840444,eBike,Varthur,Jayanagar,42.0,75.0,Not Applicable,Not Applicable,No,Not Applicable,465,UPI,45,4.6,4.7
2024-07-30 00:22:00,CNR7654519060,Success,CID457944,Mini,Whitefield,HSR Layout,245.0,95.0,Not Applicable,Not Applicable,Yes,Vehicle Breakdown,2935,UPI,24,4.0,3.4
2024-07-12 01:31:00,CNR8856549958,Success,CID954875,Prime Plus,Shivajinagar,BTM Layout,175.0,70.0,Not Applicable,Not Applicable,No,Not Applicable,328,UPI,40,3.5,4.2
2024-07-26 03:09:00,CNR5062343603,Success,CID132352,eBike,RT Nagar,Varthur,196.0,125.0,Not Applicable,Not Applicable,No,Not Applicable,783,UPI,5,3.8,3.5
2024-07-25 09:40:00,CNR7209736502,Canceled by Customer,CID330924,eBike,Mysore Road,Mysore Road,,,Driver asked to cancel,Not Applicable,Not Applicable,Not Applicable,677,Not Applicable,0,,
2024-07-28 18:37:00,CNR7518974012,Success,CID714773,Mini,Devanahalli,Ulsoor,280.0,120.0,Not Applicable,Not Applicable,No,Not Applicable,406,Cash,9,4.2,3.3
2024-07-26 03:52:00,CNR2568645327,Success,CID410006,Prime SUV,Tumkur Road,Kengeri,56.0,145.0,Not Applicable,Not Applicable,No,Not Applicable,975,Cash,47,4.6,3.1
2024-07-20 13:03:00,CNR8434019206,Success,CID313810,Auto,Ramamurthy Nagar,KR Puram,287.0,140.0,Not Applicable,Not Applicable,No,Not Applicable,102,Cash,10,3.3,4.5
2024-07-18 11:45:00,CNR6620379528,Driver Not Found,CID594516,Bike,Padmanabhanagar,Kammanahalli,,,Not Applicable,Not Applicable,Not Applicable,Not Applicable,440,Not Applicable,0,,
2024-07-23 09:59:00,CNR7440851180,Success,CID962909,Prime SUV,Majestic,Peenya,161.0,35.0,Not Applicable,Not Applicable,No,Not Applicable,205,UPI,33,3.3,4.7
2024-07-27 18:07:00,CNR2922087604,Success,CID333615,Prime Sedan,Shantinagar,Richmond Town,280.0,90.0,Not Applicable,Not Applicable,No,Not Applicable,379,Cash,47,3.7,3.3
2024-07-12 23:57:00,CNR2430954542,Success,CID222788,Prime Plus,Indiranagar,Majestic,126.0,45.0,Not Applicable,Not Applicable,No,Not Applicable,235,Cash,13,4.2,3.1
2024-07-18 21:53:00,CNR2145547583,Canceled by Driver,CID922754,Prime Sedan,Yeshwanthpur,Hosur Road,,,Not Applicable,Customer related issue,Not Applicable,Not Applicable,169,Not Applicable,0,,
2024-07-15 07:47:00,CNR5396579081,Success,CID886537,Mini,Magadi Road,Koramangala,98.0,125.0,Not Applicable,Not Applicable,No,Not Applicable,416,UPI,40,3.7,3.8
2024-07-20 15:49:00,CNR7387013161,Canceled by Driver,CID754909,Prime Sedan,Varthur,Electronic City,,,Not Applicable,More than permitted people in there,Not Applicable,Not Applicable,868,Not Applicable,0,,
2024-07-14 19:19:00,CNR8215720034,Canceled by Driver,CID996122,Auto,Shantinagar,RT Nagar,,,Not Applicable,More than permitted people in there,Not Applicable,Not Applicable,152,Not Applicable,0,,
2024-07-29 11:56:00,CNR6867792464,Success,CID139778,Mini,Frazer Town,Tumkur Road,294.0,30.0,Not Applicable,Not Applicable,No,Not Applicable,890,Cash,22,3.2,3.1
2024-07-03 07:00:00,CNR2971327363,Success,CID318676,Prime Plus,JP Nagar,Yelahanka,63.0,145.0,Not Applicable,Not Applicable,No,Not Applicable,433,UPI,29,3.5,3.7
2024-07-27 03:21:00,CNR7432087549,Success,CID647245,eBike,Marathahalli,Hebbal,105.0,115.0,Not Applicable,Not Applicable,No,Not Applicable,2936,UPI,4,3.5,3.9
2024-07-20 16:07:00,CNR2361634243,Success,CID926643,Prime Sedan,Padmanabhanagar,Cox Town,175.0,140.0,Not Applicable,Not Applicable,No,Not Applicable,176,UPI,19,3.7,3.2
2024-07-01 16:02:00,CNR5462367727,Success,CID629937,Mini,Chamarajpet,Whitefield,287.0,45.0,Not Applicable,Not Applicable,No,Not Applicable,824,UPI,17,3.8,4.0
2024-07-30 09:21:00,CNR6756715735,Success,CID757552,Bike,Sahakar Nagar,Peenya,210.0,70.0,Not Applicable,Not Applicable,No,Not Applicable,848,UPI,8,3.7,4.8
2024-07-24 23:34:00,CNR2367628561,Success,CID679648,Prime Plus,Yeshwanthpur,Hulimavu,280.0,110.0,Not Applicable,Not Applicable,No,Not Applicable,406,UPI,30,4.8,3.6
2024-07-20 20:42:00,CNR3060599645,Success,CID722702,eBike,Indiranagar,Banashankari,56.0,35.0,Not Applicable,Not Applicable,No,Not Applicable,428,Cash,28,3.6,3.3
2024-07-30 01:22:00,CNR2751992923,Success,CID114819,Mini,BTM Layout,Yelahanka,273.0,80.0,Not Applicable,Not Applicable,No,Not Applicable,990,UPI,1,3.6,3.5
2024-07-22 12:40:00,CNR6287288844,Success,CID258312,Bike,Banashankari,KR Puram,56.0,105.0,Not Applicable,Not Applicable,No,Not Applicable,1199,Cash,32,3.8,4.7
2024-07-14 03:52:00,CNR8614962988,Driver Not Found,CID202055,Auto,Richmond Town,Hebbal,,,Not Applicable,Not Applicable,Not Applicable,Not Applicable,369,Not Applicable,0,,
2024-07-28 19:30:00,CNR8513284999,Success,CID866152,Bike,Sarjapur Road,Chickpet,98.0,65.0,Not Applicable,Not Applicable,No,Not Applicable,373,UPI,32,4.0,4.3
2024-07-06 15:33:00,CNR3807530974,Success,CID194666,Prime Sedan,Vijayanagar,Indiranagar,126.0,100.0,Not Applicable,Not Applicable,No,Not Applicable,128,Cash,42,4.2,3.2
2024-07-01 12:58:00,CNR4758525220,Success,CID902431,eBike,Rajarajeshwari Nagar,Chickpet,140.0,75.0,Not Applicable,Not Applicable,No,Not Applicable,414,Cash,13,3.6,4.3
2024-07-13 03:33:00,CNR4069651921,Canceled by Driver,CID718625,Prime Plus,MG Road,Peenya,,,Not Applicable,Customer related issue,Not Applicable,Not Applicable,498,Not Applicable,0,,
2024-07-24 13:00:00,CNR5558174381,Canceled by Customer,CID828390,Prime Plus,HSR Layout,Majestic,,,Change of plans,Not Applicable,Not Applicable,Not Applicable,381,Not Applicable,0,,
2024-07-01 08:26:00,CNR9870195932,Success,CID902179,Mini,HSR Layout,Sahakar Nagar,63.0,40.0,Not Applicable,Not Applicable,No,Not Applicable,453,Cash,39,4.0,4.8
2024-07-01 19:50:00,CNR8356954129,Canceled by Driver,CID912922,Prime SUV,Majestic,Marathahalli,,,Not Applicable,Customer was coughing/sick,Not Applicable,Not Applicable,494,Not Applicable,0,,
2024-07-17 23:46:00,CNR2411854441,Driver Not Found,CID178488,Auto,Cox Town,Peenya,,,Not Applicable,Not Applicable,Not Applicable,Not Applicable,166,Not Applicable,0,,
2024-07-27 19:02:00,CNR8878032831,Success,CID701958,Prime Sedan,Koramangala,Richmond Town,98.0,85.0,Not Applicable,Not Applicable,No,Not Applicable,205,Cash,9,3.8,3.2
2024-07-13 05:51:00,CNR4686574823,Canceled by Driver,CID140422,Prime Plus,RT Nagar,Devanahalli,,,Not Applicable,Personal & Car related issue,Not Applicable,Not Applicable,325,Not Applicable,0,,
2024-07-09 14:15:00,CNR1807896456,Success,CID896638,Prime SUV,Richmond Town,Magadi Road,126.0,25.0,Not Applicable,Not Applicable,No,Not Applicable,329,Cash,29,3.3,3.8
2024-07-29 19:34:00,CNR3824064939,Canceled by Driver,CID334614,Bike,Marathahalli,Cox Town,,,Not Applicable,Personal & Car related issue,Not Applicable,Not Applicable,144,Not Applicable,0,,
2024-07-06 10:26:00,CNR8069876355,Success,CID359296,Prime Sedan,HSR Layout,Vijayanagar,147.0,25.0,Not Applicable,Not Applicable,No,Not Applicable,496,UPI,44,4.8,4.6
2024-07-24 19:02:00,CNR6930698369,Driver Not Found,CID513409,Bike,Varthur,Bellandur,,,Not Applicable,Not Applicable,Not Applicable,Not Applicable,478,Not Applicable,0,,
2024-07-04 20:28:00,CNR2130374255,Success,CID265630,Bike,Chickpet,Shivajinagar,294.0,115.0,Not Applicable,Not Applicable,No,Not Applicable,1891,Cash,37,3.8,3.7
2024-07-01 03:49:00,CNR4652035121,Success,CID142932,Prime SUV,Hennur,JP Nagar,175.0,85.0,Not Applicable,Not Applicable,No,Not Applicable,315,Credit Card,12,3.2,3.3
2024-07-10 00:45:00,CNR1855506989,Canceled by Driver,CID684091,Prime SUV,Bellandur,Basavanagudi,,,Not Applicable,Personal & Car related issue,Not Applicable,Not Applicable,524,Not Applicable,0,,
2024-07-15 00:19:00,CNR4021736276,Success,CID110203,Prime Plus,Bellandur,Richmond Town,133.0,115.0,Not Applicable,Not Applicable,No,Not Applicable,125,UPI,22,3.7,4.2
2024-07-28 01:38:00,CNR5008703576,Success,CID895448,Prime SUV,Ulsoor,Peenya,203.0,125.0,Not Applicable,Not Applicable,No,Not Applicable,391,UPI,18,3.9,3.6
2024-07-06 18:10:00,CNR1185538722,Driver Not Found,CID974915,Prime Sedan,Langford Town,Yelahanka,,,Not Applicable,Not Applicable,Not Applicable,Not Applicable,296,Not Applicable,0,,
2024-07-28 11:59:00,CNR1758152490,Success,CID283229,Prime SUV,KR Puram,JP Nagar,133.0,115.0,Not Applicable,Not Applicable,No,Not Applicable,120,Cash,21,4.6,3.7
2024-07-30 21:46:00,CNR8975838863,Success,CID271778,Prime SUV,Electronic City,Shivajinagar,273.0,130.0,Not Applicable,Not Applicable,No,Not Applicable,117,UPI,3,4.1,4.4
2024-07-13 16:28:00,CNR3941689491,Success,CID550109,Bike,Hennur,Sarjapur Road,294.0,125.0,Not Applicable,Not Applicable,No,Not Applicable,2706,UPI,14,3.6,4.3
2024-07-07 23:26:00,CNR4906937841,Success,CID354562,Prime Plus,Sahakar Nagar,Nagarbhavi,175.0,50.0,Not Applicable,Not Applicable,No,Not Applicable,952,Cash,31,3.7,5.0
2024-07-25 00:05:00,CNR9440143427,Success,CID681607,eBike,Yelahanka,Rajajinagar,252.0,120.0,Not Applicable,Not Applicable,No,Not Applicable,305,UPI,40,4.8,4.2
2024-07-12 22:07:00,CNR7515547387,Success,CID848545,Prime SUV,Whitefield,Electronic City,175.0,40.0,Not Applicable,Not Applicable,No,Not Applicable,288,UPI,32,3.1,5.0
2024-07-12 04:13:00,CNR9521399369,Success,CID112499,Mini,Devanahalli,Malleshwaram,70.0,125.0,Not Applicable,Not Applicable,No,Not Applicable,155,UPI,33,3.3,4.1
2024-07-03 02:31:00,CNR6951214909,Success,CID421566,Auto,Indiranagar,Cox Town,175.0,40.0,Not Applicable,Not Applicable,No,Not Applicable,192,Cash,14,3.4,3.6
2024-07-29 02:24:00,CNR7904288950,Success,CID554713,Mini,Rajajinagar,Sahakar Nagar,49.0,135.0,Not Applicable,Not Applicable,No,Not Applicable,387,Cash,8,3.1,3.6
2024-07-11 03:27:00,CNR9296058593,Canceled by Driver,CID133447,eBike,Peenya,Mysore Road,,,Not Applicable,Personal & Car related issue,Not Applicable,Not Applicable,188,Not Applicable,0,,
2024-07-21 12:58:00,CNR9548848794,Driver Not Found,CID311659,Prime Plus,Hebbal,Nagarbhavi,,,Not Applicable,Not Applicable,Not Applicable,Not Applicable,255,Not Applicable,0,,
2024-07-21 07:14:00,CNR2047471983,Success,CID154736,Prime Sedan,Sahakar Nagar,Electronic City,245.0,100.0,Not Applicable,Not Applicable,No,Not Applicable,206,UPI,21,3.4,3.4
2024-07-28 15:47:00,CNR7309039023,Success,CID430851,Bike,Majestic,Majestic,49.0,45.0,Not Applicable,Not Applicable,No,Not Applicable,176,Cash,23,5.0,4.2
2024-07-12 23:23:00,CNR4945310195,Canceled by Driver,CID886117,Prime SUV,Magadi Road,Magadi Road,,,Not Applicable,Customer was coughing/sick,Not Applicable,Not Applicable,402,Not Applicable,0,,
2024-07-17 21:55:00,CNR6090169809,Canceled by Driver,CID875203,Prime Plus,Rajarajeshwari Nagar,Varthur,,,Not Applicable,Customer related issue,Not Applicable,Not Applicable,2942,Not Applicable,0,,
2024-07-16 20:14:00,CNR9655788553,Success,CID622583,Bike,Kadugodi,Banashankari,91.0,65.0,Not Applicable,Not Applicable,No,Not Applicable,247,UPI,28,3.7,4.6
2024-07-01 19:15:00,CNR8496671294,Driver Not Found,CID740514,Prime Plus,Whitefield,Rajajinagar,,,Not Applicable,Not Applicable,Not Applicable,Not Applicable,158,Not Applicable,0,,
2024-07-03 15:49:00,CNR7904979137,Canceled by Driver,CID162148,eBike,MG Road,Cox Town,,,Not Applicable,Customer was coughing/sick,Not Applicable,Not Applicable,172,Not Applicable,0,,
2024-07-27 16:50:00,CNR3414681326,Canceled by Driver,CID889589,Prime Plus,MG Road,Koramangala,,,Not Applicable,Personal & Car related issue,Not Applicable,Not Applicable,115,Not Applicable,0,,
2024-07-08 12:22:00,CNR3012538326,Canceled by Driver,CID307627,eBike,Vijayanagar,Varthur,,,Not Applicable,More than permitted people in there,Not Applicable,Not Applicable,764,Not Applicable,0,,
2024-07-23 09:10:00,CNR9416300956,Canceled by Driver,CID951163,Bike,Bellandur,Richmond Town,,,Not Applicable,Customer related issue,Not Applicable,Not Applicable,144,Not Applicable,0,,
2024-07-24 08:00:00,CNR4016705369,Success,CID686432,Prime SUV,Chamarajpet,Rajarajeshwari Nagar,112.0,60.0,Not Applicable,Not Applicable,Yes,Other Issue,158,UPI,29,3.4,4.2
2024-07-12 06:46:00,CNR7491902512,Canceled by Driver,CID587722,Prime Plus,Hosur Road,Yelahanka,,,Not Applicable,Customer related issue,Not Applicable,Not Applicable,2903,Not Applicable,0,,
2024-07-28 23:12:00,CNR8229820872,Driver Not Found,CID484135,Prime Plus,Kammanahalli,Basavanagudi,,,Not Applicable,Not Applicable,Not Applicable,Not Applicable,104,Not Applicable,0,,
2024-07-25 13:49:00,CNR1997026451,Success,CID316570,Bike,Kadugodi,Whitefield,287.0,95.0,Not Applicable,Not Applicable,No,Not Applicable,404,Cash,18,4.5,3.4
2024-07-25 02:38:00,CNR9075598288,Success,CID230023,Mini,Ramamurthy Nagar,Yeshwanthpur,56.0,25.0,Not Applicable,Not Applicable,No,Not Applicable,362,Cash,25,3.9,3.2
2024-07-29 04:15:00,CNR6354266093,Success,CID257915,Prime SUV,Devanahalli,Magadi Road,161.0,70.0,Not Applicable,Not Applicable,No,Not Applicable,666,Credit Card,30,3.9,3.2
2024-07-03 21:12:00,CNR2617567945,Success,CID115382,Prime Plus,Richmond Town,Jayanagar,175.0,115.0,Not Applicable,Not Applicable,No,Not Applicable,353,UPI,20,4.9,4.5
2024-07-17 15:52:00,CNR2410181711,Canceled by Driver,CID973087,Mini,Majestic,Richmond Town,,,Not Applicable,More than permitted people in there,Not Applicable,Not Applicable,459,Not Applicable,0,,
2024-07-29 18:26:00,CNR2678004216,Success,CID192556,Prime Plus,Rajarajeshwari Nagar,Shivajinagar,140.0,140.0,Not Applicable,Not Applicable,No,Not Applicable,209,UPI,32,3.1,4.7
2024-07-23 08:32:00,CNR3701981977,Canceled by Customer,CID885482,Mini,Kengeri,RT Nagar,,,Change of plans,Not Applicable,Not Applicable,Not Applicable,193,Not Applicable,0,,
2024-07-21 03:58:00,CNR4600740676,Canceled by Customer,CID883902,Bike,HSR Layout,Tumkur Road,,,Driver asked to cancel,Not Applicable,Not Applicable,Not Applicable,264,Not Applicable,0,,
2024-07-14 06:30:00,CNR6858102127,Success,CID260405,eBike,MG Road,Frazer Town,126.0,35.0,Not Applicable,Not Applicable,No,Not Applicable,999,UPI,4,4.7,4.9
2024-07-17 06:54:00,CNR8904070135,Success,CID937317,eBike,Chickpet,Magadi Road,35.0,125.0,Not Applicable,Not Applicable,No,Not Applicable,427,UPI,17,4.8,3.2
2024-07-01 14:50:00,CNR1636236105,Success,CID367384,Prime Plus,RT Nagar,Kammanahalli,189.0,45.0,Not Applicable,Not Applicable,No,Not Applicable,395,UPI,2,4.7,4.1
2024-07-03 01:38:00,CNR5535085693,Success,CID444718,Mini,Banashankari,Bannerghatta Road,112.0,50.0,Not Applicable,Not Applicable,No,Not Applicable,812,UPI,14,3.6,3.4
2024-07-11 01:27:00,CNR8215271714,Success,CID611255,Prime SUV,Cox Town,Tumkur Road,294.0,30.0,Not Applicable,Not Applicable,No,Not Applicable,216,Cash,8,3.8,3.4
2024-07-15 01:11:00,CNR7481127074,Canceled by Customer,CID657000,Auto,Tumkur Road,Malleshwaram,,,Change of plans,Not Applicable,Not Applicable,Not Applicable,469,Not Applicable,0,,
2024-07-26 06:14:00,CNR7705009868,Driver Not Found,CID175569,Prime Plus,Magadi Road,Basavanagudi,,,Not Applicable,Not Applicable,Not Applicable,Not Applicable,664,Not Applicable,0,,
2024-07-19 18:06:00,CNR7401214676,Success,CID965844,Prime SUV,Yelahanka,Basavanagudi,196.0,30.0,Not Applicable,Not Applicable,No,Not Applicable,375,UPI,17,4.0,4.9
2024-07-24 21:59:00,CNR9465215408,Canceled by Driver,CID685981,Bike,Tumkur Road,JP Nagar,,,Not Applicable,Customer related issue,Not Applicable,Not Applicable,758,Not Applicable,0,,
2024-07-20 23:06:00,CNR8656738012,Canceled by Driver,CID494601,Prime Plus,Shivajinagar,Majestic,,,Not Applicable,Customer related issue,Not Applicable,Not Applicable,370,Not Applicable,0,,
2024-07-15 15:48:00,CNR8466726165,Success,CID758483,Bike,Cox Town,Marathahalli,308.0,45.0,Not Applicable,Not Applicable,No,Not Applicable,162,Cash,48,3.5,3.2
2024-07-04 05:05:00,CNR4704337865,Success,CID822311,Prime Sedan,Sarjapur Road,Peenya,70.0,95.0,Not Applicable,Not Applicable,No,Not Applicable,469,Cash,25,3.0,4.3
2024-07-05 23:48:00,CNR6757391615,Success,CID336850,eBike,Marathahalli,Electronic City,301.0,145.0,Not Applicable,Not Applicable,No,Not Applicable,860,Cash,20,3.2,4.1
2024-07-25 00:54:00,CNR3267541149,Success,CID723649,Prime Sedan,Hebbal,Kadugodi,168.0,130.0,Not Applicable,Not Applicable,No,Not Applicable,315,Cash,37,4.0,4.6
2024-07-06 20:34:00,CNR6193779844,Success,CID919620,eBike,BTM Layout,Ramamurthy Nagar,133.0,115.0,Not Applicable,Not Applicable,No,Not Applicable,948,UPI,21,3.8,5.0
2024-07-01 07:54:00,CNR9631145670,Success,CID101244,Prime Plus,Bannerghatta Road,Shantinagar,119.0,75.0,Not Applicable,Not Applicable,No,Not Applicable,488,UPI,3,4.0,3.9
2024-07-20 23:43:00,CNR6105325956,Canceled by Customer,CID792100,eBike,Electronic City,Bannerghatta Road,,,Driver is not moving towards pickup location,Not Applicable,Not Applicable,Not Applicable,2812,Not Applicable,0,,
2024-07-21 10:39:00,CNR1988006642,Canceled by Customer,CID104776,Auto,Marathahalli,Marathahalli,,,Change of plans,Not Applicable,Not Applicable,Not Applicable,475,Not Applicable,0,,
2024-07-05 02:41:00,CNR8734642948,Success,CID939139,Prime SUV,Malleshwaram,Kengeri,203.0,80.0,Not Applicable,Not Applicable,No,Not Applicable,424,UPI,34,3.5,3.8
2024-07-18 19:30:00,CNR7107793147,Success,CID902844,Mini,Cox Town,JP Nagar,154.0,100.0,Not Applicable,Not Applicable,No,Not Applicable,272,UPI,46,3.8,3.8
2024-07-14 14:09:00,CNR8622200288,Driver Not Found,CID484824,Prime Plus,Basavanagudi,Ramamurthy Nagar,,,Not Applicable,Not Applicable,Not Applicable,Not Applicable,272,Not Applicable,0,,
2024-07-18 23:36:00,CNR1751838481,Success,CID378080,Prime Sedan,Jayanagar,Nagarbhavi,105.0,145.0,Not Applicable,Not Applicable,No,Not Applicable,480,UPI,5,3.6,4.3
2024-07-19 03:18:00,CNR6018760785,Success,CID196849,Prime Plus,Tumkur Road,KR Puram,175.0,115.0,Not Applicable,Not Applicable,No,Not Applicable,100,Cash,24,3.7,3.5
2024-07-13 07:16:00,CNR3512248511,Canceled by Driver,CID221592,Prime Plus,Magadi Road,Padmanabhanagar,,,Not Applicable,Personal & Car related issue,Not Applicable,Not Applicable,452,Not Applicable,0,,
2024-07-23 08:09:00,CNR2195564859,Success,CID736166,eBike,Richmond Town,Ramamurthy Nagar,161.0,130.0,Not Applicable,Not Applicable,No,Not Applicable,263,Cash,37,3.1,3.0
2024-07-30 23:01:00,CNR1086466701,Driver Not Found,CID934845,Prime Sedan,MG Road,Bannerghatta Road,,,Not Applicable,Not Applicable,Not Applicable,Not Applicable,457,Not Applicable,0,,
2024-07-05 18:47:00,CNR2403340345,Success,CID522807,Prime Sedan,KR Puram,KR Puram,189.0,130.0,Not Applicable,Not Applicable,No,Not Applicable,310,Cash,31,3.5,3.4
2024-07-09 16:05:00,CNR9148670863,Canceled by Customer,CID199657,Prime Sedan,Sahakar Nagar,Hulimavu,,,Wrong Address,Not Applicable,Not Applicable,Not Applicable,223,Not Applicable,0,,
2024-07-23 23:17:00,CNR9776930549,Success,CID725235,Prime Plus,Kengeri,Hulimavu,301.0,25.0,Not Applicable,Not Applicable,No,Not Applicable,129,Cash,18,3.3,3.8
2024-07-26 05:58:00,CNR6470110685,Canceled by Driver,CID697630,Bike,Hennur,Vijayanagar,,,Not Applicable,Customer related issue,Not Applicable,Not Applicable,990,Not Applicable,0,,
2024-07-25 06:10:00,CNR9272320833,Success,CID879952,Auto,Jayanagar,Richmond Town,91.0,90.0,Not Applicable,Not Applicable,No,Not Applicable,425,Cash,19,4.8,4.3
2024-07-10 12:24:00,CNR1639412709,Success,CID329290,Prime Plus,Frazer Town,Frazer Town,147.0,85.0,Not Applicable,Not Applicable,No,Not Applicable,543,Cash,14,4.0,3.4
2024-07-10 21:24:00,CNR6838642626,Success,CID998180,Mini,Frazer Town,Rajajinagar,112.0,30.0,Not Applicable,Not Applicable,Yes,Customer Demand,972,Cash,29,4.6,4.2
2024-07-26 08:23:00,CNR6149753561,Canceled by Customer,CID735905,Prime SUV,RT Nagar,Jayanagar,,,Change of plans,Not Applicable,Not Applicable,Not Applicable,519,Not Applicable,0,,
2024-07-12 23:18:00,CNR9519961070,Success,CID282648,Mini,Sahakar Nagar,Yelahanka,175.0,140.0,Not Applicable,Not Applicable,No,Not Applicable,770,UPI,21,4.7,3.8
2024-07-15 17:03:00,CNR9900507545,Success,CID217146,Bike,Kadugodi,Shivajinagar,161.0,125.0,Not Applicable,Not Applicable,No,Not Applicable,138,Cash,36,3.8,4.2
2024-07-18 19:06:00,CNR3950001416,Canceled by Customer,CID694039,Bike,Majestic,Tumkur Road,,,Change of plans,Not Applicable,Not Applicable,Not Applicable,349,Not Applicable,0,,
2024-07-08 07:43:00,CNR4386214987,Success,CID324008,Auto,Basavanagudi,BTM Layout,63.0,140.0,Not Applicable,Not Applicable,No,Not Applicable,410,Cash,10,4.2,4.6
2024-07-01 06:51:00,CNR4991847073,Success,CID329829,Bike,Vijayanagar,Shivajinagar,56.0,50.0,Not Applicable,Not Applicable,No,Not Applicable,968,Cash,48,4.5,3.8
2024-07-18 17:31:00,CNR1724191961,Success,CID664051,Bike,Sarjapur Road,Whitefield,112.0,60.0,Not Applicable,Not Applicable,No,Not Applicable,1133,Cash,30,4.5,4.9
2024-07-20 22:41:00,CNR9197102954,Success,CID886464,Auto,Rajajinagar,Malleshwaram,175.0,40.0,Not Applicable,Not Applicable,No,Not Applicable,430,UPI,4,3.3,4.5
2024-07-06 10:00:00,CNR6357896490,Canceled by Driver,CID373512,Prime SUV,Ramamurthy Nagar,MG Road,,,Not Applicable,Customer related issue,Not Applicable,Not Applicable,211,Not Applicable,0,,
2024-07-29 05:52:00,CNR8854181165,Success,CID998056,Prime SUV,Kadugodi,Bannerghatta Road,168.0,55.0,Not Applicable,Not Applicable,No,Not Applicable,758,Cash,46,3.9,4.4
2024-07-26 16:38:00,CNR1530862802,Success,CID436049,Prime Plus,Bannerghatta Road,Electronic City,105.0,125.0,Not Applicable,Not Applicable,No,Not Applicable,360,Cash,8,3.8,4.7
2024-07-20 21:51:00,CNR1699274386,Success,CID470403,eBike,Banashankari,Hennur,63.0,65.0,Not Applicable,Not Applicable,No,Not Applicable,378,Cash,3,4.7,4.6
2024-07-27 02:35:00,CNR2464400893,Success,CID543639,Prime Sedan,Malleshwaram,KR Puram,112.0,110.0,Not Applicable,Not Applicable,No,Not Applicable,934,UPI,4,4.2,3.8
2024-07-14 04:32:00,CNR4280621978,Success,CID126261,Prime Sedan,Richmond Town,Marathahalli,133.0,35.0,Not Applicable,Not Applicable,No,Not Applicable,604,UPI,13,4.5,3.7
2024-07-20 13:12:00,CNR2903922533,Success,CID463023,Auto,Hebbal,Malleshwaram,175.0,90.0,Not Applicable,Not Applicable,No,Not Applicable,2405,Cash,2,4.1,3.3
2024-07-02 19:12:00,CNR8505118879,Driver Not Found,CID103882,Auto,Hebbal,KR Puram,,,Not Applicable,Not Applicable,Not Applicable,Not Applicable,487,Not Applicable,0,,
2024-07-27 01:38:00,CNR1998000681,Driver Not Found,CID225644,Prime Plus,Whitefield,JP Nagar,,,Not Applicable,Not Applicable,Not Applicable,Not Applicable,916,Not Applicable,0,,
2024-07-02 08:51:00,CNR3518176240,Success,CID623517,Prime SUV,Hosur Road,Kadugodi,203.0,75.0,Not Applicable,Not Applicable,No,Not Applicable,145,Cash,40,4.2,4.7
2024-07-09 04:51:00,CNR6979925008,Success,CID718622,Bike,Vijayanagar,HSR Layout,301.0,130.0,Not Applicable,Not Applicable,No,Not Applicable,961,UPI,37,3.5,4.4
2024-07-16 05:52:00,CNR4577055477,Success,CID899484,Prime Plus,Indiranagar,Kammanahalli,154.0,110.0,Not Applicable,Not Applicable,No,Not Applicable,172,Cash,16,4.5,3.5
2024-07-09 12:50:00,CNR9154809082,Success,CID319995,eBike,Langford Town,Ulsoor,252.0,50.0,Not Applicable,Not Applicable,No,Not Applicable,757,UPI,31,4.2,4.0
2024-07-07 20:27:00,CNR1249971791,Canceled by Driver,CID345366,Bike,RT Nagar,KR Puram,,,Not Applicable,Personal & Car related issue,Not Applicable,Not Applicable,334,Not Applicable,0,,
2024-07-05 15:27:00,CNR9346350013,Success,CID544441,Mini,RT Nagar,JP Nagar,175.0,145.0,Not Applicable,Not Applicable,No,Not Applicable,1413,Cash,31,4.8,4.6
2024-07-03 13:17:00,CNR9007354391,Canceled by Driver,CID742594,Bike,Basavanagudi,Sahakar Nagar,,,Not Applicable,Personal & Car related issue,Not Applicable,Not Applicable,156,Not Applicable,0,,
2024-07-16 18:36:00,CNR4795942579,Canceled by Driver,CID905890,Bike,Yelahanka,Rajajinagar,,,Not Applicable,Personal & Car related issue,Not Applicable,Not Applicable,1635,Not Applicable,0,,
2024-07-18 18:21:00,CNR4935108730,Success,CID797649,Prime SUV,Jayanagar,Magadi Road,77.0,105.0,Not Applicable,Not Applicable,No,Not Applicable,938,Cash,26,4.1,4.1
2024-07-30 18:24:00,CNR3076747517,Success,CID883216,Auto,Ulsoor,Sarjapur Road,231.0,145.0,Not Applicable,Not Applicable,No,Not Applicable,456,UPI,6,4.6,4.6
2024-07-21 21:47:00,CNR1160959082,Driver Not Found,CID407716,eBike,Ramamurthy Nagar,Sarjapur Road,,,Not Applicable,Not Applicable,Not Applicable,Not Applicable,274,Not Applicable,0,,
2024-07-16 13:22:00,CNR3259971436,Driver Not Found,CID483610,Mini,Majestic,Jayanagar,,,Not Applicable,Not Applicable,Not Applicable,Not Applicable,189,Not Applicable,0,,
2024-07-24 00:14:00,CNR9846723951,Canceled by Driver,CID280341,Mini,BTM Layout,JP Nagar,,,Not Applicable,Personal & Car related issue,Not Applicable,Not Applicable,340,Not Applicable,0,,
2024-07-15 10:31:00,CNR6842454091,Canceled by Driver,CID692214,eBike,Ulsoor,RT Nagar,,,Not Applicable,Personal & Car related issue,Not Applicable,Not Applicable,150,Not Applicable,0,,
2024-07-17 08:24:00,CNR7308946764,Driver Not Found,CID703263,Auto,Peenya,Ulsoor,,,Not Applicable,Not Applicable,Not Applicable,Not Applicable,513,Not Applicable,0,,
2024-07-30 05:40:00,CNR1972767239,Canceled by Driver,CID440907,Bike,Richmond Town,Majestic,,,Not Applicable,More than permitted people in there,Not Applicable,Not Applicable,135,Not Applicable,0,,
2024-07-22 02:16:00,CNR5785402731,Success,CID896100,Auto,Frazer Town,Hulimavu,63.0,55.0,Not Applicable,Not Applicable,No,Not Applicable,839,UPI,1,4.8,4.6
2024-07-04 13:42:00,CNR4798616453,Success,CID828174,Prime SUV,Magadi Road,Hebbal,203.0,100.0,Not Applicable,Not Applicable,No,Not Applicable,2125,Cash,38,4.8,3.5
2024-07-07 10:40:00,CNR1056512942,Canceled by Driver,CID261174,Prime Plus,Shantinagar,Nagarbhavi,,,Not Applicable,Customer related issue,Not Applicable,Not Applicable,462,Not Applicable,0,,
2024-07-22 17:08:00,CNR2613742654,Success,CID650255,eBike,Electronic City,MG Road,154.0,115.0,Not Applicable,Not Applicable,No,Not Applicable,109,UPI,5,3.7,3.2
2024-07-04 07:21:00,CNR7516211119,Success,CID804851,Prime Sedan,JP Nagar,Hulimavu,224.0,130.0,Not Applicable,Not Applicable,No,Not Applicable,1772,UPI,21,4.2,4.3
2024-07-20 17:29:00,CNR5396103690,Success,CID876521,eBike,Yeshwanthpur,Langford Town,252.0,85.0,Not Applicable,Not Applicable,No,Not Applicable,726,UPI,14,3.5,3.0
2024-07-03 06:14:00,CNR2426019834,Success,CID741460,Bike,Langford Town,Padmanabhanagar,224.0,75.0,Not Applicable,Not Applicable,No,Not Applicable,1956,Cash,35,4.9,3.6
2024-07-21 08:59:00,CNR5065810085,Success,CID302813,Auto,Langford Town,Vijayanagar,182.0,120.0,Not Applicable,Not Applicable,No,Not Applicable,788,UPI,17,4.6,4.9
2024-07-01 23:34:00,CNR5020021740,Driver Not Found,CID708512,Prime SUV,BTM Layout,Hosur Road,,,Not Applicable,Not Applicable,Not Applicable,Not Applicable,201,Not Applicable,0,,
2024-07-19 14:42:00,CNR4362952995,Success,CID765433,eBike,Chamarajpet,Chickpet,161.0,45.0,Not Applicable,Not Applicable,No,Not Applicable,421,Cash,5,4.3,4.0
2024-07-04 04:48:00,CNR9168048066,Canceled by Driver,CID684064,Auto,Tumkur Road,BTM Layout,,,Not Applicable,More than permitted people in there,Not Applicable,Not Applicable,492,Not Applicable,0,,
2024-07-15 11:06:00,CNR2577050926,Driver Not Found,CID111538,Prime SUV,Padmanabhanagar,Hulimavu,,,Not Applicable,Not Applicable,Not Applicable,Not Applicable,877,Not Applicable,0,,
2024-07-30 12:00:00,CNR8225504335,Success,CID823757,Prime Sedan,Padmanabhanagar,Koramangala,126.0,30.0,Not Applicable,Not Applicable,No,Not Applicable,256,UPI,41,4.5,3.8
2024-07-11 06:12:00,CNR5836370775,Success,CID316637,Prime SUV,Whitefield,Yelahanka,84.0,75.0,Not Applicable,Not Applicable,No,Not Applicable,385,Cash,18,4.8,3.7
2024-07-01 06:04:00,CNR7504395953,Canceled by Customer,CID438640,Auto,MG Road,Sarjapur Road,,,Driver asked to cancel,Not Applicable,Not Applicable,Not Applicable,214,Not Applicable,0,,
2024-07-19 14:50:00,CNR4182029976,Success,CID678580,Auto,Hulimavu,Whitefield,112.0,80.0,Not Applicable,Not Applicable,No,Not Applicable,314,UPI,15,4.1,3.5
2024-07-28 12:32:00,CNR3227650657,Canceled by Driver,CID823315,Prime Plus,Cox Town,Rajajinagar,,,Not Applicable,Customer related issue,Not Applicable,Not Applicable,355,Not Applicable,0,,
2024-07-25 15:33:00,CNR2781819949,Success,CID230773,Prime Sedan,Bannerghatta Road,Ulsoor,196.0,105.0,Not Applicable,Not Applicable,No,Not Applicable,314,UPI,1,4.5,3.2
2024-07-26 10:27:00,CNR7385527086,Success,CID487355,Prime Plus,Richmond Town,Kammanahalli,189.0,105.0,Not Applicable,Not Applicable,No,Not Applicable,2835,UPI,23,4.9,3.3
2024-07-02 02:06:00,CNR4987594031,Canceled by Driver,CID819913,eBike,KR Puram,Sarjapur Road,,,Not Applicable,More than permitted people in there,Not Applicable,Not Applicable,2398,Not Applicable,0,,
2024-07-20 16:00:00,CNR9963905094,Success,CID868729,Prime SUV,Varthur,Kammanahalli,238.0,65.0,Not Applicable,Not Applicable,No,Not Applicable,743,UPI,43,4.7,4.0
2024-07-01 02:12:00,CNR9215838741,Success,CID327915,eBike,Cox Town,MG Road,224.0,40.0,Not Applicable,Not Applicable,No,Not Applicable,156,UPI,44,4.9,3.9
2024-07-29 05:59:00,CNR3497970098,Success,CID667236,Bike,Koramangala,Koramangala,224.0,100.0,Not Applicable,Not Applicable,No,Not Applicable,972,UPI,19,3.5,3.6
2024-07-12 19:38:00,CNR6854683836,Success,CID125002,Prime Sedan,Hennur,Jayanagar,231.0,65.0,Not Applicable,Not Applicable,No,Not Applicable,817,UPI,25,3.2,3.6
2024-07-13 23:20:00,CNR5799595461,Success,CID467606,Bike,Tumkur Road,Richmond Town,294.0,35.0,Not Applicable,Not Applicable,No,Not Applicable,760,Cash,45,3.4,4.9
2024-07-08 12:23:00,CNR5947109337,Driver Not Found,CID968068,Prime Plus,Electronic City,Whitefield,,,Not Applicable,Not Applicable,Not Applicable,Not Applicable,939,Not Applicable,0,,
2024-07-29 05:14:00,CNR5786971284,Success,CID653042,eBike,Nagarbhavi,Malleshwaram,210.0,130.0,Not Applicable,Not Applicable,No,Not Applicable,957,UPI,32,3.7,4.7
2024-07-16 05:13:00,CNR7988418529,Success,CID446467,Mini,Richmond Town,Marathahalli,91.0,85.0,Not Applicable,Not Applicable,Yes,Vehicle Breakdown,653,Cash,25,3.8,4.7
2024-07-19 07:17:00,CNR2491788072,Driver Not Found,CID999495,Bike,Electronic City,Sarjapur Road,,,Not Applicable,Not Applicable,Not Applicable,Not Applicable,268,Not Applicable,0,,
2024-07-01 16:34:00,CNR9632419674,Canceled by Driver,CID920022,Prime Sedan,Kammanahalli,Banashankari,,,Not Applicable,More than permitted people in there,Not Applicable,Not Applicable,254,Not Applicable,0,,
2024-07-10 01:13:00,CNR3316940195,Success,CID107907,Bike,Jayanagar,Vijayanagar,77.0,130.0,Not Applicable,Not Applicable,No,Not Applicable,757,Cash,15,3.2,4.6
2024-07-19 13:40:00,CNR3738630819,Canceled by Driver,CID629681,Prime SUV,Hennur,Chickpet,,,Not Applicable,More than permitted people in there,Not Applicable,Not Applicable,2656,Not Applicable,0,,
2024-07-23 12:44:00,CNR4843322312,Canceled by Customer,CID121665,Prime SUV,JP Nagar,Magadi Road,,,Driver is not moving towards pickup location,Not Applicable,Not Applicable,Not Applicable,130,Not Applicable,0,,
2024-07-25 20:01:00,CNR2008796682,Success,CID703005,eBike,Padmanabhanagar,Banashankari,175.0,80.0,Not Applicable,Not Applicable,No,Not Applicable,465,Cash,4,3.2,4.8
2024-07-10 23:21:00,CNR7932932762,Success,CID476693,Prime Sedan,Kadugodi,Kadugodi,196.0,40.0,Not Applicable,Not Applicable,No,Not Applicable,327,UPI,17,3.4,3.7
2024-07-27 05:10:00,CNR6703737616,Canceled by Driver,CID416320,Prime Sedan,Sahakar Nagar,Langford Town,,,Not Applicable,Customer was coughing/sick,Not Applicable,Not Applicable,171,Not Applicable,0,,
2024-07-27 02:49:00,CNR5967276798,Success,CID101982,Mini,Frazer Town,Electronic City,56.0,135.0,Not Applicable,Not Applicable,No,Not Applicable,781,Cash,2,3.7,4.6
2024-07-07 13:53:00,CNR7352673450,Success,CID981772,Prime SUV,Magadi Road,Basavanagudi,210.0,40.0,Not Applicable,Not Applicable,Yes,Other Issue,798,UPI,34,3.0,4.5
2024-07-25 10:18:00,CNR3555559131,Canceled by Driver,CID281199,Auto,Basavanagudi,Majestic,,,Not Applicable,Customer related issue,Not Applicable,Not Applicable,267,Not Applicable,0,,
2024-07-11 11:19:00,CNR1217177026,Success,CID645943,Prime SUV,Cox Town,Marathahalli,224.0,35.0,Not Applicable,Not Applicable,No,Not Applicable,420,Credit Card,26,3.0,4.8
2024-07-09 16:05:00,CNR5361351061,Success,CID125650,Bike,Malleshwaram,Jayanagar,140.0,40.0,Not Applicable,Not Applicable,No,Not Applicable,633,Cash,12,3.6,4.9
2024-07-17 14:47:00,CNR9297565130,Canceled by Driver,CID345934,Auto,Varthur,Rajajinagar,,,Not Applicable,Personal & Car related issue,Not Applicable,Not Applicable,467,Not Applicable,0,,
2024-07-27 09:36:00,CNR8732519185,Success,CID862265,Prime SUV,Ramamurthy Nagar,Tumkur Road,287.0,90.0,Not Applicable,Not Applicable,No,Not Applicable,439,UPI,43,3.8,4.5
2024-07-17 01:34:00,CNR9618419803,Success,CID707950,Prime Sedan,Chickpet,Hebbal,196.0,65.0,Not Applicable,Not Applicable,No,Not Applicable,225,Cash,6,4.5,4.2
2024-07-02 15:08:00,CNR2018084717,Success,CID723337,Prime SUV,RT Nagar,Kammanahalli,252.0,55.0,Not Applicable,Not Applicable,No,Not Applicable,480,UPI,26,3.1,3.2
2024-07-11 06:06:00,CNR4376858732,Canceled by Customer,CID451545,Prime Plus,Hosur Road,Bannerghatta Road,,,Driver is not moving towards pickup location,Not Applicable,Not Applicable,Not Applicable,871,Not Applicable,0,,
2024-07-19 05:19:00,CNR4227894630,Success,CID434378,Mini,Ulsoor,Koramangala,259.0,80.0,Not Applicable,Not Applicable,No,Not Applicable,185,UPI,37,3.4,3.5
2024-07-30 17:13:00,CNR5157514181,Success,CID537639,Prime Plus,KR Puram,Shivajinagar,35.0,30.0,Not Applicable,Not Applicable,No,Not Applicable,230,Cash,23,4.3,3.3
2024-07-06 05:55:00,CNR2174759696,Success,CID923654,Prime SUV,Bannerghatta Road,Tumkur Road,238.0,130.0,Not Applicable,Not Applicable,No,Not Applicable,389,Cash,33,4.7,3.8
2024-07-21 22:09:00,CNR3722106535,Canceled by Driver,CID663378,Prime Plus,BTM Layout,Bellandur,,,Not Applicable,More than permitted people in there,Not Applicable,Not Applicable,2355,Not Applicable,0,,
2024-07-16 04:29:00,CNR5223461795,Success,CID812916,Bike,Koramangala,Sahakar Nagar,294.0,145.0,Not Applicable,Not Applicable,No,Not Applicable,391,UPI,45,3.5,4.9
2024-07-20 14:40:00,CNR4579979385,Success,CID362278,Prime Plus,Ramamurthy Nagar,Frazer Town,154.0,130.0,Not Applicable,Not Applicable,No,Not Applicable,263,Cash,40,4.9,4.7
2024-07-30 11:50:00,CNR9743000171,Success,CID412449,Prime Plus,Hebbal,Nagarbhavi,189.0,95.0,Not Applicable,Not Applicable,No,Not Applicable,450,UPI,14,3.9,3.7
2024-07-17 10:29:00,CNR4376185493,Canceled by Driver,CID254312,eBike,Nagarbhavi,Varthur,,,Not Applicable,Customer related issue,Not Applicable,Not Applicable,477,Not Applicable,0,,
2024-07-03 02:29:00,CNR4177552039,Success,CID166623,Prime Plus,Langford Town,Yeshwanthpur,259.0,40.0,Not Applicable,Not Applicable,No,Not Applicable,247,UPI,34,4.0,3.4
2024-07-09 10:43:00,CNR3174377083,Success,CID172521,Auto,Malleshwaram,KR Puram,119.0,45.0,Not Applicable,Not Applicable,No,Not Applicable,182,Cash,9,4.0,3.0
2024-07-14 20:40:00,CNR6299119589,Success,CID598340,Auto,Malleshwaram,Rajarajeshwari Nagar,273.0,90.0,Not Applicable,Not Applicable,No,Not Applicable,398,UPI,16,4.5,4.6
2024-07-05 15:00:00,CNR7970438510,Success,CID956154,Auto,Banashankari,MG Road,133.0,110.0,Not Applicable,Not Applicable,No,Not Applicable,394,UPI,3,3.6,4.1
2024-07-20 07:43:00,CNR6307645974,Success,CID396697,eBike,HSR Layout,Ulsoor,119.0,30.0,Not Applicable,Not Applicable,No,Not Applicable,368,Cash,26,4.5,4.8
2024-07-30 11:04:00,CNR5786555513,Canceled by Driver,CID673953,Prime Plus,Yeshwanthpur,Sarjapur Road,,,Not Applicable,More than permitted people in there,Not Applicable,Not Applicable,255,Not Applicable,0,,
2024-07-24 20:18:00,CNR2769886489,Success,CID485984,eBike,RT Nagar,Kadugodi,280.0,95.0,Not Applicable,Not Applicable,No,Not Applicable,2129,Cash,6,4.0,3.5
2024-07-15 11:42:00,CNR3235079106,Canceled by Driver,CID310839,eBike,Shantinagar,Yelahanka,,,Not Applicable,Personal & Car related issue,Not Applicable,Not Applicable,344,Not Applicable,0,,
2024-07-14 17:52:00,CNR4071067164,Success,CID678100,Prime Sedan,MG Road,Frazer Town,161.0,70.0,Not Applicable,Not Applicable,No,Not Applicable,180,UPI,34,4.4,3.6
2024-07-03 18:56:00,CNR6724799524,Success,CID766621,eBike,Yelahanka,Nagarbhavi,259.0,55.0,Not Applicable,Not Applicable,No,Not Applicable,345,Credit Card,11,4.7,3.1
2024-07-04 13:04:00,CNR8103820021,Success,CID223809,Mini,BTM Layout,Chamarajpet,217.0,145.0,Not Applicable,Not Applicable,No,Not Applicable,137,Cash,16,3.6,4.5
2024-07-20 12:24:00,CNR1594174745,Success,CID618776,Prime Sedan,Hebbal,JP Nagar,294.0,80.0,Not Applicable,Not Applicable,No,Not Applicable,420,UPI,27,3.1,4.0
2024-07-21 18:05:00,CNR5879967270,Success,CID456691,Bike,Tumkur Road,Chickpet,126.0,130.0,Not Applicable,Not Applicable,No,Not Applicable,291,UPI,34,4.2,4.8
2024-07-18 14:01:00,CNR8280147808,Success,CID291855,Mini,Kadugodi,Nagarbhavi,245.0,145.0,Not Applicable,Not Applicable,No,Not Applicable,993,UPI,18,4.6,3.6
2024-07-10 06:18:00,CNR3022919977,Success,CID954720,Prime Sedan,Kengeri,Koramangala,287.0,65.0,Not Applicable,Not Applicable,No,Not Applicable,379,Cash,31,4.2,3.5
2024-07-13 05:30:00,CNR3026641025,Success,CID319065,Prime SUV,Marathahalli,Shantinagar,168.0,110.0,Not Applicable,Not Applicable,No,Not Applicable,339,UPI,42,3.7,4.5
2024-07-15 04:59:00,CNR7965743805,Success,CID521438,Prime Plus,Majestic,Padmanabhanagar,126.0,70.0,Not Applicable,Not Applicable,No,Not Applicable,401,UPI,43,4.6,3.8
2024-07-07 20:27:00,CNR1060389101,Success,CID578243,Prime Sedan,Hulimavu,Shivajinagar,245.0,125.0,Not Applicable,Not Applicable,No,Not Applicable,162,UPI,8,3.9,3.6
2024-07-22 04:04:00,CNR9803271087,Success,CID595341,Prime SUV,Shantinagar,Ramamurthy Nagar,252.0,50.0,Not Applicable,Not Applicable,No,Not Applicable,454,UPI,27,3.2,4.7
2024-07-02 19:20:00,CNR6054337167,Success,CID589984,eBike,Ramamurthy Nagar,Banashankari,294.0,25.0,Not Applicable,Not Applicable,No,Not Applicable,185,Credit Card,47,4.4,3.8
2024-07-12 20:46:00,CNR4961520498,Success,CID350136,Bike,Devanahalli,Hennur,280.0,135.0,Not Applicable,Not Applicable,No,Not Applicable,540,UPI,35,4.5,3.8
2024-07-02 16:20:00,CNR8293675053,Success,CID167495,Mini,Cox Town,Ulsoor,182.0,25.0,Not Applicable,Not Applicable,Yes,Vehicle Breakdown,225,Cash,42,4.9,4.6
2024-07-30 08:39:00,CNR7635043868,Success,CID805541,Prime SUV,Mysore Road,Yelahanka,280.0,110.0,Not Applicable,Not Applicable,No,Not Applicable,170,UPI,10,4.5,3.8
2024-07-22 18:04:00,CNR1943726949,Success,CID637813,eBike,Indiranagar,Marathahalli,168.0,125.0,Not Applicable,Not Applicable,No,Not Applicable,444,UPI,42,3.9,4.3
2024-07-30 10:03:00,CNR1701900959,Canceled by Driver,CID784760,Bike,BTM Layout,Devanahalli,,,Not Applicable,Personal & Car related issue,Not Applicable,Not Applicable,485,Not Applicable,0,,
2024-07-01 01:28:00,CNR5693545555,Success,CID929330,Bike,Hulimavu,Kadugodi,273.0,140.0,Not Applicable,Not Applicable,No,Not Applicable,1848,Cash,25,3.6,3.7
2024-07-25 06:10:00,CNR7751245493,Canceled by Customer,CID306678,Auto,Bellandur,Kammanahalli,,,Driver is not moving towards pickup location,Not Applicable,Not Applicable,Not Applicable,393,Not Applicable,0,,
2024-07-18 16:48:00,CNR2554205686,Success,CID181082,Prime Plus,Chickpet,Ulsoor,245.0,130.0,Not Applicable,Not Applicable,No,Not Applicable,627,Cash,21,3.1,4.5
2024-07-27 09:30:00,CNR8841309195,Success,CID138235,Prime Sedan,Electronic City,Hosur Road,168.0,45.0,Not Applicable,Not Applicable,No,Not Applicable,330,Credit Card,45,3.8,3.8
2024-07-08 11:36:00,CNR4136709531,Success,CID555108,Auto,Rajajinagar,Bannerghatta Road,280.0,55.0,Not Applicable,Not Applicable,No,Not Applicable,918,Cash,19,4.1,4.6
2024-07-21 05:12:00,CNR9903628834,Success,CID651752,Prime SUV,Kammanahalli,Whitefield,280.0,30.0,Not Applicable,Not Applicable,No,Not Applicable,114,Cash,49,4.2,4.3
2024-07-06 03:56:00,CNR5769020259,Success,CID393339,Mini,Cox Town,Yeshwanthpur,210.0,100.0,Not Applicable,Not Applicable,No,Not Applicable,977,Cash,31,3.5,3.6
2024-07-20 06:15:00,CNR9848562577,Success,CID218572,Prime Sedan,Malleshwaram,Richmond Town,182.0,85.0,Not Applicable,Not Applicable,No,Not Applicable,1171,UPI,9,4.3,4.5
2024-07-18 09:40:00,CNR2652682180,Canceled by Driver,CID125091,Prime SUV,Sahakar Nagar,Shivajinagar,,,Not Applicable,Customer related issue,Not Applicable,Not Applicable,122,Not Applicable,0,,
2024-07-16 23:31:00,CNR7595507104,Success,CID476558,eBike,RT Nagar,Peenya,308.0,50.0,Not Applicable,Not Applicable,No,Not Applicable,259,UPI,20,3.0,3.7
2024-07-01 16:17:00,CNR6986268396,Success,CID547120,Prime Plus,Sarjapur Road,Hennur,119.0,100.0,Not Applicable,Not Applicable,No,Not Applicable,617,Credit Card,33,4.2,4.8
2024-07-26 18:58:00,CNR5933471199,Driver Not Found,CID336587,Prime Plus,Bannerghatta Road,Chickpet,,,Not Applicable,Not Applicable,Not Applicable,Not Applicable,158,Not Applicable,0,,
2024-07-19 21:47:00,CNR6397924344,Success,CID272881,Prime SUV,Indiranagar,Ulsoor,105.0,60.0,Not Applicable,Not Applicable,No,Not Applicable,604,Cash,20,3.2,4.6
2024-07-26 06:27:00,CNR8382262806,Success,CID185952,Prime Sedan,Ulsoor,Whitefield,210.0,120.0,Not Applicable,Not Applicable,No,Not Applicable,205,UPI,35,4.4,4.4
2024-07-01 04:44:00,CNR7282064384,Success,CID852407,Prime Sedan,Kengeri,KR Puram,105.0,65.0,Not Applicable,Not Applicable,No,Not Applicable,441,Credit Card,20,3.6,3.9
2024-07-10 04:45:00,CNR3040799170,Canceled by Driver,CID796135,Bike,Cox Town,KR Puram,,,Not Applicable,Customer related issue,Not Applicable,Not Applicable,240,Not Applicable,0,,
2024-07-18 00:15:00,CNR5593574400,Success,CID166591,Prime Sedan,KR Puram,Ulsoor,35.0,135.0,Not Applicable,Not Applicable,No,Not Applicable,963,UPI,35,4.2,4.1
2024-07-05 21:44:00,CNR2961599579,Success,CID468679,Bike,Varthur,Yeshwanthpur,308.0,90.0,Not Applicable,Not Applicable,No,Not Applicable,160,UPI,7,3.8,3.1
2024-07-17 13:59:00,CNR8673832572,Canceled by Customer,CID980797,Prime Plus,KR Puram,RT Nagar,,,Driver is not moving towards pickup location,Not Applicable,Not Applicable,Not Applicable,1517,Not Applicable,0,,
2024-07-03 00:38:00,CNR5249735189,Success,CID309721,Prime Sedan,Ramamurthy Nagar,Bannerghatta Road,210.0,50.0,Not Applicable,Not Applicable,No,Not Applicable,281,Cash,22,4.5,3.2
2024-07-15 19:39:00,CNR1693935414,Success,CID847611,Prime SUV,Chamarajpet,KR Puram,49.0,95.0,Not Applicable,Not Applicable,Yes,Vehicle Breakdown,376,Cash,16,3.0,4.9
2024-07-14 03:01:00,CNR8779206030,Success,CID696091,Auto,KR Puram,BTM Layout,203.0,100.0,Not Applicable,Not Applicable,No,Not Applicable,601,Cash,6,4.3,3.6
2024-07-08 05:41:00,CNR9465819164,Success,CID869962,Prime Plus,Sarjapur Road,Devanahalli,112.0,105.0,Not Applicable,Not Applicable,No,Not Applicable,809,Cash,3,3.4,3.6
2024-07-12 23:38:00,CNR4393802121,Success,CID859874,Prime Plus,Tumkur Road,Hulimavu,154.0,140.0,Not Applicable,Not Applicable,No,Not Applicable,163,UPI,39,3.4,3.0
2024-07-02 08:09:00,CNR4181415193,Canceled by Driver,CID855858,Prime Plus,Devanahalli,Hennur,,,Not Applicable,Customer related issue,Not Applicable,Not Applicable,211,Not Applicable,0,,
2024-07-18 11:34:00,CNR7762625735,Success,CID112849,Mini,Magadi Road,Chamarajpet,70.0,90.0,Not Applicable,Not Applicable,No,Not Applicable,256,Cash,36,3.5,5.0
2024-07-07 15:31:00,CNR3742008602,Success,CID831116,eBike,Majestic,Peenya,35.0,105.0,Not Applicable,Not Applicable,No,Not Applicable,161,Credit Card,11,3.3,3.3
2024-07-30 07:25:00,CNR8827068705,Success,CID884599,Auto,Yelahanka,Hosur Road,105.0,25.0,Not Applicable,Not Applicable,No,Not Applicable,436,UPI,19,3.3,4.7
2024-07-18 17:53:00,CNR9377704521,Canceled by Driver,CID588793,Prime Plus,Sahakar Nagar,JP Nagar,,,Not Applicable,Personal & Car related issue,Not Applicable,Not Applicable,193,Not Applicable,0,,
2024-07-14 22:23:00,CNR8824612033,Canceled by Driver,CID568355,Mini,Magadi Road,BTM Layout,,,Not Applicable,Customer related issue,Not Applicable,Not Applicable,546,Not Applicable,0,,
2024-07-14 14:44:00,CNR3349449121,Driver Not Found,CID744135,Bike,Banashankari,Nagarbhavi,,,Not Applicable,Not Applicable,Not Applicable,Not Applicable,216,Not Applicable,0,,
2024-07-03 10:49:00,CNR4215875559,Success,CID867376,Prime Sedan,MG Road,Majestic,84.0,85.0,Not Applicable,Not Applicable,No,Not Applicable,447,Cash,17,3.3,4.8
2024-07-09 03:10:00,CNR2711116147,Success,CID793613,Prime Sedan,Banashankari,Shivajinagar,98.0,50.0,Not Applicable,Not Applicable,No,Not Applicable,548,Cash,3,3.1,4.6
2024-07-28 16:42:00,CNR5209093528,Success,CID864305,Auto,Majestic,Nagarbhavi,98.0,120.0,Not Applicable,Not Applicable,Yes,Other Issue,356,UPI,4,4.7,3.1
2024-07-09 18:13:00,CNR7224814174,Success,CID278263,Prime Plus,Hosur Road,Bellandur,203.0,85.0,Not Applicable,Not Applicable,No,Not Applicable,573,UPI,25,4.3,3.5
2024-07-07 18:18:00,CNR9492707757,Success,CID879783,Prime Sedan,Padmanabhanagar,Majestic,147.0,25.0,Not Applicable,Not Applicable,No,Not Applicable,851,Cash,32,3.2,3.2
2024-07-13 00:19:00,CNR2133254107,Success,CID904929,Prime SUV,Varthur,Bannerghatta Road,119.0,70.0,Not Applicable,Not Applicable,Yes,Vehicle Breakdown,493,UPI,12,3.4,3.3
2024-07-05 03:48:00,CNR6506113926,Success,CID649907,Auto,Hosur Road,Varthur,175.0,135.0,Not Applicable,Not Applicable,No,Not Applicable,705,Cash,13,3.5,4.1
2024-07-24 22:09:00,CNR3747417756,Canceled by Driver,CID195017,Prime SUV,Padmanabhanagar,Padmanabhanagar,,,Not Applicable,Customer was coughing/sick,Not Applicable,Not Applicable,727,Not Applicable,0,,
2024-07-18 21:36:00,CNR5373566398,Canceled by Driver,CID544342,Prime Plus,KR Puram,Richmond Town,,,Not Applicable,Customer related issue,Not Applicable,Not Applicable,1716,Not Applicable,0,,
2024-07-22 01:02:00,CNR3506547821,Success,CID270392,Prime Plus,Bellandur,Bellandur,231.0,95.0,Not Applicable,Not Applicable,No,Not Applicable,108,UPI,43,3.2,4.0
2024-07-24 09:49:00,CNR4137190427,Canceled by Customer,CID303005,Prime SUV,Yelahanka,KR Puram,,,Driver asked to cancel,Not Applicable,Not Applicable,Not Applicable,434,Not Applicable,0,,
2024-07-20 03:00:00,CNR8891624642,Canceled by Driver,CID427728,Prime Plus,Hosur Road,Vijayanagar,,,Not Applicable,More than permitted people in there,Not Applicable,Not Applicable,297,Not Applicable,0,,
2024-07-16 06:06:00,CNR9224107855,Canceled by Customer,CID794548,Prime Plus,Shivajinagar,JP Nagar,,,Wrong Address,Not Applicable,Not Applicable,Not Applicable,106,Not Applicable,0,,
2024-07-22 20:31:00,CNR9532884356,Success,CID819373,eBike,Rajarajeshwari Nagar,BTM Layout,56.0,135.0,Not Applicable,Not Applicable,No,Not Applicable,214,UPI,14,4.8,3.4
2024-07-22 14:35:00,CNR6511037749,Success,CID862678,Prime SUV,Hosur Road,Ulsoor,126.0,40.0,Not Applicable,Not Applicable,No,Not Applicable,1754,Cash,33,3.1,4.3
2024-07-26 01:42:00,CNR5932565913,Success,CID587700,Prime Sedan,Kengeri,Peenya,91.0,130.0,Not Applicable,Not Applicable,No,Not Applicable,648,UPI,18,3.5,3.7
2024-07-04 04:32:00,CNR1226441654,Canceled by Customer,CID756088,Prime Sedan,Padmanabhanagar,MG Road,,,Driver asked to cancel,Not Applicable,Not Applicable,Not Applicable,117,Not Applicable,0,,
2024-07-16 00:10:00,CNR7577286352,Success,CID822704,Prime Plus,Bellandur,Padmanabhanagar,280.0,75.0,Not Applicable,Not Applicable,No,Not Applicable,330,Cash,42,4.6,4.9
2024-07-08 19:20:00,CNR2747424273,Canceled by Customer,CID545660,Auto,Chickpet,Basavanagudi,,,AC is Not working,Not Applicable,Not Applicable,Not Applicable,442,Not Applicable,0,,
2024-07-12 10:44:00,CNR2327591451,Canceled by Customer,CID750649,Prime Sedan,Hebbal,Ramamurthy Nagar,,,Driver is not moving towards pickup location,Not Applicable,Not Applicable,Not Applicable,223,Not Applicable,0,,
2024-07-22 15:02:00,CNR8060001510,Success,CID855237,Prime SUV,KR Puram,Varthur,231.0,50.0,Not Applicable,Not Applicable,No,Not Applicable,540,Cash,29,3.8,3.7
2024-07-06 20:17:00,CNR2929561515,Canceled by Driver,CID453204,Prime Sedan,Ramamurthy Nagar,Richmond Town,,,Not Applicable,Personal & Car related issue,Not Applicable,Not Applicable,311,Not Applicable,0,,
2024-07-06 13:33:00,CNR8930761965,Success,CID690948,Mini,Frazer Town,Kengeri,308.0,30.0,Not Applicable,Not Applicable,No,Not Applicable,377,UPI,47,3.3,4.6
2024-07-24 14:33:00,CNR6654654910,Driver Not Found,CID462441,Prime Sedan,Hebbal,Hulimavu,,,Not Applicable,Not Applicable,Not Applicable,Not Applicable,481,Not Applicable,0,,
2024-07-30 19:31:00,CNR7610411432,Canceled by Driver,CID850547,Prime Plus,Tumkur Road,Chickpet,,,Not Applicable,Personal & Car related issue,Not Applicable,Not Applicable,345,Not Applicable,0,,
2024-07-04 01:51:00,CNR1953624029,Driver Not Found,CID572565,Prime SUV,Whitefield,Cox Town,,,Not Applicable,Not Applicable,Not Applicable,Not Applicable,1620,Not Applicable,0,,
2024-07-24 06:13:00,CNR6670864966,Driver Not Found,CID561167,Prime Sedan,Ramamurthy Nagar,Devanahalli,,,Not Applicable,Not Applicable,Not Applicable,Not Applicable,614,Not Applicable,0,,
2024-07-10 07:16:00,CNR4171034749,Canceled by Customer,CID924239,eBike,Indiranagar,Varthur,,,Driver is not moving towards pickup location,Not Applicable,Not Applicable,Not Applicable,427,Not Applicable,0,,
2024-07-30 12:20:00,CNR2642521931,Success,CID850984,Prime Sedan,Kammanahalli,Majestic,133.0,45.0,Not Applicable,Not Applicable,No,Not Applicable,212,Cash,40,3.7,3.2
2024-07-16 12:53:00,CNR1706213126,Success,CID638623,eBike,Mysore Road,Ulsoor,301.0,130.0,Not Applicable,Not Applicable,No,Not Applicable,319,Cash,9,3.7,4.5
2024-07-28 12:54:00,CNR6506355661,Success,CID943899,Prime Sedan,Whitefield,Nagarbhavi,133.0,30.0,Not Applicable,Not Applicable,No,Not Applicable,335,UPI,45,3.2,3.6
2024-07-21 21:28:00,CNR7281334976,Canceled by Customer,CID274408,Bike,Richmond Town,Varthur,,,Wrong Address,Not Applicable,Not Applicable,Not Applicable,186,Not Applicable,0,,
2024-07-11 13:14:00,CNR9633408115,Driver Not Found,CID382830,Prime SUV,Kengeri,Ulsoor,,,Not Applicable,Not Applicable,Not Applicable,Not Applicable,219,Not Applicable,0,,
2024-07-27 08:35:00,CNR8271398404,Success,CID558783,eBike,Richmond Town,HSR Layout,63.0,45.0,Not Applicable,Not Applicable,No,Not Applicable,334,Credit Card,29,3.6,3.0
2024-07-06 22:48:00,CNR1759038995,Success,CID608197,Mini,Frazer Town,Marathahalli,301.0,40.0,Not Applicable,Not Applicable,No,Not Applicable,383,UPI,39,3.9,4.9
2024-07-27 13:10:00,CNR3640197722,Success,CID657928,Mini,Malleshwaram,Hulimavu,56.0,55.0,Not Applicable,Not Applicable,No,Not Applicable,828,Cash,19,4.6,3.4
2024-07-29 05:53:00,CNR3473726272,Success,CID589222,Prime Plus,Indiranagar,Richmond Town,231.0,25.0,Not Applicable,Not Applicable,No,Not Applicable,227,Cash,7,4.3,3.8
2024-07-18 20:02:00,CNR9330159269,Success,CID330179,Prime SUV,BTM Layout,Hebbal,259.0,95.0,Not Applicable,Not Applicable,No,Not Applicable,660,Cash,47,3.8,3.8
2024-07-16 01:07:00,CNR3272160199,Driver Not Found,CID687407,Prime Sedan,Kengeri,Varthur,,,Not Applicable,Not Applicable,Not Applicable,Not Applicable,792,Not Applicable,0,,
2024-07-01 10:32:00,CNR5700811280,Success,CID511241,eBike,Kammanahalli,Kadugodi,287.0,30.0,Not Applicable,Not Applicable,No,Not Applicable,148,Cash,9,4.9,3.9
2024-07-01 02:46:00,CNR7647323481,Canceled by Customer,CID192097,Auto,Whitefield,Majestic,,,Change of plans,Not Applicable,Not Applicable,Not Applicable,533,Not Applicable,0,,
2024-07-29 05:36:00,CNR9431934740,Success,CID995252,Mini,Indiranagar,Basavanagudi,294.0,40.0,Not Applicable,Not Applicable,No,Not Applicable,249,UPI,44,3.8,3.9
2024-07-10 11:12:00,CNR6694901454,Success,CID677571,Mini,Bellandur,Banashankari,224.0,95.0,Not Applicable,Not Applicable,Yes,Customer Demand,954,Cash,34,4.7,3.3
2024-07-17 15:36:00,CNR8816146608,Success,CID480134,Bike,Chickpet,Devanahalli,77.0,110.0,Not Applicable,Not Applicable,No,Not Applicable,790,UPI,6,3.6,4.3
2024-07-30 15:14:00,CNR9686007831,Success,CID707326,Prime Plus,Banashankari,Vijayanagar,161.0,125.0,Not Applicable,Not Applicable,No,Not Applicable,154,UPI,26,4.5,3.3
2024-07-11 00:28:00,CNR1207926086,Success,CID983762,Bike,Richmond Town,HSR Layout,91.0,85.0,Not Applicable,Not Applicable,No,Not Applicable,459,UPI,16,3.6,4.9
2024-07-02 12:21:00,CNR1379385199,Success,CID391499,Prime SUV,Mysore Road,Hennur,84.0,115.0,Not Applicable,Not Applicable,No,Not Applicable,391,UPI,26,4.6,3.1
2024-07-13 18:31:00,CNR7873768718,Canceled by Customer,CID217879,Prime Sedan,Bannerghatta Road,Koramangala,,,Driver asked to cancel,Not Applicable,Not Applicable,Not Applicable,492,Not Applicable,0,,
2024-07-26 18:29:00,CNR3091908634,Driver Not Found,CID347651,Prime SUV,Shivajinagar,Yeshwanthpur,,,Not Applicable,Not Applicable,Not Applicable,Not Applicable,373,Not Applicable,0,,
2024-07-13 19:43:00,CNR8263899832,Success,CID155715,eBike,Koramangala,Electronic City,126.0,70.0,Not Applicable,Not Applicable,Yes,Customer Demand,245,Cash,35,3.8,4.8
2024-07-16 20:12:00,CNR8751668799,Driver Not Found,CID211800,Prime Plus,Padmanabhanagar,Devanahalli,,,Not Applicable,Not Applicable,Not Applicable,Not Applicable,175,Not Applicable,0,,
2024-07-26 20:52:00,CNR7853490748,Success,CID469574,Prime SUV,BTM Layout,Hebbal,259.0,145.0,Not Applicable,Not Applicable,No,Not Applicable,271,UPI,4,3.9,3.4
2024-07-16 04:25:00,CNR1366114156,Success,CID127229,Prime SUV,Mysore Road,Whitefield,203.0,115.0,Not Applicable,Not Applicable,No,Not Applicable,136,UPI,26,3.8,3.4
2024-07-19 15:33:00,CNR6341127394,Success,CID907590,eBike,Hulimavu,Sahakar Nagar,91.0,85.0,Not Applicable,Not Applicable,No,Not Applicable,320,UPI,22,4.2,3.7
2024-07-16 10:26:00,CNR8577288409,Success,CID139462,Mini,Tumkur Road,Marathahalli,161.0,120.0,Not Applicable,Not Applicable,No,Not Applicable,370,UPI,19,4.4,3.3
2024-07-09 16:17:00,CNR5753429424,Success,CID624630,eBike,Frazer Town,Hosur Road,56.0,115.0,Not Applicable,Not Applicable,No,Not Applicable,315,UPI,48,4.3,3.5
2024-07-28 01:01:00,CNR4470333976,Canceled by Driver,CID661226,Mini,Chamarajpet,HSR Layout,,,Not Applicable,Customer related issue,Not Applicable,Not Applicable,851,Not Applicable,0,,
2024-07-29 06:40:00,CNR8563702728,Success,CID162295,Bike,Langford Town,Peenya,112.0,60.0,Not Applicable,Not Applicable,No,Not Applicable,367,UPI,8,4.5,3.6
2024-07-05 03:12:00,CNR2412377665,Success,CID418078,eBike,Hennur,Banashankari,168.0,60.0,Not Applicable,Not Applicable,No,Not Applicable,2325,Cash,35,3.5,3.9
2024-07-05 06:06:00,CNR4132634423,Success,CID512030,Prime Sedan,Shantinagar,RT Nagar,231.0,140.0,Not Applicable,Not Applicable,No,Not Applicable,457,UPI,10,3.7,4.3
2024-07-02 10:56:00,CNR5447494771,Success,CID973820,Auto,Hosur Road,Ulsoor,119.0,95.0,Not Applicable,Not Applicable,No,Not Applicable,379,UPI,8,4.6,4.9
2024-07-08 12:18:00,CNR7175335401,Canceled by Customer,CID663965,Bike,Yeshwanthpur,Indiranagar,,,Driver is not moving towards pickup location,Not Applicable,Not Applicable,Not Applicable,452,Not Applicable,0,,
2024-07-13 03:32:00,CNR6773770795,Canceled by Customer,CID612432,Prime SUV,Padmanabhanagar,Chamarajpet,,,Driver is not moving towards pickup location,Not Applicable,Not Applicable,Not Applicable,846,Not Applicable,0,,
2024-07-17 06:04:00,CNR7278103569,Success,CID596803,eBike,MG Road,Hennur,189.0,35.0,Not Applicable,Not Applicable,No,Not Applicable,222,UPI,33,3.5,3.3
2024-07-09 21:40:00,CNR1520042149,Canceled by Driver,CID681257,eBike,Chickpet,Bannerghatta Road,,,Not Applicable,More than permitted people in there,Not Applicable,Not Applicable,482,Not Applicable,0,,
2024-07-21 02:12:00,CNR1916475205,Canceled by Driver,CID909300,Prime SUV,Peenya,Bellandur,,,Not Applicable,Customer was coughing/sick,Not Applicable,Not Applicable,346,Not Applicable,0,,
2024-07-11 01:50:00,CNR2326684007,Success,CID738397,Prime SUV,Padmanabhanagar,Varthur,98.0,80.0,Not Applicable,Not Applicable,No,Not Applicable,1735,Cash,33,3.3,3.5
2024-07-03 03:50:00,CNR4529816512,Success,CID605911,Prime SUV,Tumkur Road,Majestic,280.0,35.0,Not Applicable,Not Applicable,No,Not Applicable,402,UPI,28,3.4,4.7
2024-07-24 00:20:00,CNR1573355629,Canceled by Customer,CID214761,Auto,Sahakar Nagar,Koramangala,,,Driver is not moving towards pickup location,Not Applicable,Not Applicable,Not Applicable,279,Not Applicable,0,,
2024-07-03 19:24:00,CNR2476005990,Success,CID217952,eBike,Frazer Town,RT Nagar,133.0,85.0,Not Applicable,Not Applicable,No,Not Applicable,233,UPI,33,3.2,4.0
2024-07-09 02:30:00,CNR3844022978,Canceled by Customer,CID963351,eBike,Vijayanagar,Hosur Road,,,Driver asked to cancel,Not Applicable,Not Applicable,Not Applicable,476,Not Applicable,0,,
2024-07-07 16:06:00,CNR5623051131,Canceled by Customer,CID890661,Prime Sedan,Chamarajpet,Chickpet,,,Wrong Address,Not Applicable,Not Applicable,Not Applicable,295,Not Applicable,0,,
2024-07-28 14:45:00,CNR5346726309,Canceled by Driver,CID550584,Auto,Koramangala,Bellandur,,,Not Applicable,Customer related issue,Not Applicable,Not Applicable,419,Not Applicable,0,,
2024-07-23 10:24:00,CNR1255821938,Success,CID370935,Prime SUV,Shantinagar,Devanahalli,203.0,40.0,Not Applicable,Not Applicable,No,Not Applicable,182,Cash,38,5.0,3.5
2024-07-20 11:38:00,CNR1047544230,Success,CID879400,Mini,Bannerghatta Road,Banashankari,252.0,100.0,Not Applicable,Not Applicable,No,Not Applicable,408,Debit Card,5,4.4,4.1
2024-07-05 01:54:00,CNR3363687359,Success,CID374080,Mini,RT Nagar,Mysore Road,238.0,50.0,Not Applicable,Not Applicable,No,Not Applicable,282,Cash,32,3.2,3.3
2024-07-26 02:04:00,CNR7768661345,Success,CID726912,Bike,Hosur Road,Electronic City,189.0,140.0,Not Applicable,Not Applicable,No,Not Applicable,513,UPI,7,4.1,3.3
2024-07-24 08:33:00,CNR4787945616,Success,CID309965,Bike,JP Nagar,Majestic,105.0,60.0,Not Applicable,Not Applicable,No,Not Applicable,274,UPI,5,3.3,4.5
2024-07-18 15:31:00,CNR2179078233,Canceled by Customer,CID827643,Prime Plus,Rajajinagar,Banashankari,,,Wrong Address,Not Applicable,Not Applicable,Not Applicable,161,Not Applicable,0,,
2024-07-29 16:42:00,CNR8518903976,Success,CID554144,Prime Plus,BTM Layout,Sahakar Nagar,161.0,115.0,Not Applicable,Not Applicable,No,Not Applicable,363,Cash,2,3.1,3.0
2024-07-09 11:03:00,CNR4155744795,Success,CID873644,Mini,Electronic City,Richmond Town,308.0,35.0,Not Applicable,Not Applicable,No,Not Applicable,496,Cash,25,3.9,3.5
2024-07-27 02:46:00,CNR1986142952,Success,CID604147,Mini,Frazer Town,Hebbal,287.0,130.0,Not Applicable,Not Applicable,No,Not Applicable,462,UPI,6,3.6,4.4
2024-07-30 03:33:00,CNR9691400748,Success,CID755846,Prime Plus,Jayanagar,Cox Town,182.0,130.0,Not Applicable,Not Applicable,Yes,Vehicle Breakdown,121,Cash,47,3.4,3.3
2024-07-10 00:57:00,CNR7338369642,Driver Not Found,CID338879,Prime SUV,Sarjapur Road,Kengeri,,,Not Applicable,Not Applicable,Not Applicable,Not Applicable,219,Not Applicable,0,,
2024-07-12 12:47:00,CNR1353742796,Driver Not Found,CID287858,Bike,Rajarajeshwari Nagar,KR Puram,,,Not Applicable,Not Applicable,Not Applicable,Not Applicable,725,Not Applicable,0,,
2024-07-17 16:20:00,CNR9275500450,Success,CID642713,eBike,KR Puram,Chamarajpet,252.0,25.0,Not Applicable,Not Applicable,No,Not Applicable,442,Cash,45,3.8,4.4
2024-07-10 23:11:00,CNR3610891050,Canceled by Driver,CID749555,Bike,Ramamurthy Nagar,Yelahanka,,,Not Applicable,Personal & Car related issue,Not Applicable,Not Applicable,175,Not Applicable,0,,
2024-07-22 04:18:00,CNR9353465543,Canceled by Driver,CID859919,Bike,Rajarajeshwari Nagar,Ramamurthy Nagar,,,Not Applicable,Customer related issue,Not Applicable,Not Applicable,285,Not Applicable,0,,
2024-07-09 06:39:00,CNR2101680601,Success,CID894778,Prime Sedan,Shivajinagar,Rajarajeshwari Nagar,105.0,145.0,Not Applicable,Not Applicable,No,Not Applicable,248,Cash,26,4.0,3.9
2024-07-28 21:36:00,CNR6327045137,Success,CID318428,Mini,Hebbal,BTM Layout,196.0,75.0,Not Applicable,Not Applicable,No,Not Applicable,174,Cash,8,3.4,4.9
2024-07-08 06:28:00,CNR8930546114,Success,CID144304,Prime SUV,Tumkur Road,Majestic,140.0,90.0,Not Applicable,Not Applicable,No,Not Applicable,416,Cash,49,3.5,3.7
2024-07-21 12:38:00,CNR8110483998,Canceled by Customer,CID406061,Prime SUV,Rajajinagar,BTM Layout,,,Driver asked to cancel,Not Applicable,Not Applicable,Not Applicable,895,Not Applicable,0,,
2024-07-18 21:40:00,CNR7751669121,Driver Not Found,CID883199,Bike,Yelahanka,Basavanagudi,,,Not Applicable,Not Applicable,Not Applicable,Not Applicable,307,Not Applicable,0,,
2024-07-17 00:40:00,CNR7632520492,Canceled by Customer,CID583517,Prime SUV,Whitefield,Chickpet,,,Change of plans,Not Applicable,Not Applicable,Not Applicable,375,Not Applicable,0,,
2024-07-04 10:50:00,CNR8765391846,Success,CID189135,Mini,Bannerghatta Road,Peenya,42.0,130.0,Not Applicable,Not Applicable,No,Not Applicable,906,UPI,32,4.8,4.7
2024-07-16 09:02:00,CNR2918568139,Success,CID823564,Mini,Hulimavu,Ramamurthy Nagar,77.0,50.0,Not Applicable,Not Applicable,No,Not Applicable,1298,UPI,23,4.7,5.0
2024-07-02 17:30:00,CNR4051182095,Canceled by Driver,CID788416,Bike,Rajajinagar,Kammanahalli,,,Not Applicable,Customer related issue,Not Applicable,Not Applicable,162,Not Applicable,0,,
2024-07-26 00:33:00,CNR7915417637,Success,CID424063,Auto,Bannerghatta Road,Rajajinagar,273.0,50.0,Not Applicable,Not Applicable,No,Not Applicable,1142,Cash,10,4.3,3.6
2024-07-28 15:59:00,CNR2330457308,Canceled by Customer,CID243437,Prime Plus,Marathahalli,Peenya,,,Driver is not moving towards pickup location,Not Applicable,Not Applicable,Not Applicable,2850,Not Applicable,0,,
2024-07-04 10:51:00,CNR3696006451,Success,CID815563,Prime SUV,Majestic,BTM Layout,91.0,25.0,Not Applicable,Not Applicable,No,Not Applicable,182,UPI,16,3.2,3.3
2024-07-03 12:26:00,CNR1553987846,Driver Not Found,CID410731,Bike,Kadugodi,Frazer Town,,,Not Applicable,Not Applicable,Not Applicable,Not Applicable,857,Not Applicable,0,,
2024-07-03 14:17:00,CNR9057688630,Success,CID562702,Bike,Frazer Town,Rajarajeshwari Nagar,231.0,95.0,Not Applicable,Not Applicable,No,Not Applicable,743,UPI,25,4.4,3.1
2024-07-09 10:41:00,CNR6801498831,Success,CID494047,eBike,Hennur,Jayanagar,112.0,100.0,Not Applicable,Not Applicable,No,Not Applicable,447,UPI,26,4.9,3.4
2024-07-27 12:52:00,CNR4567061768,Canceled by Driver,CID331275,Prime SUV,HSR Layout,Cox Town,,,Not Applicable,Personal & Car related issue,Not Applicable,Not Applicable,336,Not Applicable,0,,
2024-07-19 23:13:00,CNR1554130771,Success,CID861709,Prime SUV,RT Nagar,Vijayanagar,182.0,50.0,Not Applicable,Not Applicable,No,Not Applicable,969,UPI,8,4.3,3.6
2024-07-02 09:11:00,CNR4766509434,Success,CID142525,Auto,Malleshwaram,Kammanahalli,98.0,55.0,Not Applicable,Not Applicable,No,Not Applicable,616,Cash,5,3.9,4.7
2024-07-08 21:36:00,CNR4506023095,Success,CID660032,Bike,Magadi Road,Peenya,238.0,110.0,Not Applicable,Not Applicable,No,Not Applicable,905,Cash,35,4.1,3.9
2024-07-13 13:54:00,CNR3516207312,Canceled by Driver,CID517418,Bike,Basavanagudi,Peenya,,,Not Applicable,Personal & Car related issue,Not Applicable,Not Applicable,718,Not Applicable,0,,
2024-07-01 05:45:00,CNR2793412400,Success,CID232019,Prime Plus,Nagarbhavi,Indiranagar,245.0,80.0,Not Applicable,Not Applicable,No,Not Applicable,274,UPI,39,4.6,3.5
2024-07-17 06:29:00,CNR2996619066,Canceled by Customer,CID129297,Prime Sedan,Frazer Town,Ramamurthy Nagar,,,Driver asked to cancel,Not Applicable,Not Applicable,Not Applicable,201,Not Applicable,0,,
2024-07-16 22:02:00,CNR3339724098,Success,CID487015,Mini,JP Nagar,Chamarajpet,203.0,90.0,Not Applicable,Not Applicable,No,Not Applicable,624,UPI,26,3.9,3.0
2024-07-10 19:40:00,CNR8573991236,Success,CID444969,eBike,Rajarajeshwari Nagar,Yeshwanthpur,147.0,40.0,Not Applicable,Not Applicable,No,Not Applicable,2867,Credit Card,25,4.9,3.6
2024-07-02 11:08:00,CNR6882420285,Canceled by Driver,CID719832,Mini,Vijayanagar,KR Puram,,,Not Applicable,Personal & Car related issue,Not Applicable,Not Applicable,132,Not Applicable,0,,
2024-07-25 23:05:00,CNR2888398574,Canceled by Customer,CID803570,Prime SUV,Kengeri,Indiranagar,,,AC is Not working,Not Applicable,Not Applicable,Not Applicable,225,Not Applicable,0,,
2024-07-28 13:59:00,CNR6211669958,Driver Not Found,CID308726,Prime Sedan,Electronic City,KR Puram,,,Not Applicable,Not Applicable,Not Applicable,Not Applicable,330,Not Applicable,0,,
2024-07-10 09:34:00,CNR2779454529,Success,CID996722,eBike,Kengeri,Devanahalli,105.0,30.0,Not Applicable,Not Applicable,No,Not Applicable,364,UPI,41,4.9,3.8
2024-07-29 13:24:00,CNR5041718252,Success,CID513265,Prime Plus,Majestic,Hennur,308.0,140.0,Not Applicable,Not Applicable,No,Not Applicable,405,UPI,36,3.2,4.6
2024-07-25 19:31:00,CNR4597041908,Success,CID654606,Auto,Bannerghatta Road,Nagarbhavi,35.0,135.0,Not Applicable,Not Applicable,No,Not Applicable,870,UPI,14,3.5,4.8
2024-07-19 23:55:00,CNR6791371725,Canceled by Driver,CID421418,Mini,JP Nagar,Kadugodi,,,Not Applicable,Customer related issue,Not Applicable,Not Applicable,162,Not Applicable,0,,
2024-07-14 21:42:00,CNR1097073645,Canceled by Driver,CID412732,Prime Sedan,Yeshwanthpur,Vijayanagar,,,Not Applicable,Personal & Car related issue,Not Applicable,Not Applicable,282,Not Applicable,0,,
2024-07-19 11:41:00,CNR8884890446,Canceled by Driver,CID646286,Prime Sedan,Ulsoor,Langford Town,,,Not Applicable,Personal & Car related issue,Not Applicable,Not Applicable,154,Not Applicable,0,,
2024-07-20 23:22:00,CNR9977513670,Success,CID415977,Auto,Chamarajpet,Langford Town,133.0,105.0,Not Applicable,Not Applicable,No,Not Applicable,1756,Credit Card,12,3.4,3.1
2024-07-01 02:44:00,CNR8025120938,Success,CID753289,Prime Sedan,Padmanabhanagar,Rajajinagar,161.0,140.0,Not Applicable,Not Applicable,No,Not Applicable,339,Cash,6,3.1,3.5
2024-07-26 06:48:00,CNR4623060954,Canceled by Driver,CID458508,Prime Sedan,Frazer Town,KR Puram,,,Not Applicable,Customer related issue,Not Applicable,Not Applicable,361,Not Applicable,0,,
2024-07-07 20:53:00,CNR9324780855,Success,CID814731,Auto,Varthur,Sarjapur Road,182.0,60.0,Not Applicable,Not Applicable,No,Not Applicable,389,Cash,11,4.3,4.2
2024-07-07 20:54:00,CNR2296836959,Success,CID593916,Prime Sedan,Devanahalli,RT Nagar,140.0,85.0,Not Applicable,Not Applicable,No,Not Applicable,368,Cash,23,4.9,4.1
2024-07-05 21:33:00,CNR3227235007,Success,CID609282,Auto,Ramamurthy Nagar,Basavanagudi,70.0,135.0,Not Applicable,Not Applicable,No,Not Applicable,134,Cash,9,3.9,4.1
2024-07-01 21:03:00,CNR5927827240,Canceled by Customer,CID864495,Bike,HSR Layout,Kammanahalli,,,Driver asked to cancel,Not Applicable,Not Applicable,Not Applicable,411,Not Applicable,0,,
2024-07-26 23:38:00,CNR3077190605,Success,CID167626,eBike,Langford Town,Cox Town,154.0,60.0,Not Applicable,Not Applicable,No,Not Applicable,365,Cash,34,3.9,5.0
2024-07-24 20:38:00,CNR7950787875,Success,CID893752,Auto,Langford Town,Padmanabhanagar,140.0,80.0,Not Applicable,Not Applicable,No,Not Applicable,846,UPI,18,3.6,4.5
2024-07-10 11:37:00,CNR7164128869,Success,CID810920,Prime Sedan,Yeshwanthpur,Kammanahalli,203.0,145.0,Not Applicable,Not Applicable,Yes,Vehicle Breakdown,413,Cash,12,3.3,4.4
2024-07-28 23:58:00,CNR9181033275,Success,CID649504,eBike,Hosur Road,Kammanahalli,294.0,40.0,Not Applicable,Not Applicable,No,Not Applicable,2286,UPI,10,4.2,4.0
2024-07-16 22:27:00,CNR5911790899,Success,CID823538,Auto,MG Road,Ulsoor,217.0,145.0,Not Applicable,Not Applicable,No,Not Applicable,393,Cash,19,4.0,4.4
2024-07-18 21:50:00,CNR8730200533,Canceled by Customer,CID368023,Prime Plus,Chamarajpet,BTM Layout,,,AC is Not working,Not Applicable,Not Applicable,Not Applicable,211,Not Applicable,0,,
2024-07-18 13:48:00,CNR6915642269,Driver Not Found,CID377716,Bike,KR Puram,Sarjapur Road,,,Not Applicable,Not Applicable,Not Applicable,Not Applicable,165,Not Applicable,0,,
2024-07-20 03:35:00,CNR9638187193,Success,CID487878,Prime Plus,Vijayanagar,Koramangala,245.0,75.0,Not Applicable,Not Applicable,No,Not Applicable,324,Cash,43,3.2,3.0
2024-07-15 05:28:00,CNR9261760740,Success,CID598138,eBike,Kengeri,Rajajinagar,70.0,50.0,Not Applicable,Not Applicable,No,Not Applicable,320,Cash,17,4.9,3.8
2024-07-16 15:47:00,CNR4429132065,Success,CID685403,Mini,Basavanagudi,Marathahalli,84.0,40.0,Not Applicable,Not Applicable,No,Not Applicable,858,UPI,4,4.8,3.1
2024-07-22 22:25:00,CNR3146283951,Success,CID693533,Bike,Rajarajeshwari Nagar,Magadi Road,84.0,60.0,Not Applicable,Not Applicable,No,Not Applicable,465,UPI,19,3.5,4.8
2024-07-04 15:36:00,CNR4550102969,Success,CID733501,Prime Plus,Rajajinagar,Basavanagudi,140.0,30.0,Not Applicable,Not Applicable,No,Not Applicable,985,UPI,30,4.7,4.4
2024-07-03 14:41:00,CNR1351383619,Success,CID174627,Prime SUV,Rajajinagar,Basavanagudi,70.0,45.0,Not Applicable,Not Applicable,No,Not Applicable,983,Cash,14,4.0,3.5
2024-07-09 20:20:00,CNR4834484927,Success,CID413749,Mini,Chamarajpet,Basavanagudi,49.0,35.0,Not Applicable,Not Applicable,No,Not Applicable,198,UPI,37,4.8,3.3
2024-07-11 14:10:00,CNR3554585790,Success,CID772287,Bike,Devanahalli,Hennur,140.0,65.0,Not Applicable,Not Applicable,No,Not Applicable,167,Cash,32,3.3,4.7
2024-07-06 18:19:00,CNR8775760707,Canceled by Customer,CID367351,Prime Plus,Sarjapur Road,BTM Layout,,,Wrong Address,Not Applicable,Not Applicable,Not Applicable,1361,Not Applicable,0,,
2024-07-07 05:21:00,CNR9725003902,Success,CID297230,Auto,Chamarajpet,Nagarbhavi,280.0,85.0,Not Applicable,Not Applicable,No,Not Applicable,326,Cash,2,4.7,3.6
2024-07-17 23:08:00,CNR1027712110,Canceled by Driver,CID604760,Bike,Electronic City,Langford Town,,,Not Applicable,Customer related issue,Not Applicable,Not Applicable,369,Not Applicable,0,,
2024-07-30 23:39:00,CNR6493408855,Canceled by Driver,CID359334,Prime Plus,Hebbal,Marathahalli,,,Not Applicable,Customer related issue,Not Applicable,Not Applicable,441,Not Applicable,0,,
2024-07-17 23:27:00,CNR1243318676,Success,CID439064,Auto,Peenya,Rajajinagar,224.0,35.0,Not Applicable,Not Applicable,No,Not Applicable,2106,Cash,14,3.8,5.0
2024-07-03 06:43:00,CNR4989581155,Driver Not Found,CID251369,Mini,Basavanagudi,Basavanagudi,,,Not Applicable,Not Applicable,Not Applicable,Not Applicable,370,Not Applicable,0,,
2024-07-21 17:16:00,CNR8101607232,Success,CID723324,Auto,Whitefield,Yeshwanthpur,308.0,55.0,Not Applicable,Not Applicable,Yes,Other Issue,220,Cash,10,4.3,4.8
2024-07-28 14:53:00,CNR5110371409,Success,CID762927,Prime SUV,Rajajinagar,KR Puram,217.0,35.0,Not Applicable,Not Applicable,No,Not Applicable,262,Cash,10,4.2,3.4
2024-07-05 06:11:00,CNR8184003294,Canceled by Driver,CID868901,Prime Sedan,Kammanahalli,KR Puram,,,Not Applicable,Customer related issue,Not Applicable,Not Applicable,128,Not Applicable,0,,
2024-07-27 01:57:00,CNR5443598286,Success,CID386117,Prime Sedan,Frazer Town,Peenya,252.0,50.0,Not Applicable,Not Applicable,No,Not Applicable,192,UPI,4,4.7,4.9
2024-07-23 14:55:00,CNR3030529436,Success,CID522629,Prime Sedan,Chickpet,JP Nagar,217.0,125.0,Not Applicable,Not Applicable,No,Not Applicable,788,UPI,5,4.6,3.4
2024-07-04 11:29:00,CNR5092153836,Success,CID444366,Auto,Electronic City,Hennur,49.0,135.0,Not Applicable,Not Applicable,No,Not Applicable,655,Cash,10,4.0,4.8
2024-07-29 05:52:00,CNR1528643672,Success,CID920488,eBike,Majestic,Cox Town,252.0,125.0,Not Applicable,Not Applicable,No,Not Applicable,212,UPI,29,3.2,4.0
2024-07-30 21:08:00,CNR4805620628,Success,CID579217,Auto,Jayanagar,Shivajinagar,77.0,40.0,Not Applicable,Not Applicable,No,Not Applicable,614,UPI,7,4.5,4.9
2024-07-04 18:07:00,CNR5476151247,Success,CID553632,eBike,Hulimavu,Malleshwaram,161.0,120.0,Not Applicable,Not Applicable,No,Not Applicable,183,Cash,18,4.7,3.8
2024-07-26 06:17:00,CNR8220281750,Canceled by Customer,CID181126,Bike,Kammanahalli,Varthur,,,Driver asked to cancel,Not Applicable,Not Applicable,Not Applicable,411,Not Applicable,0,,
2024-07-07 11:30:00,CNR2902205484,Canceled by Customer,CID847346,Prime Plus,Padmanabhanagar,Rajajinagar,,,Wrong Address,Not Applicable,Not Applicable,Not Applicable,253,Not Applicable,0,,
2024-07-28 02:44:00,CNR3698254263,Success,CID438871,Prime Plus,Kadugodi,Yelahanka,126.0,135.0,Not Applicable,Not Applicable,No,Not Applicable,702,Cash,15,4.0,4.0
2024-07-30 14:41:00,CNR9051258657,Success,CID757638,Prime SUV,Devanahalli,Ramamurthy Nagar,70.0,100.0,Not Applicable,Not Applicable,No,Not Applicable,1214,Cash,14,4.5,3.8
2024-07-26 19:43:00,CNR5066501001,Success,CID937623,eBike,RT Nagar,Koramangala,301.0,60.0,Not Applicable,Not Applicable,No,Not Applicable,337,UPI,6,4.9,4.7
2024-07-01 08:51:00,CNR4888330837,Canceled by Driver,CID803474,Mini,Hennur,Indiranagar,,,Not Applicable,Personal & Car related issue,Not Applicable,Not Applicable,279,Not Applicable,0,,
2024-07-04 07:36:00,CNR8646970792,Success,CID258686,Prime Sedan,Devanahalli,Mysore Road,147.0,30.0,Not Applicable,Not Applicable,Yes,Customer Demand,688,UPI,6,4.2,3.9
2024-07-29 16:19:00,CNR6466648856,Success,CID381715,Prime SUV,Kammanahalli,Chickpet,105.0,95.0,Not Applicable,Not Applicable,No,Not Applicable,274,UPI,26,3.6,4.0
2024-07-22 11:23:00,CNR2641554911,Canceled by Driver,CID893268,Bike,Bellandur,Hebbal,,,Not Applicable,Personal & Car related issue,Not Applicable,Not Applicable,361,Not Applicable,0,,
2024-07-13 00:29:00,CNR9622018748,Driver Not Found,CID613643,eBike,Whitefield,Frazer Town,,,Not Applicable,Not Applicable,Not Applicable,Not Applicable,919,Not Applicable,0,,
2024-07-04 21:27:00,CNR6993877182,Driver Not Found,CID929889,Auto,Kengeri,Hulimavu,,,Not Applicable,Not Applicable,Not Applicable,Not Applicable,670,Not Applicable,0,,
2024-07-17 11:27:00,CNR2948366697,Driver Not Found,CID783313,Auto,Kammanahalli,Hebbal,,,Not Applicable,Not Applicable,Not Applicable,Not Applicable,454,Not Applicable,0,,
2024-07-01 03:40:00,CNR7675476856,Canceled by Customer,CID332338,eBike,Kengeri,Electronic City,,,Driver asked to cancel,Not Applicable,Not Applicable,Not Applicable,565,Not Applicable,0,,
2024-07-21 08:19:00,CNR6446990564,Success,CID658170,Bike,Banashankari,Devanahalli,147.0,75.0,Not Applicable,Not Applicable,Yes,Customer Demand,456,UPI,26,3.9,3.8
2024-07-15 22:28:00,CNR9457466077,Success,CID812017,Bike,Yelahanka,Banashankari,273.0,110.0,Not Applicable,Not Applicable,No,Not Applicable,276,Cash,47,3.9,4.3
2024-07-29 10:42:00,CNR6695615658,Success,CID377506,Mini,Devanahalli,Ramamurthy Nagar,77.0,95.0,Not Applicable,Not Applicable,No,Not Applicable,358,Cash,25,4.2,3.0
2024-07-09 14:22:00,CNR2731326393,Canceled by Driver,CID896141,Mini,JP Nagar,Jayanagar,,,Not Applicable,Customer was coughing/sick,Not Applicable,Not Applicable,619,Not Applicable,0,,
2024-07-22 15:58:00,CNR7326738327,Success,CID359868,Mini,HSR Layout,Padmanabhanagar,63.0,105.0,Not Applicable,Not Applicable,No,Not Applicable,105,Cash,25,3.1,4.6
2024-07-18 23:29:00,CNR1277210078,Success,CID665526,Bike,Sarjapur Road,Nagarbhavi,301.0,30.0,Not Applicable,Not Applicable,No,Not Applicable,418,Cash,8,3.3,3.2
2024-07-21 19:33:00,CNR4078603784,Success,CID713734,Mini,Richmond Town,Yeshwanthpur,231.0,35.0,Not Applicable,Not Applicable,No,Not Applicable,618,Cash,17,3.8,3.2
2024-07-15 03:50:00,CNR1886365730,Canceled by Driver,CID262868,Bike,JP Nagar,Rajajinagar,,,Not Applicable,Customer related issue,Not Applicable,Not Applicable,138,Not Applicable,0,,
2024-07-02 04:43:00,CNR1286825746,Success,CID323987,Prime SUV,Sahakar Nagar,Bellandur,77.0,135.0,Not Applicable,Not Applicable,No,Not Applicable,2958,UPI,19,4.4,3.8
2024-07-14 15:15:00,CNR9459952106,Driver Not Found,CID832359,Auto,Chickpet,Kammanahalli,,,Not Applicable,Not Applicable,Not Applicable,Not Applicable,401,Not Applicable,0,,
2024-07-05 00:07:00,CNR9084173538,Success,CID395391,Auto,Frazer Town,HSR Layout,119.0,115.0,Not Applicable,Not Applicable,No,Not Applicable,483,UPI,14,3.6,3.8
2024-07-27 06:48:00,CNR7016447408,Success,CID402638,Auto,Ramamurthy Nagar,Bannerghatta Road,63.0,110.0,Not Applicable,Not Applicable,No,Not Applicable,390,Cash,14,4.6,3.1
2024-07-19 12:56:00,CNR1853015596,Success,CID104924,Prime Sedan,Mysore Road,Marathahalli,182.0,85.0,Not Applicable,Not Applicable,No,Not Applicable,172,Cash,42,4.6,3.7
2024-07-02 03:46:00,CNR7268732908,Canceled by Driver,CID488909,Mini,Yelahanka,Hennur,,,Not Applicable,Customer related issue,Not Applicable,Not Applicable,201,Not Applicable,0,,
2024-07-16 08:00:00,CNR6559396006,Success,CID290604,Bike,JP Nagar,Indiranagar,98.0,60.0,Not Applicable,Not Applicable,No,Not Applicable,334,Cash,44,4.3,4.0
2024-07-15 00:57:00,CNR1115118963,Success,CID952090,Bike,MG Road,Sahakar Nagar,189.0,40.0,Not Applicable,Not Applicable,Yes,Customer Demand,517,Cash,42,4.9,4.8
2024-07-09 22:37:00,CNR5283969147,Canceled by Driver,CID626407,Prime Sedan,Sarjapur Road,Indiranagar,,,Not Applicable,Personal & Car related issue,Not Applicable,Not Applicable,911,Not Applicable,0,,
2024-07-29 10:01:00,CNR9114165632,Driver Not Found,CID381251,Auto,Bannerghatta Road,Malleshwaram,,,Not Applicable,Not Applicable,Not Applicable,Not Applicable,707,Not Applicable,0,,
2024-07-02 22:47:00,CNR1816599730,Success,CID170843,Mini,Bellandur,Kadugodi,259.0,55.0,Not Applicable,Not Applicable,No,Not Applicable,359,UPI,41,4.8,4.6
2024-07-10 04:25:00,CNR1936860617,Canceled by Driver,CID914774,Prime Sedan,Rajarajeshwari Nagar,Cox Town,,,Not Applicable,Customer related issue,Not Applicable,Not Applicable,266,Not Applicable,0,,
2024-07-28 19:29:00,CNR8138951563,Canceled by Driver,CID971491,Bike,HSR Layout,Basavanagudi,,,Not Applicable,Customer related issue,Not Applicable,Not Applicable,167,Not Applicable,0,,
2024-07-03 17:10:00,CNR8762353569,Canceled by Customer,CID130611,Prime Sedan,Richmond Town,Bannerghatta Road,,,Change of plans,Not Applicable,Not Applicable,Not Applicable,415,Not Applicable,0,,
2024-07-03 09:07:00,CNR2665657890,Success,CID122829,Prime Sedan,Ramamurthy Nagar,Malleshwaram,84.0,50.0,Not Applicable,Not Applicable,No,Not Applicable,590,Cash,18,3.9,3.4
2024-07-18 00:08:00,CNR7937008663,Success,CID197019,Prime Plus,Koramangala,Malleshwaram,56.0,125.0,Not Applicable,Not Applicable,No,Not Applicable,432,UPI,36,4.4,4.4
2024-07-30 11:25:00,CNR5397718062,Canceled by Driver,CID881103,Auto,Kengeri,Kammanahalli,,,Not Applicable,Customer related issue,Not Applicable,Not Applicable,393,Not Applicable,0,,
2024-07-04 15:34:00,CNR2379642451,Success,CID572161,eBike,Marathahalli,Devanahalli,91.0,80.0,Not Applicable,Not Applicable,No,Not Applicable,571,Cash,3,3.9,3.7
2024-07-23 16:33:00,CNR8727330567,Success,CID205627,eBike,KR Puram,Koramangala,196.0,140.0,Not Applicable,Not Applicable,No,Not Applicable,354,Cash,36,4.0,4.7
2024-07-06 17:51:00,CNR5998131882,Success,CID182868,Bike,Langford Town,Electronic City,77.0,50.0,Not Applicable,Not Applicable,No,Not Applicable,321,Cash,27,3.5,4.8
2024-07-12 16:33:00,CNR6363576117,Canceled by Customer,CID574450,Bike,Koramangala,Basavanagudi,,,Driver is not moving towards pickup location,Not Applicable,Not Applicable,Not Applicable,929,Not Applicable,0,,
2024-07-05 13:11:00,CNR5590815440,Driver Not Found,CID451378,Mini,Bannerghatta Road,Chamarajpet,,,Not Applicable,Not Applicable,Not Applicable,Not Applicable,201,Not Applicable,0,,
2024-07-03 15:14:00,CNR7081354071,Driver Not Found,CID453072,Prime SUV,Hennur,Yelahanka,,,Not Applicable,Not Applicable,Not Applicable,Not Applicable,604,Not Applicable,0,,
2024-07-08 23:01:00,CNR3387531800,Success,CID967968,Prime Sedan,Peenya,RT Nagar,56.0,75.0,Not Applicable,Not Applicable,No,Not Applicable,364,UPI,17,3.3,5.0
2024-07-18 18:01:00,CNR9099542269,Success,CID809614,Mini,Hennur,Sarjapur Road,42.0,130.0,Not Applicable,Not Applicable,No,Not Applicable,404,UPI,37,3.4,4.0
2024-07-10 22:01:00,CNR4711323449,Canceled by Driver,CID503188,Prime Plus,Kadugodi,Langford Town,,,Not Applicable,Personal & Car related issue,Not Applicable,Not Applicable,449,Not Applicable,0,,
2024-07-30 03:14:00,CNR5191487428,Success,CID443609,Auto,Hosur Road,Magadi Road,224.0,95.0,Not Applicable,Not Applicable,No,Not Applicable,379,Cash,14,3.9,4.8
2024-07-23 16:05:00,CNR8448250075,Canceled by Driver,CID220317,Prime Sedan,Malleshwaram,Frazer Town,,,Not Applicable,Customer related issue,Not Applicable,Not Applicable,411,Not Applicable,0,,
2024-07-18 17:38:00,CNR8304559104,Canceled by Driver,CID842663,Bike,Hulimavu,Banashankari,,,Not Applicable,Personal & Car related issue,Not Applicable,Not Applicable,155,Not Applicable,0,,
2024-07-07 06:26:00,CNR3957267633,Canceled by Driver,CID666515,Prime Sedan,Chamarajpet,Koramangala,,,Not Applicable,Personal & Car related issue,Not Applicable,Not Applicable,678,Not Applicable,0,,
2024-07-20 00:19:00,CNR4070546039,Driver Not Found,CID239488,Mini,Kadugodi,Kammanahalli,,,Not Applicable,Not Applicable,Not Applicable,Not Applicable,861,Not Applicable,0,,
2024-07-13 09:03:00,CNR6550024040,Success,CID993811,Prime SUV,RT Nagar,Chickpet,161.0,80.0,Not Applicable,Not Applicable,No,Not Applicable,300,Cash,20,3.9,3.1
2024-07-14 12:08:00,CNR1112172914,Canceled by Driver,CID503533,Bike,Sarjapur Road,Sarjapur Road,,,Not Applicable,More than permitted people in there,Not Applicable,Not Applicable,451,Not Applicable,0,,
2024-07-07 07:20:00,CNR1079095019,Driver Not Found,CID112941,Bike,Hosur Road,Chamarajpet,,,Not Applicable,Not Applicable,Not Applicable,Not Applicable,255,Not Applicable,0,,
2024-07-04 06:51:00,CNR3613552412,Success,CID788760,eBike,Cox Town,Chamarajpet,63.0,140.0,Not Applicable,Not Applicable,No,Not Applicable,137,Cash,47,3.5,3.1
2024-07-28 13:05:00,CNR1737946560,Canceled by Driver,CID520261,Bike,Varthur,BTM Layout,,,Not Applicable,Customer related issue,Not Applicable,Not Applicable,385,Not Applicable,0,,
2024-07-02 05:38:00,CNR1994593032,Success,CID310969,Mini,Malleshwaram,KR Puram,182.0,35.0,Not Applicable,Not Applicable,Yes,Vehicle Breakdown,222,Cash,39,4.8,3.7
2024-07-27 20:20:00,CNR5015599473,Driver Not Found,CID397167,Prime Plus,Yeshwanthpur,Whitefield,,,Not Applicable,Not Applicable,Not Applicable,Not Applicable,311,Not Applicable,0,,
2024-07-10 21:44:00,CNR3327731464,Canceled by Customer,CID916271,Mini,KR Puram,Whitefield,,,Wrong Address,Not Applicable,Not Applicable,Not Applicable,193,Not Applicable,0,,
2024-07-12 15:27:00,CNR8136758909,Success,CID560914,Auto,Ulsoor,Yeshwanthpur,217.0,35.0,Not Applicable,Not Applicable,No,Not Applicable,277,Cash,18,3.4,4.7
2024-07-07 17:16:00,CNR6435314773,Success,CID562361,Prime Plus,HSR Layout,Yelahanka,70.0,55.0,Not Applicable,Not Applicable,No,Not Applicable,176,Cash,10,4.3,4.3
2024-07-05 15:12:00,CNR3419892026,Success,CID880378,Mini,Padmanabhanagar,HSR Layout,280.0,125.0,Not Applicable,Not Applicable,No,Not Applicable,196,UPI,42,4.9,4.5
2024-07-05 16:12:00,CNR4247531273,Success,CID169158,Auto,Chickpet,Kammanahalli,203.0,75.0,Not Applicable,Not Applicable,No,Not Applicable,219,UPI,13,3.6,3.9
2024-07-26 10:56:00,CNR3569101893,Canceled by Driver,CID594943,Auto,Banashankari,Kengeri,,,Not Applicable,Customer related issue,Not Applicable,Not Applicable,427,Not Applicable,0,,
2024-07-14 23:18:00,CNR4747146507,Success,CID875830,Prime Sedan,Sahakar Nagar,Shivajinagar,203.0,35.0,Not Applicable,Not Applicable,No,Not Applicable,207,Cash,12,3.7,4.6
2024-07-24 20:22:00,CNR1179617065,Success,CID920430,Mini,Hulimavu,Nagarbhavi,63.0,25.0,Not Applicable,Not Applicable,No,Not Applicable,190,UPI,3,3.9,4.3
2024-07-21 01:57:00,CNR8913355776,Success,CID480076,Mini,Bellandur,Richmond Town,70.0,25.0,Not Applicable,Not Applicable,No,Not Applicable,494,UPI,19,3.3,3.8
2024-07-04 00:43:00,CNR8012140041,Success,CID541432,Prime Sedan,KR Puram,Rajajinagar,168.0,70.0,Not Applicable,Not Applicable,No,Not Applicable,150,UPI,17,4.4,4.3
2024-07-22 02:37:00,CNR8399211992,Driver Not Found,CID981155,eBike,Yelahanka,Peenya,,,Not Applicable,Not Applicable,Not Applicable,Not Applicable,293,Not Applicable,0,,
2024-07-12 19:06:00,CNR9762517062,Success,CID453431,Prime Plus,Sarjapur Road,Hosur Road,147.0,40.0,Not Applicable,Not Applicable,No,Not Applicable,616,Cash,26,3.2,4.5
2024-07-18 13:45:00,CNR4437357942,Canceled by Driver,CID443978,Auto,MG Road,Indiranagar,,,Not Applicable,Customer related issue,Not Applicable,Not Applicable,384,Not Applicable,0,,
2024-07-04 21:02:00,CNR4383872025,Success,CID719108,Mini,Ramamurthy Nagar,BTM Layout,168.0,75.0,Not Applicable,Not Applicable,No,Not Applicable,177,UPI,4,4.4,3.5
2024-07-06 11:13:00,CNR2685616651,Success,CID784113,Prime Plus,Sahakar Nagar,Mysore Road,161.0,85.0,Not Applicable,Not Applicable,No,Not Applicable,574,UPI,29,4.0,3.8
2024-07-08 14:14:00,CNR6951366254,Success,CID927914,eBike,Kengeri,KR Puram,42.0,60.0,Not Applicable,Not Applicable,No,Not Applicable,392,Cash,16,3.3,3.6
2024-07-08 12:52:00,CNR1697115993,Driver Not Found,CID275909,Prime Plus,Indiranagar,KR Puram,,,Not Applicable,Not Applicable,Not Applicable,Not Applicable,302,Not Applicable,0,,
2024-07-15 03:22:00,CNR1707975412,Success,CID337789,Auto,Shivajinagar,MG Road,189.0,35.0,Not Applicable,Not Applicable,No,Not Applicable,2109,Cash,4,3.9,4.6
2024-07-24 06:37:00,CNR6771199135,Success,CID448041,Bike,Malleshwaram,Chickpet,294.0,135.0,Not Applicable,Not Applicable,No,Not Applicable,197,Cash,9,4.4,3.4
2024-07-09 18:20:00,CNR5773861547,Canceled by Driver,CID584923,Prime Plus,MG Road,Ulsoor,,,Not Applicable,Customer related issue,Not Applicable,Not Applicable,126,Not Applicable,0,,
2024-07-01 02:13:00,CNR6993848824,Canceled by Driver,CID377110,Bike,Magadi Road,Richmond Town,,,Not Applicable,Customer was coughing/sick,Not Applicable,Not Applicable,264,Not Applicable,0,,
2024-07-27 01:51:00,CNR3605785653,Success,CID888536,Prime SUV,Koramangala,Ulsoor,175.0,100.0,Not Applicable,Not Applicable,Yes,Vehicle Breakdown,2589,UPI,3,4.3,4.0
2024-07-11 22:09:00,CNR3268847834,Success,CID676482,Prime Sedan,Yeshwanthpur,Hulimavu,259.0,120.0,Not Applicable,Not Applicable,No,Not Applicable,392,Cash,6,4.7,3.9
2024-07-29 01:21:00,CNR8442624132,Canceled by Customer,CID493097,eBike,Frazer Town,RT Nagar,,,Driver asked to cancel,Not Applicable,Not Applicable,Not Applicable,252,Not Applicable,0,,
2024-07-05 02:11:00,CNR2146492649,Canceled by Driver,CID836293,Prime Plus,Frazer Town,HSR Layout,,,Not Applicable,Personal & Car related issue,Not Applicable,Not Applicable,192,Not Applicable,0,,
2024-07-10 13:35:00,CNR7105718188,Driver Not Found,CID606965,Prime Sedan,Hebbal,Padmanabhanagar,,,Not Applicable,Not Applicable,Not Applicable,Not Applicable,1046,Not Applicable,0,,
2024-07-07 10:45:00,CNR5543080617,Success,CID358525,Bike,Varthur,Vijayanagar,112.0,25.0,Not Applicable,Not Applicable,No,Not Applicable,212,UPI,6,4.2,4.2
2024-07-16 18:50:00,CNR7080073996,Driver Not Found,CID270806,Prime Plus,Hebbal,RT Nagar,,,Not Applicable,Not Applicable,Not Applicable,Not Applicable,121,Not Applicable,0,,
2024-07-19 05:23:00,CNR3641362569,Success,CID737649,Bike,Banashankari,Cox Town,35.0,140.0,Not Applicable,Not Applicable,No,Not Applicable,593,Cash,15,3.7,3.7
2024-07-22 18:32:00,CNR8531069268,Success,CID817056,Prime Plus,Devanahalli,Koramangala,70.0,105.0,Not Applicable,Not Applicable,No,Not Applicable,247,Cash,16,4.1,3.6
2024-07-09 08:07:00,CNR4347092209,Success,CID543339,Prime SUV,JP Nagar,Yelahanka,63.0,145.0,Not Applicable,Not Applicable,No,Not Applicable,1102,UPI,18,4.5,4.4
2024-07-10 07:37:00,CNR7524969991,Success,CID837875,Mini,Nagarbhavi,BTM Layout,203.0,40.0,Not Applicable,Not Applicable,No,Not Applicable,835,UPI,12,3.7,4.7
2024-07-05 21:31:00,CNR6577319368,Success,CID839584,Mini,Ulsoor,Langford Town,210.0,90.0,Not Applicable,Not Applicable,No,Not Applicable,865,Cash,42,4.2,4.6
2024-07-29 15:28:00,CNR2034750794,Success,CID458743,Prime SUV,Ramamurthy Nagar,Chickpet,140.0,110.0,Not Applicable,Not Applicable,No,Not Applicable,124,Cash,38,4.0,3.5
2024-07-10 01:39:00,CNR2648154469,Success,CID212686,Prime Sedan,MG Road,Kammanahalli,287.0,90.0,Not Applicable,Not Applicable,No,Not Applicable,639,Cash,10,3.5,3.6
2024-07-09 18:29:00,CNR3947716909,Success,CID565749,Mini,Peenya,Bellandur,42.0,40.0,Not Applicable,Not Applicable,Yes,Vehicle Breakdown,106,Cash,31,5.0,3.6
2024-07-09 02:13:00,CNR2173955956,Driver Not Found,CID114820,Auto,Hebbal,Cox Town,,,Not Applicable,Not Applicable,Not Applicable,Not Applicable,190,Not Applicable,0,,
2024-07-17 02:03:00,CNR8747459021,Success,CID326930,Auto,Nagarbhavi,Yeshwanthpur,196.0,95.0,Not Applicable,Not Applicable,No,Not Applicable,211,Cash,19,4.5,4.7
2024-07-18 22:27:00,CNR3104473204,Success,CID601654,Auto,Hennur,JP Nagar,140.0,50.0,Not Applicable,Not Applicable,Yes,Customer Demand,360,Cash,15,3.8,4.7
2024-07-17 14:36:00,CNR8454016612,Canceled by Driver,CID755852,eBike,Kengeri,Magadi Road,,,Not Applicable,Customer was coughing/sick,Not Applicable,Not Applicable,731,Not Applicable,0,,
2024-07-09 21:57:00,CNR7289444995,Success,CID793151,Mini,MG Road,Sarjapur Road,308.0,115.0,Not Applicable,Not Applicable,No,Not Applicable,384,Cash,47,4.3,4.7
2024-07-08 02:23:00,CNR5018016719,Driver Not Found,CID339651,Prime SUV,Langford Town,Vijayanagar,,,Not Applicable,Not Applicable,Not Applicable,Not Applicable,238,Not Applicable,0,,
2024-07-06 15:16:00,CNR5248888836,Success,CID272371,Auto,Hennur,Mysore Road,70.0,75.0,Not Applicable,Not Applicable,No,Not Applicable,488,Cash,15,4.6,3.4
2024-07-29 19:12:00,CNR8151138238,Canceled by Driver,CID551316,Mini,Peenya,Shivajinagar,,,Not Applicable,Personal & Car related issue,Not Applicable,Not Applicable,188,Not Applicable,0,,
2024-07-16 03:19:00,CNR4313541268,Success,CID271409,Bike,Padmanabhanagar,Marathahalli,105.0,135.0,Not Applicable,Not Applicable,No,Not Applicable,320,UPI,29,4.5,4.7
2024-07-05 13:34:00,CNR7233806231,Canceled by Customer,CID859959,Bike,Indiranagar,Bannerghatta Road,,,Change of plans,Not Applicable,Not Applicable,Not Applicable,713,Not Applicable,0,,
2024-07-05 07:52:00,CNR7777678392,Canceled by Customer,CID175713,Prime SUV,Tumkur Road,Koramangala,,,Change of plans,Not Applicable,Not Applicable,Not Applicable,846,Not Applicable,0,,
2024-07-21 18:14:00,CNR9216479476,Success,CID712119,eBike,Tumkur Road,Banashankari,252.0,65.0,Not Applicable,Not Applicable,No,Not Applicable,166,Cash,42,4.9,4.4
2024-07-14 00:43:00,CNR1816865759,Success,CID195697,Prime Plus,Shivajinagar,JP Nagar,119.0,25.0,Not Applicable,Not Applicable,No,Not Applicable,538,UPI,3,3.5,3.4
2024-07-20 03:19:00,CNR9269750996,Success,CID976981,eBike,Langford Town,Jayanagar,210.0,100.0,Not Applicable,Not Applicable,No,Not Applicable,155,Cash,29,3.1,4.2
2024-07-16 22:14:00,CNR2769831640,Success,CID635589,Prime Sedan,Electronic City,Shantinagar,238.0,75.0,Not Applicable,Not Applicable,No,Not Applicable,319,Cash,18,3.8,4.2
2024-07-12 22:21:00,CNR6509029421,Success,CID483367,Bike,Mysore Road,Chickpet,140.0,135.0,Not Applicable,Not Applicable,No,Not Applicable,443,Cash,33,4.5,4.6
2024-07-26 23:23:00,CNR9447293404,Canceled by Driver,CID275073,Prime SUV,Mysore Road,Varthur,,,Not Applicable,Personal & Car related issue,Not Applicable,Not Applicable,365,Not Applicable,0,,
2024-07-15 17:38:00,CNR6423949885,Success,CID823752,Prime Sedan,Magadi Road,Hebbal,84.0,95.0,Not Applicable,Not Applicable,No,Not Applicable,411,UPI,47,3.1,3.0
2024-07-10 01:46:00,CNR1294050001,Canceled by Customer,CID564046,Auto,Ulsoor,Devanahalli,,,Driver asked to cancel,Not Applicable,Not Applicable,Not Applicable,830,Not Applicable,0,,
2024-07-01 10:04:00,CNR4784751226,Success,CID571494,Bike,Indiranagar,Kengeri,126.0,45.0,Not Applicable,Not Applicable,No,Not Applicable,296,Cash,7,4.6,3.2
2024-07-07 09:23:00,CNR5327492396,Canceled by Customer,CID733149,Bike,Cox Town,Shantinagar,,,Driver is not moving towards pickup location,Not Applicable,Not Applicable,Not Applicable,598,Not Applicable,0,,
2024-07-16 22:12:00,CNR8621577328,Success,CID127978,eBike,Hulimavu,Richmond Town,252.0,70.0,Not Applicable,Not Applicable,No,Not Applicable,286,Cash,42,4.5,4.1
2024-07-19 07:05:00,CNR5009179217,Driver Not Found,CID555468,Mini,Vijayanagar,Mysore Road,,,Not Applicable,Not Applicable,Not Applicable,Not Applicable,332,Not Applicable,0,,
2024-07-19 22:42:00,CNR3440654726,Driver Not Found,CID780694,eBike,Magadi Road,Electronic City,,,Not Applicable,Not Applicable,Not Applicable,Not Applicable,317,Not Applicable,0,,
2024-07-11 17:43:00,CNR9191832978,Canceled by Customer,CID133191,eBike,Hebbal,Magadi Road,,,Driver asked to cancel,Not Applicable,Not Applicable,Not Applicable,209,Not Applicable,0,,
2024-07-30 19:42:00,CNR5080604166,Success,CID363520,Mini,Yelahanka,Kadugodi,280.0,75.0,Not Applicable,Not Applicable,No,Not Applicable,433,UPI,3,3.0,4.6
2024-07-08 02:46:00,CNR1298619964,Success,CID609286,Auto,Frazer Town,Chamarajpet,119.0,35.0,Not Applicable,Not Applicable,No,Not Applicable,492,UPI,1,3.5,3.4
2024-07-02 21:28:00,CNR7206793549,Success,CID862003,Auto,MG Road,Chickpet,77.0,80.0,Not Applicable,Not Applicable,No,Not Applicable,178,Credit Card,19,4.2,3.5
2024-07-07 12:26:00,CNR3305840399,Success,CID748657,Prime SUV,Magadi Road,Peenya,196.0,25.0,Not Applicable,Not Applicable,No,Not Applicable,443,Cash,4,4.8,4.8
2024-07-17 13:51:00,CNR3097112792,Success,CID102922,eBike,Rajajinagar,RT Nagar,140.0,25.0,Not Applicable,Not Applicable,No,Not Applicable,305,UPI,37,4.3,3.1
2024-07-15 05:29:00,CNR3456508726,Success,CID504010,Bike,Kengeri,Jayanagar,154.0,40.0,Not Applicable,Not Applicable,No,Not Applicable,475,Cash,40,4.7,3.6
2024-07-05 09:00:00,CNR4198613543,Success,CID993116,eBike,Indiranagar,Bellandur,189.0,130.0,Not Applicable,Not Applicable,No,Not Applicable,234,UPI,33,4.3,4.6
2024-07-08 12:45:00,CNR4800982940,Canceled by Driver,CID899391,eBike,Tumkur Road,Shivajinagar,,,Not Applicable,More than permitted people in there,Not Applicable,Not Applicable,544,Not Applicable,0,,
2024-07-04 03:09:00,CNR6952755841,Canceled by Driver,CID818945,Prime Sedan,Kadugodi,Kengeri,,,Not Applicable,Personal & Car related issue,Not Applicable,Not Applicable,176,Not Applicable,0,,
2024-07-17 04:03:00,CNR6536785158,Success,CID859112,Mini,Marathahalli,Mysore Road,308.0,135.0,Not Applicable,Not Applicable,No,Not Applicable,2942,UPI,12,4.2,3.2
2024-07-04 15:00:00,CNR1009016704,Canceled by Customer,CID721261,eBike,Magadi Road,Shantinagar,,,Driver is not moving towards pickup location,Not Applicable,Not Applicable,Not Applicable,239,Not Applicable,0,,
2024-07-28 19:07:00,CNR7199365899,Success,CID824268,Prime Sedan,Kadugodi,KR Puram,161.0,40.0,Not Applicable,Not Applicable,No,Not Applicable,270,Cash,1,4.5,3.7
2024-07-22 11:39:00,CNR4585605354,Success,CID543238,Bike,Bannerghatta Road,Malleshwaram,273.0,70.0,Not Applicable,Not Applicable,No,Not Applicable,698,Cash,32,3.2,4.1
2024-07-08 04:47:00,CNR1989531238,Success,CID964903,Mini,BTM Layout,Banashankari,175.0,115.0,Not Applicable,Not Applicable,No,Not Applicable,546,UPI,3,4.6,4.8
2024-07-21 21:57:00,CNR2320838236,Success,CID677719,Mini,Ramamurthy Nagar,Frazer Town,140.0,130.0,Not Applicable,Not Applicable,No,Not Applicable,941,Credit Card,36,3.2,4.6
2024-07-14 19:43:00,CNR9654720194,Success,CID688270,Prime Sedan,Vijayanagar,Richmond Town,224.0,105.0,Not Applicable,Not Applicable,No,Not Applicable,494,Cash,1,4.3,4.6
2024-07-03 08:11:00,CNR2713970063,Success,CID831609,Prime Plus,Langford Town,Magadi Road,217.0,90.0,Not Applicable,Not Applicable,No,Not Applicable,195,Cash,28,4.3,4.4
2024-07-06 05:55:00,CNR7549348898,Canceled by Driver,CID505162,Prime SUV,Sahakar Nagar,Magadi Road,,,Not Applicable,Customer related issue,Not Applicable,Not Applicable,279,Not Applicable,0,,
2024-07-03 16:44:00,CNR3039622871,Canceled by Driver,CID284771,Prime Plus,Koramangala,Vijayanagar,,,Not Applicable,More than permitted people in there,Not Applicable,Not Applicable,130,Not Applicable,0,,
2024-07-27 00:53:00,CNR9336078509,Canceled by Driver,CID995245,eBike,Mysore Road,Bellandur,,,Not Applicable,Personal & Car related issue,Not Applicable,Not Applicable,118,Not Applicable,0,,
2024-07-27 16:26:00,CNR5426058271,Canceled by Driver,CID494687,Prime SUV,BTM Layout,Mysore Road,,,Not Applicable,Personal & Car related issue,Not Applicable,Not Applicable,458,Not Applicable,0,,
2024-07-19 10:51:00,CNR4222504871,Success,CID839413,Bike,Kadugodi,Yelahanka,154.0,115.0,Not Applicable,Not Applicable,No,Not Applicable,636,UPI,11,3.2,3.0
2024-07-23 18:32:00,CNR1286793320,Success,CID859000,Bike,Shivajinagar,RT Nagar,308.0,35.0,Not Applicable,Not Applicable,No,Not Applicable,441,UPI,20,3.2,4.6
2024-07-25 17:25:00,CNR4654979445,Driver Not Found,CID474453,Prime Sedan,Jayanagar,Yeshwanthpur,,,Not Applicable,Not Applicable,Not Applicable,Not Applicable,251,Not Applicable,0,,
2024-07-07 21:57:00,CNR3190552021,Canceled by Customer,CID370101,Auto,Yelahanka,Malleshwaram,,,Change of plans,Not Applicable,Not Applicable,Not Applicable,127,Not Applicable,0,,
2024-07-29 06:23:00,CNR1640797211,Canceled by Customer,CID992968,eBike,Malleshwaram,JP Nagar,,,AC is Not working,Not Applicable,Not Applicable,Not Applicable,203,Not Applicable,0,,
2024-07-18 16:47:00,CNR6479130330,Success,CID231906,Mini,Varthur,Yelahanka,224.0,35.0,Not Applicable,Not Applicable,No,Not Applicable,2742,Cash,3,4.7,4.7
2024-07-16 11:45:00,CNR1625548000,Canceled by Driver,CID508090,Prime SUV,Hebbal,Indiranagar,,,Not Applicable,Customer related issue,Not Applicable,Not Applicable,185,Not Applicable,0,,
2024-07-29 04:02:00,CNR6514537128,Canceled by Driver,CID666401,Bike,Majestic,Padmanabhanagar,,,Not Applicable,Customer related issue,Not Applicable,Not Applicable,181,Not Applicable,0,,
2024-07-16 11:19:00,CNR1090293596,Canceled by Driver,CID903838,Mini,Padmanabhanagar,Sarjapur Road,,,Not Applicable,Customer was coughing/sick,Not Applicable,Not Applicable,554,Not Applicable,0,,
2024-07-29 18:21:00,CNR6111978132,Success,CID876891,Mini,Sarjapur Road,Electronic City,154.0,70.0,Not Applicable,Not Applicable,No,Not Applicable,284,UPI,16,4.0,3.5
2024-07-03 23:23:00,CNR2895814645,Canceled by Driver,CID544382,eBike,Malleshwaram,Vijayanagar,,,Not Applicable,Customer related issue,Not Applicable,Not Applicable,348,Not Applicable,0,,
2024-07-04 05:16:00,CNR8603516219,Driver Not Found,CID418591,Bike,Langford Town,Sahakar Nagar,,,Not Applicable,Not Applicable,Not Applicable,Not Applicable,798,Not Applicable,0,,
2024-07-02 10:09:00,CNR2674049670,Canceled by Driver,CID189046,eBike,Majestic,Bannerghatta Road,,,Not Applicable,More than permitted people in there,Not Applicable,Not Applicable,367,Not Applicable,0,,
2024-07-21 08:42:00,CNR4378578457,Canceled by Customer,CID318214,Prime Plus,HSR Layout,Rajarajeshwari Nagar,,,Change of plans,Not Applicable,Not Applicable,Not Applicable,814,Not Applicable,0,,
2024-07-24 13:28:00,CNR4344883790,Success,CID636001,eBike,Yelahanka,Frazer Town,287.0,75.0,Not Applicable,Not Applicable,No,Not Applicable,513,Cash,13,3.0,3.4
2024-07-27 08:09:00,CNR5851971569,Success,CID851253,Prime Plus,Peenya,Tumkur Road,70.0,55.0,Not Applicable,Not Applicable,Yes,Vehicle Breakdown,383,Cash,18,4.6,4.7
2024-07-14 14:20:00,CNR3568828816,Success,CID408829,Mini,Majestic,Peenya,140.0,55.0,Not Applicable,Not Applicable,No,Not Applicable,154,Cash,26,4.9,4.9
2024-07-11 09:26:00,CNR2787006100,Success,CID852400,Prime SUV,Indiranagar,Kengeri,84.0,50.0,Not Applicable,Not Applicable,No,Not Applicable,350,Cash,6,4.5,4.5
2024-07-25 17:53:00,CNR6672164568,Success,CID444535,Bike,Peenya,Yeshwanthpur,287.0,80.0,Not Applicable,Not Applicable,No,Not Applicable,518,UPI,1,4.9,4.7
2024-07-10 09:38:00,CNR7663789794,Canceled by Driver,CID209652,Prime SUV,Frazer Town,JP Nagar,,,Not Applicable,Customer related issue,Not Applicable,Not Applicable,320,Not Applicable,0,,
2024-07-27 08:51:00,CNR8315985090,Canceled by Driver,CID699605,eBike,Indiranagar,Kammanahalli,,,Not Applicable,More than permitted people in there,Not Applicable,Not Applicable,302,Not Applicable,0,,
2024-07-26 04:29:00,CNR1670410155,Success,CID651792,Prime Sedan,Sarjapur Road,Frazer Town,161.0,35.0,Not Applicable,Not Applicable,No,Not Applicable,2715,UPI,37,3.5,4.0
2024-07-22 10:06:00,CNR6874187251,Driver Not Found,CID500678,Prime Sedan,JP Nagar,Chamarajpet,,,Not Applicable,Not Applicable,Not Applicable,Not Applicable,177,Not Applicable,0,,
2024-07-21 01:46:00,CNR8600464063,Canceled by Driver,CID678607,Mini,Hennur,Bellandur,,,Not Applicable,Personal & Car related issue,Not Applicable,Not Applicable,158,Not Applicable,0,,
2024-07-09 14:45:00,CNR6946577056,Success,CID104548,Mini,Koramangala,Malleshwaram,182.0,90.0,Not Applicable,Not Applicable,No,Not Applicable,2446,UPI,44,4.2,3.7
2024-07-16 22:27:00,CNR8602585409,Canceled by Driver,CID717316,eBike,Electronic City,HSR Layout,,,Not Applicable,Personal & Car related issue,Not Applicable,Not Applicable,364,Not Applicable,0,,
2024-07-09 21:58:00,CNR8759508448,Success,CID633485,Mini,Kadugodi,Nagarbhavi,168.0,45.0,Not Applicable,Not Applicable,No,Not Applicable,772,Cash,4,3.1,4.5
2024-07-04 05:39:00,CNR6989597061,Success,CID693909,Mini,Shivajinagar,KR Puram,168.0,80.0,Not Applicable,Not Applicable,No,Not Applicable,176,Cash,19,3.5,4.7
2024-07-24 17:53:00,CNR5524067907,Success,CID238227,Prime SUV,Kammanahalli,Mysore Road,35.0,85.0,Not Applicable,Not Applicable,No,Not Applicable,281,Cash,23,3.1,3.4
2024-07-12 12:28:00,CNR9595466322,Success,CID546760,Auto,Kengeri,Hebbal,49.0,70.0,Not Applicable,Not Applicable,Yes,Customer Demand,451,UPI,6,3.4,4.3
2024-07-09 22:37:00,CNR3373750584,Canceled by Customer,CID518786,Prime SUV,Hosur Road,Langford Town,,,Driver asked to cancel,Not Applicable,Not Applicable,Not Applicable,616,Not Applicable,0,,
2024-07-20 00:59:00,CNR5350083602,Canceled by Driver,CID496074,Bike,Padmanabhanagar,Sahakar Nagar,,,Not Applicable,Personal & Car related issue,Not Applicable,Not Applicable,994,Not Applicable,0,,
2024-07-06 03:18:00,CNR5909553810,Success,CID720427,Bike,Yeshwanthpur,JP Nagar,301.0,55.0,Not Applicable,Not Applicable,No,Not Applicable,560,Cash,44,3.5,4.0
2024-07-13 12:47:00,CNR5709498977,Driver Not Found,CID976966,eBike,Shantinagar,Cox Town,,,Not Applicable,Not Applicable,Not Applicable,Not Applicable,138,Not Applicable,0,,
2024-07-20 04:11:00,CNR6014724515,Success,CID951274,Prime Sedan,Bannerghatta Road,Shantinagar,147.0,135.0,Not Applicable,Not Applicable,No,Not Applicable,154,UPI,21,4.3,3.8
2024-07-22 08:34:00,CNR5937274722,Driver Not Found,CID257529,Prime Plus,Yelahanka,Padmanabhanagar,,,Not Applicable,Not Applicable,Not Applicable,Not Applicable,483,Not Applicable,0,,
2024-07-05 12:20:00,CNR9418647558,Driver Not Found,CID781086,Prime SUV,Banashankari,Malleshwaram,,,Not Applicable,Not Applicable,Not Applicable,Not Applicable,228,Not Applicable,0,,
2024-07-20 14:58:00,CNR7897001357,Success,CID739898,Auto,Bannerghatta Road,Peenya,308.0,115.0,Not Applicable,Not Applicable,No,Not Applicable,495,UPI,14,3.5,3.1
2024-07-30 03:13:00,CNR4972911756,Canceled by Driver,CID164198,Prime Plus,Padmanabhanagar,Chickpet,,,Not Applicable,Personal & Car related issue,Not Applicable,Not Applicable,107,Not Applicable,0,,
2024-07-18 14:31:00,CNR3158720052,Canceled by Customer,CID470517,Mini,JP Nagar,Ramamurthy Nagar,,,Driver asked to cancel,Not Applicable,Not Applicable,Not Applicable,257,Not Applicable,0,,
2024-07-26 15:50:00,CNR8366959213,Canceled by Driver,CID203981,Auto,Hulimavu,Hosur Road,,,Not Applicable,Personal & Car related issue,Not Applicable,Not Applicable,308,Not Applicable,0,,
2024-07-09 00:17:00,CNR7731897213,Success,CID527338,Mini,Langford Town,Richmond Town,308.0,100.0,Not Applicable,Not Applicable,No,Not Applicable,201,Cash,35,3.8,3.9
2024-07-20 13:48:00,CNR6093512823,Canceled by Driver,CID927570,Prime Sedan,Chickpet,Kammanahalli,,,Not Applicable,Customer related issue,Not Applicable,Not Applicable,510,Not Applicable,0,,
2024-07-06 11:07:00,CNR2397377154,Canceled by Driver,CID509002,Prime Plus,Magadi Road,Bellandur,,,Not Applicable,More than permitted people in there,Not Applicable,Not Applicable,893,Not Applicable,0,,
2024-07-29 04:07:00,CNR1514538342,Success,CID966020,Prime Plus,Cox Town,Indiranagar,105.0,120.0,Not Applicable,Not Applicable,No,Not Applicable,2308,UPI,17,3.9,3.0
2024-07-29 04:38:00,CNR1851409005,Success,CID297915,eBike,Chamarajpet,MG Road,308.0,85.0,Not Applicable,Not Applicable,No,Not Applicable,2791,Cash,16,4.8,3.5
2024-07-27 07:37:00,CNR2799214718,Canceled by Customer,CID428308,Auto,Tumkur Road,Jayanagar,,,Driver asked to cancel,Not Applicable,Not Applicable,Not Applicable,319,Not Applicable,0,,
2024-07-23 00:49:00,CNR7787243959,Driver Not Found,CID791916,Prime Sedan,Indiranagar,Sarjapur Road,,,Not Applicable,Not Applicable,Not Applicable,Not Applicable,1386,Not Applicable,0,,
2024-07-06 23:14:00,CNR5390006140,Canceled by Driver,CID777931,Prime SUV,Bellandur,Kammanahalli,,,Not Applicable,More than permitted people in there,Not Applicable,Not Applicable,424,Not Applicable,0,,
2024-07-14 11:38:00,CNR3763898948,Success,CID897859,Prime Plus,Varthur,Nagarbhavi,84.0,140.0,Not Applicable,Not Applicable,No,Not Applicable,266,UPI,35,3.8,3.8
2024-07-01 18:10:00,CNR1968049145,Success,CID951611,Prime Sedan,Jayanagar,Peenya,70.0,70.0,Not Applicable,Not Applicable,No,Not Applicable,118,UPI,24,3.4,4.1
2024-07-10 05:30:00,CNR7718687800,Success,CID753522,Auto,KR Puram,Kengeri,126.0,80.0,Not Applicable,Not Applicable,No,Not Applicable,374,UPI,11,3.6,4.0
2024-07-14 07:43:00,CNR7546527023,Success,CID839898,Bike,Basavanagudi,Frazer Town,63.0,70.0,Not Applicable,Not Applicable,No,Not Applicable,237,Cash,12,3.9,3.9
2024-07-19 23:15:00,CNR6875198584,Success,CID309773,Prime SUV,Shantinagar,Yeshwanthpur,42.0,70.0,Not Applicable,Not Applicable,No,Not Applicable,2002,UPI,14,4.6,4.6
2024-07-29 03:57:00,CNR2819337849,Canceled by Driver,CID773631,Prime Plus,RT Nagar,Magadi Road,,,Not Applicable,Customer was coughing/sick,Not Applicable,Not Applicable,204,Not Applicable,0,,
2024-07-13 16:22:00,CNR4207433562,Success,CID475531,eBike,Richmond Town,Hennur,126.0,110.0,Not Applicable,Not Applicable,No,Not Applicable,180,Cash,40,4.8,4.3
2024-07-20 17:17:00,CNR5186759190,Success,CID420365,eBike,Koramangala,Sahakar Nagar,84.0,120.0,Not Applicable,Not Applicable,No,Not Applicable,498,Cash,34,4.4,3.6
2024-07-28 02:11:00,CNR6269572705,Success,CID945090,Prime Plus,Banashankari,Vijayanagar,161.0,95.0,Not Applicable,Not Applicable,No,Not Applicable,434,Cash,40,4.3,4.2
2024-07-12 05:04:00,CNR7224203677,Canceled by Driver,CID202048,Bike,Vijayanagar,Devanahalli,,,Not Applicable,Personal & Car related issue,Not Applicable,Not Applicable,521,Not Applicable,0,,
2024-07-10 13:45:00,CNR9314124701,Success,CID730118,Auto,Kammanahalli,Koramangala,63.0,135.0,Not Applicable,Not Applicable,No,Not Applicable,444,UPI,18,4.9,3.1
2024-07-14 08:19:00,CNR8849030445,Success,CID811179,Prime Sedan,Hebbal,Mysore Road,217.0,75.0,Not Applicable,Not Applicable,No,Not Applicable,276,Cash,1,4.9,3.2
2024-07-05 13:10:00,CNR8483188455,Success,CID960819,Auto,Yelahanka,Frazer Town,56.0,115.0,Not Applicable,Not Applicable,No,Not Applicable,239,UPI,3,3.7,3.1
2024-07-19 01:40:00,CNR4350278145,Driver Not Found,CID303308,eBike,Kammanahalli,Frazer Town,,,Not Applicable,Not Applicable,Not Applicable,Not Applicable,430,Not Applicable,0,,
2024-07-12 03:12:00,CNR4769607587,Success,CID287970,Bike,Bellandur,Bellandur,308.0,85.0,Not Applicable,Not Applicable,No,Not Applicable,916,Cash,31,4.3,3.4
2024-07-02 17:30:00,CNR8547355606,Success,CID990701,Bike,Bellandur,Yeshwanthpur,42.0,65.0,Not Applicable,Not Applicable,No,Not Applicable,172,Cash,9,3.1,4.9
2024-07-16 09:01:00,CNR3663509504,Success,CID833593,Auto,Mysore Road,Frazer Town,154.0,50.0,Not Applicable,Not Applicable,No,Not Applicable,110,UPI,12,4.6,4.0
2024-07-27 15:09:00,CNR5798623728,Success,CID891212,Prime Sedan,Nagarbhavi,Magadi Road,161.0,40.0,Not Applicable,Not Applicable,No,Not Applicable,446,Cash,10,3.5,4.4
2024-07-23 22:33:00,CNR2804802962,Canceled by Driver,CID710193,Auto,Banashankari,Rajajinagar,,,Not Applicable,Customer related issue,Not Applicable,Not Applicable,820,Not Applicable,0,,
2024-07-09 02:33:00,CNR4632544002,Success,CID766276,Prime SUV,Yelahanka,Mysore Road,77.0,140.0,Not Applicable,Not Applicable,No,Not Applicable,281,Cash,17,3.9,4.9
2024-07-19 22:59:00,CNR1583386802,Success,CID177034,Prime Sedan,Tumkur Road,Jayanagar,63.0,60.0,Not Applicable,Not Applicable,No,Not Applicable,246,Debit Card,3,4.9,5.0
2024-07-22 17:17:00,CNR1596909419,Success,CID511698,eBike,Chamarajpet,Whitefield,49.0,115.0,Not Applicable,Not Applicable,No,Not Applicable,374,UPI,30,4.3,4.8
2024-07-07 21:40:00,CNR5696764128,Success,CID614929,Auto,Padmanabhanagar,Bannerghatta Road,175.0,115.0,Not Applicable,Not Applicable,No,Not Applicable,234,UPI,2,4.7,4.9
2024-07-04 09:19:00,CNR1578600805,Success,CID731769,Prime SUV,Yeshwanthpur,Yeshwanthpur,189.0,120.0,Not Applicable,Not Applicable,No,Not Applicable,2855,Cash,9,3.4,4.3
2024-07-29 19:37:00,CNR4731237787,Success,CID257175,Mini,Chickpet,Basavanagudi,189.0,45.0,Not Applicable,Not Applicable,No,Not Applicable,476,UPI,17,4.0,3.9
2024-07-06 17:15:00,CNR2592979483,Success,CID910144,Prime SUV,Nagarbhavi,JP Nagar,168.0,110.0,Not Applicable,Not Applicable,No,Not Applicable,292,Cash,21,4.6,4.1
2024-07-21 11:43:00,CNR2927902547,Success,CID924583,Mini,Malleshwaram,BTM Layout,189.0,50.0,Not Applicable,Not Applicable,Yes,Vehicle Breakdown,307,Cash,29,3.5,3.5
2024-07-15 16:38:00,CNR9415045365,Success,CID631252,Auto,Chamarajpet,Electronic City,224.0,135.0,Not Applicable,Not Applicable,No,Not Applicable,543,Credit Card,14,3.7,3.2
2024-07-08 10:51:00,CNR5043218121,Success,CID815027,Auto,Langford Town,Langford Town,203.0,75.0,Not Applicable,Not Applicable,No,Not Applicable,342,Cash,18,4.5,4.1
2024-07-20 16:42:00,CNR8374132484,Success,CID635735,Bike,Tumkur Road,Tumkur Road,77.0,110.0,Not Applicable,Not Applicable,No,Not Applicable,278,Cash,44,4.5,4.9
2024-07-09 18:53:00,CNR2396786796,Success,CID460895,Prime Sedan,Varthur,Frazer Town,147.0,110.0,Not Applicable,Not Applicable,No,Not Applicable,425,UPI,37,4.3,4.4
2024-07-25 10:18:00,CNR9124539352,Success,CID621792,Prime SUV,BTM Layout,Bellandur,168.0,55.0,Not Applicable,Not Applicable,No,Not Applicable,834,Cash,12,3.7,4.9
2024-07-20 07:01:00,CNR5706340830,Success,CID959262,Prime SUV,Marathahalli,Langford Town,56.0,135.0,Not Applicable,Not Applicable,No,Not Applicable,876,Cash,18,3.4,4.9
2024-07-10 16:09:00,CNR9663233651,Success,CID816977,Prime Plus,Bellandur,Richmond Town,203.0,40.0,Not Applicable,Not Applicable,No,Not Applicable,245,UPI,38,4.9,3.4
2024-07-13 05:25:00,CNR7938622096,Success,CID311546,Auto,Bannerghatta Road,Whitefield,154.0,70.0,Not Applicable,Not Applicable,No,Not Applicable,163,Cash,5,3.8,4.0
2024-07-21 23:00:00,CNR1964739925,Canceled by Driver,CID397528,Bike,Tumkur Road,Magadi Road,,,Not Applicable,Personal & Car related issue,Not Applicable,Not Applicable,647,Not Applicable,0,,
2024-07-02 02:32:00,CNR5251235929,Success,CID473493,Bike,Rajarajeshwari Nagar,Electronic City,154.0,25.0,Not Applicable,Not Applicable,No,Not Applicable,131,Cash,24,3.8,5.0
2024-07-26 05:09:00,CNR7569221501,Success,CID171069,eBike,Langford Town,Malleshwaram,42.0,110.0,Not Applicable,Not Applicable,No,Not Applicable,1050,Cash,37,4.7,4.4
2024-07-20 02:44:00,CNR9497387762,Success,CID630108,Mini,Ulsoor,JP Nagar,70.0,115.0,Not Applicable,Not Applicable,No,Not Applicable,559,UPI,39,4.8,4.5
2024-07-04 08:58:00,CNR4275214168,Success,CID955209,Prime Plus,Ramamurthy Nagar,Magadi Road,154.0,140.0,Not Applicable,Not Applicable,No,Not Applicable,329,UPI,3,3.8,4.9
2024-07-16 00:30:00,CNR5478999385,Success,CID805617,Prime Plus,Kengeri,Whitefield,273.0,115.0,Not Applicable,Not Applicable,No,Not Applicable,211,UPI,21,3.7,3.2
2024-07-18 08:56:00,CNR1367718355,Success,CID331159,Prime Sedan,JP Nagar,Hulimavu,266.0,65.0,Not Applicable,Not Applicable,No,Not Applicable,630,Cash,49,3.6,4.7
2024-07-11 01:34:00,CNR6697377948,Success,CID738965,Mini,Basavanagudi,MG Road,84.0,70.0,Not Applicable,Not Applicable,No,Not Applicable,816,UPI,46,3.5,4.8
2024-07-15 01:22:00,CNR2676317552,Success,CID272562,Mini,Langford Town,Tumkur Road,56.0,100.0,Not Applicable,Not Applicable,No,Not Applicable,984,UPI,7,3.9,3.6
2024-07-14 01:03:00,CNR9357839768,Canceled by Customer,CID351978,Prime SUV,Devanahalli,MG Road,,,Driver is not moving towards pickup location,Not Applicable,Not Applicable,Not Applicable,453,Not Applicable,0,,
2024-07-20 10:23:00,CNR5833545900,Canceled by Driver,CID627948,Mini,Ulsoor,Yeshwanthpur,,,Not Applicable,Customer was coughing/sick,Not Applicable,Not Applicable,441,Not Applicable,0,,
2024-07-06 22:55:00,CNR8474254716,Success,CID540963,Bike,Marathahalli,JP Nagar,126.0,65.0,Not Applicable,Not Applicable,No,Not Applicable,814,Cash,38,4.6,3.8
2024-07-07 15:07:00,CNR6482885716,Success,CID505138,Prime Plus,Chamarajpet,Hulimavu,308.0,45.0,Not Applicable,Not Applicable,No,Not Applicable,340,Cash,13,3.7,4.3
2024-07-29 22:25:00,CNR1746006796,Driver Not Found,CID895045,Auto,Ramamurthy Nagar,MG Road,,,Not Applicable,Not Applicable,Not Applicable,Not Applicable,248,Not Applicable,0,,
2024-07-21 20:16:00,CNR5712699384,Success,CID178236,Prime Sedan,Langford Town,Yelahanka,112.0,105.0,Not Applicable,Not Applicable,No,Not Applicable,352,Debit Card,35,4.8,4.4
2024-07-18 01:18:00,CNR3754952714,Canceled by Driver,CID562087,Auto,Kadugodi,Kengeri,,,Not Applicable,Personal & Car related issue,Not Applicable,Not Applicable,164,Not Applicable,0,,
2024-07-21 18:05:00,CNR7664553867,Success,CID137510,Bike,Koramangala,Cox Town,42.0,80.0,Not Applicable,Not Applicable,No,Not Applicable,398,Cash,6,3.9,4.9
2024-07-07 20:04:00,CNR5517621557,Success,CID864031,Prime SUV,Rajajinagar,Langford Town,91.0,105.0,Not Applicable,Not Applicable,No,Not Applicable,1516,Cash,14,4.7,3.1
2024-07-08 11:28:00,CNR2375191698,Success,CID172382,Bike,Banashankari,RT Nagar,161.0,70.0,Not Applicable,Not Applicable,No,Not Applicable,495,UPI,34,4.0,4.5
2024-07-03 06:24:00,CNR1478992037,Canceled by Customer,CID450040,Prime Plus,Ulsoor,Cox Town,,,Wrong Address,Not Applicable,Not Applicable,Not Applicable,1911,Not Applicable,0,,
2024-07-03 01:36:00,CNR8027730478,Canceled by Driver,CID338878,Bike,Langford Town,Varthur,,,Not Applicable,More than permitted people in there,Not Applicable,Not Applicable,112,Not Applicable,0,,
2024-07-03 09:45:00,CNR5197748759,Success,CID290826,eBike,Devanahalli,Nagarbhavi,203.0,70.0,Not Applicable,Not Applicable,No,Not Applicable,656,Cash,2,3.6,4.8
2024-07-25 10:41:00,CNR2689380102,Success,CID793024,Auto,Rajajinagar,Mysore Road,301.0,65.0,Not Applicable,Not Applicable,No,Not Applicable,127,Cash,19,4.2,4.9
2024-07-28 01:13:00,CNR4799430837,Success,CID306363,Mini,Hennur,Yelahanka,49.0,85.0,Not Applicable,Not Applicable,No,Not Applicable,883,Cash,18,4.6,3.2
2024-07-10 12:23:00,CNR8335957083,Canceled by Customer,CID814505,Prime Plus,Langford Town,Electronic City,,,Change of plans,Not Applicable,Not Applicable,Not Applicable,245,Not Applicable,0,,
2024-07-05 09:11:00,CNR9911960869,Success,CID642283,Prime Sedan,Koramangala,Varthur,245.0,45.0,Not Applicable,Not Applicable,No,Not Applicable,861,Cash,39,4.1,4.4
2024-07-14 22:07:00,CNR8739127805,Success,CID539512,Mini,Whitefield,BTM Layout,224.0,45.0,Not Applicable,Not Applicable,No,Not Applicable,472,Cash,34,4.0,5.0
2024-07-14 01:11:00,CNR6727099959,Success,CID839781,Mini,Indiranagar,Kengeri,98.0,50.0,Not Applicable,Not Applicable,No,Not Applicable,368,Cash,26,4.0,4.6
2024-07-13 23:18:00,CNR2594482043,Success,CID105126,Auto,BTM Layout,KR Puram,182.0,75.0,Not Applicable,Not Applicable,No,Not Applicable,633,UPI,15,4.6,4.3
2024-07-11 10:09:00,CNR2758081611,Success,CID427057,Auto,Sahakar Nagar,Bellandur,49.0,145.0,Not Applicable,Not Applicable,No,Not Applicable,310,UPI,6,4.4,4.7
2024-07-19 13:45:00,CNR1794295887,Success,CID857905,Mini,Bellandur,Marathahalli,273.0,75.0,Not Applicable,Not Applicable,No,Not Applicable,364,Cash,5,4.8,4.5
2024-07-23 12:53:00,CNR7045129939,Success,CID250901,Prime Plus,HSR Layout,Malleshwaram,126.0,35.0,Not Applicable,Not Applicable,No,Not Applicable,1069,Cash,26,4.3,4.2
2024-07-24 08:31:00,CNR2117391834,Success,CID328547,Bike,Langford Town,Vijayanagar,161.0,115.0,Not Applicable,Not Applicable,No,Not Applicable,671,Cash,25,4.5,5.0
2024-07-12 07:29:00,CNR7352539027,Success,CID481038,Auto,Shantinagar,MG Road,112.0,100.0,Not Applicable,Not Applicable,No,Not Applicable,286,UPI,18,4.8,4.3
2024-07-03 04:29:00,CNR2696296002,Success,CID241146,Bike,Yeshwanthpur,Cox Town,126.0,125.0,Not Applicable,Not Applicable,No,Not Applicable,744,Debit Card,24,4.3,3.6
2024-07-13 10:27:00,CNR7097295191,Canceled by Driver,CID165770,Prime Sedan,BTM Layout,Langford Town,,,Not Applicable,Customer related issue,Not Applicable,Not Applicable,667,Not Applicable,0,,
2024-07-25 12:38:00,CNR1623759465,Success,CID582828,Auto,Basavanagudi,Rajajinagar,273.0,75.0,Not Applicable,Not Applicable,No,Not Applicable,863,UPI,10,4.5,3.2
2024-07-14 14:50:00,CNR6270099015,Success,CID122171,Prime Sedan,Bannerghatta Road,KR Puram,203.0,120.0,Not Applicable,Not Applicable,No,Not Applicable,444,Cash,39,4.0,3.4
2024-07-10 19:44:00,CNR7624774446,Canceled by Driver,CID553143,Prime SUV,KR Puram,Ramamurthy Nagar,,,Not Applicable,Customer related issue,Not Applicable,Not Applicable,300,Not Applicable,0,,
2024-07-14 10:34:00,CNR3158620061,Success,CID928840,Bike,Shivajinagar,Jayanagar,84.0,50.0,Not Applicable,Not Applicable,No,Not Applicable,669,Cash,34,4.4,4.1
2024-07-18 22:17:00,CNR3172544453,Success,CID741875,eBike,Chickpet,Peenya,105.0,135.0,Not Applicable,Not Applicable,No,Not Applicable,399,Cash,42,3.1,3.5
2024-07-01 07:55:00,CNR5151969369,Driver Not Found,CID215148,Prime Plus,Mysore Road,Basavanagudi,,,Not Applicable,Not Applicable,Not Applicable,Not Applicable,169,Not Applicable,0,,
2024-07-29 09:49:00,CNR4889971967,Success,CID198086,Prime Sedan,Hulimavu,MG Road,84.0,145.0,Not Applicable,Not Applicable,No,Not Applicable,443,UPI,4,4.1,3.3
2024-07-03 04:50:00,CNR2848896494,Success,CID844429,eBike,Vijayanagar,Majestic,189.0,110.0,Not Applicable,Not Applicable,No,Not Applicable,229,UPI,10,3.6,4.7
2024-07-30 10:01:00,CNR7413919389,Success,CID735071,Prime Plus,Hosur Road,Shantinagar,238.0,105.0,Not Applicable,Not Applicable,No,Not Applicable,548,UPI,22,4.8,4.5
2024-07-24 09:51:00,CNR8541470350,Success,CID616983,eBike,Peenya,Yeshwanthpur,119.0,105.0,Not Applicable,Not Applicable,No,Not Applicable,161,UPI,11,4.8,3.1
2024-07-14 17:42:00,CNR6696693842,Success,CID890115,Bike,Ulsoor,Devanahalli,126.0,40.0,Not Applicable,Not Applicable,No,Not Applicable,436,Cash,24,4.0,3.3
2024-07-23 06:35:00,CNR2116478202,Success,CID795081,Prime Sedan,Langford Town,Yelahanka,189.0,130.0,Not Applicable,Not Applicable,No,Not Applicable,256,Cash,46,3.2,3.2
2024-07-19 16:50:00,CNR4503360537,Canceled by Driver,CID335014,Prime Plus,Shantinagar,JP Nagar,,,Not Applicable,Customer related issue,Not Applicable,Not Applicable,384,Not Applicable,0,,
2024-07-22 12:26:00,CNR1722103145,Success,CID250640,Prime Sedan,Jayanagar,Ramamurthy Nagar,266.0,50.0,Not Applicable,Not Applicable,No,Not Applicable,1125,Cash,2,3.1,4.3
2024-07-20 22:26:00,CNR9638797662,Canceled by Customer,CID657582,Mini,Malleshwaram,Basavanagudi,,,Driver asked to cancel,Not Applicable,Not Applicable,Not Applicable,255,Not Applicable,0,,
2024-07-26 03:48:00,CNR3911343297,Canceled by Driver,CID482750,Prime SUV,Bellandur,Chickpet,,,Not Applicable,Customer was coughing/sick,Not Applicable,Not Applicable,195,Not Applicable,0,,
2024-07-07 12:13:00,CNR7365224733,Success,CID774848,Bike,Jayanagar,Malleshwaram,210.0,45.0,Not Applicable,Not Applicable,No,Not Applicable,162,UPI,43,3.5,4.6
2024-07-23 11:29:00,CNR7660561533,Success,CID632085,Prime SUV,Basavanagudi,Langford Town,42.0,30.0,Not Applicable,Not Applicable,No,Not Applicable,734,Cash,16,3.3,4.0
2024-07-05 03:22:00,CNR1583790931,Canceled by Customer,CID894769,Prime SUV,Basavanagudi,Chamarajpet,,,AC is Not working,Not Applicable,Not Applicable,Not Applicable,316,Not Applicable,0,,
2024-07-25 23:57:00,CNR9371897670,Success,CID503901,Auto,BTM Layout,Hosur Road,56.0,90.0,Not Applicable,Not Applicable,No,Not Applicable,290,UPI,8,4.1,5.0
2024-07-03 17:10:00,CNR5826268932,Success,CID240552,eBike,Kengeri,Kengeri,273.0,75.0,Not Applicable,Not Applicable,No,Not Applicable,488,UPI,34,3.1,4.3
2024-07-04 10:14:00,CNR8537601308,Driver Not Found,CID268796,Prime Sedan,Kadugodi,Kadugodi,,,Not Applicable,Not Applicable,Not Applicable,Not Applicable,174,Not Applicable,0,,
2024-07-25 13:20:00,CNR6730420173,Success,CID100875,Prime Sedan,Rajarajeshwari Nagar,Varthur,56.0,85.0,Not Applicable,Not Applicable,No,Not Applicable,1888,Cash,34,4.1,3.9
2024-07-17 22:49:00,CNR3634671958,Success,CID301958,eBike,Tumkur Road,Kadugodi,77.0,120.0,Not Applicable,Not Applicable,No,Not Applicable,2628,Cash,17,4.6,4.2
2024-07-15 17:04:00,CNR8072455802,Canceled by Customer,CID644140,Prime SUV,Sarjapur Road,Shivajinagar,,,AC is Not working,Not Applicable,Not Applicable,Not Applicable,221,Not Applicable,0,,
2024-07-27 06:03:00,CNR1376972850,Canceled by Customer,CID632887,Prime SUV,Padmanabhanagar,Sahakar Nagar,,,Change of plans,Not Applicable,Not Applicable,Not Applicable,459,Not Applicable,0,,
2024-07-30 02:10:00,CNR2424486936,Canceled by Driver,CID659426,Prime Plus,RT Nagar,Indiranagar,,,Not Applicable,Personal & Car related issue,Not Applicable,Not Applicable,236,Not Applicable,0,,
2024-07-17 12:36:00,CNR5433312675,Success,CID298244,Prime Sedan,BTM Layout,Kengeri,84.0,60.0,Not Applicable,Not Applicable,No,Not Applicable,249,UPI,28,4.5,5.0
2024-07-30 04:11:00,CNR1529441370,Success,CID832161,Bike,Marathahalli,Ramamurthy Nagar,154.0,125.0,Not Applicable,Not Applicable,No,Not Applicable,376,Cash,39,3.2,4.1
2024-07-09 19:13:00,CNR1047643642,Success,CID363186,Auto,Shantinagar,Electronic City,154.0,145.0,Not Applicable,Not Applicable,No,Not Applicable,330,Cash,10,4.7,4.2
2024-07-25 10:16:00,CNR5368791283,Success,CID594642,Auto,Hebbal,KR Puram,126.0,85.0,Not Applicable,Not Applicable,No,Not Applicable,297,UPI,5,3.6,3.3
2024-07-01 12:36:00,CNR7371166270,Success,CID901068,Mini,Shantinagar,Yeshwanthpur,105.0,95.0,Not Applicable,Not Applicable,No,Not Applicable,436,Debit Card,22,4.7,4.7
2024-07-14 05:35:00,CNR6935847020,Success,CID506516,Prime Sedan,Shantinagar,Ramamurthy Nagar,196.0,130.0,Not Applicable,Not Applicable,No,Not Applicable,327,Cash,2,4.0,3.7
2024-07-09 02:11:00,CNR9062300186,Canceled by Driver,CID161134,Prime Plus,Marathahalli,Hebbal,,,Not Applicable,Personal & Car related issue,Not Applicable,Not Applicable,224,Not Applicable,0,,
2024-07-19 14:41:00,CNR5391427353,Success,CID847772,Prime Plus,Shantinagar,Varthur,63.0,130.0,Not Applicable,Not Applicable,No,Not Applicable,326,UPI,26,4.2,4.5
2024-07-12 10:33:00,CNR5273862253,Canceled by Driver,CID345880,Bike,BTM Layout,Bellandur,,,Not Applicable,Customer related issue,Not Applicable,Not Applicable,364,Not Applicable,0,,
2024-07-07 18:44:00,CNR2059679946,Success,CID347379,eBike,Hosur Road,Cox Town,196.0,65.0,Not Applicable,Not Applicable,No,Not Applicable,592,Cash,9,4.8,4.0
2024-07-23 20:13:00,CNR7963991032,Success,CID540722,eBike,Langford Town,Ulsoor,231.0,90.0,Not Applicable,Not Applicable,Yes,Vehicle Breakdown,122,UPI,40,4.8,3.5
2024-07-25 18:43:00,CNR5577118816,Success,CID829796,Prime SUV,Majestic,JP Nagar,119.0,135.0,Not Applicable,Not Applicable,No,Not Applicable,154,Cash,25,4.7,3.4
2024-07-07 03:31:00,CNR5925136670,Success,CID312023,Bike,Tumkur Road,Malleshwaram,196.0,50.0,Not Applicable,Not Applicable,No,Not Applicable,202,UPI,20,4.7,3.3
2024-07-03 12:28:00,CNR4925833287,Success,CID504901,Prime Sedan,Rajarajeshwari Nagar,Frazer Town,175.0,130.0,Not Applicable,Not Applicable,No,Not Applicable,105,UPI,33,3.3,4.5
2024-07-09 11:38:00,CNR7755274273,Success,CID421235,Bike,Ramamurthy Nagar,Jayanagar,252.0,25.0,Not Applicable,Not Applicable,No,Not Applicable,106,Cash,28,4.6,3.9
2024-07-18 03:30:00,CNR4893501646,Canceled by Driver,CID485072,eBike,Hennur,Varthur,,,Not Applicable,Customer related issue,Not Applicable,Not Applicable,105,Not Applicable,0,,
2024-07-27 10:32:00,CNR2508399121,Success,CID954880,Prime SUV,Whitefield,Chamarajpet,49.0,60.0,Not Applicable,Not Applicable,Yes,Vehicle Breakdown,178,Cash,3,3.9,4.7
2024-07-23 08:24:00,CNR7101831060,Driver Not Found,CID628062,Mini,RT Nagar,MG Road,,,Not Applicable,Not Applicable,Not Applicable,Not Applicable,211,Not Applicable,0,,
2024-07-20 07:16:00,CNR6872642873,Success,CID571281,Prime Sedan,Vijayanagar,JP Nagar,98.0,110.0,Not Applicable,Not Applicable,No,Not Applicable,376,Cash,31,3.9,3.1
2024-07-09 05:44:00,CNR5130142349,Canceled by Driver,CID138901,Prime Plus,Varthur,Koramangala,,,Not Applicable,Customer was coughing/sick,Not Applicable,Not Applicable,470,Not Applicable,0,,
2024-07-16 00:06:00,CNR2622421889,Success,CID729199,Prime Plus,Kengeri,Ramamurthy Nagar,308.0,70.0,Not Applicable,Not Applicable,No,Not Applicable,556,Cash,7,4.8,4.7
2024-07-11 05:49:00,CNR2721180165,Canceled by Driver,CID451872,Auto,RT Nagar,Chickpet,,,Not Applicable,Personal & Car related issue,Not Applicable,Not Applicable,614,Not Applicable,0,,
2024-07-08 15:30:00,CNR8295638959,Success,CID399865,Mini,JP Nagar,Padmanabhanagar,140.0,35.0,Not Applicable,Not Applicable,No,Not Applicable,206,UPI,10,4.7,4.4
2024-07-04 05:10:00,CNR6636151995,Canceled by Driver,CID160878,Prime Sedan,Koramangala,Yelahanka,,,Not Applicable,More than permitted people in there,Not Applicable,Not Applicable,552,Not Applicable,0,,
2024-07-06 20:42:00,CNR6922375726,Canceled by Driver,CID950428,Prime Plus,Yeshwanthpur,Electronic City,,,Not Applicable,Personal & Car related issue,Not Applicable,Not Applicable,326,Not Applicable,0,,
2024-07-17 00:42:00,CNR3790662714,Success,CID261568,Prime SUV,Varthur,Vijayanagar,273.0,25.0,Not Applicable,Not Applicable,No,Not Applicable,259,Cash,29,3.6,4.1
2024-07-26 17:47:00,CNR9163719204,Success,CID616723,Auto,Mysore Road,Kengeri,133.0,30.0,Not Applicable,Not Applicable,No,Not Applicable,1833,UPI,8,4.2,3.6
2024-07-07 12:28:00,CNR1996669239,Success,CID798726,eBike,KR Puram,RT Nagar,224.0,135.0,Not Applicable,Not Applicable,No,Not Applicable,288,UPI,16,3.3,4.6
2024-07-30 03:30:00,CNR7899712959,Success,CID508083,Prime Sedan,Hennur,Bannerghatta Road,280.0,115.0,Not Applicable,Not Applicable,No,Not Applicable,442,Credit Card,6,4.1,4.2
2024-07-06 12:16:00,CNR7400585767,Success,CID683914,eBike,Frazer Town,Langford Town,224.0,85.0,Not Applicable,Not Applicable,No,Not Applicable,412,Cash,30,3.8,3.9
2024-07-03 08:56:00,CNR8768763805,Success,CID437424,Auto,Nagarbhavi,Basavanagudi,119.0,45.0,Not Applicable,Not Applicable,No,Not Applicable,811,Cash,1,3.6,4.4
2024-07-14 08:19:00,CNR7049223526,Canceled by Customer,CID981283,Prime Sedan,Indiranagar,Hosur Road,,,Driver asked to cancel,Not Applicable,Not Applicable,Not Applicable,402,Not Applicable,0,,
2024-07-05 02:30:00,CNR2259892088,Success,CID170712,Prime SUV,Hosur Road,Bannerghatta Road,133.0,35.0,Not Applicable,Not Applicable,No,Not Applicable,257,Cash,19,5.0,4.4
2024-07-01 16:07:00,CNR6763221897,Success,CID505155,Mini,Rajarajeshwari Nagar,MG Road,189.0,80.0,Not Applicable,Not Applicable,No,Not Applicable,184,UPI,35,3.1,4.4
2024-07-21 01:57:00,CNR9958888930,Success,CID312437,Prime SUV,Langford Town,HSR Layout,84.0,105.0,Not Applicable,Not Applicable,No,Not Applicable,229,Cash,14,3.0,3.1
2024-07-19 21:35:00,CNR7341142705,Success,CID436521,Mini,JP Nagar,Devanahalli,140.0,70.0,Not Applicable,Not Applicable,No,Not Applicable,157,Cash,47,4.1,4.3
2024-07-01 23:08:00,CNR5679317365,Canceled by Customer,CID222219,Auto,Kammanahalli,Kammanahalli,,,Change of plans,Not Applicable,Not Applicable,Not Applicable,177,Not Applicable,0,,
2024-07-26 12:28:00,CNR8894018348,Success,CID728379,Prime Plus,Hosur Road,Jayanagar,119.0,100.0,Not Applicable,Not Applicable,No,Not Applicable,274,Cash,23,5.0,4.4
2024-07-28 22:17:00,CNR7013184366,Success,CID816995,Bike,Langford Town,Bellandur,196.0,110.0,Not Applicable,Not Applicable,No,Not Applicable,313,Cash,43,3.6,3.3
2024-07-27 13:26:00,CNR1446597224,Canceled by Customer,CID833849,Auto,MG Road,Langford Town,,,AC is Not working,Not Applicable,Not Applicable,Not Applicable,181,Not Applicable,0,,
2024-07-09 07:41:00,CNR2289355309,Success,CID170309,Prime Plus,Rajajinagar,HSR Layout,294.0,90.0,Not Applicable,Not Applicable,No,Not Applicable,696,UPI,3,4.2,3.0
2024-07-05 11:40:00,CNR5989594503,Success,CID625431,Mini,Ulsoor,Sahakar Nagar,70.0,30.0,Not Applicable,Not Applicable,No,Not Applicable,447,Cash,32,4.0,4.6
2024-07-07 20:49:00,CNR9280787353,Canceled by Customer,CID836629,Prime SUV,Koramangala,Langford Town,,,Change of plans,Not Applicable,Not Applicable,Not Applicable,388,Not Applicable,0,,
2024-07-19 13:08:00,CNR7957969002,Success,CID300704,Mini,Hennur,Malleshwaram,35.0,120.0,Not Applicable,Not Applicable,No,Not Applicable,715,Cash,4,3.0,3.7
2024-07-14 07:50:00,CNR9235422426,Canceled by Driver,CID635992,eBike,Shivajinagar,Hulimavu,,,Not Applicable,Personal & Car related issue,Not Applicable,Not Applicable,355,Not Applicable,0,,
2024-07-30 10:22:00,CNR4751794889,Success,CID670488,Prime Sedan,Basavanagudi,Ramamurthy Nagar,84.0,125.0,Not Applicable,Not Applicable,No,Not Applicable,980,UPI,31,4.9,3.9
2024-07-17 19:16:00,CNR6843735764,Canceled by Customer,CID101129,Prime Sedan,Hennur,Rajajinagar,,,Driver is not moving towards pickup location,Not Applicable,Not Applicable,Not Applicable,267,Not Applicable,0,,
2024-07-30 04:27:00,CNR2441830624,Success,CID542181,Prime Sedan,Hosur Road,MG Road,210.0,110.0,Not Applicable,Not Applicable,No,Not Applicable,121,UPI,48,3.9,3.8
2024-07-09 12:54:00,CNR5151203019,Canceled by Driver,CID565037,Prime SUV,Frazer Town,HSR Layout,,,Not Applicable,More than permitted people in there,Not Applicable,Not Applicable,759,Not Applicable,0,,
2024-07-03 01:19:00,CNR4303323466,Success,CID213337,Prime Sedan,Electronic City,Peenya,217.0,95.0,Not Applicable,Not Applicable,No,Not Applicable,182,UPI,23,4.4,3.6
2024-07-16 17:53:00,CNR5563313177,Success,CID528451,Prime Plus,Vijayanagar,Hulimavu,154.0,145.0,Not Applicable,Not Applicable,No,Not Applicable,471,Cash,28,4.7,4.8
2024-07-08 21:36:00,CNR1693404203,Success,CID845563,Bike,Bannerghatta Road,Nagarbhavi,287.0,65.0,Not Applicable,Not Applicable,No,Not Applicable,473,UPI,1,3.5,3.5
2024-07-26 17:29:00,CNR4443711527,Canceled by Driver,CID771452,eBike,BTM Layout,Tumkur Road,,,Not Applicable,Customer related issue,Not Applicable,Not Applicable,273,Not Applicable,0,,
2024-07-13 18:43:00,CNR9125208572,Canceled by Driver,CID776118,Mini,Kammanahalli,Jayanagar,,,Not Applicable,Customer related issue,Not Applicable,Not Applicable,1019,Not Applicable,0,,
2024-07-12 09:00:00,CNR4580705438,Canceled by Customer,CID141761,Prime Plus,Jayanagar,Cox Town,,,AC is Not working,Not Applicable,Not Applicable,Not Applicable,281,Not Applicable,0,,
2024-07-05 19:45:00,CNR5113805940,Success,CID795334,Prime Sedan,Sahakar Nagar,Chamarajpet,273.0,100.0,Not Applicable,Not Applicable,No,Not Applicable,460,Cash,27,4.3,3.6
2024-07-16 04:23:00,CNR4375082259,Success,CID771629,eBike,Richmond Town,Marathahalli,210.0,135.0,Not Applicable,Not Applicable,No,Not Applicable,212,UPI,38,3.7,3.7
2024-07-08 16:23:00,CNR2042527729,Success,CID620411,Auto,Rajajinagar,Yeshwanthpur,161.0,65.0,Not Applicable,Not Applicable,No,Not Applicable,471,UPI,16,4.0,4.6
2024-07-03 02:28:00,CNR1104813438,Canceled by Driver,CID550990,Prime SUV,Rajarajeshwari Nagar,Magadi Road,,,Not Applicable,Personal & Car related issue,Not Applicable,Not Applicable,531,Not Applicable,0,,
2024-07-24 03:00:00,CNR4635882010,Success,CID320025,Prime Sedan,Ramamurthy Nagar,Hebbal,245.0,135.0,Not Applicable,Not Applicable,No,Not Applicable,200,Cash,13,3.3,4.2
2024-07-09 15:34:00,CNR3993430445,Success,CID446537,Prime Plus,Tumkur Road,Malleshwaram,210.0,55.0,Not Applicable,Not Applicable,No,Not Applicable,390,Cash,36,3.4,4.7
2024-07-18 19:58:00,CNR7655576033,Success,CID337172,Bike,Chickpet,Kammanahalli,203.0,135.0,Not Applicable,Not Applicable,No,Not Applicable,544,Cash,45,4.3,4.5
2024-07-26 21:42:00,CNR3003145412,Success,CID270725,eBike,Banashankari,MG Road,294.0,55.0,Not Applicable,Not Applicable,Yes,Vehicle Breakdown,342,Cash,12,4.5,3.8
2024-07-18 18:39:00,CNR3542860003,Canceled by Customer,CID650641,Prime SUV,Ramamurthy Nagar,Rajarajeshwari Nagar,,,Driver asked to cancel,Not Applicable,Not Applicable,Not Applicable,202,Not Applicable,0,,
2024-07-25 16:24:00,CNR3138704319,Success,CID397551,Prime Sedan,Mysore Road,Ramamurthy Nagar,98.0,80.0,Not Applicable,Not Applicable,No,Not Applicable,432,UPI,46,3.7,4.5
2024-07-27 15:55:00,CNR7246204637,Success,CID154072,Prime SUV,Hulimavu,Koramangala,147.0,50.0,Not Applicable,Not Applicable,No,Not Applicable,236,Cash,39,4.4,4.6
2024-07-28 16:24:00,CNR2322280261,Success,CID440661,eBike,Banashankari,Langford Town,91.0,55.0,Not Applicable,Not Applicable,No,Not Applicable,492,Cash,15,3.7,3.6
2024-07-05 15:35:00,CNR1162558336,Success,CID195662,Prime SUV,Sahakar Nagar,Nagarbhavi,182.0,40.0,Not Applicable,Not Applicable,No,Not Applicable,395,Cash,30,3.4,4.2
2024-07-03 00:31:00,CNR9141834661,Driver Not Found,CID511652,Prime SUV,Mysore Road,Frazer Town,,,Not Applicable,Not Applicable,Not Applicable,Not Applicable,128,Not Applicable,0,,
2024-07-07 12:59:00,CNR6844095182,Success,CID908632,Prime Plus,Bannerghatta Road,Yeshwanthpur,231.0,130.0,Not Applicable,Not Applicable,No,Not Applicable,215,Cash,47,3.1,4.8
2024-07-28 13:51:00,CNR2290624776,Success,CID760321,Mini,Electronic City,Kammanahalli,63.0,100.0,Not Applicable,Not Applicable,No,Not Applicable,2372,Cash,5,3.5,3.9
2024-07-12 12:20:00,CNR9368600479,Canceled by Driver,CID867224,Bike,BTM Layout,Kadugodi,,,Not Applicable,Customer related issue,Not Applicable,Not Applicable,331,Not Applicable,0,,
2024-07-28 16:35:00,CNR6541042569,Canceled by Customer,CID166531,Bike,Banashankari,Ulsoor,,,AC is Not working,Not Applicable,Not Applicable,Not Applicable,282,Not Applicable,0,,
2024-07-18 15:45:00,CNR1506030006,Success,CID576709,Bike,Chamarajpet,Ramamurthy Nagar,189.0,130.0,Not Applicable,Not Applicable,No,Not Applicable,192,UPI,37,3.1,3.4
2024-07-15 09:11:00,CNR5023814101,Canceled by Customer,CID441959,Prime Plus,Nagarbhavi,BTM Layout,,,Wrong Address,Not Applicable,Not Applicable,Not Applicable,1815,Not Applicable,0,,
2024-07-10 21:29:00,CNR3148363054,Success,CID609235,Mini,Kadugodi,Bellandur,140.0,100.0,Not Applicable,Not Applicable,No,Not Applicable,189,Cash,24,4.8,4.7
2024-07-29 21:29:00,CNR8222187386,Success,CID695523,Bike,Sarjapur Road,Hebbal,273.0,55.0,Not Applicable,Not Applicable,No,Not Applicable,495,Cash,24,3.3,3.1
2024-07-20 12:32:00,CNR2522196062,Canceled by Driver,CID486823,Prime Sedan,Chamarajpet,Malleshwaram,,,Not Applicable,Customer related issue,Not Applicable,Not Applicable,247,Not Applicable,0,,
2024-07-22 16:37:00,CNR5675872109,Success,CID743724,Mini,Shivajinagar,Richmond Town,35.0,35.0,Not Applicable,Not Applicable,No,Not Applicable,344,Credit Card,14,4.2,3.2
2024-07-28 07:04:00,CNR1568550010,Success,CID115557,eBike,Nagarbhavi,Ramamurthy Nagar,266.0,85.0,Not Applicable,Not Applicable,Yes,Customer Demand,697,UPI,15,4.3,3.3
2024-07-26 17:15:00,CNR8293270509,Canceled by Driver,CID338712,Prime Sedan,Ramamurthy Nagar,JP Nagar,,,Not Applicable,Customer related issue,Not Applicable,Not Applicable,447,Not Applicable,0,,
2024-07-21 01:36:00,CNR1507545342,Success,CID679680,Prime Sedan,Peenya,Whitefield,77.0,130.0,Not Applicable,Not Applicable,No,Not Applicable,808,Cash,8,4.7,4.8
2024-07-22 18:22:00,CNR3691691885,Success,CID425568,Bike,Nagarbhavi,Langford Town,126.0,35.0,Not Applicable,Not Applicable,No,Not Applicable,399,Cash,44,4.8,3.6
2024-07-06 17:51:00,CNR9716711596,Canceled by Driver,CID730218,Prime Sedan,Varthur,HSR Layout,,,Not Applicable,Customer related issue,Not Applicable,Not Applicable,1754,Not Applicable,0,,
2024-07-01 03:45:00,CNR7133619008,Success,CID667414,Prime Plus,Hennur,Yelahanka,35.0,125.0,Not Applicable,Not Applicable,No,Not Applicable,464,Cash,1,4.7,3.5
2024-07-21 12:02:00,CNR6621554847,Canceled by Customer,CID658086,Bike,MG Road,Peenya,,,AC is Not working,Not Applicable,Not Applicable,Not Applicable,298,Not Applicable,0,,
2024-07-27 15:08:00,CNR2769935362,Canceled by Customer,CID450661,Auto,Majestic,Tumkur Road,,,Wrong Address,Not Applicable,Not Applicable,Not Applicable,387,Not Applicable,0,,
2024-07-30 19:25:00,CNR9700994487,Driver Not Found,CID356538,Prime SUV,Indiranagar,Rajajinagar,,,Not Applicable,Not Applicable,Not Applicable,Not Applicable,163,Not Applicable,0,,
2024-07-22 18:25:00,CNR3319108446,Success,CID175314,eBike,Padmanabhanagar,Ulsoor,245.0,105.0,Not Applicable,Not Applicable,No,Not Applicable,135,UPI,25,4.0,4.0
2024-07-04 00:29:00,CNR3614051797,Success,CID723384,eBike,Magadi Road,KR Puram,49.0,50.0,Not Applicable,Not Applicable,No,Not Applicable,1176,Cash,18,3.2,4.4
2024-07-14 05:23:00,CNR2210586637,Success,CID566798,Prime Sedan,Vijayanagar,HSR Layout,287.0,45.0,Not Applicable,Not Applicable,No,Not Applicable,108,UPI,48,3.9,3.5
2024-07-19 10:26:00,CNR7870643878,Success,CID382048,eBike,Shantinagar,Rajajinagar,84.0,100.0,Not Applicable,Not Applicable,No,Not Applicable,306,UPI,37,3.3,4.8
2024-07-05 09:26:00,CNR1449346323,Success,CID707207,Bike,Chickpet,Tumkur Road,189.0,95.0,Not Applicable,Not Applicable,No,Not Applicable,462,Cash,19,4.7,3.3
2024-07-28 20:49:00,CNR1359841035,Success,CID812349,Prime Plus,Richmond Town,BTM Layout,84.0,125.0,Not Applicable,Not Applicable,No,Not Applicable,300,Cash,1,4.2,4.9
2024-07-16 15:32:00,CNR3669877261,Success,CID613143,Prime SUV,Vijayanagar,Bellandur,161.0,130.0,Not Applicable,Not Applicable,No,Not Applicable,473,Cash,12,4.5,3.6
2024-07-06 12:54:00,CNR1526661166,Driver Not Found,CID407791,Prime SUV,HSR Layout,Koramangala,,,Not Applicable,Not Applicable,Not Applicable,Not Applicable,341,Not Applicable,0,,
2024-07-16 01:19:00,CNR4700028868,Canceled by Driver,CID602723,Prime SUV,Hennur,Chickpet,,,Not Applicable,Personal & Car related issue,Not Applicable,Not Applicable,2372,Not Applicable,0,,
2024-07-14 12:39:00,CNR2709829142,Driver Not Found,CID264567,Prime Sedan,HSR Layout,Ulsoor,,,Not Applicable,Not Applicable,Not Applicable,Not Applicable,104,Not Applicable,0,,
2024-07-16 14:10:00,CNR6913753067,Success,CID157431,Prime Sedan,Magadi Road,Sahakar Nagar,168.0,90.0,Not Applicable,Not Applicable,No,Not Applicable,1405,Cash,26,3.1,3.1
2024-07-07 22:13:00,CNR2847562645,Canceled by Driver,CID958409,Bike,MG Road,Majestic,,,Not Applicable,Personal & Car related issue,Not Applicable,Not Applicable,411,Not Applicable,0,,
2024-07-06 18:26:00,CNR5450163254,Success,CID656946,eBike,Malleshwaram,Marathahalli,49.0,50.0,Not Applicable,Not Applicable,No,Not Applicable,264,UPI,10,4.4,3.8
2024-07-28 18:27:00,CNR9990349381,Canceled by Customer,CID789637,eBike,Whitefield,Hebbal,,,Driver is not moving towards pickup location,Not Applicable,Not Applicable,Not Applicable,447,Not Applicable,0,,
2024-07-19 09:10:00,CNR7918735351,Success,CID319920,Auto,Nagarbhavi,Ulsoor,266.0,40.0,Not Applicable,Not Applicable,No,Not Applicable,799,Cash,14,4.3,4.3
2024-07-05 02:08:00,CNR8515075976,Success,CID488312,Mini,Nagarbhavi,Koramangala,133.0,45.0,Not Applicable,Not Applicable,Yes,Vehicle Breakdown,890,Cash,39,3.6,4.2
2024-07-27 10:49:00,CNR3841868909,Canceled by Driver,CID280045,Prime Plus,JP Nagar,Yeshwanthpur,,,Not Applicable,Personal & Car related issue,Not Applicable,Not Applicable,244,Not Applicable,0,,
2024-07-19 20:35:00,CNR1627665020,Success,CID183696,eBike,Marathahalli,Sahakar Nagar,259.0,70.0,Not Applicable,Not Applicable,No,Not Applicable,333,Cash,47,4.4,4.0
2024-07-11 22:27:00,CNR9968895611,Success,CID605211,Auto,KR Puram,Bellandur,259.0,140.0,Not Applicable,Not Applicable,No,Not Applicable,144,Cash,3,4.8,3.8
2024-07-21 09:41:00,CNR5908924671,Success,CID362017,Prime Plus,Shantinagar,Hosur Road,42.0,85.0,Not Applicable,Not Applicable,No,Not Applicable,175,Cash,37,4.5,4.5
2024-07-22 10:47:00,CNR4661623112,Success,CID548414,Mini,JP Nagar,Hulimavu,287.0,80.0,Not Applicable,Not Applicable,No,Not Applicable,227,Cash,12,3.7,5.0
2024-07-23 05:55:00,CNR5233134898,Success,CID123497,Prime SUV,Ramamurthy Nagar,Malleshwaram,147.0,35.0,Not Applicable,Not Applicable,No,Not Applicable,220,Cash,16,3.1,3.3
2024-07-22 21:38:00,CNR6956696359,Canceled by Driver,CID719213,Auto,Electronic City,Hulimavu,,,Not Applicable,Customer related issue,Not Applicable,Not Applicable,348,Not Applicable,0,,
2024-07-20 07:03:00,CNR1184083864,Success,CID909654,Prime Sedan,Richmond Town,Rajarajeshwari Nagar,203.0,60.0,Not Applicable,Not Applicable,No,Not Applicable,341,Cash,21,3.6,4.6
2024-07-23 21:55:00,CNR6946062518,Success,CID857933,Auto,Bellandur,Chamarajpet,294.0,85.0,Not Applicable,Not Applicable,No,Not Applicable,100,UPI,7,4.0,4.6
2024-07-28 05:59:00,CNR9477366771,Success,CID812923,Prime SUV,Ramamurthy Nagar,Kammanahalli,175.0,100.0,Not Applicable,Not Applicable,No,Not Applicable,772,Cash,40,3.7,3.4
2024-07-23 04:03:00,CNR3042030071,Canceled by Customer,CID967334,Prime SUV,Marathahalli,KR Puram,,,Driver is not moving towards pickup location,Not Applicable,Not Applicable,Not Applicable,242,Not Applicable,0,,
2024-07-22 06:02:00,CNR1148993198,Success,CID177927,Mini,JP Nagar,Kengeri,245.0,60.0,Not Applicable,Not Applicable,No,Not Applicable,688,UPI,28,3.6,4.7
2024-07-12 15:01:00,CNR5548321564,Canceled by Driver,CID335286,Mini,Chamarajpet,Shantinagar,,,Not Applicable,Personal & Car related issue,Not Applicable,Not Applicable,160,Not Applicable,0,,
2024-07-02 07:19:00,CNR9682475742,Success,CID540980,Prime Plus,Basavanagudi,Bellandur,70.0,90.0,Not Applicable,Not Applicable,No,Not Applicable,918,Cash,11,4.8,3.1
2024-07-08 06:03:00,CNR9132214568,Success,CID102122,Prime Plus,Shantinagar,Nagarbhavi,77.0,70.0,Not Applicable,Not Applicable,No,Not Applicable,429,UPI,2,3.6,3.6
2024-07-04 04:04:00,CNR6429425184,Canceled by Customer,CID484080,Auto,RT Nagar,Cox Town,,,Driver is not moving towards pickup location,Not Applicable,Not Applicable,Not Applicable,256,Not Applicable,0,,
2024-07-14 01:24:00,CNR9494475619,Success,CID920307,Auto,KR Puram,JP Nagar,98.0,45.0,Not Applicable,Not Applicable,No,Not Applicable,321,Credit Card,16,3.1,4.6
2024-07-29 11:51:00,CNR1051313513,Success,CID230728,Auto,Whitefield,JP Nagar,203.0,85.0,Not Applicable,Not Applicable,No,Not Applicable,763,UPI,18,3.1,3.4
2024-07-23 18:25:00,CNR3300465825,Success,CID890680,Bike,Yelahanka,Basavanagudi,147.0,50.0,Not Applicable,Not Applicable,No,Not Applicable,355,UPI,21,3.1,3.2
2024-07-07 07:54:00,CNR1762160891,Success,CID280546,Bike,Rajajinagar,Ulsoor,196.0,50.0,Not Applicable,Not Applicable,No,Not Applicable,867,Cash,32,3.5,3.5
2024-07-24 14:02:00,CNR4511894267,Canceled by Driver,CID808137,Mini,Shantinagar,Richmond Town,,,Not Applicable,Customer related issue,Not Applicable,Not Applicable,460,Not Applicable,0,,
2024-07-04 09:38:00,CNR4412032528,Success,CID743615,Prime Plus,Sahakar Nagar,Cox Town,210.0,135.0,Not Applicable,Not Applicable,No,Not Applicable,438,UPI,19,4.9,3.4
2024-07-29 21:27:00,CNR9474701145,Success,CID617579,Bike,Hennur,MG Road,49.0,90.0,Not Applicable,Not Applicable,No,Not Applicable,658,Credit Card,46,3.3,4.6
2024-07-13 09:22:00,CNR6611105453,Success,CID947923,eBike,Ramamurthy Nagar,Vijayanagar,140.0,135.0,Not Applicable,Not Applicable,No,Not Applicable,240,UPI,45,3.2,4.5
2024-07-08 15:50:00,CNR5799069961,Success,CID527629,Prime Plus,Yelahanka,Bellandur,119.0,60.0,Not Applicable,Not Applicable,No,Not Applicable,374,Cash,15,3.8,4.8
2024-07-01 13:18:00,CNR2839707004,Canceled by Driver,CID668710,Prime SUV,Varthur,Rajajinagar,,,Not Applicable,Customer was coughing/sick,Not Applicable,Not Applicable,461,Not Applicable,0,,
2024-07-29 07:35:00,CNR2756809488,Success,CID606782,Prime Sedan,Magadi Road,Vijayanagar,147.0,90.0,Not Applicable,Not Applicable,No,Not Applicable,769,UPI,14,4.5,4.8
2024-07-21 10:13:00,CNR2644240827,Success,CID592093,Mini,Mysore Road,Ramamurthy Nagar,105.0,25.0,Not Applicable,Not Applicable,No,Not Applicable,176,Cash,4,3.7,4.1
2024-07-10 03:38:00,CNR8914138896,Success,CID771472,Prime SUV,Hennur,Yelahanka,56.0,140.0,Not Applicable,Not Applicable,No,Not Applicable,901,Cash,45,3.6,3.8
2024-07-14 02:27:00,CNR8405865879,Success,CID740218,eBike,Whitefield,JP Nagar,266.0,60.0,Not Applicable,Not Applicable,No,Not Applicable,142,Cash,21,3.3,3.5
2024-07-23 05:05:00,CNR4939941518,Success,CID220364,Prime SUV,Richmond Town,Hebbal,252.0,115.0,Not Applicable,Not Applicable,No,Not Applicable,288,Cash,45,3.7,3.4
2024-07-12 23:52:00,CNR5709610065,Success,CID532909,Mini,Varthur,BTM Layout,280.0,50.0,Not Applicable,Not Applicable,No,Not Applicable,860,Cash,37,4.0,3.5
2024-07-24 11:10:00,CNR1302026118,Success,CID575718,Prime Sedan,RT Nagar,Shantinagar,91.0,45.0,Not Applicable,Not Applicable,No,Not Applicable,148,Cash,32,3.4,3.1
2024-07-03 17:40:00,CNR9957583062,Canceled by Customer,CID901125,Bike,Hennur,BTM Layout,,,Driver asked to cancel,Not Applicable,Not Applicable,Not Applicable,349,Not Applicable,0,,
2024-07-15 20:21:00,CNR2161662734,Canceled by Driver,CID752847,Prime Plus,Devanahalli,Ulsoor,,,Not Applicable,Personal & Car related issue,Not Applicable,Not Applicable,886,Not Applicable,0,,
2024-07-10 12:37:00,CNR7289678420,Success,CID782898,Mini,Vijayanagar,JP Nagar,147.0,35.0,Not Applicable,Not Applicable,No,Not Applicable,355,UPI,11,3.8,3.0
2024-07-17 22:00:00,CNR4213891076,Success,CID833662,Bike,Koramangala,Nagarbhavi,35.0,25.0,Not Applicable,Not Applicable,No,Not Applicable,216,Cash,1,4.9,4.1
2024-07-14 08:55:00,CNR8559927787,Success,CID669413,Bike,Chamarajpet,Tumkur Road,56.0,135.0,Not Applicable,Not Applicable,No,Not Applicable,254,Cash,15,4.4,4.6
2024-07-06 07:24:00,CNR5139074963,Canceled by Customer,CID368734,Prime Plus,Whitefield,Jayanagar,,,Change of plans,Not Applicable,Not Applicable,Not Applicable,874,Not Applicable,0,,
2024-07-06 08:10:00,CNR5517793699,Canceled by Driver,CID350869,Prime Plus,Sahakar Nagar,Ramamurthy Nagar,,,Not Applicable,Personal & Car related issue,Not Applicable,Not Applicable,348,Not Applicable,0,,
2024-07-06 07:39:00,CNR5160313018,Canceled by Driver,CID109784,eBike,Ulsoor,Devanahalli,,,Not Applicable,Customer related issue,Not Applicable,Not Applicable,336,Not Applicable,0,,
2024-07-28 22:32:00,CNR5133043072,Success,CID254079,Bike,Hosur Road,Majestic,231.0,85.0,Not Applicable,Not Applicable,No,Not Applicable,115,Cash,34,3.1,3.3
2024-07-03 01:34:00,CNR9500164380,Success,CID776154,Prime SUV,Kengeri,Rajajinagar,182.0,140.0,Not Applicable,Not Applicable,No,Not Applicable,404,UPI,35,4.6,4.5
2024-07-24 12:18:00,CNR4846743823,Driver Not Found,CID480080,Auto,Rajajinagar,Rajarajeshwari Nagar,,,Not Applicable,Not Applicable,Not Applicable,Not Applicable,854,Not Applicable,0,,
2024-07-15 03:15:00,CNR3860506207,Canceled by Driver,CID602829,eBike,Vijayanagar,Cox Town,,,Not Applicable,Customer was coughing/sick,Not Applicable,Not Applicable,608,Not Applicable,0,,
2024-07-14 01:38:00,CNR6683268139,Canceled by Driver,CID628226,Mini,Hosur Road,Richmond Town,,,Not Applicable,Customer related issue,Not Applicable,Not Applicable,2321,Not Applicable,0,,
2024-07-19 01:50:00,CNR5497505340,Success,CID515031,eBike,JP Nagar,Hennur,252.0,115.0,Not Applicable,Not Applicable,No,Not Applicable,463,Cash,18,4.3,3.4
2024-07-17 12:14:00,CNR4546380104,Success,CID313657,Bike,Langford Town,Magadi Road,280.0,105.0,Not Applicable,Not Applicable,No,Not Applicable,358,UPI,22,4.0,3.9
2024-07-03 16:21:00,CNR7057792938,Canceled by Driver,CID399778,Prime SUV,Devanahalli,Basavanagudi,,,Not Applicable,Customer related issue,Not Applicable,Not Applicable,1835,Not Applicable,0,,
2024-07-04 05:44:00,CNR3822153542,Canceled by Driver,CID929448,Prime Sedan,Shivajinagar,Tumkur Road,,,Not Applicable,Customer related issue,Not Applicable,Not Applicable,1397,Not Applicable,0,,
2024-07-16 09:00:00,CNR2651663450,Success,CID248184,Prime SUV,Banashankari,Padmanabhanagar,63.0,25.0,Not Applicable,Not Applicable,No,Not Applicable,151,Cash,22,3.4,4.1
2024-07-20 22:19:00,CNR6279047137,Driver Not Found,CID477749,Prime Plus,Rajajinagar,Electronic City,,,Not Applicable,Not Applicable,Not Applicable,Not Applicable,421,Not Applicable,0,,
2024-07-14 23:43:00,CNR6764716792,Canceled by Driver,CID165500,Prime SUV,Chamarajpet,Vijayanagar,,,Not Applicable,Customer related issue,Not Applicable,Not Applicable,151,Not Applicable,0,,
2024-07-04 22:30:00,CNR7753340346,Success,CID489381,eBike,Electronic City,Sahakar Nagar,252.0,95.0,Not Applicable,Not Applicable,No,Not Applicable,429,UPI,24,3.2,3.5
2024-07-14 14:03:00,CNR6120427769,Canceled by Driver,CID510098,Bike,Shivajinagar,Langford Town,,,Not Applicable,Customer related issue,Not Applicable,Not Applicable,202,Not Applicable,0,,
2024-07-30 13:52:00,CNR6463996190,Success,CID226969,Auto,Hennur,Tumkur Road,245.0,100.0,Not Applicable,Not Applicable,No,Not Applicable,1739,UPI,1,3.8,5.0
2024-07-12 04:01:00,CNR6047083914,Canceled by Driver,CID561447,Prime Sedan,Bannerghatta Road,Shantinagar,,,Not Applicable,Customer related issue,Not Applicable,Not Applicable,935,Not Applicable,0,,
2024-07-29 08:03:00,CNR3600011668,Canceled by Customer,CID174744,Prime Plus,Chickpet,Bannerghatta Road,,,Wrong Address,Not Applicable,Not Applicable,Not Applicable,377,Not Applicable,0,,
2024-07-08 12:46:00,CNR2354918825,Success,CID484216,Bike,Kengeri,Hennur,231.0,70.0,Not Applicable,Not Applicable,No,Not Applicable,245,UPI,23,4.7,3.1
2024-07-04 01:49:00,CNR9934975055,Success,CID889748,Prime Plus,BTM Layout,Ramamurthy Nagar,126.0,100.0,Not Applicable,Not Applicable,No,Not Applicable,346,UPI,13,4.3,3.9
2024-07-19 12:20:00,CNR4708240842,Success,CID950632,Prime Plus,Sarjapur Road,Kengeri,175.0,90.0,Not Applicable,Not Applicable,No,Not Applicable,429,Cash,13,3.1,4.3
2024-07-02 05:58:00,CNR7893963906,Success,CID344884,Mini,Peenya,Chamarajpet,70.0,130.0,Not Applicable,Not Applicable,No,Not Applicable,887,UPI,47,4.7,3.2
2024-07-19 02:30:00,CNR8443652882,Success,CID623878,Prime Sedan,Jayanagar,Tumkur Road,168.0,105.0,Not Applicable,Not Applicable,No,Not Applicable,457,Cash,46,4.8,3.4
2024-07-01 14:12:00,CNR4009639855,Canceled by Customer,CID888090,Bike,Kadugodi,Banashankari,,,Driver asked to cancel,Not Applicable,Not Applicable,Not Applicable,351,Not Applicable,0,,
2024-07-28 07:21:00,CNR7354866628,Success,CID807448,Prime Plus,Sahakar Nagar,Yeshwanthpur,119.0,35.0,Not Applicable,Not Applicable,Yes,Vehicle Breakdown,252,Cash,16,4.0,4.3
2024-07-27 20:19:00,CNR6708910653,Success,CID143748,Bike,Koramangala,MG Road,119.0,110.0,Not Applicable,Not Applicable,No,Not Applicable,423,UPI,20,5.0,3.4
2024-07-09 13:47:00,CNR2500983306,Success,CID560112,Bike,Richmond Town,Banashankari,77.0,60.0,Not Applicable,Not Applicable,No,Not Applicable,379,Cash,41,3.5,3.6
2024-07-27 23:04:00,CNR3170733027,Canceled by Driver,CID469781,Auto,Sahakar Nagar,Majestic,,,Not Applicable,Personal & Car related issue,Not Applicable,Not Applicable,655,Not Applicable,0,,
2024-07-02 03:24:00,CNR9925780987,Driver Not Found,CID595133,eBike,Yelahanka,Padmanabhanagar,,,Not Applicable,Not Applicable,Not Applicable,Not Applicable,249,Not Applicable,0,,
2024-07-09 17:46:00,CNR1103271776,Success,CID731001,eBike,Shantinagar,Frazer Town,175.0,75.0,Not Applicable,Not Applicable,No,Not Applicable,979,Debit Card,11,4.1,3.7
2024-07-03 14:32:00,CNR4799285357,Canceled by Customer,CID945358,Auto,Varthur,HSR Layout,,,Driver asked to cancel,Not Applicable,Not Applicable,Not Applicable,349,Not Applicable,0,,
2024-07-30 07:32:00,CNR7568289022,Success,CID632588,Mini,Electronic City,Ramamurthy Nagar,119.0,25.0,Not Applicable,Not Applicable,No,Not Applicable,590,Cash,35,4.8,3.7
2024-07-15 04:09:00,CNR1291769007,Success,CID691506,eBike,Peenya,Sahakar Nagar,91.0,100.0,Not Applicable,Not Applicable,No,Not Applicable,389,UPI,5,4.3,4.2
2024-07-26 17:18:00,CNR9199440313,Driver Not Found,CID751869,Prime Plus,Peenya,Tumkur Road,,,Not Applicable,Not Applicable,Not Applicable,Not Applicable,892,Not Applicable,0,,
2024-07-11 14:28:00,CNR6533569227,Success,CID544989,Prime Plus,Tumkur Road,Yeshwanthpur,91.0,100.0,Not Applicable,Not Applicable,Yes,Vehicle Breakdown,235,UPI,38,3.1,4.2
2024-07-23 00:13:00,CNR8088953584,Canceled by Driver,CID204881,Prime SUV,Marathahalli,Chickpet,,,Not Applicable,More than permitted people in there,Not Applicable,Not Applicable,334,Not Applicable,0,,
2024-07-26 20:31:00,CNR1893719470,Success,CID165066,Prime Sedan,Peenya,Banashankari,70.0,50.0,Not Applicable,Not Applicable,No,Not Applicable,106,Credit Card,46,3.6,3.6
2024-07-17 21:25:00,CNR3507781238,Canceled by Driver,CID455892,Prime Plus,Yelahanka,JP Nagar,,,Not Applicable,Personal & Car related issue,Not Applicable,Not Applicable,2060,Not Applicable,0,,
2024-07-01 20:49:00,CNR1244675820,Success,CID681458,Prime Sedan,Mysore Road,RT Nagar,266.0,45.0,Not Applicable,Not Applicable,No,Not Applicable,1863,Cash,22,4.6,3.5
2024-07-03 12:39:00,CNR3503756710,Success,CID594292,Auto,Bannerghatta Road,Koramangala,105.0,95.0,Not Applicable,Not Applicable,No,Not Applicable,940,Cash,6,4.4,3.8
2024-07-30 00:52:00,CNR8117243133,Canceled by Driver,CID500153,Prime SUV,KR Puram,Hebbal,,,Not Applicable,Customer related issue,Not Applicable,Not Applicable,171,Not Applicable,0,,
2024-07-21 18:23:00,CNR8683740469,Success,CID975174,Prime Sedan,MG Road,JP Nagar,98.0,70.0,Not Applicable,Not Applicable,No,Not Applicable,294,Cash,15,3.0,4.6
2024-07-19 01:44:00,CNR2830090958,Canceled by Driver,CID623116,eBike,Koramangala,Yelahanka,,,Not Applicable,Customer was coughing/sick,Not Applicable,Not Applicable,496,Not Applicable,0,,
2024-07-15 10:32:00,CNR1453851718,Driver Not Found,CID766032,Prime SUV,MG Road,Richmond Town,,,Not Applicable,Not Applicable,Not Applicable,Not Applicable,326,Not Applicable,0,,
2024-07-29 10:50:00,CNR1663229607,Canceled by Driver,CID601193,Auto,RT Nagar,Shantinagar,,,Not Applicable,Customer related issue,Not Applicable,Not Applicable,129,Not Applicable,0,,
2024-07-09 09:11:00,CNR5985801171,Canceled by Driver,CID501157,eBike,Devanahalli,Kadugodi,,,Not Applicable,Customer was coughing/sick,Not Applicable,Not Applicable,147,Not Applicable,0,,
2024-07-07 15:20:00,CNR4968221440,Canceled by Customer,CID837193,Auto,Nagarbhavi,JP Nagar,,,Driver asked to cancel,Not Applicable,Not Applicable,Not Applicable,470,Not Applicable,0,,
2024-07-24 05:40:00,CNR2794653330,Success,CID396267,Prime Sedan,Hennur,Kadugodi,189.0,30.0,Not Applicable,Not Applicable,Yes,Customer Demand,2833,UPI,3,4.9,3.9
2024-07-27 22:44:00,CNR3310309582,Success,CID722149,Prime Sedan,Peenya,Kadugodi,98.0,55.0,Not Applicable,Not Applicable,No,Not Applicable,897,UPI,38,4.0,3.8
2024-07-26 23:20:00,CNR8404152784,Success,CID435765,eBike,Hebbal,Hebbal,126.0,115.0,Not Applicable,Not Applicable,No,Not Applicable,1537,UPI,4,3.2,3.9
2024-07-28 07:58:00,CNR8185279477,Driver Not Found,CID436585,Mini,JP Nagar,Electronic City,,,Not Applicable,Not Applicable,Not Applicable,Not Applicable,675,Not Applicable,0,,
2024-07-04 19:01:00,CNR8592323246,Success,CID215761,Prime SUV,Whitefield,RT Nagar,77.0,135.0,Not Applicable,Not Applicable,No,Not Applicable,824,Cash,16,4.7,3.4
2024-07-02 02:00:00,CNR1289991850,Driver Not Found,CID125777,Mini,Frazer Town,Sahakar Nagar,,,Not Applicable,Not Applicable,Not Applicable,Not Applicable,326,Not Applicable,0,,
2024-07-09 18:22:00,CNR1376064625,Canceled by Driver,CID757899,Prime SUV,Rajarajeshwari Nagar,Malleshwaram,,,Not Applicable,More than permitted people in there,Not Applicable,Not Applicable,453,Not Applicable,0,,
2024-07-06 08:56:00,CNR5493597710,Success,CID245217,Prime Plus,Hulimavu,Richmond Town,168.0,80.0,Not Applicable,Not Applicable,No,Not Applicable,222,Cash,38,5.0,3.2
2024-07-07 11:51:00,CNR7436293478,Success,CID259233,eBike,Frazer Town,Rajarajeshwari Nagar,84.0,30.0,Not Applicable,Not Applicable,No,Not Applicable,755,Cash,9,4.6,3.9
2024-07-26 06:19:00,CNR8005634499,Success,CID392055,eBike,Rajarajeshwari Nagar,Chamarajpet,168.0,115.0,Not Applicable,Not Applicable,No,Not Applicable,952,UPI,43,4.6,4.9
2024-07-26 07:20:00,CNR6786699793,Success,CID214665,eBike,Marathahalli,Hosur Road,84.0,80.0,Not Applicable,Not Applicable,No,Not Applicable,113,Cash,32,4.0,4.5
2024-07-22 10:11:00,CNR9695437599,Canceled by Customer,CID323087,eBike,Varthur,Mysore Road,,,Change of plans,Not Applicable,Not Applicable,Not Applicable,851,Not Applicable,0,,
2024-07-13 21:08:00,CNR2035464823,Canceled by Customer,CID621681,eBike,Sarjapur Road,Hulimavu,,,Driver is not moving towards pickup location,Not Applicable,Not Applicable,Not Applicable,346,Not Applicable,0,,
2024-07-01 03:32:00,CNR6415950329,Success,CID321381,eBike,Richmond Town,Langford Town,203.0,120.0,Not Applicable,Not Applicable,No,Not Applicable,440,Cash,20,3.6,4.5
2024-07-10 08:43:00,CNR7931512352,Success,CID149737,Prime SUV,Devanahalli,HSR Layout,63.0,55.0,Not Applicable,Not Applicable,No,Not Applicable,445,UPI,11,5.0,4.6
2024-07-07 11:31:00,CNR4690643395,Success,CID463044,Prime Sedan,Sahakar Nagar,KR Puram,259.0,75.0,Not Applicable,Not Applicable,No,Not Applicable,107,Credit Card,13,4.6,3.9
2024-07-12 19:47:00,CNR7133735969,Success,CID674660,Prime SUV,Hebbal,Devanahalli,119.0,90.0,Not Applicable,Not Applicable,No,Not Applicable,133,Cash,25,4.5,4.0
2024-07-30 11:05:00,CNR8978550171,Canceled by Customer,CID308066,Prime Plus,Chamarajpet,RT Nagar,,,Driver is not moving towards pickup location,Not Applicable,Not Applicable,Not Applicable,310,Not Applicable,0,,
2024-07-08 21:32:00,CNR4942047984,Driver Not Found,CID194415,Mini,Ulsoor,Hebbal,,,Not Applicable,Not Applicable,Not Applicable,Not Applicable,354,Not Applicable,0,,
2024-07-25 12:49:00,CNR6719565852,Canceled by Customer,CID536317,Prime Plus,Richmond Town,Malleshwaram,,,Driver asked to cancel,Not Applicable,Not Applicable,Not Applicable,433,Not Applicable,0,,
2024-07-29 10:19:00,CNR2922082711,Success,CID237602,Mini,Cox Town,Varthur,210.0,110.0,Not Applicable,Not Applicable,No,Not Applicable,225,UPI,31,3.1,4.8
2024-07-18 14:47:00,CNR9246521502,Canceled by Driver,CID904028,Prime Sedan,Bellandur,Hebbal,,,Not Applicable,Personal & Car related issue,Not Applicable,Not Applicable,992,Not Applicable,0,,
2024-07-02 19:01:00,CNR5336502170,Success,CID723671,Mini,Ramamurthy Nagar,Cox Town,154.0,100.0,Not Applicable,Not Applicable,No,Not Applicable,319,Cash,9,3.0,4.6
2024-07-24 21:31:00,CNR3177056684,Success,CID918109,Mini,Frazer Town,Richmond Town,175.0,125.0,Not Applicable,Not Applicable,No,Not Applicable,466,UPI,1,3.6,4.4
2024-07-05 06:51:00,CNR3358452697,Canceled by Driver,CID393681,Auto,MG Road,Vijayanagar,,,Not Applicable,Customer related issue,Not Applicable,Not Applicable,256,Not Applicable,0,,
2024-07-14 05:17:00,CNR5478699720,Canceled by Driver,CID171784,Prime Sedan,Magadi Road,MG Road,,,Not Applicable,Personal & Car related issue,Not Applicable,Not Applicable,155,Not Applicable,0,,
2024-07-09 15:35:00,CNR7092793400,Success,CID889454,Prime SUV,Sarjapur Road,Ulsoor,308.0,100.0,Not Applicable,Not Applicable,No,Not Applicable,309,UPI,21,3.3,3.4
2024-07-16 08:32:00,CNR2295997994,Success,CID667968,Bike,Majestic,Basavanagudi,56.0,130.0,Not Applicable,Not Applicable,No,Not Applicable,319,Cash,30,3.3,3.4
2024-07-19 16:40:00,CNR5980295223,Canceled by Driver,CID413483,eBike,Magadi Road,RT Nagar,,,Not Applicable,More than permitted people in there,Not Applicable,Not Applicable,330,Not Applicable,0,,
2024-07-01 18:22:00,CNR7026940493,Canceled by Driver,CID707195,Auto,Shantinagar,Tumkur Road,,,Not Applicable,Customer related issue,Not Applicable,Not Applicable,177,Not Applicable,0,,
2024-07-27 04:49:00,CNR7015943186,Success,CID902689,Mini,Hulimavu,Kadugodi,161.0,80.0,Not Applicable,Not Applicable,No,Not Applicable,411,UPI,26,3.2,4.4
2024-07-19 08:04:00,CNR9025258362,Canceled by Customer,CID703910,Auto,Koramangala,Hebbal,,,Change of plans,Not Applicable,Not Applicable,Not Applicable,142,Not Applicable,0,,
2024-07-21 12:52:00,CNR7249071423,Driver Not Found,CID398982,Bike,RT Nagar,Sahakar Nagar,,,Not Applicable,Not Applicable,Not Applicable,Not Applicable,354,Not Applicable,0,,
2024-07-06 02:12:00,CNR4011466798,Success,CID734274,Auto,Electronic City,Hebbal,168.0,80.0,Not Applicable,Not Applicable,No,Not Applicable,952,Cash,19,5.0,4.1
2024-07-25 12:42:00,CNR7022976061,Success,CID791725,Prime Sedan,Hulimavu,KR Puram,91.0,130.0,Not Applicable,Not Applicable,No,Not Applicable,108,Cash,46,3.4,4.9
2024-07-03 22:08:00,CNR3649095224,Canceled by Customer,CID243615,eBike,Marathahalli,Chamarajpet,,,AC is Not working,Not Applicable,Not Applicable,Not Applicable,236,Not Applicable,0,,
2024-07-10 00:05:00,CNR3369716147,Success,CID363408,Auto,Yelahanka,Shivajinagar,273.0,100.0,Not Applicable,Not Applicable,No,Not Applicable,198,UPI,15,4.2,4.6
2024-07-01 23:31:00,CNR7004274024,Success,CID363369,eBike,Kadugodi,JP Nagar,98.0,120.0,Not Applicable,Not Applicable,No,Not Applicable,127,Credit Card,33,3.4,3.5
2024-07-03 12:20:00,CNR7065392645,Success,CID806684,Bike,Banashankari,Hebbal,280.0,60.0,Not Applicable,Not Applicable,No,Not Applicable,899,UPI,2,4.8,4.2
2024-07-10 16:14:00,CNR7612757318,Success,CID754923,Prime Plus,Shivajinagar,Malleshwaram,133.0,140.0,Not Applicable,Not Applicable,No,Not Applicable,390,UPI,49,4.3,3.0
2024-07-09 02:35:00,CNR6264027266,Success,CID587624,Prime Sedan,Marathahalli,Rajajinagar,161.0,75.0,Not Applicable,Not Applicable,No,Not Applicable,613,UPI,38,4.9,3.7
2024-07-06 13:06:00,CNR2722562034,Canceled by Driver,CID496026,Bike,Rajajinagar,KR Puram,,,Not Applicable,Customer related issue,Not Applicable,Not Applicable,139,Not Applicable,0,,
2024-07-12 08:08:00,CNR2097560178,Driver Not Found,CID983680,Prime Sedan,Kengeri,Kengeri,,,Not Applicable,Not Applicable,Not Applicable,Not Applicable,277,Not Applicable,0,,
2024-07-29 04:46:00,CNR8378279570,Success,CID604653,Prime Plus,Basavanagudi,Nagarbhavi,147.0,45.0,Not Applicable,Not Applicable,No,Not Applicable,962,Cash,38,3.8,3.6
2024-07-17 12:21:00,CNR4992010649,Success,CID376698,Auto,Kammanahalli,Hebbal,168.0,135.0,Not Applicable,Not Applicable,No,Not Applicable,2018,Cash,12,3.0,3.3
2024-07-07 02:27:00,CNR7140305423,Success,CID510252,eBike,Hebbal,MG Road,154.0,95.0,Not Applicable,Not Applicable,No,Not Applicable,340,Cash,21,3.7,3.0
2024-07-29 21:33:00,CNR3601816783,Success,CID218870,Mini,Hennur,Ulsoor,231.0,115.0,Not Applicable,Not Applicable,No,Not Applicable,113,Cash,46,4.4,3.6
2024-07-27 13:59:00,CNR2855049050,Success,CID668682,eBike,Majestic,Rajajinagar,217.0,50.0,Not Applicable,Not Applicable,No,Not Applicable,222,UPI,28,3.4,3.2
2024-07-26 21:51:00,CNR5071052318,Success,CID317369,Mini,Marathahalli,Majestic,287.0,70.0,Not Applicable,Not Applicable,No,Not Applicable,291,Cash,31,3.8,3.1
2024-07-30 23:01:00,CNR2581391353,Canceled by Driver,CID921312,eBike,Kengeri,Devanahalli,,,Not Applicable,More than permitted people in there,Not Applicable,Not Applicable,130,Not Applicable,0,,
2024-07-07 06:45:00,CNR3467304625,Success,CID522926,Auto,Kadugodi,Hosur Road,133.0,100.0,Not Applicable,Not Applicable,No,Not Applicable,444,Cash,4,4.7,3.9
2024-07-12 08:44:00,CNR7487525049,Canceled by Driver,CID270813,Bike,Bannerghatta Road,Peenya,,,Not Applicable,Customer related issue,Not Applicable,Not Applicable,1022,Not Applicable,0,,
2024-07-12 17:54:00,CNR2063291040,Success,CID706270,Auto,Ulsoor,Bannerghatta Road,217.0,90.0,Not Applicable,Not Applicable,No,Not Applicable,478,Cash,4,3.4,4.7
2024-07-24 10:29:00,CNR3524363231,Canceled by Driver,CID352093,Prime Sedan,Langford Town,Sarjapur Road,,,Not Applicable,Customer related issue,Not Applicable,Not Applicable,416,Not Applicable,0,,
2024-07-25 03:27:00,CNR9692261197,Success,CID179341,Auto,KR Puram,Sahakar Nagar,182.0,45.0,Not Applicable,Not Applicable,No,Not Applicable,373,UPI,14,4.9,3.4
2024-07-22 20:49:00,CNR6448774129,Success,CID921563,Prime Sedan,Electronic City,Kengeri,196.0,125.0,Not Applicable,Not Applicable,No,Not Applicable,416,Credit Card,7,4.5,3.8
2024-07-04 10:49:00,CNR4531061439,Canceled by Driver,CID117856,eBike,Shantinagar,Sarjapur Road,,,Not Applicable,Customer related issue,Not Applicable,Not Applicable,785,Not Applicable,0,,
2024-07-23 13:44:00,CNR3909327298,Success,CID845692,Prime Sedan,Langford Town,Indiranagar,126.0,135.0,Not Applicable,Not Applicable,No,Not Applicable,597,Cash,17,3.1,3.8
2024-07-19 09:09:00,CNR9626087376,Canceled by Driver,CID836351,Bike,Magadi Road,Hennur,,,Not Applicable,More than permitted people in there,Not Applicable,Not Applicable,1948,Not Applicable,0,,
2024-07-22 08:03:00,CNR2350978137,Canceled by Driver,CID610342,Mini,Magadi Road,Yelahanka,,,Not Applicable,Personal & Car related issue,Not Applicable,Not Applicable,386,Not Applicable,0,,
2024-07-29 16:54:00,CNR7511444111,Success,CID672847,Auto,Tumkur Road,Electronic City,168.0,55.0,Not Applicable,Not Applicable,No,Not Applicable,141,Cash,5,4.1,3.3
2024-07-17 20:01:00,CNR4111126434,Success,CID314335,Auto,Bellandur,Hennur,203.0,125.0,Not Applicable,Not Applicable,No,Not Applicable,211,UPI,12,3.8,3.2
2024-07-29 14:20:00,CNR3127056130,Success,CID106869,Prime Sedan,Shantinagar,Kammanahalli,301.0,70.0,Not Applicable,Not Applicable,No,Not Applicable,289,UPI,14,3.1,4.4
2024-07-14 15:18:00,CNR5057570282,Canceled by Driver,CID712986,Prime SUV,Marathahalli,Richmond Town,,,Not Applicable,Personal & Car related issue,Not Applicable,Not Applicable,458,Not Applicable,0,,
2024-07-27 19:41:00,CNR4763953524,Driver Not Found,CID680284,Mini,Banashankari,Chickpet,,,Not Applicable,Not Applicable,Not Applicable,Not Applicable,1805,Not Applicable,0,,
2024-07-06 09:26:00,CNR9167041991,Driver Not Found,CID527818,eBike,Kengeri,Peenya,,,Not Applicable,Not Applicable,Not Applicable,Not Applicable,659,Not Applicable,0,,
2024-07-07 03:59:00,CNR5140756539,Success,CID219583,Prime Sedan,RT Nagar,BTM Layout,35.0,30.0,Not Applicable,Not Applicable,No,Not Applicable,572,Cash,20,4.8,4.0
2024-07-23 01:23:00,CNR9757852656,Canceled by Customer,CID758457,Mini,Majestic,Shantinagar,,,Driver is not moving towards pickup location,Not Applicable,Not Applicable,Not Applicable,256,Not Applicable,0,,
2024-07-11 06:37:00,CNR9941625824,Success,CID798011,Prime SUV,Hennur,Magadi Road,126.0,30.0,Not Applicable,Not Applicable,No,Not Applicable,556,Cash,13,4.2,4.1
2024-07-05 03:42:00,CNR5619776988,Success,CID946405,Bike,Devanahalli,Magadi Road,259.0,45.0,Not Applicable,Not Applicable,No,Not Applicable,691,Cash,12,3.8,3.5
2024-07-10 09:46:00,CNR8897322562,Driver Not Found,CID362051,eBike,Bellandur,Majestic,,,Not Applicable,Not Applicable,Not Applicable,Not Applicable,438,Not Applicable,0,,
2024-07-09 09:50:00,CNR6531955048,Success,CID963511,Mini,Kammanahalli,Shantinagar,308.0,90.0,Not Applicable,Not Applicable,No,Not Applicable,521,Cash,41,3.1,3.3
2024-07-28 23:14:00,CNR7345436683,Canceled by Driver,CID771840,Prime Plus,Shivajinagar,Hulimavu,,,Not Applicable,Customer was coughing/sick,Not Applicable,Not Applicable,2588,Not Applicable,0,,
2024-07-04 22:42:00,CNR2984733612,Success,CID885644,Bike,Kammanahalli,Rajarajeshwari Nagar,301.0,95.0,Not Applicable,Not Applicable,No,Not Applicable,296,UPI,2,3.3,4.7
2024-07-12 01:55:00,CNR7294950551,Success,CID152132,Mini,Hosur Road,Chickpet,245.0,25.0,Not Applicable,Not Applicable,No,Not Applicable,489,Cash,9,3.1,3.9
2024-07-26 21:32:00,CNR2720037296,Success,CID652816,Prime SUV,JP Nagar,Hennur,168.0,90.0,Not Applicable,Not Applicable,No,Not Applicable,376,Cash,34,4.0,4.8
2024-07-16 06:41:00,CNR7597369819,Success,CID536547,Prime Sedan,HSR Layout,MG Road,168.0,25.0,Not Applicable,Not Applicable,No,Not Applicable,105,UPI,12,3.4,3.7
2024-07-02 03:44:00,CNR1084916890,Canceled by Driver,CID199927,Prime Plus,Rajajinagar,KR Puram,,,Not Applicable,Personal & Car related issue,Not Applicable,Not Applicable,366,Not Applicable,0,,
2024-07-24 12:33:00,CNR4034123409,Canceled by Driver,CID575189,Auto,Bannerghatta Road,Kengeri,,,Not Applicable,Customer was coughing/sick,Not Applicable,Not Applicable,468,Not Applicable,0,,
2024-07-06 19:54:00,CNR1232251579,Success,CID947195,Auto,Frazer Town,Kammanahalli,56.0,115.0,Not Applicable,Not Applicable,No,Not Applicable,1502,Cash,19,4.0,3.2
2024-07-14 01:13:00,CNR6928214992,Success,CID480685,Mini,Malleshwaram,KR Puram,70.0,40.0,Not Applicable,Not Applicable,No,Not Applicable,463,UPI,2,4.4,3.1
2024-07-02 15:06:00,CNR1018626393,Success,CID307194,eBike,Koramangala,Devanahalli,196.0,100.0,Not Applicable,Not Applicable,No,Not Applicable,2210,UPI,41,4.0,3.9
2024-07-15 01:33:00,CNR1742921611,Canceled by Driver,CID848092,Prime Plus,Malleshwaram,MG Road,,,Not Applicable,More than permitted people in there,Not Applicable,Not Applicable,140,Not Applicable,0,,
2024-07-27 02:25:00,CNR6608389925,Success,CID499676,Mini,Koramangala,Yelahanka,224.0,45.0,Not Applicable,Not Applicable,No,Not Applicable,311,Cash,41,4.6,3.9
2024-07-15 23:15:00,CNR2481590712,Success,CID159297,Mini,HSR Layout,Rajajinagar,245.0,90.0,Not Applicable,Not Applicable,No,Not Applicable,2655,UPI,35,3.8,4.1
2024-07-14 05:50:00,CNR2143317279,Success,CID268888,Prime Plus,Sahakar Nagar,Majestic,252.0,80.0,Not Applicable,Not Applicable,No,Not Applicable,949,UPI,41,4.9,3.9
2024-07-13 18:34:00,CNR6923580892,Success,CID772640,Auto,Langford Town,Bannerghatta Road,182.0,95.0,Not Applicable,Not Applicable,No,Not Applicable,378,UPI,19,5.0,4.2
2024-07-25 00:05:00,CNR7007267637,Canceled by Driver,CID629969,Bike,Ulsoor,Vijayanagar,,,Not Applicable,Personal & Car related issue,Not Applicable,Not Applicable,312,Not Applicable,0,,
2024-07-29 06:35:00,CNR8603883067,Canceled by Customer,CID313610,Mini,Yeshwanthpur,MG Road,,,Driver is not moving towards pickup location,Not Applicable,Not Applicable,Not Applicable,276,Not Applicable,0,,
2024-07-12 15:27:00,CNR3203403041,Canceled by Customer,CID291947,Auto,Hosur Road,MG Road,,,AC is Not working,Not Applicable,Not Applicable,Not Applicable,2522,Not Applicable,0,,
2024-07-22 06:26:00,CNR4606518653,Success,CID666708,Prime Sedan,Shantinagar,Koramangala,126.0,90.0,Not Applicable,Not Applicable,No,Not Applicable,544,Cash,48,4.8,4.9
2024-07-12 23:59:00,CNR1800561636,Success,CID809879,Prime SUV,Marathahalli,Electronic City,84.0,95.0,Not Applicable,Not Applicable,No,Not Applicable,341,UPI,22,3.7,4.7
2024-07-30 15:13:00,CNR2525521611,Success,CID981425,Prime Sedan,Peenya,Yelahanka,259.0,130.0,Not Applicable,Not Applicable,No,Not Applicable,471,Cash,46,4.8,4.1
2024-07-18 13:58:00,CNR1007881631,Success,CID140162,Auto,Hulimavu,HSR Layout,56.0,70.0,Not Applicable,Not Applicable,No,Not Applicable,801,Cash,3,4.2,4.9
2024-07-25 22:43:00,CNR9702185301,Success,CID134897,Bike,Shantinagar,Rajarajeshwari Nagar,147.0,75.0,Not Applicable,Not Applicable,No,Not Applicable,247,Cash,28,4.9,3.7
2024-07-16 16:54:00,CNR9327738536,Success,CID144017,Prime Sedan,Peenya,Kengeri,84.0,30.0,Not Applicable,Not Applicable,No,Not Applicable,470,Cash,12,4.7,4.6
2024-07-26 19:13:00,CNR7449071707,Canceled by Driver,CID221890,Bike,Nagarbhavi,Malleshwaram,,,Not Applicable,Customer was coughing/sick,Not Applicable,Not Applicable,600,Not Applicable,0,,
2024-07-24 00:10:00,CNR1875845091,Success,CID469707,Auto,Ramamurthy Nagar,Rajajinagar,273.0,120.0,Not Applicable,Not Applicable,No,Not Applicable,417,Credit Card,14,4.2,4.5
2024-07-21 22:17:00,CNR2754960783,Success,CID327423,eBike,Malleshwaram,MG Road,259.0,85.0,Not Applicable,Not Applicable,No,Not Applicable,332,Cash,29,4.2,4.4
2024-07-09 19:06:00,CNR5338809896,Success,CID458841,eBike,Tumkur Road,Ramamurthy Nagar,98.0,40.0,Not Applicable,Not Applicable,No,Not Applicable,560,Cash,45,4.4,4.1
2024-07-22 23:18:00,CNR1151537922,Success,CID724650,Prime SUV,Malleshwaram,Jayanagar,161.0,110.0,Not Applicable,Not Applicable,No,Not Applicable,698,Cash,46,4.9,3.9
2024-07-12 21:44:00,CNR8968133414,Success,CID160045,Prime Plus,Chickpet,Padmanabhanagar,245.0,105.0,Not Applicable,Not Applicable,No,Not Applicable,338,UPI,27,4.8,3.8
2024-07-26 15:03:00,CNR8756303310,Driver Not Found,CID992020,eBike,Devanahalli,RT Nagar,,,Not Applicable,Not Applicable,Not Applicable,Not Applicable,1249,Not Applicable,0,,
2024-07-01 17:39:00,CNR4252421926,Canceled by Driver,CID227918,Bike,Cox Town,JP Nagar,,,Not Applicable,Customer related issue,Not Applicable,Not Applicable,165,Not Applicable,0,,
2024-07-14 23:57:00,CNR3766464990,Canceled by Driver,CID273577,Prime Plus,Indiranagar,Varthur,,,Not Applicable,Personal & Car related issue,Not Applicable,Not Applicable,386,Not Applicable,0,,
2024-07-30 04:13:00,CNR2886085231,Success,CID429300,Prime Sedan,Devanahalli,Shantinagar,245.0,45.0,Not Applicable,Not Applicable,No,Not Applicable,393,UPI,37,3.7,4.8
2024-07-18 23:29:00,CNR4193927770,Success,CID314456,Prime Sedan,Peenya,Yelahanka,238.0,45.0,Not Applicable,Not Applicable,No,Not Applicable,544,UPI,29,3.3,3.6
2024-07-03 08:02:00,CNR4951980427,Success,CID210216,Auto,MG Road,Varthur,294.0,95.0,Not Applicable,Not Applicable,No,Not Applicable,1211,UPI,4,4.1,3.8
2024-07-01 10:42:00,CNR7575103058,Success,CID707321,Mini,Sahakar Nagar,Yelahanka,70.0,100.0,Not Applicable,Not Applicable,No,Not Applicable,185,UPI,7,3.3,4.8
2024-07-02 13:45:00,CNR9428130175,Success,CID127554,Bike,Chamarajpet,Mysore Road,308.0,130.0,Not Applicable,Not Applicable,No,Not Applicable,2127,Cash,4,4.3,4.3
2024-07-27 07:06:00,CNR1649937431,Success,CID841684,Mini,Kadugodi,Hebbal,308.0,45.0,Not Applicable,Not Applicable,No,Not Applicable,131,Cash,13,4.4,3.4
2024-07-28 08:45:00,CNR2564447933,Canceled by Customer,CID516962,Mini,Padmanabhanagar,Magadi Road,,,AC is Not working,Not Applicable,Not Applicable,Not Applicable,135,Not Applicable,0,,
2024-07-25 02:58:00,CNR5013646452,Canceled by Driver,CID815637,Prime Sedan,Bannerghatta Road,Langford Town,,,Not Applicable,Personal & Car related issue,Not Applicable,Not Applicable,445,Not Applicable,0,,
2024-07-01 04:11:00,CNR8993922211,Success,CID901259,Prime Sedan,Kengeri,Sarjapur Road,126.0,125.0,Not Applicable,Not Applicable,Yes,Customer Demand,574,Credit Card,39,4.6,4.0
2024-07-16 11:28:00,CNR3882807319,Success,CID397319,Prime SUV,JP Nagar,Shantinagar,77.0,55.0,Not Applicable,Not Applicable,No,Not Applicable,359,UPI,11,4.1,3.7
2024-07-07 12:07:00,CNR9443853900,Success,CID575536,Mini,JP Nagar,Rajajinagar,238.0,95.0,Not Applicable,Not Applicable,No,Not Applicable,774,Cash,45,3.4,4.6
2024-07-12 11:53:00,CNR5082489270,Success,CID929796,eBike,Whitefield,Majestic,273.0,65.0,Not Applicable,Not Applicable,No,Not Applicable,276,Cash,21,3.5,3.1
2024-07-27 07:32:00,CNR6786389022,Success,CID904090,Auto,JP Nagar,Padmanabhanagar,280.0,95.0,Not Applicable,Not Applicable,No,Not Applicable,151,Cash,17,4.8,4.3
2024-07-05 00:33:00,CNR2335865163,Success,CID307525,Bike,Indiranagar,Shantinagar,105.0,70.0,Not Applicable,Not Applicable,No,Not Applicable,157,UPI,11,4.2,4.2
2024-07-21 10:37:00,CNR6550263234,Success,CID632797,Prime Sedan,Cox Town,Rajajinagar,287.0,30.0,Not Applicable,Not Applicable,No,Not Applicable,889,Cash,18,3.7,4.9
2024-07-01 02:10:00,CNR5182881039,Driver Not Found,CID475941,Prime SUV,Mysore Road,Hosur Road,,,Not Applicable,Not Applicable,Not Applicable,Not Applicable,185,Not Applicable,0,,
2024-07-22 13:31:00,CNR9619097801,Canceled by Driver,CID853357,Prime SUV,Bellandur,HSR Layout,,,Not Applicable,Personal & Car related issue,Not Applicable,Not Applicable,356,Not Applicable,0,,
2024-07-01 08:31:00,CNR4850255180,Success,CID665960,Auto,Jayanagar,Indiranagar,273.0,110.0,Not Applicable,Not Applicable,No,Not Applicable,304,UPI,15,4.7,4.2
2024-07-13 06:11:00,CNR5624134574,Canceled by Driver,CID205629,Prime SUV,Chamarajpet,Sarjapur Road,,,Not Applicable,Customer related issue,Not Applicable,Not Applicable,447,Not Applicable,0,,
2024-07-20 08:58:00,CNR8429428855,Success,CID704492,Mini,Koramangala,Banashankari,133.0,40.0,Not Applicable,Not Applicable,No,Not Applicable,389,Cash,27,4.5,3.2
2024-07-22 19:05:00,CNR5152304398,Success,CID973102,Prime Plus,Majestic,Yeshwanthpur,126.0,70.0,Not Applicable,Not Applicable,No,Not Applicable,386,UPI,19,3.9,3.0
2024-07-11 07:51:00,CNR7387223791,Success,CID837306,eBike,Kadugodi,Sarjapur Road,105.0,145.0,Not Applicable,Not Applicable,No,Not Applicable,230,UPI,43,4.0,3.3
2024-07-13 07:50:00,CNR2120290661,Success,CID908961,Mini,Malleshwaram,Shivajinagar,119.0,100.0,Not Applicable,Not Applicable,No,Not Applicable,447,Cash,27,3.3,4.8
2024-07-05 04:46:00,CNR2676931774,Canceled by Driver,CID695593,Prime Sedan,Basavanagudi,Richmond Town,,,Not Applicable,More than permitted people in there,Not Applicable,Not Applicable,819,Not Applicable,0,,
2024-07-01 03:46:00,CNR1222566545,Canceled by Driver,CID497238,Prime Plus,Majestic,Tumkur Road,,,Not Applicable,Personal & Car related issue,Not Applicable,Not Applicable,484,Not Applicable,0,,
2024-07-08 15:29:00,CNR3664503788,Success,CID570435,Mini,Mysore Road,Varthur,266.0,65.0,Not Applicable,Not Applicable,No,Not Applicable,2210,Cash,8,3.4,3.6
2024-07-16 22:32:00,CNR6317924115,Success,CID151206,Bike,Kadugodi,Mysore Road,189.0,130.0,Not Applicable,Not Applicable,No,Not Applicable,118,UPI,40,4.2,3.7
2024-07-05 07:31:00,CNR6957888550,Canceled by Driver,CID402448,eBike,Hulimavu,Hebbal,,,Not Applicable,Personal & Car related issue,Not Applicable,Not Applicable,194,Not Applicable,0,,
2024-07-25 10:46:00,CNR2230727312,Success,CID478419,Prime SUV,Shantinagar,Richmond Town,42.0,80.0,Not Applicable,Not Applicable,No,Not Applicable,454,Cash,38,4.8,3.7
2024-07-02 21:08:00,CNR4788094434,Success,CID432181,Auto,Mysore Road,Majestic,161.0,140.0,Not Applicable,Not Applicable,No,Not Applicable,327,Cash,3,4.6,4.7
2024-07-14 07:55:00,CNR4493219347,Success,CID703594,Bike,Richmond Town,Tumkur Road,63.0,95.0,Not Applicable,Not Applicable,No,Not Applicable,349,Cash,15,3.7,4.5
2024-07-07 13:38:00,CNR5683826688,Success,CID452844,eBike,Sahakar Nagar,Padmanabhanagar,175.0,30.0,Not Applicable,Not Applicable,No,Not Applicable,189,UPI,35,4.8,4.9
2024-07-30 19:37:00,CNR3522573780,Canceled by Customer,CID581474,Prime SUV,Ramamurthy Nagar,Koramangala,,,AC is Not working,Not Applicable,Not Applicable,Not Applicable,2919,Not Applicable,0,,
2024-07-16 15:54:00,CNR1411861506,Canceled by Customer,CID683750,Auto,Banashankari,Cox Town,,,Driver asked to cancel,Not Applicable,Not Applicable,Not Applicable,498,Not Applicable,0,,
2024-07-30 14:05:00,CNR3152890653,Canceled by Customer,CID231580,Prime Sedan,Yeshwanthpur,BTM Layout,,,Driver asked to cancel,Not Applicable,Not Applicable,Not Applicable,1100,Not Applicable,0,,
2024-07-16 22:17:00,CNR1537930633,Driver Not Found,CID750368,Auto,Vijayanagar,Kadugodi,,,Not Applicable,Not Applicable,Not Applicable,Not Applicable,483,Not Applicable,0,,
2024-07-04 12:14:00,CNR9268583068,Success,CID765917,Auto,JP Nagar,Marathahalli,56.0,30.0,Not Applicable,Not Applicable,No,Not Applicable,102,UPI,14,3.5,4.3
2024-07-23 03:24:00,CNR9101209078,Success,CID371846,eBike,JP Nagar,Chamarajpet,42.0,115.0,Not Applicable,Not Applicable,No,Not Applicable,252,UPI,26,4.4,3.9
2024-07-20 02:01:00,CNR8991102734,Success,CID701862,eBike,Varthur,Kadugodi,308.0,60.0,Not Applicable,Not Applicable,No,Not Applicable,203,Cash,10,3.8,4.7
2024-07-08 18:10:00,CNR4375583028,Canceled by Customer,CID783079,Prime Sedan,Yelahanka,Rajarajeshwari Nagar,,,AC is Not working,Not Applicable,Not Applicable,Not Applicable,1497,Not Applicable,0,,
2024-07-12 17:16:00,CNR6087796423,Canceled by Driver,CID548297,Mini,Basavanagudi,Varthur,,,Not Applicable,Customer was coughing/sick,Not Applicable,Not Applicable,1815,Not Applicable,0,,
2024-07-10 06:25:00,CNR8371924402,Success,CID925558,Mini,HSR Layout,Vijayanagar,56.0,90.0,Not Applicable,Not Applicable,No,Not Applicable,203,Cash,47,3.9,3.2
2024-07-26 07:59:00,CNR1227687086,Success,CID504728,eBike,RT Nagar,Hebbal,112.0,65.0,Not Applicable,Not Applicable,No,Not Applicable,535,Cash,24,3.7,4.2
2024-07-10 15:47:00,CNR6261593626,Canceled by Customer,CID761887,Auto,Malleshwaram,Peenya,,,Driver is not moving towards pickup location,Not Applicable,Not Applicable,Not Applicable,270,Not Applicable,0,,
2024-07-27 22:22:00,CNR2120558857,Canceled by Customer,CID602787,eBike,Ramamurthy Nagar,Richmond Town,,,AC is Not working,Not Applicable,Not Applicable,Not Applicable,338,Not Applicable,0,,
2024-07-05 20:46:00,CNR5196785366,Canceled by Customer,CID684626,Prime Sedan,KR Puram,Chamarajpet,,,Driver asked to cancel,Not Applicable,Not Applicable,Not Applicable,427,Not Applicable,0,,
2024-07-15 17:32:00,CNR4155159603,Canceled by Driver,CID566587,Prime SUV,Mysore Road,Koramangala,,,Not Applicable,Customer related issue,Not Applicable,Not Applicable,300,Not Applicable,0,,
2024-07-01 08:34:00,CNR5663446160,Canceled by Driver,CID978210,Auto,HSR Layout,Mysore Road,,,Not Applicable,More than permitted people in there,Not Applicable,Not Applicable,463,Not Applicable,0,,
2024-07-26 10:37:00,CNR8923987086,Driver Not Found,CID682077,Auto,Mysore Road,JP Nagar,,,Not Applicable,Not Applicable,Not Applicable,Not Applicable,281,Not Applicable,0,,
2024-07-10 11:31:00,CNR8081427557,Success,CID917040,Prime Plus,Kammanahalli,Shivajinagar,168.0,90.0,Not Applicable,Not Applicable,No,Not Applicable,412,Cash,2,4.5,3.5
2024-07-14 12:20:00,CNR4721394459,Canceled by Customer,CID196305,Prime Sedan,Majestic,Chamarajpet,,,Driver is not moving towards pickup location,Not Applicable,Not Applicable,Not Applicable,1801,Not Applicable,0,,
2024-07-19 03:05:00,CNR1539919389,Success,CID275582,Prime Sedan,Bellandur,Yelahanka,308.0,100.0,Not Applicable,Not Applicable,No,Not Applicable,2270,UPI,6,3.9,4.1
2024-07-15 20:41:00,CNR9759579457,Canceled by Driver,CID662786,Mini,KR Puram,Kadugodi,,,Not Applicable,Customer related issue,Not Applicable,Not Applicable,575,Not Applicable,0,,
2024-07-13 08:27:00,CNR4785823351,Success,CID932955,Bike,Indiranagar,BTM Layout,91.0,40.0,Not Applicable,Not Applicable,No,Not Applicable,233,Cash,37,4.3,4.3
2024-07-25 19:20:00,CNR1682933028,Canceled by Customer,CID774889,eBike,Hebbal,Padmanabhanagar,,,AC is Not working,Not Applicable,Not Applicable,Not Applicable,733,Not Applicable,0,,
2024-07-20 20:49:00,CNR9962878578,Canceled by Customer,CID339366,Mini,Mysore Road,Hebbal,,,Wrong Address,Not Applicable,Not Applicable,Not Applicable,335,Not Applicable,0,,
2024-07-19 06:02:00,CNR8521391159,Success,CID628179,Prime Plus,Richmond Town,MG Road,112.0,35.0,Not Applicable,Not Applicable,No,Not Applicable,967,Cash,26,3.2,4.8
2024-07-15 13:21:00,CNR2425014910,Success,CID338617,Bike,Peenya,Peenya,140.0,60.0,Not Applicable,Not Applicable,No,Not Applicable,2834,Cash,44,3.9,3.8
2024-07-27 02:29:00,CNR8840114594,Success,CID655630,Bike,Devanahalli,Basavanagudi,217.0,120.0,Not Applicable,Not Applicable,No,Not Applicable,475,Cash,16,3.5,3.3
2024-07-17 16:08:00,CNR6162187224,Success,CID466901,Mini,Kengeri,Kammanahalli,133.0,35.0,Not Applicable,Not Applicable,No,Not Applicable,186,Cash,7,4.3,4.0
2024-07-03 17:38:00,CNR2349821824,Canceled by Driver,CID116009,Auto,Mysore Road,Vijayanagar,,,Not Applicable,Customer related issue,Not Applicable,Not Applicable,207,Not Applicable,0,,
2024-07-09 22:34:00,CNR4312209064,Success,CID173193,Auto,Malleshwaram,Ramamurthy Nagar,35.0,110.0,Not Applicable,Not Applicable,No,Not Applicable,228,UPI,14,4.6,3.8
2024-07-14 03:51:00,CNR1656080947,Success,CID858300,Prime SUV,Varthur,Banashankari,301.0,140.0,Not Applicable,Not Applicable,No,Not Applicable,338,Cash,40,3.1,4.1
2024-07-28 14:40:00,CNR9912327085,Canceled by Driver,CID497263,Prime SUV,Peenya,KR Puram,,,Not Applicable,Customer related issue,Not Applicable,Not Applicable,100,Not Applicable,0,,
2024-07-14 12:09:00,CNR3489450396,Success,CID391797,Prime Sedan,Ramamurthy Nagar,Ramamurthy Nagar,231.0,55.0,Not Applicable,Not Applicable,No,Not Applicable,291,Cash,18,3.3,4.4
2024-07-11 10:26:00,CNR9524270110,Success,CID276542,Prime Plus,Electronic City,Yeshwanthpur,203.0,140.0,Not Applicable,Not Applicable,No,Not Applicable,158,UPI,1,3.8,4.4
2024-07-22 08:28:00,CNR1975312403,Success,CID432463,Mini,JP Nagar,Varthur,217.0,130.0,Not Applicable,Not Applicable,No,Not Applicable,173,UPI,20,4.6,4.7
2024-07-26 04:08:00,CNR6787098585,Success,CID225002,Auto,Magadi Road,Bellandur,231.0,125.0,Not Applicable,Not Applicable,No,Not Applicable,621,Cash,13,3.2,4.9
2024-07-19 19:20:00,CNR7149089491,Success,CID159535,Auto,Kengeri,Banashankari,266.0,45.0,Not Applicable,Not Applicable,Yes,Customer Demand,629,Cash,6,3.9,3.3
2024-07-30 16:29:00,CNR6681477121,Success,CID619543,eBike,Malleshwaram,Marathahalli,49.0,70.0,Not Applicable,Not Applicable,No,Not Applicable,284,Cash,3,3.0,4.1
2024-07-22 18:39:00,CNR8048801431,Success,CID279856,Prime Sedan,Kadugodi,Frazer Town,308.0,90.0,Not Applicable,Not Applicable,No,Not Applicable,1299,Cash,11,4.9,4.5
2024-07-13 14:29:00,CNR8531496734,Canceled by Driver,CID342724,Bike,Mysore Road,Jayanagar,,,Not Applicable,Personal & Car related issue,Not Applicable,Not Applicable,480,Not Applicable,0,,
2024-07-09 02:24:00,CNR1797722434,Driver Not Found,CID818690,Prime Plus,Bannerghatta Road,KR Puram,,,Not Applicable,Not Applicable,Not Applicable,Not Applicable,935,Not Applicable,0,,
2024-07-14 17:18:00,CNR3015208344,Success,CID118845,Prime Sedan,RT Nagar,Malleshwaram,77.0,25.0,Not Applicable,Not Applicable,No,Not Applicable,977,Cash,37,4.9,3.7
2024-07-23 19:28:00,CNR8924327981,Driver Not Found,CID452778,Prime Plus,Yelahanka,Kammanahalli,,,Not Applicable,Not Applicable,Not Applicable,Not Applicable,407,Not Applicable,0,,
2024-07-27 09:07:00,CNR6529142816,Success,CID532038,Auto,Kammanahalli,Peenya,84.0,80.0,Not Applicable,Not Applicable,No,Not Applicable,326,Cash,10,4.3,3.6
2024-07-13 00:06:00,CNR2868643624,Canceled by Driver,CID378190,Mini,Bellandur,Nagarbhavi,,,Not Applicable,Customer related issue,Not Applicable,Not Applicable,374,Not Applicable,0,,
2024-07-24 01:24:00,CNR6192782778,Success,CID368628,Bike,Tumkur Road,JP Nagar,287.0,75.0,Not Applicable,Not Applicable,No,Not Applicable,2122,Cash,2,3.9,4.7
2024-07-12 04:02:00,CNR5825165324,Success,CID410848,Bike,BTM Layout,Banashankari,308.0,105.0,Not Applicable,Not Applicable,No,Not Applicable,985,UPI,47,4.4,4.1
2024-07-02 09:25:00,CNR1829266256,Success,CID790030,Prime Plus,Koramangala,Cox Town,231.0,95.0,Not Applicable,Not Applicable,No,Not Applicable,359,Cash,23,3.4,3.4
2024-07-10 22:33:00,CNR7547685180,Canceled by Driver,CID834124,Prime SUV,Shantinagar,Ulsoor,,,Not Applicable,Personal & Car related issue,Not Applicable,Not Applicable,979,Not Applicable,0,,
2024-07-24 18:42:00,CNR8650410761,Success,CID149967,Prime SUV,Frazer Town,Whitefield,49.0,35.0,Not Applicable,Not Applicable,No,Not Applicable,192,Credit Card,41,4.1,4.9
2024-07-05 22:14:00,CNR2533177609,Success,CID694574,Prime Plus,Magadi Road,Jayanagar,182.0,55.0,Not Applicable,Not Applicable,No,Not Applicable,307,Cash,49,3.4,3.5
2024-07-01 17:32:00,CNR2602710529,Canceled by Driver,CID336459,Prime SUV,Chickpet,Padmanabhanagar,,,Not Applicable,Customer was coughing/sick,Not Applicable,Not Applicable,319,Not Applicable,0,,
2024-07-19 20:20:00,CNR2009163804,Canceled by Driver,CID354007,Prime Sedan,Sahakar Nagar,Bannerghatta Road,,,Not Applicable,Customer related issue,Not Applicable,Not Applicable,495,Not Applicable,0,,
2024-07-10 12:49:00,CNR9107516826,Success,CID551567,Bike,Sahakar Nagar,Hosur Road,280.0,60.0,Not Applicable,Not Applicable,No,Not Applicable,231,Cash,7,5.0,4.8
2024-07-21 23:20:00,CNR9359701934,Success,CID792429,eBike,Chamarajpet,Majestic,252.0,60.0,Not Applicable,Not Applicable,No,Not Applicable,428,Cash,49,4.8,4.2
2024-07-01 14:07:00,CNR4217201407,Success,CID413176,Prime Plus,Koramangala,Hosur Road,175.0,135.0,Not Applicable,Not Applicable,Yes,Vehicle Breakdown,495,UPI,33,4.0,4.8
2024-07-25 23:28:00,CNR4137772365,Success,CID777885,Auto,Koramangala,Rajajinagar,126.0,140.0,Not Applicable,Not Applicable,No,Not Applicable,953,Cash,7,3.8,4.0
2024-07-11 09:01:00,CNR2581686173,Success,CID768427,Bike,Malleshwaram,Rajajinagar,70.0,60.0,Not Applicable,Not Applicable,No,Not Applicable,883,Cash,21,3.5,3.1
2024-07-30 13:00:00,CNR1922502034,Canceled by Customer,CID783407,Prime Sedan,Hosur Road,Hosur Road,,,Change of plans,Not Applicable,Not Applicable,Not Applicable,361,Not Applicable,0,,
2024-07-17 10:44:00,CNR5450317868,Success,CID486818,Prime SUV,Frazer Town,Banashankari,63.0,130.0,Not Applicable,Not Applicable,No,Not Applicable,344,Cash,25,4.9,4.7
2024-07-10 04:25:00,CNR5770786079,Success,CID176761,Bike,Marathahalli,Hosur Road,77.0,80.0,Not Applicable,Not Applicable,No,Not Applicable,293,UPI,26,4.8,3.9
2024-07-29 10:58:00,CNR7934238603,Canceled by Driver,CID656886,Bike,Shivajinagar,Varthur,,,Not Applicable,Personal & Car related issue,Not Applicable,Not Applicable,434,Not Applicable,0,,
2024-07-03 20:00:00,CNR2039801375,Success,CID442490,Prime Plus,Basavanagudi,Frazer Town,119.0,45.0,Not Applicable,Not Applicable,No,Not Applicable,436,Cash,6,4.9,3.3
2024-07-05 16:48:00,CNR2067280838,Success,CID746310,Prime Plus,Nagarbhavi,Varthur,280.0,55.0,Not Applicable,Not Applicable,No,Not Applicable,1728,UPI,32,4.7,3.0
2024-07-29 06:23:00,CNR7501040110,Success,CID405478,Auto,Frazer Town,Hosur Road,147.0,30.0,Not Applicable,Not Applicable,No,Not Applicable,278,UPI,8,4.0,4.9
2024-07-08 03:23:00,CNR3285574125,Canceled by Customer,CID364816,Bike,HSR Layout,Ramamurthy Nagar,,,Driver asked to cancel,Not Applicable,Not Applicable,Not Applicable,2757,Not Applicable,0,,
2024-07-23 22:20:00,CNR4294270524,Driver Not Found,CID634644,eBike,Ulsoor,Shantinagar,,,Not Applicable,Not Applicable,Not Applicable,Not Applicable,259,Not Applicable,0,,
2024-07-24 20:17:00,CNR3619153105,Success,CID469739,Prime Plus,Kengeri,Majestic,252.0,130.0,Not Applicable,Not Applicable,No,Not Applicable,364,Cash,33,3.6,4.7
2024-07-24 02:21:00,CNR3698854788,Success,CID455294,Prime SUV,Hosur Road,Kammanahalli,196.0,30.0,Not Applicable,Not Applicable,No,Not Applicable,777,UPI,30,4.3,3.4
2024-07-29 10:31:00,CNR3137627037,Success,CID345128,Prime Sedan,Rajajinagar,Vijayanagar,294.0,105.0,Not Applicable,Not Applicable,No,Not Applicable,993,Credit Card,47,4.2,4.7
2024-07-06 15:22:00,CNR2153992964,Success,CID382881,Mini,Bellandur,Bellandur,42.0,140.0,Not Applicable,Not Applicable,No,Not Applicable,297,Cash,30,3.2,4.3
2024-07-07 06:27:00,CNR2533551400,Success,CID699942,Bike,Peenya,Chamarajpet,224.0,100.0,Not Applicable,Not Applicable,No,Not Applicable,435,Cash,15,3.1,3.4
2024-07-23 16:34:00,CNR8035943927,Success,CID183422,eBike,Whitefield,Electronic City,294.0,90.0,Not Applicable,Not Applicable,No,Not Applicable,145,UPI,30,3.7,4.8
2024-07-27 18:20:00,CNR9073694461,Success,CID824972,Mini,Marathahalli,Cox Town,49.0,70.0,Not Applicable,Not Applicable,No,Not Applicable,332,Cash,20,3.2,4.1
2024-07-28 17:01:00,CNR3486407805,Success,CID490543,Auto,Chickpet,Shantinagar,112.0,40.0,Not Applicable,Not Applicable,No,Not Applicable,107,Cash,14,3.2,3.3
2024-07-13 17:09:00,CNR1464043523,Success,CID884064,Mini,Richmond Town,Padmanabhanagar,91.0,50.0,Not Applicable,Not Applicable,No,Not Applicable,1435,Cash,9,3.1,3.2
2024-07-01 09:20:00,CNR4522949363,Success,CID406414,Prime Plus,Hennur,BTM Layout,56.0,100.0,Not Applicable,Not Applicable,No,Not Applicable,220,Credit Card,23,4.2,3.2
2024-07-21 03:38:00,CNR7314420845,Success,CID918792,Prime Sedan,Marathahalli,Kadugodi,70.0,50.0,Not Applicable,Not Applicable,No,Not Applicable,835,UPI,7,3.7,4.6
2024-07-21 03:00:00,CNR8491017387,Canceled by Driver,CID239709,Prime Plus,Basavanagudi,Kammanahalli,,,Not Applicable,More than permitted people in there,Not Applicable,Not Applicable,296,Not Applicable,0,,
2024-07-21 13:22:00,CNR3893872449,Canceled by Customer,CID194801,Auto,Hosur Road,Shantinagar,,,Driver is not moving towards pickup location,Not Applicable,Not Applicable,Not Applicable,457,Not Applicable,0,,
2024-07-11 22:12:00,CNR1536037276,Driver Not Found,CID128929,Prime Sedan,Malleshwaram,Sarjapur Road,,,Not Applicable,Not Applicable,Not Applicable,Not Applicable,405,Not Applicable,0,,
2024-07-04 16:18:00,CNR4053249206,Success,CID463714,Prime Plus,MG Road,Hennur,224.0,35.0,Not Applicable,Not Applicable,No,Not Applicable,341,Cash,6,3.6,4.4
2024-07-27 01:52:00,CNR5388750074,Success,CID453523,Mini,Padmanabhanagar,Ulsoor,266.0,30.0,Not Applicable,Not Applicable,No,Not Applicable,369,UPI,35,3.8,3.5
2024-07-03 11:12:00,CNR4641091128,Success,CID742754,Auto,Bellandur,Yeshwanthpur,133.0,90.0,Not Applicable,Not Applicable,No,Not Applicable,239,UPI,5,3.6,3.2
2024-07-24 03:05:00,CNR2792378181,Success,CID115461,Mini,Devanahalli,Bellandur,70.0,105.0,Not Applicable,Not Applicable,No,Not Applicable,454,UPI,43,4.1,4.4
2024-07-10 15:29:00,CNR4283308027,Canceled by Customer,CID796273,Prime Sedan,BTM Layout,Rajajinagar,,,Driver asked to cancel,Not Applicable,Not Applicable,Not Applicable,631,Not Applicable,0,,
2024-07-04 06:31:00,CNR5942157660,Success,CID166351,Auto,Cox Town,Jayanagar,280.0,25.0,Not Applicable,Not Applicable,No,Not Applicable,177,Cash,2,4.8,3.3
2024-07-07 23:33:00,CNR9691624021,Success,CID775068,Prime Sedan,Mysore Road,Rajajinagar,91.0,140.0,Not Applicable,Not Applicable,No,Not Applicable,152,UPI,33,4.9,4.2
2024-07-22 13:14:00,CNR8581901674,Canceled by Customer,CID902921,Mini,Chamarajpet,Chickpet,,,Wrong Address,Not Applicable,Not Applicable,Not Applicable,162,Not Applicable,0,,
2024-07-20 12:24:00,CNR5367723763,Canceled by Driver,CID259792,Auto,Hulimavu,Ramamurthy Nagar,,,Not Applicable,Customer related issue,Not Applicable,Not Applicable,357,Not Applicable,0,,
2024-07-08 16:58:00,CNR8443943915,Driver Not Found,CID825123,Prime Plus,Vijayanagar,Chamarajpet,,,Not Applicable,Not Applicable,Not Applicable,Not Applicable,974,Not Applicable,0,,
2024-07-14 03:41:00,CNR8177375760,Driver Not Found,CID290136,eBike,RT Nagar,Chamarajpet,,,Not Applicable,Not Applicable,Not Applicable,Not Applicable,355,Not Applicable,0,,
2024-07-05 04:01:00,CNR7666947270,Success,CID203230,Prime SUV,Marathahalli,Chickpet,287.0,115.0,Not Applicable,Not Applicable,No,Not Applicable,125,UPI,14,4.0,3.2
2024-07-16 00:39:00,CNR8064909284,Canceled by Driver,CID539279,Bike,Banashankari,Kammanahalli,,,Not Applicable,Customer was coughing/sick,Not Applicable,Not Applicable,347,Not Applicable,0,,
2024-07-01 01:18:00,CNR9717196743,Canceled by Driver,CID525062,Prime Sedan,Basavanagudi,RT Nagar,,,Not Applicable,Personal & Car related issue,Not Applicable,Not Applicable,111,Not Applicable,0,,
2024-07-09 03:56:00,CNR4212340591,Success,CID763425,Prime Sedan,Yeshwanthpur,Devanahalli,119.0,125.0,Not Applicable,Not Applicable,Yes,Vehicle Breakdown,179,Cash,11,4.9,3.7
2024-07-06 14:07:00,CNR9395636827,Success,CID107221,Auto,Banashankari,Indiranagar,189.0,95.0,Not Applicable,Not Applicable,No,Not Applicable,2721,UPI,18,3.7,4.3
2024-07-09 09:42:00,CNR8939000707,Canceled by Driver,CID643091,Bike,Devanahalli,Cox Town,,,Not Applicable,Personal & Car related issue,Not Applicable,Not Applicable,417,Not Applicable,0,,
2024-07-05 09:50:00,CNR8660596943,Success,CID190358,eBike,Hulimavu,Peenya,196.0,105.0,Not Applicable,Not Applicable,No,Not Applicable,773,Cash,45,4.8,3.7
2024-07-08 02:57:00,CNR1944177229,Canceled by Customer,CID188969,Bike,Indiranagar,Rajajinagar,,,Change of plans,Not Applicable,Not Applicable,Not Applicable,465,Not Applicable,0,,
2024-07-21 00:46:00,CNR9780251157,Success,CID297822,Prime SUV,MG Road,Rajajinagar,119.0,25.0,Not Applicable,Not Applicable,No,Not Applicable,278,UPI,36,3.2,3.5
2024-07-29 21:17:00,CNR2562478197,Canceled by Customer,CID305244,Prime SUV,Shantinagar,Chickpet,,,Driver is not moving towards pickup location,Not Applicable,Not Applicable,Not Applicable,126,Not Applicable,0,,
2024-07-09 18:41:00,CNR6853073192,Success,CID202033,Prime Plus,Chamarajpet,Peenya,42.0,50.0,Not Applicable,Not Applicable,No,Not Applicable,754,UPI,47,4.0,4.7
2024-07-21 07:54:00,CNR5903430746,Success,CID938054,Prime Sedan,Yeshwanthpur,Sahakar Nagar,126.0,100.0,Not Applicable,Not Applicable,No,Not Applicable,2320,UPI,7,3.6,3.4
2024-07-26 12:43:00,CNR6163637641,Canceled by Driver,CID322756,eBike,KR Puram,Varthur,,,Not Applicable,Personal & Car related issue,Not Applicable,Not Applicable,161,Not Applicable,0,,
2024-07-13 09:32:00,CNR9634444942,Success,CID123911,Prime Plus,HSR Layout,Indiranagar,168.0,85.0,Not Applicable,Not Applicable,No,Not Applicable,966,UPI,38,4.5,4.0
2024-07-24 09:59:00,CNR9002692469,Success,CID558538,Bike,Tumkur Road,Koramangala,84.0,145.0,Not Applicable,Not Applicable,No,Not Applicable,149,Cash,47,4.1,3.8
2024-07-04 07:04:00,CNR5182593123,Success,CID675123,Prime Plus,Nagarbhavi,Devanahalli,273.0,95.0,Not Applicable,Not Applicable,No,Not Applicable,121,Cash,26,4.3,3.8
2024-07-09 08:18:00,CNR9828269104,Success,CID778883,Bike,Yelahanka,JP Nagar,168.0,25.0,Not Applicable,Not Applicable,No,Not Applicable,439,Cash,21,4.8,4.9
2024-07-13 14:43:00,CNR9960084467,Success,CID623977,Mini,HSR Layout,Rajajinagar,252.0,135.0,Not Applicable,Not Applicable,No,Not Applicable,129,UPI,43,3.4,3.1
2024-07-21 15:15:00,CNR3418611535,Success,CID301066,Mini,Chickpet,Bannerghatta Road,273.0,50.0,Not Applicable,Not Applicable,Yes,Customer Demand,227,UPI,23,4.2,4.0
2024-07-29 05:00:00,CNR8107013470,Canceled by Customer,CID239822,Prime SUV,RT Nagar,Shantinagar,,,Change of plans,Not Applicable,Not Applicable,Not Applicable,185,Not Applicable,0,,
2024-07-25 05:58:00,CNR4549910298,Success,CID856137,Mini,Nagarbhavi,Kadugodi,161.0,95.0,Not Applicable,Not Applicable,No,Not Applicable,259,UPI,22,4.0,4.3
2024-07-21 10:55:00,CNR9687097280,Success,CID172398,Bike,Magadi Road,Banashankari,98.0,75.0,Not Applicable,Not Applicable,No,Not Applicable,271,Cash,48,3.6,4.5
2024-07-27 19:26:00,CNR1401986444,Success,CID521900,Auto,Bellandur,RT Nagar,203.0,55.0,Not Applicable,Not Applicable,No,Not Applicable,280,UPI,11,4.0,4.7
2024-07-26 05:48:00,CNR8420705340,Canceled by Driver,CID447276,Prime SUV,Whitefield,Mysore Road,,,Not Applicable,Customer related issue,Not Applicable,Not Applicable,645,Not Applicable,0,,
2024-07-12 18:53:00,CNR7705919863,Canceled by Customer,CID832931,Auto,Sahakar Nagar,Magadi Road,,,Driver is not moving towards pickup location,Not Applicable,Not Applicable,Not Applicable,289,Not Applicable,0,,
2024-07-16 18:12:00,CNR5661481092,Canceled by Customer,CID496646,Auto,Hennur,Mysore Road,,,Driver asked to cancel,Not Applicable,Not Applicable,Not Applicable,367,Not Applicable,0,,
2024-07-29 20:01:00,CNR1333092540,Canceled by Driver,CID527592,Prime Sedan,Rajarajeshwari Nagar,Majestic,,,Not Applicable,More than permitted people in there,Not Applicable,Not Applicable,381,Not Applicable,0,,
2024-07-12 19:22:00,CNR9674716671,Success,CID326682,Bike,Jayanagar,KR Puram,182.0,70.0,Not Applicable,Not Applicable,No,Not Applicable,182,Cash,16,3.3,4.3
2024-07-08 12:03:00,CNR1654487371,Success,CID514922,Prime Plus,Shantinagar,Rajajinagar,238.0,145.0,Not Applicable,Not Applicable,No,Not Applicable,418,Cash,12,4.9,4.0
2024-07-16 21:54:00,CNR8489211002,Canceled by Driver,CID438069,Prime SUV,Padmanabhanagar,BTM Layout,,,Not Applicable,Customer related issue,Not Applicable,Not Applicable,437,Not Applicable,0,,
2024-07-24 13:04:00,CNR9247306148,Success,CID575874,Prime Sedan,Kadugodi,Hosur Road,98.0,120.0,Not Applicable,Not Applicable,No,Not Applicable,1295,UPI,30,3.0,3.9
2024-07-12 21:16:00,CNR1304447273,Driver Not Found,CID581466,Prime Plus,Malleshwaram,Cox Town,,,Not Applicable,Not Applicable,Not Applicable,Not Applicable,421,Not Applicable,0,,
2024-07-10 03:08:00,CNR7398090011,Driver Not Found,CID596397,eBike,Basavanagudi,Rajarajeshwari Nagar,,,Not Applicable,Not Applicable,Not Applicable,Not Applicable,127,Not Applicable,0,,
2024-07-24 20:49:00,CNR6260137101,Driver Not Found,CID394637,Prime Sedan,Kengeri,Rajarajeshwari Nagar,,,Not Applicable,Not Applicable,Not Applicable,Not Applicable,455,Not Applicable,0,,
2024-07-09 14:33:00,CNR6958333632,Success,CID781474,Auto,KR Puram,Varthur,301.0,70.0,Not Applicable,Not Applicable,No,Not Applicable,486,UPI,15,4.1,4.1
2024-07-09 17:14:00,CNR4039109417,Canceled by Customer,CID978713,Mini,Rajarajeshwari Nagar,JP Nagar,,,AC is Not working,Not Applicable,Not Applicable,Not Applicable,205,Not Applicable,0,,
2024-07-10 21:30:00,CNR2308302441,Canceled by Customer,CID245253,Bike,Cox Town,Yelahanka,,,Driver is not moving towards pickup location,Not Applicable,Not Applicable,Not Applicable,223,Not Applicable,0,,
2024-07-20 04:23:00,CNR8729508048,Success,CID650506,eBike,Sahakar Nagar,Ulsoor,98.0,90.0,Not Applicable,Not Applicable,No,Not Applicable,466,Cash,18,3.9,3.5
2024-07-06 07:49:00,CNR7602699882,Success,CID539361,Mini,Banashankari,Padmanabhanagar,259.0,50.0,Not Applicable,Not Applicable,No,Not Applicable,292,Cash,9,3.2,3.3
2024-07-22 17:47:00,CNR7584298597,Success,CID472191,Prime Plus,Devanahalli,Rajarajeshwari Nagar,273.0,80.0,Not Applicable,Not Applicable,No,Not Applicable,1165,Cash,17,4.2,4.5
2024-07-23 20:27:00,CNR8694235004,Driver Not Found,CID150484,Auto,Rajajinagar,Marathahalli,,,Not Applicable,Not Applicable,Not Applicable,Not Applicable,441,Not Applicable,0,,
2024-07-22 17:47:00,CNR2337553957,Success,CID415582,Auto,Whitefield,HSR Layout,182.0,85.0,Not Applicable,Not Applicable,No,Not Applicable,491,UPI,1,3.5,4.3
2024-07-19 08:51:00,CNR9335823186,Success,CID828903,Bike,Hennur,RT Nagar,140.0,50.0,Not Applicable,Not Applicable,No,Not Applicable,431,UPI,7,4.3,4.0
2024-07-28 19:04:00,CNR2206395317,Success,CID866727,Prime Sedan,Kammanahalli,HSR Layout,287.0,70.0,Not Applicable,Not Applicable,No,Not Applicable,413,Cash,47,3.1,3.5
2024-07-19 11:34:00,CNR9889925348,Canceled by Driver,CID625829,Prime Plus,Frazer Town,Cox Town,,,Not Applicable,Personal & Car related issue,Not Applicable,Not Applicable,200,Not Applicable,0,,
2024-07-23 05:13:00,CNR2011477046,Driver Not Found,CID105514,Mini,MG Road,Varthur,,,Not Applicable,Not Applicable,Not Applicable,Not Applicable,2580,Not Applicable,0,,
2024-07-03 11:22:00,CNR6789251026,Canceled by Customer,CID679221,Prime Sedan,Hebbal,Sarjapur Road,,,Driver asked to cancel,Not Applicable,Not Applicable,Not Applicable,288,Not Applicable,0,,
2024-07-07 12:09:00,CNR1885607772,Success,CID593267,eBike,Mysore Road,KR Puram,182.0,110.0,Not Applicable,Not Applicable,No,Not Applicable,1884,Cash,40,4.2,3.9
2024-07-30 17:24:00,CNR6444694701,Success,CID123495,Mini,Hosur Road,Indiranagar,238.0,135.0,Not Applicable,Not Applicable,No,Not Applicable,508,Cash,21,3.8,3.6
2024-07-15 15:25:00,CNR6598864183,Canceled by Customer,CID856801,Prime SUV,Nagarbhavi,Langford Town,,,Driver is not moving towards pickup location,Not Applicable,Not Applicable,Not Applicable,851,Not Applicable,0,,
2024-07-18 02:46:00,CNR9943417420,Success,CID625632,Prime Plus,Bellandur,Whitefield,35.0,140.0,Not Applicable,Not Applicable,No,Not Applicable,892,UPI,39,4.3,5.0
2024-07-08 16:06:00,CNR2984149885,Canceled by Driver,CID803229,Auto,Bellandur,Kammanahalli,,,Not Applicable,Customer was coughing/sick,Not Applicable,Not Applicable,872,Not Applicable,0,,
2024-07-04 22:13:00,CNR1371365858,Success,CID176302,Prime Sedan,Koramangala,Bellandur,294.0,90.0,Not Applicable,Not Applicable,No,Not Applicable,881,Cash,9,5.0,3.6
2024-07-10 00:20:00,CNR4514934379,Success,CID957223,Prime SUV,Hosur Road,Mysore Road,196.0,30.0,Not Applicable,Not Applicable,No,Not Applicable,893,Cash,28,3.6,3.2
2024-07-14 22:40:00,CNR2586549700,Success,CID182603,Prime Sedan,Cox Town,Shivajinagar,252.0,45.0,Not Applicable,Not Applicable,No,Not Applicable,446,Cash,9,4.8,3.9
2024-07-08 16:24:00,CNR3034195119,Success,CID296130,Prime SUV,Padmanabhanagar,JP Nagar,154.0,115.0,Not Applicable,Not Applicable,No,Not Applicable,176,UPI,18,4.7,3.9
2024-07-27 22:29:00,CNR8175467641,Canceled by Customer,CID194517,Prime SUV,Malleshwaram,Malleshwaram,,,AC is Not working,Not Applicable,Not Applicable,Not Applicable,116,Not Applicable,0,,
2024-07-30 20:55:00,CNR2633603215,Success,CID983346,Prime Sedan,Sahakar Nagar,Majestic,168.0,120.0,Not Applicable,Not Applicable,No,Not Applicable,321,UPI,20,5.0,4.3
2024-07-22 23:33:00,CNR1556769134,Canceled by Driver,CID864355,eBike,Bannerghatta Road,KR Puram,,,Not Applicable,Customer related issue,Not Applicable,Not Applicable,378,Not Applicable,0,,
2024-07-12 22:36:00,CNR2692338475,Success,CID456423,Prime Plus,Yeshwanthpur,Kengeri,196.0,40.0,Not Applicable,Not Applicable,No,Not Applicable,592,Cash,34,4.5,3.9
2024-07-18 11:28:00,CNR3681679047,Success,CID388378,Prime SUV,Richmond Town,Frazer Town,161.0,140.0,Not Applicable,Not Applicable,No,Not Applicable,392,UPI,34,4.9,4.9
2024-07-13 05:11:00,CNR1836306341,Success,CID149641,eBike,Bellandur,Whitefield,196.0,120.0,Not Applicable,Not Applicable,No,Not Applicable,579,Cash,39,3.1,4.3
2024-07-01 09:58:00,CNR4151012195,Success,CID800456,Prime Plus,Malleshwaram,Marathahalli,84.0,50.0,Not Applicable,Not Applicable,No,Not Applicable,390,Cash,3,3.1,4.7
2024-07-11 19:35:00,CNR3876088989,Success,CID658144,Prime Sedan,Sahakar Nagar,Vijayanagar,203.0,70.0,Not Applicable,Not Applicable,No,Not Applicable,251,UPI,48,3.0,4.7
2024-07-27 02:14:00,CNR1902116433,Success,CID897059,Prime Sedan,Kengeri,Hebbal,112.0,120.0,Not Applicable,Not Applicable,No,Not Applicable,2075,UPI,35,4.4,3.2
2024-07-03 13:22:00,CNR4058275302,Success,CID424843,Bike,Yeshwanthpur,Hulimavu,175.0,110.0,Not Applicable,Not Applicable,No,Not Applicable,1074,UPI,7,4.4,4.0
2024-07-14 08:20:00,CNR5886935836,Success,CID168168,Prime SUV,Indiranagar,Sahakar Nagar,273.0,115.0,Not Applicable,Not Applicable,No,Not Applicable,667,UPI,44,3.3,3.7
2024-07-08 15:36:00,CNR6124456738,Canceled by Driver,CID429397,Prime Plus,Hulimavu,Chickpet,,,Not Applicable,Personal & Car related issue,Not Applicable,Not Applicable,502,Not Applicable,0,,
2024-07-10 23:22:00,CNR8035099043,Success,CID324690,Bike,Kadugodi,Rajajinagar,70.0,100.0,Not Applicable,Not Applicable,No,Not Applicable,688,Cash,13,3.7,3.6
2024-07-05 06:44:00,CNR9347076660,Success,CID925710,Auto,Langford Town,Kengeri,126.0,70.0,Not Applicable,Not Applicable,No,Not Applicable,1570,Cash,18,4.0,3.5
2024-07-02 17:16:00,CNR7296398438,Success,CID393666,Prime Sedan,Banashankari,Varthur,231.0,115.0,Not Applicable,Not Applicable,No,Not Applicable,2345,Cash,19,4.5,4.0
2024-07-29 21:40:00,CNR8849807604,Success,CID226732,Prime Sedan,Banashankari,Cox Town,217.0,25.0,Not Applicable,Not Applicable,No,Not Applicable,262,UPI,10,3.3,4.9
2024-07-21 13:40:00,CNR9478092437,Canceled by Driver,CID675029,Bike,Nagarbhavi,RT Nagar,,,Not Applicable,More than permitted people in there,Not Applicable,Not Applicable,329,Not Applicable,0,,
2024-07-11 04:55:00,CNR7226140379,Success,CID183225,Mini,MG Road,Devanahalli,210.0,65.0,Not Applicable,Not Applicable,No,Not Applicable,117,UPI,30,3.3,3.8
2024-07-28 16:08:00,CNR4114459682,Canceled by Driver,CID737636,Prime SUV,Whitefield,Ulsoor,,,Not Applicable,Customer related issue,Not Applicable,Not Applicable,123,Not Applicable,0,,
2024-07-19 00:17:00,CNR7035291123,Success,CID599985,Mini,Chickpet,Banashankari,168.0,130.0,Not Applicable,Not Applicable,No,Not Applicable,167,Cash,38,4.8,3.4
2024-07-22 22:38:00,CNR7390479668,Canceled by Driver,CID219001,Auto,Rajarajeshwari Nagar,Sarjapur Road,,,Not Applicable,Personal & Car related issue,Not Applicable,Not Applicable,366,Not Applicable,0,,
2024-07-03 06:53:00,CNR3635176280,Success,CID556539,Bike,Nagarbhavi,Hebbal,266.0,125.0,Not Applicable,Not Applicable,No,Not Applicable,394,Cash,47,3.4,4.1
2024-07-22 19:46:00,CNR3097767280,Success,CID818437,Mini,KR Puram,RT Nagar,245.0,115.0,Not Applicable,Not Applicable,No,Not Applicable,165,Cash,29,4.1,3.3
2024-07-20 00:23:00,CNR4573401914,Success,CID892404,Prime SUV,JP Nagar,BTM Layout,112.0,85.0,Not Applicable,Not Applicable,No,Not Applicable,363,Cash,36,3.3,3.3
2024-07-01 09:09:00,CNR2455254780,Canceled by Driver,CID331969,Bike,Peenya,Kengeri,,,Not Applicable,Customer was coughing/sick,Not Applicable,Not Applicable,823,Not Applicable,0,,
2024-07-13 13:12:00,CNR9935403451,Success,CID994172,eBike,Hebbal,HSR Layout,147.0,140.0,Not Applicable,Not Applicable,No,Not Applicable,971,Cash,3,4.1,3.6
2024-07-26 04:19:00,CNR5848536377,Success,CID492515,Auto,Koramangala,Sarjapur Road,175.0,105.0,Not Applicable,Not Applicable,No,Not Applicable,131,Cash,5,5.0,3.0
2024-07-17 21:46:00,CNR4604990358,Success,CID640539,Mini,Marathahalli,Majestic,231.0,55.0,Not Applicable,Not Applicable,No,Not Applicable,496,Cash,35,4.9,4.9
2024-07-27 08:29:00,CNR1254066685,Canceled by Driver,CID503186,Bike,Bannerghatta Road,Majestic,,,Not Applicable,Personal & Car related issue,Not Applicable,Not Applicable,127,Not Applicable,0,,
2024-07-25 00:34:00,CNR6241445248,Success,CID858156,Prime SUV,Vijayanagar,Bellandur,119.0,145.0,Not Applicable,Not Applicable,No,Not Applicable,426,UPI,2,3.8,4.6
2024-07-18 22:51:00,CNR7481174267,Success,CID362927,Prime Plus,Mysore Road,Malleshwaram,168.0,135.0,Not Applicable,Not Applicable,No,Not Applicable,1269,Cash,7,3.4,5.0
2024-07-03 21:05:00,CNR6861014425,Driver Not Found,CID567950,eBike,KR Puram,Devanahalli,,,Not Applicable,Not Applicable,Not Applicable,Not Applicable,2514,Not Applicable,0,,
2024-07-05 04:37:00,CNR8070251428,Driver Not Found,CID676686,Prime Plus,Koramangala,Indiranagar,,,Not Applicable,Not Applicable,Not Applicable,Not Applicable,300,Not Applicable,0,,
2024-07-11 13:01:00,CNR9979594470,Canceled by Driver,CID569327,Prime SUV,Ulsoor,Magadi Road,,,Not Applicable,Customer related issue,Not Applicable,Not Applicable,839,Not Applicable,0,,
2024-07-24 21:25:00,CNR1169993110,Canceled by Customer,CID610284,eBike,Mysore Road,Jayanagar,,,Wrong Address,Not Applicable,Not Applicable,Not Applicable,624,Not Applicable,0,,
2024-07-27 03:42:00,CNR3650051766,Success,CID363963,eBike,Hebbal,BTM Layout,140.0,25.0,Not Applicable,Not Applicable,No,Not Applicable,517,UPI,9,3.0,3.6
2024-07-22 23:34:00,CNR3525049685,Canceled by Driver,CID705703,Prime SUV,Sahakar Nagar,Jayanagar,,,Not Applicable,Customer was coughing/sick,Not Applicable,Not Applicable,325,Not Applicable,0,,
2024-07-04 19:34:00,CNR2189084975,Canceled by Driver,CID523138,Bike,Peenya,Peenya,,,Not Applicable,Personal & Car related issue,Not Applicable,Not Applicable,225,Not Applicable,0,,
2024-07-10 06:49:00,CNR9878780201,Success,CID226326,Auto,Jayanagar,Electronic City,98.0,35.0,Not Applicable,Not Applicable,No,Not Applicable,343,Cash,3,5.0,3.8
2024-07-04 03:29:00,CNR8235379401,Success,CID932006,Mini,RT Nagar,Devanahalli,287.0,145.0,Not Applicable,Not Applicable,No,Not Applicable,216,Cash,29,4.7,4.1
2024-07-28 19:05:00,CNR4495842244,Canceled by Customer,CID262051,Auto,Vijayanagar,KR Puram,,,Driver is not moving towards pickup location,Not Applicable,Not Applicable,Not Applicable,877,Not Applicable,0,,
2024-07-12 09:03:00,CNR9245334002,Success,CID885715,Prime Plus,Bellandur,Frazer Town,294.0,90.0,Not Applicable,Not Applicable,No,Not Applicable,981,UPI,17,4.9,3.6
2024-07-05 21:06:00,CNR2038287460,Driver Not Found,CID984382,Prime Sedan,BTM Layout,Hulimavu,,,Not Applicable,Not Applicable,Not Applicable,Not Applicable,381,Not Applicable,0,,
2024-07-15 15:35:00,CNR6281521281,Success,CID100303,Auto,Hennur,Yeshwanthpur,126.0,80.0,Not Applicable,Not Applicable,Yes,Other Issue,485,UPI,12,3.5,3.5
2024-07-18 13:58:00,CNR7595181235,Success,CID464166,Auto,Hulimavu,Kammanahalli,147.0,135.0,Not Applicable,Not Applicable,No,Not Applicable,354,Cash,11,3.1,3.9
2024-07-04 05:31:00,CNR9015464516,Success,CID966021,Mini,Koramangala,Basavanagudi,91.0,55.0,Not Applicable,Not Applicable,No,Not Applicable,282,Cash,48,4.6,4.2
2024-07-01 18:27:00,CNR5660765068,Driver Not Found,CID416983,Bike,Vijayanagar,Nagarbhavi,,,Not Applicable,Not Applicable,Not Applicable,Not Applicable,157,Not Applicable,0,,
2024-07-07 18:34:00,CNR9071444959,Canceled by Customer,CID463543,Mini,Mysore Road,Rajajinagar,,,Driver asked to cancel,Not Applicable,Not Applicable,Not Applicable,295,Not Applicable,0,,
2024-07-18 06:59:00,CNR1155339035,Success,CID451439,Auto,Padmanabhanagar,Shantinagar,91.0,145.0,Not Applicable,Not Applicable,No,Not Applicable,321,UPI,6,3.1,4.7
2024-07-12 14:34:00,CNR9574159661,Canceled by Customer,CID276381,Prime SUV,Shantinagar,Shantinagar,,,Driver asked to cancel,Not Applicable,Not Applicable,Not Applicable,229,Not Applicable,0,,
2024-07-11 19:40:00,CNR1725313930,Success,CID491386,Bike,Sarjapur Road,Rajarajeshwari Nagar,140.0,85.0,Not Applicable,Not Applicable,No,Not Applicable,177,Cash,8,3.2,3.4
2024-07-02 03:27:00,CNR2848074473,Canceled by Driver,CID666018,Bike,Padmanabhanagar,Hulimavu,,,Not Applicable,Customer related issue,Not Applicable,Not Applicable,942,Not Applicable,0,,
2024-07-07 01:05:00,CNR5055905236,Success,CID676326,Prime SUV,Kadugodi,Basavanagudi,140.0,125.0,Not Applicable,Not Applicable,No,Not Applicable,608,Credit Card,6,4.6,4.2
2024-07-11 00:43:00,CNR2881653841,Canceled by Customer,CID195456,Auto,JP Nagar,Basavanagudi,,,Driver is not moving towards pickup location,Not Applicable,Not Applicable,Not Applicable,475,Not Applicable,0,,
2024-07-20 08:27:00,CNR3330233788,Success,CID707266,Auto,Vijayanagar,Chickpet,266.0,145.0,Not Applicable,Not Applicable,No,Not Applicable,155,UPI,18,3.1,4.7
2024-07-02 05:20:00,CNR3692572385,Driver Not Found,CID516765,Prime Sedan,Rajajinagar,Kammanahalli,,,Not Applicable,Not Applicable,Not Applicable,Not Applicable,140,Not Applicable,0,,
2024-07-10 20:31:00,CNR3325844356,Canceled by Driver,CID833084,Prime SUV,Kadugodi,Hennur,,,Not Applicable,Customer was coughing/sick,Not Applicable,Not Applicable,260,Not Applicable,0,,
2024-07-02 22:05:00,CNR8810881324,Canceled by Driver,CID190965,eBike,Bellandur,Sarjapur Road,,,Not Applicable,Customer related issue,Not Applicable,Not Applicable,385,Not Applicable,0,,
2024-07-01 06:33:00,CNR1237366610,Driver Not Found,CID163011,Prime Plus,Sahakar Nagar,Ulsoor,,,Not Applicable,Not Applicable,Not Applicable,Not Applicable,816,Not Applicable,0,,
2024-07-10 01:53:00,CNR7146828433,Canceled by Driver,CID148854,Mini,Ramamurthy Nagar,Varthur,,,Not Applicable,Customer related issue,Not Applicable,Not Applicable,434,Not Applicable,0,,
2024-07-13 08:12:00,CNR1115250454,Success,CID286557,eBike,Hulimavu,HSR Layout,126.0,60.0,Not Applicable,Not Applicable,No,Not Applicable,383,UPI,4,5.0,4.3
2024-07-12 01:17:00,CNR5691376762,Success,CID442352,Bike,Basavanagudi,Yeshwanthpur,175.0,50.0,Not Applicable,Not Applicable,No,Not Applicable,259,Cash,49,4.9,4.8
2024-07-01 12:21:00,CNR4943529522,Success,CID455525,Prime SUV,Peenya,Kammanahalli,42.0,35.0,Not Applicable,Not Applicable,No,Not Applicable,978,UPI,26,4.5,4.1
2024-07-17 11:40:00,CNR3426282546,Driver Not Found,CID359092,Prime SUV,Electronic City,Richmond Town,,,Not Applicable,Not Applicable,Not Applicable,Not Applicable,263,Not Applicable,0,,
2024-07-15 03:24:00,CNR7850385421,Success,CID345349,Auto,Peenya,RT Nagar,112.0,90.0,Not Applicable,Not Applicable,No,Not Applicable,826,UPI,11,4.9,3.1
2024-07-02 00:01:00,CNR9867116105,Success,CID145631,Prime Sedan,Marathahalli,Mysore Road,259.0,125.0,Not Applicable,Not Applicable,No,Not Applicable,112,UPI,26,3.7,4.9
2024-07-21 17:45:00,CNR6456859845,Success,CID579780,Prime Plus,RT Nagar,Whitefield,35.0,75.0,Not Applicable,Not Applicable,No,Not Applicable,322,Cash,23,4.3,4.4
2024-07-30 04:53:00,CNR5331552826,Canceled by Driver,CID756158,Prime SUV,Shantinagar,Shantinagar,,,Not Applicable,Customer was coughing/sick,Not Applicable,Not Applicable,620,Not Applicable,0,,
2024-07-15 13:17:00,CNR2812675093,Success,CID967789,Prime Plus,Padmanabhanagar,Chamarajpet,294.0,110.0,Not Applicable,Not Applicable,No,Not Applicable,201,Cash,30,3.7,3.6
2024-07-27 07:06:00,CNR1449805367,Success,CID498180,Prime SUV,Frazer Town,Malleshwaram,70.0,130.0,Not Applicable,Not Applicable,No,Not Applicable,827,UPI,47,4.1,3.5
2024-07-28 19:59:00,CNR5517831614,Canceled by Driver,CID689476,Prime SUV,Hennur,Cox Town,,,Not Applicable,Customer related issue,Not Applicable,Not Applicable,591,Not Applicable,0,,
2024-07-13 05:12:00,CNR8575630787,Success,CID801826,Prime Plus,Hennur,Vijayanagar,49.0,70.0,Not Applicable,Not Applicable,No,Not Applicable,166,UPI,22,5.0,4.7
2024-07-27 12:32:00,CNR8775962069,Success,CID294489,Auto,RT Nagar,Indiranagar,133.0,85.0,Not Applicable,Not Applicable,No,Not Applicable,239,UPI,1,3.6,3.3
2024-07-14 04:29:00,CNR4463143944,Success,CID576567,Bike,Mysore Road,Frazer Town,301.0,120.0,Not Applicable,Not Applicable,No,Not Applicable,587,Debit Card,4,4.8,4.1
2024-07-17 21:11:00,CNR1882097895,Success,CID349663,eBike,Varthur,Kammanahalli,175.0,140.0,Not Applicable,Not Applicable,No,Not Applicable,262,Cash,38,3.1,4.7
2024-07-27 19:19:00,CNR7197779278,Success,CID839501,Bike,Basavanagudi,Peenya,231.0,110.0,Not Applicable,Not Applicable,No,Not Applicable,484,UPI,27,3.2,5.0
2024-07-28 08:00:00,CNR5740388446,Success,CID373799,Mini,Electronic City,Devanahalli,175.0,45.0,Not Applicable,Not Applicable,No,Not Applicable,1248,UPI,6,3.7,4.8
2024-07-07 07:31:00,CNR8703926725,Canceled by Driver,CID700709,Prime SUV,Kengeri,RT Nagar,,,Not Applicable,Customer related issue,Not Applicable,Not Applicable,429,Not Applicable,0,,
2024-07-14 10:09:00,CNR2107893166,Success,CID576561,Mini,Cox Town,Hulimavu,77.0,115.0,Not Applicable,Not Applicable,No,Not Applicable,281,Cash,9,4.8,3.2
2024-07-01 09:55:00,CNR1193513218,Success,CID738503,eBike,Chamarajpet,Magadi Road,245.0,125.0,Not Applicable,Not Applicable,No,Not Applicable,267,Cash,38,5.0,4.0
2024-07-09 17:45:00,CNR5070431889,Canceled by Driver,CID952127,Prime SUV,Majestic,RT Nagar,,,Not Applicable,Customer related issue,Not Applicable,Not Applicable,178,Not Applicable,0,,
2024-07-02 14:27:00,CNR1965783801,Driver Not Found,CID983912,Prime Sedan,Cox Town,Kammanahalli,,,Not Applicable,Not Applicable,Not Applicable,Not Applicable,292,Not Applicable,0,,
2024-07-21 19:55:00,CNR4466878614,Canceled by Driver,CID181841,Mini,BTM Layout,Tumkur Road,,,Not Applicable,More than permitted people in there,Not Applicable,Not Applicable,258,Not Applicable,0,,
2024-07-05 18:25:00,CNR5151722990,Success,CID901766,eBike,Koramangala,Bannerghatta Road,280.0,70.0,Not Applicable,Not Applicable,No,Not Applicable,816,Cash,11,3.1,4.2
2024-07-30 01:52:00,CNR1322779668,Canceled by Driver,CID416441,eBike,Magadi Road,Langford Town,,,Not Applicable,Customer was coughing/sick,Not Applicable,Not Applicable,359,Not Applicable,0,,
2024-07-01 18:42:00,CNR7868645901,Success,CID478072,Bike,Hulimavu,Sahakar Nagar,77.0,130.0,Not Applicable,Not Applicable,No,Not Applicable,679,UPI,11,3.1,3.1
2024-07-16 19:03:00,CNR5205759032,Success,CID281638,Prime Plus,Ulsoor,Mysore Road,301.0,95.0,Not Applicable,Not Applicable,No,Not Applicable,606,Cash,24,4.0,4.4
2024-07-11 01:14:00,CNR2697150892,Driver Not Found,CID771656,Prime Plus,Bannerghatta Road,Sahakar Nagar,,,Not Applicable,Not Applicable,Not Applicable,Not Applicable,278,Not Applicable,0,,
2024-07-02 10:32:00,CNR6385327377,Success,CID240975,Auto,Nagarbhavi,Hulimavu,56.0,125.0,Not Applicable,Not Applicable,No,Not Applicable,2857,Cash,14,3.4,4.4
2024-07-10 22:12:00,CNR4417503622,Success,CID317950,Bike,Electronic City,Devanahalli,203.0,95.0,Not Applicable,Not Applicable,No,Not Applicable,438,Cash,36,3.7,3.3
2024-07-18 18:15:00,CNR2506399202,Success,CID331026,Prime Sedan,Basavanagudi,Devanahalli,238.0,25.0,Not Applicable,Not Applicable,Yes,Other Issue,387,UPI,35,3.2,3.0
2024-07-20 09:50:00,CNR8269075721,Success,CID562722,Auto,Basavanagudi,Indiranagar,126.0,75.0,Not Applicable,Not Applicable,No,Not Applicable,239,Cash,13,4.8,3.2
2024-07-04 16:18:00,CNR3279944278,Canceled by Customer,CID160813,Mini,Majestic,Ramamurthy Nagar,,,Driver is not moving towards pickup location,Not Applicable,Not Applicable,Not Applicable,163,Not Applicable,0,,
2024-07-07 17:32:00,CNR2330424149,Success,CID955030,Prime Sedan,Rajarajeshwari Nagar,Hulimavu,140.0,50.0,Not Applicable,Not Applicable,No,Not Applicable,294,Cash,42,3.1,4.4
2024-07-21 10:08:00,CNR4987996858,Success,CID911195,Bike,Peenya,Kammanahalli,287.0,125.0,Not Applicable,Not Applicable,No,Not Applicable,328,Cash,49,4.1,3.4
2024-07-05 22:18:00,CNR2730865399,Success,CID324706,Prime Sedan,Hebbal,Peenya,287.0,70.0,Not Applicable,Not Applicable,No,Not Applicable,105,Cash,13,4.4,3.2
2024-07-21 06:24:00,CNR6420087971,Canceled by Driver,CID509293,Mini,HSR Layout,Koramangala,,,Not Applicable,Customer related issue,Not Applicable,Not Applicable,146,Not Applicable,0,,
2024-07-28 11:27:00,CNR5261515929,Canceled by Customer,CID550065,Prime Sedan,Cox Town,Chamarajpet,,,Driver asked to cancel,Not Applicable,Not Applicable,Not Applicable,957,Not Applicable,0,,
2024-07-26 13:55:00,CNR6663906514,Success,CID645059,Prime Sedan,Rajarajeshwari Nagar,Electronic City,154.0,125.0,Not Applicable,Not Applicable,No,Not Applicable,113,Cash,47,3.3,3.9
2024-07-05 17:53:00,CNR9108537208,Canceled by Customer,CID110237,Bike,Yeshwanthpur,Whitefield,,,Wrong Address,Not Applicable,Not Applicable,Not Applicable,201,Not Applicable,0,,
2024-07-06 02:24:00,CNR1065069213,Success,CID524065,Prime Sedan,Hosur Road,Hennur,133.0,115.0,Not Applicable,Not Applicable,No,Not Applicable,116,Credit Card,14,4.9,4.5
2024-07-11 02:24:00,CNR6916033215,Driver Not Found,CID445816,Prime SUV,Richmond Town,Hebbal,,,Not Applicable,Not Applicable,Not Applicable,Not Applicable,207,Not Applicable,0,,
2024-07-30 17:27:00,CNR6303030752,Success,CID120402,Auto,Rajarajeshwari Nagar,Shivajinagar,175.0,25.0,Not Applicable,Not Applicable,No,Not Applicable,110,Cash,2,3.5,3.2
2024-07-26 19:29:00,CNR2828761718,Success,CID965157,Prime Sedan,Basavanagudi,Hennur,70.0,75.0,Not Applicable,Not Applicable,No,Not Applicable,946,Cash,21,3.6,4.3
2024-07-07 07:43:00,CNR7063783305,Success,CID113604,eBike,Hosur Road,Magadi Road,56.0,75.0,Not Applicable,Not Applicable,No,Not Applicable,441,UPI,5,3.8,4.1
2024-07-17 01:42:00,CNR5726962997,Canceled by Driver,CID170032,Auto,Yelahanka,Marathahalli,,,Not Applicable,Personal & Car related issue,Not Applicable,Not Applicable,350,Not Applicable,0,,
2024-07-17 06:09:00,CNR9422299880,Success,CID352919,Prime Plus,Tumkur Road,Chamarajpet,217.0,80.0,Not Applicable,Not Applicable,No,Not Applicable,344,UPI,48,3.1,3.7
2024-07-29 13:08:00,CNR4246407827,Canceled by Driver,CID861725,Prime Plus,Ulsoor,BTM Layout,,,Not Applicable,More than permitted people in there,Not Applicable,Not Applicable,286,Not Applicable,0,,
2024-07-11 02:22:00,CNR5169215092,Success,CID607068,Auto,Frazer Town,Bellandur,217.0,45.0,Not Applicable,Not Applicable,No,Not Applicable,175,Cash,19,4.2,5.0
2024-07-25 08:58:00,CNR4055771046,Canceled by Driver,CID666039,Prime Sedan,Whitefield,Kadugodi,,,Not Applicable,Personal & Car related issue,Not Applicable,Not Applicable,885,Not Applicable,0,,
2024-07-06 00:21:00,CNR4719190270,Success,CID300321,Bike,Banashankari,Koramangala,42.0,40.0,Not Applicable,Not Applicable,No,Not Applicable,179,Cash,28,3.5,4.8
2024-07-01 13:42:00,CNR8054243023,Success,CID485157,Prime Plus,Kadugodi,Basavanagudi,231.0,50.0,Not Applicable,Not Applicable,No,Not Applicable,408,Cash,3,3.3,4.4
2024-07-04 06:11:00,CNR9800806986,Canceled by Customer,CID760815,Prime Sedan,KR Puram,Banashankari,,,Driver is not moving towards pickup location,Not Applicable,Not Applicable,Not Applicable,163,Not Applicable,0,,
2024-07-10 12:04:00,CNR4057865087,Canceled by Driver,CID311485,Prime Plus,Shantinagar,Padmanabhanagar,,,Not Applicable,More than permitted people in there,Not Applicable,Not Applicable,984,Not Applicable,0,,
2024-07-18 09:19:00,CNR2547175778,Success,CID408644,Auto,Banashankari,Bellandur,210.0,50.0,Not Applicable,Not Applicable,No,Not Applicable,111,Cash,11,4.9,4.7
2024-07-18 18:08:00,CNR9966588849,Success,CID417458,Auto,HSR Layout,BTM Layout,126.0,110.0,Not Applicable,Not Applicable,No,Not Applicable,439,UPI,11,4.1,3.7
2024-07-16 10:56:00,CNR3420086319,Success,CID964036,Mini,Bellandur,Hulimavu,91.0,25.0,Not Applicable,Not Applicable,No,Not Applicable,316,UPI,26,4.6,3.5
2024-07-08 01:04:00,CNR3904178530,Canceled by Driver,CID749282,Mini,Langford Town,Jayanagar,,,Not Applicable,Customer related issue,Not Applicable,Not Applicable,498,Not Applicable,0,,
2024-07-21 16:45:00,CNR6827569951,Canceled by Driver,CID318590,Prime Plus,Kammanahalli,Koramangala,,,Not Applicable,Customer related issue,Not Applicable,Not Applicable,173,Not Applicable,0,,
2024-07-24 02:17:00,CNR4900858491,Canceled by Driver,CID818207,Prime SUV,RT Nagar,Devanahalli,,,Not Applicable,Personal & Car related issue,Not Applicable,Not Applicable,1625,Not Applicable,0,,
2024-07-28 03:41:00,CNR1355453120,Success,CID494259,Prime Sedan,Yeshwanthpur,Electronic City,56.0,85.0,Not Applicable,Not Applicable,No,Not Applicable,283,Cash,7,3.1,4.2
2024-07-14 12:51:00,CNR8113905754,Success,CID654434,Prime SUV,Banashankari,Rajajinagar,56.0,85.0,Not Applicable,Not Applicable,Yes,Vehicle Breakdown,216,Cash,28,3.3,4.7
2024-07-16 20:26:00,CNR5270709093,Canceled by Driver,CID844432,Prime Sedan,Hulimavu,Ulsoor,,,Not Applicable,Personal & Car related issue,Not Applicable,Not Applicable,1929,Not Applicable,0,,
2024-07-11 13:47:00,CNR5502838146,Success,CID318541,Prime Plus,KR Puram,Nagarbhavi,35.0,40.0,Not Applicable,Not Applicable,No,Not Applicable,258,UPI,6,3.1,4.9
2024-07-07 22:27:00,CNR9627718535,Success,CID801985,Prime Plus,Jayanagar,Kengeri,56.0,70.0,Not Applicable,Not Applicable,No,Not Applicable,114,UPI,34,3.4,4.2
2024-07-06 16:17:00,CNR2097855322,Success,CID851165,Prime SUV,Hosur Road,Kammanahalli,70.0,100.0,Not Applicable,Not Applicable,No,Not Applicable,399,UPI,4,4.7,4.6
2024-07-12 23:39:00,CNR3410548079,Success,CID308552,Auto,Magadi Road,Frazer Town,294.0,65.0,Not Applicable,Not Applicable,No,Not Applicable,336,UPI,7,3.6,4.6
2024-07-05 16:47:00,CNR8606677580,Canceled by Driver,CID789173,Bike,Nagarbhavi,Marathahalli,,,Not Applicable,Personal & Car related issue,Not Applicable,Not Applicable,238,Not Applicable,0,,
2024-07-11 08:39:00,CNR3396090939,Canceled by Customer,CID213166,Prime SUV,KR Puram,Chamarajpet,,,Change of plans,Not Applicable,Not Applicable,Not Applicable,597,Not Applicable,0,,
2024-07-30 21:44:00,CNR2162516214,Success,CID226852,eBike,Koramangala,Kammanahalli,308.0,85.0,Not Applicable,Not Applicable,No,Not Applicable,258,Cash,38,4.0,3.4
2024-07-16 17:24:00,CNR7200457560,Success,CID204018,eBike,Malleshwaram,Mysore Road,259.0,75.0,Not Applicable,Not Applicable,No,Not Applicable,344,UPI,15,3.2,4.6
2024-07-19 12:56:00,CNR2727642267,Success,CID928570,Prime Sedan,Vijayanagar,Banashankari,161.0,85.0,Not Applicable,Not Applicable,No,Not Applicable,1599,UPI,27,3.1,4.9
2024-07-08 22:14:00,CNR9025500241,Canceled by Driver,CID465453,Bike,Padmanabhanagar,KR Puram,,,Not Applicable,Customer related issue,Not Applicable,Not Applicable,455,Not Applicable,0,,
2024-07-14 01:56:00,CNR9539496117,Success,CID558604,eBike,HSR Layout,Ulsoor,63.0,85.0,Not Applicable,Not Applicable,No,Not Applicable,236,UPI,3,4.7,3.5
2024-07-23 19:04:00,CNR8948774638,Success,CID838208,eBike,Koramangala,Ulsoor,112.0,75.0,Not Applicable,Not Applicable,No,Not Applicable,135,Cash,25,4.9,4.1
2024-07-14 20:28:00,CNR3348522441,Success,CID850637,Auto,Yelahanka,Basavanagudi,224.0,80.0,Not Applicable,Not Applicable,No,Not Applicable,418,Cash,15,3.6,4.8
2024-07-13 12:01:00,CNR7050879952,Success,CID488187,Bike,Yelahanka,Varthur,210.0,140.0,Not Applicable,Not Applicable,No,Not Applicable,208,UPI,6,3.8,4.4
2024-07-12 17:17:00,CNR4959156626,Canceled by Customer,CID419578,Bike,BTM Layout,Richmond Town,,,Driver asked to cancel,Not Applicable,Not Applicable,Not Applicable,301,Not Applicable,0,,
2024-07-15 15:02:00,CNR5878218415,Canceled by Driver,CID142213,Prime Sedan,Richmond Town,Marathahalli,,,Not Applicable,Personal & Car related issue,Not Applicable,Not Applicable,445,Not Applicable,0,,
2024-07-29 03:07:00,CNR1899329044,Success,CID835552,eBike,Ramamurthy Nagar,Chamarajpet,112.0,105.0,Not Applicable,Not Applicable,No,Not Applicable,1828,UPI,31,3.2,4.7
2024-07-17 03:58:00,CNR9713867999,Driver Not Found,CID169130,Prime Sedan,Magadi Road,Koramangala,,,Not Applicable,Not Applicable,Not Applicable,Not Applicable,456,Not Applicable,0,,
2024-07-01 14:07:00,CNR5148893313,Success,CID158898,Bike,Marathahalli,Marathahalli,280.0,130.0,Not Applicable,Not Applicable,No,Not Applicable,333,Cash,43,4.5,3.3
2024-07-13 13:14:00,CNR6614685848,Canceled by Driver,CID318932,Auto,Sarjapur Road,Hosur Road,,,Not Applicable,Personal & Car related issue,Not Applicable,Not Applicable,385,Not Applicable,0,,
2024-07-15 09:22:00,CNR6012009193,Success,CID540330,Mini,Chickpet,Kadugodi,70.0,135.0,Not Applicable,Not Applicable,No,Not Applicable,728,UPI,37,3.6,3.9
2024-07-18 15:56:00,CNR5388876638,Success,CID109773,eBike,Kammanahalli,Varthur,84.0,55.0,Not Applicable,Not Applicable,No,Not Applicable,300,UPI,30,4.9,4.3
2024-07-19 04:29:00,CNR1763526498,Success,CID175972,eBike,Koramangala,Bannerghatta Road,266.0,100.0,Not Applicable,Not Applicable,No,Not Applicable,499,UPI,28,4.1,3.5
2024-07-25 16:15:00,CNR6249927722,Driver Not Found,CID943582,Bike,Marathahalli,Yeshwanthpur,,,Not Applicable,Not Applicable,Not Applicable,Not Applicable,182,Not Applicable,0,,
2024-07-04 09:08:00,CNR6100812127,Canceled by Customer,CID832828,Auto,Rajajinagar,Richmond Town,,,Driver asked to cancel,Not Applicable,Not Applicable,Not Applicable,467,Not Applicable,0,,
2024-07-13 03:32:00,CNR6587749305,Canceled by Driver,CID777655,Mini,Jayanagar,Whitefield,,,Not Applicable,Personal & Car related issue,Not Applicable,Not Applicable,2965,Not Applicable,0,,
2024-07-09 00:43:00,CNR8437686908,Success,CID567252,Mini,BTM Layout,Langford Town,189.0,50.0,Not Applicable,Not Applicable,No,Not Applicable,1632,Cash,1,4.8,3.4
2024-07-14 20:40:00,CNR6367938799,Canceled by Driver,CID487033,Prime Plus,Bellandur,Hennur,,,Not Applicable,More than permitted people in there,Not Applicable,Not Applicable,1402,Not Applicable,0,,
2024-07-09 06:40:00,CNR8433324168,Success,CID105595,Prime SUV,Magadi Road,Langford Town,203.0,50.0,Not Applicable,Not Applicable,No,Not Applicable,344,Cash,27,4.7,4.2
2024-07-20 11:35:00,CNR6195214252,Success,CID308766,Prime Plus,Indiranagar,KR Puram,133.0,60.0,Not Applicable,Not Applicable,No,Not Applicable,476,Cash,39,5.0,4.9
2024-07-19 10:04:00,CNR4685595911,Success,CID604867,Prime Sedan,HSR Layout,Kammanahalli,294.0,55.0,Not Applicable,Not Applicable,No,Not Applicable,423,UPI,1,3.3,5.0
2024-07-27 22:59:00,CNR7159251047,Canceled by Driver,CID363110,Auto,Majestic,Yeshwanthpur,,,Not Applicable,Customer related issue,Not Applicable,Not Applicable,462,Not Applicable,0,,
2024-07-28 03:17:00,CNR3205175122,Success,CID873386,Auto,Indiranagar,Ulsoor,63.0,125.0,Not Applicable,Not Applicable,No,Not Applicable,486,Cash,9,4.7,4.8
2024-07-20 19:32:00,CNR9723309913,Success,CID775256,Prime Sedan,Frazer Town,Ramamurthy Nagar,245.0,35.0,Not Applicable,Not Applicable,No,Not Applicable,395,Cash,42,4.4,4.1
2024-07-20 10:47:00,CNR8129034093,Success,CID996387,eBike,Malleshwaram,Nagarbhavi,154.0,115.0,Not Applicable,Not Applicable,No,Not Applicable,724,Cash,37,3.2,4.7
2024-07-13 21:02:00,CNR8650311520,Driver Not Found,CID153476,Prime Sedan,Malleshwaram,Chickpet,,,Not Applicable,Not Applicable,Not Applicable,Not Applicable,499,Not Applicable,0,,
2024-07-02 10:55:00,CNR6150799017,Canceled by Driver,CID163780,Prime SUV,Ulsoor,Indiranagar,,,Not Applicable,Customer was coughing/sick,Not Applicable,Not Applicable,311,Not Applicable,0,,
2024-07-21 11:11:00,CNR7777595881,Canceled by Driver,CID288644,Prime SUV,Tumkur Road,Ulsoor,,,Not Applicable,Personal & Car related issue,Not Applicable,Not Applicable,128,Not Applicable,0,,
2024-07-06 21:21:00,CNR3405289088,Canceled by Customer,CID112432,Bike,Vijayanagar,Hosur Road,,,Change of plans,Not Applicable,Not Applicable,Not Applicable,109,Not Applicable,0,,
2024-07-18 09:14:00,CNR7735954041,Success,CID243207,Mini,Magadi Road,Frazer Town,231.0,105.0,Not Applicable,Not Applicable,No,Not Applicable,496,UPI,42,4.8,3.2
2024-07-22 14:17:00,CNR2068703957,Canceled by Driver,CID177408,Prime Sedan,Sahakar Nagar,Ulsoor,,,Not Applicable,Personal & Car related issue,Not Applicable,Not Applicable,1410,Not Applicable,0,,
2024-07-05 14:58:00,CNR7430044141,Success,CID925169,Prime Sedan,Kengeri,Chickpet,56.0,75.0,Not Applicable,Not Applicable,No,Not Applicable,143,Cash,30,4.0,3.6
2024-07-03 01:50:00,CNR4336334405,Success,CID494066,eBike,Varthur,Shantinagar,301.0,65.0,Not Applicable,Not Applicable,Yes,Customer Demand,174,Cash,20,3.3,3.6
2024-07-09 02:16:00,CNR6552674212,Success,CID473054,Prime Plus,Bannerghatta Road,Kadugodi,91.0,135.0,Not Applicable,Not Applicable,No,Not Applicable,360,Cash,45,3.2,3.4
2024-07-13 00:27:00,CNR4854147148,Success,CID428036,Bike,Kadugodi,Chamarajpet,210.0,145.0,Not Applicable,Not Applicable,No,Not Applicable,1489,UPI,47,4.9,4.4
2024-07-29 05:04:00,CNR2529135481,Success,CID697458,Mini,Sahakar Nagar,Peenya,245.0,65.0,Not Applicable,Not Applicable,No,Not Applicable,334,Cash,14,4.2,4.8
2024-07-07 01:19:00,CNR9077607602,Driver Not Found,CID691271,Bike,Frazer Town,BTM Layout,,,Not Applicable,Not Applicable,Not Applicable,Not Applicable,936,Not Applicable,0,,
2024-07-12 02:39:00,CNR4550503593,Success,CID661885,Prime Sedan,Basavanagudi,Kadugodi,49.0,100.0,Not Applicable,Not Applicable,No,Not Applicable,402,Cash,42,3.4,4.0
2024-07-19 16:16:00,CNR4502765058,Success,CID187396,Mini,Magadi Road,Sahakar Nagar,217.0,105.0,Not Applicable,Not Applicable,Yes,Customer Demand,1607,UPI,10,4.6,3.4
2024-07-11 10:41:00,CNR4263209442,Success,CID588386,Auto,Nagarbhavi,Jayanagar,259.0,120.0,Not Applicable,Not Applicable,No,Not Applicable,410,UPI,4,3.4,5.0
2024-07-20 05:11:00,CNR7848911125,Success,CID214823,Prime Sedan,Electronic City,BTM Layout,238.0,45.0,Not Applicable,Not Applicable,No,Not Applicable,101,UPI,30,3.5,3.1
2024-07-20 09:42:00,CNR1688276101,Success,CID821736,Prime Plus,Electronic City,Mysore Road,112.0,50.0,Not Applicable,Not Applicable,No,Not Applicable,456,Cash,15,4.1,4.9
2024-07-23 01:49:00,CNR3615955338,Canceled by Customer,CID244148,Prime SUV,Marathahalli,Nagarbhavi,,,Driver asked to cancel,Not Applicable,Not Applicable,Not Applicable,1097,Not Applicable,0,,
2024-07-22 01:15:00,CNR8227583158,Canceled by Customer,CID514699,eBike,Hebbal,Tumkur Road,,,Change of plans,Not Applicable,Not Applicable,Not Applicable,906,Not Applicable,0,,
2024-07-21 08:48:00,CNR6767586260,Success,CID990470,eBike,KR Puram,Nagarbhavi,189.0,25.0,Not Applicable,Not Applicable,Yes,Other Issue,292,Credit Card,36,3.1,3.4
2024-07-01 16:15:00,CNR6654822626,Canceled by Customer,CID872628,Prime Plus,Padmanabhanagar,Sarjapur Road,,,Wrong Address,Not Applicable,Not Applicable,Not Applicable,320,Not Applicable,0,,
2024-07-07 23:59:00,CNR8873907846,Canceled by Customer,CID862828,Prime SUV,Kengeri,Rajajinagar,,,AC is Not working,Not Applicable,Not Applicable,Not Applicable,975,Not Applicable,0,,
2024-07-13 18:03:00,CNR2202071070,Success,CID722963,Prime Plus,Indiranagar,Kengeri,175.0,130.0,Not Applicable,Not Applicable,No,Not Applicable,182,UPI,17,4.1,4.7
2024-07-22 03:35:00,CNR6499581338,Success,CID602830,Prime SUV,Langford Town,KR Puram,84.0,60.0,Not Applicable,Not Applicable,No,Not Applicable,452,UPI,18,4.8,3.8
2024-07-13 08:01:00,CNR1836384881,Driver Not Found,CID762870,Mini,Hebbal,Peenya,,,Not Applicable,Not Applicable,Not Applicable,Not Applicable,437,Not Applicable,0,,
2024-07-09 23:22:00,CNR5611560551,Success,CID178549,Prime Plus,MG Road,Sahakar Nagar,126.0,40.0,Not Applicable,Not Applicable,No,Not Applicable,658,Cash,37,3.8,4.6
2024-07-11 08:13:00,CNR9036401750,Success,CID311019,Auto,HSR Layout,Padmanabhanagar,84.0,110.0,Not Applicable,Not Applicable,Yes,Customer Demand,166,Cash,4,4.0,3.6
2024-07-25 20:26:00,CNR8138439242,Success,CID761559,Bike,Langford Town,Shivajinagar,147.0,60.0,Not Applicable,Not Applicable,No,Not Applicable,137,Debit Card,4,4.6,3.5
2024-07-29 15:50:00,CNR6817498890,Success,CID180111,eBike,Sahakar Nagar,Peenya,259.0,45.0,Not Applicable,Not Applicable,No,Not Applicable,187,Cash,18,4.8,3.8
2024-07-16 05:35:00,CNR9203155903,Success,CID317465,Prime Sedan,Marathahalli,Hebbal,203.0,55.0,Not Applicable,Not Applicable,No,Not Applicable,166,UPI,4,3.1,4.1
2024-07-14 12:21:00,CNR7508225889,Canceled by Driver,CID690344,Bike,Varthur,Electronic City,,,Not Applicable,Personal & Car related issue,Not Applicable,Not Applicable,307,Not Applicable,0,,
2024-07-16 02:10:00,CNR6225107323,Driver Not Found,CID169331,Auto,RT Nagar,Chamarajpet,,,Not Applicable,Not Applicable,Not Applicable,Not Applicable,397,Not Applicable,0,,
2024-07-05 11:18:00,CNR9713374459,Success,CID882488,Mini,Hulimavu,Majestic,259.0,140.0,Not Applicable,Not Applicable,No,Not Applicable,196,UPI,19,3.2,3.4
2024-07-20 07:25:00,CNR8564119516,Canceled by Driver,CID821073,Prime SUV,Rajajinagar,Peenya,,,Not Applicable,Personal & Car related issue,Not Applicable,Not Applicable,259,Not Applicable,0,,
2024-07-19 22:19:00,CNR9154484815,Canceled by Customer,CID297614,eBike,Banashankari,Majestic,,,Driver asked to cancel,Not Applicable,Not Applicable,Not Applicable,208,Not Applicable,0,,
2024-07-19 11:15:00,CNR5433466122,Driver Not Found,CID250897,Mini,Basavanagudi,Malleshwaram,,,Not Applicable,Not Applicable,Not Applicable,Not Applicable,356,Not Applicable,0,,
2024-07-11 13:31:00,CNR8897400370,Canceled by Customer,CID763487,eBike,Chamarajpet,Peenya,,,AC is Not working,Not Applicable,Not Applicable,Not Applicable,722,Not Applicable,0,,
2024-07-01 09:03:00,CNR8241445305,Canceled by Driver,CID295808,eBike,Whitefield,MG Road,,,Not Applicable,More than permitted people in there,Not Applicable,Not Applicable,300,Not Applicable,0,,
2024-07-12 02:57:00,CNR5789268143,Canceled by Driver,CID733623,Prime Sedan,Rajarajeshwari Nagar,Bannerghatta Road,,,Not Applicable,Customer was coughing/sick,Not Applicable,Not Applicable,168,Not Applicable,0,,
2024-07-04 19:56:00,CNR2645230480,Success,CID179066,Bike,Marathahalli,Hulimavu,119.0,125.0,Not Applicable,Not Applicable,No,Not Applicable,435,Cash,14,4.0,4.6
2024-07-01 17:25:00,CNR7464627337,Success,CID155550,Prime Plus,JP Nagar,Devanahalli,119.0,135.0,Not Applicable,Not Applicable,No,Not Applicable,543,Cash,12,3.1,4.8
2024-07-13 04:09:00,CNR8030558684,Driver Not Found,CID759921,Mini,Hennur,Malleshwaram,,,Not Applicable,Not Applicable,Not Applicable,Not Applicable,492,Not Applicable,0,,
2024-07-06 22:12:00,CNR3699540042,Canceled by Driver,CID349765,Prime Sedan,Whitefield,Hosur Road,,,Not Applicable,Personal & Car related issue,Not Applicable,Not Applicable,231,Not Applicable,0,,
2024-07-16 13:29:00,CNR6807185705,Success,CID902982,Prime Plus,Bannerghatta Road,RT Nagar,245.0,80.0,Not Applicable,Not Applicable,No,Not Applicable,164,UPI,33,3.2,3.8
2024-07-09 06:03:00,CNR5040232092,Success,CID703197,Auto,Yelahanka,Ramamurthy Nagar,133.0,70.0,Not Applicable,Not Applicable,No,Not Applicable,697,Cash,5,3.1,3.8
2024-07-29 19:13:00,CNR9416701749,Canceled by Driver,CID332537,Auto,Cox Town,Rajarajeshwari Nagar,,,Not Applicable,Customer related issue,Not Applicable,Not Applicable,1131,Not Applicable,0,,
2024-07-01 21:54:00,CNR4423033144,Driver Not Found,CID795093,Prime SUV,RT Nagar,Kammanahalli,,,Not Applicable,Not Applicable,Not Applicable,Not Applicable,408,Not Applicable,0,,
2024-07-05 11:45:00,CNR5210982261,Success,CID594904,Prime Sedan,Indiranagar,Shivajinagar,133.0,105.0,Not Applicable,Not Applicable,No,Not Applicable,153,UPI,15,4.8,4.1
2024-07-20 13:36:00,CNR3674660975,Success,CID310682,Prime Plus,Magadi Road,Chamarajpet,196.0,85.0,Not Applicable,Not Applicable,No,Not Applicable,527,UPI,3,3.9,3.7
2024-07-24 05:55:00,CNR1351614110,Success,CID244966,Prime Plus,Rajarajeshwari Nagar,MG Road,252.0,110.0,Not Applicable,Not Applicable,No,Not Applicable,909,Cash,40,3.1,5.0
2024-07-14 00:53:00,CNR7554425940,Canceled by Driver,CID164897,Prime SUV,Ulsoor,Magadi Road,,,Not Applicable,Customer related issue,Not Applicable,Not Applicable,755,Not Applicable,0,,
2024-07-24 00:59:00,CNR7097901799,Success,CID336299,Prime SUV,Ramamurthy Nagar,Electronic City,49.0,105.0,Not Applicable,Not Applicable,No,Not Applicable,986,Cash,11,3.9,3.3
2024-07-08 15:00:00,CNR4999456607,Driver Not Found,CID712206,Auto,Banashankari,Hennur,,,Not Applicable,Not Applicable,Not Applicable,Not Applicable,1045,Not Applicable,0,,
2024-07-27 03:40:00,CNR3380225447,Canceled by Driver,CID473813,Prime Sedan,Rajarajeshwari Nagar,Devanahalli,,,Not Applicable,Customer was coughing/sick,Not Applicable,Not Applicable,407,Not Applicable,0,,
2024-07-05 06:03:00,CNR1312376396,Success,CID952726,eBike,Cox Town,Shantinagar,126.0,45.0,Not Applicable,Not Applicable,No,Not Applicable,1821,Cash,11,5.0,4.7
2024-07-07 21:16:00,CNR7442771081,Success,CID916730,Bike,Sahakar Nagar,Richmond Town,112.0,80.0,Not Applicable,Not Applicable,No,Not Applicable,473,Cash,29,3.5,4.9
2024-07-02 06:58:00,CNR2127642148,Success,CID666682,Auto,Yelahanka,JP Nagar,35.0,90.0,Not Applicable,Not Applicable,No,Not Applicable,655,Cash,5,4.5,3.1
2024-07-27 12:11:00,CNR4783490100,Success,CID180962,Prime Sedan,Hennur,Nagarbhavi,84.0,40.0,Not Applicable,Not Applicable,No,Not Applicable,632,UPI,37,4.7,4.2
2024-07-17 18:06:00,CNR5348071997,Canceled by Customer,CID755303,eBike,BTM Layout,Banashankari,,,Driver asked to cancel,Not Applicable,Not Applicable,Not Applicable,496,Not Applicable,0,,
2024-07-13 00:48:00,CNR6005104934,Canceled by Customer,CID595328,eBike,Hosur Road,Kengeri,,,AC is Not working,Not Applicable,Not Applicable,Not Applicable,366,Not Applicable,0,,
2024-07-13 20:39:00,CNR7504426402,Success,CID741094,Auto,Marathahalli,Rajajinagar,105.0,140.0,Not Applicable,Not Applicable,No,Not Applicable,645,UPI,17,3.6,3.3
2024-07-05 11:45:00,CNR2571340835,Success,CID423112,Prime Plus,Kengeri,Varthur,161.0,60.0,Not Applicable,Not Applicable,No,Not Applicable,844,UPI,41,4.9,3.4
2024-07-10 04:06:00,CNR6772345365,Success,CID952007,Prime Sedan,Marathahalli,Padmanabhanagar,231.0,135.0,Not Applicable,Not Applicable,No,Not Applicable,206,Cash,23,3.9,3.1
2024-07-16 01:30:00,CNR6278759694,Success,CID631099,Mini,Hulimavu,Kadugodi,84.0,70.0,Not Applicable,Not Applicable,No,Not Applicable,620,UPI,37,4.2,4.8
2024-07-18 13:47:00,CNR5603094453,Success,CID289806,Auto,HSR Layout,RT Nagar,224.0,135.0,Not Applicable,Not Applicable,No,Not Applicable,2398,UPI,6,3.8,3.1
2024-07-09 13:11:00,CNR9756219179,Driver Not Found,CID326693,Prime Plus,Yelahanka,Hulimavu,,,Not Applicable,Not Applicable,Not Applicable,Not Applicable,158,Not Applicable,0,,
2024-07-12 19:36:00,CNR7980607485,Driver Not Found,CID701315,Prime Plus,Whitefield,Kadugodi,,,Not Applicable,Not Applicable,Not Applicable,Not Applicable,250,Not Applicable,0,,
2024-07-06 11:24:00,CNR4962404529,Success,CID430082,Mini,Vijayanagar,Richmond Town,203.0,75.0,Not Applicable,Not Applicable,No,Not Applicable,723,Cash,46,4.2,4.6
2024-07-09 19:52:00,CNR4561238672,Success,CID526051,eBike,Basavanagudi,Koramangala,56.0,40.0,Not Applicable,Not Applicable,No,Not Applicable,940,Cash,38,4.6,4.4
2024-07-06 02:49:00,CNR5533311280,Success,CID140521,Prime SUV,Kammanahalli,Varthur,161.0,115.0,Not Applicable,Not Applicable,No,Not Applicable,258,Cash,17,3.3,3.8
2024-07-14 07:37:00,CNR4210402958,Success,CID571396,Mini,Peenya,Kadugodi,245.0,35.0,Not Applicable,Not Applicable,No,Not Applicable,445,UPI,2,4.6,4.2
2024-07-12 00:55:00,CNR8915904061,Canceled by Driver,CID277509,Auto,Padmanabhanagar,Rajajinagar,,,Not Applicable,Personal & Car related issue,Not Applicable,Not Applicable,173,Not Applicable,0,,
2024-07-08 20:41:00,CNR8892883482,Success,CID106320,Mini,Yeshwanthpur,Hosur Road,259.0,85.0,Not Applicable,Not Applicable,Yes,Vehicle Breakdown,397,Cash,8,4.2,3.1
2024-07-02 04:46:00,CNR2832064650,Success,CID562043,Prime Sedan,Yeshwanthpur,Tumkur Road,294.0,70.0,Not Applicable,Not Applicable,No,Not Applicable,161,UPI,47,3.0,4.7
2024-07-22 18:28:00,CNR1102188808,Canceled by Driver,CID642621,Bike,Mysore Road,Padmanabhanagar,,,Not Applicable,Personal & Car related issue,Not Applicable,Not Applicable,160,Not Applicable,0,,
2024-07-12 07:58:00,CNR7233986812,Success,CID610872,eBike,Hulimavu,Hennur,98.0,110.0,Not Applicable,Not Applicable,No,Not Applicable,282,Cash,44,3.6,3.6
2024-07-11 04:12:00,CNR5790723559,Canceled by Driver,CID533703,eBike,Chamarajpet,Frazer Town,,,Not Applicable,Customer related issue,Not Applicable,Not Applicable,173,Not Applicable,0,,
2024-07-25 19:11:00,CNR5860207931,Canceled by Customer,CID451344,Mini,HSR Layout,Shivajinagar,,,Driver is not moving towards pickup location,Not Applicable,Not Applicable,Not Applicable,2543,Not Applicable,0,,
2024-07-23 18:03:00,CNR3804085213,Success,CID707176,Auto,MG Road,Padmanabhanagar,259.0,100.0,Not Applicable,Not Applicable,No,Not Applicable,648,UPI,12,3.3,4.5
2024-07-23 11:21:00,CNR4391144703,Driver Not Found,CID609215,Prime Plus,Chamarajpet,Rajajinagar,,,Not Applicable,Not Applicable,Not Applicable,Not Applicable,323,Not Applicable,0,,
2024-07-17 10:08:00,CNR3013055049,Driver Not Found,CID947812,Mini,Basavanagudi,Hennur,,,Not Applicable,Not Applicable,Not Applicable,Not Applicable,238,Not Applicable,0,,
2024-07-02 18:36:00,CNR2093570195,Success,CID928053,eBike,JP Nagar,RT Nagar,63.0,70.0,Not Applicable,Not Applicable,No,Not Applicable,233,UPI,10,4.5,4.6
2024-07-07 20:28:00,CNR8387074931,Canceled by Driver,CID234435,Auto,Chamarajpet,Electronic City,,,Not Applicable,Customer was coughing/sick,Not Applicable,Not Applicable,158,Not Applicable,0,,
2024-07-23 06:14:00,CNR7494521952,Success,CID119632,Bike,Jayanagar,Rajarajeshwari Nagar,294.0,45.0,Not Applicable,Not Applicable,No,Not Applicable,691,Cash,27,4.6,4.0
2024-07-26 18:13:00,CNR3816768011,Success,CID740258,Bike,Electronic City,Yelahanka,168.0,130.0,Not Applicable,Not Applicable,No,Not Applicable,260,Cash,13,4.5,3.3
2024-07-16 14:57:00,CNR5850125899,Canceled by Customer,CID375573,Auto,Jayanagar,Chamarajpet,,,Change of plans,Not Applicable,Not Applicable,Not Applicable,2036,Not Applicable,0,,
2024-07-26 11:12:00,CNR4611226476,Success,CID938306,eBike,Richmond Town,Kengeri,70.0,55.0,Not Applicable,Not Applicable,No,Not Applicable,1111,UPI,36,4.8,3.3
2024-07-29 15:58:00,CNR3222114143,Success,CID980969,Bike,Jayanagar,Peenya,259.0,140.0,Not Applicable,Not Applicable,No,Not Applicable,156,Cash,22,3.2,3.0
2024-07-28 14:51:00,CNR7966906121,Driver Not Found,CID955141,Prime Plus,Devanahalli,Jayanagar,,,Not Applicable,Not Applicable,Not Applicable,Not Applicable,814,Not Applicable,0,,
2024-07-06 19:31:00,CNR8598696667,Success,CID322502,Auto,Langford Town,Kammanahalli,112.0,110.0,Not Applicable,Not Applicable,Yes,Vehicle Breakdown,165,Cash,15,3.1,5.0
2024-07-27 08:01:00,CNR3581955614,Canceled by Driver,CID555691,Bike,Ramamurthy Nagar,Sahakar Nagar,,,Not Applicable,Customer was coughing/sick,Not Applicable,Not Applicable,146,Not Applicable,0,,
2024-07-03 23:36:00,CNR2611016248,Canceled by Customer,CID309637,Bike,Tumkur Road,Yeshwanthpur,,,Wrong Address,Not Applicable,Not Applicable,Not Applicable,462,Not Applicable,0,,
2024-07-15 07:56:00,CNR7418947721,Driver Not Found,CID630523,Prime SUV,KR Puram,Indiranagar,,,Not Applicable,Not Applicable,Not Applicable,Not Applicable,452,Not Applicable,0,,
2024-07-22 17:16:00,CNR8665684094,Success,CID911500,Prime SUV,Nagarbhavi,Hulimavu,112.0,65.0,Not Applicable,Not Applicable,No,Not Applicable,257,UPI,2,4.1,4.6
2024-07-03 10:00:00,CNR6281850415,Success,CID757248,Prime Sedan,Chickpet,Devanahalli,147.0,110.0,Not Applicable,Not Applicable,No,Not Applicable,357,UPI,46,4.8,4.2
2024-07-18 16:14:00,CNR3746501228,Success,CID587794,Mini,Malleshwaram,Richmond Town,147.0,90.0,Not Applicable,Not Applicable,No,Not Applicable,305,UPI,15,4.2,3.2
2024-07-13 05:29:00,CNR8692823513,Success,CID333753,Prime Sedan,Malleshwaram,Koramangala,63.0,80.0,Not Applicable,Not Applicable,No,Not Applicable,1082,UPI,16,3.2,3.5
2024-07-26 03:29:00,CNR8242794224,Success,CID529614,Bike,MG Road,Richmond Town,98.0,65.0,Not Applicable,Not Applicable,No,Not Applicable,899,UPI,19,3.5,4.4
2024-07-30 06:01:00,CNR3591885190,Success,CID243763,Prime Sedan,Tumkur Road,Hebbal,224.0,40.0,Not Applicable,Not Applicable,No,Not Applicable,421,Cash,48,4.8,4.5
2024-07-23 15:12:00,CNR9969300653,Success,CID250183,Bike,Bannerghatta Road,Ulsoor,308.0,145.0,Not Applicable,Not Applicable,No,Not Applicable,1808,UPI,16,4.3,3.7
2024-07-21 15:50:00,CNR3773499639,Canceled by Driver,CID398198,Prime Sedan,Magadi Road,Majestic,,,Not Applicable,Customer was coughing/sick,Not Applicable,Not Applicable,332,Not Applicable,0,,
2024-07-27 01:29:00,CNR3701288603,Success,CID710298,eBike,Kengeri,Cox Town,112.0,25.0,Not Applicable,Not Applicable,No,Not Applicable,333,Debit Card,27,4.9,4.2
2024-07-23 18:27:00,CNR6729424952,Success,CID821964,Prime Plus,RT Nagar,Devanahalli,175.0,45.0,Not Applicable,Not Applicable,No,Not Applicable,804,UPI,7,4.7,3.4
2024-07-26 16:13:00,CNR9969367469,Success,CID873643,Prime Plus,Rajarajeshwari Nagar,Tumkur Road,196.0,95.0,Not Applicable,Not Applicable,No,Not Applicable,398,Cash,28,4.4,4.9
2024-07-22 06:32:00,CNR3858709343,Success,CID535663,Auto,Varthur,Ramamurthy Nagar,203.0,100.0,Not Applicable,Not Applicable,No,Not Applicable,495,UPI,11,4.0,4.5
2024-07-21 02:40:00,CNR2389557024,Canceled by Customer,CID971011,Auto,KR Puram,Majestic,,,AC is Not working,Not Applicable,Not Applicable,Not Applicable,433,Not Applicable,0,,
2024-07-08 00:29:00,CNR4887195720,Success,CID463407,Prime Plus,Tumkur Road,Indiranagar,294.0,80.0,Not Applicable,Not Applicable,No,Not Applicable,651,UPI,21,4.2,3.5
2024-07-30 13:11:00,CNR1579968651,Canceled by Driver,CID920898,Prime SUV,Rajajinagar,Ulsoor,,,Not Applicable,Customer related issue,Not Applicable,Not Applicable,418,Not Applicable,0,,
2024-07-12 22:27:00,CNR7930630317,Canceled by Customer,CID703925,Prime Plus,Frazer Town,BTM Layout,,,Driver is not moving towards pickup location,Not Applicable,Not Applicable,Not Applicable,970,Not Applicable,0,,
2024-07-01 04:48:00,CNR6535563278,Success,CID615005,Bike,JP Nagar,MG Road,70.0,55.0,Not Applicable,Not Applicable,No,Not Applicable,675,Cash,36,3.2,3.2
2024-07-10 08:18:00,CNR1882248538,Success,CID463543,Auto,Shivajinagar,Langford Town,56.0,35.0,Not Applicable,Not Applicable,No,Not Applicable,744,Credit Card,12,3.6,3.3
2024-07-01 20:39:00,CNR7927410521,Success,CID761562,Auto,Hulimavu,Banashankari,245.0,70.0,Not Applicable,Not Applicable,No,Not Applicable,358,Cash,1,5.0,4.5
2024-07-06 23:06:00,CNR2760672987,Success,CID756247,Prime Sedan,Bannerghatta Road,Kengeri,140.0,130.0,Not Applicable,Not Applicable,No,Not Applicable,455,Debit Card,46,4.0,3.3
2024-07-13 23:00:00,CNR8205874991,Success,CID499942,Bike,Kengeri,Koramangala,308.0,50.0,Not Applicable,Not Applicable,No,Not Applicable,106,UPI,28,3.6,4.1
2024-07-09 17:32:00,CNR5847197611,Driver Not Found,CID938676,Auto,Bellandur,JP Nagar,,,Not Applicable,Not Applicable,Not Applicable,Not Applicable,154,Not Applicable,0,,
2024-07-23 11:25:00,CNR5799142950,Driver Not Found,CID239830,Prime Plus,Hosur Road,Yelahanka,,,Not Applicable,Not Applicable,Not Applicable,Not Applicable,216,Not Applicable,0,,
2024-07-22 07:22:00,CNR1426494510,Success,CID339356,Prime Plus,JP Nagar,Basavanagudi,56.0,30.0,Not Applicable,Not Applicable,No,Not Applicable,288,Cash,25,4.1,4.5
2024-07-04 12:25:00,CNR4282349650,Canceled by Driver,CID758399,Prime SUV,Langford Town,RT Nagar,,,Not Applicable,Customer related issue,Not Applicable,Not Applicable,428,Not Applicable,0,,
2024-07-05 15:42:00,CNR8737075721,Canceled by Driver,CID276863,Prime Sedan,BTM Layout,Ramamurthy Nagar,,,Not Applicable,Personal & Car related issue,Not Applicable,Not Applicable,542,Not Applicable,0,,
2024-07-10 16:07:00,CNR9177896270,Success,CID193226,Prime Plus,Hosur Road,Shivajinagar,133.0,35.0,Not Applicable,Not Applicable,No,Not Applicable,887,UPI,7,3.5,3.4
2024-07-27 06:44:00,CNR2710068989,Driver Not Found,CID815336,Bike,Shivajinagar,Hulimavu,,,Not Applicable,Not Applicable,Not Applicable,Not Applicable,2171,Not Applicable,0,,
2024-07-01 20:53:00,CNR1266356227,Driver Not Found,CID180957,Auto,Devanahalli,Shivajinagar,,,Not Applicable,Not Applicable,Not Applicable,Not Applicable,1303,Not Applicable,0,,
2024-07-08 00:34:00,CNR2370870620,Canceled by Customer,CID653179,Prime SUV,Basavanagudi,Sarjapur Road,,,Driver is not moving towards pickup location,Not Applicable,Not Applicable,Not Applicable,104,Not Applicable,0,,
2024-07-24 20:13:00,CNR2988049468,Success,CID399611,Prime Plus,Frazer Town,MG Road,294.0,60.0,Not Applicable,Not Applicable,No,Not Applicable,648,Credit Card,29,3.7,4.0
2024-07-25 08:53:00,CNR9179647331,Driver Not Found,CID799743,Mini,Ulsoor,Hulimavu,,,Not Applicable,Not Applicable,Not Applicable,Not Applicable,324,Not Applicable,0,,
2024-07-01 18:30:00,CNR5231417704,Driver Not Found,CID930108,Mini,Banashankari,Koramangala,,,Not Applicable,Not Applicable,Not Applicable,Not Applicable,345,Not Applicable,0,,
2024-07-15 08:26:00,CNR9977030746,Canceled by Driver,CID248906,Prime Sedan,Bellandur,Hulimavu,,,Not Applicable,Customer related issue,Not Applicable,Not Applicable,2100,Not Applicable,0,,
2024-07-21 17:41:00,CNR9602746304,Canceled by Driver,CID316637,Auto,Majestic,RT Nagar,,,Not Applicable,Customer related issue,Not Applicable,Not Applicable,151,Not Applicable,0,,
2024-07-04 03:56:00,CNR9968921844,Success,CID283624,Prime Sedan,RT Nagar,Rajarajeshwari Nagar,308.0,95.0,Not Applicable,Not Applicable,No,Not Applicable,317,Cash,10,3.6,4.7
2024-07-21 05:22:00,CNR7921232607,Canceled by Driver,CID872712,Mini,Marathahalli,Jayanagar,,,Not Applicable,Customer related issue,Not Applicable,Not Applicable,926,Not Applicable,0,,
2024-07-12 19:20:00,CNR3114523718,Success,CID964859,Prime SUV,Rajajinagar,Ramamurthy Nagar,245.0,60.0,Not Applicable,Not Applicable,No,Not Applicable,562,Cash,25,4.4,4.2
2024-07-26 08:07:00,CNR2144209286,Success,CID295289,Mini,Yelahanka,Sarjapur Road,196.0,100.0,Not Applicable,Not Applicable,No,Not Applicable,143,UPI,3,4.6,3.9
2024-07-19 17:49:00,CNR3147388036,Success,CID500516,Auto,JP Nagar,Malleshwaram,84.0,120.0,Not Applicable,Not Applicable,No,Not Applicable,105,Cash,19,4.3,4.0
2024-07-04 19:41:00,CNR3314901594,Success,CID335356,Bike,JP Nagar,Kammanahalli,49.0,35.0,Not Applicable,Not Applicable,No,Not Applicable,426,Debit Card,7,4.6,3.5
2024-07-23 06:06:00,CNR8862158681,Canceled by Driver,CID538347,Prime SUV,Ulsoor,Electronic City,,,Not Applicable,Personal & Car related issue,Not Applicable,Not Applicable,308,Not Applicable,0,,
2024-07-22 11:18:00,CNR6154339454,Success,CID228471,Mini,RT Nagar,Magadi Road,224.0,125.0,Not Applicable,Not Applicable,No,Not Applicable,255,Cash,26,4.4,3.8
2024-07-26 07:57:00,CNR8848137213,Success,CID463862,Prime Plus,Peenya,Magadi Road,91.0,50.0,Not Applicable,Not Applicable,No,Not Applicable,943,Cash,2,3.6,4.7
2024-07-21 16:29:00,CNR8353705980,Success,CID459756,Prime SUV,Varthur,Rajarajeshwari Nagar,224.0,45.0,Not Applicable,Not Applicable,No,Not Applicable,596,Cash,15,3.4,3.2
2024-07-01 02:34:00,CNR4439943733,Success,CID573149,Auto,Marathahalli,Whitefield,56.0,50.0,Not Applicable,Not Applicable,No,Not Applicable,254,Cash,6,4.2,3.2
2024-07-27 03:44:00,CNR4893230139,Success,CID557968,Mini,Shivajinagar,Shantinagar,196.0,115.0,Not Applicable,Not Applicable,No,Not Applicable,151,Cash,16,3.1,4.8
2024-07-20 15:31:00,CNR4597198595,Success,CID575247,Auto,Tumkur Road,Sahakar Nagar,287.0,55.0,Not Applicable,Not Applicable,No,Not Applicable,664,UPI,1,4.3,4.6
2024-07-17 07:05:00,CNR8651582665,Success,CID618584,Bike,Marathahalli,Yelahanka,238.0,100.0,Not Applicable,Not Applicable,No,Not Applicable,464,Cash,4,4.5,3.1
2024-07-26 07:46:00,CNR3274015026,Success,CID812968,eBike,Hosur Road,Langford Town,77.0,115.0,Not Applicable,Not Applicable,No,Not Applicable,383,Cash,33,3.2,4.0
2024-07-26 14:12:00,CNR8930720222,Success,CID693879,Bike,Chamarajpet,Chamarajpet,133.0,45.0,Not Applicable,Not Applicable,No,Not Applicable,662,Cash,38,3.8,3.8
2024-07-26 20:18:00,CNR4264294788,Canceled by Customer,CID969725,Prime Plus,Hosur Road,Nagarbhavi,,,AC is Not working,Not Applicable,Not Applicable,Not Applicable,950,Not Applicable,0,,
2024-07-26 00:50:00,CNR6528774997,Success,CID333489,Prime SUV,Malleshwaram,Kammanahalli,273.0,75.0,Not Applicable,Not Applicable,No,Not Applicable,379,UPI,7,4.4,4.5
2024-07-08 08:27:00,CNR9977443910,Success,CID731582,Auto,Hebbal,Jayanagar,273.0,140.0,Not Applicable,Not Applicable,No,Not Applicable,904,Cash,14,4.6,3.2
2024-07-11 00:18:00,CNR5722679342,Success,CID564088,Prime Plus,KR Puram,Kadugodi,84.0,75.0,Not Applicable,Not Applicable,No,Not Applicable,294,Cash,7,4.2,4.5
2024-07-17 11:35:00,CNR5316785749,Canceled by Driver,CID186066,Prime Sedan,Hebbal,Chamarajpet,,,Not Applicable,Personal & Car related issue,Not Applicable,Not Applicable,355,Not Applicable,0,,
2024-07-07 17:25:00,CNR8842626913,Success,CID845505,Prime Sedan,HSR Layout,Peenya,161.0,85.0,Not Applicable,Not Applicable,No,Not Applicable,795,Cash,45,3.5,4.5
2024-07-25 05:38:00,CNR8822104276,Success,CID306848,Prime Sedan,Basavanagudi,Hebbal,133.0,115.0,Not Applicable,Not Applicable,No,Not Applicable,482,UPI,23,5.0,4.1
2024-07-17 01:28:00,CNR9978500277,Canceled by Customer,CID230851,Prime Sedan,Nagarbhavi,Richmond Town,,,Change of plans,Not Applicable,Not Applicable,Not Applicable,256,Not Applicable,0,,
2024-07-23 12:36:00,CNR4544775526,Canceled by Driver,CID113119,Prime Plus,KR Puram,KR Puram,,,Not Applicable,Customer related issue,Not Applicable,Not Applicable,259,Not Applicable,0,,
2024-07-24 07:34:00,CNR3180653974,Success,CID648532,Mini,Mysore Road,Richmond Town,217.0,50.0,Not Applicable,Not Applicable,No,Not Applicable,252,Cash,34,4.4,4.6
2024-07-05 07:13:00,CNR4570145728,Success,CID528191,Mini,Malleshwaram,Kammanahalli,238.0,40.0,Not Applicable,Not Applicable,No,Not Applicable,120,UPI,39,4.7,4.4
2024-07-12 08:12:00,CNR8458578886,Canceled by Driver,CID954842,Prime Plus,Varthur,BTM Layout,,,Not Applicable,More than permitted people in there,Not Applicable,Not Applicable,262,Not Applicable,0,,
2024-07-25 05:06:00,CNR3683871658,Success,CID949406,Prime Sedan,Hosur Road,Mysore Road,182.0,95.0,Not Applicable,Not Applicable,No,Not Applicable,150,UPI,19,3.8,3.9
2024-07-27 07:13:00,CNR3532892188,Canceled by Driver,CID795168,Bike,Jayanagar,Hosur Road,,,Not Applicable,More than permitted people in there,Not Applicable,Not Applicable,480,Not Applicable,0,,
2024-07-13 10:18:00,CNR3857246731,Driver Not Found,CID768360,eBike,Kammanahalli,Nagarbhavi,,,Not Applicable,Not Applicable,Not Applicable,Not Applicable,157,Not Applicable,0,,
2024-07-24 18:47:00,CNR8261111096,Success,CID488628,Prime Plus,Sahakar Nagar,Banashankari,252.0,135.0,Not Applicable,Not Applicable,No,Not Applicable,405,Cash,45,3.7,4.4
2024-07-16 09:42:00,CNR1018540960,Canceled by Driver,CID437921,Mini,Indiranagar,Kengeri,,,Not Applicable,Personal & Car related issue,Not Applicable,Not Applicable,206,Not Applicable,0,,
2024-07-09 07:49:00,CNR5469614939,Canceled by Driver,CID495646,Bike,Majestic,Hennur,,,Not Applicable,More than permitted people in there,Not Applicable,Not Applicable,110,Not Applicable,0,,
2024-07-18 18:34:00,CNR3530461377,Canceled by Customer,CID179447,Prime Sedan,Sahakar Nagar,Electronic City,,,Driver is not moving towards pickup location,Not Applicable,Not Applicable,Not Applicable,752,Not Applicable,0,,
2024-07-05 07:41:00,CNR8284328032,Success,CID640244,Mini,Bannerghatta Road,Rajajinagar,189.0,40.0,Not Applicable,Not Applicable,No,Not Applicable,186,Cash,47,4.6,3.0
2024-07-25 02:42:00,CNR2660415971,Canceled by Driver,CID567362,Prime Plus,Hosur Road,Ramamurthy Nagar,,,Not Applicable,Personal & Car related issue,Not Applicable,Not Applicable,2320,Not Applicable,0,,
2024-07-01 02:07:00,CNR9954032676,Success,CID161415,Prime Plus,Jayanagar,Bellandur,217.0,110.0,Not Applicable,Not Applicable,Yes,Vehicle Breakdown,450,Cash,43,3.2,4.1
2024-07-27 03:27:00,CNR5099983426,Canceled by Driver,CID742704,Bike,Malleshwaram,Mysore Road,,,Not Applicable,Customer was coughing/sick,Not Applicable,Not Applicable,226,Not Applicable,0,,
2024-07-01 00:44:00,CNR7936069626,Success,CID467083,Prime SUV,Padmanabhanagar,Kadugodi,266.0,90.0,Not Applicable,Not Applicable,No,Not Applicable,717,UPI,25,4.7,4.2
2024-07-29 02:36:00,CNR8028733452,Success,CID903455,Mini,RT Nagar,Rajajinagar,259.0,45.0,Not Applicable,Not Applicable,No,Not Applicable,196,Cash,5,3.6,4.9
2024-07-26 00:23:00,CNR4037722003,Success,CID289366,eBike,Richmond Town,Koramangala,287.0,30.0,Not Applicable,Not Applicable,No,Not Applicable,389,Cash,42,3.8,3.4
2024-07-13 06:30:00,CNR9654697029,Success,CID381660,eBike,Ramamurthy Nagar,Sahakar Nagar,203.0,40.0,Not Applicable,Not Applicable,No,Not Applicable,2975,Cash,12,3.1,3.6
2024-07-26 14:06:00,CNR8575957486,Success,CID504168,Prime Plus,Yeshwanthpur,KR Puram,203.0,90.0,Not Applicable,Not Applicable,No,Not Applicable,445,Cash,33,3.9,4.2
2024-07-06 09:14:00,CNR5310377509,Success,CID348607,eBike,RT Nagar,Bellandur,196.0,95.0,Not Applicable,Not Applicable,No,Not Applicable,330,Cash,30,4.0,4.2
2024-07-06 07:29:00,CNR8298786853,Canceled by Driver,CID478905,Mini,Padmanabhanagar,Kammanahalli,,,Not Applicable,Personal & Car related issue,Not Applicable,Not Applicable,1418,Not Applicable,0,,
2024-07-27 01:14:00,CNR6883092556,Canceled by Customer,CID304899,Prime Sedan,Koramangala,Jayanagar,,,Driver asked to cancel,Not Applicable,Not Applicable,Not Applicable,437,Not Applicable,0,,
2024-07-20 18:49:00,CNR3325395778,Success,CID454126,Mini,Ulsoor,Marathahalli,119.0,65.0,Not Applicable,Not Applicable,No,Not Applicable,1367,UPI,36,3.8,3.4
2024-07-22 01:44:00,CNR7381704678,Canceled by Customer,CID568982,Prime Sedan,HSR Layout,Jayanagar,,,Change of plans,Not Applicable,Not Applicable,Not Applicable,556,Not Applicable,0,,
2024-07-23 19:11:00,CNR5057617027,Canceled by Customer,CID751643,Mini,Cox Town,Indiranagar,,,AC is Not working,Not Applicable,Not Applicable,Not Applicable,372,Not Applicable,0,,
2024-07-28 19:32:00,CNR3033485351,Canceled by Driver,CID727983,Prime Sedan,BTM Layout,MG Road,,,Not Applicable,More than permitted people in there,Not Applicable,Not Applicable,762,Not Applicable,0,,
2024-07-25 10:17:00,CNR2068058437,Success,CID304203,Bike,KR Puram,Shantinagar,84.0,130.0,Not Applicable,Not Applicable,No,Not Applicable,1623,UPI,36,4.9,4.5
2024-07-22 08:50:00,CNR2196398421,Canceled by Driver,CID223597,Prime Sedan,Ulsoor,Chamarajpet,,,Not Applicable,Personal & Car related issue,Not Applicable,Not Applicable,124,Not Applicable,0,,
2024-07-23 23:55:00,CNR9031868522,Success,CID215748,Bike,Sahakar Nagar,Jayanagar,196.0,75.0,Not Applicable,Not Applicable,No,Not Applicable,303,Cash,8,4.7,4.1
2024-07-01 18:54:00,CNR6237224631,Success,CID105460,Prime Plus,Ramamurthy Nagar,Nagarbhavi,287.0,75.0,Not Applicable,Not Applicable,No,Not Applicable,198,Cash,23,3.7,4.6
2024-07-17 05:21:00,CNR6799165772,Success,CID167251,Bike,HSR Layout,Yelahanka,196.0,140.0,Not Applicable,Not Applicable,No,Not Applicable,302,UPI,19,4.8,4.0
2024-07-15 09:19:00,CNR1604781537,Canceled by Driver,CID145676,Mini,Vijayanagar,Bannerghatta Road,,,Not Applicable,Personal & Car related issue,Not Applicable,Not Applicable,474,Not Applicable,0,,
2024-07-23 22:28:00,CNR9692116078,Canceled by Customer,CID403892,Bike,Basavanagudi,Ramamurthy Nagar,,,AC is Not working,Not Applicable,Not Applicable,Not Applicable,277,Not Applicable,0,,
2024-07-29 03:46:00,CNR3778237989,Success,CID954180,Prime Plus,Bannerghatta Road,Ramamurthy Nagar,287.0,85.0,Not Applicable,Not Applicable,Yes,Vehicle Breakdown,212,Cash,44,3.0,3.5
2024-07-03 20:13:00,CNR1386937801,Success,CID842399,Prime SUV,Marathahalli,RT Nagar,308.0,135.0,Not Applicable,Not Applicable,No,Not Applicable,476,Cash,39,4.1,4.8
2024-07-29 02:53:00,CNR1248863890,Success,CID494456,Prime SUV,Langford Town,Mysore Road,294.0,55.0,Not Applicable,Not Applicable,No,Not Applicable,376,Credit Card,9,3.3,4.1
2024-07-03 22:37:00,CNR1508839339,Success,CID331090,Mini,Mysore Road,Chamarajpet,126.0,85.0,Not Applicable,Not Applicable,No,Not Applicable,743,Cash,22,4.4,4.5
2024-07-27 07:36:00,CNR4219300710,Canceled by Customer,CID469553,Mini,Chickpet,Bellandur,,,Driver is not moving towards pickup location,Not Applicable,Not Applicable,Not Applicable,396,Not Applicable,0,,
2024-07-12 18:10:00,CNR9302684307,Success,CID103955,Prime SUV,Electronic City,Richmond Town,133.0,95.0,Not Applicable,Not Applicable,Yes,Customer Demand,443,Cash,42,4.3,3.7
2024-07-20 06:22:00,CNR4764440791,Success,CID346129,Prime Sedan,Richmond Town,Shivajinagar,231.0,25.0,Not Applicable,Not Applicable,No,Not Applicable,118,Cash,33,3.3,4.6
2024-07-20 02:03:00,CNR7722127185,Success,CID971175,Mini,BTM Layout,Yeshwanthpur,70.0,50.0,Not Applicable,Not Applicable,No,Not Applicable,235,Cash,23,4.2,4.7
2024-07-29 20:40:00,CNR2781415945,Driver Not Found,CID394369,Prime SUV,KR Puram,Banashankari,,,Not Applicable,Not Applicable,Not Applicable,Not Applicable,264,Not Applicable,0,,
2024-07-12 18:55:00,CNR1510488213,Canceled by Driver,CID525313,Prime Sedan,Bannerghatta Road,Hosur Road,,,Not Applicable,Personal & Car related issue,Not Applicable,Not Applicable,388,Not Applicable,0,,
2024-07-15 04:16:00,CNR1787693172,Success,CID715544,Prime Sedan,Langford Town,Kengeri,133.0,85.0,Not Applicable,Not Applicable,No,Not Applicable,705,Cash,26,3.5,3.7
2024-07-21 05:01:00,CNR9200768805,Success,CID565826,Auto,Yeshwanthpur,Langford Town,84.0,135.0,Not Applicable,Not Applicable,No,Not Applicable,345,Cash,18,3.8,4.7
2024-07-08 04:28:00,CNR4664578108,Success,CID896488,Auto,Nagarbhavi,HSR Layout,238.0,75.0,Not Applicable,Not Applicable,No,Not Applicable,250,UPI,17,3.2,4.6
2024-07-10 14:45:00,CNR8422975032,Success,CID815961,eBike,Jayanagar,Electronic City,203.0,80.0,Not Applicable,Not Applicable,No,Not Applicable,2389,Cash,40,4.5,3.5
2024-07-18 04:48:00,CNR3146439732,Driver Not Found,CID611844,Prime SUV,Majestic,Bannerghatta Road,,,Not Applicable,Not Applicable,Not Applicable,Not Applicable,422,Not Applicable,0,,
2024-07-13 08:01:00,CNR8833200556,Success,CID983241,Prime SUV,Tumkur Road,Kengeri,42.0,75.0,Not Applicable,Not Applicable,No,Not Applicable,382,UPI,37,3.3,4.6
2024-07-15 16:21:00,CNR6545680184,Canceled by Driver,CID604878,Bike,Malleshwaram,RT Nagar,,,Not Applicable,Customer was coughing/sick,Not Applicable,Not Applicable,155,Not Applicable,0,,
2024-07-12 07:27:00,CNR8750864872,Success,CID634798,Prime SUV,Kadugodi,Whitefield,308.0,95.0,Not Applicable,Not Applicable,No,Not Applicable,129,UPI,20,4.4,3.3
2024-07-13 09:48:00,CNR8218272496,Canceled by Driver,CID691361,Prime SUV,Sarjapur Road,Sahakar Nagar,,,Not Applicable,Customer related issue,Not Applicable,Not Applicable,179,Not Applicable,0,,
2024-07-10 05:24:00,CNR4134597724,Canceled by Driver,CID591690,Prime SUV,Langford Town,Richmond Town,,,Not Applicable,Personal & Car related issue,Not Applicable,Not Applicable,850,Not Applicable,0,,
2024-07-18 01:30:00,CNR3711138481,Success,CID848891,Prime SUV,Vijayanagar,Sarjapur Road,98.0,145.0,Not Applicable,Not Applicable,No,Not Applicable,386,Cash,16,3.4,4.0
2024-07-12 10:53:00,CNR6349945948,Success,CID414338,Prime Plus,Peenya,Frazer Town,42.0,45.0,Not Applicable,Not Applicable,No,Not Applicable,146,UPI,44,3.2,3.3
2024-07-05 13:35:00,CNR7785331768,Canceled by Driver,CID102534,Bike,JP Nagar,Basavanagudi,,,Not Applicable,Customer was coughing/sick,Not Applicable,Not Applicable,139,Not Applicable,0,,
2024-07-21 16:32:00,CNR5715830495,Success,CID965755,Prime SUV,Mysore Road,Yeshwanthpur,126.0,75.0,Not Applicable,Not Applicable,No,Not Applicable,116,Cash,42,5.0,5.0
2024-07-05 06:47:00,CNR3889334557,Success,CID870160,eBike,MG Road,Frazer Town,287.0,50.0,Not Applicable,Not Applicable,No,Not Applicable,208,Credit Card,15,4.7,4.4
2024-07-14 04:02:00,CNR1174945364,Canceled by Driver,CID556414,Mini,Bellandur,Kadugodi,,,Not Applicable,Customer related issue,Not Applicable,Not Applicable,472,Not Applicable,0,,
2024-07-16 15:09:00,CNR6710282325,Success,CID843075,eBike,Hennur,Padmanabhanagar,287.0,110.0,Not Applicable,Not Applicable,No,Not Applicable,189,Cash,46,4.1,4.3
2024-07-07 12:20:00,CNR9706157721,Success,CID731154,Mini,Frazer Town,Basavanagudi,133.0,130.0,Not Applicable,Not Applicable,No,Not Applicable,2726,Cash,2,3.3,3.9
2024-07-12 20:40:00,CNR8873075377,Driver Not Found,CID937928,Prime SUV,Bannerghatta Road,Chamarajpet,,,Not Applicable,Not Applicable,Not Applicable,Not Applicable,420,Not Applicable,0,,
2024-07-13 23:15:00,CNR9053591219,Canceled by Customer,CID423565,Prime Sedan,Sarjapur Road,MG Road,,,Driver is not moving towards pickup location,Not Applicable,Not Applicable,Not Applicable,514,Not Applicable,0,,
2024-07-23 13:28:00,CNR8408533433,Success,CID657604,Auto,Chickpet,Banashankari,224.0,135.0,Not Applicable,Not Applicable,No,Not Applicable,781,Cash,11,4.1,3.9
2024-07-15 14:45:00,CNR8218682473,Success,CID974806,Bike,Malleshwaram,Jayanagar,210.0,55.0,Not Applicable,Not Applicable,No,Not Applicable,493,Cash,9,4.3,4.7
2024-07-07 12:58:00,CNR3730746777,Success,CID853033,Bike,Shivajinagar,Kadugodi,70.0,70.0,Not Applicable,Not Applicable,No,Not Applicable,404,Cash,19,3.0,3.6
2024-07-21 06:48:00,CNR4524698795,Success,CID770865,eBike,JP Nagar,Langford Town,252.0,100.0,Not Applicable,Not Applicable,No,Not Applicable,129,Cash,1,4.2,5.0
2024-07-26 13:35:00,CNR6804047052,Success,CID484523,Prime Plus,Bellandur,Yelahanka,210.0,45.0,Not Applicable,Not Applicable,No,Not Applicable,2461,UPI,21,3.6,3.5
2024-07-04 15:18:00,CNR1143704516,Success,CID110597,Prime Plus,Tumkur Road,Tumkur Road,182.0,25.0,Not Applicable,Not Applicable,No,Not Applicable,412,Cash,38,4.3,3.3
2024-07-25 22:12:00,CNR7171216861,Success,CID402917,Bike,Langford Town,Banashankari,280.0,45.0,Not Applicable,Not Applicable,No,Not Applicable,477,Cash,5,3.2,4.0
2024-07-05 01:25:00,CNR7755381954,Canceled by Customer,CID914864,Prime Sedan,Malleshwaram,Hebbal,,,AC is Not working,Not Applicable,Not Applicable,Not Applicable,481,Not Applicable,0,,
2024-07-15 00:10:00,CNR3747776364,Success,CID107239,Prime SUV,Mysore Road,JP Nagar,266.0,120.0,Not Applicable,Not Applicable,No,Not Applicable,497,Cash,11,4.6,3.8
2024-07-02 23:38:00,CNR3112281872,Success,CID429567,eBike,Langford Town,Sahakar Nagar,35.0,40.0,Not Applicable,Not Applicable,Yes,Other Issue,2533,UPI,25,4.7,3.8
2024-07-16 09:42:00,CNR6913706490,Success,CID772999,Bike,Kammanahalli,Ulsoor,35.0,100.0,Not Applicable,Not Applicable,No,Not Applicable,602,UPI,14,4.7,4.6
2024-07-30 06:23:00,CNR8113488057,Success,CID378777,Auto,Banashankari,Langford Town,203.0,95.0,Not Applicable,Not Applicable,No,Not Applicable,150,Cash,1,4.2,4.7
2024-07-22 19:52:00,CNR9579994999,Success,CID310497,Prime Plus,Banashankari,MG Road,63.0,30.0,Not Applicable,Not Applicable,No,Not Applicable,981,Cash,3,4.6,3.5
2024-07-05 03:50:00,CNR2394333342,Success,CID145893,eBike,Malleshwaram,Padmanabhanagar,196.0,40.0,Not Applicable,Not Applicable,No,Not Applicable,293,Cash,17,4.7,3.4
2024-07-26 15:05:00,CNR5108701995,Canceled by Driver,CID912765,Bike,BTM Layout,Ulsoor,,,Not Applicable,Personal & Car related issue,Not Applicable,Not Applicable,491,Not Applicable,0,,
2024-07-25 18:03:00,CNR1345353470,Success,CID377167,Auto,Langford Town,Vijayanagar,231.0,135.0,Not Applicable,Not Applicable,No,Not Applicable,431,Cash,4,4.5,4.3
2024-07-13 08:03:00,CNR8400311907,Canceled by Driver,CID487303,Prime Plus,Mysore Road,Magadi Road,,,Not Applicable,Customer related issue,Not Applicable,Not Applicable,275,Not Applicable,0,,
2024-07-16 05:05:00,CNR9002734575,Success,CID751644,Prime Sedan,Bannerghatta Road,Chamarajpet,224.0,95.0,Not Applicable,Not Applicable,No,Not Applicable,110,UPI,35,3.2,4.7
2024-07-15 02:28:00,CNR4224907519,Driver Not Found,CID705776,Bike,MG Road,Banashankari,,,Not Applicable,Not Applicable,Not Applicable,Not Applicable,399,Not Applicable,0,,
2024-07-01 00:57:00,CNR7686155139,Success,CID668682,Prime Plus,Electronic City,Shivajinagar,203.0,70.0,Not Applicable,Not Applicable,No,Not Applicable,222,Cash,4,4.9,3.7
2024-07-11 12:25:00,CNR6894021467,Success,CID769061,Prime Plus,Jayanagar,Yelahanka,105.0,80.0,Not Applicable,Not Applicable,No,Not Applicable,203,Cash,9,4.6,4.8
2024-07-29 01:27:00,CNR1532529186,Success,CID236536,eBike,JP Nagar,Malleshwaram,77.0,85.0,Not Applicable,Not Applicable,No,Not Applicable,555,UPI,5,4.0,4.7
2024-07-21 03:36:00,CNR7488417260,Success,CID584563,Prime SUV,Frazer Town,Magadi Road,231.0,130.0,Not Applicable,Not Applicable,No,Not Applicable,550,Cash,6,4.7,4.7
2024-07-05 04:34:00,CNR6838500170,Success,CID604477,Mini,Majestic,Vijayanagar,252.0,80.0,Not Applicable,Not Applicable,No,Not Applicable,1881,Cash,25,4.2,4.3
2024-07-07 01:01:00,CNR4829089250,Canceled by Driver,CID352988,Bike,Ulsoor,Hosur Road,,,Not Applicable,More than permitted people in there,Not Applicable,Not Applicable,817,Not Applicable,0,,
2024-07-24 02:19:00,CNR2583247359,Success,CID449904,Auto,Richmond Town,Varthur,210.0,100.0,Not Applicable,Not Applicable,Yes,Vehicle Breakdown,407,UPI,10,4.8,4.4
2024-07-09 07:04:00,CNR9832027041,Success,CID559010,Auto,Kadugodi,Bannerghatta Road,98.0,120.0,Not Applicable,Not Applicable,No,Not Applicable,330,Cash,2,4.6,3.6
2024-07-08 08:22:00,CNR9275758844,Success,CID453408,Prime Sedan,Basavanagudi,Basavanagudi,119.0,55.0,Not Applicable,Not Applicable,Yes,Customer Demand,394,UPI,45,3.8,4.8
2024-07-01 16:29:00,CNR4739925800,Canceled by Customer,CID814556,Prime Sedan,Chickpet,Peenya,,,Driver is not moving towards pickup location,Not Applicable,Not Applicable,Not Applicable,120,Not Applicable,0,,
2024-07-11 22:35:00,CNR9585906792,Canceled by Customer,CID634171,Mini,Basavanagudi,Sahakar Nagar,,,Driver asked to cancel,Not Applicable,Not Applicable,Not Applicable,173,Not Applicable,0,,
2024-07-02 03:37:00,CNR7113875004,Success,CID378879,Auto,Shivajinagar,Hulimavu,56.0,85.0,Not Applicable,Not Applicable,No,Not Applicable,436,Cash,2,3.4,3.1
2024-07-17 06:06:00,CNR7707129727,Driver Not Found,CID551559,Bike,RT Nagar,Bannerghatta Road,,,Not Applicable,Not Applicable,Not Applicable,Not Applicable,149,Not Applicable,0,,
2024-07-09 11:13:00,CNR5436198857,Canceled by Driver,CID577369,Mini,Shivajinagar,Bellandur,,,Not Applicable,Personal & Car related issue,Not Applicable,Not Applicable,1720,Not Applicable,0,,
2024-07-04 21:37:00,CNR7493692164,Success,CID741154,Prime Plus,Chamarajpet,Shivajinagar,42.0,90.0,Not Applicable,Not Applicable,No,Not Applicable,276,Cash,29,3.0,4.0
2024-07-09 06:16:00,CNR9590616803,Success,CID712312,Prime SUV,Kadugodi,Ulsoor,154.0,90.0,Not Applicable,Not Applicable,No,Not Applicable,178,Cash,16,3.5,3.3
2024-07-19 17:36:00,CNR5384720450,Success,CID188966,Mini,Marathahalli,Hosur Road,147.0,145.0,Not Applicable,Not Applicable,No,Not Applicable,158,UPI,6,3.2,3.5
2024-07-20 23:20:00,CNR6629783201,Canceled by Driver,CID386254,Prime Plus,Richmond Town,Kadugodi,,,Not Applicable,Personal & Car related issue,Not Applicable,Not Applicable,169,Not Applicable,0,,
2024-07-05 05:43:00,CNR9037307695,Driver Not Found,CID613045,Prime SUV,Whitefield,Yeshwanthpur,,,Not Applicable,Not Applicable,Not Applicable,Not Applicable,381,Not Applicable,0,,
2024-07-20 15:54:00,CNR2051129238,Canceled by Driver,CID842761,Prime SUV,Bellandur,Tumkur Road,,,Not Applicable,Personal & Car related issue,Not Applicable,Not Applicable,222,Not Applicable,0,,
2024-07-10 13:53:00,CNR7616248770,Success,CID761968,eBike,Devanahalli,Kadugodi,70.0,80.0,Not Applicable,Not Applicable,No,Not Applicable,442,UPI,34,4.9,3.8
2024-07-22 11:45:00,CNR7771189315,Success,CID640700,Bike,Yelahanka,Padmanabhanagar,168.0,105.0,Not Applicable,Not Applicable,No,Not Applicable,593,UPI,18,4.9,3.7
2024-07-07 01:47:00,CNR6845509099,Success,CID545949,Prime SUV,Ramamurthy Nagar,HSR Layout,147.0,55.0,Not Applicable,Not Applicable,No,Not Applicable,1432,Cash,30,3.3,4.9
2024-07-02 21:33:00,CNR4705589743,Canceled by Customer,CID376597,Mini,Shivajinagar,Shantinagar,,,AC is Not working,Not Applicable,Not Applicable,Not Applicable,147,Not Applicable,0,,
2024-07-05 10:56:00,CNR7245877266,Success,CID334895,Auto,Frazer Town,Rajarajeshwari Nagar,77.0,45.0,Not Applicable,Not Applicable,No,Not Applicable,406,Cash,9,3.6,3.7
2024-07-24 13:29:00,CNR3758348832,Success,CID424546,Prime Sedan,Magadi Road,Peenya,168.0,145.0,Not Applicable,Not Applicable,No,Not Applicable,454,Cash,4,3.3,4.7
2024-07-04 11:31:00,CNR4181203916,Driver Not Found,CID864915,Prime Plus,Chickpet,RT Nagar,,,Not Applicable,Not Applicable,Not Applicable,Not Applicable,269,Not Applicable,0,,
2024-07-22 15:49:00,CNR9686502256,Success,CID237477,Mini,Sarjapur Road,Chickpet,91.0,145.0,Not Applicable,Not Applicable,Yes,Customer Demand,252,Cash,41,4.7,4.5
2024-07-24 19:05:00,CNR3207057513,Canceled by Driver,CID384573,Prime Plus,JP Nagar,Ramamurthy Nagar,,,Not Applicable,More than permitted people in there,Not Applicable,Not Applicable,2906,Not Applicable,0,,
2024-07-23 20:09:00,CNR4447981131,Canceled by Driver,CID342520,eBike,Electronic City,Yeshwanthpur,,,Not Applicable,Customer related issue,Not Applicable,Not Applicable,139,Not Applicable,0,,
2024-07-12 14:32:00,CNR6774863872,Success,CID746890,Prime Sedan,Richmond Town,Basavanagudi,203.0,60.0,Not Applicable,Not Applicable,No,Not Applicable,852,Cash,21,3.7,3.8
2024-07-15 02:01:00,CNR9620460954,Success,CID544953,Auto,Kammanahalli,Frazer Town,56.0,90.0,Not Applicable,Not Applicable,No,Not Applicable,371,Cash,19,4.2,3.2
2024-07-01 19:41:00,CNR7994859094,Success,CID811291,Bike,Yelahanka,Banashankari,98.0,25.0,Not Applicable,Not Applicable,No,Not Applicable,725,Cash,47,3.0,4.4
2024-07-07 03:02:00,CNR3214086768,Success,CID513021,eBike,Hosur Road,Ramamurthy Nagar,301.0,35.0,Not Applicable,Not Applicable,No,Not Applicable,351,Cash,11,4.4,3.6
2024-07-18 15:44:00,CNR1710255831,Canceled by Customer,CID104525,Bike,Kadugodi,MG Road,,,Driver asked to cancel,Not Applicable,Not Applicable,Not Applicable,321,Not Applicable,0,,
2024-07-08 23:04:00,CNR9835302828,Success,CID755370,Prime Plus,Hosur Road,Bellandur,112.0,125.0,Not Applicable,Not Applicable,No,Not Applicable,200,UPI,45,3.6,3.4
2024-07-07 09:41:00,CNR9006926416,Success,CID660360,eBike,Chickpet,Varthur,238.0,140.0,Not Applicable,Not Applicable,No,Not Applicable,910,Cash,44,3.2,3.5
2024-07-15 12:38:00,CNR5867263344,Canceled by Driver,CID495150,eBike,Hosur Road,Langford Town,,,Not Applicable,Customer related issue,Not Applicable,Not Applicable,494,Not Applicable,0,,
2024-07-28 18:07:00,CNR1273100295,Success,CID801380,Prime Plus,Peenya,Ulsoor,133.0,35.0,Not Applicable,Not Applicable,No,Not Applicable,435,Cash,15,4.0,4.1
2024-07-29 04:39:00,CNR9340306924,Success,CID926549,eBike,Sahakar Nagar,Shantinagar,70.0,85.0,Not Applicable,Not Applicable,No,Not Applicable,358,Cash,7,4.4,3.6
2024-07-03 00:44:00,CNR7796948554,Success,CID476431,Bike,Richmond Town,Chickpet,203.0,115.0,Not Applicable,Not Applicable,No,Not Applicable,255,UPI,20,5.0,4.3
2024-07-10 01:43:00,CNR5951739147,Success,CID298508,Auto,Magadi Road,RT Nagar,203.0,40.0,Not Applicable,Not Applicable,No,Not Applicable,841,Cash,12,4.6,3.4
2024-07-11 14:04:00,CNR6127009873,Canceled by Customer,CID491772,Prime Sedan,Richmond Town,Kengeri,,,AC is Not working,Not Applicable,Not Applicable,Not Applicable,539,Not Applicable,0,,
2024-07-17 09:49:00,CNR8990317601,Success,CID595151,Prime SUV,Banashankari,Chamarajpet,182.0,140.0,Not Applicable,Not Applicable,No,Not Applicable,343,UPI,30,4.3,3.9
2024-07-13 03:43:00,CNR6044211758,Driver Not Found,CID227694,Auto,Magadi Road,Shantinagar,,,Not Applicable,Not Applicable,Not Applicable,Not Applicable,750,Not Applicable,0,,
2024-07-29 20:10:00,CNR1309573259,Success,CID452931,Prime Plus,Langford Town,Richmond Town,126.0,105.0,Not Applicable,Not Applicable,No,Not Applicable,414,Cash,34,4.6,4.4
2024-07-20 00:28:00,CNR1453164066,Success,CID394880,Prime Plus,Electronic City,JP Nagar,301.0,125.0,Not Applicable,Not Applicable,No,Not Applicable,2966,Cash,32,4.4,4.2
2024-07-18 06:26:00,CNR2473010468,Success,CID803678,Prime Plus,Ulsoor,Kammanahalli,245.0,80.0,Not Applicable,Not Applicable,No,Not Applicable,391,UPI,48,4.4,3.5
2024-07-19 15:23:00,CNR1290329009,Success,CID783173,eBike,Banashankari,JP Nagar,140.0,130.0,Not Applicable,Not Applicable,No,Not Applicable,210,Cash,18,4.1,4.7
2024-07-30 08:18:00,CNR1117025224,Canceled by Customer,CID957555,eBike,Yelahanka,KR Puram,,,Driver is not moving towards pickup location,Not Applicable,Not Applicable,Not Applicable,654,Not Applicable,0,,
2024-07-10 17:57:00,CNR3988170031,Success,CID855415,Prime Sedan,Frazer Town,RT Nagar,126.0,25.0,Not Applicable,Not Applicable,No,Not Applicable,587,Cash,10,4.1,4.7
2024-07-20 21:42:00,CNR9420871934,Canceled by Driver,CID350403,Prime SUV,MG Road,Hebbal,,,Not Applicable,Personal & Car related issue,Not Applicable,Not Applicable,155,Not Applicable,0,,
2024-07-26 06:28:00,CNR5350190823,Success,CID439485,Prime Sedan,Bellandur,JP Nagar,98.0,95.0,Not Applicable,Not Applicable,No,Not Applicable,414,UPI,19,4.1,3.4
2024-07-13 01:09:00,CNR8401560158,Driver Not Found,CID584277,Prime Plus,Majestic,Banashankari,,,Not Applicable,Not Applicable,Not Applicable,Not Applicable,416,Not Applicable,0,,
2024-07-04 20:50:00,CNR5606430664,Success,CID842667,Mini,Hulimavu,HSR Layout,308.0,70.0,Not Applicable,Not Applicable,No,Not Applicable,172,Credit Card,1,4.6,3.2
2024-07-25 14:04:00,CNR3245557478,Success,CID782848,Bike,JP Nagar,JP Nagar,105.0,85.0,Not Applicable,Not Applicable,No,Not Applicable,542,Cash,44,5.0,3.2
2024-07-03 19:57:00,CNR7013636616,Canceled by Driver,CID311271,Bike,Hennur,HSR Layout,,,Not Applicable,Customer related issue,Not Applicable,Not Applicable,264,Not Applicable,0,,
2024-07-15 16:13:00,CNR9740839439,Success,CID736132,Mini,Rajarajeshwari Nagar,Magadi Road,273.0,50.0,Not Applicable,Not Applicable,No,Not Applicable,197,UPI,6,3.2,3.6
2024-07-14 23:40:00,CNR3389422181,Canceled by Customer,CID674449,Mini,Tumkur Road,BTM Layout,,,Driver is not moving towards pickup location,Not Applicable,Not Applicable,Not Applicable,410,Not Applicable,0,,
2024-07-05 07:32:00,CNR8383357993,Success,CID294146,Prime SUV,Padmanabhanagar,Kammanahalli,210.0,105.0,Not Applicable,Not Applicable,No,Not Applicable,254,UPI,1,4.4,4.5
2024-07-07 12:21:00,CNR8601890001,Success,CID720863,Mini,Tumkur Road,Mysore Road,91.0,100.0,Not Applicable,Not Applicable,No,Not Applicable,660,UPI,39,4.6,4.6
2024-07-13 00:04:00,CNR2455979657,Success,CID664630,eBike,Cox Town,Chickpet,91.0,115.0,Not Applicable,Not Applicable,No,Not Applicable,114,UPI,36,3.6,3.4
2024-07-23 20:56:00,CNR4688695898,Success,CID200298,Mini,Cox Town,HSR Layout,42.0,25.0,Not Applicable,Not Applicable,No,Not Applicable,331,Cash,41,4.9,4.1
2024-07-19 14:17:00,CNR7572200486,Canceled by Customer,CID372523,Bike,Yeshwanthpur,Marathahalli,,,Driver is not moving towards pickup location,Not Applicable,Not Applicable,Not Applicable,370,Not Applicable,0,,
2024-07-24 22:29:00,CNR9682064141,Success,CID724419,Mini,Bellandur,Rajarajeshwari Nagar,56.0,90.0,Not Applicable,Not Applicable,No,Not Applicable,2229,Cash,10,4.8,3.2
2024-07-30 04:37:00,CNR9393866137,Success,CID678018,Bike,Electronic City,Langford Town,140.0,50.0,Not Applicable,Not Applicable,No,Not Applicable,125,UPI,9,4.8,4.7
2024-07-16 01:38:00,CNR7091086407,Success,CID908314,Prime SUV,Banashankari,MG Road,35.0,40.0,Not Applicable,Not Applicable,No,Not Applicable,456,Cash,40,4.7,3.0
2024-07-29 18:36:00,CNR8784426246,Canceled by Driver,CID926216,Auto,Peenya,Sarjapur Road,,,Not Applicable,Customer was coughing/sick,Not Applicable,Not Applicable,164,Not Applicable,0,,
2024-07-22 20:23:00,CNR9911439367,Success,CID938652,Bike,Kadugodi,Ulsoor,217.0,55.0,Not Applicable,Not Applicable,No,Not Applicable,388,UPI,25,4.1,3.5
2024-07-19 22:16:00,CNR9209285909,Canceled by Customer,CID417120,eBike,MG Road,Malleshwaram,,,Wrong Address,Not Applicable,Not Applicable,Not Applicable,101,Not Applicable,0,,
2024-07-27 10:46:00,CNR6710021294,Success,CID541632,Bike,Bellandur,Yelahanka,217.0,115.0,Not Applicable,Not Applicable,No,Not Applicable,967,Cash,42,3.3,3.8
2024-07-15 19:59:00,CNR6748080046,Success,CID143066,eBike,HSR Layout,Nagarbhavi,133.0,145.0,Not Applicable,Not Applicable,Yes,Customer Demand,162,Cash,44,4.1,3.1
2024-07-25 17:39:00,CNR8470202011,Success,CID711168,eBike,Varthur,Rajajinagar,147.0,90.0,Not Applicable,Not Applicable,No,Not Applicable,476,Cash,10,3.1,4.0
2024-07-09 02:55:00,CNR1829895167,Canceled by Customer,CID113519,Mini,Vijayanagar,Shantinagar,,,Wrong Address,Not Applicable,Not Applicable,Not Applicable,381,Not Applicable,0,,
2024-07-09 20:03:00,CNR8109487458,Canceled by Customer,CID368467,Auto,Banashankari,Ulsoor,,,Driver is not moving towards pickup location,Not Applicable,Not Applicable,Not Applicable,185,Not Applicable,0,,
2024-07-07 16:48:00,CNR9850007390,Success,CID401320,Bike,Ulsoor,KR Puram,252.0,70.0,Not Applicable,Not Applicable,No,Not Applicable,323,Cash,4,3.7,3.3
2024-07-09 23:58:00,CNR7298947963,Success,CID519147,Bike,Hebbal,Marathahalli,98.0,140.0,Not Applicable,Not Applicable,No,Not Applicable,119,Cash,13,4.8,3.8
2024-07-17 00:39:00,CNR6161817860,Driver Not Found,CID144926,Prime SUV,Devanahalli,Whitefield,,,Not Applicable,Not Applicable,Not Applicable,Not Applicable,190,Not Applicable,0,,
2024-07-16 12:24:00,CNR5804487194,Success,CID690244,Mini,Magadi Road,HSR Layout,126.0,135.0,Not Applicable,Not Applicable,No,Not Applicable,171,Cash,46,3.8,3.8
2024-07-02 23:04:00,CNR9336873759,Success,CID958739,Prime Sedan,Whitefield,Tumkur Road,294.0,80.0,Not Applicable,Not Applicable,No,Not Applicable,884,Cash,1,4.8,4.8
2024-07-16 02:14:00,CNR1771159837,Success,CID921503,Prime Plus,Rajarajeshwari Nagar,Marathahalli,119.0,110.0,Not Applicable,Not Applicable,No,Not Applicable,224,UPI,47,3.9,4.5
2024-07-28 03:26:00,CNR2178332763,Driver Not Found,CID616258,eBike,RT Nagar,Frazer Town,,,Not Applicable,Not Applicable,Not Applicable,Not Applicable,282,Not Applicable,0,,
2024-07-29 23:56:00,CNR1092226655,Driver Not Found,CID358433,Prime Plus,Malleshwaram,Indiranagar,,,Not Applicable,Not Applicable,Not Applicable,Not Applicable,670,Not Applicable,0,,
2024-07-09 03:11:00,CNR1441812234,Canceled by Driver,CID315319,Auto,BTM Layout,Magadi Road,,,Not Applicable,More than permitted people in there,Not Applicable,Not Applicable,569,Not Applicable,0,,
2024-07-05 20:57:00,CNR5767627632,Success,CID527078,eBike,Mysore Road,Nagarbhavi,308.0,55.0,Not Applicable,Not Applicable,No,Not Applicable,144,Cash,21,4.0,4.7
2024-07-01 16:40:00,CNR5911900960,Canceled by Driver,CID455787,Mini,Hebbal,Kammanahalli,,,Not Applicable,Customer was coughing/sick,Not Applicable,Not Applicable,272,Not Applicable,0,,
2024-07-08 23:40:00,CNR5855368071,Canceled by Driver,CID504641,Auto,Marathahalli,Mysore Road,,,Not Applicable,Customer was coughing/sick,Not Applicable,Not Applicable,185,Not Applicable,0,,
2024-07-19 04:49:00,CNR5879497438,Success,CID552799,Auto,Basavanagudi,Koramangala,203.0,125.0,Not Applicable,Not Applicable,No,Not Applicable,374,Cash,6,3.4,3.2
2024-07-17 20:38:00,CNR1640327196,Canceled by Driver,CID666357,Prime Plus,Devanahalli,Hosur Road,,,Not Applicable,Personal & Car related issue,Not Applicable,Not Applicable,971,Not Applicable,0,,
2024-07-01 11:37:00,CNR1379378362,Success,CID865822,Prime Plus,Bannerghatta Road,Yeshwanthpur,252.0,85.0,Not Applicable,Not Applicable,No,Not Applicable,108,Cash,15,4.9,4.0
2024-07-25 09:57:00,CNR4940200413,Success,CID677698,Prime Sedan,Rajajinagar,Cox Town,161.0,85.0,Not Applicable,Not Applicable,No,Not Applicable,737,UPI,31,3.5,3.8
2024-07-10 18:46:00,CNR8066303062,Success,CID484665,Prime SUV,Bellandur,Marathahalli,182.0,75.0,Not Applicable,Not Applicable,No,Not Applicable,258,Cash,37,4.0,3.7
2024-07-07 10:40:00,CNR1482653552,Canceled by Customer,CID806656,Auto,Banashankari,Chamarajpet,,,Driver asked to cancel,Not Applicable,Not Applicable,Not Applicable,293,Not Applicable,0,,
2024-07-20 08:58:00,CNR9562893690,Success,CID374502,Bike,Shivajinagar,Yeshwanthpur,231.0,80.0,Not Applicable,Not Applicable,No,Not Applicable,164,UPI,32,3.1,3.9
2024-07-04 14:51:00,CNR1600913810,Success,CID506437,Auto,JP Nagar,Ramamurthy Nagar,133.0,25.0,Not Applicable,Not Applicable,No,Not Applicable,319,Cash,1,3.2,5.0
2024-07-21 01:01:00,CNR8970077580,Canceled by Driver,CID649554,Bike,Sarjapur Road,Malleshwaram,,,Not Applicable,Personal & Car related issue,Not Applicable,Not Applicable,350,Not Applicable,0,,
2024-07-14 19:03:00,CNR3830242127,Success,CID894083,Prime Plus,Chamarajpet,Koramangala,308.0,40.0,Not Applicable,Not Applicable,No,Not Applicable,102,Cash,12,4.6,3.5
2024-07-19 23:07:00,CNR1695559829,Success,CID418934,Prime Plus,BTM Layout,Basavanagudi,70.0,65.0,Not Applicable,Not Applicable,No,Not Applicable,101,Cash,40,3.3,3.3
2024-07-03 10:32:00,CNR8377582465,Canceled by Driver,CID269847,Prime Sedan,Ulsoor,Majestic,,,Not Applicable,Customer related issue,Not Applicable,Not Applicable,254,Not Applicable,0,,
2024-07-24 10:28:00,CNR6803133541,Driver Not Found,CID901968,Mini,Shantinagar,Hennur,,,Not Applicable,Not Applicable,Not Applicable,Not Applicable,381,Not Applicable,0,,
2024-07-02 00:55:00,CNR7853498237,Driver Not Found,CID205560,eBike,Shivajinagar,Yelahanka,,,Not Applicable,Not Applicable,Not Applicable,Not Applicable,182,Not Applicable,0,,
2024-07-15 14:46:00,CNR2400110304,Success,CID970069,Mini,Sahakar Nagar,Whitefield,308.0,55.0,Not Applicable,Not Applicable,No,Not Applicable,931,Cash,11,3.8,3.3
2024-07-07 00:10:00,CNR3735968927,Success,CID117979,Prime SUV,BTM Layout,HSR Layout,105.0,90.0,Not Applicable,Not Applicable,No,Not Applicable,2036,UPI,47,4.9,4.8
2024-07-18 05:15:00,CNR6006343254,Success,CID120968,Prime Sedan,Shantinagar,Kadugodi,119.0,120.0,Not Applicable,Not Applicable,Yes,Other Issue,243,UPI,48,4.7,4.4
2024-07-14 19:02:00,CNR2667885802,Success,CID360330,Prime Sedan,Hennur,Malleshwaram,112.0,35.0,Not Applicable,Not Applicable,No,Not Applicable,314,UPI,9,4.9,4.8
2024-07-06 15:44:00,CNR7794232248,Success,CID179226,Prime Sedan,Shivajinagar,Bannerghatta Road,147.0,105.0,Not Applicable,Not Applicable,No,Not Applicable,600,Cash,14,3.5,3.9
2024-07-26 13:56:00,CNR2915717530,Success,CID351409,Bike,KR Puram,Hennur,105.0,95.0,Not Applicable,Not Applicable,No,Not Applicable,441,Cash,46,3.5,4.7
2024-07-11 23:38:00,CNR1540044841,Success,CID871702,Prime Plus,Rajajinagar,Ramamurthy Nagar,196.0,75.0,Not Applicable,Not Applicable,No,Not Applicable,397,Cash,8,5.0,3.3
2024-07-12 08:32:00,CNR4025275263,Success,CID338372,eBike,Koramangala,Langford Town,70.0,25.0,Not Applicable,Not Applicable,No,Not Applicable,266,Cash,39,3.2,4.7
2024-07-11 16:22:00,CNR9804916430,Success,CID219527,Prime Sedan,Sahakar Nagar,Vijayanagar,161.0,80.0,Not Applicable,Not Applicable,No,Not Applicable,277,Credit Card,43,3.4,4.1
2024-07-12 22:25:00,CNR7481782128,Success,CID911881,Mini,RT Nagar,HSR Layout,231.0,25.0,Not Applicable,Not Applicable,No,Not Applicable,690,Cash,48,3.6,3.2
2024-07-04 18:10:00,CNR5044690430,Success,CID282260,Bike,Hosur Road,Jayanagar,49.0,75.0,Not Applicable,Not Applicable,No,Not Applicable,701,Cash,12,4.2,4.9
2024-07-20 08:04:00,CNR1963482431,Canceled by Driver,CID715993,Auto,Jayanagar,Yeshwanthpur,,,Not Applicable,More than permitted people in there,Not Applicable,Not Applicable,467,Not Applicable,0,,
2024-07-27 14:23:00,CNR5087658925,Canceled by Driver,CID981983,Auto,Majestic,Shantinagar,,,Not Applicable,Customer related issue,Not Applicable,Not Applicable,162,Not Applicable,0,,
2024-07-18 22:07:00,CNR8881171058,Canceled by Driver,CID692149,Mini,MG Road,Ramamurthy Nagar,,,Not Applicable,Customer related issue,Not Applicable,Not Applicable,424,Not Applicable,0,,
2024-07-10 11:46:00,CNR5953472048,Canceled by Driver,CID774973,Prime Plus,Langford Town,KR Puram,,,Not Applicable,Customer was coughing/sick,Not Applicable,Not Applicable,725,Not Applicable,0,,
2024-07-22 00:39:00,CNR8723076321,Canceled by Driver,CID431715,eBike,Frazer Town,Bellandur,,,Not Applicable,Customer was coughing/sick,Not Applicable,Not Applicable,292,Not Applicable,0,,
2024-07-27 04:30:00,CNR9588533042,Success,CID716605,Prime Plus,Marathahalli,KR Puram,217.0,90.0,Not Applicable,Not Applicable,No,Not Applicable,429,Cash,49,4.3,4.5
2024-07-21 05:31:00,CNR3455090935,Success,CID207299,eBike,Jayanagar,Kengeri,147.0,110.0,Not Applicable,Not Applicable,No,Not Applicable,2312,UPI,4,4.4,4.7
2024-07-04 23:53:00,CNR1110240614,Success,CID511108,eBike,Basavanagudi,Frazer Town,119.0,120.0,Not Applicable,Not Applicable,No,Not Applicable,201,Cash,25,3.2,4.6
2024-07-15 02:36:00,CNR4095627860,Canceled by Driver,CID734320,Prime Sedan,Indiranagar,RT Nagar,,,Not Applicable,Personal & Car related issue,Not Applicable,Not Applicable,167,Not Applicable,0,,
2024-07-04 10:44:00,CNR5634626584,Canceled by Driver,CID388418,Mini,Richmond Town,MG Road,,,Not Applicable,More than permitted people in there,Not Applicable,Not Applicable,2742,Not Applicable,0,,
2024-07-09 02:24:00,CNR8406229628,Success,CID772192,eBike,Hulimavu,Hosur Road,161.0,30.0,Not Applicable,Not Applicable,No,Not Applicable,132,Cash,26,3.6,3.7
2024-07-30 15:38:00,CNR3984841331,Success,CID199481,Auto,KR Puram,HSR Layout,56.0,40.0,Not Applicable,Not Applicable,No,Not Applicable,573,Cash,3,3.1,3.2
2024-07-13 11:02:00,CNR1142208652,Success,CID188220,Mini,Kengeri,Jayanagar,98.0,115.0,Not Applicable,Not Applicable,No,Not Applicable,735,UPI,22,3.8,4.1
2024-07-19 18:44:00,CNR7282130626,Success,CID674294,Auto,Basavanagudi,Malleshwaram,56.0,55.0,Not Applicable,Not Applicable,Yes,Vehicle Breakdown,224,UPI,17,4.8,3.1
2024-07-25 22:45:00,CNR4661935635,Success,CID368774,Prime Plus,Peenya,Langford Town,56.0,50.0,Not Applicable,Not Applicable,No,Not Applicable,932,Cash,37,3.6,3.9
2024-07-20 16:10:00,CNR6976267778,Success,CID883352,Prime Sedan,Padmanabhanagar,Basavanagudi,112.0,135.0,Not Applicable,Not Applicable,No,Not Applicable,1154,Cash,47,4.4,4.6
2024-07-29 15:19:00,CNR9224723972,Driver Not Found,CID254099,Mini,Hennur,Ulsoor,,,Not Applicable,Not Applicable,Not Applicable,Not Applicable,311,Not Applicable,0,,
2024-07-30 12:09:00,CNR5121909476,Success,CID940012,Auto,Whitefield,Frazer Town,49.0,110.0,Not Applicable,Not Applicable,No,Not Applicable,139,Credit Card,13,4.5,3.6
2024-07-23 19:11:00,CNR8634642799,Success,CID880603,Mini,Ramamurthy Nagar,Sarjapur Road,196.0,25.0,Not Applicable,Not Applicable,No,Not Applicable,375,UPI,35,4.6,4.5
2024-07-23 23:39:00,CNR1506664509,Canceled by Driver,CID412727,eBike,Padmanabhanagar,Electronic City,,,Not Applicable,Customer related issue,Not Applicable,Not Applicable,101,Not Applicable,0,,
2024-07-28 17:57:00,CNR1958607123,Success,CID347272,eBike,Bellandur,Basavanagudi,210.0,95.0,Not Applicable,Not Applicable,No,Not Applicable,849,Cash,2,3.7,3.8
2024-07-23 08:22:00,CNR9800371696,Canceled by Driver,CID619859,Prime Plus,Ramamurthy Nagar,Tumkur Road,,,Not Applicable,Personal & Car related issue,Not Applicable,Not Applicable,268,Not Applicable,0,,
2024-07-20 19:22:00,CNR1036960141,Driver Not Found,CID604113,Prime Plus,KR Puram,Indiranagar,,,Not Applicable,Not Applicable,Not Applicable,Not Applicable,233,Not Applicable,0,,
2024-07-10 21:41:00,CNR9111641870,Driver Not Found,CID626555,eBike,RT Nagar,Richmond Town,,,Not Applicable,Not Applicable,Not Applicable,Not Applicable,772,Not Applicable,0,,
2024-07-03 00:38:00,CNR7653641916,Canceled by Driver,CID441580,Bike,Magadi Road,Rajarajeshwari Nagar,,,Not Applicable,Customer was coughing/sick,Not Applicable,Not Applicable,486,Not Applicable,0,,
2024-07-11 14:26:00,CNR2337981554,Canceled by Customer,CID982698,Prime Sedan,Hennur,Kadugodi,,,Wrong Address,Not Applicable,Not Applicable,Not Applicable,842,Not Applicable,0,,
2024-07-21 21:10:00,CNR5605937993,Canceled by Driver,CID221904,eBike,Electronic City,Langford Town,,,Not Applicable,Personal & Car related issue,Not Applicable,Not Applicable,218,Not Applicable,0,,
2024-07-26 06:32:00,CNR4741652889,Success,CID257968,Bike,Shivajinagar,Nagarbhavi,133.0,125.0,Not Applicable,Not Applicable,No,Not Applicable,343,UPI,33,3.9,4.5
2024-07-24 03:58:00,CNR9583026954,Success,CID109848,eBike,Devanahalli,Kadugodi,147.0,70.0,Not Applicable,Not Applicable,No,Not Applicable,398,Cash,18,3.1,3.7
2024-07-11 08:23:00,CNR3826119880,Success,CID430578,Prime Plus,Yeshwanthpur,Electronic City,217.0,60.0,Not Applicable,Not Applicable,No,Not Applicable,707,Cash,32,3.1,3.5
2024-07-29 20:26:00,CNR4717166818,Canceled by Driver,CID485096,Auto,Nagarbhavi,Richmond Town,,,Not Applicable,Customer related issue,Not Applicable,Not Applicable,472,Not Applicable,0,,
2024-07-02 07:41:00,CNR8920678128,Success,CID312696,Prime Sedan,Hebbal,Marathahalli,259.0,120.0,Not Applicable,Not Applicable,No,Not Applicable,410,UPI,16,3.3,3.6
2024-07-10 16:21:00,CNR5626393104,Driver Not Found,CID782576,Bike,Hosur Road,Kengeri,,,Not Applicable,Not Applicable,Not Applicable,Not Applicable,392,Not Applicable,0,,
2024-07-19 21:37:00,CNR4056789536,Success,CID932746,Auto,Magadi Road,Richmond Town,280.0,25.0,Not Applicable,Not Applicable,No,Not Applicable,980,Cash,14,3.2,4.2
2024-07-30 00:51:00,CNR4525175593,Success,CID403813,Bike,Koramangala,Rajarajeshwari Nagar,140.0,95.0,Not Applicable,Not Applicable,No,Not Applicable,369,Cash,10,3.9,3.8
2024-07-08 06:13:00,CNR1069416265,Canceled by Customer,CID458106,Mini,Hosur Road,Sarjapur Road,,,Driver is not moving towards pickup location,Not Applicable,Not Applicable,Not Applicable,412,Not Applicable,0,,
2024-07-19 19:38:00,CNR2026060284,Success,CID728059,Bike,Shivajinagar,RT Nagar,42.0,60.0,Not Applicable,Not Applicable,No,Not Applicable,489,Cash,37,4.9,4.7
2024-07-14 06:22:00,CNR9383967287,Success,CID680837,Auto,Peenya,Basavanagudi,182.0,125.0,Not Applicable,Not Applicable,No,Not Applicable,942,Cash,12,3.4,4.0
2024-07-02 20:19:00,CNR2493002635,Canceled by Driver,CID403854,Prime Plus,Kammanahalli,Chamarajpet,,,Not Applicable,Personal & Car related issue,Not Applicable,Not Applicable,429,Not Applicable,0,,
2024-07-16 10:38:00,CNR8591859255,Success,CID699397,Auto,KR Puram,Ramamurthy Nagar,105.0,90.0,Not Applicable,Not Applicable,No,Not Applicable,556,Cash,4,4.8,3.6
2024-07-13 21:32:00,CNR5536460787,Driver Not Found,CID634973,eBike,Hennur,Tumkur Road,,,Not Applicable,Not Applicable,Not Applicable,Not Applicable,770,Not Applicable,0,,
2024-07-25 23:01:00,CNR8617244113,Success,CID476904,Bike,Shantinagar,BTM Layout,189.0,60.0,Not Applicable,Not Applicable,No,Not Applicable,176,Cash,17,3.6,4.5
2024-07-22 20:08:00,CNR4486565882,Success,CID232278,Prime Plus,Cox Town,BTM Layout,98.0,25.0,Not Applicable,Not Applicable,No,Not Applicable,478,UPI,32,3.5,4.7
2024-07-07 17:54:00,CNR7206287570,Canceled by Customer,CID931680,Bike,Tumkur Road,Yelahanka,,,Change of plans,Not Applicable,Not Applicable,Not Applicable,303,Not Applicable,0,,
2024-07-22 10:56:00,CNR9959496032,Success,CID906671,Mini,Ramamurthy Nagar,Mysore Road,70.0,95.0,Not Applicable,Not Applicable,No,Not Applicable,151,Cash,18,4.6,3.8
2024-07-07 00:56:00,CNR4781439935,Driver Not Found,CID227133,Prime Plus,Devanahalli,Bannerghatta Road,,,Not Applicable,Not Applicable,Not Applicable,Not Applicable,435,Not Applicable,0,,
2024-07-24 09:40:00,CNR7978059009,Success,CID874469,Bike,Mysore Road,RT Nagar,280.0,100.0,Not Applicable,Not Applicable,No,Not Applicable,943,Cash,37,3.3,4.4
2024-07-02 00:07:00,CNR1870862290,Success,CID769513,Auto,Tumkur Road,HSR Layout,98.0,60.0,Not Applicable,Not Applicable,No,Not Applicable,467,UPI,8,3.9,4.5
2024-07-06 10:33:00,CNR4434370091,Success,CID886807,Prime Sedan,Chamarajpet,Richmond Town,301.0,145.0,Not Applicable,Not Applicable,No,Not Applicable,368,UPI,31,4.4,3.7
2024-07-13 04:02:00,CNR6429308487,Success,CID111930,Prime SUV,KR Puram,Hosur Road,56.0,115.0,Not Applicable,Not Applicable,No,Not Applicable,238,Cash,6,3.8,3.9
2024-07-10 14:27:00,CNR7872089254,Canceled by Driver,CID495686,eBike,Kadugodi,Hosur Road,,,Not Applicable,More than permitted people in there,Not Applicable,Not Applicable,182,Not Applicable,0,,
2024-07-22 04:27:00,CNR6502010960,Success,CID654579,Prime SUV,Rajarajeshwari Nagar,Electronic City,273.0,25.0,Not Applicable,Not Applicable,No,Not Applicable,255,Cash,2,3.5,4.7
2024-07-17 18:03:00,CNR5094369512,Driver Not Found,CID980193,Prime SUV,Frazer Town,Ramamurthy Nagar,,,Not Applicable,Not Applicable,Not Applicable,Not Applicable,592,Not Applicable,0,,
2024-07-07 20:24:00,CNR5760304203,Success,CID964314,Prime Sedan,Frazer Town,Peenya,119.0,100.0,Not Applicable,Not Applicable,No,Not Applicable,2484,UPI,22,4.2,4.8
2024-07-01 01:43:00,CNR4387778596,Success,CID264856,Bike,Banashankari,Magadi Road,112.0,145.0,Not Applicable,Not Applicable,No,Not Applicable,863,Credit Card,15,3.0,4.5
2024-07-18 17:32:00,CNR4912261600,Success,CID181788,Prime Sedan,MG Road,Hennur,133.0,120.0,Not Applicable,Not Applicable,No,Not Applicable,395,Cash,27,3.2,4.1
2024-07-13 01:09:00,CNR3971290438,Canceled by Driver,CID721955,Bike,HSR Layout,Basavanagudi,,,Not Applicable,Customer related issue,Not Applicable,Not Applicable,554,Not Applicable,0,,
2024-07-21 14:47:00,CNR1675912241,Success,CID851156,Prime Plus,BTM Layout,Whitefield,203.0,90.0,Not Applicable,Not Applicable,Yes,Vehicle Breakdown,205,Cash,9,3.9,4.7
2024-07-02 07:29:00,CNR8688543753,Success,CID781843,Prime SUV,Sarjapur Road,Hebbal,238.0,85.0,Not Applicable,Not Applicable,No,Not Applicable,145,UPI,29,4.9,3.8
2024-07-15 19:07:00,CNR2740356611,Success,CID106791,Mini,BTM Layout,Malleshwaram,308.0,85.0,Not Applicable,Not Applicable,No,Not Applicable,155,Cash,23,4.2,4.0
2024-07-05 04:06:00,CNR9394254058,Success,CID480725,Prime SUV,Yeshwanthpur,Banashankari,133.0,105.0,Not Applicable,Not Applicable,No,Not Applicable,210,UPI,36,4.8,5.0
2024-07-04 16:26:00,CNR8887142341,Canceled by Driver,CID407684,Prime SUV,Yelahanka,Tumkur Road,,,Not Applicable,More than permitted people in there,Not Applicable,Not Applicable,131,Not Applicable,0,,
2024-07-04 17:00:00,CNR1466104525,Canceled by Driver,CID548126,Prime Plus,Kengeri,Richmond Town,,,Not Applicable,Customer related issue,Not Applicable,Not Applicable,322,Not Applicable,0,,
2024-07-21 20:00:00,CNR3384199228,Success,CID530073,Prime Plus,Richmond Town,Frazer Town,77.0,25.0,Not Applicable,Not Applicable,No,Not Applicable,1178,Cash,4,3.7,3.3
2024-07-28 01:03:00,CNR8679062099,Success,CID486109,Bike,MG Road,Marathahalli,210.0,115.0,Not Applicable,Not Applicable,No,Not Applicable,935,UPI,38,4.6,4.3
2024-07-24 13:14:00,CNR9091102298,Success,CID428104,Prime Plus,Bannerghatta Road,Hulimavu,266.0,55.0,Not Applicable,Not Applicable,No,Not Applicable,346,Cash,42,4.7,4.0
2024-07-30 11:23:00,CNR3341667752,Success,CID524597,Prime Plus,Tumkur Road,Koramangala,287.0,35.0,Not Applicable,Not Applicable,No,Not Applicable,462,Cash,8,3.2,3.2
2024-07-23 11:51:00,CNR4111112821,Success,CID657097,Auto,Kengeri,Chamarajpet,259.0,50.0,Not Applicable,Not Applicable,No,Not Applicable,469,UPI,4,4.7,4.1
2024-07-29 04:49:00,CNR8995679858,Success,CID266297,Auto,Sarjapur Road,Indiranagar,182.0,45.0,Not Applicable,Not Applicable,No,Not Applicable,155,Cash,8,3.3,3.8
2024-07-23 15:14:00,CNR6117169227,Canceled by Driver,CID310806,Prime Plus,Electronic City,Magadi Road,,,Not Applicable,More than permitted people in there,Not Applicable,Not Applicable,144,Not Applicable,0,,
2024-07-19 18:14:00,CNR1286680901,Success,CID182054,Prime SUV,Tumkur Road,Hosur Road,49.0,100.0,Not Applicable,Not Applicable,No,Not Applicable,227,Cash,21,3.2,3.3
2024-07-11 19:45:00,CNR7032169351,Success,CID939173,Prime Plus,MG Road,Cox Town,273.0,35.0,Not Applicable,Not Applicable,No,Not Applicable,393,Cash,9,5.0,3.2
2024-07-18 20:52:00,CNR9930462203,Canceled by Customer,CID650416,Prime SUV,Whitefield,Peenya,,,Change of plans,Not Applicable,Not Applicable,Not Applicable,427,Not Applicable,0,,
2024-07-05 09:52:00,CNR9670082934,Canceled by Driver,CID904870,Prime Plus,Bannerghatta Road,Marathahalli,,,Not Applicable,Personal & Car related issue,Not Applicable,Not Applicable,350,Not Applicable,0,,
2024-07-01 12:18:00,CNR8844366389,Canceled by Driver,CID932627,Auto,Marathahalli,Chickpet,,,Not Applicable,Customer related issue,Not Applicable,Not Applicable,744,Not Applicable,0,,
2024-07-21 21:52:00,CNR8115695312,Success,CID361169,Mini,Kadugodi,Richmond Town,63.0,95.0,Not Applicable,Not Applicable,No,Not Applicable,380,Cash,45,3.6,4.9
2024-07-03 04:47:00,CNR8354842912,Success,CID618377,Prime SUV,Malleshwaram,BTM Layout,259.0,115.0,Not Applicable,Not Applicable,No,Not Applicable,403,Cash,21,4.4,3.4
2024-07-07 16:27:00,CNR9340988842,Success,CID578809,Auto,Chamarajpet,Richmond Town,217.0,55.0,Not Applicable,Not Applicable,No,Not Applicable,804,Cash,13,4.9,4.5
2024-07-12 04:49:00,CNR7891274446,Canceled by Driver,CID998219,Mini,Kadugodi,JP Nagar,,,Not Applicable,Personal & Car related issue,Not Applicable,Not Applicable,963,Not Applicable,0,,
2024-07-17 16:55:00,CNR7447347382,Success,CID636524,Bike,Langford Town,Majestic,154.0,35.0,Not Applicable,Not Applicable,Yes,Vehicle Breakdown,1346,Cash,6,4.4,4.1
2024-07-14 22:01:00,CNR2154708341,Success,CID147359,Prime SUV,Hulimavu,Bellandur,161.0,135.0,Not Applicable,Not Applicable,No,Not Applicable,152,Cash,38,3.5,3.4
2024-07-20 07:53:00,CNR7957351258,Success,CID584665,Prime Plus,Jayanagar,Nagarbhavi,35.0,65.0,Not Applicable,Not Applicable,No,Not Applicable,384,UPI,14,4.4,4.8
2024-07-29 07:20:00,CNR4819666472,Canceled by Driver,CID904474,Auto,Majestic,Malleshwaram,,,Not Applicable,More than permitted people in there,Not Applicable,Not Applicable,332,Not Applicable,0,,
2024-07-25 02:56:00,CNR7442749638,Success,CID871424,eBike,Kammanahalli,Hulimavu,252.0,60.0,Not Applicable,Not Applicable,No,Not Applicable,481,UPI,17,4.0,3.4
2024-07-16 13:44:00,CNR1420857288,Success,CID588209,Prime SUV,Bellandur,Mysore Road,224.0,60.0,Not Applicable,Not Applicable,No,Not Applicable,2868,UPI,41,4.6,3.8
2024-07-06 02:16:00,CNR8117078257,Canceled by Customer,CID288575,Prime SUV,Rajarajeshwari Nagar,Magadi Road,,,AC is Not working,Not Applicable,Not Applicable,Not Applicable,2575,Not Applicable,0,,
2024-07-23 10:46:00,CNR4298649783,Success,CID229611,eBike,Basavanagudi,Cox Town,63.0,85.0,Not Applicable,Not Applicable,No,Not Applicable,229,Cash,5,3.3,4.9
2024-07-19 21:41:00,CNR6605456182,Canceled by Driver,CID135011,eBike,Yeshwanthpur,Electronic City,,,Not Applicable,Personal & Car related issue,Not Applicable,Not Applicable,335,Not Applicable,0,,
2024-07-14 10:57:00,CNR7819587525,Success,CID424453,Auto,Ulsoor,Richmond Town,49.0,125.0,Not Applicable,Not Applicable,No,Not Applicable,1152,UPI,19,3.3,4.0
2024-07-03 13:53:00,CNR2387249510,Success,CID817934,Prime SUV,Langford Town,Sarjapur Road,98.0,80.0,Not Applicable,Not Applicable,No,Not Applicable,235,UPI,41,4.9,4.7
2024-07-17 23:38:00,CNR1553879726,Success,CID575496,Prime Sedan,Shivajinagar,Kammanahalli,126.0,85.0,Not Applicable,Not Applicable,No,Not Applicable,982,UPI,49,4.3,4.9
2024-07-09 22:32:00,CNR8114732080,Success,CID126564,Prime Sedan,Banashankari,Shantinagar,217.0,120.0,Not Applicable,Not Applicable,No,Not Applicable,158,Cash,2,3.1,4.6
2024-07-03 17:29:00,CNR5366063097,Success,CID542998,Prime Plus,Mysore Road,HSR Layout,259.0,125.0,Not Applicable,Not Applicable,No,Not Applicable,339,Cash,40,4.6,4.6
2024-07-19 12:43:00,CNR2556697483,Success,CID188230,Auto,Whitefield,Devanahalli,112.0,120.0,Not Applicable,Not Applicable,No,Not Applicable,421,Cash,16,4.0,4.2
2024-07-01 13:58:00,CNR6410411656,Success,CID600996,Mini,Chamarajpet,Hebbal,175.0,105.0,Not Applicable,Not Applicable,Yes,Vehicle Breakdown,355,Cash,37,4.7,4.0
2024-07-14 08:58:00,CNR5195836125,Success,CID756315,Prime Sedan,Richmond Town,Devanahalli,42.0,125.0,Not Applicable,Not Applicable,No,Not Applicable,471,Cash,36,4.2,4.4
2024-07-19 12:38:00,CNR8924247097,Success,CID733766,Prime Sedan,Sarjapur Road,Padmanabhanagar,70.0,40.0,Not Applicable,Not Applicable,No,Not Applicable,147,UPI,45,3.3,4.5
2024-07-15 23:13:00,CNR4754032527,Success,CID668779,Prime Sedan,Peenya,Vijayanagar,294.0,65.0,Not Applicable,Not Applicable,No,Not Applicable,794,UPI,13,4.9,4.8
2024-07-27 14:10:00,CNR6167922743,Driver Not Found,CID939127,Bike,Frazer Town,Shivajinagar,,,Not Applicable,Not Applicable,Not Applicable,Not Applicable,192,Not Applicable,0,,
2024-07-24 14:47:00,CNR1564184171,Success,CID649044,Auto,Hebbal,Langford Town,168.0,65.0,Not Applicable,Not Applicable,No,Not Applicable,475,Cash,3,3.6,3.9
2024-07-20 20:07:00,CNR5498715076,Success,CID222547,Mini,Bellandur,Marathahalli,231.0,115.0,Not Applicable,Not Applicable,No,Not Applicable,213,Cash,15,4.0,4.5
2024-07-30 21:45:00,CNR9859173170,Success,CID281696,eBike,Mysore Road,Magadi Road,119.0,75.0,Not Applicable,Not Applicable,No,Not Applicable,264,Cash,22,3.1,4.5
2024-07-09 22:48:00,CNR2500827815,Success,CID471087,Prime Sedan,Ulsoor,Ulsoor,112.0,40.0,Not Applicable,Not Applicable,Yes,Customer Demand,186,Cash,2,4.0,3.2
2024-07-15 03:10:00,CNR2934187163,Success,CID240331,Auto,Mysore Road,Ulsoor,252.0,35.0,Not Applicable,Not Applicable,No,Not Applicable,1117,UPI,2,4.9,3.2
2024-07-16 19:11:00,CNR3567452902,Driver Not Found,CID983342,Prime SUV,Indiranagar,Vijayanagar,,,Not Applicable,Not Applicable,Not Applicable,Not Applicable,388,Not Applicable,0,,
2024-07-11 02:09:00,CNR6358335233,Success,CID637898,Bike,Sarjapur Road,Bannerghatta Road,280.0,70.0,Not Applicable,Not Applicable,No,Not Applicable,242,UPI,32,4.9,3.1
2024-07-15 06:33:00,CNR8106047114,Canceled by Customer,CID710178,Auto,Hulimavu,Magadi Road,,,AC is Not working,Not Applicable,Not Applicable,Not Applicable,2511,Not Applicable,0,,
2024-07-17 20:03:00,CNR8302505342,Canceled by Customer,CID742983,Prime Sedan,Langford Town,Shantinagar,,,Change of plans,Not Applicable,Not Applicable,Not Applicable,2036,Not Applicable,0,,
2024-07-15 17:01:00,CNR1837968167,Success,CID646302,Prime Plus,Rajajinagar,Ramamurthy Nagar,266.0,90.0,Not Applicable,Not Applicable,No,Not Applicable,288,Cash,38,3.3,3.7
2024-07-14 19:05:00,CNR8115249957,Success,CID230916,Prime Plus,KR Puram,Ramamurthy Nagar,266.0,35.0,Not Applicable,Not Applicable,No,Not Applicable,654,Cash,4,3.8,4.4
2024-07-21 10:18:00,CNR3687592090,Canceled by Customer,CID490070,Prime Plus,Varthur,HSR Layout,,,Driver asked to cancel,Not Applicable,Not Applicable,Not Applicable,2304,Not Applicable,0,,
2024-07-10 23:05:00,CNR7464999416,Success,CID595921,Prime SUV,Hennur,Peenya,70.0,135.0,Not Applicable,Not Applicable,No,Not Applicable,247,Cash,13,3.3,3.7
2024-07-15 20:50:00,CNR6170269783,Success,CID204471,Prime Sedan,Malleshwaram,RT Nagar,154.0,70.0,Not Applicable,Not Applicable,No,Not Applicable,1868,UPI,44,3.9,4.9
2024-07-13 21:47:00,CNR1210259962,Success,CID141104,Auto,Kammanahalli,Ulsoor,308.0,100.0,Not Applicable,Not Applicable,No,Not Applicable,337,UPI,8,3.0,5.0
2024-07-21 18:36:00,CNR9065124394,Success,CID300289,Prime Plus,HSR Layout,Frazer Town,182.0,25.0,Not Applicable,Not Applicable,No,Not Applicable,152,UPI,33,4.3,4.5
2024-07-12 13:39:00,CNR8431247127,Success,CID588584,Auto,Peenya,Rajajinagar,287.0,70.0,Not Applicable,Not Applicable,No,Not Applicable,152,UPI,15,3.4,4.7
2024-07-08 19:29:00,CNR9017545169,Canceled by Customer,CID328704,Bike,Koramangala,RT Nagar,,,Change of plans,Not Applicable,Not Applicable,Not Applicable,1181,Not Applicable,0,,
2024-07-15 12:57:00,CNR7649759603,Driver Not Found,CID296754,Prime SUV,Basavanagudi,Tumkur Road,,,Not Applicable,Not Applicable,Not Applicable,Not Applicable,477,Not Applicable,0,,
2024-07-03 02:36:00,CNR8453475040,Success,CID757256,Mini,Hulimavu,Hebbal,35.0,80.0,Not Applicable,Not Applicable,No,Not Applicable,596,UPI,46,5.0,3.0
2024-07-25 01:21:00,CNR8680151364,Success,CID110747,Auto,BTM Layout,Peenya,105.0,120.0,Not Applicable,Not Applicable,No,Not Applicable,473,UPI,14,3.2,3.3
2024-07-17 13:14:00,CNR6493283443,Success,CID872303,eBike,Malleshwaram,Ramamurthy Nagar,119.0,85.0,Not Applicable,Not Applicable,No,Not Applicable,472,UPI,44,3.0,3.6
2024-07-01 12:52:00,CNR4114807484,Canceled by Customer,CID421715,Mini,Richmond Town,KR Puram,,,Driver asked to cancel,Not Applicable,Not Applicable,Not Applicable,294,Not Applicable,0,,
2024-07-23 01:09:00,CNR4458573384,Success,CID203636,Prime Plus,Sahakar Nagar,Mysore Road,35.0,125.0,Not Applicable,Not Applicable,No,Not Applicable,296,UPI,13,4.3,4.1
2024-07-01 07:57:00,CNR3944833442,Success,CID271768,Auto,Rajajinagar,Electronic City,245.0,55.0,Not Applicable,Not Applicable,No,Not Applicable,963,UPI,4,3.5,3.3
2024-07-21 00:03:00,CNR4927985663,Canceled by Customer,CID691778,Prime Plus,Rajajinagar,Basavanagudi,,,Change of plans,Not Applicable,Not Applicable,Not Applicable,153,Not Applicable,0,,
2024-07-13 22:50:00,CNR9277453077,Success,CID963050,Prime SUV,MG Road,Shantinagar,147.0,45.0,Not Applicable,Not Applicable,No,Not Applicable,542,Cash,33,4.1,4.5
2024-07-24 17:28:00,CNR5790694121,Canceled by Customer,CID620559,Mini,Frazer Town,Vijayanagar,,,Driver is not moving towards pickup location,Not Applicable,Not Applicable,Not Applicable,220,Not Applicable,0,,
2024-07-28 16:30:00,CNR1174154070,Success,CID420565,Prime Sedan,Richmond Town,Yelahanka,77.0,95.0,Not Applicable,Not Applicable,No,Not Applicable,393,UPI,7,3.7,3.0
2024-07-27 12:25:00,CNR3837135013,Success,CID696827,Prime SUV,Shivajinagar,Majestic,91.0,60.0,Not Applicable,Not Applicable,No,Not Applicable,218,UPI,46,3.7,4.9
2024-07-27 11:13:00,CNR2150081127,Success,CID501089,eBike,Cox Town,Devanahalli,42.0,55.0,Not Applicable,Not Applicable,No,Not Applicable,359,Credit Card,49,3.7,5.0
2024-07-30 00:13:00,CNR4547189487,Success,CID360184,Prime Sedan,Hebbal,Kengeri,105.0,90.0,Not Applicable,Not Applicable,No,Not Applicable,149,Cash,41,4.0,3.9
2024-07-12 17:49:00,CNR3199305778,Success,CID337398,Prime Sedan,Basavanagudi,HSR Layout,77.0,65.0,Not Applicable,Not Applicable,No,Not Applicable,1211,Cash,43,4.0,4.6
2024-07-17 16:17:00,CNR9724423092,Canceled by Driver,CID979019,Prime Plus,Malleshwaram,Jayanagar,,,Not Applicable,Customer was coughing/sick,Not Applicable,Not Applicable,211,Not Applicable,0,,
2024-07-07 21:12:00,CNR7815590288,Success,CID334111,eBike,Langford Town,Hennur,280.0,110.0,Not Applicable,Not Applicable,No,Not Applicable,323,Cash,11,3.1,4.2
2024-07-30 01:58:00,CNR4184712774,Canceled by Driver,CID665412,Prime Sedan,Sarjapur Road,Ulsoor,,,Not Applicable,Personal & Car related issue,Not Applicable,Not Applicable,423,Not Applicable,0,,
2024-07-17 10:57:00,CNR3541864570,Success,CID239967,Mini,Yeshwanthpur,Hennur,91.0,55.0,Not Applicable,Not Applicable,No,Not Applicable,369,Credit Card,22,4.4,4.2
2024-07-01 11:53:00,CNR1763514276,Success,CID978641,Prime Sedan,Basavanagudi,Rajajinagar,63.0,85.0,Not Applicable,Not Applicable,No,Not Applicable,478,UPI,10,4.6,3.6
2024-07-01 04:05:00,CNR8052658720,Success,CID621314,Bike,Hennur,Chickpet,70.0,45.0,Not Applicable,Not Applicable,No,Not Applicable,928,Cash,24,3.7,4.1
2024-07-16 00:29:00,CNR2741023114,Success,CID523376,Bike,Kadugodi,Kammanahalli,287.0,75.0,Not Applicable,Not Applicable,No,Not Applicable,222,Credit Card,15,3.2,4.2
2024-07-14 12:25:00,CNR2532015750,Success,CID297754,eBike,Chamarajpet,Hebbal,238.0,145.0,Not Applicable,Not Applicable,No,Not Applicable,393,Cash,24,3.8,4.4
2024-07-25 19:30:00,CNR9884485137,Driver Not Found,CID946215,Auto,Basavanagudi,Shantinagar,,,Not Applicable,Not Applicable,Not Applicable,Not Applicable,421,Not Applicable,0,,
2024-07-19 12:14:00,CNR7620803070,Canceled by Driver,CID464461,Prime Plus,Banashankari,MG Road,,,Not Applicable,Customer was coughing/sick,Not Applicable,Not Applicable,918,Not Applicable,0,,
2024-07-23 10:56:00,CNR6765298424,Success,CID151476,Bike,Bannerghatta Road,Kammanahalli,203.0,95.0,Not Applicable,Not Applicable,No,Not Applicable,737,UPI,44,5.0,3.4
2024-07-11 22:30:00,CNR6848964840,Canceled by Customer,CID322560,Bike,Hulimavu,Bannerghatta Road,,,Wrong Address,Not Applicable,Not Applicable,Not Applicable,310,Not Applicable,0,,
2024-07-02 09:22:00,CNR1253708519,Driver Not Found,CID763401,Mini,Devanahalli,Magadi Road,,,Not Applicable,Not Applicable,Not Applicable,Not Applicable,191,Not Applicable,0,,
2024-07-22 16:54:00,CNR9497766930,Success,CID314704,Prime Plus,JP Nagar,Hulimavu,147.0,120.0,Not Applicable,Not Applicable,Yes,Vehicle Breakdown,403,Cash,39,4.5,4.2
2024-07-02 14:07:00,CNR4167840934,Success,CID625372,Mini,Padmanabhanagar,HSR Layout,105.0,120.0,Not Applicable,Not Applicable,No,Not Applicable,318,Cash,14,3.8,3.9
2024-07-10 15:15:00,CNR7273704150,Success,CID984474,Bike,Marathahalli,Shantinagar,98.0,70.0,Not Applicable,Not Applicable,No,Not Applicable,302,Cash,28,4.5,4.0
2024-07-13 05:05:00,CNR9565549997,Canceled by Driver,CID355030,eBike,RT Nagar,Shantinagar,,,Not Applicable,Personal & Car related issue,Not Applicable,Not Applicable,336,Not Applicable,0,,
2024-07-23 03:04:00,CNR1808198593,Success,CID279589,Prime Sedan,Varthur,MG Road,147.0,135.0,Not Applicable,Not Applicable,No,Not Applicable,646,Cash,27,4.8,4.0
2024-07-17 10:11:00,CNR4466041303,Success,CID873551,Prime Sedan,Basavanagudi,Hebbal,56.0,30.0,Not Applicable,Not Applicable,No,Not Applicable,124,UPI,19,4.0,4.9
2024-07-05 14:58:00,CNR5628049702,Driver Not Found,CID567354,Prime Sedan,Vijayanagar,Hulimavu,,,Not Applicable,Not Applicable,Not Applicable,Not Applicable,1633,Not Applicable,0,,
2024-07-03 14:12:00,CNR5765623572,Success,CID438340,eBike,Electronic City,JP Nagar,49.0,100.0,Not Applicable,Not Applicable,No,Not Applicable,279,Credit Card,45,3.2,4.3
2024-07-08 04:23:00,CNR5258930512,Driver Not Found,CID939476,Auto,Hulimavu,KR Puram,,,Not Applicable,Not Applicable,Not Applicable,Not Applicable,442,Not Applicable,0,,
2024-07-13 00:32:00,CNR9403321669,Success,CID866469,Bike,Yelahanka,Rajarajeshwari Nagar,210.0,90.0,Not Applicable,Not Applicable,No,Not Applicable,2268,Cash,43,4.0,4.3
2024-07-27 13:01:00,CNR8385991039,Canceled by Customer,CID922297,Auto,Devanahalli,Koramangala,,,Driver is not moving towards pickup location,Not Applicable,Not Applicable,Not Applicable,226,Not Applicable,0,,
2024-07-08 19:35:00,CNR4887397389,Driver Not Found,CID408870,Mini,Hebbal,Devanahalli,,,Not Applicable,Not Applicable,Not Applicable,Not Applicable,237,Not Applicable,0,,
2024-07-27 09:27:00,CNR6880508722,Success,CID724922,Prime Sedan,Frazer Town,Ulsoor,147.0,135.0,Not Applicable,Not Applicable,No,Not Applicable,433,UPI,43,3.1,3.7
2024-07-25 02:07:00,CNR9585727832,Canceled by Driver,CID873201,Prime SUV,Malleshwaram,Rajarajeshwari Nagar,,,Not Applicable,Customer was coughing/sick,Not Applicable,Not Applicable,158,Not Applicable,0,,
2024-07-26 06:59:00,CNR2287693065,Canceled by Driver,CID405309,Prime Sedan,RT Nagar,Richmond Town,,,Not Applicable,Personal & Car related issue,Not Applicable,Not Applicable,288,Not Applicable,0,,
2024-07-08 07:57:00,CNR2575093006,Success,CID645971,Prime Sedan,Rajajinagar,Nagarbhavi,140.0,45.0,Not Applicable,Not Applicable,No,Not Applicable,188,UPI,44,4.3,3.6
2024-07-04 16:21:00,CNR1129817167,Canceled by Customer,CID326349,Prime Plus,Basavanagudi,Chickpet,,,Driver asked to cancel,Not Applicable,Not Applicable,Not Applicable,488,Not Applicable,0,,
2024-07-28 11:46:00,CNR8338093130,Success,CID579112,Mini,Kadugodi,Langford Town,294.0,115.0,Not Applicable,Not Applicable,No,Not Applicable,190,Cash,36,3.4,3.5
2024-07-01 12:19:00,CNR8353125531,Canceled by Driver,CID371012,Prime SUV,Ramamurthy Nagar,JP Nagar,,,Not Applicable,Personal & Car related issue,Not Applicable,Not Applicable,2617,Not Applicable,0,,
2024-07-05 10:29:00,CNR5683803279,Success,CID201599,Bike,Hennur,Padmanabhanagar,259.0,55.0,Not Applicable,Not Applicable,No,Not Applicable,2595,Cash,27,4.0,4.0
2024-07-03 16:24:00,CNR9736033077,Success,CID891871,Mini,Peenya,Marathahalli,301.0,75.0,Not Applicable,Not Applicable,No,Not Applicable,381,Cash,3,4.3,4.2
2024-07-02 23:35:00,CNR1681435709,Canceled by Customer,CID251888,Auto,Hulimavu,Tumkur Road,,,Driver asked to cancel,Not Applicable,Not Applicable,Not Applicable,427,Not Applicable,0,,
2024-07-23 09:26:00,CNR3717609633,Canceled by Customer,CID567240,Auto,Rajajinagar,Basavanagudi,,,Driver is not moving towards pickup location,Not Applicable,Not Applicable,Not Applicable,193,Not Applicable,0,,
2024-07-12 03:46:00,CNR4738087095,Success,CID794853,Mini,BTM Layout,Devanahalli,182.0,130.0,Not Applicable,Not Applicable,No,Not Applicable,335,Cash,20,3.1,4.9
2024-07-11 08:04:00,CNR7574388239,Success,CID741832,Prime Sedan,Devanahalli,Vijayanagar,210.0,115.0,Not Applicable,Not Applicable,No,Not Applicable,2593,UPI,16,3.1,4.9
2024-07-22 20:48:00,CNR8767836634,Driver Not Found,CID162142,Prime Sedan,Sarjapur Road,Varthur,,,Not Applicable,Not Applicable,Not Applicable,Not Applicable,202,Not Applicable,0,,
2024-07-16 13:29:00,CNR5710408659,Success,CID915355,Mini,Bellandur,Basavanagudi,203.0,140.0,Not Applicable,Not Applicable,No,Not Applicable,133,Cash,9,3.1,4.7
2024-07-28 11:00:00,CNR7617030498,Success,CID767608,Prime Plus,Yeshwanthpur,RT Nagar,280.0,115.0,Not Applicable,Not Applicable,No,Not Applicable,204,UPI,25,4.8,4.3
2024-07-22 15:21:00,CNR6449159708,Success,CID991347,Prime SUV,Shivajinagar,Bannerghatta Road,210.0,90.0,Not Applicable,Not Applicable,No,Not Applicable,2366,Cash,17,4.6,3.7
2024-07-01 05:36:00,CNR9309001603,Success,CID443935,eBike,Majestic,Devanahalli,203.0,140.0,Not Applicable,Not Applicable,No,Not Applicable,309,Cash,1,3.2,3.6
2024-07-15 11:24:00,CNR3441457949,Canceled by Driver,CID639446,Prime Sedan,Cox Town,Sahakar Nagar,,,Not Applicable,Customer related issue,Not Applicable,Not Applicable,642,Not Applicable,0,,
2024-07-16 04:27:00,CNR5049010865,Success,CID597836,Prime SUV,Chamarajpet,JP Nagar,273.0,50.0,Not Applicable,Not Applicable,No,Not Applicable,411,Cash,19,4.9,3.7
2024-07-21 01:13:00,CNR3003119519,Success,CID332674,eBike,MG Road,Basavanagudi,189.0,35.0,Not Applicable,Not Applicable,No,Not Applicable,508,UPI,44,4.8,4.7
2024-07-23 02:05:00,CNR8183782441,Canceled by Customer,CID264578,Prime Plus,Jayanagar,Electronic City,,,Driver asked to cancel,Not Applicable,Not Applicable,Not Applicable,171,Not Applicable,0,,
2024-07-24 20:55:00,CNR3626949410,Success,CID374829,Mini,Jayanagar,KR Puram,231.0,50.0,Not Applicable,Not Applicable,No,Not Applicable,459,Cash,5,4.5,4.4
2024-07-26 12:45:00,CNR5665121823,Canceled by Customer,CID401589,Mini,Hennur,RT Nagar,,,Driver is not moving towards pickup location,Not Applicable,Not Applicable,Not Applicable,162,Not Applicable,0,,
2024-07-26 17:35:00,CNR8285902275,Success,CID936935,Mini,Frazer Town,Hulimavu,189.0,100.0,Not Applicable,Not Applicable,No,Not Applicable,338,Cash,39,4.1,4.4
2024-07-30 18:46:00,CNR4948635458,Success,CID866581,Prime SUV,Koramangala,Kengeri,196.0,45.0,Not Applicable,Not Applicable,No,Not Applicable,164,Cash,34,4.4,3.9
2024-07-16 16:32:00,CNR9801325391,Success,CID346922,Auto,Chickpet,Yelahanka,175.0,55.0,Not Applicable,Not Applicable,No,Not Applicable,386,Cash,8,3.6,3.4
2024-07-09 23:41:00,CNR8636677874,Canceled by Driver,CID574506,Bike,RT Nagar,Nagarbhavi,,,Not Applicable,More than permitted people in there,Not Applicable,Not Applicable,233,Not Applicable,0,,
2024-07-01 09:51:00,CNR4976152729,Canceled by Customer,CID897955,Bike,Basavanagudi,Mysore Road,,,Driver asked to cancel,Not Applicable,Not Applicable,Not Applicable,895,Not Applicable,0,,
2024-07-07 20:02:00,CNR9885147165,Success,CID872069,Mini,Hennur,Chickpet,189.0,100.0,Not Applicable,Not Applicable,No,Not Applicable,694,Credit Card,13,3.7,3.7
2024-07-22 08:43:00,CNR6577299003,Canceled by Driver,CID974506,Bike,Hulimavu,Richmond Town,,,Not Applicable,Customer related issue,Not Applicable,Not Applicable,189,Not Applicable,0,,
2024-07-16 17:41:00,CNR2367206031,Driver Not Found,CID153819,Prime SUV,Shivajinagar,Ramamurthy Nagar,,,Not Applicable,Not Applicable,Not Applicable,Not Applicable,770,Not Applicable,0,,
2024-07-27 03:40:00,CNR3250988430,Success,CID390262,Prime Plus,Padmanabhanagar,Langford Town,168.0,30.0,Not Applicable,Not Applicable,No,Not Applicable,384,Cash,17,3.1,5.0
2024-07-14 15:27:00,CNR2935001134,Success,CID215196,Prime Plus,Jayanagar,Ulsoor,203.0,55.0,Not Applicable,Not Applicable,No,Not Applicable,222,UPI,21,4.6,3.9
2024-07-09 11:58:00,CNR6059139384,Success,CID321402,Auto,Ulsoor,Yeshwanthpur,182.0,70.0,Not Applicable,Not Applicable,No,Not Applicable,147,UPI,2,4.2,4.7
2024-07-12 04:46:00,CNR4897034325,Success,CID973289,Auto,Malleshwaram,RT Nagar,147.0,135.0,Not Applicable,Not Applicable,No,Not Applicable,161,Cash,12,4.3,3.0
2024-07-26 14:11:00,CNR7907888448,Success,CID580356,Bike,JP Nagar,Sarjapur Road,112.0,85.0,Not Applicable,Not Applicable,No,Not Applicable,235,UPI,49,4.7,4.9
2024-07-30 04:43:00,CNR9212555938,Success,CID850586,Prime SUV,Frazer Town,Kadugodi,161.0,45.0,Not Applicable,Not Applicable,No,Not Applicable,255,UPI,37,3.5,4.6
2024-07-26 00:07:00,CNR7240132124,Canceled by Driver,CID668544,Auto,Chamarajpet,Richmond Town,,,Not Applicable,Customer related issue,Not Applicable,Not Applicable,577,Not Applicable,0,,
2024-07-30 13:19:00,CNR9965501393,Success,CID879235,eBike,Chamarajpet,Bannerghatta Road,287.0,145.0,Not Applicable,Not Applicable,No,Not Applicable,388,UPI,46,3.6,4.8
2024-07-11 08:29:00,CNR6858855702,Success,CID448196,Prime Sedan,Bellandur,Chickpet,287.0,40.0,Not Applicable,Not Applicable,No,Not Applicable,432,Cash,40,4.0,4.4
2024-07-04 00:28:00,CNR6665610981,Success,CID997433,eBike,Bannerghatta Road,Banashankari,119.0,100.0,Not Applicable,Not Applicable,No,Not Applicable,389,Cash,22,3.8,4.2
2024-07-19 14:29:00,CNR8220347771,Canceled by Customer,CID513896,Prime SUV,Bellandur,Ramamurthy Nagar,,,Change of plans,Not Applicable,Not Applicable,Not Applicable,641,Not Applicable,0,,
2024-07-01 11:26:00,CNR3257817598,Success,CID188916,Prime Plus,Hebbal,BTM Layout,231.0,125.0,Not Applicable,Not Applicable,No,Not Applicable,340,UPI,40,3.9,4.5
2024-07-15 14:09:00,CNR5500604193,Success,CID540010,Prime Plus,Hennur,Sarjapur Road,259.0,55.0,Not Applicable,Not Applicable,No,Not Applicable,860,UPI,8,3.4,3.8
2024-07-24 02:41:00,CNR5346440139,Success,CID298174,Mini,Sahakar Nagar,Yelahanka,133.0,60.0,Not Applicable,Not Applicable,No,Not Applicable,2270,Credit Card,38,3.2,3.5
2024-07-10 03:35:00,CNR8939856247,Canceled by Driver,CID923522,Prime Sedan,KR Puram,BTM Layout,,,Not Applicable,More than permitted people in there,Not Applicable,Not Applicable,355,Not Applicable,0,,
2024-07-10 00:39:00,CNR7331739353,Canceled by Customer,CID166189,Prime Plus,Frazer Town,Sarjapur Road,,,Driver is not moving towards pickup location,Not Applicable,Not Applicable,Not Applicable,363,Not Applicable,0,,
2024-07-02 20:55:00,CNR5925942115,Driver Not Found,CID370223,Prime Sedan,Majestic,JP Nagar,,,Not Applicable,Not Applicable,Not Applicable,Not Applicable,487,Not Applicable,0,,
2024-07-09 01:42:00,CNR3271183711,Success,CID172289,eBike,KR Puram,Langford Town,287.0,40.0,Not Applicable,Not Applicable,No,Not Applicable,117,UPI,49,4.7,3.4
2024-07-15 07:51:00,CNR7670242065,Canceled by Driver,CID541048,Bike,Magadi Road,Whitefield,,,Not Applicable,Customer was coughing/sick,Not Applicable,Not Applicable,748,Not Applicable,0,,
2024-07-27 16:22:00,CNR6549900279,Canceled by Driver,CID815597,eBike,BTM Layout,Hosur Road,,,Not Applicable,Personal & Car related issue,Not Applicable,Not Applicable,622,Not Applicable,0,,
2024-07-19 05:22:00,CNR7167930957,Success,CID959575,Prime Sedan,Mysore Road,Nagarbhavi,217.0,55.0,Not Applicable,Not Applicable,No,Not Applicable,189,UPI,49,4.7,3.7
2024-07-03 22:37:00,CNR1610185364,Success,CID771622,Prime SUV,Yelahanka,Peenya,203.0,95.0,Not Applicable,Not Applicable,No,Not Applicable,292,Cash,36,3.1,3.1
2024-07-29 16:12:00,CNR7085077397,Success,CID509092,Auto,Rajarajeshwari Nagar,Banashankari,161.0,110.0,Not Applicable,Not Applicable,No,Not Applicable,381,Cash,2,3.6,4.6
2024-07-09 10:53:00,CNR5766165230,Success,CID127839,eBike,Tumkur Road,Jayanagar,98.0,25.0,Not Applicable,Not Applicable,No,Not Applicable,2957,UPI,24,3.5,4.8
2024-07-16 01:25:00,CNR8344652709,Canceled by Driver,CID656323,Mini,Frazer Town,BTM Layout,,,Not Applicable,Personal & Car related issue,Not Applicable,Not Applicable,107,Not Applicable,0,,
2024-07-19 21:21:00,CNR3918875501,Success,CID919380,Mini,Devanahalli,Tumkur Road,231.0,25.0,Not Applicable,Not Applicable,No,Not Applicable,942,Credit Card,24,4.4,3.9
2024-07-18 21:42:00,CNR9893777288,Success,CID465103,Prime Plus,Devanahalli,Electronic City,77.0,110.0,Not Applicable,Not Applicable,No,Not Applicable,191,Cash,46,4.1,3.9
2024-07-24 08:05:00,CNR7889214357,Canceled by Driver,CID220597,Auto,Sahakar Nagar,Mysore Road,,,Not Applicable,Customer related issue,Not Applicable,Not Applicable,401,Not Applicable,0,,
2024-07-14 04:32:00,CNR7601474096,Canceled by Driver,CID680862,eBike,Banashankari,Basavanagudi,,,Not Applicable,Customer related issue,Not Applicable,Not Applicable,241,Not Applicable,0,,
2024-07-13 16:50:00,CNR9931785641,Success,CID324650,Bike,Magadi Road,Hennur,147.0,130.0,Not Applicable,Not Applicable,No,Not Applicable,137,Cash,31,3.4,3.3
2024-07-12 01:28:00,CNR4076277881,Success,CID640605,Prime Sedan,Rajarajeshwari Nagar,Kadugodi,308.0,55.0,Not Applicable,Not Applicable,No,Not Applicable,139,Credit Card,25,3.2,3.6
2024-07-30 17:56:00,CNR3168657343,Success,CID707565,Prime SUV,Indiranagar,Shivajinagar,161.0,135.0,Not Applicable,Not Applicable,No,Not Applicable,348,Cash,22,4.8,4.0
2024-07-20 02:19:00,CNR1830075664,Canceled by Driver,CID415887,Prime Plus,Richmond Town,Rajarajeshwari Nagar,,,Not Applicable,More than permitted people in there,Not Applicable,Not Applicable,117,Not Applicable,0,,
2024-07-02 05:33:00,CNR4909635486,Success,CID409183,Prime Plus,Koramangala,Hulimavu,70.0,145.0,Not Applicable,Not Applicable,No,Not Applicable,284,Cash,49,3.4,3.7
2024-07-18 14:20:00,CNR1366811758,Driver Not Found,CID695687,eBike,Bannerghatta Road,Hennur,,,Not Applicable,Not Applicable,Not Applicable,Not Applicable,285,Not Applicable,0,,
2024-07-04 13:14:00,CNR2628531694,Success,CID797516,Auto,Hebbal,Peenya,105.0,110.0,Not Applicable,Not Applicable,No,Not Applicable,305,Cash,9,4.4,4.0
2024-07-28 07:04:00,CNR7957581223,Canceled by Customer,CID426111,Prime Plus,Sahakar Nagar,Peenya,,,Driver is not moving towards pickup location,Not Applicable,Not Applicable,Not Applicable,376,Not Applicable,0,,
2024-07-29 04:22:00,CNR1688236496,Success,CID652051,Prime Plus,Shivajinagar,BTM Layout,77.0,115.0,Not Applicable,Not Applicable,No,Not Applicable,114,UPI,33,3.9,4.8
2024-07-07 09:19:00,CNR6052991085,Success,CID359171,Bike,Shantinagar,Richmond Town,189.0,35.0,Not Applicable,Not Applicable,No,Not Applicable,2365,Cash,40,4.6,3.6
2024-07-02 11:19:00,CNR8202928821,Success,CID583337,Bike,HSR Layout,Hebbal,168.0,115.0,Not Applicable,Not Applicable,No,Not Applicable,1055,Cash,16,3.4,3.5
2024-07-05 11:43:00,CNR5279405202,Success,CID946484,Auto,Chamarajpet,Hebbal,189.0,55.0,Not Applicable,Not Applicable,No,Not Applicable,333,UPI,10,4.1,4.8
2024-07-24 03:34:00,CNR7384655124,Success,CID746340,Prime Plus,Indiranagar,HSR Layout,35.0,95.0,Not Applicable,Not Applicable,No,Not Applicable,330,Cash,25,3.9,4.5
2024-07-09 00:36:00,CNR6512965573,Success,CID343629,Prime Sedan,Marathahalli,KR Puram,112.0,45.0,Not Applicable,Not Applicable,No,Not Applicable,931,Credit Card,31,3.6,3.7
2024-07-15 01:10:00,CNR6527990200,Success,CID230677,Auto,BTM Layout,Nagarbhavi,147.0,40.0,Not Applicable,Not Applicable,No,Not Applicable,370,Cash,17,4.8,4.3
2024-07-04 23:48:00,CNR6038410601,Success,CID648151,Prime Plus,Koramangala,Yelahanka,133.0,140.0,Not Applicable,Not Applicable,No,Not Applicable,484,UPI,17,3.4,5.0
2024-07-28 09:37:00,CNR8270877668,Success,CID420197,Prime Plus,Tumkur Road,Chamarajpet,294.0,70.0,Not Applicable,Not Applicable,No,Not Applicable,554,Cash,40,4.1,3.1
2024-07-20 02:35:00,CNR1470559186,Success,CID293583,Bike,Varthur,Hennur,77.0,145.0,Not Applicable,Not Applicable,No,Not Applicable,962,UPI,46,4.4,4.6
2024-07-13 14:49:00,CNR7499765448,Canceled by Customer,CID501237,Prime Plus,Tumkur Road,Malleshwaram,,,Change of plans,Not Applicable,Not Applicable,Not Applicable,106,Not Applicable,0,,
2024-07-12 23:45:00,CNR7567636895,Canceled by Driver,CID643544,Prime Plus,Ramamurthy Nagar,Kengeri,,,Not Applicable,Customer related issue,Not Applicable,Not Applicable,825,Not Applicable,0,,
2024-07-25 16:42:00,CNR1114194100,Success,CID651758,Prime SUV,Marathahalli,Vijayanagar,175.0,115.0,Not Applicable,Not Applicable,No,Not Applicable,217,Credit Card,34,3.3,3.4
2024-07-20 12:49:00,CNR1687428860,Success,CID649561,Auto,Basavanagudi,Bannerghatta Road,189.0,90.0,Not Applicable,Not Applicable,No,Not Applicable,209,Cash,2,3.6,4.4
2024-07-20 18:51:00,CNR9078341131,Success,CID505353,Prime Sedan,Bannerghatta Road,Nagarbhavi,217.0,75.0,Not Applicable,Not Applicable,No,Not Applicable,380,UPI,19,3.3,4.8
2024-07-29 17:29:00,CNR4896676224,Success,CID887613,Bike,Marathahalli,Padmanabhanagar,308.0,100.0,Not Applicable,Not Applicable,No,Not Applicable,340,Cash,7,3.6,4.6
2024-07-23 02:40:00,CNR2029189810,Canceled by Driver,CID861976,Prime Plus,Koramangala,Yelahanka,,,Not Applicable,Personal & Car related issue,Not Applicable,Not Applicable,352,Not Applicable,0,,
2024-07-29 08:11:00,CNR2257885938,Driver Not Found,CID116836,Bike,Indiranagar,Kengeri,,,Not Applicable,Not Applicable,Not Applicable,Not Applicable,287,Not Applicable,0,,
2024-07-22 06:05:00,CNR3954617780,Success,CID282918,Bike,Vijayanagar,Sarjapur Road,189.0,80.0,Not Applicable,Not Applicable,No,Not Applicable,582,Cash,43,4.9,3.4
2024-07-29 07:01:00,CNR8243888743,Driver Not Found,CID521218,Auto,Shantinagar,Padmanabhanagar,,,Not Applicable,Not Applicable,Not Applicable,Not Applicable,2212,Not Applicable,0,,
2024-07-01 13:22:00,CNR4665747964,Success,CID714034,Mini,BTM Layout,Kengeri,98.0,90.0,Not Applicable,Not Applicable,No,Not Applicable,577,UPI,34,4.2,3.4
2024-07-20 03:53:00,CNR9170611815,Success,CID271240,Prime Plus,Shantinagar,Cox Town,35.0,35.0,Not Applicable,Not Applicable,Yes,Other Issue,217,UPI,34,3.4,4.4
2024-07-03 17:35:00,CNR2050593747,Driver Not Found,CID264309,Mini,Yelahanka,Chickpet,,,Not Applicable,Not Applicable,Not Applicable,Not Applicable,1271,Not Applicable,0,,
2024-07-10 20:25:00,CNR8892829000,Canceled by Driver,CID918831,eBike,Basavanagudi,JP Nagar,,,Not Applicable,More than permitted people in there,Not Applicable,Not Applicable,784,Not Applicable,0,,
2024-07-11 13:36:00,CNR3438445968,Success,CID181722,Mini,Hosur Road,Chamarajpet,224.0,35.0,Not Applicable,Not Applicable,No,Not Applicable,437,UPI,43,3.6,4.4
2024-07-21 12:39:00,CNR1746065834,Canceled by Customer,CID299706,Mini,Banashankari,Majestic,,,Driver asked to cancel,Not Applicable,Not Applicable,Not Applicable,2343,Not Applicable,0,,
2024-07-08 11:55:00,CNR2018571489,Success,CID689117,eBike,Bellandur,Marathahalli,91.0,145.0,Not Applicable,Not Applicable,No,Not Applicable,487,UPI,19,4.0,3.6
2024-07-18 19:05:00,CNR3547999192,Success,CID131944,eBike,Koramangala,Devanahalli,168.0,75.0,Not Applicable,Not Applicable,No,Not Applicable,2615,Cash,44,3.8,3.3
2024-07-03 20:01:00,CNR4694600250,Canceled by Driver,CID699208,Prime Sedan,KR Puram,Frazer Town,,,Not Applicable,Customer related issue,Not Applicable,Not Applicable,433,Not Applicable,0,,
2024-07-25 07:07:00,CNR5755220871,Success,CID840423,Prime Sedan,Peenya,Hebbal,126.0,115.0,Not Applicable,Not Applicable,No,Not Applicable,941,Credit Card,3,3.2,3.3
2024-07-21 16:37:00,CNR7412528990,Success,CID299056,Mini,Hebbal,Richmond Town,301.0,75.0,Not Applicable,Not Applicable,No,Not Applicable,355,Cash,31,4.2,4.0
2024-07-19 08:44:00,CNR8738953328,Success,CID357613,Prime Plus,Tumkur Road,Kengeri,266.0,45.0,Not Applicable,Not Applicable,No,Not Applicable,365,UPI,44,3.6,4.7
2024-07-21 14:01:00,CNR1552858502,Canceled by Customer,CID681995,Mini,Padmanabhanagar,Basavanagudi,,,Change of plans,Not Applicable,Not Applicable,Not Applicable,265,Not Applicable,0,,
2024-07-20 05:04:00,CNR4086451317,Canceled by Driver,CID491284,Prime SUV,Peenya,Yeshwanthpur,,,Not Applicable,More than permitted people in there,Not Applicable,Not Applicable,492,Not Applicable,0,,
2024-07-05 23:18:00,CNR2558145364,Success,CID211585,Prime Sedan,Whitefield,Kadugodi,245.0,35.0,Not Applicable,Not Applicable,No,Not Applicable,429,Cash,18,5.0,3.8
2024-07-04 12:24:00,CNR5847552210,Success,CID785005,Bike,RT Nagar,Rajajinagar,301.0,30.0,Not Applicable,Not Applicable,No,Not Applicable,1092,UPI,42,4.4,4.1
2024-07-11 19:09:00,CNR9023596323,Success,CID377355,Prime Sedan,HSR Layout,Hebbal,154.0,25.0,Not Applicable,Not Applicable,No,Not Applicable,234,UPI,4,4.5,3.1
2024-07-25 10:16:00,CNR6496506211,Success,CID947875,Bike,Sarjapur Road,Peenya,84.0,110.0,Not Applicable,Not Applicable,No,Not Applicable,434,UPI,19,3.9,3.5
2024-07-28 19:28:00,CNR1622215392,Success,CID317609,Bike,Peenya,Ulsoor,168.0,135.0,Not Applicable,Not Applicable,No,Not Applicable,278,Cash,13,4.3,3.1
2024-07-09 12:01:00,CNR5141350740,Driver Not Found,CID995285,Bike,Hulimavu,Devanahalli,,,Not Applicable,Not Applicable,Not Applicable,Not Applicable,393,Not Applicable,0,,
2024-07-11 16:05:00,CNR5320463986,Success,CID380316,eBike,MG Road,Electronic City,245.0,100.0,Not Applicable,Not Applicable,No,Not Applicable,115,Cash,17,3.3,4.6
2024-07-30 23:06:00,CNR4910456445,Success,CID955878,eBike,Electronic City,Tumkur Road,98.0,65.0,Not Applicable,Not Applicable,No,Not Applicable,248,Cash,35,5.0,3.6
2024-07-27 18:38:00,CNR4639506929,Success,CID977315,Auto,RT Nagar,Kammanahalli,287.0,95.0,Not Applicable,Not Applicable,No,Not Applicable,187,Cash,8,4.1,4.0
2024-07-05 00:13:00,CNR4208954265,Success,CID125931,Prime Plus,KR Puram,Cox Town,84.0,130.0,Not Applicable,Not Applicable,No,Not Applicable,346,UPI,42,4.4,3.9
2024-07-17 00:07:00,CNR2026308597,Success,CID454961,Prime Plus,RT Nagar,Bellandur,133.0,95.0,Not Applicable,Not Applicable,No,Not Applicable,1424,Credit Card,25,4.2,4.4
2024-07-01 19:27:00,CNR6626605510,Success,CID193360,Auto,Indiranagar,Vijayanagar,70.0,95.0,Not Applicable,Not Applicable,No,Not Applicable,115,UPI,9,3.2,4.9
2024-07-07 02:41:00,CNR5846159189,Driver Not Found,CID501206,eBike,Shivajinagar,Vijayanagar,,,Not Applicable,Not Applicable,Not Applicable,Not Applicable,474,Not Applicable,0,,
2024-07-03 04:48:00,CNR6345340299,Canceled by Driver,CID999990,Bike,BTM Layout,Hulimavu,,,Not Applicable,Customer related issue,Not Applicable,Not Applicable,257,Not Applicable,0,,
2024-07-30 03:26:00,CNR5751422858,Success,CID225531,Bike,Malleshwaram,Sahakar Nagar,112.0,35.0,Not Applicable,Not Applicable,No,Not Applicable,471,UPI,17,4.1,4.3
2024-07-01 16:54:00,CNR5710255482,Success,CID160898,Prime Sedan,Rajarajeshwari Nagar,KR Puram,280.0,120.0,Not Applicable,Not Applicable,No,Not Applicable,115,UPI,32,3.1,4.8
2024-07-07 20:41:00,CNR4160360192,Canceled by Driver,CID815612,eBike,Nagarbhavi,Marathahalli,,,Not Applicable,More than permitted people in there,Not Applicable,Not Applicable,365,Not Applicable,0,,
2024-07-28 15:36:00,CNR7434031099,Canceled by Driver,CID788620,Bike,Ramamurthy Nagar,Marathahalli,,,Not Applicable,Personal & Car related issue,Not Applicable,Not Applicable,852,Not Applicable,0,,
2024-07-12 08:26:00,CNR7329339674,Success,CID318449,Prime SUV,Sahakar Nagar,Vijayanagar,84.0,115.0,Not Applicable,Not Applicable,No,Not Applicable,223,Cash,18,4.3,3.6
2024-07-09 16:49:00,CNR7841582655,Success,CID135527,Bike,Sahakar Nagar,Yelahanka,182.0,50.0,Not Applicable,Not Applicable,No,Not Applicable,100,UPI,26,3.5,3.2
2024-07-08 02:46:00,CNR3016316731,Canceled by Customer,CID850034,eBike,Chickpet,Basavanagudi,,,Driver is not moving towards pickup location,Not Applicable,Not Applicable,Not Applicable,439,Not Applicable,0,,
2024-07-03 18:08:00,CNR7092647457,Success,CID562812,Auto,Nagarbhavi,JP Nagar,196.0,75.0,Not Applicable,Not Applicable,No,Not Applicable,371,Cash,17,4.8,4.6
2024-07-16 21:00:00,CNR3230844265,Success,CID133354,Prime Sedan,Marathahalli,Kammanahalli,210.0,75.0,Not Applicable,Not Applicable,No,Not Applicable,851,UPI,17,3.3,3.7
2024-07-06 19:18:00,CNR8576480490,Driver Not Found,CID794863,Prime Sedan,Marathahalli,Hebbal,,,Not Applicable,Not Applicable,Not Applicable,Not Applicable,863,Not Applicable,0,,
2024-07-01 19:08:00,CNR5480410699,Canceled by Customer,CID221462,Prime Plus,Chamarajpet,Ulsoor,,,Change of plans,Not Applicable,Not Applicable,Not Applicable,284,Not Applicable,0,,
2024-07-08 23:43:00,CNR7949046744,Canceled by Driver,CID786870,eBike,Electronic City,Frazer Town,,,Not Applicable,Customer related issue,Not Applicable,Not Applicable,215,Not Applicable,0,,
2024-07-23 20:03:00,CNR9816365976,Canceled by Customer,CID534374,Auto,Mysore Road,Electronic City,,,Driver asked to cancel,Not Applicable,Not Applicable,Not Applicable,301,Not Applicable,0,,
2024-07-08 12:24:00,CNR2785327881,Driver Not Found,CID625572,Prime SUV,KR Puram,Chickpet,,,Not Applicable,Not Applicable,Not Applicable,Not Applicable,448,Not Applicable,0,,
2024-07-20 22:53:00,CNR3110934113,Success,CID293517,Prime Sedan,Varthur,KR Puram,266.0,90.0,Not Applicable,Not Applicable,No,Not Applicable,393,Cash,29,4.2,4.5
2024-07-14 14:54:00,CNR4269880375,Canceled by Driver,CID991785,Prime Plus,Yelahanka,Rajajinagar,,,Not Applicable,Personal & Car related issue,Not Applicable,Not Applicable,358,Not Applicable,0,,
2024-07-09 16:22:00,CNR2528664994,Success,CID838156,Prime SUV,Electronic City,Magadi Road,203.0,35.0,Not Applicable,Not Applicable,No,Not Applicable,340,Cash,48,3.5,3.6
2024-07-07 21:08:00,CNR7914675798,Success,CID391100,Bike,Sahakar Nagar,Sarjapur Road,210.0,80.0,Not Applicable,Not Applicable,No,Not Applicable,242,Cash,41,4.3,4.4
2024-07-29 03:46:00,CNR9428831273,Driver Not Found,CID477757,Prime Plus,Richmond Town,Basavanagudi,,,Not Applicable,Not Applicable,Not Applicable,Not Applicable,105,Not Applicable,0,,
2024-07-26 18:43:00,CNR5595828066,Canceled by Driver,CID886335,Auto,RT Nagar,BTM Layout,,,Not Applicable,More than permitted people in there,Not Applicable,Not Applicable,891,Not Applicable,0,,
2024-07-16 17:44:00,CNR2973678734,Success,CID278621,Prime Sedan,Banashankari,Basavanagudi,35.0,145.0,Not Applicable,Not Applicable,No,Not Applicable,2846,Cash,23,3.4,4.9
2024-07-02 15:26:00,CNR8398763844,Success,CID251543,Prime SUV,Yelahanka,Bannerghatta Road,238.0,60.0,Not Applicable,Not Applicable,No,Not Applicable,381,UPI,2,4.9,3.3
2024-07-29 13:39:00,CNR4641761559,Success,CID181780,Prime SUV,Rajarajeshwari Nagar,Indiranagar,308.0,70.0,Not Applicable,Not Applicable,No,Not Applicable,173,UPI,25,4.2,3.9
2024-07-27 04:29:00,CNR8076522933,Success,CID642356,Bike,Hennur,Yelahanka,42.0,105.0,Not Applicable,Not Applicable,No,Not Applicable,602,Cash,14,3.8,4.9
2024-07-16 23:12:00,CNR6425771182,Success,CID397625,Prime Plus,Hebbal,Yelahanka,266.0,75.0,Not Applicable,Not Applicable,No,Not Applicable,344,Cash,33,4.2,3.4
2024-07-30 14:10:00,CNR5112765384,Success,CID952597,Prime Plus,Mysore Road,Vijayanagar,84.0,145.0,Not Applicable,Not Applicable,Yes,Other Issue,416,UPI,33,4.5,4.2
2024-07-13 15:11:00,CNR8028962439,Success,CID689543,Prime SUV,Vijayanagar,Frazer Town,266.0,120.0,Not Applicable,Not Applicable,No,Not Applicable,396,UPI,39,3.5,3.4
2024-07-20 14:52:00,CNR6155199683,Success,CID191023,Bike,Hosur Road,Bellandur,42.0,120.0,Not Applicable,Not Applicable,No,Not Applicable,526,Cash,32,4.3,3.2
2024-07-29 16:43:00,CNR2102699482,Success,CID638769,Bike,Hennur,Mysore Road,56.0,60.0,Not Applicable,Not Applicable,Yes,Vehicle Breakdown,226,Cash,4,3.4,4.2
2024-07-30 05:59:00,CNR7638907150,Canceled by Customer,CID279573,Prime Sedan,Cox Town,Chamarajpet,,,Driver asked to cancel,Not Applicable,Not Applicable,Not Applicable,524,Not Applicable,0,,
2024-07-16 18:57:00,CNR5199169213,Canceled by Driver,CID999819,Prime SUV,Chickpet,Marathahalli,,,Not Applicable,Customer related issue,Not Applicable,Not Applicable,295,Not Applicable,0,,
2024-07-07 18:32:00,CNR4792991373,Success,CID916346,Auto,Majestic,KR Puram,196.0,25.0,Not Applicable,Not Applicable,No,Not Applicable,364,Credit Card,19,5.0,3.3
2024-07-22 12:05:00,CNR9701390195,Canceled by Driver,CID175599,Prime SUV,Mysore Road,Sarjapur Road,,,Not Applicable,Customer related issue,Not Applicable,Not Applicable,364,Not Applicable,0,,
2024-07-28 08:32:00,CNR8782752672,Canceled by Customer,CID849973,eBike,Kengeri,Hebbal,,,Wrong Address,Not Applicable,Not Applicable,Not Applicable,137,Not Applicable,0,,
2024-07-15 02:16:00,CNR2750693923,Success,CID955990,Prime Plus,Devanahalli,Yeshwanthpur,175.0,65.0,Not Applicable,Not Applicable,No,Not Applicable,1854,UPI,14,4.0,4.5
2024-07-02 22:16:00,CNR2345875216,Success,CID288521,Prime Plus,Shivajinagar,Langford Town,133.0,115.0,Not Applicable,Not Applicable,No,Not Applicable,411,Cash,34,4.2,4.3
2024-07-28 09:46:00,CNR5945016797,Canceled by Customer,CID640577,Auto,Varthur,Shivajinagar,,,Driver asked to cancel,Not Applicable,Not Applicable,Not Applicable,360,Not Applicable,0,,
2024-07-17 23:47:00,CNR6460283703,Success,CID389686,Auto,JP Nagar,Mysore Road,287.0,30.0,Not Applicable,Not Applicable,No,Not Applicable,709,Cash,15,3.7,3.1
2024-07-02 02:06:00,CNR8726425567,Success,CID710003,Prime SUV,Koramangala,RT Nagar,147.0,95.0,Not Applicable,Not Applicable,No,Not Applicable,164,Cash,8,4.5,4.9
2024-07-30 12:56:00,CNR1265458088,Canceled by Driver,CID314704,Prime Sedan,KR Puram,Basavanagudi,,,Not Applicable,Customer related issue,Not Applicable,Not Applicable,586,Not Applicable,0,,
2024-07-28 01:28:00,CNR2240211553,Success,CID138418,Mini,Shantinagar,Chamarajpet,84.0,30.0,Not Applicable,Not Applicable,No,Not Applicable,777,UPI,15,3.8,3.3
2024-07-28 14:36:00,CNR6918008166,Success,CID923609,Prime Sedan,Sarjapur Road,Kengeri,56.0,55.0,Not Applicable,Not Applicable,No,Not Applicable,223,UPI,15,4.6,3.8
2024-07-05 08:32:00,CNR7095680851,Canceled by Driver,CID925145,Prime Sedan,Banashankari,Majestic,,,Not Applicable,Personal & Car related issue,Not Applicable,Not Applicable,2254,Not Applicable,0,,
2024-07-14 01:01:00,CNR8517524749,Success,CID417810,Prime Plus,Padmanabhanagar,Hosur Road,217.0,30.0,Not Applicable,Not Applicable,No,Not Applicable,896,Cash,14,5.0,3.4
2024-07-15 06:04:00,CNR6185626120,Canceled by Driver,CID768296,Prime Sedan,Richmond Town,Malleshwaram,,,Not Applicable,Personal & Car related issue,Not Applicable,Not Applicable,253,Not Applicable,0,,
2024-07-07 15:43:00,CNR3840217004,Canceled by Driver,CID897457,Prime Sedan,Hulimavu,Bellandur,,,Not Applicable,Personal & Car related issue,Not Applicable,Not Applicable,765,Not Applicable,0,,
2024-07-10 07:45:00,CNR4412413379,Canceled by Driver,CID189819,Auto,Devanahalli,Nagarbhavi,,,Not Applicable,Customer related issue,Not Applicable,Not Applicable,100,Not Applicable,0,,
2024-07-14 21:00:00,CNR3443311969,Success,CID908749,Prime Sedan,Hebbal,Bannerghatta Road,175.0,95.0,Not Applicable,Not Applicable,No,Not Applicable,151,Cash,32,4.7,3.0
2024-07-03 09:40:00,CNR1660435307,Success,CID600337,Prime SUV,Electronic City,Hennur,203.0,135.0,Not Applicable,Not Applicable,No,Not Applicable,357,Cash,27,3.0,4.5
2024-07-13 07:49:00,CNR3486347540,Success,CID480573,Prime Plus,Hebbal,Varthur,147.0,35.0,Not Applicable,Not Applicable,No,Not Applicable,150,Cash,29,4.1,4.9
2024-07-30 17:48:00,CNR6300925024,Success,CID102735,Mini,Vijayanagar,HSR Layout,84.0,75.0,Not Applicable,Not Applicable,No,Not Applicable,477,UPI,19,3.4,4.0
2024-07-27 01:37:00,CNR1984201155,Driver Not Found,CID492284,Prime Sedan,HSR Layout,Vijayanagar,,,Not Applicable,Not Applicable,Not Applicable,Not Applicable,221,Not Applicable,0,,
2024-07-30 17:12:00,CNR9522329770,Driver Not Found,CID143273,Auto,Frazer Town,Hosur Road,,,Not Applicable,Not Applicable,Not Applicable,Not Applicable,748,Not Applicable,0,,
2024-07-28 21:03:00,CNR9351905094,Driver Not Found,CID647205,Prime Sedan,Hulimavu,Hennur,,,Not Applicable,Not Applicable,Not Applicable,Not Applicable,298,Not Applicable,0,,
2024-07-03 03:03:00,CNR3610201517,Success,CID428286,Prime Plus,Marathahalli,HSR Layout,175.0,40.0,Not Applicable,Not Applicable,No,Not Applicable,330,Cash,47,4.7,5.0
2024-07-04 14:04:00,CNR4120460746,Success,CID945265,eBike,Bannerghatta Road,Indiranagar,168.0,135.0,Not Applicable,Not Applicable,No,Not Applicable,149,UPI,32,3.7,4.8
2024-07-26 15:00:00,CNR7299394384,Driver Not Found,CID911614,Bike,Koramangala,HSR Layout,,,Not Applicable,Not Applicable,Not Applicable,Not Applicable,558,Not Applicable,0,,
2024-07-26 23:18:00,CNR7350890638,Success,CID871886,Mini,Electronic City,Hebbal,189.0,50.0,Not Applicable,Not Applicable,No,Not Applicable,376,UPI,8,4.5,4.3
2024-07-06 10:33:00,CNR6523649424,Canceled by Driver,CID545299,Bike,Ramamurthy Nagar,Frazer Town,,,Not Applicable,Personal & Car related issue,Not Applicable,Not Applicable,671,Not Applicable,0,,
2024-07-11 16:44:00,CNR1751794205,Success,CID524585,eBike,KR Puram,Frazer Town,294.0,105.0,Not Applicable,Not Applicable,No,Not Applicable,238,UPI,3,3.5,4.9
2024-07-12 13:09:00,CNR4630782091,Canceled by Driver,CID398944,eBike,Malleshwaram,Shivajinagar,,,Not Applicable,Customer was coughing/sick,Not Applicable,Not Applicable,627,Not Applicable,0,,
2024-07-10 12:10:00,CNR1495326483,Success,CID526001,Prime Sedan,HSR Layout,Chickpet,189.0,40.0,Not Applicable,Not Applicable,Yes,Customer Demand,556,Cash,2,3.5,3.4
2024-07-02 22:45:00,CNR4399677851,Success,CID507112,Bike,Ulsoor,HSR Layout,224.0,135.0,Not Applicable,Not Applicable,No,Not Applicable,132,UPI,25,3.3,4.3
2024-07-30 03:51:00,CNR1190140389,Success,CID954337,Prime Sedan,Peenya,Hosur Road,280.0,45.0,Not Applicable,Not Applicable,No,Not Applicable,386,Cash,29,4.4,4.8
2024-07-14 05:00:00,CNR8763570292,Canceled by Customer,CID247811,Mini,Basavanagudi,Majestic,,,Change of plans,Not Applicable,Not Applicable,Not Applicable,201,Not Applicable,0,,
2024-07-26 02:19:00,CNR5946658081,Success,CID404243,Prime Plus,Yeshwanthpur,Nagarbhavi,252.0,50.0,Not Applicable,Not Applicable,No,Not Applicable,415,Cash,7,3.2,3.9
2024-07-11 04:00:00,CNR9310256214,Canceled by Customer,CID593115,Auto,BTM Layout,Sahakar Nagar,,,Driver asked to cancel,Not Applicable,Not Applicable,Not Applicable,354,Not Applicable,0,,
2024-07-06 06:37:00,CNR3690142614,Success,CID305816,eBike,Frazer Town,Ulsoor,301.0,40.0,Not Applicable,Not Applicable,No,Not Applicable,223,Cash,16,4.3,3.8
2024-07-07 07:53:00,CNR3117401754,Success,CID503888,Prime SUV,MG Road,Chamarajpet,294.0,115.0,Not Applicable,Not Applicable,No,Not Applicable,2102,Cash,18,3.3,3.9
2024-07-20 18:58:00,CNR5435379552,Success,CID418568,Prime Plus,Banashankari,Kengeri,259.0,110.0,Not Applicable,Not Applicable,No,Not Applicable,462,UPI,2,4.9,3.0
2024-07-21 07:49:00,CNR4638671432,Success,CID342302,Auto,Malleshwaram,Basavanagudi,63.0,85.0,Not Applicable,Not Applicable,Yes,Vehicle Breakdown,877,UPI,1,3.4,3.3
2024-07-01 09:30:00,CNR1653553580,Success,CID236957,Prime SUV,Frazer Town,Chickpet,252.0,65.0,Not Applicable,Not Applicable,No,Not Applicable,213,Cash,35,4.9,3.9
2024-07-19 13:46:00,CNR3447001785,Success,CID684812,Prime Plus,Yeshwanthpur,Banashankari,301.0,70.0,Not Applicable,Not Applicable,No,Not Applicable,240,Cash,33,5.0,3.3
2024-07-05 20:40:00,CNR7242354127,Canceled by Customer,CID107321,Prime SUV,Tumkur Road,MG Road,,,Driver asked to cancel,Not Applicable,Not Applicable,Not Applicable,311,Not Applicable,0,,
2024-07-14 17:27:00,CNR3328677342,Success,CID532339,Mini,Banashankari,Chamarajpet,154.0,110.0,Not Applicable,Not Applicable,No,Not Applicable,2214,Cash,9,4.0,3.5
2024-07-20 02:39:00,CNR5897279723,Success,CID720741,Prime Plus,Kengeri,Nagarbhavi,112.0,25.0,Not Applicable,Not Applicable,No,Not Applicable,365,Cash,25,4.2,4.8
2024-07-16 17:55:00,CNR9292175852,Success,CID817925,Prime Plus,KR Puram,Koramangala,294.0,55.0,Not Applicable,Not Applicable,No,Not Applicable,145,UPI,9,4.1,3.4
2024-07-17 19:08:00,CNR1369965383,Success,CID992405,Auto,Ulsoor,Rajajinagar,308.0,115.0,Not Applicable,Not Applicable,No,Not Applicable,2179,Cash,9,4.6,3.6
2024-07-16 17:13:00,CNR2557093871,Canceled by Driver,CID779269,eBike,Langford Town,Indiranagar,,,Not Applicable,Customer related issue,Not Applicable,Not Applicable,152,Not Applicable,0,,
2024-07-07 14:32:00,CNR5073574391,Driver Not Found,CID355285,Prime SUV,JP Nagar,Hebbal,,,Not Applicable,Not Applicable,Not Applicable,Not Applicable,388,Not Applicable,0,,
2024-07-20 07:47:00,CNR7192769696,Success,CID483432,Prime Sedan,Frazer Town,Mysore Road,112.0,40.0,Not Applicable,Not Applicable,No,Not Applicable,432,Credit Card,20,3.3,5.0
2024-07-07 11:06:00,CNR3913655221,Success,CID668286,Prime Sedan,BTM Layout,MG Road,154.0,115.0,Not Applicable,Not Applicable,Yes,Vehicle Breakdown,119,Cash,35,3.8,4.8
2024-07-14 15:25:00,CNR3978502565,Driver Not Found,CID948018,Prime Sedan,Rajarajeshwari Nagar,Hosur Road,,,Not Applicable,Not Applicable,Not Applicable,Not Applicable,461,Not Applicable,0,,
2024-07-18 06:03:00,CNR3457736234,Success,CID133310,eBike,Rajajinagar,Magadi Road,259.0,120.0,Not Applicable,Not Applicable,No,Not Applicable,450,UPI,17,4.7,3.1
2024-07-05 11:35:00,CNR4912697418,Canceled by Driver,CID819568,Auto,Devanahalli,Frazer Town,,,Not Applicable,Personal & Car related issue,Not Applicable,Not Applicable,872,Not Applicable,0,,
2024-07-08 14:44:00,CNR6799214442,Driver Not Found,CID657037,Bike,Vijayanagar,Majestic,,,Not Applicable,Not Applicable,Not Applicable,Not Applicable,296,Not Applicable,0,,
2024-07-07 07:32:00,CNR1556099829,Success,CID423231,eBike,Sahakar Nagar,Peenya,189.0,135.0,Not Applicable,Not Applicable,Yes,Vehicle Breakdown,1341,Cash,22,4.8,4.3
2024-07-17 12:00:00,CNR1395045298,Canceled by Customer,CID628369,Mini,Indiranagar,Rajajinagar,,,Driver asked to cancel,Not Applicable,Not Applicable,Not Applicable,354,Not Applicable,0,,
2024-07-01 21:14:00,CNR1606950915,Success,CID116523,eBike,Indiranagar,JP Nagar,42.0,90.0,Not Applicable,Not Applicable,No,Not Applicable,1455,UPI,45,4.7,3.6
2024-07-27 15:27:00,CNR5957717395,Success,CID197386,Auto,Shantinagar,Yelahanka,266.0,45.0,Not Applicable,Not Applicable,No,Not Applicable,929,Cash,11,3.8,3.1
2024-07-17 03:38:00,CNR3309364239,Success,CID644675,Bike,Majestic,Jayanagar,70.0,105.0,Not Applicable,Not Applicable,No,Not Applicable,1277,Credit Card,5,3.9,4.7
2024-07-03 02:08:00,CNR5791906239,Success,CID847197,Mini,Rajajinagar,Chickpet,168.0,25.0,Not Applicable,Not Applicable,No,Not Applicable,170,UPI,44,3.8,3.1
2024-07-17 23:04:00,CNR3686473403,Canceled by Driver,CID115944,Prime Plus,Marathahalli,Hennur,,,Not Applicable,Personal & Car related issue,Not Applicable,Not Applicable,856,Not Applicable,0,,
2024-07-30 17:57:00,CNR7435492047,Success,CID577531,Auto,Whitefield,Ramamurthy Nagar,217.0,25.0,Not Applicable,Not Applicable,Yes,Vehicle Breakdown,386,Cash,10,3.3,4.9
2024-07-11 13:45:00,CNR6713745638,Success,CID480417,Prime Sedan,Basavanagudi,MG Road,259.0,100.0,Not Applicable,Not Applicable,No,Not Applicable,180,Cash,5,4.2,3.8
2024-07-24 05:21:00,CNR8904678407,Success,CID767621,Mini,Langford Town,Yeshwanthpur,168.0,105.0,Not Applicable,Not Applicable,No,Not Applicable,133,Cash,45,4.0,4.1
2024-07-26 21:35:00,CNR7038475416,Success,CID833414,eBike,KR Puram,Magadi Road,308.0,80.0,Not Applicable,Not Applicable,No,Not Applicable,785,UPI,13,4.7,3.3
2024-07-22 07:47:00,CNR3982739328,Driver Not Found,CID485805,Mini,Magadi Road,Langford Town,,,Not Applicable,Not Applicable,Not Applicable,Not Applicable,564,Not Applicable,0,,
2024-07-20 18:06:00,CNR5713566367,Driver Not Found,CID210298,Prime Plus,Electronic City,Kengeri,,,Not Applicable,Not Applicable,Not Applicable,Not Applicable,384,Not Applicable,0,,
2024-07-06 20:43:00,CNR7951186214,Success,CID699008,Prime Sedan,Kengeri,Jayanagar,217.0,115.0,Not Applicable,Not Applicable,No,Not Applicable,216,UPI,13,4.5,3.9
2024-07-13 13:32:00,CNR8249459405,Success,CID147043,eBike,Kammanahalli,Cox Town,301.0,130.0,Not Applicable,Not Applicable,No,Not Applicable,550,Cash,34,4.0,4.1
2024-07-04 16:20:00,CNR5446132782,Success,CID564096,eBike,Peenya,Sahakar Nagar,287.0,145.0,Not Applicable,Not Applicable,No,Not Applicable,125,UPI,30,3.3,3.9
2024-07-20 14:52:00,CNR2926574529,Canceled by Driver,CID738180,eBike,Majestic,Koramangala,,,Not Applicable,Customer was coughing/sick,Not Applicable,Not Applicable,538,Not Applicable,0,,
2024-07-21 18:16:00,CNR5028993712,Canceled by Driver,CID710846,Bike,Langford Town,Cox Town,,,Not Applicable,Customer was coughing/sick,Not Applicable,Not Applicable,270,Not Applicable,0,,
2024-07-20 09:35:00,CNR5739686281,Success,CID874358,Bike,Koramangala,Langford Town,42.0,60.0,Not Applicable,Not Applicable,No,Not Applicable,135,UPI,13,3.7,3.7
2024-07-14 09:49:00,CNR6932139937,Success,CID648750,Prime Plus,Banashankari,Jayanagar,217.0,65.0,Not Applicable,Not Applicable,No,Not Applicable,250,Credit Card,21,4.8,3.9
2024-07-22 15:48:00,CNR1973109042,Success,CID908768,Prime SUV,Hosur Road,Cox Town,259.0,50.0,Not Applicable,Not Applicable,No,Not Applicable,111,Cash,36,4.7,4.5
2024-07-27 22:13:00,CNR6032184459,Success,CID768554,Bike,Magadi Road,RT Nagar,224.0,75.0,Not Applicable,Not Applicable,No,Not Applicable,144,UPI,45,3.3,4.2
2024-07-03 06:05:00,CNR1216310758,Success,CID680897,Prime Sedan,Bellandur,Yeshwanthpur,175.0,35.0,Not Applicable,Not Applicable,No,Not Applicable,392,Cash,25,4.9,4.5
2024-07-30 12:32:00,CNR3096077690,Success,CID431184,Bike,Kadugodi,Bannerghatta Road,238.0,145.0,Not Applicable,Not Applicable,No,Not Applicable,110,UPI,14,4.5,3.7
2024-07-09 02:32:00,CNR7818819059,Canceled by Driver,CID263707,Prime SUV,Padmanabhanagar,RT Nagar,,,Not Applicable,Customer was coughing/sick,Not Applicable,Not Applicable,1362,Not Applicable,0,,
2024-07-25 23:07:00,CNR1386269703,Success,CID260462,eBike,Bellandur,Sahakar Nagar,119.0,85.0,Not Applicable,Not Applicable,No,Not Applicable,1018,UPI,17,3.7,3.2
2024-07-06 12:09:00,CNR7916889850,Canceled by Driver,CID889265,Mini,Devanahalli,Banashankari,,,Not Applicable,Personal & Car related issue,Not Applicable,Not Applicable,1796,Not Applicable,0,,
2024-07-12 21:28:00,CNR7943909920,Success,CID470533,Auto,Padmanabhanagar,Hulimavu,56.0,50.0,Not Applicable,Not Applicable,No,Not Applicable,374,UPI,12,4.2,5.0
2024-07-29 16:15:00,CNR6378898916,Canceled by Driver,CID641082,Mini,Yelahanka,Richmond Town,,,Not Applicable,Customer was coughing/sick,Not Applicable,Not Applicable,863,Not Applicable,0,,
2024-07-01 20:32:00,CNR5831850993,Canceled by Driver,CID688140,Bike,Chamarajpet,Rajajinagar,,,Not Applicable,Customer related issue,Not Applicable,Not Applicable,997,Not Applicable,0,,
2024-07-16 13:40:00,CNR3275997494,Driver Not Found,CID861668,Mini,Vijayanagar,Varthur,,,Not Applicable,Not Applicable,Not Applicable,Not Applicable,257,Not Applicable,0,,
2024-07-12 22:47:00,CNR6156131920,Canceled by Driver,CID599833,eBike,Vijayanagar,Sarjapur Road,,,Not Applicable,Customer related issue,Not Applicable,Not Applicable,443,Not Applicable,0,,
2024-07-11 17:39:00,CNR8856598322,Canceled by Driver,CID116083,Mini,HSR Layout,Tumkur Road,,,Not Applicable,Customer was coughing/sick,Not Applicable,Not Applicable,239,Not Applicable,0,,
2024-07-11 04:47:00,CNR6880487189,Success,CID173513,Mini,Kammanahalli,Bannerghatta Road,259.0,40.0,Not Applicable,Not Applicable,No,Not Applicable,317,Cash,39,3.3,3.6
2024-07-30 15:00:00,CNR6714250655,Canceled by Driver,CID134389,eBike,Hosur Road,Shantinagar,,,Not Applicable,Customer was coughing/sick,Not Applicable,Not Applicable,312,Not Applicable,0,,
2024-07-21 15:48:00,CNR5474489000,Canceled by Driver,CID633526,Prime Plus,Hosur Road,Richmond Town,,,Not Applicable,More than permitted people in there,Not Applicable,Not Applicable,152,Not Applicable,0,,
2024-07-11 05:11:00,CNR2935955254,Success,CID704741,eBike,Richmond Town,Nagarbhavi,147.0,90.0,Not Applicable,Not Applicable,No,Not Applicable,760,UPI,36,3.9,4.8
2024-07-23 19:58:00,CNR5494475552,Canceled by Customer,CID557219,Prime Sedan,Hosur Road,Hennur,,,Change of plans,Not Applicable,Not Applicable,Not Applicable,168,Not Applicable,0,,
2024-07-28 05:21:00,CNR6509877490,Canceled by Customer,CID792664,Prime Sedan,Hosur Road,Indiranagar,,,AC is Not working,Not Applicable,Not Applicable,Not Applicable,1430,Not Applicable,0,,
2024-07-26 11:32:00,CNR8785057992,Canceled by Driver,CID196684,Prime Plus,Shantinagar,Marathahalli,,,Not Applicable,Customer related issue,Not Applicable,Not Applicable,114,Not Applicable,0,,
2024-07-08 23:54:00,CNR4953206946,Success,CID376672,Prime Plus,Cox Town,Frazer Town,49.0,85.0,Not Applicable,Not Applicable,No,Not Applicable,708,Cash,28,4.4,3.8
2024-07-15 22:07:00,CNR9728632549,Success,CID993701,Auto,Indiranagar,Hennur,77.0,90.0,Not Applicable,Not Applicable,No,Not Applicable,330,Cash,10,4.7,3.4
2024-07-30 14:07:00,CNR7264391033,Canceled by Driver,CID752913,Bike,Marathahalli,Padmanabhanagar,,,Not Applicable,More than permitted people in there,Not Applicable,Not Applicable,508,Not Applicable,0,,
2024-07-11 12:29:00,CNR4148574358,Canceled by Customer,CID977563,Auto,Kadugodi,Bannerghatta Road,,,Wrong Address,Not Applicable,Not Applicable,Not Applicable,464,Not Applicable,0,,
2024-07-24 02:25:00,CNR2420377096,Canceled by Driver,CID341088,Auto,Whitefield,Koramangala,,,Not Applicable,Personal & Car related issue,Not Applicable,Not Applicable,889,Not Applicable,0,,
2024-07-08 08:07:00,CNR9487574382,Success,CID934250,Prime SUV,Koramangala,Langford Town,105.0,50.0,Not Applicable,Not Applicable,Yes,Customer Demand,263,UPI,26,4.5,4.0
2024-07-19 22:04:00,CNR4823585200,Success,CID521915,Mini,Chickpet,Mysore Road,196.0,70.0,Not Applicable,Not Applicable,No,Not Applicable,706,Cash,38,3.8,3.3
2024-07-24 10:04:00,CNR7108284393,Success,CID878600,Auto,Shantinagar,Mysore Road,133.0,115.0,Not Applicable,Not Applicable,No,Not Applicable,437,Cash,19,4.0,4.0
2024-07-15 01:03:00,CNR3751386428,Success,CID154407,Prime Sedan,MG Road,Langford Town,252.0,70.0,Not Applicable,Not Applicable,No,Not Applicable,133,Cash,13,4.8,4.1
2024-07-18 10:43:00,CNR5782080849,Canceled by Driver,CID200559,Mini,JP Nagar,Bellandur,,,Not Applicable,Customer related issue,Not Applicable,Not Applicable,421,Not Applicable,0,,
2024-07-16 06:29:00,CNR2870009847,Success,CID690851,Prime SUV,Electronic City,Rajajinagar,266.0,80.0,Not Applicable,Not Applicable,No,Not Applicable,360,Credit Card,7,4.1,3.1
2024-07-01 06:02:00,CNR4910835113,Success,CID644497,Auto,Varthur,Chickpet,217.0,75.0,Not Applicable,Not Applicable,No,Not Applicable,412,UPI,5,4.7,3.8
2024-07-17 04:59:00,CNR6011778234,Success,CID165019,Mini,Kammanahalli,Whitefield,140.0,135.0,Not Applicable,Not Applicable,No,Not Applicable,601,UPI,1,3.8,4.2
2024-07-15 10:09:00,CNR2636267874,Success,CID566531,Prime Plus,Electronic City,Sarjapur Road,280.0,30.0,Not Applicable,Not Applicable,No,Not Applicable,229,UPI,3,4.1,3.4
2024-07-28 16:25:00,CNR4561431834,Success,CID862956,Prime SUV,Marathahalli,Electronic City,56.0,45.0,Not Applicable,Not Applicable,No,Not Applicable,277,Cash,32,3.9,3.7
2024-07-13 19:48:00,CNR9001704328,Success,CID224184,Bike,Chickpet,Hulimavu,126.0,100.0,Not Applicable,Not Applicable,No,Not Applicable,167,UPI,48,3.7,3.8
2024-07-05 05:44:00,CNR4998553988,Canceled by Customer,CID326295,eBike,Langford Town,Koramangala,,,Driver is not moving towards pickup location,Not Applicable,Not Applicable,Not Applicable,251,Not Applicable,0,,
2024-07-08 00:59:00,CNR6572094964,Driver Not Found,CID317464,Mini,Padmanabhanagar,Shantinagar,,,Not Applicable,Not Applicable,Not Applicable,Not Applicable,134,Not Applicable,0,,
2024-07-15 16:08:00,CNR4360979718,Success,CID955600,eBike,Cox Town,Yeshwanthpur,84.0,25.0,Not Applicable,Not Applicable,No,Not Applicable,268,Cash,32,3.4,4.9
2024-07-22 16:50:00,CNR5162385807,Success,CID889682,Mini,Mysore Road,Rajarajeshwari Nagar,287.0,50.0,Not Applicable,Not Applicable,No,Not Applicable,172,Cash,33,3.7,4.9
2024-07-07 20:34:00,CNR8342903127,Success,CID123261,Bike,Vijayanagar,KR Puram,126.0,25.0,Not Applicable,Not Applicable,No,Not Applicable,364,Cash,1,4.6,4.2
2024-07-04 12:39:00,CNR3141345795,Success,CID468831,Prime SUV,Electronic City,Magadi Road,168.0,60.0,Not Applicable,Not Applicable,No,Not Applicable,273,UPI,36,4.0,4.4
2024-07-26 04:30:00,CNR2298651690,Success,CID739952,Prime Plus,Yeshwanthpur,Ulsoor,112.0,85.0,Not Applicable,Not Applicable,No,Not Applicable,964,Cash,22,4.5,4.6
2024-07-06 03:11:00,CNR1363595115,Success,CID273113,Bike,Frazer Town,Ulsoor,105.0,30.0,Not Applicable,Not Applicable,No,Not Applicable,424,Cash,47,3.7,3.3
2024-07-15 17:11:00,CNR9905552309,Success,CID770854,Auto,Rajarajeshwari Nagar,Koramangala,280.0,145.0,Not Applicable,Not Applicable,No,Not Applicable,314,Cash,16,4.1,3.0
2024-07-28 16:23:00,CNR2762648974,Success,CID735431,Prime SUV,Indiranagar,Padmanabhanagar,301.0,60.0,Not Applicable,Not Applicable,No,Not Applicable,237,Cash,29,3.0,3.4
2024-07-21 00:53:00,CNR6667043360,Success,CID974912,Prime Plus,JP Nagar,HSR Layout,84.0,25.0,Not Applicable,Not Applicable,No,Not Applicable,566,UPI,41,4.9,3.2
2024-07-15 18:43:00,CNR5961935318,Success,CID317876,Mini,Frazer Town,Cox Town,189.0,85.0,Not Applicable,Not Applicable,No,Not Applicable,347,Cash,11,3.9,4.5
2024-07-23 13:18:00,CNR2011583782,Canceled by Driver,CID594000,Prime Plus,Peenya,Kadugodi,,,Not Applicable,Personal & Car related issue,Not Applicable,Not Applicable,431,Not Applicable,0,,
2024-07-23 12:55:00,CNR5299647421,Success,CID683604,Prime SUV,Chamarajpet,Ramamurthy Nagar,119.0,110.0,Not Applicable,Not Applicable,No,Not Applicable,2423,UPI,35,3.3,4.2
2024-07-11 14:37:00,CNR4366800368,Canceled by Customer,CID981596,Bike,Sahakar Nagar,Langford Town,,,Change of plans,Not Applicable,Not Applicable,Not Applicable,930,Not Applicable,0,,
2024-07-02 15:09:00,CNR2597775241,Success,CID234397,Auto,Chamarajpet,Hennur,273.0,30.0,Not Applicable,Not Applicable,No,Not Applicable,141,UPI,14,3.7,4.1
2024-07-11 10:51:00,CNR1466539041,Success,CID988655,Auto,Bannerghatta Road,Hebbal,112.0,75.0,Not Applicable,Not Applicable,No,Not Applicable,206,Cash,1,3.2,3.3
2024-07-08 17:35:00,CNR4185601703,Success,CID280814,Mini,Hennur,Sarjapur Road,266.0,140.0,Not Applicable,Not Applicable,No,Not Applicable,241,Cash,27,4.0,4.2
2024-07-02 19:13:00,CNR1412451958,Canceled by Driver,CID683066,Mini,Bannerghatta Road,Kadugodi,,,Not Applicable,Personal & Car related issue,Not Applicable,Not Applicable,445,Not Applicable,0,,
2024-07-09 12:58:00,CNR7467662803,Canceled by Customer,CID776361,Prime Sedan,Bellandur,Kammanahalli,,,Driver asked to cancel,Not Applicable,Not Applicable,Not Applicable,2899,Not Applicable,0,,
2024-07-24 14:40:00,CNR9099648870,Canceled by Driver,CID440550,Bike,Shivajinagar,Bellandur,,,Not Applicable,Personal & Car related issue,Not Applicable,Not Applicable,126,Not Applicable,0,,
2024-07-20 05:10:00,CNR5300278729,Success,CID201119,Prime Sedan,Bannerghatta Road,Yelahanka,273.0,60.0,Not Applicable,Not Applicable,No,Not Applicable,273,Cash,9,4.8,3.8
2024-07-14 11:14:00,CNR3832427369,Success,CID954757,Bike,Tumkur Road,Shantinagar,210.0,115.0,Not Applicable,Not Applicable,No,Not Applicable,272,Cash,17,4.9,4.0
2024-07-30 21:09:00,CNR9205795886,Canceled by Driver,CID284855,Prime Plus,Mysore Road,Jayanagar,,,Not Applicable,More than permitted people in there,Not Applicable,Not Applicable,494,Not Applicable,0,,
2024-07-01 04:26:00,CNR2357682213,Success,CID847308,Auto,Rajarajeshwari Nagar,Kammanahalli,196.0,95.0,Not Applicable,Not Applicable,No,Not Applicable,430,UPI,19,3.6,4.7
2024-07-19 09:32:00,CNR2907025387,Success,CID346765,Mini,Indiranagar,Yeshwanthpur,238.0,45.0,Not Applicable,Not Applicable,No,Not Applicable,176,Cash,13,4.1,4.4
2024-07-06 11:19:00,CNR9262488753,Canceled by Driver,CID517124,Prime Sedan,Langford Town,Rajajinagar,,,Not Applicable,Customer related issue,Not Applicable,Not Applicable,264,Not Applicable,0,,
2024-07-02 22:51:00,CNR1024397056,Success,CID526707,eBike,Nagarbhavi,Varthur,119.0,95.0,Not Applicable,Not Applicable,No,Not Applicable,593,UPI,15,3.2,3.5
2024-07-12 06:40:00,CNR6838575861,Success,CID677891,Bike,Vijayanagar,Kengeri,63.0,55.0,Not Applicable,Not Applicable,No,Not Applicable,209,Cash,22,3.8,4.7
2024-07-30 18:27:00,CNR3422890563,Success,CID395021,eBike,Hebbal,Bellandur,91.0,115.0,Not Applicable,Not Applicable,No,Not Applicable,2680,UPI,26,4.3,3.8
2024-07-27 02:34:00,CNR2090610382,Success,CID588756,Prime SUV,Whitefield,Malleshwaram,245.0,30.0,Not Applicable,Not Applicable,No,Not Applicable,1183,Cash,43,3.3,3.0
2024-07-09 12:08:00,CNR7633464540,Canceled by Driver,CID577483,Mini,Magadi Road,Richmond Town,,,Not Applicable,More than permitted people in there,Not Applicable,Not Applicable,748,Not Applicable,0,,
2024-07-24 02:06:00,CNR8242653223,Driver Not Found,CID417996,Prime Sedan,Kadugodi,RT Nagar,,,Not Applicable,Not Applicable,Not Applicable,Not Applicable,433,Not Applicable,0,,
2024-07-12 04:11:00,CNR8903353921,Canceled by Customer,CID640808,Prime SUV,Bellandur,Rajarajeshwari Nagar,,,Change of plans,Not Applicable,Not Applicable,Not Applicable,340,Not Applicable,0,,
2024-07-05 22:42:00,CNR8032400569,Success,CID446995,Mini,Electronic City,Hosur Road,161.0,110.0,Not Applicable,Not Applicable,No,Not Applicable,390,UPI,29,3.5,3.9
2024-07-09 18:15:00,CNR2337431979,Canceled by Driver,CID227846,Bike,Kadugodi,Yeshwanthpur,,,Not Applicable,Customer was coughing/sick,Not Applicable,Not Applicable,140,Not Applicable,0,,
2024-07-10 02:02:00,CNR7073664797,Driver Not Found,CID121212,eBike,Hosur Road,Magadi Road,,,Not Applicable,Not Applicable,Not Applicable,Not Applicable,668,Not Applicable,0,,
2024-07-16 09:09:00,CNR2723281612,Driver Not Found,CID250790,Bike,BTM Layout,Hebbal,,,Not Applicable,Not Applicable,Not Applicable,Not Applicable,2399,Not Applicable,0,,
2024-07-04 19:35:00,CNR3819568203,Success,CID373421,Prime Plus,Peenya,Richmond Town,35.0,125.0,Not Applicable,Not Applicable,No,Not Applicable,954,Cash,25,4.8,4.6
2024-07-22 04:47:00,CNR6684776304,Success,CID772224,eBike,Malleshwaram,Hulimavu,266.0,35.0,Not Applicable,Not Applicable,Yes,Customer Demand,161,UPI,49,3.3,3.6
2024-07-17 01:49:00,CNR5328685040,Success,CID368457,Mini,Hennur,RT Nagar,98.0,110.0,Not Applicable,Not Applicable,No,Not Applicable,411,Cash,9,4.6,4.3
2024-07-14 10:22:00,CNR8021618570,Driver Not Found,CID201147,eBike,Basavanagudi,Richmond Town,,,Not Applicable,Not Applicable,Not Applicable,Not Applicable,169,Not Applicable,0,,
2024-07-04 08:42:00,CNR9652565989,Driver Not Found,CID425477,Bike,Frazer Town,Shivajinagar,,,Not Applicable,Not Applicable,Not Applicable,Not Applicable,928,Not Applicable,0,,
2024-07-17 18:06:00,CNR8932871238,Canceled by Customer,CID566647,Prime SUV,Ulsoor,Kengeri,,,AC is Not working,Not Applicable,Not Applicable,Not Applicable,189,Not Applicable,0,,
2024-07-08 15:00:00,CNR7220739635,Success,CID582082,Prime Plus,Shivajinagar,Yelahanka,308.0,90.0,Not Applicable,Not Applicable,No,Not Applicable,113,Cash,17,4.6,3.2
2024-07-23 16:10:00,CNR5668178827,Driver Not Found,CID513167,Prime Plus,Frazer Town,Chickpet,,,Not Applicable,Not Applicable,Not Applicable,Not Applicable,495,Not Applicable,0,,
2024-07-02 11:14:00,CNR2405544850,Canceled by Driver,CID772650,eBike,Kadugodi,Magadi Road,,,Not Applicable,More than permitted people in there,Not Applicable,Not Applicable,111,Not Applicable,0,,
2024-07-23 05:07:00,CNR4773846940,Success,CID275419,Prime SUV,Yeshwanthpur,JP Nagar,210.0,145.0,Not Applicable,Not Applicable,No,Not Applicable,282,UPI,10,4.7,4.2
2024-07-06 20:38:00,CNR6268698276,Success,CID929203,eBike,Basavanagudi,Cox Town,84.0,120.0,Not Applicable,Not Applicable,No,Not Applicable,258,Cash,33,3.5,4.4
2024-07-18 06:29:00,CNR7694633338,Success,CID201851,Auto,Basavanagudi,Tumkur Road,140.0,105.0,Not Applicable,Not Applicable,No,Not Applicable,240,Cash,17,4.7,4.7
2024-07-10 08:20:00,CNR4828878598,Success,CID424418,Prime Plus,Mysore Road,Majestic,189.0,130.0,Not Applicable,Not Applicable,No,Not Applicable,253,UPI,18,3.9,4.0
2024-07-09 07:57:00,CNR1122235998,Success,CID518056,eBike,Hosur Road,Whitefield,266.0,145.0,Not Applicable,Not Applicable,No,Not Applicable,122,Credit Card,32,5.0,3.9
2024-07-24 08:17:00,CNR4913842326,Success,CID596101,Prime SUV,Vijayanagar,Majestic,280.0,145.0,Not Applicable,Not Applicable,No,Not Applicable,126,Cash,41,4.8,4.0
2024-07-19 05:02:00,CNR5052255779,Success,CID321520,Bike,Hulimavu,Frazer Town,56.0,120.0,Not Applicable,Not Applicable,No,Not Applicable,568,Cash,7,3.5,4.2
2024-07-24 08:04:00,CNR8070176484,Canceled by Driver,CID208797,eBike,Cox Town,Bellandur,,,Not Applicable,Customer was coughing/sick,Not Applicable,Not Applicable,333,Not Applicable,0,,
2024-07-10 12:15:00,CNR3715019784,Success,CID796080,Prime Plus,Whitefield,Rajarajeshwari Nagar,238.0,125.0,Not Applicable,Not Applicable,No,Not Applicable,490,UPI,46,4.0,4.6
2024-07-06 11:39:00,CNR4872794707,Success,CID652931,Prime Sedan,Yelahanka,Tumkur Road,77.0,115.0,Not Applicable,Not Applicable,No,Not Applicable,398,Cash,10,4.7,3.1
2024-07-18 10:27:00,CNR4487135940,Success,CID949757,Bike,Cox Town,Hebbal,252.0,55.0,Not Applicable,Not Applicable,No,Not Applicable,133,UPI,27,3.9,3.3
2024-07-18 11:29:00,CNR2636259044,Success,CID914761,Prime Sedan,Shivajinagar,Richmond Town,217.0,75.0,Not Applicable,Not Applicable,No,Not Applicable,902,UPI,4,3.2,4.1
2024-07-27 19:30:00,CNR6069426290,Success,CID454390,Prime Plus,Padmanabhanagar,Electronic City,77.0,140.0,Not Applicable,Not Applicable,No,Not Applicable,630,UPI,39,3.8,3.0
2024-07-30 03:13:00,CNR2958214040,Canceled by Driver,CID121297,Auto,Indiranagar,KR Puram,,,Not Applicable,Personal & Car related issue,Not Applicable,Not Applicable,467,Not Applicable,0,,
2024-07-16 13:59:00,CNR1321050675,Canceled by Driver,CID276585,Prime SUV,Langford Town,Padmanabhanagar,,,Not Applicable,More than permitted people in there,Not Applicable,Not Applicable,693,Not Applicable,0,,
2024-07-03 05:54:00,CNR3927802232,Success,CID752327,Prime Plus,HSR Layout,Nagarbhavi,280.0,40.0,Not Applicable,Not Applicable,No,Not Applicable,195,Debit Card,4,3.5,4.0
2024-07-23 04:26:00,CNR5469832108,Success,CID830553,Mini,Bannerghatta Road,Banashankari,210.0,95.0,Not Applicable,Not Applicable,Yes,Vehicle Breakdown,294,UPI,19,4.4,4.2
2024-07-19 20:44:00,CNR2570383976,Success,CID135124,eBike,Koramangala,Kammanahalli,175.0,75.0,Not Applicable,Not Applicable,No,Not Applicable,141,UPI,19,3.8,4.2
2024-07-16 11:27:00,CNR7706137836,Success,CID502311,Bike,Mysore Road,Richmond Town,224.0,40.0,Not Applicable,Not Applicable,No,Not Applicable,133,UPI,21,3.2,4.5
2024-07-16 20:53:00,CNR1213632037,Success,CID591390,Prime Plus,Kengeri,Peenya,70.0,70.0,Not Applicable,Not Applicable,No,Not Applicable,483,Cash,12,3.7,4.5
2024-07-02 08:03:00,CNR3204476399,Canceled by Customer,CID316892,eBike,Richmond Town,BTM Layout,,,AC is Not working,Not Applicable,Not Applicable,Not Applicable,313,Not Applicable,0,,
2024-07-30 00:49:00,CNR2242245226,Success,CID801110,Auto,Electronic City,Ulsoor,266.0,125.0,Not Applicable,Not Applicable,No,Not Applicable,303,Cash,1,3.2,4.6
2024-07-18 09:37:00,CNR5132727000,Success,CID260213,Bike,Electronic City,Shantinagar,112.0,50.0,Not Applicable,Not Applicable,No,Not Applicable,235,Cash,43,4.9,4.4
2024-07-05 12:26:00,CNR1197861661,Success,CID133495,Mini,Kadugodi,Bannerghatta Road,35.0,140.0,Not Applicable,Not Applicable,No,Not Applicable,368,Cash,2,4.8,4.1
2024-07-11 12:47:00,CNR4821508703,Canceled by Driver,CID211413,Prime SUV,Padmanabhanagar,Cox Town,,,Not Applicable,More than permitted people in there,Not Applicable,Not Applicable,317,Not Applicable,0,,
2024-07-04 00:17:00,CNR8032768660,Success,CID579899,Mini,Devanahalli,Yelahanka,252.0,55.0,Not Applicable,Not Applicable,No,Not Applicable,226,UPI,33,4.2,3.8
2024-07-25 13:39:00,CNR6034705488,Success,CID585103,Bike,Hebbal,Hennur,49.0,95.0,Not Applicable,Not Applicable,No,Not Applicable,2294,Cash,47,4.1,4.9
2024-07-27 08:39:00,CNR6494605282,Success,CID456297,Bike,HSR Layout,Majestic,77.0,85.0,Not Applicable,Not Applicable,No,Not Applicable,432,UPI,29,4.5,3.5
2024-07-03 15:58:00,CNR1566250165,Driver Not Found,CID723578,Auto,Chamarajpet,Indiranagar,,,Not Applicable,Not Applicable,Not Applicable,Not Applicable,334,Not Applicable,0,,
2024-07-08 00:51:00,CNR3305350619,Success,CID671101,Prime Plus,Varthur,Hennur,210.0,75.0,Not Applicable,Not Applicable,No,Not Applicable,189,UPI,48,4.7,3.6
2024-07-01 04:55:00,CNR5385122319,Canceled by Driver,CID215558,Auto,Indiranagar,Mysore Road,,,Not Applicable,Customer was coughing/sick,Not Applicable,Not Applicable,203,Not Applicable,0,,
2024-07-12 04:30:00,CNR1491033047,Canceled by Customer,CID106111,Prime Plus,Sahakar Nagar,Magadi Road,,,Change of plans,Not Applicable,Not Applicable,Not Applicable,942,Not Applicable,0,,
2024-07-27 14:17:00,CNR9296556097,Success,CID901392,Prime Sedan,Hennur,Kengeri,161.0,130.0,Not Applicable,Not Applicable,No,Not Applicable,739,UPI,9,4.0,4.7
2024-07-22 09:33:00,CNR4523759386,Canceled by Customer,CID412457,Bike,Hennur,Kadugodi,,,AC is Not working,Not Applicable,Not Applicable,Not Applicable,305,Not Applicable,0,,
2024-07-10 21:48:00,CNR4945356230,Success,CID296480,Auto,BTM Layout,MG Road,294.0,120.0,Not Applicable,Not Applicable,No,Not Applicable,505,UPI,9,3.7,3.1
2024-07-18 02:06:00,CNR8840889707,Success,CID358830,eBike,Frazer Town,Whitefield,112.0,40.0,Not Applicable,Not Applicable,No,Not Applicable,1271,UPI,33,4.5,3.4
2024-07-11 10:07:00,CNR6579530550,Canceled by Customer,CID113071,eBike,Langford Town,Tumkur Road,,,Driver is not moving towards pickup location,Not Applicable,Not Applicable,Not Applicable,263,Not Applicable,0,,
2024-07-24 03:01:00,CNR2543481388,Canceled by Driver,CID148110,eBike,MG Road,Yeshwanthpur,,,Not Applicable,Customer was coughing/sick,Not Applicable,Not Applicable,136,Not Applicable,0,,
2024-07-23 19:32:00,CNR2665160727,Canceled by Customer,CID662012,Auto,Langford Town,Rajarajeshwari Nagar,,,Driver asked to cancel,Not Applicable,Not Applicable,Not Applicable,495,Not Applicable,0,,
2024-07-16 16:35:00,CNR3770900308,Success,CID231068,Mini,Peenya,JP Nagar,147.0,130.0,Not Applicable,Not Applicable,No,Not Applicable,280,Cash,30,4.2,3.2
2024-07-25 19:45:00,CNR6974023063,Canceled by Customer,CID462608,Prime Sedan,Bellandur,Hebbal,,,Change of plans,Not Applicable,Not Applicable,Not Applicable,401,Not Applicable,0,,
2024-07-20 18:14:00,CNR5788478566,Success,CID193983,Prime SUV,HSR Layout,Peenya,224.0,50.0,Not Applicable,Not Applicable,No,Not Applicable,379,UPI,16,4.0,3.7
2024-07-17 16:39:00,CNR3453917811,Success,CID194371,Prime Plus,Cox Town,HSR Layout,161.0,35.0,Not Applicable,Not Applicable,Yes,Vehicle Breakdown,471,UPI,49,3.3,3.1
2024-07-13 04:47:00,CNR8398563706,Success,CID705586,Bike,Bannerghatta Road,Majestic,238.0,45.0,Not Applicable,Not Applicable,No,Not Applicable,245,UPI,34,3.0,3.0
2024-07-01 18:49:00,CNR4687810913,Success,CID409762,Auto,Bellandur,Varthur,154.0,65.0,Not Applicable,Not Applicable,No,Not Applicable,817,UPI,12,5.0,3.5
2024-07-10 21:12:00,CNR5623239134,Canceled by Driver,CID757006,Mini,Varthur,Varthur,,,Not Applicable,Customer related issue,Not Applicable,Not Applicable,322,Not Applicable,0,,
2024-07-04 04:03:00,CNR5587431657,Success,CID380257,Prime Plus,Rajajinagar,Chickpet,245.0,100.0,Not Applicable,Not Applicable,No,Not Applicable,471,Cash,7,4.9,4.7
2024-07-15 14:42:00,CNR7155192014,Success,CID791841,eBike,Rajajinagar,Chickpet,77.0,125.0,Not Applicable,Not Applicable,No,Not Applicable,780,Cash,21,3.4,4.3
2024-07-16 04:01:00,CNR5779494697,Success,CID353328,eBike,Sahakar Nagar,MG Road,119.0,75.0,Not Applicable,Not Applicable,No,Not Applicable,220,UPI,49,4.2,3.6
2024-07-01 01:18:00,CNR1120663310,Success,CID210009,Mini,Marathahalli,Devanahalli,154.0,25.0,Not Applicable,Not Applicable,No,Not Applicable,312,Cash,21,4.3,4.3
2024-07-24 21:25:00,CNR5756236469,Canceled by Customer,CID843776,Mini,Richmond Town,Sarjapur Road,,,Driver is not moving towards pickup location,Not Applicable,Not Applicable,Not Applicable,137,Not Applicable,0,,
2024-07-02 09:36:00,CNR4942138439,Canceled by Driver,CID782578,Prime Plus,Shivajinagar,Mysore Road,,,Not Applicable,Personal & Car related issue,Not Applicable,Not Applicable,198,Not Applicable,0,,
2024-07-17 01:51:00,CNR7372557239,Success,CID591022,Prime Plus,KR Puram,Chamarajpet,161.0,65.0,Not Applicable,Not Applicable,No,Not Applicable,184,UPI,43,3.1,4.1
2024-07-04 09:02:00,CNR3935777051,Success,CID107069,Mini,Kengeri,Banashankari,301.0,90.0,Not Applicable,Not Applicable,Yes,Customer Demand,2458,Cash,31,4.4,4.6
2024-07-22 05:26:00,CNR5295329685,Success,CID335360,Prime Sedan,JP Nagar,Bellandur,168.0,80.0,Not Applicable,Not Applicable,No,Not Applicable,1547,UPI,31,4.8,4.5
2024-07-27 03:03:00,CNR9557587103,Driver Not Found,CID883175,eBike,Rajajinagar,Ulsoor,,,Not Applicable,Not Applicable,Not Applicable,Not Applicable,344,Not Applicable,0,,
2024-07-27 03:51:00,CNR3259458553,Success,CID877834,Auto,Hosur Road,MG Road,49.0,135.0,Not Applicable,Not Applicable,No,Not Applicable,257,Cash,5,4.8,3.7
2024-07-07 09:13:00,CNR8427503929,Success,CID447646,eBike,Shivajinagar,RT Nagar,49.0,30.0,Not Applicable,Not Applicable,No,Not Applicable,144,UPI,6,3.2,4.7
2024-07-25 13:43:00,CNR2940690626,Canceled by Driver,CID538910,Prime SUV,Hulimavu,Cox Town,,,Not Applicable,Personal & Car related issue,Not Applicable,Not Applicable,343,Not Applicable,0,,
2024-07-21 00:30:00,CNR4044914378,Success,CID357563,eBike,Majestic,Peenya,266.0,60.0,Not Applicable,Not Applicable,No,Not Applicable,319,Cash,2,4.9,4.2
2024-07-03 22:00:00,CNR5455806667,Success,CID436316,Mini,Koramangala,Indiranagar,189.0,95.0,Not Applicable,Not Applicable,No,Not Applicable,1663,Cash,30,4.6,4.1
2024-07-04 05:48:00,CNR9464453195,Canceled by Customer,CID218957,Auto,Vijayanagar,Bannerghatta Road,,,Driver is not moving towards pickup location,Not Applicable,Not Applicable,Not Applicable,372,Not Applicable,0,,
2024-07-10 09:18:00,CNR3479286083,Success,CID544125,Prime Sedan,Whitefield,Yeshwanthpur,42.0,135.0,Not Applicable,Not Applicable,No,Not Applicable,435,UPI,10,3.4,4.0
2024-07-25 04:29:00,CNR9964040687,Canceled by Driver,CID602526,Auto,Electronic City,Indiranagar,,,Not Applicable,Personal & Car related issue,Not Applicable,Not Applicable,515,Not Applicable,0,,
2024-07-18 22:19:00,CNR1637656367,Canceled by Driver,CID296654,Prime SUV,HSR Layout,Vijayanagar,,,Not Applicable,Customer related issue,Not Applicable,Not Applicable,908,Not Applicable,0,,
2024-07-27 07:48:00,CNR3844841886,Success,CID268067,Prime Sedan,Varthur,Kengeri,287.0,80.0,Not Applicable,Not Applicable,No,Not Applicable,107,Cash,19,4.6,3.5
2024-07-01 22:13:00,CNR3958682952,Success,CID937982,eBike,Sahakar Nagar,Nagarbhavi,63.0,110.0,Not Applicable,Not Applicable,No,Not Applicable,609,UPI,11,3.1,4.3
2024-07-16 05:22:00,CNR4897200439,Success,CID340465,Bike,Kadugodi,Nagarbhavi,238.0,120.0,Not Applicable,Not Applicable,No,Not Applicable,870,Cash,46,4.3,3.6
2024-07-06 03:27:00,CNR6553320293,Canceled by Driver,CID206420,Auto,Whitefield,Yelahanka,,,Not Applicable,Personal & Car related issue,Not Applicable,Not Applicable,101,Not Applicable,0,,
2024-07-10 22:36:00,CNR2169194094,Canceled by Customer,CID995196,eBike,Mysore Road,BTM Layout,,,Driver asked to cancel,Not Applicable,Not Applicable,Not Applicable,2978,Not Applicable,0,,
2024-07-04 07:41:00,CNR2204748700,Success,CID738264,Bike,Mysore Road,Bellandur,189.0,35.0,Not Applicable,Not Applicable,No,Not Applicable,171,Cash,26,3.1,4.5
2024-07-16 20:57:00,CNR6175823274,Canceled by Customer,CID654616,Prime SUV,Yeshwanthpur,Kengeri,,,Driver is not moving towards pickup location,Not Applicable,Not Applicable,Not Applicable,846,Not Applicable,0,,
2024-07-24 07:02:00,CNR1928436783,Success,CID989500,eBike,Kammanahalli,Hulimavu,63.0,75.0,Not Applicable,Not Applicable,No,Not Applicable,345,Credit Card,13,4.0,3.4
2024-07-21 09:47:00,CNR1397519095,Canceled by Customer,CID976825,Mini,Cox Town,Kengeri,,,Driver is not moving towards pickup location,Not Applicable,Not Applicable,Not Applicable,2807,Not Applicable,0,,
2024-07-30 02:51:00,CNR2618435273,Success,CID724485,eBike,Hebbal,Malleshwaram,98.0,75.0,Not Applicable,Not Applicable,No,Not Applicable,184,Cash,10,3.9,4.1
2024-07-06 11:56:00,CNR4047383268,Success,CID558973,Prime SUV,Hebbal,Yelahanka,280.0,105.0,Not Applicable,Not Applicable,No,Not Applicable,310,UPI,29,4.4,4.9
2024-07-15 23:18:00,CNR9022331379,Success,CID530167,Auto,JP Nagar,Padmanabhanagar,308.0,110.0,Not Applicable,Not Applicable,Yes,Customer Demand,121,Cash,10,4.5,4.8
2024-07-03 04:35:00,CNR5391926445,Canceled by Driver,CID660718,Auto,Magadi Road,Nagarbhavi,,,Not Applicable,Personal & Car related issue,Not Applicable,Not Applicable,301,Not Applicable,0,,
2024-07-18 03:47:00,CNR9098841237,Success,CID803216,eBike,Chickpet,Yelahanka,210.0,75.0,Not Applicable,Not Applicable,Yes,Customer Demand,310,UPI,42,4.2,4.9
2024-07-27 09:45:00,CNR5645634926,Success,CID573864,eBike,Bellandur,RT Nagar,245.0,120.0,Not Applicable,Not Applicable,No,Not Applicable,679,UPI,3,4.4,4.6
2024-07-04 15:29:00,CNR5399837916,Success,CID254022,Mini,Sahakar Nagar,Peenya,231.0,70.0,Not Applicable,Not Applicable,No,Not Applicable,408,Cash,39,4.3,4.5
2024-07-15 12:30:00,CNR9774653160,Driver Not Found,CID965570,eBike,Bellandur,RT Nagar,,,Not Applicable,Not Applicable,Not Applicable,Not Applicable,448,Not Applicable,0,,
2024-07-07 21:57:00,CNR8286672165,Success,CID588572,Mini,Sahakar Nagar,Cox Town,273.0,65.0,Not Applicable,Not Applicable,No,Not Applicable,460,Cash,39,4.5,3.3
2024-07-17 00:39:00,CNR5764557333,Success,CID167834,Prime SUV,Shivajinagar,Hebbal,147.0,30.0,Not Applicable,Not Applicable,No,Not Applicable,490,Cash,36,4.7,4.1
2024-07-30 05:16:00,CNR2941076628,Success,CID311681,eBike,Shivajinagar,Yeshwanthpur,63.0,25.0,Not Applicable,Not Applicable,No,Not Applicable,706,Cash,49,3.8,3.2
2024-07-27 04:54:00,CNR1892744785,Driver Not Found,CID587245,Prime Plus,Devanahalli,BTM Layout,,,Not Applicable,Not Applicable,Not Applicable,Not Applicable,132,Not Applicable,0,,
2024-07-29 07:00:00,CNR9780772729,Success,CID704434,Prime SUV,Hennur,Majestic,105.0,75.0,Not Applicable,Not Applicable,No,Not Applicable,425,Cash,27,3.5,3.9
2024-07-02 01:16:00,CNR2896363998,Canceled by Customer,CID883367,Prime Sedan,Bellandur,Shantinagar,,,Driver is not moving towards pickup location,Not Applicable,Not Applicable,Not Applicable,2793,Not Applicable,0,,
2024-07-27 00:39:00,CNR2233918311,Driver Not Found,CID387753,Prime Plus,Jayanagar,HSR Layout,,,Not Applicable,Not Applicable,Not Applicable,Not Applicable,421,Not Applicable,0,,
2024-07-02 11:55:00,CNR9289266113,Success,CID201322,eBike,Banashankari,Whitefield,98.0,50.0,Not Applicable,Not Applicable,No,Not Applicable,179,UPI,43,3.9,4.7
2024-07-03 14:30:00,CNR4519155063,Success,CID475808,Prime SUV,Malleshwaram,Hebbal,203.0,60.0,Not Applicable,Not Applicable,No,Not Applicable,496,Cash,4,3.2,3.1
2024-07-13 09:49:00,CNR5722204975,Success,CID587638,Mini,Tumkur Road,Indiranagar,154.0,140.0,Not Applicable,Not Applicable,No,Not Applicable,109,UPI,34,3.3,4.8
2024-07-11 06:05:00,CNR5072659936,Canceled by Customer,CID991781,Auto,Ramamurthy Nagar,JP Nagar,,,Driver is not moving towards pickup location,Not Applicable,Not Applicable,Not Applicable,409,Not Applicable,0,,
2024-07-21 17:59:00,CNR9339280288,Canceled by Customer,CID849700,Bike,Kengeri,Kammanahalli,,,Change of plans,Not Applicable,Not Applicable,Not Applicable,1114,Not Applicable,0,,
2024-07-30 12:13:00,CNR5755263522,Success,CID833659,Bike,Shantinagar,Shivajinagar,301.0,45.0,Not Applicable,Not Applicable,No,Not Applicable,110,Cash,33,4.1,3.9
2024-07-10 09:17:00,CNR1357367695,Driver Not Found,CID640424,Prime SUV,Jayanagar,Richmond Town,,,Not Applicable,Not Applicable,Not Applicable,Not Applicable,392,Not Applicable,0,,
2024-07-01 20:22:00,CNR3427558760,Success,CID747681,Bike,Sahakar Nagar,Frazer Town,91.0,75.0,Not Applicable,Not Applicable,No,Not Applicable,389,UPI,32,3.7,4.2
2024-07-02 02:21:00,CNR6050351455,Canceled by Driver,CID701075,Prime Sedan,Tumkur Road,Jayanagar,,,Not Applicable,More than permitted people in there,Not Applicable,Not Applicable,219,Not Applicable,0,,
2024-07-11 03:24:00,CNR2508998417,Success,CID282966,Mini,Jayanagar,RT Nagar,301.0,45.0,Not Applicable,Not Applicable,No,Not Applicable,250,Cash,2,3.5,3.6
2024-07-08 02:02:00,CNR8587353756,Success,CID557880,Prime Plus,Nagarbhavi,Electronic City,49.0,85.0,Not Applicable,Not Applicable,Yes,Customer Demand,437,UPI,19,3.1,3.2
2024-07-02 02:42:00,CNR3843528558,Success,CID296530,Prime Sedan,Malleshwaram,Indiranagar,49.0,90.0,Not Applicable,Not Applicable,No,Not Applicable,2444,Cash,41,3.8,4.3
2024-07-30 03:18:00,CNR4679176720,Success,CID873551,Bike,Marathahalli,Malleshwaram,259.0,35.0,Not Applicable,Not Applicable,No,Not Applicable,738,UPI,47,4.5,4.3
2024-07-14 22:59:00,CNR1423984672,Driver Not Found,CID394313,Prime SUV,RT Nagar,Bannerghatta Road,,,Not Applicable,Not Applicable,Not Applicable,Not Applicable,167,Not Applicable,0,,
2024-07-10 18:09:00,CNR6514988913,Success,CID737672,Prime SUV,Magadi Road,HSR Layout,77.0,50.0,Not Applicable,Not Applicable,No,Not Applicable,223,Cash,46,4.8,5.0
2024-07-12 02:22:00,CNR7327087569,Success,CID474290,Prime Sedan,Ramamurthy Nagar,Tumkur Road,84.0,65.0,Not Applicable,Not Applicable,No,Not Applicable,174,UPI,2,3.8,3.7
2024-07-01 23:09:00,CNR9873957073,Success,CID684238,Prime Sedan,BTM Layout,Kammanahalli,273.0,115.0,Not Applicable,Not Applicable,Yes,Other Issue,229,Debit Card,22,3.3,3.5
2024-07-27 02:30:00,CNR5996022727,Canceled by Driver,CID692359,Auto,Whitefield,Rajajinagar,,,Not Applicable,Customer related issue,Not Applicable,Not Applicable,2850,Not Applicable,0,,
2024-07-07 11:00:00,CNR1928561159,Canceled by Driver,CID422442,Mini,Kengeri,Kadugodi,,,Not Applicable,Customer related issue,Not Applicable,Not Applicable,253,Not Applicable,0,,
2024-07-15 05:31:00,CNR2615864605,Canceled by Customer,CID693941,Auto,Banashankari,Devanahalli,,,Driver asked to cancel,Not Applicable,Not Applicable,Not Applicable,521,Not Applicable,0,,
2024-07-15 23:01:00,CNR5644839321,Success,CID877598,Mini,Cox Town,Richmond Town,182.0,60.0,Not Applicable,Not Applicable,No,Not Applicable,372,Cash,31,5.0,3.6
2024-07-15 00:33:00,CNR6031048815,Canceled by Driver,CID290928,eBike,Shivajinagar,Marathahalli,,,Not Applicable,Personal & Car related issue,Not Applicable,Not Applicable,2932,Not Applicable,0,,
2024-07-07 16:03:00,CNR9579818619,Success,CID922076,Prime SUV,Majestic,Koramangala,98.0,100.0,Not Applicable,Not Applicable,No,Not Applicable,696,Cash,34,4.6,4.5
2024-07-14 14:17:00,CNR9087737937,Canceled by Driver,CID993348,Prime SUV,Bellandur,Marathahalli,,,Not Applicable,More than permitted people in there,Not Applicable,Not Applicable,362,Not Applicable,0,,
2024-07-24 00:05:00,CNR6933210543,Canceled by Customer,CID503403,Prime Sedan,HSR Layout,Malleshwaram,,,Driver asked to cancel,Not Applicable,Not Applicable,Not Applicable,352,Not Applicable,0,,
2024-07-16 07:12:00,CNR4077193704,Success,CID996781,Prime SUV,Banashankari,Richmond Town,238.0,145.0,Not Applicable,Not Applicable,No,Not Applicable,221,Cash,22,4.6,3.9
2024-07-13 00:28:00,CNR9049536551,Success,CID317151,Prime Sedan,Hennur,Yelahanka,259.0,80.0,Not Applicable,Not Applicable,No,Not Applicable,1644,UPI,39,3.1,4.1
2024-07-27 17:31:00,CNR5402901717,Success,CID976466,Prime Plus,Rajajinagar,Vijayanagar,308.0,130.0,Not Applicable,Not Applicable,No,Not Applicable,341,Cash,3,4.9,3.4
2024-07-21 16:15:00,CNR6355776212,Success,CID784382,Bike,Cox Town,Indiranagar,35.0,40.0,Not Applicable,Not Applicable,No,Not Applicable,618,Cash,30,4.3,3.4
2024-07-06 20:19:00,CNR7299352785,Success,CID878197,Prime Plus,Bannerghatta Road,Ulsoor,70.0,45.0,Not Applicable,Not Applicable,No,Not Applicable,395,UPI,21,4.5,4.4
2024-07-10 02:56:00,CNR4958882741,Success,CID503276,eBike,Shivajinagar,Devanahalli,56.0,140.0,Not Applicable,Not Applicable,No,Not Applicable,498,Cash,1,4.6,3.0
2024-07-10 21:51:00,CNR1839201920,Canceled by Customer,CID269682,Prime Sedan,Hennur,Kadugodi,,,Driver asked to cancel,Not Applicable,Not Applicable,Not Applicable,129,Not Applicable,0,,
2024-07-29 09:48:00,CNR7777667340,Success,CID204936,Prime Sedan,Langford Town,Hosur Road,70.0,95.0,Not Applicable,Not Applicable,Yes,Vehicle Breakdown,445,UPI,3,3.3,3.5
2024-07-06 17:09:00,CNR1582835222,Canceled by Driver,CID367739,Auto,Richmond Town,RT Nagar,,,Not Applicable,Customer was coughing/sick,Not Applicable,Not Applicable,2138,Not Applicable,0,,
2024-07-24 20:28:00,CNR5847173269,Success,CID976016,Prime Sedan,Bellandur,Bannerghatta Road,56.0,40.0,Not Applicable,Not Applicable,No,Not Applicable,323,Cash,43,4.4,4.5
2024-07-27 14:40:00,CNR3449619173,Driver Not Found,CID317708,Prime SUV,Frazer Town,Mysore Road,,,Not Applicable,Not Applicable,Not Applicable,Not Applicable,1454,Not Applicable,0,,
2024-07-14 22:51:00,CNR5155543284,Canceled by Customer,CID538955,Bike,Majestic,Tumkur Road,,,Change of plans,Not Applicable,Not Applicable,Not Applicable,128,Not Applicable,0,,
2024-07-01 19:29:00,CNR7035540135,Success,CID829972,Prime Plus,Frazer Town,Banashankari,56.0,55.0,Not Applicable,Not Applicable,No,Not Applicable,256,Cash,47,4.4,3.0
2024-07-19 02:04:00,CNR2916596350,Driver Not Found,CID275546,Mini,Rajarajeshwari Nagar,Rajajinagar,,,Not Applicable,Not Applicable,Not Applicable,Not Applicable,793,Not Applicable,0,,
2024-07-03 19:41:00,CNR5960444862,Driver Not Found,CID601048,Bike,Hebbal,Banashankari,,,Not Applicable,Not Applicable,Not Applicable,Not Applicable,631,Not Applicable,0,,
2024-07-01 11:57:00,CNR5652807343,Canceled by Driver,CID555025,Bike,Kammanahalli,Kammanahalli,,,Not Applicable,Personal & Car related issue,Not Applicable,Not Applicable,124,Not Applicable,0,,
2024-07-04 05:24:00,CNR4310677585,Canceled by Customer,CID453207,Bike,Devanahalli,Yeshwanthpur,,,Driver is not moving towards pickup location,Not Applicable,Not Applicable,Not Applicable,394,Not Applicable,0,,
2024-07-22 12:25:00,CNR8504670442,Success,CID527568,Prime SUV,Peenya,Shivajinagar,42.0,30.0,Not Applicable,Not Applicable,Yes,Customer Demand,756,Cash,36,4.4,3.8
2024-07-14 20:14:00,CNR5663131118,Success,CID848682,Prime SUV,Sarjapur Road,Banashankari,35.0,115.0,Not Applicable,Not Applicable,No,Not Applicable,258,Cash,28,4.2,4.3
2024-07-10 05:20:00,CNR7593777711,Success,CID756038,Prime SUV,Langford Town,Jayanagar,63.0,115.0,Not Applicable,Not Applicable,No,Not Applicable,706,UPI,48,3.7,4.8
2024-07-12 07:17:00,CNR2514108478,Success,CID560578,Prime SUV,Devanahalli,Chickpet,42.0,105.0,Not Applicable,Not Applicable,No,Not Applicable,194,Credit Card,45,3.5,3.1
2024-07-02 03:34:00,CNR8551739037,Success,CID453167,Auto,Malleshwaram,Jayanagar,49.0,130.0,Not Applicable,Not Applicable,No,Not Applicable,127,UPI,15,3.6,4.6
2024-07-14 11:22:00,CNR8433944868,Success,CID880637,Bike,Langford Town,RT Nagar,147.0,55.0,Not Applicable,Not Applicable,Yes,Customer Demand,310,Cash,28,3.5,4.8
2024-07-28 01:55:00,CNR5795392318,Canceled by Customer,CID169142,Auto,Chickpet,Devanahalli,,,Driver asked to cancel,Not Applicable,Not Applicable,Not Applicable,2686,Not Applicable,0,,
2024-07-03 11:36:00,CNR1017500253,Success,CID963453,Bike,Bannerghatta Road,Chickpet,175.0,130.0,Not Applicable,Not Applicable,No,Not Applicable,222,Cash,43,3.6,4.7
2024-07-22 23:11:00,CNR9292422770,Success,CID176330,Bike,Malleshwaram,Rajajinagar,280.0,105.0,Not Applicable,Not Applicable,No,Not Applicable,181,UPI,10,3.2,3.3
2024-07-18 06:52:00,CNR2820227185,Success,CID495761,Mini,Jayanagar,Tumkur Road,105.0,75.0,Not Applicable,Not Applicable,No,Not Applicable,444,UPI,6,3.6,3.2
2024-07-18 21:20:00,CNR9558429393,Success,CID586810,Prime Sedan,Kammanahalli,Devanahalli,119.0,145.0,Not Applicable,Not Applicable,No,Not Applicable,389,Cash,6,3.7,3.1
2024-07-19 22:26:00,CNR5868918954,Success,CID204020,Auto,Banashankari,Peenya,154.0,30.0,Not Applicable,Not Applicable,No,Not Applicable,484,UPI,11,4.4,4.1
2024-07-13 05:10:00,CNR1182815052,Canceled by Customer,CID111275,eBike,Shivajinagar,KR Puram,,,Driver is not moving towards pickup location,Not Applicable,Not Applicable,Not Applicable,733,Not Applicable,0,,
2024-07-20 15:21:00,CNR6149445307,Canceled by Driver,CID363893,Mini,Frazer Town,Frazer Town,,,Not Applicable,Customer related issue,Not Applicable,Not Applicable,228,Not Applicable,0,,
2024-07-27 10:31:00,CNR4797907080,Canceled by Driver,CID743356,Auto,BTM Layout,Yelahanka,,,Not Applicable,More than permitted people in there,Not Applicable,Not Applicable,210,Not Applicable,0,,
2024-07-29 22:35:00,CNR6058527442,Success,CID992568,Prime SUV,Basavanagudi,Frazer Town,238.0,45.0,Not Applicable,Not Applicable,No,Not Applicable,386,UPI,23,3.2,4.3
2024-07-03 05:47:00,CNR2903691655,Success,CID535192,Prime Sedan,Rajarajeshwari Nagar,Varthur,49.0,65.0,Not Applicable,Not Applicable,No,Not Applicable,535,Cash,17,3.1,3.1
2024-07-07 12:24:00,CNR9869404130,Success,CID766025,Auto,Whitefield,JP Nagar,42.0,135.0,Not Applicable,Not Applicable,No,Not Applicable,487,UPI,16,4.7,4.2
2024-07-18 01:23:00,CNR2300693603,Canceled by Driver,CID317303,Prime SUV,Devanahalli,Koramangala,,,Not Applicable,Customer was coughing/sick,Not Applicable,Not Applicable,1851,Not Applicable,0,,
2024-07-09 03:55:00,CNR5995380257,Success,CID960495,Prime Sedan,Sahakar Nagar,Shivajinagar,161.0,60.0,Not Applicable,Not Applicable,No,Not Applicable,486,UPI,46,4.8,3.3
2024-07-13 18:21:00,CNR3973520176,Success,CID412182,Auto,Tumkur Road,Electronic City,35.0,65.0,Not Applicable,Not Applicable,No,Not Applicable,2930,UPI,8,3.4,4.7
2024-07-29 07:02:00,CNR2816263802,Success,CID690725,Prime Sedan,Yeshwanthpur,Hulimavu,294.0,105.0,Not Applicable,Not Applicable,No,Not Applicable,158,UPI,47,4.7,3.7
2024-07-11 00:07:00,CNR8245760446,Success,CID243125,Auto,BTM Layout,Electronic City,140.0,100.0,Not Applicable,Not Applicable,No,Not Applicable,145,Cash,15,4.1,4.8
2024-07-19 08:06:00,CNR3978844405,Driver Not Found,CID587165,Bike,Basavanagudi,Padmanabhanagar,,,Not Applicable,Not Applicable,Not Applicable,Not Applicable,454,Not Applicable,0,,
2024-07-21 18:50:00,CNR4836654108,Canceled by Driver,CID661824,Mini,JP Nagar,Vijayanagar,,,Not Applicable,Personal & Car related issue,Not Applicable,Not Applicable,389,Not Applicable,0,,
2024-07-06 21:14:00,CNR3194202793,Success,CID973570,eBike,Banashankari,Cox Town,105.0,55.0,Not Applicable,Not Applicable,No,Not Applicable,436,Cash,49,4.0,3.5
2024-07-22 02:07:00,CNR8532116352,Success,CID854595,Bike,Hulimavu,Electronic City,294.0,100.0,Not Applicable,Not Applicable,No,Not Applicable,471,UPI,2,4.4,3.8
2024-07-01 03:02:00,CNR1412915482,Success,CID723846,Prime Sedan,Hulimavu,Frazer Town,196.0,45.0,Not Applicable,Not Applicable,No,Not Applicable,231,UPI,11,4.4,4.3
2024-07-01 18:57:00,CNR1911612195,Canceled by Customer,CID252458,eBike,Nagarbhavi,Hosur Road,,,AC is Not working,Not Applicable,Not Applicable,Not Applicable,271,Not Applicable,0,,
2024-07-07 19:49:00,CNR8126539764,Driver Not Found,CID278653,Prime Sedan,Richmond Town,Hebbal,,,Not Applicable,Not Applicable,Not Applicable,Not Applicable,760,Not Applicable,0,,
2024-07-05 04:49:00,CNR9331478322,Canceled by Driver,CID968810,Prime SUV,Bannerghatta Road,Nagarbhavi,,,Not Applicable,Customer was coughing/sick,Not Applicable,Not Applicable,286,Not Applicable,0,,
2024-07-23 18:37:00,CNR7170440397,Success,CID955983,Bike,Peenya,Hebbal,175.0,70.0,Not Applicable,Not Applicable,No,Not Applicable,438,Cash,25,3.1,3.8
2024-07-14 21:02:00,CNR3337094825,Canceled by Driver,CID878639,Bike,Langford Town,Varthur,,,Not Applicable,Customer related issue,Not Applicable,Not Applicable,304,Not Applicable,0,,
2024-07-26 20:12:00,CNR2270506065,Driver Not Found,CID363031,eBike,Hennur,KR Puram,,,Not Applicable,Not Applicable,Not Applicable,Not Applicable,404,Not Applicable,0,,
2024-07-29 03:26:00,CNR5507413402,Canceled by Driver,CID415971,Prime SUV,Jayanagar,Magadi Road,,,Not Applicable,Personal & Car related issue,Not Applicable,Not Applicable,497,Not Applicable,0,,
2024-07-16 14:42:00,CNR3365473382,Success,CID272055,Auto,Indiranagar,Tumkur Road,147.0,35.0,Not Applicable,Not Applicable,No,Not Applicable,936,Cash,19,4.3,3.9
2024-07-21 00:01:00,CNR4399543301,Success,CID726949,eBike,Yeshwanthpur,Basavanagudi,49.0,145.0,Not Applicable,Not Applicable,No,Not Applicable,466,Cash,5,4.1,4.9
2024-07-10 12:04:00,CNR2454661241,Canceled by Driver,CID686680,eBike,HSR Layout,Cox Town,,,Not Applicable,Personal & Car related issue,Not Applicable,Not Applicable,579,Not Applicable,0,,
2024-07-15 04:39:00,CNR3610922744,Success,CID202871,Bike,Yelahanka,Indiranagar,224.0,115.0,Not Applicable,Not Applicable,No,Not Applicable,211,Cash,1,3.2,3.2
2024-07-05 09:43:00,CNR6906651562,Canceled by Driver,CID233612,Auto,Kadugodi,Chickpet,,,Not Applicable,Customer related issue,Not Applicable,Not Applicable,415,Not Applicable,0,,
2024-07-20 06:25:00,CNR3188581846,Success,CID306977,Prime SUV,Whitefield,Tumkur Road,35.0,70.0,Not Applicable,Not Applicable,No,Not Applicable,359,Cash,25,4.9,3.4
2024-07-29 00:27:00,CNR3998779507,Success,CID911612,Prime SUV,Basavanagudi,Yeshwanthpur,280.0,95.0,Not Applicable,Not Applicable,No,Not Applicable,207,Cash,5,3.1,3.0
2024-07-23 11:05:00,CNR4005908786,Success,CID737367,Prime Sedan,Ulsoor,Padmanabhanagar,154.0,105.0,Not Applicable,Not Applicable,No,Not Applicable,488,UPI,7,3.7,3.8
2024-07-16 10:44:00,CNR6019031806,Success,CID484064,Bike,JP Nagar,KR Puram,84.0,35.0,Not Applicable,Not Applicable,No,Not Applicable,2050,Cash,27,3.0,3.9
2024-07-03 13:10:00,CNR1308581915,Driver Not Found,CID346076,Bike,Yelahanka,Marathahalli,,,Not Applicable,Not Applicable,Not Applicable,Not Applicable,414,Not Applicable,0,,
2024-07-12 12:38:00,CNR5237604956,Success,CID799800,eBike,Varthur,Padmanabhanagar,84.0,40.0,Not Applicable,Not Applicable,No,Not Applicable,1998,Cash,30,3.0,4.9
2024-07-23 01:49:00,CNR3119795184,Canceled by Driver,CID687681,Auto,JP Nagar,Nagarbhavi,,,Not Applicable,Personal & Car related issue,Not Applicable,Not Applicable,755,Not Applicable,0,,
2024-07-05 08:20:00,CNR5416438946,Success,CID245459,Prime Plus,Bannerghatta Road,Devanahalli,189.0,70.0,Not Applicable,Not Applicable,No,Not Applicable,108,Credit Card,14,4.8,4.9
2024-07-16 22:52:00,CNR7595425889,Canceled by Driver,CID372567,eBike,Kadugodi,Hennur,,,Not Applicable,Personal & Car related issue,Not Applicable,Not Applicable,614,Not Applicable,0,,
2024-07-10 12:47:00,CNR3247935027,Success,CID303397,eBike,Padmanabhanagar,Electronic City,308.0,100.0,Not Applicable,Not Applicable,No,Not Applicable,161,Credit Card,39,3.1,3.6
2024-07-26 18:35:00,CNR1393176678,Canceled by Driver,CID643778,Bike,Nagarbhavi,Vijayanagar,,,Not Applicable,Personal & Car related issue,Not Applicable,Not Applicable,356,Not Applicable,0,,
2024-07-26 15:20:00,CNR8455806367,Success,CID150519,Prime Sedan,Hebbal,Yeshwanthpur,133.0,95.0,Not Applicable,Not Applicable,No,Not Applicable,188,Cash,22,4.2,4.7
2024-07-25 23:31:00,CNR6811152025,Success,CID723660,Bike,Tumkur Road,MG Road,189.0,100.0,Not Applicable,Not Applicable,No,Not Applicable,273,Cash,27,4.0,4.3
2024-07-14 07:48:00,CNR5784809696,Success,CID719982,Prime Sedan,Hennur,Rajarajeshwari Nagar,231.0,90.0,Not Applicable,Not Applicable,No,Not Applicable,380,UPI,38,3.7,4.4
2024-07-12 15:33:00,CNR2930203068,Canceled by Customer,CID538416,Prime Sedan,RT Nagar,Kammanahalli,,,Driver asked to cancel,Not Applicable,Not Applicable,Not Applicable,2395,Not Applicable,0,,
2024-07-14 02:11:00,CNR7646466715,Success,CID676086,Auto,Hennur,Hebbal,42.0,30.0,Not Applicable,Not Applicable,No,Not Applicable,210,Cash,19,5.0,3.3
2024-07-04 15:07:00,CNR5744703257,Success,CID756144,Bike,Yelahanka,BTM Layout,154.0,145.0,Not Applicable,Not Applicable,No,Not Applicable,188,Cash,2,4.5,4.3
2024-07-22 00:15:00,CNR1244968846,Success,CID547094,Prime Plus,Mysore Road,Vijayanagar,231.0,95.0,Not Applicable,Not Applicable,No,Not Applicable,287,Credit Card,6,3.3,3.6
2024-07-30 23:32:00,CNR1887468729,Canceled by Driver,CID941437,Auto,KR Puram,Indiranagar,,,Not Applicable,Customer was coughing/sick,Not Applicable,Not Applicable,439,Not Applicable,0,,
2024-07-05 23:42:00,CNR7258749098,Driver Not Found,CID313835,Prime Plus,Hosur Road,Electronic City,,,Not Applicable,Not Applicable,Not Applicable,Not Applicable,1545,Not Applicable,0,,
2024-07-26 04:27:00,CNR4112518892,Driver Not Found,CID814743,Bike,Magadi Road,Varthur,,,Not Applicable,Not Applicable,Not Applicable,Not Applicable,709,Not Applicable,0,,
2024-07-22 13:59:00,CNR1188390626,Canceled by Customer,CID923037,Prime Plus,Bellandur,Devanahalli,,,Driver asked to cancel,Not Applicable,Not Applicable,Not Applicable,2405,Not Applicable,0,,
2024-07-19 06:32:00,CNR2858208458,Success,CID447620,eBike,MG Road,Varthur,49.0,95.0,Not Applicable,Not Applicable,No,Not Applicable,565,UPI,6,3.6,3.8
2024-07-08 21:15:00,CNR1294910378,Success,CID557852,Prime Sedan,Bellandur,JP Nagar,70.0,65.0,Not Applicable,Not Applicable,No,Not Applicable,161,Cash,20,3.2,4.4
2024-07-08 16:58:00,CNR1876568969,Success,CID404561,Bike,Frazer Town,KR Puram,112.0,40.0,Not Applicable,Not Applicable,No,Not Applicable,250,UPI,23,3.5,4.4
2024-07-07 07:46:00,CNR5259116866,Success,CID468447,Bike,Hennur,Rajarajeshwari Nagar,280.0,110.0,Not Applicable,Not Applicable,No,Not Applicable,456,UPI,31,4.6,4.2
2024-07-25 12:09:00,CNR8876770844,Canceled by Customer,CID569612,Prime Sedan,MG Road,Banashankari,,,Change of plans,Not Applicable,Not Applicable,Not Applicable,242,Not Applicable,0,,
2024-07-26 11:49:00,CNR1475649160,Success,CID479788,Prime Sedan,Hosur Road,Hulimavu,63.0,50.0,Not Applicable,Not Applicable,No,Not Applicable,157,Cash,15,3.3,4.2
2024-07-17 07:40:00,CNR5050625351,Success,CID276134,Prime SUV,Koramangala,Rajajinagar,203.0,110.0,Not Applicable,Not Applicable,No,Not Applicable,1716,UPI,46,3.3,3.6
2024-07-14 21:59:00,CNR6632688663,Canceled by Customer,CID276071,eBike,Chamarajpet,Whitefield,,,AC is Not working,Not Applicable,Not Applicable,Not Applicable,258,Not Applicable,0,,
2024-07-13 14:54:00,CNR7091074479,Canceled by Customer,CID182446,eBike,Mysore Road,Nagarbhavi,,,AC is Not working,Not Applicable,Not Applicable,Not Applicable,442,Not Applicable,0,,
2024-07-02 02:13:00,CNR5072095189,Canceled by Customer,CID377847,Prime Plus,Ulsoor,Chamarajpet,,,Change of plans,Not Applicable,Not Applicable,Not Applicable,267,Not Applicable,0,,
2024-07-02 20:46:00,CNR3316829795,Success,CID952260,Mini,Chickpet,Kadugodi,182.0,125.0,Not Applicable,Not Applicable,No,Not Applicable,480,Cash,6,3.3,4.7
2024-07-06 03:31:00,CNR7394302460,Success,CID386039,Prime SUV,JP Nagar,Jayanagar,105.0,40.0,Not Applicable,Not Applicable,No,Not Applicable,296,Cash,7,3.3,4.2
2024-07-23 08:08:00,CNR6264274357,Success,CID563070,Prime Sedan,Yelahanka,Chamarajpet,224.0,40.0,Not Applicable,Not Applicable,No,Not Applicable,439,UPI,44,4.1,3.4
2024-07-27 22:21:00,CNR3841668982,Canceled by Driver,CID562254,Mini,Hebbal,Kadugodi,,,Not Applicable,Personal & Car related issue,Not Applicable,Not Applicable,961,Not Applicable,0,,
2024-07-27 07:50:00,CNR2308800483,Canceled by Driver,CID914435,Prime SUV,HSR Layout,Hennur,,,Not Applicable,Personal & Car related issue,Not Applicable,Not Applicable,118,Not Applicable,0,,
2024-07-19 01:36:00,CNR6552470436,Success,CID680148,Prime Plus,Kengeri,Hennur,154.0,80.0,Not Applicable,Not Applicable,No,Not Applicable,440,UPI,33,3.8,3.8
2024-07-04 16:47:00,CNR4108231580,Success,CID995031,Auto,Shantinagar,Majestic,70.0,110.0,Not Applicable,Not Applicable,No,Not Applicable,449,Cash,15,4.5,4.7
2024-07-09 07:21:00,CNR8058088489,Success,CID953086,Prime Plus,Hebbal,Vijayanagar,161.0,110.0,Not Applicable,Not Applicable,No,Not Applicable,152,Cash,27,3.3,4.0
2024-07-23 19:26:00,CNR1973465180,Success,CID796298,Prime Sedan,Indiranagar,Malleshwaram,168.0,125.0,Not Applicable,Not Applicable,No,Not Applicable,425,UPI,8,4.6,4.5
2024-07-18 12:17:00,CNR8163785724,Canceled by Customer,CID977847,Prime SUV,HSR Layout,Koramangala,,,Change of plans,Not Applicable,Not Applicable,Not Applicable,142,Not Applicable,0,,
2024-07-13 02:32:00,CNR4902953705,Canceled by Customer,CID864726,Auto,Nagarbhavi,Varthur,,,Driver asked to cancel,Not Applicable,Not Applicable,Not Applicable,133,Not Applicable,0,,
2024-07-09 13:35:00,CNR3546056647,Success,CID352918,Prime Plus,Shantinagar,Kammanahalli,147.0,25.0,Not Applicable,Not Applicable,No,Not Applicable,749,UPI,2,4.0,4.8
2024-07-13 07:22:00,CNR9373954277,Success,CID935203,Prime Sedan,Padmanabhanagar,Shivajinagar,182.0,60.0,Not Applicable,Not Applicable,No,Not Applicable,1998,Cash,40,3.6,4.3
2024-07-13 10:04:00,CNR6628613284,Success,CID728416,Prime Plus,RT Nagar,Whitefield,77.0,40.0,Not Applicable,Not Applicable,No,Not Applicable,172,Cash,1,4.6,3.2
2024-07-15 14:38:00,CNR2261300328,Success,CID485121,Bike,Kadugodi,Mysore Road,308.0,130.0,Not Applicable,Not Applicable,No,Not Applicable,334,UPI,8,3.8,4.8
2024-07-19 09:17:00,CNR4801785252,Success,CID313311,Mini,Rajajinagar,Ulsoor,287.0,125.0,Not Applicable,Not Applicable,No,Not Applicable,884,Cash,5,4.4,3.5
2024-07-15 04:45:00,CNR3614584274,Success,CID500610,Auto,Bellandur,Tumkur Road,70.0,70.0,Not Applicable,Not Applicable,No,Not Applicable,196,Cash,19,4.3,4.6
2024-07-24 12:11:00,CNR2846771262,Success,CID975220,Prime SUV,Basavanagudi,Shivajinagar,210.0,45.0,Not Applicable,Not Applicable,No,Not Applicable,248,Cash,26,4.6,3.5
2024-07-09 05:39:00,CNR9345791756,Success,CID959517,eBike,Bannerghatta Road,Ulsoor,98.0,125.0,Not Applicable,Not Applicable,No,Not Applicable,442,UPI,41,5.0,4.9
2024-07-28 19:21:00,CNR6593379757,Success,CID582972,Prime SUV,Devanahalli,Tumkur Road,133.0,110.0,Not Applicable,Not Applicable,No,Not Applicable,280,UPI,11,3.2,4.3
2024-07-07 18:39:00,CNR3218457206,Success,CID737447,Auto,Banashankari,Tumkur Road,35.0,65.0,Not Applicable,Not Applicable,No,Not Applicable,212,UPI,5,4.4,3.8
2024-07-30 00:11:00,CNR5980418486,Canceled by Driver,CID519098,Prime Plus,Hulimavu,Sarjapur Road,,,Not Applicable,Customer related issue,Not Applicable,Not Applicable,1941,Not Applicable,0,,
2024-07-04 12:07:00,CNR5908063270,Success,CID922159,Prime Sedan,Indiranagar,Bannerghatta Road,301.0,85.0,Not Applicable,Not Applicable,No,Not Applicable,940,Cash,44,3.2,4.4
2024-07-05 14:43:00,CNR5558637118,Canceled by Driver,CID595835,Prime SUV,Shantinagar,Malleshwaram,,,Not Applicable,More than permitted people in there,Not Applicable,Not Applicable,296,Not Applicable,0,,
2024-07-05 11:39:00,CNR6984383866,Success,CID984606,Mini,Sarjapur Road,Marathahalli,105.0,85.0,Not Applicable,Not Applicable,No,Not Applicable,303,Cash,1,3.1,4.2
2024-07-04 00:29:00,CNR9725910625,Canceled by Driver,CID325144,Prime SUV,Hebbal,Devanahalli,,,Not Applicable,Personal & Car related issue,Not Applicable,Not Applicable,225,Not Applicable,0,,
2024-07-10 07:53:00,CNR8097007427,Success,CID480426,Prime Sedan,Sarjapur Road,Varthur,126.0,100.0,Not Applicable,Not Applicable,No,Not Applicable,1043,Cash,47,4.9,3.3
2024-07-10 18:40:00,CNR6287056752,Success,CID817494,eBike,Kadugodi,Richmond Town,42.0,70.0,Not Applicable,Not Applicable,No,Not Applicable,230,UPI,35,3.8,3.7
2024-07-11 19:02:00,CNR3930486187,Success,CID666334,Prime Sedan,BTM Layout,Hosur Road,56.0,70.0,Not Applicable,Not Applicable,No,Not Applicable,203,Cash,48,3.2,4.1
2024-07-25 11:37:00,CNR6786889895,Driver Not Found,CID747566,Prime Plus,Nagarbhavi,Langford Town,,,Not Applicable,Not Applicable,Not Applicable,Not Applicable,492,Not Applicable,0,,
2024-07-02 03:35:00,CNR6396477259,Success,CID323825,Mini,Ramamurthy Nagar,Magadi Road,308.0,50.0,Not Applicable,Not Applicable,No,Not Applicable,363,UPI,8,4.4,3.1
2024-07-23 21:05:00,CNR5115437167,Success,CID643332,Auto,Malleshwaram,Cox Town,308.0,135.0,Not Applicable,Not Applicable,No,Not Applicable,885,UPI,13,3.7,4.4
2024-07-17 01:14:00,CNR3906663359,Driver Not Found,CID357070,Mini,Sahakar Nagar,JP Nagar,,,Not Applicable,Not Applicable,Not Applicable,Not Applicable,292,Not Applicable,0,,
2024-07-17 01:52:00,CNR9253844462,Driver Not Found,CID567078,Prime SUV,HSR Layout,Koramangala,,,Not Applicable,Not Applicable,Not Applicable,Not Applicable,493,Not Applicable,0,,
2024-07-06 12:19:00,CNR6791563523,Success,CID507149,Auto,Whitefield,Sahakar Nagar,259.0,120.0,Not Applicable,Not Applicable,No,Not Applicable,282,Cash,19,3.5,4.6
2024-07-20 07:20:00,CNR2661552229,Canceled by Driver,CID789775,Auto,Chamarajpet,Vijayanagar,,,Not Applicable,More than permitted people in there,Not Applicable,Not Applicable,464,Not Applicable,0,,
2024-07-01 11:56:00,CNR9487221335,Success,CID749931,Prime Plus,KR Puram,HSR Layout,70.0,40.0,Not Applicable,Not Applicable,No,Not Applicable,261,Cash,23,4.8,4.3
2024-07-29 16:05:00,CNR2408719018,Success,CID559113,Prime SUV,Basavanagudi,Chickpet,98.0,65.0,Not Applicable,Not Applicable,No,Not Applicable,1380,UPI,43,3.0,3.8
2024-07-17 09:29:00,CNR6840746139,Canceled by Customer,CID991351,Mini,JP Nagar,Nagarbhavi,,,Change of plans,Not Applicable,Not Applicable,Not Applicable,368,Not Applicable,0,,
2024-07-26 13:14:00,CNR1875518798,Success,CID992133,Prime Plus,KR Puram,Vijayanagar,126.0,45.0,Not Applicable,Not Applicable,No,Not Applicable,382,UPI,29,3.7,3.7
2024-07-27 06:23:00,CNR7769073274,Success,CID792969,Mini,Indiranagar,Kadugodi,210.0,85.0,Not Applicable,Not Applicable,No,Not Applicable,140,Cash,20,4.8,3.5
2024-07-09 22:12:00,CNR3136700993,Canceled by Driver,CID666858,Bike,HSR Layout,Jayanagar,,,Not Applicable,Personal & Car related issue,Not Applicable,Not Applicable,370,Not Applicable,0,,
2024-07-25 07:13:00,CNR8552583200,Canceled by Customer,CID776426,Prime Sedan,Majestic,Cox Town,,,AC is Not working,Not Applicable,Not Applicable,Not Applicable,330,Not Applicable,0,,
2024-07-28 19:42:00,CNR8345918502,Canceled by Driver,CID553198,Mini,Basavanagudi,Varthur,,,Not Applicable,More than permitted people in there,Not Applicable,Not Applicable,227,Not Applicable,0,,
2024-07-26 02:39:00,CNR7123366384,Success,CID177043,Mini,Hennur,Koramangala,84.0,125.0,Not Applicable,Not Applicable,No,Not Applicable,372,Cash,21,4.7,3.0
2024-07-06 17:21:00,CNR4037087771,Success,CID899035,Prime SUV,Kammanahalli,Electronic City,294.0,90.0,Not Applicable,Not Applicable,No,Not Applicable,1102,UPI,33,3.7,3.3
2024-07-27 02:31:00,CNR1832371459,Success,CID192294,Bike,Jayanagar,Tumkur Road,238.0,100.0,Not Applicable,Not Applicable,No,Not Applicable,782,UPI,1,4.5,4.9
2024-07-30 06:08:00,CNR6076270162,Success,CID590974,Bike,Chickpet,Hulimavu,259.0,105.0,Not Applicable,Not Applicable,No,Not Applicable,201,UPI,44,4.1,3.5
2024-07-14 14:52:00,CNR5580362064,Success,CID173411,Auto,Majestic,HSR Layout,119.0,135.0,Not Applicable,Not Applicable,No,Not Applicable,142,Debit Card,12,4.8,3.5
2024-07-10 18:26:00,CNR2590541296,Success,CID735077,eBike,Whitefield,Hosur Road,161.0,25.0,Not Applicable,Not Applicable,Yes,Customer Demand,627,UPI,27,3.3,4.3
2024-07-15 21:24:00,CNR7979916552,Success,CID771011,Mini,Varthur,Ramamurthy Nagar,245.0,45.0,Not Applicable,Not Applicable,Yes,Customer Demand,359,Cash,24,3.4,4.2
2024-07-29 21:18:00,CNR5769587586,Driver Not Found,CID511313,Prime Plus,Majestic,HSR Layout,,,Not Applicable,Not Applicable,Not Applicable,Not Applicable,745,Not Applicable,0,,
2024-07-10 12:28:00,CNR5240894920,Success,CID500239,Auto,Varthur,Varthur,259.0,110.0,Not Applicable,Not Applicable,No,Not Applicable,121,Cash,7,4.7,4.0
2024-07-23 13:15:00,CNR8724804403,Success,CID737451,Auto,Chamarajpet,Cox Town,259.0,120.0,Not Applicable,Not Applicable,No,Not Applicable,2609,UPI,17,3.0,3.2
2024-07-03 23:43:00,CNR6983821565,Driver Not Found,CID312028,Prime SUV,Shivajinagar,Majestic,,,Not Applicable,Not Applicable,Not Applicable,Not Applicable,444,Not Applicable,0,,
2024-07-20 03:34:00,CNR6891607429,Success,CID225184,Prime Plus,Banashankari,Tumkur Road,203.0,70.0,Not Applicable,Not Applicable,No,Not Applicable,2994,Cash,43,3.5,4.2
2024-07-24 20:32:00,CNR6604076364,Success,CID633567,Mini,Marathahalli,Hennur,287.0,100.0,Not Applicable,Not Applicable,No,Not Applicable,793,Cash,39,3.4,3.2
2024-07-04 15:33:00,CNR4607953182,Success,CID715942,Auto,RT Nagar,Tumkur Road,133.0,50.0,Not Applicable,Not Applicable,No,Not Applicable,408,Cash,11,3.6,3.4
2024-07-24 14:32:00,CNR4772728958,Canceled by Driver,CID594107,Prime SUV,KR Puram,Yeshwanthpur,,,Not Applicable,Customer was coughing/sick,Not Applicable,Not Applicable,592,Not Applicable,0,,
2024-07-04 05:38:00,CNR3627829465,Success,CID661592,Prime Plus,Ulsoor,Kadugodi,182.0,145.0,Not Applicable,Not Applicable,No,Not Applicable,2354,UPI,10,4.4,4.4
2024-07-06 03:57:00,CNR1812921851,Success,CID754972,Prime SUV,Basavanagudi,Shivajinagar,133.0,35.0,Not Applicable,Not Applicable,No,Not Applicable,107,Cash,18,4.5,3.2
2024-07-14 04:53:00,CNR7862647483,Canceled by Driver,CID782502,Bike,Kadugodi,Koramangala,,,Not Applicable,Customer related issue,Not Applicable,Not Applicable,263,Not Applicable,0,,
2024-07-18 03:47:00,CNR1946551595,Canceled by Driver,CID808055,Bike,Ulsoor,RT Nagar,,,Not Applicable,Personal & Car related issue,Not Applicable,Not Applicable,386,Not Applicable,0,,
2024-07-23 13:52:00,CNR7111806764,Success,CID360376,Mini,Indiranagar,RT Nagar,266.0,80.0,Not Applicable,Not Applicable,No,Not Applicable,172,Credit Card,23,4.6,3.9
2024-07-10 03:45:00,CNR1927689332,Success,CID496336,Bike,Yeshwanthpur,Peenya,168.0,90.0,Not Applicable,Not Applicable,No,Not Applicable,132,Cash,30,4.7,4.2
2024-07-21 04:59:00,CNR1932725985,Success,CID194466,Mini,Devanahalli,Chickpet,224.0,85.0,Not Applicable,Not Applicable,Yes,Vehicle Breakdown,383,Cash,48,3.0,4.0
2024-07-26 18:05:00,CNR8440964440,Success,CID985433,Auto,Whitefield,Shantinagar,182.0,40.0,Not Applicable,Not Applicable,No,Not Applicable,574,Cash,2,3.8,4.1
2024-07-09 10:37:00,CNR4823640935,Success,CID801519,Mini,KR Puram,Cox Town,168.0,140.0,Not Applicable,Not Applicable,No,Not Applicable,336,Cash,26,3.6,4.4
2024-07-20 12:43:00,CNR5543766478,Canceled by Driver,CID731882,Mini,Hebbal,Mysore Road,,,Not Applicable,Customer related issue,Not Applicable,Not Applicable,320,Not Applicable,0,,
2024-07-30 21:39:00,CNR4843750393,Canceled by Customer,CID704423,Mini,Rajajinagar,Padmanabhanagar,,,Driver asked to cancel,Not Applicable,Not Applicable,Not Applicable,1368,Not Applicable,0,,
2024-07-23 07:27:00,CNR9156540622,Canceled by Customer,CID948130,Mini,Majestic,Whitefield,,,Driver is not moving towards pickup location,Not Applicable,Not Applicable,Not Applicable,2606,Not Applicable,0,,
2024-07-28 00:06:00,CNR8841999485,Canceled by Driver,CID454124,Prime Plus,Sarjapur Road,Yelahanka,,,Not Applicable,Personal & Car related issue,Not Applicable,Not Applicable,193,Not Applicable,0,,
2024-07-08 12:12:00,CNR7230277485,Success,CID779489,Bike,Whitefield,Varthur,126.0,130.0,Not Applicable,Not Applicable,No,Not Applicable,686,UPI,8,3.5,3.9
2024-07-29 13:02:00,CNR6065131217,Success,CID984289,Prime Plus,Majestic,Varthur,91.0,50.0,Not Applicable,Not Applicable,Yes,Customer Demand,1880,UPI,43,4.1,4.7
2024-07-09 21:13:00,CNR2483435074,Success,CID129396,Prime Plus,Bannerghatta Road,Ulsoor,133.0,35.0,Not Applicable,Not Applicable,No,Not Applicable,971,UPI,46,4.3,3.4
2024-07-15 11:09:00,CNR2624089591,Success,CID770174,eBike,Devanahalli,KR Puram,112.0,55.0,Not Applicable,Not Applicable,No,Not Applicable,479,UPI,35,4.8,3.9
2024-07-24 07:20:00,CNR7296667466,Canceled by Driver,CID610521,Mini,Bellandur,Chamarajpet,,,Not Applicable,Personal & Car related issue,Not Applicable,Not Applicable,328,Not Applicable,0,,
2024-07-23 16:19:00,CNR8608934709,Success,CID934020,Prime SUV,Rajarajeshwari Nagar,Chamarajpet,238.0,85.0,Not Applicable,Not Applicable,No,Not Applicable,637,Cash,29,3.4,4.9
2024-07-17 05:06:00,CNR1397466804,Canceled by Customer,CID849765,Bike,BTM Layout,Kammanahalli,,,Driver asked to cancel,Not Applicable,Not Applicable,Not Applicable,283,Not Applicable,0,,
2024-07-30 20:36:00,CNR8867378391,Canceled by Driver,CID574909,Prime Plus,BTM Layout,Magadi Road,,,Not Applicable,Personal & Car related issue,Not Applicable,Not Applicable,1098,Not Applicable,0,,
2024-07-05 12:03:00,CNR8240481863,Success,CID256337,Bike,Rajajinagar,Cox Town,238.0,80.0,Not Applicable,Not Applicable,Yes,Other Issue,360,Cash,30,3.1,4.6
2024-07-21 22:20:00,CNR4284717390,Canceled by Driver,CID721965,eBike,Padmanabhanagar,Langford Town,,,Not Applicable,Personal & Car related issue,Not Applicable,Not Applicable,197,Not Applicable,0,,
2024-07-30 01:21:00,CNR1505674297,Success,CID441255,Auto,Malleshwaram,Yelahanka,91.0,95.0,Not Applicable,Not Applicable,No,Not Applicable,170,UPI,11,4.3,3.9
2024-07-26 06:17:00,CNR1664536000,Canceled by Driver,CID907678,eBike,Bannerghatta Road,Banashankari,,,Not Applicable,Customer related issue,Not Applicable,Not Applicable,123,Not Applicable,0,,
2024-07-15 02:56:00,CNR4409247736,Success,CID494006,Prime SUV,Kadugodi,Kadugodi,105.0,50.0,Not Applicable,Not Applicable,No,Not Applicable,335,UPI,17,5.0,4.5
2024-07-17 03:26:00,CNR5538342986,Canceled by Driver,CID921972,Bike,Jayanagar,Frazer Town,,,Not Applicable,Personal & Car related issue,Not Applicable,Not Applicable,897,Not Applicable,0,,
2024-07-06 06:15:00,CNR3971669760,Success,CID275214,Bike,Mysore Road,Hebbal,231.0,60.0,Not Applicable,Not Applicable,No,Not Applicable,2064,Cash,17,3.6,3.0
2024-07-28 03:53:00,CNR7560652498,Success,CID871686,Bike,Koramangala,Mysore Road,154.0,110.0,Not Applicable,Not Applicable,No,Not Applicable,920,Cash,44,3.7,4.6
2024-07-14 09:17:00,CNR3923618181,Canceled by Driver,CID665647,Mini,Bannerghatta Road,Marathahalli,,,Not Applicable,Customer related issue,Not Applicable,Not Applicable,127,Not Applicable,0,,
2024-07-30 21:19:00,CNR5761952746,Success,CID579836,Mini,KR Puram,Electronic City,147.0,25.0,Not Applicable,Not Applicable,No,Not Applicable,2598,Cash,13,3.1,3.4
2024-07-29 02:58:00,CNR3943301719,Success,CID388441,Prime SUV,Basavanagudi,Malleshwaram,56.0,145.0,Not Applicable,Not Applicable,No,Not Applicable,2982,Cash,15,4.0,4.5
2024-07-03 12:38:00,CNR6334134730,Canceled by Driver,CID212090,Auto,Vijayanagar,Varthur,,,Not Applicable,Customer related issue,Not Applicable,Not Applicable,442,Not Applicable,0,,
2024-07-23 15:50:00,CNR2218226687,Canceled by Driver,CID239037,Prime Plus,Whitefield,Kengeri,,,Not Applicable,Personal & Car related issue,Not Applicable,Not Applicable,195,Not Applicable,0,,
2024-07-29 10:22:00,CNR9720960688,Success,CID290569,Bike,Padmanabhanagar,Yeshwanthpur,161.0,40.0,Not Applicable,Not Applicable,No,Not Applicable,1627,UPI,2,3.4,4.4
2024-07-15 00:49:00,CNR7389210034,Success,CID706414,Mini,Varthur,Devanahalli,105.0,75.0,Not Applicable,Not Applicable,No,Not Applicable,313,Cash,45,3.8,4.3
2024-07-11 07:39:00,CNR9692105668,Success,CID603579,Prime Plus,Magadi Road,Kengeri,49.0,125.0,Not Applicable,Not Applicable,No,Not Applicable,459,UPI,20,3.3,4.9
2024-07-27 01:00:00,CNR8554535942,Success,CID830472,Prime Plus,Sahakar Nagar,Richmond Town,245.0,45.0,Not Applicable,Not Applicable,No,Not Applicable,209,Cash,17,5.0,4.3
2024-07-30 22:01:00,CNR6187043710,Success,CID850450,Mini,Hebbal,Magadi Road,308.0,105.0,Not Applicable,Not Applicable,No,Not Applicable,273,Cash,10,3.8,4.4
2024-07-05 03:28:00,CNR3758830685,Canceled by Driver,CID124646,eBike,Basavanagudi,Hosur Road,,,Not Applicable,Personal & Car related issue,Not Applicable,Not Applicable,488,Not Applicable,0,,
2024-07-26 15:29:00,CNR6580725394,Success,CID202286,Auto,Ramamurthy Nagar,Majestic,98.0,70.0,Not Applicable,Not Applicable,No,Not Applicable,1503,UPI,18,4.4,4.7
2024-07-30 17:57:00,CNR3939139431,Success,CID381040,Prime Sedan,Magadi Road,Chamarajpet,238.0,145.0,Not Applicable,Not Applicable,No,Not Applicable,598,UPI,13,4.6,3.5
2024-07-01 09:59:00,CNR6063839055,Success,CID730962,Auto,Electronic City,Malleshwaram,112.0,65.0,Not Applicable,Not Applicable,No,Not Applicable,243,UPI,4,3.9,3.9
2024-07-09 20:09:00,CNR8893333433,Success,CID146615,Bike,Bellandur,Varthur,273.0,125.0,Not Applicable,Not Applicable,No,Not Applicable,365,Cash,35,3.3,4.6
2024-07-06 02:56:00,CNR8829053453,Success,CID278350,Mini,Nagarbhavi,Basavanagudi,175.0,25.0,Not Applicable,Not Applicable,No,Not Applicable,202,Cash,9,4.6,4.5
2024-07-09 00:55:00,CNR3165575904,Success,CID244061,Prime SUV,Frazer Town,JP Nagar,175.0,25.0,Not Applicable,Not Applicable,No,Not Applicable,320,Cash,15,4.2,4.3
2024-07-15 08:21:00,CNR1018879224,Success,CID399956,Prime SUV,HSR Layout,Padmanabhanagar,140.0,105.0,Not Applicable,Not Applicable,No,Not Applicable,445,UPI,31,3.4,3.2
2024-07-29 02:48:00,CNR6633439917,Success,CID932074,eBike,Indiranagar,JP Nagar,133.0,95.0,Not Applicable,Not Applicable,No,Not Applicable,1278,UPI,7,3.3,3.3
2024-07-07 20:27:00,CNR1738788299,Success,CID701616,Prime SUV,Sahakar Nagar,Langford Town,294.0,130.0,Not Applicable,Not Applicable,No,Not Applicable,327,Cash,9,4.7,4.4
2024-07-13 18:50:00,CNR4444566842,Canceled by Customer,CID241991,Prime Sedan,Peenya,Nagarbhavi,,,Driver asked to cancel,Not Applicable,Not Applicable,Not Applicable,383,Not Applicable,0,,
2024-07-04 08:02:00,CNR3287315019,Success,CID445716,Prime Plus,Tumkur Road,Hulimavu,294.0,80.0,Not Applicable,Not Applicable,No,Not Applicable,343,UPI,43,3.1,3.4
2024-07-20 18:43:00,CNR3112182946,Success,CID462354,Prime SUV,Devanahalli,Hennur,133.0,65.0,Not Applicable,Not Applicable,No,Not Applicable,495,UPI,14,4.1,3.3
2024-07-17 09:49:00,CNR8543778439,Success,CID163113,eBike,RT Nagar,MG Road,266.0,50.0,Not Applicable,Not Applicable,No,Not Applicable,417,Cash,1,3.7,3.9
2024-07-20 14:55:00,CNR5398864197,Driver Not Found,CID867385,eBike,Kadugodi,Kadugodi,,,Not Applicable,Not Applicable,Not Applicable,Not Applicable,156,Not Applicable,0,,
2024-07-14 02:31:00,CNR7689176339,Canceled by Customer,CID948121,Auto,JP Nagar,Chamarajpet,,,Change of plans,Not Applicable,Not Applicable,Not Applicable,443,Not Applicable,0,,
2024-07-19 00:22:00,CNR5977244093,Success,CID781032,Prime Sedan,Mysore Road,Frazer Town,252.0,65.0,Not Applicable,Not Applicable,No,Not Applicable,477,Cash,27,3.9,3.4
2024-07-27 11:27:00,CNR8121954449,Canceled by Customer,CID979534,Prime Plus,Banashankari,Marathahalli,,,Driver is not moving towards pickup location,Not Applicable,Not Applicable,Not Applicable,313,Not Applicable,0,,
2024-07-17 23:13:00,CNR7153345706,Canceled by Driver,CID277958,Prime Sedan,Sarjapur Road,Yeshwanthpur,,,Not Applicable,Personal & Car related issue,Not Applicable,Not Applicable,174,Not Applicable,0,,
2024-07-12 04:37:00,CNR3925457206,Canceled by Customer,CID185272,Auto,Padmanabhanagar,Yeshwanthpur,,,Driver is not moving towards pickup location,Not Applicable,Not Applicable,Not Applicable,289,Not Applicable,0,,
2024-07-23 21:12:00,CNR2431624809,Canceled by Customer,CID302763,Auto,Marathahalli,Chamarajpet,,,Driver is not moving towards pickup location,Not Applicable,Not Applicable,Not Applicable,460,Not Applicable,0,,
2024-07-17 08:47:00,CNR7618008390,Success,CID471325,Prime Sedan,Kadugodi,Hennur,266.0,120.0,Not Applicable,Not Applicable,No,Not Applicable,647,Cash,41,4.7,4.5
2024-07-05 14:40:00,CNR4476014000,Driver Not Found,CID351550,Prime Plus,Padmanabhanagar,Langford Town,,,Not Applicable,Not Applicable,Not Applicable,Not Applicable,111,Not Applicable,0,,
2024-07-15 01:46:00,CNR2189289378,Canceled by Driver,CID132881,Prime SUV,JP Nagar,Jayanagar,,,Not Applicable,More than permitted people in there,Not Applicable,Not Applicable,453,Not Applicable,0,,
2024-07-18 16:20:00,CNR1616240919,Success,CID398733,eBike,Nagarbhavi,Banashankari,287.0,130.0,Not Applicable,Not Applicable,No,Not Applicable,630,Cash,23,4.9,3.8
2024-07-17 02:09:00,CNR5146301895,Success,CID210390,Bike,JP Nagar,BTM Layout,126.0,65.0,Not Applicable,Not Applicable,No,Not Applicable,891,UPI,49,3.4,3.6
2024-07-06 01:02:00,CNR3395471981,Success,CID864616,Bike,Hebbal,MG Road,287.0,145.0,Not Applicable,Not Applicable,No,Not Applicable,129,UPI,9,3.1,4.2
2024-07-22 14:56:00,CNR1488688615,Success,CID190454,Prime Plus,Chickpet,Bellandur,105.0,135.0,Not Applicable,Not Applicable,No,Not Applicable,356,Cash,36,5.0,4.6
2024-07-17 16:23:00,CNR1509724018,Canceled by Driver,CID975327,eBike,Devanahalli,Kadugodi,,,Not Applicable,Customer was coughing/sick,Not Applicable,Not Applicable,264,Not Applicable,0,,
2024-07-21 20:23:00,CNR9382418440,Success,CID274648,Prime SUV,Frazer Town,Peenya,42.0,145.0,Not Applicable,Not Applicable,No,Not Applicable,802,UPI,20,4.7,3.5
2024-07-30 18:47:00,CNR1046073455,Success,CID687603,eBike,Sahakar Nagar,Peenya,154.0,120.0,Not Applicable,Not Applicable,No,Not Applicable,169,Cash,46,4.0,3.6
2024-07-04 18:08:00,CNR8273989115,Success,CID243472,eBike,Marathahalli,Koramangala,56.0,110.0,Not Applicable,Not Applicable,No,Not Applicable,242,Cash,22,3.0,4.9
2024-07-07 07:33:00,CNR8198424347,Success,CID998767,Prime SUV,Hosur Road,Indiranagar,98.0,50.0,Not Applicable,Not Applicable,Yes,Vehicle Breakdown,373,UPI,30,4.3,3.9
2024-07-27 14:48:00,CNR9243544652,Success,CID920220,Prime Sedan,Devanahalli,Nagarbhavi,287.0,35.0,Not Applicable,Not Applicable,No,Not Applicable,305,UPI,20,4.8,4.4
2024-07-10 09:18:00,CNR6739734104,Success,CID440408,Prime Sedan,Mysore Road,BTM Layout,161.0,105.0,Not Applicable,Not Applicable,No,Not Applicable,239,Cash,39,4.0,4.3
2024-07-12 16:54:00,CNR8169934000,Success,CID103845,eBike,Jayanagar,Malleshwaram,224.0,50.0,Not Applicable,Not Applicable,No,Not Applicable,426,Cash,5,3.5,4.2
2024-07-21 02:11:00,CNR6579816534,Success,CID186551,Prime SUV,Kengeri,KR Puram,280.0,110.0,Not Applicable,Not Applicable,No,Not Applicable,631,UPI,2,4.3,3.7
2024-07-30 07:24:00,CNR7022443331,Success,CID103219,Prime Sedan,Peenya,Indiranagar,182.0,80.0,Not Applicable,Not Applicable,No,Not Applicable,237,UPI,28,3.2,3.4
2024-07-23 05:25:00,CNR3602683624,Success,CID482755,Bike,Rajarajeshwari Nagar,HSR Layout,189.0,25.0,Not Applicable,Not Applicable,No,Not Applicable,676,UPI,13,3.2,4.1
2024-07-30 23:13:00,CNR8607153865,Driver Not Found,CID945337,Prime Plus,Sahakar Nagar,HSR Layout,,,Not Applicable,Not Applicable,Not Applicable,Not Applicable,2922,Not Applicable,0,,
2024-07-04 19:02:00,CNR2962905164,Canceled by Customer,CID182582,Bike,Devanahalli,Ulsoor,,,Driver is not moving towards pickup location,Not Applicable,Not Applicable,Not Applicable,877,Not Applicable,0,,
2024-07-10 06:09:00,CNR5053733520,Success,CID908437,Prime Plus,Jayanagar,Nagarbhavi,56.0,130.0,Not Applicable,Not Applicable,No,Not Applicable,597,Cash,12,3.9,3.9
2024-07-09 07:06:00,CNR6605734392,Canceled by Driver,CID830345,Auto,Langford Town,Devanahalli,,,Not Applicable,More than permitted people in there,Not Applicable,Not Applicable,2282,Not Applicable,0,,
2024-07-05 23:15:00,CNR2496636695,Success,CID887902,Prime SUV,Banashankari,Hulimavu,49.0,100.0,Not Applicable,Not Applicable,No,Not Applicable,556,UPI,41,4.9,3.4
2024-07-30 06:49:00,CNR6997850993,Canceled by Driver,CID167985,Mini,Devanahalli,Magadi Road,,,Not Applicable,Personal & Car related issue,Not Applicable,Not Applicable,1540,Not Applicable,0,,
2024-07-06 04:00:00,CNR6098719730,Success,CID267161,Prime SUV,Hennur,KR Puram,84.0,50.0,Not Applicable,Not Applicable,No,Not Applicable,133,Cash,6,3.2,4.6
2024-07-13 15:20:00,CNR7136746615,Success,CID149968,Bike,Peenya,Tumkur Road,70.0,85.0,Not Applicable,Not Applicable,No,Not Applicable,266,UPI,15,4.6,3.5
2024-07-28 12:08:00,CNR6446895290,Success,CID329340,Auto,Shantinagar,Hennur,210.0,95.0,Not Applicable,Not Applicable,No,Not Applicable,330,Cash,13,3.3,3.8
2024-07-26 01:14:00,CNR8812788369,Canceled by Driver,CID831616,Auto,BTM Layout,Sahakar Nagar,,,Not Applicable,More than permitted people in there,Not Applicable,Not Applicable,301,Not Applicable,0,,
2024-07-23 00:44:00,CNR5374204877,Success,CID265258,Prime SUV,Sahakar Nagar,Kengeri,294.0,80.0,Not Applicable,Not Applicable,No,Not Applicable,1354,Cash,41,4.5,4.3
2024-07-09 05:03:00,CNR5623747812,Success,CID628414,eBike,Majestic,Kammanahalli,273.0,75.0,Not Applicable,Not Applicable,Yes,Vehicle Breakdown,205,UPI,33,3.4,4.8
2024-07-06 05:47:00,CNR2891390912,Success,CID719238,Bike,MG Road,Varthur,308.0,45.0,Not Applicable,Not Applicable,No,Not Applicable,530,Cash,34,4.1,3.4
2024-07-03 09:18:00,CNR2943855550,Canceled by Driver,CID407909,Prime SUV,Kammanahalli,JP Nagar,,,Not Applicable,Customer related issue,Not Applicable,Not Applicable,476,Not Applicable,0,,
2024-07-23 13:51:00,CNR6812100437,Success,CID182197,Bike,Ulsoor,Chamarajpet,35.0,30.0,Not Applicable,Not Applicable,No,Not Applicable,703,Cash,34,3.1,4.1
2024-07-02 23:12:00,CNR5200657498,Success,CID926971,Auto,Shantinagar,Sahakar Nagar,84.0,75.0,Not Applicable,Not Applicable,No,Not Applicable,368,Cash,9,3.2,3.2
2024-07-18 12:15:00,CNR8467003790,Canceled by Driver,CID581756,Bike,Basavanagudi,Whitefield,,,Not Applicable,Customer related issue,Not Applicable,Not Applicable,102,Not Applicable,0,,
2024-07-23 05:43:00,CNR1604451878,Canceled by Driver,CID524113,Prime Sedan,Ulsoor,Malleshwaram,,,Not Applicable,Customer related issue,Not Applicable,Not Applicable,186,Not Applicable,0,,
2024-07-21 06:17:00,CNR4738050878,Canceled by Customer,CID208888,Auto,Padmanabhanagar,MG Road,,,Driver is not moving towards pickup location,Not Applicable,Not Applicable,Not Applicable,154,Not Applicable,0,,
2024-07-03 11:49:00,CNR1647344002,Success,CID579879,Prime Sedan,Whitefield,Magadi Road,273.0,125.0,Not Applicable,Not Applicable,No,Not Applicable,198,Cash,15,4.4,3.5
2024-07-25 18:12:00,CNR5786670281,Canceled by Driver,CID200421,eBike,Majestic,Padmanabhanagar,,,Not Applicable,Customer related issue,Not Applicable,Not Applicable,2474,Not Applicable,0,,
2024-07-04 15:21:00,CNR6990082010,Driver Not Found,CID234034,Auto,Cox Town,Koramangala,,,Not Applicable,Not Applicable,Not Applicable,Not Applicable,103,Not Applicable,0,,
2024-07-08 16:56:00,CNR3291373149,Success,CID683118,eBike,Basavanagudi,Kammanahalli,154.0,130.0,Not Applicable,Not Applicable,No,Not Applicable,443,UPI,6,4.0,4.1
2024-07-27 22:42:00,CNR1553845501,Canceled by Customer,CID216462,Prime Sedan,Yeshwanthpur,Hebbal,,,Wrong Address,Not Applicable,Not Applicable,Not Applicable,872,Not Applicable,0,,
2024-07-09 21:35:00,CNR5581917808,Success,CID497361,Prime Plus,Bannerghatta Road,Peenya,259.0,145.0,Not Applicable,Not Applicable,No,Not Applicable,553,Cash,5,4.9,4.8
2024-07-05 14:38:00,CNR6235995236,Canceled by Driver,CID553951,Prime Plus,Banashankari,Indiranagar,,,Not Applicable,Customer related issue,Not Applicable,Not Applicable,386,Not Applicable,0,,
2024-07-10 15:25:00,CNR1139571038,Canceled by Driver,CID254002,Mini,Tumkur Road,Rajarajeshwari Nagar,,,Not Applicable,Personal & Car related issue,Not Applicable,Not Applicable,123,Not Applicable,0,,
2024-07-05 15:10:00,CNR3612216496,Success,CID267233,Prime Sedan,Malleshwaram,Devanahalli,189.0,140.0,Not Applicable,Not Applicable,No,Not Applicable,332,UPI,10,4.0,4.7
2024-07-11 21:44:00,CNR5033725011,Success,CID529660,Prime Plus,Mysore Road,Bellandur,63.0,85.0,Not Applicable,Not Applicable,No,Not Applicable,193,Cash,35,5.0,3.8
2024-07-08 03:13:00,CNR4681564356,Success,CID352137,eBike,Rajarajeshwari Nagar,Kammanahalli,189.0,115.0,Not Applicable,Not Applicable,No,Not Applicable,622,UPI,13,4.2,3.6
2024-07-24 02:44:00,CNR4551082827,Success,CID480414,Mini,Mysore Road,Cox Town,259.0,25.0,Not Applicable,Not Applicable,Yes,Vehicle Breakdown,173,UPI,16,4.8,3.2
2024-07-22 17:33:00,CNR1150050235,Success,CID442701,Auto,Hulimavu,Tumkur Road,84.0,120.0,Not Applicable,Not Applicable,No,Not Applicable,198,Cash,15,5.0,3.0
2024-07-20 15:16:00,CNR3493601599,Success,CID385491,Bike,Yeshwanthpur,Indiranagar,217.0,25.0,Not Applicable,Not Applicable,No,Not Applicable,174,UPI,22,3.8,4.4
2024-07-07 08:47:00,CNR3663543650,Canceled by Customer,CID673625,Prime Sedan,Chamarajpet,Chickpet,,,Driver asked to cancel,Not Applicable,Not Applicable,Not Applicable,909,Not Applicable,0,,
2024-07-03 20:12:00,CNR4750334349,Canceled by Driver,CID665631,Mini,HSR Layout,Malleshwaram,,,Not Applicable,Customer was coughing/sick,Not Applicable,Not Applicable,392,Not Applicable,0,,
2024-07-14 15:25:00,CNR7014965344,Driver Not Found,CID837812,Mini,Indiranagar,Nagarbhavi,,,Not Applicable,Not Applicable,Not Applicable,Not Applicable,422,Not Applicable,0,,
2024-07-23 18:24:00,CNR8223623264,Canceled by Driver,CID974848,Prime SUV,Shivajinagar,Ulsoor,,,Not Applicable,Personal & Car related issue,Not Applicable,Not Applicable,2331,Not Applicable,0,,
2024-07-05 08:25:00,CNR7210269127,Driver Not Found,CID469103,Mini,Peenya,MG Road,,,Not Applicable,Not Applicable,Not Applicable,Not Applicable,313,Not Applicable,0,,
2024-07-04 20:23:00,CNR6457671990,Driver Not Found,CID260293,Prime Plus,Peenya,Mysore Road,,,Not Applicable,Not Applicable,Not Applicable,Not Applicable,868,Not Applicable,0,,
2024-07-20 10:48:00,CNR9722990568,Success,CID277381,Prime Plus,Hosur Road,Hebbal,210.0,125.0,Not Applicable,Not Applicable,No,Not Applicable,248,UPI,3,4.1,4.7
2024-07-03 10:26:00,CNR1437460165,Canceled by Driver,CID196873,Auto,Hennur,Basavanagudi,,,Not Applicable,Customer was coughing/sick,Not Applicable,Not Applicable,829,Not Applicable,0,,
2024-07-19 17:11:00,CNR8297100364,Success,CID105290,Prime SUV,BTM Layout,Rajajinagar,189.0,130.0,Not Applicable,Not Applicable,Yes,Customer Demand,401,Cash,48,4.3,3.0
2024-07-16 06:19:00,CNR6616772414,Success,CID548323,Auto,Hosur Road,Yeshwanthpur,301.0,90.0,Not Applicable,Not Applicable,No,Not Applicable,354,UPI,17,3.2,4.9
2024-07-29 17:27:00,CNR6513636493,Success,CID516629,Auto,Banashankari,Yeshwanthpur,168.0,115.0,Not Applicable,Not Applicable,No,Not Applicable,249,Cash,6,3.4,3.6
2024-07-06 06:39:00,CNR1723167442,Canceled by Driver,CID153333,Auto,JP Nagar,Hennur,,,Not Applicable,Personal & Car related issue,Not Applicable,Not Applicable,379,Not Applicable,0,,
2024-07-06 14:31:00,CNR8208581303,Canceled by Driver,CID756972,eBike,Tumkur Road,HSR Layout,,,Not Applicable,Personal & Car related issue,Not Applicable,Not Applicable,2307,Not Applicable,0,,
2024-07-20 00:30:00,CNR4300809313,Canceled by Customer,CID626217,Prime SUV,HSR Layout,Vijayanagar,,,Driver asked to cancel,Not Applicable,Not Applicable,Not Applicable,155,Not Applicable,0,,
2024-07-25 07:43:00,CNR4570303723,Success,CID553550,eBike,HSR Layout,Mysore Road,91.0,30.0,Not Applicable,Not Applicable,No,Not Applicable,279,Debit Card,16,4.4,4.6
2024-07-02 01:11:00,CNR9420934873,Canceled by Customer,CID518083,Mini,Langford Town,Varthur,,,Change of plans,Not Applicable,Not Applicable,Not Applicable,455,Not Applicable,0,,
2024-07-28 16:14:00,CNR4481169506,Canceled by Customer,CID815258,Prime Plus,BTM Layout,Hulimavu,,,Change of plans,Not Applicable,Not Applicable,Not Applicable,262,Not Applicable,0,,
2024-07-21 01:29:00,CNR4578477956,Canceled by Driver,CID175568,eBike,Hosur Road,Yeshwanthpur,,,Not Applicable,Customer related issue,Not Applicable,Not Applicable,669,Not Applicable,0,,
2024-07-03 07:07:00,CNR5329355326,Canceled by Customer,CID413606,Mini,Koramangala,Peenya,,,Driver asked to cancel,Not Applicable,Not Applicable,Not Applicable,286,Not Applicable,0,,
2024-07-21 00:08:00,CNR3236938790,Success,CID953188,eBike,Kammanahalli,Kadugodi,70.0,90.0,Not Applicable,Not Applicable,No,Not Applicable,453,Cash,49,4.9,3.5
2024-07-17 19:27:00,CNR2051009840,Canceled by Driver,CID779865,Mini,Bellandur,Nagarbhavi,,,Not Applicable,Customer was coughing/sick,Not Applicable,Not Applicable,237,Not Applicable,0,,
2024-07-03 21:25:00,CNR1233435396,Driver Not Found,CID690633,Prime SUV,Kadugodi,Hosur Road,,,Not Applicable,Not Applicable,Not Applicable,Not Applicable,378,Not Applicable,0,,
2024-07-29 02:52:00,CNR9564802644,Success,CID118493,Prime Sedan,Yeshwanthpur,Marathahalli,70.0,80.0,Not Applicable,Not Applicable,No,Not Applicable,941,Cash,29,4.9,4.1
2024-07-07 17:08:00,CNR8819806267,Canceled by Customer,CID860598,Prime Plus,Malleshwaram,Basavanagudi,,,Change of plans,Not Applicable,Not Applicable,Not Applicable,510,Not Applicable,0,,
2024-07-04 10:08:00,CNR2417940635,Success,CID855467,eBike,Bannerghatta Road,Devanahalli,105.0,35.0,Not Applicable,Not Applicable,No,Not Applicable,104,UPI,27,4.9,3.2
2024-07-07 22:20:00,CNR2179441011,Success,CID743844,Bike,JP Nagar,Nagarbhavi,126.0,65.0,Not Applicable,Not Applicable,No,Not Applicable,589,UPI,15,4.3,3.5
2024-07-20 12:39:00,CNR8512056800,Success,CID560863,Bike,Kammanahalli,Tumkur Road,259.0,125.0,Not Applicable,Not Applicable,No,Not Applicable,256,UPI,6,3.9,3.2
2024-07-04 09:36:00,CNR9096783151,Driver Not Found,CID578039,eBike,Malleshwaram,MG Road,,,Not Applicable,Not Applicable,Not Applicable,Not Applicable,378,Not Applicable,0,,
2024-07-04 18:05:00,CNR5179059390,Canceled by Driver,CID920076,Bike,Richmond Town,Electronic City,,,Not Applicable,Personal & Car related issue,Not Applicable,Not Applicable,229,Not Applicable,0,,
2024-07-26 03:47:00,CNR6015913068,Success,CID170210,Prime Plus,Whitefield,Koramangala,203.0,135.0,Not Applicable,Not Applicable,No,Not Applicable,302,Cash,49,5.0,3.7
2024-07-21 23:54:00,CNR4223851920,Success,CID499093,Prime SUV,Electronic City,Chickpet,70.0,75.0,Not Applicable,Not Applicable,No,Not Applicable,307,Cash,43,3.2,3.8
2024-07-13 15:10:00,CNR8138017207,Success,CID865777,Bike,Kammanahalli,Hosur Road,266.0,145.0,Not Applicable,Not Applicable,No,Not Applicable,475,Cash,5,3.6,3.1
2024-07-07 02:13:00,CNR1106745939,Success,CID365136,Prime Sedan,Rajarajeshwari Nagar,Ramamurthy Nagar,98.0,90.0,Not Applicable,Not Applicable,No,Not Applicable,311,UPI,39,3.3,3.0
2024-07-21 03:41:00,CNR7558852872,Canceled by Driver,CID984134,Prime Sedan,Ramamurthy Nagar,Devanahalli,,,Not Applicable,Personal & Car related issue,Not Applicable,Not Applicable,528,Not Applicable,0,,
2024-07-25 22:31:00,CNR6153803639,Success,CID816395,Prime Sedan,Cox Town,Shivajinagar,287.0,120.0,Not Applicable,Not Applicable,No,Not Applicable,445,UPI,43,4.5,3.5
2024-07-26 02:44:00,CNR4175935218,Success,CID984373,Auto,Richmond Town,Shantinagar,112.0,65.0,Not Applicable,Not Applicable,No,Not Applicable,411,UPI,17,4.9,3.2
2024-07-12 19:48:00,CNR5454682479,Canceled by Customer,CID426053,Auto,Whitefield,Shantinagar,,,Driver is not moving towards pickup location,Not Applicable,Not Applicable,Not Applicable,162,Not Applicable,0,,
2024-07-29 05:39:00,CNR3447646139,Canceled by Customer,CID850326,Bike,Rajarajeshwari Nagar,Frazer Town,,,Driver is not moving towards pickup location,Not Applicable,Not Applicable,Not Applicable,408,Not Applicable,0,,
2024-07-24 09:36:00,CNR6620167391,Success,CID233671,Prime Plus,HSR Layout,BTM Layout,77.0,80.0,Not Applicable,Not Applicable,No,Not Applicable,327,Cash,47,4.8,3.7
2024-07-23 11:28:00,CNR6587782129,Success,CID368873,Auto,Indiranagar,Kengeri,84.0,120.0,Not Applicable,Not Applicable,No,Not Applicable,477,UPI,4,4.1,4.5
2024-07-05 21:16:00,CNR3829082713,Canceled by Driver,CID219581,Mini,HSR Layout,Hennur,,,Not Applicable,Customer related issue,Not Applicable,Not Applicable,990,Not Applicable,0,,
2024-07-27 19:24:00,CNR4896711302,Driver Not Found,CID884876,eBike,Yelahanka,Richmond Town,,,Not Applicable,Not Applicable,Not Applicable,Not Applicable,2221,Not Applicable,0,,
2024-07-22 14:29:00,CNR3037807490,Canceled by Driver,CID122481,Prime Sedan,Majestic,Hosur Road,,,Not Applicable,Customer related issue,Not Applicable,Not Applicable,661,Not Applicable,0,,
2024-07-19 07:37:00,CNR3098433683,Success,CID265386,Prime SUV,Yeshwanthpur,Banashankari,161.0,35.0,Not Applicable,Not Applicable,No,Not Applicable,344,Credit Card,26,3.7,4.8
2024-07-14 07:11:00,CNR4767631196,Success,CID343061,Prime Sedan,Majestic,Shantinagar,42.0,80.0,Not Applicable,Not Applicable,No,Not Applicable,454,UPI,37,4.8,4.7
2024-07-24 22:43:00,CNR5829863107,Success,CID201796,Mini,Banashankari,Malleshwaram,280.0,35.0,Not Applicable,Not Applicable,No,Not Applicable,1426,Cash,42,3.1,4.4
2024-07-18 01:58:00,CNR5619593552,Canceled by Driver,CID435630,Mini,Ulsoor,Vijayanagar,,,Not Applicable,Customer related issue,Not Applicable,Not Applicable,1052,Not Applicable,0,,
2024-07-04 14:14:00,CNR1793001711,Canceled by Customer,CID998873,Mini,Koramangala,Kengeri,,,Wrong Address,Not Applicable,Not Applicable,Not Applicable,111,Not Applicable,0,,
2024-07-03 07:18:00,CNR9121948967,Canceled by Driver,CID683054,Bike,Kammanahalli,Whitefield,,,Not Applicable,Customer was coughing/sick,Not Applicable,Not Applicable,261,Not Applicable,0,,
2024-07-11 08:34:00,CNR1433160723,Success,CID803693,Prime Plus,BTM Layout,Shantinagar,259.0,65.0,Not Applicable,Not Applicable,No,Not Applicable,475,UPI,39,3.4,3.7
2024-07-25 15:50:00,CNR1896133754,Success,CID880167,Mini,Langford Town,Shivajinagar,42.0,80.0,Not Applicable,Not Applicable,No,Not Applicable,123,UPI,48,3.0,4.4
2024-07-02 13:55:00,CNR8273495543,Canceled by Driver,CID721921,Prime Plus,Ramamurthy Nagar,Whitefield,,,Not Applicable,Personal & Car related issue,Not Applicable,Not Applicable,232,Not Applicable,0,,
2024-07-03 14:35:00,CNR2786998128,Canceled by Driver,CID232017,Auto,Hulimavu,Kadugodi,,,Not Applicable,Customer related issue,Not Applicable,Not Applicable,418,Not Applicable,0,,
2024-07-08 13:33:00,CNR1403207383,Success,CID911303,Prime Plus,Ramamurthy Nagar,Malleshwaram,168.0,115.0,Not Applicable,Not Applicable,No,Not Applicable,336,Cash,27,4.9,3.1
2024-07-24 13:57:00,CNR9100098787,Success,CID136795,Bike,Rajajinagar,Langford Town,154.0,120.0,Not Applicable,Not Applicable,No,Not Applicable,181,UPI,10,3.2,4.0
2024-07-27 05:29:00,CNR8560301323,Driver Not Found,CID966499,Prime Sedan,Shantinagar,Malleshwaram,,,Not Applicable,Not Applicable,Not Applicable,Not Applicable,205,Not Applicable,0,,
2024-07-07 15:37:00,CNR3038428592,Success,CID481390,Auto,Sarjapur Road,Hosur Road,42.0,75.0,Not Applicable,Not Applicable,No,Not Applicable,2267,UPI,7,3.4,3.9
2024-07-07 00:25:00,CNR6500909216,Canceled by Driver,CID340854,Bike,Chickpet,Ramamurthy Nagar,,,Not Applicable,Customer was coughing/sick,Not Applicable,Not Applicable,164,Not Applicable,0,,
2024-07-16 04:25:00,CNR2955080706,Success,CID521404,eBike,Magadi Road,Malleshwaram,105.0,100.0,Not Applicable,Not Applicable,No,Not Applicable,427,Cash,30,3.2,3.1
2024-07-22 07:12:00,CNR6938367266,Success,CID625302,Prime Plus,Jayanagar,Bannerghatta Road,196.0,35.0,Not Applicable,Not Applicable,No,Not Applicable,467,Cash,2,3.9,4.6
2024-07-28 11:21:00,CNR4204361230,Driver Not Found,CID519080,Bike,Langford Town,Chickpet,,,Not Applicable,Not Applicable,Not Applicable,Not Applicable,409,Not Applicable,0,,
2024-07-03 20:41:00,CNR3973053865,Success,CID672427,Prime Sedan,Tumkur Road,Rajajinagar,231.0,70.0,Not Applicable,Not Applicable,No,Not Applicable,324,Credit Card,48,3.7,4.8
2024-07-16 06:32:00,CNR4929995411,Canceled by Customer,CID374420,eBike,BTM Layout,Sarjapur Road,,,Change of plans,Not Applicable,Not Applicable,Not Applicable,2184,Not Applicable,0,,
2024-07-24 11:26:00,CNR8884615681,Canceled by Customer,CID936236,Mini,Peenya,Majestic,,,Driver asked to cancel,Not Applicable,Not Applicable,Not Applicable,450,Not Applicable,0,,
2024-07-10 18:59:00,CNR1104296804,Success,CID106217,Prime Plus,Hulimavu,Langford Town,308.0,60.0,Not Applicable,Not Applicable,No,Not Applicable,119,Cash,38,3.2,3.6
2024-07-17 02:50:00,CNR8355466290,Success,CID662421,Prime Sedan,Sahakar Nagar,Hulimavu,154.0,110.0,Not Applicable,Not Applicable,No,Not Applicable,459,UPI,8,3.1,3.2
2024-07-03 23:19:00,CNR5051935055,Canceled by Customer,CID854564,Prime Sedan,Kammanahalli,Shivajinagar,,,Driver asked to cancel,Not Applicable,Not Applicable,Not Applicable,103,Not Applicable,0,,
2024-07-28 05:26:00,CNR8435472457,Success,CID902031,Prime Plus,Nagarbhavi,Chamarajpet,259.0,120.0,Not Applicable,Not Applicable,No,Not Applicable,743,Credit Card,8,3.1,4.7
2024-07-13 22:37:00,CNR3103110506,Canceled by Driver,CID933084,Auto,Mysore Road,Ulsoor,,,Not Applicable,Customer related issue,Not Applicable,Not Applicable,757,Not Applicable,0,,
2024-07-07 12:29:00,CNR4459340100,Success,CID161546,Prime Plus,Kammanahalli,JP Nagar,77.0,130.0,Not Applicable,Not Applicable,No,Not Applicable,216,Cash,33,3.1,4.0
2024-07-27 04:52:00,CNR3496454286,Success,CID370760,Bike,Whitefield,Indiranagar,98.0,60.0,Not Applicable,Not Applicable,No,Not Applicable,822,UPI,45,3.4,4.4
2024-07-09 11:52:00,CNR8591225255,Success,CID673410,eBike,Magadi Road,Shantinagar,245.0,90.0,Not Applicable,Not Applicable,No,Not Applicable,523,Cash,11,4.3,4.5
2024-07-23 13:24:00,CNR9059699991,Success,CID544674,Prime Plus,JP Nagar,Electronic City,147.0,125.0,Not Applicable,Not Applicable,No,Not Applicable,477,Cash,21,3.8,3.7
2024-07-21 18:46:00,CNR3913560550,Canceled by Customer,CID997736,Bike,Mysore Road,Ramamurthy Nagar,,,Change of plans,Not Applicable,Not Applicable,Not Applicable,371,Not Applicable,0,,
2024-07-03 04:17:00,CNR2536387103,Success,CID921699,Prime Plus,Jayanagar,RT Nagar,182.0,145.0,Not Applicable,Not Applicable,No,Not Applicable,308,Cash,26,3.3,3.9
2024-07-23 03:09:00,CNR5025419975,Success,CID283879,Mini,Indiranagar,Padmanabhanagar,98.0,25.0,Not Applicable,Not Applicable,No,Not Applicable,275,UPI,5,4.1,3.0
2024-07-08 09:26:00,CNR2869537768,Success,CID337105,Prime Plus,MG Road,Ramamurthy Nagar,245.0,115.0,Not Applicable,Not Applicable,No,Not Applicable,453,Cash,9,4.5,4.0
2024-07-04 04:14:00,CNR1444463982,Canceled by Driver,CID385896,eBike,Rajajinagar,Cox Town,,,Not Applicable,Customer related issue,Not Applicable,Not Applicable,2298,Not Applicable,0,,
2024-07-19 23:41:00,CNR3947797275,Success,CID874764,Prime Sedan,Bellandur,Banashankari,210.0,130.0,Not Applicable,Not Applicable,No,Not Applicable,136,Cash,6,3.8,4.8
2024-07-06 09:48:00,CNR5132587873,Driver Not Found,CID673988,Auto,Banashankari,Electronic City,,,Not Applicable,Not Applicable,Not Applicable,Not Applicable,2858,Not Applicable,0,,
2024-07-21 08:20:00,CNR1308077695,Canceled by Driver,CID736135,Auto,Chickpet,Chickpet,,,Not Applicable,Customer was coughing/sick,Not Applicable,Not Applicable,1095,Not Applicable,0,,
2024-07-11 10:43:00,CNR6436125656,Success,CID365916,Auto,Hebbal,Devanahalli,63.0,80.0,Not Applicable,Not Applicable,No,Not Applicable,361,UPI,19,4.0,3.6
2024-07-26 13:30:00,CNR1459890676,Success,CID327509,Prime SUV,Frazer Town,Malleshwaram,70.0,30.0,Not Applicable,Not Applicable,No,Not Applicable,567,Cash,3,4.7,3.0
2024-07-13 17:56:00,CNR3752054982,Canceled by Driver,CID467370,Bike,MG Road,Chamarajpet,,,Not Applicable,Personal & Car related issue,Not Applicable,Not Applicable,198,Not Applicable,0,,
2024-07-01 21:04:00,CNR2540291244,Success,CID254778,Prime SUV,KR Puram,Yelahanka,112.0,80.0,Not Applicable,Not Applicable,No,Not Applicable,881,UPI,38,4.5,4.0
2024-07-05 03:58:00,CNR8357133097,Success,CID700181,Auto,Yelahanka,Kadugodi,189.0,30.0,Not Applicable,Not Applicable,No,Not Applicable,124,UPI,10,3.0,3.1
2024-07-24 03:11:00,CNR5902658007,Success,CID899209,Auto,Yelahanka,BTM Layout,98.0,60.0,Not Applicable,Not Applicable,No,Not Applicable,840,Cash,3,4.7,4.0
2024-07-23 11:11:00,CNR8451926421,Success,CID237192,Prime Sedan,Basavanagudi,Kadugodi,196.0,125.0,Not Applicable,Not Applicable,No,Not Applicable,1514,UPI,39,3.3,4.0
2024-07-24 11:00:00,CNR2500842027,Canceled by Customer,CID653045,Mini,Bellandur,Chamarajpet,,,AC is Not working,Not Applicable,Not Applicable,Not Applicable,170,Not Applicable,0,,
2024-07-22 09:14:00,CNR2254425357,Success,CID516734,Prime Sedan,Sahakar Nagar,Padmanabhanagar,203.0,35.0,Not Applicable,Not Applicable,No,Not Applicable,275,Cash,12,3.3,3.3
2024-07-29 07:58:00,CNR2395278557,Success,CID593793,Prime SUV,Langford Town,Devanahalli,35.0,35.0,Not Applicable,Not Applicable,No,Not Applicable,257,UPI,27,3.9,4.2
2024-07-13 13:45:00,CNR1673246158,Driver Not Found,CID315123,Prime Plus,Electronic City,Jayanagar,,,Not Applicable,Not Applicable,Not Applicable,Not Applicable,343,Not Applicable,0,,
2024-07-24 21:11:00,CNR7737493886,Success,CID973855,Auto,Frazer Town,Sahakar Nagar,224.0,40.0,Not Applicable,Not Applicable,No,Not Applicable,169,Cash,3,4.9,3.3
2024-07-27 15:57:00,CNR6128275709,Driver Not Found,CID792606,Prime SUV,Frazer Town,Yelahanka,,,Not Applicable,Not Applicable,Not Applicable,Not Applicable,384,Not Applicable,0,,
2024-07-13 03:10:00,CNR6830711415,Canceled by Customer,CID249872,Auto,RT Nagar,JP Nagar,,,Wrong Address,Not Applicable,Not Applicable,Not Applicable,322,Not Applicable,0,,
2024-07-21 03:45:00,CNR1961292622,Success,CID476550,eBike,Basavanagudi,KR Puram,203.0,55.0,Not Applicable,Not Applicable,No,Not Applicable,416,UPI,33,4.5,3.7
2024-07-01 19:05:00,CNR2794084199,Success,CID659750,Prime Sedan,Mysore Road,RT Nagar,231.0,90.0,Not Applicable,Not Applicable,No,Not Applicable,408,Cash,29,3.0,4.3
2024-07-14 18:56:00,CNR6357769187,Success,CID968218,Prime Plus,HSR Layout,Banashankari,119.0,35.0,Not Applicable,Not Applicable,No,Not Applicable,418,Cash,6,3.1,3.9
2024-07-15 03:51:00,CNR2386610839,Canceled by Driver,CID372359,Mini,Shivajinagar,Malleshwaram,,,Not Applicable,More than permitted people in there,Not Applicable,Not Applicable,441,Not Applicable,0,,
2024-07-17 00:34:00,CNR3222369101,Canceled by Driver,CID937440,Mini,Vijayanagar,Mysore Road,,,Not Applicable,Customer related issue,Not Applicable,Not Applicable,2194,Not Applicable,0,,
2024-07-20 02:20:00,CNR7560451818,Success,CID282647,Auto,Hebbal,Devanahalli,168.0,35.0,Not Applicable,Not Applicable,No,Not Applicable,177,Cash,15,4.0,5.0
2024-07-17 21:47:00,CNR6567212124,Driver Not Found,CID256612,Prime Sedan,Padmanabhanagar,Bannerghatta Road,,,Not Applicable,Not Applicable,Not Applicable,Not Applicable,2083,Not Applicable,0,,
2024-07-05 10:00:00,CNR2309980266,Success,CID383549,Bike,HSR Layout,Hosur Road,280.0,80.0,Not Applicable,Not Applicable,No,Not Applicable,294,Cash,18,3.4,4.2
2024-07-24 02:10:00,CNR3464257807,Success,CID803990,Prime Plus,Ulsoor,Kammanahalli,175.0,25.0,Not Applicable,Not Applicable,No,Not Applicable,369,UPI,29,4.8,3.6
2024-07-15 01:44:00,CNR2549751666,Success,CID138332,Prime Sedan,Devanahalli,Devanahalli,189.0,120.0,Not Applicable,Not Applicable,No,Not Applicable,667,UPI,4,3.3,3.9
2024-07-22 00:03:00,CNR6816551585,Success,CID926740,Auto,Rajarajeshwari Nagar,KR Puram,112.0,100.0,Not Applicable,Not Applicable,No,Not Applicable,243,UPI,16,4.1,3.4
2024-07-11 15:48:00,CNR3751031825,Success,CID470911,Prime Sedan,Langford Town,Richmond Town,84.0,45.0,Not Applicable,Not Applicable,No,Not Applicable,338,Cash,30,3.9,4.4
2024-07-14 09:05:00,CNR9424822328,Success,CID459884,Prime SUV,Basavanagudi,Jayanagar,238.0,125.0,Not Applicable,Not Applicable,No,Not Applicable,230,UPI,12,3.9,3.3
2024-07-03 06:29:00,CNR7854549553,Success,CID333174,Prime Plus,MG Road,Kammanahalli,287.0,25.0,Not Applicable,Not Applicable,No,Not Applicable,174,UPI,8,4.5,4.0
2024-07-12 13:42:00,CNR8633981879,Success,CID358204,Bike,Richmond Town,Ramamurthy Nagar,133.0,45.0,Not Applicable,Not Applicable,No,Not Applicable,381,UPI,43,4.0,4.7
2024-07-04 02:33:00,CNR2301007065,Success,CID412432,Mini,RT Nagar,Varthur,70.0,25.0,Not Applicable,Not Applicable,No,Not Applicable,136,UPI,11,3.4,3.5
2024-07-25 15:58:00,CNR7774850550,Success,CID442704,Prime SUV,Magadi Road,Cox Town,49.0,120.0,Not Applicable,Not Applicable,No,Not Applicable,353,UPI,23,3.0,3.3
2024-07-14 14:35:00,CNR8823633161,Success,CID963094,Auto,Cox Town,Sahakar Nagar,105.0,105.0,Not Applicable,Not Applicable,No,Not Applicable,263,Cash,3,3.5,4.2
2024-07-12 19:18:00,CNR5938186704,Success,CID863430,Prime Plus,Sahakar Nagar,Banashankari,203.0,125.0,Not Applicable,Not Applicable,Yes,Vehicle Breakdown,163,UPI,5,3.0,4.5
2024-07-22 19:48:00,CNR6054729349,Canceled by Driver,CID543121,Prime Plus,Ulsoor,Sarjapur Road,,,Not Applicable,More than permitted people in there,Not Applicable,Not Applicable,296,Not Applicable,0,,
2024-07-18 20:02:00,CNR7258803473,Success,CID380275,Prime SUV,Electronic City,Marathahalli,84.0,40.0,Not Applicable,Not Applicable,No,Not Applicable,365,Debit Card,37,3.3,4.7
2024-07-19 13:33:00,CNR9886940211,Success,CID613121,Prime Plus,Kadugodi,Hennur,98.0,110.0,Not Applicable,Not Applicable,No,Not Applicable,445,UPI,9,5.0,4.2
2024-07-01 19:51:00,CNR7029781947,Success,CID147774,Auto,Indiranagar,Chickpet,154.0,95.0,Not Applicable,Not Applicable,No,Not Applicable,389,Cash,19,4.6,4.5
2024-07-03 10:42:00,CNR7259236594,Canceled by Driver,CID882425,Mini,Rajajinagar,Nagarbhavi,,,Not Applicable,More than permitted people in there,Not Applicable,Not Applicable,117,Not Applicable,0,,
2024-07-03 16:57:00,CNR1201208838,Success,CID689910,Bike,KR Puram,Jayanagar,238.0,80.0,Not Applicable,Not Applicable,No,Not Applicable,247,Cash,2,3.6,3.5
2024-07-30 04:48:00,CNR2972695573,Success,CID102836,Prime Plus,Sahakar Nagar,Padmanabhanagar,266.0,45.0,Not Applicable,Not Applicable,No,Not Applicable,390,UPI,14,4.6,3.6
2024-07-13 05:17:00,CNR4353412286,Success,CID762274,Prime Sedan,Nagarbhavi,Whitefield,77.0,145.0,Not Applicable,Not Applicable,No,Not Applicable,741,UPI,1,4.3,4.9
2024-07-10 20:09:00,CNR7212285967,Success,CID687765,Mini,Shivajinagar,Hennur,308.0,65.0,Not Applicable,Not Applicable,No,Not Applicable,253,Cash,26,3.1,5.0
2024-07-06 02:43:00,CNR4732043482,Success,CID388190,Prime Sedan,BTM Layout,Rajarajeshwari Nagar,252.0,125.0,Not Applicable,Not Applicable,No,Not Applicable,174,Cash,13,4.0,3.1
2024-07-18 09:30:00,CNR6491623199,Driver Not Found,CID786351,Prime Plus,Padmanabhanagar,JP Nagar,,,Not Applicable,Not Applicable,Not Applicable,Not Applicable,367,Not Applicable,0,,
2024-07-16 07:46:00,CNR8757981634,Success,CID709345,Prime Sedan,Bannerghatta Road,Majestic,98.0,125.0,Not Applicable,Not Applicable,No,Not Applicable,384,Cash,46,3.0,4.6
2024-07-21 07:44:00,CNR9535069895,Success,CID632991,Prime Plus,Cox Town,Sahakar Nagar,49.0,120.0,Not Applicable,Not Applicable,No,Not Applicable,323,UPI,18,3.1,4.5
2024-07-08 11:35:00,CNR1628236751,Success,CID504307,Prime SUV,Mysore Road,Frazer Town,182.0,140.0,Not Applicable,Not Applicable,No,Not Applicable,342,UPI,4,4.1,4.7
2024-07-22 17:38:00,CNR4596040258,Canceled by Driver,CID850320,Bike,Rajajinagar,Nagarbhavi,,,Not Applicable,Personal & Car related issue,Not Applicable,Not Applicable,437,Not Applicable,0,,
2024-07-11 21:06:00,CNR9562803212,Canceled by Customer,CID810110,Prime SUV,Kengeri,Richmond Town,,,Change of plans,Not Applicable,Not Applicable,Not Applicable,613,Not Applicable,0,,
2024-07-04 11:00:00,CNR7204150455,Canceled by Driver,CID271760,Mini,Rajajinagar,Basavanagudi,,,Not Applicable,More than permitted people in there,Not Applicable,Not Applicable,554,Not Applicable,0,,
2024-07-26 11:41:00,CNR9559322579,Success,CID772685,Bike,Shantinagar,Malleshwaram,301.0,140.0,Not Applicable,Not Applicable,No,Not Applicable,651,Cash,41,3.3,3.6
2024-07-12 22:31:00,CNR7412317146,Success,CID575767,Auto,MG Road,Majestic,210.0,35.0,Not Applicable,Not Applicable,No,Not Applicable,205,UPI,9,4.4,3.4
2024-07-20 00:33:00,CNR7361605440,Success,CID647045,eBike,BTM Layout,Bellandur,210.0,30.0,Not Applicable,Not Applicable,No,Not Applicable,249,Cash,9,4.7,4.4
2024-07-04 18:37:00,CNR6664328403,Success,CID106452,Prime Sedan,Hosur Road,Vijayanagar,105.0,70.0,Not Applicable,Not Applicable,No,Not Applicable,284,Cash,13,3.4,4.2
2024-07-29 10:48:00,CNR5089982437,Success,CID171447,Prime Sedan,RT Nagar,Koramangala,133.0,40.0,Not Applicable,Not Applicable,No,Not Applicable,574,UPI,29,3.6,3.6
2024-07-04 03:01:00,CNR9148738226,Success,CID769067,Bike,Electronic City,Kammanahalli,42.0,145.0,Not Applicable,Not Applicable,No,Not Applicable,151,UPI,34,3.8,4.9
2024-07-05 01:22:00,CNR5383266235,Success,CID717204,Auto,Jayanagar,Kammanahalli,259.0,70.0,Not Applicable,Not Applicable,No,Not Applicable,231,Cash,16,3.7,3.3
2024-07-10 11:28:00,CNR5618751925,Success,CID757067,Prime Plus,Jayanagar,Nagarbhavi,154.0,140.0,Not Applicable,Not Applicable,No,Not Applicable,132,UPI,6,4.8,3.5
2024-07-28 18:43:00,CNR4292420364,Success,CID281694,Prime Plus,Cox Town,Yeshwanthpur,231.0,75.0,Not Applicable,Not Applicable,No,Not Applicable,422,UPI,35,4.2,5.0
2024-07-21 11:00:00,CNR4060436927,Driver Not Found,CID743745,Prime SUV,Cox Town,Nagarbhavi,,,Not Applicable,Not Applicable,Not Applicable,Not Applicable,402,Not Applicable,0,,
2024-07-27 07:52:00,CNR8990390652,Success,CID962524,eBike,Ramamurthy Nagar,Bannerghatta Road,112.0,30.0,Not Applicable,Not Applicable,No,Not Applicable,120,UPI,10,3.8,3.1
2024-07-26 10:08:00,CNR8213168563,Success,CID650324,Bike,Marathahalli,Shantinagar,266.0,90.0,Not Applicable,Not Applicable,No,Not Applicable,808,Cash,2,3.2,4.5
2024-07-27 07:00:00,CNR4409371513,Canceled by Driver,CID591906,Mini,Frazer Town,Yeshwanthpur,,,Not Applicable,Personal & Car related issue,Not Applicable,Not Applicable,969,Not Applicable,0,,
2024-07-03 07:28:00,CNR2231197384,Success,CID101680,Bike,Peenya,Hulimavu,112.0,90.0,Not Applicable,Not Applicable,No,Not Applicable,754,UPI,27,4.4,3.8
2024-07-26 00:03:00,CNR9535713796,Success,CID938282,Mini,Nagarbhavi,Whitefield,168.0,110.0,Not Applicable,Not Applicable,No,Not Applicable,404,Cash,8,3.9,3.9
2024-07-18 05:41:00,CNR4184327488,Canceled by Driver,CID564121,Bike,Rajajinagar,Sarjapur Road,,,Not Applicable,Personal & Car related issue,Not Applicable,Not Applicable,384,Not Applicable,0,,
2024-07-17 03:59:00,CNR5299698049,Canceled by Driver,CID332379,Prime Plus,Sahakar Nagar,Jayanagar,,,Not Applicable,Customer was coughing/sick,Not Applicable,Not Applicable,318,Not Applicable,0,,
2024-07-03 00:22:00,CNR2146043225,Driver Not Found,CID736631,Bike,Sarjapur Road,Hennur,,,Not Applicable,Not Applicable,Not Applicable,Not Applicable,393,Not Applicable,0,,
2024-07-06 11:39:00,CNR5530267511,Driver Not Found,CID456108,Prime SUV,Hebbal,HSR Layout,,,Not Applicable,Not Applicable,Not Applicable,Not Applicable,389,Not Applicable,0,,
2024-07-18 21:56:00,CNR1383596134,Canceled by Driver,CID161187,Mini,Koramangala,Kadugodi,,,Not Applicable,More than permitted people in there,Not Applicable,Not Applicable,1447,Not Applicable,0,,
2024-07-16 15:18:00,CNR5260978532,Success,CID232582,eBike,Hosur Road,Hennur,259.0,65.0,Not Applicable,Not Applicable,No,Not Applicable,329,Cash,46,4.4,4.1
2024-07-25 21:57:00,CNR6160830262,Canceled by Driver,CID945919,Auto,Hosur Road,Ramamurthy Nagar,,,Not Applicable,Personal & Car related issue,Not Applicable,Not Applicable,208,Not Applicable,0,,
2024-07-12 00:42:00,CNR9531217931,Canceled by Customer,CID599480,Bike,BTM Layout,Padmanabhanagar,,,Driver is not moving towards pickup location,Not Applicable,Not Applicable,Not Applicable,104,Not Applicable,0,,
2024-07-11 21:17:00,CNR3651314780,Success,CID615640,eBike,Kammanahalli,Whitefield,119.0,40.0,Not Applicable,Not Applicable,No,Not Applicable,378,Debit Card,15,3.3,3.6
2024-07-20 13:57:00,CNR3136713416,Success,CID317441,Prime Sedan,Yelahanka,MG Road,168.0,55.0,Not Applicable,Not Applicable,No,Not Applicable,635,UPI,20,3.2,4.8
2024-07-27 19:32:00,CNR4105570087,Canceled by Driver,CID222846,Prime SUV,Ramamurthy Nagar,Koramangala,,,Not Applicable,More than permitted people in there,Not Applicable,Not Applicable,2729,Not Applicable,0,,
2024-07-23 06:23:00,CNR6199342667,Success,CID711891,Auto,Yelahanka,Bellandur,161.0,35.0,Not Applicable,Not Applicable,No,Not Applicable,264,Cash,5,3.7,4.9
2024-07-28 01:08:00,CNR9767430451,Canceled by Customer,CID508352,Prime Plus,Bannerghatta Road,Hosur Road,,,Driver asked to cancel,Not Applicable,Not Applicable,Not Applicable,229,Not Applicable,0,,
2024-07-28 04:58:00,CNR8923664238,Success,CID637419,eBike,Yelahanka,Peenya,168.0,120.0,Not Applicable,Not Applicable,No,Not Applicable,264,UPI,14,4.9,4.6
2024-07-23 21:24:00,CNR3580076447,Driver Not Found,CID712246,Prime SUV,Padmanabhanagar,Kadugodi,,,Not Applicable,Not Applicable,Not Applicable,Not Applicable,326,Not Applicable,0,,
2024-07-15 15:46:00,CNR6779261161,Canceled by Driver,CID703772,Prime Sedan,BTM Layout,Koramangala,,,Not Applicable,Personal & Car related issue,Not Applicable,Not Applicable,313,Not Applicable,0,,
2024-07-29 11:00:00,CNR7388020116,Success,CID416915,Mini,BTM Layout,Yeshwanthpur,56.0,110.0,Not Applicable,Not Applicable,No,Not Applicable,293,Cash,46,4.9,4.5
2024-07-08 12:34:00,CNR5187880199,Canceled by Customer,CID785230,Prime SUV,Indiranagar,Shivajinagar,,,Driver asked to cancel,Not Applicable,Not Applicable,Not Applicable,240,Not Applicable,0,,
2024-07-06 15:09:00,CNR6258535822,Success,CID932099,Prime SUV,Koramangala,Cox Town,252.0,60.0,Not Applicable,Not Applicable,No,Not Applicable,108,Cash,24,3.4,3.5
2024-07-20 16:52:00,CNR8713461212,Canceled by Driver,CID392023,Prime Plus,Electronic City,Shantinagar,,,Not Applicable,Customer was coughing/sick,Not Applicable,Not Applicable,2109,Not Applicable,0,,
2024-07-30 19:41:00,CNR4675648258,Success,CID180027,Auto,Kammanahalli,Kengeri,252.0,25.0,Not Applicable,Not Applicable,Yes,Vehicle Breakdown,262,Cash,19,3.4,3.3
2024-07-02 05:22:00,CNR6955771352,Success,CID948005,Prime SUV,Electronic City,Indiranagar,203.0,55.0,Not Applicable,Not Applicable,No,Not Applicable,244,Cash,4,4.9,3.4
2024-07-16 05:15:00,CNR8361011989,Canceled by Driver,CID574144,Mini,Sahakar Nagar,Shantinagar,,,Not Applicable,Customer related issue,Not Applicable,Not Applicable,227,Not Applicable,0,,
2024-07-15 04:34:00,CNR5094259705,Success,CID177352,Prime Sedan,Ramamurthy Nagar,Yelahanka,294.0,145.0,Not Applicable,Not Applicable,No,Not Applicable,220,UPI,36,4.7,4.9
2024-07-28 09:33:00,CNR5469013321,Driver Not Found,CID104784,Prime SUV,Electronic City,Shivajinagar,,,Not Applicable,Not Applicable,Not Applicable,Not Applicable,288,Not Applicable,0,,
2024-07-03 23:45:00,CNR4667089570,Success,CID402408,Prime Sedan,Malleshwaram,Hosur Road,273.0,105.0,Not Applicable,Not Applicable,No,Not Applicable,929,Cash,48,3.1,4.4
2024-07-16 04:48:00,CNR5519868841,Success,CID707167,Auto,Rajarajeshwari Nagar,Indiranagar,154.0,65.0,Not Applicable,Not Applicable,No,Not Applicable,240,Cash,1,4.1,4.3
2024-07-20 17:25:00,CNR4753663375,Success,CID544852,eBike,KR Puram,Cox Town,133.0,30.0,Not Applicable,Not Applicable,No,Not Applicable,1051,Cash,24,3.9,4.7
2024-07-16 08:33:00,CNR6974858758,Canceled by Customer,CID218221,Prime Plus,Ulsoor,Magadi Road,,,Wrong Address,Not Applicable,Not Applicable,Not Applicable,360,Not Applicable,0,,
2024-07-27 10:43:00,CNR7078513679,Success,CID931159,Prime Plus,Kammanahalli,Sahakar Nagar,252.0,80.0,Not Applicable,Not Applicable,No,Not Applicable,270,Cash,36,3.2,4.9
2024-07-26 13:09:00,CNR2045986613,Canceled by Customer,CID272869,Prime Plus,MG Road,Banashankari,,,Driver asked to cancel,Not Applicable,Not Applicable,Not Applicable,319,Not Applicable,0,,
2024-07-16 00:39:00,CNR7873351755,Success,CID646435,eBike,Hennur,RT Nagar,203.0,80.0,Not Applicable,Not Applicable,No,Not Applicable,608,Cash,35,4.9,4.3
2024-07-09 20:54:00,CNR2039984757,Canceled by Driver,CID418593,Prime Plus,Shivajinagar,Jayanagar,,,Not Applicable,Customer related issue,Not Applicable,Not Applicable,2148,Not Applicable,0,,
2024-07-22 16:45:00,CNR2383564328,Success,CID269846,Mini,Magadi Road,MG Road,266.0,40.0,Not Applicable,Not Applicable,No,Not Applicable,964,Cash,46,3.5,3.7
2024-07-13 01:36:00,CNR7939539031,Success,CID536005,Auto,Varthur,Indiranagar,273.0,145.0,Not Applicable,Not Applicable,No,Not Applicable,307,UPI,8,3.9,4.9
2024-07-19 19:24:00,CNR5884293367,Canceled by Driver,CID777749,Mini,Tumkur Road,Hulimavu,,,Not Applicable,Personal & Car related issue,Not Applicable,Not Applicable,1922,Not Applicable,0,,
2024-07-16 11:45:00,CNR4157416789,Success,CID204392,Prime SUV,Yeshwanthpur,Marathahalli,175.0,75.0,Not Applicable,Not Applicable,No,Not Applicable,343,Debit Card,38,4.0,3.4
2024-07-01 16:10:00,CNR1636644785,Success,CID124793,Mini,Cox Town,HSR Layout,210.0,135.0,Not Applicable,Not Applicable,Yes,Customer Demand,999,Cash,7,4.7,3.2
2024-07-25 23:57:00,CNR3663780260,Canceled by Customer,CID234583,Mini,Hosur Road,Shivajinagar,,,Driver asked to cancel,Not Applicable,Not Applicable,Not Applicable,729,Not Applicable,0,,
2024-07-26 04:35:00,CNR4400104103,Success,CID272254,eBike,Devanahalli,Vijayanagar,133.0,75.0,Not Applicable,Not Applicable,No,Not Applicable,370,Cash,32,4.4,3.4
2024-07-22 09:04:00,CNR3474339941,Success,CID499597,eBike,Yelahanka,Magadi Road,182.0,100.0,Not Applicable,Not Applicable,No,Not Applicable,505,Cash,17,4.3,3.7
2024-07-29 10:58:00,CNR9440173395,Canceled by Driver,CID255561,eBike,Bellandur,Majestic,,,Not Applicable,Customer related issue,Not Applicable,Not Applicable,814,Not Applicable,0,,
2024-07-26 01:07:00,CNR5455032735,Canceled by Driver,CID283509,Prime Sedan,Kammanahalli,Hebbal,,,Not Applicable,Personal & Car related issue,Not Applicable,Not Applicable,153,Not Applicable,0,,
2024-07-12 14:52:00,CNR2713252552,Canceled by Driver,CID677491,Bike,Vijayanagar,KR Puram,,,Not Applicable,Customer related issue,Not Applicable,Not Applicable,835,Not Applicable,0,,
2024-07-13 09:52:00,CNR2248797604,Success,CID101441,eBike,RT Nagar,Tumkur Road,189.0,80.0,Not Applicable,Not Applicable,No,Not Applicable,186,Cash,31,4.3,3.4
2024-07-09 08:13:00,CNR7796041056,Canceled by Customer,CID790836,Bike,KR Puram,Hennur,,,Change of plans,Not Applicable,Not Applicable,Not Applicable,213,Not Applicable,0,,
2024-07-27 13:56:00,CNR6552172476,Success,CID278035,Mini,Bannerghatta Road,Hosur Road,280.0,90.0,Not Applicable,Not Applicable,No,Not Applicable,367,Cash,7,5.0,4.3
2024-07-23 06:08:00,CNR5149537998,Canceled by Driver,CID367286,Auto,Sarjapur Road,Jayanagar,,,Not Applicable,Customer was coughing/sick,Not Applicable,Not Applicable,498,Not Applicable,0,,
2024-07-21 05:24:00,CNR4307444738,Canceled by Driver,CID687176,Mini,HSR Layout,Yelahanka,,,Not Applicable,Personal & Car related issue,Not Applicable,Not Applicable,332,Not Applicable,0,,
2024-07-22 00:17:00,CNR2878271778,Success,CID703510,Bike,Shantinagar,Banashankari,196.0,65.0,Not Applicable,Not Applicable,No,Not Applicable,336,Cash,8,3.3,3.5
2024-07-14 06:32:00,CNR9818952951,Success,CID362683,Mini,MG Road,Devanahalli,77.0,130.0,Not Applicable,Not Applicable,No,Not Applicable,210,Cash,10,4.4,4.3
2024-07-20 13:14:00,CNR9711862795,Success,CID426445,Prime Sedan,Rajajinagar,KR Puram,84.0,120.0,Not Applicable,Not Applicable,No,Not Applicable,659,UPI,19,3.1,3.8
2024-07-27 05:53:00,CNR8010069318,Success,CID679476,Prime Plus,Chickpet,Bannerghatta Road,238.0,130.0,Not Applicable,Not Applicable,No,Not Applicable,128,UPI,7,3.6,3.2
2024-07-14 08:36:00,CNR6366579053,Success,CID975669,Auto,Cox Town,Marathahalli,203.0,115.0,Not Applicable,Not Applicable,No,Not Applicable,139,Cash,1,4.5,4.0
2024-07-07 05:54:00,CNR3539989081,Success,CID554880,Prime SUV,Peenya,Bannerghatta Road,224.0,125.0,Not Applicable,Not Applicable,No,Not Applicable,2938,UPI,40,4.9,4.5
2024-07-26 18:47:00,CNR1372520251,Success,CID151826,eBike,Banashankari,Shantinagar,196.0,25.0,Not Applicable,Not Applicable,No,Not Applicable,795,UPI,8,3.2,3.6
2024-07-03 23:20:00,CNR1838791554,Success,CID306726,Prime SUV,Hulimavu,Ulsoor,49.0,60.0,Not Applicable,Not Applicable,No,Not Applicable,107,Cash,36,4.7,4.4
2024-07-01 10:00:00,CNR5821898554,Success,CID692418,Bike,Magadi Road,Ramamurthy Nagar,308.0,80.0,Not Applicable,Not Applicable,No,Not Applicable,421,Cash,6,4.0,4.4
2024-07-21 02:38:00,CNR5605229222,Success,CID252461,Prime Sedan,Hosur Road,Indiranagar,210.0,125.0,Not Applicable,Not Applicable,No,Not Applicable,473,UPI,49,4.4,3.3
2024-07-09 20:26:00,CNR6699088322,Canceled by Customer,CID653511,Prime SUV,HSR Layout,Whitefield,,,Driver is not moving towards pickup location,Not Applicable,Not Applicable,Not Applicable,228,Not Applicable,0,,
2024-07-06 16:59:00,CNR8021085381,Canceled by Driver,CID482931,eBike,Nagarbhavi,MG Road,,,Not Applicable,Personal & Car related issue,Not Applicable,Not Applicable,634,Not Applicable,0,,
2024-07-18 03:11:00,CNR3023411318,Success,CID855381,Prime Plus,Chickpet,Chamarajpet,196.0,135.0,Not Applicable,Not Applicable,No,Not Applicable,325,UPI,23,3.1,4.0
2024-07-20 03:07:00,CNR5205140789,Canceled by Customer,CID608279,Auto,Nagarbhavi,Ramamurthy Nagar,,,AC is Not working,Not Applicable,Not Applicable,Not Applicable,471,Not Applicable,0,,
2024-07-18 04:44:00,CNR6233094040,Driver Not Found,CID302237,Mini,Sahakar Nagar,BTM Layout,,,Not Applicable,Not Applicable,Not Applicable,Not Applicable,199,Not Applicable,0,,
2024-07-04 11:54:00,CNR7648785459,Canceled by Customer,CID429909,Mini,Yelahanka,Vijayanagar,,,Driver asked to cancel,Not Applicable,Not Applicable,Not Applicable,856,Not Applicable,0,,
2024-07-10 01:31:00,CNR9999039116,Canceled by Driver,CID856656,Auto,Chickpet,Cox Town,,,Not Applicable,Customer was coughing/sick,Not Applicable,Not Applicable,546,Not Applicable,0,,
2024-07-13 23:27:00,CNR8710757873,Driver Not Found,CID183371,eBike,Hulimavu,Sarjapur Road,,,Not Applicable,Not Applicable,Not Applicable,Not Applicable,1267,Not Applicable,0,,
2024-07-13 19:06:00,CNR4665259194,Driver Not Found,CID970505,Prime SUV,Marathahalli,Kadugodi,,,Not Applicable,Not Applicable,Not Applicable,Not Applicable,302,Not Applicable,0,,
2024-07-10 04:16:00,CNR7869979296,Success,CID594220,Mini,Yeshwanthpur,Varthur,252.0,30.0,Not Applicable,Not Applicable,No,Not Applicable,473,UPI,21,3.4,4.5
2024-07-23 19:45:00,CNR1051268074,Driver Not Found,CID544658,Prime Sedan,Devanahalli,JP Nagar,,,Not Applicable,Not Applicable,Not Applicable,Not Applicable,253,Not Applicable,0,,
2024-07-09 23:56:00,CNR8451220637,Success,CID675339,Bike,Ulsoor,MG Road,301.0,135.0,Not Applicable,Not Applicable,Yes,Customer Demand,361,Cash,14,3.6,4.7
2024-07-26 04:05:00,CNR9734321840,Success,CID944862,Mini,Hennur,Cox Town,133.0,130.0,Not Applicable,Not Applicable,No,Not Applicable,484,Cash,6,4.8,4.3
2024-07-12 13:47:00,CNR1923939291,Success,CID528380,Auto,Devanahalli,Marathahalli,63.0,75.0,Not Applicable,Not Applicable,Yes,Customer Demand,284,Cash,4,3.3,4.4
2024-07-11 08:41:00,CNR4457523190,Success,CID215301,Prime SUV,Bannerghatta Road,Basavanagudi,70.0,105.0,Not Applicable,Not Applicable,No,Not Applicable,279,UPI,19,4.1,3.9
2024-07-08 15:21:00,CNR6109325746,Canceled by Customer,CID401614,Prime SUV,Marathahalli,Hebbal,,,Driver is not moving towards pickup location,Not Applicable,Not Applicable,Not Applicable,714,Not Applicable,0,,
2024-07-28 14:25:00,CNR8628487392,Success,CID414585,Prime Sedan,Cox Town,Devanahalli,42.0,115.0,Not Applicable,Not Applicable,No,Not Applicable,864,UPI,42,3.3,4.2
2024-07-12 09:17:00,CNR8253708809,Canceled by Driver,CID990781,eBike,Langford Town,Cox Town,,,Not Applicable,Personal & Car related issue,Not Applicable,Not Applicable,323,Not Applicable,0,,
2024-07-13 17:48:00,CNR3711561460,Canceled by Customer,CID867577,Prime Plus,Marathahalli,Langford Town,,,Change of plans,Not Applicable,Not Applicable,Not Applicable,288,Not Applicable,0,,
2024-07-01 09:38:00,CNR9888329571,Success,CID680403,eBike,Langford Town,Indiranagar,182.0,145.0,Not Applicable,Not Applicable,No,Not Applicable,275,Cash,20,3.2,3.3
2024-07-08 22:02:00,CNR3209472054,Canceled by Driver,CID843349,eBike,Majestic,Kadugodi,,,Not Applicable,Customer related issue,Not Applicable,Not Applicable,941,Not Applicable,0,,
2024-07-10 18:51:00,CNR8686058514,Success,CID917239,Mini,Basavanagudi,Koramangala,119.0,35.0,Not Applicable,Not Applicable,No,Not Applicable,403,UPI,18,4.6,3.7
2024-07-21 03:05:00,CNR9801003620,Success,CID866797,Mini,Hulimavu,Whitefield,280.0,70.0,Not Applicable,Not Applicable,No,Not Applicable,395,Cash,10,4.1,4.9
2024-07-24 15:47:00,CNR9025765733,Canceled by Driver,CID237969,Bike,Whitefield,Jayanagar,,,Not Applicable,More than permitted people in there,Not Applicable,Not Applicable,337,Not Applicable,0,,
2024-07-24 17:03:00,CNR7718802582,Canceled by Driver,CID282427,Prime Sedan,MG Road,Hebbal,,,Not Applicable,Personal & Car related issue,Not Applicable,Not Applicable,2679,Not Applicable,0,,
2024-07-18 02:55:00,CNR7163984248,Success,CID476900,Prime Sedan,KR Puram,Ulsoor,203.0,110.0,Not Applicable,Not Applicable,No,Not Applicable,477,UPI,10,3.7,4.3
2024-07-19 13:52:00,CNR7071657065,Canceled by Driver,CID649726,Mini,Peenya,Hulimavu,,,Not Applicable,Customer related issue,Not Applicable,Not Applicable,383,Not Applicable,0,,
2024-07-07 12:33:00,CNR1362672139,Success,CID803599,Prime SUV,Malleshwaram,Peenya,105.0,35.0,Not Applicable,Not Applicable,No,Not Applicable,265,Cash,34,4.9,4.9
2024-07-18 01:20:00,CNR2777533885,Success,CID248294,Prime Sedan,Chickpet,Frazer Town,105.0,125.0,Not Applicable,Not Applicable,No,Not Applicable,618,UPI,7,5.0,3.7
2024-07-16 14:51:00,CNR7094148761,Success,CID530447,Bike,KR Puram,Chamarajpet,70.0,105.0,Not Applicable,Not Applicable,No,Not Applicable,2805,Cash,38,3.1,3.1
2024-07-30 01:43:00,CNR4508088759,Canceled by Customer,CID280115,eBike,BTM Layout,Whitefield,,,Change of plans,Not Applicable,Not Applicable,Not Applicable,318,Not Applicable,0,,
2024-07-20 17:11:00,CNR8793604958,Canceled by Driver,CID146165,Prime Sedan,Jayanagar,Langford Town,,,Not Applicable,More than permitted people in there,Not Applicable,Not Applicable,303,Not Applicable,0,,
2024-07-16 10:30:00,CNR5948376382,Success,CID623208,Mini,Electronic City,Richmond Town,245.0,135.0,Not Applicable,Not Applicable,No,Not Applicable,240,Cash,7,3.3,4.0
2024-07-27 17:01:00,CNR2965977230,Success,CID662560,Prime Plus,Yeshwanthpur,Kengeri,266.0,75.0,Not Applicable,Not Applicable,No,Not Applicable,859,Cash,23,3.8,3.7
2024-07-16 03:16:00,CNR7735787700,Canceled by Driver,CID243448,Prime SUV,Yelahanka,KR Puram,,,Not Applicable,Customer was coughing/sick,Not Applicable,Not Applicable,483,Not Applicable,0,,
2024-07-23 17:52:00,CNR9076550953,Canceled by Driver,CID334594,Prime Sedan,Koramangala,Richmond Town,,,Not Applicable,Customer related issue,Not Applicable,Not Applicable,455,Not Applicable,0,,
2024-07-10 05:12:00,CNR3864485211,Canceled by Driver,CID583346,eBike,Cox Town,Sahakar Nagar,,,Not Applicable,Personal & Car related issue,Not Applicable,Not Applicable,2473,Not Applicable,0,,
2024-07-28 18:50:00,CNR4591944892,Success,CID332491,Prime Sedan,HSR Layout,Electronic City,287.0,110.0,Not Applicable,Not Applicable,No,Not Applicable,128,Cash,31,4.6,3.7
2024-07-09 02:50:00,CNR5725026261,Canceled by Driver,CID780087,eBike,Hosur Road,Hennur,,,Not Applicable,Personal & Car related issue,Not Applicable,Not Applicable,480,Not Applicable,0,,
2024-07-02 23:46:00,CNR5625597912,Success,CID815061,eBike,Indiranagar,Chamarajpet,210.0,55.0,Not Applicable,Not Applicable,No,Not Applicable,205,UPI,22,4.9,4.0
2024-07-15 21:13:00,CNR5459496090,Canceled by Driver,CID438627,Prime Sedan,Ramamurthy Nagar,KR Puram,,,Not Applicable,More than permitted people in there,Not Applicable,Not Applicable,648,Not Applicable,0,,
2024-07-19 22:56:00,CNR9160667080,Canceled by Customer,CID208922,Auto,Jayanagar,Nagarbhavi,,,Driver asked to cancel,Not Applicable,Not Applicable,Not Applicable,295,Not Applicable,0,,
2024-07-21 03:41:00,CNR2385453248,Success,CID157461,Bike,Majestic,Magadi Road,294.0,95.0,Not Applicable,Not Applicable,No,Not Applicable,1777,UPI,48,4.0,4.2
2024-07-12 10:33:00,CNR5482719676,Success,CID549748,eBike,Vijayanagar,Whitefield,133.0,125.0,Not Applicable,Not Applicable,No,Not Applicable,215,UPI,25,4.2,3.6
2024-07-15 00:43:00,CNR5793289929,Success,CID277346,Prime Sedan,MG Road,Varthur,231.0,115.0,Not Applicable,Not Applicable,No,Not Applicable,127,Cash,16,4.1,4.9
2024-07-04 07:55:00,CNR2123324656,Success,CID982200,Auto,Hennur,Whitefield,301.0,140.0,Not Applicable,Not Applicable,No,Not Applicable,768,UPI,18,3.6,4.9
2024-07-21 11:25:00,CNR1266438775,Canceled by Driver,CID973781,Prime SUV,Hennur,RT Nagar,,,Not Applicable,Customer was coughing/sick,Not Applicable,Not Applicable,198,Not Applicable,0,,
2024-07-04 03:59:00,CNR8709144003,Success,CID773099,Auto,KR Puram,Banashankari,266.0,25.0,Not Applicable,Not Applicable,No,Not Applicable,460,Cash,5,4.8,4.3
2024-07-13 09:27:00,CNR3635898299,Success,CID354368,Prime Plus,Sarjapur Road,KR Puram,119.0,90.0,Not Applicable,Not Applicable,No,Not Applicable,406,UPI,25,4.9,3.8
2024-07-14 15:40:00,CNR3033194986,Success,CID353141,Prime SUV,Indiranagar,Hulimavu,203.0,145.0,Not Applicable,Not Applicable,No,Not Applicable,110,Cash,5,4.6,4.2
2024-07-12 22:20:00,CNR8767480855,Success,CID825728,Prime Plus,JP Nagar,Frazer Town,63.0,145.0,Not Applicable,Not Applicable,No,Not Applicable,434,Cash,45,4.1,4.0
2024-07-17 21:24:00,CNR9479517693,Canceled by Driver,CID736910,Prime Sedan,Shivajinagar,Chamarajpet,,,Not Applicable,Personal & Car related issue,Not Applicable,Not Applicable,238,Not Applicable,0,,
2024-07-20 09:29:00,CNR3267937278,Success,CID531283,Prime Plus,Rajarajeshwari Nagar,Ramamurthy Nagar,245.0,80.0,Not Applicable,Not Applicable,No,Not Applicable,353,UPI,4,3.7,4.7
2024-07-16 20:06:00,CNR7808193290,Success,CID320797,Prime SUV,MG Road,Ramamurthy Nagar,245.0,35.0,Not Applicable,Not Applicable,No,Not Applicable,910,Cash,35,3.3,3.7
2024-07-27 04:32:00,CNR1295920541,Driver Not Found,CID686434,Prime SUV,Bellandur,Varthur,,,Not Applicable,Not Applicable,Not Applicable,Not Applicable,399,Not Applicable,0,,
2024-07-30 01:01:00,CNR4739810188,Canceled by Driver,CID197982,Auto,BTM Layout,Kadugodi,,,Not Applicable,Personal & Car related issue,Not Applicable,Not Applicable,144,Not Applicable,0,,
2024-07-01 16:26:00,CNR3498213372,Canceled by Driver,CID165850,Prime Plus,Marathahalli,Kammanahalli,,,Not Applicable,Personal & Car related issue,Not Applicable,Not Applicable,2112,Not Applicable,0,,
2024-07-02 13:16:00,CNR8413765841,Success,CID901232,eBike,Frazer Town,RT Nagar,224.0,130.0,Not Applicable,Not Applicable,No,Not Applicable,705,UPI,12,4.5,3.1
2024-07-21 14:39:00,CNR1901603560,Canceled by Customer,CID520067,Bike,HSR Layout,Langford Town,,,Driver asked to cancel,Not Applicable,Not Applicable,Not Applicable,1275,Not Applicable,0,,
2024-07-18 07:52:00,CNR1367501022,Driver Not Found,CID570943,Prime Plus,Padmanabhanagar,Vijayanagar,,,Not Applicable,Not Applicable,Not Applicable,Not Applicable,453,Not Applicable,0,,
2024-07-19 04:03:00,CNR5506834703,Success,CID851799,Prime Plus,Langford Town,Hulimavu,91.0,50.0,Not Applicable,Not Applicable,No,Not Applicable,271,UPI,22,3.7,4.1
2024-07-25 08:42:00,CNR5164105133,Success,CID291717,eBike,Cox Town,Shivajinagar,245.0,45.0,Not Applicable,Not Applicable,No,Not Applicable,784,Cash,26,4.5,4.5
2024-07-01 04:07:00,CNR1101630832,Canceled by Driver,CID283908,Prime SUV,Majestic,Koramangala,,,Not Applicable,Customer related issue,Not Applicable,Not Applicable,265,Not Applicable,0,,
2024-07-07 16:55:00,CNR2528895565,Canceled by Driver,CID692536,Prime Sedan,Banashankari,Varthur,,,Not Applicable,Personal & Car related issue,Not Applicable,Not Applicable,308,Not Applicable,0,,
2024-07-17 21:02:00,CNR8922228000,Success,CID689115,Bike,KR Puram,Varthur,224.0,110.0,Not Applicable,Not Applicable,No,Not Applicable,137,UPI,40,3.1,3.3
2024-07-11 16:18:00,CNR7783521571,Success,CID647568,Prime SUV,Shivajinagar,Shivajinagar,224.0,140.0,Not Applicable,Not Applicable,No,Not Applicable,644,UPI,33,4.2,3.9
2024-07-17 17:01:00,CNR8873130404,Success,CID363368,Bike,RT Nagar,Peenya,119.0,95.0,Not Applicable,Not Applicable,No,Not Applicable,941,Cash,43,3.7,4.2
2024-07-19 18:38:00,CNR4355186128,Success,CID220690,Prime Sedan,Bellandur,Vijayanagar,308.0,45.0,Not Applicable,Not Applicable,No,Not Applicable,1712,UPI,19,3.4,4.1
2024-07-22 18:36:00,CNR7018640445,Success,CID943852,Prime Plus,Yelahanka,Tumkur Road,182.0,60.0,Not Applicable,Not Applicable,No,Not Applicable,519,UPI,48,4.0,4.5
2024-07-10 09:04:00,CNR8741078468,Success,CID437154,Prime Sedan,Malleshwaram,Electronic City,294.0,145.0,Not Applicable,Not Applicable,No,Not Applicable,2660,UPI,49,3.2,4.2
2024-07-13 20:27:00,CNR5335294972,Success,CID846454,eBike,Yeshwanthpur,MG Road,238.0,30.0,Not Applicable,Not Applicable,No,Not Applicable,365,Cash,10,5.0,3.3
2024-07-18 02:40:00,CNR4069616193,Driver Not Found,CID280752,Mini,MG Road,Electronic City,,,Not Applicable,Not Applicable,Not Applicable,Not Applicable,458,Not Applicable,0,,
2024-07-25 10:04:00,CNR3066841148,Success,CID485910,Bike,BTM Layout,Devanahalli,84.0,130.0,Not Applicable,Not Applicable,No,Not Applicable,487,UPI,42,4.4,3.6
2024-07-13 02:00:00,CNR3183645315,Canceled by Customer,CID460650,Prime Sedan,Ramamurthy Nagar,Kengeri,,,Change of plans,Not Applicable,Not Applicable,Not Applicable,931,Not Applicable,0,,
2024-07-27 13:33:00,CNR8842844997,Success,CID742155,Bike,Jayanagar,Banashankari,84.0,35.0,Not Applicable,Not Applicable,No,Not Applicable,376,UPI,24,3.7,4.4
2024-07-14 04:26:00,CNR5440938334,Success,CID403918,eBike,MG Road,Yeshwanthpur,252.0,35.0,Not Applicable,Not Applicable,No,Not Applicable,458,UPI,14,3.6,4.1
2024-07-30 12:10:00,CNR6764319222,Canceled by Driver,CID273629,Prime Sedan,Tumkur Road,Langford Town,,,Not Applicable,Personal & Car related issue,Not Applicable,Not Applicable,216,Not Applicable,0,,
2024-07-06 00:46:00,CNR4700915417,Canceled by Driver,CID592878,eBike,Varthur,KR Puram,,,Not Applicable,Personal & Car related issue,Not Applicable,Not Applicable,278,Not Applicable,0,,
2024-07-06 14:37:00,CNR6871193508,Success,CID482715,Prime Plus,Kadugodi,Kammanahalli,196.0,50.0,Not Applicable,Not Applicable,No,Not Applicable,948,UPI,49,3.6,3.4
2024-07-27 10:27:00,CNR6401776477,Success,CID256248,Auto,Tumkur Road,Vijayanagar,98.0,110.0,Not Applicable,Not Applicable,No,Not Applicable,2465,Cash,1,3.1,4.5
2024-07-06 13:24:00,CNR6464313604,Success,CID619681,Mini,Marathahalli,Bannerghatta Road,210.0,95.0,Not Applicable,Not Applicable,No,Not Applicable,259,UPI,31,3.6,3.8
2024-07-14 22:28:00,CNR1868307681,Canceled by Customer,CID805249,Bike,Cox Town,Padmanabhanagar,,,Driver asked to cancel,Not Applicable,Not Applicable,Not Applicable,113,Not Applicable,0,,
2024-07-26 03:25:00,CNR2345090192,Success,CID584298,eBike,Basavanagudi,Tumkur Road,140.0,140.0,Not Applicable,Not Applicable,No,Not Applicable,264,Debit Card,9,4.4,4.8
2024-07-16 11:13:00,CNR1914903299,Canceled by Driver,CID567105,Prime Sedan,Devanahalli,Banashankari,,,Not Applicable,Customer was coughing/sick,Not Applicable,Not Applicable,268,Not Applicable,0,,
2024-07-19 02:08:00,CNR4297443550,Success,CID209120,Prime Plus,Shantinagar,Magadi Road,56.0,135.0,Not Applicable,Not Applicable,No,Not Applicable,2235,UPI,24,3.2,3.9
2024-07-02 23:25:00,CNR2776740419,Canceled by Driver,CID590939,Auto,Malleshwaram,Shantinagar,,,Not Applicable,Customer was coughing/sick,Not Applicable,Not Applicable,487,Not Applicable,0,,
2024-07-30 23:44:00,CNR2135946593,Success,CID884635,Mini,JP Nagar,Rajajinagar,70.0,85.0,Not Applicable,Not Applicable,No,Not Applicable,458,UPI,14,3.2,4.8
2024-07-03 12:19:00,CNR8474556185,Driver Not Found,CID522692,Mini,BTM Layout,Malleshwaram,,,Not Applicable,Not Applicable,Not Applicable,Not Applicable,285,Not Applicable,0,,
2024-07-07 14:36:00,CNR2271601567,Canceled by Driver,CID777333,Mini,Chickpet,Electronic City,,,Not Applicable,Customer was coughing/sick,Not Applicable,Not Applicable,779,Not Applicable,0,,
2024-07-22 20:13:00,CNR6866604025,Success,CID378436,Prime SUV,Kengeri,RT Nagar,210.0,50.0,Not Applicable,Not Applicable,No,Not Applicable,162,UPI,35,3.1,4.7
2024-07-30 05:55:00,CNR6516194760,Success,CID385566,Bike,Koramangala,Hennur,56.0,120.0,Not Applicable,Not Applicable,No,Not Applicable,119,Cash,37,3.3,5.0
2024-07-22 05:17:00,CNR5869840889,Canceled by Driver,CID483501,eBike,Rajarajeshwari Nagar,RT Nagar,,,Not Applicable,Customer related issue,Not Applicable,Not Applicable,301,Not Applicable,0,,
2024-07-18 05:32:00,CNR7420724100,Canceled by Driver,CID302667,Mini,Shantinagar,Kadugodi,,,Not Applicable,More than permitted people in there,Not Applicable,Not Applicable,315,Not Applicable,0,,
2024-07-22 13:15:00,CNR1469309309,Success,CID873902,eBike,Tumkur Road,Basavanagudi,168.0,110.0,Not Applicable,Not Applicable,No,Not Applicable,327,Cash,27,4.0,4.8
2024-07-18 06:10:00,CNR4752944822,Driver Not Found,CID924253,Prime Sedan,Vijayanagar,Electronic City,,,Not Applicable,Not Applicable,Not Applicable,Not Applicable,497,Not Applicable,0,,
2024-07-26 00:17:00,CNR2811624043,Success,CID385679,Prime SUV,Electronic City,Hosur Road,182.0,70.0,Not Applicable,Not Applicable,No,Not Applicable,508,Cash,7,3.3,4.2
2024-07-06 14:24:00,CNR7776775480,Success,CID764861,Bike,HSR Layout,Padmanabhanagar,161.0,65.0,Not Applicable,Not Applicable,No,Not Applicable,1565,Cash,36,3.0,4.1
2024-07-26 05:42:00,CNR1356732069,Driver Not Found,CID690523,Mini,Hebbal,RT Nagar,,,Not Applicable,Not Applicable,Not Applicable,Not Applicable,432,Not Applicable,0,,
2024-07-24 06:38:00,CNR6728447981,Success,CID470860,eBike,Koramangala,Vijayanagar,280.0,100.0,Not Applicable,Not Applicable,No,Not Applicable,167,UPI,19,4.6,4.8
2024-07-30 21:47:00,CNR6228067578,Canceled by Customer,CID186343,eBike,Koramangala,Mysore Road,,,AC is Not working,Not Applicable,Not Applicable,Not Applicable,236,Not Applicable,0,,
2024-07-29 06:04:00,CNR6372497699,Success,CID572882,Prime Plus,Hennur,Kadugodi,147.0,135.0,Not Applicable,Not Applicable,No,Not Applicable,117,UPI,21,3.6,3.7
2024-07-18 01:07:00,CNR1884131840,Success,CID810038,Prime Sedan,Ulsoor,Basavanagudi,294.0,100.0,Not Applicable,Not Applicable,No,Not Applicable,974,Cash,9,3.5,4.8
2024-07-27 05:38:00,CNR9004967763,Canceled by Customer,CID396076,Mini,Hosur Road,KR Puram,,,AC is Not working,Not Applicable,Not Applicable,Not Applicable,211,Not Applicable,0,,
2024-07-26 11:52:00,CNR2010085684,Success,CID921006,Auto,Vijayanagar,MG Road,189.0,75.0,Not Applicable,Not Applicable,No,Not Applicable,793,Cash,19,4.8,4.0
2024-07-18 04:00:00,CNR7041512218,Success,CID770584,Auto,Hennur,Yelahanka,161.0,85.0,Not Applicable,Not Applicable,No,Not Applicable,155,Cash,2,3.6,3.0
2024-07-20 12:40:00,CNR6925120986,Driver Not Found,CID336403,eBike,Yeshwanthpur,Kengeri,,,Not Applicable,Not Applicable,Not Applicable,Not Applicable,164,Not Applicable,0,,
2024-07-03 10:02:00,CNR3515190830,Success,CID557854,Bike,Yeshwanthpur,Mysore Road,70.0,145.0,Not Applicable,Not Applicable,No,Not Applicable,978,UPI,5,4.2,3.9
2024-07-02 13:02:00,CNR8409079757,Success,CID762824,Auto,Chamarajpet,Kengeri,91.0,110.0,Not Applicable,Not Applicable,No,Not Applicable,299,Cash,19,3.6,4.0
2024-07-24 00:26:00,CNR8621189018,Success,CID785515,Prime Plus,Marathahalli,Chamarajpet,245.0,40.0,Not Applicable,Not Applicable,No,Not Applicable,206,UPI,47,3.2,4.6
2024-07-06 01:29:00,CNR2571022821,Canceled by Driver,CID684814,Mini,Langford Town,Malleshwaram,,,Not Applicable,Customer was coughing/sick,Not Applicable,Not Applicable,460,Not Applicable,0,,
2024-07-29 02:05:00,CNR8534783051,Success,CID191955,eBike,Yelahanka,KR Puram,231.0,40.0,Not Applicable,Not Applicable,No,Not Applicable,2202,UPI,36,4.9,3.3
2024-07-30 16:33:00,CNR8661869610,Success,CID850872,eBike,BTM Layout,Jayanagar,231.0,125.0,Not Applicable,Not Applicable,No,Not Applicable,254,UPI,26,3.1,5.0
2024-07-21 07:11:00,CNR7124816023,Success,CID199061,Prime SUV,Vijayanagar,Rajajinagar,252.0,135.0,Not Applicable,Not Applicable,No,Not Applicable,157,UPI,35,3.6,3.7
2024-07-17 09:13:00,CNR9291324553,Canceled by Driver,CID112665,Prime Sedan,Richmond Town,Mysore Road,,,Not Applicable,Customer related issue,Not Applicable,Not Applicable,342,Not Applicable,0,,
2024-07-03 09:40:00,CNR5247998410,Success,CID556239,Auto,Sarjapur Road,Frazer Town,217.0,95.0,Not Applicable,Not Applicable,No,Not Applicable,154,UPI,19,3.4,4.8
2024-07-06 04:52:00,CNR9555950939,Success,CID604227,eBike,Hosur Road,Yelahanka,252.0,120.0,Not Applicable,Not Applicable,No,Not Applicable,819,UPI,8,3.7,3.9
2024-07-27 10:43:00,CNR3210967101,Canceled by Driver,CID854436,Prime Sedan,Chamarajpet,Chickpet,,,Not Applicable,More than permitted people in there,Not Applicable,Not Applicable,793,Not Applicable,0,,
2024-07-14 03:50:00,CNR9418309836,Canceled by Driver,CID997706,Mini,Hebbal,Padmanabhanagar,,,Not Applicable,Personal & Car related issue,Not Applicable,Not Applicable,923,Not Applicable,0,,
2024-07-03 13:41:00,CNR5835009722,Success,CID689315,Prime Plus,Devanahalli,Ulsoor,63.0,130.0,Not Applicable,Not Applicable,No,Not Applicable,359,Cash,9,4.2,4.5
2024-07-29 12:50:00,CNR4843556447,Success,CID959138,Mini,KR Puram,Chickpet,119.0,115.0,Not Applicable,Not Applicable,No,Not Applicable,130,UPI,23,4.7,3.7
2024-07-28 02:47:00,CNR9497185967,Driver Not Found,CID866948,Prime SUV,BTM Layout,Shivajinagar,,,Not Applicable,Not Applicable,Not Applicable,Not Applicable,524,Not Applicable,0,,
2024-07-15 14:57:00,CNR3697213676,Canceled by Customer,CID200909,Bike,Majestic,Hennur,,,Driver is not moving towards pickup location,Not Applicable,Not Applicable,Not Applicable,171,Not Applicable,0,,
2024-07-10 08:59:00,CNR8755528051,Driver Not Found,CID644655,eBike,Peenya,Ulsoor,,,Not Applicable,Not Applicable,Not Applicable,Not Applicable,174,Not Applicable,0,,
2024-07-20 22:51:00,CNR2219847273,Canceled by Driver,CID540203,Auto,Electronic City,Padmanabhanagar,,,Not Applicable,More than permitted people in there,Not Applicable,Not Applicable,575,Not Applicable,0,,
2024-07-20 10:20:00,CNR8245454683,Canceled by Driver,CID187631,Auto,Whitefield,Koramangala,,,Not Applicable,Customer related issue,Not Applicable,Not Applicable,339,Not Applicable,0,,
2024-07-12 23:01:00,CNR1181205733,Canceled by Driver,CID906681,Bike,Kengeri,Majestic,,,Not Applicable,More than permitted people in there,Not Applicable,Not Applicable,319,Not Applicable,0,,
2024-07-17 16:37:00,CNR6758734966,Success,CID442753,Auto,Ramamurthy Nagar,Vijayanagar,91.0,35.0,Not Applicable,Not Applicable,No,Not Applicable,248,UPI,6,4.9,3.6
2024-07-06 10:44:00,CNR4328344261,Success,CID878908,Prime Plus,Peenya,Sahakar Nagar,175.0,70.0,Not Applicable,Not Applicable,No,Not Applicable,404,UPI,47,4.3,4.7
2024-07-16 21:52:00,CNR7203625528,Success,CID623929,Mini,Chamarajpet,Hebbal,105.0,130.0,Not Applicable,Not Applicable,No,Not Applicable,709,Cash,37,3.4,3.1
2024-07-01 00:45:00,CNR8573110831,Success,CID992772,Bike,Whitefield,HSR Layout,35.0,90.0,Not Applicable,Not Applicable,No,Not Applicable,470,UPI,30,3.2,4.2
2024-07-05 23:13:00,CNR9262653582,Canceled by Driver,CID637433,Bike,Peenya,Nagarbhavi,,,Not Applicable,Personal & Car related issue,Not Applicable,Not Applicable,471,Not Applicable,0,,
2024-07-29 14:15:00,CNR7249856669,Success,CID856734,Mini,Langford Town,JP Nagar,294.0,40.0,Not Applicable,Not Applicable,No,Not Applicable,474,Cash,45,4.4,4.8
2024-07-13 13:25:00,CNR7005551365,Driver Not Found,CID694904,Auto,Hulimavu,MG Road,,,Not Applicable,Not Applicable,Not Applicable,Not Applicable,963,Not Applicable,0,,
2024-07-27 10:53:00,CNR4687143325,Success,CID467210,Prime Sedan,Frazer Town,Mysore Road,210.0,85.0,Not Applicable,Not Applicable,No,Not Applicable,617,UPI,40,3.3,3.7
2024-07-24 13:06:00,CNR3386163581,Success,CID998257,Prime Plus,Kadugodi,Magadi Road,119.0,80.0,Not Applicable,Not Applicable,No,Not Applicable,1529,UPI,42,3.5,4.6
2024-07-30 22:27:00,CNR5218508902,Canceled by Customer,CID597204,Prime Sedan,Vijayanagar,Jayanagar,,,Change of plans,Not Applicable,Not Applicable,Not Applicable,100,Not Applicable,0,,
2024-07-08 09:29:00,CNR2769982503,Success,CID207089,Prime SUV,Shantinagar,Electronic City,70.0,130.0,Not Applicable,Not Applicable,No,Not Applicable,176,Cash,35,3.3,3.6
2024-07-23 04:33:00,CNR4761047702,Canceled by Driver,CID135701,Prime Plus,Nagarbhavi,Devanahalli,,,Not Applicable,Customer related issue,Not Applicable,Not Applicable,178,Not Applicable,0,,
2024-07-14 00:04:00,CNR3746479206,Success,CID575583,eBike,Richmond Town,Hulimavu,168.0,30.0,Not Applicable,Not Applicable,No,Not Applicable,319,Credit Card,29,4.3,4.2
2024-07-26 14:14:00,CNR8052067693,Canceled by Customer,CID149343,Bike,Sahakar Nagar,Peenya,,,Driver asked to cancel,Not Applicable,Not Applicable,Not Applicable,180,Not Applicable,0,,
2024-07-12 22:42:00,CNR3714585438,Success,CID443593,Prime Sedan,Nagarbhavi,Majestic,70.0,135.0,Not Applicable,Not Applicable,Yes,Other Issue,2208,UPI,35,4.4,4.9
2024-07-28 04:32:00,CNR5566126033,Success,CID719438,Mini,Yelahanka,Ramamurthy Nagar,175.0,90.0,Not Applicable,Not Applicable,No,Not Applicable,120,Cash,13,4.0,3.6
2024-07-08 14:41:00,CNR6893013923,Driver Not Found,CID453033,Bike,Banashankari,Ramamurthy Nagar,,,Not Applicable,Not Applicable,Not Applicable,Not Applicable,236,Not Applicable,0,,
2024-07-15 10:00:00,CNR2412980188,Success,CID689966,Auto,Bannerghatta Road,KR Puram,49.0,40.0,Not Applicable,Not Applicable,No,Not Applicable,2679,Cash,12,3.3,3.3
2024-07-29 11:37:00,CNR6674295515,Canceled by Customer,CID416627,Bike,Yelahanka,MG Road,,,Driver is not moving towards pickup location,Not Applicable,Not Applicable,Not Applicable,365,Not Applicable,0,,
2024-07-25 23:50:00,CNR7411610319,Success,CID300253,Prime Sedan,Electronic City,Shivajinagar,63.0,30.0,Not Applicable,Not Applicable,No,Not Applicable,128,Cash,47,4.7,4.9
2024-07-12 17:07:00,CNR1725700062,Success,CID246674,Mini,BTM Layout,Ulsoor,112.0,25.0,Not Applicable,Not Applicable,No,Not Applicable,743,Cash,42,3.2,4.6
2024-07-23 01:00:00,CNR3728749120,Success,CID927193,Bike,Yeshwanthpur,Cox Town,84.0,35.0,Not Applicable,Not Applicable,No,Not Applicable,2971,Cash,28,4.7,4.3
2024-07-08 04:45:00,CNR8460425169,Canceled by Customer,CID314031,eBike,Bannerghatta Road,Whitefield,,,Driver is not moving towards pickup location,Not Applicable,Not Applicable,Not Applicable,2678,Not Applicable,0,,
2024-07-06 15:11:00,CNR3165907622,Success,CID134217,Prime SUV,Shivajinagar,Vijayanagar,168.0,145.0,Not Applicable,Not Applicable,No,Not Applicable,2557,UPI,36,4.2,3.3
2024-07-13 04:24:00,CNR4889503134,Canceled by Customer,CID572024,Auto,Richmond Town,MG Road,,,Driver is not moving towards pickup location,Not Applicable,Not Applicable,Not Applicable,166,Not Applicable,0,,
2024-07-21 02:10:00,CNR1968317887,Success,CID117728,Prime SUV,Tumkur Road,Kammanahalli,231.0,110.0,Not Applicable,Not Applicable,No,Not Applicable,461,Credit Card,5,4.9,5.0
2024-07-26 02:24:00,CNR2064746794,Success,CID723381,eBike,Kengeri,Shivajinagar,49.0,80.0,Not Applicable,Not Applicable,No,Not Applicable,363,Cash,1,4.1,3.5
2024-07-30 16:03:00,CNR2068683191,Success,CID867917,Bike,Yeshwanthpur,Whitefield,35.0,40.0,Not Applicable,Not Applicable,No,Not Applicable,570,Cash,41,3.3,4.3
2024-07-07 02:56:00,CNR5922648016,Success,CID841358,Mini,Hennur,JP Nagar,245.0,70.0,Not Applicable,Not Applicable,Yes,Customer Demand,428,UPI,42,3.9,3.8
2024-07-07 07:54:00,CNR5636401216,Canceled by Driver,CID542190,Bike,Mysore Road,Peenya,,,Not Applicable,Customer related issue,Not Applicable,Not Applicable,330,Not Applicable,0,,
2024-07-07 15:41:00,CNR5984421286,Success,CID237827,Prime SUV,Chickpet,RT Nagar,105.0,115.0,Not Applicable,Not Applicable,No,Not Applicable,447,Cash,36,4.2,3.0
2024-07-07 16:00:00,CNR1820005651,Canceled by Driver,CID211054,eBike,Majestic,Peenya,,,Not Applicable,Customer was coughing/sick,Not Applicable,Not Applicable,131,Not Applicable,0,,
2024-07-04 11:00:00,CNR3662666708,Success,CID595710,Prime SUV,Kadugodi,Cox Town,70.0,45.0,Not Applicable,Not Applicable,No,Not Applicable,1156,Cash,35,4.4,4.0
2024-07-14 23:55:00,CNR5611529738,Canceled by Driver,CID220710,Mini,Bannerghatta Road,Ramamurthy Nagar,,,Not Applicable,Personal & Car related issue,Not Applicable,Not Applicable,383,Not Applicable,0,,
2024-07-07 07:55:00,CNR2867099160,Success,CID883869,Prime Sedan,KR Puram,Peenya,203.0,50.0,Not Applicable,Not Applicable,No,Not Applicable,922,UPI,6,4.2,4.0
2024-07-21 13:41:00,CNR8031853628,Canceled by Driver,CID946713,Bike,Shantinagar,KR Puram,,,Not Applicable,Customer was coughing/sick,Not Applicable,Not Applicable,474,Not Applicable,0,,
2024-07-01 10:41:00,CNR6507574861,Canceled by Driver,CID692629,Auto,Bannerghatta Road,Yelahanka,,,Not Applicable,More than permitted people in there,Not Applicable,Not Applicable,216,Not Applicable,0,,
2024-07-10 23:56:00,CNR4662309188,Success,CID548058,Prime Plus,Yelahanka,MG Road,77.0,105.0,Not Applicable,Not Applicable,No,Not Applicable,430,Cash,14,4.2,3.3
2024-07-24 00:42:00,CNR5146052983,Driver Not Found,CID939444,eBike,Mysore Road,Sarjapur Road,,,Not Applicable,Not Applicable,Not Applicable,Not Applicable,877,Not Applicable,0,,
2024-07-30 11:37:00,CNR6512798556,Canceled by Driver,CID354232,Bike,Devanahalli,Devanahalli,,,Not Applicable,Personal & Car related issue,Not Applicable,Not Applicable,338,Not Applicable,0,,
2024-07-24 01:25:00,CNR6841826359,Canceled by Driver,CID573040,Auto,KR Puram,Chamarajpet,,,Not Applicable,Customer was coughing/sick,Not Applicable,Not Applicable,183,Not Applicable,0,,
2024-07-24 06:28:00,CNR7758072492,Success,CID438870,Mini,Bellandur,JP Nagar,154.0,60.0,Not Applicable,Not Applicable,No,Not Applicable,136,Debit Card,17,4.4,4.7
2024-07-09 21:01:00,CNR7712881559,Success,CID365399,Mini,Chickpet,MG Road,126.0,110.0,Not Applicable,Not Applicable,No,Not Applicable,495,UPI,3,4.6,3.8
2024-07-06 16:44:00,CNR4826585538,Success,CID488634,Mini,Ulsoor,Rajarajeshwari Nagar,210.0,125.0,Not Applicable,Not Applicable,No,Not Applicable,293,UPI,32,4.6,4.0
2024-07-14 02:05:00,CNR9291954036,Driver Not Found,CID305880,Prime Plus,Basavanagudi,Banashankari,,,Not Applicable,Not Applicable,Not Applicable,Not Applicable,241,Not Applicable,0,,
2024-07-18 02:04:00,CNR9602924521,Canceled by Driver,CID364653,Bike,Frazer Town,HSR Layout,,,Not Applicable,Personal & Car related issue,Not Applicable,Not Applicable,174,Not Applicable,0,,
2024-07-23 01:16:00,CNR3237509228,Driver Not Found,CID974706,Prime Plus,Padmanabhanagar,Electronic City,,,Not Applicable,Not Applicable,Not Applicable,Not Applicable,634,Not Applicable,0,,
2024-07-16 14:13:00,CNR4644655099,Success,CID144499,Auto,Rajarajeshwari Nagar,Whitefield,126.0,30.0,Not Applicable,Not Applicable,No,Not Applicable,234,Cash,10,4.3,3.2
2024-07-14 13:38:00,CNR8925263301,Driver Not Found,CID489388,Prime Plus,Jayanagar,Koramangala,,,Not Applicable,Not Applicable,Not Applicable,Not Applicable,181,Not Applicable,0,,
2024-07-05 01:12:00,CNR2253054103,Success,CID897849,Prime Sedan,Malleshwaram,HSR Layout,175.0,35.0,Not Applicable,Not Applicable,No,Not Applicable,1022,UPI,31,3.3,4.3
2024-07-08 23:23:00,CNR6690691584,Success,CID720106,Prime SUV,Padmanabhanagar,Kengeri,126.0,115.0,Not Applicable,Not Applicable,No,Not Applicable,184,Cash,22,3.5,3.8
2024-07-15 09:49:00,CNR2353130107,Success,CID115462,Bike,Banashankari,Peenya,98.0,90.0,Not Applicable,Not Applicable,No,Not Applicable,968,Cash,15,4.9,3.9
2024-07-25 03:58:00,CNR5033682241,Driver Not Found,CID842171,Auto,Chamarajpet,Shivajinagar,,,Not Applicable,Not Applicable,Not Applicable,Not Applicable,385,Not Applicable,0,,
2024-07-11 22:17:00,CNR8430436980,Canceled by Customer,CID861160,Bike,Rajarajeshwari Nagar,Chamarajpet,,,Driver asked to cancel,Not Applicable,Not Applicable,Not Applicable,467,Not Applicable,0,,
2024-07-08 06:45:00,CNR7379270864,Success,CID673175,Mini,Whitefield,Varthur,35.0,90.0,Not Applicable,Not Applicable,No,Not Applicable,494,Cash,10,3.3,4.7
2024-07-05 22:00:00,CNR9108022885,Canceled by Customer,CID746368,Auto,Tumkur Road,Kengeri,,,Driver is not moving towards pickup location,Not Applicable,Not Applicable,Not Applicable,186,Not Applicable,0,,
2024-07-28 14:10:00,CNR9883735857,Success,CID813240,Bike,Hulimavu,Hennur,63.0,135.0,Not Applicable,Not Applicable,No,Not Applicable,284,Cash,37,3.8,4.9
2024-07-04 21:05:00,CNR9582463909,Driver Not Found,CID503168,Prime SUV,Rajajinagar,Banashankari,,,Not Applicable,Not Applicable,Not Applicable,Not Applicable,403,Not Applicable,0,,
2024-07-14 13:35:00,CNR1420690539,Driver Not Found,CID426993,Auto,Cox Town,Hosur Road,,,Not Applicable,Not Applicable,Not Applicable,Not Applicable,566,Not Applicable,0,,
2024-07-15 13:00:00,CNR2821105625,Canceled by Driver,CID746152,Prime SUV,MG Road,Sarjapur Road,,,Not Applicable,Personal & Car related issue,Not Applicable,Not Applicable,254,Not Applicable,0,,
2024-07-28 18:12:00,CNR8887406498,Success,CID412183,eBike,Magadi Road,Marathahalli,42.0,105.0,Not Applicable,Not Applicable,No,Not Applicable,235,UPI,37,3.3,3.4
2024-07-05 06:04:00,CNR2228074341,Success,CID436074,Bike,Ramamurthy Nagar,Koramangala,154.0,100.0,Not Applicable,Not Applicable,No,Not Applicable,365,UPI,25,3.5,3.0
2024-07-09 19:13:00,CNR3116320336,Success,CID221433,Prime Sedan,Ramamurthy Nagar,Kammanahalli,168.0,145.0,Not Applicable,Not Applicable,No,Not Applicable,346,UPI,32,3.8,4.3
2024-07-26 00:51:00,CNR9810705214,Success,CID807005,Prime SUV,Mysore Road,Magadi Road,273.0,55.0,Not Applicable,Not Applicable,No,Not Applicable,262,UPI,8,3.5,3.9
2024-07-18 08:52:00,CNR3150083420,Success,CID370239,Prime Sedan,Kengeri,Devanahalli,42.0,115.0,Not Applicable,Not Applicable,No,Not Applicable,319,Cash,26,4.3,5.0
2024-07-06 14:56:00,CNR8217146118,Success,CID733563,Prime Sedan,Peenya,Peenya,308.0,110.0,Not Applicable,Not Applicable,Yes,Customer Demand,291,UPI,18,3.1,3.7
2024-07-25 01:27:00,CNR1826450573,Success,CID410084,Prime Plus,Electronic City,Peenya,91.0,65.0,Not Applicable,Not Applicable,No,Not Applicable,217,UPI,3,3.2,3.3
2024-07-22 19:01:00,CNR5485843763,Success,CID638927,Mini,Peenya,Langford Town,301.0,80.0,Not Applicable,Not Applicable,No,Not Applicable,100,Cash,43,3.1,3.8
2024-07-11 05:37:00,CNR6401886872,Canceled by Customer,CID768346,Prime Sedan,Hebbal,Frazer Town,,,Driver asked to cancel,Not Applicable,Not Applicable,Not Applicable,189,Not Applicable,0,,
2024-07-15 00:48:00,CNR2042395103,Canceled by Driver,CID240385,Prime Sedan,Sarjapur Road,Hebbal,,,Not Applicable,Customer related issue,Not Applicable,Not Applicable,182,Not Applicable,0,,
2024-07-08 22:38:00,CNR3367057672,Canceled by Driver,CID123956,Prime Sedan,Hebbal,Sarjapur Road,,,Not Applicable,Customer related issue,Not Applicable,Not Applicable,168,Not Applicable,0,,
2024-07-04 09:22:00,CNR7995808963,Canceled by Driver,CID625450,Prime SUV,Cox Town,RT Nagar,,,Not Applicable,Customer was coughing/sick,Not Applicable,Not Applicable,2001,Not Applicable,0,,
2024-07-15 08:01:00,CNR2539200784,Success,CID656735,Auto,Whitefield,Koramangala,154.0,35.0,Not Applicable,Not Applicable,No,Not Applicable,423,Cash,1,4.8,3.1
2024-07-02 02:57:00,CNR3494060835,Success,CID727657,Prime Sedan,Yelahanka,Hebbal,112.0,140.0,Not Applicable,Not Applicable,No,Not Applicable,212,UPI,26,3.8,3.5
2024-07-09 12:11:00,CNR2581889722,Success,CID754282,Auto,Banashankari,Mysore Road,70.0,100.0,Not Applicable,Not Applicable,No,Not Applicable,306,Cash,17,3.1,5.0
2024-07-09 06:34:00,CNR2168825431,Success,CID910681,Prime SUV,JP Nagar,Sahakar Nagar,182.0,140.0,Not Applicable,Not Applicable,No,Not Applicable,131,UPI,7,4.0,3.3
2024-07-11 23:13:00,CNR5042413490,Canceled by Customer,CID162586,Prime Sedan,Vijayanagar,Nagarbhavi,,,Driver asked to cancel,Not Applicable,Not Applicable,Not Applicable,688,Not Applicable,0,,
2024-07-08 08:44:00,CNR3884686332,Success,CID435601,Bike,Shivajinagar,Jayanagar,273.0,85.0,Not Applicable,Not Applicable,No,Not Applicable,373,Cash,10,4.4,4.6
2024-07-23 07:14:00,CNR3471243642,Success,CID944236,eBike,Bellandur,Hennur,133.0,85.0,Not Applicable,Not Applicable,No,Not Applicable,165,Credit Card,17,4.0,3.9
2024-07-18 04:11:00,CNR6834840257,Success,CID923778,eBike,KR Puram,Kadugodi,273.0,140.0,Not Applicable,Not Applicable,No,Not Applicable,938,UPI,30,4.8,4.9
2024-07-06 06:58:00,CNR9196002966,Success,CID778450,Auto,Peenya,Cox Town,175.0,55.0,Not Applicable,Not Applicable,No,Not Applicable,142,UPI,5,4.9,4.5
2024-07-14 22:43:00,CNR5064112632,Success,CID786946,Prime SUV,Bellandur,Shantinagar,91.0,115.0,Not Applicable,Not Applicable,No,Not Applicable,341,Cash,22,3.8,4.3
2024-07-25 01:13:00,CNR5422685587,Success,CID177047,Mini,Tumkur Road,Nagarbhavi,301.0,40.0,Not Applicable,Not Applicable,No,Not Applicable,313,UPI,31,4.2,4.6
2024-07-11 10:34:00,CNR8067707789,Canceled by Customer,CID362818,Bike,Rajarajeshwari Nagar,Devanahalli,,,Driver asked to cancel,Not Applicable,Not Applicable,Not Applicable,280,Not Applicable,0,,
2024-07-29 17:30:00,CNR5681650129,Success,CID458231,Prime Plus,Richmond Town,KR Puram,294.0,65.0,Not Applicable,Not Applicable,No,Not Applicable,448,Cash,5,4.6,3.8
2024-07-16 22:49:00,CNR4587143176,Success,CID719559,Prime Sedan,Mysore Road,Hulimavu,175.0,135.0,Not Applicable,Not Applicable,No,Not Applicable,101,Credit Card,8,4.9,4.1
2024-07-19 16:46:00,CNR7892452567,Success,CID196991,Bike,Frazer Town,Jayanagar,42.0,140.0,Not Applicable,Not Applicable,No,Not Applicable,938,Cash,48,4.4,4.4
2024-07-15 10:56:00,CNR2966154144,Success,CID838032,eBike,KR Puram,Hebbal,126.0,115.0,Not Applicable,Not Applicable,No,Not Applicable,1830,Cash,48,3.9,4.3
2024-07-04 20:12:00,CNR6948846741,Success,CID617114,Bike,Malleshwaram,Frazer Town,161.0,145.0,Not Applicable,Not Applicable,Yes,Other Issue,105,Cash,4,4.8,4.5
2024-07-19 22:27:00,CNR8924076888,Canceled by Driver,CID456807,Prime SUV,Chickpet,Majestic,,,Not Applicable,Personal & Car related issue,Not Applicable,Not Applicable,445,Not Applicable,0,,
2024-07-04 14:17:00,CNR9750192376,Success,CID353854,Mini,KR Puram,Shivajinagar,308.0,35.0,Not Applicable,Not Applicable,No,Not Applicable,176,UPI,22,4.7,3.6
2024-07-21 10:19:00,CNR6857687224,Canceled by Driver,CID841749,Mini,MG Road,Sarjapur Road,,,Not Applicable,Customer related issue,Not Applicable,Not Applicable,812,Not Applicable,0,,
2024-07-04 00:22:00,CNR4236609960,Canceled by Driver,CID454773,Auto,RT Nagar,Nagarbhavi,,,Not Applicable,Customer related issue,Not Applicable,Not Applicable,272,Not Applicable,0,,
2024-07-19 14:20:00,CNR3844452348,Driver Not Found,CID172040,Prime Plus,Yeshwanthpur,Padmanabhanagar,,,Not Applicable,Not Applicable,Not Applicable,Not Applicable,483,Not Applicable,0,,
2024-07-19 16:48:00,CNR4178928354,Success,CID683049,Prime Sedan,Sahakar Nagar,RT Nagar,245.0,35.0,Not Applicable,Not Applicable,No,Not Applicable,540,UPI,35,4.1,3.3
2024-07-12 11:00:00,CNR4576859565,Canceled by Customer,CID998898,Prime Plus,Hebbal,Yelahanka,,,Driver is not moving towards pickup location,Not Applicable,Not Applicable,Not Applicable,2255,Not Applicable,0,,
2024-07-27 21:47:00,CNR8533621815,Driver Not Found,CID150266,Prime Plus,Peenya,Majestic,,,Not Applicable,Not Applicable,Not Applicable,Not Applicable,188,Not Applicable,0,,
2024-07-07 07:38:00,CNR6110221200,Success,CID884289,Mini,Magadi Road,Varthur,301.0,105.0,Not Applicable,Not Applicable,No,Not Applicable,313,UPI,5,4.0,3.4
2024-07-21 16:43:00,CNR8487774333,Driver Not Found,CID739032,eBike,Sarjapur Road,Shivajinagar,,,Not Applicable,Not Applicable,Not Applicable,Not Applicable,397,Not Applicable,0,,
2024-07-25 12:25:00,CNR2228964266,Success,CID260200,eBike,Basavanagudi,Hebbal,112.0,60.0,Not Applicable,Not Applicable,No,Not Applicable,226,UPI,41,3.0,4.4
2024-07-30 20:01:00,CNR2333209859,Success,CID959879,Prime Sedan,Richmond Town,Varthur,147.0,80.0,Not Applicable,Not Applicable,No,Not Applicable,2371,UPI,31,3.2,3.5
2024-07-16 03:20:00,CNR7001933901,Driver Not Found,CID500243,eBike,Kadugodi,Sarjapur Road,,,Not Applicable,Not Applicable,Not Applicable,Not Applicable,1438,Not Applicable,0,,
2024-07-16 20:59:00,CNR1536417795,Success,CID923662,Bike,Yelahanka,Shivajinagar,189.0,25.0,Not Applicable,Not Applicable,No,Not Applicable,862,UPI,8,3.0,4.1
2024-07-19 03:48:00,CNR2601371982,Canceled by Driver,CID302174,Prime SUV,JP Nagar,Peenya,,,Not Applicable,Customer was coughing/sick,Not Applicable,Not Applicable,108,Not Applicable,0,,
2024-07-26 04:34:00,CNR3097508853,Success,CID855985,Bike,Cox Town,Richmond Town,252.0,70.0,Not Applicable,Not Applicable,No,Not Applicable,863,UPI,9,4.6,3.2
2024-07-05 07:35:00,CNR5420892939,Driver Not Found,CID277561,eBike,JP Nagar,Yelahanka,,,Not Applicable,Not Applicable,Not Applicable,Not Applicable,212,Not Applicable,0,,
2024-07-07 06:25:00,CNR7153872894,Driver Not Found,CID716714,Prime Sedan,Jayanagar,JP Nagar,,,Not Applicable,Not Applicable,Not Applicable,Not Applicable,692,Not Applicable,0,,
2024-07-20 22:29:00,CNR9089799531,Success,CID430321,Prime Plus,Chickpet,MG Road,35.0,110.0,Not Applicable,Not Applicable,No,Not Applicable,121,UPI,46,4.6,4.0
2024-07-24 04:17:00,CNR1691568477,Success,CID426094,Auto,BTM Layout,Hulimavu,35.0,125.0,Not Applicable,Not Applicable,No,Not Applicable,602,Cash,7,4.3,3.9
2024-07-22 05:36:00,CNR6253700480,Success,CID816314,Prime Sedan,Devanahalli,Yeshwanthpur,168.0,70.0,Not Applicable,Not Applicable,No,Not Applicable,389,UPI,29,3.2,3.0
2024-07-15 09:37:00,CNR8818601598,Success,CID363877,eBike,Peenya,Whitefield,168.0,115.0,Not Applicable,Not Applicable,No,Not Applicable,944,Cash,40,4.3,3.6
2024-07-03 13:02:00,CNR1929520688,Success,CID325402,eBike,Kadugodi,Varthur,301.0,80.0,Not Applicable,Not Applicable,No,Not Applicable,193,Cash,45,4.1,4.0
2024-07-13 21:29:00,CNR5815772974,Success,CID213505,Bike,Vijayanagar,Banashankari,266.0,30.0,Not Applicable,Not Applicable,No,Not Applicable,138,Cash,43,4.7,3.4
2024-07-04 11:04:00,CNR7192034400,Success,CID972628,Auto,Devanahalli,Bellandur,161.0,110.0,Not Applicable,Not Applicable,No,Not Applicable,807,UPI,19,3.8,3.8
2024-07-28 23:02:00,CNR1722233138,Success,CID595865,eBike,Magadi Road,Hosur Road,161.0,110.0,Not Applicable,Not Applicable,No,Not Applicable,108,Cash,24,4.9,5.0
2024-07-03 08:37:00,CNR5530693925,Success,CID258171,Bike,Frazer Town,KR Puram,210.0,35.0,Not Applicable,Not Applicable,Yes,Other Issue,649,Cash,46,3.5,3.9
2024-07-13 07:46:00,CNR9564076603,Success,CID976074,Prime SUV,Rajajinagar,Varthur,301.0,125.0,Not Applicable,Not Applicable,No,Not Applicable,767,Cash,46,4.3,3.9
2024-07-01 14:00:00,CNR6658961363,Success,CID858710,Mini,Majestic,Kadugodi,301.0,45.0,Not Applicable,Not Applicable,No,Not Applicable,462,UPI,33,3.6,4.1
2024-07-05 02:09:00,CNR8618377439,Success,CID399719,eBike,Hebbal,Vijayanagar,266.0,60.0,Not Applicable,Not Applicable,No,Not Applicable,180,Cash,44,4.6,4.4
2024-07-27 07:36:00,CNR5320908522,Canceled by Driver,CID607212,Prime Plus,Hebbal,JP Nagar,,,Not Applicable,Customer related issue,Not Applicable,Not Applicable,160,Not Applicable,0,,
2024-07-15 21:43:00,CNR7592386478,Success,CID868775,Prime Sedan,Varthur,MG Road,259.0,45.0,Not Applicable,Not Applicable,No,Not Applicable,333,UPI,38,3.6,3.2
2024-07-24 08:05:00,CNR4152648418,Success,CID386237,Prime Plus,JP Nagar,Padmanabhanagar,189.0,105.0,Not Applicable,Not Applicable,No,Not Applicable,1983,UPI,23,4.5,4.3
2024-07-21 10:39:00,CNR5039093418,Driver Not Found,CID228259,eBike,Kadugodi,Ulsoor,,,Not Applicable,Not Applicable,Not Applicable,Not Applicable,471,Not Applicable,0,,
2024-07-09 13:12:00,CNR4713873100,Canceled by Customer,CID652469,Prime SUV,KR Puram,Sahakar Nagar,,,AC is Not working,Not Applicable,Not Applicable,Not Applicable,421,Not Applicable,0,,
2024-07-02 06:16:00,CNR8472872373,Driver Not Found,CID782796,Prime Sedan,Koramangala,Chamarajpet,,,Not Applicable,Not Applicable,Not Applicable,Not Applicable,1236,Not Applicable,0,,
2024-07-06 03:50:00,CNR9681166491,Canceled by Driver,CID121881,Auto,Malleshwaram,Chamarajpet,,,Not Applicable,Personal & Car related issue,Not Applicable,Not Applicable,447,Not Applicable,0,,
2024-07-29 23:46:00,CNR2798571574,Driver Not Found,CID178492,Prime Plus,Langford Town,Chickpet,,,Not Applicable,Not Applicable,Not Applicable,Not Applicable,387,Not Applicable,0,,
2024-07-15 13:49:00,CNR2218785608,Success,CID737464,Prime SUV,Chamarajpet,MG Road,287.0,45.0,Not Applicable,Not Applicable,No,Not Applicable,956,Cash,41,4.2,3.3
2024-07-05 07:47:00,CNR8224709500,Success,CID455002,Prime SUV,Richmond Town,Shantinagar,147.0,135.0,Not Applicable,Not Applicable,Yes,Other Issue,1907,UPI,3,4.7,4.3
2024-07-20 02:15:00,CNR2143549066,Canceled by Driver,CID181034,Bike,Electronic City,Kadugodi,,,Not Applicable,Personal & Car related issue,Not Applicable,Not Applicable,183,Not Applicable,0,,
2024-07-13 02:45:00,CNR7346457489,Success,CID576092,eBike,Richmond Town,Jayanagar,245.0,55.0,Not Applicable,Not Applicable,No,Not Applicable,291,UPI,13,3.1,3.4
2024-07-08 11:21:00,CNR8582908409,Success,CID485329,eBike,Majestic,Yeshwanthpur,217.0,125.0,Not Applicable,Not Applicable,No,Not Applicable,1776,Cash,17,3.5,4.2
2024-07-08 23:24:00,CNR4791233157,Success,CID581223,eBike,Richmond Town,Indiranagar,182.0,145.0,Not Applicable,Not Applicable,No,Not Applicable,391,Cash,4,4.2,4.5
2024-07-28 11:52:00,CNR7177657113,Success,CID204139,Mini,Padmanabhanagar,Indiranagar,203.0,105.0,Not Applicable,Not Applicable,No,Not Applicable,145,UPI,41,3.0,3.3
2024-07-29 02:38:00,CNR5617314887,Success,CID630101,Prime Plus,Tumkur Road,Frazer Town,35.0,25.0,Not Applicable,Not Applicable,No,Not Applicable,243,UPI,2,4.8,3.8
2024-07-04 19:35:00,CNR6917253203,Canceled by Driver,CID277502,eBike,Whitefield,Varthur,,,Not Applicable,Personal & Car related issue,Not Applicable,Not Applicable,111,Not Applicable,0,,
2024-07-06 11:18:00,CNR7663809143,Success,CID152545,Prime Sedan,Jayanagar,Kadugodi,266.0,100.0,Not Applicable,Not Applicable,No,Not Applicable,263,UPI,22,3.9,4.6
2024-07-23 11:26:00,CNR9476863397,Success,CID539498,Prime Plus,Chickpet,Bellandur,112.0,95.0,Not Applicable,Not Applicable,No,Not Applicable,428,UPI,46,4.8,3.4
2024-07-06 07:15:00,CNR9890686586,Success,CID895167,eBike,Koramangala,Jayanagar,203.0,95.0,Not Applicable,Not Applicable,No,Not Applicable,804,Cash,31,3.6,3.2
2024-07-21 10:44:00,CNR5819390036,Success,CID763174,Mini,Electronic City,Yelahanka,231.0,55.0,Not Applicable,Not Applicable,No,Not Applicable,1429,Cash,21,4.2,4.5
2024-07-18 14:20:00,CNR1580375751,Canceled by Customer,CID514526,Bike,Vijayanagar,Ulsoor,,,Driver asked to cancel,Not Applicable,Not Applicable,Not Applicable,2632,Not Applicable,0,,
2024-07-18 20:54:00,CNR7071053870,Success,CID449694,Auto,RT Nagar,Devanahalli,217.0,40.0,Not Applicable,Not Applicable,No,Not Applicable,119,UPI,17,3.3,3.1
2024-07-17 00:21:00,CNR2480088014,Success,CID838272,Bike,Magadi Road,Vijayanagar,308.0,65.0,Not Applicable,Not Applicable,No,Not Applicable,137,Cash,17,4.7,4.1
2024-07-06 13:00:00,CNR4458579926,Canceled by Driver,CID994207,Mini,Shivajinagar,Frazer Town,,,Not Applicable,Personal & Car related issue,Not Applicable,Not Applicable,1716,Not Applicable,0,,
2024-07-29 21:02:00,CNR7818951355,Success,CID772661,Bike,Bannerghatta Road,Chamarajpet,182.0,90.0,Not Applicable,Not Applicable,No,Not Applicable,166,Credit Card,10,3.7,3.7
2024-07-13 13:30:00,CNR1293543490,Canceled by Customer,CID826527,Prime SUV,Malleshwaram,Vijayanagar,,,Driver asked to cancel,Not Applicable,Not Applicable,Not Applicable,472,Not Applicable,0,,
2024-07-06 10:03:00,CNR8088287913,Success,CID286130,eBike,Tumkur Road,Hennur,175.0,75.0,Not Applicable,Not Applicable,No,Not Applicable,351,Cash,2,4.9,4.3
2024-07-11 11:16:00,CNR1181572258,Canceled by Driver,CID803840,Bike,Hebbal,Marathahalli,,,Not Applicable,Customer related issue,Not Applicable,Not Applicable,2499,Not Applicable,0,,
2024-07-03 20:41:00,CNR3974571186,Success,CID552402,Prime Plus,Shivajinagar,Hosur Road,70.0,30.0,Not Applicable,Not Applicable,No,Not Applicable,395,Cash,25,3.5,4.8
2024-07-25 09:48:00,CNR9313686459,Success,CID334960,Mini,Chickpet,Varthur,189.0,90.0,Not Applicable,Not Applicable,No,Not Applicable,179,Cash,4,4.1,3.3
2024-07-15 18:30:00,CNR3642582126,Canceled by Driver,CID507891,Prime Plus,Banashankari,Sahakar Nagar,,,Not Applicable,Customer related issue,Not Applicable,Not Applicable,930,Not Applicable,0,,
2024-07-09 02:36:00,CNR1183677226,Success,CID374291,Bike,KR Puram,Vijayanagar,98.0,50.0,Not Applicable,Not Applicable,No,Not Applicable,150,Cash,39,3.3,4.6
2024-07-03 21:06:00,CNR9289437317,Canceled by Driver,CID946845,Bike,Kengeri,Jayanagar,,,Not Applicable,Personal & Car related issue,Not Applicable,Not Applicable,2079,Not Applicable,0,,
2024-07-06 10:11:00,CNR4561613066,Driver Not Found,CID208565,eBike,Bannerghatta Road,Cox Town,,,Not Applicable,Not Applicable,Not Applicable,Not Applicable,318,Not Applicable,0,,
2024-07-26 16:06:00,CNR6239451071,Driver Not Found,CID264333,Prime Plus,Majestic,RT Nagar,,,Not Applicable,Not Applicable,Not Applicable,Not Applicable,141,Not Applicable,0,,
2024-07-18 09:45:00,CNR2739486649,Success,CID772301,Mini,Banashankari,Langford Town,154.0,90.0,Not Applicable,Not Applicable,No,Not Applicable,157,Cash,27,4.9,4.7
2024-07-03 12:50:00,CNR9268316934,Success,CID337362,eBike,Richmond Town,Varthur,56.0,145.0,Not Applicable,Not Applicable,No,Not Applicable,235,Cash,14,4.5,4.3
2024-07-20 12:35:00,CNR8896054915,Success,CID450904,Bike,JP Nagar,Varthur,98.0,55.0,Not Applicable,Not Applicable,No,Not Applicable,919,Cash,43,3.0,4.7
2024-07-08 16:51:00,CNR1634528836,Success,CID589601,Bike,MG Road,Sarjapur Road,294.0,40.0,Not Applicable,Not Applicable,No,Not Applicable,1167,Cash,46,4.9,3.8
2024-07-04 10:52:00,CNR3657147286,Canceled by Driver,CID702319,Prime SUV,Koramangala,Whitefield,,,Not Applicable,Personal & Car related issue,Not Applicable,Not Applicable,445,Not Applicable,0,,
2024-07-05 18:36:00,CNR4044997231,Success,CID550517,Bike,Hebbal,Rajajinagar,105.0,55.0,Not Applicable,Not Applicable,No,Not Applicable,711,UPI,24,3.9,4.4
2024-07-19 11:41:00,CNR3097601191,Success,CID309060,Auto,Electronic City,Padmanabhanagar,126.0,105.0,Not Applicable,Not Applicable,No,Not Applicable,363,Cash,11,3.4,4.1
2024-07-14 04:44:00,CNR6045656884,Success,CID872847,Prime SUV,Electronic City,Varthur,56.0,125.0,Not Applicable,Not Applicable,No,Not Applicable,1524,UPI,19,4.2,3.3
2024-07-14 11:48:00,CNR1965121478,Success,CID649780,Mini,Vijayanagar,Shivajinagar,210.0,55.0,Not Applicable,Not Applicable,No,Not Applicable,354,UPI,39,4.4,4.4
2024-07-05 01:18:00,CNR7057910479,Success,CID692281,eBike,Tumkur Road,Ulsoor,91.0,55.0,Not Applicable,Not Applicable,No,Not Applicable,690,Cash,22,3.9,4.9
2024-07-24 07:08:00,CNR7771259043,Success,CID278231,Prime Plus,Magadi Road,Sarjapur Road,252.0,140.0,Not Applicable,Not Applicable,No,Not Applicable,142,Cash,26,3.3,3.3
2024-07-19 07:24:00,CNR5846615548,Canceled by Customer,CID934466,Prime Sedan,Kadugodi,Koramangala,,,Driver asked to cancel,Not Applicable,Not Applicable,Not Applicable,1635,Not Applicable,0,,
2024-07-19 22:20:00,CNR6553316586,Canceled by Driver,CID621384,Bike,Varthur,RT Nagar,,,Not Applicable,Customer related issue,Not Applicable,Not Applicable,630,Not Applicable,0,,
2024-07-29 02:59:00,CNR3474288132,Success,CID731806,Prime Plus,Ramamurthy Nagar,Ulsoor,231.0,120.0,Not Applicable,Not Applicable,No,Not Applicable,406,Cash,34,3.1,4.8
2024-07-26 04:49:00,CNR3313332297,Success,CID767806,Bike,Malleshwaram,Devanahalli,280.0,110.0,Not Applicable,Not Applicable,No,Not Applicable,2147,Cash,42,4.6,4.4
2024-07-24 06:36:00,CNR8556580520,Success,CID697412,Prime Sedan,BTM Layout,Frazer Town,161.0,30.0,Not Applicable,Not Applicable,No,Not Applicable,101,UPI,26,3.0,3.9
2024-07-25 13:41:00,CNR8501057672,Success,CID331548,Mini,Shantinagar,Koramangala,259.0,35.0,Not Applicable,Not Applicable,No,Not Applicable,139,Cash,6,3.4,3.3
2024-07-23 11:59:00,CNR6186641445,Canceled by Customer,CID987629,Prime SUV,Frazer Town,Chickpet,,,Driver asked to cancel,Not Applicable,Not Applicable,Not Applicable,151,Not Applicable,0,,
2024-07-02 14:09:00,CNR8388260894,Success,CID144078,Prime SUV,HSR Layout,Varthur,203.0,55.0,Not Applicable,Not Applicable,No,Not Applicable,102,UPI,44,3.0,3.4
2024-07-03 18:33:00,CNR5241037820,Driver Not Found,CID759646,Prime Sedan,Hennur,RT Nagar,,,Not Applicable,Not Applicable,Not Applicable,Not Applicable,356,Not Applicable,0,,
2024-07-24 05:12:00,CNR2408661222,Success,CID461471,Prime Plus,Tumkur Road,Rajajinagar,140.0,115.0,Not Applicable,Not Applicable,No,Not Applicable,867,Cash,42,4.8,4.1
2024-07-04 13:06:00,CNR4276552052,Success,CID797759,Prime Sedan,Tumkur Road,Shivajinagar,98.0,135.0,Not Applicable,Not Applicable,No,Not Applicable,172,Cash,23,3.2,4.5
2024-07-21 10:28:00,CNR1168109929,Driver Not Found,CID278764,Auto,Bellandur,Hosur Road,,,Not Applicable,Not Applicable,Not Applicable,Not Applicable,2695,Not Applicable,0,,
2024-07-08 13:36:00,CNR3444159494,Canceled by Driver,CID578697,Bike,Shivajinagar,Chickpet,,,Not Applicable,Customer related issue,Not Applicable,Not Applicable,378,Not Applicable,0,,
2024-07-19 17:52:00,CNR4495750381,Success,CID241842,Mini,Hosur Road,Vijayanagar,147.0,110.0,Not Applicable,Not Applicable,No,Not Applicable,540,Cash,22,3.4,3.4
2024-07-11 21:53:00,CNR4058144148,Canceled by Customer,CID413972,Bike,Magadi Road,Cox Town,,,Change of plans,Not Applicable,Not Applicable,Not Applicable,469,Not Applicable,0,,
2024-07-08 05:44:00,CNR4556239121,Success,CID763730,Prime SUV,Majestic,Langford Town,245.0,120.0,Not Applicable,Not Applicable,No,Not Applicable,466,Cash,29,4.6,4.2
2024-07-05 00:57:00,CNR3131498295,Success,CID431066,Auto,KR Puram,Shantinagar,266.0,90.0,Not Applicable,Not Applicable,No,Not Applicable,215,Cash,4,4.2,3.2
2024-07-23 13:47:00,CNR8146543386,Success,CID259894,Prime Plus,Hebbal,Chamarajpet,147.0,90.0,Not Applicable,Not Applicable,No,Not Applicable,651,UPI,20,3.9,4.2
2024-07-10 22:15:00,CNR3197236420,Success,CID349438,Prime Sedan,Mysore Road,Devanahalli,105.0,100.0,Not Applicable,Not Applicable,No,Not Applicable,253,UPI,49,3.0,4.8
2024-07-19 23:34:00,CNR2793278885,Success,CID729955,Prime Plus,Vijayanagar,Tumkur Road,252.0,80.0,Not Applicable,Not Applicable,No,Not Applicable,930,Cash,30,4.7,4.7
2024-07-04 22:53:00,CNR8713054938,Success,CID557406,Mini,Kadugodi,Ulsoor,154.0,50.0,Not Applicable,Not Applicable,No,Not Applicable,938,UPI,11,4.6,3.5
2024-07-15 19:09:00,CNR4810550506,Driver Not Found,CID800364,Prime Plus,Tumkur Road,Ulsoor,,,Not Applicable,Not Applicable,Not Applicable,Not Applicable,296,Not Applicable,0,,
2024-07-30 06:31:00,CNR9999709716,Success,CID261096,Auto,RT Nagar,Varthur,196.0,65.0,Not Applicable,Not Applicable,No,Not Applicable,469,Cash,10,4.3,4.5
2024-07-07 16:45:00,CNR8464186931,Success,CID967814,Prime Sedan,Langford Town,Koramangala,175.0,80.0,Not Applicable,Not Applicable,No,Not Applicable,170,UPI,22,3.1,4.9
2024-07-16 05:03:00,CNR3314514235,Canceled by Customer,CID119137,Prime Plus,Rajajinagar,Nagarbhavi,,,Driver asked to cancel,Not Applicable,Not Applicable,Not Applicable,520,Not Applicable,0,,
2024-07-29 23:44:00,CNR4238549037,Driver Not Found,CID424312,eBike,Banashankari,Vijayanagar,,,Not Applicable,Not Applicable,Not Applicable,Not Applicable,461,Not Applicable,0,,
2024-07-17 01:56:00,CNR1321476227,Success,CID134445,Prime Plus,Mysore Road,Hennur,231.0,40.0,Not Applicable,Not Applicable,No,Not Applicable,2532,Cash,19,3.3,3.2
2024-07-07 09:12:00,CNR7424717238,Success,CID230747,Auto,Malleshwaram,Kengeri,308.0,80.0,Not Applicable,Not Applicable,No,Not Applicable,392,UPI,15,4.0,4.9
2024-07-04 11:55:00,CNR7652978113,Success,CID143835,Mini,Vijayanagar,Shantinagar,133.0,65.0,Not Applicable,Not Applicable,No,Not Applicable,983,UPI,29,3.8,3.3
2024-07-21 22:12:00,CNR1921805674,Success,CID596383,Prime Sedan,Koramangala,Magadi Road,91.0,95.0,Not Applicable,Not Applicable,No,Not Applicable,459,UPI,36,4.4,5.0
2024-07-29 02:11:00,CNR6531359347,Success,CID915926,Prime SUV,Chickpet,Richmond Town,238.0,115.0,Not Applicable,Not Applicable,No,Not Applicable,294,Cash,15,3.8,4.0
2024-07-20 07:14:00,CNR9267101013,Canceled by Driver,CID761772,Prime Sedan,Kammanahalli,Richmond Town,,,Not Applicable,Personal & Car related issue,Not Applicable,Not Applicable,220,Not Applicable,0,,
2024-07-17 01:29:00,CNR6795813908,Success,CID956509,Bike,Koramangala,Sahakar Nagar,231.0,145.0,Not Applicable,Not Applicable,No,Not Applicable,213,UPI,6,3.4,3.2
2024-07-11 17:23:00,CNR1513270031,Canceled by Customer,CID917529,Prime Plus,Kadugodi,Yelahanka,,,Driver is not moving towards pickup location,Not Applicable,Not Applicable,Not Applicable,393,Not Applicable,0,,
2024-07-23 03:49:00,CNR9940832529,Success,CID927457,Prime Plus,Rajarajeshwari Nagar,Koramangala,154.0,35.0,Not Applicable,Not Applicable,No,Not Applicable,534,Credit Card,35,4.7,3.6
2024-07-24 15:43:00,CNR5677032427,Success,CID744981,Bike,KR Puram,Banashankari,119.0,35.0,Not Applicable,Not Applicable,No,Not Applicable,424,Cash,38,3.5,3.4
2024-07-14 13:37:00,CNR2275082567,Success,CID140247,Bike,Yelahanka,Marathahalli,280.0,60.0,Not Applicable,Not Applicable,No,Not Applicable,679,Cash,42,5.0,4.2
2024-07-25 04:52:00,CNR2290234515,Success,CID281436,Bike,MG Road,Chickpet,287.0,75.0,Not Applicable,Not Applicable,No,Not Applicable,277,Cash,11,4.4,3.7
2024-07-02 02:55:00,CNR1032641675,Success,CID883104,eBike,Hennur,Frazer Town,147.0,145.0,Not Applicable,Not Applicable,No,Not Applicable,475,Cash,27,4.5,4.9
2024-07-18 16:23:00,CNR8969678242,Success,CID613314,Mini,Frazer Town,Rajajinagar,133.0,125.0,Not Applicable,Not Applicable,Yes,Vehicle Breakdown,370,Cash,43,3.6,3.7
2024-07-23 02:04:00,CNR4904302872,Success,CID431017,Prime Sedan,Richmond Town,Yelahanka,133.0,45.0,Not Applicable,Not Applicable,No,Not Applicable,420,UPI,21,3.1,3.2
2024-07-23 07:29:00,CNR2672973448,Success,CID204852,Prime SUV,Chamarajpet,Rajarajeshwari Nagar,210.0,80.0,Not Applicable,Not Applicable,No,Not Applicable,233,Credit Card,21,3.1,4.7
2024-07-13 05:48:00,CNR5803601607,Success,CID891192,Auto,HSR Layout,Mysore Road,252.0,120.0,Not Applicable,Not Applicable,No,Not Applicable,234,Cash,10,3.4,3.9
2024-07-10 10:42:00,CNR1885198454,Canceled by Driver,CID991668,eBike,Kengeri,Chickpet,,,Not Applicable,More than permitted people in there,Not Applicable,Not Applicable,280,Not Applicable,0,,
2024-07-18 23:26:00,CNR2435850008,Success,CID927529,Bike,Hebbal,Rajajinagar,175.0,25.0,Not Applicable,Not Applicable,No,Not Applicable,204,Cash,10,4.6,3.9
2024-07-21 07:47:00,CNR5747628812,Driver Not Found,CID539309,Prime SUV,KR Puram,Bannerghatta Road,,,Not Applicable,Not Applicable,Not Applicable,Not Applicable,996,Not Applicable,0,,
2024-07-27 21:17:00,CNR7222406186,Canceled by Driver,CID291723,Prime SUV,Indiranagar,Cox Town,,,Not Applicable,Customer was coughing/sick,Not Applicable,Not Applicable,243,Not Applicable,0,,
2024-07-20 00:27:00,CNR3384500981,Success,CID498750,Prime SUV,Hosur Road,Magadi Road,105.0,115.0,Not Applicable,Not Applicable,No,Not Applicable,185,Cash,35,3.4,3.3
2024-07-30 13:37:00,CNR6492521725,Canceled by Driver,CID919362,eBike,Yeshwanthpur,Rajarajeshwari Nagar,,,Not Applicable,Customer was coughing/sick,Not Applicable,Not Applicable,582,Not Applicable,0,,
2024-07-13 20:40:00,CNR5791385357,Success,CID225934,Prime SUV,Chamarajpet,Electronic City,280.0,120.0,Not Applicable,Not Applicable,Yes,Vehicle Breakdown,627,Cash,31,4.3,3.4
2024-07-30 01:21:00,CNR2767256902,Canceled by Driver,CID881261,Prime Plus,Bellandur,Shantinagar,,,Not Applicable,Customer related issue,Not Applicable,Not Applicable,464,Not Applicable,0,,
2024-07-17 22:15:00,CNR6239459761,Success,CID693064,Prime SUV,Indiranagar,Langford Town,56.0,100.0,Not Applicable,Not Applicable,No,Not Applicable,615,UPI,13,4.1,3.0
2024-07-02 05:10:00,CNR9341998388,Success,CID381162,Prime SUV,Hennur,Chickpet,210.0,40.0,Not Applicable,Not Applicable,No,Not Applicable,410,UPI,12,3.2,4.0
2024-07-28 21:30:00,CNR6224130438,Canceled by Customer,CID651705,Prime Plus,RT Nagar,Rajajinagar,,,Wrong Address,Not Applicable,Not Applicable,Not Applicable,244,Not Applicable,0,,
2024-07-20 09:10:00,CNR3406224457,Success,CID302503,Mini,Magadi Road,Hulimavu,154.0,110.0,Not Applicable,Not Applicable,No,Not Applicable,281,UPI,4,4.9,3.8
2024-07-01 07:01:00,CNR7322249861,Success,CID394028,eBike,Hulimavu,Chamarajpet,273.0,125.0,Not Applicable,Not Applicable,No,Not Applicable,155,Cash,39,4.9,3.2
2024-07-26 23:07:00,CNR7930830102,Success,CID672726,eBike,Rajarajeshwari Nagar,Yeshwanthpur,42.0,60.0,Not Applicable,Not Applicable,No,Not Applicable,162,UPI,13,5.0,3.3
2024-07-21 20:03:00,CNR2209043619,Driver Not Found,CID247330,eBike,JP Nagar,Chickpet,,,Not Applicable,Not Applicable,Not Applicable,Not Applicable,371,Not Applicable,0,,
2024-07-06 18:54:00,CNR3593396715,Canceled by Driver,CID870035,eBike,Langford Town,Kadugodi,,,Not Applicable,Customer related issue,Not Applicable,Not Applicable,307,Not Applicable,0,,
2024-07-23 20:59:00,CNR1761061250,Canceled by Driver,CID360349,Prime Plus,Bannerghatta Road,Ramamurthy Nagar,,,Not Applicable,Customer was coughing/sick,Not Applicable,Not Applicable,687,Not Applicable,0,,
2024-07-30 20:45:00,CNR4834432329,Success,CID775652,Prime Plus,Vijayanagar,Mysore Road,84.0,135.0,Not Applicable,Not Applicable,No,Not Applicable,387,UPI,46,4.3,3.3
2024-07-26 13:58:00,CNR8687946096,Success,CID356303,Auto,Marathahalli,Electronic City,308.0,25.0,Not Applicable,Not Applicable,No,Not Applicable,801,Cash,6,3.3,4.4
2024-07-30 14:04:00,CNR7565995090,Success,CID431109,Prime Plus,Hebbal,Majestic,140.0,50.0,Not Applicable,Not Applicable,Yes,Vehicle Breakdown,231,Cash,45,3.1,4.0
2024-07-07 23:30:00,CNR5024358500,Success,CID649033,Prime Sedan,Marathahalli,Majestic,84.0,140.0,Not Applicable,Not Applicable,No,Not Applicable,302,UPI,46,3.9,3.6
2024-07-25 03:57:00,CNR3754222143,Success,CID940324,Auto,Sarjapur Road,Electronic City,70.0,50.0,Not Applicable,Not Applicable,No,Not Applicable,254,Cash,6,4.4,3.5
2024-07-26 09:35:00,CNR1520870018,Success,CID578283,Prime Plus,Kammanahalli,Whitefield,175.0,145.0,Not Applicable,Not Applicable,No,Not Applicable,407,Cash,48,4.2,3.9
2024-07-01 07:09:00,CNR7993555437,Success,CID828206,Prime Sedan,Frazer Town,MG Road,259.0,25.0,Not Applicable,Not Applicable,No,Not Applicable,797,Cash,28,3.9,4.2
2024-07-15 00:56:00,CNR5645896174,Canceled by Customer,CID982783,Prime SUV,JP Nagar,Bannerghatta Road,,,Driver is not moving towards pickup location,Not Applicable,Not Applicable,Not Applicable,432,Not Applicable,0,,
2024-07-30 09:32:00,CNR2248295168,Driver Not Found,CID354591,Prime Sedan,Cox Town,JP Nagar,,,Not Applicable,Not Applicable,Not Applicable,Not Applicable,1538,Not Applicable,0,,
2024-07-16 16:31:00,CNR9970106173,Success,CID977157,Bike,Electronic City,JP Nagar,301.0,70.0,Not Applicable,Not Applicable,No,Not Applicable,488,Cash,47,3.6,3.1
2024-07-30 02:42:00,CNR2608685300,Canceled by Driver,CID278986,Prime Sedan,Cox Town,Koramangala,,,Not Applicable,Customer related issue,Not Applicable,Not Applicable,617,Not Applicable,0,,
2024-07-23 11:56:00,CNR9484583982,Success,CID596891,Prime Sedan,Varthur,Padmanabhanagar,301.0,120.0,Not Applicable,Not Applicable,No,Not Applicable,216,UPI,10,3.4,4.4
2024-07-08 15:56:00,CNR5444503836,Driver Not Found,CID688869,Prime Plus,Varthur,Rajajinagar,,,Not Applicable,Not Applicable,Not Applicable,Not Applicable,202,Not Applicable,0,,
2024-07-13 05:58:00,CNR6578796454,Success,CID824716,Prime SUV,Ulsoor,Nagarbhavi,126.0,75.0,Not Applicable,Not Applicable,No,Not Applicable,184,Cash,36,4.4,3.3
2024-07-14 05:02:00,CNR4455006721,Success,CID871661,Prime Sedan,Rajajinagar,RT Nagar,266.0,30.0,Not Applicable,Not Applicable,No,Not Applicable,322,Cash,3,3.3,4.3
2024-07-19 15:07:00,CNR8449953135,Driver Not Found,CID581807,Mini,Rajajinagar,Hennur,,,Not Applicable,Not Applicable,Not Applicable,Not Applicable,216,Not Applicable,0,,
2024-07-28 16:08:00,CNR1870817355,Success,CID225084,Prime Plus,Devanahalli,Ramamurthy Nagar,63.0,85.0,Not Applicable,Not Applicable,No,Not Applicable,478,Cash,5,3.2,4.7
2024-07-05 14:52:00,CNR9984953913,Canceled by Driver,CID479416,Prime Sedan,Frazer Town,Langford Town,,,Not Applicable,Customer related issue,Not Applicable,Not Applicable,156,Not Applicable,0,,
2024-07-09 15:08:00,CNR5713826852,Success,CID992431,Bike,Hulimavu,Vijayanagar,217.0,40.0,Not Applicable,Not Applicable,No,Not Applicable,139,Cash,40,3.6,3.7
2024-07-18 08:15:00,CNR5827284376,Canceled by Driver,CID554667,eBike,Hulimavu,Sarjapur Road,,,Not Applicable,Customer related issue,Not Applicable,Not Applicable,596,Not Applicable,0,,
2024-07-29 07:25:00,CNR9313228617,Canceled by Customer,CID414343,Prime SUV,Chamarajpet,Marathahalli,,,Driver is not moving towards pickup location,Not Applicable,Not Applicable,Not Applicable,205,Not Applicable,0,,
2024-07-02 08:12:00,CNR8241371251,Success,CID410907,Prime Sedan,Indiranagar,Ulsoor,77.0,130.0,Not Applicable,Not Applicable,No,Not Applicable,315,Cash,41,3.1,3.5
2024-07-21 14:02:00,CNR9451468423,Success,CID432456,Prime Plus,Chamarajpet,Shantinagar,84.0,75.0,Not Applicable,Not Applicable,No,Not Applicable,2939,Cash,37,4.5,4.5
2024-07-05 20:32:00,CNR4889814461,Success,CID250514,Prime SUV,Hebbal,Langford Town,238.0,35.0,Not Applicable,Not Applicable,No,Not Applicable,381,UPI,30,4.9,4.7
2024-07-23 14:01:00,CNR4513739608,Canceled by Customer,CID603550,Auto,Electronic City,Varthur,,,Change of plans,Not Applicable,Not Applicable,Not Applicable,110,Not Applicable,0,,
2024-07-14 08:47:00,CNR9273739824,Success,CID800341,Auto,Vijayanagar,Devanahalli,203.0,145.0,Not Applicable,Not Applicable,No,Not Applicable,127,UPI,11,4.5,3.9
2024-07-17 13:21:00,CNR9891060901,Success,CID537184,eBike,Rajarajeshwari Nagar,Magadi Road,294.0,70.0,Not Applicable,Not Applicable,No,Not Applicable,784,Cash,17,4.3,3.5
2024-07-22 11:59:00,CNR3922465787,Success,CID918804,Prime SUV,Mysore Road,Rajajinagar,98.0,125.0,Not Applicable,Not Applicable,No,Not Applicable,663,UPI,48,4.3,4.0
2024-07-21 11:41:00,CNR9530276459,Success,CID499616,Bike,Hosur Road,Yeshwanthpur,203.0,40.0,Not Applicable,Not Applicable,Yes,Customer Demand,265,Cash,35,3.5,3.7
2024-07-07 09:29:00,CNR8837008309,Success,CID619513,eBike,Bellandur,Rajajinagar,119.0,40.0,Not Applicable,Not Applicable,No,Not Applicable,643,UPI,14,3.2,4.3
2024-07-04 16:38:00,CNR2580037142,Success,CID464876,Auto,Yeshwanthpur,Bannerghatta Road,294.0,130.0,Not Applicable,Not Applicable,No,Not Applicable,689,Cash,1,3.2,3.1
2024-07-06 21:55:00,CNR2087410843,Canceled by Driver,CID270406,Prime SUV,Basavanagudi,Mysore Road,,,Not Applicable,Personal & Car related issue,Not Applicable,Not Applicable,546,Not Applicable,0,,
2024-07-05 06:52:00,CNR9878316008,Canceled by Driver,CID520437,eBike,MG Road,Whitefield,,,Not Applicable,Personal & Car related issue,Not Applicable,Not Applicable,239,Not Applicable,0,,
2024-07-17 01:52:00,CNR7075792238,Driver Not Found,CID569313,Prime SUV,Tumkur Road,Richmond Town,,,Not Applicable,Not Applicable,Not Applicable,Not Applicable,292,Not Applicable,0,,
2024-07-20 16:54:00,CNR1996771387,Success,CID595705,Prime SUV,Banashankari,Whitefield,154.0,90.0,Not Applicable,Not Applicable,No,Not Applicable,387,UPI,9,3.7,5.0
2024-07-29 12:38:00,CNR5487631499,Canceled by Driver,CID422028,Mini,Hosur Road,Kengeri,,,Not Applicable,Personal & Car related issue,Not Applicable,Not Applicable,288,Not Applicable,0,,
2024-07-01 07:13:00,CNR6026026015,Canceled by Driver,CID114754,Prime Plus,Indiranagar,Magadi Road,,,Not Applicable,Customer was coughing/sick,Not Applicable,Not Applicable,923,Not Applicable,0,,
2024-07-07 04:10:00,CNR6613199591,Success,CID426534,Bike,Chamarajpet,Basavanagudi,203.0,60.0,Not Applicable,Not Applicable,No,Not Applicable,177,UPI,42,4.6,3.1
2024-07-22 09:24:00,CNR1641715548,Success,CID189994,Mini,BTM Layout,Rajajinagar,308.0,95.0,Not Applicable,Not Applicable,No,Not Applicable,234,Cash,7,4.4,3.7
2024-07-13 05:14:00,CNR3128605089,Success,CID168763,eBike,KR Puram,Chickpet,224.0,145.0,Not Applicable,Not Applicable,No,Not Applicable,410,Cash,27,3.3,3.0
2024-07-26 17:09:00,CNR9626335352,Canceled by Driver,CID393988,Auto,Indiranagar,Vijayanagar,,,Not Applicable,Customer was coughing/sick,Not Applicable,Not Applicable,408,Not Applicable,0,,
2024-07-14 05:30:00,CNR5842539435,Success,CID241316,Auto,Majestic,Basavanagudi,161.0,80.0,Not Applicable,Not Applicable,No,Not Applicable,278,Credit Card,1,3.3,3.0
2024-07-30 21:51:00,CNR1292174058,Success,CID647955,Prime SUV,Malleshwaram,HSR Layout,252.0,90.0,Not Applicable,Not Applicable,Yes,Vehicle Breakdown,102,UPI,47,3.7,4.6
2024-07-01 09:34:00,CNR6891465262,Canceled by Driver,CID416005,Mini,Yeshwanthpur,Indiranagar,,,Not Applicable,Customer related issue,Not Applicable,Not Applicable,301,Not Applicable,0,,
2024-07-27 15:26:00,CNR2809853941,Success,CID946076,Auto,Rajajinagar,KR Puram,217.0,70.0,Not Applicable,Not Applicable,No,Not Applicable,276,Cash,9,4.6,3.3
2024-07-18 13:52:00,CNR5263490540,Canceled by Driver,CID972458,eBike,Bellandur,Rajajinagar,,,Not Applicable,Customer related issue,Not Applicable,Not Applicable,328,Not Applicable,0,,
2024-07-19 12:17:00,CNR7660211742,Driver Not Found,CID573904,Prime SUV,Basavanagudi,Yeshwanthpur,,,Not Applicable,Not Applicable,Not Applicable,Not Applicable,471,Not Applicable,0,,
2024-07-27 15:28:00,CNR4195578796,Success,CID944776,eBike,KR Puram,Kengeri,56.0,25.0,Not Applicable,Not Applicable,No,Not Applicable,729,UPI,41,4.3,4.6
2024-07-05 15:33:00,CNR6029890317,Success,CID590625,Prime Plus,Rajajinagar,Langford Town,168.0,125.0,Not Applicable,Not Applicable,No,Not Applicable,391,Cash,49,4.1,4.0
2024-07-24 15:58:00,CNR8144615696,Success,CID289826,Auto,Vijayanagar,Varthur,84.0,95.0,Not Applicable,Not Applicable,No,Not Applicable,311,Cash,10,3.5,3.1
2024-07-13 12:28:00,CNR7971588720,Success,CID330987,Bike,Shivajinagar,Frazer Town,77.0,125.0,Not Applicable,Not Applicable,No,Not Applicable,243,UPI,22,3.6,4.9
2024-07-12 06:43:00,CNR1845513064,Success,CID731122,Prime Plus,Padmanabhanagar,Ramamurthy Nagar,259.0,120.0,Not Applicable,Not Applicable,No,Not Applicable,495,Cash,36,3.5,4.9
2024-07-27 06:50:00,CNR2095223173,Canceled by Driver,CID782130,Mini,Kammanahalli,RT Nagar,,,Not Applicable,Customer related issue,Not Applicable,Not Applicable,185,Not Applicable,0,,
2024-07-18 23:16:00,CNR3330948311,Success,CID287811,eBike,JP Nagar,Peenya,238.0,80.0,Not Applicable,Not Applicable,No,Not Applicable,248,Cash,23,3.7,4.3
2024-07-07 04:54:00,CNR2124285525,Success,CID357266,Prime Sedan,Majestic,JP Nagar,203.0,40.0,Not Applicable,Not Applicable,No,Not Applicable,495,UPI,1,3.6,4.8
2024-07-11 15:53:00,CNR3740258512,Success,CID367446,Mini,Hulimavu,Yeshwanthpur,168.0,105.0,Not Applicable,Not Applicable,No,Not Applicable,497,Cash,2,4.7,3.3
2024-07-10 23:52:00,CNR6488226927,Success,CID687584,Auto,Mysore Road,Nagarbhavi,273.0,135.0,Not Applicable,Not Applicable,No,Not Applicable,144,Cash,15,3.4,3.2
2024-07-12 11:26:00,CNR3410837059,Success,CID357633,eBike,JP Nagar,Magadi Road,259.0,75.0,Not Applicable,Not Applicable,No,Not Applicable,383,Cash,26,4.8,3.8
2024-07-01 23:23:00,CNR4311109246,Canceled by Customer,CID966363,Mini,Padmanabhanagar,Cox Town,,,Driver asked to cancel,Not Applicable,Not Applicable,Not Applicable,169,Not Applicable,0,,
2024-07-29 22:16:00,CNR1274817183,Canceled by Customer,CID103532,Auto,Frazer Town,Varthur,,,AC is Not working,Not Applicable,Not Applicable,Not Applicable,1334,Not Applicable,0,,
2024-07-17 03:16:00,CNR7404650765,Success,CID873515,Prime Sedan,Kengeri,Magadi Road,35.0,120.0,Not Applicable,Not Applicable,No,Not Applicable,189,UPI,14,3.4,3.6
2024-07-18 21:06:00,CNR7310490390,Success,CID233914,Auto,Padmanabhanagar,Rajarajeshwari Nagar,168.0,140.0,Not Applicable,Not Applicable,No,Not Applicable,868,UPI,14,3.1,4.2
2024-07-16 01:03:00,CNR6611354664,Success,CID815073,Prime Sedan,Hebbal,Devanahalli,105.0,135.0,Not Applicable,Not Applicable,No,Not Applicable,367,Cash,29,4.7,3.1
2024-07-13 04:47:00,CNR9949449161,Canceled by Driver,CID117414,Bike,Majestic,Electronic City,,,Not Applicable,Customer related issue,Not Applicable,Not Applicable,365,Not Applicable,0,,
2024-07-04 17:57:00,CNR8111388975,Success,CID285381,Prime Sedan,Rajajinagar,Bannerghatta Road,119.0,90.0,Not Applicable,Not Applicable,No,Not Applicable,388,Cash,24,3.7,4.4
2024-07-02 16:46:00,CNR2207745734,Success,CID878933,Prime Sedan,Koramangala,Basavanagudi,182.0,70.0,Not Applicable,Not Applicable,Yes,Customer Demand,289,UPI,21,3.6,3.9
2024-07-28 05:32:00,CNR7283618794,Canceled by Driver,CID138608,Prime Sedan,Vijayanagar,Sahakar Nagar,,,Not Applicable,More than permitted people in there,Not Applicable,Not Applicable,194,Not Applicable,0,,
2024-07-03 05:08:00,CNR7038714393,Success,CID535687,Auto,Shantinagar,BTM Layout,273.0,35.0,Not Applicable,Not Applicable,No,Not Applicable,198,Credit Card,10,3.1,4.4
2024-07-22 08:01:00,CNR1081077092,Success,CID834649,Bike,Banashankari,Malleshwaram,259.0,65.0,Not Applicable,Not Applicable,No,Not Applicable,391,Debit Card,14,3.3,3.3
2024-07-29 23:17:00,CNR7023202689,Canceled by Driver,CID189786,Bike,Frazer Town,MG Road,,,Not Applicable,Customer was coughing/sick,Not Applicable,Not Applicable,754,Not Applicable,0,,
2024-07-21 10:03:00,CNR9977162704,Success,CID321715,Prime SUV,Devanahalli,Magadi Road,77.0,25.0,Not Applicable,Not Applicable,No,Not Applicable,202,Debit Card,9,4.9,4.4
2024-07-29 21:24:00,CNR8552428184,Success,CID185606,Prime Sedan,Yeshwanthpur,Electronic City,182.0,90.0,Not Applicable,Not Applicable,No,Not Applicable,458,Cash,40,3.7,4.5
2024-07-18 03:08:00,CNR3334753127,Success,CID241259,Mini,Hulimavu,Shantinagar,294.0,30.0,Not Applicable,Not Applicable,No,Not Applicable,172,Cash,46,3.5,4.3
2024-07-30 00:15:00,CNR2468892318,Success,CID697808,Prime Sedan,Shantinagar,Mysore Road,189.0,125.0,Not Applicable,Not Applicable,No,Not Applicable,175,Cash,18,4.0,4.0
2024-07-16 08:19:00,CNR3878700947,Success,CID908160,Prime SUV,JP Nagar,JP Nagar,42.0,105.0,Not Applicable,Not Applicable,No,Not Applicable,338,UPI,30,3.5,3.3
2024-07-05 02:51:00,CNR4695607431,Success,CID800709,Mini,Padmanabhanagar,Tumkur Road,287.0,80.0,Not Applicable,Not Applicable,No,Not Applicable,1283,Cash,6,3.6,5.0
2024-07-08 02:14:00,CNR5594604936,Success,CID916040,Bike,Ramamurthy Nagar,Majestic,294.0,95.0,Not Applicable,Not Applicable,No,Not Applicable,811,Cash,33,3.9,4.5
2024-07-30 18:14:00,CNR9181786418,Success,CID772069,Bike,Sarjapur Road,Sarjapur Road,161.0,75.0,Not Applicable,Not Applicable,No,Not Applicable,1684,Cash,27,4.0,4.1
2024-07-06 06:46:00,CNR6469000447,Success,CID383720,Mini,Varthur,Yelahanka,266.0,145.0,Not Applicable,Not Applicable,No,Not Applicable,134,Cash,1,3.3,3.8
2024-07-27 19:31:00,CNR9696445658,Success,CID288455,Prime Sedan,Devanahalli,Sarjapur Road,98.0,75.0,Not Applicable,Not Applicable,No,Not Applicable,199,Credit Card,49,4.8,4.6
2024-07-18 23:17:00,CNR7833826962,Success,CID198642,Mini,Yelahanka,Shivajinagar,147.0,120.0,Not Applicable,Not Applicable,No,Not Applicable,776,Debit Card,37,4.3,4.0
2024-07-16 09:30:00,CNR6489810637,Canceled by Customer,CID779208,Auto,Shantinagar,Marathahalli,,,AC is Not working,Not Applicable,Not Applicable,Not Applicable,642,Not Applicable,0,,
2024-07-12 16:39:00,CNR4060287458,Canceled by Customer,CID847712,Prime Plus,Magadi Road,Ramamurthy Nagar,,,Wrong Address,Not Applicable,Not Applicable,Not Applicable,142,Not Applicable,0,,
2024-07-11 07:19:00,CNR7777946272,Success,CID319308,eBike,Basavanagudi,Kengeri,147.0,135.0,Not Applicable,Not Applicable,No,Not Applicable,204,UPI,40,3.4,3.6
2024-07-03 02:43:00,CNR3056410242,Canceled by Driver,CID158019,Prime SUV,Kammanahalli,Bannerghatta Road,,,Not Applicable,Customer was coughing/sick,Not Applicable,Not Applicable,152,Not Applicable,0,,
2024-07-07 08:36:00,CNR3582519274,Success,CID395871,Auto,Shantinagar,Tumkur Road,224.0,40.0,Not Applicable,Not Applicable,No,Not Applicable,2308,UPI,2,3.8,3.8
2024-07-28 17:46:00,CNR9834867368,Canceled by Customer,CID754532,Prime Plus,Malleshwaram,Ulsoor,,,Driver is not moving towards pickup location,Not Applicable,Not Applicable,Not Applicable,644,Not Applicable,0,,
2024-07-30 19:45:00,CNR6797678324,Canceled by Driver,CID679103,Prime Sedan,KR Puram,Kengeri,,,Not Applicable,Customer related issue,Not Applicable,Not Applicable,453,Not Applicable,0,,
2024-07-21 11:37:00,CNR3992035638,Success,CID827491,Mini,Langford Town,Kengeri,105.0,30.0,Not Applicable,Not Applicable,No,Not Applicable,269,Cash,49,3.2,3.1
2024-07-02 17:01:00,CNR7133423912,Success,CID948122,eBike,Langford Town,Hebbal,301.0,65.0,Not Applicable,Not Applicable,No,Not Applicable,351,Cash,20,4.2,4.1
2024-07-26 23:09:00,CNR1299158821,Success,CID758883,Auto,KR Puram,Whitefield,259.0,90.0,Not Applicable,Not Applicable,No,Not Applicable,132,UPI,13,3.5,3.5
2024-07-03 01:06:00,CNR9823939445,Success,CID146062,Bike,Padmanabhanagar,Langford Town,287.0,40.0,Not Applicable,Not Applicable,Yes,Vehicle Breakdown,338,UPI,47,3.4,4.7
2024-07-16 18:57:00,CNR8513483750,Canceled by Driver,CID638709,eBike,Mysore Road,Kadugodi,,,Not Applicable,Customer related issue,Not Applicable,Not Applicable,124,Not Applicable,0,,
2024-07-20 15:26:00,CNR7909183229,Driver Not Found,CID657718,Prime SUV,Sahakar Nagar,Sarjapur Road,,,Not Applicable,Not Applicable,Not Applicable,Not Applicable,415,Not Applicable,0,,
2024-07-27 21:20:00,CNR1998722889,Success,CID651636,Bike,Devanahalli,Marathahalli,210.0,95.0,Not Applicable,Not Applicable,No,Not Applicable,2729,UPI,5,4.3,3.3
2024-07-12 04:00:00,CNR7338291307,Success,CID421078,Mini,Bannerghatta Road,Bannerghatta Road,133.0,120.0,Not Applicable,Not Applicable,No,Not Applicable,107,Cash,12,4.4,3.1
2024-07-22 17:40:00,CNR8808197076,Canceled by Customer,CID931745,eBike,Varthur,Yeshwanthpur,,,Change of plans,Not Applicable,Not Applicable,Not Applicable,401,Not Applicable,0,,
2024-07-28 21:32:00,CNR4860861711,Canceled by Customer,CID586438,Prime SUV,Shivajinagar,Majestic,,,Driver is not moving towards pickup location,Not Applicable,Not Applicable,Not Applicable,683,Not Applicable,0,,
2024-07-13 00:47:00,CNR1869396634,Success,CID748157,Bike,Vijayanagar,Magadi Road,98.0,65.0,Not Applicable,Not Applicable,No,Not Applicable,441,Cash,46,4.0,3.2
2024-07-11 04:23:00,CNR1900984706,Success,CID618377,Prime Plus,JP Nagar,Yelahanka,70.0,105.0,Not Applicable,Not Applicable,No,Not Applicable,396,Cash,47,3.9,4.4
2024-07-22 03:14:00,CNR5240522244,Driver Not Found,CID578608,Prime Sedan,Jayanagar,Indiranagar,,,Not Applicable,Not Applicable,Not Applicable,Not Applicable,459,Not Applicable,0,,
2024-07-22 17:31:00,CNR4301606953,Success,CID859939,Prime Sedan,Jayanagar,Hebbal,273.0,25.0,Not Applicable,Not Applicable,No,Not Applicable,1289,Credit Card,40,4.2,5.0
2024-07-30 15:46:00,CNR5186711623,Canceled by Driver,CID904373,Prime Plus,HSR Layout,Peenya,,,Not Applicable,Customer related issue,Not Applicable,Not Applicable,274,Not Applicable,0,,
2024-07-03 01:42:00,CNR6946015240,Success,CID880816,eBike,HSR Layout,Rajarajeshwari Nagar,189.0,135.0,Not Applicable,Not Applicable,No,Not Applicable,380,Cash,8,4.1,3.5
2024-07-24 04:36:00,CNR9361627051,Success,CID269132,eBike,RT Nagar,Hosur Road,210.0,125.0,Not Applicable,Not Applicable,No,Not Applicable,483,Cash,22,3.9,3.3
2024-07-21 14:36:00,CNR5303510968,Success,CID555040,eBike,Electronic City,Majestic,224.0,135.0,Not Applicable,Not Applicable,No,Not Applicable,458,Cash,18,3.8,4.4
2024-07-21 18:11:00,CNR4435363360,Driver Not Found,CID151506,Prime Sedan,Rajajinagar,Hosur Road,,,Not Applicable,Not Applicable,Not Applicable,Not Applicable,360,Not Applicable,0,,
2024-07-15 13:54:00,CNR2454449416,Driver Not Found,CID877996,Prime SUV,Bellandur,Frazer Town,,,Not Applicable,Not Applicable,Not Applicable,Not Applicable,1999,Not Applicable,0,,
2024-07-25 07:37:00,CNR1754423817,Canceled by Driver,CID883130,Mini,Shivajinagar,Peenya,,,Not Applicable,Customer related issue,Not Applicable,Not Applicable,342,Not Applicable,0,,
2024-07-12 04:24:00,CNR6175811613,Success,CID507632,Prime SUV,Vijayanagar,Rajarajeshwari Nagar,49.0,55.0,Not Applicable,Not Applicable,No,Not Applicable,1136,Cash,24,3.0,4.0
2024-07-16 11:56:00,CNR3749671542,Canceled by Customer,CID753957,Prime SUV,Electronic City,Banashankari,,,AC is Not working,Not Applicable,Not Applicable,Not Applicable,274,Not Applicable,0,,
2024-07-22 06:53:00,CNR5952277125,Success,CID864956,Prime SUV,Nagarbhavi,Kengeri,287.0,60.0,Not Applicable,Not Applicable,Yes,Customer Demand,370,Cash,7,4.9,4.2
2024-07-30 17:48:00,CNR5474576643,Success,CID795259,Prime Sedan,Jayanagar,Hebbal,245.0,40.0,Not Applicable,Not Applicable,No,Not Applicable,471,Cash,49,3.6,3.9
2024-07-05 04:08:00,CNR2685025568,Canceled by Customer,CID788967,Bike,Magadi Road,Hennur,,,Driver asked to cancel,Not Applicable,Not Applicable,Not Applicable,202,Not Applicable,0,,
2024-07-08 05:40:00,CNR3556258227,Canceled by Customer,CID305643,Prime Sedan,HSR Layout,Jayanagar,,,Driver is not moving towards pickup location,Not Applicable,Not Applicable,Not Applicable,165,Not Applicable,0,,
2024-07-25 18:12:00,CNR3459574954,Canceled by Customer,CID502623,Prime Plus,Varthur,Bannerghatta Road,,,Driver is not moving towards pickup location,Not Applicable,Not Applicable,Not Applicable,258,Not Applicable,0,,
2024-07-27 10:58:00,CNR6167428035,Success,CID186844,Prime Plus,Bannerghatta Road,Hebbal,280.0,95.0,Not Applicable,Not Applicable,No,Not Applicable,120,UPI,6,4.2,3.7
2024-07-04 19:13:00,CNR7714262027,Driver Not Found,CID317021,Bike,Yelahanka,KR Puram,,,Not Applicable,Not Applicable,Not Applicable,Not Applicable,109,Not Applicable,0,,
2024-07-02 08:18:00,CNR3067237065,Success,CID472844,Auto,Electronic City,Banashankari,98.0,130.0,Not Applicable,Not Applicable,No,Not Applicable,139,UPI,9,4.2,3.0
2024-07-02 09:26:00,CNR4637083553,Success,CID336480,Prime SUV,Basavanagudi,Whitefield,273.0,135.0,Not Applicable,Not Applicable,No,Not Applicable,212,Cash,25,3.7,4.2
2024-07-23 13:11:00,CNR3455139712,Canceled by Driver,CID424384,Prime SUV,Sarjapur Road,Malleshwaram,,,Not Applicable,Personal & Car related issue,Not Applicable,Not Applicable,273,Not Applicable,0,,
2024-07-13 12:48:00,CNR1542147049,Canceled by Driver,CID734877,Auto,Peenya,Yeshwanthpur,,,Not Applicable,Customer was coughing/sick,Not Applicable,Not Applicable,2301,Not Applicable,0,,
2024-07-03 17:42:00,CNR5862669182,Canceled by Customer,CID899950,Bike,Yeshwanthpur,Tumkur Road,,,AC is Not working,Not Applicable,Not Applicable,Not Applicable,226,Not Applicable,0,,
2024-07-12 04:42:00,CNR1376607924,Success,CID870767,eBike,Frazer Town,Indiranagar,161.0,130.0,Not Applicable,Not Applicable,No,Not Applicable,476,UPI,28,3.5,3.0
2024-07-28 06:59:00,CNR3999886383,Success,CID900186,Mini,Sarjapur Road,Bellandur,301.0,100.0,Not Applicable,Not Applicable,No,Not Applicable,367,UPI,29,3.7,3.8
2024-07-19 06:52:00,CNR3570773798,Success,CID951925,Bike,Chickpet,Banashankari,84.0,110.0,Not Applicable,Not Applicable,No,Not Applicable,499,UPI,20,4.9,3.1
2024-07-23 02:29:00,CNR5146836900,Success,CID402009,Bike,Hosur Road,Sarjapur Road,252.0,50.0,Not Applicable,Not Applicable,No,Not Applicable,336,Cash,12,4.4,4.4
2024-07-29 23:01:00,CNR9008965753,Canceled by Driver,CID512612,Auto,JP Nagar,Hennur,,,Not Applicable,More than permitted people in there,Not Applicable,Not Applicable,986,Not Applicable,0,,
2024-07-10 04:52:00,CNR7985849816,Success,CID326367,Prime SUV,Hennur,Richmond Town,273.0,85.0,Not Applicable,Not Applicable,No,Not Applicable,590,UPI,40,3.4,4.1
2024-07-06 07:58:00,CNR8509998741,Success,CID439571,Mini,Mysore Road,Hebbal,301.0,115.0,Not Applicable,Not Applicable,No,Not Applicable,378,UPI,19,3.5,4.9
2024-07-25 14:16:00,CNR3750212161,Success,CID271502,Prime SUV,Bannerghatta Road,Basavanagudi,252.0,105.0,Not Applicable,Not Applicable,No,Not Applicable,969,Cash,15,4.6,4.9
2024-07-28 18:33:00,CNR8083671900,Canceled by Customer,CID293967,Prime Plus,Yeshwanthpur,JP Nagar,,,Driver is not moving towards pickup location,Not Applicable,Not Applicable,Not Applicable,277,Not Applicable,0,,
2024-07-11 09:18:00,CNR4769854074,Canceled by Customer,CID430809,Prime Plus,Indiranagar,KR Puram,,,Driver is not moving towards pickup location,Not Applicable,Not Applicable,Not Applicable,674,Not Applicable,0,,
2024-07-12 09:56:00,CNR8701285366,Success,CID917460,eBike,Devanahalli,Jayanagar,308.0,50.0,Not Applicable,Not Applicable,No,Not Applicable,294,UPI,17,3.6,3.1
2024-07-02 05:26:00,CNR2198587427,Canceled by Driver,CID988565,Mini,Yelahanka,Ulsoor,,,Not Applicable,Customer was coughing/sick,Not Applicable,Not Applicable,111,Not Applicable,0,,
2024-07-14 11:09:00,CNR5862168330,Success,CID986451,eBike,Hosur Road,Ramamurthy Nagar,105.0,50.0,Not Applicable,Not Applicable,No,Not Applicable,253,UPI,34,4.1,4.1
2024-07-22 08:59:00,CNR2336549998,Canceled by Driver,CID749085,Prime Plus,Majestic,Indiranagar,,,Not Applicable,Customer related issue,Not Applicable,Not Applicable,434,Not Applicable,0,,
2024-07-10 09:42:00,CNR8926956896,Driver Not Found,CID425410,Bike,Chickpet,Cox Town,,,Not Applicable,Not Applicable,Not Applicable,Not Applicable,200,Not Applicable,0,,
2024-07-15 10:01:00,CNR5237050587,Success,CID329595,Prime Sedan,Ramamurthy Nagar,Cox Town,301.0,35.0,Not Applicable,Not Applicable,No,Not Applicable,1876,UPI,37,4.7,4.4
2024-07-23 20:38:00,CNR9409504285,Canceled by Driver,CID125274,Bike,HSR Layout,Kadugodi,,,Not Applicable,Customer was coughing/sick,Not Applicable,Not Applicable,357,Not Applicable,0,,
2024-07-04 13:04:00,CNR6933040061,Canceled by Driver,CID791593,Bike,Ulsoor,Marathahalli,,,Not Applicable,Customer related issue,Not Applicable,Not Applicable,385,Not Applicable,0,,
2024-07-24 00:03:00,CNR9599416989,Canceled by Driver,CID298163,Auto,Malleshwaram,Devanahalli,,,Not Applicable,Personal & Car related issue,Not Applicable,Not Applicable,752,Not Applicable,0,,
2024-07-20 19:05:00,CNR1460784802,Success,CID131215,Prime SUV,Basavanagudi,Varthur,308.0,100.0,Not Applicable,Not Applicable,No,Not Applicable,140,Cash,24,3.9,3.0
2024-07-29 21:56:00,CNR5016047017,Success,CID610537,Bike,Cox Town,HSR Layout,231.0,120.0,Not Applicable,Not Applicable,No,Not Applicable,1951,Cash,21,4.8,4.6
2024-07-02 09:25:00,CNR6997501562,Driver Not Found,CID358671,eBike,Mysore Road,Jayanagar,,,Not Applicable,Not Applicable,Not Applicable,Not Applicable,348,Not Applicable,0,,
2024-07-29 12:57:00,CNR4368386497,Success,CID842294,Prime SUV,Cox Town,JP Nagar,56.0,65.0,Not Applicable,Not Applicable,No,Not Applicable,160,UPI,37,3.3,4.7
2024-07-01 09:47:00,CNR2013715944,Canceled by Driver,CID571807,Prime Sedan,Rajajinagar,Shantinagar,,,Not Applicable,Customer related issue,Not Applicable,Not Applicable,357,Not Applicable,0,,
2024-07-29 04:41:00,CNR1838078720,Canceled by Driver,CID755183,Prime SUV,Tumkur Road,Yelahanka,,,Not Applicable,Customer related issue,Not Applicable,Not Applicable,628,Not Applicable,0,,
2024-07-20 10:11:00,CNR7251714413,Canceled by Driver,CID147846,Auto,Kengeri,BTM Layout,,,Not Applicable,Personal & Car related issue,Not Applicable,Not Applicable,1192,Not Applicable,0,,
2024-07-06 14:02:00,CNR3788646754,Success,CID912294,Bike,Electronic City,Nagarbhavi,245.0,135.0,Not Applicable,Not Applicable,No,Not Applicable,2211,Cash,1,4.9,3.1
2024-07-13 00:42:00,CNR2501311138,Driver Not Found,CID453989,Prime Sedan,Majestic,Magadi Road,,,Not Applicable,Not Applicable,Not Applicable,Not Applicable,1744,Not Applicable,0,,
2024-07-15 19:54:00,CNR6901735798,Success,CID854595,Prime Plus,Nagarbhavi,Cox Town,147.0,60.0,Not Applicable,Not Applicable,No,Not Applicable,241,UPI,40,3.7,3.7
2024-07-07 17:37:00,CNR8537115955,Success,CID915740,Bike,Peenya,JP Nagar,91.0,115.0,Not Applicable,Not Applicable,No,Not Applicable,469,Cash,25,4.5,3.3
2024-07-30 05:30:00,CNR4342832363,Canceled by Customer,CID897493,Prime Sedan,Langford Town,Malleshwaram,,,Driver is not moving towards pickup location,Not Applicable,Not Applicable,Not Applicable,453,Not Applicable,0,,
2024-07-15 02:18:00,CNR7622060279,Success,CID110846,Mini,Koramangala,Shivajinagar,63.0,45.0,Not Applicable,Not Applicable,No,Not Applicable,448,UPI,17,4.5,4.1
2024-07-19 15:40:00,CNR5046698785,Success,CID712301,Mini,Kammanahalli,Ramamurthy Nagar,217.0,140.0,Not Applicable,Not Applicable,No,Not Applicable,229,Cash,34,3.4,3.8
2024-07-05 19:54:00,CNR8498420128,Canceled by Driver,CID569237,Prime Plus,HSR Layout,Malleshwaram,,,Not Applicable,Customer related issue,Not Applicable,Not Applicable,892,Not Applicable,0,,
2024-07-19 20:06:00,CNR9061635088,Success,CID280856,Prime Plus,Basavanagudi,Nagarbhavi,259.0,85.0,Not Applicable,Not Applicable,No,Not Applicable,111,Cash,37,5.0,3.9
2024-07-14 18:33:00,CNR2094885599,Success,CID352998,Prime SUV,Mysore Road,HSR Layout,224.0,145.0,Not Applicable,Not Applicable,No,Not Applicable,584,Cash,40,4.6,4.0
2024-07-20 10:23:00,CNR5648260801,Canceled by Customer,CID517409,Bike,MG Road,Yelahanka,,,Change of plans,Not Applicable,Not Applicable,Not Applicable,717,Not Applicable,0,,
2024-07-21 22:15:00,CNR9147050059,Driver Not Found,CID292657,Prime Sedan,Sarjapur Road,Peenya,,,Not Applicable,Not Applicable,Not Applicable,Not Applicable,455,Not Applicable,0,,
2024-07-12 00:03:00,CNR6140796675,Success,CID440060,Bike,Rajarajeshwari Nagar,RT Nagar,231.0,115.0,Not Applicable,Not Applicable,No,Not Applicable,255,UPI,4,4.6,4.4
2024-07-26 12:13:00,CNR2638797602,Success,CID502585,Prime SUV,Shivajinagar,Shivajinagar,161.0,120.0,Not Applicable,Not Applicable,No,Not Applicable,131,Cash,31,4.6,4.2
2024-07-17 14:56:00,CNR3395321195,Success,CID574352,Prime SUV,Frazer Town,Kadugodi,182.0,115.0,Not Applicable,Not Applicable,No,Not Applicable,272,Cash,28,3.1,3.3
2024-07-24 10:17:00,CNR7972119148,Success,CID471014,Bike,Marathahalli,Chickpet,98.0,35.0,Not Applicable,Not Applicable,No,Not Applicable,360,Cash,37,4.7,4.8
2024-07-18 23:11:00,CNR3051370154,Success,CID626304,Prime Plus,Shivajinagar,Hosur Road,294.0,75.0,Not Applicable,Not Applicable,No,Not Applicable,881,Cash,18,4.2,4.9
2024-07-16 23:45:00,CNR2977924446,Canceled by Customer,CID341620,Prime SUV,Vijayanagar,Whitefield,,,Change of plans,Not Applicable,Not Applicable,Not Applicable,356,Not Applicable,0,,
2024-07-27 17:10:00,CNR9054072659,Success,CID453777,Auto,Chamarajpet,Langford Town,301.0,130.0,Not Applicable,Not Applicable,No,Not Applicable,274,UPI,18,3.2,3.6
2024-07-08 07:25:00,CNR5389233622,Success,CID472232,Auto,Shivajinagar,Shivajinagar,133.0,85.0,Not Applicable,Not Applicable,Yes,Customer Demand,437,Cash,19,4.7,4.8
2024-07-02 20:41:00,CNR9940599089,Success,CID595331,Auto,Hulimavu,Nagarbhavi,224.0,135.0,Not Applicable,Not Applicable,Yes,Vehicle Breakdown,291,Cash,3,3.9,4.0
2024-07-05 03:26:00,CNR1183320204,Success,CID954621,eBike,Electronic City,Tumkur Road,35.0,110.0,Not Applicable,Not Applicable,No,Not Applicable,265,Cash,46,4.3,3.7
2024-07-23 04:32:00,CNR5475584991,Canceled by Customer,CID922223,Bike,Sarjapur Road,Devanahalli,,,AC is Not working,Not Applicable,Not Applicable,Not Applicable,115,Not Applicable,0,,
2024-07-10 23:17:00,CNR6691895193,Success,CID166351,Mini,Marathahalli,Padmanabhanagar,70.0,145.0,Not Applicable,Not Applicable,No,Not Applicable,355,UPI,21,3.8,3.3
2024-07-28 14:41:00,CNR4890992578,Success,CID154268,Prime SUV,Rajarajeshwari Nagar,Kammanahalli,105.0,70.0,Not Applicable,Not Applicable,No,Not Applicable,221,UPI,28,3.8,3.6
2024-07-28 20:17:00,CNR1575289444,Success,CID819786,Prime SUV,Electronic City,Chamarajpet,77.0,110.0,Not Applicable,Not Applicable,No,Not Applicable,215,UPI,23,3.1,4.3
2024-07-27 04:14:00,CNR6222411373,Success,CID608372,eBike,JP Nagar,Langford Town,182.0,50.0,Not Applicable,Not Applicable,No,Not Applicable,428,UPI,9,5.0,3.1
2024-07-02 09:43:00,CNR5349092319,Success,CID743536,eBike,Cox Town,RT Nagar,301.0,30.0,Not Applicable,Not Applicable,Yes,Vehicle Breakdown,486,UPI,8,3.6,3.4
2024-07-07 15:28:00,CNR2475709715,Canceled by Driver,CID278442,Prime Plus,Ulsoor,Rajarajeshwari Nagar,,,Not Applicable,Personal & Car related issue,Not Applicable,Not Applicable,897,Not Applicable,0,,
2024-07-04 01:13:00,CNR1221983894,Success,CID882627,Auto,Chickpet,Bannerghatta Road,266.0,80.0,Not Applicable,Not Applicable,No,Not Applicable,249,Cash,17,3.1,4.8
2024-07-05 21:58:00,CNR8420749689,Canceled by Customer,CID232599,Prime SUV,JP Nagar,Varthur,,,Wrong Address,Not Applicable,Not Applicable,Not Applicable,304,Not Applicable,0,,
2024-07-08 09:36:00,CNR1702842023,Canceled by Driver,CID887707,Prime Sedan,Chamarajpet,Yeshwanthpur,,,Not Applicable,Customer related issue,Not Applicable,Not Applicable,266,Not Applicable,0,,
2024-07-04 14:57:00,CNR4636664866,Success,CID893581,Bike,Mysore Road,Malleshwaram,112.0,110.0,Not Applicable,Not Applicable,No,Not Applicable,249,UPI,37,4.3,3.6
2024-07-20 08:16:00,CNR9550954868,Success,CID182543,Bike,Peenya,Bellandur,266.0,80.0,Not Applicable,Not Applicable,No,Not Applicable,648,Cash,8,4.0,4.0
2024-07-26 19:01:00,CNR4085538634,Success,CID181371,Bike,Sahakar Nagar,MG Road,308.0,145.0,Not Applicable,Not Applicable,No,Not Applicable,928,Cash,29,3.8,3.9
2024-07-10 00:57:00,CNR7494746971,Success,CID864335,Prime Plus,BTM Layout,Shantinagar,70.0,75.0,Not Applicable,Not Applicable,No,Not Applicable,1073,Cash,38,3.7,4.4
2024-07-04 05:19:00,CNR5761098994,Success,CID922392,Bike,Vijayanagar,Basavanagudi,217.0,125.0,Not Applicable,Not Applicable,No,Not Applicable,536,Cash,7,3.4,3.1
2024-07-15 08:50:00,CNR1015345349,Success,CID945201,Bike,Nagarbhavi,RT Nagar,49.0,90.0,Not Applicable,Not Applicable,No,Not Applicable,478,Cash,37,4.0,4.5
2024-07-02 13:25:00,CNR8075636295,Success,CID168097,eBike,RT Nagar,Koramangala,119.0,125.0,Not Applicable,Not Applicable,No,Not Applicable,298,Cash,11,4.4,4.7
2024-07-10 04:18:00,CNR7419784844,Success,CID231276,Prime Plus,Malleshwaram,Bellandur,273.0,30.0,Not Applicable,Not Applicable,No,Not Applicable,229,UPI,4,4.4,3.0
2024-07-06 21:37:00,CNR1236763819,Success,CID638953,Mini,Basavanagudi,Hebbal,70.0,35.0,Not Applicable,Not Applicable,No,Not Applicable,296,Cash,31,3.6,3.5
2024-07-02 12:12:00,CNR1146641753,Success,CID366708,Prime Plus,Chamarajpet,Kadugodi,84.0,80.0,Not Applicable,Not Applicable,No,Not Applicable,1313,Cash,21,4.9,3.0
2024-07-18 02:23:00,CNR9308078927,Canceled by Driver,CID378613,Prime Plus,RT Nagar,Rajarajeshwari Nagar,,,Not Applicable,Personal & Car related issue,Not Applicable,Not Applicable,141,Not Applicable,0,,
2024-07-20 09:42:00,CNR2316291568,Success,CID476879,Prime Plus,Cox Town,Cox Town,35.0,45.0,Not Applicable,Not Applicable,No,Not Applicable,174,UPI,27,3.7,3.9
2024-07-22 07:16:00,CNR4735068252,Success,CID266825,Mini,Langford Town,JP Nagar,35.0,65.0,Not Applicable,Not Applicable,No,Not Applicable,718,Cash,39,4.7,3.8
2024-07-07 04:57:00,CNR6682042955,Success,CID969447,Auto,Cox Town,Tumkur Road,119.0,140.0,Not Applicable,Not Applicable,No,Not Applicable,271,Cash,1,3.5,3.1
2024-07-25 12:19:00,CNR1704208635,Canceled by Driver,CID657046,Prime SUV,Bannerghatta Road,Yelahanka,,,Not Applicable,Personal & Car related issue,Not Applicable,Not Applicable,1327,Not Applicable,0,,
2024-07-17 15:13:00,CNR2162881493,Success,CID599839,Auto,Chickpet,Mysore Road,154.0,40.0,Not Applicable,Not Applicable,No,Not Applicable,280,UPI,18,3.0,3.3
2024-07-06 05:25:00,CNR4944408100,Canceled by Driver,CID869196,Auto,Majestic,Electronic City,,,Not Applicable,Customer related issue,Not Applicable,Not Applicable,250,Not Applicable,0,,
2024-07-17 01:12:00,CNR3921123918,Success,CID803047,eBike,Vijayanagar,Frazer Town,77.0,55.0,Not Applicable,Not Applicable,Yes,Vehicle Breakdown,486,Cash,41,4.7,4.6
2024-07-15 15:44:00,CNR2638636626,Success,CID844427,Prime Sedan,Nagarbhavi,Vijayanagar,84.0,130.0,Not Applicable,Not Applicable,No,Not Applicable,579,Cash,17,4.3,4.9
2024-07-02 20:10:00,CNR1062963544,Driver Not Found,CID343563,Bike,Sahakar Nagar,Peenya,,,Not Applicable,Not Applicable,Not Applicable,Not Applicable,247,Not Applicable,0,,
2024-07-03 03:35:00,CNR1497870190,Success,CID875728,eBike,BTM Layout,RT Nagar,147.0,30.0,Not Applicable,Not Applicable,No,Not Applicable,378,Cash,26,4.8,3.4
2024-07-10 22:07:00,CNR1089121105,Success,CID738759,Prime Plus,Kammanahalli,Hulimavu,91.0,110.0,Not Applicable,Not Applicable,No,Not Applicable,226,Cash,35,4.7,4.3
2024-07-23 09:41:00,CNR2345777812,Success,CID236310,Bike,Hosur Road,Magadi Road,119.0,110.0,Not Applicable,Not Applicable,No,Not Applicable,273,Cash,15,3.5,3.5
2024-07-24 00:23:00,CNR9136445225,Canceled by Driver,CID654356,Mini,Ulsoor,Bannerghatta Road,,,Not Applicable,Customer was coughing/sick,Not Applicable,Not Applicable,799,Not Applicable,0,,
2024-07-24 08:12:00,CNR8891058482,Driver Not Found,CID983132,Prime Sedan,Koramangala,Hebbal,,,Not Applicable,Not Applicable,Not Applicable,Not Applicable,372,Not Applicable,0,,
2024-07-27 20:47:00,CNR4421412620,Success,CID626688,Mini,Marathahalli,Kammanahalli,280.0,115.0,Not Applicable,Not Applicable,No,Not Applicable,522,UPI,14,4.8,3.3
2024-07-02 20:43:00,CNR9902232354,Canceled by Driver,CID587031,Prime Plus,Shivajinagar,KR Puram,,,Not Applicable,Personal & Car related issue,Not Applicable,Not Applicable,395,Not Applicable,0,,
2024-07-23 05:37:00,CNR1756975359,Driver Not Found,CID349769,Prime Sedan,Yelahanka,Koramangala,,,Not Applicable,Not Applicable,Not Applicable,Not Applicable,365,Not Applicable,0,,
2024-07-12 07:50:00,CNR9717638058,Canceled by Driver,CID993480,Mini,Hennur,Magadi Road,,,Not Applicable,Personal & Car related issue,Not Applicable,Not Applicable,191,Not Applicable,0,,
2024-07-21 22:35:00,CNR2122905963,Driver Not Found,CID528962,eBike,Indiranagar,Kammanahalli,,,Not Applicable,Not Applicable,Not Applicable,Not Applicable,262,Not Applicable,0,,
2024-07-06 20:29:00,CNR1748588014,Canceled by Driver,CID186360,Prime SUV,Padmanabhanagar,MG Road,,,Not Applicable,Personal & Car related issue,Not Applicable,Not Applicable,331,Not Applicable,0,,
2024-07-29 20:38:00,CNR5980380542,Driver Not Found,CID433780,Prime Plus,Cox Town,MG Road,,,Not Applicable,Not Applicable,Not Applicable,Not Applicable,250,Not Applicable,0,,
2024-07-09 19:23:00,CNR8374278484,Success,CID982854,Prime Plus,Langford Town,Basavanagudi,154.0,35.0,Not Applicable,Not Applicable,No,Not Applicable,416,UPI,21,4.4,3.7
2024-07-11 07:35:00,CNR2798966798,Canceled by Customer,CID191483,Auto,Ulsoor,Electronic City,,,Driver is not moving towards pickup location,Not Applicable,Not Applicable,Not Applicable,819,Not Applicable,0,,
2024-07-26 05:07:00,CNR1362523703,Canceled by Customer,CID822891,Prime Plus,Devanahalli,Frazer Town,,,Driver asked to cancel,Not Applicable,Not Applicable,Not Applicable,386,Not Applicable,0,,
2024-07-18 05:35:00,CNR7514209439,Success,CID952739,eBike,Basavanagudi,Vijayanagar,224.0,50.0,Not Applicable,Not Applicable,No,Not Applicable,877,UPI,43,3.6,4.3
2024-07-15 17:51:00,CNR1493960484,Success,CID287254,Prime Sedan,Koramangala,Shantinagar,168.0,135.0,Not Applicable,Not Applicable,No,Not Applicable,870,Cash,20,4.7,3.7
2024-07-14 14:30:00,CNR2789326375,Canceled by Driver,CID107836,Prime Sedan,Hulimavu,Tumkur Road,,,Not Applicable,Customer was coughing/sick,Not Applicable,Not Applicable,176,Not Applicable,0,,
2024-07-16 16:15:00,CNR4978692773,Success,CID142434,Prime SUV,Malleshwaram,Tumkur Road,77.0,135.0,Not Applicable,Not Applicable,No,Not Applicable,119,Cash,45,4.2,4.0
2024-07-15 20:43:00,CNR4002594458,Success,CID819283,eBike,Mysore Road,Langford Town,161.0,135.0,Not Applicable,Not Applicable,No,Not Applicable,934,Cash,11,3.8,3.9
2024-07-05 22:21:00,CNR2674360078,Canceled by Driver,CID376914,Bike,Rajajinagar,Bannerghatta Road,,,Not Applicable,Customer related issue,Not Applicable,Not Applicable,810,Not Applicable,0,,
2024-07-08 10:17:00,CNR8504033206,Success,CID634046,Prime SUV,Nagarbhavi,JP Nagar,182.0,135.0,Not Applicable,Not Applicable,No,Not Applicable,2104,Cash,13,3.9,3.2
2024-07-29 00:06:00,CNR2073527452,Success,CID985364,Auto,Devanahalli,Tumkur Road,280.0,45.0,Not Applicable,Not Applicable,No,Not Applicable,182,Cash,12,4.7,3.0
2024-07-30 12:01:00,CNR8679181926,Success,CID413923,Prime SUV,Nagarbhavi,Jayanagar,238.0,115.0,Not Applicable,Not Applicable,No,Not Applicable,514,UPI,31,4.7,3.6
2024-07-12 16:33:00,CNR2536362947,Canceled by Customer,CID144734,eBike,Rajajinagar,Rajajinagar,,,Driver is not moving towards pickup location,Not Applicable,Not Applicable,Not Applicable,498,Not Applicable,0,,
2024-07-12 05:54:00,CNR9305075112,Success,CID163408,Auto,Richmond Town,Rajajinagar,259.0,85.0,Not Applicable,Not Applicable,No,Not Applicable,681,Cash,13,4.0,4.4
2024-07-23 20:33:00,CNR6825403709,Success,CID503509,Prime SUV,Padmanabhanagar,Vijayanagar,105.0,145.0,Not Applicable,Not Applicable,No,Not Applicable,872,Cash,46,4.9,4.5
2024-07-07 07:17:00,CNR2182992510,Driver Not Found,CID115972,Prime SUV,Jayanagar,Yeshwanthpur,,,Not Applicable,Not Applicable,Not Applicable,Not Applicable,191,Not Applicable,0,,
2024-07-17 17:43:00,CNR2733777959,Canceled by Customer,CID976374,Prime SUV,RT Nagar,Malleshwaram,,,Driver is not moving towards pickup location,Not Applicable,Not Applicable,Not Applicable,486,Not Applicable,0,,
2024-07-12 05:34:00,CNR6285860303,Success,CID308113,eBike,Richmond Town,Kadugodi,231.0,30.0,Not Applicable,Not Applicable,No,Not Applicable,494,UPI,48,4.7,4.9
2024-07-15 06:03:00,CNR2145092865,Canceled by Customer,CID587274,Auto,Ulsoor,BTM Layout,,,Driver asked to cancel,Not Applicable,Not Applicable,Not Applicable,290,Not Applicable,0,,
2024-07-12 00:20:00,CNR7213212264,Canceled by Driver,CID449202,Auto,Varthur,JP Nagar,,,Not Applicable,Customer related issue,Not Applicable,Not Applicable,366,Not Applicable,0,,
2024-07-05 01:34:00,CNR3741807250,Success,CID491515,Prime SUV,Magadi Road,Hosur Road,98.0,110.0,Not Applicable,Not Applicable,No,Not Applicable,437,UPI,24,4.1,4.9
2024-07-21 11:02:00,CNR9980692134,Success,CID611830,Bike,Indiranagar,Ramamurthy Nagar,231.0,45.0,Not Applicable,Not Applicable,No,Not Applicable,379,Cash,44,4.8,3.5
2024-07-29 09:30:00,CNR9994419919,Success,CID279398,Prime Plus,MG Road,JP Nagar,56.0,120.0,Not Applicable,Not Applicable,No,Not Applicable,143,Cash,15,3.3,4.2
2024-07-27 18:52:00,CNR4982715469,Success,CID578949,Bike,JP Nagar,Shantinagar,112.0,75.0,Not Applicable,Not Applicable,No,Not Applicable,385,Cash,35,3.4,4.3
2024-07-24 11:57:00,CNR3299150974,Canceled by Customer,CID689049,Auto,Bellandur,Hosur Road,,,Driver is not moving towards pickup location,Not Applicable,Not Applicable,Not Applicable,190,Not Applicable,0,,
2024-07-11 15:10:00,CNR3847209648,Success,CID327881,Auto,Bellandur,Indiranagar,294.0,100.0,Not Applicable,Not Applicable,No,Not Applicable,2824,Cash,10,3.1,4.1
2024-07-15 22:27:00,CNR7686597849,Canceled by Driver,CID703065,eBike,Yelahanka,Kadugodi,,,Not Applicable,Customer related issue,Not Applicable,Not Applicable,366,Not Applicable,0,,
2024-07-06 21:22:00,CNR9044597546,Canceled by Customer,CID335800,Auto,Kengeri,Vijayanagar,,,Wrong Address,Not Applicable,Not Applicable,Not Applicable,295,Not Applicable,0,,
2024-07-02 13:42:00,CNR8722383760,Success,CID655145,Prime Sedan,Marathahalli,BTM Layout,224.0,70.0,Not Applicable,Not Applicable,No,Not Applicable,355,UPI,15,3.1,4.7
2024-07-14 21:03:00,CNR3395713700,Success,CID453531,Prime Plus,Chickpet,Chickpet,63.0,80.0,Not Applicable,Not Applicable,No,Not Applicable,395,Cash,42,4.4,4.0
2024-07-05 19:16:00,CNR1845150319,Canceled by Driver,CID531281,Prime Sedan,Indiranagar,Tumkur Road,,,Not Applicable,Customer related issue,Not Applicable,Not Applicable,189,Not Applicable,0,,
2024-07-04 22:46:00,CNR1943260085,Success,CID623707,Prime Sedan,Hulimavu,Cox Town,252.0,35.0,Not Applicable,Not Applicable,No,Not Applicable,326,Cash,26,3.2,4.1
2024-07-24 13:10:00,CNR3786279144,Canceled by Driver,CID504883,Bike,Kammanahalli,Devanahalli,,,Not Applicable,Personal & Car related issue,Not Applicable,Not Applicable,220,Not Applicable,0,,
2024-07-18 00:04:00,CNR8292516574,Driver Not Found,CID529218,Mini,Electronic City,Jayanagar,,,Not Applicable,Not Applicable,Not Applicable,Not Applicable,441,Not Applicable,0,,
2024-07-17 12:51:00,CNR2197820125,Success,CID588241,Prime Sedan,Whitefield,Sarjapur Road,119.0,140.0,Not Applicable,Not Applicable,No,Not Applicable,148,UPI,22,4.3,3.3
2024-07-16 19:27:00,CNR5857426488,Driver Not Found,CID465080,Bike,Yeshwanthpur,Whitefield,,,Not Applicable,Not Applicable,Not Applicable,Not Applicable,126,Not Applicable,0,,
2024-07-15 04:06:00,CNR8861983537,Canceled by Driver,CID738679,Auto,Magadi Road,Basavanagudi,,,Not Applicable,Customer related issue,Not Applicable,Not Applicable,2350,Not Applicable,0,,
2024-07-27 10:55:00,CNR6903964826,Success,CID891659,Bike,Ramamurthy Nagar,KR Puram,147.0,100.0,Not Applicable,Not Applicable,No,Not Applicable,501,Cash,42,4.7,3.0
2024-07-21 01:05:00,CNR8727903343,Success,CID787741,Prime Sedan,Tumkur Road,Mysore Road,217.0,145.0,Not Applicable,Not Applicable,No,Not Applicable,1574,Cash,31,3.9,4.1
2024-07-03 11:36:00,CNR2144004765,Success,CID216209,Auto,Varthur,Chamarajpet,98.0,65.0,Not Applicable,Not Applicable,No,Not Applicable,239,Cash,17,3.8,4.0
2024-07-17 01:29:00,CNR4426979149,Success,CID158822,Prime Sedan,Yelahanka,Sahakar Nagar,119.0,85.0,Not Applicable,Not Applicable,No,Not Applicable,952,UPI,35,3.7,3.4
2024-07-10 22:17:00,CNR9604670449,Driver Not Found,CID938145,Bike,Rajarajeshwari Nagar,Kammanahalli,,,Not Applicable,Not Applicable,Not Applicable,Not Applicable,122,Not Applicable,0,,
2024-07-02 16:31:00,CNR4955684576,Success,CID278850,Prime Sedan,Kengeri,Mysore Road,308.0,40.0,Not Applicable,Not Applicable,Yes,Vehicle Breakdown,171,Credit Card,27,3.9,3.3
2024-07-18 12:17:00,CNR3702241175,Canceled by Driver,CID265201,Auto,Hulimavu,BTM Layout,,,Not Applicable,More than permitted people in there,Not Applicable,Not Applicable,413,Not Applicable,0,,
2024-07-01 03:52:00,CNR7948796650,Success,CID322601,Mini,Sahakar Nagar,Electronic City,287.0,40.0,Not Applicable,Not Applicable,No,Not Applicable,344,Credit Card,19,3.9,4.1
2024-07-15 02:49:00,CNR9153607172,Success,CID294348,Mini,Richmond Town,Kammanahalli,245.0,140.0,Not Applicable,Not Applicable,No,Not Applicable,205,UPI,19,3.7,3.0
2024-07-17 05:24:00,CNR4641382782,Success,CID546444,Bike,Indiranagar,Chamarajpet,231.0,75.0,Not Applicable,Not Applicable,No,Not Applicable,432,Cash,27,4.0,4.7
2024-07-30 03:43:00,CNR2223561877,Success,CID964762,Prime SUV,Kadugodi,Magadi Road,161.0,55.0,Not Applicable,Not Applicable,No,Not Applicable,378,UPI,43,4.5,4.1
2024-07-03 05:12:00,CNR4513623172,Success,CID894751,Prime Sedan,HSR Layout,RT Nagar,154.0,120.0,Not Applicable,Not Applicable,No,Not Applicable,787,Cash,41,4.3,3.0
2024-07-24 16:16:00,CNR2019011559,Canceled by Driver,CID953097,Bike,Kadugodi,Sarjapur Road,,,Not Applicable,Personal & Car related issue,Not Applicable,Not Applicable,681,Not Applicable,0,,
2024-07-10 23:37:00,CNR2325783554,Success,CID935770,Prime Sedan,Tumkur Road,Jayanagar,203.0,125.0,Not Applicable,Not Applicable,No,Not Applicable,347,UPI,47,3.3,3.9
2024-07-26 01:57:00,CNR9257006921,Success,CID540562,eBike,Chamarajpet,Hosur Road,287.0,105.0,Not Applicable,Not Applicable,No,Not Applicable,157,Cash,10,3.8,3.4
2024-07-12 05:03:00,CNR4446129588,Driver Not Found,CID857899,Prime Sedan,Shantinagar,Chickpet,,,Not Applicable,Not Applicable,Not Applicable,Not Applicable,165,Not Applicable,0,,
2024-07-05 17:01:00,CNR7065273888,Success,CID529484,Prime Plus,Whitefield,Ramamurthy Nagar,175.0,140.0,Not Applicable,Not Applicable,Yes,Customer Demand,817,Cash,31,4.8,3.9
2024-07-03 03:43:00,CNR8218296415,Success,CID543917,Bike,Yelahanka,Cox Town,105.0,100.0,Not Applicable,Not Applicable,No,Not Applicable,753,UPI,10,4.7,4.6
2024-07-23 16:18:00,CNR2573589982,Success,CID115787,Bike,Shantinagar,Tumkur Road,287.0,50.0,Not Applicable,Not Applicable,No,Not Applicable,241,Cash,44,4.1,3.1
2024-07-23 07:21:00,CNR7943474402,Canceled by Customer,CID220737,Prime Sedan,Chamarajpet,Electronic City,,,Driver asked to cancel,Not Applicable,Not Applicable,Not Applicable,166,Not Applicable,0,,
2024-07-26 00:22:00,CNR9998455418,Canceled by Customer,CID104097,eBike,Tumkur Road,Ulsoor,,,Change of plans,Not Applicable,Not Applicable,Not Applicable,443,Not Applicable,0,,
2024-07-01 09:29:00,CNR5450012008,Success,CID572029,eBike,Padmanabhanagar,Chamarajpet,217.0,65.0,Not Applicable,Not Applicable,No,Not Applicable,370,UPI,22,4.5,4.8
2024-07-25 16:53:00,CNR1724310585,Canceled by Driver,CID226832,Prime Sedan,Sarjapur Road,Marathahalli,,,Not Applicable,More than permitted people in there,Not Applicable,Not Applicable,223,Not Applicable,0,,
2024-07-28 04:02:00,CNR7290097042,Canceled by Customer,CID240983,Bike,Shantinagar,Hosur Road,,,Driver is not moving towards pickup location,Not Applicable,Not Applicable,Not Applicable,362,Not Applicable,0,,
2024-07-03 05:35:00,CNR7815265642,Success,CID214799,Bike,Shantinagar,Koramangala,294.0,80.0,Not Applicable,Not Applicable,No,Not Applicable,341,Cash,7,4.7,4.1
2024-07-11 22:20:00,CNR2355413118,Driver Not Found,CID241981,eBike,KR Puram,JP Nagar,,,Not Applicable,Not Applicable,Not Applicable,Not Applicable,489,Not Applicable,0,,
2024-07-25 12:13:00,CNR6734422083,Canceled by Customer,CID740114,Prime Plus,Indiranagar,Basavanagudi,,,Wrong Address,Not Applicable,Not Applicable,Not Applicable,763,Not Applicable,0,,
2024-07-01 01:49:00,CNR3123166809,Success,CID734621,Auto,Yelahanka,Sarjapur Road,308.0,105.0,Not Applicable,Not Applicable,No,Not Applicable,193,Cash,2,3.5,5.0
2024-07-02 15:37:00,CNR9131845640,Success,CID622545,Prime SUV,Magadi Road,Tumkur Road,105.0,50.0,Not Applicable,Not Applicable,No,Not Applicable,313,Cash,13,3.1,3.8
2024-07-08 03:38:00,CNR3336034772,Success,CID813004,Auto,Jayanagar,Vijayanagar,140.0,55.0,Not Applicable,Not Applicable,Yes,Customer Demand,430,UPI,12,3.5,3.2
2024-07-16 04:08:00,CNR6460813908,Canceled by Driver,CID471784,eBike,Bannerghatta Road,Langford Town,,,Not Applicable,Customer related issue,Not Applicable,Not Applicable,380,Not Applicable,0,,
2024-07-12 05:03:00,CNR4828779755,Success,CID412340,Prime Sedan,Vijayanagar,Jayanagar,91.0,125.0,Not Applicable,Not Applicable,No,Not Applicable,380,Cash,42,4.9,3.5
2024-07-13 16:40:00,CNR2044572273,Success,CID766234,Prime Plus,Peenya,Cox Town,70.0,35.0,Not Applicable,Not Applicable,No,Not Applicable,379,Cash,28,4.9,3.7
2024-07-29 19:18:00,CNR6391369612,Canceled by Driver,CID858390,Prime Sedan,Yeshwanthpur,Basavanagudi,,,Not Applicable,Customer related issue,Not Applicable,Not Applicable,225,Not Applicable,0,,
2024-07-12 00:31:00,CNR8700368287,Success,CID241194,Prime SUV,Cox Town,Mysore Road,245.0,60.0,Not Applicable,Not Applicable,No,Not Applicable,113,UPI,12,4.0,4.8
2024-07-09 20:16:00,CNR4623470545,Canceled by Driver,CID691142,Bike,Rajarajeshwari Nagar,Frazer Town,,,Not Applicable,More than permitted people in there,Not Applicable,Not Applicable,724,Not Applicable,0,,
2024-07-19 18:52:00,CNR7373642468,Success,CID772589,Prime Sedan,BTM Layout,Kengeri,210.0,50.0,Not Applicable,Not Applicable,No,Not Applicable,267,Cash,12,3.8,3.4
2024-07-14 05:56:00,CNR7640251375,Canceled by Customer,CID767821,Prime Plus,Vijayanagar,Malleshwaram,,,Change of plans,Not Applicable,Not Applicable,Not Applicable,1174,Not Applicable,0,,
2024-07-27 23:48:00,CNR1854912174,Success,CID590462,Prime Plus,Ramamurthy Nagar,BTM Layout,210.0,145.0,Not Applicable,Not Applicable,No,Not Applicable,2280,Cash,12,3.9,4.5
2024-07-26 21:39:00,CNR3380571517,Driver Not Found,CID845666,Auto,HSR Layout,Malleshwaram,,,Not Applicable,Not Applicable,Not Applicable,Not Applicable,591,Not Applicable,0,,
2024-07-25 20:18:00,CNR3188314672,Success,CID466115,Prime Sedan,Whitefield,Frazer Town,98.0,60.0,Not Applicable,Not Applicable,No,Not Applicable,2151,Cash,23,3.1,3.8
2024-07-10 08:11:00,CNR3832614324,Success,CID589610,eBike,Banashankari,HSR Layout,245.0,35.0,Not Applicable,Not Applicable,No,Not Applicable,1421,Cash,40,3.8,3.7
2024-07-17 19:16:00,CNR7283404392,Success,CID860524,eBike,Cox Town,Langford Town,231.0,140.0,Not Applicable,Not Applicable,No,Not Applicable,368,Cash,29,4.8,4.0
2024-07-28 04:22:00,CNR3448096097,Success,CID427954,Prime Sedan,Hosur Road,Ulsoor,119.0,35.0,Not Applicable,Not Applicable,No,Not Applicable,296,Credit Card,36,4.8,3.9
2024-07-05 21:20:00,CNR6268047160,Canceled by Driver,CID838152,Mini,Langford Town,Jayanagar,,,Not Applicable,Customer was coughing/sick,Not Applicable,Not Applicable,136,Not Applicable,0,,
2024-07-26 05:49:00,CNR4543682419,Success,CID397162,Mini,Electronic City,Devanahalli,168.0,40.0,Not Applicable,Not Applicable,No,Not Applicable,333,Cash,22,4.7,3.4
2024-07-01 14:21:00,CNR8766671046,Success,CID153985,Auto,Sahakar Nagar,Ramamurthy Nagar,56.0,110.0,Not Applicable,Not Applicable,No,Not Applicable,438,Credit Card,12,3.8,3.4
2024-07-02 15:45:00,CNR6763588044,Success,CID255992,Mini,Richmond Town,Whitefield,301.0,90.0,Not Applicable,Not Applicable,No,Not Applicable,225,Cash,24,3.1,3.7
2024-07-27 01:38:00,CNR2889299033,Canceled by Driver,CID156068,eBike,Electronic City,Sarjapur Road,,,Not Applicable,Customer related issue,Not Applicable,Not Applicable,207,Not Applicable,0,,
2024-07-02 19:06:00,CNR9685803108,Driver Not Found,CID263898,Mini,BTM Layout,Malleshwaram,,,Not Applicable,Not Applicable,Not Applicable,Not Applicable,568,Not Applicable,0,,
2024-07-11 14:59:00,CNR3303835545,Canceled by Customer,CID215316,eBike,Electronic City,Kadugodi,,,Driver is not moving towards pickup location,Not Applicable,Not Applicable,Not Applicable,204,Not Applicable,0,,
2024-07-17 10:44:00,CNR5973928123,Success,CID129200,Mini,Banashankari,Chickpet,42.0,70.0,Not Applicable,Not Applicable,No,Not Applicable,134,Cash,14,4.0,3.9
2024-07-30 03:25:00,CNR3855702624,Canceled by Driver,CID825667,Prime SUV,Nagarbhavi,Banashankari,,,Not Applicable,Personal & Car related issue,Not Applicable,Not Applicable,405,Not Applicable,0,,
2024-07-25 08:27:00,CNR2307715689,Success,CID416640,Mini,Cox Town,KR Puram,133.0,100.0,Not Applicable,Not Applicable,No,Not Applicable,447,UPI,45,4.2,4.2
2024-07-23 22:24:00,CNR5278076819,Canceled by Driver,CID307928,Mini,Indiranagar,Chickpet,,,Not Applicable,Customer related issue,Not Applicable,Not Applicable,240,Not Applicable,0,,
2024-07-14 10:54:00,CNR2224374582,Success,CID592222,Prime SUV,HSR Layout,Banashankari,259.0,70.0,Not Applicable,Not Applicable,No,Not Applicable,176,Cash,9,3.1,4.5
2024-07-12 12:45:00,CNR7394606613,Success,CID625866,Prime SUV,MG Road,JP Nagar,280.0,25.0,Not Applicable,Not Applicable,No,Not Applicable,795,UPI,30,3.6,3.0
2024-07-01 15:27:00,CNR9057419026,Success,CID973979,Prime Sedan,Frazer Town,Banashankari,98.0,140.0,Not Applicable,Not Applicable,No,Not Applicable,2863,Cash,45,3.8,3.0
2024-07-23 03:37:00,CNR5935272178,Success,CID151496,Prime Sedan,Indiranagar,Tumkur Road,266.0,70.0,Not Applicable,Not Applicable,No,Not Applicable,309,Cash,21,4.9,3.2
2024-07-06 17:50:00,CNR6947866014,Canceled by Driver,CID189545,Prime Plus,Richmond Town,Hosur Road,,,Not Applicable,Customer related issue,Not Applicable,Not Applicable,228,Not Applicable,0,,
2024-07-08 05:52:00,CNR3459822151,Driver Not Found,CID528319,Prime Plus,Majestic,Frazer Town,,,Not Applicable,Not Applicable,Not Applicable,Not Applicable,370,Not Applicable,0,,
2024-07-15 17:46:00,CNR8200190845,Success,CID386163,eBike,Hulimavu,Vijayanagar,168.0,80.0,Not Applicable,Not Applicable,No,Not Applicable,174,Cash,20,4.8,3.4
2024-07-11 09:43:00,CNR2718707336,Success,CID487659,Mini,Sarjapur Road,Magadi Road,147.0,75.0,Not Applicable,Not Applicable,No,Not Applicable,312,Cash,36,3.4,4.8
2024-07-09 05:32:00,CNR9393616693,Success,CID337501,Auto,JP Nagar,JP Nagar,189.0,110.0,Not Applicable,Not Applicable,No,Not Applicable,564,Cash,17,3.0,4.6
2024-07-14 23:20:00,CNR2336375105,Success,CID588964,Prime Plus,Sahakar Nagar,Varthur,280.0,110.0,Not Applicable,Not Applicable,No,Not Applicable,193,UPI,4,4.6,4.3
2024-07-26 23:42:00,CNR1989057097,Success,CID278857,Auto,Devanahalli,Yelahanka,189.0,35.0,Not Applicable,Not Applicable,No,Not Applicable,481,Cash,17,4.7,3.2
2024-07-14 01:46:00,CNR4256136230,Success,CID492401,Prime SUV,Rajarajeshwari Nagar,Rajajinagar,154.0,70.0,Not Applicable,Not Applicable,No,Not Applicable,366,Cash,18,3.1,4.0
2024-07-09 03:52:00,CNR5649217998,Success,CID131932,Prime Plus,Kammanahalli,Padmanabhanagar,63.0,130.0,Not Applicable,Not Applicable,No,Not Applicable,334,UPI,35,4.0,4.4
2024-07-10 09:08:00,CNR2105846588,Success,CID879651,eBike,Majestic,Kammanahalli,210.0,120.0,Not Applicable,Not Applicable,No,Not Applicable,418,Cash,1,4.6,3.5
2024-07-30 15:54:00,CNR6532357763,Canceled by Customer,CID484086,Auto,Yeshwanthpur,Jayanagar,,,AC is Not working,Not Applicable,Not Applicable,Not Applicable,215,Not Applicable,0,,
2024-07-17 13:40:00,CNR5789388208,Success,CID402384,Prime Plus,Padmanabhanagar,Bannerghatta Road,182.0,60.0,Not Applicable,Not Applicable,No,Not Applicable,437,UPI,36,3.8,3.6
2024-07-30 13:04:00,CNR9560641549,Success,CID853725,Prime SUV,Hebbal,Indiranagar,105.0,45.0,Not Applicable,Not Applicable,No,Not Applicable,1883,Cash,11,4.4,3.6
2024-07-25 03:51:00,CNR8442374867,Success,CID456184,Bike,Majestic,HSR Layout,175.0,55.0,Not Applicable,Not Applicable,No,Not Applicable,564,Cash,21,4.2,4.9
2024-07-14 03:15:00,CNR7609492164,Success,CID370585,Auto,Hebbal,BTM Layout,105.0,65.0,Not Applicable,Not Applicable,No,Not Applicable,142,UPI,7,4.6,3.2
2024-07-20 08:01:00,CNR8642103005,Canceled by Driver,CID347988,Prime SUV,Peenya,JP Nagar,,,Not Applicable,More than permitted people in there,Not Applicable,Not Applicable,177,Not Applicable,0,,
2024-07-04 17:15:00,CNR4933006110,Success,CID975564,eBike,Vijayanagar,Kammanahalli,259.0,125.0,Not Applicable,Not Applicable,No,Not Applicable,259,Cash,4,4.2,3.5
2024-07-14 17:13:00,CNR4343293393,Success,CID957265,Prime Sedan,Tumkur Road,Ulsoor,182.0,105.0,Not Applicable,Not Applicable,No,Not Applicable,425,Cash,28,4.3,4.7
2024-07-18 16:05:00,CNR1147563828,Driver Not Found,CID554640,eBike,Ramamurthy Nagar,Tumkur Road,,,Not Applicable,Not Applicable,Not Applicable,Not Applicable,397,Not Applicable,0,,
2024-07-03 14:15:00,CNR8376618384,Success,CID957992,Mini,Vijayanagar,Padmanabhanagar,217.0,105.0,Not Applicable,Not Applicable,No,Not Applicable,705,Cash,26,4.7,4.9
2024-07-08 09:19:00,CNR5324881359,Success,CID753737,eBike,Jayanagar,Yelahanka,35.0,135.0,Not Applicable,Not Applicable,Yes,Vehicle Breakdown,116,UPI,16,3.3,3.7
2024-07-12 14:54:00,CNR2424093789,Success,CID123273,Prime Sedan,Sarjapur Road,Chamarajpet,133.0,110.0,Not Applicable,Not Applicable,No,Not Applicable,279,Cash,12,3.9,4.0
2024-07-14 21:46:00,CNR1354900937,Success,CID965849,Bike,Hebbal,Devanahalli,252.0,100.0,Not Applicable,Not Applicable,No,Not Applicable,150,Credit Card,20,4.9,3.2
2024-07-12 22:36:00,CNR8995652545,Success,CID189614,Prime SUV,Varthur,Yeshwanthpur,42.0,95.0,Not Applicable,Not Applicable,No,Not Applicable,330,Cash,27,4.1,3.8
2024-07-13 06:08:00,CNR6288385071,Success,CID900026,Mini,Magadi Road,Kammanahalli,91.0,40.0,Not Applicable,Not Applicable,No,Not Applicable,377,Cash,7,4.7,4.5
2024-07-10 13:45:00,CNR8074043403,Canceled by Customer,CID288966,Prime SUV,HSR Layout,Whitefield,,,Driver is not moving towards pickup location,Not Applicable,Not Applicable,Not Applicable,265,Not Applicable,0,,
2024-07-24 17:01:00,CNR7714250785,Success,CID702528,Auto,Yelahanka,RT Nagar,273.0,35.0,Not Applicable,Not Applicable,No,Not Applicable,410,Cash,19,4.0,4.8
2024-07-17 03:07:00,CNR1146524660,Success,CID200115,Bike,JP Nagar,Varthur,238.0,40.0,Not Applicable,Not Applicable,No,Not Applicable,1718,UPI,1,4.9,3.0
2024-07-11 03:10:00,CNR4468903610,Canceled by Driver,CID733812,Prime SUV,Bannerghatta Road,RT Nagar,,,Not Applicable,More than permitted people in there,Not Applicable,Not Applicable,336,Not Applicable,0,,
2024-07-28 19:43:00,CNR6175431321,Canceled by Driver,CID418088,Auto,Malleshwaram,Devanahalli,,,Not Applicable,Personal & Car related issue,Not Applicable,Not Applicable,227,Not Applicable,0,,
2024-07-07 20:04:00,CNR6411440808,Success,CID764844,Auto,Nagarbhavi,Bannerghatta Road,35.0,80.0,Not Applicable,Not Applicable,No,Not Applicable,920,Cash,15,3.3,3.5
2024-07-19 19:47:00,CNR6608788614,Success,CID696434,Prime Plus,Magadi Road,Hosur Road,140.0,65.0,Not Applicable,Not Applicable,No,Not Applicable,2557,UPI,8,3.5,4.5
2024-07-22 22:02:00,CNR4249564862,Success,CID906798,Auto,Magadi Road,Tumkur Road,98.0,85.0,Not Applicable,Not Applicable,No,Not Applicable,430,UPI,6,3.0,5.0
2024-07-05 13:12:00,CNR3592950167,Driver Not Found,CID846315,Prime Sedan,Shivajinagar,Yelahanka,,,Not Applicable,Not Applicable,Not Applicable,Not Applicable,394,Not Applicable,0,,
2024-07-28 02:02:00,CNR1150454431,Canceled by Driver,CID691138,Prime SUV,Magadi Road,Jayanagar,,,Not Applicable,Customer related issue,Not Applicable,Not Applicable,866,Not Applicable,0,,
2024-07-18 03:57:00,CNR8153804454,Success,CID128251,Prime Sedan,Basavanagudi,Kadugodi,175.0,75.0,Not Applicable,Not Applicable,No,Not Applicable,776,UPI,18,3.1,4.4
2024-07-02 15:08:00,CNR3586314378,Success,CID923853,Prime SUV,Koramangala,Devanahalli,35.0,50.0,Not Applicable,Not Applicable,No,Not Applicable,247,Cash,20,4.6,3.3
2024-07-02 04:10:00,CNR4500212964,Success,CID479198,Mini,HSR Layout,MG Road,133.0,30.0,Not Applicable,Not Applicable,No,Not Applicable,2676,Cash,18,4.3,3.6
2024-07-21 10:07:00,CNR9039552008,Success,CID746011,Prime Sedan,Sahakar Nagar,Sarjapur Road,175.0,85.0,Not Applicable,Not Applicable,No,Not Applicable,324,UPI,4,4.9,4.3
2024-07-13 22:49:00,CNR8516780261,Success,CID622039,Auto,Sahakar Nagar,Marathahalli,77.0,100.0,Not Applicable,Not Applicable,No,Not Applicable,2299,Credit Card,12,3.2,3.8
2024-07-28 22:42:00,CNR6889260097,Canceled by Driver,CID889988,Prime SUV,Majestic,Vijayanagar,,,Not Applicable,Customer was coughing/sick,Not Applicable,Not Applicable,896,Not Applicable,0,,
2024-07-24 22:42:00,CNR8290895139,Canceled by Customer,CID815071,Prime Sedan,Vijayanagar,Basavanagudi,,,Change of plans,Not Applicable,Not Applicable,Not Applicable,2394,Not Applicable,0,,
2024-07-11 14:00:00,CNR8780476911,Success,CID205028,Prime SUV,Kadugodi,Banashankari,105.0,105.0,Not Applicable,Not Applicable,No,Not Applicable,177,UPI,17,3.0,3.4
2024-07-24 15:11:00,CNR7766444876,Canceled by Driver,CID253231,Prime SUV,Rajarajeshwari Nagar,Kadugodi,,,Not Applicable,Personal & Car related issue,Not Applicable,Not Applicable,385,Not Applicable,0,,
2024-07-10 10:45:00,CNR2427551130,Success,CID811637,Auto,Basavanagudi,Ramamurthy Nagar,49.0,100.0,Not Applicable,Not Applicable,No,Not Applicable,416,Cash,11,3.9,3.9
2024-07-09 11:53:00,CNR7635858040,Success,CID224187,Bike,Tumkur Road,Tumkur Road,84.0,60.0,Not Applicable,Not Applicable,Yes,Customer Demand,226,Cash,43,4.2,4.5
2024-07-22 06:00:00,CNR1755130781,Driver Not Found,CID243571,Prime SUV,Hulimavu,Bannerghatta Road,,,Not Applicable,Not Applicable,Not Applicable,Not Applicable,257,Not Applicable,0,,
2024-07-06 08:40:00,CNR5826912522,Driver Not Found,CID480926,Mini,Devanahalli,Frazer Town,,,Not Applicable,Not Applicable,Not Applicable,Not Applicable,469,Not Applicable,0,,
2024-07-26 05:57:00,CNR6657620319,Success,CID726379,Auto,Chamarajpet,Hosur Road,224.0,85.0,Not Applicable,Not Applicable,No,Not Applicable,255,UPI,16,4.0,4.9
2024-07-01 11:12:00,CNR4229545666,Canceled by Driver,CID758693,Prime Plus,RT Nagar,Ulsoor,,,Not Applicable,Customer related issue,Not Applicable,Not Applicable,776,Not Applicable,0,,
2024-07-16 11:43:00,CNR9184095447,Canceled by Customer,CID800125,Auto,Nagarbhavi,HSR Layout,,,Change of plans,Not Applicable,Not Applicable,Not Applicable,246,Not Applicable,0,,
2024-07-16 01:03:00,CNR2330606702,Canceled by Customer,CID488838,Prime Plus,Kengeri,Electronic City,,,AC is Not working,Not Applicable,Not Applicable,Not Applicable,336,Not Applicable,0,,
2024-07-29 17:29:00,CNR3580152635,Success,CID274983,Prime SUV,Kadugodi,HSR Layout,245.0,125.0,Not Applicable,Not Applicable,No,Not Applicable,417,UPI,14,3.1,3.6
2024-07-28 18:01:00,CNR7937980564,Canceled by Driver,CID689888,Bike,KR Puram,Malleshwaram,,,Not Applicable,Personal & Car related issue,Not Applicable,Not Applicable,789,Not Applicable,0,,
2024-07-12 03:48:00,CNR4699546431,Success,CID214558,Bike,Shivajinagar,Hulimavu,112.0,105.0,Not Applicable,Not Applicable,No,Not Applicable,244,Cash,30,3.3,4.2
2024-07-07 15:22:00,CNR1635442258,Canceled by Customer,CID231398,Auto,Hennur,Yeshwanthpur,,,Driver asked to cancel,Not Applicable,Not Applicable,Not Applicable,835,Not Applicable,0,,
2024-07-05 11:26:00,CNR6583257921,Success,CID468584,Prime Plus,Jayanagar,Kammanahalli,217.0,65.0,Not Applicable,Not Applicable,No,Not Applicable,498,UPI,18,4.1,3.4
2024-07-12 00:23:00,CNR4412967320,Canceled by Customer,CID755917,eBike,Ramamurthy Nagar,Peenya,,,Change of plans,Not Applicable,Not Applicable,Not Applicable,337,Not Applicable,0,,
2024-07-17 11:53:00,CNR6882387341,Success,CID530581,Mini,Ramamurthy Nagar,Richmond Town,56.0,105.0,Not Applicable,Not Applicable,Yes,Customer Demand,467,UPI,35,3.8,3.1
2024-07-09 04:35:00,CNR7048417526,Success,CID160843,Mini,Basavanagudi,Langford Town,133.0,135.0,Not Applicable,Not Applicable,No,Not Applicable,395,UPI,7,3.6,4.4
2024-07-13 10:56:00,CNR3653499137,Success,CID733651,Prime SUV,Devanahalli,Bannerghatta Road,161.0,55.0,Not Applicable,Not Applicable,No,Not Applicable,161,UPI,36,3.3,4.4
2024-07-26 04:29:00,CNR5663983133,Success,CID778757,Prime Sedan,HSR Layout,Langford Town,252.0,80.0,Not Applicable,Not Applicable,No,Not Applicable,135,Cash,25,4.8,4.5
2024-07-18 04:03:00,CNR6806303694,Success,CID239112,Bike,Vijayanagar,Shantinagar,35.0,105.0,Not Applicable,Not Applicable,No,Not Applicable,421,UPI,7,3.2,3.4
2024-07-05 12:49:00,CNR3357774822,Canceled by Customer,CID152910,Prime Plus,Rajajinagar,Rajarajeshwari Nagar,,,Change of plans,Not Applicable,Not Applicable,Not Applicable,116,Not Applicable,0,,
2024-07-26 22:23:00,CNR8541871349,Success,CID436752,Prime SUV,Majestic,Whitefield,105.0,110.0,Not Applicable,Not Applicable,No,Not Applicable,400,Cash,4,3.2,4.5
2024-07-21 04:25:00,CNR9285245062,Canceled by Driver,CID236512,Mini,Banashankari,Kengeri,,,Not Applicable,Customer related issue,Not Applicable,Not Applicable,124,Not Applicable,0,,
2024-07-14 10:28:00,CNR5697549000,Success,CID794174,eBike,Electronic City,Kengeri,154.0,30.0,Not Applicable,Not Applicable,Yes,Customer Demand,965,UPI,38,4.5,4.3
2024-07-30 13:56:00,CNR8246660925,Success,CID304393,Auto,Majestic,Frazer Town,287.0,25.0,Not Applicable,Not Applicable,No,Not Applicable,434,UPI,2,3.7,3.8
2024-07-26 17:35:00,CNR8591078366,Success,CID691662,Mini,Koramangala,Bellandur,84.0,105.0,Not Applicable,Not Applicable,No,Not Applicable,400,UPI,23,3.1,3.1
2024-07-09 06:28:00,CNR5705068573,Success,CID990635,Prime Sedan,Vijayanagar,Nagarbhavi,49.0,40.0,Not Applicable,Not Applicable,No,Not Applicable,582,Cash,27,3.9,3.8
2024-07-14 22:34:00,CNR9142749666,Driver Not Found,CID548466,Prime SUV,Kengeri,Langford Town,,,Not Applicable,Not Applicable,Not Applicable,Not Applicable,732,Not Applicable,0,,
2024-07-27 11:56:00,CNR7621540931,Canceled by Customer,CID917743,Prime Plus,Nagarbhavi,Hosur Road,,,AC is Not working,Not Applicable,Not Applicable,Not Applicable,481,Not Applicable,0,,
2024-07-08 16:27:00,CNR1346517960,Canceled by Customer,CID892269,Bike,Padmanabhanagar,Peenya,,,Change of plans,Not Applicable,Not Applicable,Not Applicable,239,Not Applicable,0,,
2024-07-02 03:09:00,CNR2433801142,Canceled by Customer,CID935997,Prime Sedan,Whitefield,Malleshwaram,,,Change of plans,Not Applicable,Not Applicable,Not Applicable,389,Not Applicable,0,,
2024-07-12 22:10:00,CNR5871389506,Success,CID730599,Prime Plus,Kengeri,Rajajinagar,231.0,60.0,Not Applicable,Not Applicable,No,Not Applicable,424,Cash,26,3.2,4.0
2024-07-17 17:52:00,CNR6354276169,Success,CID521954,Prime Plus,Hennur,Electronic City,308.0,30.0,Not Applicable,Not Applicable,No,Not Applicable,338,UPI,39,3.3,3.8
2024-07-20 08:32:00,CNR2882110937,Success,CID831605,Bike,Majestic,Indiranagar,105.0,110.0,Not Applicable,Not Applicable,No,Not Applicable,556,Cash,30,4.2,3.5
2024-07-15 23:57:00,CNR4356465063,Canceled by Driver,CID846754,Prime SUV,Tumkur Road,Shivajinagar,,,Not Applicable,More than permitted people in there,Not Applicable,Not Applicable,127,Not Applicable,0,,
2024-07-25 14:21:00,CNR5839251581,Success,CID792259,Prime Plus,HSR Layout,Shantinagar,224.0,85.0,Not Applicable,Not Applicable,No,Not Applicable,210,UPI,39,3.8,3.9
2024-07-20 22:02:00,CNR1688093375,Canceled by Customer,CID902922,Auto,Devanahalli,Langford Town,,,Driver is not moving towards pickup location,Not Applicable,Not Applicable,Not Applicable,2286,Not Applicable,0,,
2024-07-12 12:46:00,CNR2112520780,Success,CID972057,Prime Plus,Indiranagar,Richmond Town,210.0,60.0,Not Applicable,Not Applicable,No,Not Applicable,159,Cash,17,3.8,4.6
2024-07-25 14:08:00,CNR4919162124,Canceled by Driver,CID717990,eBike,RT Nagar,Sarjapur Road,,,Not Applicable,Personal & Car related issue,Not Applicable,Not Applicable,977,Not Applicable,0,,
2024-07-23 16:18:00,CNR6936164587,Canceled by Driver,CID934731,Mini,Peenya,Tumkur Road,,,Not Applicable,Customer related issue,Not Applicable,Not Applicable,227,Not Applicable,0,,
2024-07-06 04:34:00,CNR7847816797,Success,CID366727,Auto,Hebbal,Bannerghatta Road,273.0,110.0,Not Applicable,Not Applicable,No,Not Applicable,922,Cash,17,4.0,3.3
2024-07-06 22:52:00,CNR7964489521,Success,CID461102,Bike,Whitefield,Rajajinagar,91.0,50.0,Not Applicable,Not Applicable,No,Not Applicable,268,Cash,26,4.2,4.2
2024-07-22 21:05:00,CNR8952401031,Success,CID250853,Bike,Richmond Town,Ulsoor,203.0,95.0,Not Applicable,Not Applicable,No,Not Applicable,429,UPI,33,3.6,4.9
2024-07-28 16:03:00,CNR3313278461,Success,CID794405,Prime Plus,MG Road,Mysore Road,91.0,85.0,Not Applicable,Not Applicable,No,Not Applicable,1915,Credit Card,33,3.5,3.5
2024-07-08 13:48:00,CNR1115860667,Success,CID446612,Prime Plus,Majestic,Kammanahalli,161.0,100.0,Not Applicable,Not Applicable,No,Not Applicable,121,UPI,21,3.7,4.0
2024-07-04 01:25:00,CNR6232876009,Canceled by Customer,CID394896,Bike,Varthur,Langford Town,,,Change of plans,Not Applicable,Not Applicable,Not Applicable,189,Not Applicable,0,,
2024-07-20 15:12:00,CNR1935153286,Success,CID532439,Mini,Yelahanka,Malleshwaram,112.0,145.0,Not Applicable,Not Applicable,No,Not Applicable,216,Cash,7,3.9,3.5
2024-07-20 12:23:00,CNR5190484807,Success,CID958285,Mini,Hulimavu,Devanahalli,119.0,95.0,Not Applicable,Not Applicable,No,Not Applicable,116,UPI,16,3.4,3.3
2024-07-16 16:29:00,CNR2070317777,Success,CID893238,Mini,Rajajinagar,Hennur,112.0,55.0,Not Applicable,Not Applicable,No,Not Applicable,314,UPI,48,3.7,4.5
2024-07-11 15:07:00,CNR6956040260,Driver Not Found,CID399795,eBike,Langford Town,Nagarbhavi,,,Not Applicable,Not Applicable,Not Applicable,Not Applicable,1105,Not Applicable,0,,
2024-07-27 23:36:00,CNR4603260432,Success,CID480202,eBike,Rajarajeshwari Nagar,Basavanagudi,42.0,105.0,Not Applicable,Not Applicable,No,Not Applicable,145,UPI,7,3.2,4.7
2024-07-11 06:28:00,CNR7364764185,Success,CID934900,Bike,Chickpet,Mysore Road,70.0,55.0,Not Applicable,Not Applicable,Yes,Other Issue,905,Credit Card,12,3.5,4.2
2024-07-19 14:09:00,CNR5477273651,Success,CID404907,Bike,Indiranagar,Mysore Road,280.0,30.0,Not Applicable,Not Applicable,No,Not Applicable,234,UPI,28,4.5,4.1
2024-07-26 13:46:00,CNR1317689732,Canceled by Customer,CID921014,Mini,Basavanagudi,Padmanabhanagar,,,Driver is not moving towards pickup location,Not Applicable,Not Applicable,Not Applicable,832,Not Applicable,0,,
2024-07-21 00:30:00,CNR3933388837,Driver Not Found,CID701430,Auto,Cox Town,Varthur,,,Not Applicable,Not Applicable,Not Applicable,Not Applicable,964,Not Applicable,0,,
2024-07-12 23:43:00,CNR6531633815,Success,CID525038,Auto,BTM Layout,Majestic,91.0,40.0,Not Applicable,Not Applicable,No,Not Applicable,931,Cash,11,4.5,4.9
2024-07-29 16:01:00,CNR1428801192,Success,CID192178,Auto,Mysore Road,MG Road,210.0,135.0,Not Applicable,Not Applicable,No,Not Applicable,511,Cash,18,4.0,3.7
2024-07-16 19:37:00,CNR3699196501,Success,CID569315,Prime Sedan,Bannerghatta Road,Majestic,98.0,115.0,Not Applicable,Not Applicable,No,Not Applicable,446,Cash,31,4.4,4.9
2024-07-25 06:08:00,CNR3227208271,Success,CID487777,Mini,Peenya,Kammanahalli,210.0,130.0,Not Applicable,Not Applicable,No,Not Applicable,2644,Cash,1,3.8,3.3
2024-07-22 02:53:00,CNR6350656632,Success,CID282509,Prime Sedan,Cox Town,Banashankari,280.0,125.0,Not Applicable,Not Applicable,No,Not Applicable,180,UPI,33,4.6,4.2
2024-07-14 16:01:00,CNR8066065586,Success,CID352073,Bike,Tumkur Road,Hebbal,182.0,110.0,Not Applicable,Not Applicable,No,Not Applicable,2018,UPI,23,4.1,4.4
2024-07-26 04:44:00,CNR6885197135,Driver Not Found,CID474194,eBike,Ulsoor,Shantinagar,,,Not Applicable,Not Applicable,Not Applicable,Not Applicable,251,Not Applicable,0,,
2024-07-05 08:20:00,CNR8415675568,Success,CID999066,Auto,Malleshwaram,Ramamurthy Nagar,224.0,50.0,Not Applicable,Not Applicable,No,Not Applicable,307,UPI,18,4.8,4.8
2024-07-25 10:44:00,CNR8262856398,Success,CID559051,Prime Plus,Jayanagar,HSR Layout,231.0,110.0,Not Applicable,Not Applicable,No,Not Applicable,627,Cash,30,3.7,4.7
2024-07-17 02:31:00,CNR2265133614,Success,CID849065,Mini,Richmond Town,Chamarajpet,35.0,55.0,Not Applicable,Not Applicable,Yes,Other Issue,140,Cash,34,3.4,4.1
2024-07-15 07:35:00,CNR1129851626,Success,CID158887,Auto,BTM Layout,BTM Layout,301.0,120.0,Not Applicable,Not Applicable,No,Not Applicable,217,UPI,14,4.2,4.9
2024-07-25 14:01:00,CNR5574115238,Canceled by Customer,CID652783,Auto,Nagarbhavi,Padmanabhanagar,,,AC is Not working,Not Applicable,Not Applicable,Not Applicable,499,Not Applicable,0,,
2024-07-01 05:32:00,CNR6763846592,Driver Not Found,CID704268,Prime Plus,BTM Layout,Ulsoor,,,Not Applicable,Not Applicable,Not Applicable,Not Applicable,328,Not Applicable,0,,
2024-07-21 05:11:00,CNR3098501955,Success,CID617398,Bike,Rajarajeshwari Nagar,Bellandur,154.0,60.0,Not Applicable,Not Applicable,No,Not Applicable,976,Cash,42,3.8,4.6
2024-07-02 04:52:00,CNR8438940455,Success,CID546221,Mini,BTM Layout,Majestic,252.0,70.0,Not Applicable,Not Applicable,No,Not Applicable,199,UPI,12,4.7,4.8
2024-07-18 17:12:00,CNR1117155313,Success,CID892309,Prime Plus,Electronic City,Frazer Town,301.0,115.0,Not Applicable,Not Applicable,No,Not Applicable,195,Cash,10,3.8,4.9
2024-07-30 03:07:00,CNR8570993207,Success,CID995871,eBike,Sahakar Nagar,Devanahalli,77.0,115.0,Not Applicable,Not Applicable,No,Not Applicable,2153,UPI,28,4.7,3.5
2024-07-24 19:16:00,CNR1227148747,Canceled by Driver,CID464768,Mini,Ramamurthy Nagar,Shivajinagar,,,Not Applicable,Personal & Car related issue,Not Applicable,Not Applicable,446,Not Applicable,0,,
2024-07-09 12:11:00,CNR4393977651,Canceled by Customer,CID682215,Prime Plus,Devanahalli,Langford Town,,,Change of plans,Not Applicable,Not Applicable,Not Applicable,326,Not Applicable,0,,
2024-07-20 17:08:00,CNR4993773761,Canceled by Driver,CID695753,eBike,Vijayanagar,Majestic,,,Not Applicable,More than permitted people in there,Not Applicable,Not Applicable,199,Not Applicable,0,,
2024-07-22 06:59:00,CNR8951465282,Canceled by Driver,CID450214,eBike,Langford Town,Kammanahalli,,,Not Applicable,Personal & Car related issue,Not Applicable,Not Applicable,473,Not Applicable,0,,
2024-07-14 08:27:00,CNR2382721873,Success,CID428051,Auto,Basavanagudi,Shantinagar,105.0,65.0,Not Applicable,Not Applicable,No,Not Applicable,202,Cash,17,3.2,4.2
2024-07-29 17:25:00,CNR6281151850,Success,CID409429,Auto,Padmanabhanagar,Vijayanagar,294.0,125.0,Not Applicable,Not Applicable,No,Not Applicable,447,Cash,13,4.5,3.6
2024-07-04 20:41:00,CNR5644409295,Success,CID487871,Mini,Peenya,Chickpet,98.0,70.0,Not Applicable,Not Applicable,No,Not Applicable,165,Cash,23,4.4,3.2
2024-07-08 02:47:00,CNR3380628118,Driver Not Found,CID844024,Prime SUV,Rajajinagar,Hosur Road,,,Not Applicable,Not Applicable,Not Applicable,Not Applicable,107,Not Applicable,0,,
2024-07-14 06:55:00,CNR7709592720,Success,CID245420,Mini,Indiranagar,Jayanagar,238.0,125.0,Not Applicable,Not Applicable,No,Not Applicable,207,UPI,5,3.4,3.9
2024-07-30 11:04:00,CNR8131807404,Canceled by Customer,CID462983,Auto,Yeshwanthpur,RT Nagar,,,Driver is not moving towards pickup location,Not Applicable,Not Applicable,Not Applicable,308,Not Applicable,0,,
2024-07-18 08:53:00,CNR6373005403,Success,CID697328,Prime Sedan,Kengeri,Bannerghatta Road,77.0,95.0,Not Applicable,Not Applicable,No,Not Applicable,226,Cash,12,4.8,3.7
2024-07-02 00:34:00,CNR1131271163,Canceled by Driver,CID633259,Auto,Cox Town,Sarjapur Road,,,Not Applicable,Personal & Car related issue,Not Applicable,Not Applicable,499,Not Applicable,0,,
2024-07-18 00:31:00,CNR1893498657,Success,CID140371,eBike,Richmond Town,Kengeri,91.0,115.0,Not Applicable,Not Applicable,No,Not Applicable,199,UPI,24,4.5,3.9
2024-07-04 21:17:00,CNR6466280564,Canceled by Driver,CID867823,eBike,Varthur,Kadugodi,,,Not Applicable,Customer related issue,Not Applicable,Not Applicable,628,Not Applicable,0,,
2024-07-26 01:10:00,CNR1686442857,Success,CID297315,eBike,Yeshwanthpur,Yeshwanthpur,147.0,45.0,Not Applicable,Not Applicable,No,Not Applicable,314,Cash,41,4.1,5.0
2024-07-22 16:33:00,CNR4645320754,Success,CID295122,Auto,Banashankari,Yelahanka,49.0,40.0,Not Applicable,Not Applicable,No,Not Applicable,212,Cash,19,5.0,3.3
2024-07-27 18:37:00,CNR8559162387,Driver Not Found,CID344440,eBike,Vijayanagar,Yelahanka,,,Not Applicable,Not Applicable,Not Applicable,Not Applicable,296,Not Applicable,0,,
2024-07-29 11:13:00,CNR9822748000,Success,CID777077,Mini,Kengeri,Bellandur,280.0,120.0,Not Applicable,Not Applicable,No,Not Applicable,320,Cash,44,3.4,4.2
2024-07-29 13:55:00,CNR8019037489,Canceled by Customer,CID501334,Auto,Shantinagar,Varthur,,,Driver asked to cancel,Not Applicable,Not Applicable,Not Applicable,294,Not Applicable,0,,
2024-07-14 09:43:00,CNR3045362123,Canceled by Customer,CID641058,Prime SUV,Kadugodi,Electronic City,,,AC is Not working,Not Applicable,Not Applicable,Not Applicable,582,Not Applicable,0,,
2024-07-08 05:33:00,CNR1179231373,Canceled by Customer,CID528528,Bike,Peenya,Sahakar Nagar,,,Driver is not moving towards pickup location,Not Applicable,Not Applicable,Not Applicable,974,Not Applicable,0,,
2024-07-27 00:23:00,CNR9668042399,Canceled by Driver,CID589758,Prime Sedan,KR Puram,Chickpet,,,Not Applicable,Customer was coughing/sick,Not Applicable,Not Applicable,394,Not Applicable,0,,
2024-07-22 07:31:00,CNR1712172589,Canceled by Driver,CID387907,eBike,JP Nagar,Sarjapur Road,,,Not Applicable,Customer related issue,Not Applicable,Not Applicable,300,Not Applicable,0,,
2024-07-22 12:38:00,CNR1774745483,Success,CID693191,Auto,Richmond Town,BTM Layout,112.0,105.0,Not Applicable,Not Applicable,No,Not Applicable,477,UPI,14,4.5,3.4
2024-07-27 03:26:00,CNR7580529005,Success,CID101008,Mini,Magadi Road,Nagarbhavi,224.0,60.0,Not Applicable,Not Applicable,No,Not Applicable,272,Credit Card,4,3.7,4.9
2024-07-14 20:46:00,CNR2949867176,Canceled by Customer,CID653012,Prime Sedan,HSR Layout,Kadugodi,,,Driver is not moving towards pickup location,Not Applicable,Not Applicable,Not Applicable,458,Not Applicable,0,,
2024-07-14 01:46:00,CNR4856054207,Canceled by Driver,CID402770,Prime Sedan,Ulsoor,Kadugodi,,,Not Applicable,More than permitted people in there,Not Applicable,Not Applicable,2259,Not Applicable,0,,
2024-07-24 20:30:00,CNR5642345797,Success,CID446160,Prime Sedan,Magadi Road,Sarjapur Road,203.0,75.0,Not Applicable,Not Applicable,No,Not Applicable,410,Cash,24,4.0,4.7
2024-07-09 19:49:00,CNR9678551073,Canceled by Driver,CID302890,Auto,Shivajinagar,Sarjapur Road,,,Not Applicable,Customer was coughing/sick,Not Applicable,Not Applicable,825,Not Applicable,0,,
2024-07-16 06:05:00,CNR1337664744,Success,CID265002,Prime Plus,Bannerghatta Road,Chickpet,266.0,60.0,Not Applicable,Not Applicable,No,Not Applicable,464,Cash,46,3.0,3.2
2024-07-10 19:43:00,CNR3524770810,Canceled by Driver,CID330515,eBike,Shantinagar,Majestic,,,Not Applicable,More than permitted people in there,Not Applicable,Not Applicable,2659,Not Applicable,0,,
2024-07-03 17:39:00,CNR3856332106,Success,CID266213,eBike,KR Puram,Bellandur,238.0,145.0,Not Applicable,Not Applicable,No,Not Applicable,483,UPI,2,4.5,3.8
2024-07-30 08:16:00,CNR1542334196,Success,CID857069,Prime SUV,Ramamurthy Nagar,Richmond Town,154.0,135.0,Not Applicable,Not Applicable,No,Not Applicable,232,Cash,31,3.8,3.9
2024-07-03 01:37:00,CNR2362235012,Success,CID343774,Bike,Hulimavu,Hebbal,63.0,120.0,Not Applicable,Not Applicable,No,Not Applicable,811,Cash,21,5.0,4.6
2024-07-02 22:17:00,CNR7888983782,Canceled by Driver,CID915973,Bike,Kammanahalli,Kengeri,,,Not Applicable,More than permitted people in there,Not Applicable,Not Applicable,128,Not Applicable,0,,
2024-07-02 14:05:00,CNR7517886670,Canceled by Driver,CID853199,Prime Plus,Bellandur,Tumkur Road,,,Not Applicable,Personal & Car related issue,Not Applicable,Not Applicable,441,Not Applicable,0,,
2024-07-23 06:27:00,CNR1549635463,Success,CID433343,Bike,Hosur Road,Jayanagar,301.0,125.0,Not Applicable,Not Applicable,No,Not Applicable,264,Cash,19,4.8,3.7
2024-07-06 05:11:00,CNR4705299629,Canceled by Driver,CID535972,Prime Plus,KR Puram,Tumkur Road,,,Not Applicable,Customer was coughing/sick,Not Applicable,Not Applicable,2961,Not Applicable,0,,
2024-07-04 08:11:00,CNR2942950672,Success,CID956654,Prime Sedan,BTM Layout,Sahakar Nagar,133.0,130.0,Not Applicable,Not Applicable,No,Not Applicable,780,Cash,48,3.3,3.8
2024-07-22 17:42:00,CNR3100842139,Canceled by Customer,CID783028,Prime SUV,Hulimavu,Koramangala,,,Driver is not moving towards pickup location,Not Applicable,Not Applicable,Not Applicable,319,Not Applicable,0,,
2024-07-08 20:50:00,CNR2473776381,Canceled by Customer,CID138528,eBike,Nagarbhavi,HSR Layout,,,Driver is not moving towards pickup location,Not Applicable,Not Applicable,Not Applicable,172,Not Applicable,0,,
2024-07-07 15:29:00,CNR5521318264,Success,CID372288,Prime SUV,Mysore Road,Hosur Road,217.0,125.0,Not Applicable,Not Applicable,No,Not Applicable,498,Cash,17,3.8,4.6
2024-07-13 03:10:00,CNR4071424622,Success,CID631983,Bike,Banashankari,Mysore Road,63.0,90.0,Not Applicable,Not Applicable,No,Not Applicable,824,UPI,17,4.5,3.9
2024-07-22 05:44:00,CNR3670210992,Success,CID277350,Bike,Sahakar Nagar,Kadugodi,217.0,110.0,Not Applicable,Not Applicable,No,Not Applicable,485,Cash,28,3.5,4.8
2024-07-26 10:08:00,CNR2501054101,Canceled by Driver,CID798455,eBike,Malleshwaram,Ramamurthy Nagar,,,Not Applicable,Customer related issue,Not Applicable,Not Applicable,328,Not Applicable,0,,
2024-07-07 02:03:00,CNR1683230744,Success,CID703944,Prime SUV,Hebbal,Peenya,259.0,90.0,Not Applicable,Not Applicable,No,Not Applicable,2510,UPI,24,4.9,4.0
2024-07-16 14:10:00,CNR7531320870,Success,CID844529,Prime SUV,Bellandur,BTM Layout,56.0,135.0,Not Applicable,Not Applicable,No,Not Applicable,2030,Cash,8,4.7,4.7
2024-07-19 15:09:00,CNR5312620130,Canceled by Driver,CID804794,Prime Sedan,Kadugodi,Ulsoor,,,Not Applicable,Personal & Car related issue,Not Applicable,Not Applicable,552,Not Applicable,0,,
2024-07-24 05:33:00,CNR9494896942,Success,CID495512,Prime Sedan,Shantinagar,Whitefield,301.0,105.0,Not Applicable,Not Applicable,No,Not Applicable,595,UPI,30,4.7,3.4
2024-07-11 10:34:00,CNR3885185866,Canceled by Customer,CID226688,Prime SUV,Varthur,Rajajinagar,,,Driver is not moving towards pickup location,Not Applicable,Not Applicable,Not Applicable,2826,Not Applicable,0,,
2024-07-18 04:20:00,CNR7171854755,Success,CID388092,Bike,Electronic City,Yelahanka,231.0,70.0,Not Applicable,Not Applicable,No,Not Applicable,1771,UPI,48,3.0,4.4
2024-07-12 04:15:00,CNR9681873038,Success,CID103334,Prime SUV,Yelahanka,Koramangala,35.0,45.0,Not Applicable,Not Applicable,No,Not Applicable,213,Cash,21,4.5,3.2
2024-07-13 18:47:00,CNR6430922586,Success,CID843987,Prime Sedan,Yeshwanthpur,Majestic,105.0,25.0,Not Applicable,Not Applicable,No,Not Applicable,363,Cash,37,4.2,3.4
2024-07-16 10:54:00,CNR8616236722,Success,CID962717,Auto,Rajajinagar,Frazer Town,210.0,85.0,Not Applicable,Not Applicable,No,Not Applicable,1576,UPI,11,3.3,4.9
2024-07-29 09:10:00,CNR3804101293,Success,CID389765,Prime Plus,Majestic,Magadi Road,210.0,145.0,Not Applicable,Not Applicable,No,Not Applicable,701,UPI,23,3.6,3.1
2024-07-21 20:05:00,CNR5849570445,Driver Not Found,CID600863,Auto,Sahakar Nagar,Bellandur,,,Not Applicable,Not Applicable,Not Applicable,Not Applicable,143,Not Applicable,0,,
2024-07-15 17:17:00,CNR2623998084,Canceled by Driver,CID868326,Mini,Sarjapur Road,Devanahalli,,,Not Applicable,Personal & Car related issue,Not Applicable,Not Applicable,582,Not Applicable,0,,
2024-07-12 04:48:00,CNR6944475522,Success,CID188390,Mini,Hennur,Sahakar Nagar,245.0,115.0,Not Applicable,Not Applicable,No,Not Applicable,339,UPI,34,4.3,4.1
2024-07-01 04:43:00,CNR2236049394,Canceled by Customer,CID584472,Prime Plus,Bellandur,Ulsoor,,,Driver asked to cancel,Not Applicable,Not Applicable,Not Applicable,109,Not Applicable,0,,
2024-07-23 05:08:00,CNR3760025206,Driver Not Found,CID533213,Prime Plus,RT Nagar,Marathahalli,,,Not Applicable,Not Applicable,Not Applicable,Not Applicable,483,Not Applicable,0,,
2024-07-07 08:17:00,CNR6015110718,Success,CID897825,eBike,RT Nagar,Cox Town,84.0,35.0,Not Applicable,Not Applicable,No,Not Applicable,607,Cash,24,3.3,3.9
2024-07-15 05:21:00,CNR7114371773,Success,CID303334,Bike,Ulsoor,Magadi Road,294.0,135.0,Not Applicable,Not Applicable,No,Not Applicable,291,Cash,13,4.8,3.3
2024-07-25 05:04:00,CNR7884680432,Success,CID157400,Mini,Varthur,Kammanahalli,98.0,120.0,Not Applicable,Not Applicable,No,Not Applicable,133,Cash,28,3.2,3.5
2024-07-03 02:45:00,CNR1905101471,Driver Not Found,CID957465,Bike,Yelahanka,Electronic City,,,Not Applicable,Not Applicable,Not Applicable,Not Applicable,175,Not Applicable,0,,
2024-07-06 02:31:00,CNR2579099746,Success,CID150638,Mini,Chickpet,Majestic,273.0,40.0,Not Applicable,Not Applicable,No,Not Applicable,150,Credit Card,15,3.9,3.8
2024-07-28 07:35:00,CNR7484137069,Canceled by Customer,CID742370,Bike,Padmanabhanagar,Chickpet,,,Driver is not moving towards pickup location,Not Applicable,Not Applicable,Not Applicable,346,Not Applicable,0,,
2024-07-17 23:28:00,CNR6731244958,Success,CID555830,Prime Plus,Hebbal,Kengeri,308.0,40.0,Not Applicable,Not Applicable,No,Not Applicable,416,Credit Card,40,3.3,4.3
2024-07-20 10:28:00,CNR4799705066,Canceled by Driver,CID252037,eBike,Jayanagar,Basavanagudi,,,Not Applicable,Personal & Car related issue,Not Applicable,Not Applicable,771,Not Applicable,0,,
2024-07-08 03:22:00,CNR1044055736,Driver Not Found,CID221691,Prime SUV,Cox Town,Mysore Road,,,Not Applicable,Not Applicable,Not Applicable,Not Applicable,108,Not Applicable,0,,
2024-07-20 07:54:00,CNR3625810252,Canceled by Customer,CID387355,Bike,Tumkur Road,Kengeri,,,Wrong Address,Not Applicable,Not Applicable,Not Applicable,2393,Not Applicable,0,,
2024-07-23 07:01:00,CNR5801805471,Success,CID317214,Auto,Basavanagudi,Marathahalli,189.0,130.0,Not Applicable,Not Applicable,No,Not Applicable,864,Credit Card,5,3.0,3.2
2024-07-05 06:52:00,CNR8848253255,Success,CID454011,Auto,Varthur,Jayanagar,147.0,85.0,Not Applicable,Not Applicable,No,Not Applicable,372,UPI,18,3.7,4.3
2024-07-14 07:57:00,CNR6968948022,Success,CID703922,Prime Plus,Jayanagar,HSR Layout,49.0,100.0,Not Applicable,Not Applicable,No,Not Applicable,386,Cash,19,5.0,3.5
2024-07-10 08:27:00,CNR1588528229,Success,CID930691,Prime Plus,Marathahalli,Tumkur Road,105.0,100.0,Not Applicable,Not Applicable,No,Not Applicable,811,UPI,5,3.2,3.8
2024-07-02 04:16:00,CNR9918046817,Success,CID326574,Mini,Electronic City,HSR Layout,210.0,45.0,Not Applicable,Not Applicable,No,Not Applicable,464,Cash,8,3.5,3.7
2024-07-29 03:37:00,CNR8971594484,Canceled by Driver,CID712875,Auto,BTM Layout,Devanahalli,,,Not Applicable,Customer related issue,Not Applicable,Not Applicable,467,Not Applicable,0,,
2024-07-11 14:45:00,CNR9859691558,Driver Not Found,CID501463,Bike,Frazer Town,Devanahalli,,,Not Applicable,Not Applicable,Not Applicable,Not Applicable,394,Not Applicable,0,,
2024-07-02 16:22:00,CNR8292255670,Success,CID455002,eBike,Cox Town,Devanahalli,161.0,125.0,Not Applicable,Not Applicable,No,Not Applicable,142,Cash,29,3.5,3.1
2024-07-29 15:58:00,CNR7275086023,Success,CID907878,Prime Plus,Hosur Road,Kammanahalli,140.0,115.0,Not Applicable,Not Applicable,Yes,Other Issue,565,Cash,16,3.4,3.2
2024-07-24 12:41:00,CNR2343057645,Success,CID833249,Bike,Ramamurthy Nagar,KR Puram,266.0,145.0,Not Applicable,Not Applicable,No,Not Applicable,199,Cash,6,3.1,4.2
2024-07-17 17:16:00,CNR7218737497,Driver Not Found,CID810884,Prime SUV,Marathahalli,Peenya,,,Not Applicable,Not Applicable,Not Applicable,Not Applicable,451,Not Applicable,0,,
2024-07-04 17:37:00,CNR7697466146,Success,CID264441,Auto,Tumkur Road,Ramamurthy Nagar,126.0,80.0,Not Applicable,Not Applicable,No,Not Applicable,572,UPI,8,3.8,4.5
2024-07-08 15:11:00,CNR1186593817,Success,CID564049,Bike,JP Nagar,Nagarbhavi,77.0,45.0,Not Applicable,Not Applicable,No,Not Applicable,559,Cash,26,3.4,3.8
2024-07-02 20:33:00,CNR1071567266,Success,CID263661,Bike,Ramamurthy Nagar,Whitefield,259.0,65.0,Not Applicable,Not Applicable,No,Not Applicable,256,UPI,24,4.9,4.0
2024-07-13 09:18:00,CNR8873399784,Success,CID541458,Prime Sedan,Yeshwanthpur,HSR Layout,98.0,80.0,Not Applicable,Not Applicable,No,Not Applicable,125,UPI,6,3.3,3.2
2024-07-12 17:42:00,CNR6760939324,Success,CID770947,Prime Plus,Nagarbhavi,Hulimavu,210.0,50.0,Not Applicable,Not Applicable,No,Not Applicable,230,Cash,18,3.1,3.6
2024-07-21 01:06:00,CNR5894549882,Success,CID759145,Prime Sedan,RT Nagar,KR Puram,273.0,110.0,Not Applicable,Not Applicable,Yes,Vehicle Breakdown,1154,Cash,4,3.1,3.3
2024-07-10 00:12:00,CNR1393391989,Success,CID213702,Mini,Peenya,KR Puram,147.0,100.0,Not Applicable,Not Applicable,No,Not Applicable,793,Cash,36,3.6,3.9
2024-07-20 05:20:00,CNR1789479416,Success,CID593572,Prime SUV,Electronic City,Kadugodi,238.0,45.0,Not Applicable,Not Applicable,No,Not Applicable,929,Cash,17,3.5,3.4
2024-07-19 16:24:00,CNR3202223876,Success,CID767076,eBike,MG Road,Bannerghatta Road,91.0,60.0,Not Applicable,Not Applicable,No,Not Applicable,427,UPI,37,4.6,4.9
2024-07-27 08:31:00,CNR4092455632,Success,CID982075,Prime Plus,Koramangala,Rajajinagar,196.0,140.0,Not Applicable,Not Applicable,No,Not Applicable,102,Cash,24,4.8,4.3
2024-07-17 23:20:00,CNR3883603975,Canceled by Driver,CID684507,Bike,Varthur,Electronic City,,,Not Applicable,More than permitted people in there,Not Applicable,Not Applicable,461,Not Applicable,0,,
2024-07-09 07:21:00,CNR8044211838,Success,CID458105,Prime SUV,Indiranagar,Jayanagar,182.0,50.0,Not Applicable,Not Applicable,Yes,Vehicle Breakdown,1481,UPI,11,4.2,4.7
2024-07-10 09:43:00,CNR6829983193,Canceled by Driver,CID891267,Bike,RT Nagar,Chickpet,,,Not Applicable,Customer related issue,Not Applicable,Not Applicable,149,Not Applicable,0,,
2024-07-19 03:26:00,CNR1574087289,Driver Not Found,CID373301,Prime Sedan,Varthur,HSR Layout,,,Not Applicable,Not Applicable,Not Applicable,Not Applicable,274,Not Applicable,0,,
2024-07-01 19:46:00,CNR2577020741,Success,CID442582,Auto,KR Puram,Sahakar Nagar,119.0,40.0,Not Applicable,Not Applicable,No,Not Applicable,289,Credit Card,2,4.4,4.4
2024-07-25 08:08:00,CNR8657861052,Success,CID619552,Prime Sedan,Nagarbhavi,Marathahalli,245.0,125.0,Not Applicable,Not Applicable,No,Not Applicable,101,Cash,14,3.4,3.8
2024-07-05 08:02:00,CNR7048082176,Driver Not Found,CID681629,Auto,Kadugodi,Yelahanka,,,Not Applicable,Not Applicable,Not Applicable,Not Applicable,427,Not Applicable,0,,
2024-07-21 07:17:00,CNR2513374716,Canceled by Customer,CID779595,Auto,Devanahalli,Nagarbhavi,,,Driver asked to cancel,Not Applicable,Not Applicable,Not Applicable,445,Not Applicable,0,,
2024-07-10 22:46:00,CNR4720287226,Success,CID455209,Prime Plus,MG Road,Majestic,238.0,85.0,Not Applicable,Not Applicable,No,Not Applicable,1282,UPI,11,4.4,3.9
2024-07-18 08:27:00,CNR1812474161,Success,CID185364,Auto,Kadugodi,Jayanagar,280.0,60.0,Not Applicable,Not Applicable,No,Not Applicable,120,Cash,6,3.5,4.3
2024-07-21 09:09:00,CNR2724956837,Driver Not Found,CID237988,Bike,Malleshwaram,Kengeri,,,Not Applicable,Not Applicable,Not Applicable,Not Applicable,457,Not Applicable,0,,
2024-07-15 12:32:00,CNR1304264130,Canceled by Driver,CID376535,Prime Plus,JP Nagar,MG Road,,,Not Applicable,Customer was coughing/sick,Not Applicable,Not Applicable,285,Not Applicable,0,,
2024-07-23 21:23:00,CNR1194209044,Driver Not Found,CID647803,Auto,Cox Town,Kammanahalli,,,Not Applicable,Not Applicable,Not Applicable,Not Applicable,444,Not Applicable,0,,
2024-07-07 20:08:00,CNR2873823766,Success,CID764262,eBike,Ulsoor,Cox Town,217.0,135.0,Not Applicable,Not Applicable,No,Not Applicable,922,UPI,24,4.4,5.0
2024-07-10 15:27:00,CNR8734275759,Success,CID738885,eBike,Rajajinagar,Yeshwanthpur,126.0,85.0,Not Applicable,Not Applicable,No,Not Applicable,372,Cash,40,3.9,3.9
2024-07-14 13:16:00,CNR6504471180,Success,CID669628,Bike,Sarjapur Road,Rajarajeshwari Nagar,154.0,115.0,Not Applicable,Not Applicable,Yes,Vehicle Breakdown,130,Cash,31,3.9,3.7
2024-07-16 03:32:00,CNR7356399291,Canceled by Customer,CID603474,Auto,Rajajinagar,Yeshwanthpur,,,AC is Not working,Not Applicable,Not Applicable,Not Applicable,373,Not Applicable,0,,
2024-07-24 23:18:00,CNR8165481276,Canceled by Customer,CID685919,Bike,Langford Town,Sahakar Nagar,,,Driver is not moving towards pickup location,Not Applicable,Not Applicable,Not Applicable,169,Not Applicable,0,,
2024-07-06 23:08:00,CNR4194891899,Success,CID916397,Prime SUV,Bellandur,Nagarbhavi,231.0,60.0,Not Applicable,Not Applicable,No,Not Applicable,340,Cash,14,4.1,4.5
2024-07-08 02:55:00,CNR8720419942,Canceled by Customer,CID554114,Bike,Devanahalli,Frazer Town,,,Driver is not moving towards pickup location,Not Applicable,Not Applicable,Not Applicable,740,Not Applicable,0,,
2024-07-14 23:11:00,CNR4578751108,Success,CID602254,Prime Plus,Hennur,Kengeri,147.0,115.0,Not Applicable,Not Applicable,No,Not Applicable,949,UPI,14,3.9,4.1
2024-07-10 17:00:00,CNR2339712220,Success,CID876722,Prime Sedan,Indiranagar,Indiranagar,189.0,30.0,Not Applicable,Not Applicable,No,Not Applicable,183,UPI,34,4.6,4.4
2024-07-30 22:08:00,CNR7543680184,Driver Not Found,CID806422,Mini,Peenya,Rajajinagar,,,Not Applicable,Not Applicable,Not Applicable,Not Applicable,390,Not Applicable,0,,
2024-07-05 03:00:00,CNR4630027676,Canceled by Driver,CID368178,Prime SUV,Yelahanka,Hosur Road,,,Not Applicable,Personal & Car related issue,Not Applicable,Not Applicable,625,Not Applicable,0,,
2024-07-26 03:20:00,CNR8614052268,Canceled by Driver,CID356521,Bike,Whitefield,Magadi Road,,,Not Applicable,More than permitted people in there,Not Applicable,Not Applicable,1832,Not Applicable,0,,
2024-07-17 01:56:00,CNR8951252081,Success,CID186320,Mini,Langford Town,Malleshwaram,63.0,140.0,Not Applicable,Not Applicable,No,Not Applicable,437,Cash,39,4.8,4.1
2024-07-24 14:35:00,CNR3984319328,Success,CID973083,Auto,MG Road,Koramangala,231.0,80.0,Not Applicable,Not Applicable,No,Not Applicable,1075,Cash,18,5.0,4.4
2024-07-05 16:41:00,CNR4050603331,Success,CID728864,Bike,Hulimavu,HSR Layout,63.0,30.0,Not Applicable,Not Applicable,No,Not Applicable,713,UPI,27,5.0,5.0
2024-07-27 05:25:00,CNR3068422646,Canceled by Customer,CID324165,eBike,Bannerghatta Road,Ulsoor,,,AC is Not working,Not Applicable,Not Applicable,Not Applicable,284,Not Applicable,0,,
2024-07-07 13:59:00,CNR4296426438,Success,CID445363,Prime Sedan,Hulimavu,Hosur Road,91.0,100.0,Not Applicable,Not Applicable,No,Not Applicable,252,UPI,32,3.1,4.0
2024-07-11 10:40:00,CNR5027903461,Success,CID209666,eBike,Magadi Road,Mysore Road,70.0,65.0,Not Applicable,Not Applicable,Yes,Other Issue,442,Cash,28,3.0,5.0
2024-07-19 22:33:00,CNR1058388861,Success,CID357930,Auto,Tumkur Road,Yeshwanthpur,308.0,25.0,Not Applicable,Not Applicable,No,Not Applicable,305,UPI,5,3.7,3.6
2024-07-24 04:11:00,CNR6718563085,Success,CID181377,eBike,Ulsoor,Rajajinagar,308.0,85.0,Not Applicable,Not Applicable,No,Not Applicable,2020,Cash,43,3.2,4.7
2024-07-20 00:42:00,CNR2084955107,Canceled by Customer,CID158029,Prime Plus,Ramamurthy Nagar,Vijayanagar,,,AC is Not working,Not Applicable,Not Applicable,Not Applicable,414,Not Applicable,0,,
2024-07-20 18:45:00,CNR4208353779,Success,CID134557,Mini,Sahakar Nagar,Sarjapur Road,63.0,25.0,Not Applicable,Not Applicable,No,Not Applicable,161,Cash,22,3.0,4.9
2024-07-12 08:40:00,CNR4961237851,Success,CID269768,Prime SUV,Jayanagar,Marathahalli,112.0,85.0,Not Applicable,Not Applicable,No,Not Applicable,288,UPI,46,3.7,4.7
2024-07-08 21:59:00,CNR7327529156,Canceled by Driver,CID639217,Mini,Peenya,Kengeri,,,Not Applicable,Customer related issue,Not Applicable,Not Applicable,277,Not Applicable,0,,
2024-07-07 16:44:00,CNR5392657704,Success,CID680153,Mini,Kadugodi,Koramangala,84.0,115.0,Not Applicable,Not Applicable,No,Not Applicable,362,Cash,35,4.2,4.0
2024-07-27 22:50:00,CNR8669609534,Driver Not Found,CID378306,Prime Plus,Mysore Road,Kadugodi,,,Not Applicable,Not Applicable,Not Applicable,Not Applicable,246,Not Applicable,0,,
2024-07-09 07:27:00,CNR6911047330,Success,CID117420,eBike,Richmond Town,Shantinagar,98.0,50.0,Not Applicable,Not Applicable,No,Not Applicable,711,UPI,25,4.6,4.5
2024-07-07 01:37:00,CNR1312575824,Success,CID997913,eBike,Vijayanagar,Ramamurthy Nagar,217.0,115.0,Not Applicable,Not Applicable,No,Not Applicable,440,Cash,21,4.5,3.8
2024-07-24 06:14:00,CNR3772324514,Success,CID262354,Prime Plus,MG Road,RT Nagar,70.0,75.0,Not Applicable,Not Applicable,No,Not Applicable,450,UPI,17,4.7,3.2
2024-07-29 00:30:00,CNR1271100477,Success,CID927566,Prime SUV,BTM Layout,Kengeri,175.0,115.0,Not Applicable,Not Applicable,No,Not Applicable,129,Cash,8,3.3,4.9
2024-07-18 12:50:00,CNR9249043787,Success,CID554816,Prime Sedan,Rajarajeshwari Nagar,BTM Layout,175.0,75.0,Not Applicable,Not Applicable,No,Not Applicable,234,UPI,37,4.0,4.8
2024-07-01 01:18:00,CNR1089891469,Driver Not Found,CID132436,Prime Plus,Bannerghatta Road,Kadugodi,,,Not Applicable,Not Applicable,Not Applicable,Not Applicable,476,Not Applicable,0,,
2024-07-27 16:05:00,CNR6226073787,Canceled by Customer,CID146013,Auto,Frazer Town,Majestic,,,Wrong Address,Not Applicable,Not Applicable,Not Applicable,359,Not Applicable,0,,
2024-07-06 09:13:00,CNR7685893912,Success,CID296264,Bike,Ulsoor,Padmanabhanagar,98.0,90.0,Not Applicable,Not Applicable,No,Not Applicable,166,UPI,46,3.6,4.9
2024-07-07 00:32:00,CNR2418797934,Driver Not Found,CID543962,Bike,Basavanagudi,Whitefield,,,Not Applicable,Not Applicable,Not Applicable,Not Applicable,395,Not Applicable,0,,
2024-07-02 22:27:00,CNR7648171524,Success,CID763847,Mini,Vijayanagar,Hosur Road,84.0,90.0,Not Applicable,Not Applicable,No,Not Applicable,776,Cash,36,3.6,4.7
2024-07-06 21:03:00,CNR8450746338,Success,CID491407,Mini,RT Nagar,Padmanabhanagar,182.0,95.0,Not Applicable,Not Applicable,No,Not Applicable,663,Cash,31,4.2,4.1
2024-07-06 00:59:00,CNR1224922810,Success,CID687552,Prime SUV,Sahakar Nagar,Sarjapur Road,98.0,100.0,Not Applicable,Not Applicable,No,Not Applicable,144,Cash,41,3.7,4.4
2024-07-24 16:52:00,CNR1830208614,Success,CID704251,Prime Plus,KR Puram,Electronic City,56.0,140.0,Not Applicable,Not Applicable,No,Not Applicable,270,UPI,48,3.1,3.9
2024-07-06 02:08:00,CNR1286432152,Success,CID816526,Prime Sedan,Langford Town,Devanahalli,84.0,105.0,Not Applicable,Not Applicable,No,Not Applicable,323,Cash,4,4.3,4.2
2024-07-27 16:52:00,CNR2926149731,Success,CID233714,Prime Sedan,KR Puram,Langford Town,245.0,140.0,Not Applicable,Not Applicable,No,Not Applicable,253,Cash,6,4.5,3.2
2024-07-18 04:02:00,CNR6356795022,Driver Not Found,CID854644,Bike,Peenya,KR Puram,,,Not Applicable,Not Applicable,Not Applicable,Not Applicable,276,Not Applicable,0,,
2024-07-04 14:49:00,CNR6760114889,Driver Not Found,CID813687,Auto,Bannerghatta Road,Shantinagar,,,Not Applicable,Not Applicable,Not Applicable,Not Applicable,2556,Not Applicable,0,,
2024-07-01 23:40:00,CNR8564588177,Success,CID276209,Prime SUV,Majestic,Bannerghatta Road,224.0,145.0,Not Applicable,Not Applicable,Yes,Other Issue,286,Cash,35,4.5,3.5
2024-07-19 08:26:00,CNR8778123840,Canceled by Customer,CID788237,Bike,BTM Layout,HSR Layout,,,Wrong Address,Not Applicable,Not Applicable,Not Applicable,187,Not Applicable,0,,
2024-07-15 12:07:00,CNR4242016713,Driver Not Found,CID848371,Mini,JP Nagar,Marathahalli,,,Not Applicable,Not Applicable,Not Applicable,Not Applicable,280,Not Applicable,0,,
2024-07-24 06:49:00,CNR2219318738,Canceled by Customer,CID454730,Bike,Ulsoor,Hebbal,,,AC is Not working,Not Applicable,Not Applicable,Not Applicable,1259,Not Applicable,0,,
2024-07-15 22:34:00,CNR3170322034,Success,CID141860,eBike,JP Nagar,Basavanagudi,266.0,100.0,Not Applicable,Not Applicable,No,Not Applicable,329,Cash,17,3.5,5.0
2024-07-14 22:11:00,CNR5078600548,Driver Not Found,CID680784,Auto,Peenya,Ramamurthy Nagar,,,Not Applicable,Not Applicable,Not Applicable,Not Applicable,334,Not Applicable,0,,
2024-07-14 10:04:00,CNR8325805245,Success,CID805550,Prime SUV,Yelahanka,Majestic,70.0,35.0,Not Applicable,Not Applicable,No,Not Applicable,934,Cash,4,3.6,4.9
2024-07-21 08:51:00,CNR6975194656,Success,CID877522,Auto,Kadugodi,Richmond Town,224.0,60.0,Not Applicable,Not Applicable,No,Not Applicable,326,UPI,2,3.5,4.2
2024-07-20 06:20:00,CNR3977611459,Driver Not Found,CID100957,Bike,Kadugodi,Varthur,,,Not Applicable,Not Applicable,Not Applicable,Not Applicable,852,Not Applicable,0,,
2024-07-13 09:17:00,CNR3489411479,Driver Not Found,CID882724,Prime Sedan,Cox Town,Electronic City,,,Not Applicable,Not Applicable,Not Applicable,Not Applicable,139,Not Applicable,0,,
2024-07-29 16:40:00,CNR4576457904,Success,CID264410,Prime Plus,Vijayanagar,Ulsoor,287.0,140.0,Not Applicable,Not Applicable,No,Not Applicable,168,Cash,12,4.3,3.9
2024-07-14 02:35:00,CNR7490203214,Success,CID967430,Prime Plus,Basavanagudi,Hosur Road,35.0,145.0,Not Applicable,Not Applicable,No,Not Applicable,772,UPI,22,4.2,3.9
2024-07-11 17:08:00,CNR4992184183,Driver Not Found,CID357528,Bike,Vijayanagar,Kengeri,,,Not Applicable,Not Applicable,Not Applicable,Not Applicable,942,Not Applicable,0,,
2024-07-11 05:16:00,CNR3186533758,Success,CID994522,Mini,Nagarbhavi,Yeshwanthpur,252.0,95.0,Not Applicable,Not Applicable,No,Not Applicable,165,UPI,30,4.9,3.9
2024-07-27 01:14:00,CNR4546907658,Success,CID914046,eBike,Basavanagudi,Indiranagar,77.0,125.0,Not Applicable,Not Applicable,No,Not Applicable,459,Cash,23,3.5,4.5
2024-07-17 00:57:00,CNR1932006611,Success,CID756384,Prime Sedan,Kadugodi,Bellandur,266.0,85.0,Not Applicable,Not Applicable,No,Not Applicable,193,UPI,15,3.8,3.1
2024-07-12 05:54:00,CNR9263711788,Canceled by Driver,CID223467,Auto,Yelahanka,Bellandur,,,Not Applicable,Personal & Car related issue,Not Applicable,Not Applicable,186,Not Applicable,0,,
2024-07-13 14:34:00,CNR4512817916,Canceled by Driver,CID757093,eBike,JP Nagar,Ramamurthy Nagar,,,Not Applicable,More than permitted people in there,Not Applicable,Not Applicable,264,Not Applicable,0,,
2024-07-13 00:42:00,CNR2759230521,Success,CID831015,Mini,Ramamurthy Nagar,Sarjapur Road,42.0,70.0,Not Applicable,Not Applicable,No,Not Applicable,391,Cash,18,3.9,3.7
2024-07-14 21:09:00,CNR6945845056,Canceled by Driver,CID836616,Prime Plus,Peenya,Yelahanka,,,Not Applicable,Customer related issue,Not Applicable,Not Applicable,144,Not Applicable,0,,
2024-07-19 23:16:00,CNR6830645784,Driver Not Found,CID105345,eBike,Kadugodi,Koramangala,,,Not Applicable,Not Applicable,Not Applicable,Not Applicable,428,Not Applicable,0,,
2024-07-03 01:34:00,CNR2113260185,Success,CID451262,Auto,Devanahalli,Majestic,77.0,95.0,Not Applicable,Not Applicable,No,Not Applicable,442,UPI,13,3.9,3.3
2024-07-12 16:49:00,CNR3003779943,Canceled by Customer,CID400653,Bike,Banashankari,Padmanabhanagar,,,Change of plans,Not Applicable,Not Applicable,Not Applicable,458,Not Applicable,0,,
2024-07-12 23:52:00,CNR7388360596,Driver Not Found,CID533182,Mini,Koramangala,Kammanahalli,,,Not Applicable,Not Applicable,Not Applicable,Not Applicable,179,Not Applicable,0,,
2024-07-28 01:35:00,CNR9011564863,Success,CID237867,eBike,Bannerghatta Road,Chickpet,259.0,140.0,Not Applicable,Not Applicable,No,Not Applicable,457,Debit Card,37,4.9,4.4
2024-07-02 11:44:00,CNR1751391738,Canceled by Customer,CID962500,Prime SUV,Mysore Road,Marathahalli,,,Driver asked to cancel,Not Applicable,Not Applicable,Not Applicable,183,Not Applicable,0,,
2024-07-08 12:27:00,CNR3075620670,Canceled by Driver,CID626310,Prime Plus,Peenya,Jayanagar,,,Not Applicable,Customer was coughing/sick,Not Applicable,Not Applicable,670,Not Applicable,0,,
2024-07-13 15:10:00,CNR2379134224,Success,CID952113,Prime SUV,Marathahalli,Nagarbhavi,273.0,90.0,Not Applicable,Not Applicable,No,Not Applicable,413,Cash,13,4.6,4.2
2024-07-06 23:58:00,CNR6716571110,Canceled by Customer,CID738587,Prime Plus,Yeshwanthpur,Kammanahalli,,,Driver is not moving towards pickup location,Not Applicable,Not Applicable,Not Applicable,153,Not Applicable,0,,
2024-07-09 12:11:00,CNR6493101001,Success,CID172521,Prime Plus,Langford Town,Majestic,280.0,85.0,Not Applicable,Not Applicable,No,Not Applicable,471,Cash,13,4.6,4.1
2024-07-14 01:23:00,CNR7373449956,Success,CID290555,Auto,JP Nagar,Malleshwaram,56.0,120.0,Not Applicable,Not Applicable,Yes,Vehicle Breakdown,239,Cash,13,4.9,4.8
2024-07-01 06:52:00,CNR3629304916,Success,CID485193,Prime Plus,MG Road,Electronic City,168.0,30.0,Not Applicable,Not Applicable,No,Not Applicable,104,UPI,18,4.6,4.7
2024-07-11 15:26:00,CNR5339604210,Canceled by Customer,CID858597,eBike,Richmond Town,Chickpet,,,AC is Not working,Not Applicable,Not Applicable,Not Applicable,116,Not Applicable,0,,
2024-07-28 04:18:00,CNR3242934439,Driver Not Found,CID257537,Prime Sedan,Tumkur Road,Electronic City,,,Not Applicable,Not Applicable,Not Applicable,Not Applicable,851,Not Applicable,0,,
2024-07-13 18:31:00,CNR4955061587,Success,CID482657,Prime Plus,Shivajinagar,Shantinagar,70.0,125.0,Not Applicable,Not Applicable,No,Not Applicable,265,Cash,4,3.8,4.0
2024-07-13 04:28:00,CNR8849721998,Success,CID609065,Prime SUV,Langford Town,JP Nagar,84.0,25.0,Not Applicable,Not Applicable,No,Not Applicable,817,Cash,41,4.9,4.3
2024-07-04 20:53:00,CNR6483618287,Canceled by Driver,CID228700,Prime Plus,Mysore Road,Langford Town,,,Not Applicable,Customer related issue,Not Applicable,Not Applicable,949,Not Applicable,0,,
2024-07-29 07:33:00,CNR6797071432,Success,CID869437,Auto,Magadi Road,Vijayanagar,280.0,40.0,Not Applicable,Not Applicable,No,Not Applicable,850,UPI,2,4.4,4.5
2024-07-23 20:48:00,CNR7230705397,Success,CID251893,eBike,Peenya,Magadi Road,308.0,125.0,Not Applicable,Not Applicable,No,Not Applicable,369,UPI,26,4.3,3.1
2024-07-27 16:01:00,CNR9521045975,Success,CID238267,Prime Plus,HSR Layout,Peenya,168.0,145.0,Not Applicable,Not Applicable,No,Not Applicable,441,UPI,49,4.0,3.0
2024-07-04 07:31:00,CNR3756608591,Success,CID130443,Prime Sedan,Langford Town,Rajarajeshwari Nagar,84.0,40.0,Not Applicable,Not Applicable,No,Not Applicable,1022,UPI,48,3.3,4.1
2024-07-04 08:54:00,CNR6344734351,Success,CID616384,Mini,Padmanabhanagar,Yelahanka,266.0,35.0,Not Applicable,Not Applicable,No,Not Applicable,482,Cash,23,4.1,4.8
2024-07-14 19:33:00,CNR1183535688,Success,CID206181,Mini,Ulsoor,Jayanagar,147.0,85.0,Not Applicable,Not Applicable,No,Not Applicable,355,UPI,37,4.1,4.1
2024-07-11 15:19:00,CNR8863286538,Success,CID411527,eBike,Hennur,Kengeri,196.0,45.0,Not Applicable,Not Applicable,No,Not Applicable,105,Cash,15,4.4,4.0
2024-07-12 07:45:00,CNR7428508305,Canceled by Driver,CID957326,Auto,Peenya,Sahakar Nagar,,,Not Applicable,Customer related issue,Not Applicable,Not Applicable,324,Not Applicable,0,,
2024-07-30 18:15:00,CNR1956553416,Canceled by Driver,CID382306,Prime SUV,Hosur Road,Devanahalli,,,Not Applicable,Personal & Car related issue,Not Applicable,Not Applicable,926,Not Applicable,0,,
2024-07-13 09:35:00,CNR1538753327,Success,CID986918,Bike,HSR Layout,Vijayanagar,42.0,80.0,Not Applicable,Not Applicable,No,Not Applicable,296,Cash,5,4.5,3.2
2024-07-17 18:24:00,CNR9527263852,Canceled by Driver,CID840695,Prime Sedan,Ramamurthy Nagar,Hulimavu,,,Not Applicable,Personal & Car related issue,Not Applicable,Not Applicable,514,Not Applicable,0,,
2024-07-07 16:41:00,CNR7994182812,Canceled by Driver,CID875491,Prime Plus,Shantinagar,Ulsoor,,,Not Applicable,More than permitted people in there,Not Applicable,Not Applicable,1438,Not Applicable,0,,
2024-07-07 21:47:00,CNR3987469782,Success,CID820976,Prime SUV,Hosur Road,Peenya,210.0,125.0,Not Applicable,Not Applicable,No,Not Applicable,177,Cash,29,4.4,3.4
2024-07-26 00:03:00,CNR9783819603,Canceled by Driver,CID647344,Prime SUV,Hulimavu,RT Nagar,,,Not Applicable,More than permitted people in there,Not Applicable,Not Applicable,871,Not Applicable,0,,
2024-07-25 10:58:00,CNR2869193146,Driver Not Found,CID971073,Prime Sedan,JP Nagar,KR Puram,,,Not Applicable,Not Applicable,Not Applicable,Not Applicable,423,Not Applicable,0,,
2024-07-18 14:46:00,CNR1885986244,Success,CID184403,Prime Plus,Kammanahalli,Malleshwaram,301.0,90.0,Not Applicable,Not Applicable,No,Not Applicable,1448,UPI,5,4.0,4.0
2024-07-25 23:15:00,CNR2885740340,Success,CID454372,Auto,Hennur,HSR Layout,154.0,90.0,Not Applicable,Not Applicable,No,Not Applicable,233,Cash,9,3.4,3.3
2024-07-26 17:00:00,CNR6049295921,Driver Not Found,CID987914,Prime Plus,Rajajinagar,Kadugodi,,,Not Applicable,Not Applicable,Not Applicable,Not Applicable,374,Not Applicable,0,,
2024-07-11 00:53:00,CNR4012067565,Success,CID904850,Prime Sedan,Chamarajpet,Magadi Road,210.0,50.0,Not Applicable,Not Applicable,No,Not Applicable,760,Cash,16,4.8,3.9
2024-07-30 17:16:00,CNR3527213276,Canceled by Customer,CID871670,Prime Plus,MG Road,Koramangala,,,Driver is not moving towards pickup location,Not Applicable,Not Applicable,Not Applicable,315,Not Applicable,0,,
2024-07-26 02:08:00,CNR3346769565,Canceled by Driver,CID285314,Prime SUV,Basavanagudi,Langford Town,,,Not Applicable,Customer related issue,Not Applicable,Not Applicable,948,Not Applicable,0,,
2024-07-03 01:50:00,CNR4813576180,Canceled by Driver,CID736324,Prime SUV,Richmond Town,Magadi Road,,,Not Applicable,Personal & Car related issue,Not Applicable,Not Applicable,223,Not Applicable,0,,
2024-07-02 06:05:00,CNR6135405917,Success,CID999694,Prime Sedan,Bannerghatta Road,Padmanabhanagar,266.0,100.0,Not Applicable,Not Applicable,No,Not Applicable,210,UPI,44,4.9,4.7
2024-07-30 04:17:00,CNR3373233720,Success,CID951762,Prime SUV,Koramangala,Yelahanka,301.0,115.0,Not Applicable,Not Applicable,No,Not Applicable,103,Cash,27,3.4,3.9
2024-07-06 22:54:00,CNR7299308420,Canceled by Customer,CID523739,Mini,Majestic,Mysore Road,,,Driver asked to cancel,Not Applicable,Not Applicable,Not Applicable,366,Not Applicable,0,,
2024-07-29 23:57:00,CNR2261259261,Success,CID419167,Bike,BTM Layout,Shantinagar,119.0,145.0,Not Applicable,Not Applicable,No,Not Applicable,2639,Cash,31,4.4,3.9
2024-07-20 23:38:00,CNR1183010498,Success,CID349195,Prime Sedan,Indiranagar,Sarjapur Road,84.0,50.0,Not Applicable,Not Applicable,No,Not Applicable,217,Cash,26,4.9,4.3
2024-07-08 03:33:00,CNR2473855835,Canceled by Driver,CID447628,Prime SUV,Shivajinagar,Padmanabhanagar,,,Not Applicable,Personal & Car related issue,Not Applicable,Not Applicable,295,Not Applicable,0,,
2024-07-17 17:42:00,CNR4964180018,Canceled by Driver,CID878091,Prime Sedan,Langford Town,Hebbal,,,Not Applicable,Personal & Car related issue,Not Applicable,Not Applicable,130,Not Applicable,0,,
2024-07-29 17:07:00,CNR4985840153,Canceled by Driver,CID318016,Prime Sedan,Bellandur,Koramangala,,,Not Applicable,More than permitted people in there,Not Applicable,Not Applicable,769,Not Applicable,0,,
2024-07-20 21:44:00,CNR5887528864,Success,CID863544,Prime Sedan,Langford Town,Shivajinagar,70.0,110.0,Not Applicable,Not Applicable,No,Not Applicable,510,UPI,29,4.1,4.6
2024-07-06 03:45:00,CNR1372854966,Success,CID791024,Prime SUV,Kammanahalli,Langford Town,63.0,145.0,Not Applicable,Not Applicable,No,Not Applicable,300,Cash,1,4.2,3.5
2024-07-12 14:24:00,CNR5218557089,Driver Not Found,CID918609,Auto,Richmond Town,Malleshwaram,,,Not Applicable,Not Applicable,Not Applicable,Not Applicable,371,Not Applicable,0,,
2024-07-16 03:19:00,CNR7969748391,Canceled by Customer,CID288574,Bike,Koramangala,Rajarajeshwari Nagar,,,Driver is not moving towards pickup location,Not Applicable,Not Applicable,Not Applicable,587,Not Applicable,0,,
2024-07-29 02:41:00,CNR3729916744,Success,CID647346,Auto,Yelahanka,Hosur Road,238.0,45.0,Not Applicable,Not Applicable,No,Not Applicable,341,Cash,2,3.6,3.3
2024-07-15 23:19:00,CNR3219870810,Canceled by Driver,CID349865,Prime Sedan,Ulsoor,Rajajinagar,,,Not Applicable,Customer was coughing/sick,Not Applicable,Not Applicable,453,Not Applicable,0,,
2024-07-01 03:34:00,CNR5551607444,Success,CID761968,Mini,Magadi Road,Chamarajpet,210.0,135.0,Not Applicable,Not Applicable,No,Not Applicable,278,UPI,35,4.1,4.7
2024-07-12 06:47:00,CNR7080372929,Success,CID998386,Mini,Kadugodi,Bannerghatta Road,42.0,130.0,Not Applicable,Not Applicable,No,Not Applicable,396,Credit Card,48,3.9,4.5
2024-07-03 13:20:00,CNR7868239261,Success,CID558377,eBike,JP Nagar,Ulsoor,252.0,50.0,Not Applicable,Not Applicable,No,Not Applicable,450,UPI,13,4.2,3.5
2024-07-04 17:21:00,CNR4980604421,Canceled by Driver,CID500886,Prime SUV,RT Nagar,Sahakar Nagar,,,Not Applicable,Customer was coughing/sick,Not Applicable,Not Applicable,113,Not Applicable,0,,
2024-07-16 22:17:00,CNR4160367244,Success,CID756182,Prime Sedan,Chickpet,Sarjapur Road,238.0,125.0,Not Applicable,Not Applicable,No,Not Applicable,208,Cash,9,4.8,4.7
2024-07-15 21:26:00,CNR4456318756,Success,CID142586,Prime Plus,Magadi Road,Tumkur Road,84.0,60.0,Not Applicable,Not Applicable,No,Not Applicable,421,UPI,9,4.4,4.5
2024-07-01 19:23:00,CNR2212054118,Canceled by Driver,CID105438,eBike,Padmanabhanagar,KR Puram,,,Not Applicable,More than permitted people in there,Not Applicable,Not Applicable,283,Not Applicable,0,,
2024-07-21 19:02:00,CNR1838260863,Canceled by Customer,CID733301,eBike,Majestic,Chickpet,,,Driver asked to cancel,Not Applicable,Not Applicable,Not Applicable,679,Not Applicable,0,,
2024-07-21 06:58:00,CNR7077080381,Canceled by Customer,CID752717,Auto,MG Road,Bellandur,,,AC is Not working,Not Applicable,Not Applicable,Not Applicable,411,Not Applicable,0,,
2024-07-12 21:37:00,CNR3829391865,Success,CID492281,Prime Plus,Hebbal,Hebbal,175.0,115.0,Not Applicable,Not Applicable,No,Not Applicable,205,UPI,12,3.6,4.6
2024-07-22 13:20:00,CNR3498719371,Success,CID555318,Prime Sedan,HSR Layout,Majestic,308.0,125.0,Not Applicable,Not Applicable,No,Not Applicable,413,Cash,48,3.4,4.0
2024-07-08 10:04:00,CNR5002285061,Driver Not Found,CID932913,Prime Plus,Mysore Road,Varthur,,,Not Applicable,Not Applicable,Not Applicable,Not Applicable,128,Not Applicable,0,,
2024-07-06 16:36:00,CNR5759743400,Success,CID543418,Prime SUV,Rajarajeshwari Nagar,Cox Town,217.0,110.0,Not Applicable,Not Applicable,No,Not Applicable,552,Cash,23,3.5,3.5
2024-07-17 05:18:00,CNR2640686630,Canceled by Driver,CID692740,Mini,Langford Town,Majestic,,,Not Applicable,Customer was coughing/sick,Not Applicable,Not Applicable,318,Not Applicable,0,,
2024-07-18 05:46:00,CNR3929406346,Success,CID223119,Prime Sedan,Chamarajpet,Hebbal,105.0,145.0,Not Applicable,Not Applicable,No,Not Applicable,849,UPI,21,4.8,4.4
2024-07-30 22:10:00,CNR4454266010,Success,CID225916,Prime SUV,Magadi Road,Shantinagar,77.0,85.0,Not Applicable,Not Applicable,No,Not Applicable,263,UPI,34,3.2,4.7
2024-07-13 00:08:00,CNR7900052674,Success,CID536500,Mini,Magadi Road,Cox Town,77.0,80.0,Not Applicable,Not Applicable,No,Not Applicable,385,Cash,27,4.4,4.7
2024-07-20 09:35:00,CNR4909356442,Success,CID952884,Prime SUV,Basavanagudi,Rajarajeshwari Nagar,182.0,95.0,Not Applicable,Not Applicable,No,Not Applicable,635,Cash,11,3.3,4.3
2024-07-24 11:05:00,CNR5831748370,Success,CID680281,Prime Sedan,Ulsoor,Hennur,77.0,75.0,Not Applicable,Not Applicable,Yes,Vehicle Breakdown,186,UPI,13,3.6,3.9
2024-07-09 08:55:00,CNR8128541734,Success,CID155531,Prime Plus,Sahakar Nagar,Ramamurthy Nagar,49.0,90.0,Not Applicable,Not Applicable,No,Not Applicable,112,Cash,39,3.7,3.2
2024-07-03 14:12:00,CNR2160604193,Success,CID746563,Bike,Padmanabhanagar,Hebbal,224.0,75.0,Not Applicable,Not Applicable,No,Not Applicable,988,Cash,45,4.8,3.6
2024-07-13 17:24:00,CNR6984444358,Canceled by Customer,CID317396,Mini,Rajarajeshwari Nagar,Malleshwaram,,,Driver asked to cancel,Not Applicable,Not Applicable,Not Applicable,118,Not Applicable,0,,
2024-07-28 21:26:00,CNR8289941105,Success,CID792940,Mini,Devanahalli,Hennur,35.0,65.0,Not Applicable,Not Applicable,No,Not Applicable,1560,Cash,18,4.7,3.4
2024-07-01 09:25:00,CNR9377071195,Success,CID768769,Prime Sedan,Sarjapur Road,Peenya,140.0,75.0,Not Applicable,Not Applicable,Yes,Vehicle Breakdown,309,Credit Card,44,5.0,5.0
2024-07-02 19:07:00,CNR4281043367,Success,CID107468,Mini,Frazer Town,Bellandur,147.0,45.0,Not Applicable,Not Applicable,No,Not Applicable,120,Cash,13,3.4,3.5
2024-07-18 19:19:00,CNR9907263164,Success,CID760273,Prime SUV,Basavanagudi,Koramangala,252.0,95.0,Not Applicable,Not Applicable,No,Not Applicable,451,Cash,28,3.5,4.8
2024-07-08 05:47:00,CNR4010493655,Success,CID249547,Mini,Hosur Road,Basavanagudi,224.0,45.0,Not Applicable,Not Applicable,No,Not Applicable,1011,UPI,22,3.6,4.2
2024-07-19 10:17:00,CNR4333156910,Canceled by Driver,CID578242,Bike,Chickpet,Marathahalli,,,Not Applicable,Personal & Car related issue,Not Applicable,Not Applicable,188,Not Applicable,0,,
2024-07-04 07:15:00,CNR8862490136,Success,CID428364,Prime SUV,Indiranagar,Hulimavu,189.0,135.0,Not Applicable,Not Applicable,No,Not Applicable,189,UPI,5,4.1,4.6
2024-07-18 07:36:00,CNR8395333952,Canceled by Driver,CID440465,Prime Plus,Langford Town,RT Nagar,,,Not Applicable,Personal & Car related issue,Not Applicable,Not Applicable,188,Not Applicable,0,,
2024-07-03 14:32:00,CNR9119900752,Success,CID490399,Bike,Bellandur,Langford Town,301.0,135.0,Not Applicable,Not Applicable,No,Not Applicable,275,UPI,16,3.2,4.7
2024-07-10 23:43:00,CNR8148066211,Driver Not Found,CID663853,Prime Sedan,Richmond Town,Magadi Road,,,Not Applicable,Not Applicable,Not Applicable,Not Applicable,118,Not Applicable,0,,
2024-07-11 03:00:00,CNR7533111980,Success,CID622040,Bike,Richmond Town,Yeshwanthpur,273.0,130.0,Not Applicable,Not Applicable,No,Not Applicable,369,Cash,30,4.4,4.8
2024-07-23 04:11:00,CNR3842196594,Success,CID121807,Auto,Hennur,Shantinagar,133.0,75.0,Not Applicable,Not Applicable,No,Not Applicable,108,Cash,16,3.1,3.1
2024-07-04 18:34:00,CNR8829978549,Canceled by Customer,CID796472,Prime Sedan,Chamarajpet,Kadugodi,,,Driver asked to cancel,Not Applicable,Not Applicable,Not Applicable,965,Not Applicable,0,,
2024-07-16 23:03:00,CNR6717286360,Success,CID480240,eBike,Yeshwanthpur,HSR Layout,154.0,45.0,Not Applicable,Not Applicable,No,Not Applicable,1883,Cash,47,4.2,4.3
2024-07-09 05:33:00,CNR4116465768,Canceled by Customer,CID791826,Bike,Kengeri,BTM Layout,,,Driver is not moving towards pickup location,Not Applicable,Not Applicable,Not Applicable,386,Not Applicable,0,,
2024-07-25 17:48:00,CNR8511483624,Success,CID601487,Bike,Majestic,Hulimavu,287.0,145.0,Not Applicable,Not Applicable,No,Not Applicable,374,UPI,20,4.0,4.0
2024-07-01 02:05:00,CNR5658866654,Success,CID646144,Mini,Koramangala,HSR Layout,217.0,25.0,Not Applicable,Not Applicable,Yes,Vehicle Breakdown,2811,Credit Card,28,3.9,3.8
2024-07-15 19:48:00,CNR3053275874,Success,CID659315,Prime SUV,Bannerghatta Road,Jayanagar,147.0,30.0,Not Applicable,Not Applicable,No,Not Applicable,271,Debit Card,18,4.7,3.9
2024-07-08 04:45:00,CNR5000713720,Success,CID239837,Prime SUV,Tumkur Road,Basavanagudi,63.0,50.0,Not Applicable,Not Applicable,No,Not Applicable,380,Cash,26,3.2,5.0
2024-07-23 09:30:00,CNR4862903118,Success,CID906239,Bike,KR Puram,BTM Layout,182.0,75.0,Not Applicable,Not Applicable,No,Not Applicable,199,Cash,16,4.6,3.7
2024-07-12 11:41:00,CNR4878642014,Success,CID763807,Prime Plus,Shivajinagar,Langford Town,266.0,30.0,Not Applicable,Not Applicable,No,Not Applicable,705,UPI,24,3.4,4.9
2024-07-04 16:19:00,CNR2633454346,Canceled by Driver,CID574536,Bike,Indiranagar,Mysore Road,,,Not Applicable,More than permitted people in there,Not Applicable,Not Applicable,136,Not Applicable,0,,
2024-07-19 07:56:00,CNR8400611724,Canceled by Customer,CID767130,Prime SUV,Ramamurthy Nagar,Electronic City,,,Driver is not moving towards pickup location,Not Applicable,Not Applicable,Not Applicable,542,Not Applicable,0,,
2024-07-11 23:11:00,CNR8176970639,Success,CID317217,Prime Plus,JP Nagar,Kammanahalli,119.0,100.0,Not Applicable,Not Applicable,No,Not Applicable,388,Cash,26,4.8,3.2
2024-07-22 02:54:00,CNR3228981451,Success,CID465105,eBike,Devanahalli,Whitefield,42.0,115.0,Not Applicable,Not Applicable,No,Not Applicable,283,UPI,13,3.5,5.0
2024-07-29 06:37:00,CNR7567397881,Success,CID462789,Prime Sedan,BTM Layout,Kadugodi,217.0,105.0,Not Applicable,Not Applicable,No,Not Applicable,385,Cash,19,4.9,3.7
2024-07-06 19:48:00,CNR2834710902,Canceled by Customer,CID174242,Prime Plus,Shantinagar,Kammanahalli,,,AC is Not working,Not Applicable,Not Applicable,Not Applicable,195,Not Applicable,0,,
2024-07-15 03:01:00,CNR4805928370,Canceled by Driver,CID862275,Mini,Chickpet,Frazer Town,,,Not Applicable,Customer related issue,Not Applicable,Not Applicable,861,Not Applicable,0,,
2024-07-08 11:03:00,CNR8967569429,Canceled by Driver,CID951774,eBike,Varthur,Malleshwaram,,,Not Applicable,Personal & Car related issue,Not Applicable,Not Applicable,573,Not Applicable,0,,
2024-07-09 05:52:00,CNR1162485071,Canceled by Driver,CID859699,Prime Sedan,Rajarajeshwari Nagar,Kengeri,,,Not Applicable,Personal & Car related issue,Not Applicable,Not Applicable,941,Not Applicable,0,,
2024-07-22 18:44:00,CNR7824678537,Success,CID802906,Auto,Richmond Town,Rajarajeshwari Nagar,259.0,50.0,Not Applicable,Not Applicable,No,Not Applicable,360,Cash,10,4.4,4.7
2024-07-24 01:52:00,CNR2032777699,Driver Not Found,CID722776,Auto,Hebbal,MG Road,,,Not Applicable,Not Applicable,Not Applicable,Not Applicable,465,Not Applicable,0,,
2024-07-05 14:25:00,CNR3637686970,Success,CID202782,Prime Plus,Hebbal,HSR Layout,42.0,55.0,Not Applicable,Not Applicable,No,Not Applicable,290,Cash,21,4.6,3.4
2024-07-25 23:45:00,CNR6819239214,Success,CID256306,Auto,Hennur,Frazer Town,182.0,45.0,Not Applicable,Not Applicable,No,Not Applicable,310,UPI,3,4.6,3.9
2024-07-21 23:52:00,CNR2781827004,Canceled by Customer,CID740984,Prime SUV,Whitefield,Frazer Town,,,Wrong Address,Not Applicable,Not Applicable,Not Applicable,176,Not Applicable,0,,
2024-07-23 01:32:00,CNR9656856624,Canceled by Driver,CID506255,Prime Plus,Kengeri,Basavanagudi,,,Not Applicable,Customer related issue,Not Applicable,Not Applicable,911,Not Applicable,0,,
2024-07-29 01:18:00,CNR8312598103,Canceled by Driver,CID196949,Prime SUV,Padmanabhanagar,Whitefield,,,Not Applicable,Customer related issue,Not Applicable,Not Applicable,109,Not Applicable,0,,
2024-07-04 00:54:00,CNR3795269530,Success,CID181116,Auto,Yelahanka,Sarjapur Road,147.0,65.0,Not Applicable,Not Applicable,No,Not Applicable,726,Cash,15,4.5,4.1
2024-07-18 05:41:00,CNR1131046320,Canceled by Driver,CID583867,Mini,Ulsoor,Cox Town,,,Not Applicable,Customer related issue,Not Applicable,Not Applicable,341,Not Applicable,0,,
2024-07-18 22:19:00,CNR5220842204,Success,CID105006,Bike,Kadugodi,Sahakar Nagar,301.0,95.0,Not Applicable,Not Applicable,No,Not Applicable,466,UPI,39,3.6,3.8
2024-07-07 07:18:00,CNR6827006042,Driver Not Found,CID831059,Prime SUV,Magadi Road,HSR Layout,,,Not Applicable,Not Applicable,Not Applicable,Not Applicable,617,Not Applicable,0,,
2024-07-22 00:23:00,CNR4269423913,Success,CID134427,Prime Plus,Vijayanagar,Hennur,189.0,105.0,Not Applicable,Not Applicable,No,Not Applicable,2261,Cash,28,3.3,5.0
2024-07-12 04:32:00,CNR3193058166,Success,CID571530,Mini,Whitefield,Kadugodi,182.0,80.0,Not Applicable,Not Applicable,No,Not Applicable,463,UPI,29,3.9,3.4
2024-07-17 18:46:00,CNR6417793148,Canceled by Driver,CID491365,Bike,Padmanabhanagar,Frazer Town,,,Not Applicable,Customer was coughing/sick,Not Applicable,Not Applicable,490,Not Applicable,0,,
2024-07-29 06:04:00,CNR3761821621,Canceled by Customer,CID227312,Auto,Vijayanagar,HSR Layout,,,Change of plans,Not Applicable,Not Applicable,Not Applicable,435,Not Applicable,0,,
2024-07-02 06:10:00,CNR7870394406,Success,CID757799,Bike,Koramangala,Chickpet,168.0,145.0,Not Applicable,Not Applicable,No,Not Applicable,175,UPI,23,5.0,4.6
2024-07-11 13:49:00,CNR9576390400,Success,CID498813,Mini,RT Nagar,Magadi Road,154.0,130.0,Not Applicable,Not Applicable,No,Not Applicable,491,Cash,14,3.1,3.5
2024-07-12 15:25:00,CNR1152959933,Success,CID733440,Prime SUV,Yeshwanthpur,Frazer Town,91.0,35.0,Not Applicable,Not Applicable,No,Not Applicable,1325,Cash,16,4.2,4.6
2024-07-04 14:31:00,CNR6234227757,Canceled by Driver,CID941540,eBike,Shantinagar,Varthur,,,Not Applicable,More than permitted people in there,Not Applicable,Not Applicable,409,Not Applicable,0,,
2024-07-14 10:09:00,CNR9125538844,Success,CID846640,Auto,Yelahanka,Hulimavu,224.0,125.0,Not Applicable,Not Applicable,No,Not Applicable,2343,Cash,12,5.0,3.4
2024-07-02 21:17:00,CNR2436213912,Success,CID590204,Auto,Marathahalli,Hennur,77.0,60.0,Not Applicable,Not Applicable,No,Not Applicable,666,Cash,7,5.0,4.2
2024-07-17 05:34:00,CNR3994686232,Success,CID937178,Prime Sedan,Cox Town,Hennur,308.0,40.0,Not Applicable,Not Applicable,No,Not Applicable,930,UPI,26,3.3,3.2
2024-07-12 20:32:00,CNR3875820061,Canceled by Driver,CID410417,eBike,Shivajinagar,Shantinagar,,,Not Applicable,Customer related issue,Not Applicable,Not Applicable,531,Not Applicable,0,,
2024-07-10 04:20:00,CNR7151091686,Success,CID725468,eBike,JP Nagar,Electronic City,175.0,55.0,Not Applicable,Not Applicable,No,Not Applicable,492,UPI,2,3.4,4.0
2024-07-08 16:55:00,CNR5553412013,Success,CID294296,Auto,Whitefield,Nagarbhavi,196.0,145.0,Not Applicable,Not Applicable,No,Not Applicable,128,UPI,13,3.5,4.1
2024-07-09 20:10:00,CNR7002174266,Success,CID228304,Prime SUV,Varthur,KR Puram,196.0,45.0,Not Applicable,Not Applicable,No,Not Applicable,238,Cash,30,4.9,4.6
2024-07-15 03:33:00,CNR4001056687,Canceled by Driver,CID259970,Prime Plus,Koramangala,Nagarbhavi,,,Not Applicable,Customer related issue,Not Applicable,Not Applicable,123,Not Applicable,0,,
2024-07-23 23:46:00,CNR6814204304,Success,CID139263,eBike,JP Nagar,Shantinagar,84.0,135.0,Not Applicable,Not Applicable,No,Not Applicable,1556,UPI,11,4.4,3.4
2024-07-18 12:41:00,CNR7178940124,Success,CID758601,Auto,Nagarbhavi,Nagarbhavi,301.0,110.0,Not Applicable,Not Applicable,No,Not Applicable,302,Cash,4,4.9,3.2
2024-07-03 04:13:00,CNR4625851971,Canceled by Customer,CID622677,Mini,MG Road,Kengeri,,,Driver asked to cancel,Not Applicable,Not Applicable,Not Applicable,371,Not Applicable,0,,
2024-07-02 10:59:00,CNR3331460757,Success,CID820799,Bike,Langford Town,Frazer Town,189.0,85.0,Not Applicable,Not Applicable,No,Not Applicable,454,UPI,10,3.7,4.6
2024-07-07 07:20:00,CNR8940514926,Canceled by Driver,CID322244,eBike,Banashankari,Tumkur Road,,,Not Applicable,Personal & Car related issue,Not Applicable,Not Applicable,270,Not Applicable,0,,
2024-07-01 21:00:00,CNR8218695002,Success,CID218138,Mini,Mysore Road,Chickpet,259.0,120.0,Not Applicable,Not Applicable,No,Not Applicable,423,UPI,30,4.2,3.0
2024-07-26 16:56:00,CNR7620138449,Driver Not Found,CID333865,Prime Sedan,Koramangala,Koramangala,,,Not Applicable,Not Applicable,Not Applicable,Not Applicable,314,Not Applicable,0,,
2024-07-16 16:00:00,CNR9734452192,Success,CID388852,Prime SUV,Koramangala,Cox Town,98.0,110.0,Not Applicable,Not Applicable,No,Not Applicable,247,UPI,13,4.8,3.5
2024-07-16 20:40:00,CNR4319608344,Success,CID922388,eBike,Rajarajeshwari Nagar,Malleshwaram,42.0,85.0,Not Applicable,Not Applicable,No,Not Applicable,425,Cash,28,3.4,4.3
2024-07-06 18:44:00,CNR6559893070,Success,CID876147,Auto,Hennur,Ulsoor,112.0,35.0,Not Applicable,Not Applicable,No,Not Applicable,422,UPI,1,4.7,3.4
2024-07-08 23:51:00,CNR3671138977,Success,CID246086,Prime Sedan,Chamarajpet,RT Nagar,70.0,60.0,Not Applicable,Not Applicable,No,Not Applicable,474,Cash,4,4.3,4.2
2024-07-26 00:32:00,CNR2395845519,Success,CID807792,Bike,Jayanagar,Bannerghatta Road,133.0,65.0,Not Applicable,Not Applicable,No,Not Applicable,2294,UPI,2,4.0,4.1
2024-07-07 18:16:00,CNR7099778667,Success,CID378232,Prime Plus,Magadi Road,Ulsoor,42.0,110.0,Not Applicable,Not Applicable,No,Not Applicable,412,UPI,36,3.1,3.9
2024-07-20 17:44:00,CNR2209740210,Success,CID440918,Prime Sedan,Kadugodi,Ulsoor,84.0,130.0,Not Applicable,Not Applicable,Yes,Vehicle Breakdown,505,Cash,29,3.5,4.6
2024-07-08 07:52:00,CNR7236940740,Success,CID172851,eBike,Yelahanka,Hennur,266.0,60.0,Not Applicable,Not Applicable,No,Not Applicable,385,Cash,4,3.2,3.9
2024-07-15 19:51:00,CNR7427134734,Driver Not Found,CID953851,Prime Sedan,Yeshwanthpur,Shivajinagar,,,Not Applicable,Not Applicable,Not Applicable,Not Applicable,171,Not Applicable,0,,
2024-07-29 00:04:00,CNR5040421100,Driver Not Found,CID459041,Prime Sedan,Mysore Road,HSR Layout,,,Not Applicable,Not Applicable,Not Applicable,Not Applicable,574,Not Applicable,0,,
2024-07-23 18:28:00,CNR7318901382,Canceled by Driver,CID432699,Bike,Kengeri,Rajajinagar,,,Not Applicable,Personal & Car related issue,Not Applicable,Not Applicable,366,Not Applicable,0,,
2024-07-08 14:44:00,CNR9326543090,Canceled by Driver,CID562184,Auto,Vijayanagar,Varthur,,,Not Applicable,More than permitted people in there,Not Applicable,Not Applicable,323,Not Applicable,0,,
2024-07-04 06:14:00,CNR4280029976,Canceled by Driver,CID242717,Mini,Peenya,Chamarajpet,,,Not Applicable,Customer related issue,Not Applicable,Not Applicable,334,Not Applicable,0,,
2024-07-16 01:11:00,CNR3055395712,Canceled by Customer,CID308291,eBike,Devanahalli,Frazer Town,,,Driver is not moving towards pickup location,Not Applicable,Not Applicable,Not Applicable,269,Not Applicable,0,,
2024-07-08 11:49:00,CNR1311613156,Success,CID299492,Prime Plus,Marathahalli,Nagarbhavi,126.0,120.0,Not Applicable,Not Applicable,No,Not Applicable,874,UPI,31,3.2,4.2
2024-07-23 01:45:00,CNR8901348715,Canceled by Driver,CID838179,Prime Plus,Magadi Road,Cox Town,,,Not Applicable,More than permitted people in there,Not Applicable,Not Applicable,212,Not Applicable,0,,
2024-07-29 06:21:00,CNR6436978065,Success,CID867792,Bike,Majestic,Bannerghatta Road,203.0,130.0,Not Applicable,Not Applicable,No,Not Applicable,175,Cash,41,4.5,4.7
2024-07-30 18:58:00,CNR5830351478,Success,CID736699,eBike,MG Road,Kammanahalli,35.0,25.0,Not Applicable,Not Applicable,No,Not Applicable,386,Cash,43,3.0,3.2
2024-07-08 11:59:00,CNR3651594843,Canceled by Driver,CID219554,eBike,Kadugodi,Bannerghatta Road,,,Not Applicable,Customer related issue,Not Applicable,Not Applicable,1887,Not Applicable,0,,
2024-07-12 12:04:00,CNR2817282048,Success,CID770720,Mini,Hebbal,Marathahalli,49.0,105.0,Not Applicable,Not Applicable,No,Not Applicable,247,Cash,19,3.3,4.6
2024-07-02 07:56:00,CNR1363750570,Success,CID637430,Bike,Devanahalli,Bannerghatta Road,98.0,55.0,Not Applicable,Not Applicable,No,Not Applicable,1341,Cash,22,4.1,4.8
2024-07-23 05:26:00,CNR9217400819,Driver Not Found,CID867117,Auto,Kammanahalli,Whitefield,,,Not Applicable,Not Applicable,Not Applicable,Not Applicable,143,Not Applicable,0,,
2024-07-23 18:17:00,CNR1617981222,Canceled by Customer,CID164812,eBike,Varthur,Frazer Town,,,Change of plans,Not Applicable,Not Applicable,Not Applicable,375,Not Applicable,0,,
2024-07-29 09:49:00,CNR1878225367,Success,CID923804,Bike,Rajarajeshwari Nagar,Sahakar Nagar,63.0,80.0,Not Applicable,Not Applicable,Yes,Vehicle Breakdown,137,Credit Card,49,4.1,4.5
2024-07-13 21:53:00,CNR1575618741,Success,CID976923,Prime Sedan,Shivajinagar,Indiranagar,77.0,40.0,Not Applicable,Not Applicable,No,Not Applicable,1493,UPI,16,3.7,4.7
2024-07-02 05:56:00,CNR3855996614,Canceled by Customer,CID974272,Bike,Banashankari,Banashankari,,,Driver is not moving towards pickup location,Not Applicable,Not Applicable,Not Applicable,492,Not Applicable,0,,
2024-07-28 01:35:00,CNR9240877569,Success,CID686797,Bike,Basavanagudi,Tumkur Road,56.0,145.0,Not Applicable,Not Applicable,No,Not Applicable,240,Cash,15,4.2,4.5
2024-07-04 16:03:00,CNR1175127332,Success,CID698492,Prime Sedan,Kengeri,Vijayanagar,175.0,30.0,Not Applicable,Not Applicable,No,Not Applicable,481,Cash,33,3.4,4.7
2024-07-19 08:13:00,CNR1662013991,Success,CID944556,Prime Sedan,Electronic City,Kengeri,84.0,65.0,Not Applicable,Not Applicable,No,Not Applicable,2419,UPI,29,3.8,3.5
2024-07-03 17:43:00,CNR7453809290,Success,CID820815,Prime Plus,Frazer Town,Kadugodi,70.0,60.0,Not Applicable,Not Applicable,No,Not Applicable,413,Cash,35,3.2,4.7
2024-07-22 20:48:00,CNR3276083467,Success,CID132477,Prime SUV,Sahakar Nagar,Yelahanka,56.0,130.0,Not Applicable,Not Applicable,No,Not Applicable,844,Cash,8,4.6,3.1
2024-07-17 08:05:00,CNR5985315174,Success,CID156540,Prime Plus,Basavanagudi,Bellandur,49.0,55.0,Not Applicable,Not Applicable,No,Not Applicable,459,Cash,16,3.5,4.3
2024-07-15 04:46:00,CNR2891104437,Success,CID760267,Bike,Basavanagudi,Shivajinagar,56.0,115.0,Not Applicable,Not Applicable,No,Not Applicable,397,Cash,30,4.4,3.8
2024-07-08 23:17:00,CNR1025178555,Canceled by Driver,CID819849,Auto,Shantinagar,Basavanagudi,,,Not Applicable,Customer related issue,Not Applicable,Not Applicable,406,Not Applicable,0,,
2024-07-13 13:56:00,CNR7687027513,Success,CID647377,Mini,KR Puram,Peenya,231.0,100.0,Not Applicable,Not Applicable,No,Not Applicable,944,Cash,27,3.1,4.0
2024-07-23 16:39:00,CNR4619660349,Canceled by Customer,CID897001,Auto,Banashankari,Rajarajeshwari Nagar,,,AC is Not working,Not Applicable,Not Applicable,Not Applicable,1412,Not Applicable,0,,
2024-07-21 22:29:00,CNR1743288302,Canceled by Customer,CID407239,Mini,JP Nagar,Hennur,,,AC is Not working,Not Applicable,Not Applicable,Not Applicable,1018,Not Applicable,0,,
2024-07-25 18:23:00,CNR1279970833,Success,CID573229,Prime Plus,Frazer Town,KR Puram,84.0,100.0,Not Applicable,Not Applicable,No,Not Applicable,261,Cash,38,3.3,3.6
2024-07-16 02:47:00,CNR8665612623,Success,CID258284,eBike,JP Nagar,Ramamurthy Nagar,210.0,75.0,Not Applicable,Not Applicable,No,Not Applicable,366,UPI,47,3.9,3.6
2024-07-17 16:35:00,CNR2765580786,Success,CID688658,Prime SUV,Hebbal,Magadi Road,294.0,110.0,Not Applicable,Not Applicable,No,Not Applicable,575,Cash,29,3.5,4.2
2024-07-08 01:23:00,CNR8111814426,Success,CID197905,Prime Sedan,Devanahalli,Nagarbhavi,98.0,115.0,Not Applicable,Not Applicable,No,Not Applicable,121,UPI,30,3.0,4.0
2024-07-27 22:45:00,CNR9652114398,Success,CID513578,Bike,MG Road,Shantinagar,63.0,45.0,Not Applicable,Not Applicable,No,Not Applicable,335,Cash,4,3.8,4.7
2024-07-28 23:21:00,CNR8309671912,Driver Not Found,CID753714,Auto,Yeshwanthpur,Banashankari,,,Not Applicable,Not Applicable,Not Applicable,Not Applicable,818,Not Applicable,0,,
2024-07-29 14:40:00,CNR5330302379,Success,CID954642,Prime Sedan,Yeshwanthpur,Langford Town,56.0,55.0,Not Applicable,Not Applicable,No,Not Applicable,137,Cash,30,5.0,3.3
2024-07-11 14:35:00,CNR9224362949,Success,CID693717,Prime SUV,Kammanahalli,Kengeri,112.0,125.0,Not Applicable,Not Applicable,No,Not Applicable,320,Cash,11,4.9,3.4
2024-07-23 12:30:00,CNR3439474192,Canceled by Customer,CID707905,Prime SUV,RT Nagar,Bellandur,,,Driver is not moving towards pickup location,Not Applicable,Not Applicable,Not Applicable,1030,Not Applicable,0,,
2024-07-03 13:48:00,CNR6060641388,Canceled by Driver,CID429198,eBike,Electronic City,Basavanagudi,,,Not Applicable,Customer related issue,Not Applicable,Not Applicable,689,Not Applicable,0,,
2024-07-15 10:28:00,CNR2239820420,Success,CID755625,Auto,KR Puram,Malleshwaram,287.0,80.0,Not Applicable,Not Applicable,No,Not Applicable,2142,Cash,7,4.2,3.2
2024-07-25 07:51:00,CNR3199866971,Canceled by Customer,CID231181,eBike,Vijayanagar,Richmond Town,,,Driver asked to cancel,Not Applicable,Not Applicable,Not Applicable,486,Not Applicable,0,,
2024-07-17 23:35:00,CNR3783970173,Success,CID328873,Mini,Cox Town,Bellandur,42.0,115.0,Not Applicable,Not Applicable,No,Not Applicable,198,Cash,19,3.5,4.0
2024-07-06 17:25:00,CNR3671779775,Success,CID752618,Bike,Electronic City,Sahakar Nagar,245.0,135.0,Not Applicable,Not Applicable,No,Not Applicable,517,Cash,42,3.8,4.6
2024-07-24 14:37:00,CNR6816277270,Success,CID459177,eBike,Varthur,Hosur Road,147.0,140.0,Not Applicable,Not Applicable,Yes,Customer Demand,264,Cash,10,4.6,3.1
2024-07-18 06:05:00,CNR7593812824,Success,CID390382,Prime Sedan,Ulsoor,Sahakar Nagar,126.0,130.0,Not Applicable,Not Applicable,No,Not Applicable,462,UPI,10,3.0,3.5
2024-07-27 22:17:00,CNR9649225962,Success,CID523919,Mini,Hulimavu,Tumkur Road,42.0,100.0,Not Applicable,Not Applicable,No,Not Applicable,757,UPI,25,3.2,4.4
2024-07-16 02:09:00,CNR7721789970,Driver Not Found,CID266827,Auto,Rajajinagar,Mysore Road,,,Not Applicable,Not Applicable,Not Applicable,Not Applicable,657,Not Applicable,0,,
2024-07-22 03:19:00,CNR1419598770,Success,CID651659,eBike,Majestic,Marathahalli,77.0,95.0,Not Applicable,Not Applicable,No,Not Applicable,994,UPI,17,4.7,3.3
2024-07-01 23:05:00,CNR8988017668,Driver Not Found,CID875989,eBike,Hulimavu,Sahakar Nagar,,,Not Applicable,Not Applicable,Not Applicable,Not Applicable,584,Not Applicable,0,,
2024-07-15 19:12:00,CNR4352372413,Success,CID233955,eBike,Magadi Road,Indiranagar,49.0,60.0,Not Applicable,Not Applicable,No,Not Applicable,1246,UPI,22,4.1,4.6
2024-07-03 03:58:00,CNR4377703625,Canceled by Driver,CID499914,Bike,Majestic,HSR Layout,,,Not Applicable,Personal & Car related issue,Not Applicable,Not Applicable,940,Not Applicable,0,,
2024-07-02 14:48:00,CNR3380241371,Success,CID992787,Prime Sedan,JP Nagar,Electronic City,245.0,90.0,Not Applicable,Not Applicable,No,Not Applicable,138,Cash,13,4.1,3.2
2024-07-18 11:31:00,CNR1310926220,Canceled by Driver,CID418228,Prime Plus,Rajarajeshwari Nagar,Peenya,,,Not Applicable,Customer related issue,Not Applicable,Not Applicable,429,Not Applicable,0,,
2024-07-20 14:21:00,CNR3968178742,Success,CID292806,Bike,Ramamurthy Nagar,Koramangala,77.0,80.0,Not Applicable,Not Applicable,No,Not Applicable,313,Cash,34,3.4,3.2
2024-07-07 21:15:00,CNR8172372971,Canceled by Customer,CID849331,Mini,Kengeri,Peenya,,,Change of plans,Not Applicable,Not Applicable,Not Applicable,1339,Not Applicable,0,,
2024-07-10 10:57:00,CNR9396347705,Canceled by Driver,CID909198,Prime Plus,Malleshwaram,Banashankari,,,Not Applicable,Customer related issue,Not Applicable,Not Applicable,299,Not Applicable,0,,
2024-07-10 03:24:00,CNR6462909298,Success,CID907790,Prime SUV,Bannerghatta Road,Langford Town,294.0,50.0,Not Applicable,Not Applicable,No,Not Applicable,1337,UPI,17,4.8,4.5
2024-07-29 09:55:00,CNR3442129781,Success,CID780867,Prime SUV,Sahakar Nagar,Chickpet,175.0,65.0,Not Applicable,Not Applicable,No,Not Applicable,175,Cash,13,3.5,3.5
2024-07-24 21:39:00,CNR8225152978,Canceled by Customer,CID826596,Prime SUV,Ramamurthy Nagar,Hosur Road,,,Driver is not moving towards pickup location,Not Applicable,Not Applicable,Not Applicable,286,Not Applicable,0,,
2024-07-19 13:56:00,CNR9024505663,Success,CID971060,eBike,Vijayanagar,RT Nagar,231.0,130.0,Not Applicable,Not Applicable,No,Not Applicable,338,UPI,27,3.7,4.9
2024-07-02 04:51:00,CNR4521195601,Canceled by Driver,CID305746,eBike,Tumkur Road,Electronic City,,,Not Applicable,Personal & Car related issue,Not Applicable,Not Applicable,938,Not Applicable,0,,
2024-07-14 01:19:00,CNR9572406043,Success,CID803877,Prime Plus,Rajarajeshwari Nagar,Jayanagar,63.0,30.0,Not Applicable,Not Applicable,No,Not Applicable,975,Cash,35,4.5,4.8
2024-07-12 19:35:00,CNR4151568313,Success,CID438072,Mini,Chickpet,Rajajinagar,98.0,85.0,Not Applicable,Not Applicable,Yes,Vehicle Breakdown,425,UPI,6,3.1,3.3
2024-07-19 19:22:00,CNR9235278262,Success,CID413380,Prime Plus,Malleshwaram,Rajarajeshwari Nagar,238.0,140.0,Not Applicable,Not Applicable,No,Not Applicable,420,UPI,47,3.1,4.3
2024-07-04 20:56:00,CNR1495212124,Canceled by Driver,CID494567,Bike,Ramamurthy Nagar,Hennur,,,Not Applicable,Personal & Car related issue,Not Applicable,Not Applicable,292,Not Applicable,0,,
2024-07-15 18:39:00,CNR6093437449,Success,CID944917,Prime Sedan,Banashankari,Ulsoor,273.0,100.0,Not Applicable,Not Applicable,No,Not Applicable,267,Cash,31,4.7,4.1
2024-07-22 00:00:00,CNR6560926177,Canceled by Driver,CID359359,Prime SUV,Indiranagar,JP Nagar,,,Not Applicable,Customer was coughing/sick,Not Applicable,Not Applicable,940,Not Applicable,0,,
2024-07-22 05:03:00,CNR9326733897,Success,CID656950,Prime SUV,KR Puram,Kammanahalli,119.0,85.0,Not Applicable,Not Applicable,No,Not Applicable,395,UPI,45,4.5,3.1
2024-07-20 09:02:00,CNR1094773470,Canceled by Driver,CID447541,Prime Sedan,Whitefield,Magadi Road,,,Not Applicable,Customer related issue,Not Applicable,Not Applicable,112,Not Applicable,0,,
2024-07-22 10:13:00,CNR9165410230,Success,CID694892,Mini,Hulimavu,Rajajinagar,35.0,75.0,Not Applicable,Not Applicable,No,Not Applicable,336,Cash,8,4.2,3.6
2024-07-03 01:22:00,CNR4107233236,Success,CID464012,Bike,Shivajinagar,Koramangala,84.0,45.0,Not Applicable,Not Applicable,Yes,Customer Demand,385,UPI,24,4.9,4.6
2024-07-27 18:41:00,CNR2905765546,Canceled by Driver,CID627487,Prime Sedan,Tumkur Road,Chamarajpet,,,Not Applicable,Personal & Car related issue,Not Applicable,Not Applicable,463,Not Applicable,0,,
2024-07-20 23:56:00,CNR5232999995,Canceled by Driver,CID844448,Prime SUV,Ramamurthy Nagar,Hulimavu,,,Not Applicable,Customer related issue,Not Applicable,Not Applicable,436,Not Applicable,0,,
2024-07-21 11:34:00,CNR7231695789,Success,CID569411,Prime SUV,Tumkur Road,Malleshwaram,112.0,85.0,Not Applicable,Not Applicable,No,Not Applicable,1022,UPI,35,3.4,3.0
2024-07-01 16:53:00,CNR6902847929,Success,CID857417,Mini,Bellandur,Jayanagar,287.0,65.0,Not Applicable,Not Applicable,No,Not Applicable,254,UPI,42,3.1,4.5
2024-07-12 03:15:00,CNR7552459491,Success,CID252274,Prime SUV,Jayanagar,Majestic,42.0,45.0,Not Applicable,Not Applicable,No,Not Applicable,160,Cash,24,4.8,3.4
2024-07-07 16:54:00,CNR3873059982,Success,CID562550,Auto,Frazer Town,Cox Town,308.0,70.0,Not Applicable,Not Applicable,No,Not Applicable,286,UPI,12,4.9,4.6
2024-07-06 09:42:00,CNR2936752186,Success,CID723356,Auto,Rajarajeshwari Nagar,Shantinagar,63.0,95.0,Not Applicable,Not Applicable,No,Not Applicable,184,UPI,6,3.6,4.6
2024-07-27 10:49:00,CNR2297557152,Success,CID931534,Bike,Cox Town,Frazer Town,203.0,140.0,Not Applicable,Not Applicable,No,Not Applicable,658,UPI,18,4.7,3.4
2024-07-26 10:02:00,CNR7293158414,Canceled by Driver,CID852436,Mini,Bellandur,Frazer Town,,,Not Applicable,More than permitted people in there,Not Applicable,Not Applicable,358,Not Applicable,0,,
2024-07-26 01:15:00,CNR4986164630,Canceled by Customer,CID183560,Prime Sedan,Hulimavu,Sahakar Nagar,,,Driver asked to cancel,Not Applicable,Not Applicable,Not Applicable,331,Not Applicable,0,,
2024-07-05 23:22:00,CNR4669267609,Success,CID200946,Bike,MG Road,Indiranagar,35.0,100.0,Not Applicable,Not Applicable,No,Not Applicable,193,Cash,32,4.5,4.7
2024-07-21 10:08:00,CNR5739539581,Success,CID800458,Prime Sedan,Vijayanagar,Jayanagar,98.0,45.0,Not Applicable,Not Applicable,No,Not Applicable,516,UPI,42,3.1,3.3
2024-07-07 02:51:00,CNR2392765657,Success,CID154805,Prime Plus,Kengeri,Shivajinagar,287.0,50.0,Not Applicable,Not Applicable,No,Not Applicable,553,UPI,39,4.1,4.5
2024-07-06 06:26:00,CNR8552230311,Success,CID815589,Auto,Hebbal,MG Road,294.0,70.0,Not Applicable,Not Applicable,No,Not Applicable,113,Cash,11,4.9,4.0
2024-07-03 06:12:00,CNR1069641332,Canceled by Customer,CID607715,Prime Sedan,Sarjapur Road,MG Road,,,Driver is not moving towards pickup location,Not Applicable,Not Applicable,Not Applicable,292,Not Applicable,0,,
2024-07-28 15:08:00,CNR6563842561,Canceled by Customer,CID890552,Auto,Hennur,Basavanagudi,,,Change of plans,Not Applicable,Not Applicable,Not Applicable,335,Not Applicable,0,,
2024-07-15 14:07:00,CNR5070193279,Success,CID564177,Auto,Sahakar Nagar,Nagarbhavi,301.0,80.0,Not Applicable,Not Applicable,No,Not Applicable,451,Cash,15,3.5,3.3
2024-07-07 11:05:00,CNR6469408052,Canceled by Driver,CID132633,Mini,Bellandur,Rajarajeshwari Nagar,,,Not Applicable,Customer was coughing/sick,Not Applicable,Not Applicable,119,Not Applicable,0,,
2024-07-14 20:38:00,CNR3628420216,Success,CID795112,eBike,Richmond Town,Hebbal,154.0,55.0,Not Applicable,Not Applicable,No,Not Applicable,708,Cash,46,3.2,4.3
2024-07-08 22:19:00,CNR2787875861,Success,CID518656,Prime Sedan,Mysore Road,MG Road,217.0,65.0,Not Applicable,Not Applicable,Yes,Vehicle Breakdown,355,UPI,28,4.1,4.8
2024-07-02 09:51:00,CNR5255665662,Success,CID692635,Mini,Kammanahalli,Malleshwaram,287.0,115.0,Not Applicable,Not Applicable,No,Not Applicable,628,Cash,15,4.6,4.6
2024-07-15 06:38:00,CNR5172168560,Canceled by Driver,CID591041,Bike,Varthur,Padmanabhanagar,,,Not Applicable,Customer related issue,Not Applicable,Not Applicable,142,Not Applicable,0,,
2024-07-11 20:32:00,CNR7787543246,Canceled by Customer,CID417319,Auto,Banashankari,Sarjapur Road,,,Driver asked to cancel,Not Applicable,Not Applicable,Not Applicable,337,Not Applicable,0,,
2024-07-17 15:34:00,CNR2295799323,Success,CID231443,Mini,HSR Layout,Shantinagar,182.0,95.0,Not Applicable,Not Applicable,No,Not Applicable,376,UPI,35,4.6,3.5
2024-07-08 04:00:00,CNR9427632979,Success,CID842129,Bike,Peenya,Richmond Town,49.0,50.0,Not Applicable,Not Applicable,No,Not Applicable,368,UPI,30,4.5,5.0
2024-07-01 14:35:00,CNR4717811084,Driver Not Found,CID960698,Auto,Bannerghatta Road,Cox Town,,,Not Applicable,Not Applicable,Not Applicable,Not Applicable,144,Not Applicable,0,,
2024-07-22 19:36:00,CNR5216987718,Canceled by Driver,CID839774,Mini,Varthur,Rajarajeshwari Nagar,,,Not Applicable,More than permitted people in there,Not Applicable,Not Applicable,619,Not Applicable,0,,
2024-07-19 16:54:00,CNR6175095168,Success,CID274252,Prime SUV,Marathahalli,HSR Layout,224.0,110.0,Not Applicable,Not Applicable,No,Not Applicable,450,Cash,15,3.4,3.7
2024-07-08 06:54:00,CNR9482859479,Success,CID278122,Auto,Shantinagar,Langford Town,203.0,40.0,Not Applicable,Not Applicable,No,Not Applicable,1897,UPI,15,4.8,4.5
2024-07-08 01:34:00,CNR2201749987,Driver Not Found,CID254636,Auto,Hulimavu,Bellandur,,,Not Applicable,Not Applicable,Not Applicable,Not Applicable,118,Not Applicable,0,,
2024-07-10 05:48:00,CNR3513940018,Success,CID331938,Prime Plus,Hebbal,Tumkur Road,259.0,70.0,Not Applicable,Not Applicable,No,Not Applicable,259,Cash,6,3.4,4.2
2024-07-26 12:20:00,CNR9273321043,Success,CID675822,Prime Sedan,Rajajinagar,Sarjapur Road,287.0,55.0,Not Applicable,Not Applicable,No,Not Applicable,468,Cash,25,3.7,4.6
2024-07-05 08:50:00,CNR5470468142,Success,CID532791,Bike,Ulsoor,Sarjapur Road,126.0,145.0,Not Applicable,Not Applicable,No,Not Applicable,732,UPI,14,4.8,3.2
2024-07-20 07:28:00,CNR6297884637,Success,CID196800,Bike,KR Puram,HSR Layout,210.0,115.0,Not Applicable,Not Applicable,No,Not Applicable,407,Cash,28,3.5,5.0
2024-07-25 06:58:00,CNR1997090438,Driver Not Found,CID714293,Bike,Hosur Road,Cox Town,,,Not Applicable,Not Applicable,Not Applicable,Not Applicable,155,Not Applicable,0,,
2024-07-15 18:14:00,CNR4692449673,Success,CID770603,Bike,Vijayanagar,Hebbal,63.0,135.0,Not Applicable,Not Applicable,No,Not Applicable,362,Cash,3,4.5,5.0
2024-07-03 15:57:00,CNR3832942861,Success,CID749100,eBike,Rajajinagar,Varthur,175.0,30.0,Not Applicable,Not Applicable,No,Not Applicable,303,Cash,40,4.0,3.2
2024-07-07 16:13:00,CNR1527963768,Success,CID946761,Auto,Cox Town,Shantinagar,224.0,115.0,Not Applicable,Not Applicable,No,Not Applicable,896,Cash,7,3.6,4.1
2024-07-11 23:45:00,CNR1299007506,Success,CID320114,eBike,Banashankari,Shantinagar,182.0,105.0,Not Applicable,Not Applicable,No,Not Applicable,545,Cash,44,4.8,4.3
2024-07-26 19:27:00,CNR6207413644,Success,CID458835,eBike,Malleshwaram,Rajajinagar,105.0,25.0,Not Applicable,Not Applicable,No,Not Applicable,279,UPI,42,3.5,5.0
2024-07-09 05:35:00,CNR1748824872,Success,CID545163,Prime Plus,Majestic,Basavanagudi,259.0,45.0,Not Applicable,Not Applicable,No,Not Applicable,302,Cash,30,4.5,4.6
2024-07-23 16:56:00,CNR8429647835,Canceled by Driver,CID848392,Mini,Malleshwaram,Basavanagudi,,,Not Applicable,More than permitted people in there,Not Applicable,Not Applicable,498,Not Applicable,0,,
2024-07-30 10:02:00,CNR9072433795,Canceled by Driver,CID543298,Prime Sedan,KR Puram,Hebbal,,,Not Applicable,Customer was coughing/sick,Not Applicable,Not Applicable,644,Not Applicable,0,,
2024-07-29 03:53:00,CNR7282091821,Driver Not Found,CID417739,Prime Plus,Kammanahalli,Malleshwaram,,,Not Applicable,Not Applicable,Not Applicable,Not Applicable,298,Not Applicable,0,,
2024-07-24 22:43:00,CNR1686874160,Canceled by Driver,CID649293,Mini,Mysore Road,Rajarajeshwari Nagar,,,Not Applicable,Personal & Car related issue,Not Applicable,Not Applicable,166,Not Applicable,0,,
2024-07-04 21:38:00,CNR9944502240,Success,CID936960,Bike,Padmanabhanagar,Kammanahalli,287.0,135.0,Not Applicable,Not Applicable,No,Not Applicable,163,UPI,17,5.0,4.4
2024-07-25 20:12:00,CNR3433925652,Driver Not Found,CID521825,Prime Sedan,Electronic City,Whitefield,,,Not Applicable,Not Applicable,Not Applicable,Not Applicable,396,Not Applicable,0,,
2024-07-30 16:48:00,CNR6893505650,Success,CID298164,Prime Sedan,Chickpet,Mysore Road,252.0,50.0,Not Applicable,Not Applicable,No,Not Applicable,245,Cash,27,4.3,3.1
2024-07-08 00:31:00,CNR9930372730,Success,CID573009,Prime Plus,Langford Town,Langford Town,63.0,25.0,Not Applicable,Not Applicable,No,Not Applicable,760,UPI,44,3.9,4.2
2024-07-24 21:44:00,CNR1102158599,Success,CID852556,Mini,Sarjapur Road,Richmond Town,224.0,70.0,Not Applicable,Not Applicable,No,Not Applicable,142,Cash,12,3.4,3.2
2024-07-27 00:15:00,CNR3379658730,Success,CID780186,Prime Sedan,Devanahalli,Hennur,182.0,80.0,Not Applicable,Not Applicable,No,Not Applicable,235,UPI,24,4.8,4.7
2024-07-06 02:16:00,CNR3877280490,Driver Not Found,CID893331,Prime SUV,Sarjapur Road,Richmond Town,,,Not Applicable,Not Applicable,Not Applicable,Not Applicable,252,Not Applicable,0,,
2024-07-04 20:51:00,CNR9234740832,Success,CID160769,Mini,Nagarbhavi,Chamarajpet,231.0,35.0,Not Applicable,Not Applicable,No,Not Applicable,282,UPI,23,3.4,4.1
2024-07-08 21:33:00,CNR6613358479,Success,CID893524,Mini,Majestic,Rajajinagar,203.0,120.0,Not Applicable,Not Applicable,No,Not Applicable,488,Cash,42,3.2,4.5
2024-07-22 10:09:00,CNR4868622146,Canceled by Driver,CID913756,eBike,Kadugodi,HSR Layout,,,Not Applicable,Customer related issue,Not Applicable,Not Applicable,102,Not Applicable,0,,
2024-07-17 12:36:00,CNR1055876451,Success,CID736765,Bike,Indiranagar,Whitefield,133.0,95.0,Not Applicable,Not Applicable,No,Not Applicable,392,UPI,46,3.7,4.2
2024-07-20 08:33:00,CNR9882969538,Canceled by Driver,CID583285,Prime SUV,Kengeri,Padmanabhanagar,,,Not Applicable,Customer was coughing/sick,Not Applicable,Not Applicable,252,Not Applicable,0,,
2024-07-27 23:01:00,CNR1975230040,Canceled by Customer,CID626396,Prime SUV,Whitefield,Ramamurthy Nagar,,,Driver asked to cancel,Not Applicable,Not Applicable,Not Applicable,287,Not Applicable,0,,
2024-07-30 04:19:00,CNR4387482296,Success,CID915003,Mini,Nagarbhavi,Sahakar Nagar,42.0,90.0,Not Applicable,Not Applicable,No,Not Applicable,275,Cash,39,3.2,3.5
2024-07-19 07:47:00,CNR1259029998,Success,CID281814,Prime Sedan,Chickpet,Koramangala,301.0,140.0,Not Applicable,Not Applicable,No,Not Applicable,267,Cash,23,4.0,3.9
2024-07-02 20:28:00,CNR7944430213,Canceled by Driver,CID287874,Bike,Malleshwaram,Kammanahalli,,,Not Applicable,Personal & Car related issue,Not Applicable,Not Applicable,185,Not Applicable,0,,
2024-07-24 06:38:00,CNR8959635357,Success,CID455751,Prime Plus,Yelahanka,Yelahanka,133.0,80.0,Not Applicable,Not Applicable,No,Not Applicable,270,Cash,39,4.1,4.0
2024-07-04 07:20:00,CNR5012840026,Canceled by Driver,CID970928,Prime Sedan,BTM Layout,Whitefield,,,Not Applicable,Personal & Car related issue,Not Applicable,Not Applicable,935,Not Applicable,0,,
2024-07-29 03:57:00,CNR9203951846,Canceled by Driver,CID382264,Auto,Rajajinagar,MG Road,,,Not Applicable,Customer related issue,Not Applicable,Not Applicable,800,Not Applicable,0,,
2024-07-26 06:39:00,CNR2238474406,Driver Not Found,CID465026,Prime SUV,Padmanabhanagar,BTM Layout,,,Not Applicable,Not Applicable,Not Applicable,Not Applicable,234,Not Applicable,0,,
2024-07-30 08:33:00,CNR3806824461,Driver Not Found,CID289986,Mini,Yelahanka,Indiranagar,,,Not Applicable,Not Applicable,Not Applicable,Not Applicable,938,Not Applicable,0,,
2024-07-13 22:42:00,CNR2059821749,Success,CID150091,Mini,Sarjapur Road,Peenya,245.0,100.0,Not Applicable,Not Applicable,No,Not Applicable,418,UPI,21,3.8,4.3
2024-07-25 22:31:00,CNR2406284490,Success,CID938820,Bike,Vijayanagar,Shantinagar,280.0,85.0,Not Applicable,Not Applicable,No,Not Applicable,996,UPI,2,4.9,3.6
2024-07-25 07:08:00,CNR8418099072,Success,CID732354,Prime Sedan,Langford Town,Varthur,147.0,50.0,Not Applicable,Not Applicable,No,Not Applicable,942,Cash,43,4.2,4.2
2024-07-17 10:24:00,CNR8699566057,Driver Not Found,CID482796,Prime Sedan,JP Nagar,Hosur Road,,,Not Applicable,Not Applicable,Not Applicable,Not Applicable,1384,Not Applicable,0,,
2024-07-29 19:58:00,CNR7833058575,Success,CID118275,Prime SUV,Shantinagar,BTM Layout,126.0,40.0,Not Applicable,Not Applicable,No,Not Applicable,330,Cash,23,5.0,4.5
2024-07-08 02:15:00,CNR7879781396,Canceled by Driver,CID676517,Bike,Varthur,Banashankari,,,Not Applicable,More than permitted people in there,Not Applicable,Not Applicable,305,Not Applicable,0,,
2024-07-20 14:57:00,CNR1016610469,Success,CID496924,Bike,Malleshwaram,Chamarajpet,182.0,70.0,Not Applicable,Not Applicable,No,Not Applicable,118,Cash,47,3.6,4.2
2024-07-20 22:17:00,CNR3671331082,Success,CID569113,Auto,Shantinagar,Indiranagar,245.0,140.0,Not Applicable,Not Applicable,No,Not Applicable,523,UPI,19,4.8,4.8
2024-07-24 04:42:00,CNR8172602808,Canceled by Driver,CID319213,eBike,Kengeri,Nagarbhavi,,,Not Applicable,Customer related issue,Not Applicable,Not Applicable,157,Not Applicable,0,,
2024-07-02 07:46:00,CNR7904936192,Success,CID764716,Mini,Rajarajeshwari Nagar,Richmond Town,210.0,65.0,Not Applicable,Not Applicable,No,Not Applicable,479,UPI,12,3.9,3.3
2024-07-13 09:16:00,CNR8783744108,Success,CID919940,Auto,Tumkur Road,Sarjapur Road,266.0,50.0,Not Applicable,Not Applicable,Yes,Customer Demand,477,UPI,7,4.6,4.2
2024-07-22 05:50:00,CNR3167659918,Canceled by Driver,CID382340,Mini,Devanahalli,Kammanahalli,,,Not Applicable,Personal & Car related issue,Not Applicable,Not Applicable,615,Not Applicable,0,,
2024-07-06 08:17:00,CNR2499234957,Driver Not Found,CID613369,Mini,JP Nagar,Tumkur Road,,,Not Applicable,Not Applicable,Not Applicable,Not Applicable,515,Not Applicable,0,,
2024-07-14 07:19:00,CNR8499900500,Success,CID151816,eBike,Electronic City,Sahakar Nagar,245.0,60.0,Not Applicable,Not Applicable,No,Not Applicable,785,Cash,10,3.8,4.4
2024-07-02 18:54:00,CNR4091166030,Success,CID380685,Bike,Yeshwanthpur,Peenya,196.0,50.0,Not Applicable,Not Applicable,No,Not Applicable,475,UPI,30,4.5,4.9
2024-07-13 11:58:00,CNR1408607143,Success,CID810454,eBike,Shivajinagar,Chickpet,49.0,140.0,Not Applicable,Not Applicable,No,Not Applicable,198,Cash,25,3.4,4.9
2024-07-08 15:58:00,CNR4170526693,Canceled by Driver,CID890907,Auto,Koramangala,JP Nagar,,,Not Applicable,Customer was coughing/sick,Not Applicable,Not Applicable,107,Not Applicable,0,,
2024-07-29 09:16:00,CNR7720174331,Canceled by Driver,CID924595,Auto,Electronic City,Nagarbhavi,,,Not Applicable,Customer was coughing/sick,Not Applicable,Not Applicable,444,Not Applicable,0,,
2024-07-07 04:18:00,CNR7429273844,Canceled by Driver,CID508655,Bike,Magadi Road,Marathahalli,,,Not Applicable,Personal & Car related issue,Not Applicable,Not Applicable,500,Not Applicable,0,,
2024-07-18 21:35:00,CNR4191999112,Success,CID370942,Bike,Marathahalli,Peenya,119.0,40.0,Not Applicable,Not Applicable,No,Not Applicable,208,UPI,26,3.5,4.2
2024-07-10 05:00:00,CNR5442110016,Success,CID173414,Auto,Ramamurthy Nagar,Hulimavu,98.0,125.0,Not Applicable,Not Applicable,No,Not Applicable,658,Cash,2,3.9,3.2
2024-07-16 03:20:00,CNR6313508791,Driver Not Found,CID623193,Prime SUV,Vijayanagar,Basavanagudi,,,Not Applicable,Not Applicable,Not Applicable,Not Applicable,1459,Not Applicable,0,,
2024-07-19 05:53:00,CNR1857053038,Success,CID403333,Prime Plus,Sarjapur Road,Chamarajpet,301.0,25.0,Not Applicable,Not Applicable,No,Not Applicable,219,Cash,46,3.6,3.3
2024-07-17 05:13:00,CNR1297975956,Canceled by Driver,CID701668,Prime SUV,Mysore Road,Yeshwanthpur,,,Not Applicable,Personal & Car related issue,Not Applicable,Not Applicable,459,Not Applicable,0,,
2024-07-03 11:36:00,CNR9841922575,Success,CID673349,Mini,Devanahalli,Chickpet,77.0,95.0,Not Applicable,Not Applicable,No,Not Applicable,391,Debit Card,10,3.5,3.6
2024-07-12 00:57:00,CNR8469641094,Success,CID792344,Bike,MG Road,Koramangala,168.0,35.0,Not Applicable,Not Applicable,No,Not Applicable,482,UPI,10,3.3,4.3
2024-07-11 01:26:00,CNR4097136454,Canceled by Driver,CID391104,Prime SUV,Ramamurthy Nagar,Chamarajpet,,,Not Applicable,Customer related issue,Not Applicable,Not Applicable,348,Not Applicable,0,,
2024-07-27 05:02:00,CNR6050430880,Success,CID463273,Prime SUV,Kammanahalli,Nagarbhavi,105.0,90.0,Not Applicable,Not Applicable,No,Not Applicable,295,UPI,40,3.2,3.8
2024-07-07 20:32:00,CNR3022227035,Driver Not Found,CID335785,Prime SUV,Mysore Road,Frazer Town,,,Not Applicable,Not Applicable,Not Applicable,Not Applicable,201,Not Applicable,0,,
2024-07-22 01:13:00,CNR1363119773,Success,CID890562,eBike,Peenya,Hebbal,168.0,90.0,Not Applicable,Not Applicable,No,Not Applicable,399,Cash,14,3.5,3.3
2024-07-07 21:00:00,CNR7687782382,Success,CID378592,eBike,Richmond Town,Cox Town,252.0,30.0,Not Applicable,Not Applicable,No,Not Applicable,284,UPI,28,3.4,4.4
2024-07-07 01:39:00,CNR3849166812,Success,CID940639,Auto,Kengeri,Whitefield,238.0,40.0,Not Applicable,Not Applicable,No,Not Applicable,382,Cash,17,4.5,3.1
2024-07-24 17:18:00,CNR8588382933,Success,CID834945,Prime Plus,Tumkur Road,Banashankari,252.0,145.0,Not Applicable,Not Applicable,No,Not Applicable,663,Cash,8,4.4,4.0
2024-07-04 01:24:00,CNR2226851974,Success,CID506572,eBike,Kengeri,Peenya,287.0,85.0,Not Applicable,Not Applicable,No,Not Applicable,396,Cash,47,3.9,4.2
2024-07-08 00:59:00,CNR6197112450,Driver Not Found,CID975156,Prime SUV,Yeshwanthpur,Vijayanagar,,,Not Applicable,Not Applicable,Not Applicable,Not Applicable,527,Not Applicable,0,,
2024-07-25 20:05:00,CNR2931139915,Success,CID347351,Prime SUV,KR Puram,Bannerghatta Road,35.0,45.0,Not Applicable,Not Applicable,No,Not Applicable,328,UPI,36,4.2,3.6
2024-07-12 04:09:00,CNR6021632247,Success,CID381759,eBike,Ramamurthy Nagar,Electronic City,70.0,65.0,Not Applicable,Not Applicable,No,Not Applicable,262,Cash,33,5.0,3.3
2024-07-16 06:19:00,CNR2771482633,Success,CID785073,Prime Sedan,Shivajinagar,Chamarajpet,168.0,30.0,Not Applicable,Not Applicable,No,Not Applicable,436,Cash,4,3.9,3.9
2024-07-04 22:28:00,CNR6132637779,Success,CID699509,Mini,Bellandur,Nagarbhavi,126.0,95.0,Not Applicable,Not Applicable,No,Not Applicable,338,Cash,45,3.5,3.5
2024-07-11 18:47:00,CNR1900062885,Success,CID499483,Mini,Richmond Town,BTM Layout,217.0,95.0,Not Applicable,Not Applicable,No,Not Applicable,427,UPI,48,3.3,4.2
2024-07-18 02:10:00,CNR3971116965,Canceled by Customer,CID510880,Auto,Mysore Road,BTM Layout,,,Wrong Address,Not Applicable,Not Applicable,Not Applicable,284,Not Applicable,0,,
2024-07-05 23:53:00,CNR1232482622,Canceled by Customer,CID186525,Auto,MG Road,Basavanagudi,,,AC is Not working,Not Applicable,Not Applicable,Not Applicable,394,Not Applicable,0,,
2024-07-20 11:29:00,CNR8319129504,Success,CID593747,Auto,Shivajinagar,Bellandur,301.0,125.0,Not Applicable,Not Applicable,No,Not Applicable,906,Cash,6,3.2,3.9
2024-07-12 14:46:00,CNR4933924239,Success,CID207282,eBike,Rajarajeshwari Nagar,Indiranagar,308.0,30.0,Not Applicable,Not Applicable,Yes,Customer Demand,371,UPI,46,4.0,4.4
2024-07-28 05:49:00,CNR1428828217,Success,CID752131,Bike,Tumkur Road,Chamarajpet,42.0,65.0,Not Applicable,Not Applicable,No,Not Applicable,132,Cash,22,4.7,3.7
2024-07-18 00:50:00,CNR9445969020,Canceled by Customer,CID235226,Mini,Hebbal,Hebbal,,,Driver asked to cancel,Not Applicable,Not Applicable,Not Applicable,704,Not Applicable,0,,
2024-07-25 18:21:00,CNR2814599737,Success,CID622666,Prime SUV,Chickpet,Frazer Town,70.0,120.0,Not Applicable,Not Applicable,Yes,Vehicle Breakdown,481,Cash,4,5.0,4.7
2024-07-25 12:08:00,CNR3642878815,Success,CID359253,Prime SUV,Frazer Town,Bellandur,98.0,90.0,Not Applicable,Not Applicable,No,Not Applicable,213,UPI,21,3.6,4.0
2024-07-08 01:56:00,CNR5418972571,Canceled by Driver,CID539264,Prime Sedan,Majestic,Rajarajeshwari Nagar,,,Not Applicable,More than permitted people in there,Not Applicable,Not Applicable,989,Not Applicable,0,,
2024-07-26 13:22:00,CNR9804191889,Success,CID543260,Prime Sedan,Kengeri,Indiranagar,140.0,135.0,Not Applicable,Not Applicable,No,Not Applicable,175,UPI,17,3.4,3.1
2024-07-19 10:42:00,CNR7423974970,Success,CID580533,Auto,Jayanagar,Banashankari,63.0,85.0,Not Applicable,Not Applicable,No,Not Applicable,879,UPI,10,4.8,4.8
2024-07-03 22:49:00,CNR5394468949,Success,CID561660,Prime SUV,Kengeri,Peenya,56.0,80.0,Not Applicable,Not Applicable,No,Not Applicable,1576,Cash,17,4.6,4.3
2024-07-29 05:10:00,CNR1027064237,Driver Not Found,CID651377,Prime Plus,Yelahanka,Bannerghatta Road,,,Not Applicable,Not Applicable,Not Applicable,Not Applicable,1737,Not Applicable,0,,
2024-07-01 17:30:00,CNR2623410897,Success,CID690596,Bike,Hulimavu,Sarjapur Road,252.0,85.0,Not Applicable,Not Applicable,No,Not Applicable,378,Cash,3,3.7,4.9
2024-07-30 17:54:00,CNR9953765073,Success,CID751234,Bike,Nagarbhavi,Chamarajpet,182.0,130.0,Not Applicable,Not Applicable,No,Not Applicable,438,UPI,36,3.1,3.5
2024-07-19 12:55:00,CNR7601283596,Success,CID835819,Bike,Hennur,Devanahalli,203.0,130.0,Not Applicable,Not Applicable,No,Not Applicable,401,Cash,21,3.1,3.5
2024-07-08 19:52:00,CNR7637955988,Success,CID494824,Bike,Cox Town,Jayanagar,147.0,35.0,Not Applicable,Not Applicable,No,Not Applicable,357,Cash,35,4.0,3.1
2024-07-23 22:33:00,CNR6418155404,Success,CID635329,Prime Sedan,Nagarbhavi,BTM Layout,273.0,130.0,Not Applicable,Not Applicable,No,Not Applicable,391,Cash,11,4.3,4.4
2024-07-14 12:59:00,CNR4862515658,Success,CID403992,Auto,Hosur Road,KR Puram,147.0,50.0,Not Applicable,Not Applicable,No,Not Applicable,304,UPI,7,4.6,5.0
2024-07-24 11:17:00,CNR4152401421,Canceled by Customer,CID284620,Bike,JP Nagar,Shantinagar,,,Driver is not moving towards pickup location,Not Applicable,Not Applicable,Not Applicable,989,Not Applicable,0,,
2024-07-09 15:53:00,CNR7897837768,Success,CID579294,Prime Plus,Bellandur,Hosur Road,133.0,90.0,Not Applicable,Not Applicable,No,Not Applicable,268,UPI,30,4.5,4.1
2024-07-23 08:32:00,CNR6160637212,Success,CID876675,Prime Sedan,Rajarajeshwari Nagar,Cox Town,196.0,80.0,Not Applicable,Not Applicable,No,Not Applicable,486,Cash,44,3.2,4.3
2024-07-12 21:41:00,CNR5985124654,Canceled by Customer,CID197187,Auto,Sarjapur Road,Varthur,,,Change of plans,Not Applicable,Not Applicable,Not Applicable,289,Not Applicable,0,,
2024-07-22 02:05:00,CNR3750459683,Success,CID869077,Prime Plus,Nagarbhavi,Magadi Road,154.0,40.0,Not Applicable,Not Applicable,No,Not Applicable,2169,Credit Card,33,4.0,4.0
2024-07-30 20:16:00,CNR5514434698,Success,CID258331,Auto,Yelahanka,KR Puram,245.0,55.0,Not Applicable,Not Applicable,No,Not Applicable,974,Cash,19,4.8,4.7
2024-07-05 07:50:00,CNR7199980755,Driver Not Found,CID154665,Prime SUV,KR Puram,Padmanabhanagar,,,Not Applicable,Not Applicable,Not Applicable,Not Applicable,165,Not Applicable,0,,
2024-07-01 04:37:00,CNR5835647595,Success,CID791631,Bike,Whitefield,Majestic,56.0,25.0,Not Applicable,Not Applicable,No,Not Applicable,369,Cash,10,4.7,3.9
2024-07-08 10:38:00,CNR3636149347,Success,CID572693,eBike,Cox Town,Vijayanagar,196.0,95.0,Not Applicable,Not Applicable,No,Not Applicable,309,Cash,28,4.6,4.0
2024-07-01 08:50:00,CNR7140731302,Success,CID832470,Prime Plus,Yelahanka,Magadi Road,168.0,145.0,Not Applicable,Not Applicable,No,Not Applicable,411,UPI,24,4.0,3.9
2024-07-08 12:42:00,CNR9412496197,Success,CID123838,Prime Sedan,RT Nagar,JP Nagar,154.0,50.0,Not Applicable,Not Applicable,No,Not Applicable,296,Credit Card,38,3.6,4.5
2024-07-26 01:09:00,CNR9444782433,Success,CID149674,Bike,Hulimavu,Chickpet,294.0,90.0,Not Applicable,Not Applicable,No,Not Applicable,477,UPI,29,3.3,3.9
2024-07-09 09:51:00,CNR2544959334,Canceled by Driver,CID507922,Auto,Rajajinagar,Malleshwaram,,,Not Applicable,Personal & Car related issue,Not Applicable,Not Applicable,422,Not Applicable,0,,
2024-07-20 23:40:00,CNR4731293641,Canceled by Customer,CID271559,Prime SUV,Frazer Town,Chickpet,,,Driver asked to cancel,Not Applicable,Not Applicable,Not Applicable,366,Not Applicable,0,,
2024-07-06 00:41:00,CNR8681176934,Canceled by Driver,CID998852,Bike,Marathahalli,Nagarbhavi,,,Not Applicable,Customer was coughing/sick,Not Applicable,Not Applicable,484,Not Applicable,0,,
2024-07-24 11:00:00,CNR1380652782,Success,CID692095,Mini,Padmanabhanagar,Hennur,308.0,30.0,Not Applicable,Not Applicable,No,Not Applicable,152,Cash,20,3.7,4.0
2024-07-09 19:43:00,CNR8427059038,Success,CID503788,Prime Plus,Banashankari,Mysore Road,42.0,115.0,Not Applicable,Not Applicable,No,Not Applicable,187,UPI,19,3.6,3.1
2024-07-26 00:35:00,CNR8426504149,Canceled by Driver,CID393003,Prime Plus,Padmanabhanagar,Marathahalli,,,Not Applicable,Personal & Car related issue,Not Applicable,Not Applicable,171,Not Applicable,0,,
2024-07-12 03:52:00,CNR1093790880,Success,CID705875,Mini,Tumkur Road,Hulimavu,189.0,65.0,Not Applicable,Not Applicable,No,Not Applicable,990,Credit Card,34,3.6,3.4
2024-07-22 00:29:00,CNR9672377244,Success,CID428298,Prime Plus,Bannerghatta Road,HSR Layout,91.0,130.0,Not Applicable,Not Applicable,No,Not Applicable,378,Cash,45,5.0,3.8
2024-07-03 14:32:00,CNR1054985022,Success,CID453085,Mini,Richmond Town,Hebbal,196.0,105.0,Not Applicable,Not Applicable,No,Not Applicable,2245,UPI,16,4.2,4.0
2024-07-20 13:27:00,CNR5112959948,Canceled by Driver,CID290666,eBike,Electronic City,Bannerghatta Road,,,Not Applicable,Customer related issue,Not Applicable,Not Applicable,724,Not Applicable,0,,
2024-07-28 16:41:00,CNR2262238858,Canceled by Driver,CID716753,Auto,Ramamurthy Nagar,Koramangala,,,Not Applicable,Customer was coughing/sick,Not Applicable,Not Applicable,125,Not Applicable,0,,
2024-07-03 17:45:00,CNR7472232703,Success,CID162021,Bike,Rajarajeshwari Nagar,Yelahanka,252.0,110.0,Not Applicable,Not Applicable,No,Not Applicable,1525,Cash,5,4.0,4.7
2024-07-12 16:19:00,CNR8737534433,Driver Not Found,CID643117,eBike,Sahakar Nagar,Frazer Town,,,Not Applicable,Not Applicable,Not Applicable,Not Applicable,366,Not Applicable,0,,
2024-07-08 07:30:00,CNR7210381382,Success,CID709973,Auto,Electronic City,Hosur Road,287.0,145.0,Not Applicable,Not Applicable,No,Not Applicable,165,Cash,2,3.2,3.3
2024-07-11 17:23:00,CNR6383112882,Success,CID982395,Mini,Shivajinagar,Varthur,42.0,95.0,Not Applicable,Not Applicable,No,Not Applicable,798,UPI,33,4.1,3.4
2024-07-04 14:54:00,CNR3680988608,Success,CID373168,eBike,Sahakar Nagar,Vijayanagar,294.0,105.0,Not Applicable,Not Applicable,No,Not Applicable,745,UPI,7,4.7,4.9
2024-07-17 07:48:00,CNR1682742737,Success,CID788987,Prime SUV,Malleshwaram,Chickpet,105.0,120.0,Not Applicable,Not Applicable,No,Not Applicable,187,Cash,27,4.7,4.5
2024-07-03 18:19:00,CNR1626116343,Success,CID334876,Auto,Bellandur,HSR Layout,203.0,135.0,Not Applicable,Not Applicable,Yes,Other Issue,416,UPI,17,5.0,4.9
2024-07-14 22:45:00,CNR2343476646,Success,CID819109,Prime Sedan,Koramangala,Chickpet,252.0,60.0,Not Applicable,Not Applicable,No,Not Applicable,231,Cash,43,4.6,3.4
2024-07-04 19:05:00,CNR8624354278,Success,CID501180,eBike,Jayanagar,Varthur,154.0,60.0,Not Applicable,Not Applicable,No,Not Applicable,249,UPI,49,3.1,4.8
2024-07-10 22:55:00,CNR7176320896,Success,CID684816,Prime Plus,JP Nagar,HSR Layout,35.0,85.0,Not Applicable,Not Applicable,No,Not Applicable,248,Cash,25,3.3,4.5
2024-07-15 15:07:00,CNR4119710086,Success,CID613538,Bike,Chickpet,Mysore Road,126.0,30.0,Not Applicable,Not Applicable,No,Not Applicable,805,Cash,17,4.4,3.7
2024-07-20 00:34:00,CNR2908336418,Success,CID165985,Bike,Jayanagar,Sarjapur Road,294.0,130.0,Not Applicable,Not Applicable,No,Not Applicable,482,Cash,27,4.1,4.7
2024-07-01 17:26:00,CNR4701856327,Success,CID376898,Prime Plus,Whitefield,Sarjapur Road,224.0,60.0,Not Applicable,Not Applicable,No,Not Applicable,384,UPI,27,3.8,4.5
2024-07-15 04:05:00,CNR3614624973,Canceled by Driver,CID281760,eBike,Jayanagar,Bannerghatta Road,,,Not Applicable,Personal & Car related issue,Not Applicable,Not Applicable,108,Not Applicable,0,,
2024-07-16 07:00:00,CNR4248073109,Success,CID190979,Prime SUV,Bannerghatta Road,Chamarajpet,231.0,125.0,Not Applicable,Not Applicable,No,Not Applicable,357,UPI,42,4.7,3.9
2024-07-24 23:01:00,CNR3508540489,Driver Not Found,CID608915,Prime Plus,Electronic City,Marathahalli,,,Not Applicable,Not Applicable,Not Applicable,Not Applicable,282,Not Applicable,0,,
2024-07-10 10:12:00,CNR6768755328,Canceled by Driver,CID918670,eBike,Shantinagar,Kengeri,,,Not Applicable,Customer related issue,Not Applicable,Not Applicable,472,Not Applicable,0,,
2024-07-07 11:17:00,CNR9853969353,Driver Not Found,CID638853,eBike,Jayanagar,Yeshwanthpur,,,Not Applicable,Not Applicable,Not Applicable,Not Applicable,335,Not Applicable,0,,
2024-07-26 01:17:00,CNR8175774759,Success,CID105277,Prime Sedan,Bellandur,RT Nagar,182.0,120.0,Not Applicable,Not Applicable,No,Not Applicable,920,Cash,25,4.4,3.2
2024-07-15 23:59:00,CNR4580065724,Canceled by Driver,CID329764,Mini,Mysore Road,Malleshwaram,,,Not Applicable,Customer was coughing/sick,Not Applicable,Not Applicable,436,Not Applicable,0,,
2024-07-20 15:48:00,CNR8482432075,Success,CID364526,Prime Plus,Yeshwanthpur,Sahakar Nagar,91.0,90.0,Not Applicable,Not Applicable,Yes,Vehicle Breakdown,145,Cash,32,3.6,3.8
2024-07-06 22:43:00,CNR6870506009,Success,CID396196,Prime Plus,BTM Layout,Richmond Town,147.0,100.0,Not Applicable,Not Applicable,No,Not Applicable,195,UPI,8,4.4,4.5
2024-07-30 07:28:00,CNR1000090798,Success,CID285721,Prime Plus,MG Road,Rajarajeshwari Nagar,147.0,145.0,Not Applicable,Not Applicable,No,Not Applicable,364,Cash,15,3.3,4.7
2024-07-13 07:55:00,CNR9761826337,Success,CID933539,Prime Sedan,Kadugodi,Hulimavu,259.0,145.0,Not Applicable,Not Applicable,No,Not Applicable,2345,Cash,36,4.6,4.9
2024-07-20 07:46:00,CNR5688740211,Canceled by Customer,CID423950,Mini,Kengeri,Mysore Road,,,Change of plans,Not Applicable,Not Applicable,Not Applicable,111,Not Applicable,0,,
2024-07-27 03:29:00,CNR3586375003,Canceled by Customer,CID916258,Prime SUV,Chamarajpet,Chickpet,,,Driver asked to cancel,Not Applicable,Not Applicable,Not Applicable,241,Not Applicable,0,,
2024-07-09 02:16:00,CNR1695952527,Driver Not Found,CID327234,Mini,KR Puram,Kammanahalli,,,Not Applicable,Not Applicable,Not Applicable,Not Applicable,2908,Not Applicable,0,,
2024-07-18 17:16:00,CNR6449975748,Canceled by Driver,CID529633,Prime Sedan,Hennur,Nagarbhavi,,,Not Applicable,Personal & Car related issue,Not Applicable,Not Applicable,422,Not Applicable,0,,
2024-07-10 14:03:00,CNR7937063344,Success,CID881851,Auto,Sarjapur Road,Mysore Road,189.0,105.0,Not Applicable,Not Applicable,No,Not Applicable,239,UPI,5,3.3,4.6
2024-07-22 00:24:00,CNR5675439747,Canceled by Driver,CID965728,Auto,Koramangala,Rajarajeshwari Nagar,,,Not Applicable,Personal & Car related issue,Not Applicable,Not Applicable,122,Not Applicable,0,,
2024-07-16 23:32:00,CNR6116941403,Canceled by Driver,CID540145,Mini,Devanahalli,Nagarbhavi,,,Not Applicable,Personal & Car related issue,Not Applicable,Not Applicable,765,Not Applicable,0,,
2024-07-25 18:56:00,CNR3283735956,Success,CID615358,Prime SUV,Cox Town,Electronic City,112.0,50.0,Not Applicable,Not Applicable,No,Not Applicable,161,Cash,21,3.8,3.3
2024-07-22 23:59:00,CNR8438718351,Success,CID617259,Auto,Koramangala,Kammanahalli,189.0,95.0,Not Applicable,Not Applicable,No,Not Applicable,2213,UPI,1,4.7,4.9
2024-07-27 05:21:00,CNR1631809937,Success,CID294567,Bike,Hennur,Basavanagudi,147.0,45.0,Not Applicable,Not Applicable,No,Not Applicable,623,UPI,34,4.9,3.4
2024-07-21 03:53:00,CNR9358839368,Canceled by Customer,CID963703,eBike,Sarjapur Road,Shivajinagar,,,Driver is not moving towards pickup location,Not Applicable,Not Applicable,Not Applicable,127,Not Applicable,0,,
2024-07-03 16:48:00,CNR2081100165,Canceled by Driver,CID753055,Prime Plus,KR Puram,Magadi Road,,,Not Applicable,Customer was coughing/sick,Not Applicable,Not Applicable,252,Not Applicable,0,,
2024-07-18 19:24:00,CNR7170237997,Driver Not Found,CID560452,eBike,MG Road,Devanahalli,,,Not Applicable,Not Applicable,Not Applicable,Not Applicable,291,Not Applicable,0,,
2024-07-09 16:35:00,CNR9876353054,Canceled by Customer,CID772115,Prime Plus,Whitefield,Chickpet,,,Change of plans,Not Applicable,Not Applicable,Not Applicable,496,Not Applicable,0,,
2024-07-04 11:55:00,CNR2757624283,Driver Not Found,CID172764,Prime Plus,Banashankari,Sarjapur Road,,,Not Applicable,Not Applicable,Not Applicable,Not Applicable,466,Not Applicable,0,,
2024-07-01 02:47:00,CNR2257199923,Success,CID831868,Prime SUV,Hebbal,Rajarajeshwari Nagar,252.0,100.0,Not Applicable,Not Applicable,No,Not Applicable,300,UPI,41,4.5,3.5
2024-07-27 16:39:00,CNR8320837420,Success,CID391794,Bike,Chickpet,Kengeri,161.0,110.0,Not Applicable,Not Applicable,No,Not Applicable,1874,Cash,4,4.0,3.3
2024-07-26 09:12:00,CNR1394064337,Canceled by Customer,CID168879,Prime Sedan,JP Nagar,Tumkur Road,,,Driver is not moving towards pickup location,Not Applicable,Not Applicable,Not Applicable,487,Not Applicable,0,,
2024-07-21 05:39:00,CNR5021285116,Success,CID910540,eBike,Nagarbhavi,Rajajinagar,84.0,95.0,Not Applicable,Not Applicable,No,Not Applicable,129,UPI,21,4.8,3.1
2024-07-08 00:49:00,CNR2531486305,Canceled by Driver,CID148687,Bike,Mysore Road,Malleshwaram,,,Not Applicable,Personal & Car related issue,Not Applicable,Not Applicable,331,Not Applicable,0,,
2024-07-23 07:07:00,CNR3011371797,Success,CID143567,eBike,Cox Town,Langford Town,112.0,140.0,Not Applicable,Not Applicable,No,Not Applicable,234,Cash,42,4.8,3.7
2024-07-28 22:11:00,CNR4692311137,Canceled by Driver,CID823702,eBike,Kengeri,Mysore Road,,,Not Applicable,Customer related issue,Not Applicable,Not Applicable,851,Not Applicable,0,,
2024-07-25 21:05:00,CNR1311667588,Success,CID218452,eBike,Kadugodi,JP Nagar,154.0,130.0,Not Applicable,Not Applicable,No,Not Applicable,782,UPI,49,3.0,4.6
2024-07-02 09:26:00,CNR8228141588,Success,CID620275,Prime SUV,Bellandur,Cox Town,301.0,100.0,Not Applicable,Not Applicable,No,Not Applicable,231,UPI,35,4.9,3.6
2024-07-12 05:38:00,CNR2421187219,Canceled by Customer,CID648042,Auto,Banashankari,Majestic,,,Driver is not moving towards pickup location,Not Applicable,Not Applicable,Not Applicable,169,Not Applicable,0,,
2024-07-04 21:42:00,CNR4255912459,Driver Not Found,CID851653,Prime SUV,Mysore Road,Richmond Town,,,Not Applicable,Not Applicable,Not Applicable,Not Applicable,425,Not Applicable,0,,
2024-07-03 20:40:00,CNR8691618955,Success,CID101023,Mini,Chamarajpet,RT Nagar,308.0,115.0,Not Applicable,Not Applicable,No,Not Applicable,389,UPI,36,3.0,3.5
2024-07-15 18:00:00,CNR2203054174,Success,CID327810,Prime Plus,Rajarajeshwari Nagar,BTM Layout,238.0,125.0,Not Applicable,Not Applicable,No,Not Applicable,930,UPI,6,4.7,3.1
2024-07-21 00:01:00,CNR9747398098,Success,CID781508,Prime Plus,Rajajinagar,Hennur,301.0,85.0,Not Applicable,Not Applicable,No,Not Applicable,257,Cash,5,3.8,4.8
2024-07-06 04:13:00,CNR2694374749,Success,CID330372,eBike,Vijayanagar,Ramamurthy Nagar,280.0,85.0,Not Applicable,Not Applicable,No,Not Applicable,2303,Cash,8,4.1,3.6
2024-07-27 20:12:00,CNR4885070883,Driver Not Found,CID245873,Auto,Rajajinagar,Nagarbhavi,,,Not Applicable,Not Applicable,Not Applicable,Not Applicable,710,Not Applicable,0,,
2024-07-20 23:00:00,CNR5058429142,Canceled by Customer,CID479429,Prime Sedan,HSR Layout,Devanahalli,,,Driver asked to cancel,Not Applicable,Not Applicable,Not Applicable,987,Not Applicable,0,,
2024-07-26 09:06:00,CNR5177378239,Success,CID221192,eBike,Electronic City,Bannerghatta Road,147.0,35.0,Not Applicable,Not Applicable,No,Not Applicable,1856,UPI,8,3.6,4.8
2024-07-02 20:32:00,CNR9489203190,Success,CID445780,Prime Plus,Langford Town,Peenya,84.0,80.0,Not Applicable,Not Applicable,No,Not Applicable,723,Cash,27,4.2,4.7
2024-07-17 07:49:00,CNR4494825263,Success,CID747109,Auto,Nagarbhavi,Electronic City,196.0,65.0,Not Applicable,Not Applicable,No,Not Applicable,338,Cash,17,4.2,3.7
2024-07-19 09:52:00,CNR8760927717,Success,CID206020,Auto,Bannerghatta Road,Cox Town,119.0,145.0,Not Applicable,Not Applicable,No,Not Applicable,409,Cash,18,4.6,4.1
2024-07-24 12:26:00,CNR7128644050,Success,CID289537,Auto,Basavanagudi,JP Nagar,287.0,75.0,Not Applicable,Not Applicable,No,Not Applicable,132,UPI,12,3.6,3.5
2024-07-02 06:28:00,CNR2994096533,Success,CID216589,eBike,Varthur,Cox Town,133.0,70.0,Not Applicable,Not Applicable,No,Not Applicable,474,UPI,30,3.4,3.9
2024-07-22 02:35:00,CNR9698193566,Canceled by Customer,CID606726,Prime Sedan,Chickpet,Koramangala,,,Driver is not moving towards pickup location,Not Applicable,Not Applicable,Not Applicable,743,Not Applicable,0,,
2024-07-27 20:18:00,CNR6968234236,Success,CID346188,Prime SUV,Varthur,Sarjapur Road,287.0,45.0,Not Applicable,Not Applicable,No,Not Applicable,194,UPI,11,4.8,4.9
2024-07-12 04:01:00,CNR4511535566,Success,CID375022,Auto,Banashankari,Rajarajeshwari Nagar,189.0,45.0,Not Applicable,Not Applicable,Yes,Other Issue,217,Cash,8,4.3,4.6
2024-07-14 00:05:00,CNR7654100140,Success,CID839971,Prime Sedan,Mysore Road,BTM Layout,217.0,80.0,Not Applicable,Not Applicable,No,Not Applicable,131,Cash,22,3.4,4.7
2024-07-04 04:51:00,CNR3635697840,Success,CID650428,Auto,Malleshwaram,Nagarbhavi,49.0,70.0,Not Applicable,Not Applicable,No,Not Applicable,436,UPI,8,3.6,4.0
2024-07-18 13:16:00,CNR2907432597,Success,CID129397,Prime Plus,Yeshwanthpur,Hennur,56.0,100.0,Not Applicable,Not Applicable,No,Not Applicable,293,UPI,23,4.5,4.9
2024-07-08 14:20:00,CNR1531077929,Success,CID393812,Mini,Varthur,Vijayanagar,98.0,140.0,Not Applicable,Not Applicable,No,Not Applicable,755,UPI,33,4.0,3.2
2024-07-01 07:18:00,CNR9313184076,Canceled by Driver,CID317317,Mini,Mysore Road,BTM Layout,,,Not Applicable,Personal & Car related issue,Not Applicable,Not Applicable,782,Not Applicable,0,,
2024-07-14 02:44:00,CNR6661649378,Canceled by Driver,CID754747,Prime SUV,Tumkur Road,BTM Layout,,,Not Applicable,Customer was coughing/sick,Not Applicable,Not Applicable,301,Not Applicable,0,,
2024-07-16 09:08:00,CNR8640260375,Success,CID310229,Bike,Hebbal,Hebbal,210.0,110.0,Not Applicable,Not Applicable,No,Not Applicable,266,Cash,1,4.6,3.3
2024-07-02 16:25:00,CNR6760974516,Driver Not Found,CID297618,Mini,RT Nagar,Shantinagar,,,Not Applicable,Not Applicable,Not Applicable,Not Applicable,291,Not Applicable,0,,
2024-07-06 20:32:00,CNR2488624158,Driver Not Found,CID602047,Prime SUV,Shantinagar,Kadugodi,,,Not Applicable,Not Applicable,Not Applicable,Not Applicable,416,Not Applicable,0,,
2024-07-09 13:01:00,CNR1869186160,Success,CID262005,Bike,Jayanagar,Varthur,182.0,50.0,Not Applicable,Not Applicable,No,Not Applicable,151,Cash,33,3.9,4.8
2024-07-20 12:59:00,CNR9856537283,Canceled by Customer,CID546063,Prime Sedan,Yelahanka,Indiranagar,,,Driver asked to cancel,Not Applicable,Not Applicable,Not Applicable,160,Not Applicable,0,,
2024-07-24 04:07:00,CNR6639888842,Success,CID211416,eBike,Tumkur Road,Majestic,217.0,60.0,Not Applicable,Not Applicable,No,Not Applicable,285,Cash,32,4.3,3.2
2024-07-10 04:53:00,CNR4833907812,Canceled by Driver,CID353671,Mini,Mysore Road,Frazer Town,,,Not Applicable,Personal & Car related issue,Not Applicable,Not Applicable,346,Not Applicable,0,,
2024-07-14 07:09:00,CNR4716073827,Success,CID738479,Auto,Jayanagar,KR Puram,35.0,140.0,Not Applicable,Not Applicable,No,Not Applicable,722,UPI,11,3.6,4.4
2024-07-15 22:08:00,CNR3278343416,Success,CID530679,eBike,Langford Town,BTM Layout,294.0,80.0,Not Applicable,Not Applicable,No,Not Applicable,121,UPI,36,4.9,4.0
2024-07-25 13:05:00,CNR2028964313,Canceled by Customer,CID521385,eBike,JP Nagar,Jayanagar,,,Driver asked to cancel,Not Applicable,Not Applicable,Not Applicable,934,Not Applicable,0,,
2024-07-12 10:46:00,CNR2911260702,Canceled by Driver,CID204617,Mini,Rajarajeshwari Nagar,Yeshwanthpur,,,Not Applicable,Personal & Car related issue,Not Applicable,Not Applicable,201,Not Applicable,0,,
2024-07-16 01:48:00,CNR7943271256,Success,CID868191,Prime SUV,Banashankari,Shivajinagar,189.0,90.0,Not Applicable,Not Applicable,No,Not Applicable,188,Cash,27,3.1,3.2
2024-07-24 09:03:00,CNR5953981019,Success,CID554507,Bike,Devanahalli,Marathahalli,280.0,75.0,Not Applicable,Not Applicable,No,Not Applicable,2436,Credit Card,7,3.5,4.3
2024-07-03 13:42:00,CNR8286963330,Canceled by Customer,CID581996,Auto,Chickpet,Basavanagudi,,,Change of plans,Not Applicable,Not Applicable,Not Applicable,387,Not Applicable,0,,
2024-07-16 18:52:00,CNR1288307948,Canceled by Driver,CID733740,Mini,Rajajinagar,Sahakar Nagar,,,Not Applicable,Personal & Car related issue,Not Applicable,Not Applicable,822,Not Applicable,0,,
2024-07-07 11:26:00,CNR4786785773,Canceled by Customer,CID420473,Mini,BTM Layout,Ulsoor,,,Change of plans,Not Applicable,Not Applicable,Not Applicable,335,Not Applicable,0,,
2024-07-04 14:10:00,CNR1753504758,Success,CID493526,eBike,Koramangala,Langford Town,56.0,135.0,Not Applicable,Not Applicable,No,Not Applicable,392,Cash,23,4.1,3.9
2024-07-12 14:34:00,CNR3469547602,Success,CID257541,eBike,Rajarajeshwari Nagar,Hennur,161.0,135.0,Not Applicable,Not Applicable,No,Not Applicable,725,Cash,2,4.8,3.5
2024-07-26 07:20:00,CNR4387808015,Success,CID836710,Auto,Devanahalli,Padmanabhanagar,210.0,45.0,Not Applicable,Not Applicable,No,Not Applicable,597,Cash,5,3.9,3.6
2024-07-05 14:13:00,CNR3805460542,Success,CID747019,Prime Plus,Banashankari,Bellandur,140.0,75.0,Not Applicable,Not Applicable,No,Not Applicable,133,Cash,18,3.6,3.8
2024-07-08 17:44:00,CNR6429972409,Success,CID302564,Prime Plus,Whitefield,Sarjapur Road,168.0,105.0,Not Applicable,Not Applicable,No,Not Applicable,278,UPI,26,3.9,4.0
2024-07-19 15:05:00,CNR3003739944,Success,CID919274,Prime SUV,Cox Town,RT Nagar,133.0,55.0,Not Applicable,Not Applicable,No,Not Applicable,396,Cash,5,4.8,5.0
2024-07-25 21:22:00,CNR2111128683,Success,CID742970,Auto,Hulimavu,Majestic,70.0,40.0,Not Applicable,Not Applicable,No,Not Applicable,375,Cash,15,4.3,3.5
2024-07-27 05:50:00,CNR3331139393,Canceled by Driver,CID425860,Prime Sedan,Richmond Town,Hulimavu,,,Not Applicable,Personal & Car related issue,Not Applicable,Not Applicable,359,Not Applicable,0,,
2024-07-07 10:10:00,CNR7387662196,Success,CID974499,Mini,Yelahanka,Koramangala,189.0,145.0,Not Applicable,Not Applicable,No,Not Applicable,968,UPI,3,4.8,4.0
2024-07-09 04:09:00,CNR7156793641,Canceled by Driver,CID690453,Auto,Marathahalli,Basavanagudi,,,Not Applicable,Personal & Car related issue,Not Applicable,Not Applicable,413,Not Applicable,0,,
2024-07-08 11:40:00,CNR7054333673,Driver Not Found,CID587203,Prime Sedan,Electronic City,KR Puram,,,Not Applicable,Not Applicable,Not Applicable,Not Applicable,337,Not Applicable,0,,
2024-07-15 17:34:00,CNR4219841917,Success,CID286307,Auto,Chickpet,Indiranagar,231.0,105.0,Not Applicable,Not Applicable,No,Not Applicable,541,UPI,9,4.5,3.5
2024-07-10 04:14:00,CNR7499120472,Success,CID644296,Prime SUV,Mysore Road,Magadi Road,56.0,100.0,Not Applicable,Not Applicable,No,Not Applicable,1186,Cash,47,3.9,3.9
2024-07-30 21:16:00,CNR8888571313,Success,CID290795,Prime Sedan,Bannerghatta Road,Sahakar Nagar,49.0,60.0,Not Applicable,Not Applicable,Yes,Vehicle Breakdown,211,UPI,25,3.4,3.9
2024-07-01 20:52:00,CNR7171093668,Success,CID292586,Prime Plus,Vijayanagar,Rajajinagar,154.0,75.0,Not Applicable,Not Applicable,No,Not Applicable,485,UPI,19,5.0,3.6
2024-07-28 09:59:00,CNR5205902659,Canceled by Driver,CID681614,Auto,Varthur,Indiranagar,,,Not Applicable,Customer related issue,Not Applicable,Not Applicable,268,Not Applicable,0,,
2024-07-05 22:00:00,CNR2618831687,Success,CID390668,Prime Sedan,BTM Layout,Padmanabhanagar,133.0,25.0,Not Applicable,Not Applicable,No,Not Applicable,528,Cash,15,4.1,4.4
2024-07-15 09:34:00,CNR1750017339,Success,CID148462,eBike,Jayanagar,Yelahanka,182.0,115.0,Not Applicable,Not Applicable,No,Not Applicable,515,UPI,35,3.2,4.7
2024-07-25 04:35:00,CNR3007849947,Canceled by Driver,CID757398,Bike,Hennur,Devanahalli,,,Not Applicable,Personal & Car related issue,Not Applicable,Not Applicable,556,Not Applicable,0,,
2024-07-27 23:43:00,CNR9345109364,Canceled by Driver,CID264513,Prime SUV,Whitefield,JP Nagar,,,Not Applicable,Personal & Car related issue,Not Applicable,Not Applicable,734,Not Applicable,0,,
2024-07-19 01:13:00,CNR5189975460,Success,CID157789,Prime Plus,Bellandur,MG Road,196.0,120.0,Not Applicable,Not Applicable,Yes,Customer Demand,195,Cash,44,3.8,3.4
2024-07-15 08:29:00,CNR7485174528,Success,CID106556,eBike,Rajarajeshwari Nagar,Indiranagar,35.0,125.0,Not Applicable,Not Applicable,No,Not Applicable,831,UPI,49,3.1,4.8
2024-07-04 05:20:00,CNR9099005113,Success,CID376560,eBike,Tumkur Road,Kammanahalli,217.0,115.0,Not Applicable,Not Applicable,No,Not Applicable,445,UPI,15,3.6,3.0
2024-07-04 09:03:00,CNR3055508255,Success,CID471996,eBike,Cox Town,Hennur,168.0,70.0,Not Applicable,Not Applicable,No,Not Applicable,404,Cash,25,3.2,3.2
2024-07-16 03:53:00,CNR2971213129,Success,CID739512,Prime SUV,Basavanagudi,Basavanagudi,175.0,130.0,Not Applicable,Not Applicable,No,Not Applicable,915,Credit Card,39,4.9,3.8
2024-07-19 20:04:00,CNR5925192038,Success,CID268744,Prime Plus,Bellandur,Jayanagar,42.0,115.0,Not Applicable,Not Applicable,No,Not Applicable,572,Cash,33,3.3,4.8
2024-07-27 14:06:00,CNR5642748475,Success,CID344323,eBike,Indiranagar,Hulimavu,238.0,55.0,Not Applicable,Not Applicable,No,Not Applicable,1984,Cash,17,3.7,4.6
2024-07-12 10:33:00,CNR6112632518,Success,CID444824,eBike,Richmond Town,Jayanagar,259.0,100.0,Not Applicable,Not Applicable,No,Not Applicable,165,Cash,40,3.6,3.8
2024-07-10 09:22:00,CNR8934566506,Success,CID885448,eBike,Chamarajpet,Nagarbhavi,35.0,30.0,Not Applicable,Not Applicable,No,Not Applicable,878,Cash,26,4.9,3.4
2024-07-08 02:15:00,CNR8182448347,Canceled by Customer,CID767209,Prime SUV,Hennur,Sarjapur Road,,,AC is Not working,Not Applicable,Not Applicable,Not Applicable,2124,Not Applicable,0,,
2024-07-02 06:07:00,CNR9791952051,Success,CID538351,Prime SUV,Kammanahalli,Marathahalli,175.0,40.0,Not Applicable,Not Applicable,No,Not Applicable,309,Cash,39,3.6,4.1
2024-07-18 14:43:00,CNR9804982329,Success,CID442681,eBike,Hennur,JP Nagar,301.0,80.0,Not Applicable,Not Applicable,No,Not Applicable,267,Credit Card,23,3.2,3.8
2024-07-08 12:15:00,CNR8933232223,Success,CID253795,Auto,Hosur Road,Bannerghatta Road,119.0,100.0,Not Applicable,Not Applicable,No,Not Applicable,1547,Cash,11,3.9,3.3
2024-07-12 02:24:00,CNR2257315512,Driver Not Found,CID242018,Prime SUV,Banashankari,Vijayanagar,,,Not Applicable,Not Applicable,Not Applicable,Not Applicable,289,Not Applicable,0,,
2024-07-19 10:42:00,CNR7316714052,Canceled by Driver,CID567701,Prime Sedan,Sarjapur Road,Shivajinagar,,,Not Applicable,Personal & Car related issue,Not Applicable,Not Applicable,987,Not Applicable,0,,
2024-07-02 18:00:00,CNR8060687261,Canceled by Driver,CID944297,Mini,Hennur,HSR Layout,,,Not Applicable,Personal & Car related issue,Not Applicable,Not Applicable,606,Not Applicable,0,,
2024-07-17 09:46:00,CNR2805525691,Canceled by Customer,CID448324,Auto,Malleshwaram,JP Nagar,,,AC is Not working,Not Applicable,Not Applicable,Not Applicable,406,Not Applicable,0,,
2024-07-07 12:17:00,CNR2311040646,Success,CID724233,eBike,Bellandur,Koramangala,252.0,110.0,Not Applicable,Not Applicable,No,Not Applicable,194,UPI,38,3.5,3.5
2024-07-18 16:12:00,CNR4318750680,Canceled by Driver,CID953962,Prime Sedan,Kammanahalli,Hulimavu,,,Not Applicable,Customer was coughing/sick,Not Applicable,Not Applicable,2236,Not Applicable,0,,
2024-07-05 01:25:00,CNR9760061230,Success,CID316656,eBike,Bellandur,Ulsoor,175.0,65.0,Not Applicable,Not Applicable,No,Not Applicable,352,Cash,8,4.5,3.4
2024-07-18 05:21:00,CNR9308074649,Canceled by Customer,CID318614,Mini,Indiranagar,Jayanagar,,,Change of plans,Not Applicable,Not Applicable,Not Applicable,393,Not Applicable,0,,
2024-07-17 01:29:00,CNR4008358637,Success,CID843288,Auto,Sarjapur Road,Kammanahalli,63.0,130.0,Not Applicable,Not Applicable,No,Not Applicable,462,Cash,3,4.3,3.7
2024-07-02 08:52:00,CNR2152775967,Success,CID244390,Prime Plus,Electronic City,Electronic City,259.0,95.0,Not Applicable,Not Applicable,Yes,Customer Demand,395,Cash,33,4.5,3.4
2024-07-23 22:42:00,CNR3208439166,Canceled by Customer,CID572415,eBike,Cox Town,Kadugodi,,,Driver asked to cancel,Not Applicable,Not Applicable,Not Applicable,400,Not Applicable,0,,
2024-07-19 22:22:00,CNR3926736266,Success,CID779320,Prime Plus,Yelahanka,Indiranagar,70.0,25.0,Not Applicable,Not Applicable,No,Not Applicable,383,UPI,41,4.8,3.3
2024-07-04 13:26:00,CNR3484048644,Success,CID765608,Prime Plus,Chickpet,Magadi Road,98.0,80.0,Not Applicable,Not Applicable,No,Not Applicable,841,Cash,35,3.5,4.2
2024-07-27 01:25:00,CNR6372332385,Driver Not Found,CID976249,Mini,Ulsoor,Kengeri,,,Not Applicable,Not Applicable,Not Applicable,Not Applicable,403,Not Applicable,0,,
2024-07-23 13:19:00,CNR7894241461,Success,CID265523,Mini,Koramangala,Cox Town,98.0,95.0,Not Applicable,Not Applicable,No,Not Applicable,123,UPI,48,4.5,3.6
2024-07-12 18:58:00,CNR6869444171,Success,CID622965,Prime Plus,Whitefield,Richmond Town,238.0,60.0,Not Applicable,Not Applicable,No,Not Applicable,105,Credit Card,44,4.0,3.7
2024-07-07 06:34:00,CNR1265947011,Success,CID294873,Mini,KR Puram,Yeshwanthpur,154.0,95.0,Not Applicable,Not Applicable,No,Not Applicable,349,UPI,38,3.2,4.7
2024-07-21 00:45:00,CNR2813988322,Canceled by Driver,CID292443,Mini,Malleshwaram,Peenya,,,Not Applicable,Customer was coughing/sick,Not Applicable,Not Applicable,113,Not Applicable,0,,
2024-07-08 17:33:00,CNR4589235066,Canceled by Customer,CID499912,Bike,BTM Layout,Rajajinagar,,,AC is Not working,Not Applicable,Not Applicable,Not Applicable,1981,Not Applicable,0,,
2024-07-12 02:11:00,CNR7232160123,Success,CID815799,Prime Plus,Bellandur,Jayanagar,231.0,100.0,Not Applicable,Not Applicable,No,Not Applicable,266,Cash,26,4.3,4.0
2024-07-23 03:39:00,CNR1630247366,Success,CID275322,Prime SUV,Koramangala,Mysore Road,42.0,130.0,Not Applicable,Not Applicable,No,Not Applicable,275,UPI,16,4.6,4.7
2024-07-28 11:39:00,CNR9872105268,Success,CID622688,Prime Plus,Ulsoor,Shivajinagar,161.0,90.0,Not Applicable,Not Applicable,No,Not Applicable,366,Cash,37,4.4,3.3
2024-07-24 09:29:00,CNR6514464346,Success,CID115126,Prime Plus,Banashankari,Nagarbhavi,63.0,120.0,Not Applicable,Not Applicable,No,Not Applicable,273,UPI,25,3.3,3.7
2024-07-23 19:50:00,CNR7407601615,Driver Not Found,CID443970,Prime SUV,Whitefield,Ramamurthy Nagar,,,Not Applicable,Not Applicable,Not Applicable,Not Applicable,333,Not Applicable,0,,
2024-07-16 22:36:00,CNR6252156904,Success,CID856383,Prime Sedan,Sarjapur Road,KR Puram,280.0,60.0,Not Applicable,Not Applicable,No,Not Applicable,405,Cash,7,4.8,4.8
2024-07-04 18:54:00,CNR9084914730,Canceled by Driver,CID703865,Prime Sedan,Sarjapur Road,Frazer Town,,,Not Applicable,Personal & Car related issue,Not Applicable,Not Applicable,250,Not Applicable,0,,
2024-07-22 16:14:00,CNR9428176933,Canceled by Driver,CID798840,Prime Plus,Hebbal,Padmanabhanagar,,,Not Applicable,Customer related issue,Not Applicable,Not Applicable,375,Not Applicable,0,,
2024-07-13 22:39:00,CNR5885359431,Success,CID870553,Mini,Indiranagar,Cox Town,147.0,45.0,Not Applicable,Not Applicable,No,Not Applicable,827,UPI,7,3.1,4.5
2024-07-10 06:37:00,CNR2163178501,Success,CID964692,eBike,Richmond Town,RT Nagar,196.0,130.0,Not Applicable,Not Applicable,No,Not Applicable,155,Cash,38,4.2,3.0
2024-07-20 03:28:00,CNR3288422881,Success,CID327847,Prime Plus,Kengeri,MG Road,252.0,95.0,Not Applicable,Not Applicable,No,Not Applicable,794,Cash,40,4.0,4.9
2024-07-22 18:59:00,CNR8022345981,Success,CID259466,Prime SUV,Majestic,RT Nagar,168.0,90.0,Not Applicable,Not Applicable,No,Not Applicable,417,UPI,42,3.7,4.8
2024-07-13 23:53:00,CNR4536335833,Success,CID207140,Auto,Koramangala,Peenya,70.0,40.0,Not Applicable,Not Applicable,No,Not Applicable,254,Cash,2,4.6,4.9
2024-07-30 13:00:00,CNR1437707338,Canceled by Driver,CID472713,Prime Sedan,Ramamurthy Nagar,Jayanagar,,,Not Applicable,Personal & Car related issue,Not Applicable,Not Applicable,262,Not Applicable,0,,
2024-07-12 17:50:00,CNR8426447298,Success,CID952455,Prime Sedan,Jayanagar,KR Puram,210.0,110.0,Not Applicable,Not Applicable,No,Not Applicable,306,UPI,41,5.0,4.4
2024-07-23 23:52:00,CNR8668263531,Success,CID215354,Bike,Kammanahalli,Rajarajeshwari Nagar,147.0,55.0,Not Applicable,Not Applicable,No,Not Applicable,310,UPI,8,4.7,3.0
2024-07-25 22:15:00,CNR6153623976,Canceled by Driver,CID321530,eBike,Richmond Town,Richmond Town,,,Not Applicable,More than permitted people in there,Not Applicable,Not Applicable,320,Not Applicable,0,,
2024-07-05 14:14:00,CNR6055126641,Success,CID169980,Prime SUV,Vijayanagar,Ulsoor,287.0,115.0,Not Applicable,Not Applicable,No,Not Applicable,449,Cash,34,3.5,3.1
2024-07-05 17:17:00,CNR9879767033,Success,CID210836,Bike,RT Nagar,Electronic City,56.0,50.0,Not Applicable,Not Applicable,No,Not Applicable,235,Cash,44,4.3,3.8
2024-07-01 08:18:00,CNR3889477910,Canceled by Customer,CID843530,Auto,Sarjapur Road,Electronic City,,,Driver asked to cancel,Not Applicable,Not Applicable,Not Applicable,816,Not Applicable,0,,
2024-07-19 11:40:00,CNR2346319751,Canceled by Driver,CID323417,eBike,Hulimavu,Malleshwaram,,,Not Applicable,Personal & Car related issue,Not Applicable,Not Applicable,282,Not Applicable,0,,
2024-07-07 01:03:00,CNR4248853058,Success,CID731287,Prime SUV,Magadi Road,Padmanabhanagar,210.0,105.0,Not Applicable,Not Applicable,No,Not Applicable,236,UPI,8,3.3,3.5
2024-07-18 02:38:00,CNR4139191365,Canceled by Driver,CID918496,Prime Sedan,Devanahalli,Rajarajeshwari Nagar,,,Not Applicable,More than permitted people in there,Not Applicable,Not Applicable,412,Not Applicable,0,,
2024-07-02 09:30:00,CNR3416729657,Success,CID859252,Mini,Koramangala,Basavanagudi,56.0,70.0,Not Applicable,Not Applicable,No,Not Applicable,792,UPI,12,3.0,3.0
2024-07-25 01:10:00,CNR7421016941,Driver Not Found,CID216815,Prime Plus,Marathahalli,Tumkur Road,,,Not Applicable,Not Applicable,Not Applicable,Not Applicable,912,Not Applicable,0,,
2024-07-04 00:00:00,CNR8316424287,Success,CID753336,Prime SUV,Yeshwanthpur,Yelahanka,35.0,120.0,Not Applicable,Not Applicable,No,Not Applicable,141,Cash,13,3.6,3.4
2024-07-11 17:57:00,CNR8622290122,Success,CID877023,Auto,Kadugodi,Kammanahalli,98.0,45.0,Not Applicable,Not Applicable,No,Not Applicable,362,Cash,19,4.1,3.2
2024-07-19 11:42:00,CNR9891777654,Success,CID642806,Auto,Mysore Road,Yelahanka,301.0,100.0,Not Applicable,Not Applicable,No,Not Applicable,516,UPI,1,4.7,4.7
2024-07-16 07:47:00,CNR9047698905,Success,CID281977,Auto,Banashankari,Malleshwaram,189.0,55.0,Not Applicable,Not Applicable,No,Not Applicable,417,UPI,8,3.8,4.5
2024-07-26 16:43:00,CNR9422056447,Canceled by Driver,CID283501,Prime SUV,Vijayanagar,Hosur Road,,,Not Applicable,Customer related issue,Not Applicable,Not Applicable,123,Not Applicable,0,,
2024-07-04 10:33:00,CNR6081619549,Success,CID202248,Prime SUV,Yeshwanthpur,Hulimavu,231.0,105.0,Not Applicable,Not Applicable,No,Not Applicable,163,Cash,48,3.9,3.8
2024-07-03 18:00:00,CNR2965608391,Canceled by Driver,CID772673,Auto,Kengeri,Richmond Town,,,Not Applicable,Customer was coughing/sick,Not Applicable,Not Applicable,329,Not Applicable,0,,
2024-07-15 15:11:00,CNR8280594104,Success,CID589717,Mini,Cox Town,Cox Town,245.0,55.0,Not Applicable,Not Applicable,No,Not Applicable,157,UPI,20,3.1,3.5
2024-07-03 19:14:00,CNR7725323376,Success,CID679631,Mini,Kadugodi,Devanahalli,133.0,55.0,Not Applicable,Not Applicable,Yes,Customer Demand,131,Cash,33,4.8,3.0
2024-07-02 04:32:00,CNR6557088137,Driver Not Found,CID427708,Prime Sedan,Kammanahalli,Rajarajeshwari Nagar,,,Not Applicable,Not Applicable,Not Applicable,Not Applicable,143,Not Applicable,0,,
2024-07-14 08:24:00,CNR1309764888,Success,CID587701,Mini,Hosur Road,Electronic City,154.0,80.0,Not Applicable,Not Applicable,No,Not Applicable,944,Credit Card,5,3.3,4.1
2024-07-22 13:28:00,CNR1276225513,Success,CID804378,Prime Sedan,Hosur Road,Vijayanagar,238.0,30.0,Not Applicable,Not Applicable,No,Not Applicable,374,Cash,25,3.0,3.6
2024-07-30 20:48:00,CNR3711933204,Canceled by Customer,CID863315,Prime SUV,RT Nagar,Kammanahalli,,,Change of plans,Not Applicable,Not Applicable,Not Applicable,164,Not Applicable,0,,
2024-07-10 09:59:00,CNR6494233743,Success,CID895238,Prime Sedan,Bellandur,Cox Town,301.0,30.0,Not Applicable,Not Applicable,No,Not Applicable,324,Cash,15,4.7,3.3
2024-07-23 23:52:00,CNR4958359196,Success,CID940631,Auto,Kadugodi,Nagarbhavi,35.0,75.0,Not Applicable,Not Applicable,Yes,Customer Demand,216,UPI,10,3.5,3.8
2024-07-14 06:24:00,CNR6492451867,Success,CID184434,Bike,Rajajinagar,RT Nagar,98.0,135.0,Not Applicable,Not Applicable,No,Not Applicable,265,Cash,21,3.4,3.9
2024-07-04 02:55:00,CNR7740413225,Canceled by Driver,CID618797,Prime Plus,JP Nagar,Kammanahalli,,,Not Applicable,Customer related issue,Not Applicable,Not Applicable,427,Not Applicable,0,,
2024-07-20 02:18:00,CNR4502629854,Canceled by Driver,CID923745,Bike,Chickpet,Jayanagar,,,Not Applicable,Customer was coughing/sick,Not Applicable,Not Applicable,424,Not Applicable,0,,
2024-07-27 22:36:00,CNR3837022905,Success,CID683610,Bike,Jayanagar,Banashankari,266.0,115.0,Not Applicable,Not Applicable,No,Not Applicable,332,Credit Card,48,4.6,4.2
2024-07-07 20:52:00,CNR1908422215,Success,CID723787,Prime Plus,Cox Town,HSR Layout,105.0,55.0,Not Applicable,Not Applicable,No,Not Applicable,263,Credit Card,23,3.4,3.7
2024-07-11 23:15:00,CNR5729197772,Canceled by Driver,CID546195,Bike,Kammanahalli,HSR Layout,,,Not Applicable,Personal & Car related issue,Not Applicable,Not Applicable,418,Not Applicable,0,,
2024-07-22 11:28:00,CNR7624910771,Canceled by Driver,CID604382,Bike,Chamarajpet,Langford Town,,,Not Applicable,Customer related issue,Not Applicable,Not Applicable,875,Not Applicable,0,,
2024-07-23 12:05:00,CNR4417346759,Success,CID587106,Prime Plus,JP Nagar,Magadi Road,224.0,125.0,Not Applicable,Not Applicable,No,Not Applicable,260,UPI,9,3.6,4.6
2024-07-17 18:54:00,CNR5544823884,Canceled by Customer,CID999286,Prime Sedan,Shivajinagar,Electronic City,,,Driver is not moving towards pickup location,Not Applicable,Not Applicable,Not Applicable,486,Not Applicable,0,,
2024-07-10 10:57:00,CNR2215418889,Success,CID900314,Bike,Richmond Town,Nagarbhavi,238.0,85.0,Not Applicable,Not Applicable,Yes,Customer Demand,1219,UPI,9,3.5,4.4
2024-07-01 07:15:00,CNR7342474244,Success,CID974666,Prime SUV,Varthur,MG Road,91.0,35.0,Not Applicable,Not Applicable,No,Not Applicable,157,Cash,28,4.7,3.7
2024-07-01 07:58:00,CNR4584153913,Canceled by Driver,CID411316,eBike,Ulsoor,Magadi Road,,,Not Applicable,More than permitted people in there,Not Applicable,Not Applicable,2270,Not Applicable,0,,
2024-07-24 16:38:00,CNR6999934284,Canceled by Customer,CID919945,Mini,Malleshwaram,Devanahalli,,,Driver is not moving towards pickup location,Not Applicable,Not Applicable,Not Applicable,1821,Not Applicable,0,,
2024-07-16 04:40:00,CNR5084261399,Success,CID753337,Prime Plus,Kengeri,Varthur,259.0,45.0,Not Applicable,Not Applicable,No,Not Applicable,477,Cash,37,3.1,4.4
2024-07-05 18:10:00,CNR6627310416,Canceled by Customer,CID718917,Prime SUV,Peenya,BTM Layout,,,Driver is not moving towards pickup location,Not Applicable,Not Applicable,Not Applicable,723,Not Applicable,0,,
2024-07-03 23:25:00,CNR3929831866,Success,CID814239,Auto,Sarjapur Road,Yelahanka,84.0,25.0,Not Applicable,Not Applicable,No,Not Applicable,377,Cash,7,4.2,4.0
2024-07-19 03:33:00,CNR6377395598,Success,CID156647,Bike,Ulsoor,Ulsoor,140.0,110.0,Not Applicable,Not Applicable,No,Not Applicable,347,Cash,35,4.2,3.9
2024-07-15 01:41:00,CNR7008335320,Canceled by Driver,CID869016,Prime SUV,Sahakar Nagar,Chickpet,,,Not Applicable,Customer was coughing/sick,Not Applicable,Not Applicable,143,Not Applicable,0,,
2024-07-18 17:13:00,CNR3973205684,Success,CID686067,eBike,Rajarajeshwari Nagar,Hosur Road,70.0,115.0,Not Applicable,Not Applicable,No,Not Applicable,188,Cash,37,4.7,3.6
2024-07-21 05:44:00,CNR7118742900,Success,CID394446,Prime Sedan,Whitefield,Bellandur,287.0,135.0,Not Applicable,Not Applicable,No,Not Applicable,201,UPI,42,4.2,4.8
2024-07-18 06:09:00,CNR6959012040,Success,CID612649,Prime SUV,Whitefield,Hulimavu,280.0,105.0,Not Applicable,Not Applicable,No,Not Applicable,482,UPI,22,3.9,3.1
2024-07-03 05:03:00,CNR6713971596,Success,CID770615,Prime SUV,Whitefield,Ulsoor,77.0,65.0,Not Applicable,Not Applicable,No,Not Applicable,343,Cash,17,3.2,3.4
2024-07-01 17:41:00,CNR5871351401,Success,CID794738,Prime Plus,Marathahalli,BTM Layout,119.0,110.0,Not Applicable,Not Applicable,No,Not Applicable,322,Cash,36,3.5,3.1
2024-07-17 08:42:00,CNR8110681237,Success,CID484744,Prime Plus,Devanahalli,Shantinagar,147.0,135.0,Not Applicable,Not Applicable,No,Not Applicable,400,Cash,37,4.2,4.8
2024-07-19 06:36:00,CNR7322883530,Canceled by Driver,CID693333,Auto,Hennur,JP Nagar,,,Not Applicable,More than permitted people in there,Not Applicable,Not Applicable,526,Not Applicable,0,,
2024-07-05 14:09:00,CNR2847451179,Driver Not Found,CID771870,Prime Plus,Chickpet,JP Nagar,,,Not Applicable,Not Applicable,Not Applicable,Not Applicable,121,Not Applicable,0,,
2024-07-23 09:57:00,CNR4685678084,Driver Not Found,CID226870,Auto,Yeshwanthpur,Electronic City,,,Not Applicable,Not Applicable,Not Applicable,Not Applicable,473,Not Applicable,0,,
2024-07-24 16:18:00,CNR2740829599,Driver Not Found,CID341089,Prime Plus,Chamarajpet,Ramamurthy Nagar,,,Not Applicable,Not Applicable,Not Applicable,Not Applicable,242,Not Applicable,0,,
2024-07-29 05:53:00,CNR6214867743,Success,CID400905,Prime Sedan,Bellandur,Rajajinagar,147.0,40.0,Not Applicable,Not Applicable,No,Not Applicable,350,UPI,2,4.5,4.2
2024-07-26 14:31:00,CNR3047439078,Canceled by Driver,CID658907,Mini,Kengeri,Ramamurthy Nagar,,,Not Applicable,Customer was coughing/sick,Not Applicable,Not Applicable,982,Not Applicable,0,,
2024-07-04 02:05:00,CNR6159118985,Success,CID141908,Prime Plus,Chamarajpet,Bannerghatta Road,273.0,25.0,Not Applicable,Not Applicable,No,Not Applicable,916,Cash,38,3.4,5.0
2024-07-08 13:14:00,CNR4562322664,Success,CID730879,Prime SUV,Padmanabhanagar,Richmond Town,189.0,130.0,Not Applicable,Not Applicable,No,Not Applicable,230,UPI,49,4.8,4.3
2024-07-07 15:18:00,CNR9881134257,Canceled by Driver,CID345862,Prime SUV,KR Puram,Malleshwaram,,,Not Applicable,Personal & Car related issue,Not Applicable,Not Applicable,772,Not Applicable,0,,
2024-07-22 14:54:00,CNR8150587011,Success,CID906527,Prime SUV,Devanahalli,Bellandur,182.0,135.0,Not Applicable,Not Applicable,No,Not Applicable,647,Cash,32,3.2,3.1
2024-07-18 16:08:00,CNR8970969116,Driver Not Found,CID426672,Prime Sedan,Cox Town,Sarjapur Road,,,Not Applicable,Not Applicable,Not Applicable,Not Applicable,232,Not Applicable,0,,
2024-07-12 10:30:00,CNR2774527099,Canceled by Driver,CID616571,Prime SUV,Bannerghatta Road,JP Nagar,,,Not Applicable,Customer related issue,Not Applicable,Not Applicable,593,Not Applicable,0,,
2024-07-06 00:03:00,CNR7760502457,Success,CID125167,Prime Sedan,Hulimavu,Frazer Town,161.0,110.0,Not Applicable,Not Applicable,No,Not Applicable,481,Cash,36,4.0,4.4
2024-07-25 11:11:00,CNR9286314147,Success,CID616009,Mini,MG Road,Mysore Road,119.0,55.0,Not Applicable,Not Applicable,No,Not Applicable,559,Cash,11,3.1,4.7
2024-07-19 10:48:00,CNR6378955311,Canceled by Driver,CID949339,Auto,Mysore Road,Rajarajeshwari Nagar,,,Not Applicable,Customer was coughing/sick,Not Applicable,Not Applicable,112,Not Applicable,0,,
2024-07-24 09:04:00,CNR6403350901,Success,CID538719,Mini,Hennur,Mysore Road,259.0,90.0,Not Applicable,Not Applicable,No,Not Applicable,105,Cash,16,4.3,3.9
2024-07-09 14:38:00,CNR4948142360,Driver Not Found,CID615879,Mini,HSR Layout,Marathahalli,,,Not Applicable,Not Applicable,Not Applicable,Not Applicable,980,Not Applicable,0,,
2024-07-19 19:21:00,CNR8566895820,Canceled by Customer,CID903181,Prime Plus,Bellandur,Richmond Town,,,AC is Not working,Not Applicable,Not Applicable,Not Applicable,472,Not Applicable,0,,
2024-07-23 09:44:00,CNR6312127358,Success,CID585015,Prime Sedan,Nagarbhavi,Malleshwaram,287.0,65.0,Not Applicable,Not Applicable,No,Not Applicable,333,UPI,20,4.0,3.0
2024-07-26 12:10:00,CNR1627966304,Success,CID110138,Prime Sedan,Sahakar Nagar,Jayanagar,112.0,35.0,Not Applicable,Not Applicable,No,Not Applicable,142,UPI,18,4.7,3.1
2024-07-27 08:46:00,CNR7075080608,Canceled by Driver,CID267073,Prime Sedan,Varthur,Malleshwaram,,,Not Applicable,Customer was coughing/sick,Not Applicable,Not Applicable,448,Not Applicable,0,,
2024-07-01 10:14:00,CNR2346304310,Canceled by Driver,CID162792,Prime SUV,Magadi Road,BTM Layout,,,Not Applicable,Customer was coughing/sick,Not Applicable,Not Applicable,194,Not Applicable,0,,
2024-07-02 03:41:00,CNR6340347564,Success,CID210905,Bike,Chickpet,Peenya,63.0,105.0,Not Applicable,Not Applicable,No,Not Applicable,209,UPI,5,3.0,4.2
2024-07-12 10:48:00,CNR1385022983,Success,CID851579,Prime Sedan,Langford Town,Indiranagar,203.0,50.0,Not Applicable,Not Applicable,Yes,Vehicle Breakdown,740,UPI,15,4.6,3.7
2024-07-26 04:14:00,CNR4425883272,Success,CID754782,eBike,Vijayanagar,Devanahalli,182.0,110.0,Not Applicable,Not Applicable,No,Not Applicable,298,Cash,33,3.3,3.7
2024-07-23 10:01:00,CNR8496912070,Success,CID957749,Prime Sedan,Kadugodi,Malleshwaram,294.0,105.0,Not Applicable,Not Applicable,No,Not Applicable,707,Cash,7,3.1,3.2
2024-07-19 13:51:00,CNR4141428554,Canceled by Driver,CID984156,Prime Plus,Chamarajpet,Yeshwanthpur,,,Not Applicable,More than permitted people in there,Not Applicable,Not Applicable,362,Not Applicable,0,,
2024-07-16 05:12:00,CNR1561666852,Canceled by Customer,CID995633,eBike,Bannerghatta Road,Langford Town,,,Driver is not moving towards pickup location,Not Applicable,Not Applicable,Not Applicable,394,Not Applicable,0,,
2024-07-10 15:23:00,CNR9155758182,Success,CID691691,Prime SUV,Malleshwaram,Rajarajeshwari Nagar,238.0,25.0,Not Applicable,Not Applicable,No,Not Applicable,370,Cash,21,4.8,3.9
2024-07-19 23:20:00,CNR3982481516,Driver Not Found,CID132827,eBike,BTM Layout,Ulsoor,,,Not Applicable,Not Applicable,Not Applicable,Not Applicable,330,Not Applicable,0,,
2024-07-17 03:53:00,CNR2377886173,Success,CID100747,Bike,Banashankari,Malleshwaram,105.0,140.0,Not Applicable,Not Applicable,No,Not Applicable,359,Cash,17,4.9,4.4
2024-07-10 14:26:00,CNR5268701818,Canceled by Customer,CID787086,Mini,Ulsoor,Ulsoor,,,AC is Not working,Not Applicable,Not Applicable,Not Applicable,353,Not Applicable,0,,
2024-07-27 10:47:00,CNR5193580721,Success,CID294265,Prime Sedan,Sarjapur Road,Rajarajeshwari Nagar,259.0,95.0,Not Applicable,Not Applicable,No,Not Applicable,2985,Cash,17,3.1,3.8
2024-07-15 23:33:00,CNR6339830404,Canceled by Driver,CID850199,eBike,Langford Town,Whitefield,,,Not Applicable,Customer related issue,Not Applicable,Not Applicable,253,Not Applicable,0,,
2024-07-01 04:29:00,CNR4509983256,Success,CID806500,Prime Sedan,Cox Town,Sarjapur Road,49.0,110.0,Not Applicable,Not Applicable,No,Not Applicable,258,Cash,20,3.7,4.3
2024-07-08 00:06:00,CNR6388121882,Success,CID168836,eBike,Ramamurthy Nagar,JP Nagar,245.0,110.0,Not Applicable,Not Applicable,No,Not Applicable,2819,Cash,40,3.3,4.9
2024-07-29 12:33:00,CNR3728547347,Driver Not Found,CID253958,Prime Sedan,Bellandur,JP Nagar,,,Not Applicable,Not Applicable,Not Applicable,Not Applicable,166,Not Applicable,0,,
2024-07-17 10:28:00,CNR7477075972,Success,CID618624,Prime Sedan,Vijayanagar,BTM Layout,259.0,95.0,Not Applicable,Not Applicable,No,Not Applicable,534,UPI,46,4.9,4.3
2024-07-15 20:44:00,CNR6569784367,Success,CID453669,Prime Plus,Rajarajeshwari Nagar,Basavanagudi,273.0,35.0,Not Applicable,Not Applicable,No,Not Applicable,103,UPI,12,3.6,4.2
2024-07-15 15:33:00,CNR9221866224,Driver Not Found,CID510147,Prime Sedan,Tumkur Road,JP Nagar,,,Not Applicable,Not Applicable,Not Applicable,Not Applicable,166,Not Applicable,0,,
2024-07-06 07:24:00,CNR9760130543,Success,CID490148,Mini,Bellandur,Frazer Town,203.0,120.0,Not Applicable,Not Applicable,No,Not Applicable,606,Cash,8,3.6,4.4
2024-07-10 12:07:00,CNR8693103516,Success,CID168218,Mini,Yeshwanthpur,Koramangala,84.0,55.0,Not Applicable,Not Applicable,No,Not Applicable,289,UPI,30,4.4,4.5
2024-07-14 06:51:00,CNR5981149606,Success,CID871276,Mini,BTM Layout,Indiranagar,189.0,130.0,Not Applicable,Not Applicable,No,Not Applicable,889,Cash,16,3.5,3.6
2024-07-04 21:40:00,CNR9227183407,Success,CID657406,Mini,Shantinagar,Chamarajpet,210.0,130.0,Not Applicable,Not Applicable,No,Not Applicable,229,Cash,29,4.5,4.9
2024-07-23 13:25:00,CNR1196956441,Success,CID124695,Prime Plus,Rajarajeshwari Nagar,Chickpet,42.0,90.0,Not Applicable,Not Applicable,No,Not Applicable,109,UPI,41,4.6,4.6
2024-07-01 07:53:00,CNR3912286647,Success,CID206849,Mini,JP Nagar,Yeshwanthpur,91.0,145.0,Not Applicable,Not Applicable,No,Not Applicable,215,UPI,36,4.9,3.5
2024-07-22 05:00:00,CNR8296177980,Success,CID705466,Auto,Jayanagar,Majestic,56.0,50.0,Not Applicable,Not Applicable,No,Not Applicable,676,UPI,4,4.1,3.0
2024-07-09 01:57:00,CNR8881202885,Success,CID536415,Auto,Shivajinagar,JP Nagar,210.0,65.0,Not Applicable,Not Applicable,No,Not Applicable,957,Cash,13,3.8,4.5
2024-07-12 11:31:00,CNR2858801683,Canceled by Driver,CID783283,Prime Plus,BTM Layout,MG Road,,,Not Applicable,Customer related issue,Not Applicable,Not Applicable,407,Not Applicable,0,,
2024-07-05 17:12:00,CNR1496421939,Success,CID544144,Bike,Indiranagar,MG Road,98.0,120.0,Not Applicable,Not Applicable,Yes,Vehicle Breakdown,2797,UPI,36,4.6,4.1
2024-07-17 06:56:00,CNR6473219227,Success,CID997036,Prime Plus,MG Road,Chickpet,182.0,135.0,Not Applicable,Not Applicable,No,Not Applicable,153,Cash,46,4.1,3.3
2024-07-29 11:54:00,CNR8873488329,Success,CID221993,Prime Plus,Varthur,Indiranagar,49.0,140.0,Not Applicable,Not Applicable,No,Not Applicable,383,UPI,14,4.1,4.4
2024-07-01 05:25:00,CNR6732596220,Driver Not Found,CID543197,Bike,KR Puram,Malleshwaram,,,Not Applicable,Not Applicable,Not Applicable,Not Applicable,582,Not Applicable,0,,
2024-07-17 11:15:00,CNR4990480683,Success,CID986896,Prime Sedan,Hosur Road,Bellandur,259.0,120.0,Not Applicable,Not Applicable,Yes,Customer Demand,201,Cash,10,5.0,3.1
2024-07-27 18:41:00,CNR3186982968,Success,CID500487,Bike,Shivajinagar,Banashankari,210.0,145.0,Not Applicable,Not Applicable,No,Not Applicable,168,Cash,37,4.0,4.5
2024-07-24 16:09:00,CNR3303933358,Driver Not Found,CID477994,Prime Plus,Koramangala,Bellandur,,,Not Applicable,Not Applicable,Not Applicable,Not Applicable,193,Not Applicable,0,,
2024-07-25 04:21:00,CNR2000119623,Success,CID618106,Mini,Yeshwanthpur,Koramangala,280.0,125.0,Not Applicable,Not Applicable,No,Not Applicable,288,Cash,32,3.4,4.4
2024-07-03 20:46:00,CNR6787700669,Success,CID376335,Auto,Frazer Town,Koramangala,154.0,85.0,Not Applicable,Not Applicable,No,Not Applicable,393,UPI,18,4.1,5.0
2024-07-17 00:46:00,CNR8410938620,Canceled by Driver,CID117224,Auto,Devanahalli,Ulsoor,,,Not Applicable,Customer related issue,Not Applicable,Not Applicable,139,Not Applicable,0,,
2024-07-06 20:21:00,CNR4940898401,Success,CID332129,Bike,Tumkur Road,Varthur,119.0,55.0,Not Applicable,Not Applicable,No,Not Applicable,142,UPI,47,4.7,3.5
2024-07-17 12:40:00,CNR1228309193,Canceled by Driver,CID348763,eBike,Whitefield,Langford Town,,,Not Applicable,Customer was coughing/sick,Not Applicable,Not Applicable,497,Not Applicable,0,,
2024-07-05 09:05:00,CNR9333739422,Canceled by Driver,CID435632,Auto,JP Nagar,Vijayanagar,,,Not Applicable,More than permitted people in there,Not Applicable,Not Applicable,312,Not Applicable,0,,
2024-07-15 00:36:00,CNR9617901418,Canceled by Driver,CID764055,Auto,Shantinagar,Vijayanagar,,,Not Applicable,More than permitted people in there,Not Applicable,Not Applicable,475,Not Applicable,0,,
2024-07-28 18:30:00,CNR6895725180,Canceled by Customer,CID903180,Bike,Hosur Road,Vijayanagar,,,AC is Not working,Not Applicable,Not Applicable,Not Applicable,2647,Not Applicable,0,,
2024-07-02 08:49:00,CNR2852757375,Canceled by Driver,CID905195,Prime Plus,MG Road,Magadi Road,,,Not Applicable,Customer related issue,Not Applicable,Not Applicable,2256,Not Applicable,0,,
2024-07-02 11:57:00,CNR1079128384,Success,CID393954,Prime SUV,Yelahanka,Whitefield,35.0,55.0,Not Applicable,Not Applicable,No,Not Applicable,323,UPI,20,3.9,4.4
2024-07-12 21:20:00,CNR3942373085,Success,CID590543,Prime SUV,Frazer Town,Rajarajeshwari Nagar,210.0,60.0,Not Applicable,Not Applicable,No,Not Applicable,142,Cash,25,4.2,3.8
2024-07-01 08:42:00,CNR5977633202,Success,CID941202,Bike,Basavanagudi,Ulsoor,119.0,95.0,Not Applicable,Not Applicable,No,Not Applicable,202,Cash,21,4.4,3.3
2024-07-10 15:26:00,CNR4974188429,Success,CID250733,Prime Sedan,Ulsoor,RT Nagar,252.0,25.0,Not Applicable,Not Applicable,No,Not Applicable,201,UPI,7,3.3,3.3
2024-07-30 15:47:00,CNR5804460614,Success,CID944603,Mini,Cox Town,Padmanabhanagar,140.0,45.0,Not Applicable,Not Applicable,No,Not Applicable,553,Cash,22,4.4,4.0
2024-07-11 11:06:00,CNR3072365937,Canceled by Driver,CID806481,Auto,Richmond Town,Hennur,,,Not Applicable,Customer related issue,Not Applicable,Not Applicable,246,Not Applicable,0,,
2024-07-02 18:28:00,CNR3805176975,Success,CID458543,Prime Plus,Padmanabhanagar,Malleshwaram,189.0,130.0,Not Applicable,Not Applicable,No,Not Applicable,427,Cash,33,3.7,3.4
2024-07-12 09:37:00,CNR7226617436,Success,CID162054,eBike,Varthur,Vijayanagar,175.0,90.0,Not Applicable,Not Applicable,No,Not Applicable,256,Cash,19,4.3,3.4
2024-07-22 06:28:00,CNR8729223780,Success,CID515970,Prime Sedan,MG Road,Electronic City,231.0,140.0,Not Applicable,Not Applicable,Yes,Customer Demand,142,UPI,36,3.0,3.2
2024-07-26 02:37:00,CNR9145782100,Driver Not Found,CID648601,Bike,Mysore Road,Ramamurthy Nagar,,,Not Applicable,Not Applicable,Not Applicable,Not Applicable,381,Not Applicable,0,,
2024-07-30 10:16:00,CNR6586885051,Success,CID436657,Prime Plus,Shivajinagar,Jayanagar,238.0,95.0,Not Applicable,Not Applicable,No,Not Applicable,335,Cash,36,3.2,3.7
2024-07-30 07:47:00,CNR5551758141,Success,CID486285,Prime Plus,Yelahanka,BTM Layout,35.0,105.0,Not Applicable,Not Applicable,No,Not Applicable,208,Cash,26,3.3,3.4
2024-07-02 03:41:00,CNR7197722796,Success,CID186718,Bike,Yeshwanthpur,Bannerghatta Road,105.0,90.0,Not Applicable,Not Applicable,No,Not Applicable,297,Cash,16,3.2,4.1
2024-07-29 07:13:00,CNR2230793803,Success,CID774958,Mini,Rajajinagar,Langford Town,308.0,85.0,Not Applicable,Not Applicable,No,Not Applicable,951,Cash,31,4.9,4.8
2024-07-26 19:13:00,CNR1712204633,Canceled by Driver,CID427804,Bike,Magadi Road,Peenya,,,Not Applicable,Customer related issue,Not Applicable,Not Applicable,448,Not Applicable,0,,
2024-07-04 15:38:00,CNR2831961776,Success,CID265014,Prime Plus,Shivajinagar,Chamarajpet,189.0,95.0,Not Applicable,Not Applicable,Yes,Vehicle Breakdown,312,Cash,14,3.6,3.2
2024-07-28 10:59:00,CNR6583435180,Success,CID142495,Prime Plus,Magadi Road,Malleshwaram,308.0,95.0,Not Applicable,Not Applicable,No,Not Applicable,241,UPI,9,3.9,4.4
2024-07-23 13:31:00,CNR5598383032,Success,CID728690,Prime Sedan,Whitefield,Shantinagar,301.0,75.0,Not Applicable,Not Applicable,No,Not Applicable,419,Cash,23,3.9,3.2
2024-07-28 09:26:00,CNR2886872139,Success,CID957411,Auto,Koramangala,Devanahalli,70.0,60.0,Not Applicable,Not Applicable,No,Not Applicable,479,UPI,1,4.3,4.4
2024-07-04 22:16:00,CNR5543496890,Success,CID931055,Auto,Yeshwanthpur,Tumkur Road,259.0,135.0,Not Applicable,Not Applicable,No,Not Applicable,2916,Cash,15,4.9,4.3
2024-07-30 15:34:00,CNR1364942438,Success,CID472435,Prime Plus,Koramangala,Vijayanagar,259.0,105.0,Not Applicable,Not Applicable,Yes,Customer Demand,133,Cash,27,4.6,3.3
2024-07-16 11:20:00,CNR8163802583,Canceled by Driver,CID581014,Auto,Shantinagar,Banashankari,,,Not Applicable,Customer was coughing/sick,Not Applicable,Not Applicable,329,Not Applicable,0,,
2024-07-17 10:45:00,CNR9856179615,Success,CID238120,Mini,HSR Layout,Yelahanka,301.0,55.0,Not Applicable,Not Applicable,No,Not Applicable,287,Cash,40,3.1,3.5
2024-07-07 04:45:00,CNR6808594714,Success,CID856776,Mini,Ulsoor,Richmond Town,42.0,65.0,Not Applicable,Not Applicable,No,Not Applicable,168,UPI,37,4.9,5.0
2024-07-08 02:55:00,CNR7753000907,Success,CID450899,Prime Plus,Indiranagar,HSR Layout,252.0,25.0,Not Applicable,Not Applicable,No,Not Applicable,1316,Cash,24,3.9,4.0
2024-07-27 15:46:00,CNR7409933231,Canceled by Driver,CID511356,Prime Plus,Banashankari,Shivajinagar,,,Not Applicable,Personal & Car related issue,Not Applicable,Not Applicable,786,Not Applicable,0,,
2024-07-09 19:58:00,CNR9424412284,Success,CID616361,Prime SUV,Richmond Town,Jayanagar,126.0,35.0,Not Applicable,Not Applicable,No,Not Applicable,2426,UPI,3,3.8,3.1
2024-07-09 03:51:00,CNR6179448869,Driver Not Found,CID540973,Prime SUV,Shivajinagar,RT Nagar,,,Not Applicable,Not Applicable,Not Applicable,Not Applicable,371,Not Applicable,0,,
2024-07-13 22:57:00,CNR7150157908,Success,CID142182,Mini,Kengeri,Magadi Road,175.0,130.0,Not Applicable,Not Applicable,No,Not Applicable,359,Cash,36,3.3,3.6
2024-07-15 00:17:00,CNR4128860765,Canceled by Customer,CID979912,eBike,Kammanahalli,Chamarajpet,,,AC is Not working,Not Applicable,Not Applicable,Not Applicable,263,Not Applicable,0,,
2024-07-18 00:07:00,CNR1277943860,Success,CID275434,eBike,HSR Layout,Rajarajeshwari Nagar,280.0,40.0,Not Applicable,Not Applicable,No,Not Applicable,538,Cash,32,3.1,4.3
2024-07-05 19:03:00,CNR5229348004,Success,CID688403,Auto,Richmond Town,Langford Town,203.0,135.0,Not Applicable,Not Applicable,No,Not Applicable,393,Cash,17,4.6,3.6
2024-07-07 11:25:00,CNR6656821238,Success,CID554665,Mini,Yelahanka,Bannerghatta Road,210.0,50.0,Not Applicable,Not Applicable,No,Not Applicable,231,Cash,37,3.4,4.8
2024-07-28 18:50:00,CNR1733579450,Canceled by Driver,CID827884,eBike,Peenya,Frazer Town,,,Not Applicable,Customer was coughing/sick,Not Applicable,Not Applicable,629,Not Applicable,0,,
2024-07-08 07:17:00,CNR3575854448,Driver Not Found,CID738047,Auto,Indiranagar,Hosur Road,,,Not Applicable,Not Applicable,Not Applicable,Not Applicable,557,Not Applicable,0,,
2024-07-18 18:01:00,CNR7645373788,Success,CID541094,Mini,Mysore Road,Peenya,168.0,50.0,Not Applicable,Not Applicable,No,Not Applicable,327,UPI,29,3.6,3.1
2024-07-08 10:32:00,CNR5690486507,Success,CID718299,Prime SUV,KR Puram,Ramamurthy Nagar,266.0,100.0,Not Applicable,Not Applicable,No,Not Applicable,232,UPI,14,4.2,4.2
2024-07-08 04:21:00,CNR2083834472,Driver Not Found,CID715905,Prime Sedan,Frazer Town,Hosur Road,,,Not Applicable,Not Applicable,Not Applicable,Not Applicable,1814,Not Applicable,0,,
2024-07-08 01:57:00,CNR2760360767,Success,CID323838,Prime SUV,Vijayanagar,Marathahalli,252.0,75.0,Not Applicable,Not Applicable,No,Not Applicable,132,UPI,46,4.5,3.9
2024-07-14 02:59:00,CNR8511734927,Success,CID739343,Prime SUV,Banashankari,BTM Layout,294.0,35.0,Not Applicable,Not Applicable,No,Not Applicable,237,UPI,8,3.3,3.5
2024-07-15 15:41:00,CNR2036786950,Driver Not Found,CID963629,Prime Sedan,Sahakar Nagar,Tumkur Road,,,Not Applicable,Not Applicable,Not Applicable,Not Applicable,151,Not Applicable,0,,
2024-07-30 11:46:00,CNR4810915162,Success,CID756696,Prime Plus,Sarjapur Road,Kammanahalli,56.0,90.0,Not Applicable,Not Applicable,No,Not Applicable,236,Cash,14,4.0,3.7
2024-07-28 03:32:00,CNR9795734362,Success,CID390744,Prime Sedan,Shantinagar,Rajarajeshwari Nagar,308.0,30.0,Not Applicable,Not Applicable,No,Not Applicable,858,UPI,49,4.6,3.3
2024-07-04 01:07:00,CNR1236380781,Success,CID995969,Prime Plus,Hulimavu,RT Nagar,140.0,75.0,Not Applicable,Not Applicable,No,Not Applicable,352,Credit Card,44,3.8,3.8
2024-07-14 03:54:00,CNR6871333709,Driver Not Found,CID566406,Mini,Shivajinagar,Mysore Road,,,Not Applicable,Not Applicable,Not Applicable,Not Applicable,136,Not Applicable,0,,
2024-07-23 18:18:00,CNR6285218163,Canceled by Driver,CID349526,Prime Sedan,Majestic,Rajarajeshwari Nagar,,,Not Applicable,Personal & Car related issue,Not Applicable,Not Applicable,1021,Not Applicable,0,,
2024-07-27 02:42:00,CNR2336186094,Success,CID854711,Auto,Devanahalli,Frazer Town,168.0,55.0,Not Applicable,Not Applicable,No,Not Applicable,1852,Cash,1,3.1,4.9
2024-07-16 01:04:00,CNR1539376897,Success,CID801188,Prime Plus,Bannerghatta Road,RT Nagar,189.0,130.0,Not Applicable,Not Applicable,No,Not Applicable,174,UPI,30,3.2,4.4
2024-07-28 02:41:00,CNR5981416340,Canceled by Customer,CID809420,Auto,Frazer Town,Koramangala,,,Driver is not moving towards pickup location,Not Applicable,Not Applicable,Not Applicable,733,Not Applicable,0,,
2024-07-27 12:00:00,CNR1361458410,Success,CID298976,Bike,Rajarajeshwari Nagar,KR Puram,308.0,145.0,Not Applicable,Not Applicable,No,Not Applicable,207,Cash,23,3.5,4.9
2024-07-14 12:39:00,CNR9767250567,Success,CID315147,Auto,Malleshwaram,Hosur Road,238.0,100.0,Not Applicable,Not Applicable,No,Not Applicable,120,Cash,18,3.1,4.7
2024-07-28 04:20:00,CNR1711311786,Driver Not Found,CID703369,Mini,Hosur Road,Shivajinagar,,,Not Applicable,Not Applicable,Not Applicable,Not Applicable,143,Not Applicable,0,,
2024-07-14 13:00:00,CNR2569554502,Success,CID438655,Prime Sedan,Nagarbhavi,Hulimavu,273.0,100.0,Not Applicable,Not Applicable,Yes,Customer Demand,2133,Cash,19,3.7,3.9
2024-07-11 21:18:00,CNR9277403162,Success,CID332727,eBike,Langford Town,Majestic,147.0,90.0,Not Applicable,Not Applicable,No,Not Applicable,332,UPI,1,3.2,4.3
2024-07-26 13:40:00,CNR9649666281,Success,CID281493,Prime Plus,Koramangala,Padmanabhanagar,175.0,60.0,Not Applicable,Not Applicable,No,Not Applicable,340,UPI,33,4.9,4.8
2024-07-28 13:20:00,CNR6458675641,Driver Not Found,CID680310,Prime Plus,JP Nagar,Sahakar Nagar,,,Not Applicable,Not Applicable,Not Applicable,Not Applicable,459,Not Applicable,0,,
2024-07-29 13:59:00,CNR2258446296,Success,CID929831,Prime SUV,Hebbal,Rajarajeshwari Nagar,308.0,100.0,Not Applicable,Not Applicable,No,Not Applicable,313,Cash,35,4.7,3.9
2024-07-28 19:51:00,CNR2672121022,Success,CID611877,Mini,Padmanabhanagar,Chamarajpet,189.0,25.0,Not Applicable,Not Applicable,No,Not Applicable,483,Cash,36,4.8,4.4
2024-07-15 10:13:00,CNR9279837152,Success,CID886729,Prime Plus,HSR Layout,RT Nagar,238.0,30.0,Not Applicable,Not Applicable,No,Not Applicable,970,UPI,2,4.6,4.3
2024-07-28 19:07:00,CNR7337655506,Canceled by Customer,CID330032,eBike,Ulsoor,Koramangala,,,Driver is not moving towards pickup location,Not Applicable,Not Applicable,Not Applicable,617,Not Applicable,0,,
2024-07-27 00:31:00,CNR7764168184,Success,CID828453,Prime Plus,Yelahanka,Shantinagar,175.0,130.0,Not Applicable,Not Applicable,No,Not Applicable,423,UPI,2,3.3,3.8
2024-07-25 14:11:00,CNR8475909722,Success,CID776506,eBike,Rajajinagar,Ramamurthy Nagar,294.0,65.0,Not Applicable,Not Applicable,No,Not Applicable,131,UPI,40,4.3,3.0
2024-07-11 10:38:00,CNR6804921374,Canceled by Driver,CID586533,Prime Sedan,Bannerghatta Road,Rajajinagar,,,Not Applicable,Customer related issue,Not Applicable,Not Applicable,367,Not Applicable,0,,
2024-07-01 04:53:00,CNR9973614056,Success,CID163431,Auto,Kengeri,Peenya,203.0,35.0,Not Applicable,Not Applicable,No,Not Applicable,251,Cash,12,4.8,4.5
2024-07-03 19:20:00,CNR5168849793,Success,CID628263,eBike,Hebbal,Bellandur,42.0,130.0,Not Applicable,Not Applicable,No,Not Applicable,189,UPI,3,4.8,4.6
2024-07-11 05:28:00,CNR6386601561,Success,CID449266,Auto,Kadugodi,Koramangala,182.0,85.0,Not Applicable,Not Applicable,Yes,Vehicle Breakdown,214,Cash,18,3.1,4.6
2024-07-13 12:52:00,CNR6500352747,Success,CID757579,eBike,Vijayanagar,Devanahalli,245.0,130.0,Not Applicable,Not Applicable,No,Not Applicable,216,UPI,32,3.5,5.0
2024-07-28 01:34:00,CNR6475490509,Success,CID265459,eBike,BTM Layout,Hosur Road,308.0,30.0,Not Applicable,Not Applicable,No,Not Applicable,725,UPI,6,4.7,4.7
2024-07-03 10:16:00,CNR8727658508,Success,CID795020,eBike,Magadi Road,KR Puram,231.0,80.0,Not Applicable,Not Applicable,No,Not Applicable,279,Cash,38,3.1,4.5
2024-07-04 04:16:00,CNR6205952187,Success,CID280846,Prime Plus,Peenya,Devanahalli,245.0,110.0,Not Applicable,Not Applicable,Yes,Customer Demand,454,UPI,29,3.0,4.1
2024-07-30 12:02:00,CNR1766649397,Success,CID806478,Prime Plus,Ulsoor,MG Road,154.0,25.0,Not Applicable,Not Applicable,No,Not Applicable,620,Cash,45,4.3,4.4
2024-07-22 00:14:00,CNR3292564969,Success,CID636575,Bike,Yelahanka,KR Puram,238.0,75.0,Not Applicable,Not Applicable,Yes,Vehicle Breakdown,1622,Cash,1,3.5,4.5
2024-07-11 07:55:00,CNR2604277478,Success,CID697383,Prime SUV,Mysore Road,Padmanabhanagar,203.0,90.0,Not Applicable,Not Applicable,No,Not Applicable,439,Cash,19,3.8,4.7
2024-07-25 08:37:00,CNR2068269933,Success,CID399072,Auto,Mysore Road,Jayanagar,238.0,130.0,Not Applicable,Not Applicable,No,Not Applicable,350,Cash,14,3.2,4.3
2024-07-05 10:39:00,CNR1248080367,Success,CID222538,Mini,MG Road,Hosur Road,56.0,65.0,Not Applicable,Not Applicable,No,Not Applicable,498,UPI,36,4.5,4.7
2024-07-28 04:00:00,CNR7772631511,Success,CID534840,Bike,Rajajinagar,Indiranagar,77.0,30.0,Not Applicable,Not Applicable,No,Not Applicable,344,UPI,31,4.1,3.7
2024-07-03 08:36:00,CNR7655363168,Success,CID411099,Mini,RT Nagar,Nagarbhavi,168.0,75.0,Not Applicable,Not Applicable,No,Not Applicable,231,UPI,47,4.3,3.7
2024-07-06 15:09:00,CNR5045853970,Success,CID845975,Mini,Kammanahalli,Indiranagar,161.0,70.0,Not Applicable,Not Applicable,No,Not Applicable,202,Credit Card,31,4.3,3.1
2024-07-18 11:24:00,CNR2984786739,Success,CID749795,Prime Sedan,KR Puram,Majestic,259.0,115.0,Not Applicable,Not Applicable,No,Not Applicable,872,Cash,16,4.9,4.1
2024-07-08 08:34:00,CNR4258676265,Canceled by Customer,CID595312,Prime SUV,Basavanagudi,Kammanahalli,,,AC is Not working,Not Applicable,Not Applicable,Not Applicable,233,Not Applicable,0,,
2024-07-29 14:11:00,CNR5764469322,Canceled by Driver,CID182605,Prime Sedan,Chamarajpet,Varthur,,,Not Applicable,More than permitted people in there,Not Applicable,Not Applicable,403,Not Applicable,0,,
2024-07-17 22:56:00,CNR1841587520,Success,CID477246,Mini,Vijayanagar,KR Puram,294.0,25.0,Not Applicable,Not Applicable,No,Not Applicable,338,UPI,7,4.8,3.3
2024-07-20 23:04:00,CNR8467775856,Canceled by Driver,CID657559,Prime SUV,Basavanagudi,Peenya,,,Not Applicable,Customer was coughing/sick,Not Applicable,Not Applicable,239,Not Applicable,0,,
2024-07-19 09:14:00,CNR4874565061,Success,CID530664,Prime Plus,Varthur,Padmanabhanagar,112.0,145.0,Not Applicable,Not Applicable,No,Not Applicable,457,Credit Card,37,4.8,4.6
2024-07-22 19:41:00,CNR2717837577,Driver Not Found,CID741453,Bike,Rajarajeshwari Nagar,Hebbal,,,Not Applicable,Not Applicable,Not Applicable,Not Applicable,1764,Not Applicable,0,,
2024-07-19 15:18:00,CNR5787489537,Driver Not Found,CID598033,Auto,Vijayanagar,Jayanagar,,,Not Applicable,Not Applicable,Not Applicable,Not Applicable,248,Not Applicable,0,,
2024-07-28 17:06:00,CNR7173787863,Canceled by Customer,CID212278,Prime Plus,HSR Layout,Nagarbhavi,,,Driver is not moving towards pickup location,Not Applicable,Not Applicable,Not Applicable,418,Not Applicable,0,,
2024-07-23 17:40:00,CNR2968283625,Driver Not Found,CID149080,Auto,BTM Layout,Bellandur,,,Not Applicable,Not Applicable,Not Applicable,Not Applicable,1109,Not Applicable,0,,
2024-07-12 21:52:00,CNR2649636973,Success,CID493235,Prime SUV,Malleshwaram,Koramangala,119.0,55.0,Not Applicable,Not Applicable,No,Not Applicable,424,Cash,28,4.5,4.4
2024-07-07 04:51:00,CNR8620219533,Driver Not Found,CID880610,Prime SUV,Richmond Town,Peenya,,,Not Applicable,Not Applicable,Not Applicable,Not Applicable,316,Not Applicable,0,,
2024-07-01 13:01:00,CNR4144737299,Driver Not Found,CID156538,Prime Plus,Ulsoor,Sahakar Nagar,,,Not Applicable,Not Applicable,Not Applicable,Not Applicable,127,Not Applicable,0,,
2024-07-22 08:32:00,CNR8165279420,Success,CID639679,Mini,Rajarajeshwari Nagar,Kammanahalli,154.0,95.0,Not Applicable,Not Applicable,No,Not Applicable,624,Cash,39,3.2,4.1
2024-07-08 18:28:00,CNR6096311946,Canceled by Driver,CID405675,Bike,Kengeri,Whitefield,,,Not Applicable,Personal & Car related issue,Not Applicable,Not Applicable,374,Not Applicable,0,,
2024-07-03 07:08:00,CNR9477116747,Success,CID201298,Bike,Chamarajpet,Hebbal,119.0,140.0,Not Applicable,Not Applicable,No,Not Applicable,116,Cash,3,4.8,4.8
2024-07-05 02:15:00,CNR8884544174,Success,CID547093,Auto,Yeshwanthpur,MG Road,126.0,145.0,Not Applicable,Not Applicable,No,Not Applicable,142,UPI,15,3.8,4.7
2024-07-13 16:10:00,CNR4207831842,Success,CID711206,Prime SUV,Shantinagar,Chickpet,217.0,25.0,Not Applicable,Not Applicable,No,Not Applicable,410,Cash,27,3.1,3.1
2024-07-04 14:42:00,CNR7955892662,Canceled by Customer,CID790632,Prime Sedan,BTM Layout,Ramamurthy Nagar,,,Change of plans,Not Applicable,Not Applicable,Not Applicable,913,Not Applicable,0,,
2024-07-05 02:42:00,CNR1102810973,Driver Not Found,CID492631,Prime Plus,Varthur,Jayanagar,,,Not Applicable,Not Applicable,Not Applicable,Not Applicable,577,Not Applicable,0,,
2024-07-08 12:34:00,CNR6109063965,Canceled by Driver,CID752953,Prime SUV,MG Road,Ramamurthy Nagar,,,Not Applicable,Customer related issue,Not Applicable,Not Applicable,242,Not Applicable,0,,
2024-07-12 21:11:00,CNR1315256862,Success,CID808344,Prime Sedan,Malleshwaram,Hebbal,133.0,45.0,Not Applicable,Not Applicable,No,Not Applicable,416,UPI,33,4.5,3.6
2024-07-19 09:29:00,CNR6082581992,Success,CID452063,Prime SUV,JP Nagar,Langford Town,70.0,40.0,Not Applicable,Not Applicable,No,Not Applicable,622,UPI,3,4.1,4.9
2024-07-16 22:54:00,CNR6916899133,Success,CID117890,Prime Plus,KR Puram,Tumkur Road,105.0,45.0,Not Applicable,Not Applicable,No,Not Applicable,458,Credit Card,40,4.4,3.6
2024-07-14 01:16:00,CNR9522913394,Success,CID843964,Auto,Frazer Town,Koramangala,294.0,30.0,Not Applicable,Not Applicable,Yes,Customer Demand,279,Cash,17,3.6,3.3
2024-07-09 03:56:00,CNR6655914526,Canceled by Customer,CID453993,Mini,Kammanahalli,Magadi Road,,,Driver is not moving towards pickup location,Not Applicable,Not Applicable,Not Applicable,475,Not Applicable,0,,
2024-07-07 13:09:00,CNR4277358079,Success,CID332755,Prime Plus,Indiranagar,JP Nagar,217.0,135.0,Not Applicable,Not Applicable,No,Not Applicable,667,Cash,8,3.2,4.4
2024-07-30 05:20:00,CNR4841566642,Success,CID818848,Auto,Tumkur Road,Cox Town,182.0,50.0,Not Applicable,Not Applicable,No,Not Applicable,332,Cash,14,3.3,4.2
2024-07-13 16:58:00,CNR1132124609,Success,CID511945,Auto,Chickpet,Padmanabhanagar,287.0,35.0,Not Applicable,Not Applicable,No,Not Applicable,235,Cash,11,4.0,3.0
2024-07-02 13:11:00,CNR2078609349,Canceled by Driver,CID982002,Mini,Marathahalli,Chamarajpet,,,Not Applicable,Customer related issue,Not Applicable,Not Applicable,284,Not Applicable,0,,
2024-07-14 11:37:00,CNR4178012320,Success,CID188467,Mini,Kammanahalli,Hosur Road,273.0,110.0,Not Applicable,Not Applicable,No,Not Applicable,351,Cash,15,4.5,3.4
2024-07-21 11:28:00,CNR9901541938,Success,CID475459,Prime Plus,Whitefield,Magadi Road,308.0,50.0,Not Applicable,Not Applicable,No,Not Applicable,958,Cash,34,4.7,4.9
2024-07-30 04:07:00,CNR9714189188,Driver Not Found,CID851038,Auto,Hosur Road,Shantinagar,,,Not Applicable,Not Applicable,Not Applicable,Not Applicable,1904,Not Applicable,0,,
2024-07-23 13:55:00,CNR6944741583,Driver Not Found,CID568822,Auto,Mysore Road,Hulimavu,,,Not Applicable,Not Applicable,Not Applicable,Not Applicable,233,Not Applicable,0,,
2024-07-12 00:04:00,CNR4491258397,Success,CID562501,Prime Sedan,Hosur Road,Rajajinagar,140.0,95.0,Not Applicable,Not Applicable,No,Not Applicable,484,Cash,12,3.3,3.3
2024-07-22 05:37:00,CNR7418739330,Canceled by Customer,CID205601,Auto,Kengeri,Varthur,,,Wrong Address,Not Applicable,Not Applicable,Not Applicable,482,Not Applicable,0,,
2024-07-15 18:09:00,CNR7155475188,Canceled by Driver,CID265509,eBike,Electronic City,Shivajinagar,,,Not Applicable,Customer related issue,Not Applicable,Not Applicable,1052,Not Applicable,0,,
2024-07-12 13:24:00,CNR5232355202,Success,CID868476,Mini,Chamarajpet,Ulsoor,49.0,75.0,Not Applicable,Not Applicable,No,Not Applicable,398,Cash,48,3.3,4.6
2024-07-02 06:53:00,CNR3973823831,Success,CID440089,eBike,Kadugodi,Marathahalli,238.0,95.0,Not Applicable,Not Applicable,No,Not Applicable,248,Cash,42,3.0,4.7
2024-07-21 23:25:00,CNR2529612363,Canceled by Customer,CID569929,Prime Sedan,Nagarbhavi,Shivajinagar,,,Wrong Address,Not Applicable,Not Applicable,Not Applicable,765,Not Applicable,0,,
2024-07-05 15:37:00,CNR5190979317,Success,CID153891,Prime Plus,Hennur,Vijayanagar,112.0,35.0,Not Applicable,Not Applicable,No,Not Applicable,370,Debit Card,19,4.3,3.1
2024-07-04 20:23:00,CNR8133369403,Canceled by Customer,CID480027,Bike,JP Nagar,Chickpet,,,AC is Not working,Not Applicable,Not Applicable,Not Applicable,982,Not Applicable,0,,
2024-07-29 17:02:00,CNR8642537761,Canceled by Customer,CID802268,Auto,Sahakar Nagar,Ulsoor,,,Driver asked to cancel,Not Applicable,Not Applicable,Not Applicable,234,Not Applicable,0,,
2024-07-08 03:42:00,CNR4584579797,Success,CID171177,Prime Sedan,Electronic City,Devanahalli,161.0,90.0,Not Applicable,Not Applicable,No,Not Applicable,322,UPI,16,4.8,3.3
2024-07-18 15:47:00,CNR9958042135,Success,CID461168,Prime SUV,Langford Town,Cox Town,196.0,30.0,Not Applicable,Not Applicable,No,Not Applicable,354,UPI,35,3.9,4.3
2024-07-23 04:29:00,CNR6463941631,Success,CID162456,eBike,Padmanabhanagar,MG Road,161.0,115.0,Not Applicable,Not Applicable,No,Not Applicable,529,Cash,3,3.7,5.0
2024-07-24 18:48:00,CNR6726490275,Success,CID589145,Auto,Nagarbhavi,Ulsoor,91.0,140.0,Not Applicable,Not Applicable,No,Not Applicable,254,UPI,18,4.8,4.5
2024-07-26 16:19:00,CNR9057112438,Canceled by Driver,CID852508,Prime Sedan,Shivajinagar,Yelahanka,,,Not Applicable,Personal & Car related issue,Not Applicable,Not Applicable,152,Not Applicable,0,,
2024-07-10 19:48:00,CNR2604546608,Success,CID352269,Auto,Shantinagar,Jayanagar,189.0,35.0,Not Applicable,Not Applicable,No,Not Applicable,996,UPI,8,4.0,3.5
2024-07-06 04:46:00,CNR2998974540,Canceled by Customer,CID423009,Bike,Bellandur,Koramangala,,,Driver is not moving towards pickup location,Not Applicable,Not Applicable,Not Applicable,119,Not Applicable,0,,
2024-07-01 14:59:00,CNR1884558639,Canceled by Driver,CID587524,Prime SUV,Rajajinagar,Sarjapur Road,,,Not Applicable,Personal & Car related issue,Not Applicable,Not Applicable,1685,Not Applicable,0,,
2024-07-23 17:24:00,CNR3739848611,Success,CID794264,Prime Sedan,Kadugodi,Tumkur Road,245.0,55.0,Not Applicable,Not Applicable,No,Not Applicable,373,Credit Card,5,4.7,3.9
2024-07-21 09:19:00,CNR3146059531,Success,CID196848,Prime Sedan,Padmanabhanagar,Devanahalli,63.0,105.0,Not Applicable,Not Applicable,No,Not Applicable,415,Cash,20,4.9,3.8
2024-07-14 04:15:00,CNR3949133279,Driver Not Found,CID817946,Mini,KR Puram,Bannerghatta Road,,,Not Applicable,Not Applicable,Not Applicable,Not Applicable,144,Not Applicable,0,,
2024-07-09 04:59:00,CNR4186096941,Success,CID418533,Prime SUV,Peenya,Nagarbhavi,189.0,55.0,Not Applicable,Not Applicable,No,Not Applicable,183,UPI,42,4.0,3.3
2024-07-15 14:17:00,CNR8215782167,Canceled by Customer,CID188256,Mini,Basavanagudi,Bellandur,,,AC is Not working,Not Applicable,Not Applicable,Not Applicable,389,Not Applicable,0,,
2024-07-14 11:36:00,CNR3142047949,Success,CID927867,Prime Plus,Nagarbhavi,Peenya,210.0,110.0,Not Applicable,Not Applicable,No,Not Applicable,463,UPI,38,4.4,4.6
2024-07-01 10:44:00,CNR3325821927,Success,CID376538,Mini,Varthur,Magadi Road,119.0,50.0,Not Applicable,Not Applicable,No,Not Applicable,745,Cash,35,3.9,4.2
2024-07-12 18:31:00,CNR4541694301,Success,CID453993,Prime Plus,Nagarbhavi,Hebbal,189.0,70.0,Not Applicable,Not Applicable,No,Not Applicable,1959,Cash,11,3.5,4.6
2024-07-20 16:58:00,CNR7742346284,Canceled by Driver,CID316656,Prime Plus,Peenya,Varthur,,,Not Applicable,Personal & Car related issue,Not Applicable,Not Applicable,465,Not Applicable,0,,
2024-07-04 13:10:00,CNR2887886132,Canceled by Customer,CID121427,Auto,Hulimavu,Bannerghatta Road,,,Change of plans,Not Applicable,Not Applicable,Not Applicable,2714,Not Applicable,0,,
2024-07-13 05:33:00,CNR8549291115,Success,CID317192,Prime Plus,Tumkur Road,Bannerghatta Road,98.0,125.0,Not Applicable,Not Applicable,No,Not Applicable,288,Cash,31,4.3,4.9
2024-07-10 13:17:00,CNR9794708119,Canceled by Driver,CID483381,Auto,Bellandur,Chamarajpet,,,Not Applicable,Personal & Car related issue,Not Applicable,Not Applicable,574,Not Applicable,0,,
2024-07-30 22:54:00,CNR1104187564,Success,CID814626,Auto,HSR Layout,Kammanahalli,140.0,45.0,Not Applicable,Not Applicable,No,Not Applicable,769,Cash,14,4.8,4.4
2024-07-21 01:58:00,CNR9168045924,Success,CID809917,Prime Sedan,Langford Town,KR Puram,294.0,105.0,Not Applicable,Not Applicable,No,Not Applicable,272,UPI,13,4.6,4.4
2024-07-26 13:02:00,CNR8747708930,Canceled by Driver,CID330107,Mini,Varthur,Kengeri,,,Not Applicable,Personal & Car related issue,Not Applicable,Not Applicable,486,Not Applicable,0,,
2024-07-09 17:50:00,CNR1389415173,Success,CID143268,Prime Sedan,HSR Layout,Langford Town,231.0,45.0,Not Applicable,Not Applicable,No,Not Applicable,908,UPI,38,3.9,3.6
2024-07-20 18:26:00,CNR7232778383,Success,CID153257,Bike,Hebbal,Basavanagudi,217.0,60.0,Not Applicable,Not Applicable,No,Not Applicable,2586,UPI,17,3.0,4.3
2024-07-01 11:39:00,CNR2054309947,Success,CID494561,Prime Sedan,Basavanagudi,Koramangala,301.0,110.0,Not Applicable,Not Applicable,No,Not Applicable,685,Cash,48,4.8,4.5
2024-07-19 06:44:00,CNR9613552854,Success,CID282994,Prime SUV,Sahakar Nagar,Jayanagar,119.0,50.0,Not Applicable,Not Applicable,No,Not Applicable,834,Cash,21,3.4,3.8
2024-07-27 07:55:00,CNR2042240257,Success,CID155041,Prime Sedan,Sarjapur Road,Banashankari,70.0,140.0,Not Applicable,Not Applicable,No,Not Applicable,779,Cash,7,4.1,3.7
2024-07-23 10:16:00,CNR2027897627,Success,CID956707,eBike,Magadi Road,HSR Layout,203.0,30.0,Not Applicable,Not Applicable,No,Not Applicable,933,UPI,30,3.4,4.3
2024-07-20 21:35:00,CNR7770107267,Success,CID148700,Bike,JP Nagar,Devanahalli,56.0,35.0,Not Applicable,Not Applicable,No,Not Applicable,111,Debit Card,22,4.5,3.1
2024-07-15 10:41:00,CNR4647926765,Driver Not Found,CID161530,eBike,Hebbal,MG Road,,,Not Applicable,Not Applicable,Not Applicable,Not Applicable,252,Not Applicable,0,,
2024-07-26 15:20:00,CNR4277015546,Success,CID103714,Prime SUV,HSR Layout,Yelahanka,91.0,145.0,Not Applicable,Not Applicable,No,Not Applicable,826,UPI,25,3.7,4.8
2024-07-20 02:27:00,CNR6018995618,Success,CID409558,Prime SUV,Magadi Road,Electronic City,266.0,70.0,Not Applicable,Not Applicable,No,Not Applicable,110,Cash,2,4.0,3.5
2024-07-14 00:12:00,CNR8216571624,Success,CID110926,Bike,Bannerghatta Road,Marathahalli,49.0,70.0,Not Applicable,Not Applicable,No,Not Applicable,330,Cash,38,3.6,3.5
2024-07-29 23:37:00,CNR8652682323,Canceled by Driver,CID937987,Bike,Sahakar Nagar,Banashankari,,,Not Applicable,Customer related issue,Not Applicable,Not Applicable,434,Not Applicable,0,,
2024-07-15 09:19:00,CNR5849403644,Success,CID886798,Prime Plus,Kammanahalli,Sahakar Nagar,189.0,45.0,Not Applicable,Not Applicable,No,Not Applicable,822,Cash,5,4.9,3.2
2024-07-29 06:27:00,CNR9772335398,Success,CID209386,Prime SUV,Rajarajeshwari Nagar,Banashankari,301.0,110.0,Not Applicable,Not Applicable,No,Not Applicable,688,Cash,21,4.1,4.2
2024-07-07 09:54:00,CNR8662528055,Success,CID820198,Auto,KR Puram,Ramamurthy Nagar,133.0,100.0,Not Applicable,Not Applicable,No,Not Applicable,800,Cash,15,4.2,3.2
2024-07-07 17:31:00,CNR6709855737,Success,CID720881,eBike,Hebbal,Langford Town,63.0,145.0,Not Applicable,Not Applicable,No,Not Applicable,333,UPI,21,3.7,4.6
2024-07-23 07:29:00,CNR8665128338,Success,CID884174,Prime Sedan,Sahakar Nagar,Majestic,84.0,35.0,Not Applicable,Not Applicable,No,Not Applicable,361,UPI,36,3.4,4.2
2024-07-12 09:53:00,CNR9490994291,Success,CID365601,Auto,Kadugodi,Jayanagar,168.0,105.0,Not Applicable,Not Applicable,No,Not Applicable,622,Cash,14,3.0,4.6
2024-07-16 14:34:00,CNR7177207069,Success,CID235608,Prime Sedan,Marathahalli,Sahakar Nagar,266.0,50.0,Not Applicable,Not Applicable,No,Not Applicable,407,UPI,26,4.7,4.2
2024-07-30 08:41:00,CNR1577248152,Success,CID533150,eBike,Magadi Road,Langford Town,280.0,80.0,Not Applicable,Not Applicable,No,Not Applicable,199,UPI,37,4.7,4.5
2024-07-15 06:05:00,CNR1536873751,Canceled by Customer,CID170153,Bike,HSR Layout,Chamarajpet,,,Driver is not moving towards pickup location,Not Applicable,Not Applicable,Not Applicable,336,Not Applicable,0,,
2024-07-15 21:34:00,CNR5942770993,Success,CID732400,Prime Plus,Chickpet,Cox Town,266.0,75.0,Not Applicable,Not Applicable,No,Not Applicable,1042,UPI,6,3.8,4.7
2024-07-16 07:04:00,CNR3488456725,Canceled by Driver,CID764958,eBike,Peenya,Koramangala,,,Not Applicable,More than permitted people in there,Not Applicable,Not Applicable,230,Not Applicable,0,,
2024-07-07 11:16:00,CNR7209206871,Success,CID536896,Auto,Mysore Road,Varthur,252.0,145.0,Not Applicable,Not Applicable,No,Not Applicable,262,Cash,1,4.6,4.5
2024-07-07 02:48:00,CNR8072606894,Canceled by Driver,CID690590,Auto,Hebbal,Marathahalli,,,Not Applicable,Customer related issue,Not Applicable,Not Applicable,131,Not Applicable,0,,
2024-07-26 11:17:00,CNR4036130831,Success,CID162976,Mini,Tumkur Road,Yelahanka,175.0,50.0,Not Applicable,Not Applicable,No,Not Applicable,231,UPI,13,4.6,3.7
2024-07-30 06:13:00,CNR4170688201,Canceled by Driver,CID756749,eBike,Rajajinagar,Hulimavu,,,Not Applicable,Personal & Car related issue,Not Applicable,Not Applicable,439,Not Applicable,0,,
2024-07-13 21:54:00,CNR4933578631,Success,CID526449,Prime Plus,Hosur Road,Koramangala,56.0,65.0,Not Applicable,Not Applicable,No,Not Applicable,813,UPI,19,3.6,4.7
2024-07-15 17:03:00,CNR5861913811,Success,CID466304,eBike,Majestic,Chickpet,287.0,65.0,Not Applicable,Not Applicable,No,Not Applicable,2259,UPI,29,4.1,4.3
2024-07-18 08:02:00,CNR3760157512,Success,CID403166,Prime Plus,HSR Layout,Marathahalli,280.0,140.0,Not Applicable,Not Applicable,No,Not Applicable,213,Cash,47,3.4,4.3
2024-07-08 12:44:00,CNR2183629063,Success,CID657893,eBike,Hulimavu,Peenya,175.0,105.0,Not Applicable,Not Applicable,No,Not Applicable,1829,Credit Card,40,4.6,3.8
2024-07-07 22:52:00,CNR5069415399,Success,CID969019,Mini,Chamarajpet,Marathahalli,91.0,140.0,Not Applicable,Not Applicable,No,Not Applicable,497,Cash,2,4.9,4.7
2024-07-30 13:50:00,CNR4076016908,Canceled by Driver,CID887795,Bike,Chickpet,Chickpet,,,Not Applicable,Personal & Car related issue,Not Applicable,Not Applicable,108,Not Applicable,0,,
2024-07-25 07:49:00,CNR5643106249,Success,CID334817,Prime SUV,JP Nagar,Sahakar Nagar,91.0,105.0,Not Applicable,Not Applicable,No,Not Applicable,1838,UPI,12,3.8,4.6
2024-07-12 12:14:00,CNR8262383739,Success,CID720309,Prime Sedan,Richmond Town,Banashankari,308.0,55.0,Not Applicable,Not Applicable,No,Not Applicable,494,Cash,32,3.1,3.2
2024-07-24 01:23:00,CNR2464844679,Success,CID427933,Prime SUV,Banashankari,Ramamurthy Nagar,308.0,45.0,Not Applicable,Not Applicable,No,Not Applicable,886,Cash,15,3.1,3.4
2024-07-20 16:11:00,CNR3340078081,Success,CID482422,Prime Sedan,Sahakar Nagar,Shantinagar,196.0,75.0,Not Applicable,Not Applicable,Yes,Customer Demand,421,Cash,46,4.2,3.6
2024-07-09 02:54:00,CNR4558724928,Success,CID961651,Prime Plus,Yeshwanthpur,Indiranagar,203.0,55.0,Not Applicable,Not Applicable,No,Not Applicable,108,Cash,31,3.6,5.0
2024-07-15 13:39:00,CNR5156313305,Success,CID381274,Bike,Ramamurthy Nagar,Yeshwanthpur,252.0,95.0,Not Applicable,Not Applicable,No,Not Applicable,381,Cash,49,3.7,3.8
2024-07-19 21:50:00,CNR8808724838,Canceled by Customer,CID941532,Prime SUV,Rajarajeshwari Nagar,Kengeri,,,Change of plans,Not Applicable,Not Applicable,Not Applicable,379,Not Applicable,0,,
2024-07-19 07:19:00,CNR8276912527,Canceled by Customer,CID306238,Bike,Bellandur,Majestic,,,AC is Not working,Not Applicable,Not Applicable,Not Applicable,103,Not Applicable,0,,
2024-07-24 14:29:00,CNR4465450215,Success,CID782552,Bike,Hosur Road,Sahakar Nagar,182.0,70.0,Not Applicable,Not Applicable,No,Not Applicable,232,UPI,25,4.3,4.3
2024-07-22 22:03:00,CNR2094244298,Canceled by Driver,CID734535,Mini,Shantinagar,Padmanabhanagar,,,Not Applicable,Personal & Car related issue,Not Applicable,Not Applicable,496,Not Applicable,0,,
2024-07-15 11:28:00,CNR6799740232,Success,CID986839,Prime Plus,Sahakar Nagar,Richmond Town,203.0,130.0,Not Applicable,Not Applicable,No,Not Applicable,889,UPI,32,4.4,3.7
2024-07-20 08:44:00,CNR5188587674,Success,CID797917,Prime Plus,Chickpet,Chickpet,77.0,25.0,Not Applicable,Not Applicable,No,Not Applicable,1583,UPI,16,4.7,4.5
2024-07-06 20:48:00,CNR2451918211,Success,CID919142,Prime Plus,Cox Town,Koramangala,217.0,125.0,Not Applicable,Not Applicable,Yes,Customer Demand,2558,UPI,28,3.6,4.7
2024-07-03 20:48:00,CNR2462763199,Canceled by Driver,CID111903,Bike,Devanahalli,Shivajinagar,,,Not Applicable,Customer related issue,Not Applicable,Not Applicable,816,Not Applicable,0,,
2024-07-19 14:07:00,CNR7474732587,Success,CID794323,Prime Sedan,Sarjapur Road,Tumkur Road,273.0,110.0,Not Applicable,Not Applicable,No,Not Applicable,367,Cash,28,3.8,4.7
2024-07-15 10:06:00,CNR7577893406,Success,CID496527,Auto,Hebbal,Kadugodi,63.0,35.0,Not Applicable,Not Applicable,No,Not Applicable,477,Cash,14,3.3,3.9
2024-07-19 16:08:00,CNR6086879478,Canceled by Driver,CID795202,Prime Sedan,Malleshwaram,Kadugodi,,,Not Applicable,Personal & Car related issue,Not Applicable,Not Applicable,2176,Not Applicable,0,,
2024-07-21 09:56:00,CNR9328917010,Driver Not Found,CID361377,eBike,Hosur Road,Hulimavu,,,Not Applicable,Not Applicable,Not Applicable,Not Applicable,435,Not Applicable,0,,
2024-07-27 11:26:00,CNR4824261798,Success,CID543196,eBike,Hulimavu,Majestic,196.0,50.0,Not Applicable,Not Applicable,No,Not Applicable,251,UPI,33,5.0,3.9
2024-07-28 18:08:00,CNR8364340774,Success,CID212419,Bike,Yelahanka,Sahakar Nagar,308.0,105.0,Not Applicable,Not Applicable,No,Not Applicable,435,Cash,38,4.0,3.4
2024-07-26 23:26:00,CNR5223563830,Driver Not Found,CID664835,Mini,Malleshwaram,Frazer Town,,,Not Applicable,Not Applicable,Not Applicable,Not Applicable,403,Not Applicable,0,,
2024-07-26 08:54:00,CNR7613305616,Success,CID798073,eBike,Sahakar Nagar,Tumkur Road,196.0,130.0,Not Applicable,Not Applicable,Yes,Customer Demand,720,UPI,31,4.8,4.2
2024-07-29 11:32:00,CNR3646281822,Success,CID186671,Mini,RT Nagar,Chamarajpet,294.0,140.0,Not Applicable,Not Applicable,No,Not Applicable,2228,Cash,39,4.4,4.3
2024-07-18 11:41:00,CNR4223150421,Success,CID157541,Prime Plus,Bannerghatta Road,Varthur,140.0,45.0,Not Applicable,Not Applicable,No,Not Applicable,377,UPI,40,4.1,4.5
2024-07-22 15:26:00,CNR9743940825,Canceled by Customer,CID372752,Prime Sedan,Electronic City,Devanahalli,,,Wrong Address,Not Applicable,Not Applicable,Not Applicable,468,Not Applicable,0,,
2024-07-11 04:04:00,CNR5329469793,Success,CID280558,Prime Sedan,Chickpet,Hosur Road,70.0,90.0,Not Applicable,Not Applicable,No,Not Applicable,284,Cash,34,4.5,4.3
2024-07-07 06:01:00,CNR6338180720,Success,CID452893,Prime SUV,KR Puram,Chickpet,252.0,80.0,Not Applicable,Not Applicable,No,Not Applicable,397,UPI,1,3.5,4.9
2024-07-16 08:50:00,CNR7878729975,Canceled by Driver,CID423589,Prime Plus,HSR Layout,JP Nagar,,,Not Applicable,Personal & Car related issue,Not Applicable,Not Applicable,362,Not Applicable,0,,
2024-07-15 12:51:00,CNR4061076047,Canceled by Customer,CID701420,Prime Plus,Yeshwanthpur,Mysore Road,,,Driver is not moving towards pickup location,Not Applicable,Not Applicable,Not Applicable,865,Not Applicable,0,,
2024-07-15 15:33:00,CNR5485090582,Driver Not Found,CID151189,Auto,Vijayanagar,Koramangala,,,Not Applicable,Not Applicable,Not Applicable,Not Applicable,632,Not Applicable,0,,
2024-07-10 22:52:00,CNR4575860808,Success,CID935013,Auto,Kadugodi,Whitefield,154.0,75.0,Not Applicable,Not Applicable,No,Not Applicable,571,Debit Card,10,4.3,4.5
2024-07-15 02:11:00,CNR9776549584,Success,CID957528,Prime Sedan,Indiranagar,Hennur,154.0,75.0,Not Applicable,Not Applicable,No,Not Applicable,502,Cash,23,4.2,3.8
2024-07-30 14:44:00,CNR9873805735,Canceled by Customer,CID355439,Prime SUV,Marathahalli,Ramamurthy Nagar,,,AC is Not working,Not Applicable,Not Applicable,Not Applicable,2388,Not Applicable,0,,
2024-07-17 06:02:00,CNR2570468048,Success,CID749710,Prime Plus,RT Nagar,Bannerghatta Road,42.0,100.0,Not Applicable,Not Applicable,No,Not Applicable,201,UPI,21,3.3,4.9
2024-07-26 13:21:00,CNR7650373105,Success,CID401210,eBike,Banashankari,Kammanahalli,168.0,85.0,Not Applicable,Not Applicable,No,Not Applicable,2724,UPI,46,3.7,3.2
2024-07-16 07:55:00,CNR3671097036,Success,CID447814,Prime SUV,Indiranagar,Cox Town,147.0,50.0,Not Applicable,Not Applicable,No,Not Applicable,2071,Cash,39,3.4,3.5
2024-07-08 08:33:00,CNR9655701912,Canceled by Customer,CID618815,Prime Plus,Cox Town,Hosur Road,,,Change of plans,Not Applicable,Not Applicable,Not Applicable,163,Not Applicable,0,,
2024-07-10 19:24:00,CNR8580383260,Success,CID187414,eBike,BTM Layout,Richmond Town,252.0,50.0,Not Applicable,Not Applicable,No,Not Applicable,145,Cash,29,4.5,3.7
2024-07-20 15:36:00,CNR9095296416,Success,CID963131,Prime Sedan,Ulsoor,Yelahanka,259.0,30.0,Not Applicable,Not Applicable,No,Not Applicable,240,Cash,46,4.7,4.3
2024-07-11 03:26:00,CNR8925897218,Success,CID472911,Mini,Padmanabhanagar,Koramangala,259.0,105.0,Not Applicable,Not Applicable,No,Not Applicable,135,Cash,40,4.6,4.0
2024-07-09 09:32:00,CNR5762455699,Success,CID200425,Prime SUV,Mysore Road,Yeshwanthpur,308.0,55.0,Not Applicable,Not Applicable,No,Not Applicable,946,Cash,24,3.9,4.1
2024-07-12 20:38:00,CNR7870718360,Success,CID713275,Bike,Yelahanka,Electronic City,182.0,65.0,Not Applicable,Not Applicable,No,Not Applicable,369,Cash,16,4.6,4.8
2024-07-03 14:29:00,CNR2320165927,Driver Not Found,CID664006,Auto,Rajarajeshwari Nagar,Electronic City,,,Not Applicable,Not Applicable,Not Applicable,Not Applicable,237,Not Applicable,0,,
2024-07-29 15:40:00,CNR8748274449,Success,CID550652,Prime Plus,Bannerghatta Road,Padmanabhanagar,231.0,30.0,Not Applicable,Not Applicable,No,Not Applicable,257,UPI,33,4.3,4.9
2024-07-13 21:14:00,CNR6850149525,Driver Not Found,CID565412,Bike,Rajarajeshwari Nagar,Shantinagar,,,Not Applicable,Not Applicable,Not Applicable,Not Applicable,204,Not Applicable,0,,
2024-07-20 19:38:00,CNR1494960744,Canceled by Customer,CID129349,Mini,Vijayanagar,Yelahanka,,,Wrong Address,Not Applicable,Not Applicable,Not Applicable,488,Not Applicable,0,,
2024-07-19 01:05:00,CNR9801999202,Canceled by Customer,CID866897,eBike,Magadi Road,Rajajinagar,,,Driver is not moving towards pickup location,Not Applicable,Not Applicable,Not Applicable,455,Not Applicable,0,,
2024-07-18 22:47:00,CNR1827151519,Driver Not Found,CID847090,Prime Plus,Cox Town,Vijayanagar,,,Not Applicable,Not Applicable,Not Applicable,Not Applicable,208,Not Applicable,0,,
2024-07-06 02:19:00,CNR1798583178,Success,CID244486,Mini,Chamarajpet,Vijayanagar,238.0,135.0,Not Applicable,Not Applicable,No,Not Applicable,906,Cash,34,3.6,3.5
2024-07-23 20:25:00,CNR6951718943,Success,CID467723,Auto,Shivajinagar,Vijayanagar,196.0,130.0,Not Applicable,Not Applicable,No,Not Applicable,1410,UPI,10,4.5,4.0
2024-07-24 00:19:00,CNR7297554567,Success,CID127002,Prime Sedan,Ulsoor,Majestic,266.0,75.0,Not Applicable,Not Applicable,No,Not Applicable,375,UPI,7,3.1,4.8
2024-07-18 01:05:00,CNR7812206583,Success,CID969478,Mini,Banashankari,Majestic,49.0,30.0,Not Applicable,Not Applicable,No,Not Applicable,1877,Cash,25,4.8,4.3
2024-07-05 20:59:00,CNR4915926441,Success,CID736612,Auto,Sahakar Nagar,Electronic City,273.0,100.0,Not Applicable,Not Applicable,Yes,Vehicle Breakdown,385,Cash,7,3.4,3.9
2024-07-07 00:25:00,CNR2060098582,Success,CID745732,Prime SUV,KR Puram,Nagarbhavi,112.0,30.0,Not Applicable,Not Applicable,No,Not Applicable,150,Cash,21,3.6,4.0
2024-07-07 05:57:00,CNR6741482193,Success,CID995769,Prime Sedan,Banashankari,BTM Layout,112.0,100.0,Not Applicable,Not Applicable,No,Not Applicable,167,Cash,43,3.7,4.9
2024-07-20 18:17:00,CNR8909920286,Success,CID928670,Prime SUV,Banashankari,JP Nagar,280.0,105.0,Not Applicable,Not Applicable,No,Not Applicable,902,UPI,44,3.3,3.6
2024-07-05 04:24:00,CNR5736660787,Success,CID708385,Prime Sedan,Bannerghatta Road,Kengeri,196.0,75.0,Not Applicable,Not Applicable,No,Not Applicable,456,UPI,48,4.4,3.5
2024-07-28 05:23:00,CNR7298921576,Canceled by Driver,CID261886,Prime SUV,Ramamurthy Nagar,Basavanagudi,,,Not Applicable,Customer related issue,Not Applicable,Not Applicable,563,Not Applicable,0,,
2024-07-02 09:08:00,CNR7586298749,Canceled by Driver,CID836693,Auto,Banashankari,Basavanagudi,,,Not Applicable,Personal & Car related issue,Not Applicable,Not Applicable,506,Not Applicable,0,,
2024-07-27 10:49:00,CNR1652415640,Canceled by Driver,CID324349,Mini,Cox Town,KR Puram,,,Not Applicable,Customer related issue,Not Applicable,Not Applicable,408,Not Applicable,0,,
2024-07-28 10:34:00,CNR9342052567,Success,CID363645,Prime Sedan,Rajarajeshwari Nagar,Kammanahalli,287.0,65.0,Not Applicable,Not Applicable,No,Not Applicable,225,UPI,48,5.0,4.9
2024-07-01 12:49:00,CNR7993723407,Canceled by Driver,CID142649,Auto,Bannerghatta Road,Koramangala,,,Not Applicable,Personal & Car related issue,Not Applicable,Not Applicable,294,Not Applicable,0,,
2024-07-20 00:09:00,CNR4541545733,Success,CID334934,Prime Plus,Whitefield,HSR Layout,231.0,70.0,Not Applicable,Not Applicable,Yes,Customer Demand,272,Cash,42,3.3,4.9
2024-07-20 17:03:00,CNR3411898542,Success,CID715816,Prime Plus,Yeshwanthpur,Hennur,56.0,75.0,Not Applicable,Not Applicable,No,Not Applicable,958,Cash,20,4.8,5.0
2024-07-04 20:58:00,CNR2704767026,Success,CID537577,Mini,Yeshwanthpur,Peenya,224.0,145.0,Not Applicable,Not Applicable,No,Not Applicable,297,UPI,45,3.4,4.2
2024-07-13 17:30:00,CNR9137550658,Success,CID373097,Prime SUV,Malleshwaram,Nagarbhavi,133.0,55.0,Not Applicable,Not Applicable,Yes,Vehicle Breakdown,255,Cash,28,3.2,4.8
2024-07-19 09:04:00,CNR3097956858,Success,CID509075,Auto,Sahakar Nagar,Varthur,245.0,45.0,Not Applicable,Not Applicable,No,Not Applicable,796,UPI,6,3.2,3.6
2024-07-14 08:52:00,CNR8163618721,Success,CID250867,Prime Sedan,Shivajinagar,Sarjapur Road,189.0,40.0,Not Applicable,Not Applicable,No,Not Applicable,108,UPI,36,4.5,4.0
2024-07-24 23:42:00,CNR8439937320,Canceled by Driver,CID403431,Mini,Peenya,Yeshwanthpur,,,Not Applicable,Customer related issue,Not Applicable,Not Applicable,851,Not Applicable,0,,
2024-07-07 01:00:00,CNR5713529684,Success,CID139799,Auto,Sahakar Nagar,Bannerghatta Road,224.0,65.0,Not Applicable,Not Applicable,No,Not Applicable,176,Cash,14,3.6,4.7
2024-07-28 17:13:00,CNR6984880480,Success,CID699186,Prime SUV,Hebbal,Bannerghatta Road,63.0,90.0,Not Applicable,Not Applicable,No,Not Applicable,127,Cash,19,4.0,3.2
2024-07-20 05:58:00,CNR6324810291,Canceled by Customer,CID373544,eBike,Vijayanagar,Hulimavu,,,Driver asked to cancel,Not Applicable,Not Applicable,Not Applicable,155,Not Applicable,0,,
2024-07-05 07:40:00,CNR8845674247,Canceled by Driver,CID876354,Bike,JP Nagar,RT Nagar,,,Not Applicable,Customer related issue,Not Applicable,Not Applicable,455,Not Applicable,0,,
2024-07-22 04:23:00,CNR4790087510,Success,CID382463,Mini,Vijayanagar,Yelahanka,98.0,35.0,Not Applicable,Not Applicable,No,Not Applicable,348,Cash,8,5.0,4.1
2024-07-10 03:39:00,CNR5875975112,Success,CID263982,Auto,Cox Town,Cox Town,49.0,30.0,Not Applicable,Not Applicable,No,Not Applicable,843,UPI,10,4.5,3.8
2024-07-10 01:39:00,CNR2581495711,Success,CID942329,Prime SUV,Yeshwanthpur,Hennur,112.0,85.0,Not Applicable,Not Applicable,No,Not Applicable,373,Cash,1,3.8,4.1
2024-07-07 22:02:00,CNR1185482268,Success,CID944514,Prime SUV,Nagarbhavi,Chamarajpet,140.0,85.0,Not Applicable,Not Applicable,No,Not Applicable,394,Cash,33,3.6,4.7
2024-07-08 04:36:00,CNR7931012681,Success,CID596554,Auto,Kammanahalli,Rajarajeshwari Nagar,273.0,75.0,Not Applicable,Not Applicable,No,Not Applicable,345,UPI,17,4.1,3.0
2024-07-16 09:10:00,CNR8000309998,Success,CID974810,Prime Sedan,Rajarajeshwari Nagar,Hebbal,42.0,135.0,Not Applicable,Not Applicable,No,Not Applicable,403,UPI,43,4.9,3.3
2024-07-03 08:42:00,CNR3928030632,Driver Not Found,CID342889,Prime Sedan,Hebbal,Banashankari,,,Not Applicable,Not Applicable,Not Applicable,Not Applicable,937,Not Applicable,0,,
2024-07-18 10:11:00,CNR1810086155,Success,CID953066,Prime SUV,Rajajinagar,Koramangala,266.0,115.0,Not Applicable,Not Applicable,No,Not Applicable,522,UPI,35,4.0,4.6
2024-07-13 04:08:00,CNR4796766628,Success,CID749891,Prime Plus,Yeshwanthpur,Padmanabhanagar,196.0,140.0,Not Applicable,Not Applicable,No,Not Applicable,215,Cash,1,4.0,5.0
2024-07-12 13:08:00,CNR9246484360,Canceled by Customer,CID949530,Bike,Rajajinagar,Yelahanka,,,Change of plans,Not Applicable,Not Applicable,Not Applicable,351,Not Applicable,0,,
2024-07-07 05:16:00,CNR7156776787,Success,CID216703,Prime Sedan,KR Puram,Yelahanka,147.0,70.0,Not Applicable,Not Applicable,No,Not Applicable,242,UPI,7,4.0,3.1
2024-07-29 03:36:00,CNR6762141869,Success,CID956966,Prime SUV,Chamarajpet,Sarjapur Road,266.0,85.0,Not Applicable,Not Applicable,No,Not Applicable,233,UPI,5,4.2,4.4
2024-07-30 20:29:00,CNR9204173983,Success,CID936950,Prime SUV,Chickpet,JP Nagar,210.0,125.0,Not Applicable,Not Applicable,No,Not Applicable,277,Cash,23,3.7,3.2
2024-07-26 09:43:00,CNR1766353462,Success,CID173562,Bike,Jayanagar,Basavanagudi,168.0,100.0,Not Applicable,Not Applicable,No,Not Applicable,669,Cash,37,3.7,3.2
2024-07-29 11:21:00,CNR9573803089,Success,CID675464,Mini,Langford Town,Frazer Town,126.0,115.0,Not Applicable,Not Applicable,No,Not Applicable,554,UPI,30,3.0,4.0
2024-07-20 19:30:00,CNR6235934773,Success,CID888660,Mini,Whitefield,Tumkur Road,168.0,95.0,Not Applicable,Not Applicable,No,Not Applicable,147,Cash,45,3.5,4.2
2024-07-12 12:13:00,CNR1256907617,Success,CID967874,Auto,Indiranagar,Magadi Road,161.0,80.0,Not Applicable,Not Applicable,No,Not Applicable,753,UPI,18,4.7,3.4
2024-07-22 11:29:00,CNR6219150543,Canceled by Driver,CID531313,eBike,Kadugodi,Frazer Town,,,Not Applicable,Customer related issue,Not Applicable,Not Applicable,305,Not Applicable,0,,
2024-07-05 16:50:00,CNR4797548018,Canceled by Customer,CID704790,Prime SUV,KR Puram,Peenya,,,Driver asked to cancel,Not Applicable,Not Applicable,Not Applicable,132,Not Applicable,0,,
2024-07-14 06:18:00,CNR4261677109,Canceled by Driver,CID389332,Prime Plus,Devanahalli,Kadugodi,,,Not Applicable,Personal & Car related issue,Not Applicable,Not Applicable,518,Not Applicable,0,,
2024-07-12 02:54:00,CNR6209557005,Success,CID541285,Auto,Jayanagar,Hennur,49.0,90.0,Not Applicable,Not Applicable,No,Not Applicable,296,Cash,8,4.0,4.0
2024-07-25 22:44:00,CNR1004247891,Success,CID532274,Auto,Yelahanka,MG Road,77.0,100.0,Not Applicable,Not Applicable,No,Not Applicable,355,Cash,17,3.4,3.3
2024-07-19 01:06:00,CNR2170203383,Success,CID617441,Bike,Banashankari,Tumkur Road,189.0,130.0,Not Applicable,Not Applicable,No,Not Applicable,282,Cash,28,4.3,3.2
2024-07-20 20:35:00,CNR4793098779,Canceled by Driver,CID699819,Prime Sedan,Whitefield,Peenya,,,Not Applicable,More than permitted people in there,Not Applicable,Not Applicable,368,Not Applicable,0,,
2024-07-03 12:22:00,CNR3785477264,Canceled by Driver,CID296707,Mini,Bellandur,Magadi Road,,,Not Applicable,Personal & Car related issue,Not Applicable,Not Applicable,310,Not Applicable,0,,
2024-07-24 00:00:00,CNR5538987384,Driver Not Found,CID209869,Mini,Tumkur Road,Kengeri,,,Not Applicable,Not Applicable,Not Applicable,Not Applicable,122,Not Applicable,0,,
2024-07-29 08:44:00,CNR1401063552,Success,CID590954,eBike,Rajarajeshwari Nagar,RT Nagar,287.0,130.0,Not Applicable,Not Applicable,No,Not Applicable,230,Cash,8,3.8,4.7
2024-07-17 14:47:00,CNR4737500007,Success,CID977745,Prime Sedan,Cox Town,Frazer Town,308.0,100.0,Not Applicable,Not Applicable,No,Not Applicable,392,Cash,14,3.5,3.3
2024-07-04 09:28:00,CNR3997408291,Success,CID192124,Prime Sedan,Hulimavu,Kammanahalli,203.0,25.0,Not Applicable,Not Applicable,No,Not Applicable,123,UPI,33,3.4,4.5
2024-07-05 08:26:00,CNR5651711797,Success,CID697756,Mini,Sahakar Nagar,Yelahanka,308.0,95.0,Not Applicable,Not Applicable,No,Not Applicable,572,UPI,44,3.5,3.6
2024-07-28 12:39:00,CNR3198108026,Driver Not Found,CID356341,Bike,Chickpet,Basavanagudi,,,Not Applicable,Not Applicable,Not Applicable,Not Applicable,740,Not Applicable,0,,
2024-07-03 02:18:00,CNR1729912423,Canceled by Driver,CID956388,Prime Plus,Langford Town,Shantinagar,,,Not Applicable,Personal & Car related issue,Not Applicable,Not Applicable,234,Not Applicable,0,,
2024-07-22 15:57:00,CNR3315053415,Success,CID199506,Prime Sedan,Rajarajeshwari Nagar,RT Nagar,224.0,110.0,Not Applicable,Not Applicable,No,Not Applicable,140,UPI,45,4.7,3.4
2024-07-03 15:15:00,CNR8621024446,Success,CID542119,eBike,Indiranagar,MG Road,182.0,35.0,Not Applicable,Not Applicable,No,Not Applicable,206,UPI,20,3.6,3.4
2024-07-15 21:18:00,CNR5810993350,Success,CID960636,Prime SUV,Sahakar Nagar,Peenya,42.0,80.0,Not Applicable,Not Applicable,Yes,Vehicle Breakdown,291,Credit Card,25,4.9,4.2
2024-07-30 01:38:00,CNR1514457368,Driver Not Found,CID123514,Bike,Electronic City,Sarjapur Road,,,Not Applicable,Not Applicable,Not Applicable,Not Applicable,1655,Not Applicable,0,,
2024-07-06 00:27:00,CNR8151292872,Canceled by Customer,CID679017,Auto,Indiranagar,Koramangala,,,Driver asked to cancel,Not Applicable,Not Applicable,Not Applicable,408,Not Applicable,0,,
2024-07-05 17:32:00,CNR3844420940,Success,CID226513,Prime Sedan,KR Puram,Chickpet,161.0,110.0,Not Applicable,Not Applicable,No,Not Applicable,2210,Cash,40,4.1,4.5
2024-07-22 17:13:00,CNR6943479609,Success,CID301443,Bike,MG Road,RT Nagar,35.0,125.0,Not Applicable,Not Applicable,No,Not Applicable,906,Cash,40,3.4,4.2
2024-07-17 06:37:00,CNR1266598043,Canceled by Driver,CID698774,Prime SUV,Electronic City,Hosur Road,,,Not Applicable,Personal & Car related issue,Not Applicable,Not Applicable,2455,Not Applicable,0,,
2024-07-30 16:02:00,CNR5825451288,Success,CID913049,Prime SUV,Malleshwaram,Jayanagar,126.0,130.0,Not Applicable,Not Applicable,No,Not Applicable,970,Cash,1,4.8,3.2
2024-07-08 08:57:00,CNR8162901463,Success,CID663376,Mini,Whitefield,KR Puram,231.0,50.0,Not Applicable,Not Applicable,No,Not Applicable,152,Cash,18,4.3,3.4
2024-07-23 00:53:00,CNR4244130975,Success,CID150325,Bike,Hennur,Yelahanka,133.0,135.0,Not Applicable,Not Applicable,No,Not Applicable,965,UPI,39,3.5,5.0
2024-07-10 04:00:00,CNR1024180107,Canceled by Driver,CID348646,Auto,Kadugodi,Chickpet,,,Not Applicable,More than permitted people in there,Not Applicable,Not Applicable,448,Not Applicable,0,,
2024-07-14 23:59:00,CNR3042543866,Success,CID731089,Bike,Langford Town,Shivajinagar,224.0,65.0,Not Applicable,Not Applicable,No,Not Applicable,189,Cash,11,4.7,4.7
2024-07-17 06:35:00,CNR6213633960,Canceled by Driver,CID228435,Prime SUV,Chamarajpet,Malleshwaram,,,Not Applicable,Personal & Car related issue,Not Applicable,Not Applicable,336,Not Applicable,0,,
2024-07-05 14:00:00,CNR9490738428,Driver Not Found,CID331027,eBike,Magadi Road,HSR Layout,,,Not Applicable,Not Applicable,Not Applicable,Not Applicable,321,Not Applicable,0,,
2024-07-17 08:29:00,CNR5781841497,Success,CID779812,Auto,Vijayanagar,Mysore Road,98.0,75.0,Not Applicable,Not Applicable,No,Not Applicable,666,UPI,2,5.0,3.9
2024-07-03 02:47:00,CNR5185328544,Driver Not Found,CID425936,Auto,Cox Town,Bellandur,,,Not Applicable,Not Applicable,Not Applicable,Not Applicable,161,Not Applicable,0,,
2024-07-06 06:21:00,CNR6740570950,Success,CID782833,Mini,Shivajinagar,Ulsoor,266.0,85.0,Not Applicable,Not Applicable,No,Not Applicable,529,UPI,21,5.0,4.6
2024-07-05 22:32:00,CNR1381245341,Success,CID152987,eBike,RT Nagar,Rajajinagar,112.0,50.0,Not Applicable,Not Applicable,Yes,Customer Demand,326,Cash,26,4.6,4.9
2024-07-06 09:39:00,CNR2086681377,Success,CID185926,Auto,Majestic,Kammanahalli,273.0,55.0,Not Applicable,Not Applicable,No,Not Applicable,405,Cash,15,5.0,3.5
2024-07-08 08:11:00,CNR5499907928,Canceled by Driver,CID648708,Bike,Banashankari,Jayanagar,,,Not Applicable,Customer was coughing/sick,Not Applicable,Not Applicable,134,Not Applicable,0,,
2024-07-07 00:18:00,CNR3949392455,Canceled by Driver,CID937233,Prime Sedan,Yeshwanthpur,Hosur Road,,,Not Applicable,More than permitted people in there,Not Applicable,Not Applicable,865,Not Applicable,0,,
2024-07-06 21:34:00,CNR9729211983,Driver Not Found,CID308861,Prime Plus,Varthur,Mysore Road,,,Not Applicable,Not Applicable,Not Applicable,Not Applicable,415,Not Applicable,0,,
2024-07-29 10:36:00,CNR7635501460,Success,CID820051,Bike,HSR Layout,Cox Town,77.0,30.0,Not Applicable,Not Applicable,No,Not Applicable,386,UPI,30,4.0,3.2
2024-07-05 03:02:00,CNR3909073090,Canceled by Driver,CID443084,Auto,Kammanahalli,Koramangala,,,Not Applicable,Personal & Car related issue,Not Applicable,Not Applicable,1040,Not Applicable,0,,
2024-07-18 10:21:00,CNR8492997292,Success,CID589295,Bike,Devanahalli,Padmanabhanagar,238.0,70.0,Not Applicable,Not Applicable,No,Not Applicable,140,Cash,16,4.7,3.6
2024-07-24 02:55:00,CNR8772847168,Success,CID329723,Bike,Magadi Road,Koramangala,203.0,120.0,Not Applicable,Not Applicable,Yes,Vehicle Breakdown,351,Cash,41,4.1,4.6
2024-07-07 06:22:00,CNR2286463729,Success,CID217934,Prime SUV,Yeshwanthpur,Marathahalli,70.0,145.0,Not Applicable,Not Applicable,No,Not Applicable,293,Cash,41,4.8,4.5
2024-07-21 00:51:00,CNR4189968915,Canceled by Driver,CID742034,eBike,Yelahanka,Devanahalli,,,Not Applicable,Customer was coughing/sick,Not Applicable,Not Applicable,744,Not Applicable,0,,
2024-07-08 18:10:00,CNR2047150562,Success,CID230165,Bike,Shantinagar,Hosur Road,294.0,100.0,Not Applicable,Not Applicable,No,Not Applicable,115,UPI,4,4.2,4.6
2024-07-01 06:40:00,CNR7016533889,Success,CID542355,Prime Sedan,Richmond Town,Yeshwanthpur,35.0,145.0,Not Applicable,Not Applicable,No,Not Applicable,475,UPI,43,3.9,3.1
2024-07-10 00:18:00,CNR3325816453,Success,CID133395,Prime Sedan,Hosur Road,Rajarajeshwari Nagar,203.0,130.0,Not Applicable,Not Applicable,No,Not Applicable,2012,UPI,35,3.1,4.9
2024-07-20 03:36:00,CNR5061150961,Canceled by Customer,CID966054,Prime Sedan,Kengeri,Whitefield,,,AC is Not working,Not Applicable,Not Applicable,Not Applicable,827,Not Applicable,0,,
2024-07-18 22:30:00,CNR1113573214,Success,CID250802,Prime Plus,Devanahalli,Magadi Road,84.0,25.0,Not Applicable,Not Applicable,No,Not Applicable,270,Cash,34,3.6,3.8
2024-07-28 13:17:00,CNR6943053914,Success,CID368694,Prime Plus,Bannerghatta Road,Whitefield,84.0,50.0,Not Applicable,Not Applicable,No,Not Applicable,127,Cash,32,4.9,3.0
2024-07-21 11:13:00,CNR4725947174,Canceled by Customer,CID922435,Auto,Vijayanagar,Hennur,,,Driver is not moving towards pickup location,Not Applicable,Not Applicable,Not Applicable,490,Not Applicable,0,,
2024-07-29 23:52:00,CNR5562290216,Driver Not Found,CID377979,Prime SUV,Sahakar Nagar,Jayanagar,,,Not Applicable,Not Applicable,Not Applicable,Not Applicable,372,Not Applicable,0,,
2024-07-18 05:43:00,CNR9168776879,Success,CID231016,Prime Plus,Kammanahalli,Langford Town,154.0,85.0,Not Applicable,Not Applicable,No,Not Applicable,253,Cash,29,4.6,3.8
2024-07-04 07:59:00,CNR2561297216,Success,CID353195,eBike,Sahakar Nagar,Hennur,35.0,75.0,Not Applicable,Not Applicable,No,Not Applicable,405,UPI,12,3.5,3.2
2024-07-09 03:33:00,CNR1395426318,Success,CID371236,Prime SUV,Rajajinagar,Shantinagar,301.0,80.0,Not Applicable,Not Applicable,No,Not Applicable,199,UPI,4,3.2,3.7
2024-07-22 13:40:00,CNR4079981632,Driver Not Found,CID703552,Prime Plus,Kadugodi,Shantinagar,,,Not Applicable,Not Applicable,Not Applicable,Not Applicable,284,Not Applicable,0,,
2024-07-25 17:41:00,CNR6501714682,Canceled by Driver,CID207856,Auto,Marathahalli,Jayanagar,,,Not Applicable,Personal & Car related issue,Not Applicable,Not Applicable,347,Not Applicable,0,,
2024-07-21 12:01:00,CNR7432754951,Driver Not Found,CID892310,Mini,Jayanagar,MG Road,,,Not Applicable,Not Applicable,Not Applicable,Not Applicable,359,Not Applicable,0,,
2024-07-30 13:14:00,CNR2955620410,Success,CID356460,Prime SUV,Langford Town,HSR Layout,147.0,75.0,Not Applicable,Not Applicable,No,Not Applicable,147,Cash,45,4.6,4.3
2024-07-29 06:36:00,CNR8522174515,Success,CID445387,Prime Sedan,Rajarajeshwari Nagar,Shivajinagar,63.0,25.0,Not Applicable,Not Applicable,No,Not Applicable,895,UPI,40,4.3,4.4
2024-07-19 10:43:00,CNR8568985359,Success,CID615402,Prime SUV,Jayanagar,Yelahanka,84.0,130.0,Not Applicable,Not Applicable,No,Not Applicable,345,UPI,15,3.4,3.9
2024-07-26 01:23:00,CNR2484076686,Success,CID256747,eBike,RT Nagar,Banashankari,133.0,120.0,Not Applicable,Not Applicable,No,Not Applicable,540,Cash,45,3.7,3.4
2024-07-29 06:44:00,CNR2191743575,Success,CID740737,Prime Plus,JP Nagar,Banashankari,238.0,115.0,Not Applicable,Not Applicable,No,Not Applicable,231,Cash,39,4.4,3.3
2024-07-07 07:22:00,CNR2554327847,Canceled by Driver,CID668902,Prime Plus,Bannerghatta Road,Marathahalli,,,Not Applicable,Customer related issue,Not Applicable,Not Applicable,325,Not Applicable,0,,
2024-07-29 20:25:00,CNR3918943055,Canceled by Customer,CID788525,Prime Plus,Hennur,Hulimavu,,,Change of plans,Not Applicable,Not Applicable,Not Applicable,468,Not Applicable,0,,
2024-07-07 12:20:00,CNR2135989033,Canceled by Customer,CID335796,eBike,Langford Town,Cox Town,,,Driver is not moving towards pickup location,Not Applicable,Not Applicable,Not Applicable,390,Not Applicable,0,,
2024-07-03 00:55:00,CNR3573978317,Canceled by Customer,CID333353,Bike,Devanahalli,Yeshwanthpur,,,Driver is not moving towards pickup location,Not Applicable,Not Applicable,Not Applicable,1513,Not Applicable,0,,
2024-07-26 03:42:00,CNR1383846045,Canceled by Driver,CID544902,Bike,Indiranagar,Richmond Town,,,Not Applicable,Customer was coughing/sick,Not Applicable,Not Applicable,453,Not Applicable,0,,
2024-07-27 02:12:00,CNR7419847277,Success,CID787702,Bike,Magadi Road,Nagarbhavi,126.0,95.0,Not Applicable,Not Applicable,No,Not Applicable,408,Cash,17,4.9,4.1
2024-07-13 11:25:00,CNR4979716710,Canceled by Customer,CID201514,Prime SUV,KR Puram,Peenya,,,Change of plans,Not Applicable,Not Applicable,Not Applicable,231,Not Applicable,0,,
2024-07-29 22:27:00,CNR5798811025,Success,CID750272,Prime Sedan,Shivajinagar,Malleshwaram,217.0,105.0,Not Applicable,Not Applicable,No,Not Applicable,457,UPI,15,3.6,3.2
2024-07-06 21:38:00,CNR1473649167,Canceled by Driver,CID908689,Bike,Frazer Town,Chamarajpet,,,Not Applicable,Personal & Car related issue,Not Applicable,Not Applicable,866,Not Applicable,0,,
2024-07-05 08:29:00,CNR3064571130,Success,CID531879,Mini,Ulsoor,Whitefield,140.0,85.0,Not Applicable,Not Applicable,No,Not Applicable,257,UPI,43,3.9,3.0
2024-07-06 08:34:00,CNR1247257394,Canceled by Customer,CID576340,Bike,Sahakar Nagar,BTM Layout,,,Driver is not moving towards pickup location,Not Applicable,Not Applicable,Not Applicable,130,Not Applicable,0,,
2024-07-21 03:37:00,CNR3597611110,Success,CID407227,Mini,Banashankari,Hebbal,224.0,115.0,Not Applicable,Not Applicable,No,Not Applicable,144,Cash,9,4.9,3.6
2024-07-23 21:29:00,CNR2171642177,Success,CID674259,Prime SUV,Rajajinagar,Shantinagar,35.0,30.0,Not Applicable,Not Applicable,No,Not Applicable,270,Cash,19,4.1,5.0
2024-07-08 17:51:00,CNR3957982665,Canceled by Customer,CID241090,Prime Plus,Yeshwanthpur,Vijayanagar,,,Driver is not moving towards pickup location,Not Applicable,Not Applicable,Not Applicable,836,Not Applicable,0,,
2024-07-12 00:52:00,CNR8642823956,Success,CID587990,Prime Plus,Rajajinagar,Frazer Town,70.0,60.0,Not Applicable,Not Applicable,No,Not Applicable,130,UPI,2,5.0,4.2
2024-07-06 07:14:00,CNR7398420074,Success,CID194901,eBike,Cox Town,Majestic,210.0,95.0,Not Applicable,Not Applicable,No,Not Applicable,243,UPI,21,4.0,3.5
2024-07-22 01:30:00,CNR1362942187,Success,CID774705,Prime Plus,Rajajinagar,Hebbal,273.0,25.0,Not Applicable,Not Applicable,No,Not Applicable,711,Cash,8,3.5,4.6
2024-07-27 13:38:00,CNR7120610486,Success,CID237863,Mini,Tumkur Road,Devanahalli,301.0,45.0,Not Applicable,Not Applicable,No,Not Applicable,105,UPI,23,4.6,3.1
2024-07-29 08:16:00,CNR4511685921,Success,CID496348,eBike,Whitefield,Devanahalli,196.0,65.0,Not Applicable,Not Applicable,No,Not Applicable,180,Cash,45,3.9,3.1
2024-07-14 14:55:00,CNR5518552441,Success,CID233316,Mini,Whitefield,Ramamurthy Nagar,252.0,70.0,Not Applicable,Not Applicable,No,Not Applicable,453,Cash,26,4.1,3.7
2024-07-23 22:41:00,CNR5501227435,Success,CID891046,Mini,Devanahalli,Vijayanagar,294.0,90.0,Not Applicable,Not Applicable,No,Not Applicable,893,Cash,7,3.7,3.9
2024-07-16 02:36:00,CNR9124212893,Success,CID603407,Auto,Ramamurthy Nagar,Hulimavu,105.0,35.0,Not Applicable,Not Applicable,No,Not Applicable,546,UPI,15,3.1,3.1
2024-07-12 09:42:00,CNR2066588729,Driver Not Found,CID350753,Auto,Langford Town,Frazer Town,,,Not Applicable,Not Applicable,Not Applicable,Not Applicable,569,Not Applicable,0,,
2024-07-04 06:33:00,CNR7128761362,Success,CID772448,eBike,Hosur Road,Marathahalli,49.0,140.0,Not Applicable,Not Applicable,No,Not Applicable,325,Cash,22,4.1,4.1
2024-07-11 00:47:00,CNR4297938707,Canceled by Customer,CID574734,Mini,Kengeri,Indiranagar,,,Change of plans,Not Applicable,Not Applicable,Not Applicable,306,Not Applicable,0,,
2024-07-07 09:18:00,CNR2321989108,Canceled by Driver,CID433471,Auto,Jayanagar,Vijayanagar,,,Not Applicable,Customer was coughing/sick,Not Applicable,Not Applicable,362,Not Applicable,0,,
2024-07-06 17:50:00,CNR8936145043,Canceled by Customer,CID624243,Mini,Padmanabhanagar,Langford Town,,,Wrong Address,Not Applicable,Not Applicable,Not Applicable,245,Not Applicable,0,,
2024-07-04 15:16:00,CNR2981350889,Success,CID956217,Prime Plus,Magadi Road,Mysore Road,182.0,110.0,Not Applicable,Not Applicable,No,Not Applicable,1809,UPI,33,4.5,4.0
2024-07-07 21:17:00,CNR3655289729,Success,CID722514,Prime SUV,Shantinagar,Nagarbhavi,175.0,25.0,Not Applicable,Not Applicable,No,Not Applicable,147,UPI,5,3.8,4.2
2024-07-23 20:49:00,CNR6964536167,Success,CID495521,Prime Plus,Nagarbhavi,Jayanagar,91.0,95.0,Not Applicable,Not Applicable,No,Not Applicable,354,Cash,17,3.9,4.9
2024-07-14 20:32:00,CNR5096782171,Success,CID186580,Mini,Yeshwanthpur,Nagarbhavi,126.0,70.0,Not Applicable,Not Applicable,No,Not Applicable,248,UPI,48,4.0,5.0
2024-07-10 01:41:00,CNR4768483801,Success,CID868027,Mini,RT Nagar,JP Nagar,217.0,105.0,Not Applicable,Not Applicable,Yes,Customer Demand,427,Cash,28,3.8,3.5
2024-07-09 22:40:00,CNR8215794849,Canceled by Driver,CID367043,eBike,Magadi Road,Bannerghatta Road,,,Not Applicable,Customer related issue,Not Applicable,Not Applicable,2641,Not Applicable,0,,
2024-07-23 07:09:00,CNR6040089226,Success,CID233100,eBike,Whitefield,Peenya,154.0,100.0,Not Applicable,Not Applicable,No,Not Applicable,849,Cash,40,5.0,4.3
2024-07-26 22:25:00,CNR3601155193,Success,CID944731,eBike,Devanahalli,Majestic,238.0,125.0,Not Applicable,Not Applicable,No,Not Applicable,374,UPI,3,3.3,4.2
2024-07-04 17:32:00,CNR8141476360,Canceled by Customer,CID713066,Prime Plus,Basavanagudi,Kadugodi,,,Driver is not moving towards pickup location,Not Applicable,Not Applicable,Not Applicable,170,Not Applicable,0,,
2024-07-17 17:08:00,CNR5987231086,Success,CID818623,Prime Plus,Hebbal,Sahakar Nagar,70.0,30.0,Not Applicable,Not Applicable,No,Not Applicable,184,Cash,28,3.4,3.8
2024-07-16 04:00:00,CNR9428742797,Success,CID701256,Prime Plus,Richmond Town,Hosur Road,252.0,80.0,Not Applicable,Not Applicable,No,Not Applicable,900,UPI,21,4.0,4.0
2024-07-13 18:27:00,CNR8783322283,Success,CID393461,Prime SUV,RT Nagar,MG Road,112.0,110.0,Not Applicable,Not Applicable,No,Not Applicable,2805,UPI,34,3.5,3.7
2024-07-02 16:12:00,CNR9346671393,Canceled by Driver,CID524489,Prime Plus,Majestic,Sarjapur Road,,,Not Applicable,Personal & Car related issue,Not Applicable,Not Applicable,428,Not Applicable,0,,
2024-07-06 03:47:00,CNR4849589807,Success,CID348077,Prime Plus,Jayanagar,Ramamurthy Nagar,294.0,145.0,Not Applicable,Not Applicable,No,Not Applicable,257,Cash,42,3.8,3.8
2024-07-16 22:19:00,CNR3720875377,Canceled by Driver,CID412770,eBike,KR Puram,Langford Town,,,Not Applicable,Customer related issue,Not Applicable,Not Applicable,532,Not Applicable,0,,
2024-07-02 02:40:00,CNR7366057107,Canceled by Customer,CID132547,Prime SUV,Cox Town,Frazer Town,,,Driver asked to cancel,Not Applicable,Not Applicable,Not Applicable,789,Not Applicable,0,,
2024-07-28 03:38:00,CNR8933093743,Success,CID100272,Prime Plus,Yeshwanthpur,Varthur,175.0,115.0,Not Applicable,Not Applicable,No,Not Applicable,407,Cash,29,4.8,4.6
2024-07-06 02:09:00,CNR6917686727,Success,CID772126,Mini,Tumkur Road,Shivajinagar,308.0,35.0,Not Applicable,Not Applicable,No,Not Applicable,476,Cash,48,4.2,4.3
2024-07-11 01:29:00,CNR1437885941,Success,CID442294,Bike,Vijayanagar,Chickpet,63.0,95.0,Not Applicable,Not Applicable,No,Not Applicable,360,Credit Card,44,4.4,3.3
2024-07-14 09:24:00,CNR2727702560,Success,CID119510,Prime SUV,HSR Layout,Sahakar Nagar,42.0,95.0,Not Applicable,Not Applicable,No,Not Applicable,2247,Cash,17,4.8,4.8
2024-07-04 23:48:00,CNR9394787401,Success,CID709400,Prime Sedan,Bannerghatta Road,Marathahalli,98.0,135.0,Not Applicable,Not Applicable,No,Not Applicable,127,Cash,28,3.9,4.8
2024-07-17 16:33:00,CNR7210834535,Success,CID985013,eBike,Whitefield,Langford Town,231.0,25.0,Not Applicable,Not Applicable,No,Not Applicable,447,UPI,21,4.1,3.3
2024-07-10 16:10:00,CNR4317846569,Success,CID802327,Mini,Basavanagudi,Hosur Road,196.0,80.0,Not Applicable,Not Applicable,No,Not Applicable,443,UPI,1,3.2,3.8
2024-07-02 06:29:00,CNR9744908947,Success,CID770854,eBike,Marathahalli,Kadugodi,77.0,80.0,Not Applicable,Not Applicable,No,Not Applicable,204,UPI,5,4.3,3.5
2024-07-02 20:16:00,CNR6007352334,Success,CID741314,Auto,Kadugodi,Hosur Road,231.0,140.0,Not Applicable,Not Applicable,No,Not Applicable,277,UPI,15,3.5,4.5
2024-07-05 16:59:00,CNR1227339374,Success,CID940081,Prime Plus,Ulsoor,Varthur,147.0,65.0,Not Applicable,Not Applicable,No,Not Applicable,424,Cash,9,5.0,3.9
2024-07-11 08:40:00,CNR2013635026,Success,CID274361,eBike,Hebbal,Kengeri,259.0,130.0,Not Applicable,Not Applicable,No,Not Applicable,171,Cash,21,4.3,3.5
2024-07-05 21:24:00,CNR5993693088,Success,CID948993,Prime Sedan,Ramamurthy Nagar,Rajajinagar,119.0,25.0,Not Applicable,Not Applicable,No,Not Applicable,463,Cash,23,3.4,4.4
2024-07-29 14:34:00,CNR1195223718,Canceled by Driver,CID278728,Bike,Banashankari,Vijayanagar,,,Not Applicable,Customer was coughing/sick,Not Applicable,Not Applicable,957,Not Applicable,0,,
2024-07-09 12:47:00,CNR3061292158,Canceled by Customer,CID420588,Prime Plus,Varthur,Padmanabhanagar,,,Driver asked to cancel,Not Applicable,Not Applicable,Not Applicable,864,Not Applicable,0,,
2024-07-24 21:24:00,CNR8351544792,Canceled by Driver,CID922854,Mini,HSR Layout,Banashankari,,,Not Applicable,Personal & Car related issue,Not Applicable,Not Applicable,812,Not Applicable,0,,
2024-07-17 15:46:00,CNR6832141406,Canceled by Driver,CID136048,Auto,Chickpet,Jayanagar,,,Not Applicable,Personal & Car related issue,Not Applicable,Not Applicable,407,Not Applicable,0,,
2024-07-01 17:54:00,CNR1522666880,Canceled by Customer,CID356032,Prime Sedan,HSR Layout,MG Road,,,Wrong Address,Not Applicable,Not Applicable,Not Applicable,402,Not Applicable,0,,
2024-07-23 20:00:00,CNR4497086644,Success,CID839503,eBike,Cox Town,Banashankari,112.0,60.0,Not Applicable,Not Applicable,No,Not Applicable,339,Cash,25,3.1,3.7
2024-07-25 22:49:00,CNR4363616158,Driver Not Found,CID936728,Auto,MG Road,Ulsoor,,,Not Applicable,Not Applicable,Not Applicable,Not Applicable,244,Not Applicable,0,,
2024-07-06 17:03:00,CNR1536655268,Success,CID364500,Prime Plus,Richmond Town,BTM Layout,154.0,115.0,Not Applicable,Not Applicable,No,Not Applicable,389,UPI,29,3.8,3.9
2024-07-07 04:29:00,CNR4189627883,Canceled by Driver,CID395824,Prime Sedan,Cox Town,Hosur Road,,,Not Applicable,Personal & Car related issue,Not Applicable,Not Applicable,384,Not Applicable,0,,
2024-07-09 20:05:00,CNR6052637311,Canceled by Driver,CID640120,eBike,Shivajinagar,HSR Layout,,,Not Applicable,Customer was coughing/sick,Not Applicable,Not Applicable,415,Not Applicable,0,,
2024-07-27 14:04:00,CNR7419663299,Success,CID728581,Prime Plus,Whitefield,Jayanagar,175.0,60.0,Not Applicable,Not Applicable,No,Not Applicable,369,UPI,18,3.6,3.6
2024-07-06 15:06:00,CNR2231021559,Success,CID190392,Prime SUV,Majestic,Hennur,105.0,110.0,Not Applicable,Not Applicable,No,Not Applicable,719,Cash,10,3.4,4.7
2024-07-13 14:01:00,CNR2382172172,Success,CID284243,Prime SUV,Bannerghatta Road,Bellandur,119.0,50.0,Not Applicable,Not Applicable,No,Not Applicable,846,Cash,26,4.2,4.9
2024-07-28 14:06:00,CNR3984401708,Success,CID328007,Prime Sedan,Richmond Town,Tumkur Road,98.0,140.0,Not Applicable,Not Applicable,No,Not Applicable,150,Cash,43,3.8,4.9
2024-07-05 11:33:00,CNR2087109086,Success,CID154859,Prime SUV,Hulimavu,Vijayanagar,105.0,45.0,Not Applicable,Not Applicable,No,Not Applicable,970,UPI,7,4.1,3.3
2024-07-22 12:13:00,CNR3042837543,Success,CID493679,Mini,Hennur,Kammanahalli,287.0,100.0,Not Applicable,Not Applicable,No,Not Applicable,200,Cash,9,4.2,3.2
2024-07-15 21:25:00,CNR3506641971,Canceled by Customer,CID623485,Prime Plus,Yeshwanthpur,Marathahalli,,,Driver is not moving towards pickup location,Not Applicable,Not Applicable,Not Applicable,239,Not Applicable,0,,
2024-07-11 22:31:00,CNR4436392246,Success,CID857677,Bike,Malleshwaram,Hennur,287.0,50.0,Not Applicable,Not Applicable,No,Not Applicable,422,Cash,4,3.4,4.7
2024-07-14 00:32:00,CNR7496959078,Canceled by Driver,CID697964,Bike,Ramamurthy Nagar,Devanahalli,,,Not Applicable,More than permitted people in there,Not Applicable,Not Applicable,223,Not Applicable,0,,
2024-07-03 15:04:00,CNR9493919275,Canceled by Driver,CID850752,Prime Plus,Kengeri,Banashankari,,,Not Applicable,Personal & Car related issue,Not Applicable,Not Applicable,346,Not Applicable,0,,
2024-07-27 12:03:00,CNR2077994107,Success,CID286681,Prime Plus,Vijayanagar,Sarjapur Road,280.0,145.0,Not Applicable,Not Applicable,No,Not Applicable,187,Cash,12,4.7,3.7
2024-07-18 00:41:00,CNR1231603118,Driver Not Found,CID232653,Prime SUV,Nagarbhavi,Hennur,,,Not Applicable,Not Applicable,Not Applicable,Not Applicable,956,Not Applicable,0,,
2024-07-30 05:55:00,CNR4519298745,Canceled by Customer,CID918689,Mini,Rajajinagar,Yeshwanthpur,,,Change of plans,Not Applicable,Not Applicable,Not Applicable,1532,Not Applicable,0,,
2024-07-16 11:33:00,CNR8971938005,Success,CID832466,Bike,Kammanahalli,Peenya,126.0,55.0,Not Applicable,Not Applicable,No,Not Applicable,581,UPI,10,4.9,4.2
2024-07-26 13:09:00,CNR8633906682,Canceled by Customer,CID394506,Prime Sedan,Sarjapur Road,Chickpet,,,Driver is not moving towards pickup location,Not Applicable,Not Applicable,Not Applicable,229,Not Applicable,0,,
2024-07-25 03:30:00,CNR2138986202,Canceled by Driver,CID641714,Mini,Cox Town,Shivajinagar,,,Not Applicable,Personal & Car related issue,Not Applicable,Not Applicable,418,Not Applicable,0,,
2024-07-15 20:58:00,CNR6090328629,Success,CID875225,Mini,Whitefield,Bannerghatta Road,168.0,130.0,Not Applicable,Not Applicable,No,Not Applicable,484,Cash,33,3.6,3.6
2024-07-28 23:06:00,CNR1564530865,Success,CID142906,Prime Sedan,Yeshwanthpur,Sarjapur Road,133.0,120.0,Not Applicable,Not Applicable,No,Not Applicable,618,Cash,23,3.3,4.1
2024-07-23 20:35:00,CNR3483991151,Canceled by Driver,CID809784,Auto,Kammanahalli,Devanahalli,,,Not Applicable,Personal & Car related issue,Not Applicable,Not Applicable,913,Not Applicable,0,,
2024-07-05 07:08:00,CNR4280251928,Success,CID357667,Prime Sedan,HSR Layout,Devanahalli,238.0,90.0,Not Applicable,Not Applicable,No,Not Applicable,759,UPI,30,4.6,3.1
2024-07-30 10:29:00,CNR9883897265,Success,CID538939,Auto,Hosur Road,Vijayanagar,196.0,95.0,Not Applicable,Not Applicable,No,Not Applicable,562,Cash,1,4.3,3.5
2024-07-07 17:44:00,CNR1367181500,Success,CID609806,Prime Plus,Ulsoor,Hulimavu,182.0,110.0,Not Applicable,Not Applicable,No,Not Applicable,249,UPI,36,3.8,4.5
2024-07-25 17:10:00,CNR7449800331,Canceled by Driver,CID428095,Prime Plus,Shantinagar,Richmond Town,,,Not Applicable,Customer related issue,Not Applicable,Not Applicable,898,Not Applicable,0,,
2024-07-11 06:29:00,CNR7579474182,Canceled by Customer,CID681781,Bike,Shantinagar,Chickpet,,,Wrong Address,Not Applicable,Not Applicable,Not Applicable,427,Not Applicable,0,,
2024-07-30 10:13:00,CNR9497738061,Canceled by Driver,CID671234,Auto,Malleshwaram,Yeshwanthpur,,,Not Applicable,Personal & Car related issue,Not Applicable,Not Applicable,1594,Not Applicable,0,,
2024-07-21 14:52:00,CNR9089711980,Driver Not Found,CID641745,Prime Sedan,Electronic City,Padmanabhanagar,,,Not Applicable,Not Applicable,Not Applicable,Not Applicable,259,Not Applicable,0,,
2024-07-18 23:55:00,CNR2034836697,Success,CID353943,Bike,KR Puram,Marathahalli,301.0,125.0,Not Applicable,Not Applicable,No,Not Applicable,188,Cash,40,4.7,3.9
2024-07-18 13:46:00,CNR9484370827,Success,CID982213,Prime SUV,Kadugodi,Hebbal,56.0,110.0,Not Applicable,Not Applicable,No,Not Applicable,229,UPI,28,4.2,3.6
2024-07-09 00:06:00,CNR6698474309,Success,CID117225,Prime Plus,Shantinagar,Kadugodi,231.0,70.0,Not Applicable,Not Applicable,No,Not Applicable,723,UPI,32,3.9,3.2
2024-07-11 13:27:00,CNR4903698132,Success,CID965073,Prime SUV,Cox Town,Rajarajeshwari Nagar,217.0,85.0,Not Applicable,Not Applicable,No,Not Applicable,752,Cash,40,3.3,5.0
2024-07-27 08:50:00,CNR2214898386,Success,CID889421,Prime Sedan,Bellandur,Kadugodi,77.0,120.0,Not Applicable,Not Applicable,No,Not Applicable,244,Cash,5,5.0,3.2
2024-07-06 22:12:00,CNR7147068161,Canceled by Customer,CID327654,Prime Plus,Magadi Road,Ramamurthy Nagar,,,AC is Not working,Not Applicable,Not Applicable,Not Applicable,429,Not Applicable,0,,
2024-07-27 22:22:00,CNR8675674512,Success,CID221003,Auto,Majestic,Peenya,70.0,75.0,Not Applicable,Not Applicable,No,Not Applicable,466,UPI,8,3.5,3.8
2024-07-17 19:54:00,CNR4892004928,Canceled by Driver,CID339377,eBike,Tumkur Road,Electronic City,,,Not Applicable,Customer was coughing/sick,Not Applicable,Not Applicable,296,Not Applicable,0,,
2024-07-16 23:57:00,CNR2205033896,Canceled by Driver,CID664536,Auto,Shantinagar,Whitefield,,,Not Applicable,Customer was coughing/sick,Not Applicable,Not Applicable,446,Not Applicable,0,,
2024-07-21 20:35:00,CNR6166685690,Driver Not Found,CID875991,Prime Plus,Hennur,Richmond Town,,,Not Applicable,Not Applicable,Not Applicable,Not Applicable,356,Not Applicable,0,,
2024-07-11 00:09:00,CNR4911235036,Canceled by Driver,CID928885,Bike,Yelahanka,Hebbal,,,Not Applicable,More than permitted people in there,Not Applicable,Not Applicable,372,Not Applicable,0,,
2024-07-21 23:16:00,CNR9156242122,Success,CID915457,Prime Plus,Kammanahalli,Tumkur Road,161.0,115.0,Not Applicable,Not Applicable,Yes,Vehicle Breakdown,109,Cash,37,4.0,5.0
2024-07-02 22:56:00,CNR1044981249,Success,CID177178,Auto,Hosur Road,Yelahanka,168.0,135.0,Not Applicable,Not Applicable,No,Not Applicable,427,UPI,5,4.3,5.0
2024-07-15 10:52:00,CNR6757409294,Success,CID148903,eBike,Rajajinagar,Koramangala,175.0,120.0,Not Applicable,Not Applicable,No,Not Applicable,223,UPI,49,3.6,3.8
2024-07-24 15:32:00,CNR3601954080,Canceled by Driver,CID700383,Mini,Jayanagar,Chickpet,,,Not Applicable,Customer related issue,Not Applicable,Not Applicable,356,Not Applicable,0,,
2024-07-05 06:55:00,CNR9477818690,Success,CID561582,eBike,MG Road,Shantinagar,147.0,120.0,Not Applicable,Not Applicable,No,Not Applicable,1751,UPI,16,3.3,3.3
2024-07-27 15:03:00,CNR2172626515,Success,CID491430,Auto,Chamarajpet,Bellandur,231.0,120.0,Not Applicable,Not Applicable,No,Not Applicable,216,Cash,14,4.6,4.8
2024-07-06 09:13:00,CNR3849576119,Success,CID585086,Prime SUV,Shantinagar,Peenya,119.0,95.0,Not Applicable,Not Applicable,No,Not Applicable,262,UPI,19,4.2,3.1
2024-07-13 04:09:00,CNR3862200535,Canceled by Driver,CID447449,Prime Plus,Varthur,Kammanahalli,,,Not Applicable,Customer related issue,Not Applicable,Not Applicable,965,Not Applicable,0,,
2024-07-24 13:51:00,CNR9411528643,Success,CID897783,Prime Plus,Rajajinagar,Malleshwaram,105.0,115.0,Not Applicable,Not Applicable,No,Not Applicable,532,Cash,19,4.1,3.2
2024-07-07 06:55:00,CNR6467464343,Success,CID655490,Auto,Electronic City,Hulimavu,238.0,90.0,Not Applicable,Not Applicable,No,Not Applicable,517,UPI,11,4.4,4.8
2024-07-17 12:05:00,CNR3620826911,Canceled by Driver,CID223183,Mini,Hosur Road,Indiranagar,,,Not Applicable,Customer related issue,Not Applicable,Not Applicable,1106,Not Applicable,0,,
2024-07-05 22:21:00,CNR3890837123,Success,CID606722,eBike,Shivajinagar,Ulsoor,105.0,90.0,Not Applicable,Not Applicable,No,Not Applicable,283,Cash,11,3.5,4.6
2024-07-27 19:53:00,CNR7563166049,Success,CID813687,Bike,RT Nagar,Marathahalli,217.0,55.0,Not Applicable,Not Applicable,No,Not Applicable,474,UPI,38,3.7,3.7
2024-07-13 18:53:00,CNR6242690093,Success,CID997374,Prime SUV,Chickpet,Electronic City,266.0,65.0,Not Applicable,Not Applicable,No,Not Applicable,2436,Cash,37,3.7,4.3
2024-07-04 00:10:00,CNR2888246521,Success,CID322386,Prime Plus,Ulsoor,Shantinagar,203.0,110.0,Not Applicable,Not Applicable,No,Not Applicable,408,Cash,43,3.9,4.1
2024-07-13 04:33:00,CNR2717437767,Success,CID124679,Prime SUV,Padmanabhanagar,Ulsoor,49.0,50.0,Not Applicable,Not Applicable,No,Not Applicable,485,UPI,9,3.8,4.1
2024-07-19 18:10:00,CNR6520648598,Driver Not Found,CID439507,Prime SUV,Bellandur,Tumkur Road,,,Not Applicable,Not Applicable,Not Applicable,Not Applicable,2684,Not Applicable,0,,
2024-07-21 03:07:00,CNR1490402438,Success,CID112812,Mini,Chamarajpet,Ramamurthy Nagar,133.0,65.0,Not Applicable,Not Applicable,No,Not Applicable,252,Cash,12,4.2,4.3
2024-07-18 21:50:00,CNR8904530904,Driver Not Found,CID396469,Auto,JP Nagar,Frazer Town,,,Not Applicable,Not Applicable,Not Applicable,Not Applicable,221,Not Applicable,0,,
2024-07-22 01:25:00,CNR4483672127,Success,CID899975,Mini,KR Puram,HSR Layout,126.0,145.0,Not Applicable,Not Applicable,No,Not Applicable,154,UPI,48,4.5,5.0
2024-07-17 04:38:00,CNR3176449606,Canceled by Driver,CID871255,Prime Sedan,Hennur,JP Nagar,,,Not Applicable,Personal & Car related issue,Not Applicable,Not Applicable,280,Not Applicable,0,,
2024-07-25 19:31:00,CNR9087617563,Success,CID600636,Prime Plus,Hosur Road,Kadugodi,42.0,25.0,Not Applicable,Not Applicable,No,Not Applicable,995,Cash,33,4.2,4.1
2024-07-15 07:41:00,CNR1156626711,Success,CID336338,eBike,Yeshwanthpur,JP Nagar,98.0,30.0,Not Applicable,Not Applicable,No,Not Applicable,2106,Cash,1,4.1,4.0
2024-07-07 03:45:00,CNR7014461451,Canceled by Driver,CID635142,Mini,Tumkur Road,Jayanagar,,,Not Applicable,Personal & Car related issue,Not Applicable,Not Applicable,1383,Not Applicable,0,,
2024-07-09 18:35:00,CNR6959384828,Success,CID724457,Prime Sedan,Malleshwaram,Vijayanagar,112.0,90.0,Not Applicable,Not Applicable,No,Not Applicable,244,UPI,23,3.6,3.3
2024-07-08 02:16:00,CNR1669676060,Success,CID379107,Prime Plus,Tumkur Road,Richmond Town,196.0,145.0,Not Applicable,Not Applicable,No,Not Applicable,372,Cash,36,4.0,3.9
2024-07-18 02:52:00,CNR5695087059,Driver Not Found,CID410360,Prime Plus,Electronic City,Yelahanka,,,Not Applicable,Not Applicable,Not Applicable,Not Applicable,140,Not Applicable,0,,
2024-07-03 18:18:00,CNR2354382537,Success,CID112970,Auto,Peenya,Bellandur,84.0,130.0,Not Applicable,Not Applicable,No,Not Applicable,154,Cash,5,3.5,3.5
2024-07-03 11:38:00,CNR2680908287,Success,CID991061,Prime Plus,Bellandur,Ulsoor,203.0,25.0,Not Applicable,Not Applicable,No,Not Applicable,374,Cash,43,4.9,4.5
2024-07-29 14:50:00,CNR7934902645,Canceled by Driver,CID570118,Prime Plus,Chickpet,Ramamurthy Nagar,,,Not Applicable,More than permitted people in there,Not Applicable,Not Applicable,2976,Not Applicable,0,,
2024-07-13 00:11:00,CNR8455085896,Success,CID662254,Prime SUV,Malleshwaram,KR Puram,189.0,70.0,Not Applicable,Not Applicable,No,Not Applicable,2622,Cash,18,4.1,4.8
2024-07-15 21:17:00,CNR2826974363,Success,CID186721,eBike,Marathahalli,Koramangala,35.0,30.0,Not Applicable,Not Applicable,No,Not Applicable,1230,Cash,28,3.2,4.7
2024-07-01 15:40:00,CNR2561263995,Success,CID489947,Prime Sedan,Jayanagar,Kengeri,308.0,130.0,Not Applicable,Not Applicable,No,Not Applicable,505,Cash,10,3.9,4.0
2024-07-16 05:45:00,CNR1804544639,Success,CID591118,Bike,Electronic City,Ulsoor,217.0,90.0,Not Applicable,Not Applicable,No,Not Applicable,572,Cash,40,4.8,5.0
2024-07-13 02:07:00,CNR3325885756,Success,CID868050,Bike,Bellandur,Indiranagar,210.0,120.0,Not Applicable,Not Applicable,No,Not Applicable,272,UPI,42,3.8,3.6
2024-07-19 08:58:00,CNR1990656253,Success,CID550395,Prime Sedan,Yelahanka,Rajarajeshwari Nagar,147.0,40.0,Not Applicable,Not Applicable,No,Not Applicable,138,Cash,4,4.0,3.9
2024-07-28 07:42:00,CNR1649773597,Success,CID391663,Prime Plus,Padmanabhanagar,Shivajinagar,238.0,85.0,Not Applicable,Not Applicable,No,Not Applicable,103,Cash,39,4.8,3.9
2024-07-01 02:57:00,CNR3755456855,Success,CID992750,Auto,Vijayanagar,Ramamurthy Nagar,77.0,30.0,Not Applicable,Not Applicable,No,Not Applicable,212,Cash,17,5.0,4.8
2024-07-26 20:39:00,CNR8149141129,Success,CID589460,Mini,Vijayanagar,KR Puram,196.0,25.0,Not Applicable,Not Applicable,No,Not Applicable,139,Cash,27,4.2,3.9
2024-07-23 21:27:00,CNR1621388644,Driver Not Found,CID433212,Mini,Richmond Town,Yeshwanthpur,,,Not Applicable,Not Applicable,Not Applicable,Not Applicable,331,Not Applicable,0,,
2024-07-10 21:08:00,CNR8380939762,Success,CID133338,Prime SUV,Jayanagar,Ulsoor,175.0,85.0,Not Applicable,Not Applicable,No,Not Applicable,862,UPI,20,3.2,3.6
2024-07-07 08:04:00,CNR7469649214,Canceled by Driver,CID433382,Bike,Shivajinagar,Frazer Town,,,Not Applicable,More than permitted people in there,Not Applicable,Not Applicable,215,Not Applicable,0,,
2024-07-16 04:42:00,CNR4193766891,Canceled by Driver,CID835807,Bike,RT Nagar,Rajarajeshwari Nagar,,,Not Applicable,Personal & Car related issue,Not Applicable,Not Applicable,482,Not Applicable,0,,
2024-07-07 17:15:00,CNR8217686517,Driver Not Found,CID524791,Bike,Sahakar Nagar,Majestic,,,Not Applicable,Not Applicable,Not Applicable,Not Applicable,2794,Not Applicable,0,,
2024-07-27 09:12:00,CNR6335247619,Canceled by Driver,CID115394,Prime Plus,Devanahalli,Chickpet,,,Not Applicable,Customer related issue,Not Applicable,Not Applicable,890,Not Applicable,0,,
2024-07-12 06:26:00,CNR3802861000,Success,CID171098,Prime Plus,Yeshwanthpur,Bannerghatta Road,133.0,110.0,Not Applicable,Not Applicable,No,Not Applicable,331,UPI,32,4.1,3.6
2024-07-20 11:03:00,CNR7144093628,Success,CID393735,Prime Plus,KR Puram,Malleshwaram,70.0,130.0,Not Applicable,Not Applicable,No,Not Applicable,113,Cash,22,3.6,4.8
2024-07-01 23:48:00,CNR1377328323,Success,CID454974,eBike,Hebbal,Varthur,112.0,85.0,Not Applicable,Not Applicable,Yes,Customer Demand,968,Credit Card,12,3.5,3.1
2024-07-14 23:28:00,CNR3743429523,Success,CID662096,Prime Sedan,Kengeri,Hennur,308.0,60.0,Not Applicable,Not Applicable,No,Not Applicable,174,UPI,40,3.3,4.7
2024-07-27 12:36:00,CNR1824360312,Canceled by Customer,CID480859,Prime Plus,Richmond Town,Kengeri,,,Driver is not moving towards pickup location,Not Applicable,Not Applicable,Not Applicable,484,Not Applicable,0,,
2024-07-29 03:22:00,CNR1641519068,Canceled by Driver,CID665654,Prime SUV,Sahakar Nagar,Marathahalli,,,Not Applicable,Customer related issue,Not Applicable,Not Applicable,438,Not Applicable,0,,
2024-07-02 13:22:00,CNR9123768285,Success,CID102550,Mini,Richmond Town,Devanahalli,252.0,110.0,Not Applicable,Not Applicable,No,Not Applicable,420,UPI,36,3.2,4.4
2024-07-16 08:54:00,CNR9328129246,Driver Not Found,CID499544,Bike,Frazer Town,Nagarbhavi,,,Not Applicable,Not Applicable,Not Applicable,Not Applicable,283,Not Applicable,0,,
2024-07-06 13:09:00,CNR9916287045,Success,CID996080,Prime Plus,BTM Layout,Hebbal,133.0,45.0,Not Applicable,Not Applicable,No,Not Applicable,139,UPI,30,3.7,3.2
2024-07-29 03:54:00,CNR2276768654,Canceled by Customer,CID406073,Auto,Kadugodi,Langford Town,,,Driver asked to cancel,Not Applicable,Not Applicable,Not Applicable,259,Not Applicable,0,,
2024-07-26 17:00:00,CNR8786635968,Success,CID719193,Mini,Rajajinagar,Yelahanka,217.0,35.0,Not Applicable,Not Applicable,No,Not Applicable,495,UPI,40,4.3,3.6
2024-07-04 19:21:00,CNR5652510781,Canceled by Driver,CID663371,Prime Sedan,Varthur,Kadugodi,,,Not Applicable,More than permitted people in there,Not Applicable,Not Applicable,501,Not Applicable,0,,
2024-07-28 19:45:00,CNR9644652138,Canceled by Customer,CID622616,eBike,Kengeri,RT Nagar,,,Change of plans,Not Applicable,Not Applicable,Not Applicable,271,Not Applicable,0,,
2024-07-09 13:03:00,CNR4226389580,Success,CID959923,Mini,BTM Layout,Ulsoor,140.0,85.0,Not Applicable,Not Applicable,No,Not Applicable,488,Cash,48,4.0,4.7
2024-07-07 18:05:00,CNR7156930766,Canceled by Driver,CID307836,Prime Plus,Shantinagar,Kengeri,,,Not Applicable,Customer was coughing/sick,Not Applicable,Not Applicable,2807,Not Applicable,0,,
2024-07-26 08:46:00,CNR2733799826,Canceled by Driver,CID671090,Auto,Yeshwanthpur,Peenya,,,Not Applicable,Personal & Car related issue,Not Applicable,Not Applicable,459,Not Applicable,0,,
2024-07-27 14:25:00,CNR1374414019,Success,CID239889,Prime SUV,Varthur,Varthur,203.0,50.0,Not Applicable,Not Applicable,Yes,Customer Demand,497,Cash,47,4.7,3.1
2024-07-29 11:22:00,CNR1081372059,Success,CID310915,Auto,Majestic,Hennur,287.0,115.0,Not Applicable,Not Applicable,No,Not Applicable,439,Cash,5,4.5,3.9
2024-07-29 05:27:00,CNR7617747340,Success,CID950774,Mini,Peenya,Majestic,112.0,50.0,Not Applicable,Not Applicable,No,Not Applicable,133,Cash,20,4.0,4.9
2024-07-17 11:11:00,CNR2480322230,Success,CID872306,Auto,Shantinagar,Chamarajpet,70.0,85.0,Not Applicable,Not Applicable,No,Not Applicable,154,Cash,3,3.5,3.5
2024-07-08 05:32:00,CNR4547869208,Canceled by Driver,CID472843,Mini,Koramangala,Koramangala,,,Not Applicable,Customer related issue,Not Applicable,Not Applicable,762,Not Applicable,0,,
2024-07-30 02:15:00,CNR1841497835,Success,CID264807,Mini,MG Road,Majestic,84.0,40.0,Not Applicable,Not Applicable,No,Not Applicable,456,Credit Card,46,4.7,4.2
2024-07-08 15:48:00,CNR2157263230,Canceled by Driver,CID156373,Auto,JP Nagar,Electronic City,,,Not Applicable,Personal & Car related issue,Not Applicable,Not Applicable,472,Not Applicable,0,,
2024-07-13 18:26:00,CNR2289411998,Driver Not Found,CID382838,eBike,Rajarajeshwari Nagar,Shivajinagar,,,Not Applicable,Not Applicable,Not Applicable,Not Applicable,897,Not Applicable,0,,
2024-07-03 02:31:00,CNR2914817041,Success,CID485431,Mini,Mysore Road,Kammanahalli,105.0,90.0,Not Applicable,Not Applicable,No,Not Applicable,589,Cash,8,5.0,4.9
2024-07-02 00:27:00,CNR7334589925,Success,CID431965,Prime Plus,Devanahalli,Tumkur Road,210.0,35.0,Not Applicable,Not Applicable,No,Not Applicable,444,UPI,6,3.6,4.2
2024-07-07 01:33:00,CNR8580681024,Canceled by Driver,CID216753,Auto,Sahakar Nagar,KR Puram,,,Not Applicable,More than permitted people in there,Not Applicable,Not Applicable,2316,Not Applicable,0,,
2024-07-11 06:42:00,CNR4030539082,Canceled by Driver,CID873474,Mini,Rajarajeshwari Nagar,Malleshwaram,,,Not Applicable,Personal & Car related issue,Not Applicable,Not Applicable,445,Not Applicable,0,,
2024-07-12 20:24:00,CNR2874671629,Canceled by Driver,CID374543,Prime Plus,Banashankari,Vijayanagar,,,Not Applicable,Personal & Car related issue,Not Applicable,Not Applicable,310,Not Applicable,0,,
2024-07-29 16:11:00,CNR2622322935,Success,CID118253,Bike,Mysore Road,Peenya,42.0,65.0,Not Applicable,Not Applicable,No,Not Applicable,413,UPI,5,3.8,3.3
2024-07-13 01:01:00,CNR4922323853,Canceled by Driver,CID677774,eBike,Kengeri,Basavanagudi,,,Not Applicable,Personal & Car related issue,Not Applicable,Not Applicable,129,Not Applicable,0,,
2024-07-24 04:12:00,CNR4112388862,Success,CID929302,Auto,Basavanagudi,Bellandur,56.0,120.0,Not Applicable,Not Applicable,No,Not Applicable,305,Cash,5,4.6,4.3
2024-07-26 13:58:00,CNR5148845378,Canceled by Driver,CID182125,Prime SUV,RT Nagar,Shantinagar,,,Not Applicable,Personal & Car related issue,Not Applicable,Not Applicable,712,Not Applicable,0,,
2024-07-15 02:09:00,CNR7776826601,Success,CID584053,Auto,JP Nagar,Jayanagar,210.0,85.0,Not Applicable,Not Applicable,Yes,Other Issue,176,UPI,11,3.7,4.9
2024-07-03 13:57:00,CNR9795362211,Success,CID556293,eBike,Nagarbhavi,Padmanabhanagar,70.0,135.0,Not Applicable,Not Applicable,No,Not Applicable,494,UPI,35,3.7,3.6
2024-07-28 19:35:00,CNR8873908626,Driver Not Found,CID348284,Bike,Rajajinagar,Devanahalli,,,Not Applicable,Not Applicable,Not Applicable,Not Applicable,254,Not Applicable,0,,
2024-07-04 11:31:00,CNR2789907199,Success,CID676896,Mini,Yelahanka,Cox Town,175.0,55.0,Not Applicable,Not Applicable,No,Not Applicable,401,Cash,21,4.0,4.9
2024-07-15 02:34:00,CNR9049175605,Canceled by Driver,CID147621,Bike,Rajajinagar,Kammanahalli,,,Not Applicable,Customer related issue,Not Applicable,Not Applicable,477,Not Applicable,0,,
2024-07-24 08:35:00,CNR1909549018,Success,CID663881,Mini,Magadi Road,MG Road,140.0,110.0,Not Applicable,Not Applicable,No,Not Applicable,160,Cash,12,3.7,4.8
2024-07-01 11:55:00,CNR9354675331,Canceled by Customer,CID946379,Prime Plus,KR Puram,JP Nagar,,,Driver asked to cancel,Not Applicable,Not Applicable,Not Applicable,162,Not Applicable,0,,
2024-07-11 02:50:00,CNR5851384715,Success,CID936656,Bike,Vijayanagar,Tumkur Road,42.0,130.0,Not Applicable,Not Applicable,Yes,Customer Demand,239,Cash,3,4.9,3.4
2024-07-10 23:21:00,CNR9212949998,Success,CID832992,Prime SUV,Chamarajpet,Padmanabhanagar,182.0,60.0,Not Applicable,Not Applicable,No,Not Applicable,355,UPI,33,3.9,4.9
2024-07-04 21:38:00,CNR5791842381,Canceled by Customer,CID876937,eBike,Vijayanagar,Ramamurthy Nagar,,,Wrong Address,Not Applicable,Not Applicable,Not Applicable,472,Not Applicable,0,,
2024-07-10 08:29:00,CNR3418934263,Success,CID717986,Mini,BTM Layout,Koramangala,280.0,125.0,Not Applicable,Not Applicable,No,Not Applicable,1966,Cash,30,4.9,3.0
2024-07-16 05:39:00,CNR6646010559,Success,CID469552,Bike,Bellandur,BTM Layout,224.0,85.0,Not Applicable,Not Applicable,No,Not Applicable,812,UPI,48,4.9,4.0
2024-07-04 16:44:00,CNR9945667258,Success,CID341641,eBike,Bannerghatta Road,Shantinagar,112.0,115.0,Not Applicable,Not Applicable,No,Not Applicable,600,UPI,7,4.6,5.0
2024-07-28 17:27:00,CNR7636291703,Success,CID859516,Prime Plus,Sahakar Nagar,Malleshwaram,210.0,100.0,Not Applicable,Not Applicable,No,Not Applicable,468,Cash,44,4.9,3.1
2024-07-07 17:57:00,CNR7439062361,Success,CID540932,eBike,KR Puram,Hulimavu,308.0,65.0,Not Applicable,Not Applicable,No,Not Applicable,383,Cash,36,3.4,4.3
2024-07-22 07:21:00,CNR7253309077,Success,CID483883,Auto,JP Nagar,Whitefield,154.0,105.0,Not Applicable,Not Applicable,No,Not Applicable,245,Cash,8,4.5,4.6
2024-07-26 01:12:00,CNR9743580240,Success,CID545264,Prime SUV,Yelahanka,Hebbal,224.0,35.0,Not Applicable,Not Applicable,No,Not Applicable,582,Cash,13,4.4,4.5
2024-07-23 11:36:00,CNR2850441814,Success,CID788441,Prime Sedan,Langford Town,Jayanagar,287.0,75.0,Not Applicable,Not Applicable,No,Not Applicable,1429,UPI,35,3.3,4.0
2024-07-05 10:17:00,CNR7950719435,Success,CID263529,Mini,Malleshwaram,Banashankari,217.0,25.0,Not Applicable,Not Applicable,No,Not Applicable,2958,Cash,47,4.4,4.6
2024-07-03 06:08:00,CNR1493445556,Success,CID169953,Mini,Chickpet,Yelahanka,196.0,65.0,Not Applicable,Not Applicable,No,Not Applicable,2167,UPI,12,3.4,4.0
2024-07-13 02:17:00,CNR3411723338,Success,CID426130,Mini,Electronic City,Jayanagar,217.0,130.0,Not Applicable,Not Applicable,No,Not Applicable,247,Credit Card,4,3.6,4.4
2024-07-30 08:58:00,CNR6659496919,Driver Not Found,CID858525,Prime Sedan,Shivajinagar,Varthur,,,Not Applicable,Not Applicable,Not Applicable,Not Applicable,206,Not Applicable,0,,
2024-07-09 20:36:00,CNR4607317573,Success,CID650909,Prime SUV,Richmond Town,JP Nagar,126.0,95.0,Not Applicable,Not Applicable,No,Not Applicable,1860,Cash,49,3.4,3.4
2024-07-01 05:37:00,CNR3054098151,Success,CID190215,Bike,JP Nagar,Electronic City,91.0,65.0,Not Applicable,Not Applicable,No,Not Applicable,132,Cash,38,4.7,3.4
2024-07-11 18:17:00,CNR8866805630,Success,CID124074,Prime Sedan,Ramamurthy Nagar,Sahakar Nagar,154.0,125.0,Not Applicable,Not Applicable,No,Not Applicable,137,Cash,5,3.5,3.1
2024-07-01 10:37:00,CNR4648886888,Canceled by Driver,CID207599,Bike,Varthur,Peenya,,,Not Applicable,Customer related issue,Not Applicable,Not Applicable,155,Not Applicable,0,,
2024-07-20 02:35:00,CNR4214476063,Canceled by Driver,CID872968,Prime Sedan,Mysore Road,Langford Town,,,Not Applicable,Customer was coughing/sick,Not Applicable,Not Applicable,788,Not Applicable,0,,
2024-07-12 19:41:00,CNR2789757192,Driver Not Found,CID675288,Prime SUV,Yelahanka,Chickpet,,,Not Applicable,Not Applicable,Not Applicable,Not Applicable,661,Not Applicable,0,,
2024-07-28 21:10:00,CNR8583015812,Success,CID646569,Bike,Devanahalli,Frazer Town,161.0,90.0,Not Applicable,Not Applicable,No,Not Applicable,442,UPI,32,3.6,4.4
2024-07-27 10:56:00,CNR6893510194,Success,CID499295,eBike,Cox Town,Mysore Road,224.0,70.0,Not Applicable,Not Applicable,No,Not Applicable,291,Cash,14,3.2,4.5
2024-07-13 10:45:00,CNR4215223844,Canceled by Driver,CID230377,Prime SUV,Malleshwaram,Nagarbhavi,,,Not Applicable,Customer was coughing/sick,Not Applicable,Not Applicable,2441,Not Applicable,0,,
2024-07-10 09:23:00,CNR6867039327,Canceled by Customer,CID840928,Auto,Hennur,Yeshwanthpur,,,Driver asked to cancel,Not Applicable,Not Applicable,Not Applicable,487,Not Applicable,0,,
2024-07-29 01:04:00,CNR9174565519,Success,CID314843,Prime Plus,Jayanagar,Majestic,35.0,95.0,Not Applicable,Not Applicable,No,Not Applicable,163,Cash,7,4.3,4.6
2024-07-21 21:33:00,CNR1662798956,Canceled by Driver,CID260253,Prime SUV,Banashankari,Langford Town,,,Not Applicable,Personal & Car related issue,Not Applicable,Not Applicable,444,Not Applicable,0,,
2024-07-22 14:01:00,CNR9300065600,Success,CID436460,Prime Plus,Malleshwaram,Kadugodi,105.0,130.0,Not Applicable,Not Applicable,No,Not Applicable,392,UPI,43,3.9,3.8
2024-07-18 07:57:00,CNR5465602373,Canceled by Driver,CID241334,Auto,Tumkur Road,Shivajinagar,,,Not Applicable,Customer was coughing/sick,Not Applicable,Not Applicable,317,Not Applicable,0,,
2024-07-20 16:11:00,CNR6298698698,Canceled by Driver,CID950443,eBike,Sarjapur Road,MG Road,,,Not Applicable,Customer related issue,Not Applicable,Not Applicable,364,Not Applicable,0,,
2024-07-08 00:39:00,CNR3718911443,Driver Not Found,CID940592,Prime Sedan,Hosur Road,Tumkur Road,,,Not Applicable,Not Applicable,Not Applicable,Not Applicable,806,Not Applicable,0,,
2024-07-26 13:28:00,CNR1649566809,Canceled by Customer,CID987018,eBike,Cox Town,Nagarbhavi,,,AC is Not working,Not Applicable,Not Applicable,Not Applicable,255,Not Applicable,0,,
2024-07-04 09:57:00,CNR3636285098,Success,CID698372,Prime Plus,Hebbal,Marathahalli,280.0,70.0,Not Applicable,Not Applicable,No,Not Applicable,168,Cash,27,3.5,4.3
2024-07-03 00:32:00,CNR6339935582,Canceled by Driver,CID767070,eBike,Tumkur Road,Ulsoor,,,Not Applicable,Personal & Car related issue,Not Applicable,Not Applicable,305,Not Applicable,0,,
2024-07-05 19:11:00,CNR4710618674,Success,CID389719,Prime Sedan,Koramangala,JP Nagar,294.0,65.0,Not Applicable,Not Applicable,No,Not Applicable,388,UPI,38,4.1,4.1
2024-07-16 05:15:00,CNR6676504228,Success,CID337692,Auto,Indiranagar,Hennur,70.0,50.0,Not Applicable,Not Applicable,No,Not Applicable,2007,UPI,14,4.8,3.9
2024-07-10 16:57:00,CNR7979527851,Canceled by Driver,CID369370,eBike,JP Nagar,Varthur,,,Not Applicable,More than permitted people in there,Not Applicable,Not Applicable,571,Not Applicable,0,,
2024-07-28 13:28:00,CNR3418405661,Canceled by Customer,CID981010,Prime SUV,Rajarajeshwari Nagar,Yeshwanthpur,,,Driver asked to cancel,Not Applicable,Not Applicable,Not Applicable,2831,Not Applicable,0,,
2024-07-01 06:09:00,CNR6120560080,Success,CID601960,Prime Sedan,Bannerghatta Road,Shantinagar,224.0,120.0,Not Applicable,Not Applicable,No,Not Applicable,105,Cash,32,4.7,3.5
2024-07-05 09:13:00,CNR7655626549,Canceled by Customer,CID344946,Prime Plus,Koramangala,Vijayanagar,,,Change of plans,Not Applicable,Not Applicable,Not Applicable,196,Not Applicable,0,,
2024-07-21 19:00:00,CNR3136255687,Success,CID102470,Prime Sedan,Whitefield,Majestic,259.0,45.0,Not Applicable,Not Applicable,No,Not Applicable,394,UPI,40,4.3,4.3
2024-07-10 19:19:00,CNR3636324132,Driver Not Found,CID407947,Prime SUV,Bellandur,Hennur,,,Not Applicable,Not Applicable,Not Applicable,Not Applicable,489,Not Applicable,0,,
2024-07-29 17:27:00,CNR9471658505,Success,CID677453,Prime SUV,Hosur Road,Ramamurthy Nagar,98.0,45.0,Not Applicable,Not Applicable,No,Not Applicable,100,UPI,22,3.7,4.9
2024-07-12 00:27:00,CNR1473142275,Canceled by Customer,CID388361,Auto,Nagarbhavi,JP Nagar,,,Driver asked to cancel,Not Applicable,Not Applicable,Not Applicable,790,Not Applicable,0,,
2024-07-01 03:02:00,CNR7582144800,Success,CID935975,Prime Sedan,BTM Layout,Kengeri,301.0,55.0,Not Applicable,Not Applicable,No,Not Applicable,952,UPI,16,3.7,4.3
2024-07-10 12:12:00,CNR3824557366,Canceled by Driver,CID703180,Mini,Indiranagar,Banashankari,,,Not Applicable,Customer was coughing/sick,Not Applicable,Not Applicable,349,Not Applicable,0,,
2024-07-08 10:56:00,CNR3107507291,Success,CID780757,Prime SUV,Varthur,Shivajinagar,70.0,120.0,Not Applicable,Not Applicable,No,Not Applicable,1775,Cash,48,4.1,4.7
2024-07-26 14:49:00,CNR5118674765,Success,CID759518,Auto,Malleshwaram,Kammanahalli,154.0,125.0,Not Applicable,Not Applicable,No,Not Applicable,314,Cash,12,3.1,3.9
2024-07-26 20:28:00,CNR2987599711,Success,CID335400,Auto,Kammanahalli,Basavanagudi,182.0,45.0,Not Applicable,Not Applicable,No,Not Applicable,479,UPI,19,3.8,4.9
2024-07-21 18:37:00,CNR4744152045,Canceled by Driver,CID911706,Bike,Bannerghatta Road,Kammanahalli,,,Not Applicable,Personal & Car related issue,Not Applicable,Not Applicable,505,Not Applicable,0,,
2024-07-15 06:19:00,CNR5867805590,Driver Not Found,CID741948,Bike,Shantinagar,Peenya,,,Not Applicable,Not Applicable,Not Applicable,Not Applicable,2622,Not Applicable,0,,
2024-07-01 05:18:00,CNR4649884783,Canceled by Driver,CID481590,Prime SUV,Padmanabhanagar,BTM Layout,,,Not Applicable,Customer related issue,Not Applicable,Not Applicable,474,Not Applicable,0,,
2024-07-25 18:33:00,CNR8843549038,Success,CID633026,Prime Plus,Cox Town,JP Nagar,105.0,145.0,Not Applicable,Not Applicable,No,Not Applicable,611,UPI,20,3.5,4.6
2024-07-08 18:45:00,CNR4790901548,Canceled by Driver,CID256559,Prime Sedan,KR Puram,Varthur,,,Not Applicable,Personal & Car related issue,Not Applicable,Not Applicable,544,Not Applicable,0,,
2024-07-25 05:36:00,CNR7171672256,Success,CID528576,Prime Sedan,Magadi Road,Devanahalli,210.0,140.0,Not Applicable,Not Applicable,No,Not Applicable,124,Cash,8,4.9,3.7
2024-07-11 19:24:00,CNR3855021177,Success,CID464381,Bike,BTM Layout,Padmanabhanagar,217.0,130.0,Not Applicable,Not Applicable,No,Not Applicable,480,UPI,43,4.6,4.5
2024-07-17 19:28:00,CNR1247661403,Success,CID195249,eBike,JP Nagar,Peenya,231.0,105.0,Not Applicable,Not Applicable,No,Not Applicable,436,UPI,32,4.1,4.7
2024-07-15 21:26:00,CNR5854911932,Success,CID198791,eBike,Indiranagar,Ramamurthy Nagar,231.0,25.0,Not Applicable,Not Applicable,Yes,Customer Demand,296,UPI,2,4.8,4.7
2024-07-22 18:55:00,CNR4546333828,Success,CID702414,Auto,Devanahalli,Vijayanagar,35.0,125.0,Not Applicable,Not Applicable,No,Not Applicable,259,Cash,13,3.0,3.2
2024-07-01 23:06:00,CNR3523238788,Success,CID620643,Prime Plus,JP Nagar,Padmanabhanagar,63.0,125.0,Not Applicable,Not Applicable,No,Not Applicable,109,Cash,37,3.3,4.7
2024-07-14 19:10:00,CNR7430025031,Canceled by Customer,CID322384,Bike,BTM Layout,Magadi Road,,,AC is Not working,Not Applicable,Not Applicable,Not Applicable,351,Not Applicable,0,,
2024-07-10 14:19:00,CNR2027736581,Driver Not Found,CID670541,Prime Sedan,Bellandur,Whitefield,,,Not Applicable,Not Applicable,Not Applicable,Not Applicable,333,Not Applicable,0,,
2024-07-16 01:06:00,CNR9792531129,Success,CID853577,Prime Sedan,Shantinagar,Bellandur,133.0,75.0,Not Applicable,Not Applicable,No,Not Applicable,109,UPI,19,4.8,4.9
2024-07-23 02:48:00,CNR4193895167,Canceled by Customer,CID749338,Bike,MG Road,Hulimavu,,,AC is Not working,Not Applicable,Not Applicable,Not Applicable,2660,Not Applicable,0,,
2024-07-09 15:02:00,CNR3074683583,Success,CID633158,Auto,BTM Layout,BTM Layout,56.0,125.0,Not Applicable,Not Applicable,No,Not Applicable,181,UPI,18,4.3,4.7
2024-07-30 00:13:00,CNR7250672751,Success,CID807147,Prime Sedan,Bannerghatta Road,Kammanahalli,133.0,75.0,Not Applicable,Not Applicable,No,Not Applicable,218,Cash,16,3.9,4.9
2024-07-25 18:20:00,CNR5618658459,Canceled by Customer,CID223282,Prime SUV,Rajajinagar,Sahakar Nagar,,,Change of plans,Not Applicable,Not Applicable,Not Applicable,239,Not Applicable,0,,
2024-07-04 19:20:00,CNR8814095558,Success,CID932200,Mini,Ramamurthy Nagar,Magadi Road,245.0,130.0,Not Applicable,Not Applicable,No,Not Applicable,356,UPI,8,3.1,4.9
2024-07-06 08:23:00,CNR8712617771,Success,CID910171,Bike,Yeshwanthpur,Basavanagudi,49.0,70.0,Not Applicable,Not Applicable,Yes,Vehicle Breakdown,154,Cash,42,3.7,3.6
2024-07-10 06:12:00,CNR6515052415,Success,CID243675,Prime Plus,Mysore Road,Hennur,70.0,140.0,Not Applicable,Not Applicable,No,Not Applicable,426,UPI,8,3.0,4.2
2024-07-27 11:51:00,CNR2570081899,Success,CID858375,Prime Sedan,Shivajinagar,Yelahanka,189.0,120.0,Not Applicable,Not Applicable,No,Not Applicable,290,Cash,28,3.2,3.4
2024-07-06 18:15:00,CNR1590112724,Success,CID819021,Prime Plus,Rajajinagar,Tumkur Road,182.0,75.0,Not Applicable,Not Applicable,No,Not Applicable,408,Cash,34,4.0,4.0
2024-07-15 10:35:00,CNR4337496171,Canceled by Customer,CID120046,eBike,KR Puram,MG Road,,,Change of plans,Not Applicable,Not Applicable,Not Applicable,355,Not Applicable,0,,
2024-07-22 02:14:00,CNR9138122354,Driver Not Found,CID662074,Prime Plus,JP Nagar,Rajajinagar,,,Not Applicable,Not Applicable,Not Applicable,Not Applicable,398,Not Applicable,0,,
2024-07-21 00:52:00,CNR9203672408,Canceled by Driver,CID831914,eBike,Indiranagar,Bannerghatta Road,,,Not Applicable,Customer was coughing/sick,Not Applicable,Not Applicable,880,Not Applicable,0,,
2024-07-20 01:24:00,CNR2347691711,Success,CID562521,Prime Plus,Bannerghatta Road,Ulsoor,217.0,130.0,Not Applicable,Not Applicable,No,Not Applicable,358,UPI,11,4.9,4.3
2024-07-25 09:12:00,CNR9531226422,Success,CID461141,Auto,Indiranagar,Yelahanka,119.0,25.0,Not Applicable,Not Applicable,No,Not Applicable,130,UPI,8,4.2,3.6
2024-07-02 20:57:00,CNR3527109570,Success,CID830311,Prime Plus,Ulsoor,Langford Town,56.0,125.0,Not Applicable,Not Applicable,No,Not Applicable,860,Cash,14,3.5,3.9
2024-07-29 04:30:00,CNR4818820759,Success,CID424052,eBike,Electronic City,Bellandur,196.0,130.0,Not Applicable,Not Applicable,No,Not Applicable,2417,Cash,30,3.8,4.3
2024-07-23 16:37:00,CNR3894691354,Success,CID299350,Bike,Langford Town,Mysore Road,112.0,130.0,Not Applicable,Not Applicable,No,Not Applicable,317,Credit Card,2,4.4,4.6
2024-07-17 08:18:00,CNR2320590168,Success,CID325186,Prime Sedan,Malleshwaram,Devanahalli,91.0,85.0,Not Applicable,Not Applicable,No,Not Applicable,129,UPI,8,4.7,4.5
2024-07-16 00:56:00,CNR3504096017,Success,CID347905,Prime Plus,Rajajinagar,Bellandur,182.0,85.0,Not Applicable,Not Applicable,No,Not Applicable,301,Cash,41,3.3,3.5
2024-07-30 07:23:00,CNR2574794537,Canceled by Driver,CID267131,Bike,Richmond Town,HSR Layout,,,Not Applicable,Personal & Car related issue,Not Applicable,Not Applicable,197,Not Applicable,0,,
2024-07-05 02:43:00,CNR8258010671,Canceled by Customer,CID324432,eBike,Nagarbhavi,Yeshwanthpur,,,Driver asked to cancel,Not Applicable,Not Applicable,Not Applicable,458,Not Applicable,0,,
2024-07-03 01:11:00,CNR7296690454,Canceled by Driver,CID642277,Auto,Peenya,Richmond Town,,,Not Applicable,Customer related issue,Not Applicable,Not Applicable,666,Not Applicable,0,,
2024-07-09 10:56:00,CNR9827204129,Success,CID160000,Mini,Hebbal,BTM Layout,49.0,145.0,Not Applicable,Not Applicable,No,Not Applicable,317,UPI,12,3.6,3.9
2024-07-05 12:12:00,CNR5872450535,Success,CID962203,Mini,Basavanagudi,Hennur,84.0,145.0,Not Applicable,Not Applicable,No,Not Applicable,279,Cash,14,4.2,3.3
2024-07-14 01:43:00,CNR6615496793,Success,CID268565,Prime SUV,BTM Layout,Kammanahalli,182.0,120.0,Not Applicable,Not Applicable,No,Not Applicable,450,Cash,46,3.3,4.4
2024-07-03 19:14:00,CNR8703037590,Canceled by Driver,CID416323,Auto,Sahakar Nagar,Magadi Road,,,Not Applicable,Personal & Car related issue,Not Applicable,Not Applicable,229,Not Applicable,0,,
2024-07-03 17:11:00,CNR9013221815,Driver Not Found,CID458349,Prime SUV,Vijayanagar,Cox Town,,,Not Applicable,Not Applicable,Not Applicable,Not Applicable,345,Not Applicable,0,,
2024-07-11 05:47:00,CNR3507573512,Success,CID582640,Prime SUV,Kengeri,Koramangala,70.0,135.0,Not Applicable,Not Applicable,No,Not Applicable,760,UPI,31,5.0,3.3
2024-07-24 23:07:00,CNR9346382770,Canceled by Driver,CID603179,eBike,Basavanagudi,Chickpet,,,Not Applicable,Personal & Car related issue,Not Applicable,Not Applicable,811,Not Applicable,0,,
2024-07-22 07:43:00,CNR2924828966,Success,CID877394,Prime SUV,Sarjapur Road,Banashankari,273.0,25.0,Not Applicable,Not Applicable,No,Not Applicable,443,Cash,5,3.6,3.7
2024-07-09 15:24:00,CNR5133120934,Success,CID187453,eBike,JP Nagar,Ramamurthy Nagar,189.0,85.0,Not Applicable,Not Applicable,No,Not Applicable,679,Cash,46,3.9,3.7
2024-07-02 13:44:00,CNR3729031659,Success,CID690092,Prime SUV,Malleshwaram,Chickpet,105.0,40.0,Not Applicable,Not Applicable,No,Not Applicable,250,UPI,22,3.5,3.6
2024-07-15 23:33:00,CNR4615784847,Canceled by Driver,CID268053,Auto,Peenya,Electronic City,,,Not Applicable,Personal & Car related issue,Not Applicable,Not Applicable,779,Not Applicable,0,,
2024-07-09 22:54:00,CNR8454910022,Success,CID520438,Mini,Kadugodi,Varthur,147.0,65.0,Not Applicable,Not Applicable,No,Not Applicable,325,Cash,5,4.3,3.5
2024-07-19 23:15:00,CNR3844628728,Canceled by Driver,CID786492,Bike,Kammanahalli,Marathahalli,,,Not Applicable,Customer related issue,Not Applicable,Not Applicable,227,Not Applicable,0,,
2024-07-10 14:56:00,CNR6708189827,Canceled by Customer,CID542119,Prime SUV,Marathahalli,Hulimavu,,,Driver asked to cancel,Not Applicable,Not Applicable,Not Applicable,347,Not Applicable,0,,
2024-07-09 04:56:00,CNR3318601607,Success,CID694703,eBike,KR Puram,Nagarbhavi,105.0,35.0,Not Applicable,Not Applicable,No,Not Applicable,953,Cash,21,4.7,4.4
2024-07-12 01:46:00,CNR5999474406,Success,CID397170,Bike,Shivajinagar,Frazer Town,287.0,110.0,Not Applicable,Not Applicable,No,Not Applicable,271,Credit Card,11,4.8,4.3
2024-07-22 17:57:00,CNR8248186837,Canceled by Driver,CID379494,Prime Sedan,KR Puram,Rajarajeshwari Nagar,,,Not Applicable,More than permitted people in there,Not Applicable,Not Applicable,224,Not Applicable,0,,
2024-07-30 21:54:00,CNR6770452731,Success,CID730989,Prime Sedan,Yeshwanthpur,Rajarajeshwari Nagar,252.0,145.0,Not Applicable,Not Applicable,No,Not Applicable,395,Cash,30,4.8,4.7
2024-07-29 00:20:00,CNR7116592796,Success,CID330894,Prime Plus,Hosur Road,JP Nagar,154.0,145.0,Not Applicable,Not Applicable,No,Not Applicable,725,Cash,27,4.4,3.7
2024-07-06 13:43:00,CNR8386516839,Success,CID910914,Auto,MG Road,Majestic,217.0,135.0,Not Applicable,Not Applicable,No,Not Applicable,911,UPI,14,4.1,4.8
2024-07-16 02:01:00,CNR6985692164,Success,CID275549,Prime Sedan,Majestic,Kadugodi,112.0,95.0,Not Applicable,Not Applicable,No,Not Applicable,378,Cash,21,3.3,3.7
2024-07-10 16:34:00,CNR5447064316,Success,CID786351,eBike,BTM Layout,Kammanahalli,210.0,145.0,Not Applicable,Not Applicable,No,Not Applicable,705,Cash,42,3.9,3.5
2024-07-06 07:29:00,CNR9255179585,Success,CID956645,eBike,Majestic,Shivajinagar,280.0,70.0,Not Applicable,Not Applicable,No,Not Applicable,477,Cash,11,3.1,4.8
2024-07-15 10:42:00,CNR3031857083,Canceled by Customer,CID199444,Mini,Yelahanka,Basavanagudi,,,Driver is not moving towards pickup location,Not Applicable,Not Applicable,Not Applicable,419,Not Applicable,0,,
2024-07-01 23:28:00,CNR7995657777,Success,CID350952,Bike,BTM Layout,MG Road,63.0,115.0,Not Applicable,Not Applicable,No,Not Applicable,305,UPI,47,3.8,4.7
2024-07-18 01:07:00,CNR6570219202,Success,CID214488,Prime Sedan,Magadi Road,Jayanagar,182.0,115.0,Not Applicable,Not Applicable,No,Not Applicable,478,UPI,32,3.3,4.9
2024-07-03 07:01:00,CNR2175222282,Success,CID179495,Mini,Shivajinagar,Frazer Town,63.0,75.0,Not Applicable,Not Applicable,No,Not Applicable,2198,UPI,46,4.4,4.5
2024-07-08 11:49:00,CNR3268925038,Success,CID664352,Mini,Magadi Road,Devanahalli,252.0,120.0,Not Applicable,Not Applicable,No,Not Applicable,2013,Cash,44,3.2,3.6
2024-07-17 18:22:00,CNR7513601521,Canceled by Driver,CID446387,Prime Plus,Hebbal,Tumkur Road,,,Not Applicable,Customer was coughing/sick,Not Applicable,Not Applicable,285,Not Applicable,0,,
2024-07-17 18:04:00,CNR3186635407,Success,CID527840,Prime Plus,Padmanabhanagar,Tumkur Road,70.0,80.0,Not Applicable,Not Applicable,No,Not Applicable,272,Cash,23,4.8,3.3
2024-07-03 15:44:00,CNR1755630211,Canceled by Driver,CID800474,Prime SUV,Bellandur,Bannerghatta Road,,,Not Applicable,More than permitted people in there,Not Applicable,Not Applicable,673,Not Applicable,0,,
2024-07-12 09:13:00,CNR6394523193,Success,CID500658,eBike,Shantinagar,Shivajinagar,140.0,55.0,Not Applicable,Not Applicable,No,Not Applicable,273,Cash,37,3.8,3.3
2024-07-02 04:35:00,CNR5286325001,Success,CID801642,Prime SUV,Hosur Road,Marathahalli,63.0,145.0,Not Applicable,Not Applicable,No,Not Applicable,110,UPI,48,3.8,4.5
2024-07-24 02:44:00,CNR7483431526,Success,CID434300,Prime Plus,Nagarbhavi,Magadi Road,273.0,120.0,Not Applicable,Not Applicable,No,Not Applicable,652,Debit Card,25,3.7,4.1
2024-07-06 02:07:00,CNR3159459850,Success,CID763632,eBike,Langford Town,Kengeri,182.0,125.0,Not Applicable,Not Applicable,No,Not Applicable,159,Cash,26,3.3,4.2
2024-07-24 07:31:00,CNR4714159710,Canceled by Driver,CID771828,Prime SUV,JP Nagar,Kadugodi,,,Not Applicable,Customer was coughing/sick,Not Applicable,Not Applicable,441,Not Applicable,0,,
2024-07-20 20:00:00,CNR3598043773,Success,CID550730,Mini,Rajajinagar,Marathahalli,231.0,80.0,Not Applicable,Not Applicable,No,Not Applicable,531,UPI,34,4.2,4.9
2024-07-05 04:42:00,CNR5517178466,Driver Not Found,CID835071,Prime Sedan,Chickpet,Malleshwaram,,,Not Applicable,Not Applicable,Not Applicable,Not Applicable,112,Not Applicable,0,,
2024-07-24 22:54:00,CNR2440063047,Success,CID494512,Auto,Devanahalli,Majestic,112.0,25.0,Not Applicable,Not Applicable,No,Not Applicable,2206,Cash,12,4.7,3.5
2024-07-04 23:46:00,CNR8045249204,Success,CID848646,Auto,Chamarajpet,Langford Town,231.0,115.0,Not Applicable,Not Applicable,No,Not Applicable,776,Cash,4,4.2,4.0
2024-07-28 14:41:00,CNR9903168521,Success,CID850963,Bike,Chickpet,Bellandur,301.0,115.0,Not Applicable,Not Applicable,No,Not Applicable,404,UPI,32,3.6,4.8
2024-07-27 19:34:00,CNR2357634704,Canceled by Customer,CID647183,Auto,Vijayanagar,RT Nagar,,,Driver asked to cancel,Not Applicable,Not Applicable,Not Applicable,310,Not Applicable,0,,
2024-07-01 23:25:00,CNR2353073941,Canceled by Driver,CID916312,Bike,Marathahalli,BTM Layout,,,Not Applicable,Customer was coughing/sick,Not Applicable,Not Applicable,629,Not Applicable,0,,
2024-07-24 10:50:00,CNR6869238711,Canceled by Customer,CID514818,Prime SUV,Whitefield,Ulsoor,,,Wrong Address,Not Applicable,Not Applicable,Not Applicable,802,Not Applicable,0,,
2024-07-22 03:25:00,CNR8684034341,Success,CID625375,Prime SUV,Magadi Road,Devanahalli,119.0,30.0,Not Applicable,Not Applicable,No,Not Applicable,612,Cash,10,4.7,3.7
2024-07-29 13:47:00,CNR5045908474,Success,CID614018,Prime SUV,HSR Layout,Padmanabhanagar,91.0,120.0,Not Applicable,Not Applicable,No,Not Applicable,394,Cash,8,4.6,4.4
2024-07-14 16:34:00,CNR2231402686,Success,CID914425,Prime Plus,Kengeri,JP Nagar,105.0,100.0,Not Applicable,Not Applicable,No,Not Applicable,119,UPI,14,3.5,3.2
2024-07-21 01:15:00,CNR6619058996,Driver Not Found,CID801238,Prime SUV,Devanahalli,Sahakar Nagar,,,Not Applicable,Not Applicable,Not Applicable,Not Applicable,213,Not Applicable,0,,
2024-07-10 05:09:00,CNR2100035893,Canceled by Driver,CID430387,Bike,JP Nagar,Mysore Road,,,Not Applicable,Personal & Car related issue,Not Applicable,Not Applicable,287,Not Applicable,0,,
2024-07-15 16:44:00,CNR2701932574,Canceled by Driver,CID676647,Bike,Magadi Road,RT Nagar,,,Not Applicable,Personal & Car related issue,Not Applicable,Not Applicable,435,Not Applicable,0,,
2024-07-06 09:21:00,CNR4914092711,Success,CID373840,Prime Sedan,Sarjapur Road,RT Nagar,154.0,105.0,Not Applicable,Not Applicable,No,Not Applicable,655,Credit Card,14,4.7,4.9
2024-07-09 11:29:00,CNR2252542553,Success,CID249551,Prime Sedan,Varthur,Varthur,189.0,140.0,Not Applicable,Not Applicable,No,Not Applicable,152,UPI,45,4.4,4.9
2024-07-01 22:25:00,CNR6640236555,Success,CID860441,Mini,Majestic,Sarjapur Road,119.0,115.0,Not Applicable,Not Applicable,No,Not Applicable,2552,Cash,42,4.5,4.7
2024-07-01 14:48:00,CNR9609893551,Driver Not Found,CID125215,Auto,Richmond Town,RT Nagar,,,Not Applicable,Not Applicable,Not Applicable,Not Applicable,678,Not Applicable,0,,
2024-07-27 11:14:00,CNR4903871749,Success,CID689001,Auto,Vijayanagar,Frazer Town,63.0,105.0,Not Applicable,Not Applicable,Yes,Other Issue,217,Credit Card,1,3.4,3.9
2024-07-20 12:20:00,CNR8248657294,Canceled by Customer,CID945694,Prime SUV,MG Road,Cox Town,,,Driver asked to cancel,Not Applicable,Not Applicable,Not Applicable,306,Not Applicable,0,,
2024-07-21 17:08:00,CNR3803440832,Success,CID392414,Prime Sedan,Whitefield,Chamarajpet,252.0,40.0,Not Applicable,Not Applicable,No,Not Applicable,402,Cash,36,3.3,4.1
2024-07-29 17:11:00,CNR7849971813,Canceled by Customer,CID122067,Bike,Kengeri,Shivajinagar,,,Driver is not moving towards pickup location,Not Applicable,Not Applicable,Not Applicable,129,Not Applicable,0,,
2024-07-19 12:54:00,CNR9612305501,Canceled by Customer,CID941579,Mini,Jayanagar,Peenya,,,Driver asked to cancel,Not Applicable,Not Applicable,Not Applicable,438,Not Applicable,0,,
2024-07-13 03:25:00,CNR3876207856,Canceled by Customer,CID349144,eBike,Devanahalli,Ulsoor,,,Driver asked to cancel,Not Applicable,Not Applicable,Not Applicable,442,Not Applicable,0,,
2024-07-13 18:59:00,CNR7152164159,Success,CID510909,Mini,Marathahalli,Marathahalli,203.0,120.0,Not Applicable,Not Applicable,No,Not Applicable,437,UPI,32,3.1,3.6
2024-07-26 05:09:00,CNR9107422977,Success,CID449741,Auto,Hulimavu,Peenya,147.0,45.0,Not Applicable,Not Applicable,No,Not Applicable,100,Cash,10,4.6,3.5
2024-07-28 04:48:00,CNR7573230231,Success,CID670745,Prime Sedan,Sarjapur Road,Cox Town,70.0,30.0,Not Applicable,Not Applicable,No,Not Applicable,761,Cash,26,4.2,4.8
2024-07-12 05:40:00,CNR7786511053,Canceled by Driver,CID662164,Auto,Bannerghatta Road,Rajajinagar,,,Not Applicable,Personal & Car related issue,Not Applicable,Not Applicable,524,Not Applicable,0,,
2024-07-09 19:09:00,CNR3136901356,Success,CID782838,Prime SUV,Koramangala,Bannerghatta Road,70.0,95.0,Not Applicable,Not Applicable,No,Not Applicable,808,Cash,38,4.7,4.7
2024-07-12 06:09:00,CNR7337423089,Success,CID703105,Prime Sedan,Cox Town,HSR Layout,294.0,85.0,Not Applicable,Not Applicable,No,Not Applicable,751,UPI,48,4.9,3.8
2024-07-17 22:03:00,CNR4477288395,Canceled by Driver,CID850192,Prime Sedan,Shantinagar,Basavanagudi,,,Not Applicable,Customer was coughing/sick,Not Applicable,Not Applicable,203,Not Applicable,0,,
2024-07-12 18:05:00,CNR4211021734,Success,CID534027,eBike,Malleshwaram,Bannerghatta Road,294.0,135.0,Not Applicable,Not Applicable,No,Not Applicable,2764,Cash,40,4.4,3.7
2024-07-30 15:13:00,CNR6016985315,Success,CID228296,Bike,Ramamurthy Nagar,Basavanagudi,259.0,135.0,Not Applicable,Not Applicable,No,Not Applicable,318,Cash,19,4.6,3.5
2024-07-27 01:50:00,CNR4438414427,Success,CID478358,Mini,Rajarajeshwari Nagar,Banashankari,301.0,100.0,Not Applicable,Not Applicable,No,Not Applicable,145,UPI,4,4.0,4.5
2024-07-02 16:38:00,CNR3456919066,Success,CID705891,Prime Sedan,Padmanabhanagar,Langford Town,91.0,75.0,Not Applicable,Not Applicable,No,Not Applicable,256,Cash,14,3.2,3.8
2024-07-30 17:59:00,CNR2951451636,Success,CID387903,Bike,Kammanahalli,Kadugodi,308.0,110.0,Not Applicable,Not Applicable,No,Not Applicable,267,Cash,33,3.4,4.5
2024-07-15 08:55:00,CNR9881062539,Success,CID324250,Bike,Basavanagudi,Bellandur,308.0,50.0,Not Applicable,Not Applicable,No,Not Applicable,126,Cash,21,3.7,4.0
2024-07-29 23:04:00,CNR3304577566,Driver Not Found,CID503070,Prime Sedan,MG Road,BTM Layout,,,Not Applicable,Not Applicable,Not Applicable,Not Applicable,934,Not Applicable,0,,
2024-07-17 01:07:00,CNR1263827748,Success,CID239504,Auto,Nagarbhavi,Frazer Town,203.0,115.0,Not Applicable,Not Applicable,No,Not Applicable,174,UPI,16,5.0,3.4
2024-07-22 12:04:00,CNR7735160357,Canceled by Customer,CID677475,eBike,Hulimavu,BTM Layout,,,AC is Not working,Not Applicable,Not Applicable,Not Applicable,422,Not Applicable,0,,
2024-07-05 07:52:00,CNR1818626362,Driver Not Found,CID146561,eBike,Yeshwanthpur,Whitefield,,,Not Applicable,Not Applicable,Not Applicable,Not Applicable,351,Not Applicable,0,,
2024-07-23 23:38:00,CNR3823983402,Driver Not Found,CID264806,Auto,Chickpet,Cox Town,,,Not Applicable,Not Applicable,Not Applicable,Not Applicable,226,Not Applicable,0,,
2024-07-27 16:44:00,CNR1938865574,Success,CID852055,Bike,BTM Layout,Rajajinagar,91.0,35.0,Not Applicable,Not Applicable,No,Not Applicable,147,Cash,18,4.1,4.0
2024-07-26 09:30:00,CNR8949072317,Success,CID481555,Prime SUV,Basavanagudi,Frazer Town,154.0,45.0,Not Applicable,Not Applicable,No,Not Applicable,159,Cash,19,5.0,5.0
2024-07-14 04:51:00,CNR1086793183,Success,CID332393,Prime Sedan,Jayanagar,Rajarajeshwari Nagar,266.0,65.0,Not Applicable,Not Applicable,No,Not Applicable,131,UPI,33,4.5,3.3
2024-07-08 17:06:00,CNR6800970697,Canceled by Customer,CID100146,Prime SUV,Koramangala,BTM Layout,,,Change of plans,Not Applicable,Not Applicable,Not Applicable,210,Not Applicable,0,,
2024-07-17 17:27:00,CNR9493187656,Canceled by Driver,CID546978,Auto,Rajarajeshwari Nagar,Mysore Road,,,Not Applicable,Personal & Car related issue,Not Applicable,Not Applicable,509,Not Applicable,0,,
2024-07-30 18:51:00,CNR9649204999,Canceled by Driver,CID737023,Auto,KR Puram,Indiranagar,,,Not Applicable,Personal & Car related issue,Not Applicable,Not Applicable,351,Not Applicable,0,,
2024-07-04 22:15:00,CNR2009795196,Success,CID465748,Prime SUV,Rajarajeshwari Nagar,Varthur,42.0,130.0,Not Applicable,Not Applicable,No,Not Applicable,396,Cash,15,4.6,3.8
2024-07-04 12:11:00,CNR5233969399,Success,CID871804,Auto,Bannerghatta Road,Sarjapur Road,196.0,60.0,Not Applicable,Not Applicable,No,Not Applicable,380,UPI,6,4.1,4.4
2024-07-23 02:33:00,CNR8460585036,Canceled by Driver,CID630118,Auto,Langford Town,Majestic,,,Not Applicable,More than permitted people in there,Not Applicable,Not Applicable,1638,Not Applicable,0,,
2024-07-22 23:46:00,CNR8559834264,Success,CID698818,Mini,Sarjapur Road,BTM Layout,175.0,70.0,Not Applicable,Not Applicable,No,Not Applicable,255,Cash,17,4.7,3.1
2024-07-14 18:34:00,CNR1788350362,Success,CID468167,Bike,Electronic City,Sahakar Nagar,203.0,105.0,Not Applicable,Not Applicable,No,Not Applicable,843,UPI,35,4.0,3.7
2024-07-20 11:32:00,CNR7705992700,Success,CID477031,Bike,BTM Layout,Padmanabhanagar,63.0,60.0,Not Applicable,Not Applicable,No,Not Applicable,207,Cash,6,4.8,4.8
2024-07-27 10:41:00,CNR7979064467,Success,CID349593,Mini,Jayanagar,Shantinagar,273.0,30.0,Not Applicable,Not Applicable,No,Not Applicable,387,Cash,27,3.6,3.4
2024-07-29 17:03:00,CNR7364533234,Canceled by Driver,CID276747,eBike,Majestic,Ulsoor,,,Not Applicable,Customer related issue,Not Applicable,Not Applicable,379,Not Applicable,0,,
2024-07-17 14:36:00,CNR6498769059,Success,CID153676,Prime Sedan,Basavanagudi,Devanahalli,245.0,30.0,Not Applicable,Not Applicable,No,Not Applicable,668,Cash,26,3.7,4.1
2024-07-25 17:55:00,CNR1404353684,Success,CID275163,eBike,Sarjapur Road,Indiranagar,203.0,60.0,Not Applicable,Not Applicable,No,Not Applicable,837,UPI,25,3.4,3.1
2024-07-27 00:25:00,CNR4647907307,Success,CID585359,Mini,Shantinagar,Magadi Road,203.0,100.0,Not Applicable,Not Applicable,Yes,Vehicle Breakdown,840,Cash,3,3.6,4.4
2024-07-25 03:04:00,CNR6831871167,Success,CID200533,Prime Sedan,Hulimavu,Magadi Road,168.0,35.0,Not Applicable,Not Applicable,No,Not Applicable,321,UPI,21,4.4,4.5
2024-07-07 04:44:00,CNR2024810958,Success,CID945758,Bike,Langford Town,Jayanagar,42.0,115.0,Not Applicable,Not Applicable,No,Not Applicable,411,Cash,4,3.7,3.2
2024-07-18 20:33:00,CNR5559196571,Success,CID400351,Bike,Tumkur Road,Mysore Road,98.0,85.0,Not Applicable,Not Applicable,No,Not Applicable,121,Cash,11,3.6,4.7
2024-07-27 08:41:00,CNR2557304833,Canceled by Customer,CID828529,Bike,HSR Layout,Kammanahalli,,,Driver is not moving towards pickup location,Not Applicable,Not Applicable,Not Applicable,380,Not Applicable,0,,
2024-07-30 22:22:00,CNR4973401218,Success,CID414336,Mini,Electronic City,Hulimavu,35.0,45.0,Not Applicable,Not Applicable,No,Not Applicable,266,Cash,46,3.1,3.6
2024-07-27 14:27:00,CNR2536134557,Success,CID785149,Prime SUV,Devanahalli,Frazer Town,196.0,35.0,Not Applicable,Not Applicable,No,Not Applicable,126,UPI,2,3.1,3.9
2024-07-15 18:05:00,CNR8041060039,Success,CID200860,Prime Plus,RT Nagar,Bellandur,63.0,65.0,Not Applicable,Not Applicable,Yes,Customer Demand,411,Credit Card,11,4.5,4.5
2024-07-15 20:06:00,CNR8306478230,Success,CID262464,Bike,Koramangala,KR Puram,217.0,55.0,Not Applicable,Not Applicable,No,Not Applicable,821,UPI,7,3.7,3.7
2024-07-28 01:13:00,CNR2525110717,Success,CID714067,Prime SUV,Marathahalli,Shantinagar,49.0,95.0,Not Applicable,Not Applicable,No,Not Applicable,337,Cash,7,4.0,3.1
2024-07-17 16:31:00,CNR7793922116,Success,CID221318,eBike,Yelahanka,Indiranagar,308.0,80.0,Not Applicable,Not Applicable,No,Not Applicable,239,UPI,19,4.1,4.5
2024-07-16 15:21:00,CNR7418758248,Success,CID760972,Prime SUV,JP Nagar,Electronic City,189.0,110.0,Not Applicable,Not Applicable,No,Not Applicable,470,Cash,6,3.4,3.1
2024-07-29 07:55:00,CNR5997785228,Canceled by Driver,CID233100,Prime SUV,Chickpet,Hulimavu,,,Not Applicable,Personal & Car related issue,Not Applicable,Not Applicable,418,Not Applicable,0,,
2024-07-30 02:49:00,CNR9034912468,Success,CID659784,Prime Plus,Sahakar Nagar,BTM Layout,238.0,135.0,Not Applicable,Not Applicable,No,Not Applicable,216,Cash,27,4.5,4.2
2024-07-20 20:40:00,CNR8668976890,Success,CID777162,Auto,Marathahalli,Basavanagudi,273.0,50.0,Not Applicable,Not Applicable,No,Not Applicable,170,UPI,4,4.7,3.6
2024-07-19 22:00:00,CNR4093560358,Success,CID391001,Prime SUV,Varthur,Frazer Town,280.0,125.0,Not Applicable,Not Applicable,No,Not Applicable,467,UPI,14,3.2,3.3
2024-07-06 09:54:00,CNR7164178946,Success,CID762839,Prime Plus,MG Road,Yeshwanthpur,70.0,80.0,Not Applicable,Not Applicable,No,Not Applicable,275,Cash,22,4.2,4.3
2024-07-12 13:16:00,CNR7572683819,Success,CID895755,Prime Plus,Devanahalli,Shantinagar,84.0,90.0,Not Applicable,Not Applicable,No,Not Applicable,271,Cash,16,3.9,3.6
2024-07-11 08:29:00,CNR9060561021,Success,CID795171,Prime Plus,HSR Layout,MG Road,175.0,30.0,Not Applicable,Not Applicable,No,Not Applicable,375,UPI,12,3.4,3.9
2024-07-16 16:59:00,CNR2475283519,Success,CID813058,Bike,MG Road,Varthur,301.0,35.0,Not Applicable,Not Applicable,No,Not Applicable,2368,UPI,42,3.4,4.5
2024-07-29 20:33:00,CNR8221959123,Canceled by Driver,CID978691,eBike,Frazer Town,Marathahalli,,,Not Applicable,Personal & Car related issue,Not Applicable,Not Applicable,338,Not Applicable,0,,
2024-07-14 22:50:00,CNR4325270536,Success,CID613637,Auto,Hosur Road,Langford Town,231.0,95.0,Not Applicable,Not Applicable,No,Not Applicable,320,UPI,13,4.7,5.0
2024-07-22 00:52:00,CNR2820588561,Canceled by Driver,CID534828,Prime Sedan,Sahakar Nagar,Tumkur Road,,,Not Applicable,Customer related issue,Not Applicable,Not Applicable,656,Not Applicable,0,,
2024-07-03 16:02:00,CNR9549423873,Canceled by Customer,CID820128,Prime Plus,Richmond Town,Tumkur Road,,,AC is Not working,Not Applicable,Not Applicable,Not Applicable,220,Not Applicable,0,,
2024-07-05 00:11:00,CNR5423970997,Success,CID361709,Auto,Shantinagar,Magadi Road,252.0,95.0,Not Applicable,Not Applicable,No,Not Applicable,294,UPI,12,3.5,4.3
2024-07-10 05:21:00,CNR6743974850,Canceled by Driver,CID496655,Mini,Tumkur Road,Magadi Road,,,Not Applicable,Personal & Car related issue,Not Applicable,Not Applicable,916,Not Applicable,0,,
2024-07-07 09:07:00,CNR5949632038,Success,CID563842,Prime SUV,Varthur,Vijayanagar,287.0,130.0,Not Applicable,Not Applicable,No,Not Applicable,984,Cash,19,4.2,3.3
2024-07-29 10:17:00,CNR5940463945,Driver Not Found,CID160590,Prime Plus,Devanahalli,Richmond Town,,,Not Applicable,Not Applicable,Not Applicable,Not Applicable,448,Not Applicable,0,,
2024-07-13 14:57:00,CNR2756514790,Canceled by Customer,CID958453,eBike,Jayanagar,KR Puram,,,Driver is not moving towards pickup location,Not Applicable,Not Applicable,Not Applicable,251,Not Applicable,0,,
2024-07-26 07:14:00,CNR4244977884,Success,CID267208,Prime Plus,Ulsoor,Shivajinagar,217.0,30.0,Not Applicable,Not Applicable,No,Not Applicable,243,UPI,44,3.6,3.5
2024-07-12 23:10:00,CNR4287846634,Success,CID326460,Auto,Chamarajpet,Yeshwanthpur,77.0,140.0,Not Applicable,Not Applicable,No,Not Applicable,238,Cash,5,3.7,3.0
2024-07-02 07:00:00,CNR6905194688,Success,CID514244,Prime Sedan,Ramamurthy Nagar,Nagarbhavi,56.0,125.0,Not Applicable,Not Applicable,No,Not Applicable,250,UPI,11,3.8,4.1
2024-07-03 20:40:00,CNR5036860164,Canceled by Customer,CID899470,Mini,Hulimavu,Richmond Town,,,Change of plans,Not Applicable,Not Applicable,Not Applicable,439,Not Applicable,0,,
2024-07-05 15:51:00,CNR3813344160,Canceled by Driver,CID323796,Prime Plus,Tumkur Road,Yelahanka,,,Not Applicable,Customer related issue,Not Applicable,Not Applicable,111,Not Applicable,0,,
2024-07-21 02:02:00,CNR5221609783,Success,CID410841,Prime SUV,Varthur,Yeshwanthpur,196.0,130.0,Not Applicable,Not Applicable,Yes,Customer Demand,710,Cash,12,4.9,4.3
2024-07-09 12:05:00,CNR9429621079,Success,CID886483,Bike,Richmond Town,Yelahanka,189.0,60.0,Not Applicable,Not Applicable,No,Not Applicable,299,UPI,8,3.4,3.6
2024-07-19 08:08:00,CNR9650474121,Success,CID224626,Prime Plus,RT Nagar,Hosur Road,77.0,35.0,Not Applicable,Not Applicable,No,Not Applicable,293,Cash,48,4.8,3.6
2024-07-12 02:36:00,CNR2497860927,Success,CID895956,Auto,BTM Layout,Hennur,266.0,110.0,Not Applicable,Not Applicable,No,Not Applicable,1309,Cash,10,3.3,4.8
2024-07-04 13:30:00,CNR8709467122,Canceled by Driver,CID309063,Bike,Hennur,Padmanabhanagar,,,Not Applicable,Customer related issue,Not Applicable,Not Applicable,372,Not Applicable,0,,
2024-07-04 14:03:00,CNR8036584273,Canceled by Customer,CID242329,Mini,Banashankari,Chickpet,,,Change of plans,Not Applicable,Not Applicable,Not Applicable,400,Not Applicable,0,,
2024-07-08 01:19:00,CNR6762170397,Success,CID969928,eBike,Ulsoor,Marathahalli,294.0,70.0,Not Applicable,Not Applicable,No,Not Applicable,409,Cash,43,3.7,4.8
2024-07-21 02:33:00,CNR6220029745,Success,CID600115,Prime Plus,Indiranagar,Chickpet,161.0,120.0,Not Applicable,Not Applicable,No,Not Applicable,607,Cash,18,4.2,3.1
2024-07-24 04:17:00,CNR6030552933,Canceled by Customer,CID387597,Auto,Yelahanka,Rajajinagar,,,Driver asked to cancel,Not Applicable,Not Applicable,Not Applicable,461,Not Applicable,0,,
2024-07-03 21:45:00,CNR8358569346,Success,CID351541,Prime SUV,RT Nagar,Electronic City,84.0,30.0,Not Applicable,Not Applicable,No,Not Applicable,448,UPI,21,3.2,4.3
2024-07-10 16:34:00,CNR6394189812,Success,CID351405,Prime SUV,Cox Town,Malleshwaram,175.0,30.0,Not Applicable,Not Applicable,No,Not Applicable,1210,UPI,44,3.9,3.4
2024-07-18 00:26:00,CNR8201528673,Success,CID943507,Prime Sedan,Chickpet,Mysore Road,91.0,40.0,Not Applicable,Not Applicable,No,Not Applicable,273,Cash,35,4.6,3.0
2024-07-04 19:03:00,CNR8341643615,Success,CID561203,Prime SUV,Cox Town,Kadugodi,210.0,95.0,Not Applicable,Not Applicable,No,Not Applicable,214,UPI,2,3.6,5.0
2024-07-16 08:42:00,CNR7624875801,Canceled by Customer,CID724024,Prime Plus,Frazer Town,Whitefield,,,Driver is not moving towards pickup location,Not Applicable,Not Applicable,Not Applicable,434,Not Applicable,0,,
2024-07-18 11:08:00,CNR6760653800,Canceled by Driver,CID436423,eBike,Hennur,Bellandur,,,Not Applicable,Personal & Car related issue,Not Applicable,Not Applicable,956,Not Applicable,0,,
2024-07-02 08:10:00,CNR7184514853,Canceled by Driver,CID301550,eBike,Varthur,BTM Layout,,,Not Applicable,Customer related issue,Not Applicable,Not Applicable,639,Not Applicable,0,,
2024-07-07 12:57:00,CNR4008147723,Success,CID847003,eBike,Hebbal,Whitefield,161.0,140.0,Not Applicable,Not Applicable,No,Not Applicable,361,Cash,43,4.5,4.1
2024-07-03 23:41:00,CNR2543198868,Driver Not Found,CID989660,Prime Plus,Malleshwaram,Sahakar Nagar,,,Not Applicable,Not Applicable,Not Applicable,Not Applicable,175,Not Applicable,0,,
2024-07-16 19:04:00,CNR6746264419,Canceled by Driver,CID361208,eBike,Rajarajeshwari Nagar,Yelahanka,,,Not Applicable,Personal & Car related issue,Not Applicable,Not Applicable,661,Not Applicable,0,,
2024-07-23 19:43:00,CNR9438722414,Success,CID752893,Prime SUV,Koramangala,Shantinagar,56.0,40.0,Not Applicable,Not Applicable,No,Not Applicable,263,Cash,40,3.7,4.6
2024-07-13 03:35:00,CNR8895107124,Canceled by Driver,CID441973,Prime SUV,Kengeri,Kammanahalli,,,Not Applicable,Customer was coughing/sick,Not Applicable,Not Applicable,180,Not Applicable,0,,
2024-07-30 22:24:00,CNR5684891167,Canceled by Driver,CID472080,Bike,RT Nagar,Sahakar Nagar,,,Not Applicable,More than permitted people in there,Not Applicable,Not Applicable,108,Not Applicable,0,,
2024-07-17 01:58:00,CNR1341433612,Canceled by Driver,CID135402,Prime SUV,MG Road,Kengeri,,,Not Applicable,Personal & Car related issue,Not Applicable,Not Applicable,271,Not Applicable,0,,
2024-07-18 05:52:00,CNR8594115393,Success,CID458059,Mini,Tumkur Road,Mysore Road,140.0,120.0,Not Applicable,Not Applicable,No,Not Applicable,212,Cash,47,3.1,4.6
2024-07-14 21:28:00,CNR9677943361,Success,CID891984,Mini,Indiranagar,Varthur,182.0,65.0,Not Applicable,Not Applicable,No,Not Applicable,640,UPI,4,3.1,3.7
2024-07-08 03:20:00,CNR4104883311,Success,CID642646,Prime SUV,Mysore Road,Bannerghatta Road,98.0,30.0,Not Applicable,Not Applicable,No,Not Applicable,1535,Cash,44,5.0,3.3
2024-07-12 02:01:00,CNR4178319354,Success,CID219519,Mini,Cox Town,Devanahalli,252.0,30.0,Not Applicable,Not Applicable,No,Not Applicable,364,Cash,36,4.3,3.5
2024-07-09 09:38:00,CNR9566719770,Success,CID593772,Mini,Nagarbhavi,Ulsoor,280.0,65.0,Not Applicable,Not Applicable,No,Not Applicable,371,Credit Card,1,3.4,3.2
2024-07-08 07:44:00,CNR8201019363,Success,CID553172,eBike,Banashankari,Chamarajpet,301.0,90.0,Not Applicable,Not Applicable,No,Not Applicable,164,Cash,8,4.5,3.8
2024-07-05 11:50:00,CNR5896369148,Canceled by Customer,CID640470,Mini,Basavanagudi,Tumkur Road,,,Change of plans,Not Applicable,Not Applicable,Not Applicable,234,Not Applicable,0,,
2024-07-13 02:37:00,CNR4780342697,Success,CID645522,Prime Sedan,Chickpet,Hebbal,182.0,125.0,Not Applicable,Not Applicable,Yes,Vehicle Breakdown,776,UPI,30,3.2,3.8
2024-07-01 22:21:00,CNR4019075942,Success,CID325191,Auto,Richmond Town,RT Nagar,287.0,35.0,Not Applicable,Not Applicable,No,Not Applicable,251,Cash,17,3.6,3.7
2024-07-13 08:38:00,CNR6459617112,Success,CID904292,Auto,Kengeri,Kadugodi,203.0,30.0,Not Applicable,Not Applicable,No,Not Applicable,422,Cash,19,3.7,3.1
2024-07-24 12:02:00,CNR8001470618,Driver Not Found,CID918622,Mini,Chickpet,Marathahalli,,,Not Applicable,Not Applicable,Not Applicable,Not Applicable,419,Not Applicable,0,,
2024-07-17 07:41:00,CNR2222129966,Success,CID424118,Bike,Majestic,Sahakar Nagar,266.0,140.0,Not Applicable,Not Applicable,No,Not Applicable,129,UPI,6,4.4,4.7
2024-07-19 11:32:00,CNR7500128956,Canceled by Customer,CID824548,Auto,Frazer Town,Frazer Town,,,AC is Not working,Not Applicable,Not Applicable,Not Applicable,318,Not Applicable,0,,
2024-07-28 01:51:00,CNR8403967061,Driver Not Found,CID718056,Bike,HSR Layout,KR Puram,,,Not Applicable,Not Applicable,Not Applicable,Not Applicable,191,Not Applicable,0,,
2024-07-09 06:46:00,CNR9654361328,Canceled by Customer,CID224024,Prime SUV,Richmond Town,Hulimavu,,,AC is Not working,Not Applicable,Not Applicable,Not Applicable,477,Not Applicable,0,,
2024-07-12 12:52:00,CNR9465108743,Canceled by Customer,CID928102,Mini,Rajarajeshwari Nagar,Langford Town,,,Driver is not moving towards pickup location,Not Applicable,Not Applicable,Not Applicable,548,Not Applicable,0,,
2024-07-02 15:56:00,CNR8045038318,Success,CID152421,Prime Plus,Sahakar Nagar,Sahakar Nagar,217.0,35.0,Not Applicable,Not Applicable,No,Not Applicable,2072,UPI,10,3.3,4.4
2024-07-07 15:29:00,CNR8149889486,Success,CID710386,Prime Plus,Ramamurthy Nagar,Majestic,112.0,40.0,Not Applicable,Not Applicable,No,Not Applicable,466,Cash,12,4.8,4.0
2024-07-30 07:03:00,CNR4265628654,Success,CID490594,Prime Plus,Shantinagar,JP Nagar,105.0,50.0,Not Applicable,Not Applicable,Yes,Customer Demand,268,Debit Card,19,3.9,3.1
2024-07-03 19:03:00,CNR2167348493,Success,CID923510,eBike,Varthur,JP Nagar,203.0,30.0,Not Applicable,Not Applicable,No,Not Applicable,2108,Cash,25,3.9,3.9
2024-07-09 09:51:00,CNR9419101831,Success,CID594671,Prime Plus,Ramamurthy Nagar,JP Nagar,49.0,145.0,Not Applicable,Not Applicable,No,Not Applicable,664,UPI,45,4.0,4.8
2024-07-22 22:16:00,CNR8216860226,Canceled by Driver,CID196821,eBike,Kammanahalli,Yelahanka,,,Not Applicable,Personal & Car related issue,Not Applicable,Not Applicable,448,Not Applicable,0,,
2024-07-16 19:01:00,CNR2992296972,Success,CID762585,Bike,Yelahanka,Jayanagar,224.0,95.0,Not Applicable,Not Applicable,No,Not Applicable,454,Cash,6,3.2,4.2
2024-07-17 11:06:00,CNR2416095199,Success,CID225317,Auto,Kammanahalli,Langford Town,210.0,75.0,Not Applicable,Not Applicable,No,Not Applicable,790,Cash,19,4.5,3.4
2024-07-15 22:43:00,CNR7697795784,Success,CID123143,eBike,Tumkur Road,Kammanahalli,287.0,50.0,Not Applicable,Not Applicable,No,Not Applicable,940,Cash,19,4.6,4.4
2024-07-04 20:16:00,CNR5099194017,Success,CID985461,Mini,Jayanagar,MG Road,224.0,135.0,Not Applicable,Not Applicable,No,Not Applicable,478,UPI,47,4.7,3.4
2024-07-10 05:06:00,CNR1273302505,Driver Not Found,CID906740,Prime Plus,Ulsoor,RT Nagar,,,Not Applicable,Not Applicable,Not Applicable,Not Applicable,945,Not Applicable,0,,
2024-07-27 12:01:00,CNR8332591609,Canceled by Driver,CID115185,Auto,Vijayanagar,Varthur,,,Not Applicable,More than permitted people in there,Not Applicable,Not Applicable,196,Not Applicable,0,,
2024-07-04 17:47:00,CNR8990954923,Success,CID564794,Prime Plus,Hosur Road,Ramamurthy Nagar,182.0,140.0,Not Applicable,Not Applicable,No,Not Applicable,377,UPI,46,3.1,3.5
2024-07-29 22:26:00,CNR9029512662,Success,CID351286,Prime Plus,Jayanagar,Banashankari,42.0,70.0,Not Applicable,Not Applicable,No,Not Applicable,148,Cash,47,3.1,3.6
2024-07-12 23:39:00,CNR9934158129,Driver Not Found,CID512859,Prime Sedan,Langford Town,Bannerghatta Road,,,Not Applicable,Not Applicable,Not Applicable,Not Applicable,2690,Not Applicable,0,,
2024-07-19 19:54:00,CNR9629060851,Success,CID542319,Auto,Shivajinagar,Tumkur Road,245.0,110.0,Not Applicable,Not Applicable,No,Not Applicable,370,Cash,10,4.2,4.5
2024-07-03 11:27:00,CNR1341384181,Canceled by Customer,CID781840,Mini,Hulimavu,Jayanagar,,,Driver asked to cancel,Not Applicable,Not Applicable,Not Applicable,198,Not Applicable,0,,
2024-07-27 16:19:00,CNR3737420534,Success,CID331335,Auto,Indiranagar,Banashankari,147.0,100.0,Not Applicable,Not Applicable,No,Not Applicable,227,Cash,10,4.2,4.6
2024-07-23 18:02:00,CNR2120089590,Success,CID584631,Auto,Whitefield,Sahakar Nagar,168.0,100.0,Not Applicable,Not Applicable,No,Not Applicable,327,Cash,12,3.4,3.7
2024-07-22 23:58:00,CNR3438590806,Success,CID539293,Bike,Nagarbhavi,Hebbal,105.0,85.0,Not Applicable,Not Applicable,No,Not Applicable,271,Cash,23,3.2,3.3
2024-07-21 00:03:00,CNR2652816404,Success,CID700788,Mini,Hosur Road,Devanahalli,224.0,60.0,Not Applicable,Not Applicable,No,Not Applicable,795,Credit Card,14,3.6,3.1
2024-07-02 02:14:00,CNR8282589084,Canceled by Customer,CID793664,Auto,Whitefield,Sahakar Nagar,,,Change of plans,Not Applicable,Not Applicable,Not Applicable,832,Not Applicable,0,,
2024-07-21 00:27:00,CNR5545220514,Success,CID421519,Prime Plus,Magadi Road,Cox Town,56.0,30.0,Not Applicable,Not Applicable,No,Not Applicable,872,UPI,17,3.6,3.9
2024-07-26 22:26:00,CNR1654321101,Success,CID666469,Bike,Nagarbhavi,Kengeri,168.0,60.0,Not Applicable,Not Applicable,No,Not Applicable,498,UPI,2,3.9,4.0
2024-07-22 18:29:00,CNR2984215712,Success,CID980867,eBike,Sarjapur Road,Sarjapur Road,154.0,145.0,Not Applicable,Not Applicable,No,Not Applicable,814,UPI,18,4.2,4.5
2024-07-17 01:50:00,CNR5079576409,Canceled by Driver,CID661782,Prime Sedan,Shantinagar,Devanahalli,,,Not Applicable,Customer was coughing/sick,Not Applicable,Not Applicable,1677,Not Applicable,0,,
2024-07-27 20:27:00,CNR9263714499,Success,CID814189,Prime Plus,Malleshwaram,Ulsoor,308.0,75.0,Not Applicable,Not Applicable,No,Not Applicable,264,Credit Card,5,3.6,4.6
2024-07-14 18:46:00,CNR8820037651,Success,CID266423,Mini,Chickpet,Ulsoor,119.0,85.0,Not Applicable,Not Applicable,No,Not Applicable,287,Cash,15,4.8,3.6
2024-07-05 06:12:00,CNR7975476129,Canceled by Driver,CID917452,Prime SUV,JP Nagar,Hosur Road,,,Not Applicable,Customer related issue,Not Applicable,Not Applicable,2323,Not Applicable,0,,
2024-07-28 07:55:00,CNR3629701242,Driver Not Found,CID174594,Bike,Richmond Town,Rajajinagar,,,Not Applicable,Not Applicable,Not Applicable,Not Applicable,407,Not Applicable,0,,
2024-07-26 05:56:00,CNR5294012984,Canceled by Driver,CID596766,eBike,Kammanahalli,Tumkur Road,,,Not Applicable,Customer related issue,Not Applicable,Not Applicable,300,Not Applicable,0,,
2024-07-04 01:17:00,CNR8353374720,Driver Not Found,CID565733,Bike,Ulsoor,Rajajinagar,,,Not Applicable,Not Applicable,Not Applicable,Not Applicable,605,Not Applicable,0,,
2024-07-22 07:41:00,CNR1310717071,Success,CID479754,Mini,Jayanagar,Vijayanagar,273.0,110.0,Not Applicable,Not Applicable,No,Not Applicable,366,Cash,28,3.7,3.3
2024-07-27 02:49:00,CNR2388963884,Success,CID774849,Prime Sedan,Varthur,Sahakar Nagar,210.0,105.0,Not Applicable,Not Applicable,No,Not Applicable,370,UPI,40,3.4,4.6
2024-07-12 04:30:00,CNR3991928835,Canceled by Customer,CID447154,Bike,Magadi Road,Peenya,,,AC is Not working,Not Applicable,Not Applicable,Not Applicable,252,Not Applicable,0,,
2024-07-08 12:53:00,CNR9368394608,Success,CID449381,Prime Plus,Hebbal,Majestic,224.0,30.0,Not Applicable,Not Applicable,No,Not Applicable,187,UPI,47,4.8,4.9
2024-07-02 11:34:00,CNR4405723105,Canceled by Driver,CID131751,Bike,Tumkur Road,Indiranagar,,,Not Applicable,Personal & Car related issue,Not Applicable,Not Applicable,386,Not Applicable,0,,
2024-07-18 06:23:00,CNR9264580411,Driver Not Found,CID165362,Prime Sedan,Chickpet,Kammanahalli,,,Not Applicable,Not Applicable,Not Applicable,Not Applicable,230,Not Applicable,0,,
2024-07-17 21:49:00,CNR9167705283,Canceled by Customer,CID178329,Prime Sedan,Hosur Road,Jayanagar,,,Driver is not moving towards pickup location,Not Applicable,Not Applicable,Not Applicable,438,Not Applicable,0,,
2024-07-20 12:16:00,CNR5269465792,Success,CID975312,Prime Sedan,Jayanagar,Magadi Road,105.0,130.0,Not Applicable,Not Applicable,No,Not Applicable,146,UPI,3,3.8,4.0
2024-07-28 20:20:00,CNR5880992938,Canceled by Customer,CID700973,Auto,Sarjapur Road,Whitefield,,,AC is Not working,Not Applicable,Not Applicable,Not Applicable,315,Not Applicable,0,,
2024-07-17 06:12:00,CNR6980785698,Canceled by Driver,CID905335,Prime SUV,JP Nagar,KR Puram,,,Not Applicable,Personal & Car related issue,Not Applicable,Not Applicable,852,Not Applicable,0,,
2024-07-13 16:46:00,CNR5522001958,Success,CID868749,Mini,Mysore Road,Kengeri,252.0,90.0,Not Applicable,Not Applicable,No,Not Applicable,662,Cash,25,3.7,4.4
2024-07-14 08:02:00,CNR1593433737,Driver Not Found,CID123183,eBike,Chamarajpet,Hennur,,,Not Applicable,Not Applicable,Not Applicable,Not Applicable,323,Not Applicable,0,,
2024-07-07 09:19:00,CNR2500944738,Canceled by Driver,CID315469,Prime Plus,Devanahalli,Nagarbhavi,,,Not Applicable,Customer related issue,Not Applicable,Not Applicable,406,Not Applicable,0,,
2024-07-21 16:07:00,CNR2616336711,Canceled by Customer,CID698054,eBike,Marathahalli,Malleshwaram,,,Change of plans,Not Applicable,Not Applicable,Not Applicable,917,Not Applicable,0,,
2024-07-15 13:16:00,CNR9371941672,Canceled by Driver,CID880675,Prime Plus,Hennur,Shivajinagar,,,Not Applicable,Customer related issue,Not Applicable,Not Applicable,1020,Not Applicable,0,,
2024-07-24 16:38:00,CNR8467780334,Success,CID917437,Prime Plus,Hennur,MG Road,287.0,115.0,Not Applicable,Not Applicable,No,Not Applicable,185,UPI,7,3.8,3.6
2024-07-11 10:13:00,CNR4969302848,Success,CID308627,Prime SUV,RT Nagar,Indiranagar,56.0,145.0,Not Applicable,Not Applicable,No,Not Applicable,861,Cash,10,3.6,4.7
2024-07-15 17:14:00,CNR3923840412,Success,CID834254,Prime Plus,Kengeri,Electronic City,175.0,70.0,Not Applicable,Not Applicable,No,Not Applicable,560,Cash,19,4.1,3.4
2024-07-20 02:35:00,CNR9337456096,Success,CID570580,Prime Plus,KR Puram,Padmanabhanagar,301.0,105.0,Not Applicable,Not Applicable,No,Not Applicable,202,Cash,11,4.8,4.9
2024-07-23 21:54:00,CNR1480531863,Success,CID288206,Mini,Rajajinagar,Rajajinagar,161.0,145.0,Not Applicable,Not Applicable,Yes,Customer Demand,237,Cash,33,3.7,3.4
2024-07-09 10:30:00,CNR3964194415,Canceled by Driver,CID436685,Prime Plus,Majestic,Magadi Road,,,Not Applicable,Personal & Car related issue,Not Applicable,Not Applicable,871,Not Applicable,0,,
2024-07-01 13:23:00,CNR9616938076,Success,CID778807,Mini,Nagarbhavi,Padmanabhanagar,196.0,65.0,Not Applicable,Not Applicable,No,Not Applicable,356,Cash,29,3.1,3.7
2024-07-02 04:14:00,CNR4686997203,Success,CID651348,Mini,Basavanagudi,Koramangala,98.0,50.0,Not Applicable,Not Applicable,No,Not Applicable,424,Cash,49,3.8,3.8
2024-07-25 11:40:00,CNR9153249153,Success,CID561114,Prime Sedan,Yelahanka,Hebbal,245.0,50.0,Not Applicable,Not Applicable,No,Not Applicable,377,Cash,26,3.0,4.8
2024-07-06 19:27:00,CNR2699944290,Canceled by Driver,CID663589,Prime Plus,Ulsoor,Tumkur Road,,,Not Applicable,Customer related issue,Not Applicable,Not Applicable,1614,Not Applicable,0,,
2024-07-12 03:19:00,CNR9885502638,Success,CID216195,Prime Sedan,Yeshwanthpur,KR Puram,231.0,120.0,Not Applicable,Not Applicable,No,Not Applicable,984,Cash,15,3.1,3.3
2024-07-22 13:30:00,CNR4512681123,Success,CID976668,Mini,Magadi Road,Tumkur Road,147.0,130.0,Not Applicable,Not Applicable,Yes,Other Issue,443,Cash,49,3.0,3.4
2024-07-30 18:33:00,CNR9021192051,Success,CID911614,Prime Plus,Yeshwanthpur,Vijayanagar,203.0,55.0,Not Applicable,Not Applicable,No,Not Applicable,424,Credit Card,31,4.6,4.9
2024-07-16 12:54:00,CNR7564684714,Success,CID123438,Prime Plus,Tumkur Road,Shantinagar,266.0,90.0,Not Applicable,Not Applicable,No,Not Applicable,820,Cash,16,4.3,4.4
2024-07-24 05:30:00,CNR5974009417,Success,CID351264,Mini,Cox Town,Indiranagar,98.0,70.0,Not Applicable,Not Applicable,No,Not Applicable,217,Cash,9,4.5,3.0
2024-07-23 07:37:00,CNR1960302139,Success,CID436546,Auto,Hulimavu,Banashankari,182.0,60.0,Not Applicable,Not Applicable,No,Not Applicable,331,Credit Card,16,3.7,4.6
2024-07-06 22:48:00,CNR2390214613,Success,CID243541,Mini,Rajajinagar,Rajajinagar,105.0,105.0,Not Applicable,Not Applicable,No,Not Applicable,480,Cash,31,3.9,3.5
2024-07-24 21:53:00,CNR6855250597,Success,CID672756,Prime Plus,Ulsoor,Malleshwaram,217.0,60.0,Not Applicable,Not Applicable,No,Not Applicable,2376,Cash,23,3.5,4.2
2024-07-14 06:36:00,CNR6831960936,Success,CID402956,Auto,Majestic,Koramangala,259.0,135.0,Not Applicable,Not Applicable,No,Not Applicable,266,Cash,16,4.2,4.9
2024-07-21 18:14:00,CNR8587835641,Canceled by Customer,CID496022,Prime Sedan,Langford Town,Basavanagudi,,,Driver asked to cancel,Not Applicable,Not Applicable,Not Applicable,443,Not Applicable,0,,
2024-07-22 13:42:00,CNR6250302710,Success,CID131548,Prime Plus,Richmond Town,MG Road,70.0,50.0,Not Applicable,Not Applicable,No,Not Applicable,1901,Cash,47,3.2,4.9
2024-07-29 23:48:00,CNR5241475444,Success,CID486709,Auto,Varthur,Hosur Road,252.0,120.0,Not Applicable,Not Applicable,No,Not Applicable,2188,Cash,12,4.9,5.0
2024-07-15 00:11:00,CNR1570473572,Success,CID131762,Mini,Devanahalli,Cox Town,301.0,115.0,Not Applicable,Not Applicable,No,Not Applicable,336,Cash,37,4.6,3.3
2024-07-10 17:35:00,CNR6320347908,Success,CID359619,Prime Plus,BTM Layout,Hulimavu,287.0,100.0,Not Applicable,Not Applicable,No,Not Applicable,125,Cash,25,3.1,3.9
2024-07-14 13:46:00,CNR6960994795,Driver Not Found,CID614995,Mini,Banashankari,Koramangala,,,Not Applicable,Not Applicable,Not Applicable,Not Applicable,272,Not Applicable,0,,
2024-07-30 13:47:00,CNR2773876371,Canceled by Customer,CID737615,Prime SUV,Hosur Road,Richmond Town,,,Driver asked to cancel,Not Applicable,Not Applicable,Not Applicable,593,Not Applicable,0,,
2024-07-07 10:57:00,CNR9080357288,Success,CID586096,Bike,Indiranagar,Shivajinagar,161.0,95.0,Not Applicable,Not Applicable,No,Not Applicable,207,Cash,44,3.8,4.4
2024-07-14 01:37:00,CNR2791383234,Success,CID201965,Prime Sedan,Yelahanka,Padmanabhanagar,49.0,120.0,Not Applicable,Not Applicable,No,Not Applicable,202,Cash,40,4.6,4.8
2024-07-14 17:56:00,CNR5599101273,Success,CID191304,Bike,Ramamurthy Nagar,Hosur Road,98.0,135.0,Not Applicable,Not Applicable,No,Not Applicable,403,Cash,45,3.5,4.3
2024-07-04 21:18:00,CNR9440415746,Canceled by Driver,CID855641,Auto,Padmanabhanagar,Frazer Town,,,Not Applicable,Customer related issue,Not Applicable,Not Applicable,404,Not Applicable,0,,
2024-07-28 10:59:00,CNR4702241538,Success,CID562341,Mini,Indiranagar,Indiranagar,301.0,115.0,Not Applicable,Not Applicable,No,Not Applicable,488,UPI,22,3.3,4.4
2024-07-01 00:36:00,CNR5196943802,Driver Not Found,CID306624,Bike,Frazer Town,Chamarajpet,,,Not Applicable,Not Applicable,Not Applicable,Not Applicable,706,Not Applicable,0,,
2024-07-28 17:03:00,CNR3947866891,Success,CID281548,Prime Sedan,BTM Layout,Langford Town,224.0,25.0,Not Applicable,Not Applicable,Yes,Other Issue,494,Cash,34,3.8,4.7
2024-07-14 06:32:00,CNR5106219879,Canceled by Driver,CID811188,eBike,Jayanagar,Magadi Road,,,Not Applicable,Personal & Car related issue,Not Applicable,Not Applicable,154,Not Applicable,0,,
2024-07-10 04:28:00,CNR5888972260,Success,CID568308,Bike,Indiranagar,Hennur,175.0,95.0,Not Applicable,Not Applicable,No,Not Applicable,2526,UPI,16,4.3,3.4
2024-07-02 09:22:00,CNR6640258715,Canceled by Driver,CID833424,Prime Plus,Varthur,Yeshwanthpur,,,Not Applicable,Personal & Car related issue,Not Applicable,Not Applicable,422,Not Applicable,0,,
2024-07-10 21:14:00,CNR8235344387,Canceled by Driver,CID294817,Prime Plus,Rajajinagar,Rajarajeshwari Nagar,,,Not Applicable,Personal & Car related issue,Not Applicable,Not Applicable,530,Not Applicable,0,,
2024-07-14 21:35:00,CNR7665378453,Canceled by Driver,CID939485,Prime Sedan,Indiranagar,Mysore Road,,,Not Applicable,Personal & Car related issue,Not Applicable,Not Applicable,128,Not Applicable,0,,
2024-07-15 10:56:00,CNR4375719764,Driver Not Found,CID212843,Mini,Kadugodi,RT Nagar,,,Not Applicable,Not Applicable,Not Applicable,Not Applicable,388,Not Applicable,0,,
2024-07-03 15:19:00,CNR1762832100,Success,CID935079,Mini,Kengeri,Ramamurthy Nagar,161.0,145.0,Not Applicable,Not Applicable,No,Not Applicable,545,Cash,6,4.1,4.4
2024-07-30 20:38:00,CNR9957653406,Canceled by Customer,CID594556,Auto,KR Puram,Whitefield,,,Driver is not moving towards pickup location,Not Applicable,Not Applicable,Not Applicable,231,Not Applicable,0,,
2024-07-28 19:30:00,CNR1347192711,Success,CID342324,Prime Sedan,Bannerghatta Road,Kadugodi,147.0,30.0,Not Applicable,Not Applicable,No,Not Applicable,650,Cash,7,4.0,4.3
2024-07-07 20:25:00,CNR7411197539,Success,CID175958,Auto,Richmond Town,Mysore Road,175.0,35.0,Not Applicable,Not Applicable,No,Not Applicable,200,Cash,2,4.9,3.5
2024-07-24 17:13:00,CNR2212077135,Canceled by Customer,CID219682,Bike,Hosur Road,Hosur Road,,,Change of plans,Not Applicable,Not Applicable,Not Applicable,565,Not Applicable,0,,
2024-07-13 09:43:00,CNR7514289284,Success,CID676317,Mini,HSR Layout,Electronic City,294.0,115.0,Not Applicable,Not Applicable,No,Not Applicable,443,UPI,31,5.0,3.2
2024-07-03 14:04:00,CNR7325411259,Success,CID640950,Auto,Electronic City,MG Road,147.0,125.0,Not Applicable,Not Applicable,No,Not Applicable,1717,Cash,9,4.3,4.1
2024-07-24 16:18:00,CNR1701247594,Canceled by Driver,CID315678,Prime Sedan,Richmond Town,Magadi Road,,,Not Applicable,Customer was coughing/sick,Not Applicable,Not Applicable,159,Not Applicable,0,,
2024-07-18 01:05:00,CNR2481516085,Success,CID809716,Mini,KR Puram,JP Nagar,105.0,125.0,Not Applicable,Not Applicable,No,Not Applicable,456,UPI,28,4.5,5.0
2024-07-18 14:40:00,CNR5685801393,Success,CID184306,eBike,Hennur,Peenya,140.0,90.0,Not Applicable,Not Applicable,No,Not Applicable,903,Cash,32,3.7,3.8
2024-07-14 04:20:00,CNR5366030619,Success,CID673047,Prime Plus,Vijayanagar,Yeshwanthpur,308.0,85.0,Not Applicable,Not Applicable,No,Not Applicable,329,Cash,23,4.6,4.8
2024-07-02 03:10:00,CNR4728485469,Success,CID310177,eBike,Varthur,Padmanabhanagar,231.0,140.0,Not Applicable,Not Applicable,No,Not Applicable,411,Cash,9,3.9,4.3
2024-07-06 20:55:00,CNR1335546116,Canceled by Customer,CID513065,Prime SUV,Mysore Road,Rajarajeshwari Nagar,,,AC is Not working,Not Applicable,Not Applicable,Not Applicable,253,Not Applicable,0,,
2024-07-06 13:19:00,CNR7495870530,Canceled by Customer,CID409050,eBike,Rajarajeshwari Nagar,Hulimavu,,,Wrong Address,Not Applicable,Not Applicable,Not Applicable,391,Not Applicable,0,,
2024-07-25 03:22:00,CNR4356695358,Canceled by Customer,CID487798,Mini,Shantinagar,Kengeri,,,Change of plans,Not Applicable,Not Applicable,Not Applicable,427,Not Applicable,0,,
2024-07-11 21:38:00,CNR5219634628,Success,CID141928,eBike,Shantinagar,Tumkur Road,49.0,40.0,Not Applicable,Not Applicable,No,Not Applicable,285,Credit Card,37,4.7,5.0
2024-07-19 12:51:00,CNR1591960381,Success,CID304605,Prime SUV,RT Nagar,Majestic,301.0,25.0,Not Applicable,Not Applicable,Yes,Other Issue,173,Credit Card,18,5.0,3.9
2024-07-20 12:31:00,CNR7944293771,Success,CID260918,Auto,Chickpet,Kengeri,252.0,45.0,Not Applicable,Not Applicable,No,Not Applicable,286,Cash,8,3.2,4.5
2024-07-19 17:19:00,CNR1184465635,Canceled by Customer,CID858672,Prime Sedan,Rajajinagar,Bellandur,,,Change of plans,Not Applicable,Not Applicable,Not Applicable,705,Not Applicable,0,,
2024-07-30 05:54:00,CNR6538745466,Driver Not Found,CID576145,Auto,Devanahalli,Yelahanka,,,Not Applicable,Not Applicable,Not Applicable,Not Applicable,374,Not Applicable,0,,
2024-07-17 13:57:00,CNR6747344247,Canceled by Driver,CID193852,Prime Plus,Yelahanka,Kengeri,,,Not Applicable,Customer related issue,Not Applicable,Not Applicable,103,Not Applicable,0,,
2024-07-15 15:40:00,CNR1622102560,Success,CID823596,Bike,Hosur Road,Peenya,49.0,30.0,Not Applicable,Not Applicable,No,Not Applicable,179,Cash,17,4.8,3.2
2024-07-11 07:17:00,CNR5981692943,Success,CID490918,Bike,Chamarajpet,Rajarajeshwari Nagar,147.0,80.0,Not Applicable,Not Applicable,No,Not Applicable,180,UPI,34,3.6,3.2
2024-07-04 00:27:00,CNR8331696224,Canceled by Driver,CID559538,Mini,Chickpet,Malleshwaram,,,Not Applicable,Customer related issue,Not Applicable,Not Applicable,644,Not Applicable,0,,
2024-07-14 12:49:00,CNR5638830122,Success,CID535044,Mini,Yeshwanthpur,Ramamurthy Nagar,238.0,25.0,Not Applicable,Not Applicable,No,Not Applicable,486,UPI,49,4.2,3.1
2024-07-28 15:07:00,CNR2778348983,Success,CID492942,Mini,Chamarajpet,Hulimavu,280.0,110.0,Not Applicable,Not Applicable,No,Not Applicable,488,Cash,45,4.9,4.2
2024-07-05 18:20:00,CNR2540765081,Success,CID628154,Bike,BTM Layout,Frazer Town,91.0,50.0,Not Applicable,Not Applicable,No,Not Applicable,346,Cash,8,4.2,4.2
2024-07-28 13:53:00,CNR7823637600,Success,CID867687,Auto,MG Road,Koramangala,224.0,135.0,Not Applicable,Not Applicable,No,Not Applicable,142,UPI,10,3.7,5.0
2024-07-15 03:51:00,CNR4831155792,Success,CID406542,Auto,Yeshwanthpur,Kengeri,273.0,60.0,Not Applicable,Not Applicable,No,Not Applicable,343,UPI,16,3.2,4.6
2024-07-03 02:34:00,CNR5980801271,Success,CID155451,Prime SUV,Langford Town,Hulimavu,161.0,140.0,Not Applicable,Not Applicable,No,Not Applicable,297,UPI,25,4.9,3.9
2024-07-07 04:59:00,CNR4502345020,Success,CID964243,Auto,Cox Town,Sarjapur Road,49.0,30.0,Not Applicable,Not Applicable,No,Not Applicable,590,Cash,5,4.2,3.0
2024-07-08 07:24:00,CNR9564668219,Success,CID129568,Prime Sedan,Rajajinagar,Langford Town,98.0,45.0,Not Applicable,Not Applicable,No,Not Applicable,549,Cash,12,4.1,3.3
2024-07-30 22:43:00,CNR5213363172,Success,CID940518,Mini,Tumkur Road,Padmanabhanagar,189.0,135.0,Not Applicable,Not Applicable,No,Not Applicable,329,Cash,43,4.7,4.4
2024-07-24 17:02:00,CNR9183444338,Success,CID797429,Prime Plus,Banashankari,Yeshwanthpur,203.0,100.0,Not Applicable,Not Applicable,No,Not Applicable,403,Cash,16,3.7,4.6
2024-07-12 09:22:00,CNR6573421563,Success,CID309374,Prime Sedan,Cox Town,Ulsoor,133.0,55.0,Not Applicable,Not Applicable,No,Not Applicable,862,UPI,23,3.6,4.4
2024-07-11 09:52:00,CNR3551069518,Canceled by Customer,CID444140,Prime Sedan,Yelahanka,Kammanahalli,,,Change of plans,Not Applicable,Not Applicable,Not Applicable,2002,Not Applicable,0,,
2024-07-07 04:47:00,CNR3352194676,Success,CID607383,Mini,Rajarajeshwari Nagar,Shivajinagar,91.0,140.0,Not Applicable,Not Applicable,No,Not Applicable,176,Credit Card,7,4.5,4.0
2024-07-01 06:34:00,CNR4023110927,Canceled by Driver,CID187173,Mini,Padmanabhanagar,Malleshwaram,,,Not Applicable,Personal & Car related issue,Not Applicable,Not Applicable,256,Not Applicable,0,,
2024-07-24 22:06:00,CNR3311429924,Success,CID713406,Prime Plus,Marathahalli,Kammanahalli,168.0,35.0,Not Applicable,Not Applicable,No,Not Applicable,442,UPI,39,4.0,3.1
2024-07-05 13:58:00,CNR9959018326,Canceled by Driver,CID268839,Prime SUV,Mysore Road,Rajarajeshwari Nagar,,,Not Applicable,Customer was coughing/sick,Not Applicable,Not Applicable,1652,Not Applicable,0,,
2024-07-13 07:20:00,CNR7786561911,Success,CID978739,Prime Plus,KR Puram,Devanahalli,84.0,100.0,Not Applicable,Not Applicable,No,Not Applicable,116,Cash,8,4.4,4.8
2024-07-17 23:26:00,CNR8443464776,Success,CID405007,eBike,MG Road,Malleshwaram,168.0,70.0,Not Applicable,Not Applicable,No,Not Applicable,492,UPI,19,4.6,3.0
2024-07-03 10:20:00,CNR2975830114,Success,CID739760,Bike,Varthur,Bannerghatta Road,35.0,55.0,Not Applicable,Not Applicable,No,Not Applicable,2692,Cash,40,3.5,4.9
2024-07-01 15:56:00,CNR2622399853,Canceled by Driver,CID676671,Mini,Banashankari,Cox Town,,,Not Applicable,Personal & Car related issue,Not Applicable,Not Applicable,178,Not Applicable,0,,
2024-07-23 19:45:00,CNR5344196686,Canceled by Driver,CID828879,Auto,Chamarajpet,Magadi Road,,,Not Applicable,Personal & Car related issue,Not Applicable,Not Applicable,397,Not Applicable,0,,
2024-07-03 09:33:00,CNR7849451365,Canceled by Driver,CID250398,Prime Plus,Kengeri,Jayanagar,,,Not Applicable,Customer was coughing/sick,Not Applicable,Not Applicable,616,Not Applicable,0,,
2024-07-07 14:58:00,CNR9734645390,Canceled by Customer,CID231160,eBike,RT Nagar,Ramamurthy Nagar,,,Wrong Address,Not Applicable,Not Applicable,Not Applicable,639,Not Applicable,0,,
2024-07-06 10:41:00,CNR2330928268,Canceled by Driver,CID511285,eBike,Majestic,Bannerghatta Road,,,Not Applicable,Customer related issue,Not Applicable,Not Applicable,192,Not Applicable,0,,
2024-07-15 09:30:00,CNR2301204500,Success,CID627832,Auto,Cox Town,Vijayanagar,273.0,60.0,Not Applicable,Not Applicable,Yes,Vehicle Breakdown,2236,Cash,5,3.6,3.2
2024-07-10 04:40:00,CNR5763834062,Canceled by Customer,CID181792,Auto,Bannerghatta Road,Hebbal,,,Driver is not moving towards pickup location,Not Applicable,Not Applicable,Not Applicable,227,Not Applicable,0,,
2024-07-02 21:48:00,CNR9859356098,Success,CID310764,Bike,Hennur,Padmanabhanagar,182.0,70.0,Not Applicable,Not Applicable,No,Not Applicable,262,UPI,27,3.5,3.3
2024-07-30 07:43:00,CNR8125049543,Success,CID610840,Bike,Vijayanagar,Mysore Road,266.0,55.0,Not Applicable,Not Applicable,No,Not Applicable,465,Cash,27,3.6,5.0
2024-07-07 11:32:00,CNR4978487987,Canceled by Driver,CID506266,Mini,KR Puram,Electronic City,,,Not Applicable,Customer was coughing/sick,Not Applicable,Not Applicable,286,Not Applicable,0,,
2024-07-24 09:23:00,CNR3550368755,Success,CID258148,Bike,Jayanagar,Cox Town,245.0,105.0,Not Applicable,Not Applicable,No,Not Applicable,2323,Cash,43,3.1,4.9
2024-07-02 01:43:00,CNR7237281786,Canceled by Driver,CID655762,eBike,Cox Town,Kammanahalli,,,Not Applicable,More than permitted people in there,Not Applicable,Not Applicable,129,Not Applicable,0,,
2024-07-02 19:31:00,CNR8792584172,Success,CID652612,Mini,Rajajinagar,Nagarbhavi,49.0,95.0,Not Applicable,Not Applicable,No,Not Applicable,179,Credit Card,46,4.7,3.4
2024-07-05 11:12:00,CNR7006193766,Success,CID471312,Auto,Indiranagar,Shantinagar,280.0,30.0,Not Applicable,Not Applicable,No,Not Applicable,386,Cash,1,4.0,4.0
2024-07-30 07:13:00,CNR8174347941,Driver Not Found,CID761517,eBike,Sahakar Nagar,Varthur,,,Not Applicable,Not Applicable,Not Applicable,Not Applicable,165,Not Applicable,0,,
2024-07-24 09:51:00,CNR6929772790,Success,CID283888,Mini,Basavanagudi,Rajarajeshwari Nagar,56.0,40.0,Not Applicable,Not Applicable,No,Not Applicable,821,Cash,23,4.0,3.5
2024-07-08 21:54:00,CNR3038156848,Success,CID443518,Bike,Hennur,Mysore Road,56.0,45.0,Not Applicable,Not Applicable,No,Not Applicable,307,UPI,8,3.7,3.0
2024-07-01 17:33:00,CNR4451104689,Canceled by Driver,CID897566,eBike,JP Nagar,Marathahalli,,,Not Applicable,Personal & Car related issue,Not Applicable,Not Applicable,994,Not Applicable,0,,
2024-07-11 10:41:00,CNR9266868829,Success,CID256965,Prime SUV,Tumkur Road,Bannerghatta Road,98.0,145.0,Not Applicable,Not Applicable,No,Not Applicable,644,Cash,36,4.9,4.4
2024-07-25 07:13:00,CNR7736965537,Success,CID784958,Bike,Mysore Road,Rajajinagar,154.0,70.0,Not Applicable,Not Applicable,No,Not Applicable,367,Cash,6,3.3,4.1
2024-07-08 03:10:00,CNR3411417322,Success,CID989901,Prime Plus,Vijayanagar,Cox Town,238.0,130.0,Not Applicable,Not Applicable,No,Not Applicable,352,Cash,31,3.8,4.9
2024-07-15 04:48:00,CNR3258744319,Canceled by Customer,CID250656,eBike,Hosur Road,Koramangala,,,Driver is not moving towards pickup location,Not Applicable,Not Applicable,Not Applicable,489,Not Applicable,0,,
2024-07-17 19:36:00,CNR7305946176,Success,CID540025,Bike,Electronic City,Padmanabhanagar,140.0,100.0,Not Applicable,Not Applicable,No,Not Applicable,366,Cash,28,3.4,4.4
2024-07-11 22:28:00,CNR2646520104,Success,CID536419,Mini,Kammanahalli,Padmanabhanagar,280.0,75.0,Not Applicable,Not Applicable,No,Not Applicable,444,Cash,9,3.8,4.9
2024-07-07 07:14:00,CNR1616591577,Success,CID641807,Prime Plus,Shivajinagar,Hennur,98.0,40.0,Not Applicable,Not Applicable,No,Not Applicable,314,UPI,45,3.4,3.8
2024-07-11 17:01:00,CNR6492194376,Success,CID388303,Auto,Basavanagudi,KR Puram,259.0,85.0,Not Applicable,Not Applicable,No,Not Applicable,279,Cash,16,4.4,4.3
2024-07-30 17:05:00,CNR6893998514,Canceled by Driver,CID947946,Bike,Bellandur,Chamarajpet,,,Not Applicable,Customer related issue,Not Applicable,Not Applicable,122,Not Applicable,0,,
2024-07-24 04:37:00,CNR1038859112,Success,CID865820,Prime Sedan,Yeshwanthpur,Varthur,266.0,85.0,Not Applicable,Not Applicable,No,Not Applicable,111,Cash,31,4.6,4.1
2024-07-25 12:57:00,CNR8148361935,Success,CID866242,Mini,Electronic City,Ramamurthy Nagar,280.0,110.0,Not Applicable,Not Applicable,No,Not Applicable,263,Cash,18,3.7,3.8
2024-07-07 12:45:00,CNR9407753427,Success,CID521504,Bike,Magadi Road,MG Road,210.0,145.0,Not Applicable,Not Applicable,No,Not Applicable,429,UPI,13,4.4,3.1
2024-07-27 21:24:00,CNR9852055148,Driver Not Found,CID663788,Bike,Rajarajeshwari Nagar,Marathahalli,,,Not Applicable,Not Applicable,Not Applicable,Not Applicable,117,Not Applicable,0,,
2024-07-17 16:13:00,CNR3978831860,Canceled by Driver,CID104921,Prime SUV,Hebbal,Hennur,,,Not Applicable,Personal & Car related issue,Not Applicable,Not Applicable,786,Not Applicable,0,,
2024-07-07 19:28:00,CNR9288155958,Success,CID839382,Prime Sedan,JP Nagar,Indiranagar,161.0,80.0,Not Applicable,Not Applicable,No,Not Applicable,324,Cash,20,3.3,4.0
2024-07-01 14:30:00,CNR8041851867,Canceled by Customer,CID135903,Bike,Peenya,Richmond Town,,,Driver is not moving towards pickup location,Not Applicable,Not Applicable,Not Applicable,473,Not Applicable,0,,
2024-07-10 19:53:00,CNR5950075146,Success,CID125139,Mini,Chamarajpet,Vijayanagar,203.0,30.0,Not Applicable,Not Applicable,No,Not Applicable,106,Cash,19,4.4,5.0
2024-07-19 01:42:00,CNR6403852104,Driver Not Found,CID518528,Mini,Tumkur Road,Varthur,,,Not Applicable,Not Applicable,Not Applicable,Not Applicable,738,Not Applicable,0,,
2024-07-24 05:58:00,CNR9740854176,Canceled by Driver,CID475565,eBike,Vijayanagar,Tumkur Road,,,Not Applicable,Customer was coughing/sick,Not Applicable,Not Applicable,115,Not Applicable,0,,
2024-07-05 09:24:00,CNR3317406172,Success,CID555969,Auto,Marathahalli,Koramangala,287.0,65.0,Not Applicable,Not Applicable,No,Not Applicable,461,UPI,1,3.2,3.9
2024-07-26 20:28:00,CNR3043824529,Canceled by Driver,CID930943,Prime SUV,Malleshwaram,Whitefield,,,Not Applicable,Customer related issue,Not Applicable,Not Applicable,889,Not Applicable,0,,
2024-07-18 23:00:00,CNR3815347156,Success,CID146720,eBike,Kengeri,Koramangala,63.0,45.0,Not Applicable,Not Applicable,Yes,Vehicle Breakdown,310,UPI,32,3.1,3.8
2024-07-03 02:27:00,CNR9143277741,Canceled by Driver,CID198782,Prime Plus,Cox Town,Shantinagar,,,Not Applicable,Customer related issue,Not Applicable,Not Applicable,396,Not Applicable,0,,
2024-07-17 18:45:00,CNR5890581490,Success,CID403724,eBike,Basavanagudi,Jayanagar,203.0,140.0,Not Applicable,Not Applicable,No,Not Applicable,390,UPI,18,3.7,4.0
2024-07-09 03:44:00,CNR3570391518,Success,CID521559,eBike,Sahakar Nagar,Mysore Road,140.0,30.0,Not Applicable,Not Applicable,No,Not Applicable,197,UPI,10,3.0,3.0
2024-07-14 04:34:00,CNR4543511955,Success,CID333517,eBike,Varthur,Kadugodi,280.0,140.0,Not Applicable,Not Applicable,No,Not Applicable,589,Credit Card,20,3.1,3.3
2024-07-22 02:09:00,CNR2242936694,Success,CID540138,Auto,Hennur,Hennur,196.0,40.0,Not Applicable,Not Applicable,No,Not Applicable,404,Cash,15,3.4,4.3
2024-07-20 00:23:00,CNR6919554884,Success,CID613932,Prime Sedan,Peenya,Hebbal,91.0,95.0,Not Applicable,Not Applicable,No,Not Applicable,118,UPI,15,3.9,3.0
2024-07-13 13:16:00,CNR1653459810,Success,CID493797,Bike,Sahakar Nagar,Yelahanka,280.0,120.0,Not Applicable,Not Applicable,No,Not Applicable,436,Cash,10,3.1,4.9
2024-07-18 03:22:00,CNR4984434479,Success,CID212184,Prime Plus,Ramamurthy Nagar,Electronic City,140.0,35.0,Not Applicable,Not Applicable,No,Not Applicable,304,UPI,31,4.0,4.0
2024-07-26 01:57:00,CNR7522061362,Success,CID816465,Prime SUV,Nagarbhavi,RT Nagar,280.0,135.0,Not Applicable,Not Applicable,No,Not Applicable,841,UPI,29,4.9,4.4
2024-07-23 11:13:00,CNR1456795141,Driver Not Found,CID121272,Prime SUV,Mysore Road,Cox Town,,,Not Applicable,Not Applicable,Not Applicable,Not Applicable,748,Not Applicable,0,,
2024-07-24 03:38:00,CNR6501832581,Success,CID762202,eBike,Hennur,Marathahalli,280.0,60.0,Not Applicable,Not Applicable,No,Not Applicable,203,Credit Card,4,4.9,4.1
2024-07-27 15:10:00,CNR1518521941,Success,CID886494,Auto,Electronic City,Langford Town,112.0,50.0,Not Applicable,Not Applicable,No,Not Applicable,399,UPI,10,4.8,3.8
2024-07-17 15:38:00,CNR7713112391,Success,CID435139,Auto,Whitefield,Tumkur Road,112.0,140.0,Not Applicable,Not Applicable,No,Not Applicable,677,Credit Card,6,4.6,4.9
2024-07-20 08:31:00,CNR8678260227,Canceled by Customer,CID377084,Prime SUV,Mysore Road,Marathahalli,,,Driver is not moving towards pickup location,Not Applicable,Not Applicable,Not Applicable,925,Not Applicable,0,,
2024-07-04 19:11:00,CNR5171395025,Canceled by Driver,CID672749,Mini,Mysore Road,Devanahalli,,,Not Applicable,More than permitted people in there,Not Applicable,Not Applicable,375,Not Applicable,0,,
2024-07-01 16:16:00,CNR9839218705,Success,CID393890,Bike,Ramamurthy Nagar,Majestic,245.0,60.0,Not Applicable,Not Applicable,No,Not Applicable,1159,Cash,27,3.9,3.5
2024-07-22 23:03:00,CNR6654623342,Canceled by Driver,CID284538,Prime SUV,Indiranagar,Ramamurthy Nagar,,,Not Applicable,More than permitted people in there,Not Applicable,Not Applicable,102,Not Applicable,0,,
2024-07-21 10:09:00,CNR5744146443,Success,CID974336,Mini,Chamarajpet,Rajajinagar,70.0,80.0,Not Applicable,Not Applicable,No,Not Applicable,381,Cash,49,3.1,3.2
2024-07-08 19:32:00,CNR4197036850,Canceled by Customer,CID822007,Mini,Rajarajeshwari Nagar,Padmanabhanagar,,,Driver asked to cancel,Not Applicable,Not Applicable,Not Applicable,743,Not Applicable,0,,
2024-07-20 08:29:00,CNR9039771240,Success,CID853655,eBike,Ramamurthy Nagar,Kadugodi,287.0,80.0,Not Applicable,Not Applicable,No,Not Applicable,495,Cash,19,3.0,3.8
2024-07-10 17:52:00,CNR6326660852,Success,CID963324,Mini,MG Road,Rajajinagar,294.0,70.0,Not Applicable,Not Applicable,No,Not Applicable,278,Cash,26,5.0,4.1
2024-07-13 05:33:00,CNR8074720024,Success,CID503907,Prime SUV,Koramangala,Bellandur,161.0,95.0,Not Applicable,Not Applicable,No,Not Applicable,273,UPI,3,3.2,3.8
2024-07-12 14:35:00,CNR3611475170,Success,CID865873,Prime Plus,HSR Layout,Tumkur Road,252.0,75.0,Not Applicable,Not Applicable,No,Not Applicable,818,Cash,16,4.4,3.9
2024-07-08 03:27:00,CNR3344461216,Success,CID698529,eBike,Cox Town,Chamarajpet,133.0,30.0,Not Applicable,Not Applicable,No,Not Applicable,348,UPI,11,3.1,4.8
2024-07-12 02:53:00,CNR7680596776,Driver Not Found,CID594612,Mini,Peenya,Majestic,,,Not Applicable,Not Applicable,Not Applicable,Not Applicable,489,Not Applicable,0,,
2024-07-02 19:41:00,CNR3195736293,Success,CID414435,eBike,Kengeri,HSR Layout,294.0,65.0,Not Applicable,Not Applicable,No,Not Applicable,186,UPI,46,3.6,4.8
2024-07-01 06:06:00,CNR1503293071,Success,CID428536,Bike,Ramamurthy Nagar,Hulimavu,231.0,55.0,Not Applicable,Not Applicable,No,Not Applicable,193,UPI,45,4.7,4.6
2024-07-17 16:23:00,CNR2822523478,Canceled by Driver,CID880393,Bike,Majestic,Basavanagudi,,,Not Applicable,Personal & Car related issue,Not Applicable,Not Applicable,299,Not Applicable,0,,
2024-07-17 13:31:00,CNR1187772479,Success,CID629660,Bike,Basavanagudi,Kengeri,35.0,50.0,Not Applicable,Not Applicable,No,Not Applicable,471,UPI,18,3.1,3.8
2024-07-09 18:28:00,CNR9305847967,Success,CID472697,Auto,Yelahanka,Electronic City,98.0,70.0,Not Applicable,Not Applicable,No,Not Applicable,670,Cash,3,4.5,3.9
2024-07-22 19:26:00,CNR7593411552,Success,CID388284,Mini,Ramamurthy Nagar,Hebbal,217.0,135.0,Not Applicable,Not Applicable,No,Not Applicable,614,Cash,33,4.5,4.5
2024-07-28 13:35:00,CNR7052666420,Driver Not Found,CID382937,Bike,Padmanabhanagar,Bannerghatta Road,,,Not Applicable,Not Applicable,Not Applicable,Not Applicable,329,Not Applicable,0,,
2024-07-08 23:08:00,CNR3568632920,Success,CID711501,eBike,Magadi Road,Magadi Road,238.0,140.0,Not Applicable,Not Applicable,No,Not Applicable,855,Cash,19,3.5,4.7
2024-07-20 07:45:00,CNR8501908890,Success,CID722079,eBike,Hosur Road,Rajajinagar,49.0,75.0,Not Applicable,Not Applicable,No,Not Applicable,239,UPI,2,5.0,3.7
2024-07-18 02:11:00,CNR7886034465,Driver Not Found,CID228347,Prime SUV,Indiranagar,Whitefield,,,Not Applicable,Not Applicable,Not Applicable,Not Applicable,285,Not Applicable,0,,
2024-07-26 18:25:00,CNR6485882520,Success,CID398884,eBike,Hebbal,Frazer Town,133.0,55.0,Not Applicable,Not Applicable,No,Not Applicable,606,UPI,32,4.5,3.8
2024-07-24 03:35:00,CNR8402663137,Success,CID395456,Auto,Whitefield,Frazer Town,287.0,50.0,Not Applicable,Not Applicable,No,Not Applicable,112,Cash,18,3.9,4.3
2024-07-13 13:58:00,CNR4418699367,Driver Not Found,CID998937,Prime Plus,Richmond Town,Sahakar Nagar,,,Not Applicable,Not Applicable,Not Applicable,Not Applicable,256,Not Applicable,0,,
2024-07-30 08:31:00,CNR2259400486,Canceled by Driver,CID581075,Prime Sedan,Tumkur Road,HSR Layout,,,Not Applicable,Personal & Car related issue,Not Applicable,Not Applicable,425,Not Applicable,0,,
2024-07-27 02:04:00,CNR8794003296,Canceled by Customer,CID114418,eBike,Kengeri,Hulimavu,,,Driver is not moving towards pickup location,Not Applicable,Not Applicable,Not Applicable,318,Not Applicable,0,,
2024-07-04 17:33:00,CNR9512771135,Success,CID997462,eBike,Devanahalli,Peenya,280.0,115.0,Not Applicable,Not Applicable,No,Not Applicable,307,UPI,29,3.0,3.9
2024-07-17 05:29:00,CNR1117727321,Success,CID386288,eBike,Hulimavu,Majestic,308.0,130.0,Not Applicable,Not Applicable,No,Not Applicable,108,UPI,6,4.6,3.4
2024-07-22 10:21:00,CNR5810261640,Canceled by Driver,CID856013,Bike,Rajarajeshwari Nagar,Indiranagar,,,Not Applicable,Customer related issue,Not Applicable,Not Applicable,188,Not Applicable,0,,
2024-07-05 22:36:00,CNR5059290836,Canceled by Driver,CID507379,Bike,Frazer Town,Langford Town,,,Not Applicable,Customer was coughing/sick,Not Applicable,Not Applicable,631,Not Applicable,0,,
2024-07-30 22:14:00,CNR9427051111,Canceled by Customer,CID726797,Prime SUV,Cox Town,Kengeri,,,Wrong Address,Not Applicable,Not Applicable,Not Applicable,870,Not Applicable,0,,
2024-07-21 20:39:00,CNR6043694431,Success,CID458163,Prime SUV,Hebbal,Chickpet,126.0,35.0,Not Applicable,Not Applicable,No,Not Applicable,196,Cash,32,4.0,4.8
2024-07-13 16:32:00,CNR7025026416,Success,CID943568,Auto,Electronic City,Sarjapur Road,35.0,145.0,Not Applicable,Not Applicable,No,Not Applicable,431,Cash,8,4.0,3.2
2024-07-12 18:07:00,CNR5360141772,Success,CID935712,Bike,Rajarajeshwari Nagar,Malleshwaram,98.0,145.0,Not Applicable,Not Applicable,No,Not Applicable,113,Cash,24,3.0,4.7
2024-07-02 04:26:00,CNR8851846973,Canceled by Customer,CID938195,Mini,Electronic City,HSR Layout,,,Driver is not moving towards pickup location,Not Applicable,Not Applicable,Not Applicable,272,Not Applicable,0,,
2024-07-23 04:05:00,CNR2439317156,Success,CID977041,Prime Sedan,Ulsoor,Hulimavu,266.0,50.0,Not Applicable,Not Applicable,No,Not Applicable,272,Cash,5,3.7,3.1
2024-07-20 02:54:00,CNR3741996341,Success,CID891046,Prime SUV,Kammanahalli,Bannerghatta Road,308.0,70.0,Not Applicable,Not Applicable,No,Not Applicable,460,Cash,22,4.1,3.0
2024-07-30 09:04:00,CNR2631797183,Canceled by Customer,CID367034,eBike,HSR Layout,Richmond Town,,,AC is Not working,Not Applicable,Not Applicable,Not Applicable,315,Not Applicable,0,,
2024-07-04 00:59:00,CNR5654478950,Driver Not Found,CID524766,Prime SUV,HSR Layout,Frazer Town,,,Not Applicable,Not Applicable,Not Applicable,Not Applicable,105,Not Applicable,0,,
2024-07-01 05:44:00,CNR7102383433,Success,CID686905,Prime Sedan,Bellandur,MG Road,308.0,80.0,Not Applicable,Not Applicable,No,Not Applicable,283,Cash,1,4.3,4.9
2024-07-30 22:49:00,CNR2178241309,Success,CID764084,Bike,Shantinagar,BTM Layout,224.0,145.0,Not Applicable,Not Applicable,No,Not Applicable,344,Debit Card,23,4.2,5.0
2024-07-22 00:43:00,CNR5232346314,Success,CID842643,eBike,Magadi Road,Electronic City,245.0,55.0,Not Applicable,Not Applicable,No,Not Applicable,138,Credit Card,2,4.5,3.3
2024-07-08 14:20:00,CNR8468529172,Driver Not Found,CID190722,Prime SUV,Vijayanagar,Ramamurthy Nagar,,,Not Applicable,Not Applicable,Not Applicable,Not Applicable,239,Not Applicable,0,,
2024-07-19 20:18:00,CNR5582098131,Canceled by Driver,CID583835,Auto,Hebbal,Bannerghatta Road,,,Not Applicable,Personal & Car related issue,Not Applicable,Not Applicable,494,Not Applicable,0,,
2024-07-23 02:26:00,CNR9401476749,Success,CID800288,Prime SUV,Frazer Town,Kengeri,161.0,115.0,Not Applicable,Not Applicable,No,Not Applicable,375,Cash,10,4.1,3.3
2024-07-14 23:40:00,CNR3644765154,Success,CID212713,Bike,Yelahanka,Varthur,126.0,140.0,Not Applicable,Not Applicable,Yes,Customer Demand,378,UPI,49,4.4,4.0
2024-07-08 10:35:00,CNR2942079028,Driver Not Found,CID209267,Prime Plus,Bellandur,Malleshwaram,,,Not Applicable,Not Applicable,Not Applicable,Not Applicable,155,Not Applicable,0,,
2024-07-21 07:22:00,CNR2583367806,Success,CID555962,Prime Sedan,Bellandur,Ulsoor,168.0,25.0,Not Applicable,Not Applicable,No,Not Applicable,324,Cash,21,4.2,4.2
2024-07-23 13:55:00,CNR6840171029,Success,CID697032,eBike,Bannerghatta Road,Hulimavu,49.0,105.0,Not Applicable,Not Applicable,Yes,Vehicle Breakdown,2579,Cash,19,4.9,4.8
2024-07-04 16:55:00,CNR7470531856,Success,CID137344,eBike,Kammanahalli,Shivajinagar,231.0,145.0,Not Applicable,Not Applicable,No,Not Applicable,439,UPI,8,5.0,3.8
2024-07-16 15:19:00,CNR2007856984,Success,CID874293,Prime Plus,Padmanabhanagar,Yelahanka,210.0,85.0,Not Applicable,Not Applicable,No,Not Applicable,1426,Cash,43,4.9,3.1
2024-07-08 02:47:00,CNR5370805007,Success,CID736450,Prime Plus,Kadugodi,Shantinagar,189.0,35.0,Not Applicable,Not Applicable,No,Not Applicable,475,Cash,45,4.2,4.9
2024-07-15 00:29:00,CNR6453466087,Driver Not Found,CID376241,Mini,Malleshwaram,Bellandur,,,Not Applicable,Not Applicable,Not Applicable,Not Applicable,219,Not Applicable,0,,
2024-07-07 04:16:00,CNR2522294507,Canceled by Driver,CID825784,Bike,Hennur,Bannerghatta Road,,,Not Applicable,Customer was coughing/sick,Not Applicable,Not Applicable,1492,Not Applicable,0,,
2024-07-17 10:51:00,CNR7635883602,Canceled by Customer,CID632015,eBike,Ramamurthy Nagar,Devanahalli,,,Change of plans,Not Applicable,Not Applicable,Not Applicable,690,Not Applicable,0,,
2024-07-13 02:58:00,CNR7168011681,Success,CID509585,Prime Plus,Kammanahalli,Bannerghatta Road,70.0,40.0,Not Applicable,Not Applicable,No,Not Applicable,210,UPI,34,3.2,3.2
2024-07-19 13:58:00,CNR1504907499,Canceled by Customer,CID526079,Auto,Ulsoor,Bellandur,,,Change of plans,Not Applicable,Not Applicable,Not Applicable,263,Not Applicable,0,,
2024-07-17 16:45:00,CNR5433051671,Success,CID100456,Auto,Basavanagudi,Sahakar Nagar,126.0,90.0,Not Applicable,Not Applicable,No,Not Applicable,203,Credit Card,19,3.8,3.3
2024-07-28 07:03:00,CNR5536301997,Success,CID875384,Prime Sedan,Yeshwanthpur,Cox Town,35.0,135.0,Not Applicable,Not Applicable,No,Not Applicable,435,Cash,24,3.8,4.2
2024-07-27 15:24:00,CNR4925332795,Canceled by Customer,CID811289,Bike,Varthur,Marathahalli,,,Wrong Address,Not Applicable,Not Applicable,Not Applicable,618,Not Applicable,0,,
2024-07-07 08:19:00,CNR4585940972,Success,CID638110,Prime SUV,Shivajinagar,KR Puram,210.0,100.0,Not Applicable,Not Applicable,Yes,Customer Demand,379,Credit Card,28,4.7,4.3
2024-07-27 21:28:00,CNR3630757259,Driver Not Found,CID700829,Prime SUV,Yelahanka,Jayanagar,,,Not Applicable,Not Applicable,Not Applicable,Not Applicable,194,Not Applicable,0,,
2024-07-08 23:29:00,CNR4529277526,Success,CID697830,Auto,Banashankari,Yeshwanthpur,294.0,40.0,Not Applicable,Not Applicable,No,Not Applicable,546,Cash,16,4.4,3.7
2024-07-05 13:32:00,CNR5035306129,Canceled by Driver,CID234781,Prime Sedan,Tumkur Road,Padmanabhanagar,,,Not Applicable,More than permitted people in there,Not Applicable,Not Applicable,422,Not Applicable,0,,
2024-07-21 04:55:00,CNR5495835689,Success,CID726634,Mini,Sahakar Nagar,Cox Town,301.0,40.0,Not Applicable,Not Applicable,No,Not Applicable,1069,UPI,27,3.2,3.7
2024-07-24 12:55:00,CNR3679488619,Canceled by Driver,CID239471,Mini,Bellandur,BTM Layout,,,Not Applicable,Personal & Car related issue,Not Applicable,Not Applicable,671,Not Applicable,0,,
2024-07-13 00:44:00,CNR4290376807,Success,CID591253,Bike,Mysore Road,Sarjapur Road,168.0,45.0,Not Applicable,Not Applicable,No,Not Applicable,233,Cash,14,5.0,4.4
2024-07-25 19:15:00,CNR2094666626,Success,CID762561,Mini,Vijayanagar,Richmond Town,49.0,35.0,Not Applicable,Not Applicable,No,Not Applicable,373,UPI,47,3.7,4.3
2024-07-02 01:00:00,CNR4463258014,Success,CID271931,Prime SUV,Magadi Road,Ramamurthy Nagar,56.0,80.0,Not Applicable,Not Applicable,No,Not Applicable,530,Cash,9,4.8,4.0
2024-07-05 13:26:00,CNR4309275498,Success,CID841788,Auto,JP Nagar,Shantinagar,301.0,125.0,Not Applicable,Not Applicable,No,Not Applicable,403,UPI,18,4.8,4.3
2024-07-05 20:43:00,CNR4307841424,Success,CID222168,Prime Plus,Hennur,Shantinagar,273.0,145.0,Not Applicable,Not Applicable,No,Not Applicable,301,Cash,10,4.0,3.3
2024-07-22 06:10:00,CNR7285585179,Canceled by Customer,CID392253,Mini,MG Road,Koramangala,,,Change of plans,Not Applicable,Not Applicable,Not Applicable,402,Not Applicable,0,,
2024-07-30 01:01:00,CNR5523612823,Canceled by Driver,CID396750,Prime Sedan,Indiranagar,Tumkur Road,,,Not Applicable,Customer related issue,Not Applicable,Not Applicable,913,Not Applicable,0,,
2024-07-06 23:40:00,CNR8763496475,Success,CID648838,Prime Plus,Jayanagar,Kammanahalli,126.0,55.0,Not Applicable,Not Applicable,Yes,Vehicle Breakdown,983,UPI,3,4.6,3.8
2024-07-20 16:04:00,CNR3369791264,Canceled by Customer,CID868291,Prime Plus,BTM Layout,Banashankari,,,Driver is not moving towards pickup location,Not Applicable,Not Applicable,Not Applicable,147,Not Applicable,0,,
2024-07-27 22:14:00,CNR1271458680,Success,CID299225,eBike,Padmanabhanagar,Varthur,42.0,85.0,Not Applicable,Not Applicable,No,Not Applicable,329,Cash,7,4.6,3.7
2024-07-07 06:49:00,CNR4931978121,Canceled by Driver,CID383675,Auto,Magadi Road,Banashankari,,,Not Applicable,Personal & Car related issue,Not Applicable,Not Applicable,237,Not Applicable,0,,
2024-07-26 16:49:00,CNR2084821681,Success,CID458989,Prime Sedan,Magadi Road,JP Nagar,98.0,65.0,Not Applicable,Not Applicable,No,Not Applicable,175,UPI,23,4.4,3.4
2024-07-09 15:51:00,CNR6245779913,Success,CID237332,Prime SUV,Frazer Town,Tumkur Road,91.0,60.0,Not Applicable,Not Applicable,No,Not Applicable,261,Cash,1,4.5,3.2
2024-07-13 02:46:00,CNR5813882714,Success,CID319606,Prime Sedan,Hulimavu,Rajarajeshwari Nagar,98.0,50.0,Not Applicable,Not Applicable,No,Not Applicable,145,Cash,38,3.9,3.4
2024-07-09 07:17:00,CNR6635689233,Canceled by Driver,CID413327,eBike,JP Nagar,Peenya,,,Not Applicable,More than permitted people in there,Not Applicable,Not Applicable,473,Not Applicable,0,,
2024-07-21 01:54:00,CNR6948291298,Success,CID994506,Bike,Ramamurthy Nagar,Banashankari,126.0,40.0,Not Applicable,Not Applicable,No,Not Applicable,236,UPI,31,3.7,4.3
2024-07-19 05:15:00,CNR8312954895,Success,CID759855,Prime Plus,Whitefield,Sahakar Nagar,245.0,75.0,Not Applicable,Not Applicable,No,Not Applicable,206,UPI,23,4.5,3.2
2024-07-18 02:44:00,CNR3416430082,Success,CID916823,eBike,Richmond Town,RT Nagar,70.0,40.0,Not Applicable,Not Applicable,No,Not Applicable,150,UPI,43,4.9,3.5
2024-07-19 03:26:00,CNR5809062041,Canceled by Customer,CID457473,Prime Sedan,Padmanabhanagar,Malleshwaram,,,Driver is not moving towards pickup location,Not Applicable,Not Applicable,Not Applicable,235,Not Applicable,0,,
2024-07-15 12:11:00,CNR8377611064,Success,CID199017,Auto,Hebbal,Kammanahalli,42.0,35.0,Not Applicable,Not Applicable,No,Not Applicable,604,UPI,11,4.0,4.5
2024-07-17 13:19:00,CNR3554575152,Success,CID525661,Bike,Electronic City,Kadugodi,224.0,110.0,Not Applicable,Not Applicable,No,Not Applicable,159,Cash,49,4.7,4.5
2024-07-02 18:44:00,CNR6645900712,Success,CID379274,Bike,Yelahanka,Hennur,273.0,70.0,Not Applicable,Not Applicable,Yes,Customer Demand,2347,UPI,17,4.4,3.4
2024-07-12 20:45:00,CNR9765429116,Driver Not Found,CID100982,Mini,Sahakar Nagar,JP Nagar,,,Not Applicable,Not Applicable,Not Applicable,Not Applicable,521,Not Applicable,0,,
2024-07-17 02:36:00,CNR1108219931,Driver Not Found,CID454229,Mini,Chickpet,Shivajinagar,,,Not Applicable,Not Applicable,Not Applicable,Not Applicable,149,Not Applicable,0,,
2024-07-25 21:41:00,CNR5663406792,Success,CID350170,eBike,Basavanagudi,Padmanabhanagar,280.0,135.0,Not Applicable,Not Applicable,No,Not Applicable,1033,Credit Card,12,3.9,3.5
2024-07-18 12:53:00,CNR4589361991,Success,CID784192,Prime Plus,Hennur,Bellandur,168.0,105.0,Not Applicable,Not Applicable,No,Not Applicable,357,UPI,21,4.9,4.9
2024-07-19 23:45:00,CNR8405403097,Canceled by Driver,CID208175,eBike,KR Puram,Sahakar Nagar,,,Not Applicable,Customer was coughing/sick,Not Applicable,Not Applicable,192,Not Applicable,0,,
2024-07-29 21:54:00,CNR1890745328,Success,CID336333,Mini,Indiranagar,Bannerghatta Road,105.0,105.0,Not Applicable,Not Applicable,Yes,Customer Demand,414,Cash,3,4.4,3.6
2024-07-26 10:32:00,CNR4497912029,Success,CID379792,Prime SUV,Koramangala,Yeshwanthpur,140.0,105.0,Not Applicable,Not Applicable,No,Not Applicable,128,UPI,33,4.1,4.0
2024-07-12 21:27:00,CNR6996439375,Success,CID489323,eBike,Shivajinagar,Devanahalli,266.0,135.0,Not Applicable,Not Applicable,No,Not Applicable,674,UPI,23,3.0,4.6
2024-07-28 20:44:00,CNR5202053014,Driver Not Found,CID327632,eBike,Langford Town,Hosur Road,,,Not Applicable,Not Applicable,Not Applicable,Not Applicable,847,Not Applicable,0,,
2024-07-14 15:30:00,CNR2914733957,Canceled by Driver,CID600163,Prime SUV,Yeshwanthpur,Jayanagar,,,Not Applicable,Customer related issue,Not Applicable,Not Applicable,384,Not Applicable,0,,
2024-07-18 15:20:00,CNR3809019970,Canceled by Customer,CID959570,Prime SUV,Frazer Town,Electronic City,,,Change of plans,Not Applicable,Not Applicable,Not Applicable,243,Not Applicable,0,,
2024-07-03 12:18:00,CNR4052473578,Canceled by Driver,CID204573,Mini,Yelahanka,Frazer Town,,,Not Applicable,Customer was coughing/sick,Not Applicable,Not Applicable,903,Not Applicable,0,,
2024-07-24 00:23:00,CNR5405065597,Success,CID445805,Bike,Rajarajeshwari Nagar,Richmond Town,70.0,100.0,Not Applicable,Not Applicable,No,Not Applicable,290,Cash,37,4.8,4.1
2024-07-16 02:44:00,CNR1680818472,Canceled by Customer,CID620291,Prime SUV,RT Nagar,Peenya,,,Wrong Address,Not Applicable,Not Applicable,Not Applicable,253,Not Applicable,0,,
2024-07-12 10:04:00,CNR6469117886,Success,CID635848,eBike,Whitefield,Richmond Town,168.0,50.0,Not Applicable,Not Applicable,No,Not Applicable,2079,Cash,42,3.6,3.2
2024-07-11 12:38:00,CNR8994872437,Driver Not Found,CID660793,Prime Sedan,Vijayanagar,Hosur Road,,,Not Applicable,Not Applicable,Not Applicable,Not Applicable,957,Not Applicable,0,,
2024-07-13 15:42:00,CNR4148768310,Success,CID539097,Bike,Malleshwaram,Chickpet,175.0,125.0,Not Applicable,Not Applicable,No,Not Applicable,255,UPI,24,3.5,3.9
2024-07-14 18:57:00,CNR6410878408,Success,CID236553,Prime Plus,JP Nagar,Hennur,161.0,65.0,Not Applicable,Not Applicable,No,Not Applicable,702,UPI,26,4.6,4.6
2024-07-19 23:30:00,CNR5923616726,Success,CID716802,Prime Plus,Malleshwaram,Chickpet,63.0,80.0,Not Applicable,Not Applicable,Yes,Customer Demand,482,Cash,19,4.3,3.8
2024-07-05 13:43:00,CNR3007893747,Canceled by Customer,CID900387,eBike,Vijayanagar,Marathahalli,,,Change of plans,Not Applicable,Not Applicable,Not Applicable,413,Not Applicable,0,,
2024-07-18 15:47:00,CNR1279547840,Success,CID821458,Prime Sedan,Varthur,Vijayanagar,70.0,60.0,Not Applicable,Not Applicable,No,Not Applicable,474,Cash,37,3.2,4.6
2024-07-18 04:02:00,CNR8581744946,Success,CID268968,Auto,Chickpet,Sarjapur Road,119.0,55.0,Not Applicable,Not Applicable,No,Not Applicable,471,Cash,4,4.2,4.7
2024-07-02 11:32:00,CNR6830001996,Success,CID585618,Prime Plus,Jayanagar,Kammanahalli,175.0,90.0,Not Applicable,Not Applicable,No,Not Applicable,208,Cash,31,3.8,3.5
2024-07-14 19:35:00,CNR7761794341,Success,CID283532,Prime Plus,Vijayanagar,Shantinagar,280.0,90.0,Not Applicable,Not Applicable,No,Not Applicable,396,UPI,41,3.4,4.8
2024-07-19 22:51:00,CNR9052035154,Canceled by Driver,CID863401,Auto,HSR Layout,Chickpet,,,Not Applicable,Customer related issue,Not Applicable,Not Applicable,236,Not Applicable,0,,
2024-07-28 13:54:00,CNR3706593104,Success,CID536592,Prime Sedan,Kengeri,Chickpet,189.0,120.0,Not Applicable,Not Applicable,No,Not Applicable,2999,Cash,29,4.7,3.5
2024-07-28 16:41:00,CNR9193127882,Driver Not Found,CID372356,Mini,Vijayanagar,Sahakar Nagar,,,Not Applicable,Not Applicable,Not Applicable,Not Applicable,470,Not Applicable,0,,
2024-07-28 05:27:00,CNR1989813102,Canceled by Customer,CID249802,Prime SUV,Marathahalli,Kammanahalli,,,Wrong Address,Not Applicable,Not Applicable,Not Applicable,494,Not Applicable,0,,
2024-07-25 12:04:00,CNR2819958912,Success,CID596302,Prime Plus,Nagarbhavi,Hebbal,294.0,60.0,Not Applicable,Not Applicable,No,Not Applicable,471,Cash,20,3.0,3.7
2024-07-18 22:01:00,CNR2266218106,Canceled by Driver,CID955704,Bike,Yelahanka,Vijayanagar,,,Not Applicable,Customer related issue,Not Applicable,Not Applicable,217,Not Applicable,0,,
2024-07-09 11:21:00,CNR5813571365,Success,CID313128,Prime Plus,Varthur,Yeshwanthpur,98.0,40.0,Not Applicable,Not Applicable,No,Not Applicable,137,UPI,44,3.5,3.9
2024-07-27 01:39:00,CNR3357090857,Success,CID839531,Auto,Basavanagudi,Rajajinagar,238.0,50.0,Not Applicable,Not Applicable,No,Not Applicable,2129,UPI,9,4.7,3.5
2024-07-15 19:04:00,CNR4191430623,Driver Not Found,CID899561,eBike,Peenya,Cox Town,,,Not Applicable,Not Applicable,Not Applicable,Not Applicable,395,Not Applicable,0,,
2024-07-03 23:50:00,CNR1930118993,Success,CID322815,Prime SUV,Ulsoor,Koramangala,98.0,85.0,Not Applicable,Not Applicable,No,Not Applicable,614,Cash,32,3.8,3.1
2024-07-18 17:07:00,CNR4128249595,Canceled by Driver,CID977120,Mini,Sahakar Nagar,Hosur Road,,,Not Applicable,Customer related issue,Not Applicable,Not Applicable,104,Not Applicable,0,,
2024-07-16 23:07:00,CNR1514095849,Success,CID568880,Bike,Banashankari,Shivajinagar,126.0,95.0,Not Applicable,Not Applicable,Yes,Other Issue,157,Cash,22,3.0,4.4
2024-07-30 13:57:00,CNR4965547550,Success,CID730238,Bike,Sarjapur Road,Langford Town,224.0,135.0,Not Applicable,Not Applicable,No,Not Applicable,744,UPI,38,4.7,3.4
2024-07-20 20:16:00,CNR7606440766,Success,CID521898,Bike,Padmanabhanagar,Sahakar Nagar,133.0,120.0,Not Applicable,Not Applicable,No,Not Applicable,289,Cash,33,3.1,4.0
2024-07-07 05:06:00,CNR7472122845,Success,CID953071,eBike,Rajarajeshwari Nagar,Frazer Town,203.0,115.0,Not Applicable,Not Applicable,No,Not Applicable,422,Cash,1,4.3,3.4
2024-07-21 00:59:00,CNR3847045146,Canceled by Driver,CID589660,Bike,BTM Layout,Mysore Road,,,Not Applicable,Customer related issue,Not Applicable,Not Applicable,312,Not Applicable,0,,
2024-07-01 15:24:00,CNR8638224581,Success,CID510623,Bike,KR Puram,Chickpet,70.0,130.0,Not Applicable,Not Applicable,No,Not Applicable,384,UPI,12,3.1,3.8
2024-07-29 03:39:00,CNR9357007011,Success,CID227066,Prime Plus,Yelahanka,Cox Town,49.0,50.0,Not Applicable,Not Applicable,No,Not Applicable,2375,UPI,5,4.3,3.5
2024-07-14 06:29:00,CNR7066595400,Driver Not Found,CID740956,Prime Plus,Malleshwaram,Padmanabhanagar,,,Not Applicable,Not Applicable,Not Applicable,Not Applicable,206,Not Applicable,0,,
2024-07-01 00:11:00,CNR2504013569,Canceled by Driver,CID537425,Bike,Padmanabhanagar,Kadugodi,,,Not Applicable,More than permitted people in there,Not Applicable,Not Applicable,228,Not Applicable,0,,
2024-07-07 03:44:00,CNR5166659405,Success,CID317199,Mini,Richmond Town,MG Road,273.0,100.0,Not Applicable,Not Applicable,No,Not Applicable,619,Cash,40,3.5,4.1
2024-07-21 22:14:00,CNR4577219865,Driver Not Found,CID908234,eBike,Bannerghatta Road,Bannerghatta Road,,,Not Applicable,Not Applicable,Not Applicable,Not Applicable,184,Not Applicable,0,,
2024-07-07 06:49:00,CNR6888694611,Success,CID922990,eBike,Rajarajeshwari Nagar,Yeshwanthpur,217.0,45.0,Not Applicable,Not Applicable,No,Not Applicable,891,Cash,26,4.7,3.8
2024-07-01 23:17:00,CNR7020737344,Success,CID320611,Bike,Hosur Road,Mysore Road,259.0,50.0,Not Applicable,Not Applicable,No,Not Applicable,500,Credit Card,17,4.9,4.7
2024-07-04 18:18:00,CNR9729635484,Driver Not Found,CID261941,Prime Sedan,Ulsoor,KR Puram,,,Not Applicable,Not Applicable,Not Applicable,Not Applicable,932,Not Applicable,0,,
2024-07-19 20:58:00,CNR9027528365,Canceled by Customer,CID856854,Prime Plus,Hulimavu,Hebbal,,,Driver asked to cancel,Not Applicable,Not Applicable,Not Applicable,491,Not Applicable,0,,
2024-07-08 02:35:00,CNR2199750151,Driver Not Found,CID864217,eBike,HSR Layout,Ramamurthy Nagar,,,Not Applicable,Not Applicable,Not Applicable,Not Applicable,2092,Not Applicable,0,,
2024-07-30 21:59:00,CNR9768630033,Success,CID549710,Prime Sedan,Frazer Town,Koramangala,35.0,70.0,Not Applicable,Not Applicable,No,Not Applicable,180,UPI,18,3.9,3.6
2024-07-16 19:20:00,CNR3981156622,Driver Not Found,CID641130,Prime Plus,Basavanagudi,Indiranagar,,,Not Applicable,Not Applicable,Not Applicable,Not Applicable,152,Not Applicable,0,,
2024-07-11 22:09:00,CNR5674773829,Success,CID393353,Auto,JP Nagar,KR Puram,231.0,145.0,Not Applicable,Not Applicable,No,Not Applicable,306,Cash,1,3.8,4.4
2024-07-21 15:24:00,CNR4597005480,Canceled by Driver,CID769924,Prime Sedan,Chamarajpet,Vijayanagar,,,Not Applicable,Customer was coughing/sick,Not Applicable,Not Applicable,774,Not Applicable,0,,
2024-07-02 09:05:00,CNR7373268315,Success,CID889897,Mini,Indiranagar,BTM Layout,98.0,115.0,Not Applicable,Not Applicable,No,Not Applicable,947,UPI,26,4.3,5.0
2024-07-30 15:52:00,CNR7124102294,Success,CID371348,Mini,Ramamurthy Nagar,Rajarajeshwari Nagar,126.0,55.0,Not Applicable,Not Applicable,No,Not Applicable,996,UPI,13,4.0,3.5
2024-07-17 05:34:00,CNR7403943891,Success,CID837629,Bike,Bellandur,BTM Layout,287.0,55.0,Not Applicable,Not Applicable,No,Not Applicable,912,UPI,27,4.5,4.6
2024-07-03 03:33:00,CNR5499884277,Success,CID737606,eBike,MG Road,Koramangala,259.0,35.0,Not Applicable,Not Applicable,No,Not Applicable,356,Cash,6,4.2,3.2
2024-07-14 22:55:00,CNR4043829095,Canceled by Customer,CID567632,Prime Sedan,Basavanagudi,Richmond Town,,,AC is Not working,Not Applicable,Not Applicable,Not Applicable,662,Not Applicable,0,,
2024-07-13 12:38:00,CNR1745131576,Canceled by Driver,CID330041,Prime Plus,Cox Town,Hebbal,,,Not Applicable,Customer related issue,Not Applicable,Not Applicable,499,Not Applicable,0,,
2024-07-14 23:02:00,CNR9833202054,Success,CID357575,eBike,Sarjapur Road,Chamarajpet,77.0,30.0,Not Applicable,Not Applicable,No,Not Applicable,255,Cash,1,3.7,3.1
2024-07-26 11:31:00,CNR3391772809,Success,CID471047,Auto,Sahakar Nagar,Yelahanka,126.0,140.0,Not Applicable,Not Applicable,No,Not Applicable,335,Cash,15,4.9,4.6
2024-07-30 14:35:00,CNR1545898889,Driver Not Found,CID354240,Prime SUV,Mysore Road,Tumkur Road,,,Not Applicable,Not Applicable,Not Applicable,Not Applicable,287,Not Applicable,0,,
2024-07-17 16:37:00,CNR2116763052,Driver Not Found,CID555380,Mini,Electronic City,Hulimavu,,,Not Applicable,Not Applicable,Not Applicable,Not Applicable,131,Not Applicable,0,,
2024-07-09 16:43:00,CNR2170891219,Success,CID301196,Mini,Chickpet,Ulsoor,168.0,105.0,Not Applicable,Not Applicable,No,Not Applicable,302,UPI,8,3.8,4.6
2024-07-05 15:06:00,CNR3236747834,Success,CID105941,Mini,Bannerghatta Road,Devanahalli,56.0,75.0,Not Applicable,Not Applicable,Yes,Vehicle Breakdown,376,Cash,14,4.1,4.2
2024-07-17 19:25:00,CNR7726169053,Success,CID543388,Prime Plus,Basavanagudi,Shantinagar,98.0,80.0,Not Applicable,Not Applicable,No,Not Applicable,215,UPI,24,4.0,4.6
2024-07-26 02:47:00,CNR7517603900,Success,CID217656,Prime Plus,Koramangala,Rajajinagar,294.0,85.0,Not Applicable,Not Applicable,No,Not Applicable,230,Cash,21,3.3,4.0
2024-07-26 18:41:00,CNR2623788240,Success,CID769943,eBike,Ulsoor,Banashankari,189.0,25.0,Not Applicable,Not Applicable,No,Not Applicable,273,UPI,1,3.2,4.4
2024-07-30 03:01:00,CNR9008154810,Success,CID680520,Prime SUV,Ramamurthy Nagar,Koramangala,217.0,100.0,Not Applicable,Not Applicable,No,Not Applicable,223,Cash,7,3.6,3.7
2024-07-20 07:07:00,CNR2807118922,Success,CID309246,Prime Sedan,RT Nagar,MG Road,112.0,105.0,Not Applicable,Not Applicable,No,Not Applicable,204,Cash,42,3.4,3.7
2024-07-30 04:16:00,CNR1257363960,Success,CID309100,Auto,Rajajinagar,Hosur Road,252.0,95.0,Not Applicable,Not Applicable,No,Not Applicable,423,Cash,1,3.7,3.0
2024-07-23 13:47:00,CNR8755061670,Success,CID872860,Mini,BTM Layout,Shivajinagar,168.0,125.0,Not Applicable,Not Applicable,No,Not Applicable,1445,UPI,18,4.3,4.4
2024-07-19 12:36:00,CNR4219763154,Success,CID389071,Auto,Hebbal,Ramamurthy Nagar,196.0,110.0,Not Applicable,Not Applicable,No,Not Applicable,228,Cash,11,3.1,3.8
2024-07-08 23:34:00,CNR3421352695,Canceled by Customer,CID771397,Auto,Koramangala,HSR Layout,,,AC is Not working,Not Applicable,Not Applicable,Not Applicable,323,Not Applicable,0,,
2024-07-17 08:13:00,CNR6827881593,Driver Not Found,CID213961,eBike,Mysore Road,Sarjapur Road,,,Not Applicable,Not Applicable,Not Applicable,Not Applicable,250,Not Applicable,0,,
2024-07-10 07:56:00,CNR7270111763,Driver Not Found,CID934012,Prime Plus,Yeshwanthpur,Kadugodi,,,Not Applicable,Not Applicable,Not Applicable,Not Applicable,472,Not Applicable,0,,
2024-07-10 10:25:00,CNR5400223713,Success,CID639400,Auto,RT Nagar,Yelahanka,308.0,125.0,Not Applicable,Not Applicable,No,Not Applicable,273,Cash,15,4.2,3.8
2024-07-17 12:49:00,CNR5382277969,Success,CID824755,Prime Sedan,Kammanahalli,Chickpet,77.0,145.0,Not Applicable,Not Applicable,No,Not Applicable,204,Cash,31,3.9,4.6
2024-07-04 10:46:00,CNR8174794386,Canceled by Driver,CID835612,Prime Plus,Hebbal,Nagarbhavi,,,Not Applicable,Personal & Car related issue,Not Applicable,Not Applicable,234,Not Applicable,0,,
2024-07-07 14:30:00,CNR1440961392,Success,CID358266,Mini,Cox Town,Cox Town,154.0,40.0,Not Applicable,Not Applicable,No,Not Applicable,322,UPI,25,3.9,4.0
2024-07-28 15:53:00,CNR4378989917,Success,CID414891,Bike,Sahakar Nagar,Yeshwanthpur,252.0,65.0,Not Applicable,Not Applicable,No,Not Applicable,339,UPI,30,4.0,3.7
2024-07-01 17:48:00,CNR5042444709,Success,CID588279,Mini,Hebbal,Mysore Road,105.0,65.0,Not Applicable,Not Applicable,No,Not Applicable,232,UPI,16,4.3,4.4
2024-07-24 09:13:00,CNR4680562468,Success,CID765054,Prime Sedan,Indiranagar,Kammanahalli,154.0,140.0,Not Applicable,Not Applicable,No,Not Applicable,842,UPI,15,3.9,3.6
2024-07-15 01:35:00,CNR8434222947,Canceled by Driver,CID193152,Prime SUV,Magadi Road,Marathahalli,,,Not Applicable,Customer related issue,Not Applicable,Not Applicable,309,Not Applicable,0,,
2024-07-29 03:49:00,CNR7705089274,Success,CID949022,Prime SUV,Koramangala,Ulsoor,49.0,55.0,Not Applicable,Not Applicable,No,Not Applicable,171,UPI,46,4.5,3.7
2024-07-30 14:25:00,CNR3136020821,Canceled by Driver,CID298883,Auto,Magadi Road,Electronic City,,,Not Applicable,Customer related issue,Not Applicable,Not Applicable,758,Not Applicable,0,,
2024-07-18 22:36:00,CNR4918686276,Success,CID413744,Auto,Hulimavu,Shivajinagar,252.0,110.0,Not Applicable,Not Applicable,No,Not Applicable,499,Cash,11,3.3,4.6
2024-07-03 02:08:00,CNR7904110236,Success,CID991391,Prime Plus,Basavanagudi,Padmanabhanagar,245.0,70.0,Not Applicable,Not Applicable,No,Not Applicable,291,Cash,41,3.3,4.1
2024-07-02 11:57:00,CNR8506017809,Success,CID247425,Prime Sedan,Rajajinagar,Basavanagudi,49.0,70.0,Not Applicable,Not Applicable,No,Not Applicable,401,Cash,32,3.4,3.7
2024-07-15 22:52:00,CNR2064047531,Success,CID994885,Mini,Magadi Road,Indiranagar,224.0,70.0,Not Applicable,Not Applicable,No,Not Applicable,490,UPI,49,3.2,3.3
2024-07-26 07:49:00,CNR8581640764,Canceled by Driver,CID160383,eBike,Bannerghatta Road,Hulimavu,,,Not Applicable,More than permitted people in there,Not Applicable,Not Applicable,192,Not Applicable,0,,
2024-07-10 15:54:00,CNR6432306054,Success,CID475329,eBike,Rajarajeshwari Nagar,JP Nagar,84.0,25.0,Not Applicable,Not Applicable,No,Not Applicable,384,Cash,31,4.5,3.2
2024-07-24 07:16:00,CNR2908735616,Success,CID306282,Prime SUV,Bellandur,Kengeri,273.0,140.0,Not Applicable,Not Applicable,No,Not Applicable,1799,Cash,41,4.9,3.8
2024-07-29 15:19:00,CNR4649411397,Success,CID845583,Prime Plus,Electronic City,Tumkur Road,287.0,70.0,Not Applicable,Not Applicable,No,Not Applicable,694,Cash,48,5.0,4.6
2024-07-18 21:06:00,CNR8766145665,Success,CID354311,Auto,Bellandur,Rajajinagar,154.0,75.0,Not Applicable,Not Applicable,No,Not Applicable,338,Cash,14,3.8,3.6
2024-07-21 02:03:00,CNR5018834108,Canceled by Customer,CID652717,Mini,Yelahanka,Yelahanka,,,Wrong Address,Not Applicable,Not Applicable,Not Applicable,828,Not Applicable,0,,
2024-07-03 09:26:00,CNR5440039830,Success,CID148715,Prime SUV,Padmanabhanagar,HSR Layout,203.0,45.0,Not Applicable,Not Applicable,No,Not Applicable,523,Cash,36,4.9,4.6
2024-07-26 04:42:00,CNR8584294973,Success,CID191999,Bike,Magadi Road,BTM Layout,49.0,95.0,Not Applicable,Not Applicable,No,Not Applicable,2858,Cash,27,4.4,3.7
2024-07-19 03:18:00,CNR1257668352,Success,CID478677,Mini,Whitefield,Chickpet,259.0,90.0,Not Applicable,Not Applicable,No,Not Applicable,111,Cash,23,4.5,4.1
2024-07-29 05:44:00,CNR2253763152,Success,CID336782,Auto,Vijayanagar,Peenya,196.0,75.0,Not Applicable,Not Applicable,No,Not Applicable,413,Credit Card,18,4.1,3.2
2024-07-26 10:56:00,CNR3059255089,Success,CID767440,Prime Plus,BTM Layout,Kadugodi,280.0,90.0,Not Applicable,Not Applicable,No,Not Applicable,303,Cash,49,3.9,4.4
2024-07-10 16:30:00,CNR4598689169,Driver Not Found,CID371016,Auto,Basavanagudi,Cox Town,,,Not Applicable,Not Applicable,Not Applicable,Not Applicable,243,Not Applicable,0,,
2024-07-17 20:18:00,CNR7206565953,Success,CID944631,Prime SUV,Frazer Town,Electronic City,112.0,30.0,Not Applicable,Not Applicable,No,Not Applicable,385,UPI,27,3.2,4.1
2024-07-09 07:16:00,CNR7392066267,Canceled by Driver,CID847373,Prime Plus,Mysore Road,Chickpet,,,Not Applicable,Customer was coughing/sick,Not Applicable,Not Applicable,227,Not Applicable,0,,
2024-07-20 03:18:00,CNR9351510787,Success,CID127731,Prime Plus,KR Puram,Bellandur,98.0,110.0,Not Applicable,Not Applicable,No,Not Applicable,634,Cash,15,4.0,3.5
2024-07-29 13:20:00,CNR1140245303,Success,CID466325,Auto,Basavanagudi,Langford Town,84.0,105.0,Not Applicable,Not Applicable,No,Not Applicable,378,UPI,6,4.8,3.8
2024-07-11 09:30:00,CNR2955187623,Success,CID992997,Prime Sedan,Padmanabhanagar,Kammanahalli,175.0,50.0,Not Applicable,Not Applicable,No,Not Applicable,227,UPI,18,3.9,3.9
2024-07-10 19:02:00,CNR7017770842,Success,CID727603,Auto,BTM Layout,Kengeri,105.0,65.0,Not Applicable,Not Applicable,No,Not Applicable,2075,UPI,15,3.3,3.7
2024-07-06 17:36:00,CNR7616492624,Success,CID248865,Prime SUV,Cox Town,Shantinagar,182.0,40.0,Not Applicable,Not Applicable,No,Not Applicable,431,UPI,11,3.9,5.0
2024-07-23 17:19:00,CNR3317312624,Canceled by Driver,CID958480,Bike,Indiranagar,Marathahalli,,,Not Applicable,More than permitted people in there,Not Applicable,Not Applicable,106,Not Applicable,0,,
2024-07-15 23:42:00,CNR2025850186,Canceled by Driver,CID581524,Prime Sedan,Hulimavu,Yelahanka,,,Not Applicable,Personal & Car related issue,Not Applicable,Not Applicable,1664,Not Applicable,0,,
2024-07-05 02:36:00,CNR8469298670,Success,CID203870,Prime SUV,Nagarbhavi,Rajarajeshwari Nagar,175.0,105.0,Not Applicable,Not Applicable,No,Not Applicable,574,UPI,25,4.2,4.4
2024-07-14 15:01:00,CNR2507191153,Success,CID650536,Bike,Shivajinagar,Langford Town,154.0,25.0,Not Applicable,Not Applicable,No,Not Applicable,396,Cash,49,3.3,3.3
2024-07-07 20:28:00,CNR6447630808,Success,CID755397,Prime SUV,Devanahalli,Rajarajeshwari Nagar,189.0,120.0,Not Applicable,Not Applicable,No,Not Applicable,317,Cash,37,3.4,3.7
2024-07-11 00:47:00,CNR2744662026,Success,CID770804,Mini,Chamarajpet,Devanahalli,147.0,50.0,Not Applicable,Not Applicable,Yes,Other Issue,268,UPI,44,4.3,3.8
2024-07-21 07:53:00,CNR8319201588,Success,CID432754,Prime Sedan,Jayanagar,Jayanagar,35.0,110.0,Not Applicable,Not Applicable,No,Not Applicable,441,UPI,27,3.7,4.0
2024-07-10 06:46:00,CNR4830895670,Success,CID909671,Mini,Richmond Town,Richmond Town,98.0,125.0,Not Applicable,Not Applicable,No,Not Applicable,2017,Cash,48,5.0,3.5
2024-07-19 22:57:00,CNR4734989274,Canceled by Customer,CID552565,Prime Sedan,BTM Layout,Hennur,,,Driver is not moving towards pickup location,Not Applicable,Not Applicable,Not Applicable,494,Not Applicable,0,,
2024-07-12 06:53:00,CNR7256529069,Success,CID673763,Mini,Kengeri,Shivajinagar,308.0,30.0,Not Applicable,Not Applicable,No,Not Applicable,992,Cash,40,4.8,3.4
2024-07-14 00:38:00,CNR2305738855,Success,CID561959,Bike,Marathahalli,Padmanabhanagar,196.0,100.0,Not Applicable,Not Applicable,No,Not Applicable,487,UPI,20,3.4,4.1
2024-07-26 19:27:00,CNR1486094139,Success,CID756849,eBike,Shantinagar,Varthur,91.0,110.0,Not Applicable,Not Applicable,No,Not Applicable,328,Cash,9,4.5,4.2
2024-07-20 03:10:00,CNR3772889920,Driver Not Found,CID385270,Auto,HSR Layout,Sarjapur Road,,,Not Applicable,Not Applicable,Not Applicable,Not Applicable,219,Not Applicable,0,,
2024-07-19 04:01:00,CNR2866825301,Success,CID970440,Prime Plus,Tumkur Road,Jayanagar,77.0,70.0,Not Applicable,Not Applicable,No,Not Applicable,154,UPI,36,4.1,4.1
2024-07-30 13:42:00,CNR9160305006,Success,CID957278,Prime Sedan,Mysore Road,Chickpet,210.0,85.0,Not Applicable,Not Applicable,No,Not Applicable,189,Cash,39,3.9,4.2
2024-07-23 21:04:00,CNR4071159548,Success,CID378445,Auto,Bannerghatta Road,Hennur,252.0,145.0,Not Applicable,Not Applicable,No,Not Applicable,148,Cash,16,3.5,4.5
2024-07-01 17:19:00,CNR3999632542,Canceled by Driver,CID636950,Mini,Varthur,JP Nagar,,,Not Applicable,Customer related issue,Not Applicable,Not Applicable,672,Not Applicable,0,,
2024-07-29 21:53:00,CNR5704573887,Canceled by Driver,CID793177,Auto,Vijayanagar,Bannerghatta Road,,,Not Applicable,Personal & Car related issue,Not Applicable,Not Applicable,984,Not Applicable,0,,
2024-07-04 17:55:00,CNR2930431985,Success,CID775074,Auto,Vijayanagar,Sahakar Nagar,196.0,110.0,Not Applicable,Not Applicable,Yes,Other Issue,176,Cash,10,4.7,4.9
2024-07-09 17:25:00,CNR6590217849,Canceled by Driver,CID364650,Auto,Frazer Town,Devanahalli,,,Not Applicable,Personal & Car related issue,Not Applicable,Not Applicable,603,Not Applicable,0,,
2024-07-10 14:47:00,CNR3425458341,Canceled by Customer,CID796990,Bike,Koramangala,Bannerghatta Road,,,Change of plans,Not Applicable,Not Applicable,Not Applicable,333,Not Applicable,0,,
2024-07-21 04:12:00,CNR2571014605,Success,CID192115,Auto,Tumkur Road,Cox Town,273.0,145.0,Not Applicable,Not Applicable,No,Not Applicable,232,UPI,5,3.5,3.7
2024-07-24 07:38:00,CNR1300772913,Canceled by Customer,CID171676,Auto,Devanahalli,Padmanabhanagar,,,Driver asked to cancel,Not Applicable,Not Applicable,Not Applicable,602,Not Applicable,0,,
2024-07-27 20:02:00,CNR3796917486,Success,CID405439,Prime Plus,Varthur,Cox Town,217.0,50.0,Not Applicable,Not Applicable,No,Not Applicable,857,UPI,9,4.3,3.8
2024-07-05 01:27:00,CNR9764673297,Success,CID184960,Mini,Kammanahalli,Varthur,126.0,60.0,Not Applicable,Not Applicable,No,Not Applicable,811,Cash,15,3.9,3.7
2024-07-02 02:45:00,CNR2169436601,Driver Not Found,CID977039,Prime Sedan,Yeshwanthpur,Frazer Town,,,Not Applicable,Not Applicable,Not Applicable,Not Applicable,672,Not Applicable,0,,
2024-07-22 06:29:00,CNR1594181526,Success,CID181992,Bike,Peenya,Frazer Town,140.0,45.0,Not Applicable,Not Applicable,No,Not Applicable,2990,Cash,8,3.4,4.2
2024-07-03 12:32:00,CNR1783568114,Success,CID273864,eBike,Frazer Town,Ramamurthy Nagar,105.0,70.0,Not Applicable,Not Applicable,No,Not Applicable,2110,Cash,43,3.9,3.7
2024-07-20 13:05:00,CNR5105161207,Success,CID149665,Bike,Kadugodi,RT Nagar,280.0,130.0,Not Applicable,Not Applicable,No,Not Applicable,390,Cash,45,3.1,3.8
2024-07-07 02:03:00,CNR5529002602,Success,CID349128,Bike,RT Nagar,Rajarajeshwari Nagar,147.0,125.0,Not Applicable,Not Applicable,No,Not Applicable,251,Cash,44,4.0,3.5
2024-07-09 01:38:00,CNR5718140557,Success,CID651057,Prime Plus,Kengeri,Tumkur Road,210.0,80.0,Not Applicable,Not Applicable,No,Not Applicable,733,Cash,35,3.3,4.1
2024-07-17 11:09:00,CNR2521665362,Success,CID228007,eBike,KR Puram,Indiranagar,35.0,85.0,Not Applicable,Not Applicable,No,Not Applicable,404,Cash,42,3.6,3.6
2024-07-21 21:46:00,CNR8195258203,Canceled by Driver,CID500261,Mini,Bannerghatta Road,MG Road,,,Not Applicable,More than permitted people in there,Not Applicable,Not Applicable,285,Not Applicable,0,,
2024-07-07 21:37:00,CNR9274509395,Canceled by Driver,CID941488,Prime Plus,Tumkur Road,Kadugodi,,,Not Applicable,Personal & Car related issue,Not Applicable,Not Applicable,113,Not Applicable,0,,
2024-07-29 17:28:00,CNR4460720557,Success,CID943649,Auto,Kammanahalli,Chamarajpet,217.0,85.0,Not Applicable,Not Applicable,No,Not Applicable,173,Cash,16,4.7,3.7
2024-07-12 05:46:00,CNR2479850012,Canceled by Driver,CID673246,eBike,Kadugodi,Sahakar Nagar,,,Not Applicable,Personal & Car related issue,Not Applicable,Not Applicable,463,Not Applicable,0,,
2024-07-02 05:37:00,CNR9402324774,Success,CID154220,eBike,Devanahalli,Indiranagar,175.0,130.0,Not Applicable,Not Applicable,No,Not Applicable,975,Cash,37,3.3,4.7
2024-07-30 15:10:00,CNR1521699914,Success,CID189450,Prime Sedan,Rajarajeshwari Nagar,HSR Layout,175.0,125.0,Not Applicable,Not Applicable,No,Not Applicable,298,UPI,6,4.2,4.8
2024-07-04 05:17:00,CNR4756398258,Success,CID523039,Prime Sedan,Ramamurthy Nagar,Electronic City,217.0,95.0,Not Applicable,Not Applicable,No,Not Applicable,245,Cash,31,3.1,4.2
2024-07-04 23:42:00,CNR5243072730,Canceled by Customer,CID420788,Prime SUV,Cox Town,Banashankari,,,Driver is not moving towards pickup location,Not Applicable,Not Applicable,Not Applicable,315,Not Applicable,0,,
2024-07-16 00:43:00,CNR1207535811,Canceled by Driver,CID180275,Prime Plus,Basavanagudi,Yeshwanthpur,,,Not Applicable,Customer related issue,Not Applicable,Not Applicable,318,Not Applicable,0,,
2024-07-17 15:33:00,CNR7135080793,Canceled by Driver,CID750928,Bike,Hennur,Sahakar Nagar,,,Not Applicable,Personal & Car related issue,Not Applicable,Not Applicable,461,Not Applicable,0,,
2024-07-14 21:06:00,CNR9802926545,Success,CID985133,eBike,Indiranagar,Chamarajpet,182.0,100.0,Not Applicable,Not Applicable,No,Not Applicable,268,UPI,39,3.1,3.1
2024-07-06 11:16:00,CNR6089831751,Success,CID937806,eBike,KR Puram,Varthur,126.0,130.0,Not Applicable,Not Applicable,No,Not Applicable,155,Cash,22,4.1,3.2
2024-07-04 16:48:00,CNR7444674044,Success,CID132823,Prime Plus,Hebbal,Shivajinagar,77.0,75.0,Not Applicable,Not Applicable,No,Not Applicable,214,Cash,27,4.8,3.1
2024-07-09 20:19:00,CNR1210456506,Success,CID518577,Prime SUV,Chickpet,Vijayanagar,294.0,85.0,Not Applicable,Not Applicable,No,Not Applicable,506,UPI,36,3.7,4.3
2024-07-30 09:57:00,CNR6173187500,Success,CID737957,Bike,KR Puram,Yeshwanthpur,189.0,130.0,Not Applicable,Not Applicable,No,Not Applicable,468,UPI,30,3.6,4.3
2024-07-15 08:12:00,CNR8452855968,Success,CID720883,Bike,Sarjapur Road,Banashankari,42.0,120.0,Not Applicable,Not Applicable,No,Not Applicable,535,UPI,34,3.6,4.9
2024-07-09 11:12:00,CNR2830868068,Success,CID663534,Prime Plus,Peenya,Ramamurthy Nagar,77.0,75.0,Not Applicable,Not Applicable,Yes,Vehicle Breakdown,229,UPI,21,4.7,3.7
2024-07-29 16:51:00,CNR2888617952,Canceled by Driver,CID129094,Prime Sedan,Marathahalli,KR Puram,,,Not Applicable,Customer related issue,Not Applicable,Not Applicable,2793,Not Applicable,0,,
2024-07-02 11:51:00,CNR6759983736,Driver Not Found,CID935064,Mini,Nagarbhavi,RT Nagar,,,Not Applicable,Not Applicable,Not Applicable,Not Applicable,189,Not Applicable,0,,
2024-07-23 19:48:00,CNR4515398553,Success,CID270285,Bike,Banashankari,Hebbal,63.0,30.0,Not Applicable,Not Applicable,No,Not Applicable,220,UPI,35,3.7,4.0
2024-07-23 21:40:00,CNR5213605141,Success,CID251145,Prime Sedan,Kammanahalli,MG Road,224.0,85.0,Not Applicable,Not Applicable,No,Not Applicable,324,Cash,20,3.8,3.7
2024-07-08 08:02:00,CNR8328507208,Success,CID999982,Prime Plus,Mysore Road,Shantinagar,210.0,105.0,Not Applicable,Not Applicable,No,Not Applicable,686,Cash,3,4.0,4.3
2024-07-22 21:32:00,CNR5611201942,Driver Not Found,CID915290,eBike,Jayanagar,Padmanabhanagar,,,Not Applicable,Not Applicable,Not Applicable,Not Applicable,1405,Not Applicable,0,,
2024-07-08 19:05:00,CNR9402713911,Driver Not Found,CID447872,eBike,Padmanabhanagar,Mysore Road,,,Not Applicable,Not Applicable,Not Applicable,Not Applicable,653,Not Applicable,0,,
2024-07-19 13:57:00,CNR9981097786,Success,CID749157,Mini,Malleshwaram,Chamarajpet,231.0,145.0,Not Applicable,Not Applicable,No,Not Applicable,222,Cash,22,3.6,3.5
2024-07-21 21:48:00,CNR9615321233,Success,CID918425,eBike,Bannerghatta Road,Cox Town,35.0,115.0,Not Applicable,Not Applicable,Yes,Customer Demand,850,UPI,40,4.7,3.9
2024-07-28 04:22:00,CNR8220700926,Success,CID937493,eBike,Chamarajpet,Ramamurthy Nagar,252.0,145.0,Not Applicable,Not Applicable,No,Not Applicable,199,Cash,37,4.5,4.1
2024-07-02 07:59:00,CNR1194069456,Canceled by Driver,CID873732,eBike,Langford Town,Rajarajeshwari Nagar,,,Not Applicable,Customer was coughing/sick,Not Applicable,Not Applicable,990,Not Applicable,0,,
2024-07-15 20:13:00,CNR4967314530,Canceled by Customer,CID364924,eBike,Chamarajpet,Marathahalli,,,AC is Not working,Not Applicable,Not Applicable,Not Applicable,363,Not Applicable,0,,
2024-07-17 10:24:00,CNR2300786492,Canceled by Customer,CID140438,Prime Sedan,BTM Layout,Sarjapur Road,,,AC is Not working,Not Applicable,Not Applicable,Not Applicable,334,Not Applicable,0,,
2024-07-30 00:22:00,CNR7677620984,Success,CID557713,Bike,Yeshwanthpur,MG Road,133.0,45.0,Not Applicable,Not Applicable,No,Not Applicable,950,Credit Card,8,4.5,4.7
2024-07-30 11:43:00,CNR9678318765,Success,CID114074,Prime SUV,Bannerghatta Road,Kadugodi,119.0,30.0,Not Applicable,Not Applicable,No,Not Applicable,209,Cash,15,3.5,4.0
2024-07-08 18:40:00,CNR9072466428,Success,CID792376,Prime Sedan,BTM Layout,Yelahanka,287.0,90.0,Not Applicable,Not Applicable,Yes,Vehicle Breakdown,254,UPI,26,4.6,4.2
2024-07-13 10:24:00,CNR4162716499,Canceled by Customer,CID505165,Prime SUV,Shivajinagar,Yelahanka,,,AC is Not working,Not Applicable,Not Applicable,Not Applicable,168,Not Applicable,0,,
2024-07-10 07:12:00,CNR2087194617,Success,CID292594,Prime Plus,Frazer Town,Jayanagar,252.0,95.0,Not Applicable,Not Applicable,No,Not Applicable,435,UPI,17,4.3,4.2
2024-07-11 17:07:00,CNR1944186755,Canceled by Customer,CID306952,eBike,Frazer Town,JP Nagar,,,Change of plans,Not Applicable,Not Applicable,Not Applicable,285,Not Applicable,0,,
2024-07-27 21:55:00,CNR5275012039,Success,CID738065,Bike,RT Nagar,JP Nagar,294.0,40.0,Not Applicable,Not Applicable,No,Not Applicable,279,Cash,12,4.2,4.4
2024-07-27 17:49:00,CNR8255353263,Success,CID326530,Bike,MG Road,Hosur Road,273.0,135.0,Not Applicable,Not Applicable,No,Not Applicable,533,Credit Card,5,3.7,4.7
2024-07-27 01:20:00,CNR5451008423,Driver Not Found,CID538736,Prime Plus,Bellandur,Nagarbhavi,,,Not Applicable,Not Applicable,Not Applicable,Not Applicable,879,Not Applicable,0,,
2024-07-08 02:38:00,CNR3839952952,Driver Not Found,CID830746,Mini,RT Nagar,MG Road,,,Not Applicable,Not Applicable,Not Applicable,Not Applicable,490,Not Applicable,0,,
2024-07-18 15:11:00,CNR5748075639,Success,CID668087,Bike,Shantinagar,Whitefield,91.0,135.0,Not Applicable,Not Applicable,No,Not Applicable,1630,Cash,49,3.3,3.2
2024-07-08 23:08:00,CNR4844619093,Success,CID381267,Prime Plus,Peenya,Basavanagudi,308.0,90.0,Not Applicable,Not Applicable,No,Not Applicable,145,Cash,41,4.6,4.6
2024-07-06 01:11:00,CNR9364272609,Success,CID222636,eBike,Electronic City,MG Road,56.0,105.0,Not Applicable,Not Applicable,No,Not Applicable,369,UPI,15,3.3,3.8
2024-07-07 05:51:00,CNR2961724104,Success,CID767699,Prime Plus,Chickpet,Frazer Town,189.0,140.0,Not Applicable,Not Applicable,No,Not Applicable,1336,Cash,10,3.3,3.3
2024-07-26 14:00:00,CNR4348683049,Canceled by Driver,CID789514,Mini,Banashankari,Varthur,,,Not Applicable,Personal & Car related issue,Not Applicable,Not Applicable,856,Not Applicable,0,,
2024-07-29 13:26:00,CNR6055711109,Driver Not Found,CID158921,Mini,Sahakar Nagar,HSR Layout,,,Not Applicable,Not Applicable,Not Applicable,Not Applicable,933,Not Applicable,0,,
2024-07-17 08:28:00,CNR4076150275,Canceled by Driver,CID255116,Prime Sedan,JP Nagar,Sahakar Nagar,,,Not Applicable,Customer related issue,Not Applicable,Not Applicable,2467,Not Applicable,0,,
2024-07-20 19:40:00,CNR1965390354,Canceled by Driver,CID179872,eBike,Banashankari,Koramangala,,,Not Applicable,Customer related issue,Not Applicable,Not Applicable,447,Not Applicable,0,,
2024-07-20 02:18:00,CNR6460074737,Success,CID964725,Auto,Electronic City,Rajarajeshwari Nagar,294.0,105.0,Not Applicable,Not Applicable,Yes,Vehicle Breakdown,346,Cash,12,3.5,4.7
2024-07-03 07:08:00,CNR2624733239,Success,CID208548,Prime Plus,Malleshwaram,BTM Layout,238.0,40.0,Not Applicable,Not Applicable,No,Not Applicable,242,Cash,25,4.4,3.7
2024-07-16 12:55:00,CNR8629185554,Success,CID665627,Auto,Magadi Road,Chamarajpet,161.0,125.0,Not Applicable,Not Applicable,No,Not Applicable,919,UPI,3,3.9,3.3
2024-07-30 01:31:00,CNR9812238631,Success,CID875663,eBike,Hennur,Vijayanagar,42.0,65.0,Not Applicable,Not Applicable,No,Not Applicable,279,UPI,17,3.5,4.7
2024-07-14 09:37:00,CNR7480573224,Success,CID655152,eBike,Shantinagar,Varthur,203.0,45.0,Not Applicable,Not Applicable,No,Not Applicable,272,Cash,35,4.9,3.2
2024-07-24 09:30:00,CNR6606401117,Success,CID359527,Prime Sedan,BTM Layout,Peenya,189.0,45.0,Not Applicable,Not Applicable,No,Not Applicable,415,UPI,15,4.5,3.4
2024-07-14 19:12:00,CNR7459924704,Success,CID171769,Auto,Yeshwanthpur,Hebbal,189.0,120.0,Not Applicable,Not Applicable,No,Not Applicable,368,Cash,19,3.3,3.3
2024-07-26 12:57:00,CNR7507300690,Success,CID804608,Prime SUV,Kammanahalli,Magadi Road,77.0,35.0,Not Applicable,Not Applicable,Yes,Other Issue,457,Cash,47,4.8,3.2
2024-07-08 09:54:00,CNR1081805957,Driver Not Found,CID791759,Prime Sedan,Ramamurthy Nagar,MG Road,,,Not Applicable,Not Applicable,Not Applicable,Not Applicable,333,Not Applicable,0,,
2024-07-12 11:09:00,CNR9935025906,Success,CID724343,Bike,Padmanabhanagar,Ulsoor,112.0,100.0,Not Applicable,Not Applicable,No,Not Applicable,117,UPI,33,3.0,3.6
2024-07-17 19:52:00,CNR9537791884,Success,CID918999,eBike,Tumkur Road,Banashankari,35.0,105.0,Not Applicable,Not Applicable,No,Not Applicable,115,UPI,28,4.3,4.8
2024-07-27 00:50:00,CNR3163164773,Success,CID436964,Prime Sedan,KR Puram,Chamarajpet,70.0,90.0,Not Applicable,Not Applicable,No,Not Applicable,170,UPI,23,3.2,3.7
2024-07-19 02:31:00,CNR6432378142,Success,CID445691,Bike,Hennur,Basavanagudi,126.0,100.0,Not Applicable,Not Applicable,No,Not Applicable,726,Cash,18,3.3,4.1
2024-07-17 01:17:00,CNR1118438666,Success,CID240849,Bike,Shivajinagar,Sahakar Nagar,70.0,80.0,Not Applicable,Not Applicable,No,Not Applicable,438,Cash,38,4.3,5.0
2024-07-09 14:10:00,CNR8121525262,Success,CID429126,eBike,Bellandur,Kadugodi,84.0,50.0,Not Applicable,Not Applicable,Yes,Vehicle Breakdown,402,Cash,41,4.7,4.6
2024-07-16 08:31:00,CNR8553843685,Success,CID330772,Auto,Kammanahalli,Kammanahalli,210.0,130.0,Not Applicable,Not Applicable,No,Not Applicable,479,UPI,6,4.1,4.7
2024-07-02 15:57:00,CNR4841203444,Success,CID489087,Prime SUV,Rajajinagar,Yelahanka,112.0,105.0,Not Applicable,Not Applicable,No,Not Applicable,488,Cash,8,3.0,3.4
2024-07-10 04:50:00,CNR1541042250,Canceled by Driver,CID535706,Prime Sedan,Hebbal,Shivajinagar,,,Not Applicable,Personal & Car related issue,Not Applicable,Not Applicable,2078,Not Applicable,0,,
2024-07-14 09:34:00,CNR1767742835,Canceled by Driver,CID124932,Prime Sedan,Whitefield,Peenya,,,Not Applicable,Personal & Car related issue,Not Applicable,Not Applicable,440,Not Applicable,0,,
2024-07-23 18:50:00,CNR6458125338,Canceled by Driver,CID571721,Prime Sedan,Yelahanka,Tumkur Road,,,Not Applicable,More than permitted people in there,Not Applicable,Not Applicable,322,Not Applicable,0,,
2024-07-07 00:44:00,CNR6458097989,Canceled by Customer,CID715289,Bike,Langford Town,Bellandur,,,Driver is not moving towards pickup location,Not Applicable,Not Applicable,Not Applicable,313,Not Applicable,0,,
2024-07-24 19:19:00,CNR8057171608,Success,CID604697,Mini,Electronic City,Basavanagudi,196.0,55.0,Not Applicable,Not Applicable,No,Not Applicable,238,Cash,24,3.9,3.7
2024-07-28 21:36:00,CNR9521475390,Driver Not Found,CID555240,Prime Plus,Mysore Road,Bellandur,,,Not Applicable,Not Applicable,Not Applicable,Not Applicable,353,Not Applicable,0,,
2024-07-14 09:39:00,CNR6956843553,Canceled by Driver,CID268163,Mini,KR Puram,Whitefield,,,Not Applicable,More than permitted people in there,Not Applicable,Not Applicable,332,Not Applicable,0,,
2024-07-15 11:39:00,CNR3093602759,Canceled by Driver,CID481881,Prime Plus,Banashankari,Chickpet,,,Not Applicable,Personal & Car related issue,Not Applicable,Not Applicable,629,Not Applicable,0,,
2024-07-03 17:01:00,CNR4523800200,Canceled by Driver,CID822627,Prime Sedan,Hennur,Frazer Town,,,Not Applicable,Personal & Car related issue,Not Applicable,Not Applicable,136,Not Applicable,0,,
2024-07-14 17:09:00,CNR9633957233,Success,CID185581,Bike,Vijayanagar,Rajarajeshwari Nagar,189.0,140.0,Not Applicable,Not Applicable,No,Not Applicable,173,Cash,22,3.3,4.4
2024-07-13 06:08:00,CNR8514243106,Driver Not Found,CID983520,Prime Sedan,Langford Town,Hebbal,,,Not Applicable,Not Applicable,Not Applicable,Not Applicable,640,Not Applicable,0,,
2024-07-23 08:08:00,CNR2621016198,Canceled by Driver,CID160307,Auto,Basavanagudi,Whitefield,,,Not Applicable,Customer was coughing/sick,Not Applicable,Not Applicable,888,Not Applicable,0,,
2024-07-17 05:00:00,CNR6420563660,Success,CID945125,Auto,RT Nagar,KR Puram,98.0,25.0,Not Applicable,Not Applicable,Yes,Customer Demand,114,Cash,13,3.5,3.6
2024-07-27 10:22:00,CNR7821109370,Canceled by Driver,CID566682,Mini,Padmanabhanagar,Hosur Road,,,Not Applicable,Personal & Car related issue,Not Applicable,Not Applicable,278,Not Applicable,0,,
2024-07-30 20:45:00,CNR3749951346,Success,CID982041,Prime SUV,Kengeri,Majestic,154.0,35.0,Not Applicable,Not Applicable,No,Not Applicable,125,Cash,6,3.2,4.9
2024-07-28 05:10:00,CNR7139593468,Success,CID504964,Bike,Hebbal,Hebbal,301.0,65.0,Not Applicable,Not Applicable,No,Not Applicable,110,UPI,37,3.7,3.5
2024-07-10 07:28:00,CNR7258980457,Success,CID422898,Prime Plus,Majestic,Frazer Town,280.0,130.0,Not Applicable,Not Applicable,No,Not Applicable,261,Cash,4,3.4,3.4
2024-07-22 14:19:00,CNR6527205363,Success,CID128145,Prime Sedan,Shantinagar,Kadugodi,273.0,85.0,Not Applicable,Not Applicable,No,Not Applicable,240,Cash,9,5.0,4.8
2024-07-13 03:05:00,CNR9528274582,Success,CID285983,Auto,Varthur,Padmanabhanagar,259.0,50.0,Not Applicable,Not Applicable,No,Not Applicable,363,Cash,4,4.3,3.6
2024-07-03 09:50:00,CNR1129507920,Success,CID963445,eBike,Padmanabhanagar,Shivajinagar,154.0,60.0,Not Applicable,Not Applicable,No,Not Applicable,156,Cash,26,3.5,3.7
2024-07-13 05:16:00,CNR3336741261,Success,CID348345,Mini,Yeshwanthpur,Basavanagudi,168.0,110.0,Not Applicable,Not Applicable,No,Not Applicable,2777,Cash,38,3.0,4.2
2024-07-08 02:49:00,CNR6647039853,Success,CID895946,Mini,Cox Town,RT Nagar,231.0,115.0,Not Applicable,Not Applicable,No,Not Applicable,937,Cash,2,3.9,3.7
2024-07-23 21:54:00,CNR9589215486,Success,CID668359,Prime Plus,Basavanagudi,Koramangala,238.0,45.0,Not Applicable,Not Applicable,No,Not Applicable,306,Cash,36,3.3,3.9
2024-07-20 03:46:00,CNR7147429159,Canceled by Customer,CID335228,Prime SUV,Yelahanka,Varthur,,,Wrong Address,Not Applicable,Not Applicable,Not Applicable,573,Not Applicable,0,,
2024-07-01 03:06:00,CNR3264355407,Success,CID299568,Bike,Kammanahalli,Varthur,91.0,110.0,Not Applicable,Not Applicable,No,Not Applicable,110,UPI,2,3.6,4.4
2024-07-25 12:01:00,CNR5248234936,Success,CID568990,eBike,Banashankari,Chickpet,77.0,35.0,Not Applicable,Not Applicable,No,Not Applicable,223,UPI,41,4.6,4.2
2024-07-28 02:29:00,CNR8055725115,Success,CID547185,Bike,Chickpet,Magadi Road,217.0,145.0,Not Applicable,Not Applicable,No,Not Applicable,298,Cash,26,3.9,4.5
2024-07-04 00:06:00,CNR6968348717,Canceled by Driver,CID837267,Auto,Malleshwaram,MG Road,,,Not Applicable,Personal & Car related issue,Not Applicable,Not Applicable,190,Not Applicable,0,,
2024-07-30 07:32:00,CNR4872946661,Success,CID919173,eBike,BTM Layout,Indiranagar,35.0,140.0,Not Applicable,Not Applicable,No,Not Applicable,547,UPI,25,4.0,4.3
2024-07-06 17:28:00,CNR5414301152,Success,CID727396,Bike,Ulsoor,Kadugodi,217.0,55.0,Not Applicable,Not Applicable,No,Not Applicable,617,Cash,49,3.2,3.6
2024-07-25 14:17:00,CNR2715440008,Success,CID991232,Prime Sedan,Malleshwaram,Malleshwaram,301.0,70.0,Not Applicable,Not Applicable,Yes,Vehicle Breakdown,898,Cash,4,3.1,4.3
2024-07-17 23:23:00,CNR2784301595,Success,CID541362,Bike,Langford Town,KR Puram,77.0,145.0,Not Applicable,Not Applicable,No,Not Applicable,266,UPI,33,3.1,3.0
2024-07-29 09:56:00,CNR4640025280,Success,CID580199,Mini,Jayanagar,Jayanagar,84.0,35.0,Not Applicable,Not Applicable,No,Not Applicable,276,Cash,45,4.2,3.4
2024-07-15 11:57:00,CNR3795944354,Success,CID813493,Prime Sedan,Hennur,Hennur,189.0,85.0,Not Applicable,Not Applicable,No,Not Applicable,362,Cash,28,4.5,4.5
2024-07-19 05:26:00,CNR5560603018,Success,CID281208,Prime Plus,Sarjapur Road,MG Road,77.0,75.0,Not Applicable,Not Applicable,No,Not Applicable,321,UPI,32,4.4,4.3
2024-07-01 18:21:00,CNR5944513268,Success,CID835286,eBike,Chickpet,Varthur,63.0,85.0,Not Applicable,Not Applicable,No,Not Applicable,113,Cash,24,4.2,3.2
2024-07-15 02:39:00,CNR8436177136,Success,CID644549,Prime Sedan,Shantinagar,Indiranagar,294.0,115.0,Not Applicable,Not Applicable,No,Not Applicable,459,Cash,20,3.6,4.1
2024-07-11 14:25:00,CNR7717777567,Success,CID113966,Bike,Marathahalli,RT Nagar,98.0,35.0,Not Applicable,Not Applicable,No,Not Applicable,131,UPI,42,4.4,4.0
2024-07-26 18:20:00,CNR9388897306,Canceled by Customer,CID155110,Prime Sedan,JP Nagar,Bellandur,,,Driver is not moving towards pickup location,Not Applicable,Not Applicable,Not Applicable,479,Not Applicable,0,,
2024-07-02 10:30:00,CNR5280192283,Canceled by Customer,CID882264,Mini,Tumkur Road,RT Nagar,,,Change of plans,Not Applicable,Not Applicable,Not Applicable,120,Not Applicable,0,,
2024-07-14 10:05:00,CNR1554452557,Success,CID656473,Auto,Malleshwaram,Yelahanka,266.0,40.0,Not Applicable,Not Applicable,No,Not Applicable,219,Cash,14,4.5,3.8
2024-07-04 17:41:00,CNR4711286581,Success,CID824701,Prime Plus,Rajarajeshwari Nagar,Magadi Road,238.0,90.0,Not Applicable,Not Applicable,No,Not Applicable,321,Cash,20,3.9,3.8
2024-07-16 15:07:00,CNR8855684275,Canceled by Driver,CID626143,Prime Plus,Tumkur Road,Malleshwaram,,,Not Applicable,Customer was coughing/sick,Not Applicable,Not Applicable,587,Not Applicable,0,,
2024-07-29 16:43:00,CNR7247918970,Success,CID711919,Prime Sedan,Vijayanagar,Tumkur Road,182.0,25.0,Not Applicable,Not Applicable,No,Not Applicable,432,UPI,43,3.1,3.3
2024-07-21 03:51:00,CNR5119747102,Success,CID171871,Prime Plus,Marathahalli,Richmond Town,91.0,90.0,Not Applicable,Not Applicable,No,Not Applicable,163,Cash,23,4.6,4.2
2024-07-20 04:10:00,CNR2560202141,Canceled by Driver,CID995964,eBike,Yelahanka,Koramangala,,,Not Applicable,Personal & Car related issue,Not Applicable,Not Applicable,107,Not Applicable,0,,
2024-07-05 07:49:00,CNR4644668607,Success,CID713765,Prime Plus,Cox Town,Varthur,308.0,110.0,Not Applicable,Not Applicable,No,Not Applicable,514,UPI,29,4.8,3.4
2024-07-30 21:35:00,CNR8209393775,Success,CID165818,Bike,Chickpet,Devanahalli,91.0,25.0,Not Applicable,Not Applicable,No,Not Applicable,1573,Cash,37,3.4,5.0
2024-07-12 07:39:00,CNR6671773296,Success,CID785073,Bike,Ramamurthy Nagar,MG Road,280.0,115.0,Not Applicable,Not Applicable,No,Not Applicable,418,Cash,2,4.1,4.0
2024-07-07 13:07:00,CNR4041030094,Success,CID426217,Bike,Rajarajeshwari Nagar,Kengeri,91.0,60.0,Not Applicable,Not Applicable,No,Not Applicable,238,UPI,33,3.4,4.7
2024-07-29 09:59:00,CNR7389172469,Driver Not Found,CID658689,eBike,Hulimavu,Majestic,,,Not Applicable,Not Applicable,Not Applicable,Not Applicable,235,Not Applicable,0,,
2024-07-18 22:02:00,CNR2960756233,Canceled by Customer,CID773835,eBike,Devanahalli,Vijayanagar,,,Driver is not moving towards pickup location,Not Applicable,Not Applicable,Not Applicable,819,Not Applicable,0,,
2024-07-26 19:22:00,CNR9824110402,Canceled by Driver,CID870475,Prime SUV,Jayanagar,Sahakar Nagar,,,Not Applicable,More than permitted people in there,Not Applicable,Not Applicable,341,Not Applicable,0,,
2024-07-18 14:43:00,CNR1378975776,Success,CID893945,Auto,Mysore Road,Cox Town,70.0,145.0,Not Applicable,Not Applicable,No,Not Applicable,133,UPI,3,4.7,4.2
2024-07-13 07:00:00,CNR4985907207,Success,CID421140,Prime Plus,Vijayanagar,Padmanabhanagar,168.0,90.0,Not Applicable,Not Applicable,No,Not Applicable,411,Cash,22,4.4,3.3
2024-07-10 00:24:00,CNR1734073004,Canceled by Driver,CID498576,Prime Sedan,Hosur Road,Hosur Road,,,Not Applicable,Customer related issue,Not Applicable,Not Applicable,226,Not Applicable,0,,
2024-07-11 02:18:00,CNR6989542359,Success,CID588167,Prime SUV,MG Road,Frazer Town,77.0,40.0,Not Applicable,Not Applicable,No,Not Applicable,544,UPI,33,4.1,3.8
2024-07-12 23:49:00,CNR9657415716,Canceled by Driver,CID563160,Prime Plus,Hebbal,Kammanahalli,,,Not Applicable,Customer was coughing/sick,Not Applicable,Not Applicable,902,Not Applicable,0,,
2024-07-22 11:24:00,CNR2498836073,Driver Not Found,CID416990,Auto,Langford Town,Chickpet,,,Not Applicable,Not Applicable,Not Applicable,Not Applicable,503,Not Applicable,0,,
2024-07-17 22:25:00,CNR1167970933,Success,CID294071,eBike,BTM Layout,Marathahalli,203.0,35.0,Not Applicable,Not Applicable,No,Not Applicable,443,Cash,7,4.5,4.1
2024-07-23 14:04:00,CNR4125348422,Canceled by Customer,CID472153,Prime Plus,Sahakar Nagar,Ulsoor,,,Change of plans,Not Applicable,Not Applicable,Not Applicable,368,Not Applicable,0,,
2024-07-08 05:57:00,CNR1388526643,Success,CID946118,Prime SUV,Peenya,Koramangala,280.0,105.0,Not Applicable,Not Applicable,No,Not Applicable,461,Cash,49,3.0,4.9
2024-07-22 05:01:00,CNR6356597539,Success,CID733809,eBike,Magadi Road,Rajajinagar,189.0,100.0,Not Applicable,Not Applicable,No,Not Applicable,463,UPI,12,3.3,4.6
2024-07-11 13:36:00,CNR6615294957,Success,CID820457,Prime SUV,MG Road,Hennur,154.0,110.0,Not Applicable,Not Applicable,No,Not Applicable,123,Cash,42,4.7,3.1
2024-07-26 19:16:00,CNR9007007199,Canceled by Driver,CID337346,Prime SUV,Kammanahalli,JP Nagar,,,Not Applicable,Customer was coughing/sick,Not Applicable,Not Applicable,444,Not Applicable,0,,
2024-07-25 01:34:00,CNR8886564240,Success,CID544215,Prime SUV,Ramamurthy Nagar,Electronic City,133.0,55.0,Not Applicable,Not Applicable,No,Not Applicable,423,Cash,37,3.5,4.3
2024-07-22 20:14:00,CNR1886965354,Success,CID891534,Prime SUV,Magadi Road,RT Nagar,112.0,30.0,Not Applicable,Not Applicable,No,Not Applicable,252,UPI,18,3.2,4.3
2024-07-10 21:00:00,CNR4071326738,Success,CID964233,Bike,KR Puram,Kammanahalli,168.0,95.0,Not Applicable,Not Applicable,No,Not Applicable,185,Cash,47,4.9,3.1
2024-07-30 05:32:00,CNR7248458868,Canceled by Driver,CID582943,Mini,Marathahalli,KR Puram,,,Not Applicable,Customer related issue,Not Applicable,Not Applicable,151,Not Applicable,0,,
2024-07-16 16:33:00,CNR9233080235,Canceled by Customer,CID321703,eBike,HSR Layout,KR Puram,,,AC is Not working,Not Applicable,Not Applicable,Not Applicable,181,Not Applicable,0,,
2024-07-27 11:12:00,CNR4079076403,Canceled by Customer,CID139147,Prime SUV,Magadi Road,Langford Town,,,Change of plans,Not Applicable,Not Applicable,Not Applicable,444,Not Applicable,0,,
2024-07-12 00:55:00,CNR7929143274,Success,CID396146,Prime Sedan,Jayanagar,Kadugodi,287.0,140.0,Not Applicable,Not Applicable,No,Not Applicable,302,Cash,22,3.9,3.4
2024-07-18 16:26:00,CNR7720573809,Driver Not Found,CID728437,Bike,Hebbal,JP Nagar,,,Not Applicable,Not Applicable,Not Applicable,Not Applicable,277,Not Applicable,0,,
2024-07-01 22:18:00,CNR7808733746,Canceled by Driver,CID945291,Prime Plus,Richmond Town,Yelahanka,,,Not Applicable,Customer related issue,Not Applicable,Not Applicable,298,Not Applicable,0,,
2024-07-12 19:28:00,CNR6075735803,Success,CID372605,Prime Sedan,Indiranagar,Shivajinagar,154.0,135.0,Not Applicable,Not Applicable,No,Not Applicable,343,UPI,38,3.7,4.1
2024-07-05 03:02:00,CNR2251742089,Canceled by Customer,CID690624,Prime Plus,Langford Town,Banashankari,,,Wrong Address,Not Applicable,Not Applicable,Not Applicable,157,Not Applicable,0,,
2024-07-22 22:26:00,CNR5160950435,Success,CID583914,Prime Sedan,JP Nagar,Padmanabhanagar,154.0,135.0,Not Applicable,Not Applicable,No,Not Applicable,638,Cash,18,4.1,4.1
2024-07-24 13:26:00,CNR8554220593,Success,CID754477,Mini,Yeshwanthpur,Devanahalli,231.0,80.0,Not Applicable,Not Applicable,No,Not Applicable,279,Cash,26,3.8,3.0
2024-07-16 12:59:00,CNR1537885425,Success,CID572547,Prime Sedan,Peenya,Varthur,161.0,135.0,Not Applicable,Not Applicable,No,Not Applicable,113,Cash,38,3.2,4.5
2024-07-17 20:26:00,CNR3796839721,Canceled by Customer,CID873083,Prime SUV,Kammanahalli,Peenya,,,AC is Not working,Not Applicable,Not Applicable,Not Applicable,380,Not Applicable,0,,
2024-07-06 22:17:00,CNR9245748621,Success,CID262411,Prime Plus,Whitefield,Yelahanka,91.0,40.0,Not Applicable,Not Applicable,No,Not Applicable,209,Cash,25,3.3,4.3
2024-07-24 17:31:00,CNR6146617796,Canceled by Driver,CID370524,Prime SUV,Rajarajeshwari Nagar,Yelahanka,,,Not Applicable,Customer related issue,Not Applicable,Not Applicable,661,Not Applicable,0,,
2024-07-22 10:26:00,CNR2125890274,Success,CID852328,Prime Sedan,Indiranagar,HSR Layout,56.0,90.0,Not Applicable,Not Applicable,No,Not Applicable,865,UPI,6,4.9,5.0
2024-07-20 13:43:00,CNR6154527413,Canceled by Customer,CID458752,Prime Plus,Kammanahalli,Frazer Town,,,Driver asked to cancel,Not Applicable,Not Applicable,Not Applicable,439,Not Applicable,0,,
2024-07-07 06:50:00,CNR2546177453,Success,CID317576,Bike,Koramangala,Sahakar Nagar,70.0,50.0,Not Applicable,Not Applicable,No,Not Applicable,329,Cash,10,3.5,3.7
2024-07-10 18:40:00,CNR5563930463,Success,CID182042,Auto,Jayanagar,Hennur,140.0,85.0,Not Applicable,Not Applicable,No,Not Applicable,449,Cash,19,3.2,3.3
2024-07-01 17:30:00,CNR1187737941,Success,CID958097,Prime Sedan,Shantinagar,Tumkur Road,49.0,25.0,Not Applicable,Not Applicable,No,Not Applicable,420,Cash,21,3.2,3.6
2024-07-02 06:19:00,CNR7466874861,Success,CID935037,Prime Sedan,Vijayanagar,Hosur Road,154.0,110.0,Not Applicable,Not Applicable,No,Not Applicable,851,Cash,19,3.2,4.7
2024-07-15 21:58:00,CNR2876551005,Canceled by Customer,CID922304,Prime SUV,Yeshwanthpur,Devanahalli,,,AC is Not working,Not Applicable,Not Applicable,Not Applicable,192,Not Applicable,0,,
2024-07-04 13:26:00,CNR1763171542,Success,CID900602,Prime SUV,Marathahalli,RT Nagar,175.0,30.0,Not Applicable,Not Applicable,No,Not Applicable,621,UPI,30,4.9,4.2
2024-07-29 10:12:00,CNR3970571253,Driver Not Found,CID817875,eBike,Tumkur Road,RT Nagar,,,Not Applicable,Not Applicable,Not Applicable,Not Applicable,181,Not Applicable,0,,
2024-07-08 15:35:00,CNR3872673198,Success,CID558751,eBike,Hennur,Bannerghatta Road,77.0,120.0,Not Applicable,Not Applicable,No,Not Applicable,2497,Cash,20,4.5,3.6
2024-07-04 14:52:00,CNR3873439662,Success,CID962369,Prime Sedan,Whitefield,Electronic City,91.0,140.0,Not Applicable,Not Applicable,No,Not Applicable,406,UPI,11,4.4,3.7
2024-07-21 01:18:00,CNR9493636740,Canceled by Customer,CID690871,Mini,Richmond Town,Tumkur Road,,,Driver asked to cancel,Not Applicable,Not Applicable,Not Applicable,977,Not Applicable,0,,
2024-07-21 07:47:00,CNR1609863432,Success,CID706340,Prime Plus,Yelahanka,Frazer Town,175.0,65.0,Not Applicable,Not Applicable,No,Not Applicable,1673,UPI,49,3.5,3.6
2024-07-28 21:39:00,CNR8261261501,Success,CID684076,Prime Sedan,Bellandur,Yeshwanthpur,245.0,95.0,Not Applicable,Not Applicable,No,Not Applicable,334,UPI,46,4.6,3.5
2024-07-21 08:15:00,CNR3288750059,Success,CID680639,Bike,Koramangala,Shantinagar,308.0,135.0,Not Applicable,Not Applicable,No,Not Applicable,399,Cash,19,4.9,4.4
2024-07-05 19:03:00,CNR5639424880,Success,CID681944,Prime Plus,Varthur,RT Nagar,182.0,120.0,Not Applicable,Not Applicable,No,Not Applicable,217,Cash,31,4.4,4.2
2024-07-12 18:35:00,CNR4591707804,Success,CID334556,Prime SUV,Yeshwanthpur,Kammanahalli,35.0,35.0,Not Applicable,Not Applicable,No,Not Applicable,291,UPI,28,4.4,4.5
2024-07-04 14:33:00,CNR5157692234,Driver Not Found,CID286633,Prime Sedan,Sahakar Nagar,Nagarbhavi,,,Not Applicable,Not Applicable,Not Applicable,Not Applicable,268,Not Applicable,0,,
2024-07-17 23:08:00,CNR6099821841,Success,CID935838,Prime Sedan,Yeshwanthpur,JP Nagar,287.0,85.0,Not Applicable,Not Applicable,No,Not Applicable,315,Cash,23,4.1,4.9
2024-07-15 14:52:00,CNR5011119443,Success,CID212460,Auto,Frazer Town,Kadugodi,105.0,100.0,Not Applicable,Not Applicable,No,Not Applicable,461,Cash,17,4.8,3.8
2024-07-20 07:25:00,CNR6035781511,Success,CID203298,Prime Plus,Ramamurthy Nagar,Langford Town,42.0,95.0,Not Applicable,Not Applicable,No,Not Applicable,343,UPI,33,4.5,4.8
2024-07-19 08:07:00,CNR2680339584,Canceled by Driver,CID737831,Bike,Mysore Road,Tumkur Road,,,Not Applicable,Customer related issue,Not Applicable,Not Applicable,140,Not Applicable,0,,
2024-07-19 23:04:00,CNR8547707098,Success,CID606252,Prime SUV,Peenya,HSR Layout,224.0,100.0,Not Applicable,Not Applicable,No,Not Applicable,315,Cash,14,4.0,4.9
2024-07-28 08:53:00,CNR7224167945,Driver Not Found,CID915547,Prime Plus,Indiranagar,Langford Town,,,Not Applicable,Not Applicable,Not Applicable,Not Applicable,383,Not Applicable,0,,
2024-07-03 09:40:00,CNR6791566490,Canceled by Customer,CID972891,Prime SUV,HSR Layout,Majestic,,,Driver asked to cancel,Not Applicable,Not Applicable,Not Applicable,179,Not Applicable,0,,
2024-07-03 01:24:00,CNR6954226787,Success,CID967715,Prime SUV,Sarjapur Road,Koramangala,189.0,30.0,Not Applicable,Not Applicable,No,Not Applicable,736,Cash,39,4.3,4.6
2024-07-03 01:01:00,CNR3022692919,Success,CID723322,Prime Plus,HSR Layout,Rajarajeshwari Nagar,133.0,25.0,Not Applicable,Not Applicable,No,Not Applicable,184,UPI,31,4.4,3.2
2024-07-02 22:38:00,CNR2516579631,Success,CID662560,Prime SUV,Ramamurthy Nagar,Hosur Road,147.0,100.0,Not Applicable,Not Applicable,No,Not Applicable,497,UPI,21,4.2,3.2
2024-07-04 02:42:00,CNR4336203020,Success,CID640917,Prime Sedan,Kammanahalli,Hulimavu,49.0,105.0,Not Applicable,Not Applicable,No,Not Applicable,174,Cash,13,3.4,4.6
2024-07-26 21:05:00,CNR9836700791,Canceled by Driver,CID111640,eBike,Chickpet,HSR Layout,,,Not Applicable,Customer was coughing/sick,Not Applicable,Not Applicable,103,Not Applicable,0,,
2024-07-16 01:59:00,CNR6419216736,Canceled by Customer,CID533225,Auto,Shivajinagar,Majestic,,,Driver asked to cancel,Not Applicable,Not Applicable,Not Applicable,162,Not Applicable,0,,
2024-07-30 05:35:00,CNR4526287257,Canceled by Customer,CID647059,Prime Plus,Malleshwaram,RT Nagar,,,Driver asked to cancel,Not Applicable,Not Applicable,Not Applicable,433,Not Applicable,0,,
2024-07-24 09:10:00,CNR3840629075,Canceled by Customer,CID320161,eBike,Magadi Road,Langford Town,,,Wrong Address,Not Applicable,Not Applicable,Not Applicable,320,Not Applicable,0,,
2024-07-07 01:48:00,CNR7433730402,Success,CID680055,Prime SUV,KR Puram,Bellandur,126.0,75.0,Not Applicable,Not Applicable,No,Not Applicable,292,UPI,43,3.5,3.4
2024-07-03 04:42:00,CNR3577367074,Success,CID361124,Auto,Magadi Road,Koramangala,273.0,105.0,Not Applicable,Not Applicable,No,Not Applicable,111,UPI,6,4.5,3.3
2024-07-18 01:07:00,CNR1656144644,Canceled by Customer,CID133955,Bike,BTM Layout,Majestic,,,Change of plans,Not Applicable,Not Applicable,Not Applicable,155,Not Applicable,0,,
2024-07-24 17:46:00,CNR7049364746,Canceled by Driver,CID205532,Bike,Yelahanka,Hulimavu,,,Not Applicable,Personal & Car related issue,Not Applicable,Not Applicable,439,Not Applicable,0,,
2024-07-10 19:43:00,CNR4498168534,Success,CID605241,Mini,Banashankari,Electronic City,140.0,55.0,Not Applicable,Not Applicable,No,Not Applicable,661,Debit Card,33,3.2,4.4
2024-07-30 08:12:00,CNR5921626310,Success,CID321180,Prime SUV,Shivajinagar,Kengeri,63.0,130.0,Not Applicable,Not Applicable,No,Not Applicable,955,Cash,44,3.8,3.5
2024-07-08 21:32:00,CNR7678325539,Success,CID344662,Mini,Malleshwaram,Kengeri,168.0,25.0,Not Applicable,Not Applicable,No,Not Applicable,194,Cash,3,3.4,4.1
2024-07-03 01:05:00,CNR4912547942,Driver Not Found,CID615177,Prime Plus,HSR Layout,Yeshwanthpur,,,Not Applicable,Not Applicable,Not Applicable,Not Applicable,101,Not Applicable,0,,
2024-07-04 18:20:00,CNR3263804439,Driver Not Found,CID927627,Mini,Electronic City,Rajarajeshwari Nagar,,,Not Applicable,Not Applicable,Not Applicable,Not Applicable,470,Not Applicable,0,,
2024-07-27 08:50:00,CNR4143126292,Success,CID545565,Prime SUV,HSR Layout,Koramangala,224.0,130.0,Not Applicable,Not Applicable,No,Not Applicable,769,Cash,30,4.3,3.5
2024-07-02 03:51:00,CNR5042096364,Canceled by Customer,CID981785,Auto,Langford Town,Varthur,,,AC is Not working,Not Applicable,Not Applicable,Not Applicable,274,Not Applicable,0,,
2024-07-17 16:03:00,CNR3139233555,Canceled by Driver,CID934441,Auto,Shantinagar,Shivajinagar,,,Not Applicable,Customer related issue,Not Applicable,Not Applicable,697,Not Applicable,0,,
2024-07-02 19:02:00,CNR3159520953,Success,CID616149,Mini,Padmanabhanagar,Indiranagar,119.0,70.0,Not Applicable,Not Applicable,No,Not Applicable,643,Credit Card,44,3.3,4.2
2024-07-29 00:19:00,CNR3371260066,Driver Not Found,CID226986,eBike,Chickpet,Langford Town,,,Not Applicable,Not Applicable,Not Applicable,Not Applicable,2974,Not Applicable,0,,
2024-07-02 09:24:00,CNR3414751873,Success,CID875522,Bike,Langford Town,Koramangala,189.0,65.0,Not Applicable,Not Applicable,No,Not Applicable,364,Cash,35,4.9,3.0
2024-07-18 05:34:00,CNR9378615434,Success,CID791703,Prime Sedan,Frazer Town,Kadugodi,63.0,65.0,Not Applicable,Not Applicable,No,Not Applicable,904,Cash,47,4.3,4.5
2024-07-11 09:17:00,CNR3244805456,Success,CID560240,Prime Plus,Shivajinagar,Sarjapur Road,266.0,65.0,Not Applicable,Not Applicable,No,Not Applicable,442,Cash,41,3.7,4.7
2024-07-16 15:51:00,CNR1344720665,Canceled by Driver,CID583413,Prime SUV,Hulimavu,Devanahalli,,,Not Applicable,Customer was coughing/sick,Not Applicable,Not Applicable,189,Not Applicable,0,,
2024-07-06 17:17:00,CNR1586117775,Success,CID935343,Prime Plus,BTM Layout,Mysore Road,77.0,125.0,Not Applicable,Not Applicable,No,Not Applicable,789,UPI,18,4.9,3.7
2024-07-14 09:49:00,CNR9885214675,Canceled by Driver,CID164330,Bike,Peenya,Hebbal,,,Not Applicable,Customer related issue,Not Applicable,Not Applicable,167,Not Applicable,0,,
2024-07-20 05:27:00,CNR3054664420,Success,CID424276,Mini,Hosur Road,Koramangala,238.0,120.0,Not Applicable,Not Applicable,No,Not Applicable,441,Cash,37,3.2,3.0
2024-07-13 22:39:00,CNR1049660105,Success,CID859586,Prime Sedan,Kengeri,Hebbal,140.0,105.0,Not Applicable,Not Applicable,No,Not Applicable,352,Credit Card,37,4.0,3.5
2024-07-12 07:40:00,CNR7963469145,Driver Not Found,CID113966,eBike,Cox Town,Magadi Road,,,Not Applicable,Not Applicable,Not Applicable,Not Applicable,362,Not Applicable,0,,
2024-07-26 12:24:00,CNR2266236890,Canceled by Customer,CID131434,Bike,Chickpet,Padmanabhanagar,,,Driver is not moving towards pickup location,Not Applicable,Not Applicable,Not Applicable,963,Not Applicable,0,,
2024-07-02 01:09:00,CNR9666156882,Success,CID523179,Prime SUV,Marathahalli,Ulsoor,245.0,145.0,Not Applicable,Not Applicable,No,Not Applicable,128,Cash,15,3.8,3.3
2024-07-20 14:58:00,CNR1094713192,Success,CID770959,Prime Sedan,Marathahalli,Bannerghatta Road,84.0,120.0,Not Applicable,Not Applicable,No,Not Applicable,648,Cash,47,3.4,3.1
2024-07-30 17:20:00,CNR1508162677,Success,CID246192,Prime Sedan,Mysore Road,Marathahalli,112.0,125.0,Not Applicable,Not Applicable,No,Not Applicable,394,Cash,45,3.7,3.5
2024-07-01 20:20:00,CNR2586969353,Driver Not Found,CID615414,Prime SUV,Hennur,Shivajinagar,,,Not Applicable,Not Applicable,Not Applicable,Not Applicable,265,Not Applicable,0,,
2024-07-14 15:37:00,CNR8100535063,Success,CID263602,Bike,Whitefield,Peenya,287.0,55.0,Not Applicable,Not Applicable,No,Not Applicable,343,Cash,35,3.2,4.3
2024-07-02 17:52:00,CNR1629214251,Driver Not Found,CID858492,Prime SUV,RT Nagar,Rajajinagar,,,Not Applicable,Not Applicable,Not Applicable,Not Applicable,481,Not Applicable,0,,
2024-07-09 06:30:00,CNR4943742488,Success,CID169998,Prime Sedan,Indiranagar,Nagarbhavi,133.0,50.0,Not Applicable,Not Applicable,No,Not Applicable,143,Cash,23,3.6,3.3
2024-07-25 09:22:00,CNR5694469710,Canceled by Driver,CID461912,Mini,Rajajinagar,Kengeri,,,Not Applicable,Customer was coughing/sick,Not Applicable,Not Applicable,283,Not Applicable,0,,
2024-07-22 10:15:00,CNR7232869759,Success,CID331250,Prime Plus,Bannerghatta Road,Yelahanka,42.0,60.0,Not Applicable,Not Applicable,No,Not Applicable,339,Credit Card,9,4.8,4.5
2024-07-08 07:01:00,CNR3885677386,Driver Not Found,CID647642,eBike,Padmanabhanagar,Electronic City,,,Not Applicable,Not Applicable,Not Applicable,Not Applicable,241,Not Applicable,0,,
2024-07-20 16:27:00,CNR2375473603,Canceled by Driver,CID487020,Prime Sedan,Hebbal,Jayanagar,,,Not Applicable,Customer was coughing/sick,Not Applicable,Not Applicable,315,Not Applicable,0,,
2024-07-18 22:21:00,CNR9925328925,Success,CID298361,eBike,Padmanabhanagar,RT Nagar,217.0,55.0,Not Applicable,Not Applicable,No,Not Applicable,959,Cash,14,3.9,4.4
2024-07-14 13:50:00,CNR4890519697,Canceled by Driver,CID769961,Prime SUV,Bannerghatta Road,Koramangala,,,Not Applicable,Customer related issue,Not Applicable,Not Applicable,326,Not Applicable,0,,
2024-07-04 16:07:00,CNR3880554241,Driver Not Found,CID709020,Prime Plus,Peenya,Ulsoor,,,Not Applicable,Not Applicable,Not Applicable,Not Applicable,277,Not Applicable,0,,
2024-07-14 19:32:00,CNR1077134404,Canceled by Customer,CID434281,Prime Sedan,Shantinagar,Richmond Town,,,AC is Not working,Not Applicable,Not Applicable,Not Applicable,296,Not Applicable,0,,
2024-07-25 14:21:00,CNR2528136465,Success,CID691744,Auto,Hebbal,Sarjapur Road,287.0,95.0,Not Applicable,Not Applicable,No,Not Applicable,105,UPI,11,3.2,4.8
2024-07-25 08:08:00,CNR1268650574,Canceled by Driver,CID418762,Bike,Padmanabhanagar,Banashankari,,,Not Applicable,Customer was coughing/sick,Not Applicable,Not Applicable,370,Not Applicable,0,,
2024-07-03 11:45:00,CNR6651110107,Success,CID220287,Prime Sedan,BTM Layout,Shivajinagar,224.0,100.0,Not Applicable,Not Applicable,No,Not Applicable,259,Cash,46,3.8,3.0
2024-07-02 21:13:00,CNR4264595839,Success,CID178675,Prime Sedan,Kammanahalli,Basavanagudi,238.0,55.0,Not Applicable,Not Applicable,No,Not Applicable,388,Cash,37,3.1,3.2
2024-07-14 10:00:00,CNR2645354018,Canceled by Driver,CID171439,Bike,Whitefield,MG Road,,,Not Applicable,More than permitted people in there,Not Applicable,Not Applicable,357,Not Applicable,0,,
2024-07-24 04:49:00,CNR4413064295,Canceled by Driver,CID971242,Mini,KR Puram,Jayanagar,,,Not Applicable,More than permitted people in there,Not Applicable,Not Applicable,454,Not Applicable,0,,
2024-07-06 23:53:00,CNR4481988753,Success,CID582852,Prime SUV,Devanahalli,Chamarajpet,252.0,120.0,Not Applicable,Not Applicable,No,Not Applicable,197,UPI,6,4.0,3.2
2024-07-29 23:12:00,CNR2175669906,Canceled by Customer,CID639696,Mini,Langford Town,Indiranagar,,,Change of plans,Not Applicable,Not Applicable,Not Applicable,158,Not Applicable,0,,
2024-07-15 10:02:00,CNR7750969140,Success,CID339534,Mini,Jayanagar,Varthur,70.0,120.0,Not Applicable,Not Applicable,No,Not Applicable,336,UPI,21,4.1,4.3
2024-07-01 02:27:00,CNR8988470280,Canceled by Driver,CID212888,Bike,Electronic City,Hulimavu,,,Not Applicable,Customer related issue,Not Applicable,Not Applicable,263,Not Applicable,0,,
2024-07-06 23:23:00,CNR5252200663,Success,CID970697,Prime Plus,Bannerghatta Road,Hebbal,287.0,30.0,Not Applicable,Not Applicable,No,Not Applicable,459,Cash,4,4.5,3.6
2024-07-21 16:31:00,CNR4529893430,Success,CID303020,Prime Sedan,Jayanagar,Sarjapur Road,189.0,145.0,Not Applicable,Not Applicable,No,Not Applicable,957,Cash,33,3.6,4.8
2024-07-02 12:02:00,CNR6571635647,Success,CID999832,eBike,Koramangala,BTM Layout,175.0,30.0,Not Applicable,Not Applicable,No,Not Applicable,128,UPI,41,4.3,3.5
2024-07-09 06:40:00,CNR9186205284,Success,CID592605,Prime SUV,Basavanagudi,Hulimavu,238.0,125.0,Not Applicable,Not Applicable,No,Not Applicable,2294,UPI,13,4.2,4.5
2024-07-13 17:57:00,CNR4202562767,Success,CID568495,Mini,Malleshwaram,Indiranagar,231.0,120.0,Not Applicable,Not Applicable,No,Not Applicable,452,Cash,11,4.0,3.2
2024-07-02 14:16:00,CNR9075441867,Canceled by Driver,CID649065,Prime Sedan,Majestic,Kadugodi,,,Not Applicable,Customer related issue,Not Applicable,Not Applicable,234,Not Applicable,0,,
2024-07-18 02:09:00,CNR4633548162,Driver Not Found,CID555667,Bike,Langford Town,Whitefield,,,Not Applicable,Not Applicable,Not Applicable,Not Applicable,382,Not Applicable,0,,
2024-07-25 00:06:00,CNR3138387630,Driver Not Found,CID349339,Prime SUV,Kammanahalli,Chickpet,,,Not Applicable,Not Applicable,Not Applicable,Not Applicable,875,Not Applicable,0,,
2024-07-21 10:29:00,CNR2511167486,Canceled by Driver,CID916770,Auto,Sarjapur Road,Shivajinagar,,,Not Applicable,Personal & Car related issue,Not Applicable,Not Applicable,313,Not Applicable,0,,
2024-07-20 14:09:00,CNR3322081342,Success,CID668687,Auto,Chamarajpet,Chamarajpet,161.0,90.0,Not Applicable,Not Applicable,No,Not Applicable,1079,Cash,13,4.1,3.2
2024-07-25 19:33:00,CNR1293693659,Canceled by Customer,CID685057,Bike,Ramamurthy Nagar,Ulsoor,,,Driver asked to cancel,Not Applicable,Not Applicable,Not Applicable,864,Not Applicable,0,,
2024-07-21 08:27:00,CNR8886098716,Canceled by Driver,CID688586,Prime Plus,BTM Layout,Sarjapur Road,,,Not Applicable,Customer was coughing/sick,Not Applicable,Not Applicable,2629,Not Applicable,0,,
2024-07-01 01:03:00,CNR1513404219,Driver Not Found,CID109419,Prime Plus,Rajajinagar,Koramangala,,,Not Applicable,Not Applicable,Not Applicable,Not Applicable,195,Not Applicable,0,,
2024-07-28 17:15:00,CNR2273799493,Success,CID335274,Auto,BTM Layout,Frazer Town,224.0,115.0,Not Applicable,Not Applicable,No,Not Applicable,432,Cash,2,3.0,4.0
2024-07-23 13:21:00,CNR4501369397,Canceled by Customer,CID648065,Mini,Malleshwaram,HSR Layout,,,Driver asked to cancel,Not Applicable,Not Applicable,Not Applicable,380,Not Applicable,0,,
2024-07-30 17:44:00,CNR1756934250,Success,CID232583,Prime SUV,Chamarajpet,Tumkur Road,133.0,115.0,Not Applicable,Not Applicable,No,Not Applicable,136,UPI,41,4.0,4.8
2024-07-25 14:55:00,CNR5492965281,Success,CID974370,Auto,Kadugodi,Basavanagudi,112.0,120.0,Not Applicable,Not Applicable,No,Not Applicable,976,Cash,4,4.6,4.9
2024-07-26 12:32:00,CNR4395150414,Success,CID826342,Auto,Richmond Town,Sahakar Nagar,175.0,40.0,Not Applicable,Not Applicable,No,Not Applicable,961,Cash,17,3.5,4.0
2024-07-28 03:24:00,CNR3008047877,Driver Not Found,CID853159,Bike,Padmanabhanagar,Shivajinagar,,,Not Applicable,Not Applicable,Not Applicable,Not Applicable,177,Not Applicable,0,,
2024-07-09 14:06:00,CNR3942550235,Canceled by Driver,CID617085,Mini,HSR Layout,Koramangala,,,Not Applicable,Customer was coughing/sick,Not Applicable,Not Applicable,369,Not Applicable,0,,
2024-07-16 01:14:00,CNR6175067370,Success,CID815278,Prime Sedan,MG Road,Cox Town,203.0,45.0,Not Applicable,Not Applicable,No,Not Applicable,877,UPI,49,3.8,3.1
2024-07-25 07:10:00,CNR6300778701,Success,CID448368,Prime Sedan,Richmond Town,RT Nagar,84.0,55.0,Not Applicable,Not Applicable,No,Not Applicable,269,Cash,11,4.5,4.7
2024-07-20 14:44:00,CNR4823025560,Success,CID140353,Mini,Yelahanka,Jayanagar,231.0,105.0,Not Applicable,Not Applicable,No,Not Applicable,164,Cash,24,3.9,4.9
2024-07-17 21:00:00,CNR5041605931,Canceled by Driver,CID407435,Prime Plus,BTM Layout,Shivajinagar,,,Not Applicable,More than permitted people in there,Not Applicable,Not Applicable,253,Not Applicable,0,,
2024-07-30 11:49:00,CNR1867353568,Success,CID565748,Prime SUV,Vijayanagar,RT Nagar,105.0,50.0,Not Applicable,Not Applicable,No,Not Applicable,311,Cash,16,4.9,4.1
2024-07-28 12:15:00,CNR7474703489,Driver Not Found,CID891484,Mini,Bannerghatta Road,Magadi Road,,,Not Applicable,Not Applicable,Not Applicable,Not Applicable,294,Not Applicable,0,,
2024-07-23 12:16:00,CNR9177410323,Success,CID577982,Prime Plus,Richmond Town,Ramamurthy Nagar,196.0,85.0,Not Applicable,Not Applicable,No,Not Applicable,199,Cash,7,4.3,4.5
2024-07-26 12:16:00,CNR9112587513,Success,CID422064,Mini,Marathahalli,Yelahanka,308.0,40.0,Not Applicable,Not Applicable,Yes,Customer Demand,458,Cash,34,4.9,4.2
2024-07-01 03:59:00,CNR2439417110,Success,CID405103,Prime Sedan,Vijayanagar,Vijayanagar,126.0,50.0,Not Applicable,Not Applicable,No,Not Applicable,327,UPI,39,4.1,4.1
2024-07-24 07:45:00,CNR7010655816,Success,CID814639,Auto,Rajajinagar,Sarjapur Road,196.0,80.0,Not Applicable,Not Applicable,No,Not Applicable,388,UPI,14,4.9,4.8
2024-07-25 10:41:00,CNR8655913086,Success,CID919985,Bike,Cox Town,Electronic City,154.0,100.0,Not Applicable,Not Applicable,No,Not Applicable,236,UPI,26,4.4,3.7
2024-07-26 07:39:00,CNR7436486775,Success,CID177583,Bike,Tumkur Road,Hennur,140.0,35.0,Not Applicable,Not Applicable,No,Not Applicable,256,Cash,43,4.8,4.3
2024-07-18 08:41:00,CNR7734310296,Success,CID332697,Prime Sedan,Marathahalli,Rajarajeshwari Nagar,308.0,30.0,Not Applicable,Not Applicable,No,Not Applicable,492,UPI,17,3.5,4.7
2024-07-23 22:10:00,CNR5469845133,Success,CID727241,Prime SUV,Magadi Road,Kadugodi,287.0,70.0,Not Applicable,Not Applicable,No,Not Applicable,423,Cash,22,3.6,4.6
2024-07-09 00:08:00,CNR7403637751,Driver Not Found,CID523209,Mini,Frazer Town,Cox Town,,,Not Applicable,Not Applicable,Not Applicable,Not Applicable,182,Not Applicable,0,,
2024-07-23 01:01:00,CNR8998758709,Success,CID854648,Prime SUV,Hosur Road,Yeshwanthpur,168.0,45.0,Not Applicable,Not Applicable,No,Not Applicable,249,Cash,15,3.2,4.2
2024-07-11 06:52:00,CNR6299593531,Success,CID892217,eBike,Yelahanka,Kengeri,210.0,135.0,Not Applicable,Not Applicable,No,Not Applicable,518,Cash,40,3.8,3.9
2024-07-14 09:48:00,CNR5473172594,Success,CID717623,Auto,Basavanagudi,Peenya,266.0,95.0,Not Applicable,Not Applicable,No,Not Applicable,457,Cash,1,3.2,4.4
2024-07-12 15:03:00,CNR8407279998,Success,CID885597,Prime Sedan,Rajarajeshwari Nagar,HSR Layout,70.0,105.0,Not Applicable,Not Applicable,No,Not Applicable,669,Credit Card,22,3.9,4.9
2024-07-18 20:15:00,CNR2831226967,Canceled by Customer,CID958676,Mini,Richmond Town,Frazer Town,,,Driver is not moving towards pickup location,Not Applicable,Not Applicable,Not Applicable,884,Not Applicable,0,,
2024-07-03 00:38:00,CNR1844483612,Canceled by Driver,CID178841,Bike,Jayanagar,Varthur,,,Not Applicable,Personal & Car related issue,Not Applicable,Not Applicable,463,Not Applicable,0,,
2024-07-07 15:24:00,CNR4966262128,Canceled by Driver,CID752793,Prime Sedan,Kadugodi,Sarjapur Road,,,Not Applicable,Customer was coughing/sick,Not Applicable,Not Applicable,505,Not Applicable,0,,
2024-07-29 19:18:00,CNR1241556006,Canceled by Driver,CID151109,eBike,Vijayanagar,Vijayanagar,,,Not Applicable,Personal & Car related issue,Not Applicable,Not Applicable,481,Not Applicable,0,,
2024-07-03 15:42:00,CNR8337686635,Canceled by Customer,CID819136,Prime Plus,Jayanagar,Kengeri,,,Driver is not moving towards pickup location,Not Applicable,Not Applicable,Not Applicable,295,Not Applicable,0,,
2024-07-29 00:24:00,CNR3715893049,Success,CID296059,Prime Plus,Ramamurthy Nagar,Padmanabhanagar,189.0,50.0,Not Applicable,Not Applicable,No,Not Applicable,178,Debit Card,29,4.4,3.4
2024-07-07 19:33:00,CNR4183953627,Success,CID676586,Bike,Shivajinagar,Malleshwaram,224.0,50.0,Not Applicable,Not Applicable,No,Not Applicable,746,UPI,26,4.1,3.8
2024-07-18 17:56:00,CNR1926063499,Success,CID433976,Prime Plus,Rajajinagar,Rajajinagar,196.0,110.0,Not Applicable,Not Applicable,No,Not Applicable,994,Cash,14,3.5,4.7
2024-07-09 17:57:00,CNR6838102967,Success,CID274882,Prime Sedan,Padmanabhanagar,JP Nagar,161.0,125.0,Not Applicable,Not Applicable,No,Not Applicable,302,UPI,38,3.0,4.9
2024-07-07 19:48:00,CNR9095077933,Success,CID110526,Prime Sedan,BTM Layout,Marathahalli,140.0,85.0,Not Applicable,Not Applicable,No,Not Applicable,559,Cash,28,3.2,4.5
2024-07-21 23:14:00,CNR1851732302,Success,CID152957,Prime Sedan,RT Nagar,Bannerghatta Road,140.0,80.0,Not Applicable,Not Applicable,No,Not Applicable,484,Cash,41,4.2,3.7
2024-07-10 07:53:00,CNR8493525513,Success,CID702571,Prime Sedan,Varthur,Basavanagudi,70.0,25.0,Not Applicable,Not Applicable,No,Not Applicable,442,Cash,30,4.9,5.0
2024-07-26 08:33:00,CNR3984026846,Canceled by Driver,CID891005,Bike,Whitefield,Koramangala,,,Not Applicable,Customer related issue,Not Applicable,Not Applicable,101,Not Applicable,0,,
2024-07-12 14:29:00,CNR1912159143,Canceled by Driver,CID882360,Auto,Whitefield,Banashankari,,,Not Applicable,Customer was coughing/sick,Not Applicable,Not Applicable,161,Not Applicable,0,,
2024-07-13 02:35:00,CNR6627139602,Canceled by Driver,CID523293,Bike,Jayanagar,KR Puram,,,Not Applicable,More than permitted people in there,Not Applicable,Not Applicable,658,Not Applicable,0,,
2024-07-13 19:28:00,CNR5205797816,Driver Not Found,CID668938,Mini,Hennur,Sarjapur Road,,,Not Applicable,Not Applicable,Not Applicable,Not Applicable,866,Not Applicable,0,,
2024-07-01 03:44:00,CNR1920184534,Success,CID553876,Mini,HSR Layout,Ramamurthy Nagar,91.0,35.0,Not Applicable,Not Applicable,No,Not Applicable,2125,Cash,17,3.6,4.3
2024-07-08 04:44:00,CNR9173474129,Success,CID351444,Prime SUV,Basavanagudi,Devanahalli,42.0,145.0,Not Applicable,Not Applicable,No,Not Applicable,280,Cash,39,3.8,3.4
2024-07-10 09:07:00,CNR8991234288,Success,CID581173,Prime Sedan,Yeshwanthpur,Electronic City,252.0,30.0,Not Applicable,Not Applicable,No,Not Applicable,394,UPI,41,4.0,4.8
2024-07-18 15:43:00,CNR7687877037,Canceled by Customer,CID859334,Prime SUV,Hosur Road,Rajajinagar,,,AC is Not working,Not Applicable,Not Applicable,Not Applicable,150,Not Applicable,0,,
2024-07-30 11:30:00,CNR7582714350,Canceled by Customer,CID733417,Prime Sedan,Rajajinagar,Basavanagudi,,,Wrong Address,Not Applicable,Not Applicable,Not Applicable,157,Not Applicable,0,,
2024-07-19 11:21:00,CNR1771538994,Success,CID299967,eBike,Whitefield,JP Nagar,308.0,145.0,Not Applicable,Not Applicable,No,Not Applicable,362,UPI,32,3.9,3.5
2024-07-04 23:23:00,CNR3927276382,Success,CID608385,Prime Plus,Tumkur Road,Sarjapur Road,84.0,90.0,Not Applicable,Not Applicable,No,Not Applicable,123,Cash,48,4.8,4.1
2024-07-29 12:08:00,CNR6553367902,Success,CID297800,Bike,Malleshwaram,Electronic City,301.0,45.0,Not Applicable,Not Applicable,No,Not Applicable,265,UPI,39,4.4,3.7
2024-07-14 11:23:00,CNR8358004772,Success,CID125125,Prime Sedan,Langford Town,Kadugodi,203.0,70.0,Not Applicable,Not Applicable,No,Not Applicable,716,Cash,27,3.5,3.8
2024-07-23 13:48:00,CNR8372382733,Success,CID872934,Prime Sedan,Varthur,Kadugodi,203.0,95.0,Not Applicable,Not Applicable,No,Not Applicable,2542,UPI,17,4.3,4.8
2024-07-07 11:25:00,CNR9913623531,Success,CID846787,eBike,Indiranagar,Padmanabhanagar,301.0,115.0,Not Applicable,Not Applicable,No,Not Applicable,2541,UPI,12,4.0,3.9
2024-07-10 16:44:00,CNR9510842707,Success,CID630002,Prime Sedan,Bellandur,Jayanagar,112.0,85.0,Not Applicable,Not Applicable,No,Not Applicable,353,Cash,1,4.3,4.5
2024-07-24 19:39:00,CNR2362432269,Success,CID894859,eBike,MG Road,Richmond Town,294.0,85.0,Not Applicable,Not Applicable,No,Not Applicable,103,UPI,36,3.5,4.0
2024-07-21 03:36:00,CNR7917045342,Success,CID552844,Prime SUV,Koramangala,Mysore Road,133.0,50.0,Not Applicable,Not Applicable,No,Not Applicable,859,UPI,6,3.9,4.0
2024-07-03 03:06:00,CNR1298233932,Canceled by Driver,CID796820,eBike,Shivajinagar,Malleshwaram,,,Not Applicable,Personal & Car related issue,Not Applicable,Not Applicable,259,Not Applicable,0,,
2024-07-26 04:30:00,CNR3287425501,Success,CID375593,Auto,Tumkur Road,Rajajinagar,119.0,130.0,Not Applicable,Not Applicable,No,Not Applicable,463,UPI,14,4.9,4.4
2024-07-28 01:20:00,CNR5445801475,Success,CID550710,eBike,Kadugodi,Peenya,126.0,145.0,Not Applicable,Not Applicable,No,Not Applicable,988,Cash,14,3.1,4.4
2024-07-02 05:12:00,CNR2230995081,Canceled by Driver,CID474802,Mini,Chamarajpet,HSR Layout,,,Not Applicable,Customer related issue,Not Applicable,Not Applicable,284,Not Applicable,0,,
2024-07-12 06:52:00,CNR8621108646,Success,CID484342,Mini,Koramangala,Electronic City,189.0,25.0,Not Applicable,Not Applicable,No,Not Applicable,737,Cash,39,5.0,3.3
2024-07-09 17:47:00,CNR2387292709,Success,CID738926,Bike,BTM Layout,Marathahalli,182.0,120.0,Not Applicable,Not Applicable,No,Not Applicable,796,UPI,3,4.9,4.5
2024-07-06 02:50:00,CNR4892264286,Success,CID533803,Prime Sedan,Cox Town,Indiranagar,224.0,40.0,Not Applicable,Not Applicable,No,Not Applicable,199,Cash,6,3.6,3.4
2024-07-15 11:21:00,CNR2812657537,Success,CID325851,Mini,Sarjapur Road,Hulimavu,126.0,135.0,Not Applicable,Not Applicable,No,Not Applicable,691,Cash,37,3.2,3.8
2024-07-01 23:20:00,CNR3872740031,Success,CID231586,Prime Sedan,MG Road,Hebbal,105.0,50.0,Not Applicable,Not Applicable,No,Not Applicable,1623,Cash,27,3.7,3.8
2024-07-01 18:18:00,CNR3613402529,Canceled by Driver,CID145008,Bike,Hulimavu,HSR Layout,,,Not Applicable,Personal & Car related issue,Not Applicable,Not Applicable,437,Not Applicable,0,,
2024-07-29 00:29:00,CNR5041927847,Success,CID976520,Auto,Tumkur Road,Magadi Road,63.0,75.0,Not Applicable,Not Applicable,No,Not Applicable,420,UPI,10,4.2,4.8
2024-07-01 21:41:00,CNR4490806379,Driver Not Found,CID174418,Prime Plus,Shivajinagar,Varthur,,,Not Applicable,Not Applicable,Not Applicable,Not Applicable,321,Not Applicable,0,,
2024-07-11 10:00:00,CNR4654086551,Success,CID613934,Bike,Bellandur,Sarjapur Road,84.0,95.0,Not Applicable,Not Applicable,No,Not Applicable,304,Cash,2,3.2,4.2
2024-07-19 12:25:00,CNR3841060865,Canceled by Customer,CID690781,Mini,Shantinagar,RT Nagar,,,Change of plans,Not Applicable,Not Applicable,Not Applicable,464,Not Applicable,0,,
2024-07-24 07:38:00,CNR2327070180,Success,CID224313,Mini,Electronic City,Varthur,84.0,140.0,Not Applicable,Not Applicable,No,Not Applicable,424,UPI,49,3.8,3.7
2024-07-21 15:18:00,CNR8592191681,Success,CID337084,Prime Plus,Indiranagar,Kammanahalli,294.0,120.0,Not Applicable,Not Applicable,No,Not Applicable,141,Cash,6,4.3,4.9
2024-07-08 08:31:00,CNR6265443258,Driver Not Found,CID633082,Prime Plus,Langford Town,Indiranagar,,,Not Applicable,Not Applicable,Not Applicable,Not Applicable,1791,Not Applicable,0,,
2024-07-22 08:19:00,CNR8403504169,Success,CID403229,eBike,KR Puram,Whitefield,35.0,145.0,Not Applicable,Not Applicable,No,Not Applicable,180,Cash,16,3.4,4.1
2024-07-25 07:42:00,CNR2106151463,Success,CID279656,Bike,Sarjapur Road,Peenya,245.0,120.0,Not Applicable,Not Applicable,No,Not Applicable,2116,Cash,38,4.9,3.3
2024-07-17 05:24:00,CNR7297890007,Driver Not Found,CID319743,Bike,Cox Town,Yelahanka,,,Not Applicable,Not Applicable,Not Applicable,Not Applicable,304,Not Applicable,0,,
2024-07-13 13:52:00,CNR8292190568,Driver Not Found,CID208654,eBike,Sahakar Nagar,Jayanagar,,,Not Applicable,Not Applicable,Not Applicable,Not Applicable,1838,Not Applicable,0,,
2024-07-05 15:36:00,CNR3445488952,Canceled by Customer,CID635468,Mini,Bellandur,Rajajinagar,,,Driver is not moving towards pickup location,Not Applicable,Not Applicable,Not Applicable,152,Not Applicable,0,,
2024-07-27 07:19:00,CNR3525685903,Canceled by Customer,CID349874,Prime SUV,Hennur,Marathahalli,,,Change of plans,Not Applicable,Not Applicable,Not Applicable,159,Not Applicable,0,,
2024-07-16 04:44:00,CNR8534959696,Canceled by Driver,CID129445,eBike,Bannerghatta Road,Hulimavu,,,Not Applicable,Customer was coughing/sick,Not Applicable,Not Applicable,107,Not Applicable,0,,
2024-07-25 05:24:00,CNR5224578911,Success,CID955014,Prime Plus,Tumkur Road,Malleshwaram,91.0,110.0,Not Applicable,Not Applicable,No,Not Applicable,562,UPI,34,3.8,4.9
2024-07-04 08:54:00,CNR7948422300,Canceled by Driver,CID533299,Auto,Whitefield,MG Road,,,Not Applicable,More than permitted people in there,Not Applicable,Not Applicable,138,Not Applicable,0,,
2024-07-10 15:57:00,CNR1568853242,Success,CID397994,Prime Sedan,Sahakar Nagar,Kadugodi,210.0,25.0,Not Applicable,Not Applicable,Yes,Customer Demand,369,UPI,36,4.1,3.0
2024-07-15 05:49:00,CNR9741221919,Canceled by Customer,CID428783,Mini,Ulsoor,Jayanagar,,,Change of plans,Not Applicable,Not Applicable,Not Applicable,270,Not Applicable,0,,
2024-07-15 21:29:00,CNR8332016395,Success,CID572690,Mini,Banashankari,Jayanagar,280.0,95.0,Not Applicable,Not Applicable,No,Not Applicable,842,Cash,36,4.3,3.9
2024-07-12 03:29:00,CNR9808422128,Success,CID741269,Prime SUV,Electronic City,Whitefield,182.0,100.0,Not Applicable,Not Applicable,No,Not Applicable,183,UPI,21,4.7,4.5
2024-07-15 02:19:00,CNR8027517448,Driver Not Found,CID600136,Mini,Tumkur Road,Kengeri,,,Not Applicable,Not Applicable,Not Applicable,Not Applicable,851,Not Applicable,0,,
2024-07-14 20:45:00,CNR7630439156,Canceled by Driver,CID653468,eBike,Sahakar Nagar,MG Road,,,Not Applicable,Customer was coughing/sick,Not Applicable,Not Applicable,395,Not Applicable,0,,
2024-07-20 08:16:00,CNR1577094458,Canceled by Customer,CID684584,Prime Plus,Mysore Road,Sahakar Nagar,,,Driver is not moving towards pickup location,Not Applicable,Not Applicable,Not Applicable,209,Not Applicable,0,,
2024-07-10 01:19:00,CNR9391938044,Driver Not Found,CID346570,Prime Plus,Kadugodi,Cox Town,,,Not Applicable,Not Applicable,Not Applicable,Not Applicable,2458,Not Applicable,0,,
2024-07-15 18:12:00,CNR4833833024,Canceled by Driver,CID914676,Auto,Sahakar Nagar,Padmanabhanagar,,,Not Applicable,Customer related issue,Not Applicable,Not Applicable,425,Not Applicable,0,,
2024-07-15 17:18:00,CNR2138215501,Canceled by Customer,CID709375,Mini,Shantinagar,Magadi Road,,,Wrong Address,Not Applicable,Not Applicable,Not Applicable,137,Not Applicable,0,,
2024-07-24 13:45:00,CNR9775541073,Success,CID794208,Bike,Bannerghatta Road,Marathahalli,133.0,35.0,Not Applicable,Not Applicable,No,Not Applicable,106,Cash,47,4.8,3.4
2024-07-29 15:31:00,CNR5301444441,Success,CID994941,Mini,Rajajinagar,Langford Town,70.0,95.0,Not Applicable,Not Applicable,No,Not Applicable,264,UPI,23,4.6,3.9
2024-07-25 12:10:00,CNR9623525798,Canceled by Driver,CID457480,Prime SUV,Whitefield,Indiranagar,,,Not Applicable,Customer related issue,Not Applicable,Not Applicable,984,Not Applicable,0,,
2024-07-12 16:37:00,CNR2542370736,Canceled by Driver,CID616954,Auto,KR Puram,Rajajinagar,,,Not Applicable,Personal & Car related issue,Not Applicable,Not Applicable,492,Not Applicable,0,,
2024-07-21 11:50:00,CNR8096513162,Canceled by Driver,CID179274,Bike,Ulsoor,Padmanabhanagar,,,Not Applicable,Customer was coughing/sick,Not Applicable,Not Applicable,263,Not Applicable,0,,
2024-07-22 12:21:00,CNR1460419256,Canceled by Driver,CID613990,Mini,Jayanagar,Yelahanka,,,Not Applicable,Customer related issue,Not Applicable,Not Applicable,672,Not Applicable,0,,
2024-07-06 14:39:00,CNR2172362277,Canceled by Customer,CID899977,Mini,Yelahanka,Tumkur Road,,,AC is Not working,Not Applicable,Not Applicable,Not Applicable,533,Not Applicable,0,,
2024-07-08 07:05:00,CNR2496543595,Canceled by Driver,CID383571,Prime Plus,Rajajinagar,Yelahanka,,,Not Applicable,More than permitted people in there,Not Applicable,Not Applicable,152,Not Applicable,0,,
2024-07-22 09:50:00,CNR1007416461,Success,CID955217,Mini,Sarjapur Road,Banashankari,287.0,60.0,Not Applicable,Not Applicable,No,Not Applicable,213,UPI,46,3.3,4.9
2024-07-07 06:14:00,CNR1293418494,Success,CID484185,Prime Sedan,Rajajinagar,Kadugodi,49.0,35.0,Not Applicable,Not Applicable,No,Not Applicable,444,Credit Card,3,4.6,3.1
2024-07-09 22:56:00,CNR1413156426,Driver Not Found,CID555043,eBike,Shantinagar,BTM Layout,,,Not Applicable,Not Applicable,Not Applicable,Not Applicable,347,Not Applicable,0,,
2024-07-30 14:55:00,CNR1380672107,Success,CID845987,Prime Sedan,Basavanagudi,Peenya,35.0,45.0,Not Applicable,Not Applicable,No,Not Applicable,854,UPI,2,4.2,4.0
2024-07-08 10:32:00,CNR2497018972,Canceled by Driver,CID594385,Mini,Varthur,KR Puram,,,Not Applicable,Customer was coughing/sick,Not Applicable,Not Applicable,181,Not Applicable,0,,
2024-07-05 17:36:00,CNR1487810577,Success,CID604171,Prime Sedan,Hebbal,BTM Layout,196.0,145.0,Not Applicable,Not Applicable,No,Not Applicable,206,Credit Card,38,5.0,3.4
2024-07-30 19:34:00,CNR9721286182,Success,CID941563,Prime SUV,Sarjapur Road,Ramamurthy Nagar,273.0,135.0,Not Applicable,Not Applicable,No,Not Applicable,190,Cash,28,4.0,4.7
2024-07-25 05:20:00,CNR7684244315,Success,CID917458,Mini,Electronic City,Bannerghatta Road,259.0,45.0,Not Applicable,Not Applicable,No,Not Applicable,429,Cash,30,4.3,4.7
2024-07-25 16:47:00,CNR9049579745,Success,CID460265,Prime SUV,Hosur Road,Kammanahalli,224.0,90.0,Not Applicable,Not Applicable,No,Not Applicable,222,UPI,46,4.9,3.9
2024-07-25 01:29:00,CNR1578578039,Driver Not Found,CID221101,eBike,Vijayanagar,Sarjapur Road,,,Not Applicable,Not Applicable,Not Applicable,Not Applicable,228,Not Applicable,0,,
2024-07-19 23:21:00,CNR2068304581,Success,CID500448,Prime SUV,Ulsoor,Ramamurthy Nagar,189.0,105.0,Not Applicable,Not Applicable,No,Not Applicable,256,Cash,14,4.7,3.1
2024-07-09 07:29:00,CNR7806244967,Success,CID866334,Prime SUV,Rajajinagar,Rajajinagar,77.0,90.0,Not Applicable,Not Applicable,No,Not Applicable,372,UPI,25,4.6,4.8
2024-07-11 22:50:00,CNR8312941676,Success,CID491538,Mini,Ramamurthy Nagar,Richmond Town,238.0,85.0,Not Applicable,Not Applicable,No,Not Applicable,823,UPI,22,4.6,3.4
2024-07-18 07:58:00,CNR7857009514,Success,CID418229,Prime SUV,Indiranagar,Shantinagar,252.0,80.0,Not Applicable,Not Applicable,No,Not Applicable,160,UPI,22,3.1,4.9
2024-07-12 06:43:00,CNR6250279782,Success,CID862804,Mini,Rajajinagar,Frazer Town,266.0,125.0,Not Applicable,Not Applicable,No,Not Applicable,106,Cash,6,4.3,3.3
2024-07-30 22:50:00,CNR6806593575,Driver Not Found,CID672037,Bike,Padmanabhanagar,Hennur,,,Not Applicable,Not Applicable,Not Applicable,Not Applicable,1579,Not Applicable,0,,
2024-07-20 00:28:00,CNR7229923519,Success,CID921845,Mini,Peenya,Sarjapur Road,105.0,80.0,Not Applicable,Not Applicable,No,Not Applicable,413,UPI,14,3.4,3.8
2024-07-01 09:39:00,CNR3243830679,Success,CID294915,Mini,Chamarajpet,Hulimavu,238.0,105.0,Not Applicable,Not Applicable,No,Not Applicable,227,UPI,45,3.2,4.2
2024-07-24 00:47:00,CNR1154674020,Success,CID680242,Mini,Peenya,Indiranagar,266.0,80.0,Not Applicable,Not Applicable,No,Not Applicable,2174,Cash,5,3.4,3.5
2024-07-09 15:06:00,CNR3577136727,Canceled by Customer,CID560925,Prime Sedan,Hebbal,Sahakar Nagar,,,Driver is not moving towards pickup location,Not Applicable,Not Applicable,Not Applicable,195,Not Applicable,0,,
2024-07-01 08:38:00,CNR5266243022,Driver Not Found,CID881135,eBike,Rajarajeshwari Nagar,JP Nagar,,,Not Applicable,Not Applicable,Not Applicable,Not Applicable,105,Not Applicable,0,,
2024-07-08 00:32:00,CNR5243276566,Success,CID243039,Mini,Nagarbhavi,Chamarajpet,231.0,140.0,Not Applicable,Not Applicable,No,Not Applicable,219,Credit Card,34,3.7,3.2
2024-07-03 14:06:00,CNR8654061923,Success,CID407004,Auto,Basavanagudi,Rajarajeshwari Nagar,301.0,85.0,Not Applicable,Not Applicable,No,Not Applicable,2041,UPI,16,4.1,3.5
2024-07-02 04:04:00,CNR5936848534,Success,CID990191,Prime Sedan,MG Road,Chickpet,287.0,35.0,Not Applicable,Not Applicable,No,Not Applicable,794,UPI,21,3.4,3.7
2024-07-21 07:59:00,CNR5737257930,Success,CID564935,eBike,Whitefield,Kadugodi,154.0,125.0,Not Applicable,Not Applicable,No,Not Applicable,185,Cash,15,4.2,4.7
2024-07-18 08:57:00,CNR1684113557,Canceled by Driver,CID137937,Mini,Frazer Town,HSR Layout,,,Not Applicable,Customer related issue,Not Applicable,Not Applicable,767,Not Applicable,0,,
2024-07-23 21:18:00,CNR2698220305,Canceled by Driver,CID701753,Bike,Chamarajpet,Basavanagudi,,,Not Applicable,Personal & Car related issue,Not Applicable,Not Applicable,231,Not Applicable,0,,
2024-07-15 07:27:00,CNR6312724609,Success,CID821279,eBike,Varthur,BTM Layout,133.0,75.0,Not Applicable,Not Applicable,No,Not Applicable,1124,UPI,33,4.7,3.5
2024-07-16 08:38:00,CNR9476151081,Canceled by Customer,CID102597,Bike,Devanahalli,Yeshwanthpur,,,Wrong Address,Not Applicable,Not Applicable,Not Applicable,343,Not Applicable,0,,
2024-07-17 22:17:00,CNR9166693107,Driver Not Found,CID396823,Mini,JP Nagar,HSR Layout,,,Not Applicable,Not Applicable,Not Applicable,Not Applicable,1438,Not Applicable,0,,
2024-07-08 06:47:00,CNR4953615474,Success,CID322500,Mini,Magadi Road,Malleshwaram,238.0,55.0,Not Applicable,Not Applicable,No,Not Applicable,784,Cash,9,3.4,3.8
2024-07-22 11:53:00,CNR6071667710,Success,CID879060,Bike,Bellandur,Ulsoor,308.0,95.0,Not Applicable,Not Applicable,No,Not Applicable,311,Cash,12,3.6,4.9
2024-07-06 09:26:00,CNR2990180073,Success,CID183040,Prime Sedan,Shantinagar,Banashankari,70.0,145.0,Not Applicable,Not Applicable,No,Not Applicable,172,Cash,38,4.0,4.5
2024-07-01 17:44:00,CNR5431736697,Driver Not Found,CID737539,Mini,Richmond Town,Hennur,,,Not Applicable,Not Applicable,Not Applicable,Not Applicable,563,Not Applicable,0,,
2024-07-03 12:33:00,CNR1588420026,Success,CID892449,Bike,Shantinagar,Banashankari,56.0,80.0,Not Applicable,Not Applicable,No,Not Applicable,805,Cash,30,3.6,4.6
2024-07-16 17:01:00,CNR5325819846,Success,CID693323,Prime Plus,Sarjapur Road,Sahakar Nagar,196.0,125.0,Not Applicable,Not Applicable,No,Not Applicable,193,Cash,19,3.9,3.4
2024-07-15 17:00:00,CNR8709388846,Success,CID783006,Prime Sedan,Hulimavu,JP Nagar,238.0,30.0,Not Applicable,Not Applicable,No,Not Applicable,350,Cash,3,4.1,3.2
2024-07-18 23:57:00,CNR8764407266,Success,CID614241,Prime Sedan,Bannerghatta Road,Koramangala,196.0,80.0,Not Applicable,Not Applicable,No,Not Applicable,337,UPI,34,4.2,4.1
2024-07-04 16:36:00,CNR8602461292,Canceled by Driver,CID135164,Auto,Kengeri,Indiranagar,,,Not Applicable,Customer was coughing/sick,Not Applicable,Not Applicable,992,Not Applicable,0,,
2024-07-15 21:22:00,CNR9140569552,Success,CID698699,Bike,Sarjapur Road,Koramangala,308.0,35.0,Not Applicable,Not Applicable,No,Not Applicable,465,UPI,17,3.9,3.1
2024-07-03 07:57:00,CNR4256309012,Success,CID386348,Auto,Sarjapur Road,Hosur Road,301.0,95.0,Not Applicable,Not Applicable,No,Not Applicable,575,Cash,14,4.9,4.0
2024-07-10 09:29:00,CNR4293688894,Canceled by Customer,CID924438,Prime Sedan,Varthur,Langford Town,,,AC is Not working,Not Applicable,Not Applicable,Not Applicable,297,Not Applicable,0,,
2024-07-27 11:53:00,CNR6076767424,Canceled by Driver,CID920468,Prime Sedan,Banashankari,MG Road,,,Not Applicable,Personal & Car related issue,Not Applicable,Not Applicable,166,Not Applicable,0,,
2024-07-19 23:36:00,CNR9507270702,Canceled by Driver,CID884182,Prime Plus,MG Road,Yeshwanthpur,,,Not Applicable,Personal & Car related issue,Not Applicable,Not Applicable,783,Not Applicable,0,,
2024-07-18 01:03:00,CNR8642174957,Canceled by Driver,CID532802,Mini,Hosur Road,Nagarbhavi,,,Not Applicable,Customer related issue,Not Applicable,Not Applicable,315,Not Applicable,0,,
2024-07-01 12:36:00,CNR6116160690,Success,CID987893,Prime Plus,Cox Town,Ramamurthy Nagar,70.0,125.0,Not Applicable,Not Applicable,No,Not Applicable,764,Credit Card,2,4.8,4.4
2024-07-09 18:20:00,CNR6886546240,Canceled by Customer,CID473731,eBike,Hebbal,Devanahalli,,,Driver asked to cancel,Not Applicable,Not Applicable,Not Applicable,2552,Not Applicable,0,,
2024-07-10 21:59:00,CNR2039903888,Success,CID882408,Bike,Tumkur Road,Kadugodi,259.0,145.0,Not Applicable,Not Applicable,No,Not Applicable,494,UPI,39,3.9,4.8
2024-07-08 10:30:00,CNR8026190720,Success,CID449534,Auto,Majestic,Hennur,245.0,145.0,Not Applicable,Not Applicable,No,Not Applicable,688,Credit Card,8,3.9,4.0
2024-07-06 15:52:00,CNR1066943777,Driver Not Found,CID390744,Prime Plus,BTM Layout,JP Nagar,,,Not Applicable,Not Applicable,Not Applicable,Not Applicable,697,Not Applicable,0,,
2024-07-08 21:22:00,CNR1415641736,Driver Not Found,CID678044,eBike,Vijayanagar,Mysore Road,,,Not Applicable,Not Applicable,Not Applicable,Not Applicable,404,Not Applicable,0,,
2024-07-05 22:09:00,CNR8782286060,Success,CID791962,eBike,Indiranagar,Richmond Town,77.0,50.0,Not Applicable,Not Applicable,No,Not Applicable,220,UPI,42,3.8,4.2
2024-07-30 20:08:00,CNR5428615156,Canceled by Customer,CID586870,Prime SUV,Tumkur Road,BTM Layout,,,AC is Not working,Not Applicable,Not Applicable,Not Applicable,687,Not Applicable,0,,
2024-07-04 21:09:00,CNR4942982870,Canceled by Driver,CID454146,Auto,Varthur,Hennur,,,Not Applicable,More than permitted people in there,Not Applicable,Not Applicable,418,Not Applicable,0,,
2024-07-17 18:35:00,CNR4469230574,Canceled by Driver,CID568999,eBike,HSR Layout,Magadi Road,,,Not Applicable,Personal & Car related issue,Not Applicable,Not Applicable,511,Not Applicable,0,,
2024-07-28 16:11:00,CNR9452773529,Success,CID491316,Bike,Yeshwanthpur,Devanahalli,91.0,105.0,Not Applicable,Not Applicable,No,Not Applicable,1818,Cash,11,4.1,3.7
2024-07-12 17:29:00,CNR3725706906,Success,CID667733,Prime SUV,MG Road,Chickpet,308.0,105.0,Not Applicable,Not Applicable,No,Not Applicable,121,Cash,23,4.3,4.0
2024-07-11 18:13:00,CNR9973812955,Success,CID200912,Prime SUV,Whitefield,Peenya,280.0,45.0,Not Applicable,Not Applicable,No,Not Applicable,490,Cash,5,3.1,3.8
2024-07-16 14:22:00,CNR3850051829,Canceled by Customer,CID502080,eBike,Ramamurthy Nagar,Mysore Road,,,Driver is not moving towards pickup location,Not Applicable,Not Applicable,Not Applicable,441,Not Applicable,0,,
2024-07-12 14:17:00,CNR8868428989,Canceled by Customer,CID860874,Bike,Ulsoor,Varthur,,,Driver is not moving towards pickup location,Not Applicable,Not Applicable,Not Applicable,878,Not Applicable,0,,
2024-07-22 10:55:00,CNR2952631587,Success,CID162855,Mini,Hulimavu,Rajarajeshwari Nagar,98.0,40.0,Not Applicable,Not Applicable,No,Not Applicable,220,Cash,26,3.4,3.1
2024-07-22 17:34:00,CNR6706701431,Success,CID563859,Prime Plus,HSR Layout,Varthur,140.0,25.0,Not Applicable,Not Applicable,No,Not Applicable,260,Cash,49,3.6,4.7
2024-07-29 14:42:00,CNR3674805107,Success,CID141844,Prime Plus,Marathahalli,Cox Town,252.0,95.0,Not Applicable,Not Applicable,No,Not Applicable,2558,UPI,46,3.2,3.9
2024-07-03 17:49:00,CNR8524130057,Canceled by Customer,CID656226,Bike,Magadi Road,Devanahalli,,,Wrong Address,Not Applicable,Not Applicable,Not Applicable,579,Not Applicable,0,,
2024-07-07 20:23:00,CNR5949135715,Success,CID630721,eBike,Yelahanka,Varthur,56.0,65.0,Not Applicable,Not Applicable,No,Not Applicable,349,Cash,24,3.6,4.0
2024-07-05 15:31:00,CNR3235873495,Success,CID301146,Mini,Hebbal,Padmanabhanagar,287.0,120.0,Not Applicable,Not Applicable,No,Not Applicable,523,Cash,8,4.2,3.7
2024-07-12 02:33:00,CNR5155200743,Success,CID308128,Prime Sedan,Majestic,Jayanagar,84.0,25.0,Not Applicable,Not Applicable,No,Not Applicable,242,UPI,44,4.3,4.6
2024-07-14 04:03:00,CNR9719520083,Success,CID983446,Prime SUV,Shivajinagar,Hulimavu,168.0,60.0,Not Applicable,Not Applicable,No,Not Applicable,1997,UPI,19,3.7,4.6
2024-07-08 12:08:00,CNR5116742232,Success,CID623068,Prime Sedan,RT Nagar,Rajajinagar,259.0,30.0,Not Applicable,Not Applicable,No,Not Applicable,165,UPI,31,4.8,4.1
2024-07-28 12:38:00,CNR4641128298,Canceled by Driver,CID763742,Prime Sedan,Tumkur Road,Banashankari,,,Not Applicable,Customer related issue,Not Applicable,Not Applicable,981,Not Applicable,0,,
2024-07-26 10:26:00,CNR3629596662,Success,CID681596,Bike,Ramamurthy Nagar,Basavanagudi,238.0,110.0,Not Applicable,Not Applicable,Yes,Customer Demand,126,Cash,17,4.7,3.8
2024-07-18 20:42:00,CNR5702687824,Canceled by Driver,CID525196,eBike,MG Road,Rajarajeshwari Nagar,,,Not Applicable,Customer was coughing/sick,Not Applicable,Not Applicable,194,Not Applicable,0,,
2024-07-02 00:07:00,CNR3750509578,Canceled by Driver,CID271881,Bike,Devanahalli,Yeshwanthpur,,,Not Applicable,Customer related issue,Not Applicable,Not Applicable,183,Not Applicable,0,,
2024-07-06 15:53:00,CNR3935538093,Success,CID975284,Bike,Majestic,HSR Layout,56.0,40.0,Not Applicable,Not Applicable,No,Not Applicable,365,Cash,35,5.0,3.9
2024-07-29 03:50:00,CNR6941096148,Canceled by Customer,CID939852,Prime Sedan,Majestic,MG Road,,,AC is Not working,Not Applicable,Not Applicable,Not Applicable,169,Not Applicable,0,,
2024-07-12 13:54:00,CNR5551656330,Driver Not Found,CID308955,Prime SUV,Hebbal,JP Nagar,,,Not Applicable,Not Applicable,Not Applicable,Not Applicable,157,Not Applicable,0,,
2024-07-19 07:53:00,CNR5988359322,Canceled by Driver,CID724411,eBike,Ramamurthy Nagar,KR Puram,,,Not Applicable,Customer related issue,Not Applicable,Not Applicable,380,Not Applicable,0,,
2024-07-26 19:35:00,CNR9005113867,Canceled by Driver,CID446655,Prime Sedan,Yelahanka,BTM Layout,,,Not Applicable,Personal & Car related issue,Not Applicable,Not Applicable,278,Not Applicable,0,,
2024-07-11 17:53:00,CNR7118830131,Success,CID471478,Prime SUV,Koramangala,Shivajinagar,56.0,35.0,Not Applicable,Not Applicable,No,Not Applicable,551,Cash,27,4.6,3.5
2024-07-26 22:05:00,CNR5950378150,Canceled by Customer,CID161091,eBike,Ramamurthy Nagar,Tumkur Road,,,AC is Not working,Not Applicable,Not Applicable,Not Applicable,356,Not Applicable,0,,
2024-07-19 22:03:00,CNR8516887852,Canceled by Customer,CID529972,eBike,Langford Town,HSR Layout,,,Driver asked to cancel,Not Applicable,Not Applicable,Not Applicable,473,Not Applicable,0,,
2024-07-24 16:36:00,CNR7864682739,Success,CID809780,Prime Sedan,Vijayanagar,Kammanahalli,70.0,130.0,Not Applicable,Not Applicable,No,Not Applicable,200,Cash,34,3.7,3.1
2024-07-10 00:35:00,CNR3810346503,Canceled by Driver,CID311795,Prime Sedan,Peenya,Peenya,,,Not Applicable,Customer related issue,Not Applicable,Not Applicable,366,Not Applicable,0,,
2024-07-03 10:10:00,CNR6894961485,Driver Not Found,CID726520,Bike,Varthur,RT Nagar,,,Not Applicable,Not Applicable,Not Applicable,Not Applicable,238,Not Applicable,0,,
2024-07-01 22:50:00,CNR1083060976,Success,CID464410,Prime Plus,Richmond Town,KR Puram,56.0,95.0,Not Applicable,Not Applicable,No,Not Applicable,300,Cash,9,3.5,4.2
2024-07-02 10:37:00,CNR6328487704,Success,CID102538,Prime SUV,Tumkur Road,RT Nagar,140.0,145.0,Not Applicable,Not Applicable,No,Not Applicable,733,Cash,31,4.7,4.7
2024-07-17 03:18:00,CNR8473410680,Canceled by Driver,CID199439,Prime Plus,Sahakar Nagar,Padmanabhanagar,,,Not Applicable,Customer related issue,Not Applicable,Not Applicable,332,Not Applicable,0,,
2024-07-22 21:21:00,CNR1664308800,Success,CID917727,Prime Plus,Langford Town,Electronic City,287.0,30.0,Not Applicable,Not Applicable,No,Not Applicable,396,UPI,28,4.2,3.9
2024-07-16 18:42:00,CNR5231938635,Success,CID554723,Mini,Indiranagar,Bellandur,35.0,30.0,Not Applicable,Not Applicable,Yes,Customer Demand,312,Cash,28,3.5,4.9
2024-07-17 15:44:00,CNR4753569448,Driver Not Found,CID599584,eBike,Nagarbhavi,Sahakar Nagar,,,Not Applicable,Not Applicable,Not Applicable,Not Applicable,137,Not Applicable,0,,
2024-07-29 09:09:00,CNR7852191357,Canceled by Driver,CID623842,Prime SUV,Chamarajpet,Ulsoor,,,Not Applicable,Customer was coughing/sick,Not Applicable,Not Applicable,252,Not Applicable,0,,
2024-07-03 01:51:00,CNR5284586731,Success,CID853565,Bike,Hennur,Magadi Road,35.0,130.0,Not Applicable,Not Applicable,No,Not Applicable,145,UPI,1,3.7,4.3
2024-07-09 02:35:00,CNR5829707684,Success,CID853752,Prime SUV,Kengeri,Bannerghatta Road,287.0,85.0,Not Applicable,Not Applicable,No,Not Applicable,363,UPI,27,3.6,4.3
2024-07-05 15:58:00,CNR9481298873,Canceled by Driver,CID195686,Mini,KR Puram,Banashankari,,,Not Applicable,Personal & Car related issue,Not Applicable,Not Applicable,560,Not Applicable,0,,
2024-07-03 18:04:00,CNR9315350467,Success,CID729969,Bike,Kengeri,Varthur,42.0,130.0,Not Applicable,Not Applicable,No,Not Applicable,355,Cash,44,4.0,4.3
2024-07-06 18:13:00,CNR5260483938,Success,CID743888,Prime Plus,Whitefield,Langford Town,63.0,75.0,Not Applicable,Not Applicable,No,Not Applicable,326,UPI,10,3.1,4.1
2024-07-09 01:21:00,CNR4471085998,Canceled by Driver,CID556505,Auto,RT Nagar,Devanahalli,,,Not Applicable,Customer related issue,Not Applicable,Not Applicable,280,Not Applicable,0,,
2024-07-12 13:52:00,CNR8441582678,Success,CID697112,Prime Sedan,Kengeri,HSR Layout,182.0,145.0,Not Applicable,Not Applicable,No,Not Applicable,102,UPI,8,3.5,3.5
2024-07-17 11:51:00,CNR5992399063,Success,CID158768,Auto,Hulimavu,KR Puram,287.0,95.0,Not Applicable,Not Applicable,No,Not Applicable,285,UPI,6,4.9,3.3
2024-07-22 23:53:00,CNR7014489565,Success,CID624809,Prime Plus,RT Nagar,HSR Layout,252.0,60.0,Not Applicable,Not Applicable,No,Not Applicable,424,UPI,1,3.3,3.7
2024-07-12 06:15:00,CNR5610758686,Success,CID213049,eBike,Shantinagar,Langford Town,273.0,100.0,Not Applicable,Not Applicable,No,Not Applicable,142,Cash,15,3.0,4.1
2024-07-11 22:11:00,CNR1973401530,Success,CID258423,Prime Plus,Rajarajeshwari Nagar,Padmanabhanagar,210.0,125.0,Not Applicable,Not Applicable,No,Not Applicable,238,UPI,19,3.2,3.1
2024-07-29 20:01:00,CNR1915016204,Success,CID341747,Mini,Malleshwaram,Shivajinagar,126.0,85.0,Not Applicable,Not Applicable,No,Not Applicable,828,Cash,6,4.8,3.8
2024-07-06 09:59:00,CNR3610247328,Success,CID399492,Prime SUV,Mysore Road,Chamarajpet,308.0,25.0,Not Applicable,Not Applicable,No,Not Applicable,717,Cash,41,3.1,4.1
2024-07-05 21:08:00,CNR6200232516,Success,CID515760,Mini,Koramangala,Langford Town,168.0,85.0,Not Applicable,Not Applicable,No,Not Applicable,111,UPI,11,4.7,3.5
2024-07-01 00:42:00,CNR7328754575,Canceled by Driver,CID882512,Bike,Varthur,Magadi Road,,,Not Applicable,Customer was coughing/sick,Not Applicable,Not Applicable,195,Not Applicable,0,,
2024-07-01 09:54:00,CNR2772500453,Success,CID408958,Prime Sedan,Tumkur Road,Ramamurthy Nagar,49.0,120.0,Not Applicable,Not Applicable,No,Not Applicable,410,Cash,31,4.9,4.7
2024-07-21 14:25:00,CNR8147114789,Canceled by Customer,CID896390,Bike,BTM Layout,Indiranagar,,,Driver is not moving towards pickup location,Not Applicable,Not Applicable,Not Applicable,373,Not Applicable,0,,
2024-07-03 05:17:00,CNR6321619074,Success,CID548656,Auto,RT Nagar,Malleshwaram,63.0,120.0,Not Applicable,Not Applicable,No,Not Applicable,974,UPI,12,4.5,3.5
2024-07-12 08:07:00,CNR2321998489,Success,CID767874,Prime Sedan,Shantinagar,Padmanabhanagar,49.0,30.0,Not Applicable,Not Applicable,No,Not Applicable,331,Cash,49,3.5,3.4
2024-07-17 22:08:00,CNR4822269509,Success,CID119154,Prime Sedan,Mysore Road,Vijayanagar,189.0,120.0,Not Applicable,Not Applicable,No,Not Applicable,346,UPI,18,3.6,4.5
2024-07-20 15:18:00,CNR8103175210,Success,CID888583,Prime Sedan,Devanahalli,Indiranagar,49.0,50.0,Not Applicable,Not Applicable,No,Not Applicable,241,UPI,30,3.5,3.4
2024-07-07 18:12:00,CNR8497078863,Success,CID507657,Prime Sedan,Koramangala,Hennur,56.0,70.0,Not Applicable,Not Applicable,No,Not Applicable,483,Cash,5,4.3,4.2
2024-07-17 12:41:00,CNR7815626784,Success,CID733367,Mini,Indiranagar,Shantinagar,147.0,40.0,Not Applicable,Not Applicable,No,Not Applicable,307,Cash,16,3.4,4.1
2024-07-23 09:35:00,CNR7932582263,Success,CID329193,eBike,RT Nagar,Richmond Town,203.0,65.0,Not Applicable,Not Applicable,No,Not Applicable,186,Cash,6,3.1,3.6
2024-07-23 00:06:00,CNR2212423767,Success,CID586028,eBike,MG Road,Shantinagar,182.0,55.0,Not Applicable,Not Applicable,No,Not Applicable,309,Cash,2,3.2,4.0
2024-07-25 22:07:00,CNR7852405501,Driver Not Found,CID542786,Prime Sedan,KR Puram,Cox Town,,,Not Applicable,Not Applicable,Not Applicable,Not Applicable,264,Not Applicable,0,,
2024-07-28 17:44:00,CNR6136589964,Success,CID777097,eBike,Sarjapur Road,Sahakar Nagar,294.0,95.0,Not Applicable,Not Applicable,No,Not Applicable,153,UPI,8,3.2,3.2
2024-07-18 19:26:00,CNR8918456846,Success,CID971262,Prime Sedan,Malleshwaram,Shivajinagar,91.0,110.0,Not Applicable,Not Applicable,Yes,Vehicle Breakdown,668,UPI,30,3.4,3.8
2024-07-08 09:04:00,CNR4258863539,Success,CID286703,eBike,Jayanagar,Richmond Town,245.0,140.0,Not Applicable,Not Applicable,No,Not Applicable,196,Cash,41,4.5,4.6
2024-07-05 00:34:00,CNR2928862836,Success,CID118309,Auto,HSR Layout,Malleshwaram,98.0,70.0,Not Applicable,Not Applicable,No,Not Applicable,423,Credit Card,19,3.1,3.9
2024-07-14 15:04:00,CNR1945055848,Success,CID285601,Prime Plus,MG Road,Rajarajeshwari Nagar,294.0,40.0,Not Applicable,Not Applicable,No,Not Applicable,950,UPI,14,3.8,4.3
2024-07-16 02:45:00,CNR3746036404,Canceled by Driver,CID837386,Prime Plus,Malleshwaram,Peenya,,,Not Applicable,Customer was coughing/sick,Not Applicable,Not Applicable,205,Not Applicable,0,,
2024-07-06 14:11:00,CNR9822034736,Canceled by Driver,CID626026,Prime Plus,Sahakar Nagar,Varthur,,,Not Applicable,More than permitted people in there,Not Applicable,Not Applicable,241,Not Applicable,0,,
2024-07-04 19:14:00,CNR1264906073,Success,CID595802,Prime SUV,Electronic City,Kadugodi,161.0,30.0,Not Applicable,Not Applicable,No,Not Applicable,288,UPI,26,3.6,4.6
2024-07-17 22:17:00,CNR9007999782,Success,CID400654,Bike,Padmanabhanagar,Langford Town,70.0,100.0,Not Applicable,Not Applicable,No,Not Applicable,131,Cash,35,3.6,3.8
2024-07-15 20:03:00,CNR3077766003,Success,CID591392,eBike,Banashankari,Whitefield,203.0,60.0,Not Applicable,Not Applicable,No,Not Applicable,741,Cash,28,4.4,3.3
2024-07-01 15:32:00,CNR4285463016,Success,CID252360,Auto,Richmond Town,Malleshwaram,119.0,125.0,Not Applicable,Not Applicable,No,Not Applicable,463,Cash,1,3.4,3.3
2024-07-09 23:54:00,CNR3548083778,Success,CID403314,Bike,Electronic City,Yeshwanthpur,196.0,105.0,Not Applicable,Not Applicable,No,Not Applicable,196,UPI,13,3.3,4.3
2024-07-30 09:08:00,CNR4902367917,Success,CID382440,Bike,Basavanagudi,Padmanabhanagar,182.0,35.0,Not Applicable,Not Applicable,No,Not Applicable,721,UPI,21,3.5,4.1
2024-07-11 17:45:00,CNR3702656893,Success,CID943319,Bike,Kammanahalli,Electronic City,77.0,120.0,Not Applicable,Not Applicable,No,Not Applicable,695,Credit Card,21,4.7,3.3
2024-07-05 04:37:00,CNR1837361824,Success,CID593233,Prime Sedan,Frazer Town,Rajajinagar,140.0,60.0,Not Applicable,Not Applicable,No,Not Applicable,439,Cash,2,3.5,4.4
2024-07-23 17:46:00,CNR9156862018,Success,CID922521,Mini,Yelahanka,Varthur,224.0,130.0,Not Applicable,Not Applicable,No,Not Applicable,498,Cash,5,3.0,4.1
2024-07-27 21:20:00,CNR9163008049,Canceled by Customer,CID622416,eBike,Langford Town,MG Road,,,Driver asked to cancel,Not Applicable,Not Applicable,Not Applicable,303,Not Applicable,0,,
2024-07-23 12:54:00,CNR4118723706,Driver Not Found,CID564230,eBike,Hennur,Chickpet,,,Not Applicable,Not Applicable,Not Applicable,Not Applicable,419,Not Applicable,0,,
2024-07-02 10:04:00,CNR7177237022,Success,CID559971,Mini,Marathahalli,Varthur,280.0,140.0,Not Applicable,Not Applicable,No,Not Applicable,146,Credit Card,28,4.6,3.5
2024-07-11 16:54:00,CNR9993405179,Success,CID939089,Mini,Yelahanka,Peenya,70.0,50.0,Not Applicable,Not Applicable,No,Not Applicable,384,UPI,20,3.5,3.4
2024-07-18 20:34:00,CNR2727647924,Canceled by Driver,CID707394,Prime SUV,HSR Layout,Tumkur Road,,,Not Applicable,Customer related issue,Not Applicable,Not Applicable,107,Not Applicable,0,,
2024-07-24 12:56:00,CNR1457415350,Success,CID185486,Prime Plus,Nagarbhavi,Shivajinagar,119.0,105.0,Not Applicable,Not Applicable,No,Not Applicable,143,Cash,43,3.4,4.9
2024-07-17 10:35:00,CNR5151835135,Success,CID388297,Prime SUV,Devanahalli,Magadi Road,182.0,120.0,Not Applicable,Not Applicable,No,Not Applicable,916,Cash,14,3.3,3.7
2024-07-12 21:54:00,CNR1624753570,Success,CID494142,Prime Plus,RT Nagar,Sarjapur Road,70.0,30.0,Not Applicable,Not Applicable,No,Not Applicable,741,Cash,4,4.8,4.1
2024-07-05 02:17:00,CNR8329855767,Success,CID132745,Mini,Cox Town,Banashankari,301.0,35.0,Not Applicable,Not Applicable,Yes,Vehicle Breakdown,312,Cash,36,4.2,4.3
2024-07-07 09:42:00,CNR5617216327,Canceled by Driver,CID837978,Auto,Devanahalli,Koramangala,,,Not Applicable,Personal & Car related issue,Not Applicable,Not Applicable,1853,Not Applicable,0,,
2024-07-13 20:32:00,CNR1424360675,Driver Not Found,CID760443,Auto,Basavanagudi,Sarjapur Road,,,Not Applicable,Not Applicable,Not Applicable,Not Applicable,189,Not Applicable,0,,
2024-07-17 20:55:00,CNR2203310056,Success,CID639529,Auto,Bellandur,Rajajinagar,105.0,70.0,Not Applicable,Not Applicable,No,Not Applicable,266,UPI,12,4.2,3.5
2024-07-12 22:27:00,CNR6929339617,Success,CID910350,eBike,BTM Layout,HSR Layout,147.0,30.0,Not Applicable,Not Applicable,No,Not Applicable,479,UPI,45,3.2,4.8
2024-07-04 12:39:00,CNR7738886307,Success,CID299531,Prime SUV,Bannerghatta Road,Indiranagar,210.0,125.0,Not Applicable,Not Applicable,No,Not Applicable,500,Cash,9,4.7,3.9
2024-07-10 00:23:00,CNR8709167442,Canceled by Driver,CID383553,Prime SUV,Bellandur,RT Nagar,,,Not Applicable,Customer related issue,Not Applicable,Not Applicable,354,Not Applicable,0,,
2024-07-10 23:07:00,CNR5589489838,Success,CID754003,Auto,Hulimavu,Hulimavu,203.0,30.0,Not Applicable,Not Applicable,No,Not Applicable,213,UPI,13,4.9,4.6
2024-07-16 02:12:00,CNR6032346920,Canceled by Driver,CID179173,Mini,Hulimavu,Koramangala,,,Not Applicable,Customer related issue,Not Applicable,Not Applicable,343,Not Applicable,0,,
2024-07-04 21:05:00,CNR9849612609,Success,CID895046,Auto,Devanahalli,Ramamurthy Nagar,56.0,105.0,Not Applicable,Not Applicable,No,Not Applicable,115,UPI,12,3.3,4.1
2024-07-20 09:54:00,CNR3802205206,Success,CID793274,Prime Plus,Rajajinagar,Basavanagudi,77.0,105.0,Not Applicable,Not Applicable,No,Not Applicable,196,Cash,10,4.2,3.5
2024-07-14 20:31:00,CNR9235231934,Success,CID245486,Prime SUV,Magadi Road,Ulsoor,189.0,40.0,Not Applicable,Not Applicable,No,Not Applicable,183,Cash,2,4.2,3.9
2024-07-26 04:05:00,CNR1957600995,Driver Not Found,CID952438,Auto,Tumkur Road,Devanahalli,,,Not Applicable,Not Applicable,Not Applicable,Not Applicable,472,Not Applicable,0,,
2024-07-26 14:04:00,CNR5292687705,Success,CID702176,eBike,Yelahanka,Chamarajpet,308.0,80.0,Not Applicable,Not Applicable,No,Not Applicable,290,Cash,9,4.8,3.9
2024-07-08 02:55:00,CNR9702809923,Canceled by Driver,CID499380,Prime Sedan,RT Nagar,Devanahalli,,,Not Applicable,Customer was coughing/sick,Not Applicable,Not Applicable,611,Not Applicable,0,,
2024-07-25 04:22:00,CNR7375215980,Success,CID513881,eBike,Ramamurthy Nagar,Padmanabhanagar,175.0,85.0,Not Applicable,Not Applicable,No,Not Applicable,412,Cash,25,4.4,4.1
2024-07-14 20:19:00,CNR8492653829,Success,CID497434,Prime SUV,Langford Town,Indiranagar,161.0,135.0,Not Applicable,Not Applicable,No,Not Applicable,2009,UPI,4,4.4,3.2
2024-07-15 15:14:00,CNR7400933351,Canceled by Driver,CID104839,Auto,Ulsoor,JP Nagar,,,Not Applicable,Customer related issue,Not Applicable,Not Applicable,364,Not Applicable,0,,
2024-07-05 16:47:00,CNR9708863152,Success,CID815519,Mini,Hosur Road,Padmanabhanagar,168.0,105.0,Not Applicable,Not Applicable,No,Not Applicable,879,UPI,5,4.9,3.4
2024-07-28 15:16:00,CNR3726069214,Success,CID124124,Prime Sedan,Whitefield,BTM Layout,308.0,35.0,Not Applicable,Not Applicable,Yes,Vehicle Breakdown,283,Cash,35,4.9,4.1
2024-07-18 04:28:00,CNR3990230027,Driver Not Found,CID883286,eBike,BTM Layout,Kadugodi,,,Not Applicable,Not Applicable,Not Applicable,Not Applicable,151,Not Applicable,0,,
2024-07-20 23:36:00,CNR8270310796,Success,CID643228,eBike,Cox Town,Kadugodi,84.0,75.0,Not Applicable,Not Applicable,No,Not Applicable,1487,UPI,30,4.7,3.5
2024-07-27 01:27:00,CNR9124351661,Success,CID399575,Prime Plus,Vijayanagar,Indiranagar,70.0,95.0,Not Applicable,Not Applicable,No,Not Applicable,361,Cash,44,4.4,4.9
2024-07-07 17:17:00,CNR9604898340,Success,CID425418,eBike,Nagarbhavi,Koramangala,91.0,120.0,Not Applicable,Not Applicable,No,Not Applicable,420,Cash,15,3.8,3.5
2024-07-02 04:24:00,CNR7360446549,Driver Not Found,CID856399,Bike,Shivajinagar,Shantinagar,,,Not Applicable,Not Applicable,Not Applicable,Not Applicable,557,Not Applicable,0,,
2024-07-13 17:41:00,CNR5296668064,Success,CID362751,Auto,Hosur Road,Ramamurthy Nagar,49.0,125.0,Not Applicable,Not Applicable,No,Not Applicable,443,Cash,11,4.6,3.0
2024-07-16 05:14:00,CNR7006483718,Success,CID861243,Prime SUV,Mysore Road,Malleshwaram,126.0,40.0,Not Applicable,Not Applicable,No,Not Applicable,413,UPI,21,3.6,5.0
2024-07-28 22:57:00,CNR4566523984,Success,CID506505,Prime SUV,Chickpet,Frazer Town,224.0,60.0,Not Applicable,Not Applicable,No,Not Applicable,380,Credit Card,33,4.2,4.3
2024-07-23 06:37:00,CNR2942701578,Driver Not Found,CID511205,Auto,Jayanagar,Bannerghatta Road,,,Not Applicable,Not Applicable,Not Applicable,Not Applicable,251,Not Applicable,0,,
2024-07-07 08:44:00,CNR3001439323,Success,CID645061,eBike,Kengeri,Jayanagar,42.0,145.0,Not Applicable,Not Applicable,No,Not Applicable,400,UPI,2,3.9,3.6
2024-07-15 19:03:00,CNR7228293417,Canceled by Customer,CID634079,Prime Sedan,Nagarbhavi,RT Nagar,,,Driver asked to cancel,Not Applicable,Not Applicable,Not Applicable,323,Not Applicable,0,,
2024-07-13 15:27:00,CNR4644278510,Success,CID656358,Prime Sedan,JP Nagar,KR Puram,224.0,65.0,Not Applicable,Not Applicable,No,Not Applicable,481,Cash,47,3.1,3.4
2024-07-13 22:38:00,CNR5917409674,Driver Not Found,CID729353,Prime Sedan,KR Puram,Kengeri,,,Not Applicable,Not Applicable,Not Applicable,Not Applicable,257,Not Applicable,0,,
2024-07-27 04:30:00,CNR5806013310,Canceled by Customer,CID834092,Prime Plus,Rajarajeshwari Nagar,Langford Town,,,Change of plans,Not Applicable,Not Applicable,Not Applicable,457,Not Applicable,0,,
2024-07-02 02:28:00,CNR5452711962,Canceled by Driver,CID204163,Bike,Majestic,Sahakar Nagar,,,Not Applicable,Personal & Car related issue,Not Applicable,Not Applicable,2272,Not Applicable,0,,
2024-07-14 11:19:00,CNR9253677981,Canceled by Driver,CID890366,Prime SUV,Koramangala,Chickpet,,,Not Applicable,Customer was coughing/sick,Not Applicable,Not Applicable,2776,Not Applicable,0,,
2024-07-23 14:21:00,CNR9706510297,Success,CID553012,Mini,Whitefield,Cox Town,294.0,55.0,Not Applicable,Not Applicable,No,Not Applicable,773,Cash,45,3.5,4.6
2024-07-24 16:14:00,CNR7170500574,Success,CID484765,Prime Sedan,Hennur,MG Road,203.0,130.0,Not Applicable,Not Applicable,Yes,Vehicle Breakdown,171,UPI,35,4.5,4.6
2024-07-07 02:34:00,CNR2415457357,Canceled by Customer,CID764776,Auto,Hulimavu,Shivajinagar,,,Wrong Address,Not Applicable,Not Applicable,Not Applicable,970,Not Applicable,0,,
2024-07-10 04:09:00,CNR2979150932,Success,CID480050,Prime Plus,Kammanahalli,BTM Layout,56.0,35.0,Not Applicable,Not Applicable,No,Not Applicable,186,Cash,44,3.3,3.3
2024-07-19 04:29:00,CNR3067867730,Success,CID169583,Prime SUV,Rajarajeshwari Nagar,Rajajinagar,189.0,105.0,Not Applicable,Not Applicable,No,Not Applicable,212,Cash,21,3.3,4.6
2024-07-17 09:38:00,CNR9785708199,Success,CID475242,Prime SUV,Rajarajeshwari Nagar,MG Road,112.0,40.0,Not Applicable,Not Applicable,No,Not Applicable,332,Cash,1,3.5,3.9
2024-07-24 16:46:00,CNR4569319458,Success,CID970892,Auto,Langford Town,Whitefield,42.0,145.0,Not Applicable,Not Applicable,No,Not Applicable,978,Cash,13,3.3,3.6
2024-07-21 20:24:00,CNR8030337234,Success,CID225300,eBike,Chamarajpet,JP Nagar,49.0,25.0,Not Applicable,Not Applicable,No,Not Applicable,1659,UPI,18,3.9,4.4
2024-07-13 18:29:00,CNR6491387053,Success,CID814715,Prime Sedan,Ramamurthy Nagar,Nagarbhavi,266.0,40.0,Not Applicable,Not Applicable,No,Not Applicable,110,UPI,2,3.7,3.8
2024-07-26 21:04:00,CNR5409709362,Canceled by Customer,CID250908,Mini,Ramamurthy Nagar,Padmanabhanagar,,,Driver asked to cancel,Not Applicable,Not Applicable,Not Applicable,1059,Not Applicable,0,,
2024-07-18 06:28:00,CNR8468366802,Success,CID700914,Auto,Yelahanka,Hosur Road,84.0,115.0,Not Applicable,Not Applicable,No,Not Applicable,977,Cash,3,4.2,4.1
2024-07-06 10:55:00,CNR9762173528,Success,CID197550,Mini,Kadugodi,RT Nagar,70.0,85.0,Not Applicable,Not Applicable,No,Not Applicable,428,UPI,12,4.2,3.7
2024-07-25 18:58:00,CNR2054064641,Canceled by Customer,CID481700,Prime Sedan,Tumkur Road,Shantinagar,,,Driver asked to cancel,Not Applicable,Not Applicable,Not Applicable,468,Not Applicable,0,,
2024-07-12 01:32:00,CNR5334349404,Success,CID841629,Bike,Yelahanka,Mysore Road,70.0,40.0,Not Applicable,Not Applicable,No,Not Applicable,128,Cash,2,4.9,4.6
2024-07-20 23:48:00,CNR2792346680,Success,CID977169,eBike,JP Nagar,Richmond Town,168.0,135.0,Not Applicable,Not Applicable,No,Not Applicable,177,UPI,11,3.5,3.7
2024-07-17 12:19:00,CNR5379358824,Canceled by Driver,CID113550,Bike,Langford Town,Kengeri,,,Not Applicable,Customer related issue,Not Applicable,Not Applicable,173,Not Applicable,0,,
2024-07-21 23:17:00,CNR1483463806,Success,CID276348,Mini,Shivajinagar,Padmanabhanagar,84.0,90.0,Not Applicable,Not Applicable,No,Not Applicable,562,UPI,44,3.7,3.8
2024-07-25 21:59:00,CNR5017515738,Success,CID281053,Mini,Banashankari,Bannerghatta Road,175.0,50.0,Not Applicable,Not Applicable,No,Not Applicable,910,Credit Card,29,4.0,4.9
2024-07-28 22:24:00,CNR7585466777,Success,CID190472,eBike,Electronic City,Hosur Road,98.0,110.0,Not Applicable,Not Applicable,No,Not Applicable,382,UPI,33,3.3,4.9
2024-07-05 19:55:00,CNR1662322690,Canceled by Driver,CID316675,eBike,MG Road,Shantinagar,,,Not Applicable,Customer related issue,Not Applicable,Not Applicable,525,Not Applicable,0,,
2024-07-12 06:13:00,CNR8274625503,Success,CID252486,Prime Plus,Sarjapur Road,Banashankari,224.0,45.0,Not Applicable,Not Applicable,No,Not Applicable,220,Cash,26,3.6,4.9
2024-07-08 01:08:00,CNR7880667503,Success,CID484867,eBike,Indiranagar,Vijayanagar,126.0,50.0,Not Applicable,Not Applicable,No,Not Applicable,455,Cash,13,4.9,3.3
2024-07-22 17:11:00,CNR2261533139,Canceled by Customer,CID760207,Prime Sedan,Langford Town,Vijayanagar,,,Driver is not moving towards pickup location,Not Applicable,Not Applicable,Not Applicable,323,Not Applicable,0,,
2024-07-08 05:12:00,CNR4378069364,Success,CID576332,Prime Plus,Magadi Road,Frazer Town,273.0,60.0,Not Applicable,Not Applicable,No,Not Applicable,239,UPI,15,3.5,4.2
2024-07-23 07:25:00,CNR5933945948,Success,CID425666,Prime SUV,Nagarbhavi,Vijayanagar,70.0,105.0,Not Applicable,Not Applicable,No,Not Applicable,425,Cash,49,4.5,4.9
2024-07-28 04:38:00,CNR7526321268,Success,CID691845,Mini,Rajarajeshwari Nagar,Bellandur,280.0,75.0,Not Applicable,Not Applicable,Yes,Customer Demand,974,Cash,14,3.4,3.6
2024-07-13 11:01:00,CNR2630052544,Success,CID595805,Mini,Bellandur,Malleshwaram,252.0,95.0,Not Applicable,Not Applicable,No,Not Applicable,114,UPI,28,3.7,3.4
2024-07-20 16:51:00,CNR4496747796,Success,CID896876,Bike,Magadi Road,Bannerghatta Road,273.0,75.0,Not Applicable,Not Applicable,No,Not Applicable,232,Cash,47,4.1,3.1
2024-07-19 09:32:00,CNR8173731797,Success,CID447119,Bike,Majestic,Sarjapur Road,84.0,130.0,Not Applicable,Not Applicable,No,Not Applicable,2386,UPI,46,3.9,3.5
2024-07-11 22:21:00,CNR3238374899,Success,CID678635,Prime Plus,Ramamurthy Nagar,Vijayanagar,294.0,60.0,Not Applicable,Not Applicable,No,Not Applicable,477,Cash,42,3.5,3.1
2024-07-21 23:34:00,CNR5367216256,Success,CID747208,Prime Plus,Jayanagar,Peenya,217.0,50.0,Not Applicable,Not Applicable,No,Not Applicable,300,Cash,42,3.9,4.4
2024-07-24 13:46:00,CNR3292189038,Success,CID882044,eBike,Chamarajpet,Ramamurthy Nagar,119.0,145.0,Not Applicable,Not Applicable,No,Not Applicable,638,UPI,16,5.0,3.5
2024-07-02 23:31:00,CNR8584258315,Success,CID524774,Prime Sedan,Yeshwanthpur,RT Nagar,56.0,90.0,Not Applicable,Not Applicable,No,Not Applicable,843,Cash,18,3.9,3.9
2024-07-05 22:52:00,CNR1173578937,Driver Not Found,CID608951,Prime Sedan,Nagarbhavi,Kengeri,,,Not Applicable,Not Applicable,Not Applicable,Not Applicable,613,Not Applicable,0,,
2024-07-05 15:02:00,CNR2904831585,Success,CID938341,Bike,Mysore Road,Bellandur,273.0,105.0,Not Applicable,Not Applicable,No,Not Applicable,283,Cash,25,3.7,5.0
2024-07-26 11:02:00,CNR8045240718,Success,CID660191,Prime SUV,Electronic City,RT Nagar,35.0,75.0,Not Applicable,Not Applicable,No,Not Applicable,274,Cash,28,3.4,3.7
2024-07-23 09:32:00,CNR8719269877,Success,CID794023,Prime Sedan,Bannerghatta Road,Yeshwanthpur,56.0,125.0,Not Applicable,Not Applicable,No,Not Applicable,1217,Cash,10,3.5,4.1
2024-07-22 01:31:00,CNR5692666975,Canceled by Customer,CID531134,Bike,RT Nagar,Chickpet,,,Driver is not moving towards pickup location,Not Applicable,Not Applicable,Not Applicable,394,Not Applicable,0,,
2024-07-07 15:01:00,CNR2005480331,Canceled by Driver,CID695294,Auto,Whitefield,Basavanagudi,,,Not Applicable,Customer related issue,Not Applicable,Not Applicable,104,Not Applicable,0,,
2024-07-11 07:00:00,CNR1561914293,Canceled by Customer,CID989066,Mini,Ulsoor,Nagarbhavi,,,Change of plans,Not Applicable,Not Applicable,Not Applicable,275,Not Applicable,0,,
2024-07-08 09:47:00,CNR8526592199,Success,CID982718,Auto,Kammanahalli,Marathahalli,56.0,140.0,Not Applicable,Not Applicable,No,Not Applicable,115,Cash,18,3.6,3.4
2024-07-26 08:05:00,CNR3508700135,Success,CID310828,Mini,Sarjapur Road,Langford Town,154.0,65.0,Not Applicable,Not Applicable,No,Not Applicable,419,UPI,36,4.1,3.3
2024-07-04 12:47:00,CNR4465619350,Canceled by Driver,CID256963,Prime Sedan,HSR Layout,MG Road,,,Not Applicable,Personal & Car related issue,Not Applicable,Not Applicable,272,Not Applicable,0,,
2024-07-13 23:58:00,CNR6677037573,Success,CID168141,Prime Sedan,Marathahalli,RT Nagar,196.0,135.0,Not Applicable,Not Applicable,No,Not Applicable,839,Cash,49,3.5,4.8
2024-07-06 12:05:00,CNR5144583939,Success,CID608893,Auto,JP Nagar,Yeshwanthpur,203.0,140.0,Not Applicable,Not Applicable,No,Not Applicable,269,UPI,16,3.9,3.1
2024-07-27 13:49:00,CNR2551439224,Success,CID420078,Prime SUV,Sahakar Nagar,Chickpet,196.0,130.0,Not Applicable,Not Applicable,No,Not Applicable,246,Credit Card,15,4.9,4.0
2024-07-07 22:44:00,CNR9171522548,Canceled by Driver,CID131594,Prime SUV,Malleshwaram,Rajajinagar,,,Not Applicable,Personal & Car related issue,Not Applicable,Not Applicable,686,Not Applicable,0,,
2024-07-18 21:58:00,CNR6454232755,Success,CID808548,Prime SUV,Shantinagar,Marathahalli,308.0,110.0,Not Applicable,Not Applicable,No,Not Applicable,545,UPI,47,4.9,4.6
2024-07-28 05:50:00,CNR1953399578,Driver Not Found,CID444588,Mini,Yelahanka,Hosur Road,,,Not Applicable,Not Applicable,Not Applicable,Not Applicable,909,Not Applicable,0,,
2024-07-17 21:55:00,CNR3675881868,Success,CID957613,Auto,Banashankari,Varthur,266.0,65.0,Not Applicable,Not Applicable,No,Not Applicable,428,Cash,19,3.5,3.3
2024-07-03 19:38:00,CNR1011576368,Success,CID501091,Auto,MG Road,Peenya,63.0,70.0,Not Applicable,Not Applicable,No,Not Applicable,1597,Cash,14,3.2,3.2
2024-07-29 00:59:00,CNR5756277805,Success,CID974723,eBike,Kengeri,Yeshwanthpur,126.0,95.0,Not Applicable,Not Applicable,No,Not Applicable,182,Cash,32,4.8,4.9
2024-07-25 08:12:00,CNR3444654108,Success,CID435394,Prime Sedan,Mysore Road,Hulimavu,210.0,85.0,Not Applicable,Not Applicable,No,Not Applicable,1734,UPI,15,4.2,3.7
2024-07-29 01:26:00,CNR7545156680,Canceled by Customer,CID926071,Mini,BTM Layout,Kadugodi,,,AC is Not working,Not Applicable,Not Applicable,Not Applicable,443,Not Applicable,0,,
2024-07-18 15:39:00,CNR6534093410,Success,CID635185,eBike,Sarjapur Road,Chamarajpet,133.0,55.0,Not Applicable,Not Applicable,No,Not Applicable,146,UPI,26,4.9,3.4
2024-07-30 12:15:00,CNR1579300153,Success,CID198648,Bike,Basavanagudi,Hulimavu,224.0,100.0,Not Applicable,Not Applicable,No,Not Applicable,472,Cash,26,3.5,3.8
2024-07-26 10:31:00,CNR5181005253,Canceled by Customer,CID653484,Prime Plus,Hosur Road,Kadugodi,,,AC is Not working,Not Applicable,Not Applicable,Not Applicable,1113,Not Applicable,0,,
2024-07-07 15:10:00,CNR9934991394,Success,CID669619,Mini,Malleshwaram,KR Puram,210.0,135.0,Not Applicable,Not Applicable,No,Not Applicable,350,Cash,1,3.1,3.2
2024-07-29 15:05:00,CNR9735848767,Success,CID149253,Prime Plus,Hebbal,JP Nagar,252.0,140.0,Not Applicable,Not Applicable,No,Not Applicable,2683,Cash,44,3.1,3.6
2024-07-16 09:01:00,CNR2047277817,Success,CID211219,Prime Sedan,Sahakar Nagar,Padmanabhanagar,84.0,85.0,Not Applicable,Not Applicable,No,Not Applicable,234,UPI,27,4.8,3.3
2024-07-27 23:18:00,CNR7293964271,Success,CID598291,Prime Sedan,KR Puram,Banashankari,301.0,95.0,Not Applicable,Not Applicable,No,Not Applicable,228,UPI,30,4.0,4.3
2024-07-05 03:45:00,CNR3936377867,Success,CID759604,Bike,Yelahanka,Ramamurthy Nagar,140.0,70.0,Not Applicable,Not Applicable,Yes,Customer Demand,165,UPI,21,3.9,4.1
2024-07-04 01:50:00,CNR2842522044,Canceled by Customer,CID524823,Bike,Hebbal,Richmond Town,,,Driver is not moving towards pickup location,Not Applicable,Not Applicable,Not Applicable,496,Not Applicable,0,,
2024-07-14 06:32:00,CNR8301234477,Canceled by Driver,CID736391,Mini,Sarjapur Road,Ramamurthy Nagar,,,Not Applicable,Personal & Car related issue,Not Applicable,Not Applicable,468,Not Applicable,0,,
2024-07-17 09:31:00,CNR1153359091,Success,CID262923,eBike,Koramangala,Indiranagar,161.0,45.0,Not Applicable,Not Applicable,No,Not Applicable,1049,UPI,10,4.2,4.7
2024-07-19 01:29:00,CNR1494946462,Canceled by Driver,CID274579,Bike,JP Nagar,Kadugodi,,,Not Applicable,More than permitted people in there,Not Applicable,Not Applicable,298,Not Applicable,0,,
2024-07-16 10:04:00,CNR8487645917,Driver Not Found,CID783876,Mini,Whitefield,Whitefield,,,Not Applicable,Not Applicable,Not Applicable,Not Applicable,444,Not Applicable,0,,
2024-07-19 19:39:00,CNR3123505424,Canceled by Driver,CID468958,Auto,RT Nagar,Malleshwaram,,,Not Applicable,Customer related issue,Not Applicable,Not Applicable,190,Not Applicable,0,,
2024-07-27 21:16:00,CNR7048580426,Success,CID127954,Auto,Bannerghatta Road,Devanahalli,42.0,80.0,Not Applicable,Not Applicable,No,Not Applicable,1591,UPI,8,3.8,4.6
2024-07-18 04:29:00,CNR6078742170,Success,CID443476,Auto,Banashankari,Basavanagudi,168.0,40.0,Not Applicable,Not Applicable,No,Not Applicable,449,Cash,18,3.3,3.8
2024-07-09 20:33:00,CNR5278237497,Canceled by Driver,CID538360,Auto,Bellandur,HSR Layout,,,Not Applicable,Customer related issue,Not Applicable,Not Applicable,364,Not Applicable,0,,
2024-07-10 19:24:00,CNR7117690343,Success,CID103870,Auto,HSR Layout,Bannerghatta Road,154.0,50.0,Not Applicable,Not Applicable,No,Not Applicable,352,Cash,9,3.3,4.2
2024-07-16 19:44:00,CNR8632482574,Canceled by Customer,CID403175,Bike,Nagarbhavi,Ulsoor,,,Driver is not moving towards pickup location,Not Applicable,Not Applicable,Not Applicable,313,Not Applicable,0,,
2024-07-14 23:53:00,CNR7036303271,Canceled by Driver,CID575693,Prime SUV,Yeshwanthpur,Hulimavu,,,Not Applicable,Personal & Car related issue,Not Applicable,Not Applicable,282,Not Applicable,0,,
2024-07-20 02:44:00,CNR1358114748,Success,CID624310,eBike,BTM Layout,Koramangala,196.0,125.0,Not Applicable,Not Applicable,Yes,Customer Demand,132,Cash,33,3.5,3.2
2024-07-24 10:34:00,CNR1350881943,Success,CID640434,Auto,Sahakar Nagar,Bellandur,77.0,75.0,Not Applicable,Not Applicable,No,Not Applicable,428,UPI,16,3.7,4.4
2024-07-30 20:44:00,CNR1034668044,Canceled by Driver,CID738474,Auto,Rajajinagar,Electronic City,,,Not Applicable,Customer related issue,Not Applicable,Not Applicable,452,Not Applicable,0,,
2024-07-19 19:52:00,CNR4681219013,Success,CID654775,Mini,Hulimavu,Varthur,259.0,55.0,Not Applicable,Not Applicable,No,Not Applicable,292,UPI,42,4.6,4.7
2024-07-26 12:03:00,CNR1736595244,Canceled by Driver,CID716309,Bike,Ramamurthy Nagar,Nagarbhavi,,,Not Applicable,Customer related issue,Not Applicable,Not Applicable,763,Not Applicable,0,,
2024-07-04 01:22:00,CNR1437757004,Success,CID109965,Auto,Padmanabhanagar,Vijayanagar,119.0,95.0,Not Applicable,Not Applicable,No,Not Applicable,579,Cash,18,3.3,3.7
2024-07-18 13:08:00,CNR3788082088,Success,CID483835,Bike,Hulimavu,Whitefield,273.0,130.0,Not Applicable,Not Applicable,No,Not Applicable,284,Cash,35,4.2,4.4
2024-07-20 17:20:00,CNR8877978993,Success,CID141535,eBike,Padmanabhanagar,Devanahalli,147.0,135.0,Not Applicable,Not Applicable,No,Not Applicable,412,UPI,10,3.4,4.0
2024-07-12 08:58:00,CNR1908612389,Success,CID129192,Mini,Hosur Road,Ulsoor,245.0,75.0,Not Applicable,Not Applicable,No,Not Applicable,173,Cash,42,3.5,3.4
2024-07-02 11:20:00,CNR1961839722,Driver Not Found,CID633876,Prime Plus,Cox Town,Kengeri,,,Not Applicable,Not Applicable,Not Applicable,Not Applicable,396,Not Applicable,0,,
2024-07-29 16:42:00,CNR6788085228,Success,CID372344,Auto,KR Puram,Whitefield,126.0,105.0,Not Applicable,Not Applicable,No,Not Applicable,345,UPI,11,3.4,3.0
2024-07-18 04:38:00,CNR1635236816,Driver Not Found,CID450844,eBike,Yeshwanthpur,Chickpet,,,Not Applicable,Not Applicable,Not Applicable,Not Applicable,1065,Not Applicable,0,,
2024-07-28 10:11:00,CNR6401769169,Success,CID882520,Prime Sedan,Hebbal,Hosur Road,196.0,40.0,Not Applicable,Not Applicable,No,Not Applicable,574,Cash,10,4.3,3.1
2024-07-13 11:20:00,CNR1498691986,Success,CID489384,Bike,KR Puram,Rajajinagar,224.0,45.0,Not Applicable,Not Applicable,Yes,Vehicle Breakdown,232,UPI,10,3.8,3.3
2024-07-24 20:25:00,CNR1484607022,Canceled by Driver,CID556582,Prime SUV,Yelahanka,Yeshwanthpur,,,Not Applicable,Customer related issue,Not Applicable,Not Applicable,320,Not Applicable,0,,
2024-07-09 03:24:00,CNR5073297825,Success,CID772317,Prime SUV,Sarjapur Road,Koramangala,161.0,70.0,Not Applicable,Not Applicable,No,Not Applicable,122,Cash,4,3.2,3.0
2024-07-22 17:01:00,CNR4041368633,Driver Not Found,CID398547,Auto,Padmanabhanagar,Banashankari,,,Not Applicable,Not Applicable,Not Applicable,Not Applicable,671,Not Applicable,0,,
2024-07-01 02:25:00,CNR7096092132,Success,CID516297,Bike,Yelahanka,Chamarajpet,210.0,60.0,Not Applicable,Not Applicable,No,Not Applicable,124,Cash,6,3.1,4.1
2024-07-22 08:07:00,CNR7493358559,Success,CID567764,eBike,JP Nagar,Bannerghatta Road,280.0,65.0,Not Applicable,Not Applicable,No,Not Applicable,748,Credit Card,47,3.8,3.5
2024-07-03 08:28:00,CNR8026500968,Canceled by Customer,CID317863,eBike,Peenya,Frazer Town,,,Driver asked to cancel,Not Applicable,Not Applicable,Not Applicable,257,Not Applicable,0,,
2024-07-30 11:19:00,CNR1798756392,Success,CID607318,Prime Plus,Bellandur,Indiranagar,287.0,50.0,Not Applicable,Not Applicable,No,Not Applicable,332,UPI,43,3.3,3.4
2024-07-22 23:14:00,CNR6825876130,Canceled by Driver,CID249055,eBike,Kengeri,Marathahalli,,,Not Applicable,Personal & Car related issue,Not Applicable,Not Applicable,119,Not Applicable,0,,
2024-07-05 04:16:00,CNR9695722719,Canceled by Driver,CID346728,Prime Sedan,Hosur Road,Majestic,,,Not Applicable,Customer was coughing/sick,Not Applicable,Not Applicable,873,Not Applicable,0,,
2024-07-28 08:51:00,CNR6224567272,Driver Not Found,CID606162,Prime Plus,Whitefield,Richmond Town,,,Not Applicable,Not Applicable,Not Applicable,Not Applicable,959,Not Applicable,0,,
2024-07-12 15:31:00,CNR9407625478,Canceled by Driver,CID221266,Prime Plus,Padmanabhanagar,Kadugodi,,,Not Applicable,Personal & Car related issue,Not Applicable,Not Applicable,404,Not Applicable,0,,
2024-07-29 01:46:00,CNR8316986042,Driver Not Found,CID506607,eBike,Tumkur Road,Sahakar Nagar,,,Not Applicable,Not Applicable,Not Applicable,Not Applicable,289,Not Applicable,0,,
2024-07-03 23:03:00,CNR9962713598,Success,CID144779,Mini,Frazer Town,Rajajinagar,231.0,80.0,Not Applicable,Not Applicable,No,Not Applicable,507,Cash,25,4.0,3.0
2024-07-05 04:23:00,CNR4282665422,Driver Not Found,CID696168,Mini,Basavanagudi,Hebbal,,,Not Applicable,Not Applicable,Not Applicable,Not Applicable,422,Not Applicable,0,,
2024-07-12 06:43:00,CNR4401453302,Canceled by Customer,CID503156,Auto,JP Nagar,Yelahanka,,,Change of plans,Not Applicable,Not Applicable,Not Applicable,332,Not Applicable,0,,
2024-07-23 02:20:00,CNR5267370627,Success,CID927994,eBike,RT Nagar,Ramamurthy Nagar,189.0,65.0,Not Applicable,Not Applicable,No,Not Applicable,175,Cash,5,3.8,3.9
2024-07-25 12:20:00,CNR6718368961,Success,CID248922,Mini,Langford Town,HSR Layout,196.0,60.0,Not Applicable,Not Applicable,No,Not Applicable,286,UPI,14,4.5,4.4
2024-07-21 10:06:00,CNR2483763656,Success,CID411734,eBike,Bellandur,Banashankari,231.0,120.0,Not Applicable,Not Applicable,No,Not Applicable,367,Cash,43,3.3,3.0
2024-07-17 07:14:00,CNR3618502547,Canceled by Customer,CID133466,Prime Plus,Hosur Road,Electronic City,,,Change of plans,Not Applicable,Not Applicable,Not Applicable,407,Not Applicable,0,,
2024-07-15 08:55:00,CNR9410199841,Success,CID361879,Prime Sedan,Shantinagar,Mysore Road,203.0,140.0,Not Applicable,Not Applicable,No,Not Applicable,214,Cash,35,4.2,3.5
2024-07-26 23:42:00,CNR9124589517,Success,CID341139,eBike,Chickpet,Shantinagar,182.0,90.0,Not Applicable,Not Applicable,No,Not Applicable,276,UPI,32,4.4,3.2
2024-07-25 12:10:00,CNR4722970969,Canceled by Driver,CID476484,Auto,Sarjapur Road,Rajajinagar,,,Not Applicable,Personal & Car related issue,Not Applicable,Not Applicable,1335,Not Applicable,0,,
2024-07-18 05:31:00,CNR9761267580,Success,CID589609,eBike,Tumkur Road,Vijayanagar,70.0,120.0,Not Applicable,Not Applicable,No,Not Applicable,497,UPI,24,4.3,3.6
2024-07-11 15:32:00,CNR5272481587,Success,CID324101,Prime SUV,Hennur,Shantinagar,49.0,40.0,Not Applicable,Not Applicable,No,Not Applicable,269,Cash,48,4.5,3.4
2024-07-08 17:16:00,CNR6736910306,Success,CID291997,Prime Sedan,BTM Layout,Banashankari,217.0,145.0,Not Applicable,Not Applicable,No,Not Applicable,607,UPI,26,3.1,3.5
2024-07-22 13:06:00,CNR4428694793,Success,CID479682,eBike,Tumkur Road,Sahakar Nagar,203.0,60.0,Not Applicable,Not Applicable,No,Not Applicable,316,Cash,21,3.6,4.6
2024-07-11 11:13:00,CNR1304150705,Success,CID862021,Mini,Varthur,Hulimavu,287.0,95.0,Not Applicable,Not Applicable,No,Not Applicable,187,Cash,23,3.5,3.4
2024-07-16 19:46:00,CNR8302871077,Canceled by Driver,CID355521,Bike,Frazer Town,Shivajinagar,,,Not Applicable,Customer related issue,Not Applicable,Not Applicable,455,Not Applicable,0,,
2024-07-09 12:54:00,CNR3864494123,Success,CID543149,eBike,Shantinagar,JP Nagar,98.0,130.0,Not Applicable,Not Applicable,No,Not Applicable,193,Cash,12,3.2,3.2
2024-07-03 04:13:00,CNR6460110550,Success,CID901957,Prime Plus,Electronic City,Malleshwaram,308.0,115.0,Not Applicable,Not Applicable,No,Not Applicable,319,Cash,21,3.8,5.0
2024-07-30 19:17:00,CNR6773769701,Canceled by Driver,CID142350,eBike,RT Nagar,Whitefield,,,Not Applicable,Personal & Car related issue,Not Applicable,Not Applicable,467,Not Applicable,0,,
2024-07-07 13:44:00,CNR4906932316,Success,CID467959,Mini,Varthur,Shantinagar,210.0,110.0,Not Applicable,Not Applicable,No,Not Applicable,271,Cash,14,4.6,3.3
2024-07-20 20:02:00,CNR9353253649,Success,CID597506,Bike,HSR Layout,Malleshwaram,98.0,105.0,Not Applicable,Not Applicable,No,Not Applicable,193,UPI,25,4.3,3.4
2024-07-18 08:43:00,CNR2473773067,Success,CID152954,Mini,Marathahalli,Varthur,210.0,75.0,Not Applicable,Not Applicable,No,Not Applicable,119,UPI,27,4.6,4.3
2024-07-24 06:44:00,CNR3969929119,Success,CID356507,Auto,Nagarbhavi,Banashankari,203.0,80.0,Not Applicable,Not Applicable,No,Not Applicable,1792,Cash,19,4.5,3.4
2024-07-23 09:42:00,CNR7826654599,Success,CID909870,Auto,Yelahanka,Malleshwaram,35.0,90.0,Not Applicable,Not Applicable,No,Not Applicable,361,Cash,14,4.5,3.9
2024-07-11 12:52:00,CNR3789781512,Success,CID262819,eBike,Chickpet,Yelahanka,280.0,85.0,Not Applicable,Not Applicable,No,Not Applicable,141,UPI,28,3.5,3.6
2024-07-16 03:07:00,CNR4585330270,Canceled by Customer,CID136858,eBike,Jayanagar,Tumkur Road,,,Change of plans,Not Applicable,Not Applicable,Not Applicable,113,Not Applicable,0,,
2024-07-12 13:33:00,CNR6214695981,Success,CID536918,Bike,Richmond Town,Sarjapur Road,210.0,35.0,Not Applicable,Not Applicable,No,Not Applicable,271,Cash,39,3.7,4.6
2024-07-02 13:11:00,CNR9888077929,Driver Not Found,CID354200,Prime Sedan,Rajajinagar,Kengeri,,,Not Applicable,Not Applicable,Not Applicable,Not Applicable,471,Not Applicable,0,,
2024-07-04 18:06:00,CNR3432927749,Canceled by Customer,CID877672,Mini,Sahakar Nagar,Hennur,,,Driver is not moving towards pickup location,Not Applicable,Not Applicable,Not Applicable,274,Not Applicable,0,,
2024-07-30 23:13:00,CNR2116363286,Success,CID468554,Prime SUV,Varthur,MG Road,217.0,105.0,Not Applicable,Not Applicable,No,Not Applicable,214,Cash,46,4.3,4.6
2024-07-17 13:06:00,CNR4012033890,Canceled by Driver,CID610963,Prime SUV,JP Nagar,Devanahalli,,,Not Applicable,Personal & Car related issue,Not Applicable,Not Applicable,2247,Not Applicable,0,,
2024-07-04 00:22:00,CNR9217391514,Canceled by Driver,CID496166,Mini,Whitefield,Hebbal,,,Not Applicable,Customer was coughing/sick,Not Applicable,Not Applicable,286,Not Applicable,0,,
2024-07-24 20:28:00,CNR7978617344,Success,CID525697,Auto,HSR Layout,Malleshwaram,287.0,130.0,Not Applicable,Not Applicable,No,Not Applicable,676,Cash,14,4.3,4.4
2024-07-27 22:07:00,CNR3850532959,Canceled by Customer,CID490971,eBike,Hennur,Banashankari,,,Change of plans,Not Applicable,Not Applicable,Not Applicable,227,Not Applicable,0,,
2024-07-17 16:09:00,CNR1017312774,Canceled by Driver,CID571506,Prime Sedan,Richmond Town,Indiranagar,,,Not Applicable,Customer related issue,Not Applicable,Not Applicable,334,Not Applicable,0,,
2024-07-08 04:27:00,CNR7034992532,Success,CID593844,Bike,Mysore Road,Hennur,84.0,130.0,Not Applicable,Not Applicable,No,Not Applicable,194,Cash,38,3.7,4.8
2024-07-24 21:33:00,CNR7552504477,Success,CID193499,Prime SUV,Yeshwanthpur,Yelahanka,84.0,120.0,Not Applicable,Not Applicable,No,Not Applicable,429,Cash,5,3.3,3.6
2024-07-28 10:25:00,CNR2735779914,Success,CID683841,eBike,Tumkur Road,Majestic,70.0,55.0,Not Applicable,Not Applicable,No,Not Applicable,697,UPI,38,4.4,4.2
2024-07-14 18:40:00,CNR1522020315,Success,CID894547,Prime SUV,Ramamurthy Nagar,Chamarajpet,119.0,55.0,Not Applicable,Not Applicable,No,Not Applicable,2001,Cash,47,3.2,5.0
2024-07-03 02:15:00,CNR9267752006,Success,CID725062,Auto,Peenya,Rajajinagar,70.0,125.0,Not Applicable,Not Applicable,No,Not Applicable,497,Cash,15,4.5,3.1
2024-07-08 12:28:00,CNR6119855810,Success,CID739343,Mini,Marathahalli,Richmond Town,77.0,25.0,Not Applicable,Not Applicable,No,Not Applicable,249,Cash,43,4.2,4.3
2024-07-23 22:55:00,CNR8873438313,Success,CID603956,Prime Sedan,Shivajinagar,Hebbal,231.0,115.0,Not Applicable,Not Applicable,No,Not Applicable,399,UPI,20,3.2,3.7
2024-07-02 00:24:00,CNR5966540188,Canceled by Driver,CID176798,Mini,Banashankari,Magadi Road,,,Not Applicable,Customer related issue,Not Applicable,Not Applicable,228,Not Applicable,0,,
2024-07-17 04:46:00,CNR3125879512,Success,CID506208,Prime Sedan,Koramangala,Indiranagar,154.0,115.0,Not Applicable,Not Applicable,No,Not Applicable,113,Cash,43,4.0,3.4
2024-07-01 20:15:00,CNR2697358104,Canceled by Customer,CID404841,Prime Plus,Kadugodi,Devanahalli,,,AC is Not working,Not Applicable,Not Applicable,Not Applicable,272,Not Applicable,0,,
2024-07-30 03:28:00,CNR2976477968,Success,CID894791,Bike,Yelahanka,Hulimavu,259.0,40.0,Not Applicable,Not Applicable,No,Not Applicable,152,UPI,12,3.9,3.5
2024-07-16 07:47:00,CNR3028336057,Canceled by Driver,CID168434,Mini,Magadi Road,Mysore Road,,,Not Applicable,More than permitted people in there,Not Applicable,Not Applicable,140,Not Applicable,0,,
2024-07-26 16:25:00,CNR4316953841,Success,CID177919,Prime SUV,Chamarajpet,Hennur,98.0,130.0,Not Applicable,Not Applicable,No,Not Applicable,364,Cash,30,3.1,4.6
2024-07-03 00:27:00,CNR2983547902,Success,CID572175,Prime Sedan,Malleshwaram,Mysore Road,238.0,105.0,Not Applicable,Not Applicable,No,Not Applicable,264,Cash,45,3.8,3.3
2024-07-06 14:00:00,CNR8828825141,Success,CID598986,Bike,Hulimavu,Devanahalli,70.0,25.0,Not Applicable,Not Applicable,No,Not Applicable,702,UPI,3,4.7,4.8
2024-07-02 18:06:00,CNR3804517190,Success,CID227560,Bike,Hosur Road,Marathahalli,42.0,105.0,Not Applicable,Not Applicable,No,Not Applicable,453,UPI,4,4.8,3.9
2024-07-15 21:44:00,CNR8124400738,Success,CID678943,Auto,Kammanahalli,Nagarbhavi,224.0,85.0,Not Applicable,Not Applicable,No,Not Applicable,761,UPI,16,3.7,3.7
2024-07-02 00:33:00,CNR3131571362,Success,CID748580,Mini,Frazer Town,Chickpet,175.0,125.0,Not Applicable,Not Applicable,No,Not Applicable,296,Cash,36,4.6,3.4
2024-07-17 05:51:00,CNR8374493021,Success,CID556406,Prime Plus,Richmond Town,Koramangala,224.0,65.0,Not Applicable,Not Applicable,No,Not Applicable,349,Cash,24,4.1,3.3
2024-07-12 02:51:00,CNR9625450916,Driver Not Found,CID777694,Bike,Yelahanka,Langford Town,,,Not Applicable,Not Applicable,Not Applicable,Not Applicable,443,Not Applicable,0,,
2024-07-18 16:43:00,CNR8095441050,Canceled by Driver,CID833046,Prime SUV,Ulsoor,Sarjapur Road,,,Not Applicable,More than permitted people in there,Not Applicable,Not Applicable,1231,Not Applicable,0,,
2024-07-02 13:57:00,CNR8499450673,Success,CID949487,Prime SUV,Richmond Town,Peenya,196.0,110.0,Not Applicable,Not Applicable,No,Not Applicable,428,UPI,29,3.2,4.2
2024-07-04 03:03:00,CNR3213521234,Success,CID305118,Auto,Richmond Town,Indiranagar,259.0,70.0,Not Applicable,Not Applicable,Yes,Other Issue,310,Cash,1,4.7,4.7
2024-07-29 05:27:00,CNR7395206860,Success,CID182641,Auto,Hulimavu,Koramangala,210.0,90.0,Not Applicable,Not Applicable,No,Not Applicable,2478,UPI,5,4.8,4.1
2024-07-15 08:14:00,CNR1990240065,Success,CID719890,Mini,Kadugodi,Electronic City,273.0,145.0,Not Applicable,Not Applicable,No,Not Applicable,195,Credit Card,9,4.8,4.8
2024-07-06 03:40:00,CNR2326237338,Success,CID425113,Auto,JP Nagar,Hosur Road,203.0,120.0,Not Applicable,Not Applicable,No,Not Applicable,321,Cash,16,3.2,3.8
2024-07-29 20:21:00,CNR4992239602,Success,CID379936,Prime SUV,Banashankari,Richmond Town,189.0,125.0,Not Applicable,Not Applicable,Yes,Other Issue,219,Credit Card,14,4.6,3.6
2024-07-06 17:03:00,CNR8315374781,Success,CID806266,Prime SUV,Bannerghatta Road,Devanahalli,154.0,115.0,Not Applicable,Not Applicable,No,Not Applicable,396,UPI,47,3.8,4.4
2024-07-19 20:09:00,CNR9948549791,Success,CID624333,Mini,Frazer Town,Sahakar Nagar,238.0,80.0,Not Applicable,Not Applicable,No,Not Applicable,103,UPI,17,3.1,4.7
2024-07-30 16:22:00,CNR4368322004,Success,CID825950,eBike,Nagarbhavi,Kammanahalli,126.0,110.0,Not Applicable,Not Applicable,No,Not Applicable,2370,Cash,26,3.4,3.6
2024-07-24 11:39:00,CNR4953864398,Success,CID318653,Mini,Malleshwaram,Marathahalli,126.0,95.0,Not Applicable,Not Applicable,No,Not Applicable,133,UPI,14,4.7,4.4
2024-07-16 14:40:00,CNR3399764194,Success,CID752481,Prime Sedan,Whitefield,Bannerghatta Road,91.0,60.0,Not Applicable,Not Applicable,No,Not Applicable,781,Cash,19,3.6,4.7
2024-07-07 10:50:00,CNR4116500192,Canceled by Driver,CID686347,Prime Plus,MG Road,Yeshwanthpur,,,Not Applicable,Customer related issue,Not Applicable,Not Applicable,424,Not Applicable,0,,
2024-07-18 00:46:00,CNR9620138091,Success,CID353303,Bike,Banashankari,Varthur,273.0,40.0,Not Applicable,Not Applicable,Yes,Customer Demand,239,Cash,40,3.2,3.2
2024-07-09 23:54:00,CNR7890825295,Driver Not Found,CID233205,Prime Sedan,Mysore Road,Basavanagudi,,,Not Applicable,Not Applicable,Not Applicable,Not Applicable,2266,Not Applicable,0,,
2024-07-12 21:16:00,CNR2127811291,Canceled by Customer,CID691863,Mini,Electronic City,BTM Layout,,,Driver asked to cancel,Not Applicable,Not Applicable,Not Applicable,752,Not Applicable,0,,
2024-07-08 09:40:00,CNR5374361423,Driver Not Found,CID971938,eBike,Kadugodi,Sahakar Nagar,,,Not Applicable,Not Applicable,Not Applicable,Not Applicable,450,Not Applicable,0,,
2024-07-13 00:00:00,CNR9513159345,Driver Not Found,CID536991,Bike,Bannerghatta Road,Nagarbhavi,,,Not Applicable,Not Applicable,Not Applicable,Not Applicable,274,Not Applicable,0,,
2024-07-16 21:29:00,CNR1113641663,Success,CID967256,Prime Plus,Ulsoor,JP Nagar,266.0,75.0,Not Applicable,Not Applicable,No,Not Applicable,816,UPI,9,3.2,3.4
2024-07-05 12:21:00,CNR4573333980,Canceled by Customer,CID700509,Mini,Kammanahalli,Jayanagar,,,AC is Not working,Not Applicable,Not Applicable,Not Applicable,825,Not Applicable,0,,
2024-07-17 18:51:00,CNR2634632647,Success,CID171336,Prime SUV,BTM Layout,Richmond Town,189.0,50.0,Not Applicable,Not Applicable,No,Not Applicable,514,Credit Card,30,3.1,3.2
2024-07-03 04:27:00,CNR7540931746,Success,CID744365,Prime Plus,Shantinagar,Yeshwanthpur,84.0,100.0,Not Applicable,Not Applicable,No,Not Applicable,201,Cash,2,3.8,4.6
2024-07-10 01:38:00,CNR2187185306,Success,CID134112,Mini,Kengeri,Kammanahalli,259.0,130.0,Not Applicable,Not Applicable,No,Not Applicable,307,Cash,9,3.2,3.5
2024-07-23 01:35:00,CNR2488093406,Driver Not Found,CID584694,Prime Sedan,Vijayanagar,Shivajinagar,,,Not Applicable,Not Applicable,Not Applicable,Not Applicable,496,Not Applicable,0,,
2024-07-11 08:52:00,CNR7768598606,Canceled by Driver,CID431105,Prime Sedan,Whitefield,BTM Layout,,,Not Applicable,More than permitted people in there,Not Applicable,Not Applicable,139,Not Applicable,0,,
2024-07-10 09:15:00,CNR8559161932,Success,CID443710,Mini,Majestic,Rajarajeshwari Nagar,98.0,40.0,Not Applicable,Not Applicable,No,Not Applicable,214,Credit Card,36,4.0,3.3
2024-07-06 21:08:00,CNR8704352730,Success,CID909111,Bike,MG Road,KR Puram,210.0,35.0,Not Applicable,Not Applicable,No,Not Applicable,456,Cash,34,3.6,3.3
2024-07-11 20:19:00,CNR6517545029,Success,CID491082,Prime Sedan,Hulimavu,Chickpet,126.0,75.0,Not Applicable,Not Applicable,Yes,Vehicle Breakdown,160,Cash,14,4.0,4.5
2024-07-20 23:41:00,CNR8749569252,Success,CID552337,Prime SUV,Ulsoor,Whitefield,56.0,140.0,Not Applicable,Not Applicable,No,Not Applicable,103,Cash,3,4.8,4.7
2024-07-19 16:45:00,CNR9625522601,Driver Not Found,CID231196,Prime SUV,MG Road,Indiranagar,,,Not Applicable,Not Applicable,Not Applicable,Not Applicable,485,Not Applicable,0,,
2024-07-06 20:14:00,CNR6516833094,Success,CID243972,Bike,Devanahalli,Cox Town,175.0,115.0,Not Applicable,Not Applicable,No,Not Applicable,210,Cash,33,3.6,4.1
2024-07-22 06:11:00,CNR2374410881,Canceled by Customer,CID874376,Prime Sedan,Kadugodi,Cox Town,,,Change of plans,Not Applicable,Not Applicable,Not Applicable,271,Not Applicable,0,,
2024-07-28 03:37:00,CNR5699538194,Success,CID327997,Prime Plus,Ulsoor,Hosur Road,231.0,90.0,Not Applicable,Not Applicable,No,Not Applicable,251,UPI,42,4.1,3.9
2024-07-18 14:34:00,CNR5278061079,Success,CID136809,Prime Plus,Bannerghatta Road,Hosur Road,98.0,115.0,Not Applicable,Not Applicable,No,Not Applicable,910,UPI,25,3.5,3.6
2024-07-05 12:44:00,CNR7759345875,Canceled by Driver,CID612083,Prime Sedan,Banashankari,MG Road,,,Not Applicable,Personal & Car related issue,Not Applicable,Not Applicable,393,Not Applicable,0,,
2024-07-30 15:34:00,CNR1005922030,Success,CID641000,Auto,Malleshwaram,Nagarbhavi,182.0,55.0,Not Applicable,Not Applicable,No,Not Applicable,316,UPI,16,4.9,3.9
2024-07-20 16:19:00,CNR7772124241,Success,CID804487,Mini,Whitefield,Chamarajpet,119.0,105.0,Not Applicable,Not Applicable,No,Not Applicable,272,Cash,22,4.5,4.0
2024-07-13 14:34:00,CNR9470806313,Success,CID762669,eBike,BTM Layout,Kadugodi,252.0,135.0,Not Applicable,Not Applicable,No,Not Applicable,2238,Cash,9,4.5,3.5
2024-07-03 07:18:00,CNR2553963996,Success,CID600998,Prime SUV,Kengeri,Varthur,203.0,55.0,Not Applicable,Not Applicable,No,Not Applicable,192,UPI,38,3.0,3.6
2024-07-19 18:43:00,CNR6183340551,Success,CID537766,Bike,Sahakar Nagar,JP Nagar,238.0,90.0,Not Applicable,Not Applicable,No,Not Applicable,158,UPI,31,4.5,3.8
2024-07-26 14:24:00,CNR6398581197,Success,CID599228,Prime SUV,Yelahanka,Kengeri,56.0,115.0,Not Applicable,Not Applicable,No,Not Applicable,176,Cash,9,4.7,4.5
2024-07-12 20:02:00,CNR2179770809,Success,CID105485,eBike,KR Puram,RT Nagar,84.0,115.0,Not Applicable,Not Applicable,No,Not Applicable,145,UPI,2,3.1,3.7
2024-07-04 12:35:00,CNR1596467546,Success,CID204456,Bike,Majestic,Richmond Town,140.0,140.0,Not Applicable,Not Applicable,No,Not Applicable,856,Cash,29,4.7,4.6
2024-07-27 02:07:00,CNR6009816979,Canceled by Driver,CID651696,Mini,Kengeri,HSR Layout,,,Not Applicable,More than permitted people in there,Not Applicable,Not Applicable,220,Not Applicable,0,,
2024-07-28 12:14:00,CNR5956537650,Canceled by Customer,CID864527,Bike,Hulimavu,Kengeri,,,Driver asked to cancel,Not Applicable,Not Applicable,Not Applicable,243,Not Applicable,0,,
2024-07-30 13:31:00,CNR7958658114,Success,CID272361,Prime SUV,JP Nagar,Basavanagudi,266.0,50.0,Not Applicable,Not Applicable,No,Not Applicable,367,Cash,40,3.9,4.5
2024-07-06 01:35:00,CNR2629803197,Canceled by Driver,CID480658,eBike,Kammanahalli,Hulimavu,,,Not Applicable,Customer related issue,Not Applicable,Not Applicable,267,Not Applicable,0,,
2024-07-14 11:16:00,CNR7373464010,Canceled by Driver,CID282193,Mini,Hosur Road,Hulimavu,,,Not Applicable,Personal & Car related issue,Not Applicable,Not Applicable,180,Not Applicable,0,,
2024-07-05 05:11:00,CNR4600515962,Success,CID559352,Mini,Marathahalli,Chickpet,147.0,95.0,Not Applicable,Not Applicable,Yes,Vehicle Breakdown,855,Cash,47,3.5,4.3
2024-07-19 21:44:00,CNR8669793458,Success,CID794598,Auto,Whitefield,Bellandur,301.0,75.0,Not Applicable,Not Applicable,Yes,Customer Demand,611,Credit Card,4,3.8,4.0
2024-07-25 18:27:00,CNR9912973160,Success,CID599213,Bike,RT Nagar,HSR Layout,105.0,55.0,Not Applicable,Not Applicable,No,Not Applicable,163,UPI,47,3.6,3.0
2024-07-01 23:17:00,CNR1790763029,Success,CID809867,Mini,Indiranagar,Marathahalli,280.0,65.0,Not Applicable,Not Applicable,No,Not Applicable,848,UPI,5,4.3,4.6
2024-07-26 03:42:00,CNR2699805754,Success,CID747929,Prime Sedan,HSR Layout,Langford Town,77.0,75.0,Not Applicable,Not Applicable,No,Not Applicable,779,Cash,25,4.5,4.4
2024-07-24 01:19:00,CNR6201847778,Driver Not Found,CID669431,eBike,Kammanahalli,Frazer Town,,,Not Applicable,Not Applicable,Not Applicable,Not Applicable,953,Not Applicable,0,,
2024-07-29 14:51:00,CNR2475617468,Success,CID218891,Mini,Malleshwaram,Whitefield,308.0,60.0,Not Applicable,Not Applicable,No,Not Applicable,640,UPI,31,4.5,3.9
2024-07-08 15:36:00,CNR4021871190,Success,CID833496,Bike,Hulimavu,Sarjapur Road,280.0,105.0,Not Applicable,Not Applicable,No,Not Applicable,476,UPI,41,3.6,4.2
2024-07-25 17:39:00,CNR5941629035,Success,CID319664,Auto,Marathahalli,Chickpet,294.0,55.0,Not Applicable,Not Applicable,No,Not Applicable,316,Cash,17,4.7,3.2
2024-07-21 02:04:00,CNR7603941309,Success,CID896600,Mini,Yelahanka,Shivajinagar,77.0,115.0,Not Applicable,Not Applicable,No,Not Applicable,448,UPI,25,3.7,3.0
2024-07-20 11:32:00,CNR8916204273,Success,CID686970,Mini,BTM Layout,Vijayanagar,224.0,135.0,Not Applicable,Not Applicable,No,Not Applicable,302,UPI,10,3.3,4.0
2024-07-19 02:02:00,CNR2759200077,Canceled by Customer,CID378386,Auto,Rajajinagar,Frazer Town,,,Driver is not moving towards pickup location,Not Applicable,Not Applicable,Not Applicable,320,Not Applicable,0,,
2024-07-13 08:21:00,CNR5763143831,Success,CID882331,eBike,Indiranagar,Peenya,91.0,105.0,Not Applicable,Not Applicable,No,Not Applicable,337,UPI,2,3.3,3.4
2024-07-11 11:26:00,CNR1490214834,Success,CID620377,Prime Sedan,Padmanabhanagar,Sarjapur Road,273.0,130.0,Not Applicable,Not Applicable,No,Not Applicable,285,Cash,6,4.5,3.8
2024-07-07 17:39:00,CNR8766141268,Success,CID270778,Prime SUV,Rajarajeshwari Nagar,Cox Town,126.0,90.0,Not Applicable,Not Applicable,No,Not Applicable,470,Cash,10,3.2,3.0
2024-07-03 05:34:00,CNR7154996768,Success,CID930287,Prime Plus,Banashankari,Marathahalli,126.0,70.0,Not Applicable,Not Applicable,No,Not Applicable,362,UPI,47,3.9,3.3
2024-07-30 10:27:00,CNR1531445964,Success,CID475463,Bike,Jayanagar,Majestic,147.0,45.0,Not Applicable,Not Applicable,No,Not Applicable,255,UPI,42,3.7,3.2
2024-07-06 09:27:00,CNR3252806192,Success,CID877892,Prime Plus,Chamarajpet,Bannerghatta Road,273.0,100.0,Not Applicable,Not Applicable,No,Not Applicable,362,Cash,44,4.7,5.0
2024-07-24 03:25:00,CNR5795046419,Success,CID887060,Mini,Cox Town,Indiranagar,91.0,65.0,Not Applicable,Not Applicable,No,Not Applicable,287,Cash,21,4.9,4.3
2024-07-24 07:34:00,CNR7786406396,Success,CID720582,eBike,Koramangala,Ramamurthy Nagar,245.0,90.0,Not Applicable,Not Applicable,No,Not Applicable,652,UPI,38,3.3,3.5
2024-07-23 20:48:00,CNR2239362041,Canceled by Driver,CID630801,Prime Plus,Jayanagar,Shantinagar,,,Not Applicable,More than permitted people in there,Not Applicable,Not Applicable,459,Not Applicable,0,,
2024-07-26 07:46:00,CNR5464136094,Canceled by Customer,CID577166,eBike,Banashankari,JP Nagar,,,Driver asked to cancel,Not Applicable,Not Applicable,Not Applicable,1543,Not Applicable,0,,
2024-07-12 06:29:00,CNR6985136798,Success,CID570499,Auto,Vijayanagar,HSR Layout,49.0,80.0,Not Applicable,Not Applicable,No,Not Applicable,490,Cash,19,4.0,3.7
2024-07-02 10:58:00,CNR7117455425,Success,CID510678,Auto,Cox Town,Yeshwanthpur,189.0,140.0,Not Applicable,Not Applicable,No,Not Applicable,442,Cash,11,5.0,4.4
2024-07-28 21:37:00,CNR4099416480,Canceled by Customer,CID733411,eBike,Vijayanagar,Sarjapur Road,,,Driver is not moving towards pickup location,Not Applicable,Not Applicable,Not Applicable,317,Not Applicable,0,,
2024-07-25 00:37:00,CNR6436958369,Success,CID299943,Mini,Rajarajeshwari Nagar,Kadugodi,147.0,30.0,Not Applicable,Not Applicable,No,Not Applicable,773,Cash,30,4.1,3.7
2024-07-07 07:25:00,CNR1166009134,Success,CID374944,Prime SUV,Koramangala,Jayanagar,70.0,110.0,Not Applicable,Not Applicable,No,Not Applicable,338,UPI,45,4.2,4.9
2024-07-05 15:08:00,CNR8139899690,Canceled by Driver,CID374062,Prime Plus,Banashankari,Varthur,,,Not Applicable,Customer was coughing/sick,Not Applicable,Not Applicable,480,Not Applicable,0,,
2024-07-22 04:40:00,CNR5470390669,Canceled by Driver,CID744447,Prime SUV,Majestic,Varthur,,,Not Applicable,Personal & Car related issue,Not Applicable,Not Applicable,635,Not Applicable,0,,
2024-07-30 11:27:00,CNR3841819354,Driver Not Found,CID891490,Prime Plus,Whitefield,Jayanagar,,,Not Applicable,Not Applicable,Not Applicable,Not Applicable,289,Not Applicable,0,,
2024-07-08 22:03:00,CNR2972367693,Success,CID105950,Auto,Richmond Town,Devanahalli,196.0,145.0,Not Applicable,Not Applicable,Yes,Customer Demand,147,Cash,8,4.5,4.1
2024-07-23 11:27:00,CNR6232246063,Success,CID769503,Bike,BTM Layout,Koramangala,147.0,115.0,Not Applicable,Not Applicable,No,Not Applicable,1706,Cash,42,3.5,3.7
2024-07-17 21:20:00,CNR9404578832,Success,CID378454,Prime Plus,Majestic,RT Nagar,252.0,120.0,Not Applicable,Not Applicable,No,Not Applicable,350,Cash,37,4.8,3.6
2024-07-12 17:12:00,CNR4417099042,Success,CID806089,eBike,Richmond Town,Sahakar Nagar,105.0,55.0,Not Applicable,Not Applicable,No,Not Applicable,364,UPI,7,3.8,3.4
2024-07-02 08:18:00,CNR2641153857,Success,CID129167,Auto,Shantinagar,JP Nagar,224.0,145.0,Not Applicable,Not Applicable,No,Not Applicable,927,UPI,3,3.3,3.1
2024-07-25 23:30:00,CNR2560932274,Success,CID377862,Mini,Hosur Road,Jayanagar,273.0,100.0,Not Applicable,Not Applicable,No,Not Applicable,958,UPI,11,4.0,4.7
2024-07-21 17:13:00,CNR3796153048,Success,CID982645,Auto,Yeshwanthpur,Vijayanagar,98.0,115.0,Not Applicable,Not Applicable,No,Not Applicable,225,Cash,9,3.9,3.7
2024-07-26 10:05:00,CNR4422540411,Driver Not Found,CID195029,Prime SUV,Chamarajpet,KR Puram,,,Not Applicable,Not Applicable,Not Applicable,Not Applicable,160,Not Applicable,0,,
2024-07-13 15:34:00,CNR1352282782,Canceled by Driver,CID219304,Prime SUV,RT Nagar,Chickpet,,,Not Applicable,Personal & Car related issue,Not Applicable,Not Applicable,210,Not Applicable,0,,
2024-07-08 21:31:00,CNR9309200985,Success,CID537739,Bike,Kadugodi,Kadugodi,252.0,115.0,Not Applicable,Not Applicable,No,Not Applicable,2128,Cash,34,4.3,4.9
2024-07-07 05:04:00,CNR1383037213,Success,CID256199,Mini,Koramangala,Frazer Town,196.0,95.0,Not Applicable,Not Applicable,No,Not Applicable,196,Cash,22,4.8,3.7
2024-07-21 18:31:00,CNR5719703025,Success,CID427967,Auto,KR Puram,Electronic City,168.0,135.0,Not Applicable,Not Applicable,No,Not Applicable,883,UPI,18,4.5,4.2
2024-07-20 18:58:00,CNR5875392992,Success,CID510971,eBike,Mysore Road,Chamarajpet,294.0,30.0,Not Applicable,Not Applicable,No,Not Applicable,1528,Cash,4,4.5,4.1
2024-07-20 07:18:00,CNR2370284319,Driver Not Found,CID457440,Bike,Bellandur,Marathahalli,,,Not Applicable,Not Applicable,Not Applicable,Not Applicable,773,Not Applicable,0,,
2024-07-25 11:13:00,CNR8717737777,Success,CID991598,eBike,Rajajinagar,KR Puram,217.0,30.0,Not Applicable,Not Applicable,No,Not Applicable,960,Credit Card,37,3.9,4.7
2024-07-14 05:35:00,CNR4454872872,Canceled by Driver,CID737892,eBike,Sahakar Nagar,Kammanahalli,,,Not Applicable,Customer was coughing/sick,Not Applicable,Not Applicable,194,Not Applicable,0,,
2024-07-10 03:37:00,CNR3514039261,Canceled by Driver,CID255157,Auto,Marathahalli,Langford Town,,,Not Applicable,Customer related issue,Not Applicable,Not Applicable,831,Not Applicable,0,,
2024-07-09 21:27:00,CNR2546138483,Canceled by Customer,CID593213,Prime Plus,Peenya,Sahakar Nagar,,,Driver asked to cancel,Not Applicable,Not Applicable,Not Applicable,149,Not Applicable,0,,
2024-07-13 04:28:00,CNR7191693432,Success,CID533785,Mini,Hennur,Rajarajeshwari Nagar,56.0,105.0,Not Applicable,Not Applicable,No,Not Applicable,817,Cash,9,4.5,4.6
2024-07-27 20:27:00,CNR2467658974,Canceled by Customer,CID196983,Prime Sedan,Hulimavu,Tumkur Road,,,Driver is not moving towards pickup location,Not Applicable,Not Applicable,Not Applicable,324,Not Applicable,0,,
2024-07-29 09:33:00,CNR9203440250,Success,CID729470,eBike,MG Road,Yeshwanthpur,266.0,35.0,Not Applicable,Not Applicable,No,Not Applicable,188,Cash,13,4.0,3.8
2024-07-15 05:20:00,CNR9046239016,Success,CID841376,Prime Plus,Richmond Town,Shivajinagar,168.0,100.0,Not Applicable,Not Applicable,No,Not Applicable,190,Credit Card,29,4.7,4.5
2024-07-17 03:33:00,CNR6418945641,Success,CID313307,Prime Plus,Yelahanka,Shivajinagar,252.0,125.0,Not Applicable,Not Applicable,No,Not Applicable,288,UPI,1,4.9,3.1
2024-07-09 23:08:00,CNR3129369437,Success,CID489447,Bike,Kammanahalli,Bellandur,196.0,80.0,Not Applicable,Not Applicable,No,Not Applicable,160,UPI,44,3.2,4.3
2024-07-16 14:08:00,CNR9013309114,Success,CID579512,Prime SUV,Chickpet,Vijayanagar,294.0,50.0,Not Applicable,Not Applicable,No,Not Applicable,497,Cash,28,4.7,4.4
2024-07-21 05:53:00,CNR8359817659,Success,CID213118,Mini,Chamarajpet,Kengeri,203.0,90.0,Not Applicable,Not Applicable,No,Not Applicable,181,Cash,3,3.8,3.7
2024-07-21 11:52:00,CNR3000027229,Driver Not Found,CID640322,eBike,Frazer Town,Nagarbhavi,,,Not Applicable,Not Applicable,Not Applicable,Not Applicable,124,Not Applicable,0,,
2024-07-06 12:20:00,CNR4270244949,Success,CID571824,eBike,Kammanahalli,Koramangala,98.0,60.0,Not Applicable,Not Applicable,No,Not Applicable,564,Cash,32,4.3,4.7
2024-07-14 14:44:00,CNR7813314134,Success,CID908749,Mini,KR Puram,Hosur Road,126.0,140.0,Not Applicable,Not Applicable,No,Not Applicable,275,UPI,28,3.3,4.4
2024-07-17 20:45:00,CNR9659727877,Driver Not Found,CID498948,eBike,HSR Layout,Majestic,,,Not Applicable,Not Applicable,Not Applicable,Not Applicable,279,Not Applicable,0,,
2024-07-28 17:35:00,CNR6016549823,Canceled by Driver,CID690708,eBike,Kengeri,Langford Town,,,Not Applicable,More than permitted people in there,Not Applicable,Not Applicable,1267,Not Applicable,0,,
2024-07-30 18:19:00,CNR3787187394,Canceled by Driver,CID420389,Prime SUV,Nagarbhavi,Bannerghatta Road,,,Not Applicable,More than permitted people in there,Not Applicable,Not Applicable,147,Not Applicable,0,,
2024-07-27 20:06:00,CNR3583922049,Success,CID373801,Prime SUV,Shivajinagar,Bannerghatta Road,182.0,110.0,Not Applicable,Not Applicable,No,Not Applicable,456,Cash,17,4.0,4.5
2024-07-21 10:23:00,CNR4820793168,Canceled by Customer,CID673094,Bike,Hulimavu,Electronic City,,,Driver is not moving towards pickup location,Not Applicable,Not Applicable,Not Applicable,276,Not Applicable,0,,
2024-07-21 12:38:00,CNR4974727309,Canceled by Driver,CID121065,Auto,Ramamurthy Nagar,Sarjapur Road,,,Not Applicable,Customer related issue,Not Applicable,Not Applicable,487,Not Applicable,0,,
2024-07-13 09:49:00,CNR9189721702,Success,CID174629,Mini,Bellandur,Hebbal,168.0,25.0,Not Applicable,Not Applicable,No,Not Applicable,411,UPI,22,4.6,4.5
2024-07-16 18:46:00,CNR5059902987,Success,CID864499,Prime Sedan,Frazer Town,Padmanabhanagar,224.0,120.0,Not Applicable,Not Applicable,No,Not Applicable,307,Credit Card,5,3.8,4.1
2024-07-02 23:30:00,CNR1114734513,Success,CID618151,eBike,Kadugodi,Magadi Road,252.0,145.0,Not Applicable,Not Applicable,No,Not Applicable,2416,Cash,35,4.6,3.3
2024-07-22 15:35:00,CNR4778127499,Success,CID376607,Auto,Chamarajpet,Shantinagar,182.0,70.0,Not Applicable,Not Applicable,No,Not Applicable,979,Cash,11,3.8,3.1
2024-07-19 00:54:00,CNR2717945256,Canceled by Driver,CID955823,Prime Sedan,Hosur Road,Magadi Road,,,Not Applicable,Customer related issue,Not Applicable,Not Applicable,2019,Not Applicable,0,,
2024-07-16 17:14:00,CNR8488549749,Success,CID400439,Mini,Indiranagar,Padmanabhanagar,217.0,105.0,Not Applicable,Not Applicable,No,Not Applicable,487,Cash,12,4.9,3.9
2024-07-07 19:09:00,CNR6522404686,Driver Not Found,CID129567,Mini,Marathahalli,Jayanagar,,,Not Applicable,Not Applicable,Not Applicable,Not Applicable,311,Not Applicable,0,,
2024-07-24 18:55:00,CNR2803080302,Success,CID280353,eBike,Whitefield,Rajajinagar,252.0,140.0,Not Applicable,Not Applicable,No,Not Applicable,216,Cash,4,4.9,3.5
2024-07-05 21:42:00,CNR1988404235,Success,CID710215,eBike,Malleshwaram,Magadi Road,161.0,105.0,Not Applicable,Not Applicable,No,Not Applicable,139,UPI,32,4.0,3.6
2024-07-24 16:50:00,CNR2034737579,Success,CID775139,eBike,Shivajinagar,BTM Layout,56.0,55.0,Not Applicable,Not Applicable,No,Not Applicable,117,Cash,45,4.5,4.4
2024-07-04 06:10:00,CNR5178009852,Canceled by Customer,CID255206,Bike,Kengeri,Peenya,,,Driver is not moving towards pickup location,Not Applicable,Not Applicable,Not Applicable,2645,Not Applicable,0,,
2024-07-30 12:42:00,CNR3171182031,Success,CID519789,Mini,Malleshwaram,Bellandur,252.0,95.0,Not Applicable,Not Applicable,No,Not Applicable,497,Cash,13,3.0,3.2
2024-07-09 12:11:00,CNR3267990387,Success,CID110992,Auto,Majestic,KR Puram,154.0,80.0,Not Applicable,Not Applicable,No,Not Applicable,269,UPI,15,4.8,4.9
2024-07-08 09:29:00,CNR6605750009,Success,CID359971,Auto,Langford Town,Koramangala,91.0,50.0,Not Applicable,Not Applicable,No,Not Applicable,370,UPI,1,3.6,4.8
2024-07-26 00:07:00,CNR6305600701,Success,CID693378,Bike,Majestic,Banashankari,210.0,85.0,Not Applicable,Not Applicable,No,Not Applicable,393,Cash,39,4.8,4.6
2024-07-29 17:11:00,CNR6911830304,Success,CID315055,Bike,Ramamurthy Nagar,Hebbal,140.0,40.0,Not Applicable,Not Applicable,No,Not Applicable,645,Cash,39,4.3,5.0
2024-07-14 03:54:00,CNR7327101903,Canceled by Driver,CID112153,Prime SUV,Mysore Road,Sarjapur Road,,,Not Applicable,Customer related issue,Not Applicable,Not Applicable,157,Not Applicable,0,,
2024-07-26 10:49:00,CNR5020879080,Success,CID301063,Auto,Peenya,Jayanagar,168.0,145.0,Not Applicable,Not Applicable,No,Not Applicable,148,Cash,14,3.3,4.7
2024-07-25 09:17:00,CNR8119528542,Canceled by Driver,CID434832,eBike,Basavanagudi,Shivajinagar,,,Not Applicable,More than permitted people in there,Not Applicable,Not Applicable,307,Not Applicable,0,,
2024-07-12 01:02:00,CNR1486105974,Canceled by Customer,CID128248,Auto,Cox Town,Mysore Road,,,Driver asked to cancel,Not Applicable,Not Applicable,Not Applicable,1109,Not Applicable,0,,
2024-07-05 10:18:00,CNR1338034458,Success,CID715250,Prime Sedan,Kadugodi,Sahakar Nagar,112.0,55.0,Not Applicable,Not Applicable,No,Not Applicable,1149,UPI,20,5.0,3.6
2024-07-12 08:57:00,CNR9391122608,Success,CID789928,Auto,Ramamurthy Nagar,Basavanagudi,35.0,65.0,Not Applicable,Not Applicable,No,Not Applicable,132,Cash,7,4.1,4.0
2024-07-24 13:56:00,CNR3641831258,Canceled by Driver,CID718920,Prime SUV,Tumkur Road,Malleshwaram,,,Not Applicable,More than permitted people in there,Not Applicable,Not Applicable,2527,Not Applicable,0,,
2024-07-11 07:53:00,CNR7140214679,Success,CID592076,Auto,Kammanahalli,Banashankari,168.0,100.0,Not Applicable,Not Applicable,No,Not Applicable,240,Cash,3,3.4,4.3
2024-07-04 00:06:00,CNR5328593241,Success,CID815371,Mini,JP Nagar,Kengeri,133.0,110.0,Not Applicable,Not Applicable,No,Not Applicable,393,Cash,38,3.1,4.0
2024-07-21 23:32:00,CNR1466848937,Canceled by Customer,CID971476,Prime Sedan,Sahakar Nagar,Kadugodi,,,Wrong Address,Not Applicable,Not Applicable,Not Applicable,205,Not Applicable,0,,
2024-07-03 08:48:00,CNR5429916509,Success,CID370802,Bike,Frazer Town,Malleshwaram,280.0,80.0,Not Applicable,Not Applicable,No,Not Applicable,640,Cash,10,4.0,4.0
2024-07-14 12:27:00,CNR7241767493,Canceled by Driver,CID294012,Prime SUV,RT Nagar,Jayanagar,,,Not Applicable,Customer related issue,Not Applicable,Not Applicable,303,Not Applicable,0,,
2024-07-24 16:32:00,CNR3800185971,Canceled by Driver,CID293136,Prime Plus,Ramamurthy Nagar,Frazer Town,,,Not Applicable,Personal & Car related issue,Not Applicable,Not Applicable,273,Not Applicable,0,,
2024-07-28 01:06:00,CNR6162716266,Success,CID147118,Prime SUV,BTM Layout,Kammanahalli,231.0,120.0,Not Applicable,Not Applicable,No,Not Applicable,139,UPI,4,3.5,3.1
2024-07-16 23:19:00,CNR8356178872,Canceled by Customer,CID757394,Mini,Ramamurthy Nagar,Indiranagar,,,Wrong Address,Not Applicable,Not Applicable,Not Applicable,727,Not Applicable,0,,
2024-07-09 10:10:00,CNR6022509455,Driver Not Found,CID623870,eBike,Vijayanagar,Padmanabhanagar,,,Not Applicable,Not Applicable,Not Applicable,Not Applicable,383,Not Applicable,0,,
2024-07-06 05:36:00,CNR4554069086,Success,CID566561,Bike,Sarjapur Road,Devanahalli,49.0,100.0,Not Applicable,Not Applicable,No,Not Applicable,1544,UPI,23,3.1,4.6
2024-07-03 18:31:00,CNR9261663285,Success,CID527245,Prime Sedan,Hennur,Peenya,231.0,125.0,Not Applicable,Not Applicable,No,Not Applicable,103,Cash,4,4.3,4.2
2024-07-09 06:59:00,CNR9815960575,Canceled by Customer,CID711175,Mini,Banashankari,Kadugodi,,,Wrong Address,Not Applicable,Not Applicable,Not Applicable,379,Not Applicable,0,,
2024-07-06 05:48:00,CNR7209621806,Success,CID408795,Bike,Rajajinagar,Rajajinagar,42.0,105.0,Not Applicable,Not Applicable,No,Not Applicable,390,Cash,20,4.7,4.6
2024-07-30 04:00:00,CNR3600613848,Success,CID487145,eBike,Kammanahalli,Jayanagar,231.0,85.0,Not Applicable,Not Applicable,No,Not Applicable,155,Cash,45,4.5,3.2
2024-07-27 21:39:00,CNR5538706301,Success,CID718510,Bike,Ulsoor,Devanahalli,273.0,60.0,Not Applicable,Not Applicable,Yes,Customer Demand,373,Cash,16,3.3,4.5
2024-07-24 02:37:00,CNR2012597986,Canceled by Customer,CID852893,Bike,Rajajinagar,RT Nagar,,,Driver asked to cancel,Not Applicable,Not Applicable,Not Applicable,635,Not Applicable,0,,
2024-07-18 18:34:00,CNR2311219170,Success,CID400763,Mini,Padmanabhanagar,Shantinagar,49.0,40.0,Not Applicable,Not Applicable,No,Not Applicable,101,Debit Card,25,4.9,4.2
2024-07-17 23:42:00,CNR1956509469,Success,CID475873,Prime Sedan,Kengeri,Jayanagar,231.0,115.0,Not Applicable,Not Applicable,No,Not Applicable,419,Cash,28,3.3,3.4
2024-07-22 03:10:00,CNR1823663487,Success,CID861980,Prime SUV,JP Nagar,Bannerghatta Road,280.0,55.0,Not Applicable,Not Applicable,No,Not Applicable,276,UPI,42,4.4,3.3
2024-07-20 22:35:00,CNR2314992114,Success,CID363573,Prime Sedan,Rajarajeshwari Nagar,Hosur Road,217.0,70.0,Not Applicable,Not Applicable,No,Not Applicable,143,UPI,3,3.7,3.3
2024-07-01 22:05:00,CNR9923334356,Success,CID469504,Prime SUV,Langford Town,Varthur,112.0,125.0,Not Applicable,Not Applicable,No,Not Applicable,2145,UPI,42,3.4,3.7
2024-07-03 06:23:00,CNR6256477414,Success,CID588701,eBike,Chamarajpet,MG Road,133.0,100.0,Not Applicable,Not Applicable,No,Not Applicable,120,UPI,22,3.9,3.9
2024-07-15 04:28:00,CNR8001939660,Canceled by Driver,CID644216,Mini,Shivajinagar,Langford Town,,,Not Applicable,Customer was coughing/sick,Not Applicable,Not Applicable,479,Not Applicable,0,,
2024-07-18 18:07:00,CNR7126931040,Success,CID141424,eBike,Banashankari,Kengeri,266.0,110.0,Not Applicable,Not Applicable,No,Not Applicable,472,Credit Card,11,3.0,3.8
2024-07-08 10:04:00,CNR8157781857,Success,CID828588,eBike,Vijayanagar,Rajajinagar,308.0,100.0,Not Applicable,Not Applicable,No,Not Applicable,395,Cash,44,4.3,4.5
2024-07-26 10:35:00,CNR5273395617,Canceled by Driver,CID982907,Prime Plus,Malleshwaram,JP Nagar,,,Not Applicable,Personal & Car related issue,Not Applicable,Not Applicable,881,Not Applicable,0,,
2024-07-25 01:16:00,CNR6328822041,Success,CID789095,Prime Plus,Whitefield,Kadugodi,91.0,25.0,Not Applicable,Not Applicable,No,Not Applicable,442,UPI,16,4.7,3.0
2024-07-08 13:44:00,CNR4021688698,Success,CID672349,Mini,Shivajinagar,Hosur Road,77.0,40.0,Not Applicable,Not Applicable,No,Not Applicable,998,Cash,37,4.5,4.4
2024-07-23 04:24:00,CNR7890024225,Success,CID964596,Bike,Nagarbhavi,Nagarbhavi,196.0,100.0,Not Applicable,Not Applicable,No,Not Applicable,396,UPI,9,3.2,4.5
2024-07-21 10:29:00,CNR4337092090,Success,CID937876,Mini,Electronic City,Whitefield,294.0,115.0,Not Applicable,Not Applicable,No,Not Applicable,2351,Cash,42,4.3,4.8
2024-07-17 15:15:00,CNR6170848245,Success,CID895289,Mini,Peenya,Indiranagar,203.0,120.0,Not Applicable,Not Applicable,No,Not Applicable,744,Cash,13,5.0,4.6
2024-07-10 22:18:00,CNR5718604920,Success,CID693249,eBike,Cox Town,Bannerghatta Road,189.0,25.0,Not Applicable,Not Applicable,No,Not Applicable,454,Cash,32,4.8,4.1
2024-07-18 16:56:00,CNR6258435036,Canceled by Driver,CID367073,Prime SUV,MG Road,HSR Layout,,,Not Applicable,Customer was coughing/sick,Not Applicable,Not Applicable,317,Not Applicable,0,,
2024-07-25 08:41:00,CNR8041688827,Success,CID383883,Prime Sedan,Majestic,Majestic,147.0,105.0,Not Applicable,Not Applicable,No,Not Applicable,246,UPI,28,4.3,3.2
2024-07-22 12:13:00,CNR5740296521,Driver Not Found,CID563967,Prime Plus,JP Nagar,Devanahalli,,,Not Applicable,Not Applicable,Not Applicable,Not Applicable,406,Not Applicable,0,,
2024-07-12 20:13:00,CNR2438958955,Success,CID398520,Auto,Electronic City,Electronic City,266.0,100.0,Not Applicable,Not Applicable,No,Not Applicable,424,UPI,15,3.8,3.8
2024-07-17 02:09:00,CNR7326397540,Canceled by Driver,CID892026,Mini,Tumkur Road,Nagarbhavi,,,Not Applicable,Personal & Car related issue,Not Applicable,Not Applicable,107,Not Applicable,0,,
2024-07-06 01:01:00,CNR4445692871,Success,CID714472,Auto,Indiranagar,Hosur Road,119.0,105.0,Not Applicable,Not Applicable,No,Not Applicable,398,UPI,3,3.5,4.0
2024-07-24 10:13:00,CNR1103147587,Success,CID523151,Prime Plus,HSR Layout,Malleshwaram,189.0,125.0,Not Applicable,Not Applicable,No,Not Applicable,240,Cash,35,4.2,4.8
2024-07-12 09:05:00,CNR3847808131,Success,CID790460,Bike,Kadugodi,Vijayanagar,308.0,100.0,Not Applicable,Not Applicable,No,Not Applicable,459,UPI,19,3.1,3.2
2024-07-09 06:34:00,CNR1942181766,Success,CID869107,eBike,Indiranagar,Vijayanagar,91.0,75.0,Not Applicable,Not Applicable,No,Not Applicable,306,UPI,29,3.6,4.8
2024-07-04 21:36:00,CNR7920662745,Canceled by Driver,CID225902,Bike,Kengeri,Kengeri,,,Not Applicable,Customer related issue,Not Applicable,Not Applicable,218,Not Applicable,0,,
2024-07-12 16:28:00,CNR1433444637,Canceled by Driver,CID928956,Bike,Koramangala,Hebbal,,,Not Applicable,Customer related issue,Not Applicable,Not Applicable,258,Not Applicable,0,,
2024-07-29 02:18:00,CNR8817743988,Canceled by Driver,CID114765,eBike,Frazer Town,Shivajinagar,,,Not Applicable,Personal & Car related issue,Not Applicable,Not Applicable,199,Not Applicable,0,,
2024-07-27 06:53:00,CNR7302765547,Success,CID997676,Mini,Peenya,Magadi Road,259.0,135.0,Not Applicable,Not Applicable,No,Not Applicable,167,UPI,49,3.9,4.8
2024-07-28 10:34:00,CNR8269723985,Success,CID221458,Prime Sedan,Langford Town,Electronic City,154.0,75.0,Not Applicable,Not Applicable,No,Not Applicable,421,UPI,12,3.4,4.7
2024-07-03 10:52:00,CNR5308051944,Success,CID672065,Bike,Kadugodi,MG Road,147.0,50.0,Not Applicable,Not Applicable,No,Not Applicable,407,Cash,45,3.4,4.7
2024-07-20 20:26:00,CNR4323559406,Success,CID190472,Prime Plus,Jayanagar,RT Nagar,56.0,40.0,Not Applicable,Not Applicable,Yes,Customer Demand,412,UPI,7,3.2,4.3
2024-07-18 05:56:00,CNR9475214460,Success,CID183045,Prime Plus,Rajarajeshwari Nagar,Kadugodi,77.0,105.0,Not Applicable,Not Applicable,No,Not Applicable,993,UPI,5,4.4,4.5
2024-07-25 13:50:00,CNR4912070238,Success,CID578900,eBike,Electronic City,Devanahalli,203.0,120.0,Not Applicable,Not Applicable,No,Not Applicable,253,UPI,18,3.3,4.6
2024-07-09 01:36:00,CNR4104674568,Canceled by Driver,CID303561,Prime Plus,Kengeri,Langford Town,,,Not Applicable,Customer was coughing/sick,Not Applicable,Not Applicable,612,Not Applicable,0,,
2024-07-19 06:43:00,CNR5886110535,Success,CID489825,Prime Plus,Ramamurthy Nagar,Jayanagar,217.0,30.0,Not Applicable,Not Applicable,No,Not Applicable,113,Cash,15,4.7,4.2
2024-07-27 21:58:00,CNR8610440603,Success,CID359510,eBike,Chickpet,Malleshwaram,133.0,65.0,Not Applicable,Not Applicable,No,Not Applicable,997,Cash,28,4.6,4.5
2024-07-26 12:08:00,CNR4124518265,Success,CID546004,Prime SUV,Ulsoor,Ulsoor,98.0,70.0,Not Applicable,Not Applicable,No,Not Applicable,418,Cash,5,4.7,3.8
2024-07-28 13:45:00,CNR5796464172,Success,CID813222,Prime Sedan,Whitefield,Majestic,287.0,90.0,Not Applicable,Not Applicable,No,Not Applicable,573,Cash,43,3.1,4.5
2024-07-07 08:19:00,CNR4670936264,Success,CID992473,Prime SUV,JP Nagar,Devanahalli,161.0,65.0,Not Applicable,Not Applicable,No,Not Applicable,131,UPI,20,4.9,3.9
2024-07-20 02:05:00,CNR4855418420,Canceled by Driver,CID522137,Prime SUV,Rajarajeshwari Nagar,Malleshwaram,,,Not Applicable,Personal & Car related issue,Not Applicable,Not Applicable,244,Not Applicable,0,,
2024-07-04 10:22:00,CNR2293570918,Success,CID787819,Mini,Whitefield,Varthur,77.0,145.0,Not Applicable,Not Applicable,No,Not Applicable,116,Cash,9,4.4,3.4
2024-07-29 02:49:00,CNR7466583362,Success,CID625894,Prime Plus,MG Road,Yelahanka,56.0,120.0,Not Applicable,Not Applicable,No,Not Applicable,826,UPI,47,4.9,3.7
2024-07-20 23:09:00,CNR5719138155,Success,CID884092,Bike,Magadi Road,Richmond Town,91.0,120.0,Not Applicable,Not Applicable,No,Not Applicable,345,UPI,20,4.7,3.4
2024-07-02 06:40:00,CNR3438479399,Canceled by Customer,CID936761,Prime Sedan,Shantinagar,Kammanahalli,,,Driver is not moving towards pickup location,Not Applicable,Not Applicable,Not Applicable,190,Not Applicable,0,,
2024-07-19 02:19:00,CNR3888164451,Success,CID714643,Mini,Vijayanagar,HSR Layout,70.0,105.0,Not Applicable,Not Applicable,No,Not Applicable,498,Cash,31,4.2,4.1
2024-07-15 16:07:00,CNR7842569691,Success,CID400768,Prime SUV,Peenya,Magadi Road,112.0,45.0,Not Applicable,Not Applicable,No,Not Applicable,145,UPI,1,4.3,4.1
2024-07-27 14:30:00,CNR2507909303,Canceled by Customer,CID452157,Mini,Kammanahalli,Bellandur,,,Driver asked to cancel,Not Applicable,Not Applicable,Not Applicable,454,Not Applicable,0,,
2024-07-12 19:06:00,CNR4157001697,Success,CID330487,Prime Plus,Kadugodi,Whitefield,287.0,145.0,Not Applicable,Not Applicable,No,Not Applicable,477,Cash,48,3.6,3.0
2024-07-03 18:36:00,CNR5412239121,Canceled by Customer,CID883134,Mini,Hulimavu,Langford Town,,,Driver asked to cancel,Not Applicable,Not Applicable,Not Applicable,298,Not Applicable,0,,
2024-07-18 13:40:00,CNR9903367769,Canceled by Driver,CID704189,Prime Plus,Cox Town,Rajajinagar,,,Not Applicable,Customer related issue,Not Applicable,Not Applicable,314,Not Applicable,0,,
2024-07-18 00:19:00,CNR4301811322,Success,CID215995,Prime Sedan,Nagarbhavi,Basavanagudi,259.0,110.0,Not Applicable,Not Applicable,No,Not Applicable,487,Credit Card,23,3.7,4.4
2024-07-24 04:16:00,CNR3670934919,Canceled by Driver,CID518683,Prime Plus,Varthur,Ulsoor,,,Not Applicable,Personal & Car related issue,Not Applicable,Not Applicable,107,Not Applicable,0,,
2024-07-07 16:16:00,CNR3507479426,Canceled by Customer,CID124985,Mini,Varthur,Koramangala,,,Change of plans,Not Applicable,Not Applicable,Not Applicable,936,Not Applicable,0,,
2024-07-21 05:20:00,CNR8726617664,Success,CID418163,Prime Plus,Tumkur Road,Marathahalli,189.0,55.0,Not Applicable,Not Applicable,No,Not Applicable,577,Credit Card,17,3.6,4.7
2024-07-26 23:31:00,CNR4547310595,Success,CID372101,Bike,Electronic City,Jayanagar,301.0,130.0,Not Applicable,Not Applicable,No,Not Applicable,332,UPI,42,4.9,3.8
2024-07-28 15:11:00,CNR3282439352,Success,CID345485,Mini,Yeshwanthpur,Electronic City,98.0,65.0,Not Applicable,Not Applicable,No,Not Applicable,426,Cash,44,3.1,4.7
2024-07-12 21:20:00,CNR1672520527,Canceled by Customer,CID892034,Auto,RT Nagar,Varthur,,,Driver asked to cancel,Not Applicable,Not Applicable,Not Applicable,367,Not Applicable,0,,
2024-07-30 20:06:00,CNR5193055866,Success,CID202667,Prime Plus,Indiranagar,Hennur,168.0,145.0,Not Applicable,Not Applicable,No,Not Applicable,179,Cash,48,4.8,4.6
2024-07-10 10:39:00,CNR7733961026,Success,CID493490,Bike,Hulimavu,Chickpet,112.0,55.0,Not Applicable,Not Applicable,No,Not Applicable,489,Cash,17,3.4,4.3
2024-07-01 00:21:00,CNR8485201858,Canceled by Customer,CID209378,Auto,Frazer Town,Jayanagar,,,Change of plans,Not Applicable,Not Applicable,Not Applicable,118,Not Applicable,0,,
2024-07-10 05:10:00,CNR6369096562,Canceled by Driver,CID687481,Prime SUV,Mysore Road,Ulsoor,,,Not Applicable,More than permitted people in there,Not Applicable,Not Applicable,141,Not Applicable,0,,
2024-07-23 18:34:00,CNR4012980298,Success,CID426251,eBike,Chamarajpet,Magadi Road,133.0,120.0,Not Applicable,Not Applicable,No,Not Applicable,660,Cash,15,4.2,4.3
2024-07-14 16:43:00,CNR8348227590,Success,CID998723,Prime Sedan,Majestic,Kengeri,98.0,65.0,Not Applicable,Not Applicable,No,Not Applicable,1104,UPI,10,4.3,4.3
2024-07-09 12:51:00,CNR4209975108,Success,CID902053,Bike,Padmanabhanagar,KR Puram,203.0,120.0,Not Applicable,Not Applicable,No,Not Applicable,618,Cash,42,4.4,4.8
2024-07-21 07:50:00,CNR6163925357,Success,CID543365,Prime Plus,Electronic City,Ramamurthy Nagar,49.0,105.0,Not Applicable,Not Applicable,No,Not Applicable,623,Cash,33,3.3,3.2
2024-07-26 15:49:00,CNR8184506799,Driver Not Found,CID225415,Auto,Vijayanagar,Banashankari,,,Not Applicable,Not Applicable,Not Applicable,Not Applicable,447,Not Applicable,0,,
2024-07-09 20:37:00,CNR5516696077,Success,CID264018,Prime Plus,Chamarajpet,Varthur,105.0,100.0,Not Applicable,Not Applicable,No,Not Applicable,457,Cash,35,4.5,4.4
2024-07-27 17:09:00,CNR8302779101,Success,CID489424,Prime Plus,Cox Town,Shantinagar,91.0,130.0,Not Applicable,Not Applicable,No,Not Applicable,617,Cash,31,4.2,3.3
2024-07-13 10:47:00,CNR9858499380,Canceled by Customer,CID126777,Bike,Rajajinagar,Richmond Town,,,Driver is not moving towards pickup location,Not Applicable,Not Applicable,Not Applicable,387,Not Applicable,0,,
2024-07-10 16:53:00,CNR5746947855,Success,CID574033,Auto,Electronic City,BTM Layout,168.0,115.0,Not Applicable,Not Applicable,No,Not Applicable,167,Cash,17,3.8,4.2
2024-07-08 07:22:00,CNR4042888549,Success,CID704863,eBike,RT Nagar,Yeshwanthpur,273.0,50.0,Not Applicable,Not Applicable,No,Not Applicable,308,UPI,35,3.2,4.5
2024-07-16 01:30:00,CNR2345564014,Canceled by Customer,CID797306,Mini,Mysore Road,Hosur Road,,,Driver is not moving towards pickup location,Not Applicable,Not Applicable,Not Applicable,389,Not Applicable,0,,
2024-07-14 21:19:00,CNR4239086708,Canceled by Driver,CID553777,Auto,Frazer Town,Magadi Road,,,Not Applicable,Personal & Car related issue,Not Applicable,Not Applicable,448,Not Applicable,0,,
2024-07-08 03:01:00,CNR5768684736,Driver Not Found,CID513083,Auto,Marathahalli,Ulsoor,,,Not Applicable,Not Applicable,Not Applicable,Not Applicable,227,Not Applicable,0,,
2024-07-29 19:41:00,CNR9504654114,Success,CID185115,Bike,Shantinagar,JP Nagar,175.0,125.0,Not Applicable,Not Applicable,No,Not Applicable,1782,Cash,45,4.9,3.2
2024-07-28 11:34:00,CNR5479110150,Success,CID515640,Prime Plus,Frazer Town,Ramamurthy Nagar,231.0,135.0,Not Applicable,Not Applicable,No,Not Applicable,162,Cash,40,3.1,3.5
2024-07-26 03:20:00,CNR5046242610,Success,CID388522,Prime Sedan,Whitefield,Kammanahalli,42.0,135.0,Not Applicable,Not Applicable,No,Not Applicable,465,UPI,5,3.8,3.9
2024-07-23 13:46:00,CNR7693419542,Canceled by Driver,CID559714,Prime Plus,Varthur,Kengeri,,,Not Applicable,Customer related issue,Not Applicable,Not Applicable,396,Not Applicable,0,,
2024-07-24 13:40:00,CNR7894747687,Success,CID269336,Prime Plus,Rajajinagar,Electronic City,49.0,70.0,Not Applicable,Not Applicable,No,Not Applicable,845,Cash,42,3.7,4.9
2024-07-28 09:22:00,CNR6948279956,Canceled by Customer,CID815669,Auto,Electronic City,Rajajinagar,,,Change of plans,Not Applicable,Not Applicable,Not Applicable,400,Not Applicable,0,,
2024-07-04 17:02:00,CNR8752210753,Success,CID510200,Auto,Richmond Town,Malleshwaram,168.0,25.0,Not Applicable,Not Applicable,No,Not Applicable,208,Cash,18,4.3,3.4
2024-07-12 19:57:00,CNR3711276518,Success,CID593100,eBike,JP Nagar,Rajajinagar,238.0,45.0,Not Applicable,Not Applicable,No,Not Applicable,203,UPI,6,3.3,4.1
2024-07-16 12:09:00,CNR7058475845,Success,CID452963,eBike,Peenya,RT Nagar,273.0,65.0,Not Applicable,Not Applicable,No,Not Applicable,551,Credit Card,20,4.2,4.4
2024-07-17 21:32:00,CNR1596824372,Success,CID953715,eBike,Rajarajeshwari Nagar,Hulimavu,301.0,80.0,Not Applicable,Not Applicable,No,Not Applicable,1256,Cash,27,4.4,4.0
2024-07-27 14:07:00,CNR9254293494,Success,CID702592,Prime SUV,RT Nagar,Richmond Town,112.0,100.0,Not Applicable,Not Applicable,No,Not Applicable,166,Cash,40,3.8,3.3
2024-07-06 15:06:00,CNR1246170232,Canceled by Driver,CID988085,Mini,Richmond Town,KR Puram,,,Not Applicable,Personal & Car related issue,Not Applicable,Not Applicable,238,Not Applicable,0,,
2024-07-23 16:22:00,CNR2220541867,Driver Not Found,CID464448,Auto,Hennur,RT Nagar,,,Not Applicable,Not Applicable,Not Applicable,Not Applicable,223,Not Applicable,0,,
2024-07-29 04:44:00,CNR5133943406,Success,CID344771,Bike,Bellandur,Kadugodi,98.0,30.0,Not Applicable,Not Applicable,No,Not Applicable,747,Cash,47,4.7,4.1
2024-07-26 02:22:00,CNR5125390964,Success,CID728505,eBike,Tumkur Road,Tumkur Road,126.0,35.0,Not Applicable,Not Applicable,No,Not Applicable,370,UPI,43,3.6,4.4
2024-07-09 17:48:00,CNR7257906813,Success,CID329733,Mini,Mysore Road,JP Nagar,84.0,85.0,Not Applicable,Not Applicable,No,Not Applicable,382,UPI,45,4.2,4.7
2024-07-16 03:38:00,CNR6248870252,Success,CID777875,eBike,Indiranagar,Chickpet,56.0,35.0,Not Applicable,Not Applicable,No,Not Applicable,222,Cash,15,4.6,4.6
2024-07-21 22:22:00,CNR4056876739,Success,CID491298,Prime Sedan,HSR Layout,Mysore Road,56.0,130.0,Not Applicable,Not Applicable,Yes,Vehicle Breakdown,849,Cash,5,3.5,3.4
2024-07-21 05:47:00,CNR5860165440,Success,CID887901,Auto,Langford Town,Vijayanagar,140.0,145.0,Not Applicable,Not Applicable,No,Not Applicable,280,Credit Card,9,4.7,4.8
2024-07-18 15:09:00,CNR4250722036,Driver Not Found,CID194042,Mini,Hennur,Ulsoor,,,Not Applicable,Not Applicable,Not Applicable,Not Applicable,1201,Not Applicable,0,,
2024-07-06 00:16:00,CNR8745976336,Canceled by Driver,CID421976,Prime SUV,BTM Layout,Peenya,,,Not Applicable,More than permitted people in there,Not Applicable,Not Applicable,137,Not Applicable,0,,
2024-07-26 05:13:00,CNR9742091784,Success,CID581752,Bike,Kengeri,BTM Layout,266.0,75.0,Not Applicable,Not Applicable,No,Not Applicable,2425,UPI,44,3.9,4.4
2024-07-15 12:26:00,CNR9429412690,Driver Not Found,CID527253,Prime Sedan,Kadugodi,Varthur,,,Not Applicable,Not Applicable,Not Applicable,Not Applicable,2345,Not Applicable,0,,
2024-07-21 03:44:00,CNR2795413901,Success,CID520301,eBike,Sarjapur Road,Koramangala,308.0,100.0,Not Applicable,Not Applicable,No,Not Applicable,388,UPI,23,3.0,4.7
2024-07-30 06:29:00,CNR7003648548,Success,CID790860,Prime SUV,Majestic,Ramamurthy Nagar,42.0,110.0,Not Applicable,Not Applicable,No,Not Applicable,288,Cash,26,3.5,4.9
2024-07-21 13:14:00,CNR3234865814,Driver Not Found,CID412708,Prime Plus,Marathahalli,Bannerghatta Road,,,Not Applicable,Not Applicable,Not Applicable,Not Applicable,1675,Not Applicable,0,,
2024-07-28 08:15:00,CNR3137023170,Success,CID541544,eBike,Whitefield,Nagarbhavi,217.0,25.0,Not Applicable,Not Applicable,No,Not Applicable,348,Credit Card,45,3.9,3.8
2024-07-08 03:28:00,CNR6708606425,Canceled by Driver,CID417123,eBike,Hosur Road,Shivajinagar,,,Not Applicable,Personal & Car related issue,Not Applicable,Not Applicable,203,Not Applicable,0,,
2024-07-02 08:00:00,CNR7942659144,Success,CID727339,Prime Sedan,Ulsoor,Varthur,210.0,40.0,Not Applicable,Not Applicable,No,Not Applicable,372,Cash,25,4.0,4.6
2024-07-23 15:11:00,CNR6165482229,Success,CID443294,eBike,Sahakar Nagar,MG Road,238.0,25.0,Not Applicable,Not Applicable,No,Not Applicable,353,Credit Card,19,3.4,4.2
2024-07-10 12:46:00,CNR2208760257,Success,CID648407,Prime Sedan,Indiranagar,Devanahalli,245.0,90.0,Not Applicable,Not Applicable,No,Not Applicable,441,Cash,22,4.4,3.5
2024-07-29 16:18:00,CNR3599304622,Canceled by Driver,CID100034,Prime Plus,Whitefield,Ulsoor,,,Not Applicable,Customer related issue,Not Applicable,Not Applicable,2139,Not Applicable,0,,
2024-07-18 05:32:00,CNR6396996461,Success,CID720880,Bike,Chamarajpet,Frazer Town,210.0,80.0,Not Applicable,Not Applicable,No,Not Applicable,436,UPI,8,4.7,4.4
2024-07-25 21:37:00,CNR7584764390,Driver Not Found,CID337178,Prime Sedan,Rajarajeshwari Nagar,Devanahalli,,,Not Applicable,Not Applicable,Not Applicable,Not Applicable,228,Not Applicable,0,,
2024-07-15 15:01:00,CNR6072794483,Canceled by Driver,CID914378,Prime Sedan,Sahakar Nagar,Rajarajeshwari Nagar,,,Not Applicable,Customer was coughing/sick,Not Applicable,Not Applicable,1594,Not Applicable,0,,
2024-07-04 23:55:00,CNR5720838792,Success,CID938807,Bike,Yeshwanthpur,Mysore Road,196.0,95.0,Not Applicable,Not Applicable,No,Not Applicable,433,UPI,35,4.0,3.5
2024-07-26 18:11:00,CNR1295784892,Success,CID744089,Bike,Nagarbhavi,Cox Town,84.0,75.0,Not Applicable,Not Applicable,No,Not Applicable,120,Cash,26,3.8,5.0
2024-07-07 21:07:00,CNR9488357565,Success,CID774488,Prime SUV,Indiranagar,Peenya,63.0,100.0,Not Applicable,Not Applicable,No,Not Applicable,282,Cash,27,4.6,4.3
2024-07-11 21:05:00,CNR6573413201,Success,CID942756,Auto,Bannerghatta Road,Cox Town,119.0,100.0,Not Applicable,Not Applicable,No,Not Applicable,430,Cash,5,3.2,3.1
2024-07-10 08:39:00,CNR4759868831,Canceled by Driver,CID772232,Prime Plus,Vijayanagar,Rajajinagar,,,Not Applicable,Personal & Car related issue,Not Applicable,Not Applicable,397,Not Applicable,0,,
2024-07-07 07:20:00,CNR7860649915,Success,CID354700,Bike,Vijayanagar,Hebbal,126.0,40.0,Not Applicable,Not Applicable,No,Not Applicable,842,Cash,23,3.7,4.2
2024-07-06 11:01:00,CNR8976066641,Canceled by Driver,CID729140,Auto,Langford Town,Ulsoor,,,Not Applicable,Customer related issue,Not Applicable,Not Applicable,383,Not Applicable,0,,
2024-07-02 17:06:00,CNR9108712528,Success,CID322476,eBike,RT Nagar,Rajarajeshwari Nagar,210.0,135.0,Not Applicable,Not Applicable,No,Not Applicable,304,Cash,24,4.1,3.2
2024-07-20 12:20:00,CNR9084475192,Canceled by Driver,CID599430,Auto,Varthur,MG Road,,,Not Applicable,More than permitted people in there,Not Applicable,Not Applicable,148,Not Applicable,0,,
2024-07-29 21:46:00,CNR8779443835,Canceled by Customer,CID205641,eBike,RT Nagar,Ulsoor,,,Driver asked to cancel,Not Applicable,Not Applicable,Not Applicable,435,Not Applicable,0,,
2024-07-02 00:34:00,CNR2810414608,Canceled by Driver,CID773439,Auto,Shivajinagar,Rajarajeshwari Nagar,,,Not Applicable,Personal & Car related issue,Not Applicable,Not Applicable,397,Not Applicable,0,,
2024-07-17 22:13:00,CNR4477411975,Canceled by Customer,CID970400,Auto,Cox Town,Kadugodi,,,Wrong Address,Not Applicable,Not Applicable,Not Applicable,409,Not Applicable,0,,
2024-07-30 10:17:00,CNR8074200517,Success,CID102029,Prime SUV,Kadugodi,Sahakar Nagar,154.0,45.0,Not Applicable,Not Applicable,No,Not Applicable,279,Credit Card,49,4.9,3.4
2024-07-23 20:13:00,CNR3914336725,Driver Not Found,CID381415,Auto,HSR Layout,Hosur Road,,,Not Applicable,Not Applicable,Not Applicable,Not Applicable,557,Not Applicable,0,,
2024-07-21 08:15:00,CNR9016480314,Canceled by Customer,CID833510,Mini,Basavanagudi,Kadugodi,,,Driver is not moving towards pickup location,Not Applicable,Not Applicable,Not Applicable,1322,Not Applicable,0,,
2024-07-13 16:34:00,CNR3082719785,Success,CID601645,Mini,Chamarajpet,Tumkur Road,210.0,55.0,Not Applicable,Not Applicable,No,Not Applicable,150,UPI,13,4.4,3.8
2024-07-28 20:17:00,CNR8582195451,Success,CID777826,Auto,Bellandur,Shivajinagar,56.0,100.0,Not Applicable,Not Applicable,No,Not Applicable,287,UPI,13,3.9,3.9
2024-07-03 10:17:00,CNR1464802341,Driver Not Found,CID346025,eBike,Tumkur Road,Yeshwanthpur,,,Not Applicable,Not Applicable,Not Applicable,Not Applicable,474,Not Applicable,0,,
2024-07-28 22:15:00,CNR7466454304,Success,CID665573,Prime Plus,Basavanagudi,Kadugodi,42.0,145.0,Not Applicable,Not Applicable,No,Not Applicable,439,Cash,45,3.6,4.1
2024-07-24 10:35:00,CNR1300189444,Canceled by Customer,CID615934,eBike,Hulimavu,Shivajinagar,,,Driver asked to cancel,Not Applicable,Not Applicable,Not Applicable,479,Not Applicable,0,,
2024-07-04 19:40:00,CNR6741571347,Success,CID452768,eBike,Malleshwaram,Yeshwanthpur,308.0,120.0,Not Applicable,Not Applicable,No,Not Applicable,102,Cash,21,3.2,4.9
2024-07-10 15:13:00,CNR5921636554,Canceled by Driver,CID166498,eBike,Bannerghatta Road,Chickpet,,,Not Applicable,More than permitted people in there,Not Applicable,Not Applicable,282,Not Applicable,0,,
2024-07-15 03:06:00,CNR9729887508,Success,CID322423,Bike,Bellandur,Langford Town,294.0,45.0,Not Applicable,Not Applicable,No,Not Applicable,810,UPI,37,3.2,4.6
2024-07-17 00:04:00,CNR9268548200,Canceled by Driver,CID830358,eBike,Marathahalli,JP Nagar,,,Not Applicable,Personal & Car related issue,Not Applicable,Not Applicable,965,Not Applicable,0,,
2024-07-18 08:10:00,CNR9805541246,Canceled by Customer,CID961644,Mini,Hosur Road,Kammanahalli,,,Driver is not moving towards pickup location,Not Applicable,Not Applicable,Not Applicable,2720,Not Applicable,0,,
2024-07-18 00:43:00,CNR5438822681,Driver Not Found,CID129675,Auto,Majestic,Sarjapur Road,,,Not Applicable,Not Applicable,Not Applicable,Not Applicable,695,Not Applicable,0,,
2024-07-25 17:41:00,CNR3807345226,Success,CID240286,Prime Sedan,Richmond Town,Yeshwanthpur,119.0,85.0,Not Applicable,Not Applicable,No,Not Applicable,172,UPI,46,3.6,3.1
2024-07-03 09:12:00,CNR3287669125,Canceled by Driver,CID881850,Prime SUV,Hosur Road,Varthur,,,Not Applicable,More than permitted people in there,Not Applicable,Not Applicable,228,Not Applicable,0,,
2024-07-14 01:54:00,CNR2050616266,Canceled by Driver,CID866629,Auto,Cox Town,Bellandur,,,Not Applicable,Personal & Car related issue,Not Applicable,Not Applicable,177,Not Applicable,0,,
2024-07-16 07:16:00,CNR2578875092,Success,CID981088,Prime Sedan,Langford Town,Vijayanagar,175.0,50.0,Not Applicable,Not Applicable,No,Not Applicable,391,Cash,11,4.0,4.8
2024-07-10 02:14:00,CNR2642174234,Success,CID365147,Bike,Vijayanagar,Frazer Town,133.0,55.0,Not Applicable,Not Applicable,No,Not Applicable,358,Cash,24,3.6,4.9
2024-07-24 05:25:00,CNR3298608419,Canceled by Customer,CID845386,Prime Sedan,Hulimavu,Hennur,,,Change of plans,Not Applicable,Not Applicable,Not Applicable,816,Not Applicable,0,,
2024-07-17 11:02:00,CNR1083469123,Canceled by Driver,CID500569,Prime SUV,Kammanahalli,KR Puram,,,Not Applicable,Customer was coughing/sick,Not Applicable,Not Applicable,234,Not Applicable,0,,
2024-07-19 12:42:00,CNR8909998430,Canceled by Customer,CID803441,Prime Plus,Rajarajeshwari Nagar,Ulsoor,,,Wrong Address,Not Applicable,Not Applicable,Not Applicable,806,Not Applicable,0,,
2024-07-01 07:34:00,CNR1949432663,Success,CID646257,Mini,Langford Town,Basavanagudi,175.0,30.0,Not Applicable,Not Applicable,No,Not Applicable,332,UPI,21,4.5,3.6
2024-07-09 19:45:00,CNR2816245165,Driver Not Found,CID198221,Prime Plus,Marathahalli,KR Puram,,,Not Applicable,Not Applicable,Not Applicable,Not Applicable,135,Not Applicable,0,,
2024-07-10 17:57:00,CNR7963121035,Canceled by Driver,CID782297,Prime SUV,Hulimavu,Whitefield,,,Not Applicable,Personal & Car related issue,Not Applicable,Not Applicable,211,Not Applicable,0,,
2024-07-11 21:00:00,CNR4366752293,Canceled by Driver,CID878423,Prime Plus,Chamarajpet,Hulimavu,,,Not Applicable,Customer was coughing/sick,Not Applicable,Not Applicable,452,Not Applicable,0,,
2024-07-19 08:01:00,CNR7670674704,Success,CID779283,Prime Plus,Ramamurthy Nagar,Richmond Town,175.0,70.0,Not Applicable,Not Applicable,No,Not Applicable,144,UPI,44,3.8,3.6
2024-07-25 15:32:00,CNR2855506459,Success,CID362033,Prime SUV,Yeshwanthpur,Koramangala,203.0,80.0,Not Applicable,Not Applicable,No,Not Applicable,144,UPI,28,3.8,3.2
2024-07-28 10:11:00,CNR3903939409,Canceled by Customer,CID685043,Prime Sedan,Rajajinagar,Electronic City,,,Change of plans,Not Applicable,Not Applicable,Not Applicable,277,Not Applicable,0,,
2024-07-01 13:40:00,CNR7905774407,Success,CID293184,eBike,BTM Layout,Nagarbhavi,294.0,90.0,Not Applicable,Not Applicable,No,Not Applicable,1861,UPI,32,4.0,4.3
2024-07-14 03:18:00,CNR2055618687,Canceled by Driver,CID659589,Mini,Hosur Road,Padmanabhanagar,,,Not Applicable,Personal & Car related issue,Not Applicable,Not Applicable,419,Not Applicable,0,,
2024-07-25 20:19:00,CNR5822086192,Success,CID948797,Bike,Bellandur,Nagarbhavi,133.0,50.0,Not Applicable,Not Applicable,No,Not Applicable,399,UPI,38,3.4,5.0
2024-07-01 11:57:00,CNR7672368933,Success,CID180365,Auto,Ulsoor,Chickpet,70.0,35.0,Not Applicable,Not Applicable,No,Not Applicable,398,Cash,5,4.8,3.8
2024-07-15 21:44:00,CNR4833485708,Canceled by Customer,CID278817,Mini,Kammanahalli,Indiranagar,,,Driver is not moving towards pickup location,Not Applicable,Not Applicable,Not Applicable,1652,Not Applicable,0,,
2024-07-05 02:59:00,CNR8806472932,Success,CID964257,eBike,Yeshwanthpur,Hennur,42.0,95.0,Not Applicable,Not Applicable,No,Not Applicable,416,UPI,46,4.9,3.8
2024-07-01 19:27:00,CNR1244893307,Success,CID671568,Prime SUV,Hosur Road,Cox Town,105.0,60.0,Not Applicable,Not Applicable,No,Not Applicable,295,UPI,21,3.9,3.5
2024-07-12 09:37:00,CNR4193103685,Success,CID801946,Mini,Shantinagar,Basavanagudi,42.0,55.0,Not Applicable,Not Applicable,No,Not Applicable,121,UPI,29,3.9,4.7
2024-07-05 12:02:00,CNR3561118839,Success,CID803053,eBike,Chickpet,Rajajinagar,231.0,90.0,Not Applicable,Not Applicable,No,Not Applicable,1512,Cash,2,4.7,4.7
2024-07-01 23:13:00,CNR7060622494,Driver Not Found,CID566242,Prime SUV,RT Nagar,Peenya,,,Not Applicable,Not Applicable,Not Applicable,Not Applicable,964,Not Applicable,0,,
2024-07-23 20:48:00,CNR7178712119,Success,CID121745,Auto,KR Puram,Chickpet,42.0,65.0,Not Applicable,Not Applicable,No,Not Applicable,201,Cash,4,5.0,3.1
2024-07-11 13:06:00,CNR4417779768,Canceled by Driver,CID501076,eBike,Chickpet,Ramamurthy Nagar,,,Not Applicable,More than permitted people in there,Not Applicable,Not Applicable,477,Not Applicable,0,,
2024-07-01 00:28:00,CNR4893911026,Success,CID352084,Auto,Kammanahalli,Malleshwaram,154.0,50.0,Not Applicable,Not Applicable,No,Not Applicable,488,Cash,3,4.9,3.5
2024-07-16 15:37:00,CNR1833102425,Canceled by Customer,CID580656,Prime SUV,Marathahalli,Vijayanagar,,,Driver asked to cancel,Not Applicable,Not Applicable,Not Applicable,206,Not Applicable,0,,
2024-07-13 19:17:00,CNR6144931802,Success,CID624207,Prime Plus,Hosur Road,Magadi Road,182.0,120.0,Not Applicable,Not Applicable,No,Not Applicable,712,UPI,2,4.6,4.5
2024-07-22 00:21:00,CNR9348386954,Success,CID102659,Prime Plus,KR Puram,Electronic City,203.0,140.0,Not Applicable,Not Applicable,No,Not Applicable,393,UPI,1,4.2,4.9
2024-07-02 02:39:00,CNR6775696883,Canceled by Driver,CID379680,Prime Plus,Jayanagar,Hebbal,,,Not Applicable,Customer was coughing/sick,Not Applicable,Not Applicable,951,Not Applicable,0,,
2024-07-25 02:09:00,CNR5724790980,Success,CID269197,eBike,RT Nagar,Kengeri,35.0,80.0,Not Applicable,Not Applicable,No,Not Applicable,142,Cash,6,3.1,4.0
2024-07-04 10:31:00,CNR6973092008,Canceled by Driver,CID952634,Prime Plus,RT Nagar,Richmond Town,,,Not Applicable,Personal & Car related issue,Not Applicable,Not Applicable,322,Not Applicable,0,,
2024-07-22 08:37:00,CNR2952677255,Success,CID379435,Prime SUV,Indiranagar,Sarjapur Road,154.0,50.0,Not Applicable,Not Applicable,No,Not Applicable,935,Cash,1,3.5,4.7
2024-07-30 20:19:00,CNR2505980756,Canceled by Driver,CID841717,eBike,Hulimavu,Majestic,,,Not Applicable,Personal & Car related issue,Not Applicable,Not Applicable,443,Not Applicable,0,,
2024-07-16 02:58:00,CNR2653842606,Success,CID412893,Bike,Chickpet,JP Nagar,98.0,60.0,Not Applicable,Not Applicable,No,Not Applicable,324,Cash,49,3.5,3.2
2024-07-15 02:04:00,CNR1656926410,Driver Not Found,CID338141,Mini,Kammanahalli,Hebbal,,,Not Applicable,Not Applicable,Not Applicable,Not Applicable,378,Not Applicable,0,,
2024-07-04 09:08:00,CNR6875353466,Success,CID858452,Bike,Electronic City,Ulsoor,231.0,90.0,Not Applicable,Not Applicable,No,Not Applicable,1647,Cash,13,4.4,3.1
2024-07-22 01:35:00,CNR8875114153,Success,CID353193,Mini,Malleshwaram,MG Road,42.0,30.0,Not Applicable,Not Applicable,No,Not Applicable,175,UPI,19,4.4,3.7
2024-07-22 18:01:00,CNR9510097328,Canceled by Driver,CID548227,eBike,Basavanagudi,Ulsoor,,,Not Applicable,Personal & Car related issue,Not Applicable,Not Applicable,293,Not Applicable,0,,
2024-07-17 23:10:00,CNR9672592119,Success,CID486112,Prime Plus,Peenya,RT Nagar,42.0,110.0,Not Applicable,Not Applicable,No,Not Applicable,422,Cash,19,3.3,4.9
2024-07-13 14:38:00,CNR9193319185,Driver Not Found,CID867164,Prime Plus,MG Road,Yeshwanthpur,,,Not Applicable,Not Applicable,Not Applicable,Not Applicable,2006,Not Applicable,0,,
2024-07-30 07:41:00,CNR5383873426,Success,CID336800,Prime Plus,Jayanagar,Vijayanagar,294.0,55.0,Not Applicable,Not Applicable,No,Not Applicable,405,Cash,3,3.2,3.8
2024-07-01 17:12:00,CNR8210563472,Success,CID832795,Mini,Peenya,Yelahanka,42.0,90.0,Not Applicable,Not Applicable,No,Not Applicable,259,Cash,6,3.2,3.9
2024-07-23 00:41:00,CNR1285430549,Canceled by Customer,CID734366,Auto,Basavanagudi,Kengeri,,,Change of plans,Not Applicable,Not Applicable,Not Applicable,629,Not Applicable,0,,
2024-07-24 09:11:00,CNR6202467372,Canceled by Driver,CID603674,Mini,Whitefield,Ramamurthy Nagar,,,Not Applicable,Personal & Car related issue,Not Applicable,Not Applicable,410,Not Applicable,0,,
2024-07-14 20:54:00,CNR7668101252,Success,CID912776,Prime SUV,Yelahanka,Peenya,224.0,100.0,Not Applicable,Not Applicable,Yes,Other Issue,344,UPI,36,4.5,4.0
2024-07-12 22:42:00,CNR5273534756,Success,CID709585,Bike,Sarjapur Road,Vijayanagar,210.0,135.0,Not Applicable,Not Applicable,No,Not Applicable,251,Cash,49,4.2,4.2
2024-07-24 12:30:00,CNR6311664650,Success,CID565129,Mini,Kadugodi,BTM Layout,210.0,140.0,Not Applicable,Not Applicable,No,Not Applicable,372,UPI,29,5.0,4.9
2024-07-14 09:43:00,CNR9373307906,Success,CID788087,Mini,Hennur,Vijayanagar,210.0,25.0,Not Applicable,Not Applicable,No,Not Applicable,148,Cash,25,3.7,4.2
2024-07-30 10:45:00,CNR1665281748,Canceled by Customer,CID724149,eBike,Banashankari,Yeshwanthpur,,,Change of plans,Not Applicable,Not Applicable,Not Applicable,188,Not Applicable,0,,
2024-07-09 21:50:00,CNR3118887751,Driver Not Found,CID629196,Prime Sedan,Marathahalli,Magadi Road,,,Not Applicable,Not Applicable,Not Applicable,Not Applicable,379,Not Applicable,0,,
2024-07-28 08:28:00,CNR7265568720,Driver Not Found,CID830985,Auto,Whitefield,Kengeri,,,Not Applicable,Not Applicable,Not Applicable,Not Applicable,387,Not Applicable,0,,
2024-07-11 23:28:00,CNR8690081554,Canceled by Driver,CID824467,Prime Sedan,Majestic,Marathahalli,,,Not Applicable,Personal & Car related issue,Not Applicable,Not Applicable,426,Not Applicable,0,,
2024-07-02 06:18:00,CNR5248899839,Success,CID462886,Mini,Kadugodi,Kadugodi,175.0,105.0,Not Applicable,Not Applicable,No,Not Applicable,545,Cash,15,4.6,4.1
2024-07-29 03:04:00,CNR7589445352,Success,CID850321,Prime Sedan,Frazer Town,Chamarajpet,98.0,80.0,Not Applicable,Not Applicable,No,Not Applicable,454,Cash,20,3.7,3.9
2024-07-17 06:24:00,CNR7450753543,Success,CID528164,Prime Plus,Magadi Road,Rajajinagar,245.0,130.0,Not Applicable,Not Applicable,No,Not Applicable,2184,UPI,6,4.8,4.8
2024-07-14 04:19:00,CNR8617398823,Canceled by Driver,CID517467,eBike,Whitefield,Basavanagudi,,,Not Applicable,Personal & Car related issue,Not Applicable,Not Applicable,297,Not Applicable,0,,
2024-07-13 11:53:00,CNR5826314769,Success,CID132912,eBike,JP Nagar,Hulimavu,217.0,60.0,Not Applicable,Not Applicable,No,Not Applicable,260,Cash,8,4.5,3.6
2024-07-22 21:49:00,CNR5535440687,Success,CID617813,eBike,Chickpet,Hebbal,112.0,115.0,Not Applicable,Not Applicable,No,Not Applicable,310,Cash,27,4.2,4.2
2024-07-14 20:26:00,CNR3716128505,Success,CID832462,Prime Plus,BTM Layout,Ulsoor,133.0,80.0,Not Applicable,Not Applicable,Yes,Customer Demand,583,UPI,45,3.6,4.4
2024-07-01 18:39:00,CNR6771456593,Canceled by Driver,CID689835,Auto,Banashankari,Shivajinagar,,,Not Applicable,Customer related issue,Not Applicable,Not Applicable,333,Not Applicable,0,,
2024-07-13 08:04:00,CNR5339701158,Success,CID916601,eBike,Yeshwanthpur,Hebbal,161.0,45.0,Not Applicable,Not Applicable,No,Not Applicable,294,Cash,40,3.4,4.7
2024-07-06 19:39:00,CNR8194111817,Success,CID778442,Mini,Cox Town,Magadi Road,35.0,90.0,Not Applicable,Not Applicable,No,Not Applicable,353,UPI,25,3.8,4.7
2024-07-02 05:16:00,CNR3913074343,Success,CID886401,Mini,Shivajinagar,Majestic,168.0,75.0,Not Applicable,Not Applicable,No,Not Applicable,103,UPI,45,4.3,4.5
2024-07-27 14:16:00,CNR7627618448,Success,CID437449,Auto,Peenya,Peenya,98.0,145.0,Not Applicable,Not Applicable,No,Not Applicable,424,Cash,11,3.6,3.8
2024-07-29 06:26:00,CNR9098182524,Success,CID440710,Prime Plus,Kadugodi,Basavanagudi,301.0,140.0,Not Applicable,Not Applicable,No,Not Applicable,117,Cash,22,4.0,4.8
2024-07-08 12:26:00,CNR9524781826,Success,CID351962,Mini,Chamarajpet,Langford Town,217.0,135.0,Not Applicable,Not Applicable,No,Not Applicable,759,Cash,49,4.1,3.0
2024-07-23 07:22:00,CNR4408149460,Success,CID132295,Mini,Ulsoor,Marathahalli,56.0,25.0,Not Applicable,Not Applicable,No,Not Applicable,100,Cash,27,5.0,3.1
2024-07-19 00:44:00,CNR9276977096,Success,CID367955,Prime Sedan,Richmond Town,Hosur Road,77.0,140.0,Not Applicable,Not Applicable,No,Not Applicable,478,Cash,15,4.6,3.7
2024-07-26 09:29:00,CNR8014890822,Success,CID577367,Bike,Vijayanagar,Sarjapur Road,189.0,100.0,Not Applicable,Not Applicable,No,Not Applicable,263,Cash,3,4.3,3.0
2024-07-28 10:40:00,CNR4629521710,Success,CID273401,eBike,Padmanabhanagar,Rajajinagar,259.0,120.0,Not Applicable,Not Applicable,No,Not Applicable,737,UPI,36,4.5,3.9
2024-07-04 18:05:00,CNR7317429237,Driver Not Found,CID717556,Auto,Kammanahalli,JP Nagar,,,Not Applicable,Not Applicable,Not Applicable,Not Applicable,2483,Not Applicable,0,,
2024-07-06 06:20:00,CNR5619562614,Canceled by Driver,CID370479,Mini,MG Road,Bannerghatta Road,,,Not Applicable,Personal & Car related issue,Not Applicable,Not Applicable,576,Not Applicable,0,,
2024-07-02 01:03:00,CNR9191506946,Canceled by Customer,CID961549,Prime Plus,Hulimavu,Indiranagar,,,Change of plans,Not Applicable,Not Applicable,Not Applicable,275,Not Applicable,0,,
2024-07-16 08:18:00,CNR8400863743,Success,CID170874,Prime SUV,Yelahanka,Ulsoor,147.0,70.0,Not Applicable,Not Applicable,No,Not Applicable,855,Credit Card,2,3.6,3.4
2024-07-13 15:33:00,CNR9321805502,Success,CID401024,Bike,Tumkur Road,Rajarajeshwari Nagar,84.0,40.0,Not Applicable,Not Applicable,No,Not Applicable,121,Cash,46,3.6,3.9
2024-07-06 02:58:00,CNR6131103801,Driver Not Found,CID466074,Prime SUV,Kadugodi,Yeshwanthpur,,,Not Applicable,Not Applicable,Not Applicable,Not Applicable,1829,Not Applicable,0,,
2024-07-16 16:40:00,CNR4429473176,Success,CID921947,Prime Plus,Koramangala,Yeshwanthpur,273.0,85.0,Not Applicable,Not Applicable,No,Not Applicable,471,Cash,42,4.4,3.6
2024-07-20 01:53:00,CNR4341484337,Canceled by Driver,CID148259,Prime SUV,RT Nagar,Electronic City,,,Not Applicable,Customer related issue,Not Applicable,Not Applicable,679,Not Applicable,0,,
2024-07-23 11:05:00,CNR9164697761,Success,CID131744,Prime SUV,Richmond Town,Majestic,70.0,60.0,Not Applicable,Not Applicable,No,Not Applicable,949,Cash,24,3.2,4.0
2024-07-03 00:30:00,CNR8666976539,Driver Not Found,CID626944,Mini,Richmond Town,Padmanabhanagar,,,Not Applicable,Not Applicable,Not Applicable,Not Applicable,219,Not Applicable,0,,
2024-07-08 17:30:00,CNR4341480635,Canceled by Customer,CID389862,Mini,Malleshwaram,Chamarajpet,,,Driver asked to cancel,Not Applicable,Not Applicable,Not Applicable,1155,Not Applicable,0,,
2024-07-14 02:09:00,CNR7469703044,Success,CID755009,eBike,Basavanagudi,Indiranagar,119.0,130.0,Not Applicable,Not Applicable,No,Not Applicable,443,Cash,14,3.9,4.7
2024-07-18 09:34:00,CNR1241526505,Success,CID312799,Prime Sedan,Kadugodi,Majestic,154.0,25.0,Not Applicable,Not Applicable,No,Not Applicable,467,Credit Card,25,4.4,4.1
2024-07-01 10:25:00,CNR3136443536,Success,CID913989,eBike,Electronic City,Ulsoor,308.0,90.0,Not Applicable,Not Applicable,No,Not Applicable,171,Cash,36,4.3,4.8
2024-07-22 13:31:00,CNR4435109387,Success,CID767369,Prime Sedan,Jayanagar,MG Road,287.0,60.0,Not Applicable,Not Applicable,No,Not Applicable,195,Cash,44,4.8,3.2
2024-07-27 23:09:00,CNR9881240833,Canceled by Driver,CID969725,Prime SUV,Jayanagar,Kammanahalli,,,Not Applicable,Personal & Car related issue,Not Applicable,Not Applicable,164,Not Applicable,0,,
2024-07-22 12:12:00,CNR9321044267,Success,CID646141,Bike,Sahakar Nagar,Varthur,168.0,45.0,Not Applicable,Not Applicable,No,Not Applicable,490,Cash,49,3.3,4.9
2024-07-03 14:56:00,CNR4410822962,Canceled by Driver,CID266394,Mini,Shantinagar,Chickpet,,,Not Applicable,More than permitted people in there,Not Applicable,Not Applicable,356,Not Applicable,0,,
2024-07-20 23:46:00,CNR1917994828,Success,CID992210,Prime Sedan,Cox Town,Whitefield,154.0,85.0,Not Applicable,Not Applicable,No,Not Applicable,192,UPI,15,4.3,3.8
2024-07-03 02:19:00,CNR8334503109,Success,CID114631,Mini,Frazer Town,Koramangala,308.0,70.0,Not Applicable,Not Applicable,No,Not Applicable,966,Cash,12,4.5,3.1
2024-07-20 11:16:00,CNR3343545408,Success,CID747950,Bike,HSR Layout,Electronic City,287.0,135.0,Not Applicable,Not Applicable,No,Not Applicable,216,Cash,26,4.0,3.3
2024-07-25 00:52:00,CNR9858126894,Driver Not Found,CID111013,Auto,Hulimavu,Kammanahalli,,,Not Applicable,Not Applicable,Not Applicable,Not Applicable,346,Not Applicable,0,,
2024-07-07 03:15:00,CNR3485079025,Success,CID555717,Prime SUV,Nagarbhavi,Langford Town,203.0,85.0,Not Applicable,Not Applicable,No,Not Applicable,195,UPI,19,3.5,4.9
2024-07-07 20:17:00,CNR7643713685,Success,CID420709,eBike,Sahakar Nagar,Peenya,238.0,55.0,Not Applicable,Not Applicable,No,Not Applicable,2131,UPI,4,4.4,4.6
2024-07-26 13:05:00,CNR8152372390,Canceled by Customer,CID385396,Auto,Malleshwaram,Sarjapur Road,,,AC is Not working,Not Applicable,Not Applicable,Not Applicable,477,Not Applicable,0,,
2024-07-28 07:23:00,CNR3666394655,Canceled by Customer,CID833076,eBike,HSR Layout,Sarjapur Road,,,Driver asked to cancel,Not Applicable,Not Applicable,Not Applicable,179,Not Applicable,0,,
2024-07-24 20:57:00,CNR3660807939,Canceled by Driver,CID756599,Prime SUV,Marathahalli,Richmond Town,,,Not Applicable,More than permitted people in there,Not Applicable,Not Applicable,253,Not Applicable,0,,
2024-07-23 14:51:00,CNR8540652988,Canceled by Driver,CID546531,Mini,HSR Layout,Jayanagar,,,Not Applicable,Customer related issue,Not Applicable,Not Applicable,331,Not Applicable,0,,
2024-07-15 23:42:00,CNR8265828697,Success,CID113792,Prime SUV,Devanahalli,Malleshwaram,140.0,45.0,Not Applicable,Not Applicable,No,Not Applicable,921,UPI,16,3.1,4.6
2024-07-10 05:12:00,CNR2398446149,Canceled by Driver,CID775124,Auto,Nagarbhavi,Koramangala,,,Not Applicable,Customer related issue,Not Applicable,Not Applicable,974,Not Applicable,0,,
2024-07-06 11:16:00,CNR1441768511,Success,CID295495,Mini,Mysore Road,Kengeri,91.0,125.0,Not Applicable,Not Applicable,No,Not Applicable,488,UPI,17,4.3,4.2
2024-07-17 13:51:00,CNR5027572639,Canceled by Customer,CID390058,Prime Sedan,Vijayanagar,Kammanahalli,,,AC is Not working,Not Applicable,Not Applicable,Not Applicable,469,Not Applicable,0,,
2024-07-25 06:52:00,CNR8878117859,Canceled by Customer,CID378565,Mini,Richmond Town,Cox Town,,,Wrong Address,Not Applicable,Not Applicable,Not Applicable,313,Not Applicable,0,,
2024-07-14 01:02:00,CNR3597982742,Success,CID950435,Prime Plus,Ulsoor,Kammanahalli,168.0,125.0,Not Applicable,Not Applicable,No,Not Applicable,400,Cash,18,4.6,3.2
2024-07-24 18:02:00,CNR1742066792,Success,CID591601,eBike,Vijayanagar,Kengeri,140.0,70.0,Not Applicable,Not Applicable,No,Not Applicable,203,UPI,11,4.2,3.3
2024-07-11 08:18:00,CNR9351088063,Success,CID551326,Mini,Cox Town,Magadi Road,287.0,140.0,Not Applicable,Not Applicable,No,Not Applicable,166,UPI,44,4.7,3.1
2024-07-03 00:48:00,CNR2585288364,Success,CID717354,Prime SUV,Shantinagar,Rajajinagar,84.0,80.0,Not Applicable,Not Applicable,No,Not Applicable,180,Cash,9,4.0,3.5
2024-07-07 12:31:00,CNR3999163401,Driver Not Found,CID251202,Prime SUV,Rajarajeshwari Nagar,Frazer Town,,,Not Applicable,Not Applicable,Not Applicable,Not Applicable,542,Not Applicable,0,,
2024-07-23 16:01:00,CNR1474122088,Success,CID860979,Prime Plus,Kengeri,RT Nagar,126.0,80.0,Not Applicable,Not Applicable,Yes,Other Issue,130,Cash,18,4.8,3.9
2024-07-30 04:09:00,CNR3069551881,Success,CID968291,Auto,Sahakar Nagar,Langford Town,84.0,120.0,Not Applicable,Not Applicable,No,Not Applicable,889,UPI,7,5.0,4.3
2024-07-30 15:55:00,CNR8736008557,Success,CID131120,Prime Plus,KR Puram,Indiranagar,105.0,65.0,Not Applicable,Not Applicable,No,Not Applicable,157,Cash,9,3.1,3.9
2024-07-07 16:02:00,CNR5465556789,Success,CID807669,Bike,Tumkur Road,Chamarajpet,231.0,130.0,Not Applicable,Not Applicable,No,Not Applicable,364,Cash,8,3.9,4.3
2024-07-22 19:29:00,CNR1682712496,Success,CID901216,Prime Plus,Varthur,Hennur,308.0,80.0,Not Applicable,Not Applicable,No,Not Applicable,207,Cash,33,3.7,4.7
2024-07-11 18:00:00,CNR3596734050,Driver Not Found,CID577764,Prime SUV,Vijayanagar,Vijayanagar,,,Not Applicable,Not Applicable,Not Applicable,Not Applicable,1851,Not Applicable,0,,
2024-07-14 16:34:00,CNR2897310337,Success,CID100714,Bike,KR Puram,Hennur,35.0,110.0,Not Applicable,Not Applicable,No,Not Applicable,425,Cash,23,4.9,3.1
2024-07-29 12:05:00,CNR7811120299,Success,CID237366,Bike,Mysore Road,Chickpet,210.0,95.0,Not Applicable,Not Applicable,No,Not Applicable,428,UPI,32,3.7,3.8
2024-07-17 16:50:00,CNR7543820974,Driver Not Found,CID949881,Bike,Hebbal,Shivajinagar,,,Not Applicable,Not Applicable,Not Applicable,Not Applicable,372,Not Applicable,0,,
2024-07-22 17:26:00,CNR1669478699,Success,CID190279,Prime Plus,Bellandur,Koramangala,238.0,100.0,Not Applicable,Not Applicable,No,Not Applicable,421,Cash,11,3.3,3.6
2024-07-22 09:26:00,CNR3775070528,Success,CID627858,Bike,Sarjapur Road,RT Nagar,266.0,30.0,Not Applicable,Not Applicable,Yes,Vehicle Breakdown,500,Cash,29,3.1,3.2
2024-07-23 20:47:00,CNR5196407304,Driver Not Found,CID647521,Bike,Yeshwanthpur,Ramamurthy Nagar,,,Not Applicable,Not Applicable,Not Applicable,Not Applicable,426,Not Applicable,0,,
2024-07-27 07:09:00,CNR7759065183,Success,CID505679,Prime Sedan,Frazer Town,Chamarajpet,154.0,95.0,Not Applicable,Not Applicable,No,Not Applicable,358,UPI,44,4.7,4.4
2024-07-20 05:05:00,CNR6179810045,Success,CID129683,Prime Sedan,Yeshwanthpur,JP Nagar,63.0,100.0,Not Applicable,Not Applicable,No,Not Applicable,291,Cash,33,4.3,4.8
2024-07-25 21:45:00,CNR6907032949,Success,CID970763,Bike,KR Puram,Ulsoor,217.0,25.0,Not Applicable,Not Applicable,No,Not Applicable,485,Cash,41,4.4,3.4
2024-07-19 00:15:00,CNR2965496274,Success,CID983230,Mini,Vijayanagar,RT Nagar,140.0,95.0,Not Applicable,Not Applicable,No,Not Applicable,315,Cash,23,3.4,3.4
2024-07-23 01:32:00,CNR2127876638,Success,CID934926,Bike,Shivajinagar,Mysore Road,266.0,50.0,Not Applicable,Not Applicable,No,Not Applicable,424,UPI,25,4.0,3.7
2024-07-01 00:18:00,CNR7190468826,Driver Not Found,CID704103,Bike,Marathahalli,MG Road,,,Not Applicable,Not Applicable,Not Applicable,Not Applicable,480,Not Applicable,0,,
2024-07-23 09:14:00,CNR1045579384,Driver Not Found,CID901949,eBike,Basavanagudi,Ramamurthy Nagar,,,Not Applicable,Not Applicable,Not Applicable,Not Applicable,746,Not Applicable,0,,
2024-07-07 01:24:00,CNR7784542172,Canceled by Driver,CID550660,Bike,Majestic,Varthur,,,Not Applicable,Personal & Car related issue,Not Applicable,Not Applicable,208,Not Applicable,0,,
2024-07-29 12:57:00,CNR5851963023,Canceled by Driver,CID186093,Bike,Electronic City,Banashankari,,,Not Applicable,Customer was coughing/sick,Not Applicable,Not Applicable,726,Not Applicable,0,,
2024-07-23 16:30:00,CNR9840308525,Canceled by Driver,CID665479,Prime SUV,Electronic City,Sarjapur Road,,,Not Applicable,Customer was coughing/sick,Not Applicable,Not Applicable,439,Not Applicable,0,,
2024-07-20 23:28:00,CNR8446022464,Driver Not Found,CID362813,Prime Sedan,Tumkur Road,JP Nagar,,,Not Applicable,Not Applicable,Not Applicable,Not Applicable,209,Not Applicable,0,,
2024-07-01 12:21:00,CNR3154383898,Canceled by Customer,CID579908,Mini,Malleshwaram,Bellandur,,,AC is Not working,Not Applicable,Not Applicable,Not Applicable,746,Not Applicable,0,,
2024-07-18 01:09:00,CNR3236375904,Canceled by Driver,CID207994,Mini,Hosur Road,RT Nagar,,,Not Applicable,Personal & Car related issue,Not Applicable,Not Applicable,639,Not Applicable,0,,
2024-07-11 13:16:00,CNR7764085827,Canceled by Customer,CID672168,Bike,Bannerghatta Road,Kengeri,,,Driver is not moving towards pickup location,Not Applicable,Not Applicable,Not Applicable,985,Not Applicable,0,,
2024-07-15 04:22:00,CNR2728959115,Success,CID161681,eBike,Nagarbhavi,Indiranagar,112.0,85.0,Not Applicable,Not Applicable,No,Not Applicable,442,Cash,37,3.3,3.4
2024-07-29 17:46:00,CNR7658843609,Success,CID856478,Prime Sedan,Chamarajpet,Langford Town,308.0,50.0,Not Applicable,Not Applicable,No,Not Applicable,355,Cash,48,4.4,3.3
2024-07-08 17:39:00,CNR2359318763,Driver Not Found,CID551558,Bike,Sahakar Nagar,Hulimavu,,,Not Applicable,Not Applicable,Not Applicable,Not Applicable,356,Not Applicable,0,,
2024-07-21 19:12:00,CNR9184806243,Success,CID179368,Bike,Tumkur Road,Whitefield,35.0,145.0,Not Applicable,Not Applicable,No,Not Applicable,402,Cash,27,4.3,4.2
2024-07-24 05:51:00,CNR6615795741,Success,CID293285,Auto,Hebbal,Sarjapur Road,133.0,60.0,Not Applicable,Not Applicable,No,Not Applicable,278,UPI,13,5.0,3.7
2024-07-19 10:53:00,CNR2609236212,Success,CID108614,Prime SUV,Jayanagar,MG Road,280.0,40.0,Not Applicable,Not Applicable,No,Not Applicable,221,UPI,31,4.4,3.7
2024-07-02 07:04:00,CNR8811116201,Canceled by Customer,CID811222,Prime SUV,Hosur Road,Malleshwaram,,,Driver is not moving towards pickup location,Not Applicable,Not Applicable,Not Applicable,2892,Not Applicable,0,,
2024-07-01 01:01:00,CNR3120406319,Canceled by Customer,CID948027,Auto,Tumkur Road,Vijayanagar,,,Driver is not moving towards pickup location,Not Applicable,Not Applicable,Not Applicable,459,Not Applicable,0,,
2024-07-14 13:48:00,CNR1976447884,Success,CID271338,eBike,Padmanabhanagar,Hulimavu,245.0,110.0,Not Applicable,Not Applicable,No,Not Applicable,815,Cash,33,3.7,3.0
2024-07-27 23:09:00,CNR3368730553,Success,CID798711,Bike,Shivajinagar,Mysore Road,42.0,145.0,Not Applicable,Not Applicable,No,Not Applicable,105,Cash,14,3.8,3.7
2024-07-13 00:41:00,CNR1317835626,Success,CID867818,Prime Plus,Hulimavu,Bellandur,35.0,60.0,Not Applicable,Not Applicable,No,Not Applicable,315,Cash,45,3.9,4.7
2024-07-29 05:21:00,CNR9244075381,Success,CID137759,eBike,Vijayanagar,Whitefield,119.0,40.0,Not Applicable,Not Applicable,No,Not Applicable,369,UPI,14,3.5,4.4
2024-07-04 17:12:00,CNR3618353073,Canceled by Customer,CID729178,Prime SUV,Indiranagar,KR Puram,,,Driver asked to cancel,Not Applicable,Not Applicable,Not Applicable,878,Not Applicable,0,,
2024-07-15 08:08:00,CNR2537588199,Success,CID793187,Mini,Kadugodi,Malleshwaram,70.0,25.0,Not Applicable,Not Applicable,No,Not Applicable,1992,Cash,42,4.1,4.3
2024-07-13 05:42:00,CNR2451780143,Canceled by Driver,CID450103,Bike,Ramamurthy Nagar,Koramangala,,,Not Applicable,Personal & Car related issue,Not Applicable,Not Applicable,460,Not Applicable,0,,
2024-07-13 12:10:00,CNR5209910670,Success,CID482502,Prime SUV,Electronic City,Kadugodi,273.0,50.0,Not Applicable,Not Applicable,No,Not Applicable,276,UPI,3,3.2,4.5
2024-07-16 23:20:00,CNR1678151827,Success,CID725537,Prime Plus,Richmond Town,Sahakar Nagar,238.0,120.0,Not Applicable,Not Applicable,No,Not Applicable,168,Cash,23,3.8,3.4
2024-07-16 22:59:00,CNR3687470030,Success,CID859727,Bike,BTM Layout,Vijayanagar,98.0,30.0,Not Applicable,Not Applicable,No,Not Applicable,102,Cash,31,4.4,3.8
2024-07-19 18:24:00,CNR7104757300,Success,CID693180,Prime SUV,Basavanagudi,Rajarajeshwari Nagar,119.0,120.0,Not Applicable,Not Applicable,No,Not Applicable,133,UPI,23,4.1,3.6
2024-07-20 06:25:00,CNR3344802425,Success,CID443213,Auto,Magadi Road,Hulimavu,182.0,45.0,Not Applicable,Not Applicable,No,Not Applicable,415,Cash,3,4.7,4.1
2024-07-19 02:24:00,CNR8648294090,Driver Not Found,CID131714,Mini,Padmanabhanagar,Indiranagar,,,Not Applicable,Not Applicable,Not Applicable,Not Applicable,244,Not Applicable,0,,
2024-07-13 02:43:00,CNR1412536799,Success,CID561261,Prime Plus,Bannerghatta Road,Hulimavu,301.0,40.0,Not Applicable,Not Applicable,No,Not Applicable,806,UPI,46,4.7,4.6
2024-07-08 03:19:00,CNR1784533606,Success,CID350433,Mini,Jayanagar,Indiranagar,133.0,130.0,Not Applicable,Not Applicable,No,Not Applicable,470,UPI,29,3.7,3.3
2024-07-03 03:22:00,CNR4859596406,Canceled by Driver,CID940155,Prime SUV,Yelahanka,Banashankari,,,Not Applicable,Customer was coughing/sick,Not Applicable,Not Applicable,474,Not Applicable,0,,
2024-07-20 14:08:00,CNR2398068515,Canceled by Driver,CID883079,Auto,Electronic City,Shivajinagar,,,Not Applicable,Personal & Car related issue,Not Applicable,Not Applicable,364,Not Applicable,0,,
2024-07-26 00:18:00,CNR5076200842,Success,CID389642,Auto,Hosur Road,JP Nagar,77.0,75.0,Not Applicable,Not Applicable,No,Not Applicable,518,Cash,9,4.6,4.0
2024-07-08 04:22:00,CNR6930057495,Success,CID311885,Mini,Koramangala,Indiranagar,196.0,85.0,Not Applicable,Not Applicable,No,Not Applicable,422,Cash,20,3.4,4.0
2024-07-25 18:32:00,CNR6766262744,Success,CID448895,eBike,Yelahanka,Vijayanagar,196.0,140.0,Not Applicable,Not Applicable,No,Not Applicable,421,Cash,48,4.3,3.9
2024-07-22 04:50:00,CNR4451524472,Canceled by Customer,CID231959,Prime Sedan,Hennur,Rajajinagar,,,Driver asked to cancel,Not Applicable,Not Applicable,Not Applicable,321,Not Applicable,0,,
2024-07-26 08:50:00,CNR8997036238,Canceled by Driver,CID535651,eBike,Electronic City,JP Nagar,,,Not Applicable,More than permitted people in there,Not Applicable,Not Applicable,943,Not Applicable,0,,
2024-07-26 06:41:00,CNR1814283543,Success,CID115606,Prime SUV,Padmanabhanagar,Indiranagar,189.0,85.0,Not Applicable,Not Applicable,No,Not Applicable,629,UPI,48,3.4,4.3
2024-07-13 16:57:00,CNR7399094160,Success,CID328725,Prime Plus,Chickpet,Tumkur Road,168.0,85.0,Not Applicable,Not Applicable,No,Not Applicable,284,Cash,44,4.5,3.3
2024-07-24 09:54:00,CNR8816345718,Success,CID313051,Auto,Tumkur Road,Hennur,266.0,130.0,Not Applicable,Not Applicable,No,Not Applicable,459,UPI,12,3.7,3.2
2024-07-02 04:28:00,CNR2283964203,Driver Not Found,CID914402,Mini,Kammanahalli,Majestic,,,Not Applicable,Not Applicable,Not Applicable,Not Applicable,143,Not Applicable,0,,
2024-07-24 00:59:00,CNR5603827516,Success,CID806918,Prime Sedan,Marathahalli,Rajarajeshwari Nagar,161.0,40.0,Not Applicable,Not Applicable,No,Not Applicable,216,Cash,20,3.3,3.2
2024-07-11 10:08:00,CNR6300071218,Success,CID935324,Auto,Rajarajeshwari Nagar,Whitefield,217.0,120.0,Not Applicable,Not Applicable,No,Not Applicable,401,UPI,18,3.1,3.7
2024-07-17 03:01:00,CNR6367754632,Success,CID511649,Mini,HSR Layout,Peenya,140.0,50.0,Not Applicable,Not Applicable,No,Not Applicable,225,Cash,27,4.6,5.0
2024-07-13 18:26:00,CNR2016952255,Success,CID406877,Prime SUV,Marathahalli,Malleshwaram,287.0,80.0,Not Applicable,Not Applicable,No,Not Applicable,786,Cash,28,4.6,4.5
2024-07-09 13:31:00,CNR3525534722,Success,CID672411,Mini,Ramamurthy Nagar,Yeshwanthpur,112.0,145.0,Not Applicable,Not Applicable,No,Not Applicable,1447,UPI,43,4.5,3.5
2024-07-05 06:51:00,CNR2777581937,Success,CID380141,Prime Sedan,Hennur,Devanahalli,112.0,140.0,Not Applicable,Not Applicable,No,Not Applicable,2987,Cash,47,4.1,3.2
2024-07-16 01:03:00,CNR1426278878,Canceled by Driver,CID689466,Mini,Kadugodi,Whitefield,,,Not Applicable,More than permitted people in there,Not Applicable,Not Applicable,468,Not Applicable,0,,
2024-07-21 19:01:00,CNR3053660329,Canceled by Driver,CID228665,eBike,Sahakar Nagar,Yelahanka,,,Not Applicable,Personal & Car related issue,Not Applicable,Not Applicable,2713,Not Applicable,0,,
2024-07-06 11:42:00,CNR7451842697,Canceled by Driver,CID158391,Prime SUV,Richmond Town,Shantinagar,,,Not Applicable,Customer related issue,Not Applicable,Not Applicable,926,Not Applicable,0,,
2024-07-07 01:15:00,CNR1848217581,Success,CID656839,Prime SUV,Sarjapur Road,Jayanagar,252.0,135.0,Not Applicable,Not Applicable,No,Not Applicable,641,UPI,10,4.2,4.7
2024-07-19 00:39:00,CNR3548695440,Success,CID184386,Auto,Bannerghatta Road,Jayanagar,112.0,140.0,Not Applicable,Not Applicable,No,Not Applicable,681,UPI,7,4.9,3.2
2024-07-10 13:48:00,CNR8888277752,Success,CID736658,Prime SUV,Shivajinagar,Koramangala,287.0,30.0,Not Applicable,Not Applicable,No,Not Applicable,2351,Cash,2,4.8,4.3
2024-07-07 13:08:00,CNR2298726993,Success,CID390053,Auto,Marathahalli,BTM Layout,105.0,90.0,Not Applicable,Not Applicable,No,Not Applicable,299,UPI,1,4.5,4.2
2024-07-23 17:03:00,CNR7510045120,Success,CID678607,Prime Plus,Whitefield,Kammanahalli,154.0,135.0,Not Applicable,Not Applicable,No,Not Applicable,149,Cash,45,4.0,3.4
2024-07-02 10:01:00,CNR6824337402,Canceled by Driver,CID525669,Auto,Shivajinagar,Electronic City,,,Not Applicable,Personal & Car related issue,Not Applicable,Not Applicable,171,Not Applicable,0,,
2024-07-06 06:53:00,CNR3756891480,Driver Not Found,CID249823,Prime SUV,Magadi Road,Kadugodi,,,Not Applicable,Not Applicable,Not Applicable,Not Applicable,2997,Not Applicable,0,,
2024-07-03 02:12:00,CNR5779284772,Success,CID609990,Mini,Ramamurthy Nagar,Yelahanka,294.0,60.0,Not Applicable,Not Applicable,No,Not Applicable,374,Cash,41,4.5,3.9
2024-07-20 02:45:00,CNR4961925510,Success,CID691871,Mini,Shivajinagar,BTM Layout,168.0,90.0,Not Applicable,Not Applicable,No,Not Applicable,201,Cash,25,3.6,3.5
2024-07-01 02:12:00,CNR2122507824,Canceled by Customer,CID177414,Prime SUV,Varthur,Yelahanka,,,Driver is not moving towards pickup location,Not Applicable,Not Applicable,Not Applicable,777,Not Applicable,0,,
2024-07-10 01:14:00,CNR1405953859,Canceled by Driver,CID638003,Bike,Electronic City,Shantinagar,,,Not Applicable,Personal & Car related issue,Not Applicable,Not Applicable,499,Not Applicable,0,,
2024-07-09 18:40:00,CNR7564291480,Canceled by Driver,CID151127,Prime Plus,Hennur,Sahakar Nagar,,,Not Applicable,Personal & Car related issue,Not Applicable,Not Applicable,614,Not Applicable,0,,
2024-07-13 09:59:00,CNR1306185248,Success,CID392426,Prime SUV,Ulsoor,Bellandur,301.0,80.0,Not Applicable,Not Applicable,No,Not Applicable,876,Credit Card,18,4.5,3.9
2024-07-21 04:36:00,CNR5846474486,Canceled by Driver,CID309753,Mini,Kengeri,Hulimavu,,,Not Applicable,Customer related issue,Not Applicable,Not Applicable,316,Not Applicable,0,,
2024-07-05 23:44:00,CNR7227550273,Success,CID749634,Bike,Basavanagudi,Frazer Town,287.0,35.0,Not Applicable,Not Applicable,No,Not Applicable,116,Cash,4,4.6,4.9
2024-07-28 18:33:00,CNR9044945060,Canceled by Driver,CID384976,Prime Plus,Langford Town,Peenya,,,Not Applicable,Customer related issue,Not Applicable,Not Applicable,284,Not Applicable,0,,
2024-07-24 20:24:00,CNR5054452939,Canceled by Customer,CID289425,Auto,Whitefield,RT Nagar,,,Driver asked to cancel,Not Applicable,Not Applicable,Not Applicable,536,Not Applicable,0,,
2024-07-13 20:16:00,CNR1958369988,Canceled by Driver,CID101926,Prime SUV,Rajajinagar,BTM Layout,,,Not Applicable,Customer was coughing/sick,Not Applicable,Not Applicable,400,Not Applicable,0,,
2024-07-17 12:59:00,CNR9356336440,Success,CID182785,Prime Sedan,Ulsoor,Basavanagudi,280.0,95.0,Not Applicable,Not Applicable,No,Not Applicable,2089,UPI,5,3.5,3.7
2024-07-30 02:23:00,CNR8771280014,Driver Not Found,CID511905,Bike,Richmond Town,Devanahalli,,,Not Applicable,Not Applicable,Not Applicable,Not Applicable,428,Not Applicable,0,,
2024-07-23 05:33:00,CNR3751556122,Success,CID900374,eBike,Hosur Road,Ulsoor,147.0,45.0,Not Applicable,Not Applicable,No,Not Applicable,382,UPI,22,3.1,3.2
2024-07-20 04:38:00,CNR2311474244,Success,CID519984,Prime SUV,Yeshwanthpur,Richmond Town,56.0,95.0,Not Applicable,Not Applicable,No,Not Applicable,276,Cash,33,4.2,3.4
2024-07-10 08:49:00,CNR4782545190,Canceled by Customer,CID134338,Mini,Magadi Road,Majestic,,,Wrong Address,Not Applicable,Not Applicable,Not Applicable,138,Not Applicable,0,,
2024-07-10 23:35:00,CNR2776836738,Success,CID525957,Prime SUV,Varthur,Bellandur,112.0,100.0,Not Applicable,Not Applicable,No,Not Applicable,599,Cash,1,3.4,3.1
2024-07-24 17:42:00,CNR1580268664,Canceled by Customer,CID525867,Bike,Koramangala,Bannerghatta Road,,,Driver is not moving towards pickup location,Not Applicable,Not Applicable,Not Applicable,196,Not Applicable,0,,
2024-07-17 06:03:00,CNR5989428860,Success,CID231334,Prime Sedan,Majestic,Sarjapur Road,301.0,130.0,Not Applicable,Not Applicable,No,Not Applicable,456,Cash,29,3.4,4.5
2024-07-29 15:45:00,CNR8456741183,Success,CID975089,Prime SUV,BTM Layout,Rajajinagar,308.0,130.0,Not Applicable,Not Applicable,No,Not Applicable,393,UPI,47,4.2,3.4
2024-07-01 16:17:00,CNR4194972044,Success,CID464632,Bike,Vijayanagar,RT Nagar,70.0,135.0,Not Applicable,Not Applicable,No,Not Applicable,398,UPI,1,3.2,3.9
2024-07-01 05:53:00,CNR7467755532,Success,CID654439,Prime Sedan,Peenya,Banashankari,231.0,65.0,Not Applicable,Not Applicable,Yes,Other Issue,172,Cash,35,3.4,4.8
2024-07-12 17:38:00,CNR3663487410,Success,CID896927,Prime Sedan,Whitefield,Padmanabhanagar,140.0,45.0,Not Applicable,Not Applicable,No,Not Applicable,944,UPI,26,3.2,3.8
2024-07-11 07:25:00,CNR1806501192,Success,CID832769,Prime SUV,Langford Town,Nagarbhavi,238.0,85.0,Not Applicable,Not Applicable,No,Not Applicable,214,UPI,8,3.7,3.6
2024-07-06 19:03:00,CNR3013388684,Success,CID818583,Prime SUV,RT Nagar,Electronic City,63.0,35.0,Not Applicable,Not Applicable,Yes,Vehicle Breakdown,711,Cash,21,3.7,3.4
2024-07-30 07:56:00,CNR7850113486,Success,CID234741,Prime Plus,Peenya,Kengeri,42.0,70.0,Not Applicable,Not Applicable,No,Not Applicable,368,UPI,21,3.4,3.8
2024-07-15 15:48:00,CNR8901492581,Driver Not Found,CID799006,Bike,Whitefield,Indiranagar,,,Not Applicable,Not Applicable,Not Applicable,Not Applicable,199,Not Applicable,0,,
2024-07-15 06:53:00,CNR6736528365,Success,CID995671,Prime Plus,Rajarajeshwari Nagar,Ramamurthy Nagar,196.0,70.0,Not Applicable,Not Applicable,No,Not Applicable,797,UPI,48,4.1,3.9
2024-07-01 12:02:00,CNR7906850680,Success,CID264843,Mini,Marathahalli,Hebbal,301.0,145.0,Not Applicable,Not Applicable,No,Not Applicable,898,UPI,4,4.3,4.8
2024-07-30 00:57:00,CNR1549910100,Driver Not Found,CID569109,Prime SUV,Sarjapur Road,MG Road,,,Not Applicable,Not Applicable,Not Applicable,Not Applicable,267,Not Applicable,0,,
2024-07-20 19:55:00,CNR3803640064,Success,CID758597,Auto,Padmanabhanagar,Rajarajeshwari Nagar,266.0,40.0,Not Applicable,Not Applicable,Yes,Customer Demand,232,UPI,6,3.4,4.3
2024-07-19 02:31:00,CNR7634536660,Success,CID201924,Prime Sedan,Koramangala,Marathahalli,210.0,60.0,Not Applicable,Not Applicable,No,Not Applicable,2972,Credit Card,9,3.4,3.4
2024-07-06 00:04:00,CNR2942981211,Success,CID304190,Mini,Langford Town,Richmond Town,42.0,130.0,Not Applicable,Not Applicable,No,Not Applicable,904,UPI,37,3.2,3.3
2024-07-02 00:57:00,CNR7700721813,Success,CID665724,Prime Plus,Hulimavu,Shivajinagar,294.0,45.0,Not Applicable,Not Applicable,No,Not Applicable,188,UPI,10,4.9,4.4
2024-07-30 16:15:00,CNR8121876098,Success,CID126822,Prime Sedan,Yeshwanthpur,Chamarajpet,287.0,110.0,Not Applicable,Not Applicable,No,Not Applicable,532,Cash,12,3.2,3.2
2024-07-25 09:51:00,CNR4819987570,Canceled by Driver,CID924166,Mini,Langford Town,Mysore Road,,,Not Applicable,Personal & Car related issue,Not Applicable,Not Applicable,103,Not Applicable,0,,
2024-07-23 22:49:00,CNR9428266561,Canceled by Driver,CID141940,Prime Plus,Ramamurthy Nagar,KR Puram,,,Not Applicable,More than permitted people in there,Not Applicable,Not Applicable,268,Not Applicable,0,,
2024-07-07 12:38:00,CNR9414699946,Driver Not Found,CID145785,Prime Sedan,Rajarajeshwari Nagar,Jayanagar,,,Not Applicable,Not Applicable,Not Applicable,Not Applicable,113,Not Applicable,0,,
2024-07-21 11:10:00,CNR9389544669,Success,CID865426,Prime Sedan,HSR Layout,Nagarbhavi,231.0,70.0,Not Applicable,Not Applicable,No,Not Applicable,177,Cash,5,4.9,3.0
2024-07-24 11:10:00,CNR3947749860,Success,CID296815,eBike,Hebbal,Kammanahalli,63.0,25.0,Not Applicable,Not Applicable,No,Not Applicable,1386,UPI,48,3.2,4.5
2024-07-06 18:41:00,CNR6236107517,Canceled by Driver,CID757989,Auto,Ramamurthy Nagar,Kengeri,,,Not Applicable,More than permitted people in there,Not Applicable,Not Applicable,262,Not Applicable,0,,
2024-07-02 19:04:00,CNR9137057543,Success,CID735431,Bike,Yelahanka,Chamarajpet,49.0,55.0,Not Applicable,Not Applicable,No,Not Applicable,159,Debit Card,32,3.7,3.1
2024-07-24 22:59:00,CNR5881754553,Canceled by Customer,CID223070,Bike,Hosur Road,Electronic City,,,Change of plans,Not Applicable,Not Applicable,Not Applicable,2197,Not Applicable,0,,
2024-07-14 05:27:00,CNR1259374955,Canceled by Driver,CID580112,Prime Plus,Kengeri,Nagarbhavi,,,Not Applicable,Personal & Car related issue,Not Applicable,Not Applicable,186,Not Applicable,0,,
2024-07-14 19:46:00,CNR4788450853,Canceled by Driver,CID524897,Prime Plus,Padmanabhanagar,Hosur Road,,,Not Applicable,Customer related issue,Not Applicable,Not Applicable,440,Not Applicable,0,,
2024-07-11 16:41:00,CNR7939865646,Success,CID282605,Auto,Jayanagar,MG Road,196.0,25.0,Not Applicable,Not Applicable,No,Not Applicable,648,UPI,13,4.8,4.8
2024-07-01 04:03:00,CNR2903110105,Success,CID422594,Prime Sedan,Mysore Road,Peenya,119.0,100.0,Not Applicable,Not Applicable,Yes,Vehicle Breakdown,152,Cash,19,3.4,4.8
2024-07-03 08:39:00,CNR8149868434,Canceled by Customer,CID182635,Auto,Hulimavu,Banashankari,,,Wrong Address,Not Applicable,Not Applicable,Not Applicable,1363,Not Applicable,0,,
2024-07-04 10:22:00,CNR1296866790,Success,CID996585,Bike,Kengeri,Chamarajpet,42.0,110.0,Not Applicable,Not Applicable,No,Not Applicable,1995,Cash,31,3.8,3.1
2024-07-09 08:52:00,CNR9968558780,Success,CID830204,Prime SUV,JP Nagar,Kadugodi,77.0,70.0,Not Applicable,Not Applicable,No,Not Applicable,699,Cash,16,4.6,3.8
2024-07-03 22:27:00,CNR2353041895,Success,CID362513,Prime Sedan,Sarjapur Road,Peenya,77.0,80.0,Not Applicable,Not Applicable,No,Not Applicable,2916,UPI,16,3.4,4.8
2024-07-08 09:33:00,CNR8039880820,Success,CID129775,eBike,Chamarajpet,Langford Town,308.0,140.0,Not Applicable,Not Applicable,No,Not Applicable,955,UPI,27,4.2,3.8
2024-07-26 10:08:00,CNR7616589420,Driver Not Found,CID681416,eBike,Ramamurthy Nagar,MG Road,,,Not Applicable,Not Applicable,Not Applicable,Not Applicable,158,Not Applicable,0,,
2024-07-02 01:52:00,CNR3640149080,Success,CID564769,Prime SUV,Bellandur,MG Road,196.0,125.0,Not Applicable,Not Applicable,No,Not Applicable,1057,UPI,39,4.4,3.7
2024-07-17 04:43:00,CNR1919496477,Driver Not Found,CID532002,Auto,Ramamurthy Nagar,Devanahalli,,,Not Applicable,Not Applicable,Not Applicable,Not Applicable,565,Not Applicable,0,,
2024-07-03 04:50:00,CNR4041938118,Success,CID348027,eBike,Peenya,Yeshwanthpur,266.0,45.0,Not Applicable,Not Applicable,No,Not Applicable,677,UPI,47,3.4,4.3
2024-07-05 07:35:00,CNR3551280239,Success,CID204575,Prime Sedan,Kengeri,Hulimavu,84.0,65.0,Not Applicable,Not Applicable,No,Not Applicable,115,UPI,1,4.5,4.3
2024-07-06 17:05:00,CNR2685555603,Canceled by Customer,CID124857,Prime SUV,RT Nagar,HSR Layout,,,Change of plans,Not Applicable,Not Applicable,Not Applicable,824,Not Applicable,0,,
2024-07-27 04:38:00,CNR2563559953,Success,CID265253,Prime Sedan,Yelahanka,Frazer Town,273.0,55.0,Not Applicable,Not Applicable,No,Not Applicable,455,Cash,24,3.0,4.9
2024-07-24 20:33:00,CNR1992101560,Success,CID674451,eBike,Electronic City,Shantinagar,70.0,90.0,Not Applicable,Not Applicable,No,Not Applicable,284,Cash,26,4.9,3.5
2024-07-10 07:02:00,CNR2413782447,Canceled by Driver,CID254415,Prime SUV,Ulsoor,Varthur,,,Not Applicable,Customer related issue,Not Applicable,Not Applicable,341,Not Applicable,0,,
2024-07-12 12:49:00,CNR1936791986,Success,CID503381,Auto,Frazer Town,Banashankari,91.0,145.0,Not Applicable,Not Applicable,No,Not Applicable,264,Cash,1,4.4,3.4
2024-07-28 02:06:00,CNR4076466397,Canceled by Driver,CID831881,Prime SUV,HSR Layout,Marathahalli,,,Not Applicable,Customer was coughing/sick,Not Applicable,Not Applicable,371,Not Applicable,0,,
2024-07-13 09:43:00,CNR8553114675,Success,CID901569,eBike,Kengeri,Kengeri,35.0,120.0,Not Applicable,Not Applicable,No,Not Applicable,118,Cash,28,3.2,3.5
2024-07-09 09:47:00,CNR2647284029,Success,CID422313,Mini,Chamarajpet,Rajajinagar,49.0,125.0,Not Applicable,Not Applicable,No,Not Applicable,976,Credit Card,21,3.8,4.6
2024-07-20 11:49:00,CNR2397600185,Driver Not Found,CID475570,Auto,Vijayanagar,Sarjapur Road,,,Not Applicable,Not Applicable,Not Applicable,Not Applicable,728,Not Applicable,0,,
2024-07-15 22:49:00,CNR1450201822,Driver Not Found,CID624119,Mini,Indiranagar,Hosur Road,,,Not Applicable,Not Applicable,Not Applicable,Not Applicable,293,Not Applicable,0,,
2024-07-14 13:22:00,CNR3207619586,Canceled by Driver,CID878496,Prime Plus,Jayanagar,Frazer Town,,,Not Applicable,Customer was coughing/sick,Not Applicable,Not Applicable,101,Not Applicable,0,,
2024-07-21 10:31:00,CNR9435691872,Success,CID384221,Prime Sedan,Hebbal,Nagarbhavi,147.0,95.0,Not Applicable,Not Applicable,No,Not Applicable,759,Cash,47,3.9,3.0
2024-07-16 16:20:00,CNR9543825158,Success,CID349631,Prime SUV,Kadugodi,Kammanahalli,133.0,140.0,Not Applicable,Not Applicable,No,Not Applicable,129,UPI,16,4.2,3.7
2024-07-07 07:04:00,CNR1277571236,Success,CID505851,Mini,Koramangala,Richmond Town,91.0,55.0,Not Applicable,Not Applicable,No,Not Applicable,271,Cash,6,4.2,4.8
2024-07-26 11:34:00,CNR8539813053,Success,CID715962,Auto,Vijayanagar,Koramangala,105.0,120.0,Not Applicable,Not Applicable,No,Not Applicable,111,Cash,17,4.6,4.3
2024-07-03 12:21:00,CNR6182518202,Canceled by Customer,CID799472,Auto,Richmond Town,HSR Layout,,,Change of plans,Not Applicable,Not Applicable,Not Applicable,185,Not Applicable,0,,
2024-07-15 07:54:00,CNR8571598541,Success,CID424492,Bike,Tumkur Road,Yeshwanthpur,287.0,120.0,Not Applicable,Not Applicable,No,Not Applicable,627,UPI,47,3.6,3.6
2024-07-05 20:37:00,CNR3704420446,Canceled by Driver,CID660891,Bike,Kammanahalli,Jayanagar,,,Not Applicable,Customer was coughing/sick,Not Applicable,Not Applicable,209,Not Applicable,0,,
2024-07-19 10:43:00,CNR8172466079,Success,CID258849,Bike,Padmanabhanagar,Yelahanka,133.0,65.0,Not Applicable,Not Applicable,No,Not Applicable,382,Cash,20,4.4,3.8
2024-07-18 16:02:00,CNR4566736938,Success,CID297727,Prime Sedan,Frazer Town,Shantinagar,98.0,45.0,Not Applicable,Not Applicable,No,Not Applicable,2374,Cash,41,3.4,4.0
2024-07-08 17:42:00,CNR7257838333,Canceled by Customer,CID647992,Prime SUV,Kadugodi,Peenya,,,AC is Not working,Not Applicable,Not Applicable,Not Applicable,789,Not Applicable,0,,
2024-07-19 22:27:00,CNR2628913904,Driver Not Found,CID150439,eBike,Electronic City,Indiranagar,,,Not Applicable,Not Applicable,Not Applicable,Not Applicable,986,Not Applicable,0,,
2024-07-07 01:24:00,CNR7622103769,Success,CID231007,eBike,Hennur,Tumkur Road,224.0,105.0,Not Applicable,Not Applicable,No,Not Applicable,477,Cash,33,3.8,4.0
2024-07-27 07:42:00,CNR8060992982,Success,CID807396,Auto,KR Puram,Hebbal,238.0,40.0,Not Applicable,Not Applicable,No,Not Applicable,445,Cash,10,3.3,3.7
2024-07-17 11:12:00,CNR1770394553,Success,CID453304,Bike,Langford Town,Sahakar Nagar,182.0,30.0,Not Applicable,Not Applicable,No,Not Applicable,420,UPI,31,3.5,4.6
2024-07-30 12:32:00,CNR6944635877,Success,CID238650,Prime Sedan,Tumkur Road,Padmanabhanagar,308.0,45.0,Not Applicable,Not Applicable,No,Not Applicable,443,Cash,18,4.3,3.1
2024-07-22 07:16:00,CNR6457973964,Success,CID767239,Prime Plus,Cox Town,Hebbal,252.0,45.0,Not Applicable,Not Applicable,No,Not Applicable,290,UPI,19,5.0,4.8
2024-07-24 14:00:00,CNR5429515713,Success,CID847694,eBike,Kadugodi,Malleshwaram,245.0,25.0,Not Applicable,Not Applicable,No,Not Applicable,423,Cash,13,4.6,4.2
2024-07-05 00:49:00,CNR6139952830,Success,CID909549,Prime Sedan,Chamarajpet,Majestic,49.0,100.0,Not Applicable,Not Applicable,No,Not Applicable,142,Credit Card,40,4.6,3.3
2024-07-28 10:39:00,CNR4265831053,Success,CID616306,Prime Plus,Ulsoor,Langford Town,91.0,80.0,Not Applicable,Not Applicable,No,Not Applicable,741,UPI,18,3.8,4.1
2024-07-20 05:26:00,CNR2100704689,Driver Not Found,CID263642,Mini,Kengeri,Bellandur,,,Not Applicable,Not Applicable,Not Applicable,Not Applicable,160,Not Applicable,0,,
2024-07-14 14:42:00,CNR4421216689,Success,CID333063,Prime Plus,Peenya,Rajajinagar,252.0,130.0,Not Applicable,Not Applicable,No,Not Applicable,131,UPI,4,3.9,4.8
2024-07-21 00:44:00,CNR8670412858,Canceled by Customer,CID468560,eBike,Yeshwanthpur,Shantinagar,,,Driver is not moving towards pickup location,Not Applicable,Not Applicable,Not Applicable,698,Not Applicable,0,,
2024-07-09 23:53:00,CNR8028712481,Canceled by Driver,CID793215,Bike,Varthur,Tumkur Road,,,Not Applicable,More than permitted people in there,Not Applicable,Not Applicable,1588,Not Applicable,0,,
2024-07-07 17:17:00,CNR9223784777,Canceled by Customer,CID309835,Mini,Hebbal,Sahakar Nagar,,,Driver asked to cancel,Not Applicable,Not Applicable,Not Applicable,2220,Not Applicable,0,,
2024-07-29 00:46:00,CNR2552217729,Success,CID569383,Mini,Padmanabhanagar,MG Road,231.0,140.0,Not Applicable,Not Applicable,No,Not Applicable,1776,Cash,3,4.1,4.8
2024-07-05 00:42:00,CNR7560722038,Canceled by Driver,CID801401,Auto,Ulsoor,Malleshwaram,,,Not Applicable,Personal & Car related issue,Not Applicable,Not Applicable,482,Not Applicable,0,,
2024-07-08 08:21:00,CNR1653429965,Canceled by Driver,CID268328,Auto,Devanahalli,Whitefield,,,Not Applicable,Personal & Car related issue,Not Applicable,Not Applicable,589,Not Applicable,0,,
2024-07-11 23:55:00,CNR6749956081,Canceled by Driver,CID142581,Auto,HSR Layout,Marathahalli,,,Not Applicable,Personal & Car related issue,Not Applicable,Not Applicable,354,Not Applicable,0,,
2024-07-16 23:36:00,CNR7395762597,Success,CID441555,Prime SUV,Banashankari,KR Puram,217.0,45.0,Not Applicable,Not Applicable,No,Not Applicable,189,UPI,40,3.5,4.8
2024-07-19 02:50:00,CNR8046714811,Success,CID419105,Bike,MG Road,Kadugodi,112.0,80.0,Not Applicable,Not Applicable,No,Not Applicable,210,Credit Card,15,4.4,3.6
2024-07-22 22:17:00,CNR2756208479,Success,CID824309,Auto,Bannerghatta Road,Hennur,294.0,95.0,Not Applicable,Not Applicable,No,Not Applicable,211,Cash,17,4.9,3.6
2024-07-24 10:27:00,CNR9504804173,Success,CID448980,Prime Sedan,Nagarbhavi,Koramangala,147.0,120.0,Not Applicable,Not Applicable,No,Not Applicable,944,UPI,21,4.3,4.8
2024-07-28 02:20:00,CNR3656621516,Success,CID843705,eBike,Padmanabhanagar,Kengeri,224.0,30.0,Not Applicable,Not Applicable,No,Not Applicable,257,Cash,26,3.5,3.7
2024-07-17 00:21:00,CNR3857438939,Success,CID803755,Bike,Kammanahalli,KR Puram,280.0,90.0,Not Applicable,Not Applicable,No,Not Applicable,921,Cash,35,3.7,3.8
2024-07-27 13:11:00,CNR9183894468,Success,CID579326,eBike,Hulimavu,JP Nagar,224.0,110.0,Not Applicable,Not Applicable,No,Not Applicable,238,Cash,13,4.3,3.9
2024-07-07 02:23:00,CNR4560688228,Canceled by Driver,CID752480,Prime Sedan,Malleshwaram,Indiranagar,,,Not Applicable,Customer was coughing/sick,Not Applicable,Not Applicable,969,Not Applicable,0,,
2024-07-22 07:33:00,CNR5669501124,Canceled by Driver,CID949186,Mini,Cox Town,Basavanagudi,,,Not Applicable,Customer related issue,Not Applicable,Not Applicable,957,Not Applicable,0,,
2024-07-16 07:33:00,CNR7097855207,Success,CID372694,Bike,KR Puram,Padmanabhanagar,196.0,120.0,Not Applicable,Not Applicable,No,Not Applicable,1904,UPI,12,4.9,3.9
2024-07-01 10:13:00,CNR9462119863,Canceled by Driver,CID810350,Auto,KR Puram,RT Nagar,,,Not Applicable,Personal & Car related issue,Not Applicable,Not Applicable,143,Not Applicable,0,,
2024-07-25 17:27:00,CNR7126445176,Canceled by Customer,CID156269,Auto,KR Puram,Indiranagar,,,Driver is not moving towards pickup location,Not Applicable,Not Applicable,Not Applicable,945,Not Applicable,0,,
2024-07-25 08:22:00,CNR5677138129,Canceled by Customer,CID787725,eBike,Indiranagar,Banashankari,,,AC is Not working,Not Applicable,Not Applicable,Not Applicable,448,Not Applicable,0,,
2024-07-20 20:00:00,CNR6956290113,Success,CID730629,Prime SUV,Majestic,Banashankari,196.0,120.0,Not Applicable,Not Applicable,No,Not Applicable,760,UPI,9,3.1,4.1
2024-07-01 07:56:00,CNR8342353841,Success,CID976644,Mini,Hebbal,Kammanahalli,273.0,85.0,Not Applicable,Not Applicable,No,Not Applicable,2194,Debit Card,45,3.7,4.7
2024-07-11 04:35:00,CNR2221970073,Success,CID370674,Prime Sedan,Kammanahalli,Hennur,287.0,110.0,Not Applicable,Not Applicable,No,Not Applicable,286,Cash,32,3.5,4.0
2024-07-02 23:15:00,CNR8649374265,Success,CID911311,Auto,Peenya,Hennur,203.0,40.0,Not Applicable,Not Applicable,No,Not Applicable,278,UPI,16,3.4,3.2
2024-07-28 20:40:00,CNR1134545890,Canceled by Driver,CID839322,Prime SUV,Jayanagar,Shivajinagar,,,Not Applicable,Personal & Car related issue,Not Applicable,Not Applicable,203,Not Applicable,0,,
2024-07-17 10:58:00,CNR6765006819,Driver Not Found,CID403620,Prime Plus,Chickpet,Jayanagar,,,Not Applicable,Not Applicable,Not Applicable,Not Applicable,1808,Not Applicable,0,,
2024-07-23 05:00:00,CNR8443169556,Driver Not Found,CID982058,Mini,Devanahalli,Hebbal,,,Not Applicable,Not Applicable,Not Applicable,Not Applicable,681,Not Applicable,0,,
2024-07-04 18:52:00,CNR7682315566,Success,CID253281,Auto,KR Puram,Shantinagar,301.0,35.0,Not Applicable,Not Applicable,No,Not Applicable,361,Cash,10,3.6,3.7
2024-07-02 20:31:00,CNR1320215496,Success,CID772958,Auto,Marathahalli,Tumkur Road,287.0,75.0,Not Applicable,Not Applicable,No,Not Applicable,909,UPI,12,3.5,4.0
2024-07-06 02:35:00,CNR6709609317,Success,CID820438,Auto,Mysore Road,Chamarajpet,217.0,65.0,Not Applicable,Not Applicable,No,Not Applicable,170,UPI,13,4.1,3.9
2024-07-21 00:07:00,CNR6807915229,Canceled by Customer,CID570894,eBike,Mysore Road,Devanahalli,,,Driver asked to cancel,Not Applicable,Not Applicable,Not Applicable,2339,Not Applicable,0,,
2024-07-17 01:29:00,CNR8199707322,Success,CID498641,Mini,Hulimavu,BTM Layout,301.0,65.0,Not Applicable,Not Applicable,No,Not Applicable,245,Cash,32,3.6,3.0
2024-07-29 14:52:00,CNR6461221867,Success,CID542531,Prime Plus,Mysore Road,Magadi Road,168.0,35.0,Not Applicable,Not Applicable,No,Not Applicable,371,Cash,45,3.3,3.1
2024-07-19 03:20:00,CNR5945796684,Success,CID456328,Bike,Shivajinagar,Banashankari,231.0,25.0,Not Applicable,Not Applicable,No,Not Applicable,280,UPI,24,4.0,4.7
2024-07-19 18:44:00,CNR5173457252,Canceled by Driver,CID493352,Auto,Ulsoor,Jayanagar,,,Not Applicable,Customer related issue,Not Applicable,Not Applicable,119,Not Applicable,0,,
2024-07-11 08:11:00,CNR3741299089,Driver Not Found,CID602016,Prime Sedan,Magadi Road,Electronic City,,,Not Applicable,Not Applicable,Not Applicable,Not Applicable,382,Not Applicable,0,,
2024-07-15 17:44:00,CNR5367286652,Success,CID922698,eBike,Whitefield,HSR Layout,63.0,90.0,Not Applicable,Not Applicable,Yes,Customer Demand,2835,UPI,3,4.0,3.3
2024-07-11 23:52:00,CNR3992685009,Success,CID414254,eBike,Yelahanka,Yelahanka,210.0,75.0,Not Applicable,Not Applicable,No,Not Applicable,277,Cash,45,3.4,4.4
2024-07-25 14:18:00,CNR4372485899,Success,CID807727,eBike,Devanahalli,Malleshwaram,273.0,40.0,Not Applicable,Not Applicable,No,Not Applicable,166,Cash,15,3.2,4.4
2024-07-08 09:48:00,CNR9963354363,Canceled by Customer,CID753906,Prime Plus,Hebbal,Hebbal,,,Change of plans,Not Applicable,Not Applicable,Not Applicable,766,Not Applicable,0,,
2024-07-09 00:04:00,CNR6283276839,Success,CID403480,Prime SUV,Banashankari,Koramangala,42.0,45.0,Not Applicable,Not Applicable,No,Not Applicable,445,UPI,35,3.1,3.6
2024-07-02 19:29:00,CNR1354451583,Canceled by Driver,CID778726,Bike,MG Road,Shantinagar,,,Not Applicable,Personal & Car related issue,Not Applicable,Not Applicable,634,Not Applicable,0,,
2024-07-21 20:27:00,CNR8082447850,Driver Not Found,CID254032,Auto,Varthur,Shantinagar,,,Not Applicable,Not Applicable,Not Applicable,Not Applicable,563,Not Applicable,0,,
2024-07-04 15:17:00,CNR7175710707,Driver Not Found,CID503882,Mini,Sarjapur Road,Padmanabhanagar,,,Not Applicable,Not Applicable,Not Applicable,Not Applicable,243,Not Applicable,0,,
2024-07-16 16:37:00,CNR1665233919,Driver Not Found,CID522296,eBike,Cox Town,Kadugodi,,,Not Applicable,Not Applicable,Not Applicable,Not Applicable,368,Not Applicable,0,,
2024-07-14 08:30:00,CNR9916677584,Success,CID305285,Auto,KR Puram,KR Puram,70.0,35.0,Not Applicable,Not Applicable,No,Not Applicable,860,Cash,18,4.0,3.7
2024-07-20 07:55:00,CNR4756801448,Success,CID178051,Auto,Basavanagudi,Hulimavu,140.0,70.0,Not Applicable,Not Applicable,No,Not Applicable,422,UPI,13,4.0,4.2
2024-07-11 00:26:00,CNR9370215304,Success,CID861743,Bike,Ramamurthy Nagar,Shivajinagar,217.0,45.0,Not Applicable,Not Applicable,No,Not Applicable,123,Cash,17,4.0,4.7
2024-07-06 11:14:00,CNR1802910845,Success,CID730246,eBike,Marathahalli,Electronic City,49.0,110.0,Not Applicable,Not Applicable,No,Not Applicable,543,UPI,46,4.7,4.6
2024-07-19 21:46:00,CNR3169170022,Success,CID378315,Prime Sedan,Basavanagudi,KR Puram,140.0,40.0,Not Applicable,Not Applicable,No,Not Applicable,837,UPI,11,3.9,4.3
2024-07-23 22:31:00,CNR5711620615,Canceled by Driver,CID764815,Prime SUV,Tumkur Road,Kadugodi,,,Not Applicable,Personal & Car related issue,Not Applicable,Not Applicable,285,Not Applicable,0,,
2024-07-18 07:00:00,CNR4859022248,Success,CID293230,Mini,MG Road,Basavanagudi,301.0,50.0,Not Applicable,Not Applicable,No,Not Applicable,153,Credit Card,19,3.1,3.6
2024-07-21 20:56:00,CNR1429427873,Success,CID629226,Prime SUV,Tumkur Road,Langford Town,189.0,55.0,Not Applicable,Not Applicable,No,Not Applicable,309,Cash,12,4.3,5.0
2024-07-04 07:47:00,CNR5092468086,Canceled by Customer,CID562213,Prime Plus,Peenya,Malleshwaram,,,Change of plans,Not Applicable,Not Applicable,Not Applicable,2399,Not Applicable,0,,
2024-07-26 20:28:00,CNR6432546831,Success,CID944254,Mini,Padmanabhanagar,RT Nagar,63.0,60.0,Not Applicable,Not Applicable,No,Not Applicable,830,UPI,34,3.1,3.5
2024-07-28 11:06:00,CNR9361392328,Success,CID212466,Prime Sedan,Varthur,Sahakar Nagar,238.0,105.0,Not Applicable,Not Applicable,No,Not Applicable,450,UPI,30,4.9,3.6
2024-07-18 15:36:00,CNR3678762425,Driver Not Found,CID747558,Mini,KR Puram,Jayanagar,,,Not Applicable,Not Applicable,Not Applicable,Not Applicable,484,Not Applicable,0,,
2024-07-06 19:01:00,CNR2676011320,Canceled by Driver,CID328749,Prime Plus,Malleshwaram,Magadi Road,,,Not Applicable,More than permitted people in there,Not Applicable,Not Applicable,845,Not Applicable,0,,
2024-07-24 07:05:00,CNR6672940717,Driver Not Found,CID853252,Prime Sedan,Basavanagudi,Chickpet,,,Not Applicable,Not Applicable,Not Applicable,Not Applicable,339,Not Applicable,0,,
2024-07-26 14:04:00,CNR1894724320,Success,CID544057,Auto,Hebbal,Vijayanagar,112.0,60.0,Not Applicable,Not Applicable,No,Not Applicable,2539,UPI,17,4.3,4.4
2024-07-03 05:40:00,CNR8459741593,Success,CID556641,Prime SUV,Whitefield,Hennur,252.0,65.0,Not Applicable,Not Applicable,No,Not Applicable,354,Cash,36,4.1,4.7
2024-07-13 14:56:00,CNR9506059102,Success,CID829489,eBike,Yeshwanthpur,Varthur,266.0,105.0,Not Applicable,Not Applicable,No,Not Applicable,392,Cash,35,3.5,3.9
2024-07-10 10:27:00,CNR8694649012,Success,CID333584,Mini,Frazer Town,Padmanabhanagar,287.0,130.0,Not Applicable,Not Applicable,No,Not Applicable,752,Credit Card,24,4.8,4.3
2024-07-02 05:39:00,CNR9883826791,Success,CID100509,Prime Sedan,Chamarajpet,Shantinagar,147.0,90.0,Not Applicable,Not Applicable,No,Not Applicable,223,UPI,17,4.8,4.8
2024-07-22 05:49:00,CNR8616934691,Canceled by Driver,CID505114,Mini,Whitefield,Hebbal,,,Not Applicable,Personal & Car related issue,Not Applicable,Not Applicable,229,Not Applicable,0,,
2024-07-06 07:16:00,CNR4385472752,Success,CID590343,Auto,Tumkur Road,Hosur Road,308.0,30.0,Not Applicable,Not Applicable,No,Not Applicable,112,Cash,9,4.8,4.5
2024-07-09 15:32:00,CNR3892174740,Success,CID859337,Prime SUV,Sahakar Nagar,Bannerghatta Road,84.0,50.0,Not Applicable,Not Applicable,No,Not Applicable,655,UPI,26,3.9,4.1
2024-07-03 02:51:00,CNR9805271894,Success,CID463648,Prime Sedan,Sarjapur Road,Banashankari,112.0,140.0,Not Applicable,Not Applicable,No,Not Applicable,234,Cash,25,5.0,4.1
2024-07-17 21:34:00,CNR1399204473,Canceled by Customer,CID136585,Prime Plus,Shantinagar,Varthur,,,Driver asked to cancel,Not Applicable,Not Applicable,Not Applicable,128,Not Applicable,0,,
2024-07-06 07:51:00,CNR8761846865,Success,CID168997,Auto,Kadugodi,Basavanagudi,63.0,130.0,Not Applicable,Not Applicable,No,Not Applicable,2651,Cash,16,4.8,3.6
2024-07-16 21:08:00,CNR6557156835,Canceled by Driver,CID918498,eBike,Padmanabhanagar,Frazer Town,,,Not Applicable,Customer related issue,Not Applicable,Not Applicable,307,Not Applicable,0,,
2024-07-06 20:38:00,CNR2045846585,Success,CID484272,eBike,Bellandur,Sahakar Nagar,77.0,45.0,Not Applicable,Not Applicable,No,Not Applicable,536,Cash,25,4.9,4.1
2024-07-19 15:41:00,CNR4921927944,Success,CID808274,Prime Sedan,Yelahanka,Vijayanagar,210.0,70.0,Not Applicable,Not Applicable,No,Not Applicable,421,Cash,36,3.9,4.3
2024-07-13 15:04:00,CNR9718969602,Success,CID451421,Prime Sedan,Bannerghatta Road,Hennur,217.0,95.0,Not Applicable,Not Applicable,No,Not Applicable,807,Credit Card,19,3.8,3.5
2024-07-02 19:43:00,CNR3516918604,Canceled by Driver,CID748756,Bike,Devanahalli,Cox Town,,,Not Applicable,More than permitted people in there,Not Applicable,Not Applicable,334,Not Applicable,0,,
2024-07-21 16:22:00,CNR4922666711,Success,CID237813,Mini,Ulsoor,Kammanahalli,77.0,100.0,Not Applicable,Not Applicable,No,Not Applicable,299,UPI,34,4.6,5.0
2024-07-22 15:13:00,CNR5247477237,Success,CID870834,Auto,Yeshwanthpur,Chickpet,308.0,65.0,Not Applicable,Not Applicable,No,Not Applicable,199,Cash,12,3.1,3.1
2024-07-04 09:09:00,CNR2159672483,Success,CID481907,Prime Sedan,Indiranagar,Ulsoor,112.0,135.0,Not Applicable,Not Applicable,No,Not Applicable,487,UPI,37,4.4,3.3
2024-07-24 02:24:00,CNR2198040208,Success,CID752470,Auto,Hennur,Majestic,308.0,65.0,Not Applicable,Not Applicable,No,Not Applicable,119,Cash,19,3.7,3.8
2024-07-03 15:46:00,CNR5413756607,Success,CID714268,Bike,Jayanagar,Hosur Road,189.0,55.0,Not Applicable,Not Applicable,No,Not Applicable,393,Cash,20,4.3,4.3
2024-07-09 00:27:00,CNR4140698665,Success,CID255221,Auto,Hennur,Vijayanagar,175.0,85.0,Not Applicable,Not Applicable,No,Not Applicable,523,Cash,14,4.1,4.8
2024-07-02 06:46:00,CNR7573737599,Canceled by Driver,CID899071,Bike,Banashankari,Chamarajpet,,,Not Applicable,Customer related issue,Not Applicable,Not Applicable,1595,Not Applicable,0,,
2024-07-03 20:48:00,CNR6744298530,Canceled by Driver,CID219007,Prime SUV,RT Nagar,Mysore Road,,,Not Applicable,Customer was coughing/sick,Not Applicable,Not Applicable,1360,Not Applicable,0,,
2024-07-05 22:29:00,CNR8309834585,Success,CID849069,Prime Plus,Jayanagar,Basavanagudi,154.0,45.0,Not Applicable,Not Applicable,No,Not Applicable,167,Cash,34,4.7,4.5
2024-07-02 05:08:00,CNR1728779082,Canceled by Driver,CID830769,Prime Plus,Indiranagar,Mysore Road,,,Not Applicable,Customer related issue,Not Applicable,Not Applicable,1786,Not Applicable,0,,
2024-07-15 08:56:00,CNR7218986578,Canceled by Driver,CID395834,Prime Sedan,Devanahalli,Bellandur,,,Not Applicable,Customer related issue,Not Applicable,Not Applicable,357,Not Applicable,0,,
2024-07-12 08:10:00,CNR8188238651,Driver Not Found,CID882667,Prime Plus,Bannerghatta Road,Cox Town,,,Not Applicable,Not Applicable,Not Applicable,Not Applicable,268,Not Applicable,0,,
2024-07-15 17:56:00,CNR9270912166,Success,CID483528,eBike,Richmond Town,Jayanagar,63.0,60.0,Not Applicable,Not Applicable,No,Not Applicable,216,Cash,16,3.5,4.2
2024-07-15 07:02:00,CNR9015611022,Canceled by Customer,CID192782,Mini,Devanahalli,Cox Town,,,Change of plans,Not Applicable,Not Applicable,Not Applicable,126,Not Applicable,0,,
2024-07-16 04:21:00,CNR6325184978,Canceled by Customer,CID558461,Prime SUV,Majestic,Ulsoor,,,Driver is not moving towards pickup location,Not Applicable,Not Applicable,Not Applicable,271,Not Applicable,0,,
2024-07-19 16:53:00,CNR1875100912,Success,CID771250,eBike,Banashankari,Bannerghatta Road,49.0,110.0,Not Applicable,Not Applicable,No,Not Applicable,458,UPI,45,4.8,4.8
2024-07-03 21:43:00,CNR3055035457,Canceled by Customer,CID436000,Prime SUV,Hennur,Rajajinagar,,,AC is Not working,Not Applicable,Not Applicable,Not Applicable,958,Not Applicable,0,,
2024-07-10 11:02:00,CNR4783871280,Canceled by Driver,CID103976,Auto,Whitefield,Devanahalli,,,Not Applicable,Customer was coughing/sick,Not Applicable,Not Applicable,110,Not Applicable,0,,
2024-07-29 17:33:00,CNR6079993088,Canceled by Customer,CID227192,Mini,Peenya,Rajajinagar,,,Driver asked to cancel,Not Applicable,Not Applicable,Not Applicable,1442,Not Applicable,0,,
2024-07-01 14:00:00,CNR3720607771,Success,CID865444,Prime SUV,Banashankari,KR Puram,210.0,70.0,Not Applicable,Not Applicable,No,Not Applicable,414,UPI,38,3.1,3.7
2024-07-27 16:36:00,CNR7016133029,Success,CID142287,Auto,Sarjapur Road,Chickpet,42.0,125.0,Not Applicable,Not Applicable,No,Not Applicable,823,UPI,19,3.3,3.0
2024-07-27 13:25:00,CNR4422322851,Success,CID816122,Prime Plus,Hulimavu,Magadi Road,308.0,135.0,Not Applicable,Not Applicable,No,Not Applicable,1113,UPI,17,4.1,3.7
2024-07-17 08:59:00,CNR9269903159,Success,CID417316,Mini,Vijayanagar,Marathahalli,126.0,140.0,Not Applicable,Not Applicable,No,Not Applicable,329,UPI,2,3.9,4.7
2024-07-12 15:27:00,CNR5993548973,Success,CID515705,Prime Sedan,Kengeri,JP Nagar,217.0,105.0,Not Applicable,Not Applicable,No,Not Applicable,497,Cash,28,3.3,3.7
2024-07-13 12:43:00,CNR2652549978,Success,CID256839,Mini,Mysore Road,KR Puram,42.0,55.0,Not Applicable,Not Applicable,No,Not Applicable,1591,UPI,34,3.8,4.3
2024-07-17 17:31:00,CNR1547566983,Success,CID886679,Prime Plus,Varthur,Majestic,91.0,30.0,Not Applicable,Not Applicable,Yes,Customer Demand,446,UPI,13,4.1,4.0
2024-07-21 08:08:00,CNR7703968878,Canceled by Customer,CID196725,Prime SUV,Padmanabhanagar,Ulsoor,,,Driver asked to cancel,Not Applicable,Not Applicable,Not Applicable,380,Not Applicable,0,,
2024-07-01 17:06:00,CNR8628389574,Success,CID295048,eBike,Richmond Town,Indiranagar,112.0,50.0,Not Applicable,Not Applicable,No,Not Applicable,369,UPI,45,3.4,3.3
2024-07-11 02:15:00,CNR3731555921,Success,CID189061,Prime Sedan,Tumkur Road,Hebbal,231.0,90.0,Not Applicable,Not Applicable,No,Not Applicable,595,Cash,11,3.7,3.4
2024-07-24 13:05:00,CNR7322244372,Canceled by Driver,CID201615,eBike,Chamarajpet,Ulsoor,,,Not Applicable,Personal & Car related issue,Not Applicable,Not Applicable,2466,Not Applicable,0,,
2024-07-17 20:40:00,CNR4010571818,Success,CID709248,Prime Sedan,MG Road,BTM Layout,224.0,80.0,Not Applicable,Not Applicable,No,Not Applicable,463,UPI,44,3.6,4.4
2024-07-11 21:17:00,CNR5547013241,Success,CID287881,Mini,JP Nagar,Electronic City,126.0,25.0,Not Applicable,Not Applicable,No,Not Applicable,435,Cash,32,4.4,4.7
2024-07-27 01:23:00,CNR6600435777,Success,CID484625,Prime SUV,Electronic City,Devanahalli,308.0,30.0,Not Applicable,Not Applicable,No,Not Applicable,330,Cash,7,4.6,3.4
2024-07-22 00:42:00,CNR5232341636,Success,CID609544,Prime Plus,RT Nagar,Magadi Road,203.0,55.0,Not Applicable,Not Applicable,No,Not Applicable,2146,Credit Card,41,3.3,4.1
2024-07-29 15:43:00,CNR3517279293,Canceled by Customer,CID687363,Auto,RT Nagar,Basavanagudi,,,Driver asked to cancel,Not Applicable,Not Applicable,Not Applicable,276,Not Applicable,0,,
2024-07-25 19:30:00,CNR2161484596,Success,CID884451,Prime Plus,Koramangala,Kengeri,91.0,90.0,Not Applicable,Not Applicable,No,Not Applicable,151,UPI,25,4.1,3.4
2024-07-06 15:35:00,CNR7554533455,Canceled by Driver,CID516312,Auto,Hebbal,Malleshwaram,,,Not Applicable,Personal & Car related issue,Not Applicable,Not Applicable,449,Not Applicable,0,,
2024-07-04 07:59:00,CNR2056389051,Success,CID593130,Prime Sedan,Hebbal,Yelahanka,105.0,105.0,Not Applicable,Not Applicable,No,Not Applicable,846,Cash,45,3.5,3.2
2024-07-08 21:52:00,CNR3624140825,Success,CID177870,Prime SUV,Majestic,Whitefield,91.0,105.0,Not Applicable,Not Applicable,No,Not Applicable,451,Cash,41,3.8,3.9
2024-07-03 23:37:00,CNR9989424204,Canceled by Customer,CID139337,Prime Sedan,Shivajinagar,KR Puram,,,Change of plans,Not Applicable,Not Applicable,Not Applicable,960,Not Applicable,0,,
2024-07-18 14:50:00,CNR8740349621,Success,CID621599,Prime SUV,Shantinagar,Basavanagudi,266.0,35.0,Not Applicable,Not Applicable,No,Not Applicable,179,Cash,47,4.9,4.7
2024-07-28 18:41:00,CNR6349380704,Success,CID810231,Bike,Yelahanka,HSR Layout,196.0,40.0,Not Applicable,Not Applicable,No,Not Applicable,215,Cash,16,4.8,4.0
2024-07-04 04:54:00,CNR1416419536,Success,CID915348,Prime Plus,Chickpet,Hosur Road,175.0,35.0,Not Applicable,Not Applicable,Yes,Vehicle Breakdown,409,Cash,26,3.8,3.9
2024-07-28 04:39:00,CNR2750242378,Success,CID340520,Mini,Jayanagar,Kadugodi,84.0,50.0,Not Applicable,Not Applicable,No,Not Applicable,490,Cash,31,4.5,4.9
2024-07-05 20:32:00,CNR9042747781,Success,CID852320,Prime SUV,Cox Town,Padmanabhanagar,84.0,40.0,Not Applicable,Not Applicable,No,Not Applicable,362,Cash,28,3.7,3.8
2024-07-26 09:32:00,CNR8965487609,Canceled by Driver,CID531865,Prime Plus,Langford Town,HSR Layout,,,Not Applicable,More than permitted people in there,Not Applicable,Not Applicable,382,Not Applicable,0,,
2024-07-11 00:04:00,CNR9581128765,Driver Not Found,CID592004,Prime Sedan,Kadugodi,Yeshwanthpur,,,Not Applicable,Not Applicable,Not Applicable,Not Applicable,327,Not Applicable,0,,
2024-07-18 18:12:00,CNR1431005338,Success,CID481330,eBike,JP Nagar,Cox Town,245.0,30.0,Not Applicable,Not Applicable,No,Not Applicable,255,UPI,39,3.1,3.6
2024-07-03 06:05:00,CNR3720627890,Canceled by Driver,CID240783,Bike,Devanahalli,HSR Layout,,,Not Applicable,Customer related issue,Not Applicable,Not Applicable,185,Not Applicable,0,,
2024-07-23 02:03:00,CNR9014869890,Canceled by Driver,CID866268,Prime Plus,Tumkur Road,Bellandur,,,Not Applicable,Customer was coughing/sick,Not Applicable,Not Applicable,187,Not Applicable,0,,
2024-07-08 21:37:00,CNR6709582411,Success,CID764050,Mini,Kammanahalli,Ulsoor,280.0,30.0,Not Applicable,Not Applicable,No,Not Applicable,134,Cash,33,3.0,3.4
2024-07-17 19:05:00,CNR1617858110,Success,CID576522,Auto,Tumkur Road,Malleshwaram,133.0,45.0,Not Applicable,Not Applicable,No,Not Applicable,329,UPI,14,3.2,3.1
2024-07-07 14:27:00,CNR5060125042,Success,CID970219,Mini,Whitefield,Cox Town,308.0,85.0,Not Applicable,Not Applicable,No,Not Applicable,100,Cash,36,4.5,4.1
2024-07-18 11:20:00,CNR6600815311,Canceled by Driver,CID832582,Prime SUV,BTM Layout,Chamarajpet,,,Not Applicable,Personal & Car related issue,Not Applicable,Not Applicable,659,Not Applicable,0,,
2024-07-11 13:39:00,CNR7054949518,Driver Not Found,CID459728,Prime Sedan,Peenya,Nagarbhavi,,,Not Applicable,Not Applicable,Not Applicable,Not Applicable,895,Not Applicable,0,,
2024-07-26 19:17:00,CNR8855140026,Success,CID533849,Auto,Cox Town,Whitefield,245.0,40.0,Not Applicable,Not Applicable,No,Not Applicable,681,Cash,7,3.8,4.3
2024-07-17 14:05:00,CNR5710476717,Canceled by Customer,CID194335,Prime SUV,Jayanagar,Sahakar Nagar,,,Change of plans,Not Applicable,Not Applicable,Not Applicable,324,Not Applicable,0,,
2024-07-16 07:05:00,CNR6740414798,Canceled by Driver,CID655006,Prime Sedan,Hosur Road,Bellandur,,,Not Applicable,Customer related issue,Not Applicable,Not Applicable,1418,Not Applicable,0,,
2024-07-14 16:00:00,CNR7835712150,Canceled by Driver,CID944705,eBike,Sahakar Nagar,Padmanabhanagar,,,Not Applicable,Personal & Car related issue,Not Applicable,Not Applicable,482,Not Applicable,0,,
2024-07-20 15:03:00,CNR9464087605,Success,CID855840,Prime Sedan,Ulsoor,Padmanabhanagar,140.0,100.0,Not Applicable,Not Applicable,No,Not Applicable,414,Credit Card,8,3.1,4.5
2024-07-16 09:56:00,CNR6320005858,Success,CID377483,Prime Sedan,Whitefield,Vijayanagar,77.0,95.0,Not Applicable,Not Applicable,No,Not Applicable,324,Cash,47,3.4,4.3
2024-07-29 16:49:00,CNR9728177356,Success,CID219425,Mini,Ramamurthy Nagar,Hulimavu,210.0,40.0,Not Applicable,Not Applicable,No,Not Applicable,178,Cash,32,4.2,3.2
2024-07-18 21:54:00,CNR9449537729,Success,CID505886,Bike,Mysore Road,Magadi Road,112.0,45.0,Not Applicable,Not Applicable,No,Not Applicable,2855,UPI,49,4.9,4.1
2024-07-29 00:03:00,CNR3893379712,Success,CID386317,eBike,Frazer Town,Whitefield,98.0,105.0,Not Applicable,Not Applicable,No,Not Applicable,216,UPI,7,4.5,4.4
2024-07-26 20:31:00,CNR4557744588,Success,CID385395,Bike,Ramamurthy Nagar,Richmond Town,126.0,70.0,Not Applicable,Not Applicable,No,Not Applicable,698,Cash,38,3.3,4.1
2024-07-30 12:18:00,CNR2907744154,Canceled by Driver,CID305565,eBike,Ulsoor,Sarjapur Road,,,Not Applicable,Customer was coughing/sick,Not Applicable,Not Applicable,308,Not Applicable,0,,
2024-07-05 08:37:00,CNR3554416681,Success,CID126954,Prime Plus,Cox Town,BTM Layout,161.0,25.0,Not Applicable,Not Applicable,No,Not Applicable,658,Cash,9,3.6,4.9
2024-07-02 08:52:00,CNR8914637464,Canceled by Driver,CID168076,Mini,Kengeri,Hennur,,,Not Applicable,Customer related issue,Not Applicable,Not Applicable,703,Not Applicable,0,,
2024-07-18 02:01:00,CNR5180801827,Success,CID512967,Bike,BTM Layout,Vijayanagar,189.0,125.0,Not Applicable,Not Applicable,No,Not Applicable,2426,Cash,26,4.2,4.0
2024-07-30 19:50:00,CNR8662887234,Success,CID909643,Mini,HSR Layout,Sarjapur Road,77.0,25.0,Not Applicable,Not Applicable,No,Not Applicable,248,UPI,29,4.6,3.1
2024-07-21 04:10:00,CNR6977669098,Driver Not Found,CID388652,eBike,Malleshwaram,Indiranagar,,,Not Applicable,Not Applicable,Not Applicable,Not Applicable,372,Not Applicable,0,,
2024-07-16 09:55:00,CNR5422930388,Canceled by Customer,CID349750,Prime SUV,Rajajinagar,Kadugodi,,,AC is Not working,Not Applicable,Not Applicable,Not Applicable,811,Not Applicable,0,,
2024-07-03 15:10:00,CNR8771561719,Success,CID635848,Prime Plus,Yelahanka,RT Nagar,140.0,45.0,Not Applicable,Not Applicable,No,Not Applicable,2897,UPI,16,3.6,3.9
2024-07-22 03:47:00,CNR2512615159,Success,CID294632,eBike,Mysore Road,Tumkur Road,42.0,70.0,Not Applicable,Not Applicable,No,Not Applicable,336,UPI,38,4.6,4.0
2024-07-16 11:03:00,CNR6736067171,Success,CID110059,Bike,RT Nagar,Yeshwanthpur,287.0,65.0,Not Applicable,Not Applicable,No,Not Applicable,478,Cash,5,4.8,4.7
2024-07-29 00:01:00,CNR6689012416,Success,CID495575,Prime Sedan,Marathahalli,MG Road,56.0,105.0,Not Applicable,Not Applicable,No,Not Applicable,234,Cash,40,3.2,3.5
2024-07-09 23:17:00,CNR5528074804,Success,CID320283,Prime Sedan,Yeshwanthpur,Shantinagar,77.0,75.0,Not Applicable,Not Applicable,No,Not Applicable,156,Cash,47,3.9,4.0
2024-07-23 00:54:00,CNR4687812875,Success,CID796626,Prime Sedan,Hulimavu,Tumkur Road,224.0,80.0,Not Applicable,Not Applicable,No,Not Applicable,305,UPI,21,3.5,4.5
2024-07-20 22:52:00,CNR8768687816,Success,CID141383,Mini,Kadugodi,Padmanabhanagar,224.0,35.0,Not Applicable,Not Applicable,No,Not Applicable,292,UPI,45,3.7,3.5
2024-07-29 17:38:00,CNR2817149389,Success,CID886140,Bike,Frazer Town,Bellandur,301.0,140.0,Not Applicable,Not Applicable,No,Not Applicable,384,Cash,33,4.1,3.1
2024-07-12 12:37:00,CNR2842194411,Success,CID352423,Auto,Hebbal,Devanahalli,245.0,140.0,Not Applicable,Not Applicable,No,Not Applicable,362,Cash,18,4.9,4.9
2024-07-02 21:10:00,CNR7559367781,Success,CID675035,Auto,Padmanabhanagar,Hennur,182.0,110.0,Not Applicable,Not Applicable,No,Not Applicable,298,UPI,2,4.0,3.3
2024-07-28 11:59:00,CNR3468499155,Canceled by Driver,CID219291,Prime Plus,Mysore Road,JP Nagar,,,Not Applicable,Customer related issue,Not Applicable,Not Applicable,310,Not Applicable,0,,
2024-07-11 23:14:00,CNR1312628098,Success,CID217458,Auto,Padmanabhanagar,Koramangala,56.0,145.0,Not Applicable,Not Applicable,No,Not Applicable,166,UPI,6,3.0,3.4
2024-07-05 19:09:00,CNR9335256981,Success,CID259377,Prime Sedan,Chamarajpet,Chickpet,259.0,45.0,Not Applicable,Not Applicable,No,Not Applicable,104,UPI,47,3.1,3.0
2024-07-27 18:40:00,CNR1487034140,Success,CID803959,Auto,MG Road,Yelahanka,112.0,60.0,Not Applicable,Not Applicable,No,Not Applicable,772,UPI,12,4.0,4.7
2024-07-01 04:12:00,CNR2995605794,Canceled by Driver,CID755821,Bike,Sahakar Nagar,Nagarbhavi,,,Not Applicable,Customer related issue,Not Applicable,Not Applicable,155,Not Applicable,0,,
2024-07-01 23:09:00,CNR4915133254,Success,CID138025,Auto,BTM Layout,Yeshwanthpur,35.0,130.0,Not Applicable,Not Applicable,No,Not Applicable,268,Cash,18,4.5,4.3
2024-07-11 11:05:00,CNR4114138824,Success,CID177002,Prime Plus,Basavanagudi,Richmond Town,161.0,70.0,Not Applicable,Not Applicable,No,Not Applicable,199,UPI,9,4.7,4.7
2024-07-25 23:55:00,CNR6768092566,Canceled by Driver,CID587084,Prime SUV,Malleshwaram,Marathahalli,,,Not Applicable,Personal & Car related issue,Not Applicable,Not Applicable,603,Not Applicable,0,,
2024-07-18 10:50:00,CNR7873296608,Canceled by Driver,CID944796,Prime Sedan,Hosur Road,Vijayanagar,,,Not Applicable,Personal & Car related issue,Not Applicable,Not Applicable,318,Not Applicable,0,,
2024-07-03 00:05:00,CNR1823649598,Driver Not Found,CID550130,Prime SUV,Kammanahalli,Mysore Road,,,Not Applicable,Not Applicable,Not Applicable,Not Applicable,383,Not Applicable,0,,
2024-07-02 10:24:00,CNR1606426521,Canceled by Driver,CID272152,Prime Sedan,Varthur,Chamarajpet,,,Not Applicable,Customer related issue,Not Applicable,Not Applicable,280,Not Applicable,0,,
2024-07-28 17:50:00,CNR8844700422,Success,CID990643,Prime Sedan,Indiranagar,Vijayanagar,35.0,40.0,Not Applicable,Not Applicable,No,Not Applicable,283,Cash,24,3.3,4.3
2024-07-18 11:29:00,CNR3302617779,Success,CID611208,Prime SUV,Chamarajpet,Jayanagar,126.0,55.0,Not Applicable,Not Applicable,No,Not Applicable,397,UPI,33,3.6,4.8
2024-07-13 09:09:00,CNR6702534751,Success,CID140062,Auto,HSR Layout,Majestic,70.0,55.0,Not Applicable,Not Applicable,No,Not Applicable,775,Cash,15,5.0,4.9
2024-07-14 10:16:00,CNR5295614472,Success,CID892094,Bike,BTM Layout,Koramangala,252.0,120.0,Not Applicable,Not Applicable,No,Not Applicable,375,UPI,17,3.2,3.1
2024-07-11 03:34:00,CNR3483494022,Canceled by Driver,CID964665,Mini,Hennur,Yelahanka,,,Not Applicable,Customer was coughing/sick,Not Applicable,Not Applicable,349,Not Applicable,0,,
2024-07-08 04:32:00,CNR5040661643,Success,CID770590,eBike,Frazer Town,Peenya,196.0,40.0,Not Applicable,Not Applicable,No,Not Applicable,818,UPI,15,4.3,3.5
2024-07-06 18:29:00,CNR1256493689,Canceled by Driver,CID159498,Prime Sedan,Ramamurthy Nagar,Bannerghatta Road,,,Not Applicable,More than permitted people in there,Not Applicable,Not Applicable,648,Not Applicable,0,,
2024-07-30 02:30:00,CNR8658868212,Canceled by Customer,CID423263,Prime Plus,RT Nagar,Koramangala,,,Driver asked to cancel,Not Applicable,Not Applicable,Not Applicable,314,Not Applicable,0,,
2024-07-11 11:05:00,CNR1648635320,Success,CID846227,Prime Sedan,HSR Layout,Hosur Road,189.0,85.0,Not Applicable,Not Applicable,No,Not Applicable,329,UPI,25,4.2,4.6
2024-07-18 17:23:00,CNR1139480209,Success,CID422822,Prime Sedan,Peenya,Frazer Town,280.0,115.0,Not Applicable,Not Applicable,No,Not Applicable,889,Cash,45,3.3,3.7
2024-07-30 04:47:00,CNR2682833427,Success,CID879940,Prime SUV,Chamarajpet,Sahakar Nagar,287.0,80.0,Not Applicable,Not Applicable,No,Not Applicable,395,Cash,46,3.5,5.0
2024-07-07 13:11:00,CNR7656186661,Success,CID777462,Mini,Bannerghatta Road,Langford Town,301.0,65.0,Not Applicable,Not Applicable,No,Not Applicable,407,Cash,19,3.6,4.0
2024-07-26 17:59:00,CNR2161157923,Success,CID219014,Bike,MG Road,HSR Layout,280.0,100.0,Not Applicable,Not Applicable,No,Not Applicable,179,UPI,45,3.7,4.6
2024-07-29 06:21:00,CNR4640379721,Success,CID894216,Auto,Hosur Road,Cox Town,238.0,60.0,Not Applicable,Not Applicable,No,Not Applicable,354,Cash,17,4.9,4.8
2024-07-05 09:18:00,CNR2941256110,Driver Not Found,CID762208,eBike,KR Puram,Hebbal,,,Not Applicable,Not Applicable,Not Applicable,Not Applicable,227,Not Applicable,0,,
2024-07-15 16:49:00,CNR4343694442,Canceled by Customer,CID238813,Mini,Hulimavu,HSR Layout,,,Driver is not moving towards pickup location,Not Applicable,Not Applicable,Not Applicable,436,Not Applicable,0,,
2024-07-15 23:13:00,CNR8097187109,Success,CID579766,Prime SUV,Bellandur,Sarjapur Road,49.0,145.0,Not Applicable,Not Applicable,No,Not Applicable,539,Cash,17,3.8,3.3
2024-07-16 22:11:00,CNR1793031274,Canceled by Customer,CID663752,Prime Plus,Vijayanagar,Chamarajpet,,,Driver asked to cancel,Not Applicable,Not Applicable,Not Applicable,219,Not Applicable,0,,
2024-07-30 04:24:00,CNR7013043516,Success,CID438604,Bike,Rajarajeshwari Nagar,Yelahanka,308.0,40.0,Not Applicable,Not Applicable,No,Not Applicable,756,UPI,45,3.1,3.9
2024-07-09 21:50:00,CNR9876594256,Canceled by Customer,CID466720,Mini,Indiranagar,Kengeri,,,Change of plans,Not Applicable,Not Applicable,Not Applicable,213,Not Applicable,0,,
2024-07-25 14:39:00,CNR9867274859,Success,CID528953,Prime Sedan,HSR Layout,Electronic City,224.0,70.0,Not Applicable,Not Applicable,No,Not Applicable,1185,Cash,11,4.1,3.5
2024-07-22 08:25:00,CNR7735008335,Success,CID302094,Auto,Ulsoor,Majestic,119.0,145.0,Not Applicable,Not Applicable,No,Not Applicable,208,Cash,8,3.7,4.9
2024-07-01 02:21:00,CNR9262504655,Canceled by Customer,CID561214,Mini,Varthur,Sarjapur Road,,,Driver asked to cancel,Not Applicable,Not Applicable,Not Applicable,203,Not Applicable,0,,
2024-07-20 09:23:00,CNR3656064915,Success,CID723948,Bike,Yelahanka,Basavanagudi,259.0,110.0,Not Applicable,Not Applicable,No,Not Applicable,817,Cash,36,4.8,5.0
2024-07-03 13:59:00,CNR4353751020,Success,CID119736,Prime SUV,Hulimavu,Rajarajeshwari Nagar,147.0,70.0,Not Applicable,Not Applicable,No,Not Applicable,700,Cash,13,3.9,4.7
2024-07-29 16:38:00,CNR9929472907,Success,CID501204,Prime Plus,Jayanagar,Magadi Road,252.0,145.0,Not Applicable,Not Applicable,No,Not Applicable,127,UPI,37,3.4,3.7
2024-07-28 15:05:00,CNR1554738496,Success,CID733285,Prime Sedan,Varthur,Sarjapur Road,140.0,145.0,Not Applicable,Not Applicable,No,Not Applicable,271,Cash,4,3.2,4.6
2024-07-18 23:30:00,CNR1645691142,Canceled by Driver,CID955570,Prime Plus,Sarjapur Road,Vijayanagar,,,Not Applicable,Personal & Car related issue,Not Applicable,Not Applicable,578,Not Applicable,0,,
2024-07-20 08:36:00,CNR2954334184,Canceled by Customer,CID356905,Auto,Magadi Road,JP Nagar,,,Change of plans,Not Applicable,Not Applicable,Not Applicable,453,Not Applicable,0,,
2024-07-11 15:20:00,CNR6983339950,Canceled by Customer,CID684941,Auto,Electronic City,Rajajinagar,,,Change of plans,Not Applicable,Not Applicable,Not Applicable,166,Not Applicable,0,,
2024-07-08 11:46:00,CNR7221577652,Success,CID170715,Bike,Jayanagar,Kammanahalli,147.0,135.0,Not Applicable,Not Applicable,No,Not Applicable,725,UPI,32,3.2,3.2
2024-07-02 05:00:00,CNR1070199483,Success,CID857475,Prime SUV,BTM Layout,Vijayanagar,308.0,80.0,Not Applicable,Not Applicable,No,Not Applicable,112,UPI,25,4.3,3.4
2024-07-06 14:21:00,CNR8923551425,Success,CID217944,Prime Sedan,KR Puram,Chamarajpet,245.0,145.0,Not Applicable,Not Applicable,No,Not Applicable,274,UPI,27,4.8,4.0
2024-07-26 21:57:00,CNR9260748277,Success,CID819586,Bike,Majestic,Shantinagar,112.0,125.0,Not Applicable,Not Applicable,No,Not Applicable,362,Cash,5,4.9,3.3
2024-07-19 19:19:00,CNR3106828072,Success,CID517826,Prime Plus,Sahakar Nagar,Varthur,287.0,145.0,Not Applicable,Not Applicable,No,Not Applicable,478,Cash,13,3.3,4.3
2024-07-03 18:31:00,CNR2240365632,Canceled by Driver,CID382217,Prime SUV,Whitefield,RT Nagar,,,Not Applicable,Personal & Car related issue,Not Applicable,Not Applicable,430,Not Applicable,0,,
2024-07-25 21:21:00,CNR9479513663,Success,CID225101,Prime SUV,Majestic,Hosur Road,56.0,30.0,Not Applicable,Not Applicable,No,Not Applicable,136,Cash,41,5.0,3.2
2024-07-06 02:45:00,CNR7085707596,Success,CID833247,Auto,Hebbal,Cox Town,287.0,130.0,Not Applicable,Not Applicable,No,Not Applicable,271,Cash,13,4.9,3.0
2024-07-01 19:34:00,CNR7160780019,Success,CID284738,Bike,Kadugodi,Nagarbhavi,140.0,70.0,Not Applicable,Not Applicable,No,Not Applicable,130,UPI,4,4.0,3.7
2024-07-11 21:25:00,CNR7217172231,Success,CID957188,Auto,Peenya,Koramangala,112.0,140.0,Not Applicable,Not Applicable,Yes,Customer Demand,650,Cash,14,4.6,3.7
2024-07-29 17:24:00,CNR3502635226,Success,CID311277,Auto,Richmond Town,Nagarbhavi,84.0,65.0,Not Applicable,Not Applicable,No,Not Applicable,190,Cash,10,3.1,3.7
2024-07-11 06:17:00,CNR3837961506,Success,CID528048,eBike,Shantinagar,Banashankari,154.0,30.0,Not Applicable,Not Applicable,No,Not Applicable,404,UPI,36,4.6,4.9
2024-07-23 09:53:00,CNR7758289844,Success,CID536899,Auto,Bannerghatta Road,Ramamurthy Nagar,301.0,90.0,Not Applicable,Not Applicable,No,Not Applicable,459,UPI,7,5.0,3.5
2024-07-15 12:59:00,CNR6925615210,Success,CID811952,Bike,BTM Layout,Shivajinagar,154.0,75.0,Not Applicable,Not Applicable,No,Not Applicable,359,Cash,19,3.3,4.2
2024-07-19 06:40:00,CNR3990548152,Canceled by Driver,CID290056,Prime Plus,Hebbal,Shivajinagar,,,Not Applicable,Customer related issue,Not Applicable,Not Applicable,2514,Not Applicable,0,,
2024-07-21 20:12:00,CNR9424041642,Success,CID890894,Mini,Marathahalli,Sahakar Nagar,175.0,80.0,Not Applicable,Not Applicable,No,Not Applicable,289,Cash,9,3.9,4.5
2024-07-27 16:15:00,CNR6996872419,Success,CID849687,Prime Sedan,Sahakar Nagar,Jayanagar,175.0,115.0,Not Applicable,Not Applicable,No,Not Applicable,652,Cash,11,4.3,3.7
2024-07-10 01:41:00,CNR9397016719,Success,CID643532,Auto,Chamarajpet,BTM Layout,112.0,75.0,Not Applicable,Not Applicable,No,Not Applicable,142,Cash,15,4.9,4.2
2024-07-12 21:26:00,CNR2861318984,Success,CID547747,Prime Sedan,Nagarbhavi,JP Nagar,273.0,60.0,Not Applicable,Not Applicable,No,Not Applicable,851,Cash,44,3.5,3.3
2024-07-06 12:42:00,CNR1266332178,Success,CID954129,Prime Plus,Jayanagar,Varthur,77.0,145.0,Not Applicable,Not Applicable,No,Not Applicable,1371,Cash,2,4.0,3.3
2024-07-14 11:23:00,CNR1729555837,Canceled by Driver,CID902669,Prime Sedan,RT Nagar,Electronic City,,,Not Applicable,Customer was coughing/sick,Not Applicable,Not Applicable,477,Not Applicable,0,,
2024-07-22 07:47:00,CNR9320868851,Canceled by Customer,CID803756,eBike,Mysore Road,Varthur,,,Wrong Address,Not Applicable,Not Applicable,Not Applicable,266,Not Applicable,0,,
2024-07-17 11:38:00,CNR5382864754,Canceled by Driver,CID236219,Prime SUV,Tumkur Road,Bellandur,,,Not Applicable,Customer related issue,Not Applicable,Not Applicable,617,Not Applicable,0,,
2024-07-07 02:35:00,CNR5882103738,Canceled by Driver,CID196675,Auto,Indiranagar,Magadi Road,,,Not Applicable,Personal & Car related issue,Not Applicable,Not Applicable,430,Not Applicable,0,,
2024-07-21 07:14:00,CNR5180553364,Canceled by Customer,CID378915,Bike,Yelahanka,Shivajinagar,,,Driver is not moving towards pickup location,Not Applicable,Not Applicable,Not Applicable,366,Not Applicable,0,,
2024-07-11 12:51:00,CNR7973782676,Success,CID630795,Auto,Cox Town,Whitefield,210.0,115.0,Not Applicable,Not Applicable,No,Not Applicable,406,Cash,4,3.5,3.1
2024-07-01 05:28:00,CNR1781503424,Success,CID787459,Prime Plus,Indiranagar,Kammanahalli,196.0,85.0,Not Applicable,Not Applicable,No,Not Applicable,2805,Credit Card,20,3.4,4.8
2024-07-11 19:02:00,CNR9459067204,Success,CID501721,Prime SUV,Kadugodi,Tumkur Road,84.0,85.0,Not Applicable,Not Applicable,No,Not Applicable,186,Cash,43,3.1,4.5
2024-07-12 14:40:00,CNR6537631100,Success,CID103478,Mini,Tumkur Road,Ramamurthy Nagar,210.0,50.0,Not Applicable,Not Applicable,Yes,Customer Demand,2295,Cash,42,4.8,4.6
2024-07-07 20:45:00,CNR9043033122,Canceled by Driver,CID694271,Prime Sedan,MG Road,Shantinagar,,,Not Applicable,Customer related issue,Not Applicable,Not Applicable,181,Not Applicable,0,,
2024-07-21 10:32:00,CNR6583886599,Success,CID373811,Auto,Rajajinagar,Bannerghatta Road,84.0,80.0,Not Applicable,Not Applicable,No,Not Applicable,260,Credit Card,19,3.9,3.0
2024-07-25 07:01:00,CNR9861464614,Success,CID612752,Prime Plus,Shantinagar,Peenya,273.0,80.0,Not Applicable,Not Applicable,No,Not Applicable,824,Cash,3,3.8,3.1
2024-07-11 11:51:00,CNR3758517517,Canceled by Driver,CID184164,Bike,Whitefield,Hosur Road,,,Not Applicable,Customer related issue,Not Applicable,Not Applicable,947,Not Applicable,0,,
2024-07-19 21:51:00,CNR8448573627,Success,CID455284,Prime SUV,Sahakar Nagar,Sarjapur Road,98.0,30.0,Not Applicable,Not Applicable,No,Not Applicable,622,Cash,20,4.0,3.1
2024-07-21 09:56:00,CNR5359329897,Success,CID631841,Prime Plus,Jayanagar,Basavanagudi,126.0,65.0,Not Applicable,Not Applicable,No,Not Applicable,237,Cash,3,4.7,3.3
2024-07-01 13:24:00,CNR3023496304,Success,CID207757,Auto,Shantinagar,Ulsoor,126.0,120.0,Not Applicable,Not Applicable,Yes,Customer Demand,319,UPI,16,3.3,3.1
2024-07-01 14:24:00,CNR2461600130,Success,CID101843,Prime Sedan,Nagarbhavi,Vijayanagar,77.0,90.0,Not Applicable,Not Applicable,No,Not Applicable,674,Cash,41,3.1,3.6
2024-07-24 11:46:00,CNR9985020921,Canceled by Driver,CID516447,Prime SUV,KR Puram,Ulsoor,,,Not Applicable,Customer related issue,Not Applicable,Not Applicable,355,Not Applicable,0,,
2024-07-23 14:25:00,CNR2498996196,Success,CID715778,Bike,RT Nagar,Sarjapur Road,245.0,70.0,Not Applicable,Not Applicable,No,Not Applicable,187,Cash,10,3.7,4.1
2024-07-24 07:42:00,CNR8683169512,Success,CID219650,Mini,Ramamurthy Nagar,Kammanahalli,203.0,105.0,Not Applicable,Not Applicable,No,Not Applicable,164,Cash,9,3.0,3.5
2024-07-08 01:31:00,CNR8920948795,Success,CID598225,Prime Plus,Kengeri,Mysore Road,119.0,70.0,Not Applicable,Not Applicable,No,Not Applicable,676,UPI,26,3.6,5.0
2024-07-27 05:01:00,CNR1833092037,Success,CID577422,Prime Sedan,Yeshwanthpur,Ulsoor,308.0,45.0,Not Applicable,Not Applicable,No,Not Applicable,185,Cash,2,4.2,3.2
2024-07-26 16:57:00,CNR7484006810,Success,CID862697,Prime Plus,Chickpet,Ramamurthy Nagar,231.0,120.0,Not Applicable,Not Applicable,No,Not Applicable,301,UPI,37,4.9,3.9
2024-07-19 03:03:00,CNR8626192969,Success,CID139872,Auto,Magadi Road,Cox Town,84.0,80.0,Not Applicable,Not Applicable,No,Not Applicable,244,UPI,12,3.2,4.5
2024-07-27 03:56:00,CNR8903318261,Canceled by Driver,CID861482,Mini,HSR Layout,Hulimavu,,,Not Applicable,More than permitted people in there,Not Applicable,Not Applicable,846,Not Applicable,0,,
2024-07-08 16:13:00,CNR4096289846,Success,CID354010,Prime Plus,HSR Layout,Chamarajpet,140.0,80.0,Not Applicable,Not Applicable,No,Not Applicable,2464,UPI,31,3.5,4.1
2024-07-02 07:16:00,CNR3297850464,Success,CID956475,Prime Plus,Nagarbhavi,HSR Layout,308.0,110.0,Not Applicable,Not Applicable,No,Not Applicable,247,UPI,36,4.4,4.1
2024-07-12 05:19:00,CNR8957866164,Canceled by Driver,CID425926,Prime Sedan,Tumkur Road,Sahakar Nagar,,,Not Applicable,Personal & Car related issue,Not Applicable,Not Applicable,911,Not Applicable,0,,
2024-07-06 04:26:00,CNR1491825361,Driver Not Found,CID651617,Bike,Peenya,Ramamurthy Nagar,,,Not Applicable,Not Applicable,Not Applicable,Not Applicable,439,Not Applicable,0,,
2024-07-16 22:23:00,CNR9766742785,Success,CID387436,eBike,Ulsoor,Hebbal,84.0,130.0,Not Applicable,Not Applicable,No,Not Applicable,275,UPI,19,3.1,4.5
2024-07-27 18:28:00,CNR1796036991,Success,CID571528,Prime Sedan,Kengeri,Kadugodi,266.0,75.0,Not Applicable,Not Applicable,No,Not Applicable,245,UPI,49,4.9,4.0
2024-07-02 00:12:00,CNR3072182317,Canceled by Driver,CID680906,Prime Sedan,Whitefield,HSR Layout,,,Not Applicable,Customer was coughing/sick,Not Applicable,Not Applicable,305,Not Applicable,0,,
2024-07-24 11:54:00,CNR1177217393,Success,CID954045,Prime Sedan,Yelahanka,Bannerghatta Road,49.0,35.0,Not Applicable,Not Applicable,Yes,Customer Demand,799,Cash,7,4.6,3.7
2024-07-05 06:26:00,CNR2922854053,Success,CID429474,Prime SUV,KR Puram,Kengeri,273.0,120.0,Not Applicable,Not Applicable,No,Not Applicable,243,UPI,18,3.4,3.9
2024-07-23 04:28:00,CNR5779500604,Driver Not Found,CID680670,Prime Sedan,Hebbal,Tumkur Road,,,Not Applicable,Not Applicable,Not Applicable,Not Applicable,2161,Not Applicable,0,,
2024-07-26 00:11:00,CNR5122125888,Success,CID516914,Prime SUV,Frazer Town,Varthur,224.0,130.0,Not Applicable,Not Applicable,No,Not Applicable,326,Cash,12,3.8,3.6
2024-07-12 15:36:00,CNR3686785178,Canceled by Customer,CID884399,eBike,Mysore Road,MG Road,,,Driver is not moving towards pickup location,Not Applicable,Not Applicable,Not Applicable,166,Not Applicable,0,,
2024-07-17 05:17:00,CNR6552752614,Success,CID326474,Mini,Jayanagar,Kengeri,280.0,110.0,Not Applicable,Not Applicable,No,Not Applicable,360,Cash,1,3.9,4.7
2024-07-09 11:27:00,CNR6745138322,Success,CID507664,Auto,Tumkur Road,JP Nagar,287.0,90.0,Not Applicable,Not Applicable,No,Not Applicable,430,UPI,4,3.9,3.6
2024-07-13 01:45:00,CNR2051387393,Success,CID143250,Prime SUV,Padmanabhanagar,Padmanabhanagar,133.0,60.0,Not Applicable,Not Applicable,No,Not Applicable,817,Cash,37,3.2,3.6
2024-07-03 04:28:00,CNR5420764695,Success,CID662170,Prime SUV,Frazer Town,Sahakar Nagar,56.0,75.0,Not Applicable,Not Applicable,No,Not Applicable,100,UPI,19,4.6,3.9
2024-07-25 06:45:00,CNR5763859377,Success,CID237523,Prime SUV,Kengeri,Hennur,294.0,65.0,Not Applicable,Not Applicable,No,Not Applicable,801,Cash,23,4.9,4.9
2024-07-29 23:16:00,CNR4923443958,Success,CID438270,Mini,Whitefield,KR Puram,105.0,50.0,Not Applicable,Not Applicable,No,Not Applicable,150,UPI,46,4.1,3.1
2024-07-01 05:47:00,CNR7895367841,Success,CID110902,Prime Plus,Mysore Road,Sarjapur Road,175.0,70.0,Not Applicable,Not Applicable,Yes,Vehicle Breakdown,268,Cash,6,4.5,4.5
2024-07-09 19:55:00,CNR9254993433,Canceled by Driver,CID212515,Prime Plus,Ulsoor,Frazer Town,,,Not Applicable,Personal & Car related issue,Not Applicable,Not Applicable,322,Not Applicable,0,,
2024-07-11 03:45:00,CNR6252244056,Success,CID688763,Prime Sedan,Chamarajpet,Hennur,147.0,120.0,Not Applicable,Not Applicable,No,Not Applicable,420,UPI,14,3.8,3.2
2024-07-28 11:21:00,CNR2501243106,Success,CID244411,Mini,HSR Layout,RT Nagar,140.0,130.0,Not Applicable,Not Applicable,No,Not Applicable,1587,Cash,47,3.0,4.9
2024-07-04 19:55:00,CNR1686585862,Success,CID455315,Prime Plus,BTM Layout,Vijayanagar,70.0,145.0,Not Applicable,Not Applicable,No,Not Applicable,478,UPI,17,4.5,4.7
2024-07-02 09:44:00,CNR5933876223,Success,CID622534,Mini,HSR Layout,Koramangala,175.0,85.0,Not Applicable,Not Applicable,No,Not Applicable,466,UPI,21,3.6,4.9
2024-07-14 23:16:00,CNR5700688737,Canceled by Driver,CID248432,Mini,Kammanahalli,Tumkur Road,,,Not Applicable,Customer was coughing/sick,Not Applicable,Not Applicable,800,Not Applicable,0,,
2024-07-27 02:14:00,CNR1145837462,Driver Not Found,CID888074,Prime SUV,Indiranagar,Hennur,,,Not Applicable,Not Applicable,Not Applicable,Not Applicable,410,Not Applicable,0,,
2024-07-20 11:19:00,CNR8066114936,Success,CID521035,Mini,Frazer Town,Jayanagar,217.0,120.0,Not Applicable,Not Applicable,No,Not Applicable,103,Cash,19,3.6,3.9
2024-07-08 08:23:00,CNR8751512769,Success,CID599038,Mini,MG Road,Electronic City,175.0,35.0,Not Applicable,Not Applicable,No,Not Applicable,1364,Cash,25,3.7,4.9
2024-07-18 00:18:00,CNR5265180461,Success,CID908903,Mini,Nagarbhavi,Hulimavu,217.0,95.0,Not Applicable,Not Applicable,No,Not Applicable,168,UPI,13,4.6,4.2
2024-07-14 03:07:00,CNR7666553446,Success,CID218302,Mini,Magadi Road,Hulimavu,280.0,85.0,Not Applicable,Not Applicable,No,Not Applicable,370,Cash,3,4.5,3.1
2024-07-26 09:35:00,CNR2830347698,Driver Not Found,CID150903,Auto,Marathahalli,Chickpet,,,Not Applicable,Not Applicable,Not Applicable,Not Applicable,918,Not Applicable,0,,
2024-07-10 17:46:00,CNR5720153796,Success,CID175040,Auto,Chickpet,Whitefield,308.0,110.0,Not Applicable,Not Applicable,No,Not Applicable,676,Cash,19,4.6,3.7
2024-07-04 15:41:00,CNR2080449259,Canceled by Customer,CID812456,eBike,Bannerghatta Road,Yelahanka,,,Driver is not moving towards pickup location,Not Applicable,Not Applicable,Not Applicable,784,Not Applicable,0,,
2024-07-02 06:41:00,CNR9259782832,Canceled by Driver,CID935376,Prime Plus,Whitefield,Whitefield,,,Not Applicable,Customer was coughing/sick,Not Applicable,Not Applicable,470,Not Applicable,0,,
2024-07-30 22:41:00,CNR1436591028,Success,CID137560,Mini,Whitefield,Devanahalli,301.0,90.0,Not Applicable,Not Applicable,No,Not Applicable,651,Cash,5,4.7,4.0
2024-07-23 22:10:00,CNR2656700170,Success,CID347256,Auto,Ramamurthy Nagar,Bannerghatta Road,217.0,30.0,Not Applicable,Not Applicable,No,Not Applicable,167,UPI,15,3.9,3.7
2024-07-18 13:31:00,CNR6366384339,Canceled by Customer,CID534806,Bike,Yeshwanthpur,Indiranagar,,,Driver asked to cancel,Not Applicable,Not Applicable,Not Applicable,2227,Not Applicable,0,,
2024-07-26 22:15:00,CNR3156176324,Canceled by Driver,CID476460,Prime Plus,Kengeri,Indiranagar,,,Not Applicable,Personal & Car related issue,Not Applicable,Not Applicable,435,Not Applicable,0,,
2024-07-22 09:44:00,CNR8386114844,Success,CID480104,Prime Sedan,Banashankari,Indiranagar,161.0,65.0,Not Applicable,Not Applicable,No,Not Applicable,243,UPI,42,4.0,3.6
2024-07-24 23:20:00,CNR6250972273,Success,CID327502,Auto,Tumkur Road,Frazer Town,70.0,125.0,Not Applicable,Not Applicable,No,Not Applicable,377,UPI,9,4.2,3.6
2024-07-28 23:42:00,CNR5446681571,Success,CID701223,Mini,Kammanahalli,Kadugodi,126.0,40.0,Not Applicable,Not Applicable,Yes,Customer Demand,228,Cash,30,4.2,4.1
2024-07-26 01:24:00,CNR7358307376,Driver Not Found,CID756880,Prime SUV,Kammanahalli,Magadi Road,,,Not Applicable,Not Applicable,Not Applicable,Not Applicable,395,Not Applicable,0,,
2024-07-15 15:55:00,CNR8090421069,Success,CID167361,Bike,JP Nagar,HSR Layout,231.0,70.0,Not Applicable,Not Applicable,No,Not Applicable,230,Cash,48,3.1,4.1
2024-07-17 02:32:00,CNR7533586949,Success,CID731860,eBike,Ramamurthy Nagar,Peenya,91.0,75.0,Not Applicable,Not Applicable,No,Not Applicable,932,UPI,48,3.4,4.8
2024-07-07 02:11:00,CNR7431359213,Success,CID708412,Mini,Kengeri,Electronic City,252.0,135.0,Not Applicable,Not Applicable,Yes,Customer Demand,358,Cash,1,4.8,3.1
2024-07-03 17:31:00,CNR6213885481,Success,CID626746,Auto,Hosur Road,MG Road,35.0,65.0,Not Applicable,Not Applicable,No,Not Applicable,372,Cash,3,4.9,3.1
2024-07-12 15:13:00,CNR8718269213,Success,CID728985,eBike,MG Road,Ulsoor,154.0,75.0,Not Applicable,Not Applicable,No,Not Applicable,316,Cash,38,3.3,4.2
2024-07-13 12:41:00,CNR7505203566,Success,CID512968,Mini,HSR Layout,Kadugodi,203.0,60.0,Not Applicable,Not Applicable,No,Not Applicable,452,UPI,37,4.3,4.2
2024-07-19 10:44:00,CNR5874352419,Driver Not Found,CID358012,Mini,Frazer Town,Richmond Town,,,Not Applicable,Not Applicable,Not Applicable,Not Applicable,401,Not Applicable,0,,
2024-07-16 11:13:00,CNR1987719714,Success,CID685183,Bike,Devanahalli,Nagarbhavi,252.0,115.0,Not Applicable,Not Applicable,No,Not Applicable,228,Credit Card,18,4.0,3.2
2024-07-20 06:36:00,CNR2294826969,Driver Not Found,CID756819,Mini,Kengeri,Whitefield,,,Not Applicable,Not Applicable,Not Applicable,Not Applicable,333,Not Applicable,0,,
2024-07-08 13:37:00,CNR2634180731,Driver Not Found,CID231845,Prime Sedan,Padmanabhanagar,Peenya,,,Not Applicable,Not Applicable,Not Applicable,Not Applicable,675,Not Applicable,0,,
2024-07-12 23:30:00,CNR9656677720,Driver Not Found,CID232796,Mini,Majestic,Jayanagar,,,Not Applicable,Not Applicable,Not Applicable,Not Applicable,147,Not Applicable,0,,
2024-07-22 11:05:00,CNR3545983144,Success,CID683321,Bike,Hosur Road,Kengeri,119.0,75.0,Not Applicable,Not Applicable,No,Not Applicable,2397,Cash,5,3.0,4.9
2024-07-29 06:05:00,CNR9168344005,Success,CID631789,Mini,Yelahanka,Langford Town,259.0,80.0,Not Applicable,Not Applicable,No,Not Applicable,882,Cash,24,3.9,4.0
2024-07-29 05:42:00,CNR4300626310,Success,CID975861,Bike,JP Nagar,Vijayanagar,63.0,105.0,Not Applicable,Not Applicable,No,Not Applicable,413,UPI,49,4.3,4.8
2024-07-06 03:00:00,CNR7964868460,Success,CID609217,Prime Plus,Hosur Road,Padmanabhanagar,154.0,55.0,Not Applicable,Not Applicable,No,Not Applicable,559,UPI,11,4.9,3.5
2024-07-09 10:49:00,CNR6811541737,Success,CID933858,eBike,Kadugodi,Jayanagar,308.0,50.0,Not Applicable,Not Applicable,No,Not Applicable,103,Cash,40,3.9,3.2
2024-07-29 11:13:00,CNR5749238951,Canceled by Driver,CID113436,Mini,Hosur Road,Langford Town,,,Not Applicable,Customer was coughing/sick,Not Applicable,Not Applicable,193,Not Applicable,0,,
2024-07-24 02:31:00,CNR3167367238,Canceled by Customer,CID155148,Bike,HSR Layout,Peenya,,,Wrong Address,Not Applicable,Not Applicable,Not Applicable,415,Not Applicable,0,,
2024-07-14 13:07:00,CNR3416926814,Success,CID714974,Prime Sedan,Vijayanagar,Hosur Road,147.0,90.0,Not Applicable,Not Applicable,No,Not Applicable,103,UPI,2,3.6,4.6
2024-07-16 01:34:00,CNR4098128954,Driver Not Found,CID735108,eBike,JP Nagar,Devanahalli,,,Not Applicable,Not Applicable,Not Applicable,Not Applicable,348,Not Applicable,0,,
2024-07-20 03:08:00,CNR5664142701,Success,CID702405,Mini,Hebbal,Cox Town,224.0,65.0,Not Applicable,Not Applicable,No,Not Applicable,967,UPI,1,3.2,3.3
2024-07-30 13:21:00,CNR8185860871,Success,CID749306,Prime Plus,Tumkur Road,HSR Layout,273.0,90.0,Not Applicable,Not Applicable,No,Not Applicable,1112,Cash,3,3.2,3.4
2024-07-10 06:39:00,CNR7529586747,Success,CID252474,Prime Plus,Kammanahalli,Banashankari,133.0,75.0,Not Applicable,Not Applicable,No,Not Applicable,1981,Cash,36,3.6,3.2
2024-07-10 04:59:00,CNR3152955814,Canceled by Customer,CID292419,eBike,RT Nagar,Rajarajeshwari Nagar,,,Change of plans,Not Applicable,Not Applicable,Not Applicable,369,Not Applicable,0,,
2024-07-30 12:46:00,CNR6224248595,Success,CID624264,Mini,Sahakar Nagar,Chamarajpet,126.0,110.0,Not Applicable,Not Applicable,No,Not Applicable,940,Cash,42,3.9,4.0
2024-07-14 15:29:00,CNR4914510705,Success,CID758444,Mini,Frazer Town,Rajarajeshwari Nagar,189.0,100.0,Not Applicable,Not Applicable,No,Not Applicable,155,UPI,17,4.8,4.9
2024-07-14 07:59:00,CNR6734003236,Success,CID302420,Mini,Yeshwanthpur,Chamarajpet,259.0,105.0,Not Applicable,Not Applicable,No,Not Applicable,719,Cash,11,4.4,3.2
2024-07-25 13:44:00,CNR8044113868,Canceled by Driver,CID865209,Prime Plus,Kadugodi,BTM Layout,,,Not Applicable,Personal & Car related issue,Not Applicable,Not Applicable,456,Not Applicable,0,,
2024-07-09 02:24:00,CNR3306586865,Success,CID413664,Auto,Malleshwaram,Banashankari,175.0,110.0,Not Applicable,Not Applicable,No,Not Applicable,244,UPI,8,4.3,3.3
2024-07-11 05:45:00,CNR1108160369,Success,CID808050,Prime Sedan,Tumkur Road,Jayanagar,224.0,30.0,Not Applicable,Not Applicable,No,Not Applicable,250,UPI,39,4.8,3.2
2024-07-12 20:17:00,CNR4429243020,Success,CID837962,Prime Plus,Jayanagar,Majestic,301.0,95.0,Not Applicable,Not Applicable,No,Not Applicable,302,Cash,15,4.1,4.6
2024-07-14 08:05:00,CNR8823359561,Canceled by Customer,CID679034,Prime Sedan,Hosur Road,Koramangala,,,Change of plans,Not Applicable,Not Applicable,Not Applicable,488,Not Applicable,0,,
2024-07-15 21:45:00,CNR7589150468,Success,CID221399,Prime SUV,Devanahalli,Kadugodi,252.0,120.0,Not Applicable,Not Applicable,No,Not Applicable,511,Cash,17,4.8,4.8
2024-07-14 22:15:00,CNR7422364620,Canceled by Driver,CID697321,Bike,Basavanagudi,Varthur,,,Not Applicable,Customer was coughing/sick,Not Applicable,Not Applicable,1743,Not Applicable,0,,
2024-07-20 20:24:00,CNR2550724148,Success,CID165678,Prime Plus,Padmanabhanagar,Shantinagar,49.0,35.0,Not Applicable,Not Applicable,No,Not Applicable,141,Cash,13,4.0,3.8
2024-07-04 09:50:00,CNR4887017937,Canceled by Customer,CID632904,Auto,Banashankari,JP Nagar,,,Driver is not moving towards pickup location,Not Applicable,Not Applicable,Not Applicable,420,Not Applicable,0,,
2024-07-26 10:40:00,CNR1391212525,Success,CID968653,Prime Plus,Nagarbhavi,Hosur Road,105.0,25.0,Not Applicable,Not Applicable,No,Not Applicable,488,Cash,38,3.3,4.9
2024-07-11 14:56:00,CNR8240086252,Success,CID489361,Prime Sedan,Cox Town,Chickpet,259.0,35.0,Not Applicable,Not Applicable,No,Not Applicable,328,UPI,21,4.2,3.1
2024-07-30 18:50:00,CNR3749920335,Success,CID626033,Prime SUV,Peenya,Ramamurthy Nagar,77.0,75.0,Not Applicable,Not Applicable,No,Not Applicable,260,UPI,19,3.9,4.3
2024-07-06 01:58:00,CNR8988587099,Success,CID107428,Bike,Magadi Road,Kengeri,91.0,110.0,Not Applicable,Not Applicable,No,Not Applicable,424,UPI,36,3.2,3.0
2024-07-23 06:17:00,CNR9068032011,Success,CID741481,Bike,Nagarbhavi,Sarjapur Road,217.0,130.0,Not Applicable,Not Applicable,No,Not Applicable,354,UPI,31,3.6,4.7
2024-07-04 21:54:00,CNR7259037190,Success,CID953340,eBike,Hennur,Varthur,154.0,75.0,Not Applicable,Not Applicable,No,Not Applicable,2455,UPI,23,3.6,4.2
2024-07-29 11:52:00,CNR5786896836,Canceled by Driver,CID938158,Mini,Yeshwanthpur,Indiranagar,,,Not Applicable,Customer related issue,Not Applicable,Not Applicable,542,Not Applicable,0,,
2024-07-25 00:55:00,CNR6964818576,Canceled by Driver,CID797711,Bike,Bannerghatta Road,Majestic,,,Not Applicable,Personal & Car related issue,Not Applicable,Not Applicable,496,Not Applicable,0,,
2024-07-09 20:27:00,CNR1273958473,Success,CID606526,Prime SUV,Kammanahalli,Whitefield,168.0,80.0,Not Applicable,Not Applicable,Yes,Customer Demand,962,Cash,33,4.5,3.5
2024-07-11 03:21:00,CNR5835717884,Success,CID576001,Mini,Kammanahalli,Mysore Road,189.0,75.0,Not Applicable,Not Applicable,No,Not Applicable,475,Cash,21,4.0,3.7
2024-07-21 06:40:00,CNR2462323860,Canceled by Customer,CID413221,eBike,Mysore Road,Bannerghatta Road,,,Change of plans,Not Applicable,Not Applicable,Not Applicable,273,Not Applicable,0,,
2024-07-10 08:58:00,CNR3315074228,Canceled by Driver,CID213189,Prime Sedan,Bannerghatta Road,HSR Layout,,,Not Applicable,Customer related issue,Not Applicable,Not Applicable,504,Not Applicable,0,,
2024-07-30 13:11:00,CNR1589574336,Success,CID703540,Auto,Kammanahalli,Kengeri,252.0,35.0,Not Applicable,Not Applicable,No,Not Applicable,258,Cash,4,3.1,3.3
2024-07-12 10:19:00,CNR9042078247,Driver Not Found,CID426585,Prime Sedan,Malleshwaram,Shantinagar,,,Not Applicable,Not Applicable,Not Applicable,Not Applicable,361,Not Applicable,0,,
2024-07-05 09:39:00,CNR2342628236,Success,CID807204,eBike,Varthur,Hulimavu,266.0,95.0,Not Applicable,Not Applicable,No,Not Applicable,672,UPI,42,4.5,4.3
2024-07-06 17:43:00,CNR2980027381,Canceled by Customer,CID131828,Auto,Hosur Road,Ulsoor,,,Driver asked to cancel,Not Applicable,Not Applicable,Not Applicable,122,Not Applicable,0,,
2024-07-28 14:41:00,CNR3483754299,Driver Not Found,CID227405,eBike,Ramamurthy Nagar,Shantinagar,,,Not Applicable,Not Applicable,Not Applicable,Not Applicable,335,Not Applicable,0,,
2024-07-18 09:11:00,CNR4857571099,Success,CID696563,Mini,Ulsoor,Electronic City,245.0,130.0,Not Applicable,Not Applicable,No,Not Applicable,284,Credit Card,11,3.2,3.3
2024-07-24 14:25:00,CNR9238771768,Canceled by Customer,CID981360,Auto,Sarjapur Road,Sarjapur Road,,,AC is Not working,Not Applicable,Not Applicable,Not Applicable,282,Not Applicable,0,,
2024-07-12 23:14:00,CNR6519840426,Success,CID556618,Prime Sedan,MG Road,Hosur Road,105.0,115.0,Not Applicable,Not Applicable,No,Not Applicable,128,Cash,2,4.6,4.4
2024-07-02 08:24:00,CNR8316546190,Success,CID472968,Prime Sedan,Padmanabhanagar,Indiranagar,42.0,105.0,Not Applicable,Not Applicable,No,Not Applicable,336,Cash,27,3.1,3.0
2024-07-28 07:36:00,CNR6240505080,Canceled by Driver,CID625924,Bike,Hennur,Hosur Road,,,Not Applicable,Customer related issue,Not Applicable,Not Applicable,313,Not Applicable,0,,
2024-07-09 15:57:00,CNR1253853738,Success,CID670803,Auto,Whitefield,Peenya,77.0,115.0,Not Applicable,Not Applicable,No,Not Applicable,761,Cash,15,4.8,4.2
2024-07-21 12:53:00,CNR9235416380,Success,CID557820,Prime Plus,Jayanagar,Kammanahalli,56.0,135.0,Not Applicable,Not Applicable,Yes,Customer Demand,387,UPI,10,4.3,3.1
2024-07-19 01:18:00,CNR8783755671,Success,CID515170,Prime SUV,Sahakar Nagar,Kengeri,161.0,95.0,Not Applicable,Not Applicable,No,Not Applicable,176,UPI,2,3.2,3.2
2024-07-04 16:18:00,CNR4886112094,Driver Not Found,CID943918,Prime Plus,Majestic,Kammanahalli,,,Not Applicable,Not Applicable,Not Applicable,Not Applicable,850,Not Applicable,0,,
2024-07-19 13:09:00,CNR4822229266,Success,CID773578,Auto,KR Puram,Kengeri,77.0,125.0,Not Applicable,Not Applicable,No,Not Applicable,383,Cash,18,3.8,4.1
2024-07-23 17:00:00,CNR1777622925,Success,CID465407,eBike,Varthur,Marathahalli,245.0,30.0,Not Applicable,Not Applicable,No,Not Applicable,412,UPI,20,4.5,3.4
2024-07-10 11:41:00,CNR5583823935,Success,CID347824,Prime Plus,MG Road,Padmanabhanagar,119.0,60.0,Not Applicable,Not Applicable,No,Not Applicable,433,UPI,38,3.4,4.9
2024-07-07 21:02:00,CNR9605957292,Success,CID313100,Prime Sedan,Sarjapur Road,Richmond Town,238.0,40.0,Not Applicable,Not Applicable,No,Not Applicable,191,UPI,16,4.8,5.0
2024-07-05 23:44:00,CNR2442317195,Success,CID369749,eBike,KR Puram,Hulimavu,203.0,145.0,Not Applicable,Not Applicable,No,Not Applicable,368,Cash,43,3.3,4.0
2024-07-13 02:43:00,CNR2938894688,Canceled by Customer,CID522084,eBike,Electronic City,Electronic City,,,Driver asked to cancel,Not Applicable,Not Applicable,Not Applicable,997,Not Applicable,0,,
2024-07-16 22:14:00,CNR5384168358,Success,CID898175,Auto,Magadi Road,BTM Layout,189.0,145.0,Not Applicable,Not Applicable,No,Not Applicable,217,UPI,3,4.8,4.4
2024-07-22 07:19:00,CNR6368277218,Success,CID843841,Prime SUV,Marathahalli,Kengeri,56.0,40.0,Not Applicable,Not Applicable,No,Not Applicable,2939,UPI,12,3.3,3.6
2024-07-27 14:47:00,CNR2638607114,Success,CID635244,Auto,Rajarajeshwari Nagar,Hennur,49.0,115.0,Not Applicable,Not Applicable,No,Not Applicable,220,Cash,7,4.0,3.3
2024-07-07 12:02:00,CNR1024013737,Success,CID323310,Bike,Kadugodi,Frazer Town,196.0,135.0,Not Applicable,Not Applicable,No,Not Applicable,789,UPI,35,4.2,3.7
2024-07-21 04:38:00,CNR8385208255,Driver Not Found,CID731101,Auto,Vijayanagar,Koramangala,,,Not Applicable,Not Applicable,Not Applicable,Not Applicable,444,Not Applicable,0,,
2024-07-19 20:26:00,CNR1207623520,Success,CID731251,eBike,Frazer Town,Nagarbhavi,70.0,110.0,Not Applicable,Not Applicable,No,Not Applicable,210,Debit Card,20,3.5,3.5
2024-07-07 12:17:00,CNR3454175983,Canceled by Customer,CID165680,Mini,Shantinagar,Kammanahalli,,,Change of plans,Not Applicable,Not Applicable,Not Applicable,2189,Not Applicable,0,,
2024-07-17 22:58:00,CNR3980791847,Success,CID676023,Prime SUV,Malleshwaram,Electronic City,252.0,95.0,Not Applicable,Not Applicable,No,Not Applicable,282,Cash,1,3.4,3.3
2024-07-26 20:31:00,CNR7957840805,Success,CID141917,Prime Sedan,Indiranagar,Ulsoor,308.0,100.0,Not Applicable,Not Applicable,No,Not Applicable,377,Cash,37,4.2,4.6
2024-07-19 14:02:00,CNR3523925847,Success,CID755327,Auto,Magadi Road,Hebbal,63.0,125.0,Not Applicable,Not Applicable,No,Not Applicable,762,Credit Card,17,4.0,4.1
2024-07-30 01:50:00,CNR1183336789,Success,CID275062,Prime Plus,Bellandur,Cox Town,35.0,75.0,Not Applicable,Not Applicable,No,Not Applicable,379,Cash,6,4.9,4.3
2024-07-02 04:19:00,CNR5233580095,Canceled by Driver,CID740865,Prime Plus,Kadugodi,Indiranagar,,,Not Applicable,Customer related issue,Not Applicable,Not Applicable,241,Not Applicable,0,,
2024-07-16 14:44:00,CNR5054035020,Canceled by Customer,CID538585,Prime SUV,RT Nagar,Padmanabhanagar,,,Wrong Address,Not Applicable,Not Applicable,Not Applicable,203,Not Applicable,0,,
2024-07-02 19:04:00,CNR2109208892,Success,CID418749,Mini,Rajarajeshwari Nagar,Magadi Road,119.0,135.0,Not Applicable,Not Applicable,No,Not Applicable,2152,Cash,42,4.2,3.8
2024-07-10 05:05:00,CNR8312185216,Canceled by Driver,CID675806,Prime Plus,Frazer Town,Hosur Road,,,Not Applicable,Personal & Car related issue,Not Applicable,Not Applicable,867,Not Applicable,0,,
2024-07-24 20:03:00,CNR2247987631,Success,CID920026,Prime SUV,Kadugodi,HSR Layout,266.0,55.0,Not Applicable,Not Applicable,No,Not Applicable,279,Cash,16,3.5,3.2
2024-07-09 00:38:00,CNR4838760266,Success,CID863216,eBike,Magadi Road,Majestic,238.0,80.0,Not Applicable,Not Applicable,No,Not Applicable,804,Cash,5,3.4,3.2
2024-07-15 00:50:00,CNR2158031368,Success,CID325242,Prime Plus,Tumkur Road,Marathahalli,259.0,135.0,Not Applicable,Not Applicable,No,Not Applicable,382,Cash,2,3.3,5.0
2024-07-10 22:49:00,CNR4063607940,Canceled by Driver,CID551092,Prime Plus,Chickpet,Shantinagar,,,Not Applicable,Personal & Car related issue,Not Applicable,Not Applicable,259,Not Applicable,0,,
2024-07-07 12:11:00,CNR2963938417,Success,CID303346,Auto,Sarjapur Road,Kammanahalli,147.0,140.0,Not Applicable,Not Applicable,No,Not Applicable,359,Cash,13,4.2,4.6
2024-07-14 11:44:00,CNR1587398099,Success,CID602242,Auto,Hennur,RT Nagar,126.0,30.0,Not Applicable,Not Applicable,No,Not Applicable,384,UPI,15,4.2,3.7
2024-07-07 08:51:00,CNR8230072360,Canceled by Customer,CID100169,Prime SUV,Chickpet,Shantinagar,,,AC is Not working,Not Applicable,Not Applicable,Not Applicable,2658,Not Applicable,0,,
2024-07-29 21:45:00,CNR9196390312,Canceled by Driver,CID855486,Prime Sedan,Hulimavu,Frazer Town,,,Not Applicable,Customer related issue,Not Applicable,Not Applicable,708,Not Applicable,0,,
2024-07-30 01:17:00,CNR8255407353,Success,CID376630,Prime Sedan,Hulimavu,Bannerghatta Road,287.0,55.0,Not Applicable,Not Applicable,No,Not Applicable,647,UPI,20,3.4,4.2
2024-07-17 16:12:00,CNR1327738343,Success,CID668886,Auto,Koramangala,Yeshwanthpur,63.0,70.0,Not Applicable,Not Applicable,No,Not Applicable,255,Cash,7,4.3,3.2
2024-07-27 20:52:00,CNR1681037029,Success,CID102835,Mini,Ramamurthy Nagar,Padmanabhanagar,266.0,85.0,Not Applicable,Not Applicable,No,Not Applicable,797,Cash,15,4.2,3.7
2024-07-17 01:49:00,CNR3531556369,Success,CID783988,Auto,Kengeri,Sahakar Nagar,224.0,140.0,Not Applicable,Not Applicable,No,Not Applicable,1039,Cash,11,4.8,3.3
2024-07-09 20:46:00,CNR9787213918,Success,CID448251,Bike,KR Puram,Chickpet,105.0,100.0,Not Applicable,Not Applicable,No,Not Applicable,416,UPI,34,3.8,3.1
2024-07-17 02:11:00,CNR4643017254,Canceled by Driver,CID820751,Auto,Bellandur,MG Road,,,Not Applicable,Customer related issue,Not Applicable,Not Applicable,334,Not Applicable,0,,
2024-07-12 23:12:00,CNR7356749578,Success,CID678473,eBike,Mysore Road,Vijayanagar,252.0,115.0,Not Applicable,Not Applicable,No,Not Applicable,370,Cash,13,4.9,4.7
2024-07-08 23:57:00,CNR1681322526,Success,CID270758,Prime Plus,Electronic City,Shivajinagar,301.0,70.0,Not Applicable,Not Applicable,No,Not Applicable,956,UPI,31,3.2,4.1
2024-07-03 04:35:00,CNR4014454247,Success,CID783114,Bike,Bellandur,MG Road,119.0,135.0,Not Applicable,Not Applicable,No,Not Applicable,123,UPI,25,3.2,3.1
2024-07-01 14:20:00,CNR1033575280,Success,CID724238,Auto,Kammanahalli,Varthur,280.0,85.0,Not Applicable,Not Applicable,No,Not Applicable,630,UPI,1,3.4,4.0
2024-07-07 05:08:00,CNR4900782076,Success,CID420757,Prime SUV,Rajajinagar,Langford Town,105.0,145.0,Not Applicable,Not Applicable,No,Not Applicable,294,UPI,42,3.9,3.9
2024-07-21 22:42:00,CNR3469270131,Success,CID579566,Prime SUV,Jayanagar,Devanahalli,175.0,60.0,Not Applicable,Not Applicable,No,Not Applicable,351,Cash,45,4.1,3.6
2024-07-22 04:10:00,CNR1027987892,Success,CID100432,Prime Plus,KR Puram,Tumkur Road,301.0,135.0,Not Applicable,Not Applicable,No,Not Applicable,270,UPI,46,3.5,4.6
2024-07-16 04:24:00,CNR7414220505,Success,CID363234,Bike,BTM Layout,Yelahanka,70.0,110.0,Not Applicable,Not Applicable,No,Not Applicable,312,UPI,30,4.2,3.3
2024-07-26 18:54:00,CNR6333842632,Success,CID341829,eBike,Jayanagar,Tumkur Road,42.0,100.0,Not Applicable,Not Applicable,No,Not Applicable,918,Cash,11,4.0,4.3
2024-07-22 15:07:00,CNR8713639286,Success,CID238234,Prime Plus,JP Nagar,Kadugodi,217.0,130.0,Not Applicable,Not Applicable,No,Not Applicable,1719,Cash,33,3.4,4.2
2024-07-08 07:12:00,CNR7693790951,Success,CID859433,Auto,Electronic City,Kengeri,133.0,95.0,Not Applicable,Not Applicable,No,Not Applicable,180,Cash,11,4.8,3.8
2024-07-26 04:56:00,CNR4970925231,Success,CID752899,Prime Sedan,KR Puram,Rajajinagar,273.0,30.0,Not Applicable,Not Applicable,No,Not Applicable,474,UPI,32,3.3,4.8
2024-07-25 21:43:00,CNR5669463085,Success,CID420051,Prime SUV,Langford Town,Bellandur,112.0,30.0,Not Applicable,Not Applicable,No,Not Applicable,963,UPI,1,4.4,3.9
2024-07-07 18:25:00,CNR1825987739,Success,CID745210,Auto,Indiranagar,Hosur Road,63.0,105.0,Not Applicable,Not Applicable,No,Not Applicable,1831,UPI,11,3.5,3.9
2024-07-10 04:54:00,CNR6142327381,Success,CID886177,Auto,Chamarajpet,Ramamurthy Nagar,175.0,100.0,Not Applicable,Not Applicable,No,Not Applicable,386,UPI,12,4.2,3.3
2024-07-06 16:13:00,CNR1137471171,Success,CID532656,Mini,KR Puram,Bellandur,133.0,55.0,Not Applicable,Not Applicable,No,Not Applicable,880,Cash,17,4.4,3.3
2024-07-15 03:18:00,CNR9206128360,Canceled by Driver,CID897314,Prime Plus,Bellandur,Tumkur Road,,,Not Applicable,Personal & Car related issue,Not Applicable,Not Applicable,296,Not Applicable,0,,
2024-07-08 04:20:00,CNR5561228365,Canceled by Driver,CID189054,Prime Plus,Kammanahalli,Electronic City,,,Not Applicable,Customer related issue,Not Applicable,Not Applicable,118,Not Applicable,0,,
2024-07-28 07:21:00,CNR7672491497,Canceled by Driver,CID652511,eBike,Hosur Road,Shantinagar,,,Not Applicable,Customer was coughing/sick,Not Applicable,Not Applicable,543,Not Applicable,0,,
2024-07-17 19:07:00,CNR9590273753,Driver Not Found,CID814869,Mini,Shivajinagar,Varthur,,,Not Applicable,Not Applicable,Not Applicable,Not Applicable,888,Not Applicable,0,,
2024-07-18 06:13:00,CNR2769419021,Success,CID131652,Prime Plus,Varthur,Langford Town,119.0,140.0,Not Applicable,Not Applicable,No,Not Applicable,371,Cash,16,3.5,3.4
2024-07-17 00:23:00,CNR4004028398,Canceled by Driver,CID233878,eBike,Basavanagudi,MG Road,,,Not Applicable,Personal & Car related issue,Not Applicable,Not Applicable,666,Not Applicable,0,,
2024-07-17 19:20:00,CNR9335062526,Canceled by Customer,CID852224,eBike,Langford Town,Sahakar Nagar,,,AC is Not working,Not Applicable,Not Applicable,Not Applicable,319,Not Applicable,0,,
2024-07-17 12:04:00,CNR4833225982,Canceled by Customer,CID356554,eBike,Kengeri,Marathahalli,,,AC is Not working,Not Applicable,Not Applicable,Not Applicable,1297,Not Applicable,0,,
2024-07-19 17:37:00,CNR5785018546,Driver Not Found,CID435162,Prime Plus,Frazer Town,Kengeri,,,Not Applicable,Not Applicable,Not Applicable,Not Applicable,847,Not Applicable,0,,
2024-07-21 00:30:00,CNR3524968502,Canceled by Driver,CID172402,Bike,Marathahalli,Hosur Road,,,Not Applicable,More than permitted people in there,Not Applicable,Not Applicable,189,Not Applicable,0,,
2024-07-25 14:03:00,CNR3407576395,Driver Not Found,CID501702,Prime Plus,HSR Layout,Whitefield,,,Not Applicable,Not Applicable,Not Applicable,Not Applicable,159,Not Applicable,0,,
2024-07-21 01:34:00,CNR8415507533,Success,CID544137,Bike,MG Road,Shantinagar,119.0,35.0,Not Applicable,Not Applicable,No,Not Applicable,2277,Cash,6,4.9,4.7
2024-07-28 08:01:00,CNR4078208670,Success,CID556328,Prime Sedan,Hulimavu,Jayanagar,203.0,60.0,Not Applicable,Not Applicable,No,Not Applicable,257,UPI,27,3.5,4.4
2024-07-18 03:45:00,CNR8446142648,Success,CID976874,Prime SUV,Varthur,Peenya,63.0,80.0,Not Applicable,Not Applicable,No,Not Applicable,2946,Cash,7,4.7,3.8
2024-07-18 17:05:00,CNR8997703315,Success,CID201059,Prime Sedan,Kengeri,Bannerghatta Road,252.0,140.0,Not Applicable,Not Applicable,No,Not Applicable,191,UPI,23,4.2,4.5
2024-07-03 14:32:00,CNR8381543128,Success,CID180882,Prime Sedan,Sahakar Nagar,Hebbal,231.0,95.0,Not Applicable,Not Applicable,No,Not Applicable,749,Cash,46,3.7,4.9
2024-07-04 14:38:00,CNR3594913733,Success,CID169860,Prime Sedan,Langford Town,Jayanagar,189.0,50.0,Not Applicable,Not Applicable,No,Not Applicable,531,UPI,37,3.9,5.0
2024-07-21 15:19:00,CNR1899868432,Success,CID924159,Prime Plus,Varthur,Kammanahalli,238.0,125.0,Not Applicable,Not Applicable,No,Not Applicable,2945,Cash,33,3.9,4.9
2024-07-17 13:42:00,CNR4905642564,Success,CID770239,Mini,Electronic City,Mysore Road,294.0,135.0,Not Applicable,Not Applicable,No,Not Applicable,186,UPI,4,3.0,3.6
2024-07-19 08:06:00,CNR8066324942,Success,CID741281,Prime SUV,Frazer Town,Nagarbhavi,49.0,35.0,Not Applicable,Not Applicable,No,Not Applicable,347,UPI,25,4.2,3.2
2024-07-24 17:55:00,CNR5676997346,Success,CID592234,Prime Plus,Chamarajpet,Banashankari,70.0,45.0,Not Applicable,Not Applicable,No,Not Applicable,806,UPI,4,3.5,4.2
2024-07-15 06:22:00,CNR5099089202,Driver Not Found,CID316743,Prime SUV,Frazer Town,Ramamurthy Nagar,,,Not Applicable,Not Applicable,Not Applicable,Not Applicable,2302,Not Applicable,0,,
2024-07-01 11:04:00,CNR1920470455,Canceled by Driver,CID230606,Prime Plus,Ulsoor,Electronic City,,,Not Applicable,Customer related issue,Not Applicable,Not Applicable,161,Not Applicable,0,,
2024-07-17 15:44:00,CNR4420738029,Success,CID395170,Prime Sedan,Varthur,Peenya,203.0,130.0,Not Applicable,Not Applicable,No,Not Applicable,1229,Cash,25,3.5,4.1
2024-07-28 20:39:00,CNR7499848199,Success,CID673487,Mini,Langford Town,Kammanahalli,308.0,60.0,Not Applicable,Not Applicable,No,Not Applicable,465,UPI,43,4.1,3.0
2024-07-06 21:36:00,CNR4016062722,Success,CID968331,Auto,Hosur Road,Langford Town,189.0,125.0,Not Applicable,Not Applicable,No,Not Applicable,232,UPI,16,3.1,3.9
2024-07-24 16:55:00,CNR6625076004,Success,CID251462,eBike,Sahakar Nagar,HSR Layout,245.0,115.0,Not Applicable,Not Applicable,No,Not Applicable,326,Debit Card,32,4.9,4.7
2024-07-06 19:52:00,CNR2914983042,Success,CID965895,eBike,Malleshwaram,Nagarbhavi,105.0,130.0,Not Applicable,Not Applicable,No,Not Applicable,276,Cash,11,3.5,4.7
2024-07-11 03:39:00,CNR7666745840,Canceled by Driver,CID913118,eBike,Whitefield,Malleshwaram,,,Not Applicable,Customer was coughing/sick,Not Applicable,Not Applicable,334,Not Applicable,0,,
2024-07-21 06:33:00,CNR5352626218,Success,CID588996,Bike,BTM Layout,RT Nagar,301.0,125.0,Not Applicable,Not Applicable,No,Not Applicable,105,Cash,3,3.7,5.0
2024-07-24 00:14:00,CNR9110475496,Success,CID728160,Bike,BTM Layout,Mysore Road,42.0,35.0,Not Applicable,Not Applicable,No,Not Applicable,561,Cash,2,3.1,4.5
2024-07-04 04:04:00,CNR8986916217,Success,CID584222,Prime Plus,Bannerghatta Road,Ulsoor,308.0,90.0,Not Applicable,Not Applicable,No,Not Applicable,872,Cash,15,3.7,3.5
2024-07-28 12:52:00,CNR1117647783,Success,CID609318,Auto,Kammanahalli,Marathahalli,210.0,90.0,Not Applicable,Not Applicable,No,Not Applicable,364,Cash,4,3.9,3.6
2024-07-21 19:45:00,CNR7492596101,Success,CID262305,Prime SUV,Bannerghatta Road,Ramamurthy Nagar,252.0,100.0,Not Applicable,Not Applicable,No,Not Applicable,280,Cash,4,3.8,3.6
2024-07-17 01:28:00,CNR4194773241,Success,CID915656,Prime Plus,Kadugodi,Yeshwanthpur,56.0,105.0,Not Applicable,Not Applicable,Yes,Vehicle Breakdown,413,Cash,45,3.6,4.5
2024-07-15 12:00:00,CNR3391800098,Success,CID389937,Mini,Hosur Road,Kammanahalli,196.0,50.0,Not Applicable,Not Applicable,No,Not Applicable,433,Cash,32,5.0,3.1
2024-07-18 18:46:00,CNR7349398186,Driver Not Found,CID234936,Bike,Devanahalli,Bannerghatta Road,,,Not Applicable,Not Applicable,Not Applicable,Not Applicable,183,Not Applicable,0,,
2024-07-10 20:17:00,CNR1911813486,Canceled by Customer,CID357995,Auto,Chamarajpet,Kengeri,,,Change of plans,Not Applicable,Not Applicable,Not Applicable,496,Not Applicable,0,,
2024-07-25 16:51:00,CNR7949173320,Success,CID588523,Bike,Hennur,Cox Town,287.0,80.0,Not Applicable,Not Applicable,No,Not Applicable,313,Cash,41,4.4,4.7
2024-07-10 06:16:00,CNR7265478698,Canceled by Driver,CID994452,Prime SUV,Basavanagudi,Banashankari,,,Not Applicable,Customer was coughing/sick,Not Applicable,Not Applicable,646,Not Applicable,0,,
2024-07-23 17:00:00,CNR6957959192,Success,CID827628,Prime Plus,RT Nagar,Bellandur,287.0,25.0,Not Applicable,Not Applicable,No,Not Applicable,171,UPI,18,3.4,4.8
2024-07-08 03:57:00,CNR6099664197,Success,CID267717,Mini,Marathahalli,Jayanagar,196.0,80.0,Not Applicable,Not Applicable,No,Not Applicable,474,Cash,27,4.0,3.9
2024-07-17 05:50:00,CNR1448854618,Success,CID363297,Prime SUV,Vijayanagar,KR Puram,70.0,65.0,Not Applicable,Not Applicable,No,Not Applicable,2731,Cash,6,4.3,3.0
2024-07-16 20:18:00,CNR2921845891,Success,CID976552,Auto,Marathahalli,Electronic City,168.0,60.0,Not Applicable,Not Applicable,No,Not Applicable,176,UPI,10,3.5,3.3
2024-07-12 16:19:00,CNR5212079418,Success,CID458928,Bike,Frazer Town,Rajarajeshwari Nagar,210.0,35.0,Not Applicable,Not Applicable,No,Not Applicable,744,Debit Card,43,3.1,3.9
2024-07-28 13:35:00,CNR8322553355,Success,CID436038,Prime Sedan,Ulsoor,Cox Town,42.0,90.0,Not Applicable,Not Applicable,No,Not Applicable,920,Cash,5,3.1,3.3
2024-07-30 14:38:00,CNR2306957022,Success,CID124740,Mini,Frazer Town,Vijayanagar,231.0,140.0,Not Applicable,Not Applicable,No,Not Applicable,635,UPI,33,4.9,3.1
2024-07-07 19:25:00,CNR1788193828,Canceled by Customer,CID289768,Prime Sedan,HSR Layout,Chickpet,,,Wrong Address,Not Applicable,Not Applicable,Not Applicable,207,Not Applicable,0,,
2024-07-23 07:24:00,CNR6973471670,Canceled by Customer,CID676262,Mini,MG Road,Jayanagar,,,Driver is not moving towards pickup location,Not Applicable,Not Applicable,Not Applicable,879,Not Applicable,0,,
2024-07-15 20:42:00,CNR6067543286,Success,CID870413,Prime Plus,Devanahalli,Banashankari,280.0,40.0,Not Applicable,Not Applicable,No,Not Applicable,196,UPI,44,5.0,4.1
2024-07-16 20:00:00,CNR4933350691,Success,CID592684,Mini,Yelahanka,Bannerghatta Road,245.0,135.0,Not Applicable,Not Applicable,No,Not Applicable,475,UPI,30,3.0,3.8
2024-07-27 08:55:00,CNR5240126189,Success,CID885715,Mini,Nagarbhavi,Mysore Road,252.0,40.0,Not Applicable,Not Applicable,No,Not Applicable,151,UPI,44,4.3,4.1
2024-07-29 20:57:00,CNR3448468481,Success,CID413626,Prime SUV,Richmond Town,Magadi Road,308.0,65.0,Not Applicable,Not Applicable,No,Not Applicable,343,Cash,32,4.5,4.6
2024-07-15 08:28:00,CNR5308242321,Canceled by Driver,CID395219,eBike,Basavanagudi,Basavanagudi,,,Not Applicable,Customer was coughing/sick,Not Applicable,Not Applicable,160,Not Applicable,0,,
2024-07-19 07:05:00,CNR6151337384,Canceled by Customer,CID656992,Prime SUV,Kengeri,Banashankari,,,Wrong Address,Not Applicable,Not Applicable,Not Applicable,334,Not Applicable,0,,
2024-07-15 06:16:00,CNR8882111623,Success,CID477690,Prime Sedan,Whitefield,Indiranagar,175.0,90.0,Not Applicable,Not Applicable,No,Not Applicable,161,Cash,22,4.1,4.6
2024-07-23 07:53:00,CNR4916105264,Success,CID818055,Auto,Sarjapur Road,BTM Layout,35.0,40.0,Not Applicable,Not Applicable,No,Not Applicable,737,Cash,9,4.0,4.6
2024-07-02 05:06:00,CNR8858974757,Success,CID267104,Prime Plus,Nagarbhavi,Mysore Road,35.0,30.0,Not Applicable,Not Applicable,No,Not Applicable,260,Cash,15,3.4,3.4
2024-07-10 05:24:00,CNR3457155114,Success,CID524310,Auto,Rajarajeshwari Nagar,Marathahalli,217.0,130.0,Not Applicable,Not Applicable,No,Not Applicable,410,Cash,7,3.4,4.4
2024-07-30 03:25:00,CNR9515839454,Success,CID788872,Prime SUV,Majestic,Basavanagudi,238.0,25.0,Not Applicable,Not Applicable,No,Not Applicable,147,UPI,15,3.7,3.6
2024-07-02 02:07:00,CNR1447811054,Success,CID988388,Auto,Magadi Road,Ramamurthy Nagar,35.0,55.0,Not Applicable,Not Applicable,Yes,Other Issue,124,Cash,6,4.9,4.9
2024-07-22 05:07:00,CNR5467632583,Success,CID239445,Prime Sedan,Hosur Road,Hebbal,147.0,65.0,Not Applicable,Not Applicable,No,Not Applicable,340,UPI,3,4.8,3.4
2024-07-07 22:33:00,CNR3105591396,Canceled by Customer,CID570088,Bike,Majestic,Frazer Town,,,Driver is not moving towards pickup location,Not Applicable,Not Applicable,Not Applicable,421,Not Applicable,0,,
2024-07-18 02:39:00,CNR8098638154,Success,CID441625,Prime SUV,Banashankari,Ulsoor,105.0,135.0,Not Applicable,Not Applicable,Yes,Customer Demand,436,Cash,14,3.9,4.1
2024-07-20 04:02:00,CNR4826947030,Success,CID953758,eBike,Langford Town,Kadugodi,294.0,85.0,Not Applicable,Not Applicable,No,Not Applicable,476,UPI,7,3.4,3.1
2024-07-26 13:47:00,CNR9732785755,Success,CID938721,Bike,Sarjapur Road,Hosur Road,245.0,45.0,Not Applicable,Not Applicable,No,Not Applicable,298,Credit Card,46,4.3,4.6
2024-07-17 21:59:00,CNR2809671811,Canceled by Customer,CID615100,eBike,Yelahanka,KR Puram,,,Driver is not moving towards pickup location,Not Applicable,Not Applicable,Not Applicable,281,Not Applicable,0,,
2024-07-22 02:02:00,CNR7328594227,Canceled by Driver,CID779750,eBike,MG Road,Hennur,,,Not Applicable,More than permitted people in there,Not Applicable,Not Applicable,378,Not Applicable,0,,
2024-07-02 13:01:00,CNR3079729390,Canceled by Driver,CID242450,Prime Plus,Kammanahalli,Yeshwanthpur,,,Not Applicable,Customer related issue,Not Applicable,Not Applicable,382,Not Applicable,0,,
2024-07-03 10:59:00,CNR5430832147,Canceled by Customer,CID915897,Mini,BTM Layout,RT Nagar,,,Driver is not moving towards pickup location,Not Applicable,Not Applicable,Not Applicable,421,Not Applicable,0,,
2024-07-22 20:46:00,CNR6004703091,Success,CID917735,Mini,Hebbal,Langford Town,203.0,60.0,Not Applicable,Not Applicable,No,Not Applicable,261,UPI,32,3.0,3.0
2024-07-22 00:00:00,CNR4292759188,Canceled by Driver,CID686816,Prime Plus,Frazer Town,Yeshwanthpur,,,Not Applicable,More than permitted people in there,Not Applicable,Not Applicable,502,Not Applicable,0,,
2024-07-24 09:54:00,CNR2888033150,Success,CID411076,Mini,Shantinagar,Tumkur Road,91.0,25.0,Not Applicable,Not Applicable,No,Not Applicable,183,Cash,49,4.6,4.2
2024-07-04 07:48:00,CNR1834707076,Canceled by Customer,CID216354,Auto,Electronic City,Jayanagar,,,AC is Not working,Not Applicable,Not Applicable,Not Applicable,291,Not Applicable,0,,
2024-07-19 20:20:00,CNR1314058519,Driver Not Found,CID934279,Prime Plus,Hennur,Nagarbhavi,,,Not Applicable,Not Applicable,Not Applicable,Not Applicable,454,Not Applicable,0,,
2024-07-18 14:22:00,CNR1187167379,Success,CID692586,Prime Sedan,Vijayanagar,Basavanagudi,133.0,125.0,Not Applicable,Not Applicable,No,Not Applicable,209,Cash,27,4.6,3.1
2024-07-06 13:06:00,CNR3938856497,Success,CID602751,Bike,Hebbal,Cox Town,49.0,65.0,Not Applicable,Not Applicable,No,Not Applicable,2034,Cash,13,3.3,4.8
2024-07-09 13:35:00,CNR5274526510,Canceled by Driver,CID585057,Mini,BTM Layout,Shivajinagar,,,Not Applicable,More than permitted people in there,Not Applicable,Not Applicable,155,Not Applicable,0,,
2024-07-26 23:50:00,CNR6579438392,Driver Not Found,CID977476,Bike,Kadugodi,Sahakar Nagar,,,Not Applicable,Not Applicable,Not Applicable,Not Applicable,784,Not Applicable,0,,
2024-07-09 19:19:00,CNR9635601842,Success,CID310771,Prime Sedan,Frazer Town,Rajarajeshwari Nagar,259.0,95.0,Not Applicable,Not Applicable,No,Not Applicable,419,UPI,1,3.6,4.2
2024-07-27 00:25:00,CNR4845444141,Driver Not Found,CID673856,Prime Plus,Majestic,Kadugodi,,,Not Applicable,Not Applicable,Not Applicable,Not Applicable,226,Not Applicable,0,,
2024-07-04 03:29:00,CNR9698730339,Success,CID145347,Prime SUV,Bannerghatta Road,Padmanabhanagar,70.0,125.0,Not Applicable,Not Applicable,No,Not Applicable,240,UPI,39,3.1,4.3
2024-07-16 00:53:00,CNR2026043966,Success,CID969756,Prime Plus,Shivajinagar,Majestic,266.0,135.0,Not Applicable,Not Applicable,No,Not Applicable,2943,Cash,3,4.7,4.2
2024-07-24 08:05:00,CNR9251069238,Success,CID408850,eBike,Nagarbhavi,Kengeri,42.0,50.0,Not Applicable,Not Applicable,No,Not Applicable,185,Credit Card,45,3.4,3.4
2024-07-11 04:19:00,CNR6029029465,Success,CID212690,eBike,Ulsoor,Langford Town,217.0,100.0,Not Applicable,Not Applicable,No,Not Applicable,423,UPI,47,3.5,3.1
2024-07-26 21:32:00,CNR8481316087,Canceled by Driver,CID893143,Prime Sedan,Kammanahalli,Kammanahalli,,,Not Applicable,Customer related issue,Not Applicable,Not Applicable,103,Not Applicable,0,,
2024-07-23 22:14:00,CNR6533636744,Driver Not Found,CID472193,Prime SUV,Bannerghatta Road,Varthur,,,Not Applicable,Not Applicable,Not Applicable,Not Applicable,443,Not Applicable,0,,
2024-07-16 13:43:00,CNR8894900379,Success,CID582925,Bike,Ulsoor,Whitefield,119.0,115.0,Not Applicable,Not Applicable,No,Not Applicable,2328,Cash,2,4.7,4.9
2024-07-30 21:01:00,CNR4208463435,Success,CID106888,Auto,Sarjapur Road,Devanahalli,84.0,30.0,Not Applicable,Not Applicable,No,Not Applicable,112,Cash,6,4.2,4.4
2024-07-14 00:57:00,CNR6823943900,Canceled by Driver,CID183260,eBike,Frazer Town,Marathahalli,,,Not Applicable,Customer was coughing/sick,Not Applicable,Not Applicable,433,Not Applicable,0,,
2024-07-06 21:28:00,CNR3228351121,Success,CID831770,Auto,Jayanagar,Bellandur,112.0,120.0,Not Applicable,Not Applicable,No,Not Applicable,328,Cash,2,4.9,4.9
2024-07-13 23:25:00,CNR3692634858,Success,CID729248,Auto,Indiranagar,MG Road,308.0,25.0,Not Applicable,Not Applicable,No,Not Applicable,419,Cash,17,3.9,4.3
2024-07-10 13:24:00,CNR6832458899,Driver Not Found,CID404665,Prime Sedan,Hebbal,Ulsoor,,,Not Applicable,Not Applicable,Not Applicable,Not Applicable,321,Not Applicable,0,,
2024-07-08 22:39:00,CNR4227923386,Success,CID457543,Prime SUV,Kengeri,Hosur Road,147.0,35.0,Not Applicable,Not Applicable,No,Not Applicable,775,UPI,26,4.3,3.6
2024-07-05 18:41:00,CNR6324779088,Success,CID647717,Prime Plus,Richmond Town,KR Puram,273.0,90.0,Not Applicable,Not Applicable,No,Not Applicable,1686,Cash,8,3.0,4.0
2024-07-11 21:32:00,CNR2750480706,Canceled by Driver,CID783949,Auto,Nagarbhavi,Hennur,,,Not Applicable,More than permitted people in there,Not Applicable,Not Applicable,386,Not Applicable,0,,
2024-07-20 09:52:00,CNR9104943669,Success,CID792860,Prime SUV,KR Puram,Chickpet,273.0,140.0,Not Applicable,Not Applicable,No,Not Applicable,497,Cash,4,5.0,4.6
2024-07-04 15:29:00,CNR4779112545,Success,CID446836,Prime SUV,Richmond Town,Yeshwanthpur,196.0,50.0,Not Applicable,Not Applicable,No,Not Applicable,402,UPI,18,4.1,4.3
2024-07-22 05:13:00,CNR7319217179,Success,CID867526,Prime SUV,Langford Town,Jayanagar,287.0,80.0,Not Applicable,Not Applicable,No,Not Applicable,316,Cash,18,4.3,4.6
2024-07-27 13:48:00,CNR6423460418,Success,CID686590,Prime Sedan,Yelahanka,Langford Town,112.0,85.0,Not Applicable,Not Applicable,No,Not Applicable,851,Cash,5,3.3,5.0
2024-07-12 01:25:00,CNR8455159847,Canceled by Driver,CID613266,Prime SUV,Chickpet,Ramamurthy Nagar,,,Not Applicable,Customer related issue,Not Applicable,Not Applicable,1776,Not Applicable,0,,
2024-07-19 07:35:00,CNR8585276549,Success,CID176098,Prime Sedan,Hosur Road,Vijayanagar,273.0,35.0,Not Applicable,Not Applicable,No,Not Applicable,211,Cash,2,4.2,4.7
2024-07-14 00:58:00,CNR1778894471,Driver Not Found,CID503864,Auto,Ulsoor,Hosur Road,,,Not Applicable,Not Applicable,Not Applicable,Not Applicable,550,Not Applicable,0,,
2024-07-25 19:44:00,CNR4086181217,Success,CID237024,Mini,Padmanabhanagar,Richmond Town,168.0,130.0,Not Applicable,Not Applicable,No,Not Applicable,186,UPI,48,4.8,3.2
2024-07-27 12:56:00,CNR4882182971,Canceled by Driver,CID413960,eBike,Indiranagar,MG Road,,,Not Applicable,Customer related issue,Not Applicable,Not Applicable,142,Not Applicable,0,,
2024-07-17 12:50:00,CNR8803580705,Driver Not Found,CID762964,Prime Sedan,Hebbal,RT Nagar,,,Not Applicable,Not Applicable,Not Applicable,Not Applicable,999,Not Applicable,0,,
2024-07-12 05:43:00,CNR5313602610,Success,CID215115,Prime SUV,Langford Town,Hennur,231.0,55.0,Not Applicable,Not Applicable,No,Not Applicable,456,Cash,45,4.9,3.7
2024-07-07 08:40:00,CNR7839601277,Driver Not Found,CID939157,Mini,Chamarajpet,Indiranagar,,,Not Applicable,Not Applicable,Not Applicable,Not Applicable,337,Not Applicable,0,,
2024-07-18 00:55:00,CNR3706881320,Canceled by Driver,CID263851,eBike,Jayanagar,RT Nagar,,,Not Applicable,Customer was coughing/sick,Not Applicable,Not Applicable,683,Not Applicable,0,,
2024-07-29 10:40:00,CNR7709955748,Success,CID605856,Prime SUV,Tumkur Road,Bannerghatta Road,84.0,110.0,Not Applicable,Not Applicable,No,Not Applicable,382,Cash,38,4.4,3.0
2024-07-02 13:47:00,CNR3916418224,Success,CID284071,Prime Sedan,Shantinagar,Kengeri,84.0,110.0,Not Applicable,Not Applicable,No,Not Applicable,272,Cash,27,4.9,3.3
2024-07-28 11:47:00,CNR2678168227,Success,CID460638,eBike,Magadi Road,Chickpet,301.0,135.0,Not Applicable,Not Applicable,No,Not Applicable,546,Cash,6,3.6,4.3
2024-07-06 07:16:00,CNR1399800908,Success,CID213596,Prime SUV,Hennur,Mysore Road,168.0,60.0,Not Applicable,Not Applicable,No,Not Applicable,202,Cash,32,4.3,3.2
2024-07-25 22:35:00,CNR7947864965,Canceled by Customer,CID809070,Prime Sedan,Tumkur Road,Rajarajeshwari Nagar,,,Driver is not moving towards pickup location,Not Applicable,Not Applicable,Not Applicable,736,Not Applicable,0,,
2024-07-10 01:14:00,CNR8719462328,Canceled by Driver,CID777112,Mini,Basavanagudi,Malleshwaram,,,Not Applicable,Customer related issue,Not Applicable,Not Applicable,190,Not Applicable,0,,
2024-07-10 13:17:00,CNR9758940512,Canceled by Driver,CID413223,Auto,Kadugodi,Hebbal,,,Not Applicable,Personal & Car related issue,Not Applicable,Not Applicable,258,Not Applicable,0,,
2024-07-27 01:45:00,CNR1235181140,Canceled by Driver,CID932593,Prime SUV,Whitefield,Ramamurthy Nagar,,,Not Applicable,Customer was coughing/sick,Not Applicable,Not Applicable,1212,Not Applicable,0,,
2024-07-24 09:05:00,CNR9900770592,Success,CID676047,Bike,Chamarajpet,Sahakar Nagar,196.0,145.0,Not Applicable,Not Applicable,No,Not Applicable,215,Cash,3,4.3,3.2
2024-07-06 19:03:00,CNR1636500515,Success,CID344491,Bike,Indiranagar,Hennur,105.0,65.0,Not Applicable,Not Applicable,No,Not Applicable,363,UPI,31,4.0,3.7
2024-07-25 22:07:00,CNR5676975915,Success,CID817743,Bike,KR Puram,Cox Town,63.0,30.0,Not Applicable,Not Applicable,No,Not Applicable,416,Debit Card,11,4.3,4.8
2024-07-03 02:45:00,CNR1137078319,Success,CID952396,Prime Plus,Bannerghatta Road,Shantinagar,49.0,125.0,Not Applicable,Not Applicable,No,Not Applicable,844,Cash,16,3.1,3.7
2024-07-17 11:40:00,CNR3834089773,Success,CID805237,Prime SUV,Bannerghatta Road,Bannerghatta Road,308.0,50.0,Not Applicable,Not Applicable,No,Not Applicable,209,UPI,22,3.5,4.6
2024-07-16 06:08:00,CNR4793006878,Success,CID366019,eBike,Chickpet,Kengeri,105.0,60.0,Not Applicable,Not Applicable,No,Not Applicable,198,Cash,15,4.5,4.1
2024-07-17 20:51:00,CNR3969366077,Driver Not Found,CID848136,Prime SUV,Padmanabhanagar,HSR Layout,,,Not Applicable,Not Applicable,Not Applicable,Not Applicable,679,Not Applicable,0,,
2024-07-13 07:01:00,CNR3922560398,Success,CID853668,Mini,Kadugodi,KR Puram,147.0,70.0,Not Applicable,Not Applicable,No,Not Applicable,290,Cash,3,3.6,4.8
2024-07-29 09:47:00,CNR5405344618,Canceled by Customer,CID131512,Auto,Yeshwanthpur,Cox Town,,,Change of plans,Not Applicable,Not Applicable,Not Applicable,2139,Not Applicable,0,,
2024-07-29 05:21:00,CNR5691009512,Canceled by Driver,CID241626,eBike,Padmanabhanagar,Padmanabhanagar,,,Not Applicable,Customer was coughing/sick,Not Applicable,Not Applicable,390,Not Applicable,0,,
2024-07-26 04:57:00,CNR9775821753,Success,CID167948,Prime SUV,Mysore Road,Marathahalli,210.0,130.0,Not Applicable,Not Applicable,No,Not Applicable,826,Cash,2,3.2,3.4
2024-07-09 03:15:00,CNR6821379281,Canceled by Customer,CID645720,Bike,Cox Town,Malleshwaram,,,Driver is not moving towards pickup location,Not Applicable,Not Applicable,Not Applicable,842,Not Applicable,0,,
2024-07-11 18:07:00,CNR1163498501,Driver Not Found,CID661246,Auto,Marathahalli,Banashankari,,,Not Applicable,Not Applicable,Not Applicable,Not Applicable,336,Not Applicable,0,,
2024-07-22 14:29:00,CNR3009024991,Success,CID453300,Prime Sedan,Frazer Town,Jayanagar,161.0,45.0,Not Applicable,Not Applicable,No,Not Applicable,235,UPI,33,3.6,4.0
2024-07-07 13:22:00,CNR1721420669,Driver Not Found,CID395338,eBike,Bannerghatta Road,Marathahalli,,,Not Applicable,Not Applicable,Not Applicable,Not Applicable,224,Not Applicable,0,,
2024-07-09 00:25:00,CNR4531825000,Success,CID314295,Bike,Rajarajeshwari Nagar,Jayanagar,231.0,120.0,Not Applicable,Not Applicable,No,Not Applicable,140,Credit Card,37,3.9,3.8
2024-07-04 05:26:00,CNR8571536581,Driver Not Found,CID750166,eBike,Shivajinagar,Vijayanagar,,,Not Applicable,Not Applicable,Not Applicable,Not Applicable,309,Not Applicable,0,,
2024-07-12 08:48:00,CNR7868770333,Success,CID668411,Prime Sedan,Hennur,Bannerghatta Road,273.0,45.0,Not Applicable,Not Applicable,No,Not Applicable,199,UPI,1,4.0,3.8
2024-07-19 14:43:00,CNR1689710271,Driver Not Found,CID268026,Auto,KR Puram,Hebbal,,,Not Applicable,Not Applicable,Not Applicable,Not Applicable,211,Not Applicable,0,,
2024-07-14 01:07:00,CNR7947719652,Success,CID524042,Prime Sedan,Kengeri,Mysore Road,35.0,70.0,Not Applicable,Not Applicable,No,Not Applicable,154,Cash,26,4.6,3.4
2024-07-22 18:01:00,CNR7543626319,Canceled by Driver,CID983977,eBike,Sarjapur Road,Bellandur,,,Not Applicable,Customer was coughing/sick,Not Applicable,Not Applicable,331,Not Applicable,0,,
2024-07-05 03:41:00,CNR7981888568,Canceled by Driver,CID736478,Auto,BTM Layout,Sarjapur Road,,,Not Applicable,Customer was coughing/sick,Not Applicable,Not Applicable,439,Not Applicable,0,,
2024-07-12 08:33:00,CNR2327171460,Canceled by Customer,CID815834,eBike,Magadi Road,Kammanahalli,,,Change of plans,Not Applicable,Not Applicable,Not Applicable,121,Not Applicable,0,,
2024-07-24 09:19:00,CNR8570023713,Success,CID645922,Prime Plus,Indiranagar,BTM Layout,91.0,90.0,Not Applicable,Not Applicable,No,Not Applicable,258,Cash,39,3.4,4.9
2024-07-30 06:07:00,CNR8258070256,Success,CID659776,Prime Sedan,Hennur,Richmond Town,301.0,60.0,Not Applicable,Not Applicable,No,Not Applicable,362,Cash,4,4.9,4.0
2024-07-30 20:00:00,CNR9098033177,Driver Not Found,CID248945,Auto,Nagarbhavi,Magadi Road,,,Not Applicable,Not Applicable,Not Applicable,Not Applicable,218,Not Applicable,0,,
2024-07-13 05:38:00,CNR7352873994,Canceled by Driver,CID467516,Prime SUV,Nagarbhavi,Shantinagar,,,Not Applicable,Customer related issue,Not Applicable,Not Applicable,332,Not Applicable,0,,
2024-07-17 17:52:00,CNR9514396612,Success,CID331327,Prime Plus,MG Road,KR Puram,259.0,35.0,Not Applicable,Not Applicable,No,Not Applicable,376,Cash,45,4.0,3.9
2024-07-08 10:45:00,CNR9836134309,Success,CID338083,Prime Plus,Electronic City,Majestic,231.0,110.0,Not Applicable,Not Applicable,No,Not Applicable,171,UPI,13,3.5,4.6
2024-07-06 14:49:00,CNR6756326405,Success,CID214349,Auto,Basavanagudi,Yeshwanthpur,84.0,40.0,Not Applicable,Not Applicable,No,Not Applicable,101,Cash,12,3.0,4.9
2024-07-13 15:17:00,CNR7673611957,Success,CID235250,Auto,Frazer Town,Sarjapur Road,266.0,70.0,Not Applicable,Not Applicable,No,Not Applicable,843,Cash,14,4.8,3.7
2024-07-08 22:03:00,CNR6801041474,Success,CID408148,Auto,RT Nagar,Rajajinagar,266.0,105.0,Not Applicable,Not Applicable,No,Not Applicable,714,UPI,6,4.1,4.2
2024-07-21 22:44:00,CNR6026607535,Driver Not Found,CID743259,Prime Plus,Yeshwanthpur,Yeshwanthpur,,,Not Applicable,Not Applicable,Not Applicable,Not Applicable,155,Not Applicable,0,,
2024-07-30 14:27:00,CNR6836130190,Success,CID407854,Bike,Padmanabhanagar,Richmond Town,217.0,145.0,Not Applicable,Not Applicable,No,Not Applicable,250,UPI,5,4.5,3.3
2024-07-27 09:21:00,CNR1491929913,Success,CID653673,Mini,Cox Town,Yelahanka,238.0,120.0,Not Applicable,Not Applicable,No,Not Applicable,319,Cash,42,3.3,3.2
2024-07-20 13:10:00,CNR3032309815,Success,CID475792,Auto,Magadi Road,Langford Town,182.0,130.0,Not Applicable,Not Applicable,No,Not Applicable,773,Cash,4,4.9,3.1
2024-07-27 17:18:00,CNR8914854464,Driver Not Found,CID228287,Auto,Frazer Town,Varthur,,,Not Applicable,Not Applicable,Not Applicable,Not Applicable,168,Not Applicable,0,,
2024-07-25 23:36:00,CNR1186414965,Driver Not Found,CID911101,Bike,Chamarajpet,Ramamurthy Nagar,,,Not Applicable,Not Applicable,Not Applicable,Not Applicable,142,Not Applicable,0,,
2024-07-09 21:01:00,CNR9306512695,Success,CID756081,Mini,Peenya,Rajarajeshwari Nagar,98.0,135.0,Not Applicable,Not Applicable,No,Not Applicable,342,UPI,4,3.9,4.0
2024-07-07 12:46:00,CNR5085437276,Success,CID355325,Bike,Majestic,Shantinagar,35.0,80.0,Not Applicable,Not Applicable,No,Not Applicable,180,Cash,31,4.8,4.3
2024-07-20 08:19:00,CNR1828615322,Canceled by Driver,CID901008,Prime Sedan,Varthur,BTM Layout,,,Not Applicable,More than permitted people in there,Not Applicable,Not Applicable,797,Not Applicable,0,,
2024-07-30 08:32:00,CNR8444437486,Success,CID799895,Bike,Ulsoor,Koramangala,210.0,105.0,Not Applicable,Not Applicable,No,Not Applicable,287,UPI,4,4.7,4.6
2024-07-21 18:23:00,CNR6537537241,Success,CID283357,Auto,Indiranagar,MG Road,91.0,105.0,Not Applicable,Not Applicable,No,Not Applicable,725,UPI,12,3.7,3.3
2024-07-23 16:53:00,CNR1602209014,Success,CID608838,Prime Plus,Padmanabhanagar,Tumkur Road,231.0,120.0,Not Applicable,Not Applicable,No,Not Applicable,331,UPI,27,3.8,4.8
2024-07-27 00:09:00,CNR1464685611,Success,CID667880,Prime SUV,Varthur,Kengeri,77.0,65.0,Not Applicable,Not Applicable,No,Not Applicable,330,Cash,4,3.1,4.5
2024-07-22 09:32:00,CNR2848427899,Success,CID867834,Bike,Chamarajpet,Hebbal,35.0,75.0,Not Applicable,Not Applicable,No,Not Applicable,368,Cash,9,3.6,4.8
2024-07-09 13:21:00,CNR5276652537,Success,CID828668,Prime SUV,KR Puram,Frazer Town,196.0,25.0,Not Applicable,Not Applicable,No,Not Applicable,111,UPI,49,4.5,4.1
2024-07-24 02:28:00,CNR5725086335,Canceled by Customer,CID759330,Mini,Richmond Town,Hebbal,,,Change of plans,Not Applicable,Not Applicable,Not Applicable,2767,Not Applicable,0,,
2024-07-22 12:42:00,CNR9702910151,Success,CID949607,Auto,Sarjapur Road,Chickpet,294.0,140.0,Not Applicable,Not Applicable,No,Not Applicable,948,UPI,12,4.3,4.0
2024-07-02 21:31:00,CNR6083732309,Canceled by Customer,CID295193,eBike,Majestic,Sarjapur Road,,,Change of plans,Not Applicable,Not Applicable,Not Applicable,734,Not Applicable,0,,
2024-07-29 04:51:00,CNR8529118017,Success,CID779188,Prime Plus,Ramamurthy Nagar,Malleshwaram,189.0,45.0,Not Applicable,Not Applicable,No,Not Applicable,320,UPI,29,3.7,4.8
2024-07-22 14:03:00,CNR1969261059,Canceled by Driver,CID718037,Prime Plus,Kadugodi,Ulsoor,,,Not Applicable,Customer was coughing/sick,Not Applicable,Not Applicable,1948,Not Applicable,0,,
2024-07-16 11:30:00,CNR1619383498,Success,CID316415,Prime SUV,Banashankari,Hulimavu,35.0,85.0,Not Applicable,Not Applicable,Yes,Customer Demand,338,Cash,33,4.6,3.6
2024-07-23 22:10:00,CNR6066260797,Success,CID921021,Auto,Tumkur Road,Hebbal,294.0,45.0,Not Applicable,Not Applicable,No,Not Applicable,236,Cash,5,4.5,3.8
2024-07-16 14:38:00,CNR9325328792,Driver Not Found,CID939350,Mini,MG Road,Chamarajpet,,,Not Applicable,Not Applicable,Not Applicable,Not Applicable,915,Not Applicable,0,,
2024-07-16 21:34:00,CNR6054704937,Success,CID890792,Bike,Koramangala,MG Road,154.0,60.0,Not Applicable,Not Applicable,No,Not Applicable,521,Cash,44,4.9,3.1
2024-07-15 22:57:00,CNR5750824775,Success,CID113196,Prime Sedan,Malleshwaram,Electronic City,294.0,40.0,Not Applicable,Not Applicable,No,Not Applicable,346,UPI,10,3.3,3.8
2024-07-09 05:35:00,CNR7687697291,Canceled by Customer,CID211625,eBike,Ulsoor,Shivajinagar,,,Change of plans,Not Applicable,Not Applicable,Not Applicable,442,Not Applicable,0,,
2024-07-15 12:30:00,CNR7047851005,Success,CID361968,Bike,Hennur,Magadi Road,140.0,145.0,Not Applicable,Not Applicable,No,Not Applicable,463,Cash,44,3.3,4.2
2024-07-24 19:49:00,CNR5488992906,Canceled by Customer,CID432927,Mini,Rajarajeshwari Nagar,Mysore Road,,,Change of plans,Not Applicable,Not Applicable,Not Applicable,2487,Not Applicable,0,,
2024-07-01 14:41:00,CNR2950575234,Success,CID218776,Prime Plus,Bellandur,Kammanahalli,63.0,50.0,Not Applicable,Not Applicable,No,Not Applicable,177,Cash,11,3.1,3.5
2024-07-30 12:40:00,CNR7720953374,Success,CID775559,Bike,Magadi Road,Frazer Town,154.0,110.0,Not Applicable,Not Applicable,No,Not Applicable,357,Cash,26,3.5,4.8
2024-07-07 03:29:00,CNR7031749897,Canceled by Customer,CID239360,Bike,Kadugodi,MG Road,,,Driver is not moving towards pickup location,Not Applicable,Not Applicable,Not Applicable,996,Not Applicable,0,,
2024-07-01 05:07:00,CNR2360351128,Success,CID979353,Mini,Padmanabhanagar,KR Puram,161.0,135.0,Not Applicable,Not Applicable,No,Not Applicable,825,Cash,23,3.7,4.0
2024-07-10 08:58:00,CNR2805073843,Success,CID944389,Prime SUV,Sahakar Nagar,Rajarajeshwari Nagar,203.0,130.0,Not Applicable,Not Applicable,No,Not Applicable,218,UPI,10,3.4,4.5
2024-07-24 04:30:00,CNR2813459275,Success,CID153201,Prime Sedan,Hennur,Cox Town,140.0,115.0,Not Applicable,Not Applicable,Yes,Vehicle Breakdown,231,UPI,47,3.1,4.7
2024-07-05 06:23:00,CNR9564220100,Success,CID514219,Bike,Ulsoor,Rajarajeshwari Nagar,70.0,140.0,Not Applicable,Not Applicable,No,Not Applicable,571,Cash,10,4.9,4.2
2024-07-09 13:18:00,CNR2874639279,Success,CID678002,Prime Sedan,Magadi Road,Chamarajpet,98.0,80.0,Not Applicable,Not Applicable,No,Not Applicable,460,Cash,46,3.4,4.9
2024-07-16 17:57:00,CNR7604888149,Canceled by Driver,CID370050,Prime SUV,Vijayanagar,Langford Town,,,Not Applicable,Customer was coughing/sick,Not Applicable,Not Applicable,570,Not Applicable,0,,
2024-07-04 11:19:00,CNR8079322143,Success,CID245860,Mini,Magadi Road,Rajajinagar,168.0,80.0,Not Applicable,Not Applicable,Yes,Customer Demand,243,UPI,9,4.1,3.4
2024-07-25 21:05:00,CNR4045922319,Success,CID609096,Bike,Hennur,Frazer Town,266.0,60.0,Not Applicable,Not Applicable,No,Not Applicable,434,Cash,10,3.7,3.9
2024-07-13 04:44:00,CNR7442625241,Canceled by Driver,CID752403,eBike,Kammanahalli,BTM Layout,,,Not Applicable,Customer was coughing/sick,Not Applicable,Not Applicable,397,Not Applicable,0,,
2024-07-30 14:08:00,CNR5918966911,Success,CID250222,Prime SUV,Rajarajeshwari Nagar,Sahakar Nagar,252.0,110.0,Not Applicable,Not Applicable,No,Not Applicable,175,UPI,25,3.3,3.9
2024-07-15 21:51:00,CNR8576063153,Driver Not Found,CID336878,Bike,HSR Layout,Magadi Road,,,Not Applicable,Not Applicable,Not Applicable,Not Applicable,300,Not Applicable,0,,
2024-07-30 16:57:00,CNR8210458342,Driver Not Found,CID462453,Prime Plus,Richmond Town,Mysore Road,,,Not Applicable,Not Applicable,Not Applicable,Not Applicable,415,Not Applicable,0,,
2024-07-21 06:50:00,CNR2976660925,Success,CID512612,Prime Plus,Kadugodi,Hennur,63.0,105.0,Not Applicable,Not Applicable,No,Not Applicable,2979,Cash,45,3.3,4.4
2024-07-03 19:37:00,CNR2708218644,Success,CID297420,Auto,HSR Layout,Bannerghatta Road,77.0,100.0,Not Applicable,Not Applicable,No,Not Applicable,744,UPI,17,3.8,3.8
2024-07-19 16:58:00,CNR9690679042,Success,CID832904,Prime Plus,Rajajinagar,Hulimavu,49.0,50.0,Not Applicable,Not Applicable,No,Not Applicable,180,Cash,31,4.2,4.8
2024-07-06 08:17:00,CNR9332710199,Success,CID655434,Prime Plus,Mysore Road,Hulimavu,273.0,125.0,Not Applicable,Not Applicable,No,Not Applicable,461,Cash,10,3.3,3.5
2024-07-12 11:58:00,CNR8266565807,Success,CID734701,Bike,Hennur,Sarjapur Road,70.0,65.0,Not Applicable,Not Applicable,No,Not Applicable,185,UPI,29,4.0,3.8
2024-07-30 09:54:00,CNR5997701792,Success,CID435361,Auto,Jayanagar,Hulimavu,196.0,40.0,Not Applicable,Not Applicable,No,Not Applicable,238,Cash,6,3.1,3.4
2024-07-12 13:53:00,CNR8493336160,Success,CID213306,Prime SUV,JP Nagar,Kammanahalli,56.0,25.0,Not Applicable,Not Applicable,No,Not Applicable,243,Cash,44,3.7,3.1
2024-07-27 04:04:00,CNR7970856269,Canceled by Driver,CID452464,eBike,RT Nagar,Majestic,,,Not Applicable,Personal & Car related issue,Not Applicable,Not Applicable,367,Not Applicable,0,,
2024-07-23 12:04:00,CNR5468951147,Success,CID490379,Bike,Hosur Road,Vijayanagar,119.0,110.0,Not Applicable,Not Applicable,No,Not Applicable,830,UPI,4,4.2,4.0
2024-07-27 12:50:00,CNR9360163742,Canceled by Driver,CID689172,Auto,JP Nagar,Electronic City,,,Not Applicable,More than permitted people in there,Not Applicable,Not Applicable,438,Not Applicable,0,,
2024-07-24 14:17:00,CNR1250164462,Success,CID500852,Prime Sedan,HSR Layout,Yeshwanthpur,105.0,140.0,Not Applicable,Not Applicable,No,Not Applicable,486,Cash,48,3.3,3.7
2024-07-24 19:26:00,CNR8446880179,Success,CID807309,Bike,Bannerghatta Road,Padmanabhanagar,147.0,65.0,Not Applicable,Not Applicable,Yes,Customer Demand,115,Cash,30,4.2,4.6
2024-07-04 10:08:00,CNR7920217230,Success,CID318410,Prime Sedan,Mysore Road,Mysore Road,63.0,130.0,Not Applicable,Not Applicable,No,Not Applicable,1585,UPI,2,3.3,4.8
2024-07-19 23:43:00,CNR5677335192,Canceled by Driver,CID257379,Prime SUV,Bellandur,Mysore Road,,,Not Applicable,Customer related issue,Not Applicable,Not Applicable,375,Not Applicable,0,,
2024-07-24 07:55:00,CNR1363783205,Success,CID560877,Prime Plus,Vijayanagar,HSR Layout,49.0,110.0,Not Applicable,Not Applicable,No,Not Applicable,694,Cash,9,4.5,4.3
2024-07-25 02:44:00,CNR3534655447,Canceled by Driver,CID373808,Prime Plus,Padmanabhanagar,JP Nagar,,,Not Applicable,Personal & Car related issue,Not Applicable,Not Applicable,256,Not Applicable,0,,
2024-07-23 18:52:00,CNR5440091847,Success,CID545968,Auto,Marathahalli,Varthur,280.0,90.0,Not Applicable,Not Applicable,No,Not Applicable,390,UPI,13,3.1,4.8
2024-07-23 10:43:00,CNR5542668167,Success,CID985707,Prime Sedan,JP Nagar,RT Nagar,147.0,25.0,Not Applicable,Not Applicable,No,Not Applicable,116,Cash,12,4.2,3.4
2024-07-17 17:18:00,CNR1178558996,Canceled by Customer,CID780725,Prime Sedan,Ramamurthy Nagar,Peenya,,,Driver asked to cancel,Not Applicable,Not Applicable,Not Applicable,746,Not Applicable,0,,
2024-07-23 04:18:00,CNR8086441056,Canceled by Customer,CID432632,Prime SUV,Jayanagar,Hebbal,,,Driver is not moving towards pickup location,Not Applicable,Not Applicable,Not Applicable,326,Not Applicable,0,,
2024-07-21 10:33:00,CNR2154206287,Success,CID617343,Prime Sedan,JP Nagar,Banashankari,112.0,145.0,Not Applicable,Not Applicable,No,Not Applicable,493,UPI,18,3.5,4.9
2024-07-15 18:05:00,CNR6240314952,Success,CID136614,Prime SUV,Hennur,Sahakar Nagar,98.0,120.0,Not Applicable,Not Applicable,No,Not Applicable,475,UPI,47,4.3,4.2
2024-07-30 22:49:00,CNR9129044165,Success,CID405398,Auto,Richmond Town,Varthur,231.0,145.0,Not Applicable,Not Applicable,No,Not Applicable,442,UPI,14,4.7,3.9
2024-07-25 19:50:00,CNR2869893883,Success,CID441677,Bike,Magadi Road,HSR Layout,224.0,125.0,Not Applicable,Not Applicable,No,Not Applicable,440,Cash,22,3.1,4.6
2024-07-07 17:23:00,CNR3750452567,Success,CID347382,Auto,Bannerghatta Road,Shantinagar,273.0,140.0,Not Applicable,Not Applicable,No,Not Applicable,138,Cash,16,4.0,3.0
2024-07-13 12:55:00,CNR9563682376,Canceled by Driver,CID951858,Bike,Banashankari,Devanahalli,,,Not Applicable,Customer was coughing/sick,Not Applicable,Not Applicable,498,Not Applicable,0,,
2024-07-15 07:05:00,CNR6821571945,Success,CID709942,Prime Plus,Bannerghatta Road,Richmond Town,42.0,145.0,Not Applicable,Not Applicable,No,Not Applicable,381,Cash,39,4.2,4.4
2024-07-19 00:39:00,CNR4197308427,Success,CID779567,eBike,Kammanahalli,Yeshwanthpur,273.0,140.0,Not Applicable,Not Applicable,No,Not Applicable,480,UPI,3,3.3,3.9
2024-07-27 22:18:00,CNR1487495984,Success,CID496420,eBike,Indiranagar,Koramangala,112.0,115.0,Not Applicable,Not Applicable,No,Not Applicable,672,Cash,47,3.9,4.3
2024-07-26 13:44:00,CNR8239921091,Success,CID488556,Prime SUV,Peenya,Majestic,217.0,100.0,Not Applicable,Not Applicable,No,Not Applicable,168,Cash,18,4.3,4.8
2024-07-02 10:12:00,CNR3528776400,Success,CID347061,eBike,HSR Layout,Sahakar Nagar,196.0,100.0,Not Applicable,Not Applicable,No,Not Applicable,282,Cash,25,4.1,4.4
2024-07-01 15:01:00,CNR1948100498,Canceled by Driver,CID764943,Bike,Marathahalli,Ramamurthy Nagar,,,Not Applicable,Personal & Car related issue,Not Applicable,Not Applicable,481,Not Applicable,0,,
2024-07-14 23:01:00,CNR5846274457,Success,CID129696,Prime Sedan,Kammanahalli,Frazer Town,63.0,50.0,Not Applicable,Not Applicable,No,Not Applicable,214,Cash,25,3.9,3.7
2024-07-09 17:14:00,CNR8251445264,Success,CID331815,Auto,Whitefield,Frazer Town,287.0,90.0,Not Applicable,Not Applicable,No,Not Applicable,283,Cash,18,3.7,3.3
2024-07-10 09:32:00,CNR7152716745,Success,CID558983,Bike,Koramangala,Koramangala,105.0,135.0,Not Applicable,Not Applicable,No,Not Applicable,675,UPI,9,3.8,3.6
2024-07-28 20:19:00,CNR7399963971,Success,CID119412,Prime SUV,Jayanagar,Ramamurthy Nagar,196.0,80.0,Not Applicable,Not Applicable,Yes,Vehicle Breakdown,169,Cash,8,3.8,4.3
2024-07-27 21:18:00,CNR8343119574,Success,CID851544,Prime SUV,Hennur,Marathahalli,147.0,75.0,Not Applicable,Not Applicable,No,Not Applicable,300,Credit Card,21,4.9,3.2
2024-07-06 22:32:00,CNR4426544941,Canceled by Driver,CID421759,Prime Plus,Chamarajpet,Magadi Road,,,Not Applicable,Customer was coughing/sick,Not Applicable,Not Applicable,146,Not Applicable,0,,
2024-07-23 02:13:00,CNR1362694424,Success,CID357974,Mini,Chickpet,Kammanahalli,147.0,115.0,Not Applicable,Not Applicable,No,Not Applicable,359,Cash,24,3.9,4.5
2024-07-05 03:06:00,CNR2023672504,Canceled by Driver,CID971780,eBike,BTM Layout,Kengeri,,,Not Applicable,Customer related issue,Not Applicable,Not Applicable,499,Not Applicable,0,,
2024-07-05 18:54:00,CNR3069827958,Success,CID174628,Auto,Langford Town,Devanahalli,266.0,30.0,Not Applicable,Not Applicable,Yes,Customer Demand,316,Cash,11,3.6,3.7
2024-07-23 00:55:00,CNR2479353638,Success,CID602843,Prime Plus,KR Puram,Ramamurthy Nagar,210.0,80.0,Not Applicable,Not Applicable,No,Not Applicable,409,Cash,4,4.7,3.2
2024-07-27 13:48:00,CNR8579239913,Canceled by Driver,CID843167,Auto,Hebbal,Basavanagudi,,,Not Applicable,Customer related issue,Not Applicable,Not Applicable,281,Not Applicable,0,,
2024-07-11 05:55:00,CNR8898594779,Canceled by Customer,CID932672,Prime Plus,Kammanahalli,Indiranagar,,,Change of plans,Not Applicable,Not Applicable,Not Applicable,182,Not Applicable,0,,
2024-07-07 15:19:00,CNR1047596596,Canceled by Customer,CID151114,Auto,Padmanabhanagar,Yelahanka,,,Driver is not moving towards pickup location,Not Applicable,Not Applicable,Not Applicable,330,Not Applicable,0,,
2024-07-20 00:19:00,CNR6848055976,Success,CID932807,Bike,Electronic City,Koramangala,154.0,145.0,Not Applicable,Not Applicable,No,Not Applicable,427,UPI,1,4.4,4.5
2024-07-08 12:48:00,CNR6216158031,Canceled by Customer,CID387943,Bike,HSR Layout,Frazer Town,,,Driver asked to cancel,Not Applicable,Not Applicable,Not Applicable,906,Not Applicable,0,,
2024-07-08 17:10:00,CNR5200190192,Success,CID678601,eBike,Hulimavu,Vijayanagar,112.0,145.0,Not Applicable,Not Applicable,No,Not Applicable,355,Cash,12,4.4,3.5
2024-07-01 18:09:00,CNR5511258131,Success,CID243996,Prime Sedan,JP Nagar,Langford Town,238.0,135.0,Not Applicable,Not Applicable,No,Not Applicable,341,Cash,3,4.6,4.3
2024-07-03 17:35:00,CNR6791692401,Canceled by Driver,CID798954,Auto,Sahakar Nagar,Hulimavu,,,Not Applicable,Personal & Car related issue,Not Applicable,Not Applicable,567,Not Applicable,0,,
2024-07-05 07:05:00,CNR4060457944,Success,CID601105,Prime Sedan,Peenya,Kadugodi,98.0,50.0,Not Applicable,Not Applicable,No,Not Applicable,297,Cash,26,4.1,3.2
2024-07-11 02:24:00,CNR9398686911,Success,CID736409,Prime SUV,Ramamurthy Nagar,Sahakar Nagar,189.0,60.0,Not Applicable,Not Applicable,No,Not Applicable,2471,UPI,39,3.7,3.5
2024-07-08 03:58:00,CNR4102827018,Canceled by Customer,CID927655,Prime Plus,KR Puram,Peenya,,,Change of plans,Not Applicable,Not Applicable,Not Applicable,289,Not Applicable,0,,
2024-07-29 13:12:00,CNR2481155537,Canceled by Customer,CID964208,Prime SUV,Electronic City,Kadugodi,,,AC is Not working,Not Applicable,Not Applicable,Not Applicable,435,Not Applicable,0,,
2024-07-22 14:28:00,CNR1198443920,Canceled by Customer,CID599698,Mini,Ulsoor,Rajajinagar,,,Driver asked to cancel,Not Applicable,Not Applicable,Not Applicable,375,Not Applicable,0,,
2024-07-09 10:09:00,CNR3135997217,Success,CID503116,Prime SUV,Koramangala,Banashankari,217.0,35.0,Not Applicable,Not Applicable,No,Not Applicable,297,Cash,29,3.1,3.2
2024-07-07 20:05:00,CNR1477851344,Success,CID652202,Prime Plus,Padmanabhanagar,Yelahanka,175.0,75.0,Not Applicable,Not Applicable,No,Not Applicable,591,Cash,37,4.1,3.8
2024-07-17 06:58:00,CNR2538357034,Success,CID268345,Prime Sedan,Richmond Town,Yelahanka,49.0,70.0,Not Applicable,Not Applicable,No,Not Applicable,278,UPI,21,4.4,3.3
2024-07-08 10:33:00,CNR3160919175,Driver Not Found,CID265009,Prime Plus,Hebbal,Majestic,,,Not Applicable,Not Applicable,Not Applicable,Not Applicable,292,Not Applicable,0,,
2024-07-03 00:31:00,CNR8638890436,Success,CID536964,eBike,Ulsoor,Yelahanka,294.0,135.0,Not Applicable,Not Applicable,No,Not Applicable,1144,Cash,35,3.2,3.5
2024-07-16 07:39:00,CNR8811130657,Driver Not Found,CID905712,eBike,Devanahalli,Hosur Road,,,Not Applicable,Not Applicable,Not Applicable,Not Applicable,899,Not Applicable,0,,
2024-07-07 23:19:00,CNR4996280253,Success,CID703430,Bike,Nagarbhavi,Malleshwaram,273.0,60.0,Not Applicable,Not Applicable,No,Not Applicable,209,Cash,37,3.8,4.3
2024-07-17 10:46:00,CNR4803764592,Canceled by Driver,CID982225,Auto,Ramamurthy Nagar,Kengeri,,,Not Applicable,More than permitted people in there,Not Applicable,Not Applicable,841,Not Applicable,0,,
2024-07-25 09:24:00,CNR9907084382,Success,CID443127,Prime Sedan,Majestic,Kammanahalli,210.0,105.0,Not Applicable,Not Applicable,No,Not Applicable,555,UPI,10,4.0,3.7
2024-07-06 13:59:00,CNR6720662579,Success,CID841812,Prime SUV,Vijayanagar,JP Nagar,266.0,100.0,Not Applicable,Not Applicable,Yes,Vehicle Breakdown,157,UPI,24,3.6,4.9
2024-07-23 14:14:00,CNR3147270575,Success,CID588265,Mini,Kengeri,Electronic City,63.0,95.0,Not Applicable,Not Applicable,No,Not Applicable,912,Cash,8,4.0,3.9
2024-07-03 20:15:00,CNR9493702741,Canceled by Driver,CID149566,eBike,Malleshwaram,KR Puram,,,Not Applicable,Customer related issue,Not Applicable,Not Applicable,420,Not Applicable,0,,
2024-07-24 19:13:00,CNR7139240448,Success,CID344334,Auto,Rajarajeshwari Nagar,Shantinagar,308.0,125.0,Not Applicable,Not Applicable,No,Not Applicable,656,Cash,8,3.3,4.2
2024-07-07 17:49:00,CNR6390074000,Success,CID986053,Mini,Bannerghatta Road,Malleshwaram,91.0,65.0,Not Applicable,Not Applicable,No,Not Applicable,385,Cash,38,3.4,4.7
2024-07-11 23:42:00,CNR6882510641,Driver Not Found,CID536402,eBike,Banashankari,Bannerghatta Road,,,Not Applicable,Not Applicable,Not Applicable,Not Applicable,145,Not Applicable,0,,
2024-07-09 11:06:00,CNR9218226724,Success,CID453153,Prime Plus,Chamarajpet,Electronic City,77.0,70.0,Not Applicable,Not Applicable,No,Not Applicable,138,UPI,30,4.2,3.7
2024-07-20 19:41:00,CNR9516716400,Driver Not Found,CID857637,eBike,Indiranagar,Jayanagar,,,Not Applicable,Not Applicable,Not Applicable,Not Applicable,472,Not Applicable,0,,
2024-07-08 06:06:00,CNR9324414208,Success,CID108359,Prime Plus,Bannerghatta Road,Cox Town,238.0,35.0,Not Applicable,Not Applicable,No,Not Applicable,797,UPI,26,3.5,4.2
2024-07-30 13:05:00,CNR2984562170,Canceled by Customer,CID392736,Prime Sedan,Vijayanagar,Kadugodi,,,Driver asked to cancel,Not Applicable,Not Applicable,Not Applicable,116,Not Applicable,0,,
2024-07-26 21:53:00,CNR1863143547,Driver Not Found,CID801479,Prime Sedan,Whitefield,Jayanagar,,,Not Applicable,Not Applicable,Not Applicable,Not Applicable,117,Not Applicable,0,,
2024-07-20 01:17:00,CNR7473623349,Success,CID258765,eBike,Padmanabhanagar,Rajarajeshwari Nagar,245.0,70.0,Not Applicable,Not Applicable,No,Not Applicable,335,Cash,4,3.1,3.2
2024-07-25 14:12:00,CNR6200505522,Canceled by Driver,CID165777,Auto,BTM Layout,KR Puram,,,Not Applicable,More than permitted people in there,Not Applicable,Not Applicable,368,Not Applicable,0,,
2024-07-11 18:21:00,CNR8567679291,Driver Not Found,CID644507,Prime Sedan,Rajajinagar,Kengeri,,,Not Applicable,Not Applicable,Not Applicable,Not Applicable,904,Not Applicable,0,,
2024-07-12 08:14:00,CNR2486044639,Driver Not Found,CID132971,Prime Sedan,Vijayanagar,Rajarajeshwari Nagar,,,Not Applicable,Not Applicable,Not Applicable,Not Applicable,117,Not Applicable,0,,
2024-07-29 01:51:00,CNR8227240874,Success,CID461904,Prime Plus,Vijayanagar,KR Puram,259.0,115.0,Not Applicable,Not Applicable,No,Not Applicable,376,UPI,7,4.8,4.8
2024-07-10 16:08:00,CNR6833771406,Success,CID589463,Prime Sedan,Ulsoor,RT Nagar,210.0,65.0,Not Applicable,Not Applicable,No,Not Applicable,275,Cash,21,3.9,3.9
2024-07-21 08:11:00,CNR1684138326,Success,CID506829,Mini,Shantinagar,Rajajinagar,175.0,145.0,Not Applicable,Not Applicable,No,Not Applicable,308,Cash,39,4.4,3.8
2024-07-21 02:27:00,CNR6263547342,Canceled by Driver,CID216399,Prime Sedan,Nagarbhavi,MG Road,,,Not Applicable,Customer related issue,Not Applicable,Not Applicable,209,Not Applicable,0,,
2024-07-27 10:34:00,CNR6583322710,Success,CID320072,Bike,Malleshwaram,Rajajinagar,231.0,70.0,Not Applicable,Not Applicable,No,Not Applicable,142,UPI,16,3.5,4.0
2024-07-21 17:13:00,CNR9242182238,Canceled by Customer,CID707402,Prime Sedan,Hebbal,Electronic City,,,Change of plans,Not Applicable,Not Applicable,Not Applicable,350,Not Applicable,0,,
2024-07-08 01:11:00,CNR6309764204,Success,CID116693,Auto,Yelahanka,Koramangala,77.0,90.0,Not Applicable,Not Applicable,No,Not Applicable,214,Cash,13,4.5,4.3
2024-07-19 13:17:00,CNR8937625575,Canceled by Driver,CID329074,Prime Plus,Hulimavu,Vijayanagar,,,Not Applicable,Customer related issue,Not Applicable,Not Applicable,336,Not Applicable,0,,
2024-07-16 02:46:00,CNR5389664603,Success,CID762585,Mini,Chickpet,Electronic City,252.0,140.0,Not Applicable,Not Applicable,No,Not Applicable,335,Cash,19,4.5,4.0
2024-07-10 02:11:00,CNR1799658170,Driver Not Found,CID294728,Bike,Magadi Road,Hennur,,,Not Applicable,Not Applicable,Not Applicable,Not Applicable,404,Not Applicable,0,,
2024-07-29 14:13:00,CNR1282211534,Success,CID931870,Auto,Hebbal,Banashankari,168.0,55.0,Not Applicable,Not Applicable,No,Not Applicable,334,Cash,13,3.3,4.2
2024-07-26 19:57:00,CNR7250816993,Success,CID521610,Prime Sedan,Hulimavu,KR Puram,126.0,100.0,Not Applicable,Not Applicable,No,Not Applicable,588,UPI,18,3.7,3.5
2024-07-13 03:27:00,CNR8774878798,Success,CID762907,Bike,Hebbal,Indiranagar,126.0,70.0,Not Applicable,Not Applicable,No,Not Applicable,157,Cash,14,4.2,3.4
2024-07-20 05:11:00,CNR6923666624,Success,CID680127,Prime Plus,Peenya,Hebbal,217.0,90.0,Not Applicable,Not Applicable,No,Not Applicable,165,UPI,46,4.6,4.9
2024-07-06 17:39:00,CNR2097770400,Canceled by Driver,CID327626,Auto,Malleshwaram,Peenya,,,Not Applicable,Customer was coughing/sick,Not Applicable,Not Applicable,111,Not Applicable,0,,
2024-07-13 06:49:00,CNR3351802928,Success,CID119222,Prime Plus,Bannerghatta Road,Frazer Town,119.0,140.0,Not Applicable,Not Applicable,No,Not Applicable,148,Credit Card,31,4.0,3.8
2024-07-21 09:18:00,CNR9993158480,Success,CID797060,Prime Sedan,Peenya,Bellandur,238.0,65.0,Not Applicable,Not Applicable,No,Not Applicable,321,UPI,24,4.0,3.9
2024-07-20 17:12:00,CNR2477342535,Canceled by Customer,CID643085,Bike,Indiranagar,Varthur,,,Driver asked to cancel,Not Applicable,Not Applicable,Not Applicable,989,Not Applicable,0,,
2024-07-04 05:01:00,CNR8982869205,Driver Not Found,CID937870,Prime Plus,Koramangala,Devanahalli,,,Not Applicable,Not Applicable,Not Applicable,Not Applicable,435,Not Applicable,0,,
2024-07-02 20:13:00,CNR6771512690,Success,CID692395,Bike,BTM Layout,Peenya,217.0,70.0,Not Applicable,Not Applicable,No,Not Applicable,837,UPI,42,3.6,3.0
2024-07-05 10:28:00,CNR3943868554,Canceled by Driver,CID454965,Prime SUV,Banashankari,Kengeri,,,Not Applicable,Personal & Car related issue,Not Applicable,Not Applicable,144,Not Applicable,0,,
2024-07-14 17:13:00,CNR3332774200,Driver Not Found,CID766568,Bike,KR Puram,Banashankari,,,Not Applicable,Not Applicable,Not Applicable,Not Applicable,487,Not Applicable,0,,
2024-07-14 11:39:00,CNR5442852924,Success,CID245488,Mini,Mysore Road,MG Road,196.0,120.0,Not Applicable,Not Applicable,No,Not Applicable,272,Cash,6,3.1,3.3
2024-07-07 13:07:00,CNR2824904572,Canceled by Customer,CID507794,Prime Sedan,Cox Town,Yeshwanthpur,,,Driver is not moving towards pickup location,Not Applicable,Not Applicable,Not Applicable,195,Not Applicable,0,,
2024-07-17 22:04:00,CNR5499358794,Success,CID389048,Auto,Peenya,Kengeri,280.0,135.0,Not Applicable,Not Applicable,No,Not Applicable,324,UPI,6,4.2,3.4
2024-07-24 16:27:00,CNR5257435559,Success,CID613635,Mini,Bannerghatta Road,Devanahalli,203.0,70.0,Not Applicable,Not Applicable,No,Not Applicable,333,UPI,48,4.4,4.7
2024-07-21 00:38:00,CNR7532255665,Success,CID267279,Auto,Chamarajpet,Bannerghatta Road,252.0,145.0,Not Applicable,Not Applicable,No,Not Applicable,202,Cash,14,3.2,4.9
2024-07-23 19:55:00,CNR3717766900,Success,CID854970,Prime Plus,Yeshwanthpur,Whitefield,189.0,110.0,Not Applicable,Not Applicable,No,Not Applicable,130,Cash,37,3.9,4.7
2024-07-29 20:09:00,CNR3937652039,Canceled by Driver,CID430016,Bike,Banashankari,Ulsoor,,,Not Applicable,Customer related issue,Not Applicable,Not Applicable,714,Not Applicable,0,,
2024-07-23 16:24:00,CNR8690608589,Canceled by Customer,CID903971,Auto,Varthur,KR Puram,,,Change of plans,Not Applicable,Not Applicable,Not Applicable,300,Not Applicable,0,,
2024-07-30 00:07:00,CNR4333700731,Success,CID965569,Bike,Ramamurthy Nagar,Hulimavu,182.0,135.0,Not Applicable,Not Applicable,No,Not Applicable,147,Cash,36,3.1,4.1
2024-07-12 23:36:00,CNR4897815932,Success,CID298949,Prime SUV,BTM Layout,Hulimavu,77.0,70.0,Not Applicable,Not Applicable,No,Not Applicable,623,UPI,25,3.7,4.3
2024-07-09 07:55:00,CNR3771725672,Canceled by Driver,CID782883,Prime SUV,Ramamurthy Nagar,Langford Town,,,Not Applicable,Personal & Car related issue,Not Applicable,Not Applicable,161,Not Applicable,0,,
2024-07-09 04:15:00,CNR5468973740,Canceled by Driver,CID712790,Prime SUV,Kammanahalli,Ramamurthy Nagar,,,Not Applicable,Personal & Car related issue,Not Applicable,Not Applicable,894,Not Applicable,0,,
2024-07-07 06:03:00,CNR1249170602,Success,CID589837,Prime Sedan,Kengeri,Rajajinagar,49.0,80.0,Not Applicable,Not Applicable,No,Not Applicable,315,Cash,1,4.6,4.4
2024-07-28 09:13:00,CNR4811155936,Canceled by Customer,CID557881,Mini,Electronic City,Rajajinagar,,,Driver is not moving towards pickup location,Not Applicable,Not Applicable,Not Applicable,259,Not Applicable,0,,
2024-07-01 04:22:00,CNR7754590822,Canceled by Customer,CID939660,Prime Sedan,Hosur Road,Banashankari,,,Driver is not moving towards pickup location,Not Applicable,Not Applicable,Not Applicable,307,Not Applicable,0,,
2024-07-21 21:11:00,CNR7909725069,Success,CID388702,eBike,Bannerghatta Road,Rajajinagar,168.0,90.0,Not Applicable,Not Applicable,No,Not Applicable,122,Cash,40,4.6,4.7
2024-07-24 10:34:00,CNR6738254379,Canceled by Driver,CID637772,Mini,Richmond Town,Malleshwaram,,,Not Applicable,Customer was coughing/sick,Not Applicable,Not Applicable,306,Not Applicable,0,,
2024-07-30 01:58:00,CNR2949811222,Success,CID229746,Prime SUV,Cox Town,RT Nagar,175.0,135.0,Not Applicable,Not Applicable,No,Not Applicable,188,Cash,3,4.2,4.0
2024-07-23 08:27:00,CNR2216059167,Success,CID993634,Prime Plus,Kengeri,Sarjapur Road,84.0,35.0,Not Applicable,Not Applicable,No,Not Applicable,256,UPI,38,3.5,3.9
2024-07-30 16:54:00,CNR4269809484,Driver Not Found,CID419594,Auto,Indiranagar,Malleshwaram,,,Not Applicable,Not Applicable,Not Applicable,Not Applicable,371,Not Applicable,0,,
2024-07-10 07:55:00,CNR8973641509,Driver Not Found,CID758413,eBike,Langford Town,HSR Layout,,,Not Applicable,Not Applicable,Not Applicable,Not Applicable,629,Not Applicable,0,,
2024-07-03 05:13:00,CNR5128247599,Success,CID554110,Mini,Magadi Road,JP Nagar,287.0,120.0,Not Applicable,Not Applicable,No,Not Applicable,434,UPI,11,4.7,4.3
2024-07-13 01:33:00,CNR1051070113,Success,CID946656,Prime Plus,BTM Layout,Peenya,161.0,85.0,Not Applicable,Not Applicable,No,Not Applicable,167,Credit Card,21,4.6,4.1
2024-07-09 05:36:00,CNR1605126131,Canceled by Customer,CID636964,Auto,Koramangala,Sarjapur Road,,,Driver asked to cancel,Not Applicable,Not Applicable,Not Applicable,183,Not Applicable,0,,
2024-07-22 08:22:00,CNR5195332802,Success,CID491788,Prime Plus,Hosur Road,Shantinagar,238.0,145.0,Not Applicable,Not Applicable,No,Not Applicable,339,UPI,24,4.8,4.1
2024-07-05 17:19:00,CNR9068507190,Success,CID703886,Mini,Whitefield,Kammanahalli,126.0,60.0,Not Applicable,Not Applicable,No,Not Applicable,800,UPI,29,4.8,4.9
2024-07-24 03:32:00,CNR6811859593,Success,CID398782,eBike,Indiranagar,Kengeri,273.0,45.0,Not Applicable,Not Applicable,No,Not Applicable,126,UPI,40,4.7,4.1
2024-07-04 02:57:00,CNR9474603210,Success,CID340978,Mini,Magadi Road,BTM Layout,154.0,40.0,Not Applicable,Not Applicable,No,Not Applicable,2454,Cash,38,3.8,3.7
2024-07-03 03:19:00,CNR7768892364,Canceled by Driver,CID834749,Mini,Sarjapur Road,Jayanagar,,,Not Applicable,Customer was coughing/sick,Not Applicable,Not Applicable,481,Not Applicable,0,,
2024-07-29 23:24:00,CNR3210993877,Driver Not Found,CID885408,Prime Plus,Yeshwanthpur,Rajarajeshwari Nagar,,,Not Applicable,Not Applicable,Not Applicable,Not Applicable,809,Not Applicable,0,,
2024-07-27 23:02:00,CNR6088447156,Canceled by Customer,CID265246,Bike,Kammanahalli,Rajajinagar,,,AC is Not working,Not Applicable,Not Applicable,Not Applicable,285,Not Applicable,0,,
2024-07-06 20:52:00,CNR7863442406,Canceled by Customer,CID256734,eBike,Peenya,Tumkur Road,,,Driver is not moving towards pickup location,Not Applicable,Not Applicable,Not Applicable,471,Not Applicable,0,,
2024-07-24 23:03:00,CNR8260356836,Canceled by Driver,CID632759,Bike,Koramangala,Sarjapur Road,,,Not Applicable,Customer related issue,Not Applicable,Not Applicable,598,Not Applicable,0,,
2024-07-29 19:48:00,CNR3053837341,Success,CID562997,Auto,Hosur Road,JP Nagar,280.0,100.0,Not Applicable,Not Applicable,No,Not Applicable,348,Cash,19,3.6,4.7
2024-07-01 14:14:00,CNR4109814623,Canceled by Driver,CID261371,eBike,Marathahalli,Sarjapur Road,,,Not Applicable,Customer was coughing/sick,Not Applicable,Not Applicable,250,Not Applicable,0,,
2024-07-21 20:14:00,CNR5369971475,Success,CID161443,Prime Plus,Indiranagar,Hulimavu,112.0,130.0,Not Applicable,Not Applicable,No,Not Applicable,379,Cash,45,3.4,4.7
2024-07-08 18:56:00,CNR4009432007,Success,CID339948,Mini,Ulsoor,RT Nagar,203.0,60.0,Not Applicable,Not Applicable,Yes,Vehicle Breakdown,304,Cash,42,3.8,4.6
2024-07-09 08:31:00,CNR8429012406,Driver Not Found,CID797320,eBike,Electronic City,Yelahanka,,,Not Applicable,Not Applicable,Not Applicable,Not Applicable,110,Not Applicable,0,,
2024-07-24 17:40:00,CNR2358577847,Success,CID816935,Mini,Cox Town,Kengeri,217.0,125.0,Not Applicable,Not Applicable,No,Not Applicable,284,Cash,14,3.2,4.8
2024-07-11 20:03:00,CNR3700592313,Canceled by Customer,CID128666,Prime Sedan,Bellandur,Peenya,,,Driver is not moving towards pickup location,Not Applicable,Not Applicable,Not Applicable,759,Not Applicable,0,,
2024-07-01 09:49:00,CNR4410077854,Success,CID720636,Auto,Shivajinagar,Bannerghatta Road,77.0,105.0,Not Applicable,Not Applicable,No,Not Applicable,782,Cash,14,4.6,3.9
2024-07-15 23:18:00,CNR3521391162,Success,CID871518,Prime Plus,Magadi Road,KR Puram,84.0,95.0,Not Applicable,Not Applicable,No,Not Applicable,280,UPI,3,5.0,3.6
2024-07-17 22:55:00,CNR5900529689,Success,CID912912,Prime SUV,Hulimavu,Marathahalli,252.0,55.0,Not Applicable,Not Applicable,No,Not Applicable,572,UPI,37,4.7,4.8
2024-07-13 10:12:00,CNR3330069326,Canceled by Driver,CID756472,Prime Plus,Koramangala,Kammanahalli,,,Not Applicable,Customer was coughing/sick,Not Applicable,Not Applicable,493,Not Applicable,0,,
2024-07-19 20:09:00,CNR6579890372,Success,CID344212,Bike,Yelahanka,Chamarajpet,238.0,120.0,Not Applicable,Not Applicable,No,Not Applicable,596,Cash,24,3.4,4.6
2024-07-23 16:33:00,CNR9331025315,Success,CID247177,Prime Sedan,Shantinagar,Hulimavu,98.0,60.0,Not Applicable,Not Applicable,No,Not Applicable,361,Cash,48,3.3,3.2
2024-07-15 01:29:00,CNR8590299069,Success,CID160349,Prime SUV,Kadugodi,Hulimavu,112.0,30.0,Not Applicable,Not Applicable,No,Not Applicable,307,Cash,41,4.0,4.6
2024-07-18 14:39:00,CNR2464428594,Success,CID870241,Bike,Cox Town,Basavanagudi,49.0,135.0,Not Applicable,Not Applicable,No,Not Applicable,108,UPI,16,3.3,4.6
2024-07-02 23:32:00,CNR2116721997,Success,CID209757,Auto,Cox Town,Tumkur Road,294.0,80.0,Not Applicable,Not Applicable,No,Not Applicable,605,Cash,8,4.3,4.8
2024-07-25 15:11:00,CNR5039398524,Canceled by Driver,CID928401,Mini,Electronic City,Yeshwanthpur,,,Not Applicable,Customer related issue,Not Applicable,Not Applicable,450,Not Applicable,0,,
2024-07-08 19:54:00,CNR4179367777,Success,CID998561,Auto,Shivajinagar,Devanahalli,126.0,75.0,Not Applicable,Not Applicable,No,Not Applicable,105,UPI,18,3.1,4.2
2024-07-28 23:56:00,CNR3629652590,Driver Not Found,CID970786,Prime Plus,Rajarajeshwari Nagar,Frazer Town,,,Not Applicable,Not Applicable,Not Applicable,Not Applicable,828,Not Applicable,0,,
2024-07-27 07:52:00,CNR8288863209,Canceled by Driver,CID675920,Bike,Basavanagudi,KR Puram,,,Not Applicable,Personal & Car related issue,Not Applicable,Not Applicable,473,Not Applicable,0,,
2024-07-19 22:07:00,CNR4472865975,Success,CID887089,Mini,Chickpet,Electronic City,126.0,120.0,Not Applicable,Not Applicable,No,Not Applicable,158,Cash,20,4.3,4.0
2024-07-12 22:44:00,CNR6890646096,Success,CID822161,Prime SUV,Rajajinagar,Koramangala,196.0,85.0,Not Applicable,Not Applicable,No,Not Applicable,481,UPI,46,3.7,3.1
2024-07-18 01:09:00,CNR1566638364,Canceled by Customer,CID155496,Prime Plus,RT Nagar,BTM Layout,,,Driver is not moving towards pickup location,Not Applicable,Not Applicable,Not Applicable,435,Not Applicable,0,,
2024-07-28 17:38:00,CNR2295260461,Canceled by Customer,CID345528,eBike,Chickpet,Marathahalli,,,Driver is not moving towards pickup location,Not Applicable,Not Applicable,Not Applicable,273,Not Applicable,0,,
2024-07-19 01:53:00,CNR9629943087,Success,CID857515,Prime Plus,Magadi Road,Padmanabhanagar,210.0,120.0,Not Applicable,Not Applicable,No,Not Applicable,322,Credit Card,30,4.2,4.9
2024-07-10 07:49:00,CNR6213436844,Driver Not Found,CID830266,eBike,Richmond Town,Bellandur,,,Not Applicable,Not Applicable,Not Applicable,Not Applicable,854,Not Applicable,0,,
2024-07-19 12:08:00,CNR1427223672,Canceled by Driver,CID458812,Prime Plus,Devanahalli,MG Road,,,Not Applicable,Personal & Car related issue,Not Applicable,Not Applicable,651,Not Applicable,0,,
2024-07-30 18:31:00,CNR5050680019,Success,CID308101,Prime Plus,Chickpet,Devanahalli,203.0,125.0,Not Applicable,Not Applicable,No,Not Applicable,445,UPI,47,3.4,4.9
2024-07-06 05:32:00,CNR1096232232,Success,CID564950,Mini,Malleshwaram,Chamarajpet,126.0,30.0,Not Applicable,Not Applicable,No,Not Applicable,205,UPI,16,3.1,4.0
2024-07-21 20:05:00,CNR9949958824,Success,CID156052,Auto,Electronic City,BTM Layout,294.0,85.0,Not Applicable,Not Applicable,No,Not Applicable,485,Credit Card,4,3.9,4.1
2024-07-17 03:52:00,CNR9744015724,Driver Not Found,CID941892,Auto,Rajajinagar,Chamarajpet,,,Not Applicable,Not Applicable,Not Applicable,Not Applicable,325,Not Applicable,0,,
2024-07-16 07:26:00,CNR2129010383,Driver Not Found,CID959277,eBike,Frazer Town,Kadugodi,,,Not Applicable,Not Applicable,Not Applicable,Not Applicable,209,Not Applicable,0,,
2024-07-07 12:00:00,CNR8114041923,Success,CID266465,Auto,HSR Layout,Malleshwaram,308.0,90.0,Not Applicable,Not Applicable,No,Not Applicable,303,UPI,14,4.9,4.6
2024-07-11 15:33:00,CNR7728032208,Success,CID181073,Auto,Bellandur,Yeshwanthpur,84.0,90.0,Not Applicable,Not Applicable,No,Not Applicable,123,UPI,12,4.0,4.1
2024-07-26 21:17:00,CNR4806482697,Canceled by Customer,CID529638,Auto,Cox Town,Shivajinagar,,,Change of plans,Not Applicable,Not Applicable,Not Applicable,422,Not Applicable,0,,
2024-07-11 10:05:00,CNR3280134646,Success,CID629732,Prime Plus,Majestic,JP Nagar,147.0,35.0,Not Applicable,Not Applicable,No,Not Applicable,292,Cash,15,5.0,4.6
2024-07-07 08:25:00,CNR3063797331,Success,CID422552,Prime Plus,JP Nagar,Jayanagar,252.0,125.0,Not Applicable,Not Applicable,No,Not Applicable,2019,Cash,34,3.7,4.0
2024-07-15 18:04:00,CNR7348854599,Success,CID699785,Mini,Sahakar Nagar,Rajajinagar,196.0,110.0,Not Applicable,Not Applicable,No,Not Applicable,244,Cash,33,4.9,4.9
2024-07-17 21:26:00,CNR6640121114,Canceled by Customer,CID111352,Prime SUV,Langford Town,Nagarbhavi,,,Driver is not moving towards pickup location,Not Applicable,Not Applicable,Not Applicable,756,Not Applicable,0,,
2024-07-25 09:13:00,CNR3014192039,Success,CID406819,Mini,Whitefield,Chickpet,140.0,95.0,Not Applicable,Not Applicable,No,Not Applicable,321,Cash,30,4.4,3.2
2024-07-13 23:49:00,CNR4608345665,Success,CID830168,Bike,Shantinagar,Jayanagar,182.0,75.0,Not Applicable,Not Applicable,Yes,Customer Demand,590,Cash,33,3.0,4.7
2024-07-02 17:50:00,CNR4748576482,Canceled by Driver,CID362658,Bike,MG Road,Langford Town,,,Not Applicable,Personal & Car related issue,Not Applicable,Not Applicable,235,Not Applicable,0,,
2024-07-01 09:02:00,CNR7504216006,Success,CID516386,Prime SUV,Indiranagar,KR Puram,175.0,75.0,Not Applicable,Not Applicable,No,Not Applicable,825,Credit Card,27,4.5,4.9
2024-07-16 04:21:00,CNR1238487761,Success,CID199822,Auto,Nagarbhavi,RT Nagar,35.0,55.0,Not Applicable,Not Applicable,No,Not Applicable,691,UPI,19,4.7,3.5
2024-07-23 08:23:00,CNR2297634126,Success,CID961506,Bike,Bannerghatta Road,Ramamurthy Nagar,98.0,85.0,Not Applicable,Not Applicable,No,Not Applicable,189,Cash,48,3.3,4.2
2024-07-11 06:27:00,CNR7455989499,Success,CID556418,Mini,Majestic,Frazer Town,56.0,40.0,Not Applicable,Not Applicable,No,Not Applicable,209,Cash,20,3.8,3.0
2024-07-12 23:18:00,CNR9420849147,Success,CID917050,eBike,Chickpet,Koramangala,70.0,80.0,Not Applicable,Not Applicable,No,Not Applicable,457,Cash,11,3.7,4.5
2024-07-30 23:22:00,CNR6032138532,Canceled by Driver,CID497249,eBike,Kadugodi,Indiranagar,,,Not Applicable,Customer related issue,Not Applicable,Not Applicable,205,Not Applicable,0,,
2024-07-10 13:01:00,CNR8938956812,Canceled by Driver,CID387354,Prime Plus,Frazer Town,Sahakar Nagar,,,Not Applicable,Customer related issue,Not Applicable,Not Applicable,276,Not Applicable,0,,
2024-07-28 11:11:00,CNR8252399761,Driver Not Found,CID869969,eBike,Hosur Road,Peenya,,,Not Applicable,Not Applicable,Not Applicable,Not Applicable,328,Not Applicable,0,,
2024-07-11 12:11:00,CNR3936116721,Success,CID648450,Prime Plus,MG Road,Malleshwaram,245.0,110.0,Not Applicable,Not Applicable,No,Not Applicable,289,Cash,4,4.8,3.9
2024-07-18 00:08:00,CNR5852365936,Canceled by Customer,CID820142,Auto,Nagarbhavi,Chickpet,,,Change of plans,Not Applicable,Not Applicable,Not Applicable,396,Not Applicable,0,,
2024-07-25 22:46:00,CNR9234158931,Success,CID525240,Mini,Frazer Town,Majestic,308.0,80.0,Not Applicable,Not Applicable,No,Not Applicable,415,UPI,8,4.7,3.1
2024-07-29 15:09:00,CNR3587514660,Success,CID466013,Auto,Sahakar Nagar,Bannerghatta Road,231.0,25.0,Not Applicable,Not Applicable,No,Not Applicable,878,Cash,8,3.7,4.1
2024-07-19 08:11:00,CNR2569042793,Canceled by Driver,CID595485,Prime Plus,Majestic,MG Road,,,Not Applicable,Customer related issue,Not Applicable,Not Applicable,459,Not Applicable,0,,
2024-07-03 03:32:00,CNR4135027887,Success,CID738594,eBike,Ulsoor,Nagarbhavi,126.0,35.0,Not Applicable,Not Applicable,No,Not Applicable,190,UPI,33,4.3,5.0
2024-07-27 20:58:00,CNR4478602709,Success,CID851445,Mini,Ulsoor,Hennur,238.0,80.0,Not Applicable,Not Applicable,No,Not Applicable,129,Cash,32,3.3,4.2
2024-07-23 11:14:00,CNR4472901678,Success,CID810726,Prime Sedan,Jayanagar,KR Puram,210.0,70.0,Not Applicable,Not Applicable,No,Not Applicable,741,UPI,17,4.7,4.7
2024-07-19 11:25:00,CNR2419739341,Canceled by Driver,CID695368,Prime Plus,Rajajinagar,Vijayanagar,,,Not Applicable,More than permitted people in there,Not Applicable,Not Applicable,372,Not Applicable,0,,
2024-07-08 13:09:00,CNR3431970977,Canceled by Driver,CID366939,Auto,Devanahalli,Tumkur Road,,,Not Applicable,Customer was coughing/sick,Not Applicable,Not Applicable,474,Not Applicable,0,,
2024-07-12 09:58:00,CNR6134438257,Success,CID209544,Bike,Koramangala,Cox Town,147.0,85.0,Not Applicable,Not Applicable,No,Not Applicable,451,UPI,47,4.8,4.3
2024-07-11 12:48:00,CNR5994360732,Success,CID736351,Auto,Ulsoor,Hebbal,308.0,80.0,Not Applicable,Not Applicable,No,Not Applicable,155,Cash,15,4.3,3.9
2024-07-15 02:02:00,CNR8271834735,Canceled by Driver,CID354924,Bike,Shantinagar,Marathahalli,,,Not Applicable,Customer related issue,Not Applicable,Not Applicable,175,Not Applicable,0,,
2024-07-05 16:14:00,CNR5181443373,Success,CID249871,Prime Sedan,BTM Layout,Kammanahalli,105.0,45.0,Not Applicable,Not Applicable,No,Not Applicable,278,Cash,3,4.6,3.2
2024-07-02 05:39:00,CNR4458108270,Driver Not Found,CID262428,eBike,Koramangala,Varthur,,,Not Applicable,Not Applicable,Not Applicable,Not Applicable,186,Not Applicable,0,,
2024-07-30 00:58:00,CNR5529021512,Canceled by Customer,CID335627,Mini,Malleshwaram,Sahakar Nagar,,,AC is Not working,Not Applicable,Not Applicable,Not Applicable,169,Not Applicable,0,,
2024-07-09 16:17:00,CNR9646726758,Canceled by Driver,CID951074,Prime Plus,Bellandur,Electronic City,,,Not Applicable,Personal & Car related issue,Not Applicable,Not Applicable,328,Not Applicable,0,,
2024-07-20 08:30:00,CNR1454283271,Success,CID528347,Mini,Rajajinagar,Banashankari,35.0,50.0,Not Applicable,Not Applicable,No,Not Applicable,305,UPI,3,4.8,4.7
2024-07-12 02:36:00,CNR2173182427,Success,CID797448,Prime SUV,Rajajinagar,Yelahanka,231.0,110.0,Not Applicable,Not Applicable,No,Not Applicable,1704,Cash,8,3.5,3.8
2024-07-21 00:31:00,CNR4251933898,Driver Not Found,CID225913,Auto,Shantinagar,Basavanagudi,,,Not Applicable,Not Applicable,Not Applicable,Not Applicable,473,Not Applicable,0,,
2024-07-03 00:38:00,CNR2453227830,Success,CID882532,Prime SUV,Varthur,JP Nagar,147.0,50.0,Not Applicable,Not Applicable,No,Not Applicable,818,Cash,7,3.1,4.5
2024-07-22 08:45:00,CNR7574045919,Success,CID654026,Mini,HSR Layout,Chamarajpet,77.0,55.0,Not Applicable,Not Applicable,No,Not Applicable,685,Cash,21,3.4,4.7
2024-07-02 04:07:00,CNR1630643774,Driver Not Found,CID516148,Prime Sedan,Rajarajeshwari Nagar,JP Nagar,,,Not Applicable,Not Applicable,Not Applicable,Not Applicable,536,Not Applicable,0,,
2024-07-26 11:27:00,CNR7790306518,Success,CID550149,eBike,Shivajinagar,Hebbal,154.0,60.0,Not Applicable,Not Applicable,No,Not Applicable,236,Cash,30,3.7,3.6
2024-07-09 17:00:00,CNR7376894466,Canceled by Customer,CID137187,Auto,Kammanahalli,Malleshwaram,,,Driver asked to cancel,Not Applicable,Not Applicable,Not Applicable,124,Not Applicable,0,,
2024-07-19 18:19:00,CNR1918918235,Success,CID419143,Prime SUV,KR Puram,Marathahalli,119.0,65.0,Not Applicable,Not Applicable,No,Not Applicable,165,Cash,19,3.7,4.6
2024-07-11 05:47:00,CNR8762614724,Canceled by Driver,CID994933,Prime Sedan,Hulimavu,Ramamurthy Nagar,,,Not Applicable,More than permitted people in there,Not Applicable,Not Applicable,485,Not Applicable,0,,
2024-07-18 14:01:00,CNR5817727536,Success,CID134562,Prime Plus,HSR Layout,HSR Layout,112.0,45.0,Not Applicable,Not Applicable,No,Not Applicable,187,Cash,29,4.3,3.2
2024-07-06 07:06:00,CNR2680519092,Canceled by Driver,CID979878,Auto,HSR Layout,Chickpet,,,Not Applicable,Customer related issue,Not Applicable,Not Applicable,423,Not Applicable,0,,
2024-07-15 22:04:00,CNR4279152635,Success,CID422425,Prime SUV,Hebbal,Magadi Road,259.0,55.0,Not Applicable,Not Applicable,No,Not Applicable,138,Cash,6,3.9,4.3
2024-07-26 23:06:00,CNR6807863406,Success,CID943615,Mini,Sahakar Nagar,RT Nagar,140.0,105.0,Not Applicable,Not Applicable,No,Not Applicable,887,UPI,48,3.7,3.5
2024-07-22 18:16:00,CNR3951931500,Success,CID100364,Prime Plus,Hennur,JP Nagar,98.0,125.0,Not Applicable,Not Applicable,No,Not Applicable,191,Cash,4,4.2,4.8
2024-07-02 18:36:00,CNR4938897859,Driver Not Found,CID437662,Prime Plus,MG Road,Majestic,,,Not Applicable,Not Applicable,Not Applicable,Not Applicable,351,Not Applicable,0,,
2024-07-21 15:33:00,CNR9052963878,Success,CID705530,Bike,Bellandur,Hosur Road,252.0,75.0,Not Applicable,Not Applicable,No,Not Applicable,182,Cash,5,3.7,5.0
2024-07-21 07:31:00,CNR8959549038,Success,CID331411,Mini,Nagarbhavi,Ulsoor,105.0,110.0,Not Applicable,Not Applicable,No,Not Applicable,342,Cash,41,3.1,4.9
2024-07-17 05:52:00,CNR1935371031,Success,CID238648,Bike,Sahakar Nagar,Rajarajeshwari Nagar,63.0,130.0,Not Applicable,Not Applicable,No,Not Applicable,1749,Cash,43,3.2,3.6
2024-07-20 17:18:00,CNR9185705832,Success,CID103458,eBike,Chickpet,Tumkur Road,147.0,95.0,Not Applicable,Not Applicable,No,Not Applicable,2184,Cash,39,4.9,3.4
2024-07-19 15:18:00,CNR4958592386,Success,CID887248,Prime Sedan,Malleshwaram,Ramamurthy Nagar,161.0,70.0,Not Applicable,Not Applicable,No,Not Applicable,355,Cash,4,4.5,3.6
2024-07-21 22:25:00,CNR7513155932,Success,CID644438,Prime SUV,Whitefield,Jayanagar,280.0,145.0,Not Applicable,Not Applicable,No,Not Applicable,449,Cash,20,4.0,3.1
2024-07-10 22:06:00,CNR7620946629,Canceled by Driver,CID760801,Mini,Nagarbhavi,Hulimavu,,,Not Applicable,More than permitted people in there,Not Applicable,Not Applicable,589,Not Applicable,0,,
2024-07-27 04:04:00,CNR4657258303,Canceled by Driver,CID531101,Prime Plus,Whitefield,Langford Town,,,Not Applicable,More than permitted people in there,Not Applicable,Not Applicable,952,Not Applicable,0,,
2024-07-10 05:53:00,CNR3583549037,Success,CID761782,eBike,Whitefield,KR Puram,210.0,130.0,Not Applicable,Not Applicable,No,Not Applicable,133,Cash,45,4.6,4.6
2024-07-22 14:09:00,CNR2251481617,Success,CID579340,eBike,Marathahalli,Majestic,273.0,50.0,Not Applicable,Not Applicable,No,Not Applicable,1003,UPI,23,3.4,4.0
2024-07-30 05:58:00,CNR6796773440,Canceled by Customer,CID832723,Bike,Hosur Road,Ramamurthy Nagar,,,Change of plans,Not Applicable,Not Applicable,Not Applicable,859,Not Applicable,0,,
2024-07-06 04:20:00,CNR3476412374,Canceled by Customer,CID404645,eBike,HSR Layout,Marathahalli,,,Change of plans,Not Applicable,Not Applicable,Not Applicable,366,Not Applicable,0,,
2024-07-06 04:11:00,CNR2075942885,Canceled by Customer,CID920946,Prime Sedan,Hebbal,Rajajinagar,,,Driver asked to cancel,Not Applicable,Not Applicable,Not Applicable,654,Not Applicable,0,,
2024-07-15 00:07:00,CNR9678816851,Success,CID460340,Bike,Ramamurthy Nagar,Cox Town,175.0,75.0,Not Applicable,Not Applicable,No,Not Applicable,396,Cash,21,3.8,3.2
2024-07-15 15:53:00,CNR2346720762,Driver Not Found,CID144525,Mini,Kengeri,Mysore Road,,,Not Applicable,Not Applicable,Not Applicable,Not Applicable,403,Not Applicable,0,,
2024-07-03 00:22:00,CNR2689533716,Success,CID501597,Mini,Devanahalli,Padmanabhanagar,133.0,65.0,Not Applicable,Not Applicable,No,Not Applicable,398,Cash,8,3.6,3.3
2024-07-10 18:18:00,CNR7905265416,Success,CID475809,Mini,Bellandur,Malleshwaram,112.0,70.0,Not Applicable,Not Applicable,No,Not Applicable,314,Cash,14,3.6,5.0
2024-07-22 16:43:00,CNR3722623822,Canceled by Driver,CID715264,eBike,Rajarajeshwari Nagar,BTM Layout,,,Not Applicable,Personal & Car related issue,Not Applicable,Not Applicable,463,Not Applicable,0,,
2024-07-26 05:56:00,CNR6816389127,Success,CID834941,Auto,Banashankari,Rajajinagar,210.0,120.0,Not Applicable,Not Applicable,No,Not Applicable,494,UPI,17,3.6,4.3
2024-07-24 05:16:00,CNR8190741684,Success,CID202487,Mini,BTM Layout,Hosur Road,42.0,130.0,Not Applicable,Not Applicable,No,Not Applicable,471,Cash,9,3.1,4.4
2024-07-27 17:09:00,CNR2685794228,Success,CID268426,Mini,Kammanahalli,Kammanahalli,301.0,120.0,Not Applicable,Not Applicable,No,Not Applicable,222,UPI,21,4.7,3.6
2024-07-03 19:14:00,CNR3245944422,Canceled by Driver,CID665476,eBike,Bannerghatta Road,Hennur,,,Not Applicable,More than permitted people in there,Not Applicable,Not Applicable,134,Not Applicable,0,,
2024-07-23 19:18:00,CNR7255373355,Canceled by Driver,CID339132,Prime SUV,Hosur Road,Basavanagudi,,,Not Applicable,Customer was coughing/sick,Not Applicable,Not Applicable,146,Not Applicable,0,,
2024-07-30 05:13:00,CNR1102587320,Canceled by Driver,CID330602,Prime Plus,Kengeri,Indiranagar,,,Not Applicable,Customer related issue,Not Applicable,Not Applicable,712,Not Applicable,0,,
2024-07-09 18:54:00,CNR2573159138,Success,CID876962,Auto,Kadugodi,Devanahalli,133.0,85.0,Not Applicable,Not Applicable,No,Not Applicable,1475,UPI,3,3.6,3.7
2024-07-08 20:48:00,CNR8577750363,Success,CID276055,Auto,Malleshwaram,Indiranagar,210.0,100.0,Not Applicable,Not Applicable,No,Not Applicable,2130,UPI,15,3.2,3.7
2024-07-18 10:30:00,CNR1553878515,Success,CID734806,Bike,Ulsoor,HSR Layout,161.0,85.0,Not Applicable,Not Applicable,No,Not Applicable,264,Cash,10,4.6,3.3
2024-07-08 09:45:00,CNR5479559851,Success,CID496894,Auto,Sarjapur Road,Langford Town,42.0,135.0,Not Applicable,Not Applicable,No,Not Applicable,220,UPI,19,5.0,4.4
2024-07-08 06:12:00,CNR2361851575,Success,CID824463,Mini,Sarjapur Road,Chamarajpet,133.0,95.0,Not Applicable,Not Applicable,No,Not Applicable,248,Cash,7,3.8,4.0
2024-07-16 18:20:00,CNR5612212412,Success,CID476687,eBike,Jayanagar,Ramamurthy Nagar,154.0,55.0,Not Applicable,Not Applicable,No,Not Applicable,139,UPI,4,3.7,3.7
2024-07-09 17:35:00,CNR8543043893,Canceled by Driver,CID458869,Bike,Magadi Road,BTM Layout,,,Not Applicable,Personal & Car related issue,Not Applicable,Not Applicable,870,Not Applicable,0,,
2024-07-25 20:51:00,CNR7009452983,Success,CID100406,Prime SUV,Marathahalli,BTM Layout,140.0,140.0,Not Applicable,Not Applicable,No,Not Applicable,251,Cash,46,3.5,3.2
2024-07-11 10:38:00,CNR8683378911,Success,CID635938,Bike,Varthur,Cox Town,126.0,110.0,Not Applicable,Not Applicable,No,Not Applicable,363,UPI,22,4.5,4.3
2024-07-16 20:01:00,CNR5900652151,Success,CID838378,Prime SUV,RT Nagar,Kammanahalli,217.0,25.0,Not Applicable,Not Applicable,Yes,Customer Demand,356,Cash,46,3.9,4.1
2024-07-25 02:51:00,CNR1811039663,Success,CID699139,eBike,Ramamurthy Nagar,Shantinagar,70.0,90.0,Not Applicable,Not Applicable,No,Not Applicable,194,Cash,26,4.4,4.3
2024-07-06 14:24:00,CNR7024460687,Success,CID787691,eBike,BTM Layout,Shantinagar,112.0,55.0,Not Applicable,Not Applicable,No,Not Applicable,237,Cash,22,5.0,4.6
2024-07-06 13:43:00,CNR4750829489,Success,CID147459,eBike,Kengeri,Whitefield,252.0,140.0,Not Applicable,Not Applicable,No,Not Applicable,558,Cash,46,3.7,3.8
2024-07-14 02:11:00,CNR8441740671,Canceled by Driver,CID440023,Mini,Jayanagar,Mysore Road,,,Not Applicable,Customer related issue,Not Applicable,Not Applicable,483,Not Applicable,0,,
2024-07-25 16:46:00,CNR8785668234,Success,CID450927,Prime SUV,Chamarajpet,Devanahalli,189.0,85.0,Not Applicable,Not Applicable,No,Not Applicable,209,Cash,41,4.4,4.4
2024-07-03 16:53:00,CNR4527777812,Driver Not Found,CID590534,Mini,Hulimavu,Kammanahalli,,,Not Applicable,Not Applicable,Not Applicable,Not Applicable,436,Not Applicable,0,,
2024-07-11 02:59:00,CNR5462743119,Canceled by Driver,CID374853,Bike,Shantinagar,Tumkur Road,,,Not Applicable,Customer related issue,Not Applicable,Not Applicable,144,Not Applicable,0,,
2024-07-23 01:47:00,CNR6860002328,Success,CID355874,eBike,Bellandur,Yeshwanthpur,210.0,35.0,Not Applicable,Not Applicable,No,Not Applicable,479,Cash,10,4.7,3.0
2024-07-19 04:00:00,CNR9595850499,Success,CID874192,Prime Plus,Kengeri,Padmanabhanagar,112.0,65.0,Not Applicable,Not Applicable,No,Not Applicable,477,Cash,28,4.4,4.1
2024-07-24 06:58:00,CNR5112097718,Success,CID650197,Prime Plus,Chamarajpet,BTM Layout,105.0,35.0,Not Applicable,Not Applicable,No,Not Applicable,358,Cash,23,4.8,3.0
2024-07-21 09:19:00,CNR5229885410,Canceled by Customer,CID427378,Auto,Majestic,Peenya,,,Change of plans,Not Applicable,Not Applicable,Not Applicable,495,Not Applicable,0,,
2024-07-26 08:38:00,CNR4466561453,Success,CID367923,Prime SUV,Hosur Road,Vijayanagar,175.0,105.0,Not Applicable,Not Applicable,No,Not Applicable,362,UPI,29,4.7,4.9
2024-07-21 20:47:00,CNR3789150028,Success,CID243616,Mini,Sahakar Nagar,Padmanabhanagar,98.0,60.0,Not Applicable,Not Applicable,No,Not Applicable,416,UPI,46,3.8,4.2
2024-07-25 06:27:00,CNR4937736297,Success,CID176836,Auto,Yeshwanthpur,Koramangala,105.0,65.0,Not Applicable,Not Applicable,No,Not Applicable,342,Cash,17,4.8,3.7
2024-07-26 04:15:00,CNR1736383545,Success,CID854380,Prime Sedan,Majestic,Kadugodi,91.0,60.0,Not Applicable,Not Applicable,No,Not Applicable,458,UPI,35,4.5,4.4
2024-07-21 21:52:00,CNR6745180587,Success,CID793516,Prime Sedan,Kadugodi,Tumkur Road,196.0,110.0,Not Applicable,Not Applicable,No,Not Applicable,555,Cash,40,3.4,4.2
2024-07-24 23:42:00,CNR2513331982,Success,CID384957,eBike,Hennur,HSR Layout,196.0,45.0,Not Applicable,Not Applicable,No,Not Applicable,210,Cash,35,4.3,4.2
2024-07-11 11:48:00,CNR7050555590,Canceled by Customer,CID772164,Prime Plus,Marathahalli,Tumkur Road,,,AC is Not working,Not Applicable,Not Applicable,Not Applicable,153,Not Applicable,0,,
2024-07-07 03:56:00,CNR2469052809,Success,CID921116,Prime SUV,Sahakar Nagar,Bannerghatta Road,224.0,145.0,Not Applicable,Not Applicable,No,Not Applicable,607,Cash,42,3.4,3.6
2024-07-24 06:13:00,CNR4354123802,Canceled by Driver,CID370792,Prime Sedan,Whitefield,RT Nagar,,,Not Applicable,Customer related issue,Not Applicable,Not Applicable,706,Not Applicable,0,,
2024-07-06 13:45:00,CNR7751282472,Canceled by Customer,CID815549,Bike,Kengeri,RT Nagar,,,Driver is not moving towards pickup location,Not Applicable,Not Applicable,Not Applicable,400,Not Applicable,0,,
2024-07-13 10:12:00,CNR9866822013,Success,CID849625,Mini,Kadugodi,Whitefield,49.0,30.0,Not Applicable,Not Applicable,No,Not Applicable,233,Cash,7,4.4,3.7
2024-07-14 07:08:00,CNR4981965522,Canceled by Driver,CID387700,eBike,Ramamurthy Nagar,Majestic,,,Not Applicable,Personal & Car related issue,Not Applicable,Not Applicable,1611,Not Applicable,0,,
2024-07-10 03:00:00,CNR6863538082,Canceled by Driver,CID371460,Bike,Yeshwanthpur,JP Nagar,,,Not Applicable,Customer related issue,Not Applicable,Not Applicable,280,Not Applicable,0,,
2024-07-02 07:17:00,CNR3218821477,Driver Not Found,CID550390,eBike,Yelahanka,Rajajinagar,,,Not Applicable,Not Applicable,Not Applicable,Not Applicable,177,Not Applicable,0,,
2024-07-04 00:34:00,CNR7287340656,Success,CID182800,Bike,RT Nagar,Rajajinagar,217.0,125.0,Not Applicable,Not Applicable,No,Not Applicable,399,UPI,30,4.8,3.9
2024-07-02 04:51:00,CNR3302250012,Success,CID695018,Auto,Magadi Road,Jayanagar,287.0,135.0,Not Applicable,Not Applicable,No,Not Applicable,1847,Cash,6,5.0,4.5
2024-07-16 20:32:00,CNR4285395058,Driver Not Found,CID330883,Prime Plus,Yeshwanthpur,Banashankari,,,Not Applicable,Not Applicable,Not Applicable,Not Applicable,2132,Not Applicable,0,,
2024-07-25 16:01:00,CNR1699766429,Success,CID727740,Mini,Sahakar Nagar,Jayanagar,189.0,65.0,Not Applicable,Not Applicable,Yes,Customer Demand,427,UPI,37,4.6,3.6
2024-07-26 13:47:00,CNR6334323651,Success,CID968407,eBike,Rajarajeshwari Nagar,Majestic,126.0,135.0,Not Applicable,Not Applicable,No,Not Applicable,2786,UPI,29,5.0,3.3
2024-07-06 10:38:00,CNR9165490374,Success,CID320283,Prime SUV,Basavanagudi,Varthur,175.0,140.0,Not Applicable,Not Applicable,No,Not Applicable,1450,Cash,37,4.7,4.7
2024-07-11 16:25:00,CNR8572855997,Success,CID954818,Prime SUV,Devanahalli,Kadugodi,70.0,35.0,Not Applicable,Not Applicable,No,Not Applicable,553,Cash,34,4.6,3.4
2024-07-18 03:38:00,CNR2135646204,Success,CID895224,Prime SUV,HSR Layout,Electronic City,42.0,30.0,Not Applicable,Not Applicable,No,Not Applicable,1106,UPI,30,4.0,5.0
2024-07-02 12:36:00,CNR9100069906,Canceled by Driver,CID373314,Prime SUV,Jayanagar,RT Nagar,,,Not Applicable,Personal & Car related issue,Not Applicable,Not Applicable,309,Not Applicable,0,,
2024-07-14 10:29:00,CNR4491605273,Driver Not Found,CID748635,Mini,Hulimavu,Yeshwanthpur,,,Not Applicable,Not Applicable,Not Applicable,Not Applicable,494,Not Applicable,0,,
2024-07-01 01:41:00,CNR3511024169,Success,CID803160,eBike,Banashankari,KR Puram,119.0,135.0,Not Applicable,Not Applicable,No,Not Applicable,1056,Debit Card,13,3.8,3.0
2024-07-23 07:09:00,CNR7304980476,Canceled by Driver,CID426371,eBike,Hulimavu,Sahakar Nagar,,,Not Applicable,Customer related issue,Not Applicable,Not Applicable,103,Not Applicable,0,,
2024-07-12 05:29:00,CNR5562237680,Success,CID881347,Bike,Tumkur Road,Ramamurthy Nagar,42.0,30.0,Not Applicable,Not Applicable,Yes,Vehicle Breakdown,131,UPI,36,3.3,4.5
2024-07-29 14:24:00,CNR4350348413,Success,CID818809,Prime Sedan,Shantinagar,Bellandur,133.0,140.0,Not Applicable,Not Applicable,No,Not Applicable,180,UPI,2,3.8,4.0
2024-07-25 16:52:00,CNR2348200902,Canceled by Driver,CID303553,Auto,Kammanahalli,Banashankari,,,Not Applicable,Personal & Car related issue,Not Applicable,Not Applicable,120,Not Applicable,0,,
2024-07-28 04:21:00,CNR3363099651,Success,CID374078,Auto,BTM Layout,MG Road,112.0,40.0,Not Applicable,Not Applicable,No,Not Applicable,139,Cash,3,3.3,3.2
2024-07-10 07:36:00,CNR9084930489,Canceled by Customer,CID347677,Mini,Indiranagar,Rajarajeshwari Nagar,,,Change of plans,Not Applicable,Not Applicable,Not Applicable,586,Not Applicable,0,,
2024-07-10 00:06:00,CNR1604668547,Success,CID777659,Prime Plus,Hulimavu,Malleshwaram,287.0,115.0,Not Applicable,Not Applicable,No,Not Applicable,284,Credit Card,19,3.9,4.9
2024-07-30 02:48:00,CNR3129518889,Success,CID466545,Bike,Kadugodi,Yelahanka,42.0,110.0,Not Applicable,Not Applicable,No,Not Applicable,477,Cash,12,4.3,4.7
2024-07-21 05:28:00,CNR3368243275,Success,CID265285,Bike,Malleshwaram,Rajajinagar,308.0,30.0,Not Applicable,Not Applicable,No,Not Applicable,199,UPI,18,3.5,4.1
2024-07-16 17:10:00,CNR2664118115,Success,CID680101,Prime SUV,BTM Layout,HSR Layout,175.0,100.0,Not Applicable,Not Applicable,No,Not Applicable,837,UPI,38,4.7,3.9
2024-07-23 03:04:00,CNR5586608284,Success,CID423763,Auto,Banashankari,Richmond Town,182.0,130.0,Not Applicable,Not Applicable,No,Not Applicable,979,Cash,14,3.4,4.4
2024-07-04 09:51:00,CNR2753673246,Canceled by Customer,CID954741,Prime SUV,MG Road,Cox Town,,,AC is Not working,Not Applicable,Not Applicable,Not Applicable,815,Not Applicable,0,,
2024-07-09 02:31:00,CNR3847158651,Success,CID504076,Prime Sedan,Koramangala,Frazer Town,161.0,75.0,Not Applicable,Not Applicable,No,Not Applicable,2867,Cash,28,3.1,3.2
2024-07-24 02:18:00,CNR6808848378,Success,CID838208,Prime SUV,Magadi Road,Hosur Road,168.0,55.0,Not Applicable,Not Applicable,No,Not Applicable,700,Cash,16,4.6,4.4
2024-07-15 05:00:00,CNR2282115942,Success,CID416476,Prime Sedan,Varthur,Bannerghatta Road,168.0,70.0,Not Applicable,Not Applicable,No,Not Applicable,470,Cash,15,4.8,3.8
2024-07-19 08:46:00,CNR8327291087,Success,CID771091,Bike,Chickpet,Richmond Town,98.0,120.0,Not Applicable,Not Applicable,No,Not Applicable,462,Cash,36,4.0,4.8
2024-07-16 06:47:00,CNR2335231164,Canceled by Driver,CID768502,Prime SUV,Indiranagar,Yeshwanthpur,,,Not Applicable,Personal & Car related issue,Not Applicable,Not Applicable,315,Not Applicable,0,,
2024-07-01 13:07:00,CNR4226809119,Success,CID902889,Mini,Indiranagar,KR Puram,203.0,80.0,Not Applicable,Not Applicable,No,Not Applicable,909,Cash,18,3.3,4.4
2024-07-20 00:40:00,CNR6280116700,Success,CID382749,Prime Plus,Bannerghatta Road,BTM Layout,70.0,30.0,Not Applicable,Not Applicable,No,Not Applicable,428,Cash,3,4.6,3.0
2024-07-11 18:51:00,CNR3186207097,Success,CID664742,Mini,Vijayanagar,Devanahalli,252.0,135.0,Not Applicable,Not Applicable,No,Not Applicable,117,UPI,2,4.9,4.1
2024-07-06 17:07:00,CNR6259393265,Canceled by Customer,CID160671,Prime Plus,Kengeri,Hennur,,,Driver asked to cancel,Not Applicable,Not Applicable,Not Applicable,953,Not Applicable,0,,
2024-07-27 08:35:00,CNR5030598365,Canceled by Customer,CID503175,eBike,Yelahanka,Ramamurthy Nagar,,,Change of plans,Not Applicable,Not Applicable,Not Applicable,401,Not Applicable,0,,
2024-07-29 20:26:00,CNR9629557914,Success,CID780044,Prime Sedan,Jayanagar,Frazer Town,168.0,120.0,Not Applicable,Not Applicable,Yes,Customer Demand,447,Cash,1,3.5,4.7
2024-07-11 12:14:00,CNR8823599007,Success,CID118395,Mini,Peenya,Varthur,154.0,50.0,Not Applicable,Not Applicable,No,Not Applicable,119,Cash,23,3.1,5.0
2024-07-04 20:36:00,CNR2827230384,Canceled by Driver,CID941104,Prime Plus,Sarjapur Road,Kengeri,,,Not Applicable,Personal & Car related issue,Not Applicable,Not Applicable,135,Not Applicable,0,,
2024-07-10 07:57:00,CNR5306069173,Success,CID951536,Bike,Langford Town,Frazer Town,42.0,65.0,Not Applicable,Not Applicable,No,Not Applicable,349,UPI,30,4.6,4.3
2024-07-18 23:04:00,CNR5534752232,Success,CID486746,Prime Sedan,Malleshwaram,BTM Layout,280.0,100.0,Not Applicable,Not Applicable,No,Not Applicable,615,Cash,19,3.7,3.4
2024-07-22 00:13:00,CNR2168473786,Success,CID755187,Prime Plus,Sarjapur Road,Ramamurthy Nagar,133.0,80.0,Not Applicable,Not Applicable,Yes,Vehicle Breakdown,699,Cash,21,4.8,4.6
2024-07-10 22:13:00,CNR2776066378,Success,CID309181,Prime Plus,Sahakar Nagar,Richmond Town,217.0,110.0,Not Applicable,Not Applicable,No,Not Applicable,212,UPI,26,4.9,4.3
2024-07-09 06:40:00,CNR9105700439,Canceled by Driver,CID787310,Prime Plus,Shantinagar,Kengeri,,,Not Applicable,Personal & Car related issue,Not Applicable,Not Applicable,165,Not Applicable,0,,
2024-07-16 09:39:00,CNR7887733564,Success,CID286283,Mini,Ramamurthy Nagar,Vijayanagar,301.0,30.0,Not Applicable,Not Applicable,No,Not Applicable,306,Cash,2,4.1,3.9
2024-07-28 09:49:00,CNR4281760332,Success,CID869084,Auto,Varthur,Devanahalli,161.0,80.0,Not Applicable,Not Applicable,No,Not Applicable,298,Cash,19,4.8,4.2
2024-07-26 18:41:00,CNR6869628679,Driver Not Found,CID299299,Prime Sedan,Banashankari,Langford Town,,,Not Applicable,Not Applicable,Not Applicable,Not Applicable,453,Not Applicable,0,,
2024-07-20 11:17:00,CNR8458307502,Success,CID109898,Auto,Cox Town,Langford Town,224.0,115.0,Not Applicable,Not Applicable,No,Not Applicable,410,Credit Card,9,4.3,4.5
2024-07-14 09:05:00,CNR3208393066,Canceled by Customer,CID980205,Mini,Whitefield,Hosur Road,,,Driver is not moving towards pickup location,Not Applicable,Not Applicable,Not Applicable,262,Not Applicable,0,,
2024-07-24 05:24:00,CNR2059319718,Success,CID180160,Auto,Koramangala,Electronic City,252.0,140.0,Not Applicable,Not Applicable,No,Not Applicable,823,Cash,3,4.2,4.1
2024-07-27 00:15:00,CNR9446651291,Success,CID523752,Mini,Ulsoor,Marathahalli,105.0,50.0,Not Applicable,Not Applicable,No,Not Applicable,123,UPI,4,3.1,4.4
2024-07-30 07:14:00,CNR6218430452,Success,CID477678,Mini,Chamarajpet,Yelahanka,175.0,70.0,Not Applicable,Not Applicable,No,Not Applicable,1903,Cash,4,4.5,4.8
2024-07-30 23:08:00,CNR3836753929,Success,CID964026,Auto,Padmanabhanagar,Padmanabhanagar,224.0,95.0,Not Applicable,Not Applicable,No,Not Applicable,148,UPI,14,3.6,4.2
2024-07-02 07:41:00,CNR9095127628,Success,CID929046,eBike,Yeshwanthpur,Ulsoor,189.0,60.0,Not Applicable,Not Applicable,No,Not Applicable,459,UPI,23,3.3,3.3
2024-07-27 18:33:00,CNR1717145135,Success,CID291632,Prime Plus,Yeshwanthpur,KR Puram,224.0,140.0,Not Applicable,Not Applicable,No,Not Applicable,488,Cash,30,4.6,3.3
2024-07-03 03:05:00,CNR7751779695,Canceled by Customer,CID622620,Mini,RT Nagar,BTM Layout,,,Driver is not moving towards pickup location,Not Applicable,Not Applicable,Not Applicable,628,Not Applicable,0,,
2024-07-22 18:35:00,CNR2197866657,Success,CID449265,Prime Sedan,Ulsoor,Majestic,287.0,45.0,Not Applicable,Not Applicable,No,Not Applicable,281,UPI,1,4.3,3.7
2024-07-10 00:08:00,CNR9076643664,Success,CID972197,Auto,Shivajinagar,Marathahalli,126.0,45.0,Not Applicable,Not Applicable,No,Not Applicable,388,UPI,10,4.4,3.5
2024-07-15 17:03:00,CNR2355543562,Canceled by Driver,CID189446,Bike,RT Nagar,Electronic City,,,Not Applicable,Personal & Car related issue,Not Applicable,Not Applicable,213,Not Applicable,0,,
2024-07-27 10:44:00,CNR4026462267,Canceled by Driver,CID634639,Auto,Ramamurthy Nagar,Kammanahalli,,,Not Applicable,Personal & Car related issue,Not Applicable,Not Applicable,147,Not Applicable,0,,
2024-07-05 10:09:00,CNR8910881568,Success,CID696231,eBike,Hulimavu,Jayanagar,70.0,95.0,Not Applicable,Not Applicable,No,Not Applicable,222,Cash,37,3.5,3.6
2024-07-09 12:15:00,CNR3468123833,Success,CID990763,Prime Sedan,Yeshwanthpur,Yelahanka,266.0,120.0,Not Applicable,Not Applicable,No,Not Applicable,228,Cash,45,4.8,3.8
2024-07-11 21:45:00,CNR6368810447,Canceled by Driver,CID552740,Mini,Varthur,BTM Layout,,,Not Applicable,Customer related issue,Not Applicable,Not Applicable,317,Not Applicable,0,,
2024-07-27 13:43:00,CNR5917504836,Success,CID567674,Prime SUV,Magadi Road,Basavanagudi,287.0,85.0,Not Applicable,Not Applicable,No,Not Applicable,139,UPI,13,4.0,4.4
2024-07-02 04:33:00,CNR9574031269,Success,CID688698,Prime Sedan,Chickpet,Hennur,217.0,145.0,Not Applicable,Not Applicable,No,Not Applicable,388,UPI,42,3.4,3.7
2024-07-27 06:53:00,CNR7565238202,Success,CID988469,Mini,Peenya,Yelahanka,280.0,40.0,Not Applicable,Not Applicable,No,Not Applicable,404,UPI,39,3.2,4.6
2024-07-02 16:18:00,CNR7955502018,Success,CID189806,eBike,Nagarbhavi,Bannerghatta Road,126.0,145.0,Not Applicable,Not Applicable,No,Not Applicable,220,Cash,20,3.9,3.6
2024-07-04 21:47:00,CNR8368483265,Success,CID291014,Prime Plus,Hennur,BTM Layout,56.0,135.0,Not Applicable,Not Applicable,No,Not Applicable,117,Cash,43,4.8,4.2
2024-07-19 20:33:00,CNR8155076737,Success,CID863995,Prime SUV,Hennur,Jayanagar,84.0,135.0,Not Applicable,Not Applicable,No,Not Applicable,783,Cash,45,3.7,3.3
2024-07-15 16:33:00,CNR1505227113,Success,CID736758,Mini,Sarjapur Road,Padmanabhanagar,238.0,40.0,Not Applicable,Not Applicable,No,Not Applicable,254,Cash,30,3.5,3.5
2024-07-03 02:37:00,CNR6618712086,Canceled by Customer,CID443423,eBike,Devanahalli,Hulimavu,,,Driver is not moving towards pickup location,Not Applicable,Not Applicable,Not Applicable,297,Not Applicable,0,,
2024-07-19 16:44:00,CNR7735752063,Success,CID702043,Prime Plus,Vijayanagar,Kengeri,259.0,140.0,Not Applicable,Not Applicable,No,Not Applicable,569,UPI,7,4.2,4.5
2024-07-17 23:38:00,CNR8311150485,Driver Not Found,CID472630,eBike,Yeshwanthpur,Electronic City,,,Not Applicable,Not Applicable,Not Applicable,Not Applicable,655,Not Applicable,0,,
2024-07-07 00:43:00,CNR3593175855,Canceled by Driver,CID650770,Prime SUV,RT Nagar,Hulimavu,,,Not Applicable,Personal & Car related issue,Not Applicable,Not Applicable,817,Not Applicable,0,,
2024-07-29 11:43:00,CNR3651711690,Success,CID820828,Prime Plus,Hennur,Rajarajeshwari Nagar,301.0,85.0,Not Applicable,Not Applicable,Yes,Vehicle Breakdown,719,Cash,28,4.2,4.1
2024-07-14 01:03:00,CNR1747514253,Success,CID838295,Mini,Richmond Town,Sarjapur Road,168.0,145.0,Not Applicable,Not Applicable,No,Not Applicable,186,UPI,35,4.2,5.0
2024-07-11 13:25:00,CNR8515747095,Success,CID730784,Auto,Marathahalli,Sahakar Nagar,77.0,135.0,Not Applicable,Not Applicable,No,Not Applicable,648,UPI,1,4.1,4.4
2024-07-08 05:41:00,CNR3761807880,Success,CID921631,Auto,Majestic,Shantinagar,231.0,135.0,Not Applicable,Not Applicable,Yes,Other Issue,459,UPI,1,4.3,4.7
2024-07-08 19:34:00,CNR7083642300,Success,CID430510,Auto,Devanahalli,Bannerghatta Road,42.0,130.0,Not Applicable,Not Applicable,No,Not Applicable,561,Cash,3,4.0,4.9
2024-07-26 07:27:00,CNR7912560991,Success,CID790434,Auto,Ulsoor,Magadi Road,98.0,90.0,Not Applicable,Not Applicable,No,Not Applicable,478,Cash,10,4.8,3.9
2024-07-24 05:21:00,CNR2214777811,Canceled by Customer,CID621398,eBike,BTM Layout,Kadugodi,,,Driver is not moving towards pickup location,Not Applicable,Not Applicable,Not Applicable,165,Not Applicable,0,,
2024-07-05 20:47:00,CNR2589906217,Canceled by Driver,CID930892,Prime Sedan,Magadi Road,Chamarajpet,,,Not Applicable,Customer related issue,Not Applicable,Not Applicable,378,Not Applicable,0,,
2024-07-11 16:51:00,CNR7071293368,Success,CID864695,eBike,Ulsoor,Shantinagar,77.0,35.0,Not Applicable,Not Applicable,No,Not Applicable,287,Cash,26,3.9,4.0
2024-07-02 14:10:00,CNR1369266961,Success,CID470522,Prime SUV,Basavanagudi,Marathahalli,126.0,90.0,Not Applicable,Not Applicable,No,Not Applicable,162,UPI,17,3.2,4.7
2024-07-26 13:11:00,CNR2549146572,Success,CID347277,Bike,Ulsoor,Majestic,294.0,55.0,Not Applicable,Not Applicable,No,Not Applicable,420,Cash,35,3.7,3.9
2024-07-01 07:13:00,CNR4887333571,Success,CID903082,Prime SUV,Sarjapur Road,Sahakar Nagar,203.0,145.0,Not Applicable,Not Applicable,No,Not Applicable,486,Cash,17,3.9,4.1
2024-07-12 15:13:00,CNR1126355510,Canceled by Driver,CID747330,Prime Plus,Tumkur Road,Chamarajpet,,,Not Applicable,Personal & Car related issue,Not Applicable,Not Applicable,162,Not Applicable,0,,
2024-07-05 01:02:00,CNR6031508395,Success,CID419632,Prime Plus,Yeshwanthpur,Banashankari,154.0,35.0,Not Applicable,Not Applicable,No,Not Applicable,368,Debit Card,3,4.6,3.6
2024-07-23 03:41:00,CNR7257107628,Success,CID311993,Mini,Whitefield,Indiranagar,42.0,115.0,Not Applicable,Not Applicable,No,Not Applicable,767,UPI,33,3.5,3.1
2024-07-22 15:10:00,CNR5345993458,Canceled by Customer,CID500865,Auto,Hennur,Frazer Town,,,Driver is not moving towards pickup location,Not Applicable,Not Applicable,Not Applicable,947,Not Applicable,0,,
2024-07-23 11:49:00,CNR8913616894,Canceled by Customer,CID458122,Auto,Kengeri,BTM Layout,,,Change of plans,Not Applicable,Not Applicable,Not Applicable,463,Not Applicable,0,,
2024-07-13 20:25:00,CNR5258169645,Driver Not Found,CID561213,Prime Plus,Langford Town,Hennur,,,Not Applicable,Not Applicable,Not Applicable,Not Applicable,254,Not Applicable,0,,
2024-07-02 23:06:00,CNR6991258654,Success,CID849599,Prime SUV,Nagarbhavi,Rajajinagar,168.0,140.0,Not Applicable,Not Applicable,No,Not Applicable,1324,Cash,31,4.3,3.3
2024-07-11 02:04:00,CNR8481853029,Success,CID342426,Prime Plus,Bannerghatta Road,Yeshwanthpur,112.0,50.0,Not Applicable,Not Applicable,No,Not Applicable,358,UPI,15,4.2,4.8
2024-07-24 21:24:00,CNR8242989760,Success,CID609576,Prime Plus,JP Nagar,Vijayanagar,140.0,95.0,Not Applicable,Not Applicable,No,Not Applicable,431,Cash,18,4.6,4.1
2024-07-10 22:25:00,CNR2080612939,Success,CID549406,Bike,Koramangala,Indiranagar,182.0,95.0,Not Applicable,Not Applicable,No,Not Applicable,452,Cash,47,3.3,3.5
2024-07-02 18:15:00,CNR8511292914,Success,CID247152,Bike,Indiranagar,Bannerghatta Road,175.0,75.0,Not Applicable,Not Applicable,No,Not Applicable,266,Cash,3,3.5,3.5
2024-07-10 14:02:00,CNR5443858051,Success,CID303368,Prime SUV,Majestic,Nagarbhavi,217.0,55.0,Not Applicable,Not Applicable,No,Not Applicable,183,Cash,43,3.4,3.6
2024-07-10 01:39:00,CNR1462326050,Canceled by Customer,CID276774,Bike,Ramamurthy Nagar,Rajarajeshwari Nagar,,,Change of plans,Not Applicable,Not Applicable,Not Applicable,494,Not Applicable,0,,
2024-07-13 04:15:00,CNR7831394651,Success,CID946938,Prime Plus,Richmond Town,Jayanagar,189.0,55.0,Not Applicable,Not Applicable,No,Not Applicable,148,UPI,24,4.9,3.3
2024-07-01 22:55:00,CNR9074498970,Success,CID951223,Prime Plus,KR Puram,RT Nagar,245.0,125.0,Not Applicable,Not Applicable,No,Not Applicable,1936,UPI,10,4.5,4.8
2024-07-27 06:42:00,CNR8539380656,Success,CID685611,eBike,Cox Town,Magadi Road,273.0,55.0,Not Applicable,Not Applicable,No,Not Applicable,154,Cash,45,4.6,4.0
2024-07-03 11:01:00,CNR3712410670,Success,CID995283,Bike,Majestic,Kadugodi,42.0,130.0,Not Applicable,Not Applicable,No,Not Applicable,1124,Cash,27,4.4,3.4
2024-07-11 19:50:00,CNR5977674923,Driver Not Found,CID494494,Bike,Jayanagar,BTM Layout,,,Not Applicable,Not Applicable,Not Applicable,Not Applicable,991,Not Applicable,0,,
2024-07-02 05:03:00,CNR2219218933,Success,CID158866,Prime Plus,Varthur,Mysore Road,161.0,75.0,Not Applicable,Not Applicable,No,Not Applicable,223,Credit Card,31,3.5,3.4
2024-07-07 08:48:00,CNR1598454287,Success,CID868854,Auto,Hosur Road,Sarjapur Road,175.0,125.0,Not Applicable,Not Applicable,No,Not Applicable,952,Cash,6,3.3,4.1
2024-07-29 14:50:00,CNR4911967719,Canceled by Customer,CID603863,Prime Sedan,Padmanabhanagar,Rajarajeshwari Nagar,,,Change of plans,Not Applicable,Not Applicable,Not Applicable,163,Not Applicable,0,,
2024-07-23 02:44:00,CNR4183796551,Canceled by Driver,CID552380,Prime SUV,Jayanagar,Frazer Town,,,Not Applicable,Customer related issue,Not Applicable,Not Applicable,251,Not Applicable,0,,
2024-07-30 11:52:00,CNR3795640878,Canceled by Customer,CID236445,eBike,Cox Town,Ramamurthy Nagar,,,Driver is not moving towards pickup location,Not Applicable,Not Applicable,Not Applicable,474,Not Applicable,0,,
2024-07-24 09:35:00,CNR8206999680,Success,CID694457,Prime SUV,Rajarajeshwari Nagar,Ramamurthy Nagar,203.0,140.0,Not Applicable,Not Applicable,No,Not Applicable,814,UPI,28,3.7,4.8
2024-07-09 20:32:00,CNR3075899195,Success,CID615639,Prime SUV,Devanahalli,HSR Layout,105.0,80.0,Not Applicable,Not Applicable,No,Not Applicable,337,Cash,35,3.2,5.0
2024-07-04 12:04:00,CNR4113294944,Canceled by Driver,CID976575,Prime Sedan,Jayanagar,Koramangala,,,Not Applicable,Personal & Car related issue,Not Applicable,Not Applicable,225,Not Applicable,0,,
2024-07-03 04:33:00,CNR2104974487,Success,CID273117,Prime SUV,Yelahanka,Rajajinagar,189.0,35.0,Not Applicable,Not Applicable,No,Not Applicable,508,Cash,35,3.6,3.7
2024-07-07 14:44:00,CNR7509205076,Success,CID288261,Auto,Whitefield,Jayanagar,140.0,135.0,Not Applicable,Not Applicable,No,Not Applicable,241,Cash,16,4.3,4.5
2024-07-28 16:44:00,CNR7419801220,Canceled by Driver,CID242879,Prime SUV,Bannerghatta Road,KR Puram,,,Not Applicable,Customer was coughing/sick,Not Applicable,Not Applicable,2219,Not Applicable,0,,
2024-07-10 19:08:00,CNR6893408635,Success,CID253097,Mini,Devanahalli,Basavanagudi,168.0,130.0,Not Applicable,Not Applicable,No,Not Applicable,180,UPI,27,3.4,4.4
2024-07-18 10:32:00,CNR2609738123,Success,CID792956,eBike,Whitefield,BTM Layout,245.0,75.0,Not Applicable,Not Applicable,Yes,Vehicle Breakdown,342,Cash,19,3.8,3.0
2024-07-19 16:06:00,CNR5667436917,Driver Not Found,CID161078,Auto,Bannerghatta Road,Bellandur,,,Not Applicable,Not Applicable,Not Applicable,Not Applicable,143,Not Applicable,0,,
2024-07-20 18:08:00,CNR1560242697,Success,CID394174,Prime SUV,Hulimavu,Malleshwaram,63.0,70.0,Not Applicable,Not Applicable,No,Not Applicable,421,UPI,21,3.9,4.5
2024-07-25 22:08:00,CNR5722334554,Canceled by Driver,CID930463,Auto,Banashankari,Shivajinagar,,,Not Applicable,Personal & Car related issue,Not Applicable,Not Applicable,446,Not Applicable,0,,
2024-07-15 13:45:00,CNR9100523928,Canceled by Customer,CID941322,Mini,Jayanagar,Shivajinagar,,,Change of plans,Not Applicable,Not Applicable,Not Applicable,439,Not Applicable,0,,
2024-07-28 02:11:00,CNR4256467352,Success,CID229330,Mini,Electronic City,Hulimavu,126.0,55.0,Not Applicable,Not Applicable,No,Not Applicable,982,UPI,44,3.7,3.4
2024-07-23 21:19:00,CNR3674792235,Success,CID715009,Bike,Kengeri,BTM Layout,280.0,70.0,Not Applicable,Not Applicable,No,Not Applicable,463,Credit Card,29,3.4,4.0
2024-07-01 22:42:00,CNR4271971603,Success,CID299461,eBike,Shivajinagar,MG Road,231.0,90.0,Not Applicable,Not Applicable,No,Not Applicable,479,Cash,48,4.9,4.7
2024-07-29 11:57:00,CNR2200165470,Success,CID750543,Prime SUV,Bellandur,Cox Town,84.0,120.0,Not Applicable,Not Applicable,No,Not Applicable,666,Cash,35,4.6,3.7
2024-07-12 00:48:00,CNR2699770365,Success,CID194246,Prime Sedan,RT Nagar,Shantinagar,147.0,55.0,Not Applicable,Not Applicable,No,Not Applicable,386,Cash,30,3.5,4.6
2024-07-13 15:24:00,CNR5889975495,Success,CID400395,eBike,Sahakar Nagar,Yelahanka,35.0,85.0,Not Applicable,Not Applicable,No,Not Applicable,277,Cash,45,3.0,3.2
2024-07-11 01:27:00,CNR5550560994,Driver Not Found,CID601229,Bike,Hosur Road,Rajarajeshwari Nagar,,,Not Applicable,Not Applicable,Not Applicable,Not Applicable,347,Not Applicable,0,,
2024-07-04 01:29:00,CNR2916511840,Success,CID218124,Bike,Kammanahalli,Koramangala,112.0,80.0,Not Applicable,Not Applicable,No,Not Applicable,322,UPI,12,4.1,5.0
2024-07-16 18:50:00,CNR7345913028,Success,CID200861,Bike,Basavanagudi,Chamarajpet,308.0,105.0,Not Applicable,Not Applicable,No,Not Applicable,277,Cash,5,3.0,4.1
2024-07-07 22:55:00,CNR5807820366,Canceled by Driver,CID280142,Auto,Basavanagudi,Chamarajpet,,,Not Applicable,Customer was coughing/sick,Not Applicable,Not Applicable,619,Not Applicable,0,,
2024-07-15 00:59:00,CNR5968790247,Driver Not Found,CID763981,Auto,Basavanagudi,Hebbal,,,Not Applicable,Not Applicable,Not Applicable,Not Applicable,378,Not Applicable,0,,
2024-07-02 08:17:00,CNR7315716767,Success,CID129437,Mini,Kadugodi,Jayanagar,63.0,25.0,Not Applicable,Not Applicable,No,Not Applicable,668,UPI,41,3.2,4.2
2024-07-21 20:40:00,CNR7213001549,Driver Not Found,CID390566,Prime SUV,Ulsoor,Bellandur,,,Not Applicable,Not Applicable,Not Applicable,Not Applicable,190,Not Applicable,0,,
2024-07-09 15:06:00,CNR5672558094,Canceled by Driver,CID854455,Prime Sedan,Marathahalli,Devanahalli,,,Not Applicable,More than permitted people in there,Not Applicable,Not Applicable,197,Not Applicable,0,,
2024-07-07 03:09:00,CNR9283324764,Success,CID195245,Auto,Richmond Town,Frazer Town,84.0,70.0,Not Applicable,Not Applicable,No,Not Applicable,401,Cash,19,3.5,3.8
2024-07-28 12:54:00,CNR9638149366,Driver Not Found,CID542847,Prime Plus,Tumkur Road,Nagarbhavi,,,Not Applicable,Not Applicable,Not Applicable,Not Applicable,344,Not Applicable,0,,
2024-07-20 11:51:00,CNR2822651727,Canceled by Driver,CID155673,Prime Plus,Kammanahalli,Basavanagudi,,,Not Applicable,Customer related issue,Not Applicable,Not Applicable,322,Not Applicable,0,,
2024-07-06 21:39:00,CNR6362366532,Canceled by Driver,CID856342,Mini,Whitefield,Peenya,,,Not Applicable,Personal & Car related issue,Not Applicable,Not Applicable,152,Not Applicable,0,,
2024-07-19 23:49:00,CNR7313783457,Canceled by Driver,CID901569,Prime Sedan,Tumkur Road,Devanahalli,,,Not Applicable,Personal & Car related issue,Not Applicable,Not Applicable,492,Not Applicable,0,,
2024-07-08 17:24:00,CNR4541034730,Canceled by Customer,CID559514,Bike,HSR Layout,Magadi Road,,,Driver asked to cancel,Not Applicable,Not Applicable,Not Applicable,233,Not Applicable,0,,
2024-07-06 09:37:00,CNR2547809086,Success,CID590551,Mini,Shivajinagar,Ulsoor,77.0,35.0,Not Applicable,Not Applicable,No,Not Applicable,315,UPI,35,4.6,3.3
2024-07-10 13:28:00,CNR8467984702,Success,CID830835,Prime Plus,Frazer Town,Koramangala,210.0,135.0,Not Applicable,Not Applicable,Yes,Customer Demand,237,Cash,22,3.0,4.0
2024-07-23 18:02:00,CNR9462697811,Success,CID582260,Prime Plus,Cox Town,Kengeri,231.0,90.0,Not Applicable,Not Applicable,No,Not Applicable,200,Cash,3,3.3,3.4
2024-07-01 03:50:00,CNR1808954942,Canceled by Customer,CID262233,eBike,Kadugodi,Majestic,,,AC is Not working,Not Applicable,Not Applicable,Not Applicable,1234,Not Applicable,0,,
2024-07-06 17:29:00,CNR4231548430,Success,CID547824,Prime Plus,Sahakar Nagar,Malleshwaram,231.0,110.0,Not Applicable,Not Applicable,No,Not Applicable,1599,Cash,19,4.0,3.1
2024-07-08 03:51:00,CNR3806738235,Success,CID578191,Prime SUV,RT Nagar,RT Nagar,161.0,95.0,Not Applicable,Not Applicable,Yes,Customer Demand,934,UPI,27,4.7,4.3
2024-07-04 20:29:00,CNR9211022279,Success,CID147309,Auto,BTM Layout,KR Puram,77.0,25.0,Not Applicable,Not Applicable,No,Not Applicable,619,Cash,2,3.9,3.0
2024-07-21 22:31:00,CNR9104212509,Success,CID433175,Prime SUV,Kadugodi,Whitefield,280.0,125.0,Not Applicable,Not Applicable,No,Not Applicable,485,Cash,7,4.6,5.0
2024-07-05 04:58:00,CNR3240172894,Success,CID410655,Prime Sedan,BTM Layout,Ramamurthy Nagar,266.0,95.0,Not Applicable,Not Applicable,No,Not Applicable,307,UPI,20,3.7,3.1
2024-07-01 15:08:00,CNR5108493661,Success,CID760076,Prime Sedan,Marathahalli,Hosur Road,294.0,145.0,Not Applicable,Not Applicable,No,Not Applicable,898,Cash,30,3.1,4.7
2024-07-15 20:21:00,CNR2439407363,Canceled by Driver,CID872105,Mini,Rajarajeshwari Nagar,Jayanagar,,,Not Applicable,Personal & Car related issue,Not Applicable,Not Applicable,2759,Not Applicable,0,,
2024-07-11 17:02:00,CNR8991813504,Success,CID653490,Prime Plus,Vijayanagar,Mysore Road,245.0,125.0,Not Applicable,Not Applicable,No,Not Applicable,342,UPI,47,3.4,4.8
2024-07-17 21:38:00,CNR2048091992,Canceled by Customer,CID222125,Prime SUV,Devanahalli,Shantinagar,,,Driver is not moving towards pickup location,Not Applicable,Not Applicable,Not Applicable,467,Not Applicable,0,,
2024-07-20 04:45:00,CNR8452100135,Success,CID193024,Prime SUV,Varthur,JP Nagar,280.0,60.0,Not Applicable,Not Applicable,No,Not Applicable,170,Credit Card,35,4.7,3.1
2024-07-14 06:16:00,CNR3026665038,Success,CID244597,Prime Sedan,HSR Layout,Marathahalli,294.0,30.0,Not Applicable,Not Applicable,No,Not Applicable,446,Cash,44,4.6,4.1
2024-07-26 01:48:00,CNR9969405853,Canceled by Customer,CID817060,Auto,Vijayanagar,MG Road,,,Change of plans,Not Applicable,Not Applicable,Not Applicable,369,Not Applicable,0,,
2024-07-30 07:12:00,CNR3126319097,Success,CID731556,Prime Plus,Langford Town,Whitefield,56.0,80.0,Not Applicable,Not Applicable,No,Not Applicable,342,Cash,35,4.4,3.2
2024-07-15 01:07:00,CNR6953349705,Canceled by Customer,CID670106,Prime Sedan,Whitefield,Hulimavu,,,Driver asked to cancel,Not Applicable,Not Applicable,Not Applicable,264,Not Applicable,0,,
2024-07-20 04:55:00,CNR5645918973,Success,CID178002,Prime Sedan,Rajarajeshwari Nagar,Indiranagar,126.0,110.0,Not Applicable,Not Applicable,No,Not Applicable,180,Cash,20,4.6,4.3
2024-07-04 02:08:00,CNR3076225759,Success,CID458088,eBike,Hosur Road,Koramangala,84.0,135.0,Not Applicable,Not Applicable,No,Not Applicable,434,UPI,37,5.0,3.2
2024-07-11 22:34:00,CNR4230637870,Success,CID442452,Mini,Shivajinagar,Shivajinagar,273.0,140.0,Not Applicable,Not Applicable,No,Not Applicable,1828,Cash,16,3.9,3.6
2024-07-28 01:05:00,CNR8917294247,Success,CID613615,Auto,Hennur,Ramamurthy Nagar,189.0,60.0,Not Applicable,Not Applicable,No,Not Applicable,183,UPI,2,3.7,3.7
2024-07-11 05:56:00,CNR7488337700,Canceled by Customer,CID369790,Bike,KR Puram,Hosur Road,,,Driver asked to cancel,Not Applicable,Not Applicable,Not Applicable,290,Not Applicable,0,,
2024-07-22 10:18:00,CNR1499958823,Canceled by Customer,CID976324,Prime Plus,Ramamurthy Nagar,Bannerghatta Road,,,AC is Not working,Not Applicable,Not Applicable,Not Applicable,411,Not Applicable,0,,
2024-07-17 02:15:00,CNR9856346007,Success,CID858125,Auto,Padmanabhanagar,Electronic City,182.0,125.0,Not Applicable,Not Applicable,No,Not Applicable,213,UPI,12,3.6,4.4
2024-07-05 07:29:00,CNR2316653815,Success,CID687647,Bike,KR Puram,Ramamurthy Nagar,182.0,130.0,Not Applicable,Not Applicable,No,Not Applicable,343,UPI,16,4.5,3.0
2024-07-12 03:50:00,CNR6556893485,Canceled by Driver,CID956783,Bike,Hennur,Cox Town,,,Not Applicable,Personal & Car related issue,Not Applicable,Not Applicable,1102,Not Applicable,0,,
2024-07-22 14:42:00,CNR4286409412,Canceled by Driver,CID311223,Prime SUV,Chickpet,Basavanagudi,,,Not Applicable,Customer related issue,Not Applicable,Not Applicable,286,Not Applicable,0,,
2024-07-29 08:44:00,CNR7320133116,Canceled by Customer,CID410573,Prime Plus,Richmond Town,Malleshwaram,,,Driver asked to cancel,Not Applicable,Not Applicable,Not Applicable,175,Not Applicable,0,,
2024-07-30 19:55:00,CNR6300764192,Success,CID497057,Prime Sedan,Hennur,Hebbal,273.0,105.0,Not Applicable,Not Applicable,No,Not Applicable,454,Cash,6,4.0,4.9
2024-07-12 23:08:00,CNR6645303717,Success,CID792408,Bike,Shivajinagar,Ulsoor,77.0,30.0,Not Applicable,Not Applicable,No,Not Applicable,790,Cash,44,4.2,4.8
2024-07-27 14:05:00,CNR9503044034,Success,CID909440,Prime SUV,Nagarbhavi,Shivajinagar,287.0,45.0,Not Applicable,Not Applicable,No,Not Applicable,176,UPI,39,3.8,3.2
2024-07-30 06:25:00,CNR1810259880,Driver Not Found,CID840807,eBike,Koramangala,Sahakar Nagar,,,Not Applicable,Not Applicable,Not Applicable,Not Applicable,894,Not Applicable,0,,
2024-07-07 18:34:00,CNR3683034528,Success,CID516530,eBike,MG Road,Vijayanagar,49.0,50.0,Not Applicable,Not Applicable,No,Not Applicable,2403,Cash,6,4.1,4.2
2024-07-16 06:55:00,CNR6714182881,Success,CID633433,Prime Sedan,Varthur,Bannerghatta Road,77.0,100.0,Not Applicable,Not Applicable,No,Not Applicable,457,Credit Card,45,4.1,4.0
2024-07-26 16:04:00,CNR8072481918,Canceled by Driver,CID939716,Bike,Whitefield,Langford Town,,,Not Applicable,Customer related issue,Not Applicable,Not Applicable,485,Not Applicable,0,,
2024-07-11 21:09:00,CNR2561642757,Canceled by Driver,CID754779,Prime Sedan,Chamarajpet,BTM Layout,,,Not Applicable,Personal & Car related issue,Not Applicable,Not Applicable,899,Not Applicable,0,,
2024-07-20 01:32:00,CNR4271845043,Success,CID786104,Prime Sedan,Hennur,Banashankari,126.0,50.0,Not Applicable,Not Applicable,No,Not Applicable,975,Credit Card,10,4.7,4.4
2024-07-13 19:22:00,CNR4796290713,Success,CID463853,Auto,Varthur,Ramamurthy Nagar,133.0,130.0,Not Applicable,Not Applicable,No,Not Applicable,1556,Credit Card,19,3.1,3.3
2024-07-15 01:38:00,CNR1817928081,Success,CID685583,Mini,Yeshwanthpur,Kengeri,245.0,55.0,Not Applicable,Not Applicable,No,Not Applicable,458,Cash,38,3.9,3.1
2024-07-17 17:49:00,CNR4742405209,Success,CID418967,Mini,Cox Town,Shivajinagar,259.0,105.0,Not Applicable,Not Applicable,No,Not Applicable,378,UPI,46,4.9,4.6
2024-07-09 18:04:00,CNR2503957750,Success,CID516933,Prime Sedan,Malleshwaram,Vijayanagar,112.0,45.0,Not Applicable,Not Applicable,No,Not Applicable,149,Cash,19,3.4,3.9
2024-07-23 07:24:00,CNR5204759297,Canceled by Customer,CID896420,Prime Plus,Mysore Road,Frazer Town,,,Driver is not moving towards pickup location,Not Applicable,Not Applicable,Not Applicable,640,Not Applicable,0,,
2024-07-07 22:47:00,CNR5438963961,Canceled by Driver,CID636379,Prime Sedan,Tumkur Road,Magadi Road,,,Not Applicable,Personal & Car related issue,Not Applicable,Not Applicable,262,Not Applicable,0,,
2024-07-06 10:11:00,CNR8347229393,Success,CID524327,Prime SUV,RT Nagar,Sahakar Nagar,84.0,140.0,Not Applicable,Not Applicable,No,Not Applicable,291,Cash,25,4.4,4.0
2024-07-30 01:46:00,CNR7064815150,Success,CID302154,Prime Sedan,Devanahalli,Shivajinagar,245.0,135.0,Not Applicable,Not Applicable,No,Not Applicable,289,UPI,18,3.9,5.0
2024-07-14 18:19:00,CNR5227351489,Canceled by Customer,CID324406,Auto,Shivajinagar,Bellandur,,,Driver is not moving towards pickup location,Not Applicable,Not Applicable,Not Applicable,206,Not Applicable,0,,
2024-07-19 20:47:00,CNR3947679810,Driver Not Found,CID168710,Prime Plus,Kadugodi,Hennur,,,Not Applicable,Not Applicable,Not Applicable,Not Applicable,387,Not Applicable,0,,
2024-07-29 01:02:00,CNR8174933060,Canceled by Customer,CID847718,Bike,Rajajinagar,Vijayanagar,,,Change of plans,Not Applicable,Not Applicable,Not Applicable,1522,Not Applicable,0,,
2024-07-29 17:38:00,CNR4225103420,Canceled by Driver,CID162143,eBike,BTM Layout,Padmanabhanagar,,,Not Applicable,Customer related issue,Not Applicable,Not Applicable,149,Not Applicable,0,,
2024-07-26 04:48:00,CNR3487685174,Success,CID355872,eBike,HSR Layout,Hosur Road,63.0,110.0,Not Applicable,Not Applicable,No,Not Applicable,304,Cash,11,4.5,4.9
2024-07-07 05:59:00,CNR9369757326,Success,CID289301,eBike,Basavanagudi,JP Nagar,210.0,115.0,Not Applicable,Not Applicable,No,Not Applicable,169,Cash,5,3.3,3.9
2024-07-29 18:04:00,CNR8199039739,Success,CID747218,Mini,Rajarajeshwari Nagar,Nagarbhavi,224.0,45.0,Not Applicable,Not Applicable,No,Not Applicable,1835,Credit Card,38,4.8,3.3
2024-07-11 04:31:00,CNR9939065963,Canceled by Driver,CID574635,Prime Sedan,Bellandur,Chamarajpet,,,Not Applicable,More than permitted people in there,Not Applicable,Not Applicable,566,Not Applicable,0,,
2024-07-15 18:20:00,CNR2334911922,Success,CID878796,Prime SUV,Padmanabhanagar,Chamarajpet,98.0,50.0,Not Applicable,Not Applicable,No,Not Applicable,2981,Cash,16,4.6,3.8
2024-07-16 13:29:00,CNR9466047364,Success,CID309552,Prime SUV,RT Nagar,Nagarbhavi,182.0,110.0,Not Applicable,Not Applicable,No,Not Applicable,209,Cash,30,4.4,4.4
2024-07-27 03:08:00,CNR2712288532,Success,CID630933,Prime Plus,Mysore Road,Hulimavu,231.0,120.0,Not Applicable,Not Applicable,No,Not Applicable,456,Cash,38,3.3,3.4
2024-07-19 08:36:00,CNR6694889101,Success,CID971522,Prime Sedan,Sahakar Nagar,Electronic City,119.0,115.0,Not Applicable,Not Applicable,No,Not Applicable,924,UPI,24,3.8,3.9
2024-07-11 10:48:00,CNR9386648369,Success,CID769879,Mini,Banashankari,Marathahalli,196.0,60.0,Not Applicable,Not Applicable,No,Not Applicable,417,Cash,25,3.6,5.0
2024-07-09 17:28:00,CNR9184144382,Canceled by Driver,CID586499,Bike,Richmond Town,Chickpet,,,Not Applicable,Customer was coughing/sick,Not Applicable,Not Applicable,304,Not Applicable,0,,
2024-07-17 04:38:00,CNR9491448494,Success,CID609086,Prime Sedan,Frazer Town,Varthur,308.0,130.0,Not Applicable,Not Applicable,No,Not Applicable,340,UPI,26,4.1,3.4
2024-07-07 08:28:00,CNR5454532356,Success,CID808156,Prime Plus,Kammanahalli,Majestic,56.0,140.0,Not Applicable,Not Applicable,No,Not Applicable,796,Cash,27,4.3,4.6
2024-07-09 08:55:00,CNR9038481594,Success,CID104550,eBike,Basavanagudi,Ramamurthy Nagar,119.0,125.0,Not Applicable,Not Applicable,No,Not Applicable,220,Credit Card,13,4.8,4.7
2024-07-25 12:00:00,CNR8541451614,Canceled by Driver,CID351082,Prime SUV,Jayanagar,Shivajinagar,,,Not Applicable,More than permitted people in there,Not Applicable,Not Applicable,675,Not Applicable,0,,
2024-07-09 21:23:00,CNR8320604218,Canceled by Customer,CID166196,eBike,BTM Layout,Malleshwaram,,,Driver asked to cancel,Not Applicable,Not Applicable,Not Applicable,132,Not Applicable,0,,
2024-07-17 15:16:00,CNR7519727053,Canceled by Driver,CID482518,Bike,RT Nagar,JP Nagar,,,Not Applicable,Customer related issue,Not Applicable,Not Applicable,282,Not Applicable,0,,
2024-07-30 01:14:00,CNR7267565093,Success,CID698074,Mini,Ulsoor,Chickpet,35.0,35.0,Not Applicable,Not Applicable,No,Not Applicable,976,Cash,39,3.4,4.8
2024-07-23 05:25:00,CNR6492713406,Success,CID540799,eBike,Bannerghatta Road,Banashankari,133.0,40.0,Not Applicable,Not Applicable,No,Not Applicable,943,Cash,41,4.7,3.5
2024-07-21 03:59:00,CNR9004493828,Success,CID511116,Auto,HSR Layout,Kengeri,252.0,95.0,Not Applicable,Not Applicable,No,Not Applicable,619,Cash,4,4.6,3.3
2024-07-17 19:54:00,CNR3723474835,Success,CID771764,Prime Sedan,Electronic City,Shantinagar,224.0,40.0,Not Applicable,Not Applicable,No,Not Applicable,497,Cash,15,4.5,3.4
2024-07-10 13:33:00,CNR7698813826,Canceled by Driver,CID548849,Auto,Malleshwaram,Sahakar Nagar,,,Not Applicable,Personal & Car related issue,Not Applicable,Not Applicable,549,Not Applicable,0,,
2024-07-14 23:27:00,CNR9659840051,Success,CID453674,eBike,Devanahalli,Padmanabhanagar,154.0,115.0,Not Applicable,Not Applicable,No,Not Applicable,190,UPI,22,4.9,3.4
2024-07-10 03:11:00,CNR6459622700,Canceled by Driver,CID553057,eBike,Tumkur Road,Shivajinagar,,,Not Applicable,Personal & Car related issue,Not Applicable,Not Applicable,226,Not Applicable,0,,
2024-07-18 07:48:00,CNR4394840010,Success,CID244218,Prime SUV,HSR Layout,Richmond Town,91.0,25.0,Not Applicable,Not Applicable,No,Not Applicable,334,Cash,8,4.6,3.9
2024-07-23 13:23:00,CNR1309738586,Canceled by Customer,CID941268,Prime Plus,KR Puram,Malleshwaram,,,Change of plans,Not Applicable,Not Applicable,Not Applicable,114,Not Applicable,0,,
2024-07-20 23:49:00,CNR7651233096,Success,CID303193,Mini,Padmanabhanagar,Cox Town,231.0,90.0,Not Applicable,Not Applicable,Yes,Other Issue,899,UPI,1,4.8,4.4
2024-07-26 09:59:00,CNR4458785335,Success,CID216411,eBike,KR Puram,RT Nagar,287.0,85.0,Not Applicable,Not Applicable,No,Not Applicable,755,Cash,9,4.6,3.5
2024-07-21 23:04:00,CNR5078714396,Success,CID119047,Prime SUV,Bannerghatta Road,Sarjapur Road,196.0,40.0,Not Applicable,Not Applicable,No,Not Applicable,120,UPI,21,3.4,4.3
2024-07-07 15:26:00,CNR9521857055,Success,CID944290,Bike,Ulsoor,Tumkur Road,217.0,95.0,Not Applicable,Not Applicable,No,Not Applicable,2469,UPI,19,4.4,3.3
2024-07-15 13:35:00,CNR4257743835,Success,CID826641,Auto,Kammanahalli,Frazer Town,154.0,40.0,Not Applicable,Not Applicable,No,Not Applicable,461,Cash,13,3.8,3.8
2024-07-24 07:21:00,CNR8178896971,Success,CID416549,Bike,Hosur Road,Yeshwanthpur,70.0,70.0,Not Applicable,Not Applicable,No,Not Applicable,452,UPI,3,4.9,3.3
2024-07-18 12:59:00,CNR9928525034,Success,CID354471,Bike,Langford Town,Mysore Road,161.0,130.0,Not Applicable,Not Applicable,No,Not Applicable,524,UPI,46,4.5,3.2
2024-07-25 00:00:00,CNR2487918235,Driver Not Found,CID151826,eBike,Yelahanka,KR Puram,,,Not Applicable,Not Applicable,Not Applicable,Not Applicable,222,Not Applicable,0,,
2024-07-25 03:27:00,CNR5030126552,Success,CID516341,Mini,BTM Layout,Yelahanka,182.0,40.0,Not Applicable,Not Applicable,No,Not Applicable,253,Credit Card,7,3.7,3.9
2024-07-04 20:22:00,CNR4672937939,Success,CID884300,Mini,Richmond Town,Rajajinagar,238.0,95.0,Not Applicable,Not Applicable,No,Not Applicable,455,Cash,35,4.8,4.3
2024-07-20 03:43:00,CNR7325880036,Driver Not Found,CID730333,Bike,Devanahalli,Sarjapur Road,,,Not Applicable,Not Applicable,Not Applicable,Not Applicable,583,Not Applicable,0,,
2024-07-01 07:38:00,CNR3152325976,Success,CID674120,Bike,Peenya,KR Puram,70.0,80.0,Not Applicable,Not Applicable,No,Not Applicable,434,Cash,8,4.3,3.4
2024-07-08 09:07:00,CNR4792923882,Success,CID363674,Prime Plus,Hulimavu,Basavanagudi,63.0,90.0,Not Applicable,Not Applicable,No,Not Applicable,408,Cash,19,3.8,3.7
2024-07-27 16:42:00,CNR3622785576,Success,CID484184,eBike,Majestic,Shantinagar,266.0,60.0,Not Applicable,Not Applicable,No,Not Applicable,413,Cash,35,4.2,4.4
2024-07-18 06:45:00,CNR2476530744,Success,CID574665,Prime SUV,Langford Town,Tumkur Road,133.0,40.0,Not Applicable,Not Applicable,No,Not Applicable,958,Cash,28,4.8,3.5
2024-07-09 16:33:00,CNR4480878982,Driver Not Found,CID838454,Auto,Marathahalli,Malleshwaram,,,Not Applicable,Not Applicable,Not Applicable,Not Applicable,219,Not Applicable,0,,
2024-07-10 19:33:00,CNR5648134441,Success,CID790119,Bike,Padmanabhanagar,Varthur,266.0,140.0,Not Applicable,Not Applicable,No,Not Applicable,110,UPI,20,3.4,3.1
2024-07-20 04:51:00,CNR8647306924,Success,CID439430,Mini,Rajajinagar,Sahakar Nagar,105.0,130.0,Not Applicable,Not Applicable,No,Not Applicable,179,UPI,39,4.2,3.9
2024-07-15 09:50:00,CNR4464564333,Success,CID724416,Auto,Rajajinagar,Devanahalli,231.0,45.0,Not Applicable,Not Applicable,No,Not Applicable,100,Credit Card,2,3.2,3.0
2024-07-15 05:30:00,CNR4709144252,Success,CID179106,eBike,Kadugodi,Kadugodi,252.0,65.0,Not Applicable,Not Applicable,No,Not Applicable,288,Cash,33,4.3,4.8
2024-07-16 12:15:00,CNR9479122273,Success,CID894875,Mini,Bellandur,JP Nagar,196.0,130.0,Not Applicable,Not Applicable,No,Not Applicable,2078,UPI,18,4.2,4.7
2024-07-15 20:56:00,CNR8588340292,Driver Not Found,CID509707,Prime SUV,Banashankari,Hulimavu,,,Not Applicable,Not Applicable,Not Applicable,Not Applicable,518,Not Applicable,0,,
2024-07-16 09:46:00,CNR2014725009,Success,CID894316,Auto,RT Nagar,Hulimavu,70.0,45.0,Not Applicable,Not Applicable,No,Not Applicable,355,UPI,9,4.4,4.7
2024-07-23 07:45:00,CNR2481155780,Canceled by Customer,CID302624,Auto,Tumkur Road,Hosur Road,,,Driver asked to cancel,Not Applicable,Not Applicable,Not Applicable,238,Not Applicable,0,,
2024-07-28 23:31:00,CNR1641982459,Success,CID482609,Prime SUV,Kammanahalli,Banashankari,35.0,55.0,Not Applicable,Not Applicable,Yes,Customer Demand,876,Cash,7,3.1,4.6
2024-07-09 03:43:00,CNR6363224164,Success,CID771060,Bike,Tumkur Road,Shivajinagar,112.0,95.0,Not Applicable,Not Applicable,No,Not Applicable,294,Cash,48,3.6,4.6
2024-07-01 21:29:00,CNR6484111557,Success,CID193529,Auto,RT Nagar,Electronic City,119.0,110.0,Not Applicable,Not Applicable,No,Not Applicable,349,UPI,3,3.1,4.3
2024-07-24 08:31:00,CNR7898753025,Success,CID930728,eBike,Rajarajeshwari Nagar,Vijayanagar,63.0,95.0,Not Applicable,Not Applicable,No,Not Applicable,247,Cash,34,4.7,4.5
2024-07-30 02:09:00,CNR2855346686,Canceled by Driver,CID472054,Auto,Yeshwanthpur,Electronic City,,,Not Applicable,Customer was coughing/sick,Not Applicable,Not Applicable,481,Not Applicable,0,,
2024-07-16 21:28:00,CNR1727017784,Canceled by Driver,CID437077,eBike,Shivajinagar,Hennur,,,Not Applicable,Customer related issue,Not Applicable,Not Applicable,323,Not Applicable,0,,
2024-07-15 14:42:00,CNR8993390606,Canceled by Customer,CID653830,eBike,Koramangala,Chamarajpet,,,Driver is not moving towards pickup location,Not Applicable,Not Applicable,Not Applicable,148,Not Applicable,0,,
2024-07-16 01:26:00,CNR9233812838,Success,CID340880,eBike,Electronic City,Sarjapur Road,35.0,130.0,Not Applicable,Not Applicable,No,Not Applicable,356,Cash,39,3.3,3.7
2024-07-05 01:37:00,CNR2401738621,Driver Not Found,CID493951,Mini,Electronic City,Hosur Road,,,Not Applicable,Not Applicable,Not Applicable,Not Applicable,688,Not Applicable,0,,
2024-07-07 19:27:00,CNR6212541532,Canceled by Driver,CID270424,Bike,Indiranagar,Sahakar Nagar,,,Not Applicable,Personal & Car related issue,Not Applicable,Not Applicable,470,Not Applicable,0,,
2024-07-25 03:31:00,CNR2043739587,Driver Not Found,CID224767,Prime Plus,Peenya,Chamarajpet,,,Not Applicable,Not Applicable,Not Applicable,Not Applicable,621,Not Applicable,0,,
2024-07-03 04:28:00,CNR9156007875,Success,CID762531,Mini,Basavanagudi,Shantinagar,175.0,55.0,Not Applicable,Not Applicable,No,Not Applicable,410,UPI,13,3.6,3.4
2024-07-16 21:54:00,CNR8292519955,Driver Not Found,CID914070,Mini,Yeshwanthpur,Electronic City,,,Not Applicable,Not Applicable,Not Applicable,Not Applicable,156,Not Applicable,0,,
2024-07-09 06:43:00,CNR6931801939,Success,CID617778,eBike,Vijayanagar,JP Nagar,308.0,105.0,Not Applicable,Not Applicable,No,Not Applicable,353,UPI,31,4.3,3.8
2024-07-02 10:21:00,CNR4835744654,Success,CID773754,Prime Plus,KR Puram,Tumkur Road,294.0,105.0,Not Applicable,Not Applicable,No,Not Applicable,208,UPI,12,3.5,4.9
2024-07-27 17:10:00,CNR8959918914,Success,CID455286,Auto,Hosur Road,Bellandur,70.0,65.0,Not Applicable,Not Applicable,No,Not Applicable,236,Cash,15,3.7,4.6
2024-07-18 20:06:00,CNR8512845467,Canceled by Driver,CID546791,eBike,Hennur,Sarjapur Road,,,Not Applicable,Customer was coughing/sick,Not Applicable,Not Applicable,399,Not Applicable,0,,
2024-07-12 15:57:00,CNR2300646340,Success,CID960105,Prime Plus,Jayanagar,BTM Layout,133.0,105.0,Not Applicable,Not Applicable,No,Not Applicable,323,UPI,28,3.6,3.0
2024-07-19 22:40:00,CNR5777409942,Success,CID943596,Auto,Ulsoor,Padmanabhanagar,42.0,100.0,Not Applicable,Not Applicable,No,Not Applicable,554,Cash,17,4.7,4.0
2024-07-12 11:37:00,CNR5733102877,Canceled by Driver,CID881790,Prime SUV,Indiranagar,Sahakar Nagar,,,Not Applicable,Personal & Car related issue,Not Applicable,Not Applicable,187,Not Applicable,0,,
2024-07-18 09:05:00,CNR2085752448,Success,CID456200,Prime Sedan,Koramangala,Tumkur Road,182.0,140.0,Not Applicable,Not Applicable,No,Not Applicable,279,UPI,26,3.6,4.1
2024-07-13 19:24:00,CNR5191304900,Success,CID468314,Auto,Tumkur Road,Padmanabhanagar,245.0,110.0,Not Applicable,Not Applicable,No,Not Applicable,951,UPI,6,3.9,3.3
2024-07-30 21:10:00,CNR2009670809,Success,CID677863,Prime Sedan,Langford Town,Whitefield,98.0,60.0,Not Applicable,Not Applicable,No,Not Applicable,287,Cash,3,3.0,4.8
2024-07-28 09:15:00,CNR2847939871,Success,CID973539,Bike,Koramangala,Chamarajpet,231.0,135.0,Not Applicable,Not Applicable,No,Not Applicable,298,Cash,22,3.7,4.6
2024-07-17 01:34:00,CNR2358059457,Success,CID456087,Prime SUV,Majestic,Devanahalli,63.0,105.0,Not Applicable,Not Applicable,No,Not Applicable,143,UPI,47,4.5,3.5
2024-07-16 09:43:00,CNR8558319096,Success,CID586716,Prime SUV,Devanahalli,Kammanahalli,84.0,40.0,Not Applicable,Not Applicable,No,Not Applicable,910,UPI,48,4.6,4.0
2024-07-10 08:53:00,CNR1034400809,Success,CID669776,Mini,Chickpet,Richmond Town,35.0,35.0,Not Applicable,Not Applicable,No,Not Applicable,250,Cash,44,4.1,4.5
2024-07-12 04:35:00,CNR9631578734,Success,CID590791,Bike,Yeshwanthpur,Kadugodi,112.0,35.0,Not Applicable,Not Applicable,No,Not Applicable,880,Cash,27,4.4,3.3
2024-07-22 22:14:00,CNR9168863277,Success,CID379262,Mini,Yelahanka,MG Road,203.0,80.0,Not Applicable,Not Applicable,No,Not Applicable,132,Cash,9,4.9,4.1
2024-07-04 19:03:00,CNR5539921031,Success,CID784129,Bike,Rajarajeshwari Nagar,Ulsoor,91.0,80.0,Not Applicable,Not Applicable,No,Not Applicable,354,UPI,18,4.5,4.9
2024-07-17 18:58:00,CNR7160224316,Success,CID985903,Prime Sedan,Chamarajpet,Rajarajeshwari Nagar,133.0,90.0,Not Applicable,Not Applicable,No,Not Applicable,776,Cash,9,4.6,3.8
2024-07-20 20:48:00,CNR2873794471,Success,CID276808,Prime Plus,Hebbal,Frazer Town,196.0,80.0,Not Applicable,Not Applicable,No,Not Applicable,355,UPI,15,3.2,3.7
2024-07-06 21:42:00,CNR7592095416,Success,CID265607,Mini,Majestic,Sahakar Nagar,301.0,25.0,Not Applicable,Not Applicable,No,Not Applicable,801,Cash,49,4.3,4.2
2024-07-16 08:38:00,CNR6067356235,Success,CID520078,Prime Plus,Malleshwaram,Majestic,182.0,90.0,Not Applicable,Not Applicable,No,Not Applicable,392,Credit Card,39,5.0,3.8
2024-07-22 14:32:00,CNR8490377547,Driver Not Found,CID934373,Auto,Sahakar Nagar,JP Nagar,,,Not Applicable,Not Applicable,Not Applicable,Not Applicable,467,Not Applicable,0,,
2024-07-25 03:25:00,CNR5462659216,Success,CID854705,Bike,Magadi Road,Koramangala,126.0,130.0,Not Applicable,Not Applicable,No,Not Applicable,160,UPI,34,5.0,5.0
2024-07-12 14:36:00,CNR2544155035,Canceled by Driver,CID958356,Mini,Vijayanagar,Shivajinagar,,,Not Applicable,Customer was coughing/sick,Not Applicable,Not Applicable,914,Not Applicable,0,,
2024-07-14 23:43:00,CNR5888353068,Success,CID235730,Prime Sedan,Bellandur,Richmond Town,245.0,105.0,Not Applicable,Not Applicable,No,Not Applicable,470,Cash,40,4.9,3.8
2024-07-28 20:31:00,CNR3006382557,Success,CID811253,Auto,Yelahanka,Magadi Road,140.0,25.0,Not Applicable,Not Applicable,No,Not Applicable,906,Cash,8,3.5,3.4
2024-07-11 03:31:00,CNR7650688248,Success,CID831622,Mini,Mysore Road,Ramamurthy Nagar,259.0,65.0,Not Applicable,Not Applicable,No,Not Applicable,530,Credit Card,16,4.0,3.7
2024-07-07 08:52:00,CNR8447180458,Canceled by Customer,CID286601,Auto,KR Puram,RT Nagar,,,Driver is not moving towards pickup location,Not Applicable,Not Applicable,Not Applicable,930,Not Applicable,0,,
2024-07-16 21:01:00,CNR9458230484,Success,CID372999,Auto,Vijayanagar,MG Road,56.0,140.0,Not Applicable,Not Applicable,No,Not Applicable,603,Cash,5,4.1,4.5
2024-07-08 07:59:00,CNR9997232576,Driver Not Found,CID101119,Prime Plus,Kengeri,Basavanagudi,,,Not Applicable,Not Applicable,Not Applicable,Not Applicable,219,Not Applicable,0,,
2024-07-04 13:44:00,CNR1517894853,Success,CID820264,Prime SUV,Indiranagar,Hebbal,119.0,90.0,Not Applicable,Not Applicable,No,Not Applicable,436,UPI,8,4.8,4.2
2024-07-09 12:33:00,CNR3945615010,Canceled by Driver,CID877943,Prime SUV,Jayanagar,Devanahalli,,,Not Applicable,Customer related issue,Not Applicable,Not Applicable,189,Not Applicable,0,,
2024-07-27 08:44:00,CNR4090217527,Canceled by Customer,CID952477,eBike,Ramamurthy Nagar,Langford Town,,,Driver asked to cancel,Not Applicable,Not Applicable,Not Applicable,748,Not Applicable,0,,
2024-07-15 06:30:00,CNR2845090311,Success,CID295128,Auto,Sarjapur Road,Electronic City,70.0,145.0,Not Applicable,Not Applicable,No,Not Applicable,304,Cash,6,4.5,3.6
2024-07-18 10:52:00,CNR4210085859,Success,CID354988,Prime SUV,KR Puram,Devanahalli,210.0,115.0,Not Applicable,Not Applicable,No,Not Applicable,1677,UPI,12,4.3,4.0
2024-07-23 03:57:00,CNR8551736160,Success,CID784622,eBike,Hennur,Jayanagar,175.0,95.0,Not Applicable,Not Applicable,No,Not Applicable,325,Cash,40,4.0,5.0
2024-07-23 15:49:00,CNR9790165380,Success,CID839682,Prime Sedan,Kammanahalli,Banashankari,231.0,25.0,Not Applicable,Not Applicable,No,Not Applicable,176,UPI,27,3.1,3.4
2024-07-05 15:44:00,CNR9873760505,Success,CID526819,Mini,Hosur Road,Kengeri,133.0,120.0,Not Applicable,Not Applicable,No,Not Applicable,187,Cash,9,3.5,3.0
2024-07-24 13:02:00,CNR9644054412,Success,CID903603,Prime Sedan,Hosur Road,Sahakar Nagar,168.0,115.0,Not Applicable,Not Applicable,No,Not Applicable,1713,Cash,32,3.0,3.9
2024-07-29 18:33:00,CNR8686479108,Success,CID499927,Mini,Hennur,Rajajinagar,182.0,125.0,Not Applicable,Not Applicable,No,Not Applicable,458,Cash,40,3.8,3.6
2024-07-03 03:56:00,CNR4902080208,Canceled by Driver,CID292870,Bike,Nagarbhavi,Padmanabhanagar,,,Not Applicable,Personal & Car related issue,Not Applicable,Not Applicable,555,Not Applicable,0,,
2024-07-28 00:29:00,CNR2179879276,Success,CID348441,Mini,Whitefield,Magadi Road,119.0,30.0,Not Applicable,Not Applicable,No,Not Applicable,304,UPI,13,3.1,4.6
2024-07-29 12:33:00,CNR8359523324,Success,CID243522,Prime SUV,Frazer Town,Tumkur Road,112.0,120.0,Not Applicable,Not Applicable,No,Not Applicable,751,Cash,7,3.1,4.9
2024-07-23 15:40:00,CNR3435314061,Canceled by Customer,CID155952,eBike,Kengeri,Peenya,,,Wrong Address,Not Applicable,Not Applicable,Not Applicable,564,Not Applicable,0,,
2024-07-12 08:03:00,CNR9306101774,Success,CID705346,Prime Plus,Majestic,Bellandur,196.0,85.0,Not Applicable,Not Applicable,Yes,Vehicle Breakdown,253,UPI,33,4.2,3.2
2024-07-11 00:11:00,CNR2731625276,Canceled by Customer,CID692499,Auto,Mysore Road,Chickpet,,,Wrong Address,Not Applicable,Not Applicable,Not Applicable,385,Not Applicable,0,,
2024-07-24 19:28:00,CNR7687773599,Success,CID613048,Prime Sedan,Basavanagudi,Malleshwaram,168.0,65.0,Not Applicable,Not Applicable,No,Not Applicable,808,UPI,20,4.9,4.1
2024-07-18 15:23:00,CNR1996333578,Success,CID439018,Prime SUV,JP Nagar,Hosur Road,231.0,45.0,Not Applicable,Not Applicable,Yes,Other Issue,525,Cash,46,4.6,4.4
2024-07-07 12:58:00,CNR3737663861,Canceled by Customer,CID456007,Mini,Ramamurthy Nagar,Cox Town,,,Wrong Address,Not Applicable,Not Applicable,Not Applicable,373,Not Applicable,0,,
2024-07-26 17:23:00,CNR7508576247,Success,CID817217,Bike,Kengeri,JP Nagar,84.0,130.0,Not Applicable,Not Applicable,No,Not Applicable,369,UPI,42,4.4,4.0
2024-07-06 01:16:00,CNR8755105000,Success,CID554848,eBike,Indiranagar,Cox Town,112.0,65.0,Not Applicable,Not Applicable,No,Not Applicable,613,Cash,31,4.8,3.8
2024-07-09 05:58:00,CNR8037247631,Success,CID588906,Prime SUV,Jayanagar,RT Nagar,280.0,130.0,Not Applicable,Not Applicable,No,Not Applicable,864,Cash,19,4.6,3.7
2024-07-04 00:25:00,CNR9543800692,Success,CID418780,Mini,Basavanagudi,Sahakar Nagar,280.0,60.0,Not Applicable,Not Applicable,No,Not Applicable,713,Cash,43,3.4,4.2
2024-07-11 15:03:00,CNR3830810015,Success,CID145484,Bike,Majestic,Malleshwaram,154.0,115.0,Not Applicable,Not Applicable,No,Not Applicable,215,UPI,32,3.7,4.5
2024-07-29 07:38:00,CNR1824102916,Success,CID413932,Mini,Sarjapur Road,Peenya,294.0,105.0,Not Applicable,Not Applicable,No,Not Applicable,309,Cash,22,3.0,3.6
2024-07-02 07:00:00,CNR6827727100,Success,CID244518,Prime Plus,Varthur,Richmond Town,105.0,90.0,Not Applicable,Not Applicable,No,Not Applicable,1544,UPI,14,4.4,3.8
2024-07-07 11:42:00,CNR4257873415,Success,CID371966,Prime Sedan,Varthur,Peenya,63.0,45.0,Not Applicable,Not Applicable,No,Not Applicable,2908,Cash,48,4.1,3.9
2024-07-28 23:06:00,CNR6647902391,Driver Not Found,CID242378,Mini,Yeshwanthpur,Frazer Town,,,Not Applicable,Not Applicable,Not Applicable,Not Applicable,338,Not Applicable,0,,
2024-07-17 12:21:00,CNR7108277766,Canceled by Driver,CID663728,Prime Sedan,Rajarajeshwari Nagar,Hebbal,,,Not Applicable,Customer related issue,Not Applicable,Not Applicable,190,Not Applicable,0,,
2024-07-07 08:49:00,CNR8146308997,Canceled by Customer,CID722267,Auto,Chickpet,Shantinagar,,,Driver asked to cancel,Not Applicable,Not Applicable,Not Applicable,433,Not Applicable,0,,
2024-07-28 22:12:00,CNR2695364262,Success,CID286824,Prime Sedan,KR Puram,Richmond Town,140.0,105.0,Not Applicable,Not Applicable,No,Not Applicable,697,Cash,25,3.9,4.1
2024-07-06 22:56:00,CNR3275112422,Success,CID932717,Bike,Devanahalli,Hennur,105.0,90.0,Not Applicable,Not Applicable,No,Not Applicable,343,Cash,34,4.6,3.9
2024-07-19 01:23:00,CNR1715958891,Success,CID208680,Prime SUV,Hebbal,Varthur,91.0,85.0,Not Applicable,Not Applicable,Yes,Vehicle Breakdown,493,UPI,34,3.7,3.8
2024-07-04 22:55:00,CNR5579404038,Success,CID532388,Prime Plus,Rajajinagar,Yelahanka,196.0,130.0,Not Applicable,Not Applicable,Yes,Vehicle Breakdown,439,Cash,38,4.0,3.4
2024-07-14 11:11:00,CNR7274748320,Canceled by Driver,CID281354,Mini,Sahakar Nagar,Basavanagudi,,,Not Applicable,Personal & Car related issue,Not Applicable,Not Applicable,426,Not Applicable,0,,
2024-07-09 17:14:00,CNR5788864074,Success,CID620928,Prime Sedan,Nagarbhavi,Whitefield,245.0,140.0,Not Applicable,Not Applicable,No,Not Applicable,151,Cash,35,3.3,3.7
2024-07-11 12:53:00,CNR5293814106,Success,CID556426,Prime SUV,Ulsoor,BTM Layout,91.0,70.0,Not Applicable,Not Applicable,No,Not Applicable,393,Credit Card,15,4.1,3.7
2024-07-12 13:29:00,CNR2812199917,Canceled by Customer,CID590336,Auto,Tumkur Road,JP Nagar,,,Change of plans,Not Applicable,Not Applicable,Not Applicable,1455,Not Applicable,0,,
2024-07-15 23:44:00,CNR8110602643,Success,CID243119,eBike,Bellandur,Indiranagar,91.0,115.0,Not Applicable,Not Applicable,No,Not Applicable,119,Cash,42,4.8,3.1
2024-07-07 17:52:00,CNR5362916740,Success,CID456935,Prime SUV,KR Puram,BTM Layout,280.0,80.0,Not Applicable,Not Applicable,No,Not Applicable,223,Cash,20,3.5,3.9
2024-07-02 14:34:00,CNR4961393769,Success,CID924302,Bike,Yelahanka,Devanahalli,273.0,85.0,Not Applicable,Not Applicable,No,Not Applicable,198,UPI,29,4.9,4.2
2024-07-04 05:42:00,CNR6473639642,Driver Not Found,CID232203,Auto,Hebbal,Electronic City,,,Not Applicable,Not Applicable,Not Applicable,Not Applicable,468,Not Applicable,0,,
2024-07-16 01:33:00,CNR4746699880,Success,CID155580,Bike,Banashankari,Banashankari,252.0,35.0,Not Applicable,Not Applicable,No,Not Applicable,824,Cash,40,3.6,4.1
2024-07-22 00:12:00,CNR8507436055,Success,CID316762,Bike,Yeshwanthpur,Jayanagar,168.0,105.0,Not Applicable,Not Applicable,No,Not Applicable,356,UPI,40,3.3,4.2
2024-07-13 03:22:00,CNR8878196438,Canceled by Customer,CID836537,Prime Sedan,Koramangala,Indiranagar,,,Driver is not moving towards pickup location,Not Applicable,Not Applicable,Not Applicable,488,Not Applicable,0,,
2024-07-12 01:12:00,CNR7734317134,Success,CID199017,eBike,Hulimavu,Hebbal,175.0,45.0,Not Applicable,Not Applicable,No,Not Applicable,445,UPI,20,3.7,4.1
2024-07-05 08:22:00,CNR4330937618,Success,CID711971,Mini,Banashankari,Ulsoor,98.0,65.0,Not Applicable,Not Applicable,No,Not Applicable,356,UPI,9,3.7,3.7
2024-07-15 20:30:00,CNR5033751668,Canceled by Customer,CID615971,Mini,Hosur Road,Vijayanagar,,,Change of plans,Not Applicable,Not Applicable,Not Applicable,234,Not Applicable,0,,
2024-07-16 01:54:00,CNR2390662917,Success,CID505527,Auto,Shivajinagar,Rajarajeshwari Nagar,189.0,130.0,Not Applicable,Not Applicable,No,Not Applicable,291,Cash,14,4.2,4.2
2024-07-24 15:01:00,CNR5828171123,Success,CID463149,eBike,Chamarajpet,Padmanabhanagar,301.0,100.0,Not Applicable,Not Applicable,No,Not Applicable,282,Cash,19,4.6,4.8
2024-07-06 07:49:00,CNR5425790304,Canceled by Driver,CID671431,Mini,RT Nagar,MG Road,,,Not Applicable,Customer related issue,Not Applicable,Not Applicable,367,Not Applicable,0,,
2024-07-14 08:25:00,CNR9667527123,Driver Not Found,CID561065,eBike,Rajajinagar,Shivajinagar,,,Not Applicable,Not Applicable,Not Applicable,Not Applicable,300,Not Applicable,0,,
2024-07-15 08:23:00,CNR8501572413,Success,CID584201,Prime SUV,Kadugodi,Shantinagar,168.0,60.0,Not Applicable,Not Applicable,No,Not Applicable,297,UPI,9,4.0,4.1
2024-07-21 14:08:00,CNR4308465056,Success,CID315491,eBike,Indiranagar,Yelahanka,203.0,80.0,Not Applicable,Not Applicable,No,Not Applicable,358,Cash,28,4.6,4.5
2024-07-16 18:59:00,CNR9516314651,Success,CID281604,Prime Plus,Kengeri,Yelahanka,126.0,135.0,Not Applicable,Not Applicable,No,Not Applicable,223,UPI,23,4.4,4.5
2024-07-07 10:13:00,CNR4145651242,Success,CID888763,Prime SUV,Ramamurthy Nagar,Yeshwanthpur,126.0,35.0,Not Applicable,Not Applicable,No,Not Applicable,235,Cash,27,3.0,3.2
2024-07-19 23:50:00,CNR4097251725,Success,CID109224,Prime Plus,Ramamurthy Nagar,Hebbal,238.0,45.0,Not Applicable,Not Applicable,No,Not Applicable,353,Cash,14,4.3,3.2
2024-07-29 18:05:00,CNR5198792285,Success,CID188773,Mini,Chickpet,Langford Town,112.0,50.0,Not Applicable,Not Applicable,No,Not Applicable,332,Cash,9,3.6,3.9
2024-07-24 06:11:00,CNR4027649799,Success,CID498375,Mini,Rajarajeshwari Nagar,Hennur,217.0,40.0,Not Applicable,Not Applicable,No,Not Applicable,438,UPI,9,4.0,4.1
2024-07-12 03:33:00,CNR2489802120,Success,CID454904,Auto,Hennur,Kadugodi,301.0,110.0,Not Applicable,Not Applicable,No,Not Applicable,218,UPI,12,3.0,4.5
2024-07-09 09:43:00,CNR5741629982,Canceled by Driver,CID461445,Prime Sedan,Rajarajeshwari Nagar,Sahakar Nagar,,,Not Applicable,Personal & Car related issue,Not Applicable,Not Applicable,102,Not Applicable,0,,
2024-07-07 13:38:00,CNR3647029382,Canceled by Driver,CID727697,eBike,Marathahalli,Shantinagar,,,Not Applicable,Personal & Car related issue,Not Applicable,Not Applicable,163,Not Applicable,0,,
2024-07-14 19:47:00,CNR6853741541,Success,CID870153,Auto,Vijayanagar,Bellandur,252.0,95.0,Not Applicable,Not Applicable,No,Not Applicable,101,Cash,2,4.8,4.8
2024-07-10 19:03:00,CNR9897748619,Canceled by Driver,CID128348,eBike,Mysore Road,Richmond Town,,,Not Applicable,Customer related issue,Not Applicable,Not Applicable,645,Not Applicable,0,,
2024-07-10 19:54:00,CNR6204064210,Canceled by Driver,CID920407,Prime Plus,Magadi Road,JP Nagar,,,Not Applicable,Personal & Car related issue,Not Applicable,Not Applicable,817,Not Applicable,0,,
2024-07-09 08:51:00,CNR3403156522,Canceled by Customer,CID869813,Bike,Yeshwanthpur,Peenya,,,Driver is not moving towards pickup location,Not Applicable,Not Applicable,Not Applicable,2488,Not Applicable,0,,
2024-07-17 16:58:00,CNR7452081554,Success,CID177379,Auto,Banashankari,Kammanahalli,231.0,60.0,Not Applicable,Not Applicable,No,Not Applicable,900,UPI,6,3.5,4.8
2024-07-03 00:23:00,CNR1601927143,Success,CID334185,Prime Plus,Magadi Road,Bellandur,273.0,65.0,Not Applicable,Not Applicable,No,Not Applicable,375,Cash,36,4.0,4.8
2024-07-01 10:39:00,CNR7079939443,Success,CID591192,Prime SUV,Bellandur,Kadugodi,280.0,105.0,Not Applicable,Not Applicable,No,Not Applicable,311,UPI,1,5.0,3.9
2024-07-26 13:26:00,CNR4823060820,Success,CID271872,Mini,Chickpet,Malleshwaram,238.0,85.0,Not Applicable,Not Applicable,No,Not Applicable,346,Cash,11,5.0,3.3
2024-07-19 03:57:00,CNR8961172312,Success,CID974265,Prime SUV,Jayanagar,RT Nagar,42.0,65.0,Not Applicable,Not Applicable,No,Not Applicable,578,UPI,12,4.6,4.4
2024-07-02 22:30:00,CNR1661354184,Canceled by Customer,CID307752,Prime SUV,Tumkur Road,Bellandur,,,Wrong Address,Not Applicable,Not Applicable,Not Applicable,517,Not Applicable,0,,
2024-07-27 02:57:00,CNR8045532432,Canceled by Driver,CID976464,Prime Sedan,Hennur,Frazer Town,,,Not Applicable,Customer was coughing/sick,Not Applicable,Not Applicable,452,Not Applicable,0,,
2024-07-03 16:20:00,CNR4025898092,Success,CID151907,eBike,Kammanahalli,Jayanagar,56.0,135.0,Not Applicable,Not Applicable,No,Not Applicable,231,Cash,40,3.9,3.4
2024-07-06 18:50:00,CNR8419243919,Success,CID743172,eBike,Hosur Road,Vijayanagar,308.0,100.0,Not Applicable,Not Applicable,No,Not Applicable,238,Cash,9,3.5,4.5
2024-07-18 12:13:00,CNR9313283137,Canceled by Driver,CID909449,Bike,Ulsoor,Nagarbhavi,,,Not Applicable,Personal & Car related issue,Not Applicable,Not Applicable,657,Not Applicable,0,,
2024-07-10 11:06:00,CNR1371820611,Canceled by Customer,CID299024,Bike,Ramamurthy Nagar,Hulimavu,,,Driver is not moving towards pickup location,Not Applicable,Not Applicable,Not Applicable,109,Not Applicable,0,,
2024-07-22 13:11:00,CNR9338920818,Driver Not Found,CID913296,Mini,Sarjapur Road,Marathahalli,,,Not Applicable,Not Applicable,Not Applicable,Not Applicable,182,Not Applicable,0,,
2024-07-21 22:04:00,CNR4737578404,Success,CID750829,Prime Sedan,Hulimavu,Chamarajpet,210.0,30.0,Not Applicable,Not Applicable,No,Not Applicable,115,Credit Card,14,4.1,4.1
2024-07-26 23:22:00,CNR8176208923,Success,CID572385,Auto,Bellandur,Whitefield,175.0,45.0,Not Applicable,Not Applicable,No,Not Applicable,169,UPI,13,3.8,3.5
2024-07-12 18:10:00,CNR7507553065,Driver Not Found,CID412615,Mini,Bellandur,Bannerghatta Road,,,Not Applicable,Not Applicable,Not Applicable,Not Applicable,316,Not Applicable,0,,
2024-07-01 20:04:00,CNR3873146428,Success,CID987510,Prime SUV,Devanahalli,Kadugodi,273.0,45.0,Not Applicable,Not Applicable,No,Not Applicable,285,Cash,24,4.3,4.0
2024-07-23 14:17:00,CNR5421436998,Success,CID782027,Prime SUV,Ramamurthy Nagar,Yelahanka,49.0,70.0,Not Applicable,Not Applicable,No,Not Applicable,232,UPI,11,4.0,4.5
2024-07-20 07:07:00,CNR4326069809,Success,CID279793,eBike,Jayanagar,Devanahalli,112.0,55.0,Not Applicable,Not Applicable,No,Not Applicable,236,UPI,45,4.9,3.7
2024-07-12 08:14:00,CNR2422027713,Success,CID951723,eBike,Rajajinagar,Peenya,91.0,35.0,Not Applicable,Not Applicable,No,Not Applicable,822,UPI,45,4.8,4.2
2024-07-29 03:52:00,CNR3540553183,Success,CID667980,Prime Plus,Banashankari,Frazer Town,308.0,50.0,Not Applicable,Not Applicable,No,Not Applicable,452,Cash,4,4.2,4.9
2024-07-09 13:16:00,CNR7501789929,Success,CID636854,Prime Plus,Devanahalli,Ulsoor,266.0,115.0,Not Applicable,Not Applicable,No,Not Applicable,832,UPI,23,3.3,3.3
2024-07-01 09:53:00,CNR7595776615,Success,CID194814,eBike,Ulsoor,BTM Layout,49.0,70.0,Not Applicable,Not Applicable,No,Not Applicable,452,Cash,38,3.1,3.4
2024-07-13 07:28:00,CNR8539838265,Canceled by Customer,CID598673,Prime Sedan,Bannerghatta Road,Kadugodi,,,Wrong Address,Not Applicable,Not Applicable,Not Applicable,177,Not Applicable,0,,
2024-07-24 01:19:00,CNR5739353365,Driver Not Found,CID721828,Auto,Richmond Town,Hulimavu,,,Not Applicable,Not Applicable,Not Applicable,Not Applicable,171,Not Applicable,0,,
2024-07-01 02:35:00,CNR8237811014,Success,CID313233,eBike,Kammanahalli,Hebbal,273.0,90.0,Not Applicable,Not Applicable,No,Not Applicable,779,Cash,43,4.2,4.7
2024-07-10 04:14:00,CNR1153171585,Success,CID881994,Auto,Indiranagar,Yelahanka,189.0,125.0,Not Applicable,Not Applicable,No,Not Applicable,366,Cash,7,4.1,3.7
2024-07-11 11:58:00,CNR6160528675,Canceled by Customer,CID994268,Prime Sedan,Basavanagudi,Hosur Road,,,Change of plans,Not Applicable,Not Applicable,Not Applicable,360,Not Applicable,0,,
2024-07-07 19:20:00,CNR6756431677,Success,CID339833,eBike,Rajarajeshwari Nagar,Varthur,294.0,95.0,Not Applicable,Not Applicable,No,Not Applicable,1272,Cash,26,3.3,4.9
2024-07-03 16:52:00,CNR9604280041,Canceled by Customer,CID773693,Prime SUV,Bellandur,Banashankari,,,Wrong Address,Not Applicable,Not Applicable,Not Applicable,465,Not Applicable,0,,
2024-07-08 08:31:00,CNR4489767435,Canceled by Customer,CID852525,Auto,Ramamurthy Nagar,Kadugodi,,,AC is Not working,Not Applicable,Not Applicable,Not Applicable,701,Not Applicable,0,,
2024-07-24 17:12:00,CNR4413332730,Success,CID101956,Prime Plus,Bannerghatta Road,Sarjapur Road,147.0,135.0,Not Applicable,Not Applicable,No,Not Applicable,470,Cash,47,4.3,3.2
2024-07-16 15:14:00,CNR4583459508,Success,CID459116,Prime SUV,Ulsoor,Majestic,259.0,115.0,Not Applicable,Not Applicable,No,Not Applicable,236,Cash,46,4.6,3.5
2024-07-30 00:02:00,CNR8316578000,Success,CID350292,Mini,Shantinagar,Koramangala,224.0,85.0,Not Applicable,Not Applicable,No,Not Applicable,666,Cash,1,3.3,4.8
2024-07-17 03:49:00,CNR7858413292,Success,CID662340,Auto,Kammanahalli,Padmanabhanagar,182.0,75.0,Not Applicable,Not Applicable,No,Not Applicable,335,Cash,14,4.0,3.9
2024-07-25 00:31:00,CNR6902510041,Canceled by Driver,CID269707,Prime SUV,Koramangala,Rajarajeshwari Nagar,,,Not Applicable,Customer was coughing/sick,Not Applicable,Not Applicable,174,Not Applicable,0,,
2024-07-24 11:37:00,CNR1871964978,Success,CID704069,Prime SUV,Frazer Town,Koramangala,126.0,75.0,Not Applicable,Not Applicable,No,Not Applicable,1978,Cash,23,4.8,4.0
2024-07-24 17:58:00,CNR5187236102,Success,CID242693,Bike,Cox Town,Devanahalli,280.0,100.0,Not Applicable,Not Applicable,No,Not Applicable,1610,UPI,25,4.8,4.4
2024-07-22 06:34:00,CNR7828857299,Driver Not Found,CID933841,Prime Plus,Devanahalli,Rajarajeshwari Nagar,,,Not Applicable,Not Applicable,Not Applicable,Not Applicable,385,Not Applicable,0,,
2024-07-08 19:40:00,CNR1555098033,Success,CID803792,Prime SUV,Chamarajpet,Basavanagudi,168.0,35.0,Not Applicable,Not Applicable,No,Not Applicable,290,UPI,7,4.6,4.2
2024-07-15 07:43:00,CNR1069700668,Success,CID336007,Prime Plus,Hennur,Richmond Town,217.0,85.0,Not Applicable,Not Applicable,No,Not Applicable,363,UPI,4,4.2,4.0
2024-07-24 04:54:00,CNR9711861550,Success,CID848107,Prime SUV,Nagarbhavi,Mysore Road,259.0,50.0,Not Applicable,Not Applicable,No,Not Applicable,232,Cash,9,3.9,3.5
2024-07-07 10:38:00,CNR9352509013,Success,CID499112,eBike,Nagarbhavi,Shivajinagar,42.0,30.0,Not Applicable,Not Applicable,No,Not Applicable,343,Cash,46,3.9,3.7
2024-07-08 09:18:00,CNR6311561472,Success,CID745570,Prime SUV,Electronic City,Basavanagudi,140.0,115.0,Not Applicable,Not Applicable,No,Not Applicable,103,UPI,24,4.5,4.1
2024-07-29 13:06:00,CNR8596651430,Success,CID708108,Prime Plus,Banashankari,Hebbal,308.0,55.0,Not Applicable,Not Applicable,Yes,Other Issue,202,UPI,49,3.5,4.4
2024-07-20 19:29:00,CNR6002402127,Canceled by Driver,CID839170,eBike,Electronic City,Chamarajpet,,,Not Applicable,Customer related issue,Not Applicable,Not Applicable,495,Not Applicable,0,,
2024-07-12 17:01:00,CNR4166362155,Canceled by Driver,CID392260,Bike,Sahakar Nagar,Bannerghatta Road,,,Not Applicable,More than permitted people in there,Not Applicable,Not Applicable,471,Not Applicable,0,,
2024-07-23 17:35:00,CNR3775536133,Success,CID203910,Prime Plus,Kengeri,Basavanagudi,189.0,80.0,Not Applicable,Not Applicable,No,Not Applicable,2481,Cash,8,3.3,4.2
2024-07-13 12:16:00,CNR6033866745,Canceled by Driver,CID258478,Bike,Shivajinagar,Vijayanagar,,,Not Applicable,Customer related issue,Not Applicable,Not Applicable,280,Not Applicable,0,,
2024-07-11 04:44:00,CNR4824448785,Success,CID953790,Bike,Basavanagudi,Hosur Road,168.0,130.0,Not Applicable,Not Applicable,No,Not Applicable,1427,UPI,17,3.4,4.1
2024-07-09 03:36:00,CNR5152261468,Success,CID107057,eBike,Sarjapur Road,Basavanagudi,133.0,60.0,Not Applicable,Not Applicable,No,Not Applicable,136,Cash,32,3.5,4.1
2024-07-25 23:12:00,CNR5807055327,Success,CID670282,Mini,Hennur,Sarjapur Road,56.0,45.0,Not Applicable,Not Applicable,No,Not Applicable,327,Debit Card,36,4.0,4.7
2024-07-06 11:10:00,CNR8613394453,Success,CID746140,Prime SUV,Rajarajeshwari Nagar,Vijayanagar,84.0,125.0,Not Applicable,Not Applicable,No,Not Applicable,1850,Cash,48,4.1,3.6
2024-07-21 17:07:00,CNR6880137998,Success,CID313919,Prime Plus,RT Nagar,Malleshwaram,147.0,115.0,Not Applicable,Not Applicable,No,Not Applicable,499,UPI,21,4.8,4.0
2024-07-03 20:31:00,CNR7012761566,Driver Not Found,CID855477,Prime Sedan,Rajajinagar,Marathahalli,,,Not Applicable,Not Applicable,Not Applicable,Not Applicable,344,Not Applicable,0,,
2024-07-24 18:33:00,CNR3801802573,Canceled by Driver,CID436401,Mini,Peenya,Vijayanagar,,,Not Applicable,Personal & Car related issue,Not Applicable,Not Applicable,535,Not Applicable,0,,
2024-07-19 09:05:00,CNR7277793168,Success,CID329344,Bike,Yeshwanthpur,Marathahalli,105.0,30.0,Not Applicable,Not Applicable,No,Not Applicable,294,UPI,38,4.1,4.9
2024-07-03 16:14:00,CNR4828313549,Success,CID896426,Prime Plus,Hosur Road,Chickpet,175.0,35.0,Not Applicable,Not Applicable,No,Not Applicable,152,UPI,31,4.0,4.3
2024-07-09 22:18:00,CNR5627207212,Canceled by Driver,CID182348,Bike,Whitefield,Kadugodi,,,Not Applicable,Customer was coughing/sick,Not Applicable,Not Applicable,118,Not Applicable,0,,
2024-07-11 07:39:00,CNR8225116988,Driver Not Found,CID230557,eBike,Rajajinagar,Kadugodi,,,Not Applicable,Not Applicable,Not Applicable,Not Applicable,154,Not Applicable,0,,
2024-07-01 17:49:00,CNR8115024486,Driver Not Found,CID954622,eBike,Peenya,JP Nagar,,,Not Applicable,Not Applicable,Not Applicable,Not Applicable,952,Not Applicable,0,,
2024-07-01 11:50:00,CNR6530091343,Success,CID484455,eBike,Kammanahalli,Koramangala,154.0,105.0,Not Applicable,Not Applicable,No,Not Applicable,464,Cash,9,3.9,4.7
2024-07-17 22:29:00,CNR3398348414,Success,CID962016,eBike,Shivajinagar,Basavanagudi,301.0,110.0,Not Applicable,Not Applicable,No,Not Applicable,406,Cash,1,3.8,3.0
2024-07-11 01:01:00,CNR1864876367,Success,CID961483,eBike,Varthur,Peenya,280.0,110.0,Not Applicable,Not Applicable,No,Not Applicable,625,UPI,39,3.6,4.4
2024-07-09 15:21:00,CNR4281179229,Canceled by Driver,CID550537,eBike,Rajajinagar,Rajajinagar,,,Not Applicable,Personal & Car related issue,Not Applicable,Not Applicable,582,Not Applicable,0,,
2024-07-03 23:09:00,CNR6985215494,Success,CID745684,Prime Plus,Shantinagar,Kammanahalli,210.0,35.0,Not Applicable,Not Applicable,No,Not Applicable,414,Cash,46,3.9,4.7
2024-07-07 07:13:00,CNR7748600003,Success,CID149826,Bike,Electronic City,Kengeri,77.0,110.0,Not Applicable,Not Applicable,No,Not Applicable,192,Cash,12,3.8,4.3
2024-07-10 07:41:00,CNR4757564608,Success,CID779976,Mini,Bannerghatta Road,MG Road,252.0,70.0,Not Applicable,Not Applicable,Yes,Vehicle Breakdown,974,UPI,39,4.4,3.3
2024-07-18 17:28:00,CNR8339318470,Success,CID743498,Auto,Padmanabhanagar,Cox Town,301.0,100.0,Not Applicable,Not Applicable,No,Not Applicable,269,UPI,13,4.9,4.6
2024-07-08 13:36:00,CNR8119726819,Success,CID126517,Prime Sedan,Kengeri,HSR Layout,294.0,45.0,Not Applicable,Not Applicable,No,Not Applicable,175,Cash,12,3.1,3.1
2024-07-30 20:31:00,CNR8383130086,Success,CID913928,Bike,Frazer Town,HSR Layout,189.0,30.0,Not Applicable,Not Applicable,No,Not Applicable,460,Cash,19,3.5,4.7
2024-07-06 22:32:00,CNR4325458194,Canceled by Driver,CID505705,Prime Sedan,RT Nagar,Kengeri,,,Not Applicable,Personal & Car related issue,Not Applicable,Not Applicable,1228,Not Applicable,0,,
2024-07-09 16:53:00,CNR4593462716,Success,CID216151,Auto,Frazer Town,Kengeri,91.0,120.0,Not Applicable,Not Applicable,No,Not Applicable,640,UPI,9,4.2,3.1
2024-07-05 14:12:00,CNR5031825375,Success,CID885827,Mini,Hosur Road,Hulimavu,161.0,55.0,Not Applicable,Not Applicable,No,Not Applicable,394,UPI,28,3.1,4.1
2024-07-19 19:10:00,CNR5131668945,Success,CID446224,Bike,Nagarbhavi,Indiranagar,203.0,95.0,Not Applicable,Not Applicable,No,Not Applicable,380,Cash,39,3.7,4.1
2024-07-28 03:18:00,CNR4312835553,Success,CID797096,Prime Plus,HSR Layout,Frazer Town,203.0,35.0,Not Applicable,Not Applicable,Yes,Customer Demand,446,UPI,41,4.1,4.5
2024-07-06 00:24:00,CNR3960460170,Success,CID161708,eBike,Langford Town,Cox Town,294.0,115.0,Not Applicable,Not Applicable,No,Not Applicable,481,Cash,22,3.9,3.3
2024-07-11 03:45:00,CNR4244323390,Success,CID988539,Prime SUV,Cox Town,Whitefield,280.0,100.0,Not Applicable,Not Applicable,No,Not Applicable,403,UPI,17,3.2,4.4
2024-07-18 15:15:00,CNR3130918199,Success,CID368655,eBike,Rajajinagar,Kadugodi,294.0,50.0,Not Applicable,Not Applicable,No,Not Applicable,458,Cash,25,4.2,4.8
2024-07-20 12:19:00,CNR5625390953,Success,CID487822,Mini,Hulimavu,Shivajinagar,294.0,140.0,Not Applicable,Not Applicable,No,Not Applicable,746,Cash,23,3.6,3.9
2024-07-25 18:04:00,CNR6542281507,Success,CID763427,Mini,Bannerghatta Road,Kadugodi,259.0,40.0,Not Applicable,Not Applicable,No,Not Applicable,2254,Cash,48,4.6,3.0
2024-07-07 14:19:00,CNR6514203177,Success,CID660889,Prime Plus,Yelahanka,Rajajinagar,35.0,55.0,Not Applicable,Not Applicable,No,Not Applicable,452,UPI,14,4.9,3.8
2024-07-28 20:47:00,CNR7336732231,Success,CID940639,Bike,Magadi Road,Electronic City,112.0,90.0,Not Applicable,Not Applicable,No,Not Applicable,241,Credit Card,34,3.6,3.3
2024-07-09 10:26:00,CNR6288034204,Success,CID598894,Prime Sedan,Whitefield,Devanahalli,203.0,30.0,Not Applicable,Not Applicable,No,Not Applicable,413,UPI,27,3.5,4.1
2024-07-08 19:02:00,CNR4939729486,Success,CID238358,Mini,Majestic,Shivajinagar,252.0,130.0,Not Applicable,Not Applicable,No,Not Applicable,402,UPI,4,4.2,4.4
2024-07-06 02:59:00,CNR6030324264,Success,CID188488,Mini,Varthur,Banashankari,259.0,50.0,Not Applicable,Not Applicable,No,Not Applicable,930,Cash,45,3.8,3.4
2024-07-14 09:47:00,CNR8154763620,Success,CID821497,Prime Sedan,Sarjapur Road,Kadugodi,35.0,45.0,Not Applicable,Not Applicable,No,Not Applicable,122,Cash,42,3.6,3.2
2024-07-12 13:31:00,CNR6362245510,Success,CID957305,eBike,Rajajinagar,MG Road,42.0,130.0,Not Applicable,Not Applicable,No,Not Applicable,337,Cash,18,3.8,4.8
2024-07-17 20:46:00,CNR9624730350,Success,CID534786,Bike,Ramamurthy Nagar,Frazer Town,105.0,120.0,Not Applicable,Not Applicable,No,Not Applicable,185,UPI,12,3.8,4.0
2024-07-22 05:57:00,CNR1561231398,Success,CID537188,Auto,Kengeri,Basavanagudi,217.0,65.0,Not Applicable,Not Applicable,No,Not Applicable,326,Cash,6,3.0,4.6
2024-07-13 18:39:00,CNR7313443816,Driver Not Found,CID181295,Bike,Richmond Town,Ulsoor,,,Not Applicable,Not Applicable,Not Applicable,Not Applicable,402,Not Applicable,0,,
2024-07-18 09:20:00,CNR5324498350,Success,CID435474,eBike,Varthur,Ulsoor,196.0,60.0,Not Applicable,Not Applicable,No,Not Applicable,257,UPI,13,3.2,4.3
2024-07-03 00:59:00,CNR9977391000,Success,CID918717,Prime Sedan,Vijayanagar,Ulsoor,182.0,145.0,Not Applicable,Not Applicable,No,Not Applicable,267,UPI,41,3.9,3.5
2024-07-20 03:17:00,CNR2926754138,Canceled by Driver,CID434588,Mini,BTM Layout,HSR Layout,,,Not Applicable,Customer was coughing/sick,Not Applicable,Not Applicable,144,Not Applicable,0,,
2024-07-20 04:29:00,CNR7892473064,Success,CID439051,Auto,HSR Layout,Ramamurthy Nagar,252.0,75.0,Not Applicable,Not Applicable,No,Not Applicable,533,UPI,17,4.1,3.5
2024-07-03 08:01:00,CNR4212070270,Success,CID897771,eBike,Ulsoor,Ramamurthy Nagar,182.0,55.0,Not Applicable,Not Applicable,No,Not Applicable,347,UPI,25,4.4,4.5
2024-07-19 17:12:00,CNR1916390833,Success,CID308078,Auto,Koramangala,Hennur,42.0,65.0,Not Applicable,Not Applicable,No,Not Applicable,2802,Cash,8,4.2,3.2
2024-07-22 20:14:00,CNR3400600266,Success,CID465023,Prime Plus,Chamarajpet,Shantinagar,217.0,100.0,Not Applicable,Not Applicable,No,Not Applicable,2769,UPI,1,3.6,4.6
2024-07-06 20:11:00,CNR7757894508,Canceled by Customer,CID112048,Bike,Banashankari,Shantinagar,,,Driver asked to cancel,Not Applicable,Not Applicable,Not Applicable,123,Not Applicable,0,,
2024-07-01 06:45:00,CNR9335301231,Success,CID323855,Prime Plus,Vijayanagar,Rajarajeshwari Nagar,308.0,45.0,Not Applicable,Not Applicable,No,Not Applicable,214,Cash,10,4.0,4.2
2024-07-22 20:44:00,CNR4629289233,Success,CID187420,Mini,Sarjapur Road,Ramamurthy Nagar,245.0,55.0,Not Applicable,Not Applicable,No,Not Applicable,507,Cash,10,4.8,4.9
2024-07-15 17:52:00,CNR6573516770,Success,CID605294,Bike,Richmond Town,Malleshwaram,154.0,125.0,Not Applicable,Not Applicable,No,Not Applicable,430,Cash,26,4.3,5.0
2024-07-17 13:56:00,CNR9772651987,Success,CID436952,Mini,Hennur,Marathahalli,147.0,25.0,Not Applicable,Not Applicable,No,Not Applicable,238,Cash,18,4.8,3.8
2024-07-26 23:57:00,CNR7464052477,Success,CID719384,Prime Plus,Devanahalli,Bellandur,217.0,40.0,Not Applicable,Not Applicable,No,Not Applicable,212,Cash,43,4.4,3.8
2024-07-09 01:46:00,CNR4219900690,Canceled by Driver,CID712266,eBike,Chickpet,Marathahalli,,,Not Applicable,Customer was coughing/sick,Not Applicable,Not Applicable,333,Not Applicable,0,,
2024-07-11 05:12:00,CNR2959348407,Success,CID897889,eBike,Kammanahalli,RT Nagar,63.0,55.0,Not Applicable,Not Applicable,No,Not Applicable,149,Cash,5,4.5,3.4
2024-07-19 16:31:00,CNR9612454132,Success,CID297918,Prime Plus,Nagarbhavi,Jayanagar,224.0,105.0,Not Applicable,Not Applicable,No,Not Applicable,515,Cash,8,4.9,4.8
2024-07-20 10:47:00,CNR3415555669,Driver Not Found,CID686971,Auto,Rajarajeshwari Nagar,Yelahanka,,,Not Applicable,Not Applicable,Not Applicable,Not Applicable,441,Not Applicable,0,,
2024-07-17 05:31:00,CNR1123735814,Canceled by Driver,CID574751,Bike,Richmond Town,BTM Layout,,,Not Applicable,Personal & Car related issue,Not Applicable,Not Applicable,969,Not Applicable,0,,
2024-07-01 01:44:00,CNR8470707016,Success,CID139381,Auto,Sahakar Nagar,Banashankari,224.0,140.0,Not Applicable,Not Applicable,No,Not Applicable,314,Cash,1,3.8,3.5
2024-07-09 06:45:00,CNR8525530804,Canceled by Customer,CID392637,eBike,HSR Layout,Magadi Road,,,Driver is not moving towards pickup location,Not Applicable,Not Applicable,Not Applicable,739,Not Applicable,0,,
2024-07-25 23:12:00,CNR4692088561,Success,CID160206,Prime Plus,Hosur Road,Varthur,224.0,35.0,Not Applicable,Not Applicable,No,Not Applicable,490,UPI,18,3.6,3.3
2024-07-02 06:03:00,CNR6615514232,Success,CID300189,Auto,Marathahalli,HSR Layout,273.0,40.0,Not Applicable,Not Applicable,No,Not Applicable,653,Cash,7,4.1,4.6
2024-07-15 08:45:00,CNR9722384348,Driver Not Found,CID200551,Bike,Padmanabhanagar,Vijayanagar,,,Not Applicable,Not Applicable,Not Applicable,Not Applicable,498,Not Applicable,0,,
2024-07-19 03:46:00,CNR5964281939,Success,CID364919,Mini,RT Nagar,Chamarajpet,112.0,75.0,Not Applicable,Not Applicable,No,Not Applicable,498,Cash,33,3.9,4.2
2024-07-03 15:58:00,CNR1483744870,Canceled by Customer,CID769281,Prime SUV,Basavanagudi,Langford Town,,,Driver is not moving towards pickup location,Not Applicable,Not Applicable,Not Applicable,464,Not Applicable,0,,
2024-07-12 07:55:00,CNR9300823447,Driver Not Found,CID505801,eBike,Indiranagar,Jayanagar,,,Not Applicable,Not Applicable,Not Applicable,Not Applicable,208,Not Applicable,0,,
2024-07-24 02:39:00,CNR3853176091,Success,CID411305,eBike,Kammanahalli,RT Nagar,105.0,85.0,Not Applicable,Not Applicable,No,Not Applicable,1177,UPI,46,4.2,4.6
2024-07-14 12:54:00,CNR9266970472,Success,CID622618,Auto,Vijayanagar,Ulsoor,91.0,105.0,Not Applicable,Not Applicable,No,Not Applicable,664,Cash,7,3.8,3.6
2024-07-07 11:27:00,CNR8875691483,Canceled by Customer,CID142294,Bike,Malleshwaram,Rajajinagar,,,Change of plans,Not Applicable,Not Applicable,Not Applicable,432,Not Applicable,0,,
2024-07-23 02:58:00,CNR5652450798,Canceled by Customer,CID548618,Prime SUV,Majestic,Jayanagar,,,Change of plans,Not Applicable,Not Applicable,Not Applicable,326,Not Applicable,0,,
2024-07-28 17:13:00,CNR4153121091,Canceled by Driver,CID970053,Prime Sedan,JP Nagar,Shivajinagar,,,Not Applicable,Personal & Car related issue,Not Applicable,Not Applicable,149,Not Applicable,0,,
2024-07-27 22:32:00,CNR2071968216,Canceled by Driver,CID195359,eBike,Shivajinagar,BTM Layout,,,Not Applicable,Personal & Car related issue,Not Applicable,Not Applicable,505,Not Applicable,0,,
2024-07-30 15:48:00,CNR1550728726,Driver Not Found,CID720473,Mini,Langford Town,Banashankari,,,Not Applicable,Not Applicable,Not Applicable,Not Applicable,1089,Not Applicable,0,,
2024-07-13 06:50:00,CNR9241359646,Success,CID652850,Prime Sedan,BTM Layout,Langford Town,126.0,145.0,Not Applicable,Not Applicable,No,Not Applicable,405,Cash,7,3.6,3.9
2024-07-18 00:05:00,CNR1402777189,Success,CID617093,Mini,Indiranagar,Richmond Town,133.0,115.0,Not Applicable,Not Applicable,No,Not Applicable,724,Cash,11,5.0,3.3
2024-07-19 08:46:00,CNR9317206628,Canceled by Driver,CID409341,Prime Plus,Jayanagar,Magadi Road,,,Not Applicable,Personal & Car related issue,Not Applicable,Not Applicable,381,Not Applicable,0,,
2024-07-24 06:31:00,CNR2234375087,Canceled by Driver,CID885215,Mini,Indiranagar,Kadugodi,,,Not Applicable,More than permitted people in there,Not Applicable,Not Applicable,268,Not Applicable,0,,
2024-07-12 05:57:00,CNR5423955883,Success,CID423293,Prime Plus,Padmanabhanagar,Padmanabhanagar,231.0,45.0,Not Applicable,Not Applicable,No,Not Applicable,454,UPI,9,4.4,3.3
2024-07-01 18:46:00,CNR1118430298,Success,CID255402,eBike,Basavanagudi,JP Nagar,154.0,95.0,Not Applicable,Not Applicable,No,Not Applicable,459,Cash,30,3.7,3.0
2024-07-03 20:49:00,CNR8038039865,Canceled by Driver,CID300112,Prime Plus,Electronic City,Bellandur,,,Not Applicable,Personal & Car related issue,Not Applicable,Not Applicable,790,Not Applicable,0,,
2024-07-06 08:29:00,CNR6225409586,Success,CID794968,Prime Sedan,Hulimavu,BTM Layout,189.0,110.0,Not Applicable,Not Applicable,No,Not Applicable,367,UPI,34,3.1,3.5
2024-07-12 02:28:00,CNR2112553381,Success,CID718058,Bike,Sahakar Nagar,Yelahanka,154.0,60.0,Not Applicable,Not Applicable,No,Not Applicable,295,UPI,28,4.2,4.2
2024-07-24 11:18:00,CNR4417172653,Driver Not Found,CID202797,Prime Plus,RT Nagar,Shantinagar,,,Not Applicable,Not Applicable,Not Applicable,Not Applicable,266,Not Applicable,0,,
2024-07-21 10:39:00,CNR1605620657,Success,CID642047,Prime SUV,Jayanagar,Richmond Town,98.0,130.0,Not Applicable,Not Applicable,Yes,Vehicle Breakdown,183,UPI,44,3.7,4.7
2024-07-14 05:58:00,CNR7642531078,Canceled by Customer,CID390335,Prime Plus,Kadugodi,Banashankari,,,Driver is not moving towards pickup location,Not Applicable,Not Applicable,Not Applicable,220,Not Applicable,0,,
2024-07-06 03:29:00,CNR3503978840,Success,CID778332,Prime Sedan,Ramamurthy Nagar,Ulsoor,91.0,115.0,Not Applicable,Not Applicable,No,Not Applicable,298,Cash,40,4.5,3.9
2024-07-10 06:43:00,CNR1244178826,Success,CID189287,eBike,Varthur,Jayanagar,154.0,65.0,Not Applicable,Not Applicable,No,Not Applicable,153,Cash,21,3.7,4.6
2024-07-30 14:30:00,CNR6831449625,Canceled by Customer,CID917423,Prime SUV,Mysore Road,Kadugodi,,,Change of plans,Not Applicable,Not Applicable,Not Applicable,400,Not Applicable,0,,
2024-07-28 01:40:00,CNR4806270014,Success,CID146906,eBike,Yeshwanthpur,Padmanabhanagar,105.0,65.0,Not Applicable,Not Applicable,No,Not Applicable,182,Cash,36,4.7,3.6
2024-07-19 02:37:00,CNR9132884514,Canceled by Customer,CID781111,eBike,Majestic,Kadugodi,,,Driver is not moving towards pickup location,Not Applicable,Not Applicable,Not Applicable,908,Not Applicable,0,,
2024-07-01 12:27:00,CNR3911813405,Success,CID376054,Auto,Malleshwaram,Langford Town,252.0,40.0,Not Applicable,Not Applicable,No,Not Applicable,1885,UPI,2,3.0,4.1
2024-07-24 20:09:00,CNR5142984087,Success,CID600341,Prime SUV,Whitefield,Chamarajpet,70.0,65.0,Not Applicable,Not Applicable,No,Not Applicable,227,Cash,34,4.3,4.8
2024-07-22 01:17:00,CNR4522533554,Canceled by Driver,CID682840,eBike,Koramangala,Ramamurthy Nagar,,,Not Applicable,Customer was coughing/sick,Not Applicable,Not Applicable,727,Not Applicable,0,,
2024-07-19 19:51:00,CNR7278957713,Canceled by Customer,CID425568,Prime Sedan,Basavanagudi,Tumkur Road,,,AC is Not working,Not Applicable,Not Applicable,Not Applicable,229,Not Applicable,0,,
2024-07-24 02:11:00,CNR6926687218,Canceled by Driver,CID192070,Prime SUV,RT Nagar,Kengeri,,,Not Applicable,Personal & Car related issue,Not Applicable,Not Applicable,432,Not Applicable,0,,
2024-07-19 09:02:00,CNR6413175840,Success,CID638461,Bike,Chickpet,Bellandur,70.0,105.0,Not Applicable,Not Applicable,No,Not Applicable,163,Cash,19,4.2,4.2
2024-07-18 19:35:00,CNR8222047616,Canceled by Driver,CID959669,Mini,JP Nagar,Nagarbhavi,,,Not Applicable,More than permitted people in there,Not Applicable,Not Applicable,495,Not Applicable,0,,
2024-07-08 18:03:00,CNR7699367078,Canceled by Customer,CID518469,Prime SUV,Frazer Town,Shantinagar,,,Driver is not moving towards pickup location,Not Applicable,Not Applicable,Not Applicable,258,Not Applicable,0,,
2024-07-27 08:34:00,CNR7394858899,Success,CID227083,Bike,Shantinagar,Electronic City,147.0,50.0,Not Applicable,Not Applicable,No,Not Applicable,2584,Cash,18,3.9,4.3
2024-07-27 16:52:00,CNR7475295732,Canceled by Driver,CID943621,Prime Sedan,JP Nagar,Magadi Road,,,Not Applicable,Customer related issue,Not Applicable,Not Applicable,865,Not Applicable,0,,
2024-07-15 03:16:00,CNR4629958739,Success,CID253269,Prime SUV,Whitefield,Peenya,266.0,95.0,Not Applicable,Not Applicable,No,Not Applicable,124,Cash,47,3.4,3.5
2024-07-04 12:48:00,CNR2621829944,Driver Not Found,CID605409,eBike,Yeshwanthpur,Chamarajpet,,,Not Applicable,Not Applicable,Not Applicable,Not Applicable,2427,Not Applicable,0,,
2024-07-11 23:52:00,CNR3484034972,Success,CID824321,Prime SUV,Marathahalli,Sahakar Nagar,126.0,145.0,Not Applicable,Not Applicable,No,Not Applicable,493,Cash,38,4.3,4.9
2024-07-27 05:14:00,CNR5699909621,Success,CID163940,Mini,Indiranagar,BTM Layout,245.0,95.0,Not Applicable,Not Applicable,No,Not Applicable,1083,Cash,6,4.8,5.0
2024-07-19 15:04:00,CNR3017701490,Canceled by Customer,CID803694,Bike,Malleshwaram,Hulimavu,,,Driver asked to cancel,Not Applicable,Not Applicable,Not Applicable,224,Not Applicable,0,,
2024-07-02 21:35:00,CNR3182652788,Success,CID553114,Prime SUV,Yeshwanthpur,Whitefield,175.0,90.0,Not Applicable,Not Applicable,No,Not Applicable,364,Debit Card,45,4.1,3.4
2024-07-12 05:10:00,CNR2467335780,Canceled by Driver,CID874673,eBike,Hulimavu,Yeshwanthpur,,,Not Applicable,Customer was coughing/sick,Not Applicable,Not Applicable,333,Not Applicable,0,,
2024-07-06 11:31:00,CNR1301053496,Success,CID291659,eBike,Peenya,Yelahanka,252.0,45.0,Not Applicable,Not Applicable,No,Not Applicable,251,UPI,33,4.6,3.9
2024-07-01 01:57:00,CNR2216962309,Success,CID258650,Prime Plus,JP Nagar,Indiranagar,119.0,40.0,Not Applicable,Not Applicable,No,Not Applicable,518,Cash,29,4.5,3.3
2024-07-27 23:50:00,CNR4898641590,Success,CID334781,Bike,Banashankari,Langford Town,168.0,105.0,Not Applicable,Not Applicable,No,Not Applicable,638,UPI,15,3.2,4.4
2024-07-24 15:05:00,CNR6426776307,Canceled by Customer,CID881396,Bike,Ramamurthy Nagar,Vijayanagar,,,Change of plans,Not Applicable,Not Applicable,Not Applicable,935,Not Applicable,0,,
2024-07-29 18:04:00,CNR5926063000,Canceled by Driver,CID295908,Prime Sedan,Vijayanagar,BTM Layout,,,Not Applicable,Customer related issue,Not Applicable,Not Applicable,725,Not Applicable,0,,
2024-07-16 21:44:00,CNR2777920628,Success,CID805349,Prime Plus,Hebbal,Bellandur,133.0,75.0,Not Applicable,Not Applicable,No,Not Applicable,391,Cash,4,3.7,3.4
2024-07-19 17:16:00,CNR9935380012,Success,CID959542,Prime SUV,Shantinagar,Nagarbhavi,273.0,85.0,Not Applicable,Not Applicable,No,Not Applicable,919,UPI,21,4.7,4.6
2024-07-11 17:00:00,CNR6755431667,Success,CID614023,Prime SUV,Vijayanagar,Hulimavu,42.0,85.0,Not Applicable,Not Applicable,No,Not Applicable,616,UPI,33,4.1,4.2
2024-07-01 15:23:00,CNR6896736749,Success,CID943688,Prime Sedan,Padmanabhanagar,Cox Town,98.0,55.0,Not Applicable,Not Applicable,No,Not Applicable,102,UPI,8,3.5,3.5
2024-07-19 21:58:00,CNR9591942220,Success,CID178262,Prime Sedan,Malleshwaram,Bannerghatta Road,49.0,125.0,Not Applicable,Not Applicable,No,Not Applicable,373,Cash,23,3.4,3.8
2024-07-21 14:16:00,CNR4993685850,Success,CID769254,Mini,Malleshwaram,Devanahalli,154.0,100.0,Not Applicable,Not Applicable,No,Not Applicable,754,Cash,17,3.4,4.0
2024-07-23 03:26:00,CNR1850172713,Success,CID571266,Prime Sedan,JP Nagar,Kadugodi,147.0,95.0,Not Applicable,Not Applicable,No,Not Applicable,424,Cash,31,3.8,4.3
2024-07-21 11:29:00,CNR1547122279,Canceled by Customer,CID542738,Prime Plus,Electronic City,Hennur,,,Driver is not moving towards pickup location,Not Applicable,Not Applicable,Not Applicable,797,Not Applicable,0,,
2024-07-08 12:54:00,CNR2362003368,Success,CID817061,Prime Plus,Yeshwanthpur,Kammanahalli,301.0,25.0,Not Applicable,Not Applicable,No,Not Applicable,175,UPI,45,4.2,3.3
2024-07-02 10:19:00,CNR3337068307,Success,CID289048,eBike,Tumkur Road,Hosur Road,161.0,60.0,Not Applicable,Not Applicable,No,Not Applicable,245,UPI,35,3.5,4.8
2024-07-15 02:13:00,CNR1601152191,Success,CID616131,Mini,Rajarajeshwari Nagar,Rajarajeshwari Nagar,35.0,60.0,Not Applicable,Not Applicable,No,Not Applicable,158,Cash,9,4.9,3.1
2024-07-13 05:09:00,CNR8596365762,Canceled by Driver,CID381995,Prime Plus,Bannerghatta Road,Yelahanka,,,Not Applicable,Personal & Car related issue,Not Applicable,Not Applicable,632,Not Applicable,0,,
2024-07-25 18:57:00,CNR8735967537,Success,CID459481,Bike,Malleshwaram,Hennur,238.0,30.0,Not Applicable,Not Applicable,Yes,Other Issue,197,UPI,2,4.9,4.2
2024-07-18 21:17:00,CNR8129981068,Success,CID382220,Prime Sedan,Electronic City,Chamarajpet,182.0,90.0,Not Applicable,Not Applicable,No,Not Applicable,465,UPI,5,4.8,4.5
2024-07-26 22:50:00,CNR6116165694,Canceled by Driver,CID921249,eBike,Chickpet,Devanahalli,,,Not Applicable,Personal & Car related issue,Not Applicable,Not Applicable,634,Not Applicable,0,,
2024-07-04 13:52:00,CNR8518135776,Success,CID471681,eBike,Hulimavu,Padmanabhanagar,231.0,145.0,Not Applicable,Not Applicable,No,Not Applicable,376,UPI,42,4.9,3.7
2024-07-11 07:17:00,CNR7252696750,Success,CID177030,Mini,Banashankari,MG Road,238.0,30.0,Not Applicable,Not Applicable,Yes,Other Issue,232,UPI,41,4.6,3.5
2024-07-16 12:08:00,CNR7907918935,Success,CID356909,Mini,Shantinagar,Electronic City,273.0,40.0,Not Applicable,Not Applicable,No,Not Applicable,697,UPI,37,3.8,4.8
2024-07-17 07:08:00,CNR9030077604,Canceled by Driver,CID135944,Mini,Mysore Road,Majestic,,,Not Applicable,Customer was coughing/sick,Not Applicable,Not Applicable,269,Not Applicable,0,,
2024-07-13 16:05:00,CNR6036308657,Success,CID745802,eBike,MG Road,Hulimavu,70.0,40.0,Not Applicable,Not Applicable,No,Not Applicable,555,Cash,49,3.6,4.7
2024-07-16 14:34:00,CNR4448051175,Canceled by Driver,CID823912,eBike,JP Nagar,MG Road,,,Not Applicable,Customer was coughing/sick,Not Applicable,Not Applicable,355,Not Applicable,0,,
2024-07-24 14:54:00,CNR8797658736,Canceled by Customer,CID136996,eBike,HSR Layout,Chickpet,,,AC is Not working,Not Applicable,Not Applicable,Not Applicable,2617,Not Applicable,0,,
2024-07-04 09:31:00,CNR4312728303,Success,CID604626,Bike,Padmanabhanagar,Vijayanagar,35.0,95.0,Not Applicable,Not Applicable,No,Not Applicable,361,UPI,44,3.3,4.8
2024-07-11 22:34:00,CNR2584613193,Success,CID586216,Prime Plus,Banashankari,Sahakar Nagar,182.0,65.0,Not Applicable,Not Applicable,No,Not Applicable,2158,Cash,18,3.4,3.4
2024-07-06 01:37:00,CNR2378653444,Canceled by Driver,CID722063,Auto,Richmond Town,Devanahalli,,,Not Applicable,More than permitted people in there,Not Applicable,Not Applicable,418,Not Applicable,0,,
2024-07-18 07:07:00,CNR5496977416,Success,CID935103,Mini,Sahakar Nagar,JP Nagar,287.0,85.0,Not Applicable,Not Applicable,No,Not Applicable,112,Cash,19,3.6,3.4
2024-07-13 00:30:00,CNR7247807987,Success,CID521357,Mini,Varthur,Varthur,42.0,135.0,Not Applicable,Not Applicable,No,Not Applicable,293,Cash,16,4.2,4.6
2024-07-06 12:54:00,CNR6246683495,Success,CID155386,eBike,MG Road,Chamarajpet,91.0,140.0,Not Applicable,Not Applicable,No,Not Applicable,249,Cash,16,5.0,3.8
2024-07-01 15:09:00,CNR3862421689,Driver Not Found,CID261215,Prime Sedan,BTM Layout,Shivajinagar,,,Not Applicable,Not Applicable,Not Applicable,Not Applicable,223,Not Applicable,0,,
2024-07-28 03:19:00,CNR5686855893,Driver Not Found,CID258908,Prime Sedan,Bannerghatta Road,Marathahalli,,,Not Applicable,Not Applicable,Not Applicable,Not Applicable,325,Not Applicable,0,,
2024-07-05 06:22:00,CNR1597364108,Driver Not Found,CID693634,Bike,Marathahalli,Padmanabhanagar,,,Not Applicable,Not Applicable,Not Applicable,Not Applicable,425,Not Applicable,0,,
2024-07-05 00:12:00,CNR8935038481,Canceled by Customer,CID916005,Prime Sedan,Chamarajpet,MG Road,,,Driver is not moving towards pickup location,Not Applicable,Not Applicable,Not Applicable,470,Not Applicable,0,,
2024-07-05 04:19:00,CNR9627682877,Canceled by Driver,CID253166,Auto,BTM Layout,Frazer Town,,,Not Applicable,Customer related issue,Not Applicable,Not Applicable,434,Not Applicable,0,,
2024-07-02 14:23:00,CNR2320186854,Canceled by Driver,CID119656,eBike,Marathahalli,Indiranagar,,,Not Applicable,Customer related issue,Not Applicable,Not Applicable,381,Not Applicable,0,,
2024-07-06 14:18:00,CNR5127153258,Canceled by Driver,CID960691,eBike,Yeshwanthpur,Tumkur Road,,,Not Applicable,Personal & Car related issue,Not Applicable,Not Applicable,280,Not Applicable,0,,
2024-07-10 12:48:00,CNR6183663673,Canceled by Customer,CID833075,Prime Sedan,Cox Town,BTM Layout,,,Driver is not moving towards pickup location,Not Applicable,Not Applicable,Not Applicable,343,Not Applicable,0,,
2024-07-27 01:33:00,CNR9426282703,Canceled by Driver,CID617714,Prime SUV,Magadi Road,Ulsoor,,,Not Applicable,Customer related issue,Not Applicable,Not Applicable,389,Not Applicable,0,,
2024-07-25 16:19:00,CNR5652039318,Success,CID781857,Mini,Hulimavu,Sarjapur Road,105.0,115.0,Not Applicable,Not Applicable,No,Not Applicable,402,UPI,38,3.3,4.6
2024-07-15 04:58:00,CNR2186194748,Success,CID671131,Prime Plus,Kammanahalli,Kengeri,245.0,80.0,Not Applicable,Not Applicable,No,Not Applicable,387,UPI,27,3.3,4.0
2024-07-20 08:42:00,CNR2375574634,Success,CID675834,Prime Sedan,Padmanabhanagar,Hebbal,259.0,145.0,Not Applicable,Not Applicable,No,Not Applicable,143,Cash,10,4.9,3.1
2024-07-23 14:43:00,CNR6488465309,Success,CID920939,Bike,Frazer Town,Whitefield,266.0,35.0,Not Applicable,Not Applicable,No,Not Applicable,272,Cash,14,3.9,3.2
2024-07-06 23:03:00,CNR9854862667,Success,CID151975,Auto,JP Nagar,Indiranagar,217.0,65.0,Not Applicable,Not Applicable,Yes,Customer Demand,330,UPI,12,4.4,4.7
2024-07-16 13:27:00,CNR7054296228,Success,CID964128,Prime Plus,Rajarajeshwari Nagar,Electronic City,91.0,115.0,Not Applicable,Not Applicable,No,Not Applicable,207,Cash,31,4.1,4.6
2024-07-05 19:30:00,CNR8407678473,Canceled by Customer,CID606534,Bike,Kadugodi,Majestic,,,Wrong Address,Not Applicable,Not Applicable,Not Applicable,314,Not Applicable,0,,
2024-07-17 01:07:00,CNR2062699196,Canceled by Driver,CID371125,Auto,Richmond Town,Bannerghatta Road,,,Not Applicable,Personal & Car related issue,Not Applicable,Not Applicable,359,Not Applicable,0,,
2024-07-23 17:13:00,CNR8495649840,Success,CID481284,Auto,KR Puram,Hennur,259.0,135.0,Not Applicable,Not Applicable,No,Not Applicable,117,Cash,13,3.2,3.4
2024-07-08 08:03:00,CNR8433491093,Success,CID883562,Mini,Nagarbhavi,Peenya,161.0,70.0,Not Applicable,Not Applicable,No,Not Applicable,471,Cash,16,4.4,4.9
2024-07-03 09:59:00,CNR4694590747,Canceled by Customer,CID150941,Mini,Sahakar Nagar,Padmanabhanagar,,,Driver asked to cancel,Not Applicable,Not Applicable,Not Applicable,596,Not Applicable,0,,
2024-07-27 19:46:00,CNR3432734456,Success,CID895774,Prime SUV,Hulimavu,Basavanagudi,98.0,45.0,Not Applicable,Not Applicable,No,Not Applicable,167,Cash,45,4.5,3.1
2024-07-30 15:51:00,CNR6190974534,Success,CID105173,Bike,Kengeri,Chamarajpet,301.0,145.0,Not Applicable,Not Applicable,No,Not Applicable,256,UPI,10,4.7,4.0
2024-07-03 23:49:00,CNR3760871384,Success,CID708385,Prime SUV,Jayanagar,Indiranagar,231.0,105.0,Not Applicable,Not Applicable,No,Not Applicable,437,UPI,8,3.1,4.4
2024-07-06 05:46:00,CNR1447587213,Canceled by Driver,CID339719,Prime SUV,Hennur,Devanahalli,,,Not Applicable,Customer was coughing/sick,Not Applicable,Not Applicable,1210,Not Applicable,0,,
2024-07-18 11:17:00,CNR4190516306,Canceled by Customer,CID372252,Prime Sedan,Devanahalli,Rajarajeshwari Nagar,,,AC is Not working,Not Applicable,Not Applicable,Not Applicable,307,Not Applicable,0,,
2024-07-20 14:24:00,CNR8942858468,Success,CID771932,Bike,KR Puram,Hebbal,154.0,145.0,Not Applicable,Not Applicable,No,Not Applicable,369,Cash,10,4.2,3.0
2024-07-28 13:30:00,CNR1986456524,Success,CID805295,Prime SUV,Hosur Road,Sahakar Nagar,42.0,90.0,Not Applicable,Not Applicable,No,Not Applicable,356,Cash,44,3.4,3.8
2024-07-07 00:23:00,CNR9333970258,Success,CID730500,Prime SUV,Chamarajpet,Sahakar Nagar,266.0,120.0,Not Applicable,Not Applicable,No,Not Applicable,352,Cash,20,3.8,3.2
2024-07-25 11:29:00,CNR6891438777,Success,CID819969,eBike,Bannerghatta Road,Electronic City,49.0,70.0,Not Applicable,Not Applicable,Yes,Customer Demand,251,UPI,48,4.5,3.9
2024-07-14 22:35:00,CNR3914713154,Driver Not Found,CID282238,Mini,Hulimavu,HSR Layout,,,Not Applicable,Not Applicable,Not Applicable,Not Applicable,155,Not Applicable,0,,
2024-07-08 15:16:00,CNR4383658422,Canceled by Customer,CID259520,Prime SUV,Chickpet,HSR Layout,,,Driver asked to cancel,Not Applicable,Not Applicable,Not Applicable,168,Not Applicable,0,,
2024-07-18 16:27:00,CNR9978471637,Success,CID164108,Prime Sedan,KR Puram,HSR Layout,105.0,110.0,Not Applicable,Not Applicable,No,Not Applicable,432,Cash,43,3.1,4.2
2024-07-24 22:14:00,CNR7664940461,Success,CID782538,Bike,Kadugodi,Bellandur,280.0,105.0,Not Applicable,Not Applicable,No,Not Applicable,350,UPI,11,3.3,4.2
2024-07-24 12:07:00,CNR8518906683,Success,CID967615,eBike,Shivajinagar,Bannerghatta Road,217.0,40.0,Not Applicable,Not Applicable,No,Not Applicable,104,UPI,27,5.0,4.8
2024-07-23 01:40:00,CNR5774848194,Success,CID397622,Prime Plus,Rajarajeshwari Nagar,Koramangala,119.0,30.0,Not Applicable,Not Applicable,No,Not Applicable,174,Cash,48,3.1,5.0
2024-07-05 11:57:00,CNR3453924612,Success,CID558946,Prime SUV,HSR Layout,Tumkur Road,287.0,55.0,Not Applicable,Not Applicable,No,Not Applicable,821,Cash,13,4.2,4.3
2024-07-09 11:40:00,CNR1246234606,Success,CID453590,Bike,Vijayanagar,KR Puram,84.0,120.0,Not Applicable,Not Applicable,No,Not Applicable,497,UPI,31,3.5,3.0
2024-07-21 17:43:00,CNR3134470532,Canceled by Customer,CID489034,Auto,Bannerghatta Road,Bellandur,,,Change of plans,Not Applicable,Not Applicable,Not Applicable,268,Not Applicable,0,,
2024-07-20 21:28:00,CNR8969976112,Success,CID595139,Prime Sedan,Bannerghatta Road,Richmond Town,161.0,35.0,Not Applicable,Not Applicable,No,Not Applicable,330,UPI,44,3.3,4.3
2024-07-17 01:16:00,CNR2529337102,Success,CID114770,eBike,HSR Layout,Koramangala,91.0,110.0,Not Applicable,Not Applicable,No,Not Applicable,498,Cash,1,4.6,3.8
2024-07-12 15:44:00,CNR4484214048,Canceled by Driver,CID160658,Prime Sedan,Sarjapur Road,Kammanahalli,,,Not Applicable,More than permitted people in there,Not Applicable,Not Applicable,289,Not Applicable,0,,
2024-07-06 19:38:00,CNR9079963015,Success,CID149618,eBike,Rajajinagar,Ramamurthy Nagar,84.0,45.0,Not Applicable,Not Applicable,No,Not Applicable,161,Cash,2,4.2,4.4
2024-07-12 06:41:00,CNR5698945926,Success,CID707837,Auto,Marathahalli,Sarjapur Road,182.0,40.0,Not Applicable,Not Applicable,No,Not Applicable,205,UPI,2,4.0,4.7
2024-07-28 03:31:00,CNR8078353772,Canceled by Driver,CID774777,Prime SUV,Rajajinagar,HSR Layout,,,Not Applicable,Customer was coughing/sick,Not Applicable,Not Applicable,332,Not Applicable,0,,
2024-07-19 05:36:00,CNR2538645244,Canceled by Driver,CID483381,Mini,RT Nagar,Majestic,,,Not Applicable,More than permitted people in there,Not Applicable,Not Applicable,124,Not Applicable,0,,
2024-07-27 04:27:00,CNR8782306231,Driver Not Found,CID835132,Prime Plus,Frazer Town,Devanahalli,,,Not Applicable,Not Applicable,Not Applicable,Not Applicable,173,Not Applicable,0,,
2024-07-07 14:18:00,CNR4291679042,Canceled by Driver,CID285247,Mini,Ulsoor,HSR Layout,,,Not Applicable,Personal & Car related issue,Not Applicable,Not Applicable,789,Not Applicable,0,,
2024-07-21 03:28:00,CNR4139649360,Success,CID685236,Mini,Peenya,Nagarbhavi,210.0,70.0,Not Applicable,Not Applicable,No,Not Applicable,155,Cash,6,4.4,3.5
2024-07-02 07:51:00,CNR4114691416,Success,CID328638,Prime Plus,Yeshwanthpur,Marathahalli,294.0,120.0,Not Applicable,Not Applicable,No,Not Applicable,336,Cash,8,4.5,3.1
2024-07-26 13:55:00,CNR6548622810,Success,CID937427,Auto,Hennur,Hebbal,217.0,140.0,Not Applicable,Not Applicable,Yes,Customer Demand,2442,Credit Card,6,4.7,4.2
2024-07-09 09:04:00,CNR3981907562,Success,CID745535,Prime Sedan,Magadi Road,Padmanabhanagar,77.0,125.0,Not Applicable,Not Applicable,No,Not Applicable,432,UPI,22,3.4,5.0
2024-07-29 11:54:00,CNR7565651135,Success,CID678180,Auto,Yelahanka,Marathahalli,84.0,100.0,Not Applicable,Not Applicable,No,Not Applicable,436,Cash,7,4.0,3.1
2024-07-02 14:05:00,CNR4777237119,Canceled by Driver,CID231745,Auto,Chamarajpet,Majestic,,,Not Applicable,Customer was coughing/sick,Not Applicable,Not Applicable,912,Not Applicable,0,,
2024-07-06 05:18:00,CNR9665117833,Success,CID142746,Mini,Devanahalli,Sarjapur Road,301.0,25.0,Not Applicable,Not Applicable,No,Not Applicable,545,Cash,10,4.7,4.0
2024-07-03 13:34:00,CNR6837058471,Success,CID289831,Auto,Rajarajeshwari Nagar,Magadi Road,245.0,30.0,Not Applicable,Not Applicable,No,Not Applicable,2201,Cash,4,4.5,3.4
2024-07-11 15:54:00,CNR4297011876,Success,CID883673,Mini,Basavanagudi,Bannerghatta Road,126.0,125.0,Not Applicable,Not Applicable,No,Not Applicable,401,UPI,46,5.0,3.1
2024-07-15 12:45:00,CNR7269774734,Success,CID914328,Bike,Marathahalli,Whitefield,196.0,105.0,Not Applicable,Not Applicable,No,Not Applicable,1793,Cash,8,3.9,4.8
2024-07-21 18:02:00,CNR9982600907,Success,CID358469,Mini,KR Puram,Jayanagar,294.0,145.0,Not Applicable,Not Applicable,No,Not Applicable,1980,UPI,25,3.1,4.8
2024-07-24 15:43:00,CNR7978282686,Success,CID813341,Prime Plus,Sarjapur Road,Hebbal,35.0,95.0,Not Applicable,Not Applicable,No,Not Applicable,474,Cash,7,4.2,3.9
2024-07-30 03:11:00,CNR7491306097,Canceled by Customer,CID117878,Prime Plus,Hulimavu,Shivajinagar,,,Driver asked to cancel,Not Applicable,Not Applicable,Not Applicable,925,Not Applicable,0,,
2024-07-27 00:24:00,CNR5154241177,Success,CID831758,Auto,Majestic,Marathahalli,308.0,110.0,Not Applicable,Not Applicable,No,Not Applicable,465,UPI,3,3.9,3.5
2024-07-13 17:27:00,CNR6681936822,Success,CID294044,Bike,Ramamurthy Nagar,Peenya,294.0,60.0,Not Applicable,Not Applicable,No,Not Applicable,372,UPI,33,5.0,4.4
2024-07-02 02:28:00,CNR4338155696,Success,CID383330,Prime Plus,Basavanagudi,BTM Layout,105.0,120.0,Not Applicable,Not Applicable,No,Not Applicable,102,UPI,48,4.8,4.1
2024-07-21 11:32:00,CNR6971934923,Canceled by Driver,CID234423,Mini,Bannerghatta Road,Whitefield,,,Not Applicable,Customer was coughing/sick,Not Applicable,Not Applicable,720,Not Applicable,0,,
2024-07-13 10:27:00,CNR6783935505,Canceled by Customer,CID993094,Auto,Malleshwaram,Hennur,,,Driver is not moving towards pickup location,Not Applicable,Not Applicable,Not Applicable,146,Not Applicable,0,,
2024-07-01 03:22:00,CNR6973856411,Success,CID250558,Auto,Koramangala,Basavanagudi,42.0,105.0,Not Applicable,Not Applicable,No,Not Applicable,1083,Cash,18,3.5,3.9
2024-07-25 02:38:00,CNR5043833794,Canceled by Driver,CID535189,eBike,Ramamurthy Nagar,Sahakar Nagar,,,Not Applicable,Personal & Car related issue,Not Applicable,Not Applicable,337,Not Applicable,0,,
2024-07-20 22:01:00,CNR4919644304,Success,CID930783,Mini,BTM Layout,Shivajinagar,49.0,95.0,Not Applicable,Not Applicable,No,Not Applicable,472,Cash,47,4.6,4.9
2024-07-23 04:41:00,CNR6507488330,Success,CID929688,Prime SUV,Cox Town,Shivajinagar,308.0,70.0,Not Applicable,Not Applicable,No,Not Applicable,324,Cash,34,3.1,4.2
2024-07-23 12:04:00,CNR5552575946,Canceled by Driver,CID322056,Prime Sedan,Jayanagar,Banashankari,,,Not Applicable,Personal & Car related issue,Not Applicable,Not Applicable,422,Not Applicable,0,,
2024-07-24 06:03:00,CNR7356604711,Canceled by Driver,CID905425,Prime Sedan,Peenya,Bannerghatta Road,,,Not Applicable,Customer was coughing/sick,Not Applicable,Not Applicable,331,Not Applicable,0,,
2024-07-24 12:28:00,CNR4716870966,Success,CID349772,eBike,Hulimavu,Langford Town,112.0,80.0,Not Applicable,Not Applicable,No,Not Applicable,801,Cash,35,4.3,3.8
2024-07-09 02:36:00,CNR2430548654,Canceled by Driver,CID446747,Prime SUV,Bellandur,BTM Layout,,,Not Applicable,Customer related issue,Not Applicable,Not Applicable,452,Not Applicable,0,,
2024-07-29 02:08:00,CNR4960472999,Success,CID225313,Prime SUV,Rajajinagar,Magadi Road,119.0,95.0,Not Applicable,Not Applicable,Yes,Vehicle Breakdown,339,UPI,6,3.1,3.2
2024-07-22 17:22:00,CNR9345301746,Canceled by Customer,CID970726,Auto,Ulsoor,Hebbal,,,Driver asked to cancel,Not Applicable,Not Applicable,Not Applicable,464,Not Applicable,0,,
2024-07-23 10:18:00,CNR3582333558,Canceled by Customer,CID553560,Prime Plus,Padmanabhanagar,Hennur,,,Driver is not moving towards pickup location,Not Applicable,Not Applicable,Not Applicable,274,Not Applicable,0,,
2024-07-16 06:42:00,CNR6193074580,Success,CID402056,Prime Sedan,Jayanagar,MG Road,42.0,110.0,Not Applicable,Not Applicable,No,Not Applicable,491,Cash,12,3.1,4.2
2024-07-26 09:36:00,CNR3616872637,Success,CID186926,Bike,HSR Layout,Yeshwanthpur,280.0,95.0,Not Applicable,Not Applicable,No,Not Applicable,149,UPI,23,3.4,4.0
2024-07-01 02:22:00,CNR6168174707,Success,CID158729,Auto,Kadugodi,Hebbal,63.0,25.0,Not Applicable,Not Applicable,No,Not Applicable,428,UPI,11,3.7,3.0
2024-07-24 03:53:00,CNR3602999498,Canceled by Driver,CID205824,Mini,Langford Town,Banashankari,,,Not Applicable,Personal & Car related issue,Not Applicable,Not Applicable,304,Not Applicable,0,,
2024-07-18 14:25:00,CNR5077749840,Success,CID986466,Prime Sedan,Shantinagar,KR Puram,168.0,85.0,Not Applicable,Not Applicable,No,Not Applicable,436,UPI,30,3.9,4.3
2024-07-27 00:38:00,CNR1129099946,Driver Not Found,CID300546,Prime Sedan,Majestic,Bellandur,,,Not Applicable,Not Applicable,Not Applicable,Not Applicable,740,Not Applicable,0,,
2024-07-13 22:16:00,CNR7438009018,Success,CID413799,Prime SUV,Shivajinagar,Richmond Town,105.0,90.0,Not Applicable,Not Applicable,No,Not Applicable,893,UPI,27,4.6,4.5
2024-07-01 00:31:00,CNR6226903433,Success,CID772093,Prime Sedan,Rajajinagar,Shantinagar,147.0,145.0,Not Applicable,Not Applicable,No,Not Applicable,838,Credit Card,28,3.1,4.4
2024-07-23 17:52:00,CNR8510471984,Success,CID384806,Prime Sedan,Peenya,Tumkur Road,84.0,75.0,Not Applicable,Not Applicable,No,Not Applicable,286,UPI,7,3.3,3.2
2024-07-28 19:12:00,CNR2294501033,Canceled by Driver,CID543255,Mini,Marathahalli,Rajajinagar,,,Not Applicable,Personal & Car related issue,Not Applicable,Not Applicable,402,Not Applicable,0,,
2024-07-15 03:18:00,CNR8784125044,Success,CID964371,eBike,Tumkur Road,Nagarbhavi,49.0,30.0,Not Applicable,Not Applicable,No,Not Applicable,103,UPI,2,4.4,4.1
2024-07-22 10:54:00,CNR4088587253,Canceled by Customer,CID377228,Prime SUV,Magadi Road,Chamarajpet,,,Change of plans,Not Applicable,Not Applicable,Not Applicable,465,Not Applicable,0,,
2024-07-07 19:29:00,CNR5533452043,Success,CID654170,eBike,Kadugodi,Mysore Road,287.0,110.0,Not Applicable,Not Applicable,No,Not Applicable,244,UPI,5,3.4,3.2
2024-07-24 12:56:00,CNR8219425068,Success,CID897099,Prime Sedan,BTM Layout,Bellandur,196.0,125.0,Not Applicable,Not Applicable,No,Not Applicable,310,UPI,36,3.5,4.9
2024-07-12 09:27:00,CNR1667170542,Success,CID755417,Mini,Padmanabhanagar,Hulimavu,161.0,90.0,Not Applicable,Not Applicable,No,Not Applicable,1620,UPI,48,4.2,4.0
2024-07-30 18:49:00,CNR1898266185,Canceled by Driver,CID748928,Prime Sedan,HSR Layout,Hebbal,,,Not Applicable,Personal & Car related issue,Not Applicable,Not Applicable,444,Not Applicable,0,,
2024-07-16 09:32:00,CNR7170092458,Canceled by Driver,CID118038,Mini,Chickpet,Mysore Road,,,Not Applicable,Customer related issue,Not Applicable,Not Applicable,1405,Not Applicable,0,,
2024-07-04 06:15:00,CNR1726556612,Success,CID321741,Prime Plus,Tumkur Road,Sarjapur Road,56.0,55.0,Not Applicable,Not Applicable,No,Not Applicable,223,Cash,32,3.5,3.6
2024-07-20 05:47:00,CNR6021050128,Canceled by Driver,CID302165,Prime SUV,Richmond Town,Hebbal,,,Not Applicable,Personal & Car related issue,Not Applicable,Not Applicable,2452,Not Applicable,0,,
2024-07-29 18:25:00,CNR2021382889,Success,CID973812,Prime SUV,Marathahalli,Chickpet,91.0,85.0,Not Applicable,Not Applicable,No,Not Applicable,1239,Cash,1,4.6,4.4
2024-07-16 16:21:00,CNR1464162803,Success,CID530271,Auto,Whitefield,Peenya,189.0,40.0,Not Applicable,Not Applicable,Yes,Vehicle Breakdown,433,Credit Card,5,3.0,5.0
2024-07-03 00:59:00,CNR4771668705,Driver Not Found,CID636949,Prime Plus,Magadi Road,Langford Town,,,Not Applicable,Not Applicable,Not Applicable,Not Applicable,176,Not Applicable,0,,
2024-07-23 03:41:00,CNR2853445015,Success,CID405416,Prime Plus,Peenya,Chickpet,266.0,75.0,Not Applicable,Not Applicable,No,Not Applicable,450,Cash,15,4.6,3.7
2024-07-10 00:00:00,CNR3684690896,Driver Not Found,CID540696,Prime Sedan,Indiranagar,Frazer Town,,,Not Applicable,Not Applicable,Not Applicable,Not Applicable,303,Not Applicable,0,,
2024-07-15 08:29:00,CNR1592658523,Success,CID751569,Bike,RT Nagar,Shivajinagar,98.0,140.0,Not Applicable,Not Applicable,No,Not Applicable,316,Cash,47,3.0,3.8
2024-07-06 08:36:00,CNR6165346052,Success,CID147129,Prime SUV,Kengeri,Cox Town,266.0,35.0,Not Applicable,Not Applicable,No,Not Applicable,947,Cash,9,3.2,4.6
2024-07-27 02:11:00,CNR2434079845,Success,CID698648,Mini,Whitefield,Nagarbhavi,266.0,105.0,Not Applicable,Not Applicable,No,Not Applicable,463,UPI,28,3.8,4.8
2024-07-24 05:00:00,CNR6020128931,Canceled by Driver,CID221515,Mini,Hebbal,Peenya,,,Not Applicable,More than permitted people in there,Not Applicable,Not Applicable,373,Not Applicable,0,,
2024-07-26 15:39:00,CNR2735996717,Success,CID186657,eBike,Frazer Town,Frazer Town,224.0,115.0,Not Applicable,Not Applicable,No,Not Applicable,1852,Cash,2,4.9,3.8
2024-07-02 14:17:00,CNR7463736631,Success,CID683857,Prime Plus,Rajajinagar,Magadi Road,252.0,50.0,Not Applicable,Not Applicable,No,Not Applicable,2160,Cash,10,5.0,4.3
2024-07-16 10:11:00,CNR9157882343,Canceled by Driver,CID561874,Bike,Bannerghatta Road,Langford Town,,,Not Applicable,Customer related issue,Not Applicable,Not Applicable,100,Not Applicable,0,,
2024-07-26 05:36:00,CNR3238412365,Success,CID920944,Mini,Shantinagar,Kadugodi,56.0,95.0,Not Applicable,Not Applicable,No,Not Applicable,957,Cash,32,4.4,4.3
2024-07-26 18:07:00,CNR7172185481,Success,CID423142,Mini,Bellandur,Whitefield,287.0,110.0,Not Applicable,Not Applicable,No,Not Applicable,254,UPI,22,4.7,3.4
2024-07-24 13:09:00,CNR3414697546,Canceled by Driver,CID645241,Bike,Varthur,Richmond Town,,,Not Applicable,Customer related issue,Not Applicable,Not Applicable,118,Not Applicable,0,,
2024-07-25 02:28:00,CNR6025259183,Success,CID345834,Prime Plus,Electronic City,JP Nagar,294.0,80.0,Not Applicable,Not Applicable,No,Not Applicable,895,Cash,39,3.3,4.6
2024-07-16 15:59:00,CNR3575506968,Canceled by Driver,CID828709,Prime Plus,RT Nagar,Rajajinagar,,,Not Applicable,Customer was coughing/sick,Not Applicable,Not Applicable,629,Not Applicable,0,,
2024-07-09 06:37:00,CNR2139669676,Success,CID105817,Prime SUV,Banashankari,Electronic City,133.0,135.0,Not Applicable,Not Applicable,No,Not Applicable,2271,Cash,45,4.9,3.6
2024-07-15 14:35:00,CNR4797899252,Success,CID434952,Mini,MG Road,Banashankari,133.0,115.0,Not Applicable,Not Applicable,No,Not Applicable,262,Cash,42,4.2,3.3
2024-07-27 06:09:00,CNR5972472875,Success,CID790643,Prime SUV,Electronic City,Magadi Road,140.0,100.0,Not Applicable,Not Applicable,No,Not Applicable,229,UPI,10,4.3,3.6
2024-07-12 21:43:00,CNR9530213002,Success,CID609119,Mini,Banashankari,Jayanagar,203.0,135.0,Not Applicable,Not Applicable,No,Not Applicable,468,Cash,26,4.0,4.4
2024-07-02 18:08:00,CNR3719449282,Success,CID199279,Auto,Indiranagar,Hebbal,154.0,25.0,Not Applicable,Not Applicable,No,Not Applicable,113,UPI,17,3.6,4.4
2024-07-05 11:37:00,CNR4826792039,Success,CID524112,Prime Sedan,Shivajinagar,Kammanahalli,308.0,60.0,Not Applicable,Not Applicable,No,Not Applicable,2452,UPI,25,4.5,3.7
2024-07-19 00:38:00,CNR5649221224,Success,CID585829,Prime Sedan,BTM Layout,Ramamurthy Nagar,287.0,95.0,Not Applicable,Not Applicable,No,Not Applicable,377,Cash,36,3.0,4.8
2024-07-30 09:30:00,CNR1866024532,Canceled by Driver,CID609020,Auto,Marathahalli,Vijayanagar,,,Not Applicable,Customer was coughing/sick,Not Applicable,Not Applicable,1124,Not Applicable,0,,
2024-07-22 23:58:00,CNR6861809030,Canceled by Driver,CID750335,eBike,Marathahalli,Hulimavu,,,Not Applicable,More than permitted people in there,Not Applicable,Not Applicable,639,Not Applicable,0,,
2024-07-28 00:02:00,CNR1968638414,Success,CID552438,Prime Plus,Devanahalli,Ulsoor,63.0,125.0,Not Applicable,Not Applicable,No,Not Applicable,440,Cash,17,4.4,3.9
2024-07-09 12:14:00,CNR4450776745,Success,CID588921,Mini,Hosur Road,Indiranagar,168.0,30.0,Not Applicable,Not Applicable,No,Not Applicable,361,Cash,15,3.9,4.5
2024-07-23 08:55:00,CNR6908941750,Canceled by Driver,CID754748,Bike,Hosur Road,Shantinagar,,,Not Applicable,Personal & Car related issue,Not Applicable,Not Applicable,184,Not Applicable,0,,
2024-07-12 03:09:00,CNR3005805333,Canceled by Customer,CID351548,Prime Plus,Whitefield,Marathahalli,,,Driver asked to cancel,Not Applicable,Not Applicable,Not Applicable,135,Not Applicable,0,,
2024-07-14 07:36:00,CNR6476287782,Success,CID156437,Mini,BTM Layout,Jayanagar,252.0,85.0,Not Applicable,Not Applicable,No,Not Applicable,882,UPI,19,4.0,4.5
2024-07-03 23:20:00,CNR6831185603,Canceled by Customer,CID949236,Prime SUV,Rajajinagar,Chamarajpet,,,Wrong Address,Not Applicable,Not Applicable,Not Applicable,995,Not Applicable,0,,
2024-07-28 13:22:00,CNR6284479246,Success,CID533568,Mini,JP Nagar,KR Puram,119.0,65.0,Not Applicable,Not Applicable,No,Not Applicable,621,Cash,5,4.4,4.1
2024-07-21 06:08:00,CNR6270198362,Success,CID994424,Auto,Majestic,Marathahalli,238.0,130.0,Not Applicable,Not Applicable,No,Not Applicable,246,Cash,4,3.7,3.5
2024-07-14 01:14:00,CNR3239184444,Success,CID179441,Auto,RT Nagar,Magadi Road,301.0,120.0,Not Applicable,Not Applicable,No,Not Applicable,2570,Cash,17,3.7,4.6
2024-07-14 02:56:00,CNR9413420174,Success,CID401934,eBike,Shantinagar,Banashankari,217.0,105.0,Not Applicable,Not Applicable,No,Not Applicable,101,Cash,29,4.9,3.2
2024-07-14 22:19:00,CNR4406927678,Canceled by Driver,CID332370,Mini,Jayanagar,Bellandur,,,Not Applicable,Customer was coughing/sick,Not Applicable,Not Applicable,546,Not Applicable,0,,
2024-07-20 07:17:00,CNR1267984719,Canceled by Driver,CID721851,eBike,Sahakar Nagar,Koramangala,,,Not Applicable,Customer related issue,Not Applicable,Not Applicable,531,Not Applicable,0,,
2024-07-10 08:19:00,CNR2340276432,Canceled by Customer,CID332177,eBike,Padmanabhanagar,HSR Layout,,,Change of plans,Not Applicable,Not Applicable,Not Applicable,719,Not Applicable,0,,
2024-07-14 18:38:00,CNR7922489037,Success,CID264680,Prime Sedan,Sahakar Nagar,Padmanabhanagar,217.0,50.0,Not Applicable,Not Applicable,No,Not Applicable,232,Cash,23,3.5,4.6
2024-07-08 13:24:00,CNR3489361974,Success,CID575522,Auto,Yelahanka,Frazer Town,280.0,135.0,Not Applicable,Not Applicable,No,Not Applicable,1051,Cash,11,4.6,4.1
2024-07-04 07:16:00,CNR6773675164,Canceled by Driver,CID400602,Prime SUV,Langford Town,Yelahanka,,,Not Applicable,Personal & Car related issue,Not Applicable,Not Applicable,440,Not Applicable,0,,
2024-07-02 16:30:00,CNR6715392641,Success,CID446985,Prime Plus,Mysore Road,HSR Layout,224.0,80.0,Not Applicable,Not Applicable,No,Not Applicable,254,Cash,30,3.4,4.4
2024-07-12 00:30:00,CNR5479486933,Success,CID199986,Bike,Ulsoor,Jayanagar,126.0,135.0,Not Applicable,Not Applicable,No,Not Applicable,304,Cash,33,3.0,3.0
2024-07-05 20:31:00,CNR3466136344,Driver Not Found,CID928082,Bike,Kadugodi,Hosur Road,,,Not Applicable,Not Applicable,Not Applicable,Not Applicable,742,Not Applicable,0,,
2024-07-26 09:17:00,CNR5315720255,Success,CID470718,Auto,Richmond Town,Banashankari,175.0,30.0,Not Applicable,Not Applicable,No,Not Applicable,366,Cash,5,3.1,4.4
2024-07-04 21:54:00,CNR4005277213,Driver Not Found,CID291992,Mini,Langford Town,Kadugodi,,,Not Applicable,Not Applicable,Not Applicable,Not Applicable,123,Not Applicable,0,,
2024-07-29 10:35:00,CNR8954926595,Driver Not Found,CID650721,Mini,JP Nagar,KR Puram,,,Not Applicable,Not Applicable,Not Applicable,Not Applicable,817,Not Applicable,0,,
2024-07-30 20:26:00,CNR7127466558,Success,CID154441,Mini,Cox Town,Hennur,231.0,130.0,Not Applicable,Not Applicable,No,Not Applicable,119,UPI,37,3.4,4.9
2024-07-11 03:36:00,CNR2127332909,Success,CID978812,Prime Sedan,Sahakar Nagar,Nagarbhavi,245.0,70.0,Not Applicable,Not Applicable,Yes,Customer Demand,617,Cash,24,3.3,3.1
2024-07-22 21:40:00,CNR6467888457,Success,CID963916,Prime SUV,Kengeri,Whitefield,147.0,75.0,Not Applicable,Not Applicable,No,Not Applicable,372,UPI,6,4.8,4.4
2024-07-26 05:27:00,CNR1063600692,Success,CID334699,Prime SUV,Rajarajeshwari Nagar,RT Nagar,280.0,35.0,Not Applicable,Not Applicable,No,Not Applicable,139,Cash,29,4.8,3.2
2024-07-07 09:43:00,CNR4358456950,Canceled by Driver,CID326804,Prime Sedan,Padmanabhanagar,Rajajinagar,,,Not Applicable,Customer related issue,Not Applicable,Not Applicable,342,Not Applicable,0,,
2024-07-14 01:13:00,CNR9702939385,Canceled by Driver,CID373840,Bike,Vijayanagar,Mysore Road,,,Not Applicable,Customer was coughing/sick,Not Applicable,Not Applicable,209,Not Applicable,0,,
2024-07-17 05:59:00,CNR7099602511,Driver Not Found,CID368356,eBike,Kadugodi,Varthur,,,Not Applicable,Not Applicable,Not Applicable,Not Applicable,624,Not Applicable,0,,
2024-07-26 06:50:00,CNR3376837935,Success,CID453406,Mini,Rajajinagar,Cox Town,126.0,60.0,Not Applicable,Not Applicable,No,Not Applicable,308,UPI,16,4.5,3.7
2024-07-28 22:05:00,CNR2540178307,Canceled by Customer,CID173537,Prime SUV,Kengeri,Rajajinagar,,,AC is Not working,Not Applicable,Not Applicable,Not Applicable,701,Not Applicable,0,,
2024-07-12 13:12:00,CNR2560727504,Driver Not Found,CID985083,Bike,Bellandur,Chamarajpet,,,Not Applicable,Not Applicable,Not Applicable,Not Applicable,232,Not Applicable,0,,
2024-07-24 19:32:00,CNR1881512199,Driver Not Found,CID360836,Auto,Marathahalli,Langford Town,,,Not Applicable,Not Applicable,Not Applicable,Not Applicable,428,Not Applicable,0,,
2024-07-05 07:52:00,CNR8303809628,Success,CID485767,Mini,BTM Layout,Frazer Town,231.0,45.0,Not Applicable,Not Applicable,No,Not Applicable,271,Cash,49,4.8,3.5
2024-07-24 14:40:00,CNR8926543047,Canceled by Driver,CID210381,Prime Plus,Hebbal,Bannerghatta Road,,,Not Applicable,Personal & Car related issue,Not Applicable,Not Applicable,347,Not Applicable,0,,
2024-07-01 07:49:00,CNR4201944259,Success,CID599696,Auto,Peenya,Chamarajpet,126.0,125.0,Not Applicable,Not Applicable,No,Not Applicable,676,Cash,15,3.2,3.5
2024-07-05 22:23:00,CNR6591722255,Success,CID451140,Prime Sedan,Vijayanagar,Ulsoor,126.0,80.0,Not Applicable,Not Applicable,No,Not Applicable,395,UPI,20,3.4,3.0
2024-07-14 09:03:00,CNR5361447586,Success,CID375768,Auto,Whitefield,Chickpet,175.0,120.0,Not Applicable,Not Applicable,No,Not Applicable,140,UPI,14,3.9,3.1
2024-07-29 09:33:00,CNR3086355914,Success,CID266088,Prime SUV,Malleshwaram,Kadugodi,140.0,115.0,Not Applicable,Not Applicable,No,Not Applicable,342,Cash,33,4.8,4.2
2024-07-03 16:42:00,CNR7126390338,Canceled by Driver,CID480865,Prime SUV,Bellandur,JP Nagar,,,Not Applicable,Customer related issue,Not Applicable,Not Applicable,495,Not Applicable,0,,
2024-07-27 00:45:00,CNR4440252456,Success,CID715795,Prime Sedan,JP Nagar,Vijayanagar,70.0,75.0,Not Applicable,Not Applicable,No,Not Applicable,291,Cash,10,4.9,4.6
2024-07-09 14:47:00,CNR1252873770,Success,CID667300,Prime Plus,Magadi Road,Sarjapur Road,287.0,30.0,Not Applicable,Not Applicable,Yes,Customer Demand,318,Cash,39,3.1,4.8
2024-07-03 22:44:00,CNR8232834919,Driver Not Found,CID595495,Prime SUV,Sarjapur Road,Magadi Road,,,Not Applicable,Not Applicable,Not Applicable,Not Applicable,477,Not Applicable,0,,
2024-07-09 17:15:00,CNR1826836741,Success,CID387451,Bike,Whitefield,Jayanagar,154.0,75.0,Not Applicable,Not Applicable,No,Not Applicable,369,Cash,40,3.3,3.6
2024-07-13 19:20:00,CNR2900347309,Canceled by Customer,CID352615,Bike,Majestic,Ramamurthy Nagar,,,Driver is not moving towards pickup location,Not Applicable,Not Applicable,Not Applicable,771,Not Applicable,0,,
2024-07-26 05:42:00,CNR7111426328,Success,CID866064,eBike,Kengeri,JP Nagar,217.0,125.0,Not Applicable,Not Applicable,No,Not Applicable,133,Cash,32,3.9,3.6
2024-07-23 21:38:00,CNR6956334213,Success,CID134609,eBike,Basavanagudi,Whitefield,224.0,90.0,Not Applicable,Not Applicable,No,Not Applicable,393,Credit Card,44,4.9,4.8
2024-07-13 07:51:00,CNR9698997297,Success,CID943412,eBike,Majestic,Cox Town,84.0,75.0,Not Applicable,Not Applicable,No,Not Applicable,130,UPI,49,4.5,3.8
2024-07-27 10:13:00,CNR8679016949,Success,CID785023,Prime Plus,HSR Layout,Jayanagar,161.0,95.0,Not Applicable,Not Applicable,No,Not Applicable,336,Cash,32,4.5,4.2
2024-07-04 21:19:00,CNR3022228056,Success,CID511632,Prime SUV,BTM Layout,Vijayanagar,259.0,125.0,Not Applicable,Not Applicable,No,Not Applicable,200,UPI,35,4.8,4.4
2024-07-10 03:55:00,CNR8849149123,Success,CID976968,eBike,Hebbal,Indiranagar,63.0,35.0,Not Applicable,Not Applicable,No,Not Applicable,145,Cash,27,4.3,3.8
2024-07-20 13:13:00,CNR6944011189,Success,CID389121,eBike,Koramangala,Majestic,196.0,45.0,Not Applicable,Not Applicable,No,Not Applicable,2765,UPI,40,4.1,4.9
2024-07-02 20:32:00,CNR4330116801,Canceled by Driver,CID173145,Prime Sedan,Ramamurthy Nagar,Vijayanagar,,,Not Applicable,Customer related issue,Not Applicable,Not Applicable,947,Not Applicable,0,,
2024-07-19 11:31:00,CNR6853693375,Success,CID379007,Prime Sedan,Hosur Road,Frazer Town,175.0,95.0,Not Applicable,Not Applicable,No,Not Applicable,482,Cash,49,4.6,4.1
2024-07-06 16:26:00,CNR4225200046,Success,CID638380,Bike,Sahakar Nagar,Langford Town,161.0,75.0,Not Applicable,Not Applicable,No,Not Applicable,950,Cash,34,3.3,4.5
2024-07-14 01:04:00,CNR5700716261,Canceled by Driver,CID568450,Prime Plus,Koramangala,Tumkur Road,,,Not Applicable,More than permitted people in there,Not Applicable,Not Applicable,489,Not Applicable,0,,
2024-07-30 23:56:00,CNR2486030523,Success,CID576319,Mini,Mysore Road,Peenya,91.0,55.0,Not Applicable,Not Applicable,No,Not Applicable,479,UPI,3,3.0,3.0
2024-07-02 06:51:00,CNR4938080946,Canceled by Customer,CID718820,Prime Plus,Kengeri,Banashankari,,,Driver is not moving towards pickup location,Not Applicable,Not Applicable,Not Applicable,325,Not Applicable,0,,
2024-07-29 22:12:00,CNR4738658566,Success,CID100819,Auto,Malleshwaram,Shantinagar,105.0,120.0,Not Applicable,Not Applicable,No,Not Applicable,880,Cash,14,3.3,3.9
2024-07-13 11:46:00,CNR1102687537,Success,CID777062,Prime Plus,Nagarbhavi,Sarjapur Road,119.0,60.0,Not Applicable,Not Applicable,No,Not Applicable,327,Cash,33,3.3,4.7
2024-07-23 03:43:00,CNR6984396307,Success,CID670108,eBike,Kadugodi,MG Road,35.0,65.0,Not Applicable,Not Applicable,No,Not Applicable,559,Cash,48,4.9,3.3
2024-07-26 15:30:00,CNR3587684413,Canceled by Customer,CID529827,Prime Plus,Hennur,Rajajinagar,,,Driver is not moving towards pickup location,Not Applicable,Not Applicable,Not Applicable,487,Not Applicable,0,,
2024-07-10 04:10:00,CNR2013640173,Success,CID865396,Auto,Tumkur Road,HSR Layout,231.0,30.0,Not Applicable,Not Applicable,No,Not Applicable,179,Cash,4,4.7,4.5
2024-07-04 16:06:00,CNR3485711627,Driver Not Found,CID423713,Prime Sedan,Mysore Road,RT Nagar,,,Not Applicable,Not Applicable,Not Applicable,Not Applicable,362,Not Applicable,0,,
2024-07-08 06:19:00,CNR4687001999,Canceled by Customer,CID870723,Mini,KR Puram,Majestic,,,Driver is not moving towards pickup location,Not Applicable,Not Applicable,Not Applicable,390,Not Applicable,0,,
2024-07-09 05:28:00,CNR9676726455,Success,CID668507,Bike,Frazer Town,Whitefield,301.0,45.0,Not Applicable,Not Applicable,No,Not Applicable,732,UPI,22,3.1,3.1
2024-07-04 23:00:00,CNR8596902443,Success,CID376329,Prime SUV,Kadugodi,Kadugodi,294.0,120.0,Not Applicable,Not Applicable,No,Not Applicable,159,Credit Card,32,4.8,4.2
2024-07-04 13:06:00,CNR4395928325,Success,CID612028,Mini,Marathahalli,Shivajinagar,175.0,100.0,Not Applicable,Not Applicable,No,Not Applicable,2525,Cash,21,3.2,3.2
2024-07-30 22:32:00,CNR2287605482,Success,CID488332,Auto,Kengeri,BTM Layout,301.0,45.0,Not Applicable,Not Applicable,No,Not Applicable,1698,UPI,19,4.1,4.6
2024-07-23 00:14:00,CNR5384564152,Canceled by Customer,CID362614,eBike,Nagarbhavi,Bannerghatta Road,,,Driver is not moving towards pickup location,Not Applicable,Not Applicable,Not Applicable,448,Not Applicable,0,,
2024-07-07 23:04:00,CNR1460788085,Driver Not Found,CID933185,Prime Plus,Marathahalli,Langford Town,,,Not Applicable,Not Applicable,Not Applicable,Not Applicable,362,Not Applicable,0,,
2024-07-04 08:25:00,CNR4035285604,Success,CID846763,Bike,Kammanahalli,Yeshwanthpur,168.0,85.0,Not Applicable,Not Applicable,No,Not Applicable,271,Cash,27,3.9,4.4
2024-07-16 22:14:00,CNR9039810858,Canceled by Driver,CID451609,Auto,Sarjapur Road,JP Nagar,,,Not Applicable,Personal & Car related issue,Not Applicable,Not Applicable,374,Not Applicable,0,,
2024-07-04 17:00:00,CNR6547393561,Success,CID383009,Prime Plus,Langford Town,Cox Town,231.0,135.0,Not Applicable,Not Applicable,No,Not Applicable,414,Cash,47,3.7,4.4
2024-07-08 16:19:00,CNR7410011964,Canceled by Customer,CID461379,Prime Plus,KR Puram,Sarjapur Road,,,Wrong Address,Not Applicable,Not Applicable,Not Applicable,286,Not Applicable,0,,
2024-07-10 01:16:00,CNR6251287852,Success,CID528908,Auto,Mysore Road,Yelahanka,301.0,115.0,Not Applicable,Not Applicable,No,Not Applicable,445,UPI,17,3.2,3.4
2024-07-07 03:26:00,CNR6641877340,Success,CID106185,Prime SUV,Cox Town,MG Road,119.0,55.0,Not Applicable,Not Applicable,No,Not Applicable,135,Cash,14,4.3,3.4
2024-07-10 18:31:00,CNR1572020568,Canceled by Customer,CID171170,Prime Plus,Yelahanka,JP Nagar,,,Driver asked to cancel,Not Applicable,Not Applicable,Not Applicable,119,Not Applicable,0,,
2024-07-29 11:20:00,CNR8903581672,Canceled by Customer,CID313831,eBike,Hosur Road,Hebbal,,,Driver asked to cancel,Not Applicable,Not Applicable,Not Applicable,183,Not Applicable,0,,
2024-07-02 21:42:00,CNR5727094955,Success,CID852484,eBike,BTM Layout,Yelahanka,196.0,125.0,Not Applicable,Not Applicable,Yes,Vehicle Breakdown,639,Cash,1,4.6,4.4
2024-07-29 12:21:00,CNR8114463821,Success,CID529478,Mini,Tumkur Road,Jayanagar,35.0,60.0,Not Applicable,Not Applicable,No,Not Applicable,409,Credit Card,21,3.5,4.2
2024-07-01 12:28:00,CNR8428314699,Success,CID910703,eBike,Indiranagar,Jayanagar,154.0,35.0,Not Applicable,Not Applicable,No,Not Applicable,111,Cash,40,4.0,3.3
2024-07-15 03:59:00,CNR7036464649,Canceled by Driver,CID227024,Auto,Nagarbhavi,JP Nagar,,,Not Applicable,Customer was coughing/sick,Not Applicable,Not Applicable,318,Not Applicable,0,,
2024-07-07 17:35:00,CNR1719002098,Canceled by Driver,CID304063,Prime Sedan,Yeshwanthpur,Sarjapur Road,,,Not Applicable,More than permitted people in there,Not Applicable,Not Applicable,201,Not Applicable,0,,
2024-07-19 18:14:00,CNR2181108111,Success,CID751749,Prime Sedan,Vijayanagar,Electronic City,266.0,135.0,Not Applicable,Not Applicable,No,Not Applicable,1376,UPI,41,4.1,5.0
2024-07-13 23:50:00,CNR7717683543,Canceled by Customer,CID753211,Prime Plus,Majestic,Bellandur,,,AC is Not working,Not Applicable,Not Applicable,Not Applicable,302,Not Applicable,0,,
2024-07-28 20:22:00,CNR7636628128,Canceled by Driver,CID508089,Prime SUV,Basavanagudi,Langford Town,,,Not Applicable,Personal & Car related issue,Not Applicable,Not Applicable,594,Not Applicable,0,,
2024-07-19 02:11:00,CNR6088561905,Driver Not Found,CID497997,Prime SUV,Padmanabhanagar,Padmanabhanagar,,,Not Applicable,Not Applicable,Not Applicable,Not Applicable,204,Not Applicable,0,,
2024-07-30 16:24:00,CNR4069626428,Canceled by Driver,CID732484,Prime SUV,Sahakar Nagar,Yelahanka,,,Not Applicable,Customer related issue,Not Applicable,Not Applicable,377,Not Applicable,0,,
2024-07-13 00:18:00,CNR8850993128,Canceled by Driver,CID428830,Mini,KR Puram,Shivajinagar,,,Not Applicable,Personal & Car related issue,Not Applicable,Not Applicable,590,Not Applicable,0,,
2024-07-14 12:07:00,CNR2346938195,Canceled by Driver,CID683085,Prime Sedan,Langford Town,Devanahalli,,,Not Applicable,Customer was coughing/sick,Not Applicable,Not Applicable,126,Not Applicable,0,,
2024-07-08 12:25:00,CNR7532355983,Success,CID920204,Auto,Jayanagar,Chickpet,245.0,145.0,Not Applicable,Not Applicable,No,Not Applicable,300,Cash,19,4.2,3.6
2024-07-28 16:56:00,CNR6472314306,Canceled by Customer,CID222356,Prime Sedan,Magadi Road,Bannerghatta Road,,,Driver is not moving towards pickup location,Not Applicable,Not Applicable,Not Applicable,399,Not Applicable,0,,
2024-07-03 07:47:00,CNR5835504412,Success,CID123097,Bike,Devanahalli,Mysore Road,231.0,90.0,Not Applicable,Not Applicable,No,Not Applicable,221,Cash,9,5.0,3.0
2024-07-16 06:38:00,CNR9844572651,Success,CID970303,Prime Sedan,KR Puram,Basavanagudi,161.0,70.0,Not Applicable,Not Applicable,Yes,Customer Demand,791,Cash,24,3.4,4.7
2024-07-26 17:53:00,CNR1673382958,Success,CID756216,Prime Sedan,Kadugodi,Ramamurthy Nagar,70.0,45.0,Not Applicable,Not Applicable,No,Not Applicable,564,UPI,18,4.3,4.2
2024-07-20 05:13:00,CNR9029023661,Canceled by Driver,CID711466,Prime Sedan,Chickpet,BTM Layout,,,Not Applicable,Personal & Car related issue,Not Applicable,Not Applicable,1881,Not Applicable,0,,
2024-07-29 01:29:00,CNR4163745935,Success,CID997722,Mini,Shantinagar,Kengeri,35.0,115.0,Not Applicable,Not Applicable,No,Not Applicable,752,Cash,43,3.8,3.8
2024-07-22 06:51:00,CNR1126146105,Success,CID791822,Mini,Chickpet,Magadi Road,252.0,65.0,Not Applicable,Not Applicable,No,Not Applicable,142,Credit Card,38,4.9,4.6
2024-07-04 08:08:00,CNR2457288820,Driver Not Found,CID216564,Prime SUV,Ramamurthy Nagar,Peenya,,,Not Applicable,Not Applicable,Not Applicable,Not Applicable,604,Not Applicable,0,,
2024-07-01 04:27:00,CNR7895473550,Success,CID189017,Auto,Banashankari,Devanahalli,161.0,45.0,Not Applicable,Not Applicable,No,Not Applicable,2437,Cash,9,3.5,4.5
2024-07-30 06:36:00,CNR7467556874,Canceled by Driver,CID684201,Auto,Mysore Road,Magadi Road,,,Not Applicable,Personal & Car related issue,Not Applicable,Not Applicable,236,Not Applicable,0,,
2024-07-09 07:33:00,CNR8842368496,Success,CID920226,Mini,Tumkur Road,Chamarajpet,35.0,120.0,Not Applicable,Not Applicable,No,Not Applicable,464,UPI,47,3.6,3.1
2024-07-21 10:15:00,CNR8738527840,Success,CID795838,Auto,Kammanahalli,Nagarbhavi,301.0,25.0,Not Applicable,Not Applicable,No,Not Applicable,156,UPI,17,4.3,3.3
2024-07-10 11:03:00,CNR2882657730,Success,CID577542,Auto,Yeshwanthpur,Hulimavu,161.0,90.0,Not Applicable,Not Applicable,No,Not Applicable,1971,Cash,4,3.3,3.9
2024-07-01 08:08:00,CNR9655949138,Success,CID713580,Prime SUV,Chamarajpet,Rajarajeshwari Nagar,119.0,50.0,Not Applicable,Not Applicable,No,Not Applicable,277,Cash,33,4.9,4.8
2024-07-23 03:29:00,CNR1412643954,Canceled by Driver,CID874138,Auto,Richmond Town,Sahakar Nagar,,,Not Applicable,Customer related issue,Not Applicable,Not Applicable,548,Not Applicable,0,,
2024-07-04 04:44:00,CNR8809711985,Driver Not Found,CID718913,Bike,Jayanagar,Chickpet,,,Not Applicable,Not Applicable,Not Applicable,Not Applicable,101,Not Applicable,0,,
2024-07-14 06:33:00,CNR3874460039,Driver Not Found,CID779433,eBike,Indiranagar,Chickpet,,,Not Applicable,Not Applicable,Not Applicable,Not Applicable,2831,Not Applicable,0,,
2024-07-17 12:35:00,CNR8530611253,Canceled by Driver,CID152771,Prime SUV,Sahakar Nagar,Tumkur Road,,,Not Applicable,More than permitted people in there,Not Applicable,Not Applicable,452,Not Applicable,0,,
2024-07-21 16:38:00,CNR4046097313,Success,CID945136,Mini,Bannerghatta Road,HSR Layout,119.0,30.0,Not Applicable,Not Applicable,No,Not Applicable,451,Cash,27,3.0,4.9
2024-07-26 08:35:00,CNR2883358528,Success,CID290767,Prime Sedan,Bellandur,Padmanabhanagar,42.0,55.0,Not Applicable,Not Applicable,No,Not Applicable,143,Cash,18,4.3,3.4
2024-07-25 14:46:00,CNR7334380779,Success,CID902289,Prime Sedan,Rajarajeshwari Nagar,RT Nagar,266.0,65.0,Not Applicable,Not Applicable,No,Not Applicable,151,Cash,44,3.0,4.1
2024-07-03 12:00:00,CNR6730824144,Success,CID783632,Auto,Padmanabhanagar,Chamarajpet,196.0,120.0,Not Applicable,Not Applicable,No,Not Applicable,403,Cash,12,3.2,4.2
2024-07-30 17:30:00,CNR4035915367,Success,CID871447,Auto,Chickpet,Yeshwanthpur,105.0,110.0,Not Applicable,Not Applicable,No,Not Applicable,201,UPI,7,4.7,4.6
2024-07-01 21:22:00,CNR8635899563,Success,CID805375,eBike,Kadugodi,Kengeri,91.0,85.0,Not Applicable,Not Applicable,No,Not Applicable,166,Cash,41,3.9,3.1
2024-07-04 17:56:00,CNR9935632869,Success,CID935230,Bike,KR Puram,MG Road,203.0,65.0,Not Applicable,Not Applicable,No,Not Applicable,802,Cash,24,3.2,4.5
2024-07-21 17:25:00,CNR9251572796,Success,CID266917,eBike,Majestic,Shivajinagar,259.0,40.0,Not Applicable,Not Applicable,No,Not Applicable,366,Cash,25,5.0,4.7
2024-07-19 22:30:00,CNR9362412406,Success,CID799157,Prime Plus,HSR Layout,MG Road,168.0,75.0,Not Applicable,Not Applicable,No,Not Applicable,312,UPI,18,3.8,3.7
2024-07-09 18:30:00,CNR4003596787,Success,CID803686,Prime Plus,Kadugodi,Rajarajeshwari Nagar,42.0,55.0,Not Applicable,Not Applicable,No,Not Applicable,141,UPI,18,4.6,3.1
2024-07-12 14:33:00,CNR9112193983,Canceled by Driver,CID318994,Bike,Rajajinagar,Sahakar Nagar,,,Not Applicable,Customer related issue,Not Applicable,Not Applicable,135,Not Applicable,0,,
2024-07-30 01:26:00,CNR1409700719,Success,CID845928,Bike,JP Nagar,Electronic City,119.0,140.0,Not Applicable,Not Applicable,No,Not Applicable,276,UPI,14,4.4,3.4
2024-07-02 22:05:00,CNR9862441538,Success,CID547946,Auto,Chickpet,Chickpet,98.0,70.0,Not Applicable,Not Applicable,No,Not Applicable,679,Cash,12,3.2,4.9
2024-07-08 13:58:00,CNR7335813050,Canceled by Driver,CID689574,eBike,Bellandur,Marathahalli,,,Not Applicable,Customer was coughing/sick,Not Applicable,Not Applicable,780,Not Applicable,0,,
2024-07-20 16:43:00,CNR5878498830,Success,CID949112,Auto,BTM Layout,MG Road,133.0,90.0,Not Applicable,Not Applicable,No,Not Applicable,965,Credit Card,11,3.9,4.1
2024-07-21 15:16:00,CNR8125332871,Success,CID238148,Prime SUV,Rajajinagar,Langford Town,56.0,50.0,Not Applicable,Not Applicable,No,Not Applicable,607,UPI,19,4.7,4.9
2024-07-12 07:56:00,CNR2079717866,Success,CID194755,Prime Plus,Ulsoor,Langford Town,175.0,115.0,Not Applicable,Not Applicable,No,Not Applicable,467,Cash,4,4.7,3.9
2024-07-08 08:08:00,CNR3525215368,Canceled by Driver,CID890555,Auto,Tumkur Road,Whitefield,,,Not Applicable,Personal & Car related issue,Not Applicable,Not Applicable,893,Not Applicable,0,,
2024-07-14 00:50:00,CNR3076034041,Success,CID311256,Prime Sedan,HSR Layout,Yelahanka,189.0,60.0,Not Applicable,Not Applicable,No,Not Applicable,147,Cash,26,4.0,3.3
2024-07-27 08:09:00,CNR3112469430,Driver Not Found,CID723637,eBike,Mysore Road,Hosur Road,,,Not Applicable,Not Applicable,Not Applicable,Not Applicable,279,Not Applicable,0,,
2024-07-12 11:01:00,CNR8040204249,Canceled by Driver,CID467248,Prime Plus,KR Puram,Chickpet,,,Not Applicable,More than permitted people in there,Not Applicable,Not Applicable,935,Not Applicable,0,,
2024-07-21 22:50:00,CNR3281323219,Success,CID647413,Mini,Richmond Town,Richmond Town,301.0,130.0,Not Applicable,Not Applicable,Yes,Vehicle Breakdown,405,Cash,39,3.3,3.0
2024-07-13 22:20:00,CNR1018828411,Canceled by Driver,CID468451,Auto,Yelahanka,Shantinagar,,,Not Applicable,Personal & Car related issue,Not Applicable,Not Applicable,146,Not Applicable,0,,
2024-07-28 02:11:00,CNR3850146813,Success,CID773611,Auto,Rajajinagar,Hebbal,175.0,75.0,Not Applicable,Not Applicable,No,Not Applicable,945,Cash,18,4.7,3.0
2024-07-19 02:28:00,CNR9335658185,Success,CID324112,Prime SUV,Chamarajpet,Whitefield,119.0,90.0,Not Applicable,Not Applicable,No,Not Applicable,805,UPI,12,3.6,4.5
2024-07-13 09:45:00,CNR8737433836,Success,CID224080,Prime SUV,Shivajinagar,Yelahanka,70.0,115.0,Not Applicable,Not Applicable,No,Not Applicable,401,UPI,7,3.4,4.1
2024-07-24 17:29:00,CNR5198262944,Success,CID720844,Prime Sedan,Koramangala,MG Road,133.0,85.0,Not Applicable,Not Applicable,No,Not Applicable,663,Cash,17,4.3,4.8
2024-07-11 23:23:00,CNR2484328169,Success,CID211952,Auto,Frazer Town,KR Puram,154.0,70.0,Not Applicable,Not Applicable,No,Not Applicable,456,Cash,16,4.2,4.6
2024-07-19 16:08:00,CNR4700601635,Success,CID740303,Prime Sedan,Padmanabhanagar,Shivajinagar,147.0,70.0,Not Applicable,Not Applicable,Yes,Vehicle Breakdown,134,Cash,40,3.8,4.0
2024-07-10 16:54:00,CNR7808214322,Success,CID773898,Mini,Rajajinagar,Shivajinagar,98.0,140.0,Not Applicable,Not Applicable,No,Not Applicable,270,Cash,9,3.8,4.8
2024-07-18 01:19:00,CNR4213217544,Success,CID747972,Mini,Ramamurthy Nagar,Nagarbhavi,273.0,135.0,Not Applicable,Not Applicable,No,Not Applicable,927,UPI,46,4.0,4.7
2024-07-12 16:14:00,CNR8725798394,Success,CID351929,Prime Sedan,Banashankari,Jayanagar,112.0,80.0,Not Applicable,Not Applicable,No,Not Applicable,104,Cash,22,3.7,4.9
2024-07-06 09:59:00,CNR8521317184,Success,CID129122,eBike,Padmanabhanagar,HSR Layout,280.0,30.0,Not Applicable,Not Applicable,No,Not Applicable,417,Credit Card,45,3.8,3.0
2024-07-24 13:19:00,CNR5048424672,Success,CID158077,Auto,BTM Layout,Rajarajeshwari Nagar,266.0,135.0,Not Applicable,Not Applicable,No,Not Applicable,356,Cash,15,3.3,3.4
2024-07-27 00:19:00,CNR1127358672,Success,CID603192,Prime Sedan,Hosur Road,Devanahalli,189.0,80.0,Not Applicable,Not Applicable,No,Not Applicable,202,UPI,48,3.9,4.4
2024-07-18 05:11:00,CNR3634816545,Canceled by Driver,CID487159,Prime Plus,Rajajinagar,Hulimavu,,,Not Applicable,More than permitted people in there,Not Applicable,Not Applicable,407,Not Applicable,0,,
2024-07-09 14:49:00,CNR1617593097,Success,CID751983,Auto,MG Road,Banashankari,42.0,115.0,Not Applicable,Not Applicable,No,Not Applicable,2817,Cash,6,4.5,4.3
2024-07-17 15:18:00,CNR2701242097,Canceled by Customer,CID466894,Prime Sedan,Kammanahalli,Vijayanagar,,,AC is Not working,Not Applicable,Not Applicable,Not Applicable,401,Not Applicable,0,,
2024-07-11 21:06:00,CNR6002326523,Canceled by Driver,CID761458,Mini,Shantinagar,Malleshwaram,,,Not Applicable,Customer related issue,Not Applicable,Not Applicable,782,Not Applicable,0,,
2024-07-09 04:29:00,CNR1000762202,Driver Not Found,CID416944,Prime SUV,Ramamurthy Nagar,Hulimavu,,,Not Applicable,Not Applicable,Not Applicable,Not Applicable,452,Not Applicable,0,,
2024-07-09 22:22:00,CNR5935313571,Success,CID797947,Bike,Electronic City,Jayanagar,273.0,135.0,Not Applicable,Not Applicable,No,Not Applicable,309,UPI,48,4.0,4.2
2024-07-27 07:44:00,CNR1555705306,Success,CID647100,eBike,Hennur,Peenya,84.0,30.0,Not Applicable,Not Applicable,Yes,Other Issue,278,Credit Card,42,4.4,3.2
2024-07-01 05:33:00,CNR3843519743,Driver Not Found,CID640973,Prime Sedan,Chickpet,Tumkur Road,,,Not Applicable,Not Applicable,Not Applicable,Not Applicable,1467,Not Applicable,0,,
2024-07-19 00:35:00,CNR1809735516,Canceled by Driver,CID929341,Mini,Richmond Town,Rajajinagar,,,Not Applicable,Customer related issue,Not Applicable,Not Applicable,215,Not Applicable,0,,
2024-07-23 15:31:00,CNR2855801392,Success,CID100881,eBike,Peenya,Magadi Road,42.0,70.0,Not Applicable,Not Applicable,No,Not Applicable,144,UPI,35,4.1,4.8
2024-07-26 09:38:00,CNR6802123716,Driver Not Found,CID336579,Bike,Malleshwaram,Hosur Road,,,Not Applicable,Not Applicable,Not Applicable,Not Applicable,442,Not Applicable,0,,
2024-07-03 00:00:00,CNR5493770937,Driver Not Found,CID631340,Prime Plus,Banashankari,Kammanahalli,,,Not Applicable,Not Applicable,Not Applicable,Not Applicable,487,Not Applicable,0,,
2024-07-13 09:25:00,CNR9497140300,Success,CID404489,Prime SUV,Rajajinagar,Shivajinagar,238.0,60.0,Not Applicable,Not Applicable,No,Not Applicable,251,UPI,26,3.1,3.5
2024-07-18 16:38:00,CNR3574635924,Success,CID493372,Prime SUV,Mysore Road,Hosur Road,231.0,75.0,Not Applicable,Not Applicable,No,Not Applicable,659,Cash,9,4.6,4.8
2024-07-20 23:45:00,CNR1085367643,Canceled by Driver,CID188811,Auto,Cox Town,Hulimavu,,,Not Applicable,More than permitted people in there,Not Applicable,Not Applicable,800,Not Applicable,0,,
2024-07-26 07:58:00,CNR3403994203,Driver Not Found,CID864354,Mini,Ramamurthy Nagar,Richmond Town,,,Not Applicable,Not Applicable,Not Applicable,Not Applicable,485,Not Applicable,0,,
2024-07-05 03:12:00,CNR8361196572,Driver Not Found,CID682974,Prime SUV,Magadi Road,Yeshwanthpur,,,Not Applicable,Not Applicable,Not Applicable,Not Applicable,100,Not Applicable,0,,
2024-07-20 22:51:00,CNR1225049716,Success,CID653192,Prime Sedan,RT Nagar,Hebbal,217.0,70.0,Not Applicable,Not Applicable,No,Not Applicable,387,Cash,36,3.4,4.4
2024-07-10 02:32:00,CNR5041424064,Canceled by Driver,CID374684,Mini,Richmond Town,Frazer Town,,,Not Applicable,Customer was coughing/sick,Not Applicable,Not Applicable,432,Not Applicable,0,,
2024-07-26 05:06:00,CNR8443839604,Driver Not Found,CID230347,eBike,Hebbal,Koramangala,,,Not Applicable,Not Applicable,Not Applicable,Not Applicable,143,Not Applicable,0,,
2024-07-28 08:24:00,CNR4680016697,Success,CID120885,Prime Sedan,Basavanagudi,Hulimavu,175.0,25.0,Not Applicable,Not Applicable,No,Not Applicable,181,UPI,18,5.0,4.5
2024-07-28 16:54:00,CNR1769341894,Success,CID470457,eBike,Shivajinagar,Kammanahalli,203.0,95.0,Not Applicable,Not Applicable,No,Not Applicable,278,Cash,39,3.9,4.7
2024-07-28 15:29:00,CNR7497343250,Canceled by Customer,CID868702,Auto,HSR Layout,Chickpet,,,AC is Not working,Not Applicable,Not Applicable,Not Applicable,206,Not Applicable,0,,
2024-07-17 08:59:00,CNR4560174551,Driver Not Found,CID407419,Prime Plus,Majestic,Chickpet,,,Not Applicable,Not Applicable,Not Applicable,Not Applicable,209,Not Applicable,0,,
2024-07-03 03:59:00,CNR9878064295,Canceled by Driver,CID985765,eBike,Rajarajeshwari Nagar,Indiranagar,,,Not Applicable,Customer related issue,Not Applicable,Not Applicable,305,Not Applicable,0,,
2024-07-09 08:09:00,CNR9886864783,Success,CID389037,Mini,Basavanagudi,Yeshwanthpur,196.0,60.0,Not Applicable,Not Applicable,No,Not Applicable,698,Cash,24,3.7,4.5
2024-07-15 07:01:00,CNR6730916210,Driver Not Found,CID437009,Prime SUV,Banashankari,Kadugodi,,,Not Applicable,Not Applicable,Not Applicable,Not Applicable,375,Not Applicable,0,,
2024-07-07 10:14:00,CNR5593640889,Success,CID844368,Bike,Chamarajpet,Sahakar Nagar,294.0,70.0,Not Applicable,Not Applicable,No,Not Applicable,1756,Cash,18,4.7,3.6
2024-07-05 00:33:00,CNR1832308495,Success,CID514943,Auto,Cox Town,Hulimavu,203.0,70.0,Not Applicable,Not Applicable,No,Not Applicable,246,Cash,9,3.9,4.0
2024-07-15 19:32:00,CNR1997719160,Driver Not Found,CID678468,Mini,Chamarajpet,Devanahalli,,,Not Applicable,Not Applicable,Not Applicable,Not Applicable,484,Not Applicable,0,,
2024-07-03 15:20:00,CNR9131438260,Success,CID157253,Mini,Bannerghatta Road,Sarjapur Road,273.0,65.0,Not Applicable,Not Applicable,No,Not Applicable,696,UPI,12,3.3,4.8
2024-07-17 19:13:00,CNR7499719333,Canceled by Driver,CID759934,Mini,Majestic,Langford Town,,,Not Applicable,Customer was coughing/sick,Not Applicable,Not Applicable,383,Not Applicable,0,,
2024-07-18 10:38:00,CNR1353610434,Canceled by Driver,CID475474,Prime Sedan,Whitefield,Shivajinagar,,,Not Applicable,More than permitted people in there,Not Applicable,Not Applicable,203,Not Applicable,0,,
2024-07-08 06:25:00,CNR3841869955,Canceled by Customer,CID457065,Mini,Kadugodi,Hebbal,,,Driver is not moving towards pickup location,Not Applicable,Not Applicable,Not Applicable,446,Not Applicable,0,,
2024-07-04 12:12:00,CNR9277194105,Driver Not Found,CID759206,Prime Sedan,Rajarajeshwari Nagar,Sahakar Nagar,,,Not Applicable,Not Applicable,Not Applicable,Not Applicable,397,Not Applicable,0,,
2024-07-21 18:53:00,CNR6317362204,Success,CID397334,Bike,Ulsoor,Hebbal,280.0,65.0,Not Applicable,Not Applicable,No,Not Applicable,1133,UPI,38,3.0,4.5
2024-07-05 13:37:00,CNR8309159875,Success,CID943528,Prime Sedan,Yelahanka,Kengeri,140.0,55.0,Not Applicable,Not Applicable,No,Not Applicable,227,Debit Card,3,3.8,3.8
2024-07-15 02:35:00,CNR2709779289,Success,CID101835,Prime Sedan,Malleshwaram,Shantinagar,294.0,85.0,Not Applicable,Not Applicable,No,Not Applicable,655,Cash,17,4.4,4.4
2024-07-22 19:49:00,CNR7564347702,Canceled by Customer,CID841233,Prime Sedan,Jayanagar,Sarjapur Road,,,Driver asked to cancel,Not Applicable,Not Applicable,Not Applicable,143,Not Applicable,0,,
2024-07-02 23:17:00,CNR7393233579,Success,CID838770,eBike,Chamarajpet,KR Puram,182.0,140.0,Not Applicable,Not Applicable,No,Not Applicable,892,Cash,26,3.0,3.3
2024-07-21 00:52:00,CNR6158108596,Success,CID639498,Prime Plus,Jayanagar,RT Nagar,140.0,130.0,Not Applicable,Not Applicable,Yes,Customer Demand,607,Cash,7,4.9,4.1
2024-07-03 17:00:00,CNR1535645389,Success,CID932194,Prime Sedan,Frazer Town,Rajajinagar,133.0,135.0,Not Applicable,Not Applicable,No,Not Applicable,422,Cash,47,3.3,4.7
2024-07-09 22:40:00,CNR5267350570,Canceled by Customer,CID577332,Bike,Chickpet,Hennur,,,Driver asked to cancel,Not Applicable,Not Applicable,Not Applicable,328,Not Applicable,0,,
2024-07-11 14:53:00,CNR2646187433,Canceled by Driver,CID147465,Prime Sedan,Frazer Town,Ramamurthy Nagar,,,Not Applicable,Personal & Car related issue,Not Applicable,Not Applicable,854,Not Applicable,0,,
2024-07-21 22:08:00,CNR5388784467,Success,CID782634,Prime Sedan,RT Nagar,Padmanabhanagar,84.0,55.0,Not Applicable,Not Applicable,No,Not Applicable,147,UPI,45,5.0,4.0
2024-07-28 00:32:00,CNR4374921677,Canceled by Driver,CID454205,eBike,Basavanagudi,Bellandur,,,Not Applicable,Customer related issue,Not Applicable,Not Applicable,185,Not Applicable,0,,
2024-07-29 17:40:00,CNR5356227809,Success,CID250589,Prime Sedan,Cox Town,Bannerghatta Road,196.0,75.0,Not Applicable,Not Applicable,No,Not Applicable,806,Cash,10,3.4,4.1
2024-07-15 09:05:00,CNR6356643852,Driver Not Found,CID990705,Prime SUV,JP Nagar,Sarjapur Road,,,Not Applicable,Not Applicable,Not Applicable,Not Applicable,300,Not Applicable,0,,
2024-07-21 19:40:00,CNR3702124850,Success,CID688395,Mini,Hulimavu,Kengeri,49.0,95.0,Not Applicable,Not Applicable,No,Not Applicable,164,UPI,40,3.5,4.0
2024-07-17 03:01:00,CNR5553405767,Success,CID133838,eBike,Hennur,Devanahalli,63.0,90.0,Not Applicable,Not Applicable,No,Not Applicable,222,UPI,38,3.7,3.5
2024-07-11 19:33:00,CNR3087246839,Success,CID659265,eBike,BTM Layout,Hosur Road,112.0,120.0,Not Applicable,Not Applicable,No,Not Applicable,250,UPI,45,4.2,4.1
2024-07-17 04:35:00,CNR1208425482,Success,CID655993,eBike,Sarjapur Road,Sahakar Nagar,217.0,75.0,Not Applicable,Not Applicable,No,Not Applicable,972,Cash,34,3.1,3.3
2024-07-23 08:37:00,CNR3640535901,Success,CID471145,Mini,JP Nagar,Frazer Town,196.0,120.0,Not Applicable,Not Applicable,No,Not Applicable,974,Cash,40,3.8,3.1
2024-07-05 02:52:00,CNR6605028913,Canceled by Customer,CID728464,Auto,Nagarbhavi,RT Nagar,,,AC is Not working,Not Applicable,Not Applicable,Not Applicable,2038,Not Applicable,0,,
2024-07-03 15:47:00,CNR8878280445,Success,CID890872,Auto,Jayanagar,Indiranagar,252.0,120.0,Not Applicable,Not Applicable,No,Not Applicable,428,Cash,3,4.8,3.0
2024-07-20 18:50:00,CNR8490290073,Canceled by Driver,CID610715,Bike,Rajarajeshwari Nagar,Devanahalli,,,Not Applicable,Personal & Car related issue,Not Applicable,Not Applicable,259,Not Applicable,0,,
2024-07-05 04:53:00,CNR7849992350,Canceled by Driver,CID321043,eBike,BTM Layout,Basavanagudi,,,Not Applicable,More than permitted people in there,Not Applicable,Not Applicable,361,Not Applicable,0,,
2024-07-15 11:27:00,CNR4035922773,Success,CID923261,Prime SUV,Langford Town,Electronic City,217.0,30.0,Not Applicable,Not Applicable,No,Not Applicable,341,UPI,34,3.8,4.2
2024-07-29 08:03:00,CNR2811463473,Success,CID203036,Auto,Indiranagar,Shivajinagar,168.0,130.0,Not Applicable,Not Applicable,No,Not Applicable,219,Cash,10,4.9,4.1
2024-07-13 06:38:00,CNR2823351762,Success,CID531062,eBike,Varthur,Hebbal,252.0,135.0,Not Applicable,Not Applicable,No,Not Applicable,1641,Cash,33,3.7,3.9
2024-07-17 07:53:00,CNR9152188038,Success,CID548943,Mini,Shantinagar,Peenya,280.0,120.0,Not Applicable,Not Applicable,No,Not Applicable,448,UPI,36,3.7,3.8
2024-07-29 21:21:00,CNR9189082320,Canceled by Driver,CID245335,Prime Plus,Nagarbhavi,Kammanahalli,,,Not Applicable,More than permitted people in there,Not Applicable,Not Applicable,172,Not Applicable,0,,
2024-07-15 12:47:00,CNR9668049766,Success,CID429980,Prime Sedan,Hosur Road,Basavanagudi,42.0,45.0,Not Applicable,Not Applicable,No,Not Applicable,303,Cash,33,3.7,3.3
2024-07-09 22:01:00,CNR2085672725,Success,CID144616,Prime Plus,Basavanagudi,Rajarajeshwari Nagar,231.0,60.0,Not Applicable,Not Applicable,No,Not Applicable,462,UPI,8,4.1,4.8
2024-07-27 19:31:00,CNR5738695386,Success,CID746437,Bike,Rajajinagar,Sarjapur Road,175.0,75.0,Not Applicable,Not Applicable,No,Not Applicable,299,UPI,7,3.4,4.7
2024-07-07 01:03:00,CNR9812181876,Success,CID798076,Prime Plus,Hosur Road,Shantinagar,154.0,125.0,Not Applicable,Not Applicable,No,Not Applicable,438,UPI,21,4.2,4.9
2024-07-16 01:12:00,CNR9854863317,Canceled by Customer,CID894675,Bike,Vijayanagar,RT Nagar,,,Driver asked to cancel,Not Applicable,Not Applicable,Not Applicable,2724,Not Applicable,0,,
2024-07-09 08:59:00,CNR7047443293,Success,CID958315,Bike,Electronic City,Yelahanka,210.0,60.0,Not Applicable,Not Applicable,No,Not Applicable,379,UPI,1,3.1,3.4
2024-07-05 01:53:00,CNR6676698249,Success,CID808647,Prime Plus,Marathahalli,Hebbal,287.0,35.0,Not Applicable,Not Applicable,No,Not Applicable,357,Cash,5,3.0,3.3
2024-07-14 08:15:00,CNR8675619519,Canceled by Driver,CID838295,eBike,HSR Layout,Bannerghatta Road,,,Not Applicable,Customer was coughing/sick,Not Applicable,Not Applicable,929,Not Applicable,0,,
2024-07-15 04:00:00,CNR5617564069,Canceled by Customer,CID748055,Mini,Shantinagar,Indiranagar,,,AC is Not working,Not Applicable,Not Applicable,Not Applicable,112,Not Applicable,0,,
2024-07-01 03:04:00,CNR7707793375,Driver Not Found,CID224450,Mini,Electronic City,MG Road,,,Not Applicable,Not Applicable,Not Applicable,Not Applicable,356,Not Applicable,0,,
2024-07-19 22:59:00,CNR7688816294,Success,CID393910,Prime Plus,Hulimavu,Cox Town,217.0,30.0,Not Applicable,Not Applicable,No,Not Applicable,191,Cash,1,3.4,4.0
2024-07-24 11:58:00,CNR2339834071,Success,CID925572,Prime SUV,Rajarajeshwari Nagar,Yelahanka,105.0,110.0,Not Applicable,Not Applicable,No,Not Applicable,316,Cash,35,3.1,3.5
2024-07-13 17:06:00,CNR7854968266,Success,CID506510,Prime Plus,Majestic,Tumkur Road,245.0,55.0,Not Applicable,Not Applicable,No,Not Applicable,902,UPI,42,4.2,3.5
2024-07-17 17:28:00,CNR2996861422,Success,CID405078,Auto,Ulsoor,Hosur Road,203.0,40.0,Not Applicable,Not Applicable,No,Not Applicable,138,UPI,7,3.1,4.2
2024-07-09 03:58:00,CNR9771886258,Success,CID734771,Mini,Shivajinagar,Hosur Road,259.0,100.0,Not Applicable,Not Applicable,No,Not Applicable,271,Cash,34,3.9,4.2
2024-07-05 00:48:00,CNR6845746345,Success,CID917956,Auto,Shivajinagar,Whitefield,259.0,100.0,Not Applicable,Not Applicable,No,Not Applicable,249,UPI,1,3.4,3.6
2024-07-20 13:45:00,CNR1194639499,Canceled by Customer,CID192762,Mini,Malleshwaram,Rajarajeshwari Nagar,,,Change of plans,Not Applicable,Not Applicable,Not Applicable,327,Not Applicable,0,,
2024-07-01 10:38:00,CNR3836764879,Canceled by Driver,CID946500,Prime SUV,Bannerghatta Road,BTM Layout,,,Not Applicable,Personal & Car related issue,Not Applicable,Not Applicable,177,Not Applicable,0,,
2024-07-15 13:08:00,CNR9212349340,Success,CID850986,Mini,Marathahalli,Ulsoor,238.0,95.0,Not Applicable,Not Applicable,No,Not Applicable,2121,Cash,38,3.6,4.5
2024-07-11 14:03:00,CNR9123470577,Canceled by Driver,CID254881,eBike,Majestic,Indiranagar,,,Not Applicable,Personal & Car related issue,Not Applicable,Not Applicable,300,Not Applicable,0,,
2024-07-05 08:09:00,CNR9810170122,Success,CID156434,eBike,Jayanagar,KR Puram,189.0,145.0,Not Applicable,Not Applicable,No,Not Applicable,396,Cash,45,3.8,3.9
2024-07-07 00:04:00,CNR9808475704,Success,CID208162,Prime SUV,Koramangala,Yelahanka,35.0,40.0,Not Applicable,Not Applicable,Yes,Vehicle Breakdown,910,UPI,9,4.2,4.4
2024-07-26 21:47:00,CNR7791847486,Success,CID528852,Prime Sedan,Nagarbhavi,Yelahanka,105.0,85.0,Not Applicable,Not Applicable,No,Not Applicable,365,Cash,37,3.9,4.3
2024-07-15 06:14:00,CNR2827656845,Success,CID968693,Prime Plus,Tumkur Road,Kammanahalli,112.0,145.0,Not Applicable,Not Applicable,Yes,Customer Demand,1426,UPI,4,4.8,4.8
2024-07-16 11:04:00,CNR6088162778,Driver Not Found,CID368874,Prime SUV,HSR Layout,Magadi Road,,,Not Applicable,Not Applicable,Not Applicable,Not Applicable,203,Not Applicable,0,,
2024-07-14 04:07:00,CNR1001105799,Driver Not Found,CID853698,Prime Plus,KR Puram,Kengeri,,,Not Applicable,Not Applicable,Not Applicable,Not Applicable,512,Not Applicable,0,,
2024-07-06 14:22:00,CNR6334620879,Success,CID379516,Prime SUV,Devanahalli,Hosur Road,182.0,35.0,Not Applicable,Not Applicable,No,Not Applicable,163,Cash,45,3.2,4.1
2024-07-06 21:47:00,CNR8787418303,Canceled by Customer,CID640678,Prime Sedan,Chamarajpet,Mysore Road,,,AC is Not working,Not Applicable,Not Applicable,Not Applicable,521,Not Applicable,0,,
2024-07-27 06:57:00,CNR3380342259,Success,CID398554,Prime Sedan,Hebbal,Yeshwanthpur,210.0,95.0,Not Applicable,Not Applicable,No,Not Applicable,454,UPI,8,4.8,4.7
2024-07-23 16:40:00,CNR5056638829,Success,CID304748,Prime Plus,Hebbal,Bellandur,147.0,45.0,Not Applicable,Not Applicable,No,Not Applicable,482,Cash,28,4.5,3.4
2024-07-16 03:37:00,CNR1099542013,Canceled by Customer,CID206459,Prime Sedan,Chickpet,Richmond Town,,,Driver is not moving towards pickup location,Not Applicable,Not Applicable,Not Applicable,591,Not Applicable,0,,
2024-07-12 02:25:00,CNR5792575538,Success,CID641321,Mini,Frazer Town,Hennur,105.0,40.0,Not Applicable,Not Applicable,No,Not Applicable,275,Credit Card,4,4.8,3.6
2024-07-08 14:36:00,CNR7356763762,Success,CID192304,eBike,MG Road,Kadugodi,182.0,35.0,Not Applicable,Not Applicable,No,Not Applicable,278,Cash,14,3.2,4.8
2024-07-25 18:53:00,CNR6925291144,Canceled by Driver,CID344025,Bike,Hebbal,Hennur,,,Not Applicable,Personal & Car related issue,Not Applicable,Not Applicable,895,Not Applicable,0,,
2024-07-08 16:08:00,CNR9809652872,Success,CID937658,Prime Sedan,MG Road,Yeshwanthpur,147.0,25.0,Not Applicable,Not Applicable,No,Not Applicable,104,UPI,37,3.9,4.4
2024-07-27 17:10:00,CNR8801978816,Driver Not Found,CID166122,eBike,Basavanagudi,Langford Town,,,Not Applicable,Not Applicable,Not Applicable,Not Applicable,109,Not Applicable,0,,
2024-07-11 16:54:00,CNR4362237154,Success,CID780625,Bike,Hebbal,Devanahalli,126.0,105.0,Not Applicable,Not Applicable,No,Not Applicable,303,Cash,33,3.5,3.6
2024-07-30 10:43:00,CNR8319910004,Canceled by Driver,CID947945,eBike,Magadi Road,Richmond Town,,,Not Applicable,Personal & Car related issue,Not Applicable,Not Applicable,462,Not Applicable,0,,
2024-07-04 18:18:00,CNR8806435963,Canceled by Customer,CID261303,Auto,Padmanabhanagar,Varthur,,,Driver is not moving towards pickup location,Not Applicable,Not Applicable,Not Applicable,236,Not Applicable,0,,
2024-07-25 05:54:00,CNR3781903845,Success,CID833136,Prime Sedan,Indiranagar,HSR Layout,294.0,90.0,Not Applicable,Not Applicable,No,Not Applicable,421,UPI,23,4.6,4.6
2024-07-20 21:14:00,CNR9322790024,Success,CID849479,Prime SUV,Hosur Road,Bellandur,203.0,145.0,Not Applicable,Not Applicable,No,Not Applicable,305,Cash,19,3.1,4.9
2024-07-14 15:54:00,CNR5735520859,Success,CID536833,Mini,Basavanagudi,Vijayanagar,210.0,55.0,Not Applicable,Not Applicable,No,Not Applicable,2114,Cash,30,4.7,3.2
2024-07-22 23:18:00,CNR8874321014,Success,CID109567,Prime Sedan,Shivajinagar,BTM Layout,70.0,75.0,Not Applicable,Not Applicable,No,Not Applicable,215,UPI,39,4.8,3.9
2024-07-02 14:56:00,CNR9799275755,Canceled by Driver,CID502913,Prime Sedan,Indiranagar,Hennur,,,Not Applicable,Personal & Car related issue,Not Applicable,Not Applicable,460,Not Applicable,0,,
2024-07-19 11:20:00,CNR9380285319,Success,CID859493,Prime Sedan,Bellandur,Tumkur Road,98.0,130.0,Not Applicable,Not Applicable,No,Not Applicable,450,Credit Card,12,3.6,4.7
2024-07-04 03:52:00,CNR3603416161,Success,CID332604,Bike,Cox Town,Magadi Road,210.0,45.0,Not Applicable,Not Applicable,No,Not Applicable,516,Cash,45,4.0,3.6
2024-07-15 15:29:00,CNR3722558337,Canceled by Driver,CID777635,Prime Sedan,Hennur,Chamarajpet,,,Not Applicable,Customer related issue,Not Applicable,Not Applicable,376,Not Applicable,0,,
2024-07-20 13:33:00,CNR8778513605,Canceled by Customer,CID694863,eBike,Chickpet,Koramangala,,,Driver is not moving towards pickup location,Not Applicable,Not Applicable,Not Applicable,438,Not Applicable,0,,
2024-07-05 15:11:00,CNR4439494725,Success,CID571666,Prime Plus,Frazer Town,KR Puram,280.0,80.0,Not Applicable,Not Applicable,No,Not Applicable,992,Cash,16,4.0,4.5
2024-07-19 07:26:00,CNR8515909793,Canceled by Customer,CID471568,Prime SUV,Rajarajeshwari Nagar,RT Nagar,,,Driver asked to cancel,Not Applicable,Not Applicable,Not Applicable,2345,Not Applicable,0,,
2024-07-01 03:26:00,CNR7701778875,Success,CID174420,Prime Plus,Cox Town,BTM Layout,189.0,120.0,Not Applicable,Not Applicable,Yes,Vehicle Breakdown,1082,Cash,41,4.1,3.7
2024-07-04 01:15:00,CNR4855918970,Success,CID755035,eBike,Mysore Road,JP Nagar,42.0,25.0,Not Applicable,Not Applicable,No,Not Applicable,540,UPI,19,3.6,4.5
2024-07-16 12:00:00,CNR6140701734,Success,CID789501,eBike,Vijayanagar,RT Nagar,105.0,60.0,Not Applicable,Not Applicable,No,Not Applicable,194,UPI,17,3.9,4.4
2024-07-22 08:14:00,CNR2346508023,Success,CID728723,eBike,Whitefield,Koramangala,189.0,50.0,Not Applicable,Not Applicable,Yes,Other Issue,379,Cash,6,4.3,4.0
2024-07-03 06:02:00,CNR9255410375,Success,CID426711,Prime SUV,Jayanagar,Sahakar Nagar,252.0,130.0,Not Applicable,Not Applicable,No,Not Applicable,756,Credit Card,35,3.6,4.3
2024-07-02 18:02:00,CNR5224653505,Canceled by Customer,CID168435,Auto,Shantinagar,KR Puram,,,Driver is not moving towards pickup location,Not Applicable,Not Applicable,Not Applicable,394,Not Applicable,0,,
2024-07-22 10:56:00,CNR4700529224,Success,CID965236,Bike,RT Nagar,Majestic,133.0,90.0,Not Applicable,Not Applicable,No,Not Applicable,129,Cash,19,3.8,3.8
2024-07-03 18:45:00,CNR6517215921,Success,CID405005,Prime Plus,KR Puram,Varthur,91.0,85.0,Not Applicable,Not Applicable,No,Not Applicable,2264,Cash,45,4.3,4.6
2024-07-18 13:01:00,CNR9564993120,Success,CID289295,Auto,Yelahanka,Cox Town,273.0,140.0,Not Applicable,Not Applicable,No,Not Applicable,259,Cash,9,4.5,3.0
2024-07-09 21:34:00,CNR5708440992,Canceled by Driver,CID590906,Mini,Magadi Road,Cox Town,,,Not Applicable,Customer related issue,Not Applicable,Not Applicable,237,Not Applicable,0,,
2024-07-30 10:10:00,CNR1161921497,Canceled by Driver,CID792532,eBike,Yelahanka,Hennur,,,Not Applicable,Personal & Car related issue,Not Applicable,Not Applicable,334,Not Applicable,0,,
2024-07-27 18:43:00,CNR8551100508,Success,CID995893,eBike,BTM Layout,Jayanagar,182.0,120.0,Not Applicable,Not Applicable,No,Not Applicable,492,Cash,30,4.2,4.5
2024-07-07 17:40:00,CNR6596642172,Success,CID612762,Prime SUV,Banashankari,Kadugodi,308.0,135.0,Not Applicable,Not Applicable,No,Not Applicable,389,Cash,22,4.8,3.3
2024-07-06 12:49:00,CNR5637696585,Driver Not Found,CID830119,Prime Plus,Yeshwanthpur,Vijayanagar,,,Not Applicable,Not Applicable,Not Applicable,Not Applicable,470,Not Applicable,0,,
2024-07-13 20:20:00,CNR7461975173,Success,CID999697,Mini,Hosur Road,Majestic,161.0,95.0,Not Applicable,Not Applicable,No,Not Applicable,270,Cash,22,4.4,4.2
2024-07-15 02:29:00,CNR6976694636,Canceled by Customer,CID852222,Bike,Indiranagar,Bannerghatta Road,,,Change of plans,Not Applicable,Not Applicable,Not Applicable,126,Not Applicable,0,,
2024-07-24 16:16:00,CNR6739792880,Success,CID906996,Bike,JP Nagar,Sahakar Nagar,119.0,145.0,Not Applicable,Not Applicable,No,Not Applicable,391,UPI,37,4.4,3.7
2024-07-21 10:07:00,CNR8529328430,Success,CID990531,eBike,Electronic City,RT Nagar,98.0,50.0,Not Applicable,Not Applicable,No,Not Applicable,145,UPI,22,3.9,3.4
2024-07-18 12:48:00,CNR5925653526,Success,CID951922,eBike,Hulimavu,Kadugodi,98.0,35.0,Not Applicable,Not Applicable,No,Not Applicable,805,UPI,32,4.0,4.6
2024-07-17 08:03:00,CNR2801748157,Success,CID315528,Auto,Marathahalli,Banashankari,49.0,85.0,Not Applicable,Not Applicable,No,Not Applicable,256,UPI,18,4.0,3.1
2024-07-20 08:36:00,CNR4384180881,Success,CID179500,Prime Sedan,MG Road,Indiranagar,161.0,50.0,Not Applicable,Not Applicable,No,Not Applicable,694,Cash,14,3.6,4.8
2024-07-30 01:32:00,CNR9900461366,Canceled by Driver,CID997533,Prime Plus,Mysore Road,Nagarbhavi,,,Not Applicable,Personal & Car related issue,Not Applicable,Not Applicable,101,Not Applicable,0,,
2024-07-20 10:06:00,CNR1778365866,Canceled by Driver,CID140978,Bike,Banashankari,KR Puram,,,Not Applicable,Customer was coughing/sick,Not Applicable,Not Applicable,419,Not Applicable,0,,
2024-07-21 04:45:00,CNR8053166857,Success,CID978188,Prime Sedan,Chickpet,Malleshwaram,77.0,25.0,Not Applicable,Not Applicable,No,Not Applicable,378,Cash,39,4.3,4.9
2024-07-10 20:43:00,CNR3243051821,Success,CID123566,Prime SUV,Chickpet,RT Nagar,280.0,140.0,Not Applicable,Not Applicable,No,Not Applicable,214,UPI,49,3.1,4.3
2024-07-02 04:47:00,CNR9394022965,Success,CID113790,Mini,Indiranagar,Chickpet,252.0,60.0,Not Applicable,Not Applicable,No,Not Applicable,378,Cash,23,4.3,4.1
2024-07-20 12:55:00,CNR2246582581,Success,CID438793,eBike,Bellandur,Padmanabhanagar,259.0,85.0,Not Applicable,Not Applicable,No,Not Applicable,205,Cash,12,4.3,4.9
2024-07-16 18:49:00,CNR1388992007,Canceled by Customer,CID695254,Prime Plus,Yeshwanthpur,Yeshwanthpur,,,Driver is not moving towards pickup location,Not Applicable,Not Applicable,Not Applicable,445,Not Applicable,0,,
2024-07-28 17:51:00,CNR2425772940,Canceled by Driver,CID881863,Mini,Langford Town,Rajajinagar,,,Not Applicable,Personal & Car related issue,Not Applicable,Not Applicable,2974,Not Applicable,0,,
2024-07-18 10:38:00,CNR5252046209,Canceled by Driver,CID969725,Mini,Chickpet,Tumkur Road,,,Not Applicable,Personal & Car related issue,Not Applicable,Not Applicable,137,Not Applicable,0,,
2024-07-09 04:22:00,CNR5075446668,Canceled by Customer,CID221610,Prime Plus,Koramangala,Hennur,,,Driver asked to cancel,Not Applicable,Not Applicable,Not Applicable,735,Not Applicable,0,,
2024-07-15 11:41:00,CNR1480930025,Canceled by Customer,CID904351,Prime Plus,Marathahalli,Yeshwanthpur,,,Driver is not moving towards pickup location,Not Applicable,Not Applicable,Not Applicable,2963,Not Applicable,0,,
2024-07-05 02:05:00,CNR1015357276,Success,CID892488,Auto,Ramamurthy Nagar,BTM Layout,63.0,105.0,Not Applicable,Not Applicable,No,Not Applicable,447,UPI,1,3.6,4.7
2024-07-07 22:05:00,CNR8377341954,Success,CID490244,Prime Plus,Indiranagar,KR Puram,175.0,65.0,Not Applicable,Not Applicable,No,Not Applicable,141,Cash,15,4.4,5.0
2024-07-09 22:35:00,CNR9533817986,Success,CID389078,Mini,Nagarbhavi,Hosur Road,77.0,145.0,Not Applicable,Not Applicable,No,Not Applicable,867,Cash,45,4.4,4.5
2024-07-07 15:08:00,CNR7778097392,Success,CID996220,Auto,Banashankari,Jayanagar,266.0,120.0,Not Applicable,Not Applicable,No,Not Applicable,2720,Cash,8,4.3,3.0
2024-07-12 15:03:00,CNR6694683621,Success,CID530634,Prime SUV,Electronic City,Sahakar Nagar,259.0,90.0,Not Applicable,Not Applicable,No,Not Applicable,115,Cash,5,3.2,4.1
2024-07-09 08:41:00,CNR9083940570,Canceled by Driver,CID719356,Auto,Shivajinagar,Bellandur,,,Not Applicable,Personal & Car related issue,Not Applicable,Not Applicable,491,Not Applicable,0,,
2024-07-21 07:03:00,CNR5919789110,Canceled by Driver,CID902099,Prime Sedan,Tumkur Road,Rajarajeshwari Nagar,,,Not Applicable,Customer was coughing/sick,Not Applicable,Not Applicable,956,Not Applicable,0,,
2024-07-27 01:44:00,CNR8761641847,Success,CID198781,Prime Plus,Majestic,Chamarajpet,91.0,40.0,Not Applicable,Not Applicable,No,Not Applicable,795,Credit Card,9,3.7,4.0
2024-07-26 09:21:00,CNR3028685869,Success,CID114647,Prime SUV,Kammanahalli,Sarjapur Road,182.0,85.0,Not Applicable,Not Applicable,No,Not Applicable,583,UPI,35,4.6,4.0
2024-07-22 22:54:00,CNR3557349907,Canceled by Driver,CID135640,eBike,Banashankari,Kadugodi,,,Not Applicable,Customer related issue,Not Applicable,Not Applicable,199,Not Applicable,0,,
2024-07-18 11:44:00,CNR6468682979,Driver Not Found,CID893281,Mini,Vijayanagar,HSR Layout,,,Not Applicable,Not Applicable,Not Applicable,Not Applicable,461,Not Applicable,0,,
2024-07-23 03:08:00,CNR5654869572,Success,CID554690,Bike,Chamarajpet,Banashankari,273.0,110.0,Not Applicable,Not Applicable,No,Not Applicable,610,UPI,31,4.3,4.3
2024-07-15 07:13:00,CNR1893440437,Success,CID545652,Prime SUV,Sahakar Nagar,RT Nagar,273.0,100.0,Not Applicable,Not Applicable,Yes,Other Issue,159,UPI,38,3.2,3.5
2024-07-27 12:07:00,CNR4070646722,Driver Not Found,CID101076,Prime SUV,Banashankari,MG Road,,,Not Applicable,Not Applicable,Not Applicable,Not Applicable,160,Not Applicable,0,,
2024-07-28 07:31:00,CNR5597577074,Success,CID104724,Prime Sedan,Rajajinagar,Peenya,273.0,80.0,Not Applicable,Not Applicable,No,Not Applicable,348,Cash,24,3.6,3.4
2024-07-15 11:46:00,CNR4873081412,Success,CID600250,Auto,JP Nagar,Malleshwaram,119.0,90.0,Not Applicable,Not Applicable,No,Not Applicable,115,UPI,15,3.1,3.1
2024-07-27 02:51:00,CNR2844747655,Canceled by Customer,CID896927,Auto,Jayanagar,Jayanagar,,,Driver asked to cancel,Not Applicable,Not Applicable,Not Applicable,881,Not Applicable,0,,
2024-07-15 02:58:00,CNR5634801508,Canceled by Driver,CID601317,Prime Plus,Kammanahalli,Sahakar Nagar,,,Not Applicable,Customer was coughing/sick,Not Applicable,Not Applicable,222,Not Applicable,0,,
2024-07-11 09:30:00,CNR3572234084,Canceled by Customer,CID685707,Auto,Langford Town,Marathahalli,,,Driver is not moving towards pickup location,Not Applicable,Not Applicable,Not Applicable,201,Not Applicable,0,,
2024-07-16 03:25:00,CNR5514413579,Success,CID677276,Bike,Varthur,Cox Town,308.0,25.0,Not Applicable,Not Applicable,Yes,Vehicle Breakdown,1069,UPI,43,3.1,3.8
2024-07-18 07:54:00,CNR2274268765,Canceled by Driver,CID174800,Prime SUV,Yelahanka,Frazer Town,,,Not Applicable,Personal & Car related issue,Not Applicable,Not Applicable,432,Not Applicable,0,,
2024-07-11 04:09:00,CNR9053489474,Success,CID736023,Auto,Richmond Town,Hulimavu,175.0,105.0,Not Applicable,Not Applicable,No,Not Applicable,860,Debit Card,18,4.5,4.3
2024-07-12 05:47:00,CNR6824374139,Driver Not Found,CID293255,Prime Sedan,Indiranagar,Sahakar Nagar,,,Not Applicable,Not Applicable,Not Applicable,Not Applicable,335,Not Applicable,0,,
2024-07-15 00:17:00,CNR6674790395,Canceled by Driver,CID655566,Prime Plus,Vijayanagar,Padmanabhanagar,,,Not Applicable,Personal & Car related issue,Not Applicable,Not Applicable,2800,Not Applicable,0,,
2024-07-15 16:52:00,CNR1449951170,Canceled by Driver,CID122742,Bike,Majestic,Yeshwanthpur,,,Not Applicable,Customer related issue,Not Applicable,Not Applicable,2046,Not Applicable,0,,
2024-07-25 21:26:00,CNR6773918378,Canceled by Driver,CID886239,Auto,KR Puram,Shantinagar,,,Not Applicable,Customer related issue,Not Applicable,Not Applicable,148,Not Applicable,0,,
2024-07-27 03:48:00,CNR1757203806,Success,CID737013,Mini,Kammanahalli,Banashankari,238.0,75.0,Not Applicable,Not Applicable,No,Not Applicable,597,UPI,16,4.2,4.2
2024-07-27 05:59:00,CNR2825627220,Driver Not Found,CID100785,Prime Plus,Rajajinagar,Langford Town,,,Not Applicable,Not Applicable,Not Applicable,Not Applicable,248,Not Applicable,0,,
2024-07-11 01:13:00,CNR4491275101,Canceled by Driver,CID698387,Prime Plus,HSR Layout,Shivajinagar,,,Not Applicable,Customer was coughing/sick,Not Applicable,Not Applicable,2415,Not Applicable,0,,
2024-07-02 23:19:00,CNR6834868614,Success,CID443817,Prime Plus,Indiranagar,Ulsoor,42.0,100.0,Not Applicable,Not Applicable,No,Not Applicable,263,UPI,18,3.5,4.9
2024-07-23 18:20:00,CNR6222846465,Success,CID951016,Prime SUV,Chickpet,Whitefield,217.0,115.0,Not Applicable,Not Applicable,No,Not Applicable,167,Debit Card,40,3.3,4.2
2024-07-19 11:56:00,CNR4624459168,Success,CID622991,eBike,Devanahalli,Nagarbhavi,98.0,140.0,Not Applicable,Not Applicable,No,Not Applicable,684,UPI,37,3.9,3.3
2024-07-28 02:45:00,CNR1785713466,Success,CID833892,Prime SUV,Hosur Road,Electronic City,189.0,145.0,Not Applicable,Not Applicable,No,Not Applicable,558,UPI,34,4.6,4.6
2024-07-19 03:01:00,CNR7065443935,Success,CID744248,Bike,Ramamurthy Nagar,Yelahanka,105.0,30.0,Not Applicable,Not Applicable,No,Not Applicable,899,Cash,3,3.2,4.0
2024-07-17 04:59:00,CNR7384298863,Success,CID729582,Bike,Rajajinagar,Rajarajeshwari Nagar,147.0,110.0,Not Applicable,Not Applicable,No,Not Applicable,531,UPI,22,4.3,4.4
2024-07-29 03:33:00,CNR4242762750,Canceled by Driver,CID823175,Prime Sedan,KR Puram,Hebbal,,,Not Applicable,More than permitted people in there,Not Applicable,Not Applicable,192,Not Applicable,0,,
2024-07-17 13:32:00,CNR9885463029,Canceled by Customer,CID269858,eBike,Devanahalli,RT Nagar,,,Driver asked to cancel,Not Applicable,Not Applicable,Not Applicable,454,Not Applicable,0,,
2024-07-16 19:28:00,CNR5119759397,Driver Not Found,CID697555,Auto,Yeshwanthpur,Chickpet,,,Not Applicable,Not Applicable,Not Applicable,Not Applicable,708,Not Applicable,0,,
2024-07-13 04:05:00,CNR5742742027,Success,CID206819,Bike,Kadugodi,Bannerghatta Road,273.0,30.0,Not Applicable,Not Applicable,No,Not Applicable,435,Cash,47,3.4,4.3
2024-07-02 22:14:00,CNR7359686354,Success,CID399161,Prime Plus,Vijayanagar,Bellandur,287.0,145.0,Not Applicable,Not Applicable,Yes,Customer Demand,375,Cash,31,4.2,3.3
2024-07-30 21:23:00,CNR5850553959,Success,CID883242,Auto,Bellandur,Sarjapur Road,91.0,110.0,Not Applicable,Not Applicable,Yes,Vehicle Breakdown,921,UPI,12,3.2,4.9
2024-07-15 08:19:00,CNR7948531033,Driver Not Found,CID595025,eBike,Hennur,Yelahanka,,,Not Applicable,Not Applicable,Not Applicable,Not Applicable,214,Not Applicable,0,,
2024-07-20 11:01:00,CNR8621541097,Success,CID467820,Mini,Sarjapur Road,Koramangala,168.0,70.0,Not Applicable,Not Applicable,No,Not Applicable,465,Cash,47,4.5,3.0
2024-07-09 06:23:00,CNR6597144614,Canceled by Driver,CID647909,Prime Plus,Hosur Road,Majestic,,,Not Applicable,Personal & Car related issue,Not Applicable,Not Applicable,805,Not Applicable,0,,
2024-07-30 14:47:00,CNR5320938248,Canceled by Driver,CID948825,Auto,Langford Town,Kammanahalli,,,Not Applicable,Customer was coughing/sick,Not Applicable,Not Applicable,440,Not Applicable,0,,
2024-07-04 06:02:00,CNR4142250752,Success,CID137302,Mini,Vijayanagar,Majestic,252.0,145.0,Not Applicable,Not Applicable,No,Not Applicable,320,UPI,2,3.5,4.0
2024-07-20 21:56:00,CNR7292104169,Success,CID225989,Prime Plus,Indiranagar,Cox Town,49.0,110.0,Not Applicable,Not Applicable,No,Not Applicable,167,Cash,11,3.7,3.7
2024-07-24 19:11:00,CNR9446513394,Success,CID843672,Prime Sedan,Chamarajpet,Kadugodi,266.0,115.0,Not Applicable,Not Applicable,No,Not Applicable,360,UPI,6,4.4,4.5
2024-07-08 23:46:00,CNR1851990543,Success,CID614838,Bike,Basavanagudi,Hulimavu,252.0,90.0,Not Applicable,Not Applicable,No,Not Applicable,367,UPI,26,4.0,4.7
2024-07-17 05:40:00,CNR7353659594,Canceled by Driver,CID625013,Prime Sedan,Sahakar Nagar,Sarjapur Road,,,Not Applicable,Personal & Car related issue,Not Applicable,Not Applicable,460,Not Applicable,0,,
2024-07-24 06:45:00,CNR9050879782,Success,CID843900,Auto,Electronic City,JP Nagar,189.0,65.0,Not Applicable,Not Applicable,No,Not Applicable,448,UPI,11,3.2,3.1
2024-07-05 15:21:00,CNR9071088128,Success,CID637865,Prime Plus,Shivajinagar,Peenya,217.0,145.0,Not Applicable,Not Applicable,No,Not Applicable,790,Cash,11,4.4,3.3
2024-07-03 12:59:00,CNR2108851973,Canceled by Driver,CID686813,Bike,Rajarajeshwari Nagar,Yelahanka,,,Not Applicable,Customer was coughing/sick,Not Applicable,Not Applicable,251,Not Applicable,0,,
2024-07-26 07:02:00,CNR8780261497,Success,CID784461,Prime Plus,Mysore Road,Whitefield,266.0,30.0,Not Applicable,Not Applicable,No,Not Applicable,320,Cash,40,3.1,4.4
2024-07-03 20:46:00,CNR2406558128,Canceled by Driver,CID718959,Bike,Sahakar Nagar,Richmond Town,,,Not Applicable,Customer was coughing/sick,Not Applicable,Not Applicable,185,Not Applicable,0,,
2024-07-14 22:17:00,CNR6190865643,Success,CID796342,Prime Sedan,Rajajinagar,Chickpet,56.0,60.0,Not Applicable,Not Applicable,No,Not Applicable,311,Cash,41,4.8,4.1
2024-07-25 09:56:00,CNR6010623813,Success,CID575229,eBike,Jayanagar,Shivajinagar,189.0,50.0,Not Applicable,Not Applicable,No,Not Applicable,376,UPI,12,3.9,4.6
2024-07-18 23:38:00,CNR8724578024,Canceled by Driver,CID918464,Prime SUV,Varthur,Peenya,,,Not Applicable,Customer related issue,Not Applicable,Not Applicable,357,Not Applicable,0,,
2024-07-23 11:46:00,CNR5962766429,Success,CID851441,Prime SUV,Chickpet,Hennur,56.0,40.0,Not Applicable,Not Applicable,No,Not Applicable,1059,UPI,14,3.7,4.8
2024-07-17 02:40:00,CNR8082500686,Canceled by Driver,CID696736,Prime SUV,Frazer Town,Devanahalli,,,Not Applicable,Customer related issue,Not Applicable,Not Applicable,237,Not Applicable,0,,
2024-07-04 10:47:00,CNR8978079161,Success,CID874592,eBike,HSR Layout,Marathahalli,266.0,35.0,Not Applicable,Not Applicable,No,Not Applicable,217,Cash,44,3.2,3.6
2024-07-21 15:27:00,CNR6566218380,Success,CID119704,Mini,Yeshwanthpur,Richmond Town,203.0,145.0,Not Applicable,Not Applicable,No,Not Applicable,744,Cash,45,3.6,4.5
2024-07-28 05:53:00,CNR9737929693,Success,CID632324,Bike,Indiranagar,Tumkur Road,231.0,60.0,Not Applicable,Not Applicable,No,Not Applicable,293,Cash,18,3.8,3.0
2024-07-22 05:01:00,CNR9756520437,Success,CID165853,Prime SUV,Koramangala,Cox Town,42.0,55.0,Not Applicable,Not Applicable,No,Not Applicable,181,UPI,46,4.4,3.9
2024-07-06 02:45:00,CNR3206223967,Success,CID600449,eBike,Chickpet,RT Nagar,210.0,65.0,Not Applicable,Not Applicable,No,Not Applicable,353,UPI,36,4.2,4.1
2024-07-19 11:00:00,CNR7584331695,Canceled by Customer,CID131878,eBike,Yeshwanthpur,Jayanagar,,,Driver is not moving towards pickup location,Not Applicable,Not Applicable,Not Applicable,222,Not Applicable,0,,
2024-07-26 01:14:00,CNR9436246504,Success,CID393084,Prime Plus,Shivajinagar,Yelahanka,182.0,70.0,Not Applicable,Not Applicable,No,Not Applicable,235,Cash,6,4.1,4.9
2024-07-26 20:10:00,CNR7648333208,Canceled by Customer,CID892531,Mini,Bannerghatta Road,Yeshwanthpur,,,Change of plans,Not Applicable,Not Applicable,Not Applicable,161,Not Applicable,0,,
2024-07-01 19:32:00,CNR3091095933,Success,CID319973,Prime Sedan,Marathahalli,Peenya,63.0,35.0,Not Applicable,Not Applicable,No,Not Applicable,241,UPI,34,4.9,4.3
2024-07-08 12:38:00,CNR7800664992,Success,CID400774,Prime Sedan,MG Road,Kadugodi,301.0,45.0,Not Applicable,Not Applicable,No,Not Applicable,278,Debit Card,8,3.7,4.9
2024-07-22 07:54:00,CNR6892639735,Success,CID399478,Bike,Shivajinagar,Marathahalli,287.0,100.0,Not Applicable,Not Applicable,No,Not Applicable,213,Cash,3,4.0,3.2
2024-07-17 15:18:00,CNR9823111028,Canceled by Customer,CID556877,Mini,Hebbal,Chickpet,,,Driver is not moving towards pickup location,Not Applicable,Not Applicable,Not Applicable,253,Not Applicable,0,,
2024-07-18 04:25:00,CNR2809307442,Driver Not Found,CID796857,Prime Sedan,Rajarajeshwari Nagar,Bellandur,,,Not Applicable,Not Applicable,Not Applicable,Not Applicable,364,Not Applicable,0,,
2024-07-02 05:59:00,CNR7051498636,Driver Not Found,CID217742,Mini,Vijayanagar,KR Puram,,,Not Applicable,Not Applicable,Not Applicable,Not Applicable,139,Not Applicable,0,,
2024-07-03 02:27:00,CNR9858741491,Canceled by Driver,CID523014,Prime SUV,Richmond Town,Koramangala,,,Not Applicable,More than permitted people in there,Not Applicable,Not Applicable,690,Not Applicable,0,,
2024-07-06 04:28:00,CNR5869609578,Success,CID361423,Prime Sedan,Hennur,Sarjapur Road,133.0,80.0,Not Applicable,Not Applicable,No,Not Applicable,406,UPI,23,3.3,3.7
2024-07-19 23:29:00,CNR5915772180,Success,CID642830,Bike,Bellandur,Ramamurthy Nagar,175.0,55.0,Not Applicable,Not Applicable,No,Not Applicable,2728,Cash,7,4.0,4.6
2024-07-27 10:15:00,CNR4369590619,Success,CID829979,Auto,Shivajinagar,Mysore Road,245.0,55.0,Not Applicable,Not Applicable,No,Not Applicable,2538,Cash,6,3.0,4.3
2024-07-02 22:35:00,CNR5193777086,Success,CID828771,eBike,Varthur,MG Road,63.0,125.0,Not Applicable,Not Applicable,No,Not Applicable,285,UPI,19,3.9,3.1
2024-07-31 00:00:00,CNR6871041249,Success,CID841525,Bike,Shantinagar,Devanahalli,112.0,50.0,Not Applicable,Not Applicable,No,Not Applicable,235,Cash,32,3.3,4.1
2024-07-26 23:41:00,CNR1357679829,Success,CID924521,Prime Sedan,JP Nagar,Langford Town,56.0,75.0,Not Applicable,Not Applicable,No,Not Applicable,405,Cash,42,3.9,3.2
2024-07-15 12:42:00,CNR5324852177,Canceled by Driver,CID147252,Prime Sedan,Basavanagudi,Hebbal,,,Not Applicable,Personal & Car related issue,Not Applicable,Not Applicable,489,Not Applicable,0,,
2024-07-11 04:44:00,CNR3520561763,Success,CID866384,Mini,Ulsoor,Hebbal,140.0,120.0,Not Applicable,Not Applicable,No,Not Applicable,135,UPI,28,4.1,3.3
2024-07-14 13:32:00,CNR4081246978,Success,CID700582,Prime SUV,Kadugodi,Majestic,35.0,50.0,Not Applicable,Not Applicable,No,Not Applicable,226,Cash,22,3.6,4.3
2024-07-11 12:09:00,CNR2038324900,Success,CID793974,Prime Plus,Rajarajeshwari Nagar,HSR Layout,280.0,50.0,Not Applicable,Not Applicable,No,Not Applicable,229,Cash,38,4.9,3.9
2024-07-19 20:38:00,CNR7377696104,Canceled by Customer,CID244840,Auto,Ramamurthy Nagar,Hosur Road,,,Wrong Address,Not Applicable,Not Applicable,Not Applicable,632,Not Applicable,0,,
2024-07-02 18:31:00,CNR9159223716,Success,CID798348,Prime Sedan,MG Road,Sarjapur Road,168.0,135.0,Not Applicable,Not Applicable,No,Not Applicable,399,UPI,8,3.7,3.4
2024-07-10 08:57:00,CNR4494831098,Success,CID818481,Prime Sedan,Hennur,MG Road,273.0,145.0,Not Applicable,Not Applicable,No,Not Applicable,613,Cash,17,3.4,4.1
2024-07-25 09:41:00,CNR3597106387,Canceled by Customer,CID607898,Mini,Nagarbhavi,Magadi Road,,,Driver is not moving towards pickup location,Not Applicable,Not Applicable,Not Applicable,2146,Not Applicable,0,,
2024-07-16 18:54:00,CNR4253390065,Canceled by Customer,CID661841,Prime SUV,Electronic City,Tumkur Road,,,Driver asked to cancel,Not Applicable,Not Applicable,Not Applicable,267,Not Applicable,0,,
2024-07-20 02:37:00,CNR2778475562,Canceled by Driver,CID351553,eBike,Koramangala,Chickpet,,,Not Applicable,Personal & Car related issue,Not Applicable,Not Applicable,2709,Not Applicable,0,,
2024-07-05 00:41:00,CNR6626339917,Success,CID188048,Prime Plus,Ramamurthy Nagar,Hosur Road,182.0,115.0,Not Applicable,Not Applicable,Yes,Vehicle Breakdown,105,UPI,48,4.9,4.8
2024-07-15 23:33:00,CNR4422551097,Success,CID321782,Prime Sedan,RT Nagar,Whitefield,161.0,105.0,Not Applicable,Not Applicable,No,Not Applicable,228,UPI,36,4.1,3.6
2024-07-18 00:38:00,CNR5884271480,Success,CID744370,Prime SUV,Hebbal,Tumkur Road,84.0,135.0,Not Applicable,Not Applicable,No,Not Applicable,254,UPI,35,4.9,4.8
2024-07-05 18:48:00,CNR9775505368,Canceled by Driver,CID239712,eBike,Ulsoor,KR Puram,,,Not Applicable,More than permitted people in there,Not Applicable,Not Applicable,423,Not Applicable,0,,
2024-07-02 19:16:00,CNR2374534200,Success,CID806443,Prime SUV,KR Puram,Frazer Town,84.0,55.0,Not Applicable,Not Applicable,No,Not Applicable,1502,UPI,9,4.9,3.9
2024-07-17 22:05:00,CNR2374037664,Driver Not Found,CID657968,Prime Sedan,Hennur,Kammanahalli,,,Not Applicable,Not Applicable,Not Applicable,Not Applicable,614,Not Applicable,0,,
2024-07-04 15:40:00,CNR4019920877,Success,CID502403,eBike,Varthur,Devanahalli,203.0,35.0,Not Applicable,Not Applicable,No,Not Applicable,2523,UPI,22,3.9,4.0
2024-07-15 21:32:00,CNR9458336004,Driver Not Found,CID832789,Bike,Hulimavu,Sarjapur Road,,,Not Applicable,Not Applicable,Not Applicable,Not Applicable,152,Not Applicable,0,,
2024-07-20 01:04:00,CNR1967939164,Success,CID350913,eBike,Hennur,Kadugodi,63.0,70.0,Not Applicable,Not Applicable,No,Not Applicable,442,UPI,45,3.8,4.4
2024-07-11 23:17:00,CNR5896156380,Success,CID230547,eBike,Kammanahalli,KR Puram,105.0,55.0,Not Applicable,Not Applicable,No,Not Applicable,233,Cash,39,4.2,4.1
2024-07-04 18:05:00,CNR3558990117,Success,CID974278,Auto,Chamarajpet,Kengeri,147.0,100.0,Not Applicable,Not Applicable,No,Not Applicable,207,Cash,19,4.5,3.3
2024-07-02 08:43:00,CNR2027430144,Success,CID402775,Mini,Banashankari,Yeshwanthpur,287.0,100.0,Not Applicable,Not Applicable,No,Not Applicable,879,UPI,23,4.1,3.0
2024-07-29 19:28:00,CNR8983864334,Success,CID150368,Prime Plus,Hosur Road,Chickpet,133.0,130.0,Not Applicable,Not Applicable,No,Not Applicable,262,Cash,23,3.4,3.0
2024-07-16 19:28:00,CNR4933109834,Success,CID491449,Bike,Sahakar Nagar,Rajarajeshwari Nagar,42.0,30.0,Not Applicable,Not Applicable,No,Not Applicable,405,UPI,46,4.0,3.5
2024-07-26 14:53:00,CNR7976001718,Driver Not Found,CID730682,Auto,Tumkur Road,Indiranagar,,,Not Applicable,Not Applicable,Not Applicable,Not Applicable,138,Not Applicable,0,,
2024-07-09 00:33:00,CNR5297557981,Success,CID137952,Bike,Tumkur Road,Majestic,238.0,95.0,Not Applicable,Not Applicable,No,Not Applicable,795,Cash,1,3.3,4.3
2024-07-12 07:34:00,CNR2138142496,Success,CID826857,Prime Plus,Chickpet,Kengeri,119.0,145.0,Not Applicable,Not Applicable,No,Not Applicable,161,Cash,11,4.7,3.6
2024-07-21 03:37:00,CNR2940980886,Success,CID117005,eBike,Bannerghatta Road,Malleshwaram,161.0,145.0,Not Applicable,Not Applicable,No,Not Applicable,186,UPI,26,3.4,3.6
2024-07-07 07:37:00,CNR3677507556,Success,CID423715,Bike,Indiranagar,Devanahalli,112.0,65.0,Not Applicable,Not Applicable,No,Not Applicable,454,Debit Card,22,3.9,3.1
2024-07-15 13:52:00,CNR8409560031,Success,CID327224,eBike,Sahakar Nagar,Shivajinagar,112.0,30.0,Not Applicable,Not Applicable,No,Not Applicable,788,Cash,49,3.7,4.8
2024-07-23 23:33:00,CNR5857241888,Success,CID175625,Prime SUV,Basavanagudi,Nagarbhavi,140.0,55.0,Not Applicable,Not Applicable,No,Not Applicable,832,Credit Card,19,3.1,3.6
2024-07-02 09:38:00,CNR1983826352,Success,CID493568,Prime SUV,Bellandur,Magadi Road,280.0,75.0,Not Applicable,Not Applicable,No,Not Applicable,408,Cash,17,3.8,4.7
2024-07-25 08:35:00,CNR2675607430,Success,CID663960,Mini,Marathahalli,Devanahalli,105.0,130.0,Not Applicable,Not Applicable,No,Not Applicable,110,Cash,28,3.1,4.6
2024-07-21 21:53:00,CNR9299344231,Success,CID366153,Prime Plus,Peenya,Rajajinagar,252.0,80.0,Not Applicable,Not Applicable,No,Not Applicable,455,UPI,47,3.8,4.6
2024-07-06 15:44:00,CNR4818396532,Success,CID919587,Auto,Hennur,JP Nagar,105.0,85.0,Not Applicable,Not Applicable,No,Not Applicable,216,Cash,19,3.2,3.8
2024-07-16 05:58:00,CNR1054890323,Success,CID977355,eBike,RT Nagar,Varthur,231.0,135.0,Not Applicable,Not Applicable,No,Not Applicable,909,Cash,4,4.3,4.5
2024-07-18 17:19:00,CNR3782422529,Success,CID139769,Prime Sedan,Ulsoor,KR Puram,147.0,90.0,Not Applicable,Not Applicable,No,Not Applicable,343,Cash,45,4.5,4.5
2024-07-04 21:42:00,CNR3589140169,Success,CID437299,Prime Sedan,HSR Layout,Tumkur Road,63.0,65.0,Not Applicable,Not Applicable,No,Not Applicable,104,Cash,13,4.6,4.4
2024-07-14 22:40:00,CNR7044099746,Success,CID999564,eBike,MG Road,Shivajinagar,133.0,135.0,Not Applicable,Not Applicable,No,Not Applicable,600,Cash,21,3.8,4.4
2024-07-01 21:25:00,CNR6770239765,Success,CID797669,Bike,Kammanahalli,Bannerghatta Road,91.0,60.0,Not Applicable,Not Applicable,No,Not Applicable,262,Cash,49,3.2,4.4
2024-07-09 20:54:00,CNR7605781980,Success,CID879955,Bike,Peenya,Electronic City,126.0,35.0,Not Applicable,Not Applicable,No,Not Applicable,408,Cash,1,4.0,3.3
2024-07-07 18:49:00,CNR4456784189,Canceled by Driver,CID737016,Bike,Hebbal,Richmond Town,,,Not Applicable,Customer related issue,Not Applicable,Not Applicable,349,Not Applicable,0,,
2024-07-23 21:40:00,CNR9391419870,Success,CID927775,eBike,Majestic,Sahakar Nagar,126.0,65.0,Not Applicable,Not Applicable,No,Not Applicable,480,Cash,44,4.3,3.0
2024-07-01 09:31:00,CNR5933611808,Success,CID162683,Auto,Koramangala,RT Nagar,196.0,90.0,Not Applicable,Not Applicable,Yes,Customer Demand,195,Cash,13,4.1,4.8
2024-07-27 00:54:00,CNR2617800159,Success,CID258864,Bike,Yelahanka,Langford Town,217.0,85.0,Not Applicable,Not Applicable,No,Not Applicable,354,Cash,33,4.2,4.5
2024-07-08 23:34:00,CNR5483268599,Driver Not Found,CID128798,Bike,Yeshwanthpur,Padmanabhanagar,,,Not Applicable,Not Applicable,Not Applicable,Not Applicable,443,Not Applicable,0,,
2024-07-27 16:51:00,CNR6818471782,Canceled by Customer,CID242126,Prime Plus,Hebbal,Hebbal,,,Change of plans,Not Applicable,Not Applicable,Not Applicable,206,Not Applicable,0,,
2024-07-16 00:07:00,CNR1509775728,Success,CID426122,Prime Sedan,Padmanabhanagar,Chamarajpet,280.0,35.0,Not Applicable,Not Applicable,No,Not Applicable,1465,Cash,17,3.2,3.1
2024-07-04 02:00:00,CNR3589234337,Canceled by Driver,CID822163,Auto,Kadugodi,Bannerghatta Road,,,Not Applicable,Customer related issue,Not Applicable,Not Applicable,287,Not Applicable,0,,
2024-07-07 16:09:00,CNR8007698158,Success,CID369696,Prime SUV,Kammanahalli,Electronic City,35.0,70.0,Not Applicable,Not Applicable,No,Not Applicable,234,Credit Card,9,4.1,5.0
2024-07-02 20:02:00,CNR6675173258,Canceled by Driver,CID408017,eBike,HSR Layout,Kammanahalli,,,Not Applicable,More than permitted people in there,Not Applicable,Not Applicable,807,Not Applicable,0,,
2024-07-09 11:45:00,CNR1429681690,Canceled by Driver,CID986940,Auto,Whitefield,Frazer Town,,,Not Applicable,Personal & Car related issue,Not Applicable,Not Applicable,424,Not Applicable,0,,
2024-07-23 06:39:00,CNR7309242480,Canceled by Driver,CID722757,Prime Sedan,Tumkur Road,Rajajinagar,,,Not Applicable,Customer related issue,Not Applicable,Not Applicable,360,Not Applicable,0,,
2024-07-02 19:49:00,CNR7511405304,Success,CID699778,Prime SUV,Ramamurthy Nagar,Kadugodi,98.0,80.0,Not Applicable,Not Applicable,No,Not Applicable,120,Cash,27,3.3,4.1
2024-07-20 16:21:00,CNR1821067681,Success,CID239866,eBike,Richmond Town,Tumkur Road,119.0,40.0,Not Applicable,Not Applicable,No,Not Applicable,171,Cash,40,3.4,3.1
2024-07-03 06:49:00,CNR9081130825,Canceled by Customer,CID754066,Prime Plus,Varthur,BTM Layout,,,Change of plans,Not Applicable,Not Applicable,Not Applicable,325,Not Applicable,0,,
2024-07-13 07:11:00,CNR9559315318,Canceled by Driver,CID460104,Mini,Chickpet,Nagarbhavi,,,Not Applicable,More than permitted people in there,Not Applicable,Not Applicable,2846,Not Applicable,0,,
2024-07-27 00:59:00,CNR8736759584,Success,CID769055,Prime SUV,Ulsoor,Yeshwanthpur,112.0,135.0,Not Applicable,Not Applicable,No,Not Applicable,974,Cash,42,4.5,4.9
2024-07-15 10:12:00,CNR7415456978,Canceled by Customer,CID957405,eBike,HSR Layout,Sahakar Nagar,,,Driver asked to cancel,Not Applicable,Not Applicable,Not Applicable,411,Not Applicable,0,,
2024-07-09 16:02:00,CNR4554042943,Success,CID867547,Bike,Magadi Road,Kadugodi,35.0,130.0,Not Applicable,Not Applicable,Yes,Vehicle Breakdown,982,Cash,9,4.1,3.8
2024-07-22 05:13:00,CNR9855319293,Success,CID158720,Mini,Banashankari,Tumkur Road,210.0,125.0,Not Applicable,Not Applicable,No,Not Applicable,642,UPI,1,4.4,3.2
2024-07-16 21:39:00,CNR2356076874,Success,CID663244,Mini,Shantinagar,RT Nagar,56.0,115.0,Not Applicable,Not Applicable,No,Not Applicable,136,Credit Card,8,3.3,5.0
2024-07-30 21:44:00,CNR7607184911,Driver Not Found,CID741128,Mini,Kengeri,Shivajinagar,,,Not Applicable,Not Applicable,Not Applicable,Not Applicable,606,Not Applicable,0,,
2024-07-14 16:39:00,CNR3216624481,Canceled by Customer,CID984974,Prime SUV,MG Road,Hosur Road,,,Driver is not moving towards pickup location,Not Applicable,Not Applicable,Not Applicable,340,Not Applicable,0,,
2024-07-18 19:25:00,CNR1105010065,Canceled by Driver,CID945916,Prime Sedan,Banashankari,Kengeri,,,Not Applicable,Personal & Car related issue,Not Applicable,Not Applicable,872,Not Applicable,0,,
2024-07-26 00:14:00,CNR4784829822,Success,CID684378,Mini,Ulsoor,Chamarajpet,63.0,135.0,Not Applicable,Not Applicable,No,Not Applicable,481,Cash,25,3.3,3.2
2024-07-10 23:36:00,CNR7935504624,Canceled by Driver,CID674093,Bike,Devanahalli,Varthur,,,Not Applicable,Customer was coughing/sick,Not Applicable,Not Applicable,383,Not Applicable,0,,
2024-07-18 05:50:00,CNR5967029957,Success,CID115362,Prime Plus,Kammanahalli,Malleshwaram,154.0,120.0,Not Applicable,Not Applicable,No,Not Applicable,118,UPI,33,5.0,3.8
2024-07-24 13:58:00,CNR4403067976,Success,CID442250,Mini,Rajajinagar,Padmanabhanagar,77.0,60.0,Not Applicable,Not Applicable,No,Not Applicable,652,Cash,13,3.8,3.7
2024-07-16 08:30:00,CNR2972883110,Canceled by Customer,CID239987,Mini,Sahakar Nagar,Hennur,,,Driver asked to cancel,Not Applicable,Not Applicable,Not Applicable,154,Not Applicable,0,,
2024-07-07 17:05:00,CNR4585682036,Success,CID428298,Mini,Electronic City,Yelahanka,161.0,130.0,Not Applicable,Not Applicable,No,Not Applicable,819,Cash,43,3.3,4.3
2024-07-24 15:15:00,CNR3859148695,Success,CID279166,eBike,Shantinagar,Indiranagar,294.0,145.0,Not Applicable,Not Applicable,No,Not Applicable,984,Cash,38,3.0,3.4
2024-07-28 17:13:00,CNR9439600459,Canceled by Driver,CID559149,Auto,Magadi Road,Sahakar Nagar,,,Not Applicable,Personal & Car related issue,Not Applicable,Not Applicable,612,Not Applicable,0,,
2024-07-19 17:56:00,CNR4560120443,Canceled by Driver,CID981832,Prime SUV,Peenya,Ramamurthy Nagar,,,Not Applicable,Personal & Car related issue,Not Applicable,Not Applicable,354,Not Applicable,0,,
2024-07-12 02:35:00,CNR8378783035,Canceled by Customer,CID730187,Prime SUV,Banashankari,Chickpet,,,AC is Not working,Not Applicable,Not Applicable,Not Applicable,1916,Not Applicable,0,,
2024-07-18 19:04:00,CNR4774680454,Success,CID429040,eBike,HSR Layout,Bellandur,182.0,65.0,Not Applicable,Not Applicable,No,Not Applicable,289,UPI,37,3.3,4.7
2024-07-02 04:43:00,CNR5187150788,Success,CID411506,Bike,Cox Town,Kengeri,231.0,140.0,Not Applicable,Not Applicable,No,Not Applicable,385,UPI,36,4.5,4.4
2024-07-14 12:22:00,CNR5055634358,Success,CID460634,Prime Plus,Ulsoor,Cox Town,266.0,140.0,Not Applicable,Not Applicable,Yes,Vehicle Breakdown,638,Credit Card,16,4.0,3.5
2024-07-30 11:19:00,CNR9935978839,Canceled by Customer,CID811085,Prime Sedan,Hosur Road,Shantinagar,,,Driver asked to cancel,Not Applicable,Not Applicable,Not Applicable,815,Not Applicable,0,,
2024-07-29 19:45:00,CNR7329879403,Success,CID487693,Bike,Vijayanagar,Tumkur Road,217.0,75.0,Not Applicable,Not Applicable,No,Not Applicable,655,Cash,7,4.3,3.0
2024-07-30 15:17:00,CNR6806357938,Canceled by Driver,CID931265,eBike,Ulsoor,Langford Town,,,Not Applicable,Personal & Car related issue,Not Applicable,Not Applicable,841,Not Applicable,0,,
2024-07-23 17:08:00,CNR1760828613,Success,CID765685,eBike,Nagarbhavi,Ulsoor,245.0,100.0,Not Applicable,Not Applicable,No,Not Applicable,275,Cash,39,4.2,4.2
2024-07-16 09:18:00,CNR7136535026,Success,CID471588,eBike,Majestic,Ulsoor,196.0,40.0,Not Applicable,Not Applicable,No,Not Applicable,420,Cash,6,3.3,4.0
2024-07-02 07:38:00,CNR7097289257,Driver Not Found,CID675578,Auto,Indiranagar,Peenya,,,Not Applicable,Not Applicable,Not Applicable,Not Applicable,492,Not Applicable,0,,
2024-07-12 12:29:00,CNR3638621469,Canceled by Customer,CID476676,eBike,Hennur,Langford Town,,,Driver is not moving towards pickup location,Not Applicable,Not Applicable,Not Applicable,1024,Not Applicable,0,,
2024-07-28 13:00:00,CNR1074558044,Success,CID239687,Prime SUV,Langford Town,BTM Layout,98.0,45.0,Not Applicable,Not Applicable,No,Not Applicable,332,UPI,28,4.5,4.2
2024-07-27 00:07:00,CNR6175596791,Success,CID184036,Auto,Whitefield,Marathahalli,168.0,105.0,Not Applicable,Not Applicable,No,Not Applicable,321,Cash,14,3.9,4.8
2024-07-05 03:15:00,CNR4974836150,Success,CID118059,Bike,Varthur,Vijayanagar,119.0,60.0,Not Applicable,Not Applicable,No,Not Applicable,397,UPI,24,3.0,4.9
2024-07-23 03:16:00,CNR9784359153,Success,CID210924,Bike,Hulimavu,RT Nagar,301.0,50.0,Not Applicable,Not Applicable,No,Not Applicable,405,UPI,30,3.8,3.8
2024-07-30 15:45:00,CNR3299296827,Canceled by Customer,CID371012,Prime Plus,Yelahanka,Malleshwaram,,,Driver is not moving towards pickup location,Not Applicable,Not Applicable,Not Applicable,639,Not Applicable,0,,
2024-07-19 15:40:00,CNR9704458645,Success,CID509747,eBike,Varthur,Malleshwaram,119.0,110.0,Not Applicable,Not Applicable,No,Not Applicable,573,Cash,46,3.7,3.3
2024-07-27 22:13:00,CNR9459119195,Canceled by Driver,CID789797,eBike,Hennur,Shantinagar,,,Not Applicable,More than permitted people in there,Not Applicable,Not Applicable,688,Not Applicable,0,,
2024-07-23 19:57:00,CNR1811957959,Canceled by Driver,CID277197,Mini,Magadi Road,Malleshwaram,,,Not Applicable,Customer was coughing/sick,Not Applicable,Not Applicable,2167,Not Applicable,0,,
2024-07-03 17:12:00,CNR1882643520,Canceled by Customer,CID708708,Bike,Hulimavu,Hosur Road,,,Change of plans,Not Applicable,Not Applicable,Not Applicable,395,Not Applicable,0,,
2024-07-04 03:56:00,CNR9561974887,Success,CID448981,Prime Plus,Cox Town,Bannerghatta Road,56.0,105.0,Not Applicable,Not Applicable,No,Not Applicable,2306,Cash,3,3.6,3.6
2024-07-27 01:03:00,CNR3206659303,Success,CID211082,Prime SUV,Cox Town,Indiranagar,84.0,115.0,Not Applicable,Not Applicable,No,Not Applicable,596,Cash,24,4.8,4.7
2024-07-13 16:51:00,CNR6519308123,Canceled by Driver,CID316889,Prime Plus,Sahakar Nagar,Hebbal,,,Not Applicable,Personal & Car related issue,Not Applicable,Not Applicable,342,Not Applicable,0,,
2024-07-28 19:18:00,CNR1445824500,Success,CID865131,Prime Plus,Mysore Road,Indiranagar,98.0,80.0,Not Applicable,Not Applicable,No,Not Applicable,392,UPI,16,4.5,4.9
2024-07-20 07:52:00,CNR7720511295,Success,CID225151,eBike,HSR Layout,Nagarbhavi,133.0,115.0,Not Applicable,Not Applicable,No,Not Applicable,309,Cash,43,4.5,4.4
2024-07-17 14:17:00,CNR2131337427,Driver Not Found,CID842277,Bike,Hulimavu,Devanahalli,,,Not Applicable,Not Applicable,Not Applicable,Not Applicable,256,Not Applicable,0,,
2024-07-04 11:15:00,CNR1743724421,Canceled by Driver,CID481208,Auto,Indiranagar,Banashankari,,,Not Applicable,Customer was coughing/sick,Not Applicable,Not Applicable,709,Not Applicable,0,,
2024-07-08 19:22:00,CNR4733406509,Canceled by Driver,CID518263,eBike,Hebbal,Shantinagar,,,Not Applicable,Personal & Car related issue,Not Applicable,Not Applicable,765,Not Applicable,0,,
2024-07-24 20:36:00,CNR7346914281,Success,CID767260,Bike,Hulimavu,Kammanahalli,175.0,105.0,Not Applicable,Not Applicable,No,Not Applicable,469,Cash,4,3.8,3.5
2024-07-04 15:47:00,CNR7763415205,Success,CID384941,Prime SUV,Shivajinagar,Sarjapur Road,308.0,25.0,Not Applicable,Not Applicable,No,Not Applicable,285,UPI,13,3.3,4.8
2024-07-15 11:14:00,CNR7794560432,Success,CID782687,Prime Sedan,Shivajinagar,Langford Town,224.0,45.0,Not Applicable,Not Applicable,No,Not Applicable,412,Cash,24,4.1,3.8
2024-07-04 16:25:00,CNR2974950935,Success,CID638253,Mini,Bannerghatta Road,Hulimavu,56.0,140.0,Not Applicable,Not Applicable,No,Not Applicable,173,UPI,25,4.5,4.0
2024-07-12 16:58:00,CNR5912808243,Success,CID216454,Bike,Hennur,Peenya,91.0,65.0,Not Applicable,Not Applicable,No,Not Applicable,122,Cash,18,3.9,3.3
2024-07-24 07:48:00,CNR1730175781,Success,CID871139,Prime Plus,Cox Town,Varthur,98.0,100.0,Not Applicable,Not Applicable,No,Not Applicable,259,Cash,6,3.7,3.1
2024-07-17 21:52:00,CNR2321747353,Success,CID821437,eBike,Kammanahalli,Malleshwaram,266.0,55.0,Not Applicable,Not Applicable,No,Not Applicable,391,UPI,33,4.8,4.3
2024-07-06 14:03:00,CNR8699085731,Success,CID435171,Prime Sedan,MG Road,Richmond Town,280.0,140.0,Not Applicable,Not Applicable,No,Not Applicable,916,Cash,2,3.4,4.5
2024-07-12 01:33:00,CNR1385326575,Success,CID167120,Bike,Whitefield,HSR Layout,112.0,35.0,Not Applicable,Not Applicable,No,Not Applicable,251,Cash,47,4.1,3.8
2024-07-27 10:37:00,CNR4976627951,Canceled by Customer,CID667497,Prime Sedan,Basavanagudi,Electronic City,,,Change of plans,Not Applicable,Not Applicable,Not Applicable,1348,Not Applicable,0,,
2024-07-05 02:42:00,CNR1873249807,Canceled by Driver,CID372852,Prime Plus,Bellandur,Padmanabhanagar,,,Not Applicable,Personal & Car related issue,Not Applicable,Not Applicable,393,Not Applicable,0,,
2024-07-11 12:57:00,CNR8256079729,Success,CID350630,Prime Sedan,Magadi Road,Frazer Town,245.0,115.0,Not Applicable,Not Applicable,No,Not Applicable,187,Cash,29,3.8,3.4
2024-07-27 07:50:00,CNR5776496541,Driver Not Found,CID343589,Prime Plus,Bellandur,Whitefield,,,Not Applicable,Not Applicable,Not Applicable,Not Applicable,375,Not Applicable,0,,
2024-07-06 18:13:00,CNR5840552893,Success,CID866757,Prime Sedan,Sarjapur Road,Yeshwanthpur,91.0,95.0,Not Applicable,Not Applicable,No,Not Applicable,328,Cash,3,4.1,4.8
2024-07-06 06:45:00,CNR7684549302,Success,CID393460,eBike,BTM Layout,Koramangala,42.0,45.0,Not Applicable,Not Applicable,No,Not Applicable,649,UPI,30,4.4,3.9
2024-07-10 20:38:00,CNR9377166295,Success,CID477143,Prime Plus,Ramamurthy Nagar,KR Puram,35.0,45.0,Not Applicable,Not Applicable,No,Not Applicable,165,Cash,14,4.7,3.7
2024-07-02 23:21:00,CNR5073843886,Canceled by Customer,CID753768,Mini,Langford Town,Ulsoor,,,Driver is not moving towards pickup location,Not Applicable,Not Applicable,Not Applicable,360,Not Applicable,0,,
2024-07-29 11:14:00,CNR1814512402,Driver Not Found,CID439779,eBike,Rajajinagar,KR Puram,,,Not Applicable,Not Applicable,Not Applicable,Not Applicable,160,Not Applicable,0,,
2024-07-17 09:18:00,CNR6850590019,Success,CID845612,Prime Sedan,Ulsoor,Hulimavu,140.0,60.0,Not Applicable,Not Applicable,No,Not Applicable,215,Cash,18,3.5,3.6
2024-07-16 23:38:00,CNR4312393498,Success,CID147569,Mini,Kengeri,Kengeri,77.0,60.0,Not Applicable,Not Applicable,No,Not Applicable,746,UPI,27,3.2,4.7
2024-07-05 20:29:00,CNR7941899484,Success,CID274971,eBike,Basavanagudi,Kammanahalli,98.0,115.0,Not Applicable,Not Applicable,No,Not Applicable,237,Cash,33,3.3,3.5
2024-07-14 14:35:00,CNR8459957024,Canceled by Driver,CID565746,Mini,Langford Town,Basavanagudi,,,Not Applicable,More than permitted people in there,Not Applicable,Not Applicable,230,Not Applicable,0,,
2024-07-05 21:22:00,CNR6211461137,Canceled by Customer,CID858624,eBike,Shantinagar,MG Road,,,Driver is not moving towards pickup location,Not Applicable,Not Applicable,Not Applicable,160,Not Applicable,0,,
2024-07-27 17:35:00,CNR2878123728,Success,CID495652,Prime SUV,Koramangala,Koramangala,49.0,100.0,Not Applicable,Not Applicable,No,Not Applicable,446,UPI,13,4.0,3.7
2024-07-24 04:02:00,CNR9748367314,Canceled by Customer,CID465249,Bike,Bellandur,Chamarajpet,,,AC is Not working,Not Applicable,Not Applicable,Not Applicable,283,Not Applicable,0,,
2024-07-08 10:16:00,CNR1005464579,Success,CID849157,Bike,Bannerghatta Road,Richmond Town,63.0,115.0,Not Applicable,Not Applicable,No,Not Applicable,340,Cash,2,3.4,4.8
2024-07-18 02:14:00,CNR3591475226,Success,CID825950,Mini,Marathahalli,Devanahalli,266.0,135.0,Not Applicable,Not Applicable,No,Not Applicable,2359,Cash,1,5.0,4.6
2024-07-13 01:00:00,CNR3100675101,Success,CID841960,Mini,HSR Layout,Electronic City,84.0,115.0,Not Applicable,Not Applicable,No,Not Applicable,472,UPI,29,3.2,4.7
2024-07-23 15:13:00,CNR1988413903,Success,CID656608,Prime Plus,Vijayanagar,Indiranagar,77.0,85.0,Not Applicable,Not Applicable,No,Not Applicable,375,UPI,10,3.1,4.3
2024-07-26 12:39:00,CNR8878346088,Success,CID451268,Bike,Peenya,Rajajinagar,287.0,55.0,Not Applicable,Not Applicable,No,Not Applicable,254,Cash,38,4.5,3.8
2024-07-11 08:53:00,CNR1648351683,Success,CID939161,Auto,Nagarbhavi,Electronic City,105.0,120.0,Not Applicable,Not Applicable,No,Not Applicable,484,UPI,12,5.0,3.8
2024-07-01 21:05:00,CNR8055025360,Success,CID315017,Auto,Chickpet,Magadi Road,49.0,50.0,Not Applicable,Not Applicable,No,Not Applicable,414,Credit Card,2,4.6,3.7
2024-07-25 15:38:00,CNR9778331308,Success,CID351239,Auto,HSR Layout,Majestic,252.0,105.0,Not Applicable,Not Applicable,No,Not Applicable,494,Cash,10,4.3,3.2
2024-07-18 06:15:00,CNR8039633520,Canceled by Customer,CID682530,Prime Sedan,Chickpet,Hulimavu,,,Driver is not moving towards pickup location,Not Applicable,Not Applicable,Not Applicable,322,Not Applicable,0,,
2024-07-27 14:54:00,CNR8678386441,Success,CID324582,Prime SUV,Nagarbhavi,Electronic City,203.0,135.0,Not Applicable,Not Applicable,No,Not Applicable,371,Cash,21,3.5,3.3
2024-07-18 02:25:00,CNR4691281370,Canceled by Driver,CID527136,Prime Plus,Cox Town,Kadugodi,,,Not Applicable,Personal & Car related issue,Not Applicable,Not Applicable,554,Not Applicable,0,,
2024-07-27 02:25:00,CNR3639524924,Success,CID170070,eBike,Kadugodi,Vijayanagar,140.0,115.0,Not Applicable,Not Applicable,Yes,Customer Demand,357,UPI,44,4.1,4.0
2024-07-14 06:41:00,CNR3771284031,Success,CID306442,Bike,Chickpet,Hosur Road,42.0,75.0,Not Applicable,Not Applicable,No,Not Applicable,159,Cash,40,4.1,4.4
2024-07-29 13:58:00,CNR5855117461,Success,CID854994,Bike,Tumkur Road,Nagarbhavi,210.0,120.0,Not Applicable,Not Applicable,No,Not Applicable,326,UPI,19,4.5,4.1
2024-07-28 16:42:00,CNR6400684418,Canceled by Driver,CID529191,Bike,Jayanagar,Bellandur,,,Not Applicable,Customer was coughing/sick,Not Applicable,Not Applicable,1809,Not Applicable,0,,
2024-07-20 13:02:00,CNR6105855977,Success,CID150976,Auto,Whitefield,Langford Town,56.0,50.0,Not Applicable,Not Applicable,No,Not Applicable,476,Cash,6,3.7,3.9
2024-07-22 05:49:00,CNR3452997444,Success,CID788261,Prime Sedan,Peenya,Kammanahalli,154.0,35.0,Not Applicable,Not Applicable,No,Not Applicable,165,UPI,28,4.3,4.9
2024-07-08 04:18:00,CNR2522285527,Success,CID884237,Auto,BTM Layout,Koramangala,175.0,75.0,Not Applicable,Not Applicable,No,Not Applicable,335,Cash,18,3.9,4.6
2024-07-25 16:15:00,CNR8850415815,Success,CID397744,Bike,Chickpet,Indiranagar,105.0,145.0,Not Applicable,Not Applicable,No,Not Applicable,372,Cash,26,4.0,4.6
2024-07-30 22:15:00,CNR5297579719,Success,CID996734,Auto,Whitefield,Nagarbhavi,98.0,70.0,Not Applicable,Not Applicable,No,Not Applicable,146,Cash,3,3.9,3.2
2024-07-06 01:05:00,CNR7468931334,Success,CID612827,Prime Plus,Koramangala,Langford Town,231.0,145.0,Not Applicable,Not Applicable,Yes,Customer Demand,424,UPI,30,4.5,4.9
2024-07-23 05:28:00,CNR1550364154,Success,CID455198,Prime SUV,Yelahanka,JP Nagar,35.0,85.0,Not Applicable,Not Applicable,No,Not Applicable,129,UPI,37,3.1,3.4
2024-07-04 00:43:00,CNR1063983930,Success,CID115085,Prime Sedan,Hennur,Chamarajpet,259.0,85.0,Not Applicable,Not Applicable,No,Not Applicable,298,Debit Card,33,4.9,5.0
2024-07-25 21:56:00,CNR7499470946,Driver Not Found,CID798256,Auto,Yeshwanthpur,Kammanahalli,,,Not Applicable,Not Applicable,Not Applicable,Not Applicable,110,Not Applicable,0,,
2024-07-29 17:24:00,CNR3513057254,Canceled by Driver,CID932631,Bike,Magadi Road,BTM Layout,,,Not Applicable,Personal & Car related issue,Not Applicable,Not Applicable,475,Not Applicable,0,,
2024-07-15 02:29:00,CNR7817349314,Driver Not Found,CID492374,Prime Sedan,Jayanagar,Shivajinagar,,,Not Applicable,Not Applicable,Not Applicable,Not Applicable,335,Not Applicable,0,,
2024-07-04 15:15:00,CNR9803633142,Success,CID207050,Auto,JP Nagar,Rajarajeshwari Nagar,308.0,135.0,Not Applicable,Not Applicable,No,Not Applicable,417,Cash,6,3.8,3.9
2024-07-07 03:22:00,CNR1726906493,Success,CID502360,Prime Sedan,Langford Town,Mysore Road,224.0,100.0,Not Applicable,Not Applicable,No,Not Applicable,289,Cash,48,3.5,3.7
2024-07-19 10:19:00,CNR7767728056,Canceled by Driver,CID337443,Prime Plus,Frazer Town,Shivajinagar,,,Not Applicable,Customer related issue,Not Applicable,Not Applicable,333,Not Applicable,0,,
2024-07-15 16:46:00,CNR3355869805,Success,CID339184,Mini,Bellandur,Shantinagar,189.0,45.0,Not Applicable,Not Applicable,No,Not Applicable,642,Cash,26,4.7,4.6
2024-07-16 01:20:00,CNR9484411535,Success,CID651293,Mini,Devanahalli,Vijayanagar,140.0,95.0,Not Applicable,Not Applicable,No,Not Applicable,670,UPI,15,3.6,3.3
2024-07-10 14:21:00,CNR8931779041,Success,CID597102,Prime Sedan,Kadugodi,Hennur,168.0,105.0,Not Applicable,Not Applicable,No,Not Applicable,111,UPI,32,4.3,3.8
2024-07-10 06:30:00,CNR1670141881,Canceled by Driver,CID392842,Prime SUV,Electronic City,Jayanagar,,,Not Applicable,Personal & Car related issue,Not Applicable,Not Applicable,824,Not Applicable,0,,
2024-07-13 09:47:00,CNR5495394461,Success,CID332757,eBike,Kengeri,Jayanagar,189.0,80.0,Not Applicable,Not Applicable,No,Not Applicable,655,Cash,40,3.6,4.1
2024-07-22 13:19:00,CNR2776380505,Canceled by Customer,CID525141,Auto,Jayanagar,Ulsoor,,,Driver asked to cancel,Not Applicable,Not Applicable,Not Applicable,113,Not Applicable,0,,
2024-07-14 16:08:00,CNR1535322846,Success,CID705445,Prime Sedan,Padmanabhanagar,Malleshwaram,63.0,100.0,Not Applicable,Not Applicable,No,Not Applicable,295,Cash,21,3.1,4.1
2024-07-27 12:14:00,CNR8519683882,Success,CID217054,eBike,Indiranagar,Varthur,182.0,65.0,Not Applicable,Not Applicable,No,Not Applicable,534,Cash,13,3.6,3.1
2024-07-30 09:58:00,CNR2378813532,Success,CID280671,Bike,Majestic,Shivajinagar,196.0,85.0,Not Applicable,Not Applicable,No,Not Applicable,123,Credit Card,34,4.0,4.1
2024-07-15 05:56:00,CNR3118930470,Canceled by Customer,CID458351,Prime Sedan,Hennur,Vijayanagar,,,Driver asked to cancel,Not Applicable,Not Applicable,Not Applicable,315,Not Applicable,0,,
2024-07-17 15:58:00,CNR8211902672,Success,CID792119,Prime Plus,Bellandur,Electronic City,266.0,130.0,Not Applicable,Not Applicable,Yes,Customer Demand,218,Cash,18,4.4,4.5
2024-07-20 09:06:00,CNR1816355201,Success,CID102165,Prime SUV,Indiranagar,Bannerghatta Road,287.0,105.0,Not Applicable,Not Applicable,No,Not Applicable,369,Cash,3,3.9,4.6
2024-07-06 14:41:00,CNR2371454752,Canceled by Driver,CID390115,Prime Plus,Varthur,HSR Layout,,,Not Applicable,Customer related issue,Not Applicable,Not Applicable,962,Not Applicable,0,,
2024-07-05 19:53:00,CNR5953161480,Success,CID833166,Mini,Sarjapur Road,Hulimavu,112.0,80.0,Not Applicable,Not Applicable,No,Not Applicable,2419,Cash,22,3.4,3.8
2024-07-16 01:39:00,CNR8489259408,Success,CID899334,Auto,Padmanabhanagar,MG Road,238.0,75.0,Not Applicable,Not Applicable,No,Not Applicable,164,Cash,4,4.3,4.6
2024-07-20 20:37:00,CNR8079145164,Success,CID192893,Prime SUV,Jayanagar,Shantinagar,140.0,80.0,Not Applicable,Not Applicable,No,Not Applicable,405,UPI,46,3.7,4.7
2024-07-13 17:58:00,CNR8897966538,Canceled by Driver,CID336906,Prime Plus,Hosur Road,Banashankari,,,Not Applicable,Personal & Car related issue,Not Applicable,Not Applicable,201,Not Applicable,0,,
2024-07-30 17:43:00,CNR9997011231,Success,CID500716,Auto,RT Nagar,Kadugodi,203.0,125.0,Not Applicable,Not Applicable,No,Not Applicable,1738,Cash,15,3.3,3.6
2024-07-06 19:51:00,CNR3954214772,Success,CID401321,Bike,HSR Layout,Rajarajeshwari Nagar,77.0,65.0,Not Applicable,Not Applicable,No,Not Applicable,352,Cash,30,3.8,3.9
2024-07-26 15:06:00,CNR8949116147,Success,CID543269,Auto,JP Nagar,Rajajinagar,294.0,95.0,Not Applicable,Not Applicable,No,Not Applicable,837,Cash,11,3.5,4.7
2024-07-07 11:33:00,CNR3786579825,Success,CID142091,Prime Plus,Ramamurthy Nagar,Ramamurthy Nagar,231.0,40.0,Not Applicable,Not Applicable,No,Not Applicable,328,UPI,15,4.0,3.6
2024-07-07 06:41:00,CNR1291182948,Canceled by Customer,CID525737,Prime Plus,Hennur,Frazer Town,,,Driver is not moving towards pickup location,Not Applicable,Not Applicable,Not Applicable,330,Not Applicable,0,,
2024-07-18 11:01:00,CNR7121489979,Driver Not Found,CID472276,Bike,Langford Town,Peenya,,,Not Applicable,Not Applicable,Not Applicable,Not Applicable,200,Not Applicable,0,,
2024-07-11 23:28:00,CNR2804759316,Canceled by Driver,CID457496,eBike,Indiranagar,Rajarajeshwari Nagar,,,Not Applicable,Personal & Car related issue,Not Applicable,Not Applicable,493,Not Applicable,0,,
2024-07-26 23:27:00,CNR4551779927,Canceled by Driver,CID117965,Prime Sedan,Tumkur Road,Shantinagar,,,Not Applicable,More than permitted people in there,Not Applicable,Not Applicable,400,Not Applicable,0,,
2024-07-29 13:18:00,CNR3803593085,Success,CID176953,Mini,Hebbal,JP Nagar,49.0,75.0,Not Applicable,Not Applicable,No,Not Applicable,315,Cash,11,4.8,4.9
2024-07-05 11:15:00,CNR8911637542,Success,CID763576,Mini,Nagarbhavi,Sarjapur Road,210.0,120.0,Not Applicable,Not Applicable,No,Not Applicable,943,UPI,12,3.7,3.7
2024-07-13 07:01:00,CNR1350599268,Canceled by Driver,CID548820,Prime Plus,Basavanagudi,Peenya,,,Not Applicable,Personal & Car related issue,Not Applicable,Not Applicable,973,Not Applicable,0,,
2024-07-03 17:51:00,CNR9897913694,Canceled by Driver,CID394047,Prime SUV,Sahakar Nagar,Basavanagudi,,,Not Applicable,Customer related issue,Not Applicable,Not Applicable,633,Not Applicable,0,,
2024-07-05 09:22:00,CNR8143999128,Canceled by Driver,CID310702,Mini,Shantinagar,Cox Town,,,Not Applicable,Customer was coughing/sick,Not Applicable,Not Applicable,404,Not Applicable,0,,
2024-07-26 18:34:00,CNR1620798660,Success,CID244765,Prime Sedan,Magadi Road,KR Puram,84.0,135.0,Not Applicable,Not Applicable,No,Not Applicable,275,Cash,11,3.2,4.0
2024-07-07 05:10:00,CNR1301596216,Success,CID995597,Bike,Indiranagar,Cox Town,245.0,140.0,Not Applicable,Not Applicable,No,Not Applicable,176,Cash,28,3.2,3.1
2024-07-04 13:16:00,CNR4004892660,Canceled by Driver,CID219329,Prime Sedan,Shivajinagar,Yelahanka,,,Not Applicable,Personal & Car related issue,Not Applicable,Not Applicable,240,Not Applicable,0,,
2024-07-14 11:24:00,CNR9523776749,Canceled by Customer,CID299081,Mini,Marathahalli,Vijayanagar,,,Driver is not moving towards pickup location,Not Applicable,Not Applicable,Not Applicable,474,Not Applicable,0,,
2024-07-30 20:54:00,CNR9086525014,Canceled by Customer,CID978245,Prime Plus,Shivajinagar,RT Nagar,,,Wrong Address,Not Applicable,Not Applicable,Not Applicable,101,Not Applicable,0,,
2024-07-30 18:48:00,CNR7163906439,Canceled by Customer,CID540934,Prime SUV,MG Road,Rajarajeshwari Nagar,,,Driver is not moving towards pickup location,Not Applicable,Not Applicable,Not Applicable,391,Not Applicable,0,,
2024-07-29 10:40:00,CNR8814748343,Canceled by Customer,CID541542,Mini,Langford Town,Marathahalli,,,Driver is not moving towards pickup location,Not Applicable,Not Applicable,Not Applicable,591,Not Applicable,0,,
2024-07-05 01:54:00,CNR9258271187,Success,CID804531,Prime SUV,Hosur Road,Tumkur Road,161.0,30.0,Not Applicable,Not Applicable,No,Not Applicable,935,UPI,26,3.9,3.2
2024-07-01 08:34:00,CNR5910993732,Driver Not Found,CID946247,Mini,Ramamurthy Nagar,Langford Town,,,Not Applicable,Not Applicable,Not Applicable,Not Applicable,449,Not Applicable,0,,
2024-07-15 12:59:00,CNR5833539283,Success,CID576766,Prime Sedan,Peenya,Shantinagar,133.0,85.0,Not Applicable,Not Applicable,No,Not Applicable,482,Cash,47,3.1,4.8
2024-07-20 06:25:00,CNR5682614169,Canceled by Driver,CID744710,Auto,Chickpet,Peenya,,,Not Applicable,Customer was coughing/sick,Not Applicable,Not Applicable,157,Not Applicable,0,,
2024-07-19 12:12:00,CNR8801200477,Canceled by Driver,CID448144,eBike,Devanahalli,Langford Town,,,Not Applicable,Customer was coughing/sick,Not Applicable,Not Applicable,498,Not Applicable,0,,
2024-07-18 19:49:00,CNR1699268882,Success,CID702224,Auto,Chickpet,JP Nagar,161.0,100.0,Not Applicable,Not Applicable,No,Not Applicable,784,UPI,2,3.5,3.3
2024-07-17 13:48:00,CNR4407029924,Canceled by Customer,CID988257,eBike,Basavanagudi,Hebbal,,,Change of plans,Not Applicable,Not Applicable,Not Applicable,1605,Not Applicable,0,,
2024-07-28 05:51:00,CNR8182104566,Success,CID448741,Bike,Electronic City,Majestic,245.0,30.0,Not Applicable,Not Applicable,No,Not Applicable,354,Cash,38,3.9,3.8
2024-07-19 02:07:00,CNR7042307133,Driver Not Found,CID424802,Mini,Sarjapur Road,Mysore Road,,,Not Applicable,Not Applicable,Not Applicable,Not Applicable,390,Not Applicable,0,,
2024-07-13 20:32:00,CNR6077970699,Canceled by Customer,CID649157,Prime Plus,Kengeri,Peenya,,,AC is Not working,Not Applicable,Not Applicable,Not Applicable,378,Not Applicable,0,,
2024-07-23 05:16:00,CNR2698972595,Success,CID121806,Prime Sedan,Cox Town,Peenya,308.0,35.0,Not Applicable,Not Applicable,No,Not Applicable,464,Cash,13,4.9,3.7
2024-07-15 13:56:00,CNR1560201277,Success,CID294088,Prime Plus,Jayanagar,Frazer Town,147.0,110.0,Not Applicable,Not Applicable,No,Not Applicable,1426,Cash,43,3.9,4.7
2024-07-19 04:45:00,CNR6442192631,Success,CID464682,Bike,Kengeri,Hulimavu,308.0,30.0,Not Applicable,Not Applicable,No,Not Applicable,251,Cash,19,3.8,3.8
2024-07-28 08:22:00,CNR6243423347,Canceled by Driver,CID786191,Auto,Rajarajeshwari Nagar,Kammanahalli,,,Not Applicable,More than permitted people in there,Not Applicable,Not Applicable,265,Not Applicable,0,,
2024-07-28 00:50:00,CNR4320651243,Success,CID553863,Prime Sedan,Kammanahalli,Peenya,77.0,140.0,Not Applicable,Not Applicable,No,Not Applicable,163,Cash,9,4.7,3.9
2024-07-24 14:00:00,CNR9374104324,Canceled by Customer,CID848697,Mini,Malleshwaram,Varthur,,,Change of plans,Not Applicable,Not Applicable,Not Applicable,478,Not Applicable,0,,
2024-07-18 14:57:00,CNR2376774152,Success,CID785974,Mini,Yeshwanthpur,Sahakar Nagar,154.0,95.0,Not Applicable,Not Applicable,No,Not Applicable,881,Cash,2,4.5,3.1
2024-07-02 17:23:00,CNR4781474470,Canceled by Driver,CID399929,Mini,Chamarajpet,Devanahalli,,,Not Applicable,Customer related issue,Not Applicable,Not Applicable,2979,Not Applicable,0,,
2024-07-22 02:04:00,CNR6970677445,Canceled by Driver,CID284668,Prime SUV,Devanahalli,Indiranagar,,,Not Applicable,Personal & Car related issue,Not Applicable,Not Applicable,192,Not Applicable,0,,
2024-07-14 20:29:00,CNR6520031137,Success,CID423162,Prime Sedan,Banashankari,RT Nagar,301.0,140.0,Not Applicable,Not Applicable,No,Not Applicable,384,Cash,27,3.7,3.2
2024-07-29 23:51:00,CNR4101098013,Canceled by Customer,CID257850,Prime Sedan,Majestic,Langford Town,,,Change of plans,Not Applicable,Not Applicable,Not Applicable,312,Not Applicable,0,,
2024-07-09 00:30:00,CNR9082609308,Success,CID816030,Mini,Mysore Road,Ramamurthy Nagar,196.0,75.0,Not Applicable,Not Applicable,No,Not Applicable,476,Cash,2,4.1,3.2
2024-07-25 16:12:00,CNR1995912936,Canceled by Customer,CID318710,Prime Plus,Sahakar Nagar,Kammanahalli,,,Driver asked to cancel,Not Applicable,Not Applicable,Not Applicable,269,Not Applicable,0,,
2024-07-06 06:19:00,CNR3054570743,Driver Not Found,CID272443,Prime Plus,Kadugodi,Cox Town,,,Not Applicable,Not Applicable,Not Applicable,Not Applicable,1214,Not Applicable,0,,
2024-07-19 16:15:00,CNR9519928494,Canceled by Driver,CID762034,Prime SUV,Jayanagar,Rajajinagar,,,Not Applicable,Personal & Car related issue,Not Applicable,Not Applicable,617,Not Applicable,0,,
2024-07-11 10:18:00,CNR5147337208,Success,CID118475,Auto,Sarjapur Road,Ramamurthy Nagar,301.0,45.0,Not Applicable,Not Applicable,No,Not Applicable,224,Cash,2,4.6,4.1
2024-07-29 04:41:00,CNR9262024055,Success,CID103250,Prime Plus,Kengeri,Chickpet,98.0,105.0,Not Applicable,Not Applicable,No,Not Applicable,2989,UPI,9,4.6,4.9
2024-07-16 21:10:00,CNR2119884848,Success,CID420725,Prime Sedan,RT Nagar,Hebbal,63.0,90.0,Not Applicable,Not Applicable,No,Not Applicable,1308,Cash,36,3.3,3.5
2024-07-21 04:05:00,CNR2290419998,Success,CID933850,Prime Sedan,Kadugodi,Peenya,189.0,145.0,Not Applicable,Not Applicable,No,Not Applicable,499,Cash,40,4.9,4.5
2024-07-20 17:36:00,CNR2569413530,Success,CID951353,Auto,BTM Layout,Langford Town,182.0,95.0,Not Applicable,Not Applicable,No,Not Applicable,457,UPI,19,4.0,4.4
2024-07-16 23:42:00,CNR8486537969,Success,CID944485,Auto,Electronic City,Hosur Road,126.0,80.0,Not Applicable,Not Applicable,No,Not Applicable,445,Cash,5,4.9,3.2
2024-07-02 17:54:00,CNR1479335334,Success,CID962317,Prime Sedan,Chamarajpet,Chamarajpet,266.0,145.0,Not Applicable,Not Applicable,No,Not Applicable,106,UPI,39,3.5,3.0
2024-07-17 12:07:00,CNR2275134853,Success,CID792855,Mini,Vijayanagar,Langford Town,266.0,60.0,Not Applicable,Not Applicable,No,Not Applicable,574,UPI,23,4.7,3.2
2024-07-13 22:17:00,CNR8400105483,Success,CID825457,Prime SUV,Koramangala,Mysore Road,49.0,105.0,Not Applicable,Not Applicable,No,Not Applicable,367,Cash,9,3.7,5.0
2024-07-24 22:54:00,CNR8727606801,Success,CID775736,Auto,Jayanagar,Sahakar Nagar,280.0,80.0,Not Applicable,Not Applicable,No,Not Applicable,464,UPI,9,5.0,3.4
2024-07-20 11:18:00,CNR3292336465,Success,CID648592,eBike,Electronic City,HSR Layout,91.0,145.0,Not Applicable,Not Applicable,No,Not Applicable,318,Cash,27,4.8,4.1
2024-07-22 07:04:00,CNR3084416642,Success,CID370576,Auto,Peenya,Shantinagar,56.0,60.0,Not Applicable,Not Applicable,No,Not Applicable,2862,Credit Card,12,3.6,3.3
2024-07-30 13:21:00,CNR8655805458,Success,CID545891,Prime Sedan,JP Nagar,Banashankari,196.0,30.0,Not Applicable,Not Applicable,No,Not Applicable,980,Debit Card,8,3.2,4.9
2024-07-12 18:30:00,CNR3011350208,Canceled by Driver,CID897730,Mini,Malleshwaram,Banashankari,,,Not Applicable,Personal & Car related issue,Not Applicable,Not Applicable,243,Not Applicable,0,,
2024-07-22 16:06:00,CNR5958523605,Canceled by Driver,CID718199,Prime Plus,Mysore Road,Bannerghatta Road,,,Not Applicable,Customer related issue,Not Applicable,Not Applicable,345,Not Applicable,0,,
2024-07-24 05:50:00,CNR3616828447,Canceled by Driver,CID231263,Mini,Ramamurthy Nagar,MG Road,,,Not Applicable,Customer related issue,Not Applicable,Not Applicable,327,Not Applicable,0,,
2024-07-24 06:34:00,CNR8679804551,Success,CID174267,eBike,Marathahalli,Mysore Road,42.0,115.0,Not Applicable,Not Applicable,Yes,Other Issue,518,UPI,21,4.1,3.4
2024-07-25 18:17:00,CNR5596326995,Driver Not Found,CID137283,Prime SUV,Malleshwaram,Tumkur Road,,,Not Applicable,Not Applicable,Not Applicable,Not Applicable,472,Not Applicable,0,,
2024-07-20 19:28:00,CNR5878220136,Success,CID760906,Auto,Banashankari,Sahakar Nagar,63.0,25.0,Not Applicable,Not Applicable,No,Not Applicable,495,Cash,17,3.4,3.4
2024-07-18 10:26:00,CNR2553791721,Driver Not Found,CID155696,Prime Sedan,Bellandur,Sarjapur Road,,,Not Applicable,Not Applicable,Not Applicable,Not Applicable,440,Not Applicable,0,,
2024-07-13 05:26:00,CNR7402796159,Canceled by Customer,CID836024,Bike,Devanahalli,Banashankari,,,Wrong Address,Not Applicable,Not Applicable,Not Applicable,131,Not Applicable,0,,
2024-07-10 12:01:00,CNR9658648912,Success,CID977264,Bike,Kammanahalli,Hennur,301.0,135.0,Not Applicable,Not Applicable,No,Not Applicable,320,Cash,27,3.5,3.7
2024-07-25 21:38:00,CNR1660977795,Success,CID947525,eBike,Shantinagar,JP Nagar,231.0,95.0,Not Applicable,Not Applicable,No,Not Applicable,226,UPI,2,3.9,4.9
2024-07-07 14:57:00,CNR3647927026,Success,CID853140,Auto,Rajarajeshwari Nagar,Hebbal,98.0,130.0,Not Applicable,Not Applicable,No,Not Applicable,297,Debit Card,10,4.0,3.1
2024-07-12 21:08:00,CNR9621728189,Success,CID535490,Bike,Jayanagar,Frazer Town,231.0,50.0,Not Applicable,Not Applicable,Yes,Customer Demand,181,Cash,21,3.6,3.4
2024-07-11 17:30:00,CNR6710929681,Canceled by Driver,CID654638,Bike,Hennur,Marathahalli,,,Not Applicable,Customer related issue,Not Applicable,Not Applicable,153,Not Applicable,0,,
2024-07-19 15:44:00,CNR4183577894,Driver Not Found,CID583805,Prime Plus,Kammanahalli,Hosur Road,,,Not Applicable,Not Applicable,Not Applicable,Not Applicable,141,Not Applicable,0,,
2024-07-17 16:54:00,CNR4329529684,Success,CID940576,eBike,Tumkur Road,Mysore Road,182.0,65.0,Not Applicable,Not Applicable,No,Not Applicable,666,UPI,47,3.1,3.8
2024-07-11 19:46:00,CNR5368032309,Success,CID335517,eBike,Langford Town,Indiranagar,196.0,110.0,Not Applicable,Not Applicable,No,Not Applicable,960,Cash,26,3.8,4.7
2024-07-11 16:40:00,CNR9673376610,Canceled by Driver,CID468522,Mini,Ramamurthy Nagar,Kengeri,,,Not Applicable,Personal & Car related issue,Not Applicable,Not Applicable,2191,Not Applicable,0,,
2024-07-13 04:30:00,CNR8375770697,Driver Not Found,CID397674,Prime SUV,Tumkur Road,Hulimavu,,,Not Applicable,Not Applicable,Not Applicable,Not Applicable,158,Not Applicable,0,,
2024-07-15 01:52:00,CNR9609728123,Success,CID265637,Prime Plus,Chamarajpet,Magadi Road,231.0,30.0,Not Applicable,Not Applicable,No,Not Applicable,887,Cash,31,3.5,3.8
2024-07-06 19:34:00,CNR9675188347,Success,CID281603,Prime Plus,Padmanabhanagar,Varthur,196.0,115.0,Not Applicable,Not Applicable,No,Not Applicable,135,Cash,8,4.5,5.0
2024-07-04 11:18:00,CNR9660235137,Success,CID993335,Mini,Chickpet,Sahakar Nagar,280.0,45.0,Not Applicable,Not Applicable,No,Not Applicable,839,Cash,18,4.0,4.2
2024-07-10 23:28:00,CNR2996376312,Canceled by Customer,CID776418,eBike,Frazer Town,Magadi Road,,,Driver asked to cancel,Not Applicable,Not Applicable,Not Applicable,341,Not Applicable,0,,
2024-07-29 23:12:00,CNR3552506725,Success,CID921556,eBike,Malleshwaram,Rajarajeshwari Nagar,105.0,95.0,Not Applicable,Not Applicable,No,Not Applicable,1334,UPI,2,3.4,3.7
2024-07-29 12:24:00,CNR7490813975,Success,CID812296,Auto,Varthur,Bannerghatta Road,238.0,80.0,Not Applicable,Not Applicable,No,Not Applicable,463,Cash,9,3.2,3.7
2024-07-26 05:05:00,CNR5763728448,Canceled by Driver,CID534709,Bike,Frazer Town,Peenya,,,Not Applicable,Personal & Car related issue,Not Applicable,Not Applicable,176,Not Applicable,0,,
2024-07-04 16:55:00,CNR7456508449,Success,CID167427,Prime Plus,Banashankari,Bannerghatta Road,287.0,90.0,Not Applicable,Not Applicable,No,Not Applicable,464,UPI,7,4.3,3.7
2024-07-18 19:26:00,CNR2560458294,Canceled by Customer,CID854082,eBike,Ulsoor,Basavanagudi,,,Change of plans,Not Applicable,Not Applicable,Not Applicable,384,Not Applicable,0,,
2024-07-05 02:18:00,CNR4017332263,Canceled by Driver,CID283442,eBike,Frazer Town,Chamarajpet,,,Not Applicable,Customer was coughing/sick,Not Applicable,Not Applicable,259,Not Applicable,0,,
2024-07-16 08:58:00,CNR9733513747,Success,CID786001,Bike,Tumkur Road,Banashankari,301.0,140.0,Not Applicable,Not Applicable,No,Not Applicable,473,UPI,46,4.8,3.6
2024-07-26 03:25:00,CNR9936694096,Canceled by Driver,CID859773,Bike,Hebbal,Hebbal,,,Not Applicable,Customer was coughing/sick,Not Applicable,Not Applicable,508,Not Applicable,0,,
2024-07-28 02:22:00,CNR4615700801,Success,CID756966,Mini,Kammanahalli,Malleshwaram,182.0,140.0,Not Applicable,Not Applicable,No,Not Applicable,179,UPI,32,4.2,4.9
2024-07-25 16:59:00,CNR9852603407,Success,CID898815,Auto,Banashankari,Ulsoor,119.0,90.0,Not Applicable,Not Applicable,No,Not Applicable,505,UPI,3,3.4,5.0
2024-07-13 20:28:00,CNR9216438161,Success,CID351719,eBike,Majestic,Sahakar Nagar,126.0,65.0,Not Applicable,Not Applicable,No,Not Applicable,303,UPI,45,4.6,4.0
2024-07-06 15:23:00,CNR6398104936,Driver Not Found,CID391403,Prime SUV,Ulsoor,Vijayanagar,,,Not Applicable,Not Applicable,Not Applicable,Not Applicable,561,Not Applicable,0,,
2024-07-07 05:18:00,CNR4049038241,Canceled by Customer,CID658789,Auto,Rajajinagar,Ulsoor,,,Change of plans,Not Applicable,Not Applicable,Not Applicable,402,Not Applicable,0,,
2024-07-29 21:33:00,CNR5693537113,Success,CID394590,Auto,Langford Town,Sahakar Nagar,231.0,100.0,Not Applicable,Not Applicable,No,Not Applicable,1245,UPI,9,4.6,3.4
2024-07-28 20:58:00,CNR4150778000,Success,CID383823,eBike,Shantinagar,Bannerghatta Road,273.0,145.0,Not Applicable,Not Applicable,Yes,Customer Demand,1204,Credit Card,15,4.2,4.7
2024-07-25 10:08:00,CNR1115948860,Success,CID553254,eBike,HSR Layout,Padmanabhanagar,203.0,85.0,Not Applicable,Not Applicable,No,Not Applicable,558,UPI,21,4.7,3.4
2024-07-12 22:21:00,CNR3026451357,Success,CID713553,Bike,Malleshwaram,Kammanahalli,70.0,140.0,Not Applicable,Not Applicable,No,Not Applicable,224,Cash,3,3.1,4.6
2024-07-24 17:48:00,CNR6447075500,Success,CID813455,Mini,RT Nagar,Electronic City,238.0,50.0,Not Applicable,Not Applicable,No,Not Applicable,337,UPI,46,3.6,3.6
2024-07-28 21:30:00,CNR9320125103,Canceled by Driver,CID331150,eBike,Bannerghatta Road,Vijayanagar,,,Not Applicable,Customer was coughing/sick,Not Applicable,Not Applicable,309,Not Applicable,0,,
2024-07-10 20:11:00,CNR8761709748,Success,CID298127,eBike,Bannerghatta Road,Rajarajeshwari Nagar,203.0,80.0,Not Applicable,Not Applicable,No,Not Applicable,473,UPI,39,3.3,3.5
2024-07-02 17:48:00,CNR2232363047,Success,CID251241,Prime SUV,Marathahalli,Sarjapur Road,119.0,80.0,Not Applicable,Not Applicable,No,Not Applicable,1653,UPI,26,3.8,3.7
2024-07-19 08:22:00,CNR1740411161,Success,CID524046,Prime Plus,Rajarajeshwari Nagar,Jayanagar,35.0,145.0,Not Applicable,Not Applicable,No,Not Applicable,457,UPI,35,3.9,3.4
2024-07-08 15:02:00,CNR2071335984,Success,CID793202,eBike,Padmanabhanagar,Langford Town,112.0,140.0,Not Applicable,Not Applicable,No,Not Applicable,203,Cash,5,3.7,3.4
2024-07-10 07:49:00,CNR9609811656,Success,CID983914,Auto,Rajajinagar,Kammanahalli,294.0,25.0,Not Applicable,Not Applicable,No,Not Applicable,2865,Cash,15,3.9,4.3
2024-07-28 05:31:00,CNR3494406202,Success,CID992323,Prime Sedan,Indiranagar,Shantinagar,266.0,50.0,Not Applicable,Not Applicable,No,Not Applicable,295,Cash,45,3.1,3.2
2024-07-26 07:41:00,CNR5037381321,Success,CID290128,Mini,Hulimavu,Mysore Road,217.0,70.0,Not Applicable,Not Applicable,No,Not Applicable,411,Cash,47,4.7,3.3
2024-07-30 06:25:00,CNR4243710026,Success,CID280124,Prime Sedan,Richmond Town,Vijayanagar,294.0,70.0,Not Applicable,Not Applicable,No,Not Applicable,424,Cash,18,4.2,3.0
2024-07-26 17:54:00,CNR6576365605,Success,CID362402,eBike,Ulsoor,Langford Town,196.0,120.0,Not Applicable,Not Applicable,No,Not Applicable,464,Cash,3,3.7,3.2
2024-07-12 05:31:00,CNR9773038146,Canceled by Customer,CID760850,Bike,Peenya,Majestic,,,Driver is not moving towards pickup location,Not Applicable,Not Applicable,Not Applicable,394,Not Applicable,0,,
2024-07-07 16:50:00,CNR2693773903,Driver Not Found,CID686918,Prime Sedan,Padmanabhanagar,RT Nagar,,,Not Applicable,Not Applicable,Not Applicable,Not Applicable,233,Not Applicable,0,,
2024-07-06 05:14:00,CNR8928358184,Driver Not Found,CID280020,Prime Sedan,Cox Town,Electronic City,,,Not Applicable,Not Applicable,Not Applicable,Not Applicable,539,Not Applicable,0,,
2024-07-25 16:17:00,CNR3334652311,Success,CID461062,Bike,Peenya,Vijayanagar,287.0,80.0,Not Applicable,Not Applicable,No,Not Applicable,277,Cash,45,4.5,3.2
2024-07-27 16:47:00,CNR8773395349,Canceled by Customer,CID537100,Bike,Marathahalli,MG Road,,,Driver is not moving towards pickup location,Not Applicable,Not Applicable,Not Applicable,244,Not Applicable,0,,
2024-07-13 04:53:00,CNR4420048633,Success,CID233639,Prime Plus,Malleshwaram,Ulsoor,42.0,135.0,Not Applicable,Not Applicable,No,Not Applicable,420,UPI,17,4.9,3.3
2024-07-17 06:28:00,CNR6275144073,Canceled by Customer,CID970894,Prime SUV,Richmond Town,Marathahalli,,,Driver is not moving towards pickup location,Not Applicable,Not Applicable,Not Applicable,901,Not Applicable,0,,
2024-07-16 06:17:00,CNR1168380295,Success,CID635736,Auto,Hulimavu,Chamarajpet,217.0,125.0,Not Applicable,Not Applicable,No,Not Applicable,607,Cash,1,4.1,4.8
2024-07-06 10:31:00,CNR4415232017,Success,CID329183,Mini,Varthur,Yelahanka,196.0,60.0,Not Applicable,Not Applicable,No,Not Applicable,1570,UPI,30,4.9,3.0
2024-07-26 13:12:00,CNR8334962483,Driver Not Found,CID977114,Prime SUV,Shivajinagar,Frazer Town,,,Not Applicable,Not Applicable,Not Applicable,Not Applicable,290,Not Applicable,0,,
2024-07-19 03:42:00,CNR2038884799,Canceled by Customer,CID967799,Prime Plus,MG Road,Chickpet,,,AC is Not working,Not Applicable,Not Applicable,Not Applicable,342,Not Applicable,0,,
2024-07-06 13:00:00,CNR2793442002,Canceled by Driver,CID710820,Bike,Indiranagar,Magadi Road,,,Not Applicable,Personal & Car related issue,Not Applicable,Not Applicable,149,Not Applicable,0,,
2024-07-18 06:48:00,CNR3115973775,Canceled by Driver,CID499640,Prime Sedan,Whitefield,Ramamurthy Nagar,,,Not Applicable,Personal & Car related issue,Not Applicable,Not Applicable,431,Not Applicable,0,,
2024-07-15 21:15:00,CNR5250783781,Success,CID416916,Prime SUV,Varthur,RT Nagar,77.0,60.0,Not Applicable,Not Applicable,No,Not Applicable,329,UPI,23,4.7,4.8
2024-07-28 08:29:00,CNR9881125295,Canceled by Driver,CID782883,Prime SUV,MG Road,Frazer Town,,,Not Applicable,Personal & Car related issue,Not Applicable,Not Applicable,761,Not Applicable,0,,
2024-07-28 02:49:00,CNR9306285648,Canceled by Customer,CID675982,Prime Sedan,Bellandur,Shivajinagar,,,Change of plans,Not Applicable,Not Applicable,Not Applicable,762,Not Applicable,0,,
2024-07-10 01:10:00,CNR7744991106,Success,CID459364,Auto,Majestic,BTM Layout,259.0,45.0,Not Applicable,Not Applicable,No,Not Applicable,298,Cash,19,3.3,4.9
2024-07-22 17:33:00,CNR4053665183,Driver Not Found,CID699922,Auto,Kengeri,RT Nagar,,,Not Applicable,Not Applicable,Not Applicable,Not Applicable,723,Not Applicable,0,,
2024-07-15 13:45:00,CNR6722972077,Driver Not Found,CID800170,Bike,Basavanagudi,Basavanagudi,,,Not Applicable,Not Applicable,Not Applicable,Not Applicable,379,Not Applicable,0,,
2024-07-30 01:22:00,CNR6787906989,Success,CID964993,Prime SUV,Yeshwanthpur,Hebbal,98.0,45.0,Not Applicable,Not Applicable,No,Not Applicable,565,UPI,15,4.5,4.9
2024-07-03 16:04:00,CNR1419869390,Success,CID958166,Prime Plus,Electronic City,Hennur,56.0,85.0,Not Applicable,Not Applicable,No,Not Applicable,236,Cash,45,4.7,3.7
2024-07-08 09:18:00,CNR7858102313,Success,CID240801,Bike,BTM Layout,KR Puram,231.0,60.0,Not Applicable,Not Applicable,No,Not Applicable,533,Cash,19,4.6,4.4
2024-07-07 05:00:00,CNR7418968505,Success,CID804968,Prime SUV,Majestic,Langford Town,154.0,130.0,Not Applicable,Not Applicable,No,Not Applicable,319,Cash,22,3.5,3.0
2024-07-02 02:55:00,CNR6465275361,Canceled by Customer,CID450390,Mini,Electronic City,Rajarajeshwari Nagar,,,AC is Not working,Not Applicable,Not Applicable,Not Applicable,244,Not Applicable,0,,
2024-07-27 07:23:00,CNR1741035870,Success,CID188284,Bike,Langford Town,Vijayanagar,245.0,35.0,Not Applicable,Not Applicable,No,Not Applicable,134,Cash,11,3.8,3.7
2024-07-30 17:01:00,CNR8052752120,Canceled by Driver,CID151152,eBike,Jayanagar,Ulsoor,,,Not Applicable,Personal & Car related issue,Not Applicable,Not Applicable,311,Not Applicable,0,,
2024-07-12 02:09:00,CNR4069039764,Success,CID418210,Prime SUV,Banashankari,Kengeri,189.0,110.0,Not Applicable,Not Applicable,No,Not Applicable,208,UPI,39,3.3,4.1
2024-07-17 17:53:00,CNR4778556633,Success,CID320131,Bike,MG Road,Magadi Road,203.0,90.0,Not Applicable,Not Applicable,No,Not Applicable,418,UPI,2,3.5,3.7
2024-07-29 01:00:00,CNR6646570413,Canceled by Driver,CID360993,Auto,Yeshwanthpur,Rajajinagar,,,Not Applicable,More than permitted people in there,Not Applicable,Not Applicable,1729,Not Applicable,0,,
2024-07-12 13:04:00,CNR7804586479,Canceled by Driver,CID490884,Prime Sedan,Peenya,Vijayanagar,,,Not Applicable,Customer related issue,Not Applicable,Not Applicable,385,Not Applicable,0,,
2024-07-06 03:58:00,CNR9555109788,Success,CID457481,Prime Sedan,Hosur Road,Banashankari,252.0,140.0,Not Applicable,Not Applicable,No,Not Applicable,224,UPI,43,3.3,3.4
2024-07-18 15:35:00,CNR4415454110,Success,CID208307,Prime Sedan,RT Nagar,Bellandur,203.0,80.0,Not Applicable,Not Applicable,No,Not Applicable,106,UPI,28,3.8,4.6
2024-07-29 18:51:00,CNR8361973537,Canceled by Customer,CID257676,Bike,Richmond Town,Tumkur Road,,,Driver asked to cancel,Not Applicable,Not Applicable,Not Applicable,861,Not Applicable,0,,
2024-07-22 01:07:00,CNR1476889849,Driver Not Found,CID860964,Prime SUV,Shantinagar,Ulsoor,,,Not Applicable,Not Applicable,Not Applicable,Not Applicable,851,Not Applicable,0,,
2024-07-19 17:05:00,CNR6981050816,Success,CID242553,Mini,Kammanahalli,HSR Layout,56.0,125.0,Not Applicable,Not Applicable,No,Not Applicable,351,UPI,29,5.0,4.3
2024-07-17 16:04:00,CNR9488664850,Success,CID206100,Mini,Ramamurthy Nagar,Varthur,273.0,35.0,Not Applicable,Not Applicable,No,Not Applicable,467,Cash,11,3.9,4.4
2024-07-02 07:20:00,CNR5503676956,Success,CID359858,Bike,Banashankari,Hebbal,147.0,35.0,Not Applicable,Not Applicable,No,Not Applicable,235,UPI,40,3.1,3.1
2024-07-25 00:14:00,CNR8388591131,Success,CID468118,Prime Plus,Hulimavu,Chamarajpet,35.0,100.0,Not Applicable,Not Applicable,No,Not Applicable,447,Cash,10,3.6,4.1
2024-07-18 00:33:00,CNR5799370266,Success,CID127598,Prime Sedan,Magadi Road,Hennur,35.0,65.0,Not Applicable,Not Applicable,No,Not Applicable,225,UPI,44,4.4,4.9
2024-07-21 11:53:00,CNR5846773060,Success,CID400858,eBike,Richmond Town,Varthur,259.0,145.0,Not Applicable,Not Applicable,No,Not Applicable,125,Cash,4,4.3,3.1
2024-07-05 03:45:00,CNR5425724733,Driver Not Found,CID531658,Prime SUV,Devanahalli,Hebbal,,,Not Applicable,Not Applicable,Not Applicable,Not Applicable,439,Not Applicable,0,,
2024-07-28 09:08:00,CNR2814621311,Success,CID300945,Prime Plus,Frazer Town,Vijayanagar,91.0,75.0,Not Applicable,Not Applicable,No,Not Applicable,988,UPI,46,3.6,4.0
2024-07-13 11:22:00,CNR6215273563,Success,CID590336,Auto,MG Road,Padmanabhanagar,161.0,65.0,Not Applicable,Not Applicable,No,Not Applicable,140,UPI,5,3.3,3.1
2024-07-26 06:04:00,CNR1480700687,Canceled by Driver,CID164836,Prime Sedan,Mysore Road,MG Road,,,Not Applicable,Customer was coughing/sick,Not Applicable,Not Applicable,481,Not Applicable,0,,
2024-07-13 03:06:00,CNR9611149699,Success,CID270924,Auto,Mysore Road,Bellandur,112.0,80.0,Not Applicable,Not Applicable,No,Not Applicable,335,UPI,18,3.2,3.4
2024-07-21 00:25:00,CNR6472130844,Canceled by Driver,CID869817,Bike,Sahakar Nagar,Majestic,,,Not Applicable,Customer was coughing/sick,Not Applicable,Not Applicable,133,Not Applicable,0,,
2024-07-09 17:04:00,CNR4996690411,Success,CID436902,Bike,RT Nagar,Ramamurthy Nagar,266.0,90.0,Not Applicable,Not Applicable,No,Not Applicable,467,UPI,27,3.6,4.2
2024-07-20 22:02:00,CNR2581515326,Success,CID492433,Auto,Magadi Road,Marathahalli,301.0,100.0,Not Applicable,Not Applicable,No,Not Applicable,373,UPI,16,4.8,3.8
2024-07-07 02:13:00,CNR7295363892,Success,CID239020,eBike,Hennur,Kammanahalli,245.0,40.0,Not Applicable,Not Applicable,No,Not Applicable,114,Cash,3,4.1,4.4
2024-07-25 18:29:00,CNR8999175567,Success,CID560828,Bike,Bellandur,Kengeri,231.0,65.0,Not Applicable,Not Applicable,No,Not Applicable,246,Cash,24,3.4,4.1
2024-07-18 23:11:00,CNR9814538787,Canceled by Customer,CID700854,Prime SUV,Varthur,Rajarajeshwari Nagar,,,Driver is not moving towards pickup location,Not Applicable,Not Applicable,Not Applicable,566,Not Applicable,0,,
2024-07-15 11:18:00,CNR9537061914,Driver Not Found,CID602546,Bike,Rajajinagar,Kammanahalli,,,Not Applicable,Not Applicable,Not Applicable,Not Applicable,350,Not Applicable,0,,
2024-07-09 18:20:00,CNR5977741144,Canceled by Customer,CID806900,Bike,Rajajinagar,JP Nagar,,,Wrong Address,Not Applicable,Not Applicable,Not Applicable,293,Not Applicable,0,,
2024-07-28 20:58:00,CNR7228600577,Success,CID737339,Auto,Shantinagar,Chickpet,175.0,145.0,Not Applicable,Not Applicable,No,Not Applicable,339,Cash,11,4.7,4.2
2024-07-25 09:48:00,CNR4960558752,Success,CID383100,Mini,Magadi Road,Ramamurthy Nagar,98.0,95.0,Not Applicable,Not Applicable,No,Not Applicable,400,UPI,47,4.9,3.3
2024-07-07 05:36:00,CNR2619959031,Success,CID142077,Prime SUV,Indiranagar,Varthur,217.0,120.0,Not Applicable,Not Applicable,No,Not Applicable,101,UPI,5,3.2,3.2
2024-07-12 06:14:00,CNR6936265559,Success,CID640222,Bike,Vijayanagar,Hulimavu,35.0,130.0,Not Applicable,Not Applicable,No,Not Applicable,282,Cash,44,3.4,4.9
2024-07-03 18:45:00,CNR1503387073,Success,CID933824,eBike,Marathahalli,Jayanagar,168.0,140.0,Not Applicable,Not Applicable,No,Not Applicable,286,Cash,24,3.7,4.8
2024-07-14 08:46:00,CNR4816925351,Canceled by Driver,CID220053,Mini,Sarjapur Road,Bellandur,,,Not Applicable,Customer was coughing/sick,Not Applicable,Not Applicable,454,Not Applicable,0,,
2024-07-08 23:20:00,CNR3860639472,Success,CID868016,Prime Plus,Majestic,JP Nagar,266.0,115.0,Not Applicable,Not Applicable,No,Not Applicable,2490,Cash,13,3.1,3.9
2024-07-20 12:02:00,CNR3542952202,Success,CID449494,Bike,Hosur Road,Kengeri,77.0,95.0,Not Applicable,Not Applicable,No,Not Applicable,990,UPI,41,3.1,4.4
2024-07-09 06:56:00,CNR6093600729,Success,CID445149,eBike,KR Puram,Bellandur,210.0,110.0,Not Applicable,Not Applicable,No,Not Applicable,1793,UPI,46,4.3,3.7
2024-07-20 19:22:00,CNR9267226443,Success,CID559107,Prime SUV,Langford Town,KR Puram,280.0,40.0,Not Applicable,Not Applicable,No,Not Applicable,478,UPI,9,4.0,3.3
2024-07-13 08:23:00,CNR8239243387,Success,CID292271,Bike,Chickpet,Rajajinagar,119.0,90.0,Not Applicable,Not Applicable,No,Not Applicable,439,Cash,9,4.8,4.5
2024-07-17 05:48:00,CNR4692895097,Success,CID796971,Mini,Richmond Town,Hosur Road,56.0,110.0,Not Applicable,Not Applicable,No,Not Applicable,764,Credit Card,33,4.6,4.0
2024-07-13 21:53:00,CNR3112851080,Canceled by Driver,CID588380,Mini,Chamarajpet,RT Nagar,,,Not Applicable,More than permitted people in there,Not Applicable,Not Applicable,1429,Not Applicable,0,,
2024-07-04 11:57:00,CNR1542845030,Canceled by Driver,CID544832,Prime Plus,Nagarbhavi,Devanahalli,,,Not Applicable,Customer was coughing/sick,Not Applicable,Not Applicable,301,Not Applicable,0,,
2024-07-12 01:42:00,CNR4962613291,Driver Not Found,CID442043,Prime Plus,Langford Town,Shivajinagar,,,Not Applicable,Not Applicable,Not Applicable,Not Applicable,1222,Not Applicable,0,,
2024-07-18 12:59:00,CNR6029521197,Canceled by Driver,CID243770,Auto,Padmanabhanagar,HSR Layout,,,Not Applicable,Personal & Car related issue,Not Applicable,Not Applicable,170,Not Applicable,0,,
2024-07-24 00:09:00,CNR6090536152,Canceled by Driver,CID449586,eBike,Rajajinagar,Nagarbhavi,,,Not Applicable,Customer related issue,Not Applicable,Not Applicable,198,Not Applicable,0,,
2024-07-22 20:17:00,CNR1186915708,Canceled by Customer,CID745721,Bike,Hosur Road,Bannerghatta Road,,,Driver is not moving towards pickup location,Not Applicable,Not Applicable,Not Applicable,132,Not Applicable,0,,
2024-07-22 10:56:00,CNR8042153271,Success,CID908469,Auto,Tumkur Road,Hennur,35.0,145.0,Not Applicable,Not Applicable,No,Not Applicable,178,UPI,11,4.1,4.9
2024-07-12 12:12:00,CNR3933818626,Success,CID474181,Auto,Indiranagar,Rajarajeshwari Nagar,98.0,75.0,Not Applicable,Not Applicable,No,Not Applicable,507,UPI,7,3.9,4.8
2024-07-05 22:58:00,CNR4364169380,Canceled by Driver,CID240863,Prime Sedan,Hulimavu,Kengeri,,,Not Applicable,Personal & Car related issue,Not Applicable,Not Applicable,227,Not Applicable,0,,
2024-07-21 08:19:00,CNR8801551168,Driver Not Found,CID843228,eBike,Majestic,Varthur,,,Not Applicable,Not Applicable,Not Applicable,Not Applicable,493,Not Applicable,0,,
2024-07-17 17:40:00,CNR4388997606,Success,CID607803,Mini,KR Puram,Bannerghatta Road,84.0,145.0,Not Applicable,Not Applicable,No,Not Applicable,448,Cash,13,3.9,4.2
2024-07-28 22:47:00,CNR2507653702,Canceled by Driver,CID263990,Mini,Kammanahalli,Banashankari,,,Not Applicable,Customer was coughing/sick,Not Applicable,Not Applicable,219,Not Applicable,0,,
2024-07-23 23:35:00,CNR4137958907,Canceled by Driver,CID934686,Bike,Sarjapur Road,Devanahalli,,,Not Applicable,More than permitted people in there,Not Applicable,Not Applicable,212,Not Applicable,0,,
2024-07-21 20:02:00,CNR2241336291,Driver Not Found,CID292384,Auto,Banashankari,Mysore Road,,,Not Applicable,Not Applicable,Not Applicable,Not Applicable,193,Not Applicable,0,,
2024-07-06 05:53:00,CNR2364683279,Success,CID172675,Mini,Padmanabhanagar,Indiranagar,294.0,60.0,Not Applicable,Not Applicable,Yes,Vehicle Breakdown,444,UPI,30,3.8,4.4
2024-07-10 19:48:00,CNR5202632735,Driver Not Found,CID412429,Auto,Nagarbhavi,Yeshwanthpur,,,Not Applicable,Not Applicable,Not Applicable,Not Applicable,2700,Not Applicable,0,,
2024-07-02 12:24:00,CNR4660765919,Success,CID952661,Mini,Vijayanagar,Varthur,266.0,120.0,Not Applicable,Not Applicable,No,Not Applicable,610,UPI,21,4.6,4.9
2024-07-16 09:15:00,CNR8888796172,Success,CID880259,Bike,RT Nagar,Padmanabhanagar,168.0,30.0,Not Applicable,Not Applicable,No,Not Applicable,723,Cash,1,4.9,4.8
2024-07-17 05:52:00,CNR6735585907,Canceled by Customer,CID429552,Prime Plus,Sahakar Nagar,Rajarajeshwari Nagar,,,AC is Not working,Not Applicable,Not Applicable,Not Applicable,254,Not Applicable,0,,
2024-07-13 10:16:00,CNR5525057874,Canceled by Customer,CID522787,Prime Plus,Bannerghatta Road,Kengeri,,,Driver is not moving towards pickup location,Not Applicable,Not Applicable,Not Applicable,156,Not Applicable,0,,
2024-07-27 04:46:00,CNR2983809422,Driver Not Found,CID758063,Prime SUV,Malleshwaram,Yeshwanthpur,,,Not Applicable,Not Applicable,Not Applicable,Not Applicable,456,Not Applicable,0,,
2024-07-22 08:55:00,CNR6753515316,Success,CID321992,Mini,Magadi Road,Kammanahalli,91.0,45.0,Not Applicable,Not Applicable,No,Not Applicable,401,Cash,3,4.0,4.1
2024-07-20 22:14:00,CNR3337415908,Success,CID119356,Prime Plus,Kammanahalli,HSR Layout,189.0,130.0,Not Applicable,Not Applicable,No,Not Applicable,717,UPI,11,3.9,4.5
2024-07-03 12:30:00,CNR9300260714,Canceled by Driver,CID214332,eBike,Peenya,Kadugodi,,,Not Applicable,Customer was coughing/sick,Not Applicable,Not Applicable,148,Not Applicable,0,,
2024-07-30 19:45:00,CNR3465358563,Driver Not Found,CID249414,eBike,Ulsoor,Shantinagar,,,Not Applicable,Not Applicable,Not Applicable,Not Applicable,141,Not Applicable,0,,
2024-07-07 03:10:00,CNR6724912002,Canceled by Driver,CID937476,Prime SUV,JP Nagar,Sarjapur Road,,,Not Applicable,More than permitted people in there,Not Applicable,Not Applicable,306,Not Applicable,0,,
2024-07-11 11:49:00,CNR9500884126,Driver Not Found,CID818173,Auto,Malleshwaram,Ramamurthy Nagar,,,Not Applicable,Not Applicable,Not Applicable,Not Applicable,271,Not Applicable,0,,
2024-07-16 00:49:00,CNR3062203745,Success,CID187078,Prime Plus,JP Nagar,Hebbal,42.0,40.0,Not Applicable,Not Applicable,No,Not Applicable,542,UPI,20,3.1,3.4
2024-07-26 15:26:00,CNR3227461460,Success,CID965090,Mini,Tumkur Road,Whitefield,301.0,125.0,Not Applicable,Not Applicable,Yes,Other Issue,495,Cash,13,3.4,4.3
2024-07-22 08:26:00,CNR5972814170,Canceled by Customer,CID643093,Mini,Sarjapur Road,Yeshwanthpur,,,Driver is not moving towards pickup location,Not Applicable,Not Applicable,Not Applicable,800,Not Applicable,0,,
2024-07-17 05:12:00,CNR4921583769,Success,CID386655,Prime Plus,Devanahalli,HSR Layout,105.0,45.0,Not Applicable,Not Applicable,No,Not Applicable,341,UPI,20,4.2,3.2
2024-07-12 06:07:00,CNR2945869605,Canceled by Driver,CID543989,Auto,Langford Town,Kadugodi,,,Not Applicable,Personal & Car related issue,Not Applicable,Not Applicable,867,Not Applicable,0,,
2024-07-13 04:07:00,CNR3195376812,Success,CID719299,Mini,Kadugodi,HSR Layout,182.0,35.0,Not Applicable,Not Applicable,No,Not Applicable,387,UPI,10,3.8,4.4
2024-07-05 13:40:00,CNR1036223149,Success,CID238861,Prime Sedan,Vijayanagar,Rajarajeshwari Nagar,231.0,40.0,Not Applicable,Not Applicable,No,Not Applicable,495,Cash,2,3.8,4.2
2024-07-23 04:49:00,CNR1770575951,Success,CID313421,Prime Plus,Peenya,Malleshwaram,308.0,60.0,Not Applicable,Not Applicable,No,Not Applicable,283,Debit Card,8,4.1,4.6
2024-07-19 09:47:00,CNR9658080198,Success,CID496424,Mini,Hebbal,Chickpet,168.0,90.0,Not Applicable,Not Applicable,No,Not Applicable,172,Cash,4,4.3,3.8
2024-07-12 22:16:00,CNR9597922743,Success,CID422130,Prime Plus,Hennur,KR Puram,70.0,95.0,Not Applicable,Not Applicable,No,Not Applicable,684,UPI,34,3.5,4.8
2024-07-09 11:48:00,CNR8095100083,Canceled by Driver,CID246510,Bike,Chickpet,Jayanagar,,,Not Applicable,Customer was coughing/sick,Not Applicable,Not Applicable,336,Not Applicable,0,,
2024-07-01 07:23:00,CNR6286156018,Canceled by Driver,CID392265,Prime Sedan,Peenya,Hulimavu,,,Not Applicable,Customer related issue,Not Applicable,Not Applicable,237,Not Applicable,0,,
2024-07-23 00:42:00,CNR7662676752,Success,CID316654,Prime Plus,Marathahalli,Chickpet,196.0,65.0,Not Applicable,Not Applicable,No,Not Applicable,342,UPI,41,4.8,3.3
2024-07-26 17:14:00,CNR8133488217,Canceled by Driver,CID357057,Prime Plus,Shivajinagar,Magadi Road,,,Not Applicable,Personal & Car related issue,Not Applicable,Not Applicable,699,Not Applicable,0,,
2024-07-29 08:51:00,CNR8666838354,Canceled by Customer,CID175303,Prime Sedan,KR Puram,Sahakar Nagar,,,Driver is not moving towards pickup location,Not Applicable,Not Applicable,Not Applicable,312,Not Applicable,0,,
2024-07-21 08:12:00,CNR9898172729,Success,CID719090,Prime Sedan,JP Nagar,Kengeri,217.0,40.0,Not Applicable,Not Applicable,No,Not Applicable,146,UPI,28,4.8,3.5
2024-07-24 05:07:00,CNR8987297472,Canceled by Driver,CID974604,Auto,Bellandur,Bellandur,,,Not Applicable,Personal & Car related issue,Not Applicable,Not Applicable,250,Not Applicable,0,,
2024-07-17 21:55:00,CNR3080777988,Success,CID161475,Prime SUV,Padmanabhanagar,RT Nagar,56.0,40.0,Not Applicable,Not Applicable,No,Not Applicable,383,Cash,25,4.2,3.6
2024-07-11 07:13:00,CNR8731202800,Success,CID432860,Prime Plus,HSR Layout,Majestic,84.0,100.0,Not Applicable,Not Applicable,No,Not Applicable,148,UPI,10,3.3,3.4
2024-07-30 23:22:00,CNR2913093644,Success,CID328461,Auto,Varthur,Indiranagar,308.0,50.0,Not Applicable,Not Applicable,No,Not Applicable,399,UPI,7,3.4,4.7
2024-07-24 04:09:00,CNR3906788442,Canceled by Driver,CID685835,Mini,Rajajinagar,Peenya,,,Not Applicable,Personal & Car related issue,Not Applicable,Not Applicable,891,Not Applicable,0,,
2024-07-24 08:00:00,CNR2209154271,Success,CID671383,Prime SUV,HSR Layout,Marathahalli,35.0,100.0,Not Applicable,Not Applicable,No,Not Applicable,383,UPI,49,4.4,3.0
2024-07-20 09:29:00,CNR6023866687,Driver Not Found,CID997118,Auto,Bellandur,Ramamurthy Nagar,,,Not Applicable,Not Applicable,Not Applicable,Not Applicable,120,Not Applicable,0,,
2024-07-20 16:48:00,CNR4049066673,Success,CID802735,Auto,Kengeri,Chamarajpet,259.0,85.0,Not Applicable,Not Applicable,No,Not Applicable,803,UPI,11,4.4,4.6
2024-07-30 03:01:00,CNR6671104333,Driver Not Found,CID308787,Prime Sedan,Yeshwanthpur,Cox Town,,,Not Applicable,Not Applicable,Not Applicable,Not Applicable,551,Not Applicable,0,,
2024-07-27 23:23:00,CNR1338712757,Canceled by Driver,CID683443,eBike,Kengeri,Magadi Road,,,Not Applicable,Customer related issue,Not Applicable,Not Applicable,401,Not Applicable,0,,
2024-07-02 06:57:00,CNR4207333402,Success,CID928414,Prime SUV,Yeshwanthpur,HSR Layout,301.0,65.0,Not Applicable,Not Applicable,No,Not Applicable,221,Cash,47,4.6,3.2
2024-07-06 13:48:00,CNR4161575632,Success,CID316745,Mini,HSR Layout,Hennur,217.0,105.0,Not Applicable,Not Applicable,No,Not Applicable,292,Cash,42,4.6,3.0
2024-07-05 22:31:00,CNR9629995073,Canceled by Customer,CID103281,Mini,Shivajinagar,Whitefield,,,Driver asked to cancel,Not Applicable,Not Applicable,Not Applicable,336,Not Applicable,0,,
2024-07-22 08:11:00,CNR6791674413,Canceled by Customer,CID336742,Mini,Peenya,Majestic,,,Driver is not moving towards pickup location,Not Applicable,Not Applicable,Not Applicable,478,Not Applicable,0,,
2024-07-17 12:25:00,CNR3198967764,Success,CID612356,Prime Sedan,Marathahalli,Ramamurthy Nagar,245.0,75.0,Not Applicable,Not Applicable,No,Not Applicable,395,Cash,44,4.1,4.6
2024-07-25 02:21:00,CNR6109283593,Success,CID535061,Prime Plus,Indiranagar,Ramamurthy Nagar,35.0,145.0,Not Applicable,Not Applicable,No,Not Applicable,221,UPI,1,4.3,3.9
2024-07-04 09:09:00,CNR2709888388,Canceled by Driver,CID405789,Bike,Shivajinagar,HSR Layout,,,Not Applicable,Customer related issue,Not Applicable,Not Applicable,416,Not Applicable,0,,
2024-07-27 17:34:00,CNR6074769164,Success,CID841505,eBike,MG Road,Malleshwaram,273.0,110.0,Not Applicable,Not Applicable,No,Not Applicable,955,Cash,38,3.3,4.3
2024-07-08 07:24:00,CNR2083068169,Success,CID273563,Bike,Sahakar Nagar,Jayanagar,245.0,105.0,Not Applicable,Not Applicable,No,Not Applicable,955,UPI,1,4.0,4.8
2024-07-08 02:44:00,CNR4562739670,Canceled by Customer,CID366671,Prime SUV,Kadugodi,Varthur,,,Driver asked to cancel,Not Applicable,Not Applicable,Not Applicable,282,Not Applicable,0,,
2024-07-28 23:00:00,CNR7547732314,Canceled by Customer,CID586323,Prime SUV,Indiranagar,JP Nagar,,,Driver is not moving towards pickup location,Not Applicable,Not Applicable,Not Applicable,415,Not Applicable,0,,
2024-07-19 16:11:00,CNR4244093092,Canceled by Driver,CID377965,Mini,Kengeri,Kengeri,,,Not Applicable,More than permitted people in there,Not Applicable,Not Applicable,246,Not Applicable,0,,
2024-07-06 01:31:00,CNR4916589413,Driver Not Found,CID583383,Auto,Yelahanka,Shantinagar,,,Not Applicable,Not Applicable,Not Applicable,Not Applicable,287,Not Applicable,0,,
2024-07-18 17:32:00,CNR3292869027,Canceled by Driver,CID775108,Prime SUV,Marathahalli,Rajajinagar,,,Not Applicable,Customer was coughing/sick,Not Applicable,Not Applicable,2568,Not Applicable,0,,
2024-07-21 17:15:00,CNR9499376139,Success,CID768265,Prime Sedan,Bellandur,HSR Layout,259.0,100.0,Not Applicable,Not Applicable,No,Not Applicable,570,Cash,41,4.1,3.8
2024-07-16 14:03:00,CNR6857262507,Success,CID873948,Prime Sedan,KR Puram,Shivajinagar,231.0,110.0,Not Applicable,Not Applicable,No,Not Applicable,849,Cash,46,3.7,5.0
2024-07-09 12:30:00,CNR8457502863,Canceled by Driver,CID535841,Mini,Whitefield,Rajarajeshwari Nagar,,,Not Applicable,Personal & Car related issue,Not Applicable,Not Applicable,494,Not Applicable,0,,
2024-07-05 18:07:00,CNR2127652191,Success,CID964038,Prime Sedan,Peenya,Yelahanka,84.0,140.0,Not Applicable,Not Applicable,No,Not Applicable,112,Cash,27,3.1,3.5
2024-07-22 21:56:00,CNR6174909302,Canceled by Driver,CID389871,Mini,Langford Town,Koramangala,,,Not Applicable,Personal & Car related issue,Not Applicable,Not Applicable,742,Not Applicable,0,,
2024-07-19 14:22:00,CNR4139853315,Success,CID988358,Mini,Basavanagudi,Yeshwanthpur,105.0,80.0,Not Applicable,Not Applicable,No,Not Applicable,1410,Cash,21,4.5,4.5
2024-07-18 14:47:00,CNR9086814059,Success,CID934213,Prime SUV,Shivajinagar,Langford Town,182.0,90.0,Not Applicable,Not Applicable,No,Not Applicable,417,Credit Card,13,4.3,4.5
2024-07-02 15:30:00,CNR2937831751,Success,CID664225,Prime SUV,Kammanahalli,Hulimavu,294.0,115.0,Not Applicable,Not Applicable,No,Not Applicable,429,Credit Card,1,4.7,4.7
2024-07-03 05:17:00,CNR7769286342,Canceled by Customer,CID785260,Auto,Tumkur Road,Hulimavu,,,Driver is not moving towards pickup location,Not Applicable,Not Applicable,Not Applicable,858,Not Applicable,0,,
2024-07-25 02:21:00,CNR5596723055,Driver Not Found,CID810276,Prime SUV,Hennur,Hennur,,,Not Applicable,Not Applicable,Not Applicable,Not Applicable,436,Not Applicable,0,,
2024-07-26 19:13:00,CNR7643154261,Success,CID582062,Bike,Hebbal,Tumkur Road,252.0,70.0,Not Applicable,Not Applicable,No,Not Applicable,1468,UPI,21,3.0,4.5
2024-07-29 08:50:00,CNR6841292821,Success,CID405640,Bike,Ulsoor,Vijayanagar,42.0,95.0,Not Applicable,Not Applicable,No,Not Applicable,377,Cash,21,3.3,3.8
2024-07-20 19:12:00,CNR8084940534,Success,CID942483,Mini,Padmanabhanagar,Koramangala,182.0,135.0,Not Applicable,Not Applicable,No,Not Applicable,1250,Cash,36,4.6,3.6
2024-07-19 22:23:00,CNR8431496119,Canceled by Driver,CID908829,Mini,RT Nagar,Hennur,,,Not Applicable,Personal & Car related issue,Not Applicable,Not Applicable,775,Not Applicable,0,,
2024-07-23 18:59:00,CNR8008655589,Canceled by Driver,CID912964,Prime Plus,Yelahanka,Yeshwanthpur,,,Not Applicable,Personal & Car related issue,Not Applicable,Not Applicable,201,Not Applicable,0,,
2024-07-20 00:17:00,CNR6429679102,Success,CID156561,Prime Plus,Chickpet,BTM Layout,308.0,140.0,Not Applicable,Not Applicable,No,Not Applicable,165,UPI,49,3.9,3.1
2024-07-24 22:57:00,CNR7673325945,Success,CID302595,Prime Sedan,Varthur,Bannerghatta Road,273.0,65.0,Not Applicable,Not Applicable,No,Not Applicable,350,Cash,35,4.6,3.4
2024-07-03 14:11:00,CNR5052086510,Canceled by Driver,CID111586,Auto,Hennur,Yeshwanthpur,,,Not Applicable,More than permitted people in there,Not Applicable,Not Applicable,150,Not Applicable,0,,
2024-07-20 13:33:00,CNR8563765098,Driver Not Found,CID505245,Bike,Cox Town,Marathahalli,,,Not Applicable,Not Applicable,Not Applicable,Not Applicable,432,Not Applicable,0,,
2024-07-15 12:04:00,CNR2513680797,Driver Not Found,CID456236,Bike,Padmanabhanagar,Jayanagar,,,Not Applicable,Not Applicable,Not Applicable,Not Applicable,1619,Not Applicable,0,,
2024-07-26 14:30:00,CNR7906513803,Canceled by Customer,CID901752,Prime Sedan,Langford Town,Sahakar Nagar,,,Driver asked to cancel,Not Applicable,Not Applicable,Not Applicable,453,Not Applicable,0,,
2024-07-17 14:34:00,CNR1375561300,Success,CID850929,eBike,Rajajinagar,Vijayanagar,154.0,115.0,Not Applicable,Not Applicable,Yes,Customer Demand,283,Cash,3,4.6,3.6
2024-07-28 15:27:00,CNR2523102779,Success,CID690105,Prime Plus,HSR Layout,Cox Town,245.0,100.0,Not Applicable,Not Applicable,No,Not Applicable,713,UPI,2,3.6,3.5
2024-07-22 15:10:00,CNR7625601059,Canceled by Driver,CID173241,Bike,Basavanagudi,Shivajinagar,,,Not Applicable,Customer was coughing/sick,Not Applicable,Not Applicable,950,Not Applicable,0,,
2024-07-10 11:50:00,CNR6820784776,Canceled by Driver,CID467250,Prime Plus,Kadugodi,Hennur,,,Not Applicable,Customer was coughing/sick,Not Applicable,Not Applicable,192,Not Applicable,0,,
2024-07-30 06:49:00,CNR7950125790,Canceled by Customer,CID751335,Prime Plus,Ulsoor,Yeshwanthpur,,,Change of plans,Not Applicable,Not Applicable,Not Applicable,155,Not Applicable,0,,
2024-07-29 16:07:00,CNR4677690501,Driver Not Found,CID414933,Auto,Bannerghatta Road,Tumkur Road,,,Not Applicable,Not Applicable,Not Applicable,Not Applicable,328,Not Applicable,0,,
2024-07-16 04:34:00,CNR7771857392,Driver Not Found,CID441869,Prime SUV,Chickpet,Sarjapur Road,,,Not Applicable,Not Applicable,Not Applicable,Not Applicable,207,Not Applicable,0,,
2024-07-23 10:44:00,CNR5876694629,Success,CID376980,Mini,Varthur,Bannerghatta Road,70.0,145.0,Not Applicable,Not Applicable,No,Not Applicable,901,UPI,49,3.0,3.6
2024-07-09 16:18:00,CNR7402712741,Canceled by Driver,CID214236,Auto,Marathahalli,Kengeri,,,Not Applicable,Personal & Car related issue,Not Applicable,Not Applicable,429,Not Applicable,0,,
2024-07-24 08:51:00,CNR9204925383,Driver Not Found,CID952489,Bike,KR Puram,Chickpet,,,Not Applicable,Not Applicable,Not Applicable,Not Applicable,204,Not Applicable,0,,
2024-07-02 22:44:00,CNR3560788694,Canceled by Customer,CID208538,eBike,Magadi Road,Bellandur,,,Driver is not moving towards pickup location,Not Applicable,Not Applicable,Not Applicable,139,Not Applicable,0,,
2024-07-01 11:31:00,CNR6042437906,Success,CID967430,Auto,Chickpet,Yeshwanthpur,119.0,130.0,Not Applicable,Not Applicable,No,Not Applicable,974,Cash,11,4.9,4.1
2024-07-14 14:19:00,CNR4400875033,Success,CID532337,Prime Sedan,Sarjapur Road,Rajarajeshwari Nagar,35.0,110.0,Not Applicable,Not Applicable,No,Not Applicable,378,UPI,46,4.7,4.0
2024-07-13 19:31:00,CNR2447005424,Canceled by Customer,CID370940,Prime Plus,Richmond Town,Shantinagar,,,Wrong Address,Not Applicable,Not Applicable,Not Applicable,124,Not Applicable,0,,
2024-07-28 06:42:00,CNR9258512818,Success,CID243582,Prime Sedan,Bellandur,Varthur,70.0,130.0,Not Applicable,Not Applicable,No,Not Applicable,236,UPI,44,3.3,4.2
2024-07-16 13:41:00,CNR6058668849,Success,CID741829,eBike,Varthur,Basavanagudi,70.0,30.0,Not Applicable,Not Applicable,No,Not Applicable,476,UPI,8,4.7,3.8
2024-07-25 02:15:00,CNR5739832080,Success,CID637080,eBike,Koramangala,Chickpet,91.0,80.0,Not Applicable,Not Applicable,No,Not Applicable,350,UPI,48,3.2,4.4
2024-07-17 15:28:00,CNR5962773985,Success,CID955867,Mini,Electronic City,Marathahalli,266.0,30.0,Not Applicable,Not Applicable,No,Not Applicable,931,UPI,29,3.7,4.0
2024-07-05 08:19:00,CNR4598414894,Canceled by Customer,CID801354,Bike,JP Nagar,Malleshwaram,,,Driver asked to cancel,Not Applicable,Not Applicable,Not Applicable,306,Not Applicable,0,,
2024-07-23 22:08:00,CNR5739114151,Success,CID155301,Prime Plus,Yeshwanthpur,Ulsoor,217.0,35.0,Not Applicable,Not Applicable,No,Not Applicable,208,Cash,16,4.3,4.5
2024-07-05 19:41:00,CNR4064781373,Success,CID605587,Auto,Yelahanka,Hosur Road,287.0,125.0,Not Applicable,Not Applicable,No,Not Applicable,159,Cash,9,4.6,4.6
2024-07-11 00:53:00,CNR9259919197,Success,CID740765,Prime Plus,BTM Layout,Richmond Town,56.0,115.0,Not Applicable,Not Applicable,No,Not Applicable,124,Cash,33,3.7,3.1
2024-07-15 03:50:00,CNR7803470931,Success,CID445701,eBike,Chamarajpet,Rajajinagar,210.0,105.0,Not Applicable,Not Applicable,No,Not Applicable,2027,UPI,20,3.7,4.1
2024-07-23 19:52:00,CNR9061018873,Success,CID690847,Auto,Rajarajeshwari Nagar,Majestic,105.0,105.0,Not Applicable,Not Applicable,No,Not Applicable,420,UPI,6,3.6,4.2
2024-07-15 04:55:00,CNR2047407534,Success,CID589649,eBike,Hosur Road,Magadi Road,84.0,80.0,Not Applicable,Not Applicable,No,Not Applicable,566,UPI,24,4.5,3.2
2024-07-16 16:18:00,CNR9881058272,Driver Not Found,CID319495,Prime SUV,Electronic City,Electronic City,,,Not Applicable,Not Applicable,Not Applicable,Not Applicable,294,Not Applicable,0,,
2024-07-20 00:48:00,CNR7900155178,Success,CID466788,Prime Sedan,Yeshwanthpur,Basavanagudi,245.0,95.0,Not Applicable,Not Applicable,No,Not Applicable,2583,UPI,47,4.5,3.6
2024-07-24 18:43:00,CNR3676748278,Success,CID617895,Prime Plus,Bannerghatta Road,Hosur Road,91.0,100.0,Not Applicable,Not Applicable,No,Not Applicable,499,Cash,21,4.5,4.3
2024-07-02 19:30:00,CNR2395081939,Canceled by Customer,CID691300,Prime SUV,Richmond Town,Frazer Town,,,Change of plans,Not Applicable,Not Applicable,Not Applicable,397,Not Applicable,0,,
2024-07-23 08:24:00,CNR9578037640,Success,CID444064,Auto,Hosur Road,Cox Town,308.0,35.0,Not Applicable,Not Applicable,No,Not Applicable,449,Cash,3,3.2,3.3
2024-07-17 13:48:00,CNR2760787830,Success,CID230442,Prime Sedan,Malleshwaram,Malleshwaram,210.0,25.0,Not Applicable,Not Applicable,No,Not Applicable,181,UPI,30,3.0,3.7
2024-07-16 17:01:00,CNR3540989689,Success,CID311288,Mini,Sahakar Nagar,Shivajinagar,126.0,50.0,Not Applicable,Not Applicable,No,Not Applicable,268,UPI,43,3.1,4.1
2024-07-16 22:49:00,CNR1321045538,Canceled by Driver,CID732719,Prime SUV,JP Nagar,Kengeri,,,Not Applicable,More than permitted people in there,Not Applicable,Not Applicable,478,Not Applicable,0,,
2024-07-30 07:16:00,CNR6909532905,Success,CID825137,Prime Plus,Malleshwaram,Chamarajpet,77.0,60.0,Not Applicable,Not Applicable,No,Not Applicable,1604,UPI,12,4.6,4.8
2024-07-26 05:22:00,CNR4756658331,Success,CID809689,Auto,Varthur,HSR Layout,119.0,65.0,Not Applicable,Not Applicable,No,Not Applicable,654,Cash,6,4.0,3.0
2024-07-11 13:27:00,CNR2037128799,Success,CID158986,Bike,Hennur,HSR Layout,63.0,85.0,Not Applicable,Not Applicable,No,Not Applicable,465,UPI,26,3.5,4.3
2024-07-24 14:37:00,CNR3481839609,Success,CID115596,Prime Plus,Frazer Town,Tumkur Road,175.0,115.0,Not Applicable,Not Applicable,Yes,Vehicle Breakdown,469,UPI,9,4.4,4.4
2024-07-06 14:39:00,CNR2191286415,Success,CID909763,eBike,Marathahalli,Chamarajpet,259.0,70.0,Not Applicable,Not Applicable,No,Not Applicable,271,Cash,11,3.3,4.0
2024-07-28 05:20:00,CNR3662501503,Success,CID645464,Prime Sedan,Rajajinagar,Kengeri,77.0,145.0,Not Applicable,Not Applicable,No,Not Applicable,357,UPI,49,3.4,4.4
2024-07-07 18:27:00,CNR1749367343,Canceled by Customer,CID183497,Prime Plus,Jayanagar,Chamarajpet,,,AC is Not working,Not Applicable,Not Applicable,Not Applicable,139,Not Applicable,0,,
2024-07-29 20:41:00,CNR4258791338,Success,CID767864,Prime Plus,Ramamurthy Nagar,Hennur,301.0,120.0,Not Applicable,Not Applicable,No,Not Applicable,119,UPI,12,4.7,3.0
2024-07-03 12:11:00,CNR4084079920,Success,CID270812,Mini,Yeshwanthpur,Kadugodi,35.0,115.0,Not Applicable,Not Applicable,No,Not Applicable,677,Cash,6,4.2,4.2
2024-07-24 18:07:00,CNR9477834267,Success,CID393377,Prime Plus,Padmanabhanagar,Devanahalli,308.0,110.0,Not Applicable,Not Applicable,No,Not Applicable,582,UPI,22,4.9,3.2
2024-07-26 16:09:00,CNR7979534550,Driver Not Found,CID263182,Prime Plus,Sahakar Nagar,Ramamurthy Nagar,,,Not Applicable,Not Applicable,Not Applicable,Not Applicable,216,Not Applicable,0,,
2024-07-09 19:09:00,CNR2866273244,Canceled by Driver,CID143204,Prime Plus,Banashankari,Yelahanka,,,Not Applicable,Customer related issue,Not Applicable,Not Applicable,2009,Not Applicable,0,,
2024-07-11 16:51:00,CNR5512029538,Success,CID391194,Prime Plus,Indiranagar,Hennur,140.0,85.0,Not Applicable,Not Applicable,No,Not Applicable,499,Cash,25,4.5,4.0
2024-07-23 08:26:00,CNR6503550636,Success,CID872602,eBike,Electronic City,Kammanahalli,105.0,105.0,Not Applicable,Not Applicable,No,Not Applicable,316,UPI,7,4.0,4.5
2024-07-21 22:38:00,CNR8415925636,Success,CID879787,Prime SUV,Indiranagar,Basavanagudi,98.0,95.0,Not Applicable,Not Applicable,No,Not Applicable,176,Cash,45,4.1,5.0
2024-07-03 10:25:00,CNR8069754129,Success,CID179972,Bike,Kadugodi,Koramangala,259.0,80.0,Not Applicable,Not Applicable,No,Not Applicable,401,Cash,24,4.2,3.7
2024-07-14 13:20:00,CNR8831831945,Canceled by Driver,CID588038,Prime SUV,Banashankari,Shivajinagar,,,Not Applicable,Customer related issue,Not Applicable,Not Applicable,148,Not Applicable,0,,
2024-07-09 16:06:00,CNR7072208951,Canceled by Customer,CID877134,Prime SUV,MG Road,Electronic City,,,Change of plans,Not Applicable,Not Applicable,Not Applicable,335,Not Applicable,0,,
2024-07-11 21:57:00,CNR2851691741,Success,CID557263,Mini,Vijayanagar,Magadi Road,301.0,135.0,Not Applicable,Not Applicable,Yes,Vehicle Breakdown,673,UPI,46,3.3,4.0
2024-07-23 13:12:00,CNR9621076745,Success,CID718449,Prime SUV,Hosur Road,Devanahalli,231.0,45.0,Not Applicable,Not Applicable,No,Not Applicable,131,UPI,7,3.7,3.9
2024-07-20 19:13:00,CNR7523672360,Success,CID542804,Prime Plus,Whitefield,Jayanagar,133.0,115.0,Not Applicable,Not Applicable,No,Not Applicable,1500,Cash,35,3.8,4.6
2024-07-02 03:14:00,CNR8726011890,Success,CID157484,Mini,Yeshwanthpur,Shantinagar,70.0,45.0,Not Applicable,Not Applicable,Yes,Customer Demand,950,UPI,46,3.3,4.5
2024-07-25 13:15:00,CNR4845257048,Canceled by Driver,CID366661,Prime Sedan,Electronic City,Nagarbhavi,,,Not Applicable,Personal & Car related issue,Not Applicable,Not Applicable,437,Not Applicable,0,,
2024-07-13 16:00:00,CNR1181124734,Success,CID478834,Mini,Hosur Road,Hebbal,245.0,25.0,Not Applicable,Not Applicable,Yes,Other Issue,699,Cash,49,3.6,3.9
2024-07-02 13:59:00,CNR6654852300,Success,CID205360,Prime Sedan,Hosur Road,Kammanahalli,42.0,45.0,Not Applicable,Not Applicable,No,Not Applicable,108,Cash,17,4.7,4.3
2024-07-24 12:52:00,CNR3310250209,Success,CID662908,eBike,Richmond Town,Hosur Road,217.0,80.0,Not Applicable,Not Applicable,No,Not Applicable,217,Cash,6,3.8,3.8
2024-07-22 14:01:00,CNR1821632956,Canceled by Customer,CID921540,Prime Plus,Bellandur,Kammanahalli,,,AC is Not working,Not Applicable,Not Applicable,Not Applicable,259,Not Applicable,0,,
2024-07-01 08:56:00,CNR3983202281,Canceled by Driver,CID184136,Prime Sedan,Mysore Road,Hosur Road,,,Not Applicable,More than permitted people in there,Not Applicable,Not Applicable,194,Not Applicable,0,,
2024-07-07 09:42:00,CNR8138344698,Success,CID598409,Prime Sedan,Chamarajpet,Richmond Town,196.0,130.0,Not Applicable,Not Applicable,No,Not Applicable,141,Cash,15,3.7,4.8
2024-07-18 01:35:00,CNR9483773521,Success,CID305594,Mini,Kengeri,Indiranagar,42.0,115.0,Not Applicable,Not Applicable,No,Not Applicable,383,Cash,32,3.1,3.7
2024-07-19 08:58:00,CNR9560141985,Success,CID604158,Mini,Tumkur Road,Hennur,91.0,60.0,Not Applicable,Not Applicable,No,Not Applicable,718,Cash,13,4.9,3.1
2024-07-08 16:58:00,CNR5761955038,Success,CID352882,Auto,Shantinagar,Shivajinagar,56.0,60.0,Not Applicable,Not Applicable,No,Not Applicable,229,Cash,16,3.7,4.0
2024-07-01 14:42:00,CNR7348036841,Success,CID770214,Prime SUV,Ulsoor,Rajarajeshwari Nagar,238.0,110.0,Not Applicable,Not Applicable,No,Not Applicable,277,Cash,20,3.2,4.9
2024-07-10 20:17:00,CNR4447990686,Success,CID662133,Mini,Tumkur Road,Bellandur,231.0,75.0,Not Applicable,Not Applicable,No,Not Applicable,550,UPI,32,3.6,4.5
2024-07-16 20:20:00,CNR7054140716,Success,CID579120,Prime Sedan,Sahakar Nagar,Magadi Road,35.0,130.0,Not Applicable,Not Applicable,No,Not Applicable,472,UPI,7,3.1,3.2
2024-07-05 22:14:00,CNR4627318738,Success,CID411824,Prime Plus,Hennur,KR Puram,231.0,30.0,Not Applicable,Not Applicable,No,Not Applicable,288,Cash,15,3.7,4.5
2024-07-06 01:12:00,CNR1241746858,Canceled by Customer,CID726168,Prime SUV,Chickpet,Cox Town,,,Driver is not moving towards pickup location,Not Applicable,Not Applicable,Not Applicable,345,Not Applicable,0,,
2024-07-04 19:30:00,CNR7485546808,Canceled by Customer,CID920189,eBike,Richmond Town,Bellandur,,,Change of plans,Not Applicable,Not Applicable,Not Applicable,151,Not Applicable,0,,
2024-07-10 16:28:00,CNR6289266925,Success,CID772702,Prime Plus,Hulimavu,Yeshwanthpur,308.0,40.0,Not Applicable,Not Applicable,No,Not Applicable,352,UPI,44,3.5,4.4
2024-07-13 08:17:00,CNR1411935405,Success,CID903316,eBike,Banashankari,Chickpet,70.0,25.0,Not Applicable,Not Applicable,No,Not Applicable,351,UPI,36,3.8,4.4
2024-07-09 00:09:00,CNR8183624159,Success,CID762734,Prime Plus,Hulimavu,Sahakar Nagar,91.0,30.0,Not Applicable,Not Applicable,No,Not Applicable,365,UPI,43,3.3,4.6
2024-07-03 20:58:00,CNR3485092491,Canceled by Customer,CID692423,Prime SUV,Tumkur Road,KR Puram,,,Driver is not moving towards pickup location,Not Applicable,Not Applicable,Not Applicable,813,Not Applicable,0,,
2024-07-29 15:25:00,CNR8746106550,Canceled by Driver,CID752778,eBike,Tumkur Road,MG Road,,,Not Applicable,Personal & Car related issue,Not Applicable,Not Applicable,347,Not Applicable,0,,
2024-07-28 01:22:00,CNR7730350914,Driver Not Found,CID167582,Bike,RT Nagar,Tumkur Road,,,Not Applicable,Not Applicable,Not Applicable,Not Applicable,389,Not Applicable,0,,
2024-07-09 22:29:00,CNR6275135237,Success,CID532186,Bike,Ramamurthy Nagar,Varthur,217.0,40.0,Not Applicable,Not Applicable,No,Not Applicable,381,Cash,35,3.6,4.7
2024-07-14 10:38:00,CNR5027196188,Success,CID749960,Prime Sedan,Tumkur Road,Bellandur,224.0,110.0,Not Applicable,Not Applicable,No,Not Applicable,359,Cash,39,3.5,4.8
2024-07-23 12:08:00,CNR1737810185,Driver Not Found,CID640905,eBike,RT Nagar,Langford Town,,,Not Applicable,Not Applicable,Not Applicable,Not Applicable,2703,Not Applicable,0,,
2024-07-15 06:11:00,CNR4771257425,Driver Not Found,CID718293,Auto,Shivajinagar,Hennur,,,Not Applicable,Not Applicable,Not Applicable,Not Applicable,326,Not Applicable,0,,
2024-07-19 20:30:00,CNR9481171004,Success,CID406240,Prime Sedan,Mysore Road,Bannerghatta Road,266.0,65.0,Not Applicable,Not Applicable,No,Not Applicable,498,Cash,40,4.5,4.7
2024-07-12 05:32:00,CNR3422246980,Driver Not Found,CID830287,Prime Sedan,Nagarbhavi,Kadugodi,,,Not Applicable,Not Applicable,Not Applicable,Not Applicable,270,Not Applicable,0,,
2024-07-15 14:29:00,CNR2180595037,Success,CID512902,Mini,Kadugodi,MG Road,287.0,65.0,Not Applicable,Not Applicable,No,Not Applicable,452,UPI,35,3.9,4.6
2024-07-19 15:14:00,CNR2161299497,Success,CID963294,Bike,Sarjapur Road,Rajajinagar,252.0,60.0,Not Applicable,Not Applicable,No,Not Applicable,383,UPI,2,3.0,3.5
2024-07-24 06:49:00,CNR7766798118,Canceled by Driver,CID327841,Auto,Shantinagar,Electronic City,,,Not Applicable,Customer related issue,Not Applicable,Not Applicable,432,Not Applicable,0,,
2024-07-28 16:49:00,CNR3521293494,Success,CID523585,Prime SUV,RT Nagar,Whitefield,119.0,80.0,Not Applicable,Not Applicable,No,Not Applicable,653,Credit Card,42,3.6,3.4
2024-07-10 17:58:00,CNR6511830629,Canceled by Customer,CID609490,Mini,Jayanagar,Banashankari,,,AC is Not working,Not Applicable,Not Applicable,Not Applicable,247,Not Applicable,0,,
2024-07-17 07:03:00,CNR8130881333,Success,CID967879,Prime Sedan,Hosur Road,Magadi Road,63.0,130.0,Not Applicable,Not Applicable,No,Not Applicable,262,Cash,31,3.5,4.2
2024-07-12 03:31:00,CNR6836847446,Success,CID446078,eBike,Bannerghatta Road,Electronic City,161.0,35.0,Not Applicable,Not Applicable,No,Not Applicable,362,Cash,45,4.8,3.0
2024-07-24 21:29:00,CNR7530892230,Success,CID850895,Auto,Kengeri,Marathahalli,98.0,25.0,Not Applicable,Not Applicable,No,Not Applicable,205,Cash,13,3.7,4.0
2024-07-26 11:34:00,CNR2135098663,Canceled by Driver,CID196015,eBike,Koramangala,Tumkur Road,,,Not Applicable,Personal & Car related issue,Not Applicable,Not Applicable,452,Not Applicable,0,,
2024-07-11 18:02:00,CNR8362592202,Success,CID357078,Prime SUV,Whitefield,Sarjapur Road,63.0,55.0,Not Applicable,Not Applicable,No,Not Applicable,194,Cash,40,4.1,4.9
2024-07-28 16:02:00,CNR5371653422,Canceled by Driver,CID767498,Bike,Basavanagudi,Electronic City,,,Not Applicable,Customer was coughing/sick,Not Applicable,Not Applicable,289,Not Applicable,0,,
2024-07-13 03:13:00,CNR7125956561,Canceled by Driver,CID745575,Bike,Yelahanka,Hulimavu,,,Not Applicable,Personal & Car related issue,Not Applicable,Not Applicable,366,Not Applicable,0,,
2024-07-28 10:11:00,CNR7465997051,Canceled by Driver,CID474490,Prime SUV,Langford Town,Jayanagar,,,Not Applicable,Customer related issue,Not Applicable,Not Applicable,1131,Not Applicable,0,,
2024-07-27 13:31:00,CNR6322045730,Success,CID276207,Prime SUV,Ramamurthy Nagar,Vijayanagar,189.0,100.0,Not Applicable,Not Applicable,No,Not Applicable,525,Cash,6,4.6,4.5
2024-07-10 21:53:00,CNR7890719676,Canceled by Driver,CID244025,Prime Sedan,Kengeri,Rajajinagar,,,Not Applicable,More than permitted people in there,Not Applicable,Not Applicable,1191,Not Applicable,0,,
2024-07-10 15:51:00,CNR6139409654,Canceled by Driver,CID799157,Auto,Hulimavu,Sahakar Nagar,,,Not Applicable,Customer related issue,Not Applicable,Not Applicable,437,Not Applicable,0,,
2024-07-25 11:02:00,CNR4320626687,Success,CID386903,Mini,Peenya,Bannerghatta Road,308.0,40.0,Not Applicable,Not Applicable,No,Not Applicable,790,UPI,44,4.7,4.8
2024-07-05 23:43:00,CNR9980934697,Success,CID677881,Auto,Hosur Road,Rajajinagar,77.0,135.0,Not Applicable,Not Applicable,No,Not Applicable,956,Cash,8,4.5,3.3
2024-07-19 04:56:00,CNR9669675579,Canceled by Customer,CID398285,Prime Sedan,Kadugodi,Malleshwaram,,,Driver is not moving towards pickup location,Not Applicable,Not Applicable,Not Applicable,352,Not Applicable,0,,
2024-07-06 17:52:00,CNR1717137575,Success,CID932456,Bike,Mysore Road,BTM Layout,280.0,50.0,Not Applicable,Not Applicable,No,Not Applicable,990,Cash,12,4.8,3.5
2024-07-08 07:12:00,CNR1509351131,Canceled by Driver,CID850935,Prime SUV,BTM Layout,Kengeri,,,Not Applicable,More than permitted people in there,Not Applicable,Not Applicable,267,Not Applicable,0,,
2024-07-26 07:14:00,CNR8207693395,Success,CID934106,Mini,Jayanagar,Rajarajeshwari Nagar,35.0,70.0,Not Applicable,Not Applicable,No,Not Applicable,102,UPI,47,4.2,3.6
2024-07-12 18:39:00,CNR5410575550,Success,CID907055,Prime SUV,Kammanahalli,Nagarbhavi,231.0,105.0,Not Applicable,Not Applicable,No,Not Applicable,110,UPI,23,4.0,3.7
2024-07-24 08:44:00,CNR6645922760,Success,CID601108,Auto,Bellandur,Majestic,196.0,25.0,Not Applicable,Not Applicable,No,Not Applicable,979,Debit Card,15,4.0,4.4
2024-07-08 21:25:00,CNR1498679379,Success,CID207193,Prime Plus,Malleshwaram,Basavanagudi,287.0,105.0,Not Applicable,Not Applicable,No,Not Applicable,627,Debit Card,48,4.3,3.8
2024-07-23 17:30:00,CNR4639833605,Success,CID941402,Prime SUV,Chickpet,Chamarajpet,308.0,60.0,Not Applicable,Not Applicable,No,Not Applicable,455,UPI,20,4.0,4.0
2024-07-20 11:32:00,CNR1492049066,Canceled by Customer,CID406566,Prime SUV,Shantinagar,Basavanagudi,,,Change of plans,Not Applicable,Not Applicable,Not Applicable,283,Not Applicable,0,,
2024-07-29 07:33:00,CNR3025548172,Success,CID552736,Auto,Koramangala,Kengeri,294.0,60.0,Not Applicable,Not Applicable,No,Not Applicable,389,Cash,17,3.5,4.7
2024-07-24 21:11:00,CNR5788223744,Success,CID290409,Bike,BTM Layout,Rajarajeshwari Nagar,210.0,135.0,Not Applicable,Not Applicable,No,Not Applicable,896,Cash,12,3.2,4.0
2024-07-13 01:09:00,CNR1667082325,Canceled by Driver,CID992747,Prime Plus,Sahakar Nagar,KR Puram,,,Not Applicable,More than permitted people in there,Not Applicable,Not Applicable,313,Not Applicable,0,,
2024-07-01 14:58:00,CNR9888300255,Driver Not Found,CID425358,Mini,Peenya,Vijayanagar,,,Not Applicable,Not Applicable,Not Applicable,Not Applicable,331,Not Applicable,0,,
2024-07-28 14:15:00,CNR8021219031,Success,CID991157,eBike,Sarjapur Road,Jayanagar,259.0,80.0,Not Applicable,Not Applicable,No,Not Applicable,1761,Credit Card,44,4.5,4.4
2024-07-11 10:12:00,CNR8492074956,Success,CID383107,Prime Plus,Ulsoor,Langford Town,98.0,130.0,Not Applicable,Not Applicable,No,Not Applicable,613,UPI,14,4.5,4.5
2024-07-05 10:15:00,CNR4342036873,Success,CID629503,Prime SUV,Mysore Road,Shivajinagar,133.0,85.0,Not Applicable,Not Applicable,No,Not Applicable,437,UPI,23,4.2,3.5
2024-07-15 21:47:00,CNR1894173683,Success,CID762925,Bike,Cox Town,MG Road,196.0,100.0,Not Applicable,Not Applicable,No,Not Applicable,1472,Cash,42,3.8,3.7
2024-07-13 13:27:00,CNR3613586023,Driver Not Found,CID171884,Prime Plus,Frazer Town,Koramangala,,,Not Applicable,Not Applicable,Not Applicable,Not Applicable,780,Not Applicable,0,,
2024-07-25 14:05:00,CNR6419758591,Success,CID419379,Bike,Magadi Road,Ramamurthy Nagar,112.0,50.0,Not Applicable,Not Applicable,No,Not Applicable,119,Cash,47,4.2,5.0
2024-07-13 02:27:00,CNR7035005995,Driver Not Found,CID738599,Prime SUV,RT Nagar,Langford Town,,,Not Applicable,Not Applicable,Not Applicable,Not Applicable,305,Not Applicable,0,,
2024-07-30 14:05:00,CNR2081960800,Driver Not Found,CID758687,Mini,Mysore Road,Hebbal,,,Not Applicable,Not Applicable,Not Applicable,Not Applicable,733,Not Applicable,0,,
2024-07-03 10:43:00,CNR1148178936,Success,CID737053,Auto,Padmanabhanagar,Majestic,238.0,140.0,Not Applicable,Not Applicable,No,Not Applicable,851,Credit Card,2,3.2,4.4
2024-07-21 05:46:00,CNR6705667595,Success,CID123065,Prime Sedan,Electronic City,Tumkur Road,147.0,30.0,Not Applicable,Not Applicable,No,Not Applicable,237,UPI,23,5.0,3.2
2024-07-30 09:04:00,CNR6885092929,Canceled by Driver,CID691090,Prime Sedan,Jayanagar,Kengeri,,,Not Applicable,Customer was coughing/sick,Not Applicable,Not Applicable,239,Not Applicable,0,,
2024-07-25 06:34:00,CNR9803190993,Canceled by Driver,CID185392,Mini,Electronic City,Peenya,,,Not Applicable,Customer was coughing/sick,Not Applicable,Not Applicable,402,Not Applicable,0,,
2024-07-26 13:59:00,CNR9937336172,Success,CID820311,Prime SUV,Vijayanagar,Sahakar Nagar,210.0,50.0,Not Applicable,Not Applicable,No,Not Applicable,157,Cash,2,3.1,3.5
2024-07-09 09:22:00,CNR3159349635,Driver Not Found,CID141497,eBike,Mysore Road,Kadugodi,,,Not Applicable,Not Applicable,Not Applicable,Not Applicable,940,Not Applicable,0,,
2024-07-26 11:05:00,CNR6897027314,Success,CID191564,eBike,Electronic City,Peenya,126.0,130.0,Not Applicable,Not Applicable,No,Not Applicable,319,Cash,24,3.6,3.6
2024-07-12 11:38:00,CNR7048371213,Success,CID918157,Prime SUV,Sarjapur Road,Frazer Town,301.0,35.0,Not Applicable,Not Applicable,No,Not Applicable,452,Cash,36,3.8,4.7
2024-07-10 21:28:00,CNR7421369559,Canceled by Driver,CID744130,eBike,Mysore Road,Ulsoor,,,Not Applicable,Customer related issue,Not Applicable,Not Applicable,2124,Not Applicable,0,,
2024-07-23 09:40:00,CNR4513596757,Canceled by Driver,CID131627,Mini,Sarjapur Road,Kadugodi,,,Not Applicable,Personal & Car related issue,Not Applicable,Not Applicable,662,Not Applicable,0,,
2024-07-14 04:56:00,CNR5828876664,Success,CID481561,Prime Sedan,Hulimavu,Mysore Road,112.0,115.0,Not Applicable,Not Applicable,No,Not Applicable,200,UPI,49,3.6,3.7
2024-07-20 12:19:00,CNR1445886455,Success,CID723033,Prime Plus,Hulimavu,Nagarbhavi,203.0,90.0,Not Applicable,Not Applicable,No,Not Applicable,1235,Cash,39,4.8,3.4
2024-07-27 13:10:00,CNR9898458364,Success,CID262428,Prime Sedan,JP Nagar,Devanahalli,175.0,135.0,Not Applicable,Not Applicable,No,Not Applicable,790,Cash,26,4.2,4.0
2024-07-05 05:24:00,CNR9632215011,Success,CID885870,Prime Plus,Padmanabhanagar,Nagarbhavi,56.0,30.0,Not Applicable,Not Applicable,No,Not Applicable,566,Cash,35,3.1,3.0
2024-07-13 18:45:00,CNR8434589544,Canceled by Driver,CID534755,Prime Sedan,Bellandur,Magadi Road,,,Not Applicable,Customer related issue,Not Applicable,Not Applicable,366,Not Applicable,0,,
2024-07-15 16:31:00,CNR2607376028,Success,CID801693,Prime Sedan,Kengeri,Bannerghatta Road,112.0,135.0,Not Applicable,Not Applicable,Yes,Customer Demand,463,Cash,39,4.5,3.3
2024-07-07 20:33:00,CNR7825810016,Success,CID696513,Mini,Shantinagar,Frazer Town,84.0,105.0,Not Applicable,Not Applicable,No,Not Applicable,193,Cash,18,3.7,4.1
2024-07-02 03:05:00,CNR4481058395,Success,CID843195,Bike,Sarjapur Road,Rajarajeshwari Nagar,224.0,75.0,Not Applicable,Not Applicable,No,Not Applicable,806,UPI,44,3.5,4.9
2024-07-30 00:09:00,CNR1722031875,Success,CID792546,Mini,Rajarajeshwari Nagar,Frazer Town,77.0,80.0,Not Applicable,Not Applicable,No,Not Applicable,190,Cash,34,3.5,4.5
2024-07-26 08:11:00,CNR9943345063,Canceled by Customer,CID173897,Prime SUV,Padmanabhanagar,Chamarajpet,,,Driver is not moving towards pickup location,Not Applicable,Not Applicable,Not Applicable,1480,Not Applicable,0,,
2024-07-05 23:21:00,CNR6440257229,Success,CID233397,Mini,Shantinagar,KR Puram,280.0,30.0,Not Applicable,Not Applicable,No,Not Applicable,733,UPI,41,4.5,4.1
2024-07-24 03:38:00,CNR6907275467,Success,CID766639,Mini,BTM Layout,Rajarajeshwari Nagar,147.0,55.0,Not Applicable,Not Applicable,No,Not Applicable,322,Cash,5,4.6,4.2
2024-07-08 16:55:00,CNR7854841328,Success,CID398551,Bike,Yelahanka,Ulsoor,84.0,85.0,Not Applicable,Not Applicable,No,Not Applicable,136,Cash,16,3.6,3.3
2024-07-18 17:26:00,CNR8169295851,Success,CID721688,Prime SUV,Kammanahalli,Padmanabhanagar,91.0,35.0,Not Applicable,Not Applicable,No,Not Applicable,2114,UPI,21,4.5,3.6
2024-07-19 07:56:00,CNR5847426732,Success,CID187224,Prime SUV,Jayanagar,Bannerghatta Road,77.0,145.0,Not Applicable,Not Applicable,No,Not Applicable,1489,Cash,17,4.7,4.6
2024-07-29 06:08:00,CNR5459853720,Driver Not Found,CID222812,Prime SUV,BTM Layout,Malleshwaram,,,Not Applicable,Not Applicable,Not Applicable,Not Applicable,293,Not Applicable,0,,
2024-07-15 17:09:00,CNR3211812003,Success,CID622009,eBike,Basavanagudi,Varthur,294.0,85.0,Not Applicable,Not Applicable,No,Not Applicable,297,UPI,36,4.1,4.1
2024-07-13 08:48:00,CNR7072347259,Driver Not Found,CID814437,Prime Sedan,Yelahanka,Banashankari,,,Not Applicable,Not Applicable,Not Applicable,Not Applicable,348,Not Applicable,0,,
2024-07-22 19:41:00,CNR3821926451,Success,CID900311,eBike,KR Puram,KR Puram,70.0,125.0,Not Applicable,Not Applicable,No,Not Applicable,981,Cash,23,4.5,4.4
2024-07-27 16:37:00,CNR6789525563,Success,CID793585,Prime Sedan,Frazer Town,Ramamurthy Nagar,224.0,50.0,Not Applicable,Not Applicable,No,Not Applicable,645,Cash,12,3.7,3.2
2024-07-06 11:42:00,CNR1959897924,Success,CID527874,Prime Sedan,Rajarajeshwari Nagar,Banashankari,168.0,85.0,Not Applicable,Not Applicable,No,Not Applicable,689,UPI,47,3.1,3.9
2024-07-18 20:24:00,CNR7534508368,Success,CID400763,Mini,HSR Layout,Jayanagar,98.0,70.0,Not Applicable,Not Applicable,No,Not Applicable,365,Cash,39,3.2,4.6
2024-07-04 16:19:00,CNR3452250920,Canceled by Customer,CID202957,Auto,Marathahalli,Ulsoor,,,Driver is not moving towards pickup location,Not Applicable,Not Applicable,Not Applicable,822,Not Applicable,0,,
2024-07-10 19:07:00,CNR5899972308,Success,CID226373,Prime Plus,Hulimavu,Peenya,175.0,120.0,Not Applicable,Not Applicable,No,Not Applicable,213,UPI,16,3.0,4.6
2024-07-04 13:13:00,CNR3906449513,Success,CID638342,Auto,Yeshwanthpur,Chickpet,126.0,40.0,Not Applicable,Not Applicable,No,Not Applicable,160,UPI,1,3.7,4.8
2024-07-13 11:38:00,CNR3151573709,Success,CID876459,Prime SUV,Ramamurthy Nagar,Malleshwaram,266.0,85.0,Not Applicable,Not Applicable,No,Not Applicable,2835,Cash,35,4.9,4.8
2024-07-08 07:57:00,CNR1270501818,Success,CID268128,Bike,Shivajinagar,Hosur Road,105.0,55.0,Not Applicable,Not Applicable,No,Not Applicable,438,Cash,36,3.4,3.6
2024-07-24 02:26:00,CNR1775212593,Success,CID539239,eBike,Padmanabhanagar,Kengeri,126.0,95.0,Not Applicable,Not Applicable,No,Not Applicable,377,UPI,40,3.2,4.7
2024-07-05 07:44:00,CNR7519007801,Success,CID647315,Prime SUV,Sarjapur Road,Richmond Town,119.0,140.0,Not Applicable,Not Applicable,No,Not Applicable,154,UPI,24,3.2,4.3
2024-07-03 20:42:00,CNR6531645753,Canceled by Driver,CID544177,Prime SUV,Sahakar Nagar,Whitefield,,,Not Applicable,Personal & Car related issue,Not Applicable,Not Applicable,427,Not Applicable,0,,
2024-07-08 12:14:00,CNR8569767575,Success,CID992947,Bike,Whitefield,Yelahanka,196.0,35.0,Not Applicable,Not Applicable,Yes,Customer Demand,411,Cash,5,3.7,4.1
2024-07-08 22:59:00,CNR8084226493,Success,CID961319,eBike,RT Nagar,Richmond Town,224.0,75.0,Not Applicable,Not Applicable,No,Not Applicable,2912,Cash,29,3.2,3.1
2024-07-27 14:09:00,CNR2915652546,Driver Not Found,CID383362,Prime SUV,Hebbal,Padmanabhanagar,,,Not Applicable,Not Applicable,Not Applicable,Not Applicable,402,Not Applicable,0,,
2024-07-11 13:24:00,CNR3062334231,Canceled by Driver,CID318050,Mini,Yeshwanthpur,Mysore Road,,,Not Applicable,More than permitted people in there,Not Applicable,Not Applicable,197,Not Applicable,0,,
2024-07-30 05:35:00,CNR3053697936,Success,CID690572,Mini,MG Road,Yeshwanthpur,91.0,70.0,Not Applicable,Not Applicable,No,Not Applicable,324,UPI,23,4.1,3.3
2024-07-08 05:58:00,CNR3353585947,Canceled by Driver,CID168966,Prime SUV,Yelahanka,Rajarajeshwari Nagar,,,Not Applicable,Customer related issue,Not Applicable,Not Applicable,430,Not Applicable,0,,
2024-07-30 07:48:00,CNR8271571711,Success,CID953418,Mini,KR Puram,Indiranagar,168.0,85.0,Not Applicable,Not Applicable,No,Not Applicable,119,UPI,42,3.7,4.3
2024-07-10 00:30:00,CNR6837347776,Success,CID940211,Bike,Frazer Town,Padmanabhanagar,84.0,80.0,Not Applicable,Not Applicable,No,Not Applicable,1378,Cash,6,3.1,3.6
2024-07-21 13:26:00,CNR5999413405,Canceled by Driver,CID908062,Prime SUV,Peenya,Indiranagar,,,Not Applicable,Personal & Car related issue,Not Applicable,Not Applicable,374,Not Applicable,0,,
2024-07-10 08:15:00,CNR8722296075,Success,CID878713,Bike,Chickpet,HSR Layout,196.0,125.0,Not Applicable,Not Applicable,No,Not Applicable,484,UPI,18,3.6,4.0
2024-07-02 19:44:00,CNR3347047948,Success,CID113884,Auto,Rajajinagar,Rajajinagar,203.0,100.0,Not Applicable,Not Applicable,No,Not Applicable,310,Cash,3,4.0,4.4
2024-07-10 01:17:00,CNR8297238828,Success,CID467877,eBike,Banashankari,Malleshwaram,266.0,70.0,Not Applicable,Not Applicable,No,Not Applicable,114,UPI,33,3.3,4.9
2024-07-23 07:09:00,CNR7481305741,Canceled by Driver,CID557019,Mini,Yeshwanthpur,Hosur Road,,,Not Applicable,Customer related issue,Not Applicable,Not Applicable,310,Not Applicable,0,,
2024-07-03 22:30:00,CNR9429650038,Success,CID589138,Mini,Kammanahalli,Richmond Town,245.0,25.0,Not Applicable,Not Applicable,No,Not Applicable,146,UPI,32,4.3,3.4
2024-07-29 16:36:00,CNR2488443311,Success,CID697824,Prime SUV,Langford Town,Rajajinagar,147.0,70.0,Not Applicable,Not Applicable,No,Not Applicable,389,UPI,33,5.0,3.6
2024-07-22 12:54:00,CNR2066152233,Success,CID242935,Bike,JP Nagar,Marathahalli,126.0,120.0,Not Applicable,Not Applicable,No,Not Applicable,298,UPI,19,4.6,4.1
2024-07-09 12:36:00,CNR6556886013,Canceled by Driver,CID640227,eBike,Electronic City,Richmond Town,,,Not Applicable,Personal & Car related issue,Not Applicable,Not Applicable,534,Not Applicable,0,,
2024-07-03 11:18:00,CNR1386446486,Success,CID329082,Prime Sedan,Malleshwaram,Whitefield,245.0,120.0,Not Applicable,Not Applicable,No,Not Applicable,358,Cash,40,4.6,4.8
2024-07-11 00:30:00,CNR8651246115,Canceled by Driver,CID943007,Prime Plus,Mysore Road,Cox Town,,,Not Applicable,Customer related issue,Not Applicable,Not Applicable,463,Not Applicable,0,,
2024-07-09 17:01:00,CNR3528489898,Success,CID935726,Prime SUV,Hulimavu,Peenya,189.0,35.0,Not Applicable,Not Applicable,No,Not Applicable,289,Cash,3,4.7,3.4
2024-07-14 09:14:00,CNR9960728201,Success,CID395164,Auto,Jayanagar,Malleshwaram,196.0,125.0,Not Applicable,Not Applicable,No,Not Applicable,291,UPI,4,4.6,4.8
2024-07-30 21:23:00,CNR3818493553,Canceled by Driver,CID941571,Prime SUV,Nagarbhavi,RT Nagar,,,Not Applicable,Customer related issue,Not Applicable,Not Applicable,431,Not Applicable,0,,
2024-07-23 05:02:00,CNR7824084313,Success,CID262304,Prime Plus,Koramangala,Mysore Road,182.0,120.0,Not Applicable,Not Applicable,No,Not Applicable,245,UPI,14,3.3,4.8
2024-07-09 23:25:00,CNR7333602291,Success,CID438436,Bike,Mysore Road,Hebbal,280.0,75.0,Not Applicable,Not Applicable,No,Not Applicable,136,Cash,33,4.4,5.0
2024-07-06 16:38:00,CNR7945617365,Success,CID115309,Mini,Cox Town,Hulimavu,98.0,45.0,Not Applicable,Not Applicable,Yes,Customer Demand,115,UPI,24,3.7,4.7
2024-07-18 22:47:00,CNR9637683678,Driver Not Found,CID237930,Bike,Sarjapur Road,KR Puram,,,Not Applicable,Not Applicable,Not Applicable,Not Applicable,156,Not Applicable,0,,
2024-07-20 05:19:00,CNR2995374297,Canceled by Driver,CID234072,Prime Plus,Hosur Road,Whitefield,,,Not Applicable,Personal & Car related issue,Not Applicable,Not Applicable,202,Not Applicable,0,,
2024-07-17 21:29:00,CNR4167053445,Canceled by Customer,CID704859,Prime SUV,Hulimavu,Yeshwanthpur,,,AC is Not working,Not Applicable,Not Applicable,Not Applicable,305,Not Applicable,0,,
2024-07-09 12:16:00,CNR2417785129,Success,CID991251,Prime Plus,Nagarbhavi,JP Nagar,294.0,85.0,Not Applicable,Not Applicable,No,Not Applicable,379,Cash,38,4.9,5.0
2024-07-28 15:54:00,CNR5510030593,Success,CID689978,Prime SUV,Bellandur,Malleshwaram,84.0,85.0,Not Applicable,Not Applicable,Yes,Customer Demand,480,Cash,49,3.2,4.5
2024-07-24 22:33:00,CNR9865702815,Success,CID771254,Prime SUV,Langford Town,Indiranagar,301.0,90.0,Not Applicable,Not Applicable,No,Not Applicable,108,Cash,37,5.0,3.9
2024-07-04 02:13:00,CNR3224939222,Success,CID230664,Prime Sedan,Ramamurthy Nagar,Mysore Road,49.0,55.0,Not Applicable,Not Applicable,No,Not Applicable,154,Cash,2,4.2,4.0
2024-07-19 04:52:00,CNR1604590537,Success,CID582277,Prime Sedan,Whitefield,Bellandur,63.0,130.0,Not Applicable,Not Applicable,No,Not Applicable,329,Cash,21,3.5,5.0
2024-07-29 10:03:00,CNR4346265069,Canceled by Driver,CID103364,Mini,Varthur,Ulsoor,,,Not Applicable,Personal & Car related issue,Not Applicable,Not Applicable,233,Not Applicable,0,,
2024-07-23 22:08:00,CNR9474539834,Canceled by Customer,CID389093,Prime Plus,Kengeri,Mysore Road,,,Driver asked to cancel,Not Applicable,Not Applicable,Not Applicable,407,Not Applicable,0,,
2024-07-13 07:03:00,CNR8590841606,Success,CID928434,Auto,Rajarajeshwari Nagar,Yelahanka,287.0,110.0,Not Applicable,Not Applicable,No,Not Applicable,236,UPI,8,4.4,3.3
2024-07-02 11:20:00,CNR3593320841,Success,CID184006,Mini,Whitefield,Hulimavu,56.0,140.0,Not Applicable,Not Applicable,No,Not Applicable,471,Cash,35,4.5,4.3
2024-07-11 18:14:00,CNR9076850424,Canceled by Customer,CID420834,Mini,Kengeri,Sahakar Nagar,,,AC is Not working,Not Applicable,Not Applicable,Not Applicable,418,Not Applicable,0,,
2024-07-01 22:11:00,CNR1692209554,Success,CID707780,Mini,Sahakar Nagar,Ramamurthy Nagar,63.0,80.0,Not Applicable,Not Applicable,No,Not Applicable,940,Cash,32,3.1,3.5
2024-07-15 21:42:00,CNR1157672218,Success,CID488989,Prime Sedan,Rajajinagar,Yelahanka,56.0,115.0,Not Applicable,Not Applicable,No,Not Applicable,760,Cash,22,4.3,4.2
2024-07-07 19:34:00,CNR5402688264,Canceled by Driver,CID303909,Prime Plus,Kammanahalli,Marathahalli,,,Not Applicable,Customer related issue,Not Applicable,Not Applicable,247,Not Applicable,0,,
2024-07-03 11:55:00,CNR2362642987,Success,CID315130,eBike,Chickpet,Tumkur Road,91.0,40.0,Not Applicable,Not Applicable,No,Not Applicable,225,Cash,16,3.3,3.2
2024-07-05 22:39:00,CNR3059743632,Success,CID439775,eBike,Shantinagar,Kammanahalli,63.0,80.0,Not Applicable,Not Applicable,No,Not Applicable,135,Cash,21,3.4,3.9
2024-07-10 11:44:00,CNR6052406281,Success,CID535670,eBike,Sarjapur Road,Chamarajpet,119.0,105.0,Not Applicable,Not Applicable,No,Not Applicable,476,Cash,9,4.5,3.8
2024-07-08 09:47:00,CNR9241675174,Canceled by Driver,CID962577,Prime Sedan,Koramangala,Yeshwanthpur,,,Not Applicable,Customer related issue,Not Applicable,Not Applicable,721,Not Applicable,0,,
2024-07-25 14:32:00,CNR3341500208,Success,CID645119,Prime Plus,Hosur Road,HSR Layout,126.0,40.0,Not Applicable,Not Applicable,No,Not Applicable,184,Cash,27,4.0,3.5
2024-07-22 05:12:00,CNR1938636968,Success,CID108160,Prime Plus,RT Nagar,BTM Layout,35.0,25.0,Not Applicable,Not Applicable,No,Not Applicable,237,Cash,41,3.1,4.2
2024-07-15 05:32:00,CNR1461799209,Success,CID187879,Prime SUV,Sarjapur Road,HSR Layout,105.0,40.0,Not Applicable,Not Applicable,No,Not Applicable,240,UPI,26,4.1,4.9
2024-07-24 08:44:00,CNR5166307123,Canceled by Driver,CID452583,eBike,Jayanagar,Richmond Town,,,Not Applicable,Customer was coughing/sick,Not Applicable,Not Applicable,313,Not Applicable,0,,
2024-07-18 11:29:00,CNR9440425248,Success,CID154640,Bike,Yeshwanthpur,Cox Town,56.0,75.0,Not Applicable,Not Applicable,Yes,Other Issue,2100,UPI,14,3.5,3.7
2024-07-13 09:04:00,CNR2098198650,Success,CID247566,Bike,Frazer Town,Banashankari,105.0,105.0,Not Applicable,Not Applicable,No,Not Applicable,104,UPI,46,5.0,3.2
2024-07-06 10:17:00,CNR7822669926,Success,CID499256,eBike,BTM Layout,Chickpet,133.0,140.0,Not Applicable,Not Applicable,No,Not Applicable,129,Cash,14,4.8,3.1
2024-07-26 00:24:00,CNR9882476520,Success,CID711340,Prime Sedan,Chickpet,Yeshwanthpur,273.0,30.0,Not Applicable,Not Applicable,No,Not Applicable,120,Cash,1,3.3,4.4
2024-07-20 07:58:00,CNR3423306857,Canceled by Driver,CID812458,Prime Plus,Kadugodi,Jayanagar,,,Not Applicable,Personal & Car related issue,Not Applicable,Not Applicable,249,Not Applicable,0,,
2024-07-12 18:23:00,CNR9643496712,Canceled by Driver,CID460997,Auto,Peenya,Peenya,,,Not Applicable,Customer was coughing/sick,Not Applicable,Not Applicable,210,Not Applicable,0,,
2024-07-29 05:12:00,CNR4772774694,Canceled by Driver,CID913297,eBike,Hennur,Yeshwanthpur,,,Not Applicable,Customer was coughing/sick,Not Applicable,Not Applicable,343,Not Applicable,0,,
2024-07-02 09:54:00,CNR5911773900,Success,CID324487,eBike,KR Puram,Richmond Town,126.0,120.0,Not Applicable,Not Applicable,No,Not Applicable,458,UPI,30,3.7,4.0
2024-07-24 12:37:00,CNR4288853517,Success,CID786629,eBike,Jayanagar,Kengeri,252.0,125.0,Not Applicable,Not Applicable,No,Not Applicable,128,Cash,8,3.7,4.0
2024-07-13 11:15:00,CNR4985227601,Success,CID745960,Mini,MG Road,Chamarajpet,140.0,45.0,Not Applicable,Not Applicable,No,Not Applicable,247,UPI,10,3.2,4.0
2024-07-19 23:59:00,CNR6557815817,Success,CID717536,eBike,Kadugodi,Shivajinagar,266.0,75.0,Not Applicable,Not Applicable,No,Not Applicable,348,Cash,17,3.5,4.6
2024-07-01 07:47:00,CNR5212454727,Success,CID226563,Mini,MG Road,Kengeri,168.0,55.0,Not Applicable,Not Applicable,No,Not Applicable,1820,Cash,13,3.8,3.1
2024-07-15 20:41:00,CNR9548404197,Success,CID990324,eBike,Shantinagar,Bannerghatta Road,280.0,145.0,Not Applicable,Not Applicable,No,Not Applicable,372,UPI,29,4.8,4.4
2024-07-08 14:34:00,CNR6294568569,Canceled by Driver,CID153940,Mini,MG Road,Vijayanagar,,,Not Applicable,Customer was coughing/sick,Not Applicable,Not Applicable,729,Not Applicable,0,,
2024-07-03 12:16:00,CNR6145899341,Success,CID662648,Prime SUV,MG Road,Rajajinagar,308.0,75.0,Not Applicable,Not Applicable,No,Not Applicable,481,Credit Card,43,4.2,4.1
2024-07-20 07:48:00,CNR7676903751,Success,CID243364,Prime Sedan,Kengeri,Malleshwaram,98.0,135.0,Not Applicable,Not Applicable,No,Not Applicable,1881,UPI,4,4.0,3.0
2024-07-15 16:58:00,CNR1710205491,Success,CID346695,Bike,Richmond Town,Shantinagar,308.0,90.0,Not Applicable,Not Applicable,No,Not Applicable,454,UPI,27,4.0,4.2
2024-07-16 21:39:00,CNR1760791944,Success,CID677372,eBike,Marathahalli,Indiranagar,294.0,65.0,Not Applicable,Not Applicable,No,Not Applicable,2213,UPI,1,3.6,4.4
2024-07-18 10:39:00,CNR1951625420,Success,CID635305,Prime Plus,Bellandur,Sahakar Nagar,273.0,40.0,Not Applicable,Not Applicable,No,Not Applicable,795,Cash,8,4.8,4.0
2024-07-03 16:10:00,CNR3063172570,Success,CID941575,Prime Plus,Rajajinagar,Hulimavu,231.0,80.0,Not Applicable,Not Applicable,No,Not Applicable,484,UPI,26,4.3,4.8
2024-07-11 05:07:00,CNR3132290107,Success,CID685723,Prime Sedan,Langford Town,Padmanabhanagar,70.0,35.0,Not Applicable,Not Applicable,No,Not Applicable,826,UPI,12,3.2,4.0
2024-07-28 07:41:00,CNR6510246226,Success,CID818443,Prime Plus,Bellandur,Hulimavu,154.0,135.0,Not Applicable,Not Applicable,No,Not Applicable,381,Cash,13,4.5,3.0
2024-07-22 08:06:00,CNR2279863859,Canceled by Driver,CID604942,Bike,Sarjapur Road,Padmanabhanagar,,,Not Applicable,Personal & Car related issue,Not Applicable,Not Applicable,237,Not Applicable,0,,
2024-07-02 17:01:00,CNR3835411209,Canceled by Driver,CID253981,Bike,Ulsoor,Sahakar Nagar,,,Not Applicable,Customer was coughing/sick,Not Applicable,Not Applicable,1068,Not Applicable,0,,
2024-07-12 17:41:00,CNR7574328450,Success,CID354974,Auto,Frazer Town,Varthur,301.0,80.0,Not Applicable,Not Applicable,No,Not Applicable,103,Cash,15,4.6,4.6
2024-07-15 21:01:00,CNR9105231635,Success,CID961917,Auto,Electronic City,Kengeri,238.0,95.0,Not Applicable,Not Applicable,No,Not Applicable,1063,Cash,4,3.6,4.1
2024-07-20 13:55:00,CNR9257777389,Success,CID394405,Prime Sedan,Jayanagar,Koramangala,133.0,55.0,Not Applicable,Not Applicable,No,Not Applicable,489,Cash,13,4.7,4.3
2024-07-03 13:31:00,CNR3013659773,Canceled by Customer,CID584517,eBike,Yelahanka,Sarjapur Road,,,Change of plans,Not Applicable,Not Applicable,Not Applicable,531,Not Applicable,0,,
2024-07-03 06:19:00,CNR5601846474,Canceled by Driver,CID456878,eBike,RT Nagar,Rajajinagar,,,Not Applicable,Personal & Car related issue,Not Applicable,Not Applicable,225,Not Applicable,0,,
2024-07-09 03:11:00,CNR9179360017,Success,CID645618,Auto,HSR Layout,Padmanabhanagar,133.0,90.0,Not Applicable,Not Applicable,No,Not Applicable,312,UPI,4,3.7,3.5
2024-07-24 13:16:00,CNR8932160336,Canceled by Driver,CID470262,Mini,Kengeri,Devanahalli,,,Not Applicable,Personal & Car related issue,Not Applicable,Not Applicable,401,Not Applicable,0,,
2024-07-09 21:40:00,CNR2369815209,Canceled by Customer,CID260961,Prime Sedan,Chickpet,Basavanagudi,,,Driver is not moving towards pickup location,Not Applicable,Not Applicable,Not Applicable,115,Not Applicable,0,,
2024-07-08 02:58:00,CNR7610018213,Success,CID886246,Mini,Tumkur Road,Whitefield,259.0,105.0,Not Applicable,Not Applicable,No,Not Applicable,472,Cash,15,4.9,5.0
2024-07-07 12:50:00,CNR7640224678,Success,CID554769,Mini,MG Road,Hebbal,119.0,60.0,Not Applicable,Not Applicable,Yes,Vehicle Breakdown,244,Cash,31,4.1,4.6
2024-07-02 16:32:00,CNR1510617206,Success,CID548009,eBike,Bellandur,Jayanagar,287.0,105.0,Not Applicable,Not Applicable,No,Not Applicable,727,UPI,9,4.8,4.2
2024-07-16 13:46:00,CNR9923717786,Canceled by Driver,CID201700,Bike,Mysore Road,Basavanagudi,,,Not Applicable,More than permitted people in there,Not Applicable,Not Applicable,499,Not Applicable,0,,
2024-07-29 05:03:00,CNR3497626943,Canceled by Driver,CID900766,Prime Sedan,Sahakar Nagar,Mysore Road,,,Not Applicable,Customer related issue,Not Applicable,Not Applicable,375,Not Applicable,0,,
2024-07-04 01:14:00,CNR4779644411,Success,CID484083,Bike,Vijayanagar,Yeshwanthpur,91.0,25.0,Not Applicable,Not Applicable,No,Not Applicable,371,Cash,40,4.5,5.0
2024-07-27 01:05:00,CNR4194051858,Success,CID945912,Auto,Yeshwanthpur,Mysore Road,287.0,90.0,Not Applicable,Not Applicable,No,Not Applicable,323,Cash,7,3.3,4.3
2024-07-09 13:15:00,CNR5970162710,Success,CID889014,Auto,Hulimavu,Hennur,175.0,115.0,Not Applicable,Not Applicable,No,Not Applicable,1692,Cash,14,4.7,4.5
2024-07-29 14:31:00,CNR3501935204,Canceled by Driver,CID778075,Prime SUV,Tumkur Road,Hebbal,,,Not Applicable,Personal & Car related issue,Not Applicable,Not Applicable,570,Not Applicable,0,,
2024-07-01 15:56:00,CNR3775450046,Canceled by Customer,CID394903,Prime Sedan,Marathahalli,Bellandur,,,Driver is not moving towards pickup location,Not Applicable,Not Applicable,Not Applicable,577,Not Applicable,0,,
2024-07-01 20:05:00,CNR8868537761,Success,CID188722,Bike,Rajarajeshwari Nagar,Hulimavu,147.0,100.0,Not Applicable,Not Applicable,No,Not Applicable,1082,Cash,9,4.4,4.1
2024-07-11 00:40:00,CNR6798992949,Success,CID934164,Prime Sedan,Peenya,Yelahanka,98.0,95.0,Not Applicable,Not Applicable,No,Not Applicable,385,Cash,38,3.7,4.4
2024-07-14 10:24:00,CNR9466277491,Canceled by Customer,CID308254,Prime Sedan,Tumkur Road,Cox Town,,,Change of plans,Not Applicable,Not Applicable,Not Applicable,137,Not Applicable,0,,
2024-07-02 12:12:00,CNR2592759585,Driver Not Found,CID971803,Prime Plus,MG Road,Hebbal,,,Not Applicable,Not Applicable,Not Applicable,Not Applicable,491,Not Applicable,0,,
2024-07-12 19:22:00,CNR2262605466,Canceled by Driver,CID664042,Prime SUV,Nagarbhavi,Nagarbhavi,,,Not Applicable,Personal & Car related issue,Not Applicable,Not Applicable,895,Not Applicable,0,,
2024-07-26 17:31:00,CNR3426552920,Success,CID309194,Prime Plus,Shivajinagar,Whitefield,84.0,110.0,Not Applicable,Not Applicable,No,Not Applicable,699,UPI,48,4.2,4.8
2024-07-13 11:34:00,CNR6145780073,Canceled by Customer,CID601126,Auto,Indiranagar,Majestic,,,Driver asked to cancel,Not Applicable,Not Applicable,Not Applicable,417,Not Applicable,0,,
2024-07-11 20:37:00,CNR1492769122,Driver Not Found,CID649395,Auto,Ramamurthy Nagar,Peenya,,,Not Applicable,Not Applicable,Not Applicable,Not Applicable,305,Not Applicable,0,,
2024-07-18 05:10:00,CNR3771549436,Canceled by Driver,CID970609,Mini,Malleshwaram,Kammanahalli,,,Not Applicable,Customer was coughing/sick,Not Applicable,Not Applicable,417,Not Applicable,0,,
2024-07-30 02:31:00,CNR5408077521,Canceled by Driver,CID309168,Prime Sedan,Ramamurthy Nagar,Vijayanagar,,,Not Applicable,Personal & Car related issue,Not Applicable,Not Applicable,396,Not Applicable,0,,
2024-07-03 02:15:00,CNR6956565465,Canceled by Customer,CID411963,eBike,Basavanagudi,Chamarajpet,,,AC is Not working,Not Applicable,Not Applicable,Not Applicable,482,Not Applicable,0,,
2024-07-29 07:57:00,CNR6059691185,Success,CID546183,Prime Sedan,BTM Layout,Majestic,294.0,50.0,Not Applicable,Not Applicable,No,Not Applicable,935,Cash,39,3.4,5.0
2024-07-07 23:10:00,CNR4235648604,Success,CID957900,Mini,Shivajinagar,Kengeri,308.0,145.0,Not Applicable,Not Applicable,No,Not Applicable,2372,UPI,8,4.8,3.2
2024-07-11 14:39:00,CNR7480941997,Success,CID180358,Auto,Yeshwanthpur,Majestic,105.0,85.0,Not Applicable,Not Applicable,No,Not Applicable,1962,UPI,14,3.6,4.3
2024-07-12 23:22:00,CNR7563297668,Success,CID547035,Mini,HSR Layout,Peenya,126.0,85.0,Not Applicable,Not Applicable,No,Not Applicable,265,UPI,28,3.3,3.4
2024-07-02 19:08:00,CNR6240863372,Driver Not Found,CID685388,Prime SUV,Sahakar Nagar,Ulsoor,,,Not Applicable,Not Applicable,Not Applicable,Not Applicable,382,Not Applicable,0,,
2024-07-07 12:11:00,CNR2360233076,Driver Not Found,CID591713,Auto,Shivajinagar,RT Nagar,,,Not Applicable,Not Applicable,Not Applicable,Not Applicable,221,Not Applicable,0,,
2024-07-14 03:33:00,CNR7692952062,Success,CID126407,Prime Sedan,Ulsoor,Sahakar Nagar,217.0,35.0,Not Applicable,Not Applicable,No,Not Applicable,779,UPI,16,3.2,3.8
2024-07-15 20:15:00,CNR1206693972,Success,CID934557,Bike,Rajajinagar,Sahakar Nagar,98.0,70.0,Not Applicable,Not Applicable,No,Not Applicable,393,UPI,44,4.5,3.6
2024-07-20 13:36:00,CNR1905321624,Canceled by Customer,CID148585,Auto,Padmanabhanagar,Hulimavu,,,Driver is not moving towards pickup location,Not Applicable,Not Applicable,Not Applicable,488,Not Applicable,0,,
2024-07-13 06:33:00,CNR5463255652,Driver Not Found,CID522095,eBike,Vijayanagar,Padmanabhanagar,,,Not Applicable,Not Applicable,Not Applicable,Not Applicable,197,Not Applicable,0,,
2024-07-29 15:30:00,CNR7845323917,Success,CID597064,Prime Sedan,Kammanahalli,Tumkur Road,147.0,75.0,Not Applicable,Not Applicable,No,Not Applicable,477,UPI,4,4.9,4.1
2024-07-24 16:33:00,CNR7480996370,Success,CID609169,Bike,Hulimavu,Bannerghatta Road,245.0,120.0,Not Applicable,Not Applicable,No,Not Applicable,732,Cash,42,4.1,4.4
2024-07-02 01:43:00,CNR2134226802,Canceled by Customer,CID354493,eBike,Ulsoor,Kammanahalli,,,Driver is not moving towards pickup location,Not Applicable,Not Applicable,Not Applicable,362,Not Applicable,0,,
2024-07-25 14:09:00,CNR6312938548,Success,CID361752,Prime Plus,Bellandur,Koramangala,98.0,140.0,Not Applicable,Not Applicable,No,Not Applicable,436,UPI,4,3.6,4.4
2024-07-23 12:37:00,CNR1614145742,Canceled by Customer,CID297886,Mini,Yeshwanthpur,Chickpet,,,Driver asked to cancel,Not Applicable,Not Applicable,Not Applicable,852,Not Applicable,0,,
2024-07-25 00:50:00,CNR5688749659,Canceled by Driver,CID631609,Mini,Shantinagar,Shivajinagar,,,Not Applicable,Customer related issue,Not Applicable,Not Applicable,231,Not Applicable,0,,
2024-07-30 05:49:00,CNR4261014160,Canceled by Customer,CID829366,Prime Sedan,JP Nagar,Indiranagar,,,Driver is not moving towards pickup location,Not Applicable,Not Applicable,Not Applicable,899,Not Applicable,0,,
2024-07-15 05:41:00,CNR6272573948,Success,CID598895,Prime Plus,JP Nagar,Indiranagar,84.0,95.0,Not Applicable,Not Applicable,No,Not Applicable,964,UPI,20,4.0,4.9
2024-07-08 13:25:00,CNR2370657510,Success,CID246691,Auto,Bellandur,Bellandur,196.0,95.0,Not Applicable,Not Applicable,No,Not Applicable,1123,Cash,7,4.6,4.5
2024-07-25 06:54:00,CNR4494602529,Success,CID823000,Prime Plus,Marathahalli,Devanahalli,196.0,105.0,Not Applicable,Not Applicable,No,Not Applicable,2622,Cash,4,4.3,3.3
2024-07-18 16:17:00,CNR7592616684,Canceled by Customer,CID977843,Bike,Devanahalli,Cox Town,,,Driver is not moving towards pickup location,Not Applicable,Not Applicable,Not Applicable,295,Not Applicable,0,,
2024-07-11 19:20:00,CNR4042292252,Canceled by Driver,CID822702,Bike,Kengeri,Yelahanka,,,Not Applicable,Personal & Car related issue,Not Applicable,Not Applicable,250,Not Applicable,0,,
2024-07-14 02:16:00,CNR3631520063,Success,CID867654,Prime SUV,Mysore Road,Varthur,42.0,75.0,Not Applicable,Not Applicable,No,Not Applicable,195,UPI,40,3.0,3.9
2024-07-11 19:18:00,CNR7357075045,Success,CID875104,Mini,Langford Town,Vijayanagar,63.0,130.0,Not Applicable,Not Applicable,No,Not Applicable,418,Cash,29,3.2,3.1
2024-07-10 05:54:00,CNR2906761180,Success,CID759538,eBike,Rajarajeshwari Nagar,Whitefield,49.0,65.0,Not Applicable,Not Applicable,No,Not Applicable,386,Cash,31,3.9,3.7
2024-07-03 18:40:00,CNR3832848550,Canceled by Customer,CID761354,Prime Plus,Hulimavu,Hennur,,,Wrong Address,Not Applicable,Not Applicable,Not Applicable,600,Not Applicable,0,,
2024-07-02 11:15:00,CNR6713763999,Success,CID677130,Auto,Ramamurthy Nagar,Electronic City,140.0,85.0,Not Applicable,Not Applicable,No,Not Applicable,900,UPI,8,3.9,4.5
2024-07-16 12:09:00,CNR8110146827,Success,CID856654,Mini,Yelahanka,Banashankari,119.0,100.0,Not Applicable,Not Applicable,No,Not Applicable,207,UPI,15,3.3,3.8
2024-07-13 03:21:00,CNR2819953852,Success,CID466478,Prime Sedan,Mysore Road,Tumkur Road,189.0,110.0,Not Applicable,Not Applicable,No,Not Applicable,117,Credit Card,30,3.8,4.7
2024-07-10 07:21:00,CNR7680454048,Canceled by Driver,CID852436,Auto,Yeshwanthpur,Basavanagudi,,,Not Applicable,Personal & Car related issue,Not Applicable,Not Applicable,175,Not Applicable,0,,
2024-07-15 18:39:00,CNR3382743224,Canceled by Driver,CID694029,Prime Plus,Ulsoor,Kengeri,,,Not Applicable,Personal & Car related issue,Not Applicable,Not Applicable,324,Not Applicable,0,,
2024-07-24 11:42:00,CNR9314953995,Canceled by Driver,CID100802,eBike,MG Road,Hulimavu,,,Not Applicable,Customer related issue,Not Applicable,Not Applicable,300,Not Applicable,0,,
2024-07-30 01:23:00,CNR2598440125,Success,CID801076,Prime Sedan,Ulsoor,HSR Layout,308.0,90.0,Not Applicable,Not Applicable,No,Not Applicable,339,UPI,31,3.2,4.4
2024-07-27 13:31:00,CNR8924074418,Success,CID361399,Prime Sedan,Koramangala,Peenya,196.0,95.0,Not Applicable,Not Applicable,No,Not Applicable,323,Cash,20,4.2,4.4
2024-07-25 23:46:00,CNR2503395144,Success,CID740332,Prime Plus,Bellandur,Majestic,161.0,60.0,Not Applicable,Not Applicable,Yes,Customer Demand,107,UPI,46,4.3,4.0
2024-07-16 16:39:00,CNR3118217097,Success,CID344106,Prime Plus,Shivajinagar,Magadi Road,280.0,50.0,Not Applicable,Not Applicable,No,Not Applicable,318,Cash,33,4.8,3.9
2024-07-06 02:51:00,CNR8112124114,Success,CID335169,Auto,MG Road,Marathahalli,161.0,25.0,Not Applicable,Not Applicable,No,Not Applicable,312,Cash,7,4.0,4.1
2024-07-05 03:37:00,CNR4998369893,Success,CID434651,eBike,Padmanabhanagar,Langford Town,56.0,140.0,Not Applicable,Not Applicable,No,Not Applicable,278,UPI,18,3.7,4.3
2024-07-19 10:03:00,CNR3549310304,Driver Not Found,CID992594,Prime SUV,MG Road,KR Puram,,,Not Applicable,Not Applicable,Not Applicable,Not Applicable,106,Not Applicable,0,,
2024-07-14 16:45:00,CNR1438141171,Success,CID315802,eBike,Padmanabhanagar,Cox Town,203.0,55.0,Not Applicable,Not Applicable,No,Not Applicable,314,UPI,49,4.9,3.4
2024-07-18 04:31:00,CNR4132333130,Driver Not Found,CID365682,Prime Sedan,Yelahanka,Devanahalli,,,Not Applicable,Not Applicable,Not Applicable,Not Applicable,291,Not Applicable,0,,
2024-07-09 13:14:00,CNR3434893199,Success,CID168376,Mini,Hosur Road,Banashankari,56.0,115.0,Not Applicable,Not Applicable,No,Not Applicable,455,Cash,25,4.3,4.0
2024-07-21 07:56:00,CNR6970721293,Success,CID980361,Auto,Yelahanka,JP Nagar,210.0,95.0,Not Applicable,Not Applicable,No,Not Applicable,218,UPI,3,3.8,4.7
2024-07-24 12:24:00,CNR9219024114,Driver Not Found,CID493377,Prime Plus,Majestic,Yeshwanthpur,,,Not Applicable,Not Applicable,Not Applicable,Not Applicable,129,Not Applicable,0,,
2024-07-17 15:54:00,CNR4653781699,Success,CID309359,eBike,Malleshwaram,Koramangala,56.0,35.0,Not Applicable,Not Applicable,No,Not Applicable,175,UPI,32,3.6,4.5
2024-07-21 01:19:00,CNR1836727074,Success,CID671395,Auto,Nagarbhavi,Ulsoor,56.0,115.0,Not Applicable,Not Applicable,No,Not Applicable,252,Cash,1,3.8,4.7
2024-07-21 08:48:00,CNR1233878231,Success,CID255083,Prime Sedan,Electronic City,Nagarbhavi,161.0,115.0,Not Applicable,Not Applicable,No,Not Applicable,243,UPI,34,3.3,3.7
2024-07-15 01:54:00,CNR2238214385,Canceled by Customer,CID722931,Prime SUV,Rajarajeshwari Nagar,Hulimavu,,,Driver is not moving towards pickup location,Not Applicable,Not Applicable,Not Applicable,310,Not Applicable,0,,
2024-07-04 22:34:00,CNR8541095647,Canceled by Driver,CID789511,Mini,BTM Layout,Vijayanagar,,,Not Applicable,Customer related issue,Not Applicable,Not Applicable,2578,Not Applicable,0,,
2024-07-29 00:32:00,CNR9282608943,Success,CID126664,Mini,Cox Town,Basavanagudi,49.0,75.0,Not Applicable,Not Applicable,No,Not Applicable,881,UPI,25,3.6,3.4
2024-07-03 07:00:00,CNR8704373280,Success,CID785343,Auto,Cox Town,RT Nagar,217.0,100.0,Not Applicable,Not Applicable,No,Not Applicable,277,UPI,10,3.7,3.8
2024-07-02 09:03:00,CNR5985697375,Success,CID717576,Auto,Malleshwaram,Hulimavu,217.0,115.0,Not Applicable,Not Applicable,No,Not Applicable,461,Cash,10,4.3,4.2
2024-07-25 22:21:00,CNR7340955538,Success,CID976945,Auto,Mysore Road,Banashankari,119.0,110.0,Not Applicable,Not Applicable,Yes,Customer Demand,484,Cash,16,4.1,3.7
2024-07-20 10:03:00,CNR5845514401,Success,CID589385,eBike,Basavanagudi,Frazer Town,287.0,120.0,Not Applicable,Not Applicable,No,Not Applicable,773,UPI,40,3.8,3.2
2024-07-14 14:12:00,CNR2379468647,Success,CID681563,Bike,Jayanagar,Kadugodi,224.0,80.0,Not Applicable,Not Applicable,No,Not Applicable,336,Cash,25,3.9,4.5
2024-07-11 16:26:00,CNR7179704052,Success,CID632799,Bike,Richmond Town,Varthur,175.0,55.0,Not Applicable,Not Applicable,No,Not Applicable,419,UPI,20,3.7,4.6
2024-07-21 00:34:00,CNR3551086453,Success,CID507568,Prime SUV,Majestic,Yelahanka,259.0,75.0,Not Applicable,Not Applicable,No,Not Applicable,425,Cash,47,4.4,3.1
2024-07-24 21:19:00,CNR7581893875,Canceled by Driver,CID235176,Mini,HSR Layout,Kammanahalli,,,Not Applicable,Customer related issue,Not Applicable,Not Applicable,551,Not Applicable,0,,
2024-07-16 07:29:00,CNR1398976662,Driver Not Found,CID208054,Prime Sedan,Yelahanka,Peenya,,,Not Applicable,Not Applicable,Not Applicable,Not Applicable,568,Not Applicable,0,,
2024-07-28 22:54:00,CNR4039559805,Success,CID172622,Auto,Marathahalli,KR Puram,105.0,135.0,Not Applicable,Not Applicable,No,Not Applicable,346,Cash,16,4.2,4.1
2024-07-15 16:46:00,CNR3643237678,Success,CID796755,Prime Plus,Yelahanka,BTM Layout,70.0,50.0,Not Applicable,Not Applicable,No,Not Applicable,218,UPI,2,3.8,3.2
2024-07-19 00:44:00,CNR4695884451,Success,CID421943,Auto,Cox Town,BTM Layout,112.0,40.0,Not Applicable,Not Applicable,No,Not Applicable,1469,Cash,10,3.8,4.4
2024-07-11 05:48:00,CNR2815616089,Success,CID298350,Prime Sedan,Electronic City,Chickpet,294.0,100.0,Not Applicable,Not Applicable,No,Not Applicable,270,Cash,14,4.6,3.5
2024-07-25 10:14:00,CNR4046573029,Success,CID403291,Mini,Shantinagar,Varthur,196.0,130.0,Not Applicable,Not Applicable,No,Not Applicable,592,UPI,12,4.1,3.5
2024-07-09 23:35:00,CNR7139944727,Success,CID194119,Prime SUV,Mysore Road,HSR Layout,287.0,75.0,Not Applicable,Not Applicable,No,Not Applicable,658,UPI,45,3.3,4.4
2024-07-25 09:54:00,CNR8735209732,Success,CID725523,Prime SUV,HSR Layout,Ulsoor,147.0,70.0,Not Applicable,Not Applicable,No,Not Applicable,436,UPI,37,4.6,3.6
2024-07-09 14:02:00,CNR8450499060,Canceled by Driver,CID319599,Mini,Kengeri,Malleshwaram,,,Not Applicable,Personal & Car related issue,Not Applicable,Not Applicable,1959,Not Applicable,0,,
2024-07-06 19:02:00,CNR4216616086,Driver Not Found,CID100716,Bike,Rajarajeshwari Nagar,Ramamurthy Nagar,,,Not Applicable,Not Applicable,Not Applicable,Not Applicable,1745,Not Applicable,0,,
2024-07-14 04:30:00,CNR4021531250,Success,CID344529,Bike,Yeshwanthpur,Langford Town,49.0,115.0,Not Applicable,Not Applicable,No,Not Applicable,485,UPI,31,4.6,4.9
2024-07-16 21:38:00,CNR7255911734,Success,CID635963,Prime Plus,Shivajinagar,Padmanabhanagar,266.0,120.0,Not Applicable,Not Applicable,No,Not Applicable,413,UPI,26,3.4,3.7
2024-07-01 01:51:00,CNR9542484846,Success,CID489855,Prime SUV,Cox Town,Kammanahalli,245.0,130.0,Not Applicable,Not Applicable,No,Not Applicable,272,Cash,49,4.2,4.3
2024-07-23 15:06:00,CNR9502012408,Success,CID108814,Auto,HSR Layout,Langford Town,238.0,40.0,Not Applicable,Not Applicable,No,Not Applicable,492,Cash,7,4.8,3.1
2024-07-09 16:28:00,CNR4099652699,Success,CID389799,Bike,Peenya,Devanahalli,56.0,95.0,Not Applicable,Not Applicable,No,Not Applicable,288,UPI,9,4.3,4.2
2024-07-22 23:36:00,CNR6277485857,Success,CID310733,Prime Sedan,HSR Layout,Padmanabhanagar,252.0,65.0,Not Applicable,Not Applicable,No,Not Applicable,579,UPI,2,3.7,4.5
2024-07-30 21:26:00,CNR6141518476,Success,CID511851,Prime Sedan,Peenya,Langford Town,203.0,140.0,Not Applicable,Not Applicable,No,Not Applicable,599,Cash,48,4.2,4.4
2024-07-21 04:50:00,CNR4469121323,Success,CID970703,eBike,Vijayanagar,MG Road,168.0,105.0,Not Applicable,Not Applicable,No,Not Applicable,252,Cash,22,4.3,4.9
2024-07-29 08:14:00,CNR7287151542,Success,CID109671,Bike,Langford Town,Basavanagudi,133.0,95.0,Not Applicable,Not Applicable,No,Not Applicable,327,UPI,15,4.3,4.2
2024-07-07 03:35:00,CNR5089177202,Success,CID936931,eBike,Indiranagar,Langford Town,133.0,35.0,Not Applicable,Not Applicable,No,Not Applicable,1901,Cash,47,4.9,4.5
2024-07-12 16:48:00,CNR3163051523,Success,CID558310,Prime Plus,Banashankari,Majestic,126.0,35.0,Not Applicable,Not Applicable,No,Not Applicable,179,Cash,34,3.5,4.8
2024-07-25 21:30:00,CNR3032619296,Success,CID457895,Mini,Electronic City,Marathahalli,56.0,130.0,Not Applicable,Not Applicable,No,Not Applicable,142,UPI,29,3.4,3.0
2024-07-04 09:27:00,CNR9147101963,Success,CID801943,Mini,Banashankari,Marathahalli,140.0,40.0,Not Applicable,Not Applicable,No,Not Applicable,296,Cash,46,3.9,3.1
2024-07-24 19:57:00,CNR7677575705,Canceled by Customer,CID476783,Prime Sedan,Jayanagar,Kengeri,,,Driver is not moving towards pickup location,Not Applicable,Not Applicable,Not Applicable,1352,Not Applicable,0,,
2024-07-30 08:11:00,CNR3178881514,Success,CID256168,Mini,Langford Town,Nagarbhavi,280.0,90.0,Not Applicable,Not Applicable,No,Not Applicable,393,UPI,29,4.4,4.6
2024-07-11 17:11:00,CNR5168114244,Canceled by Customer,CID181485,Prime Plus,Shivajinagar,Cox Town,,,Driver asked to cancel,Not Applicable,Not Applicable,Not Applicable,203,Not Applicable,0,,
2024-07-17 11:34:00,CNR1379308391,Canceled by Driver,CID465396,Bike,Indiranagar,Basavanagudi,,,Not Applicable,Customer related issue,Not Applicable,Not Applicable,242,Not Applicable,0,,
2024-07-22 15:39:00,CNR4070419956,Success,CID878942,Prime SUV,Ramamurthy Nagar,Vijayanagar,182.0,80.0,Not Applicable,Not Applicable,No,Not Applicable,600,Cash,28,3.2,4.6
2024-07-03 15:30:00,CNR5986635013,Success,CID388980,Mini,Frazer Town,Basavanagudi,273.0,115.0,Not Applicable,Not Applicable,No,Not Applicable,454,UPI,25,4.0,3.2
2024-07-16 00:45:00,CNR6303059344,Success,CID970187,eBike,RT Nagar,Chickpet,210.0,25.0,Not Applicable,Not Applicable,No,Not Applicable,478,Cash,4,4.7,4.1
2024-07-29 14:19:00,CNR5325675810,Success,CID423222,Bike,Cox Town,Yeshwanthpur,189.0,115.0,Not Applicable,Not Applicable,No,Not Applicable,215,Credit Card,36,3.8,3.5
2024-07-01 11:13:00,CNR5447280143,Success,CID415860,eBike,Bannerghatta Road,Shivajinagar,70.0,135.0,Not Applicable,Not Applicable,No,Not Applicable,599,Cash,21,3.6,4.9
2024-07-27 05:41:00,CNR9205447418,Success,CID995588,Auto,Mysore Road,Sarjapur Road,35.0,80.0,Not Applicable,Not Applicable,No,Not Applicable,149,Cash,10,3.4,3.3
2024-07-26 15:23:00,CNR3766720861,Canceled by Customer,CID509808,Prime Plus,Basavanagudi,Jayanagar,,,Driver asked to cancel,Not Applicable,Not Applicable,Not Applicable,218,Not Applicable,0,,
2024-07-05 14:20:00,CNR7817733743,Success,CID646666,Prime Sedan,Indiranagar,Shivajinagar,301.0,110.0,Not Applicable,Not Applicable,No,Not Applicable,456,UPI,36,3.9,3.5
2024-07-04 15:23:00,CNR9767393791,Canceled by Driver,CID100317,eBike,Magadi Road,Indiranagar,,,Not Applicable,Customer was coughing/sick,Not Applicable,Not Applicable,229,Not Applicable,0,,
2024-07-02 16:54:00,CNR6189296198,Canceled by Driver,CID221009,Prime Sedan,Rajarajeshwari Nagar,RT Nagar,,,Not Applicable,Customer related issue,Not Applicable,Not Applicable,128,Not Applicable,0,,
2024-07-08 07:03:00,CNR5106665784,Canceled by Driver,CID719043,Prime SUV,Rajajinagar,Basavanagudi,,,Not Applicable,Customer related issue,Not Applicable,Not Applicable,334,Not Applicable,0,,
2024-07-20 03:03:00,CNR6465758155,Success,CID805843,Bike,Sarjapur Road,Bannerghatta Road,294.0,120.0,Not Applicable,Not Applicable,No,Not Applicable,378,UPI,29,3.6,4.3
2024-07-11 03:54:00,CNR6864725593,Success,CID351998,Prime Sedan,Hebbal,Cox Town,217.0,35.0,Not Applicable,Not Applicable,No,Not Applicable,506,Cash,19,3.3,3.4
2024-07-21 21:57:00,CNR7324822866,Driver Not Found,CID422375,Mini,JP Nagar,Frazer Town,,,Not Applicable,Not Applicable,Not Applicable,Not Applicable,456,Not Applicable,0,,
2024-07-05 16:35:00,CNR6840589694,Canceled by Driver,CID404024,Prime Plus,Sahakar Nagar,Nagarbhavi,,,Not Applicable,More than permitted people in there,Not Applicable,Not Applicable,586,Not Applicable,0,,
2024-07-05 13:11:00,CNR2948034674,Success,CID601440,eBike,Chickpet,Magadi Road,147.0,40.0,Not Applicable,Not Applicable,No,Not Applicable,220,UPI,14,4.8,3.8
2024-07-25 09:36:00,CNR8970133781,Canceled by Driver,CID443704,Auto,Kadugodi,Shivajinagar,,,Not Applicable,More than permitted people in there,Not Applicable,Not Applicable,344,Not Applicable,0,,
2024-07-26 10:12:00,CNR9607677653,Success,CID170764,Mini,Bellandur,Bannerghatta Road,161.0,30.0,Not Applicable,Not Applicable,No,Not Applicable,100,Cash,3,3.7,3.1
2024-07-21 06:22:00,CNR7535299319,Success,CID726202,Prime Plus,Kammanahalli,Padmanabhanagar,217.0,30.0,Not Applicable,Not Applicable,No,Not Applicable,499,Cash,21,3.6,3.2
2024-07-08 01:06:00,CNR2797757405,Success,CID826907,Prime SUV,Bannerghatta Road,Kengeri,91.0,85.0,Not Applicable,Not Applicable,No,Not Applicable,509,Cash,38,4.0,4.1
2024-07-05 00:41:00,CNR3382850041,Success,CID511273,Prime Plus,Whitefield,Sahakar Nagar,203.0,100.0,Not Applicable,Not Applicable,No,Not Applicable,335,UPI,4,3.6,3.4
2024-07-12 11:55:00,CNR4206554034,Success,CID219358,Prime SUV,Basavanagudi,Indiranagar,287.0,35.0,Not Applicable,Not Applicable,No,Not Applicable,321,UPI,47,4.7,4.3
2024-07-15 16:55:00,CNR8869510019,Success,CID503282,Prime Sedan,BTM Layout,Sarjapur Road,56.0,105.0,Not Applicable,Not Applicable,No,Not Applicable,157,UPI,7,3.9,5.0
2024-07-28 01:22:00,CNR2921066097,Success,CID206184,Prime SUV,Electronic City,Langford Town,154.0,135.0,Not Applicable,Not Applicable,Yes,Customer Demand,597,UPI,39,4.2,4.5
2024-07-15 08:32:00,CNR9563369461,Success,CID540479,eBike,Hebbal,Marathahalli,154.0,60.0,Not Applicable,Not Applicable,No,Not Applicable,319,Cash,10,3.8,4.1
2024-07-09 08:48:00,CNR1835823001,Success,CID931642,Prime SUV,Malleshwaram,RT Nagar,210.0,50.0,Not Applicable,Not Applicable,No,Not Applicable,359,Cash,47,4.3,4.1
2024-07-26 11:04:00,CNR2136779366,Success,CID852925,Mini,Sarjapur Road,Bellandur,56.0,130.0,Not Applicable,Not Applicable,Yes,Customer Demand,1345,Credit Card,20,4.0,4.4
2024-07-10 09:22:00,CNR2128166214,Success,CID244120,eBike,Chamarajpet,Majestic,105.0,120.0,Not Applicable,Not Applicable,No,Not Applicable,325,UPI,4,4.8,3.1
2024-07-13 09:16:00,CNR1387208232,Canceled by Driver,CID868277,Bike,Malleshwaram,Malleshwaram,,,Not Applicable,More than permitted people in there,Not Applicable,Not Applicable,426,Not Applicable,0,,
2024-07-07 16:50:00,CNR9065744579,Success,CID137013,eBike,Tumkur Road,RT Nagar,126.0,60.0,Not Applicable,Not Applicable,No,Not Applicable,151,Cash,31,4.4,4.5
2024-07-16 12:51:00,CNR4285694866,Success,CID727674,Prime Sedan,Bellandur,Cox Town,266.0,55.0,Not Applicable,Not Applicable,No,Not Applicable,643,Cash,20,5.0,4.7
2024-07-06 09:14:00,CNR1790496035,Success,CID371278,eBike,Cox Town,Hosur Road,301.0,135.0,Not Applicable,Not Applicable,Yes,Customer Demand,2168,UPI,24,5.0,3.8
2024-07-24 01:30:00,CNR2798284622,Success,CID292016,Prime Plus,Marathahalli,Ramamurthy Nagar,77.0,85.0,Not Applicable,Not Applicable,No,Not Applicable,384,UPI,37,4.3,3.6
2024-07-07 08:19:00,CNR9160592273,Canceled by Driver,CID429675,Mini,Sarjapur Road,Malleshwaram,,,Not Applicable,Customer related issue,Not Applicable,Not Applicable,362,Not Applicable,0,,
2024-07-28 17:06:00,CNR1579675021,Canceled by Driver,CID183072,Auto,Chickpet,Whitefield,,,Not Applicable,More than permitted people in there,Not Applicable,Not Applicable,406,Not Applicable,0,,
2024-07-21 21:32:00,CNR9055732386,Success,CID250282,Bike,Malleshwaram,Sahakar Nagar,154.0,30.0,Not Applicable,Not Applicable,No,Not Applicable,385,Cash,38,3.3,4.0
2024-07-02 16:25:00,CNR8924430670,Success,CID919593,Prime Plus,Ulsoor,Kammanahalli,287.0,35.0,Not Applicable,Not Applicable,No,Not Applicable,490,Credit Card,12,3.1,3.3
2024-07-26 23:34:00,CNR6134431252,Success,CID536842,eBike,Langford Town,Frazer Town,203.0,60.0,Not Applicable,Not Applicable,No,Not Applicable,284,Cash,31,3.1,4.6
2024-07-03 22:32:00,CNR5327020020,Canceled by Driver,CID131646,Mini,Chamarajpet,Malleshwaram,,,Not Applicable,Customer related issue,Not Applicable,Not Applicable,606,Not Applicable,0,,
2024-07-23 19:12:00,CNR7847177636,Success,CID872548,eBike,Bellandur,Hebbal,175.0,45.0,Not Applicable,Not Applicable,No,Not Applicable,682,Credit Card,1,4.8,4.9
2024-07-25 11:59:00,CNR5856744276,Success,CID504159,Auto,Hosur Road,Magadi Road,175.0,115.0,Not Applicable,Not Applicable,No,Not Applicable,303,Cash,19,4.4,4.7
2024-07-29 23:42:00,CNR2859352780,Success,CID230731,Mini,Hosur Road,KR Puram,273.0,80.0,Not Applicable,Not Applicable,No,Not Applicable,996,Cash,23,3.2,3.8
2024-07-07 16:44:00,CNR7736728470,Driver Not Found,CID861085,Mini,Mysore Road,Peenya,,,Not Applicable,Not Applicable,Not Applicable,Not Applicable,279,Not Applicable,0,,
2024-07-18 06:22:00,CNR7275781654,Canceled by Customer,CID784920,Prime Plus,Padmanabhanagar,HSR Layout,,,Wrong Address,Not Applicable,Not Applicable,Not Applicable,319,Not Applicable,0,,
2024-07-07 20:32:00,CNR7188007994,Success,CID647111,eBike,Whitefield,Bellandur,147.0,70.0,Not Applicable,Not Applicable,No,Not Applicable,452,UPI,27,3.2,4.5
2024-07-30 16:50:00,CNR5805152663,Success,CID160946,Bike,Indiranagar,Yeshwanthpur,119.0,110.0,Not Applicable,Not Applicable,No,Not Applicable,676,Cash,8,3.0,4.5
2024-07-07 23:49:00,CNR5692453451,Success,CID473465,Prime SUV,Hebbal,Kammanahalli,252.0,120.0,Not Applicable,Not Applicable,No,Not Applicable,846,UPI,42,3.7,4.5
2024-07-27 14:23:00,CNR9375835297,Canceled by Driver,CID608715,eBike,Ramamurthy Nagar,JP Nagar,,,Not Applicable,Customer was coughing/sick,Not Applicable,Not Applicable,328,Not Applicable,0,,
2024-07-11 07:06:00,CNR6489215440,Success,CID784353,Prime Plus,Rajajinagar,Shivajinagar,217.0,105.0,Not Applicable,Not Applicable,No,Not Applicable,2416,UPI,8,5.0,4.3
2024-07-14 12:43:00,CNR3108191598,Success,CID698226,Auto,Electronic City,Jayanagar,273.0,145.0,Not Applicable,Not Applicable,No,Not Applicable,401,UPI,16,4.5,4.4
2024-07-13 21:52:00,CNR6693868887,Canceled by Driver,CID126161,Auto,Sarjapur Road,RT Nagar,,,Not Applicable,Customer was coughing/sick,Not Applicable,Not Applicable,506,Not Applicable,0,,
2024-07-14 02:03:00,CNR4982174713,Success,CID322086,Prime SUV,BTM Layout,Hennur,35.0,105.0,Not Applicable,Not Applicable,No,Not Applicable,478,UPI,14,3.2,4.8
2024-07-01 08:16:00,CNR9030571600,Success,CID983828,Bike,Kadugodi,Ramamurthy Nagar,231.0,70.0,Not Applicable,Not Applicable,No,Not Applicable,484,Cash,7,3.6,3.5
2024-07-13 03:31:00,CNR3705572791,Success,CID924080,Prime Plus,JP Nagar,HSR Layout,98.0,65.0,Not Applicable,Not Applicable,Yes,Other Issue,496,UPI,1,4.2,3.3
2024-07-30 07:11:00,CNR5572377826,Success,CID931028,Prime Plus,Langford Town,Kengeri,196.0,145.0,Not Applicable,Not Applicable,No,Not Applicable,632,Cash,7,3.6,4.1
2024-07-05 05:51:00,CNR5965958959,Canceled by Driver,CID794446,Prime Sedan,Malleshwaram,Mysore Road,,,Not Applicable,Customer related issue,Not Applicable,Not Applicable,127,Not Applicable,0,,
2024-07-05 06:00:00,CNR4944386554,Canceled by Customer,CID577871,Mini,Kammanahalli,Sahakar Nagar,,,AC is Not working,Not Applicable,Not Applicable,Not Applicable,426,Not Applicable,0,,
2024-07-06 10:57:00,CNR5532779233,Success,CID408070,Prime SUV,HSR Layout,KR Puram,231.0,125.0,Not Applicable,Not Applicable,No,Not Applicable,717,Cash,17,3.9,3.2
2024-07-09 15:05:00,CNR3897220738,Success,CID751944,Mini,Marathahalli,Ramamurthy Nagar,203.0,95.0,Not Applicable,Not Applicable,No,Not Applicable,480,Cash,25,4.8,3.9
2024-07-11 22:04:00,CNR2659000589,Canceled by Customer,CID949078,Prime SUV,Rajarajeshwari Nagar,Richmond Town,,,Driver is not moving towards pickup location,Not Applicable,Not Applicable,Not Applicable,466,Not Applicable,0,,
2024-07-09 21:58:00,CNR6639204659,Driver Not Found,CID596754,Prime Plus,KR Puram,Bannerghatta Road,,,Not Applicable,Not Applicable,Not Applicable,Not Applicable,224,Not Applicable,0,,
2024-07-03 07:52:00,CNR3730156894,Driver Not Found,CID595893,Prime Plus,Malleshwaram,Chickpet,,,Not Applicable,Not Applicable,Not Applicable,Not Applicable,303,Not Applicable,0,,
2024-07-01 07:49:00,CNR7023983228,Success,CID393238,Bike,Peenya,Koramangala,161.0,80.0,Not Applicable,Not Applicable,No,Not Applicable,270,Cash,10,4.8,4.8
2024-07-26 16:18:00,CNR8338700238,Success,CID325119,Prime SUV,Hebbal,Shantinagar,175.0,115.0,Not Applicable,Not Applicable,No,Not Applicable,638,UPI,44,4.0,3.9
2024-07-20 06:08:00,CNR5349708201,Canceled by Driver,CID286255,Bike,Bannerghatta Road,Bellandur,,,Not Applicable,Personal & Car related issue,Not Applicable,Not Applicable,188,Not Applicable,0,,
2024-07-09 22:50:00,CNR2442792075,Canceled by Driver,CID120788,eBike,Ulsoor,JP Nagar,,,Not Applicable,Customer was coughing/sick,Not Applicable,Not Applicable,473,Not Applicable,0,,
2024-07-14 03:20:00,CNR4825479794,Success,CID517317,Prime Plus,Magadi Road,Mysore Road,42.0,35.0,Not Applicable,Not Applicable,No,Not Applicable,613,Cash,1,3.4,4.5
2024-07-16 23:15:00,CNR6561298916,Success,CID652044,Mini,Indiranagar,Bellandur,112.0,40.0,Not Applicable,Not Applicable,No,Not Applicable,405,UPI,34,4.8,3.3
2024-07-21 16:01:00,CNR6050007446,Canceled by Driver,CID867784,Bike,Jayanagar,Indiranagar,,,Not Applicable,Personal & Car related issue,Not Applicable,Not Applicable,147,Not Applicable,0,,
2024-07-01 15:11:00,CNR7614312778,Success,CID727137,eBike,Chamarajpet,JP Nagar,77.0,130.0,Not Applicable,Not Applicable,No,Not Applicable,582,UPI,39,4.7,3.3
2024-07-27 18:05:00,CNR9280534769,Success,CID442942,eBike,Devanahalli,JP Nagar,84.0,100.0,Not Applicable,Not Applicable,No,Not Applicable,400,UPI,29,3.5,5.0
2024-07-28 01:45:00,CNR9776096593,Driver Not Found,CID517193,Bike,Langford Town,Langford Town,,,Not Applicable,Not Applicable,Not Applicable,Not Applicable,148,Not Applicable,0,,
2024-07-26 04:53:00,CNR3298469976,Success,CID869883,Bike,Vijayanagar,Peenya,154.0,85.0,Not Applicable,Not Applicable,No,Not Applicable,361,Cash,23,4.9,3.6
2024-07-01 03:30:00,CNR4594598454,Canceled by Driver,CID629594,Prime SUV,Whitefield,Ulsoor,,,Not Applicable,Personal & Car related issue,Not Applicable,Not Applicable,358,Not Applicable,0,,
2024-07-02 23:27:00,CNR4602983342,Success,CID101119,Prime SUV,Chamarajpet,Kengeri,70.0,70.0,Not Applicable,Not Applicable,No,Not Applicable,753,Cash,28,3.7,4.2
2024-07-20 01:00:00,CNR3911574040,Success,CID413191,eBike,Devanahalli,Tumkur Road,238.0,35.0,Not Applicable,Not Applicable,No,Not Applicable,168,Cash,27,4.5,4.2
2024-07-17 18:59:00,CNR1338609483,Success,CID797757,Prime SUV,Hebbal,Jayanagar,238.0,45.0,Not Applicable,Not Applicable,Yes,Vehicle Breakdown,279,Cash,24,4.7,3.7
2024-07-24 10:43:00,CNR7409867752,Success,CID527384,Bike,MG Road,Langford Town,259.0,65.0,Not Applicable,Not Applicable,No,Not Applicable,393,Credit Card,13,4.9,4.0
2024-07-09 08:39:00,CNR2129962321,Success,CID336613,eBike,Basavanagudi,Bannerghatta Road,98.0,145.0,Not Applicable,Not Applicable,No,Not Applicable,449,UPI,7,4.7,3.6
2024-07-22 05:24:00,CNR1326129784,Canceled by Driver,CID442394,Prime Plus,Hulimavu,Cox Town,,,Not Applicable,Customer was coughing/sick,Not Applicable,Not Applicable,332,Not Applicable,0,,
2024-07-18 21:38:00,CNR6552468024,Success,CID137681,Mini,Banashankari,Langford Town,105.0,75.0,Not Applicable,Not Applicable,No,Not Applicable,499,Cash,41,3.0,3.2
2024-07-30 22:53:00,CNR7733096536,Driver Not Found,CID996469,Prime Sedan,Chamarajpet,Electronic City,,,Not Applicable,Not Applicable,Not Applicable,Not Applicable,2854,Not Applicable,0,,
2024-07-14 14:58:00,CNR6630941621,Success,CID414916,Prime Sedan,Jayanagar,Vijayanagar,175.0,45.0,Not Applicable,Not Applicable,No,Not Applicable,429,Cash,19,4.1,3.5
2024-07-11 21:02:00,CNR3413021907,Success,CID964842,Prime Plus,Hennur,Jayanagar,238.0,95.0,Not Applicable,Not Applicable,No,Not Applicable,386,UPI,30,3.1,3.2
2024-07-08 06:05:00,CNR1409353668,Success,CID722387,Mini,Chamarajpet,Vijayanagar,42.0,80.0,Not Applicable,Not Applicable,No,Not Applicable,137,Cash,26,3.3,3.8
2024-07-16 19:39:00,CNR8479282486,Driver Not Found,CID811817,Bike,Koramangala,Electronic City,,,Not Applicable,Not Applicable,Not Applicable,Not Applicable,478,Not Applicable,0,,
2024-07-14 03:12:00,CNR7558327647,Success,CID134441,eBike,HSR Layout,Magadi Road,154.0,95.0,Not Applicable,Not Applicable,No,Not Applicable,153,UPI,42,3.3,4.4
2024-07-02 13:30:00,CNR7378919133,Success,CID753652,Prime Sedan,BTM Layout,Peenya,91.0,25.0,Not Applicable,Not Applicable,No,Not Applicable,161,UPI,24,3.7,4.8
2024-07-17 09:41:00,CNR2535659040,Success,CID675050,Prime SUV,Devanahalli,KR Puram,266.0,85.0,Not Applicable,Not Applicable,No,Not Applicable,225,Cash,24,3.4,4.4
2024-07-28 10:09:00,CNR3385385747,Success,CID107151,Prime Plus,Kengeri,Devanahalli,112.0,115.0,Not Applicable,Not Applicable,No,Not Applicable,201,Cash,18,3.8,4.2
2024-07-11 01:49:00,CNR3102399929,Success,CID542683,Auto,Varthur,Rajarajeshwari Nagar,308.0,130.0,Not Applicable,Not Applicable,No,Not Applicable,519,UPI,10,4.6,3.7
2024-07-23 01:09:00,CNR5791994877,Canceled by Driver,CID331980,Auto,Kadugodi,BTM Layout,,,Not Applicable,Customer related issue,Not Applicable,Not Applicable,157,Not Applicable,0,,
2024-07-11 15:57:00,CNR8143517480,Canceled by Customer,CID844908,Prime Sedan,Padmanabhanagar,Basavanagudi,,,Driver is not moving towards pickup location,Not Applicable,Not Applicable,Not Applicable,182,Not Applicable,0,,
2024-07-20 01:23:00,CNR6522628659,Canceled by Customer,CID308739,Bike,Banashankari,Sarjapur Road,,,Driver asked to cancel,Not Applicable,Not Applicable,Not Applicable,567,Not Applicable,0,,
2024-07-14 20:33:00,CNR2346391546,Success,CID372094,Mini,Ulsoor,Rajajinagar,238.0,145.0,Not Applicable,Not Applicable,No,Not Applicable,1113,Cash,29,3.4,3.3
2024-07-28 01:56:00,CNR7750270336,Success,CID407575,Bike,Indiranagar,Magadi Road,294.0,50.0,Not Applicable,Not Applicable,Yes,Customer Demand,163,Cash,22,3.2,4.8
2024-07-01 02:26:00,CNR8222776879,Canceled by Driver,CID989024,Auto,MG Road,Chickpet,,,Not Applicable,More than permitted people in there,Not Applicable,Not Applicable,209,Not Applicable,0,,
2024-07-15 10:33:00,CNR4614002106,Success,CID872688,Prime SUV,Hulimavu,Kammanahalli,105.0,75.0,Not Applicable,Not Applicable,No,Not Applicable,124,Cash,26,4.8,4.8
2024-07-10 13:24:00,CNR6028879554,Success,CID514551,Prime Plus,Kengeri,JP Nagar,119.0,120.0,Not Applicable,Not Applicable,No,Not Applicable,388,Cash,14,4.1,5.0
2024-07-15 22:27:00,CNR8884727100,Canceled by Driver,CID622250,Prime Sedan,Hulimavu,Hebbal,,,Not Applicable,Personal & Car related issue,Not Applicable,Not Applicable,2279,Not Applicable,0,,
2024-07-13 23:30:00,CNR9907229387,Success,CID238240,Mini,Langford Town,Mysore Road,56.0,90.0,Not Applicable,Not Applicable,No,Not Applicable,246,Cash,41,3.2,3.7
2024-07-19 12:00:00,CNR4372922092,Canceled by Customer,CID829354,Prime Plus,Kengeri,Tumkur Road,,,Driver is not moving towards pickup location,Not Applicable,Not Applicable,Not Applicable,560,Not Applicable,0,,
2024-07-08 13:27:00,CNR1747166498,Success,CID341783,Bike,Tumkur Road,Vijayanagar,77.0,145.0,Not Applicable,Not Applicable,No,Not Applicable,399,Cash,22,3.8,4.6
2024-07-20 17:17:00,CNR1731773402,Canceled by Driver,CID867678,Prime Plus,Shivajinagar,Jayanagar,,,Not Applicable,Customer related issue,Not Applicable,Not Applicable,717,Not Applicable,0,,
2024-07-19 01:18:00,CNR3360087557,Success,CID481465,Auto,Rajajinagar,Marathahalli,259.0,80.0,Not Applicable,Not Applicable,No,Not Applicable,440,Cash,11,3.9,4.4
2024-07-11 19:06:00,CNR7034149739,Canceled by Customer,CID171263,Mini,Magadi Road,BTM Layout,,,AC is Not working,Not Applicable,Not Applicable,Not Applicable,144,Not Applicable,0,,
2024-07-19 12:27:00,CNR9509407758,Canceled by Driver,CID772808,eBike,HSR Layout,Padmanabhanagar,,,Not Applicable,Personal & Car related issue,Not Applicable,Not Applicable,308,Not Applicable,0,,
2024-07-28 03:55:00,CNR5225506697,Canceled by Customer,CID706854,eBike,RT Nagar,Kengeri,,,Driver is not moving towards pickup location,Not Applicable,Not Applicable,Not Applicable,308,Not Applicable,0,,
2024-07-21 21:16:00,CNR4244549171,Success,CID812801,Mini,Yelahanka,Banashankari,168.0,90.0,Not Applicable,Not Applicable,No,Not Applicable,255,UPI,5,3.4,4.7
2024-07-23 23:07:00,CNR8856481281,Success,CID192615,Auto,RT Nagar,Frazer Town,126.0,145.0,Not Applicable,Not Applicable,No,Not Applicable,819,Cash,13,4.9,4.8
2024-07-09 12:46:00,CNR3496943756,Driver Not Found,CID411491,Bike,Hebbal,Basavanagudi,,,Not Applicable,Not Applicable,Not Applicable,Not Applicable,259,Not Applicable,0,,
2024-07-17 09:18:00,CNR9886858122,Success,CID285655,Prime SUV,Marathahalli,HSR Layout,35.0,30.0,Not Applicable,Not Applicable,No,Not Applicable,396,Credit Card,10,3.1,4.4
2024-07-27 00:21:00,CNR4119647033,Success,CID247720,Prime SUV,Magadi Road,Basavanagudi,56.0,115.0,Not Applicable,Not Applicable,No,Not Applicable,598,Cash,5,4.3,3.4
2024-07-11 23:09:00,CNR9882845346,Success,CID524450,eBike,Richmond Town,Padmanabhanagar,224.0,140.0,Not Applicable,Not Applicable,No,Not Applicable,469,Credit Card,19,4.4,4.0
2024-07-16 15:05:00,CNR3501064605,Success,CID144672,eBike,Shantinagar,Hebbal,308.0,95.0,Not Applicable,Not Applicable,No,Not Applicable,243,Cash,15,4.7,3.3
2024-07-12 08:48:00,CNR9518225536,Canceled by Driver,CID967535,Prime Plus,Jayanagar,Majestic,,,Not Applicable,Personal & Car related issue,Not Applicable,Not Applicable,209,Not Applicable,0,,
2024-07-13 04:59:00,CNR9126205902,Canceled by Customer,CID677139,Auto,Banashankari,Chickpet,,,Change of plans,Not Applicable,Not Applicable,Not Applicable,2514,Not Applicable,0,,
2024-07-08 02:27:00,CNR1543186507,Success,CID222306,Prime Plus,Hulimavu,Jayanagar,42.0,145.0,Not Applicable,Not Applicable,No,Not Applicable,418,Cash,36,4.3,3.7
2024-07-11 07:07:00,CNR3700774982,Success,CID985693,Prime SUV,Tumkur Road,Whitefield,259.0,25.0,Not Applicable,Not Applicable,No,Not Applicable,2069,Cash,33,4.7,4.4
2024-07-13 12:06:00,CNR3667629734,Driver Not Found,CID582929,Prime SUV,Bannerghatta Road,KR Puram,,,Not Applicable,Not Applicable,Not Applicable,Not Applicable,221,Not Applicable,0,,
2024-07-03 04:17:00,CNR4814540167,Canceled by Driver,CID122596,Mini,Marathahalli,Ramamurthy Nagar,,,Not Applicable,Customer was coughing/sick,Not Applicable,Not Applicable,259,Not Applicable,0,,
2024-07-27 04:28:00,CNR5416962591,Canceled by Driver,CID783179,Auto,Kengeri,Shantinagar,,,Not Applicable,Customer was coughing/sick,Not Applicable,Not Applicable,220,Not Applicable,0,,
2024-07-06 06:16:00,CNR6072134370,Canceled by Driver,CID934471,eBike,Mysore Road,Mysore Road,,,Not Applicable,Personal & Car related issue,Not Applicable,Not Applicable,491,Not Applicable,0,,
2024-07-21 23:45:00,CNR2408978595,Canceled by Driver,CID388613,Prime Plus,Richmond Town,Bannerghatta Road,,,Not Applicable,Personal & Car related issue,Not Applicable,Not Applicable,361,Not Applicable,0,,
2024-07-30 07:01:00,CNR4107253882,Driver Not Found,CID997589,Prime SUV,Yelahanka,JP Nagar,,,Not Applicable,Not Applicable,Not Applicable,Not Applicable,474,Not Applicable,0,,
2024-07-23 05:12:00,CNR9408316456,Success,CID109347,Mini,Chamarajpet,Kammanahalli,140.0,105.0,Not Applicable,Not Applicable,No,Not Applicable,670,UPI,22,4.5,3.5
2024-07-24 05:21:00,CNR5662051167,Success,CID170771,Auto,Hennur,Padmanabhanagar,84.0,30.0,Not Applicable,Not Applicable,No,Not Applicable,437,UPI,16,3.0,3.1
2024-07-18 19:26:00,CNR5776488394,Success,CID464085,Bike,Vijayanagar,Marathahalli,287.0,45.0,Not Applicable,Not Applicable,No,Not Applicable,154,UPI,16,4.1,3.2
2024-07-12 22:50:00,CNR9023919027,Canceled by Customer,CID932140,Prime Plus,Kadugodi,Sarjapur Road,,,AC is Not working,Not Applicable,Not Applicable,Not Applicable,391,Not Applicable,0,,
2024-07-02 19:31:00,CNR2406372196,Canceled by Driver,CID495073,Bike,Mysore Road,Rajarajeshwari Nagar,,,Not Applicable,Personal & Car related issue,Not Applicable,Not Applicable,429,Not Applicable,0,,
2024-07-09 17:58:00,CNR3750147948,Success,CID476898,eBike,Varthur,Rajarajeshwari Nagar,175.0,50.0,Not Applicable,Not Applicable,No,Not Applicable,882,Cash,14,4.3,3.7
2024-07-25 22:01:00,CNR1078857023,Canceled by Driver,CID517609,Prime Plus,Jayanagar,Frazer Town,,,Not Applicable,Personal & Car related issue,Not Applicable,Not Applicable,1407,Not Applicable,0,,
2024-07-26 11:44:00,CNR7213117228,Canceled by Driver,CID511959,Bike,KR Puram,Hebbal,,,Not Applicable,Personal & Car related issue,Not Applicable,Not Applicable,429,Not Applicable,0,,
2024-07-08 06:42:00,CNR7392641068,Canceled by Customer,CID367218,Mini,Richmond Town,Mysore Road,,,Driver is not moving towards pickup location,Not Applicable,Not Applicable,Not Applicable,695,Not Applicable,0,,
2024-07-14 09:55:00,CNR5898677052,Success,CID325072,Mini,Frazer Town,Nagarbhavi,154.0,110.0,Not Applicable,Not Applicable,No,Not Applicable,1810,Cash,6,4.7,5.0
2024-07-21 15:46:00,CNR5549174549,Canceled by Driver,CID855087,Prime Plus,Whitefield,Marathahalli,,,Not Applicable,Customer was coughing/sick,Not Applicable,Not Applicable,634,Not Applicable,0,,
2024-07-26 21:33:00,CNR7654100386,Driver Not Found,CID930688,Prime Sedan,RT Nagar,Majestic,,,Not Applicable,Not Applicable,Not Applicable,Not Applicable,352,Not Applicable,0,,
2024-07-20 00:28:00,CNR6906408990,Canceled by Customer,CID757707,Bike,Hennur,Mysore Road,,,Driver is not moving towards pickup location,Not Applicable,Not Applicable,Not Applicable,119,Not Applicable,0,,
2024-07-24 18:15:00,CNR8650909488,Success,CID776046,Bike,Sahakar Nagar,Ramamurthy Nagar,105.0,115.0,Not Applicable,Not Applicable,No,Not Applicable,684,Cash,44,4.1,4.1
2024-07-03 05:19:00,CNR6701861374,Success,CID681038,Prime Sedan,Chamarajpet,Vijayanagar,84.0,90.0,Not Applicable,Not Applicable,No,Not Applicable,575,UPI,48,4.1,3.9
2024-07-17 13:55:00,CNR6830203725,Canceled by Customer,CID517176,Prime Plus,Frazer Town,Richmond Town,,,Driver is not moving towards pickup location,Not Applicable,Not Applicable,Not Applicable,519,Not Applicable,0,,
2024-07-29 08:24:00,CNR7543054234,Canceled by Driver,CID446402,Prime Sedan,Electronic City,Shantinagar,,,Not Applicable,Customer related issue,Not Applicable,Not Applicable,482,Not Applicable,0,,
2024-07-29 05:13:00,CNR3486217135,Success,CID174606,eBike,Majestic,HSR Layout,224.0,125.0,Not Applicable,Not Applicable,No,Not Applicable,402,UPI,4,4.7,3.3
2024-07-04 03:44:00,CNR6161881608,Canceled by Customer,CID682413,Auto,Hosur Road,Nagarbhavi,,,Wrong Address,Not Applicable,Not Applicable,Not Applicable,318,Not Applicable,0,,
2024-07-22 11:35:00,CNR8716905074,Success,CID917892,Bike,KR Puram,Koramangala,119.0,85.0,Not Applicable,Not Applicable,No,Not Applicable,962,Cash,23,4.6,3.7
2024-07-11 12:02:00,CNR7351370390,Canceled by Driver,CID426978,Mini,Kengeri,Chamarajpet,,,Not Applicable,Customer related issue,Not Applicable,Not Applicable,145,Not Applicable,0,,
2024-07-14 11:36:00,CNR9315108902,Success,CID154032,Prime Plus,Hebbal,Electronic City,70.0,120.0,Not Applicable,Not Applicable,No,Not Applicable,291,UPI,24,3.2,3.3
2024-07-23 04:13:00,CNR2984801256,Driver Not Found,CID286972,Prime SUV,Marathahalli,Frazer Town,,,Not Applicable,Not Applicable,Not Applicable,Not Applicable,554,Not Applicable,0,,
2024-07-18 06:11:00,CNR7579001582,Canceled by Driver,CID121200,Mini,Kengeri,JP Nagar,,,Not Applicable,Personal & Car related issue,Not Applicable,Not Applicable,392,Not Applicable,0,,
2024-07-28 00:23:00,CNR2124074524,Success,CID622312,Bike,Shantinagar,Bannerghatta Road,161.0,30.0,Not Applicable,Not Applicable,No,Not Applicable,110,UPI,40,4.0,3.6
2024-07-05 02:50:00,CNR4729934919,Success,CID732020,Mini,Nagarbhavi,KR Puram,287.0,115.0,Not Applicable,Not Applicable,No,Not Applicable,270,Cash,35,4.4,3.3
2024-07-04 13:10:00,CNR6569183873,Success,CID724088,Prime Plus,Rajajinagar,Richmond Town,91.0,125.0,Not Applicable,Not Applicable,No,Not Applicable,201,Cash,21,3.6,4.9
2024-07-05 01:32:00,CNR3791770084,Canceled by Customer,CID233998,Auto,RT Nagar,Kadugodi,,,Driver is not moving towards pickup location,Not Applicable,Not Applicable,Not Applicable,467,Not Applicable,0,,
2024-07-13 15:42:00,CNR4169330682,Canceled by Driver,CID208798,eBike,BTM Layout,Sarjapur Road,,,Not Applicable,Customer related issue,Not Applicable,Not Applicable,262,Not Applicable,0,,
2024-07-15 12:25:00,CNR9114386144,Success,CID369496,Bike,Mysore Road,Majestic,105.0,120.0,Not Applicable,Not Applicable,No,Not Applicable,191,UPI,30,3.8,3.6
2024-07-09 07:03:00,CNR9277433369,Canceled by Customer,CID362062,Mini,Rajarajeshwari Nagar,Banashankari,,,Driver asked to cancel,Not Applicable,Not Applicable,Not Applicable,2748,Not Applicable,0,,
2024-07-03 19:13:00,CNR1629504909,Canceled by Driver,CID307639,Mini,Shantinagar,Banashankari,,,Not Applicable,Personal & Car related issue,Not Applicable,Not Applicable,210,Not Applicable,0,,
2024-07-01 05:41:00,CNR9744164062,Canceled by Customer,CID381685,Prime Plus,Magadi Road,Electronic City,,,Driver is not moving towards pickup location,Not Applicable,Not Applicable,Not Applicable,591,Not Applicable,0,,
2024-07-24 09:51:00,CNR4143780487,Success,CID976331,Prime Sedan,Peenya,Koramangala,301.0,120.0,Not Applicable,Not Applicable,No,Not Applicable,390,Cash,10,4.6,4.6
2024-07-15 15:42:00,CNR8773873083,Success,CID265382,Prime Plus,Chamarajpet,RT Nagar,308.0,90.0,Not Applicable,Not Applicable,No,Not Applicable,535,Cash,23,4.0,3.8
2024-07-26 04:21:00,CNR6335955299,Success,CID500765,Prime Plus,Koramangala,Devanahalli,224.0,35.0,Not Applicable,Not Applicable,Yes,Customer Demand,490,UPI,45,3.1,4.3
2024-07-18 12:56:00,CNR9436177378,Canceled by Driver,CID538640,eBike,Marathahalli,Vijayanagar,,,Not Applicable,Customer related issue,Not Applicable,Not Applicable,330,Not Applicable,0,,
2024-07-04 17:58:00,CNR9373960087,Success,CID837133,Auto,Majestic,Hennur,35.0,75.0,Not Applicable,Not Applicable,Yes,Customer Demand,462,UPI,19,4.3,3.4
2024-07-01 01:20:00,CNR1682995477,Success,CID400096,eBike,Bellandur,Mysore Road,301.0,60.0,Not Applicable,Not Applicable,No,Not Applicable,2838,UPI,44,3.8,3.7
2024-07-12 04:12:00,CNR8189348793,Success,CID163777,Auto,Ulsoor,Hulimavu,63.0,125.0,Not Applicable,Not Applicable,No,Not Applicable,227,UPI,1,4.2,3.7
2024-07-21 05:41:00,CNR3951309619,Success,CID946398,Bike,Hennur,Kengeri,175.0,120.0,Not Applicable,Not Applicable,No,Not Applicable,430,UPI,38,4.6,3.2
2024-07-05 12:11:00,CNR6674055589,Success,CID603152,Bike,Electronic City,Peenya,154.0,30.0,Not Applicable,Not Applicable,No,Not Applicable,107,Debit Card,15,4.0,4.8
2024-07-22 20:45:00,CNR6576190913,Canceled by Driver,CID688179,Auto,Kadugodi,RT Nagar,,,Not Applicable,Personal & Car related issue,Not Applicable,Not Applicable,172,Not Applicable,0,,
2024-07-03 19:41:00,CNR3691820294,Canceled by Driver,CID699068,Prime SUV,JP Nagar,BTM Layout,,,Not Applicable,Customer related issue,Not Applicable,Not Applicable,255,Not Applicable,0,,
2024-07-11 01:55:00,CNR3408653058,Canceled by Driver,CID826410,Mini,Chamarajpet,Chamarajpet,,,Not Applicable,More than permitted people in there,Not Applicable,Not Applicable,312,Not Applicable,0,,
2024-07-23 09:28:00,CNR9355093777,Success,CID962414,eBike,Electronic City,Varthur,77.0,105.0,Not Applicable,Not Applicable,No,Not Applicable,124,Cash,28,3.2,4.6
2024-07-18 18:40:00,CNR4219716950,Driver Not Found,CID730104,Mini,Malleshwaram,Kadugodi,,,Not Applicable,Not Applicable,Not Applicable,Not Applicable,520,Not Applicable,0,,
2024-07-12 17:56:00,CNR1392620122,Success,CID807734,Prime Plus,Shivajinagar,Devanahalli,91.0,125.0,Not Applicable,Not Applicable,No,Not Applicable,383,UPI,37,4.8,4.2
2024-07-03 17:56:00,CNR1580017535,Success,CID686790,Mini,Majestic,Peenya,49.0,30.0,Not Applicable,Not Applicable,No,Not Applicable,381,UPI,38,3.8,4.9
2024-07-09 07:19:00,CNR7497946347,Success,CID782246,Prime SUV,Padmanabhanagar,Hebbal,189.0,140.0,Not Applicable,Not Applicable,No,Not Applicable,516,Cash,40,4.8,3.3
2024-07-21 07:24:00,CNR4166000168,Success,CID657154,eBike,Chamarajpet,RT Nagar,112.0,100.0,Not Applicable,Not Applicable,No,Not Applicable,275,Cash,41,3.2,3.3
2024-07-15 01:22:00,CNR3177079547,Canceled by Driver,CID639561,Mini,Rajajinagar,Langford Town,,,Not Applicable,Customer related issue,Not Applicable,Not Applicable,423,Not Applicable,0,,
2024-07-16 18:14:00,CNR8326380931,Canceled by Customer,CID888316,Prime Sedan,Frazer Town,Frazer Town,,,Driver is not moving towards pickup location,Not Applicable,Not Applicable,Not Applicable,232,Not Applicable,0,,
2024-07-06 04:10:00,CNR5796545895,Success,CID580271,Bike,Nagarbhavi,Banashankari,203.0,25.0,Not Applicable,Not Applicable,No,Not Applicable,640,UPI,9,4.5,3.7
2024-07-18 19:27:00,CNR3963204253,Success,CID325103,Prime Sedan,Padmanabhanagar,MG Road,98.0,65.0,Not Applicable,Not Applicable,Yes,Customer Demand,450,Cash,38,4.9,4.3
2024-07-11 19:20:00,CNR9218001147,Canceled by Driver,CID580615,Mini,Chamarajpet,Mysore Road,,,Not Applicable,Customer was coughing/sick,Not Applicable,Not Applicable,696,Not Applicable,0,,
2024-07-09 03:34:00,CNR3587523639,Canceled by Driver,CID991180,Bike,Langford Town,Padmanabhanagar,,,Not Applicable,Personal & Car related issue,Not Applicable,Not Applicable,411,Not Applicable,0,,
2024-07-15 05:09:00,CNR3106373867,Success,CID625077,Prime Plus,Richmond Town,Devanahalli,147.0,110.0,Not Applicable,Not Applicable,No,Not Applicable,465,Cash,30,3.0,4.3
2024-07-07 10:31:00,CNR9771458043,Driver Not Found,CID974259,Auto,Hosur Road,Bellandur,,,Not Applicable,Not Applicable,Not Applicable,Not Applicable,1124,Not Applicable,0,,
2024-07-13 09:34:00,CNR3606500382,Canceled by Customer,CID686530,Prime Plus,Rajarajeshwari Nagar,Shivajinagar,,,Driver is not moving towards pickup location,Not Applicable,Not Applicable,Not Applicable,1416,Not Applicable,0,,
2024-07-03 01:35:00,CNR5321558200,Success,CID343619,Prime Plus,Ulsoor,Chickpet,112.0,125.0,Not Applicable,Not Applicable,No,Not Applicable,393,Cash,2,4.9,3.6
2024-07-07 07:46:00,CNR3255446135,Canceled by Driver,CID936088,Mini,MG Road,Sarjapur Road,,,Not Applicable,Customer related issue,Not Applicable,Not Applicable,165,Not Applicable,0,,
2024-07-01 03:25:00,CNR3900114752,Success,CID389784,Auto,Hosur Road,Sahakar Nagar,245.0,75.0,Not Applicable,Not Applicable,No,Not Applicable,417,Cash,19,4.4,3.7
2024-07-18 07:01:00,CNR8787367296,Driver Not Found,CID220200,Mini,Yeshwanthpur,Hosur Road,,,Not Applicable,Not Applicable,Not Applicable,Not Applicable,829,Not Applicable,0,,
2024-07-04 18:33:00,CNR4395682808,Canceled by Customer,CID797285,Auto,Ulsoor,Nagarbhavi,,,Driver is not moving towards pickup location,Not Applicable,Not Applicable,Not Applicable,143,Not Applicable,0,,
2024-07-28 16:32:00,CNR6855849131,Success,CID778954,Auto,Ramamurthy Nagar,Hebbal,42.0,35.0,Not Applicable,Not Applicable,No,Not Applicable,314,UPI,19,3.7,4.8
2024-07-11 08:47:00,CNR6748828728,Success,CID751146,eBike,Hulimavu,Marathahalli,98.0,120.0,Not Applicable,Not Applicable,No,Not Applicable,1004,Cash,40,3.2,4.9
2024-07-21 07:56:00,CNR1635995117,Success,CID922757,Mini,Chamarajpet,Kengeri,175.0,40.0,Not Applicable,Not Applicable,No,Not Applicable,244,Cash,36,3.9,4.8
2024-07-15 21:50:00,CNR2429916301,Canceled by Customer,CID232311,Prime SUV,Sahakar Nagar,Padmanabhanagar,,,AC is Not working,Not Applicable,Not Applicable,Not Applicable,243,Not Applicable,0,,
2024-07-07 17:15:00,CNR9745457105,Success,CID753456,Bike,Whitefield,Richmond Town,308.0,85.0,Not Applicable,Not Applicable,No,Not Applicable,167,Cash,11,4.7,3.8
2024-07-18 10:21:00,CNR8272242978,Success,CID578575,Mini,RT Nagar,Kammanahalli,189.0,95.0,Not Applicable,Not Applicable,No,Not Applicable,560,Cash,30,4.1,4.8
2024-07-12 12:18:00,CNR2798067381,Canceled by Driver,CID943252,Prime SUV,Marathahalli,Basavanagudi,,,Not Applicable,Customer related issue,Not Applicable,Not Applicable,415,Not Applicable,0,,
2024-07-13 21:38:00,CNR8301379250,Success,CID774444,Auto,Devanahalli,Hulimavu,259.0,45.0,Not Applicable,Not Applicable,No,Not Applicable,1525,UPI,12,3.2,4.2
2024-07-05 01:12:00,CNR3107131240,Driver Not Found,CID110804,Prime Plus,Magadi Road,Marathahalli,,,Not Applicable,Not Applicable,Not Applicable,Not Applicable,113,Not Applicable,0,,
2024-07-02 09:33:00,CNR6067798572,Success,CID211999,Auto,Devanahalli,Rajarajeshwari Nagar,280.0,120.0,Not Applicable,Not Applicable,No,Not Applicable,212,Cash,9,4.8,3.5
2024-07-04 20:42:00,CNR6851158354,Success,CID249465,eBike,Hennur,JP Nagar,154.0,105.0,Not Applicable,Not Applicable,No,Not Applicable,294,Debit Card,2,5.0,3.7
2024-07-12 23:18:00,CNR2630138366,Success,CID701126,Prime SUV,Frazer Town,Basavanagudi,210.0,65.0,Not Applicable,Not Applicable,No,Not Applicable,183,UPI,48,4.9,3.2
2024-07-18 08:22:00,CNR4174598663,Canceled by Driver,CID616589,Prime Sedan,Devanahalli,Devanahalli,,,Not Applicable,Customer related issue,Not Applicable,Not Applicable,488,Not Applicable,0,,
2024-07-02 07:10:00,CNR6337800250,Canceled by Driver,CID558883,eBike,Yeshwanthpur,Sarjapur Road,,,Not Applicable,Personal & Car related issue,Not Applicable,Not Applicable,359,Not Applicable,0,,
2024-07-11 01:31:00,CNR1651058771,Canceled by Driver,CID861587,Prime SUV,Cox Town,Electronic City,,,Not Applicable,Customer related issue,Not Applicable,Not Applicable,348,Not Applicable,0,,
2024-07-30 10:06:00,CNR6141476114,Success,CID657179,Bike,KR Puram,Electronic City,196.0,115.0,Not Applicable,Not Applicable,Yes,Other Issue,1627,Cash,22,3.0,3.6
2024-07-02 20:07:00,CNR7465748555,Success,CID573324,Auto,Yeshwanthpur,Peenya,133.0,115.0,Not Applicable,Not Applicable,No,Not Applicable,284,UPI,14,4.5,4.7
2024-07-18 21:59:00,CNR2292145233,Success,CID484932,Auto,Ulsoor,Kammanahalli,56.0,135.0,Not Applicable,Not Applicable,No,Not Applicable,315,UPI,9,4.5,4.7
2024-07-03 22:08:00,CNR6101864801,Success,CID332843,Auto,HSR Layout,Vijayanagar,231.0,75.0,Not Applicable,Not Applicable,No,Not Applicable,122,UPI,11,4.9,4.8
2024-07-27 20:06:00,CNR9612395990,Success,CID207879,Prime SUV,Malleshwaram,Magadi Road,42.0,60.0,Not Applicable,Not Applicable,No,Not Applicable,1114,UPI,7,4.3,3.8
2024-07-06 17:21:00,CNR1232218593,Canceled by Customer,CID680291,Prime Sedan,Langford Town,Devanahalli,,,AC is Not working,Not Applicable,Not Applicable,Not Applicable,139,Not Applicable,0,,
2024-07-19 13:34:00,CNR6226763587,Success,CID437066,Prime Plus,Ramamurthy Nagar,KR Puram,133.0,130.0,Not Applicable,Not Applicable,No,Not Applicable,209,UPI,36,4.9,3.6
2024-07-07 03:01:00,CNR7205048477,Success,CID952319,eBike,Devanahalli,Cox Town,119.0,135.0,Not Applicable,Not Applicable,No,Not Applicable,994,Cash,41,3.3,3.6
2024-07-24 21:29:00,CNR8481389724,Success,CID797849,Prime SUV,Majestic,Chickpet,224.0,115.0,Not Applicable,Not Applicable,No,Not Applicable,130,Cash,21,3.9,4.6
2024-07-05 16:16:00,CNR2839528763,Success,CID858592,Bike,Ulsoor,Nagarbhavi,105.0,95.0,Not Applicable,Not Applicable,No,Not Applicable,810,UPI,26,4.2,3.2
2024-07-15 10:17:00,CNR5975482895,Canceled by Driver,CID934557,Auto,Vijayanagar,Kengeri,,,Not Applicable,Personal & Car related issue,Not Applicable,Not Applicable,400,Not Applicable,0,,
2024-07-23 20:05:00,CNR8342551388,Canceled by Customer,CID531423,eBike,Cox Town,Hosur Road,,,Change of plans,Not Applicable,Not Applicable,Not Applicable,113,Not Applicable,0,,
2024-07-16 12:21:00,CNR6028982966,Success,CID890911,Bike,Hulimavu,Rajajinagar,84.0,65.0,Not Applicable,Not Applicable,No,Not Applicable,320,Cash,14,3.1,3.0
2024-07-15 16:17:00,CNR1672091616,Success,CID351553,eBike,Whitefield,MG Road,238.0,45.0,Not Applicable,Not Applicable,No,Not Applicable,149,UPI,47,3.3,3.1
2024-07-29 18:23:00,CNR3421928192,Canceled by Customer,CID884561,Bike,Shantinagar,Frazer Town,,,Driver is not moving towards pickup location,Not Applicable,Not Applicable,Not Applicable,315,Not Applicable,0,,
2024-07-22 13:14:00,CNR2148568990,Success,CID562861,Prime Plus,Basavanagudi,Jayanagar,266.0,145.0,Not Applicable,Not Applicable,No,Not Applicable,178,Cash,16,4.0,3.1
2024-07-02 09:35:00,CNR1639587321,Canceled by Driver,CID166731,Prime SUV,Sahakar Nagar,Shantinagar,,,Not Applicable,Customer was coughing/sick,Not Applicable,Not Applicable,471,Not Applicable,0,,
2024-07-29 07:34:00,CNR9544817379,Canceled by Driver,CID550674,Bike,Marathahalli,Banashankari,,,Not Applicable,Personal & Car related issue,Not Applicable,Not Applicable,252,Not Applicable,0,,
2024-07-10 10:59:00,CNR3188108864,Driver Not Found,CID983396,Auto,MG Road,HSR Layout,,,Not Applicable,Not Applicable,Not Applicable,Not Applicable,380,Not Applicable,0,,
2024-07-21 06:09:00,CNR4808773872,Canceled by Driver,CID212827,Mini,Cox Town,MG Road,,,Not Applicable,Customer was coughing/sick,Not Applicable,Not Applicable,371,Not Applicable,0,,
2024-07-29 15:17:00,CNR3596393238,Success,CID396040,Mini,Ramamurthy Nagar,Banashankari,182.0,100.0,Not Applicable,Not Applicable,No,Not Applicable,382,UPI,39,3.7,4.3
2024-07-04 02:06:00,CNR8526901246,Success,CID946408,eBike,Peenya,Peenya,63.0,145.0,Not Applicable,Not Applicable,No,Not Applicable,160,Cash,42,4.8,3.9
2024-07-12 15:01:00,CNR3021945597,Success,CID761989,Mini,MG Road,Yeshwanthpur,70.0,40.0,Not Applicable,Not Applicable,No,Not Applicable,1247,UPI,30,3.6,4.1
2024-07-27 15:49:00,CNR9480761295,Success,CID299583,Prime Plus,Majestic,Richmond Town,224.0,125.0,Not Applicable,Not Applicable,No,Not Applicable,487,Cash,32,4.7,3.9
2024-07-24 14:36:00,CNR6589272284,Success,CID229939,Prime SUV,Yeshwanthpur,Devanahalli,294.0,90.0,Not Applicable,Not Applicable,No,Not Applicable,298,UPI,39,3.9,4.0
2024-07-12 05:01:00,CNR5550436138,Success,CID780110,eBike,Sahakar Nagar,Rajajinagar,182.0,140.0,Not Applicable,Not Applicable,No,Not Applicable,274,Credit Card,29,4.7,3.5
2024-07-08 19:47:00,CNR6029283114,Success,CID335472,Auto,Hosur Road,Rajajinagar,196.0,140.0,Not Applicable,Not Applicable,No,Not Applicable,216,UPI,14,4.2,4.1
2024-07-20 12:48:00,CNR1592115981,Canceled by Driver,CID307781,eBike,Langford Town,Ramamurthy Nagar,,,Not Applicable,Personal & Car related issue,Not Applicable,Not Applicable,315,Not Applicable,0,,
2024-07-23 16:32:00,CNR6096276785,Success,CID336702,Prime Sedan,BTM Layout,Hosur Road,133.0,40.0,Not Applicable,Not Applicable,No,Not Applicable,288,Cash,34,4.7,4.9
2024-07-01 23:42:00,CNR1781006769,Success,CID818853,Auto,Rajarajeshwari Nagar,Shantinagar,210.0,100.0,Not Applicable,Not Applicable,No,Not Applicable,464,Cash,9,4.2,5.0
2024-07-18 12:25:00,CNR5626377703,Success,CID324579,Auto,Kadugodi,Indiranagar,35.0,50.0,Not Applicable,Not Applicable,No,Not Applicable,454,UPI,10,3.5,4.2
2024-07-25 15:40:00,CNR2619975617,Canceled by Driver,CID937517,Auto,MG Road,Banashankari,,,Not Applicable,Customer was coughing/sick,Not Applicable,Not Applicable,127,Not Applicable,0,,
2024-07-04 12:05:00,CNR6432382268,Success,CID264167,eBike,Electronic City,Marathahalli,133.0,95.0,Not Applicable,Not Applicable,No,Not Applicable,373,Cash,19,3.1,4.3
2024-07-27 16:16:00,CNR3090283429,Success,CID331523,Prime Plus,Banashankari,Richmond Town,182.0,120.0,Not Applicable,Not Applicable,No,Not Applicable,289,Cash,14,4.0,3.8
2024-07-07 01:24:00,CNR1011557238,Success,CID576456,eBike,Shantinagar,Chickpet,63.0,80.0,Not Applicable,Not Applicable,No,Not Applicable,303,UPI,46,4.9,4.8
2024-07-03 23:00:00,CNR2601545551,Driver Not Found,CID798702,eBike,Nagarbhavi,Chamarajpet,,,Not Applicable,Not Applicable,Not Applicable,Not Applicable,2101,Not Applicable,0,,
2024-07-02 09:37:00,CNR4754927427,Success,CID828689,Bike,Tumkur Road,KR Puram,231.0,95.0,Not Applicable,Not Applicable,Yes,Customer Demand,284,Cash,33,3.9,4.2
2024-07-23 10:02:00,CNR5489314727,Driver Not Found,CID568765,Bike,Chickpet,Malleshwaram,,,Not Applicable,Not Applicable,Not Applicable,Not Applicable,866,Not Applicable,0,,
2024-07-17 15:42:00,CNR7811941478,Success,CID334571,Prime Sedan,Yelahanka,Sahakar Nagar,56.0,70.0,Not Applicable,Not Applicable,Yes,Vehicle Breakdown,377,Cash,22,4.3,4.2
2024-07-02 13:42:00,CNR7346324794,Success,CID983463,Prime SUV,Kadugodi,Hennur,301.0,125.0,Not Applicable,Not Applicable,No,Not Applicable,841,UPI,43,3.9,3.6
2024-07-02 09:59:00,CNR1153788276,Success,CID784266,Prime SUV,Rajarajeshwari Nagar,Vijayanagar,133.0,120.0,Not Applicable,Not Applicable,No,Not Applicable,462,Cash,32,4.3,3.7
2024-07-30 15:59:00,CNR7746863126,Canceled by Driver,CID912885,eBike,Mysore Road,KR Puram,,,Not Applicable,More than permitted people in there,Not Applicable,Not Applicable,123,Not Applicable,0,,
2024-07-20 11:51:00,CNR8365413900,Canceled by Driver,CID403031,Auto,Indiranagar,KR Puram,,,Not Applicable,Personal & Car related issue,Not Applicable,Not Applicable,134,Not Applicable,0,,
2024-07-11 16:59:00,CNR5629604679,Success,CID951781,eBike,Kengeri,Shantinagar,238.0,140.0,Not Applicable,Not Applicable,No,Not Applicable,472,Cash,4,5.0,3.8
2024-07-29 19:46:00,CNR3426500621,Success,CID359861,Bike,Kammanahalli,Hulimavu,203.0,135.0,Not Applicable,Not Applicable,No,Not Applicable,457,Cash,34,3.7,4.9
2024-07-30 18:43:00,CNR7669039835,Canceled by Driver,CID292366,Mini,RT Nagar,Chickpet,,,Not Applicable,More than permitted people in there,Not Applicable,Not Applicable,2415,Not Applicable,0,,
2024-07-18 15:14:00,CNR5487698747,Success,CID595165,Prime Plus,Cox Town,Vijayanagar,182.0,70.0,Not Applicable,Not Applicable,No,Not Applicable,490,UPI,28,3.2,3.8
2024-07-27 08:12:00,CNR8064933748,Canceled by Customer,CID517234,Prime SUV,Magadi Road,JP Nagar,,,Wrong Address,Not Applicable,Not Applicable,Not Applicable,142,Not Applicable,0,,
2024-07-23 04:35:00,CNR8264601044,Success,CID727781,Auto,Malleshwaram,KR Puram,273.0,145.0,Not Applicable,Not Applicable,No,Not Applicable,494,UPI,15,3.4,4.8
2024-07-09 21:26:00,CNR3072493505,Success,CID492797,Mini,Yeshwanthpur,Yelahanka,280.0,90.0,Not Applicable,Not Applicable,No,Not Applicable,297,UPI,47,4.1,3.2
2024-07-30 14:31:00,CNR7741453436,Canceled by Customer,CID110895,Mini,JP Nagar,Ramamurthy Nagar,,,Driver asked to cancel,Not Applicable,Not Applicable,Not Applicable,355,Not Applicable,0,,
2024-07-04 23:28:00,CNR8121343463,Canceled by Driver,CID389589,Auto,Yelahanka,Koramangala,,,Not Applicable,Customer related issue,Not Applicable,Not Applicable,497,Not Applicable,0,,
2024-07-10 07:03:00,CNR6738190873,Success,CID702906,Bike,Sahakar Nagar,Banashankari,140.0,45.0,Not Applicable,Not Applicable,No,Not Applicable,329,Cash,31,4.4,3.6
2024-07-28 20:36:00,CNR6773722916,Canceled by Customer,CID529588,Prime Sedan,Bellandur,Basavanagudi,,,Change of plans,Not Applicable,Not Applicable,Not Applicable,407,Not Applicable,0,,
2024-07-28 10:25:00,CNR8685561912,Success,CID142880,Auto,Shivajinagar,BTM Layout,308.0,125.0,Not Applicable,Not Applicable,No,Not Applicable,466,Cash,10,3.6,5.0
2024-07-11 17:00:00,CNR1911957983,Success,CID723857,Auto,Hennur,Marathahalli,49.0,45.0,Not Applicable,Not Applicable,No,Not Applicable,139,Cash,3,4.5,4.1
2024-07-30 05:28:00,CNR2336716078,Success,CID850079,Prime Sedan,Whitefield,Shivajinagar,168.0,65.0,Not Applicable,Not Applicable,No,Not Applicable,498,Cash,39,4.2,5.0
2024-07-04 18:10:00,CNR3131413454,Success,CID599954,Auto,Magadi Road,HSR Layout,210.0,135.0,Not Applicable,Not Applicable,No,Not Applicable,227,Cash,9,4.5,4.6
2024-07-22 04:40:00,CNR1866086637,Driver Not Found,CID241308,Mini,Chickpet,Devanahalli,,,Not Applicable,Not Applicable,Not Applicable,Not Applicable,198,Not Applicable,0,,
2024-07-23 15:22:00,CNR5953918462,Success,CID202011,Prime Sedan,Ramamurthy Nagar,Electronic City,308.0,40.0,Not Applicable,Not Applicable,Yes,Vehicle Breakdown,155,Cash,16,4.2,3.7
2024-07-06 09:07:00,CNR2564055009,Success,CID306411,eBike,Tumkur Road,Shivajinagar,154.0,115.0,Not Applicable,Not Applicable,No,Not Applicable,2483,Cash,29,3.7,4.9
2024-07-13 15:04:00,CNR5019395888,Success,CID343221,eBike,Koramangala,Kammanahalli,126.0,55.0,Not Applicable,Not Applicable,No,Not Applicable,200,UPI,23,3.7,4.9
2024-07-10 18:45:00,CNR1294802774,Success,CID442416,Bike,Devanahalli,Rajajinagar,252.0,105.0,Not Applicable,Not Applicable,No,Not Applicable,126,UPI,19,3.4,4.7
2024-07-23 11:16:00,CNR7831415031,Success,CID781308,Auto,Hebbal,Basavanagudi,42.0,80.0,Not Applicable,Not Applicable,No,Not Applicable,438,Cash,3,4.9,3.4
2024-07-27 16:13:00,CNR7388387409,Canceled by Customer,CID586222,Bike,Chamarajpet,Peenya,,,Change of plans,Not Applicable,Not Applicable,Not Applicable,374,Not Applicable,0,,
2024-07-09 06:44:00,CNR9655977175,Success,CID149012,Auto,Magadi Road,Bannerghatta Road,77.0,55.0,Not Applicable,Not Applicable,No,Not Applicable,157,Cash,19,3.7,4.2
2024-07-03 07:21:00,CNR8971186886,Canceled by Driver,CID222038,eBike,HSR Layout,Hulimavu,,,Not Applicable,Customer related issue,Not Applicable,Not Applicable,823,Not Applicable,0,,
2024-07-27 03:01:00,CNR4340561844,Canceled by Driver,CID675896,eBike,Kadugodi,Sahakar Nagar,,,Not Applicable,Personal & Car related issue,Not Applicable,Not Applicable,510,Not Applicable,0,,
2024-07-22 02:29:00,CNR8106049358,Canceled by Customer,CID940873,Prime Sedan,Mysore Road,Hennur,,,Driver asked to cancel,Not Applicable,Not Applicable,Not Applicable,371,Not Applicable,0,,
2024-07-06 22:35:00,CNR1531848796,Driver Not Found,CID714332,Bike,Tumkur Road,Devanahalli,,,Not Applicable,Not Applicable,Not Applicable,Not Applicable,711,Not Applicable,0,,
2024-07-19 18:44:00,CNR8958245978,Success,CID549861,Prime SUV,Richmond Town,BTM Layout,196.0,105.0,Not Applicable,Not Applicable,No,Not Applicable,242,UPI,3,4.2,3.2
2024-07-30 20:14:00,CNR8776494854,Driver Not Found,CID908908,Bike,Tumkur Road,Bannerghatta Road,,,Not Applicable,Not Applicable,Not Applicable,Not Applicable,1607,Not Applicable,0,,
2024-07-18 02:48:00,CNR1589102522,Success,CID374910,Prime Sedan,Shivajinagar,Whitefield,112.0,100.0,Not Applicable,Not Applicable,No,Not Applicable,120,Cash,40,5.0,3.1
2024-07-04 15:50:00,CNR7165325832,Success,CID844148,Auto,Rajarajeshwari Nagar,Kammanahalli,203.0,50.0,Not Applicable,Not Applicable,No,Not Applicable,181,Credit Card,10,3.3,4.0
2024-07-17 20:51:00,CNR6267952544,Success,CID563659,Prime SUV,Padmanabhanagar,Frazer Town,266.0,140.0,Not Applicable,Not Applicable,No,Not Applicable,290,Cash,47,4.1,4.2
2024-07-25 14:50:00,CNR6833846816,Success,CID711135,eBike,Sahakar Nagar,Vijayanagar,49.0,50.0,Not Applicable,Not Applicable,No,Not Applicable,243,UPI,39,4.6,3.9
2024-07-01 02:30:00,CNR9413436344,Canceled by Driver,CID849176,Prime SUV,Chickpet,Basavanagudi,,,Not Applicable,Customer was coughing/sick,Not Applicable,Not Applicable,475,Not Applicable,0,,
2024-07-22 23:04:00,CNR8258643304,Success,CID942114,Prime SUV,Shivajinagar,Banashankari,196.0,120.0,Not Applicable,Not Applicable,No,Not Applicable,354,UPI,9,3.2,4.2
2024-07-20 23:51:00,CNR7559207266,Success,CID559861,eBike,Banashankari,Frazer Town,126.0,30.0,Not Applicable,Not Applicable,No,Not Applicable,693,UPI,21,4.8,4.6
2024-07-12 19:40:00,CNR8562531688,Success,CID122627,Mini,JP Nagar,Hosur Road,266.0,50.0,Not Applicable,Not Applicable,No,Not Applicable,1612,Cash,45,3.3,4.2
2024-07-16 07:58:00,CNR2051377857,Success,CID130883,eBike,RT Nagar,KR Puram,56.0,30.0,Not Applicable,Not Applicable,No,Not Applicable,259,UPI,9,5.0,4.0
2024-07-25 18:07:00,CNR7041663474,Success,CID124095,eBike,Rajarajeshwari Nagar,Bannerghatta Road,259.0,70.0,Not Applicable,Not Applicable,No,Not Applicable,265,Credit Card,17,4.7,3.7
2024-07-24 14:52:00,CNR8189026850,Success,CID431732,Bike,Yelahanka,BTM Layout,161.0,115.0,Not Applicable,Not Applicable,No,Not Applicable,597,UPI,16,4.7,3.2
2024-07-02 15:49:00,CNR9723386860,Success,CID763419,Bike,Mysore Road,JP Nagar,189.0,40.0,Not Applicable,Not Applicable,No,Not Applicable,123,Cash,31,4.5,4.7
2024-07-18 22:00:00,CNR9099755886,Success,CID381553,Prime SUV,Hosur Road,Kadugodi,56.0,35.0,Not Applicable,Not Applicable,No,Not Applicable,252,UPI,10,3.6,3.3
2024-07-01 18:42:00,CNR1100004291,Success,CID834472,Bike,Rajarajeshwari Nagar,Chamarajpet,42.0,105.0,Not Applicable,Not Applicable,No,Not Applicable,475,UPI,3,4.4,4.2
2024-07-22 08:50:00,CNR2386181258,Success,CID173430,Prime SUV,Rajarajeshwari Nagar,Bellandur,147.0,110.0,Not Applicable,Not Applicable,Yes,Customer Demand,463,UPI,20,3.0,4.0
2024-07-07 06:44:00,CNR8908981528,Success,CID532393,Bike,Langford Town,Basavanagudi,245.0,35.0,Not Applicable,Not Applicable,No,Not Applicable,860,Cash,29,3.6,4.8
2024-07-29 03:04:00,CNR6664002211,Success,CID602919,Bike,HSR Layout,Sahakar Nagar,77.0,55.0,Not Applicable,Not Applicable,No,Not Applicable,436,Cash,17,4.6,4.4
2024-07-07 04:01:00,CNR1846169822,Success,CID165458,eBike,RT Nagar,Langford Town,280.0,45.0,Not Applicable,Not Applicable,No,Not Applicable,329,UPI,30,4.2,4.7
2024-07-07 05:38:00,CNR2385429277,Canceled by Driver,CID570067,Prime SUV,Yeshwanthpur,Sarjapur Road,,,Not Applicable,Customer was coughing/sick,Not Applicable,Not Applicable,424,Not Applicable,0,,
2024-07-08 04:33:00,CNR7064196460,Success,CID494823,Mini,Electronic City,Hulimavu,161.0,145.0,Not Applicable,Not Applicable,No,Not Applicable,505,UPI,25,3.7,3.3
2024-07-19 03:14:00,CNR5161247682,Success,CID257192,Prime Plus,Magadi Road,BTM Layout,119.0,140.0,Not Applicable,Not Applicable,No,Not Applicable,183,Cash,42,3.1,3.9
2024-07-06 04:50:00,CNR1177504874,Canceled by Driver,CID340856,eBike,Tumkur Road,Magadi Road,,,Not Applicable,More than permitted people in there,Not Applicable,Not Applicable,221,Not Applicable,0,,
2024-07-08 23:38:00,CNR8314474112,Success,CID770566,Prime SUV,Koramangala,Indiranagar,238.0,50.0,Not Applicable,Not Applicable,No,Not Applicable,338,Cash,22,4.3,4.5
2024-07-05 00:56:00,CNR1899988266,Canceled by Customer,CID474455,Bike,Chamarajpet,Majestic,,,Change of plans,Not Applicable,Not Applicable,Not Applicable,624,Not Applicable,0,,
2024-07-22 01:31:00,CNR6545398497,Driver Not Found,CID184425,Bike,Hosur Road,Shantinagar,,,Not Applicable,Not Applicable,Not Applicable,Not Applicable,488,Not Applicable,0,,
2024-07-27 04:14:00,CNR9936894778,Success,CID735706,Mini,MG Road,Langford Town,189.0,145.0,Not Applicable,Not Applicable,No,Not Applicable,173,Cash,47,4.9,3.0
2024-07-20 14:50:00,CNR8995911985,Success,CID832558,eBike,Malleshwaram,Peenya,182.0,130.0,Not Applicable,Not Applicable,No,Not Applicable,521,UPI,2,3.8,3.7
2024-07-23 01:19:00,CNR1022426715,Canceled by Customer,CID451746,eBike,BTM Layout,Kammanahalli,,,Wrong Address,Not Applicable,Not Applicable,Not Applicable,231,Not Applicable,0,,
2024-07-02 12:32:00,CNR7935394337,Canceled by Driver,CID970401,Auto,Cox Town,Basavanagudi,,,Not Applicable,Personal & Car related issue,Not Applicable,Not Applicable,151,Not Applicable,0,,
2024-07-23 10:06:00,CNR8827453245,Canceled by Customer,CID864460,Auto,Yelahanka,Peenya,,,Driver is not moving towards pickup location,Not Applicable,Not Applicable,Not Applicable,380,Not Applicable,0,,
2024-07-30 13:24:00,CNR7326061766,Success,CID493395,Prime Plus,Vijayanagar,Chamarajpet,259.0,120.0,Not Applicable,Not Applicable,No,Not Applicable,621,UPI,48,4.6,3.5
2024-07-18 02:04:00,CNR7174930889,Success,CID629063,Prime SUV,Padmanabhanagar,Hulimavu,196.0,45.0,Not Applicable,Not Applicable,No,Not Applicable,190,Cash,30,4.7,4.6
2024-07-26 06:31:00,CNR5672225120,Success,CID427474,Bike,RT Nagar,Yeshwanthpur,91.0,50.0,Not Applicable,Not Applicable,No,Not Applicable,234,Cash,33,4.1,4.4
2024-07-07 03:19:00,CNR8410989546,Success,CID415132,Prime SUV,Ulsoor,Shantinagar,203.0,100.0,Not Applicable,Not Applicable,No,Not Applicable,279,Cash,1,3.5,4.1
2024-07-19 11:13:00,CNR5150124497,Success,CID670952,Mini,JP Nagar,Magadi Road,70.0,85.0,Not Applicable,Not Applicable,No,Not Applicable,480,UPI,31,5.0,3.6
2024-07-17 21:39:00,CNR5066529007,Success,CID674577,Bike,MG Road,Ulsoor,147.0,30.0,Not Applicable,Not Applicable,No,Not Applicable,231,UPI,37,4.3,4.5
2024-07-18 13:33:00,CNR4970392566,Success,CID912209,Mini,Majestic,Richmond Town,308.0,90.0,Not Applicable,Not Applicable,No,Not Applicable,382,UPI,26,3.4,4.6
2024-07-02 05:56:00,CNR2004825521,Success,CID795364,Prime Plus,BTM Layout,Langford Town,175.0,140.0,Not Applicable,Not Applicable,No,Not Applicable,823,Credit Card,11,3.1,5.0
2024-07-10 13:51:00,CNR4867685657,Success,CID326537,Mini,Bellandur,Cox Town,259.0,70.0,Not Applicable,Not Applicable,No,Not Applicable,855,Cash,5,3.2,3.4
2024-07-08 20:01:00,CNR3063675928,Success,CID954307,Auto,Devanahalli,Vijayanagar,133.0,105.0,Not Applicable,Not Applicable,No,Not Applicable,862,Cash,7,3.7,4.6
2024-07-28 08:14:00,CNR7241523006,Success,CID175062,Mini,Hulimavu,Kengeri,210.0,110.0,Not Applicable,Not Applicable,No,Not Applicable,2194,Cash,27,3.4,4.0
2024-07-23 11:37:00,CNR7367224511,Success,CID269054,eBike,Hennur,Hosur Road,147.0,60.0,Not Applicable,Not Applicable,No,Not Applicable,642,UPI,18,4.9,4.8
2024-07-19 11:40:00,CNR4843825357,Canceled by Customer,CID286241,Prime Plus,MG Road,Hebbal,,,Wrong Address,Not Applicable,Not Applicable,Not Applicable,649,Not Applicable,0,,
2024-07-05 17:39:00,CNR3454161697,Canceled by Driver,CID471066,Prime SUV,Koramangala,Majestic,,,Not Applicable,Personal & Car related issue,Not Applicable,Not Applicable,173,Not Applicable,0,,
2024-07-10 20:35:00,CNR6048571952,Success,CID800917,eBike,Bannerghatta Road,MG Road,273.0,125.0,Not Applicable,Not Applicable,No,Not Applicable,146,UPI,47,3.4,4.2
2024-07-13 13:08:00,CNR4874338201,Success,CID311666,Prime SUV,Yeshwanthpur,Banashankari,231.0,95.0,Not Applicable,Not Applicable,No,Not Applicable,386,Cash,20,5.0,4.7
2024-07-16 12:43:00,CNR7022651160,Success,CID712836,Bike,Kadugodi,JP Nagar,231.0,30.0,Not Applicable,Not Applicable,No,Not Applicable,438,Cash,24,4.1,3.7
2024-07-29 00:40:00,CNR4420736367,Success,CID381919,Prime Plus,Yeshwanthpur,Vijayanagar,91.0,95.0,Not Applicable,Not Applicable,No,Not Applicable,101,Debit Card,33,3.3,4.5
2024-07-10 10:31:00,CNR9412839387,Canceled by Customer,CID738205,Auto,Yeshwanthpur,Jayanagar,,,AC is Not working,Not Applicable,Not Applicable,Not Applicable,518,Not Applicable,0,,
2024-07-24 00:21:00,CNR9468188999,Driver Not Found,CID323814,Prime Sedan,JP Nagar,BTM Layout,,,Not Applicable,Not Applicable,Not Applicable,Not Applicable,1396,Not Applicable,0,,
2024-07-13 11:41:00,CNR7169790942,Success,CID740171,eBike,Kengeri,Magadi Road,280.0,70.0,Not Applicable,Not Applicable,Yes,Other Issue,422,UPI,37,3.2,3.6
2024-07-14 02:44:00,CNR8751620986,Success,CID943370,Auto,Rajajinagar,Majestic,133.0,50.0,Not Applicable,Not Applicable,No,Not Applicable,1860,Cash,13,4.7,4.7
2024-07-08 12:12:00,CNR8564544369,Canceled by Customer,CID748384,Prime SUV,Electronic City,Marathahalli,,,Driver asked to cancel,Not Applicable,Not Applicable,Not Applicable,104,Not Applicable,0,,
2024-07-17 18:22:00,CNR1931687836,Driver Not Found,CID938465,Prime Sedan,Hennur,Electronic City,,,Not Applicable,Not Applicable,Not Applicable,Not Applicable,380,Not Applicable,0,,
2024-07-08 02:39:00,CNR4936114902,Canceled by Customer,CID950467,Bike,Vijayanagar,Shantinagar,,,Driver is not moving towards pickup location,Not Applicable,Not Applicable,Not Applicable,224,Not Applicable,0,,
2024-07-09 07:08:00,CNR6071713884,Driver Not Found,CID561538,Prime Plus,Magadi Road,Marathahalli,,,Not Applicable,Not Applicable,Not Applicable,Not Applicable,643,Not Applicable,0,,
2024-07-20 01:32:00,CNR1126961682,Success,CID850647,Bike,Marathahalli,Devanahalli,63.0,45.0,Not Applicable,Not Applicable,Yes,Customer Demand,1422,Cash,1,4.0,3.0
2024-07-23 03:58:00,CNR8268187495,Success,CID204626,Auto,Hebbal,Whitefield,63.0,90.0,Not Applicable,Not Applicable,No,Not Applicable,462,Cash,7,3.9,4.4
2024-07-18 02:39:00,CNR8235557142,Success,CID924579,Bike,Indiranagar,Kadugodi,98.0,135.0,Not Applicable,Not Applicable,No,Not Applicable,315,Cash,37,3.0,3.4
2024-07-19 06:18:00,CNR2199183430,Success,CID154727,Prime Sedan,Kengeri,Bannerghatta Road,133.0,65.0,Not Applicable,Not Applicable,No,Not Applicable,149,Cash,36,4.7,4.3
2024-07-10 09:22:00,CNR4145753077,Success,CID219030,Mini,MG Road,Padmanabhanagar,126.0,85.0,Not Applicable,Not Applicable,No,Not Applicable,757,UPI,1,3.2,3.8
2024-07-09 02:37:00,CNR4115578227,Success,CID672674,Auto,MG Road,Hosur Road,119.0,70.0,Not Applicable,Not Applicable,Yes,Customer Demand,777,Cash,18,3.6,5.0
2024-07-09 20:18:00,CNR4716362291,Success,CID718379,Mini,Rajarajeshwari Nagar,Rajajinagar,203.0,40.0,Not Applicable,Not Applicable,No,Not Applicable,579,Cash,42,3.3,4.0
2024-07-11 04:00:00,CNR1682496042,Success,CID971508,eBike,Basavanagudi,Basavanagudi,182.0,130.0,Not Applicable,Not Applicable,No,Not Applicable,226,UPI,43,4.3,4.5
2024-07-04 23:00:00,CNR7514576258,Driver Not Found,CID556418,Auto,Marathahalli,Peenya,,,Not Applicable,Not Applicable,Not Applicable,Not Applicable,673,Not Applicable,0,,
2024-07-29 17:20:00,CNR6519713106,Canceled by Driver,CID556173,Prime Plus,BTM Layout,Vijayanagar,,,Not Applicable,Personal & Car related issue,Not Applicable,Not Applicable,314,Not Applicable,0,,
2024-07-19 13:01:00,CNR8749144643,Canceled by Customer,CID793753,eBike,Hosur Road,JP Nagar,,,Change of plans,Not Applicable,Not Applicable,Not Applicable,371,Not Applicable,0,,
2024-07-02 07:18:00,CNR6955208649,Success,CID306129,Prime Sedan,Peenya,Majestic,105.0,100.0,Not Applicable,Not Applicable,No,Not Applicable,1791,UPI,44,3.8,3.3
2024-07-30 15:53:00,CNR9590933620,Canceled by Driver,CID631508,eBike,Electronic City,Peenya,,,Not Applicable,Customer related issue,Not Applicable,Not Applicable,990,Not Applicable,0,,
2024-07-21 16:13:00,CNR9242569376,Success,CID855758,Prime Plus,Vijayanagar,Indiranagar,77.0,95.0,Not Applicable,Not Applicable,No,Not Applicable,356,UPI,1,4.0,4.6
2024-07-29 10:09:00,CNR8534541718,Canceled by Customer,CID210219,Bike,Yelahanka,Padmanabhanagar,,,Driver asked to cancel,Not Applicable,Not Applicable,Not Applicable,347,Not Applicable,0,,
2024-07-08 01:58:00,CNR6520713721,Canceled by Customer,CID884456,Bike,Jayanagar,Cox Town,,,Change of plans,Not Applicable,Not Applicable,Not Applicable,453,Not Applicable,0,,
2024-07-24 08:52:00,CNR8019340189,Driver Not Found,CID589646,Auto,RT Nagar,Marathahalli,,,Not Applicable,Not Applicable,Not Applicable,Not Applicable,284,Not Applicable,0,,
2024-07-26 22:32:00,CNR4923167726,Canceled by Driver,CID492610,Bike,Ramamurthy Nagar,Tumkur Road,,,Not Applicable,Personal & Car related issue,Not Applicable,Not Applicable,421,Not Applicable,0,,
2024-07-01 04:02:00,CNR1249905975,Driver Not Found,CID890426,Prime Sedan,Padmanabhanagar,Basavanagudi,,,Not Applicable,Not Applicable,Not Applicable,Not Applicable,907,Not Applicable,0,,
2024-07-08 06:58:00,CNR9839278878,Success,CID930992,Prime Plus,Chamarajpet,Tumkur Road,238.0,75.0,Not Applicable,Not Applicable,No,Not Applicable,669,Cash,34,4.8,3.9
2024-07-20 01:12:00,CNR9761411178,Success,CID338443,Prime Plus,Whitefield,RT Nagar,217.0,40.0,Not Applicable,Not Applicable,No,Not Applicable,293,Cash,21,4.8,3.8
2024-07-09 18:42:00,CNR6043964550,Success,CID255918,Prime Plus,Hosur Road,Bellandur,133.0,85.0,Not Applicable,Not Applicable,No,Not Applicable,124,UPI,48,3.3,4.0
2024-07-28 05:55:00,CNR8000213050,Canceled by Driver,CID670932,Prime Plus,Langford Town,Magadi Road,,,Not Applicable,More than permitted people in there,Not Applicable,Not Applicable,274,Not Applicable,0,,
2024-07-30 16:40:00,CNR1917492548,Success,CID877999,Prime Sedan,Mysore Road,KR Puram,56.0,115.0,Not Applicable,Not Applicable,No,Not Applicable,431,UPI,24,3.5,4.8
2024-07-11 05:46:00,CNR9232568060,Success,CID615951,Auto,Kengeri,Ramamurthy Nagar,161.0,45.0,Not Applicable,Not Applicable,No,Not Applicable,721,Cash,17,3.5,3.2
2024-07-05 04:25:00,CNR9178864732,Driver Not Found,CID795408,Auto,Hulimavu,Malleshwaram,,,Not Applicable,Not Applicable,Not Applicable,Not Applicable,105,Not Applicable,0,,
2024-07-12 13:41:00,CNR1206163399,Canceled by Customer,CID640532,Prime Sedan,Richmond Town,Magadi Road,,,Change of plans,Not Applicable,Not Applicable,Not Applicable,438,Not Applicable,0,,
2024-07-06 23:39:00,CNR7373847236,Canceled by Customer,CID939062,Prime Plus,Mysore Road,Varthur,,,Wrong Address,Not Applicable,Not Applicable,Not Applicable,482,Not Applicable,0,,
2024-07-30 09:42:00,CNR5753604979,Success,CID769149,Auto,Hebbal,Yelahanka,294.0,120.0,Not Applicable,Not Applicable,No,Not Applicable,207,UPI,4,3.7,4.5
2024-07-18 17:04:00,CNR4436585163,Success,CID920719,Prime Plus,Electronic City,Magadi Road,224.0,90.0,Not Applicable,Not Applicable,No,Not Applicable,219,UPI,19,3.9,3.7
2024-07-14 23:39:00,CNR1762539440,Canceled by Driver,CID962115,Prime Sedan,Vijayanagar,Shantinagar,,,Not Applicable,More than permitted people in there,Not Applicable,Not Applicable,415,Not Applicable,0,,
2024-07-18 04:48:00,CNR2789932047,Success,CID786005,Prime Sedan,JP Nagar,Richmond Town,84.0,130.0,Not Applicable,Not Applicable,No,Not Applicable,284,Cash,20,3.8,3.5
2024-07-15 14:25:00,CNR7407489454,Success,CID184986,Prime SUV,Frazer Town,Yelahanka,175.0,100.0,Not Applicable,Not Applicable,No,Not Applicable,292,UPI,22,4.2,4.3
2024-07-23 07:40:00,CNR7758101083,Canceled by Customer,CID412692,Prime Plus,Hosur Road,Hennur,,,AC is Not working,Not Applicable,Not Applicable,Not Applicable,186,Not Applicable,0,,
2024-07-14 15:33:00,CNR1943018859,Driver Not Found,CID455463,Auto,Sarjapur Road,Marathahalli,,,Not Applicable,Not Applicable,Not Applicable,Not Applicable,188,Not Applicable,0,,
2024-07-24 07:02:00,CNR4393145759,Success,CID948782,Bike,Yeshwanthpur,Varthur,147.0,35.0,Not Applicable,Not Applicable,No,Not Applicable,352,UPI,29,4.0,4.2
2024-07-12 21:42:00,CNR7213246500,Success,CID570368,eBike,KR Puram,Whitefield,189.0,30.0,Not Applicable,Not Applicable,No,Not Applicable,318,UPI,24,3.4,3.2
2024-07-15 08:27:00,CNR8186227550,Success,CID793219,Prime Sedan,MG Road,Kadugodi,196.0,50.0,Not Applicable,Not Applicable,No,Not Applicable,420,UPI,21,4.2,3.9
2024-07-08 07:06:00,CNR6741871107,Driver Not Found,CID804314,eBike,Hosur Road,Sahakar Nagar,,,Not Applicable,Not Applicable,Not Applicable,Not Applicable,150,Not Applicable,0,,
2024-07-17 15:38:00,CNR8554542875,Driver Not Found,CID884533,Auto,Magadi Road,Peenya,,,Not Applicable,Not Applicable,Not Applicable,Not Applicable,429,Not Applicable,0,,
2024-07-22 03:06:00,CNR3808021661,Success,CID202742,Mini,Bellandur,Basavanagudi,252.0,130.0,Not Applicable,Not Applicable,No,Not Applicable,864,Cash,24,3.0,3.5
2024-07-12 06:07:00,CNR5933247747,Canceled by Driver,CID375063,eBike,KR Puram,HSR Layout,,,Not Applicable,Personal & Car related issue,Not Applicable,Not Applicable,444,Not Applicable,0,,
2024-07-27 00:42:00,CNR7073903292,Success,CID105908,Auto,Koramangala,Devanahalli,280.0,95.0,Not Applicable,Not Applicable,No,Not Applicable,452,UPI,18,4.5,4.0
2024-07-08 21:23:00,CNR9704688852,Success,CID814481,eBike,Cox Town,Ulsoor,105.0,115.0,Not Applicable,Not Applicable,No,Not Applicable,280,Cash,49,3.7,3.5
2024-07-06 23:07:00,CNR2927071260,Success,CID663970,Mini,Whitefield,Marathahalli,259.0,55.0,Not Applicable,Not Applicable,No,Not Applicable,195,UPI,1,4.1,3.7
2024-07-08 07:04:00,CNR1865736533,Driver Not Found,CID984656,Prime Plus,Hebbal,HSR Layout,,,Not Applicable,Not Applicable,Not Applicable,Not Applicable,709,Not Applicable,0,,
2024-07-18 23:16:00,CNR3952319239,Success,CID860775,Prime Plus,Kammanahalli,Chamarajpet,182.0,25.0,Not Applicable,Not Applicable,No,Not Applicable,417,UPI,6,3.7,3.9
2024-07-22 08:40:00,CNR8692771083,Driver Not Found,CID760620,Auto,Chamarajpet,Hulimavu,,,Not Applicable,Not Applicable,Not Applicable,Not Applicable,319,Not Applicable,0,,
2024-07-03 18:59:00,CNR2340348227,Success,CID688153,Prime Plus,Vijayanagar,Sarjapur Road,35.0,120.0,Not Applicable,Not Applicable,No,Not Applicable,864,Cash,11,3.7,4.1
2024-07-03 20:58:00,CNR5388087651,Canceled by Driver,CID431684,Mini,Bannerghatta Road,Malleshwaram,,,Not Applicable,Customer related issue,Not Applicable,Not Applicable,2491,Not Applicable,0,,
2024-07-05 15:18:00,CNR7480004710,Success,CID654326,Bike,Jayanagar,Hebbal,63.0,55.0,Not Applicable,Not Applicable,No,Not Applicable,355,UPI,46,3.0,4.8
2024-07-25 13:09:00,CNR8159916306,Success,CID411915,Mini,Peenya,Banashankari,182.0,125.0,Not Applicable,Not Applicable,No,Not Applicable,411,UPI,1,4.1,4.2
2024-07-30 20:28:00,CNR6335246851,Canceled by Driver,CID809158,Prime Sedan,JP Nagar,Padmanabhanagar,,,Not Applicable,Customer related issue,Not Applicable,Not Applicable,1039,Not Applicable,0,,
2024-07-20 06:21:00,CNR4320953292,Success,CID870924,Prime Plus,Bellandur,Bannerghatta Road,77.0,75.0,Not Applicable,Not Applicable,No,Not Applicable,740,UPI,38,4.1,4.6
2024-07-29 06:34:00,CNR2889415520,Success,CID230259,eBike,Kadugodi,MG Road,56.0,140.0,Not Applicable,Not Applicable,No,Not Applicable,237,Cash,16,3.4,3.8
2024-07-27 00:57:00,CNR4423678251,Driver Not Found,CID699315,Auto,Bellandur,Kammanahalli,,,Not Applicable,Not Applicable,Not Applicable,Not Applicable,348,Not Applicable,0,,
2024-07-17 16:05:00,CNR8525483616,Canceled by Customer,CID725487,Prime Sedan,Hosur Road,Yeshwanthpur,,,Driver asked to cancel,Not Applicable,Not Applicable,Not Applicable,2703,Not Applicable,0,,
2024-07-21 12:46:00,CNR4826038757,Success,CID470128,Mini,Rajajinagar,Tumkur Road,231.0,100.0,Not Applicable,Not Applicable,No,Not Applicable,1946,Cash,36,4.6,3.3
2024-07-30 16:02:00,CNR8811099183,Success,CID962392,eBike,Sarjapur Road,BTM Layout,308.0,70.0,Not Applicable,Not Applicable,No,Not Applicable,332,UPI,19,4.0,3.7
2024-07-10 02:31:00,CNR4010047192,Success,CID570777,Prime Sedan,Mysore Road,Rajarajeshwari Nagar,119.0,25.0,Not Applicable,Not Applicable,No,Not Applicable,1088,UPI,36,3.0,3.2
2024-07-25 14:01:00,CNR6108486648,Success,CID900698,Prime Sedan,Cox Town,Yelahanka,259.0,145.0,Not Applicable,Not Applicable,No,Not Applicable,820,Cash,16,4.3,4.7
2024-07-21 19:44:00,CNR7793540769,Success,CID896719,Mini,Basavanagudi,Nagarbhavi,133.0,105.0,Not Applicable,Not Applicable,No,Not Applicable,313,Cash,36,3.5,4.8
2024-07-28 10:02:00,CNR4020447636,Canceled by Driver,CID572371,Prime Plus,Majestic,Vijayanagar,,,Not Applicable,Personal & Car related issue,Not Applicable,Not Applicable,582,Not Applicable,0,,
2024-07-24 08:43:00,CNR9639128479,Success,CID939363,Prime Plus,Basavanagudi,Sarjapur Road,147.0,85.0,Not Applicable,Not Applicable,No,Not Applicable,116,UPI,41,4.3,4.9
2024-07-02 18:06:00,CNR1829799859,Success,CID547383,eBike,Peenya,Ramamurthy Nagar,98.0,125.0,Not Applicable,Not Applicable,No,Not Applicable,172,UPI,16,3.5,4.4
2024-07-04 17:09:00,CNR8888825893,Driver Not Found,CID464281,Bike,Shivajinagar,Kammanahalli,,,Not Applicable,Not Applicable,Not Applicable,Not Applicable,268,Not Applicable,0,,
2024-07-10 21:46:00,CNR4477502264,Driver Not Found,CID638861,Auto,Bannerghatta Road,MG Road,,,Not Applicable,Not Applicable,Not Applicable,Not Applicable,149,Not Applicable,0,,
2024-07-02 02:39:00,CNR3200648361,Success,CID563651,Mini,MG Road,Malleshwaram,35.0,40.0,Not Applicable,Not Applicable,No,Not Applicable,2902,UPI,47,4.1,3.2
2024-07-22 18:48:00,CNR6628886277,Success,CID178650,Auto,Banashankari,Kadugodi,287.0,140.0,Not Applicable,Not Applicable,No,Not Applicable,146,UPI,13,5.0,3.4
2024-07-18 20:25:00,CNR1660682794,Driver Not Found,CID595178,Auto,Frazer Town,KR Puram,,,Not Applicable,Not Applicable,Not Applicable,Not Applicable,1398,Not Applicable,0,,
2024-07-08 11:21:00,CNR8998521688,Success,CID592624,eBike,Rajajinagar,Kadugodi,238.0,30.0,Not Applicable,Not Applicable,No,Not Applicable,276,Cash,19,3.5,3.2
2024-07-23 06:22:00,CNR3192790060,Success,CID264866,Bike,JP Nagar,Hosur Road,259.0,50.0,Not Applicable,Not Applicable,No,Not Applicable,941,Credit Card,13,4.1,3.3
2024-07-04 04:53:00,CNR2276058300,Success,CID625193,Prime Plus,Malleshwaram,Nagarbhavi,301.0,130.0,Not Applicable,Not Applicable,No,Not Applicable,454,UPI,18,4.1,4.1
2024-07-02 15:01:00,CNR9604431251,Success,CID246703,Auto,Jayanagar,Vijayanagar,147.0,130.0,Not Applicable,Not Applicable,No,Not Applicable,434,UPI,10,4.6,4.6
2024-07-27 23:38:00,CNR8449314841,Success,CID731016,Prime Sedan,Electronic City,Hosur Road,168.0,140.0,Not Applicable,Not Applicable,No,Not Applicable,207,Cash,2,3.1,3.7
2024-07-25 00:30:00,CNR7554336818,Success,CID156898,Prime Plus,Malleshwaram,Ulsoor,280.0,135.0,Not Applicable,Not Applicable,No,Not Applicable,774,Cash,15,3.4,4.1
2024-07-10 04:00:00,CNR3102996598,Success,CID474410,Auto,Basavanagudi,Richmond Town,154.0,140.0,Not Applicable,Not Applicable,No,Not Applicable,2240,Cash,11,4.2,3.2
2024-07-10 09:34:00,CNR5893931984,Success,CID588215,Prime SUV,Marathahalli,Ulsoor,98.0,75.0,Not Applicable,Not Applicable,No,Not Applicable,358,Cash,32,3.8,5.0
2024-07-19 19:24:00,CNR3326755761,Success,CID411574,Bike,Majestic,Jayanagar,273.0,60.0,Not Applicable,Not Applicable,No,Not Applicable,117,UPI,4,3.5,3.9
2024-07-05 23:32:00,CNR1919367534,Success,CID413579,Mini,Kadugodi,Yeshwanthpur,119.0,70.0,Not Applicable,Not Applicable,No,Not Applicable,922,Cash,43,4.8,4.1
2024-07-07 00:21:00,CNR1335972164,Driver Not Found,CID371708,eBike,Langford Town,Shivajinagar,,,Not Applicable,Not Applicable,Not Applicable,Not Applicable,654,Not Applicable,0,,
2024-07-28 10:38:00,CNR5202274502,Success,CID949834,Prime Sedan,Basavanagudi,Indiranagar,294.0,115.0,Not Applicable,Not Applicable,No,Not Applicable,457,UPI,1,3.9,3.2
2024-07-22 20:21:00,CNR3018409036,Success,CID644163,Mini,Kammanahalli,Magadi Road,231.0,115.0,Not Applicable,Not Applicable,No,Not Applicable,2458,Cash,42,4.8,4.4
2024-07-01 15:09:00,CNR6971597280,Success,CID477924,Bike,JP Nagar,Ramamurthy Nagar,126.0,140.0,Not Applicable,Not Applicable,No,Not Applicable,818,Cash,8,4.9,4.0
2024-07-24 00:17:00,CNR4037735369,Success,CID220650,eBike,Shivajinagar,Vijayanagar,168.0,30.0,Not Applicable,Not Applicable,No,Not Applicable,154,Cash,5,3.9,4.3
2024-07-07 03:47:00,CNR5703320451,Canceled by Driver,CID328990,eBike,BTM Layout,Ramamurthy Nagar,,,Not Applicable,Personal & Car related issue,Not Applicable,Not Applicable,1834,Not Applicable,0,,
2024-07-04 10:30:00,CNR3088020099,Success,CID368142,eBike,Vijayanagar,Hosur Road,245.0,120.0,Not Applicable,Not Applicable,No,Not Applicable,822,Cash,40,3.5,4.3
2024-07-07 15:26:00,CNR7725567758,Canceled by Customer,CID564962,Prime Plus,Jayanagar,Rajarajeshwari Nagar,,,Driver asked to cancel,Not Applicable,Not Applicable,Not Applicable,391,Not Applicable,0,,
2024-07-01 19:09:00,CNR1042044636,Success,CID685189,Bike,Nagarbhavi,KR Puram,238.0,135.0,Not Applicable,Not Applicable,No,Not Applicable,650,Cash,40,4.6,3.5
2024-07-21 05:53:00,CNR6798543945,Success,CID572297,Auto,Kammanahalli,Kammanahalli,196.0,110.0,Not Applicable,Not Applicable,No,Not Applicable,341,UPI,18,4.3,4.9
2024-07-27 15:51:00,CNR5702723447,Success,CID120050,Mini,Marathahalli,JP Nagar,168.0,40.0,Not Applicable,Not Applicable,No,Not Applicable,587,UPI,1,3.7,3.9
2024-07-05 12:50:00,CNR7469756068,Success,CID323225,Auto,Nagarbhavi,Koramangala,49.0,115.0,Not Applicable,Not Applicable,No,Not Applicable,166,UPI,2,3.5,3.7
2024-07-10 19:46:00,CNR6423865769,Canceled by Driver,CID279570,Prime Plus,Rajarajeshwari Nagar,Kammanahalli,,,Not Applicable,More than permitted people in there,Not Applicable,Not Applicable,889,Not Applicable,0,,
2024-07-21 22:08:00,CNR4258991566,Success,CID868059,Prime Plus,Vijayanagar,Sarjapur Road,126.0,100.0,Not Applicable,Not Applicable,No,Not Applicable,422,Cash,23,4.5,3.4
2024-07-21 13:40:00,CNR1660669242,Canceled by Driver,CID354427,Prime Sedan,Kengeri,Bellandur,,,Not Applicable,More than permitted people in there,Not Applicable,Not Applicable,178,Not Applicable,0,,
2024-07-16 17:03:00,CNR5155292020,Success,CID378206,Prime SUV,Richmond Town,JP Nagar,203.0,90.0,Not Applicable,Not Applicable,No,Not Applicable,251,UPI,36,3.1,3.9
2024-07-27 17:33:00,CNR3533702896,Canceled by Driver,CID145262,Prime Sedan,Majestic,Shantinagar,,,Not Applicable,Personal & Car related issue,Not Applicable,Not Applicable,265,Not Applicable,0,,
2024-07-24 20:34:00,CNR1689245545,Driver Not Found,CID517526,Prime SUV,Koramangala,Majestic,,,Not Applicable,Not Applicable,Not Applicable,Not Applicable,433,Not Applicable,0,,
2024-07-23 08:24:00,CNR3485775516,Success,CID115738,Auto,Tumkur Road,Langford Town,98.0,50.0,Not Applicable,Not Applicable,No,Not Applicable,2884,Cash,16,4.6,3.6
2024-07-30 16:20:00,CNR4780865002,Success,CID295855,Prime Sedan,Kammanahalli,Hosur Road,98.0,140.0,Not Applicable,Not Applicable,No,Not Applicable,436,Cash,19,4.5,4.3
2024-07-24 15:42:00,CNR3060713584,Success,CID746768,eBike,HSR Layout,Kadugodi,231.0,125.0,Not Applicable,Not Applicable,No,Not Applicable,339,Cash,49,3.2,3.2
2024-07-26 03:15:00,CNR9942187696,Success,CID420808,Prime Plus,Devanahalli,Vijayanagar,35.0,85.0,Not Applicable,Not Applicable,No,Not Applicable,932,UPI,42,3.8,4.1
2024-07-30 11:05:00,CNR4008553577,Success,CID215333,Mini,Kengeri,Yelahanka,189.0,85.0,Not Applicable,Not Applicable,No,Not Applicable,209,UPI,10,4.7,4.3
2024-07-27 04:54:00,CNR3724121136,Success,CID625931,eBike,Rajarajeshwari Nagar,Frazer Town,154.0,65.0,Not Applicable,Not Applicable,No,Not Applicable,639,UPI,7,4.7,4.5
2024-07-08 14:53:00,CNR9621238832,Success,CID770767,Prime Sedan,Varthur,Bannerghatta Road,84.0,115.0,Not Applicable,Not Applicable,No,Not Applicable,220,Cash,12,4.3,3.5
2024-07-06 00:05:00,CNR1147740874,Success,CID379602,Bike,Varthur,Electronic City,182.0,40.0,Not Applicable,Not Applicable,No,Not Applicable,1016,UPI,46,3.2,4.0
2024-07-10 10:12:00,CNR2909322979,Success,CID298222,Prime Sedan,Hebbal,Hosur Road,126.0,130.0,Not Applicable,Not Applicable,No,Not Applicable,305,Cash,45,4.4,4.6
2024-07-23 14:37:00,CNR6593329641,Success,CID833202,eBike,Magadi Road,Tumkur Road,259.0,140.0,Not Applicable,Not Applicable,No,Not Applicable,200,UPI,13,4.3,4.3
2024-07-24 20:13:00,CNR4457705843,Success,CID873611,Prime SUV,Yeshwanthpur,Vijayanagar,147.0,100.0,Not Applicable,Not Applicable,No,Not Applicable,367,Cash,10,3.8,4.3
2024-07-22 20:25:00,CNR6547425343,Success,CID583429,Mini,KR Puram,Banashankari,70.0,145.0,Not Applicable,Not Applicable,No,Not Applicable,482,Credit Card,37,4.8,3.3
2024-07-29 08:37:00,CNR6144333890,Canceled by Customer,CID439149,Auto,Banashankari,Richmond Town,,,Driver asked to cancel,Not Applicable,Not Applicable,Not Applicable,469,Not Applicable,0,,
2024-07-03 15:32:00,CNR7088938903,Success,CID902854,eBike,Electronic City,JP Nagar,70.0,130.0,Not Applicable,Not Applicable,No,Not Applicable,260,Cash,17,3.9,3.2
2024-07-21 04:36:00,CNR5447851265,Success,CID133292,Auto,Whitefield,Banashankari,210.0,65.0,Not Applicable,Not Applicable,No,Not Applicable,107,UPI,6,3.8,4.3
2024-07-17 15:26:00,CNR6581118158,Canceled by Customer,CID565646,Auto,Hebbal,Cox Town,,,Driver asked to cancel,Not Applicable,Not Applicable,Not Applicable,727,Not Applicable,0,,
2024-07-16 06:12:00,CNR1237454638,Success,CID808990,Auto,JP Nagar,Jayanagar,161.0,50.0,Not Applicable,Not Applicable,No,Not Applicable,421,Cash,10,4.7,4.7
2024-07-10 00:38:00,CNR3157470831,Success,CID434345,Prime SUV,Bellandur,Rajajinagar,259.0,145.0,Not Applicable,Not Applicable,No,Not Applicable,356,UPI,38,3.9,3.7
2024-07-09 14:53:00,CNR7336788673,Success,CID222324,eBike,Mysore Road,Rajajinagar,161.0,75.0,Not Applicable,Not Applicable,No,Not Applicable,2870,Cash,7,3.6,3.6
2024-07-27 07:08:00,CNR6360620278,Success,CID577639,Mini,Frazer Town,Varthur,154.0,50.0,Not Applicable,Not Applicable,No,Not Applicable,976,UPI,45,3.8,3.6
2024-07-23 17:38:00,CNR6757509844,Success,CID687455,Prime Sedan,Frazer Town,Rajajinagar,105.0,60.0,Not Applicable,Not Applicable,No,Not Applicable,369,Cash,28,3.4,4.4
2024-07-03 11:16:00,CNR4346255023,Canceled by Driver,CID990048,Mini,Ulsoor,MG Road,,,Not Applicable,Customer related issue,Not Applicable,Not Applicable,1691,Not Applicable,0,,
2024-07-26 07:20:00,CNR7060421388,Canceled by Driver,CID463488,Prime Plus,Tumkur Road,Yelahanka,,,Not Applicable,Personal & Car related issue,Not Applicable,Not Applicable,224,Not Applicable,0,,
2024-07-16 20:17:00,CNR1560544593,Canceled by Customer,CID770464,Auto,Kammanahalli,Nagarbhavi,,,AC is Not working,Not Applicable,Not Applicable,Not Applicable,2443,Not Applicable,0,,
2024-07-21 05:12:00,CNR6837577933,Success,CID573006,Prime SUV,KR Puram,Kammanahalli,259.0,145.0,Not Applicable,Not Applicable,Yes,Other Issue,331,Cash,7,4.6,4.7
2024-07-24 22:52:00,CNR4401484260,Success,CID216238,Prime SUV,Vijayanagar,Rajarajeshwari Nagar,161.0,65.0,Not Applicable,Not Applicable,No,Not Applicable,365,Credit Card,7,3.5,4.3
2024-07-11 22:28:00,CNR9569750656,Success,CID153499,Prime Plus,Basavanagudi,Hebbal,308.0,130.0,Not Applicable,Not Applicable,No,Not Applicable,476,UPI,23,4.4,4.9
2024-07-15 15:57:00,CNR1015575668,Success,CID263440,Bike,Shivajinagar,Nagarbhavi,196.0,45.0,Not Applicable,Not Applicable,No,Not Applicable,879,UPI,25,4.0,3.1
2024-07-22 23:58:00,CNR1592489931,Success,CID931146,Auto,HSR Layout,Electronic City,49.0,45.0,Not Applicable,Not Applicable,Yes,Vehicle Breakdown,221,Cash,11,4.3,4.6
2024-07-19 14:20:00,CNR1534552228,Canceled by Customer,CID737774,Prime Plus,Ulsoor,Richmond Town,,,Driver asked to cancel,Not Applicable,Not Applicable,Not Applicable,1981,Not Applicable,0,,
2024-07-13 01:15:00,CNR5179964237,Success,CID778331,Mini,Koramangala,Cox Town,252.0,125.0,Not Applicable,Not Applicable,No,Not Applicable,204,UPI,36,3.5,3.9
2024-07-27 04:09:00,CNR3497026172,Success,CID344714,Mini,Shivajinagar,Mysore Road,161.0,130.0,Not Applicable,Not Applicable,No,Not Applicable,180,UPI,33,3.6,4.1
2024-07-15 11:33:00,CNR1683727889,Success,CID713565,Mini,Peenya,Rajajinagar,266.0,85.0,Not Applicable,Not Applicable,No,Not Applicable,201,UPI,48,3.6,4.6
2024-07-24 16:52:00,CNR9913392458,Success,CID725113,Auto,Jayanagar,Sahakar Nagar,210.0,50.0,Not Applicable,Not Applicable,No,Not Applicable,663,Credit Card,8,3.7,3.7
2024-07-08 09:50:00,CNR6339441318,Canceled by Customer,CID690071,eBike,Chickpet,JP Nagar,,,Driver is not moving towards pickup location,Not Applicable,Not Applicable,Not Applicable,407,Not Applicable,0,,
2024-07-07 07:14:00,CNR3860100462,Canceled by Driver,CID776737,Prime Sedan,Hulimavu,Hennur,,,Not Applicable,Personal & Car related issue,Not Applicable,Not Applicable,175,Not Applicable,0,,
2024-07-28 02:06:00,CNR3176571897,Success,CID739595,Prime SUV,HSR Layout,Jayanagar,273.0,85.0,Not Applicable,Not Applicable,Yes,Customer Demand,355,UPI,15,3.1,4.3
2024-07-01 09:11:00,CNR3963776698,Canceled by Driver,CID611718,Prime SUV,Yeshwanthpur,RT Nagar,,,Not Applicable,Customer was coughing/sick,Not Applicable,Not Applicable,140,Not Applicable,0,,
2024-07-23 07:18:00,CNR7063129414,Success,CID670347,Auto,Yelahanka,Padmanabhanagar,294.0,75.0,Not Applicable,Not Applicable,No,Not Applicable,379,Cash,9,4.7,4.7
2024-07-24 09:22:00,CNR3252049670,Canceled by Driver,CID957293,eBike,Richmond Town,JP Nagar,,,Not Applicable,More than permitted people in there,Not Applicable,Not Applicable,184,Not Applicable,0,,
2024-07-20 18:03:00,CNR2916170928,Canceled by Customer,CID169603,Prime Sedan,Magadi Road,Frazer Town,,,Driver is not moving towards pickup location,Not Applicable,Not Applicable,Not Applicable,867,Not Applicable,0,,
2024-07-28 00:37:00,CNR6104845996,Canceled by Customer,CID537955,Auto,Chickpet,Magadi Road,,,AC is Not working,Not Applicable,Not Applicable,Not Applicable,283,Not Applicable,0,,
2024-07-19 19:22:00,CNR5047030700,Success,CID431112,eBike,Rajajinagar,RT Nagar,308.0,105.0,Not Applicable,Not Applicable,No,Not Applicable,901,Cash,27,3.3,4.6
2024-07-05 07:22:00,CNR4263684838,Success,CID856409,Auto,Kengeri,Malleshwaram,77.0,115.0,Not Applicable,Not Applicable,No,Not Applicable,690,Cash,1,3.5,5.0
2024-07-20 13:23:00,CNR6739352506,Success,CID588019,Prime SUV,JP Nagar,JP Nagar,175.0,35.0,Not Applicable,Not Applicable,No,Not Applicable,142,Cash,9,3.2,3.3
2024-07-30 06:58:00,CNR8251019144,Success,CID602847,Bike,JP Nagar,Nagarbhavi,42.0,65.0,Not Applicable,Not Applicable,No,Not Applicable,918,Cash,18,4.1,4.2
2024-07-14 04:30:00,CNR8942880789,Canceled by Customer,CID137648,Prime SUV,Ramamurthy Nagar,Ulsoor,,,Change of plans,Not Applicable,Not Applicable,Not Applicable,566,Not Applicable,0,,
2024-07-18 07:35:00,CNR6941885258,Success,CID476973,Mini,Peenya,Banashankari,301.0,80.0,Not Applicable,Not Applicable,No,Not Applicable,140,Cash,28,3.5,3.4
2024-07-11 05:58:00,CNR3059819630,Success,CID285304,eBike,Koramangala,Yelahanka,56.0,30.0,Not Applicable,Not Applicable,Yes,Customer Demand,371,Cash,20,4.0,4.3
2024-07-25 03:07:00,CNR3706416730,Driver Not Found,CID309646,Prime Sedan,Indiranagar,Shantinagar,,,Not Applicable,Not Applicable,Not Applicable,Not Applicable,361,Not Applicable,0,,
2024-07-12 03:22:00,CNR3092311107,Success,CID736679,Prime SUV,Jayanagar,Majestic,154.0,105.0,Not Applicable,Not Applicable,No,Not Applicable,355,Cash,23,5.0,4.7
2024-07-07 17:38:00,CNR7088228075,Driver Not Found,CID851903,Mini,Peenya,HSR Layout,,,Not Applicable,Not Applicable,Not Applicable,Not Applicable,165,Not Applicable,0,,
2024-07-09 02:52:00,CNR4953036426,Success,CID436500,Mini,Sarjapur Road,Vijayanagar,175.0,115.0,Not Applicable,Not Applicable,No,Not Applicable,370,UPI,30,3.4,3.7
2024-07-05 14:29:00,CNR6233087310,Success,CID126881,eBike,Varthur,Magadi Road,224.0,110.0,Not Applicable,Not Applicable,No,Not Applicable,210,Cash,14,4.2,4.1
2024-07-02 09:47:00,CNR6153212870,Driver Not Found,CID932815,eBike,Chickpet,Varthur,,,Not Applicable,Not Applicable,Not Applicable,Not Applicable,200,Not Applicable,0,,
2024-07-09 22:57:00,CNR7566730310,Canceled by Driver,CID790355,Mini,Rajajinagar,Chickpet,,,Not Applicable,More than permitted people in there,Not Applicable,Not Applicable,359,Not Applicable,0,,
2024-07-30 23:56:00,CNR8327323483,Canceled by Driver,CID111561,Prime SUV,Ramamurthy Nagar,Hulimavu,,,Not Applicable,More than permitted people in there,Not Applicable,Not Applicable,370,Not Applicable,0,,
2024-07-05 14:06:00,CNR5257200509,Success,CID686654,Mini,Sarjapur Road,Peenya,98.0,70.0,Not Applicable,Not Applicable,No,Not Applicable,249,UPI,42,3.4,3.1
2024-07-30 04:57:00,CNR2687963334,Success,CID695260,Auto,Electronic City,Sarjapur Road,105.0,90.0,Not Applicable,Not Applicable,No,Not Applicable,1514,Cash,9,3.2,4.1
2024-07-15 18:39:00,CNR3219799201,Success,CID319028,eBike,Mysore Road,Bellandur,126.0,130.0,Not Applicable,Not Applicable,No,Not Applicable,345,UPI,38,4.7,4.9
2024-07-08 06:25:00,CNR2929132191,Canceled by Customer,CID812922,Bike,Kengeri,Mysore Road,,,Driver asked to cancel,Not Applicable,Not Applicable,Not Applicable,158,Not Applicable,0,,
2024-07-26 19:01:00,CNR3465147630,Canceled by Driver,CID627241,Prime Sedan,Frazer Town,Malleshwaram,,,Not Applicable,Customer was coughing/sick,Not Applicable,Not Applicable,932,Not Applicable,0,,
2024-07-23 08:54:00,CNR6579909663,Canceled by Driver,CID499708,Bike,Sahakar Nagar,Hebbal,,,Not Applicable,Personal & Car related issue,Not Applicable,Not Applicable,2923,Not Applicable,0,,
2024-07-08 12:37:00,CNR6616187041,Driver Not Found,CID448446,Prime Sedan,Padmanabhanagar,Kengeri,,,Not Applicable,Not Applicable,Not Applicable,Not Applicable,2911,Not Applicable,0,,
2024-07-25 08:08:00,CNR9315817454,Success,CID771063,Auto,Devanahalli,Padmanabhanagar,126.0,95.0,Not Applicable,Not Applicable,No,Not Applicable,379,Cash,17,4.3,4.9
2024-07-21 06:18:00,CNR8181639530,Success,CID642014,Prime SUV,Kammanahalli,Sarjapur Road,273.0,55.0,Not Applicable,Not Applicable,No,Not Applicable,209,UPI,28,3.2,3.3
2024-07-24 14:43:00,CNR6798835508,Canceled by Driver,CID157613,Mini,Cox Town,Indiranagar,,,Not Applicable,Customer was coughing/sick,Not Applicable,Not Applicable,881,Not Applicable,0,,
2024-07-19 00:51:00,CNR3828318003,Success,CID227417,Prime Plus,Hosur Road,MG Road,49.0,140.0,Not Applicable,Not Applicable,No,Not Applicable,1303,UPI,38,3.5,4.7
2024-07-23 01:59:00,CNR4381959469,Canceled by Driver,CID882922,Mini,Devanahalli,Jayanagar,,,Not Applicable,Customer was coughing/sick,Not Applicable,Not Applicable,712,Not Applicable,0,,
2024-07-13 13:26:00,CNR7288316172,Canceled by Driver,CID339420,Auto,Vijayanagar,Bellandur,,,Not Applicable,Customer related issue,Not Applicable,Not Applicable,973,Not Applicable,0,,
2024-07-14 05:57:00,CNR2952685363,Success,CID426637,Bike,Ulsoor,Peenya,154.0,135.0,Not Applicable,Not Applicable,No,Not Applicable,461,UPI,32,3.8,4.5
2024-07-15 12:05:00,CNR6585079053,Success,CID196761,Mini,Indiranagar,JP Nagar,259.0,140.0,Not Applicable,Not Applicable,No,Not Applicable,371,Credit Card,49,3.6,4.9
2024-07-14 19:05:00,CNR5795592625,Driver Not Found,CID797309,Auto,Rajajinagar,JP Nagar,,,Not Applicable,Not Applicable,Not Applicable,Not Applicable,425,Not Applicable,0,,
2024-07-15 20:27:00,CNR7247696992,Canceled by Driver,CID465327,Bike,Mysore Road,Bellandur,,,Not Applicable,Customer related issue,Not Applicable,Not Applicable,155,Not Applicable,0,,
2024-07-28 01:11:00,CNR7270516832,Success,CID484103,Mini,Kammanahalli,Varthur,98.0,25.0,Not Applicable,Not Applicable,No,Not Applicable,178,Cash,19,3.2,4.3
2024-07-20 17:18:00,CNR2013235800,Canceled by Customer,CID857821,Prime SUV,BTM Layout,Indiranagar,,,Driver is not moving towards pickup location,Not Applicable,Not Applicable,Not Applicable,301,Not Applicable,0,,
2024-07-03 15:59:00,CNR8052870207,Success,CID201344,Bike,Marathahalli,Devanahalli,210.0,65.0,Not Applicable,Not Applicable,No,Not Applicable,508,UPI,33,3.6,4.5
2024-07-24 00:22:00,CNR5259266150,Success,CID458834,Prime Sedan,Kengeri,BTM Layout,56.0,145.0,Not Applicable,Not Applicable,No,Not Applicable,802,Cash,42,4.3,4.3
2024-07-12 19:39:00,CNR5820066947,Success,CID202639,Bike,Majestic,Shivajinagar,266.0,135.0,Not Applicable,Not Applicable,No,Not Applicable,190,Cash,30,3.6,4.4
2024-07-23 07:40:00,CNR2103134833,Success,CID699190,Prime Sedan,Frazer Town,Majestic,287.0,115.0,Not Applicable,Not Applicable,No,Not Applicable,324,Cash,41,3.3,3.4
2024-07-09 20:41:00,CNR8078116363,Canceled by Driver,CID451619,Auto,Koramangala,Yeshwanthpur,,,Not Applicable,Customer was coughing/sick,Not Applicable,Not Applicable,231,Not Applicable,0,,
2024-07-27 14:44:00,CNR9110199477,Success,CID321347,eBike,Nagarbhavi,Hebbal,294.0,105.0,Not Applicable,Not Applicable,No,Not Applicable,250,Cash,37,4.0,3.1
2024-07-26 15:43:00,CNR3860640304,Success,CID149543,Prime Sedan,Sarjapur Road,Cox Town,56.0,110.0,Not Applicable,Not Applicable,No,Not Applicable,353,UPI,29,4.5,3.1
2024-07-01 13:51:00,CNR9742885827,Success,CID763007,eBike,Malleshwaram,Malleshwaram,133.0,75.0,Not Applicable,Not Applicable,No,Not Applicable,522,Cash,44,4.8,4.9
2024-07-06 09:19:00,CNR9671700118,Success,CID918419,Bike,Sahakar Nagar,Kadugodi,56.0,70.0,Not Applicable,Not Applicable,No,Not Applicable,280,UPI,13,4.6,3.1
2024-07-05 16:41:00,CNR6868289140,Success,CID418423,Mini,Rajajinagar,Mysore Road,210.0,30.0,Not Applicable,Not Applicable,No,Not Applicable,908,Cash,7,3.7,4.2
2024-07-11 20:57:00,CNR2157353267,Driver Not Found,CID408497,Prime Sedan,JP Nagar,Langford Town,,,Not Applicable,Not Applicable,Not Applicable,Not Applicable,291,Not Applicable,0,,
2024-07-27 19:05:00,CNR3737907086,Success,CID888770,Mini,Frazer Town,Frazer Town,266.0,30.0,Not Applicable,Not Applicable,No,Not Applicable,645,UPI,20,5.0,4.7
2024-07-29 05:27:00,CNR1500223911,Driver Not Found,CID421216,Prime Plus,Whitefield,Cox Town,,,Not Applicable,Not Applicable,Not Applicable,Not Applicable,353,Not Applicable,0,,
2024-07-29 11:25:00,CNR1112932343,Driver Not Found,CID794959,Mini,Banashankari,KR Puram,,,Not Applicable,Not Applicable,Not Applicable,Not Applicable,310,Not Applicable,0,,
2024-07-13 09:12:00,CNR1175697601,Success,CID566312,Prime SUV,Rajarajeshwari Nagar,Marathahalli,35.0,75.0,Not Applicable,Not Applicable,No,Not Applicable,239,UPI,34,4.6,3.7
2024-07-21 23:37:00,CNR3934923454,Success,CID122088,Prime SUV,Hosur Road,Vijayanagar,154.0,30.0,Not Applicable,Not Applicable,No,Not Applicable,165,Cash,13,3.2,3.6
2024-07-07 12:10:00,CNR7827346378,Success,CID443642,eBike,Kammanahalli,Hebbal,161.0,30.0,Not Applicable,Not Applicable,No,Not Applicable,962,Cash,19,4.9,3.0
2024-07-21 00:24:00,CNR5485500798,Success,CID789736,Prime SUV,Hulimavu,JP Nagar,105.0,95.0,Not Applicable,Not Applicable,No,Not Applicable,888,Cash,30,4.5,4.9
2024-07-15 05:47:00,CNR3451984079,Success,CID493197,Prime SUV,Hennur,BTM Layout,133.0,80.0,Not Applicable,Not Applicable,No,Not Applicable,283,UPI,49,4.0,4.0
2024-07-01 18:57:00,CNR6839616883,Success,CID278460,Mini,Whitefield,Indiranagar,84.0,140.0,Not Applicable,Not Applicable,No,Not Applicable,921,Cash,19,4.4,4.9
2024-07-09 03:41:00,CNR8286985343,Success,CID882931,eBike,Shantinagar,Bellandur,133.0,45.0,Not Applicable,Not Applicable,No,Not Applicable,505,Cash,1,3.4,3.2
2024-07-19 04:10:00,CNR3469824941,Success,CID551720,Prime SUV,Vijayanagar,MG Road,217.0,50.0,Not Applicable,Not Applicable,Yes,Other Issue,468,Cash,7,4.1,4.0
2024-07-26 00:23:00,CNR8084667357,Success,CID776621,Prime SUV,Jayanagar,Kammanahalli,147.0,105.0,Not Applicable,Not Applicable,No,Not Applicable,1945,Cash,47,4.6,3.8
2024-07-17 02:52:00,CNR6548531701,Success,CID372138,Bike,Bellandur,Rajarajeshwari Nagar,91.0,60.0,Not Applicable,Not Applicable,No,Not Applicable,215,UPI,30,4.7,4.3
2024-07-07 00:06:00,CNR6864671194,Success,CID981728,Auto,HSR Layout,Jayanagar,56.0,80.0,Not Applicable,Not Applicable,No,Not Applicable,427,UPI,9,4.0,3.5
2024-07-05 13:40:00,CNR4893287289,Success,CID229126,Mini,Yeshwanthpur,Richmond Town,308.0,140.0,Not Applicable,Not Applicable,No,Not Applicable,329,Cash,33,3.5,3.9
2024-07-22 17:59:00,CNR7161575578,Driver Not Found,CID742467,Bike,Ulsoor,Marathahalli,,,Not Applicable,Not Applicable,Not Applicable,Not Applicable,846,Not Applicable,0,,
2024-07-03 02:57:00,CNR7024116136,Canceled by Driver,CID857717,Auto,RT Nagar,Banashankari,,,Not Applicable,Personal & Car related issue,Not Applicable,Not Applicable,386,Not Applicable,0,,
2024-07-17 14:00:00,CNR8829587368,Success,CID669442,Mini,Hebbal,Shantinagar,77.0,50.0,Not Applicable,Not Applicable,No,Not Applicable,552,UPI,42,3.5,3.8
2024-07-04 13:30:00,CNR6356469573,Success,CID495578,Prime Plus,Vijayanagar,Bellandur,203.0,25.0,Not Applicable,Not Applicable,No,Not Applicable,419,Cash,42,3.0,3.5
2024-07-22 11:30:00,CNR3731266089,Canceled by Customer,CID211893,Prime Plus,Hosur Road,Devanahalli,,,Change of plans,Not Applicable,Not Applicable,Not Applicable,592,Not Applicable,0,,
2024-07-08 11:41:00,CNR8774452731,Driver Not Found,CID736376,Bike,Varthur,Banashankari,,,Not Applicable,Not Applicable,Not Applicable,Not Applicable,1626,Not Applicable,0,,
2024-07-30 08:07:00,CNR9361209611,Success,CID352436,Mini,Chickpet,Peenya,140.0,100.0,Not Applicable,Not Applicable,No,Not Applicable,997,UPI,44,3.2,3.9
2024-07-20 18:23:00,CNR4370229871,Success,CID273056,Prime Sedan,Tumkur Road,Basavanagudi,49.0,135.0,Not Applicable,Not Applicable,No,Not Applicable,398,UPI,2,3.7,4.2
2024-07-14 05:29:00,CNR9191066275,Success,CID268166,Prime Plus,Magadi Road,Shantinagar,42.0,130.0,Not Applicable,Not Applicable,No,Not Applicable,1856,UPI,6,3.2,3.2
2024-07-06 18:42:00,CNR6929509904,Success,CID114684,Prime Plus,Mysore Road,Whitefield,154.0,90.0,Not Applicable,Not Applicable,No,Not Applicable,335,Cash,4,3.8,4.7
2024-07-04 16:59:00,CNR4861202553,Success,CID959247,Prime Plus,Whitefield,Hulimavu,203.0,25.0,Not Applicable,Not Applicable,No,Not Applicable,251,Cash,12,3.7,4.8
2024-07-18 10:09:00,CNR8681452513,Canceled by Driver,CID723578,Prime Sedan,Sarjapur Road,HSR Layout,,,Not Applicable,Customer related issue,Not Applicable,Not Applicable,340,Not Applicable,0,,
2024-07-10 15:29:00,CNR2856073579,Success,CID498417,Prime SUV,Nagarbhavi,Bannerghatta Road,175.0,55.0,Not Applicable,Not Applicable,No,Not Applicable,148,Cash,4,4.9,4.3
2024-07-23 23:27:00,CNR9013443983,Success,CID737197,Prime SUV,Banashankari,Bellandur,294.0,35.0,Not Applicable,Not Applicable,No,Not Applicable,380,Credit Card,47,4.0,4.1
2024-07-12 02:07:00,CNR9486491115,Canceled by Driver,CID772563,Prime Sedan,Ramamurthy Nagar,Frazer Town,,,Not Applicable,More than permitted people in there,Not Applicable,Not Applicable,267,Not Applicable,0,,
2024-07-22 00:51:00,CNR1272219375,Success,CID317015,Prime SUV,Richmond Town,Malleshwaram,280.0,140.0,Not Applicable,Not Applicable,No,Not Applicable,205,UPI,20,3.9,3.9
2024-07-30 02:14:00,CNR2896233333,Driver Not Found,CID700025,Prime Sedan,Kammanahalli,Marathahalli,,,Not Applicable,Not Applicable,Not Applicable,Not Applicable,277,Not Applicable,0,,
2024-07-15 11:28:00,CNR8652166345,Canceled by Customer,CID841061,Prime Sedan,Shivajinagar,Mysore Road,,,Driver asked to cancel,Not Applicable,Not Applicable,Not Applicable,1074,Not Applicable,0,,
2024-07-05 05:10:00,CNR4916618750,Canceled by Driver,CID636044,eBike,Marathahalli,Yelahanka,,,Not Applicable,Personal & Car related issue,Not Applicable,Not Applicable,238,Not Applicable,0,,
2024-07-17 21:57:00,CNR7904706798,Success,CID250998,Mini,Mysore Road,Hulimavu,280.0,135.0,Not Applicable,Not Applicable,No,Not Applicable,928,Cash,10,4.0,3.4
2024-07-12 17:34:00,CNR2856594676,Success,CID154918,Prime Sedan,Malleshwaram,Whitefield,217.0,110.0,Not Applicable,Not Applicable,No,Not Applicable,152,Cash,29,4.6,3.6
2024-07-18 14:55:00,CNR5618710677,Canceled by Customer,CID218768,eBike,Yeshwanthpur,MG Road,,,Driver is not moving towards pickup location,Not Applicable,Not Applicable,Not Applicable,499,Not Applicable,0,,
2024-07-20 06:51:00,CNR7092674612,Success,CID105021,eBike,Koramangala,Koramangala,294.0,120.0,Not Applicable,Not Applicable,No,Not Applicable,270,Cash,48,3.5,3.7
2024-07-12 03:54:00,CNR7893629678,Success,CID127041,eBike,Rajarajeshwari Nagar,Majestic,203.0,40.0,Not Applicable,Not Applicable,No,Not Applicable,152,UPI,31,4.2,3.6
2024-07-07 13:46:00,CNR1687143303,Success,CID264954,Prime Sedan,Devanahalli,Devanahalli,133.0,65.0,Not Applicable,Not Applicable,No,Not Applicable,460,UPI,22,3.6,4.5
2024-07-18 18:57:00,CNR5934992044,Success,CID340507,eBike,BTM Layout,KR Puram,63.0,85.0,Not Applicable,Not Applicable,No,Not Applicable,405,Cash,18,4.6,3.5
2024-07-07 06:27:00,CNR7256611319,Success,CID759634,Prime Plus,Marathahalli,BTM Layout,63.0,145.0,Not Applicable,Not Applicable,No,Not Applicable,1326,UPI,11,4.4,3.8
2024-07-14 21:44:00,CNR8875118878,Canceled by Driver,CID203044,Mini,Whitefield,Chickpet,,,Not Applicable,Customer was coughing/sick,Not Applicable,Not Applicable,117,Not Applicable,0,,
2024-07-15 18:44:00,CNR3920335322,Success,CID391529,Bike,Hulimavu,MG Road,112.0,50.0,Not Applicable,Not Applicable,No,Not Applicable,950,Cash,42,4.5,4.0
2024-07-29 03:48:00,CNR1281913333,Success,CID293706,eBike,Peenya,Richmond Town,252.0,125.0,Not Applicable,Not Applicable,No,Not Applicable,445,Cash,9,3.2,3.7
2024-07-04 18:41:00,CNR3799523479,Success,CID580753,Bike,Padmanabhanagar,Hulimavu,217.0,75.0,Not Applicable,Not Applicable,No,Not Applicable,363,Cash,27,4.2,3.1
2024-07-27 06:48:00,CNR2482980077,Success,CID152111,Prime Plus,Bannerghatta Road,HSR Layout,266.0,105.0,Not Applicable,Not Applicable,No,Not Applicable,183,Cash,37,3.9,3.4
2024-07-19 15:19:00,CNR4521562866,Success,CID298943,eBike,BTM Layout,Indiranagar,133.0,130.0,Not Applicable,Not Applicable,No,Not Applicable,410,Cash,17,4.0,3.9
2024-07-26 10:08:00,CNR6394144522,Success,CID199122,Auto,Bannerghatta Road,Indiranagar,287.0,95.0,Not Applicable,Not Applicable,No,Not Applicable,468,Cash,19,4.4,3.6
2024-07-22 09:53:00,CNR7869684113,Driver Not Found,CID572899,Prime Sedan,Frazer Town,RT Nagar,,,Not Applicable,Not Applicable,Not Applicable,Not Applicable,174,Not Applicable,0,,
2024-07-10 10:22:00,CNR7848881282,Canceled by Customer,CID106658,Mini,Varthur,Rajarajeshwari Nagar,,,Driver is not moving towards pickup location,Not Applicable,Not Applicable,Not Applicable,147,Not Applicable,0,,
2024-07-30 04:15:00,CNR4477665908,Success,CID383483,Mini,Hosur Road,Whitefield,210.0,130.0,Not Applicable,Not Applicable,No,Not Applicable,434,Debit Card,10,3.7,3.5
2024-07-05 16:34:00,CNR1449311189,Success,CID566839,Prime Sedan,Electronic City,Kadugodi,147.0,90.0,Not Applicable,Not Applicable,No,Not Applicable,106,UPI,2,4.6,3.5
2024-07-09 15:16:00,CNR9039721445,Success,CID502325,Bike,Hennur,Kengeri,252.0,110.0,Not Applicable,Not Applicable,No,Not Applicable,1429,UPI,31,4.9,3.9
2024-07-26 18:26:00,CNR3849621006,Canceled by Driver,CID666015,Mini,Kammanahalli,Richmond Town,,,Not Applicable,Personal & Car related issue,Not Applicable,Not Applicable,199,Not Applicable,0,,
2024-07-05 23:31:00,CNR2012935681,Success,CID307954,Prime Plus,Hennur,Richmond Town,168.0,55.0,Not Applicable,Not Applicable,No,Not Applicable,114,Cash,43,4.0,4.8
2024-07-06 04:40:00,CNR2598008686,Success,CID728595,Auto,Yelahanka,Tumkur Road,175.0,90.0,Not Applicable,Not Applicable,No,Not Applicable,210,UPI,13,3.6,3.2
2024-07-01 01:44:00,CNR5433315325,Canceled by Customer,CID325427,Bike,Jayanagar,HSR Layout,,,Driver is not moving towards pickup location,Not Applicable,Not Applicable,Not Applicable,176,Not Applicable,0,,
2024-07-05 23:38:00,CNR5437541595,Success,CID711361,eBike,Yeshwanthpur,Peenya,308.0,145.0,Not Applicable,Not Applicable,No,Not Applicable,210,UPI,1,4.8,4.1
2024-07-12 01:40:00,CNR9443351489,Success,CID667476,eBike,Koramangala,Indiranagar,203.0,70.0,Not Applicable,Not Applicable,No,Not Applicable,383,UPI,15,3.5,4.7
2024-07-11 05:36:00,CNR9384855954,Driver Not Found,CID905816,Prime Plus,Kammanahalli,Hennur,,,Not Applicable,Not Applicable,Not Applicable,Not Applicable,176,Not Applicable,0,,
2024-07-28 22:33:00,CNR8666996960,Success,CID133705,Prime Plus,Rajajinagar,Basavanagudi,147.0,130.0,Not Applicable,Not Applicable,No,Not Applicable,359,UPI,15,3.4,4.4
2024-07-19 13:59:00,CNR7956153263,Success,CID896096,Auto,Nagarbhavi,Shantinagar,308.0,135.0,Not Applicable,Not Applicable,Yes,Vehicle Breakdown,378,Cash,1,3.9,3.7
2024-07-08 11:33:00,CNR7390890115,Canceled by Customer,CID662554,Prime SUV,Kengeri,Marathahalli,,,Change of plans,Not Applicable,Not Applicable,Not Applicable,2063,Not Applicable,0,,
2024-07-15 23:34:00,CNR6591653178,Success,CID980984,Prime Plus,Bannerghatta Road,BTM Layout,252.0,35.0,Not Applicable,Not Applicable,No,Not Applicable,744,Cash,47,3.3,4.1
2024-07-22 17:04:00,CNR8548999535,Driver Not Found,CID505446,Prime Sedan,Kengeri,Nagarbhavi,,,Not Applicable,Not Applicable,Not Applicable,Not Applicable,2452,Not Applicable,0,,
2024-07-15 13:18:00,CNR3811817519,Success,CID115774,Prime Plus,Whitefield,Marathahalli,105.0,130.0,Not Applicable,Not Applicable,No,Not Applicable,103,Debit Card,43,4.6,3.2
2024-07-18 23:39:00,CNR2789535655,Driver Not Found,CID783547,Prime SUV,MG Road,Rajajinagar,,,Not Applicable,Not Applicable,Not Applicable,Not Applicable,480,Not Applicable,0,,
2024-07-18 09:30:00,CNR4414589410,Canceled by Customer,CID465594,Auto,Hulimavu,Ramamurthy Nagar,,,Change of plans,Not Applicable,Not Applicable,Not Applicable,218,Not Applicable,0,,
2024-07-27 01:49:00,CNR1079555100,Success,CID856719,Prime Sedan,Shivajinagar,Sarjapur Road,224.0,120.0,Not Applicable,Not Applicable,No,Not Applicable,397,UPI,19,4.6,4.9
2024-07-06 10:44:00,CNR5229130220,Success,CID600788,Bike,KR Puram,Indiranagar,182.0,45.0,Not Applicable,Not Applicable,Yes,Other Issue,103,UPI,8,4.7,4.4
2024-07-07 21:25:00,CNR3947483347,Success,CID326852,Prime SUV,Marathahalli,Peenya,154.0,80.0,Not Applicable,Not Applicable,No,Not Applicable,207,UPI,35,4.0,4.6
2024-07-01 18:34:00,CNR2627665886,Canceled by Driver,CID991839,Prime Sedan,Hennur,Chickpet,,,Not Applicable,Personal & Car related issue,Not Applicable,Not Applicable,202,Not Applicable,0,,
2024-07-11 18:02:00,CNR2480611160,Success,CID435411,Bike,Cox Town,Banashankari,301.0,115.0,Not Applicable,Not Applicable,No,Not Applicable,180,Cash,34,4.7,4.0
2024-07-03 22:40:00,CNR7667843276,Canceled by Driver,CID722293,Bike,Varthur,Rajajinagar,,,Not Applicable,Customer related issue,Not Applicable,Not Applicable,630,Not Applicable,0,,
2024-07-06 02:09:00,CNR3110434600,Success,CID313774,eBike,Whitefield,Rajajinagar,266.0,75.0,Not Applicable,Not Applicable,No,Not Applicable,382,UPI,43,3.4,3.3
2024-07-13 04:55:00,CNR6362564331,Success,CID439637,Auto,Chamarajpet,Jayanagar,301.0,80.0,Not Applicable,Not Applicable,No,Not Applicable,135,Cash,12,4.9,4.5
2024-07-05 23:50:00,CNR7735077945,Canceled by Customer,CID640976,Prime Plus,Shivajinagar,RT Nagar,,,Driver asked to cancel,Not Applicable,Not Applicable,Not Applicable,1133,Not Applicable,0,,
2024-07-07 08:40:00,CNR3287589661,Success,CID201703,Mini,Rajarajeshwari Nagar,BTM Layout,126.0,70.0,Not Applicable,Not Applicable,No,Not Applicable,644,UPI,13,3.4,4.3
2024-07-21 07:14:00,CNR6530567080,Canceled by Customer,CID212104,Mini,Malleshwaram,HSR Layout,,,Driver asked to cancel,Not Applicable,Not Applicable,Not Applicable,894,Not Applicable,0,,
2024-07-26 19:25:00,CNR2827979303,Canceled by Driver,CID288374,Prime Plus,Padmanabhanagar,Ramamurthy Nagar,,,Not Applicable,Customer related issue,Not Applicable,Not Applicable,275,Not Applicable,0,,
2024-07-29 09:24:00,CNR8578392277,Success,CID677490,Prime Plus,Kengeri,Electronic City,154.0,120.0,Not Applicable,Not Applicable,Yes,Customer Demand,721,Cash,29,4.5,3.8
2024-07-13 22:17:00,CNR7881765871,Success,CID700086,Bike,Yeshwanthpur,Hosur Road,217.0,55.0,Not Applicable,Not Applicable,No,Not Applicable,412,Cash,5,4.5,3.2
2024-07-29 16:47:00,CNR5939474224,Success,CID650805,Auto,Bannerghatta Road,Cox Town,287.0,60.0,Not Applicable,Not Applicable,No,Not Applicable,847,Cash,1,5.0,4.2
2024-07-26 01:08:00,CNR8073378667,Success,CID354203,Mini,Koramangala,Whitefield,119.0,75.0,Not Applicable,Not Applicable,No,Not Applicable,179,Cash,6,3.4,3.6
2024-07-04 15:57:00,CNR5170698105,Success,CID560023,Bike,Hebbal,HSR Layout,98.0,55.0,Not Applicable,Not Applicable,No,Not Applicable,912,Cash,33,3.4,4.3
2024-07-10 00:52:00,CNR8000307144,Canceled by Driver,CID487481,Prime Plus,RT Nagar,Rajajinagar,,,Not Applicable,More than permitted people in there,Not Applicable,Not Applicable,196,Not Applicable,0,,
2024-07-13 08:38:00,CNR4342107593,Canceled by Driver,CID212068,Prime Sedan,BTM Layout,Kadugodi,,,Not Applicable,Personal & Car related issue,Not Applicable,Not Applicable,690,Not Applicable,0,,
2024-07-01 15:06:00,CNR2016641965,Driver Not Found,CID203080,Prime Sedan,Malleshwaram,Hosur Road,,,Not Applicable,Not Applicable,Not Applicable,Not Applicable,129,Not Applicable,0,,
2024-07-25 20:07:00,CNR8145856617,Success,CID308902,Auto,Richmond Town,Indiranagar,126.0,110.0,Not Applicable,Not Applicable,No,Not Applicable,105,UPI,12,3.7,4.5
2024-07-01 07:11:00,CNR6309789583,Success,CID127178,eBike,Basavanagudi,Yeshwanthpur,273.0,135.0,Not Applicable,Not Applicable,No,Not Applicable,121,UPI,1,3.9,4.0
2024-07-25 20:54:00,CNR7531876243,Success,CID132490,Auto,Bellandur,Yelahanka,161.0,95.0,Not Applicable,Not Applicable,No,Not Applicable,115,Cash,18,3.6,4.0
2024-07-26 16:46:00,CNR7211017686,Success,CID609731,Auto,Frazer Town,Kadugodi,301.0,95.0,Not Applicable,Not Applicable,No,Not Applicable,584,Cash,4,4.6,4.2
2024-07-06 13:34:00,CNR4483055598,Success,CID657551,Prime Sedan,Malleshwaram,Kengeri,238.0,70.0,Not Applicable,Not Applicable,Yes,Customer Demand,411,Cash,19,4.4,3.7
2024-07-26 17:57:00,CNR8906709104,Driver Not Found,CID237234,Bike,Bellandur,Bellandur,,,Not Applicable,Not Applicable,Not Applicable,Not Applicable,328,Not Applicable,0,,
2024-07-06 01:34:00,CNR9596526235,Success,CID745342,Prime Plus,Hosur Road,Ulsoor,147.0,145.0,Not Applicable,Not Applicable,No,Not Applicable,244,UPI,16,3.8,4.9
2024-07-27 20:49:00,CNR7866035451,Canceled by Customer,CID188627,Mini,Richmond Town,Banashankari,,,Change of plans,Not Applicable,Not Applicable,Not Applicable,375,Not Applicable,0,,
2024-07-02 05:15:00,CNR7599517235,Driver Not Found,CID711801,Prime Plus,Sahakar Nagar,Bannerghatta Road,,,Not Applicable,Not Applicable,Not Applicable,Not Applicable,153,Not Applicable,0,,
2024-07-21 21:08:00,CNR3506845383,Success,CID397654,Prime Sedan,Richmond Town,Langford Town,217.0,115.0,Not Applicable,Not Applicable,No,Not Applicable,1659,UPI,35,3.0,3.9
2024-07-15 04:36:00,CNR1049252282,Canceled by Customer,CID408185,Auto,MG Road,KR Puram,,,Driver is not moving towards pickup location,Not Applicable,Not Applicable,Not Applicable,134,Not Applicable,0,,
2024-07-06 17:35:00,CNR4427663931,Driver Not Found,CID408605,Prime Plus,KR Puram,Hennur,,,Not Applicable,Not Applicable,Not Applicable,Not Applicable,331,Not Applicable,0,,
2024-07-28 07:39:00,CNR6990125903,Canceled by Driver,CID455720,Prime Sedan,Langford Town,Malleshwaram,,,Not Applicable,Personal & Car related issue,Not Applicable,Not Applicable,174,Not Applicable,0,,
2024-07-05 06:59:00,CNR9466794173,Success,CID871548,Mini,Kengeri,Kengeri,147.0,65.0,Not Applicable,Not Applicable,No,Not Applicable,286,Cash,20,3.8,4.7
2024-07-12 03:32:00,CNR1525460991,Success,CID799171,Prime SUV,Hulimavu,BTM Layout,280.0,25.0,Not Applicable,Not Applicable,No,Not Applicable,269,UPI,43,3.7,3.5
2024-07-21 19:48:00,CNR7939500786,Success,CID347161,Prime SUV,RT Nagar,Sahakar Nagar,301.0,70.0,Not Applicable,Not Applicable,No,Not Applicable,989,Cash,23,4.5,3.4
2024-07-21 19:07:00,CNR1480256876,Success,CID800092,Mini,Tumkur Road,KR Puram,35.0,70.0,Not Applicable,Not Applicable,No,Not Applicable,342,Cash,15,3.6,4.1
2024-07-07 09:06:00,CNR4442058411,Driver Not Found,CID933834,Prime Plus,Chickpet,Magadi Road,,,Not Applicable,Not Applicable,Not Applicable,Not Applicable,394,Not Applicable,0,,
2024-07-08 15:38:00,CNR2679821821,Success,CID866456,Auto,Hebbal,Kadugodi,238.0,35.0,Not Applicable,Not Applicable,No,Not Applicable,475,Cash,9,4.0,4.0
2024-07-14 23:01:00,CNR9962085185,Canceled by Driver,CID713440,eBike,Bannerghatta Road,Chickpet,,,Not Applicable,Customer related issue,Not Applicable,Not Applicable,138,Not Applicable,0,,
2024-07-29 14:56:00,CNR3890034850,Success,CID317915,Prime Plus,Hennur,Whitefield,252.0,100.0,Not Applicable,Not Applicable,No,Not Applicable,431,Cash,43,4.9,3.7
2024-07-03 01:38:00,CNR8255722843,Success,CID225825,Prime Plus,Varthur,Electronic City,245.0,110.0,Not Applicable,Not Applicable,No,Not Applicable,119,Cash,21,3.8,4.7
2024-07-06 15:00:00,CNR7076126408,Success,CID224902,Mini,Hulimavu,Chickpet,147.0,25.0,Not Applicable,Not Applicable,No,Not Applicable,112,Cash,34,3.6,4.7
2024-07-08 22:18:00,CNR8647270874,Success,CID354476,Auto,Hosur Road,Ulsoor,203.0,60.0,Not Applicable,Not Applicable,Yes,Other Issue,788,Cash,19,4.4,4.9
2024-07-22 23:47:00,CNR4338935710,Success,CID187883,Prime SUV,Devanahalli,Shantinagar,182.0,135.0,Not Applicable,Not Applicable,No,Not Applicable,372,Cash,37,3.1,4.5
2024-07-19 09:30:00,CNR3778979605,Driver Not Found,CID642760,Auto,Banashankari,Ramamurthy Nagar,,,Not Applicable,Not Applicable,Not Applicable,Not Applicable,238,Not Applicable,0,,
2024-07-12 04:10:00,CNR5590455052,Success,CID978558,Bike,Cox Town,Yelahanka,168.0,95.0,Not Applicable,Not Applicable,Yes,Vehicle Breakdown,335,Cash,11,4.8,4.5
2024-07-13 08:04:00,CNR7991556537,Success,CID321300,Prime Plus,Tumkur Road,Chamarajpet,35.0,115.0,Not Applicable,Not Applicable,No,Not Applicable,295,UPI,18,3.2,4.0
2024-07-27 07:28:00,CNR2129666017,Driver Not Found,CID462183,Prime SUV,Devanahalli,Rajarajeshwari Nagar,,,Not Applicable,Not Applicable,Not Applicable,Not Applicable,901,Not Applicable,0,,
2024-07-28 06:31:00,CNR7682596682,Success,CID895404,Prime Sedan,Peenya,Yelahanka,294.0,135.0,Not Applicable,Not Applicable,No,Not Applicable,779,Cash,33,4.8,4.5
2024-07-12 03:47:00,CNR8789189813,Canceled by Driver,CID160442,Auto,Hosur Road,Rajarajeshwari Nagar,,,Not Applicable,Customer related issue,Not Applicable,Not Applicable,159,Not Applicable,0,,
2024-07-21 23:44:00,CNR2184730023,Success,CID387927,Prime SUV,Chickpet,Varthur,49.0,55.0,Not Applicable,Not Applicable,No,Not Applicable,649,Cash,43,3.9,4.6
2024-07-27 17:03:00,CNR4729492481,Success,CID981429,Prime Sedan,Hulimavu,JP Nagar,91.0,65.0,Not Applicable,Not Applicable,No,Not Applicable,910,UPI,5,3.8,3.2
2024-07-13 06:22:00,CNR7694580482,Success,CID202528,Prime Plus,Jayanagar,Varthur,98.0,85.0,Not Applicable,Not Applicable,No,Not Applicable,337,Cash,44,4.5,4.1
2024-07-20 07:00:00,CNR3041137153,Canceled by Driver,CID732023,eBike,Majestic,Tumkur Road,,,Not Applicable,Customer related issue,Not Applicable,Not Applicable,476,Not Applicable,0,,
2024-07-22 08:33:00,CNR8959397173,Canceled by Driver,CID117184,Bike,Hulimavu,Padmanabhanagar,,,Not Applicable,Customer was coughing/sick,Not Applicable,Not Applicable,994,Not Applicable,0,,
2024-07-12 06:31:00,CNR5384074617,Canceled by Driver,CID118548,eBike,Rajarajeshwari Nagar,Frazer Town,,,Not Applicable,Personal & Car related issue,Not Applicable,Not Applicable,133,Not Applicable,0,,
2024-07-16 16:14:00,CNR3464215448,Success,CID905998,Prime Sedan,Mysore Road,BTM Layout,168.0,65.0,Not Applicable,Not Applicable,No,Not Applicable,984,Cash,7,5.0,4.3
2024-07-17 17:57:00,CNR2096474570,Driver Not Found,CID140648,Auto,Mysore Road,Mysore Road,,,Not Applicable,Not Applicable,Not Applicable,Not Applicable,393,Not Applicable,0,,
2024-07-21 08:21:00,CNR7235684526,Success,CID431828,Prime Plus,Bannerghatta Road,Bannerghatta Road,84.0,130.0,Not Applicable,Not Applicable,No,Not Applicable,233,Credit Card,34,3.2,3.5
2024-07-06 06:46:00,CNR2193464124,Success,CID896572,Prime Plus,KR Puram,Sahakar Nagar,56.0,145.0,Not Applicable,Not Applicable,No,Not Applicable,129,UPI,38,4.5,3.0
2024-07-03 01:05:00,CNR5221955084,Success,CID420386,Prime Plus,Majestic,Vijayanagar,63.0,95.0,Not Applicable,Not Applicable,No,Not Applicable,872,UPI,28,3.2,3.9
2024-07-24 12:29:00,CNR9116670692,Driver Not Found,CID683066,Auto,Richmond Town,Majestic,,,Not Applicable,Not Applicable,Not Applicable,Not Applicable,2393,Not Applicable,0,,
2024-07-22 13:58:00,CNR3123353971,Canceled by Customer,CID997075,Prime Plus,Shivajinagar,Vijayanagar,,,Change of plans,Not Applicable,Not Applicable,Not Applicable,619,Not Applicable,0,,
2024-07-14 21:22:00,CNR7104181414,Success,CID844959,Bike,Yeshwanthpur,Peenya,140.0,70.0,Not Applicable,Not Applicable,No,Not Applicable,462,Cash,33,4.9,3.7
2024-07-22 15:56:00,CNR6536810279,Success,CID395231,Prime Plus,Basavanagudi,Hosur Road,189.0,85.0,Not Applicable,Not Applicable,No,Not Applicable,645,Cash,32,3.2,4.2
2024-07-15 05:22:00,CNR1105717753,Success,CID197882,eBike,Chickpet,Mysore Road,84.0,130.0,Not Applicable,Not Applicable,No,Not Applicable,478,Cash,2,3.4,3.5
2024-07-30 23:44:00,CNR4130596517,Canceled by Driver,CID684517,Auto,Kammanahalli,Hulimavu,,,Not Applicable,Personal & Car related issue,Not Applicable,Not Applicable,327,Not Applicable,0,,
2024-07-30 23:27:00,CNR1851200028,Success,CID244850,Bike,Ramamurthy Nagar,Jayanagar,231.0,120.0,Not Applicable,Not Applicable,No,Not Applicable,232,Credit Card,1,4.4,3.5
2024-07-25 23:53:00,CNR5648029483,Success,CID347178,Prime SUV,Ulsoor,Basavanagudi,266.0,70.0,Not Applicable,Not Applicable,No,Not Applicable,225,Cash,30,3.0,4.4
2024-07-18 18:37:00,CNR3159761023,Success,CID206000,Prime Plus,Yelahanka,Koramangala,98.0,125.0,Not Applicable,Not Applicable,No,Not Applicable,893,Debit Card,28,3.4,3.5
2024-07-20 09:09:00,CNR2465920823,Canceled by Driver,CID111268,Prime Plus,Kengeri,Banashankari,,,Not Applicable,Customer was coughing/sick,Not Applicable,Not Applicable,1428,Not Applicable,0,,
2024-07-15 20:52:00,CNR1642670228,Success,CID640401,Prime Sedan,Kadugodi,Kengeri,252.0,80.0,Not Applicable,Not Applicable,No,Not Applicable,268,Cash,5,3.5,3.1
2024-07-28 17:59:00,CNR1372436464,Canceled by Customer,CID289005,Prime Sedan,Shantinagar,Kengeri,,,Change of plans,Not Applicable,Not Applicable,Not Applicable,147,Not Applicable,0,,
2024-07-16 14:52:00,CNR2682477237,Success,CID777453,eBike,Tumkur Road,Chickpet,42.0,120.0,Not Applicable,Not Applicable,No,Not Applicable,514,UPI,6,3.2,4.6
2024-07-04 19:03:00,CNR8061873855,Canceled by Customer,CID816746,eBike,Hosur Road,Kengeri,,,AC is Not working,Not Applicable,Not Applicable,Not Applicable,261,Not Applicable,0,,
2024-07-01 10:29:00,CNR4665418666,Canceled by Customer,CID256433,Prime SUV,Jayanagar,Hennur,,,Change of plans,Not Applicable,Not Applicable,Not Applicable,306,Not Applicable,0,,
2024-07-04 21:13:00,CNR4304007932,Canceled by Customer,CID839335,eBike,Basavanagudi,Sahakar Nagar,,,Wrong Address,Not Applicable,Not Applicable,Not Applicable,401,Not Applicable,0,,
2024-07-30 03:33:00,CNR8176310036,Success,CID189124,Prime Sedan,Kadugodi,KR Puram,98.0,45.0,Not Applicable,Not Applicable,No,Not Applicable,275,Cash,36,3.6,3.7
2024-07-09 18:00:00,CNR9871127729,Success,CID621015,Prime Plus,Hennur,Chickpet,140.0,25.0,Not Applicable,Not Applicable,No,Not Applicable,296,Cash,1,3.4,3.8
2024-07-06 23:55:00,CNR4141324006,Canceled by Driver,CID542847,Prime SUV,Banashankari,Ramamurthy Nagar,,,Not Applicable,Customer was coughing/sick,Not Applicable,Not Applicable,655,Not Applicable,0,,
2024-07-26 04:31:00,CNR1983207065,Success,CID918956,Prime Sedan,Hebbal,Ulsoor,203.0,105.0,Not Applicable,Not Applicable,No,Not Applicable,993,UPI,34,4.4,3.5
2024-07-21 20:05:00,CNR7406663268,Canceled by Customer,CID639111,Mini,Electronic City,Varthur,,,AC is Not working,Not Applicable,Not Applicable,Not Applicable,137,Not Applicable,0,,
2024-07-15 21:16:00,CNR4744212113,Canceled by Driver,CID897433,Auto,Hosur Road,Hennur,,,Not Applicable,Customer was coughing/sick,Not Applicable,Not Applicable,205,Not Applicable,0,,
2024-07-15 06:35:00,CNR2540018891,Canceled by Driver,CID930083,eBike,BTM Layout,Yelahanka,,,Not Applicable,More than permitted people in there,Not Applicable,Not Applicable,361,Not Applicable,0,,
2024-07-05 00:18:00,CNR1276500744,Success,CID295325,Prime Sedan,Whitefield,Hulimavu,91.0,40.0,Not Applicable,Not Applicable,No,Not Applicable,1391,Cash,4,4.8,4.1
2024-07-15 17:24:00,CNR3951255893,Success,CID523404,Prime SUV,Koramangala,Frazer Town,105.0,110.0,Not Applicable,Not Applicable,No,Not Applicable,310,UPI,4,3.8,4.9
2024-07-20 08:51:00,CNR9193038211,Driver Not Found,CID510759,eBike,Shantinagar,Frazer Town,,,Not Applicable,Not Applicable,Not Applicable,Not Applicable,2669,Not Applicable,0,,
2024-07-01 04:17:00,CNR4146324563,Success,CID572238,Auto,Banashankari,Devanahalli,224.0,35.0,Not Applicable,Not Applicable,No,Not Applicable,803,Cash,3,4.2,4.8
2024-07-21 16:50:00,CNR4227169843,Success,CID315196,Bike,Kengeri,Yeshwanthpur,49.0,25.0,Not Applicable,Not Applicable,No,Not Applicable,177,Cash,34,4.8,3.1
2024-07-03 19:50:00,CNR1019817412,Success,CID468525,Prime SUV,Whitefield,HSR Layout,161.0,70.0,Not Applicable,Not Applicable,No,Not Applicable,345,Cash,5,3.3,4.5
2024-07-29 20:29:00,CNR5329236566,Success,CID534244,Prime Sedan,Ramamurthy Nagar,Peenya,35.0,140.0,Not Applicable,Not Applicable,No,Not Applicable,582,UPI,34,4.2,4.1
2024-07-05 19:48:00,CNR5553294359,Canceled by Driver,CID232951,Mini,Banashankari,Hennur,,,Not Applicable,Customer was coughing/sick,Not Applicable,Not Applicable,419,Not Applicable,0,,
2024-07-27 18:21:00,CNR2726390173,Success,CID398225,Prime SUV,Koramangala,Mysore Road,147.0,100.0,Not Applicable,Not Applicable,No,Not Applicable,806,Cash,15,4.3,3.5
2024-07-10 05:01:00,CNR4954899705,Success,CID374628,Prime Sedan,Peenya,Indiranagar,210.0,115.0,Not Applicable,Not Applicable,No,Not Applicable,253,UPI,15,4.0,3.9
2024-07-28 12:34:00,CNR4361779059,Driver Not Found,CID353317,Auto,Kammanahalli,RT Nagar,,,Not Applicable,Not Applicable,Not Applicable,Not Applicable,920,Not Applicable,0,,
2024-07-08 23:17:00,CNR3800474097,Canceled by Driver,CID299654,Mini,Cox Town,Hebbal,,,Not Applicable,More than permitted people in there,Not Applicable,Not Applicable,198,Not Applicable,0,,
2024-07-09 13:16:00,CNR9619119986,Driver Not Found,CID967480,Prime Plus,Hebbal,Chickpet,,,Not Applicable,Not Applicable,Not Applicable,Not Applicable,507,Not Applicable,0,,
2024-07-10 22:42:00,CNR1036276768,Success,CID541184,Prime Plus,JP Nagar,Ulsoor,252.0,100.0,Not Applicable,Not Applicable,No,Not Applicable,235,UPI,24,3.6,4.2
2024-07-28 05:49:00,CNR5845767331,Success,CID152788,Prime Sedan,Tumkur Road,Mysore Road,189.0,125.0,Not Applicable,Not Applicable,No,Not Applicable,108,UPI,7,4.0,4.0
2024-07-17 04:07:00,CNR1659936162,Canceled by Customer,CID551473,Prime Sedan,Hulimavu,Hosur Road,,,Driver asked to cancel,Not Applicable,Not Applicable,Not Applicable,1883,Not Applicable,0,,
2024-07-12 10:29:00,CNR7010911535,Success,CID792634,Prime SUV,HSR Layout,Cox Town,35.0,25.0,Not Applicable,Not Applicable,No,Not Applicable,291,Cash,24,4.7,3.5
2024-07-30 06:07:00,CNR7330502068,Success,CID167857,Prime SUV,Varthur,Kadugodi,217.0,130.0,Not Applicable,Not Applicable,No,Not Applicable,260,Cash,26,4.0,4.0
2024-07-01 12:19:00,CNR3268668389,Success,CID862779,Mini,Mysore Road,Shantinagar,224.0,100.0,Not Applicable,Not Applicable,No,Not Applicable,311,Cash,17,4.1,3.2
2024-07-10 01:57:00,CNR6339158098,Success,CID225622,Prime Sedan,Tumkur Road,Indiranagar,252.0,105.0,Not Applicable,Not Applicable,No,Not Applicable,933,UPI,27,4.3,3.1
2024-07-28 01:06:00,CNR1855411750,Driver Not Found,CID612587,eBike,Kammanahalli,Chamarajpet,,,Not Applicable,Not Applicable,Not Applicable,Not Applicable,2087,Not Applicable,0,,
2024-07-22 02:57:00,CNR8469489804,Success,CID658340,Mini,Padmanabhanagar,Padmanabhanagar,245.0,25.0,Not Applicable,Not Applicable,No,Not Applicable,1304,UPI,24,3.7,4.6
2024-07-05 21:46:00,CNR2146136282,Canceled by Driver,CID399151,Bike,Frazer Town,Hennur,,,Not Applicable,Customer related issue,Not Applicable,Not Applicable,401,Not Applicable,0,,
2024-07-19 20:17:00,CNR6561187283,Canceled by Driver,CID580302,eBike,Ulsoor,Majestic,,,Not Applicable,Customer was coughing/sick,Not Applicable,Not Applicable,296,Not Applicable,0,,
2024-07-19 03:43:00,CNR2451508053,Success,CID506371,Mini,Devanahalli,HSR Layout,70.0,60.0,Not Applicable,Not Applicable,No,Not Applicable,150,Cash,45,4.6,3.2
2024-07-30 09:52:00,CNR2511799285,Success,CID727799,Auto,Vijayanagar,Chickpet,196.0,80.0,Not Applicable,Not Applicable,No,Not Applicable,321,UPI,5,3.9,3.1
2024-07-20 10:04:00,CNR2032887670,Canceled by Driver,CID989504,Prime SUV,Whitefield,Ramamurthy Nagar,,,Not Applicable,Customer related issue,Not Applicable,Not Applicable,1679,Not Applicable,0,,
2024-07-28 05:08:00,CNR1093244578,Success,CID273034,Prime Sedan,Koramangala,Mysore Road,224.0,70.0,Not Applicable,Not Applicable,No,Not Applicable,996,UPI,33,4.5,3.4
2024-07-13 10:26:00,CNR1671064047,Success,CID443821,Auto,Hennur,RT Nagar,238.0,80.0,Not Applicable,Not Applicable,No,Not Applicable,849,Cash,8,3.4,3.9
2024-07-05 06:58:00,CNR8508936732,Success,CID222401,Auto,Tumkur Road,Vijayanagar,266.0,85.0,Not Applicable,Not Applicable,No,Not Applicable,252,UPI,11,4.2,3.5
2024-07-05 12:39:00,CNR8396038522,Success,CID677083,Prime Plus,Hulimavu,Cox Town,196.0,105.0,Not Applicable,Not Applicable,No,Not Applicable,308,Cash,34,3.1,3.6
2024-07-21 21:32:00,CNR8933683415,Success,CID595887,Prime Sedan,Tumkur Road,Sarjapur Road,308.0,55.0,Not Applicable,Not Applicable,No,Not Applicable,205,UPI,33,3.8,3.7
2024-07-14 23:33:00,CNR3351696860,Success,CID914050,Bike,Yelahanka,Electronic City,301.0,115.0,Not Applicable,Not Applicable,No,Not Applicable,440,Cash,41,3.6,4.2
2024-07-10 07:56:00,CNR1385149425,Canceled by Customer,CID201162,Mini,Varthur,Cox Town,,,Wrong Address,Not Applicable,Not Applicable,Not Applicable,396,Not Applicable,0,,
2024-07-26 07:19:00,CNR5836822172,Success,CID223956,Mini,HSR Layout,Kengeri,231.0,30.0,Not Applicable,Not Applicable,No,Not Applicable,426,UPI,15,4.6,4.5
2024-07-27 20:29:00,CNR4129002740,Canceled by Driver,CID597195,Auto,Bannerghatta Road,Richmond Town,,,Not Applicable,Customer was coughing/sick,Not Applicable,Not Applicable,492,Not Applicable,0,,
2024-07-06 04:43:00,CNR6070319986,Canceled by Driver,CID733719,Mini,BTM Layout,Whitefield,,,Not Applicable,Customer was coughing/sick,Not Applicable,Not Applicable,412,Not Applicable,0,,
2024-07-24 20:47:00,CNR8611952332,Success,CID288953,eBike,Kammanahalli,Varthur,189.0,100.0,Not Applicable,Not Applicable,No,Not Applicable,241,Cash,48,3.4,3.7
2024-07-17 04:40:00,CNR5805021903,Success,CID615794,Prime Sedan,Chickpet,KR Puram,161.0,140.0,Not Applicable,Not Applicable,No,Not Applicable,2772,Cash,43,3.3,3.9
2024-07-13 07:50:00,CNR2570297660,Success,CID216235,Auto,HSR Layout,Sarjapur Road,147.0,105.0,Not Applicable,Not Applicable,No,Not Applicable,817,UPI,3,4.4,4.3
2024-07-01 18:37:00,CNR1609089071,Success,CID819347,Auto,Koramangala,HSR Layout,245.0,135.0,Not Applicable,Not Applicable,No,Not Applicable,898,UPI,14,3.5,4.0
2024-07-08 15:51:00,CNR7260963685,Success,CID165405,Bike,Malleshwaram,Koramangala,112.0,45.0,Not Applicable,Not Applicable,No,Not Applicable,147,UPI,1,3.7,4.8
2024-07-19 08:31:00,CNR6744429499,Success,CID715114,Prime SUV,KR Puram,Frazer Town,189.0,45.0,Not Applicable,Not Applicable,No,Not Applicable,435,UPI,49,3.5,4.3
2024-07-03 21:29:00,CNR7889199362,Success,CID246954,eBike,Ramamurthy Nagar,HSR Layout,133.0,140.0,Not Applicable,Not Applicable,No,Not Applicable,376,UPI,32,5.0,4.8
2024-07-11 17:10:00,CNR5706704499,Canceled by Driver,CID541600,eBike,Shivajinagar,Cox Town,,,Not Applicable,Customer related issue,Not Applicable,Not Applicable,608,Not Applicable,0,,
2024-07-27 14:03:00,CNR9548018707,Canceled by Customer,CID742407,Prime Sedan,Chamarajpet,Banashankari,,,Change of plans,Not Applicable,Not Applicable,Not Applicable,191,Not Applicable,0,,
2024-07-12 16:22:00,CNR4422499163,Success,CID288317,Auto,Devanahalli,Kadugodi,175.0,30.0,Not Applicable,Not Applicable,No,Not Applicable,923,Cash,10,3.6,3.4
2024-07-25 11:24:00,CNR3117468909,Success,CID651057,Auto,Bellandur,Malleshwaram,273.0,45.0,Not Applicable,Not Applicable,No,Not Applicable,193,Cash,7,4.3,4.0
2024-07-28 03:29:00,CNR7364553114,Canceled by Customer,CID904685,eBike,Devanahalli,Padmanabhanagar,,,Driver is not moving towards pickup location,Not Applicable,Not Applicable,Not Applicable,772,Not Applicable,0,,
2024-07-14 05:35:00,CNR5412558015,Success,CID147575,Prime SUV,Frazer Town,Devanahalli,224.0,65.0,Not Applicable,Not Applicable,No,Not Applicable,983,UPI,41,4.4,3.6
2024-07-17 22:26:00,CNR9825141275,Success,CID559583,Bike,Cox Town,Kengeri,161.0,65.0,Not Applicable,Not Applicable,No,Not Applicable,744,Cash,45,4.9,4.3
2024-07-24 19:25:00,CNR9942104923,Canceled by Customer,CID244002,Bike,Chickpet,Vijayanagar,,,Driver is not moving towards pickup location,Not Applicable,Not Applicable,Not Applicable,134,Not Applicable,0,,
2024-07-11 20:09:00,CNR4696306571,Success,CID230825,Prime Sedan,Whitefield,Mysore Road,266.0,45.0,Not Applicable,Not Applicable,No,Not Applicable,1420,Debit Card,18,4.0,4.2
2024-07-01 23:03:00,CNR1127862195,Canceled by Driver,CID140225,Prime Plus,Yeshwanthpur,Magadi Road,,,Not Applicable,Personal & Car related issue,Not Applicable,Not Applicable,322,Not Applicable,0,,
2024-07-28 19:04:00,CNR4377846355,Success,CID228804,Auto,Malleshwaram,Chamarajpet,308.0,50.0,Not Applicable,Not Applicable,No,Not Applicable,870,Cash,2,3.4,3.8
2024-07-16 06:36:00,CNR3608282994,Success,CID448945,Auto,Rajajinagar,Yeshwanthpur,294.0,65.0,Not Applicable,Not Applicable,No,Not Applicable,126,Cash,17,4.6,4.4
2024-07-22 20:02:00,CNR3060089451,Success,CID355327,Prime Sedan,Kadugodi,Hosur Road,49.0,135.0,Not Applicable,Not Applicable,No,Not Applicable,173,Cash,8,3.3,4.6
2024-07-16 07:37:00,CNR1405815779,Success,CID403246,Bike,Yelahanka,Varthur,266.0,130.0,Not Applicable,Not Applicable,No,Not Applicable,1152,Cash,32,3.7,4.6
2024-07-06 14:55:00,CNR7631102287,Canceled by Driver,CID661520,Auto,BTM Layout,Shivajinagar,,,Not Applicable,Customer related issue,Not Applicable,Not Applicable,182,Not Applicable,0,,
2024-07-05 18:39:00,CNR6304284409,Success,CID581951,Auto,Jayanagar,Indiranagar,210.0,120.0,Not Applicable,Not Applicable,No,Not Applicable,890,Cash,11,3.8,4.4
2024-07-24 10:43:00,CNR9609947431,Canceled by Driver,CID223105,Prime SUV,Shantinagar,KR Puram,,,Not Applicable,Customer was coughing/sick,Not Applicable,Not Applicable,444,Not Applicable,0,,
2024-07-25 06:24:00,CNR5961151929,Success,CID499003,Bike,Tumkur Road,Frazer Town,224.0,85.0,Not Applicable,Not Applicable,No,Not Applicable,347,Cash,20,4.5,3.9
2024-07-23 13:58:00,CNR3437520469,Success,CID448927,Prime Plus,HSR Layout,Hosur Road,294.0,30.0,Not Applicable,Not Applicable,No,Not Applicable,154,UPI,21,3.2,4.9
2024-07-07 13:59:00,CNR3797500680,Success,CID801562,Prime Sedan,Rajarajeshwari Nagar,Frazer Town,301.0,80.0,Not Applicable,Not Applicable,No,Not Applicable,260,UPI,33,4.3,3.5
2024-07-23 18:46:00,CNR4573843225,Success,CID938369,Prime Plus,Ramamurthy Nagar,Hennur,301.0,130.0,Not Applicable,Not Applicable,No,Not Applicable,348,Cash,40,4.3,3.2
2024-07-28 09:41:00,CNR2193239956,Success,CID929733,Prime SUV,Magadi Road,Mysore Road,119.0,35.0,Not Applicable,Not Applicable,No,Not Applicable,499,UPI,9,4.0,4.3
2024-07-30 23:26:00,CNR4172025589,Success,CID319010,Mini,Hebbal,Rajajinagar,210.0,70.0,Not Applicable,Not Applicable,No,Not Applicable,287,UPI,39,3.5,4.7
2024-07-17 09:47:00,CNR6244141696,Success,CID233641,Prime Plus,BTM Layout,Majestic,168.0,70.0,Not Applicable,Not Applicable,No,Not Applicable,537,Cash,33,3.8,3.6
2024-07-10 19:43:00,CNR7402012639,Driver Not Found,CID523526,Prime Plus,Tumkur Road,Jayanagar,,,Not Applicable,Not Applicable,Not Applicable,Not Applicable,602,Not Applicable,0,,
2024-07-14 03:01:00,CNR4144400604,Success,CID722506,eBike,Hebbal,Chamarajpet,231.0,40.0,Not Applicable,Not Applicable,Yes,Vehicle Breakdown,2645,Cash,5,3.4,4.2
2024-07-01 12:43:00,CNR3230041753,Success,CID413825,eBike,Varthur,RT Nagar,35.0,85.0,Not Applicable,Not Applicable,No,Not Applicable,214,Credit Card,18,4.1,3.9
2024-07-30 09:16:00,CNR5520049601,Success,CID834095,Bike,Indiranagar,Rajajinagar,112.0,65.0,Not Applicable,Not Applicable,No,Not Applicable,261,UPI,48,3.9,4.1
2024-07-01 14:06:00,CNR5500137443,Canceled by Driver,CID402558,Bike,Hulimavu,Hosur Road,,,Not Applicable,Personal & Car related issue,Not Applicable,Not Applicable,385,Not Applicable,0,,
2024-07-06 17:13:00,CNR9101947419,Driver Not Found,CID416405,Prime SUV,RT Nagar,Richmond Town,,,Not Applicable,Not Applicable,Not Applicable,Not Applicable,163,Not Applicable,0,,
2024-07-13 07:53:00,CNR1668501410,Success,CID499383,Mini,Chickpet,Indiranagar,147.0,50.0,Not Applicable,Not Applicable,No,Not Applicable,469,Cash,45,3.5,3.8
2024-07-01 13:17:00,CNR4260965178,Success,CID527750,Prime SUV,Basavanagudi,Rajajinagar,77.0,135.0,Not Applicable,Not Applicable,No,Not Applicable,150,UPI,17,4.5,4.1
2024-07-27 10:49:00,CNR4852375337,Success,CID835581,Prime Plus,Hennur,BTM Layout,70.0,120.0,Not Applicable,Not Applicable,No,Not Applicable,171,UPI,34,4.8,3.7
2024-07-17 15:34:00,CNR4226777975,Success,CID717380,Auto,BTM Layout,Devanahalli,266.0,125.0,Not Applicable,Not Applicable,No,Not Applicable,370,UPI,15,4.5,4.6
2024-07-08 04:52:00,CNR7480826765,Success,CID988377,eBike,KR Puram,RT Nagar,266.0,145.0,Not Applicable,Not Applicable,No,Not Applicable,884,UPI,29,3.5,3.1
2024-07-27 14:09:00,CNR2605839701,Canceled by Driver,CID877429,eBike,Padmanabhanagar,Rajajinagar,,,Not Applicable,Customer related issue,Not Applicable,Not Applicable,1714,Not Applicable,0,,
2024-07-09 01:41:00,CNR9706941098,Success,CID902279,eBike,Rajarajeshwari Nagar,MG Road,161.0,85.0,Not Applicable,Not Applicable,No,Not Applicable,2201,UPI,6,3.6,4.6
2024-07-25 23:35:00,CNR5141192932,Canceled by Driver,CID817097,eBike,Varthur,Tumkur Road,,,Not Applicable,Customer was coughing/sick,Not Applicable,Not Applicable,911,Not Applicable,0,,
2024-07-22 15:06:00,CNR1069683168,Driver Not Found,CID101891,Prime Sedan,Basavanagudi,Basavanagudi,,,Not Applicable,Not Applicable,Not Applicable,Not Applicable,231,Not Applicable,0,,
2024-07-20 21:14:00,CNR5678045421,Success,CID458514,Auto,Ramamurthy Nagar,Chamarajpet,189.0,95.0,Not Applicable,Not Applicable,No,Not Applicable,962,UPI,14,4.7,3.9
2024-07-25 10:03:00,CNR5917952764,Canceled by Driver,CID952484,eBike,Hennur,Sahakar Nagar,,,Not Applicable,Customer related issue,Not Applicable,Not Applicable,467,Not Applicable,0,,
2024-07-18 16:09:00,CNR7482951325,Success,CID649930,Prime Plus,Varthur,Banashankari,224.0,120.0,Not Applicable,Not Applicable,No,Not Applicable,709,UPI,44,3.4,4.0
2024-07-15 06:21:00,CNR1153591746,Success,CID710895,Prime Sedan,Sarjapur Road,Vijayanagar,42.0,140.0,Not Applicable,Not Applicable,No,Not Applicable,400,UPI,4,4.1,4.3
2024-07-21 22:48:00,CNR7738670927,Canceled by Driver,CID850997,Prime Sedan,Sahakar Nagar,Ulsoor,,,Not Applicable,More than permitted people in there,Not Applicable,Not Applicable,486,Not Applicable,0,,
2024-07-09 02:48:00,CNR2819664966,Driver Not Found,CID782719,Prime Sedan,Vijayanagar,RT Nagar,,,Not Applicable,Not Applicable,Not Applicable,Not Applicable,151,Not Applicable,0,,
2024-07-30 05:12:00,CNR2511544675,Success,CID355244,Auto,Bellandur,Sahakar Nagar,308.0,80.0,Not Applicable,Not Applicable,No,Not Applicable,647,Cash,4,3.3,4.3
2024-07-15 21:46:00,CNR7765436165,Success,CID601795,Mini,MG Road,RT Nagar,238.0,120.0,Not Applicable,Not Applicable,No,Not Applicable,562,UPI,44,3.1,4.9
2024-07-15 13:52:00,CNR5255903307,Driver Not Found,CID979259,Auto,Ulsoor,Vijayanagar,,,Not Applicable,Not Applicable,Not Applicable,Not Applicable,349,Not Applicable,0,,
2024-07-18 01:05:00,CNR5696464815,Canceled by Driver,CID997626,Prime Sedan,Yeshwanthpur,Hosur Road,,,Not Applicable,Customer related issue,Not Applicable,Not Applicable,467,Not Applicable,0,,
2024-07-28 14:35:00,CNR9203121814,Success,CID453880,Prime Plus,Bellandur,Devanahalli,154.0,100.0,Not Applicable,Not Applicable,No,Not Applicable,572,Cash,7,4.3,3.6
2024-07-23 23:50:00,CNR2514807335,Success,CID241962,Auto,Nagarbhavi,Chamarajpet,280.0,135.0,Not Applicable,Not Applicable,No,Not Applicable,471,Cash,9,4.1,4.2
2024-07-04 22:12:00,CNR5063063520,Success,CID821825,Bike,Chickpet,MG Road,231.0,110.0,Not Applicable,Not Applicable,No,Not Applicable,783,UPI,2,3.9,3.5
2024-07-17 03:56:00,CNR4765531839,Success,CID692849,Prime Sedan,Basavanagudi,Sahakar Nagar,77.0,45.0,Not Applicable,Not Applicable,No,Not Applicable,356,Cash,18,3.2,3.5
2024-07-08 19:04:00,CNR3446937622,Success,CID221217,Auto,Banashankari,Indiranagar,245.0,35.0,Not Applicable,Not Applicable,No,Not Applicable,2653,UPI,9,4.0,4.3
2024-07-16 21:56:00,CNR2429285041,Canceled by Driver,CID957901,Prime Sedan,Malleshwaram,Sarjapur Road,,,Not Applicable,Customer related issue,Not Applicable,Not Applicable,2546,Not Applicable,0,,
2024-07-18 14:15:00,CNR9502323308,Canceled by Customer,CID988304,Prime Sedan,Devanahalli,Kengeri,,,Driver is not moving towards pickup location,Not Applicable,Not Applicable,Not Applicable,262,Not Applicable,0,,
2024-07-17 16:03:00,CNR1368108402,Success,CID527172,Prime Plus,Richmond Town,Richmond Town,196.0,105.0,Not Applicable,Not Applicable,No,Not Applicable,981,UPI,34,4.8,4.3
2024-07-29 19:37:00,CNR6556692420,Success,CID594144,Bike,Whitefield,Yeshwanthpur,238.0,125.0,Not Applicable,Not Applicable,No,Not Applicable,2315,UPI,19,5.0,3.6
2024-07-13 01:23:00,CNR1901123458,Success,CID710580,Prime Sedan,Langford Town,Peenya,273.0,100.0,Not Applicable,Not Applicable,No,Not Applicable,429,UPI,31,4.8,3.4
2024-07-11 19:29:00,CNR7561252351,Driver Not Found,CID607884,Prime Plus,Jayanagar,Shantinagar,,,Not Applicable,Not Applicable,Not Applicable,Not Applicable,441,Not Applicable,0,,
2024-07-23 14:00:00,CNR8434387618,Canceled by Driver,CID804614,Mini,Rajarajeshwari Nagar,Bannerghatta Road,,,Not Applicable,More than permitted people in there,Not Applicable,Not Applicable,245,Not Applicable,0,,
2024-07-27 11:24:00,CNR4964983062,Success,CID532298,Auto,Shantinagar,Hebbal,70.0,85.0,Not Applicable,Not Applicable,No,Not Applicable,196,UPI,4,4.6,3.4
2024-07-21 05:50:00,CNR7966583414,Canceled by Driver,CID787267,Auto,Chamarajpet,Rajarajeshwari Nagar,,,Not Applicable,More than permitted people in there,Not Applicable,Not Applicable,317,Not Applicable,0,,
2024-07-16 21:25:00,CNR8454457644,Success,CID233348,Mini,Marathahalli,Vijayanagar,259.0,85.0,Not Applicable,Not Applicable,No,Not Applicable,894,Cash,32,3.7,4.6
2024-07-19 01:19:00,CNR8158661741,Canceled by Driver,CID314714,Prime Plus,Peenya,Padmanabhanagar,,,Not Applicable,Customer related issue,Not Applicable,Not Applicable,134,Not Applicable,0,,
2024-07-02 18:05:00,CNR3650649032,Canceled by Customer,CID501756,Prime Plus,Kengeri,KR Puram,,,Driver asked to cancel,Not Applicable,Not Applicable,Not Applicable,781,Not Applicable,0,,
2024-07-20 04:45:00,CNR4794012825,Driver Not Found,CID479728,eBike,Nagarbhavi,HSR Layout,,,Not Applicable,Not Applicable,Not Applicable,Not Applicable,2532,Not Applicable,0,,
2024-07-08 19:53:00,CNR6073911150,Success,CID579858,Prime Plus,Richmond Town,Hulimavu,266.0,105.0,Not Applicable,Not Applicable,No,Not Applicable,171,Cash,8,3.1,3.2
2024-07-27 11:43:00,CNR9762497209,Success,CID410738,Mini,Chamarajpet,Shivajinagar,42.0,55.0,Not Applicable,Not Applicable,No,Not Applicable,309,UPI,17,4.8,3.9
2024-07-03 01:59:00,CNR5940307484,Canceled by Customer,CID975294,Mini,Kadugodi,Tumkur Road,,,Driver asked to cancel,Not Applicable,Not Applicable,Not Applicable,251,Not Applicable,0,,
2024-07-21 20:54:00,CNR4546292531,Success,CID781102,Prime Sedan,HSR Layout,HSR Layout,238.0,90.0,Not Applicable,Not Applicable,No,Not Applicable,209,UPI,2,4.1,4.2
2024-07-24 14:40:00,CNR6620904986,Canceled by Driver,CID983286,Auto,Ulsoor,Langford Town,,,Not Applicable,Customer related issue,Not Applicable,Not Applicable,824,Not Applicable,0,,
2024-07-08 08:03:00,CNR8856139613,Canceled by Driver,CID321515,eBike,HSR Layout,Electronic City,,,Not Applicable,Customer related issue,Not Applicable,Not Applicable,445,Not Applicable,0,,
2024-07-23 19:18:00,CNR4128347857,Canceled by Customer,CID399447,Mini,Padmanabhanagar,Kengeri,,,Wrong Address,Not Applicable,Not Applicable,Not Applicable,698,Not Applicable,0,,
2024-07-29 15:37:00,CNR5174023760,Canceled by Driver,CID516744,Prime Sedan,Magadi Road,BTM Layout,,,Not Applicable,Customer related issue,Not Applicable,Not Applicable,253,Not Applicable,0,,
2024-07-26 08:07:00,CNR2882639801,Success,CID408189,eBike,Hennur,Kammanahalli,196.0,25.0,Not Applicable,Not Applicable,No,Not Applicable,208,UPI,7,4.4,3.9
2024-07-26 19:40:00,CNR7537288223,Canceled by Driver,CID235212,Bike,Magadi Road,Kengeri,,,Not Applicable,Customer related issue,Not Applicable,Not Applicable,109,Not Applicable,0,,
2024-07-26 09:24:00,CNR3326624133,Success,CID546212,Prime SUV,Yelahanka,Ulsoor,35.0,145.0,Not Applicable,Not Applicable,No,Not Applicable,248,Cash,22,4.3,3.8
2024-07-03 11:35:00,CNR1682900120,Driver Not Found,CID969294,Prime Sedan,Whitefield,Marathahalli,,,Not Applicable,Not Applicable,Not Applicable,Not Applicable,222,Not Applicable,0,,
2024-07-22 15:00:00,CNR9520451310,Success,CID318854,Prime Sedan,Kammanahalli,Indiranagar,56.0,120.0,Not Applicable,Not Applicable,No,Not Applicable,310,Cash,16,4.2,3.1
2024-07-16 17:50:00,CNR8989035594,Canceled by Driver,CID515227,Prime Sedan,Indiranagar,Bellandur,,,Not Applicable,Personal & Car related issue,Not Applicable,Not Applicable,897,Not Applicable,0,,
2024-07-27 19:02:00,CNR6839462221,Success,CID796176,Bike,Mysore Road,KR Puram,245.0,95.0,Not Applicable,Not Applicable,No,Not Applicable,210,Cash,48,4.7,4.5
2024-07-29 22:09:00,CNR2004921671,Canceled by Driver,CID839608,Prime SUV,Magadi Road,Bannerghatta Road,,,Not Applicable,Personal & Car related issue,Not Applicable,Not Applicable,314,Not Applicable,0,,
2024-07-12 16:14:00,CNR3327991516,Success,CID255373,Mini,Chickpet,Hebbal,154.0,145.0,Not Applicable,Not Applicable,No,Not Applicable,241,Cash,28,4.0,3.9
2024-07-17 14:12:00,CNR8346272852,Canceled by Customer,CID816439,Bike,KR Puram,HSR Layout,,,Driver is not moving towards pickup location,Not Applicable,Not Applicable,Not Applicable,441,Not Applicable,0,,
2024-07-28 19:54:00,CNR5311312596,Success,CID756302,Prime Plus,Langford Town,Yelahanka,147.0,115.0,Not Applicable,Not Applicable,No,Not Applicable,310,Cash,5,4.2,4.1
2024-07-30 14:41:00,CNR5015356519,Success,CID422662,Prime SUV,Yelahanka,Richmond Town,91.0,70.0,Not Applicable,Not Applicable,No,Not Applicable,469,Debit Card,6,3.9,3.8
2024-07-24 16:19:00,CNR9681744018,Canceled by Customer,CID230662,Prime Plus,Chamarajpet,Koramangala,,,AC is Not working,Not Applicable,Not Applicable,Not Applicable,767,Not Applicable,0,,
2024-07-25 07:30:00,CNR7885058916,Success,CID965002,Mini,Rajajinagar,Kengeri,231.0,40.0,Not Applicable,Not Applicable,No,Not Applicable,151,UPI,40,4.0,4.4
2024-07-26 18:51:00,CNR3674798408,Success,CID990672,Mini,Devanahalli,Shivajinagar,112.0,55.0,Not Applicable,Not Applicable,No,Not Applicable,218,Cash,1,3.6,3.2
2024-07-02 17:04:00,CNR9562455759,Driver Not Found,CID458722,Bike,Richmond Town,Electronic City,,,Not Applicable,Not Applicable,Not Applicable,Not Applicable,214,Not Applicable,0,,
2024-07-15 15:55:00,CNR9724502646,Success,CID182762,Auto,Ulsoor,Bellandur,56.0,120.0,Not Applicable,Not Applicable,No,Not Applicable,469,Cash,14,3.9,3.8
2024-07-28 07:51:00,CNR9152268922,Success,CID959740,eBike,Frazer Town,Malleshwaram,245.0,80.0,Not Applicable,Not Applicable,No,Not Applicable,283,Cash,17,4.7,3.3
2024-07-08 06:45:00,CNR1556079150,Success,CID276859,Bike,Whitefield,Hosur Road,49.0,75.0,Not Applicable,Not Applicable,Yes,Customer Demand,340,Cash,12,4.6,3.2
2024-07-09 22:51:00,CNR3619891831,Canceled by Driver,CID236491,Prime SUV,Koramangala,BTM Layout,,,Not Applicable,Customer related issue,Not Applicable,Not Applicable,502,Not Applicable,0,,
2024-07-21 04:46:00,CNR5516977923,Success,CID937527,Prime SUV,Hennur,Bannerghatta Road,147.0,140.0,Not Applicable,Not Applicable,No,Not Applicable,661,Cash,28,4.8,3.0
2024-07-04 04:23:00,CNR4587551402,Success,CID862979,eBike,MG Road,Mysore Road,189.0,75.0,Not Applicable,Not Applicable,No,Not Applicable,402,Cash,16,4.3,4.2
2024-07-07 09:41:00,CNR1320763426,Canceled by Driver,CID277167,Auto,Sahakar Nagar,JP Nagar,,,Not Applicable,Customer was coughing/sick,Not Applicable,Not Applicable,182,Not Applicable,0,,
2024-07-09 16:06:00,CNR1127536852,Success,CID337878,eBike,KR Puram,Padmanabhanagar,133.0,60.0,Not Applicable,Not Applicable,No,Not Applicable,406,UPI,49,3.7,3.5
2024-07-08 08:47:00,CNR8030414117,Success,CID907767,Prime Plus,Chamarajpet,Chamarajpet,105.0,90.0,Not Applicable,Not Applicable,No,Not Applicable,244,UPI,30,4.9,4.7
2024-07-17 16:18:00,CNR5298698446,Success,CID199632,Auto,Chamarajpet,Rajajinagar,308.0,60.0,Not Applicable,Not Applicable,No,Not Applicable,258,Cash,13,3.1,4.6
2024-07-17 06:36:00,CNR5977963117,Success,CID997801,Mini,Peenya,Peenya,161.0,110.0,Not Applicable,Not Applicable,No,Not Applicable,461,UPI,26,4.8,3.5
2024-07-25 06:10:00,CNR5554639719,Driver Not Found,CID871813,eBike,Yeshwanthpur,Bellandur,,,Not Applicable,Not Applicable,Not Applicable,Not Applicable,2938,Not Applicable,0,,
2024-07-05 12:53:00,CNR4711910655,Success,CID200407,Auto,Devanahalli,Hebbal,140.0,95.0,Not Applicable,Not Applicable,No,Not Applicable,285,Cash,19,3.4,3.3
2024-07-18 00:25:00,CNR6851543651,Driver Not Found,CID870439,Bike,Hennur,Sarjapur Road,,,Not Applicable,Not Applicable,Not Applicable,Not Applicable,398,Not Applicable,0,,
2024-07-05 17:13:00,CNR1766842782,Success,CID274618,Prime SUV,JP Nagar,MG Road,77.0,25.0,Not Applicable,Not Applicable,No,Not Applicable,876,UPI,47,3.6,4.9
2024-07-05 18:53:00,CNR9895998488,Canceled by Driver,CID789805,Mini,Bannerghatta Road,Varthur,,,Not Applicable,Customer related issue,Not Applicable,Not Applicable,240,Not Applicable,0,,
2024-07-27 23:17:00,CNR5778526076,Success,CID642204,eBike,Kammanahalli,Majestic,245.0,55.0,Not Applicable,Not Applicable,No,Not Applicable,318,Cash,43,3.1,3.1
2024-07-16 19:05:00,CNR9472831269,Canceled by Customer,CID689715,eBike,BTM Layout,Magadi Road,,,Driver asked to cancel,Not Applicable,Not Applicable,Not Applicable,1874,Not Applicable,0,,
2024-07-05 11:20:00,CNR1989978439,Success,CID724330,Prime Plus,Ulsoor,Kadugodi,189.0,85.0,Not Applicable,Not Applicable,Yes,Customer Demand,543,Cash,37,4.6,3.5
2024-07-17 21:56:00,CNR9822827885,Success,CID563155,eBike,BTM Layout,Jayanagar,168.0,140.0,Not Applicable,Not Applicable,No,Not Applicable,923,Cash,48,3.8,4.4
2024-07-06 11:56:00,CNR7775505197,Canceled by Driver,CID502706,eBike,Kadugodi,Nagarbhavi,,,Not Applicable,Personal & Car related issue,Not Applicable,Not Applicable,494,Not Applicable,0,,
2024-07-24 09:22:00,CNR7071963324,Canceled by Driver,CID435536,Prime Plus,Rajajinagar,Marathahalli,,,Not Applicable,Personal & Car related issue,Not Applicable,Not Applicable,200,Not Applicable,0,,
2024-07-28 03:51:00,CNR7352904604,Canceled by Driver,CID317888,Auto,Rajajinagar,Rajajinagar,,,Not Applicable,Personal & Car related issue,Not Applicable,Not Applicable,348,Not Applicable,0,,
2024-07-20 02:28:00,CNR3777059752,Success,CID554745,Prime SUV,Banashankari,Electronic City,231.0,45.0,Not Applicable,Not Applicable,No,Not Applicable,750,Cash,34,4.4,4.0
2024-07-13 16:32:00,CNR7958430593,Canceled by Driver,CID486212,Mini,Bannerghatta Road,Malleshwaram,,,Not Applicable,Customer was coughing/sick,Not Applicable,Not Applicable,367,Not Applicable,0,,
2024-07-06 23:07:00,CNR9945472396,Success,CID301049,Mini,Vijayanagar,BTM Layout,35.0,125.0,Not Applicable,Not Applicable,No,Not Applicable,1876,Credit Card,41,3.8,4.2
2024-07-19 18:48:00,CNR6236283917,Canceled by Driver,CID142298,Mini,BTM Layout,Shantinagar,,,Not Applicable,More than permitted people in there,Not Applicable,Not Applicable,198,Not Applicable,0,,
2024-07-29 06:10:00,CNR5003396456,Success,CID484154,Prime SUV,Frazer Town,Ulsoor,98.0,25.0,Not Applicable,Not Applicable,No,Not Applicable,210,Cash,15,4.7,4.2
2024-07-05 01:57:00,CNR3209067289,Canceled by Driver,CID238049,Prime Sedan,Ramamurthy Nagar,Bannerghatta Road,,,Not Applicable,Customer related issue,Not Applicable,Not Applicable,238,Not Applicable,0,,
2024-07-27 09:14:00,CNR2424510149,Success,CID955262,Prime Plus,Hosur Road,Kammanahalli,280.0,115.0,Not Applicable,Not Applicable,No,Not Applicable,261,UPI,39,3.1,3.1
2024-07-01 08:11:00,CNR6783478750,Success,CID821566,Prime Sedan,Hennur,Kammanahalli,301.0,120.0,Not Applicable,Not Applicable,No,Not Applicable,188,UPI,34,3.6,3.6
2024-07-29 23:21:00,CNR4409505367,Driver Not Found,CID446037,Auto,Majestic,Koramangala,,,Not Applicable,Not Applicable,Not Applicable,Not Applicable,280,Not Applicable,0,,
2024-07-09 08:02:00,CNR7547247730,Success,CID879106,Bike,KR Puram,Cox Town,308.0,120.0,Not Applicable,Not Applicable,No,Not Applicable,459,UPI,1,4.2,3.4
2024-07-08 14:48:00,CNR1124622574,Success,CID157940,Mini,Kengeri,Shivajinagar,175.0,125.0,Not Applicable,Not Applicable,No,Not Applicable,105,Cash,26,3.8,3.3
2024-07-18 07:21:00,CNR7674172607,Success,CID528050,Prime Sedan,Hennur,Sarjapur Road,280.0,135.0,Not Applicable,Not Applicable,No,Not Applicable,124,UPI,14,3.8,4.0
2024-07-19 10:03:00,CNR3694715085,Canceled by Driver,CID644869,Prime SUV,Kengeri,Kadugodi,,,Not Applicable,More than permitted people in there,Not Applicable,Not Applicable,300,Not Applicable,0,,
2024-07-20 06:00:00,CNR5137050643,Success,CID204178,Prime Sedan,Ulsoor,Hulimavu,98.0,125.0,Not Applicable,Not Applicable,No,Not Applicable,369,Cash,27,4.0,4.0
2024-07-22 14:23:00,CNR5347248966,Success,CID154388,Prime Plus,Rajajinagar,Chickpet,147.0,70.0,Not Applicable,Not Applicable,No,Not Applicable,323,Cash,12,3.1,3.3
2024-07-17 04:41:00,CNR6469588811,Success,CID604218,Mini,Majestic,Banashankari,280.0,130.0,Not Applicable,Not Applicable,No,Not Applicable,372,Cash,34,3.5,4.3
2024-07-10 05:20:00,CNR5455692646,Driver Not Found,CID535517,Prime Sedan,Koramangala,Sahakar Nagar,,,Not Applicable,Not Applicable,Not Applicable,Not Applicable,671,Not Applicable,0,,
2024-07-22 00:00:00,CNR5251395628,Success,CID305986,Auto,Ramamurthy Nagar,Basavanagudi,56.0,35.0,Not Applicable,Not Applicable,No,Not Applicable,299,Cash,16,4.4,4.4
2024-07-05 23:57:00,CNR9680770364,Success,CID801878,Prime SUV,Langford Town,Richmond Town,308.0,75.0,Not Applicable,Not Applicable,Yes,Customer Demand,141,Cash,21,3.1,4.3
2024-07-27 00:39:00,CNR6678163639,Success,CID898915,eBike,Sahakar Nagar,Hosur Road,63.0,105.0,Not Applicable,Not Applicable,Yes,Vehicle Breakdown,522,UPI,5,3.7,3.1
2024-07-26 01:12:00,CNR1870350123,Canceled by Driver,CID345085,Bike,Langford Town,KR Puram,,,Not Applicable,Customer was coughing/sick,Not Applicable,Not Applicable,150,Not Applicable,0,,
2024-07-20 16:10:00,CNR6521898659,Success,CID779419,Auto,Richmond Town,Chamarajpet,203.0,55.0,Not Applicable,Not Applicable,No,Not Applicable,804,Cash,17,3.3,3.7
2024-07-19 17:36:00,CNR2236771806,Success,CID350474,Auto,Richmond Town,Malleshwaram,266.0,55.0,Not Applicable,Not Applicable,No,Not Applicable,509,Cash,7,4.7,3.3
2024-07-30 08:39:00,CNR9726919977,Success,CID278498,Auto,Hebbal,Hulimavu,224.0,55.0,Not Applicable,Not Applicable,No,Not Applicable,218,Cash,7,4.3,4.6
2024-07-27 12:55:00,CNR9379014786,Success,CID256076,Prime Sedan,Indiranagar,Hennur,112.0,75.0,Not Applicable,Not Applicable,No,Not Applicable,2145,UPI,11,3.4,3.2
2024-07-01 16:36:00,CNR8756872730,Success,CID911817,eBike,Bellandur,Shivajinagar,35.0,55.0,Not Applicable,Not Applicable,No,Not Applicable,245,Cash,25,3.3,4.1
2024-07-22 12:17:00,CNR4570795622,Success,CID266499,Prime Plus,Padmanabhanagar,Chickpet,280.0,25.0,Not Applicable,Not Applicable,No,Not Applicable,186,Cash,46,4.4,3.1
2024-07-18 09:16:00,CNR1909241121,Canceled by Driver,CID263399,Prime SUV,Kadugodi,RT Nagar,,,Not Applicable,More than permitted people in there,Not Applicable,Not Applicable,384,Not Applicable,0,,
2024-07-22 18:30:00,CNR4781616714,Success,CID952309,Prime Sedan,Kengeri,Bannerghatta Road,105.0,60.0,Not Applicable,Not Applicable,No,Not Applicable,2987,UPI,33,4.9,4.2
2024-07-21 04:02:00,CNR3758004432,Success,CID413810,Prime Plus,Ulsoor,Hebbal,252.0,35.0,Not Applicable,Not Applicable,No,Not Applicable,1482,Cash,10,3.6,4.2
2024-07-26 00:47:00,CNR7641986951,Success,CID402928,Auto,Varthur,Sahakar Nagar,294.0,40.0,Not Applicable,Not Applicable,No,Not Applicable,168,Cash,3,3.4,3.6
2024-07-03 05:25:00,CNR2220225478,Success,CID275640,Prime SUV,Kadugodi,RT Nagar,161.0,45.0,Not Applicable,Not Applicable,No,Not Applicable,403,UPI,2,4.5,4.9
2024-07-08 19:19:00,CNR3038353387,Canceled by Customer,CID570180,Mini,Majestic,Shantinagar,,,Driver asked to cancel,Not Applicable,Not Applicable,Not Applicable,103,Not Applicable,0,,
2024-07-26 12:21:00,CNR4282240995,Driver Not Found,CID257593,Prime Plus,Chamarajpet,Chickpet,,,Not Applicable,Not Applicable,Not Applicable,Not Applicable,315,Not Applicable,0,,
2024-07-05 01:21:00,CNR8350744355,Canceled by Driver,CID987364,Prime SUV,Malleshwaram,Bellandur,,,Not Applicable,Personal & Car related issue,Not Applicable,Not Applicable,353,Not Applicable,0,,
2024-07-15 19:12:00,CNR3849519182,Success,CID486567,Bike,RT Nagar,Sahakar Nagar,140.0,65.0,Not Applicable,Not Applicable,No,Not Applicable,896,Cash,6,3.8,3.8
2024-07-06 05:22:00,CNR4040170740,Success,CID475878,Auto,Tumkur Road,Chickpet,301.0,55.0,Not Applicable,Not Applicable,No,Not Applicable,385,Cash,17,4.8,3.6
2024-07-12 06:45:00,CNR6874637412,Success,CID621256,Prime SUV,Peenya,RT Nagar,154.0,120.0,Not Applicable,Not Applicable,No,Not Applicable,135,UPI,38,4.2,4.6
2024-07-04 16:29:00,CNR1093267390,Success,CID196155,Prime Sedan,Bannerghatta Road,Mysore Road,217.0,130.0,Not Applicable,Not Applicable,No,Not Applicable,965,Cash,7,3.7,3.9
2024-07-08 23:49:00,CNR2181247199,Canceled by Driver,CID437385,eBike,Langford Town,Richmond Town,,,Not Applicable,More than permitted people in there,Not Applicable,Not Applicable,333,Not Applicable,0,,
2024-07-29 03:03:00,CNR3297198152,Success,CID686800,eBike,Kammanahalli,Hennur,63.0,140.0,Not Applicable,Not Applicable,No,Not Applicable,366,UPI,32,4.0,4.6
2024-07-10 12:01:00,CNR5433585833,Success,CID469956,Bike,Koramangala,Rajarajeshwari Nagar,273.0,50.0,Not Applicable,Not Applicable,No,Not Applicable,398,Cash,20,4.9,3.3
2024-07-08 14:02:00,CNR8605347969,Driver Not Found,CID439555,Prime SUV,Shivajinagar,Jayanagar,,,Not Applicable,Not Applicable,Not Applicable,Not Applicable,896,Not Applicable,0,,
2024-07-25 05:20:00,CNR4379936095,Driver Not Found,CID974486,Prime SUV,Koramangala,Magadi Road,,,Not Applicable,Not Applicable,Not Applicable,Not Applicable,304,Not Applicable,0,,
2024-07-08 12:40:00,CNR9530582753,Driver Not Found,CID123706,Prime Plus,Shantinagar,Magadi Road,,,Not Applicable,Not Applicable,Not Applicable,Not Applicable,724,Not Applicable,0,,
2024-07-19 03:20:00,CNR8132714373,Success,CID325912,Prime Sedan,Frazer Town,Ulsoor,252.0,40.0,Not Applicable,Not Applicable,No,Not Applicable,631,UPI,20,4.8,4.6
2024-07-05 19:57:00,CNR7551627513,Canceled by Customer,CID233311,eBike,HSR Layout,Hulimavu,,,Change of plans,Not Applicable,Not Applicable,Not Applicable,334,Not Applicable,0,,
2024-07-14 04:51:00,CNR6303590974,Canceled by Customer,CID501257,Prime SUV,Hennur,KR Puram,,,Wrong Address,Not Applicable,Not Applicable,Not Applicable,580,Not Applicable,0,,
2024-07-18 04:12:00,CNR4211083947,Success,CID310320,Bike,Hulimavu,Koramangala,231.0,115.0,Not Applicable,Not Applicable,No,Not Applicable,289,Cash,43,4.7,3.0
2024-07-21 13:36:00,CNR6103362010,Canceled by Customer,CID775082,Prime Sedan,Yelahanka,Yelahanka,,,AC is Not working,Not Applicable,Not Applicable,Not Applicable,1711,Not Applicable,0,,
2024-07-28 07:29:00,CNR8341097479,Success,CID152488,Bike,Yeshwanthpur,Kadugodi,238.0,45.0,Not Applicable,Not Applicable,No,Not Applicable,251,UPI,47,3.0,4.9
2024-07-24 04:30:00,CNR4545159053,Canceled by Driver,CID412482,Prime Plus,Kengeri,Tumkur Road,,,Not Applicable,Personal & Car related issue,Not Applicable,Not Applicable,2924,Not Applicable,0,,
2024-07-27 04:55:00,CNR6337063014,Success,CID352859,Prime SUV,Shivajinagar,Electronic City,196.0,25.0,Not Applicable,Not Applicable,Yes,Vehicle Breakdown,398,UPI,39,4.4,3.0
2024-07-08 23:51:00,CNR8502334254,Driver Not Found,CID724968,Mini,Rajarajeshwari Nagar,Magadi Road,,,Not Applicable,Not Applicable,Not Applicable,Not Applicable,168,Not Applicable,0,,
2024-07-18 01:41:00,CNR2222848784,Success,CID937435,Bike,Peenya,BTM Layout,105.0,120.0,Not Applicable,Not Applicable,No,Not Applicable,320,Cash,39,3.2,4.6
2024-07-25 19:54:00,CNR6727057452,Success,CID839942,Bike,Langford Town,Hennur,259.0,45.0,Not Applicable,Not Applicable,No,Not Applicable,111,UPI,37,4.4,3.7
2024-07-01 16:46:00,CNR2053796599,Canceled by Driver,CID155171,eBike,Tumkur Road,Yelahanka,,,Not Applicable,Personal & Car related issue,Not Applicable,Not Applicable,231,Not Applicable,0,,
2024-07-29 20:46:00,CNR5267463784,Canceled by Customer,CID726625,eBike,Padmanabhanagar,Ramamurthy Nagar,,,Change of plans,Not Applicable,Not Applicable,Not Applicable,308,Not Applicable,0,,
2024-07-10 18:04:00,CNR8234707078,Success,CID937631,Auto,Sarjapur Road,Nagarbhavi,105.0,140.0,Not Applicable,Not Applicable,No,Not Applicable,786,Cash,15,4.2,3.5
2024-07-14 07:51:00,CNR8713299764,Canceled by Driver,CID233764,Prime Sedan,Tumkur Road,KR Puram,,,Not Applicable,Customer related issue,Not Applicable,Not Applicable,803,Not Applicable,0,,
2024-07-22 10:36:00,CNR8888554716,Canceled by Driver,CID767842,Prime Sedan,Frazer Town,Sarjapur Road,,,Not Applicable,Personal & Car related issue,Not Applicable,Not Applicable,785,Not Applicable,0,,
2024-07-15 14:49:00,CNR7450046115,Canceled by Driver,CID102775,Bike,Kadugodi,Mysore Road,,,Not Applicable,Customer was coughing/sick,Not Applicable,Not Applicable,608,Not Applicable,0,,
2024-07-08 01:12:00,CNR1555712844,Canceled by Driver,CID908110,Prime Plus,Peenya,Bellandur,,,Not Applicable,Customer related issue,Not Applicable,Not Applicable,489,Not Applicable,0,,
2024-07-11 07:13:00,CNR5619753520,Success,CID296630,Prime Sedan,Ulsoor,Shantinagar,126.0,145.0,Not Applicable,Not Applicable,No,Not Applicable,607,Cash,40,4.9,3.2
2024-07-05 02:45:00,CNR5411791099,Driver Not Found,CID329457,Prime Plus,Hebbal,Sahakar Nagar,,,Not Applicable,Not Applicable,Not Applicable,Not Applicable,150,Not Applicable,0,,
2024-07-30 15:32:00,CNR3807038404,Canceled by Customer,CID939828,Prime Sedan,Sahakar Nagar,Malleshwaram,,,Driver is not moving towards pickup location,Not Applicable,Not Applicable,Not Applicable,394,Not Applicable,0,,
2024-07-19 23:47:00,CNR5322178906,Canceled by Driver,CID800020,Prime Plus,Frazer Town,HSR Layout,,,Not Applicable,Customer was coughing/sick,Not Applicable,Not Applicable,438,Not Applicable,0,,
2024-07-09 15:13:00,CNR9751517259,Canceled by Driver,CID901069,Bike,Electronic City,Koramangala,,,Not Applicable,Customer was coughing/sick,Not Applicable,Not Applicable,1448,Not Applicable,0,,
2024-07-27 20:48:00,CNR6851839461,Success,CID305093,Bike,Ulsoor,Devanahalli,196.0,35.0,Not Applicable,Not Applicable,No,Not Applicable,217,UPI,46,3.7,4.5
2024-07-25 02:21:00,CNR7989476045,Success,CID876747,Prime Sedan,Majestic,Nagarbhavi,161.0,130.0,Not Applicable,Not Applicable,No,Not Applicable,955,UPI,23,4.6,4.1
2024-07-08 02:49:00,CNR8968536059,Success,CID323625,Auto,Majestic,MG Road,224.0,45.0,Not Applicable,Not Applicable,No,Not Applicable,282,UPI,4,3.9,4.7
2024-07-14 16:13:00,CNR7139657005,Success,CID208159,Auto,Electronic City,Hulimavu,273.0,130.0,Not Applicable,Not Applicable,No,Not Applicable,614,UPI,12,4.9,4.1
2024-07-29 18:06:00,CNR2683045426,Canceled by Customer,CID901034,Prime Sedan,HSR Layout,Shivajinagar,,,Driver is not moving towards pickup location,Not Applicable,Not Applicable,Not Applicable,487,Not Applicable,0,,
2024-07-24 09:55:00,CNR7911578016,Success,CID686465,Prime Sedan,Chamarajpet,Ramamurthy Nagar,301.0,25.0,Not Applicable,Not Applicable,Yes,Customer Demand,459,Cash,46,3.2,3.5
2024-07-21 14:05:00,CNR6706036147,Success,CID628434,Prime SUV,Marathahalli,BTM Layout,210.0,145.0,Not Applicable,Not Applicable,No,Not Applicable,485,Credit Card,25,4.1,4.9
2024-07-01 23:00:00,CNR2041531523,Driver Not Found,CID914040,Prime Plus,Hennur,Yeshwanthpur,,,Not Applicable,Not Applicable,Not Applicable,Not Applicable,346,Not Applicable,0,,
2024-07-23 11:05:00,CNR4978628811,Success,CID104258,eBike,Rajajinagar,Devanahalli,238.0,130.0,Not Applicable,Not Applicable,No,Not Applicable,751,Cash,12,3.5,3.6
2024-07-06 07:55:00,CNR6252684753,Driver Not Found,CID947547,Auto,MG Road,Tumkur Road,,,Not Applicable,Not Applicable,Not Applicable,Not Applicable,393,Not Applicable,0,,
2024-07-16 04:42:00,CNR4607419231,Success,CID161133,eBike,Bannerghatta Road,Bannerghatta Road,231.0,50.0,Not Applicable,Not Applicable,No,Not Applicable,304,UPI,48,4.3,4.5
2024-07-20 02:58:00,CNR1395413699,Canceled by Driver,CID686119,eBike,JP Nagar,Padmanabhanagar,,,Not Applicable,Customer was coughing/sick,Not Applicable,Not Applicable,982,Not Applicable,0,,
2024-07-02 14:40:00,CNR1628801626,Success,CID645808,eBike,Sarjapur Road,HSR Layout,84.0,95.0,Not Applicable,Not Applicable,No,Not Applicable,167,Cash,27,4.8,3.8
2024-07-11 02:25:00,CNR8897553206,Canceled by Customer,CID212188,Prime Sedan,Rajarajeshwari Nagar,Sahakar Nagar,,,Driver is not moving towards pickup location,Not Applicable,Not Applicable,Not Applicable,256,Not Applicable,0,,
2024-07-06 13:07:00,CNR9069180403,Success,CID403766,Prime Plus,Padmanabhanagar,Hebbal,49.0,75.0,Not Applicable,Not Applicable,No,Not Applicable,352,Cash,5,3.2,5.0
2024-07-25 14:47:00,CNR3260248307,Success,CID376848,Mini,Rajajinagar,Vijayanagar,119.0,135.0,Not Applicable,Not Applicable,No,Not Applicable,181,UPI,13,3.8,3.3
2024-07-09 03:42:00,CNR2238895637,Success,CID554583,Prime Sedan,Nagarbhavi,Whitefield,56.0,115.0,Not Applicable,Not Applicable,No,Not Applicable,364,Cash,41,4.0,5.0
2024-07-26 21:34:00,CNR8038263403,Success,CID109088,Prime SUV,Nagarbhavi,Indiranagar,77.0,105.0,Not Applicable,Not Applicable,No,Not Applicable,135,Cash,7,4.5,3.5
2024-07-20 18:03:00,CNR6283911172,Success,CID671521,Auto,Yeshwanthpur,Nagarbhavi,91.0,140.0,Not Applicable,Not Applicable,No,Not Applicable,339,UPI,17,5.0,3.3
2024-07-06 13:05:00,CNR9975756651,Success,CID588632,Mini,Shantinagar,Basavanagudi,168.0,45.0,Not Applicable,Not Applicable,No,Not Applicable,932,Cash,37,4.6,3.9
2024-07-06 16:26:00,CNR8570655966,Success,CID383167,Prime SUV,Electronic City,Rajarajeshwari Nagar,154.0,35.0,Not Applicable,Not Applicable,No,Not Applicable,164,Cash,44,4.9,4.7
2024-07-21 15:27:00,CNR8955133686,Success,CID780530,Bike,Hosur Road,Hosur Road,245.0,30.0,Not Applicable,Not Applicable,No,Not Applicable,191,Cash,25,4.2,4.3
2024-07-25 10:30:00,CNR9982012369,Success,CID675431,Bike,Hebbal,Koramangala,35.0,30.0,Not Applicable,Not Applicable,No,Not Applicable,374,Cash,45,4.9,4.2
2024-07-12 23:09:00,CNR8731529072,Success,CID708795,Prime Sedan,Kammanahalli,Chamarajpet,77.0,35.0,Not Applicable,Not Applicable,No,Not Applicable,173,Cash,30,4.0,4.2
2024-07-10 03:25:00,CNR4082431239,Success,CID853250,eBike,JP Nagar,Majestic,49.0,140.0,Not Applicable,Not Applicable,No,Not Applicable,133,Cash,39,3.0,4.2
2024-07-01 00:05:00,CNR6847847892,Success,CID687346,Prime Sedan,Cox Town,MG Road,210.0,95.0,Not Applicable,Not Applicable,No,Not Applicable,943,Cash,22,4.2,4.8
2024-07-14 18:23:00,CNR9569443345,Success,CID714141,Bike,Tumkur Road,Hennur,77.0,90.0,Not Applicable,Not Applicable,No,Not Applicable,264,Cash,12,3.2,4.5
2024-07-06 06:32:00,CNR5562904017,Success,CID199096,Bike,Shivajinagar,Nagarbhavi,112.0,125.0,Not Applicable,Not Applicable,No,Not Applicable,102,Cash,40,4.1,4.5
2024-07-27 02:22:00,CNR1017862148,Canceled by Driver,CID193427,Bike,Devanahalli,HSR Layout,,,Not Applicable,Personal & Car related issue,Not Applicable,Not Applicable,152,Not Applicable,0,,
2024-07-09 00:10:00,CNR7061816701,Success,CID347763,Prime Plus,Padmanabhanagar,Padmanabhanagar,182.0,55.0,Not Applicable,Not Applicable,No,Not Applicable,147,Cash,16,4.8,3.2
2024-07-07 13:46:00,CNR2346235367,Success,CID887607,Mini,Banashankari,Jayanagar,196.0,65.0,Not Applicable,Not Applicable,No,Not Applicable,336,Cash,24,3.4,3.9
2024-07-15 21:36:00,CNR2488997254,Canceled by Customer,CID868215,Auto,Vijayanagar,Electronic City,,,Change of plans,Not Applicable,Not Applicable,Not Applicable,445,Not Applicable,0,,
2024-07-24 17:50:00,CNR8577698852,Canceled by Customer,CID571562,eBike,Magadi Road,MG Road,,,Driver is not moving towards pickup location,Not Applicable,Not Applicable,Not Applicable,1375,Not Applicable,0,,
2024-07-21 14:55:00,CNR1579796398,Canceled by Customer,CID275010,Auto,Peenya,Kammanahalli,,,Wrong Address,Not Applicable,Not Applicable,Not Applicable,397,Not Applicable,0,,
2024-07-05 04:04:00,CNR5821943594,Success,CID509347,Bike,Richmond Town,Hebbal,63.0,130.0,Not Applicable,Not Applicable,No,Not Applicable,507,Cash,31,4.6,3.7
2024-07-18 15:43:00,CNR7425750688,Success,CID745510,eBike,Marathahalli,Kadugodi,280.0,25.0,Not Applicable,Not Applicable,No,Not Applicable,466,UPI,14,3.4,3.9
2024-07-25 12:30:00,CNR9200903550,Success,CID994940,Bike,Koramangala,Mysore Road,301.0,135.0,Not Applicable,Not Applicable,No,Not Applicable,264,Cash,29,3.8,3.8
2024-07-04 15:08:00,CNR7166383527,Success,CID534952,Prime Plus,Varthur,Varthur,294.0,100.0,Not Applicable,Not Applicable,No,Not Applicable,551,UPI,34,3.5,4.2
2024-07-25 19:54:00,CNR5270971525,Canceled by Customer,CID233015,Prime Plus,Varthur,Sahakar Nagar,,,Wrong Address,Not Applicable,Not Applicable,Not Applicable,278,Not Applicable,0,,
2024-07-29 20:00:00,CNR9422453475,Success,CID841951,eBike,Bellandur,Richmond Town,308.0,95.0,Not Applicable,Not Applicable,No,Not Applicable,424,UPI,39,4.1,3.4
2024-07-21 10:45:00,CNR5040424034,Success,CID450559,Prime SUV,Banashankari,Hosur Road,238.0,85.0,Not Applicable,Not Applicable,No,Not Applicable,945,UPI,46,3.8,3.9
2024-07-05 16:48:00,CNR3132518319,Success,CID723675,Prime Plus,Jayanagar,Devanahalli,238.0,85.0,Not Applicable,Not Applicable,No,Not Applicable,272,Cash,8,3.4,4.5
2024-07-16 04:27:00,CNR6138299935,Success,CID761068,Prime SUV,Malleshwaram,Kammanahalli,189.0,65.0,Not Applicable,Not Applicable,No,Not Applicable,130,Cash,29,3.3,4.2
2024-07-06 21:36:00,CNR3254238015,Canceled by Customer,CID107120,Auto,Bannerghatta Road,Shivajinagar,,,Driver is not moving towards pickup location,Not Applicable,Not Applicable,Not Applicable,2180,Not Applicable,0,,
2024-07-22 11:00:00,CNR7378976501,Canceled by Driver,CID476278,Prime Plus,Varthur,BTM Layout,,,Not Applicable,Personal & Car related issue,Not Applicable,Not Applicable,118,Not Applicable,0,,
2024-07-26 14:54:00,CNR6385758469,Success,CID407392,Prime Sedan,Magadi Road,MG Road,203.0,115.0,Not Applicable,Not Applicable,No,Not Applicable,273,Cash,23,3.3,3.8
2024-07-20 01:25:00,CNR9116795725,Success,CID470047,Mini,Yelahanka,Magadi Road,147.0,110.0,Not Applicable,Not Applicable,No,Not Applicable,490,UPI,4,4.2,3.5
2024-07-09 06:27:00,CNR4989687694,Success,CID382316,Prime Plus,Kadugodi,Mysore Road,56.0,90.0,Not Applicable,Not Applicable,No,Not Applicable,621,Cash,10,3.6,4.3
2024-07-22 03:11:00,CNR1055252381,Success,CID295741,Prime Sedan,Koramangala,Mysore Road,70.0,105.0,Not Applicable,Not Applicable,No,Not Applicable,345,UPI,16,4.7,3.5
2024-07-16 09:48:00,CNR7285838813,Success,CID184722,eBike,Chickpet,Magadi Road,280.0,120.0,Not Applicable,Not Applicable,No,Not Applicable,355,Cash,40,3.0,4.9
2024-07-26 08:55:00,CNR3510529225,Success,CID676700,Prime SUV,Kammanahalli,Chickpet,308.0,130.0,Not Applicable,Not Applicable,No,Not Applicable,329,UPI,17,3.0,3.8
2024-07-08 08:15:00,CNR5107882286,Canceled by Customer,CID478506,eBike,Rajajinagar,Chickpet,,,Change of plans,Not Applicable,Not Applicable,Not Applicable,951,Not Applicable,0,,
2024-07-05 11:58:00,CNR7413684344,Success,CID329418,Prime Plus,Kengeri,Chickpet,140.0,65.0,Not Applicable,Not Applicable,No,Not Applicable,1296,Cash,5,3.7,3.6
2024-07-12 00:41:00,CNR2046697242,Success,CID525382,Auto,Koramangala,Chamarajpet,154.0,90.0,Not Applicable,Not Applicable,No,Not Applicable,982,Cash,4,4.4,3.6
2024-07-23 13:37:00,CNR6338636871,Canceled by Driver,CID308413,Prime SUV,Langford Town,Shantinagar,,,Not Applicable,Personal & Car related issue,Not Applicable,Not Applicable,322,Not Applicable,0,,
2024-07-07 20:20:00,CNR1371305150,Success,CID271281,Prime SUV,BTM Layout,HSR Layout,175.0,145.0,Not Applicable,Not Applicable,No,Not Applicable,660,Cash,31,3.1,5.0
2024-07-30 05:45:00,CNR4303652991,Canceled by Driver,CID916838,Prime Plus,Ulsoor,Shivajinagar,,,Not Applicable,Customer was coughing/sick,Not Applicable,Not Applicable,186,Not Applicable,0,,
2024-07-28 00:33:00,CNR7379954731,Success,CID945803,Auto,Malleshwaram,Basavanagudi,217.0,35.0,Not Applicable,Not Applicable,No,Not Applicable,344,UPI,9,4.7,3.9
2024-07-01 07:47:00,CNR7800097890,Canceled by Driver,CID352546,Prime Plus,Nagarbhavi,Indiranagar,,,Not Applicable,Personal & Car related issue,Not Applicable,Not Applicable,101,Not Applicable,0,,
2024-07-03 02:11:00,CNR2314860438,Success,CID225042,Mini,Majestic,Vijayanagar,259.0,85.0,Not Applicable,Not Applicable,No,Not Applicable,219,Cash,36,4.7,3.3
2024-07-18 13:22:00,CNR1666488592,Success,CID880099,Auto,JP Nagar,Electronic City,91.0,85.0,Not Applicable,Not Applicable,No,Not Applicable,235,Cash,12,3.4,4.7
2024-07-02 19:28:00,CNR2505553314,Success,CID794091,Auto,Ramamurthy Nagar,Hennur,224.0,145.0,Not Applicable,Not Applicable,No,Not Applicable,245,Cash,13,4.3,4.9
2024-07-04 05:04:00,CNR4544078822,Success,CID294573,Prime Plus,Electronic City,Devanahalli,245.0,30.0,Not Applicable,Not Applicable,No,Not Applicable,439,Cash,8,4.4,4.9
2024-07-13 02:58:00,CNR2744529421,Success,CID527463,Mini,Hosur Road,BTM Layout,287.0,70.0,Not Applicable,Not Applicable,No,Not Applicable,427,Cash,5,4.6,3.7
2024-07-26 10:29:00,CNR7552341278,Success,CID676595,Auto,Rajarajeshwari Nagar,Rajarajeshwari Nagar,126.0,25.0,Not Applicable,Not Applicable,No,Not Applicable,2311,UPI,12,5.0,3.8
2024-07-02 01:45:00,CNR4589702337,Canceled by Driver,CID965866,eBike,Sarjapur Road,Rajarajeshwari Nagar,,,Not Applicable,More than permitted people in there,Not Applicable,Not Applicable,2625,Not Applicable,0,,
2024-07-21 20:55:00,CNR2932516350,Canceled by Driver,CID295170,Prime Plus,Banashankari,Banashankari,,,Not Applicable,Customer was coughing/sick,Not Applicable,Not Applicable,446,Not Applicable,0,,
2024-07-04 07:58:00,CNR9720027772,Canceled by Driver,CID456200,eBike,Indiranagar,Sarjapur Road,,,Not Applicable,Personal & Car related issue,Not Applicable,Not Applicable,465,Not Applicable,0,,
2024-07-08 17:29:00,CNR9553925009,Success,CID439387,Prime SUV,Bellandur,Whitefield,133.0,90.0,Not Applicable,Not Applicable,Yes,Vehicle Breakdown,363,Cash,29,4.9,4.6
2024-07-16 20:45:00,CNR5142389347,Driver Not Found,CID321094,Prime Sedan,Sahakar Nagar,Kengeri,,,Not Applicable,Not Applicable,Not Applicable,Not Applicable,473,Not Applicable,0,,
2024-07-06 06:57:00,CNR4895561842,Driver Not Found,CID880920,Prime SUV,Koramangala,Frazer Town,,,Not Applicable,Not Applicable,Not Applicable,Not Applicable,835,Not Applicable,0,,
2024-07-04 10:58:00,CNR3918743683,Success,CID192630,eBike,BTM Layout,Bannerghatta Road,224.0,120.0,Not Applicable,Not Applicable,No,Not Applicable,234,Cash,15,3.2,4.3
2024-07-03 05:22:00,CNR4196674215,Canceled by Driver,CID392441,Mini,Shivajinagar,MG Road,,,Not Applicable,More than permitted people in there,Not Applicable,Not Applicable,849,Not Applicable,0,,
2024-07-23 16:36:00,CNR6455321341,Canceled by Driver,CID772601,Bike,Whitefield,Mysore Road,,,Not Applicable,Personal & Car related issue,Not Applicable,Not Applicable,216,Not Applicable,0,,
2024-07-02 17:14:00,CNR2055557931,Success,CID215034,Prime Sedan,JP Nagar,Banashankari,168.0,25.0,Not Applicable,Not Applicable,No,Not Applicable,559,Cash,43,3.4,4.5
2024-07-13 11:20:00,CNR7598380706,Success,CID625083,Mini,Chickpet,Nagarbhavi,49.0,130.0,Not Applicable,Not Applicable,No,Not Applicable,172,Credit Card,18,4.1,4.9
2024-07-17 19:28:00,CNR3345605939,Success,CID693823,Prime Sedan,Marathahalli,Hennur,35.0,80.0,Not Applicable,Not Applicable,No,Not Applicable,730,UPI,25,3.3,3.2
2024-07-30 08:11:00,CNR2873210625,Success,CID616772,Prime Plus,Richmond Town,Magadi Road,161.0,120.0,Not Applicable,Not Applicable,No,Not Applicable,100,Cash,7,3.7,3.0
2024-07-18 02:40:00,CNR8877856560,Canceled by Driver,CID519852,Auto,Bannerghatta Road,RT Nagar,,,Not Applicable,More than permitted people in there,Not Applicable,Not Applicable,582,Not Applicable,0,,
2024-07-20 13:02:00,CNR7817710017,Canceled by Driver,CID515163,Prime Plus,Varthur,Devanahalli,,,Not Applicable,Customer related issue,Not Applicable,Not Applicable,941,Not Applicable,0,,
2024-07-17 03:01:00,CNR4180151412,Success,CID903280,Auto,Peenya,Bannerghatta Road,301.0,40.0,Not Applicable,Not Applicable,No,Not Applicable,745,Cash,1,4.5,3.8
2024-07-04 10:52:00,CNR3294310742,Canceled by Customer,CID941658,Auto,HSR Layout,Hebbal,,,Driver is not moving towards pickup location,Not Applicable,Not Applicable,Not Applicable,431,Not Applicable,0,,
2024-07-26 15:55:00,CNR6619926285,Driver Not Found,CID824239,Mini,Padmanabhanagar,BTM Layout,,,Not Applicable,Not Applicable,Not Applicable,Not Applicable,289,Not Applicable,0,,
2024-07-18 11:01:00,CNR1790547101,Success,CID698345,eBike,Marathahalli,Frazer Town,56.0,65.0,Not Applicable,Not Applicable,No,Not Applicable,289,UPI,32,4.4,3.5
2024-07-23 08:22:00,CNR6316836581,Canceled by Driver,CID392201,Prime SUV,Ramamurthy Nagar,Sarjapur Road,,,Not Applicable,Customer related issue,Not Applicable,Not Applicable,593,Not Applicable,0,,
2024-07-22 17:19:00,CNR2560243862,Canceled by Driver,CID878309,Mini,Mysore Road,Marathahalli,,,Not Applicable,Personal & Car related issue,Not Applicable,Not Applicable,248,Not Applicable,0,,
2024-07-08 10:58:00,CNR1292453599,Success,CID589496,Prime Plus,Kadugodi,Hulimavu,301.0,70.0,Not Applicable,Not Applicable,No,Not Applicable,355,UPI,22,3.6,3.8
2024-07-30 14:33:00,CNR8184628323,Success,CID171901,Prime Plus,Peenya,Kadugodi,63.0,110.0,Not Applicable,Not Applicable,No,Not Applicable,455,Cash,21,4.6,4.3
2024-07-06 03:20:00,CNR1589768922,Canceled by Customer,CID807593,Bike,Kengeri,Marathahalli,,,Wrong Address,Not Applicable,Not Applicable,Not Applicable,398,Not Applicable,0,,
2024-07-21 22:10:00,CNR3076472707,Success,CID643367,Prime Plus,Hebbal,JP Nagar,49.0,125.0,Not Applicable,Not Applicable,Yes,Customer Demand,137,UPI,31,4.8,4.0
2024-07-28 00:32:00,CNR6265505384,Canceled by Driver,CID727968,Prime Plus,Whitefield,Banashankari,,,Not Applicable,Customer was coughing/sick,Not Applicable,Not Applicable,395,Not Applicable,0,,
2024-07-06 06:39:00,CNR5755981591,Canceled by Driver,CID246816,Auto,Kengeri,Marathahalli,,,Not Applicable,Customer was coughing/sick,Not Applicable,Not Applicable,429,Not Applicable,0,,
2024-07-03 01:19:00,CNR9219375708,Canceled by Driver,CID472446,eBike,RT Nagar,Whitefield,,,Not Applicable,Personal & Car related issue,Not Applicable,Not Applicable,808,Not Applicable,0,,
2024-07-16 09:05:00,CNR6307899074,Success,CID587793,Prime Plus,Mysore Road,Hebbal,35.0,105.0,Not Applicable,Not Applicable,No,Not Applicable,655,UPI,36,4.8,4.2
2024-07-29 10:39:00,CNR1170299292,Canceled by Customer,CID966093,Auto,Tumkur Road,Kengeri,,,Wrong Address,Not Applicable,Not Applicable,Not Applicable,757,Not Applicable,0,,
2024-07-27 22:19:00,CNR7154699573,Success,CID186680,eBike,HSR Layout,Richmond Town,294.0,80.0,Not Applicable,Not Applicable,No,Not Applicable,269,Cash,17,3.3,5.0
2024-07-04 01:00:00,CNR3514262440,Driver Not Found,CID782648,eBike,RT Nagar,Kengeri,,,Not Applicable,Not Applicable,Not Applicable,Not Applicable,166,Not Applicable,0,,
2024-07-28 02:44:00,CNR5358552398,Success,CID171132,Prime SUV,Sahakar Nagar,Whitefield,280.0,55.0,Not Applicable,Not Applicable,No,Not Applicable,430,Cash,40,3.2,5.0
2024-07-25 17:09:00,CNR9338713635,Success,CID889260,Prime Plus,Jayanagar,Tumkur Road,84.0,70.0,Not Applicable,Not Applicable,No,Not Applicable,284,Cash,49,4.3,4.0
2024-07-23 05:34:00,CNR7214624415,Success,CID875080,Prime Sedan,Richmond Town,Majestic,147.0,40.0,Not Applicable,Not Applicable,No,Not Applicable,128,Cash,24,4.3,4.1
2024-07-30 02:47:00,CNR6809319753,Success,CID150129,Prime SUV,Basavanagudi,Banashankari,301.0,65.0,Not Applicable,Not Applicable,No,Not Applicable,360,UPI,49,4.9,3.4
2024-07-20 08:20:00,CNR5669779802,Canceled by Driver,CID235359,Bike,Kadugodi,KR Puram,,,Not Applicable,Personal & Car related issue,Not Applicable,Not Applicable,187,Not Applicable,0,,
2024-07-16 01:21:00,CNR7600243895,Canceled by Driver,CID955390,Auto,Nagarbhavi,Bellandur,,,Not Applicable,Customer was coughing/sick,Not Applicable,Not Applicable,322,Not Applicable,0,,
2024-07-13 15:01:00,CNR4086124710,Canceled by Customer,CID749392,eBike,Kammanahalli,BTM Layout,,,Change of plans,Not Applicable,Not Applicable,Not Applicable,129,Not Applicable,0,,
2024-07-02 09:44:00,CNR3677668495,Success,CID671972,Mini,Kammanahalli,Hulimavu,154.0,70.0,Not Applicable,Not Applicable,No,Not Applicable,150,Cash,16,4.6,4.0
2024-07-04 20:36:00,CNR4083918846,Success,CID996504,eBike,Ramamurthy Nagar,BTM Layout,126.0,45.0,Not Applicable,Not Applicable,No,Not Applicable,2974,UPI,25,4.9,5.0
2024-07-28 12:03:00,CNR6672864439,Driver Not Found,CID104528,Prime Sedan,Ramamurthy Nagar,Chamarajpet,,,Not Applicable,Not Applicable,Not Applicable,Not Applicable,1032,Not Applicable,0,,
2024-07-27 01:32:00,CNR9194927501,Success,CID413279,eBike,Whitefield,Malleshwaram,273.0,45.0,Not Applicable,Not Applicable,No,Not Applicable,900,UPI,9,4.8,4.8
2024-07-25 08:58:00,CNR8505731449,Success,CID950113,Prime Sedan,Mysore Road,Shantinagar,210.0,40.0,Not Applicable,Not Applicable,No,Not Applicable,332,Cash,27,3.4,4.7
2024-07-04 23:24:00,CNR1886258507,Success,CID511208,Prime Sedan,Shivajinagar,MG Road,175.0,75.0,Not Applicable,Not Applicable,No,Not Applicable,1640,UPI,40,4.6,4.4
2024-07-29 17:34:00,CNR9104270420,Success,CID699070,eBike,Rajajinagar,Nagarbhavi,175.0,50.0,Not Applicable,Not Applicable,No,Not Applicable,2658,UPI,1,3.3,4.1
2024-07-13 10:51:00,CNR6041841041,Success,CID316714,Prime Plus,Padmanabhanagar,RT Nagar,154.0,100.0,Not Applicable,Not Applicable,No,Not Applicable,466,Cash,36,4.5,4.1
2024-07-27 07:45:00,CNR1667744729,Success,CID747886,Mini,Sahakar Nagar,JP Nagar,63.0,60.0,Not Applicable,Not Applicable,No,Not Applicable,483,UPI,40,4.1,4.3
2024-07-17 15:08:00,CNR4487594486,Success,CID801582,Prime SUV,Jayanagar,Malleshwaram,182.0,135.0,Not Applicable,Not Applicable,No,Not Applicable,924,Cash,46,3.2,3.3
2024-07-05 18:07:00,CNR3640537997,Success,CID573640,Bike,Hosur Road,Hosur Road,42.0,145.0,Not Applicable,Not Applicable,No,Not Applicable,2112,Cash,36,4.2,4.2
2024-07-28 01:57:00,CNR2698829565,Success,CID483978,Prime Plus,Bellandur,MG Road,231.0,65.0,Not Applicable,Not Applicable,No,Not Applicable,294,UPI,7,4.5,3.8
2024-07-08 06:31:00,CNR3547218140,Success,CID604465,Prime SUV,Yelahanka,Hulimavu,224.0,110.0,Not Applicable,Not Applicable,No,Not Applicable,208,UPI,45,3.3,4.2
2024-07-04 11:52:00,CNR5867245850,Success,CID875184,Prime SUV,HSR Layout,Peenya,154.0,100.0,Not Applicable,Not Applicable,No,Not Applicable,229,Cash,31,4.3,4.4
2024-07-25 00:30:00,CNR7574076111,Driver Not Found,CID113303,Prime SUV,Shivajinagar,Shivajinagar,,,Not Applicable,Not Applicable,Not Applicable,Not Applicable,452,Not Applicable,0,,
2024-07-26 12:49:00,CNR8798245524,Canceled by Driver,CID305790,Auto,Rajarajeshwari Nagar,Chickpet,,,Not Applicable,Personal & Car related issue,Not Applicable,Not Applicable,419,Not Applicable,0,,
2024-07-16 03:03:00,CNR3974346292,Success,CID573804,Prime Sedan,Ulsoor,Chamarajpet,105.0,130.0,Not Applicable,Not Applicable,No,Not Applicable,173,Credit Card,18,3.4,3.6
2024-07-09 16:38:00,CNR4330115295,Canceled by Driver,CID480400,Auto,Tumkur Road,Kammanahalli,,,Not Applicable,Personal & Car related issue,Not Applicable,Not Applicable,276,Not Applicable,0,,
2024-07-23 15:11:00,CNR9046508826,Canceled by Driver,CID299018,Bike,Bannerghatta Road,Magadi Road,,,Not Applicable,Personal & Car related issue,Not Applicable,Not Applicable,475,Not Applicable,0,,
2024-07-25 18:48:00,CNR1848901033,Success,CID100474,Prime Sedan,Devanahalli,Jayanagar,238.0,135.0,Not Applicable,Not Applicable,No,Not Applicable,2412,Debit Card,49,4.0,3.3
2024-07-18 13:32:00,CNR9737284291,Driver Not Found,CID223139,Prime Plus,Bellandur,Indiranagar,,,Not Applicable,Not Applicable,Not Applicable,Not Applicable,413,Not Applicable,0,,
2024-07-03 05:39:00,CNR6626214754,Success,CID468798,Auto,Hebbal,Chamarajpet,133.0,130.0,Not Applicable,Not Applicable,No,Not Applicable,1472,Cash,7,4.0,4.3
2024-07-09 17:01:00,CNR7506432626,Canceled by Driver,CID730244,Prime Sedan,Langford Town,Marathahalli,,,Not Applicable,Personal & Car related issue,Not Applicable,Not Applicable,132,Not Applicable,0,,
2024-07-10 20:06:00,CNR9602970263,Canceled by Driver,CID206992,Prime Sedan,Rajajinagar,Malleshwaram,,,Not Applicable,Customer related issue,Not Applicable,Not Applicable,2189,Not Applicable,0,,
2024-07-06 01:58:00,CNR2884040808,Driver Not Found,CID312642,Prime Sedan,Devanahalli,MG Road,,,Not Applicable,Not Applicable,Not Applicable,Not Applicable,243,Not Applicable,0,,
2024-07-08 21:29:00,CNR6981561425,Success,CID193543,Prime SUV,Marathahalli,Electronic City,266.0,45.0,Not Applicable,Not Applicable,No,Not Applicable,713,Cash,10,3.6,4.0
2024-07-19 04:00:00,CNR1394269969,Success,CID267795,Prime SUV,Peenya,Chamarajpet,259.0,95.0,Not Applicable,Not Applicable,No,Not Applicable,265,Cash,9,3.8,4.0
2024-07-03 15:20:00,CNR5384551145,Driver Not Found,CID862315,Mini,Chamarajpet,Basavanagudi,,,Not Applicable,Not Applicable,Not Applicable,Not Applicable,464,Not Applicable,0,,
2024-07-04 06:57:00,CNR5299501680,Driver Not Found,CID658018,Prime Plus,Bellandur,Hulimavu,,,Not Applicable,Not Applicable,Not Applicable,Not Applicable,258,Not Applicable,0,,
2024-07-25 00:29:00,CNR3205613882,Canceled by Customer,CID746659,Mini,RT Nagar,Hennur,,,Change of plans,Not Applicable,Not Applicable,Not Applicable,656,Not Applicable,0,,
2024-07-06 18:30:00,CNR3675677231,Success,CID753663,Prime Sedan,Indiranagar,Varthur,161.0,145.0,Not Applicable,Not Applicable,No,Not Applicable,219,UPI,44,3.4,3.4
2024-07-14 01:07:00,CNR5367427149,Canceled by Customer,CID356706,Bike,MG Road,Bellandur,,,Wrong Address,Not Applicable,Not Applicable,Not Applicable,283,Not Applicable,0,,
2024-07-12 14:20:00,CNR8795327342,Canceled by Customer,CID893974,Mini,Peenya,Mysore Road,,,Driver asked to cancel,Not Applicable,Not Applicable,Not Applicable,490,Not Applicable,0,,
2024-07-03 03:57:00,CNR7222234057,Canceled by Driver,CID468033,Prime Sedan,Padmanabhanagar,Bannerghatta Road,,,Not Applicable,More than permitted people in there,Not Applicable,Not Applicable,409,Not Applicable,0,,
2024-07-03 07:30:00,CNR1553716595,Success,CID530058,Prime Sedan,Ulsoor,Marathahalli,98.0,30.0,Not Applicable,Not Applicable,No,Not Applicable,729,UPI,45,4.2,3.4
2024-07-01 01:31:00,CNR9214891492,Canceled by Driver,CID441760,Auto,BTM Layout,Rajajinagar,,,Not Applicable,Customer related issue,Not Applicable,Not Applicable,417,Not Applicable,0,,
2024-07-28 23:07:00,CNR5050000877,Success,CID399157,Auto,Mysore Road,Magadi Road,133.0,110.0,Not Applicable,Not Applicable,No,Not Applicable,324,Cash,19,3.9,4.1
2024-07-27 00:17:00,CNR9938285964,Success,CID119691,Mini,Hennur,Basavanagudi,42.0,45.0,Not Applicable,Not Applicable,No,Not Applicable,407,Cash,45,4.9,3.0
2024-07-29 16:16:00,CNR1866867175,Success,CID678272,Prime SUV,Peenya,HSR Layout,77.0,45.0,Not Applicable,Not Applicable,No,Not Applicable,379,Cash,48,3.2,4.4
2024-07-12 04:30:00,CNR6916884978,Canceled by Driver,CID136633,Bike,Banashankari,Bellandur,,,Not Applicable,Customer related issue,Not Applicable,Not Applicable,551,Not Applicable,0,,
2024-07-07 13:08:00,CNR5741933541,Canceled by Customer,CID282466,Auto,Bannerghatta Road,Nagarbhavi,,,AC is Not working,Not Applicable,Not Applicable,Not Applicable,139,Not Applicable,0,,
2024-07-19 07:46:00,CNR6497826333,Success,CID929145,Mini,Magadi Road,Ramamurthy Nagar,133.0,100.0,Not Applicable,Not Applicable,No,Not Applicable,690,UPI,22,4.2,3.2
2024-07-27 18:02:00,CNR6976288884,Canceled by Driver,CID381182,eBike,Ulsoor,BTM Layout,,,Not Applicable,Personal & Car related issue,Not Applicable,Not Applicable,624,Not Applicable,0,,
2024-07-02 03:40:00,CNR5219469709,Canceled by Driver,CID588131,Prime Plus,Banashankari,Majestic,,,Not Applicable,Personal & Car related issue,Not Applicable,Not Applicable,499,Not Applicable,0,,
2024-07-23 10:13:00,CNR2314727883,Success,CID986048,eBike,Mysore Road,Ulsoor,56.0,95.0,Not Applicable,Not Applicable,Yes,Vehicle Breakdown,984,Cash,11,4.3,3.4
2024-07-08 02:13:00,CNR6734315984,Success,CID959463,Auto,Hosur Road,Kengeri,287.0,115.0,Not Applicable,Not Applicable,No,Not Applicable,480,Cash,12,3.4,4.7
2024-07-21 21:39:00,CNR7566610285,Success,CID311150,Prime SUV,Yeshwanthpur,Mysore Road,203.0,45.0,Not Applicable,Not Applicable,No,Not Applicable,350,UPI,3,3.6,4.4
2024-07-20 04:03:00,CNR7613180132,Success,CID538434,Prime Sedan,Yeshwanthpur,Yelahanka,224.0,130.0,Not Applicable,Not Applicable,Yes,Customer Demand,300,Cash,28,3.4,3.5
2024-07-13 14:53:00,CNR4770967485,Success,CID398921,Prime Plus,HSR Layout,Richmond Town,294.0,115.0,Not Applicable,Not Applicable,No,Not Applicable,206,Cash,45,3.7,3.4
2024-07-04 08:58:00,CNR2291196440,Driver Not Found,CID469241,Prime Plus,Hosur Road,BTM Layout,,,Not Applicable,Not Applicable,Not Applicable,Not Applicable,495,Not Applicable,0,,
2024-07-10 10:49:00,CNR7113612784,Success,CID461380,Prime Plus,Sahakar Nagar,Varthur,217.0,85.0,Not Applicable,Not Applicable,No,Not Applicable,243,Cash,15,3.4,4.1
2024-07-12 05:34:00,CNR1177806457,Driver Not Found,CID409769,Bike,Banashankari,Malleshwaram,,,Not Applicable,Not Applicable,Not Applicable,Not Applicable,208,Not Applicable,0,,
2024-07-28 14:33:00,CNR3178757904,Success,CID934714,eBike,Sahakar Nagar,Banashankari,308.0,145.0,Not Applicable,Not Applicable,No,Not Applicable,538,Cash,28,4.3,4.8
2024-07-21 22:37:00,CNR3974813669,Canceled by Customer,CID143334,eBike,Marathahalli,Shantinagar,,,Change of plans,Not Applicable,Not Applicable,Not Applicable,122,Not Applicable,0,,
2024-07-11 19:59:00,CNR2313747170,Driver Not Found,CID186445,Prime Sedan,Kadugodi,Mysore Road,,,Not Applicable,Not Applicable,Not Applicable,Not Applicable,257,Not Applicable,0,,
2024-07-16 22:37:00,CNR7731415087,Success,CID687484,Auto,Banashankari,Kengeri,182.0,80.0,Not Applicable,Not Applicable,No,Not Applicable,315,UPI,1,3.7,3.4
2024-07-29 18:02:00,CNR2247987805,Canceled by Driver,CID944402,Mini,Indiranagar,Kengeri,,,Not Applicable,Personal & Car related issue,Not Applicable,Not Applicable,476,Not Applicable,0,,
2024-07-24 09:02:00,CNR3687756851,Canceled by Driver,CID839565,Prime SUV,Hennur,Electronic City,,,Not Applicable,Customer related issue,Not Applicable,Not Applicable,802,Not Applicable,0,,
2024-07-20 13:10:00,CNR2560803860,Success,CID329468,Auto,Magadi Road,Ramamurthy Nagar,168.0,45.0,Not Applicable,Not Applicable,No,Not Applicable,393,Cash,6,4.7,4.7
2024-07-09 07:34:00,CNR4803794499,Success,CID317169,Mini,Indiranagar,Padmanabhanagar,63.0,105.0,Not Applicable,Not Applicable,No,Not Applicable,335,Cash,30,4.9,4.9
2024-07-03 04:06:00,CNR6210830136,Success,CID393309,Auto,Tumkur Road,Hosur Road,301.0,60.0,Not Applicable,Not Applicable,No,Not Applicable,2489,Cash,8,4.7,4.6
2024-07-07 23:07:00,CNR4660067946,Success,CID786702,Bike,Shantinagar,Whitefield,35.0,130.0,Not Applicable,Not Applicable,No,Not Applicable,631,Cash,13,4.1,4.7
2024-07-09 17:12:00,CNR9890367741,Canceled by Customer,CID227461,Mini,Padmanabhanagar,Hosur Road,,,Driver is not moving towards pickup location,Not Applicable,Not Applicable,Not Applicable,120,Not Applicable,0,,
2024-07-21 13:30:00,CNR2781894909,Canceled by Driver,CID187006,Mini,Whitefield,RT Nagar,,,Not Applicable,Personal & Car related issue,Not Applicable,Not Applicable,117,Not Applicable,0,,
2024-07-15 03:18:00,CNR8671944313,Success,CID489015,Bike,Rajajinagar,Hebbal,203.0,65.0,Not Applicable,Not Applicable,No,Not Applicable,666,Cash,9,3.9,3.1
2024-07-29 16:49:00,CNR2135591204,Canceled by Driver,CID562805,Auto,Malleshwaram,Kengeri,,,Not Applicable,Customer was coughing/sick,Not Applicable,Not Applicable,319,Not Applicable,0,,
2024-07-29 13:08:00,CNR7913210387,Success,CID642741,Bike,Richmond Town,HSR Layout,252.0,45.0,Not Applicable,Not Applicable,No,Not Applicable,722,UPI,13,4.2,3.7
2024-07-12 07:59:00,CNR5353171045,Success,CID474577,Prime Sedan,Hennur,Ulsoor,154.0,55.0,Not Applicable,Not Applicable,No,Not Applicable,2171,UPI,10,3.2,3.7
2024-07-28 10:54:00,CNR7525130999,Driver Not Found,CID460294,Auto,Cox Town,Richmond Town,,,Not Applicable,Not Applicable,Not Applicable,Not Applicable,954,Not Applicable,0,,
2024-07-17 02:28:00,CNR9469232304,Success,CID292915,Bike,Sahakar Nagar,Hosur Road,252.0,140.0,Not Applicable,Not Applicable,No,Not Applicable,448,Credit Card,12,3.4,4.3
2024-07-12 09:29:00,CNR9501296213,Success,CID602571,eBike,Vijayanagar,Basavanagudi,119.0,85.0,Not Applicable,Not Applicable,No,Not Applicable,176,UPI,35,5.0,4.6
2024-07-10 02:30:00,CNR8704810004,Canceled by Driver,CID505661,Bike,Varthur,Varthur,,,Not Applicable,Customer related issue,Not Applicable,Not Applicable,155,Not Applicable,0,,
2024-07-22 18:10:00,CNR9145881840,Success,CID404738,Auto,Vijayanagar,Hosur Road,210.0,35.0,Not Applicable,Not Applicable,No,Not Applicable,420,Cash,2,3.3,3.6
2024-07-30 03:58:00,CNR1682544241,Driver Not Found,CID764817,Prime Sedan,Yelahanka,Malleshwaram,,,Not Applicable,Not Applicable,Not Applicable,Not Applicable,2615,Not Applicable,0,,
2024-07-26 23:45:00,CNR5918266729,Success,CID654907,Mini,Shantinagar,Hebbal,294.0,30.0,Not Applicable,Not Applicable,No,Not Applicable,438,UPI,44,3.9,3.4
2024-07-29 06:34:00,CNR4962640513,Canceled by Driver,CID104680,Prime Plus,Tumkur Road,Hulimavu,,,Not Applicable,Customer related issue,Not Applicable,Not Applicable,888,Not Applicable,0,,
2024-07-09 08:04:00,CNR1073983622,Success,CID152512,Prime Plus,Bannerghatta Road,HSR Layout,105.0,125.0,Not Applicable,Not Applicable,No,Not Applicable,290,Cash,24,4.9,4.0
2024-07-21 00:37:00,CNR4563408837,Success,CID604705,Prime Sedan,Hebbal,Sahakar Nagar,189.0,90.0,Not Applicable,Not Applicable,No,Not Applicable,116,UPI,19,4.8,3.1
2024-07-16 06:30:00,CNR4599252615,Success,CID909391,Prime SUV,Hulimavu,Shivajinagar,196.0,30.0,Not Applicable,Not Applicable,No,Not Applicable,516,Cash,46,3.3,3.7
2024-07-27 19:10:00,CNR7733725381,Success,CID772977,eBike,MG Road,Bannerghatta Road,168.0,75.0,Not Applicable,Not Applicable,No,Not Applicable,206,Cash,20,4.4,4.3
2024-07-25 13:08:00,CNR9889722326,Canceled by Customer,CID412365,Prime Plus,Kadugodi,Richmond Town,,,Driver asked to cancel,Not Applicable,Not Applicable,Not Applicable,480,Not Applicable,0,,
2024-07-15 15:38:00,CNR4189654844,Success,CID756943,Bike,Frazer Town,Marathahalli,259.0,70.0,Not Applicable,Not Applicable,No,Not Applicable,344,Cash,30,4.3,3.6
2024-07-19 04:25:00,CNR7587290396,Success,CID954326,Mini,Ramamurthy Nagar,Electronic City,42.0,110.0,Not Applicable,Not Applicable,No,Not Applicable,232,Cash,34,3.7,3.5
2024-07-28 08:36:00,CNR3054777312,Success,CID407398,Prime Plus,Padmanabhanagar,Cox Town,161.0,115.0,Not Applicable,Not Applicable,No,Not Applicable,896,Cash,31,3.7,4.0
2024-07-23 22:58:00,CNR5698781041,Success,CID138938,Mini,Yeshwanthpur,Sarjapur Road,154.0,80.0,Not Applicable,Not Applicable,No,Not Applicable,203,Cash,8,4.3,4.5
2024-07-11 02:28:00,CNR7787247242,Canceled by Customer,CID498867,Auto,Hennur,Bannerghatta Road,,,AC is Not working,Not Applicable,Not Applicable,Not Applicable,106,Not Applicable,0,,
2024-07-25 13:51:00,CNR1784924200,Success,CID747641,Prime Sedan,Langford Town,Rajajinagar,42.0,40.0,Not Applicable,Not Applicable,No,Not Applicable,123,Cash,31,4.0,3.2
2024-07-16 14:20:00,CNR1290608748,Driver Not Found,CID261815,Auto,Magadi Road,Kadugodi,,,Not Applicable,Not Applicable,Not Applicable,Not Applicable,118,Not Applicable,0,,
2024-07-09 17:13:00,CNR8886042461,Success,CID952122,Prime Plus,Bannerghatta Road,Magadi Road,161.0,120.0,Not Applicable,Not Applicable,No,Not Applicable,865,Cash,19,4.2,4.1
2024-07-10 16:31:00,CNR5175891592,Success,CID657975,eBike,MG Road,Padmanabhanagar,77.0,50.0,Not Applicable,Not Applicable,No,Not Applicable,291,Cash,18,4.5,4.4
2024-07-28 03:01:00,CNR5631864963,Canceled by Driver,CID963439,Prime SUV,Vijayanagar,BTM Layout,,,Not Applicable,Customer related issue,Not Applicable,Not Applicable,715,Not Applicable,0,,
2024-07-29 10:53:00,CNR7666487466,Success,CID111680,Auto,Hosur Road,Koramangala,224.0,35.0,Not Applicable,Not Applicable,No,Not Applicable,298,Cash,2,4.4,3.3
2024-07-18 16:25:00,CNR2223954962,Success,CID344212,eBike,Cox Town,Rajarajeshwari Nagar,308.0,70.0,Not Applicable,Not Applicable,No,Not Applicable,1770,UPI,43,3.8,4.7
2024-07-18 15:15:00,CNR3228322762,Driver Not Found,CID702275,Bike,BTM Layout,RT Nagar,,,Not Applicable,Not Applicable,Not Applicable,Not Applicable,248,Not Applicable,0,,
2024-07-07 17:46:00,CNR4522108586,Success,CID914646,Mini,Shivajinagar,Padmanabhanagar,294.0,140.0,Not Applicable,Not Applicable,No,Not Applicable,903,Cash,9,3.3,4.5
2024-07-22 09:28:00,CNR2976638373,Success,CID905975,Bike,Magadi Road,Chickpet,84.0,35.0,Not Applicable,Not Applicable,No,Not Applicable,230,UPI,34,3.0,3.7
2024-07-05 10:07:00,CNR7781370607,Canceled by Customer,CID483104,Prime SUV,Hebbal,Mysore Road,,,Wrong Address,Not Applicable,Not Applicable,Not Applicable,269,Not Applicable,0,,
2024-07-17 10:58:00,CNR2627145942,Driver Not Found,CID542753,Bike,Sahakar Nagar,Hosur Road,,,Not Applicable,Not Applicable,Not Applicable,Not Applicable,287,Not Applicable,0,,
2024-07-18 16:26:00,CNR1868754255,Success,CID697585,Mini,Jayanagar,Ulsoor,63.0,55.0,Not Applicable,Not Applicable,No,Not Applicable,323,UPI,27,3.2,4.8
2024-07-25 01:07:00,CNR7688574532,Canceled by Driver,CID204304,Prime SUV,Mysore Road,KR Puram,,,Not Applicable,Customer was coughing/sick,Not Applicable,Not Applicable,156,Not Applicable,0,,
2024-07-15 23:41:00,CNR4257979282,Success,CID517577,eBike,Shantinagar,RT Nagar,308.0,85.0,Not Applicable,Not Applicable,No,Not Applicable,249,Cash,13,4.4,3.7
2024-07-29 11:57:00,CNR2754930675,Canceled by Driver,CID526781,Prime Plus,Cox Town,Whitefield,,,Not Applicable,Personal & Car related issue,Not Applicable,Not Applicable,394,Not Applicable,0,,
2024-07-21 11:22:00,CNR7671853673,Success,CID772821,Auto,Peenya,Ramamurthy Nagar,196.0,35.0,Not Applicable,Not Applicable,No,Not Applicable,144,UPI,8,3.8,4.3
2024-07-05 17:59:00,CNR2496049226,Driver Not Found,CID662122,Auto,MG Road,Padmanabhanagar,,,Not Applicable,Not Applicable,Not Applicable,Not Applicable,589,Not Applicable,0,,
2024-07-09 10:02:00,CNR1291862782,Success,CID139846,Prime SUV,Hebbal,Cox Town,98.0,55.0,Not Applicable,Not Applicable,No,Not Applicable,445,Cash,16,4.8,3.1
2024-07-19 17:12:00,CNR8468477924,Success,CID614354,Mini,Shivajinagar,Malleshwaram,252.0,70.0,Not Applicable,Not Applicable,No,Not Applicable,739,UPI,11,4.6,3.6
2024-07-23 01:36:00,CNR4528952747,Success,CID689546,eBike,Chamarajpet,Kadugodi,84.0,130.0,Not Applicable,Not Applicable,No,Not Applicable,313,UPI,27,4.9,4.3
2024-07-16 18:14:00,CNR3894955170,Success,CID792830,Prime Plus,Frazer Town,Kammanahalli,308.0,35.0,Not Applicable,Not Applicable,No,Not Applicable,957,UPI,16,3.0,4.5
2024-07-24 20:04:00,CNR5777100298,Success,CID269068,Mini,Kengeri,Rajajinagar,70.0,25.0,Not Applicable,Not Applicable,No,Not Applicable,485,Cash,40,3.8,3.5
2024-07-27 22:19:00,CNR6421666941,Canceled by Customer,CID821859,Prime Sedan,Chamarajpet,JP Nagar,,,Change of plans,Not Applicable,Not Applicable,Not Applicable,206,Not Applicable,0,,
2024-07-26 04:33:00,CNR2275468608,Success,CID395911,Auto,Tumkur Road,Banashankari,42.0,90.0,Not Applicable,Not Applicable,No,Not Applicable,119,UPI,8,4.9,3.8
2024-07-03 01:28:00,CNR1272909366,Success,CID473416,Prime Plus,Magadi Road,Basavanagudi,140.0,115.0,Not Applicable,Not Applicable,No,Not Applicable,639,Cash,35,4.7,4.6
2024-07-04 02:50:00,CNR8358822773,Success,CID649702,Auto,Ulsoor,Ulsoor,266.0,120.0,Not Applicable,Not Applicable,No,Not Applicable,432,Cash,16,3.4,4.5
2024-07-27 10:57:00,CNR6454745206,Driver Not Found,CID619930,Bike,RT Nagar,Jayanagar,,,Not Applicable,Not Applicable,Not Applicable,Not Applicable,390,Not Applicable,0,,
2024-07-13 17:30:00,CNR5920238174,Canceled by Customer,CID867276,Prime SUV,Koramangala,BTM Layout,,,Driver asked to cancel,Not Applicable,Not Applicable,Not Applicable,471,Not Applicable,0,,
2024-07-08 12:03:00,CNR7594154506,Success,CID893521,Auto,Indiranagar,Indiranagar,168.0,105.0,Not Applicable,Not Applicable,No,Not Applicable,451,Cash,18,4.3,4.1
2024-07-18 00:57:00,CNR5572956575,Canceled by Driver,CID102473,Prime Plus,Hulimavu,Whitefield,,,Not Applicable,More than permitted people in there,Not Applicable,Not Applicable,117,Not Applicable,0,,
2024-07-30 12:37:00,CNR2162087690,Success,CID947296,Bike,Frazer Town,Basavanagudi,189.0,115.0,Not Applicable,Not Applicable,No,Not Applicable,746,Cash,10,3.5,3.8
2024-07-13 14:26:00,CNR5346364273,Success,CID702571,Mini,Rajarajeshwari Nagar,Marathahalli,301.0,105.0,Not Applicable,Not Applicable,No,Not Applicable,188,Cash,20,3.7,4.8
2024-07-22 03:42:00,CNR7933523390,Success,CID840394,Auto,Bellandur,RT Nagar,175.0,60.0,Not Applicable,Not Applicable,No,Not Applicable,166,UPI,7,4.5,3.5
2024-07-30 11:09:00,CNR6354994044,Success,CID758529,Prime SUV,Yeshwanthpur,Shantinagar,147.0,105.0,Not Applicable,Not Applicable,No,Not Applicable,129,Cash,14,4.6,3.5
2024-07-04 17:41:00,CNR4711213514,Success,CID588395,Mini,KR Puram,Bannerghatta Road,175.0,115.0,Not Applicable,Not Applicable,No,Not Applicable,114,Cash,28,4.5,4.1
2024-07-02 14:50:00,CNR5583654442,Success,CID827850,Prime Plus,Peenya,Nagarbhavi,182.0,40.0,Not Applicable,Not Applicable,No,Not Applicable,349,Cash,22,4.8,4.0
2024-07-12 13:29:00,CNR5883003685,Success,CID424143,Bike,Rajarajeshwari Nagar,Majestic,161.0,95.0,Not Applicable,Not Applicable,No,Not Applicable,457,UPI,3,3.3,4.0
2024-07-16 17:01:00,CNR2003453777,Success,CID245884,Bike,Tumkur Road,Malleshwaram,182.0,55.0,Not Applicable,Not Applicable,No,Not Applicable,239,UPI,20,4.3,4.7
2024-07-04 01:35:00,CNR8736358699,Success,CID266752,Mini,MG Road,Langford Town,70.0,140.0,Not Applicable,Not Applicable,No,Not Applicable,295,Cash,48,3.3,3.9
2024-07-07 11:48:00,CNR5494423045,Canceled by Customer,CID462888,Mini,Kengeri,Ramamurthy Nagar,,,Driver is not moving towards pickup location,Not Applicable,Not Applicable,Not Applicable,217,Not Applicable,0,,
2024-07-22 20:00:00,CNR6482348319,Canceled by Customer,CID810547,eBike,Frazer Town,HSR Layout,,,Driver asked to cancel,Not Applicable,Not Applicable,Not Applicable,458,Not Applicable,0,,
2024-07-23 10:47:00,CNR3965272330,Success,CID988724,Mini,Varthur,Marathahalli,210.0,65.0,Not Applicable,Not Applicable,No,Not Applicable,271,UPI,38,3.3,4.2
2024-07-19 17:32:00,CNR3597759281,Success,CID711530,Mini,Whitefield,Bellandur,105.0,80.0,Not Applicable,Not Applicable,No,Not Applicable,442,Cash,32,3.9,4.5
2024-07-20 22:36:00,CNR4452008617,Success,CID434824,Prime Sedan,Basavanagudi,Chickpet,175.0,25.0,Not Applicable,Not Applicable,No,Not Applicable,616,Cash,21,4.8,3.0
2024-07-13 12:57:00,CNR1195121245,Success,CID387724,eBike,RT Nagar,Majestic,182.0,70.0,Not Applicable,Not Applicable,No,Not Applicable,580,Cash,1,3.7,3.7
2024-07-17 12:46:00,CNR9019436465,Canceled by Driver,CID848422,Bike,Jayanagar,Mysore Road,,,Not Applicable,Customer related issue,Not Applicable,Not Applicable,1862,Not Applicable,0,,
2024-07-23 13:23:00,CNR6694394684,Canceled by Driver,CID800629,Auto,Hennur,Richmond Town,,,Not Applicable,Personal & Car related issue,Not Applicable,Not Applicable,336,Not Applicable,0,,
2024-07-28 04:11:00,CNR4932186273,Canceled by Driver,CID472105,Auto,Whitefield,Nagarbhavi,,,Not Applicable,Customer related issue,Not Applicable,Not Applicable,543,Not Applicable,0,,
2024-07-15 12:59:00,CNR3654369843,Success,CID592090,Bike,Bannerghatta Road,Kadugodi,238.0,115.0,Not Applicable,Not Applicable,No,Not Applicable,184,Cash,13,4.6,3.5
2024-07-11 01:36:00,CNR4446534956,Success,CID375855,Bike,Basavanagudi,Sarjapur Road,210.0,140.0,Not Applicable,Not Applicable,No,Not Applicable,310,UPI,37,4.9,3.1
2024-07-27 04:17:00,CNR7862312027,Success,CID321941,eBike,Rajarajeshwari Nagar,Kadugodi,56.0,125.0,Not Applicable,Not Applicable,No,Not Applicable,116,Cash,2,4.2,4.6
2024-07-27 11:53:00,CNR2650517668,Success,CID624353,eBike,Peenya,Hebbal,140.0,55.0,Not Applicable,Not Applicable,No,Not Applicable,307,Cash,42,4.6,3.0
2024-07-21 19:58:00,CNR6726181832,Canceled by Driver,CID339247,Bike,Kadugodi,Hulimavu,,,Not Applicable,Customer related issue,Not Applicable,Not Applicable,543,Not Applicable,0,,
2024-07-06 05:49:00,CNR7009770907,Success,CID683255,eBike,Indiranagar,Marathahalli,42.0,25.0,Not Applicable,Not Applicable,No,Not Applicable,290,Cash,21,3.2,3.2
2024-07-01 18:56:00,CNR3713879256,Success,CID615942,Prime SUV,Hosur Road,BTM Layout,182.0,110.0,Not Applicable,Not Applicable,No,Not Applicable,639,Cash,7,3.4,4.9
2024-07-01 17:25:00,CNR7883572347,Canceled by Driver,CID737050,eBike,Ramamurthy Nagar,Rajajinagar,,,Not Applicable,Personal & Car related issue,Not Applicable,Not Applicable,256,Not Applicable,0,,
2024-07-20 03:50:00,CNR3076161413,Success,CID595272,Prime SUV,Tumkur Road,Varthur,259.0,115.0,Not Applicable,Not Applicable,No,Not Applicable,181,Cash,22,3.7,3.8
2024-07-30 02:23:00,CNR9034269743,Success,CID366756,Prime SUV,Ulsoor,HSR Layout,294.0,35.0,Not Applicable,Not Applicable,No,Not Applicable,455,UPI,46,4.5,3.5
2024-07-22 08:06:00,CNR3537314415,Success,CID135676,eBike,Banashankari,Jayanagar,126.0,115.0,Not Applicable,Not Applicable,No,Not Applicable,630,Cash,3,3.7,3.3
2024-07-25 08:21:00,CNR4671795206,Success,CID174778,eBike,Kengeri,Shantinagar,252.0,60.0,Not Applicable,Not Applicable,No,Not Applicable,441,UPI,17,3.1,3.6
2024-07-20 18:20:00,CNR1435464768,Driver Not Found,CID650482,Prime Plus,Devanahalli,Ramamurthy Nagar,,,Not Applicable,Not Applicable,Not Applicable,Not Applicable,980,Not Applicable,0,,
2024-07-22 09:27:00,CNR6046505601,Success,CID136536,Prime Sedan,Whitefield,Ulsoor,35.0,55.0,Not Applicable,Not Applicable,No,Not Applicable,135,Cash,47,4.9,3.1
2024-07-29 17:54:00,CNR2434680905,Success,CID975275,Prime Plus,Chamarajpet,KR Puram,119.0,80.0,Not Applicable,Not Applicable,No,Not Applicable,468,Cash,46,5.0,4.1
2024-07-14 15:23:00,CNR6262899694,Success,CID400762,Auto,Padmanabhanagar,Hennur,133.0,70.0,Not Applicable,Not Applicable,No,Not Applicable,323,Cash,3,5.0,3.7
2024-07-22 20:51:00,CNR4622519033,Canceled by Customer,CID230206,Prime SUV,Rajajinagar,Kengeri,,,AC is Not working,Not Applicable,Not Applicable,Not Applicable,489,Not Applicable,0,,
2024-07-12 17:25:00,CNR9626377169,Canceled by Driver,CID622294,Mini,Rajajinagar,Majestic,,,Not Applicable,Customer related issue,Not Applicable,Not Applicable,849,Not Applicable,0,,
2024-07-25 03:29:00,CNR3017728801,Success,CID801662,eBike,Cox Town,Shantinagar,252.0,130.0,Not Applicable,Not Applicable,No,Not Applicable,151,UPI,4,4.1,3.5
2024-07-25 06:24:00,CNR8450955047,Driver Not Found,CID905477,Mini,Kengeri,Kengeri,,,Not Applicable,Not Applicable,Not Applicable,Not Applicable,436,Not Applicable,0,,
2024-07-07 10:10:00,CNR7421497915,Success,CID927131,Prime Sedan,Richmond Town,Whitefield,308.0,75.0,Not Applicable,Not Applicable,Yes,Customer Demand,793,Cash,25,3.1,4.1
2024-07-20 19:43:00,CNR6096525385,Canceled by Driver,CID909682,Auto,Malleshwaram,Kammanahalli,,,Not Applicable,More than permitted people in there,Not Applicable,Not Applicable,241,Not Applicable,0,,
2024-07-07 06:09:00,CNR9937299165,Success,CID203953,Prime Plus,JP Nagar,Tumkur Road,308.0,85.0,Not Applicable,Not Applicable,No,Not Applicable,430,Cash,2,3.3,3.7
2024-07-07 04:13:00,CNR8751261139,Success,CID507793,Prime Plus,Banashankari,BTM Layout,308.0,135.0,Not Applicable,Not Applicable,No,Not Applicable,153,UPI,35,5.0,4.3
2024-07-26 15:57:00,CNR9935887300,Success,CID402947,Mini,MG Road,Ramamurthy Nagar,182.0,100.0,Not Applicable,Not Applicable,No,Not Applicable,284,Cash,16,3.9,3.2
2024-07-04 18:58:00,CNR9978846332,Canceled by Driver,CID817530,Prime SUV,BTM Layout,Kammanahalli,,,Not Applicable,Personal & Car related issue,Not Applicable,Not Applicable,590,Not Applicable,0,,
2024-07-30 06:12:00,CNR4625324025,Success,CID783979,Auto,Indiranagar,Hennur,231.0,125.0,Not Applicable,Not Applicable,No,Not Applicable,306,UPI,11,4.7,3.0
2024-07-30 17:45:00,CNR2589616007,Canceled by Driver,CID127394,Mini,Yeshwanthpur,Indiranagar,,,Not Applicable,Personal & Car related issue,Not Applicable,Not Applicable,211,Not Applicable,0,,
2024-07-11 23:25:00,CNR5307329812,Canceled by Driver,CID417872,Prime SUV,Jayanagar,Nagarbhavi,,,Not Applicable,Customer related issue,Not Applicable,Not Applicable,492,Not Applicable,0,,
2024-07-06 14:55:00,CNR6612414745,Canceled by Driver,CID517823,Prime SUV,Yelahanka,Indiranagar,,,Not Applicable,Customer related issue,Not Applicable,Not Applicable,122,Not Applicable,0,,
2024-07-17 16:32:00,CNR8505952626,Success,CID296878,Auto,Kammanahalli,Bellandur,147.0,55.0,Not Applicable,Not Applicable,No,Not Applicable,328,UPI,5,4.2,4.1
2024-07-06 17:24:00,CNR6612547513,Canceled by Driver,CID670063,Auto,Rajajinagar,Shantinagar,,,Not Applicable,Personal & Car related issue,Not Applicable,Not Applicable,294,Not Applicable,0,,
2024-07-30 13:06:00,CNR1841384850,Success,CID147229,Mini,Malleshwaram,Yeshwanthpur,252.0,130.0,Not Applicable,Not Applicable,No,Not Applicable,487,Cash,45,3.7,4.2
2024-07-02 12:06:00,CNR9246273567,Success,CID165207,Prime Sedan,Koramangala,Mysore Road,287.0,35.0,Not Applicable,Not Applicable,No,Not Applicable,241,UPI,5,3.6,4.7
2024-07-12 15:26:00,CNR7902135982,Driver Not Found,CID399079,eBike,Tumkur Road,RT Nagar,,,Not Applicable,Not Applicable,Not Applicable,Not Applicable,2754,Not Applicable,0,,
2024-07-19 16:20:00,CNR8151005916,Canceled by Driver,CID124600,eBike,Rajajinagar,Majestic,,,Not Applicable,Personal & Car related issue,Not Applicable,Not Applicable,210,Not Applicable,0,,
2024-07-28 12:29:00,CNR2127601642,Canceled by Customer,CID221553,Prime Sedan,Kammanahalli,Bellandur,,,Change of plans,Not Applicable,Not Applicable,Not Applicable,126,Not Applicable,0,,
2024-07-30 23:01:00,CNR6889389680,Canceled by Driver,CID109620,Prime Plus,Chamarajpet,Electronic City,,,Not Applicable,Customer related issue,Not Applicable,Not Applicable,202,Not Applicable,0,,
2024-07-07 01:14:00,CNR2105097697,Success,CID420158,eBike,Ramamurthy Nagar,Hebbal,35.0,95.0,Not Applicable,Not Applicable,No,Not Applicable,301,Cash,16,3.6,3.3
2024-07-27 14:27:00,CNR7644694032,Success,CID955160,Prime Plus,Bannerghatta Road,Ramamurthy Nagar,308.0,145.0,Not Applicable,Not Applicable,No,Not Applicable,138,UPI,36,3.9,4.8
2024-07-15 09:19:00,CNR4734179741,Canceled by Driver,CID249847,eBike,Shantinagar,Shivajinagar,,,Not Applicable,Personal & Car related issue,Not Applicable,Not Applicable,269,Not Applicable,0,,
2024-07-08 17:44:00,CNR2237293334,Success,CID250444,Prime Sedan,Magadi Road,Chickpet,294.0,125.0,Not Applicable,Not Applicable,No,Not Applicable,508,Cash,15,4.6,4.3
2024-07-10 13:50:00,CNR9846702419,Success,CID284942,Bike,Tumkur Road,Vijayanagar,112.0,110.0,Not Applicable,Not Applicable,No,Not Applicable,489,Cash,29,3.7,3.9
2024-07-02 09:40:00,CNR4720656594,Driver Not Found,CID669610,Prime Plus,Hebbal,Hebbal,,,Not Applicable,Not Applicable,Not Applicable,Not Applicable,453,Not Applicable,0,,
2024-07-07 09:21:00,CNR1718046722,Driver Not Found,CID435829,Prime SUV,Majestic,Shantinagar,,,Not Applicable,Not Applicable,Not Applicable,Not Applicable,396,Not Applicable,0,,
2024-07-24 16:37:00,CNR8731598648,Canceled by Driver,CID463269,Prime SUV,Sahakar Nagar,BTM Layout,,,Not Applicable,Customer was coughing/sick,Not Applicable,Not Applicable,153,Not Applicable,0,,
2024-07-04 09:36:00,CNR7780656996,Success,CID669294,Auto,Kadugodi,RT Nagar,84.0,145.0,Not Applicable,Not Applicable,No,Not Applicable,140,Cash,3,3.3,4.2
2024-07-19 11:13:00,CNR4277347752,Canceled by Driver,CID427774,Prime Plus,Langford Town,Hebbal,,,Not Applicable,Customer related issue,Not Applicable,Not Applicable,199,Not Applicable,0,,
2024-07-15 12:20:00,CNR6177988946,Success,CID538313,Prime Plus,Shivajinagar,Padmanabhanagar,294.0,90.0,Not Applicable,Not Applicable,No,Not Applicable,567,UPI,27,4.0,3.9
2024-07-09 10:22:00,CNR9302647149,Success,CID423082,Prime SUV,Whitefield,Hebbal,273.0,75.0,Not Applicable,Not Applicable,No,Not Applicable,129,Cash,44,4.0,4.7
2024-07-03 15:57:00,CNR9037620547,Canceled by Driver,CID844815,Mini,Shantinagar,Koramangala,,,Not Applicable,Personal & Car related issue,Not Applicable,Not Applicable,189,Not Applicable,0,,
2024-07-02 14:38:00,CNR1640545651,Success,CID720171,Prime Sedan,Padmanabhanagar,HSR Layout,42.0,60.0,Not Applicable,Not Applicable,Yes,Other Issue,213,UPI,39,3.0,4.0
2024-07-13 07:02:00,CNR1540883183,Driver Not Found,CID491228,Prime SUV,Sarjapur Road,Varthur,,,Not Applicable,Not Applicable,Not Applicable,Not Applicable,445,Not Applicable,0,,
2024-07-05 14:21:00,CNR4699974829,Success,CID261579,Prime SUV,Ulsoor,Electronic City,259.0,60.0,Not Applicable,Not Applicable,No,Not Applicable,186,Cash,46,4.3,3.6
2024-07-14 12:17:00,CNR6679227652,Canceled by Driver,CID609750,eBike,Hulimavu,Basavanagudi,,,Not Applicable,Customer related issue,Not Applicable,Not Applicable,197,Not Applicable,0,,
2024-07-25 01:58:00,CNR8373816472,Canceled by Customer,CID415327,Prime Sedan,Peenya,Jayanagar,,,Driver is not moving towards pickup location,Not Applicable,Not Applicable,Not Applicable,748,Not Applicable,0,,
2024-07-19 16:13:00,CNR8710067632,Success,CID956094,eBike,Sarjapur Road,HSR Layout,287.0,110.0,Not Applicable,Not Applicable,No,Not Applicable,273,Credit Card,15,3.4,4.3
2024-07-27 06:59:00,CNR4993464959,Success,CID296437,Bike,Marathahalli,Mysore Road,273.0,75.0,Not Applicable,Not Applicable,No,Not Applicable,634,UPI,4,3.7,3.4
2024-07-02 14:25:00,CNR8405958543,Canceled by Driver,CID761377,Auto,Vijayanagar,Koramangala,,,Not Applicable,Customer was coughing/sick,Not Applicable,Not Applicable,629,Not Applicable,0,,
2024-07-27 23:38:00,CNR8591769625,Canceled by Driver,CID782682,eBike,Hennur,KR Puram,,,Not Applicable,Customer related issue,Not Applicable,Not Applicable,805,Not Applicable,0,,
2024-07-12 12:56:00,CNR8363109331,Success,CID239785,Bike,Yelahanka,KR Puram,280.0,115.0,Not Applicable,Not Applicable,No,Not Applicable,330,UPI,34,3.4,3.6
2024-07-28 02:26:00,CNR9363317603,Canceled by Driver,CID470331,Prime Plus,Malleshwaram,Richmond Town,,,Not Applicable,Customer was coughing/sick,Not Applicable,Not Applicable,720,Not Applicable,0,,
2024-07-30 04:40:00,CNR1175194995,Success,CID891635,Auto,Shivajinagar,Kengeri,259.0,50.0,Not Applicable,Not Applicable,No,Not Applicable,330,UPI,12,3.8,3.1
2024-07-04 04:33:00,CNR4959056682,Success,CID593319,Prime Plus,Ulsoor,Mysore Road,210.0,80.0,Not Applicable,Not Applicable,No,Not Applicable,310,Cash,2,3.8,3.5
2024-07-26 01:27:00,CNR7407137751,Driver Not Found,CID366921,Prime Sedan,Kammanahalli,Padmanabhanagar,,,Not Applicable,Not Applicable,Not Applicable,Not Applicable,237,Not Applicable,0,,
2024-07-30 07:49:00,CNR4276918306,Success,CID987978,Prime Plus,Majestic,Richmond Town,56.0,85.0,Not Applicable,Not Applicable,No,Not Applicable,1823,UPI,28,4.1,4.7
2024-07-02 12:40:00,CNR9682839813,Success,CID843369,eBike,Banashankari,Shivajinagar,301.0,70.0,Not Applicable,Not Applicable,No,Not Applicable,344,Cash,19,3.2,4.6
2024-07-08 11:35:00,CNR1938146480,Success,CID732189,eBike,Rajarajeshwari Nagar,Marathahalli,259.0,95.0,Not Applicable,Not Applicable,No,Not Applicable,544,UPI,33,4.7,3.7
2024-07-23 17:57:00,CNR1582622492,Success,CID466789,Auto,Ramamurthy Nagar,Hennur,154.0,75.0,Not Applicable,Not Applicable,No,Not Applicable,1349,Cash,14,4.3,3.1
2024-07-07 02:47:00,CNR9011553058,Canceled by Customer,CID760722,Mini,Yelahanka,HSR Layout,,,AC is Not working,Not Applicable,Not Applicable,Not Applicable,1461,Not Applicable,0,,
2024-07-18 00:44:00,CNR7741463293,Canceled by Driver,CID809684,Bike,Mysore Road,Hosur Road,,,Not Applicable,Personal & Car related issue,Not Applicable,Not Applicable,987,Not Applicable,0,,
2024-07-19 00:20:00,CNR1650320408,Success,CID843102,Mini,Ulsoor,Hennur,56.0,65.0,Not Applicable,Not Applicable,No,Not Applicable,2305,Credit Card,1,3.8,3.7
2024-07-03 02:58:00,CNR9148509243,Success,CID583601,Prime SUV,Hebbal,Chickpet,70.0,110.0,Not Applicable,Not Applicable,No,Not Applicable,290,Cash,46,3.7,4.0
2024-07-16 15:53:00,CNR2112885973,Success,CID347095,eBike,Banashankari,Sarjapur Road,49.0,60.0,Not Applicable,Not Applicable,No,Not Applicable,271,UPI,48,4.9,4.7
2024-07-15 19:47:00,CNR9271301432,Canceled by Driver,CID587460,eBike,JP Nagar,Hulimavu,,,Not Applicable,Personal & Car related issue,Not Applicable,Not Applicable,608,Not Applicable,0,,
2024-07-15 05:25:00,CNR7724929471,Success,CID489117,Mini,Shantinagar,Whitefield,133.0,135.0,Not Applicable,Not Applicable,No,Not Applicable,331,UPI,46,3.6,3.9
2024-07-30 19:37:00,CNR4735514249,Success,CID569898,Prime Sedan,Richmond Town,Yelahanka,238.0,105.0,Not Applicable,Not Applicable,No,Not Applicable,948,UPI,5,4.2,4.0
2024-07-09 14:17:00,CNR3179120117,Canceled by Driver,CID112274,Prime Sedan,Sahakar Nagar,Koramangala,,,Not Applicable,Personal & Car related issue,Not Applicable,Not Applicable,874,Not Applicable,0,,
2024-07-19 21:14:00,CNR7314225925,Success,CID439265,Prime Sedan,Ramamurthy Nagar,Chickpet,175.0,75.0,Not Applicable,Not Applicable,No,Not Applicable,226,Cash,5,4.3,3.9
2024-07-05 22:57:00,CNR6340818220,Canceled by Driver,CID847986,Prime SUV,MG Road,Cox Town,,,Not Applicable,Personal & Car related issue,Not Applicable,Not Applicable,231,Not Applicable,0,,
2024-07-21 06:27:00,CNR9559905890,Canceled by Customer,CID720936,Bike,Chamarajpet,Bannerghatta Road,,,Driver asked to cancel,Not Applicable,Not Applicable,Not Applicable,157,Not Applicable,0,,
2024-07-04 13:07:00,CNR6342368200,Success,CID419054,Prime SUV,KR Puram,Sarjapur Road,49.0,40.0,Not Applicable,Not Applicable,No,Not Applicable,366,UPI,10,4.8,3.4
2024-07-14 06:07:00,CNR9575100704,Canceled by Driver,CID137663,Bike,Kengeri,HSR Layout,,,Not Applicable,Personal & Car related issue,Not Applicable,Not Applicable,440,Not Applicable,0,,
2024-07-09 05:15:00,CNR5276323960,Success,CID582333,Auto,Rajajinagar,HSR Layout,308.0,120.0,Not Applicable,Not Applicable,No,Not Applicable,2311,UPI,2,3.5,3.9
2024-07-04 22:31:00,CNR9328721077,Canceled by Driver,CID738942,Prime SUV,Sarjapur Road,Hennur,,,Not Applicable,Customer was coughing/sick,Not Applicable,Not Applicable,311,Not Applicable,0,,
2024-07-12 00:52:00,CNR7023898588,Success,CID593138,Prime Plus,JP Nagar,Sarjapur Road,147.0,85.0,Not Applicable,Not Applicable,No,Not Applicable,256,UPI,45,3.1,3.6
2024-07-11 12:45:00,CNR6453438106,Success,CID468980,Auto,KR Puram,Hulimavu,119.0,50.0,Not Applicable,Not Applicable,No,Not Applicable,940,Cash,16,3.1,3.2
2024-07-19 01:55:00,CNR1129447047,Success,CID217416,Auto,Hennur,Whitefield,105.0,95.0,Not Applicable,Not Applicable,No,Not Applicable,232,UPI,12,4.9,4.4
2024-07-18 17:59:00,CNR6754520809,Success,CID423592,Mini,Nagarbhavi,Shantinagar,63.0,25.0,Not Applicable,Not Applicable,No,Not Applicable,270,Cash,11,4.2,3.7
2024-07-27 05:56:00,CNR7606511026,Canceled by Customer,CID326766,Prime SUV,Rajarajeshwari Nagar,Peenya,,,AC is Not working,Not Applicable,Not Applicable,Not Applicable,277,Not Applicable,0,,
2024-07-28 18:57:00,CNR1274520505,Success,CID844110,Bike,Yeshwanthpur,Tumkur Road,63.0,95.0,Not Applicable,Not Applicable,No,Not Applicable,805,Cash,47,3.2,4.2
2024-07-28 23:34:00,CNR1766060504,Success,CID628744,Prime Sedan,Koramangala,Hebbal,84.0,115.0,Not Applicable,Not Applicable,No,Not Applicable,314,UPI,46,3.9,3.3
2024-07-29 22:12:00,CNR1567206420,Success,CID139468,Mini,Richmond Town,Nagarbhavi,294.0,55.0,Not Applicable,Not Applicable,No,Not Applicable,157,UPI,3,4.9,4.2
2024-07-02 07:18:00,CNR7797945231,Success,CID908689,Prime SUV,Ulsoor,Ulsoor,231.0,65.0,Not Applicable,Not Applicable,No,Not Applicable,316,UPI,4,4.9,3.6
2024-07-05 19:21:00,CNR3289913782,Success,CID649139,Prime Sedan,Padmanabhanagar,Ulsoor,196.0,95.0,Not Applicable,Not Applicable,No,Not Applicable,266,UPI,45,4.9,4.1
2024-07-01 19:08:00,CNR9082147628,Success,CID268986,Prime Sedan,Sahakar Nagar,Marathahalli,98.0,75.0,Not Applicable,Not Applicable,Yes,Vehicle Breakdown,486,UPI,15,3.2,3.2
2024-07-04 03:00:00,CNR8279741593,Success,CID532836,Auto,Richmond Town,Kadugodi,168.0,110.0,Not Applicable,Not Applicable,No,Not Applicable,177,Cash,18,5.0,3.1
2024-07-26 04:00:00,CNR8077280072,Canceled by Driver,CID849787,Auto,JP Nagar,Bannerghatta Road,,,Not Applicable,Customer was coughing/sick,Not Applicable,Not Applicable,374,Not Applicable,0,,
2024-07-20 10:18:00,CNR3010814297,Canceled by Customer,CID673757,Prime Plus,HSR Layout,KR Puram,,,Driver asked to cancel,Not Applicable,Not Applicable,Not Applicable,231,Not Applicable,0,,
2024-07-30 12:53:00,CNR9528747309,Success,CID921293,eBike,Yeshwanthpur,Mysore Road,196.0,60.0,Not Applicable,Not Applicable,No,Not Applicable,984,Cash,46,4.0,4.8
2024-07-03 17:01:00,CNR9861309726,Success,CID709253,Auto,Basavanagudi,Shantinagar,105.0,130.0,Not Applicable,Not Applicable,No,Not Applicable,306,Cash,5,3.6,4.9
2024-07-13 17:00:00,CNR8270007282,Success,CID550079,Prime Sedan,Langford Town,RT Nagar,77.0,110.0,Not Applicable,Not Applicable,No,Not Applicable,408,UPI,33,4.8,4.0
2024-07-11 17:48:00,CNR6220107496,Success,CID326134,Auto,Vijayanagar,Vijayanagar,203.0,40.0,Not Applicable,Not Applicable,No,Not Applicable,407,UPI,17,4.6,3.1
2024-07-17 12:39:00,CNR2091566714,Driver Not Found,CID553045,Prime Plus,Malleshwaram,HSR Layout,,,Not Applicable,Not Applicable,Not Applicable,Not Applicable,982,Not Applicable,0,,
2024-07-18 11:45:00,CNR7067398563,Canceled by Driver,CID771656,Prime Sedan,Hennur,Yeshwanthpur,,,Not Applicable,More than permitted people in there,Not Applicable,Not Applicable,735,Not Applicable,0,,
2024-07-01 06:52:00,CNR2798940033,Canceled by Driver,CID576278,Auto,Hosur Road,Yeshwanthpur,,,Not Applicable,More than permitted people in there,Not Applicable,Not Applicable,258,Not Applicable,0,,
2024-07-25 04:19:00,CNR5570958270,Success,CID493026,Prime Plus,Hebbal,Marathahalli,308.0,100.0,Not Applicable,Not Applicable,No,Not Applicable,473,Credit Card,19,4.3,4.4
2024-07-01 18:33:00,CNR2275326605,Canceled by Driver,CID158828,Bike,Ulsoor,HSR Layout,,,Not Applicable,Customer was coughing/sick,Not Applicable,Not Applicable,197,Not Applicable,0,,
2024-07-26 01:17:00,CNR6991680840,Success,CID633156,Prime Sedan,RT Nagar,Marathahalli,98.0,130.0,Not Applicable,Not Applicable,No,Not Applicable,953,UPI,39,4.9,3.6
2024-07-24 01:31:00,CNR5855864431,Success,CID226169,Auto,Sarjapur Road,Mysore Road,56.0,90.0,Not Applicable,Not Applicable,No,Not Applicable,213,Cash,8,4.7,5.0
2024-07-18 21:32:00,CNR4374238701,Canceled by Customer,CID348240,Prime Sedan,Banashankari,Kammanahalli,,,Driver asked to cancel,Not Applicable,Not Applicable,Not Applicable,756,Not Applicable,0,,
2024-07-05 05:14:00,CNR4928186761,Success,CID179297,eBike,Rajarajeshwari Nagar,Shantinagar,294.0,30.0,Not Applicable,Not Applicable,No,Not Applicable,141,Cash,12,4.3,3.5
2024-07-26 03:00:00,CNR2458285192,Success,CID634346,eBike,Ulsoor,Kadugodi,210.0,75.0,Not Applicable,Not Applicable,No,Not Applicable,965,Cash,12,4.3,4.3
2024-07-22 09:44:00,CNR4741110530,Success,CID823195,Prime Plus,Koramangala,Mysore Road,175.0,105.0,Not Applicable,Not Applicable,No,Not Applicable,351,Cash,3,4.1,4.2
2024-07-10 19:07:00,CNR4258595580,Canceled by Customer,CID104787,Mini,RT Nagar,Frazer Town,,,Change of plans,Not Applicable,Not Applicable,Not Applicable,315,Not Applicable,0,,
2024-07-13 10:55:00,CNR7173191617,Success,CID505363,Mini,Yeshwanthpur,KR Puram,231.0,30.0,Not Applicable,Not Applicable,No,Not Applicable,303,Cash,47,4.4,3.1
2024-07-19 13:08:00,CNR4609735835,Success,CID666721,Mini,Electronic City,Hennur,308.0,115.0,Not Applicable,Not Applicable,No,Not Applicable,950,UPI,10,4.9,4.8
2024-07-04 19:33:00,CNR3279467011,Success,CID687665,Prime Plus,Kammanahalli,Tumkur Road,70.0,30.0,Not Applicable,Not Applicable,No,Not Applicable,173,UPI,43,4.5,4.8
2024-07-27 06:56:00,CNR5644570063,Success,CID537344,Bike,Marathahalli,Vijayanagar,126.0,105.0,Not Applicable,Not Applicable,No,Not Applicable,472,UPI,21,4.7,3.1
2024-07-11 04:23:00,CNR8263737890,Success,CID346209,Bike,Ramamurthy Nagar,Whitefield,182.0,75.0,Not Applicable,Not Applicable,No,Not Applicable,172,Cash,40,4.7,4.3
2024-07-08 10:59:00,CNR3153195516,Driver Not Found,CID736479,eBike,Padmanabhanagar,Hosur Road,,,Not Applicable,Not Applicable,Not Applicable,Not Applicable,750,Not Applicable,0,,
2024-07-06 23:27:00,CNR2553761544,Canceled by Driver,CID128976,Prime Sedan,RT Nagar,Banashankari,,,Not Applicable,Personal & Car related issue,Not Applicable,Not Applicable,390,Not Applicable,0,,
2024-07-08 03:07:00,CNR1316636875,Success,CID349301,Prime SUV,Richmond Town,BTM Layout,133.0,75.0,Not Applicable,Not Applicable,No,Not Applicable,316,Cash,28,4.8,4.8
2024-07-03 10:18:00,CNR4752764318,Canceled by Driver,CID738940,Bike,Kengeri,Cox Town,,,Not Applicable,Personal & Car related issue,Not Applicable,Not Applicable,196,Not Applicable,0,,
2024-07-12 22:45:00,CNR5032913453,Success,CID355537,Bike,Cox Town,KR Puram,147.0,115.0,Not Applicable,Not Applicable,No,Not Applicable,368,Cash,36,3.3,4.7
2024-07-17 07:32:00,CNR3293865175,Success,CID250540,Prime Plus,BTM Layout,Ramamurthy Nagar,126.0,60.0,Not Applicable,Not Applicable,No,Not Applicable,195,UPI,12,4.3,3.5
2024-07-12 14:09:00,CNR6834905868,Canceled by Driver,CID459865,Prime Sedan,Electronic City,Hulimavu,,,Not Applicable,Personal & Car related issue,Not Applicable,Not Applicable,422,Not Applicable,0,,
2024-07-12 11:14:00,CNR2155875748,Success,CID691329,Prime Sedan,Jayanagar,Marathahalli,56.0,100.0,Not Applicable,Not Applicable,No,Not Applicable,964,Cash,33,3.8,3.1
2024-07-07 13:16:00,CNR1408451404,Success,CID846736,Auto,Jayanagar,Kadugodi,245.0,120.0,Not Applicable,Not Applicable,No,Not Applicable,156,Cash,2,4.5,4.0
2024-07-04 20:06:00,CNR8089260585,Success,CID674019,Prime Plus,Langford Town,Koramangala,56.0,90.0,Not Applicable,Not Applicable,No,Not Applicable,1222,UPI,25,3.5,3.6
2024-07-02 01:48:00,CNR1399872679,Success,CID976463,eBike,Vijayanagar,Hennur,105.0,60.0,Not Applicable,Not Applicable,No,Not Applicable,128,UPI,30,4.4,4.9
2024-07-27 19:57:00,CNR6211671836,Canceled by Driver,CID847972,Prime SUV,Chickpet,RT Nagar,,,Not Applicable,Personal & Car related issue,Not Applicable,Not Applicable,158,Not Applicable,0,,
2024-07-13 11:47:00,CNR4549540973,Success,CID935906,Prime SUV,Marathahalli,Vijayanagar,161.0,115.0,Not Applicable,Not Applicable,No,Not Applicable,836,UPI,18,4.6,4.8
2024-07-20 06:57:00,CNR9673459820,Canceled by Customer,CID493800,Mini,Mysore Road,Bannerghatta Road,,,Driver is not moving towards pickup location,Not Applicable,Not Applicable,Not Applicable,244,Not Applicable,0,,
2024-07-27 23:37:00,CNR2206345240,Canceled by Customer,CID422585,Mini,Basavanagudi,Langford Town,,,AC is Not working,Not Applicable,Not Applicable,Not Applicable,496,Not Applicable,0,,
2024-07-11 19:14:00,CNR8636921243,Success,CID841658,Bike,Chickpet,Ramamurthy Nagar,217.0,35.0,Not Applicable,Not Applicable,No,Not Applicable,125,UPI,47,5.0,3.6
2024-07-14 12:21:00,CNR1533415555,Canceled by Driver,CID881646,eBike,Malleshwaram,Nagarbhavi,,,Not Applicable,Customer related issue,Not Applicable,Not Applicable,130,Not Applicable,0,,
2024-07-03 04:40:00,CNR8303032472,Success,CID621101,Prime SUV,Shantinagar,Vijayanagar,259.0,85.0,Not Applicable,Not Applicable,No,Not Applicable,2372,Cash,40,4.5,3.2
2024-07-10 05:39:00,CNR7111020243,Success,CID535675,Prime Sedan,Yeshwanthpur,Hulimavu,308.0,55.0,Not Applicable,Not Applicable,No,Not Applicable,431,UPI,49,4.3,3.5
2024-07-15 03:55:00,CNR4171618906,Success,CID399541,eBike,Hennur,Whitefield,49.0,60.0,Not Applicable,Not Applicable,No,Not Applicable,499,UPI,34,4.8,4.3
2024-07-11 14:30:00,CNR3346008332,Success,CID715318,Bike,Hosur Road,Tumkur Road,259.0,95.0,Not Applicable,Not Applicable,No,Not Applicable,678,Cash,25,3.9,4.7
2024-07-22 16:36:00,CNR8229709610,Success,CID763173,Auto,KR Puram,Sahakar Nagar,217.0,80.0,Not Applicable,Not Applicable,No,Not Applicable,439,UPI,5,3.6,4.4
2024-07-09 15:22:00,CNR2119610114,Success,CID302616,Auto,Langford Town,Hennur,238.0,40.0,Not Applicable,Not Applicable,No,Not Applicable,308,Cash,15,3.3,4.7
2024-07-28 20:07:00,CNR6007602332,Success,CID955169,Bike,Malleshwaram,Vijayanagar,217.0,40.0,Not Applicable,Not Applicable,No,Not Applicable,357,Cash,27,3.4,4.1
2024-07-14 01:44:00,CNR8891789959,Success,CID222381,Prime SUV,Magadi Road,Basavanagudi,168.0,120.0,Not Applicable,Not Applicable,No,Not Applicable,473,Cash,33,3.3,4.2
2024-07-04 14:28:00,CNR2199349051,Success,CID976480,Prime Sedan,Tumkur Road,Basavanagudi,224.0,75.0,Not Applicable,Not Applicable,No,Not Applicable,490,Cash,23,4.2,4.9
2024-07-09 19:37:00,CNR1314526246,Canceled by Driver,CID397500,Auto,BTM Layout,Whitefield,,,Not Applicable,Customer related issue,Not Applicable,Not Applicable,435,Not Applicable,0,,
2024-07-01 14:48:00,CNR7724714454,Success,CID998618,Bike,Banashankari,Hennur,140.0,95.0,Not Applicable,Not Applicable,No,Not Applicable,498,UPI,22,3.9,5.0
2024-07-27 20:26:00,CNR1869877250,Success,CID448563,Bike,Majestic,Frazer Town,168.0,95.0,Not Applicable,Not Applicable,No,Not Applicable,691,Cash,8,4.2,4.0
2024-07-06 17:08:00,CNR9262031237,Success,CID485120,eBike,Malleshwaram,Padmanabhanagar,203.0,125.0,Not Applicable,Not Applicable,No,Not Applicable,704,Cash,22,3.5,3.9
2024-07-28 20:38:00,CNR3822811719,Canceled by Customer,CID522905,Prime SUV,Hennur,Hebbal,,,Driver asked to cancel,Not Applicable,Not Applicable,Not Applicable,228,Not Applicable,0,,
2024-07-01 01:18:00,CNR2810437121,Success,CID566132,Mini,Padmanabhanagar,Padmanabhanagar,49.0,60.0,Not Applicable,Not Applicable,No,Not Applicable,167,Cash,32,4.6,4.9
2024-07-17 08:24:00,CNR9505351518,Success,CID421020,Auto,Hennur,RT Nagar,231.0,50.0,Not Applicable,Not Applicable,No,Not Applicable,1995,UPI,17,3.9,3.2
2024-07-20 07:53:00,CNR3956110335,Canceled by Driver,CID641607,eBike,Kengeri,Kadugodi,,,Not Applicable,Customer related issue,Not Applicable,Not Applicable,331,Not Applicable,0,,
2024-07-25 06:20:00,CNR4197675056,Driver Not Found,CID590249,Bike,Hosur Road,Chickpet,,,Not Applicable,Not Applicable,Not Applicable,Not Applicable,759,Not Applicable,0,,
2024-07-27 20:22:00,CNR7774293514,Success,CID969170,Mini,Sarjapur Road,Yeshwanthpur,266.0,65.0,Not Applicable,Not Applicable,No,Not Applicable,234,Cash,25,4.3,4.7
2024-07-13 13:39:00,CNR7406633752,Success,CID125074,Prime SUV,Sarjapur Road,Bannerghatta Road,154.0,40.0,Not Applicable,Not Applicable,No,Not Applicable,515,Cash,17,4.5,3.2
2024-07-13 08:16:00,CNR7228632380,Success,CID428864,Bike,Langford Town,Varthur,245.0,85.0,Not Applicable,Not Applicable,No,Not Applicable,259,Cash,26,4.3,4.6
2024-07-27 21:52:00,CNR5444265838,Canceled by Driver,CID131458,Prime Plus,Jayanagar,Peenya,,,Not Applicable,More than permitted people in there,Not Applicable,Not Applicable,268,Not Applicable,0,,
2024-07-21 07:44:00,CNR3757256796,Success,CID861022,eBike,Mysore Road,MG Road,189.0,145.0,Not Applicable,Not Applicable,No,Not Applicable,138,UPI,35,4.6,3.4
2024-07-03 17:54:00,CNR4110934572,Success,CID445822,Mini,Whitefield,Devanahalli,154.0,140.0,Not Applicable,Not Applicable,No,Not Applicable,166,Cash,2,4.0,4.5
2024-07-21 16:44:00,CNR8588937320,Success,CID300851,Mini,Kadugodi,Shivajinagar,182.0,135.0,Not Applicable,Not Applicable,No,Not Applicable,126,UPI,40,4.9,4.6
2024-07-14 06:29:00,CNR1457185051,Canceled by Driver,CID868091,eBike,Chickpet,Tumkur Road,,,Not Applicable,Personal & Car related issue,Not Applicable,Not Applicable,341,Not Applicable,0,,
2024-07-18 10:55:00,CNR2929086339,Driver Not Found,CID360710,Prime SUV,Sahakar Nagar,Banashankari,,,Not Applicable,Not Applicable,Not Applicable,Not Applicable,291,Not Applicable,0,,
2024-07-20 03:13:00,CNR8730104170,Driver Not Found,CID927895,Prime Plus,Hennur,Vijayanagar,,,Not Applicable,Not Applicable,Not Applicable,Not Applicable,131,Not Applicable,0,,
2024-07-20 19:18:00,CNR6619008298,Success,CID728160,Prime SUV,Hebbal,BTM Layout,301.0,80.0,Not Applicable,Not Applicable,No,Not Applicable,608,UPI,20,4.4,3.3
2024-07-27 04:51:00,CNR4745756392,Success,CID629632,eBike,Varthur,Ramamurthy Nagar,42.0,90.0,Not Applicable,Not Applicable,No,Not Applicable,621,Cash,6,4.2,4.5
2024-07-15 18:59:00,CNR2591163392,Success,CID303218,eBike,Chickpet,Majestic,98.0,120.0,Not Applicable,Not Applicable,No,Not Applicable,842,Cash,13,4.0,4.2
2024-07-01 21:06:00,CNR1873355539,Success,CID829265,Prime Plus,BTM Layout,RT Nagar,35.0,45.0,Not Applicable,Not Applicable,No,Not Applicable,125,UPI,15,3.7,4.4
2024-07-23 16:47:00,CNR9900232669,Success,CID657490,Prime Sedan,Peenya,MG Road,49.0,110.0,Not Applicable,Not Applicable,No,Not Applicable,220,Cash,15,3.3,4.4
2024-07-17 20:56:00,CNR3880487680,Canceled by Customer,CID672086,eBike,KR Puram,Electronic City,,,Driver is not moving towards pickup location,Not Applicable,Not Applicable,Not Applicable,986,Not Applicable,0,,
2024-07-09 19:25:00,CNR5141117408,Success,CID184411,eBike,RT Nagar,Electronic City,42.0,70.0,Not Applicable,Not Applicable,No,Not Applicable,478,Cash,15,4.6,4.8
2024-07-11 00:40:00,CNR3476187797,Success,CID831180,Mini,Sahakar Nagar,Chamarajpet,301.0,35.0,Not Applicable,Not Applicable,No,Not Applicable,242,Cash,5,4.2,4.1
2024-07-04 16:00:00,CNR4250376738,Success,CID135479,eBike,Padmanabhanagar,Devanahalli,161.0,130.0,Not Applicable,Not Applicable,No,Not Applicable,295,UPI,25,4.7,4.5
2024-07-26 16:13:00,CNR5025005763,Canceled by Driver,CID750504,Prime Sedan,Vijayanagar,Bellandur,,,Not Applicable,Personal & Car related issue,Not Applicable,Not Applicable,453,Not Applicable,0,,
2024-07-07 14:42:00,CNR9080523284,Success,CID844898,Prime Sedan,Bellandur,Shivajinagar,231.0,35.0,Not Applicable,Not Applicable,No,Not Applicable,821,UPI,9,4.3,4.8
2024-07-10 02:02:00,CNR4055133814,Driver Not Found,CID301895,eBike,Yeshwanthpur,Cox Town,,,Not Applicable,Not Applicable,Not Applicable,Not Applicable,461,Not Applicable,0,,
2024-07-24 05:34:00,CNR4664775693,Success,CID868906,Prime Plus,Ramamurthy Nagar,Hennur,119.0,145.0,Not Applicable,Not Applicable,No,Not Applicable,101,UPI,22,3.9,4.9
2024-07-17 23:43:00,CNR1551344967,Success,CID180811,Auto,Frazer Town,Sarjapur Road,112.0,55.0,Not Applicable,Not Applicable,No,Not Applicable,746,Cash,11,4.5,3.5
2024-07-26 05:44:00,CNR3662954141,Success,CID591157,Mini,Magadi Road,Ulsoor,266.0,145.0,Not Applicable,Not Applicable,No,Not Applicable,230,Cash,42,4.1,4.7
2024-07-20 01:24:00,CNR4807531248,Driver Not Found,CID360300,Prime Plus,Electronic City,Banashankari,,,Not Applicable,Not Applicable,Not Applicable,Not Applicable,1238,Not Applicable,0,,
2024-07-17 10:07:00,CNR7503419524,Success,CID993569,Prime Plus,Nagarbhavi,Tumkur Road,273.0,100.0,Not Applicable,Not Applicable,No,Not Applicable,764,Cash,36,3.9,3.2
2024-07-14 21:39:00,CNR1186934189,Canceled by Driver,CID186528,Prime SUV,Kadugodi,Yeshwanthpur,,,Not Applicable,Personal & Car related issue,Not Applicable,Not Applicable,317,Not Applicable,0,,
2024-07-19 09:14:00,CNR3124147915,Driver Not Found,CID117512,eBike,JP Nagar,Shantinagar,,,Not Applicable,Not Applicable,Not Applicable,Not Applicable,177,Not Applicable,0,,
2024-07-25 23:20:00,CNR3705470793,Success,CID989050,Prime SUV,RT Nagar,Shivajinagar,217.0,55.0,Not Applicable,Not Applicable,No,Not Applicable,741,Cash,4,4.7,3.1
2024-07-15 09:33:00,CNR9704231650,Canceled by Driver,CID380840,Mini,Richmond Town,Marathahalli,,,Not Applicable,Customer was coughing/sick,Not Applicable,Not Applicable,923,Not Applicable,0,,
2024-07-02 15:50:00,CNR4900079613,Success,CID616257,Mini,JP Nagar,Yelahanka,140.0,90.0,Not Applicable,Not Applicable,No,Not Applicable,477,Cash,2,4.0,4.6
2024-07-07 17:53:00,CNR2228502406,Success,CID430486,Mini,Hebbal,JP Nagar,224.0,25.0,Not Applicable,Not Applicable,No,Not Applicable,865,Cash,17,3.3,4.9
2024-07-01 01:55:00,CNR9075358906,Success,CID113229,Bike,Bellandur,Banashankari,35.0,120.0,Not Applicable,Not Applicable,No,Not Applicable,411,UPI,5,4.4,4.0
2024-07-05 04:12:00,CNR5172968713,Canceled by Customer,CID457362,Prime Plus,Magadi Road,RT Nagar,,,Change of plans,Not Applicable,Not Applicable,Not Applicable,1272,Not Applicable,0,,
2024-07-09 13:05:00,CNR3173376290,Success,CID779244,Bike,Marathahalli,KR Puram,280.0,140.0,Not Applicable,Not Applicable,No,Not Applicable,562,Cash,19,4.3,4.3
2024-07-27 23:07:00,CNR9257547923,Canceled by Driver,CID941983,Mini,Yelahanka,HSR Layout,,,Not Applicable,Customer related issue,Not Applicable,Not Applicable,471,Not Applicable,0,,
2024-07-21 21:10:00,CNR9805177618,Success,CID420494,Prime Plus,Frazer Town,Rajarajeshwari Nagar,119.0,95.0,Not Applicable,Not Applicable,No,Not Applicable,1609,UPI,19,4.9,3.7
2024-07-15 04:34:00,CNR8613223416,Success,CID183611,Prime Plus,Jayanagar,Kadugodi,308.0,110.0,Not Applicable,Not Applicable,No,Not Applicable,779,UPI,21,4.6,4.9
2024-07-02 23:57:00,CNR2534493206,Driver Not Found,CID319714,Prime Sedan,Mysore Road,Hebbal,,,Not Applicable,Not Applicable,Not Applicable,Not Applicable,397,Not Applicable,0,,
2024-07-30 18:44:00,CNR5209096432,Success,CID193966,eBike,Electronic City,Yeshwanthpur,287.0,95.0,Not Applicable,Not Applicable,No,Not Applicable,323,UPI,27,3.4,3.9
2024-07-28 02:07:00,CNR2079772681,Success,CID706849,Prime SUV,HSR Layout,Yeshwanthpur,119.0,110.0,Not Applicable,Not Applicable,No,Not Applicable,338,Cash,8,4.9,3.8
2024-07-04 13:34:00,CNR7314179692,Canceled by Driver,CID440159,eBike,Hebbal,Koramangala,,,Not Applicable,More than permitted people in there,Not Applicable,Not Applicable,158,Not Applicable,0,,
2024-07-07 05:00:00,CNR4810280778,Canceled by Customer,CID721628,Auto,Basavanagudi,Ramamurthy Nagar,,,Driver asked to cancel,Not Applicable,Not Applicable,Not Applicable,254,Not Applicable,0,,
2024-07-01 18:11:00,CNR1840275169,Canceled by Driver,CID374074,Bike,Peenya,Kammanahalli,,,Not Applicable,Customer was coughing/sick,Not Applicable,Not Applicable,146,Not Applicable,0,,
2024-07-09 16:50:00,CNR5277089651,Canceled by Customer,CID925091,Prime Sedan,JP Nagar,Shantinagar,,,Driver asked to cancel,Not Applicable,Not Applicable,Not Applicable,130,Not Applicable,0,,
2024-07-28 21:13:00,CNR6117247120,Success,CID639503,Auto,MG Road,Ulsoor,294.0,30.0,Not Applicable,Not Applicable,No,Not Applicable,383,UPI,1,4.4,4.2
2024-07-01 19:43:00,CNR3184671764,Canceled by Driver,CID455077,eBike,Mysore Road,Hebbal,,,Not Applicable,Customer was coughing/sick,Not Applicable,Not Applicable,462,Not Applicable,0,,
2024-07-29 12:07:00,CNR7661873011,Success,CID832486,Prime Plus,Indiranagar,Nagarbhavi,119.0,50.0,Not Applicable,Not Applicable,No,Not Applicable,433,Cash,41,3.3,4.0
2024-07-07 20:53:00,CNR4426340572,Success,CID195434,Bike,Whitefield,Kammanahalli,161.0,60.0,Not Applicable,Not Applicable,No,Not Applicable,266,Cash,41,3.9,3.5
2024-07-16 08:50:00,CNR1091380759,Canceled by Driver,CID376388,Prime Plus,Langford Town,Sarjapur Road,,,Not Applicable,Personal & Car related issue,Not Applicable,Not Applicable,426,Not Applicable,0,,
2024-07-15 13:17:00,CNR3596026061,Success,CID527998,Bike,Langford Town,Bannerghatta Road,56.0,85.0,Not Applicable,Not Applicable,No,Not Applicable,887,Cash,34,3.2,4.8
2024-07-12 18:54:00,CNR8368781256,Success,CID210455,Prime Sedan,Richmond Town,Malleshwaram,224.0,30.0,Not Applicable,Not Applicable,No,Not Applicable,395,Cash,33,4.0,4.7
2024-07-27 08:40:00,CNR3240388810,Success,CID962755,Auto,Tumkur Road,JP Nagar,112.0,110.0,Not Applicable,Not Applicable,Yes,Other Issue,2465,Cash,10,3.8,3.0
2024-07-23 11:49:00,CNR9284851748,Success,CID543997,Prime Plus,Kadugodi,JP Nagar,273.0,80.0,Not Applicable,Not Applicable,No,Not Applicable,101,Cash,34,4.3,3.5
2024-07-01 12:20:00,CNR7860439413,Success,CID312292,Bike,Magadi Road,Majestic,35.0,100.0,Not Applicable,Not Applicable,No,Not Applicable,844,UPI,32,3.8,3.1
2024-07-02 08:41:00,CNR5839231981,Canceled by Driver,CID747051,Prime Sedan,Sarjapur Road,Yeshwanthpur,,,Not Applicable,Customer related issue,Not Applicable,Not Applicable,534,Not Applicable,0,,
2024-07-10 09:48:00,CNR6164591361,Canceled by Driver,CID919864,Auto,Mysore Road,Chamarajpet,,,Not Applicable,Personal & Car related issue,Not Applicable,Not Applicable,445,Not Applicable,0,,
2024-07-12 17:43:00,CNR7822755404,Canceled by Customer,CID821721,Prime Sedan,Kadugodi,Magadi Road,,,AC is Not working,Not Applicable,Not Applicable,Not Applicable,356,Not Applicable,0,,
2024-07-16 13:53:00,CNR6620240073,Success,CID303032,eBike,Bellandur,Koramangala,161.0,140.0,Not Applicable,Not Applicable,No,Not Applicable,515,Cash,49,3.5,4.5
2024-07-10 08:08:00,CNR9166341372,Canceled by Driver,CID702633,Prime SUV,Rajarajeshwari Nagar,Sahakar Nagar,,,Not Applicable,Customer related issue,Not Applicable,Not Applicable,353,Not Applicable,0,,
2024-07-30 06:34:00,CNR6196436628,Success,CID418629,Bike,Richmond Town,Langford Town,196.0,65.0,Not Applicable,Not Applicable,No,Not Applicable,289,Cash,35,3.2,4.7
2024-07-17 23:43:00,CNR1144724304,Canceled by Driver,CID902513,Auto,Peenya,Langford Town,,,Not Applicable,More than permitted people in there,Not Applicable,Not Applicable,286,Not Applicable,0,,
2024-07-30 02:00:00,CNR7024360182,Driver Not Found,CID290822,Mini,Basavanagudi,Hosur Road,,,Not Applicable,Not Applicable,Not Applicable,Not Applicable,374,Not Applicable,0,,
2024-07-28 05:21:00,CNR3280389146,Canceled by Driver,CID564888,Auto,RT Nagar,Ulsoor,,,Not Applicable,Customer was coughing/sick,Not Applicable,Not Applicable,175,Not Applicable,0,,
2024-07-17 01:02:00,CNR6361677819,Driver Not Found,CID243046,Prime Plus,Yeshwanthpur,Hulimavu,,,Not Applicable,Not Applicable,Not Applicable,Not Applicable,805,Not Applicable,0,,
2024-07-03 09:39:00,CNR2502501995,Driver Not Found,CID714445,Mini,Shivajinagar,Sarjapur Road,,,Not Applicable,Not Applicable,Not Applicable,Not Applicable,146,Not Applicable,0,,
2024-07-30 08:10:00,CNR9463528493,Driver Not Found,CID308120,Prime Sedan,Bellandur,Kammanahalli,,,Not Applicable,Not Applicable,Not Applicable,Not Applicable,171,Not Applicable,0,,
2024-07-07 09:29:00,CNR6285351143,Success,CID216098,Mini,RT Nagar,Yelahanka,294.0,120.0,Not Applicable,Not Applicable,No,Not Applicable,754,Cash,26,3.5,4.0
2024-07-05 05:34:00,CNR8223238966,Canceled by Driver,CID183129,Prime SUV,Shantinagar,Rajarajeshwari Nagar,,,Not Applicable,Customer related issue,Not Applicable,Not Applicable,276,Not Applicable,0,,
2024-07-28 21:33:00,CNR6341975045,Canceled by Driver,CID973423,Prime Sedan,HSR Layout,Varthur,,,Not Applicable,Personal & Car related issue,Not Applicable,Not Applicable,862,Not Applicable,0,,
2024-07-04 10:53:00,CNR1684313696,Success,CID207197,eBike,Hebbal,Bannerghatta Road,147.0,70.0,Not Applicable,Not Applicable,No,Not Applicable,1494,UPI,38,3.0,4.1
2024-07-04 10:18:00,CNR1082778711,Success,CID826540,Auto,Shantinagar,Whitefield,133.0,135.0,Not Applicable,Not Applicable,No,Not Applicable,437,UPI,17,4.7,3.6
2024-07-20 00:07:00,CNR1352384255,Success,CID112945,Auto,Hennur,Tumkur Road,259.0,110.0,Not Applicable,Not Applicable,No,Not Applicable,335,Credit Card,3,4.7,4.2
2024-07-04 01:07:00,CNR7590461886,Success,CID807047,eBike,Shantinagar,Whitefield,154.0,45.0,Not Applicable,Not Applicable,Yes,Vehicle Breakdown,492,Cash,1,4.7,4.8
2024-07-28 05:16:00,CNR8735489613,Success,CID597918,Auto,Yeshwanthpur,Koramangala,70.0,135.0,Not Applicable,Not Applicable,Yes,Vehicle Breakdown,345,UPI,17,3.0,3.4
2024-07-18 09:33:00,CNR4104323598,Success,CID141816,Prime Sedan,Sarjapur Road,Cox Town,126.0,145.0,Not Applicable,Not Applicable,No,Not Applicable,789,UPI,40,4.7,4.6
2024-07-30 14:29:00,CNR5625159759,Canceled by Customer,CID621368,Mini,Malleshwaram,Yeshwanthpur,,,Driver is not moving towards pickup location,Not Applicable,Not Applicable,Not Applicable,323,Not Applicable,0,,
2024-07-29 21:03:00,CNR2455597299,Success,CID615652,Prime SUV,Frazer Town,Cox Town,63.0,40.0,Not Applicable,Not Applicable,No,Not Applicable,2773,Cash,4,4.7,3.5
2024-07-14 04:37:00,CNR7549858415,Success,CID219819,Bike,Ulsoor,Malleshwaram,84.0,130.0,Not Applicable,Not Applicable,No,Not Applicable,2125,Cash,37,4.8,4.2
2024-07-17 11:19:00,CNR7412772493,Canceled by Customer,CID170712,Auto,Whitefield,Mysore Road,,,Driver is not moving towards pickup location,Not Applicable,Not Applicable,Not Applicable,183,Not Applicable,0,,
2024-07-19 19:58:00,CNR5539914494,Success,CID681291,Prime Plus,Yeshwanthpur,Langford Town,84.0,85.0,Not Applicable,Not Applicable,No,Not Applicable,276,Cash,46,3.8,3.6
2024-07-06 01:06:00,CNR4379483318,Success,CID976282,Prime Sedan,Magadi Road,Whitefield,98.0,115.0,Not Applicable,Not Applicable,No,Not Applicable,2262,Cash,38,4.9,3.7
2024-07-15 11:55:00,CNR7628390885,Driver Not Found,CID550995,Prime Plus,Hebbal,Cox Town,,,Not Applicable,Not Applicable,Not Applicable,Not Applicable,299,Not Applicable,0,,
2024-07-24 05:13:00,CNR6559328131,Success,CID911580,Prime Sedan,Majestic,Mysore Road,217.0,50.0,Not Applicable,Not Applicable,No,Not Applicable,353,Cash,19,4.3,4.7
2024-07-08 20:29:00,CNR2820830453,Success,CID503377,eBike,Hulimavu,Richmond Town,280.0,105.0,Not Applicable,Not Applicable,No,Not Applicable,101,UPI,2,4.4,3.6
2024-07-27 00:22:00,CNR2243803897,Driver Not Found,CID291102,Auto,Yelahanka,Bannerghatta Road,,,Not Applicable,Not Applicable,Not Applicable,Not Applicable,467,Not Applicable,0,,
2024-07-25 16:23:00,CNR6861380561,Success,CID104665,eBike,Frazer Town,Frazer Town,77.0,100.0,Not Applicable,Not Applicable,No,Not Applicable,910,UPI,36,4.9,3.5
2024-07-11 04:29:00,CNR9831228699,Canceled by Customer,CID752263,eBike,Bellandur,Varthur,,,Wrong Address,Not Applicable,Not Applicable,Not Applicable,428,Not Applicable,0,,
2024-07-18 12:09:00,CNR6554230918,Driver Not Found,CID780844,Prime SUV,Basavanagudi,BTM Layout,,,Not Applicable,Not Applicable,Not Applicable,Not Applicable,454,Not Applicable,0,,
2024-07-20 10:46:00,CNR9803202538,Canceled by Driver,CID155738,Prime Plus,Magadi Road,Langford Town,,,Not Applicable,Customer related issue,Not Applicable,Not Applicable,176,Not Applicable,0,,
2024-07-08 13:55:00,CNR9157279188,Canceled by Driver,CID842708,Mini,Hulimavu,Kadugodi,,,Not Applicable,Personal & Car related issue,Not Applicable,Not Applicable,446,Not Applicable,0,,
2024-07-16 05:20:00,CNR2476259319,Canceled by Customer,CID515101,Prime Sedan,JP Nagar,Koramangala,,,Driver is not moving towards pickup location,Not Applicable,Not Applicable,Not Applicable,655,Not Applicable,0,,
2024-07-26 10:39:00,CNR8621985174,Success,CID243976,Prime Sedan,Frazer Town,Hebbal,280.0,35.0,Not Applicable,Not Applicable,Yes,Customer Demand,278,Cash,16,3.9,3.7
2024-07-06 02:33:00,CNR8666908781,Canceled by Driver,CID750291,eBike,Marathahalli,Jayanagar,,,Not Applicable,Personal & Car related issue,Not Applicable,Not Applicable,246,Not Applicable,0,,
2024-07-02 19:25:00,CNR6170648026,Success,CID101808,Prime Sedan,Rajajinagar,Hebbal,98.0,135.0,Not Applicable,Not Applicable,No,Not Applicable,1311,UPI,19,3.1,4.5
2024-07-26 15:05:00,CNR9350792148,Success,CID182471,Mini,Yeshwanthpur,Richmond Town,245.0,130.0,Not Applicable,Not Applicable,No,Not Applicable,738,Cash,42,4.8,5.0
2024-07-05 15:45:00,CNR8294216516,Success,CID480533,eBike,Koramangala,Banashankari,287.0,120.0,Not Applicable,Not Applicable,No,Not Applicable,205,Cash,42,3.1,3.5
2024-07-06 14:44:00,CNR6793057381,Canceled by Customer,CID371300,Mini,Shantinagar,Rajajinagar,,,Driver is not moving towards pickup location,Not Applicable,Not Applicable,Not Applicable,664,Not Applicable,0,,
2024-07-09 08:56:00,CNR9687690365,Driver Not Found,CID435650,Prime Sedan,Malleshwaram,Hulimavu,,,Not Applicable,Not Applicable,Not Applicable,Not Applicable,342,Not Applicable,0,,
2024-07-09 22:35:00,CNR7254126783,Canceled by Driver,CID478929,Auto,Hosur Road,MG Road,,,Not Applicable,More than permitted people in there,Not Applicable,Not Applicable,117,Not Applicable,0,,
2024-07-29 06:31:00,CNR4366879013,Driver Not Found,CID571865,Bike,HSR Layout,Sahakar Nagar,,,Not Applicable,Not Applicable,Not Applicable,Not Applicable,417,Not Applicable,0,,
2024-07-20 22:14:00,CNR5712756977,Success,CID328094,Prime Sedan,Jayanagar,Ulsoor,98.0,80.0,Not Applicable,Not Applicable,No,Not Applicable,134,Cash,8,4.2,3.3
2024-07-29 13:18:00,CNR2401916044,Success,CID264894,Prime Plus,Marathahalli,Majestic,147.0,125.0,Not Applicable,Not Applicable,No,Not Applicable,409,Cash,43,4.5,3.9
2024-07-15 11:16:00,CNR9146635275,Success,CID424831,eBike,JP Nagar,Devanahalli,112.0,140.0,Not Applicable,Not Applicable,No,Not Applicable,227,UPI,24,4.0,3.6
2024-07-07 17:44:00,CNR8921244518,Success,CID793882,Bike,Rajajinagar,Hulimavu,259.0,85.0,Not Applicable,Not Applicable,No,Not Applicable,176,Cash,45,4.3,4.0
2024-07-10 09:26:00,CNR7917786005,Canceled by Driver,CID564751,Bike,Hennur,Yelahanka,,,Not Applicable,Personal & Car related issue,Not Applicable,Not Applicable,454,Not Applicable,0,,
2024-07-22 05:33:00,CNR2627655668,Success,CID914843,Prime Plus,Hebbal,Marathahalli,140.0,85.0,Not Applicable,Not Applicable,No,Not Applicable,164,Cash,17,3.2,5.0
2024-07-05 15:50:00,CNR3918836777,Success,CID917229,Bike,Sarjapur Road,Yelahanka,238.0,110.0,Not Applicable,Not Applicable,No,Not Applicable,262,Cash,10,5.0,4.8
2024-07-24 07:40:00,CNR1839286975,Success,CID259758,Bike,Majestic,Hennur,189.0,135.0,Not Applicable,Not Applicable,No,Not Applicable,333,Cash,32,3.5,3.4
2024-07-09 14:17:00,CNR9426414231,Success,CID760074,eBike,Kadugodi,Majestic,70.0,95.0,Not Applicable,Not Applicable,No,Not Applicable,559,Cash,14,4.0,4.3
2024-07-11 01:42:00,CNR1996189118,Success,CID498540,Prime SUV,Sahakar Nagar,Koramangala,49.0,75.0,Not Applicable,Not Applicable,No,Not Applicable,100,Cash,46,3.4,4.7
2024-07-30 18:23:00,CNR5122513611,Success,CID825392,Bike,Hebbal,Rajarajeshwari Nagar,266.0,140.0,Not Applicable,Not Applicable,No,Not Applicable,311,UPI,48,3.7,4.0
2024-07-09 00:12:00,CNR7567293550,Canceled by Customer,CID567778,Prime Plus,Mysore Road,Indiranagar,,,Wrong Address,Not Applicable,Not Applicable,Not Applicable,272,Not Applicable,0,,
2024-07-26 09:10:00,CNR3414127776,Success,CID425852,eBike,Hennur,Hulimavu,308.0,140.0,Not Applicable,Not Applicable,No,Not Applicable,413,Cash,43,3.7,3.3
2024-07-27 04:37:00,CNR4695259538,Canceled by Customer,CID499587,Prime Plus,Majestic,Koramangala,,,Driver is not moving towards pickup location,Not Applicable,Not Applicable,Not Applicable,2849,Not Applicable,0,,
2024-07-21 12:17:00,CNR6090170321,Success,CID764958,Prime SUV,Vijayanagar,RT Nagar,91.0,145.0,Not Applicable,Not Applicable,No,Not Applicable,128,Cash,20,4.5,3.1
2024-07-13 02:40:00,CNR5320489829,Canceled by Driver,CID762810,Prime Plus,Chamarajpet,Nagarbhavi,,,Not Applicable,Personal & Car related issue,Not Applicable,Not Applicable,498,Not Applicable,0,,
2024-07-13 17:44:00,CNR8815926656,Driver Not Found,CID710779,Prime SUV,Kammanahalli,Cox Town,,,Not Applicable,Not Applicable,Not Applicable,Not Applicable,382,Not Applicable,0,,
2024-07-26 09:15:00,CNR8812104363,Success,CID666215,Prime Sedan,KR Puram,Kengeri,161.0,65.0,Not Applicable,Not Applicable,No,Not Applicable,258,Cash,16,3.2,3.8
2024-07-03 11:50:00,CNR1671388923,Success,CID935076,Bike,MG Road,Banashankari,112.0,25.0,Not Applicable,Not Applicable,No,Not Applicable,169,UPI,38,3.7,4.6
2024-07-16 01:45:00,CNR9480273767,Success,CID929849,eBike,Koramangala,Yeshwanthpur,182.0,70.0,Not Applicable,Not Applicable,No,Not Applicable,615,UPI,26,3.1,3.6
2024-07-03 19:34:00,CNR6943586860,Success,CID523643,Prime Plus,Cox Town,Devanahalli,91.0,45.0,Not Applicable,Not Applicable,No,Not Applicable,137,UPI,39,3.2,4.8
2024-07-22 23:51:00,CNR8640817454,Success,CID627917,eBike,HSR Layout,Whitefield,273.0,120.0,Not Applicable,Not Applicable,No,Not Applicable,248,Cash,34,3.2,4.3
2024-07-03 10:23:00,CNR4792025458,Success,CID228125,Mini,Kadugodi,Yelahanka,119.0,145.0,Not Applicable,Not Applicable,No,Not Applicable,157,UPI,29,4.2,3.4
2024-07-25 09:36:00,CNR3844454208,Success,CID124356,Auto,Banashankari,Shantinagar,259.0,85.0,Not Applicable,Not Applicable,No,Not Applicable,422,UPI,4,4.8,4.1
2024-07-28 00:43:00,CNR5389126039,Success,CID139168,Prime SUV,KR Puram,Vijayanagar,273.0,45.0,Not Applicable,Not Applicable,No,Not Applicable,1528,Cash,17,3.3,5.0
2024-07-24 08:01:00,CNR2691022614,Success,CID618396,Auto,Vijayanagar,Nagarbhavi,147.0,50.0,Not Applicable,Not Applicable,No,Not Applicable,268,UPI,9,4.7,3.9
2024-07-19 08:40:00,CNR1066328591,Success,CID948244,Bike,Mysore Road,Kengeri,182.0,40.0,Not Applicable,Not Applicable,No,Not Applicable,316,UPI,35,3.7,3.5
2024-07-05 18:45:00,CNR4477113520,Success,CID666553,Prime SUV,HSR Layout,Bellandur,105.0,55.0,Not Applicable,Not Applicable,No,Not Applicable,772,Cash,32,4.6,3.6
2024-07-16 23:37:00,CNR5084094490,Canceled by Driver,CID384913,Prime Sedan,Frazer Town,Sarjapur Road,,,Not Applicable,Personal & Car related issue,Not Applicable,Not Applicable,285,Not Applicable,0,,
2024-07-23 22:59:00,CNR4823213648,Driver Not Found,CID969709,Auto,JP Nagar,Whitefield,,,Not Applicable,Not Applicable,Not Applicable,Not Applicable,465,Not Applicable,0,,
2024-07-05 00:28:00,CNR6479675401,Success,CID956233,Mini,Yelahanka,Yelahanka,252.0,50.0,Not Applicable,Not Applicable,No,Not Applicable,220,UPI,38,4.8,3.1
2024-07-13 02:30:00,CNR2534310125,Canceled by Driver,CID942664,Bike,Cox Town,MG Road,,,Not Applicable,More than permitted people in there,Not Applicable,Not Applicable,309,Not Applicable,0,,
2024-07-15 23:17:00,CNR9133998464,Canceled by Driver,CID813125,Prime SUV,Cox Town,BTM Layout,,,Not Applicable,Customer related issue,Not Applicable,Not Applicable,150,Not Applicable,0,,
2024-07-09 19:36:00,CNR9286189588,Canceled by Customer,CID962536,Auto,Yelahanka,Basavanagudi,,,Driver is not moving towards pickup location,Not Applicable,Not Applicable,Not Applicable,165,Not Applicable,0,,
2024-07-10 00:45:00,CNR6364508213,Driver Not Found,CID761662,Auto,Kammanahalli,Shantinagar,,,Not Applicable,Not Applicable,Not Applicable,Not Applicable,210,Not Applicable,0,,
2024-07-10 12:29:00,CNR4993290096,Success,CID690905,Bike,KR Puram,Magadi Road,224.0,75.0,Not Applicable,Not Applicable,No,Not Applicable,320,Cash,13,4.4,3.2
2024-07-29 18:39:00,CNR3841967458,Success,CID347474,Prime Sedan,Electronic City,Ramamurthy Nagar,133.0,125.0,Not Applicable,Not Applicable,No,Not Applicable,474,Cash,16,3.1,3.7
2024-07-23 02:49:00,CNR7816857055,Success,CID204613,Prime Sedan,Koramangala,Varthur,105.0,95.0,Not Applicable,Not Applicable,No,Not Applicable,587,Cash,48,3.1,4.2
2024-07-25 15:37:00,CNR5880602323,Success,CID593148,Auto,Padmanabhanagar,Rajajinagar,154.0,140.0,Not Applicable,Not Applicable,No,Not Applicable,668,UPI,12,3.9,3.2
2024-07-27 11:08:00,CNR7812381305,Canceled by Customer,CID572867,Bike,Ulsoor,Malleshwaram,,,Wrong Address,Not Applicable,Not Applicable,Not Applicable,300,Not Applicable,0,,
2024-07-19 12:12:00,CNR9600325496,Canceled by Customer,CID381831,Prime Sedan,Kadugodi,Indiranagar,,,Wrong Address,Not Applicable,Not Applicable,Not Applicable,100,Not Applicable,0,,
2024-07-08 16:46:00,CNR2398488529,Success,CID557336,Prime Sedan,Hennur,Magadi Road,154.0,105.0,Not Applicable,Not Applicable,No,Not Applicable,837,Cash,23,4.0,3.5
2024-07-30 10:26:00,CNR7725713520,Driver Not Found,CID627769,Auto,BTM Layout,Hebbal,,,Not Applicable,Not Applicable,Not Applicable,Not Applicable,409,Not Applicable,0,,
2024-07-11 16:04:00,CNR8008895089,Success,CID338221,Bike,Shantinagar,Varthur,287.0,35.0,Not Applicable,Not Applicable,No,Not Applicable,421,Credit Card,12,4.6,4.0
2024-07-02 04:23:00,CNR2335616228,Canceled by Driver,CID239314,Prime SUV,Rajarajeshwari Nagar,Yelahanka,,,Not Applicable,Personal & Car related issue,Not Applicable,Not Applicable,416,Not Applicable,0,,
2024-07-19 07:05:00,CNR4145746143,Success,CID696424,Bike,Sahakar Nagar,Shivajinagar,266.0,140.0,Not Applicable,Not Applicable,No,Not Applicable,218,Cash,39,3.9,4.7
2024-07-02 07:11:00,CNR7367463797,Success,CID606284,Prime Plus,Richmond Town,Vijayanagar,112.0,70.0,Not Applicable,Not Applicable,No,Not Applicable,185,Credit Card,46,3.7,4.2
2024-07-06 19:15:00,CNR5780936785,Driver Not Found,CID355391,Prime Sedan,Malleshwaram,RT Nagar,,,Not Applicable,Not Applicable,Not Applicable,Not Applicable,422,Not Applicable,0,,
2024-07-01 19:28:00,CNR9714687143,Success,CID404865,Prime Plus,Basavanagudi,Ulsoor,196.0,90.0,Not Applicable,Not Applicable,No,Not Applicable,478,Credit Card,11,3.7,3.4
2024-07-08 12:38:00,CNR1463021163,Canceled by Customer,CID311360,Prime SUV,Padmanabhanagar,KR Puram,,,Driver asked to cancel,Not Applicable,Not Applicable,Not Applicable,503,Not Applicable,0,,
2024-07-14 06:36:00,CNR2071132431,Canceled by Customer,CID924265,Prime Sedan,Padmanabhanagar,Jayanagar,,,Change of plans,Not Applicable,Not Applicable,Not Applicable,1855,Not Applicable,0,,
2024-07-21 13:45:00,CNR5386878441,Success,CID252554,Prime Plus,Cox Town,Whitefield,98.0,120.0,Not Applicable,Not Applicable,No,Not Applicable,414,Cash,23,3.4,3.3
2024-07-26 01:23:00,CNR6409672136,Canceled by Driver,CID161497,Prime SUV,Tumkur Road,Banashankari,,,Not Applicable,Personal & Car related issue,Not Applicable,Not Applicable,408,Not Applicable,0,,
2024-07-05 01:25:00,CNR2054365213,Success,CID593891,Bike,Ramamurthy Nagar,Marathahalli,70.0,70.0,Not Applicable,Not Applicable,No,Not Applicable,2947,Cash,40,3.2,4.2
2024-07-21 09:59:00,CNR4556664144,Success,CID482948,Mini,Ramamurthy Nagar,Whitefield,294.0,135.0,Not Applicable,Not Applicable,No,Not Applicable,194,Cash,45,3.2,4.9
2024-07-06 07:03:00,CNR2911841731,Success,CID889669,eBike,JP Nagar,Tumkur Road,245.0,125.0,Not Applicable,Not Applicable,No,Not Applicable,939,Cash,11,4.1,4.8
2024-07-02 16:22:00,CNR1377766745,Success,CID253198,eBike,Hennur,Padmanabhanagar,224.0,145.0,Not Applicable,Not Applicable,No,Not Applicable,667,Cash,21,3.7,4.2
2024-07-08 09:38:00,CNR3458706375,Success,CID879908,eBike,Koramangala,Richmond Town,154.0,60.0,Not Applicable,Not Applicable,No,Not Applicable,356,UPI,42,4.0,5.0
2024-07-23 16:25:00,CNR3135856136,Driver Not Found,CID559757,Prime Sedan,Rajarajeshwari Nagar,Kengeri,,,Not Applicable,Not Applicable,Not Applicable,Not Applicable,2123,Not Applicable,0,,
2024-07-09 11:38:00,CNR9628484012,Driver Not Found,CID515513,Mini,Koramangala,Malleshwaram,,,Not Applicable,Not Applicable,Not Applicable,Not Applicable,225,Not Applicable,0,,
2024-07-19 05:52:00,CNR8642171847,Canceled by Driver,CID906170,eBike,Hulimavu,Devanahalli,,,Not Applicable,Customer was coughing/sick,Not Applicable,Not Applicable,442,Not Applicable,0,,
2024-07-23 07:43:00,CNR3681242808,Success,CID854007,Bike,Chickpet,Marathahalli,217.0,45.0,Not Applicable,Not Applicable,No,Not Applicable,749,Cash,5,4.1,4.7
2024-07-24 10:35:00,CNR5680164588,Driver Not Found,CID725105,Prime SUV,Shivajinagar,Yelahanka,,,Not Applicable,Not Applicable,Not Applicable,Not Applicable,169,Not Applicable,0,,
2024-07-23 00:37:00,CNR5276911489,Success,CID864412,Prime Plus,Ulsoor,RT Nagar,294.0,120.0,Not Applicable,Not Applicable,No,Not Applicable,768,Cash,10,4.5,3.8
2024-07-09 07:58:00,CNR1802288436,Canceled by Driver,CID827523,Auto,HSR Layout,Tumkur Road,,,Not Applicable,Customer related issue,Not Applicable,Not Applicable,348,Not Applicable,0,,
2024-07-03 15:17:00,CNR5958815730,Success,CID550549,Bike,Shantinagar,Rajajinagar,182.0,140.0,Not Applicable,Not Applicable,No,Not Applicable,867,Cash,20,3.1,3.4
2024-07-05 03:53:00,CNR3094514277,Canceled by Customer,CID155953,Prime SUV,Frazer Town,MG Road,,,Wrong Address,Not Applicable,Not Applicable,Not Applicable,341,Not Applicable,0,,
2024-07-30 01:38:00,CNR3588382344,Success,CID350044,Auto,Electronic City,Bannerghatta Road,126.0,70.0,Not Applicable,Not Applicable,No,Not Applicable,457,Cash,1,4.9,3.2
2024-07-20 07:24:00,CNR3707256533,Canceled by Customer,CID743641,eBike,Shantinagar,Ramamurthy Nagar,,,AC is Not working,Not Applicable,Not Applicable,Not Applicable,374,Not Applicable,0,,
2024-07-15 19:16:00,CNR1842956779,Canceled by Customer,CID299493,Prime SUV,Sahakar Nagar,Jayanagar,,,Driver asked to cancel,Not Applicable,Not Applicable,Not Applicable,258,Not Applicable,0,,
2024-07-26 04:49:00,CNR4942994519,Success,CID107858,Prime Sedan,Bannerghatta Road,Indiranagar,224.0,30.0,Not Applicable,Not Applicable,No,Not Applicable,280,Cash,39,4.3,3.7
2024-07-05 23:30:00,CNR5534266135,Canceled by Driver,CID157008,eBike,JP Nagar,Indiranagar,,,Not Applicable,Personal & Car related issue,Not Applicable,Not Applicable,197,Not Applicable,0,,
2024-07-25 01:20:00,CNR7215603787,Canceled by Driver,CID834203,Auto,Electronic City,Bellandur,,,Not Applicable,Customer related issue,Not Applicable,Not Applicable,2996,Not Applicable,0,,
2024-07-30 00:18:00,CNR4367713630,Driver Not Found,CID916276,Auto,Richmond Town,Ramamurthy Nagar,,,Not Applicable,Not Applicable,Not Applicable,Not Applicable,1682,Not Applicable,0,,
2024-07-14 17:40:00,CNR5317889227,Success,CID440946,Prime Sedan,Hennur,Koramangala,133.0,30.0,Not Applicable,Not Applicable,No,Not Applicable,558,Credit Card,35,3.7,4.8
2024-07-01 15:45:00,CNR9043244928,Success,CID962180,Mini,Devanahalli,Whitefield,259.0,65.0,Not Applicable,Not Applicable,No,Not Applicable,311,Cash,7,4.0,4.2
2024-07-05 00:50:00,CNR2119302284,Success,CID754163,Auto,Kammanahalli,Cox Town,231.0,130.0,Not Applicable,Not Applicable,No,Not Applicable,489,Cash,5,4.4,4.1
2024-07-04 00:20:00,CNR3075725128,Success,CID390874,Mini,Yeshwanthpur,Padmanabhanagar,91.0,90.0,Not Applicable,Not Applicable,No,Not Applicable,492,Cash,20,4.1,4.8
2024-07-19 05:28:00,CNR9431251105,Success,CID860108,eBike,Magadi Road,Magadi Road,56.0,105.0,Not Applicable,Not Applicable,No,Not Applicable,426,Cash,44,3.2,4.4
2024-07-10 18:39:00,CNR3245719953,Success,CID526624,Mini,Bellandur,BTM Layout,238.0,80.0,Not Applicable,Not Applicable,Yes,Other Issue,439,Cash,9,4.7,3.2
2024-07-09 05:27:00,CNR8211548280,Driver Not Found,CID741340,Prime Plus,Malleshwaram,Koramangala,,,Not Applicable,Not Applicable,Not Applicable,Not Applicable,853,Not Applicable,0,,
2024-07-05 23:39:00,CNR7035506677,Driver Not Found,CID919224,Bike,Hebbal,Shantinagar,,,Not Applicable,Not Applicable,Not Applicable,Not Applicable,2689,Not Applicable,0,,
2024-07-29 16:06:00,CNR9367715625,Success,CID285279,Auto,Kammanahalli,Koramangala,273.0,75.0,Not Applicable,Not Applicable,No,Not Applicable,2842,Cash,8,4.1,4.2
2024-07-07 17:32:00,CNR8666385741,Success,CID113200,Auto,JP Nagar,Vijayanagar,84.0,70.0,Not Applicable,Not Applicable,No,Not Applicable,375,UPI,1,3.6,3.7
2024-07-22 06:19:00,CNR4709787151,Success,CID638751,Prime Sedan,JP Nagar,Basavanagudi,119.0,80.0,Not Applicable,Not Applicable,No,Not Applicable,192,Credit Card,37,3.7,3.9
2024-07-30 18:44:00,CNR7965222068,Canceled by Customer,CID101079,Auto,Jayanagar,Rajajinagar,,,Driver asked to cancel,Not Applicable,Not Applicable,Not Applicable,545,Not Applicable,0,,
2024-07-12 05:50:00,CNR8590736265,Success,CID709582,Prime Plus,Indiranagar,Hosur Road,147.0,80.0,Not Applicable,Not Applicable,No,Not Applicable,429,UPI,46,3.8,4.8
2024-07-26 12:57:00,CNR9177834198,Success,CID603643,Auto,Koramangala,Kammanahalli,196.0,125.0,Not Applicable,Not Applicable,No,Not Applicable,131,UPI,8,4.9,3.7
2024-07-09 07:45:00,CNR2145926695,Success,CID743664,Prime SUV,Majestic,Jayanagar,294.0,50.0,Not Applicable,Not Applicable,No,Not Applicable,450,UPI,34,3.1,4.5
2024-07-28 23:21:00,CNR7811012800,Success,CID882907,Prime SUV,Kengeri,Kammanahalli,231.0,50.0,Not Applicable,Not Applicable,No,Not Applicable,440,Cash,13,4.0,3.2
2024-07-04 03:47:00,CNR5930238946,Success,CID843188,Prime Sedan,BTM Layout,Basavanagudi,203.0,105.0,Not Applicable,Not Applicable,No,Not Applicable,623,Cash,15,4.4,4.0
2024-07-16 17:20:00,CNR7079628523,Success,CID846163,Prime Plus,Basavanagudi,MG Road,161.0,135.0,Not Applicable,Not Applicable,No,Not Applicable,396,Cash,9,3.9,3.3
2024-07-19 01:14:00,CNR9729271306,Driver Not Found,CID227396,Prime SUV,Vijayanagar,Rajarajeshwari Nagar,,,Not Applicable,Not Applicable,Not Applicable,Not Applicable,967,Not Applicable,0,,
2024-07-22 04:00:00,CNR6228906100,Canceled by Customer,CID288785,Prime SUV,Padmanabhanagar,Bellandur,,,Driver asked to cancel,Not Applicable,Not Applicable,Not Applicable,450,Not Applicable,0,,
2024-07-27 08:59:00,CNR4342835638,Driver Not Found,CID667962,Bike,Kengeri,Langford Town,,,Not Applicable,Not Applicable,Not Applicable,Not Applicable,492,Not Applicable,0,,
2024-07-27 18:08:00,CNR8646082959,Canceled by Customer,CID756868,Mini,Bannerghatta Road,Chamarajpet,,,Change of plans,Not Applicable,Not Applicable,Not Applicable,712,Not Applicable,0,,
2024-07-26 05:45:00,CNR4988888791,Canceled by Driver,CID126233,eBike,Yelahanka,Marathahalli,,,Not Applicable,More than permitted people in there,Not Applicable,Not Applicable,304,Not Applicable,0,,
2024-07-30 10:46:00,CNR7148038797,Canceled by Driver,CID404878,Prime Sedan,Nagarbhavi,Devanahalli,,,Not Applicable,Customer related issue,Not Applicable,Not Applicable,669,Not Applicable,0,,
2024-07-14 21:03:00,CNR2968262760,Success,CID937542,Auto,Shivajinagar,Sarjapur Road,133.0,30.0,Not Applicable,Not Applicable,No,Not Applicable,212,Cash,9,3.1,3.6
2024-07-04 23:56:00,CNR4152373720,Canceled by Driver,CID940888,Mini,Peenya,Richmond Town,,,Not Applicable,Customer related issue,Not Applicable,Not Applicable,670,Not Applicable,0,,
2024-07-01 22:27:00,CNR6089703252,Canceled by Driver,CID109805,Mini,Hebbal,MG Road,,,Not Applicable,Personal & Car related issue,Not Applicable,Not Applicable,1814,Not Applicable,0,,
2024-07-10 04:17:00,CNR1207992316,Canceled by Customer,CID349560,Prime Sedan,Chamarajpet,Hulimavu,,,Wrong Address,Not Applicable,Not Applicable,Not Applicable,861,Not Applicable,0,,
2024-07-15 03:32:00,CNR7184945216,Canceled by Driver,CID973072,eBike,Bannerghatta Road,Cox Town,,,Not Applicable,Customer related issue,Not Applicable,Not Applicable,2509,Not Applicable,0,,
2024-07-28 12:00:00,CNR4728036018,Success,CID376703,Prime SUV,Electronic City,Chamarajpet,259.0,140.0,Not Applicable,Not Applicable,No,Not Applicable,135,Cash,19,4.9,3.2
2024-07-13 05:12:00,CNR1430156577,Success,CID592167,Mini,Majestic,Frazer Town,287.0,70.0,Not Applicable,Not Applicable,No,Not Applicable,110,Cash,32,4.4,4.7
2024-07-30 06:07:00,CNR3231088852,Success,CID681691,eBike,RT Nagar,Hebbal,84.0,50.0,Not Applicable,Not Applicable,No,Not Applicable,850,Credit Card,23,4.4,4.4
2024-07-13 14:53:00,CNR9692257907,Success,CID383330,Mini,JP Nagar,Frazer Town,77.0,75.0,Not Applicable,Not Applicable,No,Not Applicable,323,Cash,15,4.9,3.2
2024-07-24 19:01:00,CNR1183547287,Canceled by Driver,CID672698,eBike,Hennur,Bellandur,,,Not Applicable,Customer related issue,Not Applicable,Not Applicable,603,Not Applicable,0,,
2024-07-07 14:41:00,CNR3408641014,Success,CID565993,Bike,Kadugodi,Sahakar Nagar,112.0,80.0,Not Applicable,Not Applicable,No,Not Applicable,489,UPI,48,3.6,3.0
2024-07-19 12:41:00,CNR8645383750,Driver Not Found,CID182381,Prime Sedan,Frazer Town,Ramamurthy Nagar,,,Not Applicable,Not Applicable,Not Applicable,Not Applicable,155,Not Applicable,0,,
2024-07-19 00:03:00,CNR3231758631,Success,CID256463,Prime Sedan,Varthur,Padmanabhanagar,35.0,65.0,Not Applicable,Not Applicable,No,Not Applicable,274,UPI,11,4.7,4.2
2024-07-16 13:46:00,CNR3583994160,Canceled by Driver,CID258363,eBike,Frazer Town,Hulimavu,,,Not Applicable,Personal & Car related issue,Not Applicable,Not Applicable,480,Not Applicable,0,,
2024-07-30 07:42:00,CNR4268027064,Success,CID319262,Auto,KR Puram,Sarjapur Road,238.0,90.0,Not Applicable,Not Applicable,No,Not Applicable,928,Cash,13,4.8,4.8
2024-07-29 13:33:00,CNR7798002748,Canceled by Driver,CID558002,eBike,Banashankari,Hennur,,,Not Applicable,More than permitted people in there,Not Applicable,Not Applicable,1057,Not Applicable,0,,
2024-07-16 17:35:00,CNR5079555144,Success,CID256341,eBike,Rajarajeshwari Nagar,Majestic,140.0,135.0,Not Applicable,Not Applicable,No,Not Applicable,337,UPI,16,3.3,3.7
2024-07-13 12:04:00,CNR3819340470,Driver Not Found,CID548703,Mini,Hulimavu,Marathahalli,,,Not Applicable,Not Applicable,Not Applicable,Not Applicable,487,Not Applicable,0,,
2024-07-01 10:40:00,CNR5888521641,Canceled by Customer,CID616799,Bike,Kadugodi,Hulimavu,,,Driver is not moving towards pickup location,Not Applicable,Not Applicable,Not Applicable,577,Not Applicable,0,,
2024-07-29 17:59:00,CNR5275297091,Success,CID331551,Mini,Kammanahalli,Hennur,175.0,80.0,Not Applicable,Not Applicable,No,Not Applicable,750,Cash,33,3.2,3.9
2024-07-19 15:35:00,CNR6835802367,Canceled by Customer,CID146585,Prime Sedan,Nagarbhavi,Yelahanka,,,Driver is not moving towards pickup location,Not Applicable,Not Applicable,Not Applicable,117,Not Applicable,0,,
2024-07-21 05:50:00,CNR1878928784,Canceled by Customer,CID125320,Prime Plus,Peenya,Sarjapur Road,,,Driver is not moving towards pickup location,Not Applicable,Not Applicable,Not Applicable,649,Not Applicable,0,,
2024-07-04 20:53:00,CNR8116587637,Success,CID118901,Mini,Banashankari,Frazer Town,147.0,105.0,Not Applicable,Not Applicable,No,Not Applicable,950,Debit Card,17,4.0,4.3
2024-07-14 08:29:00,CNR8341635015,Success,CID668901,Auto,Nagarbhavi,Chickpet,133.0,40.0,Not Applicable,Not Applicable,No,Not Applicable,221,Cash,2,4.2,3.2
2024-07-14 18:49:00,CNR5491374415,Success,CID246438,Mini,RT Nagar,Bellandur,168.0,100.0,Not Applicable,Not Applicable,No,Not Applicable,439,Cash,25,3.3,3.9
2024-07-30 04:42:00,CNR1758954156,Canceled by Driver,CID361448,Prime Plus,Hosur Road,BTM Layout,,,Not Applicable,Personal & Car related issue,Not Applicable,Not Applicable,148,Not Applicable,0,,
2024-07-12 01:13:00,CNR5329264017,Success,CID962383,Prime Plus,Ramamurthy Nagar,Bellandur,189.0,140.0,Not Applicable,Not Applicable,No,Not Applicable,299,UPI,14,4.7,3.8
2024-07-23 13:24:00,CNR3016228802,Canceled by Driver,CID944764,Prime Plus,Rajajinagar,Jayanagar,,,Not Applicable,Customer related issue,Not Applicable,Not Applicable,167,Not Applicable,0,,
2024-07-01 13:10:00,CNR1370745909,Success,CID939230,Prime SUV,Hebbal,Jayanagar,91.0,140.0,Not Applicable,Not Applicable,No,Not Applicable,313,Cash,48,4.4,3.1
2024-07-01 15:53:00,CNR2481572403,Canceled by Driver,CID422956,Prime SUV,Mysore Road,Mysore Road,,,Not Applicable,Personal & Car related issue,Not Applicable,Not Applicable,240,Not Applicable,0,,
2024-07-07 23:10:00,CNR3987542580,Success,CID401332,Bike,Hulimavu,Vijayanagar,161.0,80.0,Not Applicable,Not Applicable,No,Not Applicable,990,Cash,22,4.2,4.0
2024-07-12 15:15:00,CNR1167709186,Canceled by Driver,CID341949,Auto,KR Puram,Hebbal,,,Not Applicable,Customer was coughing/sick,Not Applicable,Not Applicable,171,Not Applicable,0,,
2024-07-19 15:34:00,CNR8466053122,Success,CID382548,Mini,Hosur Road,Ulsoor,266.0,30.0,Not Applicable,Not Applicable,Yes,Other Issue,411,UPI,37,4.6,4.8
2024-07-14 15:18:00,CNR1581408757,Success,CID643520,Prime Sedan,Magadi Road,KR Puram,273.0,100.0,Not Applicable,Not Applicable,No,Not Applicable,470,UPI,48,4.3,3.4
2024-07-11 16:48:00,CNR4880640555,Success,CID537018,eBike,Hennur,Shivajinagar,168.0,75.0,Not Applicable,Not Applicable,No,Not Applicable,416,Cash,48,3.9,3.2
2024-07-05 23:03:00,CNR6019899677,Success,CID869572,eBike,Bannerghatta Road,Banashankari,112.0,65.0,Not Applicable,Not Applicable,No,Not Applicable,452,Cash,36,4.7,3.5
2024-07-21 00:34:00,CNR3737622153,Success,CID934899,Prime Plus,Shivajinagar,Marathahalli,245.0,105.0,Not Applicable,Not Applicable,No,Not Applicable,346,UPI,26,4.2,4.3
2024-07-07 11:12:00,CNR7346022006,Success,CID751546,Prime Plus,Frazer Town,Bellandur,112.0,115.0,Not Applicable,Not Applicable,No,Not Applicable,403,Credit Card,27,4.5,4.5
2024-07-16 11:58:00,CNR5613180561,Success,CID385200,Mini,Indiranagar,Shivajinagar,273.0,65.0,Not Applicable,Not Applicable,No,Not Applicable,476,UPI,8,3.9,4.3
2024-07-13 10:13:00,CNR9191223739,Success,CID170913,Bike,Majestic,MG Road,259.0,45.0,Not Applicable,Not Applicable,No,Not Applicable,454,Cash,15,3.6,4.0
2024-07-15 10:46:00,CNR3893649565,Success,CID602532,Prime SUV,Koramangala,Rajarajeshwari Nagar,168.0,70.0,Not Applicable,Not Applicable,No,Not Applicable,336,Cash,37,3.5,4.1
2024-07-28 21:02:00,CNR5034101823,Success,CID452818,Prime SUV,HSR Layout,BTM Layout,133.0,75.0,Not Applicable,Not Applicable,No,Not Applicable,486,Cash,28,3.8,4.1
2024-07-03 19:13:00,CNR7677437999,Canceled by Driver,CID682923,Bike,Magadi Road,Ulsoor,,,Not Applicable,More than permitted people in there,Not Applicable,Not Applicable,401,Not Applicable,0,,
2024-07-02 04:56:00,CNR7721419090,Canceled by Driver,CID809060,Prime Plus,RT Nagar,Banashankari,,,Not Applicable,Customer related issue,Not Applicable,Not Applicable,439,Not Applicable,0,,
2024-07-24 05:45:00,CNR8637886707,Canceled by Driver,CID554432,Mini,Whitefield,Varthur,,,Not Applicable,Customer was coughing/sick,Not Applicable,Not Applicable,414,Not Applicable,0,,
2024-07-20 11:22:00,CNR3759298443,Success,CID618138,eBike,Rajajinagar,Hulimavu,77.0,100.0,Not Applicable,Not Applicable,No,Not Applicable,196,UPI,24,4.4,5.0
2024-07-14 08:14:00,CNR2077974750,Success,CID379296,Mini,Kengeri,Cox Town,308.0,65.0,Not Applicable,Not Applicable,No,Not Applicable,947,Cash,2,3.0,3.2
2024-07-20 20:21:00,CNR8266977802,Success,CID715158,Bike,Tumkur Road,Varthur,112.0,30.0,Not Applicable,Not Applicable,No,Not Applicable,707,UPI,48,3.2,3.4
2024-07-13 01:52:00,CNR6586626597,Success,CID458916,Prime Plus,Frazer Town,Kammanahalli,273.0,100.0,Not Applicable,Not Applicable,No,Not Applicable,195,UPI,25,4.3,3.3
2024-07-04 20:43:00,CNR5276640911,Success,CID986346,Prime Plus,Richmond Town,HSR Layout,224.0,70.0,Not Applicable,Not Applicable,No,Not Applicable,996,Cash,41,4.4,3.9
2024-07-04 00:03:00,CNR5486166624,Success,CID322857,Prime Plus,Hosur Road,Bannerghatta Road,105.0,55.0,Not Applicable,Not Applicable,No,Not Applicable,301,UPI,15,4.0,4.1
2024-07-10 06:40:00,CNR3798883294,Canceled by Driver,CID775720,Mini,Ramamurthy Nagar,Richmond Town,,,Not Applicable,Personal & Car related issue,Not Applicable,Not Applicable,363,Not Applicable,0,,
2024-07-11 10:39:00,CNR6729114570,Success,CID758081,Bike,Majestic,Chickpet,203.0,135.0,Not Applicable,Not Applicable,No,Not Applicable,126,UPI,21,4.1,4.1
2024-07-17 23:33:00,CNR1717801820,Success,CID960522,Prime SUV,Chickpet,MG Road,35.0,70.0,Not Applicable,Not Applicable,Yes,Other Issue,657,UPI,44,3.6,3.5
2024-07-06 00:19:00,CNR5300716859,Canceled by Customer,CID565947,Mini,Kengeri,Langford Town,,,Change of plans,Not Applicable,Not Applicable,Not Applicable,1426,Not Applicable,0,,
2024-07-14 23:18:00,CNR8377308764,Success,CID764589,Auto,Whitefield,Cox Town,147.0,115.0,Not Applicable,Not Applicable,No,Not Applicable,1827,Cash,7,4.0,3.5
2024-07-01 20:15:00,CNR1275161372,Success,CID455782,Auto,Chamarajpet,Langford Town,42.0,140.0,Not Applicable,Not Applicable,No,Not Applicable,1050,UPI,18,4.6,4.4
2024-07-15 03:46:00,CNR9567865653,Success,CID965632,Prime Plus,Banashankari,BTM Layout,301.0,125.0,Not Applicable,Not Applicable,No,Not Applicable,202,UPI,19,4.4,3.9
2024-07-15 19:37:00,CNR7476417440,Success,CID881260,Prime Sedan,Yeshwanthpur,Bannerghatta Road,147.0,45.0,Not Applicable,Not Applicable,Yes,Vehicle Breakdown,206,UPI,21,3.4,4.9
2024-07-07 23:59:00,CNR3010215095,Success,CID761769,Prime Sedan,Nagarbhavi,Peenya,112.0,85.0,Not Applicable,Not Applicable,No,Not Applicable,382,Cash,30,3.4,4.5
2024-07-27 11:20:00,CNR7009335897,Driver Not Found,CID747563,Prime Sedan,Hennur,Richmond Town,,,Not Applicable,Not Applicable,Not Applicable,Not Applicable,1937,Not Applicable,0,,
2024-07-02 15:50:00,CNR5478327952,Success,CID474555,Prime Sedan,Shantinagar,BTM Layout,238.0,75.0,Not Applicable,Not Applicable,No,Not Applicable,783,Cash,28,3.5,4.5
2024-07-27 09:03:00,CNR8552453324,Success,CID501724,Prime SUV,Kengeri,Kammanahalli,112.0,35.0,Not Applicable,Not Applicable,No,Not Applicable,148,Cash,12,3.9,3.6
2024-07-05 03:06:00,CNR3422678079,Success,CID807080,Prime Sedan,Yelahanka,MG Road,154.0,135.0,Not Applicable,Not Applicable,No,Not Applicable,2688,UPI,44,4.5,4.0
2024-07-03 21:40:00,CNR7446532767,Success,CID234142,Prime Plus,JP Nagar,MG Road,189.0,85.0,Not Applicable,Not Applicable,No,Not Applicable,688,Cash,1,3.4,3.0
2024-07-14 02:16:00,CNR7894652423,Success,CID672522,Prime SUV,Chamarajpet,Hebbal,133.0,70.0,Not Applicable,Not Applicable,No,Not Applicable,716,UPI,40,4.8,4.2
2024-07-20 17:32:00,CNR7346743350,Canceled by Customer,CID485178,Prime Plus,Basavanagudi,Nagarbhavi,,,Driver is not moving towards pickup location,Not Applicable,Not Applicable,Not Applicable,723,Not Applicable,0,,
2024-07-18 08:13:00,CNR1467756022,Canceled by Driver,CID535535,Prime Sedan,Chickpet,Chamarajpet,,,Not Applicable,Customer was coughing/sick,Not Applicable,Not Applicable,2659,Not Applicable,0,,
2024-07-02 17:40:00,CNR3711964203,Canceled by Driver,CID881651,eBike,Hennur,Frazer Town,,,Not Applicable,Customer related issue,Not Applicable,Not Applicable,239,Not Applicable,0,,
2024-07-30 10:42:00,CNR5671399826,Driver Not Found,CID415589,Prime SUV,Padmanabhanagar,Devanahalli,,,Not Applicable,Not Applicable,Not Applicable,Not Applicable,210,Not Applicable,0,,
2024-07-11 14:45:00,CNR6221015349,Driver Not Found,CID152891,Mini,Peenya,Ulsoor,,,Not Applicable,Not Applicable,Not Applicable,Not Applicable,422,Not Applicable,0,,
2024-07-21 07:26:00,CNR4035434121,Success,CID160029,Prime Sedan,Ulsoor,BTM Layout,168.0,45.0,Not Applicable,Not Applicable,No,Not Applicable,316,UPI,11,3.3,3.8
2024-07-25 22:38:00,CNR9200471107,Canceled by Customer,CID881316,Prime SUV,Bellandur,Hennur,,,Change of plans,Not Applicable,Not Applicable,Not Applicable,467,Not Applicable,0,,
2024-07-25 16:58:00,CNR5458343020,Canceled by Driver,CID468566,Prime SUV,Shivajinagar,Sahakar Nagar,,,Not Applicable,Personal & Car related issue,Not Applicable,Not Applicable,805,Not Applicable,0,,
2024-07-19 03:29:00,CNR4383883717,Canceled by Driver,CID173204,Bike,JP Nagar,Shivajinagar,,,Not Applicable,More than permitted people in there,Not Applicable,Not Applicable,337,Not Applicable,0,,
2024-07-10 01:16:00,CNR8164635369,Success,CID586817,Mini,Frazer Town,Marathahalli,189.0,130.0,Not Applicable,Not Applicable,No,Not Applicable,191,Cash,30,5.0,4.0
2024-07-08 23:27:00,CNR8771888924,Success,CID379138,Mini,Magadi Road,Varthur,42.0,60.0,Not Applicable,Not Applicable,No,Not Applicable,691,Cash,25,4.9,4.7
2024-07-21 20:17:00,CNR7001616664,Success,CID538676,Prime Sedan,Peenya,Shivajinagar,147.0,125.0,Not Applicable,Not Applicable,No,Not Applicable,470,UPI,15,3.8,4.2
2024-07-26 23:03:00,CNR4046324083,Canceled by Customer,CID240134,Bike,Tumkur Road,Chickpet,,,AC is Not working,Not Applicable,Not Applicable,Not Applicable,353,Not Applicable,0,,
2024-07-02 22:06:00,CNR8101133413,Driver Not Found,CID266396,Prime Sedan,Sarjapur Road,Mysore Road,,,Not Applicable,Not Applicable,Not Applicable,Not Applicable,107,Not Applicable,0,,
2024-07-05 18:39:00,CNR4229406365,Success,CID601192,Auto,Indiranagar,Shivajinagar,35.0,145.0,Not Applicable,Not Applicable,No,Not Applicable,224,Cash,4,3.9,3.8
2024-07-09 10:37:00,CNR7333636282,Success,CID221283,eBike,Vijayanagar,Shantinagar,280.0,125.0,Not Applicable,Not Applicable,No,Not Applicable,259,Cash,19,3.6,3.1
2024-07-22 08:36:00,CNR4666338987,Canceled by Customer,CID552652,Prime Sedan,Ulsoor,Langford Town,,,Change of plans,Not Applicable,Not Applicable,Not Applicable,326,Not Applicable,0,,
2024-07-19 20:38:00,CNR9052216448,Success,CID795719,eBike,Shivajinagar,Hebbal,266.0,40.0,Not Applicable,Not Applicable,No,Not Applicable,209,Cash,23,3.1,3.6
2024-07-02 16:44:00,CNR7109439220,Driver Not Found,CID371308,Auto,Hosur Road,Malleshwaram,,,Not Applicable,Not Applicable,Not Applicable,Not Applicable,394,Not Applicable,0,,
2024-07-17 07:16:00,CNR4037374403,Success,CID890630,Bike,HSR Layout,Sarjapur Road,126.0,105.0,Not Applicable,Not Applicable,No,Not Applicable,763,UPI,34,4.6,3.7
2024-07-06 11:17:00,CNR6846749965,Canceled by Driver,CID594843,Mini,HSR Layout,Rajarajeshwari Nagar,,,Not Applicable,Customer related issue,Not Applicable,Not Applicable,906,Not Applicable,0,,
2024-07-28 01:50:00,CNR8901825047,Canceled by Customer,CID901160,eBike,Ulsoor,Hulimavu,,,AC is Not working,Not Applicable,Not Applicable,Not Applicable,386,Not Applicable,0,,
2024-07-29 20:07:00,CNR9848534068,Canceled by Customer,CID359483,Prime Plus,Mysore Road,Cox Town,,,Driver is not moving towards pickup location,Not Applicable,Not Applicable,Not Applicable,2889,Not Applicable,0,,
2024-07-28 04:43:00,CNR5438300420,Success,CID452761,Prime Plus,Whitefield,Electronic City,70.0,125.0,Not Applicable,Not Applicable,No,Not Applicable,427,UPI,44,4.7,4.1
2024-07-22 08:45:00,CNR1614963135,Canceled by Driver,CID860135,Prime Sedan,MG Road,Devanahalli,,,Not Applicable,Customer was coughing/sick,Not Applicable,Not Applicable,166,Not Applicable,0,,
2024-07-13 07:01:00,CNR4134660223,Canceled by Customer,CID478839,eBike,Yeshwanthpur,Chamarajpet,,,AC is Not working,Not Applicable,Not Applicable,Not Applicable,535,Not Applicable,0,,
2024-07-06 20:52:00,CNR5738666190,Driver Not Found,CID689050,Prime Sedan,Mysore Road,RT Nagar,,,Not Applicable,Not Applicable,Not Applicable,Not Applicable,129,Not Applicable,0,,
2024-07-23 01:46:00,CNR2482761617,Success,CID592976,Prime Sedan,Magadi Road,Jayanagar,154.0,35.0,Not Applicable,Not Applicable,Yes,Customer Demand,605,UPI,49,5.0,3.3
2024-07-25 10:20:00,CNR9530592017,Canceled by Driver,CID246332,Auto,Electronic City,Sarjapur Road,,,Not Applicable,Personal & Car related issue,Not Applicable,Not Applicable,133,Not Applicable,0,,
2024-07-10 08:32:00,CNR2428679913,Canceled by Customer,CID511101,Bike,Marathahalli,Marathahalli,,,Change of plans,Not Applicable,Not Applicable,Not Applicable,490,Not Applicable,0,,
2024-07-18 22:14:00,CNR9682540143,Driver Not Found,CID397548,Prime SUV,MG Road,Devanahalli,,,Not Applicable,Not Applicable,Not Applicable,Not Applicable,550,Not Applicable,0,,
2024-07-03 10:50:00,CNR4612451141,Canceled by Driver,CID393749,eBike,Sarjapur Road,Banashankari,,,Not Applicable,Personal & Car related issue,Not Applicable,Not Applicable,1318,Not Applicable,0,,
2024-07-26 15:15:00,CNR8209414577,Success,CID251185,Prime Plus,Ulsoor,JP Nagar,126.0,75.0,Not Applicable,Not Applicable,No,Not Applicable,919,Cash,9,4.2,4.8
2024-07-27 10:00:00,CNR3728350895,Success,CID719961,Bike,Marathahalli,MG Road,294.0,75.0,Not Applicable,Not Applicable,No,Not Applicable,418,UPI,13,4.8,4.4
2024-07-24 11:51:00,CNR9433574242,Success,CID889020,Prime Plus,Hosur Road,Hebbal,70.0,120.0,Not Applicable,Not Applicable,No,Not Applicable,349,Cash,7,3.3,4.3
2024-07-03 00:40:00,CNR1279009803,Success,CID783735,Prime SUV,Marathahalli,Rajarajeshwari Nagar,168.0,55.0,Not Applicable,Not Applicable,No,Not Applicable,342,UPI,11,4.8,4.1
2024-07-22 10:43:00,CNR7519538802,Success,CID378244,Auto,Magadi Road,Rajajinagar,77.0,40.0,Not Applicable,Not Applicable,No,Not Applicable,403,UPI,5,3.5,4.8
2024-07-01 11:26:00,CNR1218462206,Success,CID899554,eBike,Shivajinagar,Marathahalli,217.0,145.0,Not Applicable,Not Applicable,No,Not Applicable,356,UPI,38,5.0,4.6
2024-07-11 01:20:00,CNR9314066385,Success,CID839868,Prime SUV,Hebbal,Shivajinagar,210.0,125.0,Not Applicable,Not Applicable,No,Not Applicable,498,UPI,40,4.7,3.1
2024-07-06 10:23:00,CNR9000103628,Canceled by Customer,CID538242,Auto,Sarjapur Road,Banashankari,,,Change of plans,Not Applicable,Not Applicable,Not Applicable,1964,Not Applicable,0,,
2024-07-01 15:53:00,CNR9399223658,Success,CID617082,Prime Sedan,Mysore Road,Chickpet,140.0,60.0,Not Applicable,Not Applicable,No,Not Applicable,1779,Cash,39,4.6,4.6
2024-07-08 05:31:00,CNR3272989813,Canceled by Driver,CID869279,Prime Sedan,Shantinagar,Malleshwaram,,,Not Applicable,Customer related issue,Not Applicable,Not Applicable,251,Not Applicable,0,,
2024-07-01 07:55:00,CNR1060455573,Success,CID510972,Mini,Langford Town,Varthur,259.0,60.0,Not Applicable,Not Applicable,No,Not Applicable,302,Cash,27,3.6,4.3
2024-07-29 01:02:00,CNR3501201874,Success,CID791898,Bike,Hennur,Marathahalli,77.0,100.0,Not Applicable,Not Applicable,No,Not Applicable,237,UPI,39,3.7,3.3
2024-07-28 19:19:00,CNR4034063494,Success,CID648083,Auto,JP Nagar,Tumkur Road,224.0,95.0,Not Applicable,Not Applicable,No,Not Applicable,143,UPI,13,4.4,3.7
2024-07-07 18:15:00,CNR6328319827,Success,CID608934,Auto,Koramangala,Tumkur Road,224.0,130.0,Not Applicable,Not Applicable,No,Not Applicable,285,UPI,3,5.0,4.5
2024-07-16 14:46:00,CNR8634168361,Driver Not Found,CID471730,eBike,Sarjapur Road,Sarjapur Road,,,Not Applicable,Not Applicable,Not Applicable,Not Applicable,478,Not Applicable,0,,
2024-07-03 12:43:00,CNR5908980349,Canceled by Customer,CID581695,Mini,Hosur Road,JP Nagar,,,Driver is not moving towards pickup location,Not Applicable,Not Applicable,Not Applicable,451,Not Applicable,0,,
2024-07-19 04:54:00,CNR9968975659,Success,CID189133,Prime SUV,Bannerghatta Road,Marathahalli,133.0,105.0,Not Applicable,Not Applicable,Yes,Customer Demand,463,Cash,27,3.3,4.4
2024-07-10 16:28:00,CNR8862417601,Driver Not Found,CID274768,Bike,Sahakar Nagar,Mysore Road,,,Not Applicable,Not Applicable,Not Applicable,Not Applicable,150,Not Applicable,0,,
2024-07-07 10:19:00,CNR2855235515,Success,CID588868,Auto,Rajarajeshwari Nagar,HSR Layout,154.0,45.0,Not Applicable,Not Applicable,No,Not Applicable,426,Cash,14,4.4,4.9
2024-07-06 16:17:00,CNR3697409304,Driver Not Found,CID154209,Bike,Richmond Town,Vijayanagar,,,Not Applicable,Not Applicable,Not Applicable,Not Applicable,641,Not Applicable,0,,
2024-07-27 22:41:00,CNR4246512803,Canceled by Customer,CID609231,eBike,Whitefield,Varthur,,,Driver asked to cancel,Not Applicable,Not Applicable,Not Applicable,539,Not Applicable,0,,
2024-07-30 13:52:00,CNR8836473308,Success,CID584083,eBike,Kengeri,Basavanagudi,217.0,30.0,Not Applicable,Not Applicable,No,Not Applicable,487,UPI,40,4.2,4.5
2024-07-24 02:52:00,CNR3939426207,Success,CID823816,eBike,Majestic,Mysore Road,42.0,115.0,Not Applicable,Not Applicable,No,Not Applicable,186,UPI,18,4.3,4.9
2024-07-02 00:45:00,CNR5221498148,Success,CID474486,Mini,Yelahanka,Kadugodi,196.0,75.0,Not Applicable,Not Applicable,No,Not Applicable,455,UPI,41,3.6,3.3
2024-07-07 20:19:00,CNR3820759534,Success,CID782275,Prime Plus,Frazer Town,RT Nagar,84.0,130.0,Not Applicable,Not Applicable,No,Not Applicable,390,UPI,11,3.8,3.9
2024-07-29 16:01:00,CNR1463803566,Canceled by Driver,CID609765,Auto,Tumkur Road,Magadi Road,,,Not Applicable,Personal & Car related issue,Not Applicable,Not Applicable,325,Not Applicable,0,,
2024-07-13 15:23:00,CNR1374109082,Success,CID655791,Auto,Ramamurthy Nagar,Banashankari,91.0,60.0,Not Applicable,Not Applicable,No,Not Applicable,258,UPI,15,4.1,4.4
2024-07-26 05:30:00,CNR4495819403,Success,CID510020,Prime SUV,Richmond Town,Richmond Town,238.0,55.0,Not Applicable,Not Applicable,No,Not Applicable,492,Cash,24,3.4,3.8
2024-07-30 13:21:00,CNR4208069579,Success,CID828644,Mini,Indiranagar,Rajarajeshwari Nagar,70.0,50.0,Not Applicable,Not Applicable,No,Not Applicable,331,UPI,8,4.1,3.4
2024-07-28 15:28:00,CNR8643222824,Success,CID981563,Auto,Vijayanagar,Kadugodi,203.0,105.0,Not Applicable,Not Applicable,No,Not Applicable,386,Cash,18,3.9,3.3
2024-07-28 13:22:00,CNR7940628713,Canceled by Driver,CID888115,Prime SUV,BTM Layout,Ramamurthy Nagar,,,Not Applicable,More than permitted people in there,Not Applicable,Not Applicable,863,Not Applicable,0,,
2024-07-19 06:56:00,CNR7825808930,Success,CID326223,Prime SUV,Jayanagar,Bannerghatta Road,42.0,130.0,Not Applicable,Not Applicable,No,Not Applicable,305,UPI,39,3.3,3.7
2024-07-03 12:18:00,CNR2951043983,Success,CID952300,eBike,Yeshwanthpur,Shivajinagar,182.0,85.0,Not Applicable,Not Applicable,No,Not Applicable,323,Credit Card,20,4.8,3.2
2024-07-07 05:55:00,CNR7260034363,Driver Not Found,CID806030,Auto,Chickpet,Yelahanka,,,Not Applicable,Not Applicable,Not Applicable,Not Applicable,1043,Not Applicable,0,,
2024-07-13 04:03:00,CNR7144626804,Success,CID446217,Bike,Whitefield,Bellandur,301.0,50.0,Not Applicable,Not Applicable,No,Not Applicable,127,UPI,34,4.6,4.4
2024-07-08 18:44:00,CNR3726409564,Success,CID364438,Prime SUV,Rajajinagar,Hosur Road,112.0,60.0,Not Applicable,Not Applicable,No,Not Applicable,735,Cash,47,4.2,3.8
2024-07-10 15:24:00,CNR3393522895,Success,CID717529,Mini,Sahakar Nagar,Langford Town,35.0,80.0,Not Applicable,Not Applicable,No,Not Applicable,178,Cash,8,3.1,3.0
2024-07-10 21:28:00,CNR2037922592,Success,CID290975,eBike,Bellandur,Rajarajeshwari Nagar,189.0,65.0,Not Applicable,Not Applicable,No,Not Applicable,131,Cash,28,4.1,5.0
2024-07-23 03:57:00,CNR3980887242,Success,CID585548,Prime Plus,Kammanahalli,Kengeri,126.0,65.0,Not Applicable,Not Applicable,No,Not Applicable,117,UPI,25,4.8,3.4
2024-07-04 18:48:00,CNR7204148739,Success,CID878991,eBike,Sahakar Nagar,Nagarbhavi,175.0,35.0,Not Applicable,Not Applicable,No,Not Applicable,146,Cash,9,4.8,3.2
2024-07-14 04:15:00,CNR8188850296,Driver Not Found,CID524240,Prime SUV,Rajarajeshwari Nagar,Malleshwaram,,,Not Applicable,Not Applicable,Not Applicable,Not Applicable,138,Not Applicable,0,,
2024-07-20 11:18:00,CNR4388680858,Success,CID573796,Mini,Hennur,Hosur Road,259.0,95.0,Not Applicable,Not Applicable,No,Not Applicable,425,Cash,41,3.6,4.7
2024-07-19 16:44:00,CNR6455855348,Success,CID923240,Prime Plus,BTM Layout,Shivajinagar,252.0,75.0,Not Applicable,Not Applicable,No,Not Applicable,209,UPI,41,4.6,3.7
2024-07-04 17:03:00,CNR9730544875,Success,CID512072,Prime Sedan,Chamarajpet,HSR Layout,175.0,115.0,Not Applicable,Not Applicable,No,Not Applicable,110,UPI,31,3.2,3.5
2024-07-06 13:17:00,CNR4566902321,Canceled by Driver,CID305340,Prime Sedan,Nagarbhavi,Nagarbhavi,,,Not Applicable,Customer was coughing/sick,Not Applicable,Not Applicable,290,Not Applicable,0,,
2024-07-17 20:58:00,CNR3441603268,Success,CID701217,Mini,Rajarajeshwari Nagar,Koramangala,147.0,45.0,Not Applicable,Not Applicable,No,Not Applicable,414,UPI,4,3.2,4.0
2024-07-12 20:34:00,CNR1074268688,Driver Not Found,CID391829,Bike,Whitefield,Basavanagudi,,,Not Applicable,Not Applicable,Not Applicable,Not Applicable,452,Not Applicable,0,,
2024-07-11 12:08:00,CNR1490976273,Success,CID821669,Mini,Langford Town,Padmanabhanagar,161.0,125.0,Not Applicable,Not Applicable,No,Not Applicable,253,Cash,9,4.0,5.0
2024-07-16 18:34:00,CNR1136600558,Driver Not Found,CID825683,Bike,Nagarbhavi,Bannerghatta Road,,,Not Applicable,Not Applicable,Not Applicable,Not Applicable,2991,Not Applicable,0,,
2024-07-06 19:01:00,CNR1599841929,Driver Not Found,CID142019,Prime SUV,Hulimavu,Malleshwaram,,,Not Applicable,Not Applicable,Not Applicable,Not Applicable,143,Not Applicable,0,,
2024-07-07 06:15:00,CNR4924828708,Driver Not Found,CID811563,Auto,Electronic City,Hebbal,,,Not Applicable,Not Applicable,Not Applicable,Not Applicable,195,Not Applicable,0,,
2024-07-23 08:57:00,CNR7588431695,Success,CID964995,Bike,Koramangala,Malleshwaram,63.0,55.0,Not Applicable,Not Applicable,No,Not Applicable,838,Cash,47,3.2,4.6
2024-07-05 08:43:00,CNR1107637396,Success,CID997799,Auto,Shantinagar,Whitefield,266.0,105.0,Not Applicable,Not Applicable,Yes,Customer Demand,284,UPI,12,4.3,3.6
2024-07-07 02:47:00,CNR7639637844,Canceled by Driver,CID350084,Auto,Sarjapur Road,RT Nagar,,,Not Applicable,Personal & Car related issue,Not Applicable,Not Applicable,702,Not Applicable,0,,
2024-07-21 09:49:00,CNR3694918006,Canceled by Driver,CID438314,Bike,Marathahalli,Jayanagar,,,Not Applicable,Personal & Car related issue,Not Applicable,Not Applicable,1864,Not Applicable,0,,
2024-07-10 11:23:00,CNR6985531551,Success,CID106575,eBike,Basavanagudi,Rajarajeshwari Nagar,161.0,70.0,Not Applicable,Not Applicable,No,Not Applicable,303,Cash,34,3.5,3.7
2024-07-24 04:47:00,CNR3015768368,Canceled by Driver,CID977000,Prime Sedan,Devanahalli,Bellandur,,,Not Applicable,More than permitted people in there,Not Applicable,Not Applicable,427,Not Applicable,0,,
2024-07-07 01:28:00,CNR3564539564,Success,CID932003,Auto,Majestic,Shivajinagar,294.0,110.0,Not Applicable,Not Applicable,No,Not Applicable,427,UPI,5,3.3,3.6
2024-07-11 13:27:00,CNR5729165337,Success,CID156813,eBike,Ramamurthy Nagar,Nagarbhavi,280.0,100.0,Not Applicable,Not Applicable,No,Not Applicable,203,Cash,20,3.0,4.7
2024-07-18 13:42:00,CNR3152793297,Canceled by Driver,CID549814,Auto,RT Nagar,Chamarajpet,,,Not Applicable,Customer was coughing/sick,Not Applicable,Not Applicable,217,Not Applicable,0,,
2024-07-02 02:28:00,CNR8657679227,Canceled by Customer,CID930955,Auto,Ramamurthy Nagar,Rajarajeshwari Nagar,,,Change of plans,Not Applicable,Not Applicable,Not Applicable,449,Not Applicable,0,,
2024-07-28 15:45:00,CNR1319508727,Success,CID763232,Bike,Malleshwaram,Shivajinagar,210.0,95.0,Not Applicable,Not Applicable,No,Not Applicable,592,UPI,32,4.1,4.4
2024-07-22 14:00:00,CNR8564030319,Canceled by Driver,CID805656,Prime Sedan,Hebbal,Electronic City,,,Not Applicable,Customer related issue,Not Applicable,Not Applicable,479,Not Applicable,0,,
2024-07-17 14:09:00,CNR9920726091,Canceled by Driver,CID231132,Mini,Hebbal,Chickpet,,,Not Applicable,Personal & Car related issue,Not Applicable,Not Applicable,1391,Not Applicable,0,,
2024-07-09 01:34:00,CNR2084160709,Success,CID702697,Prime SUV,Peenya,Marathahalli,147.0,80.0,Not Applicable,Not Applicable,No,Not Applicable,434,UPI,15,4.5,3.7
2024-07-01 01:33:00,CNR3549604154,Canceled by Driver,CID738070,eBike,Magadi Road,BTM Layout,,,Not Applicable,Customer was coughing/sick,Not Applicable,Not Applicable,115,Not Applicable,0,,
2024-07-30 17:26:00,CNR8111538380,Success,CID965136,Prime Sedan,Peenya,Vijayanagar,273.0,30.0,Not Applicable,Not Applicable,No,Not Applicable,498,Cash,43,3.6,4.0
2024-07-20 00:11:00,CNR1074805889,Success,CID187333,Mini,Hennur,Sahakar Nagar,238.0,35.0,Not Applicable,Not Applicable,No,Not Applicable,183,UPI,39,4.5,3.8
2024-07-13 01:15:00,CNR2770614840,Success,CID476632,Bike,Shivajinagar,Hebbal,126.0,95.0,Not Applicable,Not Applicable,No,Not Applicable,463,Credit Card,11,4.1,4.2
2024-07-30 17:02:00,CNR4281823467,Success,CID665304,Bike,Chamarajpet,Bellandur,217.0,120.0,Not Applicable,Not Applicable,No,Not Applicable,205,UPI,22,4.2,3.5
2024-07-15 16:39:00,CNR8390594691,Success,CID236557,Prime Sedan,Kadugodi,Cox Town,287.0,60.0,Not Applicable,Not Applicable,No,Not Applicable,475,UPI,11,4.9,3.1
2024-07-18 23:51:00,CNR5275725936,Success,CID808603,Mini,Koramangala,JP Nagar,35.0,145.0,Not Applicable,Not Applicable,No,Not Applicable,957,UPI,21,3.6,3.8
2024-07-28 10:03:00,CNR5692671568,Success,CID878825,Auto,Hebbal,Majestic,63.0,120.0,Not Applicable,Not Applicable,No,Not Applicable,455,Cash,17,3.7,3.2
2024-07-10 08:00:00,CNR8843886873,Canceled by Customer,CID650735,eBike,Ramamurthy Nagar,KR Puram,,,Change of plans,Not Applicable,Not Applicable,Not Applicable,564,Not Applicable,0,,
2024-07-02 17:34:00,CNR1647392327,Success,CID603056,Prime SUV,Yeshwanthpur,Richmond Town,126.0,30.0,Not Applicable,Not Applicable,No,Not Applicable,443,Cash,43,4.1,3.6
2024-07-27 05:14:00,CNR4571925556,Success,CID383960,Prime Sedan,JP Nagar,KR Puram,56.0,135.0,Not Applicable,Not Applicable,No,Not Applicable,333,Cash,37,4.8,4.7
2024-07-07 19:40:00,CNR6521758150,Success,CID235314,Mini,Kammanahalli,Hennur,175.0,140.0,Not Applicable,Not Applicable,No,Not Applicable,177,Cash,10,4.2,4.5
2024-07-09 12:45:00,CNR8850042131,Canceled by Driver,CID196370,Bike,Majestic,Frazer Town,,,Not Applicable,Customer was coughing/sick,Not Applicable,Not Applicable,310,Not Applicable,0,,
2024-07-29 17:16:00,CNR5697289895,Success,CID873361,Prime Sedan,Marathahalli,Sarjapur Road,63.0,125.0,Not Applicable,Not Applicable,No,Not Applicable,449,UPI,28,4.9,4.9
2024-07-22 13:41:00,CNR3129367853,Success,CID429767,Prime SUV,Majestic,BTM Layout,301.0,45.0,Not Applicable,Not Applicable,No,Not Applicable,420,Credit Card,19,4.2,3.5
2024-07-15 19:18:00,CNR3641711432,Success,CID817420,Prime SUV,Whitefield,Bannerghatta Road,175.0,105.0,Not Applicable,Not Applicable,No,Not Applicable,239,UPI,13,3.3,3.0
2024-07-30 14:14:00,CNR6352362789,Success,CID793468,eBike,Kammanahalli,Sarjapur Road,280.0,55.0,Not Applicable,Not Applicable,No,Not Applicable,766,Cash,48,3.2,3.4
2024-07-27 08:49:00,CNR5358172126,Success,CID985048,eBike,Basavanagudi,Banashankari,112.0,85.0,Not Applicable,Not Applicable,No,Not Applicable,566,Cash,19,4.4,4.5
2024-07-19 16:36:00,CNR5983738057,Success,CID875535,Prime Sedan,Langford Town,Marathahalli,140.0,105.0,Not Applicable,Not Applicable,No,Not Applicable,872,UPI,30,4.7,3.7
2024-07-28 04:18:00,CNR2075151615,Success,CID879254,Prime Plus,Sarjapur Road,Shivajinagar,63.0,115.0,Not Applicable,Not Applicable,No,Not Applicable,1590,Credit Card,40,3.4,3.6
2024-07-16 08:09:00,CNR3252780580,Driver Not Found,CID566866,eBike,Langford Town,Vijayanagar,,,Not Applicable,Not Applicable,Not Applicable,Not Applicable,259,Not Applicable,0,,
2024-07-22 20:00:00,CNR7787516844,Success,CID523792,Bike,Langford Town,Tumkur Road,147.0,145.0,Not Applicable,Not Applicable,No,Not Applicable,465,Cash,45,3.9,4.8
2024-07-28 07:22:00,CNR7857317047,Canceled by Customer,CID193013,Bike,Chickpet,Sarjapur Road,,,Change of plans,Not Applicable,Not Applicable,Not Applicable,554,Not Applicable,0,,
2024-07-11 01:41:00,CNR8158348456,Success,CID779552,Bike,Yelahanka,Vijayanagar,175.0,40.0,Not Applicable,Not Applicable,No,Not Applicable,808,UPI,14,4.6,4.2
2024-07-07 14:52:00,CNR8985173481,Canceled by Driver,CID673529,eBike,Devanahalli,Bellandur,,,Not Applicable,Customer was coughing/sick,Not Applicable,Not Applicable,606,Not Applicable,0,,
2024-07-28 10:24:00,CNR7614950159,Canceled by Driver,CID189138,Prime Plus,Yelahanka,Marathahalli,,,Not Applicable,Personal & Car related issue,Not Applicable,Not Applicable,433,Not Applicable,0,,
2024-07-01 10:54:00,CNR1157673332,Canceled by Customer,CID575627,Mini,Chickpet,Marathahalli,,,Driver is not moving towards pickup location,Not Applicable,Not Applicable,Not Applicable,983,Not Applicable,0,,
2024-07-11 10:07:00,CNR8658864693,Canceled by Driver,CID908988,Prime Sedan,Banashankari,Devanahalli,,,Not Applicable,Personal & Car related issue,Not Applicable,Not Applicable,1542,Not Applicable,0,,
2024-07-21 10:06:00,CNR1253579529,Success,CID473739,Bike,Hennur,Chickpet,126.0,110.0,Not Applicable,Not Applicable,No,Not Applicable,874,UPI,27,3.8,3.4
2024-07-13 21:59:00,CNR1929201076,Canceled by Customer,CID593855,Bike,Indiranagar,Shantinagar,,,Driver asked to cancel,Not Applicable,Not Applicable,Not Applicable,661,Not Applicable,0,,
2024-07-22 02:08:00,CNR1566996057,Success,CID301164,Prime SUV,Chamarajpet,Yeshwanthpur,77.0,100.0,Not Applicable,Not Applicable,No,Not Applicable,981,UPI,12,4.0,4.0
2024-07-14 10:05:00,CNR3562626427,Driver Not Found,CID360518,Prime Plus,MG Road,Basavanagudi,,,Not Applicable,Not Applicable,Not Applicable,Not Applicable,120,Not Applicable,0,,
2024-07-13 23:35:00,CNR5889188748,Driver Not Found,CID489502,Bike,Hulimavu,Kengeri,,,Not Applicable,Not Applicable,Not Applicable,Not Applicable,400,Not Applicable,0,,
2024-07-19 22:39:00,CNR9711064820,Success,CID919803,Prime Sedan,Malleshwaram,Mysore Road,147.0,80.0,Not Applicable,Not Applicable,No,Not Applicable,430,Cash,41,3.5,4.1
2024-07-24 15:47:00,CNR5456821959,Success,CID232297,eBike,Vijayanagar,Peenya,259.0,125.0,Not Applicable,Not Applicable,No,Not Applicable,509,UPI,13,4.3,4.5
2024-07-27 09:32:00,CNR7297078586,Success,CID532150,Mini,MG Road,Basavanagudi,266.0,105.0,Not Applicable,Not Applicable,No,Not Applicable,180,Cash,19,4.4,3.8
2024-07-09 04:19:00,CNR3605342659,Success,CID715115,eBike,Magadi Road,Hennur,217.0,45.0,Not Applicable,Not Applicable,No,Not Applicable,431,UPI,20,4.5,3.0
2024-07-03 07:39:00,CNR6093718817,Canceled by Customer,CID788476,Prime SUV,Magadi Road,Indiranagar,,,AC is Not working,Not Applicable,Not Applicable,Not Applicable,376,Not Applicable,0,,
2024-07-06 13:02:00,CNR4001611949,Success,CID240116,Prime SUV,Devanahalli,MG Road,84.0,50.0,Not Applicable,Not Applicable,Yes,Vehicle Breakdown,267,UPI,21,3.3,4.3
2024-07-06 10:25:00,CNR9082649892,Success,CID983386,eBike,Yelahanka,Koramangala,189.0,80.0,Not Applicable,Not Applicable,No,Not Applicable,147,Cash,38,4.5,3.0
2024-07-25 09:32:00,CNR6813228955,Success,CID744732,Prime SUV,Hebbal,Frazer Town,266.0,60.0,Not Applicable,Not Applicable,No,Not Applicable,562,Cash,23,4.4,4.3
2024-07-22 00:23:00,CNR5959719586,Success,CID226239,eBike,Chickpet,Ulsoor,112.0,25.0,Not Applicable,Not Applicable,No,Not Applicable,948,Credit Card,21,4.0,4.7
2024-07-25 02:57:00,CNR7560858573,Success,CID539870,Mini,Mysore Road,HSR Layout,245.0,25.0,Not Applicable,Not Applicable,No,Not Applicable,383,Cash,22,4.7,3.9
2024-07-30 04:40:00,CNR2363461334,Success,CID949850,Auto,Vijayanagar,Kadugodi,140.0,140.0,Not Applicable,Not Applicable,No,Not Applicable,363,Cash,2,3.8,4.0
2024-07-20 07:47:00,CNR5863327351,Canceled by Driver,CID951964,Prime SUV,Tumkur Road,Yelahanka,,,Not Applicable,Personal & Car related issue,Not Applicable,Not Applicable,968,Not Applicable,0,,
2024-07-17 10:21:00,CNR2560011519,Driver Not Found,CID550056,Prime Sedan,KR Puram,Jayanagar,,,Not Applicable,Not Applicable,Not Applicable,Not Applicable,534,Not Applicable,0,,
2024-07-07 22:25:00,CNR5981240645,Success,CID161442,Prime Sedan,Langford Town,Sarjapur Road,98.0,50.0,Not Applicable,Not Applicable,No,Not Applicable,319,UPI,34,4.9,3.5
2024-07-13 18:56:00,CNR4801512652,Success,CID251645,eBike,Yeshwanthpur,Sarjapur Road,301.0,90.0,Not Applicable,Not Applicable,No,Not Applicable,694,Cash,15,4.5,3.9
2024-07-15 12:25:00,CNR2896486913,Success,CID410540,Auto,Ulsoor,JP Nagar,126.0,120.0,Not Applicable,Not Applicable,No,Not Applicable,402,Cash,5,3.8,3.7
2024-07-07 02:39:00,CNR4329097954,Driver Not Found,CID982676,Prime SUV,Yelahanka,Indiranagar,,,Not Applicable,Not Applicable,Not Applicable,Not Applicable,271,Not Applicable,0,,
2024-07-20 02:34:00,CNR9164884536,Success,CID760834,Mini,Magadi Road,Padmanabhanagar,203.0,25.0,Not Applicable,Not Applicable,No,Not Applicable,262,Cash,39,3.9,4.4
2024-07-16 18:35:00,CNR5845461477,Driver Not Found,CID309292,Prime Plus,Marathahalli,Shivajinagar,,,Not Applicable,Not Applicable,Not Applicable,Not Applicable,420,Not Applicable,0,,
2024-07-10 14:23:00,CNR8217778568,Canceled by Driver,CID314087,Auto,Nagarbhavi,Langford Town,,,Not Applicable,Personal & Car related issue,Not Applicable,Not Applicable,342,Not Applicable,0,,
2024-07-27 09:09:00,CNR6771169941,Canceled by Driver,CID229441,eBike,Tumkur Road,Peenya,,,Not Applicable,Customer related issue,Not Applicable,Not Applicable,628,Not Applicable,0,,
2024-07-26 21:35:00,CNR1900257867,Success,CID708910,Prime Sedan,RT Nagar,Ramamurthy Nagar,35.0,70.0,Not Applicable,Not Applicable,No,Not Applicable,430,Cash,15,4.0,3.8
2024-07-11 06:33:00,CNR7648817902,Canceled by Customer,CID129592,Prime Sedan,JP Nagar,Rajarajeshwari Nagar,,,Wrong Address,Not Applicable,Not Applicable,Not Applicable,804,Not Applicable,0,,
2024-07-11 16:05:00,CNR7716665597,Success,CID246810,Bike,Kengeri,Tumkur Road,161.0,140.0,Not Applicable,Not Applicable,No,Not Applicable,110,Cash,24,4.3,4.6
2024-07-17 03:25:00,CNR7295384483,Success,CID215585,Bike,HSR Layout,Kammanahalli,126.0,40.0,Not Applicable,Not Applicable,No,Not Applicable,480,Cash,28,3.1,4.2
2024-07-04 08:47:00,CNR5652470025,Success,CID519745,eBike,Chamarajpet,Cox Town,175.0,25.0,Not Applicable,Not Applicable,No,Not Applicable,744,Cash,40,4.4,3.6
2024-07-04 15:45:00,CNR1312697759,Success,CID819161,Prime SUV,Kengeri,Vijayanagar,98.0,40.0,Not Applicable,Not Applicable,No,Not Applicable,687,Cash,29,4.7,3.6
2024-07-20 07:45:00,CNR8266840910,Success,CID782439,eBike,Hennur,Kengeri,273.0,145.0,Not Applicable,Not Applicable,Yes,Customer Demand,319,Cash,9,3.7,4.6
2024-07-07 07:04:00,CNR4920975456,Success,CID721960,Prime SUV,Yeshwanthpur,Sarjapur Road,175.0,45.0,Not Applicable,Not Applicable,No,Not Applicable,785,UPI,13,3.2,4.1
2024-07-06 12:21:00,CNR6183161110,Canceled by Driver,CID859203,Mini,Yeshwanthpur,Shivajinagar,,,Not Applicable,More than permitted people in there,Not Applicable,Not Applicable,231,Not Applicable,0,,
2024-07-09 09:22:00,CNR1810793372,Success,CID800693,Prime Sedan,Frazer Town,Vijayanagar,119.0,115.0,Not Applicable,Not Applicable,No,Not Applicable,276,Cash,5,4.0,3.6
2024-07-10 19:34:00,CNR3293514717,Success,CID752917,Prime Sedan,KR Puram,Nagarbhavi,217.0,40.0,Not Applicable,Not Applicable,No,Not Applicable,220,Cash,25,3.1,4.3
2024-07-16 21:00:00,CNR1527926034,Canceled by Driver,CID583768,Prime Plus,Kadugodi,Hebbal,,,Not Applicable,Personal & Car related issue,Not Applicable,Not Applicable,135,Not Applicable,0,,
2024-07-10 02:53:00,CNR6752521386,Driver Not Found,CID477733,eBike,Hulimavu,Hulimavu,,,Not Applicable,Not Applicable,Not Applicable,Not Applicable,360,Not Applicable,0,,
2024-07-16 12:12:00,CNR7427815058,Driver Not Found,CID966320,Prime SUV,Devanahalli,Vijayanagar,,,Not Applicable,Not Applicable,Not Applicable,Not Applicable,217,Not Applicable,0,,
2024-07-21 22:20:00,CNR7965266495,Success,CID864277,Bike,Frazer Town,BTM Layout,252.0,45.0,Not Applicable,Not Applicable,No,Not Applicable,260,Cash,4,3.5,3.9
2024-07-02 21:28:00,CNR6168242405,Canceled by Driver,CID783291,eBike,Bannerghatta Road,Cox Town,,,Not Applicable,Customer was coughing/sick,Not Applicable,Not Applicable,2836,Not Applicable,0,,
2024-07-28 20:21:00,CNR4870307089,Success,CID616592,Prime Sedan,Basavanagudi,Vijayanagar,280.0,105.0,Not Applicable,Not Applicable,No,Not Applicable,359,UPI,35,4.3,4.7
2024-07-01 17:45:00,CNR1610649811,Canceled by Customer,CID913802,eBike,Indiranagar,Shantinagar,,,Change of plans,Not Applicable,Not Applicable,Not Applicable,225,Not Applicable,0,,
2024-07-30 01:28:00,CNR2040295253,Success,CID783824,Bike,Shantinagar,Sahakar Nagar,245.0,30.0,Not Applicable,Not Applicable,No,Not Applicable,669,Cash,12,3.8,3.8
2024-07-08 00:33:00,CNR5444390913,Canceled by Driver,CID642554,Prime Plus,Vijayanagar,Rajajinagar,,,Not Applicable,Customer related issue,Not Applicable,Not Applicable,340,Not Applicable,0,,
2024-07-14 18:45:00,CNR5663365768,Canceled by Driver,CID420108,eBike,Chickpet,Shivajinagar,,,Not Applicable,Customer related issue,Not Applicable,Not Applicable,424,Not Applicable,0,,
2024-07-30 07:49:00,CNR6311258202,Success,CID308235,Prime SUV,Mysore Road,Magadi Road,217.0,55.0,Not Applicable,Not Applicable,No,Not Applicable,469,Cash,22,3.5,4.1
2024-07-25 14:48:00,CNR4919127175,Canceled by Customer,CID197428,eBike,Frazer Town,Indiranagar,,,Wrong Address,Not Applicable,Not Applicable,Not Applicable,511,Not Applicable,0,,
2024-07-05 14:36:00,CNR4967219094,Canceled by Driver,CID283751,Prime Plus,Kengeri,Rajarajeshwari Nagar,,,Not Applicable,Customer related issue,Not Applicable,Not Applicable,462,Not Applicable,0,,
2024-07-30 11:42:00,CNR9869147799,Canceled by Customer,CID569917,Prime SUV,Koramangala,BTM Layout,,,Driver is not moving towards pickup location,Not Applicable,Not Applicable,Not Applicable,301,Not Applicable,0,,
2024-07-04 02:12:00,CNR9447508245,Driver Not Found,CID383574,Bike,Basavanagudi,Hulimavu,,,Not Applicable,Not Applicable,Not Applicable,Not Applicable,118,Not Applicable,0,,
2024-07-22 23:34:00,CNR1712674201,Canceled by Customer,CID430000,Prime SUV,Yelahanka,Ramamurthy Nagar,,,Driver asked to cancel,Not Applicable,Not Applicable,Not Applicable,205,Not Applicable,0,,
2024-07-17 14:36:00,CNR1911874431,Canceled by Customer,CID569887,eBike,Majestic,Yelahanka,,,Driver asked to cancel,Not Applicable,Not Applicable,Not Applicable,2288,Not Applicable,0,,
2024-07-27 17:22:00,CNR8862646688,Driver Not Found,CID975517,Prime Sedan,Hennur,Whitefield,,,Not Applicable,Not Applicable,Not Applicable,Not Applicable,245,Not Applicable,0,,
2024-07-05 16:14:00,CNR9689423502,Canceled by Customer,CID793556,Prime SUV,Ramamurthy Nagar,Mysore Road,,,Change of plans,Not Applicable,Not Applicable,Not Applicable,340,Not Applicable,0,,
2024-07-05 20:07:00,CNR4025386590,Success,CID764469,Mini,Magadi Road,Bellandur,56.0,115.0,Not Applicable,Not Applicable,No,Not Applicable,558,Cash,5,3.8,3.8
2024-07-19 10:13:00,CNR3137302979,Canceled by Driver,CID365545,Mini,Indiranagar,Hosur Road,,,Not Applicable,Customer related issue,Not Applicable,Not Applicable,479,Not Applicable,0,,
2024-07-28 13:13:00,CNR3323149474,Driver Not Found,CID706367,Prime Plus,Mysore Road,Chamarajpet,,,Not Applicable,Not Applicable,Not Applicable,Not Applicable,101,Not Applicable,0,,
2024-07-12 21:12:00,CNR1423746057,Success,CID703545,Prime Plus,Rajarajeshwari Nagar,Electronic City,266.0,50.0,Not Applicable,Not Applicable,No,Not Applicable,707,UPI,41,3.0,4.0
2024-07-22 20:24:00,CNR5658041998,Success,CID305565,Prime Sedan,Basavanagudi,Kadugodi,98.0,135.0,Not Applicable,Not Applicable,No,Not Applicable,966,Cash,11,4.8,3.4
2024-07-09 01:12:00,CNR7971884165,Success,CID116098,Bike,Majestic,Tumkur Road,189.0,75.0,Not Applicable,Not Applicable,No,Not Applicable,251,Cash,15,3.0,3.8
2024-07-07 07:31:00,CNR6995233411,Success,CID598068,Auto,Chamarajpet,Ulsoor,294.0,35.0,Not Applicable,Not Applicable,No,Not Applicable,900,Cash,19,4.7,3.1
2024-07-16 15:42:00,CNR8198297937,Canceled by Driver,CID576269,Mini,Electronic City,Rajarajeshwari Nagar,,,Not Applicable,Personal & Car related issue,Not Applicable,Not Applicable,422,Not Applicable,0,,
2024-07-22 00:24:00,CNR4009983139,Success,CID329802,Prime Sedan,KR Puram,Indiranagar,63.0,125.0,Not Applicable,Not Applicable,No,Not Applicable,412,Cash,27,3.2,4.7
2024-07-30 00:01:00,CNR7136467294,Success,CID275702,Mini,Indiranagar,Bellandur,259.0,100.0,Not Applicable,Not Applicable,No,Not Applicable,263,Cash,43,4.4,4.1
2024-07-20 15:48:00,CNR2079656557,Canceled by Driver,CID139950,Prime SUV,Whitefield,MG Road,,,Not Applicable,Customer related issue,Not Applicable,Not Applicable,722,Not Applicable,0,,
2024-07-02 17:50:00,CNR6528086122,Driver Not Found,CID440239,Mini,Sahakar Nagar,Peenya,,,Not Applicable,Not Applicable,Not Applicable,Not Applicable,453,Not Applicable,0,,
2024-07-16 05:23:00,CNR9449820458,Success,CID711069,Prime Plus,Chamarajpet,Shantinagar,112.0,60.0,Not Applicable,Not Applicable,No,Not Applicable,342,Cash,37,3.2,4.1
2024-07-08 08:53:00,CNR7591403189,Success,CID384011,Prime Plus,Devanahalli,Basavanagudi,245.0,75.0,Not Applicable,Not Applicable,No,Not Applicable,160,Cash,4,3.9,4.8
2024-07-25 17:53:00,CNR3953082101,Canceled by Driver,CID148555,Auto,JP Nagar,Hosur Road,,,Not Applicable,Personal & Car related issue,Not Applicable,Not Applicable,107,Not Applicable,0,,
2024-07-21 15:21:00,CNR9850853026,Success,CID397214,Auto,RT Nagar,BTM Layout,49.0,30.0,Not Applicable,Not Applicable,No,Not Applicable,350,UPI,15,4.8,3.7
2024-07-22 01:53:00,CNR6238945026,Canceled by Driver,CID801120,Prime Sedan,Yelahanka,Vijayanagar,,,Not Applicable,Personal & Car related issue,Not Applicable,Not Applicable,1274,Not Applicable,0,,
2024-07-07 13:47:00,CNR4122982210,Canceled by Customer,CID373903,Prime Sedan,Jayanagar,Majestic,,,Driver asked to cancel,Not Applicable,Not Applicable,Not Applicable,428,Not Applicable,0,,
2024-07-18 19:33:00,CNR1549004796,Success,CID791147,Prime SUV,Cox Town,Marathahalli,119.0,140.0,Not Applicable,Not Applicable,No,Not Applicable,489,Cash,4,4.1,4.5
2024-07-09 22:17:00,CNR5764902990,Canceled by Driver,CID156686,Bike,Devanahalli,BTM Layout,,,Not Applicable,Customer related issue,Not Applicable,Not Applicable,379,Not Applicable,0,,
2024-07-19 03:12:00,CNR8861856005,Driver Not Found,CID543366,eBike,Indiranagar,Kadugodi,,,Not Applicable,Not Applicable,Not Applicable,Not Applicable,185,Not Applicable,0,,
2024-07-13 09:41:00,CNR9286793933,Success,CID264109,Prime Plus,RT Nagar,Nagarbhavi,308.0,125.0,Not Applicable,Not Applicable,Yes,Other Issue,2084,Cash,42,3.7,3.6
2024-07-07 23:12:00,CNR8995670996,Success,CID197968,Prime Plus,Magadi Road,KR Puram,287.0,65.0,Not Applicable,Not Applicable,No,Not Applicable,255,Cash,37,4.6,4.8
2024-07-14 03:41:00,CNR5371683090,Success,CID801362,Prime Sedan,Ulsoor,Hennur,224.0,80.0,Not Applicable,Not Applicable,No,Not Applicable,819,UPI,30,3.3,4.2
2024-07-16 15:30:00,CNR6717993916,Canceled by Driver,CID462778,eBike,Chamarajpet,Varthur,,,Not Applicable,Personal & Car related issue,Not Applicable,Not Applicable,148,Not Applicable,0,,
2024-07-07 08:53:00,CNR2672794167,Canceled by Driver,CID791743,Prime SUV,Shivajinagar,JP Nagar,,,Not Applicable,Customer was coughing/sick,Not Applicable,Not Applicable,125,Not Applicable,0,,
2024-07-03 16:38:00,CNR4580126321,Success,CID124488,Auto,Shivajinagar,Kadugodi,259.0,60.0,Not Applicable,Not Applicable,No,Not Applicable,405,UPI,7,3.7,3.7
2024-07-11 22:50:00,CNR3713326297,Canceled by Driver,CID383617,Prime Plus,Electronic City,Chickpet,,,Not Applicable,Customer related issue,Not Applicable,Not Applicable,268,Not Applicable,0,,
2024-07-07 16:44:00,CNR5794234106,Driver Not Found,CID576698,Auto,Sahakar Nagar,Chamarajpet,,,Not Applicable,Not Applicable,Not Applicable,Not Applicable,1908,Not Applicable,0,,
2024-07-20 19:53:00,CNR9655133532,Success,CID868879,Prime Sedan,Whitefield,JP Nagar,147.0,55.0,Not Applicable,Not Applicable,No,Not Applicable,375,UPI,32,3.0,4.7
2024-07-02 10:24:00,CNR1028870029,Driver Not Found,CID971142,Prime SUV,Mysore Road,Jayanagar,,,Not Applicable,Not Applicable,Not Applicable,Not Applicable,323,Not Applicable,0,,
2024-07-15 06:38:00,CNR1992875376,Success,CID787302,Prime Sedan,JP Nagar,Malleshwaram,217.0,80.0,Not Applicable,Not Applicable,No,Not Applicable,188,Cash,1,4.0,4.5
2024-07-04 12:05:00,CNR4844639828,Success,CID411562,Prime Sedan,Frazer Town,Bannerghatta Road,91.0,40.0,Not Applicable,Not Applicable,No,Not Applicable,592,Cash,41,4.0,4.3
2024-07-06 09:58:00,CNR4403343017,Canceled by Driver,CID288406,Prime Plus,Malleshwaram,Electronic City,,,Not Applicable,Personal & Car related issue,Not Applicable,Not Applicable,927,Not Applicable,0,,
2024-07-21 03:22:00,CNR8797814438,Success,CID178326,eBike,Electronic City,Devanahalli,56.0,80.0,Not Applicable,Not Applicable,No,Not Applicable,317,Cash,29,4.4,4.5
2024-07-29 00:46:00,CNR2396053219,Success,CID160751,eBike,Hulimavu,Sahakar Nagar,245.0,50.0,Not Applicable,Not Applicable,No,Not Applicable,2830,Cash,35,4.0,3.9
2024-07-30 00:57:00,CNR3219146871,Success,CID474570,Prime Sedan,Hebbal,Electronic City,133.0,115.0,Not Applicable,Not Applicable,No,Not Applicable,170,Cash,1,4.6,4.8
2024-07-25 07:52:00,CNR4333674214,Success,CID566205,Bike,Banashankari,Ulsoor,308.0,135.0,Not Applicable,Not Applicable,No,Not Applicable,2733,Cash,1,5.0,4.2
2024-07-24 11:00:00,CNR2742558912,Success,CID527346,Auto,Yeshwanthpur,Malleshwaram,245.0,40.0,Not Applicable,Not Applicable,No,Not Applicable,454,Cash,16,3.2,3.6
2024-07-24 08:57:00,CNR7159445158,Success,CID817156,Prime SUV,Shantinagar,Kengeri,175.0,85.0,Not Applicable,Not Applicable,No,Not Applicable,604,UPI,19,3.2,3.5
2024-07-22 23:38:00,CNR8298144290,Driver Not Found,CID619334,Auto,JP Nagar,Varthur,,,Not Applicable,Not Applicable,Not Applicable,Not Applicable,894,Not Applicable,0,,
2024-07-05 11:21:00,CNR6293523217,Driver Not Found,CID525419,Mini,Hulimavu,Chickpet,,,Not Applicable,Not Applicable,Not Applicable,Not Applicable,865,Not Applicable,0,,
2024-07-25 05:18:00,CNR3891292745,Canceled by Driver,CID520340,Mini,Chickpet,HSR Layout,,,Not Applicable,Customer was coughing/sick,Not Applicable,Not Applicable,188,Not Applicable,0,,
2024-07-22 07:55:00,CNR7447684046,Success,CID432821,Prime Plus,RT Nagar,Koramangala,154.0,65.0,Not Applicable,Not Applicable,No,Not Applicable,391,Cash,36,4.9,3.6
2024-07-15 06:53:00,CNR8674584852,Success,CID959629,Prime Plus,Rajarajeshwari Nagar,Kammanahalli,147.0,65.0,Not Applicable,Not Applicable,No,Not Applicable,1613,Cash,8,4.2,4.3
2024-07-26 20:59:00,CNR2179511535,Driver Not Found,CID986134,Prime Plus,Yeshwanthpur,RT Nagar,,,Not Applicable,Not Applicable,Not Applicable,Not Applicable,881,Not Applicable,0,,
2024-07-24 03:08:00,CNR7956322949,Success,CID781483,Bike,MG Road,Bellandur,126.0,45.0,Not Applicable,Not Applicable,No,Not Applicable,101,UPI,37,3.4,3.1
2024-07-29 08:27:00,CNR6031026709,Success,CID262452,eBike,Sarjapur Road,HSR Layout,119.0,25.0,Not Applicable,Not Applicable,No,Not Applicable,200,UPI,7,3.8,3.1
2024-07-05 17:43:00,CNR6262433173,Success,CID930153,Bike,Sahakar Nagar,Hennur,91.0,90.0,Not Applicable,Not Applicable,No,Not Applicable,383,UPI,43,3.7,4.5
2024-07-11 10:31:00,CNR9149535733,Success,CID909898,Bike,Hulimavu,Banashankari,182.0,100.0,Not Applicable,Not Applicable,No,Not Applicable,743,Cash,5,3.1,4.0
2024-07-22 07:55:00,CNR7318120093,Success,CID704081,Prime SUV,Bannerghatta Road,Basavanagudi,231.0,60.0,Not Applicable,Not Applicable,No,Not Applicable,377,Credit Card,19,4.3,3.4
2024-07-27 22:29:00,CNR2634690405,Success,CID888962,Bike,Langford Town,RT Nagar,238.0,40.0,Not Applicable,Not Applicable,No,Not Applicable,472,UPI,38,3.6,3.3
2024-07-19 05:17:00,CNR1190482451,Success,CID879183,Prime Sedan,Peenya,Ramamurthy Nagar,308.0,40.0,Not Applicable,Not Applicable,No,Not Applicable,114,UPI,32,3.7,4.7
2024-07-02 13:59:00,CNR3342102702,Success,CID152714,Auto,Mysore Road,Kadugodi,49.0,135.0,Not Applicable,Not Applicable,Yes,Customer Demand,225,Cash,8,4.8,4.4
2024-07-02 11:53:00,CNR2362941508,Success,CID270939,Bike,Nagarbhavi,Langford Town,63.0,80.0,Not Applicable,Not Applicable,No,Not Applicable,669,Cash,35,4.5,3.6
2024-07-01 23:01:00,CNR9511622445,Success,CID561978,Prime Sedan,RT Nagar,Hosur Road,175.0,75.0,Not Applicable,Not Applicable,No,Not Applicable,639,UPI,39,3.2,3.8
2024-07-24 23:23:00,CNR8217540626,Success,CID878945,eBike,Tumkur Road,Langford Town,182.0,95.0,Not Applicable,Not Applicable,No,Not Applicable,395,Cash,15,3.9,4.4
2024-07-14 16:36:00,CNR1930829472,Success,CID949937,Auto,Banashankari,Varthur,49.0,75.0,Not Applicable,Not Applicable,No,Not Applicable,310,Cash,17,3.6,3.1
2024-07-26 17:21:00,CNR8375785967,Success,CID471541,eBike,Nagarbhavi,Electronic City,252.0,85.0,Not Applicable,Not Applicable,No,Not Applicable,441,Cash,6,4.9,4.1
2024-07-20 16:17:00,CNR3333974295,Driver Not Found,CID774112,Prime SUV,RT Nagar,Varthur,,,Not Applicable,Not Applicable,Not Applicable,Not Applicable,948,Not Applicable,0,,
2024-07-20 20:18:00,CNR1038247427,Canceled by Customer,CID370408,Prime Plus,Ramamurthy Nagar,Devanahalli,,,Driver asked to cancel,Not Applicable,Not Applicable,Not Applicable,878,Not Applicable,0,,
2024-07-10 18:19:00,CNR7589769155,Success,CID663640,Mini,MG Road,Tumkur Road,154.0,55.0,Not Applicable,Not Applicable,No,Not Applicable,306,Cash,47,3.4,4.8
2024-07-07 13:08:00,CNR6471973539,Success,CID757479,Auto,Rajarajeshwari Nagar,Varthur,301.0,50.0,Not Applicable,Not Applicable,No,Not Applicable,347,Cash,3,3.8,4.4
2024-07-27 05:41:00,CNR8941016265,Canceled by Driver,CID236080,Prime Plus,BTM Layout,Yeshwanthpur,,,Not Applicable,Personal & Car related issue,Not Applicable,Not Applicable,452,Not Applicable,0,,
2024-07-08 14:08:00,CNR3109339047,Canceled by Customer,CID477759,Prime SUV,Nagarbhavi,Bellandur,,,Driver asked to cancel,Not Applicable,Not Applicable,Not Applicable,458,Not Applicable,0,,
2024-07-16 18:53:00,CNR6777577800,Success,CID218259,eBike,Kadugodi,Yeshwanthpur,112.0,110.0,Not Applicable,Not Applicable,No,Not Applicable,375,Cash,37,3.1,3.8
2024-07-29 11:41:00,CNR4574512328,Success,CID417552,eBike,Whitefield,Kammanahalli,294.0,100.0,Not Applicable,Not Applicable,No,Not Applicable,242,UPI,9,3.8,4.8
2024-07-21 18:50:00,CNR8851511512,Success,CID801517,Bike,Hulimavu,Koramangala,196.0,85.0,Not Applicable,Not Applicable,No,Not Applicable,253,Cash,35,3.8,4.1
2024-07-04 06:34:00,CNR3567088239,Canceled by Customer,CID551863,Prime SUV,Devanahalli,Sarjapur Road,,,Driver asked to cancel,Not Applicable,Not Applicable,Not Applicable,662,Not Applicable,0,,
2024-07-20 14:42:00,CNR9658823556,Success,CID868101,Mini,Indiranagar,Shivajinagar,154.0,100.0,Not Applicable,Not Applicable,No,Not Applicable,143,UPI,30,3.5,4.5
2024-07-21 21:35:00,CNR1016026006,Success,CID365435,Auto,Ramamurthy Nagar,Hulimavu,217.0,60.0,Not Applicable,Not Applicable,No,Not Applicable,288,UPI,8,4.6,3.9
2024-07-18 13:19:00,CNR8839073979,Success,CID647927,eBike,Langford Town,BTM Layout,42.0,55.0,Not Applicable,Not Applicable,No,Not Applicable,407,UPI,40,3.1,4.3
2024-07-15 05:15:00,CNR5030623826,Success,CID818185,Auto,Rajajinagar,Cox Town,35.0,80.0,Not Applicable,Not Applicable,No,Not Applicable,692,UPI,7,3.7,4.0
2024-07-03 20:58:00,CNR2413262372,Canceled by Driver,CID922120,Prime Sedan,Yeshwanthpur,Chamarajpet,,,Not Applicable,Customer related issue,Not Applicable,Not Applicable,478,Not Applicable,0,,
2024-07-10 04:16:00,CNR7904072024,Driver Not Found,CID450413,eBike,Yelahanka,Nagarbhavi,,,Not Applicable,Not Applicable,Not Applicable,Not Applicable,771,Not Applicable,0,,
2024-07-03 14:47:00,CNR2305939991,Canceled by Driver,CID896542,Auto,Ulsoor,Banashankari,,,Not Applicable,Customer was coughing/sick,Not Applicable,Not Applicable,116,Not Applicable,0,,
2024-07-07 15:05:00,CNR5539872867,Success,CID730040,Bike,Hosur Road,HSR Layout,217.0,90.0,Not Applicable,Not Applicable,No,Not Applicable,277,UPI,12,3.4,3.3
2024-07-09 21:33:00,CNR9049344184,Success,CID227406,Prime SUV,Ramamurthy Nagar,Marathahalli,70.0,135.0,Not Applicable,Not Applicable,No,Not Applicable,170,Cash,40,3.3,5.0
2024-07-03 12:25:00,CNR3519884915,Success,CID712288,eBike,Vijayanagar,Shivajinagar,301.0,90.0,Not Applicable,Not Applicable,No,Not Applicable,823,UPI,45,4.4,3.7
2024-07-19 12:19:00,CNR7454379312,Canceled by Driver,CID194197,Mini,Chickpet,Varthur,,,Not Applicable,More than permitted people in there,Not Applicable,Not Applicable,496,Not Applicable,0,,
2024-07-17 21:08:00,CNR5662974119,Driver Not Found,CID382494,Auto,Peenya,Ramamurthy Nagar,,,Not Applicable,Not Applicable,Not Applicable,Not Applicable,326,Not Applicable,0,,
2024-07-14 22:13:00,CNR8006399810,Success,CID778886,Mini,Magadi Road,Richmond Town,175.0,75.0,Not Applicable,Not Applicable,No,Not Applicable,892,UPI,21,3.4,4.6
2024-07-13 05:31:00,CNR4024105856,Success,CID519063,Prime Plus,Sarjapur Road,Richmond Town,189.0,120.0,Not Applicable,Not Applicable,No,Not Applicable,250,UPI,13,3.9,4.7
2024-07-02 00:04:00,CNR7574924734,Driver Not Found,CID769596,Prime Plus,Indiranagar,Electronic City,,,Not Applicable,Not Applicable,Not Applicable,Not Applicable,339,Not Applicable,0,,
2024-07-10 04:48:00,CNR7364787189,Canceled by Driver,CID268630,Prime Plus,HSR Layout,BTM Layout,,,Not Applicable,Customer was coughing/sick,Not Applicable,Not Applicable,736,Not Applicable,0,,
2024-07-26 20:38:00,CNR9016225443,Success,CID738347,eBike,MG Road,Basavanagudi,231.0,65.0,Not Applicable,Not Applicable,No,Not Applicable,219,Cash,23,5.0,3.9
2024-07-18 10:02:00,CNR5791753730,Canceled by Driver,CID666954,Auto,Majestic,Hulimavu,,,Not Applicable,Personal & Car related issue,Not Applicable,Not Applicable,870,Not Applicable,0,,
2024-07-02 21:07:00,CNR9550581815,Canceled by Driver,CID472429,eBike,Basavanagudi,Rajajinagar,,,Not Applicable,Customer related issue,Not Applicable,Not Applicable,379,Not Applicable,0,,
2024-07-06 07:10:00,CNR7540932588,Success,CID897036,Auto,Shivajinagar,Varthur,49.0,60.0,Not Applicable,Not Applicable,No,Not Applicable,2511,UPI,12,3.0,3.3
2024-07-22 19:40:00,CNR7935641027,Success,CID654321,Prime Plus,Shantinagar,Chickpet,210.0,100.0,Not Applicable,Not Applicable,No,Not Applicable,936,Cash,29,3.5,3.9
2024-07-29 20:13:00,CNR4707966490,Canceled by Driver,CID448945,Prime SUV,Bellandur,Mysore Road,,,Not Applicable,Customer was coughing/sick,Not Applicable,Not Applicable,430,Not Applicable,0,,
2024-07-22 03:47:00,CNR4545704734,Success,CID745064,Prime Plus,Hosur Road,Tumkur Road,56.0,60.0,Not Applicable,Not Applicable,No,Not Applicable,128,Cash,4,3.0,4.0
2024-07-14 15:34:00,CNR6730646058,Success,CID463449,Auto,Cox Town,Hebbal,294.0,125.0,Not Applicable,Not Applicable,No,Not Applicable,366,Cash,18,4.8,4.8
2024-07-17 07:10:00,CNR1055068294,Success,CID722294,Prime SUV,Vijayanagar,Cox Town,231.0,130.0,Not Applicable,Not Applicable,No,Not Applicable,515,Cash,43,3.0,4.7
2024-07-07 00:29:00,CNR9428366182,Success,CID776518,Bike,Koramangala,MG Road,196.0,145.0,Not Applicable,Not Applicable,No,Not Applicable,492,Cash,5,4.3,4.3
2024-07-10 23:59:00,CNR8722202707,Success,CID381358,eBike,Nagarbhavi,Hosur Road,252.0,125.0,Not Applicable,Not Applicable,No,Not Applicable,493,UPI,19,4.8,3.5
2024-07-12 09:00:00,CNR8690260866,Success,CID686422,eBike,Magadi Road,Jayanagar,133.0,100.0,Not Applicable,Not Applicable,No,Not Applicable,798,Cash,4,3.9,3.7
2024-07-18 02:43:00,CNR7152161170,Canceled by Driver,CID666930,Mini,Hosur Road,Nagarbhavi,,,Not Applicable,Customer related issue,Not Applicable,Not Applicable,442,Not Applicable,0,,
2024-07-21 10:15:00,CNR7499827998,Canceled by Customer,CID967285,eBike,Electronic City,Malleshwaram,,,Driver is not moving towards pickup location,Not Applicable,Not Applicable,Not Applicable,435,Not Applicable,0,,
2024-07-27 08:13:00,CNR3754098924,Canceled by Driver,CID655227,Auto,Mysore Road,Jayanagar,,,Not Applicable,Customer was coughing/sick,Not Applicable,Not Applicable,784,Not Applicable,0,,
2024-07-28 18:51:00,CNR6555986950,Success,CID386566,Prime Plus,Hebbal,Mysore Road,203.0,70.0,Not Applicable,Not Applicable,No,Not Applicable,315,Credit Card,22,3.8,3.2
2024-07-29 00:24:00,CNR7875970953,Canceled by Customer,CID631120,Mini,Banashankari,Frazer Town,,,Driver asked to cancel,Not Applicable,Not Applicable,Not Applicable,263,Not Applicable,0,,
2024-07-26 04:33:00,CNR1610801749,Success,CID604675,Mini,Tumkur Road,Whitefield,168.0,80.0,Not Applicable,Not Applicable,No,Not Applicable,346,Cash,4,3.2,4.5
2024-07-20 09:15:00,CNR9023812772,Success,CID376048,Bike,Hulimavu,Indiranagar,35.0,55.0,Not Applicable,Not Applicable,No,Not Applicable,361,Cash,10,4.9,4.3
2024-07-18 18:43:00,CNR6506366114,Canceled by Driver,CID195167,Bike,Rajarajeshwari Nagar,Hebbal,,,Not Applicable,Customer related issue,Not Applicable,Not Applicable,679,Not Applicable,0,,
2024-07-20 06:26:00,CNR7505665690,Success,CID776187,Bike,RT Nagar,Padmanabhanagar,42.0,85.0,Not Applicable,Not Applicable,No,Not Applicable,432,Cash,20,3.8,3.5
2024-07-22 23:01:00,CNR4028629531,Success,CID800416,eBike,Mysore Road,Hosur Road,70.0,115.0,Not Applicable,Not Applicable,No,Not Applicable,988,Cash,45,3.4,3.4
2024-07-29 22:51:00,CNR9059609998,Success,CID727549,Prime Plus,HSR Layout,Indiranagar,301.0,70.0,Not Applicable,Not Applicable,No,Not Applicable,227,UPI,31,3.7,3.8
2024-07-07 19:35:00,CNR2147998970,Success,CID179307,Prime Sedan,Chamarajpet,Yeshwanthpur,168.0,75.0,Not Applicable,Not Applicable,No,Not Applicable,368,Cash,48,4.5,4.6
2024-07-10 12:40:00,CNR1003799711,Success,CID921045,Prime SUV,Marathahalli,Chamarajpet,308.0,50.0,Not Applicable,Not Applicable,No,Not Applicable,425,UPI,1,4.0,3.1
2024-07-02 12:44:00,CNR6969288648,Success,CID340241,Prime Sedan,Ramamurthy Nagar,Frazer Town,98.0,80.0,Not Applicable,Not Applicable,No,Not Applicable,241,Cash,40,4.1,4.3
2024-07-22 05:17:00,CNR1941174297,Success,CID312988,Bike,Yelahanka,Richmond Town,231.0,85.0,Not Applicable,Not Applicable,Yes,Customer Demand,130,UPI,19,3.8,3.9
2024-07-23 22:29:00,CNR7906979346,Success,CID489400,Bike,Ulsoor,Hennur,217.0,70.0,Not Applicable,Not Applicable,No,Not Applicable,442,Cash,31,4.2,3.4
2024-07-16 06:18:00,CNR2707390865,Canceled by Customer,CID807789,Mini,Hosur Road,Kadugodi,,,Change of plans,Not Applicable,Not Applicable,Not Applicable,982,Not Applicable,0,,
2024-07-16 02:03:00,CNR3739150818,Driver Not Found,CID974178,Prime Plus,Koramangala,Kadugodi,,,Not Applicable,Not Applicable,Not Applicable,Not Applicable,172,Not Applicable,0,,
2024-07-17 08:07:00,CNR9062409548,Success,CID389736,Bike,Mysore Road,Hulimavu,203.0,30.0,Not Applicable,Not Applicable,No,Not Applicable,669,Cash,5,4.0,3.7
2024-07-01 12:42:00,CNR7900090124,Success,CID952994,Prime SUV,Varthur,Peenya,266.0,60.0,Not Applicable,Not Applicable,No,Not Applicable,320,Cash,3,4.8,4.5
2024-07-27 10:32:00,CNR3276549038,Canceled by Driver,CID743709,Bike,Kadugodi,Jayanagar,,,Not Applicable,Customer was coughing/sick,Not Applicable,Not Applicable,355,Not Applicable,0,,
2024-07-17 21:34:00,CNR5238190141,Driver Not Found,CID162919,Prime Plus,Devanahalli,Sahakar Nagar,,,Not Applicable,Not Applicable,Not Applicable,Not Applicable,141,Not Applicable,0,,
2024-07-22 07:31:00,CNR7774773732,Success,CID149456,eBike,Padmanabhanagar,Yelahanka,119.0,120.0,Not Applicable,Not Applicable,No,Not Applicable,317,UPI,8,3.2,4.3
2024-07-06 00:36:00,CNR8167385058,Success,CID187432,Prime Plus,Malleshwaram,Kengeri,98.0,80.0,Not Applicable,Not Applicable,No,Not Applicable,344,Cash,2,3.9,4.2
2024-07-26 11:20:00,CNR6629889883,Success,CID654875,Prime Plus,Chickpet,Malleshwaram,84.0,115.0,Not Applicable,Not Applicable,No,Not Applicable,892,UPI,33,4.2,3.4
2024-07-10 05:23:00,CNR3976938163,Success,CID643842,Prime Plus,Jayanagar,Langford Town,203.0,55.0,Not Applicable,Not Applicable,No,Not Applicable,303,Credit Card,24,3.3,3.1
2024-07-03 12:14:00,CNR8578544264,Success,CID684271,Auto,Basavanagudi,Bellandur,280.0,115.0,Not Applicable,Not Applicable,Yes,Customer Demand,360,UPI,9,3.8,3.1
2024-07-16 06:12:00,CNR2686322984,Success,CID863790,Prime SUV,Hulimavu,KR Puram,91.0,140.0,Not Applicable,Not Applicable,No,Not Applicable,392,UPI,18,3.4,5.0
2024-07-17 01:18:00,CNR7821240394,Canceled by Customer,CID247904,eBike,Sarjapur Road,RT Nagar,,,Driver is not moving towards pickup location,Not Applicable,Not Applicable,Not Applicable,211,Not Applicable,0,,
2024-07-28 03:50:00,CNR5802102447,Driver Not Found,CID922760,Auto,Mysore Road,Cox Town,,,Not Applicable,Not Applicable,Not Applicable,Not Applicable,568,Not Applicable,0,,
2024-07-21 15:02:00,CNR6163761908,Success,CID650026,Prime SUV,Frazer Town,Bellandur,105.0,90.0,Not Applicable,Not Applicable,No,Not Applicable,334,Cash,1,3.5,3.2
2024-07-04 17:52:00,CNR7791646181,Success,CID950469,Mini,Yelahanka,Frazer Town,119.0,25.0,Not Applicable,Not Applicable,No,Not Applicable,963,UPI,18,5.0,3.6
2024-07-10 14:09:00,CNR9645838740,Success,CID888144,eBike,Rajarajeshwari Nagar,Marathahalli,273.0,135.0,Not Applicable,Not Applicable,No,Not Applicable,164,Cash,40,3.4,4.7
2024-07-05 14:15:00,CNR5011390272,Success,CID618999,eBike,Banashankari,Whitefield,301.0,60.0,Not Applicable,Not Applicable,No,Not Applicable,1447,Cash,10,4.1,3.1
2024-07-19 18:48:00,CNR4475407076,Success,CID327296,Prime SUV,Ramamurthy Nagar,Jayanagar,49.0,75.0,Not Applicable,Not Applicable,No,Not Applicable,525,UPI,3,4.2,3.3
2024-07-19 17:30:00,CNR5191978893,Success,CID476958,Prime Sedan,Nagarbhavi,Nagarbhavi,98.0,115.0,Not Applicable,Not Applicable,No,Not Applicable,187,Cash,46,3.4,4.5
2024-07-13 05:26:00,CNR1429115441,Canceled by Driver,CID947382,Prime Sedan,Shivajinagar,Sarjapur Road,,,Not Applicable,Personal & Car related issue,Not Applicable,Not Applicable,1244,Not Applicable,0,,
2024-07-17 21:47:00,CNR3560038211,Success,CID599856,Prime SUV,Hebbal,Yeshwanthpur,189.0,120.0,Not Applicable,Not Applicable,No,Not Applicable,453,Cash,6,4.7,4.0
2024-07-15 15:48:00,CNR4731703540,Driver Not Found,CID531601,Prime SUV,Hebbal,MG Road,,,Not Applicable,Not Applicable,Not Applicable,Not Applicable,656,Not Applicable,0,,
2024-07-29 16:39:00,CNR9352852130,Success,CID301676,Prime SUV,Marathahalli,Kengeri,98.0,135.0,Not Applicable,Not Applicable,No,Not Applicable,453,UPI,21,4.5,4.0
2024-07-06 20:19:00,CNR1043106973,Canceled by Customer,CID571557,eBike,JP Nagar,Richmond Town,,,AC is Not working,Not Applicable,Not Applicable,Not Applicable,242,Not Applicable,0,,
2024-07-29 03:51:00,CNR1793355448,Success,CID442838,Prime SUV,Rajarajeshwari Nagar,Chamarajpet,189.0,95.0,Not Applicable,Not Applicable,No,Not Applicable,226,Cash,27,3.7,3.3
2024-07-17 17:10:00,CNR8840641869,Success,CID516787,eBike,RT Nagar,Vijayanagar,91.0,120.0,Not Applicable,Not Applicable,No,Not Applicable,562,Cash,48,3.3,4.5
2024-07-19 11:44:00,CNR7495147028,Driver Not Found,CID232091,Prime SUV,Varthur,Malleshwaram,,,Not Applicable,Not Applicable,Not Applicable,Not Applicable,118,Not Applicable,0,,
2024-07-22 15:05:00,CNR6034187388,Canceled by Customer,CID329052,Prime Sedan,Rajarajeshwari Nagar,Hulimavu,,,Driver is not moving towards pickup location,Not Applicable,Not Applicable,Not Applicable,172,Not Applicable,0,,
2024-07-17 03:11:00,CNR4643322038,Success,CID326383,Prime Plus,Koramangala,Ramamurthy Nagar,42.0,80.0,Not Applicable,Not Applicable,No,Not Applicable,648,Cash,48,3.0,3.7
2024-07-18 18:53:00,CNR2040544529,Canceled by Driver,CID589539,Bike,Sahakar Nagar,Frazer Town,,,Not Applicable,Customer was coughing/sick,Not Applicable,Not Applicable,400,Not Applicable,0,,
2024-07-18 00:33:00,CNR6801581078,Success,CID146336,Mini,Frazer Town,Kammanahalli,224.0,130.0,Not Applicable,Not Applicable,No,Not Applicable,424,Cash,4,3.9,3.5
2024-07-20 23:22:00,CNR6119196281,Success,CID964215,eBike,Kadugodi,Shantinagar,154.0,105.0,Not Applicable,Not Applicable,No,Not Applicable,2900,Cash,10,5.0,4.8
2024-07-25 19:59:00,CNR5249822231,Success,CID446109,eBike,Frazer Town,Nagarbhavi,203.0,50.0,Not Applicable,Not Applicable,No,Not Applicable,739,Cash,26,3.1,4.0
2024-07-02 05:11:00,CNR5418435077,Canceled by Driver,CID745835,Bike,HSR Layout,Richmond Town,,,Not Applicable,Customer was coughing/sick,Not Applicable,Not Applicable,309,Not Applicable,0,,
2024-07-23 03:55:00,CNR1524087965,Success,CID386287,Mini,HSR Layout,Electronic City,273.0,25.0,Not Applicable,Not Applicable,No,Not Applicable,316,UPI,49,4.3,4.2
2024-07-26 17:23:00,CNR6395249288,Success,CID691386,eBike,Ulsoor,Shivajinagar,287.0,100.0,Not Applicable,Not Applicable,No,Not Applicable,165,UPI,30,4.0,4.4
2024-07-06 03:20:00,CNR9135725791,Success,CID438649,Bike,Chickpet,Nagarbhavi,112.0,35.0,Not Applicable,Not Applicable,Yes,Vehicle Breakdown,2894,Cash,41,3.0,3.6
2024-07-01 02:46:00,CNR3859216564,Canceled by Customer,CID871999,eBike,Shantinagar,HSR Layout,,,Driver asked to cancel,Not Applicable,Not Applicable,Not Applicable,609,Not Applicable,0,,
2024-07-02 09:54:00,CNR8303882828,Success,CID801826,Prime Sedan,Banashankari,HSR Layout,35.0,125.0,Not Applicable,Not Applicable,No,Not Applicable,237,UPI,20,3.6,4.5
2024-07-17 22:48:00,CNR6462956080,Driver Not Found,CID753952,eBike,Varthur,BTM Layout,,,Not Applicable,Not Applicable,Not Applicable,Not Applicable,106,Not Applicable,0,,
2024-07-29 19:21:00,CNR5993715447,Success,CID332112,Prime SUV,Nagarbhavi,Richmond Town,294.0,95.0,Not Applicable,Not Applicable,No,Not Applicable,459,Cash,34,3.3,3.6
2024-07-04 09:34:00,CNR6221847837,Canceled by Customer,CID224165,Auto,Ulsoor,Varthur,,,Driver asked to cancel,Not Applicable,Not Applicable,Not Applicable,148,Not Applicable,0,,
2024-07-14 03:05:00,CNR6705187994,Success,CID906159,Prime Plus,Whitefield,Nagarbhavi,294.0,55.0,Not Applicable,Not Applicable,No,Not Applicable,641,Cash,44,3.8,3.4
2024-07-27 08:29:00,CNR1381624954,Success,CID511513,Prime Plus,Tumkur Road,Shivajinagar,133.0,50.0,Not Applicable,Not Applicable,No,Not Applicable,249,Cash,12,3.3,4.3
2024-07-21 14:59:00,CNR8801602163,Canceled by Driver,CID846904,Prime Plus,Ulsoor,Malleshwaram,,,Not Applicable,Customer related issue,Not Applicable,Not Applicable,473,Not Applicable,0,,
2024-07-28 23:36:00,CNR3186795563,Success,CID745821,Prime Plus,Mysore Road,Devanahalli,112.0,110.0,Not Applicable,Not Applicable,Yes,Vehicle Breakdown,448,UPI,46,3.9,5.0
2024-07-30 13:54:00,CNR1716873837,Canceled by Driver,CID789018,Bike,Marathahalli,Jayanagar,,,Not Applicable,Personal & Car related issue,Not Applicable,Not Applicable,363,Not Applicable,0,,
2024-07-18 12:15:00,CNR8326399837,Canceled by Customer,CID400676,Prime Sedan,Whitefield,Langford Town,,,Driver asked to cancel,Not Applicable,Not Applicable,Not Applicable,856,Not Applicable,0,,
2024-07-27 06:40:00,CNR4166247698,Canceled by Driver,CID770808,eBike,Whitefield,Whitefield,,,Not Applicable,Customer related issue,Not Applicable,Not Applicable,576,Not Applicable,0,,
2024-07-07 01:19:00,CNR1076866082,Canceled by Driver,CID459019,Prime Plus,Marathahalli,Padmanabhanagar,,,Not Applicable,Personal & Car related issue,Not Applicable,Not Applicable,105,Not Applicable,0,,
2024-07-21 04:36:00,CNR1128659908,Success,CID660985,Prime SUV,Bannerghatta Road,Langford Town,84.0,65.0,Not Applicable,Not Applicable,No,Not Applicable,373,UPI,21,4.9,4.4
2024-07-27 03:18:00,CNR9265945443,Canceled by Driver,CID719966,Prime SUV,Indiranagar,Yelahanka,,,Not Applicable,More than permitted people in there,Not Applicable,Not Applicable,181,Not Applicable,0,,
2024-07-10 19:13:00,CNR5068325125,Success,CID882186,Prime Plus,Tumkur Road,Banashankari,56.0,130.0,Not Applicable,Not Applicable,No,Not Applicable,670,Debit Card,14,3.4,4.5
2024-07-27 10:42:00,CNR2299321603,Canceled by Driver,CID131181,Mini,Banashankari,Hosur Road,,,Not Applicable,Customer related issue,Not Applicable,Not Applicable,479,Not Applicable,0,,
2024-07-14 14:02:00,CNR3980751979,Canceled by Driver,CID127179,Prime Sedan,Richmond Town,Varthur,,,Not Applicable,Customer related issue,Not Applicable,Not Applicable,783,Not Applicable,0,,
2024-07-10 07:24:00,CNR9408941929,Driver Not Found,CID260868,Prime Plus,Bannerghatta Road,Jayanagar,,,Not Applicable,Not Applicable,Not Applicable,Not Applicable,375,Not Applicable,0,,
2024-07-25 02:40:00,CNR5936896564,Success,CID960469,Bike,KR Puram,Langford Town,203.0,120.0,Not Applicable,Not Applicable,No,Not Applicable,715,Cash,23,4.4,4.2
2024-07-18 22:31:00,CNR3026947627,Canceled by Customer,CID455811,Bike,Chamarajpet,Hulimavu,,,AC is Not working,Not Applicable,Not Applicable,Not Applicable,198,Not Applicable,0,,
2024-07-19 17:31:00,CNR3902625696,Success,CID897005,eBike,Hulimavu,Vijayanagar,217.0,145.0,Not Applicable,Not Applicable,No,Not Applicable,246,Cash,31,4.7,4.1
2024-07-03 02:38:00,CNR7313079705,Canceled by Customer,CID136866,Prime Sedan,Chamarajpet,Richmond Town,,,Driver is not moving towards pickup location,Not Applicable,Not Applicable,Not Applicable,196,Not Applicable,0,,
2024-07-24 17:01:00,CNR6434145559,Success,CID106081,Prime Plus,Yeshwanthpur,Yelahanka,245.0,80.0,Not Applicable,Not Applicable,No,Not Applicable,307,UPI,47,4.0,3.6
2024-07-08 13:37:00,CNR5611204646,Success,CID316427,Bike,RT Nagar,Nagarbhavi,280.0,90.0,Not Applicable,Not Applicable,No,Not Applicable,686,UPI,5,3.2,4.4
2024-07-07 05:40:00,CNR1899432592,Canceled by Driver,CID928315,Mini,Shivajinagar,Devanahalli,,,Not Applicable,Customer was coughing/sick,Not Applicable,Not Applicable,547,Not Applicable,0,,
2024-07-19 14:25:00,CNR1628664762,Canceled by Driver,CID823432,Auto,Malleshwaram,Chamarajpet,,,Not Applicable,Customer related issue,Not Applicable,Not Applicable,661,Not Applicable,0,,
2024-07-29 12:20:00,CNR6713083580,Canceled by Customer,CID725167,Prime Sedan,Tumkur Road,Langford Town,,,Change of plans,Not Applicable,Not Applicable,Not Applicable,238,Not Applicable,0,,
2024-07-09 00:17:00,CNR3010465867,Driver Not Found,CID487380,eBike,Majestic,Padmanabhanagar,,,Not Applicable,Not Applicable,Not Applicable,Not Applicable,139,Not Applicable,0,,
2024-07-03 11:30:00,CNR9437008526,Success,CID503259,Mini,Vijayanagar,Langford Town,287.0,95.0,Not Applicable,Not Applicable,No,Not Applicable,172,Cash,40,3.1,4.4
2024-07-07 15:11:00,CNR5772183857,Success,CID721335,Mini,Devanahalli,Rajarajeshwari Nagar,259.0,135.0,Not Applicable,Not Applicable,Yes,Vehicle Breakdown,451,Cash,23,4.0,3.8
2024-07-15 17:29:00,CNR2098582742,Success,CID214958,Prime Sedan,Tumkur Road,Ramamurthy Nagar,196.0,110.0,Not Applicable,Not Applicable,No,Not Applicable,574,UPI,27,4.9,4.2
2024-07-24 11:25:00,CNR9818357873,Success,CID121536,Bike,Rajajinagar,Koramangala,196.0,100.0,Not Applicable,Not Applicable,Yes,Vehicle Breakdown,388,Cash,18,4.9,3.3
2024-07-29 03:26:00,CNR8463666434,Success,CID842660,Bike,Devanahalli,BTM Layout,56.0,90.0,Not Applicable,Not Applicable,No,Not Applicable,315,UPI,20,4.4,4.3
2024-07-30 05:44:00,CNR1476642191,Canceled by Driver,CID652124,Prime Plus,Vijayanagar,Shantinagar,,,Not Applicable,Personal & Car related issue,Not Applicable,Not Applicable,353,Not Applicable,0,,
2024-07-14 20:32:00,CNR9248663809,Success,CID580130,Prime Sedan,Yelahanka,Chamarajpet,112.0,35.0,Not Applicable,Not Applicable,No,Not Applicable,319,UPI,23,4.4,4.9
2024-07-30 05:21:00,CNR1891268488,Driver Not Found,CID762299,Mini,Hennur,Whitefield,,,Not Applicable,Not Applicable,Not Applicable,Not Applicable,287,Not Applicable,0,,
2024-07-11 16:22:00,CNR8109031388,Success,CID334851,Prime Plus,Nagarbhavi,Langford Town,259.0,95.0,Not Applicable,Not Applicable,No,Not Applicable,299,UPI,20,4.2,3.6
2024-07-03 09:54:00,CNR8753442181,Driver Not Found,CID795617,Bike,Koramangala,Yeshwanthpur,,,Not Applicable,Not Applicable,Not Applicable,Not Applicable,247,Not Applicable,0,,
2024-07-25 07:18:00,CNR7856175285,Canceled by Driver,CID651963,Auto,Jayanagar,Peenya,,,Not Applicable,Personal & Car related issue,Not Applicable,Not Applicable,327,Not Applicable,0,,
2024-07-30 13:45:00,CNR1716428652,Canceled by Driver,CID173048,Prime Plus,Hebbal,JP Nagar,,,Not Applicable,Customer related issue,Not Applicable,Not Applicable,144,Not Applicable,0,,
2024-07-02 12:47:00,CNR7898490047,Success,CID244970,Bike,Padmanabhanagar,Sahakar Nagar,84.0,30.0,Not Applicable,Not Applicable,No,Not Applicable,1151,Cash,43,4.4,4.0
2024-07-23 02:44:00,CNR3715905278,Success,CID433190,Prime SUV,Shivajinagar,Rajajinagar,56.0,90.0,Not Applicable,Not Applicable,No,Not Applicable,745,Cash,9,4.4,3.9
2024-07-06 17:48:00,CNR3013630356,Success,CID122236,Prime Plus,Hennur,Marathahalli,140.0,30.0,Not Applicable,Not Applicable,No,Not Applicable,168,Cash,7,4.1,3.1
2024-07-02 03:17:00,CNR8955619788,Success,CID132210,Prime SUV,HSR Layout,Langford Town,231.0,40.0,Not Applicable,Not Applicable,No,Not Applicable,1392,Cash,9,4.0,4.8
2024-07-07 11:12:00,CNR5031842581,Success,CID757410,Mini,Koramangala,Chickpet,84.0,35.0,Not Applicable,Not Applicable,No,Not Applicable,322,UPI,41,4.7,3.2
2024-07-02 10:09:00,CNR6779993548,Success,CID216398,Prime Plus,Yelahanka,Basavanagudi,266.0,120.0,Not Applicable,Not Applicable,No,Not Applicable,225,UPI,47,3.4,3.8
2024-07-23 19:22:00,CNR2773247124,Canceled by Driver,CID759253,Auto,Tumkur Road,JP Nagar,,,Not Applicable,Customer related issue,Not Applicable,Not Applicable,826,Not Applicable,0,,
2024-07-04 19:14:00,CNR4969759247,Canceled by Driver,CID639333,Prime Sedan,Sahakar Nagar,Koramangala,,,Not Applicable,Customer related issue,Not Applicable,Not Applicable,887,Not Applicable,0,,
2024-07-08 20:19:00,CNR3001696152,Success,CID714635,Mini,Rajajinagar,JP Nagar,224.0,115.0,Not Applicable,Not Applicable,No,Not Applicable,186,Cash,29,3.1,4.6
2024-07-03 11:02:00,CNR5576005065,Success,CID475876,Bike,Yeshwanthpur,Tumkur Road,266.0,130.0,Not Applicable,Not Applicable,No,Not Applicable,992,Cash,33,4.3,4.7
2024-07-13 07:44:00,CNR4473455945,Success,CID898082,Auto,Ramamurthy Nagar,Tumkur Road,224.0,125.0,Not Applicable,Not Applicable,No,Not Applicable,360,Cash,1,3.0,3.1
2024-07-12 19:10:00,CNR7388424249,Success,CID131117,Prime Sedan,JP Nagar,Yeshwanthpur,105.0,65.0,Not Applicable,Not Applicable,No,Not Applicable,248,UPI,20,3.0,4.7
2024-07-02 21:25:00,CNR5494361050,Success,CID468686,Bike,Jayanagar,Mysore Road,84.0,60.0,Not Applicable,Not Applicable,No,Not Applicable,242,UPI,10,3.9,3.2
2024-07-02 00:00:00,CNR6610221496,Canceled by Driver,CID862887,Prime Plus,Basavanagudi,Varthur,,,Not Applicable,Personal & Car related issue,Not Applicable,Not Applicable,188,Not Applicable,0,,
2024-07-15 06:25:00,CNR7542222352,Canceled by Driver,CID182370,eBike,Malleshwaram,Shantinagar,,,Not Applicable,Customer related issue,Not Applicable,Not Applicable,469,Not Applicable,0,,
2024-07-17 14:05:00,CNR5872623206,Canceled by Driver,CID326550,Bike,Hennur,Richmond Town,,,Not Applicable,Personal & Car related issue,Not Applicable,Not Applicable,163,Not Applicable,0,,
2024-07-18 01:27:00,CNR7518809186,Success,CID387227,Mini,JP Nagar,Mysore Road,238.0,120.0,Not Applicable,Not Applicable,No,Not Applicable,1988,UPI,41,4.6,4.8
2024-07-07 10:58:00,CNR7746171856,Success,CID389467,Auto,Marathahalli,Jayanagar,259.0,25.0,Not Applicable,Not Applicable,No,Not Applicable,758,Cash,5,3.3,4.9
2024-07-25 07:05:00,CNR4289277332,Success,CID721683,Prime SUV,Hebbal,Shivajinagar,196.0,120.0,Not Applicable,Not Applicable,No,Not Applicable,903,Cash,35,4.7,4.0
2024-07-23 00:00:00,CNR4077647954,Success,CID612563,Auto,Rajarajeshwari Nagar,Whitefield,77.0,80.0,Not Applicable,Not Applicable,No,Not Applicable,901,Cash,7,3.8,4.2
2024-07-09 03:07:00,CNR4108816905,Success,CID757260,Bike,MG Road,Nagarbhavi,287.0,125.0,Not Applicable,Not Applicable,No,Not Applicable,308,Cash,31,4.5,3.2
2024-07-19 02:23:00,CNR3147918279,Success,CID870993,Prime Sedan,Basavanagudi,Magadi Road,105.0,30.0,Not Applicable,Not Applicable,No,Not Applicable,212,UPI,47,3.3,4.2
2024-07-29 10:10:00,CNR9068542730,Canceled by Driver,CID218386,Prime Sedan,Hennur,Kengeri,,,Not Applicable,More than permitted people in there,Not Applicable,Not Applicable,457,Not Applicable,0,,
2024-07-07 07:50:00,CNR4150772973,Canceled by Driver,CID906186,Prime Plus,Chamarajpet,Banashankari,,,Not Applicable,Personal & Car related issue,Not Applicable,Not Applicable,986,Not Applicable,0,,
2024-07-05 16:43:00,CNR9651264841,Success,CID412215,Prime Plus,Shantinagar,Tumkur Road,84.0,80.0,Not Applicable,Not Applicable,No,Not Applicable,603,Cash,9,4.2,3.1
2024-07-07 14:43:00,CNR6280343035,Success,CID733810,Prime SUV,Basavanagudi,Hennur,196.0,145.0,Not Applicable,Not Applicable,No,Not Applicable,140,UPI,45,3.7,3.5
2024-07-16 06:41:00,CNR7309733823,Canceled by Driver,CID894171,eBike,Kengeri,Electronic City,,,Not Applicable,Customer was coughing/sick,Not Applicable,Not Applicable,221,Not Applicable,0,,
2024-07-15 09:48:00,CNR6563517631,Success,CID405533,Mini,Electronic City,Nagarbhavi,266.0,30.0,Not Applicable,Not Applicable,No,Not Applicable,729,UPI,44,3.4,4.6
2024-07-16 00:53:00,CNR7784717257,Success,CID600116,Mini,Hennur,Malleshwaram,84.0,135.0,Not Applicable,Not Applicable,No,Not Applicable,115,Cash,15,3.4,4.2
2024-07-19 07:30:00,CNR9662940715,Success,CID631495,Mini,Yelahanka,Bannerghatta Road,119.0,70.0,Not Applicable,Not Applicable,No,Not Applicable,341,Cash,31,3.2,4.4
2024-07-06 17:57:00,CNR5673756558,Success,CID880624,eBike,Kammanahalli,Nagarbhavi,245.0,70.0,Not Applicable,Not Applicable,No,Not Applicable,2953,Cash,29,4.3,3.4
2024-07-04 02:39:00,CNR3826715543,Success,CID970094,Mini,Malleshwaram,Devanahalli,266.0,90.0,Not Applicable,Not Applicable,No,Not Applicable,348,Cash,8,3.0,3.2
2024-07-20 23:55:00,CNR2793872187,Success,CID988654,Mini,Mysore Road,Jayanagar,147.0,50.0,Not Applicable,Not Applicable,No,Not Applicable,496,Cash,39,3.2,3.4
2024-07-17 03:32:00,CNR9461939966,Success,CID600569,Auto,Koramangala,Sahakar Nagar,70.0,135.0,Not Applicable,Not Applicable,No,Not Applicable,305,Cash,3,4.1,4.5
2024-07-24 06:32:00,CNR3031672639,Success,CID644274,Auto,Peenya,Chickpet,84.0,125.0,Not Applicable,Not Applicable,No,Not Applicable,201,Cash,15,4.0,4.0
2024-07-26 03:35:00,CNR8516805566,Canceled by Driver,CID514450,eBike,Vijayanagar,Yelahanka,,,Not Applicable,Customer related issue,Not Applicable,Not Applicable,319,Not Applicable,0,,
2024-07-16 20:13:00,CNR5905805884,Driver Not Found,CID611715,Mini,Rajajinagar,Jayanagar,,,Not Applicable,Not Applicable,Not Applicable,Not Applicable,477,Not Applicable,0,,
2024-07-08 00:40:00,CNR1463730259,Canceled by Customer,CID914973,Prime Plus,BTM Layout,HSR Layout,,,Driver is not moving towards pickup location,Not Applicable,Not Applicable,Not Applicable,244,Not Applicable,0,,
2024-07-17 10:49:00,CNR5612537011,Canceled by Customer,CID545013,Auto,Rajajinagar,Chamarajpet,,,Driver is not moving towards pickup location,Not Applicable,Not Applicable,Not Applicable,100,Not Applicable,0,,
2024-07-17 20:47:00,CNR9076702223,Canceled by Driver,CID215335,eBike,Electronic City,Hennur,,,Not Applicable,Personal & Car related issue,Not Applicable,Not Applicable,168,Not Applicable,0,,
2024-07-12 02:26:00,CNR5229733164,Success,CID239397,Prime Plus,Padmanabhanagar,Langford Town,147.0,80.0,Not Applicable,Not Applicable,No,Not Applicable,978,UPI,47,4.9,4.8
2024-07-01 23:55:00,CNR9262872255,Success,CID405582,Auto,BTM Layout,Yelahanka,238.0,35.0,Not Applicable,Not Applicable,No,Not Applicable,182,Cash,8,3.2,3.2
2024-07-08 01:44:00,CNR3233838648,Driver Not Found,CID185973,eBike,Shivajinagar,KR Puram,,,Not Applicable,Not Applicable,Not Applicable,Not Applicable,340,Not Applicable,0,,
2024-07-03 01:17:00,CNR7406303941,Canceled by Driver,CID431067,eBike,Kammanahalli,Whitefield,,,Not Applicable,Personal & Car related issue,Not Applicable,Not Applicable,758,Not Applicable,0,,
2024-07-15 10:33:00,CNR5900432270,Success,CID787286,eBike,Yeshwanthpur,Chamarajpet,56.0,80.0,Not Applicable,Not Applicable,No,Not Applicable,884,UPI,15,3.5,4.9
2024-07-23 03:05:00,CNR9660095400,Success,CID812488,Prime Sedan,RT Nagar,Padmanabhanagar,301.0,120.0,Not Applicable,Not Applicable,No,Not Applicable,723,Cash,16,3.9,4.5
2024-07-21 09:32:00,CNR2730303204,Success,CID179582,Prime SUV,Padmanabhanagar,Koramangala,91.0,55.0,Not Applicable,Not Applicable,No,Not Applicable,327,UPI,7,4.5,4.6
2024-07-27 08:05:00,CNR3351110024,Success,CID324901,Prime SUV,Varthur,Tumkur Road,133.0,70.0,Not Applicable,Not Applicable,No,Not Applicable,334,Cash,33,3.4,4.9
2024-07-07 04:19:00,CNR7697097416,Success,CID229359,Auto,Hulimavu,Whitefield,119.0,50.0,Not Applicable,Not Applicable,No,Not Applicable,729,Cash,10,4.5,4.6
2024-07-17 14:08:00,CNR5610388436,Success,CID678929,Bike,Indiranagar,Shivajinagar,49.0,95.0,Not Applicable,Not Applicable,No,Not Applicable,275,UPI,18,4.0,4.8
2024-07-25 21:18:00,CNR4264035417,Success,CID377087,Bike,Basavanagudi,Shantinagar,105.0,110.0,Not Applicable,Not Applicable,No,Not Applicable,834,Cash,36,5.0,3.4
2024-07-10 22:20:00,CNR1198222459,Canceled by Customer,CID853394,eBike,Hulimavu,Vijayanagar,,,Change of plans,Not Applicable,Not Applicable,Not Applicable,967,Not Applicable,0,,
2024-07-12 01:20:00,CNR5329573949,Canceled by Driver,CID713028,Mini,Padmanabhanagar,Koramangala,,,Not Applicable,Customer was coughing/sick,Not Applicable,Not Applicable,2173,Not Applicable,0,,
2024-07-26 20:24:00,CNR6707883838,Success,CID567172,Mini,Ulsoor,KR Puram,140.0,90.0,Not Applicable,Not Applicable,No,Not Applicable,320,UPI,40,4.7,3.5
2024-07-27 10:52:00,CNR2268502296,Canceled by Driver,CID829839,Prime Plus,Bannerghatta Road,Majestic,,,Not Applicable,Personal & Car related issue,Not Applicable,Not Applicable,346,Not Applicable,0,,
2024-07-19 01:27:00,CNR9532835035,Success,CID231072,Prime Plus,Hulimavu,Indiranagar,210.0,110.0,Not Applicable,Not Applicable,No,Not Applicable,607,Cash,41,5.0,3.8
2024-07-23 19:44:00,CNR1859170396,Success,CID635496,Prime Sedan,Varthur,Frazer Town,98.0,75.0,Not Applicable,Not Applicable,No,Not Applicable,630,Cash,44,3.6,4.1
2024-07-12 22:58:00,CNR2095088762,Success,CID452035,Auto,Kammanahalli,Cox Town,308.0,45.0,Not Applicable,Not Applicable,No,Not Applicable,466,UPI,4,4.6,3.9
2024-07-16 14:08:00,CNR2534080879,Canceled by Driver,CID255634,eBike,Varthur,Magadi Road,,,Not Applicable,Customer was coughing/sick,Not Applicable,Not Applicable,151,Not Applicable,0,,
2024-07-19 09:14:00,CNR5711616166,Success,CID160807,Prime Sedan,Nagarbhavi,Magadi Road,217.0,95.0,Not Applicable,Not Applicable,No,Not Applicable,161,Cash,28,3.8,3.8
2024-07-05 07:06:00,CNR3479977796,Success,CID767328,Prime Plus,Cox Town,Marathahalli,280.0,90.0,Not Applicable,Not Applicable,No,Not Applicable,174,UPI,2,3.6,4.6
2024-07-30 16:26:00,CNR3497523365,Success,CID669589,Prime Plus,Shantinagar,Majestic,91.0,85.0,Not Applicable,Not Applicable,No,Not Applicable,763,UPI,18,4.5,3.3
2024-07-29 13:53:00,CNR3666103378,Canceled by Driver,CID212267,eBike,Langford Town,Kengeri,,,Not Applicable,Personal & Car related issue,Not Applicable,Not Applicable,249,Not Applicable,0,,
2024-07-03 09:18:00,CNR3181436269,Success,CID976287,Prime SUV,BTM Layout,Yeshwanthpur,56.0,140.0,Not Applicable,Not Applicable,No,Not Applicable,215,UPI,30,4.4,4.6
2024-07-04 00:25:00,CNR4522585474,Success,CID120120,Auto,Indiranagar,Cox Town,35.0,30.0,Not Applicable,Not Applicable,No,Not Applicable,355,UPI,14,4.1,3.8
2024-07-07 16:38:00,CNR8615908464,Success,CID188882,Prime Plus,Rajarajeshwari Nagar,Kammanahalli,280.0,125.0,Not Applicable,Not Applicable,No,Not Applicable,402,Cash,45,5.0,4.6
2024-07-17 00:16:00,CNR2769051099,Success,CID363929,eBike,Jayanagar,HSR Layout,98.0,135.0,Not Applicable,Not Applicable,No,Not Applicable,406,UPI,38,3.2,5.0
2024-07-27 07:46:00,CNR8845040321,Success,CID363381,Prime SUV,Kengeri,Shivajinagar,112.0,140.0,Not Applicable,Not Applicable,No,Not Applicable,322,UPI,20,3.1,3.6
2024-07-11 17:00:00,CNR7817849356,Success,CID977704,Prime Sedan,Yelahanka,Cox Town,210.0,125.0,Not Applicable,Not Applicable,No,Not Applicable,352,Cash,15,3.2,3.7
2024-07-21 00:32:00,CNR9528359832,Canceled by Customer,CID834467,eBike,Koramangala,Rajajinagar,,,Driver asked to cancel,Not Applicable,Not Applicable,Not Applicable,216,Not Applicable,0,,
2024-07-27 08:29:00,CNR2926471243,Canceled by Driver,CID977209,Prime Plus,Cox Town,Hosur Road,,,Not Applicable,Customer related issue,Not Applicable,Not Applicable,458,Not Applicable,0,,
2024-07-12 16:44:00,CNR6378091957,Canceled by Driver,CID891417,Mini,Frazer Town,Richmond Town,,,Not Applicable,Customer related issue,Not Applicable,Not Applicable,152,Not Applicable,0,,
2024-07-19 19:25:00,CNR8362923103,Success,CID862175,Prime SUV,Tumkur Road,Basavanagudi,203.0,130.0,Not Applicable,Not Applicable,No,Not Applicable,472,UPI,11,3.2,3.8
2024-07-21 00:21:00,CNR1440656792,Success,CID709851,Mini,Sahakar Nagar,Indiranagar,273.0,25.0,Not Applicable,Not Applicable,No,Not Applicable,475,Cash,39,3.6,3.7
2024-07-18 19:28:00,CNR2644948623,Success,CID869199,eBike,Whitefield,Tumkur Road,126.0,110.0,Not Applicable,Not Applicable,No,Not Applicable,232,UPI,9,4.7,4.6
2024-07-14 01:28:00,CNR8302842090,Success,CID688541,Auto,HSR Layout,BTM Layout,119.0,100.0,Not Applicable,Not Applicable,No,Not Applicable,550,Cash,15,4.4,4.5
2024-07-30 03:24:00,CNR7365939412,Success,CID900540,Bike,Kadugodi,Banashankari,70.0,30.0,Not Applicable,Not Applicable,No,Not Applicable,320,UPI,44,3.5,4.6
2024-07-26 22:59:00,CNR2351955603,Canceled by Customer,CID409233,Bike,Varthur,Bellandur,,,Driver is not moving towards pickup location,Not Applicable,Not Applicable,Not Applicable,356,Not Applicable,0,,
2024-07-08 07:22:00,CNR2163250635,Canceled by Customer,CID376680,Bike,Chamarajpet,HSR Layout,,,Driver is not moving towards pickup location,Not Applicable,Not Applicable,Not Applicable,194,Not Applicable,0,,
2024-07-29 09:32:00,CNR5999011186,Canceled by Driver,CID908269,Mini,Indiranagar,Frazer Town,,,Not Applicable,More than permitted people in there,Not Applicable,Not Applicable,385,Not Applicable,0,,
2024-07-20 22:26:00,CNR1393861459,Success,CID989201,Prime Sedan,Bannerghatta Road,Electronic City,175.0,55.0,Not Applicable,Not Applicable,No,Not Applicable,439,Cash,12,3.3,4.6
2024-07-03 13:09:00,CNR3277557533,Driver Not Found,CID880849,eBike,Banashankari,Magadi Road,,,Not Applicable,Not Applicable,Not Applicable,Not Applicable,215,Not Applicable,0,,
2024-07-06 21:12:00,CNR4128782880,Success,CID664129,Prime SUV,Malleshwaram,Sahakar Nagar,245.0,55.0,Not Applicable,Not Applicable,No,Not Applicable,186,Cash,29,3.6,3.2
2024-07-30 14:26:00,CNR6000678216,Canceled by Driver,CID872011,Mini,Mysore Road,Indiranagar,,,Not Applicable,Customer was coughing/sick,Not Applicable,Not Applicable,979,Not Applicable,0,,
2024-07-25 14:49:00,CNR5911535916,Success,CID122971,Mini,Bellandur,Rajarajeshwari Nagar,35.0,60.0,Not Applicable,Not Applicable,No,Not Applicable,226,UPI,14,3.8,4.4
2024-07-04 07:39:00,CNR2533160678,Canceled by Driver,CID479661,Prime Plus,Yelahanka,Mysore Road,,,Not Applicable,More than permitted people in there,Not Applicable,Not Applicable,381,Not Applicable,0,,
2024-07-30 11:09:00,CNR4050902551,Canceled by Driver,CID222429,Prime SUV,Peenya,Kengeri,,,Not Applicable,Personal & Car related issue,Not Applicable,Not Applicable,413,Not Applicable,0,,
2024-07-28 10:12:00,CNR7620542817,Success,CID601339,eBike,Frazer Town,Marathahalli,189.0,40.0,Not Applicable,Not Applicable,No,Not Applicable,339,Cash,7,4.3,3.5
2024-07-10 09:44:00,CNR6103161753,Success,CID770627,Prime Plus,RT Nagar,Yelahanka,56.0,55.0,Not Applicable,Not Applicable,No,Not Applicable,114,Cash,23,3.6,4.8
2024-07-17 18:02:00,CNR4451704268,Success,CID735421,Mini,Frazer Town,JP Nagar,98.0,70.0,Not Applicable,Not Applicable,No,Not Applicable,391,Cash,33,4.8,3.5
2024-07-06 11:59:00,CNR1854783299,Success,CID703133,Auto,Kadugodi,Malleshwaram,168.0,100.0,Not Applicable,Not Applicable,No,Not Applicable,808,UPI,18,3.1,3.3
2024-07-22 05:48:00,CNR1852997916,Success,CID178504,Auto,Rajarajeshwari Nagar,Rajajinagar,154.0,125.0,Not Applicable,Not Applicable,Yes,Vehicle Breakdown,888,UPI,10,4.7,3.1
2024-07-28 23:51:00,CNR7958955433,Canceled by Driver,CID765807,Mini,Kengeri,Shantinagar,,,Not Applicable,Customer related issue,Not Applicable,Not Applicable,265,Not Applicable,0,,
2024-07-21 03:28:00,CNR6661613813,Success,CID293653,Prime SUV,Shivajinagar,Marathahalli,133.0,85.0,Not Applicable,Not Applicable,No,Not Applicable,840,Cash,12,4.4,3.7
2024-07-19 21:56:00,CNR7235761625,Driver Not Found,CID121111,Bike,Hebbal,Hebbal,,,Not Applicable,Not Applicable,Not Applicable,Not Applicable,199,Not Applicable,0,,
2024-07-09 03:12:00,CNR9355501702,Success,CID248947,Auto,Richmond Town,Yelahanka,105.0,25.0,Not Applicable,Not Applicable,No,Not Applicable,438,UPI,4,3.7,3.4
2024-07-05 01:45:00,CNR3966034147,Driver Not Found,CID152449,Prime Sedan,Peenya,Marathahalli,,,Not Applicable,Not Applicable,Not Applicable,Not Applicable,185,Not Applicable,0,,
2024-07-30 00:52:00,CNR6144446499,Success,CID334412,Prime Sedan,Richmond Town,Rajarajeshwari Nagar,119.0,85.0,Not Applicable,Not Applicable,No,Not Applicable,992,Cash,10,3.5,3.6
2024-07-11 17:42:00,CNR8509942202,Success,CID981566,eBike,Mysore Road,Basavanagudi,273.0,120.0,Not Applicable,Not Applicable,No,Not Applicable,899,Cash,28,3.6,3.1
2024-07-28 12:13:00,CNR1756672098,Success,CID584168,Auto,Kammanahalli,Chickpet,112.0,120.0,Not Applicable,Not Applicable,No,Not Applicable,1769,UPI,13,3.1,3.5
2024-07-23 12:43:00,CNR6458366136,Canceled by Driver,CID121918,Prime Sedan,BTM Layout,Yelahanka,,,Not Applicable,More than permitted people in there,Not Applicable,Not Applicable,756,Not Applicable,0,,
2024-07-02 19:54:00,CNR2337255175,Success,CID246155,Auto,Chamarajpet,Chamarajpet,140.0,110.0,Not Applicable,Not Applicable,No,Not Applicable,321,Debit Card,14,3.5,4.8
2024-07-15 14:45:00,CNR1875323686,Canceled by Customer,CID741685,Prime SUV,Tumkur Road,Bannerghatta Road,,,AC is Not working,Not Applicable,Not Applicable,Not Applicable,151,Not Applicable,0,,
2024-07-02 03:17:00,CNR3583716744,Success,CID324704,Mini,Vijayanagar,Yeshwanthpur,294.0,30.0,Not Applicable,Not Applicable,Yes,Vehicle Breakdown,1983,Credit Card,49,4.1,3.3
2024-07-25 05:49:00,CNR8493640388,Success,CID989954,Prime Sedan,Hebbal,Shantinagar,210.0,125.0,Not Applicable,Not Applicable,No,Not Applicable,455,Cash,6,4.3,3.6
2024-07-12 15:19:00,CNR1271970919,Success,CID227328,Mini,Mysore Road,Koramangala,49.0,65.0,Not Applicable,Not Applicable,No,Not Applicable,490,Cash,5,4.3,3.8
2024-07-01 09:40:00,CNR3338176697,Canceled by Customer,CID581241,Mini,Yelahanka,Mysore Road,,,Driver asked to cancel,Not Applicable,Not Applicable,Not Applicable,828,Not Applicable,0,,
2024-07-15 17:42:00,CNR6901885837,Canceled by Customer,CID834394,Auto,Chickpet,Kengeri,,,AC is Not working,Not Applicable,Not Applicable,Not Applicable,259,Not Applicable,0,,
2024-07-05 01:20:00,CNR2304617422,Canceled by Customer,CID888019,Prime SUV,Bellandur,Rajajinagar,,,Driver is not moving towards pickup location,Not Applicable,Not Applicable,Not Applicable,439,Not Applicable,0,,
2024-07-13 02:43:00,CNR6534372700,Success,CID927224,Auto,RT Nagar,Jayanagar,112.0,85.0,Not Applicable,Not Applicable,No,Not Applicable,423,UPI,13,4.9,4.7
2024-07-29 13:30:00,CNR6132025037,Success,CID119830,Auto,Chamarajpet,Richmond Town,98.0,140.0,Not Applicable,Not Applicable,No,Not Applicable,742,UPI,15,4.5,3.7
2024-07-17 15:01:00,CNR6376430246,Success,CID576413,Bike,Hosur Road,HSR Layout,308.0,130.0,Not Applicable,Not Applicable,No,Not Applicable,248,UPI,49,4.6,3.9
2024-07-07 03:40:00,CNR3776335107,Canceled by Driver,CID786492,Prime Sedan,Sarjapur Road,HSR Layout,,,Not Applicable,Customer related issue,Not Applicable,Not Applicable,1114,Not Applicable,0,,
2024-07-01 20:35:00,CNR2948366656,Success,CID285639,Prime Plus,Kadugodi,Jayanagar,189.0,70.0,Not Applicable,Not Applicable,No,Not Applicable,215,Cash,18,3.8,4.2
2024-07-04 14:50:00,CNR7135759390,Success,CID158757,Prime SUV,Tumkur Road,Ulsoor,238.0,50.0,Not Applicable,Not Applicable,No,Not Applicable,392,Cash,23,3.9,3.5
2024-07-14 03:17:00,CNR5368851457,Success,CID604689,Auto,Kengeri,Chamarajpet,77.0,70.0,Not Applicable,Not Applicable,No,Not Applicable,151,Cash,5,3.4,3.8
2024-07-04 11:42:00,CNR1835289769,Canceled by Driver,CID127828,Auto,Kengeri,Kengeri,,,Not Applicable,More than permitted people in there,Not Applicable,Not Applicable,567,Not Applicable,0,,
2024-07-17 21:13:00,CNR3990646939,Canceled by Driver,CID916143,Bike,Basavanagudi,Banashankari,,,Not Applicable,Customer was coughing/sick,Not Applicable,Not Applicable,130,Not Applicable,0,,
2024-07-06 04:44:00,CNR7059417580,Canceled by Customer,CID964818,Prime Plus,Koramangala,Cox Town,,,Driver asked to cancel,Not Applicable,Not Applicable,Not Applicable,357,Not Applicable,0,,
2024-07-22 19:33:00,CNR9687765675,Success,CID194327,Prime SUV,Jayanagar,Malleshwaram,49.0,45.0,Not Applicable,Not Applicable,No,Not Applicable,1110,Credit Card,43,4.9,3.3
2024-07-16 18:21:00,CNR4352401497,Canceled by Driver,CID582386,eBike,Mysore Road,Hulimavu,,,Not Applicable,Personal & Car related issue,Not Applicable,Not Applicable,329,Not Applicable,0,,
2024-07-21 07:38:00,CNR8517565656,Canceled by Customer,CID884409,Auto,Frazer Town,Yeshwanthpur,,,Driver asked to cancel,Not Applicable,Not Applicable,Not Applicable,428,Not Applicable,0,,
2024-07-12 12:10:00,CNR7178949071,Driver Not Found,CID868963,Mini,JP Nagar,Koramangala,,,Not Applicable,Not Applicable,Not Applicable,Not Applicable,647,Not Applicable,0,,
2024-07-09 18:15:00,CNR5261571482,Success,CID145115,Bike,HSR Layout,Mysore Road,301.0,95.0,Not Applicable,Not Applicable,No,Not Applicable,321,UPI,9,4.0,3.4
2024-07-08 23:25:00,CNR4111277669,Success,CID834647,Bike,MG Road,Majestic,175.0,90.0,Not Applicable,Not Applicable,No,Not Applicable,250,Cash,42,4.1,3.2
2024-07-12 06:40:00,CNR5100514855,Success,CID152397,Prime SUV,Rajarajeshwari Nagar,BTM Layout,70.0,130.0,Not Applicable,Not Applicable,No,Not Applicable,204,Cash,25,3.3,3.3
2024-07-05 20:06:00,CNR4208650069,Canceled by Customer,CID423975,Bike,Rajajinagar,Mysore Road,,,Change of plans,Not Applicable,Not Applicable,Not Applicable,155,Not Applicable,0,,
2024-07-28 09:32:00,CNR9132209934,Canceled by Customer,CID439655,Prime Sedan,MG Road,RT Nagar,,,Driver is not moving towards pickup location,Not Applicable,Not Applicable,Not Applicable,224,Not Applicable,0,,
2024-07-07 17:30:00,CNR5070553741,Canceled by Driver,CID346976,Bike,Yelahanka,Basavanagudi,,,Not Applicable,Customer related issue,Not Applicable,Not Applicable,460,Not Applicable,0,,
2024-07-18 23:02:00,CNR1929886826,Canceled by Customer,CID901270,eBike,Yeshwanthpur,Banashankari,,,Wrong Address,Not Applicable,Not Applicable,Not Applicable,181,Not Applicable,0,,
2024-07-30 16:27:00,CNR8889029729,Success,CID476621,eBike,Hebbal,Kengeri,98.0,85.0,Not Applicable,Not Applicable,No,Not Applicable,218,UPI,34,3.2,3.2
2024-07-14 00:24:00,CNR6895225805,Success,CID400518,Prime SUV,Langford Town,Rajajinagar,203.0,80.0,Not Applicable,Not Applicable,No,Not Applicable,336,UPI,42,4.0,4.1
2024-07-17 06:12:00,CNR2753284298,Success,CID240556,Bike,Kadugodi,Bellandur,126.0,50.0,Not Applicable,Not Applicable,No,Not Applicable,383,UPI,1,4.7,4.1
2024-07-19 18:59:00,CNR5331026082,Success,CID965750,Prime SUV,Malleshwaram,Hennur,189.0,115.0,Not Applicable,Not Applicable,No,Not Applicable,211,Cash,39,4.8,3.5
2024-07-22 20:39:00,CNR5318211598,Success,CID449873,Bike,Marathahalli,MG Road,147.0,35.0,Not Applicable,Not Applicable,No,Not Applicable,203,Cash,9,3.3,4.0
2024-07-15 12:33:00,CNR4034123544,Canceled by Customer,CID336622,Prime Sedan,Chickpet,Yelahanka,,,Driver asked to cancel,Not Applicable,Not Applicable,Not Applicable,198,Not Applicable,0,,
2024-07-17 04:12:00,CNR6858900499,Success,CID455042,Bike,MG Road,Chamarajpet,140.0,55.0,Not Applicable,Not Applicable,No,Not Applicable,115,Cash,28,3.6,3.8
2024-07-19 19:09:00,CNR9973798185,Success,CID487666,eBike,Electronic City,MG Road,133.0,100.0,Not Applicable,Not Applicable,No,Not Applicable,445,Cash,6,5.0,4.7
2024-07-01 17:53:00,CNR9021600122,Success,CID290515,Prime Sedan,Yeshwanthpur,Kengeri,168.0,130.0,Not Applicable,Not Applicable,No,Not Applicable,489,Cash,3,3.7,4.4
2024-07-17 01:40:00,CNR3990768357,Canceled by Driver,CID447905,Prime SUV,Basavanagudi,Basavanagudi,,,Not Applicable,More than permitted people in there,Not Applicable,Not Applicable,1085,Not Applicable,0,,
2024-07-28 06:03:00,CNR4393127324,Success,CID137514,Prime Plus,Hennur,BTM Layout,280.0,140.0,Not Applicable,Not Applicable,Yes,Vehicle Breakdown,285,UPI,25,4.4,3.6
2024-07-01 00:00:00,CNR4091573505,Canceled by Driver,CID742344,eBike,Yeshwanthpur,Devanahalli,,,Not Applicable,Customer was coughing/sick,Not Applicable,Not Applicable,367,Not Applicable,0,,
2024-07-09 21:04:00,CNR9677639899,Driver Not Found,CID189117,Bike,Yeshwanthpur,Peenya,,,Not Applicable,Not Applicable,Not Applicable,Not Applicable,272,Not Applicable,0,,
2024-07-30 02:58:00,CNR4139609103,Success,CID664927,Auto,Bannerghatta Road,Koramangala,196.0,90.0,Not Applicable,Not Applicable,No,Not Applicable,118,UPI,11,3.5,4.7
2024-07-18 02:23:00,CNR4020131823,Canceled by Customer,CID747239,Prime SUV,Devanahalli,JP Nagar,,,Change of plans,Not Applicable,Not Applicable,Not Applicable,354,Not Applicable,0,,
2024-07-06 07:22:00,CNR7888239737,Success,CID592968,eBike,KR Puram,Kadugodi,56.0,70.0,Not Applicable,Not Applicable,Yes,Other Issue,104,Cash,45,3.9,4.9
2024-07-09 14:47:00,CNR3053701309,Success,CID160220,Prime Sedan,Cox Town,Padmanabhanagar,217.0,130.0,Not Applicable,Not Applicable,No,Not Applicable,274,Cash,49,3.0,4.9
2024-07-07 22:07:00,CNR7370564702,Canceled by Driver,CID143875,Prime Plus,Ulsoor,Langford Town,,,Not Applicable,Personal & Car related issue,Not Applicable,Not Applicable,235,Not Applicable,0,,
2024-07-24 00:24:00,CNR2275735505,Success,CID598941,Prime SUV,Shantinagar,Hosur Road,161.0,85.0,Not Applicable,Not Applicable,No,Not Applicable,789,UPI,10,4.5,3.9
2024-07-28 18:49:00,CNR9300513483,Driver Not Found,CID673722,Auto,Padmanabhanagar,Devanahalli,,,Not Applicable,Not Applicable,Not Applicable,Not Applicable,582,Not Applicable,0,,
2024-07-09 15:46:00,CNR1988902544,Canceled by Driver,CID401497,Bike,Majestic,Koramangala,,,Not Applicable,More than permitted people in there,Not Applicable,Not Applicable,2649,Not Applicable,0,,
2024-07-26 09:21:00,CNR7441448709,Success,CID750823,Auto,Bannerghatta Road,Basavanagudi,189.0,120.0,Not Applicable,Not Applicable,No,Not Applicable,316,Cash,5,4.9,4.0
2024-07-03 13:12:00,CNR1931727942,Success,CID441283,Bike,KR Puram,Sahakar Nagar,126.0,85.0,Not Applicable,Not Applicable,No,Not Applicable,243,UPI,11,3.3,4.1
2024-07-27 10:18:00,CNR8448454851,Success,CID574911,Prime Plus,Mysore Road,Padmanabhanagar,196.0,40.0,Not Applicable,Not Applicable,No,Not Applicable,246,Cash,36,3.9,3.1
2024-07-09 16:11:00,CNR4878613555,Success,CID244546,Auto,Magadi Road,HSR Layout,245.0,25.0,Not Applicable,Not Applicable,No,Not Applicable,646,Cash,15,4.0,3.4
2024-07-14 13:37:00,CNR8278717493,Success,CID852952,Prime Plus,Magadi Road,Cox Town,42.0,40.0,Not Applicable,Not Applicable,No,Not Applicable,266,UPI,42,3.6,3.3
2024-07-30 06:00:00,CNR6623632206,Canceled by Driver,CID880324,eBike,Hosur Road,Yeshwanthpur,,,Not Applicable,Customer related issue,Not Applicable,Not Applicable,695,Not Applicable,0,,
2024-07-28 12:42:00,CNR5364859050,Driver Not Found,CID862708,Prime Plus,Shantinagar,Richmond Town,,,Not Applicable,Not Applicable,Not Applicable,Not Applicable,257,Not Applicable,0,,
2024-07-03 05:35:00,CNR5263648647,Success,CID702717,Prime SUV,Nagarbhavi,Mysore Road,231.0,90.0,Not Applicable,Not Applicable,No,Not Applicable,370,UPI,35,3.8,5.0
2024-07-03 15:49:00,CNR6790177974,Success,CID988059,Auto,Majestic,Chamarajpet,252.0,125.0,Not Applicable,Not Applicable,No,Not Applicable,405,Cash,1,3.6,3.4
2024-07-05 15:05:00,CNR4012587027,Canceled by Customer,CID346969,Prime Plus,Cox Town,Richmond Town,,,Driver asked to cancel,Not Applicable,Not Applicable,Not Applicable,414,Not Applicable,0,,
2024-07-16 20:33:00,CNR6710689150,Canceled by Customer,CID449965,Prime Plus,Vijayanagar,Koramangala,,,Change of plans,Not Applicable,Not Applicable,Not Applicable,662,Not Applicable,0,,
2024-07-27 23:07:00,CNR1196336424,Canceled by Driver,CID876263,Prime SUV,Kadugodi,Langford Town,,,Not Applicable,Customer was coughing/sick,Not Applicable,Not Applicable,351,Not Applicable,0,,
2024-07-17 18:07:00,CNR2708636805,Success,CID889602,eBike,Frazer Town,Sahakar Nagar,231.0,125.0,Not Applicable,Not Applicable,Yes,Vehicle Breakdown,269,UPI,41,3.4,3.1
2024-07-26 10:27:00,CNR5327798281,Canceled by Driver,CID120316,Auto,Langford Town,Bellandur,,,Not Applicable,Personal & Car related issue,Not Applicable,Not Applicable,402,Not Applicable,0,,
2024-07-02 12:08:00,CNR2169488954,Canceled by Customer,CID141291,Bike,Bannerghatta Road,Yeshwanthpur,,,Driver is not moving towards pickup location,Not Applicable,Not Applicable,Not Applicable,127,Not Applicable,0,,
2024-07-06 10:49:00,CNR6861395319,Success,CID216711,Prime Plus,Basavanagudi,Devanahalli,245.0,95.0,Not Applicable,Not Applicable,No,Not Applicable,482,Cash,28,3.7,4.3
2024-07-19 04:27:00,CNR4262972327,Success,CID984116,eBike,Malleshwaram,JP Nagar,210.0,105.0,Not Applicable,Not Applicable,No,Not Applicable,112,UPI,35,5.0,3.4
2024-07-03 08:23:00,CNR2649498922,Canceled by Driver,CID627641,eBike,Langford Town,Kengeri,,,Not Applicable,Customer was coughing/sick,Not Applicable,Not Applicable,2888,Not Applicable,0,,
2024-07-20 22:09:00,CNR6019288848,Success,CID431806,Bike,Sarjapur Road,Yelahanka,70.0,125.0,Not Applicable,Not Applicable,No,Not Applicable,224,Credit Card,45,3.5,4.5
2024-07-29 17:44:00,CNR7663532206,Canceled by Driver,CID935607,Prime Sedan,BTM Layout,Kammanahalli,,,Not Applicable,Personal & Car related issue,Not Applicable,Not Applicable,1080,Not Applicable,0,,
2024-07-15 20:04:00,CNR3290332149,Canceled by Driver,CID398986,Auto,KR Puram,Indiranagar,,,Not Applicable,Customer was coughing/sick,Not Applicable,Not Applicable,496,Not Applicable,0,,
2024-07-09 12:27:00,CNR9762883604,Canceled by Driver,CID452082,Prime SUV,Kadugodi,Peenya,,,Not Applicable,Personal & Car related issue,Not Applicable,Not Applicable,863,Not Applicable,0,,
2024-07-04 10:45:00,CNR8682268470,Success,CID816234,Auto,Yelahanka,Chickpet,308.0,125.0,Not Applicable,Not Applicable,No,Not Applicable,881,Cash,14,5.0,3.4
2024-07-07 18:31:00,CNR9992979738,Success,CID892207,Prime SUV,Yelahanka,Chickpet,112.0,35.0,Not Applicable,Not Applicable,No,Not Applicable,729,UPI,41,5.0,4.1
2024-07-24 21:04:00,CNR2860044826,Success,CID999848,Prime Sedan,JP Nagar,Ramamurthy Nagar,70.0,140.0,Not Applicable,Not Applicable,No,Not Applicable,672,Cash,33,4.9,3.9
2024-07-25 21:04:00,CNR7152184386,Success,CID269186,Bike,Ulsoor,Vijayanagar,105.0,85.0,Not Applicable,Not Applicable,No,Not Applicable,142,UPI,42,4.2,3.2
2024-07-02 21:45:00,CNR1412117518,Success,CID891435,Bike,Electronic City,Chamarajpet,294.0,80.0,Not Applicable,Not Applicable,No,Not Applicable,116,UPI,4,4.9,3.6
2024-07-12 18:45:00,CNR2377253249,Success,CID173579,Prime Plus,Kadugodi,Kengeri,112.0,30.0,Not Applicable,Not Applicable,No,Not Applicable,227,Cash,26,4.6,4.5
2024-07-10 08:01:00,CNR9875387805,Success,CID119727,Mini,Malleshwaram,Malleshwaram,196.0,50.0,Not Applicable,Not Applicable,No,Not Applicable,109,Cash,39,3.8,5.0
2024-07-28 18:50:00,CNR5277463951,Canceled by Driver,CID853236,Bike,HSR Layout,Peenya,,,Not Applicable,Customer was coughing/sick,Not Applicable,Not Applicable,811,Not Applicable,0,,
2024-07-11 13:32:00,CNR2741333684,Canceled by Customer,CID810081,Mini,Hebbal,Devanahalli,,,Driver is not moving towards pickup location,Not Applicable,Not Applicable,Not Applicable,785,Not Applicable,0,,
2024-07-18 09:56:00,CNR5836151034,Success,CID351534,Mini,Yeshwanthpur,Hulimavu,245.0,40.0,Not Applicable,Not Applicable,No,Not Applicable,324,Cash,6,3.6,3.8
2024-07-07 08:38:00,CNR5170351988,Success,CID594958,eBike,Mysore Road,Shantinagar,224.0,105.0,Not Applicable,Not Applicable,No,Not Applicable,819,Cash,28,4.6,3.3
2024-07-29 15:11:00,CNR4516654511,Success,CID446156,Prime Plus,Padmanabhanagar,Frazer Town,63.0,75.0,Not Applicable,Not Applicable,No,Not Applicable,1536,UPI,8,4.4,3.7
2024-07-17 08:57:00,CNR9155111633,Canceled by Customer,CID569881,Prime SUV,Bannerghatta Road,Koramangala,,,Driver asked to cancel,Not Applicable,Not Applicable,Not Applicable,1300,Not Applicable,0,,
2024-07-11 01:42:00,CNR8682383118,Canceled by Driver,CID509704,Auto,Ramamurthy Nagar,Hennur,,,Not Applicable,Customer was coughing/sick,Not Applicable,Not Applicable,321,Not Applicable,0,,
2024-07-09 19:27:00,CNR8304745363,Success,CID447532,Prime SUV,Chamarajpet,Vijayanagar,224.0,135.0,Not Applicable,Not Applicable,No,Not Applicable,2976,Cash,32,4.4,5.0
2024-07-09 06:13:00,CNR9590999044,Success,CID154547,Prime SUV,Electronic City,Hebbal,77.0,105.0,Not Applicable,Not Applicable,No,Not Applicable,160,Cash,19,4.1,4.6
2024-07-22 03:48:00,CNR3000414967,Canceled by Driver,CID286403,Prime SUV,Chamarajpet,BTM Layout,,,Not Applicable,Customer related issue,Not Applicable,Not Applicable,449,Not Applicable,0,,
2024-07-05 16:41:00,CNR6820749963,Success,CID770319,Prime SUV,Basavanagudi,KR Puram,140.0,110.0,Not Applicable,Not Applicable,No,Not Applicable,805,Cash,24,3.8,3.8
2024-07-09 06:01:00,CNR5226948003,Success,CID154723,Mini,Ramamurthy Nagar,Majestic,196.0,50.0,Not Applicable,Not Applicable,No,Not Applicable,471,UPI,3,4.9,4.4
2024-07-08 19:20:00,CNR9954286675,Canceled by Driver,CID817141,Prime SUV,BTM Layout,Bannerghatta Road,,,Not Applicable,Customer related issue,Not Applicable,Not Applicable,632,Not Applicable,0,,
2024-07-25 03:22:00,CNR5633871201,Success,CID889409,eBike,Padmanabhanagar,Kengeri,161.0,75.0,Not Applicable,Not Applicable,No,Not Applicable,1453,Cash,45,4.2,3.1
2024-07-07 19:42:00,CNR5154941917,Success,CID989848,Mini,Chickpet,Kengeri,168.0,40.0,Not Applicable,Not Applicable,No,Not Applicable,266,UPI,4,4.5,4.1
2024-07-05 01:39:00,CNR8348199889,Success,CID314451,eBike,Sarjapur Road,Banashankari,105.0,65.0,Not Applicable,Not Applicable,No,Not Applicable,449,Cash,47,3.2,4.7
2024-07-24 08:57:00,CNR7053073012,Success,CID549505,Prime Sedan,Marathahalli,Banashankari,217.0,90.0,Not Applicable,Not Applicable,No,Not Applicable,861,Cash,3,4.4,4.8
2024-07-04 03:29:00,CNR4430394349,Success,CID782828,Auto,Rajarajeshwari Nagar,Chickpet,175.0,80.0,Not Applicable,Not Applicable,No,Not Applicable,274,Cash,10,4.9,4.0
2024-07-15 01:17:00,CNR4435098411,Success,CID359032,Prime Plus,Jayanagar,Banashankari,91.0,60.0,Not Applicable,Not Applicable,No,Not Applicable,333,Cash,45,3.9,3.4
2024-07-01 00:09:00,CNR3020804404,Canceled by Customer,CID602217,Prime SUV,HSR Layout,Padmanabhanagar,,,Driver is not moving towards pickup location,Not Applicable,Not Applicable,Not Applicable,586,Not Applicable,0,,
2024-07-11 16:34:00,CNR2754743969,Success,CID979443,Auto,Hebbal,MG Road,91.0,95.0,Not Applicable,Not Applicable,No,Not Applicable,241,UPI,8,4.2,3.8
2024-07-21 09:15:00,CNR1189921079,Canceled by Driver,CID987194,Prime Sedan,Hulimavu,Kammanahalli,,,Not Applicable,Customer related issue,Not Applicable,Not Applicable,901,Not Applicable,0,,
2024-07-23 18:27:00,CNR3129052050,Success,CID928236,Prime Sedan,Marathahalli,Bellandur,126.0,45.0,Not Applicable,Not Applicable,No,Not Applicable,2443,UPI,7,3.4,3.6
2024-07-18 16:00:00,CNR6840722406,Canceled by Driver,CID117548,Prime Sedan,Richmond Town,Kammanahalli,,,Not Applicable,More than permitted people in there,Not Applicable,Not Applicable,115,Not Applicable,0,,
2024-07-19 18:16:00,CNR3043375115,Success,CID562381,eBike,KR Puram,Cox Town,280.0,60.0,Not Applicable,Not Applicable,No,Not Applicable,456,Cash,26,3.9,3.4
2024-07-15 18:58:00,CNR9298581370,Success,CID653994,Prime Sedan,Bellandur,Sarjapur Road,35.0,80.0,Not Applicable,Not Applicable,No,Not Applicable,169,Cash,31,3.3,3.5
2024-07-25 12:05:00,CNR2975151756,Success,CID661038,Prime Plus,HSR Layout,Frazer Town,266.0,140.0,Not Applicable,Not Applicable,Yes,Customer Demand,421,UPI,9,3.5,3.4
2024-07-29 00:02:00,CNR5669654293,Canceled by Driver,CID619034,Prime SUV,Hosur Road,Sarjapur Road,,,Not Applicable,Customer was coughing/sick,Not Applicable,Not Applicable,2119,Not Applicable,0,,
2024-07-22 15:28:00,CNR4390679937,Success,CID805938,Bike,Magadi Road,Hulimavu,266.0,60.0,Not Applicable,Not Applicable,Yes,Vehicle Breakdown,200,Cash,6,5.0,4.2
2024-07-30 07:23:00,CNR6778821967,Success,CID409027,Mini,Richmond Town,Bellandur,98.0,40.0,Not Applicable,Not Applicable,No,Not Applicable,296,UPI,46,3.5,4.4
2024-07-07 22:48:00,CNR2919037138,Success,CID379870,eBike,Chamarajpet,Magadi Road,210.0,105.0,Not Applicable,Not Applicable,No,Not Applicable,741,Cash,48,4.4,3.3
2024-07-05 19:28:00,CNR1954857117,Success,CID270898,Bike,Varthur,Ramamurthy Nagar,196.0,120.0,Not Applicable,Not Applicable,No,Not Applicable,200,Cash,14,4.3,4.2
2024-07-11 13:12:00,CNR6460689833,Success,CID217357,Auto,Cox Town,HSR Layout,98.0,95.0,Not Applicable,Not Applicable,No,Not Applicable,142,Cash,11,3.1,4.5
2024-07-25 09:26:00,CNR9094887572,Success,CID796864,Prime SUV,Sarjapur Road,Cox Town,287.0,50.0,Not Applicable,Not Applicable,No,Not Applicable,256,UPI,44,3.6,4.0
2024-07-05 10:17:00,CNR7065075428,Success,CID500274,Prime Plus,Nagarbhavi,Shivajinagar,91.0,90.0,Not Applicable,Not Applicable,No,Not Applicable,714,UPI,6,3.8,4.1
2024-07-08 23:45:00,CNR5588904796,Success,CID178357,Prime Plus,Shantinagar,BTM Layout,42.0,120.0,Not Applicable,Not Applicable,No,Not Applicable,304,Debit Card,41,4.8,4.2
2024-07-02 23:00:00,CNR9107715316,Success,CID634846,eBike,HSR Layout,Banashankari,189.0,40.0,Not Applicable,Not Applicable,Yes,Customer Demand,201,UPI,17,3.5,3.1
2024-07-29 17:10:00,CNR9433305092,Success,CID606843,Prime SUV,Sarjapur Road,Kengeri,42.0,65.0,Not Applicable,Not Applicable,No,Not Applicable,2420,Cash,42,3.3,3.1
2024-07-01 06:13:00,CNR9610092798,Success,CID876198,eBike,Peenya,Indiranagar,133.0,120.0,Not Applicable,Not Applicable,No,Not Applicable,373,Cash,39,3.8,4.9
2024-07-24 22:36:00,CNR4225879778,Canceled by Driver,CID216733,Auto,Chamarajpet,Tumkur Road,,,Not Applicable,Customer related issue,Not Applicable,Not Applicable,184,Not Applicable,0,,
2024-07-06 17:51:00,CNR4243437468,Success,CID558946,Mini,Malleshwaram,Bellandur,210.0,135.0,Not Applicable,Not Applicable,No,Not Applicable,130,UPI,6,4.4,3.1
2024-07-14 01:11:00,CNR6571816088,Success,CID100219,Prime Plus,Frazer Town,Richmond Town,49.0,145.0,Not Applicable,Not Applicable,No,Not Applicable,151,Credit Card,49,3.7,4.3
2024-07-10 06:19:00,CNR1228041880,Success,CID234171,Bike,RT Nagar,Langford Town,91.0,85.0,Not Applicable,Not Applicable,No,Not Applicable,1281,Cash,42,3.9,4.4
2024-07-17 11:16:00,CNR1256010440,Success,CID634780,eBike,BTM Layout,Rajajinagar,245.0,125.0,Not Applicable,Not Applicable,No,Not Applicable,322,Cash,7,3.8,3.3
2024-07-13 07:58:00,CNR3158444181,Success,CID480059,Prime Plus,Chamarajpet,JP Nagar,154.0,45.0,Not Applicable,Not Applicable,No,Not Applicable,218,UPI,47,3.5,3.3
2024-07-26 06:21:00,CNR3968133280,Canceled by Customer,CID561152,Auto,Nagarbhavi,Shantinagar,,,AC is Not working,Not Applicable,Not Applicable,Not Applicable,358,Not Applicable,0,,
2024-07-24 19:25:00,CNR8369444606,Success,CID374139,Prime Plus,Kammanahalli,Majestic,140.0,110.0,Not Applicable,Not Applicable,Yes,Customer Demand,140,UPI,5,4.3,4.6
2024-07-01 20:29:00,CNR9676340679,Canceled by Driver,CID628381,eBike,Hulimavu,Hulimavu,,,Not Applicable,Personal & Car related issue,Not Applicable,Not Applicable,247,Not Applicable,0,,
2024-07-03 16:16:00,CNR1551559274,Canceled by Driver,CID989163,Prime Plus,Chamarajpet,Malleshwaram,,,Not Applicable,Customer was coughing/sick,Not Applicable,Not Applicable,773,Not Applicable,0,,
2024-07-21 02:29:00,CNR4368573088,Canceled by Driver,CID541280,eBike,Kadugodi,Kadugodi,,,Not Applicable,Customer was coughing/sick,Not Applicable,Not Applicable,336,Not Applicable,0,,
2024-07-25 05:20:00,CNR8410896691,Driver Not Found,CID719763,Prime SUV,Padmanabhanagar,Yelahanka,,,Not Applicable,Not Applicable,Not Applicable,Not Applicable,1599,Not Applicable,0,,
2024-07-24 06:44:00,CNR6473481398,Success,CID837644,Prime SUV,BTM Layout,Shivajinagar,273.0,90.0,Not Applicable,Not Applicable,No,Not Applicable,312,Cash,44,3.9,4.7
2024-07-05 20:58:00,CNR5946820710,Success,CID693631,Auto,Shantinagar,Bannerghatta Road,301.0,110.0,Not Applicable,Not Applicable,Yes,Vehicle Breakdown,235,Cash,8,3.9,4.3
2024-07-09 09:41:00,CNR2706388381,Success,CID519121,Bike,Nagarbhavi,Varthur,112.0,135.0,Not Applicable,Not Applicable,No,Not Applicable,440,Cash,1,4.6,4.7
2024-07-24 03:21:00,CNR3683377376,Canceled by Driver,CID570421,Prime Plus,Chamarajpet,Whitefield,,,Not Applicable,Customer related issue,Not Applicable,Not Applicable,239,Not Applicable,0,,
2024-07-19 03:10:00,CNR8097956202,Success,CID292170,Bike,Ulsoor,Ramamurthy Nagar,189.0,40.0,Not Applicable,Not Applicable,Yes,Customer Demand,2841,UPI,49,3.5,3.7
2024-07-21 05:27:00,CNR9632283792,Success,CID818931,Prime Sedan,Chickpet,Sarjapur Road,147.0,40.0,Not Applicable,Not Applicable,Yes,Customer Demand,304,Cash,40,4.6,3.7
2024-07-14 22:54:00,CNR9068855006,Success,CID471629,Prime Sedan,Varthur,Varthur,119.0,55.0,Not Applicable,Not Applicable,No,Not Applicable,664,Cash,18,4.3,3.6
2024-07-23 20:53:00,CNR1715575704,Canceled by Driver,CID592469,Prime SUV,Majestic,Hebbal,,,Not Applicable,Customer related issue,Not Applicable,Not Applicable,2061,Not Applicable,0,,
2024-07-06 21:15:00,CNR9312737503,Success,CID379764,Prime SUV,Jayanagar,Electronic City,98.0,115.0,Not Applicable,Not Applicable,No,Not Applicable,791,Cash,40,5.0,3.8
2024-07-07 15:17:00,CNR4131039367,Success,CID116533,Mini,Cox Town,Banashankari,77.0,55.0,Not Applicable,Not Applicable,No,Not Applicable,350,Cash,11,3.9,4.4
2024-07-03 21:12:00,CNR3470390471,Canceled by Customer,CID979011,eBike,Vijayanagar,RT Nagar,,,Driver is not moving towards pickup location,Not Applicable,Not Applicable,Not Applicable,333,Not Applicable,0,,
2024-07-01 09:50:00,CNR8025064383,Canceled by Customer,CID526123,Auto,Chickpet,Chickpet,,,Wrong Address,Not Applicable,Not Applicable,Not Applicable,159,Not Applicable,0,,
2024-07-23 09:14:00,CNR2712145051,Success,CID831804,Prime Sedan,Ramamurthy Nagar,Chamarajpet,133.0,85.0,Not Applicable,Not Applicable,No,Not Applicable,195,Cash,4,3.8,4.9
2024-07-23 18:15:00,CNR1800571886,Success,CID241032,Prime SUV,Sahakar Nagar,Yeshwanthpur,42.0,55.0,Not Applicable,Not Applicable,Yes,Customer Demand,919,Cash,8,4.6,3.3
2024-07-12 19:45:00,CNR6618641757,Canceled by Customer,CID742872,Prime Sedan,Frazer Town,Koramangala,,,AC is Not working,Not Applicable,Not Applicable,Not Applicable,160,Not Applicable,0,,
2024-07-09 22:45:00,CNR8056820128,Canceled by Driver,CID816575,eBike,Shivajinagar,Kammanahalli,,,Not Applicable,Customer was coughing/sick,Not Applicable,Not Applicable,248,Not Applicable,0,,
2024-07-23 09:55:00,CNR8947820956,Success,CID787856,Prime Plus,Nagarbhavi,BTM Layout,301.0,45.0,Not Applicable,Not Applicable,No,Not Applicable,401,Cash,22,4.2,4.4
2024-07-02 09:18:00,CNR4334896810,Success,CID569576,Prime SUV,Hosur Road,Devanahalli,245.0,65.0,Not Applicable,Not Applicable,No,Not Applicable,305,UPI,10,4.9,3.6
2024-07-07 13:30:00,CNR9194181313,Canceled by Customer,CID238802,Bike,Padmanabhanagar,Varthur,,,Driver is not moving towards pickup location,Not Applicable,Not Applicable,Not Applicable,803,Not Applicable,0,,
2024-07-12 09:53:00,CNR5884551015,Driver Not Found,CID607620,Mini,Rajarajeshwari Nagar,Bannerghatta Road,,,Not Applicable,Not Applicable,Not Applicable,Not Applicable,357,Not Applicable,0,,
2024-07-06 04:53:00,CNR6376741129,Driver Not Found,CID898569,Mini,JP Nagar,Mysore Road,,,Not Applicable,Not Applicable,Not Applicable,Not Applicable,465,Not Applicable,0,,
2024-07-12 02:26:00,CNR4385947929,Success,CID249152,Auto,Malleshwaram,Padmanabhanagar,133.0,55.0,Not Applicable,Not Applicable,No,Not Applicable,680,UPI,9,4.0,4.0
2024-07-08 22:12:00,CNR4017770553,Canceled by Driver,CID908040,Prime Sedan,Yeshwanthpur,Mysore Road,,,Not Applicable,Personal & Car related issue,Not Applicable,Not Applicable,474,Not Applicable,0,,
2024-07-01 14:39:00,CNR2136579848,Success,CID357389,Bike,JP Nagar,Shivajinagar,182.0,130.0,Not Applicable,Not Applicable,No,Not Applicable,260,Cash,22,3.4,4.6
2024-07-12 10:00:00,CNR6998217901,Success,CID458558,Prime SUV,Yeshwanthpur,Bellandur,140.0,115.0,Not Applicable,Not Applicable,No,Not Applicable,346,UPI,47,3.4,4.4
2024-07-11 03:45:00,CNR7870204846,Success,CID149965,eBike,Nagarbhavi,Yeshwanthpur,287.0,135.0,Not Applicable,Not Applicable,No,Not Applicable,162,Cash,33,4.1,3.0
2024-07-17 00:01:00,CNR5324141505,Canceled by Driver,CID525611,Auto,Ulsoor,RT Nagar,,,Not Applicable,Customer was coughing/sick,Not Applicable,Not Applicable,902,Not Applicable,0,,
2024-07-09 11:31:00,CNR4984985588,Success,CID582359,Mini,JP Nagar,Yeshwanthpur,63.0,70.0,Not Applicable,Not Applicable,No,Not Applicable,843,UPI,15,4.5,4.3
2024-07-20 11:35:00,CNR6614956021,Success,CID374752,eBike,Hebbal,Magadi Road,147.0,65.0,Not Applicable,Not Applicable,Yes,Customer Demand,474,Cash,48,3.8,4.6
2024-07-26 13:05:00,CNR9714315195,Success,CID169264,Prime SUV,Yeshwanthpur,Bannerghatta Road,91.0,130.0,Not Applicable,Not Applicable,No,Not Applicable,160,UPI,12,5.0,3.6
2024-07-10 01:37:00,CNR8831773616,Success,CID199721,Prime Sedan,Rajajinagar,Chamarajpet,224.0,40.0,Not Applicable,Not Applicable,No,Not Applicable,330,UPI,39,3.3,3.8
2024-07-25 10:39:00,CNR8817575725,Success,CID801594,Prime SUV,Indiranagar,JP Nagar,196.0,85.0,Not Applicable,Not Applicable,No,Not Applicable,211,Cash,38,3.6,4.4
2024-07-16 05:29:00,CNR7594672231,Driver Not Found,CID676935,Prime Sedan,Chamarajpet,Hebbal,,,Not Applicable,Not Applicable,Not Applicable,Not Applicable,378,Not Applicable,0,,
2024-07-16 02:48:00,CNR9659361689,Success,CID567115,Mini,Hosur Road,Nagarbhavi,56.0,95.0,Not Applicable,Not Applicable,No,Not Applicable,982,Cash,27,3.6,3.2
2024-07-04 09:23:00,CNR7473743648,Success,CID906290,Prime Plus,Cox Town,Yeshwanthpur,196.0,60.0,Not Applicable,Not Applicable,No,Not Applicable,349,UPI,26,3.1,3.5
2024-07-18 11:54:00,CNR6410006625,Canceled by Customer,CID138006,Bike,Whitefield,Hennur,,,AC is Not working,Not Applicable,Not Applicable,Not Applicable,206,Not Applicable,0,,
2024-07-22 11:22:00,CNR3848610157,Success,CID560427,Prime Sedan,Electronic City,Jayanagar,84.0,125.0,Not Applicable,Not Applicable,No,Not Applicable,285,Cash,13,4.6,5.0
2024-07-25 16:47:00,CNR7161135495,Canceled by Driver,CID723704,Mini,Peenya,HSR Layout,,,Not Applicable,Customer related issue,Not Applicable,Not Applicable,2503,Not Applicable,0,,
2024-07-04 16:00:00,CNR5376690480,Success,CID226658,Prime Plus,Basavanagudi,Richmond Town,182.0,65.0,Not Applicable,Not Applicable,No,Not Applicable,541,Cash,16,4.2,4.1
2024-07-11 14:07:00,CNR1264905712,Success,CID192654,Prime Plus,Padmanabhanagar,Rajarajeshwari Nagar,294.0,130.0,Not Applicable,Not Applicable,No,Not Applicable,343,Cash,7,3.8,4.2
2024-07-05 09:16:00,CNR8012077060,Canceled by Customer,CID624241,Bike,Chamarajpet,Whitefield,,,Driver asked to cancel,Not Applicable,Not Applicable,Not Applicable,486,Not Applicable,0,,
2024-07-10 07:24:00,CNR1630690030,Canceled by Customer,CID529955,Prime SUV,Electronic City,Basavanagudi,,,Change of plans,Not Applicable,Not Applicable,Not Applicable,252,Not Applicable,0,,
2024-07-10 13:44:00,CNR9495916534,Canceled by Customer,CID552904,Prime SUV,Kadugodi,Yelahanka,,,Wrong Address,Not Applicable,Not Applicable,Not Applicable,170,Not Applicable,0,,
2024-07-26 11:54:00,CNR9144131379,Success,CID351778,Bike,Bannerghatta Road,JP Nagar,42.0,75.0,Not Applicable,Not Applicable,No,Not Applicable,370,UPI,35,4.5,4.5
2024-07-10 21:26:00,CNR3502523495,Success,CID668967,Prime Plus,Kammanahalli,Bellandur,189.0,30.0,Not Applicable,Not Applicable,No,Not Applicable,302,Cash,37,4.4,4.5
2024-07-20 02:07:00,CNR1738809611,Success,CID764664,Prime Plus,Malleshwaram,Vijayanagar,182.0,65.0,Not Applicable,Not Applicable,No,Not Applicable,236,Cash,36,4.1,3.0
2024-07-07 22:20:00,CNR5793471021,Success,CID904511,Mini,Shivajinagar,Varthur,287.0,80.0,Not Applicable,Not Applicable,No,Not Applicable,285,Cash,32,4.7,3.5
2024-07-26 05:10:00,CNR6968386450,Success,CID898820,Prime SUV,Rajajinagar,Chamarajpet,105.0,85.0,Not Applicable,Not Applicable,No,Not Applicable,102,UPI,4,3.8,4.0
2024-07-13 01:39:00,CNR5141299379,Success,CID406801,Mini,Shantinagar,JP Nagar,203.0,135.0,Not Applicable,Not Applicable,No,Not Applicable,117,UPI,1,3.4,4.0
2024-07-23 20:59:00,CNR9063235259,Success,CID490826,Prime Plus,Sarjapur Road,Nagarbhavi,56.0,90.0,Not Applicable,Not Applicable,No,Not Applicable,602,UPI,40,4.7,3.5
2024-07-17 23:53:00,CNR2295989094,Success,CID344268,eBike,Ulsoor,Devanahalli,154.0,60.0,Not Applicable,Not Applicable,No,Not Applicable,356,UPI,6,3.3,4.0
2024-07-03 20:48:00,CNR6877758814,Success,CID982702,Bike,Hennur,Hebbal,238.0,115.0,Not Applicable,Not Applicable,No,Not Applicable,294,Cash,43,3.8,3.3
2024-07-18 03:42:00,CNR1321425437,Success,CID696238,Bike,Tumkur Road,Yelahanka,70.0,40.0,Not Applicable,Not Applicable,No,Not Applicable,392,Cash,35,4.9,3.8
2024-07-06 08:04:00,CNR1799441952,Success,CID311036,Prime Sedan,Hennur,Nagarbhavi,161.0,130.0,Not Applicable,Not Applicable,No,Not Applicable,198,UPI,40,3.6,4.6
2024-07-24 13:24:00,CNR1589216180,Success,CID324221,Auto,Banashankari,MG Road,105.0,95.0,Not Applicable,Not Applicable,No,Not Applicable,266,Cash,10,4.3,4.7
2024-07-18 21:53:00,CNR4758844824,Success,CID373628,Prime Sedan,Sarjapur Road,Richmond Town,294.0,120.0,Not Applicable,Not Applicable,No,Not Applicable,227,UPI,11,4.0,3.8
2024-07-17 04:45:00,CNR1911084287,Success,CID888810,Bike,Padmanabhanagar,Yeshwanthpur,217.0,115.0,Not Applicable,Not Applicable,No,Not Applicable,120,UPI,26,4.5,3.7
2024-07-13 12:15:00,CNR3721719196,Canceled by Driver,CID579398,Mini,Whitefield,Hulimavu,,,Not Applicable,Customer related issue,Not Applicable,Not Applicable,714,Not Applicable,0,,
2024-07-20 07:54:00,CNR4212597844,Canceled by Customer,CID450383,eBike,HSR Layout,Bannerghatta Road,,,Driver is not moving towards pickup location,Not Applicable,Not Applicable,Not Applicable,447,Not Applicable,0,,
2024-07-15 15:13:00,CNR1559711909,Success,CID370867,Auto,Marathahalli,RT Nagar,147.0,115.0,Not Applicable,Not Applicable,No,Not Applicable,352,UPI,15,4.4,3.5
2024-07-03 02:09:00,CNR9716509753,Success,CID420415,Auto,Langford Town,Kammanahalli,112.0,25.0,Not Applicable,Not Applicable,No,Not Applicable,312,Debit Card,16,3.2,3.2
2024-07-25 17:46:00,CNR6995551907,Success,CID548853,Prime Plus,MG Road,Langford Town,119.0,70.0,Not Applicable,Not Applicable,No,Not Applicable,318,Cash,46,4.3,5.0
2024-07-02 03:47:00,CNR7780752913,Success,CID379773,Bike,Hebbal,Malleshwaram,238.0,85.0,Not Applicable,Not Applicable,No,Not Applicable,128,Cash,45,4.6,3.6
2024-07-21 13:05:00,CNR5516651792,Success,CID531867,Mini,Hennur,Kammanahalli,175.0,120.0,Not Applicable,Not Applicable,No,Not Applicable,1195,Cash,33,4.6,3.3
2024-07-12 03:37:00,CNR6469318458,Success,CID607656,Auto,Mysore Road,Peenya,70.0,110.0,Not Applicable,Not Applicable,No,Not Applicable,444,Cash,13,3.6,3.5
2024-07-09 13:27:00,CNR5621710261,Success,CID378236,Prime Sedan,Jayanagar,Ramamurthy Nagar,238.0,110.0,Not Applicable,Not Applicable,No,Not Applicable,258,UPI,9,3.9,4.6
2024-07-03 15:13:00,CNR2330019502,Success,CID921903,Prime SUV,RT Nagar,Mysore Road,238.0,135.0,Not Applicable,Not Applicable,No,Not Applicable,196,Cash,31,4.5,3.1
2024-07-02 03:58:00,CNR2018805469,Driver Not Found,CID115836,Mini,Vijayanagar,BTM Layout,,,Not Applicable,Not Applicable,Not Applicable,Not Applicable,462,Not Applicable,0,,
2024-07-14 21:16:00,CNR7803567789,Canceled by Driver,CID726593,Bike,Sarjapur Road,RT Nagar,,,Not Applicable,Customer was coughing/sick,Not Applicable,Not Applicable,463,Not Applicable,0,,
2024-07-03 07:25:00,CNR7410900104,Success,CID901975,Auto,Chamarajpet,Bellandur,189.0,115.0,Not Applicable,Not Applicable,No,Not Applicable,463,UPI,12,4.5,4.7
2024-07-06 15:13:00,CNR4968987034,Driver Not Found,CID450444,Mini,Nagarbhavi,Yeshwanthpur,,,Not Applicable,Not Applicable,Not Applicable,Not Applicable,683,Not Applicable,0,,
2024-07-30 12:14:00,CNR6036444970,Canceled by Customer,CID405219,Bike,JP Nagar,Peenya,,,Driver asked to cancel,Not Applicable,Not Applicable,Not Applicable,234,Not Applicable,0,,
2024-07-11 08:28:00,CNR8763732960,Success,CID788639,Auto,Vijayanagar,JP Nagar,126.0,115.0,Not Applicable,Not Applicable,No,Not Applicable,290,UPI,12,3.6,3.6
2024-07-03 12:37:00,CNR3793204624,Driver Not Found,CID448255,Prime Plus,Richmond Town,HSR Layout,,,Not Applicable,Not Applicable,Not Applicable,Not Applicable,360,Not Applicable,0,,
2024-07-04 00:28:00,CNR9312456855,Driver Not Found,CID911902,Prime Plus,Ramamurthy Nagar,Whitefield,,,Not Applicable,Not Applicable,Not Applicable,Not Applicable,244,Not Applicable,0,,
2024-07-30 18:33:00,CNR7654913211,Success,CID129266,Auto,BTM Layout,Bellandur,252.0,145.0,Not Applicable,Not Applicable,No,Not Applicable,212,UPI,13,3.8,4.3
2024-07-10 21:05:00,CNR9049239616,Canceled by Customer,CID126147,Prime Sedan,Electronic City,BTM Layout,,,Driver is not moving towards pickup location,Not Applicable,Not Applicable,Not Applicable,432,Not Applicable,0,,
2024-07-04 13:39:00,CNR9440017477,Canceled by Driver,CID799370,Prime Sedan,JP Nagar,Basavanagudi,,,Not Applicable,Personal & Car related issue,Not Applicable,Not Applicable,2499,Not Applicable,0,,
2024-07-08 08:43:00,CNR8775881801,Driver Not Found,CID771328,Auto,MG Road,Vijayanagar,,,Not Applicable,Not Applicable,Not Applicable,Not Applicable,431,Not Applicable,0,,
2024-07-28 01:03:00,CNR7738928135,Canceled by Driver,CID880822,Prime Plus,Langford Town,Ulsoor,,,Not Applicable,Personal & Car related issue,Not Applicable,Not Applicable,304,Not Applicable,0,,
2024-07-05 16:35:00,CNR4195513412,Success,CID987710,Prime Plus,MG Road,Vijayanagar,259.0,105.0,Not Applicable,Not Applicable,No,Not Applicable,827,Cash,33,4.2,4.8
2024-07-12 16:19:00,CNR9683573107,Driver Not Found,CID678005,Prime Plus,Sarjapur Road,Hulimavu,,,Not Applicable,Not Applicable,Not Applicable,Not Applicable,422,Not Applicable,0,,
2024-07-04 10:20:00,CNR1446055143,Success,CID378315,Bike,Jayanagar,Whitefield,175.0,105.0,Not Applicable,Not Applicable,No,Not Applicable,136,Cash,34,4.9,3.1
2024-07-01 14:57:00,CNR2696571119,Driver Not Found,CID628580,Prime SUV,Chickpet,Kadugodi,,,Not Applicable,Not Applicable,Not Applicable,Not Applicable,690,Not Applicable,0,,
2024-07-08 14:13:00,CNR4781529457,Success,CID649141,Bike,Devanahalli,Jayanagar,77.0,125.0,Not Applicable,Not Applicable,No,Not Applicable,2107,Cash,30,4.6,4.6
2024-07-07 05:59:00,CNR6782130426,Success,CID523338,Prime Plus,Sarjapur Road,Cox Town,280.0,140.0,Not Applicable,Not Applicable,No,Not Applicable,1609,UPI,13,3.3,4.4
2024-07-04 06:04:00,CNR2335020299,Success,CID521393,Auto,Devanahalli,Basavanagudi,196.0,90.0,Not Applicable,Not Applicable,No,Not Applicable,447,UPI,14,3.6,3.6
2024-07-26 20:34:00,CNR1834285932,Success,CID142888,eBike,Whitefield,Hulimavu,49.0,90.0,Not Applicable,Not Applicable,No,Not Applicable,313,UPI,3,4.8,3.6
2024-07-15 00:46:00,CNR7932148822,Success,CID452945,eBike,Electronic City,Bannerghatta Road,266.0,115.0,Not Applicable,Not Applicable,No,Not Applicable,306,Debit Card,38,3.7,4.2
2024-07-10 05:40:00,CNR7358034195,Driver Not Found,CID613875,Mini,Langford Town,Yeshwanthpur,,,Not Applicable,Not Applicable,Not Applicable,Not Applicable,290,Not Applicable,0,,
2024-07-30 12:30:00,CNR7372744500,Success,CID799313,Prime Plus,Rajarajeshwari Nagar,Magadi Road,266.0,80.0,Not Applicable,Not Applicable,No,Not Applicable,2448,Cash,26,3.1,5.0
2024-07-30 06:34:00,CNR1674938559,Success,CID548189,Auto,Sahakar Nagar,Rajajinagar,280.0,105.0,Not Applicable,Not Applicable,No,Not Applicable,310,Cash,3,4.5,4.6
2024-07-15 14:58:00,CNR8250971675,Canceled by Driver,CID162322,Prime Sedan,Rajajinagar,Koramangala,,,Not Applicable,Personal & Car related issue,Not Applicable,Not Applicable,880,Not Applicable,0,,
2024-07-23 09:04:00,CNR2208574544,Driver Not Found,CID900251,Prime Sedan,Rajajinagar,Banashankari,,,Not Applicable,Not Applicable,Not Applicable,Not Applicable,138,Not Applicable,0,,
2024-07-02 18:37:00,CNR2895463580,Canceled by Customer,CID780999,Prime Plus,Vijayanagar,Padmanabhanagar,,,Driver asked to cancel,Not Applicable,Not Applicable,Not Applicable,963,Not Applicable,0,,
2024-07-08 13:01:00,CNR7341496504,Canceled by Customer,CID551508,Auto,Marathahalli,Kadugodi,,,Driver is not moving towards pickup location,Not Applicable,Not Applicable,Not Applicable,566,Not Applicable,0,,
2024-07-02 07:28:00,CNR8850126657,Canceled by Driver,CID407081,Prime SUV,Whitefield,Ulsoor,,,Not Applicable,Customer was coughing/sick,Not Applicable,Not Applicable,288,Not Applicable,0,,
2024-07-18 22:24:00,CNR4677653527,Success,CID515688,Mini,Langford Town,Jayanagar,308.0,25.0,Not Applicable,Not Applicable,No,Not Applicable,199,UPI,2,3.2,3.8
2024-07-04 23:27:00,CNR6939884089,Canceled by Driver,CID880358,Auto,Indiranagar,Bellandur,,,Not Applicable,Customer related issue,Not Applicable,Not Applicable,254,Not Applicable,0,,
2024-07-12 17:57:00,CNR9093587751,Success,CID396308,eBike,Mysore Road,Hosur Road,154.0,125.0,Not Applicable,Not Applicable,No,Not Applicable,2787,Cash,38,3.0,4.9
2024-07-02 19:42:00,CNR9740764102,Success,CID199429,Bike,HSR Layout,Sarjapur Road,77.0,90.0,Not Applicable,Not Applicable,No,Not Applicable,145,UPI,4,3.9,3.4
2024-07-20 14:07:00,CNR8834907776,Success,CID357440,eBike,Marathahalli,Padmanabhanagar,168.0,65.0,Not Applicable,Not Applicable,No,Not Applicable,685,UPI,44,4.0,3.8
2024-07-20 11:58:00,CNR7111970610,Success,CID592893,Bike,BTM Layout,Malleshwaram,294.0,85.0,Not Applicable,Not Applicable,Yes,Other Issue,395,UPI,29,3.4,4.0
2024-07-13 07:54:00,CNR5744943182,Canceled by Driver,CID452763,Auto,Basavanagudi,Shivajinagar,,,Not Applicable,Customer related issue,Not Applicable,Not Applicable,263,Not Applicable,0,,
2024-07-18 13:31:00,CNR8199055723,Success,CID357275,Prime SUV,KR Puram,RT Nagar,147.0,115.0,Not Applicable,Not Applicable,No,Not Applicable,2345,Cash,14,3.6,3.8
2024-07-27 15:22:00,CNR3946484227,Success,CID170798,Bike,Varthur,Sahakar Nagar,273.0,60.0,Not Applicable,Not Applicable,No,Not Applicable,281,UPI,19,4.0,3.2
2024-07-17 00:01:00,CNR8852434143,Success,CID795436,Mini,Hosur Road,Hulimavu,210.0,130.0,Not Applicable,Not Applicable,No,Not Applicable,245,Cash,35,3.1,3.1
2024-07-29 03:59:00,CNR1918154263,Success,CID411841,Mini,Frazer Town,Chickpet,161.0,135.0,Not Applicable,Not Applicable,No,Not Applicable,2511,UPI,1,3.3,3.7
2024-07-02 22:05:00,CNR7515508542,Canceled by Driver,CID268709,Prime SUV,Mysore Road,Yeshwanthpur,,,Not Applicable,Customer related issue,Not Applicable,Not Applicable,149,Not Applicable,0,,
2024-07-11 16:12:00,CNR3915597924,Canceled by Customer,CID219261,Auto,Yeshwanthpur,Sarjapur Road,,,Driver asked to cancel,Not Applicable,Not Applicable,Not Applicable,718,Not Applicable,0,,
2024-07-09 03:18:00,CNR9319651332,Driver Not Found,CID508175,Mini,Nagarbhavi,Chickpet,,,Not Applicable,Not Applicable,Not Applicable,Not Applicable,456,Not Applicable,0,,
2024-07-13 15:52:00,CNR1260713654,Success,CID915238,Prime Plus,Frazer Town,Whitefield,252.0,110.0,Not Applicable,Not Applicable,No,Not Applicable,351,Debit Card,46,4.0,4.2
2024-07-05 20:01:00,CNR9785053145,Success,CID731204,Prime Sedan,MG Road,Varthur,210.0,95.0,Not Applicable,Not Applicable,No,Not Applicable,487,Cash,45,3.3,4.0
2024-07-18 21:16:00,CNR5096096104,Canceled by Driver,CID227557,Auto,Shantinagar,Hosur Road,,,Not Applicable,Personal & Car related issue,Not Applicable,Not Applicable,246,Not Applicable,0,,
2024-07-16 23:12:00,CNR7782067575,Success,CID716380,Bike,HSR Layout,Sahakar Nagar,91.0,140.0,Not Applicable,Not Applicable,No,Not Applicable,312,UPI,43,4.1,4.0
2024-07-15 11:09:00,CNR8224750037,Success,CID196485,Bike,Rajajinagar,Electronic City,70.0,70.0,Not Applicable,Not Applicable,No,Not Applicable,432,Cash,48,3.6,3.1
2024-07-17 17:43:00,CNR7986348067,Success,CID939675,Prime SUV,Tumkur Road,Malleshwaram,63.0,130.0,Not Applicable,Not Applicable,No,Not Applicable,791,Cash,22,3.0,4.2
2024-07-23 07:56:00,CNR2514513312,Success,CID468213,eBike,Basavanagudi,Vijayanagar,196.0,100.0,Not Applicable,Not Applicable,No,Not Applicable,2001,Cash,35,4.5,3.0
2024-07-21 03:29:00,CNR3607880975,Success,CID981866,Prime Sedan,Whitefield,Cox Town,287.0,40.0,Not Applicable,Not Applicable,No,Not Applicable,267,Cash,4,4.1,4.4
2024-07-04 19:45:00,CNR6215919022,Success,CID867855,eBike,Malleshwaram,Hosur Road,245.0,40.0,Not Applicable,Not Applicable,No,Not Applicable,211,Cash,39,3.7,4.4
2024-07-20 12:34:00,CNR1418855146,Success,CID654429,Prime SUV,Langford Town,Marathahalli,56.0,60.0,Not Applicable,Not Applicable,No,Not Applicable,142,Cash,9,3.3,3.3
2024-07-17 22:17:00,CNR4333460242,Canceled by Customer,CID914539,Mini,Chamarajpet,Basavanagudi,,,Driver is not moving towards pickup location,Not Applicable,Not Applicable,Not Applicable,919,Not Applicable,0,,
2024-07-03 04:03:00,CNR9513918450,Canceled by Customer,CID103957,Prime Plus,BTM Layout,HSR Layout,,,Driver is not moving towards pickup location,Not Applicable,Not Applicable,Not Applicable,234,Not Applicable,0,,
2024-07-15 10:31:00,CNR8943946259,Success,CID152469,Prime Plus,Nagarbhavi,Varthur,49.0,95.0,Not Applicable,Not Applicable,No,Not Applicable,2844,Credit Card,28,3.1,3.5
2024-07-08 12:07:00,CNR9385705426,Success,CID618699,Bike,Chamarajpet,Devanahalli,175.0,70.0,Not Applicable,Not Applicable,No,Not Applicable,603,Cash,40,3.0,3.9
2024-07-16 14:12:00,CNR5418346434,Canceled by Driver,CID201931,eBike,Yelahanka,Magadi Road,,,Not Applicable,Customer related issue,Not Applicable,Not Applicable,402,Not Applicable,0,,
2024-07-08 01:59:00,CNR1370157173,Canceled by Driver,CID417598,Prime Plus,Malleshwaram,Hennur,,,Not Applicable,Customer related issue,Not Applicable,Not Applicable,404,Not Applicable,0,,
2024-07-18 00:49:00,CNR6476803732,Canceled by Customer,CID323134,Bike,Kadugodi,RT Nagar,,,Driver asked to cancel,Not Applicable,Not Applicable,Not Applicable,487,Not Applicable,0,,
2024-07-06 01:22:00,CNR3317521943,Success,CID230819,Prime SUV,Sahakar Nagar,Yeshwanthpur,196.0,130.0,Not Applicable,Not Applicable,No,Not Applicable,123,UPI,28,4.7,4.6
2024-07-01 01:17:00,CNR1243408211,Canceled by Driver,CID927075,Mini,Shantinagar,Koramangala,,,Not Applicable,Personal & Car related issue,Not Applicable,Not Applicable,418,Not Applicable,0,,
2024-07-14 12:52:00,CNR8021296842,Success,CID536859,Prime Plus,HSR Layout,Yeshwanthpur,126.0,100.0,Not Applicable,Not Applicable,No,Not Applicable,135,Cash,25,5.0,4.7
2024-07-09 07:11:00,CNR5542551100,Success,CID124302,Mini,Banashankari,Rajarajeshwari Nagar,217.0,40.0,Not Applicable,Not Applicable,No,Not Applicable,103,Cash,35,5.0,3.9
2024-07-03 17:56:00,CNR3749045200,Success,CID708502,eBike,Magadi Road,Whitefield,98.0,65.0,Not Applicable,Not Applicable,Yes,Customer Demand,314,Cash,11,4.7,3.2
2024-07-10 09:14:00,CNR9272026804,Driver Not Found,CID480313,Prime SUV,Electronic City,Banashankari,,,Not Applicable,Not Applicable,Not Applicable,Not Applicable,375,Not Applicable,0,,
2024-07-12 08:48:00,CNR2330574049,Canceled by Customer,CID150621,eBike,BTM Layout,Banashankari,,,Driver asked to cancel,Not Applicable,Not Applicable,Not Applicable,446,Not Applicable,0,,
2024-07-16 07:38:00,CNR6102722298,Success,CID602365,Prime SUV,Frazer Town,Bellandur,70.0,100.0,Not Applicable,Not Applicable,No,Not Applicable,469,Debit Card,39,5.0,4.3
2024-07-16 04:41:00,CNR1131316906,Canceled by Driver,CID155829,Mini,Banashankari,Langford Town,,,Not Applicable,Customer was coughing/sick,Not Applicable,Not Applicable,372,Not Applicable,0,,
2024-07-15 03:18:00,CNR6695464361,Success,CID664708,Prime Sedan,Kengeri,Devanahalli,259.0,30.0,Not Applicable,Not Applicable,No,Not Applicable,392,Cash,36,4.5,3.4
2024-07-26 05:28:00,CNR6544794326,Success,CID149254,Mini,Devanahalli,Jayanagar,182.0,50.0,Not Applicable,Not Applicable,No,Not Applicable,326,Cash,5,4.7,3.8
2024-07-02 13:16:00,CNR2400572562,Success,CID113927,Prime SUV,Marathahalli,Vijayanagar,196.0,40.0,Not Applicable,Not Applicable,No,Not Applicable,199,Cash,11,3.7,3.2
2024-07-22 00:07:00,CNR1483051455,Canceled by Driver,CID383944,eBike,Shantinagar,Banashankari,,,Not Applicable,Customer was coughing/sick,Not Applicable,Not Applicable,125,Not Applicable,0,,
2024-07-23 17:15:00,CNR4564719900,Success,CID208357,eBike,Hennur,Rajarajeshwari Nagar,42.0,45.0,Not Applicable,Not Applicable,No,Not Applicable,258,UPI,4,4.4,4.9
2024-07-10 00:07:00,CNR4568216484,Canceled by Driver,CID507791,Mini,Mysore Road,Sahakar Nagar,,,Not Applicable,Personal & Car related issue,Not Applicable,Not Applicable,295,Not Applicable,0,,
2024-07-04 18:16:00,CNR1403285887,Driver Not Found,CID125339,Mini,Basavanagudi,Cox Town,,,Not Applicable,Not Applicable,Not Applicable,Not Applicable,1708,Not Applicable,0,,
2024-07-15 14:35:00,CNR3932910021,Success,CID826142,Prime Sedan,KR Puram,Indiranagar,301.0,130.0,Not Applicable,Not Applicable,No,Not Applicable,348,UPI,16,4.4,3.5
2024-07-23 00:24:00,CNR4976212894,Success,CID319176,Prime SUV,Rajarajeshwari Nagar,Koramangala,287.0,65.0,Not Applicable,Not Applicable,No,Not Applicable,159,UPI,16,4.7,4.4
2024-07-09 10:20:00,CNR7402399300,Success,CID367454,Auto,Kadugodi,Electronic City,231.0,30.0,Not Applicable,Not Applicable,No,Not Applicable,134,UPI,6,3.7,4.8
2024-07-07 04:47:00,CNR8815564895,Success,CID173414,Mini,Magadi Road,Cox Town,42.0,70.0,Not Applicable,Not Applicable,No,Not Applicable,202,Cash,48,3.7,3.5
2024-07-02 03:27:00,CNR5346979262,Success,CID908497,Prime Plus,Bannerghatta Road,Tumkur Road,133.0,70.0,Not Applicable,Not Applicable,No,Not Applicable,914,UPI,27,3.9,3.8
2024-07-11 05:46:00,CNR7301668948,Canceled by Driver,CID701014,eBike,Yeshwanthpur,Hennur,,,Not Applicable,Personal & Car related issue,Not Applicable,Not Applicable,372,Not Applicable,0,,
2024-07-05 06:26:00,CNR8376302068,Success,CID182577,Auto,Electronic City,Whitefield,161.0,145.0,Not Applicable,Not Applicable,No,Not Applicable,176,Cash,13,3.2,3.1
2024-07-11 12:01:00,CNR5389089523,Success,CID382853,Auto,Rajarajeshwari Nagar,Rajarajeshwari Nagar,91.0,130.0,Not Applicable,Not Applicable,No,Not Applicable,1185,Cash,10,3.7,4.4
2024-07-17 06:49:00,CNR6560150221,Success,CID477517,Mini,Basavanagudi,Shantinagar,161.0,100.0,Not Applicable,Not Applicable,No,Not Applicable,831,UPI,31,4.2,3.7
2024-07-19 13:23:00,CNR8491850202,Success,CID177785,Prime Plus,Tumkur Road,Yeshwanthpur,308.0,115.0,Not Applicable,Not Applicable,No,Not Applicable,313,UPI,26,3.3,4.2
2024-07-27 02:44:00,CNR7813679106,Success,CID998111,Prime SUV,Frazer Town,Marathahalli,189.0,45.0,Not Applicable,Not Applicable,No,Not Applicable,481,Cash,44,3.6,3.6
2024-07-29 20:35:00,CNR5035499185,Canceled by Driver,CID807027,eBike,Nagarbhavi,Sarjapur Road,,,Not Applicable,Personal & Car related issue,Not Applicable,Not Applicable,458,Not Applicable,0,,
2024-07-08 00:38:00,CNR1944046854,Success,CID676969,Bike,BTM Layout,Yeshwanthpur,252.0,115.0,Not Applicable,Not Applicable,No,Not Applicable,930,UPI,19,4.5,3.6
2024-07-27 01:48:00,CNR2140517122,Canceled by Driver,CID130477,Prime Sedan,Marathahalli,Kadugodi,,,Not Applicable,Customer related issue,Not Applicable,Not Applicable,318,Not Applicable,0,,
2024-07-14 17:39:00,CNR1258199623,Canceled by Driver,CID528853,Auto,Ramamurthy Nagar,Hosur Road,,,Not Applicable,Personal & Car related issue,Not Applicable,Not Applicable,126,Not Applicable,0,,
2024-07-15 07:14:00,CNR7954601763,Canceled by Driver,CID196645,Mini,Banashankari,Electronic City,,,Not Applicable,Personal & Car related issue,Not Applicable,Not Applicable,188,Not Applicable,0,,
2024-07-17 08:03:00,CNR6606898589,Canceled by Driver,CID707796,Prime Sedan,Tumkur Road,Electronic City,,,Not Applicable,Customer was coughing/sick,Not Applicable,Not Applicable,470,Not Applicable,0,,
2024-07-18 03:01:00,CNR6928786848,Success,CID638485,Prime SUV,Yelahanka,Marathahalli,126.0,95.0,Not Applicable,Not Applicable,No,Not Applicable,724,UPI,2,3.3,3.6
2024-07-02 18:23:00,CNR9692001251,Success,CID220822,Prime SUV,Koramangala,Bannerghatta Road,294.0,35.0,Not Applicable,Not Applicable,No,Not Applicable,575,UPI,48,3.9,4.5
2024-07-29 18:52:00,CNR1324446176,Success,CID114516,Auto,Malleshwaram,Electronic City,252.0,70.0,Not Applicable,Not Applicable,No,Not Applicable,108,UPI,13,4.2,4.1
2024-07-04 07:39:00,CNR1440999818,Success,CID450715,Prime Plus,Kengeri,Rajajinagar,112.0,115.0,Not Applicable,Not Applicable,No,Not Applicable,374,Cash,47,4.8,3.7
2024-07-16 19:54:00,CNR1989664706,Success,CID928507,Prime Sedan,Electronic City,Yelahanka,273.0,135.0,Not Applicable,Not Applicable,No,Not Applicable,2996,UPI,23,4.7,3.5
2024-07-29 08:12:00,CNR4795902033,Canceled by Driver,CID286852,Prime Plus,Basavanagudi,Chickpet,,,Not Applicable,Personal & Car related issue,Not Applicable,Not Applicable,2980,Not Applicable,0,,
2024-07-13 07:32:00,CNR5374777667,Canceled by Driver,CID665653,Prime Sedan,Rajarajeshwari Nagar,Bannerghatta Road,,,Not Applicable,Customer was coughing/sick,Not Applicable,Not Applicable,254,Not Applicable,0,,
2024-07-25 18:27:00,CNR2859416076,Driver Not Found,CID102627,Bike,Kadugodi,Whitefield,,,Not Applicable,Not Applicable,Not Applicable,Not Applicable,250,Not Applicable,0,,
2024-07-03 09:33:00,CNR2551118723,Success,CID581050,Prime Sedan,Magadi Road,Kengeri,308.0,110.0,Not Applicable,Not Applicable,No,Not Applicable,799,Cash,6,3.3,4.7
2024-07-05 04:21:00,CNR2366976673,Driver Not Found,CID717343,Auto,Ramamurthy Nagar,Koramangala,,,Not Applicable,Not Applicable,Not Applicable,Not Applicable,383,Not Applicable,0,,
2024-07-25 23:11:00,CNR7049478638,Success,CID317970,Mini,Hulimavu,Frazer Town,308.0,100.0,Not Applicable,Not Applicable,No,Not Applicable,104,Cash,22,3.4,4.2
2024-07-30 12:52:00,CNR4043889997,Success,CID892192,Mini,Shivajinagar,Bannerghatta Road,231.0,75.0,Not Applicable,Not Applicable,No,Not Applicable,395,Credit Card,21,3.4,3.3
2024-07-29 03:14:00,CNR3744309420,Canceled by Driver,CID862337,Prime SUV,Rajajinagar,Ramamurthy Nagar,,,Not Applicable,Personal & Car related issue,Not Applicable,Not Applicable,347,Not Applicable,0,,
2024-07-14 17:41:00,CNR9427510643,Success,CID773028,Prime Sedan,Magadi Road,Mysore Road,189.0,35.0,Not Applicable,Not Applicable,No,Not Applicable,299,UPI,27,4.6,4.2
2024-07-07 06:04:00,CNR7922252494,Success,CID602407,Prime Plus,Richmond Town,Majestic,49.0,35.0,Not Applicable,Not Applicable,No,Not Applicable,395,Cash,14,3.3,4.9
2024-07-13 18:54:00,CNR5017385556,Success,CID159010,Mini,Bellandur,Malleshwaram,70.0,115.0,Not Applicable,Not Applicable,No,Not Applicable,281,UPI,23,4.3,4.6
2024-07-19 05:55:00,CNR4260144357,Success,CID234242,Prime Plus,Koramangala,Rajarajeshwari Nagar,91.0,110.0,Not Applicable,Not Applicable,Yes,Customer Demand,498,UPI,3,4.4,4.4
2024-07-29 13:13:00,CNR9421124403,Driver Not Found,CID518610,Prime Sedan,Nagarbhavi,Basavanagudi,,,Not Applicable,Not Applicable,Not Applicable,Not Applicable,283,Not Applicable,0,,
2024-07-07 23:36:00,CNR4486305067,Driver Not Found,CID637756,Bike,RT Nagar,Whitefield,,,Not Applicable,Not Applicable,Not Applicable,Not Applicable,259,Not Applicable,0,,
2024-07-20 02:05:00,CNR8432783312,Success,CID360555,eBike,Devanahalli,Langford Town,287.0,70.0,Not Applicable,Not Applicable,No,Not Applicable,463,Cash,19,4.1,4.0
2024-07-16 16:45:00,CNR8772232971,Success,CID924712,Auto,Frazer Town,Marathahalli,189.0,105.0,Not Applicable,Not Applicable,No,Not Applicable,585,UPI,16,3.1,4.8
2024-07-04 13:10:00,CNR8448610146,Success,CID469691,Prime Sedan,Banashankari,Rajarajeshwari Nagar,175.0,60.0,Not Applicable,Not Applicable,No,Not Applicable,605,Cash,42,3.7,4.4
2024-07-07 04:30:00,CNR4360785920,Success,CID641171,eBike,MG Road,Yeshwanthpur,98.0,45.0,Not Applicable,Not Applicable,No,Not Applicable,657,UPI,33,3.1,3.8
2024-07-29 06:19:00,CNR3804478838,Success,CID395329,Prime Sedan,Marathahalli,Kammanahalli,196.0,35.0,Not Applicable,Not Applicable,No,Not Applicable,184,Credit Card,10,3.5,3.1
2024-07-19 06:49:00,CNR5247629470,Success,CID874675,Prime Plus,Majestic,Devanahalli,168.0,70.0,Not Applicable,Not Applicable,No,Not Applicable,143,Cash,18,4.2,3.1
2024-07-10 08:15:00,CNR4781464430,Success,CID210404,Auto,MG Road,Hebbal,91.0,135.0,Not Applicable,Not Applicable,No,Not Applicable,869,Cash,7,3.3,3.3
2024-07-06 11:22:00,CNR2519662967,Driver Not Found,CID343284,Mini,Magadi Road,RT Nagar,,,Not Applicable,Not Applicable,Not Applicable,Not Applicable,186,Not Applicable,0,,
2024-07-18 05:30:00,CNR4051217464,Canceled by Driver,CID246453,Prime Sedan,Hennur,Kadugodi,,,Not Applicable,Customer related issue,Not Applicable,Not Applicable,151,Not Applicable,0,,
2024-07-10 10:29:00,CNR5778556701,Success,CID984365,Auto,HSR Layout,Shivajinagar,105.0,135.0,Not Applicable,Not Applicable,No,Not Applicable,311,UPI,9,3.1,4.0
2024-07-07 18:27:00,CNR4146786482,Success,CID433765,Auto,Koramangala,Marathahalli,301.0,115.0,Not Applicable,Not Applicable,No,Not Applicable,100,UPI,4,3.3,3.9
2024-07-22 16:23:00,CNR3457594949,Success,CID769895,Prime Sedan,Magadi Road,Peenya,154.0,135.0,Not Applicable,Not Applicable,No,Not Applicable,311,UPI,8,3.0,3.9
2024-07-03 06:04:00,CNR8417994686,Canceled by Driver,CID772412,Prime Plus,Vijayanagar,Yeshwanthpur,,,Not Applicable,Personal & Car related issue,Not Applicable,Not Applicable,413,Not Applicable,0,,
2024-07-08 14:48:00,CNR5458030950,Driver Not Found,CID338039,Prime Plus,Majestic,Chickpet,,,Not Applicable,Not Applicable,Not Applicable,Not Applicable,316,Not Applicable,0,,
2024-07-01 09:36:00,CNR7607679572,Canceled by Driver,CID761152,Auto,KR Puram,Vijayanagar,,,Not Applicable,Customer was coughing/sick,Not Applicable,Not Applicable,160,Not Applicable,0,,
2024-07-30 14:50:00,CNR7072417657,Canceled by Customer,CID477953,Prime Plus,Sahakar Nagar,Hosur Road,,,AC is Not working,Not Applicable,Not Applicable,Not Applicable,278,Not Applicable,0,,
2024-07-03 01:13:00,CNR1527783958,Driver Not Found,CID547613,Prime Plus,HSR Layout,Chickpet,,,Not Applicable,Not Applicable,Not Applicable,Not Applicable,290,Not Applicable,0,,
2024-07-09 17:06:00,CNR4307509854,Success,CID755754,Prime SUV,Hosur Road,HSR Layout,259.0,140.0,Not Applicable,Not Applicable,No,Not Applicable,345,Credit Card,14,4.4,3.5
2024-07-02 21:18:00,CNR8820812904,Success,CID412613,Prime SUV,Devanahalli,BTM Layout,238.0,40.0,Not Applicable,Not Applicable,No,Not Applicable,410,UPI,13,5.0,4.2
2024-07-24 07:26:00,CNR6689007705,Driver Not Found,CID940964,eBike,Bannerghatta Road,Mysore Road,,,Not Applicable,Not Applicable,Not Applicable,Not Applicable,2488,Not Applicable,0,,
2024-07-12 06:46:00,CNR8870507771,Canceled by Driver,CID729525,Mini,JP Nagar,Chickpet,,,Not Applicable,Personal & Car related issue,Not Applicable,Not Applicable,332,Not Applicable,0,,
2024-07-03 04:33:00,CNR8684870604,Canceled by Driver,CID440053,Prime Sedan,Marathahalli,Marathahalli,,,Not Applicable,Customer was coughing/sick,Not Applicable,Not Applicable,292,Not Applicable,0,,
2024-07-06 19:47:00,CNR3379294974,Success,CID491695,Auto,BTM Layout,Chickpet,210.0,80.0,Not Applicable,Not Applicable,No,Not Applicable,251,Cash,2,3.6,4.1
2024-07-03 16:30:00,CNR4355080357,Driver Not Found,CID587043,Prime Plus,Tumkur Road,Frazer Town,,,Not Applicable,Not Applicable,Not Applicable,Not Applicable,737,Not Applicable,0,,
2024-07-02 08:06:00,CNR3146532896,Success,CID234421,Prime SUV,Malleshwaram,Rajarajeshwari Nagar,147.0,40.0,Not Applicable,Not Applicable,No,Not Applicable,881,Cash,21,4.3,4.7
2024-07-30 02:39:00,CNR4970007721,Success,CID292403,Auto,RT Nagar,Peenya,133.0,80.0,Not Applicable,Not Applicable,No,Not Applicable,1734,UPI,3,4.1,3.5
2024-07-28 21:01:00,CNR8472443054,Success,CID385641,Prime SUV,Electronic City,MG Road,231.0,115.0,Not Applicable,Not Applicable,No,Not Applicable,394,Cash,18,3.7,3.5
2024-07-24 17:48:00,CNR7652223818,Canceled by Customer,CID528102,Prime Plus,Sahakar Nagar,Padmanabhanagar,,,Wrong Address,Not Applicable,Not Applicable,Not Applicable,398,Not Applicable,0,,
2024-07-15 23:22:00,CNR5669804707,Driver Not Found,CID488852,Prime Plus,Basavanagudi,Ulsoor,,,Not Applicable,Not Applicable,Not Applicable,Not Applicable,151,Not Applicable,0,,
2024-07-09 04:57:00,CNR7642081276,Success,CID696475,Prime Plus,Devanahalli,Malleshwaram,308.0,50.0,Not Applicable,Not Applicable,No,Not Applicable,2103,UPI,42,4.9,4.6
2024-07-12 04:59:00,CNR1939122480,Success,CID118935,Prime SUV,Sarjapur Road,Sahakar Nagar,35.0,130.0,Not Applicable,Not Applicable,No,Not Applicable,491,Cash,8,3.3,4.8
2024-07-29 03:04:00,CNR1759424279,Success,CID541233,Prime Plus,Sarjapur Road,Vijayanagar,252.0,105.0,Not Applicable,Not Applicable,No,Not Applicable,271,Cash,17,3.8,3.4
2024-07-27 22:43:00,CNR5878539758,Success,CID100632,Prime SUV,Koramangala,HSR Layout,203.0,105.0,Not Applicable,Not Applicable,No,Not Applicable,199,Cash,26,5.0,4.0
2024-07-19 10:59:00,CNR1481616317,Canceled by Driver,CID921922,Prime SUV,Mysore Road,Devanahalli,,,Not Applicable,More than permitted people in there,Not Applicable,Not Applicable,107,Not Applicable,0,,
2024-07-08 12:49:00,CNR3426908385,Success,CID283782,Bike,Banashankari,Devanahalli,287.0,30.0,Not Applicable,Not Applicable,No,Not Applicable,735,UPI,21,4.1,3.3
2024-07-20 13:15:00,CNR6744733652,Success,CID632043,Auto,Langford Town,Ramamurthy Nagar,287.0,45.0,Not Applicable,Not Applicable,No,Not Applicable,1986,Cash,15,3.6,4.5
2024-07-18 16:31:00,CNR6989606750,Success,CID981367,Prime Sedan,Magadi Road,Padmanabhanagar,231.0,75.0,Not Applicable,Not Applicable,No,Not Applicable,341,UPI,22,3.5,4.4
2024-07-15 13:36:00,CNR1088421630,Success,CID493504,eBike,Varthur,Electronic City,301.0,75.0,Not Applicable,Not Applicable,No,Not Applicable,576,UPI,36,3.4,3.7
2024-07-23 17:35:00,CNR2242883115,Success,CID612209,Prime Sedan,Devanahalli,Sarjapur Road,98.0,40.0,Not Applicable,Not Applicable,No,Not Applicable,989,Cash,11,3.6,3.2
2024-07-25 14:23:00,CNR3058256165,Driver Not Found,CID568601,Prime Sedan,Shivajinagar,Bellandur,,,Not Applicable,Not Applicable,Not Applicable,Not Applicable,366,Not Applicable,0,,
2024-07-11 12:23:00,CNR6339440668,Driver Not Found,CID178471,Auto,Hennur,Bannerghatta Road,,,Not Applicable,Not Applicable,Not Applicable,Not Applicable,537,Not Applicable,0,,
2024-07-12 15:36:00,CNR9856229671,Success,CID656754,Prime Plus,Hebbal,KR Puram,238.0,80.0,Not Applicable,Not Applicable,No,Not Applicable,412,Cash,19,3.6,3.1
2024-07-26 07:23:00,CNR6129736624,Success,CID920362,Prime Sedan,Ulsoor,Jayanagar,119.0,40.0,Not Applicable,Not Applicable,No,Not Applicable,187,UPI,25,4.5,3.5
2024-07-07 13:04:00,CNR9876486128,Canceled by Customer,CID317494,Prime Plus,Ramamurthy Nagar,MG Road,,,Driver asked to cancel,Not Applicable,Not Applicable,Not Applicable,229,Not Applicable,0,,
2024-07-27 08:34:00,CNR4740818322,Success,CID674990,Prime Sedan,Banashankari,Banashankari,119.0,140.0,Not Applicable,Not Applicable,No,Not Applicable,147,UPI,34,4.1,3.5
2024-07-16 03:03:00,CNR6582579594,Success,CID517815,Mini,Vijayanagar,Ramamurthy Nagar,147.0,105.0,Not Applicable,Not Applicable,No,Not Applicable,178,Cash,10,3.9,4.4
2024-07-07 21:17:00,CNR8030104169,Success,CID391519,Auto,Sarjapur Road,Vijayanagar,182.0,90.0,Not Applicable,Not Applicable,No,Not Applicable,534,Cash,8,4.7,4.8
2024-07-13 02:50:00,CNR8735292953,Success,CID841652,Prime Plus,Devanahalli,Peenya,182.0,70.0,Not Applicable,Not Applicable,No,Not Applicable,379,Cash,1,3.7,3.7
2024-07-07 13:07:00,CNR8209476676,Success,CID793668,Prime SUV,Chamarajpet,KR Puram,161.0,60.0,Not Applicable,Not Applicable,No,Not Applicable,356,UPI,2,3.6,3.6
2024-07-23 06:32:00,CNR4608604022,Success,CID475453,Prime Plus,Hulimavu,Bannerghatta Road,126.0,125.0,Not Applicable,Not Applicable,No,Not Applicable,310,Cash,12,4.9,4.2
2024-07-06 07:41:00,CNR1261230483,Success,CID940943,Auto,Chickpet,Padmanabhanagar,280.0,110.0,Not Applicable,Not Applicable,No,Not Applicable,279,Cash,16,3.9,3.0
2024-07-05 11:46:00,CNR2327015545,Success,CID855080,eBike,Langford Town,Peenya,119.0,85.0,Not Applicable,Not Applicable,No,Not Applicable,517,Cash,28,3.4,4.1
2024-07-15 03:38:00,CNR7669237190,Canceled by Customer,CID795139,Mini,Varthur,Shantinagar,,,Change of plans,Not Applicable,Not Applicable,Not Applicable,294,Not Applicable,0,,
2024-07-13 20:57:00,CNR3875441348,Success,CID927324,Bike,Sahakar Nagar,Rajarajeshwari Nagar,287.0,25.0,Not Applicable,Not Applicable,No,Not Applicable,231,UPI,34,5.0,3.0
2024-07-09 10:37:00,CNR2398313328,Success,CID785448,Prime Plus,Indiranagar,Frazer Town,56.0,55.0,Not Applicable,Not Applicable,No,Not Applicable,1460,UPI,2,4.5,3.9
2024-07-19 15:26:00,CNR1317880903,Success,CID343796,Bike,Mysore Road,Peenya,119.0,140.0,Not Applicable,Not Applicable,No,Not Applicable,203,Cash,16,3.4,4.8
2024-07-07 00:04:00,CNR8567978856,Canceled by Customer,CID765455,Auto,Sarjapur Road,Rajarajeshwari Nagar,,,Change of plans,Not Applicable,Not Applicable,Not Applicable,274,Not Applicable,0,,
2024-07-19 09:48:00,CNR3193933852,Success,CID442451,Auto,Rajajinagar,Sarjapur Road,126.0,40.0,Not Applicable,Not Applicable,No,Not Applicable,325,UPI,4,4.6,3.4
2024-07-16 05:02:00,CNR3906366271,Success,CID538007,Prime Plus,Electronic City,Varthur,49.0,30.0,Not Applicable,Not Applicable,No,Not Applicable,154,Cash,28,3.6,3.6
2024-07-03 22:14:00,CNR4789445170,Canceled by Customer,CID382728,Prime Plus,Sahakar Nagar,Rajarajeshwari Nagar,,,Driver is not moving towards pickup location,Not Applicable,Not Applicable,Not Applicable,447,Not Applicable,0,,
2024-07-29 12:17:00,CNR5806198441,Canceled by Driver,CID686055,Bike,Rajarajeshwari Nagar,Electronic City,,,Not Applicable,Customer was coughing/sick,Not Applicable,Not Applicable,833,Not Applicable,0,,
2024-07-19 21:38:00,CNR4531167950,Success,CID923283,Prime SUV,BTM Layout,Sahakar Nagar,217.0,25.0,Not Applicable,Not Applicable,No,Not Applicable,453,UPI,14,4.6,3.4
2024-07-17 01:58:00,CNR7019054470,Driver Not Found,CID197920,Prime Plus,BTM Layout,Yeshwanthpur,,,Not Applicable,Not Applicable,Not Applicable,Not Applicable,549,Not Applicable,0,,
2024-07-29 05:42:00,CNR4437148497,Canceled by Driver,CID651451,Mini,Sahakar Nagar,Hosur Road,,,Not Applicable,Personal & Car related issue,Not Applicable,Not Applicable,339,Not Applicable,0,,
2024-07-19 10:01:00,CNR9306914165,Canceled by Driver,CID108314,Auto,Hosur Road,Frazer Town,,,Not Applicable,Customer related issue,Not Applicable,Not Applicable,216,Not Applicable,0,,
2024-07-26 13:50:00,CNR9482725441,Success,CID533065,Mini,Kadugodi,Kammanahalli,126.0,90.0,Not Applicable,Not Applicable,No,Not Applicable,437,UPI,18,3.3,3.1
2024-07-29 23:05:00,CNR7272663473,Canceled by Driver,CID660194,Prime SUV,Cox Town,Chickpet,,,Not Applicable,Customer was coughing/sick,Not Applicable,Not Applicable,233,Not Applicable,0,,
2024-07-29 05:09:00,CNR2469616627,Canceled by Driver,CID882483,Prime SUV,Hebbal,Tumkur Road,,,Not Applicable,Customer related issue,Not Applicable,Not Applicable,142,Not Applicable,0,,
2024-07-22 20:27:00,CNR9552279424,Canceled by Driver,CID143430,Prime SUV,Hosur Road,Rajarajeshwari Nagar,,,Not Applicable,Customer related issue,Not Applicable,Not Applicable,190,Not Applicable,0,,
2024-07-10 23:34:00,CNR6553336559,Success,CID493542,Prime Plus,Kadugodi,Cox Town,238.0,70.0,Not Applicable,Not Applicable,No,Not Applicable,121,Cash,49,4.6,3.2
2024-07-30 04:10:00,CNR5995904482,Success,CID824922,Prime Sedan,HSR Layout,Kammanahalli,175.0,80.0,Not Applicable,Not Applicable,No,Not Applicable,218,Cash,10,4.1,4.8
2024-07-14 11:12:00,CNR6808992162,Canceled by Driver,CID668722,eBike,Mysore Road,Kammanahalli,,,Not Applicable,Customer was coughing/sick,Not Applicable,Not Applicable,2175,Not Applicable,0,,
2024-07-16 00:20:00,CNR5730233079,Success,CID500562,Prime Plus,Langford Town,Langford Town,280.0,45.0,Not Applicable,Not Applicable,No,Not Applicable,257,Cash,16,3.3,4.9
2024-07-28 00:58:00,CNR9644952870,Canceled by Customer,CID368687,Prime SUV,Varthur,Kammanahalli,,,Driver asked to cancel,Not Applicable,Not Applicable,Not Applicable,459,Not Applicable,0,,
2024-07-27 20:50:00,CNR8511117260,Success,CID573644,Prime Sedan,Vijayanagar,Magadi Road,203.0,85.0,Not Applicable,Not Applicable,Yes,Customer Demand,490,Credit Card,20,4.1,4.9
2024-07-22 01:24:00,CNR5469443849,Success,CID965966,Bike,Kengeri,Nagarbhavi,98.0,140.0,Not Applicable,Not Applicable,No,Not Applicable,347,Cash,31,3.8,4.1
2024-07-01 13:08:00,CNR4791116502,Success,CID109887,Prime Plus,Magadi Road,JP Nagar,294.0,50.0,Not Applicable,Not Applicable,No,Not Applicable,417,UPI,5,4.3,3.6
2024-07-03 23:53:00,CNR3191193536,Success,CID901777,eBike,Kadugodi,Nagarbhavi,259.0,25.0,Not Applicable,Not Applicable,No,Not Applicable,233,UPI,19,4.9,3.7
2024-07-30 10:20:00,CNR1982578768,Canceled by Driver,CID832747,Prime Plus,KR Puram,Hebbal,,,Not Applicable,Personal & Car related issue,Not Applicable,Not Applicable,2509,Not Applicable,0,,
2024-07-01 18:43:00,CNR2853004099,Canceled by Driver,CID718513,Prime Sedan,Electronic City,Bellandur,,,Not Applicable,Customer related issue,Not Applicable,Not Applicable,914,Not Applicable,0,,
2024-07-24 03:21:00,CNR3607934522,Canceled by Driver,CID385871,eBike,Magadi Road,HSR Layout,,,Not Applicable,Customer was coughing/sick,Not Applicable,Not Applicable,294,Not Applicable,0,,
2024-07-30 08:36:00,CNR1979913793,Success,CID906667,Prime Sedan,RT Nagar,Mysore Road,294.0,25.0,Not Applicable,Not Applicable,Yes,Vehicle Breakdown,452,UPI,37,4.0,4.8
2024-07-09 04:24:00,CNR6700879436,Success,CID236067,Auto,Chamarajpet,Hulimavu,182.0,65.0,Not Applicable,Not Applicable,No,Not Applicable,394,UPI,16,4.2,3.1
2024-07-28 12:40:00,CNR8249278056,Success,CID190195,Auto,Kengeri,Jayanagar,182.0,90.0,Not Applicable,Not Applicable,No,Not Applicable,104,Cash,2,3.7,4.3
2024-07-10 10:43:00,CNR5863237081,Success,CID804175,Bike,BTM Layout,Indiranagar,273.0,135.0,Not Applicable,Not Applicable,No,Not Applicable,449,Credit Card,41,4.0,3.8
2024-07-15 11:19:00,CNR3214806835,Success,CID542841,Auto,Peenya,Cox Town,231.0,35.0,Not Applicable,Not Applicable,No,Not Applicable,225,Cash,8,3.5,3.5
2024-07-25 17:17:00,CNR5352807055,Success,CID489146,Auto,Richmond Town,Tumkur Road,210.0,65.0,Not Applicable,Not Applicable,No,Not Applicable,365,UPI,2,3.5,3.9
2024-07-10 06:50:00,CNR5329957360,Driver Not Found,CID626924,Prime Sedan,MG Road,Hebbal,,,Not Applicable,Not Applicable,Not Applicable,Not Applicable,241,Not Applicable,0,,
2024-07-02 22:58:00,CNR2288625150,Canceled by Driver,CID205606,Prime Plus,Yelahanka,Tumkur Road,,,Not Applicable,Personal & Car related issue,Not Applicable,Not Applicable,158,Not Applicable,0,,
2024-07-20 00:55:00,CNR3823919999,Success,CID157422,Auto,Ramamurthy Nagar,Majestic,189.0,100.0,Not Applicable,Not Applicable,No,Not Applicable,469,Cash,17,4.0,4.7
2024-07-10 14:44:00,CNR4038595568,Success,CID252412,Prime Sedan,Chamarajpet,Indiranagar,49.0,85.0,Not Applicable,Not Applicable,No,Not Applicable,282,UPI,17,3.8,3.3
2024-07-24 09:06:00,CNR7692690257,Success,CID967829,Prime Sedan,Banashankari,Whitefield,63.0,105.0,Not Applicable,Not Applicable,No,Not Applicable,637,Cash,42,4.2,3.5
2024-07-30 12:35:00,CNR7286284348,Canceled by Customer,CID916936,Prime Plus,Ulsoor,Cox Town,,,AC is Not working,Not Applicable,Not Applicable,Not Applicable,723,Not Applicable,0,,
2024-07-09 02:25:00,CNR8392894757,Canceled by Customer,CID407414,Prime SUV,Bannerghatta Road,Vijayanagar,,,AC is Not working,Not Applicable,Not Applicable,Not Applicable,268,Not Applicable,0,,
2024-07-04 05:45:00,CNR7082699579,Canceled by Customer,CID837544,Bike,HSR Layout,Cox Town,,,Driver asked to cancel,Not Applicable,Not Applicable,Not Applicable,291,Not Applicable,0,,
2024-07-05 00:36:00,CNR3479311409,Success,CID633365,eBike,Chickpet,Hennur,252.0,95.0,Not Applicable,Not Applicable,Yes,Vehicle Breakdown,2081,Cash,16,3.8,3.1
2024-07-12 00:20:00,CNR8974652570,Success,CID659523,Mini,Nagarbhavi,Indiranagar,35.0,140.0,Not Applicable,Not Applicable,No,Not Applicable,255,UPI,19,3.8,3.8
2024-07-09 20:31:00,CNR1599569548,Canceled by Driver,CID926487,Auto,Banashankari,Kengeri,,,Not Applicable,Personal & Car related issue,Not Applicable,Not Applicable,184,Not Applicable,0,,
2024-07-13 11:00:00,CNR9904378364,Canceled by Driver,CID462956,Prime Plus,Devanahalli,Hebbal,,,Not Applicable,Customer was coughing/sick,Not Applicable,Not Applicable,154,Not Applicable,0,,
2024-07-19 09:38:00,CNR6909599199,Canceled by Driver,CID978805,eBike,Shantinagar,Electronic City,,,Not Applicable,Customer related issue,Not Applicable,Not Applicable,330,Not Applicable,0,,
2024-07-23 22:14:00,CNR6904186750,Canceled by Driver,CID966513,eBike,Hebbal,Hebbal,,,Not Applicable,Customer related issue,Not Applicable,Not Applicable,569,Not Applicable,0,,
2024-07-21 09:45:00,CNR6658918121,Driver Not Found,CID575885,Prime SUV,Frazer Town,Vijayanagar,,,Not Applicable,Not Applicable,Not Applicable,Not Applicable,461,Not Applicable,0,,
2024-07-21 13:14:00,CNR6382767353,Success,CID866977,Prime Sedan,Peenya,Hulimavu,147.0,80.0,Not Applicable,Not Applicable,No,Not Applicable,102,Credit Card,10,4.7,3.7
2024-07-22 01:52:00,CNR9965893310,Success,CID228918,Auto,Bellandur,Koramangala,203.0,105.0,Not Applicable,Not Applicable,No,Not Applicable,415,UPI,12,3.1,4.1
2024-07-02 13:10:00,CNR7191808537,Success,CID521185,eBike,Kengeri,Koramangala,301.0,140.0,Not Applicable,Not Applicable,No,Not Applicable,927,UPI,32,4.7,3.2
2024-07-19 05:03:00,CNR3672977978,Success,CID989309,Auto,Magadi Road,RT Nagar,77.0,50.0,Not Applicable,Not Applicable,No,Not Applicable,2335,UPI,3,4.3,3.5
2024-07-01 08:00:00,CNR7448994922,Success,CID143703,Auto,Hebbal,Cox Town,252.0,140.0,Not Applicable,Not Applicable,No,Not Applicable,102,UPI,5,3.1,4.9
2024-07-11 06:44:00,CNR6700549700,Success,CID647475,Prime SUV,KR Puram,Magadi Road,49.0,50.0,Not Applicable,Not Applicable,No,Not Applicable,109,Cash,33,3.4,3.8
2024-07-08 12:44:00,CNR4310666351,Success,CID935384,Prime SUV,BTM Layout,Sarjapur Road,294.0,25.0,Not Applicable,Not Applicable,No,Not Applicable,363,UPI,38,4.8,4.5
2024-07-16 13:38:00,CNR2616788526,Success,CID706694,Bike,Malleshwaram,Mysore Road,112.0,75.0,Not Applicable,Not Applicable,No,Not Applicable,1137,Cash,48,3.1,3.5
2024-07-30 23:23:00,CNR9568476750,Success,CID213066,Prime Plus,Bannerghatta Road,Chamarajpet,119.0,100.0,Not Applicable,Not Applicable,No,Not Applicable,551,Cash,33,3.1,3.1
2024-07-15 18:57:00,CNR8973230507,Canceled by Customer,CID925582,Prime Sedan,Tumkur Road,Chamarajpet,,,Driver is not moving towards pickup location,Not Applicable,Not Applicable,Not Applicable,639,Not Applicable,0,,
2024-07-14 09:27:00,CNR9399826564,Canceled by Customer,CID498557,Auto,Chickpet,Electronic City,,,Driver asked to cancel,Not Applicable,Not Applicable,Not Applicable,2613,Not Applicable,0,,
2024-07-30 18:25:00,CNR9477639307,Canceled by Customer,CID271389,Prime SUV,Cox Town,Richmond Town,,,Driver is not moving towards pickup location,Not Applicable,Not Applicable,Not Applicable,1939,Not Applicable,0,,
2024-07-04 14:19:00,CNR1071162613,Success,CID439747,Bike,RT Nagar,Electronic City,273.0,100.0,Not Applicable,Not Applicable,No,Not Applicable,200,Cash,25,4.3,3.1
2024-07-07 23:22:00,CNR2908703796,Success,CID893465,Prime Sedan,Bannerghatta Road,Ramamurthy Nagar,189.0,125.0,Not Applicable,Not Applicable,No,Not Applicable,498,Cash,33,3.8,3.1
2024-07-24 15:01:00,CNR1044004807,Canceled by Customer,CID840328,Bike,Electronic City,Ramamurthy Nagar,,,Driver is not moving towards pickup location,Not Applicable,Not Applicable,Not Applicable,428,Not Applicable,0,,
2024-07-26 07:59:00,CNR3159007455,Canceled by Customer,CID970051,Bike,Chamarajpet,Marathahalli,,,Driver is not moving towards pickup location,Not Applicable,Not Applicable,Not Applicable,263,Not Applicable,0,,
2024-07-29 18:50:00,CNR1994392111,Canceled by Customer,CID209118,Auto,Sarjapur Road,Padmanabhanagar,,,Driver is not moving towards pickup location,Not Applicable,Not Applicable,Not Applicable,406,Not Applicable,0,,
2024-07-28 02:50:00,CNR5166238344,Success,CID731965,Prime SUV,Hennur,Hennur,91.0,35.0,Not Applicable,Not Applicable,Yes,Vehicle Breakdown,333,Cash,13,4.8,3.4
2024-07-09 20:02:00,CNR4932940084,Success,CID627564,Prime Sedan,Sahakar Nagar,Devanahalli,252.0,90.0,Not Applicable,Not Applicable,No,Not Applicable,368,Cash,49,4.7,4.0
2024-07-21 07:46:00,CNR7942582618,Canceled by Driver,CID384071,Mini,Malleshwaram,Yeshwanthpur,,,Not Applicable,Personal & Car related issue,Not Applicable,Not Applicable,362,Not Applicable,0,,
2024-07-13 18:33:00,CNR5480474566,Success,CID327561,Mini,Hebbal,Magadi Road,140.0,120.0,Not Applicable,Not Applicable,No,Not Applicable,491,UPI,22,4.4,3.1
2024-07-21 23:16:00,CNR8115094203,Success,CID397646,Prime SUV,Richmond Town,Chamarajpet,203.0,45.0,Not Applicable,Not Applicable,Yes,Customer Demand,253,UPI,25,4.9,4.6
2024-07-08 12:33:00,CNR1126088242,Success,CID369543,eBike,Langford Town,Nagarbhavi,154.0,95.0,Not Applicable,Not Applicable,No,Not Applicable,304,Cash,26,3.2,4.3
2024-07-11 18:18:00,CNR7155827470,Canceled by Driver,CID210874,Mini,Ramamurthy Nagar,Hebbal,,,Not Applicable,Customer related issue,Not Applicable,Not Applicable,822,Not Applicable,0,,
2024-07-16 07:15:00,CNR3713178610,Canceled by Driver,CID816339,Auto,Banashankari,Marathahalli,,,Not Applicable,Customer related issue,Not Applicable,Not Applicable,357,Not Applicable,0,,
2024-07-18 04:44:00,CNR3890909862,Success,CID224645,Bike,Sahakar Nagar,Malleshwaram,126.0,55.0,Not Applicable,Not Applicable,No,Not Applicable,420,UPI,49,3.3,3.8
2024-07-18 12:18:00,CNR2882019007,Canceled by Driver,CID187463,Prime Sedan,Magadi Road,Yelahanka,,,Not Applicable,Personal & Car related issue,Not Applicable,Not Applicable,588,Not Applicable,0,,
2024-07-14 20:33:00,CNR9747815530,Success,CID823627,Bike,Chickpet,Nagarbhavi,161.0,105.0,Not Applicable,Not Applicable,Yes,Vehicle Breakdown,310,Credit Card,29,4.2,3.1
2024-07-16 19:02:00,CNR9329113173,Success,CID233350,Prime SUV,Sahakar Nagar,Jayanagar,245.0,140.0,Not Applicable,Not Applicable,No,Not Applicable,509,UPI,32,4.4,3.5
2024-07-03 08:13:00,CNR2766105071,Success,CID950786,Auto,Langford Town,Kammanahalli,210.0,115.0,Not Applicable,Not Applicable,No,Not Applicable,385,UPI,9,3.8,3.7
2024-07-23 14:51:00,CNR9605327219,Driver Not Found,CID732163,Prime Sedan,Hebbal,BTM Layout,,,Not Applicable,Not Applicable,Not Applicable,Not Applicable,661,Not Applicable,0,,
2024-07-15 12:22:00,CNR5742799167,Success,CID771134,Prime Sedan,Majestic,BTM Layout,182.0,60.0,Not Applicable,Not Applicable,No,Not Applicable,476,Cash,13,4.6,3.1
2024-07-11 04:35:00,CNR2969505738,Success,CID686410,eBike,Hulimavu,Shantinagar,203.0,65.0,Not Applicable,Not Applicable,No,Not Applicable,722,Cash,5,3.9,3.9
2024-07-20 22:21:00,CNR9320252887,Driver Not Found,CID886051,Auto,Kammanahalli,Yelahanka,,,Not Applicable,Not Applicable,Not Applicable,Not Applicable,2939,Not Applicable,0,,
2024-07-27 17:41:00,CNR7276209677,Canceled by Driver,CID188169,Prime SUV,Shantinagar,Hennur,,,Not Applicable,Personal & Car related issue,Not Applicable,Not Applicable,105,Not Applicable,0,,
2024-07-03 04:01:00,CNR6644097828,Canceled by Customer,CID723934,eBike,Rajajinagar,Magadi Road,,,Change of plans,Not Applicable,Not Applicable,Not Applicable,909,Not Applicable,0,,
2024-07-30 08:10:00,CNR4171494046,Canceled by Driver,CID835021,Bike,Koramangala,MG Road,,,Not Applicable,Personal & Car related issue,Not Applicable,Not Applicable,450,Not Applicable,0,,
2024-07-20 00:49:00,CNR9140497581,Success,CID356035,Auto,Padmanabhanagar,Ramamurthy Nagar,273.0,50.0,Not Applicable,Not Applicable,No,Not Applicable,963,Credit Card,17,4.6,3.7
2024-07-27 08:21:00,CNR8744139724,Success,CID794103,Mini,Shantinagar,Sarjapur Road,280.0,65.0,Not Applicable,Not Applicable,No,Not Applicable,565,UPI,23,4.5,3.3
2024-07-25 05:26:00,CNR2311505058,Success,CID257469,Mini,Banashankari,Hebbal,105.0,125.0,Not Applicable,Not Applicable,No,Not Applicable,254,UPI,28,4.2,3.1
2024-07-22 05:44:00,CNR1630393331,Success,CID729558,Prime SUV,Chamarajpet,Tumkur Road,231.0,140.0,Not Applicable,Not Applicable,Yes,Customer Demand,404,Cash,25,4.4,4.8
2024-07-30 06:25:00,CNR2694266199,Success,CID651897,Bike,BTM Layout,KR Puram,112.0,145.0,Not Applicable,Not Applicable,No,Not Applicable,288,Cash,9,4.3,4.2
2024-07-25 03:46:00,CNR2338470661,Success,CID724093,Prime Sedan,Ulsoor,Sarjapur Road,105.0,100.0,Not Applicable,Not Applicable,No,Not Applicable,485,Credit Card,37,4.9,3.6
2024-07-25 18:53:00,CNR7901222277,Canceled by Customer,CID273846,eBike,Langford Town,Bellandur,,,Driver asked to cancel,Not Applicable,Not Applicable,Not Applicable,176,Not Applicable,0,,
2024-07-26 03:30:00,CNR5720768541,Canceled by Driver,CID489295,Auto,Kadugodi,Marathahalli,,,Not Applicable,Customer related issue,Not Applicable,Not Applicable,138,Not Applicable,0,,
2024-07-21 15:12:00,CNR5617834419,Success,CID179339,Prime Sedan,Tumkur Road,Ramamurthy Nagar,287.0,140.0,Not Applicable,Not Applicable,Yes,Other Issue,200,Credit Card,20,4.0,3.3
2024-07-07 11:40:00,CNR8325516777,Success,CID106128,Prime SUV,HSR Layout,Sarjapur Road,245.0,65.0,Not Applicable,Not Applicable,No,Not Applicable,150,Cash,35,4.9,3.2
2024-07-21 21:36:00,CNR8714612165,Canceled by Customer,CID998468,Prime Plus,Hulimavu,Yelahanka,,,Change of plans,Not Applicable,Not Applicable,Not Applicable,172,Not Applicable,0,,
2024-07-02 10:50:00,CNR7266735501,Success,CID842681,eBike,Electronic City,Magadi Road,301.0,145.0,Not Applicable,Not Applicable,No,Not Applicable,2526,Cash,22,4.1,4.8
2024-07-17 05:56:00,CNR6546362083,Canceled by Driver,CID322247,Auto,Majestic,Yelahanka,,,Not Applicable,Customer related issue,Not Applicable,Not Applicable,197,Not Applicable,0,,
2024-07-03 02:03:00,CNR3118913831,Success,CID621590,Prime Sedan,BTM Layout,Vijayanagar,196.0,85.0,Not Applicable,Not Applicable,No,Not Applicable,643,UPI,20,3.5,3.5
2024-07-15 04:49:00,CNR6712655618,Success,CID613643,Prime Plus,Nagarbhavi,BTM Layout,168.0,45.0,Not Applicable,Not Applicable,No,Not Applicable,435,UPI,42,5.0,3.5
2024-07-13 17:21:00,CNR5809854089,Canceled by Customer,CID451571,Mini,BTM Layout,Richmond Town,,,Change of plans,Not Applicable,Not Applicable,Not Applicable,833,Not Applicable,0,,
2024-07-04 02:42:00,CNR8282399540,Success,CID513005,eBike,JP Nagar,MG Road,175.0,75.0,Not Applicable,Not Applicable,No,Not Applicable,1114,Cash,28,5.0,4.2
2024-07-09 22:54:00,CNR4402060311,Success,CID324192,eBike,Ramamurthy Nagar,Whitefield,294.0,145.0,Not Applicable,Not Applicable,No,Not Applicable,2303,Cash,25,4.6,4.3
2024-07-04 12:14:00,CNR3376298442,Success,CID634923,Prime Plus,Tumkur Road,Devanahalli,84.0,90.0,Not Applicable,Not Applicable,No,Not Applicable,102,UPI,12,4.6,4.0
2024-07-18 16:18:00,CNR5035378589,Success,CID246199,Prime SUV,Basavanagudi,Richmond Town,308.0,115.0,Not Applicable,Not Applicable,No,Not Applicable,727,UPI,37,4.2,4.9
2024-07-22 21:34:00,CNR3159706448,Success,CID416045,Prime Plus,Basavanagudi,Rajarajeshwari Nagar,154.0,75.0,Not Applicable,Not Applicable,No,Not Applicable,2195,Cash,29,3.9,3.2
2024-07-01 21:56:00,CNR9440848681,Success,CID944580,Prime Plus,JP Nagar,Rajajinagar,224.0,40.0,Not Applicable,Not Applicable,No,Not Applicable,337,Cash,36,4.8,3.5
2024-07-25 11:54:00,CNR1787476088,Driver Not Found,CID770138,Auto,Kengeri,Chamarajpet,,,Not Applicable,Not Applicable,Not Applicable,Not Applicable,718,Not Applicable,0,,
2024-07-03 22:09:00,CNR4039535564,Success,CID981363,Mini,Langford Town,Yelahanka,294.0,60.0,Not Applicable,Not Applicable,No,Not Applicable,133,UPI,27,4.8,3.6
2024-07-15 19:44:00,CNR4961992729,Driver Not Found,CID191643,Bike,Cox Town,Yeshwanthpur,,,Not Applicable,Not Applicable,Not Applicable,Not Applicable,450,Not Applicable,0,,
2024-07-13 22:00:00,CNR5374321775,Canceled by Customer,CID331982,Bike,Electronic City,Rajajinagar,,,Driver is not moving towards pickup location,Not Applicable,Not Applicable,Not Applicable,398,Not Applicable,0,,
2024-07-30 19:47:00,CNR7769065712,Success,CID763442,Prime Plus,Frazer Town,BTM Layout,140.0,110.0,Not Applicable,Not Applicable,No,Not Applicable,115,Cash,46,3.9,3.5
2024-07-16 18:00:00,CNR7894651458,Canceled by Driver,CID584389,Prime SUV,Kadugodi,Jayanagar,,,Not Applicable,Customer was coughing/sick,Not Applicable,Not Applicable,430,Not Applicable,0,,
2024-07-23 04:19:00,CNR9748570341,Canceled by Customer,CID292886,eBike,Langford Town,Richmond Town,,,Change of plans,Not Applicable,Not Applicable,Not Applicable,396,Not Applicable,0,,
2024-07-02 15:59:00,CNR3827069273,Canceled by Driver,CID965199,eBike,Chamarajpet,Hebbal,,,Not Applicable,Personal & Car related issue,Not Applicable,Not Applicable,128,Not Applicable,0,,
2024-07-16 18:36:00,CNR1212253223,Success,CID418419,Prime Plus,Jayanagar,Rajajinagar,112.0,45.0,Not Applicable,Not Applicable,Yes,Customer Demand,935,Cash,9,3.3,3.7
2024-07-11 20:34:00,CNR9782178209,Canceled by Driver,CID293874,Prime SUV,Padmanabhanagar,Mysore Road,,,Not Applicable,Customer was coughing/sick,Not Applicable,Not Applicable,755,Not Applicable,0,,
2024-07-10 15:34:00,CNR1427157191,Canceled by Customer,CID998876,Bike,Padmanabhanagar,Hennur,,,AC is Not working,Not Applicable,Not Applicable,Not Applicable,309,Not Applicable,0,,
2024-07-05 04:20:00,CNR7907481862,Success,CID581422,Prime Plus,BTM Layout,Kengeri,105.0,40.0,Not Applicable,Not Applicable,No,Not Applicable,196,UPI,6,3.9,5.0
2024-07-30 17:52:00,CNR1285370061,Canceled by Driver,CID176268,Bike,Magadi Road,Ramamurthy Nagar,,,Not Applicable,Customer related issue,Not Applicable,Not Applicable,231,Not Applicable,0,,
2024-07-28 00:42:00,CNR2906486676,Success,CID220995,Bike,Hebbal,Rajarajeshwari Nagar,217.0,140.0,Not Applicable,Not Applicable,No,Not Applicable,179,UPI,14,4.0,4.4
2024-07-18 03:08:00,CNR9173208354,Canceled by Customer,CID643586,Auto,MG Road,MG Road,,,Driver asked to cancel,Not Applicable,Not Applicable,Not Applicable,192,Not Applicable,0,,
2024-07-06 04:05:00,CNR1830216478,Success,CID973758,Bike,Chickpet,Koramangala,161.0,110.0,Not Applicable,Not Applicable,No,Not Applicable,916,Cash,48,4.0,3.1
2024-07-09 06:55:00,CNR8654688630,Success,CID233274,eBike,Varthur,Mysore Road,217.0,50.0,Not Applicable,Not Applicable,No,Not Applicable,178,UPI,17,3.3,3.4
2024-07-24 20:47:00,CNR1783778900,Success,CID406022,eBike,Malleshwaram,Devanahalli,308.0,110.0,Not Applicable,Not Applicable,No,Not Applicable,238,Cash,39,4.8,3.6
2024-07-17 12:47:00,CNR1799592885,Success,CID433175,eBike,Frazer Town,Whitefield,231.0,70.0,Not Applicable,Not Applicable,No,Not Applicable,311,Cash,5,3.7,4.3
2024-07-23 23:14:00,CNR1004054671,Canceled by Driver,CID479696,Prime Sedan,Magadi Road,Whitefield,,,Not Applicable,Personal & Car related issue,Not Applicable,Not Applicable,370,Not Applicable,0,,
2024-07-10 07:28:00,CNR3434196580,Success,CID481300,Prime Sedan,Hosur Road,Electronic City,266.0,105.0,Not Applicable,Not Applicable,No,Not Applicable,345,Cash,8,3.2,3.4
2024-07-27 11:19:00,CNR7592867024,Canceled by Customer,CID309480,Auto,MG Road,Vijayanagar,,,Driver asked to cancel,Not Applicable,Not Applicable,Not Applicable,210,Not Applicable,0,,
2024-07-06 12:42:00,CNR1778884514,Canceled by Customer,CID804519,Auto,Bellandur,Bellandur,,,Driver asked to cancel,Not Applicable,Not Applicable,Not Applicable,547,Not Applicable,0,,
2024-07-23 22:15:00,CNR9263897257,Success,CID538618,Prime Sedan,Yeshwanthpur,Whitefield,105.0,120.0,Not Applicable,Not Applicable,No,Not Applicable,331,Cash,9,4.3,3.3
2024-07-29 01:59:00,CNR1045303665,Driver Not Found,CID271469,Bike,Varthur,BTM Layout,,,Not Applicable,Not Applicable,Not Applicable,Not Applicable,262,Not Applicable,0,,
2024-07-21 00:13:00,CNR9608040407,Driver Not Found,CID742604,Prime SUV,Hosur Road,Rajajinagar,,,Not Applicable,Not Applicable,Not Applicable,Not Applicable,166,Not Applicable,0,,
2024-07-19 09:54:00,CNR7620318783,Success,CID327563,Mini,Tumkur Road,Chickpet,119.0,85.0,Not Applicable,Not Applicable,Yes,Vehicle Breakdown,104,Cash,31,4.5,3.1
2024-07-17 15:07:00,CNR9630759870,Success,CID695023,Prime Plus,Shivajinagar,Shantinagar,189.0,115.0,Not Applicable,Not Applicable,No,Not Applicable,472,UPI,15,3.3,4.5
2024-07-21 09:53:00,CNR4789209372,Success,CID777149,Auto,MG Road,Malleshwaram,119.0,80.0,Not Applicable,Not Applicable,Yes,Customer Demand,252,UPI,12,3.4,4.1
2024-07-30 14:50:00,CNR4551765277,Driver Not Found,CID528908,Auto,Yelahanka,RT Nagar,,,Not Applicable,Not Applicable,Not Applicable,Not Applicable,110,Not Applicable,0,,
2024-07-21 01:40:00,CNR2653724800,Canceled by Driver,CID545082,Prime Sedan,Nagarbhavi,HSR Layout,,,Not Applicable,Customer related issue,Not Applicable,Not Applicable,1311,Not Applicable,0,,
2024-07-24 00:10:00,CNR8011464547,Canceled by Driver,CID238276,Bike,Magadi Road,Magadi Road,,,Not Applicable,Customer was coughing/sick,Not Applicable,Not Applicable,901,Not Applicable,0,,
2024-07-17 06:27:00,CNR5612465042,Success,CID659266,Mini,HSR Layout,BTM Layout,189.0,130.0,Not Applicable,Not Applicable,No,Not Applicable,300,UPI,27,4.1,3.8
2024-07-17 09:53:00,CNR8977012648,Driver Not Found,CID778338,eBike,Vijayanagar,Shantinagar,,,Not Applicable,Not Applicable,Not Applicable,Not Applicable,337,Not Applicable,0,,
2024-07-13 05:21:00,CNR4269609049,Canceled by Driver,CID170012,Prime Plus,Banashankari,Kadugodi,,,Not Applicable,Customer was coughing/sick,Not Applicable,Not Applicable,854,Not Applicable,0,,
2024-07-27 04:00:00,CNR9980385697,Success,CID967879,Mini,Shantinagar,Ulsoor,224.0,90.0,Not Applicable,Not Applicable,No,Not Applicable,309,UPI,36,3.0,4.8
2024-07-03 23:22:00,CNR9682769638,Success,CID121838,Auto,Banashankari,Indiranagar,105.0,140.0,Not Applicable,Not Applicable,Yes,Vehicle Breakdown,499,Cash,10,4.6,4.0
2024-07-19 02:21:00,CNR9517124906,Driver Not Found,CID432210,eBike,MG Road,HSR Layout,,,Not Applicable,Not Applicable,Not Applicable,Not Applicable,503,Not Applicable,0,,
2024-07-15 12:38:00,CNR4360525674,Success,CID568417,Bike,Yeshwanthpur,Yelahanka,147.0,50.0,Not Applicable,Not Applicable,No,Not Applicable,639,Cash,36,3.2,4.5
2024-07-29 05:34:00,CNR4278679425,Canceled by Driver,CID116481,Prime Sedan,Hennur,MG Road,,,Not Applicable,Personal & Car related issue,Not Applicable,Not Applicable,305,Not Applicable,0,,
2024-07-07 10:27:00,CNR8429621915,Success,CID773894,Prime Plus,Hosur Road,Indiranagar,35.0,110.0,Not Applicable,Not Applicable,No,Not Applicable,209,UPI,42,4.3,4.1
2024-07-27 13:52:00,CNR3845755510,Success,CID256541,Auto,Vijayanagar,Kammanahalli,35.0,40.0,Not Applicable,Not Applicable,No,Not Applicable,485,UPI,4,4.2,4.2
2024-07-22 03:22:00,CNR6895306990,Success,CID776736,Bike,Ramamurthy Nagar,Tumkur Road,70.0,95.0,Not Applicable,Not Applicable,No,Not Applicable,297,Cash,37,4.4,4.4
2024-07-27 17:46:00,CNR9902116842,Canceled by Customer,CID228396,Bike,Basavanagudi,Jayanagar,,,AC is Not working,Not Applicable,Not Applicable,Not Applicable,2251,Not Applicable,0,,
2024-07-03 12:18:00,CNR9288354179,Driver Not Found,CID546457,Prime Plus,Kengeri,MG Road,,,Not Applicable,Not Applicable,Not Applicable,Not Applicable,256,Not Applicable,0,,
2024-07-17 00:57:00,CNR2643040941,Success,CID219069,Mini,Kammanahalli,Malleshwaram,84.0,65.0,Not Applicable,Not Applicable,No,Not Applicable,867,UPI,28,4.9,4.0
2024-07-28 20:02:00,CNR1022207021,Driver Not Found,CID460120,Prime Plus,MG Road,Vijayanagar,,,Not Applicable,Not Applicable,Not Applicable,Not Applicable,229,Not Applicable,0,,
2024-07-13 21:31:00,CNR7292801619,Success,CID487931,eBike,Yelahanka,Yeshwanthpur,84.0,95.0,Not Applicable,Not Applicable,No,Not Applicable,190,Cash,47,3.4,3.5
2024-07-05 09:40:00,CNR3091647101,Success,CID833424,Mini,Yeshwanthpur,Kammanahalli,84.0,70.0,Not Applicable,Not Applicable,No,Not Applicable,255,Cash,43,3.9,4.7
2024-07-21 17:53:00,CNR3923306512,Canceled by Driver,CID425239,Auto,HSR Layout,Ulsoor,,,Not Applicable,Personal & Car related issue,Not Applicable,Not Applicable,141,Not Applicable,0,,
2024-07-24 15:23:00,CNR8065047236,Driver Not Found,CID115307,Prime Sedan,Devanahalli,Yelahanka,,,Not Applicable,Not Applicable,Not Applicable,Not Applicable,451,Not Applicable,0,,
2024-07-15 13:52:00,CNR3024773301,Driver Not Found,CID381381,Mini,Indiranagar,Electronic City,,,Not Applicable,Not Applicable,Not Applicable,Not Applicable,456,Not Applicable,0,,
2024-07-01 07:49:00,CNR7687200224,Success,CID439842,Prime Sedan,Ulsoor,Sahakar Nagar,252.0,25.0,Not Applicable,Not Applicable,No,Not Applicable,280,Cash,41,3.8,4.3
2024-07-25 21:32:00,CNR4017497061,Success,CID728750,Prime Sedan,Chickpet,Majestic,182.0,70.0,Not Applicable,Not Applicable,No,Not Applicable,2372,UPI,44,3.9,4.4
2024-07-21 11:05:00,CNR2818972611,Success,CID198865,Prime Sedan,BTM Layout,Magadi Road,63.0,75.0,Not Applicable,Not Applicable,No,Not Applicable,893,UPI,25,3.1,4.4
2024-07-02 06:12:00,CNR4183719734,Success,CID916339,Auto,Vijayanagar,Yelahanka,133.0,70.0,Not Applicable,Not Applicable,No,Not Applicable,431,UPI,4,3.9,4.8
2024-07-04 06:18:00,CNR5794570711,Canceled by Driver,CID149046,eBike,KR Puram,Malleshwaram,,,Not Applicable,Personal & Car related issue,Not Applicable,Not Applicable,123,Not Applicable,0,,
2024-07-02 07:19:00,CNR1470653648,Success,CID443753,Prime SUV,Indiranagar,Bellandur,175.0,30.0,Not Applicable,Not Applicable,No,Not Applicable,491,UPI,40,3.9,4.0
2024-07-01 20:06:00,CNR9443282216,Canceled by Driver,CID503860,Prime SUV,Chamarajpet,Frazer Town,,,Not Applicable,Personal & Car related issue,Not Applicable,Not Applicable,442,Not Applicable,0,,
2024-07-25 21:33:00,CNR9742364690,Success,CID583733,eBike,Basavanagudi,Hulimavu,161.0,25.0,Not Applicable,Not Applicable,No,Not Applicable,197,Cash,42,3.6,4.0
2024-07-27 01:47:00,CNR9557048797,Success,CID526321,Bike,Hebbal,Electronic City,77.0,95.0,Not Applicable,Not Applicable,No,Not Applicable,1049,UPI,49,4.9,4.1
2024-07-26 16:25:00,CNR2159137941,Canceled by Customer,CID356279,Bike,Electronic City,BTM Layout,,,Wrong Address,Not Applicable,Not Applicable,Not Applicable,905,Not Applicable,0,,
2024-07-05 21:50:00,CNR9676145407,Success,CID672576,Prime SUV,Kadugodi,Hennur,154.0,35.0,Not Applicable,Not Applicable,No,Not Applicable,434,Cash,46,3.8,3.0
2024-07-21 05:24:00,CNR2478985656,Success,CID727783,Prime Sedan,Ulsoor,Mysore Road,126.0,105.0,Not Applicable,Not Applicable,No,Not Applicable,393,Cash,48,3.4,4.2
2024-07-17 09:10:00,CNR6087036959,Success,CID839238,Prime SUV,Kadugodi,Chickpet,133.0,135.0,Not Applicable,Not Applicable,Yes,Customer Demand,575,Cash,20,4.9,3.2
2024-07-04 02:41:00,CNR8060237894,Success,CID657190,Bike,Rajajinagar,Banashankari,42.0,35.0,Not Applicable,Not Applicable,No,Not Applicable,922,Cash,33,3.2,4.3
2024-07-08 19:15:00,CNR8778374662,Success,CID734730,Prime Plus,Nagarbhavi,Jayanagar,91.0,25.0,Not Applicable,Not Applicable,No,Not Applicable,992,Debit Card,44,3.5,4.9
2024-07-01 02:58:00,CNR2225176562,Success,CID976514,Auto,BTM Layout,Varthur,35.0,30.0,Not Applicable,Not Applicable,No,Not Applicable,2805,UPI,2,4.7,4.0
2024-07-29 00:02:00,CNR4236701761,Success,CID689393,Mini,Hebbal,Whitefield,105.0,90.0,Not Applicable,Not Applicable,No,Not Applicable,583,Cash,21,5.0,3.4
2024-07-23 06:52:00,CNR3421366170,Success,CID771356,eBike,Jayanagar,Bellandur,84.0,100.0,Not Applicable,Not Applicable,No,Not Applicable,302,Cash,34,5.0,3.7
2024-07-22 21:51:00,CNR2001564423,Canceled by Customer,CID788178,Bike,Marathahalli,MG Road,,,Change of plans,Not Applicable,Not Applicable,Not Applicable,323,Not Applicable,0,,
2024-07-03 12:42:00,CNR7140018083,Driver Not Found,CID221749,Prime Plus,Hennur,Koramangala,,,Not Applicable,Not Applicable,Not Applicable,Not Applicable,344,Not Applicable,0,,
2024-07-30 07:51:00,CNR7766470406,Canceled by Customer,CID111926,Prime Sedan,Hennur,Bellandur,,,AC is Not working,Not Applicable,Not Applicable,Not Applicable,485,Not Applicable,0,,
2024-07-15 15:59:00,CNR5503723788,Success,CID174882,Prime Sedan,Varthur,Marathahalli,154.0,105.0,Not Applicable,Not Applicable,No,Not Applicable,499,Cash,4,3.0,3.2
2024-07-28 02:31:00,CNR8752799626,Canceled by Customer,CID937062,Prime SUV,Koramangala,Varthur,,,Driver is not moving towards pickup location,Not Applicable,Not Applicable,Not Applicable,1010,Not Applicable,0,,
2024-07-30 01:24:00,CNR4475243917,Canceled by Driver,CID134674,Bike,Mysore Road,Sarjapur Road,,,Not Applicable,Personal & Car related issue,Not Applicable,Not Applicable,600,Not Applicable,0,,
2024-07-15 00:41:00,CNR9843185651,Canceled by Customer,CID302228,Prime SUV,MG Road,Hennur,,,AC is Not working,Not Applicable,Not Applicable,Not Applicable,467,Not Applicable,0,,
2024-07-09 19:51:00,CNR9089835197,Success,CID148761,Auto,Cox Town,Ulsoor,98.0,50.0,Not Applicable,Not Applicable,No,Not Applicable,972,Cash,2,4.6,5.0
2024-07-05 07:58:00,CNR3484967957,Success,CID984127,Bike,Ramamurthy Nagar,Hebbal,245.0,145.0,Not Applicable,Not Applicable,No,Not Applicable,276,UPI,29,4.4,3.5
2024-07-09 02:09:00,CNR7342009408,Success,CID427773,Prime Sedan,Ulsoor,Chamarajpet,259.0,115.0,Not Applicable,Not Applicable,No,Not Applicable,682,Cash,24,3.3,4.3
2024-07-14 00:47:00,CNR2704739961,Success,CID692130,Prime Plus,Marathahalli,Banashankari,56.0,40.0,Not Applicable,Not Applicable,No,Not Applicable,872,Cash,38,3.7,4.3
2024-07-02 17:38:00,CNR2194293047,Success,CID753620,Prime Plus,Hebbal,Sahakar Nagar,105.0,80.0,Not Applicable,Not Applicable,No,Not Applicable,461,Credit Card,5,3.1,3.2
2024-07-17 20:59:00,CNR9974933645,Success,CID505922,Prime Sedan,JP Nagar,BTM Layout,161.0,120.0,Not Applicable,Not Applicable,No,Not Applicable,234,Cash,22,4.2,3.2
2024-07-14 05:19:00,CNR5199622425,Canceled by Customer,CID515881,eBike,Tumkur Road,Langford Town,,,Change of plans,Not Applicable,Not Applicable,Not Applicable,490,Not Applicable,0,,
2024-07-09 11:54:00,CNR4833449259,Success,CID294231,eBike,Majestic,Electronic City,49.0,140.0,Not Applicable,Not Applicable,No,Not Applicable,474,Cash,23,3.6,3.1
2024-07-15 06:58:00,CNR7444336897,Canceled by Driver,CID289218,Prime SUV,Sarjapur Road,Indiranagar,,,Not Applicable,Personal & Car related issue,Not Applicable,Not Applicable,225,Not Applicable,0,,
2024-07-09 05:00:00,CNR7260843702,Success,CID668851,Prime Sedan,Bannerghatta Road,Shantinagar,161.0,95.0,Not Applicable,Not Applicable,No,Not Applicable,224,Cash,23,3.7,4.8
2024-07-23 20:34:00,CNR8334332724,Success,CID111171,Auto,Devanahalli,Tumkur Road,42.0,100.0,Not Applicable,Not Applicable,No,Not Applicable,338,UPI,14,4.2,4.1
2024-07-13 06:41:00,CNR8626258060,Driver Not Found,CID629053,Bike,HSR Layout,Langford Town,,,Not Applicable,Not Applicable,Not Applicable,Not Applicable,141,Not Applicable,0,,
2024-07-09 03:33:00,CNR9047367571,Success,CID331491,Prime SUV,Shantinagar,Bannerghatta Road,231.0,115.0,Not Applicable,Not Applicable,No,Not Applicable,1247,UPI,17,4.3,4.9
2024-07-04 11:14:00,CNR9835258288,Canceled by Driver,CID392174,Auto,Sahakar Nagar,Bannerghatta Road,,,Not Applicable,Customer related issue,Not Applicable,Not Applicable,453,Not Applicable,0,,
2024-07-11 20:34:00,CNR2746848055,Success,CID605045,Prime SUV,Magadi Road,Electronic City,133.0,145.0,Not Applicable,Not Applicable,No,Not Applicable,895,Cash,34,3.9,4.5
2024-07-05 03:18:00,CNR7807357110,Success,CID439571,Prime Plus,Ramamurthy Nagar,Hebbal,168.0,110.0,Not Applicable,Not Applicable,No,Not Applicable,256,Cash,47,3.8,4.7
2024-07-17 08:16:00,CNR1714267126,Success,CID597221,Auto,Electronic City,Jayanagar,175.0,130.0,Not Applicable,Not Applicable,Yes,Vehicle Breakdown,237,Cash,13,3.4,4.2
2024-07-28 10:45:00,CNR7145035088,Success,CID623538,Prime Sedan,Bannerghatta Road,Chickpet,49.0,65.0,Not Applicable,Not Applicable,No,Not Applicable,257,UPI,9,3.5,3.0
2024-07-11 07:49:00,CNR2428551213,Success,CID235083,Prime SUV,Whitefield,Jayanagar,189.0,90.0,Not Applicable,Not Applicable,No,Not Applicable,345,UPI,6,3.2,5.0
2024-07-22 16:02:00,CNR1742055814,Canceled by Driver,CID181903,Auto,JP Nagar,Koramangala,,,Not Applicable,Personal & Car related issue,Not Applicable,Not Applicable,468,Not Applicable,0,,
2024-07-18 18:14:00,CNR7299404292,Driver Not Found,CID923456,Bike,Nagarbhavi,Electronic City,,,Not Applicable,Not Applicable,Not Applicable,Not Applicable,1848,Not Applicable,0,,
2024-07-24 00:48:00,CNR1683779230,Success,CID440481,eBike,Ramamurthy Nagar,Shivajinagar,217.0,35.0,Not Applicable,Not Applicable,No,Not Applicable,237,UPI,6,4.8,4.6
2024-07-19 16:19:00,CNR5170951096,Driver Not Found,CID867232,eBike,Yelahanka,Banashankari,,,Not Applicable,Not Applicable,Not Applicable,Not Applicable,130,Not Applicable,0,,
2024-07-10 23:24:00,CNR3177582857,Success,CID688514,Mini,Hebbal,Richmond Town,189.0,145.0,Not Applicable,Not Applicable,No,Not Applicable,913,Cash,35,3.5,4.7
2024-07-17 04:39:00,CNR8547729714,Success,CID613807,Prime Plus,Richmond Town,Ulsoor,287.0,100.0,Not Applicable,Not Applicable,No,Not Applicable,474,UPI,8,4.9,3.7
2024-07-04 19:30:00,CNR5163367271,Canceled by Driver,CID959578,Bike,Hulimavu,Electronic City,,,Not Applicable,Customer related issue,Not Applicable,Not Applicable,338,Not Applicable,0,,
2024-07-21 12:21:00,CNR8813359946,Success,CID163581,Prime Plus,Richmond Town,Devanahalli,140.0,125.0,Not Applicable,Not Applicable,No,Not Applicable,277,Cash,34,3.9,4.6
2024-07-28 03:25:00,CNR9299291013,Canceled by Driver,CID320694,Prime SUV,Padmanabhanagar,Mysore Road,,,Not Applicable,Customer related issue,Not Applicable,Not Applicable,225,Not Applicable,0,,
2024-07-29 13:15:00,CNR4188036928,Success,CID854555,Prime Sedan,Jayanagar,Kengeri,63.0,120.0,Not Applicable,Not Applicable,No,Not Applicable,513,Cash,6,3.7,5.0
2024-07-02 09:48:00,CNR5576285791,Success,CID973020,Mini,Bannerghatta Road,Shivajinagar,245.0,65.0,Not Applicable,Not Applicable,No,Not Applicable,246,UPI,32,4.2,3.6
2024-07-30 01:24:00,CNR6913070522,Success,CID940517,Prime Plus,Shantinagar,Vijayanagar,84.0,35.0,Not Applicable,Not Applicable,No,Not Applicable,982,UPI,46,3.1,3.5
2024-07-10 09:05:00,CNR5336887488,Success,CID139022,Auto,Tumkur Road,HSR Layout,133.0,95.0,Not Applicable,Not Applicable,No,Not Applicable,164,UPI,1,3.8,4.2
2024-07-01 11:39:00,CNR3781268924,Success,CID697311,eBike,Hosur Road,Vijayanagar,175.0,35.0,Not Applicable,Not Applicable,No,Not Applicable,596,Cash,2,4.0,3.9
2024-07-23 19:12:00,CNR5093949762,Canceled by Driver,CID893251,Auto,Yelahanka,Devanahalli,,,Not Applicable,More than permitted people in there,Not Applicable,Not Applicable,214,Not Applicable,0,,
2024-07-15 17:49:00,CNR5948115690,Canceled by Customer,CID724634,Auto,Rajajinagar,JP Nagar,,,Change of plans,Not Applicable,Not Applicable,Not Applicable,765,Not Applicable,0,,
2024-07-04 01:55:00,CNR2254366562,Canceled by Customer,CID778860,eBike,Nagarbhavi,Whitefield,,,Change of plans,Not Applicable,Not Applicable,Not Applicable,1912,Not Applicable,0,,
2024-07-17 15:28:00,CNR1739971119,Success,CID464199,Prime Plus,MG Road,Electronic City,294.0,70.0,Not Applicable,Not Applicable,No,Not Applicable,466,UPI,44,4.3,4.1
2024-07-22 17:59:00,CNR7619344241,Driver Not Found,CID299743,Prime Sedan,Mysore Road,Banashankari,,,Not Applicable,Not Applicable,Not Applicable,Not Applicable,482,Not Applicable,0,,
2024-07-05 13:54:00,CNR3801225806,Success,CID466390,eBike,Shantinagar,Magadi Road,189.0,40.0,Not Applicable,Not Applicable,No,Not Applicable,212,UPI,29,4.3,3.3
2024-07-09 17:48:00,CNR2918320082,Success,CID109304,Prime Plus,Chamarajpet,Mysore Road,91.0,65.0,Not Applicable,Not Applicable,No,Not Applicable,207,UPI,17,4.3,3.8
2024-07-08 22:26:00,CNR6451556961,Success,CID483828,Prime SUV,Mysore Road,JP Nagar,140.0,75.0,Not Applicable,Not Applicable,No,Not Applicable,904,Cash,36,3.4,4.5
2024-07-09 12:46:00,CNR9193384134,Success,CID188146,Auto,Magadi Road,Hosur Road,126.0,125.0,Not Applicable,Not Applicable,No,Not Applicable,170,UPI,6,4.3,3.3
2024-07-05 08:43:00,CNR6386427926,Success,CID239714,Prime Plus,Indiranagar,Jayanagar,168.0,110.0,Not Applicable,Not Applicable,No,Not Applicable,350,UPI,18,4.0,3.2
2024-07-14 20:06:00,CNR3728590000,Success,CID204033,Bike,Majestic,Magadi Road,287.0,100.0,Not Applicable,Not Applicable,No,Not Applicable,377,UPI,18,4.4,4.4
2024-07-02 16:35:00,CNR3446283801,Canceled by Customer,CID178946,Prime Sedan,RT Nagar,Bellandur,,,Driver is not moving towards pickup location,Not Applicable,Not Applicable,Not Applicable,720,Not Applicable,0,,
2024-07-26 02:42:00,CNR8989018058,Canceled by Customer,CID233454,Mini,Sarjapur Road,Hosur Road,,,Change of plans,Not Applicable,Not Applicable,Not Applicable,458,Not Applicable,0,,
2024-07-07 10:42:00,CNR8931835102,Canceled by Customer,CID354146,Bike,Peenya,Varthur,,,Driver is not moving towards pickup location,Not Applicable,Not Applicable,Not Applicable,425,Not Applicable,0,,
2024-07-08 15:50:00,CNR3217765461,Canceled by Driver,CID595214,Prime Plus,Devanahalli,Padmanabhanagar,,,Not Applicable,Customer related issue,Not Applicable,Not Applicable,298,Not Applicable,0,,
2024-07-29 06:44:00,CNR1512983535,Success,CID924890,Prime Plus,JP Nagar,Sarjapur Road,140.0,50.0,Not Applicable,Not Applicable,No,Not Applicable,128,Cash,43,4.4,4.4
2024-07-12 18:01:00,CNR3914426582,Success,CID849532,Prime SUV,Electronic City,Frazer Town,196.0,25.0,Not Applicable,Not Applicable,No,Not Applicable,432,Cash,27,4.8,4.2
2024-07-05 02:54:00,CNR2898816940,Canceled by Driver,CID286906,Bike,Electronic City,Hosur Road,,,Not Applicable,Personal & Car related issue,Not Applicable,Not Applicable,2725,Not Applicable,0,,
2024-07-11 14:43:00,CNR5256710326,Success,CID207417,Auto,Koramangala,Banashankari,189.0,35.0,Not Applicable,Not Applicable,No,Not Applicable,807,UPI,13,3.1,4.9
2024-07-08 14:38:00,CNR2105181970,Success,CID397158,Mini,Hennur,Rajarajeshwari Nagar,70.0,140.0,Not Applicable,Not Applicable,No,Not Applicable,247,Cash,35,3.2,5.0
2024-07-18 05:30:00,CNR2649267232,Canceled by Customer,CID549937,Prime SUV,Kadugodi,Ulsoor,,,Change of plans,Not Applicable,Not Applicable,Not Applicable,425,Not Applicable,0,,
2024-07-03 01:37:00,CNR4047581252,Success,CID491258,Prime Sedan,Langford Town,Richmond Town,147.0,60.0,Not Applicable,Not Applicable,No,Not Applicable,238,UPI,19,3.6,3.2
2024-07-14 04:03:00,CNR1977408382,Success,CID726523,Bike,Yelahanka,Vijayanagar,182.0,45.0,Not Applicable,Not Applicable,No,Not Applicable,202,UPI,23,4.5,4.7
2024-07-15 09:50:00,CNR1480969952,Canceled by Driver,CID192951,Mini,Nagarbhavi,Rajajinagar,,,Not Applicable,Customer was coughing/sick,Not Applicable,Not Applicable,113,Not Applicable,0,,
2024-07-12 06:21:00,CNR6024521071,Success,CID843062,Bike,Majestic,Padmanabhanagar,70.0,85.0,Not Applicable,Not Applicable,No,Not Applicable,480,UPI,7,4.7,3.9
2024-07-24 02:27:00,CNR6237782419,Canceled by Customer,CID362706,Auto,RT Nagar,Mysore Road,,,Driver asked to cancel,Not Applicable,Not Applicable,Not Applicable,2605,Not Applicable,0,,
2024-07-29 03:50:00,CNR8365547011,Canceled by Customer,CID465595,Prime Plus,Basavanagudi,Malleshwaram,,,Driver is not moving towards pickup location,Not Applicable,Not Applicable,Not Applicable,320,Not Applicable,0,,
2024-07-27 11:02:00,CNR3773934662,Success,CID333268,Auto,BTM Layout,Koramangala,35.0,45.0,Not Applicable,Not Applicable,No,Not Applicable,325,Cash,2,3.7,3.8
2024-07-08 09:25:00,CNR8974603090,Success,CID983273,Prime SUV,Padmanabhanagar,Peenya,147.0,70.0,Not Applicable,Not Applicable,No,Not Applicable,352,UPI,17,3.7,5.0
2024-07-18 06:29:00,CNR2007593489,Success,CID940355,Prime Sedan,Hennur,Varthur,154.0,90.0,Not Applicable,Not Applicable,No,Not Applicable,163,UPI,26,3.9,3.4
2024-07-08 05:06:00,CNR6378849733,Canceled by Customer,CID952919,Mini,HSR Layout,Vijayanagar,,,Driver asked to cancel,Not Applicable,Not Applicable,Not Applicable,233,Not Applicable,0,,
2024-07-18 22:10:00,CNR4061213824,Success,CID618523,Auto,Hennur,Ulsoor,294.0,35.0,Not Applicable,Not Applicable,No,Not Applicable,492,UPI,14,4.2,3.6
2024-07-04 05:12:00,CNR8206478227,Canceled by Driver,CID354118,eBike,Richmond Town,Ulsoor,,,Not Applicable,Personal & Car related issue,Not Applicable,Not Applicable,620,Not Applicable,0,,
2024-07-13 08:54:00,CNR4526264284,Success,CID532034,Prime SUV,Kadugodi,Marathahalli,147.0,55.0,Not Applicable,Not Applicable,Yes,Customer Demand,258,Cash,29,3.3,4.0
2024-07-05 11:58:00,CNR7800396985,Canceled by Driver,CID503582,Prime SUV,Electronic City,Chickpet,,,Not Applicable,Customer related issue,Not Applicable,Not Applicable,300,Not Applicable,0,,
2024-07-06 18:13:00,CNR6372015987,Success,CID910486,Auto,Shantinagar,JP Nagar,294.0,140.0,Not Applicable,Not Applicable,No,Not Applicable,183,Cash,3,4.6,3.6
2024-07-02 05:55:00,CNR2685547354,Canceled by Driver,CID265986,Auto,Kengeri,Whitefield,,,Not Applicable,Personal & Car related issue,Not Applicable,Not Applicable,275,Not Applicable,0,,
2024-07-01 13:59:00,CNR7281558288,Success,CID445988,Prime Plus,Magadi Road,Cox Town,84.0,135.0,Not Applicable,Not Applicable,No,Not Applicable,2746,UPI,5,4.4,3.0
2024-07-05 16:55:00,CNR4805140223,Success,CID976188,Prime SUV,Varthur,Banashankari,84.0,120.0,Not Applicable,Not Applicable,No,Not Applicable,701,Cash,23,4.1,4.4
2024-07-12 11:25:00,CNR8661187873,Success,CID632393,Mini,Kammanahalli,JP Nagar,189.0,130.0,Not Applicable,Not Applicable,No,Not Applicable,426,Cash,7,3.9,3.5
2024-07-21 18:08:00,CNR7818809410,Success,CID506884,Auto,Banashankari,Rajarajeshwari Nagar,203.0,95.0,Not Applicable,Not Applicable,No,Not Applicable,345,UPI,8,3.5,4.6
2024-07-14 11:13:00,CNR2212318986,Success,CID727243,Prime SUV,Vijayanagar,KR Puram,63.0,25.0,Not Applicable,Not Applicable,Yes,Customer Demand,938,UPI,33,3.1,4.1
2024-07-22 03:19:00,CNR3554438100,Success,CID752542,Auto,Banashankari,Kengeri,77.0,100.0,Not Applicable,Not Applicable,No,Not Applicable,860,Cash,9,4.6,3.2
2024-07-27 04:17:00,CNR6870450693,Success,CID126232,Mini,Malleshwaram,MG Road,119.0,25.0,Not Applicable,Not Applicable,No,Not Applicable,236,UPI,37,3.2,3.3
2024-07-17 22:50:00,CNR8144204526,Success,CID867667,Prime Plus,Richmond Town,Nagarbhavi,91.0,40.0,Not Applicable,Not Applicable,Yes,Customer Demand,567,UPI,27,4.8,4.9
2024-07-08 06:43:00,CNR7225648433,Success,CID665216,Mini,Electronic City,Magadi Road,119.0,60.0,Not Applicable,Not Applicable,No,Not Applicable,609,Cash,13,4.4,4.4
2024-07-29 21:59:00,CNR1282474638,Success,CID679400,Prime Plus,Banashankari,Chamarajpet,238.0,65.0,Not Applicable,Not Applicable,No,Not Applicable,389,Cash,14,3.8,4.1
2024-07-18 00:30:00,CNR6703057849,Driver Not Found,CID395854,Prime SUV,Hosur Road,Banashankari,,,Not Applicable,Not Applicable,Not Applicable,Not Applicable,761,Not Applicable,0,,
2024-07-22 14:24:00,CNR3492612341,Success,CID190278,Prime Sedan,BTM Layout,Marathahalli,98.0,75.0,Not Applicable,Not Applicable,Yes,Customer Demand,336,Cash,35,3.1,4.4
2024-07-20 18:12:00,CNR9152280014,Success,CID133962,Auto,Indiranagar,Padmanabhanagar,112.0,55.0,Not Applicable,Not Applicable,No,Not Applicable,642,Cash,1,4.5,4.0
2024-07-17 09:39:00,CNR5432735457,Canceled by Driver,CID855604,Prime Plus,Richmond Town,Vijayanagar,,,Not Applicable,Personal & Car related issue,Not Applicable,Not Applicable,822,Not Applicable,0,,
2024-07-16 20:43:00,CNR9169549795,Success,CID646011,Bike,Shantinagar,MG Road,91.0,50.0,Not Applicable,Not Applicable,No,Not Applicable,185,UPI,29,4.7,4.3
2024-07-15 00:43:00,CNR7240075819,Canceled by Customer,CID572380,Prime Plus,RT Nagar,BTM Layout,,,Driver asked to cancel,Not Applicable,Not Applicable,Not Applicable,304,Not Applicable,0,,
2024-07-17 08:21:00,CNR8558595650,Success,CID591681,Bike,Vijayanagar,Bannerghatta Road,147.0,115.0,Not Applicable,Not Applicable,No,Not Applicable,421,UPI,45,3.9,3.5
2024-07-22 14:27:00,CNR3032555168,Driver Not Found,CID731648,Prime Plus,Varthur,Cox Town,,,Not Applicable,Not Applicable,Not Applicable,Not Applicable,439,Not Applicable,0,,
2024-07-10 22:34:00,CNR5261269028,Canceled by Customer,CID862324,Mini,Cox Town,Vijayanagar,,,Driver asked to cancel,Not Applicable,Not Applicable,Not Applicable,841,Not Applicable,0,,
2024-07-12 23:56:00,CNR7666076972,Success,CID513093,Prime Plus,Nagarbhavi,Shivajinagar,112.0,105.0,Not Applicable,Not Applicable,No,Not Applicable,818,UPI,41,4.6,3.9
2024-07-24 23:01:00,CNR3244103129,Success,CID617991,Prime Plus,BTM Layout,Cox Town,35.0,60.0,Not Applicable,Not Applicable,Yes,Vehicle Breakdown,782,UPI,32,4.0,4.5
2024-07-03 08:41:00,CNR6137686272,Driver Not Found,CID331138,Mini,Electronic City,Varthur,,,Not Applicable,Not Applicable,Not Applicable,Not Applicable,138,Not Applicable,0,,
2024-07-08 13:22:00,CNR7868043506,Success,CID516004,Prime Plus,Richmond Town,Whitefield,98.0,140.0,Not Applicable,Not Applicable,Yes,Customer Demand,664,Cash,1,3.9,3.2
2024-07-25 06:20:00,CNR2345366549,Success,CID840258,Prime Plus,Malleshwaram,Frazer Town,203.0,65.0,Not Applicable,Not Applicable,No,Not Applicable,210,Cash,43,3.5,3.9
2024-07-14 20:08:00,CNR4717606647,Success,CID144496,Auto,Jayanagar,Jayanagar,245.0,70.0,Not Applicable,Not Applicable,No,Not Applicable,473,Cash,10,3.5,3.4
2024-07-03 08:13:00,CNR5783882291,Success,CID181706,eBike,Basavanagudi,Indiranagar,98.0,55.0,Not Applicable,Not Applicable,No,Not Applicable,238,UPI,41,3.9,3.2
2024-07-24 12:12:00,CNR6280649072,Success,CID967676,eBike,Shivajinagar,Sarjapur Road,287.0,30.0,Not Applicable,Not Applicable,No,Not Applicable,269,UPI,17,4.1,3.7
2024-07-29 01:37:00,CNR3864183881,Success,CID774731,Mini,BTM Layout,Bellandur,35.0,30.0,Not Applicable,Not Applicable,No,Not Applicable,2681,Cash,23,4.5,3.4
2024-07-10 11:46:00,CNR8562558712,Success,CID237020,Mini,KR Puram,Banashankari,161.0,35.0,Not Applicable,Not Applicable,No,Not Applicable,255,Cash,21,3.1,3.6
2024-07-20 00:24:00,CNR3509530273,Canceled by Customer,CID125026,Prime Sedan,Padmanabhanagar,Banashankari,,,Driver asked to cancel,Not Applicable,Not Applicable,Not Applicable,629,Not Applicable,0,,
2024-07-11 21:23:00,CNR7414677894,Canceled by Driver,CID995312,Prime Sedan,Sarjapur Road,Hosur Road,,,Not Applicable,Customer was coughing/sick,Not Applicable,Not Applicable,583,Not Applicable,0,,
2024-07-25 12:19:00,CNR7545100837,Success,CID210309,eBike,Ramamurthy Nagar,Chamarajpet,231.0,70.0,Not Applicable,Not Applicable,No,Not Applicable,295,Cash,23,3.1,3.9
2024-07-06 11:48:00,CNR9011658482,Success,CID813630,Prime SUV,Banashankari,Varthur,133.0,70.0,Not Applicable,Not Applicable,No,Not Applicable,931,Cash,14,4.3,3.1
2024-07-18 12:20:00,CNR4103076920,Success,CID268193,Prime Sedan,Ramamurthy Nagar,Hosur Road,252.0,60.0,Not Applicable,Not Applicable,No,Not Applicable,382,Cash,44,4.2,4.3
2024-07-02 05:47:00,CNR9065260167,Canceled by Driver,CID467063,Mini,Langford Town,Hulimavu,,,Not Applicable,Customer related issue,Not Applicable,Not Applicable,189,Not Applicable,0,,
2024-07-02 20:33:00,CNR2447764525,Canceled by Customer,CID570625,Prime Plus,Hebbal,Nagarbhavi,,,Wrong Address,Not Applicable,Not Applicable,Not Applicable,192,Not Applicable,0,,
2024-07-09 19:56:00,CNR5980116565,Canceled by Customer,CID701645,Prime Plus,Shantinagar,Vijayanagar,,,Driver asked to cancel,Not Applicable,Not Applicable,Not Applicable,987,Not Applicable,0,,
2024-07-16 14:53:00,CNR1875695724,Canceled by Driver,CID163445,Prime SUV,Rajajinagar,Rajajinagar,,,Not Applicable,Customer was coughing/sick,Not Applicable,Not Applicable,130,Not Applicable,0,,
2024-07-12 16:41:00,CNR3500025306,Success,CID138240,Prime SUV,Majestic,Shantinagar,133.0,55.0,Not Applicable,Not Applicable,Yes,Vehicle Breakdown,170,Cash,31,4.8,4.4
2024-07-03 15:54:00,CNR8734484854,Driver Not Found,CID628450,Prime Sedan,Varthur,Bannerghatta Road,,,Not Applicable,Not Applicable,Not Applicable,Not Applicable,378,Not Applicable,0,,
2024-07-23 11:52:00,CNR9654071956,Canceled by Customer,CID449859,Prime Plus,KR Puram,Richmond Town,,,Driver is not moving towards pickup location,Not Applicable,Not Applicable,Not Applicable,574,Not Applicable,0,,
2024-07-13 00:12:00,CNR3424772303,Success,CID817630,Mini,Majestic,Kengeri,126.0,140.0,Not Applicable,Not Applicable,No,Not Applicable,569,Cash,37,3.4,4.1
2024-07-19 18:33:00,CNR4664561488,Success,CID903739,Auto,Cox Town,Sarjapur Road,266.0,30.0,Not Applicable,Not Applicable,No,Not Applicable,496,Cash,6,5.0,4.8
2024-07-03 06:13:00,CNR3030617039,Success,CID873493,Mini,Langford Town,Kadugodi,168.0,140.0,Not Applicable,Not Applicable,No,Not Applicable,114,Cash,33,3.5,4.1
2024-07-15 12:17:00,CNR5450743782,Canceled by Driver,CID742503,Mini,Ramamurthy Nagar,Hebbal,,,Not Applicable,Customer related issue,Not Applicable,Not Applicable,497,Not Applicable,0,,
2024-07-16 16:03:00,CNR9582607507,Canceled by Driver,CID702509,Prime SUV,Shantinagar,Magadi Road,,,Not Applicable,Customer related issue,Not Applicable,Not Applicable,801,Not Applicable,0,,
2024-07-30 00:12:00,CNR8890390939,Success,CID823277,Bike,Kengeri,Shivajinagar,91.0,50.0,Not Applicable,Not Applicable,No,Not Applicable,180,Cash,3,3.2,4.2
2024-07-29 20:59:00,CNR7782060293,Canceled by Customer,CID920659,Prime Sedan,Frazer Town,Peenya,,,Change of plans,Not Applicable,Not Applicable,Not Applicable,268,Not Applicable,0,,
2024-07-20 18:25:00,CNR5232930113,Success,CID472348,Bike,Padmanabhanagar,Marathahalli,287.0,110.0,Not Applicable,Not Applicable,No,Not Applicable,474,UPI,27,3.9,3.3
2024-07-06 03:54:00,CNR9546234200,Canceled by Customer,CID118762,Prime Plus,Ramamurthy Nagar,Hosur Road,,,Driver asked to cancel,Not Applicable,Not Applicable,Not Applicable,175,Not Applicable,0,,
2024-07-06 18:22:00,CNR3420463811,Success,CID312316,Prime Plus,Sarjapur Road,HSR Layout,154.0,120.0,Not Applicable,Not Applicable,No,Not Applicable,439,Cash,47,4.9,4.7
2024-07-28 12:14:00,CNR4183431685,Success,CID728763,Bike,RT Nagar,Shantinagar,140.0,80.0,Not Applicable,Not Applicable,No,Not Applicable,312,Cash,6,4.5,3.6
2024-07-19 06:17:00,CNR4398988309,Success,CID402144,Bike,Vijayanagar,Ramamurthy Nagar,91.0,100.0,Not Applicable,Not Applicable,No,Not Applicable,400,UPI,46,3.9,4.1
2024-07-20 20:38:00,CNR3051128423,Success,CID528684,Prime Sedan,Banashankari,Vijayanagar,238.0,110.0,Not Applicable,Not Applicable,No,Not Applicable,293,Cash,4,4.9,3.2
2024-07-13 02:11:00,CNR5229691547,Success,CID201233,eBike,Devanahalli,Rajajinagar,231.0,75.0,Not Applicable,Not Applicable,No,Not Applicable,2868,Cash,40,3.7,4.8
2024-07-24 13:51:00,CNR2368863893,Success,CID515020,Mini,Magadi Road,Whitefield,301.0,50.0,Not Applicable,Not Applicable,No,Not Applicable,299,UPI,7,3.4,3.0
2024-07-02 06:24:00,CNR2638086305,Success,CID850513,Prime Sedan,Mysore Road,Hebbal,287.0,85.0,Not Applicable,Not Applicable,No,Not Applicable,101,Cash,11,3.1,3.4
2024-07-23 14:04:00,CNR3139839324,Success,CID688030,Prime Sedan,Yeshwanthpur,Ulsoor,140.0,55.0,Not Applicable,Not Applicable,No,Not Applicable,286,Cash,24,3.1,3.1
2024-07-25 05:51:00,CNR8619341924,Success,CID336591,Prime Plus,BTM Layout,Bannerghatta Road,217.0,100.0,Not Applicable,Not Applicable,No,Not Applicable,534,Credit Card,8,4.1,4.5
2024-07-14 02:17:00,CNR4650346371,Canceled by Driver,CID996254,Prime SUV,KR Puram,Malleshwaram,,,Not Applicable,Personal & Car related issue,Not Applicable,Not Applicable,309,Not Applicable,0,,
2024-07-01 23:31:00,CNR3955779293,Canceled by Driver,CID649203,Prime Plus,Bellandur,Hulimavu,,,Not Applicable,Customer was coughing/sick,Not Applicable,Not Applicable,107,Not Applicable,0,,
2024-07-12 16:20:00,CNR8021585268,Canceled by Customer,CID626818,Prime Sedan,Cox Town,Mysore Road,,,AC is Not working,Not Applicable,Not Applicable,Not Applicable,274,Not Applicable,0,,
2024-07-06 23:26:00,CNR9144594437,Success,CID275002,eBike,JP Nagar,Rajajinagar,140.0,70.0,Not Applicable,Not Applicable,No,Not Applicable,1367,UPI,18,3.4,3.1
2024-07-19 06:25:00,CNR5932429235,Success,CID472758,Prime Plus,Rajajinagar,Koramangala,189.0,120.0,Not Applicable,Not Applicable,No,Not Applicable,759,UPI,45,3.6,3.1
2024-07-17 19:54:00,CNR7016642292,Canceled by Driver,CID736438,Bike,Ulsoor,Tumkur Road,,,Not Applicable,Personal & Car related issue,Not Applicable,Not Applicable,435,Not Applicable,0,,
2024-07-29 11:42:00,CNR6383867922,Success,CID819620,Prime Plus,Vijayanagar,KR Puram,63.0,40.0,Not Applicable,Not Applicable,Yes,Vehicle Breakdown,153,UPI,21,3.7,4.6
2024-07-16 01:53:00,CNR1648120398,Success,CID196374,Prime Plus,Basavanagudi,Sarjapur Road,189.0,35.0,Not Applicable,Not Applicable,No,Not Applicable,322,Cash,3,3.5,4.8
2024-07-07 14:25:00,CNR8923060993,Success,CID550008,Bike,Yeshwanthpur,Langford Town,196.0,75.0,Not Applicable,Not Applicable,No,Not Applicable,312,UPI,27,4.8,3.1
2024-07-16 06:20:00,CNR4675387378,Driver Not Found,CID203055,Mini,Hennur,Cox Town,,,Not Applicable,Not Applicable,Not Applicable,Not Applicable,1716,Not Applicable,0,,
2024-07-15 01:48:00,CNR8638076336,Success,CID843399,Prime Plus,Electronic City,Kadugodi,119.0,85.0,Not Applicable,Not Applicable,No,Not Applicable,554,Cash,36,3.5,4.7
2024-07-29 06:23:00,CNR8990448700,Canceled by Customer,CID319660,eBike,Whitefield,Sahakar Nagar,,,Driver asked to cancel,Not Applicable,Not Applicable,Not Applicable,122,Not Applicable,0,,
2024-07-21 08:56:00,CNR4374201119,Success,CID532586,eBike,Sahakar Nagar,Chickpet,203.0,65.0,Not Applicable,Not Applicable,No,Not Applicable,2359,UPI,18,4.1,3.8
2024-07-12 16:05:00,CNR1769275932,Success,CID204468,Prime Plus,BTM Layout,Ulsoor,133.0,40.0,Not Applicable,Not Applicable,No,Not Applicable,1455,UPI,34,4.3,3.5
2024-07-08 10:12:00,CNR8747986802,Success,CID366523,Prime Sedan,Vijayanagar,Cox Town,147.0,105.0,Not Applicable,Not Applicable,No,Not Applicable,298,Cash,14,3.1,4.7
2024-07-05 01:29:00,CNR2870698597,Canceled by Driver,CID199905,Prime Plus,Hosur Road,Sahakar Nagar,,,Not Applicable,Customer was coughing/sick,Not Applicable,Not Applicable,431,Not Applicable,0,,
2024-07-30 22:35:00,CNR9470154290,Canceled by Customer,CID140968,Prime Sedan,Koramangala,Devanahalli,,,Driver is not moving towards pickup location,Not Applicable,Not Applicable,Not Applicable,2560,Not Applicable,0,,
2024-07-21 23:31:00,CNR4170287568,Canceled by Customer,CID552518,Mini,Kammanahalli,Malleshwaram,,,Wrong Address,Not Applicable,Not Applicable,Not Applicable,270,Not Applicable,0,,
2024-07-29 11:32:00,CNR6264257657,Success,CID776084,eBike,Ramamurthy Nagar,Bannerghatta Road,63.0,95.0,Not Applicable,Not Applicable,No,Not Applicable,354,UPI,37,4.1,3.9
2024-07-25 10:03:00,CNR6992358457,Canceled by Driver,CID658227,Mini,Tumkur Road,Ramamurthy Nagar,,,Not Applicable,Personal & Car related issue,Not Applicable,Not Applicable,955,Not Applicable,0,,
2024-07-24 06:05:00,CNR5224660545,Success,CID191354,Prime Plus,Banashankari,Mysore Road,280.0,70.0,Not Applicable,Not Applicable,No,Not Applicable,343,UPI,9,3.7,4.3
2024-07-05 21:09:00,CNR5307066783,Success,CID378190,Prime Sedan,Yeshwanthpur,Kammanahalli,112.0,90.0,Not Applicable,Not Applicable,No,Not Applicable,364,UPI,15,4.9,3.4
2024-07-19 00:35:00,CNR4185851800,Canceled by Driver,CID646299,Prime SUV,HSR Layout,Bellandur,,,Not Applicable,Personal & Car related issue,Not Applicable,Not Applicable,1456,Not Applicable,0,,
2024-07-08 17:41:00,CNR6408621957,Success,CID523074,Prime Sedan,Magadi Road,Peenya,70.0,30.0,Not Applicable,Not Applicable,No,Not Applicable,931,UPI,10,4.4,3.3
2024-07-04 11:01:00,CNR7509354951,Canceled by Driver,CID120237,Prime Sedan,Bannerghatta Road,Indiranagar,,,Not Applicable,Customer related issue,Not Applicable,Not Applicable,393,Not Applicable,0,,
2024-07-17 08:08:00,CNR1472522303,Success,CID914079,Mini,Kammanahalli,Kengeri,266.0,80.0,Not Applicable,Not Applicable,Yes,Other Issue,929,Cash,42,3.6,3.3
2024-07-19 05:45:00,CNR8879067128,Success,CID794606,Prime SUV,Tumkur Road,Yelahanka,70.0,130.0,Not Applicable,Not Applicable,No,Not Applicable,333,Cash,15,4.1,3.0
2024-07-11 20:34:00,CNR7388893679,Canceled by Driver,CID207410,Prime Sedan,Koramangala,Richmond Town,,,Not Applicable,Personal & Car related issue,Not Applicable,Not Applicable,149,Not Applicable,0,,
2024-07-20 05:17:00,CNR5583288907,Success,CID158095,Auto,Kengeri,Malleshwaram,126.0,40.0,Not Applicable,Not Applicable,No,Not Applicable,236,UPI,14,3.0,4.6
2024-07-16 17:39:00,CNR4495628662,Canceled by Driver,CID657270,Prime Sedan,Shivajinagar,Sahakar Nagar,,,Not Applicable,Customer was coughing/sick,Not Applicable,Not Applicable,426,Not Applicable,0,,
2024-07-12 23:40:00,CNR8230984528,Success,CID678807,Mini,Richmond Town,HSR Layout,217.0,140.0,Not Applicable,Not Applicable,No,Not Applicable,764,Cash,49,3.4,4.0
2024-07-01 14:38:00,CNR4376593607,Success,CID562080,eBike,Cox Town,Chickpet,287.0,110.0,Not Applicable,Not Applicable,No,Not Applicable,357,UPI,31,4.9,5.0
2024-07-06 07:06:00,CNR4995597384,Success,CID591429,Prime Sedan,Richmond Town,Mysore Road,126.0,130.0,Not Applicable,Not Applicable,No,Not Applicable,108,Cash,25,4.6,3.6
2024-07-02 15:56:00,CNR6999122861,Success,CID231520,Prime Sedan,MG Road,Varthur,56.0,65.0,Not Applicable,Not Applicable,Yes,Vehicle Breakdown,1565,UPI,13,3.1,3.7
2024-07-04 11:44:00,CNR5673119225,Success,CID169567,Bike,Shivajinagar,Electronic City,266.0,30.0,Not Applicable,Not Applicable,No,Not Applicable,706,Cash,40,4.4,3.9
2024-07-09 10:41:00,CNR4100054316,Success,CID112088,Prime Plus,Whitefield,Magadi Road,126.0,145.0,Not Applicable,Not Applicable,No,Not Applicable,109,UPI,25,4.9,3.6
2024-07-29 04:25:00,CNR6657383063,Success,CID591109,Prime Plus,Chamarajpet,Langford Town,42.0,125.0,Not Applicable,Not Applicable,No,Not Applicable,258,Cash,47,4.2,3.2
2024-07-10 04:02:00,CNR9595366620,Canceled by Driver,CID887138,eBike,Ulsoor,Marathahalli,,,Not Applicable,Personal & Car related issue,Not Applicable,Not Applicable,238,Not Applicable,0,,
2024-07-25 16:29:00,CNR2321400147,Success,CID417563,Auto,Shivajinagar,Ramamurthy Nagar,105.0,100.0,Not Applicable,Not Applicable,No,Not Applicable,883,Cash,9,4.0,3.9
2024-07-18 03:16:00,CNR1033702800,Success,CID631386,Prime Sedan,Bellandur,MG Road,182.0,80.0,Not Applicable,Not Applicable,Yes,Other Issue,147,UPI,32,3.5,4.3
2024-07-20 02:03:00,CNR3900900197,Canceled by Customer,CID218475,eBike,Jayanagar,Tumkur Road,,,Change of plans,Not Applicable,Not Applicable,Not Applicable,393,Not Applicable,0,,
2024-07-05 02:26:00,CNR4729472707,Success,CID639695,Bike,Ulsoor,Indiranagar,189.0,100.0,Not Applicable,Not Applicable,No,Not Applicable,260,UPI,29,3.7,4.0
2024-07-04 14:25:00,CNR1989360221,Success,CID597294,eBike,Basavanagudi,Hennur,63.0,100.0,Not Applicable,Not Applicable,No,Not Applicable,342,UPI,18,3.8,4.9
2024-07-06 20:46:00,CNR1480176720,Canceled by Customer,CID587265,Prime SUV,Malleshwaram,MG Road,,,Driver asked to cancel,Not Applicable,Not Applicable,Not Applicable,201,Not Applicable,0,,
2024-07-14 15:31:00,CNR6273110872,Success,CID352223,eBike,Bannerghatta Road,Ramamurthy Nagar,203.0,120.0,Not Applicable,Not Applicable,No,Not Applicable,119,UPI,42,4.5,4.1
2024-07-15 06:31:00,CNR9919012915,Success,CID693197,Auto,Cox Town,Chamarajpet,308.0,90.0,Not Applicable,Not Applicable,No,Not Applicable,2315,UPI,10,4.1,3.5
2024-07-17 06:58:00,CNR3020973310,Success,CID907649,Bike,MG Road,Mysore Road,133.0,95.0,Not Applicable,Not Applicable,No,Not Applicable,339,UPI,19,3.8,4.2
2024-07-24 10:26:00,CNR8247688643,Success,CID515276,Prime SUV,Electronic City,Frazer Town,84.0,140.0,Not Applicable,Not Applicable,No,Not Applicable,469,Cash,11,3.9,4.1
2024-07-16 20:14:00,CNR7092450762,Success,CID653582,Prime Plus,Kammanahalli,Peenya,63.0,135.0,Not Applicable,Not Applicable,No,Not Applicable,940,Cash,19,4.5,3.1
2024-07-23 13:29:00,CNR7875265765,Canceled by Customer,CID952785,Prime SUV,Devanahalli,Kengeri,,,AC is Not working,Not Applicable,Not Applicable,Not Applicable,347,Not Applicable,0,,
2024-07-28 04:39:00,CNR3189900163,Success,CID344927,Auto,Langford Town,Nagarbhavi,49.0,70.0,Not Applicable,Not Applicable,No,Not Applicable,828,UPI,15,4.0,4.1
2024-07-09 01:53:00,CNR8983912954,Success,CID878928,Mini,Richmond Town,Mysore Road,168.0,40.0,Not Applicable,Not Applicable,No,Not Applicable,167,Cash,47,4.9,4.1
2024-07-10 23:55:00,CNR9910537347,Canceled by Driver,CID824541,Auto,Shantinagar,Kengeri,,,Not Applicable,Personal & Car related issue,Not Applicable,Not Applicable,172,Not Applicable,0,,
2024-07-05 21:26:00,CNR7582038372,Success,CID298638,eBike,Peenya,HSR Layout,154.0,115.0,Not Applicable,Not Applicable,No,Not Applicable,2745,UPI,13,3.1,4.6
2024-07-30 11:43:00,CNR3386156892,Success,CID461005,Prime Plus,Shivajinagar,Yeshwanthpur,154.0,110.0,Not Applicable,Not Applicable,No,Not Applicable,653,Cash,45,4.9,3.2
2024-07-05 17:53:00,CNR5588368029,Success,CID610677,eBike,Hennur,Kadugodi,112.0,25.0,Not Applicable,Not Applicable,Yes,Other Issue,267,Cash,22,3.9,3.2
2024-07-12 07:20:00,CNR4727214728,Success,CID235210,Prime SUV,Vijayanagar,MG Road,224.0,25.0,Not Applicable,Not Applicable,No,Not Applicable,771,UPI,4,3.9,3.4
2024-07-14 08:06:00,CNR9368648162,Success,CID448096,Mini,Indiranagar,Chamarajpet,189.0,55.0,Not Applicable,Not Applicable,No,Not Applicable,388,UPI,20,4.6,4.6
2024-07-01 17:54:00,CNR1761974902,Success,CID703808,Mini,JP Nagar,Cox Town,49.0,145.0,Not Applicable,Not Applicable,No,Not Applicable,856,UPI,44,3.8,3.7
2024-07-22 09:11:00,CNR2740469288,Success,CID363723,Prime Sedan,Langford Town,Ramamurthy Nagar,140.0,85.0,Not Applicable,Not Applicable,No,Not Applicable,307,UPI,38,3.7,3.9
2024-07-28 07:06:00,CNR7435091127,Canceled by Customer,CID858860,Bike,MG Road,Majestic,,,Driver is not moving towards pickup location,Not Applicable,Not Applicable,Not Applicable,300,Not Applicable,0,,
2024-07-13 21:14:00,CNR3606073759,Canceled by Driver,CID476198,Prime Sedan,Kadugodi,Indiranagar,,,Not Applicable,Customer related issue,Not Applicable,Not Applicable,590,Not Applicable,0,,
2024-07-30 03:08:00,CNR4802595809,Canceled by Driver,CID219166,eBike,Richmond Town,Rajajinagar,,,Not Applicable,Customer related issue,Not Applicable,Not Applicable,180,Not Applicable,0,,
2024-07-24 12:37:00,CNR8737580652,Success,CID550290,Prime Sedan,Hennur,Hulimavu,56.0,90.0,Not Applicable,Not Applicable,No,Not Applicable,2290,Cash,42,3.4,4.8
2024-07-29 07:17:00,CNR2100483129,Success,CID901239,Bike,Hulimavu,Marathahalli,133.0,40.0,Not Applicable,Not Applicable,No,Not Applicable,454,Cash,2,4.8,4.3
2024-07-27 05:29:00,CNR6840694873,Success,CID358571,eBike,MG Road,Kadugodi,210.0,60.0,Not Applicable,Not Applicable,No,Not Applicable,841,UPI,47,4.1,4.3
2024-07-05 03:03:00,CNR4489111445,Success,CID189193,Prime Sedan,Majestic,Koramangala,168.0,95.0,Not Applicable,Not Applicable,No,Not Applicable,314,Cash,2,4.4,4.3
2024-07-03 15:17:00,CNR9089147713,Success,CID999851,Bike,Langford Town,Padmanabhanagar,147.0,115.0,Not Applicable,Not Applicable,No,Not Applicable,1311,Cash,4,3.3,4.7
2024-07-01 00:06:00,CNR7758635148,Success,CID459435,Prime Sedan,Hulimavu,Padmanabhanagar,182.0,125.0,Not Applicable,Not Applicable,No,Not Applicable,881,Cash,27,3.3,4.6
2024-07-02 15:38:00,CNR7732648626,Success,CID576707,Prime SUV,Whitefield,Koramangala,245.0,90.0,Not Applicable,Not Applicable,No,Not Applicable,401,UPI,29,3.8,4.2
2024-07-11 08:53:00,CNR9307876878,Success,CID213268,Bike,Cox Town,Langford Town,196.0,115.0,Not Applicable,Not Applicable,No,Not Applicable,2466,UPI,21,3.3,3.6
2024-07-13 15:04:00,CNR1864639048,Canceled by Customer,CID769891,Prime Sedan,Peenya,Nagarbhavi,,,Driver asked to cancel,Not Applicable,Not Applicable,Not Applicable,354,Not Applicable,0,,
2024-07-01 17:25:00,CNR2866925874,Canceled by Customer,CID902024,Prime SUV,RT Nagar,Mysore Road,,,Driver is not moving towards pickup location,Not Applicable,Not Applicable,Not Applicable,111,Not Applicable,0,,
2024-07-14 15:42:00,CNR7515227803,Success,CID986350,Bike,Indiranagar,Kammanahalli,210.0,35.0,Not Applicable,Not Applicable,No,Not Applicable,198,Cash,45,3.9,4.1
2024-07-16 20:16:00,CNR8088307671,Canceled by Driver,CID269141,Mini,Hosur Road,MG Road,,,Not Applicable,Customer related issue,Not Applicable,Not Applicable,109,Not Applicable,0,,
2024-07-01 03:47:00,CNR8374383666,Success,CID962309,Mini,Kammanahalli,Chamarajpet,301.0,30.0,Not Applicable,Not Applicable,No,Not Applicable,243,Cash,30,4.0,3.2
2024-07-21 15:46:00,CNR7928249623,Success,CID112507,Bike,Bellandur,Magadi Road,189.0,40.0,Not Applicable,Not Applicable,No,Not Applicable,415,UPI,33,3.5,4.5
2024-07-10 07:54:00,CNR4351298525,Success,CID829720,Auto,BTM Layout,Shantinagar,49.0,100.0,Not Applicable,Not Applicable,No,Not Applicable,139,Cash,1,4.7,4.2
2024-07-09 03:48:00,CNR8610341916,Canceled by Driver,CID556203,Prime Sedan,Kengeri,Sahakar Nagar,,,Not Applicable,Personal & Car related issue,Not Applicable,Not Applicable,596,Not Applicable,0,,
2024-07-14 21:33:00,CNR2213947620,Success,CID909886,eBike,Shantinagar,Nagarbhavi,133.0,90.0,Not Applicable,Not Applicable,No,Not Applicable,2435,UPI,29,3.8,4.2
2024-07-15 10:20:00,CNR6827071009,Canceled by Customer,CID218125,eBike,Kadugodi,Hulimavu,,,Driver asked to cancel,Not Applicable,Not Applicable,Not Applicable,473,Not Applicable,0,,
2024-07-22 06:28:00,CNR3630017357,Success,CID754307,Mini,Nagarbhavi,Malleshwaram,91.0,40.0,Not Applicable,Not Applicable,No,Not Applicable,482,Cash,29,4.5,4.2
2024-07-30 06:59:00,CNR1347216999,Success,CID952372,Mini,Ulsoor,Bellandur,42.0,105.0,Not Applicable,Not Applicable,No,Not Applicable,2839,UPI,1,4.4,4.0
2024-07-19 05:24:00,CNR6260341455,Canceled by Driver,CID440450,Auto,Langford Town,Shantinagar,,,Not Applicable,Personal & Car related issue,Not Applicable,Not Applicable,329,Not Applicable,0,,
2024-07-04 04:18:00,CNR9091167709,Canceled by Driver,CID437449,Mini,Rajarajeshwari Nagar,Malleshwaram,,,Not Applicable,More than permitted people in there,Not Applicable,Not Applicable,952,Not Applicable,0,,
2024-07-16 00:41:00,CNR1904950529,Success,CID608687,eBike,BTM Layout,Marathahalli,175.0,95.0,Not Applicable,Not Applicable,No,Not Applicable,255,UPI,29,4.5,4.5
2024-07-06 16:51:00,CNR8596967792,Success,CID993478,Mini,Ramamurthy Nagar,BTM Layout,168.0,30.0,Not Applicable,Not Applicable,No,Not Applicable,2534,UPI,16,3.6,3.4
2024-07-28 02:53:00,CNR4126151797,Success,CID517239,Prime Sedan,Peenya,Hulimavu,105.0,125.0,Not Applicable,Not Applicable,No,Not Applicable,2743,Cash,42,3.3,4.7
2024-07-09 13:42:00,CNR3258146562,Success,CID215697,eBike,Jayanagar,Chamarajpet,42.0,45.0,Not Applicable,Not Applicable,No,Not Applicable,1940,Cash,46,4.0,4.2
2024-07-04 15:26:00,CNR7296332160,Success,CID656336,Prime Plus,Basavanagudi,Sahakar Nagar,77.0,30.0,Not Applicable,Not Applicable,No,Not Applicable,686,Credit Card,11,3.8,3.0
2024-07-27 01:35:00,CNR4940579641,Success,CID199850,Prime SUV,Devanahalli,Hosur Road,252.0,110.0,Not Applicable,Not Applicable,No,Not Applicable,468,Cash,28,3.0,3.6
2024-07-12 16:21:00,CNR6216991386,Success,CID882069,Prime SUV,Chamarajpet,Cox Town,217.0,80.0,Not Applicable,Not Applicable,No,Not Applicable,188,Cash,38,3.4,4.7
2024-07-11 23:45:00,CNR7106797536,Canceled by Customer,CID233335,eBike,Basavanagudi,JP Nagar,,,Change of plans,Not Applicable,Not Applicable,Not Applicable,131,Not Applicable,0,,
2024-07-06 15:44:00,CNR5656423632,Canceled by Driver,CID552819,Mini,Shantinagar,MG Road,,,Not Applicable,More than permitted people in there,Not Applicable,Not Applicable,377,Not Applicable,0,,
2024-07-23 02:14:00,CNR9730438590,Success,CID817265,Bike,Ulsoor,Bellandur,35.0,95.0,Not Applicable,Not Applicable,No,Not Applicable,435,UPI,24,4.5,3.9
2024-07-10 15:05:00,CNR3547232775,Success,CID488430,Auto,Yeshwanthpur,Rajajinagar,273.0,120.0,Not Applicable,Not Applicable,No,Not Applicable,154,UPI,4,4.9,3.3
2024-07-13 02:17:00,CNR8045817409,Canceled by Driver,CID703586,Mini,Padmanabhanagar,Indiranagar,,,Not Applicable,Customer was coughing/sick,Not Applicable,Not Applicable,287,Not Applicable,0,,
2024-07-06 22:41:00,CNR8046161912,Success,CID617913,Auto,Peenya,Yeshwanthpur,308.0,50.0,Not Applicable,Not Applicable,No,Not Applicable,496,Cash,1,3.9,4.4
2024-07-13 05:34:00,CNR3054968387,Success,CID202350,eBike,Banashankari,Cox Town,203.0,110.0,Not Applicable,Not Applicable,No,Not Applicable,232,Cash,27,4.0,4.3
2024-07-19 17:14:00,CNR8858829601,Success,CID467164,eBike,Whitefield,Basavanagudi,126.0,45.0,Not Applicable,Not Applicable,No,Not Applicable,326,Cash,46,4.8,4.2
2024-07-26 02:58:00,CNR9389871317,Driver Not Found,CID624277,Prime SUV,Ramamurthy Nagar,Peenya,,,Not Applicable,Not Applicable,Not Applicable,Not Applicable,459,Not Applicable,0,,
2024-07-20 03:44:00,CNR2246938178,Success,CID990122,eBike,Richmond Town,Kengeri,224.0,85.0,Not Applicable,Not Applicable,No,Not Applicable,154,UPI,6,3.1,3.3
2024-07-29 23:41:00,CNR4682224014,Canceled by Driver,CID148239,eBike,Chickpet,Bannerghatta Road,,,Not Applicable,Personal & Car related issue,Not Applicable,Not Applicable,360,Not Applicable,0,,
2024-07-17 01:26:00,CNR2585831322,Success,CID298206,Mini,Majestic,Marathahalli,154.0,110.0,Not Applicable,Not Applicable,No,Not Applicable,271,Cash,44,4.3,3.9
2024-07-12 13:06:00,CNR8991207602,Success,CID235627,Bike,JP Nagar,RT Nagar,140.0,70.0,Not Applicable,Not Applicable,No,Not Applicable,110,Cash,14,3.2,4.7
2024-07-18 02:46:00,CNR3226400119,Canceled by Driver,CID309934,eBike,Langford Town,Majestic,,,Not Applicable,More than permitted people in there,Not Applicable,Not Applicable,495,Not Applicable,0,,
2024-07-10 07:09:00,CNR8581039016,Success,CID594427,Prime Sedan,Nagarbhavi,Tumkur Road,301.0,75.0,Not Applicable,Not Applicable,No,Not Applicable,2639,UPI,7,4.2,3.9
2024-07-19 00:53:00,CNR2890406324,Success,CID457179,Bike,MG Road,Langford Town,259.0,95.0,Not Applicable,Not Applicable,No,Not Applicable,2853,UPI,44,4.0,3.4
2024-07-07 23:25:00,CNR3328011391,Canceled by Driver,CID168971,Mini,Peenya,Majestic,,,Not Applicable,Customer related issue,Not Applicable,Not Applicable,158,Not Applicable,0,,
2024-07-25 18:51:00,CNR4316527310,Success,CID585603,Prime Plus,Electronic City,Tumkur Road,217.0,60.0,Not Applicable,Not Applicable,No,Not Applicable,1692,UPI,22,4.7,3.3
2024-07-18 06:53:00,CNR7421217745,Success,CID498417,eBike,Vijayanagar,Nagarbhavi,133.0,140.0,Not Applicable,Not Applicable,No,Not Applicable,466,UPI,22,4.1,4.3
2024-07-18 06:03:00,CNR8944910753,Success,CID339204,Bike,Shivajinagar,Hebbal,161.0,60.0,Not Applicable,Not Applicable,No,Not Applicable,713,Cash,38,3.9,4.2
2024-07-26 19:13:00,CNR7553019131,Success,CID871150,Mini,Rajarajeshwari Nagar,Shantinagar,126.0,135.0,Not Applicable,Not Applicable,No,Not Applicable,180,Cash,7,3.8,3.9
2024-07-23 18:48:00,CNR1277826008,Success,CID268690,Prime SUV,Cox Town,RT Nagar,203.0,55.0,Not Applicable,Not Applicable,No,Not Applicable,426,Cash,17,4.7,4.1
2024-07-06 14:48:00,CNR6874619103,Success,CID666407,Prime Sedan,Rajajinagar,Jayanagar,203.0,60.0,Not Applicable,Not Applicable,No,Not Applicable,441,UPI,28,4.1,4.7
2024-07-04 13:57:00,CNR3942108242,Success,CID107294,Prime Plus,Hosur Road,Cox Town,70.0,70.0,Not Applicable,Not Applicable,No,Not Applicable,335,UPI,6,3.7,4.7
2024-07-21 08:11:00,CNR2145101296,Canceled by Driver,CID302401,Prime Plus,Banashankari,RT Nagar,,,Not Applicable,More than permitted people in there,Not Applicable,Not Applicable,353,Not Applicable,0,,
2024-07-12 10:19:00,CNR4960263661,Driver Not Found,CID218579,Prime Sedan,Banashankari,Varthur,,,Not Applicable,Not Applicable,Not Applicable,Not Applicable,402,Not Applicable,0,,
2024-07-28 18:21:00,CNR2278147681,Success,CID734442,Prime Plus,Kammanahalli,Shivajinagar,119.0,30.0,Not Applicable,Not Applicable,No,Not Applicable,437,UPI,1,3.6,3.2
2024-07-19 00:23:00,CNR9392190036,Success,CID945879,eBike,Ramamurthy Nagar,Bannerghatta Road,119.0,125.0,Not Applicable,Not Applicable,No,Not Applicable,182,UPI,46,4.7,3.8
2024-07-11 21:58:00,CNR6607524282,Canceled by Driver,CID822765,Mini,Marathahalli,Varthur,,,Not Applicable,Personal & Car related issue,Not Applicable,Not Applicable,333,Not Applicable,0,,
2024-07-07 00:23:00,CNR2656804666,Success,CID548568,Prime Sedan,Yeshwanthpur,Koramangala,63.0,60.0,Not Applicable,Not Applicable,No,Not Applicable,2816,UPI,10,3.5,4.1
2024-07-06 20:58:00,CNR5001913016,Success,CID394679,Mini,BTM Layout,Kadugodi,126.0,145.0,Not Applicable,Not Applicable,No,Not Applicable,437,Cash,11,4.5,3.1
2024-07-02 01:45:00,CNR4591502839,Success,CID619504,Prime Plus,Shivajinagar,Sarjapur Road,56.0,25.0,Not Applicable,Not Applicable,No,Not Applicable,446,Credit Card,12,3.9,4.6
2024-07-19 23:21:00,CNR5482906032,Canceled by Driver,CID593164,Bike,Nagarbhavi,MG Road,,,Not Applicable,More than permitted people in there,Not Applicable,Not Applicable,359,Not Applicable,0,,
2024-07-15 23:13:00,CNR4644498580,Success,CID248549,Auto,Hulimavu,Sarjapur Road,238.0,35.0,Not Applicable,Not Applicable,No,Not Applicable,439,Cash,13,4.3,5.0
2024-07-14 21:08:00,CNR3514803758,Success,CID325886,Prime Sedan,Richmond Town,Langford Town,154.0,75.0,Not Applicable,Not Applicable,No,Not Applicable,1068,UPI,25,3.5,4.5
2024-07-11 01:32:00,CNR2912913951,Success,CID232778,Mini,Magadi Road,Kadugodi,203.0,45.0,Not Applicable,Not Applicable,No,Not Applicable,492,Credit Card,44,4.6,3.1
2024-07-12 09:57:00,CNR5478404291,Success,CID796848,Auto,Padmanabhanagar,Ramamurthy Nagar,126.0,30.0,Not Applicable,Not Applicable,No,Not Applicable,135,Cash,13,4.3,3.8
2024-07-26 01:09:00,CNR4132953335,Canceled by Driver,CID442813,Bike,Hosur Road,Varthur,,,Not Applicable,Customer was coughing/sick,Not Applicable,Not Applicable,684,Not Applicable,0,,
2024-07-20 08:27:00,CNR2191016860,Success,CID417524,Bike,HSR Layout,Shivajinagar,70.0,50.0,Not Applicable,Not Applicable,No,Not Applicable,787,UPI,45,4.1,4.5
2024-07-03 10:32:00,CNR8118982957,Success,CID603499,Mini,Tumkur Road,Bannerghatta Road,182.0,25.0,Not Applicable,Not Applicable,No,Not Applicable,103,Cash,41,3.4,3.7
2024-07-15 14:36:00,CNR3179446401,Driver Not Found,CID482880,Prime Plus,Chamarajpet,Langford Town,,,Not Applicable,Not Applicable,Not Applicable,Not Applicable,197,Not Applicable,0,,
2024-07-16 21:07:00,CNR2224433336,Success,CID211057,eBike,Sahakar Nagar,Magadi Road,175.0,75.0,Not Applicable,Not Applicable,No,Not Applicable,326,Cash,41,3.9,3.8
2024-07-22 21:27:00,CNR3898168374,Success,CID346999,Prime SUV,HSR Layout,HSR Layout,245.0,35.0,Not Applicable,Not Applicable,No,Not Applicable,333,Cash,4,3.3,4.2
2024-07-05 02:56:00,CNR9181332365,Canceled by Driver,CID903420,Prime SUV,Devanahalli,Kengeri,,,Not Applicable,Customer was coughing/sick,Not Applicable,Not Applicable,667,Not Applicable,0,,
2024-07-01 03:30:00,CNR6770331983,Success,CID957887,Prime Plus,Vijayanagar,Chickpet,70.0,145.0,Not Applicable,Not Applicable,No,Not Applicable,115,Cash,1,4.4,3.5
2024-07-27 00:33:00,CNR8851335904,Success,CID840879,Prime SUV,Bellandur,Jayanagar,231.0,130.0,Not Applicable,Not Applicable,No,Not Applicable,223,Cash,36,4.3,3.6
2024-07-14 10:34:00,CNR9285472378,Canceled by Driver,CID657975,Mini,Mysore Road,Indiranagar,,,Not Applicable,Personal & Car related issue,Not Applicable,Not Applicable,421,Not Applicable,0,,
2024-07-17 01:13:00,CNR7399789465,Success,CID525568,Prime Sedan,Malleshwaram,Hosur Road,161.0,30.0,Not Applicable,Not Applicable,No,Not Applicable,278,Cash,44,4.5,4.8
2024-07-12 18:06:00,CNR6389753238,Canceled by Customer,CID503976,Prime Sedan,Whitefield,Bannerghatta Road,,,Driver is not moving towards pickup location,Not Applicable,Not Applicable,Not Applicable,332,Not Applicable,0,,
2024-07-24 17:40:00,CNR2335639637,Success,CID561740,Prime Sedan,BTM Layout,Hennur,245.0,115.0,Not Applicable,Not Applicable,Yes,Customer Demand,145,Cash,35,4.9,3.9
2024-07-20 07:56:00,CNR2380460386,Success,CID158656,Prime Plus,MG Road,Hebbal,105.0,145.0,Not Applicable,Not Applicable,Yes,Vehicle Breakdown,619,Cash,40,3.2,4.8
2024-07-28 11:06:00,CNR9226488587,Canceled by Driver,CID770817,eBike,Yelahanka,Shivajinagar,,,Not Applicable,Customer was coughing/sick,Not Applicable,Not Applicable,2589,Not Applicable,0,,
2024-07-11 18:18:00,CNR2067834527,Success,CID388905,Prime SUV,Sahakar Nagar,Hosur Road,287.0,80.0,Not Applicable,Not Applicable,No,Not Applicable,218,Cash,14,4.1,3.3
2024-07-06 07:48:00,CNR9679780781,Success,CID233373,Bike,Jayanagar,Ulsoor,196.0,60.0,Not Applicable,Not Applicable,Yes,Customer Demand,940,UPI,37,4.7,4.5
2024-07-15 03:55:00,CNR9372408171,Canceled by Customer,CID133825,Prime Plus,RT Nagar,Tumkur Road,,,Change of plans,Not Applicable,Not Applicable,Not Applicable,917,Not Applicable,0,,
2024-07-14 09:38:00,CNR3104082875,Success,CID945630,Mini,Sahakar Nagar,Sahakar Nagar,77.0,135.0,Not Applicable,Not Applicable,No,Not Applicable,411,Cash,40,3.6,3.9
2024-07-01 22:01:00,CNR7307971502,Success,CID770273,Bike,Nagarbhavi,Shantinagar,168.0,45.0,Not Applicable,Not Applicable,No,Not Applicable,400,Cash,14,4.3,4.2
2024-07-29 19:57:00,CNR6573129077,Success,CID256340,Mini,Varthur,Banashankari,266.0,100.0,Not Applicable,Not Applicable,No,Not Applicable,572,Cash,42,3.1,3.0
2024-07-28 16:51:00,CNR8855647140,Success,CID583334,Auto,Kammanahalli,Varthur,259.0,65.0,Not Applicable,Not Applicable,No,Not Applicable,222,UPI,7,3.3,4.0
2024-07-14 11:06:00,CNR5446456473,Driver Not Found,CID653705,Bike,Nagarbhavi,Chamarajpet,,,Not Applicable,Not Applicable,Not Applicable,Not Applicable,1297,Not Applicable,0,,
2024-07-25 18:20:00,CNR3474441567,Success,CID887576,Prime Sedan,Hennur,Devanahalli,224.0,105.0,Not Applicable,Not Applicable,Yes,Customer Demand,136,Cash,38,3.9,4.1
2024-07-20 14:41:00,CNR1188898684,Canceled by Driver,CID363978,Auto,MG Road,JP Nagar,,,Not Applicable,Customer was coughing/sick,Not Applicable,Not Applicable,359,Not Applicable,0,,
2024-07-25 06:46:00,CNR4800212004,Success,CID794084,Mini,Mysore Road,Hosur Road,140.0,135.0,Not Applicable,Not Applicable,No,Not Applicable,923,Cash,22,3.9,3.0
2024-07-13 15:51:00,CNR9017516182,Success,CID594581,Mini,Mysore Road,BTM Layout,56.0,50.0,Not Applicable,Not Applicable,Yes,Vehicle Breakdown,354,UPI,32,4.4,3.7
2024-07-27 13:51:00,CNR5360651915,Success,CID949227,Prime SUV,Banashankari,Sarjapur Road,63.0,135.0,Not Applicable,Not Applicable,No,Not Applicable,509,Cash,45,3.0,4.6
2024-07-13 05:57:00,CNR1854751741,Success,CID636745,Bike,Kadugodi,Ulsoor,308.0,140.0,Not Applicable,Not Applicable,No,Not Applicable,395,Cash,36,3.6,4.9
2024-07-29 15:49:00,CNR5802027820,Driver Not Found,CID634260,eBike,Devanahalli,Nagarbhavi,,,Not Applicable,Not Applicable,Not Applicable,Not Applicable,322,Not Applicable,0,,
2024-07-12 12:14:00,CNR2910807357,Success,CID793888,Prime Plus,Indiranagar,Electronic City,308.0,30.0,Not Applicable,Not Applicable,No,Not Applicable,803,Credit Card,15,3.4,3.8
2024-07-14 11:00:00,CNR2070585094,Canceled by Driver,CID601074,Prime SUV,RT Nagar,Ramamurthy Nagar,,,Not Applicable,Customer related issue,Not Applicable,Not Applicable,464,Not Applicable,0,,
2024-07-01 20:45:00,CNR4250641270,Success,CID383622,Prime SUV,Koramangala,Varthur,112.0,75.0,Not Applicable,Not Applicable,No,Not Applicable,425,Cash,7,3.1,4.8
2024-07-19 23:50:00,CNR7655925314,Success,CID923838,Mini,Rajajinagar,JP Nagar,56.0,90.0,Not Applicable,Not Applicable,No,Not Applicable,195,UPI,10,3.4,4.1
2024-07-21 06:35:00,CNR9572919516,Canceled by Customer,CID835947,Mini,Rajarajeshwari Nagar,Cox Town,,,Driver asked to cancel,Not Applicable,Not Applicable,Not Applicable,830,Not Applicable,0,,
2024-07-18 18:03:00,CNR5232513433,Success,CID693658,Auto,Sarjapur Road,KR Puram,308.0,100.0,Not Applicable,Not Applicable,No,Not Applicable,756,Cash,13,3.5,3.9
2024-07-10 05:31:00,CNR8911068869,Canceled by Driver,CID201702,Prime SUV,Electronic City,RT Nagar,,,Not Applicable,Personal & Car related issue,Not Applicable,Not Applicable,2660,Not Applicable,0,,
2024-07-03 04:45:00,CNR3933551779,Canceled by Customer,CID407806,Prime Plus,Magadi Road,Magadi Road,,,Driver is not moving towards pickup location,Not Applicable,Not Applicable,Not Applicable,161,Not Applicable,0,,
2024-07-27 19:50:00,CNR7704830149,Success,CID224613,Bike,Hebbal,Mysore Road,91.0,100.0,Not Applicable,Not Applicable,No,Not Applicable,850,UPI,18,4.8,3.9
2024-07-25 02:38:00,CNR8074675583,Success,CID324334,Prime Plus,Nagarbhavi,Shantinagar,98.0,55.0,Not Applicable,Not Applicable,No,Not Applicable,453,Cash,3,3.4,3.6
2024-07-30 01:50:00,CNR8419154397,Success,CID121208,Prime SUV,Nagarbhavi,Hosur Road,56.0,70.0,Not Applicable,Not Applicable,No,Not Applicable,666,UPI,20,4.0,3.9
2024-07-27 17:00:00,CNR6242419988,Success,CID781925,Mini,Nagarbhavi,Basavanagudi,147.0,25.0,Not Applicable,Not Applicable,No,Not Applicable,472,UPI,2,3.2,4.2
2024-07-28 23:07:00,CNR9927334819,Success,CID924160,Bike,Kengeri,Rajarajeshwari Nagar,42.0,70.0,Not Applicable,Not Applicable,No,Not Applicable,129,UPI,36,4.1,4.0
2024-07-12 03:22:00,CNR7706625233,Driver Not Found,CID285705,eBike,Richmond Town,Mysore Road,,,Not Applicable,Not Applicable,Not Applicable,Not Applicable,469,Not Applicable,0,,
2024-07-10 11:28:00,CNR3235572167,Success,CID407641,Mini,Richmond Town,Cox Town,140.0,55.0,Not Applicable,Not Applicable,No,Not Applicable,360,Cash,19,3.6,4.4
2024-07-20 10:17:00,CNR8945489147,Canceled by Driver,CID885288,eBike,Shivajinagar,Bannerghatta Road,,,Not Applicable,Customer was coughing/sick,Not Applicable,Not Applicable,448,Not Applicable,0,,
2024-07-29 14:28:00,CNR1936220364,Canceled by Driver,CID128487,Prime Plus,MG Road,Indiranagar,,,Not Applicable,Personal & Car related issue,Not Applicable,Not Applicable,670,Not Applicable,0,,
2024-07-04 06:59:00,CNR7876159769,Success,CID230302,eBike,Indiranagar,Indiranagar,98.0,85.0,Not Applicable,Not Applicable,No,Not Applicable,405,UPI,1,4.4,3.4
2024-07-04 14:30:00,CNR4143056281,Success,CID360806,eBike,Rajarajeshwari Nagar,Frazer Town,154.0,85.0,Not Applicable,Not Applicable,No,Not Applicable,593,Cash,40,4.3,3.7
2024-07-04 16:57:00,CNR7693495932,Success,CID364962,Prime SUV,Sahakar Nagar,Malleshwaram,98.0,115.0,Not Applicable,Not Applicable,No,Not Applicable,191,Cash,47,3.9,4.4
2024-07-05 15:37:00,CNR8559971885,Success,CID721893,Prime Sedan,Hennur,Langford Town,84.0,125.0,Not Applicable,Not Applicable,No,Not Applicable,363,Cash,16,4.4,4.3
2024-07-18 01:38:00,CNR3723111955,Canceled by Driver,CID633042,Mini,Malleshwaram,Hulimavu,,,Not Applicable,Personal & Car related issue,Not Applicable,Not Applicable,426,Not Applicable,0,,
2024-07-12 08:32:00,CNR1449470310,Success,CID485397,Auto,Frazer Town,MG Road,98.0,50.0,Not Applicable,Not Applicable,Yes,Other Issue,169,Cash,18,3.2,3.5
2024-07-24 06:57:00,CNR6866571934,Success,CID659535,Prime Sedan,MG Road,Varthur,119.0,95.0,Not Applicable,Not Applicable,No,Not Applicable,1283,UPI,24,4.9,4.2
2024-07-09 22:33:00,CNR2351903077,Success,CID762350,Prime Sedan,Koramangala,Banashankari,294.0,30.0,Not Applicable,Not Applicable,No,Not Applicable,161,Cash,32,4.5,4.2
2024-07-11 17:33:00,CNR1739539912,Success,CID636673,Auto,Hebbal,Chickpet,77.0,35.0,Not Applicable,Not Applicable,No,Not Applicable,275,Credit Card,17,4.8,4.8
2024-07-04 05:41:00,CNR5476372732,Canceled by Driver,CID254590,Prime Plus,Richmond Town,Kengeri,,,Not Applicable,Personal & Car related issue,Not Applicable,Not Applicable,863,Not Applicable,0,,
2024-07-15 22:47:00,CNR3639649540,Success,CID268733,Mini,Electronic City,Marathahalli,266.0,60.0,Not Applicable,Not Applicable,No,Not Applicable,165,Cash,42,4.1,3.1
2024-07-10 09:43:00,CNR1737687414,Canceled by Customer,CID278829,eBike,Rajarajeshwari Nagar,Peenya,,,Driver is not moving towards pickup location,Not Applicable,Not Applicable,Not Applicable,696,Not Applicable,0,,
2024-07-13 10:03:00,CNR1816337616,Success,CID748043,Prime SUV,Cox Town,Tumkur Road,77.0,30.0,Not Applicable,Not Applicable,Yes,Customer Demand,141,Credit Card,17,3.2,4.0
2024-07-18 00:10:00,CNR9976969042,Canceled by Driver,CID479770,Mini,Mysore Road,Chickpet,,,Not Applicable,More than permitted people in there,Not Applicable,Not Applicable,1975,Not Applicable,0,,
2024-07-14 17:13:00,CNR7515504389,Success,CID386310,eBike,Sahakar Nagar,Shivajinagar,70.0,110.0,Not Applicable,Not Applicable,No,Not Applicable,105,Cash,33,3.1,3.5
2024-07-10 05:20:00,CNR1041533302,Canceled by Driver,CID268989,Prime SUV,MG Road,Bellandur,,,Not Applicable,Customer related issue,Not Applicable,Not Applicable,1741,Not Applicable,0,,
2024-07-15 07:18:00,CNR9211370631,Success,CID215776,Prime Plus,Kammanahalli,Vijayanagar,84.0,75.0,Not Applicable,Not Applicable,No,Not Applicable,144,Cash,2,3.3,3.6
2024-07-10 02:04:00,CNR5290612185,Success,CID539954,Prime SUV,Banashankari,Yeshwanthpur,154.0,45.0,Not Applicable,Not Applicable,No,Not Applicable,333,Credit Card,33,4.8,4.4
2024-07-28 13:53:00,CNR6109970930,Success,CID944561,eBike,Cox Town,Bellandur,56.0,35.0,Not Applicable,Not Applicable,No,Not Applicable,417,Cash,7,3.1,4.5
2024-07-26 12:04:00,CNR4386744877,Canceled by Driver,CID802140,Auto,Kadugodi,Majestic,,,Not Applicable,Personal & Car related issue,Not Applicable,Not Applicable,371,Not Applicable,0,,
2024-07-10 20:00:00,CNR9738111421,Success,CID408002,Bike,Malleshwaram,Hebbal,154.0,70.0,Not Applicable,Not Applicable,No,Not Applicable,123,Cash,32,4.9,4.3
2024-07-21 03:32:00,CNR3872657882,Canceled by Customer,CID666037,Prime Sedan,Langford Town,Koramangala,,,AC is Not working,Not Applicable,Not Applicable,Not Applicable,2985,Not Applicable,0,,
2024-07-28 20:56:00,CNR7639768240,Success,CID934976,Prime Plus,Richmond Town,Hosur Road,294.0,40.0,Not Applicable,Not Applicable,No,Not Applicable,2444,UPI,43,4.0,4.8
2024-07-01 11:11:00,CNR6278660211,Success,CID832229,Bike,BTM Layout,Hosur Road,203.0,105.0,Not Applicable,Not Applicable,No,Not Applicable,2814,UPI,37,4.5,3.7
2024-07-30 12:42:00,CNR6151882815,Driver Not Found,CID397535,Bike,Langford Town,Hennur,,,Not Applicable,Not Applicable,Not Applicable,Not Applicable,270,Not Applicable,0,,
2024-07-07 13:38:00,CNR6446703274,Success,CID152257,Bike,Langford Town,Shantinagar,49.0,130.0,Not Applicable,Not Applicable,No,Not Applicable,387,Cash,48,4.0,4.6
2024-07-03 19:55:00,CNR6964092598,Canceled by Driver,CID642637,eBike,Whitefield,Indiranagar,,,Not Applicable,Personal & Car related issue,Not Applicable,Not Applicable,857,Not Applicable,0,,
2024-07-25 13:15:00,CNR9258677835,Success,CID165328,Auto,Majestic,Vijayanagar,308.0,90.0,Not Applicable,Not Applicable,No,Not Applicable,398,Cash,1,4.6,3.1
2024-07-25 00:06:00,CNR7688466473,Success,CID478013,eBike,KR Puram,Bellandur,133.0,120.0,Not Applicable,Not Applicable,No,Not Applicable,125,UPI,18,4.3,4.0
2024-07-05 17:10:00,CNR8840812410,Success,CID887366,eBike,Magadi Road,Chickpet,161.0,85.0,Not Applicable,Not Applicable,No,Not Applicable,160,Cash,32,4.4,4.3
2024-07-24 04:33:00,CNR8287441160,Success,CID988245,Prime SUV,Padmanabhanagar,Chickpet,210.0,130.0,Not Applicable,Not Applicable,No,Not Applicable,439,Cash,12,3.1,4.2
2024-07-06 13:26:00,CNR1517758028,Success,CID661181,eBike,Kengeri,Shantinagar,140.0,95.0,Not Applicable,Not Applicable,No,Not Applicable,162,UPI,23,3.8,4.2
2024-07-08 06:52:00,CNR2862285878,Canceled by Driver,CID556110,Bike,Devanahalli,Cox Town,,,Not Applicable,Personal & Car related issue,Not Applicable,Not Applicable,189,Not Applicable,0,,
2024-07-12 07:37:00,CNR6194047113,Canceled by Driver,CID604643,Prime Sedan,Nagarbhavi,Bellandur,,,Not Applicable,Customer related issue,Not Applicable,Not Applicable,698,Not Applicable,0,,
2024-07-11 10:34:00,CNR1631884458,Driver Not Found,CID521349,Bike,Hennur,Mysore Road,,,Not Applicable,Not Applicable,Not Applicable,Not Applicable,347,Not Applicable,0,,
2024-07-05 17:27:00,CNR1194494343,Success,CID225259,Bike,Varthur,Sahakar Nagar,49.0,90.0,Not Applicable,Not Applicable,No,Not Applicable,141,UPI,17,3.7,4.7
2024-07-28 14:44:00,CNR7181041801,Driver Not Found,CID996322,eBike,Indiranagar,BTM Layout,,,Not Applicable,Not Applicable,Not Applicable,Not Applicable,957,Not Applicable,0,,
2024-07-19 17:17:00,CNR9581522410,Canceled by Driver,CID370420,eBike,Padmanabhanagar,Langford Town,,,Not Applicable,More than permitted people in there,Not Applicable,Not Applicable,208,Not Applicable,0,,
2024-07-01 20:34:00,CNR5568634728,Success,CID490520,eBike,Kammanahalli,Magadi Road,63.0,65.0,Not Applicable,Not Applicable,No,Not Applicable,297,Cash,31,3.1,3.7
2024-07-15 03:15:00,CNR4015122606,Success,CID922429,Mini,Yelahanka,Shivajinagar,196.0,30.0,Not Applicable,Not Applicable,No,Not Applicable,197,UPI,19,4.6,3.4
2024-07-17 06:07:00,CNR9031715661,Canceled by Driver,CID819626,Mini,Hosur Road,Kengeri,,,Not Applicable,Customer was coughing/sick,Not Applicable,Not Applicable,629,Not Applicable,0,,
2024-07-08 18:06:00,CNR4442828820,Canceled by Customer,CID163782,Mini,HSR Layout,Langford Town,,,Driver asked to cancel,Not Applicable,Not Applicable,Not Applicable,150,Not Applicable,0,,
2024-07-18 21:29:00,CNR7144907375,Success,CID546315,Prime Plus,Hosur Road,Nagarbhavi,133.0,130.0,Not Applicable,Not Applicable,No,Not Applicable,335,UPI,3,4.6,4.5
2024-07-19 22:03:00,CNR3421420328,Canceled by Customer,CID296394,Prime SUV,KR Puram,KR Puram,,,AC is Not working,Not Applicable,Not Applicable,Not Applicable,396,Not Applicable,0,,
2024-07-30 05:13:00,CNR5204819579,Success,CID140604,Prime Plus,Kengeri,Bellandur,70.0,145.0,Not Applicable,Not Applicable,No,Not Applicable,248,Cash,46,3.2,3.1
2024-07-28 08:11:00,CNR9059956615,Success,CID917936,Bike,Kengeri,Hosur Road,238.0,135.0,Not Applicable,Not Applicable,No,Not Applicable,467,Cash,19,4.3,4.7
2024-07-22 01:39:00,CNR4394238945,Driver Not Found,CID698100,Mini,Kammanahalli,Frazer Town,,,Not Applicable,Not Applicable,Not Applicable,Not Applicable,931,Not Applicable,0,,
2024-07-16 16:09:00,CNR3357451104,Canceled by Customer,CID575037,Auto,Hosur Road,Electronic City,,,Driver is not moving towards pickup location,Not Applicable,Not Applicable,Not Applicable,212,Not Applicable,0,,
2024-07-18 15:57:00,CNR6399545479,Success,CID656911,Mini,Bellandur,Devanahalli,91.0,75.0,Not Applicable,Not Applicable,No,Not Applicable,494,Cash,25,4.7,4.7
2024-07-16 03:52:00,CNR9716199292,Canceled by Customer,CID630183,Prime Plus,Shantinagar,Hebbal,,,Driver is not moving towards pickup location,Not Applicable,Not Applicable,Not Applicable,547,Not Applicable,0,,
2024-07-10 23:40:00,CNR8848284213,Success,CID567377,eBike,Shantinagar,Devanahalli,231.0,30.0,Not Applicable,Not Applicable,No,Not Applicable,2256,UPI,43,4.1,4.5
2024-07-22 11:42:00,CNR6988863860,Success,CID377123,eBike,Ulsoor,Jayanagar,252.0,45.0,Not Applicable,Not Applicable,No,Not Applicable,1546,Cash,2,3.7,3.9
2024-07-04 09:50:00,CNR3391215152,Success,CID368002,Bike,Koramangala,Sahakar Nagar,259.0,60.0,Not Applicable,Not Applicable,No,Not Applicable,428,Cash,39,4.1,3.6
2024-07-22 02:35:00,CNR7705244614,Driver Not Found,CID121531,Auto,Yelahanka,Ramamurthy Nagar,,,Not Applicable,Not Applicable,Not Applicable,Not Applicable,826,Not Applicable,0,,
2024-07-13 14:55:00,CNR4696665295,Canceled by Driver,CID601606,Mini,Devanahalli,Devanahalli,,,Not Applicable,Customer was coughing/sick,Not Applicable,Not Applicable,478,Not Applicable,0,,
2024-07-11 00:47:00,CNR5002428835,Success,CID699206,Prime SUV,Mysore Road,Kadugodi,70.0,70.0,Not Applicable,Not Applicable,No,Not Applicable,309,Cash,41,4.2,4.7
2024-07-19 10:00:00,CNR4579190498,Canceled by Driver,CID948322,Prime SUV,Malleshwaram,Yeshwanthpur,,,Not Applicable,Customer related issue,Not Applicable,Not Applicable,229,Not Applicable,0,,
2024-07-30 11:46:00,CNR9862081062,Canceled by Driver,CID696403,Prime Sedan,Marathahalli,RT Nagar,,,Not Applicable,Customer was coughing/sick,Not Applicable,Not Applicable,469,Not Applicable,0,,
2024-07-05 23:49:00,CNR9680371643,Success,CID449596,Prime Sedan,Magadi Road,Electronic City,203.0,145.0,Not Applicable,Not Applicable,No,Not Applicable,500,Cash,6,3.4,3.4
2024-07-06 23:39:00,CNR2072531200,Success,CID175819,Mini,Whitefield,JP Nagar,245.0,145.0,Not Applicable,Not Applicable,No,Not Applicable,202,UPI,32,4.4,3.0
2024-07-15 09:41:00,CNR2814136122,Success,CID524404,Auto,Ulsoor,Richmond Town,266.0,40.0,Not Applicable,Not Applicable,No,Not Applicable,359,UPI,14,4.6,3.6
2024-07-28 05:24:00,CNR3065079002,Success,CID691988,Bike,Hebbal,Electronic City,35.0,75.0,Not Applicable,Not Applicable,No,Not Applicable,151,Cash,36,4.3,4.7
2024-07-29 08:19:00,CNR9666667677,Success,CID303515,eBike,Frazer Town,Kadugodi,112.0,25.0,Not Applicable,Not Applicable,No,Not Applicable,367,UPI,11,3.7,3.7
2024-07-02 16:03:00,CNR4787504390,Success,CID329057,eBike,Whitefield,Sahakar Nagar,147.0,105.0,Not Applicable,Not Applicable,No,Not Applicable,403,UPI,28,3.0,4.4
2024-07-12 09:06:00,CNR3852979191,Canceled by Driver,CID848120,Prime SUV,Hennur,Yeshwanthpur,,,Not Applicable,Customer related issue,Not Applicable,Not Applicable,1025,Not Applicable,0,,
2024-07-17 05:51:00,CNR5948124499,Success,CID347666,Bike,Yeshwanthpur,Majestic,238.0,70.0,Not Applicable,Not Applicable,No,Not Applicable,498,UPI,7,3.9,4.3
2024-07-02 22:43:00,CNR5192494318,Success,CID190519,eBike,Hulimavu,Kammanahalli,196.0,30.0,Not Applicable,Not Applicable,No,Not Applicable,605,UPI,27,4.1,4.3
2024-07-30 14:01:00,CNR2315753362,Success,CID168405,eBike,Magadi Road,Shivajinagar,252.0,60.0,Not Applicable,Not Applicable,No,Not Applicable,373,Cash,13,3.2,3.6
2024-07-16 08:18:00,CNR3057317392,Success,CID739029,Bike,HSR Layout,Sahakar Nagar,133.0,105.0,Not Applicable,Not Applicable,No,Not Applicable,280,Cash,22,3.7,4.1
2024-07-13 03:00:00,CNR7125459057,Success,CID949554,Auto,Vijayanagar,Nagarbhavi,189.0,35.0,Not Applicable,Not Applicable,No,Not Applicable,1552,UPI,3,4.1,4.5
2024-07-23 06:22:00,CNR8431359999,Success,CID378821,eBike,Varthur,Chickpet,91.0,125.0,Not Applicable,Not Applicable,No,Not Applicable,339,UPI,2,4.7,3.2
2024-07-20 23:54:00,CNR6231640020,Success,CID176570,Bike,Koramangala,Hennur,154.0,130.0,Not Applicable,Not Applicable,No,Not Applicable,689,Cash,5,4.4,3.1
2024-07-15 05:40:00,CNR4806724717,Canceled by Driver,CID174186,Prime Sedan,Hebbal,Indiranagar,,,Not Applicable,Personal & Car related issue,Not Applicable,Not Applicable,499,Not Applicable,0,,
2024-07-08 02:53:00,CNR6455331078,Canceled by Customer,CID308340,Bike,Marathahalli,Ramamurthy Nagar,,,Driver is not moving towards pickup location,Not Applicable,Not Applicable,Not Applicable,431,Not Applicable,0,,
2024-07-17 16:19:00,CNR7061000607,Canceled by Customer,CID582875,Prime SUV,Tumkur Road,Ulsoor,,,Driver is not moving towards pickup location,Not Applicable,Not Applicable,Not Applicable,2663,Not Applicable,0,,
2024-07-28 04:25:00,CNR6695464952,Canceled by Driver,CID876412,Prime Sedan,Sarjapur Road,Kengeri,,,Not Applicable,Customer related issue,Not Applicable,Not Applicable,302,Not Applicable,0,,
2024-07-08 10:45:00,CNR2286738925,Success,CID291823,Bike,Basavanagudi,Mysore Road,308.0,65.0,Not Applicable,Not Applicable,No,Not Applicable,798,Cash,28,4.3,4.4
2024-07-08 16:54:00,CNR6122262380,Success,CID744901,Auto,Yelahanka,Chickpet,49.0,135.0,Not Applicable,Not Applicable,No,Not Applicable,169,Cash,9,4.3,3.7
2024-07-24 11:36:00,CNR4242212692,Success,CID139074,Prime SUV,Mysore Road,Magadi Road,140.0,60.0,Not Applicable,Not Applicable,No,Not Applicable,205,Cash,45,3.9,4.0
2024-07-27 11:58:00,CNR7006578638,Success,CID734556,Auto,Sahakar Nagar,Indiranagar,266.0,40.0,Not Applicable,Not Applicable,No,Not Applicable,744,Cash,9,4.1,4.4
2024-07-11 04:25:00,CNR5762305006,Canceled by Driver,CID420273,Auto,Peenya,Ramamurthy Nagar,,,Not Applicable,Personal & Car related issue,Not Applicable,Not Applicable,428,Not Applicable,0,,
2024-07-03 18:25:00,CNR9854082966,Success,CID388382,eBike,Jayanagar,Chamarajpet,126.0,50.0,Not Applicable,Not Applicable,No,Not Applicable,116,Cash,21,3.9,4.5
2024-07-26 18:11:00,CNR8229852588,Success,CID412610,Prime Sedan,Kammanahalli,Varthur,105.0,35.0,Not Applicable,Not Applicable,Yes,Vehicle Breakdown,266,Cash,39,3.9,3.1
2024-07-28 05:53:00,CNR2872011070,Success,CID204069,eBike,Banashankari,Mysore Road,217.0,90.0,Not Applicable,Not Applicable,No,Not Applicable,247,Credit Card,44,3.3,4.8
2024-07-12 17:22:00,CNR8165060777,Success,CID677292,Prime Plus,Magadi Road,Rajarajeshwari Nagar,238.0,130.0,Not Applicable,Not Applicable,No,Not Applicable,123,UPI,35,5.0,3.5
2024-07-28 20:59:00,CNR3212439804,Success,CID971988,Prime Sedan,Ulsoor,Koramangala,105.0,50.0,Not Applicable,Not Applicable,No,Not Applicable,1611,UPI,49,4.0,3.6
2024-07-12 11:41:00,CNR5444618613,Success,CID848735,Prime SUV,BTM Layout,Banashankari,280.0,140.0,Not Applicable,Not Applicable,No,Not Applicable,839,UPI,2,4.8,3.7
2024-07-11 14:22:00,CNR4086809353,Canceled by Customer,CID213624,Prime SUV,Whitefield,Nagarbhavi,,,Driver is not moving towards pickup location,Not Applicable,Not Applicable,Not Applicable,221,Not Applicable,0,,
2024-07-16 22:08:00,CNR2287085714,Canceled by Customer,CID857843,Bike,KR Puram,KR Puram,,,Driver is not moving towards pickup location,Not Applicable,Not Applicable,Not Applicable,192,Not Applicable,0,,
2024-07-20 07:29:00,CNR8750246171,Success,CID554471,Prime SUV,Varthur,Kammanahalli,245.0,110.0,Not Applicable,Not Applicable,No,Not Applicable,499,Cash,37,3.1,4.4
2024-07-04 09:29:00,CNR9123668580,Success,CID278224,Prime Plus,Magadi Road,Banashankari,42.0,110.0,Not Applicable,Not Applicable,No,Not Applicable,220,UPI,37,4.4,4.6
2024-07-03 16:16:00,CNR6430753270,Success,CID514166,Bike,Hennur,Majestic,231.0,70.0,Not Applicable,Not Applicable,No,Not Applicable,464,Cash,49,4.5,4.2
2024-07-26 05:54:00,CNR3655597785,Canceled by Driver,CID312076,eBike,Bannerghatta Road,HSR Layout,,,Not Applicable,Customer related issue,Not Applicable,Not Applicable,280,Not Applicable,0,,
2024-07-08 20:33:00,CNR6084428555,Success,CID686501,Prime Plus,Yelahanka,Sahakar Nagar,105.0,115.0,Not Applicable,Not Applicable,No,Not Applicable,326,Cash,38,3.5,4.1
2024-07-25 06:06:00,CNR9887585807,Success,CID210098,Bike,Vijayanagar,Yelahanka,252.0,120.0,Not Applicable,Not Applicable,No,Not Applicable,609,Credit Card,14,4.0,4.2
2024-07-25 04:01:00,CNR1728939698,Canceled by Customer,CID337976,Auto,KR Puram,Sahakar Nagar,,,AC is Not working,Not Applicable,Not Applicable,Not Applicable,154,Not Applicable,0,,
2024-07-09 20:09:00,CNR9975375181,Canceled by Driver,CID382957,Bike,Indiranagar,BTM Layout,,,Not Applicable,Personal & Car related issue,Not Applicable,Not Applicable,432,Not Applicable,0,,
2024-07-17 18:13:00,CNR3323464498,Canceled by Customer,CID722916,Prime Plus,Padmanabhanagar,JP Nagar,,,AC is Not working,Not Applicable,Not Applicable,Not Applicable,223,Not Applicable,0,,
2024-07-12 12:00:00,CNR7601376189,Success,CID183582,Bike,Bellandur,Jayanagar,189.0,80.0,Not Applicable,Not Applicable,No,Not Applicable,2031,UPI,20,3.6,3.3
2024-07-22 00:52:00,CNR6317697352,Canceled by Customer,CID252532,Mini,Koramangala,Nagarbhavi,,,AC is Not working,Not Applicable,Not Applicable,Not Applicable,647,Not Applicable,0,,
2024-07-24 21:45:00,CNR6851605033,Success,CID171299,Auto,Rajarajeshwari Nagar,Peenya,301.0,110.0,Not Applicable,Not Applicable,No,Not Applicable,314,Cash,18,4.6,4.1
2024-07-14 14:20:00,CNR8744682834,Success,CID671980,Prime Plus,Indiranagar,Hulimavu,294.0,120.0,Not Applicable,Not Applicable,No,Not Applicable,402,Cash,43,3.1,3.8
2024-07-05 19:55:00,CNR7870734942,Success,CID594545,Prime Sedan,Hosur Road,Jayanagar,63.0,70.0,Not Applicable,Not Applicable,No,Not Applicable,255,UPI,25,4.7,3.1
2024-07-27 10:15:00,CNR8594225653,Success,CID103461,Prime SUV,Hennur,Sahakar Nagar,294.0,75.0,Not Applicable,Not Applicable,No,Not Applicable,393,UPI,5,3.5,3.8
2024-07-18 03:46:00,CNR4345940480,Canceled by Driver,CID803963,Prime SUV,KR Puram,MG Road,,,Not Applicable,Customer related issue,Not Applicable,Not Applicable,286,Not Applicable,0,,
2024-07-15 04:09:00,CNR9846802956,Success,CID784705,Prime Sedan,Yelahanka,Chickpet,70.0,140.0,Not Applicable,Not Applicable,No,Not Applicable,457,Debit Card,18,4.1,3.7
2024-07-13 03:10:00,CNR9048201117,Success,CID566330,Prime SUV,Hosur Road,Tumkur Road,287.0,40.0,Not Applicable,Not Applicable,No,Not Applicable,308,Cash,41,3.4,4.2
2024-07-04 00:22:00,CNR2316340142,Success,CID517226,Bike,Electronic City,Shantinagar,126.0,35.0,Not Applicable,Not Applicable,Yes,Customer Demand,137,Cash,35,4.7,3.3
2024-07-04 09:54:00,CNR8008662969,Success,CID541088,Prime Sedan,Indiranagar,JP Nagar,259.0,125.0,Not Applicable,Not Applicable,No,Not Applicable,286,Cash,28,3.1,4.4
2024-07-19 15:36:00,CNR7172031272,Canceled by Customer,CID867333,Mini,MG Road,Cox Town,,,Driver asked to cancel,Not Applicable,Not Applicable,Not Applicable,359,Not Applicable,0,,
2024-07-24 08:40:00,CNR7685833702,Canceled by Customer,CID749301,Prime Sedan,JP Nagar,Malleshwaram,,,Driver is not moving towards pickup location,Not Applicable,Not Applicable,Not Applicable,310,Not Applicable,0,,
2024-07-26 00:33:00,CNR9504028358,Canceled by Driver,CID916196,Prime Plus,MG Road,Chamarajpet,,,Not Applicable,Customer related issue,Not Applicable,Not Applicable,277,Not Applicable,0,,
2024-07-07 02:28:00,CNR8199553728,Success,CID675444,Mini,Yeshwanthpur,Cox Town,301.0,110.0,Not Applicable,Not Applicable,No,Not Applicable,865,Cash,34,3.1,4.2
2024-07-09 23:34:00,CNR1759415015,Success,CID702520,Prime Sedan,Jayanagar,Rajajinagar,140.0,55.0,Not Applicable,Not Applicable,Yes,Vehicle Breakdown,109,Cash,31,4.4,3.9
2024-07-27 02:26:00,CNR2071291090,Success,CID587613,Bike,Kadugodi,Hebbal,112.0,105.0,Not Applicable,Not Applicable,No,Not Applicable,619,UPI,43,4.1,4.8
2024-07-13 23:34:00,CNR1879380174,Canceled by Driver,CID680314,Bike,Vijayanagar,Yelahanka,,,Not Applicable,Personal & Car related issue,Not Applicable,Not Applicable,226,Not Applicable,0,,
2024-07-20 10:53:00,CNR2640980616,Success,CID710007,Bike,RT Nagar,Whitefield,49.0,145.0,Not Applicable,Not Applicable,No,Not Applicable,2602,UPI,3,3.2,4.9
2024-07-22 16:47:00,CNR5332935776,Success,CID669105,Auto,Rajajinagar,Bellandur,42.0,100.0,Not Applicable,Not Applicable,No,Not Applicable,263,UPI,7,3.3,4.0
2024-07-08 03:58:00,CNR3681428489,Success,CID269509,Bike,Hosur Road,Chickpet,203.0,105.0,Not Applicable,Not Applicable,No,Not Applicable,895,UPI,33,4.2,3.4
2024-07-12 05:54:00,CNR8731079944,Canceled by Driver,CID378983,Prime SUV,Sahakar Nagar,Shivajinagar,,,Not Applicable,Personal & Car related issue,Not Applicable,Not Applicable,688,Not Applicable,0,,
2024-07-25 11:51:00,CNR6360582232,Success,CID318646,Mini,Ramamurthy Nagar,Jayanagar,140.0,120.0,Not Applicable,Not Applicable,No,Not Applicable,178,UPI,16,4.8,3.9
2024-07-21 07:58:00,CNR1607920717,Success,CID304150,Mini,Electronic City,Kengeri,301.0,95.0,Not Applicable,Not Applicable,No,Not Applicable,101,UPI,11,3.6,3.1
2024-07-11 06:26:00,CNR9132133981,Canceled by Customer,CID815937,Prime SUV,Indiranagar,Hosur Road,,,Driver asked to cancel,Not Applicable,Not Applicable,Not Applicable,580,Not Applicable,0,,
2024-07-22 00:07:00,CNR5427166905,Canceled by Customer,CID752287,Auto,BTM Layout,Richmond Town,,,Wrong Address,Not Applicable,Not Applicable,Not Applicable,776,Not Applicable,0,,
2024-07-13 08:38:00,CNR7789015845,Success,CID781721,eBike,Magadi Road,Electronic City,308.0,135.0,Not Applicable,Not Applicable,No,Not Applicable,187,Cash,16,4.8,4.8
2024-07-11 20:30:00,CNR8302598068,Success,CID901508,Prime SUV,Indiranagar,Koramangala,98.0,100.0,Not Applicable,Not Applicable,No,Not Applicable,259,Credit Card,3,3.5,3.3
2024-07-01 14:23:00,CNR9932898189,Success,CID498572,Prime SUV,Electronic City,JP Nagar,154.0,30.0,Not Applicable,Not Applicable,No,Not Applicable,2159,UPI,27,4.8,4.8
2024-07-01 07:31:00,CNR6016883712,Driver Not Found,CID749126,Mini,BTM Layout,Shivajinagar,,,Not Applicable,Not Applicable,Not Applicable,Not Applicable,360,Not Applicable,0,,
2024-07-28 11:41:00,CNR9875159607,Success,CID329578,eBike,Hebbal,Majestic,105.0,55.0,Not Applicable,Not Applicable,No,Not Applicable,825,UPI,46,4.7,4.7
2024-07-18 11:30:00,CNR8992220748,Success,CID465839,Prime SUV,Varthur,Chamarajpet,245.0,100.0,Not Applicable,Not Applicable,No,Not Applicable,168,UPI,35,3.2,3.2
2024-07-10 00:47:00,CNR2458782374,Success,CID221622,eBike,Malleshwaram,Marathahalli,91.0,115.0,Not Applicable,Not Applicable,No,Not Applicable,233,Credit Card,13,4.9,4.0
2024-07-07 05:00:00,CNR1644498022,Canceled by Customer,CID223455,eBike,RT Nagar,Nagarbhavi,,,Driver is not moving towards pickup location,Not Applicable,Not Applicable,Not Applicable,1827,Not Applicable,0,,
2024-07-29 08:58:00,CNR5171332864,Driver Not Found,CID259344,Prime Sedan,RT Nagar,Varthur,,,Not Applicable,Not Applicable,Not Applicable,Not Applicable,301,Not Applicable,0,,
2024-07-21 11:46:00,CNR5558772645,Canceled by Customer,CID713435,Bike,Peenya,Indiranagar,,,Wrong Address,Not Applicable,Not Applicable,Not Applicable,431,Not Applicable,0,,
2024-07-14 03:08:00,CNR9431700686,Canceled by Driver,CID630858,Mini,Marathahalli,Kammanahalli,,,Not Applicable,Customer was coughing/sick,Not Applicable,Not Applicable,169,Not Applicable,0,,
2024-07-08 20:21:00,CNR7371162562,Canceled by Customer,CID787420,Bike,BTM Layout,Ramamurthy Nagar,,,Driver asked to cancel,Not Applicable,Not Applicable,Not Applicable,120,Not Applicable,0,,
2024-07-17 15:08:00,CNR1873115921,Success,CID182621,Mini,Peenya,Hebbal,217.0,65.0,Not Applicable,Not Applicable,No,Not Applicable,310,Cash,4,4.2,4.5
2024-07-21 10:39:00,CNR1274534134,Success,CID142022,Auto,Ramamurthy Nagar,Vijayanagar,259.0,95.0,Not Applicable,Not Applicable,No,Not Applicable,234,Debit Card,14,3.1,3.1
2024-07-13 02:19:00,CNR7097915000,Success,CID211736,eBike,Hosur Road,Bannerghatta Road,238.0,80.0,Not Applicable,Not Applicable,No,Not Applicable,1398,UPI,39,4.5,4.7
2024-07-02 19:14:00,CNR3210768321,Success,CID345369,Mini,JP Nagar,Hulimavu,147.0,55.0,Not Applicable,Not Applicable,No,Not Applicable,2595,Cash,29,3.3,3.3
2024-07-23 22:30:00,CNR4924721535,Success,CID960361,Auto,Kadugodi,Kadugodi,63.0,105.0,Not Applicable,Not Applicable,No,Not Applicable,938,Cash,12,4.0,3.5
2024-07-12 08:31:00,CNR3018397924,Success,CID772986,Prime Plus,Hebbal,Basavanagudi,168.0,30.0,Not Applicable,Not Applicable,No,Not Applicable,542,Cash,33,4.2,3.8
2024-07-24 18:55:00,CNR8783280595,Canceled by Customer,CID550845,Prime Plus,Hosur Road,Hulimavu,,,Driver is not moving towards pickup location,Not Applicable,Not Applicable,Not Applicable,1810,Not Applicable,0,,
2024-07-30 22:39:00,CNR6408353306,Canceled by Driver,CID155827,Prime Sedan,Frazer Town,Majestic,,,Not Applicable,More than permitted people in there,Not Applicable,Not Applicable,403,Not Applicable,0,,
2024-07-22 10:34:00,CNR5702204829,Success,CID123151,Bike,Peenya,Sarjapur Road,308.0,110.0,Not Applicable,Not Applicable,No,Not Applicable,204,Cash,20,3.0,4.9
2024-07-04 12:24:00,CNR5975137748,Success,CID477836,Auto,Hebbal,Devanahalli,231.0,130.0,Not Applicable,Not Applicable,No,Not Applicable,151,UPI,11,4.1,3.9
2024-07-13 01:53:00,CNR7424137957,Success,CID628285,Auto,Sahakar Nagar,Hosur Road,168.0,110.0,Not Applicable,Not Applicable,No,Not Applicable,365,UPI,13,3.2,4.5
2024-07-11 17:07:00,CNR1899908908,Success,CID715700,Bike,Koramangala,Kadugodi,119.0,40.0,Not Applicable,Not Applicable,No,Not Applicable,109,Cash,35,4.5,4.1
2024-07-16 14:35:00,CNR8292400039,Canceled by Driver,CID313382,Auto,Electronic City,Langford Town,,,Not Applicable,Customer was coughing/sick,Not Applicable,Not Applicable,418,Not Applicable,0,,
2024-07-04 19:41:00,CNR3330124209,Canceled by Driver,CID987574,Prime Plus,JP Nagar,Jayanagar,,,Not Applicable,Customer was coughing/sick,Not Applicable,Not Applicable,578,Not Applicable,0,,
2024-07-02 21:30:00,CNR6892023119,Canceled by Driver,CID227885,eBike,Ulsoor,Indiranagar,,,Not Applicable,Customer related issue,Not Applicable,Not Applicable,390,Not Applicable,0,,
2024-07-11 18:12:00,CNR8803707173,Driver Not Found,CID704729,Mini,Koramangala,Banashankari,,,Not Applicable,Not Applicable,Not Applicable,Not Applicable,117,Not Applicable,0,,
2024-07-16 15:48:00,CNR6857487214,Success,CID262281,Auto,Rajarajeshwari Nagar,Rajarajeshwari Nagar,35.0,35.0,Not Applicable,Not Applicable,No,Not Applicable,515,Cash,8,3.1,5.0
2024-07-26 10:15:00,CNR9520152596,Success,CID321390,eBike,Shivajinagar,Banashankari,301.0,120.0,Not Applicable,Not Applicable,No,Not Applicable,102,UPI,15,4.7,3.3
2024-07-13 05:55:00,CNR5384820046,Success,CID287445,Bike,Richmond Town,Bellandur,210.0,45.0,Not Applicable,Not Applicable,No,Not Applicable,178,Cash,14,3.6,3.2
2024-07-28 22:36:00,CNR4814567345,Success,CID672738,Prime Plus,Tumkur Road,Rajarajeshwari Nagar,168.0,70.0,Not Applicable,Not Applicable,No,Not Applicable,456,Cash,23,4.8,3.5
2024-07-03 15:56:00,CNR5055209444,Success,CID470932,Prime Sedan,Ramamurthy Nagar,Whitefield,126.0,120.0,Not Applicable,Not Applicable,No,Not Applicable,229,UPI,45,3.3,3.4
2024-07-05 06:28:00,CNR9272447369,Success,CID716636,Prime Sedan,Chamarajpet,JP Nagar,189.0,115.0,Not Applicable,Not Applicable,No,Not Applicable,158,Cash,30,3.2,4.5
2024-07-12 17:28:00,CNR7529637023,Driver Not Found,CID499157,eBike,Hebbal,JP Nagar,,,Not Applicable,Not Applicable,Not Applicable,Not Applicable,521,Not Applicable,0,,
2024-07-07 02:47:00,CNR8825621876,Canceled by Driver,CID187951,Auto,Malleshwaram,Chamarajpet,,,Not Applicable,Personal & Car related issue,Not Applicable,Not Applicable,284,Not Applicable,0,,
2024-07-27 20:47:00,CNR4492252248,Canceled by Customer,CID194273,Prime SUV,Chamarajpet,KR Puram,,,Wrong Address,Not Applicable,Not Applicable,Not Applicable,621,Not Applicable,0,,
2024-07-04 18:34:00,CNR1943282599,Canceled by Customer,CID259414,Auto,Yeshwanthpur,Banashankari,,,AC is Not working,Not Applicable,Not Applicable,Not Applicable,872,Not Applicable,0,,
2024-07-22 05:32:00,CNR5207944738,Success,CID416101,Auto,Chamarajpet,BTM Layout,210.0,135.0,Not Applicable,Not Applicable,No,Not Applicable,395,Cash,16,4.4,4.6
2024-07-06 05:48:00,CNR8699817305,Success,CID336373,Prime Plus,Shantinagar,JP Nagar,56.0,70.0,Not Applicable,Not Applicable,No,Not Applicable,137,Cash,40,3.8,3.7
2024-07-26 12:13:00,CNR9504521675,Driver Not Found,CID111596,Bike,Peenya,JP Nagar,,,Not Applicable,Not Applicable,Not Applicable,Not Applicable,203,Not Applicable,0,,
2024-07-19 09:50:00,CNR8370885727,Canceled by Customer,CID332784,Auto,Ramamurthy Nagar,Peenya,,,Change of plans,Not Applicable,Not Applicable,Not Applicable,962,Not Applicable,0,,
2024-07-12 09:55:00,CNR6997414457,Success,CID530094,Bike,Yelahanka,Ulsoor,35.0,65.0,Not Applicable,Not Applicable,No,Not Applicable,344,Cash,41,3.6,4.1
2024-07-03 23:48:00,CNR6365723963,Success,CID638078,Prime SUV,Hebbal,Hebbal,266.0,110.0,Not Applicable,Not Applicable,No,Not Applicable,455,UPI,29,3.4,3.3
2024-07-10 03:44:00,CNR2763299858,Driver Not Found,CID216040,Bike,HSR Layout,Malleshwaram,,,Not Applicable,Not Applicable,Not Applicable,Not Applicable,327,Not Applicable,0,,
2024-07-14 08:04:00,CNR2571205340,Success,CID202426,Prime Sedan,Kengeri,Rajajinagar,175.0,100.0,Not Applicable,Not Applicable,No,Not Applicable,354,Cash,39,3.6,4.2
2024-07-15 09:02:00,CNR1072649084,Success,CID385896,Prime SUV,Majestic,Hennur,182.0,75.0,Not Applicable,Not Applicable,No,Not Applicable,131,Cash,43,4.7,4.6
2024-07-17 07:31:00,CNR1696801768,Success,CID573198,Prime SUV,Mysore Road,Tumkur Road,280.0,35.0,Not Applicable,Not Applicable,Yes,Vehicle Breakdown,385,Cash,18,4.5,4.4
2024-07-07 17:42:00,CNR5788125076,Driver Not Found,CID448191,eBike,Malleshwaram,Peenya,,,Not Applicable,Not Applicable,Not Applicable,Not Applicable,188,Not Applicable,0,,
2024-07-27 06:34:00,CNR2030329573,Canceled by Driver,CID859858,Auto,Peenya,Yeshwanthpur,,,Not Applicable,Personal & Car related issue,Not Applicable,Not Applicable,280,Not Applicable,0,,
2024-07-14 03:25:00,CNR1302495262,Driver Not Found,CID887232,Prime SUV,Ulsoor,Hennur,,,Not Applicable,Not Applicable,Not Applicable,Not Applicable,240,Not Applicable,0,,
2024-07-20 15:24:00,CNR1076009063,Success,CID365468,eBike,Malleshwaram,Sarjapur Road,245.0,105.0,Not Applicable,Not Applicable,No,Not Applicable,536,Cash,7,3.2,4.2
2024-07-15 20:51:00,CNR2087528452,Success,CID605761,Bike,Bannerghatta Road,Mysore Road,35.0,45.0,Not Applicable,Not Applicable,No,Not Applicable,822,Cash,48,4.0,3.9
2024-07-27 05:45:00,CNR8741657848,Success,CID842514,Prime Sedan,Ramamurthy Nagar,Shivajinagar,224.0,145.0,Not Applicable,Not Applicable,No,Not Applicable,1788,Cash,25,4.9,4.4
2024-07-05 00:53:00,CNR3134482276,Success,CID308676,Prime Plus,Nagarbhavi,Cox Town,77.0,120.0,Not Applicable,Not Applicable,No,Not Applicable,262,Cash,45,4.3,4.8
2024-07-08 05:54:00,CNR9954570473,Driver Not Found,CID328776,Mini,Chamarajpet,Koramangala,,,Not Applicable,Not Applicable,Not Applicable,Not Applicable,805,Not Applicable,0,,
2024-07-09 03:54:00,CNR8140590056,Success,CID596244,Prime SUV,Yelahanka,MG Road,161.0,95.0,Not Applicable,Not Applicable,No,Not Applicable,244,UPI,19,3.8,4.2
2024-07-21 11:11:00,CNR8399436520,Driver Not Found,CID396951,eBike,Hennur,Bellandur,,,Not Applicable,Not Applicable,Not Applicable,Not Applicable,143,Not Applicable,0,,
2024-07-10 02:41:00,CNR1300387261,Success,CID652864,Prime SUV,BTM Layout,Yelahanka,210.0,70.0,Not Applicable,Not Applicable,No,Not Applicable,492,Cash,34,4.4,4.3
2024-07-11 16:22:00,CNR3704995552,Canceled by Customer,CID744071,Prime Plus,Marathahalli,Kammanahalli,,,Wrong Address,Not Applicable,Not Applicable,Not Applicable,1756,Not Applicable,0,,
2024-07-23 09:04:00,CNR5864751048,Driver Not Found,CID224319,eBike,Hebbal,Hennur,,,Not Applicable,Not Applicable,Not Applicable,Not Applicable,428,Not Applicable,0,,
2024-07-30 07:48:00,CNR6034268915,Success,CID119784,Auto,JP Nagar,Ulsoor,77.0,60.0,Not Applicable,Not Applicable,No,Not Applicable,217,Cash,5,4.5,3.8
2024-07-07 03:43:00,CNR5839913563,Canceled by Customer,CID927188,eBike,Malleshwaram,Rajarajeshwari Nagar,,,Driver is not moving towards pickup location,Not Applicable,Not Applicable,Not Applicable,321,Not Applicable,0,,
2024-07-10 17:42:00,CNR8949952673,Canceled by Customer,CID917002,eBike,Bellandur,Yelahanka,,,Change of plans,Not Applicable,Not Applicable,Not Applicable,2002,Not Applicable,0,,
2024-07-12 21:25:00,CNR1575941410,Success,CID931419,Mini,HSR Layout,Indiranagar,203.0,60.0,Not Applicable,Not Applicable,No,Not Applicable,482,UPI,25,4.0,4.9
2024-07-24 00:47:00,CNR4332360174,Success,CID887924,Mini,Hosur Road,JP Nagar,98.0,115.0,Not Applicable,Not Applicable,No,Not Applicable,162,Cash,35,3.9,4.0
2024-07-19 14:47:00,CNR4133224553,Success,CID526120,Prime Plus,JP Nagar,Shivajinagar,301.0,75.0,Not Applicable,Not Applicable,No,Not Applicable,477,Cash,24,4.2,4.7
2024-07-02 09:49:00,CNR2769000998,Success,CID628440,Prime SUV,BTM Layout,Shantinagar,147.0,130.0,Not Applicable,Not Applicable,No,Not Applicable,780,Cash,16,3.2,4.8
2024-07-26 16:54:00,CNR6304475264,Canceled by Driver,CID363286,Prime SUV,Marathahalli,Majestic,,,Not Applicable,More than permitted people in there,Not Applicable,Not Applicable,487,Not Applicable,0,,
2024-07-21 21:41:00,CNR6803474221,Success,CID363806,Prime Plus,Padmanabhanagar,Shantinagar,161.0,75.0,Not Applicable,Not Applicable,No,Not Applicable,1049,Cash,38,4.0,3.4
2024-07-11 08:49:00,CNR5933072072,Success,CID139162,Mini,Chamarajpet,Shantinagar,266.0,100.0,Not Applicable,Not Applicable,No,Not Applicable,129,UPI,43,4.6,4.1
2024-07-27 18:10:00,CNR7742860826,Success,CID499018,Bike,Electronic City,Mysore Road,203.0,50.0,Not Applicable,Not Applicable,No,Not Applicable,467,UPI,36,4.4,3.3
2024-07-02 17:32:00,CNR8980087536,Driver Not Found,CID272186,Mini,Jayanagar,Indiranagar,,,Not Applicable,Not Applicable,Not Applicable,Not Applicable,846,Not Applicable,0,,
2024-07-03 06:39:00,CNR1871733627,Success,CID451424,Prime SUV,Padmanabhanagar,Majestic,42.0,90.0,Not Applicable,Not Applicable,No,Not Applicable,182,UPI,13,4.6,4.6
2024-07-28 09:46:00,CNR7082170371,Success,CID756976,Prime Sedan,Koramangala,Malleshwaram,98.0,105.0,Not Applicable,Not Applicable,No,Not Applicable,429,UPI,42,4.6,4.6
2024-07-03 21:59:00,CNR7412914394,Canceled by Driver,CID327066,Prime Plus,Marathahalli,Rajajinagar,,,Not Applicable,More than permitted people in there,Not Applicable,Not Applicable,292,Not Applicable,0,,
2024-07-16 23:47:00,CNR2136073533,Success,CID358226,Bike,Magadi Road,Hosur Road,217.0,70.0,Not Applicable,Not Applicable,No,Not Applicable,947,UPI,41,3.7,4.2
2024-07-23 11:18:00,CNR5717299533,Success,CID331748,eBike,Padmanabhanagar,Devanahalli,203.0,35.0,Not Applicable,Not Applicable,No,Not Applicable,146,UPI,12,5.0,4.0
2024-07-09 14:57:00,CNR8415962878,Success,CID267335,Auto,Ulsoor,Chamarajpet,217.0,60.0,Not Applicable,Not Applicable,No,Not Applicable,135,Cash,5,3.5,4.5
2024-07-26 06:44:00,CNR8917371199,Success,CID113752,Bike,Devanahalli,Richmond Town,238.0,25.0,Not Applicable,Not Applicable,No,Not Applicable,174,Cash,45,4.1,4.2
2024-07-29 08:02:00,CNR2195821451,Canceled by Driver,CID796840,Prime Sedan,Sahakar Nagar,Devanahalli,,,Not Applicable,Personal & Car related issue,Not Applicable,Not Applicable,134,Not Applicable,0,,
2024-07-11 17:43:00,CNR7821054373,Success,CID960745,Mini,KR Puram,Vijayanagar,259.0,110.0,Not Applicable,Not Applicable,No,Not Applicable,405,Cash,40,4.8,3.0
2024-07-30 04:32:00,CNR8083271514,Success,CID487177,Prime Sedan,Kengeri,Richmond Town,91.0,120.0,Not Applicable,Not Applicable,No,Not Applicable,957,UPI,19,3.2,3.3
2024-07-25 21:48:00,CNR3493001284,Canceled by Driver,CID443067,eBike,Bellandur,JP Nagar,,,Not Applicable,Personal & Car related issue,Not Applicable,Not Applicable,273,Not Applicable,0,,
2024-07-05 17:51:00,CNR9208556223,Success,CID999747,Bike,Jayanagar,Cox Town,49.0,120.0,Not Applicable,Not Applicable,No,Not Applicable,245,UPI,25,3.5,4.5
2024-07-16 07:36:00,CNR7008031035,Success,CID650627,Mini,Ulsoor,Electronic City,203.0,40.0,Not Applicable,Not Applicable,No,Not Applicable,2484,Cash,22,4.4,3.2
2024-07-30 19:09:00,CNR3920400204,Success,CID804367,Prime Sedan,Cox Town,Yeshwanthpur,42.0,80.0,Not Applicable,Not Applicable,No,Not Applicable,785,UPI,42,4.5,4.6
2024-07-08 00:20:00,CNR2100951294,Canceled by Customer,CID624510,Prime SUV,Majestic,Ramamurthy Nagar,,,Driver asked to cancel,Not Applicable,Not Applicable,Not Applicable,342,Not Applicable,0,,
2024-07-12 07:13:00,CNR1397990793,Canceled by Driver,CID327145,eBike,MG Road,Nagarbhavi,,,Not Applicable,Customer was coughing/sick,Not Applicable,Not Applicable,773,Not Applicable,0,,
2024-07-01 13:50:00,CNR2530092280,Canceled by Driver,CID250344,Bike,Hebbal,Electronic City,,,Not Applicable,Customer related issue,Not Applicable,Not Applicable,243,Not Applicable,0,,
2024-07-17 13:03:00,CNR3112484713,Success,CID682355,Mini,Peenya,Varthur,63.0,70.0,Not Applicable,Not Applicable,No,Not Applicable,151,UPI,3,3.8,4.7
2024-07-11 18:15:00,CNR8530659617,Success,CID779864,Prime Sedan,Nagarbhavi,BTM Layout,175.0,45.0,Not Applicable,Not Applicable,No,Not Applicable,607,Cash,13,4.2,3.7
2024-07-18 23:23:00,CNR7676981995,Success,CID993889,Bike,MG Road,Yelahanka,231.0,105.0,Not Applicable,Not Applicable,No,Not Applicable,112,Cash,24,4.4,3.9
2024-07-11 16:42:00,CNR1003670332,Success,CID694624,Bike,Yeshwanthpur,Electronic City,154.0,90.0,Not Applicable,Not Applicable,No,Not Applicable,581,Cash,30,4.0,3.7
2024-07-12 03:09:00,CNR9291757469,Success,CID820914,Mini,RT Nagar,Chamarajpet,98.0,80.0,Not Applicable,Not Applicable,No,Not Applicable,197,UPI,6,4.1,3.6
2024-07-19 06:52:00,CNR9368604969,Driver Not Found,CID295013,Prime Sedan,Shivajinagar,Tumkur Road,,,Not Applicable,Not Applicable,Not Applicable,Not Applicable,312,Not Applicable,0,,
2024-07-17 14:34:00,CNR8259476578,Success,CID301239,Prime SUV,Peenya,Vijayanagar,259.0,135.0,Not Applicable,Not Applicable,No,Not Applicable,448,Cash,39,4.6,4.9
2024-07-10 08:51:00,CNR9321407373,Driver Not Found,CID625037,Mini,Yelahanka,Devanahalli,,,Not Applicable,Not Applicable,Not Applicable,Not Applicable,740,Not Applicable,0,,
2024-07-06 04:02:00,CNR4117371949,Success,CID579266,Mini,Padmanabhanagar,Basavanagudi,154.0,35.0,Not Applicable,Not Applicable,No,Not Applicable,123,Cash,44,4.9,4.8
2024-07-10 22:37:00,CNR2863499549,Success,CID272290,Prime Sedan,Marathahalli,Tumkur Road,84.0,55.0,Not Applicable,Not Applicable,Yes,Vehicle Breakdown,629,UPI,18,3.8,3.3
2024-07-28 09:05:00,CNR4135228816,Success,CID115292,Prime SUV,Peenya,Shantinagar,245.0,65.0,Not Applicable,Not Applicable,No,Not Applicable,306,Cash,21,3.9,3.8
2024-07-30 11:52:00,CNR1718078956,Canceled by Driver,CID303142,Prime Plus,Hebbal,Ramamurthy Nagar,,,Not Applicable,Customer related issue,Not Applicable,Not Applicable,267,Not Applicable,0,,
2024-07-07 12:51:00,CNR6544100266,Driver Not Found,CID312732,Prime Sedan,Electronic City,Sarjapur Road,,,Not Applicable,Not Applicable,Not Applicable,Not Applicable,2185,Not Applicable,0,,
2024-07-13 21:33:00,CNR6421932289,Success,CID417926,Auto,Cox Town,Peenya,105.0,110.0,Not Applicable,Not Applicable,No,Not Applicable,2975,Cash,14,4.5,3.4
2024-07-19 06:41:00,CNR6301018509,Canceled by Driver,CID886591,Auto,Bannerghatta Road,KR Puram,,,Not Applicable,Personal & Car related issue,Not Applicable,Not Applicable,2237,Not Applicable,0,,
2024-07-28 12:39:00,CNR8350753517,Success,CID190846,Auto,HSR Layout,Richmond Town,154.0,80.0,Not Applicable,Not Applicable,No,Not Applicable,328,UPI,19,4.8,4.8
2024-07-04 21:53:00,CNR9390262384,Canceled by Driver,CID948242,Mini,Bannerghatta Road,RT Nagar,,,Not Applicable,Personal & Car related issue,Not Applicable,Not Applicable,1334,Not Applicable,0,,
2024-07-10 07:06:00,CNR2531093267,Success,CID791601,Prime SUV,Marathahalli,Kadugodi,175.0,120.0,Not Applicable,Not Applicable,No,Not Applicable,190,Cash,19,4.6,4.9
2024-07-08 11:01:00,CNR6283071745,Success,CID563121,Bike,Yelahanka,Electronic City,224.0,75.0,Not Applicable,Not Applicable,No,Not Applicable,811,Cash,17,3.8,3.2
2024-07-03 21:23:00,CNR5020316700,Success,CID753260,Prime Plus,Vijayanagar,Vijayanagar,168.0,135.0,Not Applicable,Not Applicable,No,Not Applicable,1123,Cash,8,4.5,3.4
2024-07-05 07:42:00,CNR9293031201,Success,CID680653,Auto,Vijayanagar,Kammanahalli,238.0,75.0,Not Applicable,Not Applicable,No,Not Applicable,108,UPI,5,3.8,4.8
2024-07-17 09:03:00,CNR1015655508,Success,CID854144,Prime Plus,Sahakar Nagar,Yelahanka,294.0,40.0,Not Applicable,Not Applicable,No,Not Applicable,533,Cash,47,4.5,3.5
2024-07-22 04:48:00,CNR9616706712,Canceled by Customer,CID112516,Prime Sedan,Malleshwaram,Cox Town,,,Driver asked to cancel,Not Applicable,Not Applicable,Not Applicable,439,Not Applicable,0,,
2024-07-22 09:30:00,CNR2546723765,Canceled by Driver,CID277643,Prime Plus,Rajajinagar,Devanahalli,,,Not Applicable,Customer related issue,Not Applicable,Not Applicable,985,Not Applicable,0,,
2024-07-25 03:57:00,CNR7567520636,Success,CID538384,Prime Plus,Malleshwaram,Richmond Town,217.0,95.0,Not Applicable,Not Applicable,No,Not Applicable,124,UPI,49,4.0,5.0
2024-07-01 05:23:00,CNR5456428317,Success,CID918663,Mini,Yelahanka,Indiranagar,63.0,70.0,Not Applicable,Not Applicable,No,Not Applicable,390,Cash,43,4.0,3.6
2024-07-15 12:23:00,CNR6320769265,Success,CID726840,Mini,Shantinagar,Yelahanka,126.0,25.0,Not Applicable,Not Applicable,No,Not Applicable,157,Debit Card,10,4.0,4.1
2024-07-19 10:17:00,CNR9582706221,Success,CID324539,Prime Plus,Sarjapur Road,Majestic,196.0,95.0,Not Applicable,Not Applicable,No,Not Applicable,356,UPI,43,3.1,4.1
2024-07-30 22:01:00,CNR4766068935,Success,CID569682,Bike,Kammanahalli,HSR Layout,287.0,145.0,Not Applicable,Not Applicable,No,Not Applicable,444,Cash,42,3.3,3.9
2024-07-25 22:16:00,CNR1876614574,Success,CID309996,Auto,JP Nagar,Koramangala,63.0,80.0,Not Applicable,Not Applicable,No,Not Applicable,486,UPI,13,3.2,4.4
2024-07-02 03:19:00,CNR1780648982,Success,CID321836,Auto,Yeshwanthpur,Devanahalli,280.0,115.0,Not Applicable,Not Applicable,No,Not Applicable,271,Cash,9,4.5,3.7
2024-07-28 07:11:00,CNR9358196533,Success,CID266628,Auto,Shivajinagar,Majestic,35.0,90.0,Not Applicable,Not Applicable,No,Not Applicable,233,UPI,4,4.8,4.9
2024-07-16 12:27:00,CNR1390029649,Success,CID271612,Prime Sedan,Hosur Road,Rajajinagar,77.0,45.0,Not Applicable,Not Applicable,No,Not Applicable,628,UPI,43,4.6,3.6
2024-07-28 15:19:00,CNR9229115588,Success,CID828652,Prime Plus,Chamarajpet,Vijayanagar,231.0,25.0,Not Applicable,Not Applicable,Yes,Customer Demand,2737,UPI,25,4.1,3.4
2024-07-06 07:37:00,CNR3287637666,Canceled by Driver,CID445905,Auto,Banashankari,Chamarajpet,,,Not Applicable,Personal & Car related issue,Not Applicable,Not Applicable,184,Not Applicable,0,,
2024-07-17 00:17:00,CNR6040594420,Driver Not Found,CID692500,Bike,Hulimavu,Kadugodi,,,Not Applicable,Not Applicable,Not Applicable,Not Applicable,1221,Not Applicable,0,,
2024-07-15 11:04:00,CNR3292065270,Success,CID295929,Auto,Malleshwaram,Chickpet,189.0,90.0,Not Applicable,Not Applicable,No,Not Applicable,975,UPI,14,4.6,3.7
2024-07-10 15:25:00,CNR5659061794,Success,CID643280,eBike,Sahakar Nagar,Chickpet,112.0,25.0,Not Applicable,Not Applicable,No,Not Applicable,273,Cash,8,4.9,4.8
2024-07-04 08:54:00,CNR5621025788,Success,CID247490,eBike,Hebbal,Yelahanka,224.0,55.0,Not Applicable,Not Applicable,Yes,Vehicle Breakdown,670,Cash,37,4.4,3.1
2024-07-14 13:34:00,CNR8942130574,Success,CID298918,Auto,Koramangala,Tumkur Road,301.0,35.0,Not Applicable,Not Applicable,No,Not Applicable,792,UPI,4,4.7,4.1
2024-07-15 10:38:00,CNR7722534627,Success,CID956314,Prime Plus,Whitefield,BTM Layout,252.0,145.0,Not Applicable,Not Applicable,No,Not Applicable,391,Cash,25,4.5,3.7
2024-07-08 16:08:00,CNR3898285986,Success,CID986621,Auto,JP Nagar,Hebbal,168.0,90.0,Not Applicable,Not Applicable,No,Not Applicable,368,Cash,2,3.1,4.1
2024-07-20 20:52:00,CNR8405149143,Canceled by Customer,CID514980,Mini,KR Puram,Mysore Road,,,Change of plans,Not Applicable,Not Applicable,Not Applicable,161,Not Applicable,0,,
2024-07-11 03:34:00,CNR9458858229,Success,CID440742,Prime Plus,Langford Town,Richmond Town,308.0,145.0,Not Applicable,Not Applicable,No,Not Applicable,276,UPI,41,3.4,3.3
2024-07-12 20:04:00,CNR4068480482,Success,CID672922,Prime SUV,Koramangala,Kadugodi,294.0,85.0,Not Applicable,Not Applicable,No,Not Applicable,406,UPI,47,3.1,3.9
2024-07-28 15:25:00,CNR1968507892,Success,CID937342,eBike,Magadi Road,KR Puram,231.0,35.0,Not Applicable,Not Applicable,No,Not Applicable,237,Cash,15,3.6,3.4
2024-07-12 06:47:00,CNR4585424804,Success,CID188571,Prime SUV,Electronic City,HSR Layout,119.0,70.0,Not Applicable,Not Applicable,No,Not Applicable,100,UPI,9,3.9,4.6
2024-07-28 22:30:00,CNR1780445379,Success,CID265383,Mini,Jayanagar,Padmanabhanagar,91.0,130.0,Not Applicable,Not Applicable,No,Not Applicable,345,UPI,29,3.4,4.2
2024-07-06 05:20:00,CNR1602924747,Canceled by Customer,CID315563,eBike,Hennur,Kengeri,,,AC is Not working,Not Applicable,Not Applicable,Not Applicable,239,Not Applicable,0,,
2024-07-20 16:58:00,CNR2726934087,Canceled by Customer,CID625218,Auto,Marathahalli,Hosur Road,,,Change of plans,Not Applicable,Not Applicable,Not Applicable,129,Not Applicable,0,,
2024-07-10 12:07:00,CNR3825669506,Canceled by Customer,CID413831,Mini,Peenya,Kadugodi,,,AC is Not working,Not Applicable,Not Applicable,Not Applicable,2969,Not Applicable,0,,
2024-07-17 07:29:00,CNR3726704032,Canceled by Driver,CID667161,Prime Sedan,Banashankari,Peenya,,,Not Applicable,Personal & Car related issue,Not Applicable,Not Applicable,1245,Not Applicable,0,,
2024-07-14 10:36:00,CNR3812681572,Success,CID960141,Auto,Mysore Road,KR Puram,49.0,135.0,Not Applicable,Not Applicable,Yes,Vehicle Breakdown,227,Cash,10,4.2,3.7
2024-07-22 07:18:00,CNR4893281303,Success,CID398524,Auto,Varthur,Shantinagar,168.0,135.0,Not Applicable,Not Applicable,No,Not Applicable,417,Cash,8,4.9,4.3
2024-07-06 13:14:00,CNR1151824009,Success,CID918727,Auto,Nagarbhavi,Marathahalli,280.0,140.0,Not Applicable,Not Applicable,No,Not Applicable,1949,Cash,16,4.1,4.2
2024-07-16 21:24:00,CNR3052530625,Success,CID266360,Prime SUV,Koramangala,Electronic City,70.0,30.0,Not Applicable,Not Applicable,No,Not Applicable,559,Cash,36,4.0,3.0
2024-07-11 05:31:00,CNR2875077745,Success,CID117202,eBike,Yeshwanthpur,Rajarajeshwari Nagar,84.0,110.0,Not Applicable,Not Applicable,No,Not Applicable,485,Cash,19,4.9,3.0
2024-07-06 14:23:00,CNR6145931228,Success,CID156950,Prime SUV,Kadugodi,Marathahalli,98.0,145.0,Not Applicable,Not Applicable,No,Not Applicable,862,UPI,27,4.8,3.7
2024-07-20 13:11:00,CNR5956147080,Success,CID198675,Prime Plus,Cox Town,Chickpet,119.0,65.0,Not Applicable,Not Applicable,No,Not Applicable,939,UPI,37,4.5,3.7
2024-07-20 14:02:00,CNR5242625586,Success,CID873104,Prime SUV,Sahakar Nagar,Bellandur,98.0,95.0,Not Applicable,Not Applicable,No,Not Applicable,336,Cash,18,3.4,4.8
2024-07-14 16:43:00,CNR4083800244,Success,CID562590,Prime Plus,Bannerghatta Road,Hosur Road,231.0,45.0,Not Applicable,Not Applicable,No,Not Applicable,429,UPI,16,5.0,4.3
2024-07-09 06:55:00,CNR4311422850,Success,CID664477,Prime Plus,Sahakar Nagar,JP Nagar,259.0,75.0,Not Applicable,Not Applicable,No,Not Applicable,170,UPI,49,3.4,4.4
2024-07-08 21:05:00,CNR9785993637,Canceled by Driver,CID207630,Prime SUV,Hulimavu,Chamarajpet,,,Not Applicable,Personal & Car related issue,Not Applicable,Not Applicable,325,Not Applicable,0,,
2024-07-13 08:01:00,CNR6018265845,Success,CID686140,Prime SUV,Whitefield,MG Road,203.0,120.0,Not Applicable,Not Applicable,No,Not Applicable,387,UPI,19,3.9,3.2
2024-07-17 06:18:00,CNR6691845065,Canceled by Driver,CID276942,Prime Plus,KR Puram,Ramamurthy Nagar,,,Not Applicable,Customer was coughing/sick,Not Applicable,Not Applicable,779,Not Applicable,0,,
2024-07-14 18:16:00,CNR7603615001,Success,CID238304,Prime Sedan,Electronic City,JP Nagar,84.0,115.0,Not Applicable,Not Applicable,No,Not Applicable,106,UPI,7,4.8,3.8
2024-07-13 10:31:00,CNR5332664244,Success,CID277525,eBike,Hulimavu,RT Nagar,35.0,105.0,Not Applicable,Not Applicable,No,Not Applicable,322,Cash,29,4.9,3.8
2024-07-01 20:55:00,CNR4790439148,Driver Not Found,CID349708,Prime SUV,Whitefield,Banashankari,,,Not Applicable,Not Applicable,Not Applicable,Not Applicable,275,Not Applicable,0,,
2024-07-14 12:49:00,CNR4383577245,Success,CID203330,Prime Sedan,Shivajinagar,Frazer Town,70.0,120.0,Not Applicable,Not Applicable,No,Not Applicable,192,Cash,4,4.9,4.2
2024-07-25 16:54:00,CNR4535159878,Canceled by Driver,CID627431,Auto,Ramamurthy Nagar,Shantinagar,,,Not Applicable,Personal & Car related issue,Not Applicable,Not Applicable,164,Not Applicable,0,,
2024-07-27 09:11:00,CNR3596745230,Success,CID140443,Prime Plus,Jayanagar,Whitefield,287.0,80.0,Not Applicable,Not Applicable,No,Not Applicable,274,UPI,6,3.6,4.4
2024-07-05 08:01:00,CNR6740857661,Success,CID193256,Mini,Kadugodi,KR Puram,266.0,90.0,Not Applicable,Not Applicable,No,Not Applicable,485,Cash,38,4.9,4.4
2024-07-16 15:13:00,CNR5609619954,Canceled by Driver,CID955195,Bike,Shivajinagar,Tumkur Road,,,Not Applicable,Customer related issue,Not Applicable,Not Applicable,456,Not Applicable,0,,
2024-07-23 22:36:00,CNR7223973476,Success,CID102482,eBike,Padmanabhanagar,Cox Town,63.0,140.0,Not Applicable,Not Applicable,No,Not Applicable,397,UPI,41,3.7,3.7
2024-07-15 04:24:00,CNR5376799128,Success,CID114851,Bike,Koramangala,Shantinagar,294.0,115.0,Not Applicable,Not Applicable,No,Not Applicable,262,UPI,42,4.9,4.1
2024-07-22 04:55:00,CNR3655323512,Success,CID410835,Auto,Yeshwanthpur,Ramamurthy Nagar,203.0,50.0,Not Applicable,Not Applicable,No,Not Applicable,184,UPI,10,3.4,4.8
2024-07-22 23:47:00,CNR1672828433,Success,CID930105,Prime Sedan,Basavanagudi,Shantinagar,133.0,130.0,Not Applicable,Not Applicable,No,Not Applicable,359,UPI,44,3.4,4.4
2024-07-11 00:22:00,CNR4305912639,Success,CID188677,Prime Sedan,Rajarajeshwari Nagar,Chamarajpet,63.0,125.0,Not Applicable,Not Applicable,No,Not Applicable,407,UPI,16,3.4,4.9
2024-07-10 17:05:00,CNR7668733772,Driver Not Found,CID657064,Auto,Rajarajeshwari Nagar,BTM Layout,,,Not Applicable,Not Applicable,Not Applicable,Not Applicable,203,Not Applicable,0,,
2024-07-08 19:45:00,CNR5348914496,Success,CID347936,Prime Plus,Langford Town,BTM Layout,42.0,45.0,Not Applicable,Not Applicable,No,Not Applicable,444,Cash,23,4.4,4.8
2024-07-30 10:24:00,CNR3270062715,Canceled by Driver,CID809030,eBike,Peenya,Marathahalli,,,Not Applicable,Customer related issue,Not Applicable,Not Applicable,334,Not Applicable,0,,
2024-07-27 21:31:00,CNR8323133119,Success,CID159017,Prime SUV,Basavanagudi,Richmond Town,154.0,125.0,Not Applicable,Not Applicable,No,Not Applicable,145,Cash,26,3.7,3.6
2024-07-28 16:01:00,CNR7385798259,Success,CID131113,Prime SUV,Rajajinagar,JP Nagar,217.0,125.0,Not Applicable,Not Applicable,No,Not Applicable,324,Cash,4,3.8,3.5
2024-07-25 09:25:00,CNR4610141758,Success,CID304608,eBike,Electronic City,Sahakar Nagar,196.0,80.0,Not Applicable,Not Applicable,No,Not Applicable,468,UPI,36,3.2,4.4
2024-07-20 11:32:00,CNR4605877608,Success,CID780091,Prime Plus,Frazer Town,Peenya,238.0,145.0,Not Applicable,Not Applicable,No,Not Applicable,987,Cash,9,3.6,3.9
2024-07-05 18:05:00,CNR5323723750,Driver Not Found,CID978812,Bike,Kadugodi,Marathahalli,,,Not Applicable,Not Applicable,Not Applicable,Not Applicable,138,Not Applicable,0,,
2024-07-28 13:33:00,CNR8937686921,Success,CID919764,Mini,Chickpet,Hulimavu,259.0,125.0,Not Applicable,Not Applicable,No,Not Applicable,338,Cash,9,4.1,4.1
2024-07-13 10:31:00,CNR5390591811,Canceled by Driver,CID293842,Mini,Koramangala,Electronic City,,,Not Applicable,Personal & Car related issue,Not Applicable,Not Applicable,136,Not Applicable,0,,
2024-07-29 11:21:00,CNR1478138455,Success,CID921429,Bike,Electronic City,Vijayanagar,91.0,140.0,Not Applicable,Not Applicable,No,Not Applicable,441,Cash,17,3.2,3.2
2024-07-02 22:19:00,CNR1752181254,Canceled by Customer,CID322487,Prime Sedan,Bellandur,Hulimavu,,,Change of plans,Not Applicable,Not Applicable,Not Applicable,489,Not Applicable,0,,
2024-07-04 18:26:00,CNR8218516865,Success,CID853358,Auto,Devanahalli,Varthur,161.0,95.0,Not Applicable,Not Applicable,No,Not Applicable,1641,UPI,1,4.8,4.0
2024-07-04 09:33:00,CNR2685069424,Success,CID551120,Prime Sedan,Yeshwanthpur,Yelahanka,203.0,115.0,Not Applicable,Not Applicable,No,Not Applicable,353,UPI,27,3.6,3.3
2024-07-17 06:45:00,CNR2993029374,Success,CID599488,Prime Sedan,Shantinagar,Sarjapur Road,49.0,60.0,Not Applicable,Not Applicable,No,Not Applicable,495,Cash,29,4.2,4.0
2024-07-01 17:35:00,CNR1648325093,Success,CID569714,Prime Sedan,Frazer Town,Chamarajpet,259.0,80.0,Not Applicable,Not Applicable,No,Not Applicable,160,Cash,4,3.4,4.2
2024-07-13 13:39:00,CNR4729421758,Canceled by Driver,CID952043,Prime Sedan,Chamarajpet,Peenya,,,Not Applicable,Personal & Car related issue,Not Applicable,Not Applicable,392,Not Applicable,0,,
2024-07-10 14:11:00,CNR5979876935,Success,CID890585,Auto,Hebbal,JP Nagar,175.0,130.0,Not Applicable,Not Applicable,No,Not Applicable,1665,UPI,7,4.5,4.9
2024-07-24 02:17:00,CNR3757320556,Success,CID699943,eBike,Frazer Town,Whitefield,252.0,55.0,Not Applicable,Not Applicable,Yes,Customer Demand,325,Cash,18,3.2,3.2
2024-07-10 08:11:00,CNR3773522045,Success,CID972270,Bike,Kengeri,Nagarbhavi,168.0,115.0,Not Applicable,Not Applicable,No,Not Applicable,2280,UPI,13,3.3,3.6
2024-07-28 02:35:00,CNR5767592726,Success,CID187016,Auto,Bellandur,HSR Layout,35.0,130.0,Not Applicable,Not Applicable,No,Not Applicable,320,Cash,1,4.1,3.4
2024-07-27 00:47:00,CNR6587821646,Driver Not Found,CID368964,Auto,JP Nagar,Padmanabhanagar,,,Not Applicable,Not Applicable,Not Applicable,Not Applicable,231,Not Applicable,0,,
2024-07-27 12:46:00,CNR4004901249,Success,CID361120,Bike,Majestic,Kammanahalli,287.0,60.0,Not Applicable,Not Applicable,No,Not Applicable,431,Cash,38,4.3,4.1
2024-07-22 23:54:00,CNR8855581299,Success,CID120057,Prime Sedan,Peenya,Jayanagar,224.0,80.0,Not Applicable,Not Applicable,No,Not Applicable,341,UPI,40,3.5,4.1
2024-07-23 11:31:00,CNR5123314723,Canceled by Driver,CID406292,Mini,Padmanabhanagar,Yeshwanthpur,,,Not Applicable,Customer was coughing/sick,Not Applicable,Not Applicable,461,Not Applicable,0,,
2024-07-26 21:44:00,CNR3166853700,Canceled by Customer,CID179427,Prime Sedan,Yelahanka,Shivajinagar,,,Driver asked to cancel,Not Applicable,Not Applicable,Not Applicable,286,Not Applicable,0,,
2024-07-02 11:30:00,CNR8148725502,Canceled by Driver,CID819462,eBike,Varthur,Mysore Road,,,Not Applicable,Customer related issue,Not Applicable,Not Applicable,335,Not Applicable,0,,
2024-07-30 11:41:00,CNR9086926735,Success,CID297771,Prime Sedan,BTM Layout,Kammanahalli,196.0,125.0,Not Applicable,Not Applicable,No,Not Applicable,2295,UPI,44,4.0,4.8
2024-07-11 05:26:00,CNR8765155396,Driver Not Found,CID785161,Prime Plus,Peenya,Bannerghatta Road,,,Not Applicable,Not Applicable,Not Applicable,Not Applicable,2895,Not Applicable,0,,
2024-07-30 15:45:00,CNR6309061540,Success,CID925915,eBike,Majestic,Basavanagudi,35.0,40.0,Not Applicable,Not Applicable,No,Not Applicable,906,Cash,41,4.4,3.4
2024-07-25 01:16:00,CNR6880332310,Canceled by Customer,CID260071,Prime Plus,BTM Layout,Hennur,,,Driver is not moving towards pickup location,Not Applicable,Not Applicable,Not Applicable,767,Not Applicable,0,,
2024-07-18 14:47:00,CNR6077995139,Success,CID723078,Prime SUV,MG Road,Rajajinagar,189.0,30.0,Not Applicable,Not Applicable,No,Not Applicable,942,Cash,10,3.5,3.3
2024-07-17 00:12:00,CNR2893366591,Success,CID515184,Mini,Marathahalli,Frazer Town,112.0,90.0,Not Applicable,Not Applicable,No,Not Applicable,498,Cash,20,4.4,3.3
2024-07-12 18:17:00,CNR1147140998,Success,CID657868,Mini,Kengeri,Koramangala,203.0,125.0,Not Applicable,Not Applicable,Yes,Vehicle Breakdown,413,Cash,9,3.5,4.9
2024-07-14 20:26:00,CNR7106570262,Success,CID620328,Auto,RT Nagar,HSR Layout,231.0,100.0,Not Applicable,Not Applicable,No,Not Applicable,480,UPI,8,3.2,3.1
2024-07-04 10:43:00,CNR7171448716,Success,CID546380,Prime Sedan,JP Nagar,Mysore Road,252.0,30.0,Not Applicable,Not Applicable,No,Not Applicable,471,Cash,25,3.3,4.8
2024-07-17 17:54:00,CNR8550930214,Success,CID305888,Auto,Cox Town,Yelahanka,105.0,130.0,Not Applicable,Not Applicable,No,Not Applicable,159,Cash,9,4.4,4.0
2024-07-17 02:20:00,CNR3463488167,Success,CID319760,Prime Plus,Yelahanka,Hebbal,77.0,45.0,Not Applicable,Not Applicable,No,Not Applicable,638,UPI,36,3.2,3.8
2024-07-09 00:49:00,CNR8805803560,Success,CID190779,Prime SUV,Frazer Town,Chickpet,294.0,95.0,Not Applicable,Not Applicable,No,Not Applicable,968,Cash,47,4.3,4.3
2024-07-21 19:36:00,CNR1902883181,Success,CID162206,Mini,Rajajinagar,BTM Layout,161.0,110.0,Not Applicable,Not Applicable,No,Not Applicable,773,Cash,8,4.6,4.4
2024-07-13 09:40:00,CNR9054759086,Success,CID740397,Mini,Sarjapur Road,Padmanabhanagar,245.0,70.0,Not Applicable,Not Applicable,No,Not Applicable,200,UPI,42,3.0,4.1
2024-07-10 19:53:00,CNR8124417943,Success,CID852104,Prime Sedan,Bellandur,JP Nagar,217.0,65.0,Not Applicable,Not Applicable,No,Not Applicable,111,UPI,36,4.8,3.7
2024-07-07 19:37:00,CNR2723148786,Canceled by Driver,CID113558,Prime Plus,Ulsoor,Rajarajeshwari Nagar,,,Not Applicable,Customer related issue,Not Applicable,Not Applicable,721,Not Applicable,0,,
2024-07-21 11:21:00,CNR8401219704,Success,CID549814,Mini,Jayanagar,Tumkur Road,91.0,55.0,Not Applicable,Not Applicable,No,Not Applicable,156,UPI,2,3.6,3.1
2024-07-29 20:04:00,CNR2474162462,Success,CID383862,Bike,RT Nagar,Bellandur,133.0,115.0,Not Applicable,Not Applicable,No,Not Applicable,959,Cash,9,4.3,4.1
2024-07-27 00:26:00,CNR8324533599,Success,CID435011,Prime SUV,Peenya,Bellandur,84.0,115.0,Not Applicable,Not Applicable,No,Not Applicable,223,UPI,14,4.8,3.8
2024-07-03 15:38:00,CNR7840732863,Canceled by Driver,CID683666,Prime Sedan,Rajarajeshwari Nagar,Tumkur Road,,,Not Applicable,Personal & Car related issue,Not Applicable,Not Applicable,333,Not Applicable,0,,
2024-07-30 22:11:00,CNR8722466251,Success,CID894325,eBike,Banashankari,MG Road,70.0,70.0,Not Applicable,Not Applicable,No,Not Applicable,361,UPI,35,3.5,3.4
2024-07-16 11:06:00,CNR7050068060,Canceled by Customer,CID413459,eBike,Rajarajeshwari Nagar,Devanahalli,,,Wrong Address,Not Applicable,Not Applicable,Not Applicable,266,Not Applicable,0,,
2024-07-17 12:11:00,CNR7053699272,Success,CID512530,Prime Plus,Devanahalli,Banashankari,210.0,135.0,Not Applicable,Not Applicable,Yes,Customer Demand,489,Credit Card,42,3.6,3.2
2024-07-02 13:44:00,CNR8037198957,Success,CID807250,Mini,Kammanahalli,Frazer Town,252.0,125.0,Not Applicable,Not Applicable,No,Not Applicable,489,UPI,2,3.3,4.0
2024-07-17 09:09:00,CNR1247956281,Success,CID190936,Prime SUV,Varthur,Indiranagar,287.0,75.0,Not Applicable,Not Applicable,No,Not Applicable,2778,Cash,27,4.5,4.7
2024-07-13 02:20:00,CNR4783313013,Success,CID746099,Mini,Jayanagar,Ulsoor,196.0,105.0,Not Applicable,Not Applicable,No,Not Applicable,211,Cash,12,3.4,3.9
2024-07-29 07:52:00,CNR6310050030,Success,CID371659,eBike,Richmond Town,Shantinagar,119.0,45.0,Not Applicable,Not Applicable,No,Not Applicable,423,Cash,23,4.6,4.7
2024-07-03 15:56:00,CNR9685400846,Canceled by Driver,CID862958,Mini,Rajajinagar,Bannerghatta Road,,,Not Applicable,Personal & Car related issue,Not Applicable,Not Applicable,316,Not Applicable,0,,
2024-07-19 17:47:00,CNR5271564480,Success,CID947193,Mini,Tumkur Road,Electronic City,77.0,25.0,Not Applicable,Not Applicable,No,Not Applicable,442,UPI,27,4.4,4.8
2024-07-30 12:20:00,CNR7502443154,Canceled by Driver,CID351039,Prime Plus,Yelahanka,Bannerghatta Road,,,Not Applicable,Customer related issue,Not Applicable,Not Applicable,362,Not Applicable,0,,
2024-07-17 10:23:00,CNR7340269747,Success,CID202730,eBike,Ulsoor,Mysore Road,287.0,55.0,Not Applicable,Not Applicable,No,Not Applicable,370,Cash,31,4.1,3.9
2024-07-20 01:19:00,CNR1848037447,Success,CID974892,eBike,Yeshwanthpur,Frazer Town,63.0,95.0,Not Applicable,Not Applicable,No,Not Applicable,154,Cash,5,4.8,3.3
2024-07-01 13:13:00,CNR7472728579,Success,CID272564,eBike,HSR Layout,Hosur Road,77.0,120.0,Not Applicable,Not Applicable,No,Not Applicable,270,UPI,39,3.1,4.5
2024-07-20 17:05:00,CNR8933098557,Success,CID740740,Mini,Shivajinagar,Sahakar Nagar,56.0,35.0,Not Applicable,Not Applicable,No,Not Applicable,225,UPI,49,4.0,3.6
2024-07-17 07:33:00,CNR1419339930,Success,CID130090,Mini,Tumkur Road,Whitefield,147.0,105.0,Not Applicable,Not Applicable,No,Not Applicable,466,Cash,23,4.6,4.4
2024-07-10 19:12:00,CNR6988994508,Success,CID134889,Auto,HSR Layout,Rajarajeshwari Nagar,91.0,40.0,Not Applicable,Not Applicable,No,Not Applicable,473,Cash,16,4.2,3.1
2024-07-17 19:27:00,CNR5873958776,Success,CID567848,Mini,Langford Town,Malleshwaram,119.0,85.0,Not Applicable,Not Applicable,Yes,Other Issue,338,Cash,21,4.6,3.8
2024-07-29 17:48:00,CNR9920722426,Success,CID494858,eBike,Richmond Town,Cox Town,77.0,145.0,Not Applicable,Not Applicable,No,Not Applicable,2255,Cash,22,3.7,5.0
2024-07-25 19:15:00,CNR4987475087,Success,CID745067,Bike,Ramamurthy Nagar,Hulimavu,175.0,80.0,Not Applicable,Not Applicable,No,Not Applicable,930,UPI,28,4.6,4.1
2024-07-12 08:50:00,CNR5614163100,Success,CID817868,Prime Sedan,HSR Layout,Langford Town,133.0,65.0,Not Applicable,Not Applicable,No,Not Applicable,2817,Cash,41,4.6,3.2
2024-07-18 15:33:00,CNR5954686107,Canceled by Driver,CID416193,Mini,Shivajinagar,MG Road,,,Not Applicable,Personal & Car related issue,Not Applicable,Not Applicable,391,Not Applicable,0,,
2024-07-07 10:08:00,CNR2478078200,Success,CID226915,Bike,Yelahanka,Hennur,280.0,135.0,Not Applicable,Not Applicable,No,Not Applicable,1505,UPI,29,4.5,4.2
2024-07-22 05:55:00,CNR2258178431,Success,CID564657,eBike,Vijayanagar,Peenya,280.0,130.0,Not Applicable,Not Applicable,No,Not Applicable,2652,Cash,43,4.4,4.3
2024-07-26 12:41:00,CNR9360771776,Success,CID707029,Prime Plus,Vijayanagar,Peenya,294.0,40.0,Not Applicable,Not Applicable,No,Not Applicable,202,UPI,13,3.1,4.1
2024-07-25 12:07:00,CNR9034615918,Canceled by Driver,CID636509,Prime Plus,Richmond Town,Bellandur,,,Not Applicable,Personal & Car related issue,Not Applicable,Not Applicable,645,Not Applicable,0,,
2024-07-14 20:39:00,CNR1032369601,Canceled by Driver,CID946479,Mini,Cox Town,Kengeri,,,Not Applicable,Customer was coughing/sick,Not Applicable,Not Applicable,146,Not Applicable,0,,
2024-07-12 17:01:00,CNR3452969743,Canceled by Driver,CID915696,Prime Sedan,Basavanagudi,Hulimavu,,,Not Applicable,Personal & Car related issue,Not Applicable,Not Applicable,151,Not Applicable,0,,
2024-07-02 15:17:00,CNR6866392425,Success,CID415339,eBike,Majestic,Kadugodi,224.0,115.0,Not Applicable,Not Applicable,No,Not Applicable,2217,Cash,40,3.4,3.8
2024-07-03 17:26:00,CNR8425581130,Success,CID428946,Prime Sedan,RT Nagar,Kadugodi,294.0,90.0,Not Applicable,Not Applicable,No,Not Applicable,707,UPI,37,3.7,5.0
2024-07-20 11:59:00,CNR8626900439,Canceled by Driver,CID124647,Prime Plus,Bannerghatta Road,Peenya,,,Not Applicable,Customer related issue,Not Applicable,Not Applicable,282,Not Applicable,0,,
2024-07-16 11:10:00,CNR9999736375,Success,CID389853,Prime SUV,Yelahanka,Tumkur Road,70.0,120.0,Not Applicable,Not Applicable,No,Not Applicable,915,UPI,1,3.2,3.4
2024-07-09 07:12:00,CNR7278035731,Success,CID271472,Bike,Peenya,Whitefield,147.0,80.0,Not Applicable,Not Applicable,No,Not Applicable,686,UPI,22,4.3,3.5
2024-07-09 17:16:00,CNR1990217724,Success,CID525200,Prime Sedan,Langford Town,Cox Town,42.0,120.0,Not Applicable,Not Applicable,No,Not Applicable,819,Cash,49,4.8,3.7
2024-07-07 14:00:00,CNR1576569508,Canceled by Driver,CID757095,Auto,Vijayanagar,Tumkur Road,,,Not Applicable,More than permitted people in there,Not Applicable,Not Applicable,764,Not Applicable,0,,
2024-07-08 12:50:00,CNR8335690078,Canceled by Driver,CID111872,Prime Sedan,Hebbal,Banashankari,,,Not Applicable,Customer related issue,Not Applicable,Not Applicable,488,Not Applicable,0,,
2024-07-01 12:41:00,CNR1092382168,Success,CID463257,Prime Sedan,Rajarajeshwari Nagar,Kammanahalli,196.0,105.0,Not Applicable,Not Applicable,No,Not Applicable,406,Cash,20,3.5,4.6
2024-07-26 21:41:00,CNR4613484713,Driver Not Found,CID548952,Mini,HSR Layout,Tumkur Road,,,Not Applicable,Not Applicable,Not Applicable,Not Applicable,449,Not Applicable,0,,
2024-07-08 10:09:00,CNR6270225091,Success,CID913921,Prime Sedan,Frazer Town,Rajarajeshwari Nagar,259.0,50.0,Not Applicable,Not Applicable,No,Not Applicable,248,Cash,3,3.9,3.7
2024-07-05 12:45:00,CNR9780010215,Success,CID822467,Auto,Peenya,Banashankari,301.0,35.0,Not Applicable,Not Applicable,No,Not Applicable,319,Cash,17,3.4,3.6
2024-07-03 09:27:00,CNR2426443719,Success,CID696604,Auto,Rajarajeshwari Nagar,Marathahalli,224.0,115.0,Not Applicable,Not Applicable,No,Not Applicable,306,UPI,4,4.2,4.4
2024-07-07 12:19:00,CNR4046617430,Success,CID536965,eBike,BTM Layout,Hosur Road,308.0,115.0,Not Applicable,Not Applicable,No,Not Applicable,237,Cash,12,4.6,3.1
2024-07-09 08:40:00,CNR2408323933,Canceled by Customer,CID598549,Prime Plus,Kadugodi,Whitefield,,,Change of plans,Not Applicable,Not Applicable,Not Applicable,912,Not Applicable,0,,
2024-07-18 19:53:00,CNR7706765665,Success,CID294888,Prime Sedan,Whitefield,Hennur,294.0,60.0,Not Applicable,Not Applicable,No,Not Applicable,227,Credit Card,33,3.4,4.9
2024-07-11 16:33:00,CNR8873441064,Driver Not Found,CID349749,Prime Sedan,Malleshwaram,Malleshwaram,,,Not Applicable,Not Applicable,Not Applicable,Not Applicable,751,Not Applicable,0,,
2024-07-28 00:58:00,CNR5508850252,Success,CID272109,Auto,Indiranagar,Sahakar Nagar,35.0,120.0,Not Applicable,Not Applicable,No,Not Applicable,286,Cash,6,3.2,4.3
2024-07-29 10:51:00,CNR6640756735,Success,CID333394,Bike,BTM Layout,Varthur,133.0,35.0,Not Applicable,Not Applicable,No,Not Applicable,396,Cash,28,4.6,4.4
2024-07-21 17:10:00,CNR9491923378,Canceled by Driver,CID186989,Auto,Chickpet,Tumkur Road,,,Not Applicable,Personal & Car related issue,Not Applicable,Not Applicable,448,Not Applicable,0,,
2024-07-21 04:08:00,CNR5102939746,Canceled by Driver,CID396391,Prime Plus,Varthur,Chamarajpet,,,Not Applicable,Personal & Car related issue,Not Applicable,Not Applicable,449,Not Applicable,0,,
2024-07-05 18:12:00,CNR9885267509,Success,CID361670,eBike,Bellandur,Indiranagar,266.0,125.0,Not Applicable,Not Applicable,No,Not Applicable,330,UPI,36,3.9,3.5
2024-07-04 06:07:00,CNR5793311171,Success,CID362538,Bike,Jayanagar,Padmanabhanagar,140.0,145.0,Not Applicable,Not Applicable,No,Not Applicable,775,Cash,24,4.6,4.8
2024-07-28 13:44:00,CNR9117198312,Canceled by Driver,CID148909,Prime Plus,Shivajinagar,Sarjapur Road,,,Not Applicable,Customer was coughing/sick,Not Applicable,Not Applicable,145,Not Applicable,0,,
2024-07-29 05:39:00,CNR1264651999,Success,CID943364,Auto,Malleshwaram,Jayanagar,294.0,105.0,Not Applicable,Not Applicable,No,Not Applicable,936,Cash,5,3.3,4.9
2024-07-04 12:59:00,CNR6714081559,Success,CID860607,eBike,Yeshwanthpur,Marathahalli,91.0,65.0,Not Applicable,Not Applicable,No,Not Applicable,302,Cash,22,4.4,4.2
2024-07-05 19:47:00,CNR9076216555,Success,CID344903,Auto,Hebbal,Yelahanka,196.0,95.0,Not Applicable,Not Applicable,No,Not Applicable,1061,UPI,3,4.4,3.3
2024-07-07 19:15:00,CNR4305139445,Success,CID735478,Auto,Sarjapur Road,Kengeri,42.0,105.0,Not Applicable,Not Applicable,No,Not Applicable,748,Cash,19,3.8,3.9
2024-07-17 06:01:00,CNR9016414167,Canceled by Driver,CID329464,Mini,Padmanabhanagar,Hennur,,,Not Applicable,Personal & Car related issue,Not Applicable,Not Applicable,423,Not Applicable,0,,
2024-07-23 21:53:00,CNR4357254778,Success,CID641102,Bike,Kammanahalli,Rajajinagar,77.0,145.0,Not Applicable,Not Applicable,No,Not Applicable,851,Cash,24,3.2,3.0
2024-07-02 17:02:00,CNR8836833785,Success,CID144192,Prime SUV,Padmanabhanagar,Bannerghatta Road,49.0,30.0,Not Applicable,Not Applicable,No,Not Applicable,215,Cash,5,4.1,4.6
2024-07-19 09:20:00,CNR3846514650,Canceled by Driver,CID115541,Auto,Yeshwanthpur,BTM Layout,,,Not Applicable,Personal & Car related issue,Not Applicable,Not Applicable,562,Not Applicable,0,,
2024-07-02 16:31:00,CNR3570755127,Canceled by Customer,CID216336,Prime Sedan,Kengeri,Shivajinagar,,,Driver asked to cancel,Not Applicable,Not Applicable,Not Applicable,857,Not Applicable,0,,
2024-07-19 04:48:00,CNR4669272242,Success,CID948638,eBike,Yeshwanthpur,RT Nagar,259.0,145.0,Not Applicable,Not Applicable,No,Not Applicable,196,Cash,37,3.1,4.5
2024-07-11 07:03:00,CNR3575774922,Success,CID637793,eBike,Kammanahalli,Magadi Road,147.0,90.0,Not Applicable,Not Applicable,No,Not Applicable,2118,Cash,18,4.4,4.4
2024-07-16 01:41:00,CNR5375114465,Canceled by Driver,CID461960,Auto,Ramamurthy Nagar,Yelahanka,,,Not Applicable,Customer was coughing/sick,Not Applicable,Not Applicable,707,Not Applicable,0,,
2024-07-12 17:09:00,CNR1749967717,Success,CID652514,Prime Sedan,Ulsoor,Jayanagar,280.0,35.0,Not Applicable,Not Applicable,No,Not Applicable,227,Cash,9,4.7,4.9
2024-07-08 04:00:00,CNR2222571571,Success,CID973053,Prime SUV,Sarjapur Road,HSR Layout,154.0,55.0,Not Applicable,Not Applicable,No,Not Applicable,406,UPI,46,4.4,4.2
2024-07-20 11:41:00,CNR2244721539,Success,CID825983,Mini,Banashankari,Padmanabhanagar,35.0,35.0,Not Applicable,Not Applicable,No,Not Applicable,271,UPI,29,4.1,4.2
2024-07-01 09:46:00,CNR6653474459,Success,CID516018,Auto,Yeshwanthpur,BTM Layout,84.0,130.0,Not Applicable,Not Applicable,No,Not Applicable,315,Cash,13,3.1,3.1
2024-07-16 12:03:00,CNR3502321240,Success,CID128646,Bike,Indiranagar,Shivajinagar,49.0,130.0,Not Applicable,Not Applicable,No,Not Applicable,227,UPI,14,3.9,3.4
2024-07-26 18:20:00,CNR8566804235,Canceled by Customer,CID995856,Prime Sedan,Banashankari,Magadi Road,,,AC is Not working,Not Applicable,Not Applicable,Not Applicable,424,Not Applicable,0,,
2024-07-11 11:18:00,CNR6448191759,Canceled by Driver,CID926818,Prime Plus,Rajarajeshwari Nagar,Chickpet,,,Not Applicable,Personal & Car related issue,Not Applicable,Not Applicable,2282,Not Applicable,0,,
2024-07-14 14:41:00,CNR5512892351,Canceled by Driver,CID133406,Prime Plus,Electronic City,Varthur,,,Not Applicable,Customer was coughing/sick,Not Applicable,Not Applicable,197,Not Applicable,0,,
2024-07-15 16:32:00,CNR2713707563,Success,CID997468,Mini,Chickpet,Majestic,161.0,70.0,Not Applicable,Not Applicable,No,Not Applicable,756,Cash,47,4.1,3.0
2024-07-18 08:49:00,CNR7530780077,Success,CID864084,Auto,Magadi Road,Tumkur Road,126.0,120.0,Not Applicable,Not Applicable,No,Not Applicable,411,Cash,15,4.7,4.9
2024-07-13 22:00:00,CNR3870979379,Canceled by Customer,CID822374,Prime Plus,Padmanabhanagar,Langford Town,,,Wrong Address,Not Applicable,Not Applicable,Not Applicable,818,Not Applicable,0,,
2024-07-20 04:58:00,CNR2884659934,Success,CID714118,Prime Plus,Marathahalli,Hebbal,133.0,90.0,Not Applicable,Not Applicable,No,Not Applicable,244,Cash,26,4.0,5.0
2024-07-13 01:09:00,CNR3708555307,Success,CID556729,Prime SUV,Kengeri,HSR Layout,112.0,45.0,Not Applicable,Not Applicable,No,Not Applicable,304,Cash,49,4.8,3.6
2024-07-02 20:01:00,CNR9880112118,Success,CID452055,Prime Plus,Shivajinagar,Cox Town,245.0,70.0,Not Applicable,Not Applicable,No,Not Applicable,571,Cash,15,4.7,4.0
2024-07-03 20:48:00,CNR6272206062,Success,CID983235,eBike,Koramangala,Langford Town,147.0,65.0,Not Applicable,Not Applicable,No,Not Applicable,678,Cash,13,4.3,4.0
2024-07-08 04:05:00,CNR7356793380,Canceled by Driver,CID618066,Bike,MG Road,Banashankari,,,Not Applicable,More than permitted people in there,Not Applicable,Not Applicable,267,Not Applicable,0,,
2024-07-06 08:19:00,CNR1895741883,Success,CID702385,Prime SUV,Frazer Town,Rajajinagar,91.0,35.0,Not Applicable,Not Applicable,No,Not Applicable,1826,Cash,42,4.0,3.3
2024-07-19 05:35:00,CNR4090225331,Canceled by Driver,CID582223,Prime Plus,Electronic City,Sahakar Nagar,,,Not Applicable,Personal & Car related issue,Not Applicable,Not Applicable,155,Not Applicable,0,,
2024-07-27 23:34:00,CNR3649976695,Driver Not Found,CID276998,Mini,Kadugodi,Peenya,,,Not Applicable,Not Applicable,Not Applicable,Not Applicable,906,Not Applicable,0,,
2024-07-25 04:03:00,CNR9041192491,Canceled by Driver,CID611520,Mini,RT Nagar,Hosur Road,,,Not Applicable,More than permitted people in there,Not Applicable,Not Applicable,494,Not Applicable,0,,
2024-07-09 14:59:00,CNR4288643718,Success,CID154737,Prime Sedan,Devanahalli,Rajajinagar,84.0,45.0,Not Applicable,Not Applicable,No,Not Applicable,815,Cash,1,3.4,3.8
2024-07-01 09:41:00,CNR6426959234,Success,CID129959,Mini,Vijayanagar,Sahakar Nagar,210.0,130.0,Not Applicable,Not Applicable,No,Not Applicable,338,Cash,6,3.0,4.4
2024-07-30 09:18:00,CNR5885614210,Success,CID879220,Bike,Electronic City,Mysore Road,63.0,85.0,Not Applicable,Not Applicable,No,Not Applicable,462,UPI,24,4.3,3.0
2024-07-16 05:48:00,CNR5188109630,Driver Not Found,CID170228,Bike,Shantinagar,Peenya,,,Not Applicable,Not Applicable,Not Applicable,Not Applicable,127,Not Applicable,0,,
2024-07-18 15:34:00,CNR6972141279,Canceled by Driver,CID684679,eBike,Rajajinagar,Whitefield,,,Not Applicable,Personal & Car related issue,Not Applicable,Not Applicable,139,Not Applicable,0,,
2024-07-05 11:29:00,CNR1600348795,Success,CID319705,Mini,Kadugodi,Banashankari,273.0,65.0,Not Applicable,Not Applicable,No,Not Applicable,222,Cash,20,4.6,4.2
2024-07-28 17:15:00,CNR9579900015,Success,CID476444,Mini,Yeshwanthpur,Basavanagudi,175.0,80.0,Not Applicable,Not Applicable,No,Not Applicable,639,UPI,46,4.3,3.7
2024-07-10 02:21:00,CNR3625736004,Success,CID662357,Auto,Devanahalli,Rajajinagar,252.0,105.0,Not Applicable,Not Applicable,No,Not Applicable,494,Cash,15,4.1,4.5
2024-07-06 16:14:00,CNR9235149468,Success,CID483459,eBike,Nagarbhavi,Magadi Road,105.0,105.0,Not Applicable,Not Applicable,Yes,Customer Demand,2169,UPI,19,3.1,3.6
2024-07-27 20:21:00,CNR2969939432,Success,CID603319,Prime Sedan,KR Puram,Kammanahalli,231.0,140.0,Not Applicable,Not Applicable,No,Not Applicable,644,Cash,23,3.3,4.4
2024-07-19 08:46:00,CNR2417283423,Driver Not Found,CID344762,eBike,HSR Layout,Hulimavu,,,Not Applicable,Not Applicable,Not Applicable,Not Applicable,293,Not Applicable,0,,
2024-07-07 12:01:00,CNR7807069024,Driver Not Found,CID532251,Prime Sedan,Jayanagar,HSR Layout,,,Not Applicable,Not Applicable,Not Applicable,Not Applicable,305,Not Applicable,0,,
2024-07-14 19:38:00,CNR3697471551,Success,CID530942,eBike,RT Nagar,Varthur,112.0,45.0,Not Applicable,Not Applicable,No,Not Applicable,456,Cash,37,4.5,3.5
2024-07-18 23:00:00,CNR8105240685,Success,CID941313,Prime Plus,Cox Town,HSR Layout,105.0,25.0,Not Applicable,Not Applicable,Yes,Vehicle Breakdown,399,UPI,48,3.5,4.4
2024-07-06 23:06:00,CNR2524457292,Success,CID544610,Auto,Jayanagar,Bellandur,175.0,95.0,Not Applicable,Not Applicable,No,Not Applicable,423,Cash,10,4.0,3.5
2024-07-13 12:12:00,CNR3620388558,Canceled by Customer,CID176182,eBike,Kengeri,Vijayanagar,,,Driver is not moving towards pickup location,Not Applicable,Not Applicable,Not Applicable,323,Not Applicable,0,,
2024-07-09 18:32:00,CNR5040576452,Success,CID393017,Prime Sedan,Shantinagar,Mysore Road,273.0,110.0,Not Applicable,Not Applicable,No,Not Applicable,217,Cash,39,4.0,3.1
2024-07-19 19:56:00,CNR8198696692,Canceled by Driver,CID637551,Prime SUV,Vijayanagar,HSR Layout,,,Not Applicable,Customer related issue,Not Applicable,Not Applicable,429,Not Applicable,0,,
2024-07-11 13:11:00,CNR7967714008,Success,CID763717,Prime Plus,Sahakar Nagar,Devanahalli,294.0,130.0,Not Applicable,Not Applicable,Yes,Vehicle Breakdown,289,UPI,38,4.2,4.0
2024-07-15 02:04:00,CNR9559404901,Success,CID756427,Prime Plus,Peenya,Yelahanka,280.0,120.0,Not Applicable,Not Applicable,No,Not Applicable,320,Cash,46,5.0,3.3
2024-07-02 07:17:00,CNR7762633004,Success,CID549437,Prime Sedan,Rajarajeshwari Nagar,Cox Town,154.0,25.0,Not Applicable,Not Applicable,No,Not Applicable,942,Cash,6,4.9,4.4
2024-07-27 09:50:00,CNR7531119104,Success,CID853983,Bike,KR Puram,Jayanagar,84.0,70.0,Not Applicable,Not Applicable,No,Not Applicable,348,UPI,26,4.9,3.2
2024-07-17 11:08:00,CNR6358413364,Driver Not Found,CID846600,Mini,Sarjapur Road,Kammanahalli,,,Not Applicable,Not Applicable,Not Applicable,Not Applicable,312,Not Applicable,0,,
2024-07-16 15:03:00,CNR9375243751,Success,CID434055,Prime Plus,Richmond Town,Bellandur,217.0,85.0,Not Applicable,Not Applicable,No,Not Applicable,406,Cash,32,3.8,4.4
2024-07-18 08:25:00,CNR4962330469,Driver Not Found,CID702724,Bike,BTM Layout,Sahakar Nagar,,,Not Applicable,Not Applicable,Not Applicable,Not Applicable,2234,Not Applicable,0,,
2024-07-26 03:03:00,CNR6508640934,Success,CID912565,Auto,Basavanagudi,Electronic City,154.0,80.0,Not Applicable,Not Applicable,No,Not Applicable,452,Cash,8,3.1,4.4
2024-07-11 03:09:00,CNR2928975926,Success,CID467163,Prime Plus,Chamarajpet,Basavanagudi,119.0,30.0,Not Applicable,Not Applicable,No,Not Applicable,173,UPI,34,4.5,3.9
2024-07-04 11:51:00,CNR7413823132,Driver Not Found,CID153047,eBike,Kengeri,Devanahalli,,,Not Applicable,Not Applicable,Not Applicable,Not Applicable,109,Not Applicable,0,,
2024-07-12 23:05:00,CNR1419838120,Success,CID441308,Bike,Banashankari,Bannerghatta Road,266.0,55.0,Not Applicable,Not Applicable,No,Not Applicable,902,Cash,11,3.8,4.4
2024-07-01 20:21:00,CNR3552262186,Canceled by Customer,CID435592,Prime SUV,KR Puram,Rajarajeshwari Nagar,,,Change of plans,Not Applicable,Not Applicable,Not Applicable,165,Not Applicable,0,,
2024-07-28 12:40:00,CNR5809823911,Canceled by Driver,CID223277,Prime Sedan,RT Nagar,Yelahanka,,,Not Applicable,Customer related issue,Not Applicable,Not Applicable,2918,Not Applicable,0,,
2024-07-22 17:14:00,CNR2080079131,Driver Not Found,CID731780,Bike,Indiranagar,Banashankari,,,Not Applicable,Not Applicable,Not Applicable,Not Applicable,486,Not Applicable,0,,
2024-07-22 12:56:00,CNR5625045607,Canceled by Driver,CID288181,Bike,Kengeri,Sarjapur Road,,,Not Applicable,Customer was coughing/sick,Not Applicable,Not Applicable,354,Not Applicable,0,,
2024-07-21 10:45:00,CNR1348072761,Success,CID148525,Prime SUV,Electronic City,Hebbal,91.0,135.0,Not Applicable,Not Applicable,No,Not Applicable,131,Credit Card,5,3.1,4.8
2024-07-20 06:15:00,CNR9491296670,Canceled by Driver,CID742270,eBike,Shivajinagar,Bannerghatta Road,,,Not Applicable,Personal & Car related issue,Not Applicable,Not Applicable,186,Not Applicable,0,,
2024-07-11 19:30:00,CNR1973873970,Canceled by Driver,CID603442,Prime Plus,Bellandur,Kammanahalli,,,Not Applicable,Customer was coughing/sick,Not Applicable,Not Applicable,422,Not Applicable,0,,
2024-07-21 11:00:00,CNR2785821214,Canceled by Driver,CID659574,Bike,Indiranagar,KR Puram,,,Not Applicable,More than permitted people in there,Not Applicable,Not Applicable,459,Not Applicable,0,,
2024-07-08 10:53:00,CNR4278412605,Driver Not Found,CID427557,Prime SUV,Hennur,JP Nagar,,,Not Applicable,Not Applicable,Not Applicable,Not Applicable,449,Not Applicable,0,,
2024-07-01 10:28:00,CNR2162949366,Success,CID400717,Prime Plus,Richmond Town,Chickpet,133.0,25.0,Not Applicable,Not Applicable,No,Not Applicable,378,Cash,48,4.3,4.6
2024-07-13 22:58:00,CNR6266641800,Success,CID215941,eBike,KR Puram,Kengeri,77.0,45.0,Not Applicable,Not Applicable,No,Not Applicable,444,UPI,29,3.8,4.2
2024-07-17 07:44:00,CNR8374906501,Canceled by Customer,CID766226,Bike,Devanahalli,Rajajinagar,,,Change of plans,Not Applicable,Not Applicable,Not Applicable,311,Not Applicable,0,,
2024-07-22 17:44:00,CNR8784766391,Canceled by Driver,CID848912,Prime Sedan,Ulsoor,Shivajinagar,,,Not Applicable,Customer related issue,Not Applicable,Not Applicable,1667,Not Applicable,0,,
2024-07-03 04:50:00,CNR5445445799,Success,CID735801,Prime Sedan,Jayanagar,Frazer Town,224.0,130.0,Not Applicable,Not Applicable,No,Not Applicable,988,UPI,42,3.2,5.0
2024-07-13 09:43:00,CNR8672390414,Success,CID528471,Prime Sedan,Peenya,Sarjapur Road,238.0,50.0,Not Applicable,Not Applicable,No,Not Applicable,180,UPI,30,3.2,5.0
2024-07-24 17:28:00,CNR9919928884,Success,CID407237,Prime SUV,HSR Layout,Koramangala,119.0,125.0,Not Applicable,Not Applicable,No,Not Applicable,630,UPI,36,3.4,4.5
2024-07-17 20:07:00,CNR9206318760,Canceled by Customer,CID962907,Prime Plus,Jayanagar,KR Puram,,,AC is Not working,Not Applicable,Not Applicable,Not Applicable,874,Not Applicable,0,,
2024-07-18 19:35:00,CNR2397224857,Canceled by Driver,CID721567,Mini,Kengeri,Tumkur Road,,,Not Applicable,Personal & Car related issue,Not Applicable,Not Applicable,611,Not Applicable,0,,
2024-07-30 03:45:00,CNR9790169406,Success,CID909277,Prime Plus,Frazer Town,Indiranagar,35.0,105.0,Not Applicable,Not Applicable,No,Not Applicable,943,Cash,4,5.0,5.0
2024-07-09 16:47:00,CNR4806865273,Canceled by Customer,CID249121,Auto,Koramangala,MG Road,,,Driver is not moving towards pickup location,Not Applicable,Not Applicable,Not Applicable,167,Not Applicable,0,,
2024-07-15 14:28:00,CNR6478907748,Success,CID986019,Prime Sedan,Sarjapur Road,Electronic City,182.0,75.0,Not Applicable,Not Applicable,No,Not Applicable,436,Cash,3,4.8,4.4
2024-07-08 18:22:00,CNR4652339092,Canceled by Customer,CID612824,Mini,Cox Town,Kengeri,,,Wrong Address,Not Applicable,Not Applicable,Not Applicable,669,Not Applicable,0,,
2024-07-08 17:15:00,CNR2907028098,Canceled by Customer,CID300879,Auto,BTM Layout,MG Road,,,Driver is not moving towards pickup location,Not Applicable,Not Applicable,Not Applicable,2201,Not Applicable,0,,
2024-07-27 03:36:00,CNR2424373989,Success,CID883081,Prime Sedan,Ramamurthy Nagar,Kengeri,105.0,135.0,Not Applicable,Not Applicable,No,Not Applicable,895,UPI,48,4.3,4.1
2024-07-18 16:21:00,CNR6095193051,Canceled by Customer,CID424142,eBike,Frazer Town,Mysore Road,,,Driver asked to cancel,Not Applicable,Not Applicable,Not Applicable,774,Not Applicable,0,,
2024-07-29 15:49:00,CNR3647429986,Success,CID606696,eBike,Electronic City,Shivajinagar,119.0,100.0,Not Applicable,Not Applicable,Yes,Customer Demand,487,UPI,13,3.1,3.2
2024-07-28 16:08:00,CNR3971271172,Success,CID687919,Mini,JP Nagar,RT Nagar,161.0,65.0,Not Applicable,Not Applicable,No,Not Applicable,338,Cash,9,3.4,4.6
2024-07-29 19:28:00,CNR7025260350,Driver Not Found,CID982145,Auto,Sahakar Nagar,Basavanagudi,,,Not Applicable,Not Applicable,Not Applicable,Not Applicable,481,Not Applicable,0,,
2024-07-26 08:10:00,CNR1664609197,Canceled by Customer,CID316089,Prime SUV,Mysore Road,Hosur Road,,,AC is Not working,Not Applicable,Not Applicable,Not Applicable,397,Not Applicable,0,,
2024-07-25 10:00:00,CNR3099140971,Success,CID458609,Prime Plus,Tumkur Road,Hosur Road,259.0,85.0,Not Applicable,Not Applicable,No,Not Applicable,347,Cash,44,3.3,4.1
2024-07-21 21:54:00,CNR8411984144,Success,CID740979,Prime Plus,Indiranagar,Tumkur Road,210.0,110.0,Not Applicable,Not Applicable,No,Not Applicable,314,Cash,14,4.0,4.8
2024-07-11 15:45:00,CNR2102623038,Success,CID838203,eBike,Magadi Road,Yelahanka,231.0,115.0,Not Applicable,Not Applicable,No,Not Applicable,480,UPI,8,3.5,3.5
2024-07-25 06:53:00,CNR2986502700,Success,CID275921,Prime Plus,Kengeri,Hennur,77.0,90.0,Not Applicable,Not Applicable,Yes,Customer Demand,190,Cash,19,3.8,3.5
2024-07-29 05:27:00,CNR6513005429,Success,CID974602,Auto,Shivajinagar,Chamarajpet,210.0,55.0,Not Applicable,Not Applicable,No,Not Applicable,2053,UPI,6,4.3,3.0
2024-07-15 21:37:00,CNR9951496379,Success,CID237572,eBike,Peenya,Padmanabhanagar,98.0,35.0,Not Applicable,Not Applicable,No,Not Applicable,262,Cash,11,3.3,4.3
2024-07-03 01:27:00,CNR4531344722,Canceled by Customer,CID131620,Mini,Frazer Town,JP Nagar,,,Driver is not moving towards pickup location,Not Applicable,Not Applicable,Not Applicable,147,Not Applicable,0,,
2024-07-26 20:28:00,CNR5514110937,Driver Not Found,CID907211,Auto,Varthur,Magadi Road,,,Not Applicable,Not Applicable,Not Applicable,Not Applicable,675,Not Applicable,0,,
2024-07-10 13:46:00,CNR2074435055,Success,CID796747,Auto,Kammanahalli,Hennur,105.0,75.0,Not Applicable,Not Applicable,No,Not Applicable,2690,Cash,6,4.5,3.0
2024-07-16 18:26:00,CNR6510498392,Canceled by Customer,CID243225,Prime Sedan,Ramamurthy Nagar,Hennur,,,Wrong Address,Not Applicable,Not Applicable,Not Applicable,295,Not Applicable,0,,
2024-07-29 18:27:00,CNR4078468993,Success,CID835326,Auto,Shivajinagar,KR Puram,224.0,90.0,Not Applicable,Not Applicable,Yes,Vehicle Breakdown,130,Cash,16,4.3,4.9
2024-07-01 22:34:00,CNR3439145872,Canceled by Customer,CID838669,Prime SUV,Koramangala,Sahakar Nagar,,,Change of plans,Not Applicable,Not Applicable,Not Applicable,156,Not Applicable,0,,
2024-07-30 17:55:00,CNR5908549491,Success,CID552231,Mini,Nagarbhavi,Sahakar Nagar,224.0,25.0,Not Applicable,Not Applicable,No,Not Applicable,379,UPI,29,4.5,3.4
2024-07-16 12:27:00,CNR4822492968,Success,CID192924,Prime SUV,Kadugodi,Mysore Road,259.0,30.0,Not Applicable,Not Applicable,No,Not Applicable,155,Cash,31,3.1,3.6
2024-07-08 08:14:00,CNR6959339118,Success,CID945296,Mini,HSR Layout,Padmanabhanagar,189.0,75.0,Not Applicable,Not Applicable,No,Not Applicable,565,UPI,19,4.4,3.0
2024-07-19 23:11:00,CNR3899860544,Success,CID159822,Auto,Nagarbhavi,Frazer Town,49.0,55.0,Not Applicable,Not Applicable,No,Not Applicable,472,Cash,12,4.9,4.2
2024-07-09 00:47:00,CNR2767085542,Success,CID932166,Prime Plus,Bellandur,Marathahalli,77.0,25.0,Not Applicable,Not Applicable,No,Not Applicable,348,Cash,9,4.0,4.9
2024-07-22 09:01:00,CNR3562713471,Canceled by Customer,CID622720,Prime SUV,BTM Layout,MG Road,,,Driver is not moving towards pickup location,Not Applicable,Not Applicable,Not Applicable,1161,Not Applicable,0,,
2024-07-03 02:00:00,CNR3184299574,Driver Not Found,CID557191,Auto,Chamarajpet,Koramangala,,,Not Applicable,Not Applicable,Not Applicable,Not Applicable,139,Not Applicable,0,,
2024-07-16 17:48:00,CNR6276527691,Canceled by Driver,CID684250,Bike,Vijayanagar,KR Puram,,,Not Applicable,More than permitted people in there,Not Applicable,Not Applicable,484,Not Applicable,0,,
2024-07-08 23:57:00,CNR8383238178,Success,CID895663,Prime SUV,Kadugodi,Hosur Road,196.0,40.0,Not Applicable,Not Applicable,No,Not Applicable,190,Cash,17,4.9,5.0
2024-07-19 04:01:00,CNR6877027854,Success,CID648692,Mini,Yeshwanthpur,Hebbal,126.0,130.0,Not Applicable,Not Applicable,No,Not Applicable,305,Cash,31,3.2,4.9
2024-07-01 07:44:00,CNR2065927517,Success,CID342093,eBike,Richmond Town,Devanahalli,238.0,125.0,Not Applicable,Not Applicable,No,Not Applicable,360,Cash,1,3.2,4.2
2024-07-26 16:45:00,CNR1462957931,Canceled by Driver,CID877248,Mini,Bannerghatta Road,Mysore Road,,,Not Applicable,Personal & Car related issue,Not Applicable,Not Applicable,1150,Not Applicable,0,,
2024-07-13 04:53:00,CNR6744074157,Success,CID980573,Auto,Chickpet,Kammanahalli,189.0,95.0,Not Applicable,Not Applicable,No,Not Applicable,170,Cash,5,3.0,3.5
2024-07-13 10:42:00,CNR7725300356,Success,CID139962,Prime Plus,Bellandur,Frazer Town,287.0,40.0,Not Applicable,Not Applicable,No,Not Applicable,104,Cash,11,3.1,4.8
2024-07-12 22:00:00,CNR5807440333,Driver Not Found,CID408555,Bike,Shantinagar,Shivajinagar,,,Not Applicable,Not Applicable,Not Applicable,Not Applicable,444,Not Applicable,0,,
2024-07-01 23:20:00,CNR7157829112,Success,CID808678,Bike,Ulsoor,BTM Layout,77.0,105.0,Not Applicable,Not Applicable,No,Not Applicable,151,UPI,49,3.5,4.2
2024-07-20 13:32:00,CNR3792792989,Success,CID860845,Auto,KR Puram,Electronic City,161.0,110.0,Not Applicable,Not Applicable,No,Not Applicable,197,Cash,12,4.0,3.9
2024-07-11 00:07:00,CNR1356101097,Success,CID856231,Mini,Vijayanagar,Sahakar Nagar,301.0,130.0,Not Applicable,Not Applicable,No,Not Applicable,668,UPI,14,4.5,4.9
2024-07-25 18:31:00,CNR5303239688,Canceled by Driver,CID249190,Prime SUV,Shivajinagar,Shivajinagar,,,Not Applicable,Customer was coughing/sick,Not Applicable,Not Applicable,318,Not Applicable,0,,
2024-07-01 05:14:00,CNR2847823546,Success,CID603744,eBike,HSR Layout,Bellandur,203.0,70.0,Not Applicable,Not Applicable,No,Not Applicable,462,Cash,5,3.3,4.3
2024-07-10 19:16:00,CNR9533808431,Success,CID677873,eBike,Bellandur,Tumkur Road,280.0,25.0,Not Applicable,Not Applicable,No,Not Applicable,248,Cash,25,4.6,4.0
2024-07-12 12:09:00,CNR6908003224,Success,CID544740,Mini,Whitefield,Rajarajeshwari Nagar,77.0,70.0,Not Applicable,Not Applicable,No,Not Applicable,192,UPI,46,4.4,3.4
2024-07-11 07:55:00,CNR7744751184,Success,CID455500,Auto,Chamarajpet,Indiranagar,224.0,50.0,Not Applicable,Not Applicable,No,Not Applicable,439,UPI,12,4.5,3.6
2024-07-01 02:56:00,CNR2871099010,Success,CID549862,eBike,Tumkur Road,Indiranagar,112.0,60.0,Not Applicable,Not Applicable,No,Not Applicable,316,Cash,42,3.9,4.7
2024-07-06 22:29:00,CNR7754010293,Success,CID171950,Bike,Hulimavu,Jayanagar,266.0,115.0,Not Applicable,Not Applicable,No,Not Applicable,452,Cash,6,3.6,4.4
2024-07-25 02:21:00,CNR1781854435,Success,CID845973,Prime Plus,MG Road,RT Nagar,105.0,60.0,Not Applicable,Not Applicable,No,Not Applicable,371,UPI,16,3.2,3.9
2024-07-10 12:26:00,CNR7240122260,Success,CID599990,Mini,Kengeri,MG Road,91.0,60.0,Not Applicable,Not Applicable,No,Not Applicable,282,Cash,25,4.3,3.9
2024-07-28 14:42:00,CNR8242725710,Success,CID556573,Auto,Richmond Town,Ramamurthy Nagar,273.0,135.0,Not Applicable,Not Applicable,No,Not Applicable,376,UPI,14,3.9,3.9
2024-07-02 02:13:00,CNR5548024820,Success,CID391732,Auto,Majestic,MG Road,294.0,60.0,Not Applicable,Not Applicable,No,Not Applicable,254,Cash,2,4.9,3.2
2024-07-11 18:59:00,CNR5658796280,Canceled by Driver,CID489678,Auto,BTM Layout,Devanahalli,,,Not Applicable,Personal & Car related issue,Not Applicable,Not Applicable,1906,Not Applicable,0,,
2024-07-26 02:50:00,CNR6814705950,Success,CID489528,Prime Sedan,Malleshwaram,Mysore Road,238.0,40.0,Not Applicable,Not Applicable,No,Not Applicable,415,Cash,18,3.8,3.1
2024-07-02 23:33:00,CNR8892767409,Driver Not Found,CID858540,Prime Plus,Sahakar Nagar,Sarjapur Road,,,Not Applicable,Not Applicable,Not Applicable,Not Applicable,380,Not Applicable,0,,
2024-07-28 16:17:00,CNR2557747860,Success,CID456169,Mini,Varthur,Banashankari,77.0,100.0,Not Applicable,Not Applicable,No,Not Applicable,459,UPI,5,4.6,4.0
2024-07-15 11:45:00,CNR3321421725,Success,CID974653,Prime SUV,Langford Town,Yeshwanthpur,161.0,75.0,Not Applicable,Not Applicable,No,Not Applicable,1320,Cash,44,4.9,4.8
2024-07-14 04:52:00,CNR1368238944,Success,CID233316,Prime Sedan,Frazer Town,Hulimavu,77.0,120.0,Not Applicable,Not Applicable,No,Not Applicable,424,Cash,16,3.6,4.1
2024-07-01 04:04:00,CNR5963370711,Canceled by Customer,CID549135,Prime Plus,Basavanagudi,Indiranagar,,,Driver is not moving towards pickup location,Not Applicable,Not Applicable,Not Applicable,272,Not Applicable,0,,
2024-07-27 12:34:00,CNR4361407305,Success,CID437614,eBike,Ramamurthy Nagar,Yelahanka,112.0,135.0,Not Applicable,Not Applicable,No,Not Applicable,979,Cash,44,3.1,3.2
2024-07-05 01:31:00,CNR4219338110,Success,CID980132,Auto,Koramangala,Shivajinagar,252.0,145.0,Not Applicable,Not Applicable,Yes,Customer Demand,440,Cash,2,4.0,4.6
2024-07-06 06:20:00,CNR8407094332,Success,CID625087,Bike,Shivajinagar,Rajajinagar,42.0,135.0,Not Applicable,Not Applicable,No,Not Applicable,292,Debit Card,15,4.3,3.4
2024-07-21 22:19:00,CNR6463794000,Success,CID278176,eBike,HSR Layout,Marathahalli,119.0,135.0,Not Applicable,Not Applicable,No,Not Applicable,352,Cash,5,3.3,3.4
2024-07-24 06:32:00,CNR6285402495,Canceled by Customer,CID811759,Prime Plus,Sahakar Nagar,Sarjapur Road,,,Change of plans,Not Applicable,Not Applicable,Not Applicable,449,Not Applicable,0,,
2024-07-15 01:16:00,CNR1001187260,Success,CID743351,Bike,KR Puram,Langford Town,210.0,135.0,Not Applicable,Not Applicable,No,Not Applicable,113,UPI,15,4.5,3.7
2024-07-10 07:44:00,CNR9867688331,Driver Not Found,CID396154,Mini,KR Puram,Hulimavu,,,Not Applicable,Not Applicable,Not Applicable,Not Applicable,193,Not Applicable,0,,
2024-07-06 01:05:00,CNR5682777506,Canceled by Driver,CID995243,Bike,Peenya,Koramangala,,,Not Applicable,Personal & Car related issue,Not Applicable,Not Applicable,684,Not Applicable,0,,
2024-07-30 20:44:00,CNR7569658944,Success,CID736015,eBike,Electronic City,Rajajinagar,231.0,65.0,Not Applicable,Not Applicable,No,Not Applicable,458,UPI,34,3.4,3.8
2024-07-04 21:55:00,CNR6467021566,Driver Not Found,CID154485,Mini,Kammanahalli,Bannerghatta Road,,,Not Applicable,Not Applicable,Not Applicable,Not Applicable,109,Not Applicable,0,,
2024-07-25 22:28:00,CNR4181832025,Success,CID767107,Prime Sedan,Magadi Road,Electronic City,63.0,115.0,Not Applicable,Not Applicable,No,Not Applicable,1704,UPI,46,4.3,4.7
2024-07-21 03:40:00,CNR2629670049,Success,CID618697,Prime Sedan,Kadugodi,Marathahalli,70.0,95.0,Not Applicable,Not Applicable,No,Not Applicable,449,UPI,43,3.6,3.5
2024-07-10 05:31:00,CNR6818606540,Driver Not Found,CID480194,Mini,Yeshwanthpur,KR Puram,,,Not Applicable,Not Applicable,Not Applicable,Not Applicable,2979,Not Applicable,0,,
2024-07-04 23:49:00,CNR3608645133,Success,CID730837,Mini,Koramangala,Magadi Road,259.0,145.0,Not Applicable,Not Applicable,No,Not Applicable,291,Cash,42,3.5,3.2
2024-07-10 19:16:00,CNR5438168421,Success,CID988183,Prime SUV,Electronic City,Hebbal,231.0,90.0,Not Applicable,Not Applicable,No,Not Applicable,346,Cash,39,4.2,4.5
2024-07-23 06:29:00,CNR7201214421,Driver Not Found,CID732770,Mini,Shivajinagar,JP Nagar,,,Not Applicable,Not Applicable,Not Applicable,Not Applicable,344,Not Applicable,0,,
2024-07-04 23:10:00,CNR7680367438,Success,CID952888,Mini,Cox Town,Whitefield,49.0,60.0,Not Applicable,Not Applicable,No,Not Applicable,933,Cash,16,3.2,5.0
2024-07-25 13:48:00,CNR2433791164,Success,CID846796,Bike,Hosur Road,Ramamurthy Nagar,35.0,30.0,Not Applicable,Not Applicable,No,Not Applicable,319,UPI,18,4.5,3.9
2024-07-15 03:56:00,CNR4647587798,Canceled by Driver,CID439813,Mini,BTM Layout,Cox Town,,,Not Applicable,Personal & Car related issue,Not Applicable,Not Applicable,138,Not Applicable,0,,
2024-07-05 23:16:00,CNR1567299640,Success,CID409287,Prime Sedan,Kammanahalli,RT Nagar,210.0,80.0,Not Applicable,Not Applicable,No,Not Applicable,429,Cash,1,4.1,3.4
2024-07-16 16:12:00,CNR2036282781,Success,CID822667,Mini,Koramangala,Hebbal,91.0,105.0,Not Applicable,Not Applicable,No,Not Applicable,452,UPI,7,3.6,3.5
2024-07-12 00:57:00,CNR4214371440,Canceled by Driver,CID710170,Mini,Tumkur Road,Jayanagar,,,Not Applicable,Customer related issue,Not Applicable,Not Applicable,445,Not Applicable,0,,
2024-07-28 07:47:00,CNR2384436434,Canceled by Driver,CID154246,Prime SUV,HSR Layout,MG Road,,,Not Applicable,Personal & Car related issue,Not Applicable,Not Applicable,1754,Not Applicable,0,,
2024-07-21 04:51:00,CNR1234822677,Success,CID150774,Auto,Indiranagar,Devanahalli,189.0,105.0,Not Applicable,Not Applicable,No,Not Applicable,354,Cash,13,3.5,3.5
2024-07-11 08:18:00,CNR9277713429,Success,CID111625,Bike,Jayanagar,KR Puram,203.0,55.0,Not Applicable,Not Applicable,No,Not Applicable,383,Cash,2,3.4,3.6
2024-07-20 16:11:00,CNR7692540888,Success,CID614450,Prime Sedan,Yelahanka,Vijayanagar,175.0,110.0,Not Applicable,Not Applicable,No,Not Applicable,996,UPI,6,3.3,3.9
2024-07-22 00:28:00,CNR2764847076,Success,CID961338,Prime SUV,Hosur Road,Electronic City,105.0,45.0,Not Applicable,Not Applicable,No,Not Applicable,113,Credit Card,25,4.3,3.3
2024-07-20 01:41:00,CNR9346293251,Driver Not Found,CID993004,Bike,Nagarbhavi,JP Nagar,,,Not Applicable,Not Applicable,Not Applicable,Not Applicable,166,Not Applicable,0,,
2024-07-26 00:14:00,CNR5587239911,Canceled by Customer,CID368966,Mini,Jayanagar,BTM Layout,,,AC is Not working,Not Applicable,Not Applicable,Not Applicable,367,Not Applicable,0,,
2024-07-29 03:27:00,CNR8984352172,Canceled by Driver,CID525986,Prime Sedan,Varthur,Magadi Road,,,Not Applicable,Personal & Car related issue,Not Applicable,Not Applicable,327,Not Applicable,0,,
2024-07-22 17:19:00,CNR8784004546,Success,CID913660,eBike,Hennur,Kammanahalli,252.0,70.0,Not Applicable,Not Applicable,No,Not Applicable,441,Cash,20,3.4,3.3
2024-07-13 01:31:00,CNR3054726213,Success,CID780827,Auto,Koramangala,Vijayanagar,301.0,30.0,Not Applicable,Not Applicable,No,Not Applicable,247,Cash,11,4.5,4.6
2024-07-09 09:34:00,CNR8551782217,Driver Not Found,CID234007,Prime Sedan,Kengeri,Hulimavu,,,Not Applicable,Not Applicable,Not Applicable,Not Applicable,1136,Not Applicable,0,,
2024-07-01 17:20:00,CNR3541350201,Canceled by Driver,CID364676,Mini,Sarjapur Road,Hulimavu,,,Not Applicable,Customer was coughing/sick,Not Applicable,Not Applicable,356,Not Applicable,0,,
2024-07-03 11:03:00,CNR2384119833,Canceled by Driver,CID285925,Auto,Rajajinagar,MG Road,,,Not Applicable,Personal & Car related issue,Not Applicable,Not Applicable,302,Not Applicable,0,,
2024-07-11 16:58:00,CNR1899871136,Success,CID971477,Prime SUV,Nagarbhavi,Sarjapur Road,301.0,50.0,Not Applicable,Not Applicable,No,Not Applicable,482,Cash,40,3.6,3.6
2024-07-12 01:04:00,CNR2015168010,Success,CID719003,Bike,Kengeri,RT Nagar,168.0,75.0,Not Applicable,Not Applicable,No,Not Applicable,1690,Cash,39,3.8,3.1
2024-07-17 18:42:00,CNR3770371376,Success,CID454312,Mini,Hebbal,Rajarajeshwari Nagar,63.0,140.0,Not Applicable,Not Applicable,No,Not Applicable,269,Cash,10,3.4,3.6
2024-07-03 06:06:00,CNR1706147406,Success,CID163010,Auto,Varthur,Koramangala,126.0,90.0,Not Applicable,Not Applicable,No,Not Applicable,433,Cash,5,4.1,4.1
2024-07-23 09:16:00,CNR7955277364,Canceled by Driver,CID571576,eBike,Vijayanagar,Shivajinagar,,,Not Applicable,Personal & Car related issue,Not Applicable,Not Applicable,411,Not Applicable,0,,
2024-07-11 16:46:00,CNR5852504621,Success,CID632119,Bike,Yeshwanthpur,Koramangala,308.0,130.0,Not Applicable,Not Applicable,Yes,Customer Demand,2933,UPI,2,4.0,4.3
2024-07-20 05:58:00,CNR3616533396,Success,CID651633,Prime Sedan,Jayanagar,Tumkur Road,189.0,100.0,Not Applicable,Not Applicable,No,Not Applicable,196,Cash,23,3.1,4.8
2024-07-06 19:55:00,CNR8114911211,Success,CID513620,Prime SUV,Rajarajeshwari Nagar,Sarjapur Road,119.0,30.0,Not Applicable,Not Applicable,No,Not Applicable,418,Cash,27,4.6,4.0
2024-07-21 22:01:00,CNR5602561768,Success,CID476408,Auto,Majestic,Rajajinagar,168.0,115.0,Not Applicable,Not Applicable,No,Not Applicable,158,Cash,12,4.9,5.0
2024-07-11 16:59:00,CNR8717420921,Driver Not Found,CID409711,Prime Sedan,Indiranagar,HSR Layout,,,Not Applicable,Not Applicable,Not Applicable,Not Applicable,128,Not Applicable,0,,
2024-07-01 19:42:00,CNR1838810920,Canceled by Driver,CID656294,eBike,Marathahalli,Jayanagar,,,Not Applicable,Customer was coughing/sick,Not Applicable,Not Applicable,505,Not Applicable,0,,
2024-07-18 08:40:00,CNR6062602225,Success,CID287453,Mini,Yelahanka,Richmond Town,294.0,135.0,Not Applicable,Not Applicable,No,Not Applicable,531,Cash,4,3.6,4.0
2024-07-02 10:19:00,CNR4810921289,Success,CID907495,Prime Plus,Whitefield,Koramangala,266.0,50.0,Not Applicable,Not Applicable,No,Not Applicable,190,UPI,37,4.7,3.4
2024-07-01 01:59:00,CNR1855329994,Success,CID718101,Bike,Yeshwanthpur,Sahakar Nagar,203.0,85.0,Not Applicable,Not Applicable,No,Not Applicable,2544,UPI,2,3.7,3.4
2024-07-07 05:27:00,CNR7743998381,Success,CID199594,Auto,Hosur Road,BTM Layout,259.0,125.0,Not Applicable,Not Applicable,No,Not Applicable,201,Cash,5,3.3,3.2
2024-07-24 17:45:00,CNR8702811265,Success,CID856703,eBike,MG Road,Shivajinagar,112.0,40.0,Not Applicable,Not Applicable,No,Not Applicable,213,Credit Card,27,3.8,3.5
2024-07-06 10:57:00,CNR6224423500,Canceled by Driver,CID674000,Prime Plus,Yeshwanthpur,Nagarbhavi,,,Not Applicable,Customer was coughing/sick,Not Applicable,Not Applicable,447,Not Applicable,0,,
2024-07-18 01:32:00,CNR1296179062,Success,CID718634,Auto,Padmanabhanagar,Indiranagar,77.0,35.0,Not Applicable,Not Applicable,No,Not Applicable,481,UPI,17,4.6,5.0
2024-07-03 15:20:00,CNR3646499587,Success,CID276757,Prime Plus,Kammanahalli,Chickpet,126.0,110.0,Not Applicable,Not Applicable,No,Not Applicable,943,UPI,30,4.1,3.9
2024-07-26 02:15:00,CNR7621465639,Success,CID756244,Bike,Jayanagar,Chamarajpet,91.0,35.0,Not Applicable,Not Applicable,No,Not Applicable,464,UPI,6,4.9,4.1
2024-07-06 07:07:00,CNR1627166260,Canceled by Driver,CID715633,eBike,Vijayanagar,Bannerghatta Road,,,Not Applicable,More than permitted people in there,Not Applicable,Not Applicable,120,Not Applicable,0,,
2024-07-24 01:10:00,CNR3628491183,Success,CID186917,Prime SUV,Frazer Town,Magadi Road,147.0,125.0,Not Applicable,Not Applicable,No,Not Applicable,303,Cash,26,4.1,3.5
2024-07-23 19:45:00,CNR8152225802,Canceled by Driver,CID152982,Prime Plus,Whitefield,Kadugodi,,,Not Applicable,Personal & Car related issue,Not Applicable,Not Applicable,175,Not Applicable,0,,
2024-07-19 01:41:00,CNR9338454252,Success,CID931483,Mini,Majestic,Hulimavu,112.0,75.0,Not Applicable,Not Applicable,No,Not Applicable,413,UPI,35,3.3,3.9
2024-07-02 09:40:00,CNR9879013529,Success,CID189075,Auto,Magadi Road,Magadi Road,161.0,80.0,Not Applicable,Not Applicable,No,Not Applicable,1580,Cash,6,4.0,4.2
2024-07-13 08:52:00,CNR9035706643,Success,CID740570,eBike,Kengeri,Langford Town,35.0,30.0,Not Applicable,Not Applicable,No,Not Applicable,254,Cash,18,4.8,3.0
2024-07-07 12:56:00,CNR8077735771,Success,CID243514,Mini,Nagarbhavi,RT Nagar,42.0,135.0,Not Applicable,Not Applicable,No,Not Applicable,491,UPI,27,4.7,4.2
2024-07-09 08:19:00,CNR4314483766,Canceled by Driver,CID223678,Prime SUV,Koramangala,Marathahalli,,,Not Applicable,Personal & Car related issue,Not Applicable,Not Applicable,851,Not Applicable,0,,
2024-07-17 01:02:00,CNR3125357170,Success,CID313947,eBike,Rajajinagar,Jayanagar,308.0,70.0,Not Applicable,Not Applicable,No,Not Applicable,142,Cash,36,4.8,4.3
2024-07-26 22:45:00,CNR2751509687,Canceled by Driver,CID701560,Auto,Electronic City,Magadi Road,,,Not Applicable,Personal & Car related issue,Not Applicable,Not Applicable,199,Not Applicable,0,,
2024-07-23 17:43:00,CNR8076171159,Success,CID268132,Mini,Hennur,Sarjapur Road,161.0,85.0,Not Applicable,Not Applicable,No,Not Applicable,375,Cash,13,3.6,3.6
2024-07-11 16:00:00,CNR1176177940,Success,CID111497,Bike,Koramangala,Tumkur Road,224.0,55.0,Not Applicable,Not Applicable,No,Not Applicable,742,Cash,37,3.1,3.2
2024-07-25 15:06:00,CNR4392135969,Canceled by Customer,CID638884,Bike,Shantinagar,Kadugodi,,,Driver asked to cancel,Not Applicable,Not Applicable,Not Applicable,125,Not Applicable,0,,
2024-07-30 15:31:00,CNR7917630958,Driver Not Found,CID618152,Prime SUV,Bellandur,MG Road,,,Not Applicable,Not Applicable,Not Applicable,Not Applicable,271,Not Applicable,0,,
2024-07-05 20:58:00,CNR2599517234,Success,CID399557,eBike,MG Road,Padmanabhanagar,161.0,55.0,Not Applicable,Not Applicable,Yes,Vehicle Breakdown,2383,UPI,8,4.1,3.4
2024-07-17 04:54:00,CNR3445487706,Driver Not Found,CID910470,Auto,Shivajinagar,Mysore Road,,,Not Applicable,Not Applicable,Not Applicable,Not Applicable,216,Not Applicable,0,,
2024-07-08 16:14:00,CNR4090808366,Success,CID392080,Prime Sedan,Ramamurthy Nagar,Frazer Town,161.0,120.0,Not Applicable,Not Applicable,No,Not Applicable,283,UPI,26,3.6,3.7
2024-07-29 16:11:00,CNR4439240765,Canceled by Customer,CID155749,Mini,Kadugodi,Bellandur,,,Driver is not moving towards pickup location,Not Applicable,Not Applicable,Not Applicable,952,Not Applicable,0,,
2024-07-08 09:05:00,CNR8890304348,Canceled by Driver,CID817035,Prime Sedan,Hebbal,HSR Layout,,,Not Applicable,Customer related issue,Not Applicable,Not Applicable,213,Not Applicable,0,,
2024-07-24 00:02:00,CNR3793796480,Success,CID614556,Prime SUV,Tumkur Road,HSR Layout,252.0,80.0,Not Applicable,Not Applicable,No,Not Applicable,241,UPI,47,4.8,4.5
2024-07-06 13:27:00,CNR2858001980,Canceled by Driver,CID240359,Prime SUV,Rajarajeshwari Nagar,Tumkur Road,,,Not Applicable,Personal & Car related issue,Not Applicable,Not Applicable,171,Not Applicable,0,,
2024-07-25 11:15:00,CNR8644622919,Canceled by Driver,CID580301,Prime SUV,Hosur Road,Frazer Town,,,Not Applicable,Customer related issue,Not Applicable,Not Applicable,370,Not Applicable,0,,
2024-07-11 19:36:00,CNR9274916803,Success,CID628489,Mini,Sarjapur Road,Ramamurthy Nagar,238.0,120.0,Not Applicable,Not Applicable,No,Not Applicable,505,Cash,8,4.8,4.0
2024-07-22 12:37:00,CNR1311906310,Success,CID535131,Prime Plus,Nagarbhavi,JP Nagar,259.0,25.0,Not Applicable,Not Applicable,No,Not Applicable,345,Cash,32,3.4,3.7
2024-07-23 11:11:00,CNR4194859721,Success,CID336098,Prime SUV,Shantinagar,Padmanabhanagar,126.0,60.0,Not Applicable,Not Applicable,No,Not Applicable,437,Cash,17,4.7,4.5
2024-07-03 04:17:00,CNR2479787077,Canceled by Customer,CID360592,Prime SUV,Rajarajeshwari Nagar,Chamarajpet,,,Driver asked to cancel,Not Applicable,Not Applicable,Not Applicable,636,Not Applicable,0,,
2024-07-21 15:08:00,CNR4845884546,Success,CID452243,eBike,BTM Layout,Yelahanka,91.0,100.0,Not Applicable,Not Applicable,No,Not Applicable,1394,Cash,14,4.6,4.9
2024-07-16 12:49:00,CNR6138724979,Success,CID854732,Bike,Jayanagar,Basavanagudi,238.0,145.0,Not Applicable,Not Applicable,No,Not Applicable,407,Cash,20,4.4,4.8
2024-07-17 18:33:00,CNR2748504183,Success,CID103635,Prime Sedan,Kammanahalli,RT Nagar,84.0,130.0,Not Applicable,Not Applicable,No,Not Applicable,605,Cash,20,3.9,4.5
2024-07-12 06:42:00,CNR6147005869,Success,CID516457,Prime Sedan,Ulsoor,Kadugodi,84.0,110.0,Not Applicable,Not Applicable,No,Not Applicable,178,Cash,29,3.8,4.6
2024-07-27 22:30:00,CNR2261081153,Canceled by Customer,CID366420,Prime Sedan,KR Puram,Hosur Road,,,Driver asked to cancel,Not Applicable,Not Applicable,Not Applicable,313,Not Applicable,0,,
2024-07-17 22:17:00,CNR7834126222,Canceled by Driver,CID576946,Prime SUV,Bannerghatta Road,Hulimavu,,,Not Applicable,Personal & Car related issue,Not Applicable,Not Applicable,441,Not Applicable,0,,
2024-07-20 15:23:00,CNR5395650836,Success,CID192731,Mini,Hosur Road,Rajarajeshwari Nagar,105.0,140.0,Not Applicable,Not Applicable,No,Not Applicable,171,Cash,2,4.2,4.2
2024-07-21 11:07:00,CNR5756698037,Canceled by Customer,CID724205,Mini,Frazer Town,Hulimavu,,,Wrong Address,Not Applicable,Not Applicable,Not Applicable,111,Not Applicable,0,,
2024-07-18 03:19:00,CNR9427724297,Canceled by Driver,CID507314,Prime Plus,Sahakar Nagar,Magadi Road,,,Not Applicable,Customer related issue,Not Applicable,Not Applicable,119,Not Applicable,0,,
2024-07-15 00:08:00,CNR5202699031,Success,CID894698,eBike,Kammanahalli,Yelahanka,133.0,90.0,Not Applicable,Not Applicable,No,Not Applicable,431,Cash,6,4.5,3.9
2024-07-06 18:45:00,CNR2790676235,Driver Not Found,CID784111,Mini,Bannerghatta Road,Koramangala,,,Not Applicable,Not Applicable,Not Applicable,Not Applicable,753,Not Applicable,0,,
2024-07-18 20:17:00,CNR3700215141,Canceled by Driver,CID485008,Bike,Kengeri,Kengeri,,,Not Applicable,Personal & Car related issue,Not Applicable,Not Applicable,161,Not Applicable,0,,
2024-07-01 09:45:00,CNR3744257302,Success,CID595039,Prime Plus,Malleshwaram,Hennur,182.0,60.0,Not Applicable,Not Applicable,No,Not Applicable,304,UPI,3,4.3,3.8
2024-07-09 20:17:00,CNR9895648958,Canceled by Driver,CID171595,eBike,Koramangala,Sarjapur Road,,,Not Applicable,Customer was coughing/sick,Not Applicable,Not Applicable,281,Not Applicable,0,,
2024-07-27 03:30:00,CNR3233320676,Canceled by Customer,CID578829,eBike,BTM Layout,Rajarajeshwari Nagar,,,AC is Not working,Not Applicable,Not Applicable,Not Applicable,350,Not Applicable,0,,
2024-07-23 04:20:00,CNR2206381758,Success,CID669852,Prime Sedan,Chamarajpet,JP Nagar,182.0,100.0,Not Applicable,Not Applicable,No,Not Applicable,298,Cash,24,4.3,3.2
2024-07-21 22:47:00,CNR5471608582,Canceled by Customer,CID849092,Auto,HSR Layout,Sarjapur Road,,,Driver asked to cancel,Not Applicable,Not Applicable,Not Applicable,719,Not Applicable,0,,
2024-07-02 07:16:00,CNR3901787169,Success,CID779063,Prime Plus,Mysore Road,Koramangala,266.0,140.0,Not Applicable,Not Applicable,No,Not Applicable,1283,Cash,8,3.8,4.5
2024-07-14 11:05:00,CNR6156357879,Success,CID681625,eBike,Nagarbhavi,Hennur,266.0,80.0,Not Applicable,Not Applicable,No,Not Applicable,736,UPI,42,3.3,3.3
2024-07-25 21:16:00,CNR9284299225,Canceled by Driver,CID313260,Mini,Yelahanka,Whitefield,,,Not Applicable,Customer was coughing/sick,Not Applicable,Not Applicable,304,Not Applicable,0,,
2024-07-25 10:08:00,CNR4867696303,Canceled by Driver,CID404863,Bike,KR Puram,Varthur,,,Not Applicable,Customer related issue,Not Applicable,Not Applicable,458,Not Applicable,0,,
2024-07-10 02:03:00,CNR5408896008,Success,CID154355,Auto,Kammanahalli,Kadugodi,91.0,35.0,Not Applicable,Not Applicable,No,Not Applicable,271,Cash,2,3.2,4.2
2024-07-10 05:02:00,CNR2239689607,Success,CID451409,Prime SUV,Nagarbhavi,Magadi Road,259.0,90.0,Not Applicable,Not Applicable,No,Not Applicable,748,UPI,48,4.2,4.0
2024-07-26 13:31:00,CNR5374690634,Success,CID434648,Mini,MG Road,Rajajinagar,266.0,85.0,Not Applicable,Not Applicable,No,Not Applicable,844,Cash,20,4.0,4.5
2024-07-23 20:07:00,CNR6629749898,Success,CID631731,Mini,Devanahalli,Rajajinagar,182.0,140.0,Not Applicable,Not Applicable,No,Not Applicable,240,UPI,10,4.9,3.3
2024-07-23 17:44:00,CNR2537222641,Success,CID434842,Bike,BTM Layout,Rajarajeshwari Nagar,280.0,135.0,Not Applicable,Not Applicable,No,Not Applicable,488,UPI,42,3.2,3.7
2024-07-03 13:53:00,CNR1811720507,Success,CID622684,Auto,RT Nagar,Magadi Road,231.0,60.0,Not Applicable,Not Applicable,No,Not Applicable,286,Cash,7,4.7,4.5
2024-07-10 02:42:00,CNR5614484890,Success,CID831279,Mini,Cox Town,Vijayanagar,266.0,110.0,Not Applicable,Not Applicable,No,Not Applicable,508,UPI,37,3.6,4.6
2024-07-27 13:41:00,CNR3370229251,Success,CID850788,Auto,Shantinagar,Ramamurthy Nagar,203.0,65.0,Not Applicable,Not Applicable,Yes,Customer Demand,142,UPI,13,4.2,4.7
2024-07-27 19:42:00,CNR6269980829,Driver Not Found,CID718865,Bike,Whitefield,Cox Town,,,Not Applicable,Not Applicable,Not Applicable,Not Applicable,324,Not Applicable,0,,
2024-07-23 02:17:00,CNR6785577001,Driver Not Found,CID827972,Bike,Sarjapur Road,RT Nagar,,,Not Applicable,Not Applicable,Not Applicable,Not Applicable,276,Not Applicable,0,,
2024-07-24 22:31:00,CNR3567990167,Canceled by Driver,CID456935,Auto,Yeshwanthpur,Nagarbhavi,,,Not Applicable,Customer was coughing/sick,Not Applicable,Not Applicable,151,Not Applicable,0,,
2024-07-18 04:42:00,CNR5992478357,Canceled by Customer,CID569109,Prime SUV,Devanahalli,Mysore Road,,,Driver is not moving towards pickup location,Not Applicable,Not Applicable,Not Applicable,348,Not Applicable,0,,
2024-07-17 15:00:00,CNR9118539475,Success,CID605145,Auto,Bannerghatta Road,Ramamurthy Nagar,70.0,140.0,Not Applicable,Not Applicable,No,Not Applicable,332,Cash,19,3.1,3.6
2024-07-27 23:58:00,CNR1706281714,Canceled by Driver,CID250560,Auto,Sahakar Nagar,Bellandur,,,Not Applicable,Customer related issue,Not Applicable,Not Applicable,390,Not Applicable,0,,
2024-07-06 08:14:00,CNR5263298313,Success,CID338479,Auto,Vijayanagar,Hosur Road,175.0,115.0,Not Applicable,Not Applicable,No,Not Applicable,110,UPI,7,3.4,4.2
2024-07-24 04:13:00,CNR9153267729,Success,CID263430,Prime Sedan,Hosur Road,Majestic,133.0,50.0,Not Applicable,Not Applicable,No,Not Applicable,386,Cash,29,3.3,3.1
2024-07-29 17:29:00,CNR2381375291,Success,CID797682,Prime SUV,Sarjapur Road,Marathahalli,196.0,30.0,Not Applicable,Not Applicable,No,Not Applicable,959,Cash,11,4.9,3.2
2024-07-28 05:48:00,CNR5929665686,Success,CID593598,eBike,Cox Town,Bannerghatta Road,105.0,130.0,Not Applicable,Not Applicable,No,Not Applicable,251,UPI,40,4.7,3.8
2024-07-28 09:29:00,CNR6966945539,Success,CID550402,eBike,Kengeri,BTM Layout,161.0,120.0,Not Applicable,Not Applicable,No,Not Applicable,891,UPI,30,3.5,4.1
2024-07-24 13:17:00,CNR1403796567,Success,CID309897,eBike,Rajarajeshwari Nagar,Tumkur Road,91.0,45.0,Not Applicable,Not Applicable,No,Not Applicable,610,Cash,12,3.4,4.7
2024-07-13 06:26:00,CNR6424154384,Success,CID597655,Prime SUV,Yelahanka,Marathahalli,77.0,80.0,Not Applicable,Not Applicable,No,Not Applicable,577,Cash,23,4.2,4.4
2024-07-05 01:19:00,CNR3595501985,Success,CID619309,Prime Plus,Shantinagar,Kammanahalli,140.0,105.0,Not Applicable,Not Applicable,No,Not Applicable,768,Cash,35,3.9,4.0
2024-07-04 18:27:00,CNR6421752995,Canceled by Driver,CID499839,Auto,Hennur,Malleshwaram,,,Not Applicable,Customer related issue,Not Applicable,Not Applicable,251,Not Applicable,0,,
2024-07-22 14:50:00,CNR3661201760,Success,CID898678,Prime Sedan,Banashankari,Shantinagar,280.0,95.0,Not Applicable,Not Applicable,No,Not Applicable,199,UPI,3,3.1,4.1
2024-07-08 16:39:00,CNR9085043412,Success,CID204845,Mini,Magadi Road,Magadi Road,287.0,60.0,Not Applicable,Not Applicable,No,Not Applicable,362,Cash,37,4.3,3.3
2024-07-04 19:29:00,CNR3437601045,Success,CID953029,Prime SUV,Ramamurthy Nagar,HSR Layout,308.0,35.0,Not Applicable,Not Applicable,No,Not Applicable,2061,UPI,8,4.2,4.8
2024-07-13 22:13:00,CNR9647276796,Canceled by Driver,CID961472,Prime Plus,Koramangala,Basavanagudi,,,Not Applicable,Personal & Car related issue,Not Applicable,Not Applicable,934,Not Applicable,0,,
2024-07-23 19:08:00,CNR6168880330,Success,CID749997,Prime Plus,Chamarajpet,Electronic City,161.0,85.0,Not Applicable,Not Applicable,No,Not Applicable,1977,Cash,14,4.0,5.0
2024-07-10 22:54:00,CNR6632590232,Canceled by Driver,CID327585,Auto,Shivajinagar,Ulsoor,,,Not Applicable,Personal & Car related issue,Not Applicable,Not Applicable,123,Not Applicable,0,,
2024-07-25 04:07:00,CNR2865361098,Canceled by Customer,CID943766,eBike,Kammanahalli,Electronic City,,,Driver is not moving towards pickup location,Not Applicable,Not Applicable,Not Applicable,1935,Not Applicable,0,,
2024-07-07 09:48:00,CNR5049230460,Success,CID583498,Mini,Shivajinagar,Bannerghatta Road,77.0,70.0,Not Applicable,Not Applicable,No,Not Applicable,404,Cash,45,3.1,3.9
2024-07-26 02:53:00,CNR3197382652,Canceled by Driver,CID899220,Mini,Koramangala,Chickpet,,,Not Applicable,Customer related issue,Not Applicable,Not Applicable,181,Not Applicable,0,,
2024-07-13 21:22:00,CNR9793315187,Canceled by Driver,CID141234,Prime SUV,Frazer Town,Magadi Road,,,Not Applicable,Personal & Car related issue,Not Applicable,Not Applicable,811,Not Applicable,0,,
2024-07-18 09:35:00,CNR5601887288,Success,CID874311,Bike,Koramangala,BTM Layout,196.0,130.0,Not Applicable,Not Applicable,No,Not Applicable,240,UPI,45,4.6,3.3
2024-07-13 15:57:00,CNR1041197234,Success,CID121260,Mini,Marathahalli,Koramangala,49.0,110.0,Not Applicable,Not Applicable,No,Not Applicable,421,Credit Card,43,3.3,3.5
2024-07-29 08:50:00,CNR5289375413,Canceled by Customer,CID750702,Prime Sedan,JP Nagar,Yeshwanthpur,,,AC is Not working,Not Applicable,Not Applicable,Not Applicable,426,Not Applicable,0,,
2024-07-10 01:30:00,CNR8897624650,Success,CID893742,Auto,Jayanagar,Magadi Road,126.0,85.0,Not Applicable,Not Applicable,No,Not Applicable,138,Cash,11,4.6,4.4
2024-07-02 04:02:00,CNR7809968666,Canceled by Driver,CID811032,Auto,Indiranagar,Yeshwanthpur,,,Not Applicable,Customer related issue,Not Applicable,Not Applicable,717,Not Applicable,0,,
2024-07-11 04:50:00,CNR5589384415,Success,CID326800,eBike,Chickpet,Rajarajeshwari Nagar,77.0,85.0,Not Applicable,Not Applicable,No,Not Applicable,596,Cash,23,3.2,5.0
2024-07-20 23:26:00,CNR6206155989,Success,CID186608,Prime Plus,Ulsoor,Kadugodi,287.0,85.0,Not Applicable,Not Applicable,No,Not Applicable,530,Cash,43,3.7,4.7
2024-07-01 15:37:00,CNR7020375089,Success,CID798506,Auto,Varthur,Kadugodi,266.0,95.0,Not Applicable,Not Applicable,No,Not Applicable,488,Cash,1,3.6,4.1
2024-07-24 05:27:00,CNR8196874329,Canceled by Driver,CID966857,Prime SUV,Mysore Road,Electronic City,,,Not Applicable,Customer related issue,Not Applicable,Not Applicable,611,Not Applicable,0,,
2024-07-10 16:56:00,CNR6143501555,Driver Not Found,CID664462,Auto,Shantinagar,Majestic,,,Not Applicable,Not Applicable,Not Applicable,Not Applicable,262,Not Applicable,0,,
2024-07-01 07:20:00,CNR5452418066,Success,CID526937,Prime SUV,Basavanagudi,Hebbal,189.0,45.0,Not Applicable,Not Applicable,No,Not Applicable,125,UPI,18,3.8,3.6
2024-07-13 16:41:00,CNR5033552190,Success,CID814996,Prime Plus,Yeshwanthpur,Koramangala,224.0,105.0,Not Applicable,Not Applicable,No,Not Applicable,203,UPI,11,4.2,4.4
2024-07-26 02:11:00,CNR7581264905,Canceled by Driver,CID229178,Prime Sedan,JP Nagar,Padmanabhanagar,,,Not Applicable,Customer related issue,Not Applicable,Not Applicable,139,Not Applicable,0,,
2024-07-20 11:03:00,CNR1896760971,Success,CID790992,Mini,Shantinagar,Sarjapur Road,196.0,40.0,Not Applicable,Not Applicable,No,Not Applicable,364,UPI,12,4.1,3.8
2024-07-14 16:57:00,CNR4924900498,Success,CID568607,Prime SUV,Marathahalli,Bannerghatta Road,77.0,40.0,Not Applicable,Not Applicable,No,Not Applicable,408,UPI,14,4.4,3.4
2024-07-01 06:09:00,CNR1973798126,Success,CID134333,Prime SUV,Hebbal,KR Puram,287.0,40.0,Not Applicable,Not Applicable,No,Not Applicable,777,UPI,32,4.5,4.6
2024-07-16 01:21:00,CNR9558774904,Canceled by Driver,CID820556,Prime Sedan,Nagarbhavi,Indiranagar,,,Not Applicable,Customer was coughing/sick,Not Applicable,Not Applicable,268,Not Applicable,0,,
2024-07-02 06:23:00,CNR9560383322,Canceled by Driver,CID458333,Auto,Vijayanagar,Kammanahalli,,,Not Applicable,Customer related issue,Not Applicable,Not Applicable,153,Not Applicable,0,,
2024-07-14 10:07:00,CNR9204042691,Driver Not Found,CID462746,Prime Plus,Yeshwanthpur,Rajarajeshwari Nagar,,,Not Applicable,Not Applicable,Not Applicable,Not Applicable,857,Not Applicable,0,,
2024-07-05 02:57:00,CNR2459895165,Success,CID329200,Prime SUV,Bannerghatta Road,BTM Layout,175.0,50.0,Not Applicable,Not Applicable,No,Not Applicable,859,Cash,10,3.2,4.6
2024-07-14 04:55:00,CNR2281887318,Canceled by Driver,CID902223,Bike,Ramamurthy Nagar,Kammanahalli,,,Not Applicable,Customer related issue,Not Applicable,Not Applicable,906,Not Applicable,0,,
2024-07-28 11:51:00,CNR4340731162,Canceled by Driver,CID853391,Prime Sedan,Banashankari,Rajarajeshwari Nagar,,,Not Applicable,Customer related issue,Not Applicable,Not Applicable,393,Not Applicable,0,,
2024-07-04 22:04:00,CNR6026349541,Success,CID910378,Bike,Shivajinagar,MG Road,224.0,35.0,Not Applicable,Not Applicable,No,Not Applicable,439,Cash,49,4.8,4.1
2024-07-15 13:57:00,CNR9334950761,Canceled by Customer,CID556450,Mini,Yeshwanthpur,Peenya,,,Change of plans,Not Applicable,Not Applicable,Not Applicable,781,Not Applicable,0,,
2024-07-18 05:38:00,CNR6902158033,Success,CID368232,Auto,Padmanabhanagar,Electronic City,308.0,55.0,Not Applicable,Not Applicable,No,Not Applicable,189,Cash,8,4.5,4.3
2024-07-03 19:08:00,CNR6745707194,Success,CID477170,eBike,Peenya,Shantinagar,168.0,140.0,Not Applicable,Not Applicable,No,Not Applicable,165,Cash,17,3.8,4.0
2024-07-28 17:20:00,CNR8499531861,Success,CID253560,Prime SUV,Hennur,Kengeri,217.0,70.0,Not Applicable,Not Applicable,No,Not Applicable,444,UPI,18,4.8,4.8
2024-07-24 04:51:00,CNR7100049796,Success,CID676711,Prime Plus,Yeshwanthpur,Magadi Road,210.0,80.0,Not Applicable,Not Applicable,No,Not Applicable,182,UPI,11,3.8,3.3
2024-07-13 09:16:00,CNR4157918065,Success,CID226742,eBike,Rajarajeshwari Nagar,Cox Town,42.0,45.0,Not Applicable,Not Applicable,No,Not Applicable,398,UPI,48,3.9,3.8
2024-07-09 07:32:00,CNR5023244023,Canceled by Customer,CID517028,Auto,Yeshwanthpur,Kammanahalli,,,AC is Not working,Not Applicable,Not Applicable,Not Applicable,2929,Not Applicable,0,,
2024-07-27 23:36:00,CNR7319573559,Success,CID472111,Bike,Langford Town,RT Nagar,119.0,115.0,Not Applicable,Not Applicable,No,Not Applicable,395,Cash,28,4.5,4.8
2024-07-01 02:56:00,CNR7169433640,Success,CID631623,Mini,Peenya,Sarjapur Road,189.0,75.0,Not Applicable,Not Applicable,No,Not Applicable,392,UPI,34,3.9,4.5
2024-07-01 06:46:00,CNR9469118314,Success,CID699538,Bike,Shantinagar,Cox Town,133.0,130.0,Not Applicable,Not Applicable,No,Not Applicable,396,UPI,38,3.8,4.1
2024-07-24 20:26:00,CNR5862447001,Success,CID572678,Bike,Chamarajpet,HSR Layout,210.0,105.0,Not Applicable,Not Applicable,No,Not Applicable,352,Cash,39,3.8,4.0
2024-07-14 21:03:00,CNR7245328824,Success,CID921662,Prime Sedan,Majestic,BTM Layout,203.0,70.0,Not Applicable,Not Applicable,No,Not Applicable,286,Cash,24,3.5,4.7
2024-07-03 04:07:00,CNR3170484170,Success,CID387827,eBike,Richmond Town,Bannerghatta Road,259.0,110.0,Not Applicable,Not Applicable,No,Not Applicable,376,Cash,20,4.2,4.2
2024-07-11 22:31:00,CNR9114703981,Success,CID162834,Prime Sedan,Jayanagar,Kengeri,217.0,70.0,Not Applicable,Not Applicable,No,Not Applicable,218,UPI,11,3.9,3.9
2024-07-24 03:40:00,CNR7985602678,Success,CID899267,Auto,Frazer Town,Kammanahalli,287.0,70.0,Not Applicable,Not Applicable,No,Not Applicable,479,Cash,13,3.6,3.8
2024-07-05 23:54:00,CNR4921248173,Driver Not Found,CID635622,Auto,Cox Town,Cox Town,,,Not Applicable,Not Applicable,Not Applicable,Not Applicable,384,Not Applicable,0,,
2024-07-05 15:52:00,CNR7114690518,Canceled by Customer,CID958183,eBike,Basavanagudi,Vijayanagar,,,Driver asked to cancel,Not Applicable,Not Applicable,Not Applicable,193,Not Applicable,0,,
2024-07-15 07:29:00,CNR8165330469,Success,CID642943,eBike,HSR Layout,Varthur,196.0,25.0,Not Applicable,Not Applicable,No,Not Applicable,242,UPI,30,4.0,4.0
2024-07-11 05:32:00,CNR8769355468,Canceled by Driver,CID827625,Prime Plus,Shantinagar,KR Puram,,,Not Applicable,Personal & Car related issue,Not Applicable,Not Applicable,1338,Not Applicable,0,,
2024-07-25 12:01:00,CNR2343469194,Canceled by Customer,CID790093,Mini,Sarjapur Road,MG Road,,,AC is Not working,Not Applicable,Not Applicable,Not Applicable,767,Not Applicable,0,,
2024-07-05 16:28:00,CNR8023868518,Canceled by Driver,CID454357,Prime SUV,Kammanahalli,Kammanahalli,,,Not Applicable,Customer related issue,Not Applicable,Not Applicable,380,Not Applicable,0,,
2024-07-02 01:19:00,CNR2452968493,Success,CID176673,Bike,Chamarajpet,Magadi Road,231.0,75.0,Not Applicable,Not Applicable,No,Not Applicable,272,Cash,36,3.5,4.5
2024-07-12 21:05:00,CNR6549701634,Success,CID167358,eBike,Whitefield,Hosur Road,266.0,80.0,Not Applicable,Not Applicable,Yes,Other Issue,445,Cash,10,4.2,4.0
2024-07-18 23:31:00,CNR7490998538,Canceled by Driver,CID665756,Prime SUV,Yelahanka,Richmond Town,,,Not Applicable,Personal & Car related issue,Not Applicable,Not Applicable,400,Not Applicable,0,,
2024-07-30 04:55:00,CNR8296434888,Driver Not Found,CID327065,Prime Plus,Ramamurthy Nagar,Langford Town,,,Not Applicable,Not Applicable,Not Applicable,Not Applicable,354,Not Applicable,0,,
2024-07-14 21:42:00,CNR3297605523,Driver Not Found,CID422390,Bike,Cox Town,Shantinagar,,,Not Applicable,Not Applicable,Not Applicable,Not Applicable,2874,Not Applicable,0,,
2024-07-10 01:55:00,CNR6883466612,Success,CID489037,Mini,Sarjapur Road,BTM Layout,224.0,25.0,Not Applicable,Not Applicable,No,Not Applicable,253,Cash,13,3.0,3.8
2024-07-10 07:45:00,CNR7956852035,Success,CID146610,Bike,Hosur Road,Chamarajpet,175.0,60.0,Not Applicable,Not Applicable,No,Not Applicable,1927,UPI,6,3.2,4.1
2024-07-04 13:14:00,CNR4420757703,Canceled by Driver,CID400611,Mini,Yelahanka,Rajarajeshwari Nagar,,,Not Applicable,Personal & Car related issue,Not Applicable,Not Applicable,120,Not Applicable,0,,
2024-07-23 03:38:00,CNR6289129976,Success,CID152596,eBike,KR Puram,Cox Town,210.0,115.0,Not Applicable,Not Applicable,No,Not Applicable,217,Cash,15,4.6,4.2
2024-07-26 21:10:00,CNR6664215747,Success,CID601615,Prime SUV,Bannerghatta Road,Basavanagudi,245.0,120.0,Not Applicable,Not Applicable,No,Not Applicable,468,UPI,1,4.6,3.4
2024-07-03 02:36:00,CNR9817808202,Success,CID463898,Auto,BTM Layout,Varthur,56.0,70.0,Not Applicable,Not Applicable,No,Not Applicable,488,UPI,12,3.5,3.4
2024-07-23 06:59:00,CNR2158687660,Success,CID126906,Auto,Padmanabhanagar,Whitefield,161.0,140.0,Not Applicable,Not Applicable,No,Not Applicable,504,Credit Card,15,3.2,3.7
2024-07-19 15:53:00,CNR1078767589,Driver Not Found,CID606292,Prime Sedan,Rajarajeshwari Nagar,Malleshwaram,,,Not Applicable,Not Applicable,Not Applicable,Not Applicable,470,Not Applicable,0,,
2024-07-24 02:40:00,CNR4738314979,Success,CID714857,Prime Sedan,KR Puram,Bannerghatta Road,112.0,40.0,Not Applicable,Not Applicable,No,Not Applicable,458,UPI,37,5.0,3.9
2024-07-25 19:14:00,CNR1966556916,Success,CID768628,Bike,Basavanagudi,Ramamurthy Nagar,238.0,80.0,Not Applicable,Not Applicable,No,Not Applicable,274,Cash,49,4.4,3.8
2024-07-09 11:19:00,CNR9967733333,Canceled by Driver,CID259749,Auto,Bannerghatta Road,Majestic,,,Not Applicable,More than permitted people in there,Not Applicable,Not Applicable,558,Not Applicable,0,,
2024-07-21 16:48:00,CNR9886092048,Canceled by Customer,CID382637,Prime Sedan,Hennur,Nagarbhavi,,,Driver asked to cancel,Not Applicable,Not Applicable,Not Applicable,568,Not Applicable,0,,
2024-07-25 05:09:00,CNR9486050786,Canceled by Customer,CID380867,Auto,RT Nagar,BTM Layout,,,Driver asked to cancel,Not Applicable,Not Applicable,Not Applicable,270,Not Applicable,0,,
2024-07-05 23:21:00,CNR5061746315,Success,CID337528,Bike,Magadi Road,Devanahalli,245.0,30.0,Not Applicable,Not Applicable,No,Not Applicable,316,Cash,23,4.1,4.3
2024-07-19 23:52:00,CNR6954780828,Success,CID141986,Prime Sedan,Hosur Road,Yeshwanthpur,161.0,85.0,Not Applicable,Not Applicable,No,Not Applicable,306,Cash,27,3.5,4.2
2024-07-12 05:23:00,CNR1529609679,Success,CID888469,Auto,Malleshwaram,Mysore Road,203.0,70.0,Not Applicable,Not Applicable,No,Not Applicable,300,UPI,11,5.0,3.4
2024-07-10 13:46:00,CNR5828370461,Driver Not Found,CID528468,Bike,Rajajinagar,Kadugodi,,,Not Applicable,Not Applicable,Not Applicable,Not Applicable,2497,Not Applicable,0,,
2024-07-07 04:12:00,CNR3587166774,Canceled by Driver,CID715434,Mini,Hennur,Kadugodi,,,Not Applicable,Customer was coughing/sick,Not Applicable,Not Applicable,475,Not Applicable,0,,
2024-07-23 05:10:00,CNR4229966554,Success,CID167204,eBike,Bellandur,Shivajinagar,252.0,25.0,Not Applicable,Not Applicable,No,Not Applicable,328,UPI,2,3.8,3.2
2024-07-22 03:34:00,CNR6957722587,Canceled by Driver,CID174185,Bike,BTM Layout,Shantinagar,,,Not Applicable,Customer related issue,Not Applicable,Not Applicable,583,Not Applicable,0,,
2024-07-10 17:18:00,CNR1648501354,Canceled by Driver,CID562750,Auto,Magadi Road,Malleshwaram,,,Not Applicable,Personal & Car related issue,Not Applicable,Not Applicable,263,Not Applicable,0,,
2024-07-09 03:38:00,CNR2295646379,Success,CID484955,eBike,Vijayanagar,Padmanabhanagar,77.0,140.0,Not Applicable,Not Applicable,No,Not Applicable,839,Cash,42,3.9,4.9
2024-07-12 13:53:00,CNR8161463741,Success,CID819448,Prime Sedan,Hosur Road,Koramangala,63.0,90.0,Not Applicable,Not Applicable,No,Not Applicable,291,Cash,25,3.3,3.1
2024-07-08 12:21:00,CNR5845715999,Success,CID159044,Prime Plus,Bannerghatta Road,Hulimavu,56.0,55.0,Not Applicable,Not Applicable,No,Not Applicable,102,Cash,6,4.4,4.5
2024-07-18 09:09:00,CNR1958263522,Success,CID533183,Prime Plus,Nagarbhavi,Ramamurthy Nagar,56.0,65.0,Not Applicable,Not Applicable,No,Not Applicable,944,UPI,10,4.6,4.8
2024-07-14 20:34:00,CNR7120205151,Success,CID286191,Mini,Varthur,Yelahanka,189.0,115.0,Not Applicable,Not Applicable,No,Not Applicable,213,Cash,31,4.2,3.9
2024-07-24 10:12:00,CNR7628171326,Canceled by Driver,CID464571,Auto,Ulsoor,Sarjapur Road,,,Not Applicable,Customer related issue,Not Applicable,Not Applicable,279,Not Applicable,0,,
2024-07-15 09:33:00,CNR9576124753,Canceled by Driver,CID404365,Prime Sedan,Kengeri,Magadi Road,,,Not Applicable,Personal & Car related issue,Not Applicable,Not Applicable,217,Not Applicable,0,,
2024-07-06 01:59:00,CNR5291386104,Success,CID212543,Mini,Tumkur Road,Sarjapur Road,105.0,60.0,Not Applicable,Not Applicable,No,Not Applicable,443,UPI,11,4.1,4.0
2024-07-29 09:50:00,CNR8749233196,Canceled by Driver,CID248672,eBike,Hosur Road,Kadugodi,,,Not Applicable,Customer related issue,Not Applicable,Not Applicable,331,Not Applicable,0,,
2024-07-02 00:09:00,CNR8170606441,Canceled by Driver,CID546533,Mini,Peenya,Varthur,,,Not Applicable,Customer related issue,Not Applicable,Not Applicable,322,Not Applicable,0,,
2024-07-18 11:09:00,CNR8599589345,Success,CID885570,Auto,Frazer Town,Padmanabhanagar,70.0,110.0,Not Applicable,Not Applicable,No,Not Applicable,577,Cash,14,3.5,3.1
2024-07-08 08:33:00,CNR6321867631,Driver Not Found,CID815153,Prime Sedan,HSR Layout,Hebbal,,,Not Applicable,Not Applicable,Not Applicable,Not Applicable,328,Not Applicable,0,,
2024-07-07 02:57:00,CNR5872777965,Driver Not Found,CID765580,Auto,Hebbal,Nagarbhavi,,,Not Applicable,Not Applicable,Not Applicable,Not Applicable,761,Not Applicable,0,,
2024-07-02 10:32:00,CNR3083072076,Success,CID743493,Prime SUV,Majestic,Varthur,252.0,60.0,Not Applicable,Not Applicable,No,Not Applicable,254,Credit Card,33,3.6,4.9
2024-07-29 20:01:00,CNR8435256883,Driver Not Found,CID972943,Bike,Rajajinagar,Banashankari,,,Not Applicable,Not Applicable,Not Applicable,Not Applicable,1195,Not Applicable,0,,
2024-07-11 05:25:00,CNR5682415758,Canceled by Customer,CID458319,Mini,Frazer Town,MG Road,,,Wrong Address,Not Applicable,Not Applicable,Not Applicable,2119,Not Applicable,0,,
2024-07-25 21:33:00,CNR1709741522,Success,CID295619,Bike,BTM Layout,Yelahanka,133.0,65.0,Not Applicable,Not Applicable,No,Not Applicable,459,UPI,21,4.0,3.8
2024-07-14 21:11:00,CNR1940395373,Success,CID281468,Prime SUV,Hosur Road,Hennur,238.0,145.0,Not Applicable,Not Applicable,No,Not Applicable,330,Cash,43,3.6,3.1
2024-07-23 10:22:00,CNR2083215019,Canceled by Customer,CID926393,Auto,Vijayanagar,HSR Layout,,,Change of plans,Not Applicable,Not Applicable,Not Applicable,393,Not Applicable,0,,
2024-07-07 03:19:00,CNR4175202775,Success,CID954430,Prime SUV,Basavanagudi,Chamarajpet,273.0,110.0,Not Applicable,Not Applicable,No,Not Applicable,498,Cash,38,3.6,4.6
2024-07-12 17:14:00,CNR8653559675,Success,CID885016,Prime SUV,Richmond Town,Frazer Town,63.0,35.0,Not Applicable,Not Applicable,No,Not Applicable,483,UPI,39,3.2,3.6
2024-07-14 08:51:00,CNR7063636412,Canceled by Driver,CID875231,Prime Sedan,Sahakar Nagar,KR Puram,,,Not Applicable,Customer related issue,Not Applicable,Not Applicable,196,Not Applicable,0,,
2024-07-16 09:38:00,CNR5004757948,Canceled by Driver,CID812733,Prime SUV,Cox Town,Ulsoor,,,Not Applicable,Customer related issue,Not Applicable,Not Applicable,158,Not Applicable,0,,
2024-07-10 15:18:00,CNR1761766437,Canceled by Customer,CID325768,Prime Sedan,Koramangala,Kammanahalli,,,AC is Not working,Not Applicable,Not Applicable,Not Applicable,324,Not Applicable,0,,
2024-07-15 23:15:00,CNR3180158001,Driver Not Found,CID193408,Bike,Sahakar Nagar,MG Road,,,Not Applicable,Not Applicable,Not Applicable,Not Applicable,1720,Not Applicable,0,,
2024-07-19 18:08:00,CNR4647045723,Driver Not Found,CID231280,Bike,HSR Layout,Magadi Road,,,Not Applicable,Not Applicable,Not Applicable,Not Applicable,444,Not Applicable,0,,
2024-07-11 05:04:00,CNR3327323712,Success,CID776789,Bike,Varthur,Bannerghatta Road,252.0,50.0,Not Applicable,Not Applicable,No,Not Applicable,437,UPI,39,4.4,3.9
2024-07-12 00:10:00,CNR4668652577,Canceled by Driver,CID744060,eBike,Kadugodi,Shantinagar,,,Not Applicable,Customer was coughing/sick,Not Applicable,Not Applicable,233,Not Applicable,0,,
2024-07-18 11:22:00,CNR5176250934,Success,CID618970,Prime SUV,Nagarbhavi,Sarjapur Road,42.0,135.0,Not Applicable,Not Applicable,No,Not Applicable,398,Cash,18,4.0,4.8
2024-07-11 08:19:00,CNR7508989889,Success,CID574807,Prime SUV,Hulimavu,Malleshwaram,98.0,35.0,Not Applicable,Not Applicable,Yes,Customer Demand,819,Cash,22,3.8,4.8
2024-07-13 06:38:00,CNR3614873473,Success,CID714080,Prime Sedan,Vijayanagar,Vijayanagar,224.0,60.0,Not Applicable,Not Applicable,No,Not Applicable,174,UPI,7,3.2,4.9
2024-07-07 01:10:00,CNR1641461986,Canceled by Customer,CID383354,Bike,Hulimavu,Magadi Road,,,Driver asked to cancel,Not Applicable,Not Applicable,Not Applicable,266,Not Applicable,0,,
2024-07-17 06:21:00,CNR8570923833,Success,CID813403,eBike,Yelahanka,Mysore Road,231.0,120.0,Not Applicable,Not Applicable,No,Not Applicable,2536,UPI,10,4.1,3.5
2024-07-12 13:09:00,CNR1797677427,Success,CID664195,Mini,Electronic City,Electronic City,133.0,45.0,Not Applicable,Not Applicable,No,Not Applicable,280,UPI,31,4.3,3.1
2024-07-27 06:54:00,CNR7035170359,Success,CID384490,Mini,Kammanahalli,HSR Layout,168.0,65.0,Not Applicable,Not Applicable,No,Not Applicable,893,UPI,20,3.8,3.7
2024-07-21 16:31:00,CNR2424218876,Success,CID506370,Prime Sedan,Basavanagudi,Mysore Road,147.0,85.0,Not Applicable,Not Applicable,No,Not Applicable,186,Cash,45,3.8,3.6
2024-07-03 10:55:00,CNR1797514688,Canceled by Customer,CID294282,Prime Plus,Shivajinagar,Ulsoor,,,Wrong Address,Not Applicable,Not Applicable,Not Applicable,2548,Not Applicable,0,,
2024-07-12 03:55:00,CNR9104614748,Success,CID578622,Bike,Malleshwaram,Yeshwanthpur,161.0,130.0,Not Applicable,Not Applicable,No,Not Applicable,414,Cash,30,4.8,4.1
2024-07-30 06:09:00,CNR8760196233,Success,CID802451,Bike,Basavanagudi,Hebbal,126.0,115.0,Not Applicable,Not Applicable,No,Not Applicable,148,UPI,18,3.5,4.1
2024-07-09 22:23:00,CNR3396328954,Success,CID179549,Mini,Peenya,Ulsoor,63.0,105.0,Not Applicable,Not Applicable,Yes,Vehicle Breakdown,378,Cash,46,3.8,4.9
2024-07-28 03:58:00,CNR2972241496,Success,CID653824,Prime Plus,Peenya,Ramamurthy Nagar,308.0,30.0,Not Applicable,Not Applicable,No,Not Applicable,167,Cash,49,4.6,4.2
2024-07-09 16:59:00,CNR8060201628,Driver Not Found,CID550367,eBike,MG Road,Whitefield,,,Not Applicable,Not Applicable,Not Applicable,Not Applicable,1058,Not Applicable,0,,
2024-07-06 06:31:00,CNR2292035662,Canceled by Driver,CID254848,Prime SUV,Kammanahalli,Hosur Road,,,Not Applicable,Personal & Car related issue,Not Applicable,Not Applicable,310,Not Applicable,0,,
2024-07-08 16:45:00,CNR6274426100,Canceled by Driver,CID663376,Prime SUV,Yeshwanthpur,Langford Town,,,Not Applicable,Customer related issue,Not Applicable,Not Applicable,538,Not Applicable,0,,
2024-07-03 01:40:00,CNR7591950674,Success,CID326773,Prime SUV,Chamarajpet,Tumkur Road,266.0,140.0,Not Applicable,Not Applicable,No,Not Applicable,1300,Cash,25,3.3,4.1
2024-07-20 14:57:00,CNR4905628778,Canceled by Driver,CID613280,eBike,Jayanagar,Richmond Town,,,Not Applicable,Customer was coughing/sick,Not Applicable,Not Applicable,155,Not Applicable,0,,
2024-07-10 22:05:00,CNR2773929523,Driver Not Found,CID558105,Prime SUV,MG Road,RT Nagar,,,Not Applicable,Not Applicable,Not Applicable,Not Applicable,493,Not Applicable,0,,
2024-07-16 00:42:00,CNR3115937291,Driver Not Found,CID752815,Mini,Ramamurthy Nagar,Kammanahalli,,,Not Applicable,Not Applicable,Not Applicable,Not Applicable,275,Not Applicable,0,,
2024-07-21 01:59:00,CNR5891051121,Success,CID970688,Mini,Shantinagar,Padmanabhanagar,63.0,60.0,Not Applicable,Not Applicable,No,Not Applicable,468,Cash,4,4.9,4.8
2024-07-11 10:46:00,CNR2358791511,Success,CID668329,Bike,Shivajinagar,RT Nagar,217.0,55.0,Not Applicable,Not Applicable,No,Not Applicable,777,UPI,26,3.0,3.7
2024-07-09 06:17:00,CNR6834370539,Driver Not Found,CID954838,Prime SUV,KR Puram,Shivajinagar,,,Not Applicable,Not Applicable,Not Applicable,Not Applicable,495,Not Applicable,0,,
2024-07-19 21:11:00,CNR4773058644,Canceled by Driver,CID129791,Prime Sedan,Sahakar Nagar,Chamarajpet,,,Not Applicable,Customer related issue,Not Applicable,Not Applicable,483,Not Applicable,0,,
2024-07-27 03:28:00,CNR2119998532,Canceled by Customer,CID697831,Auto,Yelahanka,Hennur,,,Driver is not moving towards pickup location,Not Applicable,Not Applicable,Not Applicable,439,Not Applicable,0,,
2024-07-30 04:35:00,CNR4456868192,Success,CID438464,eBike,Langford Town,Koramangala,217.0,115.0,Not Applicable,Not Applicable,No,Not Applicable,813,UPI,44,4.8,5.0
2024-07-04 16:17:00,CNR6842929676,Success,CID146787,Prime Sedan,KR Puram,Rajajinagar,168.0,45.0,Not Applicable,Not Applicable,No,Not Applicable,370,Debit Card,23,4.4,3.1
2024-07-28 04:11:00,CNR6220452892,Driver Not Found,CID621197,Auto,Banashankari,Cox Town,,,Not Applicable,Not Applicable,Not Applicable,Not Applicable,474,Not Applicable,0,,
2024-07-19 05:12:00,CNR2315991613,Success,CID670884,Auto,Langford Town,Tumkur Road,280.0,55.0,Not Applicable,Not Applicable,No,Not Applicable,212,Credit Card,5,3.8,4.2
2024-07-06 12:24:00,CNR5340357008,Success,CID220054,Prime Sedan,Majestic,Devanahalli,105.0,115.0,Not Applicable,Not Applicable,No,Not Applicable,367,Cash,22,3.0,3.2
2024-07-10 00:08:00,CNR3362936514,Canceled by Driver,CID816995,Prime Sedan,Electronic City,Tumkur Road,,,Not Applicable,Customer related issue,Not Applicable,Not Applicable,359,Not Applicable,0,,
2024-07-23 10:15:00,CNR2491605665,Success,CID870096,Prime Plus,JP Nagar,Whitefield,161.0,60.0,Not Applicable,Not Applicable,No,Not Applicable,524,UPI,29,4.1,4.3
2024-07-02 10:52:00,CNR4753344169,Canceled by Driver,CID966368,Prime SUV,Kammanahalli,Shivajinagar,,,Not Applicable,More than permitted people in there,Not Applicable,Not Applicable,363,Not Applicable,0,,
2024-07-10 11:08:00,CNR4088879353,Driver Not Found,CID388069,Bike,KR Puram,Cox Town,,,Not Applicable,Not Applicable,Not Applicable,Not Applicable,1813,Not Applicable,0,,
2024-07-22 19:17:00,CNR7715605893,Success,CID429684,Auto,Kammanahalli,Whitefield,189.0,50.0,Not Applicable,Not Applicable,No,Not Applicable,498,Cash,10,3.7,4.8
2024-07-05 21:21:00,CNR6886954695,Success,CID545205,Prime Plus,Mysore Road,Koramangala,308.0,135.0,Not Applicable,Not Applicable,No,Not Applicable,182,Cash,2,4.3,4.8
2024-07-12 22:34:00,CNR8024952747,Driver Not Found,CID639443,Mini,Devanahalli,Yeshwanthpur,,,Not Applicable,Not Applicable,Not Applicable,Not Applicable,181,Not Applicable,0,,
2024-07-04 17:00:00,CNR5600350570,Success,CID783625,Bike,Indiranagar,BTM Layout,182.0,100.0,Not Applicable,Not Applicable,No,Not Applicable,244,Cash,11,3.3,4.5
2024-07-25 17:56:00,CNR7616660377,Success,CID568127,Prime SUV,Cox Town,Malleshwaram,126.0,145.0,Not Applicable,Not Applicable,No,Not Applicable,713,Cash,37,3.8,3.5
2024-07-24 08:37:00,CNR9557932908,Canceled by Driver,CID623051,Auto,Bannerghatta Road,Tumkur Road,,,Not Applicable,Customer related issue,Not Applicable,Not Applicable,923,Not Applicable,0,,
2024-07-04 20:58:00,CNR6077620766,Success,CID957949,eBike,Ulsoor,Kammanahalli,84.0,75.0,Not Applicable,Not Applicable,No,Not Applicable,173,Cash,23,5.0,4.1
2024-07-23 02:45:00,CNR2440001359,Driver Not Found,CID148764,Mini,Cox Town,Sarjapur Road,,,Not Applicable,Not Applicable,Not Applicable,Not Applicable,372,Not Applicable,0,,
2024-07-25 13:40:00,CNR6741201289,Canceled by Driver,CID634513,Prime SUV,HSR Layout,Devanahalli,,,Not Applicable,Personal & Car related issue,Not Applicable,Not Applicable,244,Not Applicable,0,,
2024-07-18 14:14:00,CNR4765122243,Success,CID191154,Prime Plus,Whitefield,Majestic,56.0,40.0,Not Applicable,Not Applicable,No,Not Applicable,325,Cash,19,3.6,3.3
2024-07-21 18:53:00,CNR9095456536,Driver Not Found,CID637050,Prime Sedan,Richmond Town,Devanahalli,,,Not Applicable,Not Applicable,Not Applicable,Not Applicable,2344,Not Applicable,0,,
2024-07-24 01:56:00,CNR5752779737,Canceled by Driver,CID716889,Mini,Richmond Town,Vijayanagar,,,Not Applicable,Personal & Car related issue,Not Applicable,Not Applicable,191,Not Applicable,0,,
2024-07-09 13:59:00,CNR6457042096,Driver Not Found,CID689241,Prime SUV,Langford Town,Bellandur,,,Not Applicable,Not Applicable,Not Applicable,Not Applicable,593,Not Applicable,0,,
2024-07-01 03:35:00,CNR4527232169,Driver Not Found,CID336304,Mini,Sahakar Nagar,Tumkur Road,,,Not Applicable,Not Applicable,Not Applicable,Not Applicable,654,Not Applicable,0,,
2024-07-28 08:58:00,CNR9096372300,Driver Not Found,CID877165,Prime Sedan,Yelahanka,Yeshwanthpur,,,Not Applicable,Not Applicable,Not Applicable,Not Applicable,183,Not Applicable,0,,
2024-07-30 15:30:00,CNR1833879952,Success,CID776388,Prime Plus,Hennur,Basavanagudi,175.0,90.0,Not Applicable,Not Applicable,No,Not Applicable,976,Cash,31,3.3,4.4
2024-07-21 16:14:00,CNR8755493303,Success,CID107528,eBike,Electronic City,Rajajinagar,168.0,95.0,Not Applicable,Not Applicable,No,Not Applicable,143,UPI,25,4.2,4.6
2024-07-22 13:00:00,CNR5301644772,Success,CID664461,Mini,Chamarajpet,Kadugodi,168.0,60.0,Not Applicable,Not Applicable,No,Not Applicable,624,Cash,26,4.9,3.6
2024-07-19 09:18:00,CNR9958456311,Success,CID511794,Mini,Marathahalli,Yeshwanthpur,273.0,115.0,Not Applicable,Not Applicable,Yes,Vehicle Breakdown,403,Cash,43,3.9,4.4
2024-07-20 12:27:00,CNR2377935603,Success,CID623023,Mini,Shantinagar,Vijayanagar,238.0,45.0,Not Applicable,Not Applicable,No,Not Applicable,959,Cash,33,4.3,3.6
2024-07-21 19:22:00,CNR5816212121,Success,CID996121,Prime SUV,MG Road,Electronic City,224.0,90.0,Not Applicable,Not Applicable,No,Not Applicable,364,Cash,13,3.6,4.2
2024-07-29 18:49:00,CNR2449414383,Success,CID117401,Bike,Malleshwaram,Yeshwanthpur,252.0,55.0,Not Applicable,Not Applicable,No,Not Applicable,458,Cash,38,5.0,3.9
2024-07-13 09:54:00,CNR2715659188,Success,CID768975,Prime SUV,Frazer Town,Magadi Road,84.0,75.0,Not Applicable,Not Applicable,No,Not Applicable,979,Cash,12,4.4,3.6
2024-07-11 22:11:00,CNR1490066192,Driver Not Found,CID745955,Auto,Frazer Town,Banashankari,,,Not Applicable,Not Applicable,Not Applicable,Not Applicable,727,Not Applicable,0,,
2024-07-10 11:03:00,CNR7199533948,Canceled by Driver,CID141087,Prime SUV,Shivajinagar,Hennur,,,Not Applicable,Customer related issue,Not Applicable,Not Applicable,1076,Not Applicable,0,,
2024-07-17 09:18:00,CNR9610752115,Success,CID200971,Mini,Ulsoor,Padmanabhanagar,266.0,35.0,Not Applicable,Not Applicable,No,Not Applicable,167,UPI,37,3.2,3.7
2024-07-12 20:43:00,CNR6371172733,Success,CID900548,eBike,Nagarbhavi,Banashankari,217.0,35.0,Not Applicable,Not Applicable,Yes,Customer Demand,459,UPI,16,4.9,4.8
2024-07-12 13:25:00,CNR3866903094,Success,CID343689,eBike,Basavanagudi,Bellandur,105.0,145.0,Not Applicable,Not Applicable,No,Not Applicable,241,Cash,11,3.5,3.9
2024-07-05 09:14:00,CNR5954778462,Driver Not Found,CID520136,Bike,Marathahalli,Marathahalli,,,Not Applicable,Not Applicable,Not Applicable,Not Applicable,458,Not Applicable,0,,
2024-07-02 20:20:00,CNR3765541866,Success,CID362285,Mini,Yelahanka,Sahakar Nagar,266.0,25.0,Not Applicable,Not Applicable,No,Not Applicable,228,UPI,4,4.6,3.5
2024-07-08 01:42:00,CNR6570064774,Success,CID293000,Auto,Mysore Road,BTM Layout,49.0,125.0,Not Applicable,Not Applicable,No,Not Applicable,820,Cash,13,3.9,3.5
2024-07-01 15:10:00,CNR3997876569,Success,CID813150,Prime Plus,Basavanagudi,Bellandur,266.0,35.0,Not Applicable,Not Applicable,No,Not Applicable,2793,UPI,5,3.0,4.9
2024-07-17 16:19:00,CNR7863479870,Success,CID244735,Prime Plus,Hennur,Tumkur Road,119.0,105.0,Not Applicable,Not Applicable,No,Not Applicable,486,UPI,42,4.3,3.1
2024-07-19 10:53:00,CNR8356554046,Canceled by Driver,CID823121,Prime SUV,Kadugodi,Tumkur Road,,,Not Applicable,Customer related issue,Not Applicable,Not Applicable,187,Not Applicable,0,,
2024-07-04 08:13:00,CNR1908488234,Success,CID983709,Prime SUV,Basavanagudi,Hebbal,105.0,40.0,Not Applicable,Not Applicable,No,Not Applicable,2747,Cash,18,3.8,4.7
2024-07-23 03:57:00,CNR1813348619,Canceled by Driver,CID346952,Prime Sedan,Majestic,Chickpet,,,Not Applicable,Personal & Car related issue,Not Applicable,Not Applicable,329,Not Applicable,0,,
2024-07-20 05:01:00,CNR2637832023,Canceled by Driver,CID976572,Prime SUV,Sahakar Nagar,Marathahalli,,,Not Applicable,Personal & Car related issue,Not Applicable,Not Applicable,167,Not Applicable,0,,
2024-07-04 02:16:00,CNR3937012584,Canceled by Customer,CID278578,Prime SUV,Shivajinagar,Yelahanka,,,AC is Not working,Not Applicable,Not Applicable,Not Applicable,498,Not Applicable,0,,
2024-07-01 21:45:00,CNR4979107935,Success,CID751422,Prime Plus,Marathahalli,Whitefield,140.0,95.0,Not Applicable,Not Applicable,No,Not Applicable,169,Credit Card,38,4.2,3.4
2024-07-30 15:03:00,CNR5397140334,Success,CID298319,Prime Plus,Nagarbhavi,Peenya,224.0,60.0,Not Applicable,Not Applicable,No,Not Applicable,138,UPI,16,4.0,4.2
2024-07-20 13:59:00,CNR5353101259,Success,CID498231,eBike,Jayanagar,Hulimavu,308.0,135.0,Not Applicable,Not Applicable,No,Not Applicable,459,Cash,44,3.1,3.2
2024-07-13 14:54:00,CNR1576702150,Success,CID309594,Prime Sedan,RT Nagar,JP Nagar,119.0,80.0,Not Applicable,Not Applicable,No,Not Applicable,126,Credit Card,15,4.1,3.7
2024-07-22 08:09:00,CNR1245348089,Canceled by Driver,CID830495,Prime Plus,Shantinagar,Nagarbhavi,,,Not Applicable,Customer related issue,Not Applicable,Not Applicable,397,Not Applicable,0,,
2024-07-15 01:51:00,CNR2966651617,Canceled by Driver,CID833084,Prime Plus,Padmanabhanagar,Rajarajeshwari Nagar,,,Not Applicable,Personal & Car related issue,Not Applicable,Not Applicable,206,Not Applicable,0,,
2024-07-13 09:05:00,CNR9603419094,Success,CID580024,Prime SUV,HSR Layout,Chickpet,84.0,55.0,Not Applicable,Not Applicable,No,Not Applicable,325,Cash,16,4.2,3.2
2024-07-19 14:31:00,CNR3508117253,Success,CID362186,Prime SUV,Hulimavu,Chamarajpet,280.0,135.0,Not Applicable,Not Applicable,No,Not Applicable,286,UPI,24,4.3,3.7
2024-07-08 05:37:00,CNR8615806744,Success,CID432793,Auto,Jayanagar,Kammanahalli,56.0,95.0,Not Applicable,Not Applicable,No,Not Applicable,969,Cash,4,3.6,3.2
2024-07-04 07:18:00,CNR8525491991,Success,CID993748,Bike,Frazer Town,Rajarajeshwari Nagar,112.0,55.0,Not Applicable,Not Applicable,No,Not Applicable,310,UPI,44,3.6,4.8
2024-07-18 23:20:00,CNR4858517981,Success,CID651785,Mini,Sahakar Nagar,Magadi Road,217.0,30.0,Not Applicable,Not Applicable,No,Not Applicable,497,Cash,48,3.0,3.3
2024-07-21 12:31:00,CNR2460005429,Success,CID480171,Auto,Chickpet,Bannerghatta Road,140.0,110.0,Not Applicable,Not Applicable,No,Not Applicable,187,Cash,10,4.0,4.3
2024-07-20 22:24:00,CNR7686285152,Success,CID696584,Mini,Majestic,Marathahalli,63.0,35.0,Not Applicable,Not Applicable,No,Not Applicable,945,Cash,4,3.8,3.5
2024-07-02 03:49:00,CNR3365001650,Canceled by Driver,CID966553,eBike,Yelahanka,Chamarajpet,,,Not Applicable,Personal & Car related issue,Not Applicable,Not Applicable,170,Not Applicable,0,,
2024-07-17 00:54:00,CNR1334150281,Success,CID534529,eBike,Ramamurthy Nagar,Hulimavu,98.0,25.0,Not Applicable,Not Applicable,No,Not Applicable,478,Cash,38,3.7,3.2
2024-07-18 10:00:00,CNR4013180429,Success,CID992889,Prime Sedan,Whitefield,Banashankari,42.0,45.0,Not Applicable,Not Applicable,No,Not Applicable,487,UPI,24,3.5,3.7
2024-07-15 06:55:00,CNR7702950432,Canceled by Customer,CID784893,Prime SUV,Ulsoor,Chickpet,,,Driver is not moving towards pickup location,Not Applicable,Not Applicable,Not Applicable,429,Not Applicable,0,,
2024-07-06 14:00:00,CNR9690905866,Canceled by Driver,CID988603,Prime SUV,Majestic,Hosur Road,,,Not Applicable,Personal & Car related issue,Not Applicable,Not Applicable,403,Not Applicable,0,,
2024-07-15 17:06:00,CNR3306185241,Success,CID985562,eBike,KR Puram,Cox Town,259.0,95.0,Not Applicable,Not Applicable,No,Not Applicable,104,Cash,42,3.2,4.2
2024-07-21 13:44:00,CNR8434062186,Canceled by Driver,CID862058,eBike,HSR Layout,Devanahalli,,,Not Applicable,Personal & Car related issue,Not Applicable,Not Applicable,163,Not Applicable,0,,
2024-07-22 18:00:00,CNR8814536220,Driver Not Found,CID897998,Bike,Hennur,Hulimavu,,,Not Applicable,Not Applicable,Not Applicable,Not Applicable,402,Not Applicable,0,,
2024-07-14 23:31:00,CNR4864297052,Success,CID347634,Bike,BTM Layout,Indiranagar,147.0,40.0,Not Applicable,Not Applicable,No,Not Applicable,978,Credit Card,37,3.3,4.7
2024-07-22 00:05:00,CNR2361959443,Canceled by Driver,CID947326,Prime SUV,Banashankari,Ulsoor,,,Not Applicable,Customer related issue,Not Applicable,Not Applicable,689,Not Applicable,0,,
2024-07-09 14:05:00,CNR4887536880,Success,CID649386,Prime SUV,Chickpet,Kammanahalli,217.0,80.0,Not Applicable,Not Applicable,No,Not Applicable,276,UPI,39,3.7,4.9
2024-07-05 23:52:00,CNR6833557990,Success,CID571861,Prime Plus,Varthur,Bellandur,175.0,70.0,Not Applicable,Not Applicable,No,Not Applicable,188,Cash,38,3.7,3.7
2024-07-17 08:24:00,CNR3158828286,Driver Not Found,CID297602,Bike,Whitefield,Hebbal,,,Not Applicable,Not Applicable,Not Applicable,Not Applicable,308,Not Applicable,0,,
2024-07-20 10:23:00,CNR8230090492,Canceled by Customer,CID393380,Bike,HSR Layout,Kengeri,,,AC is Not working,Not Applicable,Not Applicable,Not Applicable,464,Not Applicable,0,,
2024-07-22 12:34:00,CNR6886664757,Driver Not Found,CID529475,Prime Plus,Hennur,Koramangala,,,Not Applicable,Not Applicable,Not Applicable,Not Applicable,158,Not Applicable,0,,
2024-07-02 07:49:00,CNR1531728616,Success,CID864924,eBike,Shivajinagar,Bannerghatta Road,84.0,145.0,Not Applicable,Not Applicable,No,Not Applicable,395,UPI,41,4.4,4.8
2024-07-27 21:33:00,CNR5278151249,Driver Not Found,CID638210,eBike,Devanahalli,Frazer Town,,,Not Applicable,Not Applicable,Not Applicable,Not Applicable,278,Not Applicable,0,,
2024-07-06 23:32:00,CNR4915726952,Canceled by Driver,CID936936,Mini,Hosur Road,Yeshwanthpur,,,Not Applicable,Customer was coughing/sick,Not Applicable,Not Applicable,832,Not Applicable,0,,
2024-07-15 03:17:00,CNR2502586537,Success,CID374573,Prime SUV,KR Puram,Hennur,266.0,55.0,Not Applicable,Not Applicable,No,Not Applicable,219,Cash,15,3.3,4.2
2024-07-05 17:42:00,CNR2999140245,Driver Not Found,CID481419,Prime Sedan,RT Nagar,Basavanagudi,,,Not Applicable,Not Applicable,Not Applicable,Not Applicable,377,Not Applicable,0,,
2024-07-20 05:43:00,CNR9445167133,Success,CID951975,Mini,Chamarajpet,Richmond Town,210.0,25.0,Not Applicable,Not Applicable,No,Not Applicable,158,Cash,48,4.3,3.3
2024-07-15 22:43:00,CNR3996684835,Success,CID484374,Mini,Mysore Road,Hebbal,35.0,90.0,Not Applicable,Not Applicable,No,Not Applicable,309,Cash,46,4.5,3.4
2024-07-05 08:28:00,CNR6394024663,Success,CID578181,Prime Plus,HSR Layout,Bellandur,280.0,80.0,Not Applicable,Not Applicable,No,Not Applicable,481,Cash,43,4.3,3.8
2024-07-22 10:21:00,CNR9615839592,Success,CID975514,Mini,Magadi Road,Rajarajeshwari Nagar,224.0,95.0,Not Applicable,Not Applicable,No,Not Applicable,303,Cash,42,4.4,3.8
2024-07-07 10:00:00,CNR8720374891,Canceled by Customer,CID995314,Bike,Hebbal,Electronic City,,,AC is Not working,Not Applicable,Not Applicable,Not Applicable,323,Not Applicable,0,,
2024-07-15 15:37:00,CNR3459286134,Canceled by Driver,CID753735,Prime Plus,Varthur,Marathahalli,,,Not Applicable,Customer was coughing/sick,Not Applicable,Not Applicable,300,Not Applicable,0,,
2024-07-04 21:23:00,CNR1674968028,Canceled by Driver,CID325917,Bike,Ramamurthy Nagar,Richmond Town,,,Not Applicable,Customer related issue,Not Applicable,Not Applicable,105,Not Applicable,0,,
2024-07-09 14:30:00,CNR7866951749,Success,CID212681,Mini,Sarjapur Road,Bannerghatta Road,84.0,85.0,Not Applicable,Not Applicable,No,Not Applicable,389,Cash,5,4.3,4.3
2024-07-27 08:47:00,CNR6775330859,Success,CID183737,Prime Sedan,Magadi Road,Koramangala,140.0,105.0,Not Applicable,Not Applicable,No,Not Applicable,223,UPI,46,3.7,3.4
2024-07-01 22:19:00,CNR3837593540,Success,CID137857,Auto,Langford Town,HSR Layout,175.0,105.0,Not Applicable,Not Applicable,No,Not Applicable,126,Cash,19,3.0,3.3
2024-07-23 09:21:00,CNR3027787409,Canceled by Driver,CID302363,eBike,Magadi Road,BTM Layout,,,Not Applicable,Personal & Car related issue,Not Applicable,Not Applicable,829,Not Applicable,0,,
2024-07-15 16:57:00,CNR8237324438,Success,CID446799,Auto,Electronic City,Langford Town,119.0,125.0,Not Applicable,Not Applicable,No,Not Applicable,491,Cash,16,3.8,4.8
2024-07-08 14:45:00,CNR8716817645,Success,CID893305,Mini,Kammanahalli,KR Puram,301.0,100.0,Not Applicable,Not Applicable,No,Not Applicable,423,UPI,7,4.9,3.5
2024-07-15 05:12:00,CNR2928866449,Success,CID472452,Prime SUV,Rajajinagar,Richmond Town,182.0,55.0,Not Applicable,Not Applicable,No,Not Applicable,819,UPI,31,4.9,4.6
2024-07-13 05:01:00,CNR7532764992,Success,CID684648,Prime SUV,Jayanagar,Nagarbhavi,273.0,60.0,Not Applicable,Not Applicable,No,Not Applicable,391,UPI,45,4.9,3.8
2024-07-27 01:49:00,CNR4890669981,Success,CID726375,Prime Plus,Yelahanka,Whitefield,133.0,130.0,Not Applicable,Not Applicable,No,Not Applicable,323,UPI,30,4.5,4.9
2024-07-22 18:05:00,CNR3430533877,Success,CID964070,Prime SUV,Chickpet,Sarjapur Road,252.0,45.0,Not Applicable,Not Applicable,No,Not Applicable,945,Cash,34,4.8,4.1
2024-07-28 21:28:00,CNR6308341390,Success,CID857061,Mini,Banashankari,Bellandur,217.0,25.0,Not Applicable,Not Applicable,No,Not Applicable,832,Cash,45,3.1,3.6
2024-07-28 02:09:00,CNR6239010046,Success,CID193704,Auto,Kadugodi,Chamarajpet,77.0,40.0,Not Applicable,Not Applicable,No,Not Applicable,161,Cash,16,4.9,4.8
2024-07-02 09:32:00,CNR1315193711,Success,CID590079,Mini,Padmanabhanagar,Chamarajpet,245.0,45.0,Not Applicable,Not Applicable,No,Not Applicable,723,UPI,43,4.3,4.2
2024-07-26 19:19:00,CNR8660898855,Success,CID184763,Prime Plus,Rajajinagar,KR Puram,252.0,120.0,Not Applicable,Not Applicable,No,Not Applicable,308,UPI,17,4.0,3.3
2024-07-10 04:11:00,CNR7795191518,Driver Not Found,CID550213,Mini,Basavanagudi,Basavanagudi,,,Not Applicable,Not Applicable,Not Applicable,Not Applicable,423,Not Applicable,0,,
2024-07-21 23:31:00,CNR3860214483,Canceled by Driver,CID977823,Prime Sedan,Hennur,Kadugodi,,,Not Applicable,Customer related issue,Not Applicable,Not Applicable,615,Not Applicable,0,,
2024-07-27 09:37:00,CNR5874872074,Success,CID792204,Mini,Yelahanka,Frazer Town,133.0,145.0,Not Applicable,Not Applicable,Yes,Vehicle Breakdown,245,Cash,26,3.8,4.6
2024-07-21 08:21:00,CNR7061871303,Driver Not Found,CID708691,Auto,Cox Town,Devanahalli,,,Not Applicable,Not Applicable,Not Applicable,Not Applicable,487,Not Applicable,0,,
2024-07-23 15:28:00,CNR4652158301,Canceled by Customer,CID845706,Bike,Majestic,RT Nagar,,,Driver asked to cancel,Not Applicable,Not Applicable,Not Applicable,260,Not Applicable,0,,
2024-07-27 11:12:00,CNR4590793104,Success,CID257041,eBike,Padmanabhanagar,Langford Town,280.0,55.0,Not Applicable,Not Applicable,No,Not Applicable,101,Cash,33,3.3,4.9
2024-07-03 15:59:00,CNR6431320549,Canceled by Customer,CID512088,Bike,Padmanabhanagar,Yeshwanthpur,,,Wrong Address,Not Applicable,Not Applicable,Not Applicable,103,Not Applicable,0,,
2024-07-19 05:54:00,CNR8582636147,Success,CID792460,Prime Plus,Basavanagudi,Kadugodi,301.0,60.0,Not Applicable,Not Applicable,No,Not Applicable,416,UPI,38,3.8,3.3
2024-07-01 05:52:00,CNR7658846661,Success,CID877365,Prime SUV,Hulimavu,Chamarajpet,287.0,100.0,Not Applicable,Not Applicable,No,Not Applicable,312,UPI,7,4.8,3.6
2024-07-12 07:45:00,CNR8466419920,Success,CID351744,Bike,Frazer Town,JP Nagar,266.0,100.0,Not Applicable,Not Applicable,No,Not Applicable,830,Cash,15,3.9,3.9
2024-07-02 12:13:00,CNR7497656079,Success,CID246016,eBike,Tumkur Road,Rajajinagar,287.0,100.0,Not Applicable,Not Applicable,No,Not Applicable,874,UPI,1,4.0,4.6
2024-07-04 22:10:00,CNR7242027392,Success,CID794197,Prime Sedan,Yeshwanthpur,Shivajinagar,140.0,55.0,Not Applicable,Not Applicable,No,Not Applicable,305,Cash,41,4.1,3.8
2024-07-20 15:50:00,CNR4395504039,Canceled by Driver,CID255849,Prime Plus,Tumkur Road,Langford Town,,,Not Applicable,Customer related issue,Not Applicable,Not Applicable,311,Not Applicable,0,,
2024-07-20 21:02:00,CNR3569745961,Success,CID925252,Prime Sedan,Rajajinagar,Padmanabhanagar,77.0,70.0,Not Applicable,Not Applicable,No,Not Applicable,135,UPI,8,4.7,4.5
2024-07-18 08:08:00,CNR6957080022,Success,CID438700,Bike,Kengeri,Rajajinagar,231.0,80.0,Not Applicable,Not Applicable,No,Not Applicable,112,Cash,8,4.8,4.3
2024-07-22 17:11:00,CNR3607669151,Success,CID774808,Mini,Cox Town,KR Puram,119.0,145.0,Not Applicable,Not Applicable,No,Not Applicable,238,UPI,24,3.0,4.6
2024-07-02 15:02:00,CNR6597921155,Success,CID690311,Auto,Banashankari,Sarjapur Road,126.0,105.0,Not Applicable,Not Applicable,No,Not Applicable,297,UPI,7,4.8,4.4
2024-07-21 17:01:00,CNR2253272792,Driver Not Found,CID353452,Prime SUV,Hosur Road,Magadi Road,,,Not Applicable,Not Applicable,Not Applicable,Not Applicable,304,Not Applicable,0,,
2024-07-20 10:39:00,CNR5916001358,Success,CID196005,Auto,Sahakar Nagar,Magadi Road,140.0,55.0,Not Applicable,Not Applicable,No,Not Applicable,997,Cash,19,3.5,3.6
2024-07-10 01:36:00,CNR2813717726,Canceled by Driver,CID790750,Mini,Basavanagudi,Cox Town,,,Not Applicable,Customer related issue,Not Applicable,Not Applicable,755,Not Applicable,0,,
2024-07-21 16:44:00,CNR5215823938,Canceled by Driver,CID822749,Auto,Cox Town,Sarjapur Road,,,Not Applicable,Customer was coughing/sick,Not Applicable,Not Applicable,348,Not Applicable,0,,
2024-07-01 22:46:00,CNR2973422040,Success,CID930756,Bike,Marathahalli,Chickpet,70.0,75.0,Not Applicable,Not Applicable,No,Not Applicable,685,UPI,7,4.7,3.9
2024-07-27 18:33:00,CNR4665511941,Canceled by Customer,CID668887,Prime Plus,Kadugodi,Bannerghatta Road,,,Driver is not moving towards pickup location,Not Applicable,Not Applicable,Not Applicable,390,Not Applicable,0,,
2024-07-26 00:22:00,CNR9755504962,Driver Not Found,CID973926,Bike,KR Puram,RT Nagar,,,Not Applicable,Not Applicable,Not Applicable,Not Applicable,758,Not Applicable,0,,
2024-07-30 09:03:00,CNR2575931558,Canceled by Customer,CID747723,eBike,Yelahanka,JP Nagar,,,Driver asked to cancel,Not Applicable,Not Applicable,Not Applicable,243,Not Applicable,0,,
2024-07-01 17:18:00,CNR7803560839,Success,CID474126,Prime Sedan,Jayanagar,KR Puram,231.0,70.0,Not Applicable,Not Applicable,No,Not Applicable,394,UPI,25,3.9,3.2
2024-07-13 01:10:00,CNR5238050228,Canceled by Driver,CID225536,Prime SUV,Ulsoor,Kammanahalli,,,Not Applicable,More than permitted people in there,Not Applicable,Not Applicable,438,Not Applicable,0,,
2024-07-01 16:27:00,CNR5251290272,Success,CID729115,Auto,Indiranagar,Jayanagar,126.0,105.0,Not Applicable,Not Applicable,No,Not Applicable,764,Cash,16,3.5,4.9
2024-07-23 15:35:00,CNR2865968965,Success,CID344040,eBike,Langford Town,Hennur,154.0,115.0,Not Applicable,Not Applicable,No,Not Applicable,227,Cash,24,4.4,3.1
2024-07-11 21:28:00,CNR2373673410,Success,CID931109,Prime SUV,Frazer Town,Varthur,224.0,80.0,Not Applicable,Not Applicable,No,Not Applicable,206,Cash,19,3.6,4.7
2024-07-09 07:10:00,CNR2711312537,Success,CID518953,Prime Sedan,BTM Layout,Basavanagudi,56.0,70.0,Not Applicable,Not Applicable,No,Not Applicable,219,Cash,48,4.4,3.7
2024-07-29 04:27:00,CNR8551344128,Canceled by Driver,CID630820,Bike,Jayanagar,Chickpet,,,Not Applicable,Customer was coughing/sick,Not Applicable,Not Applicable,360,Not Applicable,0,,
2024-07-06 20:20:00,CNR8107526575,Success,CID408556,Auto,Chamarajpet,RT Nagar,245.0,35.0,Not Applicable,Not Applicable,No,Not Applicable,533,UPI,14,4.6,4.1
2024-07-27 12:48:00,CNR3311927497,Canceled by Driver,CID141615,Mini,Bellandur,Basavanagudi,,,Not Applicable,Personal & Car related issue,Not Applicable,Not Applicable,213,Not Applicable,0,,
2024-07-16 07:24:00,CNR9559897756,Driver Not Found,CID971772,Prime Plus,Kammanahalli,Kammanahalli,,,Not Applicable,Not Applicable,Not Applicable,Not Applicable,215,Not Applicable,0,,
2024-07-01 07:21:00,CNR6699271225,Success,CID916868,eBike,Hennur,Magadi Road,126.0,35.0,Not Applicable,Not Applicable,No,Not Applicable,2440,Cash,4,4.5,4.2
2024-07-24 21:52:00,CNR2572624977,Success,CID433881,eBike,Banashankari,Chamarajpet,49.0,120.0,Not Applicable,Not Applicable,No,Not Applicable,2818,UPI,35,3.7,3.9
2024-07-28 06:57:00,CNR6655254752,Canceled by Driver,CID153732,eBike,Richmond Town,Richmond Town,,,Not Applicable,More than permitted people in there,Not Applicable,Not Applicable,654,Not Applicable,0,,
2024-07-05 09:03:00,CNR7594980779,Success,CID305120,Mini,Marathahalli,Hennur,63.0,60.0,Not Applicable,Not Applicable,No,Not Applicable,454,UPI,20,4.7,4.8
2024-07-04 13:35:00,CNR7284746500,Canceled by Driver,CID535765,Prime Sedan,Jayanagar,Nagarbhavi,,,Not Applicable,Customer related issue,Not Applicable,Not Applicable,871,Not Applicable,0,,
2024-07-29 15:12:00,CNR9068817765,Driver Not Found,CID801108,Mini,Tumkur Road,Kengeri,,,Not Applicable,Not Applicable,Not Applicable,Not Applicable,255,Not Applicable,0,,
2024-07-10 03:22:00,CNR9317658897,Success,CID893183,Prime Plus,MG Road,MG Road,175.0,65.0,Not Applicable,Not Applicable,No,Not Applicable,230,Cash,32,4.0,3.5
2024-07-11 16:20:00,CNR4170403129,Canceled by Driver,CID153108,Auto,Peenya,Frazer Town,,,Not Applicable,Personal & Car related issue,Not Applicable,Not Applicable,338,Not Applicable,0,,
2024-07-05 05:22:00,CNR1563340034,Success,CID932089,Mini,Cox Town,Koramangala,56.0,100.0,Not Applicable,Not Applicable,No,Not Applicable,399,UPI,6,3.4,4.1
2024-07-04 08:47:00,CNR4857981180,Success,CID383913,Mini,Richmond Town,Magadi Road,259.0,115.0,Not Applicable,Not Applicable,No,Not Applicable,412,UPI,9,4.9,3.2
2024-07-15 11:59:00,CNR8866650733,Canceled by Driver,CID745879,Prime Sedan,Jayanagar,Nagarbhavi,,,Not Applicable,Personal & Car related issue,Not Applicable,Not Applicable,2970,Not Applicable,0,,
2024-07-13 07:31:00,CNR5956001998,Canceled by Driver,CID566431,Mini,Bellandur,Kadugodi,,,Not Applicable,Customer related issue,Not Applicable,Not Applicable,642,Not Applicable,0,,
2024-07-19 15:12:00,CNR8679860989,Driver Not Found,CID761548,Prime SUV,Shantinagar,JP Nagar,,,Not Applicable,Not Applicable,Not Applicable,Not Applicable,211,Not Applicable,0,,
2024-07-15 08:26:00,CNR6977897146,Canceled by Driver,CID513337,Prime SUV,Cox Town,Varthur,,,Not Applicable,Customer was coughing/sick,Not Applicable,Not Applicable,245,Not Applicable,0,,
2024-07-12 00:06:00,CNR5465674345,Success,CID419465,Prime Sedan,JP Nagar,Tumkur Road,42.0,35.0,Not Applicable,Not Applicable,No,Not Applicable,669,UPI,11,3.2,4.5
2024-07-19 20:34:00,CNR5424881601,Canceled by Customer,CID694296,Prime Sedan,Hosur Road,Chickpet,,,Change of plans,Not Applicable,Not Applicable,Not Applicable,391,Not Applicable,0,,
2024-07-29 19:30:00,CNR8250852295,Success,CID468126,Auto,Indiranagar,KR Puram,301.0,110.0,Not Applicable,Not Applicable,No,Not Applicable,567,Cash,19,3.2,4.7
2024-07-21 12:50:00,CNR8395599605,Canceled by Customer,CID562997,Prime SUV,Yeshwanthpur,Chickpet,,,Wrong Address,Not Applicable,Not Applicable,Not Applicable,1157,Not Applicable,0,,
2024-07-06 15:27:00,CNR1633276718,Success,CID505929,Bike,Padmanabhanagar,Magadi Road,126.0,130.0,Not Applicable,Not Applicable,No,Not Applicable,374,Cash,3,3.3,3.9
2024-07-04 05:03:00,CNR2374583163,Success,CID223115,Bike,Chickpet,Yeshwanthpur,161.0,70.0,Not Applicable,Not Applicable,No,Not Applicable,1638,UPI,5,4.9,3.6
2024-07-02 18:43:00,CNR5112186185,Canceled by Driver,CID481611,eBike,Chamarajpet,Sarjapur Road,,,Not Applicable,Personal & Car related issue,Not Applicable,Not Applicable,304,Not Applicable,0,,
2024-07-16 09:01:00,CNR6303700506,Success,CID244765,Prime SUV,Hulimavu,Peenya,273.0,40.0,Not Applicable,Not Applicable,No,Not Applicable,314,Cash,1,3.5,4.7
2024-07-06 22:59:00,CNR9959236198,Success,CID797082,Mini,Kengeri,JP Nagar,301.0,60.0,Not Applicable,Not Applicable,No,Not Applicable,205,Cash,22,3.8,3.9
2024-07-15 23:03:00,CNR4333884287,Canceled by Driver,CID450306,Prime SUV,Rajajinagar,Ramamurthy Nagar,,,Not Applicable,Customer related issue,Not Applicable,Not Applicable,423,Not Applicable,0,,
2024-07-17 19:50:00,CNR8352385379,Success,CID609610,Bike,Basavanagudi,Shantinagar,56.0,70.0,Not Applicable,Not Applicable,No,Not Applicable,204,Cash,22,4.8,3.3
2024-07-16 06:45:00,CNR2775014309,Success,CID610003,Mini,Rajarajeshwari Nagar,Yelahanka,147.0,35.0,Not Applicable,Not Applicable,No,Not Applicable,467,Cash,13,3.6,4.0
2024-07-11 06:30:00,CNR1675568326,Success,CID979313,eBike,Indiranagar,Varthur,161.0,110.0,Not Applicable,Not Applicable,No,Not Applicable,112,UPI,49,3.3,4.7
2024-07-16 04:29:00,CNR1470079912,Success,CID867765,eBike,Rajarajeshwari Nagar,Sarjapur Road,266.0,70.0,Not Applicable,Not Applicable,No,Not Applicable,494,UPI,36,3.3,4.5
2024-07-27 16:11:00,CNR6526887322,Canceled by Customer,CID326491,Mini,Yeshwanthpur,Hosur Road,,,Driver is not moving towards pickup location,Not Applicable,Not Applicable,Not Applicable,153,Not Applicable,0,,
2024-07-14 17:58:00,CNR5353889083,Canceled by Driver,CID757459,eBike,Chickpet,MG Road,,,Not Applicable,Customer related issue,Not Applicable,Not Applicable,400,Not Applicable,0,,
2024-07-06 14:26:00,CNR3397776352,Canceled by Driver,CID826784,Prime SUV,Mysore Road,RT Nagar,,,Not Applicable,Customer was coughing/sick,Not Applicable,Not Applicable,946,Not Applicable,0,,
2024-07-16 07:25:00,CNR8965325125,Success,CID197599,eBike,Kadugodi,Yeshwanthpur,294.0,145.0,Not Applicable,Not Applicable,No,Not Applicable,210,UPI,21,3.8,4.9
2024-07-04 13:42:00,CNR4629312560,Success,CID497697,Bike,Marathahalli,Rajarajeshwari Nagar,119.0,85.0,Not Applicable,Not Applicable,No,Not Applicable,328,Cash,12,4.2,3.7
2024-07-03 08:24:00,CNR1031102591,Success,CID341055,Prime SUV,Mysore Road,Cox Town,252.0,45.0,Not Applicable,Not Applicable,No,Not Applicable,488,Cash,3,3.8,4.4
2024-07-12 01:15:00,CNR6052428695,Success,CID152591,Prime Plus,Frazer Town,Sahakar Nagar,98.0,30.0,Not Applicable,Not Applicable,No,Not Applicable,932,Cash,30,3.8,3.1
2024-07-25 23:45:00,CNR7555858705,Success,CID446236,Prime Plus,Magadi Road,Shantinagar,259.0,120.0,Not Applicable,Not Applicable,No,Not Applicable,128,UPI,39,4.5,4.2
2024-07-27 21:35:00,CNR3981186634,Canceled by Driver,CID806565,Prime Sedan,Sahakar Nagar,Hulimavu,,,Not Applicable,Personal & Car related issue,Not Applicable,Not Applicable,363,Not Applicable,0,,
2024-07-21 05:18:00,CNR4156154297,Success,CID720970,Auto,Padmanabhanagar,Bannerghatta Road,301.0,60.0,Not Applicable,Not Applicable,No,Not Applicable,215,Cash,18,3.4,4.6
2024-07-17 14:51:00,CNR7909911704,Success,CID818113,Prime SUV,Malleshwaram,Rajarajeshwari Nagar,273.0,40.0,Not Applicable,Not Applicable,No,Not Applicable,145,Cash,17,4.1,4.4
2024-07-23 16:55:00,CNR7994472067,Canceled by Driver,CID582780,Prime Plus,Chamarajpet,Kengeri,,,Not Applicable,Customer related issue,Not Applicable,Not Applicable,849,Not Applicable,0,,
2024-07-13 00:45:00,CNR5650013955,Success,CID543701,Mini,HSR Layout,Padmanabhanagar,308.0,50.0,Not Applicable,Not Applicable,No,Not Applicable,1091,Cash,43,4.1,4.6
2024-07-28 14:30:00,CNR3143991046,Success,CID684566,eBike,Chickpet,Peenya,231.0,125.0,Not Applicable,Not Applicable,No,Not Applicable,106,Cash,18,3.2,3.5
2024-07-03 01:05:00,CNR4767827897,Success,CID521371,Prime SUV,Malleshwaram,Hulimavu,294.0,95.0,Not Applicable,Not Applicable,No,Not Applicable,196,Cash,23,4.6,4.5
2024-07-14 07:45:00,CNR2133146970,Driver Not Found,CID737837,Prime Plus,Yelahanka,Koramangala,,,Not Applicable,Not Applicable,Not Applicable,Not Applicable,346,Not Applicable,0,,
2024-07-21 19:55:00,CNR1743209263,Driver Not Found,CID556739,eBike,Jayanagar,Shivajinagar,,,Not Applicable,Not Applicable,Not Applicable,Not Applicable,907,Not Applicable,0,,
2024-07-10 03:25:00,CNR6344875502,Driver Not Found,CID554676,Auto,Banashankari,Varthur,,,Not Applicable,Not Applicable,Not Applicable,Not Applicable,302,Not Applicable,0,,
2024-07-08 08:11:00,CNR2810550810,Success,CID187581,Auto,Bellandur,Kammanahalli,112.0,40.0,Not Applicable,Not Applicable,No,Not Applicable,364,Cash,2,4.9,4.1
2024-07-10 02:54:00,CNR7957526188,Success,CID252449,Prime SUV,Langford Town,KR Puram,182.0,115.0,Not Applicable,Not Applicable,No,Not Applicable,491,Cash,18,3.1,3.6
2024-07-30 21:03:00,CNR7863430935,Canceled by Driver,CID919205,Prime Plus,Cox Town,Electronic City,,,Not Applicable,Personal & Car related issue,Not Applicable,Not Applicable,423,Not Applicable,0,,
2024-07-04 22:08:00,CNR8522342640,Success,CID372644,Prime SUV,Magadi Road,Magadi Road,98.0,85.0,Not Applicable,Not Applicable,No,Not Applicable,294,Cash,3,3.5,4.3
2024-07-01 19:44:00,CNR4526841137,Driver Not Found,CID629962,Bike,Ramamurthy Nagar,Magadi Road,,,Not Applicable,Not Applicable,Not Applicable,Not Applicable,266,Not Applicable,0,,
2024-07-12 08:24:00,CNR1609482427,Canceled by Driver,CID798601,Prime SUV,Ramamurthy Nagar,Sarjapur Road,,,Not Applicable,Personal & Car related issue,Not Applicable,Not Applicable,476,Not Applicable,0,,
2024-07-29 02:54:00,CNR8464800424,Canceled by Driver,CID105645,Prime Sedan,Devanahalli,Koramangala,,,Not Applicable,Customer related issue,Not Applicable,Not Applicable,245,Not Applicable,0,,
2024-07-28 00:25:00,CNR6918440376,Success,CID680705,Prime Sedan,Sarjapur Road,Shivajinagar,301.0,90.0,Not Applicable,Not Applicable,No,Not Applicable,161,UPI,25,4.1,3.0
2024-07-25 13:46:00,CNR5257793471,Driver Not Found,CID623706,eBike,Hulimavu,Bannerghatta Road,,,Not Applicable,Not Applicable,Not Applicable,Not Applicable,853,Not Applicable,0,,
2024-07-01 18:07:00,CNR7938815913,Canceled by Customer,CID136422,Auto,Kadugodi,BTM Layout,,,Driver asked to cancel,Not Applicable,Not Applicable,Not Applicable,495,Not Applicable,0,,
2024-07-07 08:28:00,CNR7193111481,Canceled by Driver,CID491652,Prime Sedan,Peenya,Vijayanagar,,,Not Applicable,Customer related issue,Not Applicable,Not Applicable,357,Not Applicable,0,,
2024-07-18 21:55:00,CNR8267290989,Success,CID347089,eBike,KR Puram,Nagarbhavi,84.0,75.0,Not Applicable,Not Applicable,No,Not Applicable,646,Cash,23,3.4,4.6
2024-07-24 23:35:00,CNR4220078890,Driver Not Found,CID442818,Bike,Majestic,Rajajinagar,,,Not Applicable,Not Applicable,Not Applicable,Not Applicable,185,Not Applicable,0,,
2024-07-13 22:58:00,CNR9025112193,Success,CID244873,Prime SUV,BTM Layout,Richmond Town,42.0,25.0,Not Applicable,Not Applicable,No,Not Applicable,826,Debit Card,24,3.0,3.2
2024-07-17 07:16:00,CNR5308596363,Driver Not Found,CID744497,eBike,Devanahalli,BTM Layout,,,Not Applicable,Not Applicable,Not Applicable,Not Applicable,417,Not Applicable,0,,
2024-07-19 08:33:00,CNR6648514942,Success,CID484096,Mini,Cox Town,Rajarajeshwari Nagar,154.0,60.0,Not Applicable,Not Applicable,No,Not Applicable,1495,Cash,18,4.9,4.8
2024-07-03 07:00:00,CNR7425392342,Success,CID690443,Auto,Sahakar Nagar,Rajajinagar,147.0,95.0,Not Applicable,Not Applicable,No,Not Applicable,388,UPI,7,4.9,4.0
2024-07-15 20:12:00,CNR6852441680,Success,CID584613,Prime Sedan,Sarjapur Road,Hebbal,119.0,125.0,Not Applicable,Not Applicable,No,Not Applicable,2852,Cash,28,4.6,4.7
2024-07-09 11:46:00,CNR3729331847,Success,CID632234,eBike,RT Nagar,Rajarajeshwari Nagar,259.0,135.0,Not Applicable,Not Applicable,No,Not Applicable,479,Cash,34,4.3,3.9
2024-07-14 22:14:00,CNR6367579431,Success,CID168700,Prime SUV,Banashankari,Devanahalli,189.0,110.0,Not Applicable,Not Applicable,No,Not Applicable,389,UPI,18,3.7,3.7
2024-07-14 10:18:00,CNR5973832560,Canceled by Driver,CID997556,eBike,Hulimavu,Cox Town,,,Not Applicable,Personal & Car related issue,Not Applicable,Not Applicable,321,Not Applicable,0,,
2024-07-10 09:34:00,CNR8284967571,Driver Not Found,CID714491,eBike,Peenya,Majestic,,,Not Applicable,Not Applicable,Not Applicable,Not Applicable,594,Not Applicable,0,,
2024-07-16 21:56:00,CNR5184791374,Success,CID402751,Prime Plus,Yeshwanthpur,Sahakar Nagar,140.0,125.0,Not Applicable,Not Applicable,No,Not Applicable,214,UPI,30,3.9,4.6
2024-07-28 00:55:00,CNR8181180884,Success,CID468255,Prime Sedan,Indiranagar,JP Nagar,70.0,35.0,Not Applicable,Not Applicable,No,Not Applicable,308,Cash,8,4.2,4.5
2024-07-23 05:02:00,CNR6810769904,Success,CID223337,Auto,Magadi Road,Electronic City,77.0,50.0,Not Applicable,Not Applicable,No,Not Applicable,608,Cash,19,3.3,4.4
2024-07-24 10:08:00,CNR8737244838,Success,CID988374,Prime SUV,Frazer Town,Whitefield,266.0,70.0,Not Applicable,Not Applicable,No,Not Applicable,461,UPI,7,4.7,4.5
2024-07-11 21:43:00,CNR6517026405,Success,CID713576,eBike,Hosur Road,Electronic City,308.0,55.0,Not Applicable,Not Applicable,No,Not Applicable,413,Cash,32,3.5,4.6
2024-07-20 19:53:00,CNR4886956099,Success,CID692319,Prime Sedan,Richmond Town,Shantinagar,154.0,60.0,Not Applicable,Not Applicable,No,Not Applicable,706,Cash,8,4.8,4.9
2024-07-29 09:11:00,CNR5129118585,Canceled by Customer,CID771101,eBike,Koramangala,Nagarbhavi,,,Driver asked to cancel,Not Applicable,Not Applicable,Not Applicable,292,Not Applicable,0,,
2024-07-01 04:07:00,CNR9032331564,Canceled by Driver,CID106784,Mini,Ramamurthy Nagar,HSR Layout,,,Not Applicable,Customer related issue,Not Applicable,Not Applicable,244,Not Applicable,0,,
2024-07-07 22:44:00,CNR9433226821,Success,CID897840,Auto,Kammanahalli,Yelahanka,294.0,135.0,Not Applicable,Not Applicable,No,Not Applicable,151,UPI,11,3.5,3.5
2024-07-10 08:16:00,CNR3307313215,Driver Not Found,CID460269,Prime SUV,Richmond Town,BTM Layout,,,Not Applicable,Not Applicable,Not Applicable,Not Applicable,341,Not Applicable,0,,
2024-07-30 05:23:00,CNR2804977442,Driver Not Found,CID871327,Bike,Magadi Road,Rajarajeshwari Nagar,,,Not Applicable,Not Applicable,Not Applicable,Not Applicable,419,Not Applicable,0,,
2024-07-05 22:49:00,CNR8586923350,Success,CID621143,eBike,Sarjapur Road,Langford Town,217.0,95.0,Not Applicable,Not Applicable,No,Not Applicable,439,Cash,3,3.5,4.1
2024-07-12 00:37:00,CNR9987366056,Canceled by Driver,CID522299,Prime SUV,Vijayanagar,Marathahalli,,,Not Applicable,Personal & Car related issue,Not Applicable,Not Applicable,258,Not Applicable,0,,
2024-07-07 12:26:00,CNR8792410077,Canceled by Driver,CID381591,Bike,Sahakar Nagar,Padmanabhanagar,,,Not Applicable,Customer related issue,Not Applicable,Not Applicable,799,Not Applicable,0,,
2024-07-08 02:31:00,CNR4129208437,Driver Not Found,CID695108,eBike,Basavanagudi,Yeshwanthpur,,,Not Applicable,Not Applicable,Not Applicable,Not Applicable,221,Not Applicable,0,,
2024-07-02 04:20:00,CNR4888592954,Success,CID206072,Prime Sedan,Malleshwaram,Rajarajeshwari Nagar,154.0,35.0,Not Applicable,Not Applicable,No,Not Applicable,405,Cash,46,4.9,4.6
2024-07-20 05:48:00,CNR9261413384,Driver Not Found,CID322316,Bike,Nagarbhavi,Nagarbhavi,,,Not Applicable,Not Applicable,Not Applicable,Not Applicable,406,Not Applicable,0,,
2024-07-17 06:44:00,CNR6480699359,Canceled by Customer,CID136891,Auto,Electronic City,Shivajinagar,,,Wrong Address,Not Applicable,Not Applicable,Not Applicable,223,Not Applicable,0,,
2024-07-18 18:33:00,CNR7352506514,Success,CID213765,Prime SUV,Yeshwanthpur,Banashankari,273.0,25.0,Not Applicable,Not Applicable,No,Not Applicable,443,UPI,37,3.8,4.3
2024-07-11 08:56:00,CNR4993649785,Driver Not Found,CID137741,eBike,KR Puram,Koramangala,,,Not Applicable,Not Applicable,Not Applicable,Not Applicable,271,Not Applicable,0,,
2024-07-20 05:22:00,CNR7209662895,Success,CID826265,Prime SUV,Whitefield,Malleshwaram,70.0,70.0,Not Applicable,Not Applicable,No,Not Applicable,394,Cash,48,3.5,4.9
2024-07-01 08:08:00,CNR1303991832,Canceled by Driver,CID819392,Bike,MG Road,Rajajinagar,,,Not Applicable,Customer related issue,Not Applicable,Not Applicable,2650,Not Applicable,0,,
2024-07-11 02:14:00,CNR7060132755,Success,CID439170,Bike,Chickpet,Hosur Road,252.0,105.0,Not Applicable,Not Applicable,No,Not Applicable,139,Cash,42,3.2,5.0
2024-07-28 08:48:00,CNR8537458724,Canceled by Driver,CID774030,Auto,Hulimavu,Magadi Road,,,Not Applicable,Customer related issue,Not Applicable,Not Applicable,838,Not Applicable,0,,
2024-07-08 09:38:00,CNR4654757010,Success,CID242300,eBike,Banashankari,Indiranagar,252.0,120.0,Not Applicable,Not Applicable,No,Not Applicable,991,UPI,27,3.1,3.3
2024-07-12 21:32:00,CNR7471409878,Canceled by Driver,CID848103,eBike,Chamarajpet,Varthur,,,Not Applicable,Customer related issue,Not Applicable,Not Applicable,308,Not Applicable,0,,
2024-07-12 00:47:00,CNR3009730406,Canceled by Driver,CID884969,Prime Plus,Ulsoor,Basavanagudi,,,Not Applicable,Customer was coughing/sick,Not Applicable,Not Applicable,1035,Not Applicable,0,,
2024-07-05 23:38:00,CNR2799590219,Success,CID712225,eBike,Koramangala,RT Nagar,245.0,70.0,Not Applicable,Not Applicable,No,Not Applicable,461,UPI,16,4.2,3.8
2024-07-10 17:49:00,CNR6890897045,Success,CID597425,Prime Plus,Malleshwaram,Rajarajeshwari Nagar,175.0,105.0,Not Applicable,Not Applicable,No,Not Applicable,493,Credit Card,3,5.0,3.6
2024-07-30 01:13:00,CNR2729272224,Canceled by Driver,CID352325,Bike,Cox Town,Shivajinagar,,,Not Applicable,Personal & Car related issue,Not Applicable,Not Applicable,242,Not Applicable,0,,
2024-07-05 12:12:00,CNR3565702611,Success,CID113999,Prime SUV,Chickpet,Malleshwaram,189.0,95.0,Not Applicable,Not Applicable,No,Not Applicable,152,UPI,6,3.2,4.3
2024-07-23 06:28:00,CNR6043203738,Success,CID486072,eBike,Hulimavu,Kengeri,98.0,35.0,Not Applicable,Not Applicable,No,Not Applicable,174,UPI,18,3.4,4.9
2024-07-05 23:24:00,CNR7225764197,Canceled by Customer,CID692405,Prime Sedan,Sarjapur Road,Shantinagar,,,Driver is not moving towards pickup location,Not Applicable,Not Applicable,Not Applicable,459,Not Applicable,0,,
2024-07-12 12:54:00,CNR9424722799,Success,CID796861,Bike,Hebbal,Langford Town,280.0,135.0,Not Applicable,Not Applicable,No,Not Applicable,985,UPI,40,4.8,4.8
2024-07-29 03:41:00,CNR3262983004,Canceled by Customer,CID292328,Mini,Basavanagudi,Chickpet,,,Driver is not moving towards pickup location,Not Applicable,Not Applicable,Not Applicable,413,Not Applicable,0,,
2024-07-29 12:11:00,CNR4697386883,Success,CID795841,Auto,Langford Town,Indiranagar,189.0,145.0,Not Applicable,Not Applicable,No,Not Applicable,156,UPI,7,4.0,3.7
2024-07-23 17:01:00,CNR2809678647,Canceled by Driver,CID921534,eBike,Vijayanagar,Sarjapur Road,,,Not Applicable,Customer was coughing/sick,Not Applicable,Not Applicable,223,Not Applicable,0,,
2024-07-27 22:01:00,CNR1097263944,Success,CID291803,Prime SUV,BTM Layout,Jayanagar,112.0,80.0,Not Applicable,Not Applicable,No,Not Applicable,450,Cash,34,4.0,4.3
2024-07-27 03:15:00,CNR1081288212,Success,CID152593,Prime Sedan,Frazer Town,Basavanagudi,245.0,60.0,Not Applicable,Not Applicable,No,Not Applicable,2226,UPI,10,4.5,4.5
2024-07-09 15:32:00,CNR5138928724,Canceled by Driver,CID587176,Mini,Rajarajeshwari Nagar,Magadi Road,,,Not Applicable,Customer related issue,Not Applicable,Not Applicable,325,Not Applicable,0,,
2024-07-20 14:56:00,CNR9048697527,Success,CID964147,Prime Plus,Richmond Town,Magadi Road,35.0,25.0,Not Applicable,Not Applicable,No,Not Applicable,909,Cash,22,4.2,4.0
2024-07-04 04:47:00,CNR5050039031,Success,CID769563,Mini,JP Nagar,Sarjapur Road,210.0,130.0,Not Applicable,Not Applicable,No,Not Applicable,778,Credit Card,4,3.7,4.2
2024-07-22 19:18:00,CNR1618937896,Canceled by Customer,CID549357,Mini,Majestic,Jayanagar,,,AC is Not working,Not Applicable,Not Applicable,Not Applicable,900,Not Applicable,0,,
2024-07-03 00:44:00,CNR9594085948,Canceled by Customer,CID866577,Prime Plus,Hennur,Sarjapur Road,,,Driver is not moving towards pickup location,Not Applicable,Not Applicable,Not Applicable,127,Not Applicable,0,,
2024-07-09 02:04:00,CNR5229293280,Success,CID887338,Prime SUV,RT Nagar,Kadugodi,126.0,125.0,Not Applicable,Not Applicable,No,Not Applicable,983,UPI,48,3.4,4.8
2024-07-26 17:10:00,CNR4885015311,Driver Not Found,CID149397,Prime SUV,Jayanagar,Tumkur Road,,,Not Applicable,Not Applicable,Not Applicable,Not Applicable,216,Not Applicable,0,,
2024-07-30 03:30:00,CNR3549813270,Success,CID331952,Prime SUV,Kammanahalli,Ramamurthy Nagar,56.0,55.0,Not Applicable,Not Applicable,No,Not Applicable,366,Cash,19,3.9,3.5
2024-07-09 21:35:00,CNR9599974209,Success,CID992892,eBike,Sahakar Nagar,Vijayanagar,70.0,35.0,Not Applicable,Not Applicable,No,Not Applicable,508,Cash,48,4.9,4.4
2024-07-21 16:42:00,CNR2036616744,Success,CID178570,Mini,Yelahanka,Peenya,49.0,95.0,Not Applicable,Not Applicable,No,Not Applicable,716,Cash,43,4.1,4.8
2024-07-19 02:30:00,CNR3519396693,Canceled by Customer,CID985372,Prime SUV,Indiranagar,Malleshwaram,,,AC is Not working,Not Applicable,Not Applicable,Not Applicable,144,Not Applicable,0,,
2024-07-14 17:25:00,CNR7684846519,Success,CID556164,Mini,Peenya,Shivajinagar,231.0,80.0,Not Applicable,Not Applicable,No,Not Applicable,455,Credit Card,16,4.2,3.6
2024-07-21 16:49:00,CNR1326458598,Canceled by Customer,CID456408,Prime Sedan,Mysore Road,Kadugodi,,,Change of plans,Not Applicable,Not Applicable,Not Applicable,246,Not Applicable,0,,
2024-07-20 22:35:00,CNR7429923454,Success,CID766427,Prime SUV,Varthur,Bannerghatta Road,35.0,70.0,Not Applicable,Not Applicable,No,Not Applicable,481,Cash,49,3.7,3.6
2024-07-23 17:47:00,CNR6352523873,Canceled by Driver,CID439698,eBike,Devanahalli,Hebbal,,,Not Applicable,Customer related issue,Not Applicable,Not Applicable,421,Not Applicable,0,,
2024-07-17 22:25:00,CNR7102940539,Canceled by Driver,CID468640,Prime SUV,Banashankari,Jayanagar,,,Not Applicable,More than permitted people in there,Not Applicable,Not Applicable,252,Not Applicable,0,,
2024-07-16 01:19:00,CNR5384704994,Canceled by Driver,CID503881,Prime Plus,Mysore Road,Hennur,,,Not Applicable,Customer was coughing/sick,Not Applicable,Not Applicable,122,Not Applicable,0,,
2024-07-23 13:47:00,CNR9766005398,Success,CID525182,eBike,Cox Town,Rajarajeshwari Nagar,84.0,105.0,Not Applicable,Not Applicable,No,Not Applicable,330,UPI,22,3.9,3.5
2024-07-30 12:24:00,CNR1733968840,Success,CID839577,Prime SUV,BTM Layout,Kammanahalli,35.0,145.0,Not Applicable,Not Applicable,No,Not Applicable,660,UPI,6,4.2,3.9
2024-07-13 16:26:00,CNR5390619051,Success,CID817157,Mini,Bannerghatta Road,Majestic,189.0,70.0,Not Applicable,Not Applicable,Yes,Vehicle Breakdown,239,UPI,4,4.3,4.4
2024-07-06 13:36:00,CNR3237024074,Success,CID434478,eBike,Jayanagar,Chickpet,259.0,80.0,Not Applicable,Not Applicable,No,Not Applicable,651,UPI,47,3.5,3.2
2024-07-25 13:55:00,CNR7297427481,Success,CID523902,eBike,Kadugodi,Ulsoor,301.0,60.0,Not Applicable,Not Applicable,No,Not Applicable,693,UPI,40,5.0,4.9
2024-07-21 13:55:00,CNR3217948936,Success,CID456351,Auto,Hulimavu,Frazer Town,224.0,25.0,Not Applicable,Not Applicable,No,Not Applicable,154,UPI,16,4.3,3.4
2024-07-14 20:50:00,CNR6246475904,Canceled by Customer,CID757500,eBike,Varthur,Nagarbhavi,,,Driver asked to cancel,Not Applicable,Not Applicable,Not Applicable,991,Not Applicable,0,,
2024-07-09 15:15:00,CNR4382160893,Canceled by Customer,CID245147,Mini,Magadi Road,Mysore Road,,,Driver asked to cancel,Not Applicable,Not Applicable,Not Applicable,1602,Not Applicable,0,,
2024-07-30 03:16:00,CNR1147979358,Canceled by Driver,CID930427,eBike,Electronic City,JP Nagar,,,Not Applicable,Customer related issue,Not Applicable,Not Applicable,138,Not Applicable,0,,
2024-07-25 11:19:00,CNR3392090795,Success,CID125144,Bike,Nagarbhavi,RT Nagar,133.0,40.0,Not Applicable,Not Applicable,Yes,Other Issue,497,Cash,21,4.7,4.5
2024-07-12 09:37:00,CNR3279156541,Success,CID816905,Auto,Tumkur Road,Indiranagar,168.0,140.0,Not Applicable,Not Applicable,No,Not Applicable,305,Cash,8,4.2,4.0
2024-07-02 10:54:00,CNR8984859660,Driver Not Found,CID986163,Mini,Langford Town,Malleshwaram,,,Not Applicable,Not Applicable,Not Applicable,Not Applicable,508,Not Applicable,0,,
2024-07-09 17:25:00,CNR5776688220,Canceled by Driver,CID599716,eBike,Marathahalli,Hosur Road,,,Not Applicable,Personal & Car related issue,Not Applicable,Not Applicable,319,Not Applicable,0,,
2024-07-06 00:47:00,CNR7542950944,Success,CID457374,eBike,Bannerghatta Road,Varthur,126.0,80.0,Not Applicable,Not Applicable,No,Not Applicable,228,Cash,45,3.3,3.6
2024-07-22 01:25:00,CNR6626293486,Success,CID350303,Auto,Rajarajeshwari Nagar,Magadi Road,259.0,120.0,Not Applicable,Not Applicable,No,Not Applicable,706,Cash,10,4.8,4.7
2024-07-10 21:32:00,CNR8905644100,Success,CID225318,Prime Plus,Nagarbhavi,Hennur,280.0,140.0,Not Applicable,Not Applicable,No,Not Applicable,370,Cash,43,3.1,4.8
2024-07-19 12:17:00,CNR2045488812,Success,CID483903,Mini,Basavanagudi,Peenya,294.0,140.0,Not Applicable,Not Applicable,No,Not Applicable,253,Cash,8,4.1,3.5
2024-07-01 04:23:00,CNR2818336733,Success,CID255646,Mini,Koramangala,BTM Layout,266.0,75.0,Not Applicable,Not Applicable,No,Not Applicable,2827,Cash,4,4.5,3.2
2024-07-25 23:40:00,CNR2050945131,Canceled by Driver,CID690925,eBike,Varthur,Tumkur Road,,,Not Applicable,Customer related issue,Not Applicable,Not Applicable,139,Not Applicable,0,,
2024-07-09 12:37:00,CNR1209006821,Driver Not Found,CID382233,eBike,Shivajinagar,Langford Town,,,Not Applicable,Not Applicable,Not Applicable,Not Applicable,321,Not Applicable,0,,
2024-07-01 08:20:00,CNR5304965765,Success,CID938198,Prime Plus,Bannerghatta Road,Yelahanka,84.0,75.0,Not Applicable,Not Applicable,No,Not Applicable,102,Cash,28,4.9,4.2
2024-07-18 04:55:00,CNR4438174885,Success,CID594897,Mini,Indiranagar,Jayanagar,105.0,50.0,Not Applicable,Not Applicable,No,Not Applicable,191,UPI,9,4.0,4.3
2024-07-05 18:08:00,CNR8000689929,Canceled by Driver,CID887114,Auto,Vijayanagar,RT Nagar,,,Not Applicable,More than permitted people in there,Not Applicable,Not Applicable,259,Not Applicable,0,,
2024-07-14 09:45:00,CNR2158126885,Canceled by Driver,CID951690,Prime SUV,Majestic,Padmanabhanagar,,,Not Applicable,Customer related issue,Not Applicable,Not Applicable,791,Not Applicable,0,,
2024-07-10 12:55:00,CNR5340964410,Success,CID697727,Prime SUV,Kadugodi,Hebbal,77.0,115.0,Not Applicable,Not Applicable,No,Not Applicable,741,Cash,9,3.2,3.3
2024-07-24 05:50:00,CNR4816121753,Success,CID596014,Prime Sedan,Hennur,Peenya,266.0,100.0,Not Applicable,Not Applicable,No,Not Applicable,1310,Cash,1,3.6,4.6
2024-07-09 23:34:00,CNR9176305554,Success,CID390251,eBike,Basavanagudi,Rajajinagar,217.0,120.0,Not Applicable,Not Applicable,No,Not Applicable,400,UPI,21,4.5,4.2
2024-07-06 06:20:00,CNR7389350762,Success,CID789990,Bike,Frazer Town,Rajarajeshwari Nagar,154.0,145.0,Not Applicable,Not Applicable,No,Not Applicable,1406,Cash,24,4.2,3.3
2024-07-13 07:39:00,CNR2689238398,Driver Not Found,CID506630,Prime Sedan,Tumkur Road,Hennur,,,Not Applicable,Not Applicable,Not Applicable,Not Applicable,357,Not Applicable,0,,
2024-07-21 00:16:00,CNR5725727889,Success,CID301286,Prime Sedan,Vijayanagar,Basavanagudi,98.0,45.0,Not Applicable,Not Applicable,No,Not Applicable,441,Cash,32,3.3,4.2
2024-07-11 02:09:00,CNR4866803595,Canceled by Driver,CID366871,Auto,Koramangala,Electronic City,,,Not Applicable,Personal & Car related issue,Not Applicable,Not Applicable,416,Not Applicable,0,,
2024-07-30 23:34:00,CNR3379190203,Success,CID216287,Mini,Peenya,Peenya,98.0,120.0,Not Applicable,Not Applicable,No,Not Applicable,322,UPI,17,4.6,3.3
2024-07-19 01:11:00,CNR4174540101,Canceled by Driver,CID128280,Prime SUV,MG Road,Tumkur Road,,,Not Applicable,Customer related issue,Not Applicable,Not Applicable,868,Not Applicable,0,,
2024-07-18 22:31:00,CNR2751713756,Success,CID904335,Prime SUV,Hebbal,Sahakar Nagar,84.0,85.0,Not Applicable,Not Applicable,No,Not Applicable,198,UPI,17,4.8,3.0
2024-07-03 12:43:00,CNR2427551323,Canceled by Customer,CID628372,eBike,Vijayanagar,Bellandur,,,Driver asked to cancel,Not Applicable,Not Applicable,Not Applicable,208,Not Applicable,0,,
2024-07-02 08:28:00,CNR7719551017,Success,CID848554,Auto,Padmanabhanagar,Electronic City,252.0,50.0,Not Applicable,Not Applicable,No,Not Applicable,212,UPI,2,4.4,4.1
2024-07-28 19:00:00,CNR8477779497,Success,CID989710,Prime Sedan,Marathahalli,Majestic,210.0,25.0,Not Applicable,Not Applicable,No,Not Applicable,303,Cash,23,4.4,4.0
2024-07-22 02:47:00,CNR6385880687,Success,CID464644,Prime Sedan,Frazer Town,Sarjapur Road,252.0,145.0,Not Applicable,Not Applicable,No,Not Applicable,306,Cash,26,4.9,4.4
2024-07-29 05:11:00,CNR4222955133,Success,CID585902,Mini,Hennur,Indiranagar,308.0,105.0,Not Applicable,Not Applicable,No,Not Applicable,732,Cash,2,3.9,4.5
2024-07-18 17:12:00,CNR9785956844,Canceled by Driver,CID181390,Prime Plus,Magadi Road,Rajajinagar,,,Not Applicable,More than permitted people in there,Not Applicable,Not Applicable,228,Not Applicable,0,,
2024-07-20 13:18:00,CNR4755402361,Success,CID313549,Auto,Bellandur,Basavanagudi,140.0,40.0,Not Applicable,Not Applicable,No,Not Applicable,284,UPI,17,3.5,4.3
2024-07-14 06:30:00,CNR4629608067,Success,CID923200,Prime Sedan,Malleshwaram,Cox Town,196.0,30.0,Not Applicable,Not Applicable,No,Not Applicable,161,Cash,10,4.1,3.3
2024-07-12 01:10:00,CNR7554873637,Success,CID340271,Mini,Richmond Town,Cox Town,224.0,125.0,Not Applicable,Not Applicable,No,Not Applicable,439,Cash,47,3.4,4.4
2024-07-26 12:34:00,CNR7236579489,Canceled by Driver,CID894713,Bike,Hebbal,Frazer Town,,,Not Applicable,Customer related issue,Not Applicable,Not Applicable,291,Not Applicable,0,,
2024-07-17 13:31:00,CNR2457832995,Success,CID378170,Prime Plus,Devanahalli,KR Puram,238.0,85.0,Not Applicable,Not Applicable,No,Not Applicable,504,Cash,41,3.7,3.2
2024-07-28 10:37:00,CNR7455619168,Canceled by Customer,CID554422,Prime Plus,Banashankari,Jayanagar,,,Driver asked to cancel,Not Applicable,Not Applicable,Not Applicable,324,Not Applicable,0,,
2024-07-01 08:44:00,CNR8393971776,Success,CID988254,Auto,Sahakar Nagar,Ulsoor,161.0,85.0,Not Applicable,Not Applicable,No,Not Applicable,495,Cash,4,4.5,3.9
2024-07-11 06:31:00,CNR4885479805,Success,CID219973,Prime Plus,Peenya,Yeshwanthpur,196.0,90.0,Not Applicable,Not Applicable,No,Not Applicable,244,Cash,37,4.3,4.7
2024-07-27 10:26:00,CNR1798047541,Success,CID343395,Bike,Vijayanagar,Magadi Road,266.0,115.0,Not Applicable,Not Applicable,No,Not Applicable,414,UPI,10,3.6,3.5
2024-07-20 02:26:00,CNR5052142381,Canceled by Customer,CID197028,Auto,Richmond Town,Shantinagar,,,AC is Not working,Not Applicable,Not Applicable,Not Applicable,389,Not Applicable,0,,
2024-07-19 00:34:00,CNR3631542924,Success,CID335108,Prime Plus,Rajarajeshwari Nagar,Vijayanagar,140.0,110.0,Not Applicable,Not Applicable,No,Not Applicable,118,Cash,2,5.0,3.4
2024-07-19 14:50:00,CNR8964059082,Success,CID284221,Prime Sedan,Sarjapur Road,Shivajinagar,273.0,135.0,Not Applicable,Not Applicable,No,Not Applicable,372,UPI,13,3.4,3.3
2024-07-01 01:15:00,CNR9890662217,Driver Not Found,CID354897,eBike,MG Road,Shivajinagar,,,Not Applicable,Not Applicable,Not Applicable,Not Applicable,774,Not Applicable,0,,
2024-07-04 02:10:00,CNR9159961580,Success,CID575606,eBike,Sarjapur Road,Basavanagudi,112.0,100.0,Not Applicable,Not Applicable,No,Not Applicable,165,Cash,1,3.4,3.3
2024-07-05 18:32:00,CNR4963919865,Driver Not Found,CID346385,eBike,Rajarajeshwari Nagar,Hebbal,,,Not Applicable,Not Applicable,Not Applicable,Not Applicable,754,Not Applicable,0,,
2024-07-16 02:32:00,CNR1675828400,Driver Not Found,CID584096,Bike,Banashankari,Bannerghatta Road,,,Not Applicable,Not Applicable,Not Applicable,Not Applicable,1383,Not Applicable,0,,
2024-07-22 11:35:00,CNR3164913366,Success,CID330042,eBike,Devanahalli,Hulimavu,119.0,90.0,Not Applicable,Not Applicable,No,Not Applicable,470,Cash,4,4.0,3.9
2024-07-10 21:12:00,CNR7036882365,Success,CID686827,Mini,Hulimavu,RT Nagar,203.0,50.0,Not Applicable,Not Applicable,Yes,Vehicle Breakdown,788,Cash,29,4.2,4.0
2024-07-14 04:48:00,CNR8706703175,Success,CID946697,Prime Sedan,Vijayanagar,Electronic City,175.0,60.0,Not Applicable,Not Applicable,No,Not Applicable,657,UPI,1,4.6,3.5
2024-07-02 02:07:00,CNR4457572522,Canceled by Driver,CID697036,Auto,Rajajinagar,Koramangala,,,Not Applicable,Customer related issue,Not Applicable,Not Applicable,439,Not Applicable,0,,
2024-07-17 13:07:00,CNR7934883833,Canceled by Driver,CID765547,Mini,Bannerghatta Road,Yelahanka,,,Not Applicable,Customer related issue,Not Applicable,Not Applicable,872,Not Applicable,0,,
2024-07-24 08:57:00,CNR1899812476,Success,CID822635,eBike,Kammanahalli,Hosur Road,175.0,80.0,Not Applicable,Not Applicable,No,Not Applicable,100,Cash,27,3.6,5.0
2024-07-15 20:30:00,CNR5214278664,Success,CID635425,Auto,Peenya,Chickpet,77.0,30.0,Not Applicable,Not Applicable,No,Not Applicable,770,Cash,13,3.3,4.2
2024-07-09 11:10:00,CNR2307895491,Success,CID427363,Auto,Ramamurthy Nagar,Ramamurthy Nagar,308.0,30.0,Not Applicable,Not Applicable,No,Not Applicable,765,UPI,11,3.8,4.0
2024-07-19 19:39:00,CNR6459036599,Success,CID693139,Prime Plus,Hulimavu,Frazer Town,252.0,65.0,Not Applicable,Not Applicable,No,Not Applicable,459,Cash,36,4.1,4.6
2024-07-08 17:24:00,CNR8842181429,Success,CID949314,Prime SUV,Rajajinagar,RT Nagar,217.0,45.0,Not Applicable,Not Applicable,No,Not Applicable,269,Cash,37,3.5,5.0
2024-07-15 21:54:00,CNR8850908963,Driver Not Found,CID803353,Auto,Kengeri,Malleshwaram,,,Not Applicable,Not Applicable,Not Applicable,Not Applicable,846,Not Applicable,0,,
2024-07-19 05:58:00,CNR7713102375,Success,CID569131,Prime Sedan,Electronic City,Ulsoor,168.0,35.0,Not Applicable,Not Applicable,No,Not Applicable,314,Cash,13,3.6,3.3
2024-07-17 22:38:00,CNR6910908586,Canceled by Customer,CID122103,Prime SUV,Nagarbhavi,Langford Town,,,Driver asked to cancel,Not Applicable,Not Applicable,Not Applicable,492,Not Applicable,0,,
2024-07-08 06:49:00,CNR9833991818,Success,CID913786,Auto,Yeshwanthpur,Varthur,308.0,45.0,Not Applicable,Not Applicable,No,Not Applicable,144,Debit Card,6,4.8,3.5
2024-07-29 23:08:00,CNR3182914399,Success,CID835226,Prime Sedan,HSR Layout,Majestic,161.0,55.0,Not Applicable,Not Applicable,No,Not Applicable,837,Cash,5,4.8,4.7
2024-07-11 01:35:00,CNR7231191311,Success,CID168913,Prime SUV,Electronic City,Basavanagudi,175.0,145.0,Not Applicable,Not Applicable,No,Not Applicable,440,UPI,17,4.6,4.8
2024-07-09 10:39:00,CNR2057499253,Success,CID322230,Bike,Langford Town,Jayanagar,126.0,65.0,Not Applicable,Not Applicable,No,Not Applicable,1146,Cash,15,3.4,3.9
2024-07-02 11:41:00,CNR5618081060,Canceled by Customer,CID490512,Prime Plus,Hosur Road,JP Nagar,,,Driver is not moving towards pickup location,Not Applicable,Not Applicable,Not Applicable,411,Not Applicable,0,,
2024-07-27 01:47:00,CNR8043336988,Success,CID825812,Auto,JP Nagar,JP Nagar,238.0,130.0,Not Applicable,Not Applicable,No,Not Applicable,701,UPI,16,3.0,3.6
2024-07-02 10:16:00,CNR6824516429,Canceled by Customer,CID848218,Bike,Tumkur Road,Bannerghatta Road,,,Change of plans,Not Applicable,Not Applicable,Not Applicable,503,Not Applicable,0,,
2024-07-05 16:05:00,CNR8039266119,Success,CID440854,eBike,Koramangala,Sahakar Nagar,231.0,120.0,Not Applicable,Not Applicable,No,Not Applicable,465,Cash,28,3.8,3.5
2024-07-06 05:22:00,CNR4090929058,Success,CID590604,Prime Sedan,Devanahalli,Rajarajeshwari Nagar,154.0,105.0,Not Applicable,Not Applicable,No,Not Applicable,438,Cash,38,3.9,3.9
2024-07-07 01:20:00,CNR5744169056,Success,CID830419,eBike,Bellandur,Cox Town,133.0,125.0,Not Applicable,Not Applicable,No,Not Applicable,361,Cash,34,4.2,3.0
2024-07-18 19:41:00,CNR1159395097,Canceled by Driver,CID156084,Bike,Indiranagar,Bannerghatta Road,,,Not Applicable,Customer was coughing/sick,Not Applicable,Not Applicable,715,Not Applicable,0,,
2024-07-17 21:31:00,CNR1567147588,Success,CID702896,Mini,Rajarajeshwari Nagar,Yelahanka,105.0,80.0,Not Applicable,Not Applicable,No,Not Applicable,376,Cash,49,3.5,4.9
2024-07-09 02:18:00,CNR6871427868,Canceled by Customer,CID382017,Prime Sedan,Richmond Town,Hennur,,,Driver is not moving towards pickup location,Not Applicable,Not Applicable,Not Applicable,278,Not Applicable,0,,
2024-07-29 00:54:00,CNR5509519623,Canceled by Driver,CID648954,Prime Sedan,Hebbal,Banashankari,,,Not Applicable,Customer related issue,Not Applicable,Not Applicable,662,Not Applicable,0,,
2024-07-20 07:08:00,CNR6019627510,Canceled by Driver,CID193796,Auto,Magadi Road,Ulsoor,,,Not Applicable,Personal & Car related issue,Not Applicable,Not Applicable,411,Not Applicable,0,,
2024-07-02 02:51:00,CNR5790000060,Success,CID441316,Prime Sedan,Bannerghatta Road,RT Nagar,140.0,70.0,Not Applicable,Not Applicable,No,Not Applicable,404,UPI,15,3.2,4.7
2024-07-09 13:35:00,CNR4079839623,Canceled by Driver,CID590533,Prime Plus,Yelahanka,Malleshwaram,,,Not Applicable,Customer was coughing/sick,Not Applicable,Not Applicable,225,Not Applicable,0,,
2024-07-21 12:34:00,CNR9224463291,Success,CID417046,Auto,KR Puram,Chickpet,182.0,130.0,Not Applicable,Not Applicable,No,Not Applicable,389,Cash,14,4.6,4.2
2024-07-16 10:42:00,CNR2575095470,Canceled by Customer,CID931878,Prime SUV,Tumkur Road,HSR Layout,,,Driver asked to cancel,Not Applicable,Not Applicable,Not Applicable,159,Not Applicable,0,,
2024-07-11 06:40:00,CNR5733803372,Success,CID879226,Prime Sedan,Tumkur Road,Yeshwanthpur,217.0,40.0,Not Applicable,Not Applicable,No,Not Applicable,1364,UPI,14,3.6,4.2
2024-07-16 10:05:00,CNR8463547281,Canceled by Driver,CID887848,eBike,Bellandur,Vijayanagar,,,Not Applicable,Personal & Car related issue,Not Applicable,Not Applicable,768,Not Applicable,0,,
2024-07-06 13:46:00,CNR3349554327,Success,CID651238,Prime Plus,Electronic City,Kadugodi,49.0,90.0,Not Applicable,Not Applicable,No,Not Applicable,344,UPI,33,4.0,3.6
2024-07-11 08:32:00,CNR5313760522,Canceled by Customer,CID767765,Prime Plus,Ramamurthy Nagar,Chickpet,,,Driver is not moving towards pickup location,Not Applicable,Not Applicable,Not Applicable,171,Not Applicable,0,,
2024-07-09 13:10:00,CNR3130452809,Canceled by Driver,CID310085,Mini,Whitefield,Ramamurthy Nagar,,,Not Applicable,Customer related issue,Not Applicable,Not Applicable,400,Not Applicable,0,,
2024-07-29 04:55:00,CNR5930986137,Success,CID705667,Mini,Frazer Town,Devanahalli,154.0,40.0,Not Applicable,Not Applicable,No,Not Applicable,425,Cash,6,4.9,3.1
2024-07-05 01:16:00,CNR1579521245,Driver Not Found,CID127081,Auto,Rajajinagar,Tumkur Road,,,Not Applicable,Not Applicable,Not Applicable,Not Applicable,374,Not Applicable,0,,
2024-07-20 04:53:00,CNR2523558937,Success,CID488344,Auto,Magadi Road,Ulsoor,196.0,140.0,Not Applicable,Not Applicable,Yes,Other Issue,280,Cash,3,3.1,3.4
2024-07-01 05:10:00,CNR2474048082,Canceled by Customer,CID463014,Prime SUV,KR Puram,Rajarajeshwari Nagar,,,Driver is not moving towards pickup location,Not Applicable,Not Applicable,Not Applicable,191,Not Applicable,0,,
2024-07-11 13:38:00,CNR7435093751,Canceled by Customer,CID758825,eBike,BTM Layout,Shantinagar,,,Wrong Address,Not Applicable,Not Applicable,Not Applicable,425,Not Applicable,0,,
2024-07-11 21:12:00,CNR5272650213,Success,CID564000,Auto,Rajajinagar,Richmond Town,266.0,40.0,Not Applicable,Not Applicable,No,Not Applicable,372,UPI,19,4.6,3.3
2024-07-07 06:32:00,CNR7980250454,Success,CID486205,Prime Plus,Langford Town,Hulimavu,301.0,30.0,Not Applicable,Not Applicable,No,Not Applicable,297,Cash,35,4.0,4.5
2024-07-25 22:29:00,CNR9913825589,Canceled by Customer,CID298356,Mini,Nagarbhavi,Ulsoor,,,Driver is not moving towards pickup location,Not Applicable,Not Applicable,Not Applicable,516,Not Applicable,0,,
2024-07-16 14:53:00,CNR8378218600,Success,CID254798,Bike,Frazer Town,Shantinagar,287.0,40.0,Not Applicable,Not Applicable,No,Not Applicable,1231,Cash,23,4.0,4.9
2024-07-18 12:34:00,CNR2718032387,Success,CID472585,Prime Plus,Banashankari,Varthur,56.0,130.0,Not Applicable,Not Applicable,No,Not Applicable,907,Cash,24,4.3,4.2
2024-07-14 19:08:00,CNR2541549502,Success,CID253845,Bike,HSR Layout,Rajarajeshwari Nagar,77.0,90.0,Not Applicable,Not Applicable,No,Not Applicable,780,UPI,43,3.4,4.1
2024-07-20 06:07:00,CNR1915083881,Success,CID586975,Prime Plus,Chamarajpet,Bellandur,189.0,140.0,Not Applicable,Not Applicable,No,Not Applicable,316,UPI,18,3.3,3.7
2024-07-17 15:55:00,CNR2434377924,Canceled by Driver,CID899811,Prime Sedan,Tumkur Road,Hebbal,,,Not Applicable,Customer related issue,Not Applicable,Not Applicable,213,Not Applicable,0,,
2024-07-06 03:30:00,CNR6636876192,Success,CID126494,Bike,Rajarajeshwari Nagar,Shantinagar,189.0,120.0,Not Applicable,Not Applicable,No,Not Applicable,568,Cash,21,3.7,4.2
2024-07-04 14:36:00,CNR2834231625,Success,CID868340,Auto,Bellandur,Richmond Town,168.0,130.0,Not Applicable,Not Applicable,No,Not Applicable,482,Cash,2,4.0,4.1
2024-07-30 15:26:00,CNR5109797990,Canceled by Customer,CID211365,Prime SUV,Langford Town,Hebbal,,,Driver is not moving towards pickup location,Not Applicable,Not Applicable,Not Applicable,105,Not Applicable,0,,
2024-07-25 00:12:00,CNR3646519017,Canceled by Customer,CID798370,Prime SUV,Mysore Road,Magadi Road,,,Driver is not moving towards pickup location,Not Applicable,Not Applicable,Not Applicable,697,Not Applicable,0,,
2024-07-05 04:14:00,CNR1275840768,Canceled by Driver,CID131130,Prime SUV,Majestic,HSR Layout,,,Not Applicable,Personal & Car related issue,Not Applicable,Not Applicable,203,Not Applicable,0,,
2024-07-28 00:58:00,CNR8428799046,Canceled by Driver,CID514169,Prime SUV,Chickpet,Banashankari,,,Not Applicable,Customer was coughing/sick,Not Applicable,Not Applicable,438,Not Applicable,0,,
2024-07-30 07:42:00,CNR3112944883,Success,CID140711,Prime Plus,Electronic City,Yeshwanthpur,231.0,145.0,Not Applicable,Not Applicable,No,Not Applicable,760,Cash,28,3.3,4.5
2024-07-20 00:12:00,CNR5221244241,Success,CID686842,Bike,Padmanabhanagar,Padmanabhanagar,91.0,125.0,Not Applicable,Not Applicable,No,Not Applicable,686,UPI,5,3.1,3.2
2024-07-25 09:51:00,CNR9197286226,Success,CID520869,Prime Sedan,KR Puram,Sahakar Nagar,252.0,125.0,Not Applicable,Not Applicable,No,Not Applicable,206,Cash,47,3.7,3.7
2024-07-18 21:03:00,CNR4369226188,Driver Not Found,CID603621,Bike,Padmanabhanagar,Hulimavu,,,Not Applicable,Not Applicable,Not Applicable,Not Applicable,370,Not Applicable,0,,
2024-07-11 17:47:00,CNR4313851660,Success,CID651400,Mini,Koramangala,Ramamurthy Nagar,91.0,35.0,Not Applicable,Not Applicable,Yes,Customer Demand,171,Cash,26,3.3,4.4
2024-07-23 03:08:00,CNR9444450668,Driver Not Found,CID155885,Prime Sedan,Peenya,MG Road,,,Not Applicable,Not Applicable,Not Applicable,Not Applicable,254,Not Applicable,0,,
2024-07-09 08:23:00,CNR8882259170,Success,CID137471,Prime Plus,RT Nagar,Langford Town,140.0,25.0,Not Applicable,Not Applicable,No,Not Applicable,342,UPI,44,3.1,3.0
2024-07-08 08:03:00,CNR8770500033,Success,CID660370,Mini,Malleshwaram,Yeshwanthpur,182.0,50.0,Not Applicable,Not Applicable,No,Not Applicable,497,UPI,26,3.9,4.3
2024-07-11 09:18:00,CNR1332672939,Success,CID820987,Prime Sedan,JP Nagar,Sarjapur Road,294.0,110.0,Not Applicable,Not Applicable,No,Not Applicable,379,Cash,45,4.9,4.0
2024-07-08 18:53:00,CNR4376823074,Driver Not Found,CID203463,Prime Sedan,Varthur,Kammanahalli,,,Not Applicable,Not Applicable,Not Applicable,Not Applicable,182,Not Applicable,0,,
2024-07-23 07:13:00,CNR4896842467,Success,CID688357,Mini,Rajarajeshwari Nagar,JP Nagar,126.0,140.0,Not Applicable,Not Applicable,No,Not Applicable,419,Cash,31,4.6,4.9
2024-07-08 06:34:00,CNR7817777121,Canceled by Driver,CID885351,Auto,Hennur,Majestic,,,Not Applicable,Customer related issue,Not Applicable,Not Applicable,1214,Not Applicable,0,,
2024-07-26 11:56:00,CNR8879396370,Canceled by Driver,CID984017,Prime Sedan,Shantinagar,Chamarajpet,,,Not Applicable,Personal & Car related issue,Not Applicable,Not Applicable,1519,Not Applicable,0,,
2024-07-09 23:47:00,CNR9130145588,Canceled by Driver,CID319159,Auto,Marathahalli,Marathahalli,,,Not Applicable,Personal & Car related issue,Not Applicable,Not Applicable,356,Not Applicable,0,,
2024-07-14 11:09:00,CNR9405481652,Canceled by Customer,CID616059,Prime Plus,Electronic City,Malleshwaram,,,Wrong Address,Not Applicable,Not Applicable,Not Applicable,214,Not Applicable,0,,
2024-07-03 04:47:00,CNR3371319001,Success,CID377047,Bike,Mysore Road,Kengeri,105.0,105.0,Not Applicable,Not Applicable,No,Not Applicable,378,UPI,41,3.2,4.2
2024-07-01 12:08:00,CNR2264338340,Success,CID652642,Mini,Hulimavu,Langford Town,63.0,140.0,Not Applicable,Not Applicable,No,Not Applicable,535,UPI,25,4.0,3.4
2024-07-01 22:03:00,CNR5974784921,Success,CID623644,Prime Sedan,Devanahalli,Jayanagar,252.0,110.0,Not Applicable,Not Applicable,No,Not Applicable,772,UPI,15,3.6,4.0
2024-07-26 22:19:00,CNR1303677720,Driver Not Found,CID646046,Prime SUV,Hosur Road,Shivajinagar,,,Not Applicable,Not Applicable,Not Applicable,Not Applicable,244,Not Applicable,0,,
2024-07-02 06:29:00,CNR5128022804,Success,CID685448,Prime Sedan,Yelahanka,Malleshwaram,259.0,50.0,Not Applicable,Not Applicable,No,Not Applicable,196,UPI,22,3.8,4.7
2024-07-10 03:23:00,CNR2127040743,Driver Not Found,CID530022,Mini,Marathahalli,Yeshwanthpur,,,Not Applicable,Not Applicable,Not Applicable,Not Applicable,172,Not Applicable,0,,
2024-07-01 02:08:00,CNR9640480883,Success,CID728808,Prime Plus,Nagarbhavi,MG Road,280.0,85.0,Not Applicable,Not Applicable,No,Not Applicable,321,UPI,21,4.5,3.2
2024-07-03 21:35:00,CNR6608274391,Canceled by Driver,CID769927,Auto,Devanahalli,Whitefield,,,Not Applicable,Personal & Car related issue,Not Applicable,Not Applicable,415,Not Applicable,0,,
2024-07-03 22:46:00,CNR2367314507,Success,CID234767,Prime Sedan,Magadi Road,Langford Town,105.0,50.0,Not Applicable,Not Applicable,No,Not Applicable,1071,Cash,33,4.6,3.7
2024-07-19 13:30:00,CNR2808293024,Canceled by Driver,CID962391,Auto,Hebbal,Hennur,,,Not Applicable,Personal & Car related issue,Not Applicable,Not Applicable,2168,Not Applicable,0,,
2024-07-10 10:09:00,CNR9525749413,Success,CID807027,Bike,Malleshwaram,Langford Town,217.0,115.0,Not Applicable,Not Applicable,No,Not Applicable,168,UPI,49,3.5,4.7
2024-07-09 17:38:00,CNR2651196308,Success,CID598576,Mini,Hebbal,Whitefield,112.0,115.0,Not Applicable,Not Applicable,No,Not Applicable,307,UPI,49,3.8,4.1
2024-07-01 01:50:00,CNR2863990816,Canceled by Customer,CID749919,Mini,Ulsoor,Kammanahalli,,,Change of plans,Not Applicable,Not Applicable,Not Applicable,664,Not Applicable,0,,
2024-07-11 06:04:00,CNR3797044517,Success,CID216761,Auto,Kadugodi,MG Road,280.0,65.0,Not Applicable,Not Applicable,No,Not Applicable,717,Cash,13,4.9,4.5
2024-07-08 21:30:00,CNR1098456895,Canceled by Driver,CID473419,Auto,Koramangala,Shantinagar,,,Not Applicable,More than permitted people in there,Not Applicable,Not Applicable,115,Not Applicable,0,,
2024-07-09 19:29:00,CNR6007531402,Canceled by Customer,CID933458,Prime Plus,Koramangala,Kadugodi,,,AC is Not working,Not Applicable,Not Applicable,Not Applicable,1933,Not Applicable,0,,
2024-07-11 13:50:00,CNR8315534359,Success,CID592314,Bike,Yeshwanthpur,Jayanagar,105.0,105.0,Not Applicable,Not Applicable,No,Not Applicable,412,Cash,23,4.7,4.9
2024-07-24 22:32:00,CNR8775819274,Success,CID788144,Bike,Rajajinagar,Sarjapur Road,280.0,115.0,Not Applicable,Not Applicable,No,Not Applicable,138,Cash,19,3.1,4.1
2024-07-13 23:39:00,CNR2548588921,Canceled by Driver,CID504628,Bike,Langford Town,Ulsoor,,,Not Applicable,Customer was coughing/sick,Not Applicable,Not Applicable,424,Not Applicable,0,,
2024-07-25 00:22:00,CNR5941349233,Success,CID368405,Mini,Sarjapur Road,KR Puram,210.0,145.0,Not Applicable,Not Applicable,No,Not Applicable,495,Credit Card,7,3.4,4.6
2024-07-12 00:34:00,CNR4561997740,Success,CID427331,eBike,Langford Town,Sahakar Nagar,259.0,35.0,Not Applicable,Not Applicable,No,Not Applicable,163,Cash,36,3.1,4.9
2024-07-20 05:57:00,CNR6466115960,Success,CID509258,Prime Sedan,RT Nagar,Bannerghatta Road,238.0,40.0,Not Applicable,Not Applicable,No,Not Applicable,543,Cash,11,4.8,4.0
2024-07-22 19:50:00,CNR4953319064,Driver Not Found,CID698436,eBike,Tumkur Road,Shantinagar,,,Not Applicable,Not Applicable,Not Applicable,Not Applicable,868,Not Applicable,0,,
2024-07-04 10:47:00,CNR5179769475,Success,CID661529,Mini,Marathahalli,Hennur,70.0,120.0,Not Applicable,Not Applicable,No,Not Applicable,474,Cash,11,4.4,5.0
2024-07-13 07:12:00,CNR7239088786,Success,CID821053,Auto,Nagarbhavi,Indiranagar,294.0,60.0,Not Applicable,Not Applicable,No,Not Applicable,410,Credit Card,19,4.4,3.9
2024-07-25 05:29:00,CNR6345134013,Canceled by Customer,CID876183,Mini,Banashankari,Hosur Road,,,Driver is not moving towards pickup location,Not Applicable,Not Applicable,Not Applicable,379,Not Applicable,0,,
2024-07-26 12:07:00,CNR9818140219,Success,CID788408,Mini,Hennur,Hebbal,98.0,105.0,Not Applicable,Not Applicable,No,Not Applicable,211,UPI,33,3.6,3.3
2024-07-10 05:45:00,CNR4161687185,Success,CID733631,Prime SUV,Jayanagar,Padmanabhanagar,84.0,90.0,Not Applicable,Not Applicable,No,Not Applicable,467,UPI,23,4.5,4.6
2024-07-15 14:54:00,CNR6789671840,Success,CID438258,Prime Sedan,Yelahanka,BTM Layout,252.0,115.0,Not Applicable,Not Applicable,No,Not Applicable,332,Cash,3,4.2,3.8
2024-07-24 06:10:00,CNR6636024639,Canceled by Customer,CID190972,Auto,JP Nagar,MG Road,,,Wrong Address,Not Applicable,Not Applicable,Not Applicable,623,Not Applicable,0,,
2024-07-01 10:35:00,CNR4756335012,Canceled by Driver,CID155118,Prime SUV,Ramamurthy Nagar,Majestic,,,Not Applicable,Personal & Car related issue,Not Applicable,Not Applicable,119,Not Applicable,0,,
2024-07-09 09:57:00,CNR3055091072,Success,CID216870,Auto,Shantinagar,Mysore Road,182.0,70.0,Not Applicable,Not Applicable,No,Not Applicable,444,Cash,18,4.1,4.5
2024-07-21 20:36:00,CNR1232293082,Success,CID514678,Prime SUV,Nagarbhavi,Banashankari,126.0,120.0,Not Applicable,Not Applicable,No,Not Applicable,2397,Cash,35,3.6,3.7
2024-07-12 12:04:00,CNR9366128068,Success,CID123396,Auto,Marathahalli,Kengeri,224.0,140.0,Not Applicable,Not Applicable,No,Not Applicable,201,UPI,6,4.5,4.8
2024-07-15 13:05:00,CNR2816244091,Success,CID928813,Auto,Peenya,Hebbal,91.0,50.0,Not Applicable,Not Applicable,No,Not Applicable,772,Cash,14,3.8,4.7
2024-07-22 09:16:00,CNR5379194063,Success,CID836109,Prime SUV,Rajarajeshwari Nagar,Mysore Road,203.0,50.0,Not Applicable,Not Applicable,No,Not Applicable,106,UPI,2,3.5,3.5
2024-07-08 23:09:00,CNR5109679236,Success,CID878214,Auto,Yelahanka,Frazer Town,280.0,100.0,Not Applicable,Not Applicable,No,Not Applicable,223,Cash,7,3.9,4.5
2024-07-22 15:10:00,CNR9493193938,Success,CID955754,Auto,Bannerghatta Road,Sahakar Nagar,140.0,115.0,Not Applicable,Not Applicable,No,Not Applicable,322,Cash,6,3.5,3.4
2024-07-30 12:26:00,CNR3423423860,Success,CID821376,Bike,Yelahanka,HSR Layout,84.0,85.0,Not Applicable,Not Applicable,No,Not Applicable,760,Cash,40,3.7,4.4
2024-07-30 13:34:00,CNR7229676688,Success,CID637169,Prime Sedan,HSR Layout,Padmanabhanagar,126.0,140.0,Not Applicable,Not Applicable,No,Not Applicable,931,UPI,43,4.2,5.0
2024-07-18 02:16:00,CNR4389127263,Canceled by Driver,CID942257,Prime SUV,Tumkur Road,Shivajinagar,,,Not Applicable,Customer related issue,Not Applicable,Not Applicable,474,Not Applicable,0,,
2024-07-04 07:02:00,CNR6389146836,Canceled by Driver,CID642681,Auto,Hennur,Hennur,,,Not Applicable,More than permitted people in there,Not Applicable,Not Applicable,854,Not Applicable,0,,
2024-07-13 08:53:00,CNR3745235395,Success,CID384202,Mini,Shivajinagar,Hulimavu,224.0,115.0,Not Applicable,Not Applicable,No,Not Applicable,145,UPI,44,3.6,3.6
2024-07-12 14:09:00,CNR5834369640,Success,CID435457,Auto,Langford Town,Mysore Road,168.0,60.0,Not Applicable,Not Applicable,No,Not Applicable,835,Cash,9,3.6,4.7
2024-07-25 09:23:00,CNR2647647630,Canceled by Driver,CID365351,Bike,Kadugodi,Frazer Town,,,Not Applicable,More than permitted people in there,Not Applicable,Not Applicable,258,Not Applicable,0,,
2024-07-19 10:21:00,CNR5938160404,Success,CID629765,Auto,Electronic City,Koramangala,168.0,75.0,Not Applicable,Not Applicable,No,Not Applicable,190,Cash,2,3.6,3.2
2024-07-08 10:05:00,CNR5345139545,Success,CID167980,eBike,Mysore Road,Magadi Road,252.0,60.0,Not Applicable,Not Applicable,No,Not Applicable,377,UPI,23,3.8,3.0
2024-07-29 23:22:00,CNR1488361267,Success,CID493600,eBike,Magadi Road,Nagarbhavi,203.0,90.0,Not Applicable,Not Applicable,Yes,Customer Demand,149,Cash,46,3.1,4.3
2024-07-01 02:33:00,CNR8813102781,Success,CID177332,Prime Plus,Shivajinagar,KR Puram,49.0,135.0,Not Applicable,Not Applicable,No,Not Applicable,1654,Cash,39,3.2,3.0
2024-07-26 14:02:00,CNR1762926782,Success,CID517138,Mini,BTM Layout,Kammanahalli,133.0,70.0,Not Applicable,Not Applicable,No,Not Applicable,170,Cash,4,4.0,3.5
2024-07-26 03:17:00,CNR2023378872,Success,CID430945,Prime Plus,Vijayanagar,Shantinagar,84.0,90.0,Not Applicable,Not Applicable,No,Not Applicable,783,Cash,46,4.4,4.2
2024-07-12 14:08:00,CNR8463830537,Canceled by Customer,CID943329,Prime SUV,Nagarbhavi,Majestic,,,Driver asked to cancel,Not Applicable,Not Applicable,Not Applicable,240,Not Applicable,0,,
2024-07-25 00:52:00,CNR4589368838,Driver Not Found,CID972784,Prime SUV,Basavanagudi,Varthur,,,Not Applicable,Not Applicable,Not Applicable,Not Applicable,303,Not Applicable,0,,
2024-07-04 08:17:00,CNR1119159658,Success,CID512606,Auto,Indiranagar,Hosur Road,266.0,70.0,Not Applicable,Not Applicable,No,Not Applicable,239,UPI,5,4.7,4.5
2024-07-10 18:37:00,CNR6873276316,Canceled by Customer,CID498724,Prime Sedan,Marathahalli,Vijayanagar,,,Driver asked to cancel,Not Applicable,Not Applicable,Not Applicable,1087,Not Applicable,0,,
2024-07-26 14:49:00,CNR1589060377,Success,CID216110,Auto,Malleshwaram,Bellandur,217.0,90.0,Not Applicable,Not Applicable,No,Not Applicable,255,Cash,7,3.5,4.4
2024-07-21 10:12:00,CNR1165960131,Success,CID556304,Bike,Bannerghatta Road,Indiranagar,112.0,45.0,Not Applicable,Not Applicable,No,Not Applicable,483,Cash,23,3.3,4.0
2024-07-20 23:18:00,CNR5065581653,Canceled by Driver,CID425623,eBike,Frazer Town,HSR Layout,,,Not Applicable,Personal & Car related issue,Not Applicable,Not Applicable,142,Not Applicable,0,,
2024-07-11 04:56:00,CNR5352826886,Success,CID719218,Auto,Kammanahalli,BTM Layout,56.0,30.0,Not Applicable,Not Applicable,No,Not Applicable,775,Cash,19,3.8,3.1
2024-07-24 10:21:00,CNR4497868094,Success,CID550072,Bike,Ramamurthy Nagar,Vijayanagar,133.0,125.0,Not Applicable,Not Applicable,No,Not Applicable,466,Cash,12,4.1,4.3
2024-07-10 18:30:00,CNR8140284577,Canceled by Customer,CID238223,Bike,Yeshwanthpur,Indiranagar,,,AC is Not working,Not Applicable,Not Applicable,Not Applicable,209,Not Applicable,0,,
2024-07-27 07:08:00,CNR2679970960,Success,CID885862,Prime SUV,Nagarbhavi,Cox Town,210.0,40.0,Not Applicable,Not Applicable,No,Not Applicable,260,Cash,14,3.4,4.9
2024-07-22 20:52:00,CNR1287570162,Canceled by Driver,CID972940,Prime Plus,Hulimavu,Shantinagar,,,Not Applicable,Customer was coughing/sick,Not Applicable,Not Applicable,415,Not Applicable,0,,
2024-07-16 01:50:00,CNR1226984811,Canceled by Driver,CID503061,Bike,Vijayanagar,Nagarbhavi,,,Not Applicable,Customer was coughing/sick,Not Applicable,Not Applicable,238,Not Applicable,0,,
2024-07-21 03:50:00,CNR4140858535,Canceled by Customer,CID296916,Bike,Devanahalli,Varthur,,,AC is Not working,Not Applicable,Not Applicable,Not Applicable,172,Not Applicable,0,,
2024-07-19 17:07:00,CNR7938999712,Driver Not Found,CID393320,Prime Plus,Padmanabhanagar,Padmanabhanagar,,,Not Applicable,Not Applicable,Not Applicable,Not Applicable,161,Not Applicable,0,,
2024-07-25 22:36:00,CNR6378005632,Success,CID901627,Bike,Varthur,Kammanahalli,308.0,75.0,Not Applicable,Not Applicable,No,Not Applicable,209,Cash,33,3.8,3.3
2024-07-26 18:29:00,CNR2688766734,Success,CID913613,Bike,Mysore Road,Chickpet,189.0,25.0,Not Applicable,Not Applicable,No,Not Applicable,110,Cash,13,4.0,4.8
2024-07-08 13:41:00,CNR2534025652,Driver Not Found,CID972009,Mini,Marathahalli,Yeshwanthpur,,,Not Applicable,Not Applicable,Not Applicable,Not Applicable,1758,Not Applicable,0,,
2024-07-13 11:29:00,CNR1049949820,Success,CID651315,Mini,Cox Town,Kengeri,63.0,65.0,Not Applicable,Not Applicable,No,Not Applicable,349,Debit Card,16,4.0,4.4
2024-07-13 03:35:00,CNR6687546176,Driver Not Found,CID753081,Bike,BTM Layout,Hulimavu,,,Not Applicable,Not Applicable,Not Applicable,Not Applicable,251,Not Applicable,0,,
2024-07-13 03:50:00,CNR4192014851,Success,CID787416,Prime Sedan,Peenya,Banashankari,189.0,110.0,Not Applicable,Not Applicable,No,Not Applicable,401,Credit Card,17,3.8,4.5
2024-07-25 15:25:00,CNR3076263966,Success,CID979286,Mini,Sarjapur Road,Electronic City,63.0,85.0,Not Applicable,Not Applicable,No,Not Applicable,365,UPI,13,4.8,3.6
2024-07-30 21:36:00,CNR6072624313,Canceled by Customer,CID893351,Prime SUV,JP Nagar,Malleshwaram,,,Driver is not moving towards pickup location,Not Applicable,Not Applicable,Not Applicable,375,Not Applicable,0,,
2024-07-17 03:51:00,CNR1689976440,Success,CID617374,eBike,Kadugodi,Ulsoor,259.0,140.0,Not Applicable,Not Applicable,No,Not Applicable,161,UPI,26,4.6,4.8
2024-07-12 19:20:00,CNR6142725533,Success,CID852125,eBike,Nagarbhavi,BTM Layout,63.0,105.0,Not Applicable,Not Applicable,No,Not Applicable,199,UPI,15,3.8,4.4
2024-07-23 15:41:00,CNR9538624414,Success,CID899185,Bike,Ramamurthy Nagar,Tumkur Road,161.0,30.0,Not Applicable,Not Applicable,No,Not Applicable,152,UPI,43,4.6,4.2
2024-07-09 13:23:00,CNR3376766700,Success,CID733648,Auto,Ulsoor,Vijayanagar,175.0,45.0,Not Applicable,Not Applicable,No,Not Applicable,215,UPI,5,4.1,4.6
2024-07-08 09:56:00,CNR6017934373,Success,CID643672,Prime SUV,BTM Layout,Hebbal,224.0,55.0,Not Applicable,Not Applicable,No,Not Applicable,925,UPI,24,4.2,3.1
2024-07-09 17:26:00,CNR8377061687,Success,CID576361,eBike,Kadugodi,Frazer Town,182.0,60.0,Not Applicable,Not Applicable,No,Not Applicable,203,Cash,25,3.3,3.3
2024-07-17 18:58:00,CNR1730311165,Canceled by Driver,CID552951,eBike,Malleshwaram,Varthur,,,Not Applicable,Customer was coughing/sick,Not Applicable,Not Applicable,179,Not Applicable,0,,
2024-07-03 04:01:00,CNR3133638320,Success,CID795685,Prime Sedan,Hennur,Tumkur Road,294.0,40.0,Not Applicable,Not Applicable,No,Not Applicable,259,Cash,5,4.1,4.9
2024-07-19 13:40:00,CNR6191399215,Driver Not Found,CID291304,Mini,Bellandur,Langford Town,,,Not Applicable,Not Applicable,Not Applicable,Not Applicable,146,Not Applicable,0,,
2024-07-12 06:21:00,CNR7409772420,Canceled by Driver,CID254779,Bike,Kengeri,Whitefield,,,Not Applicable,Personal & Car related issue,Not Applicable,Not Applicable,353,Not Applicable,0,,
2024-07-30 09:35:00,CNR6080210811,Canceled by Driver,CID567509,Prime SUV,Electronic City,Hennur,,,Not Applicable,Personal & Car related issue,Not Applicable,Not Applicable,780,Not Applicable,0,,
2024-07-05 21:14:00,CNR6483607644,Success,CID566592,Mini,BTM Layout,RT Nagar,49.0,145.0,Not Applicable,Not Applicable,No,Not Applicable,292,Cash,37,3.0,4.2
2024-07-03 07:52:00,CNR8967624627,Success,CID431218,eBike,Ulsoor,Hennur,231.0,125.0,Not Applicable,Not Applicable,No,Not Applicable,282,UPI,37,3.3,3.6
2024-07-25 13:49:00,CNR1379109914,Success,CID459332,Prime Plus,Banashankari,Chickpet,182.0,25.0,Not Applicable,Not Applicable,No,Not Applicable,147,UPI,41,3.2,4.6
2024-07-19 15:49:00,CNR1166202757,Success,CID742844,Mini,Jayanagar,Electronic City,210.0,40.0,Not Applicable,Not Applicable,No,Not Applicable,497,UPI,16,4.6,4.0
2024-07-23 22:54:00,CNR1925341934,Canceled by Driver,CID143196,Bike,Magadi Road,JP Nagar,,,Not Applicable,More than permitted people in there,Not Applicable,Not Applicable,1558,Not Applicable,0,,
2024-07-30 07:16:00,CNR5094166853,Driver Not Found,CID268113,Bike,Cox Town,Mysore Road,,,Not Applicable,Not Applicable,Not Applicable,Not Applicable,237,Not Applicable,0,,
2024-07-05 22:34:00,CNR8113487326,Success,CID619438,eBike,Tumkur Road,Mysore Road,98.0,45.0,Not Applicable,Not Applicable,No,Not Applicable,291,UPI,23,4.4,3.2
2024-07-28 17:16:00,CNR7657891395,Canceled by Driver,CID381412,eBike,Frazer Town,Ramamurthy Nagar,,,Not Applicable,Personal & Car related issue,Not Applicable,Not Applicable,472,Not Applicable,0,,
2024-07-19 09:42:00,CNR2584748304,Success,CID335958,Prime Sedan,Magadi Road,Ramamurthy Nagar,42.0,105.0,Not Applicable,Not Applicable,No,Not Applicable,977,Cash,3,3.8,4.9
2024-07-19 16:48:00,CNR6559194778,Success,CID318074,Auto,Ulsoor,Tumkur Road,189.0,145.0,Not Applicable,Not Applicable,No,Not Applicable,327,UPI,16,3.4,3.8
2024-07-03 12:15:00,CNR6908876159,Success,CID240339,eBike,Ramamurthy Nagar,Peenya,196.0,135.0,Not Applicable,Not Applicable,No,Not Applicable,242,Cash,9,3.6,4.6
2024-07-10 17:53:00,CNR4779209388,Driver Not Found,CID209386,Prime Sedan,Tumkur Road,Padmanabhanagar,,,Not Applicable,Not Applicable,Not Applicable,Not Applicable,103,Not Applicable,0,,
2024-07-06 13:48:00,CNR8965201309,Driver Not Found,CID553864,Prime Plus,Kadugodi,Bellandur,,,Not Applicable,Not Applicable,Not Applicable,Not Applicable,203,Not Applicable,0,,
2024-07-12 22:36:00,CNR6310158756,Success,CID876906,Auto,Mysore Road,Cox Town,98.0,25.0,Not Applicable,Not Applicable,No,Not Applicable,190,UPI,19,4.0,3.8
2024-07-10 15:00:00,CNR1790209842,Canceled by Customer,CID359325,Prime Sedan,Langford Town,Yelahanka,,,Driver asked to cancel,Not Applicable,Not Applicable,Not Applicable,457,Not Applicable,0,,
2024-07-07 03:17:00,CNR2079783103,Success,CID125151,eBike,Majestic,Peenya,126.0,40.0,Not Applicable,Not Applicable,No,Not Applicable,446,Cash,30,3.7,3.6
2024-07-03 12:14:00,CNR7448841535,Driver Not Found,CID560881,Prime Sedan,Electronic City,Shivajinagar,,,Not Applicable,Not Applicable,Not Applicable,Not Applicable,446,Not Applicable,0,,
2024-07-30 00:36:00,CNR7829921458,Success,CID511080,Prime Plus,Ramamurthy Nagar,Hosur Road,126.0,125.0,Not Applicable,Not Applicable,No,Not Applicable,421,Cash,25,3.1,4.0
2024-07-29 07:22:00,CNR7343007133,Canceled by Driver,CID565783,Auto,Ulsoor,Richmond Town,,,Not Applicable,Customer related issue,Not Applicable,Not Applicable,290,Not Applicable,0,,
2024-07-24 09:20:00,CNR3184800691,Driver Not Found,CID268635,Auto,Vijayanagar,Richmond Town,,,Not Applicable,Not Applicable,Not Applicable,Not Applicable,441,Not Applicable,0,,
2024-07-01 01:57:00,CNR1155785402,Success,CID686604,Mini,Indiranagar,Yeshwanthpur,266.0,130.0,Not Applicable,Not Applicable,No,Not Applicable,305,Cash,15,4.4,4.1
2024-07-16 09:01:00,CNR3410170457,Driver Not Found,CID510262,Mini,Hebbal,Peenya,,,Not Applicable,Not Applicable,Not Applicable,Not Applicable,625,Not Applicable,0,,
2024-07-14 06:55:00,CNR6595916418,Success,CID959188,Auto,Kengeri,Langford Town,196.0,35.0,Not Applicable,Not Applicable,No,Not Applicable,262,UPI,3,4.3,3.6
2024-07-14 13:08:00,CNR8616023023,Driver Not Found,CID852676,Prime SUV,Jayanagar,Sarjapur Road,,,Not Applicable,Not Applicable,Not Applicable,Not Applicable,127,Not Applicable,0,,
2024-07-26 23:03:00,CNR1569684417,Success,CID318950,Prime SUV,Bannerghatta Road,Mysore Road,105.0,110.0,Not Applicable,Not Applicable,No,Not Applicable,242,UPI,21,3.3,3.1
2024-07-15 00:51:00,CNR9618501159,Success,CID328508,Prime Sedan,Bellandur,MG Road,147.0,130.0,Not Applicable,Not Applicable,No,Not Applicable,279,UPI,48,3.1,4.7
2024-07-19 14:21:00,CNR7833483553,Canceled by Driver,CID621744,Prime SUV,Majestic,Kadugodi,,,Not Applicable,Customer was coughing/sick,Not Applicable,Not Applicable,728,Not Applicable,0,,
2024-07-24 12:10:00,CNR3881277737,Success,CID708401,Prime Sedan,Bannerghatta Road,Cox Town,77.0,115.0,Not Applicable,Not Applicable,No,Not Applicable,299,Cash,21,4.5,3.2
2024-07-19 00:48:00,CNR6165275369,Success,CID291320,Mini,Sarjapur Road,Electronic City,91.0,90.0,Not Applicable,Not Applicable,No,Not Applicable,439,Cash,26,4.2,4.0
2024-07-25 14:46:00,CNR1775975258,Success,CID463946,Mini,Kadugodi,Hosur Road,308.0,140.0,Not Applicable,Not Applicable,No,Not Applicable,242,UPI,10,3.9,4.1
2024-07-12 19:48:00,CNR7494362302,Success,CID481646,Mini,Hosur Road,Marathahalli,70.0,60.0,Not Applicable,Not Applicable,No,Not Applicable,246,Cash,23,4.1,3.3
2024-07-04 02:09:00,CNR6267526355,Success,CID688016,Prime Plus,Vijayanagar,Yeshwanthpur,119.0,80.0,Not Applicable,Not Applicable,No,Not Applicable,870,Cash,11,4.0,4.2
2024-07-23 02:27:00,CNR9941732974,Driver Not Found,CID644641,Prime Sedan,Vijayanagar,Yelahanka,,,Not Applicable,Not Applicable,Not Applicable,Not Applicable,317,Not Applicable,0,,
2024-07-18 04:19:00,CNR8856943317,Success,CID938684,Bike,Tumkur Road,Frazer Town,161.0,30.0,Not Applicable,Not Applicable,No,Not Applicable,195,Cash,36,4.8,4.5
2024-07-07 22:58:00,CNR7262028280,Success,CID377239,Mini,HSR Layout,Kadugodi,252.0,145.0,Not Applicable,Not Applicable,No,Not Applicable,251,Cash,7,3.9,3.2
2024-07-25 05:48:00,CNR1027476301,Success,CID131625,Mini,Nagarbhavi,Basavanagudi,210.0,125.0,Not Applicable,Not Applicable,Yes,Customer Demand,312,Cash,44,3.4,3.6
2024-07-09 09:10:00,CNR2237149794,Success,CID215695,eBike,MG Road,Frazer Town,49.0,120.0,Not Applicable,Not Applicable,No,Not Applicable,317,Cash,47,3.6,4.8
2024-07-17 23:01:00,CNR9137638703,Canceled by Customer,CID472625,Bike,Ramamurthy Nagar,Vijayanagar,,,Driver is not moving towards pickup location,Not Applicable,Not Applicable,Not Applicable,476,Not Applicable,0,,
2024-07-17 21:15:00,CNR9030712715,Success,CID597535,Bike,Frazer Town,Devanahalli,273.0,140.0,Not Applicable,Not Applicable,No,Not Applicable,170,Cash,12,3.9,3.8
2024-07-26 05:26:00,CNR3980072103,Driver Not Found,CID458141,eBike,BTM Layout,Banashankari,,,Not Applicable,Not Applicable,Not Applicable,Not Applicable,966,Not Applicable,0,,
2024-07-05 10:19:00,CNR9826973307,Driver Not Found,CID810254,Prime SUV,Frazer Town,Nagarbhavi,,,Not Applicable,Not Applicable,Not Applicable,Not Applicable,880,Not Applicable,0,,
2024-07-09 01:20:00,CNR1667931854,Success,CID636329,Bike,Chamarajpet,Banashankari,287.0,65.0,Not Applicable,Not Applicable,No,Not Applicable,486,UPI,4,3.3,3.2
2024-07-14 02:40:00,CNR3593903653,Driver Not Found,CID834431,Prime Plus,Basavanagudi,MG Road,,,Not Applicable,Not Applicable,Not Applicable,Not Applicable,1836,Not Applicable,0,,
2024-07-06 13:47:00,CNR3457005174,Success,CID415093,Bike,Chickpet,BTM Layout,133.0,40.0,Not Applicable,Not Applicable,No,Not Applicable,1887,Cash,17,4.4,3.4
2024-07-16 15:30:00,CNR3437632597,Success,CID659792,Prime Plus,Majestic,Whitefield,273.0,35.0,Not Applicable,Not Applicable,No,Not Applicable,152,Cash,22,3.2,4.4
2024-07-18 00:33:00,CNR2427893430,Canceled by Customer,CID772049,Prime Sedan,Cox Town,JP Nagar,,,Driver is not moving towards pickup location,Not Applicable,Not Applicable,Not Applicable,344,Not Applicable,0,,
2024-07-30 18:07:00,CNR3200033059,Canceled by Driver,CID243726,Bike,Banashankari,Koramangala,,,Not Applicable,More than permitted people in there,Not Applicable,Not Applicable,160,Not Applicable,0,,
2024-07-04 19:48:00,CNR5446164918,Success,CID164956,Auto,Kengeri,Devanahalli,168.0,35.0,Not Applicable,Not Applicable,Yes,Vehicle Breakdown,1320,UPI,9,3.7,3.2
2024-07-28 15:09:00,CNR1044037846,Success,CID191503,Prime SUV,MG Road,Majestic,133.0,130.0,Not Applicable,Not Applicable,No,Not Applicable,220,Credit Card,15,3.2,3.2
2024-07-28 18:26:00,CNR2287047497,Canceled by Driver,CID879867,Prime SUV,Nagarbhavi,Mysore Road,,,Not Applicable,More than permitted people in there,Not Applicable,Not Applicable,454,Not Applicable,0,,
2024-07-11 10:20:00,CNR2112459019,Canceled by Driver,CID372432,Bike,Basavanagudi,Mysore Road,,,Not Applicable,Customer was coughing/sick,Not Applicable,Not Applicable,474,Not Applicable,0,,
2024-07-10 23:58:00,CNR7853038282,Success,CID970962,Prime Sedan,Rajarajeshwari Nagar,Ramamurthy Nagar,70.0,125.0,Not Applicable,Not Applicable,No,Not Applicable,407,Cash,1,3.3,4.5
2024-07-27 02:29:00,CNR3774683038,Driver Not Found,CID391576,Auto,Shivajinagar,Bellandur,,,Not Applicable,Not Applicable,Not Applicable,Not Applicable,199,Not Applicable,0,,
2024-07-01 02:05:00,CNR8340982245,Success,CID956935,Auto,Rajajinagar,Marathahalli,84.0,45.0,Not Applicable,Not Applicable,No,Not Applicable,469,Cash,7,3.1,4.2
2024-07-05 04:34:00,CNR8094703887,Success,CID486932,Prime Plus,Kadugodi,KR Puram,245.0,125.0,Not Applicable,Not Applicable,No,Not Applicable,205,Cash,17,4.0,4.4
2024-07-28 17:27:00,CNR6275923183,Success,CID541386,Bike,Jayanagar,Kammanahalli,84.0,85.0,Not Applicable,Not Applicable,No,Not Applicable,252,UPI,26,3.8,3.2
2024-07-25 20:19:00,CNR7193474784,Success,CID767672,Prime SUV,Koramangala,Koramangala,210.0,100.0,Not Applicable,Not Applicable,No,Not Applicable,116,Cash,19,4.8,3.8
2024-07-17 14:08:00,CNR8509469068,Driver Not Found,CID547627,Prime Sedan,Kengeri,Padmanabhanagar,,,Not Applicable,Not Applicable,Not Applicable,Not Applicable,239,Not Applicable,0,,
2024-07-20 07:35:00,CNR8075449417,Success,CID250104,Prime SUV,Malleshwaram,Indiranagar,301.0,105.0,Not Applicable,Not Applicable,No,Not Applicable,364,UPI,17,3.2,4.4
2024-07-08 00:13:00,CNR7568618850,Canceled by Customer,CID534061,Prime Sedan,Yelahanka,Hebbal,,,Wrong Address,Not Applicable,Not Applicable,Not Applicable,1509,Not Applicable,0,,
2024-07-21 12:01:00,CNR2113241843,Success,CID482514,Prime Plus,Indiranagar,Shantinagar,294.0,100.0,Not Applicable,Not Applicable,No,Not Applicable,470,Cash,37,3.4,4.9
2024-07-21 10:11:00,CNR2656319495,Success,CID920690,Prime Plus,Hennur,Devanahalli,301.0,120.0,Not Applicable,Not Applicable,No,Not Applicable,279,UPI,9,3.9,4.1
2024-07-15 09:33:00,CNR1591085153,Success,CID104854,Bike,BTM Layout,Ramamurthy Nagar,301.0,120.0,Not Applicable,Not Applicable,No,Not Applicable,378,UPI,44,3.2,3.1
2024-07-25 00:43:00,CNR8076939328,Canceled by Customer,CID344365,Prime Sedan,Majestic,BTM Layout,,,Change of plans,Not Applicable,Not Applicable,Not Applicable,1401,Not Applicable,0,,
2024-07-21 11:20:00,CNR6369363406,Driver Not Found,CID275517,Auto,Koramangala,Kammanahalli,,,Not Applicable,Not Applicable,Not Applicable,Not Applicable,851,Not Applicable,0,,
2024-07-15 22:49:00,CNR8029456887,Success,CID322300,Mini,Banashankari,Devanahalli,84.0,145.0,Not Applicable,Not Applicable,No,Not Applicable,549,UPI,11,3.6,4.4
2024-07-19 08:15:00,CNR2620322217,Success,CID323935,Prime Sedan,Banashankari,HSR Layout,189.0,110.0,Not Applicable,Not Applicable,No,Not Applicable,909,Cash,32,3.9,3.1
2024-07-03 00:18:00,CNR9976852587,Canceled by Customer,CID256441,eBike,Mysore Road,Basavanagudi,,,Driver asked to cancel,Not Applicable,Not Applicable,Not Applicable,188,Not Applicable,0,,
2024-07-02 14:05:00,CNR4711669643,Success,CID441413,eBike,Bellandur,Mysore Road,210.0,60.0,Not Applicable,Not Applicable,No,Not Applicable,463,UPI,12,3.0,3.2
2024-07-08 18:48:00,CNR7400114302,Driver Not Found,CID216984,Mini,Yelahanka,Devanahalli,,,Not Applicable,Not Applicable,Not Applicable,Not Applicable,239,Not Applicable,0,,
2024-07-27 10:42:00,CNR7279614840,Driver Not Found,CID252219,Mini,Rajajinagar,Magadi Road,,,Not Applicable,Not Applicable,Not Applicable,Not Applicable,211,Not Applicable,0,,
2024-07-23 16:58:00,CNR4039320588,Success,CID740917,Mini,BTM Layout,Padmanabhanagar,210.0,70.0,Not Applicable,Not Applicable,No,Not Applicable,114,UPI,36,3.9,4.1
2024-07-01 18:47:00,CNR6578308552,Success,CID778606,Prime SUV,Langford Town,Sarjapur Road,217.0,90.0,Not Applicable,Not Applicable,No,Not Applicable,293,UPI,41,3.9,3.5
2024-07-16 21:25:00,CNR5272773283,Canceled by Driver,CID271045,Prime SUV,Shantinagar,Richmond Town,,,Not Applicable,Customer was coughing/sick,Not Applicable,Not Applicable,298,Not Applicable,0,,
2024-07-26 01:26:00,CNR4720989701,Driver Not Found,CID272856,Mini,Mysore Road,Hennur,,,Not Applicable,Not Applicable,Not Applicable,Not Applicable,852,Not Applicable,0,,
2024-07-22 01:32:00,CNR6697339657,Success,CID565752,Mini,Hulimavu,Sahakar Nagar,301.0,55.0,Not Applicable,Not Applicable,No,Not Applicable,322,Cash,11,3.5,3.2
2024-07-25 02:35:00,CNR7062457064,Canceled by Driver,CID479304,eBike,Tumkur Road,Kengeri,,,Not Applicable,Personal & Car related issue,Not Applicable,Not Applicable,2374,Not Applicable,0,,
2024-07-19 02:52:00,CNR1136590168,Driver Not Found,CID177743,Prime Sedan,Hulimavu,Yelahanka,,,Not Applicable,Not Applicable,Not Applicable,Not Applicable,472,Not Applicable,0,,
2024-07-30 17:22:00,CNR4254644945,Success,CID978014,Prime Sedan,Peenya,Magadi Road,273.0,100.0,Not Applicable,Not Applicable,No,Not Applicable,393,UPI,17,3.2,4.9
2024-07-14 10:13:00,CNR7899891266,Canceled by Driver,CID282766,Prime SUV,BTM Layout,Banashankari,,,Not Applicable,Personal & Car related issue,Not Applicable,Not Applicable,309,Not Applicable,0,,
2024-07-01 10:41:00,CNR8358305544,Success,CID301826,Mini,Marathahalli,Majestic,245.0,35.0,Not Applicable,Not Applicable,No,Not Applicable,965,UPI,35,3.7,4.8
2024-07-06 17:20:00,CNR2936829470,Canceled by Customer,CID977649,Prime Sedan,Ulsoor,Hosur Road,,,Wrong Address,Not Applicable,Not Applicable,Not Applicable,272,Not Applicable,0,,
2024-07-27 10:07:00,CNR9314254641,Success,CID137950,Prime Sedan,Hebbal,Hennur,56.0,55.0,Not Applicable,Not Applicable,No,Not Applicable,209,UPI,24,3.8,4.4
2024-07-10 20:39:00,CNR6420714211,Canceled by Driver,CID486344,Auto,Marathahalli,Varthur,,,Not Applicable,Customer related issue,Not Applicable,Not Applicable,583,Not Applicable,0,,
2024-07-25 07:00:00,CNR7162562898,Canceled by Driver,CID216106,Auto,Cox Town,Basavanagudi,,,Not Applicable,Customer was coughing/sick,Not Applicable,Not Applicable,255,Not Applicable,0,,
2024-07-30 11:13:00,CNR9268367705,Success,CID786513,Mini,Hebbal,Indiranagar,42.0,80.0,Not Applicable,Not Applicable,No,Not Applicable,905,Cash,38,4.6,4.9
2024-07-08 01:56:00,CNR7955071516,Success,CID337600,Auto,Hulimavu,Malleshwaram,238.0,90.0,Not Applicable,Not Applicable,No,Not Applicable,236,Cash,10,3.5,4.0
2024-07-08 09:35:00,CNR3002486945,Canceled by Customer,CID574192,eBike,KR Puram,RT Nagar,,,Driver asked to cancel,Not Applicable,Not Applicable,Not Applicable,419,Not Applicable,0,,
2024-07-21 07:47:00,CNR7099159450,Canceled by Driver,CID404214,eBike,JP Nagar,Electronic City,,,Not Applicable,Personal & Car related issue,Not Applicable,Not Applicable,371,Not Applicable,0,,
2024-07-06 09:22:00,CNR7502263072,Driver Not Found,CID803762,eBike,Shantinagar,Rajarajeshwari Nagar,,,Not Applicable,Not Applicable,Not Applicable,Not Applicable,454,Not Applicable,0,,
2024-07-18 04:51:00,CNR3956587531,Success,CID323295,Prime Sedan,Magadi Road,Jayanagar,42.0,50.0,Not Applicable,Not Applicable,No,Not Applicable,704,UPI,20,3.6,4.7
2024-07-30 20:29:00,CNR6534396129,Success,CID333325,Prime Sedan,Langford Town,Electronic City,154.0,60.0,Not Applicable,Not Applicable,No,Not Applicable,474,Cash,30,3.4,4.7
2024-07-17 09:28:00,CNR2185381303,Success,CID147893,eBike,Indiranagar,Padmanabhanagar,238.0,75.0,Not Applicable,Not Applicable,No,Not Applicable,136,UPI,25,4.2,3.8
2024-07-12 00:33:00,CNR7588255764,Canceled by Customer,CID233998,Prime Plus,Banashankari,Majestic,,,Wrong Address,Not Applicable,Not Applicable,Not Applicable,152,Not Applicable,0,,
2024-07-30 15:46:00,CNR6910938623,Canceled by Customer,CID569071,eBike,Mysore Road,Kadugodi,,,Driver is not moving towards pickup location,Not Applicable,Not Applicable,Not Applicable,310,Not Applicable,0,,
2024-07-22 15:23:00,CNR3031837282,Success,CID522554,Prime Sedan,Shivajinagar,Whitefield,287.0,85.0,Not Applicable,Not Applicable,No,Not Applicable,2440,UPI,10,3.7,3.2
2024-07-29 12:29:00,CNR4132755242,Success,CID376728,Prime SUV,Nagarbhavi,MG Road,140.0,95.0,Not Applicable,Not Applicable,No,Not Applicable,393,UPI,2,4.7,3.3
2024-07-18 19:47:00,CNR5760594027,Success,CID747884,Prime Plus,Vijayanagar,Langford Town,49.0,105.0,Not Applicable,Not Applicable,No,Not Applicable,255,Cash,45,3.5,4.5
2024-07-13 18:37:00,CNR6409740670,Driver Not Found,CID913244,Prime Plus,RT Nagar,Chamarajpet,,,Not Applicable,Not Applicable,Not Applicable,Not Applicable,207,Not Applicable,0,,
2024-07-25 23:11:00,CNR8090399906,Success,CID570540,Prime Sedan,Shivajinagar,Whitefield,294.0,120.0,Not Applicable,Not Applicable,No,Not Applicable,353,UPI,42,4.9,4.9
2024-07-13 23:01:00,CNR8078580971,Canceled by Customer,CID316614,Bike,Frazer Town,Kadugodi,,,Wrong Address,Not Applicable,Not Applicable,Not Applicable,183,Not Applicable,0,,
2024-07-27 02:33:00,CNR3049188680,Success,CID273673,Prime Sedan,Devanahalli,Ramamurthy Nagar,280.0,130.0,Not Applicable,Not Applicable,No,Not Applicable,834,UPI,20,3.6,4.7
2024-07-24 08:03:00,CNR2372987691,Success,CID845121,Bike,Koramangala,Nagarbhavi,154.0,45.0,Not Applicable,Not Applicable,No,Not Applicable,445,Cash,3,4.8,4.4
2024-07-12 03:21:00,CNR6209900142,Canceled by Driver,CID453536,eBike,Electronic City,Hennur,,,Not Applicable,Personal & Car related issue,Not Applicable,Not Applicable,809,Not Applicable,0,,
2024-07-28 22:47:00,CNR1399419739,Success,CID575931,Prime Plus,RT Nagar,Yeshwanthpur,63.0,145.0,Not Applicable,Not Applicable,No,Not Applicable,2164,Cash,31,4.6,4.4
2024-07-08 11:43:00,CNR4248533237,Success,CID822243,Bike,Nagarbhavi,Richmond Town,105.0,70.0,Not Applicable,Not Applicable,No,Not Applicable,1497,UPI,37,3.2,3.4
2024-07-10 15:58:00,CNR4697673013,Driver Not Found,CID874487,eBike,Frazer Town,Chickpet,,,Not Applicable,Not Applicable,Not Applicable,Not Applicable,2965,Not Applicable,0,,
2024-07-22 16:56:00,CNR5201569250,Success,CID729736,Bike,Padmanabhanagar,Yeshwanthpur,231.0,145.0,Not Applicable,Not Applicable,No,Not Applicable,468,Cash,30,4.3,4.8
2024-07-11 09:43:00,CNR9016861656,Canceled by Driver,CID854631,Bike,Yelahanka,Yelahanka,,,Not Applicable,Customer was coughing/sick,Not Applicable,Not Applicable,238,Not Applicable,0,,
2024-07-18 03:49:00,CNR1842618025,Driver Not Found,CID274537,eBike,Nagarbhavi,Nagarbhavi,,,Not Applicable,Not Applicable,Not Applicable,Not Applicable,727,Not Applicable,0,,
2024-07-14 09:53:00,CNR8695019963,Success,CID101697,Mini,Whitefield,Hulimavu,280.0,40.0,Not Applicable,Not Applicable,No,Not Applicable,330,Cash,14,4.5,3.6
2024-07-26 04:10:00,CNR8394414277,Success,CID542732,Mini,HSR Layout,Chamarajpet,133.0,120.0,Not Applicable,Not Applicable,No,Not Applicable,479,Cash,48,4.4,4.1
2024-07-25 11:11:00,CNR2424129117,Success,CID146621,Mini,HSR Layout,Kadugodi,70.0,105.0,Not Applicable,Not Applicable,No,Not Applicable,957,Cash,34,3.5,4.0
2024-07-13 23:26:00,CNR6221608216,Success,CID858133,Auto,Mysore Road,Magadi Road,168.0,30.0,Not Applicable,Not Applicable,No,Not Applicable,392,Cash,13,3.6,4.3
2024-07-01 17:06:00,CNR1901933417,Driver Not Found,CID797908,Prime Sedan,Hebbal,Peenya,,,Not Applicable,Not Applicable,Not Applicable,Not Applicable,147,Not Applicable,0,,
2024-07-06 04:01:00,CNR1480368027,Canceled by Driver,CID931441,Auto,Rajarajeshwari Nagar,KR Puram,,,Not Applicable,Customer related issue,Not Applicable,Not Applicable,877,Not Applicable,0,,
2024-07-29 02:02:00,CNR2371563811,Success,CID189121,Mini,Langford Town,Langford Town,252.0,135.0,Not Applicable,Not Applicable,No,Not Applicable,437,Cash,42,3.5,3.3
2024-07-18 02:12:00,CNR5805036635,Canceled by Driver,CID904145,Bike,Rajarajeshwari Nagar,Richmond Town,,,Not Applicable,Personal & Car related issue,Not Applicable,Not Applicable,445,Not Applicable,0,,
2024-07-17 02:56:00,CNR8354409111,Success,CID545501,Prime Sedan,Bannerghatta Road,Bannerghatta Road,161.0,95.0,Not Applicable,Not Applicable,No,Not Applicable,973,UPI,11,4.5,3.8
2024-07-20 05:36:00,CNR9236487373,Success,CID247145,eBike,Langford Town,Majestic,98.0,135.0,Not Applicable,Not Applicable,No,Not Applicable,339,Cash,44,4.7,4.6
2024-07-30 08:12:00,CNR2038288781,Success,CID620383,Prime SUV,Yeshwanthpur,Ramamurthy Nagar,63.0,55.0,Not Applicable,Not Applicable,Yes,Customer Demand,484,UPI,22,4.3,4.9
2024-07-08 07:45:00,CNR1348637041,Driver Not Found,CID174601,Bike,Padmanabhanagar,Basavanagudi,,,Not Applicable,Not Applicable,Not Applicable,Not Applicable,573,Not Applicable,0,,
2024-07-14 16:47:00,CNR9663690932,Success,CID633873,Bike,Hennur,Peenya,105.0,80.0,Not Applicable,Not Applicable,No,Not Applicable,466,UPI,2,4.7,4.9
2024-07-04 13:59:00,CNR7069552350,Canceled by Driver,CID371323,Prime Sedan,Nagarbhavi,Peenya,,,Not Applicable,Customer was coughing/sick,Not Applicable,Not Applicable,297,Not Applicable,0,,
2024-07-05 23:33:00,CNR5804390790,Success,CID867781,Bike,KR Puram,Sarjapur Road,105.0,115.0,Not Applicable,Not Applicable,No,Not Applicable,352,UPI,24,3.2,4.7
2024-07-23 19:07:00,CNR3404511437,Success,CID884084,Prime SUV,Kengeri,Cox Town,196.0,80.0,Not Applicable,Not Applicable,No,Not Applicable,183,UPI,21,4.0,4.9
2024-07-07 01:31:00,CNR9789114182,Driver Not Found,CID298257,Prime SUV,Koramangala,Magadi Road,,,Not Applicable,Not Applicable,Not Applicable,Not Applicable,346,Not Applicable,0,,
2024-07-05 21:52:00,CNR9404124380,Canceled by Customer,CID553197,eBike,Tumkur Road,Varthur,,,Driver asked to cancel,Not Applicable,Not Applicable,Not Applicable,648,Not Applicable,0,,
2024-07-09 10:16:00,CNR6805600306,Success,CID325384,Auto,Tumkur Road,Rajarajeshwari Nagar,287.0,45.0,Not Applicable,Not Applicable,No,Not Applicable,1843,Credit Card,10,4.2,4.4
2024-07-23 09:51:00,CNR8518456736,Driver Not Found,CID332514,Auto,Hennur,BTM Layout,,,Not Applicable,Not Applicable,Not Applicable,Not Applicable,425,Not Applicable,0,,
2024-07-08 08:55:00,CNR2151000432,Success,CID481646,Auto,Kammanahalli,Kengeri,203.0,120.0,Not Applicable,Not Applicable,No,Not Applicable,261,Credit Card,13,4.4,3.9
2024-07-16 02:44:00,CNR2306801492,Success,CID674125,Bike,Bellandur,Langford Town,175.0,80.0,Not Applicable,Not Applicable,No,Not Applicable,997,Cash,35,3.0,4.2
2024-07-13 07:14:00,CNR1756926520,Success,CID675574,Prime Plus,Hennur,Magadi Road,252.0,105.0,Not Applicable,Not Applicable,No,Not Applicable,647,Cash,32,4.1,3.9
2024-07-09 03:00:00,CNR4853655243,Success,CID718199,eBike,Devanahalli,Padmanabhanagar,217.0,30.0,Not Applicable,Not Applicable,No,Not Applicable,2656,Cash,20,3.5,4.9
2024-07-22 20:24:00,CNR5018277753,Success,CID422112,Prime SUV,KR Puram,Yelahanka,147.0,75.0,Not Applicable,Not Applicable,No,Not Applicable,153,Credit Card,2,3.3,4.1
2024-07-27 17:17:00,CNR6377123205,Success,CID868151,Prime Plus,MG Road,Hosur Road,280.0,65.0,Not Applicable,Not Applicable,No,Not Applicable,328,Cash,9,4.3,4.1
2024-07-04 08:37:00,CNR3233436517,Canceled by Driver,CID764833,eBike,Bannerghatta Road,Basavanagudi,,,Not Applicable,Customer related issue,Not Applicable,Not Applicable,986,Not Applicable,0,,
2024-07-16 22:53:00,CNR7479441651,Success,CID923004,Mini,Hulimavu,Varthur,182.0,25.0,Not Applicable,Not Applicable,No,Not Applicable,378,Cash,47,5.0,4.7
2024-07-19 15:01:00,CNR5899977767,Success,CID357705,Mini,Marathahalli,Vijayanagar,161.0,140.0,Not Applicable,Not Applicable,No,Not Applicable,133,UPI,2,3.7,3.4
2024-07-29 22:30:00,CNR7806617569,Success,CID796992,Prime SUV,Yeshwanthpur,Devanahalli,252.0,145.0,Not Applicable,Not Applicable,No,Not Applicable,391,UPI,31,4.2,4.3
2024-07-28 13:28:00,CNR1441779398,Driver Not Found,CID930068,Bike,Jayanagar,Ramamurthy Nagar,,,Not Applicable,Not Applicable,Not Applicable,Not Applicable,426,Not Applicable,0,,
2024-07-16 07:13:00,CNR2126022606,Canceled by Customer,CID885534,Auto,Whitefield,Malleshwaram,,,AC is Not working,Not Applicable,Not Applicable,Not Applicable,479,Not Applicable,0,,
2024-07-05 21:03:00,CNR5552343745,Success,CID539396,Bike,Ulsoor,JP Nagar,35.0,110.0,Not Applicable,Not Applicable,No,Not Applicable,109,UPI,13,4.2,3.4
2024-07-18 12:32:00,CNR9391053615,Canceled by Driver,CID270280,Prime SUV,Koramangala,Basavanagudi,,,Not Applicable,Personal & Car related issue,Not Applicable,Not Applicable,271,Not Applicable,0,,
2024-07-08 10:18:00,CNR8900223390,Canceled by Driver,CID725582,eBike,BTM Layout,Kadugodi,,,Not Applicable,Personal & Car related issue,Not Applicable,Not Applicable,291,Not Applicable,0,,
2024-07-02 08:27:00,CNR7905305048,Success,CID183320,Prime Plus,Marathahalli,Rajajinagar,35.0,85.0,Not Applicable,Not Applicable,No,Not Applicable,159,Cash,8,3.7,3.6
2024-07-06 18:29:00,CNR8605503695,Success,CID507702,Prime SUV,Jayanagar,Bannerghatta Road,189.0,60.0,Not Applicable,Not Applicable,No,Not Applicable,171,UPI,39,4.4,3.4
2024-07-04 16:21:00,CNR3462298019,Success,CID326381,Mini,RT Nagar,Ulsoor,112.0,95.0,Not Applicable,Not Applicable,Yes,Vehicle Breakdown,334,Cash,8,3.1,4.0
2024-07-14 20:31:00,CNR4242694090,Canceled by Driver,CID355671,Mini,Hennur,RT Nagar,,,Not Applicable,More than permitted people in there,Not Applicable,Not Applicable,464,Not Applicable,0,,
2024-07-24 10:13:00,CNR9783580804,Success,CID523964,Prime Plus,Malleshwaram,Koramangala,252.0,60.0,Not Applicable,Not Applicable,No,Not Applicable,244,UPI,28,3.4,4.1
2024-07-06 06:02:00,CNR9486234260,Success,CID309758,Prime Plus,Chickpet,Mysore Road,259.0,105.0,Not Applicable,Not Applicable,No,Not Applicable,268,UPI,15,4.1,4.5
2024-07-28 23:04:00,CNR5263469385,Success,CID138114,eBike,Hennur,Langford Town,273.0,120.0,Not Applicable,Not Applicable,No,Not Applicable,130,Cash,22,3.7,3.6
2024-07-01 01:10:00,CNR7835120464,Canceled by Driver,CID570594,Auto,MG Road,Magadi Road,,,Not Applicable,Customer related issue,Not Applicable,Not Applicable,121,Not Applicable,0,,
2024-07-08 15:47:00,CNR2253015418,Success,CID804546,Prime SUV,HSR Layout,Jayanagar,238.0,50.0,Not Applicable,Not Applicable,No,Not Applicable,222,Cash,27,4.4,4.9
2024-07-28 18:11:00,CNR6904484496,Success,CID229724,Bike,Peenya,Shantinagar,42.0,140.0,Not Applicable,Not Applicable,No,Not Applicable,2122,UPI,10,4.7,3.8
2024-07-16 20:22:00,CNR8533411658,Success,CID472712,Prime Plus,Malleshwaram,BTM Layout,210.0,115.0,Not Applicable,Not Applicable,No,Not Applicable,715,UPI,18,3.9,3.5
2024-07-09 19:53:00,CNR6825766462,Success,CID875567,Mini,Vijayanagar,Whitefield,126.0,130.0,Not Applicable,Not Applicable,No,Not Applicable,432,UPI,23,3.1,3.4
2024-07-07 01:51:00,CNR9296372124,Driver Not Found,CID409609,Bike,Chickpet,Malleshwaram,,,Not Applicable,Not Applicable,Not Applicable,Not Applicable,461,Not Applicable,0,,
2024-07-13 09:49:00,CNR5669973967,Success,CID262036,Bike,Devanahalli,JP Nagar,70.0,60.0,Not Applicable,Not Applicable,No,Not Applicable,463,UPI,29,3.7,4.5
2024-07-19 09:59:00,CNR9634014388,Success,CID166002,Bike,Majestic,Hulimavu,217.0,55.0,Not Applicable,Not Applicable,No,Not Applicable,124,UPI,35,3.6,3.2
2024-07-30 09:15:00,CNR2997786989,Success,CID867574,Prime Sedan,Chickpet,Bellandur,154.0,135.0,Not Applicable,Not Applicable,No,Not Applicable,458,Cash,25,4.8,4.2
2024-07-02 10:42:00,CNR4045379138,Canceled by Customer,CID366659,Prime Plus,Ulsoor,Sahakar Nagar,,,Driver is not moving towards pickup location,Not Applicable,Not Applicable,Not Applicable,384,Not Applicable,0,,
2024-07-19 15:57:00,CNR2961291412,Canceled by Driver,CID470890,Prime Plus,Bellandur,Peenya,,,Not Applicable,More than permitted people in there,Not Applicable,Not Applicable,127,Not Applicable,0,,
2024-07-21 12:15:00,CNR9470828080,Canceled by Driver,CID656707,Prime Plus,Shivajinagar,Malleshwaram,,,Not Applicable,More than permitted people in there,Not Applicable,Not Applicable,234,Not Applicable,0,,
2024-07-18 18:22:00,CNR6143181372,Driver Not Found,CID462382,Prime Plus,Kadugodi,Peenya,,,Not Applicable,Not Applicable,Not Applicable,Not Applicable,2234,Not Applicable,0,,
2024-07-01 19:35:00,CNR1864208764,Canceled by Driver,CID665245,Bike,Bellandur,Majestic,,,Not Applicable,Personal & Car related issue,Not Applicable,Not Applicable,186,Not Applicable,0,,
2024-07-20 21:40:00,CNR9381167457,Canceled by Driver,CID106082,Bike,Ulsoor,Jayanagar,,,Not Applicable,Personal & Car related issue,Not Applicable,Not Applicable,153,Not Applicable,0,,
2024-07-04 21:03:00,CNR4598130367,Success,CID389223,Prime SUV,Ulsoor,Yeshwanthpur,126.0,65.0,Not Applicable,Not Applicable,No,Not Applicable,293,Cash,32,3.3,4.3
2024-07-20 11:06:00,CNR4634247223,Canceled by Customer,CID384434,Bike,Banashankari,Shantinagar,,,Change of plans,Not Applicable,Not Applicable,Not Applicable,244,Not Applicable,0,,
2024-07-19 05:28:00,CNR4667905790,Canceled by Driver,CID399278,Prime Sedan,MG Road,Chickpet,,,Not Applicable,Customer was coughing/sick,Not Applicable,Not Applicable,272,Not Applicable,0,,
2024-07-05 14:24:00,CNR5564966094,Success,CID233603,Mini,Kadugodi,Nagarbhavi,308.0,145.0,Not Applicable,Not Applicable,No,Not Applicable,349,Cash,29,3.6,3.7
2024-07-03 00:46:00,CNR3654648459,Success,CID619161,Auto,Chamarajpet,Marathahalli,98.0,90.0,Not Applicable,Not Applicable,No,Not Applicable,578,UPI,10,4.1,4.1
2024-07-10 09:06:00,CNR9764964142,Success,CID497092,Prime Plus,Jayanagar,Varthur,161.0,80.0,Not Applicable,Not Applicable,No,Not Applicable,331,Cash,9,3.2,4.5
2024-07-18 04:53:00,CNR1746346698,Success,CID440670,Prime Plus,RT Nagar,Peenya,133.0,115.0,Not Applicable,Not Applicable,No,Not Applicable,320,Cash,44,4.8,3.6
2024-07-19 10:28:00,CNR6790552047,Canceled by Driver,CID778924,Prime Sedan,Shantinagar,BTM Layout,,,Not Applicable,Customer related issue,Not Applicable,Not Applicable,455,Not Applicable,0,,
2024-07-06 17:06:00,CNR2960222070,Success,CID843697,Bike,Basavanagudi,Hennur,35.0,145.0,Not Applicable,Not Applicable,No,Not Applicable,154,Cash,48,3.3,4.6
2024-07-15 06:30:00,CNR1001779806,Success,CID242423,eBike,Kengeri,Vijayanagar,308.0,120.0,Not Applicable,Not Applicable,No,Not Applicable,128,Cash,1,4.8,3.3
2024-07-08 06:31:00,CNR3083887788,Success,CID281588,Prime Plus,Varthur,MG Road,203.0,95.0,Not Applicable,Not Applicable,No,Not Applicable,315,Cash,31,3.8,4.7
2024-07-28 05:06:00,CNR3337774930,Driver Not Found,CID517059,eBike,Ulsoor,Kadugodi,,,Not Applicable,Not Applicable,Not Applicable,Not Applicable,118,Not Applicable,0,,
2024-07-01 10:17:00,CNR5002271087,Canceled by Driver,CID447848,Prime SUV,Varthur,KR Puram,,,Not Applicable,Customer related issue,Not Applicable,Not Applicable,902,Not Applicable,0,,
2024-07-08 07:37:00,CNR9206347170,Success,CID538461,Auto,Padmanabhanagar,RT Nagar,56.0,40.0,Not Applicable,Not Applicable,No,Not Applicable,127,Cash,10,3.1,4.5
2024-07-10 22:20:00,CNR4292591670,Success,CID875160,Prime Plus,Hebbal,RT Nagar,308.0,35.0,Not Applicable,Not Applicable,No,Not Applicable,149,UPI,36,4.8,4.6
2024-07-24 11:23:00,CNR7948753253,Success,CID310928,Prime SUV,Sarjapur Road,Majestic,56.0,95.0,Not Applicable,Not Applicable,No,Not Applicable,264,Cash,20,4.0,4.6
2024-07-27 07:09:00,CNR6084874970,Canceled by Customer,CID914326,Auto,MG Road,Richmond Town,,,Driver asked to cancel,Not Applicable,Not Applicable,Not Applicable,915,Not Applicable,0,,
2024-07-22 19:24:00,CNR9462133226,Canceled by Driver,CID740946,Bike,Shivajinagar,Nagarbhavi,,,Not Applicable,Customer related issue,Not Applicable,Not Applicable,362,Not Applicable,0,,
2024-07-09 02:41:00,CNR8866572034,Success,CID853136,eBike,Sahakar Nagar,Sahakar Nagar,119.0,95.0,Not Applicable,Not Applicable,No,Not Applicable,501,Cash,45,4.3,4.0
2024-07-08 14:27:00,CNR8332207951,Success,CID912277,eBike,Frazer Town,Jayanagar,168.0,120.0,Not Applicable,Not Applicable,No,Not Applicable,287,Cash,36,4.2,4.8
2024-07-13 06:21:00,CNR1433734374,Success,CID731048,Auto,Sarjapur Road,Marathahalli,154.0,145.0,Not Applicable,Not Applicable,No,Not Applicable,122,Cash,5,3.8,3.4
2024-07-03 04:18:00,CNR5238684583,Canceled by Customer,CID691765,Auto,Mysore Road,Langford Town,,,Driver asked to cancel,Not Applicable,Not Applicable,Not Applicable,454,Not Applicable,0,,
2024-07-16 06:08:00,CNR1869199068,Success,CID607142,Prime SUV,Magadi Road,Ulsoor,70.0,85.0,Not Applicable,Not Applicable,No,Not Applicable,640,Cash,28,4.8,3.0
2024-07-24 19:00:00,CNR9304864614,Success,CID696759,eBike,Chickpet,RT Nagar,294.0,75.0,Not Applicable,Not Applicable,No,Not Applicable,395,Cash,12,4.2,3.5
2024-07-21 00:54:00,CNR6735959040,Success,CID835024,Prime Plus,Bellandur,Varthur,133.0,60.0,Not Applicable,Not Applicable,No,Not Applicable,311,Cash,11,5.0,4.4
2024-07-02 19:48:00,CNR1136623937,Success,CID768674,Auto,Richmond Town,Bellandur,308.0,65.0,Not Applicable,Not Applicable,No,Not Applicable,356,Cash,8,3.7,4.8
2024-07-09 23:29:00,CNR6528946591,Success,CID276792,Auto,Basavanagudi,Tumkur Road,252.0,125.0,Not Applicable,Not Applicable,No,Not Applicable,207,UPI,9,3.6,3.2
2024-07-23 07:15:00,CNR1808162181,Canceled by Customer,CID886386,Auto,Jayanagar,Sahakar Nagar,,,Change of plans,Not Applicable,Not Applicable,Not Applicable,955,Not Applicable,0,,
2024-07-26 16:46:00,CNR6621023054,Success,CID508369,Bike,Cox Town,Chickpet,252.0,140.0,Not Applicable,Not Applicable,No,Not Applicable,137,UPI,24,4.5,4.9
2024-07-01 00:32:00,CNR9147270535,Success,CID829198,Prime Sedan,Ulsoor,Ramamurthy Nagar,189.0,25.0,Not Applicable,Not Applicable,No,Not Applicable,355,Cash,28,4.0,3.1
2024-07-28 18:17:00,CNR6684154453,Success,CID917111,Prime SUV,Chickpet,Nagarbhavi,182.0,105.0,Not Applicable,Not Applicable,No,Not Applicable,277,UPI,24,3.5,4.1
2024-07-21 18:17:00,CNR9055571614,Driver Not Found,CID891498,Mini,Devanahalli,MG Road,,,Not Applicable,Not Applicable,Not Applicable,Not Applicable,205,Not Applicable,0,,
2024-07-09 16:13:00,CNR9353306722,Canceled by Driver,CID265799,Auto,Tumkur Road,Majestic,,,Not Applicable,Customer related issue,Not Applicable,Not Applicable,300,Not Applicable,0,,
2024-07-21 20:16:00,CNR4722397448,Canceled by Driver,CID731826,Bike,KR Puram,Padmanabhanagar,,,Not Applicable,More than permitted people in there,Not Applicable,Not Applicable,372,Not Applicable,0,,
2024-07-16 08:56:00,CNR2074502084,Success,CID891679,Mini,Varthur,Vijayanagar,203.0,75.0,Not Applicable,Not Applicable,No,Not Applicable,474,Cash,22,4.4,4.0
2024-07-14 11:28:00,CNR3409923641,Success,CID108491,Mini,RT Nagar,Mysore Road,63.0,140.0,Not Applicable,Not Applicable,No,Not Applicable,212,Cash,21,4.8,3.7
2024-07-18 10:53:00,CNR9462106330,Success,CID547443,Prime SUV,Hulimavu,Padmanabhanagar,224.0,35.0,Not Applicable,Not Applicable,No,Not Applicable,355,UPI,41,4.1,3.4
2024-07-01 09:06:00,CNR4069503648,Canceled by Customer,CID234154,Mini,Kadugodi,Majestic,,,Change of plans,Not Applicable,Not Applicable,Not Applicable,304,Not Applicable,0,,
2024-07-28 19:07:00,CNR6669448601,Success,CID806737,Prime Plus,Sarjapur Road,Kadugodi,49.0,60.0,Not Applicable,Not Applicable,Yes,Customer Demand,1480,UPI,37,4.9,3.5
2024-07-17 21:54:00,CNR5607678867,Success,CID558599,Bike,JP Nagar,Bannerghatta Road,84.0,115.0,Not Applicable,Not Applicable,No,Not Applicable,594,Cash,35,4.9,3.9
2024-07-19 16:10:00,CNR9608643662,Canceled by Driver,CID107801,eBike,Vijayanagar,Malleshwaram,,,Not Applicable,Customer was coughing/sick,Not Applicable,Not Applicable,194,Not Applicable,0,,
2024-07-20 09:40:00,CNR2179764699,Canceled by Customer,CID627614,Mini,Langford Town,Indiranagar,,,Change of plans,Not Applicable,Not Applicable,Not Applicable,307,Not Applicable,0,,
2024-07-17 23:44:00,CNR7001525893,Canceled by Customer,CID456687,Prime SUV,Malleshwaram,Varthur,,,Change of plans,Not Applicable,Not Applicable,Not Applicable,138,Not Applicable,0,,
2024-07-24 23:01:00,CNR9430005566,Success,CID178549,Prime SUV,Cox Town,Malleshwaram,126.0,95.0,Not Applicable,Not Applicable,No,Not Applicable,571,UPI,21,4.9,3.9
2024-07-25 01:06:00,CNR8578669400,Success,CID324089,Bike,Jayanagar,Richmond Town,252.0,25.0,Not Applicable,Not Applicable,No,Not Applicable,144,Cash,13,3.6,4.0
2024-07-22 07:45:00,CNR7922879290,Canceled by Driver,CID423694,Prime Plus,Mysore Road,Indiranagar,,,Not Applicable,Personal & Car related issue,Not Applicable,Not Applicable,627,Not Applicable,0,,
2024-07-12 18:39:00,CNR3723925081,Success,CID780274,Prime Sedan,Yelahanka,HSR Layout,196.0,115.0,Not Applicable,Not Applicable,No,Not Applicable,415,Cash,46,4.9,3.6
2024-07-06 20:54:00,CNR1219750121,Success,CID843933,Auto,Cox Town,Vijayanagar,252.0,65.0,Not Applicable,Not Applicable,No,Not Applicable,314,Cash,1,5.0,3.6
2024-07-10 11:27:00,CNR7362764276,Canceled by Customer,CID685260,Prime SUV,Vijayanagar,Kengeri,,,AC is Not working,Not Applicable,Not Applicable,Not Applicable,843,Not Applicable,0,,
2024-07-18 07:22:00,CNR8933450332,Success,CID868893,Bike,Whitefield,Frazer Town,35.0,80.0,Not Applicable,Not Applicable,No,Not Applicable,522,Cash,13,3.7,4.8
2024-07-17 07:44:00,CNR8475095376,Canceled by Driver,CID197465,Auto,Sahakar Nagar,Vijayanagar,,,Not Applicable,Customer related issue,Not Applicable,Not Applicable,473,Not Applicable,0,,
2024-07-22 13:37:00,CNR4952627958,Canceled by Driver,CID174512,Auto,Sarjapur Road,Hennur,,,Not Applicable,Personal & Car related issue,Not Applicable,Not Applicable,276,Not Applicable,0,,
2024-07-12 16:36:00,CNR4043138928,Canceled by Driver,CID807068,eBike,Rajarajeshwari Nagar,Koramangala,,,Not Applicable,More than permitted people in there,Not Applicable,Not Applicable,764,Not Applicable,0,,
2024-07-10 16:27:00,CNR6368386564,Success,CID968591,eBike,Banashankari,Hebbal,308.0,50.0,Not Applicable,Not Applicable,No,Not Applicable,284,Cash,47,4.9,3.7
2024-07-18 04:58:00,CNR2129092763,Success,CID210727,Mini,Sahakar Nagar,Whitefield,301.0,55.0,Not Applicable,Not Applicable,No,Not Applicable,781,Cash,29,5.0,3.4
2024-07-30 13:05:00,CNR8174250879,Success,CID435089,Prime SUV,MG Road,Frazer Town,259.0,110.0,Not Applicable,Not Applicable,No,Not Applicable,448,UPI,16,3.1,4.0
2024-07-10 10:11:00,CNR4268833790,Driver Not Found,CID128682,Auto,RT Nagar,Malleshwaram,,,Not Applicable,Not Applicable,Not Applicable,Not Applicable,121,Not Applicable,0,,
2024-07-11 17:51:00,CNR1619840093,Success,CID623384,Bike,Padmanabhanagar,Padmanabhanagar,84.0,80.0,Not Applicable,Not Applicable,No,Not Applicable,1166,Cash,39,4.4,4.5
2024-07-27 01:19:00,CNR6122002225,Success,CID454562,Mini,Richmond Town,Bellandur,91.0,115.0,Not Applicable,Not Applicable,No,Not Applicable,233,Cash,41,3.0,3.4
2024-07-21 15:22:00,CNR8996404957,Canceled by Customer,CID762251,Prime SUV,Chamarajpet,Banashankari,,,Change of plans,Not Applicable,Not Applicable,Not Applicable,326,Not Applicable,0,,
2024-07-18 05:21:00,CNR1136113214,Success,CID629300,Prime SUV,Chickpet,Kammanahalli,252.0,135.0,Not Applicable,Not Applicable,No,Not Applicable,823,Cash,26,3.4,5.0
2024-07-19 02:33:00,CNR3401663554,Success,CID209209,Prime SUV,Rajarajeshwari Nagar,MG Road,91.0,90.0,Not Applicable,Not Applicable,No,Not Applicable,437,Cash,3,4.9,3.1
2024-07-05 17:26:00,CNR7944552108,Success,CID651365,eBike,Yelahanka,Basavanagudi,238.0,130.0,Not Applicable,Not Applicable,No,Not Applicable,496,UPI,19,3.3,4.2
2024-07-04 10:04:00,CNR9338771222,Success,CID240621,Prime Sedan,Yeshwanthpur,Devanahalli,189.0,85.0,Not Applicable,Not Applicable,No,Not Applicable,385,Cash,39,4.8,3.8
2024-07-13 21:16:00,CNR9982375615,Success,CID103964,Auto,Jayanagar,Varthur,301.0,50.0,Not Applicable,Not Applicable,No,Not Applicable,165,UPI,2,4.4,4.9
2024-07-27 13:56:00,CNR1433076623,Driver Not Found,CID423344,Prime Plus,Rajajinagar,Sahakar Nagar,,,Not Applicable,Not Applicable,Not Applicable,Not Applicable,386,Not Applicable,0,,
2024-07-18 23:47:00,CNR7566968847,Success,CID902900,Prime Sedan,HSR Layout,Kammanahalli,224.0,105.0,Not Applicable,Not Applicable,No,Not Applicable,250,UPI,29,3.4,4.9
2024-07-10 05:11:00,CNR4302083977,Success,CID417785,Prime Plus,Indiranagar,Majestic,175.0,75.0,Not Applicable,Not Applicable,No,Not Applicable,2293,UPI,32,3.8,4.0
2024-07-24 21:58:00,CNR2951414830,Canceled by Driver,CID573729,eBike,Rajarajeshwari Nagar,Shivajinagar,,,Not Applicable,Personal & Car related issue,Not Applicable,Not Applicable,2148,Not Applicable,0,,
2024-07-27 19:14:00,CNR9431737808,Success,CID678011,Prime SUV,HSR Layout,Hennur,245.0,115.0,Not Applicable,Not Applicable,No,Not Applicable,301,Cash,6,4.2,3.0
2024-07-03 04:14:00,CNR4865399468,Success,CID287778,Prime SUV,Sarjapur Road,KR Puram,252.0,75.0,Not Applicable,Not Applicable,Yes,Vehicle Breakdown,194,Cash,38,3.8,4.3
2024-07-13 14:49:00,CNR5789867651,Success,CID713166,Mini,BTM Layout,Richmond Town,35.0,125.0,Not Applicable,Not Applicable,No,Not Applicable,410,UPI,32,4.4,3.9
2024-07-16 05:06:00,CNR4080365069,Canceled by Driver,CID684076,Prime SUV,Indiranagar,Ulsoor,,,Not Applicable,Personal & Car related issue,Not Applicable,Not Applicable,560,Not Applicable,0,,
2024-07-03 21:51:00,CNR9041877720,Driver Not Found,CID475049,Prime Sedan,Bannerghatta Road,Yelahanka,,,Not Applicable,Not Applicable,Not Applicable,Not Applicable,130,Not Applicable,0,,
2024-07-10 03:44:00,CNR2142316999,Canceled by Driver,CID426324,Prime Sedan,Peenya,Majestic,,,Not Applicable,Personal & Car related issue,Not Applicable,Not Applicable,894,Not Applicable,0,,
2024-07-08 10:27:00,CNR7433070104,Success,CID550528,Bike,Malleshwaram,Nagarbhavi,308.0,90.0,Not Applicable,Not Applicable,No,Not Applicable,115,UPI,1,5.0,3.0
2024-07-30 12:22:00,CNR5248716702,Success,CID205173,Mini,Yelahanka,Magadi Road,77.0,95.0,Not Applicable,Not Applicable,No,Not Applicable,222,Cash,46,4.8,3.9
2024-07-05 11:26:00,CNR8597899772,Success,CID717383,Mini,HSR Layout,JP Nagar,266.0,135.0,Not Applicable,Not Applicable,No,Not Applicable,344,Credit Card,14,3.8,3.2
2024-07-22 11:48:00,CNR2114236060,Canceled by Customer,CID990213,Prime Plus,Bellandur,Chamarajpet,,,AC is Not working,Not Applicable,Not Applicable,Not Applicable,381,Not Applicable,0,,
2024-07-11 08:13:00,CNR1873133962,Canceled by Customer,CID771248,Prime SUV,Yeshwanthpur,Langford Town,,,Wrong Address,Not Applicable,Not Applicable,Not Applicable,724,Not Applicable,0,,
2024-07-23 13:12:00,CNR2601027689,Canceled by Driver,CID309421,Auto,Peenya,Kammanahalli,,,Not Applicable,More than permitted people in there,Not Applicable,Not Applicable,468,Not Applicable,0,,
2024-07-21 04:28:00,CNR4354707499,Success,CID232818,eBike,Hennur,Langford Town,196.0,85.0,Not Applicable,Not Applicable,No,Not Applicable,218,UPI,40,3.7,3.6
2024-07-27 05:51:00,CNR1443853664,Success,CID909676,Prime Plus,Richmond Town,Hulimavu,119.0,90.0,Not Applicable,Not Applicable,No,Not Applicable,414,UPI,48,4.4,5.0
2024-07-16 07:41:00,CNR8927771655,Success,CID731055,Auto,Yeshwanthpur,Koramangala,280.0,130.0,Not Applicable,Not Applicable,No,Not Applicable,134,UPI,15,3.7,3.2
2024-07-04 17:39:00,CNR3783954296,Success,CID785008,Prime Sedan,Nagarbhavi,RT Nagar,224.0,95.0,Not Applicable,Not Applicable,No,Not Applicable,109,UPI,21,3.8,3.7
2024-07-10 00:15:00,CNR6478008197,Canceled by Driver,CID429336,Mini,Chamarajpet,Varthur,,,Not Applicable,Personal & Car related issue,Not Applicable,Not Applicable,1316,Not Applicable,0,,
2024-07-03 09:38:00,CNR8580209189,Canceled by Customer,CID471037,Prime Sedan,Sarjapur Road,Hosur Road,,,Driver is not moving towards pickup location,Not Applicable,Not Applicable,Not Applicable,2700,Not Applicable,0,,
2024-07-21 23:16:00,CNR7446169188,Success,CID910546,Prime Plus,Hulimavu,Hosur Road,196.0,25.0,Not Applicable,Not Applicable,No,Not Applicable,927,Cash,1,4.1,3.3
2024-07-20 20:21:00,CNR9178113156,Success,CID873111,Prime Plus,Vijayanagar,Banashankari,147.0,75.0,Not Applicable,Not Applicable,No,Not Applicable,305,Cash,28,3.1,4.5
2024-07-14 16:47:00,CNR8513083344,Success,CID880566,Prime Sedan,Rajajinagar,Hennur,294.0,30.0,Not Applicable,Not Applicable,No,Not Applicable,304,UPI,33,3.3,4.9
2024-07-24 21:19:00,CNR4144845589,Success,CID807099,Prime Plus,Kengeri,Yelahanka,119.0,125.0,Not Applicable,Not Applicable,No,Not Applicable,799,Cash,29,5.0,3.3
2024-07-08 01:53:00,CNR5216364901,Success,CID465798,Bike,Magadi Road,Indiranagar,119.0,110.0,Not Applicable,Not Applicable,No,Not Applicable,746,Cash,49,3.6,4.3
2024-07-20 06:05:00,CNR9377540445,Success,CID694682,Prime SUV,Ramamurthy Nagar,Majestic,91.0,45.0,Not Applicable,Not Applicable,No,Not Applicable,148,UPI,46,4.9,3.8
2024-07-08 08:51:00,CNR4874747732,Success,CID400023,Bike,Rajajinagar,Rajarajeshwari Nagar,259.0,30.0,Not Applicable,Not Applicable,No,Not Applicable,106,UPI,19,3.1,4.3
2024-07-24 08:54:00,CNR2083026073,Canceled by Driver,CID628467,eBike,KR Puram,Magadi Road,,,Not Applicable,Personal & Car related issue,Not Applicable,Not Applicable,2665,Not Applicable,0,,
2024-07-02 06:56:00,CNR2565566953,Success,CID205679,Prime Plus,HSR Layout,Majestic,182.0,115.0,Not Applicable,Not Applicable,Yes,Vehicle Breakdown,491,UPI,12,4.2,3.4
2024-07-23 02:04:00,CNR3299940806,Success,CID810272,eBike,Hennur,Koramangala,112.0,120.0,Not Applicable,Not Applicable,No,Not Applicable,281,UPI,14,3.7,3.2
2024-07-09 03:36:00,CNR5372300526,Success,CID293214,Prime SUV,Nagarbhavi,Electronic City,231.0,30.0,Not Applicable,Not Applicable,No,Not Applicable,119,UPI,5,4.9,3.7
2024-07-28 07:21:00,CNR9727245385,Success,CID598380,eBike,Indiranagar,Bellandur,266.0,85.0,Not Applicable,Not Applicable,No,Not Applicable,118,Cash,30,3.8,3.1
2024-07-02 11:57:00,CNR5825799577,Canceled by Driver,CID161802,Auto,Whitefield,Hebbal,,,Not Applicable,Personal & Car related issue,Not Applicable,Not Applicable,311,Not Applicable,0,,
2024-07-16 01:23:00,CNR6133035507,Success,CID265898,Bike,Rajarajeshwari Nagar,JP Nagar,63.0,75.0,Not Applicable,Not Applicable,No,Not Applicable,449,UPI,20,4.9,3.5
2024-07-18 07:53:00,CNR7442291726,Success,CID525694,eBike,Bannerghatta Road,Rajarajeshwari Nagar,189.0,110.0,Not Applicable,Not Applicable,No,Not Applicable,103,UPI,14,3.4,3.8
2024-07-03 03:14:00,CNR6974753870,Canceled by Driver,CID528418,Bike,Whitefield,Mysore Road,,,Not Applicable,Customer related issue,Not Applicable,Not Applicable,101,Not Applicable,0,,
2024-07-04 11:49:00,CNR1654378642,Success,CID382885,Mini,Majestic,Shivajinagar,294.0,90.0,Not Applicable,Not Applicable,No,Not Applicable,368,UPI,8,3.1,4.2
2024-07-20 21:21:00,CNR6537184816,Success,CID502341,Prime Plus,Basavanagudi,Ramamurthy Nagar,133.0,80.0,Not Applicable,Not Applicable,No,Not Applicable,959,Cash,34,4.9,4.3
2024-07-08 18:53:00,CNR3126552261,Success,CID845107,Bike,Kengeri,Kadugodi,140.0,50.0,Not Applicable,Not Applicable,No,Not Applicable,169,Cash,28,4.0,3.3
2024-07-17 10:00:00,CNR6367162857,Success,CID411344,Bike,RT Nagar,Rajajinagar,287.0,90.0,Not Applicable,Not Applicable,No,Not Applicable,223,Cash,6,4.4,3.6
2024-07-12 00:07:00,CNR3801354061,Success,CID941435,Mini,Shivajinagar,Vijayanagar,224.0,110.0,Not Applicable,Not Applicable,Yes,Customer Demand,168,UPI,17,3.3,3.9
2024-07-16 08:44:00,CNR5468867708,Success,CID325507,Bike,Whitefield,Ramamurthy Nagar,133.0,120.0,Not Applicable,Not Applicable,No,Not Applicable,300,Cash,18,3.4,3.8
2024-07-17 09:17:00,CNR5961266038,Driver Not Found,CID519374,Bike,Rajajinagar,Jayanagar,,,Not Applicable,Not Applicable,Not Applicable,Not Applicable,493,Not Applicable,0,,
2024-07-08 15:28:00,CNR3684955521,Success,CID197098,eBike,Rajarajeshwari Nagar,Kengeri,112.0,30.0,Not Applicable,Not Applicable,No,Not Applicable,451,UPI,9,4.8,4.2
2024-07-25 16:29:00,CNR4386631921,Canceled by Driver,CID781053,Prime Sedan,Sarjapur Road,Chickpet,,,Not Applicable,Customer was coughing/sick,Not Applicable,Not Applicable,208,Not Applicable,0,,
2024-07-06 10:31:00,CNR6496107711,Canceled by Customer,CID675305,Prime SUV,KR Puram,Hulimavu,,,Driver asked to cancel,Not Applicable,Not Applicable,Not Applicable,422,Not Applicable,0,,
2024-07-27 20:09:00,CNR6959450480,Success,CID271239,Bike,Shivajinagar,Langford Town,133.0,145.0,Not Applicable,Not Applicable,No,Not Applicable,721,UPI,19,4.5,4.8
2024-07-20 05:32:00,CNR3969931098,Success,CID254061,Prime Sedan,Hennur,Bellandur,280.0,100.0,Not Applicable,Not Applicable,No,Not Applicable,219,Cash,48,4.8,3.3
2024-07-10 17:01:00,CNR1819138716,Success,CID411839,Prime Sedan,Peenya,Yelahanka,196.0,115.0,Not Applicable,Not Applicable,No,Not Applicable,333,UPI,41,4.2,5.0
2024-07-14 19:14:00,CNR6592489903,Success,CID521276,Auto,Tumkur Road,Magadi Road,245.0,100.0,Not Applicable,Not Applicable,No,Not Applicable,336,Cash,18,4.4,3.4
2024-07-22 13:48:00,CNR9684327158,Success,CID467701,Prime Plus,Indiranagar,JP Nagar,294.0,120.0,Not Applicable,Not Applicable,No,Not Applicable,1480,UPI,10,4.0,3.6
2024-07-20 06:55:00,CNR2370164584,Canceled by Driver,CID970998,Prime Sedan,Hebbal,Indiranagar,,,Not Applicable,Customer was coughing/sick,Not Applicable,Not Applicable,319,Not Applicable,0,,
2024-07-28 12:15:00,CNR5505146835,Canceled by Customer,CID776166,eBike,Tumkur Road,Devanahalli,,,Driver is not moving towards pickup location,Not Applicable,Not Applicable,Not Applicable,380,Not Applicable,0,,
2024-07-29 03:45:00,CNR5630216344,Success,CID569441,Bike,Electronic City,Peenya,224.0,60.0,Not Applicable,Not Applicable,No,Not Applicable,462,UPI,22,4.2,4.1
2024-07-06 04:55:00,CNR4786689107,Success,CID722901,Prime Sedan,Langford Town,Indiranagar,224.0,140.0,Not Applicable,Not Applicable,No,Not Applicable,487,UPI,31,4.8,3.8
2024-07-10 09:18:00,CNR2685790881,Success,CID177483,Prime Plus,Rajajinagar,Chamarajpet,231.0,90.0,Not Applicable,Not Applicable,No,Not Applicable,191,Cash,10,4.5,3.4
2024-07-12 06:37:00,CNR8342306254,Success,CID241960,Auto,Padmanabhanagar,Banashankari,280.0,75.0,Not Applicable,Not Applicable,No,Not Applicable,415,UPI,2,3.5,4.0
2024-07-15 15:39:00,CNR6592129444,Canceled by Driver,CID745072,Prime Sedan,Hosur Road,Devanahalli,,,Not Applicable,Personal & Car related issue,Not Applicable,Not Applicable,443,Not Applicable,0,,
2024-07-07 13:49:00,CNR6916423130,Canceled by Driver,CID888984,Auto,Peenya,Yelahanka,,,Not Applicable,Customer related issue,Not Applicable,Not Applicable,113,Not Applicable,0,,
2024-07-12 20:00:00,CNR4450198611,Success,CID370833,eBike,Electronic City,Cox Town,287.0,135.0,Not Applicable,Not Applicable,No,Not Applicable,175,UPI,43,4.6,4.3
2024-07-28 11:01:00,CNR6509235091,Canceled by Customer,CID319793,Mini,Sahakar Nagar,RT Nagar,,,Driver is not moving towards pickup location,Not Applicable,Not Applicable,Not Applicable,363,Not Applicable,0,,
2024-07-19 01:08:00,CNR9301087225,Driver Not Found,CID357110,Prime Plus,Indiranagar,Richmond Town,,,Not Applicable,Not Applicable,Not Applicable,Not Applicable,255,Not Applicable,0,,
2024-07-17 03:22:00,CNR2475075695,Success,CID981639,Prime Plus,KR Puram,Chamarajpet,70.0,95.0,Not Applicable,Not Applicable,No,Not Applicable,300,Cash,18,3.9,3.8
2024-07-27 07:01:00,CNR9020222993,Success,CID583850,Prime Plus,RT Nagar,Malleshwaram,273.0,100.0,Not Applicable,Not Applicable,No,Not Applicable,216,Cash,14,4.3,3.1
2024-07-17 04:34:00,CNR7923018483,Success,CID536484,Prime Plus,Kammanahalli,Kengeri,301.0,105.0,Not Applicable,Not Applicable,No,Not Applicable,147,Cash,41,3.9,3.1
2024-07-02 17:25:00,CNR6687227894,Success,CID732746,eBike,Rajarajeshwari Nagar,Rajarajeshwari Nagar,77.0,35.0,Not Applicable,Not Applicable,No,Not Applicable,109,Cash,30,4.6,4.8
2024-07-04 11:42:00,CNR1180033801,Success,CID685994,Prime Plus,Rajajinagar,Majestic,252.0,40.0,Not Applicable,Not Applicable,No,Not Applicable,199,UPI,2,4.4,4.7
2024-07-24 04:09:00,CNR9339408920,Success,CID319182,Auto,Banashankari,Langford Town,91.0,40.0,Not Applicable,Not Applicable,No,Not Applicable,491,UPI,9,4.9,4.8
2024-07-28 19:49:00,CNR6643315828,Success,CID913832,Mini,JP Nagar,JP Nagar,105.0,40.0,Not Applicable,Not Applicable,No,Not Applicable,106,UPI,25,3.8,4.9
2024-07-21 16:33:00,CNR6534957834,Driver Not Found,CID160990,Prime Plus,Majestic,Marathahalli,,,Not Applicable,Not Applicable,Not Applicable,Not Applicable,552,Not Applicable,0,,
2024-07-24 15:44:00,CNR3440511552,Success,CID846160,Mini,Kammanahalli,Mysore Road,308.0,90.0,Not Applicable,Not Applicable,Yes,Customer Demand,214,Cash,16,3.6,4.2
2024-07-08 06:22:00,CNR6722523571,Success,CID106655,eBike,Yeshwanthpur,Nagarbhavi,273.0,65.0,Not Applicable,Not Applicable,No,Not Applicable,324,Cash,47,4.2,3.9
2024-07-13 04:29:00,CNR2832426067,Success,CID748620,Bike,Yeshwanthpur,Indiranagar,42.0,70.0,Not Applicable,Not Applicable,No,Not Applicable,249,UPI,17,3.5,4.4
2024-07-09 18:49:00,CNR2669435602,Success,CID609438,Prime Sedan,Kengeri,Ramamurthy Nagar,42.0,105.0,Not Applicable,Not Applicable,No,Not Applicable,190,UPI,21,3.7,4.3
2024-07-13 19:36:00,CNR1584008754,Canceled by Driver,CID152663,Bike,Electronic City,Majestic,,,Not Applicable,Personal & Car related issue,Not Applicable,Not Applicable,185,Not Applicable,0,,
2024-07-03 12:33:00,CNR2657767026,Success,CID343195,Prime SUV,Padmanabhanagar,Langford Town,231.0,75.0,Not Applicable,Not Applicable,Yes,Other Issue,471,Cash,31,4.2,4.8
2024-07-12 22:50:00,CNR8096915830,Success,CID882014,Prime Plus,KR Puram,Bellandur,308.0,100.0,Not Applicable,Not Applicable,No,Not Applicable,148,UPI,29,3.8,4.4
2024-07-19 17:34:00,CNR7746914275,Success,CID884543,Mini,Padmanabhanagar,MG Road,63.0,100.0,Not Applicable,Not Applicable,No,Not Applicable,342,Cash,4,3.8,3.8
2024-07-21 12:45:00,CNR6916293976,Success,CID969201,Prime SUV,Shivajinagar,Chamarajpet,154.0,35.0,Not Applicable,Not Applicable,Yes,Vehicle Breakdown,417,Cash,32,3.9,3.3
2024-07-07 01:23:00,CNR4931686905,Success,CID138710,Auto,Tumkur Road,Indiranagar,98.0,30.0,Not Applicable,Not Applicable,No,Not Applicable,149,UPI,11,4.6,3.6
2024-07-10 12:21:00,CNR3991792679,Success,CID221035,Auto,Banashankari,Indiranagar,42.0,110.0,Not Applicable,Not Applicable,No,Not Applicable,840,Cash,16,3.1,4.6
2024-07-03 20:25:00,CNR2776037268,Success,CID998545,Prime Sedan,Cox Town,JP Nagar,294.0,25.0,Not Applicable,Not Applicable,No,Not Applicable,324,UPI,27,4.4,4.3
2024-07-07 12:18:00,CNR3605885103,Canceled by Customer,CID639141,Bike,Devanahalli,Sahakar Nagar,,,AC is Not working,Not Applicable,Not Applicable,Not Applicable,387,Not Applicable,0,,
2024-07-09 19:00:00,CNR2945251392,Success,CID904315,Prime Plus,JP Nagar,Ulsoor,56.0,45.0,Not Applicable,Not Applicable,No,Not Applicable,919,UPI,37,3.8,3.7
2024-07-12 05:21:00,CNR3778281161,Canceled by Driver,CID429065,Prime SUV,Kengeri,RT Nagar,,,Not Applicable,Personal & Car related issue,Not Applicable,Not Applicable,443,Not Applicable,0,,
2024-07-05 21:33:00,CNR4243076474,Success,CID736501,eBike,Nagarbhavi,RT Nagar,91.0,70.0,Not Applicable,Not Applicable,No,Not Applicable,1340,Cash,48,4.3,3.2
2024-07-17 06:44:00,CNR4906536886,Success,CID218273,Prime Plus,JP Nagar,Ramamurthy Nagar,301.0,65.0,Not Applicable,Not Applicable,No,Not Applicable,359,UPI,38,3.2,3.8
2024-07-04 18:14:00,CNR3163561740,Success,CID176373,Prime SUV,Nagarbhavi,Malleshwaram,245.0,65.0,Not Applicable,Not Applicable,No,Not Applicable,251,Cash,36,3.5,3.1
2024-07-19 08:32:00,CNR3918826043,Success,CID144608,Prime Sedan,Cox Town,JP Nagar,252.0,135.0,Not Applicable,Not Applicable,No,Not Applicable,159,UPI,44,5.0,4.8
2024-07-19 00:29:00,CNR4556093452,Success,CID651184,Prime SUV,Malleshwaram,Frazer Town,119.0,115.0,Not Applicable,Not Applicable,No,Not Applicable,315,UPI,28,3.1,4.1
2024-07-11 17:05:00,CNR4977795565,Canceled by Driver,CID983809,Prime Plus,Yelahanka,Shantinagar,,,Not Applicable,Customer related issue,Not Applicable,Not Applicable,2884,Not Applicable,0,,
2024-07-19 22:47:00,CNR4431362123,Driver Not Found,CID294718,Mini,Richmond Town,Rajarajeshwari Nagar,,,Not Applicable,Not Applicable,Not Applicable,Not Applicable,971,Not Applicable,0,,
2024-07-09 15:25:00,CNR8042278693,Canceled by Driver,CID709941,Prime Plus,Jayanagar,HSR Layout,,,Not Applicable,Customer related issue,Not Applicable,Not Applicable,277,Not Applicable,0,,
2024-07-26 12:34:00,CNR7490871843,Success,CID120843,Prime SUV,Rajajinagar,Devanahalli,35.0,25.0,Not Applicable,Not Applicable,No,Not Applicable,348,Cash,19,3.4,4.7
2024-07-26 04:24:00,CNR5203249071,Success,CID443987,Bike,Tumkur Road,Langford Town,252.0,100.0,Not Applicable,Not Applicable,No,Not Applicable,473,UPI,19,4.1,4.4
2024-07-07 03:45:00,CNR3695670250,Driver Not Found,CID366064,Bike,KR Puram,Bellandur,,,Not Applicable,Not Applicable,Not Applicable,Not Applicable,273,Not Applicable,0,,
2024-07-19 01:25:00,CNR2903584891,Success,CID610034,Auto,Ramamurthy Nagar,HSR Layout,161.0,130.0,Not Applicable,Not Applicable,No,Not Applicable,101,Cash,13,3.2,4.7
2024-07-14 05:21:00,CNR3206769812,Success,CID208106,Mini,Kengeri,HSR Layout,154.0,120.0,Not Applicable,Not Applicable,No,Not Applicable,168,Cash,39,4.0,5.0
2024-07-30 00:48:00,CNR7423226360,Canceled by Driver,CID891684,Mini,Rajarajeshwari Nagar,Devanahalli,,,Not Applicable,Customer related issue,Not Applicable,Not Applicable,210,Not Applicable,0,,
2024-07-10 14:54:00,CNR5856711817,Success,CID879230,Auto,Bannerghatta Road,Malleshwaram,35.0,85.0,Not Applicable,Not Applicable,No,Not Applicable,356,Cash,18,4.9,4.5
2024-07-28 07:59:00,CNR7648271339,Success,CID545359,Auto,Banashankari,Kengeri,154.0,55.0,Not Applicable,Not Applicable,No,Not Applicable,432,Cash,13,3.9,3.2
2024-07-26 17:07:00,CNR6514343645,Canceled by Driver,CID689140,Bike,Hebbal,Padmanabhanagar,,,Not Applicable,Customer was coughing/sick,Not Applicable,Not Applicable,1665,Not Applicable,0,,
2024-07-05 16:40:00,CNR6069044976,Success,CID508031,Mini,Bannerghatta Road,Frazer Town,308.0,105.0,Not Applicable,Not Applicable,No,Not Applicable,411,Cash,13,3.2,4.0
2024-07-01 20:33:00,CNR7885179330,Success,CID421502,Mini,Electronic City,Richmond Town,63.0,100.0,Not Applicable,Not Applicable,No,Not Applicable,466,Cash,49,3.0,3.9
2024-07-20 06:21:00,CNR8699921960,Success,CID740555,Prime Sedan,KR Puram,Padmanabhanagar,182.0,125.0,Not Applicable,Not Applicable,No,Not Applicable,175,Cash,14,3.5,3.8
2024-07-05 15:16:00,CNR1732216569,Success,CID181610,Bike,HSR Layout,Mysore Road,238.0,125.0,Not Applicable,Not Applicable,No,Not Applicable,2310,Cash,8,3.5,3.8
2024-07-30 16:04:00,CNR3848570722,Driver Not Found,CID280445,Auto,Jayanagar,Rajarajeshwari Nagar,,,Not Applicable,Not Applicable,Not Applicable,Not Applicable,351,Not Applicable,0,,
2024-07-27 03:19:00,CNR6856430649,Canceled by Driver,CID586986,Prime Sedan,Shivajinagar,Sahakar Nagar,,,Not Applicable,More than permitted people in there,Not Applicable,Not Applicable,1280,Not Applicable,0,,
2024-07-27 23:08:00,CNR9018603934,Success,CID193100,Prime Plus,Malleshwaram,Shivajinagar,259.0,55.0,Not Applicable,Not Applicable,No,Not Applicable,112,UPI,43,3.3,4.0
2024-07-18 15:03:00,CNR1225341937,Canceled by Customer,CID385391,eBike,Chickpet,Ramamurthy Nagar,,,Driver is not moving towards pickup location,Not Applicable,Not Applicable,Not Applicable,315,Not Applicable,0,,
2024-07-28 01:48:00,CNR4495110576,Canceled by Customer,CID387506,Auto,Indiranagar,JP Nagar,,,Driver is not moving towards pickup location,Not Applicable,Not Applicable,Not Applicable,833,Not Applicable,0,,
2024-07-30 09:18:00,CNR5539409955,Success,CID137859,Prime Sedan,Cox Town,Banashankari,259.0,35.0,Not Applicable,Not Applicable,No,Not Applicable,262,UPI,13,4.5,3.3
2024-07-05 21:57:00,CNR4590749101,Canceled by Driver,CID813175,Prime SUV,Cox Town,Kengeri,,,Not Applicable,Customer related issue,Not Applicable,Not Applicable,367,Not Applicable,0,,
2024-07-20 06:06:00,CNR4489454144,Driver Not Found,CID432701,Mini,Kammanahalli,Langford Town,,,Not Applicable,Not Applicable,Not Applicable,Not Applicable,256,Not Applicable,0,,
2024-07-17 20:15:00,CNR1130224903,Success,CID633968,Prime Sedan,Hosur Road,Bannerghatta Road,217.0,125.0,Not Applicable,Not Applicable,No,Not Applicable,240,Cash,30,4.1,3.5
2024-07-03 19:13:00,CNR7569056492,Success,CID824044,Prime Sedan,JP Nagar,Marathahalli,217.0,50.0,Not Applicable,Not Applicable,No,Not Applicable,277,UPI,27,3.0,3.7
2024-07-07 13:42:00,CNR7876064855,Canceled by Driver,CID458415,Prime SUV,Kengeri,Langford Town,,,Not Applicable,Customer related issue,Not Applicable,Not Applicable,249,Not Applicable,0,,
2024-07-11 21:38:00,CNR7581483475,Canceled by Driver,CID706376,Prime Plus,Malleshwaram,Sarjapur Road,,,Not Applicable,Personal & Car related issue,Not Applicable,Not Applicable,665,Not Applicable,0,,
2024-07-02 02:51:00,CNR9933978791,Success,CID617970,Prime SUV,Devanahalli,Cox Town,154.0,90.0,Not Applicable,Not Applicable,No,Not Applicable,156,Cash,3,4.2,3.5
2024-07-21 13:02:00,CNR7468833535,Success,CID743765,Bike,Kengeri,Hulimavu,98.0,55.0,Not Applicable,Not Applicable,No,Not Applicable,251,Cash,35,3.1,3.3
2024-07-19 11:39:00,CNR1495714742,Success,CID867539,Prime SUV,Devanahalli,Indiranagar,98.0,110.0,Not Applicable,Not Applicable,No,Not Applicable,639,Cash,20,4.5,3.9
2024-07-02 11:46:00,CNR4979354775,Success,CID505752,Mini,Peenya,Hosur Road,168.0,55.0,Not Applicable,Not Applicable,No,Not Applicable,447,UPI,24,4.1,4.6
2024-07-02 19:25:00,CNR8968639990,Canceled by Driver,CID824307,Prime Plus,Shivajinagar,HSR Layout,,,Not Applicable,Customer was coughing/sick,Not Applicable,Not Applicable,313,Not Applicable,0,,
2024-07-01 01:01:00,CNR2961969014,Success,CID302900,Bike,Devanahalli,Kammanahalli,161.0,105.0,Not Applicable,Not Applicable,No,Not Applicable,335,Cash,11,3.8,4.9
2024-07-08 10:02:00,CNR3725432750,Success,CID244137,Prime SUV,Chamarajpet,Majestic,42.0,145.0,Not Applicable,Not Applicable,No,Not Applicable,628,UPI,49,4.7,3.1
2024-07-26 16:05:00,CNR3399989163,Driver Not Found,CID109210,Prime Sedan,Hennur,Tumkur Road,,,Not Applicable,Not Applicable,Not Applicable,Not Applicable,484,Not Applicable,0,,
2024-07-11 12:58:00,CNR7440050745,Success,CID846042,Prime SUV,Shantinagar,Kengeri,224.0,100.0,Not Applicable,Not Applicable,No,Not Applicable,945,Cash,28,4.6,4.9
2024-07-20 20:41:00,CNR3426758328,Success,CID604624,Prime Plus,Padmanabhanagar,Jayanagar,266.0,105.0,Not Applicable,Not Applicable,No,Not Applicable,877,Cash,10,4.0,3.5
2024-07-05 01:43:00,CNR3471020189,Success,CID301567,eBike,Chamarajpet,Electronic City,287.0,60.0,Not Applicable,Not Applicable,No,Not Applicable,166,Cash,5,3.3,4.6
2024-07-02 04:53:00,CNR8704888589,Canceled by Customer,CID647581,Prime Sedan,Rajarajeshwari Nagar,Ramamurthy Nagar,,,Driver asked to cancel,Not Applicable,Not Applicable,Not Applicable,451,Not Applicable,0,,
2024-07-06 06:10:00,CNR5880070935,Canceled by Driver,CID506672,Prime Sedan,Rajajinagar,Whitefield,,,Not Applicable,Customer was coughing/sick,Not Applicable,Not Applicable,910,Not Applicable,0,,
2024-07-30 20:39:00,CNR4241920457,Canceled by Customer,CID104289,Prime Sedan,Banashankari,Devanahalli,,,Driver asked to cancel,Not Applicable,Not Applicable,Not Applicable,300,Not Applicable,0,,
2024-07-03 21:04:00,CNR8767910532,Canceled by Customer,CID921383,Auto,Hosur Road,Shantinagar,,,Driver asked to cancel,Not Applicable,Not Applicable,Not Applicable,392,Not Applicable,0,,
2024-07-02 05:09:00,CNR8093586173,Success,CID132272,Prime Plus,Tumkur Road,Mysore Road,231.0,120.0,Not Applicable,Not Applicable,No,Not Applicable,913,Cash,45,3.7,3.5
2024-07-05 13:06:00,CNR5020266059,Success,CID919808,eBike,Frazer Town,Shivajinagar,84.0,35.0,Not Applicable,Not Applicable,No,Not Applicable,1080,UPI,48,3.7,3.1
2024-07-06 10:29:00,CNR9186348806,Canceled by Customer,CID974056,eBike,Magadi Road,Yeshwanthpur,,,Driver is not moving towards pickup location,Not Applicable,Not Applicable,Not Applicable,189,Not Applicable,0,,
2024-07-08 20:21:00,CNR3191296637,Success,CID213535,eBike,Sarjapur Road,Banashankari,203.0,140.0,Not Applicable,Not Applicable,No,Not Applicable,550,Cash,17,3.8,3.4
2024-07-26 17:58:00,CNR6500158323,Success,CID835442,Bike,HSR Layout,Electronic City,280.0,55.0,Not Applicable,Not Applicable,No,Not Applicable,2882,UPI,19,4.9,3.4
2024-07-09 05:16:00,CNR1336480138,Success,CID507564,Prime Plus,Ulsoor,Marathahalli,273.0,115.0,Not Applicable,Not Applicable,No,Not Applicable,906,Cash,16,3.4,3.7
2024-07-28 19:40:00,CNR6430293071,Success,CID969547,Prime SUV,Banashankari,MG Road,238.0,140.0,Not Applicable,Not Applicable,No,Not Applicable,406,Cash,21,3.5,3.0
2024-07-22 15:26:00,CNR6894085472,Driver Not Found,CID464487,Prime Sedan,Richmond Town,Ulsoor,,,Not Applicable,Not Applicable,Not Applicable,Not Applicable,314,Not Applicable,0,,
2024-07-01 11:42:00,CNR4316921569,Success,CID935932,Mini,Bannerghatta Road,Hebbal,119.0,90.0,Not Applicable,Not Applicable,No,Not Applicable,225,Cash,4,3.9,3.9
2024-07-21 23:39:00,CNR4897653539,Success,CID703686,Prime SUV,Ulsoor,Electronic City,189.0,80.0,Not Applicable,Not Applicable,No,Not Applicable,368,Cash,43,3.1,3.4
2024-07-09 09:15:00,CNR4223140004,Success,CID951136,Prime Plus,Ramamurthy Nagar,Chamarajpet,252.0,90.0,Not Applicable,Not Applicable,No,Not Applicable,424,Cash,7,3.2,4.5
2024-07-23 21:40:00,CNR6988834708,Success,CID226125,Prime Plus,Devanahalli,Kengeri,49.0,85.0,Not Applicable,Not Applicable,No,Not Applicable,316,UPI,45,3.1,4.0
2024-07-13 15:39:00,CNR8112409395,Success,CID693030,Auto,Varthur,Cox Town,70.0,115.0,Not Applicable,Not Applicable,No,Not Applicable,164,Cash,15,3.4,4.4
2024-07-26 21:15:00,CNR8767058229,Success,CID736779,Prime SUV,JP Nagar,Langford Town,196.0,105.0,Not Applicable,Not Applicable,No,Not Applicable,231,Cash,47,4.5,4.6
2024-07-15 03:58:00,CNR8170185940,Canceled by Driver,CID849617,Prime Sedan,Vijayanagar,Sahakar Nagar,,,Not Applicable,Personal & Car related issue,Not Applicable,Not Applicable,404,Not Applicable,0,,
2024-07-12 00:58:00,CNR2655244156,Canceled by Driver,CID748074,Auto,Sarjapur Road,Marathahalli,,,Not Applicable,Personal & Car related issue,Not Applicable,Not Applicable,2522,Not Applicable,0,,
2024-07-06 10:56:00,CNR8514795599,Canceled by Driver,CID838717,Prime Sedan,Banashankari,MG Road,,,Not Applicable,Personal & Car related issue,Not Applicable,Not Applicable,401,Not Applicable,0,,
2024-07-20 00:08:00,CNR2960484380,Success,CID216408,Bike,Hennur,Sarjapur Road,133.0,75.0,Not Applicable,Not Applicable,No,Not Applicable,251,UPI,5,4.7,4.3
2024-07-24 15:02:00,CNR5189030089,Success,CID830116,Bike,Sahakar Nagar,Cox Town,126.0,115.0,Not Applicable,Not Applicable,No,Not Applicable,813,Cash,20,3.9,3.8
2024-07-10 03:24:00,CNR4223974382,Success,CID667035,Prime Sedan,Nagarbhavi,Hulimavu,168.0,70.0,Not Applicable,Not Applicable,No,Not Applicable,2547,UPI,23,4.9,3.2
2024-07-22 17:30:00,CNR7760590760,Success,CID762634,Prime Sedan,Magadi Road,Sarjapur Road,301.0,50.0,Not Applicable,Not Applicable,No,Not Applicable,379,Cash,6,4.9,3.1
2024-07-12 11:28:00,CNR7999986512,Success,CID312435,eBike,Basavanagudi,KR Puram,259.0,135.0,Not Applicable,Not Applicable,No,Not Applicable,296,UPI,5,4.6,4.2
2024-07-13 17:41:00,CNR9607935986,Canceled by Driver,CID364495,Prime Plus,Indiranagar,Hulimavu,,,Not Applicable,More than permitted people in there,Not Applicable,Not Applicable,226,Not Applicable,0,,
2024-07-23 17:22:00,CNR2556005529,Success,CID605517,Prime Plus,Sarjapur Road,Vijayanagar,308.0,70.0,Not Applicable,Not Applicable,No,Not Applicable,247,UPI,5,3.7,3.6
2024-07-28 03:58:00,CNR1546042780,Canceled by Driver,CID700586,Bike,Kengeri,Vijayanagar,,,Not Applicable,More than permitted people in there,Not Applicable,Not Applicable,290,Not Applicable,0,,
2024-07-09 18:52:00,CNR5033082139,Canceled by Driver,CID917690,Prime Sedan,Vijayanagar,Banashankari,,,Not Applicable,Personal & Car related issue,Not Applicable,Not Applicable,444,Not Applicable,0,,
2024-07-26 21:29:00,CNR8923770680,Success,CID955541,Prime SUV,Rajajinagar,BTM Layout,49.0,30.0,Not Applicable,Not Applicable,No,Not Applicable,384,Cash,49,4.8,4.0
2024-07-16 00:23:00,CNR1155385919,Success,CID356820,Prime Sedan,Tumkur Road,Kadugodi,259.0,55.0,Not Applicable,Not Applicable,No,Not Applicable,717,Cash,29,4.6,3.9
2024-07-09 02:49:00,CNR2832841007,Success,CID424409,eBike,Cox Town,BTM Layout,56.0,55.0,Not Applicable,Not Applicable,No,Not Applicable,357,Cash,15,5.0,3.7
2024-07-10 13:14:00,CNR8436604727,Success,CID528139,Prime Plus,Shivajinagar,KR Puram,154.0,120.0,Not Applicable,Not Applicable,No,Not Applicable,358,UPI,34,3.7,5.0
2024-07-09 18:18:00,CNR9439901417,Success,CID835304,eBike,Yelahanka,KR Puram,56.0,145.0,Not Applicable,Not Applicable,No,Not Applicable,586,Cash,23,3.4,4.0
2024-07-23 15:43:00,CNR6228836427,Success,CID605756,Prime Sedan,MG Road,Richmond Town,56.0,115.0,Not Applicable,Not Applicable,No,Not Applicable,1277,Cash,45,4.5,4.6
2024-07-05 04:26:00,CNR7852511280,Canceled by Driver,CID310907,Bike,Ulsoor,Magadi Road,,,Not Applicable,Customer was coughing/sick,Not Applicable,Not Applicable,247,Not Applicable,0,,
2024-07-01 20:22:00,CNR8076047271,Success,CID852013,Mini,Koramangala,Ramamurthy Nagar,273.0,70.0,Not Applicable,Not Applicable,No,Not Applicable,143,Cash,40,4.9,4.2
2024-07-30 02:27:00,CNR5597994376,Canceled by Driver,CID367698,Auto,Yeshwanthpur,Yelahanka,,,Not Applicable,Personal & Car related issue,Not Applicable,Not Applicable,485,Not Applicable,0,,
2024-07-13 14:31:00,CNR7103863511,Success,CID128384,Mini,Shantinagar,Banashankari,168.0,40.0,Not Applicable,Not Applicable,No,Not Applicable,337,Cash,20,3.8,4.0
2024-07-14 16:09:00,CNR3451565439,Canceled by Driver,CID794102,Bike,Langford Town,Hebbal,,,Not Applicable,Customer related issue,Not Applicable,Not Applicable,261,Not Applicable,0,,
2024-07-27 16:03:00,CNR7768058546,Success,CID595336,Mini,Hosur Road,Yeshwanthpur,245.0,45.0,Not Applicable,Not Applicable,No,Not Applicable,259,Cash,1,3.1,4.0
2024-07-29 17:50:00,CNR2602666146,Success,CID193959,Prime Plus,Marathahalli,Langford Town,210.0,65.0,Not Applicable,Not Applicable,No,Not Applicable,460,Cash,4,3.4,3.4
2024-07-18 06:23:00,CNR8596948642,Success,CID658801,Prime Plus,Jayanagar,Vijayanagar,154.0,115.0,Not Applicable,Not Applicable,No,Not Applicable,1934,UPI,41,4.7,3.3
2024-07-25 15:04:00,CNR2263109045,Success,CID806417,Prime Plus,Vijayanagar,Ramamurthy Nagar,224.0,50.0,Not Applicable,Not Applicable,No,Not Applicable,732,Cash,37,4.8,3.1
2024-07-14 17:39:00,CNR1221104840,Success,CID979837,Bike,JP Nagar,Nagarbhavi,161.0,130.0,Not Applicable,Not Applicable,No,Not Applicable,407,Cash,42,4.0,4.8
2024-07-18 01:26:00,CNR2728210925,Success,CID154795,Prime Sedan,Banashankari,Devanahalli,105.0,50.0,Not Applicable,Not Applicable,No,Not Applicable,306,UPI,42,3.6,4.2
2024-07-18 05:01:00,CNR5136356954,Success,CID304141,eBike,BTM Layout,RT Nagar,231.0,120.0,Not Applicable,Not Applicable,No,Not Applicable,1534,Cash,13,4.9,4.1
2024-07-03 11:19:00,CNR9115326335,Success,CID591054,Prime Plus,Hebbal,Hennur,175.0,115.0,Not Applicable,Not Applicable,No,Not Applicable,242,Cash,42,3.4,3.0
2024-07-26 10:25:00,CNR5004540618,Success,CID810996,Bike,Jayanagar,Chickpet,42.0,145.0,Not Applicable,Not Applicable,Yes,Customer Demand,151,UPI,44,4.8,4.2
2024-07-17 07:38:00,CNR5927617549,Canceled by Driver,CID824089,Prime Plus,Kammanahalli,Langford Town,,,Not Applicable,More than permitted people in there,Not Applicable,Not Applicable,361,Not Applicable,0,,
2024-07-08 01:12:00,CNR3142410144,Canceled by Driver,CID201952,Auto,Basavanagudi,Jayanagar,,,Not Applicable,Customer related issue,Not Applicable,Not Applicable,1506,Not Applicable,0,,
2024-07-02 01:56:00,CNR1907917942,Success,CID387978,Auto,Frazer Town,Jayanagar,280.0,35.0,Not Applicable,Not Applicable,No,Not Applicable,108,Cash,14,4.9,3.4
2024-07-18 09:09:00,CNR9977847770,Success,CID865896,Prime Plus,Basavanagudi,MG Road,168.0,105.0,Not Applicable,Not Applicable,No,Not Applicable,2338,UPI,20,3.2,4.1
2024-07-23 04:08:00,CNR4429126155,Success,CID771894,Bike,Marathahalli,Basavanagudi,175.0,70.0,Not Applicable,Not Applicable,No,Not Applicable,217,Cash,16,4.8,3.8
2024-07-27 00:59:00,CNR5162220924,Success,CID146991,Prime SUV,RT Nagar,Jayanagar,126.0,135.0,Not Applicable,Not Applicable,No,Not Applicable,479,UPI,46,3.4,3.8
2024-07-20 11:45:00,CNR2234668418,Success,CID916022,Mini,Majestic,Langford Town,168.0,70.0,Not Applicable,Not Applicable,No,Not Applicable,227,Cash,8,3.8,3.2
2024-07-01 19:58:00,CNR4021578491,Success,CID154958,Bike,Hulimavu,Kengeri,294.0,30.0,Not Applicable,Not Applicable,No,Not Applicable,237,Cash,20,3.8,5.0
2024-07-07 05:28:00,CNR9357549245,Canceled by Driver,CID381624,eBike,Koramangala,Malleshwaram,,,Not Applicable,More than permitted people in there,Not Applicable,Not Applicable,1748,Not Applicable,0,,
2024-07-10 09:34:00,CNR1436222892,Success,CID391820,Auto,Shantinagar,Yeshwanthpur,105.0,25.0,Not Applicable,Not Applicable,Yes,Vehicle Breakdown,2801,Cash,1,4.1,4.0
2024-07-10 14:57:00,CNR1025980128,Success,CID153386,Mini,Rajarajeshwari Nagar,Hebbal,252.0,125.0,Not Applicable,Not Applicable,No,Not Applicable,463,Cash,43,3.3,3.7
2024-07-22 16:33:00,CNR1951842696,Canceled by Driver,CID516038,Bike,Basavanagudi,Magadi Road,,,Not Applicable,Personal & Car related issue,Not Applicable,Not Applicable,819,Not Applicable,0,,
2024-07-16 22:33:00,CNR9986912390,Canceled by Customer,CID490444,Prime Plus,Marathahalli,Nagarbhavi,,,Wrong Address,Not Applicable,Not Applicable,Not Applicable,118,Not Applicable,0,,
2024-07-23 07:18:00,CNR7479236837,Success,CID186954,eBike,Bannerghatta Road,KR Puram,56.0,125.0,Not Applicable,Not Applicable,No,Not Applicable,295,Cash,12,4.5,3.5
2024-07-01 15:57:00,CNR9357604495,Success,CID531304,Auto,Kengeri,MG Road,266.0,25.0,Not Applicable,Not Applicable,No,Not Applicable,500,Cash,16,3.6,4.4
2024-07-02 06:10:00,CNR9727436188,Canceled by Customer,CID163844,eBike,Rajajinagar,RT Nagar,,,Wrong Address,Not Applicable,Not Applicable,Not Applicable,149,Not Applicable,0,,
2024-07-28 19:07:00,CNR4261072212,Success,CID157274,Prime SUV,Malleshwaram,Hennur,105.0,135.0,Not Applicable,Not Applicable,No,Not Applicable,476,Cash,35,4.1,4.0
2024-07-15 00:40:00,CNR7242908069,Canceled by Driver,CID714792,Mini,Koramangala,Chickpet,,,Not Applicable,More than permitted people in there,Not Applicable,Not Applicable,1390,Not Applicable,0,,
2024-07-28 03:59:00,CNR1819416590,Success,CID698349,Bike,Frazer Town,Indiranagar,140.0,50.0,Not Applicable,Not Applicable,No,Not Applicable,159,UPI,12,4.8,3.1
2024-07-16 02:15:00,CNR7681810798,Canceled by Customer,CID465330,Prime SUV,HSR Layout,Hosur Road,,,AC is Not working,Not Applicable,Not Applicable,Not Applicable,460,Not Applicable,0,,
2024-07-26 13:28:00,CNR1717025345,Success,CID987825,Prime SUV,Devanahalli,Cox Town,252.0,70.0,Not Applicable,Not Applicable,No,Not Applicable,581,Cash,44,3.5,3.5
2024-07-11 00:47:00,CNR9317656515,Success,CID700378,Mini,RT Nagar,Hulimavu,63.0,100.0,Not Applicable,Not Applicable,No,Not Applicable,289,UPI,33,3.3,4.0
2024-07-17 13:07:00,CNR5592680524,Canceled by Driver,CID156068,Prime SUV,Langford Town,Shivajinagar,,,Not Applicable,Personal & Car related issue,Not Applicable,Not Applicable,120,Not Applicable,0,,
2024-07-15 01:51:00,CNR7558494428,Canceled by Driver,CID721799,Prime Plus,Ulsoor,Chamarajpet,,,Not Applicable,Personal & Car related issue,Not Applicable,Not Applicable,475,Not Applicable,0,,
2024-07-03 22:05:00,CNR4592026602,Success,CID171971,Auto,Rajajinagar,Hennur,35.0,25.0,Not Applicable,Not Applicable,Yes,Vehicle Breakdown,245,Cash,3,3.4,3.2
2024-07-20 02:38:00,CNR6567802162,Success,CID744881,Auto,Marathahalli,Indiranagar,154.0,35.0,Not Applicable,Not Applicable,No,Not Applicable,906,Cash,19,3.4,4.2
2024-07-14 12:17:00,CNR8090006304,Success,CID626945,Mini,Yeshwanthpur,Ulsoor,119.0,125.0,Not Applicable,Not Applicable,No,Not Applicable,285,Cash,5,3.2,3.8
2024-07-01 07:45:00,CNR3643557810,Success,CID198256,Auto,Frazer Town,MG Road,238.0,65.0,Not Applicable,Not Applicable,No,Not Applicable,159,Cash,19,3.1,3.7
2024-07-19 20:34:00,CNR5531138615,Success,CID775432,Prime SUV,Hosur Road,Langford Town,161.0,35.0,Not Applicable,Not Applicable,No,Not Applicable,275,Cash,22,3.2,4.1
2024-07-19 22:57:00,CNR2906563332,Canceled by Driver,CID280462,Bike,Ramamurthy Nagar,Rajajinagar,,,Not Applicable,Personal & Car related issue,Not Applicable,Not Applicable,320,Not Applicable,0,,
2024-07-11 14:28:00,CNR4085915819,Canceled by Driver,CID548284,eBike,Yeshwanthpur,Chickpet,,,Not Applicable,Customer was coughing/sick,Not Applicable,Not Applicable,347,Not Applicable,0,,
2024-07-06 03:01:00,CNR9938580973,Canceled by Driver,CID402120,eBike,Koramangala,Vijayanagar,,,Not Applicable,Personal & Car related issue,Not Applicable,Not Applicable,438,Not Applicable,0,,
2024-07-11 21:52:00,CNR4794583511,Canceled by Driver,CID675824,Mini,Cox Town,Cox Town,,,Not Applicable,Customer related issue,Not Applicable,Not Applicable,2510,Not Applicable,0,,
2024-07-11 16:35:00,CNR8575797984,Success,CID173558,eBike,Chamarajpet,Tumkur Road,245.0,135.0,Not Applicable,Not Applicable,No,Not Applicable,302,Cash,21,3.4,3.9
2024-07-23 10:37:00,CNR3348385844,Success,CID890032,Prime Plus,RT Nagar,Sahakar Nagar,133.0,60.0,Not Applicable,Not Applicable,No,Not Applicable,1671,UPI,18,4.3,4.8
2024-07-27 22:11:00,CNR7830112327,Success,CID925805,Auto,Yeshwanthpur,Hosur Road,203.0,135.0,Not Applicable,Not Applicable,No,Not Applicable,160,Cash,12,4.3,3.4
2024-07-08 04:10:00,CNR5930297738,Success,CID254460,Prime Sedan,Electronic City,HSR Layout,280.0,85.0,Not Applicable,Not Applicable,No,Not Applicable,967,UPI,20,3.1,3.6
2024-07-27 02:18:00,CNR9016076943,Success,CID979385,Prime Plus,Hennur,Peenya,77.0,60.0,Not Applicable,Not Applicable,No,Not Applicable,701,Cash,29,3.3,3.3
2024-07-11 14:23:00,CNR1887952979,Canceled by Customer,CID422812,Prime Plus,Sarjapur Road,Devanahalli,,,Wrong Address,Not Applicable,Not Applicable,Not Applicable,636,Not Applicable,0,,
2024-07-11 15:41:00,CNR5868624965,Canceled by Driver,CID713066,Bike,Shantinagar,Padmanabhanagar,,,Not Applicable,Personal & Car related issue,Not Applicable,Not Applicable,130,Not Applicable,0,,
2024-07-27 18:31:00,CNR6705985039,Success,CID604075,eBike,Padmanabhanagar,Hulimavu,49.0,125.0,Not Applicable,Not Applicable,No,Not Applicable,125,UPI,26,3.2,4.8
2024-07-04 20:14:00,CNR1642726238,Canceled by Driver,CID222679,Prime SUV,Majestic,Frazer Town,,,Not Applicable,More than permitted people in there,Not Applicable,Not Applicable,295,Not Applicable,0,,
2024-07-20 06:43:00,CNR6573385269,Canceled by Customer,CID274247,Auto,Hulimavu,Shivajinagar,,,AC is Not working,Not Applicable,Not Applicable,Not Applicable,195,Not Applicable,0,,
2024-07-26 17:39:00,CNR5943911854,Success,CID555212,Prime Sedan,Majestic,Hebbal,105.0,120.0,Not Applicable,Not Applicable,No,Not Applicable,152,UPI,17,4.1,3.5
2024-07-23 03:44:00,CNR9822372399,Success,CID819443,Prime SUV,Rajarajeshwari Nagar,Bannerghatta Road,147.0,105.0,Not Applicable,Not Applicable,No,Not Applicable,1175,Cash,45,4.9,3.9
2024-07-06 04:50:00,CNR5731565529,Canceled by Driver,CID287077,eBike,Bellandur,BTM Layout,,,Not Applicable,Personal & Car related issue,Not Applicable,Not Applicable,259,Not Applicable,0,,
2024-07-21 02:47:00,CNR1198937211,Driver Not Found,CID489109,Bike,Yeshwanthpur,HSR Layout,,,Not Applicable,Not Applicable,Not Applicable,Not Applicable,138,Not Applicable,0,,
2024-07-21 18:35:00,CNR5767547326,Canceled by Driver,CID998904,Prime Plus,Cox Town,Richmond Town,,,Not Applicable,Personal & Car related issue,Not Applicable,Not Applicable,1694,Not Applicable,0,,
2024-07-30 02:40:00,CNR3292395254,Canceled by Driver,CID762048,Prime Sedan,Indiranagar,BTM Layout,,,Not Applicable,More than permitted people in there,Not Applicable,Not Applicable,411,Not Applicable,0,,
2024-07-06 14:15:00,CNR7289832786,Success,CID570210,eBike,Padmanabhanagar,Bannerghatta Road,154.0,40.0,Not Applicable,Not Applicable,No,Not Applicable,336,Cash,44,3.5,3.3
2024-07-22 04:05:00,CNR8461077609,Driver Not Found,CID213214,Prime Plus,Koramangala,Koramangala,,,Not Applicable,Not Applicable,Not Applicable,Not Applicable,576,Not Applicable,0,,
2024-07-18 06:53:00,CNR5660134280,Canceled by Driver,CID725701,eBike,Hebbal,RT Nagar,,,Not Applicable,Personal & Car related issue,Not Applicable,Not Applicable,567,Not Applicable,0,,
2024-07-21 03:38:00,CNR9508234859,Success,CID103873,Prime Plus,Basavanagudi,Nagarbhavi,217.0,130.0,Not Applicable,Not Applicable,No,Not Applicable,468,Cash,16,3.7,3.1
2024-07-29 04:17:00,CNR5372168829,Canceled by Driver,CID933616,Bike,Chamarajpet,Padmanabhanagar,,,Not Applicable,More than permitted people in there,Not Applicable,Not Applicable,457,Not Applicable,0,,
2024-07-08 18:11:00,CNR7634296447,Canceled by Driver,CID805358,Prime SUV,Cox Town,Koramangala,,,Not Applicable,Customer related issue,Not Applicable,Not Applicable,412,Not Applicable,0,,
2024-07-27 21:38:00,CNR5821250495,Success,CID216543,Bike,Hennur,Chamarajpet,259.0,125.0,Not Applicable,Not Applicable,No,Not Applicable,293,Cash,16,3.1,4.3
2024-07-11 09:49:00,CNR3237713765,Canceled by Driver,CID483777,Bike,Yeshwanthpur,Vijayanagar,,,Not Applicable,Personal & Car related issue,Not Applicable,Not Applicable,449,Not Applicable,0,,
2024-07-05 07:37:00,CNR6266217038,Success,CID706512,Prime Plus,Majestic,Whitefield,133.0,90.0,Not Applicable,Not Applicable,No,Not Applicable,1327,Cash,5,3.6,4.7
2024-07-19 19:45:00,CNR8597697310,Canceled by Customer,CID938718,eBike,Whitefield,Yeshwanthpur,,,Wrong Address,Not Applicable,Not Applicable,Not Applicable,330,Not Applicable,0,,
2024-07-13 04:07:00,CNR9179564758,Success,CID935579,Prime SUV,Chamarajpet,Vijayanagar,35.0,95.0,Not Applicable,Not Applicable,No,Not Applicable,225,Cash,16,3.4,4.2
2024-07-26 14:07:00,CNR9409597179,Driver Not Found,CID194916,eBike,Yeshwanthpur,Bellandur,,,Not Applicable,Not Applicable,Not Applicable,Not Applicable,191,Not Applicable,0,,
2024-07-04 01:49:00,CNR7230702845,Canceled by Driver,CID490137,Bike,Richmond Town,Ramamurthy Nagar,,,Not Applicable,Customer was coughing/sick,Not Applicable,Not Applicable,538,Not Applicable,0,,
2024-07-01 11:52:00,CNR3600141605,Success,CID274883,Prime Sedan,HSR Layout,Sarjapur Road,308.0,45.0,Not Applicable,Not Applicable,No,Not Applicable,893,Cash,5,3.8,4.8
2024-07-05 19:32:00,CNR9007648875,Success,CID314756,Prime Plus,Yelahanka,JP Nagar,224.0,75.0,Not Applicable,Not Applicable,No,Not Applicable,669,Cash,21,3.7,4.7
2024-07-26 17:30:00,CNR6934821351,Success,CID929050,Prime Plus,RT Nagar,Rajajinagar,238.0,95.0,Not Applicable,Not Applicable,No,Not Applicable,351,UPI,34,4.1,3.0
2024-07-23 14:22:00,CNR2268972806,Success,CID416455,Prime Sedan,Frazer Town,Chickpet,210.0,145.0,Not Applicable,Not Applicable,No,Not Applicable,107,Cash,43,3.7,5.0
2024-07-02 00:30:00,CNR8899390829,Success,CID239822,Prime Plus,Malleshwaram,Hennur,147.0,50.0,Not Applicable,Not Applicable,No,Not Applicable,354,Cash,37,4.6,4.7
2024-07-25 20:52:00,CNR6167701243,Success,CID642821,Auto,Basavanagudi,Rajarajeshwari Nagar,91.0,145.0,Not Applicable,Not Applicable,No,Not Applicable,168,Cash,6,3.4,4.5
2024-07-06 23:59:00,CNR5659702634,Canceled by Driver,CID932947,Prime Sedan,Whitefield,Varthur,,,Not Applicable,Customer related issue,Not Applicable,Not Applicable,444,Not Applicable,0,,
2024-07-22 06:37:00,CNR1165390049,Driver Not Found,CID362449,eBike,Kadugodi,Bannerghatta Road,,,Not Applicable,Not Applicable,Not Applicable,Not Applicable,449,Not Applicable,0,,
2024-07-19 23:24:00,CNR9277620588,Success,CID561762,Bike,Ulsoor,Chickpet,280.0,120.0,Not Applicable,Not Applicable,No,Not Applicable,374,Cash,18,4.1,3.5
2024-07-12 06:25:00,CNR1816971040,Success,CID560062,Auto,Shivajinagar,Majestic,287.0,95.0,Not Applicable,Not Applicable,No,Not Applicable,780,UPI,5,4.7,3.4
2024-07-21 03:24:00,CNR6805904348,Success,CID358563,Prime Sedan,Peenya,BTM Layout,266.0,80.0,Not Applicable,Not Applicable,No,Not Applicable,2820,Cash,7,4.3,4.3
2024-07-16 02:03:00,CNR2137853996,Success,CID381408,Prime SUV,Mysore Road,Jayanagar,56.0,115.0,Not Applicable,Not Applicable,No,Not Applicable,900,Cash,35,4.4,3.3
2024-07-05 14:05:00,CNR9903280766,Success,CID302462,Bike,Basavanagudi,MG Road,70.0,125.0,Not Applicable,Not Applicable,No,Not Applicable,344,Cash,10,5.0,3.9
2024-07-22 06:44:00,CNR8546078126,Success,CID707703,eBike,Whitefield,Rajarajeshwari Nagar,280.0,80.0,Not Applicable,Not Applicable,No,Not Applicable,2448,Credit Card,6,4.5,4.7
2024-07-30 10:36:00,CNR2220372670,Canceled by Customer,CID893026,Auto,Chamarajpet,KR Puram,,,Driver is not moving towards pickup location,Not Applicable,Not Applicable,Not Applicable,294,Not Applicable,0,,
2024-07-11 12:06:00,CNR3645713096,Success,CID741360,Auto,MG Road,Whitefield,154.0,65.0,Not Applicable,Not Applicable,No,Not Applicable,138,Cash,1,3.8,3.1
2024-07-16 04:24:00,CNR4274213814,Success,CID663417,Prime Plus,Hulimavu,Varthur,147.0,110.0,Not Applicable,Not Applicable,No,Not Applicable,290,UPI,34,3.3,3.7
2024-07-26 01:06:00,CNR2129322162,Canceled by Driver,CID602851,Bike,Indiranagar,Padmanabhanagar,,,Not Applicable,Personal & Car related issue,Not Applicable,Not Applicable,2432,Not Applicable,0,,
2024-07-03 00:21:00,CNR2147038033,Canceled by Driver,CID610646,Prime Sedan,Devanahalli,Majestic,,,Not Applicable,Personal & Car related issue,Not Applicable,Not Applicable,384,Not Applicable,0,,
2024-07-19 15:22:00,CNR9386681835,Success,CID246298,Prime Sedan,Rajarajeshwari Nagar,Yeshwanthpur,168.0,145.0,Not Applicable,Not Applicable,No,Not Applicable,617,Cash,13,4.6,3.2
2024-07-26 14:38:00,CNR8341014367,Success,CID638016,Auto,Chickpet,Chamarajpet,35.0,30.0,Not Applicable,Not Applicable,No,Not Applicable,168,UPI,17,3.4,4.0
2024-07-02 19:02:00,CNR9102601068,Success,CID940150,Mini,Shantinagar,HSR Layout,42.0,115.0,Not Applicable,Not Applicable,No,Not Applicable,922,Cash,9,4.0,4.5
2024-07-26 15:24:00,CNR6911912157,Canceled by Driver,CID949270,Prime SUV,Rajarajeshwari Nagar,Bellandur,,,Not Applicable,Customer related issue,Not Applicable,Not Applicable,111,Not Applicable,0,,
2024-07-27 15:56:00,CNR1577305166,Driver Not Found,CID660681,Prime Sedan,Kadugodi,Cox Town,,,Not Applicable,Not Applicable,Not Applicable,Not Applicable,332,Not Applicable,0,,
2024-07-29 07:42:00,CNR7239272152,Success,CID199090,Prime SUV,Varthur,KR Puram,245.0,30.0,Not Applicable,Not Applicable,No,Not Applicable,891,Cash,29,4.6,4.3
2024-07-03 02:33:00,CNR9826825508,Success,CID196217,Prime Plus,Chickpet,Majestic,245.0,75.0,Not Applicable,Not Applicable,No,Not Applicable,463,Cash,31,3.2,3.3
2024-07-20 00:19:00,CNR7002346016,Success,CID598571,Bike,Whitefield,Whitefield,210.0,120.0,Not Applicable,Not Applicable,No,Not Applicable,475,Cash,4,4.8,4.4
2024-07-10 20:39:00,CNR8697281042,Success,CID368166,Mini,Bellandur,Kengeri,252.0,115.0,Not Applicable,Not Applicable,No,Not Applicable,286,UPI,30,3.7,4.7
2024-07-30 14:29:00,CNR4647196457,Canceled by Customer,CID878300,Prime Sedan,Frazer Town,Devanahalli,,,Driver asked to cancel,Not Applicable,Not Applicable,Not Applicable,189,Not Applicable,0,,
2024-07-06 00:47:00,CNR6625583063,Canceled by Driver,CID877309,Prime SUV,Yeshwanthpur,Yelahanka,,,Not Applicable,More than permitted people in there,Not Applicable,Not Applicable,277,Not Applicable,0,,
2024-07-20 07:09:00,CNR4930146878,Canceled by Customer,CID844845,Mini,Banashankari,MG Road,,,Driver asked to cancel,Not Applicable,Not Applicable,Not Applicable,650,Not Applicable,0,,
2024-07-28 13:01:00,CNR2730230452,Canceled by Driver,CID581825,Auto,Vijayanagar,Electronic City,,,Not Applicable,Personal & Car related issue,Not Applicable,Not Applicable,381,Not Applicable,0,,
2024-07-06 22:19:00,CNR3573836438,Success,CID405141,Prime Sedan,HSR Layout,Frazer Town,168.0,35.0,Not Applicable,Not Applicable,No,Not Applicable,294,Cash,32,4.2,4.8
2024-07-29 15:00:00,CNR4258763584,Success,CID944053,Auto,JP Nagar,Shantinagar,49.0,30.0,Not Applicable,Not Applicable,No,Not Applicable,294,UPI,13,3.7,4.5
2024-07-26 20:18:00,CNR7369442695,Success,CID332370,Bike,Basavanagudi,Malleshwaram,224.0,120.0,Not Applicable,Not Applicable,No,Not Applicable,691,Cash,12,4.8,5.0
2024-07-04 03:23:00,CNR8471588814,Canceled by Driver,CID293648,eBike,Whitefield,RT Nagar,,,Not Applicable,Customer was coughing/sick,Not Applicable,Not Applicable,227,Not Applicable,0,,
2024-07-21 00:38:00,CNR1442859027,Success,CID893980,Prime SUV,Chickpet,Shantinagar,259.0,80.0,Not Applicable,Not Applicable,No,Not Applicable,667,Cash,29,4.6,3.3
2024-07-29 03:44:00,CNR1079051081,Success,CID922830,eBike,Ramamurthy Nagar,Frazer Town,238.0,100.0,Not Applicable,Not Applicable,No,Not Applicable,862,Cash,27,3.7,4.0
2024-07-30 13:43:00,CNR9364651582,Canceled by Driver,CID134020,Mini,Marathahalli,Chickpet,,,Not Applicable,Customer was coughing/sick,Not Applicable,Not Applicable,281,Not Applicable,0,,
2024-07-26 02:08:00,CNR5026921215,Success,CID480583,Prime Plus,Yeshwanthpur,BTM Layout,280.0,65.0,Not Applicable,Not Applicable,No,Not Applicable,460,UPI,8,3.8,4.4
2024-07-18 21:21:00,CNR2484856056,Success,CID233248,Bike,KR Puram,Shantinagar,126.0,40.0,Not Applicable,Not Applicable,No,Not Applicable,334,Cash,15,4.4,4.5
2024-07-16 07:44:00,CNR6718352111,Success,CID923411,Bike,Langford Town,Richmond Town,301.0,80.0,Not Applicable,Not Applicable,No,Not Applicable,414,UPI,28,3.9,3.0
2024-07-17 16:51:00,CNR3896372488,Success,CID197313,Prime Sedan,Basavanagudi,Jayanagar,105.0,85.0,Not Applicable,Not Applicable,No,Not Applicable,498,UPI,43,4.0,3.1
2024-07-07 17:29:00,CNR2163274918,Driver Not Found,CID541075,Bike,Varthur,Cox Town,,,Not Applicable,Not Applicable,Not Applicable,Not Applicable,274,Not Applicable,0,,
2024-07-18 02:17:00,CNR1523868334,Driver Not Found,CID306687,Mini,Basavanagudi,Kengeri,,,Not Applicable,Not Applicable,Not Applicable,Not Applicable,423,Not Applicable,0,,
2024-07-27 16:49:00,CNR1154680304,Canceled by Driver,CID875625,Mini,Basavanagudi,Majestic,,,Not Applicable,Customer related issue,Not Applicable,Not Applicable,596,Not Applicable,0,,
2024-07-06 14:00:00,CNR5707090272,Success,CID550910,eBike,Shantinagar,Devanahalli,140.0,25.0,Not Applicable,Not Applicable,No,Not Applicable,521,Cash,27,3.2,4.3
2024-07-04 03:29:00,CNR3910313895,Success,CID860666,Prime Sedan,Hennur,Cox Town,49.0,115.0,Not Applicable,Not Applicable,No,Not Applicable,585,Cash,19,3.2,4.6
2024-07-15 16:22:00,CNR2733575425,Success,CID890353,Mini,Marathahalli,Kengeri,161.0,70.0,Not Applicable,Not Applicable,No,Not Applicable,593,Cash,19,3.5,3.1
2024-07-21 22:03:00,CNR3606870094,Success,CID633527,Prime Sedan,Cox Town,Indiranagar,196.0,55.0,Not Applicable,Not Applicable,No,Not Applicable,1473,UPI,3,5.0,3.3
2024-07-14 18:49:00,CNR5565098817,Success,CID303340,eBike,Electronic City,Chickpet,84.0,120.0,Not Applicable,Not Applicable,No,Not Applicable,196,Cash,30,3.3,4.5
2024-07-16 09:20:00,CNR1573874264,Success,CID794647,Prime SUV,Jayanagar,Hulimavu,161.0,70.0,Not Applicable,Not Applicable,No,Not Applicable,108,Cash,25,3.9,3.8
2024-07-19 12:47:00,CNR9141708489,Canceled by Customer,CID863278,Prime SUV,Cox Town,Jayanagar,,,Driver is not moving towards pickup location,Not Applicable,Not Applicable,Not Applicable,969,Not Applicable,0,,
2024-07-14 00:18:00,CNR8024344733,Canceled by Customer,CID633737,Auto,Vijayanagar,Frazer Town,,,Change of plans,Not Applicable,Not Applicable,Not Applicable,154,Not Applicable,0,,
2024-07-12 01:11:00,CNR9224156257,Canceled by Driver,CID868173,Prime SUV,Chickpet,Nagarbhavi,,,Not Applicable,Customer related issue,Not Applicable,Not Applicable,475,Not Applicable,0,,
2024-07-23 17:59:00,CNR9274459476,Success,CID701234,Mini,BTM Layout,Hosur Road,203.0,130.0,Not Applicable,Not Applicable,Yes,Vehicle Breakdown,784,UPI,48,3.2,4.8
2024-07-29 06:40:00,CNR7726446250,Canceled by Driver,CID173423,Auto,Chamarajpet,Basavanagudi,,,Not Applicable,Customer related issue,Not Applicable,Not Applicable,491,Not Applicable,0,,
2024-07-15 07:04:00,CNR1300072851,Success,CID629682,eBike,Kammanahalli,KR Puram,112.0,50.0,Not Applicable,Not Applicable,No,Not Applicable,253,Cash,29,5.0,3.1
2024-07-20 04:23:00,CNR2568454350,Canceled by Customer,CID340062,Prime Sedan,Whitefield,HSR Layout,,,AC is Not working,Not Applicable,Not Applicable,Not Applicable,136,Not Applicable,0,,
2024-07-18 01:48:00,CNR6546432996,Canceled by Driver,CID391665,Auto,Mysore Road,Kengeri,,,Not Applicable,Personal & Car related issue,Not Applicable,Not Applicable,720,Not Applicable,0,,
2024-07-05 16:33:00,CNR2872611601,Success,CID827889,Prime Sedan,Hulimavu,Frazer Town,273.0,90.0,Not Applicable,Not Applicable,No,Not Applicable,141,Cash,9,3.8,3.7
2024-07-16 00:49:00,CNR3882268556,Success,CID857727,Mini,Rajarajeshwari Nagar,Vijayanagar,49.0,135.0,Not Applicable,Not Applicable,Yes,Customer Demand,127,Cash,36,3.6,3.3
2024-07-06 12:12:00,CNR5657257928,Canceled by Customer,CID266376,Mini,Kengeri,Hebbal,,,AC is Not working,Not Applicable,Not Applicable,Not Applicable,491,Not Applicable,0,,
2024-07-17 09:49:00,CNR7249287238,Success,CID625044,Prime Plus,Devanahalli,Magadi Road,252.0,35.0,Not Applicable,Not Applicable,No,Not Applicable,313,UPI,8,3.7,3.8
2024-07-01 00:52:00,CNR1539161517,Success,CID915805,Bike,Devanahalli,Koramangala,259.0,95.0,Not Applicable,Not Applicable,No,Not Applicable,1514,UPI,7,3.3,3.6
2024-07-01 23:19:00,CNR7124168092,Canceled by Customer,CID207391,Auto,Cox Town,MG Road,,,Driver is not moving towards pickup location,Not Applicable,Not Applicable,Not Applicable,372,Not Applicable,0,,
2024-07-23 06:29:00,CNR5231303217,Success,CID619091,Auto,Frazer Town,Hosur Road,196.0,85.0,Not Applicable,Not Applicable,No,Not Applicable,2629,Cash,9,3.7,3.9
2024-07-16 07:05:00,CNR8109634390,Success,CID392322,eBike,Langford Town,Nagarbhavi,273.0,130.0,Not Applicable,Not Applicable,No,Not Applicable,154,Cash,10,4.5,4.0
2024-07-16 23:40:00,CNR2114440191,Driver Not Found,CID300632,Auto,Whitefield,Bellandur,,,Not Applicable,Not Applicable,Not Applicable,Not Applicable,617,Not Applicable,0,,
2024-07-24 01:35:00,CNR1836936345,Canceled by Driver,CID355902,Bike,Yelahanka,Tumkur Road,,,Not Applicable,Customer related issue,Not Applicable,Not Applicable,590,Not Applicable,0,,
2024-07-13 07:45:00,CNR4174559507,Success,CID334180,Bike,Koramangala,Chickpet,147.0,110.0,Not Applicable,Not Applicable,Yes,Customer Demand,853,UPI,33,3.3,4.9
2024-07-27 08:25:00,CNR4704926092,Success,CID817209,Prime SUV,Marathahalli,Jayanagar,49.0,130.0,Not Applicable,Not Applicable,No,Not Applicable,532,Cash,43,5.0,4.1
2024-07-10 05:45:00,CNR1073546603,Success,CID305752,Mini,Electronic City,Mysore Road,91.0,110.0,Not Applicable,Not Applicable,No,Not Applicable,323,Cash,17,3.6,3.6
2024-07-16 10:03:00,CNR4364822833,Success,CID378417,eBike,Chickpet,Banashankari,119.0,105.0,Not Applicable,Not Applicable,No,Not Applicable,145,Cash,48,3.6,4.4
2024-07-21 22:54:00,CNR7466939233,Success,CID269270,Prime Sedan,Hebbal,Basavanagudi,189.0,110.0,Not Applicable,Not Applicable,Yes,Customer Demand,184,Cash,37,4.2,4.1
2024-07-23 07:57:00,CNR9174409220,Canceled by Driver,CID498610,Mini,Sahakar Nagar,Hebbal,,,Not Applicable,More than permitted people in there,Not Applicable,Not Applicable,467,Not Applicable,0,,
2024-07-18 19:17:00,CNR5326461475,Canceled by Driver,CID215846,Mini,RT Nagar,Hulimavu,,,Not Applicable,Personal & Car related issue,Not Applicable,Not Applicable,116,Not Applicable,0,,
2024-07-25 07:37:00,CNR9178772343,Success,CID690463,Mini,Marathahalli,Peenya,154.0,115.0,Not Applicable,Not Applicable,No,Not Applicable,133,Cash,48,4.8,4.9
2024-07-06 20:59:00,CNR5435166064,Canceled by Customer,CID463227,eBike,Malleshwaram,KR Puram,,,AC is Not working,Not Applicable,Not Applicable,Not Applicable,311,Not Applicable,0,,
2024-07-09 01:51:00,CNR3158478951,Canceled by Driver,CID932616,Prime Sedan,Kengeri,Sahakar Nagar,,,Not Applicable,Customer was coughing/sick,Not Applicable,Not Applicable,198,Not Applicable,0,,
2024-07-11 03:01:00,CNR8374850340,Canceled by Driver,CID853642,Auto,Mysore Road,Majestic,,,Not Applicable,Customer related issue,Not Applicable,Not Applicable,904,Not Applicable,0,,
2024-07-27 01:09:00,CNR3851148033,Success,CID166563,Bike,Varthur,Hebbal,245.0,125.0,Not Applicable,Not Applicable,No,Not Applicable,540,Cash,26,3.2,3.8
2024-07-16 18:02:00,CNR3702458086,Canceled by Driver,CID740201,Prime Sedan,Indiranagar,Rajarajeshwari Nagar,,,Not Applicable,Personal & Car related issue,Not Applicable,Not Applicable,425,Not Applicable,0,,
2024-07-05 21:12:00,CNR3929315736,Canceled by Customer,CID424697,Auto,Hebbal,Kadugodi,,,Change of plans,Not Applicable,Not Applicable,Not Applicable,2744,Not Applicable,0,,
2024-07-09 08:51:00,CNR2088191463,Success,CID419617,Bike,Bannerghatta Road,Sahakar Nagar,42.0,70.0,Not Applicable,Not Applicable,No,Not Applicable,185,Cash,18,3.6,3.8
2024-07-08 18:05:00,CNR1108585418,Success,CID743311,Prime SUV,KR Puram,Banashankari,175.0,105.0,Not Applicable,Not Applicable,No,Not Applicable,213,Cash,10,4.1,4.1
2024-07-04 15:13:00,CNR3320782751,Success,CID499105,eBike,Banashankari,Sahakar Nagar,105.0,105.0,Not Applicable,Not Applicable,No,Not Applicable,364,UPI,16,3.4,4.6
2024-07-10 09:30:00,CNR6687835023,Canceled by Customer,CID612840,Prime SUV,JP Nagar,Ulsoor,,,Wrong Address,Not Applicable,Not Applicable,Not Applicable,226,Not Applicable,0,,
2024-07-28 12:26:00,CNR2913842042,Success,CID477042,Mini,JP Nagar,Kadugodi,294.0,25.0,Not Applicable,Not Applicable,No,Not Applicable,277,UPI,21,4.6,4.5
2024-07-22 18:02:00,CNR8974683944,Driver Not Found,CID211950,Mini,Hebbal,Whitefield,,,Not Applicable,Not Applicable,Not Applicable,Not Applicable,198,Not Applicable,0,,
2024-07-26 03:02:00,CNR6271354011,Success,CID979093,Mini,Basavanagudi,Hulimavu,287.0,55.0,Not Applicable,Not Applicable,No,Not Applicable,913,UPI,22,3.9,3.3
2024-07-27 18:17:00,CNR7891004777,Driver Not Found,CID950551,Prime Plus,Kadugodi,Banashankari,,,Not Applicable,Not Applicable,Not Applicable,Not Applicable,766,Not Applicable,0,,
2024-07-15 09:09:00,CNR2363295860,Canceled by Customer,CID981603,Prime SUV,Marathahalli,Bannerghatta Road,,,Driver asked to cancel,Not Applicable,Not Applicable,Not Applicable,420,Not Applicable,0,,
2024-07-26 13:10:00,CNR6121361412,Canceled by Driver,CID605263,Auto,Magadi Road,Mysore Road,,,Not Applicable,Personal & Car related issue,Not Applicable,Not Applicable,367,Not Applicable,0,,
2024-07-24 17:37:00,CNR1941976010,Success,CID752299,Prime Plus,HSR Layout,Kammanahalli,182.0,100.0,Not Applicable,Not Applicable,No,Not Applicable,370,Credit Card,29,3.7,5.0
2024-07-08 00:39:00,CNR5550279408,Canceled by Customer,CID112023,Mini,Sahakar Nagar,Shantinagar,,,Driver asked to cancel,Not Applicable,Not Applicable,Not Applicable,196,Not Applicable,0,,
2024-07-15 01:00:00,CNR7229550273,Success,CID387323,eBike,Indiranagar,Yeshwanthpur,91.0,140.0,Not Applicable,Not Applicable,No,Not Applicable,469,Cash,28,4.4,4.6
2024-07-21 12:53:00,CNR9944670863,Canceled by Driver,CID192245,Prime Sedan,Hosur Road,Rajajinagar,,,Not Applicable,Personal & Car related issue,Not Applicable,Not Applicable,183,Not Applicable,0,,
2024-07-29 04:22:00,CNR5112916696,Canceled by Driver,CID492961,Prime Plus,HSR Layout,Hosur Road,,,Not Applicable,More than permitted people in there,Not Applicable,Not Applicable,1435,Not Applicable,0,,
2024-07-27 01:59:00,CNR3670376496,Success,CID138266,Bike,JP Nagar,Kammanahalli,252.0,125.0,Not Applicable,Not Applicable,No,Not Applicable,647,Cash,33,3.4,4.8
2024-07-05 21:23:00,CNR6869950992,Success,CID803130,Prime Sedan,Yelahanka,Sahakar Nagar,301.0,110.0,Not Applicable,Not Applicable,No,Not Applicable,169,Cash,49,4.3,4.5
2024-07-11 08:44:00,CNR6833747320,Success,CID941850,Prime SUV,Bellandur,Kammanahalli,161.0,45.0,Not Applicable,Not Applicable,No,Not Applicable,2149,Cash,37,4.5,3.5
2024-07-14 13:11:00,CNR4991208855,Driver Not Found,CID222660,Bike,Rajarajeshwari Nagar,Banashankari,,,Not Applicable,Not Applicable,Not Applicable,Not Applicable,321,Not Applicable,0,,
2024-07-11 08:53:00,CNR9035729004,Success,CID688707,Prime Sedan,Vijayanagar,JP Nagar,210.0,55.0,Not Applicable,Not Applicable,No,Not Applicable,662,Cash,4,4.5,3.4
2024-07-08 01:46:00,CNR7981033990,Canceled by Driver,CID934207,Prime Sedan,Marathahalli,Whitefield,,,Not Applicable,Personal & Car related issue,Not Applicable,Not Applicable,368,Not Applicable,0,,
2024-07-06 13:31:00,CNR1579766284,Driver Not Found,CID879867,Bike,Marathahalli,Sarjapur Road,,,Not Applicable,Not Applicable,Not Applicable,Not Applicable,931,Not Applicable,0,,
2024-07-30 14:08:00,CNR1858175807,Success,CID213671,Prime SUV,Devanahalli,Indiranagar,147.0,110.0,Not Applicable,Not Applicable,No,Not Applicable,125,UPI,42,4.0,5.0
2024-07-27 20:53:00,CNR6120952349,Success,CID991644,Prime Sedan,Ramamurthy Nagar,Chamarajpet,147.0,120.0,Not Applicable,Not Applicable,Yes,Customer Demand,199,Cash,9,4.1,3.4
2024-07-14 16:35:00,CNR2116248452,Success,CID789395,Prime Sedan,Ulsoor,Kengeri,224.0,110.0,Not Applicable,Not Applicable,No,Not Applicable,424,Cash,7,3.8,3.6
2024-07-11 19:01:00,CNR7085318425,Canceled by Driver,CID190391,Prime SUV,Kadugodi,Padmanabhanagar,,,Not Applicable,Customer was coughing/sick,Not Applicable,Not Applicable,1109,Not Applicable,0,,
2024-07-25 00:48:00,CNR4561123760,Canceled by Customer,CID161540,Prime SUV,Nagarbhavi,Majestic,,,Driver asked to cancel,Not Applicable,Not Applicable,Not Applicable,216,Not Applicable,0,,
2024-07-11 08:44:00,CNR2816446284,Success,CID838338,Prime Plus,Peenya,Chickpet,126.0,90.0,Not Applicable,Not Applicable,No,Not Applicable,816,Cash,13,3.9,4.7
2024-07-15 02:39:00,CNR9821325005,Canceled by Driver,CID715723,Prime Sedan,MG Road,Marathahalli,,,Not Applicable,Customer related issue,Not Applicable,Not Applicable,2142,Not Applicable,0,,
2024-07-23 14:25:00,CNR5919313094,Canceled by Driver,CID875749,Prime SUV,Chamarajpet,Whitefield,,,Not Applicable,Customer was coughing/sick,Not Applicable,Not Applicable,339,Not Applicable,0,,
2024-07-19 12:38:00,CNR3312273098,Success,CID360893,Prime Plus,Ulsoor,Langford Town,42.0,70.0,Not Applicable,Not Applicable,No,Not Applicable,622,Cash,9,4.0,4.7
2024-07-24 11:39:00,CNR8996866638,Canceled by Customer,CID862347,Mini,Kammanahalli,Padmanabhanagar,,,Change of plans,Not Applicable,Not Applicable,Not Applicable,2439,Not Applicable,0,,
2024-07-04 05:26:00,CNR4685105136,Canceled by Driver,CID832177,eBike,Whitefield,Kengeri,,,Not Applicable,Personal & Car related issue,Not Applicable,Not Applicable,711,Not Applicable,0,,
2024-07-11 14:46:00,CNR2031855082,Success,CID525127,eBike,Bellandur,Varthur,63.0,95.0,Not Applicable,Not Applicable,No,Not Applicable,860,UPI,36,3.3,4.4
2024-07-24 03:48:00,CNR1463649686,Success,CID559572,Auto,Bannerghatta Road,Kadugodi,161.0,85.0,Not Applicable,Not Applicable,No,Not Applicable,356,Cash,17,4.0,3.4
2024-07-13 23:56:00,CNR2232961768,Canceled by Customer,CID744345,Bike,Frazer Town,Shivajinagar,,,Change of plans,Not Applicable,Not Applicable,Not Applicable,658,Not Applicable,0,,
2024-07-21 05:11:00,CNR4860406227,Success,CID216462,Prime SUV,Ulsoor,Hebbal,63.0,50.0,Not Applicable,Not Applicable,No,Not Applicable,447,Cash,32,3.2,5.0
2024-07-16 03:02:00,CNR5893756495,Canceled by Driver,CID140025,Auto,Bannerghatta Road,Peenya,,,Not Applicable,Customer was coughing/sick,Not Applicable,Not Applicable,849,Not Applicable,0,,
2024-07-01 07:16:00,CNR5182903665,Success,CID131442,Prime Plus,Kammanahalli,Padmanabhanagar,259.0,35.0,Not Applicable,Not Applicable,No,Not Applicable,428,Credit Card,18,4.7,4.1
2024-07-03 11:10:00,CNR5096528323,Success,CID783756,Prime Sedan,Sarjapur Road,Peenya,140.0,70.0,Not Applicable,Not Applicable,No,Not Applicable,284,Cash,8,3.4,3.7
2024-07-10 16:08:00,CNR2089034239,Success,CID625008,Prime Sedan,Cox Town,Peenya,294.0,55.0,Not Applicable,Not Applicable,Yes,Customer Demand,310,Cash,45,3.1,4.4
2024-07-12 17:41:00,CNR4864467837,Success,CID373887,Mini,JP Nagar,Hosur Road,91.0,30.0,Not Applicable,Not Applicable,Yes,Vehicle Breakdown,168,Cash,1,3.9,4.3
2024-07-18 21:44:00,CNR4202902501,Success,CID221142,Prime Plus,Koramangala,Vijayanagar,259.0,130.0,Not Applicable,Not Applicable,No,Not Applicable,986,Cash,29,3.7,4.1
2024-07-11 03:57:00,CNR4408156514,Canceled by Driver,CID917349,Bike,Nagarbhavi,Banashankari,,,Not Applicable,Customer related issue,Not Applicable,Not Applicable,396,Not Applicable,0,,
2024-07-11 23:51:00,CNR8697904460,Canceled by Driver,CID615594,Auto,Tumkur Road,Cox Town,,,Not Applicable,Customer was coughing/sick,Not Applicable,Not Applicable,132,Not Applicable,0,,
2024-07-14 10:07:00,CNR7631294742,Success,CID879688,Mini,Basavanagudi,Shantinagar,168.0,135.0,Not Applicable,Not Applicable,Yes,Customer Demand,741,UPI,4,4.4,4.1
2024-07-05 15:37:00,CNR2082309966,Canceled by Driver,CID431962,Mini,Indiranagar,RT Nagar,,,Not Applicable,Personal & Car related issue,Not Applicable,Not Applicable,410,Not Applicable,0,,
2024-07-06 19:18:00,CNR9432682490,Canceled by Driver,CID990385,Prime SUV,Ramamurthy Nagar,KR Puram,,,Not Applicable,Customer was coughing/sick,Not Applicable,Not Applicable,379,Not Applicable,0,,
2024-07-13 23:59:00,CNR6904270725,Success,CID940009,eBike,Yelahanka,Kengeri,217.0,130.0,Not Applicable,Not Applicable,No,Not Applicable,437,UPI,19,3.6,4.0
2024-07-01 04:29:00,CNR4935642793,Success,CID339779,eBike,KR Puram,MG Road,91.0,105.0,Not Applicable,Not Applicable,No,Not Applicable,416,Cash,21,4.0,4.1
2024-07-27 21:05:00,CNR4773506439,Driver Not Found,CID399969,Prime SUV,Mysore Road,Yelahanka,,,Not Applicable,Not Applicable,Not Applicable,Not Applicable,184,Not Applicable,0,,
2024-07-05 09:13:00,CNR2968911550,Success,CID539317,Prime SUV,Hosur Road,Hebbal,112.0,90.0,Not Applicable,Not Applicable,No,Not Applicable,340,Cash,31,3.2,3.4
2024-07-24 19:40:00,CNR1261836620,Success,CID499473,Prime Plus,Peenya,Kengeri,175.0,105.0,Not Applicable,Not Applicable,No,Not Applicable,233,UPI,41,4.0,3.2
2024-07-25 19:06:00,CNR1901772339,Canceled by Driver,CID586277,Mini,JP Nagar,Yelahanka,,,Not Applicable,Personal & Car related issue,Not Applicable,Not Applicable,328,Not Applicable,0,,
2024-07-01 08:13:00,CNR7823057198,Success,CID809652,Prime Plus,Whitefield,Kengeri,182.0,105.0,Not Applicable,Not Applicable,No,Not Applicable,102,UPI,40,4.6,4.3
2024-07-18 04:13:00,CNR4626768776,Success,CID740233,Bike,Shivajinagar,Langford Town,203.0,55.0,Not Applicable,Not Applicable,No,Not Applicable,450,Cash,30,4.7,3.3
2024-07-05 02:12:00,CNR5938375578,Success,CID983559,Prime SUV,Frazer Town,Bellandur,84.0,80.0,Not Applicable,Not Applicable,No,Not Applicable,372,UPI,21,3.5,3.9
2024-07-16 03:36:00,CNR8033379897,Success,CID676106,eBike,Yelahanka,Kammanahalli,56.0,130.0,Not Applicable,Not Applicable,No,Not Applicable,491,Cash,22,4.9,3.1
2024-07-30 16:46:00,CNR6349978630,Success,CID323778,Prime SUV,Shivajinagar,Kammanahalli,203.0,40.0,Not Applicable,Not Applicable,No,Not Applicable,166,Cash,46,4.4,4.3
2024-07-16 08:16:00,CNR8929254048,Canceled by Driver,CID783074,Prime SUV,Hosur Road,Chickpet,,,Not Applicable,Customer was coughing/sick,Not Applicable,Not Applicable,414,Not Applicable,0,,
2024-07-19 18:32:00,CNR7123775995,Success,CID238182,Auto,Ulsoor,KR Puram,126.0,70.0,Not Applicable,Not Applicable,No,Not Applicable,384,Cash,18,4.9,4.4
2024-07-22 22:51:00,CNR3250696118,Success,CID146383,Prime Plus,Kammanahalli,Sahakar Nagar,63.0,105.0,Not Applicable,Not Applicable,No,Not Applicable,106,UPI,47,3.1,3.7
2024-07-26 00:34:00,CNR8593694411,Driver Not Found,CID720991,eBike,Magadi Road,Bellandur,,,Not Applicable,Not Applicable,Not Applicable,Not Applicable,169,Not Applicable,0,,
2024-07-01 18:12:00,CNR6439372153,Canceled by Driver,CID894851,eBike,Ulsoor,Hosur Road,,,Not Applicable,More than permitted people in there,Not Applicable,Not Applicable,984,Not Applicable,0,,
2024-07-14 01:52:00,CNR8901868166,Canceled by Driver,CID122890,Prime Plus,Majestic,Magadi Road,,,Not Applicable,Customer related issue,Not Applicable,Not Applicable,187,Not Applicable,0,,
2024-07-12 21:28:00,CNR8496102511,Success,CID937890,eBike,Vijayanagar,Nagarbhavi,84.0,60.0,Not Applicable,Not Applicable,No,Not Applicable,351,Cash,35,4.0,3.9
2024-07-30 00:01:00,CNR7280910517,Canceled by Driver,CID973458,Bike,Tumkur Road,Chamarajpet,,,Not Applicable,Personal & Car related issue,Not Applicable,Not Applicable,203,Not Applicable,0,,
2024-07-22 22:12:00,CNR3346785088,Canceled by Driver,CID276268,eBike,Nagarbhavi,Indiranagar,,,Not Applicable,Customer was coughing/sick,Not Applicable,Not Applicable,326,Not Applicable,0,,
2024-07-12 02:43:00,CNR2969296543,Success,CID311321,Prime Plus,JP Nagar,KR Puram,294.0,145.0,Not Applicable,Not Applicable,No,Not Applicable,170,Cash,44,4.1,4.3
2024-07-15 00:22:00,CNR5182923881,Success,CID608562,Prime Sedan,Kadugodi,Kammanahalli,189.0,30.0,Not Applicable,Not Applicable,No,Not Applicable,430,UPI,36,3.2,4.7
2024-07-05 02:53:00,CNR5898653814,Success,CID485194,Prime Sedan,Basavanagudi,BTM Layout,196.0,50.0,Not Applicable,Not Applicable,No,Not Applicable,373,Cash,36,4.8,4.9
2024-07-26 11:50:00,CNR4644481368,Canceled by Driver,CID539458,Auto,Yelahanka,Yeshwanthpur,,,Not Applicable,Personal & Car related issue,Not Applicable,Not Applicable,992,Not Applicable,0,,
2024-07-08 11:26:00,CNR8906404580,Driver Not Found,CID217867,Auto,Mysore Road,Hulimavu,,,Not Applicable,Not Applicable,Not Applicable,Not Applicable,541,Not Applicable,0,,
2024-07-19 23:14:00,CNR6670541582,Success,CID315677,Bike,Sarjapur Road,HSR Layout,294.0,75.0,Not Applicable,Not Applicable,No,Not Applicable,256,UPI,49,3.6,5.0
2024-07-02 04:54:00,CNR4444493899,Canceled by Driver,CID588008,Prime Sedan,Frazer Town,Magadi Road,,,Not Applicable,Customer was coughing/sick,Not Applicable,Not Applicable,535,Not Applicable,0,,
2024-07-26 15:03:00,CNR7817693717,Canceled by Driver,CID475983,Prime Sedan,Frazer Town,Rajarajeshwari Nagar,,,Not Applicable,More than permitted people in there,Not Applicable,Not Applicable,308,Not Applicable,0,,
2024-07-11 09:51:00,CNR8453762775,Success,CID897276,Prime Sedan,Majestic,Indiranagar,42.0,140.0,Not Applicable,Not Applicable,No,Not Applicable,149,Cash,17,4.5,4.1
2024-07-27 06:12:00,CNR5080901198,Canceled by Driver,CID749866,Auto,Banashankari,Koramangala,,,Not Applicable,Personal & Car related issue,Not Applicable,Not Applicable,491,Not Applicable,0,,
2024-07-12 06:28:00,CNR2166859871,Success,CID490669,Auto,Indiranagar,Peenya,119.0,40.0,Not Applicable,Not Applicable,No,Not Applicable,2226,UPI,18,3.9,3.9
2024-07-03 17:46:00,CNR8045468300,Success,CID657017,Mini,Yelahanka,Whitefield,77.0,75.0,Not Applicable,Not Applicable,No,Not Applicable,208,Cash,46,4.6,4.1
2024-07-09 07:32:00,CNR3525457936,Success,CID325215,Auto,Sarjapur Road,Hennur,182.0,45.0,Not Applicable,Not Applicable,No,Not Applicable,340,Cash,4,5.0,3.0
2024-07-16 08:45:00,CNR9528918277,Driver Not Found,CID307353,Auto,Kengeri,Vijayanagar,,,Not Applicable,Not Applicable,Not Applicable,Not Applicable,609,Not Applicable,0,,
2024-07-06 07:53:00,CNR3484690637,Success,CID981890,Prime SUV,Sarjapur Road,Tumkur Road,126.0,135.0,Not Applicable,Not Applicable,No,Not Applicable,172,UPI,46,3.4,3.2
2024-07-07 01:37:00,CNR5676848925,Canceled by Customer,CID961223,Prime Plus,Marathahalli,Electronic City,,,Wrong Address,Not Applicable,Not Applicable,Not Applicable,162,Not Applicable,0,,
2024-07-07 13:33:00,CNR9934030049,Success,CID520785,Bike,Devanahalli,Rajarajeshwari Nagar,126.0,55.0,Not Applicable,Not Applicable,No,Not Applicable,1998,UPI,31,4.1,3.5
2024-07-11 21:51:00,CNR7605049879,Success,CID330985,Bike,Malleshwaram,Electronic City,35.0,40.0,Not Applicable,Not Applicable,No,Not Applicable,276,Cash,2,3.7,4.9
2024-07-14 21:57:00,CNR7691338329,Success,CID224463,Mini,Shivajinagar,Magadi Road,210.0,95.0,Not Applicable,Not Applicable,No,Not Applicable,265,UPI,12,4.4,3.1
2024-07-03 21:49:00,CNR5970255188,Success,CID573122,Prime Sedan,Chickpet,Langford Town,308.0,25.0,Not Applicable,Not Applicable,No,Not Applicable,447,Cash,34,3.4,3.9
2024-07-15 08:21:00,CNR4559626284,Canceled by Driver,CID599358,Auto,Cox Town,Shantinagar,,,Not Applicable,Personal & Car related issue,Not Applicable,Not Applicable,683,Not Applicable,0,,
2024-07-18 19:01:00,CNR7116106324,Driver Not Found,CID648565,Auto,Nagarbhavi,Mysore Road,,,Not Applicable,Not Applicable,Not Applicable,Not Applicable,403,Not Applicable,0,,
2024-07-03 18:19:00,CNR5296727191,Success,CID902394,Prime Sedan,Kadugodi,Cox Town,168.0,105.0,Not Applicable,Not Applicable,No,Not Applicable,324,UPI,39,3.0,3.3
2024-07-01 22:39:00,CNR9006956963,Canceled by Driver,CID134401,Bike,Hosur Road,Banashankari,,,Not Applicable,Personal & Car related issue,Not Applicable,Not Applicable,2474,Not Applicable,0,,
2024-07-19 05:20:00,CNR7556906032,Success,CID396637,Auto,Kammanahalli,Padmanabhanagar,154.0,40.0,Not Applicable,Not Applicable,Yes,Customer Demand,156,UPI,9,4.6,3.2
2024-07-06 12:34:00,CNR9754855289,Success,CID405705,Prime Sedan,Yeshwanthpur,Indiranagar,70.0,85.0,Not Applicable,Not Applicable,No,Not Applicable,189,Cash,14,3.4,4.2
2024-07-07 08:23:00,CNR3776546271,Driver Not Found,CID362179,Prime Sedan,Majestic,Rajajinagar,,,Not Applicable,Not Applicable,Not Applicable,Not Applicable,498,Not Applicable,0,,
2024-07-10 20:40:00,CNR7225390739,Canceled by Driver,CID573771,Bike,Sarjapur Road,Malleshwaram,,,Not Applicable,Customer related issue,Not Applicable,Not Applicable,199,Not Applicable,0,,
2024-07-12 16:03:00,CNR7602086299,Success,CID687395,eBike,Hebbal,Kadugodi,98.0,80.0,Not Applicable,Not Applicable,Yes,Other Issue,729,UPI,10,4.6,4.9
2024-07-29 18:57:00,CNR2423075696,Success,CID455461,Prime Plus,Peenya,Rajajinagar,217.0,70.0,Not Applicable,Not Applicable,No,Not Applicable,400,Cash,11,3.1,3.8
2024-07-08 01:05:00,CNR5822454316,Canceled by Customer,CID476266,Auto,Whitefield,Yeshwanthpur,,,Change of plans,Not Applicable,Not Applicable,Not Applicable,448,Not Applicable,0,,
2024-07-16 05:40:00,CNR1910179165,Success,CID361527,Mini,Yeshwanthpur,Electronic City,56.0,145.0,Not Applicable,Not Applicable,No,Not Applicable,166,UPI,32,4.0,3.1
2024-07-14 22:53:00,CNR4022940750,Success,CID852852,eBike,Majestic,Hennur,84.0,145.0,Not Applicable,Not Applicable,No,Not Applicable,289,Cash,37,4.8,3.6
2024-07-26 13:57:00,CNR3219472480,Success,CID180892,Prime Sedan,Tumkur Road,Hulimavu,280.0,50.0,Not Applicable,Not Applicable,No,Not Applicable,444,UPI,39,3.2,3.0
2024-07-14 05:29:00,CNR8122798648,Success,CID219743,Auto,Rajajinagar,Sarjapur Road,63.0,115.0,Not Applicable,Not Applicable,No,Not Applicable,159,Cash,18,4.9,3.1
2024-07-19 09:11:00,CNR6467620119,Success,CID369884,Prime Plus,Mysore Road,Bannerghatta Road,280.0,145.0,Not Applicable,Not Applicable,No,Not Applicable,297,Cash,4,4.9,3.4
2024-07-10 20:45:00,CNR8325469795,Canceled by Customer,CID463010,Prime SUV,Majestic,Majestic,,,Driver asked to cancel,Not Applicable,Not Applicable,Not Applicable,944,Not Applicable,0,,
2024-07-24 09:38:00,CNR1349689164,Success,CID291179,Bike,Banashankari,Hulimavu,273.0,75.0,Not Applicable,Not Applicable,No,Not Applicable,457,Cash,37,3.9,3.9
2024-07-19 19:43:00,CNR5279680601,Success,CID700413,Prime SUV,Bellandur,Indiranagar,308.0,75.0,Not Applicable,Not Applicable,No,Not Applicable,497,Cash,5,4.7,4.8
2024-07-06 02:57:00,CNR5366727808,Success,CID128045,Mini,Hebbal,Indiranagar,126.0,40.0,Not Applicable,Not Applicable,No,Not Applicable,180,UPI,33,4.5,3.6
2024-07-22 08:56:00,CNR5923119294,Success,CID772317,Bike,Marathahalli,Shantinagar,133.0,65.0,Not Applicable,Not Applicable,No,Not Applicable,383,Cash,18,4.5,3.8
2024-07-09 09:07:00,CNR4012104591,Success,CID800245,eBike,Banashankari,Hennur,210.0,70.0,Not Applicable,Not Applicable,Yes,Customer Demand,692,Cash,33,3.5,5.0
2024-07-02 16:30:00,CNR5455501236,Success,CID932848,Mini,Tumkur Road,Whitefield,252.0,75.0,Not Applicable,Not Applicable,No,Not Applicable,237,Cash,18,3.2,4.0
2024-07-19 16:16:00,CNR8396861533,Canceled by Customer,CID129977,Auto,Kadugodi,Sarjapur Road,,,Driver is not moving towards pickup location,Not Applicable,Not Applicable,Not Applicable,1284,Not Applicable,0,,
2024-07-14 13:12:00,CNR8256487387,Driver Not Found,CID704908,Auto,BTM Layout,Kadugodi,,,Not Applicable,Not Applicable,Not Applicable,Not Applicable,174,Not Applicable,0,,
2024-07-27 05:50:00,CNR3936264413,Canceled by Driver,CID992700,Auto,KR Puram,Basavanagudi,,,Not Applicable,Personal & Car related issue,Not Applicable,Not Applicable,840,Not Applicable,0,,
2024-07-07 14:15:00,CNR3703545401,Canceled by Driver,CID581847,Bike,Tumkur Road,MG Road,,,Not Applicable,Personal & Car related issue,Not Applicable,Not Applicable,833,Not Applicable,0,,
2024-07-09 12:21:00,CNR8749751334,Driver Not Found,CID934778,Auto,BTM Layout,Bannerghatta Road,,,Not Applicable,Not Applicable,Not Applicable,Not Applicable,391,Not Applicable,0,,
2024-07-05 17:43:00,CNR2418737367,Success,CID860419,Bike,Shivajinagar,Mysore Road,259.0,145.0,Not Applicable,Not Applicable,No,Not Applicable,431,Cash,6,4.3,3.9
2024-07-12 12:15:00,CNR3439946315,Success,CID182917,Mini,Kammanahalli,Whitefield,35.0,65.0,Not Applicable,Not Applicable,No,Not Applicable,471,UPI,29,3.1,3.1
2024-07-16 00:51:00,CNR1613362815,Success,CID900683,Bike,Sarjapur Road,Bellandur,203.0,105.0,Not Applicable,Not Applicable,No,Not Applicable,442,Cash,3,4.7,3.9
2024-07-04 03:01:00,CNR4221919627,Success,CID339560,Prime Sedan,JP Nagar,Banashankari,161.0,105.0,Not Applicable,Not Applicable,No,Not Applicable,427,UPI,8,3.0,4.9
2024-07-01 06:23:00,CNR2074901191,Canceled by Customer,CID772685,Mini,HSR Layout,Electronic City,,,Driver is not moving towards pickup location,Not Applicable,Not Applicable,Not Applicable,1516,Not Applicable,0,,
2024-07-24 05:28:00,CNR6853625324,Success,CID156845,Prime SUV,Richmond Town,Kengeri,49.0,110.0,Not Applicable,Not Applicable,No,Not Applicable,511,Cash,42,4.6,4.4
2024-07-05 10:02:00,CNR9793028393,Canceled by Driver,CID830498,Mini,Rajarajeshwari Nagar,Nagarbhavi,,,Not Applicable,Customer was coughing/sick,Not Applicable,Not Applicable,447,Not Applicable,0,,
2024-07-07 01:42:00,CNR4392152520,Canceled by Driver,CID617094,eBike,JP Nagar,Kammanahalli,,,Not Applicable,Customer related issue,Not Applicable,Not Applicable,222,Not Applicable,0,,
2024-07-04 00:18:00,CNR9471205442,Success,CID237349,Bike,Bannerghatta Road,HSR Layout,147.0,120.0,Not Applicable,Not Applicable,No,Not Applicable,697,Cash,48,4.8,4.4
2024-07-26 20:19:00,CNR6640060122,Success,CID904155,Bike,HSR Layout,Majestic,168.0,100.0,Not Applicable,Not Applicable,No,Not Applicable,218,Cash,16,3.8,4.3
2024-07-20 00:04:00,CNR6446330457,Success,CID813462,Prime SUV,Bannerghatta Road,Peenya,287.0,35.0,Not Applicable,Not Applicable,No,Not Applicable,920,UPI,24,3.5,3.9
2024-07-02 08:02:00,CNR3082204763,Canceled by Driver,CID594839,Prime Sedan,Varthur,BTM Layout,,,Not Applicable,Personal & Car related issue,Not Applicable,Not Applicable,492,Not Applicable,0,,
2024-07-11 18:08:00,CNR1172157365,Canceled by Driver,CID533888,Prime Sedan,BTM Layout,Bannerghatta Road,,,Not Applicable,Customer was coughing/sick,Not Applicable,Not Applicable,432,Not Applicable,0,,
2024-07-25 03:35:00,CNR2774805255,Success,CID430797,Bike,Yeshwanthpur,Malleshwaram,245.0,145.0,Not Applicable,Not Applicable,No,Not Applicable,317,Cash,17,3.8,4.6
2024-07-10 07:35:00,CNR3021855696,Success,CID195329,eBike,JP Nagar,Magadi Road,56.0,125.0,Not Applicable,Not Applicable,No,Not Applicable,447,Cash,43,4.8,4.5
2024-07-11 08:14:00,CNR4417932065,Success,CID541795,eBike,Vijayanagar,Rajajinagar,245.0,120.0,Not Applicable,Not Applicable,No,Not Applicable,558,Cash,42,3.1,4.7
2024-07-24 22:22:00,CNR8112118461,Success,CID441641,Prime Plus,Bellandur,Kadugodi,301.0,110.0,Not Applicable,Not Applicable,No,Not Applicable,2294,Cash,28,4.7,3.3
2024-07-05 06:33:00,CNR3833794839,Success,CID788343,Prime Sedan,Vijayanagar,JP Nagar,196.0,40.0,Not Applicable,Not Applicable,No,Not Applicable,572,UPI,38,3.3,4.2
2024-07-19 14:28:00,CNR5510039442,Canceled by Driver,CID115594,Auto,Malleshwaram,BTM Layout,,,Not Applicable,Customer related issue,Not Applicable,Not Applicable,119,Not Applicable,0,,
2024-07-16 12:38:00,CNR7434380212,Driver Not Found,CID775617,Mini,Bannerghatta Road,Peenya,,,Not Applicable,Not Applicable,Not Applicable,Not Applicable,884,Not Applicable,0,,
2024-07-11 16:42:00,CNR3370072363,Driver Not Found,CID239002,Prime SUV,Basavanagudi,BTM Layout,,,Not Applicable,Not Applicable,Not Applicable,Not Applicable,474,Not Applicable,0,,
2024-07-17 03:41:00,CNR5036733038,Canceled by Driver,CID564570,Prime Plus,Devanahalli,Richmond Town,,,Not Applicable,Personal & Car related issue,Not Applicable,Not Applicable,444,Not Applicable,0,,
2024-07-18 17:21:00,CNR4406657022,Success,CID599664,Auto,Electronic City,JP Nagar,175.0,30.0,Not Applicable,Not Applicable,No,Not Applicable,447,Cash,19,4.6,4.0
2024-07-29 19:05:00,CNR1798828460,Success,CID749719,Auto,Bannerghatta Road,Ramamurthy Nagar,294.0,110.0,Not Applicable,Not Applicable,No,Not Applicable,410,Cash,2,3.4,3.4
2024-07-09 05:55:00,CNR6705116047,Canceled by Customer,CID807216,Prime SUV,Hennur,Yeshwanthpur,,,AC is Not working,Not Applicable,Not Applicable,Not Applicable,233,Not Applicable,0,,
2024-07-17 13:17:00,CNR8255472001,Success,CID587088,Mini,Whitefield,Hosur Road,133.0,90.0,Not Applicable,Not Applicable,No,Not Applicable,186,Cash,46,3.8,4.0
2024-07-17 03:19:00,CNR8453342621,Success,CID313859,Bike,Chamarajpet,Sahakar Nagar,63.0,115.0,Not Applicable,Not Applicable,No,Not Applicable,128,UPI,30,4.8,5.0
2024-07-25 05:43:00,CNR3751586571,Success,CID797261,Mini,Frazer Town,MG Road,56.0,90.0,Not Applicable,Not Applicable,No,Not Applicable,328,UPI,30,3.7,3.8
2024-07-12 23:32:00,CNR1586677125,Driver Not Found,CID644855,Bike,Padmanabhanagar,Devanahalli,,,Not Applicable,Not Applicable,Not Applicable,Not Applicable,575,Not Applicable,0,,
2024-07-17 14:52:00,CNR8761646580,Canceled by Driver,CID191866,Mini,Bellandur,Electronic City,,,Not Applicable,Customer related issue,Not Applicable,Not Applicable,341,Not Applicable,0,,
2024-07-05 21:28:00,CNR4575172032,Success,CID674545,Bike,Rajarajeshwari Nagar,Bannerghatta Road,287.0,130.0,Not Applicable,Not Applicable,No,Not Applicable,340,Cash,24,4.4,3.4
2024-07-02 20:55:00,CNR1034906282,Canceled by Driver,CID316203,Prime Plus,Indiranagar,Ulsoor,,,Not Applicable,Customer was coughing/sick,Not Applicable,Not Applicable,400,Not Applicable,0,,
2024-07-07 14:50:00,CNR8180211492,Driver Not Found,CID448222,Prime Plus,Yelahanka,Magadi Road,,,Not Applicable,Not Applicable,Not Applicable,Not Applicable,2698,Not Applicable,0,,
2024-07-04 23:19:00,CNR8037174357,Success,CID493048,Prime Plus,Padmanabhanagar,Jayanagar,231.0,35.0,Not Applicable,Not Applicable,No,Not Applicable,355,UPI,14,3.5,3.7
2024-07-18 14:21:00,CNR4813869043,Canceled by Driver,CID846592,Mini,KR Puram,Shantinagar,,,Not Applicable,Customer was coughing/sick,Not Applicable,Not Applicable,139,Not Applicable,0,,
2024-07-25 12:59:00,CNR2869825041,Canceled by Customer,CID297604,Prime Sedan,Magadi Road,Chickpet,,,Driver is not moving towards pickup location,Not Applicable,Not Applicable,Not Applicable,412,Not Applicable,0,,
2024-07-11 11:59:00,CNR2340558349,Driver Not Found,CID760757,Mini,Yeshwanthpur,Shantinagar,,,Not Applicable,Not Applicable,Not Applicable,Not Applicable,843,Not Applicable,0,,
2024-07-06 06:59:00,CNR9433701211,Success,CID891506,Prime Sedan,Malleshwaram,Ramamurthy Nagar,252.0,115.0,Not Applicable,Not Applicable,No,Not Applicable,2582,Credit Card,18,4.7,3.1
2024-07-29 02:41:00,CNR9148815693,Success,CID780424,Prime Sedan,Bannerghatta Road,Hulimavu,280.0,105.0,Not Applicable,Not Applicable,Yes,Customer Demand,141,Cash,42,3.9,3.2
2024-07-14 15:59:00,CNR5659793510,Canceled by Driver,CID883717,Prime Sedan,Vijayanagar,Shantinagar,,,Not Applicable,Customer was coughing/sick,Not Applicable,Not Applicable,478,Not Applicable,0,,
2024-07-16 04:06:00,CNR7983074112,Success,CID353736,Bike,BTM Layout,Sahakar Nagar,252.0,120.0,Not Applicable,Not Applicable,No,Not Applicable,2731,UPI,28,3.4,4.5
2024-07-29 08:25:00,CNR4130031966,Success,CID452705,Mini,KR Puram,Rajarajeshwari Nagar,84.0,105.0,Not Applicable,Not Applicable,No,Not Applicable,337,Cash,39,4.7,4.0
2024-07-21 18:53:00,CNR5188329776,Success,CID330570,Prime Sedan,Magadi Road,Magadi Road,217.0,145.0,Not Applicable,Not Applicable,No,Not Applicable,364,Cash,36,3.6,3.3
2024-07-27 18:54:00,CNR6124207574,Success,CID540236,Prime Sedan,Rajajinagar,Chamarajpet,56.0,65.0,Not Applicable,Not Applicable,No,Not Applicable,1487,UPI,42,4.7,4.8
2024-07-20 17:27:00,CNR8634176288,Success,CID516636,Bike,Sahakar Nagar,Rajarajeshwari Nagar,189.0,50.0,Not Applicable,Not Applicable,No,Not Applicable,257,Cash,15,4.0,3.9
2024-07-05 19:37:00,CNR2085062905,Canceled by Driver,CID173311,Mini,Kengeri,KR Puram,,,Not Applicable,Personal & Car related issue,Not Applicable,Not Applicable,432,Not Applicable,0,,
2024-07-08 00:03:00,CNR5298026247,Success,CID357581,Bike,MG Road,Frazer Town,245.0,85.0,Not Applicable,Not Applicable,No,Not Applicable,435,UPI,41,3.2,3.2
2024-07-03 10:32:00,CNR6061571554,Canceled by Driver,CID924253,Bike,Koramangala,Electronic City,,,Not Applicable,Personal & Car related issue,Not Applicable,Not Applicable,490,Not Applicable,0,,
2024-07-15 07:22:00,CNR6717394371,Success,CID806422,Prime Plus,Magadi Road,JP Nagar,245.0,100.0,Not Applicable,Not Applicable,No,Not Applicable,1203,Cash,40,4.8,4.5
2024-07-22 00:38:00,CNR2684297826,Success,CID555296,Auto,Ramamurthy Nagar,MG Road,77.0,90.0,Not Applicable,Not Applicable,Yes,Other Issue,388,UPI,17,4.1,3.3
2024-07-25 03:48:00,CNR1312683266,Success,CID630492,Prime Sedan,Frazer Town,Electronic City,280.0,80.0,Not Applicable,Not Applicable,No,Not Applicable,946,UPI,44,3.3,3.7
2024-07-17 20:35:00,CNR5961723260,Success,CID542188,Auto,Sarjapur Road,Hosur Road,196.0,145.0,Not Applicable,Not Applicable,No,Not Applicable,187,UPI,7,3.2,3.7
2024-07-13 03:37:00,CNR3550948086,Success,CID608627,eBike,Kadugodi,Padmanabhanagar,91.0,35.0,Not Applicable,Not Applicable,Yes,Vehicle Breakdown,234,Cash,17,4.9,4.4
2024-07-12 12:25:00,CNR2279480647,Driver Not Found,CID469740,eBike,Padmanabhanagar,Devanahalli,,,Not Applicable,Not Applicable,Not Applicable,Not Applicable,515,Not Applicable,0,,
2024-07-02 22:06:00,CNR2181563535,Success,CID506957,Prime SUV,JP Nagar,Rajajinagar,91.0,140.0,Not Applicable,Not Applicable,No,Not Applicable,198,UPI,28,4.2,4.8
2024-07-06 23:23:00,CNR4670649878,Success,CID898594,Auto,Rajajinagar,Cox Town,91.0,115.0,Not Applicable,Not Applicable,No,Not Applicable,115,Cash,15,4.1,4.1
2024-07-23 20:47:00,CNR2122431164,Success,CID367888,Prime SUV,Yelahanka,Ramamurthy Nagar,238.0,100.0,Not Applicable,Not Applicable,No,Not Applicable,485,Cash,16,3.0,3.1
2024-07-16 12:25:00,CNR6904602880,Success,CID377725,Auto,Malleshwaram,Jayanagar,231.0,25.0,Not Applicable,Not Applicable,No,Not Applicable,424,Cash,1,4.4,4.4
2024-07-28 07:39:00,CNR8880282520,Success,CID678334,Mini,Magadi Road,Richmond Town,182.0,90.0,Not Applicable,Not Applicable,Yes,Vehicle Breakdown,2843,Cash,11,4.0,4.1
2024-07-18 18:36:00,CNR5652402141,Canceled by Driver,CID270366,Bike,Electronic City,Tumkur Road,,,Not Applicable,More than permitted people in there,Not Applicable,Not Applicable,971,Not Applicable,0,,
2024-07-21 12:52:00,CNR3123772725,Success,CID393264,Bike,Bellandur,Malleshwaram,266.0,115.0,Not Applicable,Not Applicable,No,Not Applicable,332,Cash,17,3.9,4.1
2024-07-02 21:14:00,CNR5345872422,Success,CID692157,Prime Sedan,Rajajinagar,Richmond Town,49.0,75.0,Not Applicable,Not Applicable,Yes,Customer Demand,349,UPI,24,3.9,4.9
2024-07-04 01:13:00,CNR5607938652,Success,CID804308,Prime Sedan,Basavanagudi,Jayanagar,245.0,30.0,Not Applicable,Not Applicable,No,Not Applicable,752,UPI,5,4.4,3.9
2024-07-07 15:48:00,CNR7530314956,Success,CID570956,Mini,BTM Layout,RT Nagar,168.0,40.0,Not Applicable,Not Applicable,No,Not Applicable,533,UPI,44,4.7,4.5
2024-07-30 13:16:00,CNR3387146892,Canceled by Customer,CID321823,Bike,Padmanabhanagar,Chickpet,,,Change of plans,Not Applicable,Not Applicable,Not Applicable,214,Not Applicable,0,,
2024-07-19 23:26:00,CNR2151360318,Canceled by Driver,CID883318,Bike,Malleshwaram,Chickpet,,,Not Applicable,Personal & Car related issue,Not Applicable,Not Applicable,2749,Not Applicable,0,,
2024-07-08 18:07:00,CNR2437610585,Canceled by Driver,CID745760,Prime Sedan,Padmanabhanagar,Frazer Town,,,Not Applicable,Personal & Car related issue,Not Applicable,Not Applicable,682,Not Applicable,0,,
2024-07-06 00:05:00,CNR8219083671,Success,CID873233,Prime Sedan,Ramamurthy Nagar,Magadi Road,91.0,120.0,Not Applicable,Not Applicable,No,Not Applicable,185,UPI,32,4.9,4.7
2024-07-01 19:05:00,CNR8521277876,Success,CID269963,Bike,Magadi Road,Banashankari,287.0,30.0,Not Applicable,Not Applicable,No,Not Applicable,176,Cash,22,3.2,4.7
2024-07-01 18:14:00,CNR4180684484,Success,CID116442,Prime SUV,MG Road,Sarjapur Road,154.0,140.0,Not Applicable,Not Applicable,No,Not Applicable,221,Cash,27,4.8,3.2
2024-07-25 06:14:00,CNR2713600797,Success,CID561568,Mini,Frazer Town,Yelahanka,91.0,70.0,Not Applicable,Not Applicable,No,Not Applicable,322,Cash,12,3.8,4.8
2024-07-04 00:55:00,CNR1042884290,Canceled by Customer,CID473776,eBike,Malleshwaram,Rajajinagar,,,Driver is not moving towards pickup location,Not Applicable,Not Applicable,Not Applicable,190,Not Applicable,0,,
2024-07-17 20:06:00,CNR4973481213,Success,CID729579,Prime SUV,RT Nagar,Rajajinagar,91.0,90.0,Not Applicable,Not Applicable,No,Not Applicable,973,Cash,47,4.4,4.8
2024-07-15 03:58:00,CNR6887124921,Driver Not Found,CID235154,Prime SUV,Jayanagar,Varthur,,,Not Applicable,Not Applicable,Not Applicable,Not Applicable,435,Not Applicable,0,,
2024-07-04 16:10:00,CNR1454239572,Success,CID393234,Prime SUV,Rajarajeshwari Nagar,RT Nagar,273.0,25.0,Not Applicable,Not Applicable,No,Not Applicable,374,Cash,32,3.7,3.8
2024-07-08 21:53:00,CNR1841921201,Driver Not Found,CID209625,Auto,Kadugodi,Hulimavu,,,Not Applicable,Not Applicable,Not Applicable,Not Applicable,208,Not Applicable,0,,
2024-07-18 16:14:00,CNR1807935400,Success,CID438263,Prime SUV,Hennur,Indiranagar,217.0,45.0,Not Applicable,Not Applicable,No,Not Applicable,161,Debit Card,26,4.8,4.9
2024-07-22 11:36:00,CNR3980589177,Success,CID875835,Prime SUV,Basavanagudi,Ulsoor,70.0,95.0,Not Applicable,Not Applicable,No,Not Applicable,900,UPI,37,3.8,3.1
2024-07-17 05:36:00,CNR2910916358,Canceled by Customer,CID709526,Prime SUV,RT Nagar,Basavanagudi,,,Change of plans,Not Applicable,Not Applicable,Not Applicable,724,Not Applicable,0,,
2024-07-01 21:18:00,CNR9136746920,Canceled by Driver,CID844058,Prime SUV,MG Road,Yelahanka,,,Not Applicable,Personal & Car related issue,Not Applicable,Not Applicable,271,Not Applicable,0,,
2024-07-20 10:03:00,CNR6243587432,Success,CID899346,Auto,Rajajinagar,Shantinagar,301.0,120.0,Not Applicable,Not Applicable,No,Not Applicable,317,UPI,18,4.0,3.2
2024-07-03 17:43:00,CNR3371115946,Success,CID431487,Prime Sedan,Kadugodi,Malleshwaram,210.0,110.0,Not Applicable,Not Applicable,Yes,Customer Demand,308,Cash,47,4.0,4.3
2024-07-16 16:45:00,CNR7687674085,Success,CID176481,Auto,Kammanahalli,Koramangala,287.0,50.0,Not Applicable,Not Applicable,No,Not Applicable,567,Cash,13,3.2,4.0
2024-07-06 16:03:00,CNR3545043717,Canceled by Customer,CID710200,Prime Sedan,Electronic City,Hosur Road,,,Wrong Address,Not Applicable,Not Applicable,Not Applicable,351,Not Applicable,0,,
2024-07-28 08:28:00,CNR8451479465,Success,CID233937,Prime Plus,Basavanagudi,Electronic City,252.0,130.0,Not Applicable,Not Applicable,No,Not Applicable,180,Cash,33,5.0,4.9
2024-07-06 14:19:00,CNR4084489026,Success,CID870554,Prime Plus,Ramamurthy Nagar,Sarjapur Road,70.0,130.0,Not Applicable,Not Applicable,No,Not Applicable,403,UPI,24,4.5,3.1
2024-07-16 02:16:00,CNR2234634075,Canceled by Driver,CID805038,eBike,Shivajinagar,Devanahalli,,,Not Applicable,Personal & Car related issue,Not Applicable,Not Applicable,1843,Not Applicable,0,,
2024-07-08 05:53:00,CNR1443619431,Success,CID398231,Bike,Bannerghatta Road,Yelahanka,98.0,80.0,Not Applicable,Not Applicable,No,Not Applicable,338,UPI,42,3.7,4.0
2024-07-22 04:54:00,CNR7526085604,Canceled by Customer,CID980884,Bike,JP Nagar,Bellandur,,,Driver asked to cancel,Not Applicable,Not Applicable,Not Applicable,273,Not Applicable,0,,
2024-07-19 10:12:00,CNR7731875320,Canceled by Driver,CID814147,eBike,Kengeri,Majestic,,,Not Applicable,Personal & Car related issue,Not Applicable,Not Applicable,206,Not Applicable,0,,
2024-07-21 17:12:00,CNR7585252282,Success,CID594851,Mini,Chamarajpet,Magadi Road,280.0,140.0,Not Applicable,Not Applicable,No,Not Applicable,904,Cash,6,3.7,3.2
2024-07-23 07:49:00,CNR5573460967,Canceled by Driver,CID821741,Auto,Whitefield,Devanahalli,,,Not Applicable,Customer related issue,Not Applicable,Not Applicable,796,Not Applicable,0,,
2024-07-17 04:50:00,CNR5504533066,Success,CID153528,Bike,Yeshwanthpur,Malleshwaram,217.0,115.0,Not Applicable,Not Applicable,No,Not Applicable,2054,Cash,36,4.8,4.4
2024-07-24 03:20:00,CNR9978857304,Canceled by Driver,CID226242,Bike,Kammanahalli,Nagarbhavi,,,Not Applicable,Customer was coughing/sick,Not Applicable,Not Applicable,403,Not Applicable,0,,
2024-07-29 13:44:00,CNR2475489107,Canceled by Driver,CID436808,eBike,Cox Town,Bellandur,,,Not Applicable,Customer was coughing/sick,Not Applicable,Not Applicable,365,Not Applicable,0,,
2024-07-21 17:58:00,CNR3543480749,Driver Not Found,CID312121,Prime SUV,Nagarbhavi,Ramamurthy Nagar,,,Not Applicable,Not Applicable,Not Applicable,Not Applicable,198,Not Applicable,0,,
2024-07-26 22:35:00,CNR2285771805,Success,CID549386,Prime Plus,Tumkur Road,Yelahanka,133.0,40.0,Not Applicable,Not Applicable,No,Not Applicable,261,UPI,43,4.0,3.2
2024-07-11 03:46:00,CNR5343096798,Success,CID243183,Prime SUV,Shantinagar,Indiranagar,273.0,45.0,Not Applicable,Not Applicable,No,Not Applicable,288,Cash,19,3.8,3.6
2024-07-10 12:58:00,CNR1172773632,Success,CID973017,Prime Sedan,RT Nagar,Indiranagar,147.0,75.0,Not Applicable,Not Applicable,Yes,Other Issue,759,Cash,48,4.2,4.3
2024-07-26 18:57:00,CNR2652312580,Success,CID514930,Bike,Peenya,Vijayanagar,42.0,95.0,Not Applicable,Not Applicable,No,Not Applicable,369,Cash,31,3.9,3.0
2024-07-21 02:21:00,CNR7097651877,Success,CID561254,eBike,Kammanahalli,Varthur,266.0,130.0,Not Applicable,Not Applicable,No,Not Applicable,450,UPI,31,3.3,3.7
2024-07-27 18:20:00,CNR4464603890,Success,CID968432,Prime SUV,Ramamurthy Nagar,Whitefield,140.0,135.0,Not Applicable,Not Applicable,No,Not Applicable,140,Cash,19,4.9,3.5
2024-07-20 02:27:00,CNR5333349544,Success,CID795407,Prime Sedan,Tumkur Road,Hosur Road,210.0,110.0,Not Applicable,Not Applicable,No,Not Applicable,366,UPI,40,4.2,3.8
2024-07-03 21:03:00,CNR3568393856,Success,CID779520,Prime Plus,Tumkur Road,Kammanahalli,49.0,80.0,Not Applicable,Not Applicable,No,Not Applicable,122,Cash,43,4.6,3.8
2024-07-03 13:27:00,CNR1188735689,Success,CID594814,Bike,Kammanahalli,Vijayanagar,154.0,60.0,Not Applicable,Not Applicable,No,Not Applicable,190,Cash,7,4.1,3.2
2024-07-15 01:03:00,CNR9818074242,Success,CID495484,Auto,Bellandur,Vijayanagar,175.0,30.0,Not Applicable,Not Applicable,No,Not Applicable,115,Cash,5,4.1,3.5
2024-07-22 01:31:00,CNR9292857036,Success,CID796507,Bike,HSR Layout,Malleshwaram,196.0,145.0,Not Applicable,Not Applicable,No,Not Applicable,335,UPI,14,5.0,4.5
2024-07-21 06:52:00,CNR3882468733,Success,CID207366,Prime SUV,HSR Layout,Devanahalli,252.0,75.0,Not Applicable,Not Applicable,No,Not Applicable,497,UPI,7,3.8,4.1
2024-07-04 16:55:00,CNR5570534735,Success,CID468704,Prime Sedan,JP Nagar,Rajajinagar,280.0,105.0,Not Applicable,Not Applicable,No,Not Applicable,458,Cash,21,3.3,3.0
2024-07-28 06:26:00,CNR5073844171,Success,CID403327,Auto,Whitefield,Richmond Town,238.0,110.0,Not Applicable,Not Applicable,No,Not Applicable,766,Cash,19,4.6,3.2
2024-07-07 10:29:00,CNR7944054274,Success,CID679041,Prime Sedan,Shantinagar,Chickpet,224.0,35.0,Not Applicable,Not Applicable,No,Not Applicable,481,UPI,23,4.2,3.8
2024-07-11 20:27:00,CNR3508712140,Success,CID144962,Prime SUV,Cox Town,Bellandur,294.0,55.0,Not Applicable,Not Applicable,No,Not Applicable,127,UPI,45,3.3,3.5
2024-07-27 00:07:00,CNR6476852171,Success,CID974106,Prime Plus,HSR Layout,Mysore Road,161.0,65.0,Not Applicable,Not Applicable,No,Not Applicable,276,Cash,35,4.0,4.4
2024-07-01 13:33:00,CNR8841382322,Canceled by Driver,CID238503,Prime Plus,Majestic,Bannerghatta Road,,,Not Applicable,Customer related issue,Not Applicable,Not Applicable,112,Not Applicable,0,,
2024-07-15 16:07:00,CNR2298070216,Success,CID733483,Prime Plus,JP Nagar,Basavanagudi,203.0,40.0,Not Applicable,Not Applicable,Yes,Other Issue,386,Cash,26,3.3,3.5
2024-07-14 14:43:00,CNR4688361701,Canceled by Customer,CID876744,Bike,Padmanabhanagar,Magadi Road,,,AC is Not working,Not Applicable,Not Applicable,Not Applicable,459,Not Applicable,0,,
2024-07-21 18:32:00,CNR2904098914,Success,CID104794,Bike,Banashankari,Whitefield,140.0,145.0,Not Applicable,Not Applicable,Yes,Customer Demand,314,Cash,3,4.1,4.7
2024-07-22 04:16:00,CNR5631064814,Success,CID667544,Bike,Malleshwaram,Hennur,266.0,130.0,Not Applicable,Not Applicable,No,Not Applicable,252,Cash,20,4.9,3.3
2024-07-19 21:22:00,CNR9868124314,Canceled by Driver,CID833125,Mini,Basavanagudi,Electronic City,,,Not Applicable,Customer related issue,Not Applicable,Not Applicable,700,Not Applicable,0,,
2024-07-30 09:37:00,CNR5908411911,Success,CID323859,eBike,Kadugodi,Chamarajpet,105.0,105.0,Not Applicable,Not Applicable,No,Not Applicable,296,Cash,4,4.1,3.5
2024-07-25 03:33:00,CNR6569156728,Success,CID888036,Auto,Koramangala,Mysore Road,210.0,140.0,Not Applicable,Not Applicable,No,Not Applicable,996,Cash,14,3.3,3.3
2024-07-05 15:07:00,CNR8233659476,Success,CID380630,Prime Sedan,Nagarbhavi,Peenya,49.0,40.0,Not Applicable,Not Applicable,No,Not Applicable,100,UPI,32,3.2,3.0
2024-07-22 02:45:00,CNR8596976632,Driver Not Found,CID982804,Prime Plus,Ramamurthy Nagar,Nagarbhavi,,,Not Applicable,Not Applicable,Not Applicable,Not Applicable,649,Not Applicable,0,,
2024-07-20 02:49:00,CNR9292519631,Success,CID942288,eBike,Bannerghatta Road,Shivajinagar,252.0,125.0,Not Applicable,Not Applicable,No,Not Applicable,177,UPI,4,3.2,4.5
2024-07-28 01:44:00,CNR8169926566,Success,CID531639,Prime SUV,Richmond Town,Majestic,308.0,95.0,Not Applicable,Not Applicable,No,Not Applicable,466,UPI,24,3.6,3.9
2024-07-13 15:13:00,CNR9370043358,Success,CID407532,eBike,Frazer Town,Malleshwaram,168.0,80.0,Not Applicable,Not Applicable,No,Not Applicable,363,UPI,19,3.5,4.5
2024-07-11 21:58:00,CNR4651808955,Success,CID214584,Prime Sedan,Richmond Town,Peenya,224.0,45.0,Not Applicable,Not Applicable,No,Not Applicable,713,Cash,35,4.6,3.1
2024-07-11 06:41:00,CNR9521590871,Success,CID304478,Mini,Sarjapur Road,Cox Town,301.0,45.0,Not Applicable,Not Applicable,No,Not Applicable,308,UPI,42,3.3,4.8
2024-07-14 10:06:00,CNR7855807556,Canceled by Customer,CID670636,Prime Plus,Whitefield,KR Puram,,,Change of plans,Not Applicable,Not Applicable,Not Applicable,167,Not Applicable,0,,
2024-07-08 19:02:00,CNR7909896166,Driver Not Found,CID772311,Auto,Varthur,Sarjapur Road,,,Not Applicable,Not Applicable,Not Applicable,Not Applicable,174,Not Applicable,0,,
2024-07-06 07:01:00,CNR5654597168,Success,CID482158,Prime SUV,Koramangala,Whitefield,77.0,115.0,Not Applicable,Not Applicable,Yes,Vehicle Breakdown,388,Cash,23,4.7,3.8
2024-07-07 05:55:00,CNR2301843702,Canceled by Customer,CID564640,Prime SUV,Cox Town,Rajarajeshwari Nagar,,,Driver is not moving towards pickup location,Not Applicable,Not Applicable,Not Applicable,395,Not Applicable,0,,
2024-07-02 09:35:00,CNR3628520412,Success,CID882894,Prime SUV,Cox Town,Hosur Road,84.0,70.0,Not Applicable,Not Applicable,No,Not Applicable,410,Cash,14,3.9,3.5
2024-07-06 23:18:00,CNR2779776771,Success,CID448778,Prime Plus,MG Road,Yelahanka,280.0,65.0,Not Applicable,Not Applicable,No,Not Applicable,2478,Cash,48,3.6,4.4
2024-07-08 23:55:00,CNR6829895474,Canceled by Customer,CID217634,Bike,Shivajinagar,Indiranagar,,,Driver asked to cancel,Not Applicable,Not Applicable,Not Applicable,397,Not Applicable,0,,
2024-07-17 12:53:00,CNR1091273801,Success,CID567552,Bike,Chickpet,Hebbal,119.0,25.0,Not Applicable,Not Applicable,Yes,Other Issue,201,UPI,25,3.1,3.1
2024-07-01 22:12:00,CNR7107834662,Success,CID172326,Bike,BTM Layout,Kengeri,252.0,55.0,Not Applicable,Not Applicable,Yes,Customer Demand,256,UPI,47,5.0,4.3
2024-07-17 01:03:00,CNR7734995589,Success,CID874822,Prime Plus,Sarjapur Road,Ramamurthy Nagar,42.0,75.0,Not Applicable,Not Applicable,No,Not Applicable,715,UPI,47,3.2,4.5
2024-07-14 23:19:00,CNR2208504662,Success,CID593440,Prime Sedan,Electronic City,Hulimavu,231.0,65.0,Not Applicable,Not Applicable,No,Not Applicable,914,UPI,48,3.2,3.0
2024-07-18 08:24:00,CNR3050455207,Success,CID452577,Prime Plus,Richmond Town,Peenya,140.0,95.0,Not Applicable,Not Applicable,No,Not Applicable,136,Cash,2,3.7,3.5
2024-07-17 19:20:00,CNR5343209480,Success,CID174893,Prime Sedan,Ramamurthy Nagar,Chickpet,189.0,100.0,Not Applicable,Not Applicable,No,Not Applicable,478,UPI,42,4.3,3.9
2024-07-29 10:17:00,CNR9356022373,Success,CID486477,eBike,Chickpet,Chickpet,56.0,140.0,Not Applicable,Not Applicable,No,Not Applicable,120,UPI,21,3.8,4.8
2024-07-17 14:50:00,CNR4649238008,Success,CID596044,Prime Sedan,Sarjapur Road,Shantinagar,273.0,55.0,Not Applicable,Not Applicable,No,Not Applicable,879,UPI,10,3.4,4.8
2024-07-15 13:04:00,CNR2641537524,Success,CID659304,Prime Sedan,Hebbal,Kammanahalli,182.0,65.0,Not Applicable,Not Applicable,No,Not Applicable,216,UPI,46,3.3,4.7
2024-07-01 11:17:00,CNR8225462409,Success,CID913376,Prime Plus,Mysore Road,Basavanagudi,126.0,85.0,Not Applicable,Not Applicable,No,Not Applicable,807,Cash,11,4.9,3.1
2024-07-26 18:38:00,CNR3507103411,Success,CID895982,Auto,Chickpet,Yelahanka,168.0,110.0,Not Applicable,Not Applicable,No,Not Applicable,203,Cash,9,4.9,3.6
2024-07-02 23:17:00,CNR6012539057,Success,CID697952,eBike,Rajarajeshwari Nagar,Banashankari,154.0,100.0,Not Applicable,Not Applicable,No,Not Applicable,474,UPI,26,4.0,4.0
2024-07-11 06:16:00,CNR9196313543,Canceled by Driver,CID112032,Prime Plus,HSR Layout,Rajarajeshwari Nagar,,,Not Applicable,More than permitted people in there,Not Applicable,Not Applicable,324,Not Applicable,0,,
2024-07-17 15:17:00,CNR6688576674,Driver Not Found,CID354004,Auto,Kengeri,Jayanagar,,,Not Applicable,Not Applicable,Not Applicable,Not Applicable,413,Not Applicable,0,,
2024-07-19 20:31:00,CNR4068185996,Success,CID741622,Prime Plus,BTM Layout,Vijayanagar,273.0,125.0,Not Applicable,Not Applicable,No,Not Applicable,104,Credit Card,28,3.1,4.8
2024-07-20 20:28:00,CNR9438666987,Canceled by Driver,CID851698,Mini,Electronic City,Hosur Road,,,Not Applicable,Personal & Car related issue,Not Applicable,Not Applicable,1079,Not Applicable,0,,
2024-07-27 21:08:00,CNR1733680988,Canceled by Driver,CID683211,eBike,Hennur,BTM Layout,,,Not Applicable,Customer related issue,Not Applicable,Not Applicable,519,Not Applicable,0,,
2024-07-13 12:02:00,CNR2824317506,Driver Not Found,CID764641,Mini,Koramangala,Kadugodi,,,Not Applicable,Not Applicable,Not Applicable,Not Applicable,1117,Not Applicable,0,,
2024-07-26 02:11:00,CNR3503268732,Driver Not Found,CID737915,Bike,Basavanagudi,Rajajinagar,,,Not Applicable,Not Applicable,Not Applicable,Not Applicable,2379,Not Applicable,0,,
2024-07-08 14:48:00,CNR8380991986,Success,CID278334,Bike,Shantinagar,Electronic City,140.0,75.0,Not Applicable,Not Applicable,No,Not Applicable,392,Cash,1,4.7,3.4
2024-07-27 09:11:00,CNR5272940020,Driver Not Found,CID381322,eBike,Vijayanagar,Chickpet,,,Not Applicable,Not Applicable,Not Applicable,Not Applicable,193,Not Applicable,0,,
2024-07-13 12:06:00,CNR1303839311,Canceled by Driver,CID712133,eBike,Rajarajeshwari Nagar,Frazer Town,,,Not Applicable,Customer was coughing/sick,Not Applicable,Not Applicable,817,Not Applicable,0,,
2024-07-15 01:32:00,CNR1063259195,Success,CID923068,Prime SUV,Chamarajpet,Shivajinagar,175.0,95.0,Not Applicable,Not Applicable,No,Not Applicable,267,Cash,34,4.8,4.8
2024-07-25 20:29:00,CNR7140488298,Success,CID363204,Prime SUV,Chickpet,Mysore Road,196.0,60.0,Not Applicable,Not Applicable,No,Not Applicable,203,Cash,25,4.7,3.3
2024-07-07 16:29:00,CNR5555804826,Success,CID276833,Prime Sedan,Rajarajeshwari Nagar,Hulimavu,259.0,45.0,Not Applicable,Not Applicable,No,Not Applicable,103,Cash,26,4.2,4.8
2024-07-10 08:17:00,CNR2400823417,Success,CID609921,Prime Plus,Shantinagar,Kadugodi,133.0,90.0,Not Applicable,Not Applicable,Yes,Vehicle Breakdown,335,UPI,3,4.6,3.7
2024-07-01 11:32:00,CNR2579408360,Success,CID619277,eBike,Malleshwaram,Hosur Road,238.0,130.0,Not Applicable,Not Applicable,No,Not Applicable,257,UPI,26,3.8,3.1
2024-07-20 18:40:00,CNR4482446482,Driver Not Found,CID213321,Prime SUV,Marathahalli,Tumkur Road,,,Not Applicable,Not Applicable,Not Applicable,Not Applicable,411,Not Applicable,0,,
2024-07-09 19:06:00,CNR9306259694,Driver Not Found,CID582653,Prime Plus,Frazer Town,Jayanagar,,,Not Applicable,Not Applicable,Not Applicable,Not Applicable,151,Not Applicable,0,,
2024-07-04 11:38:00,CNR3140486907,Success,CID379038,Prime Plus,Whitefield,Hulimavu,238.0,100.0,Not Applicable,Not Applicable,Yes,Vehicle Breakdown,311,Cash,10,4.3,4.8
2024-07-24 21:42:00,CNR5339655524,Canceled by Driver,CID420990,Mini,Cox Town,BTM Layout,,,Not Applicable,Personal & Car related issue,Not Applicable,Not Applicable,429,Not Applicable,0,,
2024-07-10 12:51:00,CNR6086550990,Success,CID398617,eBike,Yeshwanthpur,Hennur,231.0,70.0,Not Applicable,Not Applicable,No,Not Applicable,421,Cash,26,4.3,3.8
2024-07-17 11:35:00,CNR2432226494,Success,CID392531,Bike,Bellandur,Mysore Road,175.0,135.0,Not Applicable,Not Applicable,No,Not Applicable,176,UPI,42,4.5,3.7
2024-07-24 09:45:00,CNR3447480199,Success,CID580416,Prime Sedan,BTM Layout,Magadi Road,196.0,100.0,Not Applicable,Not Applicable,Yes,Vehicle Breakdown,857,UPI,8,4.6,4.7
2024-07-10 08:15:00,CNR9065086328,Success,CID184768,Mini,Basavanagudi,Koramangala,287.0,80.0,Not Applicable,Not Applicable,No,Not Applicable,406,UPI,6,4.5,4.5
2024-07-27 23:22:00,CNR8640524019,Success,CID630411,Auto,RT Nagar,Bellandur,98.0,65.0,Not Applicable,Not Applicable,No,Not Applicable,447,UPI,11,4.1,4.9
2024-07-17 13:32:00,CNR5737805689,Driver Not Found,CID431035,Prime SUV,Bannerghatta Road,Peenya,,,Not Applicable,Not Applicable,Not Applicable,Not Applicable,407,Not Applicable,0,,
2024-07-01 16:22:00,CNR3902946388,Success,CID427028,Auto,Padmanabhanagar,Malleshwaram,49.0,90.0,Not Applicable,Not Applicable,No,Not Applicable,112,Cash,11,4.8,4.6
2024-07-25 02:09:00,CNR7407878201,Driver Not Found,CID686221,Prime Sedan,Mysore Road,KR Puram,,,Not Applicable,Not Applicable,Not Applicable,Not Applicable,451,Not Applicable,0,,
2024-07-12 09:28:00,CNR8998621208,Success,CID800745,Auto,Nagarbhavi,Yelahanka,77.0,110.0,Not Applicable,Not Applicable,No,Not Applicable,916,Cash,13,4.3,3.4
2024-07-11 00:49:00,CNR8217648787,Canceled by Driver,CID651138,Mini,RT Nagar,Hebbal,,,Not Applicable,Personal & Car related issue,Not Applicable,Not Applicable,445,Not Applicable,0,,
2024-07-04 22:12:00,CNR6588347742,Success,CID278241,Prime Sedan,Chickpet,RT Nagar,140.0,50.0,Not Applicable,Not Applicable,No,Not Applicable,471,Cash,41,5.0,3.5
2024-07-11 11:20:00,CNR7486510842,Canceled by Driver,CID703977,Auto,Jayanagar,Jayanagar,,,Not Applicable,More than permitted people in there,Not Applicable,Not Applicable,207,Not Applicable,0,,
2024-07-03 00:19:00,CNR9600653222,Canceled by Customer,CID693319,eBike,Tumkur Road,Koramangala,,,Change of plans,Not Applicable,Not Applicable,Not Applicable,279,Not Applicable,0,,
2024-07-20 05:01:00,CNR3295409985,Canceled by Driver,CID449694,Prime Sedan,Frazer Town,Hebbal,,,Not Applicable,Customer related issue,Not Applicable,Not Applicable,612,Not Applicable,0,,
2024-07-11 05:14:00,CNR2619605764,Canceled by Customer,CID315153,eBike,Magadi Road,KR Puram,,,Driver asked to cancel,Not Applicable,Not Applicable,Not Applicable,412,Not Applicable,0,,
2024-07-04 13:32:00,CNR6346781896,Success,CID793857,Mini,Electronic City,Hebbal,175.0,40.0,Not Applicable,Not Applicable,No,Not Applicable,111,Cash,18,4.4,4.3
2024-07-27 23:25:00,CNR6262616989,Success,CID386705,eBike,Bellandur,Malleshwaram,133.0,75.0,Not Applicable,Not Applicable,No,Not Applicable,300,UPI,21,4.0,4.6
2024-07-16 01:42:00,CNR2323865834,Driver Not Found,CID980316,Bike,Hennur,Frazer Town,,,Not Applicable,Not Applicable,Not Applicable,Not Applicable,836,Not Applicable,0,,
2024-07-17 11:20:00,CNR7078509533,Success,CID367946,Mini,Kammanahalli,Devanahalli,77.0,110.0,Not Applicable,Not Applicable,No,Not Applicable,138,UPI,45,4.7,4.6
2024-07-07 03:18:00,CNR8152459761,Canceled by Customer,CID317515,Prime Sedan,Basavanagudi,Sahakar Nagar,,,Change of plans,Not Applicable,Not Applicable,Not Applicable,420,Not Applicable,0,,
2024-07-28 13:53:00,CNR9322940022,Success,CID195385,Prime SUV,JP Nagar,Hosur Road,161.0,145.0,Not Applicable,Not Applicable,No,Not Applicable,225,Cash,22,3.7,4.1
2024-07-01 15:29:00,CNR9864147287,Canceled by Driver,CID915425,Prime Sedan,Frazer Town,Chamarajpet,,,Not Applicable,Customer related issue,Not Applicable,Not Applicable,1723,Not Applicable,0,,
2024-07-04 11:59:00,CNR1536087117,Success,CID958773,Prime Plus,Devanahalli,Chickpet,77.0,95.0,Not Applicable,Not Applicable,No,Not Applicable,104,UPI,5,3.2,3.3
2024-07-01 13:27:00,CNR3848417447,Success,CID406285,eBike,HSR Layout,Varthur,175.0,105.0,Not Applicable,Not Applicable,No,Not Applicable,403,UPI,14,4.3,3.9
2024-07-13 14:06:00,CNR5306642527,Success,CID726416,Mini,BTM Layout,Rajajinagar,140.0,65.0,Not Applicable,Not Applicable,Yes,Vehicle Breakdown,2608,Cash,39,3.7,3.3
2024-07-06 02:09:00,CNR7735203054,Canceled by Driver,CID775812,Bike,Magadi Road,Cox Town,,,Not Applicable,Customer related issue,Not Applicable,Not Applicable,198,Not Applicable,0,,
2024-07-12 06:37:00,CNR9410380950,Canceled by Driver,CID559098,Bike,Kammanahalli,Yelahanka,,,Not Applicable,Customer was coughing/sick,Not Applicable,Not Applicable,459,Not Applicable,0,,
2024-07-25 19:28:00,CNR2001631978,Canceled by Customer,CID157295,Prime SUV,Ramamurthy Nagar,Majestic,,,Driver is not moving towards pickup location,Not Applicable,Not Applicable,Not Applicable,180,Not Applicable,0,,
2024-07-16 05:41:00,CNR6208273037,Success,CID803262,eBike,Sarjapur Road,Whitefield,161.0,45.0,Not Applicable,Not Applicable,No,Not Applicable,396,UPI,33,3.7,3.2
2024-07-05 01:16:00,CNR7203032372,Success,CID386912,Prime SUV,Peenya,Bannerghatta Road,196.0,80.0,Not Applicable,Not Applicable,No,Not Applicable,175,UPI,28,3.1,4.0
2024-07-02 16:53:00,CNR6727388272,Success,CID826062,Prime Sedan,Malleshwaram,Hebbal,91.0,35.0,Not Applicable,Not Applicable,No,Not Applicable,387,Cash,7,5.0,3.4
2024-07-19 16:45:00,CNR7645930163,Success,CID514833,Mini,Bellandur,Langford Town,70.0,125.0,Not Applicable,Not Applicable,No,Not Applicable,215,Cash,48,3.3,4.1
2024-07-23 01:10:00,CNR6340464054,Success,CID473972,Mini,Hennur,Hennur,49.0,115.0,Not Applicable,Not Applicable,No,Not Applicable,418,UPI,24,4.3,3.7
2024-07-01 05:45:00,CNR6574553047,Canceled by Driver,CID930680,Mini,Nagarbhavi,Hebbal,,,Not Applicable,Personal & Car related issue,Not Applicable,Not Applicable,469,Not Applicable,0,,
2024-07-01 05:40:00,CNR9109553601,Canceled by Customer,CID930779,Bike,Bellandur,Rajarajeshwari Nagar,,,Driver asked to cancel,Not Applicable,Not Applicable,Not Applicable,668,Not Applicable,0,,
2024-07-16 20:12:00,CNR1549500693,Success,CID689689,Prime SUV,Peenya,Rajarajeshwari Nagar,56.0,145.0,Not Applicable,Not Applicable,No,Not Applicable,214,Cash,3,3.2,4.0
2024-07-16 11:43:00,CNR5562525714,Success,CID549093,Auto,Yeshwanthpur,Kengeri,112.0,35.0,Not Applicable,Not Applicable,No,Not Applicable,1323,UPI,13,4.5,3.7
2024-07-09 20:21:00,CNR1742415354,Success,CID511591,Prime SUV,Vijayanagar,Jayanagar,280.0,85.0,Not Applicable,Not Applicable,No,Not Applicable,504,UPI,28,4.4,3.5
2024-07-18 23:56:00,CNR1826726542,Canceled by Customer,CID168483,eBike,Hosur Road,Hulimavu,,,AC is Not working,Not Applicable,Not Applicable,Not Applicable,402,Not Applicable,0,,
2024-07-27 15:32:00,CNR6999427095,Success,CID562260,Prime Sedan,Koramangala,Padmanabhanagar,196.0,50.0,Not Applicable,Not Applicable,No,Not Applicable,556,UPI,47,3.8,3.4
2024-07-28 19:38:00,CNR3196596011,Success,CID842532,Prime Sedan,KR Puram,Whitefield,224.0,45.0,Not Applicable,Not Applicable,No,Not Applicable,443,Cash,47,4.1,3.8
2024-07-20 09:21:00,CNR1759785088,Canceled by Customer,CID429086,Mini,Sarjapur Road,Yeshwanthpur,,,Driver asked to cancel,Not Applicable,Not Applicable,Not Applicable,388,Not Applicable,0,,
2024-07-30 16:52:00,CNR7068302827,Canceled by Driver,CID761755,Bike,MG Road,Shantinagar,,,Not Applicable,Customer was coughing/sick,Not Applicable,Not Applicable,671,Not Applicable,0,,
2024-07-01 02:02:00,CNR2372338908,Success,CID312325,Mini,Vijayanagar,Ulsoor,203.0,50.0,Not Applicable,Not Applicable,No,Not Applicable,218,Cash,32,3.1,3.4
2024-07-17 05:10:00,CNR2404036180,Success,CID278243,Mini,Malleshwaram,BTM Layout,238.0,125.0,Not Applicable,Not Applicable,No,Not Applicable,813,UPI,27,3.5,4.6
2024-07-09 09:41:00,CNR3758579276,Canceled by Driver,CID973398,Prime SUV,Hosur Road,Yeshwanthpur,,,Not Applicable,Customer related issue,Not Applicable,Not Applicable,185,Not Applicable,0,,
2024-07-20 07:55:00,CNR2017078822,Success,CID396539,Bike,Koramangala,Jayanagar,280.0,75.0,Not Applicable,Not Applicable,No,Not Applicable,119,Cash,13,4.6,3.4
2024-07-19 23:08:00,CNR6555110050,Canceled by Driver,CID838956,Prime SUV,Hosur Road,Kadugodi,,,Not Applicable,Customer was coughing/sick,Not Applicable,Not Applicable,176,Not Applicable,0,,
2024-07-02 21:18:00,CNR7488970675,Success,CID872140,Auto,Varthur,Rajajinagar,91.0,50.0,Not Applicable,Not Applicable,No,Not Applicable,602,Cash,17,3.7,4.4
2024-07-25 09:48:00,CNR4949697802,Success,CID602388,eBike,Rajarajeshwari Nagar,Koramangala,133.0,105.0,Not Applicable,Not Applicable,No,Not Applicable,328,Cash,44,4.6,3.1
2024-07-02 22:54:00,CNR2144227480,Canceled by Customer,CID786405,Auto,Rajajinagar,Shivajinagar,,,AC is Not working,Not Applicable,Not Applicable,Not Applicable,386,Not Applicable,0,,
2024-07-04 00:27:00,CNR7153676017,Success,CID667831,Prime Plus,Marathahalli,Hennur,189.0,45.0,Not Applicable,Not Applicable,No,Not Applicable,474,Cash,43,4.4,3.1
2024-07-20 21:45:00,CNR8967634681,Canceled by Driver,CID355426,Auto,Hennur,Richmond Town,,,Not Applicable,More than permitted people in there,Not Applicable,Not Applicable,224,Not Applicable,0,,
2024-07-17 11:46:00,CNR4766350473,Canceled by Customer,CID368556,Prime Plus,Peenya,Kadugodi,,,Driver is not moving towards pickup location,Not Applicable,Not Applicable,Not Applicable,2479,Not Applicable,0,,
2024-07-19 08:48:00,CNR8009752855,Success,CID157202,Prime SUV,Koramangala,RT Nagar,224.0,140.0,Not Applicable,Not Applicable,No,Not Applicable,426,UPI,17,3.4,4.8
2024-07-24 10:22:00,CNR6634906918,Success,CID748054,Prime SUV,Hosur Road,Whitefield,308.0,75.0,Not Applicable,Not Applicable,No,Not Applicable,821,Cash,45,4.0,4.7
2024-07-22 09:12:00,CNR4769050382,Driver Not Found,CID738616,eBike,Varthur,Electronic City,,,Not Applicable,Not Applicable,Not Applicable,Not Applicable,427,Not Applicable,0,,
2024-07-20 15:37:00,CNR8242739602,Canceled by Driver,CID109773,Auto,Cox Town,Peenya,,,Not Applicable,Customer related issue,Not Applicable,Not Applicable,1374,Not Applicable,0,,
2024-07-28 03:54:00,CNR8784213905,Success,CID580802,Bike,Devanahalli,Hennur,133.0,25.0,Not Applicable,Not Applicable,No,Not Applicable,412,Cash,21,3.1,4.0
2024-07-13 02:25:00,CNR4121291150,Success,CID564893,Auto,Richmond Town,Malleshwaram,217.0,55.0,Not Applicable,Not Applicable,No,Not Applicable,468,Cash,2,4.5,4.6
2024-07-25 15:56:00,CNR6036458579,Success,CID901032,Auto,Banashankari,Chickpet,245.0,125.0,Not Applicable,Not Applicable,No,Not Applicable,310,Cash,17,4.4,3.1
2024-07-22 11:05:00,CNR4677984150,Success,CID978293,Prime Plus,Yeshwanthpur,Jayanagar,273.0,115.0,Not Applicable,Not Applicable,No,Not Applicable,109,UPI,44,3.4,3.5
2024-07-25 19:48:00,CNR9567411504,Canceled by Driver,CID805147,Auto,Shantinagar,Chickpet,,,Not Applicable,Personal & Car related issue,Not Applicable,Not Applicable,444,Not Applicable,0,,
2024-07-26 16:42:00,CNR6864889963,Canceled by Driver,CID194270,Prime SUV,JP Nagar,Bellandur,,,Not Applicable,Personal & Car related issue,Not Applicable,Not Applicable,251,Not Applicable,0,,
2024-07-10 05:49:00,CNR4831555325,Success,CID273890,eBike,Mysore Road,Kengeri,154.0,140.0,Not Applicable,Not Applicable,No,Not Applicable,728,Credit Card,7,4.6,3.7
2024-07-28 04:38:00,CNR7880564986,Success,CID193354,Auto,Rajajinagar,Hebbal,210.0,35.0,Not Applicable,Not Applicable,No,Not Applicable,430,Cash,5,4.9,4.0
2024-07-21 13:54:00,CNR3264133836,Driver Not Found,CID808148,Prime Plus,Richmond Town,Sahakar Nagar,,,Not Applicable,Not Applicable,Not Applicable,Not Applicable,2555,Not Applicable,0,,
2024-07-23 00:25:00,CNR1613637252,Success,CID962464,Mini,BTM Layout,Padmanabhanagar,238.0,75.0,Not Applicable,Not Applicable,No,Not Applicable,820,Cash,35,4.8,4.2
2024-07-09 03:24:00,CNR4467274282,Success,CID541618,Bike,KR Puram,Jayanagar,210.0,120.0,Not Applicable,Not Applicable,Yes,Vehicle Breakdown,742,UPI,19,3.5,3.4
2024-07-17 02:13:00,CNR8724970235,Success,CID774449,Prime Plus,Kengeri,Marathahalli,224.0,100.0,Not Applicable,Not Applicable,No,Not Applicable,183,Cash,18,5.0,3.9
2024-07-12 07:37:00,CNR5684816470,Canceled by Driver,CID545604,Prime SUV,Langford Town,Indiranagar,,,Not Applicable,Customer related issue,Not Applicable,Not Applicable,226,Not Applicable,0,,
2024-07-24 03:08:00,CNR3141312296,Driver Not Found,CID963845,Prime Plus,Electronic City,Koramangala,,,Not Applicable,Not Applicable,Not Applicable,Not Applicable,349,Not Applicable,0,,
2024-07-27 10:43:00,CNR1446024230,Success,CID324780,Prime Plus,HSR Layout,Nagarbhavi,112.0,35.0,Not Applicable,Not Applicable,No,Not Applicable,390,UPI,43,3.3,4.6
2024-07-15 11:24:00,CNR9531277711,Success,CID475371,Prime Sedan,Yelahanka,Indiranagar,287.0,135.0,Not Applicable,Not Applicable,No,Not Applicable,403,Cash,41,3.9,3.3
2024-07-06 16:46:00,CNR6421565971,Canceled by Customer,CID356300,Prime Sedan,Frazer Town,Sarjapur Road,,,Change of plans,Not Applicable,Not Applicable,Not Applicable,216,Not Applicable,0,,
2024-07-15 00:37:00,CNR6188324525,Success,CID291563,Prime SUV,Richmond Town,Marathahalli,42.0,70.0,Not Applicable,Not Applicable,No,Not Applicable,305,Cash,28,5.0,4.2
2024-07-01 22:45:00,CNR3278369980,Canceled by Driver,CID578541,Bike,Sahakar Nagar,Ramamurthy Nagar,,,Not Applicable,Personal & Car related issue,Not Applicable,Not Applicable,408,Not Applicable,0,,
2024-07-14 17:36:00,CNR7265120978,Canceled by Driver,CID150695,Auto,Yelahanka,KR Puram,,,Not Applicable,Customer related issue,Not Applicable,Not Applicable,371,Not Applicable,0,,
2024-07-20 22:59:00,CNR5634267796,Success,CID406364,Bike,Devanahalli,Hebbal,168.0,40.0,Not Applicable,Not Applicable,No,Not Applicable,947,Cash,6,3.6,4.0
2024-07-17 02:55:00,CNR7102577906,Success,CID610042,Prime Plus,Sarjapur Road,Marathahalli,77.0,60.0,Not Applicable,Not Applicable,No,Not Applicable,107,UPI,14,3.5,3.3
2024-07-09 17:08:00,CNR2775573691,Canceled by Driver,CID882174,Mini,Hennur,Langford Town,,,Not Applicable,Personal & Car related issue,Not Applicable,Not Applicable,444,Not Applicable,0,,
2024-07-15 23:17:00,CNR6490748064,Success,CID762537,Prime Plus,BTM Layout,Chickpet,56.0,135.0,Not Applicable,Not Applicable,No,Not Applicable,103,UPI,24,3.2,4.3
2024-07-16 04:24:00,CNR6023904255,Success,CID814156,Auto,Ulsoor,Bannerghatta Road,217.0,140.0,Not Applicable,Not Applicable,No,Not Applicable,290,Cash,13,3.2,4.3
2024-07-20 01:30:00,CNR4021876240,Canceled by Customer,CID645337,eBike,Whitefield,Hennur,,,Driver is not moving towards pickup location,Not Applicable,Not Applicable,Not Applicable,451,Not Applicable,0,,
2024-07-09 21:10:00,CNR8178115963,Driver Not Found,CID932613,Prime Sedan,Tumkur Road,Yeshwanthpur,,,Not Applicable,Not Applicable,Not Applicable,Not Applicable,820,Not Applicable,0,,
2024-07-07 22:12:00,CNR3853846212,Success,CID292319,Bike,Whitefield,Hosur Road,147.0,50.0,Not Applicable,Not Applicable,No,Not Applicable,330,UPI,28,4.9,3.3
2024-07-03 22:02:00,CNR7079879287,Canceled by Driver,CID729698,Mini,Hulimavu,Jayanagar,,,Not Applicable,Personal & Car related issue,Not Applicable,Not Applicable,664,Not Applicable,0,,
2024-07-10 22:08:00,CNR5598846966,Canceled by Driver,CID274484,eBike,Langford Town,Shantinagar,,,Not Applicable,Customer was coughing/sick,Not Applicable,Not Applicable,804,Not Applicable,0,,
2024-07-30 09:34:00,CNR8932863228,Canceled by Customer,CID682892,Bike,Rajajinagar,Yelahanka,,,Driver is not moving towards pickup location,Not Applicable,Not Applicable,Not Applicable,291,Not Applicable,0,,
2024-07-17 01:10:00,CNR1740383856,Success,CID729695,Prime Plus,Whitefield,Vijayanagar,217.0,135.0,Not Applicable,Not Applicable,No,Not Applicable,876,Cash,3,3.1,4.4
2024-07-26 02:48:00,CNR9059780926,Success,CID283634,Prime Plus,Varthur,HSR Layout,287.0,35.0,Not Applicable,Not Applicable,No,Not Applicable,535,Cash,32,4.8,4.9
2024-07-18 19:06:00,CNR6099136407,Success,CID263336,Auto,Majestic,MG Road,126.0,140.0,Not Applicable,Not Applicable,No,Not Applicable,701,Cash,12,3.9,4.9
2024-07-19 20:46:00,CNR5487015644,Success,CID840598,Bike,Hulimavu,Mysore Road,182.0,95.0,Not Applicable,Not Applicable,No,Not Applicable,1214,Cash,25,4.7,4.6
2024-07-25 13:34:00,CNR5715431313,Canceled by Driver,CID713544,eBike,Hebbal,Sahakar Nagar,,,Not Applicable,Customer was coughing/sick,Not Applicable,Not Applicable,178,Not Applicable,0,,
2024-07-07 11:08:00,CNR4256361211,Canceled by Customer,CID628044,Prime SUV,Devanahalli,Rajarajeshwari Nagar,,,Wrong Address,Not Applicable,Not Applicable,Not Applicable,116,Not Applicable,0,,
2024-07-07 00:59:00,CNR8735006512,Canceled by Customer,CID239561,Prime Sedan,BTM Layout,BTM Layout,,,Driver is not moving towards pickup location,Not Applicable,Not Applicable,Not Applicable,367,Not Applicable,0,,
2024-07-27 01:38:00,CNR9508820551,Canceled by Driver,CID870675,Mini,Richmond Town,Hosur Road,,,Not Applicable,Personal & Car related issue,Not Applicable,Not Applicable,154,Not Applicable,0,,
2024-07-22 05:02:00,CNR1173950062,Canceled by Driver,CID637185,eBike,Kadugodi,Mysore Road,,,Not Applicable,Personal & Car related issue,Not Applicable,Not Applicable,164,Not Applicable,0,,
2024-07-10 05:27:00,CNR5480560598,Success,CID475870,Mini,Electronic City,Kammanahalli,154.0,25.0,Not Applicable,Not Applicable,No,Not Applicable,736,UPI,16,3.4,4.1
2024-07-02 13:27:00,CNR8167256769,Success,CID425075,Mini,Bannerghatta Road,Banashankari,119.0,120.0,Not Applicable,Not Applicable,No,Not Applicable,213,Cash,21,3.5,4.3
2024-07-04 12:07:00,CNR4496601182,Success,CID106616,eBike,Hebbal,BTM Layout,252.0,40.0,Not Applicable,Not Applicable,No,Not Applicable,586,Cash,26,3.3,4.5
2024-07-14 23:00:00,CNR5089686209,Success,CID472684,eBike,JP Nagar,Sarjapur Road,273.0,80.0,Not Applicable,Not Applicable,No,Not Applicable,407,UPI,44,4.0,3.8
2024-07-08 15:19:00,CNR1656675642,Driver Not Found,CID746862,Prime SUV,Nagarbhavi,Whitefield,,,Not Applicable,Not Applicable,Not Applicable,Not Applicable,986,Not Applicable,0,,
2024-07-25 10:13:00,CNR3003831615,Success,CID375456,eBike,Nagarbhavi,Shantinagar,63.0,60.0,Not Applicable,Not Applicable,No,Not Applicable,365,Cash,34,3.4,4.0
2024-07-14 11:39:00,CNR7884497833,Success,CID259906,Prime Plus,Kadugodi,Langford Town,224.0,40.0,Not Applicable,Not Applicable,No,Not Applicable,1873,Cash,43,3.5,3.9
2024-07-18 20:56:00,CNR7683651859,Success,CID868859,Auto,Majestic,Nagarbhavi,266.0,85.0,Not Applicable,Not Applicable,No,Not Applicable,810,UPI,11,3.1,5.0
2024-07-19 09:42:00,CNR3383518769,Canceled by Driver,CID863640,Prime SUV,Hennur,Peenya,,,Not Applicable,Personal & Car related issue,Not Applicable,Not Applicable,291,Not Applicable,0,,
2024-07-12 19:31:00,CNR5550665198,Canceled by Driver,CID257676,Prime Sedan,Basavanagudi,Shantinagar,,,Not Applicable,Customer related issue,Not Applicable,Not Applicable,426,Not Applicable,0,,
2024-07-12 19:00:00,CNR2416707128,Success,CID410979,Auto,Ramamurthy Nagar,Indiranagar,308.0,135.0,Not Applicable,Not Applicable,No,Not Applicable,376,Cash,17,3.2,3.1
2024-07-12 23:55:00,CNR8582614409,Success,CID471056,eBike,Banashankari,Bannerghatta Road,238.0,140.0,Not Applicable,Not Applicable,Yes,Vehicle Breakdown,275,Debit Card,47,4.9,4.5
2024-07-07 05:48:00,CNR9705074068,Success,CID452876,Mini,Magadi Road,Kengeri,133.0,80.0,Not Applicable,Not Applicable,No,Not Applicable,707,Cash,24,3.8,4.7
2024-07-05 20:13:00,CNR8259444255,Canceled by Customer,CID271486,Prime Sedan,Ulsoor,Tumkur Road,,,Change of plans,Not Applicable,Not Applicable,Not Applicable,388,Not Applicable,0,,
2024-07-21 06:52:00,CNR7342009009,Success,CID186141,Prime SUV,Electronic City,Bannerghatta Road,210.0,125.0,Not Applicable,Not Applicable,No,Not Applicable,375,Cash,41,3.8,4.3
2024-07-20 13:24:00,CNR3993854838,Success,CID900933,Prime Plus,Bannerghatta Road,Sarjapur Road,273.0,90.0,Not Applicable,Not Applicable,No,Not Applicable,339,Cash,16,4.4,3.2
2024-07-06 11:05:00,CNR9607163708,Success,CID595817,Bike,JP Nagar,Koramangala,161.0,110.0,Not Applicable,Not Applicable,No,Not Applicable,431,Cash,20,4.0,4.5
2024-07-18 21:52:00,CNR5041087400,Success,CID746969,Mini,Whitefield,Magadi Road,259.0,125.0,Not Applicable,Not Applicable,No,Not Applicable,2002,UPI,5,3.0,3.1
2024-07-19 18:06:00,CNR1378623137,Success,CID821653,Auto,Electronic City,Hebbal,154.0,85.0,Not Applicable,Not Applicable,No,Not Applicable,817,Cash,8,4.6,3.3
2024-07-04 01:26:00,CNR3047294388,Driver Not Found,CID715754,eBike,Padmanabhanagar,Shivajinagar,,,Not Applicable,Not Applicable,Not Applicable,Not Applicable,410,Not Applicable,0,,
2024-07-20 18:15:00,CNR6760443271,Canceled by Driver,CID739321,Prime SUV,Kammanahalli,Electronic City,,,Not Applicable,Personal & Car related issue,Not Applicable,Not Applicable,331,Not Applicable,0,,
2024-07-12 15:55:00,CNR9790745137,Success,CID746786,Prime Sedan,Nagarbhavi,Cox Town,98.0,135.0,Not Applicable,Not Applicable,No,Not Applicable,152,UPI,11,3.8,4.8
2024-07-02 17:40:00,CNR9115629700,Success,CID774656,Mini,Indiranagar,Padmanabhanagar,273.0,65.0,Not Applicable,Not Applicable,No,Not Applicable,728,UPI,18,4.5,4.7
2024-07-12 12:25:00,CNR1491997077,Success,CID114988,Mini,Banashankari,Mysore Road,98.0,120.0,Not Applicable,Not Applicable,No,Not Applicable,360,Cash,27,4.6,4.9
2024-07-10 03:00:00,CNR8880903970,Success,CID661008,Auto,Bellandur,Hennur,224.0,35.0,Not Applicable,Not Applicable,No,Not Applicable,649,UPI,3,4.6,3.4
2024-07-10 11:24:00,CNR1555801469,Success,CID782122,Prime SUV,Kammanahalli,Kammanahalli,231.0,50.0,Not Applicable,Not Applicable,No,Not Applicable,939,Cash,5,4.1,4.3
2024-07-16 10:24:00,CNR6698295858,Success,CID610110,Prime SUV,Yeshwanthpur,Sahakar Nagar,280.0,30.0,Not Applicable,Not Applicable,No,Not Applicable,146,Cash,38,4.1,4.1
2024-07-14 21:33:00,CNR2196127145,Success,CID443834,Prime SUV,Magadi Road,Marathahalli,224.0,100.0,Not Applicable,Not Applicable,No,Not Applicable,381,Cash,21,3.8,4.2
2024-07-12 19:16:00,CNR4577205718,Success,CID319638,Auto,Frazer Town,Basavanagudi,70.0,75.0,Not Applicable,Not Applicable,No,Not Applicable,355,UPI,3,3.2,4.3
2024-07-16 05:22:00,CNR8833698438,Success,CID514776,Prime Plus,Marathahalli,RT Nagar,42.0,30.0,Not Applicable,Not Applicable,Yes,Customer Demand,225,Cash,38,3.1,4.2
2024-07-04 06:04:00,CNR5578155228,Canceled by Customer,CID410425,Prime SUV,Shivajinagar,Rajajinagar,,,AC is Not working,Not Applicable,Not Applicable,Not Applicable,311,Not Applicable,0,,
2024-07-01 13:32:00,CNR2353216816,Success,CID999814,Auto,Jayanagar,Hennur,182.0,100.0,Not Applicable,Not Applicable,No,Not Applicable,203,Debit Card,18,4.6,3.1
2024-07-28 01:58:00,CNR3346563059,Success,CID291988,Prime Sedan,Bannerghatta Road,Varthur,133.0,100.0,Not Applicable,Not Applicable,No,Not Applicable,2954,Cash,17,4.0,3.1
2024-07-13 09:58:00,CNR3437065754,Success,CID682911,eBike,Rajajinagar,Ulsoor,259.0,105.0,Not Applicable,Not Applicable,No,Not Applicable,128,UPI,17,3.8,3.4
2024-07-03 17:58:00,CNR1998076940,Success,CID447700,Prime Sedan,Nagarbhavi,Marathahalli,112.0,95.0,Not Applicable,Not Applicable,No,Not Applicable,239,UPI,11,3.0,4.3
2024-07-16 18:31:00,CNR2408021180,Success,CID105085,Mini,Basavanagudi,HSR Layout,42.0,45.0,Not Applicable,Not Applicable,No,Not Applicable,339,UPI,20,4.4,4.8
2024-07-21 10:01:00,CNR6335374788,Canceled by Customer,CID912479,eBike,Cox Town,Langford Town,,,AC is Not working,Not Applicable,Not Applicable,Not Applicable,437,Not Applicable,0,,
2024-07-26 01:48:00,CNR2326644634,Success,CID372330,Prime Sedan,Yeshwanthpur,Padmanabhanagar,266.0,130.0,Not Applicable,Not Applicable,No,Not Applicable,461,Cash,38,4.7,3.5
2024-07-04 00:43:00,CNR8106786546,Success,CID608641,Prime SUV,JP Nagar,Basavanagudi,140.0,120.0,Not Applicable,Not Applicable,No,Not Applicable,853,UPI,34,3.7,4.1
2024-07-20 03:24:00,CNR7152562904,Success,CID199474,Prime Sedan,Indiranagar,Marathahalli,154.0,75.0,Not Applicable,Not Applicable,No,Not Applicable,186,Cash,25,3.9,4.0
2024-07-20 09:34:00,CNR5167426778,Canceled by Customer,CID153508,Mini,Devanahalli,Padmanabhanagar,,,Change of plans,Not Applicable,Not Applicable,Not Applicable,165,Not Applicable,0,,
2024-07-04 14:07:00,CNR1765098555,Success,CID919528,Bike,JP Nagar,Koramangala,259.0,70.0,Not Applicable,Not Applicable,No,Not Applicable,448,UPI,15,4.9,4.5
2024-07-14 15:20:00,CNR3481297892,Success,CID717885,Bike,Hulimavu,Cox Town,266.0,120.0,Not Applicable,Not Applicable,No,Not Applicable,884,Cash,36,3.6,4.9
2024-07-23 10:25:00,CNR1305076380,Success,CID190415,Prime Sedan,Ulsoor,Kengeri,308.0,55.0,Not Applicable,Not Applicable,No,Not Applicable,472,UPI,37,4.0,4.9
2024-07-14 02:20:00,CNR2189798656,Success,CID893588,Prime SUV,Shantinagar,Jayanagar,119.0,55.0,Not Applicable,Not Applicable,No,Not Applicable,470,Cash,18,3.5,4.3
2024-07-20 01:38:00,CNR2825054631,Canceled by Customer,CID346151,Auto,Hennur,Chamarajpet,,,AC is Not working,Not Applicable,Not Applicable,Not Applicable,385,Not Applicable,0,,
2024-07-19 09:13:00,CNR3134747635,Canceled by Driver,CID222018,Bike,Malleshwaram,Mysore Road,,,Not Applicable,Personal & Car related issue,Not Applicable,Not Applicable,882,Not Applicable,0,,
2024-07-12 15:50:00,CNR3632671358,Success,CID453994,Prime Sedan,Sarjapur Road,JP Nagar,154.0,80.0,Not Applicable,Not Applicable,No,Not Applicable,379,Cash,40,4.4,3.6
2024-07-02 07:50:00,CNR3666582102,Success,CID954686,eBike,BTM Layout,BTM Layout,203.0,60.0,Not Applicable,Not Applicable,No,Not Applicable,705,UPI,35,4.9,3.8
2024-07-21 17:15:00,CNR6282769176,Success,CID335858,Mini,Nagarbhavi,Yelahanka,301.0,25.0,Not Applicable,Not Applicable,No,Not Applicable,2895,Cash,47,4.7,4.8
2024-07-06 21:08:00,CNR4473807605,Canceled by Customer,CID537940,Mini,Banashankari,Indiranagar,,,Change of plans,Not Applicable,Not Applicable,Not Applicable,368,Not Applicable,0,,
2024-07-05 08:09:00,CNR5442176152,Success,CID369315,Bike,Banashankari,Rajajinagar,168.0,55.0,Not Applicable,Not Applicable,No,Not Applicable,376,Cash,4,4.4,3.5
2024-07-21 00:27:00,CNR6013743829,Success,CID354647,Prime SUV,Majestic,Yeshwanthpur,168.0,115.0,Not Applicable,Not Applicable,No,Not Applicable,318,Cash,46,4.1,3.6
2024-07-20 10:55:00,CNR7998293871,Driver Not Found,CID196785,Prime Sedan,Sahakar Nagar,HSR Layout,,,Not Applicable,Not Applicable,Not Applicable,Not Applicable,757,Not Applicable,0,,
2024-07-02 17:28:00,CNR8090827048,Canceled by Driver,CID270993,eBike,Frazer Town,Marathahalli,,,Not Applicable,Customer was coughing/sick,Not Applicable,Not Applicable,485,Not Applicable,0,,
2024-07-12 11:32:00,CNR7055694292,Canceled by Driver,CID724470,eBike,Nagarbhavi,BTM Layout,,,Not Applicable,More than permitted people in there,Not Applicable,Not Applicable,493,Not Applicable,0,,
2024-07-23 17:34:00,CNR4875377796,Success,CID444387,Prime Plus,Nagarbhavi,Malleshwaram,245.0,95.0,Not Applicable,Not Applicable,No,Not Applicable,1746,Cash,27,4.9,4.6
2024-07-11 18:31:00,CNR4914975397,Canceled by Customer,CID641005,Mini,Yeshwanthpur,Chickpet,,,Change of plans,Not Applicable,Not Applicable,Not Applicable,546,Not Applicable,0,,
2024-07-22 12:52:00,CNR2059713484,Success,CID402791,Auto,Electronic City,Hulimavu,168.0,40.0,Not Applicable,Not Applicable,No,Not Applicable,384,Cash,3,3.0,3.2
2024-07-24 03:23:00,CNR7766932997,Success,CID512068,Prime Sedan,Kengeri,Malleshwaram,196.0,110.0,Not Applicable,Not Applicable,No,Not Applicable,304,UPI,2,4.5,4.2
2024-07-11 03:21:00,CNR6580141570,Success,CID382182,Prime Plus,HSR Layout,Mysore Road,252.0,65.0,Not Applicable,Not Applicable,No,Not Applicable,265,Cash,20,3.7,4.9
2024-07-08 21:38:00,CNR9165732316,Success,CID628629,Mini,HSR Layout,Marathahalli,252.0,140.0,Not Applicable,Not Applicable,No,Not Applicable,216,Cash,2,3.3,3.1
2024-07-19 15:08:00,CNR3545814726,Success,CID290700,eBike,Tumkur Road,Hulimavu,301.0,95.0,Not Applicable,Not Applicable,No,Not Applicable,479,Cash,40,3.3,4.0
2024-07-26 23:29:00,CNR8395750379,Success,CID724770,Mini,Shivajinagar,Nagarbhavi,112.0,65.0,Not Applicable,Not Applicable,No,Not Applicable,882,Cash,9,3.8,4.0
2024-07-04 15:06:00,CNR5303152457,Success,CID343678,eBike,BTM Layout,Majestic,63.0,45.0,Not Applicable,Not Applicable,No,Not Applicable,840,UPI,28,4.1,4.7
2024-07-18 08:08:00,CNR5681271683,Driver Not Found,CID452566,Prime SUV,Majestic,Whitefield,,,Not Applicable,Not Applicable,Not Applicable,Not Applicable,694,Not Applicable,0,,
2024-07-12 20:52:00,CNR4900325594,Canceled by Driver,CID952406,Auto,Yelahanka,Shivajinagar,,,Not Applicable,Personal & Car related issue,Not Applicable,Not Applicable,367,Not Applicable,0,,
2024-07-22 16:40:00,CNR6064783113,Success,CID793293,Prime Sedan,RT Nagar,BTM Layout,217.0,110.0,Not Applicable,Not Applicable,No,Not Applicable,727,Cash,15,4.8,4.6
2024-07-09 17:55:00,CNR3730968949,Canceled by Driver,CID724904,eBike,Vijayanagar,Electronic City,,,Not Applicable,Personal & Car related issue,Not Applicable,Not Applicable,934,Not Applicable,0,,
2024-07-26 15:56:00,CNR2998802206,Success,CID221449,Bike,Sarjapur Road,Kengeri,168.0,145.0,Not Applicable,Not Applicable,No,Not Applicable,332,UPI,36,4.8,4.5
2024-07-25 19:59:00,CNR6344443148,Canceled by Driver,CID538897,Prime Plus,JP Nagar,Majestic,,,Not Applicable,Personal & Car related issue,Not Applicable,Not Applicable,111,Not Applicable,0,,
2024-07-04 18:55:00,CNR3515029423,Driver Not Found,CID418647,Prime Sedan,Nagarbhavi,JP Nagar,,,Not Applicable,Not Applicable,Not Applicable,Not Applicable,924,Not Applicable,0,,
2024-07-06 08:22:00,CNR6661439024,Success,CID684533,eBike,Kengeri,Electronic City,294.0,70.0,Not Applicable,Not Applicable,No,Not Applicable,180,Cash,35,5.0,3.5
2024-07-19 17:39:00,CNR6711801762,Success,CID927960,Bike,Banashankari,Mysore Road,91.0,90.0,Not Applicable,Not Applicable,No,Not Applicable,401,UPI,5,3.3,4.9
2024-07-30 17:22:00,CNR2297236591,Success,CID675232,Prime Sedan,Koramangala,Kengeri,217.0,85.0,Not Applicable,Not Applicable,No,Not Applicable,160,UPI,34,4.7,4.6
2024-07-03 02:31:00,CNR9496674803,Canceled by Driver,CID698186,Bike,Rajajinagar,Majestic,,,Not Applicable,More than permitted people in there,Not Applicable,Not Applicable,1951,Not Applicable,0,,
2024-07-14 00:11:00,CNR2893996594,Success,CID821651,Mini,Hennur,Sarjapur Road,266.0,65.0,Not Applicable,Not Applicable,No,Not Applicable,705,Cash,2,3.3,3.2
2024-07-12 15:31:00,CNR4095645493,Success,CID985777,Auto,Malleshwaram,Varthur,308.0,50.0,Not Applicable,Not Applicable,Yes,Customer Demand,105,Cash,4,3.7,4.2
2024-07-21 15:07:00,CNR7118960997,Success,CID551478,eBike,Majestic,Basavanagudi,266.0,70.0,Not Applicable,Not Applicable,Yes,Other Issue,390,Cash,35,4.0,4.2
2024-07-06 07:24:00,CNR5934183577,Success,CID836363,Mini,Nagarbhavi,Ulsoor,133.0,105.0,Not Applicable,Not Applicable,No,Not Applicable,183,Cash,17,4.2,4.4
2024-07-08 11:31:00,CNR4966817035,Success,CID405780,Prime Plus,Bannerghatta Road,Shivajinagar,63.0,50.0,Not Applicable,Not Applicable,No,Not Applicable,283,Cash,47,4.7,4.0
2024-07-15 13:18:00,CNR2216087092,Canceled by Customer,CID224784,Mini,Bannerghatta Road,MG Road,,,Driver asked to cancel,Not Applicable,Not Applicable,Not Applicable,142,Not Applicable,0,,
2024-07-05 02:17:00,CNR4247674884,Canceled by Customer,CID994994,Bike,Koramangala,Sarjapur Road,,,Driver is not moving towards pickup location,Not Applicable,Not Applicable,Not Applicable,488,Not Applicable,0,,
2024-07-19 07:41:00,CNR1683292143,Canceled by Driver,CID987674,Auto,Chickpet,Hennur,,,Not Applicable,Customer related issue,Not Applicable,Not Applicable,996,Not Applicable,0,,
2024-07-23 03:13:00,CNR8052060554,Driver Not Found,CID316651,Prime SUV,Rajarajeshwari Nagar,Bannerghatta Road,,,Not Applicable,Not Applicable,Not Applicable,Not Applicable,465,Not Applicable,0,,
2024-07-25 09:02:00,CNR9917760444,Success,CID162208,Bike,Basavanagudi,Langford Town,252.0,25.0,Not Applicable,Not Applicable,No,Not Applicable,644,Debit Card,39,3.2,4.6
2024-07-03 13:43:00,CNR5869742497,Success,CID535715,Prime Plus,Yelahanka,Frazer Town,259.0,120.0,Not Applicable,Not Applicable,Yes,Customer Demand,369,Cash,7,4.0,4.7
2024-07-21 01:20:00,CNR4886044308,Success,CID194271,Mini,Mysore Road,JP Nagar,182.0,75.0,Not Applicable,Not Applicable,No,Not Applicable,303,UPI,10,3.0,3.0
2024-07-26 11:48:00,CNR8215304774,Canceled by Customer,CID440470,Bike,Padmanabhanagar,Tumkur Road,,,Driver asked to cancel,Not Applicable,Not Applicable,Not Applicable,421,Not Applicable,0,,
2024-07-08 12:30:00,CNR5816039541,Canceled by Customer,CID542037,Bike,Ramamurthy Nagar,Yeshwanthpur,,,Change of plans,Not Applicable,Not Applicable,Not Applicable,1747,Not Applicable,0,,
2024-07-10 23:44:00,CNR4317041240,Driver Not Found,CID184943,Auto,Richmond Town,Hosur Road,,,Not Applicable,Not Applicable,Not Applicable,Not Applicable,134,Not Applicable,0,,
2024-07-24 05:09:00,CNR1935701861,Success,CID649117,Prime SUV,KR Puram,Bannerghatta Road,105.0,80.0,Not Applicable,Not Applicable,No,Not Applicable,419,UPI,28,4.7,3.6
2024-07-04 01:31:00,CNR9231537012,Driver Not Found,CID868936,Mini,Sarjapur Road,BTM Layout,,,Not Applicable,Not Applicable,Not Applicable,Not Applicable,2835,Not Applicable,0,,
2024-07-07 02:06:00,CNR5513038581,Success,CID942503,eBike,Kadugodi,Shantinagar,203.0,135.0,Not Applicable,Not Applicable,No,Not Applicable,706,Credit Card,47,3.9,4.4
2024-07-03 12:51:00,CNR6107023791,Success,CID321165,Mini,Ramamurthy Nagar,Basavanagudi,259.0,70.0,Not Applicable,Not Applicable,No,Not Applicable,323,UPI,36,4.2,4.2
2024-07-09 20:52:00,CNR1580632284,Success,CID720432,Prime Sedan,RT Nagar,Koramangala,301.0,125.0,Not Applicable,Not Applicable,No,Not Applicable,480,UPI,36,3.2,4.7
2024-07-21 19:07:00,CNR5943504691,Success,CID614452,Auto,Chickpet,Electronic City,252.0,125.0,Not Applicable,Not Applicable,No,Not Applicable,484,Cash,11,3.6,4.3
2024-07-25 22:54:00,CNR9073573402,Success,CID457283,Bike,Majestic,Mysore Road,147.0,105.0,Not Applicable,Not Applicable,No,Not Applicable,251,UPI,22,4.8,3.0
2024-07-08 00:23:00,CNR3898553364,Success,CID228565,Auto,Majestic,Ulsoor,56.0,90.0,Not Applicable,Not Applicable,No,Not Applicable,330,Cash,3,4.8,4.6
2024-07-06 17:20:00,CNR8850012341,Canceled by Customer,CID970311,Mini,HSR Layout,Majestic,,,Driver is not moving towards pickup location,Not Applicable,Not Applicable,Not Applicable,259,Not Applicable,0,,
2024-07-08 10:18:00,CNR1336214089,Canceled by Driver,CID700559,Prime Plus,Devanahalli,Nagarbhavi,,,Not Applicable,Personal & Car related issue,Not Applicable,Not Applicable,958,Not Applicable,0,,
2024-07-05 08:42:00,CNR3830811240,Success,CID491546,Prime Plus,MG Road,Frazer Town,238.0,115.0,Not Applicable,Not Applicable,No,Not Applicable,363,Cash,34,3.6,4.6
2024-07-03 22:12:00,CNR5358365702,Success,CID794789,Prime Plus,Kadugodi,Whitefield,161.0,135.0,Not Applicable,Not Applicable,No,Not Applicable,1375,UPI,42,4.3,3.4
2024-07-18 03:08:00,CNR4317824007,Success,CID470518,Prime SUV,Ramamurthy Nagar,Richmond Town,196.0,130.0,Not Applicable,Not Applicable,No,Not Applicable,475,Cash,41,3.3,3.3
2024-07-24 16:56:00,CNR7309632031,Canceled by Driver,CID761257,Prime SUV,Chamarajpet,Yeshwanthpur,,,Not Applicable,Personal & Car related issue,Not Applicable,Not Applicable,301,Not Applicable,0,,
2024-07-09 22:05:00,CNR6079971882,Success,CID505640,Prime SUV,Frazer Town,Hulimavu,182.0,55.0,Not Applicable,Not Applicable,No,Not Applicable,916,UPI,5,3.5,3.8
2024-07-13 08:13:00,CNR2758316066,Canceled by Driver,CID246065,Auto,Rajarajeshwari Nagar,HSR Layout,,,Not Applicable,Personal & Car related issue,Not Applicable,Not Applicable,335,Not Applicable,0,,
2024-07-17 19:44:00,CNR3927208167,Success,CID664943,eBike,Chamarajpet,BTM Layout,245.0,70.0,Not Applicable,Not Applicable,No,Not Applicable,300,UPI,13,4.5,4.2
2024-07-24 00:06:00,CNR6422954704,Success,CID410804,Auto,Richmond Town,Langford Town,35.0,90.0,Not Applicable,Not Applicable,Yes,Vehicle Breakdown,563,Cash,1,3.1,3.3
2024-07-21 20:14:00,CNR3263773592,Success,CID929843,Prime Sedan,Bellandur,Indiranagar,133.0,95.0,Not Applicable,Not Applicable,No,Not Applicable,875,UPI,42,3.1,4.0
2024-07-10 18:04:00,CNR9018018218,Canceled by Driver,CID918196,Bike,HSR Layout,Rajarajeshwari Nagar,,,Not Applicable,Personal & Car related issue,Not Applicable,Not Applicable,911,Not Applicable,0,,
2024-07-14 19:24:00,CNR7448345217,Driver Not Found,CID355995,Prime Plus,Devanahalli,Peenya,,,Not Applicable,Not Applicable,Not Applicable,Not Applicable,789,Not Applicable,0,,
2024-07-22 19:56:00,CNR4925075609,Success,CID222849,Prime SUV,Shantinagar,Sahakar Nagar,133.0,95.0,Not Applicable,Not Applicable,No,Not Applicable,2922,UPI,18,4.9,4.7
2024-07-29 22:02:00,CNR8253897163,Success,CID251124,Bike,Rajarajeshwari Nagar,Devanahalli,210.0,120.0,Not Applicable,Not Applicable,No,Not Applicable,871,Cash,13,3.1,4.8
2024-07-09 02:32:00,CNR6299254167,Canceled by Driver,CID940666,Mini,Vijayanagar,Kadugodi,,,Not Applicable,Customer related issue,Not Applicable,Not Applicable,259,Not Applicable,0,,
2024-07-20 00:52:00,CNR9648933442,Success,CID100275,eBike,Magadi Road,Yelahanka,91.0,70.0,Not Applicable,Not Applicable,No,Not Applicable,234,Cash,25,4.8,4.6
2024-07-12 23:39:00,CNR3154399535,Success,CID339826,Bike,Chickpet,Marathahalli,147.0,110.0,Not Applicable,Not Applicable,No,Not Applicable,997,Cash,38,3.6,4.6
2024-07-18 19:39:00,CNR1955142659,Success,CID362284,eBike,Rajajinagar,Basavanagudi,84.0,115.0,Not Applicable,Not Applicable,No,Not Applicable,352,UPI,36,4.0,3.3
2024-07-19 17:19:00,CNR5997757955,Success,CID666867,Mini,Hennur,Majestic,133.0,95.0,Not Applicable,Not Applicable,No,Not Applicable,279,Cash,44,4.2,4.2
2024-07-29 22:56:00,CNR4734825006,Success,CID470719,Prime SUV,Sahakar Nagar,Yeshwanthpur,70.0,55.0,Not Applicable,Not Applicable,No,Not Applicable,282,Cash,3,4.1,3.0
2024-07-07 23:51:00,CNR4910667501,Canceled by Driver,CID500772,Bike,Sahakar Nagar,Ramamurthy Nagar,,,Not Applicable,Personal & Car related issue,Not Applicable,Not Applicable,166,Not Applicable,0,,
2024-07-03 16:06:00,CNR7498121879,Canceled by Driver,CID968740,Auto,Yelahanka,Kengeri,,,Not Applicable,Customer was coughing/sick,Not Applicable,Not Applicable,2839,Not Applicable,0,,
2024-07-30 12:17:00,CNR8447366112,Canceled by Driver,CID759360,Prime Plus,Bannerghatta Road,Basavanagudi,,,Not Applicable,Personal & Car related issue,Not Applicable,Not Applicable,395,Not Applicable,0,,
2024-07-06 00:26:00,CNR8868743860,Success,CID200241,Prime SUV,Padmanabhanagar,Malleshwaram,182.0,30.0,Not Applicable,Not Applicable,No,Not Applicable,360,Cash,47,4.3,3.4
2024-07-16 10:24:00,CNR6753859926,Success,CID578463,Prime Sedan,Malleshwaram,Hebbal,217.0,25.0,Not Applicable,Not Applicable,No,Not Applicable,470,Cash,9,4.4,3.8
2024-07-14 15:52:00,CNR7282807196,Canceled by Driver,CID958739,eBike,Hennur,Sarjapur Road,,,Not Applicable,Personal & Car related issue,Not Applicable,Not Applicable,109,Not Applicable,0,,
2024-07-07 17:37:00,CNR8561007092,Success,CID712007,Auto,KR Puram,Malleshwaram,119.0,30.0,Not Applicable,Not Applicable,No,Not Applicable,766,Cash,19,3.9,4.4
2024-07-21 02:29:00,CNR9437134848,Success,CID694169,Bike,Jayanagar,KR Puram,147.0,75.0,Not Applicable,Not Applicable,No,Not Applicable,142,UPI,13,4.0,4.0
2024-07-08 21:59:00,CNR3639516486,Canceled by Customer,CID287200,eBike,Chamarajpet,KR Puram,,,Driver is not moving towards pickup location,Not Applicable,Not Applicable,Not Applicable,401,Not Applicable,0,,
2024-07-11 13:05:00,CNR9037886653,Success,CID119869,eBike,Jayanagar,Rajajinagar,154.0,80.0,Not Applicable,Not Applicable,No,Not Applicable,2198,Credit Card,1,4.7,3.2
2024-07-30 19:16:00,CNR7170966885,Canceled by Customer,CID413130,Mini,Richmond Town,Vijayanagar,,,Change of plans,Not Applicable,Not Applicable,Not Applicable,212,Not Applicable,0,,
2024-07-21 22:10:00,CNR6551896448,Success,CID400635,eBike,Richmond Town,Cox Town,203.0,145.0,Not Applicable,Not Applicable,No,Not Applicable,280,UPI,49,3.2,3.1
2024-07-16 23:32:00,CNR1538248959,Success,CID842988,Prime Plus,Rajarajeshwari Nagar,Banashankari,91.0,85.0,Not Applicable,Not Applicable,No,Not Applicable,139,UPI,35,3.1,3.9
2024-07-11 06:10:00,CNR4290873913,Success,CID308763,Prime Plus,Ulsoor,Kadugodi,266.0,40.0,Not Applicable,Not Applicable,No,Not Applicable,303,Cash,42,3.5,4.8
2024-07-09 10:24:00,CNR8410267072,Success,CID568456,Prime SUV,Electronic City,Mysore Road,133.0,110.0,Not Applicable,Not Applicable,No,Not Applicable,278,UPI,29,4.0,3.3
2024-07-29 11:03:00,CNR8951614828,Success,CID796137,Prime Sedan,Bellandur,Sahakar Nagar,49.0,25.0,Not Applicable,Not Applicable,No,Not Applicable,104,UPI,23,3.4,3.8
2024-07-22 06:08:00,CNR5027730651,Driver Not Found,CID776566,eBike,Hebbal,Malleshwaram,,,Not Applicable,Not Applicable,Not Applicable,Not Applicable,232,Not Applicable,0,,
2024-07-04 17:03:00,CNR1510825429,Success,CID910815,Bike,Marathahalli,Malleshwaram,91.0,65.0,Not Applicable,Not Applicable,No,Not Applicable,327,Cash,14,3.6,4.3
2024-07-21 13:30:00,CNR7175586358,Success,CID297696,Auto,Bannerghatta Road,Hennur,133.0,105.0,Not Applicable,Not Applicable,No,Not Applicable,886,UPI,15,5.0,4.4
2024-07-30 02:08:00,CNR3859268155,Success,CID467933,Auto,Sahakar Nagar,Shantinagar,266.0,115.0,Not Applicable,Not Applicable,No,Not Applicable,156,Cash,5,4.5,3.3
2024-07-13 10:33:00,CNR7494800051,Success,CID816614,Prime Sedan,Cox Town,Langford Town,140.0,130.0,Not Applicable,Not Applicable,Yes,Vehicle Breakdown,110,Cash,17,3.8,4.1
2024-07-05 22:53:00,CNR4614016831,Canceled by Customer,CID796296,Mini,JP Nagar,HSR Layout,,,AC is Not working,Not Applicable,Not Applicable,Not Applicable,382,Not Applicable,0,,
2024-07-02 12:18:00,CNR1676167403,Canceled by Driver,CID388027,Prime Plus,Peenya,Hebbal,,,Not Applicable,Customer related issue,Not Applicable,Not Applicable,345,Not Applicable,0,,
2024-07-22 01:38:00,CNR2456580511,Driver Not Found,CID666106,Prime Plus,Sarjapur Road,MG Road,,,Not Applicable,Not Applicable,Not Applicable,Not Applicable,472,Not Applicable,0,,
2024-07-18 05:57:00,CNR9358090532,Success,CID864777,eBike,Yelahanka,Shantinagar,126.0,60.0,Not Applicable,Not Applicable,No,Not Applicable,2212,Cash,49,3.7,4.8
2024-07-10 16:22:00,CNR4769040475,Success,CID233723,Prime SUV,Chamarajpet,Koramangala,140.0,50.0,Not Applicable,Not Applicable,No,Not Applicable,156,UPI,17,4.1,4.9
2024-07-08 10:50:00,CNR9217699582,Success,CID551031,eBike,Richmond Town,Peenya,189.0,45.0,Not Applicable,Not Applicable,No,Not Applicable,447,UPI,32,3.8,4.9
2024-07-28 11:53:00,CNR2715569483,Canceled by Driver,CID474914,Prime Plus,Varthur,Vijayanagar,,,Not Applicable,Customer was coughing/sick,Not Applicable,Not Applicable,373,Not Applicable,0,,
2024-07-12 02:43:00,CNR3693110120,Canceled by Driver,CID343251,Prime Plus,BTM Layout,Whitefield,,,Not Applicable,Customer related issue,Not Applicable,Not Applicable,413,Not Applicable,0,,
2024-07-28 14:05:00,CNR1585537967,Success,CID406500,eBike,Sarjapur Road,Peenya,35.0,125.0,Not Applicable,Not Applicable,Yes,Customer Demand,2977,Cash,45,4.9,3.2
2024-07-28 06:00:00,CNR9129218585,Success,CID875479,Auto,Rajajinagar,Peenya,161.0,50.0,Not Applicable,Not Applicable,No,Not Applicable,426,UPI,3,4.7,4.7
2024-07-07 10:11:00,CNR8794474333,Success,CID404792,Prime Plus,Mysore Road,Peenya,63.0,30.0,Not Applicable,Not Applicable,No,Not Applicable,472,Cash,25,3.1,4.0
2024-07-18 18:22:00,CNR7502444744,Success,CID689082,Mini,Sarjapur Road,Chickpet,42.0,120.0,Not Applicable,Not Applicable,No,Not Applicable,256,Cash,25,3.1,4.3
2024-07-02 09:18:00,CNR1025828897,Success,CID503943,Prime Sedan,Bellandur,Kadugodi,287.0,80.0,Not Applicable,Not Applicable,No,Not Applicable,263,UPI,40,3.8,4.6
2024-07-17 19:52:00,CNR6361147655,Driver Not Found,CID350063,Prime Sedan,Devanahalli,Jayanagar,,,Not Applicable,Not Applicable,Not Applicable,Not Applicable,498,Not Applicable,0,,
2024-07-22 22:46:00,CNR7709896069,Success,CID437468,Mini,Mysore Road,Nagarbhavi,77.0,125.0,Not Applicable,Not Applicable,No,Not Applicable,163,Cash,26,3.4,4.2
2024-07-13 11:54:00,CNR8425841082,Success,CID405860,Prime SUV,Banashankari,Peenya,259.0,130.0,Not Applicable,Not Applicable,No,Not Applicable,492,Cash,34,4.3,4.6
2024-07-17 07:15:00,CNR9783255507,Canceled by Customer,CID968652,Prime SUV,Kammanahalli,Yeshwanthpur,,,Change of plans,Not Applicable,Not Applicable,Not Applicable,772,Not Applicable,0,,
2024-07-21 13:56:00,CNR9266834720,Success,CID669963,Auto,Chickpet,Kammanahalli,273.0,95.0,Not Applicable,Not Applicable,No,Not Applicable,292,Cash,9,3.6,3.3
2024-07-30 06:15:00,CNR4217208310,Success,CID702416,Auto,Hebbal,Chickpet,133.0,120.0,Not Applicable,Not Applicable,No,Not Applicable,506,UPI,16,4.9,4.7
2024-07-17 17:49:00,CNR9644748907,Success,CID141393,eBike,Hulimavu,Chamarajpet,287.0,110.0,Not Applicable,Not Applicable,No,Not Applicable,160,UPI,18,3.1,3.4
2024-07-16 08:40:00,CNR9331212171,Success,CID908275,Mini,Shantinagar,Marathahalli,119.0,70.0,Not Applicable,Not Applicable,No,Not Applicable,2596,UPI,4,3.8,4.9
2024-07-01 04:45:00,CNR7666405588,Success,CID402152,Prime SUV,Peenya,Frazer Town,105.0,95.0,Not Applicable,Not Applicable,No,Not Applicable,471,Credit Card,1,3.1,3.6
2024-07-07 05:46:00,CNR8463165708,Success,CID362356,Mini,Yeshwanthpur,Ulsoor,266.0,100.0,Not Applicable,Not Applicable,No,Not Applicable,138,UPI,9,3.9,4.1
2024-07-12 02:07:00,CNR5094973367,Driver Not Found,CID601701,Prime Plus,Devanahalli,Basavanagudi,,,Not Applicable,Not Applicable,Not Applicable,Not Applicable,362,Not Applicable,0,,
2024-07-05 05:13:00,CNR3704520593,Success,CID696545,Bike,Yelahanka,Langford Town,49.0,130.0,Not Applicable,Not Applicable,No,Not Applicable,671,Cash,13,3.8,3.1
2024-07-12 18:50:00,CNR8554297185,Canceled by Customer,CID206309,Prime SUV,Mysore Road,Basavanagudi,,,Driver is not moving towards pickup location,Not Applicable,Not Applicable,Not Applicable,458,Not Applicable,0,,
2024-07-09 07:10:00,CNR4441370045,Canceled by Driver,CID714196,Bike,Vijayanagar,Basavanagudi,,,Not Applicable,Customer related issue,Not Applicable,Not Applicable,403,Not Applicable,0,,
2024-07-04 05:06:00,CNR8799914232,Success,CID109051,Prime SUV,Chamarajpet,Devanahalli,308.0,25.0,Not Applicable,Not Applicable,No,Not Applicable,246,UPI,27,3.6,3.6
2024-07-30 17:28:00,CNR3393057625,Canceled by Driver,CID382651,Prime Plus,Malleshwaram,Hebbal,,,Not Applicable,More than permitted people in there,Not Applicable,Not Applicable,448,Not Applicable,0,,
2024-07-14 15:35:00,CNR3260214340,Success,CID734606,Prime SUV,Jayanagar,Indiranagar,259.0,65.0,Not Applicable,Not Applicable,No,Not Applicable,319,Cash,49,4.0,4.3
2024-07-17 11:56:00,CNR1957357199,Canceled by Customer,CID426030,Auto,Hebbal,Malleshwaram,,,Wrong Address,Not Applicable,Not Applicable,Not Applicable,903,Not Applicable,0,,
2024-07-19 16:41:00,CNR9287865988,Canceled by Customer,CID335861,Prime Sedan,Sarjapur Road,Frazer Town,,,Driver asked to cancel,Not Applicable,Not Applicable,Not Applicable,258,Not Applicable,0,,
2024-07-22 15:51:00,CNR5197249053,Success,CID523658,Prime Plus,Mysore Road,Langford Town,168.0,40.0,Not Applicable,Not Applicable,No,Not Applicable,866,UPI,45,4.0,3.3
2024-07-27 07:44:00,CNR2375312330,Success,CID273906,eBike,Hosur Road,HSR Layout,224.0,145.0,Not Applicable,Not Applicable,No,Not Applicable,533,Cash,3,3.9,4.6
2024-07-03 05:55:00,CNR5688597027,Success,CID623746,Prime Plus,Kengeri,Mysore Road,273.0,135.0,Not Applicable,Not Applicable,No,Not Applicable,113,Cash,18,4.1,4.2
2024-07-09 11:17:00,CNR6060869001,Success,CID933323,Bike,Malleshwaram,HSR Layout,280.0,125.0,Not Applicable,Not Applicable,No,Not Applicable,482,UPI,26,4.8,3.2
2024-07-15 02:31:00,CNR3554146491,Success,CID575526,eBike,BTM Layout,Richmond Town,231.0,145.0,Not Applicable,Not Applicable,No,Not Applicable,306,Cash,48,3.8,3.9
2024-07-26 16:57:00,CNR5046930731,Success,CID887498,Auto,Malleshwaram,Chamarajpet,112.0,105.0,Not Applicable,Not Applicable,No,Not Applicable,1078,Cash,17,3.1,3.5
2024-07-01 15:29:00,CNR5061982459,Canceled by Driver,CID138910,Bike,Hebbal,Mysore Road,,,Not Applicable,More than permitted people in there,Not Applicable,Not Applicable,141,Not Applicable,0,,
2024-07-23 07:44:00,CNR8592055291,Driver Not Found,CID795725,Mini,Majestic,Frazer Town,,,Not Applicable,Not Applicable,Not Applicable,Not Applicable,383,Not Applicable,0,,
2024-07-04 21:11:00,CNR9658103569,Success,CID530918,Prime Plus,Yeshwanthpur,KR Puram,196.0,85.0,Not Applicable,Not Applicable,No,Not Applicable,433,Cash,18,4.5,4.0
2024-07-30 14:03:00,CNR6599132331,Success,CID615008,Bike,Bellandur,Shantinagar,182.0,130.0,Not Applicable,Not Applicable,No,Not Applicable,403,UPI,9,3.3,3.0
2024-07-01 10:53:00,CNR1276631381,Success,CID263067,Prime SUV,Yelahanka,Marathahalli,91.0,120.0,Not Applicable,Not Applicable,No,Not Applicable,572,Cash,19,4.1,3.5
2024-07-23 09:28:00,CNR1270692191,Driver Not Found,CID441731,Prime SUV,Yeshwanthpur,Hulimavu,,,Not Applicable,Not Applicable,Not Applicable,Not Applicable,204,Not Applicable,0,,
2024-07-28 15:57:00,CNR8957055933,Canceled by Driver,CID727949,Mini,KR Puram,Electronic City,,,Not Applicable,Personal & Car related issue,Not Applicable,Not Applicable,174,Not Applicable,0,,
2024-07-03 08:43:00,CNR4663249486,Driver Not Found,CID413424,eBike,BTM Layout,Frazer Town,,,Not Applicable,Not Applicable,Not Applicable,Not Applicable,172,Not Applicable,0,,
2024-07-03 05:53:00,CNR9572875015,Success,CID178612,Auto,Nagarbhavi,Electronic City,84.0,50.0,Not Applicable,Not Applicable,No,Not Applicable,2464,Cash,17,4.3,4.0
2024-07-30 14:07:00,CNR5350649536,Success,CID887688,Bike,Shantinagar,Sahakar Nagar,259.0,50.0,Not Applicable,Not Applicable,No,Not Applicable,323,UPI,41,4.8,3.8
2024-07-04 14:05:00,CNR6683760420,Success,CID537941,eBike,Langford Town,Banashankari,35.0,90.0,Not Applicable,Not Applicable,No,Not Applicable,123,UPI,21,4.3,3.3
2024-07-03 08:35:00,CNR7245362257,Success,CID672708,Prime Plus,Tumkur Road,Sahakar Nagar,112.0,25.0,Not Applicable,Not Applicable,No,Not Applicable,2412,UPI,8,4.6,3.8
2024-07-21 09:15:00,CNR5416096686,Success,CID836813,Prime Sedan,KR Puram,Chamarajpet,273.0,40.0,Not Applicable,Not Applicable,No,Not Applicable,421,UPI,47,3.2,3.9
2024-07-03 00:45:00,CNR6894326652,Success,CID478827,Prime Sedan,Hennur,Frazer Town,98.0,135.0,Not Applicable,Not Applicable,No,Not Applicable,484,UPI,23,4.5,4.9
2024-07-14 07:32:00,CNR2060818690,Driver Not Found,CID408111,Mini,Padmanabhanagar,Rajajinagar,,,Not Applicable,Not Applicable,Not Applicable,Not Applicable,144,Not Applicable,0,,
2024-07-05 09:46:00,CNR3182131257,Success,CID627582,Prime Plus,Kammanahalli,Sahakar Nagar,224.0,55.0,Not Applicable,Not Applicable,No,Not Applicable,323,UPI,32,4.6,4.3
2024-07-23 13:20:00,CNR5908763353,Success,CID498023,Prime Plus,Nagarbhavi,Marathahalli,210.0,35.0,Not Applicable,Not Applicable,No,Not Applicable,378,Cash,18,3.4,3.6
2024-07-09 09:41:00,CNR5356981208,Success,CID923231,Prime Plus,Kengeri,Chickpet,301.0,130.0,Not Applicable,Not Applicable,No,Not Applicable,484,UPI,39,3.9,3.4
2024-07-26 01:42:00,CNR5818411777,Canceled by Driver,CID635670,Mini,Cox Town,Kengeri,,,Not Applicable,More than permitted people in there,Not Applicable,Not Applicable,334,Not Applicable,0,,
2024-07-12 11:08:00,CNR3799924574,Success,CID764981,Bike,Whitefield,HSR Layout,301.0,25.0,Not Applicable,Not Applicable,No,Not Applicable,486,Cash,13,4.3,4.1
2024-07-08 10:32:00,CNR1153601554,Success,CID550838,Auto,Richmond Town,Hulimavu,175.0,60.0,Not Applicable,Not Applicable,No,Not Applicable,1689,Cash,17,3.1,4.7
2024-07-07 07:20:00,CNR9606145671,Success,CID237853,Bike,Basavanagudi,Indiranagar,84.0,95.0,Not Applicable,Not Applicable,No,Not Applicable,419,Cash,20,3.6,4.7
2024-07-04 05:57:00,CNR2977091804,Success,CID149574,Auto,Shivajinagar,Varthur,217.0,90.0,Not Applicable,Not Applicable,No,Not Applicable,374,UPI,2,4.3,4.5
2024-07-16 15:09:00,CNR5640207479,Canceled by Driver,CID762836,Auto,Rajajinagar,Yelahanka,,,Not Applicable,Customer related issue,Not Applicable,Not Applicable,1189,Not Applicable,0,,
2024-07-16 07:35:00,CNR2066746806,Success,CID428427,Prime Plus,Rajajinagar,Hulimavu,231.0,65.0,Not Applicable,Not Applicable,No,Not Applicable,352,Cash,19,4.1,4.9
2024-07-15 16:13:00,CNR4573750609,Success,CID854564,Prime Plus,Indiranagar,Shantinagar,301.0,70.0,Not Applicable,Not Applicable,No,Not Applicable,198,Cash,20,3.8,3.3
2024-07-30 21:24:00,CNR6303012726,Canceled by Driver,CID369216,Auto,HSR Layout,Chamarajpet,,,Not Applicable,More than permitted people in there,Not Applicable,Not Applicable,251,Not Applicable,0,,
2024-07-13 10:25:00,CNR9720493940,Success,CID982411,Prime SUV,Kammanahalli,Shivajinagar,259.0,40.0,Not Applicable,Not Applicable,No,Not Applicable,838,Cash,11,4.9,3.7
2024-07-04 17:07:00,CNR3160156133,Success,CID185897,Mini,BTM Layout,Sarjapur Road,182.0,130.0,Not Applicable,Not Applicable,No,Not Applicable,309,Cash,16,4.2,3.5
2024-07-30 04:18:00,CNR1197071271,Canceled by Driver,CID569805,Mini,Sahakar Nagar,Sarjapur Road,,,Not Applicable,Customer was coughing/sick,Not Applicable,Not Applicable,994,Not Applicable,0,,
2024-07-25 00:56:00,CNR7848311151,Driver Not Found,CID370852,Mini,Richmond Town,Marathahalli,,,Not Applicable,Not Applicable,Not Applicable,Not Applicable,367,Not Applicable,0,,
2024-07-19 18:01:00,CNR1291058002,Success,CID530572,Bike,Indiranagar,Majestic,105.0,145.0,Not Applicable,Not Applicable,No,Not Applicable,230,Cash,14,4.5,4.5
2024-07-05 22:32:00,CNR7471396281,Success,CID384418,Bike,Malleshwaram,Chickpet,119.0,70.0,Not Applicable,Not Applicable,No,Not Applicable,337,UPI,18,3.1,4.9
2024-07-02 02:45:00,CNR6124413431,Success,CID504457,Prime Plus,Yeshwanthpur,Shivajinagar,301.0,100.0,Not Applicable,Not Applicable,No,Not Applicable,362,Cash,46,3.5,3.4
2024-07-14 12:42:00,CNR4118985173,Success,CID112234,Prime SUV,Magadi Road,HSR Layout,238.0,140.0,Not Applicable,Not Applicable,No,Not Applicable,382,UPI,25,3.7,5.0
2024-07-10 01:44:00,CNR3303172201,Success,CID326318,Bike,Langford Town,Marathahalli,35.0,140.0,Not Applicable,Not Applicable,No,Not Applicable,492,UPI,5,4.2,4.8
2024-07-03 00:19:00,CNR5414003488,Success,CID605290,Bike,Marathahalli,Magadi Road,266.0,115.0,Not Applicable,Not Applicable,No,Not Applicable,490,UPI,6,4.5,4.5
2024-07-16 05:03:00,CNR4749766263,Canceled by Driver,CID622743,Mini,Langford Town,Electronic City,,,Not Applicable,Customer related issue,Not Applicable,Not Applicable,186,Not Applicable,0,,
2024-07-07 23:14:00,CNR8551274254,Success,CID975634,Auto,Devanahalli,MG Road,91.0,25.0,Not Applicable,Not Applicable,No,Not Applicable,227,Cash,3,4.6,3.4
2024-07-14 14:37:00,CNR7858637656,Canceled by Driver,CID729918,Prime Sedan,Chickpet,Frazer Town,,,Not Applicable,Customer was coughing/sick,Not Applicable,Not Applicable,370,Not Applicable,0,,
2024-07-21 04:34:00,CNR3252168246,Success,CID482734,Auto,Sarjapur Road,Rajajinagar,105.0,125.0,Not Applicable,Not Applicable,No,Not Applicable,415,Cash,7,4.7,4.7
2024-07-09 00:24:00,CNR3990400369,Canceled by Customer,CID668922,Mini,Rajarajeshwari Nagar,BTM Layout,,,Driver is not moving towards pickup location,Not Applicable,Not Applicable,Not Applicable,952,Not Applicable,0,,
2024-07-26 16:38:00,CNR5524280284,Canceled by Customer,CID618398,Prime SUV,Electronic City,Koramangala,,,Driver asked to cancel,Not Applicable,Not Applicable,Not Applicable,400,Not Applicable,0,,
2024-07-28 10:59:00,CNR7287755411,Success,CID430535,Prime Plus,Bannerghatta Road,Cox Town,175.0,35.0,Not Applicable,Not Applicable,Yes,Vehicle Breakdown,141,UPI,23,4.1,3.7
2024-07-25 03:57:00,CNR9262739876,Canceled by Driver,CID107370,eBike,Bellandur,Koramangala,,,Not Applicable,More than permitted people in there,Not Applicable,Not Applicable,725,Not Applicable,0,,
2024-07-26 03:57:00,CNR2281847725,Success,CID234369,Prime SUV,Sahakar Nagar,Rajarajeshwari Nagar,168.0,110.0,Not Applicable,Not Applicable,No,Not Applicable,146,Cash,43,4.5,4.4
2024-07-04 11:37:00,CNR3743899223,Success,CID817736,Mini,Tumkur Road,HSR Layout,189.0,125.0,Not Applicable,Not Applicable,Yes,Customer Demand,258,Cash,1,4.4,4.8
2024-07-09 17:12:00,CNR5322234870,Success,CID429398,Prime SUV,Chickpet,Yelahanka,133.0,140.0,Not Applicable,Not Applicable,No,Not Applicable,631,Cash,13,3.8,3.5
2024-07-20 10:41:00,CNR1383445698,Success,CID276099,Prime SUV,Devanahalli,MG Road,105.0,95.0,Not Applicable,Not Applicable,No,Not Applicable,497,Cash,15,4.6,4.5
2024-07-08 02:51:00,CNR4363494887,Driver Not Found,CID201657,Bike,Hosur Road,Frazer Town,,,Not Applicable,Not Applicable,Not Applicable,Not Applicable,1265,Not Applicable,0,,
2024-07-27 16:08:00,CNR9132858605,Success,CID709029,Bike,Whitefield,Malleshwaram,56.0,135.0,Not Applicable,Not Applicable,No,Not Applicable,2095,UPI,49,4.8,4.0
2024-07-01 12:05:00,CNR8280551179,Canceled by Driver,CID574580,Prime Plus,Richmond Town,RT Nagar,,,Not Applicable,Personal & Car related issue,Not Applicable,Not Applicable,152,Not Applicable,0,,
2024-07-19 03:11:00,CNR2445950625,Canceled by Customer,CID586195,Prime Sedan,Banashankari,Hennur,,,Driver asked to cancel,Not Applicable,Not Applicable,Not Applicable,321,Not Applicable,0,,
2024-07-28 10:10:00,CNR1720714485,Canceled by Driver,CID546994,Prime Sedan,Malleshwaram,Hulimavu,,,Not Applicable,Customer related issue,Not Applicable,Not Applicable,362,Not Applicable,0,,
2024-07-23 08:59:00,CNR1652783304,Success,CID475379,Mini,Langford Town,Marathahalli,105.0,55.0,Not Applicable,Not Applicable,No,Not Applicable,305,Cash,42,4.3,3.6
2024-07-23 20:34:00,CNR5400927005,Success,CID304240,Prime Plus,Kadugodi,Padmanabhanagar,77.0,70.0,Not Applicable,Not Applicable,Yes,Customer Demand,441,UPI,38,4.8,4.3
2024-07-07 03:59:00,CNR2720407532,Canceled by Driver,CID278004,eBike,Mysore Road,Banashankari,,,Not Applicable,More than permitted people in there,Not Applicable,Not Applicable,752,Not Applicable,0,,
2024-07-28 03:05:00,CNR2917964480,Success,CID240578,Bike,RT Nagar,Varthur,91.0,35.0,Not Applicable,Not Applicable,No,Not Applicable,222,Cash,2,4.9,4.3
2024-07-10 00:11:00,CNR7742076097,Success,CID873180,eBike,Mysore Road,Hosur Road,308.0,25.0,Not Applicable,Not Applicable,No,Not Applicable,219,Cash,40,4.2,4.2
2024-07-15 17:47:00,CNR9824574903,Canceled by Customer,CID492946,Mini,Malleshwaram,Electronic City,,,Driver is not moving towards pickup location,Not Applicable,Not Applicable,Not Applicable,171,Not Applicable,0,,
2024-07-06 08:13:00,CNR4279144719,Success,CID708139,Prime Plus,Magadi Road,Shantinagar,287.0,30.0,Not Applicable,Not Applicable,No,Not Applicable,355,UPI,12,4.7,4.8
2024-07-07 08:57:00,CNR7949281615,Success,CID584898,Prime Sedan,Hennur,Yelahanka,133.0,125.0,Not Applicable,Not Applicable,No,Not Applicable,724,Cash,30,3.1,4.2
2024-07-22 21:59:00,CNR1978697028,Success,CID714529,Auto,Koramangala,Cox Town,252.0,75.0,Not Applicable,Not Applicable,No,Not Applicable,335,UPI,8,3.1,3.7
2024-07-27 20:43:00,CNR2036259239,Driver Not Found,CID119471,Mini,Chamarajpet,Magadi Road,,,Not Applicable,Not Applicable,Not Applicable,Not Applicable,231,Not Applicable,0,,
2024-07-27 20:55:00,CNR4383469992,Success,CID593098,Mini,KR Puram,Malleshwaram,175.0,50.0,Not Applicable,Not Applicable,No,Not Applicable,1234,Cash,46,4.4,4.6
2024-07-06 06:40:00,CNR6875433869,Success,CID908881,Prime Sedan,Devanahalli,RT Nagar,147.0,105.0,Not Applicable,Not Applicable,No,Not Applicable,425,UPI,4,3.1,3.7
2024-07-04 22:38:00,CNR6990982893,Success,CID313616,Prime Sedan,Kammanahalli,Rajajinagar,287.0,110.0,Not Applicable,Not Applicable,No,Not Applicable,309,UPI,34,3.2,4.9
2024-07-12 01:58:00,CNR3731743207,Canceled by Customer,CID937866,eBike,Basavanagudi,Sahakar Nagar,,,Change of plans,Not Applicable,Not Applicable,Not Applicable,365,Not Applicable,0,,
2024-07-21 01:03:00,CNR1491747041,Success,CID185212,Prime Plus,Malleshwaram,JP Nagar,140.0,55.0,Not Applicable,Not Applicable,No,Not Applicable,492,Credit Card,7,3.9,3.6
2024-07-14 03:06:00,CNR1921152585,Driver Not Found,CID631540,Bike,Majestic,Jayanagar,,,Not Applicable,Not Applicable,Not Applicable,Not Applicable,490,Not Applicable,0,,
2024-07-02 17:06:00,CNR1824923380,Canceled by Driver,CID220478,Bike,BTM Layout,Nagarbhavi,,,Not Applicable,Customer related issue,Not Applicable,Not Applicable,687,Not Applicable,0,,
2024-07-29 08:19:00,CNR8180232309,Canceled by Driver,CID318122,Mini,Varthur,Kadugodi,,,Not Applicable,More than permitted people in there,Not Applicable,Not Applicable,905,Not Applicable,0,,
2024-07-02 09:45:00,CNR9198071017,Success,CID520581,Bike,BTM Layout,Langford Town,217.0,65.0,Not Applicable,Not Applicable,No,Not Applicable,716,UPI,32,4.2,3.7
2024-07-14 23:42:00,CNR1016760139,Canceled by Customer,CID265276,Prime Plus,Padmanabhanagar,HSR Layout,,,Driver is not moving towards pickup location,Not Applicable,Not Applicable,Not Applicable,803,Not Applicable,0,,
2024-07-19 17:02:00,CNR7959091877,Driver Not Found,CID443290,Mini,Hebbal,Ramamurthy Nagar,,,Not Applicable,Not Applicable,Not Applicable,Not Applicable,127,Not Applicable,0,,
2024-07-24 09:09:00,CNR7247522503,Success,CID618995,Prime Plus,Banashankari,Koramangala,49.0,40.0,Not Applicable,Not Applicable,No,Not Applicable,164,Debit Card,43,4.1,4.1
2024-07-04 16:22:00,CNR9740039367,Success,CID295275,Auto,Hennur,Hebbal,98.0,110.0,Not Applicable,Not Applicable,No,Not Applicable,305,Cash,3,4.6,4.0
2024-07-30 22:01:00,CNR3730121290,Driver Not Found,CID969744,Mini,Bellandur,HSR Layout,,,Not Applicable,Not Applicable,Not Applicable,Not Applicable,488,Not Applicable,0,,
2024-07-17 10:37:00,CNR6529312741,Success,CID867224,Prime Sedan,Yelahanka,Majestic,91.0,70.0,Not Applicable,Not Applicable,No,Not Applicable,900,Cash,36,4.3,4.3
2024-07-09 02:58:00,CNR1559365406,Success,CID728796,eBike,Langford Town,Ramamurthy Nagar,280.0,120.0,Not Applicable,Not Applicable,No,Not Applicable,101,Cash,9,3.9,3.3
2024-07-27 20:57:00,CNR2602243296,Success,CID978381,eBike,Langford Town,Majestic,154.0,60.0,Not Applicable,Not Applicable,No,Not Applicable,321,Cash,17,4.3,4.9
2024-07-04 22:49:00,CNR3389922570,Success,CID151660,Bike,Nagarbhavi,KR Puram,105.0,35.0,Not Applicable,Not Applicable,No,Not Applicable,255,Cash,2,4.8,4.2
2024-07-07 04:59:00,CNR5663141389,Driver Not Found,CID833648,eBike,Whitefield,Chickpet,,,Not Applicable,Not Applicable,Not Applicable,Not Applicable,771,Not Applicable,0,,
2024-07-28 12:01:00,CNR6934138906,Success,CID156568,Prime Sedan,Basavanagudi,Shantinagar,98.0,70.0,Not Applicable,Not Applicable,No,Not Applicable,104,UPI,2,3.5,3.6
2024-07-14 05:54:00,CNR2472323260,Canceled by Driver,CID368115,Mini,Rajajinagar,Hebbal,,,Not Applicable,Customer related issue,Not Applicable,Not Applicable,203,Not Applicable,0,,
2024-07-10 23:48:00,CNR8476497017,Success,CID359881,Prime Sedan,Rajajinagar,Bannerghatta Road,35.0,85.0,Not Applicable,Not Applicable,No,Not Applicable,1760,Cash,47,3.3,4.7
2024-07-03 07:32:00,CNR4022814473,Success,CID556379,Prime Sedan,Langford Town,Chamarajpet,266.0,85.0,Not Applicable,Not Applicable,No,Not Applicable,170,UPI,35,3.2,4.6
2024-07-01 04:33:00,CNR5635866949,Success,CID181425,Prime Plus,Marathahalli,Jayanagar,63.0,65.0,Not Applicable,Not Applicable,No,Not Applicable,680,Cash,31,4.7,4.9
2024-07-02 15:48:00,CNR3611515699,Success,CID635172,eBike,MG Road,Mysore Road,91.0,25.0,Not Applicable,Not Applicable,No,Not Applicable,991,UPI,15,4.8,3.0
2024-07-04 03:55:00,CNR6794663818,Success,CID984053,Auto,Hosur Road,Marathahalli,266.0,50.0,Not Applicable,Not Applicable,No,Not Applicable,229,Credit Card,1,3.8,3.2
2024-07-08 15:03:00,CNR9777397393,Success,CID220189,Prime Plus,BTM Layout,Sarjapur Road,56.0,35.0,Not Applicable,Not Applicable,No,Not Applicable,182,Cash,31,4.2,4.4
2024-07-29 20:03:00,CNR3267154869,Driver Not Found,CID544431,Prime Plus,Kammanahalli,JP Nagar,,,Not Applicable,Not Applicable,Not Applicable,Not Applicable,429,Not Applicable,0,,
2024-07-19 00:40:00,CNR1588482700,Success,CID827079,Prime Plus,Malleshwaram,Hulimavu,259.0,25.0,Not Applicable,Not Applicable,No,Not Applicable,121,Cash,34,4.9,3.4
2024-07-24 12:48:00,CNR2128680437,Success,CID766780,Prime SUV,Cox Town,Sarjapur Road,266.0,145.0,Not Applicable,Not Applicable,No,Not Applicable,185,UPI,22,3.5,3.3
2024-07-16 21:38:00,CNR4218262814,Success,CID920457,Prime SUV,Majestic,Hennur,196.0,45.0,Not Applicable,Not Applicable,No,Not Applicable,478,Cash,12,3.6,4.8
2024-07-01 00:07:00,CNR4554867841,Canceled by Driver,CID722221,Bike,Rajajinagar,HSR Layout,,,Not Applicable,Personal & Car related issue,Not Applicable,Not Applicable,550,Not Applicable,0,,
2024-07-04 11:14:00,CNR8028725362,Success,CID425075,eBike,Malleshwaram,KR Puram,252.0,125.0,Not Applicable,Not Applicable,No,Not Applicable,269,Cash,21,3.9,3.4
2024-07-13 10:04:00,CNR9198301392,Canceled by Customer,CID183027,Bike,Whitefield,BTM Layout,,,Driver asked to cancel,Not Applicable,Not Applicable,Not Applicable,325,Not Applicable,0,,
2024-07-29 13:15:00,CNR7237448092,Success,CID166035,Mini,Jayanagar,Whitefield,196.0,35.0,Not Applicable,Not Applicable,No,Not Applicable,334,Cash,15,4.2,4.9
2024-07-14 14:27:00,CNR5424722568,Driver Not Found,CID624188,Mini,Cox Town,Koramangala,,,Not Applicable,Not Applicable,Not Applicable,Not Applicable,216,Not Applicable,0,,
2024-07-13 00:34:00,CNR1205939043,Success,CID692751,Auto,Rajajinagar,Varthur,35.0,95.0,Not Applicable,Not Applicable,No,Not Applicable,140,Cash,2,3.7,4.1
2024-07-25 03:29:00,CNR7757181839,Success,CID247323,Mini,Malleshwaram,Devanahalli,196.0,70.0,Not Applicable,Not Applicable,No,Not Applicable,646,Cash,18,4.2,4.7
2024-07-12 05:02:00,CNR9454696089,Success,CID601015,Prime Sedan,Padmanabhanagar,Langford Town,126.0,140.0,Not Applicable,Not Applicable,No,Not Applicable,142,Cash,14,4.5,4.5
2024-07-29 20:48:00,CNR5810061064,Success,CID855314,Mini,Cox Town,Yelahanka,294.0,145.0,Not Applicable,Not Applicable,No,Not Applicable,309,Cash,22,3.7,4.6
2024-07-05 21:21:00,CNR3728816732,Canceled by Driver,CID681254,Prime SUV,Frazer Town,Ramamurthy Nagar,,,Not Applicable,Customer was coughing/sick,Not Applicable,Not Applicable,986,Not Applicable,0,,
2024-07-11 00:10:00,CNR7983309033,Success,CID168718,Prime Plus,BTM Layout,Marathahalli,98.0,100.0,Not Applicable,Not Applicable,Yes,Other Issue,875,UPI,15,3.2,3.9
2024-07-29 04:45:00,CNR1416325216,Success,CID961023,Bike,Ulsoor,Peenya,126.0,100.0,Not Applicable,Not Applicable,No,Not Applicable,839,UPI,25,3.1,4.1
2024-07-28 08:00:00,CNR5978228482,Success,CID165039,Bike,Bellandur,BTM Layout,231.0,135.0,Not Applicable,Not Applicable,Yes,Customer Demand,297,Cash,14,4.5,4.7
2024-07-26 05:34:00,CNR7240861955,Success,CID342060,Prime Sedan,Marathahalli,Electronic City,196.0,80.0,Not Applicable,Not Applicable,No,Not Applicable,113,UPI,15,4.3,3.5
2024-07-11 11:46:00,CNR2148329786,Canceled by Driver,CID516839,Prime Sedan,Ramamurthy Nagar,Langford Town,,,Not Applicable,Personal & Car related issue,Not Applicable,Not Applicable,111,Not Applicable,0,,
2024-07-02 02:27:00,CNR2853473540,Success,CID665842,Prime Sedan,JP Nagar,HSR Layout,154.0,55.0,Not Applicable,Not Applicable,No,Not Applicable,153,UPI,33,3.9,4.7
2024-07-18 17:47:00,CNR2189368488,Canceled by Customer,CID672630,Mini,Devanahalli,Basavanagudi,,,Driver is not moving towards pickup location,Not Applicable,Not Applicable,Not Applicable,1128,Not Applicable,0,,
2024-07-18 22:45:00,CNR5881771990,Success,CID360959,Prime Plus,JP Nagar,Richmond Town,210.0,35.0,Not Applicable,Not Applicable,No,Not Applicable,213,UPI,24,3.6,4.2
2024-07-28 19:53:00,CNR2144848952,Success,CID622621,Prime SUV,Rajarajeshwari Nagar,Devanahalli,308.0,50.0,Not Applicable,Not Applicable,No,Not Applicable,298,UPI,42,4.9,4.1
2024-07-20 05:24:00,CNR5657512632,Success,CID754041,Bike,Bannerghatta Road,Majestic,287.0,70.0,Not Applicable,Not Applicable,No,Not Applicable,101,Cash,27,5.0,3.2
2024-07-11 06:55:00,CNR2496851105,Driver Not Found,CID545985,Prime Sedan,Langford Town,Cox Town,,,Not Applicable,Not Applicable,Not Applicable,Not Applicable,515,Not Applicable,0,,
2024-07-22 06:49:00,CNR4776196693,Success,CID487378,eBike,Magadi Road,Hennur,70.0,25.0,Not Applicable,Not Applicable,No,Not Applicable,1297,Cash,7,3.0,4.9
2024-07-12 21:18:00,CNR4704012940,Success,CID627187,Bike,Bellandur,Langford Town,140.0,115.0,Not Applicable,Not Applicable,No,Not Applicable,611,UPI,11,4.2,4.8
2024-07-06 07:49:00,CNR9763610469,Canceled by Customer,CID134947,Mini,JP Nagar,Sarjapur Road,,,Driver asked to cancel,Not Applicable,Not Applicable,Not Applicable,442,Not Applicable,0,,
2024-07-04 18:24:00,CNR4637381990,Success,CID360038,Auto,Langford Town,Ramamurthy Nagar,294.0,35.0,Not Applicable,Not Applicable,No,Not Applicable,210,UPI,4,3.4,4.4
2024-07-24 09:25:00,CNR9374768891,Canceled by Customer,CID858084,Auto,Hebbal,Bannerghatta Road,,,Wrong Address,Not Applicable,Not Applicable,Not Applicable,297,Not Applicable,0,,
2024-07-24 17:28:00,CNR4227730721,Success,CID869897,Bike,Basavanagudi,Electronic City,70.0,50.0,Not Applicable,Not Applicable,No,Not Applicable,657,UPI,10,4.6,3.8
2024-07-10 21:33:00,CNR7687020135,Success,CID209308,eBike,RT Nagar,Langford Town,42.0,70.0,Not Applicable,Not Applicable,No,Not Applicable,703,Cash,44,4.3,4.1
2024-07-22 12:44:00,CNR6457797368,Success,CID283654,Prime SUV,Banashankari,BTM Layout,154.0,110.0,Not Applicable,Not Applicable,No,Not Applicable,193,UPI,43,3.1,4.8
2024-07-28 03:20:00,CNR6177262300,Success,CID886780,Bike,Ulsoor,Nagarbhavi,161.0,85.0,Not Applicable,Not Applicable,No,Not Applicable,994,UPI,7,3.5,4.8
2024-07-14 20:48:00,CNR4488517081,Canceled by Customer,CID565413,Mini,Peenya,Mysore Road,,,Driver is not moving towards pickup location,Not Applicable,Not Applicable,Not Applicable,112,Not Applicable,0,,
2024-07-02 05:00:00,CNR6270023940,Canceled by Customer,CID314653,Bike,KR Puram,Hebbal,,,AC is Not working,Not Applicable,Not Applicable,Not Applicable,491,Not Applicable,0,,
2024-07-07 19:48:00,CNR1819627964,Canceled by Driver,CID136524,Prime SUV,Ulsoor,Rajajinagar,,,Not Applicable,Personal & Car related issue,Not Applicable,Not Applicable,349,Not Applicable,0,,
2024-07-13 11:27:00,CNR2526768244,Success,CID616139,Prime Plus,Rajajinagar,Vijayanagar,35.0,70.0,Not Applicable,Not Applicable,No,Not Applicable,632,Cash,49,3.4,4.4
2024-07-25 16:40:00,CNR9507462832,Success,CID133476,Prime SUV,Shantinagar,Rajarajeshwari Nagar,182.0,130.0,Not Applicable,Not Applicable,No,Not Applicable,444,Cash,19,4.5,4.5
2024-07-23 20:51:00,CNR4936025633,Driver Not Found,CID919214,Prime SUV,Bellandur,Peenya,,,Not Applicable,Not Applicable,Not Applicable,Not Applicable,494,Not Applicable,0,,
2024-07-19 18:30:00,CNR9942998045,Success,CID861867,Auto,Bellandur,Tumkur Road,259.0,70.0,Not Applicable,Not Applicable,No,Not Applicable,431,UPI,19,3.5,4.2
2024-07-21 06:44:00,CNR6277394690,Success,CID901030,Mini,JP Nagar,Vijayanagar,105.0,50.0,Not Applicable,Not Applicable,No,Not Applicable,1810,UPI,1,3.7,3.2
2024-07-07 08:09:00,CNR9247480867,Success,CID291431,Mini,Magadi Road,Tumkur Road,287.0,65.0,Not Applicable,Not Applicable,No,Not Applicable,683,Cash,24,4.9,3.9
2024-07-06 00:42:00,CNR7096492324,Success,CID363687,Bike,Yelahanka,Jayanagar,189.0,110.0,Not Applicable,Not Applicable,No,Not Applicable,524,Cash,42,4.6,4.2
2024-07-19 09:20:00,CNR8056614614,Success,CID978941,Prime SUV,Majestic,Whitefield,189.0,90.0,Not Applicable,Not Applicable,No,Not Applicable,420,Cash,34,4.7,3.9
2024-07-25 15:42:00,CNR9539683522,Success,CID552546,Auto,MG Road,KR Puram,105.0,100.0,Not Applicable,Not Applicable,No,Not Applicable,339,Cash,4,4.0,4.0
2024-07-10 17:21:00,CNR2956886732,Success,CID851336,Bike,Hosur Road,Varthur,105.0,135.0,Not Applicable,Not Applicable,No,Not Applicable,112,Cash,22,4.3,3.5
2024-07-01 09:30:00,CNR3421438081,Success,CID103268,eBike,Mysore Road,Peenya,224.0,120.0,Not Applicable,Not Applicable,No,Not Applicable,1792,UPI,47,3.5,3.1
2024-07-27 16:31:00,CNR6882345455,Success,CID661669,Prime SUV,Bellandur,Frazer Town,126.0,140.0,Not Applicable,Not Applicable,No,Not Applicable,395,Cash,9,5.0,3.2
2024-07-02 06:02:00,CNR3778119297,Success,CID786666,Auto,BTM Layout,Hulimavu,203.0,70.0,Not Applicable,Not Applicable,No,Not Applicable,859,UPI,9,4.9,3.0
2024-07-29 13:23:00,CNR9724092484,Success,CID216310,Prime Plus,Malleshwaram,Hosur Road,259.0,65.0,Not Applicable,Not Applicable,No,Not Applicable,440,UPI,18,3.5,3.3
2024-07-21 09:14:00,CNR1122017562,Success,CID273035,eBike,Richmond Town,Peenya,49.0,100.0,Not Applicable,Not Applicable,No,Not Applicable,477,Cash,4,4.2,4.5
2024-07-23 08:12:00,CNR1158444102,Canceled by Driver,CID115983,Prime SUV,Electronic City,Koramangala,,,Not Applicable,Customer related issue,Not Applicable,Not Applicable,287,Not Applicable,0,,
2024-07-06 20:58:00,CNR7780573116,Success,CID928265,Auto,Sarjapur Road,Bellandur,133.0,30.0,Not Applicable,Not Applicable,No,Not Applicable,178,Debit Card,6,3.9,5.0
2024-07-29 07:53:00,CNR7313316153,Canceled by Customer,CID641655,Prime Plus,Kengeri,Yelahanka,,,Change of plans,Not Applicable,Not Applicable,Not Applicable,277,Not Applicable,0,,
2024-07-05 16:56:00,CNR1783483515,Canceled by Driver,CID779905,Auto,Nagarbhavi,Tumkur Road,,,Not Applicable,Personal & Car related issue,Not Applicable,Not Applicable,216,Not Applicable,0,,
2024-07-12 05:10:00,CNR3311287285,Success,CID244410,Mini,Bannerghatta Road,Hosur Road,42.0,40.0,Not Applicable,Not Applicable,Yes,Customer Demand,335,Cash,36,3.3,4.2
2024-07-19 17:05:00,CNR7740777492,Success,CID582627,Mini,Yelahanka,Banashankari,91.0,40.0,Not Applicable,Not Applicable,No,Not Applicable,772,UPI,8,4.7,4.2
2024-07-21 16:29:00,CNR3949954649,Success,CID558848,Mini,Langford Town,Cox Town,301.0,95.0,Not Applicable,Not Applicable,No,Not Applicable,179,UPI,23,4.0,4.3
2024-07-25 02:01:00,CNR7325423865,Success,CID144260,Prime SUV,Kadugodi,HSR Layout,56.0,115.0,Not Applicable,Not Applicable,No,Not Applicable,209,Cash,44,4.7,4.6
2024-07-16 01:11:00,CNR3781046438,Success,CID824685,Prime Sedan,Magadi Road,Electronic City,308.0,80.0,Not Applicable,Not Applicable,Yes,Customer Demand,903,Cash,29,3.7,4.0
2024-07-03 13:52:00,CNR6690788783,Success,CID207019,Prime SUV,Mysore Road,Shantinagar,203.0,85.0,Not Applicable,Not Applicable,No,Not Applicable,710,Cash,38,4.6,3.5
2024-07-25 17:23:00,CNR9731116215,Success,CID966961,Prime Sedan,Nagarbhavi,RT Nagar,168.0,125.0,Not Applicable,Not Applicable,No,Not Applicable,837,UPI,8,4.7,4.1
2024-07-03 04:38:00,CNR8738216987,Driver Not Found,CID551511,Auto,Bannerghatta Road,Shivajinagar,,,Not Applicable,Not Applicable,Not Applicable,Not Applicable,134,Not Applicable,0,,
2024-07-12 19:23:00,CNR1225082846,Success,CID682570,Auto,Cox Town,Bannerghatta Road,280.0,55.0,Not Applicable,Not Applicable,No,Not Applicable,261,Cash,17,3.1,3.9
2024-07-20 17:11:00,CNR6711853667,Success,CID297018,eBike,Bellandur,Basavanagudi,56.0,110.0,Not Applicable,Not Applicable,No,Not Applicable,197,UPI,16,3.5,4.8
2024-07-12 22:30:00,CNR9386684195,Success,CID879279,Prime SUV,JP Nagar,Jayanagar,245.0,90.0,Not Applicable,Not Applicable,No,Not Applicable,219,UPI,40,3.7,4.7
2024-07-10 07:00:00,CNR5275787594,Success,CID934319,Auto,KR Puram,Marathahalli,105.0,105.0,Not Applicable,Not Applicable,Yes,Vehicle Breakdown,477,Cash,9,4.7,4.6
2024-07-11 10:31:00,CNR3521114498,Success,CID160099,Prime Plus,Ramamurthy Nagar,Sarjapur Road,70.0,120.0,Not Applicable,Not Applicable,No,Not Applicable,206,UPI,21,4.4,3.4
2024-07-14 01:37:00,CNR5225394017,Success,CID491310,Mini,Padmanabhanagar,Jayanagar,287.0,40.0,Not Applicable,Not Applicable,No,Not Applicable,475,UPI,37,4.1,3.7
2024-07-25 10:45:00,CNR8384872130,Driver Not Found,CID743119,Prime Plus,Varthur,HSR Layout,,,Not Applicable,Not Applicable,Not Applicable,Not Applicable,324,Not Applicable,0,,
2024-07-10 20:50:00,CNR9675347025,Success,CID669903,eBike,Sahakar Nagar,Tumkur Road,161.0,135.0,Not Applicable,Not Applicable,No,Not Applicable,380,UPI,24,4.0,3.2
2024-07-28 06:19:00,CNR6886588027,Success,CID672357,Bike,Rajajinagar,Padmanabhanagar,105.0,30.0,Not Applicable,Not Applicable,No,Not Applicable,364,UPI,27,4.5,4.7
2024-07-01 21:27:00,CNR3270792441,Canceled by Driver,CID418439,Prime SUV,Bannerghatta Road,Electronic City,,,Not Applicable,Customer was coughing/sick,Not Applicable,Not Applicable,559,Not Applicable,0,,
2024-07-07 08:56:00,CNR4356221246,Driver Not Found,CID743545,Mini,Shantinagar,Hennur,,,Not Applicable,Not Applicable,Not Applicable,Not Applicable,1577,Not Applicable,0,,
2024-07-04 08:55:00,CNR9096127466,Canceled by Driver,CID714473,Prime SUV,HSR Layout,Langford Town,,,Not Applicable,Personal & Car related issue,Not Applicable,Not Applicable,159,Not Applicable,0,,
2024-07-04 03:43:00,CNR9882588541,Success,CID439441,Bike,Cox Town,Jayanagar,49.0,85.0,Not Applicable,Not Applicable,No,Not Applicable,781,Credit Card,31,4.2,4.5
2024-07-02 08:43:00,CNR1564740138,Success,CID805273,Prime Sedan,Rajarajeshwari Nagar,Rajarajeshwari Nagar,252.0,100.0,Not Applicable,Not Applicable,No,Not Applicable,159,UPI,3,4.8,3.7
2024-07-12 03:46:00,CNR4245209294,Success,CID324481,Prime Sedan,Hosur Road,Richmond Town,161.0,105.0,Not Applicable,Not Applicable,No,Not Applicable,350,Cash,7,3.3,4.2
2024-07-01 12:13:00,CNR8171443100,Success,CID173771,Prime SUV,Rajajinagar,Padmanabhanagar,91.0,110.0,Not Applicable,Not Applicable,No,Not Applicable,199,UPI,8,4.3,4.1
2024-07-06 16:33:00,CNR3279113588,Success,CID545426,Mini,Hulimavu,Banashankari,189.0,105.0,Not Applicable,Not Applicable,No,Not Applicable,2369,Cash,38,4.8,3.3
2024-07-27 18:06:00,CNR7704411101,Success,CID609370,Mini,Banashankari,KR Puram,49.0,65.0,Not Applicable,Not Applicable,No,Not Applicable,240,Debit Card,31,4.6,3.3
2024-07-20 17:04:00,CNR3935725773,Success,CID227821,Prime Sedan,HSR Layout,Majestic,266.0,45.0,Not Applicable,Not Applicable,No,Not Applicable,320,Cash,34,5.0,3.1
2024-07-23 03:09:00,CNR3187507212,Success,CID699384,Prime Sedan,Koramangala,Ramamurthy Nagar,154.0,130.0,Not Applicable,Not Applicable,No,Not Applicable,1278,UPI,13,4.0,4.1
2024-07-04 16:26:00,CNR1025169503,Driver Not Found,CID614554,Prime Sedan,Ulsoor,Jayanagar,,,Not Applicable,Not Applicable,Not Applicable,Not Applicable,488,Not Applicable,0,,
2024-07-12 13:47:00,CNR6498983628,Success,CID735918,Prime Sedan,JP Nagar,Nagarbhavi,189.0,145.0,Not Applicable,Not Applicable,No,Not Applicable,331,UPI,18,3.3,4.7
2024-07-11 09:52:00,CNR7445876430,Success,CID822792,Mini,Hebbal,Devanahalli,217.0,135.0,Not Applicable,Not Applicable,No,Not Applicable,1676,UPI,41,4.2,4.7
2024-07-18 12:08:00,CNR9552618038,Success,CID425229,eBike,Sarjapur Road,Cox Town,35.0,65.0,Not Applicable,Not Applicable,No,Not Applicable,955,UPI,15,3.7,3.8
2024-07-12 09:36:00,CNR5531986835,Driver Not Found,CID202138,Bike,Hosur Road,Hulimavu,,,Not Applicable,Not Applicable,Not Applicable,Not Applicable,1158,Not Applicable,0,,
2024-07-16 03:54:00,CNR9649216574,Success,CID136336,eBike,Magadi Road,RT Nagar,77.0,55.0,Not Applicable,Not Applicable,No,Not Applicable,644,UPI,8,3.7,4.6
2024-07-10 11:38:00,CNR3404191212,Success,CID161850,Mini,Bellandur,Kammanahalli,266.0,130.0,Not Applicable,Not Applicable,No,Not Applicable,179,Cash,47,4.7,4.7
2024-07-30 16:24:00,CNR2257152082,Canceled by Driver,CID951411,eBike,Nagarbhavi,Sarjapur Road,,,Not Applicable,Customer was coughing/sick,Not Applicable,Not Applicable,364,Not Applicable,0,,
2024-07-09 02:44:00,CNR1821801775,Driver Not Found,CID789759,Prime Sedan,Majestic,Ramamurthy Nagar,,,Not Applicable,Not Applicable,Not Applicable,Not Applicable,449,Not Applicable,0,,
2024-07-12 01:54:00,CNR2859302560,Driver Not Found,CID904666,Mini,Rajarajeshwari Nagar,Banashankari,,,Not Applicable,Not Applicable,Not Applicable,Not Applicable,2880,Not Applicable,0,,
2024-07-12 18:42:00,CNR2031070782,Success,CID451558,Prime Sedan,Sarjapur Road,Richmond Town,42.0,65.0,Not Applicable,Not Applicable,No,Not Applicable,854,UPI,27,3.4,4.0
2024-07-01 23:05:00,CNR3708985635,Canceled by Customer,CID551980,Bike,Whitefield,Rajajinagar,,,Change of plans,Not Applicable,Not Applicable,Not Applicable,517,Not Applicable,0,,
2024-07-09 14:09:00,CNR8193875124,Success,CID290844,Prime SUV,HSR Layout,Basavanagudi,168.0,35.0,Not Applicable,Not Applicable,No,Not Applicable,484,UPI,21,3.5,3.4
2024-07-18 07:45:00,CNR3384789370,Success,CID949005,Bike,Jayanagar,Indiranagar,119.0,120.0,Not Applicable,Not Applicable,No,Not Applicable,374,Cash,7,3.4,4.5
2024-07-01 02:22:00,CNR6160275087,Success,CID619845,Prime Plus,RT Nagar,Tumkur Road,98.0,140.0,Not Applicable,Not Applicable,No,Not Applicable,782,UPI,8,5.0,3.2
2024-07-24 12:13:00,CNR1460928481,Canceled by Driver,CID338271,Prime SUV,Varthur,Shivajinagar,,,Not Applicable,Customer was coughing/sick,Not Applicable,Not Applicable,210,Not Applicable,0,,
2024-07-22 04:48:00,CNR6860175599,Success,CID258095,Prime Plus,Ulsoor,Ulsoor,70.0,125.0,Not Applicable,Not Applicable,Yes,Customer Demand,206,UPI,22,4.8,4.3
2024-07-10 20:37:00,CNR7609961192,Success,CID329669,eBike,Malleshwaram,Whitefield,301.0,60.0,Not Applicable,Not Applicable,No,Not Applicable,1989,Credit Card,43,3.1,4.7
2024-07-27 04:41:00,CNR8757234637,Canceled by Customer,CID786827,Bike,Basavanagudi,Kengeri,,,AC is Not working,Not Applicable,Not Applicable,Not Applicable,254,Not Applicable,0,,
2024-07-19 21:27:00,CNR9949323108,Success,CID814495,Prime SUV,Indiranagar,Majestic,105.0,130.0,Not Applicable,Not Applicable,No,Not Applicable,332,Cash,16,4.2,4.9
2024-07-24 22:18:00,CNR7361761790,Canceled by Driver,CID953350,Bike,Kadugodi,Hennur,,,Not Applicable,Personal & Car related issue,Not Applicable,Not Applicable,326,Not Applicable,0,,
2024-07-04 08:31:00,CNR9837338603,Success,CID876582,Mini,Marathahalli,Chamarajpet,252.0,125.0,Not Applicable,Not Applicable,No,Not Applicable,477,UPI,26,3.5,3.7
2024-07-06 03:39:00,CNR5419404741,Canceled by Driver,CID283393,Prime SUV,Langford Town,Ramamurthy Nagar,,,Not Applicable,More than permitted people in there,Not Applicable,Not Applicable,148,Not Applicable,0,,
2024-07-08 20:55:00,CNR6918209659,Success,CID435684,Auto,Varthur,Koramangala,273.0,105.0,Not Applicable,Not Applicable,No,Not Applicable,243,UPI,2,3.1,4.5
2024-07-02 01:35:00,CNR9535862252,Success,CID316241,Auto,Frazer Town,Malleshwaram,182.0,40.0,Not Applicable,Not Applicable,No,Not Applicable,858,UPI,17,4.3,5.0
2024-07-07 01:05:00,CNR2768765892,Success,CID374869,eBike,Chamarajpet,KR Puram,147.0,55.0,Not Applicable,Not Applicable,No,Not Applicable,866,UPI,42,3.6,4.0
2024-07-09 01:17:00,CNR3300659891,Canceled by Driver,CID525796,Auto,Majestic,Padmanabhanagar,,,Not Applicable,More than permitted people in there,Not Applicable,Not Applicable,410,Not Applicable,0,,
2024-07-13 15:42:00,CNR5916133424,Canceled by Driver,CID220210,eBike,Hulimavu,Devanahalli,,,Not Applicable,Customer related issue,Not Applicable,Not Applicable,481,Not Applicable,0,,
2024-07-13 20:41:00,CNR9189287914,Canceled by Driver,CID157413,Mini,RT Nagar,Shivajinagar,,,Not Applicable,Personal & Car related issue,Not Applicable,Not Applicable,441,Not Applicable,0,,
2024-07-07 18:23:00,CNR7392830687,Canceled by Driver,CID188397,Prime Plus,Majestic,Chickpet,,,Not Applicable,More than permitted people in there,Not Applicable,Not Applicable,749,Not Applicable,0,,
2024-07-30 05:56:00,CNR3580913148,Success,CID314660,Prime SUV,Rajajinagar,Vijayanagar,84.0,25.0,Not Applicable,Not Applicable,No,Not Applicable,422,Cash,3,3.8,3.6
2024-07-18 04:27:00,CNR9651816659,Success,CID706974,Bike,Yelahanka,Peenya,189.0,105.0,Not Applicable,Not Applicable,No,Not Applicable,323,Cash,25,4.4,4.7
2024-07-07 23:29:00,CNR2116417687,Success,CID846258,eBike,Jayanagar,Rajarajeshwari Nagar,112.0,50.0,Not Applicable,Not Applicable,Yes,Customer Demand,504,UPI,17,4.6,3.3
2024-07-22 01:45:00,CNR6222072149,Success,CID569393,Prime SUV,Basavanagudi,Indiranagar,259.0,55.0,Not Applicable,Not Applicable,No,Not Applicable,627,Cash,2,3.2,4.9
2024-07-04 22:33:00,CNR2494775670,Driver Not Found,CID481731,Mini,Ulsoor,Yeshwanthpur,,,Not Applicable,Not Applicable,Not Applicable,Not Applicable,344,Not Applicable,0,,
2024-07-30 01:15:00,CNR6237584036,Success,CID293511,Bike,RT Nagar,MG Road,56.0,100.0,Not Applicable,Not Applicable,No,Not Applicable,120,Cash,18,3.8,4.9
2024-07-20 07:16:00,CNR7163281447,Canceled by Driver,CID184566,Prime Plus,Ramamurthy Nagar,JP Nagar,,,Not Applicable,More than permitted people in there,Not Applicable,Not Applicable,460,Not Applicable,0,,
2024-07-03 20:36:00,CNR7260341625,Success,CID936453,Bike,Mysore Road,Kammanahalli,175.0,80.0,Not Applicable,Not Applicable,No,Not Applicable,405,UPI,47,3.9,3.9
2024-07-29 08:01:00,CNR9327973131,Success,CID145780,eBike,Majestic,Majestic,42.0,140.0,Not Applicable,Not Applicable,No,Not Applicable,111,Cash,31,4.7,4.8
2024-07-17 15:16:00,CNR9691823457,Canceled by Customer,CID767208,Bike,Hosur Road,Mysore Road,,,Driver asked to cancel,Not Applicable,Not Applicable,Not Applicable,354,Not Applicable,0,,
2024-07-08 11:42:00,CNR3782691643,Success,CID910829,Prime SUV,Rajarajeshwari Nagar,Peenya,98.0,25.0,Not Applicable,Not Applicable,No,Not Applicable,340,UPI,22,4.8,4.0
2024-07-13 05:37:00,CNR3213038456,Success,CID628640,Prime Sedan,Frazer Town,Kammanahalli,280.0,120.0,Not Applicable,Not Applicable,No,Not Applicable,194,Cash,42,4.0,4.2
2024-07-09 04:29:00,CNR7769254797,Driver Not Found,CID984024,Prime Sedan,Shivajinagar,Majestic,,,Not Applicable,Not Applicable,Not Applicable,Not Applicable,383,Not Applicable,0,,
2024-07-17 14:58:00,CNR5693632353,Canceled by Customer,CID894661,Bike,Langford Town,Ramamurthy Nagar,,,AC is Not working,Not Applicable,Not Applicable,Not Applicable,438,Not Applicable,0,,
2024-07-05 01:08:00,CNR5312956541,Success,CID970393,Mini,Rajajinagar,Padmanabhanagar,133.0,55.0,Not Applicable,Not Applicable,Yes,Vehicle Breakdown,334,UPI,39,3.8,3.2
2024-07-08 05:41:00,CNR9902048300,Success,CID569515,Prime Plus,Marathahalli,Shantinagar,42.0,90.0,Not Applicable,Not Applicable,No,Not Applicable,283,UPI,17,4.7,3.0
2024-07-18 16:45:00,CNR8337454123,Success,CID540870,Auto,Marathahalli,Chamarajpet,98.0,105.0,Not Applicable,Not Applicable,No,Not Applicable,958,Cash,3,4.2,5.0
2024-07-15 06:58:00,CNR5506874548,Driver Not Found,CID931805,eBike,BTM Layout,Kengeri,,,Not Applicable,Not Applicable,Not Applicable,Not Applicable,868,Not Applicable,0,,
2024-07-25 21:53:00,CNR5124431864,Success,CID199576,eBike,Padmanabhanagar,Tumkur Road,63.0,35.0,Not Applicable,Not Applicable,No,Not Applicable,341,Cash,46,3.5,4.7
2024-07-29 09:51:00,CNR9622992537,Success,CID861540,eBike,Kammanahalli,Banashankari,70.0,110.0,Not Applicable,Not Applicable,No,Not Applicable,323,UPI,48,3.1,4.4
2024-07-20 04:08:00,CNR2506983621,Success,CID368080,Prime Sedan,Nagarbhavi,Majestic,280.0,140.0,Not Applicable,Not Applicable,No,Not Applicable,1767,UPI,18,4.0,3.9
2024-07-22 23:16:00,CNR4915747411,Success,CID396011,Prime Sedan,Rajajinagar,Frazer Town,91.0,110.0,Not Applicable,Not Applicable,No,Not Applicable,122,Cash,3,4.1,3.3
2024-07-22 11:05:00,CNR3253591563,Canceled by Customer,CID615436,eBike,Chickpet,RT Nagar,,,Driver is not moving towards pickup location,Not Applicable,Not Applicable,Not Applicable,2409,Not Applicable,0,,
2024-07-25 09:42:00,CNR8717459331,Success,CID701022,Bike,Rajajinagar,Padmanabhanagar,126.0,90.0,Not Applicable,Not Applicable,No,Not Applicable,234,UPI,26,3.6,4.5
2024-07-02 02:07:00,CNR8143610054,Canceled by Driver,CID172380,Prime Plus,Majestic,Rajajinagar,,,Not Applicable,Personal & Car related issue,Not Applicable,Not Applicable,436,Not Applicable,0,,
2024-07-16 06:37:00,CNR2800622518,Success,CID229076,Prime Plus,HSR Layout,JP Nagar,259.0,75.0,Not Applicable,Not Applicable,No,Not Applicable,263,UPI,27,4.7,3.8
2024-07-05 13:04:00,CNR4478289137,Canceled by Driver,CID668519,Bike,Marathahalli,Electronic City,,,Not Applicable,Customer related issue,Not Applicable,Not Applicable,147,Not Applicable,0,,
2024-07-22 11:46:00,CNR3252212148,Success,CID741085,Prime Plus,Electronic City,Nagarbhavi,133.0,35.0,Not Applicable,Not Applicable,No,Not Applicable,445,Cash,16,3.7,4.3
2024-07-17 08:13:00,CNR7603018092,Success,CID656200,Prime Plus,Peenya,Frazer Town,210.0,35.0,Not Applicable,Not Applicable,Yes,Other Issue,588,Cash,49,4.8,3.9
2024-07-18 05:11:00,CNR5965389744,Canceled by Driver,CID512815,Prime Plus,Tumkur Road,RT Nagar,,,Not Applicable,Customer was coughing/sick,Not Applicable,Not Applicable,305,Not Applicable,0,,
2024-07-12 15:39:00,CNR5679660114,Success,CID770878,Mini,Frazer Town,Richmond Town,301.0,55.0,Not Applicable,Not Applicable,No,Not Applicable,327,Cash,43,3.6,4.2
2024-07-17 15:31:00,CNR1479879231,Canceled by Driver,CID247250,Bike,Hosur Road,Koramangala,,,Not Applicable,Customer related issue,Not Applicable,Not Applicable,327,Not Applicable,0,,
2024-07-03 08:56:00,CNR3144384927,Success,CID441283,Prime Sedan,Richmond Town,HSR Layout,105.0,110.0,Not Applicable,Not Applicable,No,Not Applicable,644,UPI,3,3.7,4.2
2024-07-05 02:09:00,CNR3293568312,Canceled by Driver,CID415254,Bike,Hennur,Yelahanka,,,Not Applicable,Personal & Car related issue,Not Applicable,Not Applicable,875,Not Applicable,0,,
2024-07-04 15:16:00,CNR4867520667,Canceled by Driver,CID605966,eBike,Koramangala,Ramamurthy Nagar,,,Not Applicable,Personal & Car related issue,Not Applicable,Not Applicable,1262,Not Applicable,0,,
2024-07-29 06:18:00,CNR8102059740,Success,CID479647,Auto,Shantinagar,Hennur,182.0,50.0,Not Applicable,Not Applicable,Yes,Customer Demand,695,Cash,10,4.5,3.1
2024-07-07 08:04:00,CNR3538488094,Success,CID976834,Prime Plus,Vijayanagar,Tumkur Road,84.0,30.0,Not Applicable,Not Applicable,No,Not Applicable,137,Credit Card,38,4.1,3.5
2024-07-21 14:02:00,CNR6273019192,Driver Not Found,CID862299,eBike,Devanahalli,Hulimavu,,,Not Applicable,Not Applicable,Not Applicable,Not Applicable,136,Not Applicable,0,,
2024-07-29 15:32:00,CNR3146286976,Canceled by Driver,CID653037,Mini,Sahakar Nagar,Kammanahalli,,,Not Applicable,Customer was coughing/sick,Not Applicable,Not Applicable,683,Not Applicable,0,,
2024-07-30 05:54:00,CNR6517458243,Success,CID611949,Bike,Jayanagar,Majestic,175.0,125.0,Not Applicable,Not Applicable,No,Not Applicable,982,Cash,6,3.9,3.5
2024-07-18 02:23:00,CNR8119808675,Success,CID840802,Prime Sedan,Vijayanagar,Yeshwanthpur,147.0,30.0,Not Applicable,Not Applicable,No,Not Applicable,158,UPI,14,3.2,3.6
2024-07-17 22:59:00,CNR7319452611,Success,CID627947,Bike,Jayanagar,Majestic,203.0,40.0,Not Applicable,Not Applicable,No,Not Applicable,171,Cash,33,3.2,3.4
2024-07-15 08:09:00,CNR1992326277,Success,CID338429,Prime Plus,Marathahalli,Tumkur Road,49.0,70.0,Not Applicable,Not Applicable,No,Not Applicable,112,Cash,37,3.4,5.0
2024-07-30 23:19:00,CNR4268896466,Success,CID257484,Prime Plus,Kammanahalli,Hennur,196.0,65.0,Not Applicable,Not Applicable,No,Not Applicable,496,UPI,41,4.0,3.0
2024-07-11 18:43:00,CNR4215425002,Canceled by Driver,CID878686,Bike,Richmond Town,Tumkur Road,,,Not Applicable,Personal & Car related issue,Not Applicable,Not Applicable,856,Not Applicable,0,,
2024-07-25 11:19:00,CNR5575408563,Canceled by Driver,CID627812,Auto,Rajajinagar,BTM Layout,,,Not Applicable,Customer related issue,Not Applicable,Not Applicable,318,Not Applicable,0,,
2024-07-25 06:55:00,CNR2848174200,Canceled by Customer,CID351547,Prime Plus,Indiranagar,Malleshwaram,,,Driver asked to cancel,Not Applicable,Not Applicable,Not Applicable,174,Not Applicable,0,,
2024-07-17 22:13:00,CNR5742269088,Success,CID312145,Bike,RT Nagar,Hennur,56.0,75.0,Not Applicable,Not Applicable,No,Not Applicable,581,Cash,22,4.0,4.0
2024-07-30 04:07:00,CNR7213868479,Success,CID380297,Auto,Hosur Road,Hennur,252.0,70.0,Not Applicable,Not Applicable,Yes,Other Issue,117,UPI,6,3.6,3.3
2024-07-15 21:14:00,CNR1222618638,Success,CID813795,Bike,Majestic,Bannerghatta Road,56.0,80.0,Not Applicable,Not Applicable,No,Not Applicable,492,Debit Card,13,4.8,3.5
2024-07-21 19:52:00,CNR5743641330,Success,CID441306,Bike,Chickpet,Hebbal,182.0,110.0,Not Applicable,Not Applicable,No,Not Applicable,172,UPI,35,3.8,3.0
2024-07-12 17:13:00,CNR8870302178,Success,CID510132,eBike,Shantinagar,Shivajinagar,175.0,30.0,Not Applicable,Not Applicable,No,Not Applicable,429,Cash,26,4.9,3.2
2024-07-14 20:55:00,CNR2587136332,Canceled by Driver,CID869583,Prime Plus,Ramamurthy Nagar,Shivajinagar,,,Not Applicable,Customer was coughing/sick,Not Applicable,Not Applicable,201,Not Applicable,0,,
2024-07-08 03:56:00,CNR9104518132,Success,CID212914,Prime Sedan,Rajarajeshwari Nagar,Yeshwanthpur,161.0,110.0,Not Applicable,Not Applicable,No,Not Applicable,383,UPI,29,4.8,4.7
2024-07-02 11:06:00,CNR5347329458,Driver Not Found,CID778121,Mini,Peenya,Bannerghatta Road,,,Not Applicable,Not Applicable,Not Applicable,Not Applicable,681,Not Applicable,0,,
2024-07-29 06:55:00,CNR1594478010,Canceled by Customer,CID518341,Bike,Rajarajeshwari Nagar,Magadi Road,,,Driver is not moving towards pickup location,Not Applicable,Not Applicable,Not Applicable,878,Not Applicable,0,,
2024-07-10 12:55:00,CNR1424381667,Canceled by Driver,CID666212,Bike,Hebbal,BTM Layout,,,Not Applicable,Customer related issue,Not Applicable,Not Applicable,382,Not Applicable,0,,
2024-07-10 11:20:00,CNR8809485354,Canceled by Driver,CID621750,Bike,Hennur,Mysore Road,,,Not Applicable,Customer was coughing/sick,Not Applicable,Not Applicable,512,Not Applicable,0,,
2024-07-12 05:05:00,CNR8043876475,Success,CID989770,Prime Sedan,Magadi Road,Electronic City,252.0,30.0,Not Applicable,Not Applicable,No,Not Applicable,491,UPI,34,4.3,3.6
2024-07-15 01:00:00,CNR7341378669,Canceled by Driver,CID629443,Prime Sedan,Bellandur,Magadi Road,,,Not Applicable,Customer related issue,Not Applicable,Not Applicable,197,Not Applicable,0,,
2024-07-22 22:58:00,CNR3685041605,Success,CID186399,Prime Plus,KR Puram,Peenya,273.0,55.0,Not Applicable,Not Applicable,No,Not Applicable,301,UPI,20,4.9,3.6
2024-07-01 04:35:00,CNR6072154132,Success,CID507850,Prime Sedan,Jayanagar,Chickpet,42.0,55.0,Not Applicable,Not Applicable,No,Not Applicable,2716,UPI,4,3.7,4.1
2024-07-26 07:38:00,CNR6528536136,Driver Not Found,CID397100,Prime Plus,Malleshwaram,Bellandur,,,Not Applicable,Not Applicable,Not Applicable,Not Applicable,2347,Not Applicable,0,,
2024-07-29 13:36:00,CNR5487081257,Success,CID391798,Prime Sedan,RT Nagar,Langford Town,112.0,95.0,Not Applicable,Not Applicable,No,Not Applicable,402,UPI,46,3.1,3.7
2024-07-17 11:11:00,CNR8972226916,Success,CID413505,Auto,Magadi Road,Koramangala,252.0,140.0,Not Applicable,Not Applicable,No,Not Applicable,267,UPI,13,4.6,4.2
2024-07-20 06:14:00,CNR7390117629,Success,CID634875,Bike,Mysore Road,Chickpet,147.0,30.0,Not Applicable,Not Applicable,Yes,Customer Demand,569,UPI,20,4.7,3.6
2024-07-26 19:52:00,CNR9530921239,Success,CID420011,Mini,Whitefield,Yelahanka,245.0,145.0,Not Applicable,Not Applicable,No,Not Applicable,205,Cash,29,3.6,4.9
2024-07-11 01:12:00,CNR8828667756,Success,CID488121,Mini,Frazer Town,Chamarajpet,210.0,50.0,Not Applicable,Not Applicable,No,Not Applicable,1120,Cash,30,4.5,4.9
2024-07-09 01:41:00,CNR4535547882,Success,CID458327,Auto,MG Road,Devanahalli,189.0,70.0,Not Applicable,Not Applicable,No,Not Applicable,268,UPI,1,3.3,3.0
2024-07-03 16:51:00,CNR4497604530,Success,CID565833,Bike,Chamarajpet,BTM Layout,119.0,135.0,Not Applicable,Not Applicable,No,Not Applicable,158,Cash,35,4.1,5.0
2024-07-09 07:25:00,CNR4262039150,Driver Not Found,CID289049,Bike,Hennur,RT Nagar,,,Not Applicable,Not Applicable,Not Applicable,Not Applicable,256,Not Applicable,0,,
2024-07-15 18:59:00,CNR8693396549,Success,CID645949,Prime SUV,Hosur Road,Sarjapur Road,266.0,110.0,Not Applicable,Not Applicable,No,Not Applicable,621,Cash,2,3.9,3.2
2024-07-13 18:30:00,CNR6618173179,Success,CID125777,Mini,Sahakar Nagar,Jayanagar,259.0,95.0,Not Applicable,Not Applicable,No,Not Applicable,204,Credit Card,6,4.7,4.9
2024-07-04 05:42:00,CNR6732275475,Success,CID322873,Bike,BTM Layout,Koramangala,161.0,80.0,Not Applicable,Not Applicable,No,Not Applicable,358,Cash,28,3.4,4.7
2024-07-20 09:32:00,CNR1415485386,Success,CID795938,Auto,Banashankari,Hennur,154.0,25.0,Not Applicable,Not Applicable,No,Not Applicable,484,Cash,11,4.0,3.4
2024-07-25 11:38:00,CNR9740643219,Success,CID496915,Prime Plus,Tumkur Road,Yeshwanthpur,231.0,50.0,Not Applicable,Not Applicable,No,Not Applicable,267,UPI,38,5.0,4.3
2024-07-21 10:53:00,CNR6961731890,Canceled by Customer,CID979966,Mini,Bannerghatta Road,Majestic,,,Driver is not moving towards pickup location,Not Applicable,Not Applicable,Not Applicable,394,Not Applicable,0,,
2024-07-11 17:08:00,CNR2660579989,Success,CID469866,Prime Sedan,Ulsoor,Ramamurthy Nagar,217.0,30.0,Not Applicable,Not Applicable,No,Not Applicable,812,UPI,17,4.4,4.4
2024-07-01 23:06:00,CNR4309011289,Success,CID647139,Prime Plus,Rajajinagar,Padmanabhanagar,196.0,70.0,Not Applicable,Not Applicable,No,Not Applicable,347,UPI,3,3.2,4.9
2024-07-17 14:50:00,CNR5085782418,Canceled by Driver,CID468602,Bike,MG Road,HSR Layout,,,Not Applicable,Customer related issue,Not Applicable,Not Applicable,331,Not Applicable,0,,
2024-07-20 10:34:00,CNR9026660992,Driver Not Found,CID783620,Prime Plus,Rajarajeshwari Nagar,Ulsoor,,,Not Applicable,Not Applicable,Not Applicable,Not Applicable,328,Not Applicable,0,,
2024-07-03 10:48:00,CNR3025616271,Success,CID204091,Mini,Yeshwanthpur,KR Puram,168.0,100.0,Not Applicable,Not Applicable,No,Not Applicable,435,Credit Card,8,3.5,4.9
2024-07-21 13:27:00,CNR6156025831,Driver Not Found,CID512082,Prime Sedan,Peenya,Varthur,,,Not Applicable,Not Applicable,Not Applicable,Not Applicable,333,Not Applicable,0,,
2024-07-09 02:09:00,CNR8317238965,Success,CID339702,Prime Sedan,Rajajinagar,Malleshwaram,126.0,145.0,Not Applicable,Not Applicable,No,Not Applicable,303,Cash,16,4.3,3.3
2024-07-21 06:31:00,CNR9996561889,Driver Not Found,CID246350,Prime Plus,Frazer Town,Sahakar Nagar,,,Not Applicable,Not Applicable,Not Applicable,Not Applicable,758,Not Applicable,0,,
2024-07-02 22:25:00,CNR6413464599,Driver Not Found,CID298318,Mini,BTM Layout,Mysore Road,,,Not Applicable,Not Applicable,Not Applicable,Not Applicable,192,Not Applicable,0,,
2024-07-30 17:27:00,CNR3237227245,Success,CID590855,Prime Sedan,Ramamurthy Nagar,Tumkur Road,84.0,95.0,Not Applicable,Not Applicable,Yes,Other Issue,359,Cash,38,4.8,3.1
2024-07-30 05:39:00,CNR4883199927,Canceled by Driver,CID197643,Prime Sedan,Kengeri,Varthur,,,Not Applicable,Customer related issue,Not Applicable,Not Applicable,807,Not Applicable,0,,
2024-07-12 14:16:00,CNR2199204442,Driver Not Found,CID831916,Auto,Devanahalli,Majestic,,,Not Applicable,Not Applicable,Not Applicable,Not Applicable,123,Not Applicable,0,,
2024-07-11 11:28:00,CNR4169510965,Success,CID996079,Prime Sedan,Shivajinagar,Shantinagar,63.0,35.0,Not Applicable,Not Applicable,No,Not Applicable,569,Cash,24,4.2,4.5
2024-07-03 05:06:00,CNR2223965372,Success,CID748647,Prime Plus,Hosur Road,Koramangala,210.0,60.0,Not Applicable,Not Applicable,No,Not Applicable,166,UPI,10,4.4,3.2
2024-07-08 18:14:00,CNR8735625340,Success,CID460379,Mini,BTM Layout,Rajajinagar,35.0,130.0,Not Applicable,Not Applicable,No,Not Applicable,582,UPI,39,3.5,4.3
2024-07-08 22:50:00,CNR9009659017,Canceled by Driver,CID212310,Mini,Majestic,Richmond Town,,,Not Applicable,Customer related issue,Not Applicable,Not Applicable,225,Not Applicable,0,,
2024-07-13 22:21:00,CNR5017831719,Success,CID516294,Prime SUV,Mysore Road,Hulimavu,189.0,25.0,Not Applicable,Not Applicable,No,Not Applicable,265,Cash,38,4.5,4.3
2024-07-16 12:59:00,CNR9732368547,Success,CID191766,Mini,Padmanabhanagar,Chickpet,231.0,65.0,Not Applicable,Not Applicable,No,Not Applicable,2842,UPI,9,3.3,4.7
2024-07-21 18:42:00,CNR9704500560,Driver Not Found,CID678761,Prime Sedan,Majestic,Bannerghatta Road,,,Not Applicable,Not Applicable,Not Applicable,Not Applicable,195,Not Applicable,0,,
2024-07-19 19:17:00,CNR5379850143,Driver Not Found,CID812982,Prime SUV,Mysore Road,Basavanagudi,,,Not Applicable,Not Applicable,Not Applicable,Not Applicable,462,Not Applicable,0,,
2024-07-25 11:44:00,CNR4489846226,Success,CID912100,Prime SUV,Nagarbhavi,Padmanabhanagar,98.0,30.0,Not Applicable,Not Applicable,Yes,Vehicle Breakdown,243,UPI,35,3.3,3.0
2024-07-06 20:35:00,CNR5598130359,Success,CID700212,Prime SUV,MG Road,Sahakar Nagar,161.0,105.0,Not Applicable,Not Applicable,No,Not Applicable,318,Cash,24,4.0,3.3
2024-07-21 03:44:00,CNR1326162113,Success,CID124308,Prime Plus,Yelahanka,Nagarbhavi,77.0,140.0,Not Applicable,Not Applicable,No,Not Applicable,200,Cash,35,4.8,3.3
2024-07-24 17:29:00,CNR3490598415,Success,CID712554,Prime Sedan,Chickpet,Ulsoor,168.0,70.0,Not Applicable,Not Applicable,No,Not Applicable,119,Cash,4,3.5,3.4
2024-07-08 23:12:00,CNR4651752342,Success,CID876675,Prime Plus,Rajajinagar,Ramamurthy Nagar,140.0,125.0,Not Applicable,Not Applicable,No,Not Applicable,616,Cash,36,4.1,4.9
2024-07-27 03:56:00,CNR6477631571,Success,CID864809,Mini,Cox Town,Sahakar Nagar,84.0,55.0,Not Applicable,Not Applicable,No,Not Applicable,505,UPI,36,4.0,3.1
2024-07-20 07:13:00,CNR2210725794,Driver Not Found,CID154432,Bike,Basavanagudi,Nagarbhavi,,,Not Applicable,Not Applicable,Not Applicable,Not Applicable,764,Not Applicable,0,,
2024-07-26 18:06:00,CNR8385411869,Canceled by Customer,CID802849,Prime Plus,Basavanagudi,Sarjapur Road,,,Driver asked to cancel,Not Applicable,Not Applicable,Not Applicable,219,Not Applicable,0,,
2024-07-20 00:07:00,CNR1005390264,Canceled by Driver,CID453577,Prime SUV,Hulimavu,Shantinagar,,,Not Applicable,More than permitted people in there,Not Applicable,Not Applicable,465,Not Applicable,0,,
2024-07-27 14:05:00,CNR2581301765,Success,CID850074,Prime SUV,Kadugodi,Devanahalli,77.0,130.0,Not Applicable,Not Applicable,No,Not Applicable,495,UPI,21,4.3,3.6
2024-07-01 14:19:00,CNR9916348679,Canceled by Driver,CID902102,Prime Sedan,Nagarbhavi,RT Nagar,,,Not Applicable,Customer related issue,Not Applicable,Not Applicable,294,Not Applicable,0,,
2024-07-29 20:10:00,CNR5697678431,Canceled by Driver,CID122156,Mini,Ulsoor,Hennur,,,Not Applicable,Personal & Car related issue,Not Applicable,Not Applicable,1381,Not Applicable,0,,
2024-07-28 00:24:00,CNR7783681241,Success,CID382993,Prime Sedan,Whitefield,Ramamurthy Nagar,91.0,60.0,Not Applicable,Not Applicable,No,Not Applicable,417,Cash,47,4.7,4.1
2024-07-27 09:39:00,CNR9311028097,Success,CID417077,Auto,Ulsoor,Indiranagar,210.0,130.0,Not Applicable,Not Applicable,No,Not Applicable,913,Cash,17,4.3,3.8
2024-07-19 01:06:00,CNR2616212674,Success,CID370751,Prime SUV,Magadi Road,Hosur Road,49.0,65.0,Not Applicable,Not Applicable,No,Not Applicable,243,UPI,26,3.1,4.3
2024-07-29 04:09:00,CNR6920670828,Canceled by Driver,CID868542,Prime Sedan,Magadi Road,Chickpet,,,Not Applicable,Customer was coughing/sick,Not Applicable,Not Applicable,416,Not Applicable,0,,
2024-07-04 19:54:00,CNR2987906801,Success,CID474221,eBike,Electronic City,Ulsoor,105.0,70.0,Not Applicable,Not Applicable,No,Not Applicable,993,UPI,16,4.6,3.9
2024-07-07 16:52:00,CNR4409503092,Canceled by Customer,CID578666,Mini,Varthur,Kammanahalli,,,AC is Not working,Not Applicable,Not Applicable,Not Applicable,374,Not Applicable,0,,
2024-07-19 18:11:00,CNR4472674427,Success,CID974617,Mini,Kammanahalli,Yelahanka,42.0,135.0,Not Applicable,Not Applicable,No,Not Applicable,489,UPI,16,3.8,4.0
2024-07-14 19:58:00,CNR3150262437,Success,CID303994,Prime Plus,Frazer Town,Banashankari,217.0,80.0,Not Applicable,Not Applicable,No,Not Applicable,329,Cash,14,4.3,3.9
2024-07-19 20:59:00,CNR7829740878,Canceled by Driver,CID193837,Prime Plus,Kammanahalli,KR Puram,,,Not Applicable,Customer related issue,Not Applicable,Not Applicable,247,Not Applicable,0,,
2024-07-25 21:35:00,CNR3589698793,Canceled by Driver,CID573430,Bike,Kadugodi,JP Nagar,,,Not Applicable,Customer was coughing/sick,Not Applicable,Not Applicable,167,Not Applicable,0,,
2024-07-01 16:31:00,CNR1413033739,Success,CID741091,Auto,Hennur,Koramangala,196.0,65.0,Not Applicable,Not Applicable,No,Not Applicable,849,UPI,8,3.1,4.1
2024-07-22 23:50:00,CNR5022280194,Canceled by Customer,CID301661,Prime Sedan,MG Road,Basavanagudi,,,Driver is not moving towards pickup location,Not Applicable,Not Applicable,Not Applicable,102,Not Applicable,0,,
2024-07-15 05:57:00,CNR1649676782,Canceled by Driver,CID673323,Mini,Rajarajeshwari Nagar,Electronic City,,,Not Applicable,Customer was coughing/sick,Not Applicable,Not Applicable,365,Not Applicable,0,,
2024-07-07 21:34:00,CNR8668751729,Canceled by Customer,CID841447,Bike,Indiranagar,Yelahanka,,,Change of plans,Not Applicable,Not Applicable,Not Applicable,412,Not Applicable,0,,
2024-07-28 04:43:00,CNR9918706088,Success,CID138938,Prime SUV,Yelahanka,Basavanagudi,91.0,25.0,Not Applicable,Not Applicable,Yes,Vehicle Breakdown,446,UPI,32,4.7,4.9
2024-07-26 17:15:00,CNR2641612055,Canceled by Customer,CID466235,eBike,Marathahalli,Electronic City,,,Driver is not moving towards pickup location,Not Applicable,Not Applicable,Not Applicable,424,Not Applicable,0,,
2024-07-04 14:07:00,CNR3188126164,Driver Not Found,CID646236,Bike,Kengeri,Vijayanagar,,,Not Applicable,Not Applicable,Not Applicable,Not Applicable,272,Not Applicable,0,,
2024-07-09 19:53:00,CNR4885279773,Canceled by Driver,CID280962,Mini,Kammanahalli,RT Nagar,,,Not Applicable,Customer related issue,Not Applicable,Not Applicable,1882,Not Applicable,0,,
2024-07-11 20:56:00,CNR6405236422,Canceled by Driver,CID277918,Prime Sedan,Sahakar Nagar,Langford Town,,,Not Applicable,Customer was coughing/sick,Not Applicable,Not Applicable,1929,Not Applicable,0,,
2024-07-23 20:07:00,CNR1144599301,Success,CID275063,Auto,BTM Layout,RT Nagar,301.0,75.0,Not Applicable,Not Applicable,No,Not Applicable,911,UPI,11,3.3,4.1
2024-07-30 17:32:00,CNR3736797558,Driver Not Found,CID621820,eBike,Devanahalli,Whitefield,,,Not Applicable,Not Applicable,Not Applicable,Not Applicable,404,Not Applicable,0,,
2024-07-20 02:08:00,CNR5513381868,Canceled by Driver,CID771576,Prime Plus,Malleshwaram,Electronic City,,,Not Applicable,Customer related issue,Not Applicable,Not Applicable,118,Not Applicable,0,,
2024-07-30 02:53:00,CNR5422343779,Canceled by Driver,CID680438,Prime Sedan,Magadi Road,Malleshwaram,,,Not Applicable,Customer was coughing/sick,Not Applicable,Not Applicable,183,Not Applicable,0,,
2024-07-28 04:56:00,CNR6448569105,Success,CID863303,Prime Sedan,Hosur Road,Padmanabhanagar,42.0,40.0,Not Applicable,Not Applicable,No,Not Applicable,350,UPI,41,3.8,4.7
2024-07-11 09:38:00,CNR2776032593,Success,CID137223,Prime Sedan,JP Nagar,JP Nagar,147.0,60.0,Not Applicable,Not Applicable,No,Not Applicable,574,UPI,39,3.2,3.1
2024-07-06 00:28:00,CNR7261789727,Success,CID459987,Mini,Chickpet,Kammanahalli,189.0,105.0,Not Applicable,Not Applicable,No,Not Applicable,256,Cash,15,3.0,3.5
2024-07-12 01:49:00,CNR2886808692,Success,CID570530,Prime SUV,Sahakar Nagar,Hennur,259.0,55.0,Not Applicable,Not Applicable,No,Not Applicable,756,UPI,9,3.0,3.0
2024-07-18 18:20:00,CNR4538967028,Success,CID926334,Prime Plus,JP Nagar,Shivajinagar,175.0,70.0,Not Applicable,Not Applicable,No,Not Applicable,374,Cash,7,3.9,3.1
2024-07-13 20:44:00,CNR2985377243,Canceled by Driver,CID962241,Auto,Tumkur Road,Magadi Road,,,Not Applicable,Customer related issue,Not Applicable,Not Applicable,352,Not Applicable,0,,
2024-07-28 05:52:00,CNR6028419131,Success,CID325578,Mini,Hulimavu,Vijayanagar,63.0,110.0,Not Applicable,Not Applicable,No,Not Applicable,318,Cash,40,4.4,3.5
2024-07-06 06:50:00,CNR3598223771,Canceled by Customer,CID129770,Prime SUV,Cox Town,Vijayanagar,,,Driver is not moving towards pickup location,Not Applicable,Not Applicable,Not Applicable,984,Not Applicable,0,,
2024-07-16 19:10:00,CNR6927395038,Success,CID950056,Prime Plus,Varthur,MG Road,238.0,110.0,Not Applicable,Not Applicable,No,Not Applicable,244,Cash,15,3.0,4.0
2024-07-06 03:18:00,CNR6521248325,Canceled by Customer,CID985901,Mini,Jayanagar,Kammanahalli,,,Wrong Address,Not Applicable,Not Applicable,Not Applicable,252,Not Applicable,0,,
2024-07-04 20:08:00,CNR7041442785,Success,CID372387,eBike,Varthur,Chickpet,210.0,90.0,Not Applicable,Not Applicable,No,Not Applicable,287,Cash,32,5.0,3.6
2024-07-05 21:39:00,CNR8643983485,Canceled by Driver,CID152106,Prime Sedan,Hennur,Indiranagar,,,Not Applicable,Personal & Car related issue,Not Applicable,Not Applicable,2620,Not Applicable,0,,
2024-07-09 21:43:00,CNR5660219782,Canceled by Customer,CID457149,Auto,Marathahalli,Kammanahalli,,,Driver asked to cancel,Not Applicable,Not Applicable,Not Applicable,461,Not Applicable,0,,
2024-07-14 10:32:00,CNR3769372620,Success,CID273654,Auto,Tumkur Road,Mysore Road,140.0,45.0,Not Applicable,Not Applicable,No,Not Applicable,282,Credit Card,4,3.6,4.7
2024-07-13 22:57:00,CNR9896377906,Success,CID371936,eBike,Mysore Road,Hosur Road,49.0,30.0,Not Applicable,Not Applicable,No,Not Applicable,557,Cash,49,3.4,4.2
2024-07-27 07:29:00,CNR7007518773,Success,CID983172,Bike,Whitefield,Peenya,238.0,130.0,Not Applicable,Not Applicable,No,Not Applicable,714,Credit Card,40,4.1,3.1
2024-07-27 12:42:00,CNR3033259326,Driver Not Found,CID467856,eBike,Varthur,Basavanagudi,,,Not Applicable,Not Applicable,Not Applicable,Not Applicable,229,Not Applicable,0,,
2024-07-29 21:04:00,CNR5702473133,Canceled by Driver,CID575327,eBike,Bannerghatta Road,Hosur Road,,,Not Applicable,More than permitted people in there,Not Applicable,Not Applicable,249,Not Applicable,0,,
2024-07-28 11:14:00,CNR4338402842,Canceled by Customer,CID341975,Mini,Shivajinagar,Chickpet,,,Change of plans,Not Applicable,Not Applicable,Not Applicable,1011,Not Applicable,0,,
2024-07-25 20:07:00,CNR7295304439,Driver Not Found,CID152641,Bike,Cox Town,Padmanabhanagar,,,Not Applicable,Not Applicable,Not Applicable,Not Applicable,262,Not Applicable,0,,
2024-07-01 21:28:00,CNR7612980227,Success,CID399774,Prime SUV,Indiranagar,Banashankari,189.0,95.0,Not Applicable,Not Applicable,No,Not Applicable,642,Cash,12,3.7,4.1
2024-07-06 14:58:00,CNR6242343868,Success,CID885703,Bike,Whitefield,Ramamurthy Nagar,252.0,110.0,Not Applicable,Not Applicable,No,Not Applicable,188,UPI,31,3.1,3.2
2024-07-16 03:11:00,CNR9914353453,Success,CID759895,Prime SUV,Koramangala,Rajajinagar,231.0,55.0,Not Applicable,Not Applicable,No,Not Applicable,159,Cash,11,3.1,3.5
2024-07-07 06:18:00,CNR6771423267,Success,CID747186,Bike,Kengeri,Whitefield,147.0,75.0,Not Applicable,Not Applicable,No,Not Applicable,260,UPI,27,3.5,3.3
2024-07-30 08:25:00,CNR6555376999,Canceled by Driver,CID964889,Prime Plus,Whitefield,Yelahanka,,,Not Applicable,Customer related issue,Not Applicable,Not Applicable,129,Not Applicable,0,,
2024-07-10 09:45:00,CNR3265700799,Success,CID454886,Auto,Ramamurthy Nagar,Bannerghatta Road,42.0,120.0,Not Applicable,Not Applicable,No,Not Applicable,489,Cash,17,4.1,4.6
2024-07-15 13:24:00,CNR1732210062,Success,CID228031,Auto,Hosur Road,Sahakar Nagar,105.0,45.0,Not Applicable,Not Applicable,No,Not Applicable,523,Credit Card,17,4.3,3.9
2024-07-05 20:07:00,CNR6394279191,Canceled by Driver,CID903106,Auto,Bannerghatta Road,Bannerghatta Road,,,Not Applicable,Customer was coughing/sick,Not Applicable,Not Applicable,112,Not Applicable,0,,
2024-07-29 16:12:00,CNR8440677567,Canceled by Driver,CID135679,Auto,Hosur Road,RT Nagar,,,Not Applicable,Personal & Car related issue,Not Applicable,Not Applicable,453,Not Applicable,0,,
2024-07-09 17:28:00,CNR8935708553,Success,CID205004,Mini,Kammanahalli,BTM Layout,49.0,35.0,Not Applicable,Not Applicable,No,Not Applicable,141,Cash,23,4.1,3.8
2024-07-17 00:38:00,CNR7346022395,Success,CID745461,Mini,Rajajinagar,Vijayanagar,245.0,60.0,Not Applicable,Not Applicable,No,Not Applicable,583,Debit Card,26,4.6,5.0
2024-07-22 03:11:00,CNR2089398645,Canceled by Customer,CID595835,Prime Sedan,Peenya,Tumkur Road,,,Wrong Address,Not Applicable,Not Applicable,Not Applicable,164,Not Applicable,0,,
2024-07-15 12:10:00,CNR3099490361,Canceled by Customer,CID158977,Auto,Rajajinagar,Shantinagar,,,AC is Not working,Not Applicable,Not Applicable,Not Applicable,458,Not Applicable,0,,
2024-07-01 17:33:00,CNR9830392901,Driver Not Found,CID834774,Mini,JP Nagar,Hennur,,,Not Applicable,Not Applicable,Not Applicable,Not Applicable,211,Not Applicable,0,,
2024-07-20 18:16:00,CNR7039523349,Success,CID661240,Prime Plus,Hosur Road,MG Road,266.0,35.0,Not Applicable,Not Applicable,Yes,Customer Demand,226,Cash,21,4.5,3.4
2024-07-23 02:05:00,CNR1833927412,Success,CID558842,Bike,Kengeri,Shivajinagar,42.0,125.0,Not Applicable,Not Applicable,No,Not Applicable,947,UPI,16,4.9,3.3
2024-07-29 04:51:00,CNR7190950075,Driver Not Found,CID395774,Prime Sedan,Malleshwaram,KR Puram,,,Not Applicable,Not Applicable,Not Applicable,Not Applicable,348,Not Applicable,0,,
2024-07-12 07:08:00,CNR9533530794,Canceled by Customer,CID340485,Mini,Marathahalli,Peenya,,,Driver asked to cancel,Not Applicable,Not Applicable,Not Applicable,341,Not Applicable,0,,
2024-07-15 23:36:00,CNR9772499126,Success,CID808802,Bike,Yelahanka,Banashankari,308.0,105.0,Not Applicable,Not Applicable,No,Not Applicable,240,UPI,12,3.9,4.1
2024-07-11 10:16:00,CNR8760836230,Success,CID403428,Prime Plus,Malleshwaram,Mysore Road,273.0,45.0,Not Applicable,Not Applicable,No,Not Applicable,154,Cash,32,3.6,3.1
2024-07-22 19:35:00,CNR7356279857,Canceled by Driver,CID941161,Bike,Peenya,Varthur,,,Not Applicable,More than permitted people in there,Not Applicable,Not Applicable,207,Not Applicable,0,,
2024-07-02 14:47:00,CNR5235189316,Success,CID262523,Bike,Hosur Road,Sarjapur Road,84.0,55.0,Not Applicable,Not Applicable,No,Not Applicable,134,UPI,15,4.3,3.0
2024-07-28 23:48:00,CNR5016304991,Success,CID391821,Prime SUV,Chamarajpet,Tumkur Road,210.0,55.0,Not Applicable,Not Applicable,No,Not Applicable,320,UPI,7,4.7,3.2
2024-07-19 20:02:00,CNR2209499382,Canceled by Driver,CID775901,Prime SUV,Chickpet,Malleshwaram,,,Not Applicable,Personal & Car related issue,Not Applicable,Not Applicable,467,Not Applicable,0,,
2024-07-01 17:40:00,CNR2515480730,Success,CID288840,Prime Sedan,Magadi Road,Rajarajeshwari Nagar,35.0,65.0,Not Applicable,Not Applicable,No,Not Applicable,193,Cash,40,3.5,3.2
2024-07-22 13:52:00,CNR4921146694,Success,CID320296,Mini,Majestic,Malleshwaram,238.0,55.0,Not Applicable,Not Applicable,No,Not Applicable,229,UPI,28,3.3,3.2
2024-07-21 11:39:00,CNR7129488899,Success,CID303277,eBike,KR Puram,Varthur,266.0,120.0,Not Applicable,Not Applicable,No,Not Applicable,1261,UPI,44,4.6,4.5
2024-07-17 02:05:00,CNR3978352696,Canceled by Customer,CID992393,Bike,HSR Layout,Padmanabhanagar,,,Driver asked to cancel,Not Applicable,Not Applicable,Not Applicable,326,Not Applicable,0,,
2024-07-12 08:31:00,CNR9274474986,Success,CID605851,Auto,BTM Layout,Electronic City,168.0,60.0,Not Applicable,Not Applicable,No,Not Applicable,132,UPI,11,3.6,4.0
2024-07-23 19:04:00,CNR9509580705,Success,CID553392,Auto,Magadi Road,Tumkur Road,147.0,80.0,Not Applicable,Not Applicable,No,Not Applicable,189,Cash,10,4.9,3.2
2024-07-30 23:46:00,CNR6912635343,Success,CID393554,Prime SUV,Rajarajeshwari Nagar,Hosur Road,175.0,135.0,Not Applicable,Not Applicable,No,Not Applicable,160,Credit Card,48,4.1,4.6
2024-07-07 12:28:00,CNR5019727223,Success,CID918853,eBike,Marathahalli,Shantinagar,133.0,60.0,Not Applicable,Not Applicable,No,Not Applicable,343,Cash,44,3.4,3.3
2024-07-10 17:53:00,CNR6181426082,Success,CID980981,Prime Sedan,Chamarajpet,Nagarbhavi,287.0,130.0,Not Applicable,Not Applicable,No,Not Applicable,236,UPI,2,4.4,4.1
2024-07-09 02:28:00,CNR6966176543,Canceled by Driver,CID410216,eBike,Cox Town,JP Nagar,,,Not Applicable,Personal & Car related issue,Not Applicable,Not Applicable,231,Not Applicable,0,,
2024-07-09 14:31:00,CNR8479708414,Driver Not Found,CID753602,Prime Sedan,Yelahanka,Marathahalli,,,Not Applicable,Not Applicable,Not Applicable,Not Applicable,452,Not Applicable,0,,
2024-07-30 17:54:00,CNR4528112334,Success,CID601498,Prime Sedan,Peenya,Padmanabhanagar,224.0,125.0,Not Applicable,Not Applicable,No,Not Applicable,224,UPI,3,3.1,3.4
2024-07-15 11:53:00,CNR3680378827,Success,CID982423,Prime Plus,Sarjapur Road,Mysore Road,63.0,50.0,Not Applicable,Not Applicable,No,Not Applicable,727,UPI,7,3.2,4.8
2024-07-02 12:26:00,CNR7289294769,Success,CID754189,Bike,Hosur Road,Bellandur,217.0,120.0,Not Applicable,Not Applicable,No,Not Applicable,419,UPI,39,3.5,4.9
2024-07-09 00:06:00,CNR9686536437,Success,CID658183,Prime Sedan,Yelahanka,Hebbal,77.0,45.0,Not Applicable,Not Applicable,No,Not Applicable,514,UPI,13,3.8,3.0
2024-07-07 08:26:00,CNR5976644466,Success,CID261093,eBike,Langford Town,Frazer Town,35.0,35.0,Not Applicable,Not Applicable,No,Not Applicable,207,Cash,34,3.2,3.8
2024-07-14 03:54:00,CNR8322619113,Success,CID313256,Bike,Shantinagar,Devanahalli,210.0,120.0,Not Applicable,Not Applicable,No,Not Applicable,486,Cash,5,4.7,4.5
2024-07-21 06:27:00,CNR8758901196,Canceled by Driver,CID604517,Mini,Sahakar Nagar,Richmond Town,,,Not Applicable,Personal & Car related issue,Not Applicable,Not Applicable,477,Not Applicable,0,,
2024-07-16 01:59:00,CNR2803402705,Canceled by Customer,CID581403,Prime SUV,Varthur,Rajarajeshwari Nagar,,,Wrong Address,Not Applicable,Not Applicable,Not Applicable,356,Not Applicable,0,,
2024-07-27 08:15:00,CNR7974168174,Success,CID947676,Prime Sedan,Vijayanagar,Mysore Road,189.0,25.0,Not Applicable,Not Applicable,No,Not Applicable,810,UPI,27,4.6,3.7
2024-07-07 07:14:00,CNR2658207499,Canceled by Customer,CID151802,Mini,Hennur,Chickpet,,,Change of plans,Not Applicable,Not Applicable,Not Applicable,978,Not Applicable,0,,
2024-07-25 23:58:00,CNR3107681460,Success,CID676658,eBike,Frazer Town,Richmond Town,105.0,60.0,Not Applicable,Not Applicable,No,Not Applicable,216,Cash,28,3.5,4.7
2024-07-30 06:40:00,CNR6641109559,Canceled by Driver,CID686403,eBike,Nagarbhavi,Kadugodi,,,Not Applicable,Customer related issue,Not Applicable,Not Applicable,1757,Not Applicable,0,,
2024-07-23 00:53:00,CNR3094821096,Driver Not Found,CID582198,Prime Sedan,Richmond Town,MG Road,,,Not Applicable,Not Applicable,Not Applicable,Not Applicable,287,Not Applicable,0,,
2024-07-27 20:45:00,CNR9860973904,Success,CID442107,Prime Plus,Bellandur,Chamarajpet,301.0,140.0,Not Applicable,Not Applicable,No,Not Applicable,403,UPI,9,4.4,4.2
2024-07-24 12:37:00,CNR1054303859,Success,CID214459,Prime Plus,RT Nagar,Peenya,35.0,80.0,Not Applicable,Not Applicable,No,Not Applicable,987,Cash,21,3.1,3.3
2024-07-02 14:11:00,CNR8591502834,Success,CID330449,Prime SUV,Koramangala,Magadi Road,210.0,135.0,Not Applicable,Not Applicable,No,Not Applicable,460,UPI,47,3.3,3.4
2024-07-18 22:34:00,CNR6864308100,Success,CID583923,Prime Sedan,Rajarajeshwari Nagar,Kadugodi,245.0,115.0,Not Applicable,Not Applicable,No,Not Applicable,413,UPI,26,3.7,3.4
2024-07-29 20:14:00,CNR6615777819,Canceled by Driver,CID530586,eBike,Hulimavu,Rajarajeshwari Nagar,,,Not Applicable,Personal & Car related issue,Not Applicable,Not Applicable,123,Not Applicable,0,,
2024-07-22 08:35:00,CNR6801417832,Success,CID293967,Prime Sedan,HSR Layout,Magadi Road,196.0,80.0,Not Applicable,Not Applicable,No,Not Applicable,433,Cash,41,4.7,3.0
2024-07-12 15:07:00,CNR1712137718,Success,CID297265,Prime Plus,MG Road,Rajajinagar,182.0,120.0,Not Applicable,Not Applicable,No,Not Applicable,271,UPI,33,4.2,4.5
2024-07-18 13:22:00,CNR4154687618,Success,CID460938,eBike,Mysore Road,Yeshwanthpur,238.0,100.0,Not Applicable,Not Applicable,No,Not Applicable,410,Cash,4,4.0,3.9
2024-07-28 22:26:00,CNR7652040823,Canceled by Driver,CID191092,Bike,Langford Town,Nagarbhavi,,,Not Applicable,Customer related issue,Not Applicable,Not Applicable,289,Not Applicable,0,,
2024-07-24 15:43:00,CNR3832371061,Success,CID390804,Bike,Kadugodi,Ulsoor,245.0,45.0,Not Applicable,Not Applicable,No,Not Applicable,198,UPI,42,3.4,3.5
2024-07-20 22:59:00,CNR9013640320,Canceled by Driver,CID820136,Prime Plus,Majestic,Peenya,,,Not Applicable,Customer was coughing/sick,Not Applicable,Not Applicable,155,Not Applicable,0,,
2024-07-25 09:29:00,CNR5384479616,Success,CID405143,Prime Plus,Hulimavu,Ramamurthy Nagar,49.0,90.0,Not Applicable,Not Applicable,No,Not Applicable,380,Cash,22,4.1,3.2
2024-07-03 07:58:00,CNR3069823596,Driver Not Found,CID948879,Mini,JP Nagar,Hennur,,,Not Applicable,Not Applicable,Not Applicable,Not Applicable,397,Not Applicable,0,,
2024-07-05 04:44:00,CNR4261928649,Canceled by Customer,CID578616,Bike,Cox Town,Hennur,,,Driver asked to cancel,Not Applicable,Not Applicable,Not Applicable,201,Not Applicable,0,,
2024-07-16 17:35:00,CNR2638766379,Success,CID981623,Prime Sedan,Rajarajeshwari Nagar,HSR Layout,280.0,95.0,Not Applicable,Not Applicable,No,Not Applicable,730,Cash,16,4.3,4.4
2024-07-15 12:38:00,CNR1988448355,Success,CID193556,Mini,Peenya,Yelahanka,56.0,135.0,Not Applicable,Not Applicable,No,Not Applicable,424,Cash,46,4.7,4.9
2024-07-21 23:04:00,CNR9945428546,Success,CID407579,Bike,Malleshwaram,Shivajinagar,35.0,70.0,Not Applicable,Not Applicable,No,Not Applicable,208,UPI,13,3.1,3.3
2024-07-14 04:56:00,CNR2004194738,Success,CID532135,Mini,Chickpet,JP Nagar,133.0,25.0,Not Applicable,Not Applicable,No,Not Applicable,185,Cash,9,3.2,4.2
2024-07-26 16:38:00,CNR3468896779,Success,CID169765,Auto,Tumkur Road,Peenya,56.0,115.0,Not Applicable,Not Applicable,No,Not Applicable,2479,Cash,17,4.8,4.3
2024-07-07 13:15:00,CNR2823117896,Success,CID454796,Mini,HSR Layout,Chickpet,56.0,130.0,Not Applicable,Not Applicable,No,Not Applicable,402,Cash,6,3.7,5.0
2024-07-14 22:29:00,CNR2863729235,Success,CID169929,Prime Plus,Marathahalli,Kengeri,217.0,30.0,Not Applicable,Not Applicable,No,Not Applicable,308,Cash,10,4.0,4.3
2024-07-28 11:13:00,CNR4831866033,Canceled by Customer,CID941139,Auto,Varthur,Bannerghatta Road,,,Driver is not moving towards pickup location,Not Applicable,Not Applicable,Not Applicable,401,Not Applicable,0,,
2024-07-15 11:14:00,CNR4782189151,Success,CID342308,Prime Plus,Yelahanka,Shivajinagar,147.0,115.0,Not Applicable,Not Applicable,No,Not Applicable,711,UPI,17,4.8,4.2
2024-07-30 03:19:00,CNR1980996187,Success,CID988653,Auto,Basavanagudi,Padmanabhanagar,287.0,125.0,Not Applicable,Not Applicable,No,Not Applicable,251,UPI,16,3.4,3.9
2024-07-07 13:00:00,CNR2176106954,Success,CID104357,eBike,MG Road,Frazer Town,266.0,65.0,Not Applicable,Not Applicable,No,Not Applicable,1822,Cash,5,3.4,3.3
2024-07-04 16:14:00,CNR2688800694,Success,CID434354,Prime Sedan,MG Road,Hennur,98.0,90.0,Not Applicable,Not Applicable,No,Not Applicable,309,Cash,8,3.0,3.0
2024-07-02 17:24:00,CNR1524709519,Success,CID822538,Auto,Peenya,Chickpet,308.0,145.0,Not Applicable,Not Applicable,No,Not Applicable,397,UPI,1,3.6,4.6
2024-07-25 01:44:00,CNR3870854535,Driver Not Found,CID532000,Prime Sedan,BTM Layout,Mysore Road,,,Not Applicable,Not Applicable,Not Applicable,Not Applicable,821,Not Applicable,0,,
2024-07-01 12:06:00,CNR2569801705,Success,CID906872,Prime Sedan,Marathahalli,Magadi Road,308.0,95.0,Not Applicable,Not Applicable,No,Not Applicable,760,Cash,2,3.4,4.3
2024-07-15 13:33:00,CNR4683129117,Canceled by Driver,CID196598,eBike,Yelahanka,MG Road,,,Not Applicable,More than permitted people in there,Not Applicable,Not Applicable,510,Not Applicable,0,,
2024-07-24 14:57:00,CNR4094005035,Canceled by Customer,CID857532,Prime SUV,Cox Town,MG Road,,,Driver is not moving towards pickup location,Not Applicable,Not Applicable,Not Applicable,2448,Not Applicable,0,,
2024-07-31 00:00:00,CNR8892081337,Success,CID382769,Prime Plus,Ulsoor,Magadi Road,259.0,110.0,Not Applicable,Not Applicable,No,Not Applicable,461,Cash,46,4.5,4.7
2024-07-21 15:36:00,CNR9933325451,Success,CID144726,Prime Plus,Chickpet,Shivajinagar,105.0,140.0,Not Applicable,Not Applicable,No,Not Applicable,420,Cash,43,3.4,4.5
2024-07-30 12:22:00,CNR4585985390,Success,CID139905,Prime Plus,Hosur Road,Hulimavu,245.0,30.0,Not Applicable,Not Applicable,No,Not Applicable,513,UPI,19,4.0,3.5
2024-07-07 01:05:00,CNR5171502252,Success,CID872561,Prime SUV,RT Nagar,Peenya,49.0,110.0,Not Applicable,Not Applicable,No,Not Applicable,1596,Cash,4,3.9,3.0
2024-07-04 05:44:00,CNR1344973974,Success,CID160285,Prime SUV,Sahakar Nagar,Yeshwanthpur,42.0,50.0,Not Applicable,Not Applicable,No,Not Applicable,727,UPI,9,3.5,3.2
2024-07-20 13:25:00,CNR8973194033,Success,CID732488,Bike,Frazer Town,Vijayanagar,49.0,115.0,Not Applicable,Not Applicable,No,Not Applicable,700,Cash,28,4.9,3.2
2024-07-20 18:44:00,CNR9996822977,Success,CID128711,Auto,HSR Layout,MG Road,63.0,25.0,Not Applicable,Not Applicable,No,Not Applicable,727,UPI,6,4.8,3.3
2024-07-30 14:32:00,CNR7898158736,Success,CID474022,Auto,Padmanabhanagar,Whitefield,231.0,100.0,Not Applicable,Not Applicable,No,Not Applicable,230,UPI,1,3.6,4.5
2024-07-23 18:15:00,CNR9160584101,Success,CID941558,Prime Plus,Ulsoor,RT Nagar,294.0,60.0,Not Applicable,Not Applicable,No,Not Applicable,447,UPI,19,4.0,4.1
2024-07-30 14:15:00,CNR9831685778,Success,CID825142,Bike,Shivajinagar,Hebbal,252.0,100.0,Not Applicable,Not Applicable,No,Not Applicable,219,Cash,5,4.0,3.8
2024-07-05 00:01:00,CNR9374462981,Success,CID260943,Prime Sedan,Bellandur,Varthur,105.0,45.0,Not Applicable,Not Applicable,No,Not Applicable,269,Cash,37,3.1,4.5
2024-07-23 21:06:00,CNR6751624121,Canceled by Driver,CID233482,eBike,RT Nagar,Kadugodi,,,Not Applicable,Customer was coughing/sick,Not Applicable,Not Applicable,235,Not Applicable,0,,
2024-07-05 00:02:00,CNR9281937906,Canceled by Customer,CID943688,Auto,Indiranagar,Nagarbhavi,,,Change of plans,Not Applicable,Not Applicable,Not Applicable,360,Not Applicable,0,,
2024-07-02 22:30:00,CNR2507985493,Success,CID183766,eBike,Langford Town,Cox Town,217.0,55.0,Not Applicable,Not Applicable,Yes,Customer Demand,988,Credit Card,9,3.7,4.7
2024-07-27 15:55:00,CNR9706984084,Canceled by Driver,CID846338,Prime Plus,Varthur,Cox Town,,,Not Applicable,Customer related issue,Not Applicable,Not Applicable,1772,Not Applicable,0,,
2024-07-27 22:06:00,CNR3598836843,Canceled by Customer,CID401748,Prime Plus,Varthur,Padmanabhanagar,,,AC is Not working,Not Applicable,Not Applicable,Not Applicable,428,Not Applicable,0,,
2024-07-07 05:15:00,CNR3349112887,Driver Not Found,CID414754,Prime SUV,Kammanahalli,Varthur,,,Not Applicable,Not Applicable,Not Applicable,Not Applicable,324,Not Applicable,0,,
2024-07-26 12:42:00,CNR1883972380,Success,CID668598,eBike,Vijayanagar,BTM Layout,175.0,95.0,Not Applicable,Not Applicable,No,Not Applicable,720,UPI,32,3.8,4.9
2024-07-23 18:48:00,CNR7311876349,Canceled by Customer,CID855433,eBike,Cox Town,Ramamurthy Nagar,,,Driver is not moving towards pickup location,Not Applicable,Not Applicable,Not Applicable,683,Not Applicable,0,,
2024-07-13 00:58:00,CNR5832925821,Driver Not Found,CID125944,Bike,Sahakar Nagar,Richmond Town,,,Not Applicable,Not Applicable,Not Applicable,Not Applicable,495,Not Applicable,0,,
2024-07-26 00:20:00,CNR6575418143,Success,CID331934,Auto,Chickpet,Whitefield,140.0,35.0,Not Applicable,Not Applicable,No,Not Applicable,315,UPI,10,4.4,4.0
2024-07-09 04:51:00,CNR3108480979,Success,CID697571,Mini,Ulsoor,Yelahanka,280.0,65.0,Not Applicable,Not Applicable,No,Not Applicable,2873,Cash,39,3.8,4.2
2024-07-06 02:19:00,CNR6961388155,Success,CID229968,Mini,BTM Layout,Bellandur,63.0,100.0,Not Applicable,Not Applicable,No,Not Applicable,1904,UPI,18,3.0,4.7
2024-07-07 14:25:00,CNR9362785884,Success,CID117107,Prime Sedan,Richmond Town,Hosur Road,63.0,40.0,Not Applicable,Not Applicable,No,Not Applicable,939,Cash,12,4.2,3.0
2024-07-23 20:36:00,CNR9902472208,Success,CID482511,Bike,Basavanagudi,Padmanabhanagar,154.0,120.0,Not Applicable,Not Applicable,No,Not Applicable,259,Cash,6,4.9,4.9
2024-07-13 22:18:00,CNR7658689892,Canceled by Driver,CID933040,Mini,BTM Layout,Nagarbhavi,,,Not Applicable,Customer related issue,Not Applicable,Not Applicable,384,Not Applicable,0,,
2024-07-30 13:41:00,CNR5322836127,Canceled by Driver,CID150866,Prime Sedan,Yelahanka,RT Nagar,,,Not Applicable,Customer related issue,Not Applicable,Not Applicable,203,Not Applicable,0,,
2024-07-07 02:47:00,CNR2969970019,Success,CID864352,Prime Sedan,Rajajinagar,MG Road,196.0,120.0,Not Applicable,Not Applicable,No,Not Applicable,428,UPI,9,3.4,4.3
2024-07-01 17:34:00,CNR4205751966,Success,CID169333,Prime Sedan,KR Puram,RT Nagar,168.0,60.0,Not Applicable,Not Applicable,No,Not Applicable,724,Cash,28,4.7,3.8
2024-07-21 20:55:00,CNR6874220726,Success,CID274139,Bike,Vijayanagar,Hebbal,161.0,130.0,Not Applicable,Not Applicable,No,Not Applicable,993,UPI,38,3.2,3.5
2024-07-28 05:40:00,CNR1022342910,Canceled by Driver,CID695131,Prime Sedan,Richmond Town,Hennur,,,Not Applicable,Personal & Car related issue,Not Applicable,Not Applicable,307,Not Applicable,0,,
2024-07-14 23:23:00,CNR7193201514,Success,CID957505,eBike,Majestic,Kammanahalli,98.0,100.0,Not Applicable,Not Applicable,No,Not Applicable,101,UPI,21,3.1,4.2
2024-07-08 10:12:00,CNR4990984278,Success,CID444593,Auto,Padmanabhanagar,JP Nagar,70.0,100.0,Not Applicable,Not Applicable,No,Not Applicable,315,Cash,3,3.6,4.9
2024-07-29 11:55:00,CNR4561087871,Success,CID177521,Prime Plus,Shantinagar,Shantinagar,56.0,40.0,Not Applicable,Not Applicable,No,Not Applicable,411,UPI,37,4.6,3.2
2024-07-19 11:20:00,CNR1085422092,Canceled by Customer,CID275773,Prime Sedan,Chamarajpet,Padmanabhanagar,,,Change of plans,Not Applicable,Not Applicable,Not Applicable,571,Not Applicable,0,,
2024-07-03 12:10:00,CNR1831763752,Canceled by Driver,CID460551,Prime SUV,Kadugodi,Chamarajpet,,,Not Applicable,Personal & Car related issue,Not Applicable,Not Applicable,650,Not Applicable,0,,
2024-07-26 12:28:00,CNR4592234163,Success,CID403865,Bike,Bannerghatta Road,Chamarajpet,252.0,125.0,Not Applicable,Not Applicable,No,Not Applicable,247,Cash,46,3.0,3.2
2024-07-14 11:36:00,CNR6763558322,Success,CID800040,Prime SUV,Majestic,Jayanagar,196.0,145.0,Not Applicable,Not Applicable,No,Not Applicable,2970,UPI,32,3.4,5.0
2024-07-06 12:02:00,CNR9521137500,Canceled by Driver,CID409358,eBike,Sarjapur Road,Majestic,,,Not Applicable,Customer related issue,Not Applicable,Not Applicable,551,Not Applicable,0,,
2024-07-29 02:17:00,CNR9751597277,Success,CID260051,Auto,Devanahalli,Hennur,105.0,110.0,Not Applicable,Not Applicable,No,Not Applicable,302,Cash,10,3.3,4.2
2024-07-27 20:04:00,CNR7585318415,Success,CID540571,Prime SUV,Banashankari,KR Puram,273.0,40.0,Not Applicable,Not Applicable,No,Not Applicable,435,Cash,4,3.7,3.5
2024-07-18 00:33:00,CNR7270953095,Success,CID185746,Prime SUV,Hebbal,JP Nagar,98.0,35.0,Not Applicable,Not Applicable,No,Not Applicable,411,UPI,13,4.5,4.2
2024-07-29 02:11:00,CNR8829140526,Canceled by Customer,CID252974,eBike,Electronic City,Bellandur,,,Change of plans,Not Applicable,Not Applicable,Not Applicable,1626,Not Applicable,0,,
2024-07-09 04:32:00,CNR3740385360,Canceled by Customer,CID308398,Prime Plus,Kengeri,Shantinagar,,,AC is Not working,Not Applicable,Not Applicable,Not Applicable,216,Not Applicable,0,,
2024-07-05 16:44:00,CNR8441344152,Success,CID498386,Auto,Sarjapur Road,Indiranagar,154.0,130.0,Not Applicable,Not Applicable,No,Not Applicable,1274,Credit Card,10,4.1,4.1
2024-07-23 11:26:00,CNR3995990723,Canceled by Customer,CID281358,Mini,Majestic,Vijayanagar,,,Driver asked to cancel,Not Applicable,Not Applicable,Not Applicable,239,Not Applicable,0,,
2024-07-07 08:53:00,CNR6262939738,Success,CID891511,Prime Plus,Majestic,Hulimavu,84.0,115.0,Not Applicable,Not Applicable,No,Not Applicable,385,UPI,23,4.4,4.6
2024-07-01 06:32:00,CNR8897912074,Canceled by Driver,CID734189,Auto,MG Road,Magadi Road,,,Not Applicable,Customer was coughing/sick,Not Applicable,Not Applicable,240,Not Applicable,0,,
2024-07-02 21:47:00,CNR3207621297,Driver Not Found,CID319240,Auto,HSR Layout,Yelahanka,,,Not Applicable,Not Applicable,Not Applicable,Not Applicable,135,Not Applicable,0,,
2024-07-08 11:10:00,CNR6565072382,Success,CID881370,Prime SUV,Varthur,Koramangala,259.0,30.0,Not Applicable,Not Applicable,No,Not Applicable,199,UPI,34,4.3,4.7
2024-07-08 10:46:00,CNR8571319959,Success,CID658201,Prime Sedan,Yelahanka,KR Puram,56.0,105.0,Not Applicable,Not Applicable,No,Not Applicable,464,UPI,21,3.2,3.7
2024-07-18 18:18:00,CNR5697992098,Canceled by Customer,CID113057,Auto,Hennur,Rajajinagar,,,Driver is not moving towards pickup location,Not Applicable,Not Applicable,Not Applicable,203,Not Applicable,0,,
2024-07-22 01:35:00,CNR3245394950,Success,CID611889,Auto,Yelahanka,Ramamurthy Nagar,259.0,135.0,Not Applicable,Not Applicable,No,Not Applicable,309,UPI,14,4.8,4.8
2024-07-11 05:36:00,CNR6926708517,Success,CID168024,Prime SUV,Richmond Town,Frazer Town,217.0,50.0,Not Applicable,Not Applicable,No,Not Applicable,338,Cash,4,4.2,4.2
2024-07-17 23:10:00,CNR3596417834,Success,CID936108,Prime Sedan,Sarjapur Road,Kammanahalli,147.0,55.0,Not Applicable,Not Applicable,No,Not Applicable,1774,Cash,13,4.9,4.7
2024-07-19 22:07:00,CNR2393938865,Success,CID761640,eBike,Bannerghatta Road,Padmanabhanagar,266.0,70.0,Not Applicable,Not Applicable,No,Not Applicable,342,UPI,13,3.6,4.9
2024-07-13 07:46:00,CNR7988408345,Canceled by Driver,CID967662,Auto,Chickpet,Nagarbhavi,,,Not Applicable,Personal & Car related issue,Not Applicable,Not Applicable,254,Not Applicable,0,,
2024-07-08 07:05:00,CNR4379756184,Canceled by Driver,CID691770,Mini,Devanahalli,Electronic City,,,Not Applicable,Customer related issue,Not Applicable,Not Applicable,295,Not Applicable,0,,
2024-07-22 05:21:00,CNR8097173065,Success,CID199559,Mini,Kengeri,Shantinagar,105.0,100.0,Not Applicable,Not Applicable,No,Not Applicable,983,UPI,9,3.5,4.8
2024-07-15 18:26:00,CNR2842434595,Canceled by Customer,CID694808,Auto,HSR Layout,Chamarajpet,,,Wrong Address,Not Applicable,Not Applicable,Not Applicable,476,Not Applicable,0,,
2024-07-04 10:47:00,CNR8195395134,Success,CID930493,Bike,Hebbal,Majestic,112.0,85.0,Not Applicable,Not Applicable,No,Not Applicable,193,Cash,24,4.1,4.1
2024-07-28 05:04:00,CNR2921783763,Success,CID538024,Auto,Marathahalli,Ulsoor,287.0,95.0,Not Applicable,Not Applicable,No,Not Applicable,869,UPI,16,3.8,4.6
2024-07-09 13:45:00,CNR1473014056,Success,CID338269,eBike,Hebbal,Sahakar Nagar,126.0,125.0,Not Applicable,Not Applicable,No,Not Applicable,955,Cash,14,4.4,4.2
2024-07-18 20:27:00,CNR5677010911,Success,CID813813,Prime SUV,Richmond Town,Chamarajpet,259.0,110.0,Not Applicable,Not Applicable,No,Not Applicable,126,Cash,2,4.5,3.9
2024-07-29 13:51:00,CNR9088263648,Canceled by Driver,CID224101,eBike,Cox Town,Hulimavu,,,Not Applicable,Personal & Car related issue,Not Applicable,Not Applicable,979,Not Applicable,0,,
2024-07-24 15:44:00,CNR9555189530,Canceled by Customer,CID644895,Auto,Vijayanagar,Rajajinagar,,,Change of plans,Not Applicable,Not Applicable,Not Applicable,269,Not Applicable,0,,
2024-07-08 22:31:00,CNR4150747302,Success,CID106932,Mini,Hosur Road,Bellandur,294.0,75.0,Not Applicable,Not Applicable,No,Not Applicable,333,UPI,10,4.5,3.6
2024-07-30 16:23:00,CNR2791314800,Success,CID156688,Prime Plus,Majestic,Devanahalli,77.0,130.0,Not Applicable,Not Applicable,No,Not Applicable,290,Cash,42,4.6,3.2
2024-07-15 15:55:00,CNR1554343819,Canceled by Driver,CID423974,Bike,Nagarbhavi,BTM Layout,,,Not Applicable,Customer related issue,Not Applicable,Not Applicable,768,Not Applicable,0,,
2024-07-13 23:33:00,CNR4265789420,Canceled by Driver,CID758244,Prime SUV,BTM Layout,Electronic City,,,Not Applicable,Personal & Car related issue,Not Applicable,Not Applicable,729,Not Applicable,0,,
2024-07-11 13:12:00,CNR3213662942,Success,CID311941,Prime Sedan,Basavanagudi,Malleshwaram,301.0,90.0,Not Applicable,Not Applicable,No,Not Applicable,287,Cash,41,3.9,4.0
2024-07-10 09:35:00,CNR1309199528,Success,CID392856,Mini,Ulsoor,Yeshwanthpur,308.0,110.0,Not Applicable,Not Applicable,No,Not Applicable,301,UPI,17,3.6,3.3
2024-07-28 04:37:00,CNR8567765980,Driver Not Found,CID587887,Prime SUV,Rajajinagar,Majestic,,,Not Applicable,Not Applicable,Not Applicable,Not Applicable,567,Not Applicable,0,,
2024-07-03 11:14:00,CNR7021105780,Success,CID818430,Prime SUV,Sahakar Nagar,Peenya,154.0,35.0,Not Applicable,Not Applicable,No,Not Applicable,337,Cash,40,3.0,3.3
2024-07-25 05:24:00,CNR8481396335,Success,CID312741,Bike,Hebbal,Hennur,119.0,95.0,Not Applicable,Not Applicable,No,Not Applicable,233,Cash,48,3.2,4.7
2024-07-06 17:59:00,CNR3503651367,Success,CID950569,Prime SUV,Whitefield,Hennur,287.0,135.0,Not Applicable,Not Applicable,No,Not Applicable,2381,Cash,29,4.5,4.8
2024-07-08 10:37:00,CNR3362558281,Success,CID872580,Prime Sedan,Richmond Town,Chamarajpet,266.0,45.0,Not Applicable,Not Applicable,No,Not Applicable,958,Cash,28,4.2,4.7
2024-07-18 20:06:00,CNR4379089207,Success,CID735154,Prime SUV,Peenya,Electronic City,77.0,30.0,Not Applicable,Not Applicable,No,Not Applicable,484,UPI,17,4.6,3.3
2024-07-11 00:29:00,CNR8071655100,Canceled by Customer,CID256300,Bike,Rajajinagar,MG Road,,,Driver asked to cancel,Not Applicable,Not Applicable,Not Applicable,408,Not Applicable,0,,
2024-07-06 17:44:00,CNR1914195953,Success,CID509966,Prime Sedan,Hulimavu,Chickpet,203.0,65.0,Not Applicable,Not Applicable,Yes,Customer Demand,953,Cash,8,4.6,3.6
2024-07-27 14:12:00,CNR6003733556,Success,CID472625,eBike,JP Nagar,Banashankari,273.0,110.0,Not Applicable,Not Applicable,No,Not Applicable,844,UPI,13,3.1,4.3
2024-07-25 14:34:00,CNR8998905455,Success,CID935052,Bike,Kadugodi,Yelahanka,56.0,50.0,Not Applicable,Not Applicable,Yes,Customer Demand,954,UPI,41,3.7,3.7
2024-07-16 12:23:00,CNR7560903992,Canceled by Driver,CID128630,Bike,Tumkur Road,Shivajinagar,,,Not Applicable,Customer was coughing/sick,Not Applicable,Not Applicable,249,Not Applicable,0,,
2024-07-04 14:54:00,CNR5201479331,Success,CID295027,Prime Plus,Majestic,Rajarajeshwari Nagar,294.0,60.0,Not Applicable,Not Applicable,No,Not Applicable,312,UPI,48,3.8,3.2
2024-07-10 05:45:00,CNR7797105990,Success,CID615816,Prime Plus,Hosur Road,Indiranagar,245.0,110.0,Not Applicable,Not Applicable,No,Not Applicable,954,Cash,26,4.8,3.0
2024-07-19 18:15:00,CNR4004533692,Success,CID378241,Prime Plus,RT Nagar,MG Road,56.0,145.0,Not Applicable,Not Applicable,No,Not Applicable,923,UPI,3,3.3,3.8
2024-07-10 18:26:00,CNR8897494880,Driver Not Found,CID172535,Bike,Cox Town,Langford Town,,,Not Applicable,Not Applicable,Not Applicable,Not Applicable,831,Not Applicable,0,,
2024-07-06 11:21:00,CNR6104592130,Canceled by Customer,CID704814,eBike,Indiranagar,Banashankari,,,AC is Not working,Not Applicable,Not Applicable,Not Applicable,419,Not Applicable,0,,
2024-07-22 16:58:00,CNR3861175761,Success,CID710279,Prime Sedan,Electronic City,Mysore Road,252.0,50.0,Not Applicable,Not Applicable,No,Not Applicable,433,UPI,25,3.9,3.4
2024-07-16 10:53:00,CNR7670270858,Driver Not Found,CID853619,Prime SUV,Yelahanka,Indiranagar,,,Not Applicable,Not Applicable,Not Applicable,Not Applicable,480,Not Applicable,0,,
2024-07-25 01:32:00,CNR3362451698,Success,CID818959,Auto,Devanahalli,Varthur,126.0,85.0,Not Applicable,Not Applicable,No,Not Applicable,392,Cash,13,4.8,4.7
2024-07-17 12:30:00,CNR7069155580,Canceled by Driver,CID646855,eBike,Padmanabhanagar,Richmond Town,,,Not Applicable,Customer related issue,Not Applicable,Not Applicable,300,Not Applicable,0,,
2024-07-08 08:48:00,CNR2203628135,Success,CID886422,Prime Plus,Kadugodi,Ramamurthy Nagar,168.0,45.0,Not Applicable,Not Applicable,No,Not Applicable,233,Cash,25,4.1,3.2
2024-07-15 00:57:00,CNR9212021753,Success,CID805541,Auto,Hebbal,Vijayanagar,273.0,125.0,Not Applicable,Not Applicable,No,Not Applicable,203,UPI,19,3.3,4.0
2024-07-23 20:19:00,CNR5543535120,Canceled by Driver,CID205357,Bike,Koramangala,Vijayanagar,,,Not Applicable,More than permitted people in there,Not Applicable,Not Applicable,2519,Not Applicable,0,,
2024-07-02 07:57:00,CNR1832916701,Success,CID510768,Prime Plus,Mysore Road,Kammanahalli,56.0,140.0,Not Applicable,Not Applicable,No,Not Applicable,2180,Cash,3,3.3,3.4
2024-07-27 22:08:00,CNR5896038226,Success,CID978947,Mini,Richmond Town,MG Road,238.0,145.0,Not Applicable,Not Applicable,No,Not Applicable,316,Cash,38,3.8,3.4
2024-07-12 10:27:00,CNR3207493059,Success,CID279306,eBike,Jayanagar,Nagarbhavi,294.0,115.0,Not Applicable,Not Applicable,No,Not Applicable,139,UPI,1,3.6,4.7
2024-07-11 05:43:00,CNR3890838884,Success,CID368994,Auto,Hennur,Yeshwanthpur,210.0,145.0,Not Applicable,Not Applicable,No,Not Applicable,1047,UPI,15,3.4,3.7
2024-07-20 02:48:00,CNR6937200649,Success,CID192153,Mini,Rajarajeshwari Nagar,Nagarbhavi,77.0,140.0,Not Applicable,Not Applicable,No,Not Applicable,389,UPI,39,3.7,4.9
2024-07-13 09:18:00,CNR1058940151,Success,CID192648,Prime Sedan,MG Road,Chamarajpet,259.0,110.0,Not Applicable,Not Applicable,No,Not Applicable,903,Cash,28,3.4,3.6
2024-07-25 06:53:00,CNR4305732483,Success,CID135085,Auto,RT Nagar,Jayanagar,147.0,100.0,Not Applicable,Not Applicable,No,Not Applicable,2259,Cash,4,3.7,3.9
2024-07-05 12:04:00,CNR3154153448,Canceled by Driver,CID866019,Prime Sedan,Ulsoor,Yelahanka,,,Not Applicable,Personal & Car related issue,Not Applicable,Not Applicable,379,Not Applicable,0,,
2024-07-03 16:22:00,CNR5179057613,Success,CID673793,eBike,Sahakar Nagar,Tumkur Road,196.0,25.0,Not Applicable,Not Applicable,No,Not Applicable,218,Cash,19,4.1,3.3
2024-07-13 19:22:00,CNR5485314873,Canceled by Customer,CID439308,Prime Sedan,Hosur Road,Sarjapur Road,,,Change of plans,Not Applicable,Not Applicable,Not Applicable,329,Not Applicable,0,,
2024-07-26 15:26:00,CNR2207927662,Canceled by Driver,CID268468,Prime Plus,Hosur Road,Hebbal,,,Not Applicable,Customer was coughing/sick,Not Applicable,Not Applicable,209,Not Applicable,0,,
2024-07-03 04:19:00,CNR8002554463,Canceled by Customer,CID177244,Prime Plus,Indiranagar,Richmond Town,,,Driver asked to cancel,Not Applicable,Not Applicable,Not Applicable,105,Not Applicable,0,,
2024-07-12 22:40:00,CNR6735367631,Canceled by Customer,CID689823,Auto,KR Puram,Varthur,,,Change of plans,Not Applicable,Not Applicable,Not Applicable,523,Not Applicable,0,,
2024-07-27 02:00:00,CNR1850165600,Success,CID205153,Prime SUV,Magadi Road,BTM Layout,56.0,60.0,Not Applicable,Not Applicable,No,Not Applicable,118,Cash,30,3.1,4.1
2024-07-21 09:54:00,CNR7479779329,Success,CID132475,Prime Sedan,Malleshwaram,Bellandur,49.0,80.0,Not Applicable,Not Applicable,No,Not Applicable,156,Cash,45,4.6,3.4
2024-07-25 02:28:00,CNR9178594758,Canceled by Driver,CID470357,eBike,Malleshwaram,Kadugodi,,,Not Applicable,Customer related issue,Not Applicable,Not Applicable,430,Not Applicable,0,,
2024-07-27 08:25:00,CNR6944347161,Success,CID225072,Mini,Marathahalli,Malleshwaram,224.0,50.0,Not Applicable,Not Applicable,No,Not Applicable,341,Cash,27,4.6,4.2
2024-07-21 04:46:00,CNR1687202912,Driver Not Found,CID210052,Prime Sedan,Langford Town,Marathahalli,,,Not Applicable,Not Applicable,Not Applicable,Not Applicable,348,Not Applicable,0,,
2024-07-19 12:53:00,CNR8167203444,Success,CID310898,Prime Plus,BTM Layout,Rajarajeshwari Nagar,77.0,110.0,Not Applicable,Not Applicable,No,Not Applicable,327,Cash,45,4.3,3.4
2024-07-29 20:33:00,CNR3421135090,Canceled by Customer,CID958720,Auto,Devanahalli,Magadi Road,,,Change of plans,Not Applicable,Not Applicable,Not Applicable,117,Not Applicable,0,,
2024-07-07 19:57:00,CNR5066111919,Success,CID159157,Bike,Chickpet,BTM Layout,273.0,95.0,Not Applicable,Not Applicable,No,Not Applicable,1001,Cash,33,3.7,4.5
2024-07-04 08:47:00,CNR1708581750,Success,CID370608,Prime Sedan,Richmond Town,Bellandur,126.0,140.0,Not Applicable,Not Applicable,No,Not Applicable,327,UPI,18,3.2,4.7
2024-07-18 01:59:00,CNR1072640146,Success,CID814380,Bike,Hebbal,Magadi Road,126.0,145.0,Not Applicable,Not Applicable,No,Not Applicable,488,Cash,31,5.0,3.1
2024-07-20 02:51:00,CNR2744213237,Success,CID337701,Auto,BTM Layout,Magadi Road,203.0,140.0,Not Applicable,Not Applicable,No,Not Applicable,663,Cash,8,3.3,3.8
2024-07-30 21:43:00,CNR8021357879,Success,CID636249,Prime Plus,Whitefield,Sarjapur Road,133.0,30.0,Not Applicable,Not Applicable,No,Not Applicable,1154,Cash,43,4.2,3.3
2024-07-29 20:46:00,CNR4232274572,Success,CID842922,Prime Plus,Bannerghatta Road,Cox Town,91.0,95.0,Not Applicable,Not Applicable,No,Not Applicable,1464,Cash,40,4.6,4.8
2024-07-09 06:16:00,CNR4012536142,Driver Not Found,CID275098,Auto,Yelahanka,Indiranagar,,,Not Applicable,Not Applicable,Not Applicable,Not Applicable,163,Not Applicable,0,,
2024-07-05 04:33:00,CNR9665208907,Success,CID536485,Bike,Peenya,Ramamurthy Nagar,196.0,120.0,Not Applicable,Not Applicable,No,Not Applicable,434,Cash,21,4.1,3.5
2024-07-16 10:22:00,CNR1991745920,Success,CID477781,Prime SUV,Mysore Road,Kadugodi,119.0,70.0,Not Applicable,Not Applicable,No,Not Applicable,333,Cash,28,3.6,3.4
2024-07-08 14:30:00,CNR3664688618,Canceled by Driver,CID930729,Prime SUV,Tumkur Road,BTM Layout,,,Not Applicable,Personal & Car related issue,Not Applicable,Not Applicable,408,Not Applicable,0,,
2024-07-27 16:32:00,CNR2715102971,Success,CID628025,Prime SUV,JP Nagar,Varthur,210.0,35.0,Not Applicable,Not Applicable,No,Not Applicable,406,UPI,9,4.1,3.2
2024-07-07 12:22:00,CNR5787339864,Success,CID889961,Auto,JP Nagar,Chamarajpet,294.0,135.0,Not Applicable,Not Applicable,No,Not Applicable,243,Cash,14,4.8,4.6
2024-07-19 02:52:00,CNR8332503280,Driver Not Found,CID707677,Prime Plus,HSR Layout,Chamarajpet,,,Not Applicable,Not Applicable,Not Applicable,Not Applicable,1811,Not Applicable,0,,
2024-07-22 05:01:00,CNR3148348588,Canceled by Customer,CID165056,Prime Plus,Kammanahalli,MG Road,,,Driver asked to cancel,Not Applicable,Not Applicable,Not Applicable,205,Not Applicable,0,,
2024-07-07 12:52:00,CNR7915750746,Canceled by Driver,CID640131,eBike,Magadi Road,Electronic City,,,Not Applicable,Personal & Car related issue,Not Applicable,Not Applicable,212,Not Applicable,0,,
2024-07-17 04:52:00,CNR6409500177,Success,CID364535,Prime Sedan,Yelahanka,Chickpet,238.0,35.0,Not Applicable,Not Applicable,No,Not Applicable,237,Cash,37,3.7,4.6
2024-07-27 06:08:00,CNR1515976463,Canceled by Customer,CID919862,Prime Plus,MG Road,Bannerghatta Road,,,Driver asked to cancel,Not Applicable,Not Applicable,Not Applicable,222,Not Applicable,0,,
2024-07-17 12:50:00,CNR2392608618,Canceled by Driver,CID584126,eBike,Ulsoor,Cox Town,,,Not Applicable,Personal & Car related issue,Not Applicable,Not Applicable,334,Not Applicable,0,,
2024-07-03 19:44:00,CNR9370826987,Canceled by Customer,CID703699,Auto,Yelahanka,Electronic City,,,Wrong Address,Not Applicable,Not Applicable,Not Applicable,350,Not Applicable,0,,
2024-07-07 02:15:00,CNR2606506051,Driver Not Found,CID714139,Prime Plus,Peenya,Hennur,,,Not Applicable,Not Applicable,Not Applicable,Not Applicable,166,Not Applicable,0,,
2024-07-05 22:38:00,CNR6558787734,Canceled by Customer,CID879067,Mini,Tumkur Road,Varthur,,,Driver is not moving towards pickup location,Not Applicable,Not Applicable,Not Applicable,204,Not Applicable,0,,
2024-07-05 15:47:00,CNR9814956754,Driver Not Found,CID435724,Prime Plus,Shivajinagar,Jayanagar,,,Not Applicable,Not Applicable,Not Applicable,Not Applicable,169,Not Applicable,0,,
2024-07-27 00:13:00,CNR5158679381,Success,CID864470,Prime Plus,Banashankari,Tumkur Road,252.0,65.0,Not Applicable,Not Applicable,Yes,Vehicle Breakdown,499,Cash,17,3.1,3.6
2024-07-14 03:19:00,CNR9193205743,Success,CID758469,eBike,Shantinagar,Shantinagar,147.0,140.0,Not Applicable,Not Applicable,Yes,Customer Demand,179,UPI,27,3.2,3.2
2024-07-28 22:30:00,CNR2866282497,Canceled by Driver,CID600079,Auto,Banashankari,Rajajinagar,,,Not Applicable,Personal & Car related issue,Not Applicable,Not Applicable,450,Not Applicable,0,,
2024-07-18 23:29:00,CNR9830566043,Success,CID234782,Prime SUV,Indiranagar,Devanahalli,49.0,45.0,Not Applicable,Not Applicable,No,Not Applicable,140,UPI,12,3.0,4.7
2024-07-12 20:59:00,CNR5532226894,Success,CID607297,eBike,BTM Layout,Whitefield,168.0,140.0,Not Applicable,Not Applicable,No,Not Applicable,135,UPI,22,3.2,4.5
2024-07-25 16:49:00,CNR2615354828,Canceled by Customer,CID749974,Bike,Rajajinagar,Hulimavu,,,Driver is not moving towards pickup location,Not Applicable,Not Applicable,Not Applicable,391,Not Applicable,0,,
2024-07-18 17:06:00,CNR1707129625,Success,CID335874,Bike,Ulsoor,Richmond Town,63.0,60.0,Not Applicable,Not Applicable,No,Not Applicable,334,Cash,44,4.7,3.4
2024-07-21 08:21:00,CNR9882048954,Canceled by Driver,CID209097,Mini,MG Road,Magadi Road,,,Not Applicable,More than permitted people in there,Not Applicable,Not Applicable,423,Not Applicable,0,,
2024-07-22 13:24:00,CNR4799325105,Success,CID793430,Prime Sedan,MG Road,JP Nagar,154.0,90.0,Not Applicable,Not Applicable,No,Not Applicable,945,Cash,31,4.7,3.8
2024-07-22 11:59:00,CNR4786484237,Success,CID577624,Bike,Chickpet,Kengeri,112.0,75.0,Not Applicable,Not Applicable,No,Not Applicable,112,UPI,2,3.7,3.3
2024-07-14 17:58:00,CNR4992121575,Canceled by Driver,CID767000,Prime SUV,Varthur,Banashankari,,,Not Applicable,Personal & Car related issue,Not Applicable,Not Applicable,120,Not Applicable,0,,
2024-07-09 01:16:00,CNR5982019424,Success,CID305951,Mini,Koramangala,Magadi Road,126.0,115.0,Not Applicable,Not Applicable,No,Not Applicable,144,UPI,30,4.4,3.2
2024-07-07 14:08:00,CNR5087569173,Canceled by Customer,CID416602,Mini,Mysore Road,KR Puram,,,Driver is not moving towards pickup location,Not Applicable,Not Applicable,Not Applicable,365,Not Applicable,0,,
2024-07-01 03:46:00,CNR1819893152,Success,CID621228,Prime Sedan,Shantinagar,Richmond Town,280.0,65.0,Not Applicable,Not Applicable,No,Not Applicable,424,UPI,34,3.3,4.3
2024-07-13 07:54:00,CNR7310105455,Success,CID214070,eBike,Bellandur,Yeshwanthpur,252.0,145.0,Not Applicable,Not Applicable,No,Not Applicable,746,UPI,8,3.3,4.5
2024-07-28 17:52:00,CNR8515004207,Success,CID105686,Prime Sedan,Langford Town,Ulsoor,126.0,95.0,Not Applicable,Not Applicable,No,Not Applicable,366,UPI,6,3.5,4.1
2024-07-14 00:50:00,CNR2383633030,Success,CID488885,Mini,Jayanagar,Malleshwaram,126.0,65.0,Not Applicable,Not Applicable,No,Not Applicable,412,UPI,27,4.4,3.5
2024-07-21 02:21:00,CNR7912246513,Success,CID130096,Prime Plus,Malleshwaram,Ramamurthy Nagar,84.0,75.0,Not Applicable,Not Applicable,Yes,Customer Demand,577,UPI,31,4.3,4.8
2024-07-22 21:21:00,CNR7960438972,Success,CID113152,Auto,Mysore Road,Devanahalli,301.0,130.0,Not Applicable,Not Applicable,No,Not Applicable,222,Cash,2,4.9,4.4
2024-07-21 21:45:00,CNR8139073472,Canceled by Driver,CID181401,Auto,Majestic,MG Road,,,Not Applicable,Customer related issue,Not Applicable,Not Applicable,775,Not Applicable,0,,
2024-07-08 04:34:00,CNR3694302107,Canceled by Customer,CID531969,Auto,Nagarbhavi,Vijayanagar,,,Change of plans,Not Applicable,Not Applicable,Not Applicable,112,Not Applicable,0,,
2024-07-29 15:14:00,CNR2250459753,Success,CID230629,Prime Plus,Devanahalli,Koramangala,140.0,60.0,Not Applicable,Not Applicable,No,Not Applicable,388,UPI,43,4.3,4.8
2024-07-19 03:17:00,CNR9246909630,Driver Not Found,CID578225,Prime SUV,Hennur,Rajarajeshwari Nagar,,,Not Applicable,Not Applicable,Not Applicable,Not Applicable,471,Not Applicable,0,,
2024-07-30 03:00:00,CNR7645386379,Canceled by Customer,CID515307,Prime Plus,Shivajinagar,Frazer Town,,,Driver asked to cancel,Not Applicable,Not Applicable,Not Applicable,365,Not Applicable,0,,
2024-07-02 02:22:00,CNR9465192642,Success,CID226202,Mini,Malleshwaram,Tumkur Road,84.0,120.0,Not Applicable,Not Applicable,No,Not Applicable,2400,Cash,22,3.4,3.7
2024-07-05 21:11:00,CNR1853175713,Success,CID405799,eBike,BTM Layout,Banashankari,98.0,80.0,Not Applicable,Not Applicable,No,Not Applicable,760,Cash,29,3.4,3.5
2024-07-18 23:10:00,CNR5853172344,Success,CID662654,Bike,Hosur Road,Banashankari,287.0,145.0,Not Applicable,Not Applicable,No,Not Applicable,455,UPI,39,3.9,3.6
2024-07-15 19:37:00,CNR2053120395,Canceled by Customer,CID690984,Auto,Magadi Road,Chickpet,,,Driver asked to cancel,Not Applicable,Not Applicable,Not Applicable,441,Not Applicable,0,,
2024-07-07 12:05:00,CNR9246874653,Success,CID752921,Mini,Devanahalli,Varthur,245.0,140.0,Not Applicable,Not Applicable,No,Not Applicable,409,Cash,17,3.8,4.3
2024-07-14 10:36:00,CNR8782917378,Success,CID709909,Prime Sedan,KR Puram,Sahakar Nagar,210.0,105.0,Not Applicable,Not Applicable,No,Not Applicable,600,Cash,13,4.1,4.9
2024-07-05 21:54:00,CNR5452608925,Success,CID135939,eBike,Chamarajpet,Malleshwaram,119.0,85.0,Not Applicable,Not Applicable,No,Not Applicable,327,Cash,32,4.5,4.1
2024-07-17 20:14:00,CNR9277237140,Driver Not Found,CID950446,Bike,Shivajinagar,Basavanagudi,,,Not Applicable,Not Applicable,Not Applicable,Not Applicable,406,Not Applicable,0,,
2024-07-02 18:16:00,CNR1937560326,Canceled by Driver,CID692452,Mini,Varthur,Peenya,,,Not Applicable,Personal & Car related issue,Not Applicable,Not Applicable,1217,Not Applicable,0,,
2024-07-26 01:12:00,CNR9419832647,Success,CID477690,Prime SUV,HSR Layout,Langford Town,189.0,45.0,Not Applicable,Not Applicable,No,Not Applicable,128,UPI,41,4.2,4.1
2024-07-05 14:59:00,CNR7586130710,Canceled by Driver,CID495922,Prime Plus,Basavanagudi,Whitefield,,,Not Applicable,Customer was coughing/sick,Not Applicable,Not Applicable,110,Not Applicable,0,,
2024-07-09 13:24:00,CNR2348638196,Success,CID615207,Prime SUV,Whitefield,Bellandur,35.0,40.0,Not Applicable,Not Applicable,No,Not Applicable,282,Cash,48,3.8,3.5
2024-07-13 22:09:00,CNR2138214780,Canceled by Driver,CID419571,Prime SUV,Yelahanka,Magadi Road,,,Not Applicable,Customer related issue,Not Applicable,Not Applicable,381,Not Applicable,0,,
2024-07-10 18:30:00,CNR9258057423,Success,CID284924,Prime SUV,Yeshwanthpur,Varthur,259.0,105.0,Not Applicable,Not Applicable,No,Not Applicable,479,Cash,22,4.8,4.5
2024-07-26 22:14:00,CNR4460909565,Success,CID527744,Auto,Basavanagudi,Marathahalli,238.0,120.0,Not Applicable,Not Applicable,No,Not Applicable,322,UPI,14,4.5,4.9
2024-07-23 13:03:00,CNR5198442498,Success,CID757984,Prime SUV,Majestic,Hebbal,266.0,145.0,Not Applicable,Not Applicable,No,Not Applicable,976,Cash,17,4.5,3.6
2024-07-16 07:25:00,CNR8407128937,Success,CID950117,Prime Plus,Devanahalli,Yelahanka,84.0,80.0,Not Applicable,Not Applicable,No,Not Applicable,456,Credit Card,18,5.0,3.8
2024-07-24 13:34:00,CNR4942728903,Success,CID940720,Prime SUV,Tumkur Road,Marathahalli,35.0,85.0,Not Applicable,Not Applicable,No,Not Applicable,955,Cash,33,3.2,4.1
2024-07-06 10:28:00,CNR5849231514,Success,CID136719,Mini,Langford Town,Magadi Road,112.0,40.0,Not Applicable,Not Applicable,No,Not Applicable,276,Cash,14,3.1,3.5
2024-07-07 15:32:00,CNR2870998082,Success,CID630172,Prime Sedan,Koramangala,JP Nagar,210.0,145.0,Not Applicable,Not Applicable,No,Not Applicable,175,Cash,35,3.1,4.9
2024-07-24 00:58:00,CNR3161786301,Success,CID108057,eBike,Basavanagudi,RT Nagar,196.0,145.0,Not Applicable,Not Applicable,No,Not Applicable,258,Cash,9,4.7,4.3
2024-07-05 13:50:00,CNR2339040291,Success,CID151741,Prime Plus,Langford Town,Mysore Road,182.0,110.0,Not Applicable,Not Applicable,No,Not Applicable,218,UPI,6,3.9,3.7
2024-07-17 15:15:00,CNR2020022216,Success,CID789299,Prime Plus,HSR Layout,Basavanagudi,196.0,40.0,Not Applicable,Not Applicable,No,Not Applicable,387,Cash,11,4.6,4.9
2024-07-12 00:41:00,CNR3330555634,Canceled by Driver,CID447524,Mini,Malleshwaram,Yelahanka,,,Not Applicable,Customer related issue,Not Applicable,Not Applicable,206,Not Applicable,0,,
2024-07-14 09:06:00,CNR9851432225,Canceled by Driver,CID713682,Auto,Banashankari,RT Nagar,,,Not Applicable,More than permitted people in there,Not Applicable,Not Applicable,389,Not Applicable,0,,
2024-07-04 05:22:00,CNR2877661513,Success,CID802309,Auto,Whitefield,Sarjapur Road,168.0,115.0,Not Applicable,Not Applicable,No,Not Applicable,669,UPI,9,5.0,3.2
2024-07-20 18:41:00,CNR2270981028,Success,CID960116,Bike,Koramangala,Padmanabhanagar,91.0,55.0,Not Applicable,Not Applicable,No,Not Applicable,484,UPI,40,4.5,3.2
2024-07-28 16:56:00,CNR1073776450,Driver Not Found,CID401618,Prime SUV,Nagarbhavi,BTM Layout,,,Not Applicable,Not Applicable,Not Applicable,Not Applicable,2735,Not Applicable,0,,
2024-07-10 12:20:00,CNR6706527018,Driver Not Found,CID343641,Mini,Marathahalli,Vijayanagar,,,Not Applicable,Not Applicable,Not Applicable,Not Applicable,910,Not Applicable,0,,
2024-07-30 00:09:00,CNR3857544556,Driver Not Found,CID571201,Prime SUV,Tumkur Road,Shivajinagar,,,Not Applicable,Not Applicable,Not Applicable,Not Applicable,946,Not Applicable,0,,
2024-07-20 15:02:00,CNR8150767997,Success,CID710126,Bike,Padmanabhanagar,Chamarajpet,112.0,135.0,Not Applicable,Not Applicable,No,Not Applicable,121,UPI,13,4.0,4.0
2024-07-06 06:49:00,CNR7059338306,Success,CID336624,Bike,Cox Town,Cox Town,49.0,105.0,Not Applicable,Not Applicable,No,Not Applicable,229,UPI,32,4.3,4.0
2024-07-28 22:56:00,CNR6590455066,Canceled by Customer,CID662484,Prime Plus,Ramamurthy Nagar,Kengeri,,,Change of plans,Not Applicable,Not Applicable,Not Applicable,143,Not Applicable,0,,
2024-07-12 06:47:00,CNR1266066479,Success,CID392363,Prime Sedan,Hennur,Vijayanagar,154.0,145.0,Not Applicable,Not Applicable,No,Not Applicable,460,Cash,26,3.9,4.2
2024-07-07 08:31:00,CNR2768172595,Success,CID608009,Prime SUV,Hulimavu,Basavanagudi,126.0,145.0,Not Applicable,Not Applicable,No,Not Applicable,302,Cash,10,3.4,4.9
2024-07-14 11:40:00,CNR2578858610,Success,CID787840,Bike,Frazer Town,Magadi Road,91.0,70.0,Not Applicable,Not Applicable,No,Not Applicable,438,Cash,34,3.7,3.2
2024-07-02 02:42:00,CNR1984859958,Success,CID756289,Prime Sedan,Kammanahalli,Indiranagar,294.0,115.0,Not Applicable,Not Applicable,No,Not Applicable,410,Cash,11,3.4,4.3
2024-07-10 22:02:00,CNR6547325628,Canceled by Driver,CID838465,eBike,Banashankari,Chamarajpet,,,Not Applicable,Customer was coughing/sick,Not Applicable,Not Applicable,254,Not Applicable,0,,
2024-07-14 14:57:00,CNR6972518343,Success,CID577003,eBike,Frazer Town,Padmanabhanagar,287.0,135.0,Not Applicable,Not Applicable,No,Not Applicable,2518,Cash,30,3.5,4.4
2024-07-20 05:18:00,CNR4104184960,Success,CID688163,Prime SUV,Kengeri,Varthur,56.0,110.0,Not Applicable,Not Applicable,No,Not Applicable,474,UPI,42,3.2,4.6
2024-07-25 20:00:00,CNR6838812176,Canceled by Driver,CID774997,Mini,Cox Town,MG Road,,,Not Applicable,Customer was coughing/sick,Not Applicable,Not Applicable,479,Not Applicable,0,,
2024-07-07 08:43:00,CNR1178943816,Success,CID547957,Prime Sedan,Tumkur Road,Richmond Town,189.0,80.0,Not Applicable,Not Applicable,No,Not Applicable,318,Cash,33,3.2,4.7
2024-07-12 19:56:00,CNR4438800524,Success,CID550687,Prime Sedan,Marathahalli,MG Road,42.0,30.0,Not Applicable,Not Applicable,No,Not Applicable,324,Cash,14,3.2,4.8
2024-07-08 02:16:00,CNR2077430049,Driver Not Found,CID441749,Prime Plus,Vijayanagar,Shivajinagar,,,Not Applicable,Not Applicable,Not Applicable,Not Applicable,319,Not Applicable,0,,
2024-07-14 11:55:00,CNR6660999800,Canceled by Driver,CID331534,Prime Sedan,KR Puram,Magadi Road,,,Not Applicable,Customer was coughing/sick,Not Applicable,Not Applicable,148,Not Applicable,0,,
2024-07-15 19:55:00,CNR2484981599,Success,CID801397,Prime Plus,Bellandur,Sarjapur Road,49.0,145.0,Not Applicable,Not Applicable,No,Not Applicable,551,Cash,12,3.1,4.7
2024-07-01 14:51:00,CNR5043996041,Success,CID770209,eBike,Vijayanagar,Vijayanagar,42.0,145.0,Not Applicable,Not Applicable,No,Not Applicable,375,Cash,1,3.7,3.6
2024-07-27 11:42:00,CNR5993380090,Success,CID486841,Auto,Bannerghatta Road,Basavanagudi,280.0,85.0,Not Applicable,Not Applicable,No,Not Applicable,2983,Cash,10,3.4,3.5
2024-07-02 22:50:00,CNR9788518221,Success,CID950794,Prime Sedan,Ulsoor,Devanahalli,112.0,120.0,Not Applicable,Not Applicable,No,Not Applicable,2361,UPI,23,3.5,3.2
2024-07-30 08:35:00,CNR1336204393,Canceled by Driver,CID698644,Prime Plus,Majestic,Vijayanagar,,,Not Applicable,Customer was coughing/sick,Not Applicable,Not Applicable,289,Not Applicable,0,,
2024-07-08 12:16:00,CNR5677802362,Canceled by Driver,CID825988,Prime Sedan,RT Nagar,Chamarajpet,,,Not Applicable,Customer related issue,Not Applicable,Not Applicable,333,Not Applicable,0,,
2024-07-20 01:11:00,CNR4982300798,Success,CID356751,eBike,Shantinagar,Vijayanagar,203.0,30.0,Not Applicable,Not Applicable,No,Not Applicable,550,Cash,16,4.0,4.4
2024-07-30 20:12:00,CNR1677834955,Success,CID901688,eBike,Bellandur,Bannerghatta Road,273.0,30.0,Not Applicable,Not Applicable,No,Not Applicable,340,UPI,36,4.2,3.5
2024-07-19 07:57:00,CNR2951788899,Success,CID634421,Prime Plus,Marathahalli,Ramamurthy Nagar,98.0,95.0,Not Applicable,Not Applicable,No,Not Applicable,977,Cash,3,3.4,4.0
2024-07-05 17:13:00,CNR1668426162,Canceled by Customer,CID776586,Auto,Rajajinagar,Yelahanka,,,AC is Not working,Not Applicable,Not Applicable,Not Applicable,852,Not Applicable,0,,
2024-07-17 03:40:00,CNR8746258849,Driver Not Found,CID502154,Prime Plus,Ramamurthy Nagar,Kengeri,,,Not Applicable,Not Applicable,Not Applicable,Not Applicable,252,Not Applicable,0,,
2024-07-02 20:14:00,CNR4652664080,Canceled by Customer,CID346540,Prime Plus,Chickpet,Hosur Road,,,Driver asked to cancel,Not Applicable,Not Applicable,Not Applicable,672,Not Applicable,0,,
2024-07-09 11:32:00,CNR7131572700,Canceled by Customer,CID203211,eBike,Koramangala,Padmanabhanagar,,,Driver asked to cancel,Not Applicable,Not Applicable,Not Applicable,124,Not Applicable,0,,
2024-07-15 05:59:00,CNR8770004171,Success,CID337681,Prime Sedan,Jayanagar,Kammanahalli,147.0,65.0,Not Applicable,Not Applicable,No,Not Applicable,680,Cash,37,4.1,4.5
2024-07-10 18:08:00,CNR4116922710,Canceled by Customer,CID991476,Prime Sedan,Kammanahalli,Devanahalli,,,Driver asked to cancel,Not Applicable,Not Applicable,Not Applicable,520,Not Applicable,0,,
2024-07-07 11:41:00,CNR5864696349,Success,CID355766,Prime SUV,Indiranagar,Indiranagar,84.0,90.0,Not Applicable,Not Applicable,No,Not Applicable,365,Cash,41,3.0,4.3
2024-07-29 03:22:00,CNR9012162325,Success,CID347916,Bike,Sarjapur Road,Kammanahalli,252.0,145.0,Not Applicable,Not Applicable,No,Not Applicable,156,Cash,40,4.2,4.0
2024-07-26 03:49:00,CNR3649224218,Success,CID494380,Mini,Vijayanagar,Majestic,77.0,80.0,Not Applicable,Not Applicable,Yes,Customer Demand,252,Cash,12,3.4,3.4
2024-07-03 11:39:00,CNR7063830783,Success,CID175241,Auto,Varthur,Cox Town,140.0,85.0,Not Applicable,Not Applicable,No,Not Applicable,307,Cash,3,3.2,3.3
2024-07-06 18:26:00,CNR4326398254,Success,CID574172,eBike,Chickpet,Whitefield,175.0,135.0,Not Applicable,Not Applicable,No,Not Applicable,128,UPI,46,4.1,4.3
2024-07-01 18:49:00,CNR9515300481,Driver Not Found,CID786174,Auto,RT Nagar,Hennur,,,Not Applicable,Not Applicable,Not Applicable,Not Applicable,371,Not Applicable,0,,
2024-07-06 08:42:00,CNR7312992326,Driver Not Found,CID577553,Prime Sedan,Hulimavu,Cox Town,,,Not Applicable,Not Applicable,Not Applicable,Not Applicable,242,Not Applicable,0,,
2024-07-07 20:09:00,CNR9855408663,Success,CID162791,Prime SUV,Nagarbhavi,Rajarajeshwari Nagar,112.0,25.0,Not Applicable,Not Applicable,No,Not Applicable,330,UPI,17,4.6,3.4
2024-07-28 15:15:00,CNR6294672718,Canceled by Customer,CID146442,eBike,Sahakar Nagar,Vijayanagar,,,Driver is not moving towards pickup location,Not Applicable,Not Applicable,Not Applicable,439,Not Applicable,0,,
2024-07-21 19:09:00,CNR8577531899,Success,CID834440,Mini,Sarjapur Road,Jayanagar,189.0,100.0,Not Applicable,Not Applicable,No,Not Applicable,343,UPI,26,3.6,3.2
2024-07-05 01:46:00,CNR1819018819,Success,CID796061,eBike,Majestic,Marathahalli,140.0,55.0,Not Applicable,Not Applicable,No,Not Applicable,170,Cash,12,4.2,3.6
2024-07-22 18:49:00,CNR1019417333,Canceled by Driver,CID681786,Auto,Indiranagar,Mysore Road,,,Not Applicable,Customer related issue,Not Applicable,Not Applicable,671,Not Applicable,0,,
2024-07-01 14:29:00,CNR7711170599,Driver Not Found,CID832176,eBike,Kammanahalli,Hosur Road,,,Not Applicable,Not Applicable,Not Applicable,Not Applicable,676,Not Applicable,0,,
2024-07-30 12:42:00,CNR3259458594,Success,CID342546,eBike,Whitefield,Electronic City,161.0,100.0,Not Applicable,Not Applicable,No,Not Applicable,256,Cash,2,3.7,3.7
2024-07-22 14:14:00,CNR8843664525,Success,CID674053,eBike,Richmond Town,RT Nagar,147.0,50.0,Not Applicable,Not Applicable,No,Not Applicable,950,Cash,46,3.9,4.9
2024-07-30 17:57:00,CNR4569125236,Success,CID553754,Prime Sedan,Langford Town,RT Nagar,112.0,95.0,Not Applicable,Not Applicable,No,Not Applicable,185,Cash,46,3.3,4.4
2024-07-10 07:46:00,CNR8319381147,Driver Not Found,CID915205,Bike,Hosur Road,Hennur,,,Not Applicable,Not Applicable,Not Applicable,Not Applicable,372,Not Applicable,0,,
2024-07-19 21:41:00,CNR5899281856,Success,CID380160,Prime Sedan,Bellandur,Hennur,273.0,85.0,Not Applicable,Not Applicable,No,Not Applicable,316,UPI,2,3.6,3.8
2024-07-04 09:29:00,CNR5951082616,Success,CID823474,eBike,Basavanagudi,Bellandur,287.0,80.0,Not Applicable,Not Applicable,Yes,Vehicle Breakdown,463,UPI,46,4.2,3.9
2024-07-27 20:25:00,CNR3575485063,Driver Not Found,CID172039,Prime SUV,Peenya,Jayanagar,,,Not Applicable,Not Applicable,Not Applicable,Not Applicable,323,Not Applicable,0,,
2024-07-27 14:22:00,CNR9848841230,Success,CID476439,eBike,Peenya,Chickpet,217.0,35.0,Not Applicable,Not Applicable,No,Not Applicable,256,UPI,20,4.5,3.2
2024-07-24 17:08:00,CNR9857391963,Success,CID858833,Prime Sedan,Devanahalli,KR Puram,63.0,50.0,Not Applicable,Not Applicable,No,Not Applicable,237,Cash,30,3.9,4.4
2024-07-17 02:35:00,CNR3807978906,Canceled by Driver,CID949094,eBike,Yeshwanthpur,Rajarajeshwari Nagar,,,Not Applicable,Personal & Car related issue,Not Applicable,Not Applicable,146,Not Applicable,0,,
2024-07-17 12:11:00,CNR5575171221,Success,CID589134,Prime Plus,Varthur,Sahakar Nagar,287.0,105.0,Not Applicable,Not Applicable,No,Not Applicable,295,UPI,25,4.6,4.0
2024-07-12 11:49:00,CNR9837440642,Canceled by Driver,CID211393,Auto,Yelahanka,Shantinagar,,,Not Applicable,Customer related issue,Not Applicable,Not Applicable,178,Not Applicable,0,,
2024-07-02 21:11:00,CNR5952815489,Canceled by Driver,CID297511,Prime SUV,Whitefield,Devanahalli,,,Not Applicable,Personal & Car related issue,Not Applicable,Not Applicable,896,Not Applicable,0,,
2024-07-23 15:16:00,CNR4143174983,Canceled by Customer,CID337735,Prime Plus,Langford Town,Majestic,,,Driver is not moving towards pickup location,Not Applicable,Not Applicable,Not Applicable,273,Not Applicable,0,,
2024-07-26 15:06:00,CNR2983586902,Success,CID166462,Bike,Rajarajeshwari Nagar,JP Nagar,70.0,70.0,Not Applicable,Not Applicable,No,Not Applicable,128,UPI,19,4.6,4.6
2024-07-25 17:48:00,CNR4480798106,Canceled by Driver,CID921434,Mini,HSR Layout,Langford Town,,,Not Applicable,Personal & Car related issue,Not Applicable,Not Applicable,496,Not Applicable,0,,
2024-07-05 16:03:00,CNR6112260764,Canceled by Driver,CID810075,eBike,Kengeri,Padmanabhanagar,,,Not Applicable,Personal & Car related issue,Not Applicable,Not Applicable,742,Not Applicable,0,,
2024-07-18 00:53:00,CNR7336271785,Success,CID907260,Prime Plus,Rajarajeshwari Nagar,Sarjapur Road,42.0,130.0,Not Applicable,Not Applicable,No,Not Applicable,293,Cash,29,3.6,3.1
2024-07-15 04:11:00,CNR8607309626,Success,CID894693,Bike,Magadi Road,Frazer Town,140.0,115.0,Not Applicable,Not Applicable,No,Not Applicable,780,Cash,32,3.4,3.2
2024-07-13 12:16:00,CNR5314383229,Success,CID638511,Auto,Hebbal,Devanahalli,105.0,90.0,Not Applicable,Not Applicable,No,Not Applicable,140,UPI,1,4.5,4.1
2024-07-17 11:19:00,CNR1122057483,Canceled by Customer,CID345750,Mini,Mysore Road,Frazer Town,,,Driver is not moving towards pickup location,Not Applicable,Not Applicable,Not Applicable,579,Not Applicable,0,,
2024-07-24 02:39:00,CNR5473856853,Success,CID772128,Mini,Hulimavu,Frazer Town,63.0,125.0,Not Applicable,Not Applicable,No,Not Applicable,970,UPI,44,4.6,3.3
2024-07-25 17:31:00,CNR3495188736,Success,CID840606,Bike,Kengeri,BTM Layout,42.0,55.0,Not Applicable,Not Applicable,No,Not Applicable,271,UPI,20,3.1,4.6
2024-07-07 06:51:00,CNR3587906920,Success,CID149550,Bike,Yelahanka,Basavanagudi,273.0,30.0,Not Applicable,Not Applicable,No,Not Applicable,192,Cash,13,3.3,4.6
2024-07-13 05:02:00,CNR9604614501,Success,CID923570,Mini,Hulimavu,Marathahalli,196.0,95.0,Not Applicable,Not Applicable,No,Not Applicable,605,UPI,34,3.4,4.4
2024-07-17 14:41:00,CNR3326483760,Success,CID340518,Bike,Vijayanagar,Vijayanagar,119.0,65.0,Not Applicable,Not Applicable,No,Not Applicable,887,Cash,7,3.5,4.5
2024-07-13 07:48:00,CNR7215256802,Success,CID620559,Mini,Malleshwaram,Magadi Road,161.0,145.0,Not Applicable,Not Applicable,No,Not Applicable,121,Cash,16,3.1,4.2
2024-07-13 23:15:00,CNR2847941997,Canceled by Driver,CID909751,Bike,Yelahanka,Devanahalli,,,Not Applicable,More than permitted people in there,Not Applicable,Not Applicable,136,Not Applicable,0,,
2024-07-06 15:19:00,CNR8857396973,Success,CID182775,Bike,Basavanagudi,Marathahalli,168.0,100.0,Not Applicable,Not Applicable,No,Not Applicable,321,Credit Card,38,4.3,4.8
2024-07-02 03:59:00,CNR8811458612,Canceled by Driver,CID395824,Mini,Ramamurthy Nagar,Marathahalli,,,Not Applicable,More than permitted people in there,Not Applicable,Not Applicable,277,Not Applicable,0,,
2024-07-26 20:36:00,CNR1516428688,Success,CID915178,eBike,Hebbal,Tumkur Road,98.0,80.0,Not Applicable,Not Applicable,No,Not Applicable,491,UPI,43,4.2,3.0
2024-07-07 07:05:00,CNR2243774355,Driver Not Found,CID529848,Prime SUV,Whitefield,Nagarbhavi,,,Not Applicable,Not Applicable,Not Applicable,Not Applicable,428,Not Applicable,0,,
2024-07-27 09:09:00,CNR3271429198,Canceled by Driver,CID463496,Bike,KR Puram,Mysore Road,,,Not Applicable,Customer related issue,Not Applicable,Not Applicable,483,Not Applicable,0,,
2024-07-24 18:59:00,CNR6402907616,Success,CID120284,Prime SUV,Kammanahalli,Marathahalli,119.0,105.0,Not Applicable,Not Applicable,No,Not Applicable,688,Cash,29,4.7,4.1
2024-07-13 08:56:00,CNR4935542353,Canceled by Driver,CID751158,Prime Sedan,Malleshwaram,Hebbal,,,Not Applicable,More than permitted people in there,Not Applicable,Not Applicable,458,Not Applicable,0,,
2024-07-03 12:27:00,CNR2647417802,Success,CID379653,Bike,Shantinagar,Whitefield,238.0,115.0,Not Applicable,Not Applicable,No,Not Applicable,908,Cash,5,4.2,3.5
2024-07-05 07:49:00,CNR9698988345,Success,CID350932,eBike,Indiranagar,MG Road,63.0,85.0,Not Applicable,Not Applicable,No,Not Applicable,167,Cash,25,3.3,3.6
2024-07-12 01:56:00,CNR5749581396,Success,CID699466,Prime Sedan,Malleshwaram,Indiranagar,84.0,45.0,Not Applicable,Not Applicable,No,Not Applicable,449,Cash,21,3.6,4.6
2024-07-29 06:19:00,CNR8090920497,Driver Not Found,CID293957,Bike,Kengeri,Kengeri,,,Not Applicable,Not Applicable,Not Applicable,Not Applicable,745,Not Applicable,0,,
2024-07-30 03:58:00,CNR8841502861,Success,CID439695,eBike,JP Nagar,Banashankari,140.0,120.0,Not Applicable,Not Applicable,No,Not Applicable,509,UPI,24,3.0,4.0
2024-07-28 05:07:00,CNR3912163471,Success,CID393477,Prime Plus,Nagarbhavi,Nagarbhavi,259.0,95.0,Not Applicable,Not Applicable,No,Not Applicable,121,UPI,6,4.3,4.4
2024-07-15 09:47:00,CNR4323550766,Canceled by Driver,CID393653,eBike,Hennur,Yeshwanthpur,,,Not Applicable,Personal & Car related issue,Not Applicable,Not Applicable,430,Not Applicable,0,,
2024-07-06 22:48:00,CNR6784058671,Success,CID555810,Prime Plus,Varthur,Frazer Town,161.0,35.0,Not Applicable,Not Applicable,No,Not Applicable,593,UPI,18,3.6,3.8
2024-07-11 18:22:00,CNR3449480504,Success,CID691002,Prime Plus,BTM Layout,Chickpet,119.0,70.0,Not Applicable,Not Applicable,No,Not Applicable,1815,Credit Card,38,3.6,3.8
2024-07-21 11:39:00,CNR4566964254,Success,CID648672,Bike,Jayanagar,Frazer Town,175.0,110.0,Not Applicable,Not Applicable,No,Not Applicable,281,Cash,9,4.5,4.3
2024-07-21 00:25:00,CNR7696096881,Success,CID306889,Mini,Peenya,Kammanahalli,252.0,65.0,Not Applicable,Not Applicable,No,Not Applicable,600,UPI,3,3.2,4.5
2024-07-07 14:45:00,CNR9851949812,Canceled by Driver,CID100910,Prime SUV,Basavanagudi,Hosur Road,,,Not Applicable,Personal & Car related issue,Not Applicable,Not Applicable,250,Not Applicable,0,,
2024-07-21 03:25:00,CNR7025931021,Success,CID165919,Prime Sedan,Devanahalli,Kammanahalli,245.0,140.0,Not Applicable,Not Applicable,Yes,Vehicle Breakdown,325,Cash,7,4.7,4.7
2024-07-12 12:35:00,CNR1687028244,Success,CID957358,Auto,Sahakar Nagar,BTM Layout,189.0,65.0,Not Applicable,Not Applicable,No,Not Applicable,708,Cash,15,4.5,4.0
2024-07-12 18:00:00,CNR1085957465,Success,CID360084,Prime Plus,Shivajinagar,Yelahanka,266.0,30.0,Not Applicable,Not Applicable,No,Not Applicable,2214,Cash,14,4.9,3.5
2024-07-25 05:40:00,CNR4090372426,Success,CID193053,Prime Sedan,Koramangala,Malleshwaram,308.0,55.0,Not Applicable,Not Applicable,No,Not Applicable,900,Cash,28,5.0,4.5
2024-07-26 09:07:00,CNR1082486767,Success,CID651185,Auto,Yelahanka,Kadugodi,231.0,120.0,Not Applicable,Not Applicable,No,Not Applicable,416,UPI,4,3.5,4.7
2024-07-10 04:27:00,CNR6070186970,Success,CID438029,Prime SUV,Electronic City,Tumkur Road,175.0,120.0,Not Applicable,Not Applicable,No,Not Applicable,229,UPI,35,3.4,3.2
2024-07-12 23:40:00,CNR7987419200,Canceled by Driver,CID541131,eBike,RT Nagar,Majestic,,,Not Applicable,More than permitted people in there,Not Applicable,Not Applicable,433,Not Applicable,0,,
2024-07-01 14:35:00,CNR7154887043,Canceled by Customer,CID213499,eBike,Yeshwanthpur,RT Nagar,,,Driver is not moving towards pickup location,Not Applicable,Not Applicable,Not Applicable,159,Not Applicable,0,,
2024-07-30 11:50:00,CNR5397750968,Success,CID923655,Auto,Cox Town,Bannerghatta Road,224.0,95.0,Not Applicable,Not Applicable,No,Not Applicable,2640,UPI,16,4.1,3.7
2024-07-25 02:17:00,CNR5832321248,Canceled by Driver,CID976984,Prime Plus,Shivajinagar,Peenya,,,Not Applicable,Customer was coughing/sick,Not Applicable,Not Applicable,2971,Not Applicable,0,,
2024-07-09 01:04:00,CNR1435076224,Success,CID723743,Prime Plus,Majestic,Hosur Road,224.0,110.0,Not Applicable,Not Applicable,No,Not Applicable,358,UPI,42,4.5,4.0
2024-07-13 22:54:00,CNR9882328759,Success,CID452833,Prime Sedan,Banashankari,Kadugodi,42.0,100.0,Not Applicable,Not Applicable,Yes,Vehicle Breakdown,392,UPI,13,3.7,3.4
2024-07-30 20:43:00,CNR7377324047,Canceled by Customer,CID848577,Prime Plus,Hebbal,Hennur,,,Driver is not moving towards pickup location,Not Applicable,Not Applicable,Not Applicable,556,Not Applicable,0,,
2024-07-14 03:47:00,CNR6081192699,Success,CID682943,Auto,Banashankari,Chickpet,119.0,40.0,Not Applicable,Not Applicable,No,Not Applicable,354,Cash,15,4.4,3.5
2024-07-28 15:57:00,CNR8043031143,Success,CID369950,eBike,Banashankari,Whitefield,105.0,115.0,Not Applicable,Not Applicable,No,Not Applicable,434,UPI,39,4.1,3.9
2024-07-03 10:14:00,CNR9361623477,Success,CID858745,Prime Plus,Cox Town,KR Puram,231.0,115.0,Not Applicable,Not Applicable,No,Not Applicable,422,Cash,47,4.2,4.9
2024-07-07 09:15:00,CNR8754363477,Success,CID411866,Prime Plus,HSR Layout,Chamarajpet,217.0,30.0,Not Applicable,Not Applicable,No,Not Applicable,348,Cash,49,3.8,3.7
2024-07-16 21:38:00,CNR7019113128,Success,CID997208,Auto,Ulsoor,Nagarbhavi,84.0,35.0,Not Applicable,Not Applicable,No,Not Applicable,128,Cash,8,3.1,3.3
2024-07-14 05:42:00,CNR7314688456,Success,CID500869,eBike,RT Nagar,Indiranagar,287.0,35.0,Not Applicable,Not Applicable,No,Not Applicable,860,Cash,43,4.8,4.5
2024-07-08 08:48:00,CNR5567156829,Driver Not Found,CID574027,Prime SUV,Richmond Town,Padmanabhanagar,,,Not Applicable,Not Applicable,Not Applicable,Not Applicable,257,Not Applicable,0,,
2024-07-09 10:21:00,CNR5740780052,Success,CID891819,Auto,Rajajinagar,Shantinagar,287.0,90.0,Not Applicable,Not Applicable,No,Not Applicable,401,UPI,12,4.2,4.5
2024-07-14 04:49:00,CNR3544019396,Canceled by Driver,CID817910,Mini,Sarjapur Road,Jayanagar,,,Not Applicable,Customer related issue,Not Applicable,Not Applicable,634,Not Applicable,0,,
2024-07-19 22:02:00,CNR4921869046,Success,CID265418,Bike,RT Nagar,Sarjapur Road,308.0,85.0,Not Applicable,Not Applicable,Yes,Vehicle Breakdown,490,UPI,11,4.4,4.3
2024-07-25 06:25:00,CNR9569880824,Success,CID152686,Prime SUV,Richmond Town,Kadugodi,182.0,140.0,Not Applicable,Not Applicable,No,Not Applicable,319,Cash,47,3.1,4.9
2024-07-10 23:00:00,CNR1268274426,Success,CID190192,Auto,Cox Town,Rajajinagar,175.0,80.0,Not Applicable,Not Applicable,No,Not Applicable,247,UPI,5,4.6,4.2
2024-07-08 05:39:00,CNR4411413370,Success,CID498266,eBike,Hennur,Varthur,231.0,95.0,Not Applicable,Not Applicable,No,Not Applicable,245,Cash,2,4.2,3.9
2024-07-29 13:34:00,CNR3411200167,Canceled by Customer,CID406554,Mini,Rajarajeshwari Nagar,Rajajinagar,,,Wrong Address,Not Applicable,Not Applicable,Not Applicable,373,Not Applicable,0,,
2024-07-09 09:02:00,CNR4085102583,Canceled by Driver,CID327712,Mini,Devanahalli,Kengeri,,,Not Applicable,Personal & Car related issue,Not Applicable,Not Applicable,410,Not Applicable,0,,
2024-07-12 21:51:00,CNR2988753504,Driver Not Found,CID140611,Prime Plus,Vijayanagar,Richmond Town,,,Not Applicable,Not Applicable,Not Applicable,Not Applicable,457,Not Applicable,0,,
2024-07-17 20:26:00,CNR1103586628,Success,CID573113,Bike,Richmond Town,RT Nagar,168.0,115.0,Not Applicable,Not Applicable,No,Not Applicable,184,Cash,6,4.8,4.2
2024-07-17 07:45:00,CNR4696324475,Success,CID244074,eBike,Hennur,JP Nagar,182.0,125.0,Not Applicable,Not Applicable,Yes,Other Issue,482,UPI,25,4.7,4.3
2024-07-09 16:17:00,CNR7873790044,Success,CID576883,Prime Plus,Kadugodi,Hebbal,49.0,45.0,Not Applicable,Not Applicable,No,Not Applicable,692,UPI,18,3.8,3.2
2024-07-28 17:38:00,CNR4677369277,Success,CID672180,Prime Plus,HSR Layout,Sahakar Nagar,133.0,95.0,Not Applicable,Not Applicable,No,Not Applicable,2903,UPI,20,4.1,4.5
2024-07-09 05:38:00,CNR4778357873,Success,CID618773,Auto,Sahakar Nagar,Hennur,147.0,75.0,Not Applicable,Not Applicable,No,Not Applicable,254,UPI,11,3.4,4.4
2024-07-15 11:02:00,CNR9563971310,Canceled by Customer,CID596908,Prime Plus,Koramangala,Jayanagar,,,Driver is not moving towards pickup location,Not Applicable,Not Applicable,Not Applicable,426,Not Applicable,0,,
2024-07-26 08:03:00,CNR1919750736,Canceled by Driver,CID458335,Bike,Tumkur Road,Shivajinagar,,,Not Applicable,More than permitted people in there,Not Applicable,Not Applicable,178,Not Applicable,0,,
2024-07-12 03:45:00,CNR5757794631,Success,CID153401,Prime Plus,Vijayanagar,Vijayanagar,77.0,100.0,Not Applicable,Not Applicable,No,Not Applicable,980,Cash,46,3.5,4.0
2024-07-29 08:01:00,CNR3182613808,Success,CID795427,Prime SUV,Koramangala,Kadugodi,196.0,115.0,Not Applicable,Not Applicable,No,Not Applicable,144,UPI,40,4.3,3.6
2024-07-05 06:17:00,CNR5233605080,Success,CID965790,eBike,JP Nagar,Sarjapur Road,189.0,100.0,Not Applicable,Not Applicable,No,Not Applicable,797,UPI,11,4.6,3.5
2024-07-22 23:31:00,CNR2181756467,Canceled by Customer,CID610895,Prime Plus,Koramangala,Chamarajpet,,,Driver is not moving towards pickup location,Not Applicable,Not Applicable,Not Applicable,837,Not Applicable,0,,
2024-07-24 23:56:00,CNR9413797030,Success,CID651571,Mini,Banashankari,Shantinagar,91.0,105.0,Not Applicable,Not Applicable,No,Not Applicable,287,Cash,18,3.9,3.7
2024-07-25 21:59:00,CNR7987439920,Success,CID943116,Prime Sedan,Jayanagar,Hebbal,133.0,105.0,Not Applicable,Not Applicable,No,Not Applicable,122,Cash,16,4.9,4.3
2024-07-01 00:22:00,CNR3041612679,Success,CID575817,Prime Plus,Sarjapur Road,Chickpet,35.0,60.0,Not Applicable,Not Applicable,No,Not Applicable,240,Cash,36,3.2,4.5
2024-07-03 06:07:00,CNR1844068526,Success,CID398517,Bike,Kammanahalli,Majestic,133.0,85.0,Not Applicable,Not Applicable,No,Not Applicable,360,UPI,27,3.1,3.6
2024-07-17 09:55:00,CNR5178720744,Driver Not Found,CID278925,Mini,Marathahalli,Rajajinagar,,,Not Applicable,Not Applicable,Not Applicable,Not Applicable,299,Not Applicable,0,,
2024-07-03 20:28:00,CNR5330691796,Driver Not Found,CID172730,Prime Sedan,Majestic,Kammanahalli,,,Not Applicable,Not Applicable,Not Applicable,Not Applicable,443,Not Applicable,0,,
2024-07-25 22:25:00,CNR2610316745,Success,CID557264,Prime Plus,KR Puram,Ulsoor,273.0,45.0,Not Applicable,Not Applicable,No,Not Applicable,103,UPI,9,4.5,3.1
2024-07-27 10:18:00,CNR3151071196,Success,CID803492,eBike,Banashankari,Nagarbhavi,294.0,40.0,Not Applicable,Not Applicable,No,Not Applicable,202,Cash,18,4.3,3.3
2024-07-09 20:20:00,CNR2881720052,Success,CID236442,Bike,Sarjapur Road,Rajajinagar,161.0,120.0,Not Applicable,Not Applicable,No,Not Applicable,233,UPI,42,4.2,3.4
2024-07-26 11:13:00,CNR1662958441,Success,CID949276,Mini,Magadi Road,Peenya,266.0,145.0,Not Applicable,Not Applicable,No,Not Applicable,491,Cash,4,3.3,3.3
2024-07-21 04:41:00,CNR2471231741,Success,CID110636,Prime SUV,Jayanagar,JP Nagar,308.0,65.0,Not Applicable,Not Applicable,No,Not Applicable,2571,UPI,49,4.5,3.6
2024-07-14 10:55:00,CNR9779208124,Canceled by Driver,CID487429,Auto,MG Road,Bellandur,,,Not Applicable,Personal & Car related issue,Not Applicable,Not Applicable,2997,Not Applicable,0,,
2024-07-02 04:53:00,CNR4772676900,Success,CID714842,Mini,Koramangala,Hulimavu,266.0,85.0,Not Applicable,Not Applicable,No,Not Applicable,532,UPI,9,3.1,4.0
2024-07-30 03:43:00,CNR6417130046,Success,CID452075,Auto,Kammanahalli,Banashankari,70.0,130.0,Not Applicable,Not Applicable,No,Not Applicable,379,Cash,8,4.4,4.0
2024-07-08 13:46:00,CNR5267390807,Driver Not Found,CID631151,Prime SUV,Sarjapur Road,Cox Town,,,Not Applicable,Not Applicable,Not Applicable,Not Applicable,301,Not Applicable,0,,
2024-07-08 04:15:00,CNR6897970810,Success,CID944504,Auto,Peenya,Bannerghatta Road,140.0,35.0,Not Applicable,Not Applicable,No,Not Applicable,685,UPI,1,3.4,3.6
2024-07-11 15:25:00,CNR8724266038,Success,CID961518,eBike,Rajajinagar,BTM Layout,287.0,145.0,Not Applicable,Not Applicable,No,Not Applicable,459,UPI,22,4.3,4.3
2024-07-02 02:21:00,CNR6559049768,Success,CID739918,Prime Sedan,Langford Town,Vijayanagar,308.0,75.0,Not Applicable,Not Applicable,No,Not Applicable,620,UPI,27,4.8,3.7
2024-07-21 22:18:00,CNR2497583645,Canceled by Customer,CID117549,Prime SUV,Bannerghatta Road,Rajajinagar,,,Driver asked to cancel,Not Applicable,Not Applicable,Not Applicable,435,Not Applicable,0,,
2024-07-30 12:31:00,CNR2590616196,Success,CID755306,Auto,Langford Town,Sahakar Nagar,133.0,60.0,Not Applicable,Not Applicable,No,Not Applicable,436,Cash,18,3.7,4.0
2024-07-09 14:33:00,CNR2529853744,Success,CID162827,Prime Sedan,Indiranagar,Cox Town,203.0,60.0,Not Applicable,Not Applicable,No,Not Applicable,152,Cash,5,4.5,4.3
2024-07-11 08:51:00,CNR6754606990,Success,CID341495,Prime SUV,Bannerghatta Road,Electronic City,49.0,100.0,Not Applicable,Not Applicable,No,Not Applicable,340,UPI,30,4.1,4.3
2024-07-16 19:18:00,CNR8139424259,Success,CID378624,Prime SUV,Rajarajeshwari Nagar,Malleshwaram,70.0,25.0,Not Applicable,Not Applicable,No,Not Applicable,274,UPI,29,3.9,4.7
2024-07-07 18:35:00,CNR6234535453,Canceled by Customer,CID241694,Auto,Banashankari,Hulimavu,,,Change of plans,Not Applicable,Not Applicable,Not Applicable,318,Not Applicable,0,,
2024-07-13 11:38:00,CNR4524129107,Success,CID159185,Prime SUV,Langford Town,Peenya,210.0,70.0,Not Applicable,Not Applicable,No,Not Applicable,503,UPI,29,3.2,3.6
2024-07-30 09:04:00,CNR7083804581,Success,CID349380,Prime Plus,Hebbal,RT Nagar,49.0,145.0,Not Applicable,Not Applicable,No,Not Applicable,1358,Cash,35,3.8,4.6
2024-07-29 11:57:00,CNR3125581744,Driver Not Found,CID476261,Bike,Peenya,Hennur,,,Not Applicable,Not Applicable,Not Applicable,Not Applicable,112,Not Applicable,0,,
2024-07-26 05:43:00,CNR6366981394,Canceled by Driver,CID992692,Mini,Magadi Road,Tumkur Road,,,Not Applicable,Customer related issue,Not Applicable,Not Applicable,388,Not Applicable,0,,
2024-07-25 19:32:00,CNR9702988990,Success,CID900211,Prime SUV,Kadugodi,Whitefield,112.0,100.0,Not Applicable,Not Applicable,Yes,Vehicle Breakdown,414,Credit Card,10,3.1,5.0
2024-07-21 23:35:00,CNR1632366613,Success,CID913285,Prime Plus,Majestic,Malleshwaram,224.0,100.0,Not Applicable,Not Applicable,No,Not Applicable,288,Cash,5,4.7,3.0
2024-07-10 23:43:00,CNR2481172597,Success,CID739546,Auto,Vijayanagar,Marathahalli,259.0,115.0,Not Applicable,Not Applicable,No,Not Applicable,991,UPI,5,3.3,3.5
2024-07-11 04:47:00,CNR3485550573,Canceled by Driver,CID345777,eBike,Shivajinagar,Bellandur,,,Not Applicable,Personal & Car related issue,Not Applicable,Not Applicable,240,Not Applicable,0,,
2024-07-24 23:09:00,CNR4329267844,Success,CID259123,Bike,Basavanagudi,Chickpet,126.0,130.0,Not Applicable,Not Applicable,No,Not Applicable,187,Cash,11,4.1,3.9
2024-07-10 14:52:00,CNR8659390102,Canceled by Customer,CID354491,Prime Plus,Rajarajeshwari Nagar,KR Puram,,,AC is Not working,Not Applicable,Not Applicable,Not Applicable,168,Not Applicable,0,,
2024-07-21 13:37:00,CNR6096661097,Success,CID891020,Prime Sedan,Chickpet,Frazer Town,308.0,140.0,Not Applicable,Not Applicable,No,Not Applicable,852,UPI,28,4.5,3.3
2024-07-21 00:02:00,CNR8254274886,Success,CID679519,Prime SUV,Chickpet,KR Puram,161.0,30.0,Not Applicable,Not Applicable,No,Not Applicable,551,UPI,35,4.5,3.7
2024-07-23 12:07:00,CNR3403067750,Canceled by Driver,CID560479,Prime Sedan,Hulimavu,Mysore Road,,,Not Applicable,Customer was coughing/sick,Not Applicable,Not Applicable,614,Not Applicable,0,,
2024-07-03 17:58:00,CNR7711200414,Success,CID279030,Bike,Shivajinagar,Banashankari,217.0,135.0,Not Applicable,Not Applicable,No,Not Applicable,349,Cash,11,3.3,4.7
2024-07-21 06:31:00,CNR3146289468,Success,CID835773,Bike,Hebbal,Rajarajeshwari Nagar,119.0,40.0,Not Applicable,Not Applicable,No,Not Applicable,171,UPI,31,3.3,3.9
2024-07-21 10:49:00,CNR8016540020,Driver Not Found,CID459169,Bike,Hebbal,Electronic City,,,Not Applicable,Not Applicable,Not Applicable,Not Applicable,753,Not Applicable,0,,
2024-07-27 07:12:00,CNR9312197107,Canceled by Driver,CID185567,Prime Plus,Whitefield,JP Nagar,,,Not Applicable,Customer related issue,Not Applicable,Not Applicable,260,Not Applicable,0,,
2024-07-08 00:44:00,CNR8067858787,Success,CID609789,Prime SUV,Malleshwaram,Hosur Road,189.0,110.0,Not Applicable,Not Applicable,No,Not Applicable,927,Cash,34,4.4,3.3
2024-07-24 11:56:00,CNR2552153084,Canceled by Driver,CID170982,Bike,Devanahalli,Kengeri,,,Not Applicable,Customer related issue,Not Applicable,Not Applicable,383,Not Applicable,0,,
2024-07-02 18:01:00,CNR8557651501,Success,CID184164,Mini,Rajarajeshwari Nagar,Banashankari,294.0,30.0,Not Applicable,Not Applicable,No,Not Applicable,378,Cash,23,3.7,4.1
2024-07-15 14:22:00,CNR4558032680,Success,CID707801,Mini,Langford Town,BTM Layout,203.0,30.0,Not Applicable,Not Applicable,No,Not Applicable,346,Cash,16,4.5,4.1
2024-07-06 21:26:00,CNR6042966845,Success,CID930353,Prime SUV,MG Road,Koramangala,63.0,125.0,Not Applicable,Not Applicable,No,Not Applicable,2320,Cash,25,3.3,3.2
2024-07-22 16:55:00,CNR7411370670,Success,CID345592,Prime SUV,RT Nagar,Frazer Town,161.0,130.0,Not Applicable,Not Applicable,No,Not Applicable,182,UPI,8,4.4,3.8
2024-07-16 07:11:00,CNR2053401781,Success,CID985916,eBike,Rajarajeshwari Nagar,Kadugodi,273.0,90.0,Not Applicable,Not Applicable,No,Not Applicable,984,UPI,20,4.9,3.5
2024-07-24 08:44:00,CNR7003633108,Success,CID164003,Bike,Shivajinagar,Tumkur Road,182.0,40.0,Not Applicable,Not Applicable,No,Not Applicable,362,Cash,16,3.7,4.0
2024-07-02 08:58:00,CNR4801865843,Driver Not Found,CID890060,Bike,Nagarbhavi,Bannerghatta Road,,,Not Applicable,Not Applicable,Not Applicable,Not Applicable,2597,Not Applicable,0,,
2024-07-23 23:20:00,CNR7070755179,Success,CID213681,eBike,Hennur,Chickpet,294.0,50.0,Not Applicable,Not Applicable,No,Not Applicable,495,UPI,23,4.1,4.6
2024-07-10 08:15:00,CNR8200501981,Success,CID206664,Prime Plus,Whitefield,Hennur,133.0,105.0,Not Applicable,Not Applicable,No,Not Applicable,1491,UPI,7,4.6,4.7
2024-07-13 08:54:00,CNR4957331021,Canceled by Driver,CID952393,Prime Plus,Frazer Town,MG Road,,,Not Applicable,Customer related issue,Not Applicable,Not Applicable,178,Not Applicable,0,,
2024-07-18 14:55:00,CNR6801340918,Canceled by Driver,CID985129,Prime Plus,Sarjapur Road,BTM Layout,,,Not Applicable,Personal & Car related issue,Not Applicable,Not Applicable,331,Not Applicable,0,,
2024-07-20 13:35:00,CNR8837598508,Canceled by Driver,CID857197,Prime SUV,Ramamurthy Nagar,Hulimavu,,,Not Applicable,Customer was coughing/sick,Not Applicable,Not Applicable,147,Not Applicable,0,,
2024-07-19 16:02:00,CNR1594127031,Success,CID459701,Auto,Nagarbhavi,Majestic,105.0,70.0,Not Applicable,Not Applicable,No,Not Applicable,289,Debit Card,4,4.2,4.8
2024-07-18 22:56:00,CNR7955953353,Success,CID170081,Bike,Frazer Town,Kammanahalli,273.0,125.0,Not Applicable,Not Applicable,No,Not Applicable,412,UPI,40,3.6,3.9
2024-07-21 10:50:00,CNR4281512226,Canceled by Driver,CID316065,Prime Sedan,Banashankari,Electronic City,,,Not Applicable,Customer was coughing/sick,Not Applicable,Not Applicable,469,Not Applicable,0,,
2024-07-26 22:21:00,CNR7932235498,Success,CID102839,Mini,Richmond Town,Koramangala,154.0,130.0,Not Applicable,Not Applicable,No,Not Applicable,411,Cash,22,4.0,3.1
2024-07-16 13:04:00,CNR8786873515,Success,CID683718,Prime SUV,Hosur Road,Hebbal,35.0,70.0,Not Applicable,Not Applicable,Yes,Vehicle Breakdown,148,UPI,31,3.7,3.9
2024-07-24 18:14:00,CNR5636956871,Success,CID767254,Prime Sedan,JP Nagar,Langford Town,182.0,100.0,Not Applicable,Not Applicable,No,Not Applicable,167,Cash,41,4.3,3.6
2024-07-08 20:22:00,CNR3862250092,Success,CID742912,Prime Sedan,Banashankari,Basavanagudi,182.0,135.0,Not Applicable,Not Applicable,No,Not Applicable,232,Cash,4,4.9,3.6
2024-07-12 13:48:00,CNR9759312721,Success,CID891915,Mini,Majestic,Ulsoor,49.0,130.0,Not Applicable,Not Applicable,No,Not Applicable,283,UPI,42,4.3,4.7
2024-07-02 14:42:00,CNR5277741228,Success,CID258485,Mini,Shantinagar,Rajarajeshwari Nagar,161.0,145.0,Not Applicable,Not Applicable,No,Not Applicable,330,Cash,37,5.0,4.2
2024-07-12 19:08:00,CNR4468973160,Driver Not Found,CID687777,Prime Sedan,Nagarbhavi,Bannerghatta Road,,,Not Applicable,Not Applicable,Not Applicable,Not Applicable,413,Not Applicable,0,,
2024-07-08 05:22:00,CNR7983257950,Success,CID971404,Prime SUV,Cox Town,Shivajinagar,287.0,105.0,Not Applicable,Not Applicable,No,Not Applicable,431,Cash,38,4.1,4.6
2024-07-08 16:10:00,CNR3795318620,Success,CID306990,Prime Plus,Varthur,Malleshwaram,161.0,105.0,Not Applicable,Not Applicable,No,Not Applicable,332,Cash,16,4.8,3.8
2024-07-22 03:10:00,CNR7445972008,Canceled by Customer,CID859535,eBike,Chamarajpet,Bellandur,,,Driver asked to cancel,Not Applicable,Not Applicable,Not Applicable,418,Not Applicable,0,,
2024-07-09 17:39:00,CNR1289976563,Canceled by Driver,CID733804,eBike,Magadi Road,Malleshwaram,,,Not Applicable,Personal & Car related issue,Not Applicable,Not Applicable,257,Not Applicable,0,,
2024-07-16 06:00:00,CNR8778328655,Success,CID489385,eBike,Chamarajpet,Jayanagar,231.0,130.0,Not Applicable,Not Applicable,No,Not Applicable,963,Cash,12,4.4,4.8
2024-07-07 23:39:00,CNR4935159934,Success,CID194359,Bike,Kengeri,Koramangala,217.0,75.0,Not Applicable,Not Applicable,No,Not Applicable,129,Credit Card,36,3.4,4.1
2024-07-26 14:29:00,CNR5890942639,Success,CID494630,eBike,Mysore Road,Yeshwanthpur,140.0,125.0,Not Applicable,Not Applicable,No,Not Applicable,420,UPI,48,4.9,3.3
2024-07-13 01:20:00,CNR6547771132,Canceled by Driver,CID548551,Prime SUV,Vijayanagar,Bellandur,,,Not Applicable,Customer related issue,Not Applicable,Not Applicable,401,Not Applicable,0,,
2024-07-07 23:41:00,CNR3004326772,Canceled by Driver,CID552116,Prime SUV,Ulsoor,Ramamurthy Nagar,,,Not Applicable,Customer was coughing/sick,Not Applicable,Not Applicable,580,Not Applicable,0,,
2024-07-14 17:13:00,CNR9009233062,Success,CID689336,Mini,Koramangala,Cox Town,70.0,75.0,Not Applicable,Not Applicable,No,Not Applicable,262,UPI,34,4.5,3.8
2024-07-08 05:10:00,CNR9494415682,Success,CID655775,Prime Plus,Frazer Town,Tumkur Road,133.0,35.0,Not Applicable,Not Applicable,No,Not Applicable,598,Cash,14,4.6,3.8
2024-07-09 06:25:00,CNR7443609682,Success,CID230861,Prime Plus,Rajajinagar,Hulimavu,119.0,60.0,Not Applicable,Not Applicable,No,Not Applicable,493,Cash,33,3.6,5.0
2024-07-11 09:53:00,CNR6105693974,Success,CID334172,Prime SUV,Hebbal,JP Nagar,238.0,100.0,Not Applicable,Not Applicable,No,Not Applicable,371,UPI,5,4.9,3.7
2024-07-12 04:23:00,CNR7577962008,Success,CID166531,Bike,Tumkur Road,Nagarbhavi,210.0,105.0,Not Applicable,Not Applicable,Yes,Vehicle Breakdown,476,Cash,5,4.4,4.3
2024-07-10 11:31:00,CNR9520480839,Success,CID212709,Prime Plus,Yeshwanthpur,Whitefield,133.0,65.0,Not Applicable,Not Applicable,Yes,Vehicle Breakdown,450,Cash,13,3.9,3.7
2024-07-02 20:50:00,CNR8248570072,Success,CID653290,eBike,Hennur,Kadugodi,84.0,135.0,Not Applicable,Not Applicable,No,Not Applicable,405,Cash,16,3.7,3.6
2024-07-11 04:41:00,CNR7481461647,Success,CID707427,eBike,Tumkur Road,KR Puram,119.0,65.0,Not Applicable,Not Applicable,No,Not Applicable,226,UPI,37,4.2,4.9
2024-07-22 22:18:00,CNR7117648185,Driver Not Found,CID492519,Auto,Yelahanka,Banashankari,,,Not Applicable,Not Applicable,Not Applicable,Not Applicable,623,Not Applicable,0,,
2024-07-08 13:26:00,CNR6241841973,Success,CID346861,Mini,Koramangala,Yeshwanthpur,140.0,40.0,Not Applicable,Not Applicable,No,Not Applicable,224,Cash,27,3.4,4.1
2024-07-02 19:52:00,CNR9268437656,Canceled by Driver,CID583013,eBike,Padmanabhanagar,Hennur,,,Not Applicable,Customer related issue,Not Applicable,Not Applicable,187,Not Applicable,0,,
2024-07-08 22:40:00,CNR7050842176,Success,CID470844,eBike,Shivajinagar,Koramangala,203.0,40.0,Not Applicable,Not Applicable,Yes,Vehicle Breakdown,107,Debit Card,25,4.6,3.1
2024-07-07 04:34:00,CNR3045392247,Driver Not Found,CID803369,Prime SUV,Kengeri,Shantinagar,,,Not Applicable,Not Applicable,Not Applicable,Not Applicable,891,Not Applicable,0,,
2024-07-12 23:58:00,CNR7369005001,Canceled by Driver,CID849008,Auto,Devanahalli,Rajarajeshwari Nagar,,,Not Applicable,Personal & Car related issue,Not Applicable,Not Applicable,551,Not Applicable,0,,
2024-07-20 22:44:00,CNR3771223057,Success,CID955859,Prime SUV,Padmanabhanagar,Nagarbhavi,56.0,40.0,Not Applicable,Not Applicable,No,Not Applicable,773,Credit Card,47,3.4,4.1
2024-07-29 03:53:00,CNR3718799496,Driver Not Found,CID500906,Prime Plus,Cox Town,Sarjapur Road,,,Not Applicable,Not Applicable,Not Applicable,Not Applicable,1074,Not Applicable,0,,
2024-07-10 05:15:00,CNR7547993537,Canceled by Customer,CID696455,Prime Plus,Tumkur Road,Indiranagar,,,Driver is not moving towards pickup location,Not Applicable,Not Applicable,Not Applicable,790,Not Applicable,0,,
2024-07-09 23:40:00,CNR8337268606,Success,CID504862,Mini,Hennur,Indiranagar,252.0,100.0,Not Applicable,Not Applicable,No,Not Applicable,307,Cash,30,4.7,3.2
2024-07-15 20:14:00,CNR6184774983,Success,CID942966,Prime Plus,Hulimavu,Rajajinagar,147.0,60.0,Not Applicable,Not Applicable,No,Not Applicable,279,UPI,4,4.0,3.7
2024-07-28 16:02:00,CNR8086342571,Success,CID147132,Prime Plus,Bellandur,Marathahalli,175.0,115.0,Not Applicable,Not Applicable,No,Not Applicable,2517,Cash,30,3.7,4.0
2024-07-04 11:48:00,CNR2823480537,Success,CID154415,Auto,Electronic City,Koramangala,196.0,100.0,Not Applicable,Not Applicable,Yes,Vehicle Breakdown,128,Credit Card,16,3.6,3.2
2024-07-25 07:00:00,CNR1621389104,Canceled by Customer,CID262936,Auto,Devanahalli,Peenya,,,Driver is not moving towards pickup location,Not Applicable,Not Applicable,Not Applicable,308,Not Applicable,0,,
2024-07-16 12:45:00,CNR8410597272,Success,CID727721,eBike,Hulimavu,Mysore Road,49.0,75.0,Not Applicable,Not Applicable,No,Not Applicable,306,Cash,45,3.3,4.7
2024-07-17 15:46:00,CNR1354401458,Canceled by Customer,CID417894,Prime SUV,Sarjapur Road,Nagarbhavi,,,Wrong Address,Not Applicable,Not Applicable,Not Applicable,168,Not Applicable,0,,
2024-07-21 13:34:00,CNR1780731993,Success,CID625098,Prime SUV,MG Road,Vijayanagar,245.0,45.0,Not Applicable,Not Applicable,No,Not Applicable,396,Cash,5,3.9,4.9
2024-07-04 17:03:00,CNR3963769856,Canceled by Driver,CID698301,Bike,Majestic,RT Nagar,,,Not Applicable,Customer related issue,Not Applicable,Not Applicable,308,Not Applicable,0,,
2024-07-14 10:03:00,CNR2719910101,Success,CID645525,Prime SUV,Jayanagar,Rajajinagar,91.0,125.0,Not Applicable,Not Applicable,No,Not Applicable,142,UPI,42,4.1,3.7
2024-07-16 08:13:00,CNR7099779614,Canceled by Driver,CID119607,Mini,Malleshwaram,Indiranagar,,,Not Applicable,Personal & Car related issue,Not Applicable,Not Applicable,335,Not Applicable,0,,
2024-07-28 16:10:00,CNR2306184092,Canceled by Driver,CID923059,Bike,Sarjapur Road,Hulimavu,,,Not Applicable,Customer related issue,Not Applicable,Not Applicable,133,Not Applicable,0,,
2024-07-26 23:37:00,CNR2716551659,Success,CID634522,eBike,Padmanabhanagar,Cox Town,140.0,145.0,Not Applicable,Not Applicable,No,Not Applicable,414,UPI,10,4.2,3.3
2024-07-06 13:56:00,CNR9921246266,Success,CID885434,Bike,Banashankari,Rajajinagar,238.0,30.0,Not Applicable,Not Applicable,No,Not Applicable,2982,UPI,48,3.7,4.7
2024-07-05 22:34:00,CNR2205276840,Canceled by Driver,CID769381,Mini,Richmond Town,Hennur,,,Not Applicable,Customer was coughing/sick,Not Applicable,Not Applicable,852,Not Applicable,0,,
2024-07-02 22:25:00,CNR3050651370,Success,CID572472,Prime SUV,Koramangala,Shantinagar,91.0,75.0,Not Applicable,Not Applicable,No,Not Applicable,410,UPI,46,3.6,3.9
2024-07-09 03:02:00,CNR2701252159,Success,CID861403,Mini,Peenya,Hulimavu,210.0,110.0,Not Applicable,Not Applicable,No,Not Applicable,167,Cash,40,5.0,3.5
2024-07-29 03:54:00,CNR7873938959,Success,CID549090,Mini,MG Road,KR Puram,168.0,25.0,Not Applicable,Not Applicable,No,Not Applicable,2377,Cash,7,4.3,3.7
2024-07-26 00:11:00,CNR3745851077,Canceled by Driver,CID501336,Prime Plus,Kammanahalli,Nagarbhavi,,,Not Applicable,More than permitted people in there,Not Applicable,Not Applicable,652,Not Applicable,0,,
2024-07-23 09:55:00,CNR8244974975,Success,CID872690,Auto,Nagarbhavi,Rajajinagar,203.0,65.0,Not Applicable,Not Applicable,Yes,Customer Demand,309,UPI,9,4.6,3.2
2024-07-26 21:35:00,CNR5732954024,Success,CID229504,Bike,Ramamurthy Nagar,Hebbal,280.0,100.0,Not Applicable,Not Applicable,No,Not Applicable,362,Cash,24,4.4,4.2
2024-07-18 23:42:00,CNR1621423948,Success,CID561356,Prime Plus,Rajarajeshwari Nagar,Nagarbhavi,189.0,120.0,Not Applicable,Not Applicable,No,Not Applicable,213,UPI,34,3.1,3.4
2024-07-19 13:19:00,CNR7973241524,Success,CID440444,Prime Plus,Electronic City,Sarjapur Road,266.0,70.0,Not Applicable,Not Applicable,No,Not Applicable,180,UPI,31,3.3,4.5
2024-07-16 17:53:00,CNR6131167843,Success,CID581482,Mini,Padmanabhanagar,Banashankari,98.0,105.0,Not Applicable,Not Applicable,No,Not Applicable,192,UPI,32,3.8,3.0
2024-07-09 19:55:00,CNR6322910837,Success,CID956192,Auto,Yelahanka,Electronic City,63.0,135.0,Not Applicable,Not Applicable,No,Not Applicable,794,Cash,9,4.2,3.9
2024-07-28 06:27:00,CNR8888022748,Success,CID755736,Prime SUV,Hulimavu,Richmond Town,224.0,75.0,Not Applicable,Not Applicable,Yes,Other Issue,336,Cash,15,3.9,4.8
2024-07-29 06:23:00,CNR6230570539,Success,CID823551,Bike,Richmond Town,Whitefield,42.0,40.0,Not Applicable,Not Applicable,No,Not Applicable,256,UPI,21,4.8,3.7
2024-07-14 19:31:00,CNR7023826632,Canceled by Driver,CID495154,Prime Sedan,Tumkur Road,Kengeri,,,Not Applicable,More than permitted people in there,Not Applicable,Not Applicable,865,Not Applicable,0,,
2024-07-27 12:52:00,CNR8365168717,Canceled by Driver,CID527701,Mini,Electronic City,Majestic,,,Not Applicable,Customer was coughing/sick,Not Applicable,Not Applicable,439,Not Applicable,0,,
2024-07-25 12:40:00,CNR8756679675,Canceled by Customer,CID163140,Bike,Hulimavu,Sarjapur Road,,,Driver is not moving towards pickup location,Not Applicable,Not Applicable,Not Applicable,183,Not Applicable,0,,
2024-07-22 19:48:00,CNR2666191511,Success,CID306208,Prime SUV,MG Road,Marathahalli,119.0,135.0,Not Applicable,Not Applicable,No,Not Applicable,288,Cash,46,4.0,3.1
2024-07-05 02:09:00,CNR8324375266,Canceled by Driver,CID491132,Prime Sedan,Magadi Road,Bannerghatta Road,,,Not Applicable,More than permitted people in there,Not Applicable,Not Applicable,506,Not Applicable,0,,
2024-07-28 19:58:00,CNR3447815018,Success,CID802802,Prime Sedan,MG Road,Shantinagar,196.0,130.0,Not Applicable,Not Applicable,No,Not Applicable,342,UPI,46,3.1,4.8
2024-07-01 14:09:00,CNR7596438962,Success,CID933703,Prime SUV,Cox Town,Padmanabhanagar,147.0,110.0,Not Applicable,Not Applicable,No,Not Applicable,623,UPI,34,4.9,4.2
2024-07-08 07:49:00,CNR5545143792,Success,CID857472,eBike,BTM Layout,Yelahanka,210.0,90.0,Not Applicable,Not Applicable,No,Not Applicable,393,Cash,36,4.1,3.7
2024-07-18 03:33:00,CNR2184487912,Canceled by Driver,CID966929,Prime SUV,Majestic,Rajarajeshwari Nagar,,,Not Applicable,Personal & Car related issue,Not Applicable,Not Applicable,822,Not Applicable,0,,
2024-07-22 09:08:00,CNR7646287821,Success,CID551838,Mini,Marathahalli,Shantinagar,231.0,80.0,Not Applicable,Not Applicable,No,Not Applicable,2639,Cash,10,4.3,3.7
2024-07-09 16:29:00,CNR2495988298,Success,CID697293,Prime Plus,Majestic,Koramangala,189.0,65.0,Not Applicable,Not Applicable,No,Not Applicable,395,UPI,11,3.9,4.3
2024-07-11 02:09:00,CNR7306681316,Success,CID439518,Prime Plus,Devanahalli,Rajajinagar,301.0,80.0,Not Applicable,Not Applicable,No,Not Applicable,2741,Cash,27,4.7,3.9
2024-07-19 09:27:00,CNR7768085283,Success,CID154694,Bike,Marathahalli,Rajarajeshwari Nagar,252.0,90.0,Not Applicable,Not Applicable,Yes,Customer Demand,195,Cash,36,4.0,3.3
2024-07-16 01:42:00,CNR7243099235,Canceled by Driver,CID880276,Mini,Bellandur,Shivajinagar,,,Not Applicable,Personal & Car related issue,Not Applicable,Not Applicable,2853,Not Applicable,0,,
2024-07-18 01:22:00,CNR7239633626,Success,CID760895,Mini,Whitefield,Langford Town,238.0,65.0,Not Applicable,Not Applicable,No,Not Applicable,192,UPI,41,4.0,4.5
2024-07-30 22:18:00,CNR5410135432,Success,CID289703,Auto,Padmanabhanagar,Bellandur,231.0,55.0,Not Applicable,Not Applicable,No,Not Applicable,323,UPI,13,4.9,3.7
2024-07-27 14:27:00,CNR5364041553,Success,CID519146,Mini,RT Nagar,Ramamurthy Nagar,273.0,110.0,Not Applicable,Not Applicable,No,Not Applicable,219,Cash,23,3.7,3.3
2024-07-17 11:47:00,CNR4537479879,Success,CID977185,Prime Sedan,Ramamurthy Nagar,Shivajinagar,126.0,105.0,Not Applicable,Not Applicable,No,Not Applicable,257,UPI,5,4.2,3.5
2024-07-04 04:14:00,CNR2641294758,Success,CID421188,Mini,Frazer Town,Whitefield,63.0,120.0,Not Applicable,Not Applicable,No,Not Applicable,2099,UPI,38,3.6,4.8
2024-07-20 14:37:00,CNR4472774338,Driver Not Found,CID662233,Prime Plus,Devanahalli,BTM Layout,,,Not Applicable,Not Applicable,Not Applicable,Not Applicable,450,Not Applicable,0,,
2024-07-21 12:07:00,CNR2833317791,Success,CID107944,Prime SUV,Langford Town,Sahakar Nagar,266.0,35.0,Not Applicable,Not Applicable,No,Not Applicable,354,UPI,12,4.7,4.5
2024-07-25 16:37:00,CNR8783293286,Success,CID111886,Prime Plus,JP Nagar,Rajarajeshwari Nagar,252.0,25.0,Not Applicable,Not Applicable,No,Not Applicable,307,UPI,34,4.5,4.2
2024-07-13 09:05:00,CNR4065770327,Canceled by Customer,CID731459,Prime SUV,BTM Layout,Koramangala,,,Driver is not moving towards pickup location,Not Applicable,Not Applicable,Not Applicable,417,Not Applicable,0,,
2024-07-10 15:03:00,CNR1269695859,Driver Not Found,CID286381,eBike,Yelahanka,Mysore Road,,,Not Applicable,Not Applicable,Not Applicable,Not Applicable,156,Not Applicable,0,,
2024-07-18 09:20:00,CNR4179289092,Success,CID356689,Prime SUV,Peenya,Indiranagar,105.0,140.0,Not Applicable,Not Applicable,No,Not Applicable,315,Cash,49,4.1,3.1
2024-07-25 19:25:00,CNR6863519577,Success,CID400802,Mini,Nagarbhavi,Devanahalli,245.0,110.0,Not Applicable,Not Applicable,No,Not Applicable,903,Cash,26,4.5,4.8
2024-07-21 12:30:00,CNR2242269219,Canceled by Driver,CID229584,Auto,KR Puram,Chickpet,,,Not Applicable,Customer related issue,Not Applicable,Not Applicable,440,Not Applicable,0,,
2024-07-06 09:47:00,CNR3840627823,Canceled by Driver,CID787988,Prime Plus,Shivajinagar,Mysore Road,,,Not Applicable,Customer related issue,Not Applicable,Not Applicable,116,Not Applicable,0,,
2024-07-15 09:31:00,CNR9694480524,Success,CID757521,Prime Plus,Mysore Road,Kadugodi,217.0,140.0,Not Applicable,Not Applicable,No,Not Applicable,223,UPI,44,3.1,4.9
2024-07-19 03:39:00,CNR7188124057,Success,CID792107,Auto,Chamarajpet,Chickpet,119.0,85.0,Not Applicable,Not Applicable,No,Not Applicable,669,Cash,14,3.2,4.9
2024-07-10 00:24:00,CNR5531609527,Canceled by Driver,CID490425,Prime Plus,Hebbal,Basavanagudi,,,Not Applicable,Customer was coughing/sick,Not Applicable,Not Applicable,100,Not Applicable,0,,
2024-07-30 02:45:00,CNR3675362438,Canceled by Driver,CID317730,Prime Sedan,Basavanagudi,Ulsoor,,,Not Applicable,Personal & Car related issue,Not Applicable,Not Applicable,293,Not Applicable,0,,
2024-07-28 05:32:00,CNR5247298878,Success,CID120642,eBike,Marathahalli,Nagarbhavi,203.0,95.0,Not Applicable,Not Applicable,No,Not Applicable,364,Cash,11,3.0,3.8
2024-07-07 07:43:00,CNR8030597776,Success,CID755606,Bike,Nagarbhavi,Ramamurthy Nagar,182.0,105.0,Not Applicable,Not Applicable,No,Not Applicable,235,Cash,29,4.2,4.7
2024-07-07 18:36:00,CNR7701940823,Driver Not Found,CID294041,Auto,Frazer Town,Cox Town,,,Not Applicable,Not Applicable,Not Applicable,Not Applicable,655,Not Applicable,0,,
2024-07-21 19:44:00,CNR2080927912,Success,CID688711,Mini,MG Road,Frazer Town,56.0,110.0,Not Applicable,Not Applicable,No,Not Applicable,167,UPI,26,5.0,3.7
2024-07-03 12:40:00,CNR2332339692,Driver Not Found,CID487173,Auto,Cox Town,Yelahanka,,,Not Applicable,Not Applicable,Not Applicable,Not Applicable,192,Not Applicable,0,,
2024-07-04 02:47:00,CNR1817454652,Success,CID223628,Mini,Marathahalli,Bannerghatta Road,301.0,100.0,Not Applicable,Not Applicable,No,Not Applicable,291,UPI,3,4.2,3.0
2024-07-01 19:24:00,CNR5896934432,Success,CID901145,Bike,Basavanagudi,Yelahanka,196.0,95.0,Not Applicable,Not Applicable,No,Not Applicable,146,UPI,45,4.3,4.5
2024-07-13 11:17:00,CNR9467684446,Canceled by Driver,CID805728,Prime SUV,Marathahalli,Frazer Town,,,Not Applicable,Personal & Car related issue,Not Applicable,Not Applicable,143,Not Applicable,0,,
2024-07-11 22:45:00,CNR1225427461,Canceled by Customer,CID515135,Auto,Whitefield,HSR Layout,,,Change of plans,Not Applicable,Not Applicable,Not Applicable,517,Not Applicable,0,,
2024-07-23 23:04:00,CNR1334182599,Success,CID602259,Prime SUV,Hosur Road,Varthur,287.0,45.0,Not Applicable,Not Applicable,No,Not Applicable,155,UPI,14,3.5,4.0
2024-07-14 07:26:00,CNR6038577566,Success,CID272361,Bike,Magadi Road,Nagarbhavi,98.0,35.0,Not Applicable,Not Applicable,Yes,Vehicle Breakdown,174,Cash,12,3.8,4.5
2024-07-10 23:56:00,CNR5661205430,Success,CID572406,Prime SUV,Malleshwaram,Yeshwanthpur,259.0,140.0,Not Applicable,Not Applicable,No,Not Applicable,224,UPI,19,5.0,4.7
2024-07-27 23:54:00,CNR2755108076,Success,CID985127,Auto,Rajajinagar,Nagarbhavi,56.0,130.0,Not Applicable,Not Applicable,Yes,Customer Demand,404,UPI,15,4.9,3.2
2024-07-12 17:34:00,CNR1837824237,Canceled by Driver,CID322828,Mini,Nagarbhavi,RT Nagar,,,Not Applicable,More than permitted people in there,Not Applicable,Not Applicable,409,Not Applicable,0,,
2024-07-27 07:21:00,CNR7337462448,Canceled by Customer,CID192409,eBike,Indiranagar,Hulimavu,,,AC is Not working,Not Applicable,Not Applicable,Not Applicable,181,Not Applicable,0,,
2024-07-21 16:59:00,CNR2793248496,Success,CID496309,Auto,Vijayanagar,Whitefield,112.0,60.0,Not Applicable,Not Applicable,No,Not Applicable,361,Cash,14,4.5,4.3
2024-07-25 02:24:00,CNR9712506130,Canceled by Driver,CID410453,Mini,Electronic City,Langford Town,,,Not Applicable,Customer was coughing/sick,Not Applicable,Not Applicable,635,Not Applicable,0,,
2024-07-21 03:29:00,CNR1341958049,Success,CID282710,eBike,Ramamurthy Nagar,Hennur,224.0,25.0,Not Applicable,Not Applicable,No,Not Applicable,451,UPI,39,3.5,3.2
2024-07-09 16:02:00,CNR7890698375,Success,CID361919,Auto,Cox Town,HSR Layout,217.0,35.0,Not Applicable,Not Applicable,No,Not Applicable,208,UPI,11,4.0,3.5
2024-07-07 22:15:00,CNR1558833021,Success,CID650725,Prime SUV,Electronic City,Marathahalli,231.0,25.0,Not Applicable,Not Applicable,Yes,Customer Demand,156,UPI,21,4.2,4.2
2024-07-01 11:26:00,CNR1712311523,Success,CID774380,Bike,Ramamurthy Nagar,Hulimavu,203.0,55.0,Not Applicable,Not Applicable,No,Not Applicable,539,UPI,49,4.2,3.7
2024-07-11 03:32:00,CNR6256439603,Canceled by Driver,CID507637,eBike,Hennur,Whitefield,,,Not Applicable,Personal & Car related issue,Not Applicable,Not Applicable,944,Not Applicable,0,,
2024-07-28 13:09:00,CNR7246908948,Success,CID542966,Prime Sedan,Vijayanagar,Richmond Town,301.0,30.0,Not Applicable,Not Applicable,No,Not Applicable,103,UPI,20,4.7,3.2
2024-07-20 11:43:00,CNR4567676269,Driver Not Found,CID758579,Prime Plus,Frazer Town,Devanahalli,,,Not Applicable,Not Applicable,Not Applicable,Not Applicable,196,Not Applicable,0,,
2024-07-01 06:08:00,CNR8817971092,Success,CID347019,Prime SUV,Bellandur,Mysore Road,140.0,70.0,Not Applicable,Not Applicable,No,Not Applicable,204,Cash,42,4.0,4.3
2024-07-28 16:48:00,CNR4103366475,Canceled by Driver,CID368394,Mini,Langford Town,Chickpet,,,Not Applicable,Customer related issue,Not Applicable,Not Applicable,359,Not Applicable,0,,
2024-07-28 02:17:00,CNR4781088039,Driver Not Found,CID377362,Auto,BTM Layout,Malleshwaram,,,Not Applicable,Not Applicable,Not Applicable,Not Applicable,937,Not Applicable,0,,
2024-07-06 00:49:00,CNR4075768246,Success,CID666959,Prime Sedan,Langford Town,BTM Layout,84.0,80.0,Not Applicable,Not Applicable,No,Not Applicable,463,Cash,43,3.7,4.7
2024-07-01 23:54:00,CNR9957711923,Driver Not Found,CID281896,Prime SUV,Indiranagar,Kadugodi,,,Not Applicable,Not Applicable,Not Applicable,Not Applicable,342,Not Applicable,0,,
2024-07-30 14:44:00,CNR5210520545,Success,CID652118,Prime Plus,RT Nagar,Sahakar Nagar,210.0,130.0,Not Applicable,Not Applicable,No,Not Applicable,396,Cash,38,3.9,4.4
2024-07-03 07:04:00,CNR9952614995,Canceled by Driver,CID560354,Prime Plus,Yelahanka,Indiranagar,,,Not Applicable,Customer related issue,Not Applicable,Not Applicable,799,Not Applicable,0,,
2024-07-12 15:03:00,CNR6475574167,Success,CID498316,Prime Sedan,Koramangala,Hebbal,42.0,80.0,Not Applicable,Not Applicable,No,Not Applicable,162,Cash,18,4.0,4.8
2024-07-22 17:25:00,CNR8645518330,Success,CID841617,Prime Sedan,Varthur,Bellandur,91.0,45.0,Not Applicable,Not Applicable,No,Not Applicable,117,UPI,15,3.7,3.3
2024-07-10 04:59:00,CNR8639888384,Success,CID144905,Bike,Langford Town,Mysore Road,294.0,40.0,Not Applicable,Not Applicable,No,Not Applicable,110,Cash,41,3.0,4.1
2024-07-06 01:51:00,CNR9023684252,Success,CID667163,eBike,Ulsoor,Basavanagudi,252.0,35.0,Not Applicable,Not Applicable,No,Not Applicable,398,Cash,47,4.8,3.9
2024-07-17 04:40:00,CNR4388029945,Canceled by Driver,CID403417,Mini,Shantinagar,Rajarajeshwari Nagar,,,Not Applicable,More than permitted people in there,Not Applicable,Not Applicable,356,Not Applicable,0,,
2024-07-03 14:46:00,CNR7416343676,Success,CID907948,Prime Sedan,Malleshwaram,Ulsoor,301.0,110.0,Not Applicable,Not Applicable,No,Not Applicable,357,UPI,33,3.6,4.3
2024-07-26 01:01:00,CNR2643003425,Success,CID201420,eBike,Richmond Town,Kengeri,147.0,35.0,Not Applicable,Not Applicable,No,Not Applicable,327,Cash,5,4.3,3.4
2024-07-14 14:19:00,CNR7191435553,Success,CID243264,Bike,Shantinagar,Ulsoor,119.0,40.0,Not Applicable,Not Applicable,No,Not Applicable,172,Credit Card,25,3.4,3.1
2024-07-20 16:44:00,CNR6023668293,Canceled by Customer,CID676090,Mini,Malleshwaram,HSR Layout,,,Change of plans,Not Applicable,Not Applicable,Not Applicable,2323,Not Applicable,0,,
2024-07-19 08:43:00,CNR2753460004,Success,CID866191,Prime SUV,Rajajinagar,Yelahanka,63.0,110.0,Not Applicable,Not Applicable,No,Not Applicable,405,Cash,27,4.0,3.6
2024-07-22 22:03:00,CNR8316831317,Success,CID889235,Auto,Whitefield,Sahakar Nagar,133.0,140.0,Not Applicable,Not Applicable,No,Not Applicable,445,Cash,6,3.8,4.3
2024-07-10 01:48:00,CNR9630965278,Canceled by Customer,CID141244,Bike,Vijayanagar,Whitefield,,,Driver asked to cancel,Not Applicable,Not Applicable,Not Applicable,494,Not Applicable,0,,
2024-07-21 14:36:00,CNR4646313244,Success,CID706800,Mini,Cox Town,Richmond Town,252.0,90.0,Not Applicable,Not Applicable,No,Not Applicable,483,Cash,7,3.7,3.3
2024-07-14 16:52:00,CNR3999928964,Canceled by Customer,CID510867,Prime SUV,Yeshwanthpur,Chickpet,,,Change of plans,Not Applicable,Not Applicable,Not Applicable,158,Not Applicable,0,,
2024-07-01 10:48:00,CNR3427943003,Success,CID953111,eBike,Devanahalli,Shivajinagar,217.0,125.0,Not Applicable,Not Applicable,No,Not Applicable,305,Cash,36,4.3,3.8
2024-07-13 16:25:00,CNR2500019171,Success,CID442033,Prime Plus,Marathahalli,Bellandur,98.0,105.0,Not Applicable,Not Applicable,No,Not Applicable,116,Cash,31,4.1,4.3
2024-07-03 03:01:00,CNR1746970558,Success,CID839446,Prime SUV,Peenya,Richmond Town,273.0,70.0,Not Applicable,Not Applicable,No,Not Applicable,436,Cash,36,4.0,4.6
2024-07-26 12:47:00,CNR1022450144,Success,CID343611,Auto,Majestic,Hennur,217.0,105.0,Not Applicable,Not Applicable,No,Not Applicable,202,UPI,16,4.6,4.5
2024-07-26 21:38:00,CNR8877532609,Driver Not Found,CID196520,Auto,Magadi Road,Yeshwanthpur,,,Not Applicable,Not Applicable,Not Applicable,Not Applicable,588,Not Applicable,0,,
2024-07-18 20:43:00,CNR3224570467,Success,CID985257,Prime Plus,BTM Layout,Basavanagudi,84.0,25.0,Not Applicable,Not Applicable,No,Not Applicable,2035,Cash,43,3.5,4.4
2024-07-06 11:06:00,CNR8730250746,Success,CID467299,Auto,KR Puram,Kadugodi,280.0,100.0,Not Applicable,Not Applicable,No,Not Applicable,369,Cash,10,3.9,4.0
2024-07-05 10:31:00,CNR8138926069,Canceled by Driver,CID995722,Prime SUV,RT Nagar,Bellandur,,,Not Applicable,Personal & Car related issue,Not Applicable,Not Applicable,379,Not Applicable,0,,
2024-07-13 02:33:00,CNR7241189237,Driver Not Found,CID314659,Prime Sedan,Yeshwanthpur,Padmanabhanagar,,,Not Applicable,Not Applicable,Not Applicable,Not Applicable,355,Not Applicable,0,,
2024-07-17 11:20:00,CNR5663818702,Success,CID261667,Auto,Ulsoor,Shantinagar,210.0,70.0,Not Applicable,Not Applicable,No,Not Applicable,225,Cash,4,4.3,3.6
2024-07-07 18:12:00,CNR2364865901,Success,CID337030,Prime Plus,Bellandur,Richmond Town,133.0,45.0,Not Applicable,Not Applicable,No,Not Applicable,363,Cash,43,4.2,4.8
2024-07-03 21:10:00,CNR1597394659,Canceled by Driver,CID316576,Prime Sedan,Ramamurthy Nagar,Hosur Road,,,Not Applicable,Customer related issue,Not Applicable,Not Applicable,240,Not Applicable,0,,
2024-07-25 11:09:00,CNR9626606107,Success,CID803157,Prime Sedan,Kammanahalli,Hulimavu,273.0,100.0,Not Applicable,Not Applicable,No,Not Applicable,1029,UPI,38,4.7,4.5
2024-07-28 06:59:00,CNR4483214348,Success,CID968723,Auto,Yeshwanthpur,Frazer Town,140.0,45.0,Not Applicable,Not Applicable,No,Not Applicable,372,Cash,4,4.7,3.6
2024-07-30 13:26:00,CNR1100261078,Success,CID933924,Prime Sedan,Jayanagar,Banashankari,266.0,125.0,Not Applicable,Not Applicable,No,Not Applicable,303,Cash,20,4.9,4.9
2024-07-20 11:01:00,CNR7673918551,Success,CID504902,Prime Sedan,Ulsoor,Ramamurthy Nagar,105.0,130.0,Not Applicable,Not Applicable,No,Not Applicable,164,Cash,44,4.7,4.1
2024-07-06 03:03:00,CNR1154214817,Driver Not Found,CID249265,Mini,Sahakar Nagar,Shantinagar,,,Not Applicable,Not Applicable,Not Applicable,Not Applicable,112,Not Applicable,0,,
2024-07-13 00:35:00,CNR4752581356,Canceled by Driver,CID902893,eBike,Chamarajpet,JP Nagar,,,Not Applicable,Customer related issue,Not Applicable,Not Applicable,257,Not Applicable,0,,
2024-07-01 12:10:00,CNR5863554583,Success,CID119617,Prime Plus,Kammanahalli,Langford Town,70.0,140.0,Not Applicable,Not Applicable,No,Not Applicable,347,UPI,25,3.3,3.8
2024-07-10 18:33:00,CNR2647286841,Driver Not Found,CID543112,Mini,Vijayanagar,Vijayanagar,,,Not Applicable,Not Applicable,Not Applicable,Not Applicable,241,Not Applicable,0,,
2024-07-05 23:58:00,CNR1236630090,Success,CID187725,Mini,Hennur,Rajarajeshwari Nagar,126.0,110.0,Not Applicable,Not Applicable,No,Not Applicable,921,Cash,23,3.2,4.1
2024-07-09 15:56:00,CNR3649208921,Canceled by Customer,CID968441,Mini,Electronic City,Sarjapur Road,,,Driver is not moving towards pickup location,Not Applicable,Not Applicable,Not Applicable,2205,Not Applicable,0,,
2024-07-10 09:42:00,CNR7577493904,Success,CID186054,Prime Sedan,Majestic,Indiranagar,35.0,60.0,Not Applicable,Not Applicable,No,Not Applicable,416,Cash,32,4.5,3.9
2024-07-22 08:08:00,CNR3105850083,Success,CID269187,eBike,Koramangala,Banashankari,203.0,40.0,Not Applicable,Not Applicable,No,Not Applicable,453,Cash,22,3.1,4.1
2024-07-21 12:00:00,CNR6298355599,Success,CID703007,Prime SUV,Koramangala,Sahakar Nagar,231.0,135.0,Not Applicable,Not Applicable,No,Not Applicable,123,UPI,27,3.4,4.0
2024-07-24 04:04:00,CNR6161901625,Canceled by Driver,CID698669,eBike,Basavanagudi,Tumkur Road,,,Not Applicable,Personal & Car related issue,Not Applicable,Not Applicable,543,Not Applicable,0,,
2024-07-11 14:53:00,CNR6154854130,Driver Not Found,CID315173,eBike,Shivajinagar,Indiranagar,,,Not Applicable,Not Applicable,Not Applicable,Not Applicable,210,Not Applicable,0,,
2024-07-01 22:31:00,CNR1321553008,Success,CID949551,Prime SUV,Mysore Road,MG Road,84.0,55.0,Not Applicable,Not Applicable,No,Not Applicable,2506,Cash,39,4.2,3.4
2024-07-23 06:36:00,CNR3275613709,Success,CID911764,Bike,Kengeri,Tumkur Road,105.0,85.0,Not Applicable,Not Applicable,No,Not Applicable,389,UPI,8,3.9,3.3
2024-07-17 15:09:00,CNR7584386051,Success,CID278163,Prime SUV,Ulsoor,Indiranagar,224.0,80.0,Not Applicable,Not Applicable,No,Not Applicable,289,Cash,32,3.3,3.4
2024-07-07 17:03:00,CNR5492305789,Success,CID351867,Mini,Vijayanagar,Electronic City,245.0,140.0,Not Applicable,Not Applicable,No,Not Applicable,286,Cash,11,3.1,3.4
2024-07-11 01:43:00,CNR9134510429,Success,CID658145,Mini,Malleshwaram,Hebbal,126.0,95.0,Not Applicable,Not Applicable,No,Not Applicable,419,Credit Card,20,4.8,3.1
2024-07-18 07:15:00,CNR6611951895,Success,CID632352,Bike,BTM Layout,Rajajinagar,203.0,45.0,Not Applicable,Not Applicable,Yes,Vehicle Breakdown,277,Cash,39,4.2,4.9
2024-07-25 20:26:00,CNR3041819238,Success,CID703161,Auto,Banashankari,Kammanahalli,266.0,145.0,Not Applicable,Not Applicable,No,Not Applicable,160,Cash,19,3.4,4.4
2024-07-03 11:53:00,CNR2540148161,Canceled by Driver,CID184091,Prime Plus,Langford Town,Koramangala,,,Not Applicable,Personal & Car related issue,Not Applicable,Not Applicable,332,Not Applicable,0,,
2024-07-17 13:37:00,CNR4702621629,Success,CID309084,Auto,Cox Town,Richmond Town,70.0,120.0,Not Applicable,Not Applicable,No,Not Applicable,909,Cash,2,3.8,3.9
2024-07-27 18:40:00,CNR6067626680,Canceled by Driver,CID687939,Prime Sedan,KR Puram,Rajarajeshwari Nagar,,,Not Applicable,Personal & Car related issue,Not Applicable,Not Applicable,335,Not Applicable,0,,
2024-07-28 13:07:00,CNR8201806871,Canceled by Driver,CID995338,Prime Plus,Padmanabhanagar,Padmanabhanagar,,,Not Applicable,Customer was coughing/sick,Not Applicable,Not Applicable,477,Not Applicable,0,,
2024-07-14 22:03:00,CNR3547968377,Success,CID354673,Prime Plus,Malleshwaram,Majestic,210.0,120.0,Not Applicable,Not Applicable,No,Not Applicable,756,Cash,43,4.6,3.0
2024-07-19 19:13:00,CNR5668206845,Canceled by Driver,CID530194,Mini,BTM Layout,Vijayanagar,,,Not Applicable,Personal & Car related issue,Not Applicable,Not Applicable,586,Not Applicable,0,,
2024-07-04 16:42:00,CNR8029259713,Driver Not Found,CID287064,Auto,Frazer Town,Hennur,,,Not Applicable,Not Applicable,Not Applicable,Not Applicable,134,Not Applicable,0,,
2024-07-30 08:21:00,CNR4638785197,Success,CID769753,Mini,Sahakar Nagar,Hennur,175.0,125.0,Not Applicable,Not Applicable,No,Not Applicable,199,UPI,13,3.5,4.0
2024-07-05 00:08:00,CNR1412294484,Success,CID115793,Prime SUV,Ramamurthy Nagar,Tumkur Road,154.0,130.0,Not Applicable,Not Applicable,No,Not Applicable,1049,Cash,26,3.9,3.4
2024-07-30 16:40:00,CNR7553106680,Success,CID408962,Bike,Sarjapur Road,Frazer Town,280.0,145.0,Not Applicable,Not Applicable,No,Not Applicable,147,Credit Card,28,3.5,3.0
2024-07-02 14:14:00,CNR4941268215,Canceled by Customer,CID227230,Bike,Koramangala,Indiranagar,,,Wrong Address,Not Applicable,Not Applicable,Not Applicable,735,Not Applicable,0,,
2024-07-30 14:32:00,CNR2920945534,Driver Not Found,CID141149,Prime Sedan,Magadi Road,Cox Town,,,Not Applicable,Not Applicable,Not Applicable,Not Applicable,1939,Not Applicable,0,,
2024-07-08 17:13:00,CNR5110257383,Success,CID246060,eBike,Vijayanagar,BTM Layout,175.0,75.0,Not Applicable,Not Applicable,No,Not Applicable,429,Cash,7,3.4,4.4
2024-07-08 12:47:00,CNR8138002940,Success,CID895654,Auto,Bellandur,Banashankari,168.0,25.0,Not Applicable,Not Applicable,Yes,Customer Demand,354,Cash,18,3.9,3.8
2024-07-30 04:04:00,CNR7319674690,Success,CID298745,Prime SUV,Hebbal,Whitefield,196.0,120.0,Not Applicable,Not Applicable,No,Not Applicable,491,Cash,39,4.0,4.2
2024-07-21 00:34:00,CNR4815569117,Driver Not Found,CID776467,eBike,Mysore Road,Rajarajeshwari Nagar,,,Not Applicable,Not Applicable,Not Applicable,Not Applicable,460,Not Applicable,0,,
2024-07-06 23:57:00,CNR7767550766,Success,CID937149,Auto,Devanahalli,Kadugodi,189.0,115.0,Not Applicable,Not Applicable,Yes,Other Issue,925,UPI,8,3.6,3.6
2024-07-22 04:09:00,CNR2542429153,Success,CID623257,Prime Sedan,Electronic City,Yelahanka,126.0,135.0,Not Applicable,Not Applicable,No,Not Applicable,343,UPI,46,4.5,3.9
2024-07-30 08:37:00,CNR1154613755,Canceled by Driver,CID347159,Prime Plus,Jayanagar,Shivajinagar,,,Not Applicable,Customer related issue,Not Applicable,Not Applicable,338,Not Applicable,0,,
2024-07-20 17:29:00,CNR7920143946,Success,CID140205,eBike,Cox Town,Peenya,238.0,140.0,Not Applicable,Not Applicable,No,Not Applicable,531,Cash,46,3.6,4.7
2024-07-10 00:17:00,CNR4468230116,Success,CID915345,Auto,Ulsoor,Hulimavu,77.0,35.0,Not Applicable,Not Applicable,No,Not Applicable,1512,Cash,18,4.1,4.8
2024-07-16 08:04:00,CNR1946085975,Success,CID223303,Prime Plus,Electronic City,KR Puram,56.0,65.0,Not Applicable,Not Applicable,No,Not Applicable,106,UPI,16,4.2,4.7
2024-07-16 05:27:00,CNR5706106328,Success,CID731087,Bike,Koramangala,HSR Layout,231.0,70.0,Not Applicable,Not Applicable,No,Not Applicable,213,Cash,48,4.0,3.3
2024-07-17 18:06:00,CNR5940514435,Success,CID283163,Auto,Jayanagar,JP Nagar,189.0,105.0,Not Applicable,Not Applicable,No,Not Applicable,474,Cash,6,3.3,3.7
2024-07-22 06:45:00,CNR1050596720,Success,CID695718,Prime Plus,Sahakar Nagar,Ramamurthy Nagar,203.0,105.0,Not Applicable,Not Applicable,No,Not Applicable,811,Cash,24,4.5,4.1
2024-07-25 12:00:00,CNR7844835271,Success,CID429849,Bike,Indiranagar,Bannerghatta Road,77.0,140.0,Not Applicable,Not Applicable,No,Not Applicable,381,Cash,4,4.0,3.4
2024-07-05 14:03:00,CNR7760639587,Success,CID841557,Mini,Majestic,Hebbal,189.0,115.0,Not Applicable,Not Applicable,No,Not Applicable,773,Cash,42,3.4,3.8
2024-07-22 16:09:00,CNR9960839914,Success,CID633126,Prime Sedan,Whitefield,Shivajinagar,259.0,25.0,Not Applicable,Not Applicable,No,Not Applicable,213,Cash,24,3.2,4.7
2024-07-23 23:41:00,CNR4460162348,Success,CID916218,Prime Plus,Majestic,Ulsoor,238.0,120.0,Not Applicable,Not Applicable,No,Not Applicable,195,UPI,48,3.1,4.2
2024-07-08 12:58:00,CNR7186536658,Success,CID635598,Prime Plus,Varthur,Kengeri,140.0,110.0,Not Applicable,Not Applicable,No,Not Applicable,399,UPI,36,3.8,4.6
2024-07-15 06:01:00,CNR3754163105,Success,CID993403,Bike,Shivajinagar,MG Road,91.0,40.0,Not Applicable,Not Applicable,No,Not Applicable,308,Cash,20,4.1,4.7
2024-07-18 12:16:00,CNR1471319337,Success,CID818316,Prime Sedan,RT Nagar,Cox Town,98.0,110.0,Not Applicable,Not Applicable,No,Not Applicable,111,UPI,49,4.0,4.9
2024-07-16 21:02:00,CNR7077987707,Canceled by Driver,CID589295,Auto,RT Nagar,Chamarajpet,,,Not Applicable,Personal & Car related issue,Not Applicable,Not Applicable,113,Not Applicable,0,,
2024-07-19 01:01:00,CNR5475963883,Success,CID704976,Bike,Banashankari,Rajarajeshwari Nagar,273.0,105.0,Not Applicable,Not Applicable,No,Not Applicable,165,Credit Card,41,3.8,4.8
2024-07-19 11:07:00,CNR8389873343,Canceled by Driver,CID659148,Mini,Cox Town,Hennur,,,Not Applicable,Personal & Car related issue,Not Applicable,Not Applicable,244,Not Applicable,0,,
2024-07-10 17:41:00,CNR6289492059,Success,CID195920,Bike,Kadugodi,Vijayanagar,231.0,125.0,Not Applicable,Not Applicable,No,Not Applicable,690,Cash,10,3.8,3.5
2024-07-07 08:10:00,CNR5487995339,Canceled by Customer,CID691015,eBike,Kammanahalli,Peenya,,,Driver is not moving towards pickup location,Not Applicable,Not Applicable,Not Applicable,183,Not Applicable,0,,
2024-07-07 20:25:00,CNR6906386252,Canceled by Customer,CID388494,Prime Sedan,Chamarajpet,KR Puram,,,Driver is not moving towards pickup location,Not Applicable,Not Applicable,Not Applicable,436,Not Applicable,0,,
2024-07-29 00:43:00,CNR8444773461,Success,CID268732,Bike,HSR Layout,Banashankari,84.0,130.0,Not Applicable,Not Applicable,No,Not Applicable,164,Cash,35,4.7,4.0
2024-07-11 00:52:00,CNR1678933139,Canceled by Customer,CID186509,Prime Sedan,Yeshwanthpur,Yelahanka,,,Driver asked to cancel,Not Applicable,Not Applicable,Not Applicable,457,Not Applicable,0,,
2024-07-28 21:43:00,CNR9794992089,Success,CID131931,Bike,Shantinagar,Hosur Road,154.0,115.0,Not Applicable,Not Applicable,No,Not Applicable,283,Cash,27,3.9,3.6
2024-07-10 14:28:00,CNR8464524273,Driver Not Found,CID595334,eBike,Hulimavu,Yelahanka,,,Not Applicable,Not Applicable,Not Applicable,Not Applicable,309,Not Applicable,0,,
2024-07-11 23:42:00,CNR2817772865,Canceled by Driver,CID168764,Prime Sedan,Whitefield,Koramangala,,,Not Applicable,Customer was coughing/sick,Not Applicable,Not Applicable,546,Not Applicable,0,,
2024-07-11 09:47:00,CNR3068876495,Success,CID806482,Prime SUV,Yeshwanthpur,Malleshwaram,35.0,60.0,Not Applicable,Not Applicable,No,Not Applicable,405,Cash,27,4.6,3.6
2024-07-02 15:58:00,CNR2313360485,Canceled by Customer,CID604679,Auto,Kadugodi,Kadugodi,,,Driver is not moving towards pickup location,Not Applicable,Not Applicable,Not Applicable,107,Not Applicable,0,,
2024-07-17 01:21:00,CNR4790534887,Canceled by Customer,CID114440,Auto,MG Road,HSR Layout,,,Driver asked to cancel,Not Applicable,Not Applicable,Not Applicable,411,Not Applicable,0,,
2024-07-08 13:48:00,CNR3187212689,Success,CID460956,Prime Sedan,Chamarajpet,Sarjapur Road,287.0,40.0,Not Applicable,Not Applicable,Yes,Customer Demand,348,Cash,11,3.4,4.1
2024-07-25 07:20:00,CNR1163772021,Success,CID827112,Mini,Electronic City,Nagarbhavi,238.0,125.0,Not Applicable,Not Applicable,No,Not Applicable,348,UPI,2,3.1,4.9
2024-07-22 20:05:00,CNR3063807670,Canceled by Driver,CID613780,Bike,Chickpet,Ulsoor,,,Not Applicable,Customer was coughing/sick,Not Applicable,Not Applicable,203,Not Applicable,0,,
2024-07-01 16:17:00,CNR5742370991,Canceled by Driver,CID390527,Auto,Tumkur Road,Yeshwanthpur,,,Not Applicable,Personal & Car related issue,Not Applicable,Not Applicable,431,Not Applicable,0,,
2024-07-16 09:51:00,CNR3882196415,Driver Not Found,CID734579,Prime SUV,Kammanahalli,BTM Layout,,,Not Applicable,Not Applicable,Not Applicable,Not Applicable,226,Not Applicable,0,,
2024-07-05 17:26:00,CNR3692305794,Success,CID408151,Prime SUV,Langford Town,Yelahanka,112.0,105.0,Not Applicable,Not Applicable,No,Not Applicable,929,UPI,34,4.7,4.9
2024-07-23 02:43:00,CNR4786647312,Success,CID187564,Auto,Basavanagudi,HSR Layout,168.0,135.0,Not Applicable,Not Applicable,No,Not Applicable,191,Cash,10,4.7,4.0
2024-07-18 04:53:00,CNR9943115099,Canceled by Driver,CID979069,eBike,Marathahalli,Hebbal,,,Not Applicable,Personal & Car related issue,Not Applicable,Not Applicable,271,Not Applicable,0,,
2024-07-18 12:40:00,CNR5937429025,Driver Not Found,CID704335,Prime SUV,Electronic City,Peenya,,,Not Applicable,Not Applicable,Not Applicable,Not Applicable,336,Not Applicable,0,,
2024-07-15 17:00:00,CNR5027834095,Success,CID142812,Prime Plus,Kengeri,Basavanagudi,154.0,135.0,Not Applicable,Not Applicable,No,Not Applicable,412,UPI,47,4.3,3.4
2024-07-22 22:11:00,CNR4792294501,Driver Not Found,CID655108,Prime SUV,Richmond Town,MG Road,,,Not Applicable,Not Applicable,Not Applicable,Not Applicable,281,Not Applicable,0,,
2024-07-28 14:07:00,CNR6538614885,Success,CID514419,Prime Sedan,Kammanahalli,Basavanagudi,42.0,90.0,Not Applicable,Not Applicable,No,Not Applicable,130,UPI,36,4.7,4.7
2024-07-19 12:52:00,CNR2105634175,Success,CID637493,Prime Plus,Rajajinagar,Nagarbhavi,105.0,70.0,Not Applicable,Not Applicable,No,Not Applicable,123,UPI,21,3.0,3.3
2024-07-02 15:57:00,CNR4101644155,Driver Not Found,CID418396,eBike,Malleshwaram,Nagarbhavi,,,Not Applicable,Not Applicable,Not Applicable,Not Applicable,252,Not Applicable,0,,
2024-07-09 08:25:00,CNR7131844980,Success,CID283178,eBike,Indiranagar,Bannerghatta Road,70.0,105.0,Not Applicable,Not Applicable,No,Not Applicable,106,Cash,44,3.4,3.2
2024-07-01 21:09:00,CNR5052579240,Success,CID210781,Prime Sedan,Vijayanagar,Peenya,259.0,120.0,Not Applicable,Not Applicable,No,Not Applicable,597,UPI,21,3.4,3.7
2024-07-07 22:32:00,CNR8514180635,Canceled by Driver,CID855231,Auto,Bannerghatta Road,Electronic City,,,Not Applicable,More than permitted people in there,Not Applicable,Not Applicable,288,Not Applicable,0,,
2024-07-25 03:49:00,CNR8043517778,Canceled by Driver,CID145041,Prime Plus,Banashankari,Frazer Town,,,Not Applicable,Customer related issue,Not Applicable,Not Applicable,299,Not Applicable,0,,
2024-07-03 05:08:00,CNR1302435594,Success,CID823133,eBike,Chamarajpet,Hebbal,63.0,135.0,Not Applicable,Not Applicable,No,Not Applicable,678,UPI,9,4.0,4.4
2024-07-15 17:26:00,CNR9592381456,Success,CID970266,Prime Plus,Bellandur,Hebbal,259.0,45.0,Not Applicable,Not Applicable,No,Not Applicable,850,UPI,44,3.5,3.4
2024-07-22 14:26:00,CNR2638788104,Success,CID459083,Mini,Hebbal,Jayanagar,273.0,60.0,Not Applicable,Not Applicable,No,Not Applicable,310,Cash,13,3.9,4.0
2024-07-08 05:30:00,CNR3283711319,Canceled by Customer,CID981226,Prime Plus,Jayanagar,Peenya,,,Change of plans,Not Applicable,Not Applicable,Not Applicable,187,Not Applicable,0,,
2024-07-18 00:39:00,CNR1452693917,Canceled by Customer,CID918074,Prime Plus,Malleshwaram,Ramamurthy Nagar,,,Wrong Address,Not Applicable,Not Applicable,Not Applicable,210,Not Applicable,0,,
2024-07-11 01:04:00,CNR5601486963,Success,CID700519,eBike,MG Road,HSR Layout,273.0,25.0,Not Applicable,Not Applicable,No,Not Applicable,412,Cash,3,4.5,4.9
2024-07-21 01:52:00,CNR6674604573,Success,CID544538,eBike,Shivajinagar,Sahakar Nagar,266.0,65.0,Not Applicable,Not Applicable,No,Not Applicable,1932,UPI,41,4.5,3.2
2024-07-13 16:19:00,CNR9586161554,Success,CID191269,Mini,Yeshwanthpur,Rajarajeshwari Nagar,140.0,110.0,Not Applicable,Not Applicable,No,Not Applicable,203,Cash,22,3.2,3.0
2024-07-07 09:55:00,CNR1066855166,Success,CID532314,Bike,Mysore Road,HSR Layout,259.0,50.0,Not Applicable,Not Applicable,No,Not Applicable,1269,UPI,1,3.6,3.2
2024-07-11 00:26:00,CNR4453763958,Success,CID772344,Mini,Peenya,Marathahalli,49.0,55.0,Not Applicable,Not Applicable,Yes,Vehicle Breakdown,151,UPI,34,4.4,4.9
2024-07-23 22:43:00,CNR9740750685,Success,CID135134,eBike,MG Road,Cox Town,196.0,60.0,Not Applicable,Not Applicable,No,Not Applicable,169,Cash,26,3.9,4.7
2024-07-24 01:34:00,CNR1948793282,Success,CID710809,Mini,Hulimavu,Chamarajpet,140.0,130.0,Not Applicable,Not Applicable,No,Not Applicable,482,Cash,28,5.0,5.0
2024-07-11 06:37:00,CNR7889978392,Canceled by Driver,CID170161,eBike,BTM Layout,Langford Town,,,Not Applicable,Personal & Car related issue,Not Applicable,Not Applicable,192,Not Applicable,0,,
2024-07-17 03:25:00,CNR1160760746,Driver Not Found,CID626337,Auto,Bellandur,Indiranagar,,,Not Applicable,Not Applicable,Not Applicable,Not Applicable,963,Not Applicable,0,,
2024-07-02 06:57:00,CNR3419631773,Success,CID723423,Auto,Magadi Road,Yeshwanthpur,245.0,35.0,Not Applicable,Not Applicable,No,Not Applicable,642,UPI,6,3.8,4.3
2024-07-28 01:38:00,CNR4225666716,Success,CID188848,eBike,Sarjapur Road,Rajajinagar,112.0,55.0,Not Applicable,Not Applicable,No,Not Applicable,199,Cash,3,4.7,5.0
2024-07-24 06:46:00,CNR6589816838,Success,CID638384,Auto,Chamarajpet,Frazer Town,49.0,125.0,Not Applicable,Not Applicable,No,Not Applicable,234,Cash,10,3.1,3.1
2024-07-17 13:56:00,CNR3683228150,Driver Not Found,CID612375,Auto,Whitefield,Tumkur Road,,,Not Applicable,Not Applicable,Not Applicable,Not Applicable,241,Not Applicable,0,,
2024-07-04 09:04:00,CNR3903404349,Success,CID386632,Prime SUV,Marathahalli,Peenya,42.0,105.0,Not Applicable,Not Applicable,No,Not Applicable,805,UPI,39,3.9,4.3
2024-07-29 19:20:00,CNR7860368278,Canceled by Customer,CID893977,Prime SUV,Frazer Town,Malleshwaram,,,Driver asked to cancel,Not Applicable,Not Applicable,Not Applicable,1587,Not Applicable,0,,
2024-07-09 22:13:00,CNR8702853222,Success,CID915372,Mini,Sarjapur Road,Ramamurthy Nagar,91.0,120.0,Not Applicable,Not Applicable,No,Not Applicable,115,Cash,12,3.5,4.1
2024-07-26 20:41:00,CNR3803605178,Success,CID643456,Prime Plus,Bannerghatta Road,JP Nagar,105.0,110.0,Not Applicable,Not Applicable,No,Not Applicable,551,Cash,22,3.6,4.3
2024-07-18 23:51:00,CNR3660767710,Success,CID956888,Prime Plus,Electronic City,Varthur,259.0,90.0,Not Applicable,Not Applicable,No,Not Applicable,111,Cash,3,4.0,4.4
2024-07-28 23:31:00,CNR3118750091,Driver Not Found,CID763017,Prime Plus,Bannerghatta Road,Ramamurthy Nagar,,,Not Applicable,Not Applicable,Not Applicable,Not Applicable,264,Not Applicable,0,,
2024-07-12 23:38:00,CNR6492372213,Success,CID958465,Bike,Koramangala,Richmond Town,224.0,125.0,Not Applicable,Not Applicable,No,Not Applicable,994,Cash,1,3.2,3.8
2024-07-27 14:14:00,CNR5612166065,Canceled by Driver,CID134058,Mini,JP Nagar,Vijayanagar,,,Not Applicable,Customer related issue,Not Applicable,Not Applicable,421,Not Applicable,0,,
2024-07-09 15:44:00,CNR3407134676,Success,CID114250,Prime Plus,Chamarajpet,Basavanagudi,105.0,35.0,Not Applicable,Not Applicable,No,Not Applicable,293,Cash,46,4.3,4.7
2024-07-07 21:50:00,CNR1230319974,Driver Not Found,CID583568,Bike,Kadugodi,Sarjapur Road,,,Not Applicable,Not Applicable,Not Applicable,Not Applicable,434,Not Applicable,0,,
2024-07-29 16:59:00,CNR6373402474,Success,CID905670,eBike,Hosur Road,Banashankari,238.0,25.0,Not Applicable,Not Applicable,No,Not Applicable,172,UPI,46,4.8,3.1
2024-07-21 07:40:00,CNR4567200285,Success,CID809535,Auto,Ramamurthy Nagar,Hosur Road,133.0,115.0,Not Applicable,Not Applicable,Yes,Customer Demand,200,Cash,18,4.7,4.1
2024-07-25 07:27:00,CNR5550169687,Success,CID661789,Prime SUV,Richmond Town,Sahakar Nagar,189.0,45.0,Not Applicable,Not Applicable,No,Not Applicable,401,UPI,41,3.8,4.2
2024-07-23 20:07:00,CNR9349385725,Success,CID283792,eBike,HSR Layout,Tumkur Road,182.0,110.0,Not Applicable,Not Applicable,No,Not Applicable,397,UPI,31,3.3,4.9
2024-07-21 04:35:00,CNR3710682709,Success,CID463183,Bike,Kadugodi,Whitefield,42.0,70.0,Not Applicable,Not Applicable,No,Not Applicable,1196,Cash,2,4.3,4.0
2024-07-25 11:31:00,CNR9679821107,Success,CID211716,Bike,Tumkur Road,Cox Town,70.0,55.0,Not Applicable,Not Applicable,No,Not Applicable,141,UPI,39,4.4,3.9
2024-07-23 13:20:00,CNR6528910506,Driver Not Found,CID678627,eBike,Varthur,Magadi Road,,,Not Applicable,Not Applicable,Not Applicable,Not Applicable,495,Not Applicable,0,,
2024-07-18 01:52:00,CNR1391348256,Canceled by Driver,CID691839,Auto,Frazer Town,Basavanagudi,,,Not Applicable,Customer related issue,Not Applicable,Not Applicable,885,Not Applicable,0,,
2024-07-22 04:21:00,CNR2004906898,Success,CID899595,eBike,Majestic,HSR Layout,140.0,110.0,Not Applicable,Not Applicable,No,Not Applicable,236,Cash,42,4.6,5.0
2024-07-21 16:58:00,CNR5856437968,Success,CID536105,Prime Sedan,Rajajinagar,Magadi Road,154.0,45.0,Not Applicable,Not Applicable,No,Not Applicable,258,UPI,38,3.7,5.0
2024-07-03 08:06:00,CNR6191928584,Driver Not Found,CID602480,Prime SUV,Nagarbhavi,Richmond Town,,,Not Applicable,Not Applicable,Not Applicable,Not Applicable,296,Not Applicable,0,,
2024-07-02 21:26:00,CNR5903659864,Canceled by Customer,CID678956,Auto,Nagarbhavi,Vijayanagar,,,Wrong Address,Not Applicable,Not Applicable,Not Applicable,372,Not Applicable,0,,
2024-07-16 05:51:00,CNR6339427952,Success,CID744573,Prime Sedan,Electronic City,Shantinagar,140.0,120.0,Not Applicable,Not Applicable,No,Not Applicable,411,Cash,45,4.2,4.9
2024-07-09 06:00:00,CNR8120471357,Canceled by Customer,CID871558,eBike,RT Nagar,Hennur,,,AC is Not working,Not Applicable,Not Applicable,Not Applicable,179,Not Applicable,0,,
2024-07-18 08:57:00,CNR4482739281,Success,CID690488,Auto,Whitefield,Koramangala,175.0,40.0,Not Applicable,Not Applicable,No,Not Applicable,903,UPI,7,4.0,3.1
2024-07-08 21:59:00,CNR5378208017,Driver Not Found,CID125307,Mini,Sahakar Nagar,Chickpet,,,Not Applicable,Not Applicable,Not Applicable,Not Applicable,373,Not Applicable,0,,
2024-07-18 07:59:00,CNR7108313700,Driver Not Found,CID168216,Bike,Electronic City,Yeshwanthpur,,,Not Applicable,Not Applicable,Not Applicable,Not Applicable,285,Not Applicable,0,,
2024-07-22 14:05:00,CNR4765171068,Success,CID197683,Prime Plus,Varthur,Ramamurthy Nagar,119.0,80.0,Not Applicable,Not Applicable,No,Not Applicable,313,Cash,11,4.5,4.8
2024-07-16 17:53:00,CNR6772221461,Canceled by Customer,CID589282,Bike,Nagarbhavi,Tumkur Road,,,Driver is not moving towards pickup location,Not Applicable,Not Applicable,Not Applicable,661,Not Applicable,0,,
2024-07-27 06:29:00,CNR1887220659,Success,CID288241,Prime Sedan,Ramamurthy Nagar,Electronic City,35.0,45.0,Not Applicable,Not Applicable,No,Not Applicable,2518,UPI,22,3.8,4.6
2024-07-23 11:53:00,CNR8242246691,Success,CID795773,Prime SUV,Jayanagar,Langford Town,203.0,130.0,Not Applicable,Not Applicable,No,Not Applicable,1722,UPI,6,4.8,3.7
2024-07-10 11:07:00,CNR4098416678,Driver Not Found,CID545955,Prime Plus,Koramangala,Shantinagar,,,Not Applicable,Not Applicable,Not Applicable,Not Applicable,385,Not Applicable,0,,
2024-07-13 15:59:00,CNR5561862493,Success,CID123087,Prime SUV,Vijayanagar,Richmond Town,217.0,90.0,Not Applicable,Not Applicable,No,Not Applicable,788,UPI,5,3.1,3.3
2024-07-24 22:34:00,CNR2218416423,Canceled by Driver,CID894864,Prime SUV,Sarjapur Road,Shivajinagar,,,Not Applicable,Customer related issue,Not Applicable,Not Applicable,995,Not Applicable,0,,
2024-07-16 23:32:00,CNR9415276573,Driver Not Found,CID850823,Prime Plus,Majestic,Chamarajpet,,,Not Applicable,Not Applicable,Not Applicable,Not Applicable,146,Not Applicable,0,,
2024-07-20 08:59:00,CNR9951010175,Success,CID126204,Auto,MG Road,BTM Layout,189.0,125.0,Not Applicable,Not Applicable,No,Not Applicable,784,UPI,10,3.9,3.2
2024-07-27 23:21:00,CNR3057302734,Success,CID393958,eBike,Richmond Town,Jayanagar,133.0,140.0,Not Applicable,Not Applicable,No,Not Applicable,196,Cash,12,4.1,3.5
2024-07-18 01:03:00,CNR3325357562,Driver Not Found,CID181956,Auto,Richmond Town,Cox Town,,,Not Applicable,Not Applicable,Not Applicable,Not Applicable,762,Not Applicable,0,,
2024-07-26 23:02:00,CNR9303714759,Success,CID585831,Auto,Basavanagudi,Kadugodi,189.0,95.0,Not Applicable,Not Applicable,Yes,Vehicle Breakdown,727,Cash,1,3.5,4.0
2024-07-22 21:17:00,CNR3339702187,Success,CID197482,Bike,Cox Town,Yeshwanthpur,308.0,130.0,Not Applicable,Not Applicable,No,Not Applicable,369,Cash,26,4.2,3.7
2024-07-26 04:05:00,CNR8554585703,Success,CID420335,Prime Sedan,Nagarbhavi,Cox Town,63.0,75.0,Not Applicable,Not Applicable,No,Not Applicable,882,Cash,7,3.8,4.3
2024-07-12 11:14:00,CNR8981368129,Success,CID192952,Prime Plus,Cox Town,Basavanagudi,231.0,50.0,Not Applicable,Not Applicable,No,Not Applicable,2470,Cash,20,4.7,4.7
2024-07-23 16:20:00,CNR6528501571,Success,CID230938,Prime SUV,KR Puram,Whitefield,49.0,60.0,Not Applicable,Not Applicable,No,Not Applicable,606,UPI,42,3.2,3.7
2024-07-02 06:19:00,CNR1757600159,Canceled by Customer,CID129170,Mini,Richmond Town,Sahakar Nagar,,,AC is Not working,Not Applicable,Not Applicable,Not Applicable,344,Not Applicable,0,,
2024-07-25 07:12:00,CNR3361258263,Success,CID645513,eBike,Padmanabhanagar,Varthur,77.0,40.0,Not Applicable,Not Applicable,No,Not Applicable,1606,UPI,42,4.5,3.3
2024-07-20 23:57:00,CNR6393853840,Success,CID510086,Prime Plus,JP Nagar,Majestic,112.0,75.0,Not Applicable,Not Applicable,No,Not Applicable,103,UPI,22,4.1,3.7
2024-07-19 05:05:00,CNR3790853519,Success,CID552586,Prime Sedan,Shivajinagar,Rajajinagar,224.0,90.0,Not Applicable,Not Applicable,No,Not Applicable,295,UPI,43,3.3,3.8
2024-07-24 08:12:00,CNR1960959138,Success,CID186594,Prime SUV,Cox Town,Kadugodi,231.0,110.0,Not Applicable,Not Applicable,No,Not Applicable,434,UPI,19,4.7,4.0
2024-07-23 18:06:00,CNR2863166738,Success,CID540360,Auto,Cox Town,Malleshwaram,140.0,100.0,Not Applicable,Not Applicable,No,Not Applicable,262,UPI,18,3.2,4.9
2024-07-21 09:24:00,CNR7116299214,Canceled by Customer,CID701812,Mini,Electronic City,Hulimavu,,,Change of plans,Not Applicable,Not Applicable,Not Applicable,391,Not Applicable,0,,
2024-07-07 18:58:00,CNR4371014666,Success,CID194481,Mini,Chickpet,Shantinagar,140.0,115.0,Not Applicable,Not Applicable,No,Not Applicable,2403,Cash,20,4.7,3.7
2024-07-16 15:45:00,CNR4172862496,Driver Not Found,CID547441,Bike,Marathahalli,Magadi Road,,,Not Applicable,Not Applicable,Not Applicable,Not Applicable,201,Not Applicable,0,,
2024-07-05 07:16:00,CNR3233962328,Canceled by Driver,CID559863,Prime Sedan,Jayanagar,Hosur Road,,,Not Applicable,More than permitted people in there,Not Applicable,Not Applicable,161,Not Applicable,0,,
2024-07-23 22:43:00,CNR6985223520,Canceled by Customer,CID104307,Prime Plus,Tumkur Road,HSR Layout,,,Driver is not moving towards pickup location,Not Applicable,Not Applicable,Not Applicable,1629,Not Applicable,0,,
2024-07-15 12:09:00,CNR1160582706,Driver Not Found,CID623024,eBike,JP Nagar,Marathahalli,,,Not Applicable,Not Applicable,Not Applicable,Not Applicable,256,Not Applicable,0,,
2024-07-10 02:26:00,CNR7052587680,Success,CID797658,Prime SUV,Langford Town,Nagarbhavi,147.0,50.0,Not Applicable,Not Applicable,No,Not Applicable,392,UPI,46,3.3,3.5
2024-07-22 08:10:00,CNR3262483911,Canceled by Customer,CID856822,Mini,Devanahalli,Yelahanka,,,Driver asked to cancel,Not Applicable,Not Applicable,Not Applicable,353,Not Applicable,0,,
2024-07-10 18:14:00,CNR1163492159,Success,CID263026,eBike,Shantinagar,Whitefield,175.0,40.0,Not Applicable,Not Applicable,No,Not Applicable,271,Cash,32,3.3,4.8
2024-07-08 06:36:00,CNR1936305260,Canceled by Driver,CID568565,Mini,Indiranagar,Marathahalli,,,Not Applicable,More than permitted people in there,Not Applicable,Not Applicable,180,Not Applicable,0,,
2024-07-11 21:53:00,CNR2665926571,Success,CID356445,Prime SUV,Hulimavu,Kengeri,161.0,140.0,Not Applicable,Not Applicable,No,Not Applicable,771,Credit Card,3,3.7,3.1
2024-07-09 00:39:00,CNR8392935219,Success,CID483502,Auto,Shantinagar,JP Nagar,35.0,145.0,Not Applicable,Not Applicable,No,Not Applicable,1339,UPI,19,4.4,4.0
2024-07-14 14:41:00,CNR9818965092,Success,CID829113,Prime Sedan,Banashankari,Koramangala,245.0,145.0,Not Applicable,Not Applicable,No,Not Applicable,2305,UPI,5,3.1,3.6
2024-07-01 03:24:00,CNR7487150629,Canceled by Driver,CID966958,Mini,Tumkur Road,Vijayanagar,,,Not Applicable,Personal & Car related issue,Not Applicable,Not Applicable,563,Not Applicable,0,,
2024-07-05 02:23:00,CNR1211878934,Success,CID846173,Prime Sedan,RT Nagar,Basavanagudi,203.0,130.0,Not Applicable,Not Applicable,No,Not Applicable,406,UPI,9,4.5,4.8
2024-07-29 09:04:00,CNR5657589926,Success,CID890953,Prime Sedan,Peenya,Tumkur Road,63.0,145.0,Not Applicable,Not Applicable,No,Not Applicable,527,UPI,38,4.7,4.7
2024-07-23 22:21:00,CNR9167852199,Success,CID597161,Auto,Shantinagar,Tumkur Road,168.0,100.0,Not Applicable,Not Applicable,No,Not Applicable,135,Cash,1,4.0,3.2
2024-07-14 19:44:00,CNR7386630506,Success,CID396626,Mini,Marathahalli,Kadugodi,147.0,55.0,Not Applicable,Not Applicable,No,Not Applicable,467,UPI,33,3.9,3.8
2024-07-24 05:03:00,CNR9643579581,Success,CID355085,Auto,Varthur,Ulsoor,147.0,80.0,Not Applicable,Not Applicable,No,Not Applicable,161,Cash,5,3.9,4.5
2024-07-25 04:14:00,CNR6999151860,Canceled by Customer,CID933170,Prime Sedan,Ulsoor,BTM Layout,,,Driver asked to cancel,Not Applicable,Not Applicable,Not Applicable,590,Not Applicable,0,,
2024-07-22 00:35:00,CNR3019555500,Success,CID563079,eBike,BTM Layout,Whitefield,245.0,100.0,Not Applicable,Not Applicable,No,Not Applicable,752,Cash,12,4.7,4.7
2024-07-11 02:05:00,CNR1800782487,Canceled by Customer,CID981239,Bike,Peenya,Varthur,,,Driver asked to cancel,Not Applicable,Not Applicable,Not Applicable,229,Not Applicable,0,,
2024-07-21 21:06:00,CNR4376657025,Success,CID782719,Prime SUV,Peenya,JP Nagar,56.0,85.0,Not Applicable,Not Applicable,No,Not Applicable,1987,Cash,20,3.1,4.8
2024-07-22 05:08:00,CNR8528881874,Canceled by Driver,CID843377,Mini,Kammanahalli,JP Nagar,,,Not Applicable,Customer related issue,Not Applicable,Not Applicable,938,Not Applicable,0,,
2024-07-13 08:02:00,CNR6388385236,Success,CID279586,Auto,Yeshwanthpur,Kadugodi,217.0,70.0,Not Applicable,Not Applicable,No,Not Applicable,295,Cash,9,4.3,4.2
2024-07-29 20:50:00,CNR5720938913,Success,CID970604,Prime Plus,Basavanagudi,Padmanabhanagar,168.0,125.0,Not Applicable,Not Applicable,No,Not Applicable,2150,Cash,32,3.3,3.5
2024-07-05 12:05:00,CNR3741430048,Success,CID641229,Prime Sedan,Whitefield,Yeshwanthpur,168.0,35.0,Not Applicable,Not Applicable,No,Not Applicable,1609,UPI,36,3.8,4.9
2024-07-12 11:02:00,CNR8051144536,Success,CID111194,eBike,Basavanagudi,HSR Layout,266.0,65.0,Not Applicable,Not Applicable,No,Not Applicable,451,Cash,3,4.5,3.5
2024-07-08 21:55:00,CNR5327256674,Success,CID326126,Mini,Malleshwaram,Varthur,77.0,55.0,Not Applicable,Not Applicable,No,Not Applicable,361,Cash,32,3.0,4.8
2024-07-17 06:21:00,CNR3620463802,Success,CID693276,Prime SUV,Majestic,Peenya,259.0,120.0,Not Applicable,Not Applicable,No,Not Applicable,152,UPI,2,4.8,4.7
2024-07-26 10:27:00,CNR7964633399,Canceled by Driver,CID652014,eBike,Kadugodi,Rajarajeshwari Nagar,,,Not Applicable,Personal & Car related issue,Not Applicable,Not Applicable,115,Not Applicable,0,,
2024-07-06 20:36:00,CNR5193968808,Success,CID144389,Prime SUV,Kengeri,Richmond Town,231.0,50.0,Not Applicable,Not Applicable,No,Not Applicable,1594,UPI,49,3.1,3.2
2024-07-01 19:10:00,CNR7922309741,Success,CID126287,Prime Sedan,Vijayanagar,BTM Layout,294.0,75.0,Not Applicable,Not Applicable,No,Not Applicable,261,Cash,42,3.9,3.1
2024-07-25 13:42:00,CNR9827855817,Success,CID482646,Prime Plus,Shivajinagar,MG Road,238.0,90.0,Not Applicable,Not Applicable,No,Not Applicable,307,UPI,8,4.1,4.9
2024-07-12 23:32:00,CNR2059567798,Success,CID403801,Auto,Varthur,HSR Layout,203.0,120.0,Not Applicable,Not Applicable,No,Not Applicable,206,Cash,9,4.2,4.5
2024-07-18 09:04:00,CNR8568847338,Success,CID191774,Bike,JP Nagar,Nagarbhavi,98.0,75.0,Not Applicable,Not Applicable,No,Not Applicable,204,Cash,22,4.3,3.0
2024-07-10 05:42:00,CNR5456753925,Canceled by Driver,CID638137,Bike,Nagarbhavi,Malleshwaram,,,Not Applicable,Personal & Car related issue,Not Applicable,Not Applicable,1276,Not Applicable,0,,
2024-07-04 13:25:00,CNR3556187988,Success,CID259223,eBike,MG Road,Kengeri,217.0,120.0,Not Applicable,Not Applicable,No,Not Applicable,114,Cash,46,4.4,3.7
2024-07-06 03:15:00,CNR9767601332,Canceled by Driver,CID912492,Mini,Bannerghatta Road,Langford Town,,,Not Applicable,More than permitted people in there,Not Applicable,Not Applicable,397,Not Applicable,0,,
2024-07-20 03:44:00,CNR9346548350,Canceled by Customer,CID445919,Bike,Nagarbhavi,Sarjapur Road,,,Driver asked to cancel,Not Applicable,Not Applicable,Not Applicable,234,Not Applicable,0,,
2024-07-12 09:26:00,CNR7314079558,Success,CID322265,Mini,Yelahanka,Hennur,238.0,80.0,Not Applicable,Not Applicable,Yes,Vehicle Breakdown,744,Cash,21,3.6,3.2
2024-07-13 18:27:00,CNR1379156895,Success,CID176405,Prime Sedan,JP Nagar,Banashankari,308.0,85.0,Not Applicable,Not Applicable,No,Not Applicable,431,UPI,47,4.0,3.4
2024-07-03 14:19:00,CNR4601472402,Success,CID990356,Prime Sedan,Yeshwanthpur,Kammanahalli,224.0,145.0,Not Applicable,Not Applicable,No,Not Applicable,130,Cash,35,4.6,4.1
2024-07-12 10:54:00,CNR3582610267,Success,CID634670,Mini,Ramamurthy Nagar,Ramamurthy Nagar,189.0,130.0,Not Applicable,Not Applicable,No,Not Applicable,140,Cash,32,4.5,4.6
2024-07-09 17:18:00,CNR6578955443,Canceled by Customer,CID602836,Auto,Devanahalli,Kengeri,,,Wrong Address,Not Applicable,Not Applicable,Not Applicable,714,Not Applicable,0,,
2024-07-04 21:46:00,CNR2697365373,Success,CID499398,eBike,Banashankari,Tumkur Road,133.0,140.0,Not Applicable,Not Applicable,No,Not Applicable,363,UPI,47,3.3,3.0
2024-07-18 02:14:00,CNR5018414979,Canceled by Customer,CID810138,Prime SUV,Yeshwanthpur,Ulsoor,,,Change of plans,Not Applicable,Not Applicable,Not Applicable,533,Not Applicable,0,,
2024-07-05 05:36:00,CNR3645020311,Success,CID263548,Prime SUV,Marathahalli,Chickpet,105.0,25.0,Not Applicable,Not Applicable,No,Not Applicable,1185,Cash,38,3.0,4.8
2024-07-01 04:35:00,CNR2799315811,Canceled by Driver,CID205446,Prime SUV,Majestic,Jayanagar,,,Not Applicable,Customer was coughing/sick,Not Applicable,Not Applicable,1449,Not Applicable,0,,
2024-07-23 08:48:00,CNR9979238639,Canceled by Driver,CID631505,Prime SUV,Langford Town,Kengeri,,,Not Applicable,More than permitted people in there,Not Applicable,Not Applicable,766,Not Applicable,0,,
2024-07-13 20:20:00,CNR5022313097,Success,CID419582,Prime Plus,Padmanabhanagar,Tumkur Road,182.0,95.0,Not Applicable,Not Applicable,No,Not Applicable,436,Cash,29,3.6,4.3
2024-07-30 12:55:00,CNR1010790534,Success,CID494258,Prime SUV,Padmanabhanagar,Ramamurthy Nagar,161.0,120.0,Not Applicable,Not Applicable,Yes,Vehicle Breakdown,156,Cash,35,4.9,3.4
2024-07-23 01:56:00,CNR3482509732,Success,CID552576,Auto,RT Nagar,Varthur,252.0,115.0,Not Applicable,Not Applicable,No,Not Applicable,548,Cash,4,4.7,3.9
2024-07-11 23:15:00,CNR4146497535,Canceled by Driver,CID329283,Prime Plus,Whitefield,Shantinagar,,,Not Applicable,Personal & Car related issue,Not Applicable,Not Applicable,396,Not Applicable,0,,
2024-07-09 09:36:00,CNR9886250077,Canceled by Driver,CID554806,Prime Plus,HSR Layout,Tumkur Road,,,Not Applicable,Customer related issue,Not Applicable,Not Applicable,433,Not Applicable,0,,
2024-07-24 08:19:00,CNR6280220598,Driver Not Found,CID474621,eBike,Sahakar Nagar,Rajajinagar,,,Not Applicable,Not Applicable,Not Applicable,Not Applicable,168,Not Applicable,0,,
2024-07-10 16:46:00,CNR6098172976,Canceled by Driver,CID356730,Prime Sedan,JP Nagar,Rajajinagar,,,Not Applicable,Personal & Car related issue,Not Applicable,Not Applicable,124,Not Applicable,0,,
2024-07-15 12:44:00,CNR3192554537,Success,CID266866,Prime Sedan,Kadugodi,Malleshwaram,154.0,140.0,Not Applicable,Not Applicable,No,Not Applicable,422,Cash,21,3.4,3.4
2024-07-17 06:50:00,CNR4434092728,Canceled by Driver,CID981951,Prime Sedan,MG Road,Frazer Town,,,Not Applicable,Personal & Car related issue,Not Applicable,Not Applicable,187,Not Applicable,0,,
2024-07-09 05:31:00,CNR1745678585,Success,CID370732,Prime Plus,HSR Layout,Basavanagudi,231.0,65.0,Not Applicable,Not Applicable,No,Not Applicable,1067,UPI,23,4.0,4.3
2024-07-04 20:25:00,CNR1468919805,Success,CID261189,eBike,Hebbal,Hulimavu,168.0,55.0,Not Applicable,Not Applicable,No,Not Applicable,1102,Cash,26,4.8,3.3
2024-07-04 23:53:00,CNR8733665764,Canceled by Customer,CID305372,Prime SUV,Basavanagudi,Shivajinagar,,,Change of plans,Not Applicable,Not Applicable,Not Applicable,2424,Not Applicable,0,,
2024-07-27 00:43:00,CNR4643018291,Success,CID210303,Auto,Rajarajeshwari Nagar,Electronic City,294.0,70.0,Not Applicable,Not Applicable,No,Not Applicable,411,UPI,8,3.8,3.2
2024-07-10 16:58:00,CNR9498173611,Success,CID102723,Mini,Yeshwanthpur,Rajajinagar,308.0,135.0,Not Applicable,Not Applicable,No,Not Applicable,468,Cash,12,4.9,4.9
2024-07-16 07:27:00,CNR7392093517,Success,CID546169,Mini,Sarjapur Road,Varthur,91.0,70.0,Not Applicable,Not Applicable,No,Not Applicable,104,UPI,29,3.0,3.1
2024-07-05 13:55:00,CNR9302814252,Success,CID330785,Bike,Tumkur Road,Majestic,126.0,115.0,Not Applicable,Not Applicable,No,Not Applicable,383,Cash,34,3.0,3.5
2024-07-21 07:51:00,CNR9764086589,Success,CID796791,eBike,Frazer Town,Richmond Town,280.0,145.0,Not Applicable,Not Applicable,No,Not Applicable,265,Cash,6,3.2,4.2
2024-07-20 11:16:00,CNR9572439449,Driver Not Found,CID136312,Mini,Padmanabhanagar,MG Road,,,Not Applicable,Not Applicable,Not Applicable,Not Applicable,857,Not Applicable,0,,
2024-07-25 11:24:00,CNR5768034706,Canceled by Customer,CID304256,eBike,Majestic,Padmanabhanagar,,,AC is Not working,Not Applicable,Not Applicable,Not Applicable,189,Not Applicable,0,,
2024-07-21 23:05:00,CNR7334943751,Driver Not Found,CID303012,Prime Plus,Chamarajpet,Kadugodi,,,Not Applicable,Not Applicable,Not Applicable,Not Applicable,729,Not Applicable,0,,
2024-07-24 14:03:00,CNR3391157621,Canceled by Customer,CID186375,Prime Sedan,Sarjapur Road,Indiranagar,,,AC is Not working,Not Applicable,Not Applicable,Not Applicable,1967,Not Applicable,0,,
2024-07-27 13:33:00,CNR9801679332,Success,CID499158,Auto,Basavanagudi,Banashankari,91.0,75.0,Not Applicable,Not Applicable,No,Not Applicable,342,Cash,7,3.2,4.9
2024-07-12 18:15:00,CNR2931847011,Success,CID602084,eBike,Shantinagar,Whitefield,217.0,25.0,Not Applicable,Not Applicable,No,Not Applicable,640,Credit Card,5,3.5,3.5
2024-07-09 03:14:00,CNR3096870829,Success,CID260044,Auto,Sahakar Nagar,Hebbal,259.0,120.0,Not Applicable,Not Applicable,No,Not Applicable,327,UPI,7,4.6,4.5
2024-07-04 13:16:00,CNR3052655466,Canceled by Driver,CID164836,Mini,Rajarajeshwari Nagar,KR Puram,,,Not Applicable,Customer was coughing/sick,Not Applicable,Not Applicable,480,Not Applicable,0,,
2024-07-24 00:15:00,CNR1422655296,Success,CID784574,Auto,Banashankari,Hennur,196.0,125.0,Not Applicable,Not Applicable,No,Not Applicable,762,Cash,12,3.6,3.8
2024-07-28 16:15:00,CNR3382716604,Success,CID915919,Prime SUV,Malleshwaram,Hennur,154.0,125.0,Not Applicable,Not Applicable,No,Not Applicable,490,UPI,7,4.4,4.6
2024-07-24 04:27:00,CNR4104429977,Success,CID530363,Bike,Rajarajeshwari Nagar,Majestic,252.0,25.0,Not Applicable,Not Applicable,No,Not Applicable,295,Cash,29,4.3,3.5
2024-07-12 17:26:00,CNR8024827555,Canceled by Driver,CID745921,Bike,Tumkur Road,Whitefield,,,Not Applicable,Customer was coughing/sick,Not Applicable,Not Applicable,247,Not Applicable,0,,
2024-07-28 23:21:00,CNR6012620313,Success,CID245426,Prime Sedan,Chamarajpet,MG Road,182.0,30.0,Not Applicable,Not Applicable,No,Not Applicable,324,Cash,34,4.7,3.4
2024-07-02 21:31:00,CNR6211183104,Success,CID577900,Bike,MG Road,MG Road,63.0,70.0,Not Applicable,Not Applicable,No,Not Applicable,423,Cash,12,4.3,3.8
2024-07-13 18:07:00,CNR9837718239,Success,CID147672,eBike,Mysore Road,Shantinagar,231.0,75.0,Not Applicable,Not Applicable,Yes,Vehicle Breakdown,364,Cash,2,4.0,3.9
2024-07-06 23:48:00,CNR1600136603,Canceled by Customer,CID308368,Prime Plus,RT Nagar,Ulsoor,,,Driver is not moving towards pickup location,Not Applicable,Not Applicable,Not Applicable,1252,Not Applicable,0,,
2024-07-19 11:42:00,CNR9103445321,Success,CID213455,Mini,Sahakar Nagar,RT Nagar,182.0,75.0,Not Applicable,Not Applicable,No,Not Applicable,166,Cash,40,4.5,3.3
2024-07-16 04:11:00,CNR6602769421,Success,CID512393,Auto,Hebbal,Hosur Road,175.0,100.0,Not Applicable,Not Applicable,No,Not Applicable,388,UPI,7,4.5,3.2
2024-07-02 11:54:00,CNR7884531737,Canceled by Customer,CID723150,Prime Sedan,Magadi Road,Electronic City,,,Driver asked to cancel,Not Applicable,Not Applicable,Not Applicable,497,Not Applicable,0,,
2024-07-01 09:03:00,CNR5929926674,Success,CID153922,eBike,Yelahanka,Devanahalli,210.0,125.0,Not Applicable,Not Applicable,No,Not Applicable,232,UPI,21,4.3,4.0
2024-07-06 21:34:00,CNR8664063464,Driver Not Found,CID474462,Prime Sedan,Basavanagudi,Frazer Town,,,Not Applicable,Not Applicable,Not Applicable,Not Applicable,123,Not Applicable,0,,
2024-07-24 04:30:00,CNR9398247210,Success,CID729822,Prime SUV,Hosur Road,Marathahalli,140.0,110.0,Not Applicable,Not Applicable,No,Not Applicable,429,UPI,22,4.2,3.9
2024-07-11 19:17:00,CNR8265539550,Success,CID495407,Auto,Rajajinagar,JP Nagar,245.0,60.0,Not Applicable,Not Applicable,Yes,Other Issue,594,Cash,4,4.9,3.3
2024-07-04 16:56:00,CNR1941287486,Success,CID330881,Prime Plus,Jayanagar,Banashankari,175.0,135.0,Not Applicable,Not Applicable,No,Not Applicable,128,UPI,20,5.0,3.4
2024-07-11 05:25:00,CNR7461102226,Canceled by Driver,CID110389,eBike,RT Nagar,Richmond Town,,,Not Applicable,Personal & Car related issue,Not Applicable,Not Applicable,856,Not Applicable,0,,
2024-07-02 09:25:00,CNR5623641113,Success,CID545564,Bike,Shantinagar,Nagarbhavi,98.0,50.0,Not Applicable,Not Applicable,No,Not Applicable,450,Cash,11,3.7,4.9
2024-07-13 03:25:00,CNR2235049297,Success,CID476866,Prime SUV,Koramangala,Hulimavu,84.0,50.0,Not Applicable,Not Applicable,No,Not Applicable,608,UPI,1,4.4,4.5
2024-07-11 21:04:00,CNR2519959574,Canceled by Driver,CID858282,Prime Sedan,Devanahalli,Richmond Town,,,Not Applicable,Personal & Car related issue,Not Applicable,Not Applicable,522,Not Applicable,0,,
2024-07-23 15:36:00,CNR2618101909,Driver Not Found,CID462516,eBike,HSR Layout,Sahakar Nagar,,,Not Applicable,Not Applicable,Not Applicable,Not Applicable,714,Not Applicable,0,,
2024-07-01 09:43:00,CNR8110623657,Driver Not Found,CID639720,Bike,Padmanabhanagar,Hulimavu,,,Not Applicable,Not Applicable,Not Applicable,Not Applicable,487,Not Applicable,0,,
2024-07-02 05:36:00,CNR2346434402,Driver Not Found,CID584104,Prime Sedan,Sarjapur Road,Kammanahalli,,,Not Applicable,Not Applicable,Not Applicable,Not Applicable,365,Not Applicable,0,,
2024-07-30 10:37:00,CNR2080881927,Success,CID701935,eBike,Hosur Road,Banashankari,112.0,55.0,Not Applicable,Not Applicable,No,Not Applicable,134,UPI,6,3.5,3.8
2024-07-25 06:53:00,CNR9058239547,Canceled by Customer,CID870683,Auto,Hennur,Tumkur Road,,,Driver asked to cancel,Not Applicable,Not Applicable,Not Applicable,305,Not Applicable,0,,
2024-07-07 07:45:00,CNR3594790032,Success,CID257194,Auto,MG Road,Electronic City,63.0,55.0,Not Applicable,Not Applicable,No,Not Applicable,252,UPI,5,3.1,4.1
2024-07-01 02:05:00,CNR8456327576,Driver Not Found,CID644781,Prime Sedan,Chickpet,Mysore Road,,,Not Applicable,Not Applicable,Not Applicable,Not Applicable,917,Not Applicable,0,,
2024-07-21 13:22:00,CNR7472967919,Success,CID522221,Prime Sedan,Kadugodi,Marathahalli,42.0,35.0,Not Applicable,Not Applicable,No,Not Applicable,257,Cash,7,3.8,3.1
2024-07-25 13:31:00,CNR5305621300,Success,CID453627,Mini,Frazer Town,Magadi Road,189.0,30.0,Not Applicable,Not Applicable,No,Not Applicable,871,Cash,10,3.2,3.5
2024-07-22 22:38:00,CNR9022863652,Success,CID903448,Prime Sedan,Magadi Road,Tumkur Road,168.0,85.0,Not Applicable,Not Applicable,No,Not Applicable,795,UPI,25,4.6,4.7
2024-07-18 08:29:00,CNR2255875551,Success,CID706412,Prime Plus,Yelahanka,Hosur Road,238.0,145.0,Not Applicable,Not Applicable,No,Not Applicable,450,Cash,34,3.6,4.4
2024-07-23 22:31:00,CNR1057091902,Canceled by Driver,CID662419,Prime SUV,Chamarajpet,Sahakar Nagar,,,Not Applicable,Personal & Car related issue,Not Applicable,Not Applicable,175,Not Applicable,0,,
2024-07-05 09:54:00,CNR8854731938,Success,CID280262,Bike,HSR Layout,Malleshwaram,224.0,55.0,Not Applicable,Not Applicable,No,Not Applicable,371,Cash,20,4.0,3.2
2024-07-06 05:45:00,CNR7798812441,Success,CID721364,Auto,Ulsoor,KR Puram,140.0,35.0,Not Applicable,Not Applicable,No,Not Applicable,414,Cash,14,4.0,4.5
2024-07-26 22:12:00,CNR5058070726,Driver Not Found,CID668209,Prime Sedan,Rajajinagar,Kadugodi,,,Not Applicable,Not Applicable,Not Applicable,Not Applicable,438,Not Applicable,0,,
2024-07-29 12:26:00,CNR3694894329,Canceled by Driver,CID768764,Auto,Hosur Road,Kengeri,,,Not Applicable,More than permitted people in there,Not Applicable,Not Applicable,234,Not Applicable,0,,
2024-07-16 21:21:00,CNR4629592854,Success,CID229430,eBike,HSR Layout,Richmond Town,70.0,45.0,Not Applicable,Not Applicable,No,Not Applicable,497,Cash,7,4.5,3.2
2024-07-23 07:29:00,CNR2252408848,Success,CID506038,eBike,Peenya,Chickpet,91.0,60.0,Not Applicable,Not Applicable,No,Not Applicable,218,Cash,17,3.1,3.7
2024-07-07 00:12:00,CNR2491885880,Success,CID721330,Auto,Rajarajeshwari Nagar,Yelahanka,280.0,85.0,Not Applicable,Not Applicable,No,Not Applicable,439,Cash,16,4.1,4.1
2024-07-30 16:23:00,CNR2932997762,Success,CID553721,Auto,Nagarbhavi,Nagarbhavi,161.0,125.0,Not Applicable,Not Applicable,No,Not Applicable,745,Cash,6,4.8,4.0
2024-07-24 19:55:00,CNR3816504252,Success,CID294886,Mini,Ulsoor,Electronic City,224.0,55.0,Not Applicable,Not Applicable,No,Not Applicable,187,UPI,42,3.5,4.2
2024-07-14 03:21:00,CNR1473148103,Driver Not Found,CID337081,Prime Plus,Padmanabhanagar,Ulsoor,,,Not Applicable,Not Applicable,Not Applicable,Not Applicable,1494,Not Applicable,0,,
2024-07-26 15:14:00,CNR6032391679,Success,CID272504,Mini,MG Road,Majestic,259.0,80.0,Not Applicable,Not Applicable,No,Not Applicable,421,Credit Card,18,4.4,4.7
2024-07-28 01:39:00,CNR7513045067,Success,CID956130,eBike,Rajajinagar,Kengeri,70.0,40.0,Not Applicable,Not Applicable,No,Not Applicable,2585,UPI,41,4.1,3.7
2024-07-16 05:30:00,CNR9599690687,Success,CID852560,Prime SUV,Nagarbhavi,Chickpet,133.0,115.0,Not Applicable,Not Applicable,No,Not Applicable,230,Cash,2,3.3,3.5
2024-07-29 10:32:00,CNR4677894747,Canceled by Driver,CID913643,Prime Plus,Marathahalli,Bannerghatta Road,,,Not Applicable,Personal & Car related issue,Not Applicable,Not Applicable,382,Not Applicable,0,,
2024-07-11 13:52:00,CNR1732807560,Success,CID682901,Prime Plus,JP Nagar,Sahakar Nagar,301.0,110.0,Not Applicable,Not Applicable,No,Not Applicable,404,Cash,43,3.1,4.9
2024-07-27 07:20:00,CNR4685787924,Canceled by Customer,CID792863,Prime Sedan,BTM Layout,Basavanagudi,,,Change of plans,Not Applicable,Not Applicable,Not Applicable,725,Not Applicable,0,,
2024-07-21 14:09:00,CNR2941782107,Driver Not Found,CID152296,eBike,Kammanahalli,Rajarajeshwari Nagar,,,Not Applicable,Not Applicable,Not Applicable,Not Applicable,853,Not Applicable,0,,
2024-07-27 00:16:00,CNR9994639005,Success,CID601087,Prime Plus,Rajajinagar,Ulsoor,35.0,70.0,Not Applicable,Not Applicable,No,Not Applicable,105,Credit Card,4,3.4,4.5
2024-07-06 14:13:00,CNR5564236728,Success,CID423490,Prime Sedan,Hulimavu,Hosur Road,182.0,80.0,Not Applicable,Not Applicable,No,Not Applicable,259,UPI,17,4.6,3.5
2024-07-01 21:01:00,CNR7968297881,Success,CID559754,Bike,Yeshwanthpur,Langford Town,119.0,65.0,Not Applicable,Not Applicable,No,Not Applicable,432,UPI,42,4.0,4.6
2024-07-10 05:43:00,CNR1041750713,Canceled by Driver,CID405768,eBike,Peenya,Sahakar Nagar,,,Not Applicable,More than permitted people in there,Not Applicable,Not Applicable,579,Not Applicable,0,,
2024-07-25 10:06:00,CNR8253403828,Canceled by Customer,CID944093,Bike,Kengeri,Jayanagar,,,AC is Not working,Not Applicable,Not Applicable,Not Applicable,140,Not Applicable,0,,
2024-07-02 03:28:00,CNR4973671337,Success,CID610587,eBike,Hosur Road,MG Road,35.0,115.0,Not Applicable,Not Applicable,No,Not Applicable,178,UPI,36,3.1,4.0
2024-07-28 13:08:00,CNR3291582353,Success,CID898723,Bike,Magadi Road,Devanahalli,147.0,45.0,Not Applicable,Not Applicable,No,Not Applicable,231,UPI,49,3.2,3.7
2024-07-09 23:07:00,CNR3330311709,Success,CID262668,Prime Plus,Jayanagar,Hosur Road,105.0,25.0,Not Applicable,Not Applicable,No,Not Applicable,208,Cash,15,4.6,3.0
2024-07-30 20:16:00,CNR7599398155,Canceled by Driver,CID820333,eBike,Shivajinagar,Hulimavu,,,Not Applicable,Personal & Car related issue,Not Applicable,Not Applicable,166,Not Applicable,0,,
2024-07-23 06:29:00,CNR2431908088,Success,CID881408,Prime Sedan,Bannerghatta Road,Hosur Road,63.0,55.0,Not Applicable,Not Applicable,No,Not Applicable,1302,Cash,39,4.3,4.6
2024-07-22 13:27:00,CNR8100472689,Success,CID877545,Bike,Indiranagar,Varthur,161.0,145.0,Not Applicable,Not Applicable,No,Not Applicable,904,Cash,48,3.1,3.4
2024-07-22 11:23:00,CNR5679239638,Success,CID458279,Prime SUV,Frazer Town,Hebbal,154.0,60.0,Not Applicable,Not Applicable,No,Not Applicable,360,Cash,7,4.8,4.1
2024-07-24 03:11:00,CNR6933214294,Canceled by Driver,CID134567,Prime Plus,Varthur,Majestic,,,Not Applicable,More than permitted people in there,Not Applicable,Not Applicable,1909,Not Applicable,0,,
2024-07-01 15:36:00,CNR5112061056,Canceled by Driver,CID764528,Mini,Frazer Town,Vijayanagar,,,Not Applicable,More than permitted people in there,Not Applicable,Not Applicable,317,Not Applicable,0,,
2024-07-12 12:32:00,CNR2887120602,Success,CID316218,Bike,Malleshwaram,Langford Town,49.0,120.0,Not Applicable,Not Applicable,No,Not Applicable,292,UPI,41,4.9,5.0
2024-07-18 20:47:00,CNR2748764403,Success,CID880556,Auto,Padmanabhanagar,Kadugodi,147.0,100.0,Not Applicable,Not Applicable,No,Not Applicable,256,UPI,9,4.9,3.2
2024-07-19 19:05:00,CNR2011570289,Canceled by Customer,CID284943,eBike,KR Puram,Cox Town,,,Driver is not moving towards pickup location,Not Applicable,Not Applicable,Not Applicable,328,Not Applicable,0,,
2024-07-10 13:10:00,CNR3325295857,Canceled by Driver,CID705548,Auto,Sarjapur Road,Varthur,,,Not Applicable,Personal & Car related issue,Not Applicable,Not Applicable,401,Not Applicable,0,,
2024-07-26 21:42:00,CNR6002837954,Canceled by Driver,CID670746,Mini,Electronic City,Indiranagar,,,Not Applicable,Customer related issue,Not Applicable,Not Applicable,426,Not Applicable,0,,
2024-07-22 15:42:00,CNR6099888013,Canceled by Customer,CID198725,Auto,Chickpet,Yeshwanthpur,,,Driver asked to cancel,Not Applicable,Not Applicable,Not Applicable,223,Not Applicable,0,,
2024-07-04 08:00:00,CNR9557815325,Success,CID843920,Bike,Tumkur Road,Ulsoor,49.0,30.0,Not Applicable,Not Applicable,No,Not Applicable,511,Cash,26,4.8,3.6
2024-07-12 23:22:00,CNR2815485123,Success,CID711212,Prime Sedan,Hennur,Yeshwanthpur,35.0,95.0,Not Applicable,Not Applicable,No,Not Applicable,289,UPI,4,3.9,3.2
2024-07-30 23:53:00,CNR2190724868,Success,CID912337,Prime SUV,Richmond Town,Shivajinagar,217.0,115.0,Not Applicable,Not Applicable,Yes,Other Issue,179,Cash,42,4.5,4.4
2024-07-12 08:38:00,CNR6243856565,Canceled by Driver,CID405535,eBike,Chamarajpet,Magadi Road,,,Not Applicable,Personal & Car related issue,Not Applicable,Not Applicable,359,Not Applicable,0,,
2024-07-11 05:02:00,CNR9793413821,Success,CID316650,Auto,Koramangala,Hebbal,273.0,125.0,Not Applicable,Not Applicable,No,Not Applicable,415,UPI,18,3.3,4.3
2024-07-09 15:54:00,CNR1907422849,Success,CID585665,Prime Sedan,Chamarajpet,Vijayanagar,84.0,80.0,Not Applicable,Not Applicable,No,Not Applicable,307,Cash,23,4.7,4.7
2024-07-23 01:28:00,CNR8877719777,Success,CID685811,Prime Plus,Shantinagar,Mysore Road,119.0,105.0,Not Applicable,Not Applicable,Yes,Customer Demand,227,Cash,3,4.1,3.8
2024-07-29 16:40:00,CNR9132990042,Success,CID775354,eBike,Yelahanka,Shivajinagar,224.0,130.0,Not Applicable,Not Applicable,No,Not Applicable,938,Cash,34,3.7,3.8
2024-07-24 03:54:00,CNR2606388852,Driver Not Found,CID730096,Mini,Sahakar Nagar,Ulsoor,,,Not Applicable,Not Applicable,Not Applicable,Not Applicable,491,Not Applicable,0,,
2024-07-20 00:16:00,CNR1446323452,Driver Not Found,CID682978,Auto,HSR Layout,Shivajinagar,,,Not Applicable,Not Applicable,Not Applicable,Not Applicable,382,Not Applicable,0,,
2024-07-24 03:27:00,CNR1368361958,Success,CID480582,Bike,Malleshwaram,Hennur,154.0,90.0,Not Applicable,Not Applicable,No,Not Applicable,201,Debit Card,11,3.1,4.2
2024-07-11 03:16:00,CNR8323467566,Success,CID682982,Prime Plus,Bellandur,KR Puram,294.0,80.0,Not Applicable,Not Applicable,No,Not Applicable,334,Cash,5,3.3,3.5
2024-07-06 10:35:00,CNR5405655518,Success,CID817073,eBike,KR Puram,Bannerghatta Road,287.0,70.0,Not Applicable,Not Applicable,No,Not Applicable,405,UPI,20,3.0,4.5
2024-07-06 10:11:00,CNR3464682009,Success,CID550293,Prime Plus,Vijayanagar,Indiranagar,98.0,30.0,Not Applicable,Not Applicable,No,Not Applicable,1284,Cash,46,3.0,3.9
2024-07-25 10:19:00,CNR2931718239,Success,CID504833,eBike,Majestic,Vijayanagar,224.0,60.0,Not Applicable,Not Applicable,No,Not Applicable,2973,UPI,13,4.5,5.0
2024-07-08 22:21:00,CNR8404158744,Success,CID522444,Prime Sedan,Indiranagar,Shantinagar,294.0,95.0,Not Applicable,Not Applicable,No,Not Applicable,330,Cash,43,3.3,4.0
2024-07-26 07:56:00,CNR6067433092,Success,CID227230,Auto,Hosur Road,Vijayanagar,266.0,55.0,Not Applicable,Not Applicable,No,Not Applicable,2357,Cash,19,3.7,4.2
2024-07-06 23:25:00,CNR2844164436,Success,CID706804,Mini,Kengeri,Hennur,133.0,140.0,Not Applicable,Not Applicable,No,Not Applicable,676,UPI,47,4.6,3.2
2024-07-28 17:07:00,CNR7007669336,Canceled by Driver,CID921841,Prime Plus,Vijayanagar,Mysore Road,,,Not Applicable,More than permitted people in there,Not Applicable,Not Applicable,303,Not Applicable,0,,
2024-07-22 12:38:00,CNR2177081147,Success,CID182790,Prime Plus,Vijayanagar,Hosur Road,280.0,50.0,Not Applicable,Not Applicable,No,Not Applicable,221,Cash,48,3.8,4.8
2024-07-02 08:29:00,CNR9694434987,Success,CID270618,Prime Sedan,Hulimavu,Rajarajeshwari Nagar,294.0,50.0,Not Applicable,Not Applicable,No,Not Applicable,358,Cash,17,3.4,4.3
2024-07-05 07:23:00,CNR9857368582,Canceled by Driver,CID648511,Prime SUV,Peenya,Kengeri,,,Not Applicable,Customer was coughing/sick,Not Applicable,Not Applicable,302,Not Applicable,0,,
2024-07-13 07:56:00,CNR4606011135,Driver Not Found,CID244534,Prime SUV,Magadi Road,Yeshwanthpur,,,Not Applicable,Not Applicable,Not Applicable,Not Applicable,365,Not Applicable,0,,
2024-07-07 04:17:00,CNR5873292711,Canceled by Customer,CID378842,Mini,BTM Layout,Rajajinagar,,,Driver asked to cancel,Not Applicable,Not Applicable,Not Applicable,386,Not Applicable,0,,
2024-07-12 21:27:00,CNR8305398462,Driver Not Found,CID843524,Auto,Mysore Road,MG Road,,,Not Applicable,Not Applicable,Not Applicable,Not Applicable,872,Not Applicable,0,,
2024-07-09 18:45:00,CNR7954339906,Driver Not Found,CID923745,Prime SUV,RT Nagar,Bannerghatta Road,,,Not Applicable,Not Applicable,Not Applicable,Not Applicable,337,Not Applicable,0,,
2024-07-27 14:26:00,CNR9965210378,Success,CID311371,Prime Sedan,Peenya,Indiranagar,77.0,40.0,Not Applicable,Not Applicable,No,Not Applicable,158,Debit Card,7,4.5,3.2
2024-07-10 12:13:00,CNR5808951779,Success,CID255056,Prime Plus,Electronic City,Peenya,224.0,40.0,Not Applicable,Not Applicable,Yes,Vehicle Breakdown,489,UPI,4,4.2,4.2
2024-07-08 10:08:00,CNR5358521124,Success,CID243073,Mini,Yelahanka,Jayanagar,252.0,85.0,Not Applicable,Not Applicable,No,Not Applicable,286,Cash,3,3.3,4.1
2024-07-26 15:17:00,CNR7102125177,Success,CID110059,Prime SUV,Richmond Town,Banashankari,210.0,145.0,Not Applicable,Not Applicable,No,Not Applicable,245,Cash,1,3.7,4.5
2024-07-21 01:37:00,CNR7564291322,Driver Not Found,CID435302,Auto,Shivajinagar,Hulimavu,,,Not Applicable,Not Applicable,Not Applicable,Not Applicable,993,Not Applicable,0,,
2024-07-07 08:54:00,CNR4102448874,Success,CID913390,Prime Sedan,Kammanahalli,BTM Layout,196.0,70.0,Not Applicable,Not Applicable,Yes,Customer Demand,304,Cash,23,4.4,3.4
2024-07-12 05:35:00,CNR6521526045,Canceled by Driver,CID160103,Auto,Magadi Road,Ulsoor,,,Not Applicable,Customer related issue,Not Applicable,Not Applicable,352,Not Applicable,0,,
2024-07-01 13:04:00,CNR4177118295,Canceled by Customer,CID421303,eBike,Rajajinagar,Tumkur Road,,,Wrong Address,Not Applicable,Not Applicable,Not Applicable,401,Not Applicable,0,,
2024-07-25 11:10:00,CNR9149524536,Canceled by Driver,CID531373,Mini,Frazer Town,Sarjapur Road,,,Not Applicable,Personal & Car related issue,Not Applicable,Not Applicable,253,Not Applicable,0,,
2024-07-19 06:40:00,CNR4642048688,Success,CID794352,Prime Plus,Chickpet,Magadi Road,231.0,65.0,Not Applicable,Not Applicable,No,Not Applicable,129,Credit Card,26,4.5,3.8
2024-07-21 08:27:00,CNR9018565004,Driver Not Found,CID405016,Auto,Bellandur,Ramamurthy Nagar,,,Not Applicable,Not Applicable,Not Applicable,Not Applicable,251,Not Applicable,0,,
2024-07-23 02:49:00,CNR4940230356,Success,CID883241,Prime SUV,Yelahanka,Yeshwanthpur,308.0,95.0,Not Applicable,Not Applicable,No,Not Applicable,302,Cash,33,3.4,3.2
2024-07-25 18:47:00,CNR4103376548,Driver Not Found,CID358111,Prime Plus,Banashankari,Jayanagar,,,Not Applicable,Not Applicable,Not Applicable,Not Applicable,429,Not Applicable,0,,
2024-07-20 11:27:00,CNR8144352985,Success,CID793911,Prime Sedan,Nagarbhavi,Bannerghatta Road,196.0,105.0,Not Applicable,Not Applicable,No,Not Applicable,2295,Cash,35,4.5,3.5
2024-07-19 11:36:00,CNR3448683549,Success,CID717247,Bike,Indiranagar,Hosur Road,147.0,145.0,Not Applicable,Not Applicable,No,Not Applicable,383,UPI,9,4.4,3.6
2024-07-19 04:16:00,CNR3375657155,Success,CID570867,Prime Sedan,Chamarajpet,Indiranagar,147.0,70.0,Not Applicable,Not Applicable,No,Not Applicable,321,Credit Card,35,3.6,3.7
2024-07-11 00:45:00,CNR6503582165,Success,CID336131,Auto,Jayanagar,Chamarajpet,98.0,50.0,Not Applicable,Not Applicable,No,Not Applicable,216,Cash,18,4.1,3.2
2024-07-20 06:16:00,CNR6031497597,Canceled by Driver,CID953782,Auto,Yelahanka,Chickpet,,,Not Applicable,More than permitted people in there,Not Applicable,Not Applicable,919,Not Applicable,0,,
2024-07-01 09:46:00,CNR9625074581,Success,CID462391,Prime Sedan,HSR Layout,Ulsoor,133.0,105.0,Not Applicable,Not Applicable,No,Not Applicable,109,Cash,41,4.1,3.4
2024-07-09 21:52:00,CNR1302274767,Canceled by Customer,CID490712,Prime Sedan,Vijayanagar,Malleshwaram,,,Change of plans,Not Applicable,Not Applicable,Not Applicable,184,Not Applicable,0,,
2024-07-14 04:22:00,CNR3969711393,Success,CID432923,Mini,Sahakar Nagar,Jayanagar,147.0,60.0,Not Applicable,Not Applicable,No,Not Applicable,984,UPI,30,4.4,4.0
2024-07-22 04:03:00,CNR7734252820,Success,CID834762,Prime SUV,Peenya,Chickpet,252.0,115.0,Not Applicable,Not Applicable,No,Not Applicable,2175,UPI,25,4.4,5.0
2024-07-16 16:29:00,CNR2934815615,Success,CID162175,Mini,Rajajinagar,Koramangala,119.0,80.0,Not Applicable,Not Applicable,No,Not Applicable,303,Debit Card,31,4.2,3.8
2024-07-19 11:57:00,CNR4095134361,Success,CID965710,Bike,Hebbal,Nagarbhavi,231.0,75.0,Not Applicable,Not Applicable,No,Not Applicable,292,Credit Card,26,3.8,3.2
2024-07-11 13:46:00,CNR4129521338,Success,CID784248,Prime SUV,Ramamurthy Nagar,Hulimavu,70.0,40.0,Not Applicable,Not Applicable,Yes,Vehicle Breakdown,311,Cash,4,4.9,3.7
2024-07-28 17:24:00,CNR5655566720,Success,CID989274,Prime Sedan,Padmanabhanagar,Koramangala,238.0,80.0,Not Applicable,Not Applicable,No,Not Applicable,702,Credit Card,38,3.8,3.6
2024-07-25 12:49:00,CNR7043678172,Success,CID133074,Prime Plus,Frazer Town,Malleshwaram,301.0,60.0,Not Applicable,Not Applicable,No,Not Applicable,489,Cash,27,4.5,3.9
2024-07-02 17:18:00,CNR6701646946,Success,CID948207,Prime SUV,Indiranagar,Cox Town,189.0,110.0,Not Applicable,Not Applicable,No,Not Applicable,374,UPI,36,4.1,4.7
2024-07-19 00:27:00,CNR5578093097,Success,CID208136,Prime SUV,Tumkur Road,Bannerghatta Road,91.0,60.0,Not Applicable,Not Applicable,No,Not Applicable,249,UPI,38,4.3,4.2
2024-07-07 09:28:00,CNR7082459892,Success,CID456569,Auto,Hebbal,Jayanagar,189.0,95.0,Not Applicable,Not Applicable,No,Not Applicable,497,UPI,9,3.9,3.8
2024-07-18 06:31:00,CNR4687266162,Canceled by Driver,CID716292,Auto,Electronic City,Sahakar Nagar,,,Not Applicable,Customer was coughing/sick,Not Applicable,Not Applicable,664,Not Applicable,0,,
2024-07-20 00:17:00,CNR3289971829,Canceled by Customer,CID396680,Prime SUV,Kengeri,Bannerghatta Road,,,AC is Not working,Not Applicable,Not Applicable,Not Applicable,245,Not Applicable,0,,
2024-07-23 01:12:00,CNR3405379450,Success,CID341436,eBike,Ulsoor,Peenya,161.0,70.0,Not Applicable,Not Applicable,No,Not Applicable,777,Cash,17,3.5,3.7
2024-07-13 17:16:00,CNR2049630782,Canceled by Customer,CID643558,eBike,Electronic City,Devanahalli,,,Wrong Address,Not Applicable,Not Applicable,Not Applicable,773,Not Applicable,0,,
2024-07-24 08:00:00,CNR4283729118,Driver Not Found,CID307215,Prime Plus,JP Nagar,Padmanabhanagar,,,Not Applicable,Not Applicable,Not Applicable,Not Applicable,144,Not Applicable,0,,
2024-07-24 20:11:00,CNR6418520490,Success,CID517684,Prime SUV,Basavanagudi,Hulimavu,238.0,35.0,Not Applicable,Not Applicable,No,Not Applicable,1607,Cash,43,3.0,4.3
2024-07-16 07:38:00,CNR3690654244,Canceled by Driver,CID547735,eBike,Varthur,Frazer Town,,,Not Applicable,Personal & Car related issue,Not Applicable,Not Applicable,477,Not Applicable,0,,
2024-07-27 10:11:00,CNR2289546572,Success,CID361253,eBike,Sahakar Nagar,JP Nagar,245.0,105.0,Not Applicable,Not Applicable,Yes,Vehicle Breakdown,488,Cash,32,3.7,4.1
2024-07-12 17:13:00,CNR4847947677,Success,CID666534,Auto,Koramangala,Hulimavu,63.0,30.0,Not Applicable,Not Applicable,No,Not Applicable,2447,UPI,3,4.5,5.0
2024-07-21 12:48:00,CNR7598831143,Driver Not Found,CID826815,Mini,Mysore Road,Nagarbhavi,,,Not Applicable,Not Applicable,Not Applicable,Not Applicable,325,Not Applicable,0,,
2024-07-30 05:25:00,CNR7950788400,Canceled by Driver,CID307817,Mini,Majestic,HSR Layout,,,Not Applicable,Personal & Car related issue,Not Applicable,Not Applicable,169,Not Applicable,0,,
2024-07-07 02:51:00,CNR4027088548,Success,CID874791,Prime SUV,Nagarbhavi,Padmanabhanagar,189.0,30.0,Not Applicable,Not Applicable,No,Not Applicable,241,Cash,34,4.6,4.6
2024-07-02 05:02:00,CNR5782186620,Canceled by Driver,CID900522,Auto,Kengeri,Indiranagar,,,Not Applicable,More than permitted people in there,Not Applicable,Not Applicable,143,Not Applicable,0,,
2024-07-09 08:13:00,CNR1049044801,Success,CID509348,Prime SUV,Padmanabhanagar,Kengeri,161.0,55.0,Not Applicable,Not Applicable,No,Not Applicable,690,Cash,16,3.4,3.1
2024-07-15 06:00:00,CNR5428553388,Success,CID473594,Prime Sedan,Marathahalli,Chamarajpet,133.0,50.0,Not Applicable,Not Applicable,No,Not Applicable,424,UPI,10,3.4,3.9
2024-07-01 09:00:00,CNR2724558377,Driver Not Found,CID500642,Prime Sedan,Langford Town,Basavanagudi,,,Not Applicable,Not Applicable,Not Applicable,Not Applicable,495,Not Applicable,0,,
2024-07-28 17:05:00,CNR7036354290,Success,CID400852,eBike,Vijayanagar,HSR Layout,77.0,95.0,Not Applicable,Not Applicable,No,Not Applicable,184,Cash,33,4.2,4.9
2024-07-04 00:26:00,CNR6291642940,Driver Not Found,CID351555,Auto,Sahakar Nagar,Yeshwanthpur,,,Not Applicable,Not Applicable,Not Applicable,Not Applicable,760,Not Applicable,0,,
2024-07-22 11:45:00,CNR6411407260,Success,CID325638,Prime Sedan,Padmanabhanagar,Yelahanka,301.0,140.0,Not Applicable,Not Applicable,No,Not Applicable,300,UPI,41,4.6,4.2
2024-07-29 12:19:00,CNR1582365804,Success,CID845163,Prime Plus,Chickpet,Peenya,301.0,85.0,Not Applicable,Not Applicable,No,Not Applicable,499,Cash,19,3.9,3.3
2024-07-26 15:43:00,CNR7238269114,Success,CID124542,Prime Plus,Whitefield,Tumkur Road,287.0,110.0,Not Applicable,Not Applicable,No,Not Applicable,839,Cash,21,3.5,3.9
2024-07-03 22:04:00,CNR6929215746,Canceled by Driver,CID788444,Prime Sedan,Sahakar Nagar,Majestic,,,Not Applicable,More than permitted people in there,Not Applicable,Not Applicable,471,Not Applicable,0,,
2024-07-05 15:45:00,CNR3153284537,Success,CID720783,Prime SUV,Rajarajeshwari Nagar,Bellandur,196.0,130.0,Not Applicable,Not Applicable,No,Not Applicable,163,UPI,37,3.6,4.7
2024-07-09 18:31:00,CNR9480122511,Canceled by Driver,CID998227,Auto,Padmanabhanagar,Rajarajeshwari Nagar,,,Not Applicable,Personal & Car related issue,Not Applicable,Not Applicable,426,Not Applicable,0,,
2024-07-10 22:43:00,CNR4123172739,Driver Not Found,CID152972,Mini,Hennur,Ulsoor,,,Not Applicable,Not Applicable,Not Applicable,Not Applicable,656,Not Applicable,0,,
2024-07-07 18:17:00,CNR8024493890,Driver Not Found,CID928279,Prime Sedan,Hebbal,Ulsoor,,,Not Applicable,Not Applicable,Not Applicable,Not Applicable,339,Not Applicable,0,,
2024-07-10 08:27:00,CNR1158485042,Success,CID194566,Mini,Majestic,Peenya,140.0,145.0,Not Applicable,Not Applicable,No,Not Applicable,148,Cash,12,3.9,3.8
2024-07-13 03:36:00,CNR5860741335,Driver Not Found,CID618909,Auto,Malleshwaram,Rajajinagar,,,Not Applicable,Not Applicable,Not Applicable,Not Applicable,115,Not Applicable,0,,
2024-07-27 07:06:00,CNR5921479061,Canceled by Driver,CID240996,Auto,Bannerghatta Road,Electronic City,,,Not Applicable,Personal & Car related issue,Not Applicable,Not Applicable,187,Not Applicable,0,,
2024-07-25 04:58:00,CNR6333478972,Canceled by Customer,CID822004,eBike,Hebbal,Ramamurthy Nagar,,,Wrong Address,Not Applicable,Not Applicable,Not Applicable,429,Not Applicable,0,,
2024-07-15 15:29:00,CNR2852650880,Canceled by Customer,CID507677,eBike,HSR Layout,Kammanahalli,,,Wrong Address,Not Applicable,Not Applicable,Not Applicable,423,Not Applicable,0,,
2024-07-11 12:32:00,CNR6199366695,Success,CID580916,Prime SUV,Electronic City,Vijayanagar,70.0,115.0,Not Applicable,Not Applicable,No,Not Applicable,126,Cash,19,4.2,3.0
2024-07-01 18:32:00,CNR7287347672,Success,CID584854,eBike,Electronic City,Yelahanka,287.0,55.0,Not Applicable,Not Applicable,No,Not Applicable,189,UPI,8,3.2,3.2
2024-07-05 17:08:00,CNR2980160744,Canceled by Driver,CID283667,Auto,Indiranagar,Indiranagar,,,Not Applicable,Personal & Car related issue,Not Applicable,Not Applicable,181,Not Applicable,0,,
2024-07-26 11:49:00,CNR2754188356,Success,CID251234,Mini,Yelahanka,MG Road,287.0,140.0,Not Applicable,Not Applicable,No,Not Applicable,214,Cash,10,3.0,3.1
2024-07-29 01:20:00,CNR2843536699,Success,CID897193,Bike,Mysore Road,Basavanagudi,56.0,85.0,Not Applicable,Not Applicable,No,Not Applicable,317,Cash,43,3.5,4.2
2024-07-28 08:44:00,CNR6225431237,Canceled by Driver,CID282524,Auto,Yelahanka,Marathahalli,,,Not Applicable,Customer related issue,Not Applicable,Not Applicable,276,Not Applicable,0,,
2024-07-17 09:19:00,CNR3052276308,Success,CID329043,Mini,Kengeri,Yelahanka,133.0,95.0,Not Applicable,Not Applicable,No,Not Applicable,352,UPI,16,4.1,3.1
2024-07-21 12:15:00,CNR4819640605,Success,CID172651,Auto,Richmond Town,Basavanagudi,217.0,130.0,Not Applicable,Not Applicable,No,Not Applicable,666,UPI,7,4.4,4.0
2024-07-14 13:13:00,CNR2022809214,Canceled by Driver,CID614368,eBike,Rajarajeshwari Nagar,Hennur,,,Not Applicable,More than permitted people in there,Not Applicable,Not Applicable,147,Not Applicable,0,,
2024-07-19 13:54:00,CNR4966386829,Canceled by Driver,CID572464,Auto,Kadugodi,Banashankari,,,Not Applicable,Personal & Car related issue,Not Applicable,Not Applicable,456,Not Applicable,0,,
2024-07-21 02:30:00,CNR6456539218,Canceled by Driver,CID894501,Prime Plus,Mysore Road,Cox Town,,,Not Applicable,Customer was coughing/sick,Not Applicable,Not Applicable,636,Not Applicable,0,,
2024-07-11 18:49:00,CNR2806564871,Canceled by Driver,CID623010,Prime SUV,Sarjapur Road,Hosur Road,,,Not Applicable,Customer was coughing/sick,Not Applicable,Not Applicable,975,Not Applicable,0,,
2024-07-26 13:09:00,CNR8875181531,Success,CID110420,Bike,Hulimavu,Indiranagar,56.0,45.0,Not Applicable,Not Applicable,Yes,Vehicle Breakdown,228,Cash,15,5.0,4.9
2024-07-14 03:38:00,CNR4753814842,Success,CID490548,Bike,Cox Town,Malleshwaram,175.0,105.0,Not Applicable,Not Applicable,No,Not Applicable,388,Cash,21,4.8,3.4
2024-07-26 23:27:00,CNR5922743284,Success,CID536583,Prime SUV,Langford Town,Bellandur,126.0,45.0,Not Applicable,Not Applicable,No,Not Applicable,363,Debit Card,7,4.4,3.3
2024-07-15 15:24:00,CNR5704917666,Success,CID580973,Prime Plus,Yeshwanthpur,Rajarajeshwari Nagar,231.0,70.0,Not Applicable,Not Applicable,No,Not Applicable,408,Cash,19,3.0,4.2
2024-07-11 06:40:00,CNR2073685964,Canceled by Customer,CID866325,Prime SUV,Kammanahalli,Varthur,,,Wrong Address,Not Applicable,Not Applicable,Not Applicable,494,Not Applicable,0,,
2024-07-08 13:22:00,CNR9002831287,Canceled by Driver,CID607712,Prime SUV,Tumkur Road,Cox Town,,,Not Applicable,Customer related issue,Not Applicable,Not Applicable,277,Not Applicable,0,,
2024-07-13 21:05:00,CNR1476575855,Success,CID318441,eBike,Peenya,KR Puram,203.0,145.0,Not Applicable,Not Applicable,No,Not Applicable,138,Cash,43,3.4,4.7
2024-07-21 21:22:00,CNR2290559406,Canceled by Customer,CID682607,Prime Plus,Electronic City,Chickpet,,,AC is Not working,Not Applicable,Not Applicable,Not Applicable,314,Not Applicable,0,,
2024-07-18 19:50:00,CNR9101555664,Success,CID510585,Auto,Cox Town,Indiranagar,63.0,50.0,Not Applicable,Not Applicable,No,Not Applicable,199,UPI,9,4.5,3.4
2024-07-03 12:59:00,CNR3644456357,Success,CID369391,Prime Sedan,Chickpet,Malleshwaram,77.0,125.0,Not Applicable,Not Applicable,No,Not Applicable,628,Cash,33,4.4,4.0
2024-07-09 02:54:00,CNR9994279591,Canceled by Customer,CID372008,Prime Sedan,Kengeri,MG Road,,,Driver is not moving towards pickup location,Not Applicable,Not Applicable,Not Applicable,261,Not Applicable,0,,
2024-07-21 18:47:00,CNR1491661935,Success,CID699793,Prime Sedan,Rajajinagar,Rajarajeshwari Nagar,112.0,90.0,Not Applicable,Not Applicable,No,Not Applicable,153,UPI,41,4.4,3.9
2024-07-26 16:34:00,CNR9905445005,Driver Not Found,CID382529,Prime Sedan,Chickpet,Rajajinagar,,,Not Applicable,Not Applicable,Not Applicable,Not Applicable,346,Not Applicable,0,,
2024-07-16 23:54:00,CNR9120518760,Driver Not Found,CID114989,Bike,Rajajinagar,Shivajinagar,,,Not Applicable,Not Applicable,Not Applicable,Not Applicable,1512,Not Applicable,0,,
2024-07-24 21:32:00,CNR4892795142,Canceled by Customer,CID261734,Prime Plus,Tumkur Road,Banashankari,,,AC is Not working,Not Applicable,Not Applicable,Not Applicable,140,Not Applicable,0,,
2024-07-18 03:10:00,CNR8730409656,Canceled by Customer,CID431418,Prime Plus,JP Nagar,Shivajinagar,,,Change of plans,Not Applicable,Not Applicable,Not Applicable,478,Not Applicable,0,,
2024-07-19 07:34:00,CNR6977812623,Canceled by Customer,CID841928,Mini,Hosur Road,Cox Town,,,Driver is not moving towards pickup location,Not Applicable,Not Applicable,Not Applicable,469,Not Applicable,0,,
2024-07-25 03:31:00,CNR8430552179,Canceled by Driver,CID327577,Prime SUV,KR Puram,Jayanagar,,,Not Applicable,Customer related issue,Not Applicable,Not Applicable,305,Not Applicable,0,,
2024-07-07 20:31:00,CNR1379530143,Success,CID828960,Prime Sedan,Richmond Town,Shantinagar,35.0,135.0,Not Applicable,Not Applicable,No,Not Applicable,487,Cash,36,3.7,4.2
2024-07-22 13:45:00,CNR2154821781,Success,CID322801,Prime Sedan,Marathahalli,JP Nagar,42.0,30.0,Not Applicable,Not Applicable,No,Not Applicable,281,Cash,32,4.9,3.3
2024-07-22 08:58:00,CNR5385037640,Canceled by Driver,CID919042,Prime SUV,Whitefield,Langford Town,,,Not Applicable,Customer related issue,Not Applicable,Not Applicable,616,Not Applicable,0,,
2024-07-18 09:11:00,CNR8550365722,Success,CID304914,Prime SUV,Indiranagar,Majestic,98.0,110.0,Not Applicable,Not Applicable,No,Not Applicable,422,UPI,42,4.7,3.3
2024-07-28 05:00:00,CNR8028340093,Success,CID657757,Prime Plus,Chickpet,Basavanagudi,133.0,55.0,Not Applicable,Not Applicable,No,Not Applicable,225,UPI,26,4.4,3.3
2024-07-05 11:45:00,CNR6381633264,Canceled by Customer,CID359339,Mini,Richmond Town,Hosur Road,,,Driver is not moving towards pickup location,Not Applicable,Not Applicable,Not Applicable,214,Not Applicable,0,,
2024-07-23 05:37:00,CNR1625003795,Success,CID329534,Prime Sedan,Nagarbhavi,KR Puram,203.0,60.0,Not Applicable,Not Applicable,No,Not Applicable,573,UPI,33,4.7,4.8
2024-07-22 07:30:00,CNR5777064546,Success,CID896162,Mini,Varthur,Mysore Road,175.0,45.0,Not Applicable,Not Applicable,No,Not Applicable,645,Cash,21,4.1,4.1
2024-07-24 04:59:00,CNR7580218856,Success,CID825137,Bike,Hulimavu,Hebbal,189.0,35.0,Not Applicable,Not Applicable,No,Not Applicable,427,Cash,41,3.8,4.5
2024-07-25 20:44:00,CNR3074539120,Success,CID851348,eBike,RT Nagar,Ulsoor,182.0,55.0,Not Applicable,Not Applicable,No,Not Applicable,277,UPI,44,4.4,4.4
2024-07-21 01:56:00,CNR1480268691,Success,CID940080,eBike,Koramangala,Nagarbhavi,98.0,35.0,Not Applicable,Not Applicable,Yes,Vehicle Breakdown,175,UPI,36,4.5,3.1
2024-07-11 19:25:00,CNR1133768641,Success,CID942275,Bike,Hennur,Kammanahalli,210.0,105.0,Not Applicable,Not Applicable,No,Not Applicable,134,Cash,43,3.1,3.2
2024-07-25 19:54:00,CNR8087122532,Success,CID890150,Auto,Yelahanka,Basavanagudi,105.0,90.0,Not Applicable,Not Applicable,No,Not Applicable,129,UPI,6,3.6,3.2
2024-07-26 20:49:00,CNR3954268610,Success,CID642243,Prime SUV,Padmanabhanagar,Chickpet,119.0,85.0,Not Applicable,Not Applicable,No,Not Applicable,981,UPI,45,3.1,4.7
2024-07-01 00:11:00,CNR3567203125,Canceled by Driver,CID948034,Mini,JP Nagar,Kadugodi,,,Not Applicable,Customer related issue,Not Applicable,Not Applicable,1158,Not Applicable,0,,
2024-07-08 09:30:00,CNR1076875544,Success,CID507971,eBike,Ramamurthy Nagar,Frazer Town,105.0,65.0,Not Applicable,Not Applicable,No,Not Applicable,775,Cash,48,4.0,4.5
2024-07-04 00:31:00,CNR7295039258,Success,CID609230,Prime Plus,Sahakar Nagar,Yeshwanthpur,154.0,100.0,Not Applicable,Not Applicable,No,Not Applicable,322,Credit Card,12,4.2,4.8
2024-07-02 06:17:00,CNR9434175162,Success,CID610508,Mini,Bannerghatta Road,Peenya,84.0,105.0,Not Applicable,Not Applicable,No,Not Applicable,288,Cash,2,3.2,3.9
2024-07-12 02:55:00,CNR4780069172,Success,CID189189,Mini,Indiranagar,Magadi Road,273.0,80.0,Not Applicable,Not Applicable,No,Not Applicable,934,Cash,15,3.2,4.4
2024-07-22 00:58:00,CNR7467621206,Success,CID542487,Mini,Yeshwanthpur,Nagarbhavi,35.0,100.0,Not Applicable,Not Applicable,No,Not Applicable,194,UPI,23,4.7,4.4
2024-07-07 01:18:00,CNR2701940844,Canceled by Driver,CID717502,Auto,Kengeri,Rajarajeshwari Nagar,,,Not Applicable,Customer was coughing/sick,Not Applicable,Not Applicable,391,Not Applicable,0,,
2024-07-24 00:08:00,CNR3208408310,Success,CID209129,Auto,Hulimavu,Kadugodi,273.0,55.0,Not Applicable,Not Applicable,Yes,Customer Demand,150,Cash,17,3.1,3.8
2024-07-06 16:07:00,CNR9552828225,Canceled by Driver,CID675295,Auto,Indiranagar,Bannerghatta Road,,,Not Applicable,Customer was coughing/sick,Not Applicable,Not Applicable,463,Not Applicable,0,,
2024-07-22 12:42:00,CNR2752848516,Canceled by Driver,CID834159,Bike,Koramangala,Cox Town,,,Not Applicable,Personal & Car related issue,Not Applicable,Not Applicable,775,Not Applicable,0,,
2024-07-26 03:48:00,CNR8696170271,Canceled by Driver,CID243958,Prime SUV,MG Road,Koramangala,,,Not Applicable,Personal & Car related issue,Not Applicable,Not Applicable,511,Not Applicable,0,,
2024-07-11 00:19:00,CNR6783279343,Success,CID105498,Bike,Varthur,Magadi Road,91.0,55.0,Not Applicable,Not Applicable,No,Not Applicable,220,UPI,18,5.0,3.2
2024-07-28 12:03:00,CNR3727291430,Success,CID661687,Prime Plus,Vijayanagar,Kadugodi,161.0,95.0,Not Applicable,Not Applicable,No,Not Applicable,1402,Credit Card,35,4.7,3.1
2024-07-04 03:27:00,CNR9726959602,Success,CID232335,Prime Sedan,Rajajinagar,Chickpet,245.0,80.0,Not Applicable,Not Applicable,No,Not Applicable,196,Cash,40,3.4,3.1
2024-07-19 16:25:00,CNR7275172128,Success,CID166546,Prime SUV,Bannerghatta Road,Varthur,294.0,35.0,Not Applicable,Not Applicable,No,Not Applicable,516,UPI,18,4.8,4.8
2024-07-29 17:59:00,CNR2600388861,Canceled by Customer,CID774355,eBike,Padmanabhanagar,Langford Town,,,Driver is not moving towards pickup location,Not Applicable,Not Applicable,Not Applicable,522,Not Applicable,0,,
2024-07-21 12:08:00,CNR5904077695,Driver Not Found,CID736574,Prime Sedan,Mysore Road,Hulimavu,,,Not Applicable,Not Applicable,Not Applicable,Not Applicable,409,Not Applicable,0,,
2024-07-03 07:50:00,CNR2787331812,Driver Not Found,CID515254,Mini,Rajajinagar,Hennur,,,Not Applicable,Not Applicable,Not Applicable,Not Applicable,554,Not Applicable,0,,
2024-07-13 09:12:00,CNR2405515917,Canceled by Driver,CID521029,Prime SUV,Kadugodi,Hennur,,,Not Applicable,More than permitted people in there,Not Applicable,Not Applicable,608,Not Applicable,0,,
2024-07-18 05:02:00,CNR6279109976,Success,CID154312,eBike,Langford Town,Basavanagudi,126.0,30.0,Not Applicable,Not Applicable,No,Not Applicable,833,UPI,20,4.4,4.4
2024-07-27 17:02:00,CNR3549740860,Success,CID298350,Prime Plus,Jayanagar,Yelahanka,140.0,110.0,Not Applicable,Not Applicable,No,Not Applicable,2183,UPI,22,3.8,4.8
2024-07-01 20:54:00,CNR9859552801,Success,CID135374,Mini,Varthur,Malleshwaram,280.0,135.0,Not Applicable,Not Applicable,No,Not Applicable,280,Cash,12,3.5,3.2
2024-07-06 11:05:00,CNR6797427330,Success,CID148111,Prime SUV,Kengeri,Magadi Road,259.0,110.0,Not Applicable,Not Applicable,No,Not Applicable,139,UPI,11,3.5,4.2
2024-07-06 10:47:00,CNR6895732440,Success,CID825513,Auto,Kadugodi,Banashankari,196.0,130.0,Not Applicable,Not Applicable,No,Not Applicable,391,Cash,16,3.4,3.8
2024-07-18 13:39:00,CNR3911155207,Success,CID807559,eBike,Nagarbhavi,Langford Town,280.0,60.0,Not Applicable,Not Applicable,No,Not Applicable,432,Cash,46,4.0,4.0
2024-07-26 19:03:00,CNR7067504988,Success,CID996169,Prime Sedan,MG Road,Devanahalli,182.0,95.0,Not Applicable,Not Applicable,No,Not Applicable,420,UPI,4,3.7,3.2
2024-07-01 19:45:00,CNR8728262510,Success,CID617398,Prime SUV,Hulimavu,Kadugodi,196.0,50.0,Not Applicable,Not Applicable,No,Not Applicable,1629,UPI,17,4.3,4.9
2024-07-19 01:30:00,CNR1256036542,Success,CID283406,eBike,Kadugodi,Hebbal,126.0,60.0,Not Applicable,Not Applicable,No,Not Applicable,345,Cash,32,4.7,3.6
2024-07-06 08:49:00,CNR7143548813,Success,CID163573,Prime Plus,Padmanabhanagar,Sahakar Nagar,245.0,50.0,Not Applicable,Not Applicable,No,Not Applicable,100,Cash,33,4.1,4.3
2024-07-14 20:03:00,CNR1029323264,Success,CID988138,eBike,Ramamurthy Nagar,Banashankari,266.0,110.0,Not Applicable,Not Applicable,No,Not Applicable,838,UPI,41,3.9,4.2
2024-07-17 13:04:00,CNR7836929667,Success,CID255058,Bike,Padmanabhanagar,Indiranagar,56.0,145.0,Not Applicable,Not Applicable,No,Not Applicable,395,Cash,5,4.7,5.0
2024-07-10 15:40:00,CNR3942825104,Success,CID376782,Bike,Bellandur,Chickpet,266.0,100.0,Not Applicable,Not Applicable,No,Not Applicable,317,Cash,29,3.9,4.1
2024-07-25 00:03:00,CNR7558805720,Driver Not Found,CID560421,Prime Sedan,Koramangala,Chickpet,,,Not Applicable,Not Applicable,Not Applicable,Not Applicable,950,Not Applicable,0,,
2024-07-23 16:10:00,CNR5761439901,Success,CID846246,eBike,Varthur,Richmond Town,308.0,40.0,Not Applicable,Not Applicable,No,Not Applicable,400,Cash,27,3.5,4.1
2024-07-03 09:45:00,CNR4961957619,Canceled by Driver,CID456025,Auto,Hulimavu,Whitefield,,,Not Applicable,Personal & Car related issue,Not Applicable,Not Applicable,967,Not Applicable,0,,
2024-07-02 04:56:00,CNR3539318539,Success,CID437468,Prime Plus,Bellandur,Sarjapur Road,175.0,95.0,Not Applicable,Not Applicable,No,Not Applicable,153,UPI,20,3.2,4.6
2024-07-19 02:49:00,CNR5446007973,Canceled by Driver,CID707922,Prime Plus,Padmanabhanagar,Shantinagar,,,Not Applicable,Customer was coughing/sick,Not Applicable,Not Applicable,871,Not Applicable,0,,
2024-07-13 18:34:00,CNR5353177413,Success,CID960230,Auto,Bellandur,Sahakar Nagar,273.0,30.0,Not Applicable,Not Applicable,No,Not Applicable,117,Cash,9,3.6,3.1
2024-07-04 14:27:00,CNR1795207286,Success,CID175431,Mini,Magadi Road,Rajarajeshwari Nagar,112.0,105.0,Not Applicable,Not Applicable,No,Not Applicable,2859,Credit Card,16,3.6,4.3
2024-07-07 12:35:00,CNR8100933431,Success,CID571415,eBike,Varthur,MG Road,280.0,60.0,Not Applicable,Not Applicable,No,Not Applicable,819,UPI,48,4.4,4.1
2024-07-09 23:29:00,CNR2863894277,Driver Not Found,CID211890,Prime Plus,KR Puram,Ulsoor,,,Not Applicable,Not Applicable,Not Applicable,Not Applicable,848,Not Applicable,0,,
2024-07-28 22:08:00,CNR2074048769,Success,CID850514,Auto,JP Nagar,Hulimavu,280.0,50.0,Not Applicable,Not Applicable,No,Not Applicable,253,UPI,11,4.1,4.2
2024-07-12 16:52:00,CNR2397694722,Canceled by Driver,CID465789,eBike,Frazer Town,Whitefield,,,Not Applicable,Customer related issue,Not Applicable,Not Applicable,475,Not Applicable,0,,
2024-07-06 07:47:00,CNR7888321864,Success,CID853139,Prime SUV,Padmanabhanagar,Mysore Road,210.0,90.0,Not Applicable,Not Applicable,No,Not Applicable,120,Cash,20,3.8,4.2
2024-07-04 19:21:00,CNR1525920934,Driver Not Found,CID784897,eBike,Banashankari,Peenya,,,Not Applicable,Not Applicable,Not Applicable,Not Applicable,311,Not Applicable,0,,
2024-07-24 04:30:00,CNR8432891879,Success,CID518504,Prime Sedan,HSR Layout,Yelahanka,91.0,35.0,Not Applicable,Not Applicable,No,Not Applicable,1054,UPI,27,4.7,4.2
2024-07-07 22:13:00,CNR6658227267,Success,CID610739,Bike,Hosur Road,Jayanagar,252.0,105.0,Not Applicable,Not Applicable,No,Not Applicable,141,Cash,29,3.6,4.8
2024-07-08 06:32:00,CNR7357603511,Canceled by Driver,CID902719,eBike,Cox Town,Basavanagudi,,,Not Applicable,Customer related issue,Not Applicable,Not Applicable,376,Not Applicable,0,,
2024-07-14 05:19:00,CNR9354954737,Canceled by Customer,CID635307,eBike,Majestic,Banashankari,,,Driver asked to cancel,Not Applicable,Not Applicable,Not Applicable,231,Not Applicable,0,,
2024-07-23 03:45:00,CNR6427211235,Driver Not Found,CID536842,eBike,Rajajinagar,Jayanagar,,,Not Applicable,Not Applicable,Not Applicable,Not Applicable,472,Not Applicable,0,,
2024-07-18 23:15:00,CNR3251478552,Success,CID359642,Bike,Peenya,Vijayanagar,280.0,130.0,Not Applicable,Not Applicable,No,Not Applicable,266,Cash,15,3.5,3.7
2024-07-07 19:18:00,CNR9768872339,Success,CID910457,Prime Sedan,Devanahalli,Hebbal,49.0,75.0,Not Applicable,Not Applicable,No,Not Applicable,157,UPI,40,4.2,3.3
2024-07-07 01:26:00,CNR5644074368,Success,CID371756,Prime Plus,Yeshwanthpur,RT Nagar,168.0,105.0,Not Applicable,Not Applicable,No,Not Applicable,367,Cash,9,3.3,4.3
2024-07-23 06:27:00,CNR5905562995,Success,CID973296,Prime Sedan,Peenya,Varthur,70.0,60.0,Not Applicable,Not Applicable,No,Not Applicable,751,Cash,40,3.1,4.9
2024-07-05 00:34:00,CNR6289279956,Driver Not Found,CID402209,Auto,HSR Layout,Rajajinagar,,,Not Applicable,Not Applicable,Not Applicable,Not Applicable,748,Not Applicable,0,,
2024-07-06 17:50:00,CNR5044867596,Success,CID532300,Auto,Kadugodi,Hosur Road,147.0,110.0,Not Applicable,Not Applicable,No,Not Applicable,225,UPI,3,4.8,4.8
2024-07-18 01:23:00,CNR8896256187,Driver Not Found,CID810737,Prime Plus,Kammanahalli,Hennur,,,Not Applicable,Not Applicable,Not Applicable,Not Applicable,259,Not Applicable,0,,
2024-07-12 15:20:00,CNR5739519548,Success,CID391289,Bike,Cox Town,Chickpet,35.0,45.0,Not Applicable,Not Applicable,No,Not Applicable,992,Cash,35,4.0,4.6
2024-07-06 07:36:00,CNR8003446875,Success,CID601003,Prime SUV,Vijayanagar,Bannerghatta Road,224.0,115.0,Not Applicable,Not Applicable,No,Not Applicable,375,Cash,17,3.0,4.1
2024-07-06 17:45:00,CNR8486128691,Success,CID362549,Prime SUV,Electronic City,KR Puram,35.0,80.0,Not Applicable,Not Applicable,No,Not Applicable,475,Cash,18,3.2,4.1
2024-07-20 01:17:00,CNR1382983799,Canceled by Driver,CID130174,Prime Sedan,Jayanagar,Hennur,,,Not Applicable,Customer related issue,Not Applicable,Not Applicable,338,Not Applicable,0,,
2024-07-21 10:15:00,CNR2500564399,Success,CID833688,Bike,Jayanagar,Majestic,182.0,120.0,Not Applicable,Not Applicable,No,Not Applicable,163,UPI,31,4.2,3.2
2024-07-02 21:56:00,CNR3344415734,Success,CID389702,Prime Plus,Chamarajpet,Yelahanka,42.0,125.0,Not Applicable,Not Applicable,No,Not Applicable,165,Cash,6,3.4,3.7
2024-07-24 07:12:00,CNR8525564740,Success,CID458064,Prime Sedan,Kadugodi,Peenya,126.0,65.0,Not Applicable,Not Applicable,No,Not Applicable,422,Cash,3,4.8,3.5
2024-07-10 12:47:00,CNR7157173295,Driver Not Found,CID397369,Prime Sedan,Sahakar Nagar,JP Nagar,,,Not Applicable,Not Applicable,Not Applicable,Not Applicable,103,Not Applicable,0,,
2024-07-28 08:39:00,CNR9432384492,Success,CID677744,eBike,Sarjapur Road,Chamarajpet,119.0,25.0,Not Applicable,Not Applicable,No,Not Applicable,116,Cash,15,4.4,4.1
2024-07-22 05:37:00,CNR2550376334,Driver Not Found,CID592721,Mini,Ulsoor,Mysore Road,,,Not Applicable,Not Applicable,Not Applicable,Not Applicable,382,Not Applicable,0,,
2024-07-02 05:41:00,CNR7101027432,Success,CID268180,eBike,Cox Town,Kadugodi,140.0,35.0,Not Applicable,Not Applicable,Yes,Customer Demand,1095,Cash,44,3.6,4.9
2024-07-05 06:45:00,CNR4524920430,Success,CID259310,Mini,Cox Town,Kengeri,252.0,120.0,Not Applicable,Not Applicable,No,Not Applicable,204,Cash,27,3.6,4.6
2024-07-05 07:49:00,CNR8592758953,Canceled by Customer,CID698748,Bike,Yelahanka,Sarjapur Road,,,Driver asked to cancel,Not Applicable,Not Applicable,Not Applicable,646,Not Applicable,0,,
2024-07-02 18:06:00,CNR3910401571,Success,CID538799,eBike,KR Puram,Rajajinagar,301.0,90.0,Not Applicable,Not Applicable,No,Not Applicable,441,Cash,18,4.0,4.7
2024-07-07 07:46:00,CNR8882869429,Canceled by Customer,CID368946,Prime Plus,Sarjapur Road,Banashankari,,,Driver is not moving towards pickup location,Not Applicable,Not Applicable,Not Applicable,114,Not Applicable,0,,
2024-07-25 10:04:00,CNR7864892901,Success,CID944069,Prime Sedan,Nagarbhavi,Magadi Road,231.0,135.0,Not Applicable,Not Applicable,No,Not Applicable,495,Cash,18,3.1,4.4
2024-07-04 18:51:00,CNR3673760916,Success,CID535922,eBike,Ramamurthy Nagar,Sahakar Nagar,133.0,110.0,Not Applicable,Not Applicable,No,Not Applicable,756,UPI,35,3.6,4.3
2024-07-03 18:23:00,CNR2657466890,Success,CID725384,eBike,Peenya,Chickpet,168.0,45.0,Not Applicable,Not Applicable,No,Not Applicable,426,UPI,43,3.3,3.0
2024-07-07 17:29:00,CNR7189557446,Canceled by Customer,CID206038,Prime SUV,Ulsoor,Shivajinagar,,,AC is Not working,Not Applicable,Not Applicable,Not Applicable,359,Not Applicable,0,,
2024-07-28 17:17:00,CNR1993143132,Success,CID815130,Prime Sedan,JP Nagar,Shivajinagar,112.0,70.0,Not Applicable,Not Applicable,No,Not Applicable,809,Cash,1,4.3,4.8
2024-07-20 13:02:00,CNR2823904647,Canceled by Driver,CID376603,Prime Plus,Langford Town,Padmanabhanagar,,,Not Applicable,Customer related issue,Not Applicable,Not Applicable,359,Not Applicable,0,,
2024-07-02 02:03:00,CNR6902095462,Canceled by Driver,CID970526,Prime Sedan,Whitefield,Hulimavu,,,Not Applicable,Personal & Car related issue,Not Applicable,Not Applicable,784,Not Applicable,0,,
2024-07-17 07:53:00,CNR5221409962,Success,CID485289,Auto,Banashankari,Marathahalli,203.0,70.0,Not Applicable,Not Applicable,No,Not Applicable,154,UPI,11,3.4,4.4
2024-07-24 18:10:00,CNR9690725690,Canceled by Driver,CID504556,Prime Sedan,Devanahalli,Sahakar Nagar,,,Not Applicable,Customer was coughing/sick,Not Applicable,Not Applicable,351,Not Applicable,0,,
2024-07-08 01:49:00,CNR1531849525,Driver Not Found,CID268073,Prime Sedan,Sarjapur Road,Tumkur Road,,,Not Applicable,Not Applicable,Not Applicable,Not Applicable,743,Not Applicable,0,,
2024-07-16 10:33:00,CNR9220378282,Success,CID879471,Mini,Varthur,RT Nagar,259.0,120.0,Not Applicable,Not Applicable,No,Not Applicable,2625,Cash,5,4.5,4.9
2024-07-25 05:26:00,CNR2360442345,Success,CID656163,eBike,Varthur,Electronic City,294.0,115.0,Not Applicable,Not Applicable,No,Not Applicable,398,UPI,15,3.4,3.1
2024-07-23 22:15:00,CNR2510049011,Success,CID207069,Prime Plus,HSR Layout,Hennur,252.0,35.0,Not Applicable,Not Applicable,No,Not Applicable,779,UPI,37,3.9,4.7
2024-07-09 18:20:00,CNR7314273153,Success,CID525904,Prime Sedan,Langford Town,Hosur Road,231.0,110.0,Not Applicable,Not Applicable,No,Not Applicable,128,UPI,28,3.6,4.8
2024-07-18 21:58:00,CNR4687604920,Success,CID775773,Bike,Indiranagar,Banashankari,231.0,110.0,Not Applicable,Not Applicable,No,Not Applicable,784,Cash,25,4.2,4.8
2024-07-01 10:21:00,CNR2920880466,Canceled by Driver,CID870860,Prime SUV,Mysore Road,Majestic,,,Not Applicable,Customer related issue,Not Applicable,Not Applicable,339,Not Applicable,0,,
2024-07-26 17:29:00,CNR2703232071,Success,CID655607,Mini,Kengeri,Devanahalli,301.0,135.0,Not Applicable,Not Applicable,No,Not Applicable,795,Cash,19,4.8,4.8
2024-07-06 10:49:00,CNR6952922781,Success,CID478884,Prime Plus,Peenya,Bellandur,294.0,135.0,Not Applicable,Not Applicable,No,Not Applicable,488,UPI,14,3.6,4.1
2024-07-03 09:59:00,CNR6185107275,Canceled by Driver,CID777297,Prime Sedan,Rajajinagar,KR Puram,,,Not Applicable,Customer was coughing/sick,Not Applicable,Not Applicable,363,Not Applicable,0,,
2024-07-10 11:09:00,CNR2390450873,Success,CID917289,Bike,Electronic City,Kadugodi,70.0,125.0,Not Applicable,Not Applicable,No,Not Applicable,158,Cash,27,3.3,4.7
2024-07-07 08:12:00,CNR9164983162,Success,CID592536,Prime SUV,Kammanahalli,Shivajinagar,70.0,105.0,Not Applicable,Not Applicable,No,Not Applicable,449,UPI,30,3.0,4.4
2024-07-12 12:45:00,CNR6640627144,Success,CID397346,Auto,HSR Layout,Majestic,182.0,95.0,Not Applicable,Not Applicable,No,Not Applicable,637,Cash,9,3.6,3.0
2024-07-28 13:53:00,CNR1033923339,Canceled by Driver,CID115630,Prime Sedan,Tumkur Road,Hosur Road,,,Not Applicable,Customer was coughing/sick,Not Applicable,Not Applicable,401,Not Applicable,0,,
2024-07-04 02:44:00,CNR7520577943,Success,CID191787,Bike,Bellandur,KR Puram,126.0,60.0,Not Applicable,Not Applicable,No,Not Applicable,351,Cash,27,4.5,3.8
2024-07-24 22:25:00,CNR1165021999,Canceled by Driver,CID701391,Bike,Kadugodi,Nagarbhavi,,,Not Applicable,Customer related issue,Not Applicable,Not Applicable,427,Not Applicable,0,,
2024-07-22 13:17:00,CNR3732171475,Canceled by Driver,CID498301,Prime Sedan,BTM Layout,Chickpet,,,Not Applicable,Customer related issue,Not Applicable,Not Applicable,486,Not Applicable,0,,
2024-07-10 22:25:00,CNR4433492896,Canceled by Driver,CID608853,Auto,MG Road,Majestic,,,Not Applicable,Personal & Car related issue,Not Applicable,Not Applicable,441,Not Applicable,0,,
2024-07-05 11:38:00,CNR7751941698,Canceled by Driver,CID541052,Bike,Varthur,Marathahalli,,,Not Applicable,Customer related issue,Not Applicable,Not Applicable,220,Not Applicable,0,,
2024-07-22 12:40:00,CNR9344558006,Success,CID670157,Auto,Electronic City,Sarjapur Road,238.0,45.0,Not Applicable,Not Applicable,No,Not Applicable,127,UPI,3,3.2,3.2
2024-07-15 00:12:00,CNR7928752344,Success,CID766994,eBike,Varthur,Ramamurthy Nagar,308.0,35.0,Not Applicable,Not Applicable,No,Not Applicable,178,Cash,42,4.8,3.3
2024-07-10 16:39:00,CNR4157227630,Success,CID826690,Bike,Richmond Town,Koramangala,217.0,130.0,Not Applicable,Not Applicable,No,Not Applicable,346,Cash,6,3.1,3.1
2024-07-24 00:45:00,CNR4563526358,Canceled by Customer,CID792570,eBike,Tumkur Road,Rajarajeshwari Nagar,,,Driver is not moving towards pickup location,Not Applicable,Not Applicable,Not Applicable,464,Not Applicable,0,,
2024-07-28 09:00:00,CNR4643115024,Success,CID574597,eBike,Jayanagar,Indiranagar,42.0,95.0,Not Applicable,Not Applicable,Yes,Vehicle Breakdown,360,Credit Card,43,3.6,4.6
2024-07-26 14:40:00,CNR1271694426,Canceled by Driver,CID805048,Prime Sedan,Padmanabhanagar,Hebbal,,,Not Applicable,Personal & Car related issue,Not Applicable,Not Applicable,805,Not Applicable,0,,
2024-07-21 05:47:00,CNR7469534108,Success,CID349649,Prime Sedan,Ramamurthy Nagar,Sahakar Nagar,287.0,125.0,Not Applicable,Not Applicable,No,Not Applicable,147,Cash,7,4.6,4.0
2024-07-07 18:49:00,CNR4898837069,Success,CID972457,eBike,Varthur,Cox Town,210.0,50.0,Not Applicable,Not Applicable,Yes,Vehicle Breakdown,761,UPI,39,4.3,4.5
2024-07-10 11:08:00,CNR5642022276,Success,CID206287,Prime Sedan,Bannerghatta Road,Kammanahalli,84.0,80.0,Not Applicable,Not Applicable,No,Not Applicable,308,Cash,31,3.9,4.6
2024-07-13 15:33:00,CNR1302150976,Success,CID568406,Mini,Shantinagar,Shantinagar,84.0,110.0,Not Applicable,Not Applicable,No,Not Applicable,533,UPI,18,3.1,4.1
2024-07-24 00:57:00,CNR6457344952,Success,CID292026,Bike,Chamarajpet,Rajajinagar,238.0,50.0,Not Applicable,Not Applicable,No,Not Applicable,785,Cash,7,3.8,4.7
2024-07-23 04:00:00,CNR5658945046,Success,CID221871,Mini,Shivajinagar,Magadi Road,126.0,140.0,Not Applicable,Not Applicable,No,Not Applicable,484,UPI,3,3.9,3.4
2024-07-25 22:13:00,CNR9177859575,Driver Not Found,CID303027,Prime Sedan,Koramangala,Chickpet,,,Not Applicable,Not Applicable,Not Applicable,Not Applicable,367,Not Applicable,0,,
2024-07-14 04:06:00,CNR5303060002,Success,CID943963,eBike,Nagarbhavi,Yeshwanthpur,308.0,95.0,Not Applicable,Not Applicable,No,Not Applicable,439,Cash,34,4.8,3.7
2024-07-23 03:50:00,CNR8597061605,Success,CID934744,Auto,Kengeri,Frazer Town,70.0,35.0,Not Applicable,Not Applicable,No,Not Applicable,185,Cash,3,3.5,3.5
2024-07-09 07:43:00,CNR2425478562,Driver Not Found,CID934909,Bike,Whitefield,Malleshwaram,,,Not Applicable,Not Applicable,Not Applicable,Not Applicable,421,Not Applicable,0,,
2024-07-09 17:32:00,CNR5877108601,Success,CID782021,Mini,Jayanagar,Indiranagar,35.0,65.0,Not Applicable,Not Applicable,No,Not Applicable,687,Cash,23,3.6,3.0
2024-07-15 09:21:00,CNR4927114421,Success,CID949978,Auto,Malleshwaram,Indiranagar,287.0,45.0,Not Applicable,Not Applicable,No,Not Applicable,349,Cash,18,4.7,3.5
2024-07-17 01:24:00,CNR9019235973,Success,CID138110,Auto,Shantinagar,Rajarajeshwari Nagar,119.0,135.0,Not Applicable,Not Applicable,No,Not Applicable,462,UPI,15,4.4,4.5
2024-07-28 05:01:00,CNR6425811831,Driver Not Found,CID463002,Mini,Majestic,Chickpet,,,Not Applicable,Not Applicable,Not Applicable,Not Applicable,332,Not Applicable,0,,
2024-07-01 12:56:00,CNR9810426607,Canceled by Customer,CID774009,Bike,Indiranagar,MG Road,,,Driver asked to cancel,Not Applicable,Not Applicable,Not Applicable,472,Not Applicable,0,,
2024-07-22 09:29:00,CNR6317039718,Canceled by Driver,CID415738,Mini,Langford Town,Padmanabhanagar,,,Not Applicable,Personal & Car related issue,Not Applicable,Not Applicable,926,Not Applicable,0,,
2024-07-29 23:38:00,CNR3814542850,Canceled by Customer,CID335430,Bike,Kammanahalli,Hebbal,,,Driver asked to cancel,Not Applicable,Not Applicable,Not Applicable,166,Not Applicable,0,,
2024-07-04 06:10:00,CNR2465607067,Success,CID484205,Prime SUV,Kadugodi,Hulimavu,287.0,105.0,Not Applicable,Not Applicable,No,Not Applicable,456,Cash,31,4.7,3.4
2024-07-20 16:33:00,CNR4169958288,Success,CID105443,Prime Plus,Hebbal,Bannerghatta Road,105.0,55.0,Not Applicable,Not Applicable,No,Not Applicable,451,UPI,41,4.3,3.8
2024-07-03 21:29:00,CNR8706221135,Canceled by Driver,CID548480,Mini,Shantinagar,Sahakar Nagar,,,Not Applicable,Customer was coughing/sick,Not Applicable,Not Applicable,900,Not Applicable,0,,
2024-07-21 12:46:00,CNR1041407344,Canceled by Driver,CID333220,Prime Plus,JP Nagar,HSR Layout,,,Not Applicable,Customer was coughing/sick,Not Applicable,Not Applicable,459,Not Applicable,0,,
2024-07-19 23:10:00,CNR7911746736,Success,CID602486,Prime SUV,MG Road,Hennur,294.0,115.0,Not Applicable,Not Applicable,No,Not Applicable,793,Cash,48,3.8,4.5
2024-07-08 04:05:00,CNR5941438656,Success,CID479226,Auto,Ulsoor,Marathahalli,168.0,115.0,Not Applicable,Not Applicable,No,Not Applicable,722,UPI,4,3.9,3.6
2024-07-30 16:16:00,CNR6408081910,Driver Not Found,CID576151,eBike,Mysore Road,Banashankari,,,Not Applicable,Not Applicable,Not Applicable,Not Applicable,104,Not Applicable,0,,
2024-07-26 00:35:00,CNR3963218776,Success,CID268995,eBike,Electronic City,Mysore Road,77.0,65.0,Not Applicable,Not Applicable,No,Not Applicable,445,UPI,8,4.5,4.7
2024-07-19 21:02:00,CNR6197643041,Success,CID140573,eBike,Shivajinagar,Indiranagar,308.0,75.0,Not Applicable,Not Applicable,Yes,Other Issue,362,Cash,16,3.2,3.4
2024-07-06 10:43:00,CNR4209788135,Driver Not Found,CID578613,Bike,Nagarbhavi,Vijayanagar,,,Not Applicable,Not Applicable,Not Applicable,Not Applicable,413,Not Applicable,0,,
2024-07-24 10:35:00,CNR4400655470,Success,CID669889,Prime SUV,Peenya,Ulsoor,154.0,35.0,Not Applicable,Not Applicable,Yes,Vehicle Breakdown,479,Cash,2,3.9,3.6
2024-07-27 16:28:00,CNR4916562322,Canceled by Customer,CID702440,Prime Sedan,MG Road,KR Puram,,,Wrong Address,Not Applicable,Not Applicable,Not Applicable,732,Not Applicable,0,,
2024-07-08 08:18:00,CNR2922007597,Success,CID610377,Prime Plus,Shivajinagar,Shivajinagar,63.0,65.0,Not Applicable,Not Applicable,No,Not Applicable,199,UPI,6,3.4,3.9
2024-07-03 11:39:00,CNR6862650173,Success,CID632154,Mini,Sahakar Nagar,Bannerghatta Road,189.0,45.0,Not Applicable,Not Applicable,No,Not Applicable,1656,UPI,34,3.5,3.3
2024-07-13 17:07:00,CNR4330243625,Success,CID357934,Prime Plus,Hosur Road,Tumkur Road,42.0,145.0,Not Applicable,Not Applicable,No,Not Applicable,1628,Cash,21,3.5,3.2
2024-07-03 00:46:00,CNR2858136856,Success,CID547535,Prime SUV,Hennur,MG Road,210.0,60.0,Not Applicable,Not Applicable,No,Not Applicable,2394,UPI,11,3.7,3.5
2024-07-13 01:12:00,CNR5524598957,Success,CID772209,Prime SUV,Sahakar Nagar,Rajajinagar,91.0,130.0,Not Applicable,Not Applicable,No,Not Applicable,392,Cash,20,3.7,4.1
2024-07-19 17:10:00,CNR8272030949,Success,CID445754,Mini,Magadi Road,Ulsoor,77.0,50.0,Not Applicable,Not Applicable,No,Not Applicable,405,Cash,20,3.4,3.4
2024-07-21 05:11:00,CNR7761379533,Canceled by Driver,CID676614,Prime SUV,Kammanahalli,Banashankari,,,Not Applicable,More than permitted people in there,Not Applicable,Not Applicable,142,Not Applicable,0,,
2024-07-20 10:22:00,CNR2434458253,Success,CID855088,Mini,Cox Town,Indiranagar,203.0,40.0,Not Applicable,Not Applicable,No,Not Applicable,242,Credit Card,5,3.6,4.7
2024-07-05 10:21:00,CNR7776326530,Success,CID595080,Bike,Magadi Road,Ulsoor,308.0,80.0,Not Applicable,Not Applicable,No,Not Applicable,296,Cash,9,3.7,4.8
2024-07-25 10:11:00,CNR1865499935,Success,CID522466,eBike,Majestic,Marathahalli,280.0,25.0,Not Applicable,Not Applicable,No,Not Applicable,2776,UPI,5,3.8,3.2
2024-07-04 00:29:00,CNR1981010946,Driver Not Found,CID627101,Auto,Richmond Town,Malleshwaram,,,Not Applicable,Not Applicable,Not Applicable,Not Applicable,156,Not Applicable,0,,
2024-07-30 22:47:00,CNR1624496615,Success,CID652693,Prime Plus,Padmanabhanagar,Tumkur Road,126.0,95.0,Not Applicable,Not Applicable,No,Not Applicable,761,Credit Card,38,3.8,4.7
2024-07-13 09:15:00,CNR9039815860,Driver Not Found,CID913851,Prime Plus,MG Road,Richmond Town,,,Not Applicable,Not Applicable,Not Applicable,Not Applicable,128,Not Applicable,0,,
2024-07-08 01:23:00,CNR6957644304,Success,CID788084,Auto,Banashankari,HSR Layout,245.0,135.0,Not Applicable,Not Applicable,No,Not Applicable,391,Debit Card,7,4.3,3.2
2024-07-14 14:20:00,CNR9833480200,Success,CID994507,Prime SUV,Magadi Road,Hennur,245.0,110.0,Not Applicable,Not Applicable,No,Not Applicable,171,Cash,49,4.0,4.6
2024-07-30 08:44:00,CNR8491781714,Canceled by Driver,CID617759,Bike,Bellandur,Whitefield,,,Not Applicable,Personal & Car related issue,Not Applicable,Not Applicable,2045,Not Applicable,0,,
2024-07-17 22:11:00,CNR4809534655,Success,CID649582,Mini,RT Nagar,JP Nagar,70.0,95.0,Not Applicable,Not Applicable,No,Not Applicable,352,Cash,36,3.8,4.2
2024-07-14 13:57:00,CNR1628664856,Success,CID371579,Mini,Richmond Town,Devanahalli,112.0,40.0,Not Applicable,Not Applicable,No,Not Applicable,532,Cash,42,3.5,4.5
2024-07-30 09:39:00,CNR9323635307,Success,CID334460,Prime SUV,Hosur Road,Malleshwaram,231.0,30.0,Not Applicable,Not Applicable,No,Not Applicable,253,UPI,1,5.0,4.3
2024-07-15 15:48:00,CNR6011707976,Success,CID905995,Prime Plus,Malleshwaram,Tumkur Road,49.0,25.0,Not Applicable,Not Applicable,No,Not Applicable,874,Cash,33,4.2,3.6
2024-07-06 02:07:00,CNR6364615340,Success,CID842260,Bike,Ramamurthy Nagar,Magadi Road,280.0,115.0,Not Applicable,Not Applicable,No,Not Applicable,175,Credit Card,45,3.9,3.8
2024-07-29 11:40:00,CNR8805570768,Success,CID280235,Auto,BTM Layout,Sahakar Nagar,217.0,75.0,Not Applicable,Not Applicable,No,Not Applicable,258,Cash,4,3.4,4.0
2024-07-06 03:08:00,CNR2687478428,Success,CID780671,Mini,Ulsoor,Ulsoor,238.0,125.0,Not Applicable,Not Applicable,No,Not Applicable,970,Cash,2,3.1,4.4
2024-07-08 09:49:00,CNR1494698357,Success,CID600958,eBike,Hulimavu,Rajajinagar,168.0,125.0,Not Applicable,Not Applicable,No,Not Applicable,1835,Credit Card,36,4.1,4.2
2024-07-29 15:59:00,CNR2312171834,Success,CID537177,Bike,Banashankari,MG Road,280.0,65.0,Not Applicable,Not Applicable,No,Not Applicable,304,Cash,24,3.3,3.9
2024-07-18 06:11:00,CNR5149487018,Driver Not Found,CID723249,Mini,Kadugodi,Jayanagar,,,Not Applicable,Not Applicable,Not Applicable,Not Applicable,1634,Not Applicable,0,,
2024-07-17 11:44:00,CNR8631579438,Success,CID384001,Mini,Bannerghatta Road,Magadi Road,91.0,80.0,Not Applicable,Not Applicable,No,Not Applicable,952,UPI,43,4.0,3.1
2024-07-27 07:01:00,CNR4396340945,Success,CID114482,Prime Sedan,Nagarbhavi,Tumkur Road,63.0,50.0,Not Applicable,Not Applicable,No,Not Applicable,148,UPI,28,4.5,3.8
2024-07-16 06:13:00,CNR1647031371,Canceled by Driver,CID538124,Prime Sedan,Electronic City,Basavanagudi,,,Not Applicable,Personal & Car related issue,Not Applicable,Not Applicable,808,Not Applicable,0,,
2024-07-08 14:01:00,CNR2148311787,Success,CID337459,Bike,Basavanagudi,Basavanagudi,168.0,95.0,Not Applicable,Not Applicable,No,Not Applicable,759,Cash,4,4.1,4.8
2024-07-28 19:35:00,CNR2432643650,Success,CID768279,Prime Plus,Padmanabhanagar,Malleshwaram,238.0,70.0,Not Applicable,Not Applicable,No,Not Applicable,318,UPI,23,3.8,4.2
2024-07-08 11:49:00,CNR7713396520,Canceled by Driver,CID458622,eBike,Yeshwanthpur,Frazer Town,,,Not Applicable,Personal & Car related issue,Not Applicable,Not Applicable,571,Not Applicable,0,,
2024-07-19 05:26:00,CNR1088859569,Driver Not Found,CID563724,Prime Plus,Chickpet,Ramamurthy Nagar,,,Not Applicable,Not Applicable,Not Applicable,Not Applicable,221,Not Applicable,0,,
2024-07-01 11:45:00,CNR4298825072,Canceled by Driver,CID781622,Prime SUV,Hebbal,Banashankari,,,Not Applicable,More than permitted people in there,Not Applicable,Not Applicable,370,Not Applicable,0,,
2024-07-22 03:21:00,CNR4751788627,Canceled by Driver,CID672154,Prime SUV,Tumkur Road,Richmond Town,,,Not Applicable,Personal & Car related issue,Not Applicable,Not Applicable,160,Not Applicable,0,,
2024-07-01 02:29:00,CNR6059962823,Driver Not Found,CID471846,Mini,Bellandur,Indiranagar,,,Not Applicable,Not Applicable,Not Applicable,Not Applicable,205,Not Applicable,0,,
2024-07-24 13:19:00,CNR1760245800,Success,CID379093,Mini,Nagarbhavi,Shantinagar,63.0,140.0,Not Applicable,Not Applicable,No,Not Applicable,485,UPI,49,3.9,3.7
2024-07-25 01:06:00,CNR1722769565,Driver Not Found,CID600728,Bike,Hennur,Hosur Road,,,Not Applicable,Not Applicable,Not Applicable,Not Applicable,297,Not Applicable,0,,
2024-07-21 21:15:00,CNR1307373851,Success,CID398584,eBike,Rajarajeshwari Nagar,Whitefield,91.0,120.0,Not Applicable,Not Applicable,No,Not Applicable,813,UPI,13,3.1,3.0
2024-07-27 05:09:00,CNR2289407853,Success,CID592211,Auto,Sarjapur Road,Kengeri,196.0,35.0,Not Applicable,Not Applicable,No,Not Applicable,472,Cash,18,4.3,4.6
2024-07-04 18:38:00,CNR6328895972,Driver Not Found,CID542563,Prime SUV,Sarjapur Road,Hulimavu,,,Not Applicable,Not Applicable,Not Applicable,Not Applicable,841,Not Applicable,0,,
2024-07-30 23:54:00,CNR4498557718,Success,CID520168,eBike,Shantinagar,Sahakar Nagar,203.0,85.0,Not Applicable,Not Applicable,No,Not Applicable,454,Cash,17,3.3,3.6
2024-07-01 18:47:00,CNR5019179725,Driver Not Found,CID519269,Prime Sedan,JP Nagar,Whitefield,,,Not Applicable,Not Applicable,Not Applicable,Not Applicable,411,Not Applicable,0,,
2024-07-06 17:19:00,CNR5304823574,Canceled by Driver,CID258046,Prime Sedan,Hosur Road,Kadugodi,,,Not Applicable,Personal & Car related issue,Not Applicable,Not Applicable,207,Not Applicable,0,,
2024-07-04 20:53:00,CNR2023627290,Canceled by Driver,CID684283,Prime SUV,Rajarajeshwari Nagar,Vijayanagar,,,Not Applicable,Personal & Car related issue,Not Applicable,Not Applicable,469,Not Applicable,0,,
2024-07-02 07:44:00,CNR4343874404,Canceled by Driver,CID493663,Prime Plus,Langford Town,Vijayanagar,,,Not Applicable,Personal & Car related issue,Not Applicable,Not Applicable,617,Not Applicable,0,,
2024-07-11 15:32:00,CNR2587475499,Success,CID923158,Prime Plus,JP Nagar,Electronic City,105.0,85.0,Not Applicable,Not Applicable,No,Not Applicable,158,Cash,17,3.9,4.9
2024-07-11 02:51:00,CNR8713478455,Success,CID834465,Prime Plus,Richmond Town,Mysore Road,245.0,130.0,Not Applicable,Not Applicable,No,Not Applicable,224,UPI,25,4.3,4.0
2024-07-16 08:28:00,CNR2770026847,Canceled by Driver,CID607565,Prime Plus,KR Puram,Mysore Road,,,Not Applicable,Customer related issue,Not Applicable,Not Applicable,652,Not Applicable,0,,
2024-07-15 03:01:00,CNR7241101771,Success,CID372549,Prime Plus,Frazer Town,Varthur,119.0,85.0,Not Applicable,Not Applicable,No,Not Applicable,295,Cash,32,4.5,3.6
2024-07-10 10:34:00,CNR6321773290,Success,CID645311,Auto,Banashankari,Jayanagar,119.0,50.0,Not Applicable,Not Applicable,No,Not Applicable,392,Cash,6,4.9,3.3
2024-07-22 09:35:00,CNR5115446436,Success,CID898408,Bike,Frazer Town,Bannerghatta Road,98.0,120.0,Not Applicable,Not Applicable,No,Not Applicable,832,Cash,49,3.7,4.5
2024-07-04 20:36:00,CNR3197423497,Success,CID361895,eBike,RT Nagar,Whitefield,287.0,25.0,Not Applicable,Not Applicable,No,Not Applicable,793,UPI,38,4.7,4.6
2024-07-12 16:22:00,CNR4145102418,Success,CID248267,eBike,Kadugodi,Sarjapur Road,49.0,130.0,Not Applicable,Not Applicable,No,Not Applicable,370,Cash,37,4.1,4.6
2024-07-27 22:15:00,CNR7406022039,Success,CID594800,Prime SUV,Basavanagudi,Yelahanka,119.0,75.0,Not Applicable,Not Applicable,No,Not Applicable,366,Cash,9,4.1,4.3
2024-07-27 22:06:00,CNR3535832072,Driver Not Found,CID277479,Bike,Ulsoor,Marathahalli,,,Not Applicable,Not Applicable,Not Applicable,Not Applicable,797,Not Applicable,0,,
2024-07-16 15:10:00,CNR7383638455,Success,CID980691,Prime SUV,Basavanagudi,Tumkur Road,105.0,65.0,Not Applicable,Not Applicable,Yes,Customer Demand,408,Cash,45,4.7,4.4
2024-07-13 19:58:00,CNR2093986916,Success,CID109017,Prime Sedan,Hulimavu,Chickpet,35.0,135.0,Not Applicable,Not Applicable,No,Not Applicable,156,Cash,28,3.7,3.4
2024-07-15 09:50:00,CNR3867955119,Success,CID221848,Bike,Banashankari,Electronic City,245.0,30.0,Not Applicable,Not Applicable,No,Not Applicable,304,UPI,33,4.1,3.5
2024-07-25 16:08:00,CNR6915871576,Success,CID614631,Prime Plus,Ramamurthy Nagar,Devanahalli,168.0,40.0,Not Applicable,Not Applicable,No,Not Applicable,802,Cash,30,4.1,3.7
2024-07-02 02:40:00,CNR2850581764,Success,CID891224,Auto,Richmond Town,Ramamurthy Nagar,147.0,120.0,Not Applicable,Not Applicable,No,Not Applicable,556,Cash,4,3.2,3.8
2024-07-24 06:20:00,CNR9442907491,Driver Not Found,CID845694,eBike,Hulimavu,Yelahanka,,,Not Applicable,Not Applicable,Not Applicable,Not Applicable,259,Not Applicable,0,,
2024-07-13 02:06:00,CNR9749360204,Canceled by Driver,CID503332,Mini,Electronic City,Indiranagar,,,Not Applicable,Personal & Car related issue,Not Applicable,Not Applicable,139,Not Applicable,0,,
2024-07-11 03:14:00,CNR4475486423,Success,CID179254,Bike,JP Nagar,Whitefield,252.0,135.0,Not Applicable,Not Applicable,No,Not Applicable,357,Cash,6,5.0,3.3
2024-07-28 18:44:00,CNR3344438145,Success,CID482150,eBike,Shantinagar,Malleshwaram,49.0,30.0,Not Applicable,Not Applicable,Yes,Customer Demand,842,Cash,10,3.2,4.7
2024-07-20 04:12:00,CNR1706538898,Success,CID858186,Auto,Indiranagar,Yelahanka,210.0,125.0,Not Applicable,Not Applicable,Yes,Vehicle Breakdown,308,Cash,12,3.3,4.5
2024-07-22 15:09:00,CNR8107687827,Success,CID101829,Prime Plus,Shivajinagar,Chamarajpet,231.0,115.0,Not Applicable,Not Applicable,No,Not Applicable,234,UPI,34,5.0,4.1
2024-07-02 12:21:00,CNR6594705446,Success,CID984770,Mini,Hulimavu,Peenya,98.0,130.0,Not Applicable,Not Applicable,No,Not Applicable,265,UPI,43,4.6,4.7
2024-07-01 14:43:00,CNR1248158843,Canceled by Customer,CID603456,Auto,Ulsoor,Yelahanka,,,Driver is not moving towards pickup location,Not Applicable,Not Applicable,Not Applicable,807,Not Applicable,0,,
2024-07-19 16:24:00,CNR6316438430,Canceled by Driver,CID412271,Prime SUV,Indiranagar,Langford Town,,,Not Applicable,Personal & Car related issue,Not Applicable,Not Applicable,298,Not Applicable,0,,
2024-07-18 20:07:00,CNR4091221447,Success,CID853669,Mini,Hosur Road,Basavanagudi,287.0,135.0,Not Applicable,Not Applicable,No,Not Applicable,147,Cash,2,3.1,3.1
2024-07-18 04:00:00,CNR8361699071,Driver Not Found,CID380816,Bike,Hebbal,Chamarajpet,,,Not Applicable,Not Applicable,Not Applicable,Not Applicable,174,Not Applicable,0,,
2024-07-12 13:16:00,CNR8951359705,Success,CID959415,Auto,BTM Layout,Koramangala,70.0,135.0,Not Applicable,Not Applicable,No,Not Applicable,185,Cash,19,4.7,3.6
2024-07-13 11:59:00,CNR3114261248,Success,CID547428,Prime SUV,Shantinagar,Mysore Road,168.0,95.0,Not Applicable,Not Applicable,No,Not Applicable,498,UPI,31,5.0,4.8
2024-07-01 06:34:00,CNR9084151934,Success,CID443505,Prime SUV,Bannerghatta Road,Devanahalli,147.0,45.0,Not Applicable,Not Applicable,No,Not Applicable,1593,Cash,19,3.8,4.9
2024-07-19 07:53:00,CNR2350285517,Success,CID577428,Mini,Kammanahalli,Langford Town,119.0,105.0,Not Applicable,Not Applicable,No,Not Applicable,835,Cash,28,4.7,4.2
2024-07-29 13:33:00,CNR8547400590,Success,CID174963,Mini,Rajajinagar,Varthur,105.0,110.0,Not Applicable,Not Applicable,No,Not Applicable,746,UPI,15,3.8,4.9
2024-07-22 23:50:00,CNR4122448910,Canceled by Driver,CID945072,Auto,RT Nagar,Cox Town,,,Not Applicable,Personal & Car related issue,Not Applicable,Not Applicable,334,Not Applicable,0,,
2024-07-03 00:36:00,CNR2516975426,Success,CID970185,Mini,Hulimavu,MG Road,84.0,95.0,Not Applicable,Not Applicable,No,Not Applicable,1227,UPI,37,4.2,3.3
2024-07-25 10:57:00,CNR4952816137,Canceled by Customer,CID256978,eBike,RT Nagar,Magadi Road,,,Driver is not moving towards pickup location,Not Applicable,Not Applicable,Not Applicable,194,Not Applicable,0,,
2024-07-02 17:58:00,CNR3666904910,Success,CID997232,Prime Plus,Ramamurthy Nagar,BTM Layout,133.0,40.0,Not Applicable,Not Applicable,No,Not Applicable,339,Cash,5,3.7,4.4
2024-07-27 01:20:00,CNR2804758467,Canceled by Customer,CID180227,eBike,Electronic City,Nagarbhavi,,,Change of plans,Not Applicable,Not Applicable,Not Applicable,737,Not Applicable,0,,
2024-07-15 06:20:00,CNR9686552854,Canceled by Driver,CID763614,Bike,Rajajinagar,Ramamurthy Nagar,,,Not Applicable,Personal & Car related issue,Not Applicable,Not Applicable,418,Not Applicable,0,,
2024-07-03 18:38:00,CNR7040410904,Success,CID937300,Auto,Tumkur Road,Padmanabhanagar,196.0,65.0,Not Applicable,Not Applicable,No,Not Applicable,264,Debit Card,9,3.7,3.8
2024-07-01 03:57:00,CNR2095456203,Success,CID923715,Prime SUV,Sarjapur Road,Tumkur Road,189.0,45.0,Not Applicable,Not Applicable,No,Not Applicable,399,UPI,21,3.6,4.2
2024-07-12 23:49:00,CNR8628728176,Success,CID365393,Prime SUV,Hulimavu,Langford Town,238.0,45.0,Not Applicable,Not Applicable,No,Not Applicable,867,Cash,7,3.2,4.1
2024-07-06 13:12:00,CNR4664861533,Success,CID405781,Prime SUV,Banashankari,Yelahanka,245.0,80.0,Not Applicable,Not Applicable,No,Not Applicable,153,UPI,17,3.4,4.3
2024-07-16 08:32:00,CNR2842156263,Driver Not Found,CID992210,Prime Sedan,Tumkur Road,Magadi Road,,,Not Applicable,Not Applicable,Not Applicable,Not Applicable,141,Not Applicable,0,,
2024-07-08 22:14:00,CNR2787882874,Success,CID553406,Prime Plus,Koramangala,Bannerghatta Road,105.0,135.0,Not Applicable,Not Applicable,No,Not Applicable,112,UPI,37,3.5,4.3
2024-07-19 10:12:00,CNR2552705464,Success,CID490170,Bike,Padmanabhanagar,Kammanahalli,266.0,50.0,Not Applicable,Not Applicable,No,Not Applicable,100,Cash,25,3.5,4.7
2024-07-10 21:34:00,CNR3898389367,Success,CID330123,Prime Plus,Mysore Road,Varthur,231.0,135.0,Not Applicable,Not Applicable,No,Not Applicable,829,Cash,25,4.1,3.6
2024-07-01 02:53:00,CNR8029344257,Success,CID204644,Auto,Kadugodi,KR Puram,140.0,125.0,Not Applicable,Not Applicable,No,Not Applicable,191,Cash,15,4.3,4.8
2024-07-29 08:52:00,CNR1182869755,Success,CID619659,Prime Plus,Hulimavu,Yeshwanthpur,280.0,50.0,Not Applicable,Not Applicable,No,Not Applicable,225,UPI,3,4.6,3.0
2024-07-21 07:10:00,CNR9319680899,Success,CID716577,Mini,Cox Town,Indiranagar,238.0,40.0,Not Applicable,Not Applicable,No,Not Applicable,442,Cash,36,3.3,4.8
2024-07-15 08:27:00,CNR7084971984,Success,CID713822,Bike,Kadugodi,Cox Town,273.0,120.0,Not Applicable,Not Applicable,No,Not Applicable,472,UPI,22,3.1,3.9
2024-07-07 02:37:00,CNR6936301325,Success,CID782650,Prime Plus,Shivajinagar,Padmanabhanagar,273.0,95.0,Not Applicable,Not Applicable,No,Not Applicable,801,UPI,17,4.6,3.0
2024-07-06 06:44:00,CNR6199450810,Canceled by Driver,CID621466,eBike,Rajajinagar,Majestic,,,Not Applicable,Customer related issue,Not Applicable,Not Applicable,430,Not Applicable,0,,
2024-07-16 06:22:00,CNR4278942526,Canceled by Customer,CID534501,Mini,Kengeri,Sarjapur Road,,,Driver is not moving towards pickup location,Not Applicable,Not Applicable,Not Applicable,272,Not Applicable,0,,
2024-07-27 17:41:00,CNR5215847362,Success,CID540916,Mini,Shivajinagar,Yeshwanthpur,231.0,50.0,Not Applicable,Not Applicable,No,Not Applicable,259,Debit Card,39,4.5,3.4
2024-07-12 03:16:00,CNR5635749379,Canceled by Driver,CID642412,Bike,Nagarbhavi,Kammanahalli,,,Not Applicable,Customer related issue,Not Applicable,Not Applicable,160,Not Applicable,0,,
2024-07-23 21:08:00,CNR2645176855,Success,CID910677,Mini,Ramamurthy Nagar,Yelahanka,105.0,55.0,Not Applicable,Not Applicable,No,Not Applicable,264,UPI,49,4.7,3.5
2024-07-01 23:02:00,CNR1990836108,Canceled by Driver,CID705012,Prime SUV,Padmanabhanagar,Hulimavu,,,Not Applicable,Customer was coughing/sick,Not Applicable,Not Applicable,482,Not Applicable,0,,
2024-07-17 01:24:00,CNR1922563877,Success,CID852812,Prime Sedan,Whitefield,Sahakar Nagar,301.0,135.0,Not Applicable,Not Applicable,No,Not Applicable,344,Cash,35,4.9,4.1
2024-07-19 07:49:00,CNR1027465901,Success,CID196212,Prime SUV,Indiranagar,Hebbal,301.0,45.0,Not Applicable,Not Applicable,No,Not Applicable,221,UPI,46,4.4,3.2
2024-07-22 15:06:00,CNR2132420790,Success,CID551716,Prime SUV,Sarjapur Road,Majestic,203.0,35.0,Not Applicable,Not Applicable,No,Not Applicable,276,UPI,20,4.8,3.4
2024-07-15 16:12:00,CNR9271543839,Success,CID802322,Prime Plus,MG Road,BTM Layout,105.0,70.0,Not Applicable,Not Applicable,No,Not Applicable,133,UPI,13,4.0,3.6
2024-07-11 22:27:00,CNR8552813238,Success,CID108139,Prime Sedan,KR Puram,Rajarajeshwari Nagar,49.0,50.0,Not Applicable,Not Applicable,No,Not Applicable,966,UPI,32,3.2,3.6
2024-07-10 20:08:00,CNR4319732272,Canceled by Driver,CID509965,Auto,Chamarajpet,Kengeri,,,Not Applicable,Customer related issue,Not Applicable,Not Applicable,305,Not Applicable,0,,
2024-07-26 12:01:00,CNR2061790879,Driver Not Found,CID378894,Prime SUV,Langford Town,Kadugodi,,,Not Applicable,Not Applicable,Not Applicable,Not Applicable,241,Not Applicable,0,,
2024-07-13 12:28:00,CNR6520623582,Canceled by Driver,CID112417,Prime SUV,Jayanagar,HSR Layout,,,Not Applicable,Personal & Car related issue,Not Applicable,Not Applicable,192,Not Applicable,0,,
2024-07-11 13:44:00,CNR4726580268,Success,CID931574,Auto,Richmond Town,Yelahanka,308.0,60.0,Not Applicable,Not Applicable,No,Not Applicable,780,UPI,16,4.4,3.6
2024-07-29 18:35:00,CNR4656210362,Canceled by Customer,CID776147,Prime Plus,Hennur,JP Nagar,,,Wrong Address,Not Applicable,Not Applicable,Not Applicable,364,Not Applicable,0,,
2024-07-27 08:15:00,CNR7441645994,Canceled by Customer,CID384221,Auto,Koramangala,Chamarajpet,,,Driver asked to cancel,Not Applicable,Not Applicable,Not Applicable,451,Not Applicable,0,,
2024-07-06 19:46:00,CNR9028713731,Success,CID836628,eBike,Langford Town,Rajarajeshwari Nagar,224.0,75.0,Not Applicable,Not Applicable,No,Not Applicable,306,UPI,24,3.9,3.4
2024-07-30 01:07:00,CNR3455354108,Success,CID538670,Prime Plus,Shantinagar,Richmond Town,126.0,110.0,Not Applicable,Not Applicable,No,Not Applicable,770,Cash,36,4.0,3.3
2024-07-18 12:02:00,CNR6875088340,Success,CID109782,Auto,Langford Town,Frazer Town,252.0,120.0,Not Applicable,Not Applicable,No,Not Applicable,295,Cash,16,4.6,3.7
2024-07-19 00:14:00,CNR2362583240,Canceled by Customer,CID426848,Auto,Chickpet,HSR Layout,,,Driver asked to cancel,Not Applicable,Not Applicable,Not Applicable,439,Not Applicable,0,,
2024-07-29 09:22:00,CNR8936308836,Success,CID467629,Mini,Magadi Road,Ulsoor,238.0,140.0,Not Applicable,Not Applicable,No,Not Applicable,222,UPI,46,4.6,4.8
2024-07-17 02:24:00,CNR9766541750,Success,CID103852,Prime Sedan,Padmanabhanagar,MG Road,259.0,115.0,Not Applicable,Not Applicable,No,Not Applicable,104,Cash,3,3.9,4.0
2024-07-15 15:23:00,CNR8071853824,Canceled by Driver,CID880985,Prime SUV,Marathahalli,Kadugodi,,,Not Applicable,Customer related issue,Not Applicable,Not Applicable,465,Not Applicable,0,,
2024-07-22 05:35:00,CNR2016712152,Success,CID251475,Prime Sedan,Rajarajeshwari Nagar,Banashankari,119.0,140.0,Not Applicable,Not Applicable,No,Not Applicable,986,UPI,28,3.8,4.5
2024-07-09 15:05:00,CNR3361939360,Canceled by Customer,CID365850,Mini,Jayanagar,Kadugodi,,,AC is Not working,Not Applicable,Not Applicable,Not Applicable,168,Not Applicable,0,,
2024-07-09 07:14:00,CNR3292552834,Canceled by Customer,CID900747,Mini,Bannerghatta Road,Hulimavu,,,Driver is not moving towards pickup location,Not Applicable,Not Applicable,Not Applicable,776,Not Applicable,0,,
2024-07-13 20:51:00,CNR4721639120,Canceled by Customer,CID882854,eBike,Jayanagar,Kengeri,,,Driver is not moving towards pickup location,Not Applicable,Not Applicable,Not Applicable,377,Not Applicable,0,,
2024-07-09 12:40:00,CNR1601179036,Success,CID255905,Auto,Basavanagudi,Yeshwanthpur,119.0,90.0,Not Applicable,Not Applicable,No,Not Applicable,721,Cash,6,4.0,3.6
2024-07-24 14:18:00,CNR1091111890,Canceled by Driver,CID683434,Prime Plus,Yeshwanthpur,Kammanahalli,,,Not Applicable,Customer was coughing/sick,Not Applicable,Not Applicable,441,Not Applicable,0,,
2024-07-24 16:43:00,CNR5823372809,Canceled by Driver,CID414998,Prime SUV,Richmond Town,Yelahanka,,,Not Applicable,Personal & Car related issue,Not Applicable,Not Applicable,318,Not Applicable,0,,
2024-07-19 20:05:00,CNR1484951970,Success,CID176641,Bike,Majestic,Hulimavu,84.0,80.0,Not Applicable,Not Applicable,No,Not Applicable,217,Cash,26,4.9,3.1
2024-07-04 19:58:00,CNR6954809945,Success,CID769535,Auto,Hulimavu,Banashankari,63.0,75.0,Not Applicable,Not Applicable,Yes,Other Issue,794,Cash,3,3.8,4.7
2024-07-21 13:33:00,CNR7513332968,Success,CID847885,Prime Plus,Yeshwanthpur,Varthur,126.0,80.0,Not Applicable,Not Applicable,No,Not Applicable,934,Cash,13,4.4,4.9
2024-07-10 22:14:00,CNR3181613404,Success,CID498241,Prime Plus,Magadi Road,Richmond Town,56.0,110.0,Not Applicable,Not Applicable,No,Not Applicable,202,Cash,11,4.6,4.0
2024-07-23 23:03:00,CNR2606105026,Success,CID788452,Prime SUV,Chickpet,Marathahalli,217.0,50.0,Not Applicable,Not Applicable,No,Not Applicable,342,Cash,35,3.6,4.0
2024-07-07 22:55:00,CNR5879773924,Canceled by Driver,CID198761,Bike,Rajarajeshwari Nagar,Hennur,,,Not Applicable,Personal & Car related issue,Not Applicable,Not Applicable,437,Not Applicable,0,,
2024-07-09 23:29:00,CNR9951310867,Driver Not Found,CID497666,Bike,JP Nagar,BTM Layout,,,Not Applicable,Not Applicable,Not Applicable,Not Applicable,620,Not Applicable,0,,
2024-07-03 03:58:00,CNR9634038412,Canceled by Driver,CID506290,Mini,Koramangala,Yelahanka,,,Not Applicable,More than permitted people in there,Not Applicable,Not Applicable,296,Not Applicable,0,,
2024-07-05 04:44:00,CNR6466478172,Success,CID198393,Prime Sedan,Koramangala,Richmond Town,217.0,55.0,Not Applicable,Not Applicable,No,Not Applicable,133,UPI,38,4.1,3.8
2024-07-28 04:25:00,CNR3163465250,Success,CID998861,Prime Plus,RT Nagar,Sarjapur Road,196.0,120.0,Not Applicable,Not Applicable,No,Not Applicable,281,Cash,28,3.5,4.7
2024-07-02 19:29:00,CNR8887828782,Canceled by Customer,CID444823,Prime Sedan,Varthur,Malleshwaram,,,Change of plans,Not Applicable,Not Applicable,Not Applicable,271,Not Applicable,0,,
2024-07-06 20:53:00,CNR7860875352,Canceled by Driver,CID986486,Bike,Rajajinagar,HSR Layout,,,Not Applicable,Customer was coughing/sick,Not Applicable,Not Applicable,457,Not Applicable,0,,
2024-07-21 01:01:00,CNR4170031684,Success,CID391454,Prime Sedan,Chickpet,Electronic City,35.0,25.0,Not Applicable,Not Applicable,No,Not Applicable,816,Cash,24,3.6,4.8
2024-07-19 02:36:00,CNR8551511875,Success,CID667775,Prime SUV,MG Road,Shivajinagar,301.0,110.0,Not Applicable,Not Applicable,No,Not Applicable,362,UPI,28,3.3,3.7
2024-07-10 13:46:00,CNR3524503948,Success,CID533295,Mini,Majestic,Kengeri,175.0,110.0,Not Applicable,Not Applicable,No,Not Applicable,395,Cash,13,4.3,3.6
2024-07-28 10:45:00,CNR1189431602,Driver Not Found,CID174001,Prime Plus,Kammanahalli,Electronic City,,,Not Applicable,Not Applicable,Not Applicable,Not Applicable,462,Not Applicable,0,,
2024-07-08 06:41:00,CNR3930688451,Canceled by Driver,CID562151,Prime Sedan,Padmanabhanagar,Koramangala,,,Not Applicable,Customer related issue,Not Applicable,Not Applicable,424,Not Applicable,0,,
2024-07-10 18:27:00,CNR3394119715,Success,CID309497,Auto,Padmanabhanagar,Ulsoor,161.0,140.0,Not Applicable,Not Applicable,No,Not Applicable,827,Cash,2,4.3,3.3
2024-07-02 18:17:00,CNR7744852047,Canceled by Driver,CID162791,Prime Plus,Basavanagudi,Electronic City,,,Not Applicable,Personal & Car related issue,Not Applicable,Not Applicable,123,Not Applicable,0,,
2024-07-15 20:37:00,CNR1578360063,Success,CID703723,Prime Sedan,Malleshwaram,Vijayanagar,161.0,60.0,Not Applicable,Not Applicable,No,Not Applicable,256,Cash,19,3.3,3.9
2024-07-20 23:38:00,CNR2787472785,Success,CID398846,Auto,Rajajinagar,Richmond Town,189.0,135.0,Not Applicable,Not Applicable,No,Not Applicable,116,Cash,4,4.1,3.4
2024-07-02 06:51:00,CNR1545936538,Success,CID252446,Bike,Majestic,Cox Town,119.0,80.0,Not Applicable,Not Applicable,No,Not Applicable,400,Credit Card,33,4.7,4.8
2024-07-06 12:15:00,CNR4572904228,Driver Not Found,CID234845,Prime Sedan,Marathahalli,Electronic City,,,Not Applicable,Not Applicable,Not Applicable,Not Applicable,674,Not Applicable,0,,
2024-07-07 01:07:00,CNR8670224446,Success,CID465467,Prime SUV,Sahakar Nagar,Kadugodi,182.0,140.0,Not Applicable,Not Applicable,No,Not Applicable,102,UPI,46,4.2,4.6
2024-07-13 20:58:00,CNR9872779765,Success,CID814307,Mini,Langford Town,Indiranagar,189.0,125.0,Not Applicable,Not Applicable,No,Not Applicable,805,Cash,16,3.5,3.2
2024-07-16 00:14:00,CNR5163566116,Canceled by Driver,CID510163,Bike,Langford Town,Vijayanagar,,,Not Applicable,Customer related issue,Not Applicable,Not Applicable,880,Not Applicable,0,,
2024-07-22 10:00:00,CNR5716368157,Driver Not Found,CID523291,eBike,BTM Layout,JP Nagar,,,Not Applicable,Not Applicable,Not Applicable,Not Applicable,195,Not Applicable,0,,
2024-07-29 01:22:00,CNR2442283154,Driver Not Found,CID955434,Prime Plus,Hebbal,Malleshwaram,,,Not Applicable,Not Applicable,Not Applicable,Not Applicable,486,Not Applicable,0,,
2024-07-01 22:17:00,CNR4177880571,Success,CID599784,Bike,Peenya,HSR Layout,98.0,30.0,Not Applicable,Not Applicable,No,Not Applicable,253,Cash,16,3.8,3.5
2024-07-06 18:16:00,CNR7016748450,Driver Not Found,CID776716,Auto,Hosur Road,Shivajinagar,,,Not Applicable,Not Applicable,Not Applicable,Not Applicable,528,Not Applicable,0,,
2024-07-17 17:59:00,CNR3532517278,Success,CID302668,Prime SUV,Hebbal,Tumkur Road,189.0,105.0,Not Applicable,Not Applicable,No,Not Applicable,702,Credit Card,9,3.3,4.7
2024-07-23 21:14:00,CNR1518835527,Success,CID602425,eBike,Richmond Town,Tumkur Road,140.0,65.0,Not Applicable,Not Applicable,No,Not Applicable,430,UPI,6,3.2,3.1
2024-07-03 06:03:00,CNR9363968351,Canceled by Driver,CID104006,eBike,KR Puram,Sahakar Nagar,,,Not Applicable,Personal & Car related issue,Not Applicable,Not Applicable,606,Not Applicable,0,,
2024-07-04 10:08:00,CNR1564899509,Driver Not Found,CID135985,Prime SUV,Majestic,Yelahanka,,,Not Applicable,Not Applicable,Not Applicable,Not Applicable,603,Not Applicable,0,,
2024-07-11 19:29:00,CNR4115049593,Canceled by Customer,CID397455,Prime Plus,Magadi Road,Devanahalli,,,AC is Not working,Not Applicable,Not Applicable,Not Applicable,310,Not Applicable,0,,
2024-07-16 20:49:00,CNR1003817797,Canceled by Driver,CID770518,Prime Sedan,Sahakar Nagar,Indiranagar,,,Not Applicable,More than permitted people in there,Not Applicable,Not Applicable,454,Not Applicable,0,,
2024-07-07 01:48:00,CNR4677005744,Success,CID982928,eBike,Vijayanagar,Sarjapur Road,63.0,75.0,Not Applicable,Not Applicable,No,Not Applicable,176,UPI,17,4.8,4.8
2024-07-26 09:23:00,CNR3946840623,Canceled by Customer,CID122276,eBike,Devanahalli,Devanahalli,,,Driver asked to cancel,Not Applicable,Not Applicable,Not Applicable,914,Not Applicable,0,,
2024-07-18 12:21:00,CNR3071552993,Canceled by Driver,CID748452,Prime Plus,Tumkur Road,Nagarbhavi,,,Not Applicable,Customer related issue,Not Applicable,Not Applicable,2888,Not Applicable,0,,
2024-07-14 16:04:00,CNR2392134438,Driver Not Found,CID517129,Mini,Kengeri,Varthur,,,Not Applicable,Not Applicable,Not Applicable,Not Applicable,683,Not Applicable,0,,
2024-07-07 22:13:00,CNR5393774041,Success,CID195537,Prime Sedan,Hebbal,Hosur Road,91.0,110.0,Not Applicable,Not Applicable,No,Not Applicable,514,Cash,40,4.8,4.4
2024-07-07 15:42:00,CNR9019482410,Success,CID360106,Prime Sedan,BTM Layout,Majestic,273.0,45.0,Not Applicable,Not Applicable,Yes,Customer Demand,660,Cash,36,3.6,3.3
2024-07-03 05:08:00,CNR6903088957,Success,CID884530,Prime SUV,Ulsoor,Kammanahalli,126.0,100.0,Not Applicable,Not Applicable,No,Not Applicable,305,UPI,17,4.9,4.1
2024-07-28 21:20:00,CNR7108517940,Canceled by Driver,CID291658,Auto,RT Nagar,Tumkur Road,,,Not Applicable,More than permitted people in there,Not Applicable,Not Applicable,365,Not Applicable,0,,
2024-07-06 03:18:00,CNR6511851902,Success,CID402636,Mini,Nagarbhavi,Hulimavu,231.0,80.0,Not Applicable,Not Applicable,No,Not Applicable,475,UPI,23,3.3,4.1
2024-07-14 09:00:00,CNR1752067515,Success,CID849925,Bike,Richmond Town,Magadi Road,196.0,75.0,Not Applicable,Not Applicable,No,Not Applicable,803,Cash,30,4.6,3.4
2024-07-11 15:12:00,CNR3611418352,Canceled by Customer,CID632698,Prime SUV,Padmanabhanagar,Rajarajeshwari Nagar,,,Change of plans,Not Applicable,Not Applicable,Not Applicable,508,Not Applicable,0,,
2024-07-30 18:51:00,CNR9082050624,Canceled by Driver,CID850491,Prime Plus,Hulimavu,Hosur Road,,,Not Applicable,Personal & Car related issue,Not Applicable,Not Applicable,363,Not Applicable,0,,
2024-07-06 03:28:00,CNR7624091843,Canceled by Driver,CID578933,eBike,Shantinagar,Vijayanagar,,,Not Applicable,More than permitted people in there,Not Applicable,Not Applicable,590,Not Applicable,0,,
2024-07-17 16:47:00,CNR9860912868,Canceled by Driver,CID932374,Bike,Nagarbhavi,Chamarajpet,,,Not Applicable,Personal & Car related issue,Not Applicable,Not Applicable,342,Not Applicable,0,,
2024-07-14 19:28:00,CNR1609545312,Canceled by Driver,CID733732,Prime Sedan,Devanahalli,Hennur,,,Not Applicable,More than permitted people in there,Not Applicable,Not Applicable,422,Not Applicable,0,,
2024-07-23 23:31:00,CNR7810036045,Canceled by Customer,CID176120,Prime Sedan,Chamarajpet,Vijayanagar,,,Driver is not moving towards pickup location,Not Applicable,Not Applicable,Not Applicable,537,Not Applicable,0,,
2024-07-13 00:51:00,CNR6657585382,Canceled by Driver,CID972527,Bike,Sarjapur Road,Bellandur,,,Not Applicable,Personal & Car related issue,Not Applicable,Not Applicable,286,Not Applicable,0,,
2024-07-19 01:47:00,CNR4248822792,Canceled by Customer,CID142696,Mini,Bellandur,Hennur,,,Driver asked to cancel,Not Applicable,Not Applicable,Not Applicable,395,Not Applicable,0,,
2024-07-30 02:12:00,CNR3020208628,Success,CID237511,eBike,Yelahanka,Kammanahalli,84.0,45.0,Not Applicable,Not Applicable,No,Not Applicable,461,Cash,23,4.6,4.6
2024-07-20 11:16:00,CNR1867186967,Success,CID564470,Auto,Bellandur,Chamarajpet,301.0,50.0,Not Applicable,Not Applicable,No,Not Applicable,110,Cash,6,4.7,3.0
2024-07-21 22:42:00,CNR3537682754,Success,CID473657,Prime Sedan,Rajajinagar,Magadi Road,126.0,80.0,Not Applicable,Not Applicable,No,Not Applicable,113,Cash,44,4.9,4.6
2024-07-03 10:47:00,CNR3355473395,Success,CID521650,Prime SUV,Hosur Road,Shivajinagar,147.0,110.0,Not Applicable,Not Applicable,No,Not Applicable,265,Cash,9,4.1,3.0
2024-07-02 01:48:00,CNR6246652122,Success,CID985589,Bike,Vijayanagar,Kengeri,252.0,85.0,Not Applicable,Not Applicable,No,Not Applicable,2247,Cash,37,4.5,3.8
2024-07-24 01:11:00,CNR9004173233,Success,CID333385,Mini,Hebbal,Frazer Town,63.0,40.0,Not Applicable,Not Applicable,No,Not Applicable,516,Cash,40,4.9,3.9
2024-07-25 01:42:00,CNR2531815770,Success,CID702751,Prime Plus,Ulsoor,Hennur,112.0,140.0,Not Applicable,Not Applicable,No,Not Applicable,418,UPI,13,3.8,3.2
2024-07-28 21:53:00,CNR7314400651,Canceled by Driver,CID290301,Auto,Peenya,Whitefield,,,Not Applicable,Customer was coughing/sick,Not Applicable,Not Applicable,391,Not Applicable,0,,
2024-07-06 14:44:00,CNR9801059408,Canceled by Driver,CID425021,Mini,Rajajinagar,Nagarbhavi,,,Not Applicable,Customer related issue,Not Applicable,Not Applicable,2940,Not Applicable,0,,
2024-07-19 12:49:00,CNR9603103304,Success,CID395354,Prime SUV,Hulimavu,Padmanabhanagar,77.0,70.0,Not Applicable,Not Applicable,No,Not Applicable,440,Cash,10,4.4,3.2
2024-07-24 13:38:00,CNR9306815942,Canceled by Driver,CID235501,Bike,Koramangala,Rajajinagar,,,Not Applicable,Customer related issue,Not Applicable,Not Applicable,167,Not Applicable,0,,
2024-07-03 20:25:00,CNR8374274286,Success,CID390767,Prime Plus,Sahakar Nagar,BTM Layout,154.0,70.0,Not Applicable,Not Applicable,No,Not Applicable,169,Cash,49,3.9,4.7
2024-07-20 04:28:00,CNR7963251908,Success,CID273763,Prime Plus,Ramamurthy Nagar,Koramangala,70.0,65.0,Not Applicable,Not Applicable,No,Not Applicable,169,UPI,16,3.6,4.2
2024-07-20 18:47:00,CNR7837140805,Canceled by Customer,CID456806,Prime Plus,Banashankari,Tumkur Road,,,AC is Not working,Not Applicable,Not Applicable,Not Applicable,447,Not Applicable,0,,
2024-07-19 22:57:00,CNR3518451194,Driver Not Found,CID412716,Auto,Majestic,Ulsoor,,,Not Applicable,Not Applicable,Not Applicable,Not Applicable,314,Not Applicable,0,,
2024-07-14 06:02:00,CNR3072157505,Driver Not Found,CID814286,Mini,Banashankari,MG Road,,,Not Applicable,Not Applicable,Not Applicable,Not Applicable,434,Not Applicable,0,,
2024-07-01 03:09:00,CNR9609142360,Success,CID753983,Prime Plus,Electronic City,Chickpet,154.0,115.0,Not Applicable,Not Applicable,No,Not Applicable,322,UPI,31,3.3,4.4
2024-07-20 10:52:00,CNR9269947535,Canceled by Customer,CID552122,Mini,Mysore Road,Nagarbhavi,,,Driver asked to cancel,Not Applicable,Not Applicable,Not Applicable,335,Not Applicable,0,,
2024-07-18 18:30:00,CNR4182300530,Success,CID153782,Prime Plus,Nagarbhavi,Majestic,224.0,35.0,Not Applicable,Not Applicable,Yes,Customer Demand,580,Cash,16,4.4,5.0
2024-07-27 04:52:00,CNR3187564817,Driver Not Found,CID462910,Prime Plus,Cox Town,Kammanahalli,,,Not Applicable,Not Applicable,Not Applicable,Not Applicable,316,Not Applicable,0,,
2024-07-28 21:58:00,CNR3647314377,Success,CID285759,Auto,Chamarajpet,Basavanagudi,301.0,65.0,Not Applicable,Not Applicable,No,Not Applicable,416,Cash,15,3.7,3.3
2024-07-26 21:28:00,CNR3160181139,Success,CID617263,eBike,Peenya,Kengeri,231.0,90.0,Not Applicable,Not Applicable,No,Not Applicable,196,UPI,3,4.5,3.4
2024-07-18 10:21:00,CNR8670409957,Success,CID578038,Bike,HSR Layout,Chamarajpet,112.0,135.0,Not Applicable,Not Applicable,No,Not Applicable,276,UPI,37,3.8,4.5
2024-07-08 07:56:00,CNR4213879793,Canceled by Customer,CID817514,eBike,RT Nagar,Basavanagudi,,,Driver asked to cancel,Not Applicable,Not Applicable,Not Applicable,1194,Not Applicable,0,,
2024-07-27 18:36:00,CNR5080403030,Success,CID662882,Mini,Tumkur Road,Indiranagar,161.0,70.0,Not Applicable,Not Applicable,No,Not Applicable,887,Cash,14,3.5,4.8
2024-07-26 08:16:00,CNR2347406652,Success,CID937084,Prime Sedan,Langford Town,KR Puram,49.0,70.0,Not Applicable,Not Applicable,No,Not Applicable,2380,Cash,40,3.5,4.3
2024-07-01 21:17:00,CNR2502184425,Success,CID379002,Mini,Jayanagar,Mysore Road,182.0,145.0,Not Applicable,Not Applicable,No,Not Applicable,2178,UPI,31,4.7,4.0
2024-07-05 13:10:00,CNR5988779827,Success,CID452111,Mini,Malleshwaram,Jayanagar,189.0,50.0,Not Applicable,Not Applicable,No,Not Applicable,249,Credit Card,24,3.5,3.2
2024-07-26 01:09:00,CNR5281350490,Driver Not Found,CID243499,Mini,Banashankari,Hosur Road,,,Not Applicable,Not Applicable,Not Applicable,Not Applicable,2903,Not Applicable,0,,
2024-07-20 14:56:00,CNR1500300724,Driver Not Found,CID479023,Bike,Shantinagar,Kammanahalli,,,Not Applicable,Not Applicable,Not Applicable,Not Applicable,188,Not Applicable,0,,
2024-07-13 00:41:00,CNR6659150669,Success,CID251670,Bike,Shivajinagar,Indiranagar,168.0,105.0,Not Applicable,Not Applicable,No,Not Applicable,826,Cash,6,4.4,3.4
2024-07-05 21:03:00,CNR8069273656,Success,CID940807,Prime Sedan,Sarjapur Road,Kadugodi,133.0,30.0,Not Applicable,Not Applicable,No,Not Applicable,260,UPI,38,3.4,4.5
2024-07-27 00:42:00,CNR8067118139,Canceled by Customer,CID621097,Prime SUV,Hosur Road,Kadugodi,,,Change of plans,Not Applicable,Not Applicable,Not Applicable,335,Not Applicable,0,,
2024-07-22 02:01:00,CNR2152261692,Success,CID556349,Prime Plus,Mysore Road,Sarjapur Road,133.0,95.0,Not Applicable,Not Applicable,No,Not Applicable,409,Cash,45,3.8,4.1
2024-07-02 14:46:00,CNR8991561500,Success,CID135562,Bike,Jayanagar,Chickpet,301.0,110.0,Not Applicable,Not Applicable,Yes,Vehicle Breakdown,121,Cash,33,3.5,3.1
2024-07-14 02:58:00,CNR6352106007,Success,CID994094,Auto,Langford Town,Basavanagudi,224.0,130.0,Not Applicable,Not Applicable,No,Not Applicable,460,Cash,6,4.7,3.6
2024-07-28 22:53:00,CNR2355931452,Success,CID703779,Prime Plus,Rajajinagar,Hosur Road,49.0,105.0,Not Applicable,Not Applicable,No,Not Applicable,821,UPI,35,3.4,3.7
2024-07-21 09:17:00,CNR1985352834,Driver Not Found,CID168316,Prime SUV,Kadugodi,Richmond Town,,,Not Applicable,Not Applicable,Not Applicable,Not Applicable,456,Not Applicable,0,,
2024-07-03 06:07:00,CNR9235032251,Canceled by Driver,CID397530,Prime SUV,Vijayanagar,Majestic,,,Not Applicable,Personal & Car related issue,Not Applicable,Not Applicable,336,Not Applicable,0,,
2024-07-29 17:58:00,CNR6807750734,Canceled by Driver,CID867867,Prime SUV,Nagarbhavi,Kengeri,,,Not Applicable,More than permitted people in there,Not Applicable,Not Applicable,154,Not Applicable,0,,
2024-07-15 05:54:00,CNR5294537595,Success,CID696740,Prime Sedan,Cox Town,JP Nagar,231.0,145.0,Not Applicable,Not Applicable,No,Not Applicable,1628,Cash,17,3.3,3.2
2024-07-07 02:53:00,CNR5754626140,Success,CID304828,Prime Plus,Hulimavu,BTM Layout,49.0,65.0,Not Applicable,Not Applicable,No,Not Applicable,121,UPI,17,3.5,4.5
2024-07-16 03:43:00,CNR8720501917,Canceled by Customer,CID949860,Auto,Sarjapur Road,Koramangala,,,Change of plans,Not Applicable,Not Applicable,Not Applicable,367,Not Applicable,0,,
2024-07-22 13:38:00,CNR2606942052,Success,CID123402,Bike,Hosur Road,Chickpet,203.0,80.0,Not Applicable,Not Applicable,No,Not Applicable,304,UPI,22,3.6,3.9
2024-07-04 08:01:00,CNR2953141808,Success,CID648256,eBike,Varthur,Ulsoor,70.0,75.0,Not Applicable,Not Applicable,No,Not Applicable,423,Cash,49,3.5,4.7
2024-07-26 04:30:00,CNR6184366479,Success,CID478446,Mini,Hosur Road,Sahakar Nagar,119.0,40.0,Not Applicable,Not Applicable,No,Not Applicable,772,UPI,34,4.1,3.1
2024-07-22 19:51:00,CNR7984647978,Success,CID150216,Prime Plus,Yelahanka,Hulimavu,42.0,140.0,Not Applicable,Not Applicable,No,Not Applicable,1350,UPI,16,4.6,4.0
2024-07-21 21:19:00,CNR1346090269,Success,CID553257,Prime Sedan,Ulsoor,Malleshwaram,168.0,130.0,Not Applicable,Not Applicable,No,Not Applicable,486,UPI,31,3.7,4.7
2024-07-17 20:28:00,CNR2726788295,Success,CID634296,eBike,Yeshwanthpur,KR Puram,245.0,105.0,Not Applicable,Not Applicable,No,Not Applicable,174,Cash,32,4.6,3.6
2024-07-23 19:10:00,CNR1180125046,Success,CID944334,Prime Plus,Majestic,Ulsoor,203.0,50.0,Not Applicable,Not Applicable,No,Not Applicable,389,UPI,7,3.8,3.4
2024-07-09 18:28:00,CNR8205762927,Canceled by Driver,CID813910,Prime Sedan,Koramangala,Devanahalli,,,Not Applicable,More than permitted people in there,Not Applicable,Not Applicable,825,Not Applicable,0,,
2024-07-10 19:43:00,CNR9111034734,Canceled by Customer,CID925441,Prime Sedan,Yeshwanthpur,Basavanagudi,,,Driver is not moving towards pickup location,Not Applicable,Not Applicable,Not Applicable,345,Not Applicable,0,,
2024-07-03 02:00:00,CNR7533532806,Canceled by Driver,CID332564,Prime SUV,HSR Layout,BTM Layout,,,Not Applicable,More than permitted people in there,Not Applicable,Not Applicable,1083,Not Applicable,0,,
2024-07-23 10:45:00,CNR4460780098,Success,CID312849,Mini,Sarjapur Road,BTM Layout,182.0,80.0,Not Applicable,Not Applicable,No,Not Applicable,1104,Cash,28,3.6,3.9
2024-07-15 21:50:00,CNR2622805944,Canceled by Driver,CID744424,Prime SUV,Banashankari,Yeshwanthpur,,,Not Applicable,Personal & Car related issue,Not Applicable,Not Applicable,704,Not Applicable,0,,
2024-07-06 23:32:00,CNR4535500546,Driver Not Found,CID301330,Mini,Tumkur Road,Padmanabhanagar,,,Not Applicable,Not Applicable,Not Applicable,Not Applicable,277,Not Applicable,0,,
2024-07-20 17:54:00,CNR7869199675,Canceled by Driver,CID765133,Prime Plus,BTM Layout,Chickpet,,,Not Applicable,Customer was coughing/sick,Not Applicable,Not Applicable,2251,Not Applicable,0,,
2024-07-28 08:26:00,CNR8252682519,Success,CID269614,Mini,Bellandur,Hebbal,266.0,145.0,Not Applicable,Not Applicable,No,Not Applicable,119,UPI,8,4.4,4.7
2024-07-19 17:21:00,CNR5939453875,Canceled by Driver,CID104707,Prime Plus,Shivajinagar,Majestic,,,Not Applicable,More than permitted people in there,Not Applicable,Not Applicable,142,Not Applicable,0,,
2024-07-18 08:43:00,CNR9936145084,Success,CID940731,Prime SUV,Richmond Town,JP Nagar,84.0,100.0,Not Applicable,Not Applicable,No,Not Applicable,822,UPI,38,3.9,4.8
2024-07-24 12:28:00,CNR1425912459,Canceled by Driver,CID390739,eBike,Electronic City,Nagarbhavi,,,Not Applicable,Customer related issue,Not Applicable,Not Applicable,425,Not Applicable,0,,
2024-07-25 06:47:00,CNR2004101222,Success,CID702055,Prime Sedan,Magadi Road,Magadi Road,105.0,115.0,Not Applicable,Not Applicable,No,Not Applicable,844,UPI,11,4.5,3.6
2024-07-30 15:22:00,CNR2495684175,Canceled by Driver,CID442288,Prime Sedan,Whitefield,RT Nagar,,,Not Applicable,Customer related issue,Not Applicable,Not Applicable,2828,Not Applicable,0,,
2024-07-28 00:08:00,CNR7593573685,Success,CID469340,eBike,Indiranagar,Ramamurthy Nagar,119.0,140.0,Not Applicable,Not Applicable,No,Not Applicable,251,Cash,29,4.5,5.0
2024-07-07 09:13:00,CNR3391587074,Success,CID665569,Prime Sedan,Devanahalli,Richmond Town,259.0,130.0,Not Applicable,Not Applicable,No,Not Applicable,846,Cash,17,3.9,3.7
2024-07-19 19:59:00,CNR5424194452,Success,CID545134,Prime SUV,Shantinagar,Basavanagudi,63.0,75.0,Not Applicable,Not Applicable,No,Not Applicable,745,UPI,11,3.2,3.1
2024-07-14 09:25:00,CNR1188232171,Canceled by Customer,CID973969,Prime SUV,Banashankari,Yelahanka,,,Wrong Address,Not Applicable,Not Applicable,Not Applicable,2032,Not Applicable,0,,
2024-07-10 01:25:00,CNR8764804658,Success,CID891580,Mini,Mysore Road,Sarjapur Road,84.0,35.0,Not Applicable,Not Applicable,No,Not Applicable,452,Cash,32,3.0,3.1
2024-07-06 13:30:00,CNR1107175189,Success,CID649413,Prime SUV,Kadugodi,Koramangala,294.0,100.0,Not Applicable,Not Applicable,No,Not Applicable,990,UPI,39,3.8,4.3
2024-07-12 04:37:00,CNR5556320450,Canceled by Driver,CID219120,Prime Plus,Nagarbhavi,Tumkur Road,,,Not Applicable,Customer was coughing/sick,Not Applicable,Not Applicable,293,Not Applicable,0,,
2024-07-12 23:18:00,CNR4857469826,Success,CID274012,Prime Sedan,Nagarbhavi,Jayanagar,161.0,130.0,Not Applicable,Not Applicable,No,Not Applicable,198,Cash,20,4.7,4.4
2024-07-16 06:39:00,CNR7757215361,Success,CID443769,Auto,Sahakar Nagar,KR Puram,112.0,125.0,Not Applicable,Not Applicable,No,Not Applicable,469,Cash,15,4.5,3.8
2024-07-04 20:26:00,CNR1643311536,Canceled by Customer,CID732052,Prime SUV,MG Road,Nagarbhavi,,,Driver asked to cancel,Not Applicable,Not Applicable,Not Applicable,111,Not Applicable,0,,
2024-07-01 18:26:00,CNR3278623298,Success,CID318916,Prime Plus,Vijayanagar,Hennur,287.0,140.0,Not Applicable,Not Applicable,No,Not Applicable,378,Cash,1,5.0,4.2
2024-07-04 09:07:00,CNR7704048489,Success,CID965861,Auto,Devanahalli,Peenya,259.0,65.0,Not Applicable,Not Applicable,No,Not Applicable,279,UPI,6,4.9,4.5
2024-07-21 07:17:00,CNR9403188670,Canceled by Driver,CID488440,Prime Sedan,Magadi Road,Vijayanagar,,,Not Applicable,More than permitted people in there,Not Applicable,Not Applicable,734,Not Applicable,0,,
2024-07-13 00:00:00,CNR5411510714,Driver Not Found,CID151401,Prime Sedan,Marathahalli,HSR Layout,,,Not Applicable,Not Applicable,Not Applicable,Not Applicable,441,Not Applicable,0,,
2024-07-09 23:22:00,CNR8885868374,Success,CID885564,Bike,Banashankari,KR Puram,189.0,95.0,Not Applicable,Not Applicable,No,Not Applicable,283,UPI,3,4.8,4.1
2024-07-22 11:13:00,CNR7024601907,Success,CID590577,eBike,Electronic City,Cox Town,140.0,95.0,Not Applicable,Not Applicable,Yes,Other Issue,196,Cash,21,4.1,3.9
2024-07-14 16:36:00,CNR6945342616,Canceled by Driver,CID422139,eBike,BTM Layout,Hulimavu,,,Not Applicable,More than permitted people in there,Not Applicable,Not Applicable,175,Not Applicable,0,,
2024-07-13 20:08:00,CNR9150266114,Canceled by Driver,CID453014,eBike,Peenya,Hosur Road,,,Not Applicable,Customer was coughing/sick,Not Applicable,Not Applicable,974,Not Applicable,0,,
2024-07-29 22:55:00,CNR3695193068,Success,CID299171,Mini,Rajarajeshwari Nagar,Whitefield,168.0,40.0,Not Applicable,Not Applicable,No,Not Applicable,848,Cash,46,3.7,3.9
2024-07-12 09:47:00,CNR5938107463,Driver Not Found,CID237402,Prime Sedan,Shivajinagar,Padmanabhanagar,,,Not Applicable,Not Applicable,Not Applicable,Not Applicable,478,Not Applicable,0,,
2024-07-24 03:29:00,CNR7917350092,Success,CID414657,Auto,Richmond Town,Vijayanagar,35.0,40.0,Not Applicable,Not Applicable,Yes,Vehicle Breakdown,241,Cash,8,4.7,3.3
2024-07-16 04:20:00,CNR3962997865,Canceled by Driver,CID722739,Prime Sedan,JP Nagar,Basavanagudi,,,Not Applicable,Personal & Car related issue,Not Applicable,Not Applicable,1456,Not Applicable,0,,
2024-07-21 15:39:00,CNR9676699220,Success,CID818612,Mini,Hennur,Padmanabhanagar,175.0,55.0,Not Applicable,Not Applicable,No,Not Applicable,401,UPI,8,4.9,4.9
2024-07-06 10:50:00,CNR9536811033,Success,CID710672,Prime Sedan,Chamarajpet,Sahakar Nagar,280.0,25.0,Not Applicable,Not Applicable,No,Not Applicable,809,Cash,19,4.6,4.7
2024-07-05 19:42:00,CNR2097789773,Success,CID674771,Auto,Sarjapur Road,Kadugodi,287.0,140.0,Not Applicable,Not Applicable,No,Not Applicable,150,UPI,11,3.1,3.6
2024-07-12 05:02:00,CNR5730581628,Success,CID356889,Prime Plus,Sahakar Nagar,Kammanahalli,203.0,75.0,Not Applicable,Not Applicable,No,Not Applicable,939,Cash,19,3.7,4.6
2024-07-24 15:28:00,CNR7129624657,Canceled by Driver,CID695077,Mini,Shantinagar,Padmanabhanagar,,,Not Applicable,Personal & Car related issue,Not Applicable,Not Applicable,451,Not Applicable,0,,
2024-07-21 19:09:00,CNR6419044840,Driver Not Found,CID787221,Prime Plus,Chamarajpet,Majestic,,,Not Applicable,Not Applicable,Not Applicable,Not Applicable,294,Not Applicable,0,,
2024-07-19 13:49:00,CNR1991930136,Success,CID994925,Bike,HSR Layout,Yeshwanthpur,147.0,140.0,Not Applicable,Not Applicable,No,Not Applicable,362,UPI,8,3.6,4.7
2024-07-28 05:52:00,CNR8573360624,Canceled by Customer,CID929203,eBike,HSR Layout,Mysore Road,,,Driver is not moving towards pickup location,Not Applicable,Not Applicable,Not Applicable,475,Not Applicable,0,,
2024-07-06 18:42:00,CNR4373558782,Success,CID573005,Bike,Malleshwaram,Banashankari,182.0,75.0,Not Applicable,Not Applicable,No,Not Applicable,210,Cash,23,4.4,4.7
2024-07-30 15:42:00,CNR6882944600,Success,CID136905,Prime Sedan,Rajarajeshwari Nagar,Varthur,308.0,85.0,Not Applicable,Not Applicable,No,Not Applicable,320,Cash,27,4.2,3.4
2024-07-23 18:36:00,CNR2264945051,Success,CID194863,eBike,Varthur,RT Nagar,35.0,85.0,Not Applicable,Not Applicable,No,Not Applicable,742,Cash,15,4.0,4.9
2024-07-09 05:04:00,CNR8323066806,Driver Not Found,CID645763,Prime SUV,Bellandur,Yelahanka,,,Not Applicable,Not Applicable,Not Applicable,Not Applicable,182,Not Applicable,0,,
2024-07-19 04:23:00,CNR4489772825,Success,CID649997,Auto,Mysore Road,Jayanagar,210.0,135.0,Not Applicable,Not Applicable,No,Not Applicable,484,Cash,19,4.1,4.9
2024-07-15 11:52:00,CNR8891943418,Canceled by Driver,CID467138,Bike,Marathahalli,Mysore Road,,,Not Applicable,Personal & Car related issue,Not Applicable,Not Applicable,443,Not Applicable,0,,
2024-07-22 19:55:00,CNR1528016313,Canceled by Customer,CID881842,eBike,Langford Town,Malleshwaram,,,Driver is not moving towards pickup location,Not Applicable,Not Applicable,Not Applicable,273,Not Applicable,0,,
2024-07-24 08:55:00,CNR3166707312,Success,CID195805,Prime SUV,Marathahalli,JP Nagar,259.0,105.0,Not Applicable,Not Applicable,No,Not Applicable,933,Cash,16,3.6,4.0
2024-07-14 19:50:00,CNR2962664351,Canceled by Driver,CID811828,Mini,Hennur,Varthur,,,Not Applicable,Customer was coughing/sick,Not Applicable,Not Applicable,356,Not Applicable,0,,
2024-07-14 04:08:00,CNR1513418094,Success,CID180320,eBike,Sarjapur Road,Magadi Road,210.0,105.0,Not Applicable,Not Applicable,No,Not Applicable,496,Cash,36,4.5,3.1
2024-07-04 03:38:00,CNR6191929728,Canceled by Driver,CID621616,Auto,Devanahalli,Chickpet,,,Not Applicable,Customer related issue,Not Applicable,Not Applicable,486,Not Applicable,0,,
2024-07-14 18:35:00,CNR1596027707,Success,CID138517,Auto,Mysore Road,Padmanabhanagar,133.0,35.0,Not Applicable,Not Applicable,No,Not Applicable,2818,UPI,10,3.7,3.5
2024-07-08 08:16:00,CNR1562751427,Canceled by Driver,CID802241,Auto,Kadugodi,Devanahalli,,,Not Applicable,Personal & Car related issue,Not Applicable,Not Applicable,330,Not Applicable,0,,
2024-07-09 22:50:00,CNR2579795076,Success,CID175310,Auto,Yelahanka,Hennur,84.0,60.0,Not Applicable,Not Applicable,No,Not Applicable,337,Cash,17,3.7,4.4
2024-07-07 17:43:00,CNR9778650969,Success,CID663748,Auto,Rajajinagar,Sahakar Nagar,287.0,140.0,Not Applicable,Not Applicable,No,Not Applicable,2160,UPI,14,3.2,3.9
2024-07-12 09:49:00,CNR7379027644,Success,CID463928,Mini,RT Nagar,Kengeri,294.0,45.0,Not Applicable,Not Applicable,No,Not Applicable,275,UPI,36,3.2,4.8
2024-07-28 21:46:00,CNR1513040347,Driver Not Found,CID703351,Prime Plus,Basavanagudi,Kengeri,,,Not Applicable,Not Applicable,Not Applicable,Not Applicable,351,Not Applicable,0,,
2024-07-14 12:53:00,CNR5047006427,Success,CID814445,Prime Plus,Majestic,Hosur Road,287.0,95.0,Not Applicable,Not Applicable,No,Not Applicable,258,UPI,18,3.7,3.5
2024-07-26 08:20:00,CNR7317682136,Success,CID314188,Bike,Langford Town,Kammanahalli,112.0,140.0,Not Applicable,Not Applicable,No,Not Applicable,255,UPI,22,3.8,3.8
2024-07-15 18:51:00,CNR5304795559,Driver Not Found,CID925784,Auto,Langford Town,Yelahanka,,,Not Applicable,Not Applicable,Not Applicable,Not Applicable,176,Not Applicable,0,,
2024-07-30 04:09:00,CNR8194400096,Success,CID613177,Prime Plus,Indiranagar,Hosur Road,175.0,115.0,Not Applicable,Not Applicable,No,Not Applicable,808,Credit Card,34,3.7,4.0
2024-07-24 00:38:00,CNR8386686853,Success,CID298213,Bike,Hosur Road,Shivajinagar,217.0,40.0,Not Applicable,Not Applicable,No,Not Applicable,1030,UPI,16,3.2,4.8
2024-07-19 21:08:00,CNR1331751484,Canceled by Driver,CID341732,Prime Plus,Sahakar Nagar,Langford Town,,,Not Applicable,Customer was coughing/sick,Not Applicable,Not Applicable,132,Not Applicable,0,,
2024-07-18 03:07:00,CNR6661413703,Success,CID230973,Prime Plus,Chickpet,HSR Layout,294.0,140.0,Not Applicable,Not Applicable,No,Not Applicable,116,UPI,47,3.8,3.8
2024-07-22 12:32:00,CNR1784063277,Success,CID346424,Prime Sedan,Yeshwanthpur,Electronic City,154.0,135.0,Not Applicable,Not Applicable,No,Not Applicable,277,Cash,46,3.4,5.0
2024-07-30 22:35:00,CNR8186903953,Success,CID999130,Prime SUV,Devanahalli,Indiranagar,126.0,85.0,Not Applicable,Not Applicable,No,Not Applicable,131,Cash,49,3.4,3.6
2024-07-14 15:52:00,CNR6346373461,Success,CID649884,Auto,Magadi Road,Chamarajpet,126.0,75.0,Not Applicable,Not Applicable,No,Not Applicable,890,Cash,15,3.2,3.3
2024-07-10 15:54:00,CNR3029778637,Success,CID353132,Prime SUV,KR Puram,MG Road,168.0,100.0,Not Applicable,Not Applicable,No,Not Applicable,478,Cash,24,3.2,3.1
2024-07-29 07:57:00,CNR1162226773,Success,CID486897,Mini,Hosur Road,Kadugodi,245.0,35.0,Not Applicable,Not Applicable,No,Not Applicable,391,UPI,19,3.5,3.6
2024-07-26 17:39:00,CNR4501903062,Driver Not Found,CID118516,Prime SUV,Majestic,Indiranagar,,,Not Applicable,Not Applicable,Not Applicable,Not Applicable,341,Not Applicable,0,,
2024-07-03 06:07:00,CNR2829767288,Canceled by Driver,CID241321,Auto,Yeshwanthpur,Cox Town,,,Not Applicable,Personal & Car related issue,Not Applicable,Not Applicable,368,Not Applicable,0,,
2024-07-24 17:42:00,CNR8090884834,Success,CID939817,Prime SUV,Hulimavu,Cox Town,294.0,25.0,Not Applicable,Not Applicable,No,Not Applicable,432,Cash,25,4.8,4.9
2024-07-01 06:00:00,CNR5034424776,Canceled by Customer,CID168006,Prime Plus,Malleshwaram,Peenya,,,Driver is not moving towards pickup location,Not Applicable,Not Applicable,Not Applicable,165,Not Applicable,0,,
2024-07-26 16:14:00,CNR6492862064,Canceled by Driver,CID855398,Mini,Banashankari,Shivajinagar,,,Not Applicable,Customer related issue,Not Applicable,Not Applicable,433,Not Applicable,0,,
2024-07-27 21:46:00,CNR6028853721,Success,CID592018,eBike,Bannerghatta Road,Shivajinagar,238.0,90.0,Not Applicable,Not Applicable,No,Not Applicable,632,Cash,40,4.2,3.4
2024-07-16 02:34:00,CNR1210005590,Canceled by Driver,CID878948,Auto,Jayanagar,Hebbal,,,Not Applicable,More than permitted people in there,Not Applicable,Not Applicable,478,Not Applicable,0,,
2024-07-13 06:40:00,CNR8309472392,Success,CID393213,Prime Sedan,Shivajinagar,Whitefield,56.0,90.0,Not Applicable,Not Applicable,No,Not Applicable,492,Cash,17,3.6,3.7
2024-07-28 13:38:00,CNR3941501938,Success,CID693156,Prime Plus,Shantinagar,Hennur,210.0,115.0,Not Applicable,Not Applicable,No,Not Applicable,995,Cash,24,4.4,3.7
2024-07-28 15:26:00,CNR5619057191,Canceled by Driver,CID697188,Bike,Bellandur,Ramamurthy Nagar,,,Not Applicable,Personal & Car related issue,Not Applicable,Not Applicable,822,Not Applicable,0,,
2024-07-11 23:34:00,CNR6365781236,Canceled by Driver,CID403212,eBike,Bellandur,Magadi Road,,,Not Applicable,More than permitted people in there,Not Applicable,Not Applicable,260,Not Applicable,0,,
2024-07-09 22:30:00,CNR8661088409,Canceled by Driver,CID578389,Prime Plus,Sarjapur Road,Koramangala,,,Not Applicable,Personal & Car related issue,Not Applicable,Not Applicable,251,Not Applicable,0,,
2024-07-17 23:20:00,CNR2965771099,Driver Not Found,CID460250,eBike,Hulimavu,Banashankari,,,Not Applicable,Not Applicable,Not Applicable,Not Applicable,111,Not Applicable,0,,
2024-07-28 05:10:00,CNR2012729009,Success,CID841963,eBike,Shivajinagar,Langford Town,35.0,80.0,Not Applicable,Not Applicable,No,Not Applicable,327,UPI,28,4.7,4.1
2024-07-24 22:48:00,CNR1231245743,Success,CID595020,Prime Sedan,Mysore Road,Jayanagar,77.0,90.0,Not Applicable,Not Applicable,No,Not Applicable,853,Cash,17,4.9,4.4
2024-07-17 00:21:00,CNR3633631439,Success,CID700795,Prime Sedan,Electronic City,Shivajinagar,245.0,85.0,Not Applicable,Not Applicable,No,Not Applicable,436,Credit Card,29,3.6,4.2
2024-07-12 04:59:00,CNR8486723159,Success,CID622582,Prime Plus,KR Puram,Basavanagudi,210.0,75.0,Not Applicable,Not Applicable,No,Not Applicable,271,Cash,39,3.4,3.5
2024-07-14 13:13:00,CNR2798462183,Canceled by Customer,CID697249,Prime Sedan,Cox Town,Majestic,,,Driver is not moving towards pickup location,Not Applicable,Not Applicable,Not Applicable,369,Not Applicable,0,,
2024-07-18 22:02:00,CNR8690890682,Success,CID950702,Mini,Mysore Road,Vijayanagar,161.0,130.0,Not Applicable,Not Applicable,Yes,Customer Demand,340,UPI,14,4.3,3.3
2024-07-06 15:45:00,CNR1003777770,Success,CID970225,eBike,Whitefield,Bannerghatta Road,189.0,50.0,Not Applicable,Not Applicable,No,Not Applicable,461,Cash,49,3.5,3.8
2024-07-06 23:36:00,CNR8311173393,Success,CID365863,Prime SUV,Sarjapur Road,Padmanabhanagar,70.0,90.0,Not Applicable,Not Applicable,No,Not Applicable,743,Cash,26,3.2,4.1
2024-07-08 02:31:00,CNR8799077082,Driver Not Found,CID118002,eBike,Chamarajpet,Malleshwaram,,,Not Applicable,Not Applicable,Not Applicable,Not Applicable,825,Not Applicable,0,,
2024-07-21 06:15:00,CNR5161465641,Success,CID687596,Prime SUV,Peenya,Mysore Road,161.0,55.0,Not Applicable,Not Applicable,Yes,Customer Demand,249,UPI,11,4.1,4.3
2024-07-13 20:22:00,CNR2614260195,Success,CID887022,Prime Plus,Richmond Town,Basavanagudi,63.0,140.0,Not Applicable,Not Applicable,No,Not Applicable,866,Cash,6,3.0,4.0
2024-07-22 22:51:00,CNR6083675979,Success,CID479419,Auto,Peenya,Electronic City,112.0,140.0,Not Applicable,Not Applicable,No,Not Applicable,501,Cash,5,4.6,3.6
2024-07-01 17:05:00,CNR7116381120,Success,CID859093,Prime SUV,Ramamurthy Nagar,Hennur,84.0,60.0,Not Applicable,Not Applicable,No,Not Applicable,425,Debit Card,7,4.7,4.8
2024-07-24 17:53:00,CNR2064134568,Success,CID248099,Prime SUV,Rajarajeshwari Nagar,Rajajinagar,245.0,30.0,Not Applicable,Not Applicable,No,Not Applicable,496,Cash,48,4.5,3.1
2024-07-14 16:25:00,CNR6470057177,Success,CID304745,Bike,Hebbal,Majestic,210.0,105.0,Not Applicable,Not Applicable,No,Not Applicable,386,UPI,4,3.0,4.1
2024-07-16 17:05:00,CNR3600209997,Success,CID496363,Prime SUV,Jayanagar,Marathahalli,210.0,105.0,Not Applicable,Not Applicable,No,Not Applicable,184,UPI,44,4.6,3.2
2024-07-26 03:10:00,CNR3839899161,Success,CID922008,Auto,Richmond Town,Rajajinagar,161.0,115.0,Not Applicable,Not Applicable,No,Not Applicable,474,UPI,17,4.6,3.1
2024-07-14 06:09:00,CNR5266559295,Success,CID269658,Auto,Ulsoor,Mysore Road,189.0,45.0,Not Applicable,Not Applicable,No,Not Applicable,463,UPI,19,4.9,3.8
2024-07-11 23:47:00,CNR8023243377,Success,CID364277,Auto,Tumkur Road,Koramangala,91.0,105.0,Not Applicable,Not Applicable,No,Not Applicable,1064,UPI,4,3.7,3.9
2024-07-22 17:02:00,CNR7456278993,Success,CID580085,Auto,Kengeri,Hebbal,140.0,115.0,Not Applicable,Not Applicable,No,Not Applicable,935,UPI,1,3.1,3.0
2024-07-23 07:38:00,CNR7341705635,Success,CID205859,Prime SUV,Hulimavu,Rajarajeshwari Nagar,308.0,105.0,Not Applicable,Not Applicable,No,Not Applicable,303,Cash,40,3.8,3.8
2024-07-15 15:38:00,CNR9787037191,Success,CID287662,Bike,Vijayanagar,BTM Layout,154.0,115.0,Not Applicable,Not Applicable,No,Not Applicable,190,Cash,19,4.3,4.4
2024-07-17 00:11:00,CNR8730452124,Success,CID365387,Mini,Magadi Road,Shantinagar,294.0,110.0,Not Applicable,Not Applicable,No,Not Applicable,792,Cash,25,3.6,3.3
2024-07-04 14:06:00,CNR7673963612,Success,CID359796,Bike,Mysore Road,Chickpet,119.0,70.0,Not Applicable,Not Applicable,No,Not Applicable,257,Cash,3,4.9,4.6
2024-07-18 23:27:00,CNR8685563063,Success,CID872305,Bike,Chamarajpet,Jayanagar,182.0,140.0,Not Applicable,Not Applicable,No,Not Applicable,403,UPI,39,3.7,4.6
2024-07-27 12:37:00,CNR6181032483,Canceled by Customer,CID202838,Auto,Hennur,Tumkur Road,,,Driver is not moving towards pickup location,Not Applicable,Not Applicable,Not Applicable,193,Not Applicable,0,,
2024-07-18 22:44:00,CNR1037301352,Driver Not Found,CID161193,eBike,Koramangala,Vijayanagar,,,Not Applicable,Not Applicable,Not Applicable,Not Applicable,484,Not Applicable,0,,
2024-07-29 17:53:00,CNR3922634233,Canceled by Driver,CID819315,Prime SUV,Sarjapur Road,Peenya,,,Not Applicable,Personal & Car related issue,Not Applicable,Not Applicable,433,Not Applicable,0,,
2024-07-21 16:36:00,CNR4337227337,Canceled by Driver,CID877100,Mini,Vijayanagar,Whitefield,,,Not Applicable,Customer related issue,Not Applicable,Not Applicable,118,Not Applicable,0,,
2024-07-28 14:24:00,CNR9565381759,Canceled by Driver,CID415683,Mini,Majestic,Shantinagar,,,Not Applicable,Personal & Car related issue,Not Applicable,Not Applicable,147,Not Applicable,0,,
2024-07-17 11:27:00,CNR1247265063,Success,CID960570,Auto,Electronic City,Padmanabhanagar,217.0,120.0,Not Applicable,Not Applicable,No,Not Applicable,493,Cash,12,4.5,3.6
2024-07-30 07:27:00,CNR1529573141,Canceled by Customer,CID384872,Prime Sedan,Shivajinagar,Chamarajpet,,,Change of plans,Not Applicable,Not Applicable,Not Applicable,647,Not Applicable,0,,
2024-07-29 20:30:00,CNR3601774511,Success,CID493903,eBike,Bellandur,Basavanagudi,140.0,110.0,Not Applicable,Not Applicable,No,Not Applicable,580,Cash,30,3.8,4.4
2024-07-05 21:50:00,CNR2759284880,Driver Not Found,CID115065,Prime Sedan,Frazer Town,Shantinagar,,,Not Applicable,Not Applicable,Not Applicable,Not Applicable,654,Not Applicable,0,,
2024-07-13 23:39:00,CNR1849144598,Success,CID573929,Mini,Jayanagar,Devanahalli,175.0,125.0,Not Applicable,Not Applicable,No,Not Applicable,272,UPI,30,3.4,3.9
2024-07-18 11:26:00,CNR4405219054,Success,CID732547,eBike,HSR Layout,MG Road,217.0,115.0,Not Applicable,Not Applicable,Yes,Other Issue,742,Credit Card,23,4.6,3.2
2024-07-26 12:30:00,CNR5589930388,Success,CID582311,Prime Sedan,Langford Town,MG Road,287.0,100.0,Not Applicable,Not Applicable,No,Not Applicable,260,Cash,6,3.2,4.6
2024-07-13 05:35:00,CNR1217110183,Canceled by Customer,CID342994,Prime Plus,Ramamurthy Nagar,Ramamurthy Nagar,,,Change of plans,Not Applicable,Not Applicable,Not Applicable,426,Not Applicable,0,,
2024-07-19 19:02:00,CNR2647564748,Driver Not Found,CID370411,Prime Sedan,Kammanahalli,HSR Layout,,,Not Applicable,Not Applicable,Not Applicable,Not Applicable,174,Not Applicable,0,,
2024-07-16 01:08:00,CNR2285670138,Success,CID858572,Auto,Hulimavu,JP Nagar,84.0,145.0,Not Applicable,Not Applicable,No,Not Applicable,965,UPI,5,3.7,4.3
2024-07-02 09:23:00,CNR2006828447,Canceled by Driver,CID687646,Mini,Cox Town,Basavanagudi,,,Not Applicable,Customer was coughing/sick,Not Applicable,Not Applicable,235,Not Applicable,0,,
2024-07-10 05:48:00,CNR7132681918,Driver Not Found,CID881401,eBike,Magadi Road,Magadi Road,,,Not Applicable,Not Applicable,Not Applicable,Not Applicable,1128,Not Applicable,0,,
2024-07-18 11:02:00,CNR2827279475,Canceled by Driver,CID174177,eBike,Kadugodi,Hebbal,,,Not Applicable,Customer related issue,Not Applicable,Not Applicable,2501,Not Applicable,0,,
2024-07-11 21:09:00,CNR9347906445,Canceled by Driver,CID473906,eBike,Rajajinagar,KR Puram,,,Not Applicable,Customer was coughing/sick,Not Applicable,Not Applicable,428,Not Applicable,0,,
2024-07-27 10:28:00,CNR8268382851,Driver Not Found,CID337503,Mini,Kadugodi,JP Nagar,,,Not Applicable,Not Applicable,Not Applicable,Not Applicable,390,Not Applicable,0,,
2024-07-11 20:44:00,CNR6248555529,Success,CID372090,eBike,Bellandur,Banashankari,308.0,30.0,Not Applicable,Not Applicable,No,Not Applicable,893,Cash,42,3.5,4.7
2024-07-20 11:57:00,CNR8279666062,Success,CID994337,Prime Sedan,Kadugodi,Sarjapur Road,161.0,140.0,Not Applicable,Not Applicable,No,Not Applicable,416,Credit Card,9,4.0,4.1
2024-07-25 20:07:00,CNR1329782746,Canceled by Driver,CID800672,Bike,Nagarbhavi,Chickpet,,,Not Applicable,More than permitted people in there,Not Applicable,Not Applicable,459,Not Applicable,0,,
2024-07-17 11:01:00,CNR2644139408,Success,CID703313,Prime Plus,Marathahalli,Marathahalli,301.0,135.0,Not Applicable,Not Applicable,No,Not Applicable,2637,Cash,14,3.4,3.5
2024-07-26 16:29:00,CNR4558772346,Canceled by Customer,CID978427,Prime Sedan,Tumkur Road,Banashankari,,,Driver is not moving towards pickup location,Not Applicable,Not Applicable,Not Applicable,410,Not Applicable,0,,
2024-07-16 07:41:00,CNR9896362399,Success,CID533765,Mini,Kengeri,Vijayanagar,63.0,30.0,Not Applicable,Not Applicable,No,Not Applicable,1247,UPI,16,4.4,3.5
2024-07-02 03:04:00,CNR4164718568,Success,CID600130,Prime Plus,Hebbal,Magadi Road,294.0,70.0,Not Applicable,Not Applicable,No,Not Applicable,711,UPI,42,3.7,4.3
2024-07-30 06:26:00,CNR1858623440,Success,CID575440,Prime Plus,Bellandur,Vijayanagar,161.0,110.0,Not Applicable,Not Applicable,No,Not Applicable,287,Cash,38,3.2,3.5
2024-07-13 17:58:00,CNR3215855830,Success,CID426378,Bike,Mysore Road,Chickpet,77.0,140.0,Not Applicable,Not Applicable,No,Not Applicable,116,Credit Card,37,4.8,3.7
2024-07-30 00:59:00,CNR6608728063,Success,CID441586,Auto,Malleshwaram,Ramamurthy Nagar,259.0,100.0,Not Applicable,Not Applicable,No,Not Applicable,280,UPI,16,3.6,4.4
2024-07-27 15:01:00,CNR6398842349,Success,CID884216,Prime Plus,Jayanagar,Chamarajpet,91.0,135.0,Not Applicable,Not Applicable,No,Not Applicable,583,Cash,2,3.5,3.4
2024-07-18 19:32:00,CNR9740919127,Success,CID500299,Prime Sedan,Langford Town,Hulimavu,112.0,25.0,Not Applicable,Not Applicable,No,Not Applicable,104,Cash,9,4.0,3.4
2024-07-22 17:13:00,CNR5603235957,Success,CID360881,Mini,Jayanagar,Yeshwanthpur,154.0,135.0,Not Applicable,Not Applicable,No,Not Applicable,453,Cash,35,4.4,4.8
2024-07-25 14:16:00,CNR1013921697,Success,CID118370,Prime Plus,Sarjapur Road,Frazer Town,133.0,75.0,Not Applicable,Not Applicable,Yes,Vehicle Breakdown,858,UPI,42,4.3,4.5
2024-07-12 15:51:00,CNR7870491335,Success,CID570238,Prime SUV,Langford Town,Bellandur,105.0,35.0,Not Applicable,Not Applicable,No,Not Applicable,152,UPI,42,3.3,3.3
2024-07-23 20:49:00,CNR1754581805,Success,CID995831,Bike,Bellandur,Nagarbhavi,287.0,110.0,Not Applicable,Not Applicable,No,Not Applicable,599,Cash,39,3.9,3.6
2024-07-24 22:25:00,CNR1389175420,Canceled by Driver,CID547517,eBike,Peenya,RT Nagar,,,Not Applicable,Personal & Car related issue,Not Applicable,Not Applicable,407,Not Applicable,0,,
2024-07-06 00:54:00,CNR5500896099,Canceled by Driver,CID907639,Prime SUV,Yelahanka,Mysore Road,,,Not Applicable,More than permitted people in there,Not Applicable,Not Applicable,489,Not Applicable,0,,
2024-07-02 09:11:00,CNR9618155339,Canceled by Driver,CID524720,eBike,KR Puram,Varthur,,,Not Applicable,Personal & Car related issue,Not Applicable,Not Applicable,213,Not Applicable,0,,
2024-07-27 05:13:00,CNR4098611923,Canceled by Customer,CID221794,Mini,RT Nagar,Jayanagar,,,AC is Not working,Not Applicable,Not Applicable,Not Applicable,1475,Not Applicable,0,,
2024-07-12 17:53:00,CNR5381046667,Driver Not Found,CID657289,Auto,Langford Town,Malleshwaram,,,Not Applicable,Not Applicable,Not Applicable,Not Applicable,390,Not Applicable,0,,
2024-07-30 20:02:00,CNR1973427774,Success,CID213289,Bike,Malleshwaram,MG Road,210.0,50.0,Not Applicable,Not Applicable,No,Not Applicable,473,Cash,4,4.0,3.2
2024-07-10 23:44:00,CNR7536572330,Canceled by Driver,CID750179,Auto,Richmond Town,Basavanagudi,,,Not Applicable,Personal & Car related issue,Not Applicable,Not Applicable,2106,Not Applicable,0,,
2024-07-12 10:31:00,CNR4872241274,Success,CID370851,Bike,Richmond Town,Koramangala,308.0,110.0,Not Applicable,Not Applicable,No,Not Applicable,318,Cash,45,3.4,4.7
2024-07-20 15:20:00,CNR3872056851,Success,CID299174,Prime Sedan,Magadi Road,Koramangala,147.0,80.0,Not Applicable,Not Applicable,No,Not Applicable,181,UPI,24,3.5,3.9
2024-07-21 15:00:00,CNR4540296860,Success,CID160747,eBike,Bannerghatta Road,Frazer Town,189.0,65.0,Not Applicable,Not Applicable,Yes,Vehicle Breakdown,206,UPI,48,4.4,4.7
2024-07-26 21:25:00,CNR9609545003,Success,CID954963,Prime SUV,Bellandur,Banashankari,140.0,90.0,Not Applicable,Not Applicable,No,Not Applicable,346,UPI,18,5.0,4.6
2024-07-29 14:52:00,CNR6238900097,Success,CID192208,Prime Sedan,Yeshwanthpur,Koramangala,49.0,130.0,Not Applicable,Not Applicable,No,Not Applicable,195,Cash,21,4.4,3.7
2024-07-26 01:12:00,CNR9101969701,Success,CID737762,Auto,Langford Town,Varthur,252.0,135.0,Not Applicable,Not Applicable,No,Not Applicable,484,Cash,5,3.4,3.9
2024-07-10 10:06:00,CNR1197293655,Canceled by Customer,CID938325,Mini,Hulimavu,Jayanagar,,,Wrong Address,Not Applicable,Not Applicable,Not Applicable,446,Not Applicable,0,,
2024-07-02 00:34:00,CNR9828997833,Canceled by Driver,CID737995,Prime Plus,Hulimavu,Nagarbhavi,,,Not Applicable,Customer related issue,Not Applicable,Not Applicable,249,Not Applicable,0,,
2024-07-28 11:52:00,CNR8542891822,Canceled by Driver,CID259511,Mini,Marathahalli,Koramangala,,,Not Applicable,Customer related issue,Not Applicable,Not Applicable,439,Not Applicable,0,,
2024-07-10 06:13:00,CNR7385260360,Success,CID796601,Prime Sedan,Indiranagar,Basavanagudi,154.0,35.0,Not Applicable,Not Applicable,No,Not Applicable,118,Cash,13,4.6,3.3
2024-07-19 06:25:00,CNR1345744265,Success,CID220969,Prime SUV,Marathahalli,Kadugodi,112.0,110.0,Not Applicable,Not Applicable,No,Not Applicable,313,UPI,27,4.8,3.3
2024-07-18 21:31:00,CNR3434593658,Canceled by Driver,CID282710,Prime Plus,Rajajinagar,Sarjapur Road,,,Not Applicable,Personal & Car related issue,Not Applicable,Not Applicable,846,Not Applicable,0,,
2024-07-03 14:22:00,CNR8782768286,Success,CID950258,Prime SUV,Bannerghatta Road,Shivajinagar,105.0,45.0,Not Applicable,Not Applicable,No,Not Applicable,522,Cash,47,3.9,3.6
2024-07-30 07:48:00,CNR2853148794,Success,CID772367,Prime Sedan,Kammanahalli,Rajarajeshwari Nagar,56.0,40.0,Not Applicable,Not Applicable,No,Not Applicable,407,Cash,24,4.6,5.0
2024-07-29 13:28:00,CNR7829238132,Canceled by Customer,CID639441,eBike,Nagarbhavi,Majestic,,,Wrong Address,Not Applicable,Not Applicable,Not Applicable,289,Not Applicable,0,,
2024-07-22 12:38:00,CNR2837623496,Success,CID179834,Auto,Yeshwanthpur,Bannerghatta Road,161.0,140.0,Not Applicable,Not Applicable,Yes,Customer Demand,175,Cash,13,3.1,4.9
2024-07-24 00:42:00,CNR8291923291,Success,CID217714,Mini,Chickpet,MG Road,231.0,105.0,Not Applicable,Not Applicable,No,Not Applicable,864,Credit Card,27,4.5,3.2
2024-07-24 05:40:00,CNR6453686016,Driver Not Found,CID797993,Prime Sedan,HSR Layout,Chamarajpet,,,Not Applicable,Not Applicable,Not Applicable,Not Applicable,126,Not Applicable,0,,
2024-07-06 06:54:00,CNR5556846869,Canceled by Driver,CID981697,Prime SUV,Hosur Road,Malleshwaram,,,Not Applicable,Personal & Car related issue,Not Applicable,Not Applicable,755,Not Applicable,0,,
2024-07-01 20:57:00,CNR4204625388,Driver Not Found,CID959735,eBike,Langford Town,JP Nagar,,,Not Applicable,Not Applicable,Not Applicable,Not Applicable,468,Not Applicable,0,,
2024-07-14 11:06:00,CNR8195562390,Success,CID300269,Prime Sedan,Sahakar Nagar,RT Nagar,168.0,135.0,Not Applicable,Not Applicable,No,Not Applicable,303,Cash,10,3.5,4.2
2024-07-18 01:45:00,CNR3628099227,Success,CID251581,Mini,MG Road,Banashankari,217.0,70.0,Not Applicable,Not Applicable,No,Not Applicable,521,Cash,20,4.5,3.7
2024-07-03 20:11:00,CNR7629931540,Driver Not Found,CID211789,Prime Sedan,Chickpet,Whitefield,,,Not Applicable,Not Applicable,Not Applicable,Not Applicable,443,Not Applicable,0,,
2024-07-25 14:27:00,CNR8300515121,Success,CID613553,Prime Sedan,Mysore Road,Langford Town,119.0,100.0,Not Applicable,Not Applicable,No,Not Applicable,832,Cash,6,4.0,4.4
2024-07-23 07:47:00,CNR9719015164,Driver Not Found,CID498367,Auto,Whitefield,Hosur Road,,,Not Applicable,Not Applicable,Not Applicable,Not Applicable,181,Not Applicable,0,,
2024-07-21 08:40:00,CNR1564045484,Success,CID105643,Prime Sedan,Basavanagudi,Cox Town,175.0,65.0,Not Applicable,Not Applicable,No,Not Applicable,2908,UPI,4,4.1,3.3
2024-07-20 16:37:00,CNR9028761556,Success,CID617988,Mini,RT Nagar,Sahakar Nagar,119.0,40.0,Not Applicable,Not Applicable,Yes,Customer Demand,444,Credit Card,19,4.3,3.1
2024-07-23 19:41:00,CNR5159392941,Canceled by Driver,CID307190,Bike,HSR Layout,Hosur Road,,,Not Applicable,Personal & Car related issue,Not Applicable,Not Applicable,291,Not Applicable,0,,
2024-07-13 23:10:00,CNR2243476512,Success,CID129218,Prime Sedan,Rajajinagar,Devanahalli,126.0,65.0,Not Applicable,Not Applicable,No,Not Applicable,240,UPI,33,3.1,4.9
2024-07-02 08:54:00,CNR4471142744,Success,CID357758,Auto,Marathahalli,Magadi Road,294.0,85.0,Not Applicable,Not Applicable,No,Not Applicable,690,Cash,19,4.6,4.5
2024-07-16 04:25:00,CNR2485211227,Success,CID237060,Prime Plus,Majestic,RT Nagar,35.0,115.0,Not Applicable,Not Applicable,No,Not Applicable,227,Cash,45,4.4,5.0
2024-07-18 04:08:00,CNR8502284770,Success,CID838620,Prime Plus,Shantinagar,BTM Layout,301.0,125.0,Not Applicable,Not Applicable,No,Not Applicable,311,Cash,7,3.3,4.5
2024-07-29 15:35:00,CNR7651070070,Success,CID262066,Auto,KR Puram,Marathahalli,84.0,40.0,Not Applicable,Not Applicable,No,Not Applicable,814,UPI,9,4.3,4.9
2024-07-23 18:14:00,CNR4282918200,Success,CID574756,eBike,Kammanahalli,Magadi Road,182.0,105.0,Not Applicable,Not Applicable,No,Not Applicable,257,Debit Card,2,3.3,4.9
2024-07-03 05:57:00,CNR9480467254,Success,CID788316,Auto,Whitefield,Koramangala,273.0,105.0,Not Applicable,Not Applicable,No,Not Applicable,106,UPI,5,4.1,4.8
2024-07-08 21:34:00,CNR1690736505,Success,CID394778,eBike,Koramangala,Nagarbhavi,140.0,30.0,Not Applicable,Not Applicable,No,Not Applicable,373,UPI,30,4.2,4.0
2024-07-28 05:38:00,CNR4214118620,Success,CID713748,Bike,Shantinagar,MG Road,70.0,120.0,Not Applicable,Not Applicable,No,Not Applicable,376,Cash,15,5.0,3.5
2024-07-30 01:09:00,CNR1492569837,Driver Not Found,CID918321,Bike,Electronic City,Banashankari,,,Not Applicable,Not Applicable,Not Applicable,Not Applicable,273,Not Applicable,0,,
2024-07-20 05:05:00,CNR2545342871,Driver Not Found,CID159991,Auto,Kengeri,Kengeri,,,Not Applicable,Not Applicable,Not Applicable,Not Applicable,1981,Not Applicable,0,,
2024-07-23 15:15:00,CNR1778433768,Canceled by Driver,CID342283,Prime SUV,Bellandur,Chickpet,,,Not Applicable,More than permitted people in there,Not Applicable,Not Applicable,112,Not Applicable,0,,
2024-07-12 01:38:00,CNR4398390978,Success,CID489909,Bike,Kadugodi,Shantinagar,56.0,60.0,Not Applicable,Not Applicable,No,Not Applicable,278,Cash,33,3.3,4.9
2024-07-19 00:30:00,CNR6568593629,Success,CID349557,Prime SUV,Hennur,Ramamurthy Nagar,210.0,80.0,Not Applicable,Not Applicable,No,Not Applicable,301,Cash,45,3.3,3.6
2024-07-24 05:43:00,CNR8482129813,Success,CID798661,Bike,RT Nagar,Sarjapur Road,203.0,130.0,Not Applicable,Not Applicable,No,Not Applicable,746,UPI,45,3.1,3.2
2024-07-02 11:57:00,CNR1390595971,Success,CID876786,Prime SUV,Cox Town,KR Puram,168.0,25.0,Not Applicable,Not Applicable,No,Not Applicable,119,UPI,35,3.0,4.1
2024-07-30 14:56:00,CNR4898210304,Canceled by Driver,CID847106,Prime Plus,HSR Layout,BTM Layout,,,Not Applicable,Customer related issue,Not Applicable,Not Applicable,367,Not Applicable,0,,
2024-07-23 19:54:00,CNR5333870395,Success,CID625034,Prime Sedan,Chamarajpet,Shivajinagar,105.0,40.0,Not Applicable,Not Applicable,No,Not Applicable,411,UPI,26,4.1,4.5
2024-07-25 22:30:00,CNR4597641189,Success,CID841076,Mini,Koramangala,Cox Town,63.0,70.0,Not Applicable,Not Applicable,No,Not Applicable,380,Cash,27,3.8,3.2
2024-07-12 15:54:00,CNR7545924536,Success,CID142787,Mini,Yeshwanthpur,Shantinagar,196.0,125.0,Not Applicable,Not Applicable,Yes,Customer Demand,176,Cash,49,4.6,4.1
2024-07-01 21:49:00,CNR3855839807,Canceled by Driver,CID686656,Prime Plus,Magadi Road,Ulsoor,,,Not Applicable,More than permitted people in there,Not Applicable,Not Applicable,393,Not Applicable,0,,
2024-07-08 03:48:00,CNR8094996947,Driver Not Found,CID103889,Mini,BTM Layout,Bellandur,,,Not Applicable,Not Applicable,Not Applicable,Not Applicable,326,Not Applicable,0,,
2024-07-12 23:58:00,CNR3520004009,Canceled by Driver,CID535546,Prime Plus,Magadi Road,BTM Layout,,,Not Applicable,Personal & Car related issue,Not Applicable,Not Applicable,466,Not Applicable,0,,
2024-07-24 13:40:00,CNR9749258049,Driver Not Found,CID647640,Auto,Chamarajpet,Chamarajpet,,,Not Applicable,Not Applicable,Not Applicable,Not Applicable,247,Not Applicable,0,,
2024-07-30 09:23:00,CNR6227793192,Success,CID502999,Prime Sedan,KR Puram,BTM Layout,224.0,90.0,Not Applicable,Not Applicable,No,Not Applicable,258,Cash,42,3.1,3.8
2024-07-30 20:09:00,CNR9226675902,Canceled by Driver,CID237678,Prime Plus,Ramamurthy Nagar,Rajarajeshwari Nagar,,,Not Applicable,Personal & Car related issue,Not Applicable,Not Applicable,301,Not Applicable,0,,
2024-07-23 00:17:00,CNR1134133628,Canceled by Customer,CID665893,Prime SUV,Frazer Town,Bellandur,,,AC is Not working,Not Applicable,Not Applicable,Not Applicable,165,Not Applicable,0,,
2024-07-08 05:21:00,CNR6644223152,Success,CID962979,Prime Plus,Kengeri,Kadugodi,294.0,65.0,Not Applicable,Not Applicable,No,Not Applicable,329,UPI,4,4.2,3.4
2024-07-29 18:07:00,CNR3315142406,Success,CID927852,Prime Plus,Marathahalli,Hulimavu,238.0,115.0,Not Applicable,Not Applicable,No,Not Applicable,515,UPI,15,4.3,3.6
2024-07-21 00:43:00,CNR6509444547,Success,CID642790,Auto,Hulimavu,Magadi Road,49.0,25.0,Not Applicable,Not Applicable,No,Not Applicable,196,UPI,10,3.0,4.8
2024-07-30 09:06:00,CNR2346608195,Success,CID719216,eBike,Banashankari,Jayanagar,301.0,55.0,Not Applicable,Not Applicable,Yes,Vehicle Breakdown,119,Cash,43,3.9,4.5
2024-07-06 13:11:00,CNR4091572915,Success,CID273183,Prime Plus,Shivajinagar,Ramamurthy Nagar,56.0,50.0,Not Applicable,Not Applicable,No,Not Applicable,300,UPI,21,3.9,4.9
2024-07-20 23:52:00,CNR9251983257,Success,CID220418,eBike,Rajarajeshwari Nagar,Yeshwanthpur,210.0,75.0,Not Applicable,Not Applicable,No,Not Applicable,112,Cash,16,3.9,4.2
2024-07-05 22:39:00,CNR8279450064,Canceled by Driver,CID509451,Mini,Magadi Road,Kengeri,,,Not Applicable,Personal & Car related issue,Not Applicable,Not Applicable,804,Not Applicable,0,,
2024-07-26 22:17:00,CNR1371689607,Success,CID869127,Prime Plus,Yeshwanthpur,RT Nagar,147.0,110.0,Not Applicable,Not Applicable,No,Not Applicable,156,Cash,34,4.1,3.3
2024-07-20 15:06:00,CNR4652512738,Canceled by Customer,CID101062,Prime Plus,JP Nagar,Peenya,,,Driver is not moving towards pickup location,Not Applicable,Not Applicable,Not Applicable,396,Not Applicable,0,,
2024-07-24 20:42:00,CNR8580768196,Success,CID345291,eBike,Shantinagar,Majestic,238.0,135.0,Not Applicable,Not Applicable,No,Not Applicable,940,Cash,27,4.4,5.0
2024-07-06 20:56:00,CNR3133644809,Success,CID145233,eBike,Banashankari,Ramamurthy Nagar,301.0,100.0,Not Applicable,Not Applicable,No,Not Applicable,123,UPI,4,4.2,4.9
2024-07-04 14:39:00,CNR7026212605,Success,CID223831,Prime Sedan,Rajarajeshwari Nagar,Banashankari,210.0,95.0,Not Applicable,Not Applicable,No,Not Applicable,246,UPI,45,5.0,3.3
2024-07-20 20:57:00,CNR6869057228,Driver Not Found,CID293484,Mini,Peenya,Malleshwaram,,,Not Applicable,Not Applicable,Not Applicable,Not Applicable,313,Not Applicable,0,,
2024-07-08 21:44:00,CNR9075918480,Success,CID589162,Mini,Koramangala,Devanahalli,42.0,100.0,Not Applicable,Not Applicable,Yes,Vehicle Breakdown,333,UPI,40,4.1,4.4
2024-07-08 16:01:00,CNR8690964355,Canceled by Driver,CID770978,Mini,Cox Town,Hosur Road,,,Not Applicable,Customer related issue,Not Applicable,Not Applicable,401,Not Applicable,0,,
2024-07-06 01:07:00,CNR8982324835,Success,CID542610,Mini,Bannerghatta Road,Ramamurthy Nagar,84.0,90.0,Not Applicable,Not Applicable,No,Not Applicable,347,UPI,16,4.5,4.3
2024-07-23 17:38:00,CNR3978309251,Driver Not Found,CID623209,Prime Plus,Koramangala,Padmanabhanagar,,,Not Applicable,Not Applicable,Not Applicable,Not Applicable,510,Not Applicable,0,,
2024-07-01 00:14:00,CNR4552296549,Success,CID796021,Bike,MG Road,Varthur,252.0,35.0,Not Applicable,Not Applicable,No,Not Applicable,1724,UPI,24,3.8,4.5
2024-07-20 16:51:00,CNR5612863031,Success,CID219366,Prime Sedan,HSR Layout,JP Nagar,245.0,45.0,Not Applicable,Not Applicable,No,Not Applicable,978,Cash,38,4.4,4.6
2024-07-30 00:21:00,CNR9812833509,Success,CID747406,Auto,Peenya,Banashankari,175.0,100.0,Not Applicable,Not Applicable,No,Not Applicable,118,UPI,17,4.3,4.2
2024-07-03 08:01:00,CNR8181935788,Success,CID991975,Auto,Kadugodi,Hebbal,126.0,85.0,Not Applicable,Not Applicable,No,Not Applicable,208,UPI,10,4.4,4.7
2024-07-28 13:43:00,CNR2212487621,Driver Not Found,CID801868,Prime Plus,Mysore Road,Richmond Town,,,Not Applicable,Not Applicable,Not Applicable,Not Applicable,152,Not Applicable,0,,
2024-07-09 11:45:00,CNR6006553449,Driver Not Found,CID330951,Prime Sedan,Ramamurthy Nagar,Hennur,,,Not Applicable,Not Applicable,Not Applicable,Not Applicable,775,Not Applicable,0,,
2024-07-14 01:54:00,CNR1162048886,Driver Not Found,CID965950,Bike,RT Nagar,Koramangala,,,Not Applicable,Not Applicable,Not Applicable,Not Applicable,394,Not Applicable,0,,
2024-07-13 09:26:00,CNR7046709414,Success,CID507322,Prime SUV,JP Nagar,RT Nagar,287.0,25.0,Not Applicable,Not Applicable,No,Not Applicable,1891,Cash,25,4.2,3.3
2024-07-20 14:35:00,CNR2943217193,Driver Not Found,CID304765,Prime Sedan,Majestic,Majestic,,,Not Applicable,Not Applicable,Not Applicable,Not Applicable,721,Not Applicable,0,,
2024-07-08 03:36:00,CNR2848318829,Success,CID804863,Bike,Yelahanka,Langford Town,273.0,100.0,Not Applicable,Not Applicable,No,Not Applicable,297,UPI,27,4.4,5.0
2024-07-09 16:01:00,CNR2979988568,Canceled by Driver,CID877758,Prime Plus,Frazer Town,Kengeri,,,Not Applicable,Customer was coughing/sick,Not Applicable,Not Applicable,157,Not Applicable,0,,
2024-07-13 01:24:00,CNR8538663157,Success,CID715518,Prime Plus,Bannerghatta Road,HSR Layout,203.0,120.0,Not Applicable,Not Applicable,No,Not Applicable,105,Cash,4,3.2,3.9
2024-07-03 04:42:00,CNR7522280943,Success,CID993662,eBike,Varthur,Varthur,189.0,30.0,Not Applicable,Not Applicable,No,Not Applicable,359,UPI,12,4.2,3.1
2024-07-22 04:26:00,CNR4301865732,Success,CID297920,Mini,Mysore Road,Majestic,217.0,135.0,Not Applicable,Not Applicable,No,Not Applicable,584,Cash,28,4.4,3.4
2024-07-12 20:24:00,CNR2348379243,Success,CID193728,Mini,Magadi Road,Hennur,140.0,45.0,Not Applicable,Not Applicable,No,Not Applicable,369,Cash,45,3.2,3.5
2024-07-12 20:08:00,CNR1978085646,Success,CID246956,eBike,Bannerghatta Road,Vijayanagar,112.0,70.0,Not Applicable,Not Applicable,No,Not Applicable,305,Cash,13,3.4,4.7
2024-07-11 04:59:00,CNR5818343387,Canceled by Customer,CID527432,Mini,Vijayanagar,Shantinagar,,,Change of plans,Not Applicable,Not Applicable,Not Applicable,577,Not Applicable,0,,
2024-07-01 00:04:00,CNR8299032288,Success,CID874321,Bike,Shivajinagar,Ulsoor,105.0,115.0,Not Applicable,Not Applicable,No,Not Applicable,239,Cash,14,5.0,3.5
2024-07-15 02:55:00,CNR5262884552,Success,CID938765,eBike,Magadi Road,Chamarajpet,182.0,25.0,Not Applicable,Not Applicable,No,Not Applicable,373,UPI,28,4.4,3.1
2024-07-29 14:34:00,CNR9241631984,Driver Not Found,CID296628,Bike,Rajarajeshwari Nagar,Whitefield,,,Not Applicable,Not Applicable,Not Applicable,Not Applicable,436,Not Applicable,0,,
2024-07-20 15:24:00,CNR9002630710,Success,CID378238,Auto,Yelahanka,Kammanahalli,140.0,130.0,Not Applicable,Not Applicable,No,Not Applicable,304,UPI,17,3.1,4.0
2024-07-04 19:15:00,CNR9229720957,Success,CID355501,Prime Sedan,Frazer Town,Kammanahalli,196.0,105.0,Not Applicable,Not Applicable,No,Not Applicable,392,Cash,22,4.5,3.3
2024-07-02 19:31:00,CNR8759301662,Canceled by Customer,CID141091,Bike,Bellandur,KR Puram,,,Driver asked to cancel,Not Applicable,Not Applicable,Not Applicable,226,Not Applicable,0,,
2024-07-30 16:58:00,CNR8239364034,Success,CID786716,Mini,Hosur Road,Hennur,203.0,95.0,Not Applicable,Not Applicable,No,Not Applicable,497,Cash,49,4.4,3.5
2024-07-03 09:22:00,CNR1014461156,Success,CID811415,Prime SUV,Shivajinagar,Koramangala,126.0,25.0,Not Applicable,Not Applicable,No,Not Applicable,185,UPI,39,3.4,3.9
2024-07-21 02:28:00,CNR2727390785,Driver Not Found,CID615574,Prime Sedan,BTM Layout,Shantinagar,,,Not Applicable,Not Applicable,Not Applicable,Not Applicable,842,Not Applicable,0,,
2024-07-12 09:11:00,CNR4759558480,Canceled by Driver,CID493020,Auto,Sahakar Nagar,Rajajinagar,,,Not Applicable,Customer was coughing/sick,Not Applicable,Not Applicable,478,Not Applicable,0,,
2024-07-14 07:02:00,CNR4660663318,Canceled by Driver,CID516347,Prime Sedan,Jayanagar,Sahakar Nagar,,,Not Applicable,Personal & Car related issue,Not Applicable,Not Applicable,455,Not Applicable,0,,
2024-07-02 22:52:00,CNR7777771741,Success,CID671179,Auto,Jayanagar,Marathahalli,287.0,55.0,Not Applicable,Not Applicable,No,Not Applicable,460,Credit Card,1,3.6,3.7
2024-07-07 21:22:00,CNR5914421143,Success,CID996012,Prime SUV,HSR Layout,Richmond Town,147.0,120.0,Not Applicable,Not Applicable,No,Not Applicable,804,UPI,5,3.9,4.1
2024-07-01 22:20:00,CNR1873562853,Driver Not Found,CID768130,Prime Sedan,Nagarbhavi,Yeshwanthpur,,,Not Applicable,Not Applicable,Not Applicable,Not Applicable,2321,Not Applicable,0,,
2024-07-25 09:31:00,CNR8670166657,Success,CID863400,Auto,Chamarajpet,Malleshwaram,154.0,85.0,Not Applicable,Not Applicable,No,Not Applicable,2430,Cash,17,3.7,4.4
2024-07-02 03:19:00,CNR4127916105,Success,CID446182,Prime Plus,Whitefield,BTM Layout,210.0,145.0,Not Applicable,Not Applicable,No,Not Applicable,339,Cash,22,3.7,3.8
2024-07-15 05:15:00,CNR5771315870,Driver Not Found,CID129072,Auto,Magadi Road,Indiranagar,,,Not Applicable,Not Applicable,Not Applicable,Not Applicable,172,Not Applicable,0,,
2024-07-14 14:23:00,CNR3146653839,Success,CID796050,Prime Sedan,Vijayanagar,KR Puram,280.0,60.0,Not Applicable,Not Applicable,No,Not Applicable,141,UPI,43,4.7,4.6
2024-07-18 05:56:00,CNR5800561787,Success,CID320633,Prime SUV,Malleshwaram,Hosur Road,308.0,90.0,Not Applicable,Not Applicable,No,Not Applicable,900,Cash,6,3.6,3.2
2024-07-20 10:44:00,CNR2940287910,Success,CID299420,Auto,JP Nagar,Chickpet,266.0,120.0,Not Applicable,Not Applicable,Yes,Customer Demand,264,Cash,8,3.2,3.2
2024-07-06 11:05:00,CNR8723862691,Success,CID728548,Bike,Frazer Town,JP Nagar,63.0,135.0,Not Applicable,Not Applicable,No,Not Applicable,120,Cash,23,4.3,3.1
2024-07-09 19:25:00,CNR8219313801,Success,CID440361,Prime Plus,Padmanabhanagar,Cox Town,231.0,70.0,Not Applicable,Not Applicable,No,Not Applicable,114,UPI,41,3.1,3.5
2024-07-06 02:47:00,CNR1347404074,Success,CID583185,Prime Plus,Hennur,Sahakar Nagar,175.0,55.0,Not Applicable,Not Applicable,No,Not Applicable,333,Cash,21,3.5,3.2
2024-07-26 20:56:00,CNR1322646657,Canceled by Driver,CID390237,Bike,Cox Town,Banashankari,,,Not Applicable,Customer related issue,Not Applicable,Not Applicable,749,Not Applicable,0,,
2024-07-18 11:34:00,CNR7877971071,Canceled by Driver,CID852684,Bike,Koramangala,Yeshwanthpur,,,Not Applicable,Personal & Car related issue,Not Applicable,Not Applicable,226,Not Applicable,0,,
2024-07-22 17:53:00,CNR9776419195,Canceled by Driver,CID988876,Prime SUV,Kammanahalli,Kadugodi,,,Not Applicable,Customer was coughing/sick,Not Applicable,Not Applicable,296,Not Applicable,0,,
2024-07-25 18:01:00,CNR9179561199,Success,CID192430,Bike,Hennur,Hulimavu,70.0,115.0,Not Applicable,Not Applicable,No,Not Applicable,181,Cash,29,4.1,3.2
2024-07-13 17:58:00,CNR4533770784,Driver Not Found,CID248669,Prime Plus,Rajajinagar,Jayanagar,,,Not Applicable,Not Applicable,Not Applicable,Not Applicable,364,Not Applicable,0,,
2024-07-07 14:03:00,CNR1328368260,Success,CID578884,Bike,Whitefield,RT Nagar,70.0,65.0,Not Applicable,Not Applicable,No,Not Applicable,756,Cash,1,3.2,3.3
2024-07-01 02:20:00,CNR4652933902,Driver Not Found,CID832491,eBike,Majestic,Cox Town,,,Not Applicable,Not Applicable,Not Applicable,Not Applicable,152,Not Applicable,0,,
2024-07-29 02:11:00,CNR5631569151,Success,CID565570,Mini,Rajarajeshwari Nagar,Basavanagudi,35.0,25.0,Not Applicable,Not Applicable,No,Not Applicable,1500,Cash,8,4.9,4.5
2024-07-01 18:55:00,CNR7017778619,Driver Not Found,CID361793,Prime Sedan,Koramangala,Kammanahalli,,,Not Applicable,Not Applicable,Not Applicable,Not Applicable,296,Not Applicable,0,,
2024-07-14 14:12:00,CNR9148068277,Success,CID507736,Prime SUV,Tumkur Road,Jayanagar,203.0,140.0,Not Applicable,Not Applicable,No,Not Applicable,106,Cash,27,4.2,3.2
2024-07-14 19:47:00,CNR1090564896,Canceled by Customer,CID364202,Prime SUV,Hosur Road,Vijayanagar,,,Driver asked to cancel,Not Applicable,Not Applicable,Not Applicable,341,Not Applicable,0,,
2024-07-15 21:31:00,CNR6691962228,Success,CID186504,Prime Plus,Malleshwaram,Majestic,245.0,90.0,Not Applicable,Not Applicable,No,Not Applicable,128,Cash,21,3.0,3.9
2024-07-22 09:07:00,CNR3983867481,Success,CID378417,Prime SUV,Hennur,Bellandur,98.0,95.0,Not Applicable,Not Applicable,No,Not Applicable,298,UPI,14,3.2,3.1
2024-07-26 08:08:00,CNR9565321879,Success,CID287088,Prime Sedan,Chamarajpet,Whitefield,112.0,120.0,Not Applicable,Not Applicable,Yes,Customer Demand,982,Cash,15,4.3,4.5
2024-07-01 17:40:00,CNR4086578231,Driver Not Found,CID814739,Prime Sedan,Basavanagudi,Chamarajpet,,,Not Applicable,Not Applicable,Not Applicable,Not Applicable,570,Not Applicable,0,,
2024-07-19 21:25:00,CNR7376823536,Success,CID396133,Mini,Langford Town,Kengeri,154.0,130.0,Not Applicable,Not Applicable,No,Not Applicable,246,Cash,18,4.0,3.3
2024-07-15 10:21:00,CNR4423817036,Success,CID740768,eBike,Ulsoor,Marathahalli,91.0,45.0,Not Applicable,Not Applicable,No,Not Applicable,298,Cash,31,4.7,4.5
2024-07-15 06:52:00,CNR3557850698,Canceled by Driver,CID851774,eBike,Hebbal,Whitefield,,,Not Applicable,Customer related issue,Not Applicable,Not Applicable,204,Not Applicable,0,,
2024-07-11 14:27:00,CNR2433980957,Canceled by Driver,CID183940,Auto,HSR Layout,Malleshwaram,,,Not Applicable,Personal & Car related issue,Not Applicable,Not Applicable,257,Not Applicable,0,,
2024-07-20 01:10:00,CNR5403807648,Success,CID104927,Auto,Hosur Road,KR Puram,70.0,130.0,Not Applicable,Not Applicable,No,Not Applicable,408,Cash,8,4.2,4.8
2024-07-05 12:07:00,CNR4612987091,Success,CID216924,Prime SUV,Rajajinagar,Shantinagar,252.0,130.0,Not Applicable,Not Applicable,No,Not Applicable,604,Cash,2,3.8,3.0
2024-07-25 11:40:00,CNR4429109211,Success,CID552500,Bike,Yelahanka,HSR Layout,63.0,40.0,Not Applicable,Not Applicable,No,Not Applicable,777,Cash,33,4.7,3.5
2024-07-19 16:17:00,CNR1534038999,Success,CID476177,Prime Plus,Marathahalli,Nagarbhavi,133.0,140.0,Not Applicable,Not Applicable,No,Not Applicable,141,Cash,37,3.9,3.4
2024-07-17 19:19:00,CNR6258334356,Driver Not Found,CID559563,Auto,Hosur Road,Ramamurthy Nagar,,,Not Applicable,Not Applicable,Not Applicable,Not Applicable,437,Not Applicable,0,,
2024-07-16 22:20:00,CNR6966278896,Success,CID705518,Prime Plus,Cox Town,Sarjapur Road,42.0,40.0,Not Applicable,Not Applicable,No,Not Applicable,432,UPI,35,3.3,3.7
2024-07-01 17:37:00,CNR8763095971,Success,CID783639,Auto,Ulsoor,Padmanabhanagar,189.0,55.0,Not Applicable,Not Applicable,No,Not Applicable,294,Cash,8,3.9,4.2
2024-07-05 06:08:00,CNR3213432268,Canceled by Customer,CID215802,eBike,Sarjapur Road,Hebbal,,,Wrong Address,Not Applicable,Not Applicable,Not Applicable,855,Not Applicable,0,,
2024-07-11 04:55:00,CNR7213284721,Success,CID104762,Prime SUV,JP Nagar,Tumkur Road,42.0,90.0,Not Applicable,Not Applicable,No,Not Applicable,123,Cash,7,4.1,4.0
2024-07-07 10:52:00,CNR6803641653,Success,CID609691,Auto,Magadi Road,Devanahalli,42.0,105.0,Not Applicable,Not Applicable,No,Not Applicable,340,UPI,9,3.6,4.6
2024-07-04 08:14:00,CNR9056716588,Success,CID639535,Bike,Padmanabhanagar,Magadi Road,98.0,65.0,Not Applicable,Not Applicable,No,Not Applicable,148,Cash,7,4.8,4.4
2024-07-18 01:51:00,CNR2292681602,Canceled by Driver,CID689650,Mini,Bellandur,Hulimavu,,,Not Applicable,Personal & Car related issue,Not Applicable,Not Applicable,665,Not Applicable,0,,
2024-07-10 01:21:00,CNR8140618683,Canceled by Driver,CID103621,Prime Plus,Hulimavu,Sahakar Nagar,,,Not Applicable,Customer related issue,Not Applicable,Not Applicable,268,Not Applicable,0,,
2024-07-28 02:41:00,CNR9567401905,Success,CID224999,Bike,Richmond Town,Chickpet,280.0,115.0,Not Applicable,Not Applicable,No,Not Applicable,281,UPI,43,4.0,3.1
2024-07-09 14:07:00,CNR7327593706,Success,CID407166,Prime Plus,Hebbal,RT Nagar,301.0,90.0,Not Applicable,Not Applicable,No,Not Applicable,372,UPI,18,4.0,3.5
2024-07-19 10:14:00,CNR6708368887,Canceled by Customer,CID522655,Prime Plus,Padmanabhanagar,RT Nagar,,,Change of plans,Not Applicable,Not Applicable,Not Applicable,798,Not Applicable,0,,
2024-07-02 22:44:00,CNR3196148520,Driver Not Found,CID971846,Bike,Majestic,Kadugodi,,,Not Applicable,Not Applicable,Not Applicable,Not Applicable,600,Not Applicable,0,,
2024-07-13 15:21:00,CNR9956776983,Success,CID448437,Mini,Kengeri,Ramamurthy Nagar,252.0,55.0,Not Applicable,Not Applicable,No,Not Applicable,104,Cash,25,3.8,3.9
2024-07-03 21:32:00,CNR9865901184,Driver Not Found,CID276769,Prime Sedan,Banashankari,MG Road,,,Not Applicable,Not Applicable,Not Applicable,Not Applicable,705,Not Applicable,0,,
2024-07-02 09:46:00,CNR4529598962,Success,CID229471,Prime Plus,Koramangala,Mysore Road,147.0,65.0,Not Applicable,Not Applicable,No,Not Applicable,167,UPI,3,3.8,3.6
2024-07-12 22:37:00,CNR9113794142,Success,CID455901,Mini,Ramamurthy Nagar,Jayanagar,287.0,50.0,Not Applicable,Not Applicable,No,Not Applicable,143,Cash,38,4.1,4.6
2024-07-04 18:13:00,CNR7876215436,Canceled by Driver,CID373005,Bike,Hennur,Yeshwanthpur,,,Not Applicable,Customer was coughing/sick,Not Applicable,Not Applicable,616,Not Applicable,0,,
2024-07-25 04:15:00,CNR9540191762,Success,CID838726,Auto,Devanahalli,Electronic City,154.0,130.0,Not Applicable,Not Applicable,Yes,Vehicle Breakdown,473,UPI,1,3.6,4.8
2024-07-29 10:28:00,CNR8334691704,Canceled by Driver,CID922890,eBike,Hulimavu,Hennur,,,Not Applicable,Customer related issue,Not Applicable,Not Applicable,173,Not Applicable,0,,
2024-07-24 14:33:00,CNR6197392616,Driver Not Found,CID504335,Prime SUV,Koramangala,Hennur,,,Not Applicable,Not Applicable,Not Applicable,Not Applicable,324,Not Applicable,0,,
2024-07-29 03:11:00,CNR7775153813,Driver Not Found,CID150140,eBike,Jayanagar,Vijayanagar,,,Not Applicable,Not Applicable,Not Applicable,Not Applicable,2364,Not Applicable,0,,
2024-07-15 05:50:00,CNR6941003826,Success,CID405546,Prime Sedan,Devanahalli,Tumkur Road,224.0,145.0,Not Applicable,Not Applicable,No,Not Applicable,494,Cash,47,3.6,4.0
2024-07-30 09:43:00,CNR7142277854,Canceled by Customer,CID671986,eBike,Bellandur,Peenya,,,Change of plans,Not Applicable,Not Applicable,Not Applicable,664,Not Applicable,0,,
2024-07-18 17:23:00,CNR9681087190,Canceled by Driver,CID256855,Auto,Nagarbhavi,Yeshwanthpur,,,Not Applicable,Personal & Car related issue,Not Applicable,Not Applicable,333,Not Applicable,0,,
2024-07-06 18:43:00,CNR5692413194,Success,CID364935,Mini,Ramamurthy Nagar,Peenya,203.0,45.0,Not Applicable,Not Applicable,No,Not Applicable,155,UPI,31,3.9,3.9
2024-07-19 20:36:00,CNR2102198273,Success,CID311256,Prime Sedan,Ramamurthy Nagar,Shivajinagar,196.0,120.0,Not Applicable,Not Applicable,No,Not Applicable,170,Cash,22,4.6,3.2
2024-07-07 09:51:00,CNR8985532593,Canceled by Driver,CID359102,eBike,Devanahalli,Shivajinagar,,,Not Applicable,Customer was coughing/sick,Not Applicable,Not Applicable,555,Not Applicable,0,,
2024-07-20 22:52:00,CNR4626316539,Success,CID686084,Bike,Kadugodi,Padmanabhanagar,175.0,115.0,Not Applicable,Not Applicable,No,Not Applicable,290,Cash,38,4.3,4.7
2024-07-17 04:22:00,CNR2875196481,Canceled by Customer,CID725943,Auto,Shivajinagar,Chamarajpet,,,Driver is not moving towards pickup location,Not Applicable,Not Applicable,Not Applicable,249,Not Applicable,0,,
2024-07-23 07:00:00,CNR1508798374,Canceled by Driver,CID564636,Mini,Banashankari,Varthur,,,Not Applicable,Personal & Car related issue,Not Applicable,Not Applicable,230,Not Applicable,0,,
2024-07-22 15:49:00,CNR4843468656,Success,CID258468,Prime SUV,Langford Town,MG Road,56.0,45.0,Not Applicable,Not Applicable,No,Not Applicable,158,UPI,13,4.2,4.3
2024-07-30 02:32:00,CNR8441737740,Canceled by Driver,CID928164,eBike,Mysore Road,MG Road,,,Not Applicable,Customer was coughing/sick,Not Applicable,Not Applicable,134,Not Applicable,0,,
2024-07-16 12:17:00,CNR6051074758,Success,CID394392,Prime SUV,Chickpet,Richmond Town,301.0,35.0,Not Applicable,Not Applicable,No,Not Applicable,1738,Cash,16,3.9,4.8
2024-07-17 14:58:00,CNR1588950868,Driver Not Found,CID699993,Mini,Shivajinagar,Hebbal,,,Not Applicable,Not Applicable,Not Applicable,Not Applicable,957,Not Applicable,0,,
2024-07-06 08:08:00,CNR7194987065,Success,CID320917,Prime SUV,Hosur Road,Koramangala,203.0,85.0,Not Applicable,Not Applicable,No,Not Applicable,303,UPI,38,4.6,4.8
2024-07-10 18:23:00,CNR6029901062,Success,CID531526,Prime SUV,Sahakar Nagar,Yeshwanthpur,84.0,35.0,Not Applicable,Not Applicable,No,Not Applicable,834,Cash,38,4.5,3.4
2024-07-14 13:48:00,CNR8164217751,Success,CID588982,Prime Plus,Sarjapur Road,Frazer Town,126.0,40.0,Not Applicable,Not Applicable,No,Not Applicable,395,UPI,12,4.5,3.8
2024-07-09 06:11:00,CNR5637562503,Success,CID371870,Auto,Tumkur Road,Hennur,294.0,70.0,Not Applicable,Not Applicable,Yes,Vehicle Breakdown,2423,UPI,10,3.8,3.1
2024-07-06 20:58:00,CNR8569008896,Canceled by Customer,CID880914,Prime Plus,Koramangala,Mysore Road,,,Wrong Address,Not Applicable,Not Applicable,Not Applicable,484,Not Applicable,0,,
2024-07-05 13:00:00,CNR3853439006,Success,CID795261,Prime Sedan,Majestic,Basavanagudi,252.0,45.0,Not Applicable,Not Applicable,No,Not Applicable,349,UPI,3,3.5,4.6
2024-07-10 04:18:00,CNR8057379525,Success,CID766989,Prime SUV,Banashankari,Frazer Town,70.0,115.0,Not Applicable,Not Applicable,No,Not Applicable,364,UPI,31,3.4,3.5
2024-07-15 10:19:00,CNR7137341551,Success,CID780741,Bike,RT Nagar,Chickpet,189.0,135.0,Not Applicable,Not Applicable,No,Not Applicable,410,Cash,1,4.5,4.8
2024-07-24 00:04:00,CNR9065846113,Canceled by Driver,CID211277,Bike,Whitefield,Ramamurthy Nagar,,,Not Applicable,Personal & Car related issue,Not Applicable,Not Applicable,526,Not Applicable,0,,
2024-07-01 20:59:00,CNR2693695314,Success,CID164604,Prime Sedan,Indiranagar,Kammanahalli,63.0,50.0,Not Applicable,Not Applicable,No,Not Applicable,1840,Cash,30,4.7,4.4
2024-07-13 19:01:00,CNR7665447256,Canceled by Driver,CID696409,Auto,Langford Town,Shivajinagar,,,Not Applicable,Personal & Car related issue,Not Applicable,Not Applicable,1798,Not Applicable,0,,
2024-07-22 18:59:00,CNR8823472674,Success,CID967258,Auto,Chamarajpet,Marathahalli,217.0,85.0,Not Applicable,Not Applicable,No,Not Applicable,138,UPI,13,3.5,3.4
2024-07-06 16:23:00,CNR5420597876,Canceled by Customer,CID310440,eBike,Varthur,Majestic,,,Change of plans,Not Applicable,Not Applicable,Not Applicable,484,Not Applicable,0,,
2024-07-08 08:45:00,CNR6306228904,Success,CID905188,Prime Sedan,Chickpet,Electronic City,63.0,70.0,Not Applicable,Not Applicable,No,Not Applicable,964,UPI,38,3.2,4.9
2024-07-03 07:15:00,CNR6679967713,Success,CID360170,Prime SUV,HSR Layout,Hebbal,168.0,135.0,Not Applicable,Not Applicable,No,Not Applicable,246,Cash,6,3.9,4.9
2024-07-11 07:05:00,CNR5156226028,Success,CID506813,eBike,Yelahanka,KR Puram,42.0,110.0,Not Applicable,Not Applicable,No,Not Applicable,435,Cash,34,4.9,3.2
2024-07-30 03:00:00,CNR6901199354,Driver Not Found,CID955289,Prime SUV,Chickpet,Basavanagudi,,,Not Applicable,Not Applicable,Not Applicable,Not Applicable,379,Not Applicable,0,,
2024-07-10 17:00:00,CNR7982716339,Success,CID436480,Prime Sedan,Peenya,BTM Layout,161.0,110.0,Not Applicable,Not Applicable,No,Not Applicable,269,Cash,1,5.0,3.6
2024-07-23 05:06:00,CNR6186651408,Canceled by Driver,CID511219,Prime Plus,Shivajinagar,Malleshwaram,,,Not Applicable,Customer related issue,Not Applicable,Not Applicable,983,Not Applicable,0,,
2024-07-11 01:26:00,CNR1476276650,Canceled by Driver,CID787622,Prime SUV,Majestic,Indiranagar,,,Not Applicable,Customer was coughing/sick,Not Applicable,Not Applicable,156,Not Applicable,0,,
2024-07-23 22:29:00,CNR5950948744,Success,CID542359,Prime SUV,Kengeri,Rajarajeshwari Nagar,168.0,120.0,Not Applicable,Not Applicable,No,Not Applicable,313,Cash,4,4.8,3.4
2024-07-29 09:56:00,CNR7676792576,Success,CID941609,Prime Sedan,Shivajinagar,Marathahalli,168.0,120.0,Not Applicable,Not Applicable,No,Not Applicable,1337,UPI,35,4.2,3.7
2024-07-26 07:40:00,CNR7309178529,Canceled by Driver,CID868329,Prime Plus,Shivajinagar,Ramamurthy Nagar,,,Not Applicable,Personal & Car related issue,Not Applicable,Not Applicable,478,Not Applicable,0,,
2024-07-16 19:04:00,CNR6476972615,Success,CID188626,Bike,Majestic,Rajarajeshwari Nagar,259.0,50.0,Not Applicable,Not Applicable,No,Not Applicable,396,UPI,7,3.8,4.0
2024-07-29 15:04:00,CNR7997776658,Canceled by Customer,CID693563,eBike,Nagarbhavi,Marathahalli,,,Wrong Address,Not Applicable,Not Applicable,Not Applicable,310,Not Applicable,0,,
2024-07-09 10:59:00,CNR4542145549,Canceled by Driver,CID999974,Prime Plus,Chickpet,Banashankari,,,Not Applicable,Personal & Car related issue,Not Applicable,Not Applicable,412,Not Applicable,0,,
2024-07-01 12:52:00,CNR1070878977,Success,CID916099,eBike,Whitefield,Nagarbhavi,196.0,105.0,Not Applicable,Not Applicable,Yes,Customer Demand,2088,UPI,34,5.0,4.5
2024-07-30 19:52:00,CNR2598553153,Canceled by Driver,CID742900,Prime Sedan,Langford Town,Electronic City,,,Not Applicable,More than permitted people in there,Not Applicable,Not Applicable,313,Not Applicable,0,,
2024-07-04 22:21:00,CNR4116622891,Success,CID493512,Bike,Marathahalli,Banashankari,91.0,25.0,Not Applicable,Not Applicable,No,Not Applicable,688,Cash,24,3.1,4.3
2024-07-02 07:42:00,CNR5706301333,Success,CID916551,Mini,KR Puram,BTM Layout,70.0,115.0,Not Applicable,Not Applicable,Yes,Vehicle Breakdown,339,UPI,13,3.4,3.1
2024-07-30 10:19:00,CNR3058207048,Canceled by Driver,CID722777,eBike,Tumkur Road,Chickpet,,,Not Applicable,Customer related issue,Not Applicable,Not Applicable,165,Not Applicable,0,,
2024-07-21 13:26:00,CNR8393078062,Canceled by Driver,CID548281,Bike,Bellandur,Ramamurthy Nagar,,,Not Applicable,Customer was coughing/sick,Not Applicable,Not Applicable,765,Not Applicable,0,,
2024-07-29 05:25:00,CNR6352124745,Success,CID220335,Prime Sedan,Richmond Town,Ulsoor,287.0,145.0,Not Applicable,Not Applicable,No,Not Applicable,102,UPI,47,3.6,3.2
2024-07-14 07:28:00,CNR9218623443,Success,CID581743,Prime Plus,Basavanagudi,Hosur Road,231.0,75.0,Not Applicable,Not Applicable,No,Not Applicable,215,UPI,32,3.1,4.2
2024-07-12 20:46:00,CNR8250298333,Success,CID534324,Auto,Rajarajeshwari Nagar,Yelahanka,252.0,50.0,Not Applicable,Not Applicable,No,Not Applicable,446,Cash,15,3.7,4.0
2024-07-22 21:10:00,CNR3830868807,Canceled by Driver,CID984089,Prime Sedan,Indiranagar,Kadugodi,,,Not Applicable,Customer related issue,Not Applicable,Not Applicable,863,Not Applicable,0,,
2024-07-06 09:47:00,CNR7730910647,Success,CID593547,Auto,Hosur Road,Banashankari,161.0,95.0,Not Applicable,Not Applicable,No,Not Applicable,1237,Cash,16,4.1,3.5
2024-07-28 09:24:00,CNR3971186774,Success,CID761525,Auto,Yelahanka,Yelahanka,210.0,135.0,Not Applicable,Not Applicable,No,Not Applicable,212,Cash,13,4.0,4.0
2024-07-21 07:43:00,CNR5934091139,Driver Not Found,CID733705,Mini,Ulsoor,Hebbal,,,Not Applicable,Not Applicable,Not Applicable,Not Applicable,174,Not Applicable,0,,
2024-07-26 22:52:00,CNR2370281943,Canceled by Customer,CID612685,Prime SUV,HSR Layout,Langford Town,,,Driver asked to cancel,Not Applicable,Not Applicable,Not Applicable,543,Not Applicable,0,,
2024-07-15 01:26:00,CNR9008977222,Canceled by Customer,CID692996,Prime Sedan,Koramangala,Koramangala,,,Driver is not moving towards pickup location,Not Applicable,Not Applicable,Not Applicable,394,Not Applicable,0,,
2024-07-29 11:05:00,CNR2767520259,Success,CID198865,Mini,Whitefield,Whitefield,70.0,145.0,Not Applicable,Not Applicable,No,Not Applicable,165,UPI,44,3.5,3.6
2024-07-21 12:21:00,CNR9676562571,Success,CID980072,Bike,Sarjapur Road,JP Nagar,224.0,90.0,Not Applicable,Not Applicable,No,Not Applicable,423,Cash,40,4.6,4.7
2024-07-25 08:02:00,CNR4988892510,Success,CID235861,Prime SUV,RT Nagar,Marathahalli,126.0,30.0,Not Applicable,Not Applicable,No,Not Applicable,2324,UPI,47,4.0,4.4
2024-07-22 22:06:00,CNR7873827896,Success,CID846776,Auto,Cox Town,Whitefield,161.0,55.0,Not Applicable,Not Applicable,No,Not Applicable,140,Cash,7,3.5,4.1
2024-07-30 19:55:00,CNR7171530847,Success,CID850662,eBike,Majestic,Devanahalli,119.0,70.0,Not Applicable,Not Applicable,No,Not Applicable,888,UPI,44,4.5,3.1
2024-07-04 05:43:00,CNR2929100347,Success,CID823017,Prime Sedan,Hennur,Kammanahalli,98.0,80.0,Not Applicable,Not Applicable,No,Not Applicable,396,Cash,32,4.5,4.7
2024-07-25 05:28:00,CNR5084254756,Success,CID792011,Prime Plus,Richmond Town,Padmanabhanagar,294.0,125.0,Not Applicable,Not Applicable,No,Not Applicable,185,UPI,49,3.3,4.8
2024-07-09 16:32:00,CNR5164476616,Success,CID779293,Prime Sedan,Yeshwanthpur,Chickpet,245.0,60.0,Not Applicable,Not Applicable,No,Not Applicable,343,UPI,34,3.5,3.9
2024-07-17 00:58:00,CNR2484270492,Success,CID663952,Prime SUV,Frazer Town,Yelahanka,203.0,105.0,Not Applicable,Not Applicable,No,Not Applicable,625,Cash,27,3.3,4.5
2024-07-24 05:19:00,CNR9298750015,Success,CID762942,eBike,Basavanagudi,Sahakar Nagar,105.0,115.0,Not Applicable,Not Applicable,No,Not Applicable,129,UPI,34,3.0,3.3
2024-07-01 11:04:00,CNR6874821900,Success,CID717470,Bike,JP Nagar,Hennur,154.0,50.0,Not Applicable,Not Applicable,No,Not Applicable,340,Cash,7,4.2,3.5
2024-07-04 23:59:00,CNR9858333746,Success,CID640152,Prime SUV,Basavanagudi,Yelahanka,154.0,65.0,Not Applicable,Not Applicable,No,Not Applicable,1827,Cash,7,3.1,4.5
2024-07-04 19:26:00,CNR2826346720,Success,CID593364,Prime Sedan,Rajajinagar,Malleshwaram,105.0,90.0,Not Applicable,Not Applicable,No,Not Applicable,929,Cash,40,4.7,3.3
2024-07-13 22:05:00,CNR5950016597,Driver Not Found,CID475300,Prime Sedan,Whitefield,Shantinagar,,,Not Applicable,Not Applicable,Not Applicable,Not Applicable,413,Not Applicable,0,,
2024-07-23 03:06:00,CNR2227889434,Success,CID959848,Prime Sedan,Padmanabhanagar,Vijayanagar,105.0,75.0,Not Applicable,Not Applicable,No,Not Applicable,219,Cash,21,3.6,4.9
2024-07-27 20:55:00,CNR8679481226,Success,CID678898,Bike,Kammanahalli,Sahakar Nagar,280.0,100.0,Not Applicable,Not Applicable,No,Not Applicable,384,UPI,6,3.7,3.2
2024-07-10 21:15:00,CNR9346020185,Success,CID835045,Auto,Devanahalli,Devanahalli,154.0,80.0,Not Applicable,Not Applicable,Yes,Vehicle Breakdown,394,Cash,15,3.6,3.5
2024-07-23 23:05:00,CNR2707374158,Driver Not Found,CID989601,Prime SUV,Kammanahalli,Indiranagar,,,Not Applicable,Not Applicable,Not Applicable,Not Applicable,199,Not Applicable,0,,
2024-07-21 01:41:00,CNR9367555902,Canceled by Customer,CID327658,eBike,Ramamurthy Nagar,Chamarajpet,,,AC is Not working,Not Applicable,Not Applicable,Not Applicable,493,Not Applicable,0,,
2024-07-05 21:54:00,CNR5825610949,Success,CID966916,Auto,Nagarbhavi,Sahakar Nagar,35.0,115.0,Not Applicable,Not Applicable,No,Not Applicable,258,UPI,8,4.3,3.9
2024-07-29 13:13:00,CNR9432104241,Success,CID609532,Mini,Sahakar Nagar,BTM Layout,210.0,30.0,Not Applicable,Not Applicable,No,Not Applicable,221,Cash,44,3.6,3.2
2024-07-27 00:51:00,CNR8661613656,Success,CID664440,Auto,Langford Town,Mysore Road,84.0,25.0,Not Applicable,Not Applicable,No,Not Applicable,240,UPI,15,4.4,4.3
2024-07-26 10:15:00,CNR3803805778,Success,CID509181,Bike,Frazer Town,Frazer Town,196.0,130.0,Not Applicable,Not Applicable,No,Not Applicable,926,Cash,17,3.7,4.4
2024-07-18 08:34:00,CNR8715793310,Success,CID394478,eBike,Kengeri,Whitefield,287.0,40.0,Not Applicable,Not Applicable,No,Not Applicable,1711,Cash,23,4.4,4.8
2024-07-24 04:34:00,CNR1101556367,Success,CID349073,Prime Sedan,Rajajinagar,Banashankari,105.0,65.0,Not Applicable,Not Applicable,No,Not Applicable,100,Credit Card,39,4.2,3.0
2024-07-12 21:11:00,CNR5549377074,Success,CID978558,Mini,Shivajinagar,Frazer Town,217.0,55.0,Not Applicable,Not Applicable,No,Not Applicable,1374,UPI,45,3.1,4.0
2024-07-20 15:04:00,CNR3188979537,Success,CID854909,Prime Sedan,Shantinagar,Hosur Road,301.0,145.0,Not Applicable,Not Applicable,No,Not Applicable,305,UPI,21,4.5,3.9
2024-07-29 11:47:00,CNR4798662314,Success,CID645770,Prime SUV,Kengeri,Richmond Town,140.0,120.0,Not Applicable,Not Applicable,No,Not Applicable,969,UPI,14,4.8,4.3
2024-07-26 00:21:00,CNR2103730406,Success,CID558149,Mini,Nagarbhavi,BTM Layout,112.0,85.0,Not Applicable,Not Applicable,No,Not Applicable,100,UPI,49,4.5,3.7
2024-07-06 01:53:00,CNR9936310876,Canceled by Customer,CID617531,Mini,Bellandur,Shantinagar,,,AC is Not working,Not Applicable,Not Applicable,Not Applicable,351,Not Applicable,0,,
2024-07-02 20:02:00,CNR2862962548,Canceled by Customer,CID598917,Prime Sedan,Devanahalli,JP Nagar,,,Change of plans,Not Applicable,Not Applicable,Not Applicable,196,Not Applicable,0,,
2024-07-07 01:46:00,CNR8411825666,Canceled by Driver,CID236606,Mini,Nagarbhavi,Varthur,,,Not Applicable,More than permitted people in there,Not Applicable,Not Applicable,367,Not Applicable,0,,
2024-07-20 15:26:00,CNR8091089004,Success,CID398656,Prime Plus,Electronic City,Chickpet,56.0,95.0,Not Applicable,Not Applicable,No,Not Applicable,2259,Cash,8,4.6,4.4
2024-07-30 22:35:00,CNR2147738820,Canceled by Driver,CID187932,Auto,RT Nagar,Yeshwanthpur,,,Not Applicable,Personal & Car related issue,Not Applicable,Not Applicable,125,Not Applicable,0,,
2024-07-26 02:29:00,CNR3647286147,Success,CID298125,Auto,Richmond Town,Richmond Town,266.0,95.0,Not Applicable,Not Applicable,No,Not Applicable,117,Cash,3,3.4,3.7
2024-07-05 15:01:00,CNR9628074509,Success,CID811811,Mini,Yelahanka,Langford Town,175.0,40.0,Not Applicable,Not Applicable,No,Not Applicable,998,Cash,12,4.8,4.2
2024-07-07 09:35:00,CNR4325150434,Canceled by Customer,CID869773,Prime Sedan,Jayanagar,Bellandur,,,Driver is not moving towards pickup location,Not Applicable,Not Applicable,Not Applicable,429,Not Applicable,0,,
2024-07-30 22:16:00,CNR4500407430,Driver Not Found,CID505484,Auto,HSR Layout,Yelahanka,,,Not Applicable,Not Applicable,Not Applicable,Not Applicable,495,Not Applicable,0,,
2024-07-15 21:22:00,CNR2790058177,Success,CID880530,Prime Sedan,JP Nagar,Frazer Town,119.0,60.0,Not Applicable,Not Applicable,No,Not Applicable,567,Cash,7,3.9,4.1
2024-07-16 02:16:00,CNR6523185809,Success,CID247203,eBike,Richmond Town,Magadi Road,273.0,125.0,Not Applicable,Not Applicable,No,Not Applicable,285,Cash,8,4.4,4.8
2024-07-11 20:26:00,CNR2376190825,Success,CID877194,eBike,Varthur,Chamarajpet,217.0,60.0,Not Applicable,Not Applicable,No,Not Applicable,482,UPI,17,4.5,4.9
2024-07-12 21:42:00,CNR3302676295,Canceled by Driver,CID250203,eBike,Shantinagar,Kengeri,,,Not Applicable,Customer related issue,Not Applicable,Not Applicable,289,Not Applicable,0,,
2024-07-04 13:35:00,CNR3635371149,Success,CID847342,Bike,Electronic City,Richmond Town,224.0,65.0,Not Applicable,Not Applicable,No,Not Applicable,227,Cash,32,3.3,3.2
2024-07-16 12:29:00,CNR8206960230,Canceled by Driver,CID798023,Bike,Malleshwaram,Koramangala,,,Not Applicable,Personal & Car related issue,Not Applicable,Not Applicable,188,Not Applicable,0,,
2024-07-28 19:04:00,CNR2201995207,Success,CID700574,Prime SUV,Majestic,Hebbal,280.0,80.0,Not Applicable,Not Applicable,No,Not Applicable,157,Cash,11,4.3,3.2
2024-07-25 23:10:00,CNR9185642151,Canceled by Driver,CID216665,Prime SUV,Varthur,Mysore Road,,,Not Applicable,Customer related issue,Not Applicable,Not Applicable,328,Not Applicable,0,,
2024-07-29 06:38:00,CNR1061691774,Success,CID167740,eBike,Magadi Road,Bannerghatta Road,56.0,80.0,Not Applicable,Not Applicable,No,Not Applicable,916,Cash,13,4.0,4.5
2024-07-27 17:17:00,CNR8382551925,Driver Not Found,CID975908,Prime Sedan,MG Road,Varthur,,,Not Applicable,Not Applicable,Not Applicable,Not Applicable,395,Not Applicable,0,,
2024-07-28 00:01:00,CNR4519867861,Success,CID774038,Prime Sedan,Ramamurthy Nagar,Shantinagar,217.0,95.0,Not Applicable,Not Applicable,No,Not Applicable,489,Cash,3,5.0,4.6
2024-07-13 00:32:00,CNR1953154862,Driver Not Found,CID199546,Prime SUV,RT Nagar,Vijayanagar,,,Not Applicable,Not Applicable,Not Applicable,Not Applicable,389,Not Applicable,0,,
2024-07-01 22:29:00,CNR3995775976,Success,CID346720,Mini,Rajarajeshwari Nagar,Basavanagudi,42.0,45.0,Not Applicable,Not Applicable,No,Not Applicable,288,UPI,18,3.6,3.6
2024-07-11 20:45:00,CNR6265461546,Success,CID770910,Bike,Majestic,Rajajinagar,154.0,70.0,Not Applicable,Not Applicable,No,Not Applicable,205,Cash,16,4.7,3.7
2024-07-07 22:48:00,CNR3555236803,Success,CID140559,Prime Sedan,Richmond Town,Jayanagar,56.0,125.0,Not Applicable,Not Applicable,No,Not Applicable,463,Credit Card,36,5.0,4.5
2024-07-28 04:42:00,CNR8056908622,Success,CID723338,Prime Plus,Yelahanka,Vijayanagar,189.0,65.0,Not Applicable,Not Applicable,No,Not Applicable,502,UPI,23,5.0,4.9
2024-07-30 03:23:00,CNR4313507790,Driver Not Found,CID888163,Prime Sedan,MG Road,Vijayanagar,,,Not Applicable,Not Applicable,Not Applicable,Not Applicable,379,Not Applicable,0,,
2024-07-16 10:42:00,CNR9409085230,Success,CID936578,eBike,Chickpet,Electronic City,112.0,45.0,Not Applicable,Not Applicable,No,Not Applicable,552,Cash,44,3.8,4.8
2024-07-05 12:37:00,CNR7566120899,Success,CID255097,Prime Sedan,Cox Town,Vijayanagar,91.0,95.0,Not Applicable,Not Applicable,No,Not Applicable,484,UPI,5,4.7,4.7
2024-07-22 01:32:00,CNR7205556899,Success,CID175373,Mini,KR Puram,Shivajinagar,77.0,65.0,Not Applicable,Not Applicable,No,Not Applicable,357,UPI,4,3.5,3.7
2024-07-25 22:02:00,CNR6006222800,Success,CID307040,Prime SUV,Rajajinagar,Langford Town,175.0,85.0,Not Applicable,Not Applicable,No,Not Applicable,688,Cash,21,3.4,4.6
2024-07-06 07:01:00,CNR5306912526,Success,CID971603,Prime Sedan,Banashankari,Padmanabhanagar,63.0,95.0,Not Applicable,Not Applicable,No,Not Applicable,935,Credit Card,19,4.7,4.1
2024-07-25 07:57:00,CNR1511048340,Canceled by Driver,CID660449,Prime Sedan,Ramamurthy Nagar,Basavanagudi,,,Not Applicable,Customer related issue,Not Applicable,Not Applicable,419,Not Applicable,0,,
2024-07-21 02:55:00,CNR9677778322,Success,CID492740,Mini,Rajajinagar,Sarjapur Road,147.0,25.0,Not Applicable,Not Applicable,No,Not Applicable,267,UPI,8,4.7,3.2
2024-07-28 23:17:00,CNR6898673857,Success,CID238936,Prime Plus,Banashankari,Bellandur,196.0,35.0,Not Applicable,Not Applicable,No,Not Applicable,898,UPI,33,3.4,4.5
2024-07-15 10:32:00,CNR3921863329,Driver Not Found,CID348760,Prime Sedan,JP Nagar,MG Road,,,Not Applicable,Not Applicable,Not Applicable,Not Applicable,353,Not Applicable,0,,
2024-07-22 03:28:00,CNR7247717966,Success,CID841263,Prime Plus,Mysore Road,Padmanabhanagar,105.0,140.0,Not Applicable,Not Applicable,No,Not Applicable,123,Cash,46,3.6,3.7
2024-07-23 12:25:00,CNR7802238859,Canceled by Driver,CID445414,Prime Sedan,Shivajinagar,Frazer Town,,,Not Applicable,Personal & Car related issue,Not Applicable,Not Applicable,950,Not Applicable,0,,
2024-07-29 01:35:00,CNR7661281229,Success,CID910488,Mini,BTM Layout,RT Nagar,287.0,110.0,Not Applicable,Not Applicable,No,Not Applicable,202,Cash,22,4.4,4.6
2024-07-02 17:10:00,CNR3305914952,Success,CID269115,Prime Plus,JP Nagar,Chamarajpet,308.0,65.0,Not Applicable,Not Applicable,No,Not Applicable,451,UPI,37,3.8,4.4
2024-07-27 21:55:00,CNR9455379783,Canceled by Driver,CID304237,Prime SUV,Hebbal,Vijayanagar,,,Not Applicable,Customer was coughing/sick,Not Applicable,Not Applicable,2976,Not Applicable,0,,
2024-07-15 10:19:00,CNR7258437085,Canceled by Driver,CID530790,eBike,Sahakar Nagar,Banashankari,,,Not Applicable,Customer related issue,Not Applicable,Not Applicable,335,Not Applicable,0,,
2024-07-20 09:36:00,CNR5384639920,Driver Not Found,CID385597,Bike,JP Nagar,Frazer Town,,,Not Applicable,Not Applicable,Not Applicable,Not Applicable,679,Not Applicable,0,,
2024-07-29 12:50:00,CNR7102990490,Success,CID323240,Bike,Bellandur,Koramangala,182.0,115.0,Not Applicable,Not Applicable,No,Not Applicable,124,Cash,32,4.0,3.5
2024-07-11 03:12:00,CNR3225561246,Canceled by Customer,CID251095,Bike,Bellandur,Kammanahalli,,,Wrong Address,Not Applicable,Not Applicable,Not Applicable,370,Not Applicable,0,,
2024-07-13 21:16:00,CNR7370462141,Success,CID290160,Prime Sedan,JP Nagar,Whitefield,231.0,115.0,Not Applicable,Not Applicable,No,Not Applicable,743,Cash,42,4.8,4.0
2024-07-24 22:33:00,CNR3283039328,Canceled by Driver,CID780109,eBike,Malleshwaram,Whitefield,,,Not Applicable,Personal & Car related issue,Not Applicable,Not Applicable,445,Not Applicable,0,,
2024-07-15 03:29:00,CNR1448096215,Driver Not Found,CID709871,Prime Sedan,Hosur Road,Hebbal,,,Not Applicable,Not Applicable,Not Applicable,Not Applicable,2008,Not Applicable,0,,
2024-07-12 03:31:00,CNR8717212063,Success,CID247024,Mini,Yelahanka,Varthur,231.0,50.0,Not Applicable,Not Applicable,No,Not Applicable,352,UPI,40,3.9,3.4
2024-07-25 06:50:00,CNR9322946034,Success,CID262327,Prime Plus,JP Nagar,Rajarajeshwari Nagar,182.0,85.0,Not Applicable,Not Applicable,No,Not Applicable,234,Cash,42,4.4,4.4
2024-07-26 01:20:00,CNR1333097115,Success,CID690305,eBike,Hebbal,Peenya,147.0,50.0,Not Applicable,Not Applicable,No,Not Applicable,142,Cash,24,4.9,4.1
2024-07-19 22:35:00,CNR9271674750,Canceled by Driver,CID707719,Auto,Devanahalli,JP Nagar,,,Not Applicable,More than permitted people in there,Not Applicable,Not Applicable,2634,Not Applicable,0,,
2024-07-21 14:11:00,CNR9267620986,Success,CID267394,Prime SUV,Hulimavu,Varthur,126.0,60.0,Not Applicable,Not Applicable,No,Not Applicable,291,UPI,24,4.3,4.2
2024-07-15 18:30:00,CNR4319738624,Canceled by Driver,CID329441,Prime SUV,Chickpet,Shantinagar,,,Not Applicable,Personal & Car related issue,Not Applicable,Not Applicable,126,Not Applicable,0,,
2024-07-13 14:05:00,CNR2866355061,Success,CID361131,Bike,Bannerghatta Road,Padmanabhanagar,119.0,95.0,Not Applicable,Not Applicable,No,Not Applicable,334,UPI,31,4.1,3.6
2024-07-12 10:38:00,CNR9873424248,Success,CID273247,Mini,Rajajinagar,Basavanagudi,126.0,35.0,Not Applicable,Not Applicable,No,Not Applicable,164,Cash,3,4.1,4.7
2024-07-28 17:10:00,CNR9128679558,Canceled by Driver,CID796392,eBike,Ramamurthy Nagar,Yeshwanthpur,,,Not Applicable,Customer related issue,Not Applicable,Not Applicable,119,Not Applicable,0,,
2024-07-10 10:56:00,CNR4505149789,Canceled by Customer,CID454918,eBike,Tumkur Road,Kadugodi,,,Change of plans,Not Applicable,Not Applicable,Not Applicable,310,Not Applicable,0,,
2024-07-06 18:40:00,CNR4948193421,Success,CID120739,Bike,Whitefield,BTM Layout,266.0,105.0,Not Applicable,Not Applicable,No,Not Applicable,769,UPI,48,3.9,3.9
2024-07-17 16:51:00,CNR4236296396,Driver Not Found,CID520751,Prime Plus,Whitefield,Magadi Road,,,Not Applicable,Not Applicable,Not Applicable,Not Applicable,440,Not Applicable,0,,
2024-07-05 21:18:00,CNR6176842495,Success,CID155909,Bike,Rajarajeshwari Nagar,Sarjapur Road,77.0,85.0,Not Applicable,Not Applicable,No,Not Applicable,424,UPI,23,4.2,4.0
2024-07-25 22:39:00,CNR4897430504,Success,CID398603,Auto,Frazer Town,Basavanagudi,168.0,40.0,Not Applicable,Not Applicable,No,Not Applicable,736,UPI,4,4.2,4.4
2024-07-11 10:09:00,CNR3305364331,Canceled by Driver,CID872469,Mini,JP Nagar,Devanahalli,,,Not Applicable,Customer was coughing/sick,Not Applicable,Not Applicable,133,Not Applicable,0,,
2024-07-21 21:13:00,CNR7940373647,Canceled by Customer,CID484570,eBike,BTM Layout,Marathahalli,,,Driver asked to cancel,Not Applicable,Not Applicable,Not Applicable,335,Not Applicable,0,,
2024-07-28 05:09:00,CNR9940898967,Success,CID678101,Prime Sedan,Padmanabhanagar,Sarjapur Road,217.0,60.0,Not Applicable,Not Applicable,No,Not Applicable,248,Cash,1,4.2,3.9
2024-07-17 17:06:00,CNR9506495645,Success,CID829311,Auto,Langford Town,Indiranagar,133.0,70.0,Not Applicable,Not Applicable,No,Not Applicable,156,Cash,16,4.9,3.9
2024-07-17 12:40:00,CNR5547261699,Success,CID702717,Prime Sedan,Rajarajeshwari Nagar,Kadugodi,287.0,75.0,Not Applicable,Not Applicable,No,Not Applicable,345,UPI,47,4.2,4.5
2024-07-12 20:50:00,CNR1470797480,Success,CID608223,Prime Plus,Hebbal,Shivajinagar,245.0,130.0,Not Applicable,Not Applicable,No,Not Applicable,329,Cash,36,4.3,4.5
2024-07-20 23:34:00,CNR7900901351,Driver Not Found,CID475574,Auto,Rajajinagar,Langford Town,,,Not Applicable,Not Applicable,Not Applicable,Not Applicable,630,Not Applicable,0,,
2024-07-27 20:30:00,CNR2269817609,Success,CID875347,Mini,Rajarajeshwari Nagar,Nagarbhavi,161.0,140.0,Not Applicable,Not Applicable,No,Not Applicable,375,Cash,25,3.6,4.0
2024-07-13 15:12:00,CNR3799149336,Success,CID146036,Prime Plus,Frazer Town,Tumkur Road,301.0,130.0,Not Applicable,Not Applicable,No,Not Applicable,460,Cash,30,3.3,4.1
2024-07-20 09:08:00,CNR4720853615,Success,CID680480,Bike,Hebbal,Kengeri,126.0,70.0,Not Applicable,Not Applicable,No,Not Applicable,368,Cash,13,4.3,3.3
2024-07-05 08:37:00,CNR3798826784,Success,CID302042,eBike,Cox Town,Devanahalli,42.0,55.0,Not Applicable,Not Applicable,No,Not Applicable,468,UPI,14,5.0,3.6
2024-07-12 02:01:00,CNR7024019237,Success,CID684557,Mini,Richmond Town,Rajajinagar,266.0,90.0,Not Applicable,Not Applicable,No,Not Applicable,162,UPI,6,4.5,4.3
2024-07-07 21:40:00,CNR3994593043,Success,CID877712,Mini,Sahakar Nagar,Magadi Road,105.0,130.0,Not Applicable,Not Applicable,No,Not Applicable,493,Cash,18,3.5,3.7
2024-07-25 10:11:00,CNR2208411922,Success,CID870061,Auto,Devanahalli,HSR Layout,35.0,35.0,Not Applicable,Not Applicable,No,Not Applicable,914,UPI,8,4.6,3.2
2024-07-20 20:34:00,CNR1146881597,Success,CID501037,Auto,Mysore Road,Kadugodi,182.0,95.0,Not Applicable,Not Applicable,No,Not Applicable,278,Cash,16,4.3,4.4
2024-07-29 08:09:00,CNR4288226084,Success,CID621077,Auto,Frazer Town,Frazer Town,287.0,110.0,Not Applicable,Not Applicable,No,Not Applicable,655,Cash,4,4.4,3.4
2024-07-27 09:55:00,CNR1839963090,Canceled by Customer,CID221383,Prime Sedan,Banashankari,Tumkur Road,,,AC is Not working,Not Applicable,Not Applicable,Not Applicable,205,Not Applicable,0,,
2024-07-08 14:36:00,CNR7325342472,Success,CID538053,Bike,Bellandur,Hosur Road,287.0,55.0,Not Applicable,Not Applicable,Yes,Vehicle Breakdown,2432,Cash,31,4.4,4.5
2024-07-05 21:09:00,CNR8894797309,Driver Not Found,CID701768,eBike,Indiranagar,Shivajinagar,,,Not Applicable,Not Applicable,Not Applicable,Not Applicable,351,Not Applicable,0,,
2024-07-22 05:14:00,CNR2114076144,Canceled by Driver,CID967771,Mini,Kammanahalli,Rajarajeshwari Nagar,,,Not Applicable,Personal & Car related issue,Not Applicable,Not Applicable,201,Not Applicable,0,,
2024-07-24 02:03:00,CNR9712161882,Success,CID591223,eBike,Koramangala,Nagarbhavi,280.0,135.0,Not Applicable,Not Applicable,No,Not Applicable,256,Cash,25,3.6,3.3
2024-07-20 00:53:00,CNR3428912481,Success,CID330039,eBike,Mysore Road,Banashankari,245.0,65.0,Not Applicable,Not Applicable,No,Not Applicable,1295,UPI,22,3.5,4.0
2024-07-26 11:02:00,CNR4083857791,Success,CID204508,Prime SUV,Ramamurthy Nagar,Marathahalli,56.0,120.0,Not Applicable,Not Applicable,No,Not Applicable,191,UPI,37,4.5,3.4
2024-07-10 08:13:00,CNR7459115629,Canceled by Driver,CID564683,Prime SUV,Banashankari,Padmanabhanagar,,,Not Applicable,Personal & Car related issue,Not Applicable,Not Applicable,183,Not Applicable,0,,
2024-07-16 13:09:00,CNR6312679075,Canceled by Driver,CID818161,Auto,Shantinagar,Marathahalli,,,Not Applicable,Customer was coughing/sick,Not Applicable,Not Applicable,119,Not Applicable,0,,
2024-07-12 18:50:00,CNR6671043907,Success,CID667455,Bike,Marathahalli,Magadi Road,98.0,80.0,Not Applicable,Not Applicable,No,Not Applicable,109,Cash,27,4.5,3.1
2024-07-15 09:23:00,CNR4389340061,Success,CID399318,Mini,Malleshwaram,Ulsoor,175.0,120.0,Not Applicable,Not Applicable,No,Not Applicable,807,UPI,13,3.5,4.7
2024-07-06 23:13:00,CNR6959034243,Canceled by Customer,CID711669,eBike,Marathahalli,Shivajinagar,,,Change of plans,Not Applicable,Not Applicable,Not Applicable,432,Not Applicable,0,,
2024-07-24 07:41:00,CNR2882716024,Success,CID863013,Prime Sedan,Mysore Road,Rajarajeshwari Nagar,196.0,100.0,Not Applicable,Not Applicable,No,Not Applicable,215,Cash,49,3.2,4.1
2024-07-09 03:39:00,CNR4810957050,Success,CID712445,Mini,Devanahalli,Richmond Town,280.0,60.0,Not Applicable,Not Applicable,No,Not Applicable,101,UPI,30,4.1,5.0
2024-07-30 18:43:00,CNR4294708397,Success,CID191903,eBike,Majestic,Devanahalli,126.0,100.0,Not Applicable,Not Applicable,No,Not Applicable,1732,UPI,35,3.2,4.2
2024-07-08 19:46:00,CNR8361375296,Success,CID976436,Prime Plus,Hosur Road,Nagarbhavi,238.0,95.0,Not Applicable,Not Applicable,Yes,Customer Demand,238,UPI,46,3.5,4.6
2024-07-08 20:22:00,CNR5827326481,Canceled by Customer,CID592395,Prime SUV,Frazer Town,Ramamurthy Nagar,,,Wrong Address,Not Applicable,Not Applicable,Not Applicable,432,Not Applicable,0,,
2024-07-26 14:59:00,CNR2650594606,Canceled by Driver,CID798448,Auto,Peenya,Malleshwaram,,,Not Applicable,Customer was coughing/sick,Not Applicable,Not Applicable,105,Not Applicable,0,,
2024-07-17 00:50:00,CNR3658177306,Success,CID580217,Prime SUV,Hebbal,Shantinagar,70.0,45.0,Not Applicable,Not Applicable,No,Not Applicable,1213,Cash,24,3.5,4.5
2024-07-16 00:08:00,CNR3975297949,Canceled by Customer,CID460281,Prime Plus,Marathahalli,Langford Town,,,Change of plans,Not Applicable,Not Applicable,Not Applicable,292,Not Applicable,0,,
2024-07-20 12:28:00,CNR6706896866,Driver Not Found,CID317869,Auto,Peenya,Majestic,,,Not Applicable,Not Applicable,Not Applicable,Not Applicable,442,Not Applicable,0,,
2024-07-05 04:43:00,CNR5123380265,Driver Not Found,CID185575,Prime SUV,KR Puram,Chamarajpet,,,Not Applicable,Not Applicable,Not Applicable,Not Applicable,311,Not Applicable,0,,
2024-07-19 02:21:00,CNR4813120222,Canceled by Customer,CID863912,Mini,Indiranagar,Rajarajeshwari Nagar,,,Change of plans,Not Applicable,Not Applicable,Not Applicable,113,Not Applicable,0,,
2024-07-21 18:52:00,CNR4094521842,Canceled by Driver,CID604320,Prime Sedan,Bannerghatta Road,Nagarbhavi,,,Not Applicable,Customer was coughing/sick,Not Applicable,Not Applicable,1421,Not Applicable,0,,
2024-07-25 21:41:00,CNR5512742385,Success,CID696778,Auto,Rajarajeshwari Nagar,Kengeri,70.0,120.0,Not Applicable,Not Applicable,No,Not Applicable,271,UPI,17,3.9,4.5
2024-07-03 05:16:00,CNR9265198269,Success,CID159493,Auto,Yeshwanthpur,Padmanabhanagar,154.0,65.0,Not Applicable,Not Applicable,No,Not Applicable,443,Cash,7,5.0,4.7
2024-07-23 09:41:00,CNR9251300979,Success,CID313790,Auto,Indiranagar,Chamarajpet,119.0,95.0,Not Applicable,Not Applicable,No,Not Applicable,268,Cash,3,3.9,4.4
2024-07-09 23:56:00,CNR6950236627,Canceled by Customer,CID615683,Mini,Magadi Road,Chamarajpet,,,Change of plans,Not Applicable,Not Applicable,Not Applicable,475,Not Applicable,0,,
2024-07-19 08:39:00,CNR1379313173,Canceled by Customer,CID716557,Prime SUV,Indiranagar,Rajajinagar,,,Driver asked to cancel,Not Applicable,Not Applicable,Not Applicable,454,Not Applicable,0,,
2024-07-21 21:45:00,CNR8644136130,Success,CID292997,Prime Sedan,Cox Town,Shivajinagar,175.0,105.0,Not Applicable,Not Applicable,No,Not Applicable,2366,UPI,47,4.9,4.9
2024-07-26 12:08:00,CNR1373164885,Success,CID393195,Prime Plus,Hosur Road,Bannerghatta Road,252.0,35.0,Not Applicable,Not Applicable,No,Not Applicable,448,Cash,2,3.1,3.1
2024-07-05 15:43:00,CNR4309921380,Success,CID523847,Auto,Shivajinagar,Sarjapur Road,287.0,140.0,Not Applicable,Not Applicable,No,Not Applicable,769,Cash,16,4.1,4.3
2024-07-25 07:52:00,CNR7026403203,Driver Not Found,CID797763,eBike,Basavanagudi,Majestic,,,Not Applicable,Not Applicable,Not Applicable,Not Applicable,361,Not Applicable,0,,
2024-07-30 00:47:00,CNR8030148640,Success,CID820862,eBike,Padmanabhanagar,Bannerghatta Road,189.0,140.0,Not Applicable,Not Applicable,No,Not Applicable,580,Cash,22,4.5,4.0
2024-07-20 00:26:00,CNR6052711315,Success,CID755505,Bike,MG Road,Sahakar Nagar,266.0,130.0,Not Applicable,Not Applicable,No,Not Applicable,458,Cash,48,4.3,3.9
2024-07-21 07:37:00,CNR8434994876,Success,CID834141,Prime SUV,Hulimavu,RT Nagar,273.0,75.0,Not Applicable,Not Applicable,No,Not Applicable,885,Cash,47,4.4,4.3
2024-07-23 22:33:00,CNR3103982554,Canceled by Driver,CID155608,Prime Plus,Basavanagudi,Jayanagar,,,Not Applicable,Customer related issue,Not Applicable,Not Applicable,279,Not Applicable,0,,
2024-07-12 08:32:00,CNR2828022836,Success,CID990024,Prime SUV,Tumkur Road,Whitefield,210.0,115.0,Not Applicable,Not Applicable,No,Not Applicable,349,UPI,48,4.8,3.3
2024-07-24 03:26:00,CNR2458274183,Canceled by Driver,CID196719,eBike,Shantinagar,Yeshwanthpur,,,Not Applicable,Personal & Car related issue,Not Applicable,Not Applicable,2016,Not Applicable,0,,
2024-07-13 03:23:00,CNR2767741617,Success,CID836203,eBike,Padmanabhanagar,Ulsoor,112.0,95.0,Not Applicable,Not Applicable,No,Not Applicable,765,UPI,23,3.5,3.6
2024-07-30 10:35:00,CNR3750034911,Success,CID230388,eBike,Kadugodi,Varthur,252.0,130.0,Not Applicable,Not Applicable,Yes,Vehicle Breakdown,279,UPI,36,3.1,3.7
2024-07-27 21:54:00,CNR3213101050,Success,CID889696,Prime Sedan,Nagarbhavi,Hosur Road,42.0,95.0,Not Applicable,Not Applicable,No,Not Applicable,1494,Cash,4,3.8,3.2
2024-07-24 12:39:00,CNR9300959532,Canceled by Driver,CID259500,Prime SUV,RT Nagar,KR Puram,,,Not Applicable,Personal & Car related issue,Not Applicable,Not Applicable,842,Not Applicable,0,,
2024-07-17 00:59:00,CNR9812619911,Canceled by Driver,CID462942,Auto,Chickpet,Nagarbhavi,,,Not Applicable,More than permitted people in there,Not Applicable,Not Applicable,1881,Not Applicable,0,,
2024-07-10 18:58:00,CNR4141273070,Canceled by Driver,CID204910,Mini,Vijayanagar,KR Puram,,,Not Applicable,Personal & Car related issue,Not Applicable,Not Applicable,412,Not Applicable,0,,
2024-07-25 04:21:00,CNR9181893977,Success,CID467971,Prime SUV,Basavanagudi,Hebbal,217.0,30.0,Not Applicable,Not Applicable,No,Not Applicable,373,Cash,30,4.4,3.3
2024-07-28 08:29:00,CNR3937467666,Success,CID658914,eBike,Hosur Road,JP Nagar,84.0,95.0,Not Applicable,Not Applicable,No,Not Applicable,418,Cash,3,4.8,3.6
2024-07-22 18:18:00,CNR2466822594,Canceled by Driver,CID546147,Prime Plus,Banashankari,Chamarajpet,,,Not Applicable,Customer related issue,Not Applicable,Not Applicable,248,Not Applicable,0,,
2024-07-18 07:34:00,CNR1068476797,Canceled by Driver,CID721188,Prime SUV,Shantinagar,Tumkur Road,,,Not Applicable,Customer related issue,Not Applicable,Not Applicable,460,Not Applicable,0,,
2024-07-13 09:45:00,CNR3171202994,Canceled by Driver,CID467913,Prime Sedan,Yeshwanthpur,Cox Town,,,Not Applicable,More than permitted people in there,Not Applicable,Not Applicable,479,Not Applicable,0,,
2024-07-26 04:47:00,CNR4326820542,Success,CID118144,Bike,Banashankari,Malleshwaram,49.0,115.0,Not Applicable,Not Applicable,No,Not Applicable,323,Cash,10,3.7,3.5
2024-07-06 09:17:00,CNR9930101051,Success,CID338527,Auto,Marathahalli,Richmond Town,77.0,50.0,Not Applicable,Not Applicable,No,Not Applicable,144,Cash,13,3.9,4.6
2024-07-19 22:05:00,CNR1180280198,Canceled by Driver,CID895693,Prime SUV,KR Puram,Majestic,,,Not Applicable,Customer was coughing/sick,Not Applicable,Not Applicable,992,Not Applicable,0,,
2024-07-24 01:24:00,CNR1440122172,Success,CID301079,eBike,JP Nagar,Vijayanagar,217.0,40.0,Not Applicable,Not Applicable,No,Not Applicable,486,UPI,10,4.2,3.6
2024-07-08 00:26:00,CNR9092843868,Success,CID872882,Mini,Hosur Road,Chamarajpet,308.0,35.0,Not Applicable,Not Applicable,No,Not Applicable,813,Cash,10,3.6,4.3
2024-07-07 18:02:00,CNR8713539040,Canceled by Driver,CID310039,Prime SUV,Mysore Road,Sahakar Nagar,,,Not Applicable,Customer related issue,Not Applicable,Not Applicable,446,Not Applicable,0,,
2024-07-23 05:30:00,CNR1933758529,Success,CID363324,Bike,BTM Layout,Yelahanka,126.0,35.0,Not Applicable,Not Applicable,No,Not Applicable,801,UPI,36,4.0,4.6
2024-07-20 19:29:00,CNR2658414387,Success,CID858592,Prime Plus,Bannerghatta Road,Basavanagudi,49.0,45.0,Not Applicable,Not Applicable,No,Not Applicable,896,Cash,47,3.8,3.0
2024-07-10 13:06:00,CNR7324557320,Success,CID822507,Auto,Vijayanagar,Sarjapur Road,175.0,90.0,Not Applicable,Not Applicable,No,Not Applicable,298,Cash,7,4.1,4.6
2024-07-16 06:53:00,CNR9240972595,Canceled by Customer,CID967165,Prime SUV,HSR Layout,Kengeri,,,AC is Not working,Not Applicable,Not Applicable,Not Applicable,381,Not Applicable,0,,
2024-07-26 12:43:00,CNR3134474712,Success,CID866078,Prime Sedan,Indiranagar,Electronic City,63.0,145.0,Not Applicable,Not Applicable,Yes,Vehicle Breakdown,362,Cash,39,4.3,3.6
2024-07-19 06:23:00,CNR6114595333,Success,CID266542,Bike,Jayanagar,Kadugodi,252.0,55.0,Not Applicable,Not Applicable,No,Not Applicable,414,Cash,49,3.9,3.1
2024-07-23 04:43:00,CNR5686770932,Driver Not Found,CID810351,Bike,Bellandur,Ulsoor,,,Not Applicable,Not Applicable,Not Applicable,Not Applicable,2889,Not Applicable,0,,
2024-07-29 09:51:00,CNR9528241440,Success,CID951460,eBike,Vijayanagar,Chamarajpet,63.0,140.0,Not Applicable,Not Applicable,No,Not Applicable,495,UPI,22,3.3,3.2
2024-07-19 13:43:00,CNR3818535576,Canceled by Driver,CID796664,Mini,RT Nagar,Hebbal,,,Not Applicable,Customer was coughing/sick,Not Applicable,Not Applicable,470,Not Applicable,0,,
2024-07-01 22:08:00,CNR6579148187,Success,CID881847,Prime Sedan,Indiranagar,Shivajinagar,238.0,135.0,Not Applicable,Not Applicable,No,Not Applicable,352,Cash,13,4.0,4.3
2024-07-02 07:06:00,CNR9453211968,Success,CID785356,Prime Plus,Langford Town,Vijayanagar,70.0,25.0,Not Applicable,Not Applicable,No,Not Applicable,577,Credit Card,24,3.2,5.0
2024-07-23 05:35:00,CNR1649129292,Success,CID109941,Prime Plus,Nagarbhavi,Hosur Road,175.0,30.0,Not Applicable,Not Applicable,Yes,Vehicle Breakdown,339,UPI,5,3.2,3.6
2024-07-22 00:11:00,CNR5390640225,Success,CID360422,Mini,Bannerghatta Road,Magadi Road,273.0,55.0,Not Applicable,Not Applicable,No,Not Applicable,909,UPI,19,4.9,4.5
2024-07-03 09:56:00,CNR7725060207,Success,CID970103,eBike,Magadi Road,Indiranagar,98.0,30.0,Not Applicable,Not Applicable,No,Not Applicable,170,Cash,34,4.7,4.3
2024-07-26 03:13:00,CNR7245391171,Canceled by Driver,CID862484,Prime Plus,Padmanabhanagar,Hulimavu,,,Not Applicable,Customer was coughing/sick,Not Applicable,Not Applicable,490,Not Applicable,0,,
2024-07-03 09:27:00,CNR6060370363,Driver Not Found,CID883994,Bike,Nagarbhavi,Hosur Road,,,Not Applicable,Not Applicable,Not Applicable,Not Applicable,1368,Not Applicable,0,,
2024-07-22 02:47:00,CNR8745922673,Success,CID856162,Mini,Frazer Town,Mysore Road,210.0,35.0,Not Applicable,Not Applicable,No,Not Applicable,177,Cash,46,4.4,3.6
2024-07-26 22:28:00,CNR4120321839,Canceled by Customer,CID862771,Bike,JP Nagar,Tumkur Road,,,Driver asked to cancel,Not Applicable,Not Applicable,Not Applicable,246,Not Applicable,0,,
2024-07-17 21:10:00,CNR7892756713,Success,CID447228,Auto,Electronic City,Frazer Town,98.0,75.0,Not Applicable,Not Applicable,No,Not Applicable,313,UPI,9,4.6,3.0
2024-07-25 06:04:00,CNR1493031295,Success,CID826864,Bike,Whitefield,Varthur,140.0,120.0,Not Applicable,Not Applicable,No,Not Applicable,300,UPI,12,4.2,4.2
2024-07-01 15:39:00,CNR2260734228,Driver Not Found,CID916677,Auto,Varthur,Kadugodi,,,Not Applicable,Not Applicable,Not Applicable,Not Applicable,395,Not Applicable,0,,
2024-07-13 01:22:00,CNR6989806387,Success,CID245795,Prime Sedan,Devanahalli,Kadugodi,56.0,35.0,Not Applicable,Not Applicable,No,Not Applicable,795,UPI,29,4.3,4.8
2024-07-25 04:20:00,CNR4094392185,Success,CID340644,Auto,Varthur,Hennur,140.0,80.0,Not Applicable,Not Applicable,No,Not Applicable,335,Cash,15,4.2,3.4
2024-07-11 03:23:00,CNR5909117299,Success,CID388936,Mini,Banashankari,Ulsoor,126.0,140.0,Not Applicable,Not Applicable,Yes,Customer Demand,140,Cash,15,3.8,3.9
2024-07-01 02:24:00,CNR3174130112,Canceled by Driver,CID548427,Mini,Electronic City,Varthur,,,Not Applicable,Customer related issue,Not Applicable,Not Applicable,1968,Not Applicable,0,,
2024-07-17 08:41:00,CNR8303627416,Canceled by Driver,CID887603,Prime SUV,Koramangala,Langford Town,,,Not Applicable,Customer related issue,Not Applicable,Not Applicable,279,Not Applicable,0,,
2024-07-20 18:51:00,CNR2769645942,Canceled by Driver,CID943625,eBike,Langford Town,Yelahanka,,,Not Applicable,Personal & Car related issue,Not Applicable,Not Applicable,190,Not Applicable,0,,
2024-07-01 15:49:00,CNR3050198655,Canceled by Driver,CID788992,Bike,Whitefield,Chamarajpet,,,Not Applicable,Customer was coughing/sick,Not Applicable,Not Applicable,265,Not Applicable,0,,
2024-07-02 08:36:00,CNR2907451441,Success,CID959982,Mini,Ramamurthy Nagar,Whitefield,175.0,145.0,Not Applicable,Not Applicable,No,Not Applicable,497,Cash,44,4.2,4.5
2024-07-15 17:30:00,CNR7034968008,Success,CID581962,Bike,Mysore Road,KR Puram,126.0,105.0,Not Applicable,Not Applicable,No,Not Applicable,553,UPI,31,3.9,3.3
2024-07-15 18:05:00,CNR8795211347,Success,CID624895,Bike,RT Nagar,Ulsoor,105.0,105.0,Not Applicable,Not Applicable,No,Not Applicable,408,Cash,35,4.5,4.2
2024-07-24 11:21:00,CNR5451850677,Success,CID537677,Bike,Magadi Road,Padmanabhanagar,161.0,50.0,Not Applicable,Not Applicable,No,Not Applicable,350,UPI,22,4.3,3.4
2024-07-09 14:50:00,CNR5762203707,Success,CID681638,Prime Plus,Cox Town,Bannerghatta Road,147.0,25.0,Not Applicable,Not Applicable,No,Not Applicable,2897,Cash,10,3.6,3.7
2024-07-16 20:17:00,CNR2476251499,Success,CID298917,Auto,Kammanahalli,Richmond Town,189.0,135.0,Not Applicable,Not Applicable,No,Not Applicable,1194,Cash,14,3.0,3.7
2024-07-13 08:04:00,CNR4570701003,Success,CID435402,eBike,Electronic City,Sarjapur Road,112.0,140.0,Not Applicable,Not Applicable,No,Not Applicable,410,UPI,33,3.1,4.1
2024-07-22 20:44:00,CNR8906483388,Driver Not Found,CID213984,Prime Plus,Bannerghatta Road,HSR Layout,,,Not Applicable,Not Applicable,Not Applicable,Not Applicable,572,Not Applicable,0,,
2024-07-11 22:18:00,CNR6918455877,Success,CID652638,Auto,Hebbal,Chamarajpet,35.0,90.0,Not Applicable,Not Applicable,Yes,Vehicle Breakdown,467,Cash,7,3.2,3.7
2024-07-15 10:16:00,CNR6508277253,Canceled by Driver,CID530432,eBike,Majestic,Whitefield,,,Not Applicable,Personal & Car related issue,Not Applicable,Not Applicable,395,Not Applicable,0,,
2024-07-08 08:57:00,CNR7105792314,Canceled by Customer,CID115165,Prime SUV,Vijayanagar,Banashankari,,,Driver is not moving towards pickup location,Not Applicable,Not Applicable,Not Applicable,115,Not Applicable,0,,
2024-07-22 05:17:00,CNR2555167371,Success,CID560988,Prime Plus,Bannerghatta Road,Whitefield,70.0,25.0,Not Applicable,Not Applicable,No,Not Applicable,234,Cash,36,3.6,4.5
2024-07-18 23:15:00,CNR5029512581,Canceled by Customer,CID656170,eBike,Malleshwaram,Vijayanagar,,,Wrong Address,Not Applicable,Not Applicable,Not Applicable,251,Not Applicable,0,,
2024-07-20 23:15:00,CNR6303024065,Canceled by Driver,CID763882,Prime SUV,Kammanahalli,Shantinagar,,,Not Applicable,Personal & Car related issue,Not Applicable,Not Applicable,443,Not Applicable,0,,
2024-07-23 09:15:00,CNR7976293339,Canceled by Driver,CID265163,Mini,Hennur,Hulimavu,,,Not Applicable,Customer related issue,Not Applicable,Not Applicable,400,Not Applicable,0,,
2024-07-11 01:40:00,CNR3351330456,Driver Not Found,CID280901,Mini,Basavanagudi,Langford Town,,,Not Applicable,Not Applicable,Not Applicable,Not Applicable,1794,Not Applicable,0,,
2024-07-15 14:34:00,CNR8297964747,Success,CID215536,eBike,Hosur Road,Shantinagar,175.0,25.0,Not Applicable,Not Applicable,No,Not Applicable,498,UPI,27,4.5,4.4
2024-07-05 02:48:00,CNR6704400999,Canceled by Driver,CID106406,Auto,Malleshwaram,KR Puram,,,Not Applicable,Customer was coughing/sick,Not Applicable,Not Applicable,169,Not Applicable,0,,
2024-07-06 11:15:00,CNR6353968779,Success,CID486661,Mini,RT Nagar,Mysore Road,245.0,50.0,Not Applicable,Not Applicable,No,Not Applicable,192,Cash,49,4.8,3.3
2024-07-13 20:07:00,CNR5183160373,Canceled by Driver,CID783768,Auto,Chamarajpet,Devanahalli,,,Not Applicable,Personal & Car related issue,Not Applicable,Not Applicable,805,Not Applicable,0,,
2024-07-05 07:32:00,CNR7309531619,Canceled by Customer,CID233498,eBike,Frazer Town,Kadugodi,,,Change of plans,Not Applicable,Not Applicable,Not Applicable,704,Not Applicable,0,,
2024-07-24 07:43:00,CNR5853537652,Driver Not Found,CID983669,Mini,Koramangala,Tumkur Road,,,Not Applicable,Not Applicable,Not Applicable,Not Applicable,413,Not Applicable,0,,
2024-07-09 19:26:00,CNR3309288827,Success,CID735492,Prime Sedan,Chickpet,Basavanagudi,98.0,105.0,Not Applicable,Not Applicable,No,Not Applicable,445,Cash,44,3.2,4.0
2024-07-29 18:29:00,CNR8595328206,Canceled by Customer,CID930728,eBike,Chamarajpet,Hosur Road,,,Driver is not moving towards pickup location,Not Applicable,Not Applicable,Not Applicable,346,Not Applicable,0,,
2024-07-26 13:50:00,CNR2700111673,Canceled by Customer,CID728568,Prime Plus,Hebbal,Koramangala,,,Driver is not moving towards pickup location,Not Applicable,Not Applicable,Not Applicable,2942,Not Applicable,0,,
2024-07-02 02:18:00,CNR6300971892,Success,CID365426,Prime Plus,Indiranagar,Kammanahalli,126.0,60.0,Not Applicable,Not Applicable,No,Not Applicable,630,UPI,39,4.7,3.1
2024-07-18 06:45:00,CNR5501169463,Canceled by Customer,CID811035,Prime SUV,Sarjapur Road,Rajajinagar,,,Change of plans,Not Applicable,Not Applicable,Not Applicable,728,Not Applicable,0,,
2024-07-17 10:24:00,CNR5214122817,Canceled by Driver,CID298152,Bike,Chamarajpet,Hulimavu,,,Not Applicable,Customer related issue,Not Applicable,Not Applicable,111,Not Applicable,0,,
2024-07-01 12:06:00,CNR1598683229,Success,CID609142,Auto,Koramangala,Hennur,112.0,25.0,Not Applicable,Not Applicable,No,Not Applicable,283,Cash,5,3.3,3.2
2024-07-09 22:03:00,CNR1595611602,Canceled by Driver,CID939987,Auto,Rajarajeshwari Nagar,Electronic City,,,Not Applicable,Customer related issue,Not Applicable,Not Applicable,1390,Not Applicable,0,,
2024-07-25 14:12:00,CNR8174703157,Success,CID628142,Prime Sedan,Nagarbhavi,Malleshwaram,273.0,65.0,Not Applicable,Not Applicable,No,Not Applicable,190,Cash,30,3.5,4.0
2024-07-30 18:54:00,CNR6892533819,Success,CID197569,Auto,Sarjapur Road,Yelahanka,294.0,130.0,Not Applicable,Not Applicable,No,Not Applicable,440,Cash,14,4.9,3.5
2024-07-02 23:50:00,CNR5885938096,Success,CID230952,Prime SUV,Hennur,Langford Town,91.0,120.0,Not Applicable,Not Applicable,No,Not Applicable,255,Cash,16,3.1,4.0
2024-07-17 13:49:00,CNR1035825406,Success,CID804491,Auto,Langford Town,Chickpet,210.0,100.0,Not Applicable,Not Applicable,Yes,Customer Demand,397,UPI,5,4.4,4.3
2024-07-10 18:36:00,CNR7191785413,Success,CID809503,Prime Plus,Richmond Town,Chickpet,252.0,105.0,Not Applicable,Not Applicable,No,Not Applicable,1039,UPI,15,3.3,4.5
2024-07-20 18:10:00,CNR2146935701,Success,CID672173,Mini,Kammanahalli,RT Nagar,238.0,60.0,Not Applicable,Not Applicable,No,Not Applicable,137,UPI,26,4.9,4.1
2024-07-03 10:49:00,CNR5981500832,Success,CID459930,Prime Sedan,Hebbal,HSR Layout,91.0,145.0,Not Applicable,Not Applicable,No,Not Applicable,333,UPI,35,4.6,3.6
2024-07-11 20:07:00,CNR6217845314,Canceled by Driver,CID388559,Prime Sedan,Marathahalli,Sarjapur Road,,,Not Applicable,Customer was coughing/sick,Not Applicable,Not Applicable,500,Not Applicable,0,,
2024-07-29 09:03:00,CNR3397343657,Success,CID825843,Prime Plus,Shantinagar,HSR Layout,224.0,45.0,Not Applicable,Not Applicable,No,Not Applicable,426,Cash,24,4.3,3.8
2024-07-30 01:55:00,CNR9951320070,Success,CID457277,Prime Plus,Varthur,Richmond Town,147.0,30.0,Not Applicable,Not Applicable,No,Not Applicable,2084,Cash,7,4.1,4.3
2024-07-07 12:23:00,CNR4093311301,Success,CID512134,Prime Sedan,Jayanagar,Peenya,189.0,130.0,Not Applicable,Not Applicable,No,Not Applicable,231,Cash,29,4.8,4.0
2024-07-21 16:18:00,CNR7104297215,Driver Not Found,CID398986,Prime Plus,Shivajinagar,Sahakar Nagar,,,Not Applicable,Not Applicable,Not Applicable,Not Applicable,441,Not Applicable,0,,
2024-07-25 18:07:00,CNR1651350169,Success,CID234517,Prime Sedan,Cox Town,Koramangala,70.0,60.0,Not Applicable,Not Applicable,No,Not Applicable,178,UPI,18,4.4,4.7
2024-07-19 22:47:00,CNR9470611792,Success,CID571684,Auto,Devanahalli,Vijayanagar,133.0,110.0,Not Applicable,Not Applicable,No,Not Applicable,279,Cash,2,4.0,4.9
2024-07-11 16:29:00,CNR8381851131,Success,CID111918,Prime Sedan,Hennur,Peenya,56.0,35.0,Not Applicable,Not Applicable,No,Not Applicable,176,UPI,22,3.9,4.3
2024-07-25 03:06:00,CNR7880918625,Success,CID630350,Mini,Banashankari,Hebbal,308.0,40.0,Not Applicable,Not Applicable,No,Not Applicable,871,UPI,46,3.6,4.0
2024-07-19 13:28:00,CNR2875689147,Success,CID798777,Mini,Shivajinagar,Shantinagar,217.0,100.0,Not Applicable,Not Applicable,No,Not Applicable,256,Cash,24,3.9,3.3
2024-07-18 10:06:00,CNR5144367119,Success,CID512158,Prime Plus,Koramangala,Rajarajeshwari Nagar,126.0,130.0,Not Applicable,Not Applicable,No,Not Applicable,623,Cash,6,5.0,3.5
2024-07-29 15:58:00,CNR6405912404,Success,CID355810,Prime Plus,Hosur Road,Indiranagar,189.0,120.0,Not Applicable,Not Applicable,No,Not Applicable,624,UPI,7,3.5,3.1
2024-07-26 20:08:00,CNR4793998915,Success,CID673148,Bike,Malleshwaram,MG Road,56.0,145.0,Not Applicable,Not Applicable,Yes,Customer Demand,450,Cash,24,4.2,4.3
2024-07-29 04:40:00,CNR7365240018,Success,CID564785,Prime SUV,Shantinagar,KR Puram,308.0,50.0,Not Applicable,Not Applicable,Yes,Customer Demand,325,Cash,24,4.4,4.3
2024-07-06 03:04:00,CNR9110050646,Success,CID942129,eBike,Banashankari,Jayanagar,63.0,100.0,Not Applicable,Not Applicable,No,Not Applicable,189,UPI,29,4.7,4.1
2024-07-06 02:48:00,CNR3081440005,Canceled by Customer,CID801135,Auto,Richmond Town,Malleshwaram,,,Driver asked to cancel,Not Applicable,Not Applicable,Not Applicable,298,Not Applicable,0,,
2024-07-25 13:18:00,CNR7917734583,Success,CID890703,Auto,Ulsoor,Devanahalli,259.0,115.0,Not Applicable,Not Applicable,No,Not Applicable,615,Cash,12,3.5,4.9
2024-07-24 20:27:00,CNR7015348456,Success,CID630945,Prime SUV,Langford Town,Majestic,91.0,35.0,Not Applicable,Not Applicable,No,Not Applicable,313,UPI,26,3.6,3.6
2024-07-18 02:58:00,CNR6195720360,Success,CID979869,Auto,Cox Town,Nagarbhavi,245.0,110.0,Not Applicable,Not Applicable,No,Not Applicable,145,Cash,6,3.8,3.4
2024-07-17 02:33:00,CNR4456058426,Canceled by Driver,CID364543,Mini,Peenya,Electronic City,,,Not Applicable,Customer related issue,Not Applicable,Not Applicable,656,Not Applicable,0,,
2024-07-26 13:30:00,CNR6534117832,Driver Not Found,CID487333,eBike,Kadugodi,JP Nagar,,,Not Applicable,Not Applicable,Not Applicable,Not Applicable,698,Not Applicable,0,,
2024-07-04 23:03:00,CNR1968016136,Canceled by Customer,CID852412,Auto,Frazer Town,RT Nagar,,,Driver is not moving towards pickup location,Not Applicable,Not Applicable,Not Applicable,136,Not Applicable,0,,
2024-07-06 16:38:00,CNR3319571384,Driver Not Found,CID257807,Prime Plus,Mysore Road,Electronic City,,,Not Applicable,Not Applicable,Not Applicable,Not Applicable,270,Not Applicable,0,,
2024-07-03 13:36:00,CNR8077274686,Success,CID934077,Auto,Hennur,RT Nagar,203.0,85.0,Not Applicable,Not Applicable,No,Not Applicable,307,Cash,16,4.3,4.2
2024-07-19 06:25:00,CNR1630700265,Success,CID508274,Prime Plus,Majestic,Kammanahalli,35.0,110.0,Not Applicable,Not Applicable,No,Not Applicable,469,Cash,39,3.4,3.1
2024-07-14 15:11:00,CNR4729483968,Driver Not Found,CID801496,Bike,Bellandur,Frazer Town,,,Not Applicable,Not Applicable,Not Applicable,Not Applicable,327,Not Applicable,0,,
2024-07-09 13:36:00,CNR3968777700,Success,CID579435,Prime Sedan,Frazer Town,Sahakar Nagar,196.0,35.0,Not Applicable,Not Applicable,No,Not Applicable,275,Cash,16,3.8,3.7
2024-07-09 20:39:00,CNR4858723979,Success,CID517633,eBike,JP Nagar,Frazer Town,133.0,80.0,Not Applicable,Not Applicable,No,Not Applicable,137,Cash,2,3.8,4.9
2024-07-23 21:35:00,CNR9213655253,Success,CID556888,Prime Plus,Kengeri,Jayanagar,77.0,115.0,Not Applicable,Not Applicable,No,Not Applicable,582,UPI,7,4.1,4.5
2024-07-02 21:42:00,CNR4487813801,Driver Not Found,CID554603,Prime SUV,JP Nagar,KR Puram,,,Not Applicable,Not Applicable,Not Applicable,Not Applicable,719,Not Applicable,0,,
2024-07-15 05:29:00,CNR6198603085,Canceled by Driver,CID705924,Mini,Hennur,Nagarbhavi,,,Not Applicable,More than permitted people in there,Not Applicable,Not Applicable,382,Not Applicable,0,,
2024-07-14 14:43:00,CNR7045345627,Success,CID155253,Bike,Varthur,Majestic,140.0,30.0,Not Applicable,Not Applicable,No,Not Applicable,828,Cash,35,3.6,3.4
2024-07-23 22:02:00,CNR2124673230,Success,CID400555,Bike,Yeshwanthpur,Langford Town,217.0,135.0,Not Applicable,Not Applicable,No,Not Applicable,726,Cash,43,4.5,3.7
2024-07-21 08:27:00,CNR1505982478,Driver Not Found,CID290570,eBike,Kammanahalli,Frazer Town,,,Not Applicable,Not Applicable,Not Applicable,Not Applicable,799,Not Applicable,0,,
2024-07-24 13:07:00,CNR8756528615,Canceled by Driver,CID273512,eBike,Hosur Road,Shantinagar,,,Not Applicable,Customer was coughing/sick,Not Applicable,Not Applicable,667,Not Applicable,0,,
2024-07-03 23:39:00,CNR5390078535,Success,CID996487,Prime Sedan,Electronic City,Tumkur Road,217.0,145.0,Not Applicable,Not Applicable,No,Not Applicable,864,UPI,33,4.7,3.7
2024-07-22 13:45:00,CNR4935378861,Success,CID188638,eBike,Frazer Town,Kadugodi,203.0,45.0,Not Applicable,Not Applicable,Yes,Customer Demand,570,UPI,36,4.1,4.3
2024-07-17 15:05:00,CNR2263610079,Driver Not Found,CID284064,Mini,Frazer Town,Vijayanagar,,,Not Applicable,Not Applicable,Not Applicable,Not Applicable,452,Not Applicable,0,,
2024-07-09 10:14:00,CNR8901429467,Success,CID105998,Prime SUV,BTM Layout,Chamarajpet,287.0,75.0,Not Applicable,Not Applicable,No,Not Applicable,355,Cash,29,4.6,3.8
2024-07-27 10:32:00,CNR5490654749,Canceled by Driver,CID167069,Prime SUV,Majestic,HSR Layout,,,Not Applicable,Personal & Car related issue,Not Applicable,Not Applicable,392,Not Applicable,0,,
2024-07-26 22:12:00,CNR5502166816,Success,CID763262,Mini,Kengeri,Rajarajeshwari Nagar,140.0,110.0,Not Applicable,Not Applicable,No,Not Applicable,179,Cash,9,3.6,4.7
2024-07-24 04:24:00,CNR8033736999,Canceled by Customer,CID971258,Bike,Ulsoor,Hulimavu,,,Driver asked to cancel,Not Applicable,Not Applicable,Not Applicable,159,Not Applicable,0,,
2024-07-19 21:38:00,CNR4055298162,Success,CID397212,Bike,Bannerghatta Road,Tumkur Road,294.0,40.0,Not Applicable,Not Applicable,No,Not Applicable,159,Cash,11,4.8,3.3
2024-07-18 04:58:00,CNR9419299142,Success,CID333316,eBike,Bellandur,Hennur,161.0,105.0,Not Applicable,Not Applicable,No,Not Applicable,251,Cash,1,3.1,4.1
2024-07-13 17:04:00,CNR8444411229,Success,CID766983,Prime Plus,Basavanagudi,Shivajinagar,301.0,85.0,Not Applicable,Not Applicable,Yes,Customer Demand,283,Cash,44,3.1,4.1
2024-07-29 06:02:00,CNR4336449558,Success,CID655480,Prime SUV,Bellandur,Sarjapur Road,147.0,110.0,Not Applicable,Not Applicable,No,Not Applicable,418,Cash,21,4.7,4.1
2024-07-11 00:19:00,CNR6372680329,Success,CID509088,Mini,RT Nagar,Rajajinagar,175.0,60.0,Not Applicable,Not Applicable,No,Not Applicable,2053,Cash,38,4.9,4.5
2024-07-25 13:09:00,CNR9460965652,Canceled by Driver,CID654892,Auto,Devanahalli,Marathahalli,,,Not Applicable,More than permitted people in there,Not Applicable,Not Applicable,307,Not Applicable,0,,
2024-07-02 06:42:00,CNR7864976206,Canceled by Driver,CID324575,eBike,Malleshwaram,KR Puram,,,Not Applicable,Customer was coughing/sick,Not Applicable,Not Applicable,417,Not Applicable,0,,
2024-07-22 10:41:00,CNR1139024005,Success,CID855245,Mini,Sahakar Nagar,Hennur,56.0,110.0,Not Applicable,Not Applicable,No,Not Applicable,407,Cash,25,4.4,4.0
2024-07-25 14:48:00,CNR4059980290,Success,CID164648,Mini,Bellandur,Kadugodi,35.0,105.0,Not Applicable,Not Applicable,No,Not Applicable,735,Cash,49,4.0,4.8
2024-07-20 22:31:00,CNR3872127854,Success,CID445044,Prime Sedan,Malleshwaram,Sahakar Nagar,189.0,125.0,Not Applicable,Not Applicable,No,Not Applicable,701,UPI,4,4.3,4.8
2024-07-06 23:44:00,CNR6778942671,Driver Not Found,CID641863,Prime Plus,Varthur,Ramamurthy Nagar,,,Not Applicable,Not Applicable,Not Applicable,Not Applicable,349,Not Applicable,0,,
2024-07-22 03:12:00,CNR2936897328,Canceled by Customer,CID240203,eBike,Richmond Town,Varthur,,,Driver is not moving towards pickup location,Not Applicable,Not Applicable,Not Applicable,818,Not Applicable,0,,
2024-07-16 06:40:00,CNR3476855397,Success,CID240763,Mini,Mysore Road,Koramangala,147.0,105.0,Not Applicable,Not Applicable,No,Not Applicable,416,UPI,21,4.1,3.7
2024-07-19 19:25:00,CNR4494311671,Success,CID466947,Prime Sedan,RT Nagar,Hosur Road,238.0,105.0,Not Applicable,Not Applicable,No,Not Applicable,749,Cash,23,3.7,4.1
2024-07-24 02:42:00,CNR2687518015,Canceled by Driver,CID996591,Prime SUV,Yelahanka,Marathahalli,,,Not Applicable,Customer related issue,Not Applicable,Not Applicable,786,Not Applicable,0,,
2024-07-29 22:49:00,CNR4773068451,Canceled by Driver,CID482813,Prime Plus,RT Nagar,Hebbal,,,Not Applicable,Customer was coughing/sick,Not Applicable,Not Applicable,253,Not Applicable,0,,
2024-07-02 16:50:00,CNR4785388887,Canceled by Customer,CID297104,Bike,Nagarbhavi,Bannerghatta Road,,,Driver is not moving towards pickup location,Not Applicable,Not Applicable,Not Applicable,163,Not Applicable,0,,
2024-07-14 20:13:00,CNR4689604891,Canceled by Driver,CID413875,Auto,Indiranagar,Majestic,,,Not Applicable,Personal & Car related issue,Not Applicable,Not Applicable,892,Not Applicable,0,,
2024-07-28 16:07:00,CNR8496684551,Success,CID358849,eBike,Mysore Road,Sarjapur Road,154.0,70.0,Not Applicable,Not Applicable,No,Not Applicable,671,UPI,45,4.1,3.3
2024-07-05 16:02:00,CNR2976630139,Success,CID148742,eBike,Peenya,Hebbal,287.0,65.0,Not Applicable,Not Applicable,No,Not Applicable,643,UPI,49,3.1,3.2
2024-07-16 20:17:00,CNR6945628314,Success,CID302333,Prime Plus,Shantinagar,Tumkur Road,238.0,105.0,Not Applicable,Not Applicable,No,Not Applicable,621,Cash,40,4.4,5.0
2024-07-26 22:26:00,CNR7119850281,Canceled by Customer,CID497504,Mini,Indiranagar,Ulsoor,,,Driver asked to cancel,Not Applicable,Not Applicable,Not Applicable,284,Not Applicable,0,,
2024-07-20 15:16:00,CNR4491253489,Canceled by Customer,CID108506,Bike,Vijayanagar,Marathahalli,,,AC is Not working,Not Applicable,Not Applicable,Not Applicable,153,Not Applicable,0,,
2024-07-28 06:36:00,CNR2970534600,Canceled by Driver,CID912188,Bike,Yeshwanthpur,Vijayanagar,,,Not Applicable,Customer was coughing/sick,Not Applicable,Not Applicable,200,Not Applicable,0,,
2024-07-10 11:13:00,CNR1675061572,Canceled by Driver,CID139809,Bike,Sahakar Nagar,Majestic,,,Not Applicable,Customer related issue,Not Applicable,Not Applicable,793,Not Applicable,0,,
2024-07-17 13:42:00,CNR7766343019,Success,CID798697,eBike,Yelahanka,Magadi Road,105.0,45.0,Not Applicable,Not Applicable,No,Not Applicable,388,UPI,35,4.7,3.8
2024-07-21 05:08:00,CNR6341297316,Success,CID201685,Bike,Rajajinagar,Marathahalli,301.0,65.0,Not Applicable,Not Applicable,No,Not Applicable,325,Cash,9,4.5,4.8
2024-07-27 22:19:00,CNR9743545002,Canceled by Driver,CID490150,Prime Sedan,Kadugodi,Mysore Road,,,Not Applicable,Customer was coughing/sick,Not Applicable,Not Applicable,832,Not Applicable,0,,
2024-07-21 14:57:00,CNR9201616467,Success,CID327584,Prime Plus,Cox Town,Chickpet,140.0,100.0,Not Applicable,Not Applicable,No,Not Applicable,249,Cash,23,4.8,4.7
2024-07-18 07:28:00,CNR3923601551,Success,CID685005,Bike,Bellandur,Hebbal,154.0,70.0,Not Applicable,Not Applicable,No,Not Applicable,456,Cash,42,4.4,3.5
2024-07-11 08:05:00,CNR4288901773,Success,CID646814,eBike,Bellandur,Kengeri,161.0,145.0,Not Applicable,Not Applicable,No,Not Applicable,166,Cash,8,3.3,4.2
2024-07-10 20:58:00,CNR8819209154,Success,CID691192,Mini,RT Nagar,Ramamurthy Nagar,231.0,70.0,Not Applicable,Not Applicable,No,Not Applicable,157,UPI,44,3.6,4.6
2024-07-06 23:02:00,CNR8136497195,Canceled by Driver,CID765333,Prime Sedan,Magadi Road,Padmanabhanagar,,,Not Applicable,Personal & Car related issue,Not Applicable,Not Applicable,177,Not Applicable,0,,
2024-07-30 21:47:00,CNR3889877391,Success,CID940603,Prime Sedan,Sarjapur Road,HSR Layout,49.0,135.0,Not Applicable,Not Applicable,No,Not Applicable,1850,Cash,34,3.8,3.4
2024-07-27 12:18:00,CNR6904053717,Driver Not Found,CID715873,Prime SUV,Banashankari,Bannerghatta Road,,,Not Applicable,Not Applicable,Not Applicable,Not Applicable,211,Not Applicable,0,,
2024-07-01 15:35:00,CNR2901836112,Success,CID439166,Prime Plus,Malleshwaram,Kadugodi,308.0,75.0,Not Applicable,Not Applicable,No,Not Applicable,167,Cash,29,3.1,4.8
2024-07-09 13:17:00,CNR4294953180,Canceled by Driver,CID451723,Mini,BTM Layout,Whitefield,,,Not Applicable,Customer related issue,Not Applicable,Not Applicable,413,Not Applicable,0,,
2024-07-01 13:34:00,CNR2895930796,Success,CID161056,Mini,Magadi Road,JP Nagar,105.0,30.0,Not Applicable,Not Applicable,No,Not Applicable,361,UPI,47,3.3,4.0
2024-07-21 23:21:00,CNR4494054625,Success,CID260612,Bike,Malleshwaram,Varthur,98.0,65.0,Not Applicable,Not Applicable,No,Not Applicable,429,Cash,29,4.0,3.2
2024-07-26 15:29:00,CNR7845745918,Success,CID344288,Mini,Malleshwaram,Nagarbhavi,252.0,115.0,Not Applicable,Not Applicable,No,Not Applicable,2893,Cash,20,3.4,4.2
2024-07-23 12:29:00,CNR3124454630,Success,CID114923,Auto,Nagarbhavi,Chickpet,98.0,75.0,Not Applicable,Not Applicable,No,Not Applicable,423,UPI,12,4.1,3.5
2024-07-12 03:40:00,CNR6310173805,Success,CID183539,Prime SUV,Chickpet,Ulsoor,161.0,120.0,Not Applicable,Not Applicable,No,Not Applicable,310,Cash,43,4.3,4.5
2024-07-17 12:53:00,CNR8925833264,Canceled by Driver,CID577338,eBike,Devanahalli,Yeshwanthpur,,,Not Applicable,Customer was coughing/sick,Not Applicable,Not Applicable,1078,Not Applicable,0,,
2024-07-18 03:36:00,CNR4862321833,Canceled by Driver,CID488054,Prime SUV,Nagarbhavi,Devanahalli,,,Not Applicable,Personal & Car related issue,Not Applicable,Not Applicable,359,Not Applicable,0,,
2024-07-08 23:36:00,CNR1339273723,Success,CID647767,Prime SUV,Kengeri,Sahakar Nagar,238.0,60.0,Not Applicable,Not Applicable,No,Not Applicable,245,UPI,7,4.1,3.7
2024-07-04 06:54:00,CNR2806507892,Driver Not Found,CID720930,Mini,Hennur,Bellandur,,,Not Applicable,Not Applicable,Not Applicable,Not Applicable,2481,Not Applicable,0,,
2024-07-29 17:46:00,CNR9137190755,Driver Not Found,CID118188,eBike,Devanahalli,Marathahalli,,,Not Applicable,Not Applicable,Not Applicable,Not Applicable,276,Not Applicable,0,,
2024-07-22 14:31:00,CNR3280322249,Success,CID795737,Prime Plus,Shantinagar,Banashankari,266.0,55.0,Not Applicable,Not Applicable,No,Not Applicable,451,UPI,19,3.1,3.1
2024-07-01 18:45:00,CNR6854371725,Driver Not Found,CID866063,eBike,Langford Town,Ulsoor,,,Not Applicable,Not Applicable,Not Applicable,Not Applicable,461,Not Applicable,0,,
2024-07-26 15:56:00,CNR6600121095,Success,CID994441,Prime Plus,KR Puram,Chamarajpet,168.0,50.0,Not Applicable,Not Applicable,No,Not Applicable,288,UPI,46,4.8,4.6
2024-07-30 04:03:00,CNR8161924429,Success,CID342155,Prime Sedan,Frazer Town,BTM Layout,217.0,95.0,Not Applicable,Not Applicable,No,Not Applicable,224,UPI,8,3.5,3.1
2024-07-28 14:54:00,CNR7213833547,Driver Not Found,CID963129,Bike,Hennur,Cox Town,,,Not Applicable,Not Applicable,Not Applicable,Not Applicable,678,Not Applicable,0,,
2024-07-14 05:59:00,CNR8974744786,Success,CID856296,Prime Plus,Tumkur Road,Marathahalli,70.0,55.0,Not Applicable,Not Applicable,No,Not Applicable,200,Cash,27,4.6,3.1
2024-07-04 05:37:00,CNR2748153074,Success,CID287134,Prime Plus,Koramangala,Basavanagudi,301.0,40.0,Not Applicable,Not Applicable,No,Not Applicable,713,Cash,25,4.1,3.8
2024-07-12 03:45:00,CNR9759726125,Success,CID907986,eBike,Devanahalli,Kammanahalli,112.0,45.0,Not Applicable,Not Applicable,No,Not Applicable,617,Cash,35,4.9,3.5
2024-07-27 20:58:00,CNR9398730197,Canceled by Customer,CID470566,Mini,Yelahanka,Tumkur Road,,,Change of plans,Not Applicable,Not Applicable,Not Applicable,391,Not Applicable,0,,
2024-07-29 13:16:00,CNR6742046673,Success,CID486271,eBike,Kammanahalli,Mysore Road,147.0,80.0,Not Applicable,Not Applicable,No,Not Applicable,397,Cash,21,4.5,3.2
2024-07-10 12:12:00,CNR2360406079,Success,CID895815,Prime Sedan,Kadugodi,Rajajinagar,259.0,115.0,Not Applicable,Not Applicable,No,Not Applicable,310,UPI,14,3.4,3.9
2024-07-03 17:11:00,CNR4608699540,Success,CID151923,Auto,Hulimavu,Devanahalli,63.0,110.0,Not Applicable,Not Applicable,No,Not Applicable,936,Credit Card,16,4.7,4.0
2024-07-19 16:58:00,CNR6492273964,Success,CID975254,eBike,Cox Town,Kadugodi,280.0,125.0,Not Applicable,Not Applicable,No,Not Applicable,125,Credit Card,13,3.1,4.7
2024-07-04 01:47:00,CNR8610248422,Canceled by Driver,CID153288,Auto,MG Road,Chamarajpet,,,Not Applicable,More than permitted people in there,Not Applicable,Not Applicable,582,Not Applicable,0,,
2024-07-27 22:12:00,CNR7225718282,Driver Not Found,CID830675,Auto,Varthur,Malleshwaram,,,Not Applicable,Not Applicable,Not Applicable,Not Applicable,744,Not Applicable,0,,
2024-07-25 01:53:00,CNR8895792251,Canceled by Driver,CID845755,Mini,Padmanabhanagar,Marathahalli,,,Not Applicable,Customer related issue,Not Applicable,Not Applicable,943,Not Applicable,0,,
2024-07-27 20:54:00,CNR8122156422,Canceled by Driver,CID764210,eBike,Kadugodi,Hulimavu,,,Not Applicable,Customer was coughing/sick,Not Applicable,Not Applicable,2665,Not Applicable,0,,
2024-07-18 10:26:00,CNR9100699254,Success,CID817324,eBike,Majestic,Kadugodi,126.0,110.0,Not Applicable,Not Applicable,No,Not Applicable,180,UPI,45,3.9,4.4
2024-07-18 19:27:00,CNR5490484363,Driver Not Found,CID162755,Prime Plus,Marathahalli,Ramamurthy Nagar,,,Not Applicable,Not Applicable,Not Applicable,Not Applicable,435,Not Applicable,0,,
2024-07-23 21:53:00,CNR5760902066,Success,CID783413,Auto,Langford Town,Kammanahalli,245.0,70.0,Not Applicable,Not Applicable,No,Not Applicable,224,Cash,13,3.8,3.4
2024-07-15 12:32:00,CNR9009584159,Canceled by Driver,CID447959,Bike,Bannerghatta Road,Ulsoor,,,Not Applicable,Customer related issue,Not Applicable,Not Applicable,318,Not Applicable,0,,
2024-07-18 21:38:00,CNR6320880805,Success,CID262441,Prime Plus,JP Nagar,Kengeri,140.0,100.0,Not Applicable,Not Applicable,No,Not Applicable,527,Cash,49,4.0,3.6
2024-07-27 04:06:00,CNR3321355932,Success,CID511496,Prime SUV,Langford Town,Basavanagudi,210.0,35.0,Not Applicable,Not Applicable,No,Not Applicable,604,Cash,43,3.6,4.8
2024-07-01 00:20:00,CNR3716182911,Success,CID889625,Bike,BTM Layout,Peenya,147.0,140.0,Not Applicable,Not Applicable,No,Not Applicable,807,Cash,21,4.1,4.0
2024-07-10 16:09:00,CNR9954391216,Success,CID330047,Prime Sedan,MG Road,RT Nagar,203.0,145.0,Not Applicable,Not Applicable,No,Not Applicable,1155,UPI,13,3.1,5.0
2024-07-21 14:46:00,CNR1582442809,Success,CID304764,eBike,Malleshwaram,Padmanabhanagar,56.0,50.0,Not Applicable,Not Applicable,Yes,Vehicle Breakdown,442,Debit Card,29,3.1,5.0
2024-07-25 07:04:00,CNR1144019558,Success,CID824313,Prime Sedan,BTM Layout,MG Road,266.0,90.0,Not Applicable,Not Applicable,No,Not Applicable,329,Cash,24,4.5,4.0
2024-07-19 10:06:00,CNR7130472879,Canceled by Driver,CID282866,Prime SUV,Bannerghatta Road,Magadi Road,,,Not Applicable,Customer was coughing/sick,Not Applicable,Not Applicable,283,Not Applicable,0,,
2024-07-24 11:08:00,CNR1879259315,Success,CID308069,Prime SUV,BTM Layout,Cox Town,63.0,130.0,Not Applicable,Not Applicable,No,Not Applicable,378,Cash,16,4.6,3.1
2024-07-06 20:32:00,CNR6453714707,Success,CID739988,Mini,Basavanagudi,Ramamurthy Nagar,175.0,80.0,Not Applicable,Not Applicable,No,Not Applicable,264,Cash,15,3.1,4.4
2024-07-17 18:19:00,CNR9488214260,Success,CID928292,eBike,RT Nagar,Rajajinagar,126.0,65.0,Not Applicable,Not Applicable,No,Not Applicable,149,UPI,17,4.9,3.7
2024-07-02 12:23:00,CNR4231820727,Success,CID901455,Auto,Rajarajeshwari Nagar,Kadugodi,266.0,80.0,Not Applicable,Not Applicable,No,Not Applicable,787,Cash,14,4.2,3.6
2024-07-30 13:04:00,CNR1436275059,Canceled by Driver,CID237840,Prime SUV,Rajajinagar,Kengeri,,,Not Applicable,Customer was coughing/sick,Not Applicable,Not Applicable,124,Not Applicable,0,,
2024-07-05 14:32:00,CNR9952572884,Canceled by Customer,CID202773,eBike,Banashankari,Hebbal,,,Driver is not moving towards pickup location,Not Applicable,Not Applicable,Not Applicable,254,Not Applicable,0,,
2024-07-28 17:28:00,CNR5325552914,Driver Not Found,CID392565,Bike,Richmond Town,Basavanagudi,,,Not Applicable,Not Applicable,Not Applicable,Not Applicable,505,Not Applicable,0,,
2024-07-29 18:23:00,CNR2971517501,Success,CID384403,Bike,Tumkur Road,Jayanagar,147.0,65.0,Not Applicable,Not Applicable,No,Not Applicable,470,Cash,24,3.9,4.3
2024-07-21 21:16:00,CNR4250392516,Success,CID151925,Bike,JP Nagar,Mysore Road,252.0,50.0,Not Applicable,Not Applicable,No,Not Applicable,2560,UPI,21,3.8,4.8
2024-07-29 02:57:00,CNR6495077795,Driver Not Found,CID646230,Prime Plus,Hennur,Shantinagar,,,Not Applicable,Not Applicable,Not Applicable,Not Applicable,527,Not Applicable,0,,
2024-07-13 06:24:00,CNR9483581473,Driver Not Found,CID172948,eBike,Whitefield,Sarjapur Road,,,Not Applicable,Not Applicable,Not Applicable,Not Applicable,114,Not Applicable,0,,
2024-07-10 13:52:00,CNR6005072864,Success,CID221583,eBike,Rajajinagar,Whitefield,63.0,75.0,Not Applicable,Not Applicable,No,Not Applicable,415,UPI,26,4.2,3.2
2024-07-26 08:07:00,CNR6472854433,Success,CID255787,eBike,Peenya,Rajarajeshwari Nagar,161.0,35.0,Not Applicable,Not Applicable,No,Not Applicable,194,UPI,33,3.4,3.9
2024-07-07 18:54:00,CNR8788468413,Success,CID140498,Auto,Nagarbhavi,Chamarajpet,126.0,125.0,Not Applicable,Not Applicable,No,Not Applicable,228,Cash,8,4.7,3.4
2024-07-01 19:29:00,CNR1869501509,Success,CID835788,Prime SUV,Sahakar Nagar,Hebbal,84.0,55.0,Not Applicable,Not Applicable,No,Not Applicable,974,UPI,3,3.0,4.1
2024-07-30 03:43:00,CNR1143121723,Success,CID382356,eBike,Frazer Town,Devanahalli,252.0,85.0,Not Applicable,Not Applicable,No,Not Applicable,996,Cash,46,4.0,5.0
2024-07-15 00:56:00,CNR8170272619,Canceled by Driver,CID356014,Prime Plus,Chamarajpet,Hulimavu,,,Not Applicable,Personal & Car related issue,Not Applicable,Not Applicable,319,Not Applicable,0,,
2024-07-04 00:13:00,CNR4777619558,Success,CID219592,eBike,Vijayanagar,Sarjapur Road,42.0,135.0,Not Applicable,Not Applicable,No,Not Applicable,291,Cash,10,4.5,4.8
2024-07-12 05:44:00,CNR1736396471,Canceled by Customer,CID429275,Auto,Tumkur Road,Rajarajeshwari Nagar,,,Driver is not moving towards pickup location,Not Applicable,Not Applicable,Not Applicable,364,Not Applicable,0,,
2024-07-17 20:57:00,CNR6537572437,Success,CID644337,eBike,KR Puram,Marathahalli,91.0,60.0,Not Applicable,Not Applicable,No,Not Applicable,224,UPI,28,4.2,4.3
2024-07-19 19:49:00,CNR2883709530,Success,CID691472,eBike,Hulimavu,Rajajinagar,91.0,130.0,Not Applicable,Not Applicable,No,Not Applicable,522,Cash,27,3.4,3.0
2024-07-23 10:25:00,CNR6258165842,Success,CID269721,Prime SUV,Frazer Town,HSR Layout,119.0,60.0,Not Applicable,Not Applicable,No,Not Applicable,1513,UPI,41,3.3,4.9
2024-07-07 22:02:00,CNR4990181358,Success,CID520947,Auto,Hulimavu,Varthur,119.0,30.0,Not Applicable,Not Applicable,No,Not Applicable,2753,Cash,19,4.8,4.0
2024-07-24 18:10:00,CNR4475316033,Success,CID988054,Prime Plus,Yeshwanthpur,Electronic City,35.0,90.0,Not Applicable,Not Applicable,No,Not Applicable,143,Cash,10,5.0,3.0
2024-07-17 08:21:00,CNR6434305141,Success,CID964512,Prime SUV,HSR Layout,Kengeri,63.0,55.0,Not Applicable,Not Applicable,No,Not Applicable,497,Credit Card,38,4.3,4.9
2024-07-28 00:53:00,CNR4379209752,Success,CID542941,Prime Sedan,Sahakar Nagar,Rajarajeshwari Nagar,238.0,140.0,Not Applicable,Not Applicable,No,Not Applicable,493,Cash,41,4.8,4.6
2024-07-11 04:37:00,CNR1585934374,Driver Not Found,CID258888,Prime Plus,Richmond Town,Ramamurthy Nagar,,,Not Applicable,Not Applicable,Not Applicable,Not Applicable,329,Not Applicable,0,,
2024-07-17 18:25:00,CNR5059093013,Driver Not Found,CID822882,Prime Sedan,Bellandur,KR Puram,,,Not Applicable,Not Applicable,Not Applicable,Not Applicable,265,Not Applicable,0,,
2024-07-20 10:13:00,CNR3874638775,Canceled by Driver,CID555978,Mini,Yelahanka,Banashankari,,,Not Applicable,Personal & Car related issue,Not Applicable,Not Applicable,797,Not Applicable,0,,
2024-07-21 04:48:00,CNR4369448557,Success,CID616152,Prime SUV,Ramamurthy Nagar,HSR Layout,84.0,110.0,Not Applicable,Not Applicable,No,Not Applicable,548,UPI,13,3.7,4.3
2024-07-03 19:56:00,CNR2591650066,Canceled by Driver,CID472331,Auto,Electronic City,Kammanahalli,,,Not Applicable,Personal & Car related issue,Not Applicable,Not Applicable,449,Not Applicable,0,,
2024-07-03 18:16:00,CNR2139395047,Success,CID645653,Prime Plus,Chickpet,Ramamurthy Nagar,154.0,95.0,Not Applicable,Not Applicable,Yes,Vehicle Breakdown,529,Cash,37,4.7,4.0
2024-07-09 14:03:00,CNR3396054014,Canceled by Driver,CID100647,Bike,Shantinagar,Tumkur Road,,,Not Applicable,Personal & Car related issue,Not Applicable,Not Applicable,938,Not Applicable,0,,
2024-07-29 08:30:00,CNR3944517486,Canceled by Customer,CID911421,Mini,Padmanabhanagar,Bellandur,,,Driver asked to cancel,Not Applicable,Not Applicable,Not Applicable,583,Not Applicable,0,,
2024-07-07 05:03:00,CNR1917939011,Canceled by Driver,CID505315,Mini,Chickpet,Peenya,,,Not Applicable,Personal & Car related issue,Not Applicable,Not Applicable,913,Not Applicable,0,,
2024-07-05 10:34:00,CNR4603943801,Canceled by Customer,CID326846,Bike,Koramangala,Tumkur Road,,,Driver asked to cancel,Not Applicable,Not Applicable,Not Applicable,337,Not Applicable,0,,
2024-07-08 20:03:00,CNR3696390053,Canceled by Driver,CID274804,Prime Sedan,Majestic,Chamarajpet,,,Not Applicable,Customer was coughing/sick,Not Applicable,Not Applicable,117,Not Applicable,0,,
2024-07-28 05:40:00,CNR5188662244,Canceled by Customer,CID699350,Prime Plus,Kadugodi,Tumkur Road,,,Driver is not moving towards pickup location,Not Applicable,Not Applicable,Not Applicable,754,Not Applicable,0,,
2024-07-28 00:22:00,CNR9637950508,Canceled by Customer,CID699479,Prime SUV,Hosur Road,Tumkur Road,,,Wrong Address,Not Applicable,Not Applicable,Not Applicable,837,Not Applicable,0,,
2024-07-09 09:10:00,CNR3430370998,Success,CID412829,Prime Plus,HSR Layout,Koramangala,35.0,25.0,Not Applicable,Not Applicable,No,Not Applicable,105,Cash,33,4.4,3.3
2024-07-24 22:46:00,CNR1540967890,Canceled by Driver,CID203304,Prime Sedan,MG Road,RT Nagar,,,Not Applicable,Customer related issue,Not Applicable,Not Applicable,316,Not Applicable,0,,
2024-07-27 10:48:00,CNR5770825087,Success,CID583229,Bike,Nagarbhavi,Peenya,224.0,100.0,Not Applicable,Not Applicable,No,Not Applicable,285,UPI,6,3.2,3.7
2024-07-27 15:40:00,CNR7013705501,Success,CID998001,eBike,Vijayanagar,Hosur Road,287.0,80.0,Not Applicable,Not Applicable,No,Not Applicable,415,UPI,2,3.7,4.6
2024-07-28 02:44:00,CNR6885979871,Success,CID552865,Prime Plus,Marathahalli,Frazer Town,70.0,25.0,Not Applicable,Not Applicable,No,Not Applicable,937,UPI,46,3.0,4.2
2024-07-24 02:11:00,CNR1535871468,Driver Not Found,CID579088,Auto,Mysore Road,Devanahalli,,,Not Applicable,Not Applicable,Not Applicable,Not Applicable,2107,Not Applicable,0,,
2024-07-17 15:00:00,CNR3380600762,Success,CID527535,Prime Plus,Kammanahalli,Koramangala,203.0,105.0,Not Applicable,Not Applicable,No,Not Applicable,120,UPI,7,4.9,3.4
2024-07-01 04:30:00,CNR9433879670,Canceled by Driver,CID253667,Mini,Vijayanagar,Nagarbhavi,,,Not Applicable,More than permitted people in there,Not Applicable,Not Applicable,417,Not Applicable,0,,
2024-07-27 02:59:00,CNR9842350922,Canceled by Driver,CID114965,Mini,Yelahanka,Bellandur,,,Not Applicable,Customer related issue,Not Applicable,Not Applicable,199,Not Applicable,0,,
2024-07-13 21:53:00,CNR6331404873,Success,CID853515,Bike,Yelahanka,Padmanabhanagar,140.0,40.0,Not Applicable,Not Applicable,No,Not Applicable,431,Cash,9,4.6,3.4
2024-07-30 20:55:00,CNR4664875861,Success,CID797090,Prime SUV,Ulsoor,Sahakar Nagar,77.0,140.0,Not Applicable,Not Applicable,No,Not Applicable,428,UPI,6,4.7,4.2
2024-07-21 13:34:00,CNR2487311053,Success,CID422607,Prime Sedan,Marathahalli,JP Nagar,182.0,30.0,Not Applicable,Not Applicable,No,Not Applicable,264,UPI,10,3.5,4.3
2024-07-16 18:13:00,CNR7821423130,Success,CID842114,Bike,Mysore Road,Rajajinagar,252.0,30.0,Not Applicable,Not Applicable,No,Not Applicable,2990,Cash,28,3.1,3.6
2024-07-24 07:27:00,CNR8406487051,Success,CID365104,Prime SUV,Vijayanagar,Rajajinagar,70.0,60.0,Not Applicable,Not Applicable,No,Not Applicable,464,UPI,36,4.1,4.5
2024-07-28 18:24:00,CNR9912331595,Canceled by Driver,CID304459,Auto,Ramamurthy Nagar,Marathahalli,,,Not Applicable,Customer related issue,Not Applicable,Not Applicable,153,Not Applicable,0,,
2024-07-21 15:37:00,CNR4369527435,Canceled by Driver,CID483487,eBike,Ulsoor,RT Nagar,,,Not Applicable,Personal & Car related issue,Not Applicable,Not Applicable,795,Not Applicable,0,,
2024-07-25 09:30:00,CNR3043796021,Canceled by Customer,CID469711,Prime Sedan,KR Puram,Kammanahalli,,,Driver is not moving towards pickup location,Not Applicable,Not Applicable,Not Applicable,1777,Not Applicable,0,,
2024-07-14 11:01:00,CNR8528501348,Canceled by Customer,CID994189,eBike,MG Road,Rajajinagar,,,Change of plans,Not Applicable,Not Applicable,Not Applicable,203,Not Applicable,0,,
2024-07-18 19:28:00,CNR5827757803,Success,CID336240,Prime Plus,Whitefield,JP Nagar,301.0,25.0,Not Applicable,Not Applicable,No,Not Applicable,427,Cash,20,3.3,3.1
2024-07-08 15:37:00,CNR8407773786,Success,CID356672,Auto,Ulsoor,Kadugodi,133.0,45.0,Not Applicable,Not Applicable,No,Not Applicable,329,UPI,4,4.1,3.1
2024-07-03 21:53:00,CNR1934309808,Success,CID680227,Prime Sedan,Peenya,Mysore Road,287.0,110.0,Not Applicable,Not Applicable,No,Not Applicable,374,Cash,14,3.3,3.7
2024-07-24 12:48:00,CNR9267660284,Success,CID370428,Auto,Yelahanka,Koramangala,259.0,65.0,Not Applicable,Not Applicable,No,Not Applicable,987,UPI,14,4.1,3.0
2024-07-20 02:53:00,CNR1979087091,Success,CID730237,Auto,Nagarbhavi,Tumkur Road,294.0,65.0,Not Applicable,Not Applicable,No,Not Applicable,260,Cash,8,4.9,4.9
2024-07-12 09:43:00,CNR4047803649,Success,CID871293,Auto,Langford Town,Banashankari,210.0,130.0,Not Applicable,Not Applicable,No,Not Applicable,427,UPI,1,4.5,4.1
2024-07-22 14:37:00,CNR7907497192,Success,CID905096,Prime Sedan,Basavanagudi,Yelahanka,63.0,85.0,Not Applicable,Not Applicable,No,Not Applicable,401,UPI,8,3.9,3.3
2024-07-20 13:11:00,CNR8275353788,Canceled by Driver,CID755744,Prime Plus,Indiranagar,HSR Layout,,,Not Applicable,Personal & Car related issue,Not Applicable,Not Applicable,844,Not Applicable,0,,
2024-07-04 00:46:00,CNR8858487749,Success,CID218277,Auto,Yeshwanthpur,KR Puram,175.0,120.0,Not Applicable,Not Applicable,No,Not Applicable,700,Cash,9,4.3,3.5
2024-07-30 09:37:00,CNR3977713607,Driver Not Found,CID274118,Prime SUV,Cox Town,Hebbal,,,Not Applicable,Not Applicable,Not Applicable,Not Applicable,112,Not Applicable,0,,
2024-07-10 20:39:00,CNR7428628898,Success,CID829707,Prime Sedan,Varthur,JP Nagar,245.0,95.0,Not Applicable,Not Applicable,No,Not Applicable,290,Cash,47,3.1,4.9
2024-07-06 20:10:00,CNR9826826561,Success,CID740116,Prime Sedan,Devanahalli,Ulsoor,259.0,95.0,Not Applicable,Not Applicable,No,Not Applicable,137,UPI,26,3.1,3.4
2024-07-10 05:12:00,CNR5244786910,Success,CID521917,eBike,Ramamurthy Nagar,Ramamurthy Nagar,259.0,60.0,Not Applicable,Not Applicable,No,Not Applicable,2470,Cash,8,4.3,3.9
2024-07-11 12:57:00,CNR7611270965,Canceled by Driver,CID997794,Mini,Electronic City,Marathahalli,,,Not Applicable,Personal & Car related issue,Not Applicable,Not Applicable,700,Not Applicable,0,,
2024-07-19 01:24:00,CNR3868370559,Success,CID955403,Mini,Devanahalli,HSR Layout,287.0,145.0,Not Applicable,Not Applicable,No,Not Applicable,606,UPI,41,3.7,4.7
2024-07-08 00:12:00,CNR9272960711,Success,CID462814,Prime SUV,Devanahalli,Langford Town,182.0,35.0,Not Applicable,Not Applicable,No,Not Applicable,768,UPI,21,3.3,4.6
2024-07-05 10:15:00,CNR4431519685,Success,CID264119,Prime Sedan,Malleshwaram,Tumkur Road,63.0,125.0,Not Applicable,Not Applicable,No,Not Applicable,377,Cash,24,3.4,3.2
2024-07-11 10:22:00,CNR4100151127,Canceled by Driver,CID577583,Prime SUV,Devanahalli,Yelahanka,,,Not Applicable,Customer was coughing/sick,Not Applicable,Not Applicable,348,Not Applicable,0,,
2024-07-12 12:52:00,CNR9024846008,Success,CID109732,eBike,Bellandur,Malleshwaram,154.0,75.0,Not Applicable,Not Applicable,No,Not Applicable,382,UPI,35,4.7,4.3
2024-07-19 00:14:00,CNR6657101943,Driver Not Found,CID590005,Prime Sedan,Malleshwaram,Kadugodi,,,Not Applicable,Not Applicable,Not Applicable,Not Applicable,447,Not Applicable,0,,
2024-07-21 12:05:00,CNR8701562142,Driver Not Found,CID324113,Prime SUV,Ulsoor,Electronic City,,,Not Applicable,Not Applicable,Not Applicable,Not Applicable,184,Not Applicable,0,,
2024-07-14 10:21:00,CNR9745154118,Driver Not Found,CID463606,Mini,Mysore Road,Whitefield,,,Not Applicable,Not Applicable,Not Applicable,Not Applicable,2863,Not Applicable,0,,
2024-07-15 18:54:00,CNR7927853405,Driver Not Found,CID492336,eBike,Hosur Road,HSR Layout,,,Not Applicable,Not Applicable,Not Applicable,Not Applicable,333,Not Applicable,0,,
2024-07-07 12:40:00,CNR5834101214,Driver Not Found,CID578469,Prime Plus,Hosur Road,Whitefield,,,Not Applicable,Not Applicable,Not Applicable,Not Applicable,348,Not Applicable,0,,
2024-07-17 23:01:00,CNR5169581548,Success,CID293555,Bike,Nagarbhavi,Bellandur,273.0,105.0,Not Applicable,Not Applicable,No,Not Applicable,204,UPI,42,3.3,3.9
2024-07-20 04:55:00,CNR3055685207,Canceled by Customer,CID884466,Bike,Hebbal,Basavanagudi,,,Driver asked to cancel,Not Applicable,Not Applicable,Not Applicable,484,Not Applicable,0,,
2024-07-16 02:04:00,CNR6895984627,Success,CID669244,Prime SUV,Hennur,Indiranagar,168.0,105.0,Not Applicable,Not Applicable,No,Not Applicable,382,UPI,14,3.7,4.0
2024-07-24 19:04:00,CNR9398058099,Canceled by Driver,CID427375,Prime SUV,Peenya,Hebbal,,,Not Applicable,Customer related issue,Not Applicable,Not Applicable,166,Not Applicable,0,,
2024-07-17 20:56:00,CNR5872062896,Success,CID968606,Bike,Devanahalli,Yeshwanthpur,154.0,55.0,Not Applicable,Not Applicable,No,Not Applicable,257,Cash,32,4.5,4.5
2024-07-28 21:06:00,CNR7070542004,Canceled by Customer,CID549807,Auto,Cox Town,Cox Town,,,Driver asked to cancel,Not Applicable,Not Applicable,Not Applicable,263,Not Applicable,0,,
2024-07-22 06:31:00,CNR5951844348,Canceled by Customer,CID256489,Prime Plus,Hebbal,Tumkur Road,,,AC is Not working,Not Applicable,Not Applicable,Not Applicable,356,Not Applicable,0,,
2024-07-12 12:29:00,CNR3030686866,Canceled by Customer,CID386366,Prime Sedan,Majestic,Sahakar Nagar,,,Change of plans,Not Applicable,Not Applicable,Not Applicable,421,Not Applicable,0,,
2024-07-28 06:06:00,CNR9285500111,Success,CID750020,Prime Sedan,Shantinagar,Indiranagar,126.0,35.0,Not Applicable,Not Applicable,Yes,Customer Demand,313,UPI,9,3.6,4.1
2024-07-15 00:46:00,CNR8204747516,Success,CID684354,Mini,HSR Layout,Yelahanka,161.0,140.0,Not Applicable,Not Applicable,No,Not Applicable,113,Cash,47,3.8,3.1
2024-07-16 06:18:00,CNR1918173820,Success,CID245164,Bike,Kengeri,Rajarajeshwari Nagar,105.0,55.0,Not Applicable,Not Applicable,No,Not Applicable,1501,Cash,13,3.6,3.5
2024-07-16 19:58:00,CNR4799008846,Driver Not Found,CID145694,Bike,Langford Town,Rajajinagar,,,Not Applicable,Not Applicable,Not Applicable,Not Applicable,399,Not Applicable,0,,
2024-07-21 00:39:00,CNR1476332908,Success,CID806465,eBike,Sahakar Nagar,RT Nagar,161.0,115.0,Not Applicable,Not Applicable,No,Not Applicable,328,Cash,6,3.7,4.6
2024-07-19 23:35:00,CNR5630317613,Success,CID386941,eBike,Hosur Road,HSR Layout,280.0,40.0,Not Applicable,Not Applicable,No,Not Applicable,861,Cash,46,4.6,3.2
2024-07-02 13:04:00,CNR3575082179,Success,CID708960,eBike,RT Nagar,Mysore Road,168.0,85.0,Not Applicable,Not Applicable,No,Not Applicable,461,Cash,39,3.0,3.3
2024-07-30 12:36:00,CNR6495099223,Success,CID554694,Mini,MG Road,Jayanagar,119.0,75.0,Not Applicable,Not Applicable,No,Not Applicable,114,Cash,1,3.9,4.5
2024-07-25 13:23:00,CNR6707083034,Success,CID317250,Mini,Hulimavu,Magadi Road,147.0,60.0,Not Applicable,Not Applicable,No,Not Applicable,439,UPI,13,4.1,4.4
2024-07-17 18:01:00,CNR4942927425,Canceled by Driver,CID930287,Prime SUV,Hosur Road,Chamarajpet,,,Not Applicable,Personal & Car related issue,Not Applicable,Not Applicable,571,Not Applicable,0,,
2024-07-10 06:07:00,CNR8001687576,Canceled by Customer,CID751795,Prime Plus,Malleshwaram,Shivajinagar,,,Change of plans,Not Applicable,Not Applicable,Not Applicable,461,Not Applicable,0,,
2024-07-19 19:33:00,CNR9866287214,Driver Not Found,CID866831,Bike,BTM Layout,Peenya,,,Not Applicable,Not Applicable,Not Applicable,Not Applicable,351,Not Applicable,0,,
2024-07-01 19:29:00,CNR5453537354,Success,CID759597,Auto,Jayanagar,Varthur,273.0,130.0,Not Applicable,Not Applicable,No,Not Applicable,653,UPI,2,4.9,4.0
2024-07-25 13:05:00,CNR3109935419,Success,CID995471,Prime SUV,HSR Layout,Cox Town,308.0,40.0,Not Applicable,Not Applicable,No,Not Applicable,241,UPI,1,3.9,4.5
2024-07-13 13:41:00,CNR9893594933,Canceled by Driver,CID403955,Bike,Cox Town,Mysore Road,,,Not Applicable,Personal & Car related issue,Not Applicable,Not Applicable,463,Not Applicable,0,,
2024-07-05 00:29:00,CNR3941171951,Success,CID623605,Prime Sedan,Ulsoor,Magadi Road,147.0,110.0,Not Applicable,Not Applicable,No,Not Applicable,501,Cash,4,3.4,3.3
2024-07-11 21:13:00,CNR7262714754,Success,CID187864,Bike,Bellandur,Chickpet,161.0,130.0,Not Applicable,Not Applicable,No,Not Applicable,372,Cash,49,4.5,4.1
2024-07-30 23:54:00,CNR4683536940,Success,CID836864,Prime SUV,Cox Town,Kadugodi,308.0,85.0,Not Applicable,Not Applicable,No,Not Applicable,355,UPI,37,3.5,3.6
2024-07-15 11:07:00,CNR9642653220,Success,CID384107,Auto,Jayanagar,Indiranagar,175.0,45.0,Not Applicable,Not Applicable,No,Not Applicable,404,Cash,18,4.2,3.6
2024-07-29 15:58:00,CNR8523773011,Canceled by Customer,CID718185,Bike,Peenya,Rajarajeshwari Nagar,,,Driver asked to cancel,Not Applicable,Not Applicable,Not Applicable,224,Not Applicable,0,,
2024-07-03 09:20:00,CNR1473809277,Driver Not Found,CID543489,eBike,BTM Layout,Koramangala,,,Not Applicable,Not Applicable,Not Applicable,Not Applicable,387,Not Applicable,0,,
2024-07-27 01:49:00,CNR3146808017,Success,CID115874,Mini,Hebbal,Chamarajpet,287.0,35.0,Not Applicable,Not Applicable,No,Not Applicable,449,Cash,13,3.5,3.7
2024-07-19 10:55:00,CNR8212315530,Success,CID392036,Auto,RT Nagar,Magadi Road,154.0,40.0,Not Applicable,Not Applicable,No,Not Applicable,202,Credit Card,16,4.9,3.1
2024-07-10 03:19:00,CNR8458005813,Success,CID591930,Prime Plus,Tumkur Road,Hebbal,140.0,45.0,Not Applicable,Not Applicable,No,Not Applicable,398,UPI,40,4.2,4.3
2024-07-21 19:20:00,CNR9263942580,Driver Not Found,CID875801,eBike,Cox Town,Hosur Road,,,Not Applicable,Not Applicable,Not Applicable,Not Applicable,402,Not Applicable,0,,
2024-07-27 23:37:00,CNR5644697146,Driver Not Found,CID306443,Bike,Chamarajpet,Padmanabhanagar,,,Not Applicable,Not Applicable,Not Applicable,Not Applicable,227,Not Applicable,0,,
2024-07-30 14:35:00,CNR7256622487,Driver Not Found,CID220134,Auto,Hosur Road,Indiranagar,,,Not Applicable,Not Applicable,Not Applicable,Not Applicable,598,Not Applicable,0,,
2024-07-22 18:27:00,CNR8991785745,Success,CID908368,Prime Plus,Rajajinagar,Frazer Town,126.0,95.0,Not Applicable,Not Applicable,No,Not Applicable,411,Cash,35,3.6,5.0
2024-07-20 13:23:00,CNR4085768423,Canceled by Customer,CID985390,Prime Sedan,Hosur Road,Cox Town,,,Driver is not moving towards pickup location,Not Applicable,Not Applicable,Not Applicable,140,Not Applicable,0,,
2024-07-17 22:14:00,CNR3646172765,Success,CID554726,Prime SUV,Shivajinagar,Sahakar Nagar,266.0,105.0,Not Applicable,Not Applicable,No,Not Applicable,998,Cash,21,3.4,3.4
2024-07-29 00:23:00,CNR5295147277,Driver Not Found,CID971816,Prime Plus,Varthur,Shivajinagar,,,Not Applicable,Not Applicable,Not Applicable,Not Applicable,730,Not Applicable,0,,
2024-07-07 02:58:00,CNR9535614450,Canceled by Driver,CID460410,Prime Plus,Electronic City,Bannerghatta Road,,,Not Applicable,More than permitted people in there,Not Applicable,Not Applicable,744,Not Applicable,0,,
2024-07-28 13:25:00,CNR2060285774,Success,CID613097,Prime SUV,Yelahanka,Cox Town,175.0,85.0,Not Applicable,Not Applicable,No,Not Applicable,2323,Cash,21,4.0,3.4
2024-07-03 05:33:00,CNR5835659470,Canceled by Customer,CID850298,Prime SUV,Hennur,Kadugodi,,,AC is Not working,Not Applicable,Not Applicable,Not Applicable,198,Not Applicable,0,,
2024-07-11 02:06:00,CNR7886899960,Driver Not Found,CID153306,Bike,Varthur,Kadugodi,,,Not Applicable,Not Applicable,Not Applicable,Not Applicable,436,Not Applicable,0,,
2024-07-20 14:37:00,CNR5167360343,Canceled by Driver,CID167882,Mini,Hulimavu,Sarjapur Road,,,Not Applicable,Personal & Car related issue,Not Applicable,Not Applicable,892,Not Applicable,0,,
2024-07-15 02:17:00,CNR7364292888,Success,CID694934,Prime Plus,Shantinagar,Bellandur,63.0,130.0,Not Applicable,Not Applicable,No,Not Applicable,275,Cash,30,4.3,4.6
2024-07-07 11:02:00,CNR6562890124,Success,CID654786,Prime SUV,Banashankari,Magadi Road,224.0,135.0,Not Applicable,Not Applicable,No,Not Applicable,257,Cash,41,4.6,3.2
2024-07-17 04:49:00,CNR2847376354,Canceled by Customer,CID217373,Bike,JP Nagar,Electronic City,,,AC is Not working,Not Applicable,Not Applicable,Not Applicable,357,Not Applicable,0,,
2024-07-09 02:59:00,CNR3263193073,Canceled by Driver,CID144816,Auto,Whitefield,Bannerghatta Road,,,Not Applicable,Customer related issue,Not Applicable,Not Applicable,582,Not Applicable,0,,
2024-07-18 11:41:00,CNR4298180899,Success,CID724073,Prime Plus,Sarjapur Road,Shantinagar,42.0,75.0,Not Applicable,Not Applicable,No,Not Applicable,166,UPI,18,3.1,3.5
2024-07-25 10:39:00,CNR2433608530,Success,CID272536,Prime Sedan,Langford Town,Indiranagar,301.0,60.0,Not Applicable,Not Applicable,No,Not Applicable,797,Cash,19,4.6,3.2
2024-07-13 22:12:00,CNR2872976740,Success,CID984908,eBike,Electronic City,Ramamurthy Nagar,63.0,50.0,Not Applicable,Not Applicable,No,Not Applicable,121,Credit Card,27,4.6,4.3
2024-07-04 21:05:00,CNR3191912060,Driver Not Found,CID645916,Mini,Bannerghatta Road,JP Nagar,,,Not Applicable,Not Applicable,Not Applicable,Not Applicable,140,Not Applicable,0,,
2024-07-02 12:24:00,CNR8284771561,Success,CID109151,Bike,Richmond Town,Kengeri,294.0,55.0,Not Applicable,Not Applicable,Yes,Customer Demand,395,Cash,18,3.3,3.8
2024-07-10 22:07:00,CNR1959788838,Success,CID194557,Auto,Padmanabhanagar,Chickpet,210.0,125.0,Not Applicable,Not Applicable,No,Not Applicable,290,Cash,1,4.3,4.4
2024-07-04 15:21:00,CNR2235172545,Canceled by Driver,CID177610,Auto,Sarjapur Road,Sahakar Nagar,,,Not Applicable,Personal & Car related issue,Not Applicable,Not Applicable,432,Not Applicable,0,,
2024-07-09 19:08:00,CNR8120163087,Success,CID885906,Prime Plus,Kammanahalli,Malleshwaram,294.0,90.0,Not Applicable,Not Applicable,No,Not Applicable,2280,UPI,38,3.6,4.5
2024-07-09 20:01:00,CNR2671438101,Success,CID170262,Mini,Indiranagar,Jayanagar,224.0,40.0,Not Applicable,Not Applicable,No,Not Applicable,545,UPI,47,3.7,3.2
2024-07-17 19:45:00,CNR7492835592,Canceled by Customer,CID276771,Bike,Ulsoor,Hennur,,,Driver asked to cancel,Not Applicable,Not Applicable,Not Applicable,258,Not Applicable,0,,
2024-07-04 17:35:00,CNR2366873732,Success,CID319795,Prime Sedan,Hosur Road,Ulsoor,210.0,60.0,Not Applicable,Not Applicable,No,Not Applicable,469,UPI,37,4.7,3.1
2024-07-27 23:21:00,CNR7062860341,Success,CID140685,Prime Sedan,Hebbal,Hennur,203.0,65.0,Not Applicable,Not Applicable,No,Not Applicable,841,Cash,11,4.7,4.9
2024-07-03 09:31:00,CNR9588076260,Success,CID672111,Mini,Ramamurthy Nagar,MG Road,56.0,75.0,Not Applicable,Not Applicable,No,Not Applicable,307,Cash,37,3.5,4.3
2024-07-08 18:36:00,CNR2861451301,Canceled by Driver,CID720805,Prime SUV,Chamarajpet,BTM Layout,,,Not Applicable,Personal & Car related issue,Not Applicable,Not Applicable,1664,Not Applicable,0,,
2024-07-22 02:08:00,CNR4059665407,Success,CID630947,eBike,Rajarajeshwari Nagar,Peenya,203.0,125.0,Not Applicable,Not Applicable,Yes,Vehicle Breakdown,999,Cash,22,4.0,4.4
2024-07-01 04:12:00,CNR2333355778,Canceled by Driver,CID984059,eBike,HSR Layout,Cox Town,,,Not Applicable,Customer was coughing/sick,Not Applicable,Not Applicable,175,Not Applicable,0,,
2024-07-26 15:55:00,CNR6422373619,Success,CID226343,eBike,HSR Layout,Bellandur,49.0,75.0,Not Applicable,Not Applicable,Yes,Other Issue,383,UPI,42,3.3,3.1
2024-07-01 04:41:00,CNR7037804790,Success,CID955462,Mini,Whitefield,Whitefield,308.0,130.0,Not Applicable,Not Applicable,No,Not Applicable,212,UPI,47,4.0,3.3
2024-07-03 14:11:00,CNR4026806775,Canceled by Driver,CID622286,Auto,Ulsoor,Bannerghatta Road,,,Not Applicable,Personal & Car related issue,Not Applicable,Not Applicable,594,Not Applicable,0,,
2024-07-20 14:21:00,CNR7190278364,Driver Not Found,CID475106,Bike,Chamarajpet,Shantinagar,,,Not Applicable,Not Applicable,Not Applicable,Not Applicable,905,Not Applicable,0,,
2024-07-14 02:31:00,CNR9832243744,Success,CID947142,Prime SUV,Kadugodi,Chamarajpet,175.0,130.0,Not Applicable,Not Applicable,No,Not Applicable,124,Cash,33,4.5,4.8
2024-07-23 00:26:00,CNR4597536241,Success,CID670822,Prime Sedan,Malleshwaram,Varthur,238.0,125.0,Not Applicable,Not Applicable,No,Not Applicable,149,UPI,30,3.8,3.5
2024-07-18 12:24:00,CNR4191145465,Driver Not Found,CID729229,Mini,Yeshwanthpur,Langford Town,,,Not Applicable,Not Applicable,Not Applicable,Not Applicable,501,Not Applicable,0,,
2024-07-14 19:37:00,CNR9030422731,Success,CID365586,Prime Sedan,Magadi Road,Chamarajpet,133.0,140.0,Not Applicable,Not Applicable,No,Not Applicable,857,Cash,22,3.7,4.1
2024-07-11 05:46:00,CNR9129259523,Success,CID314119,Prime SUV,Hosur Road,KR Puram,105.0,25.0,Not Applicable,Not Applicable,No,Not Applicable,954,Cash,45,4.0,3.6
2024-07-15 04:37:00,CNR9675046169,Success,CID900511,Bike,MG Road,Mysore Road,294.0,100.0,Not Applicable,Not Applicable,No,Not Applicable,801,UPI,9,4.9,3.4
2024-07-18 09:01:00,CNR9890057513,Success,CID932533,Prime SUV,Malleshwaram,Shivajinagar,280.0,70.0,Not Applicable,Not Applicable,No,Not Applicable,294,Cash,42,4.1,3.3
2024-07-21 12:13:00,CNR6395405665,Driver Not Found,CID950917,Prime Plus,Banashankari,Ramamurthy Nagar,,,Not Applicable,Not Applicable,Not Applicable,Not Applicable,174,Not Applicable,0,,
2024-07-07 03:34:00,CNR9306462322,Success,CID790195,Prime SUV,Marathahalli,Sarjapur Road,182.0,110.0,Not Applicable,Not Applicable,No,Not Applicable,493,Cash,37,4.5,4.0
2024-07-03 15:40:00,CNR1089392468,Success,CID554414,Auto,HSR Layout,Yeshwanthpur,273.0,100.0,Not Applicable,Not Applicable,No,Not Applicable,345,Cash,14,3.4,3.6
2024-07-28 04:58:00,CNR7577885295,Success,CID851068,eBike,Marathahalli,Sarjapur Road,56.0,70.0,Not Applicable,Not Applicable,No,Not Applicable,847,Cash,39,4.4,3.3
2024-07-25 15:33:00,CNR5990227289,Canceled by Driver,CID170464,Prime Sedan,Chickpet,Hennur,,,Not Applicable,Customer was coughing/sick,Not Applicable,Not Applicable,646,Not Applicable,0,,
2024-07-26 22:47:00,CNR1985597142,Success,CID641195,Bike,Basavanagudi,Chickpet,238.0,115.0,Not Applicable,Not Applicable,No,Not Applicable,141,UPI,27,4.4,3.5
2024-07-05 23:15:00,CNR5604386020,Success,CID398934,Prime Sedan,Yelahanka,Langford Town,105.0,110.0,Not Applicable,Not Applicable,No,Not Applicable,148,UPI,45,4.1,4.6
2024-07-04 02:47:00,CNR7864381992,Canceled by Driver,CID590863,eBike,Cox Town,Marathahalli,,,Not Applicable,More than permitted people in there,Not Applicable,Not Applicable,131,Not Applicable,0,,
2024-07-24 11:08:00,CNR7279263188,Success,CID571986,Prime Sedan,Tumkur Road,Shivajinagar,301.0,145.0,Not Applicable,Not Applicable,No,Not Applicable,133,Credit Card,42,3.8,4.0
2024-07-24 03:40:00,CNR7811404726,Canceled by Driver,CID573704,Prime Sedan,RT Nagar,KR Puram,,,Not Applicable,More than permitted people in there,Not Applicable,Not Applicable,1895,Not Applicable,0,,
2024-07-02 04:24:00,CNR2321518094,Success,CID337505,eBike,KR Puram,Ulsoor,63.0,85.0,Not Applicable,Not Applicable,No,Not Applicable,998,Cash,13,4.6,4.7
2024-07-07 15:03:00,CNR3467793681,Success,CID323471,Bike,Padmanabhanagar,KR Puram,175.0,30.0,Not Applicable,Not Applicable,No,Not Applicable,375,Cash,24,4.8,4.0
2024-07-30 19:45:00,CNR5621287339,Success,CID918195,Mini,Mysore Road,Yeshwanthpur,84.0,95.0,Not Applicable,Not Applicable,No,Not Applicable,765,Cash,40,3.3,4.9
2024-07-13 09:09:00,CNR2924529527,Canceled by Customer,CID477562,Auto,Sahakar Nagar,Langford Town,,,Driver is not moving towards pickup location,Not Applicable,Not Applicable,Not Applicable,274,Not Applicable,0,,
2024-07-20 17:22:00,CNR5487964525,Canceled by Driver,CID523391,Mini,Nagarbhavi,Majestic,,,Not Applicable,Customer related issue,Not Applicable,Not Applicable,2484,Not Applicable,0,,
2024-07-04 00:30:00,CNR6633243572,Success,CID822514,Mini,Indiranagar,Vijayanagar,140.0,125.0,Not Applicable,Not Applicable,No,Not Applicable,282,Cash,19,4.6,3.2
2024-07-22 17:42:00,CNR2657755723,Success,CID588870,eBike,Langford Town,Varthur,196.0,75.0,Not Applicable,Not Applicable,No,Not Applicable,870,Cash,23,4.5,4.5
2024-07-10 19:12:00,CNR3490055292,Success,CID908672,Prime Plus,HSR Layout,Hosur Road,287.0,145.0,Not Applicable,Not Applicable,No,Not Applicable,280,UPI,36,4.4,4.8
2024-07-01 10:24:00,CNR3844297117,Canceled by Driver,CID435658,Auto,Electronic City,Frazer Town,,,Not Applicable,More than permitted people in there,Not Applicable,Not Applicable,213,Not Applicable,0,,
2024-07-19 14:33:00,CNR2570832731,Canceled by Customer,CID359243,Prime SUV,Rajarajeshwari Nagar,Tumkur Road,,,Change of plans,Not Applicable,Not Applicable,Not Applicable,458,Not Applicable,0,,
2024-07-24 21:35:00,CNR8806056125,Canceled by Driver,CID493176,Prime Sedan,Yelahanka,Peenya,,,Not Applicable,Personal & Car related issue,Not Applicable,Not Applicable,277,Not Applicable,0,,
2024-07-13 05:22:00,CNR3151621255,Success,CID966702,eBike,Ramamurthy Nagar,Bellandur,154.0,90.0,Not Applicable,Not Applicable,No,Not Applicable,285,Cash,11,4.9,4.5
2024-07-03 15:08:00,CNR4773424819,Canceled by Customer,CID651443,Auto,Peenya,Langford Town,,,Driver asked to cancel,Not Applicable,Not Applicable,Not Applicable,204,Not Applicable,0,,
2024-07-18 17:49:00,CNR8244625876,Driver Not Found,CID505373,Prime Plus,Varthur,Basavanagudi,,,Not Applicable,Not Applicable,Not Applicable,Not Applicable,248,Not Applicable,0,,
2024-07-21 06:40:00,CNR9244650834,Success,CID839924,Bike,HSR Layout,Langford Town,140.0,55.0,Not Applicable,Not Applicable,No,Not Applicable,281,Cash,5,4.5,3.7
2024-07-15 15:24:00,CNR9926716646,Success,CID489383,Bike,Kengeri,Sarjapur Road,182.0,130.0,Not Applicable,Not Applicable,No,Not Applicable,394,UPI,33,3.4,4.2
2024-07-19 12:34:00,CNR8974282792,Canceled by Driver,CID181879,Prime Plus,KR Puram,Hosur Road,,,Not Applicable,Personal & Car related issue,Not Applicable,Not Applicable,244,Not Applicable,0,,
2024-07-07 13:18:00,CNR2106761247,Driver Not Found,CID701493,Prime SUV,Ulsoor,KR Puram,,,Not Applicable,Not Applicable,Not Applicable,Not Applicable,349,Not Applicable,0,,
2024-07-28 14:48:00,CNR2101067526,Success,CID558541,eBike,Yelahanka,Rajajinagar,273.0,125.0,Not Applicable,Not Applicable,Yes,Other Issue,303,UPI,49,3.4,3.1
2024-07-22 11:09:00,CNR5329451850,Canceled by Customer,CID283096,Mini,Kadugodi,Peenya,,,Driver is not moving towards pickup location,Not Applicable,Not Applicable,Not Applicable,146,Not Applicable,0,,
2024-07-30 21:16:00,CNR7568384542,Canceled by Customer,CID277985,Prime Plus,Majestic,Marathahalli,,,Wrong Address,Not Applicable,Not Applicable,Not Applicable,920,Not Applicable,0,,
2024-07-21 14:26:00,CNR2159401760,Canceled by Driver,CID855700,Prime Sedan,Cox Town,Marathahalli,,,Not Applicable,More than permitted people in there,Not Applicable,Not Applicable,129,Not Applicable,0,,
2024-07-05 08:55:00,CNR8255184375,Success,CID790255,Bike,Rajajinagar,Koramangala,105.0,85.0,Not Applicable,Not Applicable,No,Not Applicable,136,UPI,44,3.3,4.5
2024-07-26 14:44:00,CNR1830312503,Success,CID185101,eBike,Frazer Town,Hulimavu,161.0,115.0,Not Applicable,Not Applicable,No,Not Applicable,885,Cash,34,5.0,3.1
2024-07-26 23:25:00,CNR9238448241,Success,CID232722,Bike,Devanahalli,Koramangala,35.0,55.0,Not Applicable,Not Applicable,No,Not Applicable,462,Cash,42,3.7,3.7
2024-07-06 11:29:00,CNR1330607183,Canceled by Driver,CID830982,Mini,Padmanabhanagar,Shantinagar,,,Not Applicable,Customer was coughing/sick,Not Applicable,Not Applicable,1040,Not Applicable,0,,
2024-07-14 20:03:00,CNR7108548673,Success,CID571636,Bike,Yelahanka,Magadi Road,49.0,80.0,Not Applicable,Not Applicable,No,Not Applicable,509,Cash,18,4.1,4.0
2024-07-14 22:35:00,CNR1278082422,Canceled by Driver,CID553230,Prime Plus,JP Nagar,Hennur,,,Not Applicable,Customer related issue,Not Applicable,Not Applicable,287,Not Applicable,0,,
2024-07-15 14:48:00,CNR8487866143,Success,CID197159,Mini,Chickpet,Marathahalli,182.0,145.0,Not Applicable,Not Applicable,No,Not Applicable,296,Cash,5,4.4,4.2
2024-07-04 17:49:00,CNR5037689054,Canceled by Driver,CID638170,eBike,Varthur,Langford Town,,,Not Applicable,Personal & Car related issue,Not Applicable,Not Applicable,480,Not Applicable,0,,
2024-07-01 09:07:00,CNR3201632368,Driver Not Found,CID840163,Auto,Richmond Town,Rajajinagar,,,Not Applicable,Not Applicable,Not Applicable,Not Applicable,800,Not Applicable,0,,
2024-07-07 11:12:00,CNR4759501064,Success,CID955663,Mini,HSR Layout,Shivajinagar,84.0,130.0,Not Applicable,Not Applicable,No,Not Applicable,745,UPI,17,4.5,3.7
2024-07-16 07:37:00,CNR8385735069,Success,CID365669,Bike,Kadugodi,Ramamurthy Nagar,175.0,75.0,Not Applicable,Not Applicable,No,Not Applicable,689,UPI,15,3.9,3.3
2024-07-30 00:35:00,CNR9247735092,Success,CID556258,Bike,Varthur,Hosur Road,63.0,65.0,Not Applicable,Not Applicable,No,Not Applicable,344,UPI,10,3.4,3.7
2024-07-08 03:00:00,CNR5725516176,Success,CID361186,Prime Sedan,Ulsoor,Ramamurthy Nagar,161.0,30.0,Not Applicable,Not Applicable,No,Not Applicable,497,Cash,2,4.6,4.6
2024-07-24 19:57:00,CNR1309611459,Success,CID942866,eBike,Rajarajeshwari Nagar,Richmond Town,245.0,50.0,Not Applicable,Not Applicable,No,Not Applicable,482,Cash,14,3.3,4.6
2024-07-25 16:17:00,CNR7591302666,Success,CID775923,eBike,Hosur Road,Sahakar Nagar,77.0,75.0,Not Applicable,Not Applicable,No,Not Applicable,552,Cash,24,4.7,3.1
2024-07-11 20:12:00,CNR5677765420,Canceled by Driver,CID793550,Prime SUV,Electronic City,Shantinagar,,,Not Applicable,Customer related issue,Not Applicable,Not Applicable,675,Not Applicable,0,,
2024-07-13 12:56:00,CNR8043304647,Canceled by Driver,CID647470,eBike,Richmond Town,KR Puram,,,Not Applicable,Customer was coughing/sick,Not Applicable,Not Applicable,154,Not Applicable,0,,
2024-07-08 02:46:00,CNR5349795226,Canceled by Driver,CID816118,Auto,Ulsoor,Richmond Town,,,Not Applicable,Customer was coughing/sick,Not Applicable,Not Applicable,470,Not Applicable,0,,
2024-07-11 19:30:00,CNR5136308063,Success,CID506749,eBike,RT Nagar,Ramamurthy Nagar,280.0,90.0,Not Applicable,Not Applicable,No,Not Applicable,138,Cash,20,3.9,4.3
2024-07-08 01:56:00,CNR3908006135,Success,CID399342,eBike,Yelahanka,Hebbal,182.0,80.0,Not Applicable,Not Applicable,No,Not Applicable,121,Cash,22,3.7,3.4
2024-07-25 14:47:00,CNR9814164870,Success,CID966210,eBike,Sarjapur Road,Richmond Town,252.0,95.0,Not Applicable,Not Applicable,No,Not Applicable,147,UPI,10,4.4,3.3
2024-07-13 02:40:00,CNR9844628307,Success,CID375128,Bike,Frazer Town,Basavanagudi,182.0,30.0,Not Applicable,Not Applicable,No,Not Applicable,1833,UPI,43,3.0,4.0
2024-07-23 15:36:00,CNR6005766719,Success,CID453610,Prime SUV,Rajarajeshwari Nagar,Padmanabhanagar,210.0,140.0,Not Applicable,Not Applicable,No,Not Applicable,592,UPI,27,4.4,3.0
2024-07-01 22:44:00,CNR1724480740,Success,CID342940,Mini,Nagarbhavi,Ulsoor,287.0,95.0,Not Applicable,Not Applicable,No,Not Applicable,329,UPI,4,4.6,3.2
2024-07-13 06:57:00,CNR4710719889,Success,CID354196,Mini,Indiranagar,Majestic,280.0,55.0,Not Applicable,Not Applicable,No,Not Applicable,338,Credit Card,48,4.3,5.0
2024-07-12 06:53:00,CNR4314668231,Canceled by Driver,CID525887,Bike,Ramamurthy Nagar,Banashankari,,,Not Applicable,Personal & Car related issue,Not Applicable,Not Applicable,283,Not Applicable,0,,
2024-07-16 13:23:00,CNR7574052692,Success,CID328704,Mini,BTM Layout,Richmond Town,154.0,95.0,Not Applicable,Not Applicable,No,Not Applicable,121,UPI,28,4.9,3.8
2024-07-15 10:27:00,CNR3160339752,Success,CID109719,Bike,Bannerghatta Road,Marathahalli,259.0,100.0,Not Applicable,Not Applicable,No,Not Applicable,399,Cash,36,4.1,4.1
2024-07-02 10:49:00,CNR9135517663,Success,CID992803,Auto,Rajajinagar,Tumkur Road,161.0,35.0,Not Applicable,Not Applicable,No,Not Applicable,513,Cash,5,3.4,4.1
2024-07-11 23:32:00,CNR2878720661,Success,CID904726,Prime Sedan,Hosur Road,Tumkur Road,147.0,135.0,Not Applicable,Not Applicable,No,Not Applicable,356,Cash,14,3.6,3.3
2024-07-04 00:07:00,CNR9922837909,Success,CID469776,Prime Sedan,Devanahalli,Chickpet,126.0,145.0,Not Applicable,Not Applicable,No,Not Applicable,251,Cash,7,3.6,3.6
2024-07-09 08:23:00,CNR7958106746,Success,CID410891,Prime Plus,Electronic City,Rajarajeshwari Nagar,105.0,110.0,Not Applicable,Not Applicable,No,Not Applicable,187,UPI,28,4.4,4.8
2024-07-01 04:55:00,CNR3627280009,Success,CID612901,Auto,Shivajinagar,Kammanahalli,70.0,60.0,Not Applicable,Not Applicable,No,Not Applicable,150,Cash,12,4.3,4.9
2024-07-17 08:47:00,CNR5617156853,Canceled by Driver,CID839890,Prime Plus,Hennur,KR Puram,,,Not Applicable,More than permitted people in there,Not Applicable,Not Applicable,317,Not Applicable,0,,
2024-07-08 19:30:00,CNR8761921475,Canceled by Customer,CID586438,Prime Sedan,Varthur,Basavanagudi,,,Wrong Address,Not Applicable,Not Applicable,Not Applicable,1526,Not Applicable,0,,
2024-07-28 13:14:00,CNR5796294928,Canceled by Driver,CID368124,Prime Sedan,Mysore Road,Langford Town,,,Not Applicable,Customer related issue,Not Applicable,Not Applicable,496,Not Applicable,0,,
2024-07-09 06:10:00,CNR3465759420,Driver Not Found,CID994161,Prime Sedan,Kammanahalli,JP Nagar,,,Not Applicable,Not Applicable,Not Applicable,Not Applicable,1491,Not Applicable,0,,
2024-07-24 20:32:00,CNR4995140291,Success,CID344940,Prime Sedan,Whitefield,Yelahanka,224.0,45.0,Not Applicable,Not Applicable,Yes,Vehicle Breakdown,289,UPI,31,4.5,3.6
2024-07-08 12:13:00,CNR1330990961,Canceled by Driver,CID749222,Auto,Magadi Road,Kengeri,,,Not Applicable,Customer was coughing/sick,Not Applicable,Not Applicable,416,Not Applicable,0,,
2024-07-19 13:02:00,CNR5511447162,Success,CID289939,Prime Plus,KR Puram,Frazer Town,245.0,105.0,Not Applicable,Not Applicable,No,Not Applicable,521,UPI,33,4.7,3.1
2024-07-17 21:27:00,CNR4055489445,Success,CID549939,Prime SUV,KR Puram,Bannerghatta Road,280.0,140.0,Not Applicable,Not Applicable,No,Not Applicable,113,Cash,10,4.4,4.4
2024-07-09 17:01:00,CNR4043577750,Success,CID484596,Bike,Bellandur,Kengeri,133.0,110.0,Not Applicable,Not Applicable,No,Not Applicable,167,Cash,45,3.6,3.3
2024-07-20 12:07:00,CNR9850492557,Success,CID320350,Prime Sedan,Ramamurthy Nagar,Richmond Town,133.0,95.0,Not Applicable,Not Applicable,No,Not Applicable,810,Cash,14,4.4,3.1
2024-07-07 01:05:00,CNR9733744703,Success,CID890043,Prime SUV,Marathahalli,Richmond Town,140.0,70.0,Not Applicable,Not Applicable,No,Not Applicable,178,UPI,35,3.3,3.4
2024-07-28 19:11:00,CNR1193604093,Canceled by Driver,CID367444,Prime SUV,Shantinagar,Shivajinagar,,,Not Applicable,More than permitted people in there,Not Applicable,Not Applicable,801,Not Applicable,0,,
2024-07-21 10:54:00,CNR6741955258,Success,CID722575,eBike,Bannerghatta Road,Koramangala,105.0,135.0,Not Applicable,Not Applicable,No,Not Applicable,452,UPI,38,4.6,4.1
2024-07-06 07:12:00,CNR8114892447,Driver Not Found,CID349987,Prime SUV,Hulimavu,Malleshwaram,,,Not Applicable,Not Applicable,Not Applicable,Not Applicable,933,Not Applicable,0,,
2024-07-14 07:37:00,CNR9108449791,Success,CID260786,Bike,Marathahalli,Richmond Town,49.0,145.0,Not Applicable,Not Applicable,No,Not Applicable,423,Cash,45,4.0,3.6
2024-07-30 06:01:00,CNR9055667938,Success,CID880106,Prime SUV,Basavanagudi,Bellandur,231.0,25.0,Not Applicable,Not Applicable,No,Not Applicable,2706,Cash,7,4.7,3.6
2024-07-11 06:00:00,CNR6391208494,Success,CID238011,Prime Sedan,JP Nagar,Langford Town,56.0,105.0,Not Applicable,Not Applicable,No,Not Applicable,465,Cash,18,4.2,3.4
2024-07-01 02:33:00,CNR9432851568,Success,CID642245,Prime Plus,Ramamurthy Nagar,Banashankari,49.0,30.0,Not Applicable,Not Applicable,No,Not Applicable,1387,Cash,25,3.8,3.5
2024-07-27 16:15:00,CNR3951381795,Canceled by Driver,CID585604,Prime Sedan,JP Nagar,HSR Layout,,,Not Applicable,Personal & Car related issue,Not Applicable,Not Applicable,356,Not Applicable,0,,
2024-07-21 13:44:00,CNR7162624073,Canceled by Customer,CID425423,Prime Sedan,BTM Layout,KR Puram,,,Driver is not moving towards pickup location,Not Applicable,Not Applicable,Not Applicable,427,Not Applicable,0,,
2024-07-18 09:32:00,CNR2252288024,Success,CID727901,eBike,Bellandur,Devanahalli,147.0,70.0,Not Applicable,Not Applicable,No,Not Applicable,692,Credit Card,23,3.5,4.0
2024-07-16 01:27:00,CNR6844102501,Success,CID789123,Prime SUV,MG Road,Ulsoor,210.0,80.0,Not Applicable,Not Applicable,No,Not Applicable,1810,UPI,24,3.0,3.7
2024-07-14 17:37:00,CNR9240745062,Canceled by Driver,CID530260,Prime Plus,JP Nagar,Magadi Road,,,Not Applicable,Personal & Car related issue,Not Applicable,Not Applicable,2684,Not Applicable,0,,
2024-07-11 11:57:00,CNR4447117908,Success,CID803071,Prime Plus,Hosur Road,Bannerghatta Road,224.0,45.0,Not Applicable,Not Applicable,No,Not Applicable,110,Cash,28,3.2,4.1
2024-07-27 16:53:00,CNR6495740757,Success,CID702861,Prime Sedan,Malleshwaram,Sahakar Nagar,203.0,75.0,Not Applicable,Not Applicable,No,Not Applicable,424,UPI,19,4.6,3.6
2024-07-26 20:22:00,CNR4922895653,Driver Not Found,CID165449,Prime Sedan,Varthur,JP Nagar,,,Not Applicable,Not Applicable,Not Applicable,Not Applicable,622,Not Applicable,0,,
2024-07-09 07:24:00,CNR1319581793,Success,CID991710,Prime Plus,Hulimavu,RT Nagar,49.0,65.0,Not Applicable,Not Applicable,No,Not Applicable,339,Credit Card,8,4.2,3.9
2024-07-09 14:00:00,CNR9497155694,Success,CID416470,eBike,Koramangala,Shantinagar,119.0,90.0,Not Applicable,Not Applicable,No,Not Applicable,2028,UPI,35,4.2,3.2
2024-07-21 22:46:00,CNR8281247200,Success,CID553263,Bike,Kengeri,Majestic,49.0,135.0,Not Applicable,Not Applicable,No,Not Applicable,182,Cash,4,3.4,3.3
2024-07-04 16:01:00,CNR4966954706,Success,CID545664,Auto,BTM Layout,Shivajinagar,182.0,75.0,Not Applicable,Not Applicable,No,Not Applicable,237,UPI,2,3.4,4.2
2024-07-27 03:49:00,CNR7456152219,Success,CID527900,Mini,Koramangala,Ramamurthy Nagar,84.0,75.0,Not Applicable,Not Applicable,No,Not Applicable,216,UPI,24,4.5,3.5
2024-07-22 13:49:00,CNR2908382314,Canceled by Customer,CID677105,Mini,Chamarajpet,Peenya,,,AC is Not working,Not Applicable,Not Applicable,Not Applicable,857,Not Applicable,0,,
2024-07-09 04:45:00,CNR7999490445,Success,CID815351,Prime Plus,Kadugodi,Majestic,63.0,145.0,Not Applicable,Not Applicable,No,Not Applicable,118,UPI,12,3.3,4.0
2024-07-20 23:45:00,CNR2325904889,Canceled by Driver,CID528400,Auto,Padmanabhanagar,Tumkur Road,,,Not Applicable,Customer related issue,Not Applicable,Not Applicable,733,Not Applicable,0,,
2024-07-11 12:24:00,CNR8442619517,Success,CID672083,Prime SUV,Shantinagar,Bellandur,161.0,45.0,Not Applicable,Not Applicable,No,Not Applicable,315,Cash,7,3.0,3.9
2024-07-18 05:06:00,CNR5851755400,Success,CID305926,Auto,Mysore Road,Nagarbhavi,266.0,50.0,Not Applicable,Not Applicable,No,Not Applicable,201,UPI,11,3.4,4.0
2024-07-19 06:30:00,CNR4127238704,Success,CID524328,Mini,Mysore Road,Banashankari,175.0,65.0,Not Applicable,Not Applicable,No,Not Applicable,258,Cash,12,4.0,3.6
2024-07-08 10:19:00,CNR1644696894,Success,CID225819,Prime Plus,Padmanabhanagar,Nagarbhavi,91.0,85.0,Not Applicable,Not Applicable,No,Not Applicable,470,Cash,35,4.4,4.9
2024-07-17 15:47:00,CNR7579076934,Canceled by Customer,CID258278,Mini,Jayanagar,BTM Layout,,,Driver is not moving towards pickup location,Not Applicable,Not Applicable,Not Applicable,325,Not Applicable,0,,
2024-07-14 06:16:00,CNR6711000341,Canceled by Driver,CID210741,Prime SUV,Whitefield,Sahakar Nagar,,,Not Applicable,Customer related issue,Not Applicable,Not Applicable,102,Not Applicable,0,,
2024-07-19 17:28:00,CNR7977784927,Success,CID879064,Mini,Bannerghatta Road,Devanahalli,105.0,145.0,Not Applicable,Not Applicable,No,Not Applicable,126,Cash,47,3.0,3.2
2024-07-16 21:06:00,CNR1220745252,Success,CID603726,Prime Plus,Devanahalli,Richmond Town,91.0,90.0,Not Applicable,Not Applicable,No,Not Applicable,126,Cash,3,3.7,4.5
2024-07-22 15:45:00,CNR5192027293,Success,CID181827,eBike,Rajajinagar,RT Nagar,259.0,50.0,Not Applicable,Not Applicable,No,Not Applicable,441,Cash,29,4.1,4.3
2024-07-25 06:48:00,CNR2673894576,Success,CID415778,eBike,Electronic City,Padmanabhanagar,49.0,40.0,Not Applicable,Not Applicable,No,Not Applicable,546,Credit Card,29,3.7,4.0
2024-07-21 10:04:00,CNR6530472772,Driver Not Found,CID479736,eBike,Shivajinagar,Padmanabhanagar,,,Not Applicable,Not Applicable,Not Applicable,Not Applicable,440,Not Applicable,0,,
2024-07-06 03:58:00,CNR6258673668,Success,CID920998,eBike,Sarjapur Road,KR Puram,196.0,115.0,Not Applicable,Not Applicable,No,Not Applicable,768,Cash,48,4.2,4.2
2024-07-21 03:55:00,CNR5760045883,Success,CID816289,Auto,Hulimavu,Whitefield,287.0,125.0,Not Applicable,Not Applicable,No,Not Applicable,2022,Cash,17,4.1,3.4
2024-07-05 21:01:00,CNR5460159936,Success,CID503121,Mini,Chickpet,Vijayanagar,154.0,85.0,Not Applicable,Not Applicable,No,Not Applicable,494,UPI,42,4.7,3.8
2024-07-02 03:41:00,CNR4602900457,Canceled by Driver,CID313812,Mini,Vijayanagar,Ulsoor,,,Not Applicable,Personal & Car related issue,Not Applicable,Not Applicable,263,Not Applicable,0,,
2024-07-09 19:28:00,CNR1401148430,Success,CID852420,Bike,Tumkur Road,Yelahanka,182.0,145.0,Not Applicable,Not Applicable,No,Not Applicable,121,Cash,30,3.1,4.1
2024-07-16 20:27:00,CNR3335547467,Canceled by Customer,CID925220,Prime Plus,Mysore Road,Varthur,,,Wrong Address,Not Applicable,Not Applicable,Not Applicable,137,Not Applicable,0,,
2024-07-15 09:31:00,CNR8710477524,Driver Not Found,CID914338,Auto,Kammanahalli,Ramamurthy Nagar,,,Not Applicable,Not Applicable,Not Applicable,Not Applicable,303,Not Applicable,0,,
2024-07-29 06:30:00,CNR8561061649,Canceled by Driver,CID365141,Prime Sedan,Kammanahalli,Sarjapur Road,,,Not Applicable,Customer was coughing/sick,Not Applicable,Not Applicable,198,Not Applicable,0,,
2024-07-02 16:05:00,CNR5636192181,Success,CID200948,Bike,Jayanagar,Bannerghatta Road,308.0,135.0,Not Applicable,Not Applicable,No,Not Applicable,670,Cash,11,4.0,3.0
2024-07-14 17:27:00,CNR3792221676,Success,CID768135,Mini,Kadugodi,Shantinagar,63.0,30.0,Not Applicable,Not Applicable,No,Not Applicable,270,Cash,18,4.5,3.4
2024-07-13 17:14:00,CNR7478391142,Success,CID527440,eBike,Chickpet,BTM Layout,105.0,65.0,Not Applicable,Not Applicable,No,Not Applicable,324,UPI,31,4.3,4.7
2024-07-29 16:50:00,CNR2366045155,Driver Not Found,CID825328,Mini,Peenya,Majestic,,,Not Applicable,Not Applicable,Not Applicable,Not Applicable,394,Not Applicable,0,,
2024-07-22 16:59:00,CNR6535550741,Success,CID472204,Prime Sedan,Ulsoor,Hulimavu,217.0,75.0,Not Applicable,Not Applicable,No,Not Applicable,758,Cash,45,3.1,3.0
2024-07-26 18:42:00,CNR8876996705,Success,CID179276,Auto,Yeshwanthpur,Mysore Road,77.0,70.0,Not Applicable,Not Applicable,No,Not Applicable,531,Cash,18,4.7,3.5
2024-07-10 07:25:00,CNR3426487717,Driver Not Found,CID537133,Mini,Ulsoor,Frazer Town,,,Not Applicable,Not Applicable,Not Applicable,Not Applicable,854,Not Applicable,0,,
2024-07-03 23:14:00,CNR6856811487,Success,CID337558,Prime Plus,KR Puram,Malleshwaram,189.0,30.0,Not Applicable,Not Applicable,No,Not Applicable,2945,Cash,46,3.4,4.8
2024-07-19 02:17:00,CNR8014767500,Success,CID958653,Prime Sedan,Nagarbhavi,Devanahalli,161.0,120.0,Not Applicable,Not Applicable,No,Not Applicable,827,UPI,14,4.6,3.4
2024-07-10 15:14:00,CNR7381741456,Success,CID590799,eBike,Chickpet,Hosur Road,224.0,100.0,Not Applicable,Not Applicable,Yes,Vehicle Breakdown,347,UPI,30,4.7,3.1
2024-07-01 06:12:00,CNR2676811551,Driver Not Found,CID249504,Mini,MG Road,Mysore Road,,,Not Applicable,Not Applicable,Not Applicable,Not Applicable,400,Not Applicable,0,,
2024-07-02 06:49:00,CNR1038896632,Success,CID947355,Auto,JP Nagar,Padmanabhanagar,203.0,135.0,Not Applicable,Not Applicable,No,Not Applicable,431,UPI,4,3.5,3.5
2024-07-28 01:38:00,CNR9282773264,Driver Not Found,CID793835,Prime SUV,Hulimavu,BTM Layout,,,Not Applicable,Not Applicable,Not Applicable,Not Applicable,854,Not Applicable,0,,
2024-07-21 07:45:00,CNR6925200035,Canceled by Customer,CID200728,Bike,Koramangala,Majestic,,,Driver asked to cancel,Not Applicable,Not Applicable,Not Applicable,499,Not Applicable,0,,
2024-07-16 17:16:00,CNR8087852502,Success,CID397623,Auto,Mysore Road,MG Road,168.0,85.0,Not Applicable,Not Applicable,No,Not Applicable,133,Cash,1,3.7,3.4
2024-07-11 12:58:00,CNR6008636853,Success,CID805608,Prime Plus,Chamarajpet,Langford Town,259.0,135.0,Not Applicable,Not Applicable,No,Not Applicable,131,Cash,34,3.1,3.8
2024-07-30 19:26:00,CNR9457842175,Driver Not Found,CID836378,eBike,Bannerghatta Road,Chamarajpet,,,Not Applicable,Not Applicable,Not Applicable,Not Applicable,2821,Not Applicable,0,,
2024-07-15 09:43:00,CNR3054250372,Driver Not Found,CID439448,Prime Plus,JP Nagar,Rajajinagar,,,Not Applicable,Not Applicable,Not Applicable,Not Applicable,1890,Not Applicable,0,,
2024-07-16 14:03:00,CNR9110730267,Success,CID622510,Bike,Hulimavu,Majestic,189.0,135.0,Not Applicable,Not Applicable,No,Not Applicable,398,Credit Card,33,4.6,3.3
2024-07-30 16:28:00,CNR6313603139,Canceled by Driver,CID747571,Prime SUV,Majestic,Rajajinagar,,,Not Applicable,Personal & Car related issue,Not Applicable,Not Applicable,312,Not Applicable,0,,
2024-07-08 02:27:00,CNR8393746993,Canceled by Driver,CID623172,eBike,JP Nagar,Peenya,,,Not Applicable,More than permitted people in there,Not Applicable,Not Applicable,478,Not Applicable,0,,
2024-07-04 20:48:00,CNR7253728665,Success,CID416578,Bike,Cox Town,Bellandur,308.0,110.0,Not Applicable,Not Applicable,No,Not Applicable,534,UPI,10,4.2,3.9
2024-07-25 11:08:00,CNR5402134227,Success,CID520506,Prime Sedan,Tumkur Road,Jayanagar,203.0,40.0,Not Applicable,Not Applicable,No,Not Applicable,675,UPI,10,3.6,3.8
2024-07-24 15:37:00,CNR8486352234,Success,CID439311,Mini,Majestic,Kammanahalli,70.0,105.0,Not Applicable,Not Applicable,No,Not Applicable,186,UPI,37,4.5,3.8
2024-07-28 08:26:00,CNR4289217318,Driver Not Found,CID770686,Prime SUV,Electronic City,MG Road,,,Not Applicable,Not Applicable,Not Applicable,Not Applicable,302,Not Applicable,0,,
2024-07-18 08:27:00,CNR5603279835,Success,CID698921,Bike,Vijayanagar,Sarjapur Road,140.0,40.0,Not Applicable,Not Applicable,Yes,Vehicle Breakdown,370,Cash,27,3.3,3.4
2024-07-30 20:12:00,CNR8866326756,Success,CID317371,Mini,Kammanahalli,Richmond Town,238.0,105.0,Not Applicable,Not Applicable,No,Not Applicable,444,UPI,21,3.5,4.8
2024-07-16 19:01:00,CNR8667531661,Canceled by Driver,CID933794,Mini,Sarjapur Road,Kengeri,,,Not Applicable,Personal & Car related issue,Not Applicable,Not Applicable,935,Not Applicable,0,,
2024-07-18 20:03:00,CNR3720169342,Canceled by Driver,CID782351,eBike,Varthur,Banashankari,,,Not Applicable,Customer related issue,Not Applicable,Not Applicable,895,Not Applicable,0,,
2024-07-11 00:44:00,CNR1681403002,Driver Not Found,CID428616,eBike,Peenya,Hennur,,,Not Applicable,Not Applicable,Not Applicable,Not Applicable,582,Not Applicable,0,,
2024-07-30 12:35:00,CNR1113658274,Success,CID413498,Prime Sedan,Chickpet,Kadugodi,287.0,65.0,Not Applicable,Not Applicable,No,Not Applicable,1610,Cash,45,4.2,3.7
2024-07-20 09:10:00,CNR8814327606,Driver Not Found,CID943898,Prime Sedan,Shantinagar,Sahakar Nagar,,,Not Applicable,Not Applicable,Not Applicable,Not Applicable,854,Not Applicable,0,,
2024-07-23 05:43:00,CNR4662521597,Success,CID892425,Auto,Majestic,Langford Town,238.0,95.0,Not Applicable,Not Applicable,Yes,Customer Demand,256,UPI,12,3.9,3.3
2024-07-27 21:54:00,CNR1760598106,Driver Not Found,CID486310,Mini,Whitefield,Hennur,,,Not Applicable,Not Applicable,Not Applicable,Not Applicable,218,Not Applicable,0,,
2024-07-29 11:26:00,CNR6116461689,Canceled by Customer,CID944837,Prime Sedan,Padmanabhanagar,Nagarbhavi,,,Driver is not moving towards pickup location,Not Applicable,Not Applicable,Not Applicable,1484,Not Applicable,0,,
2024-07-21 13:28:00,CNR5425259475,Success,CID250412,Mini,Marathahalli,Kammanahalli,189.0,60.0,Not Applicable,Not Applicable,Yes,Vehicle Breakdown,138,UPI,21,4.6,4.2
2024-07-15 20:00:00,CNR5599555052,Success,CID484392,Prime Sedan,Basavanagudi,Indiranagar,49.0,115.0,Not Applicable,Not Applicable,No,Not Applicable,300,UPI,20,5.0,4.9
2024-07-23 11:00:00,CNR7527461697,Canceled by Driver,CID243050,Auto,Jayanagar,Kammanahalli,,,Not Applicable,Personal & Car related issue,Not Applicable,Not Applicable,271,Not Applicable,0,,
2024-07-06 19:13:00,CNR9004817822,Success,CID990054,Prime SUV,JP Nagar,Tumkur Road,217.0,25.0,Not Applicable,Not Applicable,No,Not Applicable,187,UPI,30,4.2,3.0
2024-07-04 05:32:00,CNR2028235160,Canceled by Driver,CID357649,Auto,Magadi Road,Devanahalli,,,Not Applicable,Customer was coughing/sick,Not Applicable,Not Applicable,451,Not Applicable,0,,
2024-07-19 05:33:00,CNR1147299015,Success,CID176346,eBike,Whitefield,HSR Layout,238.0,70.0,Not Applicable,Not Applicable,Yes,Vehicle Breakdown,377,Cash,8,4.2,4.8
2024-07-15 13:24:00,CNR1004584271,Canceled by Driver,CID602096,eBike,Magadi Road,Sarjapur Road,,,Not Applicable,Personal & Car related issue,Not Applicable,Not Applicable,153,Not Applicable,0,,
2024-07-19 19:44:00,CNR1445771742,Driver Not Found,CID262590,Prime Plus,Ulsoor,Mysore Road,,,Not Applicable,Not Applicable,Not Applicable,Not Applicable,132,Not Applicable,0,,
2024-07-26 06:51:00,CNR4295839221,Success,CID468255,eBike,Ulsoor,Devanahalli,112.0,105.0,Not Applicable,Not Applicable,No,Not Applicable,476,UPI,46,3.3,3.0
2024-07-22 17:59:00,CNR6080544291,Canceled by Driver,CID681470,Auto,Jayanagar,Whitefield,,,Not Applicable,More than permitted people in there,Not Applicable,Not Applicable,284,Not Applicable,0,,
2024-07-24 23:51:00,CNR4124995004,Success,CID155048,Mini,Indiranagar,Langford Town,91.0,145.0,Not Applicable,Not Applicable,No,Not Applicable,598,Cash,46,3.5,3.5
2024-07-02 05:36:00,CNR6973604102,Canceled by Customer,CID101266,Auto,Jayanagar,Indiranagar,,,Driver asked to cancel,Not Applicable,Not Applicable,Not Applicable,410,Not Applicable,0,,
2024-07-22 03:11:00,CNR6114744949,Success,CID604869,Auto,KR Puram,Hulimavu,126.0,105.0,Not Applicable,Not Applicable,No,Not Applicable,161,UPI,18,3.4,3.8
2024-07-21 06:37:00,CNR8157445728,Canceled by Driver,CID753063,Prime Plus,Banashankari,Vijayanagar,,,Not Applicable,Personal & Car related issue,Not Applicable,Not Applicable,355,Not Applicable,0,,
2024-07-29 00:28:00,CNR7038293308,Success,CID447930,Prime SUV,RT Nagar,Hennur,301.0,95.0,Not Applicable,Not Applicable,No,Not Applicable,460,Cash,24,3.0,4.2
2024-07-29 13:26:00,CNR2399781774,Success,CID826140,Bike,Malleshwaram,Hosur Road,112.0,120.0,Not Applicable,Not Applicable,Yes,Other Issue,2916,Cash,26,3.5,4.2
2024-07-07 03:23:00,CNR9042259731,Success,CID902169,eBike,Bannerghatta Road,Vijayanagar,224.0,65.0,Not Applicable,Not Applicable,No,Not Applicable,788,Cash,35,3.0,4.5
2024-07-08 04:00:00,CNR2674450498,Canceled by Driver,CID591210,Prime Plus,Mysore Road,Koramangala,,,Not Applicable,Personal & Car related issue,Not Applicable,Not Applicable,138,Not Applicable,0,,
2024-07-27 09:30:00,CNR4915546877,Success,CID677830,Prime Sedan,Mysore Road,Vijayanagar,301.0,85.0,Not Applicable,Not Applicable,No,Not Applicable,504,Cash,20,4.6,3.9
2024-07-01 17:49:00,CNR8154113252,Success,CID561540,Auto,Hebbal,Koramangala,301.0,125.0,Not Applicable,Not Applicable,No,Not Applicable,356,Cash,9,3.5,3.8
2024-07-15 23:40:00,CNR3489545969,Driver Not Found,CID986951,Prime SUV,Bellandur,HSR Layout,,,Not Applicable,Not Applicable,Not Applicable,Not Applicable,125,Not Applicable,0,,
2024-07-21 21:14:00,CNR4288509257,Success,CID603249,Bike,Bannerghatta Road,Bellandur,133.0,40.0,Not Applicable,Not Applicable,No,Not Applicable,1950,Cash,32,3.4,3.5
2024-07-30 19:11:00,CNR1841752272,Success,CID566613,Prime Sedan,Sarjapur Road,Kengeri,42.0,40.0,Not Applicable,Not Applicable,No,Not Applicable,389,Cash,23,5.0,4.9
2024-07-29 20:48:00,CNR2115142042,Canceled by Driver,CID455604,Prime Sedan,Sahakar Nagar,Vijayanagar,,,Not Applicable,Customer related issue,Not Applicable,Not Applicable,353,Not Applicable,0,,
2024-07-27 01:37:00,CNR8963484195,Canceled by Driver,CID512945,Prime Plus,Majestic,HSR Layout,,,Not Applicable,Customer was coughing/sick,Not Applicable,Not Applicable,390,Not Applicable,0,,
2024-07-30 12:25:00,CNR4600359626,Success,CID963218,Prime Plus,Rajajinagar,MG Road,133.0,85.0,Not Applicable,Not Applicable,No,Not Applicable,892,UPI,43,3.6,4.7
2024-07-24 12:00:00,CNR1231241679,Success,CID712007,eBike,Vijayanagar,Kengeri,168.0,55.0,Not Applicable,Not Applicable,No,Not Applicable,1605,UPI,31,5.0,4.1
2024-07-04 18:20:00,CNR3454683158,Canceled by Driver,CID204356,Prime Plus,Frazer Town,Rajarajeshwari Nagar,,,Not Applicable,Personal & Car related issue,Not Applicable,Not Applicable,426,Not Applicable,0,,
2024-07-23 16:38:00,CNR9151740233,Driver Not Found,CID661056,Mini,Basavanagudi,Vijayanagar,,,Not Applicable,Not Applicable,Not Applicable,Not Applicable,349,Not Applicable,0,,
2024-07-11 01:48:00,CNR6023307680,Canceled by Driver,CID300157,Bike,Indiranagar,Sahakar Nagar,,,Not Applicable,Customer related issue,Not Applicable,Not Applicable,422,Not Applicable,0,,
2024-07-29 03:54:00,CNR3927207106,Success,CID997444,Mini,Banashankari,Hebbal,217.0,30.0,Not Applicable,Not Applicable,Yes,Customer Demand,433,Cash,37,3.6,3.4
2024-07-11 12:41:00,CNR9041393172,Success,CID153197,eBike,Magadi Road,Peenya,287.0,40.0,Not Applicable,Not Applicable,No,Not Applicable,106,Cash,10,4.9,3.3
2024-07-19 15:04:00,CNR1310342604,Success,CID748198,Prime Sedan,JP Nagar,Varthur,224.0,35.0,Not Applicable,Not Applicable,No,Not Applicable,244,UPI,40,4.3,4.5
2024-07-03 03:20:00,CNR6433317807,Canceled by Customer,CID817743,Mini,Sarjapur Road,Banashankari,,,AC is Not working,Not Applicable,Not Applicable,Not Applicable,348,Not Applicable,0,,
2024-07-30 03:24:00,CNR1065286644,Success,CID437985,Prime Plus,Basavanagudi,Shivajinagar,112.0,40.0,Not Applicable,Not Applicable,No,Not Applicable,375,Cash,25,3.1,3.3
2024-07-26 12:29:00,CNR2758616181,Canceled by Customer,CID216402,Bike,Cox Town,Whitefield,,,Driver asked to cancel,Not Applicable,Not Applicable,Not Applicable,422,Not Applicable,0,,
2024-07-17 01:42:00,CNR4502693611,Success,CID948515,Prime Sedan,Hulimavu,Marathahalli,105.0,35.0,Not Applicable,Not Applicable,No,Not Applicable,487,UPI,41,3.1,4.8
2024-07-29 01:10:00,CNR6457684726,Canceled by Driver,CID499532,Prime Plus,Sahakar Nagar,Whitefield,,,Not Applicable,Customer was coughing/sick,Not Applicable,Not Applicable,329,Not Applicable,0,,
2024-07-08 15:46:00,CNR8184625904,Success,CID142175,Prime Sedan,Hebbal,Ramamurthy Nagar,231.0,140.0,Not Applicable,Not Applicable,No,Not Applicable,465,Cash,5,4.8,3.4
2024-07-11 10:58:00,CNR4520951525,Canceled by Driver,CID679660,Bike,Frazer Town,Devanahalli,,,Not Applicable,Customer was coughing/sick,Not Applicable,Not Applicable,2035,Not Applicable,0,,
2024-07-30 08:22:00,CNR6908306082,Canceled by Customer,CID248618,Mini,Richmond Town,Hosur Road,,,Driver asked to cancel,Not Applicable,Not Applicable,Not Applicable,432,Not Applicable,0,,
2024-07-25 20:35:00,CNR6436847809,Success,CID767721,Prime Plus,Chamarajpet,Hebbal,238.0,60.0,Not Applicable,Not Applicable,No,Not Applicable,2296,UPI,3,3.6,3.6
2024-07-14 03:51:00,CNR4168809169,Success,CID277732,Bike,Hulimavu,Basavanagudi,259.0,75.0,Not Applicable,Not Applicable,No,Not Applicable,294,UPI,46,3.6,3.7
2024-07-15 14:01:00,CNR5583039964,Success,CID791882,Prime Sedan,Indiranagar,Ulsoor,182.0,90.0,Not Applicable,Not Applicable,No,Not Applicable,471,Cash,10,4.8,4.2
2024-07-28 10:33:00,CNR5595602473,Success,CID846435,Prime Sedan,RT Nagar,Hebbal,70.0,40.0,Not Applicable,Not Applicable,Yes,Vehicle Breakdown,133,UPI,29,4.1,4.0
2024-07-10 07:15:00,CNR1687745784,Success,CID638980,Prime SUV,Mysore Road,KR Puram,203.0,145.0,Not Applicable,Not Applicable,No,Not Applicable,469,Cash,39,4.3,4.3
2024-07-13 11:02:00,CNR5346015151,Success,CID521941,Auto,Richmond Town,JP Nagar,189.0,65.0,Not Applicable,Not Applicable,No,Not Applicable,511,UPI,10,4.1,3.6
2024-07-20 00:51:00,CNR7109921590,Success,CID711088,Prime SUV,Kadugodi,Kammanahalli,203.0,80.0,Not Applicable,Not Applicable,No,Not Applicable,360,Credit Card,36,4.7,4.5
2024-07-20 10:29:00,CNR6487066784,Success,CID363041,Prime Plus,Tumkur Road,Basavanagudi,238.0,140.0,Not Applicable,Not Applicable,Yes,Customer Demand,426,UPI,48,4.8,4.1
2024-07-04 02:39:00,CNR8664673245,Success,CID358567,eBike,Chickpet,Rajarajeshwari Nagar,98.0,50.0,Not Applicable,Not Applicable,No,Not Applicable,204,Cash,8,4.9,3.2
2024-07-21 16:43:00,CNR7308560324,Success,CID323408,Prime SUV,Bannerghatta Road,MG Road,238.0,45.0,Not Applicable,Not Applicable,Yes,Other Issue,130,UPI,31,4.1,4.6
2024-07-04 10:14:00,CNR9423207861,Success,CID143893,Bike,Chickpet,RT Nagar,42.0,110.0,Not Applicable,Not Applicable,No,Not Applicable,398,Credit Card,12,3.5,3.4
2024-07-29 08:53:00,CNR3704427320,Success,CID722744,Prime Sedan,Richmond Town,Sahakar Nagar,238.0,35.0,Not Applicable,Not Applicable,No,Not Applicable,244,Cash,1,3.5,4.8
2024-07-01 11:59:00,CNR5703166098,Success,CID932448,eBike,Bannerghatta Road,Richmond Town,105.0,110.0,Not Applicable,Not Applicable,No,Not Applicable,370,UPI,19,4.4,4.2
2024-07-19 20:14:00,CNR3590220025,Canceled by Customer,CID430006,eBike,Basavanagudi,Hulimavu,,,AC is Not working,Not Applicable,Not Applicable,Not Applicable,369,Not Applicable,0,,
2024-07-01 10:15:00,CNR7674265124,Success,CID216737,Prime SUV,HSR Layout,Vijayanagar,133.0,75.0,Not Applicable,Not Applicable,No,Not Applicable,145,Cash,10,4.8,3.4
2024-07-02 09:54:00,CNR2039228270,Success,CID119818,Auto,Hosur Road,Hebbal,105.0,60.0,Not Applicable,Not Applicable,No,Not Applicable,724,Cash,1,3.6,4.2
2024-07-29 18:52:00,CNR1320682845,Canceled by Driver,CID502271,Auto,Shivajinagar,Kadugodi,,,Not Applicable,Customer was coughing/sick,Not Applicable,Not Applicable,2295,Not Applicable,0,,
2024-07-25 02:33:00,CNR8913004819,Success,CID765370,Prime Sedan,Sahakar Nagar,Nagarbhavi,161.0,120.0,Not Applicable,Not Applicable,No,Not Applicable,226,Cash,28,4.0,3.9
2024-07-10 21:40:00,CNR6347847486,Canceled by Driver,CID521715,Prime Sedan,Chickpet,Yeshwanthpur,,,Not Applicable,More than permitted people in there,Not Applicable,Not Applicable,293,Not Applicable,0,,
2024-07-25 02:00:00,CNR1628895676,Success,CID596286,Prime Plus,Padmanabhanagar,Kammanahalli,105.0,125.0,Not Applicable,Not Applicable,No,Not Applicable,393,Cash,39,3.7,4.0
2024-07-20 10:02:00,CNR1549202322,Success,CID665521,Prime Sedan,Hulimavu,Cox Town,77.0,65.0,Not Applicable,Not Applicable,No,Not Applicable,331,Cash,20,4.9,3.9
2024-07-10 08:04:00,CNR3536122288,Canceled by Driver,CID358708,Prime Sedan,Varthur,Kengeri,,,Not Applicable,Personal & Car related issue,Not Applicable,Not Applicable,853,Not Applicable,0,,
2024-07-01 09:13:00,CNR5808316791,Canceled by Driver,CID184729,Prime Plus,Yelahanka,JP Nagar,,,Not Applicable,Personal & Car related issue,Not Applicable,Not Applicable,270,Not Applicable,0,,
2024-07-22 21:46:00,CNR4806790179,Canceled by Driver,CID813466,Prime Plus,Yeshwanthpur,Marathahalli,,,Not Applicable,More than permitted people in there,Not Applicable,Not Applicable,307,Not Applicable,0,,
2024-07-20 04:04:00,CNR4801785518,Success,CID530221,eBike,Shantinagar,Indiranagar,301.0,70.0,Not Applicable,Not Applicable,No,Not Applicable,361,Cash,25,4.5,3.6
2024-07-26 20:32:00,CNR2792231530,Driver Not Found,CID964508,Prime Plus,JP Nagar,Langford Town,,,Not Applicable,Not Applicable,Not Applicable,Not Applicable,1642,Not Applicable,0,,
2024-07-08 09:39:00,CNR1835097579,Success,CID216998,Prime Plus,Indiranagar,Sahakar Nagar,280.0,55.0,Not Applicable,Not Applicable,No,Not Applicable,231,Cash,23,4.0,4.5
2024-07-09 12:50:00,CNR3038886201,Driver Not Found,CID487107,Mini,Nagarbhavi,Whitefield,,,Not Applicable,Not Applicable,Not Applicable,Not Applicable,546,Not Applicable,0,,
2024-07-24 14:47:00,CNR3445008419,Success,CID295449,Prime Plus,RT Nagar,Langford Town,294.0,145.0,Not Applicable,Not Applicable,No,Not Applicable,276,Cash,10,4.3,4.4
2024-07-30 00:33:00,CNR9185076452,Canceled by Driver,CID647191,Prime Sedan,Peenya,Kammanahalli,,,Not Applicable,Personal & Car related issue,Not Applicable,Not Applicable,357,Not Applicable,0,,
2024-07-27 09:47:00,CNR5731855798,Canceled by Customer,CID753510,Prime SUV,Mysore Road,Kengeri,,,Driver is not moving towards pickup location,Not Applicable,Not Applicable,Not Applicable,490,Not Applicable,0,,
2024-07-06 18:59:00,CNR2909681327,Canceled by Driver,CID477455,Auto,Marathahalli,Rajajinagar,,,Not Applicable,Customer was coughing/sick,Not Applicable,Not Applicable,436,Not Applicable,0,,
2024-07-14 10:16:00,CNR2425800077,Driver Not Found,CID399794,Auto,Ulsoor,Majestic,,,Not Applicable,Not Applicable,Not Applicable,Not Applicable,458,Not Applicable,0,,
2024-07-28 15:52:00,CNR1281124863,Success,CID912375,Prime SUV,Majestic,Langford Town,273.0,85.0,Not Applicable,Not Applicable,No,Not Applicable,332,Cash,3,3.4,3.7
2024-07-26 10:27:00,CNR9006218108,Success,CID687722,Bike,MG Road,Basavanagudi,273.0,145.0,Not Applicable,Not Applicable,No,Not Applicable,461,UPI,18,3.6,3.6
2024-07-28 18:15:00,CNR9506988927,Success,CID189887,Mini,Kengeri,Peenya,119.0,35.0,Not Applicable,Not Applicable,No,Not Applicable,1967,Cash,27,3.6,3.9
2024-07-10 23:24:00,CNR6811610434,Success,CID609323,eBike,Banashankari,Chamarajpet,217.0,120.0,Not Applicable,Not Applicable,No,Not Applicable,499,UPI,36,4.6,3.1
2024-07-20 20:46:00,CNR2948313392,Canceled by Driver,CID120403,Prime Plus,Shantinagar,Shantinagar,,,Not Applicable,Customer was coughing/sick,Not Applicable,Not Applicable,142,Not Applicable,0,,
2024-07-18 12:29:00,CNR6796539087,Success,CID116670,Auto,Sahakar Nagar,Basavanagudi,105.0,50.0,Not Applicable,Not Applicable,No,Not Applicable,982,Cash,11,3.4,3.2
2024-07-14 22:46:00,CNR6232604866,Canceled by Driver,CID468559,Prime SUV,Sarjapur Road,Frazer Town,,,Not Applicable,Customer was coughing/sick,Not Applicable,Not Applicable,181,Not Applicable,0,,
2024-07-17 11:52:00,CNR2488553432,Success,CID346862,Prime Plus,JP Nagar,Malleshwaram,294.0,25.0,Not Applicable,Not Applicable,No,Not Applicable,115,UPI,40,4.2,3.3
2024-07-18 18:12:00,CNR3329070818,Success,CID870335,Bike,Chickpet,Sahakar Nagar,105.0,145.0,Not Applicable,Not Applicable,No,Not Applicable,863,Debit Card,39,3.9,3.5
2024-07-26 23:41:00,CNR2633754913,Success,CID339236,Auto,Kadugodi,Marathahalli,280.0,50.0,Not Applicable,Not Applicable,No,Not Applicable,175,Cash,8,3.7,4.3
2024-07-30 06:23:00,CNR4610307816,Canceled by Customer,CID602184,Auto,Hosur Road,Yelahanka,,,Driver is not moving towards pickup location,Not Applicable,Not Applicable,Not Applicable,2477,Not Applicable,0,,
2024-07-27 10:07:00,CNR9487742744,Success,CID220589,eBike,Hulimavu,Hennur,224.0,40.0,Not Applicable,Not Applicable,No,Not Applicable,184,UPI,47,3.0,3.6
2024-07-07 02:18:00,CNR8970123007,Success,CID501112,Mini,Hulimavu,Magadi Road,133.0,75.0,Not Applicable,Not Applicable,No,Not Applicable,391,UPI,30,3.1,3.6
2024-07-10 12:47:00,CNR6209670146,Success,CID240930,Prime Sedan,Hennur,Richmond Town,217.0,30.0,Not Applicable,Not Applicable,No,Not Applicable,451,UPI,46,3.1,4.9
2024-07-11 19:01:00,CNR4141323059,Success,CID234770,Prime Sedan,Chamarajpet,Chickpet,210.0,105.0,Not Applicable,Not Applicable,Yes,Customer Demand,150,UPI,32,4.6,3.2
2024-07-26 12:51:00,CNR4682924222,Canceled by Driver,CID596448,Mini,Basavanagudi,Mysore Road,,,Not Applicable,More than permitted people in there,Not Applicable,Not Applicable,438,Not Applicable,0,,
2024-07-08 16:19:00,CNR7073100851,Success,CID168325,Prime Plus,Padmanabhanagar,KR Puram,119.0,125.0,Not Applicable,Not Applicable,No,Not Applicable,828,UPI,17,4.6,3.3
2024-07-29 17:25:00,CNR1894237409,Success,CID462242,Prime Sedan,Yeshwanthpur,Nagarbhavi,294.0,65.0,Not Applicable,Not Applicable,No,Not Applicable,306,UPI,38,4.5,3.2
2024-07-18 04:52:00,CNR7394967594,Canceled by Driver,CID335686,eBike,Hebbal,Marathahalli,,,Not Applicable,Customer related issue,Not Applicable,Not Applicable,979,Not Applicable,0,,
2024-07-23 05:16:00,CNR4519488670,Success,CID981749,Auto,KR Puram,Yeshwanthpur,35.0,60.0,Not Applicable,Not Applicable,No,Not Applicable,313,Cash,17,3.5,4.2
2024-07-29 15:46:00,CNR1404810087,Canceled by Driver,CID922064,Prime SUV,Hosur Road,Chickpet,,,Not Applicable,Customer related issue,Not Applicable,Not Applicable,1041,Not Applicable,0,,
2024-07-07 04:05:00,CNR9302957759,Success,CID567808,Prime Plus,Tumkur Road,Whitefield,210.0,75.0,Not Applicable,Not Applicable,No,Not Applicable,183,Cash,23,5.0,3.8
2024-07-26 22:48:00,CNR4251365795,Success,CID953259,Prime SUV,Whitefield,Nagarbhavi,196.0,100.0,Not Applicable,Not Applicable,No,Not Applicable,160,Cash,46,4.1,3.2
2024-07-26 18:09:00,CNR6523189547,Canceled by Driver,CID507867,Auto,Majestic,Koramangala,,,Not Applicable,Customer related issue,Not Applicable,Not Applicable,248,Not Applicable,0,,
2024-07-29 02:02:00,CNR2327278549,Canceled by Customer,CID207860,Prime Sedan,MG Road,Banashankari,,,Driver asked to cancel,Not Applicable,Not Applicable,Not Applicable,398,Not Applicable,0,,
2024-07-17 23:40:00,CNR5274962862,Success,CID679706,eBike,Indiranagar,Basavanagudi,175.0,50.0,Not Applicable,Not Applicable,No,Not Applicable,185,UPI,2,4.1,3.5
2024-07-30 10:20:00,CNR8346774313,Success,CID579651,Bike,BTM Layout,Whitefield,259.0,135.0,Not Applicable,Not Applicable,No,Not Applicable,769,Cash,44,3.3,3.6
2024-07-09 09:45:00,CNR7372123098,Canceled by Driver,CID501852,eBike,Shantinagar,Koramangala,,,Not Applicable,Customer related issue,Not Applicable,Not Applicable,736,Not Applicable,0,,
2024-07-09 01:11:00,CNR2975946242,Success,CID138993,Auto,Majestic,Marathahalli,196.0,90.0,Not Applicable,Not Applicable,Yes,Vehicle Breakdown,871,Cash,16,3.1,3.3
2024-07-01 17:04:00,CNR2755319358,Canceled by Driver,CID127474,Prime Sedan,Shivajinagar,Yeshwanthpur,,,Not Applicable,Customer related issue,Not Applicable,Not Applicable,398,Not Applicable,0,,
2024-07-27 01:44:00,CNR6112278092,Success,CID375342,Prime SUV,Sarjapur Road,Nagarbhavi,140.0,70.0,Not Applicable,Not Applicable,No,Not Applicable,395,Cash,18,4.0,4.6
2024-07-09 05:34:00,CNR4151640323,Success,CID865883,Prime SUV,Yeshwanthpur,Kengeri,140.0,90.0,Not Applicable,Not Applicable,No,Not Applicable,124,Cash,9,3.2,3.1
2024-07-02 06:54:00,CNR5611013363,Canceled by Customer,CID212697,Prime Sedan,Shivajinagar,Shantinagar,,,Wrong Address,Not Applicable,Not Applicable,Not Applicable,432,Not Applicable,0,,
2024-07-15 17:28:00,CNR6995647139,Success,CID758805,Auto,Ulsoor,Padmanabhanagar,224.0,115.0,Not Applicable,Not Applicable,No,Not Applicable,960,Cash,7,4.2,4.1
2024-07-14 04:20:00,CNR4467086560,Success,CID465635,Prime SUV,Hulimavu,Bellandur,133.0,140.0,Not Applicable,Not Applicable,No,Not Applicable,187,Cash,34,3.9,4.0
2024-07-19 22:28:00,CNR3944428671,Success,CID132359,Prime Plus,Hebbal,Banashankari,224.0,60.0,Not Applicable,Not Applicable,No,Not Applicable,466,Cash,15,4.6,3.5
2024-07-12 04:30:00,CNR4944081630,Success,CID995456,Prime SUV,Tumkur Road,Shantinagar,259.0,85.0,Not Applicable,Not Applicable,No,Not Applicable,955,UPI,22,3.7,4.4
2024-07-06 00:17:00,CNR8271360947,Success,CID763141,Auto,Frazer Town,Langford Town,273.0,25.0,Not Applicable,Not Applicable,No,Not Applicable,301,Cash,19,4.3,3.3
2024-07-15 08:22:00,CNR7632303415,Driver Not Found,CID658536,Auto,Malleshwaram,MG Road,,,Not Applicable,Not Applicable,Not Applicable,Not Applicable,179,Not Applicable,0,,
2024-07-21 18:14:00,CNR9275437070,Canceled by Driver,CID558289,eBike,Chickpet,Chickpet,,,Not Applicable,Personal & Car related issue,Not Applicable,Not Applicable,474,Not Applicable,0,,
2024-07-28 14:07:00,CNR9545457163,Success,CID250833,Prime Sedan,Peenya,Bellandur,98.0,70.0,Not Applicable,Not Applicable,No,Not Applicable,116,Cash,19,3.2,5.0
2024-07-26 14:59:00,CNR4859556127,Success,CID890642,Mini,Magadi Road,Frazer Town,259.0,40.0,Not Applicable,Not Applicable,No,Not Applicable,989,Cash,48,3.9,4.2
2024-07-28 18:10:00,CNR3166005313,Driver Not Found,CID199389,Prime SUV,Devanahalli,Jayanagar,,,Not Applicable,Not Applicable,Not Applicable,Not Applicable,411,Not Applicable,0,,
2024-07-19 21:26:00,CNR2463752848,Canceled by Customer,CID922635,Auto,Majestic,Rajajinagar,,,Driver is not moving towards pickup location,Not Applicable,Not Applicable,Not Applicable,338,Not Applicable,0,,
2024-07-19 12:25:00,CNR4035445735,Success,CID586289,eBike,Varthur,Nagarbhavi,161.0,85.0,Not Applicable,Not Applicable,No,Not Applicable,433,Cash,4,3.6,3.2
2024-07-26 08:59:00,CNR2537612841,Success,CID194075,Mini,JP Nagar,JP Nagar,98.0,120.0,Not Applicable,Not Applicable,No,Not Applicable,868,UPI,32,4.9,3.0
2024-07-17 13:38:00,CNR7389170689,Success,CID455235,Prime Plus,MG Road,Tumkur Road,147.0,130.0,Not Applicable,Not Applicable,No,Not Applicable,505,Cash,7,5.0,3.2
2024-07-17 05:39:00,CNR5869163682,Canceled by Driver,CID361305,Prime Sedan,HSR Layout,Mysore Road,,,Not Applicable,Customer was coughing/sick,Not Applicable,Not Applicable,150,Not Applicable,0,,
2024-07-01 06:38:00,CNR3169177443,Success,CID388865,Auto,Banashankari,Sahakar Nagar,217.0,70.0,Not Applicable,Not Applicable,No,Not Applicable,333,UPI,4,4.1,4.3
2024-07-19 08:23:00,CNR4287892644,Success,CID499140,eBike,Sarjapur Road,Sahakar Nagar,49.0,35.0,Not Applicable,Not Applicable,No,Not Applicable,1369,Cash,27,3.8,3.8
2024-07-25 04:47:00,CNR9383986804,Canceled by Driver,CID466287,Auto,Padmanabhanagar,Ulsoor,,,Not Applicable,Customer related issue,Not Applicable,Not Applicable,110,Not Applicable,0,,
2024-07-27 03:57:00,CNR4387507924,Driver Not Found,CID394503,Auto,Kengeri,Majestic,,,Not Applicable,Not Applicable,Not Applicable,Not Applicable,273,Not Applicable,0,,
2024-07-13 23:54:00,CNR2837957905,Success,CID804236,Mini,Hennur,Kadugodi,301.0,100.0,Not Applicable,Not Applicable,No,Not Applicable,461,Cash,8,3.1,4.2
2024-07-12 14:15:00,CNR4411872084,Canceled by Driver,CID646449,Prime Sedan,Kengeri,Chickpet,,,Not Applicable,Customer related issue,Not Applicable,Not Applicable,291,Not Applicable,0,,
2024-07-12 04:55:00,CNR5996399016,Canceled by Driver,CID204312,Prime Sedan,Sarjapur Road,Hennur,,,Not Applicable,Customer was coughing/sick,Not Applicable,Not Applicable,230,Not Applicable,0,,
2024-07-06 05:08:00,CNR4972953368,Success,CID657429,Mini,Cox Town,Yelahanka,175.0,85.0,Not Applicable,Not Applicable,No,Not Applicable,459,UPI,13,3.6,4.4
2024-07-24 11:22:00,CNR8788992667,Success,CID297822,Prime Plus,Mysore Road,Whitefield,245.0,65.0,Not Applicable,Not Applicable,No,Not Applicable,664,Cash,26,3.8,4.1
2024-07-24 09:17:00,CNR6616112574,Canceled by Driver,CID939993,Mini,Yelahanka,Kadugodi,,,Not Applicable,Customer related issue,Not Applicable,Not Applicable,296,Not Applicable,0,,
2024-07-20 22:25:00,CNR2581257759,Success,CID306774,Prime Plus,Magadi Road,Vijayanagar,217.0,90.0,Not Applicable,Not Applicable,No,Not Applicable,2852,UPI,5,4.7,4.1
2024-07-23 11:24:00,CNR3869864069,Success,CID247434,Mini,Sarjapur Road,Padmanabhanagar,273.0,30.0,Not Applicable,Not Applicable,No,Not Applicable,485,UPI,39,3.7,3.9
2024-07-28 15:23:00,CNR6824664869,Success,CID134597,Prime Sedan,Basavanagudi,Yeshwanthpur,189.0,110.0,Not Applicable,Not Applicable,No,Not Applicable,598,Cash,41,3.8,3.9
2024-07-29 08:17:00,CNR6415597497,Success,CID631364,Prime SUV,Shantinagar,Hulimavu,280.0,40.0,Not Applicable,Not Applicable,No,Not Applicable,464,UPI,9,4.0,3.2
2024-07-25 16:05:00,CNR6043259161,Canceled by Customer,CID618728,Bike,Kengeri,Hosur Road,,,Driver asked to cancel,Not Applicable,Not Applicable,Not Applicable,427,Not Applicable,0,,
2024-07-11 19:08:00,CNR8978167501,Canceled by Driver,CID366368,Prime Plus,MG Road,Indiranagar,,,Not Applicable,Personal & Car related issue,Not Applicable,Not Applicable,457,Not Applicable,0,,
2024-07-10 21:18:00,CNR5434034291,Success,CID209486,Prime Sedan,Ulsoor,Koramangala,133.0,90.0,Not Applicable,Not Applicable,No,Not Applicable,637,Cash,15,4.7,3.0
2024-07-06 12:17:00,CNR5805193538,Success,CID317440,Prime Plus,JP Nagar,Kengeri,112.0,105.0,Not Applicable,Not Applicable,No,Not Applicable,1720,Cash,31,3.3,4.2
2024-07-27 18:23:00,CNR9817149635,Success,CID273959,Auto,Richmond Town,Mysore Road,210.0,80.0,Not Applicable,Not Applicable,No,Not Applicable,464,Cash,5,3.8,4.7
2024-07-01 12:48:00,CNR9563739920,Canceled by Customer,CID949744,Prime Sedan,Bannerghatta Road,HSR Layout,,,Driver asked to cancel,Not Applicable,Not Applicable,Not Applicable,280,Not Applicable,0,,
2024-07-22 08:23:00,CNR3015878058,Canceled by Driver,CID776974,Prime Plus,Banashankari,Varthur,,,Not Applicable,Customer was coughing/sick,Not Applicable,Not Applicable,188,Not Applicable,0,,
2024-07-25 21:38:00,CNR3474959723,Success,CID747108,Prime Plus,Sarjapur Road,Chamarajpet,189.0,120.0,Not Applicable,Not Applicable,No,Not Applicable,221,Cash,35,3.3,4.3
2024-07-16 11:14:00,CNR2325324621,Success,CID392337,Prime Plus,Indiranagar,Koramangala,119.0,65.0,Not Applicable,Not Applicable,No,Not Applicable,980,Cash,2,4.6,4.8
2024-07-30 07:47:00,CNR4881149878,Success,CID654479,Prime SUV,Basavanagudi,Hosur Road,161.0,95.0,Not Applicable,Not Applicable,No,Not Applicable,229,Cash,35,4.7,3.4
2024-07-20 22:47:00,CNR8311071736,Canceled by Driver,CID503837,eBike,Majestic,Langford Town,,,Not Applicable,Personal & Car related issue,Not Applicable,Not Applicable,362,Not Applicable,0,,
2024-07-30 01:28:00,CNR1137157864,Success,CID226014,Mini,Indiranagar,Malleshwaram,217.0,140.0,Not Applicable,Not Applicable,No,Not Applicable,796,Cash,7,3.6,3.2
2024-07-08 18:26:00,CNR9459911767,Success,CID798956,Bike,Rajarajeshwari Nagar,Ulsoor,105.0,110.0,Not Applicable,Not Applicable,No,Not Applicable,415,UPI,17,4.5,3.4
2024-07-17 19:57:00,CNR2089174410,Canceled by Driver,CID511887,Prime Sedan,Mysore Road,Electronic City,,,Not Applicable,Personal & Car related issue,Not Applicable,Not Applicable,255,Not Applicable,0,,
2024-07-23 22:30:00,CNR2272322224,Success,CID796943,Prime Sedan,JP Nagar,Kammanahalli,210.0,110.0,Not Applicable,Not Applicable,No,Not Applicable,125,Cash,31,3.3,5.0
2024-07-11 15:31:00,CNR8513606649,Driver Not Found,CID201736,eBike,Langford Town,Electronic City,,,Not Applicable,Not Applicable,Not Applicable,Not Applicable,276,Not Applicable,0,,
2024-07-26 19:37:00,CNR9055413525,Success,CID819008,Prime Plus,Whitefield,Rajarajeshwari Nagar,287.0,35.0,Not Applicable,Not Applicable,No,Not Applicable,257,UPI,22,3.2,3.8
2024-07-05 15:00:00,CNR1099844879,Success,CID395502,Prime Sedan,Sarjapur Road,Majestic,42.0,140.0,Not Applicable,Not Applicable,Yes,Other Issue,852,Cash,32,4.2,3.4
2024-07-29 13:23:00,CNR8861418129,Canceled by Driver,CID120860,Prime SUV,Yelahanka,HSR Layout,,,Not Applicable,Personal & Car related issue,Not Applicable,Not Applicable,934,Not Applicable,0,,
2024-07-05 22:47:00,CNR7946227095,Success,CID535097,Mini,BTM Layout,Banashankari,301.0,145.0,Not Applicable,Not Applicable,No,Not Applicable,304,Cash,5,4.6,4.3
2024-07-21 18:34:00,CNR6130971922,Driver Not Found,CID767825,eBike,Chickpet,KR Puram,,,Not Applicable,Not Applicable,Not Applicable,Not Applicable,834,Not Applicable,0,,
2024-07-17 03:23:00,CNR4137563288,Canceled by Customer,CID845558,Mini,Yelahanka,Banashankari,,,Change of plans,Not Applicable,Not Applicable,Not Applicable,372,Not Applicable,0,,
2024-07-15 22:23:00,CNR4467532035,Canceled by Driver,CID528771,Prime Sedan,Marathahalli,Shantinagar,,,Not Applicable,Customer related issue,Not Applicable,Not Applicable,870,Not Applicable,0,,
2024-07-25 13:17:00,CNR7000386550,Driver Not Found,CID786141,Mini,Banashankari,Whitefield,,,Not Applicable,Not Applicable,Not Applicable,Not Applicable,155,Not Applicable,0,,
2024-07-27 08:01:00,CNR5577549304,Canceled by Customer,CID346573,Prime SUV,Rajarajeshwari Nagar,Hosur Road,,,Driver is not moving towards pickup location,Not Applicable,Not Applicable,Not Applicable,318,Not Applicable,0,,
2024-07-16 09:30:00,CNR5898598604,Canceled by Driver,CID159012,eBike,Kengeri,HSR Layout,,,Not Applicable,More than permitted people in there,Not Applicable,Not Applicable,944,Not Applicable,0,,
2024-07-20 15:23:00,CNR5800377628,Success,CID835642,Bike,Hulimavu,Chamarajpet,259.0,145.0,Not Applicable,Not Applicable,No,Not Applicable,811,Cash,19,4.8,4.8
2024-07-28 00:01:00,CNR6696978026,Canceled by Customer,CID281207,Bike,Hosur Road,JP Nagar,,,Driver is not moving towards pickup location,Not Applicable,Not Applicable,Not Applicable,438,Not Applicable,0,,
2024-07-10 16:30:00,CNR5134350899,Success,CID776239,eBike,Nagarbhavi,Jayanagar,35.0,120.0,Not Applicable,Not Applicable,No,Not Applicable,436,Cash,29,3.7,4.2
2024-07-24 10:21:00,CNR6177844127,Canceled by Driver,CID631478,Prime SUV,Malleshwaram,BTM Layout,,,Not Applicable,More than permitted people in there,Not Applicable,Not Applicable,347,Not Applicable,0,,
2024-07-14 10:04:00,CNR9986259436,Canceled by Customer,CID273489,Prime Sedan,Kadugodi,Koramangala,,,Driver is not moving towards pickup location,Not Applicable,Not Applicable,Not Applicable,382,Not Applicable,0,,
2024-07-09 15:01:00,CNR7133640641,Success,CID960023,Prime SUV,Yeshwanthpur,BTM Layout,266.0,45.0,Not Applicable,Not Applicable,No,Not Applicable,251,Cash,15,4.3,4.5
2024-07-28 21:16:00,CNR4979204100,Success,CID513174,Prime Plus,Chickpet,Richmond Town,42.0,55.0,Not Applicable,Not Applicable,No,Not Applicable,306,Cash,15,4.2,4.7
2024-07-01 23:17:00,CNR8245562602,Success,CID500289,Prime SUV,Devanahalli,Mysore Road,147.0,60.0,Not Applicable,Not Applicable,No,Not Applicable,2055,Cash,31,3.2,3.7
2024-07-03 20:09:00,CNR3991772396,Driver Not Found,CID247061,Prime SUV,Indiranagar,Langford Town,,,Not Applicable,Not Applicable,Not Applicable,Not Applicable,695,Not Applicable,0,,
2024-07-15 11:34:00,CNR8382035584,Success,CID829390,Prime Sedan,Magadi Road,Sahakar Nagar,231.0,60.0,Not Applicable,Not Applicable,No,Not Applicable,2705,UPI,33,3.7,4.8
2024-07-15 01:26:00,CNR8806169529,Canceled by Driver,CID504890,eBike,Richmond Town,Yelahanka,,,Not Applicable,Customer was coughing/sick,Not Applicable,Not Applicable,104,Not Applicable,0,,
2024-07-16 19:38:00,CNR5381932226,Success,CID927646,Mini,Varthur,Yelahanka,140.0,50.0,Not Applicable,Not Applicable,No,Not Applicable,200,UPI,36,4.2,3.5
2024-07-10 01:54:00,CNR7928385220,Success,CID570694,Prime Sedan,Indiranagar,Magadi Road,56.0,145.0,Not Applicable,Not Applicable,No,Not Applicable,341,Cash,42,4.5,4.4
2024-07-06 16:39:00,CNR5373795456,Success,CID583777,eBike,JP Nagar,Majestic,224.0,75.0,Not Applicable,Not Applicable,No,Not Applicable,130,Cash,10,4.8,4.8
2024-07-07 10:51:00,CNR7688214932,Success,CID817629,Prime Plus,Hosur Road,RT Nagar,56.0,145.0,Not Applicable,Not Applicable,No,Not Applicable,106,UPI,42,4.3,3.8
2024-07-08 18:07:00,CNR1000739586,Canceled by Driver,CID971440,eBike,Malleshwaram,Hosur Road,,,Not Applicable,Customer related issue,Not Applicable,Not Applicable,214,Not Applicable,0,,
2024-07-16 09:46:00,CNR7958378591,Canceled by Driver,CID957550,Auto,Devanahalli,Rajarajeshwari Nagar,,,Not Applicable,More than permitted people in there,Not Applicable,Not Applicable,467,Not Applicable,0,,
2024-07-22 17:17:00,CNR3970565204,Success,CID961901,Auto,Peenya,Yeshwanthpur,154.0,140.0,Not Applicable,Not Applicable,No,Not Applicable,225,Cash,13,3.7,4.2
2024-07-18 16:25:00,CNR7755589160,Success,CID539299,Prime SUV,Nagarbhavi,Nagarbhavi,245.0,80.0,Not Applicable,Not Applicable,No,Not Applicable,246,Cash,8,3.1,4.5
2024-07-26 02:09:00,CNR5235369167,Success,CID602414,Prime Plus,Shivajinagar,Rajarajeshwari Nagar,287.0,25.0,Not Applicable,Not Applicable,No,Not Applicable,993,UPI,9,4.2,4.4
2024-07-03 05:53:00,CNR4538630220,Success,CID291924,Prime Plus,Ramamurthy Nagar,Hosur Road,189.0,135.0,Not Applicable,Not Applicable,No,Not Applicable,192,Cash,40,3.8,3.5
2024-07-27 10:54:00,CNR4367145980,Success,CID738788,Bike,Banashankari,KR Puram,112.0,95.0,Not Applicable,Not Applicable,No,Not Applicable,803,UPI,9,4.1,3.8
2024-07-06 18:52:00,CNR4142034678,Success,CID736476,Prime Plus,Koramangala,BTM Layout,175.0,80.0,Not Applicable,Not Applicable,Yes,Customer Demand,1716,UPI,30,3.3,3.6
2024-07-15 09:38:00,CNR7328165046,Success,CID395306,Auto,Mysore Road,Bellandur,126.0,140.0,Not Applicable,Not Applicable,No,Not Applicable,355,Cash,6,4.8,4.1
2024-07-27 03:11:00,CNR6123389590,Canceled by Customer,CID616621,Auto,Vijayanagar,Mysore Road,,,Driver is not moving towards pickup location,Not Applicable,Not Applicable,Not Applicable,1542,Not Applicable,0,,
2024-07-09 15:06:00,CNR6776929317,Success,CID829546,Bike,Malleshwaram,Sahakar Nagar,280.0,90.0,Not Applicable,Not Applicable,No,Not Applicable,109,UPI,17,4.6,4.2
2024-07-23 04:43:00,CNR6512500045,Driver Not Found,CID467448,Prime Sedan,Hulimavu,Kengeri,,,Not Applicable,Not Applicable,Not Applicable,Not Applicable,308,Not Applicable,0,,
2024-07-25 22:37:00,CNR3043422010,Driver Not Found,CID512405,Prime Plus,Ulsoor,Sahakar Nagar,,,Not Applicable,Not Applicable,Not Applicable,Not Applicable,253,Not Applicable,0,,
2024-07-24 02:37:00,CNR6341064123,Success,CID644986,Prime SUV,Basavanagudi,Devanahalli,203.0,145.0,Not Applicable,Not Applicable,No,Not Applicable,314,UPI,41,4.2,4.3
2024-07-22 08:16:00,CNR5494470755,Canceled by Driver,CID570350,Bike,JP Nagar,Nagarbhavi,,,Not Applicable,Personal & Car related issue,Not Applicable,Not Applicable,587,Not Applicable,0,,
2024-07-05 08:28:00,CNR1232709985,Success,CID951839,Prime Sedan,Jayanagar,Koramangala,147.0,85.0,Not Applicable,Not Applicable,No,Not Applicable,406,Cash,31,3.4,4.4
2024-07-13 23:49:00,CNR5050425466,Canceled by Customer,CID883548,Mini,KR Puram,Jayanagar,,,Wrong Address,Not Applicable,Not Applicable,Not Applicable,406,Not Applicable,0,,
2024-07-05 00:47:00,CNR6283500043,Success,CID928778,eBike,BTM Layout,Banashankari,266.0,45.0,Not Applicable,Not Applicable,No,Not Applicable,155,Cash,23,3.3,4.5
2024-07-10 05:37:00,CNR1856610846,Success,CID236942,Prime Sedan,Mysore Road,Ramamurthy Nagar,119.0,55.0,Not Applicable,Not Applicable,No,Not Applicable,455,Cash,27,4.8,3.2
2024-07-26 14:03:00,CNR6942556464,Driver Not Found,CID575257,Prime Sedan,Ulsoor,Chamarajpet,,,Not Applicable,Not Applicable,Not Applicable,Not Applicable,270,Not Applicable,0,,
2024-07-05 08:30:00,CNR1540268837,Success,CID826191,Prime Sedan,Devanahalli,Hosur Road,210.0,70.0,Not Applicable,Not Applicable,No,Not Applicable,537,UPI,36,4.8,4.8
2024-07-03 01:35:00,CNR8411923544,Canceled by Driver,CID217417,Auto,Langford Town,Basavanagudi,,,Not Applicable,Personal & Car related issue,Not Applicable,Not Applicable,126,Not Applicable,0,,
2024-07-11 22:05:00,CNR9479439615,Success,CID745316,Bike,Rajarajeshwari Nagar,MG Road,168.0,125.0,Not Applicable,Not Applicable,Yes,Other Issue,322,UPI,32,4.8,3.4
2024-07-07 20:45:00,CNR8500347179,Success,CID915349,eBike,KR Puram,Frazer Town,63.0,60.0,Not Applicable,Not Applicable,No,Not Applicable,214,UPI,44,4.6,3.7
2024-07-11 20:41:00,CNR8390755903,Success,CID385018,Auto,Chickpet,Hennur,210.0,25.0,Not Applicable,Not Applicable,No,Not Applicable,525,UPI,12,3.0,3.8
2024-07-07 13:03:00,CNR6066972856,Driver Not Found,CID282074,Bike,Basavanagudi,Hosur Road,,,Not Applicable,Not Applicable,Not Applicable,Not Applicable,204,Not Applicable,0,,
2024-07-14 12:02:00,CNR5997597095,Canceled by Driver,CID204143,Bike,Shivajinagar,Hebbal,,,Not Applicable,More than permitted people in there,Not Applicable,Not Applicable,144,Not Applicable,0,,
2024-07-24 17:21:00,CNR6865844048,Canceled by Customer,CID318534,Prime Plus,Rajarajeshwari Nagar,Devanahalli,,,Driver is not moving towards pickup location,Not Applicable,Not Applicable,Not Applicable,142,Not Applicable,0,,
2024-07-22 22:24:00,CNR9512815169,Success,CID603237,Prime SUV,MG Road,Mysore Road,133.0,50.0,Not Applicable,Not Applicable,No,Not Applicable,326,UPI,15,3.6,4.0
2024-07-17 19:39:00,CNR4484057656,Success,CID369543,Mini,Indiranagar,Koramangala,196.0,125.0,Not Applicable,Not Applicable,No,Not Applicable,338,Cash,22,3.5,3.7
2024-07-17 13:41:00,CNR4497717479,Success,CID777705,Prime Plus,Malleshwaram,Peenya,161.0,125.0,Not Applicable,Not Applicable,Yes,Other Issue,394,Cash,6,3.3,4.4
2024-07-19 10:45:00,CNR3787958304,Canceled by Driver,CID561168,eBike,Hebbal,Devanahalli,,,Not Applicable,More than permitted people in there,Not Applicable,Not Applicable,181,Not Applicable,0,,
2024-07-19 17:17:00,CNR8644595795,Canceled by Driver,CID560157,Prime Plus,Kadugodi,Padmanabhanagar,,,Not Applicable,Customer was coughing/sick,Not Applicable,Not Applicable,187,Not Applicable,0,,
2024-07-06 01:24:00,CNR7518448847,Success,CID362628,Auto,Hulimavu,Indiranagar,280.0,80.0,Not Applicable,Not Applicable,No,Not Applicable,776,Cash,17,4.1,5.0
2024-07-30 18:04:00,CNR6665095002,Success,CID465601,Prime SUV,Mysore Road,Tumkur Road,217.0,120.0,Not Applicable,Not Applicable,No,Not Applicable,560,UPI,21,4.0,4.0
2024-07-19 01:20:00,CNR4761681372,Success,CID248316,Mini,Bellandur,Kengeri,238.0,60.0,Not Applicable,Not Applicable,Yes,Other Issue,227,UPI,29,3.7,4.5
2024-07-15 07:10:00,CNR7585594760,Success,CID126278,eBike,JP Nagar,Chamarajpet,98.0,115.0,Not Applicable,Not Applicable,No,Not Applicable,2296,Cash,6,4.9,4.9
2024-07-23 22:36:00,CNR3410455723,Canceled by Customer,CID720986,Bike,KR Puram,Magadi Road,,,Driver asked to cancel,Not Applicable,Not Applicable,Not Applicable,736,Not Applicable,0,,
2024-07-03 04:30:00,CNR3321221316,Success,CID595221,Prime SUV,Bannerghatta Road,Shantinagar,294.0,35.0,Not Applicable,Not Applicable,No,Not Applicable,202,UPI,28,4.6,3.1
2024-07-23 08:55:00,CNR9160098362,Success,CID610187,Bike,Koramangala,Bellandur,161.0,35.0,Not Applicable,Not Applicable,No,Not Applicable,836,UPI,20,4.0,4.8
2024-07-18 21:56:00,CNR8017560940,Success,CID927213,Prime Sedan,Electronic City,Shivajinagar,210.0,65.0,Not Applicable,Not Applicable,No,Not Applicable,618,UPI,1,4.6,3.6
2024-07-02 16:51:00,CNR4033941041,Success,CID527564,eBike,Devanahalli,Malleshwaram,77.0,25.0,Not Applicable,Not Applicable,No,Not Applicable,444,Cash,21,4.4,4.2
2024-07-21 17:25:00,CNR3495727301,Success,CID753098,eBike,Hulimavu,Shantinagar,280.0,140.0,Not Applicable,Not Applicable,No,Not Applicable,185,Cash,31,4.5,5.0
2024-07-17 11:44:00,CNR1183209205,Canceled by Customer,CID210714,Prime Plus,Chamarajpet,Hebbal,,,Driver is not moving towards pickup location,Not Applicable,Not Applicable,Not Applicable,361,Not Applicable,0,,
2024-07-27 09:42:00,CNR3148828086,Success,CID706395,Prime SUV,Kengeri,MG Road,63.0,70.0,Not Applicable,Not Applicable,No,Not Applicable,2474,UPI,1,4.9,4.6
2024-07-18 04:46:00,CNR1364284296,Canceled by Customer,CID703591,Prime Sedan,Shivajinagar,Chamarajpet,,,AC is Not working,Not Applicable,Not Applicable,Not Applicable,752,Not Applicable,0,,
2024-07-18 19:36:00,CNR5620111815,Driver Not Found,CID714108,Bike,Bellandur,Rajajinagar,,,Not Applicable,Not Applicable,Not Applicable,Not Applicable,105,Not Applicable,0,,
2024-07-28 06:46:00,CNR8606170356,Success,CID729164,Bike,Kadugodi,JP Nagar,294.0,65.0,Not Applicable,Not Applicable,No,Not Applicable,472,UPI,43,3.4,4.4
2024-07-02 15:28:00,CNR3052315486,Canceled by Customer,CID226095,Prime SUV,RT Nagar,Hebbal,,,Wrong Address,Not Applicable,Not Applicable,Not Applicable,2348,Not Applicable,0,,
2024-07-18 22:59:00,CNR5221828673,Canceled by Customer,CID481355,eBike,Magadi Road,Sarjapur Road,,,Driver asked to cancel,Not Applicable,Not Applicable,Not Applicable,909,Not Applicable,0,,
2024-07-03 15:55:00,CNR4311322460,Success,CID284785,Mini,HSR Layout,Vijayanagar,126.0,80.0,Not Applicable,Not Applicable,No,Not Applicable,116,Cash,23,4.6,4.1
2024-07-02 22:02:00,CNR9047359875,Canceled by Customer,CID115887,Bike,Langford Town,Chickpet,,,AC is Not working,Not Applicable,Not Applicable,Not Applicable,190,Not Applicable,0,,
2024-07-17 06:09:00,CNR4542827520,Driver Not Found,CID329183,Prime Plus,Hebbal,Padmanabhanagar,,,Not Applicable,Not Applicable,Not Applicable,Not Applicable,807,Not Applicable,0,,
2024-07-12 10:34:00,CNR1161283290,Canceled by Driver,CID324261,Bike,Jayanagar,Cox Town,,,Not Applicable,More than permitted people in there,Not Applicable,Not Applicable,237,Not Applicable,0,,
2024-07-14 11:15:00,CNR4222289627,Success,CID667227,Mini,Kengeri,Kengeri,231.0,100.0,Not Applicable,Not Applicable,No,Not Applicable,366,Cash,30,3.3,3.8
2024-07-01 01:47:00,CNR9490714020,Canceled by Driver,CID918571,Auto,JP Nagar,Ramamurthy Nagar,,,Not Applicable,Customer was coughing/sick,Not Applicable,Not Applicable,126,Not Applicable,0,,
2024-07-11 04:34:00,CNR8931359972,Success,CID496413,Prime Sedan,Sarjapur Road,Basavanagudi,189.0,90.0,Not Applicable,Not Applicable,No,Not Applicable,474,Cash,49,4.7,3.7
2024-07-17 19:13:00,CNR6810787872,Success,CID796395,Bike,Kengeri,Langford Town,140.0,125.0,Not Applicable,Not Applicable,No,Not Applicable,904,Cash,40,4.2,3.3
2024-07-05 05:13:00,CNR5664178029,Canceled by Customer,CID704743,Prime SUV,Koramangala,Yelahanka,,,Driver is not moving towards pickup location,Not Applicable,Not Applicable,Not Applicable,472,Not Applicable,0,,
2024-07-29 18:06:00,CNR7235619024,Canceled by Driver,CID566798,Prime SUV,Whitefield,Devanahalli,,,Not Applicable,Personal & Car related issue,Not Applicable,Not Applicable,413,Not Applicable,0,,
2024-07-14 09:07:00,CNR8947324420,Success,CID877236,Prime SUV,Bannerghatta Road,Whitefield,56.0,85.0,Not Applicable,Not Applicable,Yes,Vehicle Breakdown,753,Cash,41,4.1,4.0
2024-07-12 11:27:00,CNR2021004708,Success,CID730877,Prime Sedan,Shantinagar,HSR Layout,133.0,110.0,Not Applicable,Not Applicable,No,Not Applicable,1487,UPI,29,3.8,3.8
2024-07-18 16:55:00,CNR9674779721,Success,CID934130,Auto,Cox Town,Langford Town,70.0,135.0,Not Applicable,Not Applicable,No,Not Applicable,947,Cash,13,3.8,3.2
2024-07-27 17:51:00,CNR9550784806,Canceled by Driver,CID884804,Prime SUV,BTM Layout,Rajajinagar,,,Not Applicable,Customer related issue,Not Applicable,Not Applicable,337,Not Applicable,0,,
2024-07-23 14:16:00,CNR9530987951,Success,CID468689,Mini,Magadi Road,Electronic City,63.0,125.0,Not Applicable,Not Applicable,No,Not Applicable,359,Cash,5,3.0,3.6
2024-07-06 01:56:00,CNR9280302223,Canceled by Driver,CID571820,eBike,Basavanagudi,Padmanabhanagar,,,Not Applicable,Customer related issue,Not Applicable,Not Applicable,878,Not Applicable,0,,
2024-07-24 09:55:00,CNR5648089413,Success,CID864302,Prime SUV,Majestic,Richmond Town,49.0,40.0,Not Applicable,Not Applicable,No,Not Applicable,463,Cash,7,4.6,4.0
2024-07-09 00:09:00,CNR4821462028,Success,CID883014,Prime Sedan,Padmanabhanagar,Kengeri,77.0,85.0,Not Applicable,Not Applicable,No,Not Applicable,363,UPI,18,3.1,3.9
2024-07-04 10:48:00,CNR4849647930,Success,CID573519,eBike,Hulimavu,HSR Layout,49.0,35.0,Not Applicable,Not Applicable,No,Not Applicable,497,Cash,25,4.3,3.9
2024-07-05 09:20:00,CNR2396532291,Canceled by Customer,CID645630,Prime Plus,Hebbal,Shantinagar,,,Change of plans,Not Applicable,Not Applicable,Not Applicable,1811,Not Applicable,0,,
2024-07-26 15:32:00,CNR5298338678,Success,CID464047,Bike,Marathahalli,Shivajinagar,252.0,135.0,Not Applicable,Not Applicable,Yes,Vehicle Breakdown,464,UPI,24,3.5,3.4
2024-07-07 19:03:00,CNR3987261936,Success,CID654128,Prime Plus,Kadugodi,Cox Town,280.0,140.0,Not Applicable,Not Applicable,No,Not Applicable,686,Cash,48,3.1,4.8
2024-07-21 13:20:00,CNR1956252205,Success,CID863063,Prime Sedan,Rajarajeshwari Nagar,Electronic City,308.0,100.0,Not Applicable,Not Applicable,No,Not Applicable,123,Cash,1,3.1,3.8
2024-07-28 07:16:00,CNR6230543102,Canceled by Driver,CID817955,Bike,Bellandur,Bannerghatta Road,,,Not Applicable,Personal & Car related issue,Not Applicable,Not Applicable,627,Not Applicable,0,,
2024-07-05 00:33:00,CNR7377012393,Success,CID982079,Mini,Ulsoor,Ramamurthy Nagar,238.0,100.0,Not Applicable,Not Applicable,No,Not Applicable,192,UPI,9,3.8,4.9
2024-07-29 01:48:00,CNR2553017919,Success,CID398001,Bike,Bellandur,Marathahalli,49.0,60.0,Not Applicable,Not Applicable,No,Not Applicable,2139,UPI,35,3.7,3.1
2024-07-08 22:55:00,CNR4592629920,Success,CID880166,Prime Plus,Electronic City,Mysore Road,70.0,90.0,Not Applicable,Not Applicable,No,Not Applicable,471,Cash,15,4.4,4.2
2024-07-05 13:10:00,CNR7774932837,Canceled by Driver,CID163347,eBike,RT Nagar,Whitefield,,,Not Applicable,Customer was coughing/sick,Not Applicable,Not Applicable,500,Not Applicable,0,,
2024-07-15 08:50:00,CNR2386898967,Driver Not Found,CID176625,Mini,Electronic City,RT Nagar,,,Not Applicable,Not Applicable,Not Applicable,Not Applicable,331,Not Applicable,0,,
2024-07-02 10:43:00,CNR3564695613,Success,CID986359,Auto,RT Nagar,Yelahanka,84.0,60.0,Not Applicable,Not Applicable,No,Not Applicable,223,UPI,4,4.3,3.9
2024-07-27 10:39:00,CNR9131083725,Success,CID262622,Bike,Devanahalli,Koramangala,273.0,85.0,Not Applicable,Not Applicable,No,Not Applicable,894,Cash,15,3.3,3.9
2024-07-22 18:36:00,CNR3991550402,Success,CID328728,Mini,Marathahalli,Cox Town,273.0,95.0,Not Applicable,Not Applicable,No,Not Applicable,441,UPI,24,4.7,3.8
2024-07-07 18:23:00,CNR9338534255,Driver Not Found,CID716982,Prime SUV,Whitefield,Rajarajeshwari Nagar,,,Not Applicable,Not Applicable,Not Applicable,Not Applicable,2185,Not Applicable,0,,
2024-07-11 17:31:00,CNR6659363695,Success,CID144851,eBike,HSR Layout,Electronic City,42.0,135.0,Not Applicable,Not Applicable,No,Not Applicable,420,Cash,46,3.2,4.1
2024-07-14 06:35:00,CNR2862231151,Success,CID948750,Prime Sedan,Langford Town,Padmanabhanagar,231.0,125.0,Not Applicable,Not Applicable,No,Not Applicable,123,Credit Card,14,4.6,3.0
2024-07-25 08:11:00,CNR3303316515,Canceled by Customer,CID414645,Prime Plus,Richmond Town,Basavanagudi,,,Change of plans,Not Applicable,Not Applicable,Not Applicable,290,Not Applicable,0,,
2024-07-06 09:15:00,CNR6867229463,Canceled by Driver,CID845724,Prime Sedan,Langford Town,Bellandur,,,Not Applicable,Customer was coughing/sick,Not Applicable,Not Applicable,379,Not Applicable,0,,
2024-07-20 10:57:00,CNR2576480857,Success,CID870467,Auto,JP Nagar,Chickpet,210.0,90.0,Not Applicable,Not Applicable,No,Not Applicable,472,UPI,16,4.1,3.0
2024-07-24 10:48:00,CNR4300481001,Canceled by Driver,CID161588,Prime SUV,MG Road,Jayanagar,,,Not Applicable,More than permitted people in there,Not Applicable,Not Applicable,487,Not Applicable,0,,
2024-07-17 15:04:00,CNR7322251014,Success,CID183068,Auto,MG Road,Basavanagudi,231.0,25.0,Not Applicable,Not Applicable,No,Not Applicable,162,Cash,1,4.2,3.1
2024-07-24 15:23:00,CNR5467599783,Success,CID887194,Auto,Ramamurthy Nagar,Majestic,112.0,85.0,Not Applicable,Not Applicable,No,Not Applicable,292,Cash,1,4.4,4.7
2024-07-27 02:20:00,CNR4323928089,Driver Not Found,CID529514,Bike,Peenya,Kadugodi,,,Not Applicable,Not Applicable,Not Applicable,Not Applicable,1901,Not Applicable,0,,
2024-07-02 11:01:00,CNR8399973994,Success,CID611330,Prime Plus,Marathahalli,Peenya,294.0,85.0,Not Applicable,Not Applicable,No,Not Applicable,2552,Cash,10,3.8,4.2
2024-07-25 22:35:00,CNR3672277284,Canceled by Driver,CID199941,Prime Plus,HSR Layout,Peenya,,,Not Applicable,Customer was coughing/sick,Not Applicable,Not Applicable,544,Not Applicable,0,,
2024-07-16 02:19:00,CNR5542676556,Success,CID430126,Prime SUV,Rajajinagar,Frazer Town,301.0,130.0,Not Applicable,Not Applicable,No,Not Applicable,993,Cash,48,3.8,4.8
2024-07-03 09:21:00,CNR7187182251,Canceled by Driver,CID220327,eBike,Shivajinagar,Marathahalli,,,Not Applicable,Customer was coughing/sick,Not Applicable,Not Applicable,135,Not Applicable,0,,
2024-07-01 18:51:00,CNR6641910442,Success,CID484787,Auto,Rajajinagar,Hennur,140.0,140.0,Not Applicable,Not Applicable,No,Not Applicable,415,UPI,17,4.8,3.5
2024-07-22 07:43:00,CNR2055653757,Driver Not Found,CID890105,Auto,Whitefield,Vijayanagar,,,Not Applicable,Not Applicable,Not Applicable,Not Applicable,220,Not Applicable,0,,
2024-07-26 04:24:00,CNR5664683513,Success,CID385403,Prime Sedan,Tumkur Road,Tumkur Road,189.0,100.0,Not Applicable,Not Applicable,No,Not Applicable,474,UPI,9,4.7,5.0
2024-07-02 15:56:00,CNR9819332918,Success,CID268643,Mini,Shivajinagar,Shantinagar,70.0,120.0,Not Applicable,Not Applicable,No,Not Applicable,2343,UPI,28,3.8,3.6
2024-07-01 20:52:00,CNR4492093852,Canceled by Driver,CID696056,Mini,Varthur,Nagarbhavi,,,Not Applicable,Personal & Car related issue,Not Applicable,Not Applicable,336,Not Applicable,0,,
2024-07-17 01:30:00,CNR6833801504,Success,CID307942,Prime SUV,Rajajinagar,Tumkur Road,182.0,125.0,Not Applicable,Not Applicable,No,Not Applicable,672,UPI,48,3.7,4.6
2024-07-14 06:36:00,CNR3342184082,Success,CID784974,Auto,Frazer Town,Basavanagudi,301.0,135.0,Not Applicable,Not Applicable,No,Not Applicable,262,Cash,13,4.1,4.3
2024-07-25 20:39:00,CNR5859472754,Canceled by Driver,CID431346,Bike,Jayanagar,Electronic City,,,Not Applicable,Personal & Car related issue,Not Applicable,Not Applicable,411,Not Applicable,0,,
2024-07-27 01:43:00,CNR9413068203,Canceled by Driver,CID182190,Prime SUV,Ramamurthy Nagar,Vijayanagar,,,Not Applicable,Personal & Car related issue,Not Applicable,Not Applicable,177,Not Applicable,0,,
2024-07-11 23:29:00,CNR5361360358,Success,CID446067,Auto,JP Nagar,Vijayanagar,266.0,130.0,Not Applicable,Not Applicable,No,Not Applicable,2421,Cash,14,3.5,3.8
2024-07-16 04:45:00,CNR7543103889,Success,CID597422,Bike,Hennur,Banashankari,70.0,50.0,Not Applicable,Not Applicable,No,Not Applicable,740,Cash,30,4.4,3.5
2024-07-05 01:32:00,CNR4820829316,Canceled by Driver,CID181815,Prime Plus,Kammanahalli,Marathahalli,,,Not Applicable,Customer related issue,Not Applicable,Not Applicable,144,Not Applicable,0,,
2024-07-19 12:05:00,CNR4668800601,Success,CID431893,Auto,Yeshwanthpur,Bannerghatta Road,70.0,25.0,Not Applicable,Not Applicable,No,Not Applicable,166,UPI,5,4.5,3.4
2024-07-27 03:00:00,CNR3214702857,Driver Not Found,CID806884,eBike,Kammanahalli,Rajajinagar,,,Not Applicable,Not Applicable,Not Applicable,Not Applicable,2957,Not Applicable,0,,
2024-07-19 05:41:00,CNR7271603776,Canceled by Driver,CID125455,Mini,Ulsoor,Whitefield,,,Not Applicable,More than permitted people in there,Not Applicable,Not Applicable,130,Not Applicable,0,,
2024-07-10 20:23:00,CNR9557664751,Success,CID888626,Prime SUV,Chamarajpet,Hulimavu,259.0,85.0,Not Applicable,Not Applicable,No,Not Applicable,337,UPI,36,4.1,3.6
2024-07-10 17:12:00,CNR9402275867,Success,CID467308,Mini,Banashankari,Bannerghatta Road,273.0,100.0,Not Applicable,Not Applicable,No,Not Applicable,202,Cash,27,3.2,3.1
2024-07-02 18:53:00,CNR4986821649,Canceled by Driver,CID508820,Prime Sedan,Shantinagar,Padmanabhanagar,,,Not Applicable,Personal & Car related issue,Not Applicable,Not Applicable,976,Not Applicable,0,,
2024-07-26 09:16:00,CNR6713119554,Canceled by Driver,CID710093,Prime SUV,Basavanagudi,JP Nagar,,,Not Applicable,Customer was coughing/sick,Not Applicable,Not Applicable,509,Not Applicable,0,,
2024-07-18 16:54:00,CNR1508628054,Success,CID580246,Prime SUV,Banashankari,Shivajinagar,287.0,65.0,Not Applicable,Not Applicable,No,Not Applicable,182,Cash,38,3.7,4.3
2024-07-26 10:17:00,CNR2429249802,Driver Not Found,CID587010,Prime SUV,JP Nagar,Hebbal,,,Not Applicable,Not Applicable,Not Applicable,Not Applicable,390,Not Applicable,0,,
2024-07-22 09:58:00,CNR3948693517,Success,CID310020,Auto,Mysore Road,Hulimavu,308.0,35.0,Not Applicable,Not Applicable,No,Not Applicable,437,UPI,9,3.8,3.6
2024-07-08 20:16:00,CNR2934582385,Success,CID817963,Mini,Frazer Town,Richmond Town,231.0,90.0,Not Applicable,Not Applicable,No,Not Applicable,467,Cash,7,4.3,4.7
2024-07-09 23:36:00,CNR3278067570,Canceled by Driver,CID985615,Bike,Electronic City,MG Road,,,Not Applicable,Customer related issue,Not Applicable,Not Applicable,102,Not Applicable,0,,
2024-07-22 16:46:00,CNR3315302043,Success,CID281233,Prime Sedan,Hosur Road,Majestic,105.0,35.0,Not Applicable,Not Applicable,No,Not Applicable,283,UPI,7,4.8,3.1
2024-07-25 00:20:00,CNR2220501434,Success,CID905802,Bike,Hosur Road,Hosur Road,35.0,145.0,Not Applicable,Not Applicable,No,Not Applicable,317,UPI,48,4.9,3.1
2024-07-09 22:44:00,CNR7206933371,Success,CID241296,Prime SUV,Shantinagar,Hulimavu,196.0,65.0,Not Applicable,Not Applicable,No,Not Applicable,557,UPI,31,4.3,4.3
2024-07-01 08:26:00,CNR7800227230,Success,CID580055,eBike,Peenya,Yeshwanthpur,189.0,90.0,Not Applicable,Not Applicable,No,Not Applicable,492,Cash,18,4.1,4.8
2024-07-14 09:58:00,CNR4801196280,Success,CID842276,Prime Plus,Indiranagar,BTM Layout,196.0,25.0,Not Applicable,Not Applicable,No,Not Applicable,200,Cash,7,4.1,3.9
2024-07-02 07:51:00,CNR7318994363,Success,CID409062,Prime SUV,Hulimavu,Devanahalli,42.0,110.0,Not Applicable,Not Applicable,No,Not Applicable,340,Cash,11,3.8,4.0
2024-07-07 10:08:00,CNR2326673019,Canceled by Customer,CID746082,Mini,Padmanabhanagar,Shantinagar,,,AC is Not working,Not Applicable,Not Applicable,Not Applicable,105,Not Applicable,0,,
2024-07-17 11:33:00,CNR2652852021,Success,CID663008,Prime Sedan,Tumkur Road,Tumkur Road,42.0,130.0,Not Applicable,Not Applicable,No,Not Applicable,547,Cash,33,4.3,3.7
2024-07-16 04:27:00,CNR2904789469,Success,CID454448,Prime SUV,Frazer Town,Vijayanagar,217.0,40.0,Not Applicable,Not Applicable,No,Not Applicable,386,UPI,14,3.1,4.2
2024-07-05 17:11:00,CNR8917814619,Success,CID790725,Bike,Vijayanagar,Shivajinagar,294.0,100.0,Not Applicable,Not Applicable,No,Not Applicable,886,UPI,24,4.1,3.4
2024-07-07 09:10:00,CNR4469464881,Success,CID754890,Auto,Hebbal,Marathahalli,154.0,25.0,Not Applicable,Not Applicable,No,Not Applicable,694,UPI,2,4.0,4.8
2024-07-18 02:31:00,CNR2954956451,Canceled by Driver,CID391888,Bike,Peenya,KR Puram,,,Not Applicable,Customer related issue,Not Applicable,Not Applicable,211,Not Applicable,0,,
2024-07-12 17:17:00,CNR7451334689,Success,CID742221,Auto,Frazer Town,Padmanabhanagar,245.0,45.0,Not Applicable,Not Applicable,No,Not Applicable,983,Cash,13,3.7,3.9
2024-07-06 16:07:00,CNR7724853466,Success,CID241840,Mini,Shivajinagar,Nagarbhavi,105.0,90.0,Not Applicable,Not Applicable,No,Not Applicable,216,UPI,44,3.2,4.3
2024-07-30 13:05:00,CNR4629146754,Canceled by Driver,CID212685,Prime Plus,Indiranagar,JP Nagar,,,Not Applicable,Customer was coughing/sick,Not Applicable,Not Applicable,116,Not Applicable,0,,
2024-07-22 20:29:00,CNR2229934639,Success,CID412548,Auto,Langford Town,BTM Layout,196.0,35.0,Not Applicable,Not Applicable,No,Not Applicable,657,Cash,4,4.5,4.5
2024-07-18 09:00:00,CNR2770328272,Success,CID661068,Prime SUV,Richmond Town,Yeshwanthpur,189.0,145.0,Not Applicable,Not Applicable,No,Not Applicable,134,UPI,3,3.9,5.0
2024-07-18 22:46:00,CNR5324903167,Success,CID392058,Bike,Jayanagar,HSR Layout,119.0,25.0,Not Applicable,Not Applicable,No,Not Applicable,476,UPI,32,3.8,4.6
2024-07-13 16:14:00,CNR5226142894,Canceled by Driver,CID947960,eBike,Malleshwaram,Padmanabhanagar,,,Not Applicable,More than permitted people in there,Not Applicable,Not Applicable,239,Not Applicable,0,,
2024-07-27 19:23:00,CNR9697059297,Driver Not Found,CID871711,Prime SUV,Varthur,Koramangala,,,Not Applicable,Not Applicable,Not Applicable,Not Applicable,444,Not Applicable,0,,
2024-07-25 21:17:00,CNR9018259237,Canceled by Customer,CID131828,Prime Plus,Nagarbhavi,Vijayanagar,,,Driver is not moving towards pickup location,Not Applicable,Not Applicable,Not Applicable,555,Not Applicable,0,,
2024-07-11 08:26:00,CNR8051295411,Success,CID218046,Auto,Richmond Town,Kadugodi,168.0,60.0,Not Applicable,Not Applicable,No,Not Applicable,476,Cash,1,3.1,3.3
2024-07-23 03:30:00,CNR6125495535,Canceled by Customer,CID818313,eBike,Ramamurthy Nagar,Malleshwaram,,,AC is Not working,Not Applicable,Not Applicable,Not Applicable,235,Not Applicable,0,,
2024-07-12 07:06:00,CNR9802085660,Canceled by Driver,CID307328,eBike,Ramamurthy Nagar,Chamarajpet,,,Not Applicable,Personal & Car related issue,Not Applicable,Not Applicable,367,Not Applicable,0,,
2024-07-12 00:06:00,CNR6990083784,Success,CID627483,Bike,Shivajinagar,Magadi Road,84.0,45.0,Not Applicable,Not Applicable,No,Not Applicable,204,Credit Card,8,4.9,3.3
2024-07-27 13:21:00,CNR4944724331,Success,CID124513,eBike,Marathahalli,Rajajinagar,119.0,125.0,Not Applicable,Not Applicable,No,Not Applicable,101,Cash,27,3.1,3.4
2024-07-15 05:21:00,CNR6315304179,Success,CID731142,Prime Sedan,Devanahalli,Shivajinagar,119.0,120.0,Not Applicable,Not Applicable,No,Not Applicable,543,UPI,3,3.7,4.2
2024-07-24 22:26:00,CNR8533329507,Success,CID705119,Auto,Basavanagudi,Kadugodi,98.0,35.0,Not Applicable,Not Applicable,No,Not Applicable,190,Cash,4,4.4,4.0
2024-07-22 06:23:00,CNR5533701728,Success,CID209293,Prime Sedan,RT Nagar,JP Nagar,238.0,105.0,Not Applicable,Not Applicable,No,Not Applicable,2493,Cash,20,3.3,4.9
2024-07-18 19:51:00,CNR5300854184,Canceled by Customer,CID493164,Prime Sedan,Frazer Town,Hennur,,,Change of plans,Not Applicable,Not Applicable,Not Applicable,583,Not Applicable,0,,
2024-07-07 23:55:00,CNR1959155854,Success,CID323465,Prime Sedan,Frazer Town,Rajarajeshwari Nagar,56.0,125.0,Not Applicable,Not Applicable,No,Not Applicable,115,UPI,34,3.4,4.1
2024-07-22 05:23:00,CNR8130823127,Success,CID933667,eBike,Hulimavu,Rajarajeshwari Nagar,259.0,95.0,Not Applicable,Not Applicable,No,Not Applicable,2759,UPI,25,4.9,3.1
2024-07-03 14:57:00,CNR4046485295,Success,CID805865,Prime Sedan,Padmanabhanagar,Yelahanka,119.0,100.0,Not Applicable,Not Applicable,No,Not Applicable,378,Cash,26,3.6,4.2
2024-07-27 14:21:00,CNR6226721762,Success,CID836840,Auto,Tumkur Road,Ramamurthy Nagar,280.0,90.0,Not Applicable,Not Applicable,No,Not Applicable,942,Cash,16,4.4,4.1
2024-07-19 02:34:00,CNR4048770323,Success,CID232031,eBike,Ramamurthy Nagar,Rajajinagar,161.0,50.0,Not Applicable,Not Applicable,No,Not Applicable,498,UPI,34,3.0,3.5
2024-07-01 06:57:00,CNR7648833290,Canceled by Driver,CID668117,Auto,Whitefield,Kammanahalli,,,Not Applicable,Personal & Car related issue,Not Applicable,Not Applicable,391,Not Applicable,0,,
2024-07-01 19:04:00,CNR6457091239,Success,CID230362,eBike,KR Puram,Tumkur Road,189.0,130.0,Not Applicable,Not Applicable,No,Not Applicable,105,Cash,44,4.6,3.1
2024-07-05 10:01:00,CNR2035509195,Canceled by Customer,CID760126,Prime Plus,Hebbal,Sarjapur Road,,,Driver is not moving towards pickup location,Not Applicable,Not Applicable,Not Applicable,264,Not Applicable,0,,
2024-07-14 01:34:00,CNR3103032972,Success,CID310490,Prime SUV,Yeshwanthpur,Yeshwanthpur,154.0,50.0,Not Applicable,Not Applicable,No,Not Applicable,140,Cash,30,3.7,3.9
2024-07-24 06:38:00,CNR6525005449,Canceled by Customer,CID710361,Auto,Hulimavu,BTM Layout,,,Driver is not moving towards pickup location,Not Applicable,Not Applicable,Not Applicable,990,Not Applicable,0,,
2024-07-11 04:57:00,CNR7416129721,Success,CID276578,eBike,Frazer Town,Shantinagar,133.0,120.0,Not Applicable,Not Applicable,No,Not Applicable,110,Credit Card,27,3.7,3.7
2024-07-06 01:58:00,CNR2236430931,Canceled by Customer,CID375614,Prime Sedan,Hebbal,Hosur Road,,,AC is Not working,Not Applicable,Not Applicable,Not Applicable,376,Not Applicable,0,,
2024-07-13 02:01:00,CNR7821816050,Canceled by Driver,CID132646,Auto,Ramamurthy Nagar,Tumkur Road,,,Not Applicable,Personal & Car related issue,Not Applicable,Not Applicable,859,Not Applicable,0,,
2024-07-25 20:26:00,CNR3806721907,Success,CID627814,Mini,Malleshwaram,Devanahalli,119.0,95.0,Not Applicable,Not Applicable,No,Not Applicable,496,UPI,37,3.6,3.6
2024-07-01 22:23:00,CNR8725144374,Success,CID178076,eBike,Devanahalli,Ramamurthy Nagar,287.0,55.0,Not Applicable,Not Applicable,No,Not Applicable,251,UPI,48,3.1,3.8
2024-07-16 21:46:00,CNR9978658032,Success,CID830338,Prime Sedan,Kengeri,Ulsoor,63.0,110.0,Not Applicable,Not Applicable,No,Not Applicable,311,Cash,13,4.8,4.6
2024-07-09 12:23:00,CNR6505932762,Driver Not Found,CID356987,Prime SUV,Padmanabhanagar,Yelahanka,,,Not Applicable,Not Applicable,Not Applicable,Not Applicable,121,Not Applicable,0,,
2024-07-27 08:56:00,CNR2161476102,Canceled by Driver,CID168152,Bike,Ramamurthy Nagar,Basavanagudi,,,Not Applicable,Personal & Car related issue,Not Applicable,Not Applicable,542,Not Applicable,0,,
2024-07-15 23:21:00,CNR2827948734,Canceled by Driver,CID968264,Auto,Nagarbhavi,Devanahalli,,,Not Applicable,Customer related issue,Not Applicable,Not Applicable,364,Not Applicable,0,,
2024-07-27 22:31:00,CNR6930890288,Success,CID317149,eBike,Bellandur,Sahakar Nagar,259.0,85.0,Not Applicable,Not Applicable,No,Not Applicable,410,UPI,49,3.4,3.9
2024-07-25 09:27:00,CNR3112493557,Canceled by Driver,CID313381,Bike,Jayanagar,Varthur,,,Not Applicable,Customer was coughing/sick,Not Applicable,Not Applicable,113,Not Applicable,0,,
2024-07-13 01:30:00,CNR5551144374,Driver Not Found,CID925540,Prime SUV,Kengeri,BTM Layout,,,Not Applicable,Not Applicable,Not Applicable,Not Applicable,354,Not Applicable,0,,
2024-07-05 13:40:00,CNR3686818016,Success,CID934243,Prime SUV,Koramangala,RT Nagar,112.0,100.0,Not Applicable,Not Applicable,No,Not Applicable,1679,Cash,4,3.8,3.1
2024-07-22 03:43:00,CNR4531276976,Driver Not Found,CID831699,Mini,Varthur,RT Nagar,,,Not Applicable,Not Applicable,Not Applicable,Not Applicable,190,Not Applicable,0,,
2024-07-04 04:46:00,CNR6573413961,Success,CID736632,eBike,Peenya,Basavanagudi,294.0,45.0,Not Applicable,Not Applicable,No,Not Applicable,379,Cash,20,4.9,3.9
2024-07-17 05:38:00,CNR1086040447,Success,CID200493,Prime Plus,BTM Layout,Frazer Town,112.0,30.0,Not Applicable,Not Applicable,No,Not Applicable,806,UPI,37,3.4,3.4
2024-07-24 17:57:00,CNR1888900442,Canceled by Driver,CID767389,Bike,Bannerghatta Road,Mysore Road,,,Not Applicable,Customer was coughing/sick,Not Applicable,Not Applicable,496,Not Applicable,0,,
2024-07-29 10:10:00,CNR6566893099,Canceled by Driver,CID486999,Bike,Bannerghatta Road,Majestic,,,Not Applicable,Customer related issue,Not Applicable,Not Applicable,336,Not Applicable,0,,
2024-07-27 12:06:00,CNR1634648309,Success,CID376504,eBike,Frazer Town,Kengeri,112.0,145.0,Not Applicable,Not Applicable,No,Not Applicable,260,Cash,45,4.5,3.2
2024-07-10 22:06:00,CNR7671482366,Success,CID368363,Mini,Tumkur Road,Marathahalli,182.0,50.0,Not Applicable,Not Applicable,No,Not Applicable,555,UPI,21,4.8,4.5
2024-07-13 23:53:00,CNR3918099591,Success,CID425971,Prime Plus,Basavanagudi,Hebbal,231.0,110.0,Not Applicable,Not Applicable,No,Not Applicable,2790,UPI,29,4.7,3.1
2024-07-09 12:06:00,CNR4373678623,Success,CID313984,Prime Sedan,Indiranagar,Hulimavu,35.0,35.0,Not Applicable,Not Applicable,No,Not Applicable,354,Cash,6,4.2,3.9
2024-07-22 05:11:00,CNR1959287759,Canceled by Driver,CID491477,Prime SUV,Ulsoor,BTM Layout,,,Not Applicable,More than permitted people in there,Not Applicable,Not Applicable,409,Not Applicable,0,,
2024-07-16 08:15:00,CNR3557891306,Success,CID501439,Prime Sedan,KR Puram,Whitefield,35.0,90.0,Not Applicable,Not Applicable,Yes,Other Issue,460,Cash,11,3.1,3.8
2024-07-10 14:11:00,CNR8657664370,Success,CID932664,Prime Plus,Hebbal,Rajajinagar,252.0,50.0,Not Applicable,Not Applicable,No,Not Applicable,779,Cash,14,3.3,3.4
2024-07-29 12:21:00,CNR6027004562,Canceled by Driver,CID798560,Prime Sedan,HSR Layout,Ulsoor,,,Not Applicable,Personal & Car related issue,Not Applicable,Not Applicable,316,Not Applicable,0,,
2024-07-22 10:27:00,CNR3300405661,Success,CID548630,eBike,Chickpet,Hennur,294.0,55.0,Not Applicable,Not Applicable,No,Not Applicable,598,UPI,38,3.2,3.4
2024-07-05 01:21:00,CNR8122082618,Success,CID263027,Mini,Chickpet,Hennur,63.0,45.0,Not Applicable,Not Applicable,No,Not Applicable,384,Cash,21,4.0,4.6
2024-07-20 02:11:00,CNR8708486487,Success,CID159441,Prime Plus,Rajajinagar,Ulsoor,273.0,70.0,Not Applicable,Not Applicable,No,Not Applicable,919,Cash,9,4.5,4.2
2024-07-25 10:18:00,CNR1828127455,Success,CID859882,Prime SUV,Devanahalli,Vijayanagar,210.0,65.0,Not Applicable,Not Applicable,No,Not Applicable,132,Cash,11,4.9,3.5
2024-07-06 11:10:00,CNR5656206228,Success,CID215020,eBike,Indiranagar,Hebbal,63.0,145.0,Not Applicable,Not Applicable,No,Not Applicable,166,Cash,12,4.4,4.6
2024-07-30 02:14:00,CNR4755914737,Success,CID528939,Prime Sedan,Frazer Town,Kadugodi,119.0,55.0,Not Applicable,Not Applicable,No,Not Applicable,702,Credit Card,21,4.6,4.4
2024-07-07 11:54:00,CNR1139066133,Canceled by Customer,CID583754,Auto,MG Road,Richmond Town,,,Change of plans,Not Applicable,Not Applicable,Not Applicable,297,Not Applicable,0,,
2024-07-09 15:20:00,CNR4355275943,Success,CID306162,Auto,Cox Town,Nagarbhavi,231.0,130.0,Not Applicable,Not Applicable,No,Not Applicable,160,UPI,16,3.9,4.8
2024-07-26 17:34:00,CNR5666899616,Success,CID915755,Auto,Magadi Road,Majestic,238.0,100.0,Not Applicable,Not Applicable,No,Not Applicable,121,UPI,9,4.9,4.0
2024-07-14 12:15:00,CNR9966776699,Success,CID147450,Bike,Varthur,Ramamurthy Nagar,42.0,75.0,Not Applicable,Not Applicable,No,Not Applicable,188,UPI,15,4.2,3.3
2024-07-26 02:13:00,CNR9403555277,Driver Not Found,CID582122,Mini,MG Road,Hebbal,,,Not Applicable,Not Applicable,Not Applicable,Not Applicable,423,Not Applicable,0,,
2024-07-12 09:04:00,CNR2416785763,Success,CID733602,eBike,Koramangala,Kengeri,70.0,95.0,Not Applicable,Not Applicable,Yes,Vehicle Breakdown,298,Cash,24,3.2,4.5
2024-07-19 10:26:00,CNR8286633656,Driver Not Found,CID312277,eBike,Varthur,Whitefield,,,Not Applicable,Not Applicable,Not Applicable,Not Applicable,1838,Not Applicable,0,,
2024-07-11 10:39:00,CNR5653100724,Canceled by Driver,CID315807,eBike,MG Road,Indiranagar,,,Not Applicable,Personal & Car related issue,Not Applicable,Not Applicable,143,Not Applicable,0,,
2024-07-27 12:21:00,CNR6420351226,Canceled by Customer,CID631290,Prime Sedan,Frazer Town,Magadi Road,,,Change of plans,Not Applicable,Not Applicable,Not Applicable,376,Not Applicable,0,,
2024-07-10 01:55:00,CNR5994747208,Driver Not Found,CID970145,Mini,JP Nagar,Ulsoor,,,Not Applicable,Not Applicable,Not Applicable,Not Applicable,319,Not Applicable,0,,
2024-07-22 20:46:00,CNR7338602470,Success,CID311946,Auto,Indiranagar,RT Nagar,63.0,45.0,Not Applicable,Not Applicable,No,Not Applicable,146,UPI,12,4.5,3.2
2024-07-13 22:49:00,CNR9310744270,Success,CID811794,Prime Sedan,Hennur,Magadi Road,259.0,140.0,Not Applicable,Not Applicable,No,Not Applicable,268,Cash,19,4.5,3.2
2024-07-19 17:27:00,CNR9371610288,Success,CID401298,Prime Plus,Yeshwanthpur,Frazer Town,182.0,125.0,Not Applicable,Not Applicable,No,Not Applicable,322,UPI,43,4.2,4.9
2024-07-02 13:23:00,CNR9935293095,Success,CID714171,Auto,Sahakar Nagar,Hebbal,56.0,130.0,Not Applicable,Not Applicable,No,Not Applicable,194,Cash,17,3.3,3.2
2024-07-29 21:06:00,CNR6300325508,Canceled by Driver,CID210924,Bike,Shantinagar,Indiranagar,,,Not Applicable,Customer related issue,Not Applicable,Not Applicable,407,Not Applicable,0,,
2024-07-04 00:23:00,CNR5744201663,Driver Not Found,CID814476,Bike,Mysore Road,Padmanabhanagar,,,Not Applicable,Not Applicable,Not Applicable,Not Applicable,734,Not Applicable,0,,
2024-07-10 02:25:00,CNR2538306101,Success,CID504100,Auto,Indiranagar,Cox Town,203.0,90.0,Not Applicable,Not Applicable,No,Not Applicable,278,Credit Card,10,4.5,4.7
2024-07-03 03:20:00,CNR5095591680,Success,CID746134,Prime Sedan,Shantinagar,Kadugodi,273.0,140.0,Not Applicable,Not Applicable,No,Not Applicable,884,Credit Card,47,3.8,4.5
2024-07-25 01:36:00,CNR5868988444,Canceled by Customer,CID887519,Bike,JP Nagar,Kadugodi,,,Wrong Address,Not Applicable,Not Applicable,Not Applicable,452,Not Applicable,0,,
2024-07-03 08:05:00,CNR9348771864,Canceled by Driver,CID474369,Auto,Indiranagar,Bannerghatta Road,,,Not Applicable,Personal & Car related issue,Not Applicable,Not Applicable,198,Not Applicable,0,,
2024-07-24 06:05:00,CNR3786024973,Success,CID404358,Auto,Devanahalli,Chamarajpet,63.0,100.0,Not Applicable,Not Applicable,No,Not Applicable,311,UPI,11,4.5,3.8
2024-07-10 06:47:00,CNR4162689371,Success,CID554733,Auto,Hebbal,Chamarajpet,203.0,145.0,Not Applicable,Not Applicable,No,Not Applicable,2396,UPI,15,4.4,4.3
2024-07-13 02:05:00,CNR6299099665,Success,CID971855,Bike,Bellandur,Devanahalli,294.0,145.0,Not Applicable,Not Applicable,No,Not Applicable,111,UPI,10,3.2,3.6
2024-07-29 02:03:00,CNR7559930841,Canceled by Customer,CID584921,Prime Sedan,Basavanagudi,Electronic City,,,Change of plans,Not Applicable,Not Applicable,Not Applicable,428,Not Applicable,0,,
2024-07-29 20:50:00,CNR5335708709,Canceled by Driver,CID930760,eBike,Peenya,Chickpet,,,Not Applicable,Personal & Car related issue,Not Applicable,Not Applicable,128,Not Applicable,0,,
2024-07-19 02:22:00,CNR9483568693,Driver Not Found,CID505092,Mini,MG Road,KR Puram,,,Not Applicable,Not Applicable,Not Applicable,Not Applicable,436,Not Applicable,0,,
2024-07-21 13:59:00,CNR8902799622,Driver Not Found,CID207300,Prime SUV,Magadi Road,Padmanabhanagar,,,Not Applicable,Not Applicable,Not Applicable,Not Applicable,156,Not Applicable,0,,
2024-07-02 03:41:00,CNR5229588106,Success,CID286478,Mini,HSR Layout,Whitefield,203.0,90.0,Not Applicable,Not Applicable,No,Not Applicable,2269,UPI,36,3.2,3.1
2024-07-11 19:30:00,CNR8769483534,Success,CID246651,eBike,Kadugodi,KR Puram,35.0,115.0,Not Applicable,Not Applicable,No,Not Applicable,1039,Cash,25,4.9,3.6
2024-07-29 23:23:00,CNR5927148699,Driver Not Found,CID518509,Prime Sedan,Rajajinagar,MG Road,,,Not Applicable,Not Applicable,Not Applicable,Not Applicable,292,Not Applicable,0,,
2024-07-08 12:48:00,CNR5976620551,Success,CID212836,Prime Plus,Peenya,Padmanabhanagar,133.0,95.0,Not Applicable,Not Applicable,No,Not Applicable,329,Cash,3,3.8,4.6
2024-07-05 06:25:00,CNR6533748399,Success,CID578340,Mini,Sarjapur Road,Langford Town,301.0,145.0,Not Applicable,Not Applicable,No,Not Applicable,360,Cash,12,4.0,3.9
2024-07-04 05:30:00,CNR9960236488,Success,CID195203,Mini,Hebbal,Kengeri,210.0,85.0,Not Applicable,Not Applicable,No,Not Applicable,497,Cash,18,4.0,3.4
2024-07-17 23:50:00,CNR1853413030,Success,CID970268,Bike,Sarjapur Road,Hebbal,287.0,120.0,Not Applicable,Not Applicable,No,Not Applicable,128,Cash,4,4.8,4.0
2024-07-22 03:04:00,CNR1061424708,Canceled by Driver,CID970840,Mini,Yeshwanthpur,Malleshwaram,,,Not Applicable,Customer was coughing/sick,Not Applicable,Not Applicable,487,Not Applicable,0,,
2024-07-17 14:33:00,CNR4557489554,Driver Not Found,CID293264,Prime Sedan,Kadugodi,Bellandur,,,Not Applicable,Not Applicable,Not Applicable,Not Applicable,231,Not Applicable,0,,
2024-07-24 15:21:00,CNR8242983249,Driver Not Found,CID673010,Prime Plus,Devanahalli,Yeshwanthpur,,,Not Applicable,Not Applicable,Not Applicable,Not Applicable,152,Not Applicable,0,,
2024-07-22 08:17:00,CNR2144930404,Success,CID402351,Auto,Richmond Town,Majestic,182.0,25.0,Not Applicable,Not Applicable,No,Not Applicable,645,Cash,9,3.3,3.7
2024-07-21 05:50:00,CNR8895661311,Success,CID624752,Auto,Peenya,KR Puram,112.0,140.0,Not Applicable,Not Applicable,No,Not Applicable,272,Cash,19,3.9,4.1
2024-07-23 16:05:00,CNR8558857847,Success,CID751877,Prime SUV,Richmond Town,Majestic,210.0,80.0,Not Applicable,Not Applicable,No,Not Applicable,487,UPI,19,4.2,3.0
2024-07-01 13:06:00,CNR9548499248,Success,CID950820,Bike,Bellandur,RT Nagar,70.0,95.0,Not Applicable,Not Applicable,No,Not Applicable,302,Cash,29,3.9,4.7
2024-07-16 12:26:00,CNR1189073444,Canceled by Customer,CID770430,Prime Sedan,Marathahalli,Bannerghatta Road,,,Driver is not moving towards pickup location,Not Applicable,Not Applicable,Not Applicable,990,Not Applicable,0,,
2024-07-28 18:58:00,CNR4593014216,Driver Not Found,CID819947,Prime SUV,RT Nagar,Yelahanka,,,Not Applicable,Not Applicable,Not Applicable,Not Applicable,880,Not Applicable,0,,
2024-07-12 04:20:00,CNR7600042670,Success,CID643345,Mini,BTM Layout,Kengeri,259.0,65.0,Not Applicable,Not Applicable,Yes,Customer Demand,730,Cash,4,3.1,4.7
2024-07-07 12:57:00,CNR8539733933,Success,CID901127,Prime Plus,Marathahalli,Sahakar Nagar,119.0,85.0,Not Applicable,Not Applicable,No,Not Applicable,173,Credit Card,15,4.0,4.4
2024-07-03 11:33:00,CNR8300059155,Canceled by Driver,CID229397,eBike,Magadi Road,Kammanahalli,,,Not Applicable,Customer related issue,Not Applicable,Not Applicable,417,Not Applicable,0,,
2024-07-08 21:08:00,CNR7865281780,Success,CID136733,Prime Sedan,Sahakar Nagar,Marathahalli,273.0,95.0,Not Applicable,Not Applicable,No,Not Applicable,382,Cash,2,4.2,4.0
2024-07-27 06:19:00,CNR8782204190,Success,CID331242,Mini,Sarjapur Road,Richmond Town,203.0,75.0,Not Applicable,Not Applicable,No,Not Applicable,240,Cash,42,3.7,4.4
2024-07-13 15:06:00,CNR5070717786,Canceled by Customer,CID253002,Prime Sedan,Hennur,Shivajinagar,,,Driver asked to cancel,Not Applicable,Not Applicable,Not Applicable,225,Not Applicable,0,,
2024-07-06 15:22:00,CNR4102608820,Canceled by Driver,CID578664,Prime SUV,Chamarajpet,Chamarajpet,,,Not Applicable,Personal & Car related issue,Not Applicable,Not Applicable,294,Not Applicable,0,,
2024-07-20 12:21:00,CNR2617283620,Success,CID217186,Bike,Chamarajpet,Varthur,91.0,25.0,Not Applicable,Not Applicable,No,Not Applicable,191,Cash,49,4.3,3.6
2024-07-27 13:04:00,CNR4006855138,Driver Not Found,CID612969,Bike,Electronic City,HSR Layout,,,Not Applicable,Not Applicable,Not Applicable,Not Applicable,373,Not Applicable,0,,
2024-07-08 21:21:00,CNR1037815399,Success,CID328528,Prime SUV,Hosur Road,Yelahanka,91.0,145.0,Not Applicable,Not Applicable,No,Not Applicable,658,Cash,18,4.6,3.0
2024-07-17 18:09:00,CNR6661803185,Success,CID598203,Prime Plus,MG Road,Basavanagudi,273.0,145.0,Not Applicable,Not Applicable,Yes,Vehicle Breakdown,284,Cash,25,4.0,4.5
2024-07-08 22:14:00,CNR3404848270,Canceled by Driver,CID249299,Prime Plus,Hennur,Rajajinagar,,,Not Applicable,Customer related issue,Not Applicable,Not Applicable,206,Not Applicable,0,,
2024-07-05 13:57:00,CNR6762559555,Canceled by Driver,CID576757,Bike,Hosur Road,Vijayanagar,,,Not Applicable,Personal & Car related issue,Not Applicable,Not Applicable,273,Not Applicable,0,,
2024-07-08 09:33:00,CNR8969891855,Success,CID864973,Bike,JP Nagar,Tumkur Road,259.0,135.0,Not Applicable,Not Applicable,No,Not Applicable,350,UPI,25,4.3,3.2
2024-07-03 02:38:00,CNR4849205395,Success,CID382130,Auto,Kadugodi,Shivajinagar,217.0,80.0,Not Applicable,Not Applicable,No,Not Applicable,106,UPI,13,3.7,3.7
2024-07-03 02:45:00,CNR2713645081,Success,CID256912,eBike,HSR Layout,RT Nagar,280.0,80.0,Not Applicable,Not Applicable,No,Not Applicable,2321,UPI,47,4.4,4.6
2024-07-03 12:20:00,CNR2724182371,Canceled by Customer,CID398391,eBike,Jayanagar,Yelahanka,,,AC is Not working,Not Applicable,Not Applicable,Not Applicable,850,Not Applicable,0,,
2024-07-07 22:00:00,CNR5326344400,Canceled by Driver,CID440770,Prime Plus,Devanahalli,Varthur,,,Not Applicable,Customer related issue,Not Applicable,Not Applicable,864,Not Applicable,0,,
2024-07-07 01:48:00,CNR9989740489,Success,CID128854,Auto,Nagarbhavi,Bannerghatta Road,287.0,55.0,Not Applicable,Not Applicable,Yes,Other Issue,230,UPI,10,3.4,3.4
2024-07-01 03:13:00,CNR8306465993,Canceled by Driver,CID551058,Mini,Yelahanka,BTM Layout,,,Not Applicable,Customer was coughing/sick,Not Applicable,Not Applicable,476,Not Applicable,0,,
2024-07-29 17:34:00,CNR3890458988,Success,CID220905,Bike,Ramamurthy Nagar,Tumkur Road,280.0,60.0,Not Applicable,Not Applicable,No,Not Applicable,124,UPI,31,3.2,3.5
2024-07-16 20:50:00,CNR8742483016,Success,CID692363,Prime Sedan,Chickpet,Basavanagudi,56.0,140.0,Not Applicable,Not Applicable,No,Not Applicable,324,Cash,1,3.9,4.3
2024-07-10 01:33:00,CNR8487835562,Success,CID124868,Bike,Indiranagar,BTM Layout,147.0,85.0,Not Applicable,Not Applicable,No,Not Applicable,950,Cash,40,4.7,3.8
2024-07-01 21:14:00,CNR1167178521,Success,CID443382,Prime Plus,Kammanahalli,Sarjapur Road,91.0,75.0,Not Applicable,Not Applicable,No,Not Applicable,786,Cash,20,3.1,4.8
2024-07-11 05:07:00,CNR5439573011,Success,CID637653,Prime Plus,Indiranagar,Shivajinagar,42.0,55.0,Not Applicable,Not Applicable,No,Not Applicable,253,UPI,39,4.3,3.2
2024-07-08 21:43:00,CNR9660356754,Success,CID450183,Bike,Langford Town,Hosur Road,210.0,135.0,Not Applicable,Not Applicable,No,Not Applicable,173,Cash,16,4.0,3.9
2024-07-02 15:18:00,CNR4907005287,Success,CID173327,Prime Plus,HSR Layout,Shivajinagar,196.0,95.0,Not Applicable,Not Applicable,No,Not Applicable,985,Cash,29,3.7,4.5
2024-07-08 21:14:00,CNR7287460940,Success,CID408045,Prime Sedan,Richmond Town,Varthur,196.0,25.0,Not Applicable,Not Applicable,No,Not Applicable,172,Cash,46,3.5,4.9
2024-07-08 23:23:00,CNR4116013800,Success,CID966324,Mini,Kammanahalli,MG Road,175.0,110.0,Not Applicable,Not Applicable,No,Not Applicable,450,Cash,46,4.6,3.4
2024-07-08 11:41:00,CNR8971945541,Success,CID358514,Auto,Varthur,Jayanagar,112.0,55.0,Not Applicable,Not Applicable,No,Not Applicable,1040,Credit Card,14,3.7,3.5
2024-07-30 21:29:00,CNR6632962338,Success,CID830989,Bike,Peenya,Nagarbhavi,168.0,80.0,Not Applicable,Not Applicable,No,Not Applicable,994,Cash,32,3.6,3.1
2024-07-03 12:38:00,CNR2567387430,Canceled by Customer,CID264701,Prime SUV,Langford Town,Electronic City,,,AC is Not working,Not Applicable,Not Applicable,Not Applicable,107,Not Applicable,0,,
2024-07-02 13:31:00,CNR3626791388,Success,CID382727,Prime Plus,Devanahalli,Richmond Town,196.0,135.0,Not Applicable,Not Applicable,No,Not Applicable,453,Cash,39,3.0,4.6
2024-07-24 04:47:00,CNR6492357908,Success,CID479979,Mini,Richmond Town,Nagarbhavi,70.0,60.0,Not Applicable,Not Applicable,No,Not Applicable,126,Cash,41,3.6,4.6
2024-07-30 05:02:00,CNR7501635482,Canceled by Customer,CID576767,Prime SUV,Vijayanagar,Bellandur,,,Driver asked to cancel,Not Applicable,Not Applicable,Not Applicable,277,Not Applicable,0,,
2024-07-13 23:30:00,CNR6886911226,Canceled by Customer,CID638751,Prime Plus,Basavanagudi,Hulimavu,,,Wrong Address,Not Applicable,Not Applicable,Not Applicable,1357,Not Applicable,0,,
2024-07-13 17:37:00,CNR9854251412,Success,CID293117,eBike,Richmond Town,Cox Town,112.0,135.0,Not Applicable,Not Applicable,No,Not Applicable,234,Cash,9,5.0,4.0
2024-07-24 12:26:00,CNR2318595008,Success,CID979851,Prime Plus,Kadugodi,BTM Layout,91.0,100.0,Not Applicable,Not Applicable,No,Not Applicable,170,UPI,46,4.8,4.6
2024-07-29 10:49:00,CNR2506008165,Success,CID311131,eBike,Peenya,Hennur,182.0,75.0,Not Applicable,Not Applicable,No,Not Applicable,112,UPI,18,3.8,3.1
2024-07-29 23:16:00,CNR6138900457,Canceled by Driver,CID151059,Bike,Koramangala,Richmond Town,,,Not Applicable,Customer related issue,Not Applicable,Not Applicable,924,Not Applicable,0,,
2024-07-30 23:00:00,CNR7011011268,Success,CID786232,Mini,Yeshwanthpur,Hennur,98.0,145.0,Not Applicable,Not Applicable,No,Not Applicable,165,UPI,25,4.9,4.4
2024-07-16 09:12:00,CNR3084149358,Canceled by Driver,CID653226,eBike,Rajarajeshwari Nagar,Ulsoor,,,Not Applicable,Personal & Car related issue,Not Applicable,Not Applicable,231,Not Applicable,0,,
2024-07-19 11:00:00,CNR6168857998,Success,CID518810,Mini,Hulimavu,Yelahanka,294.0,130.0,Not Applicable,Not Applicable,No,Not Applicable,358,UPI,28,4.6,3.5
2024-07-27 23:26:00,CNR1425824549,Success,CID508586,Prime SUV,Magadi Road,Hennur,168.0,40.0,Not Applicable,Not Applicable,No,Not Applicable,213,Cash,10,4.6,4.7
2024-07-01 17:36:00,CNR2530353859,Canceled by Customer,CID834602,Prime Sedan,Richmond Town,Yelahanka,,,Driver is not moving towards pickup location,Not Applicable,Not Applicable,Not Applicable,349,Not Applicable,0,,
2024-07-12 04:24:00,CNR4024943498,Success,CID695476,Prime Plus,Ramamurthy Nagar,Kengeri,42.0,115.0,Not Applicable,Not Applicable,No,Not Applicable,484,Cash,41,4.8,4.4
2024-07-27 02:12:00,CNR7726826634,Success,CID809531,Bike,Devanahalli,Malleshwaram,308.0,125.0,Not Applicable,Not Applicable,No,Not Applicable,350,Cash,43,4.3,3.6
2024-07-19 17:16:00,CNR3344924906,Success,CID317132,Bike,Electronic City,Bellandur,231.0,120.0,Not Applicable,Not Applicable,Yes,Customer Demand,122,UPI,2,4.5,3.4
2024-07-28 18:00:00,CNR5705226609,Canceled by Customer,CID341249,Bike,BTM Layout,Hulimavu,,,Change of plans,Not Applicable,Not Applicable,Not Applicable,206,Not Applicable,0,,
2024-07-16 04:16:00,CNR6342679215,Success,CID406216,Mini,Majestic,Sarjapur Road,224.0,100.0,Not Applicable,Not Applicable,No,Not Applicable,395,Cash,2,3.3,3.5
2024-07-12 01:18:00,CNR7814527144,Canceled by Driver,CID696369,Prime Plus,MG Road,KR Puram,,,Not Applicable,Personal & Car related issue,Not Applicable,Not Applicable,217,Not Applicable,0,,
2024-07-01 23:18:00,CNR1725005209,Canceled by Driver,CID540439,Prime Sedan,Chamarajpet,Sarjapur Road,,,Not Applicable,Personal & Car related issue,Not Applicable,Not Applicable,397,Not Applicable,0,,
2024-07-30 09:10:00,CNR4658451812,Success,CID571665,eBike,Kammanahalli,Varthur,105.0,140.0,Not Applicable,Not Applicable,No,Not Applicable,304,Cash,27,3.7,4.3
2024-07-25 10:02:00,CNR3265135452,Driver Not Found,CID793921,Prime SUV,JP Nagar,Banashankari,,,Not Applicable,Not Applicable,Not Applicable,Not Applicable,380,Not Applicable,0,,
2024-07-11 10:34:00,CNR2987666895,Canceled by Customer,CID596953,Prime Plus,Frazer Town,Electronic City,,,Driver is not moving towards pickup location,Not Applicable,Not Applicable,Not Applicable,919,Not Applicable,0,,
2024-07-26 11:38:00,CNR2684155104,Canceled by Customer,CID561573,Bike,Hebbal,Basavanagudi,,,Change of plans,Not Applicable,Not Applicable,Not Applicable,344,Not Applicable,0,,
2024-07-13 18:44:00,CNR2085243295,Driver Not Found,CID291130,Prime Plus,Sarjapur Road,HSR Layout,,,Not Applicable,Not Applicable,Not Applicable,Not Applicable,379,Not Applicable,0,,
2024-07-16 14:10:00,CNR6860456554,Driver Not Found,CID656652,Prime Plus,Koramangala,Kadugodi,,,Not Applicable,Not Applicable,Not Applicable,Not Applicable,191,Not Applicable,0,,
2024-07-13 12:38:00,CNR7677848947,Success,CID321385,Prime SUV,RT Nagar,Rajarajeshwari Nagar,133.0,125.0,Not Applicable,Not Applicable,No,Not Applicable,704,Cash,26,4.4,3.1
2024-07-01 11:00:00,CNR4841950331,Success,CID390905,Prime Plus,Cox Town,KR Puram,161.0,40.0,Not Applicable,Not Applicable,No,Not Applicable,440,UPI,25,3.6,3.9
2024-07-17 17:54:00,CNR5821317207,Driver Not Found,CID114332,Bike,Hosur Road,Richmond Town,,,Not Applicable,Not Applicable,Not Applicable,Not Applicable,125,Not Applicable,0,,
2024-07-18 08:45:00,CNR4671933488,Canceled by Customer,CID165131,eBike,Shantinagar,Koramangala,,,Change of plans,Not Applicable,Not Applicable,Not Applicable,143,Not Applicable,0,,
2024-07-30 04:18:00,CNR8168660723,Success,CID313021,Prime Plus,Majestic,Sarjapur Road,224.0,140.0,Not Applicable,Not Applicable,No,Not Applicable,742,UPI,36,3.4,4.1
2024-07-05 06:32:00,CNR3773644419,Success,CID912002,Bike,Hosur Road,Basavanagudi,49.0,105.0,Not Applicable,Not Applicable,No,Not Applicable,346,Credit Card,48,3.1,3.4
2024-07-18 11:27:00,CNR5515581745,Success,CID549836,Bike,Richmond Town,Tumkur Road,35.0,80.0,Not Applicable,Not Applicable,No,Not Applicable,164,UPI,3,4.6,3.2
2024-07-15 12:55:00,CNR3650232385,Canceled by Driver,CID681549,Prime Sedan,Richmond Town,Malleshwaram,,,Not Applicable,Customer related issue,Not Applicable,Not Applicable,264,Not Applicable,0,,
2024-07-10 04:24:00,CNR1070644683,Canceled by Customer,CID998689,Mini,JP Nagar,Hennur,,,Wrong Address,Not Applicable,Not Applicable,Not Applicable,195,Not Applicable,0,,
2024-07-22 15:53:00,CNR8116701008,Success,CID979320,Bike,Devanahalli,Langford Town,63.0,115.0,Not Applicable,Not Applicable,No,Not Applicable,100,Cash,40,3.4,4.7
2024-07-28 08:44:00,CNR3241664074,Success,CID465862,Prime SUV,Richmond Town,Bannerghatta Road,154.0,105.0,Not Applicable,Not Applicable,No,Not Applicable,236,UPI,48,3.7,4.8
2024-07-10 23:37:00,CNR1361623130,Success,CID946143,Prime Sedan,Whitefield,Bellandur,175.0,90.0,Not Applicable,Not Applicable,No,Not Applicable,658,UPI,15,3.1,3.8
2024-07-19 13:35:00,CNR4086089833,Canceled by Driver,CID415779,Bike,Hosur Road,Padmanabhanagar,,,Not Applicable,Customer related issue,Not Applicable,Not Applicable,793,Not Applicable,0,,
2024-07-20 02:51:00,CNR1727937454,Canceled by Driver,CID144845,Bike,Ulsoor,JP Nagar,,,Not Applicable,More than permitted people in there,Not Applicable,Not Applicable,313,Not Applicable,0,,
2024-07-09 10:42:00,CNR9007170617,Success,CID253559,Bike,Nagarbhavi,Shantinagar,294.0,120.0,Not Applicable,Not Applicable,No,Not Applicable,418,UPI,6,3.5,4.2
2024-07-26 15:18:00,CNR1178364341,Canceled by Driver,CID919735,Mini,Hosur Road,Hennur,,,Not Applicable,Customer was coughing/sick,Not Applicable,Not Applicable,906,Not Applicable,0,,
2024-07-02 16:13:00,CNR8561164342,Success,CID325824,Mini,Basavanagudi,Frazer Town,63.0,95.0,Not Applicable,Not Applicable,No,Not Applicable,122,Cash,29,4.0,3.5
2024-07-12 18:56:00,CNR2765993559,Driver Not Found,CID349149,Mini,Basavanagudi,Malleshwaram,,,Not Applicable,Not Applicable,Not Applicable,Not Applicable,157,Not Applicable,0,,
2024-07-19 09:24:00,CNR7468199187,Success,CID139409,eBike,Devanahalli,Electronic City,266.0,115.0,Not Applicable,Not Applicable,No,Not Applicable,660,Cash,38,4.7,4.8
2024-07-13 17:10:00,CNR3754926207,Success,CID234367,Bike,Hebbal,Shantinagar,182.0,145.0,Not Applicable,Not Applicable,No,Not Applicable,368,Cash,8,3.1,3.9
2024-07-08 02:35:00,CNR9664472449,Success,CID512325,Prime Sedan,Hulimavu,Langford Town,63.0,50.0,Not Applicable,Not Applicable,No,Not Applicable,1628,UPI,4,4.9,4.3
2024-07-12 14:23:00,CNR2577589512,Driver Not Found,CID982358,Mini,Tumkur Road,Sahakar Nagar,,,Not Applicable,Not Applicable,Not Applicable,Not Applicable,352,Not Applicable,0,,
2024-07-04 03:49:00,CNR2542039304,Success,CID911357,Prime Plus,Ulsoor,Sarjapur Road,91.0,130.0,Not Applicable,Not Applicable,No,Not Applicable,291,UPI,10,4.0,4.0
2024-07-26 04:09:00,CNR2066382013,Driver Not Found,CID509560,eBike,Malleshwaram,Cox Town,,,Not Applicable,Not Applicable,Not Applicable,Not Applicable,269,Not Applicable,0,,
2024-07-20 23:40:00,CNR8135047220,Driver Not Found,CID714760,eBike,Richmond Town,Hennur,,,Not Applicable,Not Applicable,Not Applicable,Not Applicable,400,Not Applicable,0,,
2024-07-05 22:53:00,CNR8359283192,Driver Not Found,CID254662,Prime Plus,Majestic,Sahakar Nagar,,,Not Applicable,Not Applicable,Not Applicable,Not Applicable,328,Not Applicable,0,,
2024-07-15 18:56:00,CNR8923733184,Success,CID108229,Prime Plus,Nagarbhavi,Sahakar Nagar,273.0,25.0,Not Applicable,Not Applicable,No,Not Applicable,318,Cash,33,3.3,3.3
2024-07-25 09:03:00,CNR8058089651,Driver Not Found,CID780961,eBike,Kadugodi,Frazer Town,,,Not Applicable,Not Applicable,Not Applicable,Not Applicable,210,Not Applicable,0,,
2024-07-12 15:30:00,CNR6343118006,Canceled by Driver,CID199875,Prime Sedan,Varthur,Bannerghatta Road,,,Not Applicable,Customer related issue,Not Applicable,Not Applicable,304,Not Applicable,0,,
2024-07-08 17:00:00,CNR4561826227,Success,CID119487,Auto,HSR Layout,Jayanagar,168.0,75.0,Not Applicable,Not Applicable,No,Not Applicable,184,Cash,2,4.6,3.9
2024-07-14 08:42:00,CNR1661195117,Success,CID541048,Prime Plus,JP Nagar,Shivajinagar,77.0,105.0,Not Applicable,Not Applicable,No,Not Applicable,818,Debit Card,37,4.8,3.9
2024-07-16 00:12:00,CNR4714986089,Success,CID297438,Bike,Langford Town,Peenya,280.0,125.0,Not Applicable,Not Applicable,No,Not Applicable,137,Cash,36,4.2,4.6
2024-07-25 04:20:00,CNR7387098807,Success,CID217281,Auto,Devanahalli,Peenya,308.0,85.0,Not Applicable,Not Applicable,No,Not Applicable,360,Cash,5,3.5,3.2
2024-07-20 20:07:00,CNR4542593100,Success,CID366337,Prime Plus,Rajajinagar,Kammanahalli,112.0,115.0,Not Applicable,Not Applicable,No,Not Applicable,286,Cash,25,3.0,3.9
2024-07-22 14:56:00,CNR2354628370,Success,CID563391,Prime Sedan,Tumkur Road,Cox Town,189.0,145.0,Not Applicable,Not Applicable,No,Not Applicable,995,Cash,33,3.4,4.2
2024-07-16 19:50:00,CNR5008373855,Canceled by Driver,CID860912,Prime SUV,Chamarajpet,Devanahalli,,,Not Applicable,Personal & Car related issue,Not Applicable,Not Applicable,185,Not Applicable,0,,
2024-07-28 13:12:00,CNR5875505060,Success,CID142787,Prime Sedan,Peenya,Malleshwaram,294.0,90.0,Not Applicable,Not Applicable,No,Not Applicable,447,Cash,46,4.1,4.6
2024-07-27 05:54:00,CNR4102520790,Success,CID559786,Prime SUV,Bellandur,Jayanagar,210.0,90.0,Not Applicable,Not Applicable,No,Not Applicable,187,UPI,38,5.0,3.4
2024-07-24 22:21:00,CNR8283001551,Canceled by Driver,CID402185,Prime Plus,Bannerghatta Road,Yelahanka,,,Not Applicable,Customer related issue,Not Applicable,Not Applicable,431,Not Applicable,0,,
2024-07-08 08:36:00,CNR9912792787,Success,CID791045,eBike,KR Puram,Peenya,77.0,115.0,Not Applicable,Not Applicable,No,Not Applicable,1446,Cash,15,4.6,4.6
2024-07-23 05:53:00,CNR6760040584,Driver Not Found,CID347869,Mini,Hebbal,Chamarajpet,,,Not Applicable,Not Applicable,Not Applicable,Not Applicable,472,Not Applicable,0,,
2024-07-06 14:10:00,CNR3955014801,Success,CID651583,Prime Sedan,Malleshwaram,Peenya,175.0,30.0,Not Applicable,Not Applicable,No,Not Applicable,1660,Cash,17,3.8,4.0
2024-07-23 23:28:00,CNR8299981911,Success,CID829003,Prime Plus,Electronic City,Nagarbhavi,203.0,140.0,Not Applicable,Not Applicable,No,Not Applicable,389,UPI,32,4.0,3.1
2024-07-17 04:50:00,CNR6979583997,Success,CID904945,Prime Sedan,Nagarbhavi,HSR Layout,56.0,115.0,Not Applicable,Not Applicable,No,Not Applicable,982,UPI,27,4.4,4.8
2024-07-01 21:23:00,CNR8065060173,Canceled by Driver,CID834142,Prime Sedan,Kammanahalli,Yeshwanthpur,,,Not Applicable,Personal & Car related issue,Not Applicable,Not Applicable,141,Not Applicable,0,,
2024-07-29 15:19:00,CNR7083117713,Success,CID773409,Auto,Tumkur Road,Peenya,266.0,95.0,Not Applicable,Not Applicable,No,Not Applicable,498,Cash,4,3.7,4.2
2024-07-29 18:37:00,CNR7033469032,Success,CID165504,Mini,Rajarajeshwari Nagar,BTM Layout,105.0,70.0,Not Applicable,Not Applicable,No,Not Applicable,339,UPI,13,4.6,4.1
2024-07-12 03:46:00,CNR2448603254,Success,CID530624,Auto,Peenya,KR Puram,133.0,50.0,Not Applicable,Not Applicable,No,Not Applicable,254,Cash,19,4.5,4.6
2024-07-01 10:33:00,CNR8655215996,Canceled by Driver,CID854173,eBike,Varthur,Ramamurthy Nagar,,,Not Applicable,Personal & Car related issue,Not Applicable,Not Applicable,311,Not Applicable,0,,
2024-07-01 03:10:00,CNR6504453755,Success,CID661114,Prime Sedan,Yeshwanthpur,Indiranagar,182.0,95.0,Not Applicable,Not Applicable,Yes,Vehicle Breakdown,589,UPI,49,4.2,3.3
2024-07-20 08:30:00,CNR3703427108,Success,CID668334,Mini,Cox Town,MG Road,301.0,140.0,Not Applicable,Not Applicable,No,Not Applicable,439,Cash,15,3.1,4.8
2024-07-12 00:20:00,CNR3236993036,Canceled by Customer,CID540336,Auto,Langford Town,Ulsoor,,,Driver is not moving towards pickup location,Not Applicable,Not Applicable,Not Applicable,358,Not Applicable,0,,
2024-07-23 18:26:00,CNR8089251686,Success,CID305796,Prime Plus,Banashankari,Varthur,266.0,50.0,Not Applicable,Not Applicable,No,Not Applicable,476,Cash,44,4.2,3.1
2024-07-29 15:11:00,CNR8286187895,Canceled by Driver,CID870833,Auto,Sarjapur Road,Banashankari,,,Not Applicable,Personal & Car related issue,Not Applicable,Not Applicable,905,Not Applicable,0,,
2024-07-11 21:00:00,CNR5734633947,Success,CID704002,Auto,Peenya,Malleshwaram,196.0,60.0,Not Applicable,Not Applicable,No,Not Applicable,340,Cash,17,5.0,3.2
2024-07-04 12:59:00,CNR8300943751,Canceled by Driver,CID548044,Prime Sedan,Chickpet,Ramamurthy Nagar,,,Not Applicable,Customer related issue,Not Applicable,Not Applicable,250,Not Applicable,0,,
2024-07-10 19:33:00,CNR6989597521,Driver Not Found,CID478328,Auto,Chamarajpet,Marathahalli,,,Not Applicable,Not Applicable,Not Applicable,Not Applicable,448,Not Applicable,0,,
2024-07-15 10:43:00,CNR5344213095,Success,CID516334,Prime Sedan,Majestic,Kengeri,126.0,110.0,Not Applicable,Not Applicable,No,Not Applicable,401,UPI,21,4.9,4.6
2024-07-21 19:25:00,CNR2591935744,Success,CID956881,Prime SUV,Whitefield,BTM Layout,98.0,25.0,Not Applicable,Not Applicable,No,Not Applicable,356,Cash,12,4.6,3.7
2024-07-26 08:16:00,CNR1284169138,Success,CID335580,eBike,Bannerghatta Road,Vijayanagar,168.0,90.0,Not Applicable,Not Applicable,No,Not Applicable,263,Cash,17,4.0,4.6
2024-07-25 03:57:00,CNR5531087642,Success,CID255915,Mini,Kammanahalli,Ulsoor,287.0,85.0,Not Applicable,Not Applicable,No,Not Applicable,423,Cash,49,4.7,3.5
2024-07-03 16:21:00,CNR8411093177,Success,CID756849,Prime Sedan,Peenya,Tumkur Road,35.0,135.0,Not Applicable,Not Applicable,No,Not Applicable,277,Cash,49,3.1,3.8
2024-07-17 16:59:00,CNR7212335406,Canceled by Driver,CID625197,Prime SUV,Magadi Road,JP Nagar,,,Not Applicable,Customer related issue,Not Applicable,Not Applicable,313,Not Applicable,0,,
2024-07-08 18:22:00,CNR3503253569,Success,CID631379,Mini,Basavanagudi,MG Road,252.0,40.0,Not Applicable,Not Applicable,No,Not Applicable,299,Cash,41,3.4,3.4
2024-07-06 04:27:00,CNR2382395241,Success,CID485109,Prime Sedan,Hebbal,Yeshwanthpur,105.0,45.0,Not Applicable,Not Applicable,No,Not Applicable,120,UPI,34,4.9,3.9
2024-07-24 02:09:00,CNR9583201319,Canceled by Driver,CID160668,Mini,Koramangala,Mysore Road,,,Not Applicable,Customer was coughing/sick,Not Applicable,Not Applicable,813,Not Applicable,0,,
2024-07-18 04:57:00,CNR9716052731,Success,CID362982,Prime Sedan,Kadugodi,Shivajinagar,210.0,145.0,Not Applicable,Not Applicable,Yes,Vehicle Breakdown,453,UPI,17,3.8,3.4
2024-07-11 05:25:00,CNR9849938529,Success,CID858141,Prime Plus,Yelahanka,Cox Town,119.0,140.0,Not Applicable,Not Applicable,No,Not Applicable,107,UPI,3,3.4,3.5
2024-07-01 07:14:00,CNR9683518873,Success,CID609333,Prime SUV,Rajarajeshwari Nagar,Ramamurthy Nagar,294.0,80.0,Not Applicable,Not Applicable,No,Not Applicable,372,UPI,32,4.9,3.5
2024-07-23 09:18:00,CNR4563730460,Canceled by Driver,CID846919,Prime Plus,Rajarajeshwari Nagar,Electronic City,,,Not Applicable,Customer was coughing/sick,Not Applicable,Not Applicable,131,Not Applicable,0,,
2024-07-15 00:56:00,CNR6371398395,Driver Not Found,CID269679,Prime Plus,Whitefield,Bannerghatta Road,,,Not Applicable,Not Applicable,Not Applicable,Not Applicable,355,Not Applicable,0,,
2024-07-20 09:29:00,CNR2289113499,Canceled by Customer,CID145257,Prime Plus,Ulsoor,Shantinagar,,,Driver asked to cancel,Not Applicable,Not Applicable,Not Applicable,2766,Not Applicable,0,,
2024-07-18 09:34:00,CNR3647947312,Success,CID485475,Prime Sedan,Kadugodi,BTM Layout,84.0,50.0,Not Applicable,Not Applicable,No,Not Applicable,206,Cash,45,5.0,4.7
2024-07-19 11:07:00,CNR9454776769,Success,CID206127,Mini,Electronic City,Nagarbhavi,147.0,25.0,Not Applicable,Not Applicable,No,Not Applicable,170,Cash,32,3.8,4.7
2024-07-25 21:25:00,CNR3551806315,Driver Not Found,CID327201,Auto,Devanahalli,Indiranagar,,,Not Applicable,Not Applicable,Not Applicable,Not Applicable,433,Not Applicable,0,,
2024-07-10 00:46:00,CNR1897456454,Success,CID144539,Bike,JP Nagar,Hebbal,70.0,110.0,Not Applicable,Not Applicable,No,Not Applicable,981,Debit Card,28,3.6,3.3
2024-07-10 14:50:00,CNR2266528214,Driver Not Found,CID836205,eBike,Bellandur,Frazer Town,,,Not Applicable,Not Applicable,Not Applicable,Not Applicable,945,Not Applicable,0,,
2024-07-10 06:44:00,CNR5092182498,Canceled by Driver,CID800481,Bike,BTM Layout,Kengeri,,,Not Applicable,Personal & Car related issue,Not Applicable,Not Applicable,299,Not Applicable,0,,
2024-07-16 08:32:00,CNR1366300239,Canceled by Driver,CID439829,Auto,Hennur,Kengeri,,,Not Applicable,Personal & Car related issue,Not Applicable,Not Applicable,869,Not Applicable,0,,
2024-07-21 13:46:00,CNR6557752941,Success,CID797100,Bike,MG Road,Chickpet,98.0,140.0,Not Applicable,Not Applicable,No,Not Applicable,2747,Cash,32,4.7,4.9
2024-07-03 23:46:00,CNR6129566721,Driver Not Found,CID462170,Bike,Rajajinagar,Shivajinagar,,,Not Applicable,Not Applicable,Not Applicable,Not Applicable,360,Not Applicable,0,,
2024-07-09 10:59:00,CNR6311569453,Canceled by Driver,CID129256,Prime SUV,Chamarajpet,Kengeri,,,Not Applicable,Customer related issue,Not Applicable,Not Applicable,236,Not Applicable,0,,
2024-07-22 11:05:00,CNR2470163474,Success,CID267383,Mini,Yelahanka,Peenya,91.0,80.0,Not Applicable,Not Applicable,No,Not Applicable,211,UPI,16,4.1,4.7
2024-07-22 16:04:00,CNR9656656771,Success,CID737220,Auto,Vijayanagar,BTM Layout,266.0,75.0,Not Applicable,Not Applicable,No,Not Applicable,477,Cash,8,4.6,3.7
2024-07-06 01:43:00,CNR5321363481,Success,CID289052,Auto,Devanahalli,Shantinagar,77.0,90.0,Not Applicable,Not Applicable,No,Not Applicable,2266,Cash,2,4.5,3.3
2024-07-06 19:40:00,CNR7503570778,Success,CID641886,Prime Sedan,Malleshwaram,Whitefield,182.0,140.0,Not Applicable,Not Applicable,No,Not Applicable,199,Cash,14,4.9,3.1
2024-07-18 07:22:00,CNR4830625839,Success,CID900829,Prime Sedan,Nagarbhavi,Basavanagudi,175.0,60.0,Not Applicable,Not Applicable,No,Not Applicable,1160,Cash,34,4.1,3.7
2024-07-07 07:10:00,CNR9604385224,Canceled by Driver,CID251368,eBike,Jayanagar,HSR Layout,,,Not Applicable,Customer related issue,Not Applicable,Not Applicable,136,Not Applicable,0,,
2024-07-02 10:49:00,CNR4584908815,Success,CID762623,eBike,Bannerghatta Road,Sarjapur Road,154.0,75.0,Not Applicable,Not Applicable,No,Not Applicable,401,UPI,35,3.1,4.0
2024-07-04 19:19:00,CNR5409344039,Success,CID726066,Bike,Banashankari,Chamarajpet,112.0,120.0,Not Applicable,Not Applicable,No,Not Applicable,417,Cash,45,4.9,3.1
2024-07-23 12:50:00,CNR7587865084,Success,CID863177,eBike,Sahakar Nagar,JP Nagar,245.0,125.0,Not Applicable,Not Applicable,No,Not Applicable,297,UPI,43,4.2,4.6
2024-07-26 00:51:00,CNR2004604566,Canceled by Driver,CID910086,Prime Sedan,Whitefield,Langford Town,,,Not Applicable,Customer related issue,Not Applicable,Not Applicable,105,Not Applicable,0,,
2024-07-24 14:51:00,CNR4339324884,Success,CID347637,eBike,Hennur,Hennur,70.0,125.0,Not Applicable,Not Applicable,No,Not Applicable,2159,Cash,10,4.4,3.9
2024-07-03 07:03:00,CNR4656572282,Success,CID931072,Mini,Hennur,Indiranagar,147.0,85.0,Not Applicable,Not Applicable,No,Not Applicable,474,UPI,35,4.9,4.7
2024-07-18 19:11:00,CNR6387951022,Canceled by Customer,CID661966,eBike,Chickpet,Frazer Town,,,AC is Not working,Not Applicable,Not Applicable,Not Applicable,436,Not Applicable,0,,
2024-07-19 21:51:00,CNR6946780837,Driver Not Found,CID853157,eBike,Langford Town,Majestic,,,Not Applicable,Not Applicable,Not Applicable,Not Applicable,241,Not Applicable,0,,
2024-07-22 19:42:00,CNR2809850218,Canceled by Driver,CID803591,Auto,Banashankari,Marathahalli,,,Not Applicable,Customer related issue,Not Applicable,Not Applicable,426,Not Applicable,0,,
2024-07-25 04:19:00,CNR2799509832,Success,CID635712,eBike,Hebbal,Hulimavu,238.0,40.0,Not Applicable,Not Applicable,No,Not Applicable,589,Credit Card,33,3.2,3.9
2024-07-30 19:41:00,CNR8232001801,Driver Not Found,CID316645,Auto,RT Nagar,HSR Layout,,,Not Applicable,Not Applicable,Not Applicable,Not Applicable,628,Not Applicable,0,,
2024-07-08 01:53:00,CNR7992529492,Canceled by Customer,CID941471,Prime Sedan,Rajajinagar,Nagarbhavi,,,AC is Not working,Not Applicable,Not Applicable,Not Applicable,260,Not Applicable,0,,
2024-07-03 05:22:00,CNR4103429774,Success,CID996811,Mini,Magadi Road,Peenya,203.0,45.0,Not Applicable,Not Applicable,No,Not Applicable,343,Cash,38,3.1,3.6
2024-07-21 02:11:00,CNR1203069106,Success,CID320133,Prime SUV,Banashankari,Banashankari,140.0,95.0,Not Applicable,Not Applicable,No,Not Applicable,311,Cash,26,4.0,3.4
2024-07-15 07:09:00,CNR3747254163,Success,CID921491,Prime Sedan,Bellandur,Shantinagar,49.0,70.0,Not Applicable,Not Applicable,No,Not Applicable,473,UPI,45,3.8,4.0
2024-07-30 08:33:00,CNR3127904612,Canceled by Customer,CID985472,Auto,Hulimavu,BTM Layout,,,Driver is not moving towards pickup location,Not Applicable,Not Applicable,Not Applicable,444,Not Applicable,0,,
2024-07-11 04:19:00,CNR9248543436,Success,CID251735,Auto,Whitefield,Nagarbhavi,301.0,140.0,Not Applicable,Not Applicable,No,Not Applicable,412,Cash,3,4.6,3.6
2024-07-02 16:16:00,CNR6151671318,Success,CID387008,eBike,Shivajinagar,Basavanagudi,168.0,75.0,Not Applicable,Not Applicable,No,Not Applicable,464,UPI,13,3.7,3.4
2024-07-30 12:34:00,CNR2717294091,Success,CID550335,Auto,Sarjapur Road,Devanahalli,168.0,70.0,Not Applicable,Not Applicable,No,Not Applicable,410,UPI,5,3.2,4.9
2024-07-14 15:57:00,CNR3003492851,Success,CID408248,Prime Plus,Shivajinagar,Malleshwaram,84.0,130.0,Not Applicable,Not Applicable,No,Not Applicable,250,UPI,13,3.0,4.4
2024-07-12 12:12:00,CNR1846697631,Success,CID688925,Bike,BTM Layout,Chamarajpet,210.0,100.0,Not Applicable,Not Applicable,No,Not Applicable,382,Cash,22,4.4,3.7
2024-07-24 05:25:00,CNR9060008401,Success,CID236725,Bike,Indiranagar,Indiranagar,105.0,120.0,Not Applicable,Not Applicable,No,Not Applicable,497,UPI,32,4.8,3.6
2024-07-03 15:41:00,CNR9284643816,Success,CID790956,Mini,Nagarbhavi,Chickpet,35.0,135.0,Not Applicable,Not Applicable,No,Not Applicable,997,UPI,25,4.0,4.6
2024-07-29 20:49:00,CNR8442038213,Canceled by Customer,CID259637,Prime SUV,Nagarbhavi,Basavanagudi,,,Driver is not moving towards pickup location,Not Applicable,Not Applicable,Not Applicable,216,Not Applicable,0,,
2024-07-04 16:53:00,CNR4016395356,Success,CID921556,Mini,Bellandur,Langford Town,252.0,80.0,Not Applicable,Not Applicable,No,Not Applicable,656,Cash,26,3.9,4.1
2024-07-27 20:17:00,CNR7214714909,Driver Not Found,CID110236,Auto,Kengeri,Indiranagar,,,Not Applicable,Not Applicable,Not Applicable,Not Applicable,481,Not Applicable,0,,
2024-07-07 15:07:00,CNR9522234174,Success,CID150170,eBike,Chamarajpet,Shantinagar,140.0,145.0,Not Applicable,Not Applicable,No,Not Applicable,281,Cash,48,4.0,4.6
2024-07-09 19:30:00,CNR4212802328,Success,CID258367,Prime Sedan,Bellandur,Bellandur,147.0,90.0,Not Applicable,Not Applicable,No,Not Applicable,2293,Cash,11,4.6,4.3
2024-07-10 17:23:00,CNR7966058679,Canceled by Driver,CID374670,Auto,Peenya,Mysore Road,,,Not Applicable,Customer related issue,Not Applicable,Not Applicable,767,Not Applicable,0,,
2024-07-24 08:34:00,CNR4357026144,Success,CID757994,Prime SUV,Hulimavu,Marathahalli,49.0,40.0,Not Applicable,Not Applicable,No,Not Applicable,795,UPI,19,3.9,3.3
2024-07-19 21:08:00,CNR4057357770,Success,CID135596,Mini,Hosur Road,Ramamurthy Nagar,231.0,130.0,Not Applicable,Not Applicable,No,Not Applicable,346,Cash,4,4.2,3.9
2024-07-05 01:13:00,CNR7437091909,Success,CID349061,Prime Sedan,Nagarbhavi,Rajarajeshwari Nagar,77.0,145.0,Not Applicable,Not Applicable,No,Not Applicable,382,Cash,14,3.0,3.1
2024-07-10 13:05:00,CNR7388070985,Success,CID151871,Auto,Kengeri,Mysore Road,49.0,55.0,Not Applicable,Not Applicable,No,Not Applicable,395,Cash,15,4.5,3.5
2024-07-08 08:04:00,CNR7615807674,Canceled by Customer,CID533673,eBike,BTM Layout,BTM Layout,,,Driver is not moving towards pickup location,Not Applicable,Not Applicable,Not Applicable,272,Not Applicable,0,,
2024-07-28 07:27:00,CNR3815161797,Success,CID906252,Mini,Nagarbhavi,Hulimavu,252.0,130.0,Not Applicable,Not Applicable,No,Not Applicable,100,Cash,10,3.7,3.5
2024-07-30 13:18:00,CNR8657953259,Canceled by Driver,CID971514,Mini,Yelahanka,Rajajinagar,,,Not Applicable,Customer related issue,Not Applicable,Not Applicable,152,Not Applicable,0,,
2024-07-21 13:36:00,CNR8538813237,Success,CID490046,eBike,Hulimavu,Rajarajeshwari Nagar,217.0,105.0,Not Applicable,Not Applicable,No,Not Applicable,783,Cash,10,3.2,4.2
2024-07-14 23:10:00,CNR4457757792,Success,CID154430,Prime Sedan,Nagarbhavi,Hosur Road,280.0,40.0,Not Applicable,Not Applicable,No,Not Applicable,243,Cash,29,4.8,3.1
2024-07-07 17:31:00,CNR6813285468,Canceled by Driver,CID478697,Bike,MG Road,Majestic,,,Not Applicable,Customer related issue,Not Applicable,Not Applicable,263,Not Applicable,0,,
2024-07-06 01:37:00,CNR3341794164,Canceled by Driver,CID417371,Auto,Bannerghatta Road,Koramangala,,,Not Applicable,Customer was coughing/sick,Not Applicable,Not Applicable,363,Not Applicable,0,,
2024-07-18 21:33:00,CNR4478071011,Canceled by Driver,CID397326,Prime Sedan,Varthur,Nagarbhavi,,,Not Applicable,Personal & Car related issue,Not Applicable,Not Applicable,151,Not Applicable,0,,
2024-07-29 14:46:00,CNR8500559004,Canceled by Customer,CID411239,Auto,Tumkur Road,Kammanahalli,,,Wrong Address,Not Applicable,Not Applicable,Not Applicable,431,Not Applicable,0,,
2024-07-28 21:54:00,CNR1219212021,Canceled by Driver,CID776742,Prime SUV,Magadi Road,Rajajinagar,,,Not Applicable,More than permitted people in there,Not Applicable,Not Applicable,186,Not Applicable,0,,
2024-07-24 09:19:00,CNR1761582531,Success,CID119977,Mini,Hennur,Chickpet,63.0,130.0,Not Applicable,Not Applicable,No,Not Applicable,109,UPI,28,4.2,3.8
2024-07-27 23:08:00,CNR8520306227,Success,CID555443,Auto,Ramamurthy Nagar,Sahakar Nagar,77.0,125.0,Not Applicable,Not Applicable,No,Not Applicable,434,UPI,14,4.2,3.6
2024-07-04 13:26:00,CNR4450127540,Canceled by Customer,CID979387,eBike,Bellandur,Nagarbhavi,,,Driver asked to cancel,Not Applicable,Not Applicable,Not Applicable,195,Not Applicable,0,,
2024-07-08 09:42:00,CNR1454370987,Success,CID832684,Auto,Yeshwanthpur,Chamarajpet,126.0,145.0,Not Applicable,Not Applicable,No,Not Applicable,469,Cash,13,3.1,5.0
2024-07-27 21:46:00,CNR7075098341,Success,CID938926,eBike,Sarjapur Road,Basavanagudi,259.0,45.0,Not Applicable,Not Applicable,No,Not Applicable,498,UPI,15,3.4,4.2
2024-07-09 21:56:00,CNR1977556084,Canceled by Driver,CID556652,Auto,Yelahanka,BTM Layout,,,Not Applicable,Personal & Car related issue,Not Applicable,Not Applicable,840,Not Applicable,0,,
2024-07-30 01:22:00,CNR5034431109,Success,CID311581,Prime Plus,Whitefield,Whitefield,287.0,120.0,Not Applicable,Not Applicable,No,Not Applicable,384,Cash,36,4.0,3.9
2024-07-05 09:09:00,CNR5687190688,Success,CID685236,Bike,Kadugodi,Richmond Town,280.0,35.0,Not Applicable,Not Applicable,No,Not Applicable,244,UPI,10,3.6,4.4
2024-07-02 00:24:00,CNR6562274111,Success,CID948621,Mini,Bellandur,Varthur,168.0,65.0,Not Applicable,Not Applicable,No,Not Applicable,362,Cash,11,3.7,3.1
2024-07-26 16:25:00,CNR6313877445,Success,CID625587,Mini,Jayanagar,Bellandur,196.0,35.0,Not Applicable,Not Applicable,No,Not Applicable,753,UPI,2,3.0,3.8
2024-07-24 11:16:00,CNR6729828259,Driver Not Found,CID790586,Prime Plus,Malleshwaram,Bannerghatta Road,,,Not Applicable,Not Applicable,Not Applicable,Not Applicable,729,Not Applicable,0,,
2024-07-12 00:26:00,CNR8163328163,Success,CID426556,Prime Sedan,Tumkur Road,Tumkur Road,84.0,130.0,Not Applicable,Not Applicable,No,Not Applicable,1367,UPI,48,3.8,3.2
2024-07-30 22:59:00,CNR4134825181,Canceled by Driver,CID653841,Bike,Frazer Town,Varthur,,,Not Applicable,Customer related issue,Not Applicable,Not Applicable,1298,Not Applicable,0,,
2024-07-02 15:52:00,CNR6945847892,Canceled by Driver,CID381771,Mini,Hulimavu,Yelahanka,,,Not Applicable,Customer related issue,Not Applicable,Not Applicable,499,Not Applicable,0,,
2024-07-01 16:55:00,CNR6517738310,Canceled by Driver,CID946840,Prime Plus,Hennur,Chamarajpet,,,Not Applicable,Customer was coughing/sick,Not Applicable,Not Applicable,293,Not Applicable,0,,
2024-07-10 11:27:00,CNR1604028804,Success,CID320337,Prime Plus,JP Nagar,Hulimavu,70.0,80.0,Not Applicable,Not Applicable,No,Not Applicable,370,Cash,38,3.2,3.4
2024-07-13 13:53:00,CNR8948171127,Success,CID293930,Prime Sedan,Hosur Road,Hosur Road,301.0,125.0,Not Applicable,Not Applicable,No,Not Applicable,140,Cash,42,3.7,4.0
2024-07-21 14:31:00,CNR6505993455,Canceled by Driver,CID383784,Bike,Ramamurthy Nagar,Banashankari,,,Not Applicable,Personal & Car related issue,Not Applicable,Not Applicable,358,Not Applicable,0,,
2024-07-19 08:02:00,CNR1044737811,Driver Not Found,CID430256,Prime Sedan,RT Nagar,Kammanahalli,,,Not Applicable,Not Applicable,Not Applicable,Not Applicable,542,Not Applicable,0,,
2024-07-05 08:42:00,CNR9044736393,Success,CID615419,eBike,Malleshwaram,KR Puram,224.0,120.0,Not Applicable,Not Applicable,No,Not Applicable,206,UPI,29,4.3,3.1
2024-07-10 12:12:00,CNR6622351622,Success,CID488811,Prime SUV,Peenya,Shantinagar,105.0,60.0,Not Applicable,Not Applicable,No,Not Applicable,105,Cash,45,4.6,3.6
2024-07-10 00:11:00,CNR7525953221,Canceled by Driver,CID866390,Bike,Mysore Road,JP Nagar,,,Not Applicable,Customer was coughing/sick,Not Applicable,Not Applicable,134,Not Applicable,0,,
2024-07-11 22:32:00,CNR8189861835,Success,CID486047,Prime Plus,Nagarbhavi,Kadugodi,189.0,25.0,Not Applicable,Not Applicable,No,Not Applicable,898,Cash,14,4.9,3.9
2024-07-08 01:45:00,CNR7560159442,Success,CID613755,Mini,Yeshwanthpur,Langford Town,294.0,70.0,Not Applicable,Not Applicable,No,Not Applicable,912,UPI,8,4.9,3.9
2024-07-21 18:53:00,CNR2158232854,Success,CID262766,Auto,Richmond Town,HSR Layout,301.0,70.0,Not Applicable,Not Applicable,No,Not Applicable,250,UPI,11,4.0,4.7
2024-07-26 01:14:00,CNR3989072056,Canceled by Driver,CID950721,Auto,Jayanagar,Whitefield,,,Not Applicable,Personal & Car related issue,Not Applicable,Not Applicable,344,Not Applicable,0,,
2024-07-12 04:23:00,CNR5291095656,Success,CID496354,Bike,Langford Town,BTM Layout,280.0,125.0,Not Applicable,Not Applicable,No,Not Applicable,477,Cash,37,3.9,3.9
2024-07-27 08:46:00,CNR9200254664,Success,CID719318,Prime Sedan,Cox Town,Chickpet,189.0,145.0,Not Applicable,Not Applicable,No,Not Applicable,187,UPI,11,4.1,4.4
2024-07-13 00:14:00,CNR5658894405,Success,CID475316,Auto,HSR Layout,Langford Town,168.0,80.0,Not Applicable,Not Applicable,No,Not Applicable,703,Cash,7,3.8,4.2
2024-07-17 23:50:00,CNR8859856135,Success,CID572923,Prime Sedan,Ulsoor,Sahakar Nagar,70.0,115.0,Not Applicable,Not Applicable,Yes,Customer Demand,838,Cash,37,4.3,4.3
2024-07-22 09:22:00,CNR9927027214,Success,CID426347,Mini,Marathahalli,Whitefield,49.0,55.0,Not Applicable,Not Applicable,No,Not Applicable,2591,UPI,29,3.7,4.4
2024-07-14 13:33:00,CNR9432364575,Success,CID710840,Bike,Hebbal,Yeshwanthpur,301.0,100.0,Not Applicable,Not Applicable,No,Not Applicable,775,UPI,20,4.8,4.5
2024-07-01 14:47:00,CNR4033842980,Success,CID623893,eBike,Vijayanagar,Koramangala,70.0,100.0,Not Applicable,Not Applicable,No,Not Applicable,304,UPI,2,3.2,4.9
2024-07-30 07:28:00,CNR9254656385,Success,CID909842,Prime SUV,Mysore Road,Malleshwaram,266.0,65.0,Not Applicable,Not Applicable,No,Not Applicable,283,Credit Card,27,4.8,4.8
2024-07-23 14:19:00,CNR4754139704,Success,CID343104,Mini,Hosur Road,Banashankari,301.0,130.0,Not Applicable,Not Applicable,No,Not Applicable,667,Cash,22,4.2,4.1
2024-07-13 20:34:00,CNR9014527614,Canceled by Driver,CID401711,eBike,RT Nagar,Whitefield,,,Not Applicable,More than permitted people in there,Not Applicable,Not Applicable,356,Not Applicable,0,,
2024-07-16 10:26:00,CNR2773978202,Driver Not Found,CID417964,Prime SUV,Devanahalli,Majestic,,,Not Applicable,Not Applicable,Not Applicable,Not Applicable,426,Not Applicable,0,,
2024-07-20 23:33:00,CNR8406477525,Success,CID529684,Bike,Langford Town,Mysore Road,119.0,95.0,Not Applicable,Not Applicable,No,Not Applicable,272,Cash,45,3.3,4.1
2024-07-25 19:33:00,CNR1738163606,Success,CID181698,Prime SUV,Padmanabhanagar,KR Puram,266.0,60.0,Not Applicable,Not Applicable,No,Not Applicable,303,UPI,17,4.1,4.5
2024-07-25 09:55:00,CNR7906426844,Canceled by Driver,CID846773,Mini,Shivajinagar,Shivajinagar,,,Not Applicable,Customer was coughing/sick,Not Applicable,Not Applicable,452,Not Applicable,0,,
2024-07-12 09:26:00,CNR4258917604,Canceled by Driver,CID900619,eBike,Vijayanagar,Bellandur,,,Not Applicable,Customer related issue,Not Applicable,Not Applicable,715,Not Applicable,0,,
2024-07-18 23:40:00,CNR1603015022,Canceled by Customer,CID648680,Prime SUV,Cox Town,Majestic,,,Driver is not moving towards pickup location,Not Applicable,Not Applicable,Not Applicable,143,Not Applicable,0,,
2024-07-25 07:57:00,CNR6356661262,Success,CID457151,Mini,Sarjapur Road,Ulsoor,210.0,140.0,Not Applicable,Not Applicable,No,Not Applicable,131,Cash,45,4.6,4.7
2024-07-22 16:55:00,CNR2713547224,Success,CID424682,Mini,RT Nagar,RT Nagar,70.0,70.0,Not Applicable,Not Applicable,No,Not Applicable,374,UPI,46,4.4,4.9
2024-07-08 00:04:00,CNR8728129406,Success,CID419580,Mini,Hennur,Sarjapur Road,308.0,35.0,Not Applicable,Not Applicable,No,Not Applicable,847,UPI,25,4.8,3.2
2024-07-26 04:04:00,CNR6391001614,Success,CID275969,Auto,HSR Layout,Langford Town,140.0,70.0,Not Applicable,Not Applicable,No,Not Applicable,982,Cash,13,3.9,3.0
2024-07-20 22:37:00,CNR2537842855,Canceled by Customer,CID316184,eBike,Kengeri,Frazer Town,,,Driver is not moving towards pickup location,Not Applicable,Not Applicable,Not Applicable,276,Not Applicable,0,,
2024-07-16 02:39:00,CNR6595622465,Success,CID240652,Bike,Hosur Road,Richmond Town,56.0,45.0,Not Applicable,Not Applicable,No,Not Applicable,176,UPI,17,3.0,3.2
2024-07-20 07:41:00,CNR8494333627,Success,CID534576,Bike,Basavanagudi,Hosur Road,280.0,25.0,Not Applicable,Not Applicable,No,Not Applicable,432,Cash,45,4.6,4.2
2024-07-15 07:41:00,CNR6403613192,Success,CID221382,Prime Plus,Cox Town,Devanahalli,252.0,115.0,Not Applicable,Not Applicable,No,Not Applicable,726,UPI,12,3.1,3.5
2024-07-22 18:23:00,CNR6366219700,Canceled by Customer,CID400822,Auto,RT Nagar,Cox Town,,,Driver is not moving towards pickup location,Not Applicable,Not Applicable,Not Applicable,335,Not Applicable,0,,
2024-07-07 22:59:00,CNR2358496714,Canceled by Driver,CID627930,Prime SUV,Indiranagar,Majestic,,,Not Applicable,Personal & Car related issue,Not Applicable,Not Applicable,633,Not Applicable,0,,
2024-07-23 13:33:00,CNR6934383694,Canceled by Driver,CID557240,Prime SUV,Mysore Road,Nagarbhavi,,,Not Applicable,Customer was coughing/sick,Not Applicable,Not Applicable,495,Not Applicable,0,,
2024-07-25 21:38:00,CNR8424413801,Success,CID176119,eBike,Chickpet,Koramangala,252.0,30.0,Not Applicable,Not Applicable,No,Not Applicable,1573,Cash,31,4.2,3.9
2024-07-22 16:02:00,CNR1850136222,Driver Not Found,CID761680,Auto,Hebbal,Cox Town,,,Not Applicable,Not Applicable,Not Applicable,Not Applicable,467,Not Applicable,0,,
2024-07-18 04:44:00,CNR4068580202,Success,CID441036,Prime Sedan,Basavanagudi,Electronic City,63.0,35.0,Not Applicable,Not Applicable,No,Not Applicable,191,Debit Card,8,4.2,4.4
2024-07-10 08:55:00,CNR4187758779,Canceled by Customer,CID386615,Prime SUV,Basavanagudi,Nagarbhavi,,,Driver is not moving towards pickup location,Not Applicable,Not Applicable,Not Applicable,994,Not Applicable,0,,
2024-07-29 17:52:00,CNR3747777663,Success,CID384919,Prime SUV,Bellandur,Sahakar Nagar,168.0,65.0,Not Applicable,Not Applicable,No,Not Applicable,482,UPI,13,3.8,3.2
2024-07-11 03:06:00,CNR4130718757,Canceled by Driver,CID440891,Prime SUV,MG Road,Electronic City,,,Not Applicable,More than permitted people in there,Not Applicable,Not Applicable,486,Not Applicable,0,,
2024-07-21 21:42:00,CNR2508282298,Canceled by Driver,CID896919,Auto,JP Nagar,Bannerghatta Road,,,Not Applicable,Customer related issue,Not Applicable,Not Applicable,385,Not Applicable,0,,
2024-07-09 05:32:00,CNR2583619877,Driver Not Found,CID622934,Mini,Nagarbhavi,Chamarajpet,,,Not Applicable,Not Applicable,Not Applicable,Not Applicable,848,Not Applicable,0,,
2024-07-24 19:05:00,CNR7719579949,Success,CID761865,Prime Plus,Mysore Road,Basavanagudi,217.0,125.0,Not Applicable,Not Applicable,No,Not Applicable,243,Cash,37,4.1,4.9
2024-07-27 00:26:00,CNR5129549319,Driver Not Found,CID679193,Auto,Bellandur,Ramamurthy Nagar,,,Not Applicable,Not Applicable,Not Applicable,Not Applicable,453,Not Applicable,0,,
2024-07-11 05:55:00,CNR8463438736,Success,CID634578,Prime Sedan,MG Road,JP Nagar,56.0,95.0,Not Applicable,Not Applicable,No,Not Applicable,2292,Cash,32,4.7,3.5
2024-07-25 10:45:00,CNR8146459328,Canceled by Driver,CID297448,Prime SUV,Sarjapur Road,Banashankari,,,Not Applicable,Customer related issue,Not Applicable,Not Applicable,137,Not Applicable,0,,
2024-07-19 11:15:00,CNR7150356601,Canceled by Driver,CID353145,Mini,Rajajinagar,Varthur,,,Not Applicable,Personal & Car related issue,Not Applicable,Not Applicable,613,Not Applicable,0,,
2024-07-19 07:42:00,CNR9003899874,Canceled by Driver,CID309112,Bike,RT Nagar,Ulsoor,,,Not Applicable,Customer was coughing/sick,Not Applicable,Not Applicable,446,Not Applicable,0,,
2024-07-01 09:26:00,CNR4132043389,Success,CID623632,eBike,Tumkur Road,Bannerghatta Road,154.0,95.0,Not Applicable,Not Applicable,No,Not Applicable,121,Cash,10,3.9,3.1
2024-07-19 10:23:00,CNR9796306425,Success,CID706587,Bike,Kadugodi,Mysore Road,259.0,100.0,Not Applicable,Not Applicable,No,Not Applicable,146,UPI,25,4.4,3.4
2024-07-09 04:05:00,CNR5271451063,Driver Not Found,CID538524,Prime Sedan,Peenya,Jayanagar,,,Not Applicable,Not Applicable,Not Applicable,Not Applicable,376,Not Applicable,0,,
2024-07-20 18:08:00,CNR9163263322,Canceled by Customer,CID395598,Prime Sedan,Malleshwaram,Sarjapur Road,,,AC is Not working,Not Applicable,Not Applicable,Not Applicable,263,Not Applicable,0,,
2024-07-12 15:00:00,CNR1715421996,Canceled by Driver,CID346439,eBike,Hosur Road,Tumkur Road,,,Not Applicable,Customer was coughing/sick,Not Applicable,Not Applicable,173,Not Applicable,0,,
2024-07-12 01:27:00,CNR6291481244,Success,CID734177,Mini,Yelahanka,Magadi Road,119.0,75.0,Not Applicable,Not Applicable,No,Not Applicable,2789,UPI,28,3.4,4.9
2024-07-12 14:44:00,CNR2614066501,Success,CID115898,Prime SUV,Richmond Town,BTM Layout,280.0,25.0,Not Applicable,Not Applicable,No,Not Applicable,186,Cash,19,3.6,4.3
2024-07-27 12:12:00,CNR9826759853,Canceled by Driver,CID759112,Prime SUV,Richmond Town,Whitefield,,,Not Applicable,Personal & Car related issue,Not Applicable,Not Applicable,646,Not Applicable,0,,
2024-07-14 08:27:00,CNR1935029798,Canceled by Customer,CID657466,Prime Sedan,Rajarajeshwari Nagar,Hosur Road,,,AC is Not working,Not Applicable,Not Applicable,Not Applicable,212,Not Applicable,0,,
2024-07-18 02:39:00,CNR7156772927,Success,CID655248,Prime Plus,Vijayanagar,Hennur,217.0,70.0,Not Applicable,Not Applicable,No,Not Applicable,142,Cash,4,4.3,3.1
2024-07-22 08:02:00,CNR7557262189,Canceled by Driver,CID537795,Prime SUV,Shantinagar,Majestic,,,Not Applicable,More than permitted people in there,Not Applicable,Not Applicable,354,Not Applicable,0,,
2024-07-15 19:25:00,CNR1133165375,Success,CID873878,eBike,Ulsoor,Jayanagar,168.0,45.0,Not Applicable,Not Applicable,No,Not Applicable,793,UPI,29,4.0,4.2
2024-07-06 10:03:00,CNR2667040358,Success,CID768539,Prime SUV,Kadugodi,Sahakar Nagar,280.0,70.0,Not Applicable,Not Applicable,No,Not Applicable,301,UPI,25,3.5,4.7
2024-07-16 09:10:00,CNR4636994281,Success,CID796460,Auto,Malleshwaram,Hulimavu,140.0,100.0,Not Applicable,Not Applicable,No,Not Applicable,381,Cash,5,3.6,3.9
2024-07-12 15:49:00,CNR1092087844,Success,CID817202,Prime SUV,Sarjapur Road,Shantinagar,140.0,30.0,Not Applicable,Not Applicable,No,Not Applicable,877,Cash,46,3.4,4.8
2024-07-04 01:53:00,CNR9879275193,Canceled by Driver,CID614536,Prime SUV,Basavanagudi,Kammanahalli,,,Not Applicable,More than permitted people in there,Not Applicable,Not Applicable,153,Not Applicable,0,,
2024-07-10 20:52:00,CNR7355384194,Success,CID255520,Prime Sedan,Marathahalli,Jayanagar,245.0,145.0,Not Applicable,Not Applicable,No,Not Applicable,177,UPI,2,4.8,4.2
2024-07-09 13:50:00,CNR3432658286,Success,CID491278,Prime Sedan,Chickpet,Electronic City,224.0,85.0,Not Applicable,Not Applicable,No,Not Applicable,498,UPI,46,3.9,3.2
2024-07-24 20:46:00,CNR9819955298,Canceled by Driver,CID763204,Bike,Majestic,MG Road,,,Not Applicable,Personal & Car related issue,Not Applicable,Not Applicable,473,Not Applicable,0,,
2024-07-11 06:27:00,CNR2619727120,Driver Not Found,CID140085,Prime Plus,Nagarbhavi,Tumkur Road,,,Not Applicable,Not Applicable,Not Applicable,Not Applicable,139,Not Applicable,0,,
2024-07-24 16:50:00,CNR2044456953,Success,CID643167,eBike,Sarjapur Road,Langford Town,98.0,35.0,Not Applicable,Not Applicable,No,Not Applicable,102,Cash,32,3.6,4.5
2024-07-02 12:24:00,CNR6224242982,Success,CID208010,Bike,Koramangala,Ramamurthy Nagar,203.0,85.0,Not Applicable,Not Applicable,No,Not Applicable,323,UPI,16,3.2,4.1
2024-07-02 05:47:00,CNR2089246126,Success,CID683649,Prime SUV,Whitefield,Ramamurthy Nagar,91.0,45.0,Not Applicable,Not Applicable,Yes,Customer Demand,384,Credit Card,16,3.6,3.7
2024-07-22 00:18:00,CNR9706336197,Success,CID106004,Auto,Bannerghatta Road,Frazer Town,98.0,50.0,Not Applicable,Not Applicable,No,Not Applicable,416,Cash,3,4.1,4.6
2024-07-30 08:52:00,CNR2329828291,Success,CID757869,Auto,Mysore Road,Varthur,203.0,135.0,Not Applicable,Not Applicable,No,Not Applicable,382,Credit Card,6,3.7,4.3
2024-07-29 04:44:00,CNR5017107060,Canceled by Customer,CID570476,Prime SUV,Hulimavu,RT Nagar,,,Driver asked to cancel,Not Applicable,Not Applicable,Not Applicable,507,Not Applicable,0,,
2024-07-24 18:41:00,CNR8352415757,Driver Not Found,CID979761,eBike,Tumkur Road,Sahakar Nagar,,,Not Applicable,Not Applicable,Not Applicable,Not Applicable,137,Not Applicable,0,,
2024-07-18 11:54:00,CNR5421252456,Canceled by Customer,CID751611,Prime Plus,KR Puram,Electronic City,,,Change of plans,Not Applicable,Not Applicable,Not Applicable,323,Not Applicable,0,,
2024-07-06 14:09:00,CNR4813871697,Driver Not Found,CID397944,Bike,Koramangala,Majestic,,,Not Applicable,Not Applicable,Not Applicable,Not Applicable,466,Not Applicable,0,,
2024-07-12 03:49:00,CNR4775278386,Canceled by Driver,CID710950,Prime Plus,Rajajinagar,Rajarajeshwari Nagar,,,Not Applicable,Personal & Car related issue,Not Applicable,Not Applicable,213,Not Applicable,0,,
2024-07-06 18:24:00,CNR3443112925,Success,CID974118,Prime Plus,Rajarajeshwari Nagar,Bannerghatta Road,126.0,40.0,Not Applicable,Not Applicable,No,Not Applicable,457,Cash,41,4.4,3.2
2024-07-12 09:17:00,CNR8471488226,Success,CID863364,Prime Sedan,Langford Town,BTM Layout,91.0,75.0,Not Applicable,Not Applicable,No,Not Applicable,214,UPI,49,4.1,3.9
2024-07-19 14:06:00,CNR9344913783,Canceled by Driver,CID711703,Auto,JP Nagar,Langford Town,,,Not Applicable,Customer was coughing/sick,Not Applicable,Not Applicable,181,Not Applicable,0,,
2024-07-07 16:45:00,CNR7420246535,Success,CID879382,Bike,Rajarajeshwari Nagar,Shivajinagar,140.0,50.0,Not Applicable,Not Applicable,No,Not Applicable,315,UPI,21,4.1,4.6
2024-07-04 23:41:00,CNR5349371064,Success,CID167795,Bike,Banashankari,Magadi Road,217.0,135.0,Not Applicable,Not Applicable,No,Not Applicable,344,Cash,5,4.1,3.1
2024-07-22 12:26:00,CNR2201127934,Success,CID695629,Auto,HSR Layout,KR Puram,266.0,70.0,Not Applicable,Not Applicable,No,Not Applicable,332,Cash,6,4.9,3.1
2024-07-16 08:51:00,CNR4916894103,Canceled by Driver,CID868332,Prime SUV,Kengeri,KR Puram,,,Not Applicable,Customer related issue,Not Applicable,Not Applicable,474,Not Applicable,0,,
2024-07-27 11:11:00,CNR8033664397,Success,CID280504,eBike,Frazer Town,Hulimavu,182.0,135.0,Not Applicable,Not Applicable,No,Not Applicable,358,Cash,38,4.8,3.6
2024-07-24 01:02:00,CNR1107520000,Canceled by Customer,CID210136,Prime Sedan,Hosur Road,Marathahalli,,,Driver asked to cancel,Not Applicable,Not Applicable,Not Applicable,127,Not Applicable,0,,
2024-07-01 20:10:00,CNR3447155352,Canceled by Customer,CID116949,Prime Sedan,Marathahalli,Kadugodi,,,Driver asked to cancel,Not Applicable,Not Applicable,Not Applicable,183,Not Applicable,0,,
2024-07-20 10:16:00,CNR1826918352,Canceled by Driver,CID988994,Prime Sedan,Peenya,Rajarajeshwari Nagar,,,Not Applicable,Personal & Car related issue,Not Applicable,Not Applicable,832,Not Applicable,0,,
2024-07-28 23:49:00,CNR1216521991,Canceled by Driver,CID343191,Prime Plus,Whitefield,Cox Town,,,Not Applicable,Personal & Car related issue,Not Applicable,Not Applicable,308,Not Applicable,0,,
2024-07-21 09:58:00,CNR3956999148,Success,CID309325,Bike,Marathahalli,Whitefield,182.0,135.0,Not Applicable,Not Applicable,No,Not Applicable,106,Cash,12,3.1,3.6
2024-07-23 19:03:00,CNR9067276216,Success,CID185095,Prime SUV,Hennur,Frazer Town,245.0,135.0,Not Applicable,Not Applicable,Yes,Other Issue,873,Cash,34,3.6,4.1
2024-07-30 23:40:00,CNR3293136816,Success,CID758891,Mini,Vijayanagar,BTM Layout,119.0,85.0,Not Applicable,Not Applicable,No,Not Applicable,276,UPI,37,5.0,3.6
2024-07-17 13:10:00,CNR5652389235,Success,CID200430,Bike,Hulimavu,Chamarajpet,168.0,105.0,Not Applicable,Not Applicable,No,Not Applicable,387,UPI,5,3.6,4.0
2024-07-18 00:39:00,CNR7128017999,Canceled by Driver,CID249596,Mini,Majestic,Marathahalli,,,Not Applicable,Customer related issue,Not Applicable,Not Applicable,246,Not Applicable,0,,
2024-07-05 14:22:00,CNR8113669808,Driver Not Found,CID684791,eBike,HSR Layout,KR Puram,,,Not Applicable,Not Applicable,Not Applicable,Not Applicable,428,Not Applicable,0,,
2024-07-18 22:19:00,CNR9201166343,Success,CID566146,Mini,Yelahanka,Sahakar Nagar,308.0,70.0,Not Applicable,Not Applicable,No,Not Applicable,373,Credit Card,30,3.7,4.0
2024-07-22 05:34:00,CNR7354062836,Success,CID259741,Prime Plus,MG Road,Richmond Town,147.0,130.0,Not Applicable,Not Applicable,No,Not Applicable,694,Cash,7,3.4,4.3
2024-07-05 13:32:00,CNR6942997526,Canceled by Driver,CID628868,Mini,Magadi Road,Jayanagar,,,Not Applicable,Personal & Car related issue,Not Applicable,Not Applicable,418,Not Applicable,0,,
2024-07-12 13:55:00,CNR6666446101,Canceled by Customer,CID515730,eBike,MG Road,HSR Layout,,,AC is Not working,Not Applicable,Not Applicable,Not Applicable,752,Not Applicable,0,,
2024-07-14 08:52:00,CNR1701280527,Canceled by Customer,CID967074,Prime Sedan,KR Puram,Rajarajeshwari Nagar,,,Wrong Address,Not Applicable,Not Applicable,Not Applicable,418,Not Applicable,0,,
2024-07-21 20:31:00,CNR3955969926,Success,CID976962,Prime SUV,RT Nagar,Bannerghatta Road,182.0,110.0,Not Applicable,Not Applicable,No,Not Applicable,386,Cash,8,3.8,3.9
2024-07-07 09:40:00,CNR9688050473,Success,CID696083,Mini,Whitefield,Varthur,35.0,80.0,Not Applicable,Not Applicable,No,Not Applicable,964,Cash,5,4.3,4.0
2024-07-28 19:03:00,CNR2420864315,Success,CID768671,Mini,HSR Layout,Shantinagar,168.0,55.0,Not Applicable,Not Applicable,No,Not Applicable,169,Cash,3,4.9,4.0
2024-07-13 03:57:00,CNR6047094263,Driver Not Found,CID907490,Bike,Banashankari,Devanahalli,,,Not Applicable,Not Applicable,Not Applicable,Not Applicable,317,Not Applicable,0,,
2024-07-10 01:13:00,CNR3423900007,Success,CID469012,eBike,Frazer Town,Kadugodi,287.0,50.0,Not Applicable,Not Applicable,No,Not Applicable,302,Cash,20,3.6,3.5
2024-07-14 15:19:00,CNR4649666014,Success,CID631268,eBike,HSR Layout,Hebbal,217.0,120.0,Not Applicable,Not Applicable,No,Not Applicable,566,Cash,32,3.7,4.8
2024-07-06 06:02:00,CNR3777685165,Success,CID500376,Auto,Majestic,Koramangala,98.0,55.0,Not Applicable,Not Applicable,No,Not Applicable,149,UPI,6,4.9,4.7
2024-07-03 06:48:00,CNR4886238337,Success,CID973484,Prime SUV,Hosur Road,Vijayanagar,84.0,35.0,Not Applicable,Not Applicable,No,Not Applicable,2400,Cash,1,3.0,3.9
2024-07-17 20:22:00,CNR1292981118,Canceled by Driver,CID897140,Auto,Malleshwaram,Yelahanka,,,Not Applicable,More than permitted people in there,Not Applicable,Not Applicable,825,Not Applicable,0,,
2024-07-25 16:08:00,CNR2181751547,Canceled by Driver,CID512929,Mini,Electronic City,Rajajinagar,,,Not Applicable,Customer related issue,Not Applicable,Not Applicable,796,Not Applicable,0,,
2024-07-16 13:20:00,CNR5610075227,Canceled by Driver,CID284961,Prime SUV,Shantinagar,Ramamurthy Nagar,,,Not Applicable,Customer related issue,Not Applicable,Not Applicable,317,Not Applicable,0,,
2024-07-22 01:04:00,CNR7448120840,Success,CID521995,Prime SUV,Mysore Road,Kengeri,217.0,25.0,Not Applicable,Not Applicable,No,Not Applicable,1110,UPI,23,3.2,3.4
2024-07-03 06:40:00,CNR2049997146,Canceled by Driver,CID767684,Prime Plus,Yeshwanthpur,Kadugodi,,,Not Applicable,Customer related issue,Not Applicable,Not Applicable,301,Not Applicable,0,,
2024-07-03 02:46:00,CNR6447932750,Success,CID524479,Prime SUV,Basavanagudi,Hulimavu,273.0,115.0,Not Applicable,Not Applicable,Yes,Customer Demand,491,Cash,34,3.2,3.1
2024-07-02 05:16:00,CNR9392621192,Success,CID427509,Prime SUV,Devanahalli,Chickpet,119.0,105.0,Not Applicable,Not Applicable,No,Not Applicable,616,UPI,7,3.9,4.6
2024-07-01 20:56:00,CNR6800133621,Success,CID619595,Auto,Chickpet,Jayanagar,119.0,110.0,Not Applicable,Not Applicable,No,Not Applicable,726,Cash,18,4.3,3.7
2024-07-10 03:53:00,CNR7418202548,Canceled by Customer,CID199837,Mini,Sahakar Nagar,Yelahanka,,,Wrong Address,Not Applicable,Not Applicable,Not Applicable,139,Not Applicable,0,,
2024-07-16 14:05:00,CNR4094538811,Success,CID638877,Mini,Hosur Road,Nagarbhavi,98.0,60.0,Not Applicable,Not Applicable,No,Not Applicable,286,UPI,40,3.3,4.7
2024-07-28 13:00:00,CNR4799231708,Success,CID189833,Prime Sedan,Nagarbhavi,HSR Layout,238.0,140.0,Not Applicable,Not Applicable,No,Not Applicable,677,Cash,4,3.9,4.3
2024-07-23 07:15:00,CNR9297166823,Canceled by Driver,CID965523,Mini,Chamarajpet,Magadi Road,,,Not Applicable,Personal & Car related issue,Not Applicable,Not Applicable,633,Not Applicable,0,,
2024-07-11 21:39:00,CNR5335693140,Success,CID673219,Bike,Langford Town,Yeshwanthpur,168.0,110.0,Not Applicable,Not Applicable,No,Not Applicable,359,UPI,31,4.2,4.1
2024-07-01 15:13:00,CNR6198950477,Success,CID466916,eBike,Nagarbhavi,Malleshwaram,175.0,90.0,Not Applicable,Not Applicable,No,Not Applicable,415,UPI,27,3.7,3.9
2024-07-25 02:49:00,CNR2286690643,Success,CID561710,Auto,Vijayanagar,Electronic City,294.0,60.0,Not Applicable,Not Applicable,Yes,Other Issue,444,Cash,2,3.2,4.9
2024-07-28 08:09:00,CNR1567514225,Success,CID387387,Prime Sedan,Vijayanagar,Hosur Road,217.0,75.0,Not Applicable,Not Applicable,No,Not Applicable,414,Credit Card,14,3.9,5.0
2024-07-29 07:12:00,CNR7056433577,Canceled by Driver,CID181403,Prime SUV,Kadugodi,Marathahalli,,,Not Applicable,Customer related issue,Not Applicable,Not Applicable,288,Not Applicable,0,,
2024-07-11 16:57:00,CNR5840250604,Success,CID390022,Mini,Basavanagudi,Hulimavu,126.0,30.0,Not Applicable,Not Applicable,No,Not Applicable,224,Cash,36,4.2,4.4
2024-07-25 10:16:00,CNR9169693541,Canceled by Driver,CID462528,Mini,Koramangala,Richmond Town,,,Not Applicable,More than permitted people in there,Not Applicable,Not Applicable,206,Not Applicable,0,,
2024-07-24 22:27:00,CNR9630541124,Driver Not Found,CID568808,Prime Plus,JP Nagar,Bellandur,,,Not Applicable,Not Applicable,Not Applicable,Not Applicable,2501,Not Applicable,0,,
2024-07-18 07:44:00,CNR6182537417,Canceled by Customer,CID700779,Auto,Indiranagar,Ramamurthy Nagar,,,Driver is not moving towards pickup location,Not Applicable,Not Applicable,Not Applicable,130,Not Applicable,0,,
2024-07-23 17:11:00,CNR6734656413,Success,CID934937,Prime SUV,Whitefield,MG Road,140.0,35.0,Not Applicable,Not Applicable,No,Not Applicable,214,UPI,33,3.5,3.1
2024-07-17 06:32:00,CNR8984881837,Success,CID415857,Prime SUV,Malleshwaram,Ramamurthy Nagar,77.0,25.0,Not Applicable,Not Applicable,No,Not Applicable,374,Cash,35,4.7,3.7
2024-07-24 17:18:00,CNR1041822762,Success,CID528274,Mini,Electronic City,Whitefield,203.0,55.0,Not Applicable,Not Applicable,No,Not Applicable,457,UPI,32,4.2,4.6
2024-07-25 11:19:00,CNR5764756262,Success,CID484257,Bike,Banashankari,Varthur,224.0,70.0,Not Applicable,Not Applicable,No,Not Applicable,217,Cash,47,3.9,3.8
2024-07-22 01:14:00,CNR3690442237,Driver Not Found,CID269911,Bike,Sarjapur Road,Yeshwanthpur,,,Not Applicable,Not Applicable,Not Applicable,Not Applicable,362,Not Applicable,0,,
2024-07-11 18:50:00,CNR7073182743,Success,CID406201,Bike,Sarjapur Road,Kengeri,91.0,85.0,Not Applicable,Not Applicable,No,Not Applicable,850,Cash,12,4.3,4.4
2024-07-15 11:40:00,CNR7327054916,Success,CID531162,Prime SUV,Chamarajpet,Bannerghatta Road,301.0,50.0,Not Applicable,Not Applicable,No,Not Applicable,539,Cash,29,3.5,3.4
2024-07-15 15:26:00,CNR2285074235,Canceled by Driver,CID786949,Prime Plus,Hennur,KR Puram,,,Not Applicable,Customer related issue,Not Applicable,Not Applicable,135,Not Applicable,0,,
2024-07-01 17:18:00,CNR8460145942,Canceled by Customer,CID718948,Bike,Langford Town,Koramangala,,,Change of plans,Not Applicable,Not Applicable,Not Applicable,386,Not Applicable,0,,
2024-07-25 07:18:00,CNR4915036721,Canceled by Customer,CID614716,Bike,RT Nagar,Majestic,,,Wrong Address,Not Applicable,Not Applicable,Not Applicable,553,Not Applicable,0,,
2024-07-20 07:53:00,CNR2073693287,Success,CID442018,Mini,Sahakar Nagar,Tumkur Road,224.0,95.0,Not Applicable,Not Applicable,No,Not Applicable,2775,UPI,25,4.2,4.7
2024-07-09 07:43:00,CNR1222614169,Canceled by Driver,CID381956,Auto,HSR Layout,Hebbal,,,Not Applicable,Personal & Car related issue,Not Applicable,Not Applicable,368,Not Applicable,0,,
2024-07-04 12:13:00,CNR5951101856,Success,CID906503,Bike,Shivajinagar,Vijayanagar,217.0,130.0,Not Applicable,Not Applicable,No,Not Applicable,2776,UPI,18,3.1,3.9
2024-07-06 21:54:00,CNR1330476545,Success,CID236503,Prime Sedan,Sarjapur Road,Yelahanka,210.0,35.0,Not Applicable,Not Applicable,No,Not Applicable,429,UPI,6,4.0,3.9
2024-07-24 02:48:00,CNR8678300353,Success,CID613084,Prime Sedan,Hebbal,Hosur Road,203.0,125.0,Not Applicable,Not Applicable,No,Not Applicable,376,Cash,15,3.5,4.6
2024-07-20 17:08:00,CNR6878795969,Success,CID886814,Prime Plus,Sahakar Nagar,MG Road,252.0,90.0,Not Applicable,Not Applicable,No,Not Applicable,2707,Cash,41,3.0,4.9
2024-07-24 16:59:00,CNR1809756267,Success,CID700202,Auto,Banashankari,Yelahanka,140.0,65.0,Not Applicable,Not Applicable,No,Not Applicable,2861,Cash,5,4.3,4.7
2024-07-16 08:58:00,CNR3427923989,Success,CID709696,Bike,Hebbal,Kadugodi,35.0,140.0,Not Applicable,Not Applicable,No,Not Applicable,125,Credit Card,40,4.9,4.8
2024-07-08 02:10:00,CNR7694442067,Canceled by Customer,CID659801,Prime SUV,Padmanabhanagar,Tumkur Road,,,Change of plans,Not Applicable,Not Applicable,Not Applicable,381,Not Applicable,0,,
2024-07-05 23:10:00,CNR4395472710,Success,CID319908,eBike,Kadugodi,Banashankari,308.0,95.0,Not Applicable,Not Applicable,No,Not Applicable,105,Cash,19,4.2,3.5
2024-07-11 19:25:00,CNR8210349546,Canceled by Customer,CID193167,Prime Plus,Mysore Road,Frazer Town,,,Driver is not moving towards pickup location,Not Applicable,Not Applicable,Not Applicable,988,Not Applicable,0,,
2024-07-15 00:46:00,CNR4109059156,Canceled by Driver,CID959932,Prime Plus,Devanahalli,Nagarbhavi,,,Not Applicable,Customer was coughing/sick,Not Applicable,Not Applicable,415,Not Applicable,0,,
2024-07-01 07:58:00,CNR9096936954,Success,CID714075,Auto,Marathahalli,Devanahalli,301.0,50.0,Not Applicable,Not Applicable,No,Not Applicable,682,UPI,9,4.7,3.9
2024-07-30 10:14:00,CNR1729853890,Success,CID781268,Mini,Kadugodi,Rajajinagar,63.0,50.0,Not Applicable,Not Applicable,No,Not Applicable,910,Credit Card,23,3.8,4.9
2024-07-08 03:17:00,CNR5119097360,Success,CID482098,Bike,Indiranagar,Malleshwaram,84.0,60.0,Not Applicable,Not Applicable,No,Not Applicable,373,Cash,29,3.1,3.2
2024-07-11 14:24:00,CNR8208697940,Success,CID440671,Prime SUV,JP Nagar,Hosur Road,161.0,55.0,Not Applicable,Not Applicable,Yes,Customer Demand,494,Cash,40,3.1,4.4
2024-07-30 20:29:00,CNR5450120361,Canceled by Driver,CID731787,Mini,Electronic City,Indiranagar,,,Not Applicable,More than permitted people in there,Not Applicable,Not Applicable,850,Not Applicable,0,,
2024-07-17 10:56:00,CNR1933471426,Success,CID869831,Prime Sedan,Yeshwanthpur,Hosur Road,203.0,100.0,Not Applicable,Not Applicable,Yes,Customer Demand,127,Cash,31,3.2,4.9
2024-07-06 07:02:00,CNR9054647084,Success,CID564398,eBike,Marathahalli,Cox Town,287.0,65.0,Not Applicable,Not Applicable,No,Not Applicable,146,Cash,25,3.7,3.7
2024-07-15 07:45:00,CNR6877658660,Canceled by Driver,CID759123,Prime SUV,Hennur,Yelahanka,,,Not Applicable,More than permitted people in there,Not Applicable,Not Applicable,141,Not Applicable,0,,
2024-07-20 22:03:00,CNR3376393950,Success,CID299137,Bike,Marathahalli,Chamarajpet,231.0,30.0,Not Applicable,Not Applicable,No,Not Applicable,267,Cash,7,3.5,4.0
2024-07-16 08:18:00,CNR2357878857,Canceled by Driver,CID393216,Bike,Kammanahalli,MG Road,,,Not Applicable,Customer related issue,Not Applicable,Not Applicable,327,Not Applicable,0,,
2024-07-12 15:26:00,CNR5802189662,Success,CID938120,Prime SUV,BTM Layout,Rajajinagar,119.0,40.0,Not Applicable,Not Applicable,No,Not Applicable,649,Cash,12,4.1,4.6
2024-07-27 09:44:00,CNR3432246709,Canceled by Customer,CID827790,Auto,Magadi Road,Koramangala,,,Driver asked to cancel,Not Applicable,Not Applicable,Not Applicable,821,Not Applicable,0,,
2024-07-25 19:35:00,CNR6607627162,Success,CID918765,Prime SUV,Vijayanagar,Ramamurthy Nagar,154.0,135.0,Not Applicable,Not Applicable,Yes,Vehicle Breakdown,744,UPI,28,4.2,4.7
2024-07-27 13:25:00,CNR3883716367,Success,CID755294,Prime SUV,Nagarbhavi,KR Puram,70.0,120.0,Not Applicable,Not Applicable,No,Not Applicable,369,Cash,2,4.1,5.0
2024-07-28 07:08:00,CNR3408127841,Success,CID519961,Mini,Sahakar Nagar,Richmond Town,224.0,45.0,Not Applicable,Not Applicable,No,Not Applicable,212,UPI,5,4.2,4.1
2024-07-30 02:13:00,CNR2000404488,Success,CID721845,Prime Sedan,Marathahalli,Padmanabhanagar,112.0,80.0,Not Applicable,Not Applicable,No,Not Applicable,207,UPI,21,4.4,4.5
2024-07-12 13:10:00,CNR8576644423,Success,CID845053,Auto,Sahakar Nagar,Ulsoor,42.0,140.0,Not Applicable,Not Applicable,No,Not Applicable,804,Cash,17,3.8,4.9
2024-07-19 05:01:00,CNR6155543647,Success,CID345710,Bike,Tumkur Road,Padmanabhanagar,112.0,55.0,Not Applicable,Not Applicable,No,Not Applicable,158,UPI,36,3.2,3.8
2024-07-14 12:33:00,CNR7309892117,Success,CID265535,Prime Plus,Majestic,Electronic City,91.0,145.0,Not Applicable,Not Applicable,No,Not Applicable,229,UPI,35,4.0,3.0
2024-07-08 03:18:00,CNR9745260383,Success,CID162499,eBike,Magadi Road,Banashankari,105.0,85.0,Not Applicable,Not Applicable,No,Not Applicable,486,Cash,17,3.9,4.3
2024-07-06 15:38:00,CNR5880036146,Canceled by Driver,CID726941,Mini,Jayanagar,Devanahalli,,,Not Applicable,More than permitted people in there,Not Applicable,Not Applicable,248,Not Applicable,0,,
2024-07-18 14:56:00,CNR4267059902,Success,CID641048,Mini,Banashankari,Yelahanka,238.0,105.0,Not Applicable,Not Applicable,No,Not Applicable,945,UPI,34,3.1,3.5
2024-07-05 15:59:00,CNR6367813561,Success,CID574005,Mini,Varthur,Shivajinagar,119.0,100.0,Not Applicable,Not Applicable,No,Not Applicable,905,UPI,18,3.8,4.2
2024-07-18 08:43:00,CNR3940766529,Canceled by Customer,CID140942,Auto,Devanahalli,Banashankari,,,Driver asked to cancel,Not Applicable,Not Applicable,Not Applicable,469,Not Applicable,0,,
2024-07-28 23:35:00,CNR1269324477,Success,CID151091,Auto,Hennur,Yeshwanthpur,294.0,70.0,Not Applicable,Not Applicable,No,Not Applicable,349,Cash,13,4.0,3.9
2024-07-17 06:27:00,CNR4427461122,Success,CID600449,Prime Sedan,Kadugodi,Devanahalli,280.0,55.0,Not Applicable,Not Applicable,No,Not Applicable,401,UPI,39,3.5,4.7
2024-07-03 11:19:00,CNR2875344781,Success,CID452056,Mini,Koramangala,Magadi Road,273.0,125.0,Not Applicable,Not Applicable,No,Not Applicable,912,UPI,35,5.0,3.6
2024-07-01 23:02:00,CNR7111250492,Driver Not Found,CID860783,Prime Sedan,MG Road,Indiranagar,,,Not Applicable,Not Applicable,Not Applicable,Not Applicable,281,Not Applicable,0,,
2024-07-22 19:59:00,CNR2939794930,Success,CID547276,Auto,Langford Town,Whitefield,161.0,120.0,Not Applicable,Not Applicable,No,Not Applicable,186,UPI,19,3.5,3.9
2024-07-07 16:17:00,CNR4466106215,Canceled by Customer,CID287586,Prime Plus,JP Nagar,Mysore Road,,,Driver is not moving towards pickup location,Not Applicable,Not Applicable,Not Applicable,122,Not Applicable,0,,
2024-07-21 20:30:00,CNR5263145835,Success,CID947930,Prime Plus,RT Nagar,Shantinagar,252.0,125.0,Not Applicable,Not Applicable,No,Not Applicable,886,UPI,47,4.5,4.4
2024-07-03 11:13:00,CNR9773711638,Success,CID134249,Prime SUV,Malleshwaram,HSR Layout,189.0,120.0,Not Applicable,Not Applicable,No,Not Applicable,222,Cash,24,3.2,3.3
2024-07-10 14:34:00,CNR3401803704,Canceled by Driver,CID234497,Prime Sedan,Mysore Road,Malleshwaram,,,Not Applicable,Personal & Car related issue,Not Applicable,Not Applicable,198,Not Applicable,0,,
2024-07-02 15:26:00,CNR2352211777,Success,CID151316,Auto,Peenya,Langford Town,126.0,145.0,Not Applicable,Not Applicable,No,Not Applicable,2904,UPI,5,3.2,3.3
2024-07-26 16:54:00,CNR7266220447,Canceled by Driver,CID572600,Prime Plus,Shivajinagar,Mysore Road,,,Not Applicable,More than permitted people in there,Not Applicable,Not Applicable,927,Not Applicable,0,,
2024-07-05 01:48:00,CNR3362220064,Success,CID231081,Prime SUV,Ulsoor,Ulsoor,280.0,140.0,Not Applicable,Not Applicable,No,Not Applicable,429,UPI,48,4.3,4.9
2024-07-27 19:05:00,CNR4895422427,Canceled by Driver,CID173214,Prime Plus,Shantinagar,Ulsoor,,,Not Applicable,Personal & Car related issue,Not Applicable,Not Applicable,264,Not Applicable,0,,
2024-07-13 14:11:00,CNR3976358421,Driver Not Found,CID690791,Auto,Ulsoor,Hebbal,,,Not Applicable,Not Applicable,Not Applicable,Not Applicable,156,Not Applicable,0,,
2024-07-21 12:57:00,CNR7021076774,Canceled by Driver,CID979787,Prime Plus,Sarjapur Road,Padmanabhanagar,,,Not Applicable,Personal & Car related issue,Not Applicable,Not Applicable,525,Not Applicable,0,,
2024-07-02 12:27:00,CNR9883704197,Driver Not Found,CID717271,Mini,Shantinagar,Richmond Town,,,Not Applicable,Not Applicable,Not Applicable,Not Applicable,205,Not Applicable,0,,
2024-07-15 11:32:00,CNR1485907575,Canceled by Driver,CID536395,Auto,BTM Layout,Nagarbhavi,,,Not Applicable,Customer related issue,Not Applicable,Not Applicable,2870,Not Applicable,0,,
2024-07-06 23:28:00,CNR6466034641,Canceled by Driver,CID340202,eBike,Hennur,Tumkur Road,,,Not Applicable,Customer was coughing/sick,Not Applicable,Not Applicable,367,Not Applicable,0,,
2024-07-01 17:18:00,CNR6826925244,Canceled by Driver,CID513215,eBike,Banashankari,Hennur,,,Not Applicable,Customer related issue,Not Applicable,Not Applicable,305,Not Applicable,0,,
2024-07-29 08:44:00,CNR4078151715,Success,CID589908,Prime Plus,HSR Layout,Hosur Road,147.0,45.0,Not Applicable,Not Applicable,No,Not Applicable,2823,Cash,2,3.8,4.5
2024-07-27 03:01:00,CNR7860551582,Success,CID208420,Auto,Hebbal,Langford Town,98.0,30.0,Not Applicable,Not Applicable,No,Not Applicable,426,UPI,18,4.3,3.4
2024-07-02 02:06:00,CNR1146545076,Success,CID449597,Mini,Marathahalli,Cox Town,49.0,105.0,Not Applicable,Not Applicable,No,Not Applicable,374,Cash,14,4.1,4.3
2024-07-20 23:42:00,CNR6176936289,Success,CID484884,Bike,Bellandur,Frazer Town,210.0,115.0,Not Applicable,Not Applicable,No,Not Applicable,490,Cash,48,3.6,3.2
2024-07-01 23:26:00,CNR6001846151,Success,CID658344,eBike,Bannerghatta Road,Jayanagar,49.0,115.0,Not Applicable,Not Applicable,No,Not Applicable,161,UPI,27,3.5,3.3
2024-07-17 01:09:00,CNR1763263022,Success,CID359942,Auto,Devanahalli,Malleshwaram,133.0,55.0,Not Applicable,Not Applicable,No,Not Applicable,417,Cash,19,3.2,4.4
2024-07-06 12:51:00,CNR3815469140,Driver Not Found,CID555461,Bike,Bannerghatta Road,Kadugodi,,,Not Applicable,Not Applicable,Not Applicable,Not Applicable,312,Not Applicable,0,,
2024-07-28 08:54:00,CNR5996970470,Success,CID971498,Prime Sedan,Kengeri,Ramamurthy Nagar,287.0,40.0,Not Applicable,Not Applicable,No,Not Applicable,308,UPI,31,3.4,4.2
2024-07-14 23:13:00,CNR6227066541,Success,CID918538,Auto,Peenya,Sarjapur Road,287.0,75.0,Not Applicable,Not Applicable,No,Not Applicable,185,UPI,9,4.7,3.8
2024-07-29 02:31:00,CNR6874970008,Success,CID197305,Prime SUV,Ulsoor,HSR Layout,280.0,125.0,Not Applicable,Not Applicable,No,Not Applicable,428,Cash,44,4.2,3.2
2024-07-05 06:05:00,CNR2621604049,Canceled by Customer,CID452866,Prime Plus,Ulsoor,Mysore Road,,,Wrong Address,Not Applicable,Not Applicable,Not Applicable,329,Not Applicable,0,,
2024-07-23 08:49:00,CNR1397527343,Success,CID291893,Auto,Whitefield,RT Nagar,287.0,55.0,Not Applicable,Not Applicable,No,Not Applicable,235,Cash,16,3.5,4.9
2024-07-16 11:37:00,CNR2636503048,Success,CID624649,Mini,Cox Town,Hebbal,301.0,25.0,Not Applicable,Not Applicable,No,Not Applicable,396,Cash,10,4.0,4.5
2024-07-07 12:44:00,CNR8807616571,Success,CID815908,Auto,Nagarbhavi,Kadugodi,224.0,30.0,Not Applicable,Not Applicable,No,Not Applicable,902,UPI,16,4.7,4.2
2024-07-25 05:49:00,CNR6960154100,Success,CID358743,Mini,Kengeri,Ramamurthy Nagar,119.0,125.0,Not Applicable,Not Applicable,No,Not Applicable,426,Cash,10,3.8,5.0
2024-07-09 09:19:00,CNR2000118148,Success,CID720305,Prime Plus,Ramamurthy Nagar,Jayanagar,231.0,70.0,Not Applicable,Not Applicable,No,Not Applicable,109,UPI,4,3.0,3.8
2024-07-01 13:36:00,CNR6035611037,Success,CID704781,Auto,Tumkur Road,Hebbal,147.0,80.0,Not Applicable,Not Applicable,No,Not Applicable,251,Cash,12,3.7,4.0
2024-07-10 22:24:00,CNR5644764724,Success,CID923024,Mini,Hebbal,Banashankari,63.0,60.0,Not Applicable,Not Applicable,No,Not Applicable,468,UPI,17,3.7,3.2
2024-07-21 00:34:00,CNR6349284226,Success,CID642354,Mini,Peenya,Hebbal,119.0,85.0,Not Applicable,Not Applicable,No,Not Applicable,667,UPI,43,3.6,4.9
2024-07-12 08:20:00,CNR4736823720,Success,CID530837,eBike,Bannerghatta Road,Shivajinagar,119.0,125.0,Not Applicable,Not Applicable,No,Not Applicable,311,UPI,17,4.2,4.4
2024-07-03 15:31:00,CNR8692039958,Success,CID675147,Mini,Shivajinagar,Whitefield,308.0,125.0,Not Applicable,Not Applicable,No,Not Applicable,462,Cash,27,3.5,3.4
2024-07-09 00:35:00,CNR4157042713,Canceled by Driver,CID438038,Prime Plus,Koramangala,Ulsoor,,,Not Applicable,Personal & Car related issue,Not Applicable,Not Applicable,456,Not Applicable,0,,
2024-07-22 16:11:00,CNR6392989136,Success,CID269671,eBike,Majestic,Hebbal,119.0,50.0,Not Applicable,Not Applicable,No,Not Applicable,152,Cash,29,4.5,4.0
2024-07-26 15:57:00,CNR5019743764,Canceled by Driver,CID789390,Auto,Peenya,Frazer Town,,,Not Applicable,Customer related issue,Not Applicable,Not Applicable,410,Not Applicable,0,,
2024-07-27 21:15:00,CNR1420459035,Success,CID266147,Auto,Yelahanka,Whitefield,266.0,100.0,Not Applicable,Not Applicable,No,Not Applicable,110,Cash,2,3.7,3.9
2024-07-14 03:02:00,CNR2702280799,Success,CID306864,Mini,Richmond Town,Rajajinagar,203.0,25.0,Not Applicable,Not Applicable,No,Not Applicable,321,Cash,39,4.9,4.1
2024-07-26 21:45:00,CNR3668795226,Driver Not Found,CID834033,Prime SUV,BTM Layout,Kadugodi,,,Not Applicable,Not Applicable,Not Applicable,Not Applicable,473,Not Applicable,0,,
2024-07-10 10:38:00,CNR1496629779,Canceled by Customer,CID509162,Auto,Rajarajeshwari Nagar,Nagarbhavi,,,Driver asked to cancel,Not Applicable,Not Applicable,Not Applicable,250,Not Applicable,0,,
2024-07-20 19:49:00,CNR6329618200,Driver Not Found,CID812909,Prime Plus,Bannerghatta Road,Varthur,,,Not Applicable,Not Applicable,Not Applicable,Not Applicable,746,Not Applicable,0,,
2024-07-20 15:42:00,CNR3623731541,Success,CID110964,Prime Plus,RT Nagar,Hulimavu,168.0,70.0,Not Applicable,Not Applicable,No,Not Applicable,888,UPI,31,3.6,4.1
2024-07-11 06:34:00,CNR6307195539,Success,CID585122,Mini,Peenya,RT Nagar,273.0,30.0,Not Applicable,Not Applicable,No,Not Applicable,248,UPI,1,4.2,4.4
2024-07-01 18:27:00,CNR9822120619,Success,CID202897,Bike,Richmond Town,Hosur Road,252.0,120.0,Not Applicable,Not Applicable,No,Not Applicable,2644,Cash,46,3.1,3.9
2024-07-01 14:44:00,CNR7748659965,Success,CID879575,Auto,Hulimavu,Cox Town,42.0,25.0,Not Applicable,Not Applicable,No,Not Applicable,159,Cash,6,3.9,3.6
2024-07-14 07:40:00,CNR2102875396,Success,CID676872,Auto,Bellandur,Hosur Road,301.0,40.0,Not Applicable,Not Applicable,No,Not Applicable,283,UPI,4,4.5,4.6
2024-07-30 08:09:00,CNR8080179808,Success,CID158477,Auto,Chamarajpet,Hosur Road,217.0,40.0,Not Applicable,Not Applicable,No,Not Applicable,139,Cash,9,4.0,4.9
2024-07-25 10:26:00,CNR1268387916,Success,CID594599,eBike,JP Nagar,Hosur Road,287.0,140.0,Not Applicable,Not Applicable,No,Not Applicable,116,Cash,15,4.9,4.7
2024-07-26 02:53:00,CNR4264008241,Success,CID955617,Prime SUV,Ulsoor,Vijayanagar,196.0,60.0,Not Applicable,Not Applicable,No,Not Applicable,426,UPI,26,4.5,3.4
2024-07-14 19:50:00,CNR2105377184,Driver Not Found,CID383696,Auto,Basavanagudi,Indiranagar,,,Not Applicable,Not Applicable,Not Applicable,Not Applicable,442,Not Applicable,0,,
2024-07-25 16:52:00,CNR4550233703,Success,CID667992,Prime SUV,Jayanagar,JP Nagar,224.0,50.0,Not Applicable,Not Applicable,Yes,Vehicle Breakdown,1059,UPI,10,5.0,3.4
2024-07-05 18:27:00,CNR9109682699,Success,CID436282,Auto,Padmanabhanagar,Kadugodi,70.0,30.0,Not Applicable,Not Applicable,No,Not Applicable,237,Cash,16,3.6,4.7
2024-07-09 02:00:00,CNR7791924755,Canceled by Driver,CID826138,Bike,Rajajinagar,Langford Town,,,Not Applicable,Personal & Car related issue,Not Applicable,Not Applicable,151,Not Applicable,0,,
2024-07-08 01:52:00,CNR1735800737,Success,CID775536,Bike,Rajajinagar,JP Nagar,210.0,135.0,Not Applicable,Not Applicable,No,Not Applicable,226,UPI,32,4.1,3.8
2024-07-11 08:30:00,CNR5784524544,Success,CID923950,Mini,Chamarajpet,Sahakar Nagar,203.0,70.0,Not Applicable,Not Applicable,No,Not Applicable,962,UPI,35,4.6,4.5
2024-07-09 23:41:00,CNR1031257685,Success,CID853854,Mini,Hennur,Vijayanagar,154.0,45.0,Not Applicable,Not Applicable,No,Not Applicable,413,UPI,10,3.1,4.3
2024-07-21 03:14:00,CNR8068488020,Success,CID701103,Mini,BTM Layout,KR Puram,119.0,65.0,Not Applicable,Not Applicable,No,Not Applicable,199,Cash,36,3.3,4.8
2024-07-13 13:06:00,CNR3454227835,Canceled by Customer,CID571753,Prime Sedan,KR Puram,MG Road,,,Wrong Address,Not Applicable,Not Applicable,Not Applicable,408,Not Applicable,0,,
2024-07-01 10:26:00,CNR7011971300,Success,CID908306,Prime SUV,Basavanagudi,Nagarbhavi,112.0,120.0,Not Applicable,Not Applicable,No,Not Applicable,195,UPI,42,4.9,3.1
2024-07-19 05:15:00,CNR5843299079,Success,CID258637,Prime Plus,Jayanagar,Sahakar Nagar,119.0,75.0,Not Applicable,Not Applicable,No,Not Applicable,231,UPI,10,4.0,4.1
2024-07-19 09:04:00,CNR4010231552,Success,CID678653,eBike,Hennur,BTM Layout,133.0,145.0,Not Applicable,Not Applicable,No,Not Applicable,659,UPI,15,4.9,4.1
2024-07-29 03:26:00,CNR7167335547,Success,CID667064,Prime SUV,Rajarajeshwari Nagar,Devanahalli,98.0,100.0,Not Applicable,Not Applicable,No,Not Applicable,672,Cash,44,3.9,4.7
2024-07-05 21:35:00,CNR7166899021,Success,CID921391,Mini,Marathahalli,Chamarajpet,35.0,145.0,Not Applicable,Not Applicable,No,Not Applicable,262,Cash,3,3.2,4.6
2024-07-08 05:51:00,CNR7465067423,Success,CID605467,Bike,Ramamurthy Nagar,Hebbal,56.0,100.0,Not Applicable,Not Applicable,No,Not Applicable,237,UPI,34,3.0,4.2
2024-07-25 02:43:00,CNR2357756015,Success,CID800312,Prime Plus,Hosur Road,Hennur,154.0,90.0,Not Applicable,Not Applicable,No,Not Applicable,237,Cash,7,3.7,3.2
2024-07-23 23:44:00,CNR9862218943,Canceled by Customer,CID177038,Prime Sedan,Indiranagar,Hulimavu,,,Driver is not moving towards pickup location,Not Applicable,Not Applicable,Not Applicable,355,Not Applicable,0,,
2024-07-06 17:48:00,CNR6658354690,Driver Not Found,CID650193,Mini,Banashankari,Varthur,,,Not Applicable,Not Applicable,Not Applicable,Not Applicable,498,Not Applicable,0,,
2024-07-19 14:25:00,CNR4032989443,Success,CID426922,Auto,Hulimavu,Langford Town,140.0,145.0,Not Applicable,Not Applicable,No,Not Applicable,102,Cash,16,3.6,4.9
2024-07-04 13:03:00,CNR9675149981,Canceled by Driver,CID584437,eBike,Chamarajpet,Richmond Town,,,Not Applicable,Customer was coughing/sick,Not Applicable,Not Applicable,450,Not Applicable,0,,
2024-07-28 18:06:00,CNR4764727548,Success,CID838520,Prime Plus,Mysore Road,Banashankari,126.0,145.0,Not Applicable,Not Applicable,No,Not Applicable,706,Cash,8,4.0,3.5
2024-07-17 17:26:00,CNR9586187947,Success,CID397334,Prime SUV,Ulsoor,Chickpet,245.0,100.0,Not Applicable,Not Applicable,No,Not Applicable,169,UPI,30,4.1,3.3
2024-07-24 00:17:00,CNR4917792374,Success,CID243903,Auto,Ulsoor,Ramamurthy Nagar,217.0,85.0,Not Applicable,Not Applicable,No,Not Applicable,170,Cash,14,5.0,4.9
2024-07-12 16:31:00,CNR6417269685,Success,CID606183,Prime SUV,Padmanabhanagar,Yelahanka,217.0,135.0,Not Applicable,Not Applicable,No,Not Applicable,586,UPI,26,4.1,3.7
2024-07-11 21:01:00,CNR3468629799,Success,CID159226,Prime SUV,Hulimavu,Vijayanagar,238.0,140.0,Not Applicable,Not Applicable,No,Not Applicable,316,UPI,15,3.9,3.9
2024-07-25 01:09:00,CNR1300295535,Canceled by Driver,CID858937,Auto,Mysore Road,KR Puram,,,Not Applicable,Personal & Car related issue,Not Applicable,Not Applicable,120,Not Applicable,0,,
2024-07-10 16:23:00,CNR5217765775,Success,CID420918,Prime Sedan,Banashankari,Kammanahalli,245.0,30.0,Not Applicable,Not Applicable,No,Not Applicable,1505,UPI,25,4.7,4.3
2024-07-16 18:09:00,CNR2391588146,Success,CID567376,Prime Plus,Magadi Road,Shivajinagar,280.0,35.0,Not Applicable,Not Applicable,No,Not Applicable,210,UPI,12,3.0,4.2
2024-07-27 19:47:00,CNR1824666474,Success,CID215500,Prime Sedan,Rajajinagar,Sarjapur Road,182.0,140.0,Not Applicable,Not Applicable,No,Not Applicable,254,Cash,43,3.1,3.9
2024-07-24 11:44:00,CNR5532067459,Success,CID283222,Mini,HSR Layout,Koramangala,280.0,85.0,Not Applicable,Not Applicable,No,Not Applicable,142,Cash,39,4.7,3.5
2024-07-12 12:01:00,CNR5378334959,Canceled by Driver,CID286382,Bike,Bellandur,Chamarajpet,,,Not Applicable,More than permitted people in there,Not Applicable,Not Applicable,421,Not Applicable,0,,
2024-07-29 04:18:00,CNR2036034830,Canceled by Driver,CID730058,eBike,Ulsoor,Shivajinagar,,,Not Applicable,Customer related issue,Not Applicable,Not Applicable,1438,Not Applicable,0,,
2024-07-29 23:10:00,CNR1947808879,Canceled by Driver,CID311811,Prime SUV,KR Puram,Frazer Town,,,Not Applicable,Customer related issue,Not Applicable,Not Applicable,233,Not Applicable,0,,
2024-07-30 13:45:00,CNR7119854630,Canceled by Driver,CID798407,eBike,Electronic City,Yeshwanthpur,,,Not Applicable,Personal & Car related issue,Not Applicable,Not Applicable,1287,Not Applicable,0,,
2024-07-01 20:04:00,CNR2930016677,Driver Not Found,CID164319,Bike,Yeshwanthpur,Banashankari,,,Not Applicable,Not Applicable,Not Applicable,Not Applicable,706,Not Applicable,0,,
2024-07-05 04:21:00,CNR5460800572,Success,CID378250,Bike,Kengeri,Yeshwanthpur,42.0,45.0,Not Applicable,Not Applicable,No,Not Applicable,2102,UPI,29,3.6,4.4
2024-07-12 11:08:00,CNR7680139832,Success,CID497233,eBike,Kengeri,Rajarajeshwari Nagar,294.0,75.0,Not Applicable,Not Applicable,No,Not Applicable,144,Cash,32,3.9,4.3
2024-07-30 15:36:00,CNR7883038108,Success,CID380865,Auto,Bannerghatta Road,Kadugodi,189.0,50.0,Not Applicable,Not Applicable,No,Not Applicable,123,UPI,19,3.8,4.4
2024-07-02 14:42:00,CNR9411437278,Canceled by Driver,CID927314,Bike,Hebbal,Rajajinagar,,,Not Applicable,More than permitted people in there,Not Applicable,Not Applicable,330,Not Applicable,0,,
2024-07-20 18:56:00,CNR5697940971,Canceled by Driver,CID617895,Auto,Hulimavu,Cox Town,,,Not Applicable,Customer was coughing/sick,Not Applicable,Not Applicable,273,Not Applicable,0,,
2024-07-20 23:55:00,CNR8692513634,Canceled by Customer,CID821167,Prime SUV,Devanahalli,Koramangala,,,Driver is not moving towards pickup location,Not Applicable,Not Applicable,Not Applicable,713,Not Applicable,0,,
2024-07-26 22:56:00,CNR1705563990,Success,CID502968,Prime Sedan,Mysore Road,Hosur Road,105.0,45.0,Not Applicable,Not Applicable,No,Not Applicable,435,UPI,47,3.6,4.8
2024-07-27 01:03:00,CNR8723544121,Canceled by Driver,CID580335,Mini,Mysore Road,Kadugodi,,,Not Applicable,More than permitted people in there,Not Applicable,Not Applicable,2668,Not Applicable,0,,
2024-07-01 15:06:00,CNR5439840009,Canceled by Customer,CID722072,Auto,Rajajinagar,Yelahanka,,,Change of plans,Not Applicable,Not Applicable,Not Applicable,188,Not Applicable,0,,
2024-07-13 22:24:00,CNR8966847842,Success,CID660294,eBike,Sarjapur Road,Langford Town,91.0,115.0,Not Applicable,Not Applicable,No,Not Applicable,466,Cash,26,4.5,3.9
2024-07-12 19:07:00,CNR4162034499,Canceled by Driver,CID324001,Auto,Ramamurthy Nagar,Nagarbhavi,,,Not Applicable,Customer related issue,Not Applicable,Not Applicable,394,Not Applicable,0,,
2024-07-12 13:37:00,CNR6933856513,Success,CID191979,Prime Plus,Hebbal,Sarjapur Road,119.0,145.0,Not Applicable,Not Applicable,No,Not Applicable,207,Cash,13,3.8,4.7
2024-07-04 12:06:00,CNR2254463082,Success,CID153008,Mini,Majestic,Vijayanagar,35.0,90.0,Not Applicable,Not Applicable,No,Not Applicable,205,Cash,3,4.2,4.4
2024-07-03 17:45:00,CNR9226270083,Canceled by Driver,CID376246,Prime Sedan,Hennur,Yeshwanthpur,,,Not Applicable,Customer was coughing/sick,Not Applicable,Not Applicable,170,Not Applicable,0,,
2024-07-28 12:17:00,CNR9033250646,Success,CID373209,Prime Sedan,Devanahalli,Marathahalli,119.0,125.0,Not Applicable,Not Applicable,No,Not Applicable,673,Cash,4,3.4,4.6
2024-07-26 10:31:00,CNR1165671727,Canceled by Driver,CID631210,Mini,Hebbal,Bellandur,,,Not Applicable,Customer was coughing/sick,Not Applicable,Not Applicable,480,Not Applicable,0,,
2024-07-29 00:20:00,CNR7010411933,Canceled by Driver,CID197946,Auto,Padmanabhanagar,Malleshwaram,,,Not Applicable,Personal & Car related issue,Not Applicable,Not Applicable,455,Not Applicable,0,,
2024-07-09 12:50:00,CNR4518652465,Success,CID203639,Mini,Koramangala,Hosur Road,70.0,75.0,Not Applicable,Not Applicable,Yes,Customer Demand,470,Cash,44,3.7,4.3
2024-07-05 04:01:00,CNR1351965548,Success,CID874892,eBike,Hebbal,Whitefield,203.0,25.0,Not Applicable,Not Applicable,No,Not Applicable,280,Cash,25,4.4,3.4
2024-07-30 10:56:00,CNR1602378672,Canceled by Customer,CID383736,Prime Plus,Ramamurthy Nagar,JP Nagar,,,Driver is not moving towards pickup location,Not Applicable,Not Applicable,Not Applicable,172,Not Applicable,0,,
2024-07-08 22:52:00,CNR4422646627,Canceled by Customer,CID814613,Prime SUV,Whitefield,Hosur Road,,,Change of plans,Not Applicable,Not Applicable,Not Applicable,225,Not Applicable,0,,
2024-07-12 20:03:00,CNR5464374936,Canceled by Driver,CID143228,Prime Sedan,Langford Town,Shivajinagar,,,Not Applicable,Customer related issue,Not Applicable,Not Applicable,253,Not Applicable,0,,
2024-07-21 08:48:00,CNR3215225537,Canceled by Driver,CID769174,Prime Plus,RT Nagar,Rajajinagar,,,Not Applicable,More than permitted people in there,Not Applicable,Not Applicable,158,Not Applicable,0,,
2024-07-26 13:07:00,CNR1720153163,Canceled by Driver,CID915972,Mini,Hennur,Ramamurthy Nagar,,,Not Applicable,More than permitted people in there,Not Applicable,Not Applicable,217,Not Applicable,0,,
2024-07-18 08:01:00,CNR7564422132,Success,CID842352,Prime SUV,Bannerghatta Road,Malleshwaram,119.0,110.0,Not Applicable,Not Applicable,No,Not Applicable,1932,Cash,11,3.9,3.8
2024-07-23 04:04:00,CNR3800749944,Canceled by Driver,CID989957,Auto,JP Nagar,Banashankari,,,Not Applicable,Customer related issue,Not Applicable,Not Applicable,211,Not Applicable,0,,
2024-07-04 13:03:00,CNR2529642557,Success,CID799462,Prime Sedan,Peenya,Nagarbhavi,42.0,95.0,Not Applicable,Not Applicable,No,Not Applicable,936,UPI,13,3.4,4.3
2024-07-30 02:15:00,CNR9117989449,Success,CID407684,Auto,Yeshwanthpur,Rajarajeshwari Nagar,112.0,85.0,Not Applicable,Not Applicable,No,Not Applicable,924,UPI,15,3.6,3.6
2024-07-16 07:26:00,CNR1850927281,Success,CID419086,Bike,Langford Town,Chamarajpet,161.0,100.0,Not Applicable,Not Applicable,Yes,Vehicle Breakdown,229,Cash,5,3.6,4.7
2024-07-07 08:37:00,CNR2116643670,Success,CID983075,Prime Plus,Devanahalli,Richmond Town,35.0,90.0,Not Applicable,Not Applicable,No,Not Applicable,243,Cash,27,3.3,3.1
2024-07-27 12:13:00,CNR9772426019,Canceled by Driver,CID548391,Auto,MG Road,Bannerghatta Road,,,Not Applicable,Personal & Car related issue,Not Applicable,Not Applicable,929,Not Applicable,0,,
2024-07-06 04:57:00,CNR5857113809,Canceled by Customer,CID359334,Prime SUV,Nagarbhavi,Peenya,,,Wrong Address,Not Applicable,Not Applicable,Not Applicable,438,Not Applicable,0,,
2024-07-01 06:21:00,CNR2936844095,Success,CID775178,Mini,Vijayanagar,Sarjapur Road,294.0,140.0,Not Applicable,Not Applicable,No,Not Applicable,299,Cash,41,4.6,4.0
2024-07-04 16:07:00,CNR7225667787,Success,CID700230,Prime SUV,Electronic City,Richmond Town,168.0,75.0,Not Applicable,Not Applicable,No,Not Applicable,266,Cash,2,3.7,3.1
2024-07-03 16:40:00,CNR6519248817,Canceled by Driver,CID581043,Prime SUV,Cox Town,Yeshwanthpur,,,Not Applicable,Personal & Car related issue,Not Applicable,Not Applicable,136,Not Applicable,0,,
2024-07-17 16:45:00,CNR6145682712,Success,CID805784,Auto,Bannerghatta Road,Langford Town,63.0,45.0,Not Applicable,Not Applicable,Yes,Vehicle Breakdown,397,UPI,19,3.1,4.7
2024-07-14 22:31:00,CNR4801446009,Driver Not Found,CID757502,eBike,Sahakar Nagar,Sahakar Nagar,,,Not Applicable,Not Applicable,Not Applicable,Not Applicable,991,Not Applicable,0,,
2024-07-19 14:22:00,CNR6645438145,Success,CID569117,eBike,Marathahalli,Hulimavu,224.0,80.0,Not Applicable,Not Applicable,No,Not Applicable,1553,Cash,10,3.1,3.1
2024-07-18 15:27:00,CNR7514924033,Canceled by Driver,CID860663,Prime Plus,Hebbal,Vijayanagar,,,Not Applicable,Customer related issue,Not Applicable,Not Applicable,827,Not Applicable,0,,
2024-07-28 05:45:00,CNR4759699275,Success,CID439536,Prime Sedan,Chickpet,Hebbal,245.0,35.0,Not Applicable,Not Applicable,No,Not Applicable,475,Cash,24,4.4,3.7
2024-07-03 02:30:00,CNR2228376642,Success,CID642200,Mini,Kammanahalli,Basavanagudi,217.0,40.0,Not Applicable,Not Applicable,No,Not Applicable,158,UPI,38,3.7,4.7
2024-07-23 19:05:00,CNR9069038648,Success,CID389610,Prime SUV,Majestic,Mysore Road,119.0,60.0,Not Applicable,Not Applicable,No,Not Applicable,403,Cash,22,3.4,3.1
2024-07-28 20:59:00,CNR9941983208,Driver Not Found,CID946052,Prime Sedan,RT Nagar,Bannerghatta Road,,,Not Applicable,Not Applicable,Not Applicable,Not Applicable,386,Not Applicable,0,,
2024-07-29 19:08:00,CNR1279256363,Canceled by Driver,CID878567,Bike,Padmanabhanagar,Hebbal,,,Not Applicable,Personal & Car related issue,Not Applicable,Not Applicable,282,Not Applicable,0,,
2024-07-19 21:41:00,CNR7159173845,Success,CID915191,Auto,Ulsoor,Kadugodi,35.0,45.0,Not Applicable,Not Applicable,No,Not Applicable,2324,Cash,2,4.1,3.0
2024-07-26 09:15:00,CNR8539812360,Success,CID480532,Prime SUV,Malleshwaram,Yeshwanthpur,287.0,30.0,Not Applicable,Not Applicable,Yes,Vehicle Breakdown,106,Cash,7,5.0,3.1
2024-07-09 13:20:00,CNR7310909782,Success,CID903384,Prime Sedan,Banashankari,Hebbal,147.0,30.0,Not Applicable,Not Applicable,No,Not Applicable,239,Cash,35,4.5,3.7
2024-07-27 15:09:00,CNR5777385359,Success,CID965923,Auto,JP Nagar,Sarjapur Road,189.0,100.0,Not Applicable,Not Applicable,No,Not Applicable,418,UPI,18,4.3,4.6
2024-07-27 05:37:00,CNR6213909415,Success,CID810683,Mini,Vijayanagar,KR Puram,294.0,135.0,Not Applicable,Not Applicable,No,Not Applicable,851,Cash,37,4.6,4.5
2024-07-21 22:19:00,CNR2247752751,Success,CID950611,Bike,HSR Layout,Malleshwaram,56.0,90.0,Not Applicable,Not Applicable,No,Not Applicable,278,UPI,31,3.9,4.7
2024-07-28 02:52:00,CNR5208281617,Success,CID854099,Prime Plus,HSR Layout,Vijayanagar,91.0,55.0,Not Applicable,Not Applicable,No,Not Applicable,2246,UPI,9,3.7,3.8
2024-07-29 00:38:00,CNR8101900396,Canceled by Driver,CID297689,Bike,Hennur,Ramamurthy Nagar,,,Not Applicable,More than permitted people in there,Not Applicable,Not Applicable,1768,Not Applicable,0,,
2024-07-12 08:02:00,CNR5321984538,Canceled by Customer,CID747499,Prime Plus,Kadugodi,HSR Layout,,,Driver is not moving towards pickup location,Not Applicable,Not Applicable,Not Applicable,426,Not Applicable,0,,
2024-07-22 15:10:00,CNR6888705084,Success,CID399102,Prime Plus,RT Nagar,Indiranagar,84.0,30.0,Not Applicable,Not Applicable,No,Not Applicable,480,UPI,10,4.3,4.1
2024-07-04 05:01:00,CNR3484754572,Canceled by Driver,CID543671,Mini,Tumkur Road,Magadi Road,,,Not Applicable,Personal & Car related issue,Not Applicable,Not Applicable,205,Not Applicable,0,,
2024-07-10 14:19:00,CNR5234561349,Success,CID501115,Prime Sedan,Ramamurthy Nagar,Vijayanagar,217.0,75.0,Not Applicable,Not Applicable,Yes,Vehicle Breakdown,989,Cash,28,3.0,4.1
2024-07-13 05:26:00,CNR1483022168,Success,CID877198,Prime Sedan,Jayanagar,Jayanagar,182.0,125.0,Not Applicable,Not Applicable,No,Not Applicable,130,Cash,26,4.1,4.2
2024-07-14 11:31:00,CNR9354876626,Success,CID946165,Prime Plus,Padmanabhanagar,Hulimavu,175.0,70.0,Not Applicable,Not Applicable,No,Not Applicable,454,Cash,22,3.8,4.0
2024-07-24 09:30:00,CNR9768841363,Success,CID475660,Prime SUV,Ramamurthy Nagar,Marathahalli,63.0,85.0,Not Applicable,Not Applicable,No,Not Applicable,152,UPI,38,3.7,4.8
2024-07-25 19:17:00,CNR1769305939,Success,CID834143,Bike,MG Road,Varthur,259.0,45.0,Not Applicable,Not Applicable,No,Not Applicable,123,Cash,35,4.7,4.0
2024-07-04 19:59:00,CNR4564524625,Success,CID266824,Prime SUV,Yeshwanthpur,Kadugodi,231.0,40.0,Not Applicable,Not Applicable,Yes,Other Issue,296,Cash,33,4.9,4.9
2024-07-26 09:36:00,CNR3772505830,Canceled by Customer,CID292561,Auto,Bellandur,Peenya,,,Change of plans,Not Applicable,Not Applicable,Not Applicable,209,Not Applicable,0,,
2024-07-21 17:49:00,CNR7718517143,Driver Not Found,CID610933,Prime SUV,Rajajinagar,HSR Layout,,,Not Applicable,Not Applicable,Not Applicable,Not Applicable,273,Not Applicable,0,,
2024-07-22 20:01:00,CNR1799832487,Success,CID366414,Mini,Ramamurthy Nagar,Rajajinagar,133.0,25.0,Not Applicable,Not Applicable,No,Not Applicable,661,UPI,9,4.6,3.3
2024-07-09 19:21:00,CNR3007967039,Success,CID907454,Auto,Koramangala,Cox Town,280.0,65.0,Not Applicable,Not Applicable,No,Not Applicable,431,UPI,5,4.8,3.3
2024-07-10 11:47:00,CNR7044489888,Canceled by Driver,CID210128,Prime SUV,Langford Town,Sarjapur Road,,,Not Applicable,Customer related issue,Not Applicable,Not Applicable,220,Not Applicable,0,,
2024-07-23 16:25:00,CNR3403150814,Success,CID447681,Mini,Nagarbhavi,Ulsoor,126.0,80.0,Not Applicable,Not Applicable,No,Not Applicable,2471,UPI,35,3.5,3.8
2024-07-06 14:26:00,CNR2285632079,Canceled by Driver,CID368433,Auto,Langford Town,Shantinagar,,,Not Applicable,Customer was coughing/sick,Not Applicable,Not Applicable,295,Not Applicable,0,,
2024-07-26 16:38:00,CNR6492211460,Success,CID376930,Prime Plus,Peenya,Rajarajeshwari Nagar,210.0,135.0,Not Applicable,Not Applicable,No,Not Applicable,701,Cash,35,4.9,3.3
2024-07-21 11:34:00,CNR7603051340,Canceled by Driver,CID636518,Prime SUV,Chickpet,Kadugodi,,,Not Applicable,Personal & Car related issue,Not Applicable,Not Applicable,463,Not Applicable,0,,
2024-07-20 20:57:00,CNR9908048887,Canceled by Customer,CID627416,eBike,Kammanahalli,BTM Layout,,,Driver is not moving towards pickup location,Not Applicable,Not Applicable,Not Applicable,186,Not Applicable,0,,
2024-07-12 02:56:00,CNR8975279967,Canceled by Driver,CID133591,Prime Sedan,Marathahalli,Kengeri,,,Not Applicable,Customer was coughing/sick,Not Applicable,Not Applicable,126,Not Applicable,0,,
2024-07-06 08:56:00,CNR3924813794,Driver Not Found,CID238823,Prime Sedan,Shantinagar,KR Puram,,,Not Applicable,Not Applicable,Not Applicable,Not Applicable,405,Not Applicable,0,,
2024-07-27 23:23:00,CNR9215357526,Success,CID612466,Mini,Malleshwaram,Cox Town,98.0,130.0,Not Applicable,Not Applicable,No,Not Applicable,821,Cash,14,4.0,4.2
2024-07-07 00:13:00,CNR9117839855,Canceled by Driver,CID541659,eBike,Tumkur Road,MG Road,,,Not Applicable,Personal & Car related issue,Not Applicable,Not Applicable,879,Not Applicable,0,,
2024-07-10 22:29:00,CNR2538093987,Success,CID813433,eBike,JP Nagar,Banashankari,182.0,45.0,Not Applicable,Not Applicable,No,Not Applicable,384,UPI,13,3.3,3.6
2024-07-07 11:53:00,CNR6132354146,Success,CID515115,Auto,Malleshwaram,Hennur,175.0,70.0,Not Applicable,Not Applicable,No,Not Applicable,481,Cash,10,4.4,4.4
2024-07-14 12:27:00,CNR2249262690,Canceled by Customer,CID922311,Mini,Hulimavu,Electronic City,,,Driver asked to cancel,Not Applicable,Not Applicable,Not Applicable,457,Not Applicable,0,,
2024-07-24 07:47:00,CNR8028890542,Success,CID141092,Mini,JP Nagar,Marathahalli,49.0,100.0,Not Applicable,Not Applicable,Yes,Vehicle Breakdown,2352,Cash,8,4.0,4.8
2024-07-22 00:48:00,CNR3366386995,Canceled by Driver,CID155356,Prime Plus,Jayanagar,Koramangala,,,Not Applicable,Personal & Car related issue,Not Applicable,Not Applicable,259,Not Applicable,0,,
2024-07-29 10:54:00,CNR7022570228,Success,CID705905,Prime Plus,Langford Town,Bellandur,63.0,75.0,Not Applicable,Not Applicable,No,Not Applicable,308,UPI,29,3.3,4.8
2024-07-30 17:00:00,CNR4509081775,Success,CID179064,Bike,Jayanagar,Electronic City,196.0,115.0,Not Applicable,Not Applicable,No,Not Applicable,103,Cash,24,4.5,3.7
2024-07-04 13:28:00,CNR6444777172,Success,CID551746,Prime Plus,Jayanagar,Malleshwaram,266.0,75.0,Not Applicable,Not Applicable,No,Not Applicable,368,UPI,30,4.8,4.5
2024-07-27 00:39:00,CNR6169339463,Canceled by Driver,CID730924,Prime Sedan,Varthur,JP Nagar,,,Not Applicable,More than permitted people in there,Not Applicable,Not Applicable,438,Not Applicable,0,,
2024-07-22 14:07:00,CNR3256896784,Canceled by Driver,CID846955,Mini,Magadi Road,Kammanahalli,,,Not Applicable,Customer was coughing/sick,Not Applicable,Not Applicable,2790,Not Applicable,0,,
2024-07-13 08:08:00,CNR4419688407,Success,CID940796,Mini,Shivajinagar,Magadi Road,182.0,85.0,Not Applicable,Not Applicable,No,Not Applicable,843,Cash,32,3.5,4.9
2024-07-12 19:59:00,CNR9421761218,Canceled by Customer,CID524361,Mini,Kammanahalli,Sahakar Nagar,,,Driver asked to cancel,Not Applicable,Not Applicable,Not Applicable,285,Not Applicable,0,,
2024-07-19 00:22:00,CNR4536843580,Canceled by Driver,CID830584,Auto,Yelahanka,KR Puram,,,Not Applicable,Personal & Car related issue,Not Applicable,Not Applicable,487,Not Applicable,0,,
2024-07-04 14:17:00,CNR2776095798,Success,CID875254,Prime Sedan,KR Puram,Bellandur,56.0,110.0,Not Applicable,Not Applicable,No,Not Applicable,2767,UPI,14,4.8,4.0
2024-07-15 12:43:00,CNR8676144702,Success,CID660436,Prime SUV,Hulimavu,Hebbal,70.0,120.0,Not Applicable,Not Applicable,Yes,Other Issue,1735,UPI,26,3.2,4.5
2024-07-17 17:25:00,CNR7415852521,Driver Not Found,CID980349,Mini,Indiranagar,Rajajinagar,,,Not Applicable,Not Applicable,Not Applicable,Not Applicable,901,Not Applicable,0,,
2024-07-23 05:06:00,CNR8101809298,Success,CID968871,Prime Plus,Kadugodi,Cox Town,224.0,50.0,Not Applicable,Not Applicable,No,Not Applicable,853,UPI,13,4.2,3.6
2024-07-15 12:47:00,CNR5426735972,Driver Not Found,CID672573,Auto,Jayanagar,Yelahanka,,,Not Applicable,Not Applicable,Not Applicable,Not Applicable,1147,Not Applicable,0,,
2024-07-28 09:35:00,CNR8910757634,Success,CID198769,Mini,Cox Town,JP Nagar,112.0,75.0,Not Applicable,Not Applicable,No,Not Applicable,321,Cash,48,3.9,4.2
2024-07-05 15:55:00,CNR3018844652,Driver Not Found,CID668463,Auto,Ulsoor,Whitefield,,,Not Applicable,Not Applicable,Not Applicable,Not Applicable,435,Not Applicable,0,,
2024-07-03 07:28:00,CNR2549004653,Canceled by Customer,CID460402,Prime Sedan,Magadi Road,Hulimavu,,,Change of plans,Not Applicable,Not Applicable,Not Applicable,398,Not Applicable,0,,
2024-07-08 22:58:00,CNR2933264866,Canceled by Driver,CID504001,Prime Plus,Indiranagar,Padmanabhanagar,,,Not Applicable,Personal & Car related issue,Not Applicable,Not Applicable,546,Not Applicable,0,,
2024-07-23 15:03:00,CNR2080954087,Success,CID752344,Bike,Richmond Town,Richmond Town,168.0,55.0,Not Applicable,Not Applicable,No,Not Applicable,1072,Cash,22,3.6,3.0
2024-07-21 08:20:00,CNR9302029872,Canceled by Driver,CID608911,Auto,Richmond Town,Sahakar Nagar,,,Not Applicable,Personal & Car related issue,Not Applicable,Not Applicable,391,Not Applicable,0,,
2024-07-21 21:11:00,CNR5787626381,Success,CID432998,Bike,Frazer Town,Hulimavu,63.0,125.0,Not Applicable,Not Applicable,No,Not Applicable,255,Cash,15,3.7,4.9
2024-07-22 03:17:00,CNR3801893084,Canceled by Driver,CID497606,Auto,JP Nagar,Frazer Town,,,Not Applicable,Personal & Car related issue,Not Applicable,Not Applicable,123,Not Applicable,0,,
2024-07-10 19:21:00,CNR7716678442,Success,CID270648,eBike,Frazer Town,Hulimavu,119.0,80.0,Not Applicable,Not Applicable,No,Not Applicable,414,UPI,33,4.3,4.8
2024-07-03 19:13:00,CNR3933566960,Driver Not Found,CID846656,Prime SUV,Indiranagar,Sarjapur Road,,,Not Applicable,Not Applicable,Not Applicable,Not Applicable,461,Not Applicable,0,,
2024-07-01 05:03:00,CNR3843195347,Success,CID519174,eBike,Tumkur Road,Jayanagar,217.0,140.0,Not Applicable,Not Applicable,No,Not Applicable,700,UPI,7,4.9,4.7
2024-07-02 02:41:00,CNR2316816471,Canceled by Driver,CID517888,Prime Sedan,Kammanahalli,Ramamurthy Nagar,,,Not Applicable,Customer related issue,Not Applicable,Not Applicable,176,Not Applicable,0,,
2024-07-19 17:17:00,CNR3038735960,Canceled by Driver,CID724792,Prime SUV,Sarjapur Road,Mysore Road,,,Not Applicable,Customer related issue,Not Applicable,Not Applicable,285,Not Applicable,0,,
2024-07-23 10:45:00,CNR8136109897,Canceled by Driver,CID456394,Prime SUV,Nagarbhavi,Kengeri,,,Not Applicable,Personal & Car related issue,Not Applicable,Not Applicable,490,Not Applicable,0,,
2024-07-23 21:07:00,CNR3966545059,Success,CID448412,Auto,Peenya,Shantinagar,238.0,120.0,Not Applicable,Not Applicable,No,Not Applicable,450,UPI,14,3.5,3.7
2024-07-29 11:53:00,CNR8610966300,Success,CID994318,Auto,Langford Town,Devanahalli,168.0,145.0,Not Applicable,Not Applicable,No,Not Applicable,409,Cash,8,3.3,3.4
2024-07-06 20:08:00,CNR9671984000,Canceled by Driver,CID690798,Prime SUV,Majestic,Yeshwanthpur,,,Not Applicable,Customer related issue,Not Applicable,Not Applicable,376,Not Applicable,0,,
2024-07-13 04:51:00,CNR7611825545,Canceled by Customer,CID679870,Bike,Shantinagar,Hulimavu,,,Change of plans,Not Applicable,Not Applicable,Not Applicable,385,Not Applicable,0,,
2024-07-13 08:54:00,CNR3043997518,Success,CID366732,Mini,Malleshwaram,Shantinagar,91.0,125.0,Not Applicable,Not Applicable,No,Not Applicable,270,UPI,48,4.1,4.2
2024-07-19 21:32:00,CNR1152841798,Driver Not Found,CID550774,eBike,Tumkur Road,Vijayanagar,,,Not Applicable,Not Applicable,Not Applicable,Not Applicable,255,Not Applicable,0,,
2024-07-27 23:02:00,CNR5096059419,Success,CID485292,Bike,BTM Layout,Mysore Road,133.0,90.0,Not Applicable,Not Applicable,No,Not Applicable,556,Cash,37,3.4,3.8
2024-07-19 22:41:00,CNR3359190527,Success,CID312071,Prime Plus,Nagarbhavi,Electronic City,168.0,120.0,Not Applicable,Not Applicable,No,Not Applicable,419,Cash,17,4.8,4.2
2024-07-20 00:53:00,CNR2497654345,Driver Not Found,CID211077,Prime Plus,RT Nagar,Mysore Road,,,Not Applicable,Not Applicable,Not Applicable,Not Applicable,407,Not Applicable,0,,
2024-07-09 05:45:00,CNR1488172186,Success,CID947443,Auto,Marathahalli,Peenya,77.0,50.0,Not Applicable,Not Applicable,No,Not Applicable,1258,UPI,14,3.8,3.7
2024-07-30 01:42:00,CNR4296288548,Driver Not Found,CID277924,Bike,Hosur Road,KR Puram,,,Not Applicable,Not Applicable,Not Applicable,Not Applicable,221,Not Applicable,0,,
2024-07-13 04:16:00,CNR6231792760,Success,CID279465,Prime SUV,HSR Layout,Vijayanagar,210.0,70.0,Not Applicable,Not Applicable,No,Not Applicable,803,UPI,33,4.8,4.3
2024-07-11 02:04:00,CNR3419745821,Canceled by Customer,CID689545,eBike,Indiranagar,Magadi Road,,,Change of plans,Not Applicable,Not Applicable,Not Applicable,522,Not Applicable,0,,
2024-07-21 03:28:00,CNR1973047869,Canceled by Driver,CID818381,Prime Sedan,BTM Layout,Hulimavu,,,Not Applicable,Customer was coughing/sick,Not Applicable,Not Applicable,106,Not Applicable,0,,
2024-07-24 23:05:00,CNR1183388648,Success,CID534198,Bike,Padmanabhanagar,JP Nagar,49.0,105.0,Not Applicable,Not Applicable,No,Not Applicable,754,UPI,23,3.2,3.6
2024-07-26 12:38:00,CNR1662074581,Success,CID517867,Auto,Ulsoor,Hulimavu,308.0,120.0,Not Applicable,Not Applicable,No,Not Applicable,2928,UPI,14,3.4,4.1
2024-07-29 21:13:00,CNR2061692573,Success,CID699708,Bike,Nagarbhavi,Chamarajpet,105.0,90.0,Not Applicable,Not Applicable,No,Not Applicable,324,Cash,6,3.3,5.0
2024-07-21 20:49:00,CNR3661894761,Driver Not Found,CID497544,eBike,Peenya,Varthur,,,Not Applicable,Not Applicable,Not Applicable,Not Applicable,368,Not Applicable,0,,
2024-07-11 11:17:00,CNR6651107727,Driver Not Found,CID555813,Prime Sedan,MG Road,Banashankari,,,Not Applicable,Not Applicable,Not Applicable,Not Applicable,107,Not Applicable,0,,
2024-07-10 11:38:00,CNR8489876731,Success,CID301737,Prime SUV,Kengeri,Chickpet,154.0,130.0,Not Applicable,Not Applicable,No,Not Applicable,398,Cash,12,4.2,4.6
2024-07-21 19:38:00,CNR8619204376,Success,CID532160,Mini,Peenya,Hebbal,203.0,40.0,Not Applicable,Not Applicable,No,Not Applicable,580,UPI,27,4.3,4.6
2024-07-16 00:48:00,CNR5622437113,Driver Not Found,CID711683,Bike,Nagarbhavi,RT Nagar,,,Not Applicable,Not Applicable,Not Applicable,Not Applicable,882,Not Applicable,0,,
2024-07-06 05:23:00,CNR7339113332,Canceled by Customer,CID864379,Prime SUV,Hennur,Kadugodi,,,Driver asked to cancel,Not Applicable,Not Applicable,Not Applicable,271,Not Applicable,0,,
2024-07-21 00:54:00,CNR1148995044,Success,CID763048,Bike,Kadugodi,Varthur,175.0,135.0,Not Applicable,Not Applicable,No,Not Applicable,452,Cash,40,4.3,3.8
2024-07-08 04:48:00,CNR1362706539,Canceled by Customer,CID244079,Bike,Varthur,Bellandur,,,Driver is not moving towards pickup location,Not Applicable,Not Applicable,Not Applicable,399,Not Applicable,0,,
2024-07-29 06:25:00,CNR9894218628,Success,CID589638,Auto,Vijayanagar,HSR Layout,35.0,95.0,Not Applicable,Not Applicable,No,Not Applicable,485,Cash,16,4.7,3.7
2024-07-25 03:38:00,CNR4280522251,Driver Not Found,CID499071,Prime SUV,Koramangala,BTM Layout,,,Not Applicable,Not Applicable,Not Applicable,Not Applicable,398,Not Applicable,0,,
2024-07-26 17:00:00,CNR9616794541,Success,CID898813,Auto,Padmanabhanagar,KR Puram,49.0,65.0,Not Applicable,Not Applicable,No,Not Applicable,1461,Cash,3,3.8,3.9
2024-07-19 09:19:00,CNR2626690433,Canceled by Customer,CID411645,Bike,KR Puram,Sahakar Nagar,,,Change of plans,Not Applicable,Not Applicable,Not Applicable,343,Not Applicable,0,,
2024-07-05 12:42:00,CNR3516168816,Success,CID188188,Prime Sedan,Yelahanka,KR Puram,182.0,130.0,Not Applicable,Not Applicable,No,Not Applicable,166,Cash,26,3.8,4.5
2024-07-06 18:31:00,CNR1361440885,Success,CID206112,eBike,Langford Town,Ulsoor,133.0,135.0,Not Applicable,Not Applicable,No,Not Applicable,512,Cash,25,3.7,4.7
2024-07-26 00:44:00,CNR2894899747,Canceled by Customer,CID714422,Prime Plus,JP Nagar,Yeshwanthpur,,,Change of plans,Not Applicable,Not Applicable,Not Applicable,167,Not Applicable,0,,
2024-07-04 07:53:00,CNR3079784237,Success,CID194699,eBike,RT Nagar,Nagarbhavi,98.0,80.0,Not Applicable,Not Applicable,Yes,Vehicle Breakdown,704,Cash,33,3.6,3.0
2024-07-12 05:09:00,CNR6100240716,Success,CID139677,Bike,Chamarajpet,Rajajinagar,49.0,65.0,Not Applicable,Not Applicable,No,Not Applicable,514,Cash,49,3.2,4.4
2024-07-04 01:13:00,CNR1989499322,Success,CID307912,Prime SUV,Tumkur Road,Marathahalli,280.0,100.0,Not Applicable,Not Applicable,No,Not Applicable,796,Cash,14,3.1,4.1
2024-07-20 03:33:00,CNR2045384836,Canceled by Driver,CID650046,Prime SUV,Bellandur,Yeshwanthpur,,,Not Applicable,Customer related issue,Not Applicable,Not Applicable,303,Not Applicable,0,,
2024-07-01 20:51:00,CNR3334005665,Success,CID292092,Auto,Basavanagudi,Indiranagar,280.0,60.0,Not Applicable,Not Applicable,No,Not Applicable,255,UPI,4,4.9,3.4
2024-07-22 13:53:00,CNR3792990734,Canceled by Driver,CID907084,eBike,Richmond Town,HSR Layout,,,Not Applicable,Personal & Car related issue,Not Applicable,Not Applicable,120,Not Applicable,0,,
2024-07-28 23:48:00,CNR7445858381,Canceled by Customer,CID997142,Prime Sedan,Marathahalli,Varthur,,,Driver is not moving towards pickup location,Not Applicable,Not Applicable,Not Applicable,1680,Not Applicable,0,,
2024-07-27 23:20:00,CNR7857478379,Success,CID627883,Prime Sedan,Kammanahalli,Kengeri,259.0,45.0,Not Applicable,Not Applicable,No,Not Applicable,372,Cash,16,4.3,3.2
2024-07-25 15:58:00,CNR8509505423,Success,CID528833,Prime SUV,Malleshwaram,Rajajinagar,252.0,25.0,Not Applicable,Not Applicable,No,Not Applicable,442,Credit Card,17,4.9,5.0
2024-07-18 15:09:00,CNR2465662282,Success,CID173660,Bike,Ulsoor,Devanahalli,203.0,140.0,Not Applicable,Not Applicable,No,Not Applicable,114,UPI,36,4.2,4.0
2024-07-25 00:32:00,CNR6875286463,Success,CID738132,Mini,Malleshwaram,Frazer Town,42.0,130.0,Not Applicable,Not Applicable,No,Not Applicable,2895,UPI,39,4.0,4.4
2024-07-02 06:13:00,CNR6188744670,Success,CID649340,Bike,JP Nagar,MG Road,280.0,50.0,Not Applicable,Not Applicable,No,Not Applicable,418,Cash,12,3.9,3.2
2024-07-04 12:20:00,CNR9027100964,Canceled by Customer,CID531861,Prime SUV,Basavanagudi,Langford Town,,,Wrong Address,Not Applicable,Not Applicable,Not Applicable,2995,Not Applicable,0,,
2024-07-16 05:55:00,CNR4359028991,Canceled by Driver,CID100829,Prime Plus,KR Puram,Rajarajeshwari Nagar,,,Not Applicable,Customer was coughing/sick,Not Applicable,Not Applicable,312,Not Applicable,0,,
2024-07-25 08:03:00,CNR5424323499,Success,CID540647,Prime SUV,Hebbal,Malleshwaram,280.0,75.0,Not Applicable,Not Applicable,No,Not Applicable,351,UPI,36,3.1,4.2
2024-07-23 13:06:00,CNR3618116034,Driver Not Found,CID615896,Mini,Langford Town,Langford Town,,,Not Applicable,Not Applicable,Not Applicable,Not Applicable,299,Not Applicable,0,,
2024-07-27 03:51:00,CNR5373712383,Canceled by Customer,CID878556,Prime Plus,Richmond Town,Ulsoor,,,Driver is not moving towards pickup location,Not Applicable,Not Applicable,Not Applicable,236,Not Applicable,0,,
2024-07-08 11:21:00,CNR3038136171,Success,CID601436,Auto,Basavanagudi,Padmanabhanagar,182.0,95.0,Not Applicable,Not Applicable,No,Not Applicable,352,Cash,17,4.9,4.8
2024-07-21 02:54:00,CNR5864259793,Canceled by Customer,CID853117,eBike,Magadi Road,Bellandur,,,Driver asked to cancel,Not Applicable,Not Applicable,Not Applicable,476,Not Applicable,0,,
2024-07-15 16:30:00,CNR9710926375,Success,CID926788,Prime SUV,Shivajinagar,Hebbal,287.0,55.0,Not Applicable,Not Applicable,No,Not Applicable,2700,UPI,31,3.6,3.6
2024-07-22 03:20:00,CNR8188360554,Success,CID850169,Prime Plus,Frazer Town,Yeshwanthpur,203.0,110.0,Not Applicable,Not Applicable,No,Not Applicable,183,Cash,49,4.7,5.0
2024-07-29 12:32:00,CNR3091468935,Driver Not Found,CID829558,Prime Plus,Peenya,BTM Layout,,,Not Applicable,Not Applicable,Not Applicable,Not Applicable,659,Not Applicable,0,,
2024-07-17 16:37:00,CNR4388574048,Success,CID374052,Prime Sedan,Vijayanagar,Jayanagar,252.0,40.0,Not Applicable,Not Applicable,Yes,Customer Demand,192,Cash,1,3.3,3.8
2024-07-26 09:29:00,CNR3925467322,Success,CID762370,Auto,JP Nagar,Frazer Town,280.0,110.0,Not Applicable,Not Applicable,No,Not Applicable,149,Cash,10,4.0,3.7
2024-07-08 21:25:00,CNR3944899212,Canceled by Driver,CID988922,Auto,Electronic City,Padmanabhanagar,,,Not Applicable,Personal & Car related issue,Not Applicable,Not Applicable,1017,Not Applicable,0,,
2024-07-22 12:29:00,CNR1753840878,Canceled by Customer,CID766624,Auto,Hebbal,Yeshwanthpur,,,AC is Not working,Not Applicable,Not Applicable,Not Applicable,382,Not Applicable,0,,
2024-07-21 13:31:00,CNR6637918686,Driver Not Found,CID347264,Prime Sedan,Hebbal,Marathahalli,,,Not Applicable,Not Applicable,Not Applicable,Not Applicable,333,Not Applicable,0,,
2024-07-04 19:42:00,CNR3156562638,Success,CID244030,Prime Plus,Frazer Town,Devanahalli,98.0,30.0,Not Applicable,Not Applicable,No,Not Applicable,393,UPI,18,4.6,3.2
2024-07-13 19:33:00,CNR1797500730,Canceled by Driver,CID402690,Bike,Varthur,Majestic,,,Not Applicable,Customer related issue,Not Applicable,Not Applicable,289,Not Applicable,0,,
2024-07-21 22:25:00,CNR2160665983,Success,CID425650,Bike,Hosur Road,KR Puram,84.0,90.0,Not Applicable,Not Applicable,No,Not Applicable,597,Cash,24,4.9,4.4
2024-07-14 11:05:00,CNR9454786348,Canceled by Driver,CID952932,Auto,Malleshwaram,Electronic City,,,Not Applicable,Customer related issue,Not Applicable,Not Applicable,267,Not Applicable,0,,
2024-07-12 11:19:00,CNR8653154226,Success,CID765255,Mini,Rajajinagar,Kengeri,105.0,25.0,Not Applicable,Not Applicable,Yes,Other Issue,432,Cash,44,4.5,4.9
2024-07-11 21:02:00,CNR7557898548,Canceled by Driver,CID795147,eBike,Mysore Road,Tumkur Road,,,Not Applicable,Personal & Car related issue,Not Applicable,Not Applicable,685,Not Applicable,0,,
2024-07-07 22:08:00,CNR3939980700,Canceled by Driver,CID807900,Auto,Devanahalli,Chamarajpet,,,Not Applicable,Customer related issue,Not Applicable,Not Applicable,1344,Not Applicable,0,,
2024-07-02 05:23:00,CNR5640846548,Success,CID239546,Prime SUV,Bannerghatta Road,Chamarajpet,217.0,125.0,Not Applicable,Not Applicable,No,Not Applicable,671,UPI,17,4.0,4.5
2024-07-03 04:45:00,CNR5839705631,Canceled by Driver,CID274302,Bike,Koramangala,Rajajinagar,,,Not Applicable,Personal & Car related issue,Not Applicable,Not Applicable,157,Not Applicable,0,,
2024-07-01 13:17:00,CNR3397882129,Canceled by Driver,CID763842,Prime Plus,Whitefield,Kadugodi,,,Not Applicable,Customer was coughing/sick,Not Applicable,Not Applicable,342,Not Applicable,0,,
2024-07-11 23:53:00,CNR8983479687,Canceled by Driver,CID461874,Prime SUV,Yelahanka,BTM Layout,,,Not Applicable,Personal & Car related issue,Not Applicable,Not Applicable,221,Not Applicable,0,,
2024-07-08 01:26:00,CNR8723951841,Success,CID873182,Prime Plus,BTM Layout,Sahakar Nagar,161.0,110.0,Not Applicable,Not Applicable,No,Not Applicable,849,UPI,18,3.3,4.5
2024-07-13 11:07:00,CNR6722117269,Canceled by Customer,CID974267,Prime Plus,Mysore Road,Basavanagudi,,,Driver asked to cancel,Not Applicable,Not Applicable,Not Applicable,883,Not Applicable,0,,
2024-07-19 07:51:00,CNR6512615968,Success,CID400179,eBike,Indiranagar,JP Nagar,147.0,85.0,Not Applicable,Not Applicable,No,Not Applicable,2650,UPI,9,4.9,3.5
2024-07-06 15:02:00,CNR2760722382,Success,CID683736,Mini,Whitefield,Nagarbhavi,70.0,30.0,Not Applicable,Not Applicable,No,Not Applicable,318,Cash,44,3.6,3.2
2024-07-23 20:21:00,CNR5074044098,Success,CID624821,Prime Plus,Bannerghatta Road,Nagarbhavi,84.0,75.0,Not Applicable,Not Applicable,Yes,Customer Demand,234,Cash,5,4.7,4.3
2024-07-30 14:41:00,CNR8906783359,Canceled by Customer,CID592566,Mini,Whitefield,Nagarbhavi,,,AC is Not working,Not Applicable,Not Applicable,Not Applicable,899,Not Applicable,0,,
2024-07-10 20:49:00,CNR3096977394,Driver Not Found,CID823438,Prime Sedan,Marathahalli,Hosur Road,,,Not Applicable,Not Applicable,Not Applicable,Not Applicable,420,Not Applicable,0,,
2024-07-02 01:51:00,CNR4110383314,Canceled by Driver,CID537082,Prime SUV,Kammanahalli,Hebbal,,,Not Applicable,Personal & Car related issue,Not Applicable,Not Applicable,446,Not Applicable,0,,
2024-07-24 21:49:00,CNR7164134364,Success,CID142275,Bike,Kammanahalli,Koramangala,182.0,75.0,Not Applicable,Not Applicable,No,Not Applicable,318,UPI,12,3.5,3.7
2024-07-04 08:19:00,CNR2540137179,Canceled by Customer,CID641054,eBike,Marathahalli,Banashankari,,,Change of plans,Not Applicable,Not Applicable,Not Applicable,2360,Not Applicable,0,,
2024-07-03 04:59:00,CNR4132043333,Canceled by Driver,CID279832,Prime SUV,Padmanabhanagar,Ramamurthy Nagar,,,Not Applicable,More than permitted people in there,Not Applicable,Not Applicable,909,Not Applicable,0,,
2024-07-16 05:10:00,CNR8218172460,Driver Not Found,CID862958,Prime Sedan,Kammanahalli,Padmanabhanagar,,,Not Applicable,Not Applicable,Not Applicable,Not Applicable,769,Not Applicable,0,,
2024-07-13 02:07:00,CNR5023204334,Success,CID797777,Bike,Basavanagudi,Frazer Town,301.0,95.0,Not Applicable,Not Applicable,No,Not Applicable,358,UPI,41,3.7,4.9
2024-07-04 13:04:00,CNR2370548943,Success,CID132367,Prime Sedan,Mysore Road,Cox Town,182.0,55.0,Not Applicable,Not Applicable,No,Not Applicable,110,UPI,4,4.4,4.3
2024-07-24 22:23:00,CNR7480748772,Success,CID330712,Auto,Peenya,Ramamurthy Nagar,175.0,75.0,Not Applicable,Not Applicable,No,Not Applicable,510,Cash,18,4.6,3.9
2024-07-21 13:19:00,CNR7153159390,Success,CID288860,Prime Plus,Majestic,Yeshwanthpur,238.0,30.0,Not Applicable,Not Applicable,No,Not Applicable,437,Cash,43,3.4,4.0
2024-07-22 00:28:00,CNR8642338708,Canceled by Driver,CID216384,Mini,Frazer Town,Koramangala,,,Not Applicable,Personal & Car related issue,Not Applicable,Not Applicable,279,Not Applicable,0,,
2024-07-09 14:25:00,CNR8192444658,Success,CID480428,eBike,Rajajinagar,Yeshwanthpur,231.0,55.0,Not Applicable,Not Applicable,No,Not Applicable,1723,Cash,21,4.8,3.5
2024-07-23 20:10:00,CNR9375422834,Success,CID769061,Prime Plus,Yeshwanthpur,Malleshwaram,63.0,25.0,Not Applicable,Not Applicable,No,Not Applicable,114,UPI,40,3.9,3.4
2024-07-15 20:41:00,CNR1112726141,Success,CID356838,Prime Plus,Devanahalli,KR Puram,196.0,25.0,Not Applicable,Not Applicable,No,Not Applicable,1371,UPI,42,3.6,4.5
2024-07-02 06:17:00,CNR5198504031,Success,CID699593,Auto,Mysore Road,Mysore Road,112.0,35.0,Not Applicable,Not Applicable,No,Not Applicable,918,Cash,3,4.9,4.1
2024-07-30 06:40:00,CNR4975374225,Canceled by Customer,CID764602,Prime Sedan,Hulimavu,Malleshwaram,,,Change of plans,Not Applicable,Not Applicable,Not Applicable,612,Not Applicable,0,,
2024-07-10 15:27:00,CNR9694291746,Canceled by Driver,CID507066,Auto,KR Puram,Langford Town,,,Not Applicable,Personal & Car related issue,Not Applicable,Not Applicable,175,Not Applicable,0,,
2024-07-11 17:20:00,CNR5928658540,Success,CID644549,Prime SUV,Cox Town,Yelahanka,126.0,95.0,Not Applicable,Not Applicable,No,Not Applicable,456,UPI,49,4.0,4.6
2024-07-19 14:35:00,CNR4691643844,Driver Not Found,CID349148,Prime SUV,Yelahanka,Shantinagar,,,Not Applicable,Not Applicable,Not Applicable,Not Applicable,179,Not Applicable,0,,
2024-07-20 15:52:00,CNR3311355471,Success,CID641054,Prime Plus,Richmond Town,Basavanagudi,210.0,40.0,Not Applicable,Not Applicable,No,Not Applicable,322,Cash,3,3.0,4.6
2024-07-02 10:30:00,CNR1185374151,Driver Not Found,CID779552,eBike,Bannerghatta Road,Kadugodi,,,Not Applicable,Not Applicable,Not Applicable,Not Applicable,393,Not Applicable,0,,
2024-07-03 07:37:00,CNR7556191459,Driver Not Found,CID947074,eBike,Varthur,Hennur,,,Not Applicable,Not Applicable,Not Applicable,Not Applicable,972,Not Applicable,0,,
2024-07-16 12:47:00,CNR6076565642,Canceled by Customer,CID471800,Prime Plus,Bellandur,Tumkur Road,,,Driver asked to cancel,Not Applicable,Not Applicable,Not Applicable,286,Not Applicable,0,,
2024-07-07 02:54:00,CNR4394029050,Success,CID178258,Prime SUV,Sarjapur Road,Bellandur,63.0,55.0,Not Applicable,Not Applicable,No,Not Applicable,243,Cash,36,3.9,3.7
2024-07-15 00:33:00,CNR2884166321,Canceled by Driver,CID764009,eBike,Basavanagudi,Shantinagar,,,Not Applicable,Customer was coughing/sick,Not Applicable,Not Applicable,571,Not Applicable,0,,
2024-07-15 20:22:00,CNR6219240355,Canceled by Driver,CID220668,Prime SUV,Banashankari,Koramangala,,,Not Applicable,Personal & Car related issue,Not Applicable,Not Applicable,433,Not Applicable,0,,
2024-07-03 23:33:00,CNR3682101447,Success,CID254880,Prime Sedan,Kengeri,Kadugodi,119.0,135.0,Not Applicable,Not Applicable,No,Not Applicable,214,Cash,39,3.6,3.6
2024-07-12 18:46:00,CNR2611409931,Canceled by Driver,CID566103,Auto,Shantinagar,Kammanahalli,,,Not Applicable,Customer related issue,Not Applicable,Not Applicable,231,Not Applicable,0,,
2024-07-20 23:57:00,CNR7924287032,Success,CID193965,Bike,Hosur Road,Magadi Road,56.0,70.0,Not Applicable,Not Applicable,No,Not Applicable,451,UPI,41,4.1,3.1
2024-07-23 13:17:00,CNR9450065604,Success,CID365556,Prime Sedan,KR Puram,Vijayanagar,203.0,30.0,Not Applicable,Not Applicable,No,Not Applicable,451,Credit Card,19,3.5,4.2
2024-07-17 03:28:00,CNR9434313893,Canceled by Driver,CID644669,Prime SUV,Chamarajpet,Rajajinagar,,,Not Applicable,More than permitted people in there,Not Applicable,Not Applicable,629,Not Applicable,0,,
2024-07-17 12:43:00,CNR7392329804,Success,CID837276,Prime SUV,Kengeri,Devanahalli,70.0,55.0,Not Applicable,Not Applicable,No,Not Applicable,693,Cash,4,3.7,3.1
2024-07-24 23:09:00,CNR2590634679,Canceled by Driver,CID782677,Prime Plus,Frazer Town,RT Nagar,,,Not Applicable,Customer was coughing/sick,Not Applicable,Not Applicable,310,Not Applicable,0,,
2024-07-13 10:23:00,CNR9556733215,Canceled by Driver,CID136104,Auto,Peenya,Koramangala,,,Not Applicable,Customer was coughing/sick,Not Applicable,Not Applicable,305,Not Applicable,0,,
2024-07-14 06:47:00,CNR1672854597,Success,CID990856,Prime Sedan,HSR Layout,Kammanahalli,63.0,35.0,Not Applicable,Not Applicable,No,Not Applicable,248,Cash,28,3.9,4.4
2024-07-03 20:12:00,CNR1200471286,Success,CID119068,Bike,Whitefield,Hennur,35.0,115.0,Not Applicable,Not Applicable,No,Not Applicable,589,Cash,23,4.5,3.9
2024-07-25 10:03:00,CNR7886230445,Canceled by Driver,CID274405,Prime Sedan,Cox Town,Malleshwaram,,,Not Applicable,Personal & Car related issue,Not Applicable,Not Applicable,1271,Not Applicable,0,,
2024-07-07 23:17:00,CNR6183135983,Driver Not Found,CID439771,Prime Plus,Richmond Town,Bannerghatta Road,,,Not Applicable,Not Applicable,Not Applicable,Not Applicable,237,Not Applicable,0,,
2024-07-12 02:35:00,CNR9971861893,Canceled by Customer,CID920896,Prime SUV,Peenya,Sahakar Nagar,,,Driver asked to cancel,Not Applicable,Not Applicable,Not Applicable,134,Not Applicable,0,,
2024-07-19 15:32:00,CNR1986646027,Canceled by Customer,CID547024,eBike,Chickpet,RT Nagar,,,Driver asked to cancel,Not Applicable,Not Applicable,Not Applicable,260,Not Applicable,0,,
2024-07-30 17:05:00,CNR9795302120,Driver Not Found,CID671471,Prime Plus,Vijayanagar,BTM Layout,,,Not Applicable,Not Applicable,Not Applicable,Not Applicable,473,Not Applicable,0,,
2024-07-25 22:56:00,CNR3479845741,Success,CID281827,Mini,Kadugodi,Devanahalli,196.0,60.0,Not Applicable,Not Applicable,No,Not Applicable,622,Debit Card,17,3.3,4.4
2024-07-08 23:45:00,CNR2754508545,Driver Not Found,CID694214,Prime Plus,Richmond Town,Basavanagudi,,,Not Applicable,Not Applicable,Not Applicable,Not Applicable,454,Not Applicable,0,,
2024-07-27 11:17:00,CNR1641366003,Canceled by Customer,CID535446,eBike,Shantinagar,Kengeri,,,AC is Not working,Not Applicable,Not Applicable,Not Applicable,361,Not Applicable,0,,
2024-07-07 13:40:00,CNR9029830614,Driver Not Found,CID415092,Prime SUV,Vijayanagar,Chamarajpet,,,Not Applicable,Not Applicable,Not Applicable,Not Applicable,1812,Not Applicable,0,,
2024-07-15 00:50:00,CNR2975737680,Canceled by Driver,CID863784,Mini,Chamarajpet,Ramamurthy Nagar,,,Not Applicable,Customer related issue,Not Applicable,Not Applicable,866,Not Applicable,0,,
2024-07-24 08:27:00,CNR4519776124,Success,CID341079,Bike,Frazer Town,RT Nagar,231.0,70.0,Not Applicable,Not Applicable,No,Not Applicable,135,UPI,39,4.3,3.8
2024-07-03 11:34:00,CNR7420174604,Success,CID490890,Prime Plus,Ulsoor,Bellandur,273.0,50.0,Not Applicable,Not Applicable,No,Not Applicable,169,UPI,16,4.3,4.7
2024-07-08 11:16:00,CNR5441672839,Success,CID699513,Prime Sedan,Majestic,RT Nagar,273.0,125.0,Not Applicable,Not Applicable,No,Not Applicable,823,UPI,11,4.3,5.0
2024-07-09 03:02:00,CNR8811509453,Success,CID478076,Prime SUV,Ramamurthy Nagar,HSR Layout,217.0,85.0,Not Applicable,Not Applicable,No,Not Applicable,885,Cash,22,3.1,3.9
2024-07-26 23:17:00,CNR7573877658,Success,CID149179,eBike,Electronic City,Langford Town,42.0,50.0,Not Applicable,Not Applicable,No,Not Applicable,585,Cash,5,3.2,5.0
2024-07-03 14:26:00,CNR1797222744,Canceled by Driver,CID121415,Auto,Bellandur,Frazer Town,,,Not Applicable,Customer was coughing/sick,Not Applicable,Not Applicable,135,Not Applicable,0,,
2024-07-22 15:26:00,CNR4476424284,Canceled by Driver,CID451627,Prime Plus,Chickpet,Yelahanka,,,Not Applicable,Customer was coughing/sick,Not Applicable,Not Applicable,150,Not Applicable,0,,
2024-07-21 19:17:00,CNR6466836404,Success,CID658949,Bike,Cox Town,Hulimavu,112.0,45.0,Not Applicable,Not Applicable,No,Not Applicable,252,Credit Card,23,4.4,4.1
2024-07-09 07:29:00,CNR7328154434,Success,CID126008,Prime Sedan,Whitefield,Hulimavu,161.0,40.0,Not Applicable,Not Applicable,No,Not Applicable,101,UPI,25,3.3,3.7
2024-07-15 23:01:00,CNR8380545260,Driver Not Found,CID865844,Prime Plus,RT Nagar,Padmanabhanagar,,,Not Applicable,Not Applicable,Not Applicable,Not Applicable,548,Not Applicable,0,,
2024-07-17 14:56:00,CNR4793559875,Canceled by Driver,CID865859,Auto,Magadi Road,Koramangala,,,Not Applicable,More than permitted people in there,Not Applicable,Not Applicable,107,Not Applicable,0,,
2024-07-28 21:24:00,CNR9211668930,Success,CID477933,Bike,Bellandur,Hennur,70.0,105.0,Not Applicable,Not Applicable,No,Not Applicable,759,Cash,8,3.1,3.4
2024-07-07 19:53:00,CNR4118722235,Success,CID552031,eBike,Whitefield,Peenya,84.0,40.0,Not Applicable,Not Applicable,Yes,Customer Demand,764,UPI,35,4.3,4.9
2024-07-25 00:38:00,CNR9851746260,Success,CID556912,Auto,BTM Layout,Hebbal,91.0,120.0,Not Applicable,Not Applicable,No,Not Applicable,448,Cash,1,3.3,4.4
2024-07-13 16:09:00,CNR9696776620,Success,CID720752,Bike,Kammanahalli,Mysore Road,301.0,95.0,Not Applicable,Not Applicable,Yes,Other Issue,179,Cash,4,4.3,4.5
2024-07-07 00:26:00,CNR6810847404,Success,CID743782,Prime Sedan,Basavanagudi,Mysore Road,182.0,110.0,Not Applicable,Not Applicable,No,Not Applicable,2170,UPI,21,3.9,4.1
2024-07-03 12:51:00,CNR9541346598,Success,CID407479,eBike,Frazer Town,Nagarbhavi,112.0,70.0,Not Applicable,Not Applicable,No,Not Applicable,346,UPI,1,3.3,4.4
2024-07-09 12:33:00,CNR2538293942,Canceled by Driver,CID956284,Prime SUV,Rajarajeshwari Nagar,Padmanabhanagar,,,Not Applicable,More than permitted people in there,Not Applicable,Not Applicable,480,Not Applicable,0,,
2024-07-19 18:42:00,CNR5539406011,Success,CID156319,Prime SUV,Chickpet,Majestic,210.0,55.0,Not Applicable,Not Applicable,No,Not Applicable,186,Cash,32,3.1,3.9
2024-07-19 20:55:00,CNR4152839166,Success,CID735226,eBike,HSR Layout,JP Nagar,210.0,100.0,Not Applicable,Not Applicable,No,Not Applicable,403,Cash,17,4.3,4.5
2024-07-05 15:21:00,CNR8722317290,Success,CID971772,Prime Plus,Ramamurthy Nagar,Hebbal,273.0,120.0,Not Applicable,Not Applicable,No,Not Applicable,2427,UPI,34,4.5,4.5
2024-07-06 03:25:00,CNR2300957303,Success,CID359336,Bike,Cox Town,Jayanagar,84.0,55.0,Not Applicable,Not Applicable,No,Not Applicable,119,UPI,5,3.2,3.5
2024-07-19 21:48:00,CNR7255669706,Success,CID155999,Prime Plus,Hulimavu,Chickpet,84.0,145.0,Not Applicable,Not Applicable,No,Not Applicable,246,UPI,14,3.8,4.8
2024-07-14 22:34:00,CNR6939521064,Canceled by Driver,CID183224,Auto,HSR Layout,Marathahalli,,,Not Applicable,More than permitted people in there,Not Applicable,Not Applicable,355,Not Applicable,0,,
2024-07-25 10:29:00,CNR8865800406,Success,CID546085,Prime SUV,Electronic City,Jayanagar,294.0,65.0,Not Applicable,Not Applicable,Yes,Vehicle Breakdown,276,UPI,35,4.7,3.2
2024-07-10 23:35:00,CNR7878100042,Canceled by Driver,CID214064,Auto,Majestic,Kammanahalli,,,Not Applicable,Personal & Car related issue,Not Applicable,Not Applicable,473,Not Applicable,0,,
2024-07-17 04:39:00,CNR9255255510,Canceled by Customer,CID982355,Prime Plus,Shivajinagar,Ramamurthy Nagar,,,Change of plans,Not Applicable,Not Applicable,Not Applicable,455,Not Applicable,0,,
2024-07-01 00:05:00,CNR6381208777,Canceled by Customer,CID555360,eBike,Richmond Town,Hosur Road,,,AC is Not working,Not Applicable,Not Applicable,Not Applicable,213,Not Applicable,0,,
2024-07-06 19:29:00,CNR1701397053,Success,CID773481,Bike,Shivajinagar,Mysore Road,147.0,140.0,Not Applicable,Not Applicable,No,Not Applicable,892,Cash,43,3.5,3.6
2024-07-13 19:34:00,CNR9458239189,Success,CID604402,Mini,Yelahanka,JP Nagar,161.0,125.0,Not Applicable,Not Applicable,No,Not Applicable,237,Cash,39,4.6,3.0
2024-07-26 16:45:00,CNR7682678754,Driver Not Found,CID140514,Auto,Rajarajeshwari Nagar,Hulimavu,,,Not Applicable,Not Applicable,Not Applicable,Not Applicable,1129,Not Applicable,0,,
2024-07-16 06:40:00,CNR3674720114,Success,CID943924,Mini,Marathahalli,Nagarbhavi,252.0,100.0,Not Applicable,Not Applicable,No,Not Applicable,605,UPI,17,4.3,4.1
2024-07-10 17:39:00,CNR3067777515,Success,CID823137,Prime Plus,Bannerghatta Road,RT Nagar,294.0,135.0,Not Applicable,Not Applicable,No,Not Applicable,359,UPI,2,3.8,4.5
2024-07-11 12:37:00,CNR3266469587,Success,CID520443,Prime Sedan,Mysore Road,Sarjapur Road,294.0,45.0,Not Applicable,Not Applicable,No,Not Applicable,143,UPI,38,4.5,4.5
2024-07-03 12:05:00,CNR1781780846,Success,CID437733,eBike,Yeshwanthpur,Langford Town,63.0,40.0,Not Applicable,Not Applicable,No,Not Applicable,313,Cash,46,3.4,3.4
2024-07-20 10:32:00,CNR7468665203,Success,CID839339,Auto,Ramamurthy Nagar,Vijayanagar,217.0,105.0,Not Applicable,Not Applicable,No,Not Applicable,439,Credit Card,1,4.5,3.0
2024-07-05 15:47:00,CNR3086233994,Success,CID330889,Prime Plus,Rajajinagar,MG Road,91.0,115.0,Not Applicable,Not Applicable,No,Not Applicable,493,UPI,15,4.9,4.7
2024-07-27 00:21:00,CNR3833406026,Canceled by Driver,CID401882,Prime Sedan,MG Road,Ramamurthy Nagar,,,Not Applicable,More than permitted people in there,Not Applicable,Not Applicable,415,Not Applicable,0,,
2024-07-05 18:08:00,CNR3671102100,Success,CID490991,Bike,Hebbal,Kadugodi,238.0,115.0,Not Applicable,Not Applicable,No,Not Applicable,1402,Credit Card,31,4.5,4.1
2024-07-26 11:54:00,CNR2303501117,Success,CID516500,Prime Sedan,Kengeri,Kammanahalli,210.0,25.0,Not Applicable,Not Applicable,No,Not Applicable,824,UPI,11,3.9,3.0
2024-07-15 09:21:00,CNR1432816241,Success,CID233868,Bike,Kadugodi,Hosur Road,84.0,60.0,Not Applicable,Not Applicable,No,Not Applicable,191,Cash,33,4.0,4.0
2024-07-27 13:20:00,CNR7065557188,Canceled by Customer,CID139800,eBike,Frazer Town,MG Road,,,Driver is not moving towards pickup location,Not Applicable,Not Applicable,Not Applicable,333,Not Applicable,0,,
2024-07-14 09:06:00,CNR8424651593,Driver Not Found,CID196488,Prime Plus,HSR Layout,Hosur Road,,,Not Applicable,Not Applicable,Not Applicable,Not Applicable,1052,Not Applicable,0,,
2024-07-11 15:13:00,CNR6408390405,Success,CID584652,Prime Plus,Tumkur Road,Marathahalli,231.0,75.0,Not Applicable,Not Applicable,No,Not Applicable,830,Cash,29,4.7,4.7
2024-07-06 12:24:00,CNR6970269533,Canceled by Driver,CID526714,Mini,Sahakar Nagar,RT Nagar,,,Not Applicable,Personal & Car related issue,Not Applicable,Not Applicable,225,Not Applicable,0,,
2024-07-15 06:48:00,CNR8507741134,Success,CID631316,Prime SUV,Yelahanka,Magadi Road,175.0,100.0,Not Applicable,Not Applicable,No,Not Applicable,760,UPI,12,3.2,4.8
2024-07-16 01:25:00,CNR8189079334,Success,CID616764,Prime Sedan,Ramamurthy Nagar,Hosur Road,168.0,115.0,Not Applicable,Not Applicable,No,Not Applicable,2846,Cash,3,4.5,3.1
2024-07-29 11:24:00,CNR5834124662,Driver Not Found,CID194402,Auto,Padmanabhanagar,Yeshwanthpur,,,Not Applicable,Not Applicable,Not Applicable,Not Applicable,139,Not Applicable,0,,
2024-07-27 06:32:00,CNR8652172955,Success,CID181359,Bike,Whitefield,Frazer Town,294.0,120.0,Not Applicable,Not Applicable,No,Not Applicable,189,UPI,38,3.9,4.1
2024-07-21 09:11:00,CNR7341453408,Success,CID185290,Prime SUV,Ramamurthy Nagar,Basavanagudi,112.0,120.0,Not Applicable,Not Applicable,No,Not Applicable,553,UPI,27,4.4,4.1
2024-07-20 11:12:00,CNR1048840471,Success,CID377479,Prime SUV,Basavanagudi,Kengeri,287.0,55.0,Not Applicable,Not Applicable,Yes,Other Issue,309,Cash,47,3.9,3.2
2024-07-23 12:55:00,CNR1558259724,Success,CID696304,Prime Sedan,Langford Town,Marathahalli,161.0,25.0,Not Applicable,Not Applicable,No,Not Applicable,2967,Cash,43,4.8,4.9
2024-07-21 23:29:00,CNR9682161523,Driver Not Found,CID484608,Mini,Hennur,Kammanahalli,,,Not Applicable,Not Applicable,Not Applicable,Not Applicable,377,Not Applicable,0,,
2024-07-01 10:23:00,CNR2838091772,Success,CID565889,Prime Sedan,Hennur,Vijayanagar,294.0,145.0,Not Applicable,Not Applicable,No,Not Applicable,364,Credit Card,11,4.3,3.4
2024-07-19 10:06:00,CNR7154666146,Success,CID882465,Auto,MG Road,Bannerghatta Road,112.0,140.0,Not Applicable,Not Applicable,No,Not Applicable,275,UPI,18,3.2,3.3
2024-07-14 19:58:00,CNR3260240787,Success,CID730438,eBike,Varthur,Nagarbhavi,182.0,55.0,Not Applicable,Not Applicable,No,Not Applicable,340,UPI,39,4.0,4.0
2024-07-26 14:12:00,CNR9243961475,Canceled by Driver,CID769625,Bike,Yelahanka,Padmanabhanagar,,,Not Applicable,Customer related issue,Not Applicable,Not Applicable,267,Not Applicable,0,,
2024-07-23 14:59:00,CNR3639056121,Success,CID536972,Mini,Hennur,HSR Layout,119.0,45.0,Not Applicable,Not Applicable,No,Not Applicable,589,Cash,6,3.5,4.1
2024-07-12 16:27:00,CNR8746893462,Success,CID948686,Auto,Richmond Town,MG Road,175.0,95.0,Not Applicable,Not Applicable,No,Not Applicable,794,Cash,14,4.8,4.6
2024-07-28 17:55:00,CNR3572810986,Canceled by Driver,CID652081,Prime Plus,Bellandur,Koramangala,,,Not Applicable,Personal & Car related issue,Not Applicable,Not Applicable,317,Not Applicable,0,,
2024-07-06 01:19:00,CNR4621972916,Success,CID640002,Prime Plus,Ulsoor,Varthur,91.0,65.0,Not Applicable,Not Applicable,No,Not Applicable,143,UPI,33,3.6,4.0
2024-07-16 14:00:00,CNR1752393480,Success,CID245573,eBike,Ramamurthy Nagar,Rajajinagar,133.0,110.0,Not Applicable,Not Applicable,No,Not Applicable,247,UPI,36,4.2,3.2
2024-07-18 20:02:00,CNR5112951671,Success,CID664390,eBike,Padmanabhanagar,Hosur Road,35.0,130.0,Not Applicable,Not Applicable,No,Not Applicable,222,Cash,10,3.2,3.9
2024-07-15 14:15:00,CNR5564382703,Success,CID773690,Prime Sedan,Yeshwanthpur,Shantinagar,280.0,75.0,Not Applicable,Not Applicable,No,Not Applicable,219,UPI,31,3.2,4.4
2024-07-03 23:58:00,CNR6883683954,Canceled by Driver,CID661079,Auto,Vijayanagar,Sarjapur Road,,,Not Applicable,Customer related issue,Not Applicable,Not Applicable,215,Not Applicable,0,,
2024-07-10 12:16:00,CNR1096931924,Success,CID432052,Prime Plus,Indiranagar,HSR Layout,119.0,125.0,Not Applicable,Not Applicable,No,Not Applicable,452,UPI,46,3.4,4.9
2024-07-09 12:41:00,CNR1231922164,Success,CID403970,Prime Sedan,Devanahalli,Malleshwaram,266.0,105.0,Not Applicable,Not Applicable,No,Not Applicable,390,Cash,47,4.0,4.9
2024-07-16 04:16:00,CNR5638977958,Success,CID383584,Prime SUV,Electronic City,Varthur,294.0,50.0,Not Applicable,Not Applicable,No,Not Applicable,126,UPI,5,3.3,3.2
2024-07-07 03:04:00,CNR9689878546,Canceled by Customer,CID281425,Bike,Bannerghatta Road,Frazer Town,,,Change of plans,Not Applicable,Not Applicable,Not Applicable,2374,Not Applicable,0,,
2024-07-19 02:19:00,CNR1501422298,Success,CID765826,Prime SUV,Magadi Road,Hulimavu,84.0,115.0,Not Applicable,Not Applicable,No,Not Applicable,212,UPI,7,3.9,4.4
2024-07-28 11:04:00,CNR6055874530,Canceled by Customer,CID327339,Prime Sedan,Indiranagar,Richmond Town,,,Change of plans,Not Applicable,Not Applicable,Not Applicable,225,Not Applicable,0,,
2024-07-23 14:25:00,CNR2242542044,Success,CID355527,Bike,Hosur Road,RT Nagar,56.0,45.0,Not Applicable,Not Applicable,No,Not Applicable,401,UPI,20,4.4,4.8
2024-07-09 13:49:00,CNR7163106917,Success,CID568705,Bike,JP Nagar,Shivajinagar,119.0,130.0,Not Applicable,Not Applicable,No,Not Applicable,271,UPI,13,4.8,3.6
2024-07-20 17:17:00,CNR6770835280,Canceled by Customer,CID419755,Bike,Kengeri,Majestic,,,AC is Not working,Not Applicable,Not Applicable,Not Applicable,262,Not Applicable,0,,
2024-07-28 09:52:00,CNR4420748917,Success,CID788367,Prime Sedan,JP Nagar,Padmanabhanagar,196.0,85.0,Not Applicable,Not Applicable,No,Not Applicable,219,Cash,34,3.7,3.7
2024-07-08 16:21:00,CNR3596535393,Success,CID157563,Bike,Ramamurthy Nagar,HSR Layout,77.0,30.0,Not Applicable,Not Applicable,Yes,Other Issue,482,Cash,42,4.6,4.7
2024-07-27 02:11:00,CNR8752485040,Driver Not Found,CID679204,Prime SUV,Jayanagar,BTM Layout,,,Not Applicable,Not Applicable,Not Applicable,Not Applicable,1160,Not Applicable,0,,
2024-07-24 14:18:00,CNR3080549798,Success,CID575221,Mini,JP Nagar,Banashankari,140.0,95.0,Not Applicable,Not Applicable,No,Not Applicable,2787,Cash,20,4.4,3.8
2024-07-12 07:20:00,CNR1131476145,Driver Not Found,CID449126,Prime Plus,Sahakar Nagar,Whitefield,,,Not Applicable,Not Applicable,Not Applicable,Not Applicable,361,Not Applicable,0,,
2024-07-18 20:11:00,CNR8785312229,Success,CID944124,Prime Plus,BTM Layout,Yelahanka,238.0,85.0,Not Applicable,Not Applicable,No,Not Applicable,743,UPI,21,3.2,3.4
2024-07-03 04:14:00,CNR2672053791,Success,CID380473,Prime Sedan,Ulsoor,Rajajinagar,49.0,110.0,Not Applicable,Not Applicable,No,Not Applicable,379,Cash,41,4.4,4.4
2024-07-30 11:08:00,CNR7439637426,Success,CID212300,Prime SUV,Padmanabhanagar,Whitefield,210.0,60.0,Not Applicable,Not Applicable,No,Not Applicable,2352,Cash,22,4.9,4.3
2024-07-06 11:45:00,CNR5363287760,Success,CID664259,Prime SUV,Shantinagar,Jayanagar,147.0,95.0,Not Applicable,Not Applicable,No,Not Applicable,325,Cash,44,3.7,4.1
2024-07-06 08:53:00,CNR7917665626,Driver Not Found,CID715651,Prime SUV,Rajarajeshwari Nagar,Kengeri,,,Not Applicable,Not Applicable,Not Applicable,Not Applicable,159,Not Applicable,0,,
2024-07-02 13:30:00,CNR5423183018,Canceled by Customer,CID545192,Prime Sedan,Kengeri,Rajajinagar,,,Driver asked to cancel,Not Applicable,Not Applicable,Not Applicable,1966,Not Applicable,0,,
2024-07-20 19:32:00,CNR2917368863,Success,CID586502,Auto,Koramangala,Rajarajeshwari Nagar,119.0,145.0,Not Applicable,Not Applicable,No,Not Applicable,139,Cash,10,4.6,3.7
2024-07-22 02:48:00,CNR1209312311,Canceled by Driver,CID287195,Prime SUV,Vijayanagar,Yeshwanthpur,,,Not Applicable,Personal & Car related issue,Not Applicable,Not Applicable,183,Not Applicable,0,,
2024-07-26 15:17:00,CNR7468925193,Success,CID203456,Bike,Koramangala,Varthur,196.0,90.0,Not Applicable,Not Applicable,No,Not Applicable,939,Cash,32,3.2,4.1
2024-07-17 19:31:00,CNR1925869977,Canceled by Customer,CID398510,Mini,Tumkur Road,Hennur,,,Driver is not moving towards pickup location,Not Applicable,Not Applicable,Not Applicable,900,Not Applicable,0,,
2024-07-18 06:10:00,CNR9827582301,Success,CID206932,Bike,Hebbal,Richmond Town,273.0,75.0,Not Applicable,Not Applicable,No,Not Applicable,358,UPI,43,3.4,4.3
2024-07-29 12:19:00,CNR3449083774,Canceled by Customer,CID868985,Mini,RT Nagar,Rajarajeshwari Nagar,,,Driver is not moving towards pickup location,Not Applicable,Not Applicable,Not Applicable,271,Not Applicable,0,,
2024-07-26 22:42:00,CNR5479023619,Canceled by Driver,CID233025,Prime SUV,HSR Layout,Mysore Road,,,Not Applicable,Customer was coughing/sick,Not Applicable,Not Applicable,216,Not Applicable,0,,
2024-07-13 00:37:00,CNR5143990467,Canceled by Driver,CID167510,eBike,Chickpet,Yeshwanthpur,,,Not Applicable,More than permitted people in there,Not Applicable,Not Applicable,254,Not Applicable,0,,
2024-07-17 08:35:00,CNR1017118989,Success,CID426752,Prime Sedan,Hosur Road,RT Nagar,175.0,120.0,Not Applicable,Not Applicable,No,Not Applicable,681,Cash,39,3.0,3.2
2024-07-26 00:09:00,CNR4709006212,Success,CID199962,eBike,Majestic,Koramangala,280.0,40.0,Not Applicable,Not Applicable,No,Not Applicable,105,UPI,34,4.3,3.7
2024-07-21 11:25:00,CNR7082926215,Success,CID169146,Mini,Sahakar Nagar,Frazer Town,301.0,130.0,Not Applicable,Not Applicable,No,Not Applicable,301,UPI,16,3.9,4.6
2024-07-21 08:48:00,CNR9746853137,Canceled by Driver,CID651364,Prime Plus,Magadi Road,Rajarajeshwari Nagar,,,Not Applicable,Personal & Car related issue,Not Applicable,Not Applicable,338,Not Applicable,0,,
2024-07-19 23:24:00,CNR5945534401,Success,CID326371,Prime SUV,Kammanahalli,Kadugodi,287.0,95.0,Not Applicable,Not Applicable,No,Not Applicable,186,Cash,42,3.1,4.5
2024-07-08 01:39:00,CNR5647039055,Success,CID343727,Prime Sedan,Hennur,Padmanabhanagar,301.0,80.0,Not Applicable,Not Applicable,No,Not Applicable,2876,UPI,19,4.5,4.0
2024-07-03 20:36:00,CNR4247943061,Canceled by Driver,CID810019,Prime SUV,Basavanagudi,MG Road,,,Not Applicable,Customer was coughing/sick,Not Applicable,Not Applicable,450,Not Applicable,0,,
2024-07-29 03:30:00,CNR3474894475,Driver Not Found,CID260303,Prime Sedan,Padmanabhanagar,Vijayanagar,,,Not Applicable,Not Applicable,Not Applicable,Not Applicable,724,Not Applicable,0,,
2024-07-05 04:04:00,CNR1357008825,Success,CID354592,Mini,Bellandur,Devanahalli,259.0,145.0,Not Applicable,Not Applicable,No,Not Applicable,335,UPI,25,3.3,4.7
2024-07-07 06:05:00,CNR9582185644,Success,CID532723,Mini,Sahakar Nagar,Yeshwanthpur,161.0,120.0,Not Applicable,Not Applicable,No,Not Applicable,168,UPI,25,4.9,4.8
2024-07-19 13:19:00,CNR3250628482,Canceled by Customer,CID671612,Bike,Chamarajpet,Padmanabhanagar,,,Change of plans,Not Applicable,Not Applicable,Not Applicable,1512,Not Applicable,0,,
2024-07-06 12:59:00,CNR2907585785,Driver Not Found,CID129008,Auto,Chamarajpet,Richmond Town,,,Not Applicable,Not Applicable,Not Applicable,Not Applicable,169,Not Applicable,0,,
2024-07-10 16:56:00,CNR5820311798,Canceled by Customer,CID829299,Prime Plus,Bannerghatta Road,Kadugodi,,,Change of plans,Not Applicable,Not Applicable,Not Applicable,228,Not Applicable,0,,
2024-07-13 00:19:00,CNR1380966674,Success,CID978936,Bike,Jayanagar,Rajajinagar,154.0,35.0,Not Applicable,Not Applicable,No,Not Applicable,205,Cash,48,4.5,4.6
2024-07-12 04:10:00,CNR6963201161,Success,CID597740,eBike,Langford Town,Rajajinagar,273.0,70.0,Not Applicable,Not Applicable,No,Not Applicable,353,Cash,35,3.1,4.3
2024-07-22 08:11:00,CNR2970889374,Success,CID916787,eBike,Bannerghatta Road,Hosur Road,182.0,45.0,Not Applicable,Not Applicable,No,Not Applicable,254,UPI,6,3.6,3.2
2024-07-22 16:23:00,CNR2392293311,Canceled by Customer,CID693553,Auto,Kengeri,Varthur,,,Wrong Address,Not Applicable,Not Applicable,Not Applicable,210,Not Applicable,0,,
2024-07-30 04:42:00,CNR5720329107,Success,CID440225,eBike,Hebbal,Chickpet,133.0,110.0,Not Applicable,Not Applicable,No,Not Applicable,2560,Cash,11,3.6,4.2
2024-07-27 13:57:00,CNR1407016654,Driver Not Found,CID165544,Prime Sedan,Yelahanka,Cox Town,,,Not Applicable,Not Applicable,Not Applicable,Not Applicable,601,Not Applicable,0,,
2024-07-27 17:29:00,CNR4074657396,Driver Not Found,CID879091,Prime Plus,JP Nagar,Devanahalli,,,Not Applicable,Not Applicable,Not Applicable,Not Applicable,484,Not Applicable,0,,
2024-07-07 15:03:00,CNR8071440738,Canceled by Customer,CID738098,Auto,Basavanagudi,Marathahalli,,,Driver is not moving towards pickup location,Not Applicable,Not Applicable,Not Applicable,493,Not Applicable,0,,
2024-07-13 10:09:00,CNR7850763200,Success,CID942216,Auto,Kammanahalli,Chickpet,42.0,65.0,Not Applicable,Not Applicable,No,Not Applicable,637,Cash,9,3.6,4.8
2024-07-02 17:22:00,CNR4621008586,Success,CID302855,Mini,Shantinagar,Malleshwaram,119.0,25.0,Not Applicable,Not Applicable,No,Not Applicable,360,UPI,4,4.2,4.9
2024-07-27 06:44:00,CNR6328408659,Success,CID132335,Mini,Varthur,Majestic,70.0,55.0,Not Applicable,Not Applicable,No,Not Applicable,826,Cash,30,3.1,3.4
2024-07-16 05:37:00,CNR6911115487,Success,CID851419,Prime SUV,Mysore Road,RT Nagar,259.0,110.0,Not Applicable,Not Applicable,No,Not Applicable,321,Cash,34,4.8,3.0
2024-07-12 06:31:00,CNR8677182492,Driver Not Found,CID588636,Prime SUV,Nagarbhavi,Indiranagar,,,Not Applicable,Not Applicable,Not Applicable,Not Applicable,260,Not Applicable,0,,
2024-07-22 03:17:00,CNR2106573214,Success,CID944766,Prime Sedan,Frazer Town,Hosur Road,294.0,45.0,Not Applicable,Not Applicable,No,Not Applicable,183,Cash,26,3.9,3.2
2024-07-23 07:08:00,CNR5495238985,Canceled by Customer,CID989540,Prime Plus,Yeshwanthpur,Yeshwanthpur,,,Driver is not moving towards pickup location,Not Applicable,Not Applicable,Not Applicable,695,Not Applicable,0,,
2024-07-28 02:40:00,CNR5154483821,Success,CID765809,eBike,Jayanagar,Majestic,168.0,90.0,Not Applicable,Not Applicable,No,Not Applicable,2481,Cash,49,4.5,3.8
2024-07-16 16:36:00,CNR8276100447,Success,CID586323,Bike,Langford Town,Mysore Road,252.0,25.0,Not Applicable,Not Applicable,No,Not Applicable,383,UPI,36,4.9,3.3
2024-07-11 04:53:00,CNR6843420992,Success,CID119392,Bike,Hennur,Hebbal,133.0,100.0,Not Applicable,Not Applicable,No,Not Applicable,152,Cash,34,4.6,3.8
2024-07-05 08:29:00,CNR7599883789,Success,CID445920,Mini,Indiranagar,Nagarbhavi,301.0,110.0,Not Applicable,Not Applicable,No,Not Applicable,178,Cash,42,4.0,4.6
2024-07-15 03:14:00,CNR8813802613,Success,CID947136,eBike,Koramangala,Electronic City,231.0,35.0,Not Applicable,Not Applicable,No,Not Applicable,643,Cash,42,4.8,3.5
2024-07-22 05:15:00,CNR3960633083,Success,CID225675,Prime Plus,Hulimavu,Ramamurthy Nagar,217.0,85.0,Not Applicable,Not Applicable,No,Not Applicable,224,Cash,13,4.7,5.0
2024-07-21 20:57:00,CNR2488699361,Success,CID388541,Prime Sedan,Sahakar Nagar,Hennur,56.0,70.0,Not Applicable,Not Applicable,No,Not Applicable,490,UPI,40,4.6,3.8
2024-07-10 16:30:00,CNR6029358486,Success,CID548527,Prime Plus,Indiranagar,Cox Town,35.0,115.0,Not Applicable,Not Applicable,No,Not Applicable,444,Cash,2,3.9,3.5
2024-07-09 05:09:00,CNR4061412780,Success,CID421714,Auto,Cox Town,Electronic City,175.0,100.0,Not Applicable,Not Applicable,No,Not Applicable,1886,Credit Card,14,3.1,3.5
2024-07-13 03:31:00,CNR6484062267,Success,CID166735,Prime Sedan,Marathahalli,Shantinagar,77.0,125.0,Not Applicable,Not Applicable,No,Not Applicable,499,Cash,45,3.5,3.2
2024-07-10 19:27:00,CNR5269354050,Driver Not Found,CID370586,eBike,HSR Layout,Frazer Town,,,Not Applicable,Not Applicable,Not Applicable,Not Applicable,559,Not Applicable,0,,
2024-07-27 03:02:00,CNR4590022249,Canceled by Driver,CID549033,Auto,Indiranagar,BTM Layout,,,Not Applicable,Personal & Car related issue,Not Applicable,Not Applicable,520,Not Applicable,0,,
2024-07-10 14:17:00,CNR9304887033,Canceled by Driver,CID160597,eBike,BTM Layout,Bannerghatta Road,,,Not Applicable,Personal & Car related issue,Not Applicable,Not Applicable,289,Not Applicable,0,,
2024-07-22 08:45:00,CNR4560373971,Success,CID375888,Prime Plus,Varthur,Rajarajeshwari Nagar,294.0,125.0,Not Applicable,Not Applicable,No,Not Applicable,180,Cash,2,4.2,4.9
2024-07-18 16:39:00,CNR4359677178,Success,CID305696,Bike,Chickpet,Langford Town,273.0,100.0,Not Applicable,Not Applicable,No,Not Applicable,303,UPI,2,4.6,4.9
2024-07-27 08:35:00,CNR8798098039,Success,CID646529,Prime Sedan,Malleshwaram,Malleshwaram,189.0,95.0,Not Applicable,Not Applicable,No,Not Applicable,453,Debit Card,36,3.1,3.2
2024-07-20 00:47:00,CNR2142455274,Canceled by Driver,CID697690,Mini,JP Nagar,Kammanahalli,,,Not Applicable,Customer was coughing/sick,Not Applicable,Not Applicable,207,Not Applicable,0,,
2024-07-30 00:30:00,CNR4917234677,Canceled by Customer,CID302972,Mini,Cox Town,Peenya,,,AC is Not working,Not Applicable,Not Applicable,Not Applicable,660,Not Applicable,0,,
2024-07-29 12:21:00,CNR5700196755,Success,CID449893,Prime Plus,Malleshwaram,Richmond Town,189.0,90.0,Not Applicable,Not Applicable,No,Not Applicable,137,Cash,28,3.8,3.9
2024-07-07 04:37:00,CNR3254169425,Canceled by Driver,CID717120,Prime Plus,RT Nagar,Bannerghatta Road,,,Not Applicable,Customer related issue,Not Applicable,Not Applicable,436,Not Applicable,0,,
2024-07-25 06:56:00,CNR4584983392,Success,CID711277,Bike,Rajarajeshwari Nagar,Chickpet,189.0,80.0,Not Applicable,Not Applicable,No,Not Applicable,1674,Debit Card,14,3.8,4.8
2024-07-11 10:41:00,CNR7025344572,Success,CID104203,Prime Sedan,Indiranagar,Padmanabhanagar,63.0,105.0,Not Applicable,Not Applicable,No,Not Applicable,122,Cash,37,4.2,4.7
2024-07-23 02:35:00,CNR4750462057,Success,CID842511,eBike,RT Nagar,Kammanahalli,252.0,60.0,Not Applicable,Not Applicable,No,Not Applicable,268,Cash,18,4.7,3.7
2024-07-30 21:37:00,CNR6391889824,Canceled by Driver,CID459781,Mini,Cox Town,Indiranagar,,,Not Applicable,Customer related issue,Not Applicable,Not Applicable,416,Not Applicable,0,,
2024-07-11 07:00:00,CNR6307352658,Driver Not Found,CID572735,Auto,Hulimavu,Ramamurthy Nagar,,,Not Applicable,Not Applicable,Not Applicable,Not Applicable,106,Not Applicable,0,,
2024-07-17 05:48:00,CNR5365788797,Success,CID929884,Prime SUV,Padmanabhanagar,Shantinagar,308.0,85.0,Not Applicable,Not Applicable,No,Not Applicable,906,Cash,43,5.0,4.8
2024-07-28 04:29:00,CNR4621138611,Canceled by Driver,CID469729,Prime Sedan,Ramamurthy Nagar,KR Puram,,,Not Applicable,Customer related issue,Not Applicable,Not Applicable,478,Not Applicable,0,,
2024-07-07 04:34:00,CNR3124522162,Success,CID692122,Prime Sedan,Chamarajpet,Varthur,91.0,65.0,Not Applicable,Not Applicable,No,Not Applicable,155,UPI,13,4.6,4.2
2024-07-28 21:02:00,CNR2208573468,Success,CID828977,Mini,Frazer Town,Banashankari,259.0,120.0,Not Applicable,Not Applicable,No,Not Applicable,314,Cash,46,3.5,3.4
2024-07-28 13:02:00,CNR9532640515,Success,CID794487,Bike,Sahakar Nagar,Banashankari,168.0,120.0,Not Applicable,Not Applicable,No,Not Applicable,895,Cash,16,4.9,3.0
2024-07-01 14:51:00,CNR8533537176,Success,CID541662,eBike,Ulsoor,Kadugodi,147.0,80.0,Not Applicable,Not Applicable,No,Not Applicable,434,UPI,10,4.7,4.9
2024-07-20 04:36:00,CNR7963257166,Canceled by Customer,CID376233,Prime SUV,Bellandur,Chamarajpet,,,AC is Not working,Not Applicable,Not Applicable,Not Applicable,477,Not Applicable,0,,
2024-07-10 07:38:00,CNR9079254683,Canceled by Driver,CID435328,eBike,Sahakar Nagar,Kadugodi,,,Not Applicable,Personal & Car related issue,Not Applicable,Not Applicable,1274,Not Applicable,0,,
2024-07-15 03:59:00,CNR5392426063,Driver Not Found,CID758984,Prime SUV,Hennur,Devanahalli,,,Not Applicable,Not Applicable,Not Applicable,Not Applicable,743,Not Applicable,0,,
2024-07-23 02:29:00,CNR3159671933,Canceled by Driver,CID118884,Bike,Yeshwanthpur,Yelahanka,,,Not Applicable,Customer related issue,Not Applicable,Not Applicable,318,Not Applicable,0,,
2024-07-28 23:56:00,CNR9208994199,Success,CID913768,Auto,Chickpet,Yelahanka,63.0,100.0,Not Applicable,Not Applicable,No,Not Applicable,284,Cash,10,4.3,4.4
2024-07-28 04:26:00,CNR3407732276,Canceled by Customer,CID220601,eBike,KR Puram,HSR Layout,,,Change of plans,Not Applicable,Not Applicable,Not Applicable,843,Not Applicable,0,,
2024-07-24 09:34:00,CNR9373569388,Success,CID302439,Prime SUV,Malleshwaram,Shivajinagar,42.0,110.0,Not Applicable,Not Applicable,No,Not Applicable,980,UPI,3,3.3,3.8
2024-07-27 20:49:00,CNR9309164518,Canceled by Driver,CID746527,Prime Sedan,Frazer Town,Rajarajeshwari Nagar,,,Not Applicable,Personal & Car related issue,Not Applicable,Not Applicable,346,Not Applicable,0,,
2024-07-01 21:07:00,CNR9306952681,Canceled by Customer,CID491549,Prime Sedan,KR Puram,JP Nagar,,,Driver asked to cancel,Not Applicable,Not Applicable,Not Applicable,278,Not Applicable,0,,
2024-07-09 23:10:00,CNR3960237319,Canceled by Driver,CID903382,Prime SUV,Chamarajpet,Bellandur,,,Not Applicable,Customer related issue,Not Applicable,Not Applicable,497,Not Applicable,0,,
2024-07-06 19:41:00,CNR3244479386,Canceled by Driver,CID147970,Auto,Ulsoor,Frazer Town,,,Not Applicable,Personal & Car related issue,Not Applicable,Not Applicable,857,Not Applicable,0,,
2024-07-20 22:34:00,CNR2703953164,Success,CID876549,Auto,Kadugodi,Frazer Town,210.0,25.0,Not Applicable,Not Applicable,No,Not Applicable,877,Cash,1,4.8,3.3
2024-07-05 03:21:00,CNR2766095791,Canceled by Driver,CID636425,Mini,Whitefield,Malleshwaram,,,Not Applicable,Customer related issue,Not Applicable,Not Applicable,807,Not Applicable,0,,
2024-07-16 20:26:00,CNR6109313231,Canceled by Customer,CID811174,Bike,Sahakar Nagar,Rajarajeshwari Nagar,,,Driver is not moving towards pickup location,Not Applicable,Not Applicable,Not Applicable,191,Not Applicable,0,,
2024-07-06 02:48:00,CNR2955177759,Success,CID970545,Auto,Tumkur Road,Richmond Town,245.0,40.0,Not Applicable,Not Applicable,No,Not Applicable,473,Cash,4,4.8,3.4
2024-07-08 10:37:00,CNR4471775579,Canceled by Driver,CID336459,Prime Sedan,Tumkur Road,Rajarajeshwari Nagar,,,Not Applicable,Personal & Car related issue,Not Applicable,Not Applicable,1898,Not Applicable,0,,
2024-07-09 19:46:00,CNR6392974478,Success,CID293789,Prime Plus,Chamarajpet,Cox Town,203.0,40.0,Not Applicable,Not Applicable,No,Not Applicable,212,Cash,21,3.7,3.7
2024-07-13 14:33:00,CNR7412519740,Success,CID724822,Auto,Yeshwanthpur,Tumkur Road,280.0,35.0,Not Applicable,Not Applicable,No,Not Applicable,245,UPI,1,3.4,3.8
2024-07-27 17:52:00,CNR2749979834,Canceled by Customer,CID311434,Prime Plus,KR Puram,Yeshwanthpur,,,Change of plans,Not Applicable,Not Applicable,Not Applicable,438,Not Applicable,0,,
2024-07-21 16:33:00,CNR6184746477,Success,CID153886,Auto,Shivajinagar,Varthur,210.0,85.0,Not Applicable,Not Applicable,No,Not Applicable,320,UPI,3,4.4,4.9
2024-07-13 21:49:00,CNR9974176559,Success,CID524982,Prime Sedan,Hebbal,Devanahalli,273.0,35.0,Not Applicable,Not Applicable,No,Not Applicable,121,Cash,46,3.4,3.6
2024-07-25 05:15:00,CNR2551809671,Success,CID939692,Prime SUV,Yeshwanthpur,Bannerghatta Road,175.0,40.0,Not Applicable,Not Applicable,No,Not Applicable,971,UPI,22,3.3,4.9
2024-07-10 00:55:00,CNR9624217831,Success,CID802940,eBike,Magadi Road,Chamarajpet,182.0,110.0,Not Applicable,Not Applicable,No,Not Applicable,973,Cash,46,3.1,4.9
2024-07-03 05:24:00,CNR1019159983,Success,CID281688,Auto,Varthur,Devanahalli,210.0,145.0,Not Applicable,Not Applicable,No,Not Applicable,127,Cash,7,5.0,3.9
2024-07-16 13:41:00,CNR5254608801,Success,CID579028,Prime Sedan,Magadi Road,Peenya,77.0,100.0,Not Applicable,Not Applicable,No,Not Applicable,311,Cash,2,4.6,4.6
2024-07-08 19:37:00,CNR2122748009,Success,CID381082,eBike,Bannerghatta Road,HSR Layout,273.0,145.0,Not Applicable,Not Applicable,No,Not Applicable,1437,UPI,13,3.4,3.9
2024-07-16 20:41:00,CNR7162338569,Canceled by Driver,CID795854,Prime Plus,Bannerghatta Road,Banashankari,,,Not Applicable,Personal & Car related issue,Not Applicable,Not Applicable,861,Not Applicable,0,,
2024-07-03 18:06:00,CNR4070226892,Canceled by Driver,CID242682,Prime Plus,Devanahalli,Jayanagar,,,Not Applicable,Customer was coughing/sick,Not Applicable,Not Applicable,437,Not Applicable,0,,
2024-07-14 04:04:00,CNR2701126637,Canceled by Driver,CID870217,Bike,Hennur,Shivajinagar,,,Not Applicable,Customer was coughing/sick,Not Applicable,Not Applicable,350,Not Applicable,0,,
2024-07-02 01:53:00,CNR1912383347,Success,CID427333,Prime SUV,RT Nagar,Marathahalli,126.0,110.0,Not Applicable,Not Applicable,No,Not Applicable,290,UPI,29,4.7,4.6
2024-07-05 07:05:00,CNR7204319418,Canceled by Driver,CID245171,eBike,BTM Layout,Kammanahalli,,,Not Applicable,Customer was coughing/sick,Not Applicable,Not Applicable,190,Not Applicable,0,,
2024-07-12 21:54:00,CNR2000729495,Success,CID388676,Mini,Bannerghatta Road,Peenya,210.0,50.0,Not Applicable,Not Applicable,No,Not Applicable,369,Cash,40,4.3,4.4
2024-07-26 18:37:00,CNR5778738486,Success,CID932778,Bike,Whitefield,Magadi Road,245.0,35.0,Not Applicable,Not Applicable,No,Not Applicable,1077,UPI,34,4.4,4.5
2024-07-09 18:19:00,CNR7854516776,Canceled by Driver,CID419645,Auto,Majestic,Bannerghatta Road,,,Not Applicable,Personal & Car related issue,Not Applicable,Not Applicable,485,Not Applicable,0,,
2024-07-10 18:13:00,CNR1151028506,Canceled by Driver,CID169454,Prime SUV,Chickpet,RT Nagar,,,Not Applicable,Customer related issue,Not Applicable,Not Applicable,263,Not Applicable,0,,
2024-07-07 10:10:00,CNR7589831353,Success,CID528607,Bike,Kammanahalli,RT Nagar,56.0,75.0,Not Applicable,Not Applicable,No,Not Applicable,399,UPI,13,4.7,3.2
2024-07-09 21:17:00,CNR8208219957,Success,CID267984,eBike,Ulsoor,Varthur,126.0,110.0,Not Applicable,Not Applicable,No,Not Applicable,2299,Cash,41,3.1,3.3
2024-07-05 12:50:00,CNR2822099821,Success,CID975307,Mini,Basavanagudi,Marathahalli,133.0,95.0,Not Applicable,Not Applicable,No,Not Applicable,271,UPI,31,4.1,4.5
2024-07-14 06:15:00,CNR2811562094,Driver Not Found,CID889352,Prime Plus,HSR Layout,Sarjapur Road,,,Not Applicable,Not Applicable,Not Applicable,Not Applicable,140,Not Applicable,0,,
2024-07-27 16:17:00,CNR6327356078,Success,CID108085,Prime Plus,Sahakar Nagar,Shantinagar,70.0,65.0,Not Applicable,Not Applicable,No,Not Applicable,291,Cash,16,4.0,5.0
2024-07-05 20:23:00,CNR5760612257,Success,CID806292,Prime SUV,Ramamurthy Nagar,Majestic,210.0,105.0,Not Applicable,Not Applicable,No,Not Applicable,299,UPI,23,3.8,3.6
2024-07-25 11:21:00,CNR7459142962,Success,CID328072,Mini,HSR Layout,Malleshwaram,238.0,75.0,Not Applicable,Not Applicable,No,Not Applicable,121,Cash,1,4.5,3.0
2024-07-16 06:30:00,CNR5889842910,Success,CID473604,eBike,MG Road,Magadi Road,266.0,45.0,Not Applicable,Not Applicable,No,Not Applicable,307,Debit Card,2,4.1,3.6
2024-07-03 05:27:00,CNR3064158377,Success,CID104509,Prime SUV,Majestic,Marathahalli,98.0,50.0,Not Applicable,Not Applicable,No,Not Applicable,173,Cash,10,3.9,3.7
2024-07-25 22:54:00,CNR7018493414,Success,CID372805,Mini,Banashankari,Rajajinagar,287.0,90.0,Not Applicable,Not Applicable,No,Not Applicable,1179,Cash,33,5.0,5.0
2024-07-04 13:17:00,CNR5181316024,Success,CID441318,Auto,Hebbal,Hennur,210.0,125.0,Not Applicable,Not Applicable,No,Not Applicable,454,Cash,19,4.0,3.4
2024-07-08 15:56:00,CNR8446713205,Canceled by Driver,CID520291,Prime Sedan,Richmond Town,Basavanagudi,,,Not Applicable,Personal & Car related issue,Not Applicable,Not Applicable,676,Not Applicable,0,,
2024-07-14 12:00:00,CNR1658266789,Success,CID670678,Auto,Bellandur,Hulimavu,224.0,30.0,Not Applicable,Not Applicable,No,Not Applicable,283,Credit Card,15,4.8,4.2
2024-07-23 13:56:00,CNR8647303220,Canceled by Driver,CID265720,eBike,Bannerghatta Road,BTM Layout,,,Not Applicable,Personal & Car related issue,Not Applicable,Not Applicable,664,Not Applicable,0,,
2024-07-19 23:27:00,CNR4225867167,Canceled by Driver,CID185402,Prime Plus,Majestic,Peenya,,,Not Applicable,More than permitted people in there,Not Applicable,Not Applicable,122,Not Applicable,0,,
2024-07-21 03:31:00,CNR6852405401,Success,CID457868,Prime SUV,Hulimavu,Tumkur Road,126.0,40.0,Not Applicable,Not Applicable,No,Not Applicable,220,UPI,23,4.3,4.4
2024-07-18 11:03:00,CNR2821299602,Success,CID162861,Prime Plus,Sahakar Nagar,Bannerghatta Road,91.0,110.0,Not Applicable,Not Applicable,Yes,Other Issue,246,Cash,46,4.6,4.6
2024-07-09 02:32:00,CNR9867333347,Canceled by Customer,CID470855,Auto,Bellandur,Jayanagar,,,Change of plans,Not Applicable,Not Applicable,Not Applicable,544,Not Applicable,0,,
2024-07-22 05:48:00,CNR9018713315,Canceled by Customer,CID429855,Bike,Jayanagar,Kengeri,,,Driver asked to cancel,Not Applicable,Not Applicable,Not Applicable,396,Not Applicable,0,,
2024-07-17 13:04:00,CNR8211466613,Canceled by Driver,CID391659,Bike,HSR Layout,Devanahalli,,,Not Applicable,More than permitted people in there,Not Applicable,Not Applicable,359,Not Applicable,0,,
2024-07-22 19:38:00,CNR4950742394,Success,CID163949,Prime Plus,Yelahanka,Kengeri,133.0,70.0,Not Applicable,Not Applicable,No,Not Applicable,455,Cash,13,4.8,3.4
2024-07-21 22:22:00,CNR5970372020,Success,CID299353,Auto,Cox Town,Banashankari,168.0,120.0,Not Applicable,Not Applicable,No,Not Applicable,952,Cash,1,4.3,3.4
2024-07-17 12:26:00,CNR5781092506,Canceled by Customer,CID990288,Prime Plus,Koramangala,Shivajinagar,,,AC is Not working,Not Applicable,Not Applicable,Not Applicable,807,Not Applicable,0,,
2024-07-18 05:07:00,CNR8941192629,Canceled by Driver,CID875971,Prime Sedan,BTM Layout,Indiranagar,,,Not Applicable,Personal & Car related issue,Not Applicable,Not Applicable,326,Not Applicable,0,,
2024-07-21 04:45:00,CNR2277230374,Driver Not Found,CID506897,Auto,Malleshwaram,Shantinagar,,,Not Applicable,Not Applicable,Not Applicable,Not Applicable,2633,Not Applicable,0,,
2024-07-14 00:36:00,CNR2733726469,Success,CID274739,Mini,Basavanagudi,Vijayanagar,252.0,45.0,Not Applicable,Not Applicable,No,Not Applicable,343,UPI,5,3.2,3.2
2024-07-22 14:46:00,CNR4561315716,Success,CID507319,Prime SUV,Yeshwanthpur,Electronic City,119.0,85.0,Not Applicable,Not Applicable,No,Not Applicable,200,Cash,41,3.3,4.3
2024-07-11 11:26:00,CNR6955470066,Success,CID421471,Prime Sedan,Bannerghatta Road,Sarjapur Road,238.0,100.0,Not Applicable,Not Applicable,No,Not Applicable,499,Cash,15,4.2,3.9
2024-07-27 20:35:00,CNR1172371823,Canceled by Driver,CID603236,Prime Sedan,Kadugodi,Banashankari,,,Not Applicable,More than permitted people in there,Not Applicable,Not Applicable,405,Not Applicable,0,,
2024-07-08 20:01:00,CNR4370916973,Success,CID434944,Mini,Padmanabhanagar,Kengeri,168.0,85.0,Not Applicable,Not Applicable,No,Not Applicable,2766,Cash,45,3.0,4.2
2024-07-25 17:35:00,CNR2156641080,Success,CID859772,eBike,Hosur Road,Shantinagar,147.0,70.0,Not Applicable,Not Applicable,No,Not Applicable,498,Cash,3,3.9,3.6
2024-07-13 01:16:00,CNR2480689530,Success,CID285398,Auto,Magadi Road,Vijayanagar,231.0,40.0,Not Applicable,Not Applicable,No,Not Applicable,438,Cash,5,4.9,4.8
2024-07-15 03:24:00,CNR6835343450,Success,CID501147,Prime Sedan,Yeshwanthpur,Rajajinagar,70.0,125.0,Not Applicable,Not Applicable,No,Not Applicable,216,Cash,12,4.4,3.9
2024-07-24 02:11:00,CNR1648299154,Success,CID853062,Mini,Electronic City,Hosur Road,245.0,145.0,Not Applicable,Not Applicable,No,Not Applicable,762,Cash,42,3.1,3.0
2024-07-08 22:04:00,CNR2714859006,Canceled by Driver,CID505639,Auto,Devanahalli,Basavanagudi,,,Not Applicable,Personal & Car related issue,Not Applicable,Not Applicable,494,Not Applicable,0,,
2024-07-22 18:53:00,CNR6121106374,Success,CID205660,Prime SUV,Ramamurthy Nagar,Marathahalli,280.0,110.0,Not Applicable,Not Applicable,No,Not Applicable,470,Cash,38,4.2,4.3
2024-07-25 16:55:00,CNR2491290061,Success,CID588373,Auto,Hosur Road,Richmond Town,266.0,100.0,Not Applicable,Not Applicable,No,Not Applicable,214,UPI,11,3.3,3.6
2024-07-30 11:18:00,CNR3541378957,Success,CID860973,Prime SUV,KR Puram,Electronic City,245.0,105.0,Not Applicable,Not Applicable,No,Not Applicable,885,Cash,30,3.4,3.1
2024-07-01 11:28:00,CNR4635817188,Success,CID568974,Mini,Kadugodi,Hennur,238.0,45.0,Not Applicable,Not Applicable,No,Not Applicable,145,UPI,7,3.3,3.6
2024-07-19 21:58:00,CNR1399267644,Success,CID389154,Bike,BTM Layout,Ramamurthy Nagar,259.0,35.0,Not Applicable,Not Applicable,No,Not Applicable,180,UPI,22,4.7,4.1
2024-07-13 15:23:00,CNR7506447314,Success,CID265909,eBike,Shivajinagar,Chamarajpet,84.0,40.0,Not Applicable,Not Applicable,No,Not Applicable,451,UPI,16,3.7,3.6
2024-07-28 21:57:00,CNR2255544815,Success,CID158137,Prime Plus,Sarjapur Road,Hulimavu,203.0,30.0,Not Applicable,Not Applicable,No,Not Applicable,407,Cash,44,4.4,4.7
2024-07-06 05:28:00,CNR3151861827,Success,CID418756,Bike,Langford Town,Kammanahalli,133.0,75.0,Not Applicable,Not Applicable,No,Not Applicable,103,Cash,33,4.2,3.1
2024-07-21 18:14:00,CNR1585599595,Canceled by Driver,CID711753,eBike,Kammanahalli,Koramangala,,,Not Applicable,Customer related issue,Not Applicable,Not Applicable,201,Not Applicable,0,,
2024-07-04 15:23:00,CNR3281243007,Success,CID421171,Prime Sedan,Vijayanagar,Chickpet,203.0,55.0,Not Applicable,Not Applicable,No,Not Applicable,412,UPI,36,3.7,4.5
2024-07-01 02:15:00,CNR4072182038,Success,CID992746,eBike,Rajajinagar,KR Puram,42.0,50.0,Not Applicable,Not Applicable,No,Not Applicable,549,Cash,41,4.9,3.1
2024-07-12 06:26:00,CNR7929237243,Success,CID900823,Prime Plus,Varthur,Jayanagar,252.0,50.0,Not Applicable,Not Applicable,No,Not Applicable,364,UPI,37,4.2,4.9
2024-07-26 12:24:00,CNR2135915104,Success,CID278845,Prime Plus,RT Nagar,Koramangala,154.0,25.0,Not Applicable,Not Applicable,No,Not Applicable,2975,Cash,30,4.1,3.2
2024-07-29 03:39:00,CNR9920538147,Success,CID115361,Auto,Langford Town,Marathahalli,308.0,130.0,Not Applicable,Not Applicable,No,Not Applicable,372,Cash,2,3.3,4.7
2024-07-07 17:23:00,CNR5842456836,Success,CID361093,Bike,Hulimavu,RT Nagar,259.0,55.0,Not Applicable,Not Applicable,No,Not Applicable,339,Credit Card,5,4.2,3.5
2024-07-19 00:51:00,CNR8882427246,Success,CID359507,Mini,Hebbal,Hebbal,273.0,65.0,Not Applicable,Not Applicable,No,Not Applicable,916,Cash,28,4.5,4.5
2024-07-03 09:59:00,CNR9000453174,Canceled by Customer,CID433232,Bike,Padmanabhanagar,Shivajinagar,,,Driver asked to cancel,Not Applicable,Not Applicable,Not Applicable,194,Not Applicable,0,,
2024-07-10 20:33:00,CNR4674035813,Success,CID513703,Mini,Jayanagar,Devanahalli,196.0,90.0,Not Applicable,Not Applicable,No,Not Applicable,613,Cash,12,4.6,3.5
2024-07-12 01:31:00,CNR6040413433,Canceled by Driver,CID904054,eBike,Indiranagar,Ulsoor,,,Not Applicable,Personal & Car related issue,Not Applicable,Not Applicable,207,Not Applicable,0,,
2024-07-29 09:05:00,CNR6577783154,Canceled by Driver,CID841608,Bike,Sarjapur Road,Electronic City,,,Not Applicable,More than permitted people in there,Not Applicable,Not Applicable,298,Not Applicable,0,,
2024-07-28 01:42:00,CNR1764270883,Success,CID405198,Prime SUV,Bannerghatta Road,Basavanagudi,126.0,25.0,Not Applicable,Not Applicable,No,Not Applicable,138,UPI,1,4.2,4.1
2024-07-20 22:20:00,CNR5383017888,Success,CID687704,Prime Plus,Hulimavu,KR Puram,210.0,25.0,Not Applicable,Not Applicable,No,Not Applicable,261,UPI,24,4.1,4.1
2024-07-13 19:18:00,CNR2584957433,Success,CID852728,Bike,Sahakar Nagar,Mysore Road,301.0,55.0,Not Applicable,Not Applicable,No,Not Applicable,1461,Credit Card,30,3.5,4.6
2024-07-11 09:24:00,CNR2316911690,Success,CID876945,Prime Plus,Marathahalli,Peenya,266.0,65.0,Not Applicable,Not Applicable,No,Not Applicable,685,Cash,3,4.7,4.2
2024-07-13 13:42:00,CNR8718998556,Canceled by Driver,CID949138,Prime SUV,Ulsoor,Majestic,,,Not Applicable,Customer related issue,Not Applicable,Not Applicable,689,Not Applicable,0,,
2024-07-01 22:48:00,CNR1245647537,Success,CID211521,eBike,Majestic,Yeshwanthpur,252.0,130.0,Not Applicable,Not Applicable,No,Not Applicable,736,Cash,31,4.2,3.9
2024-07-19 09:04:00,CNR9104407023,Success,CID199034,Mini,Vijayanagar,Kadugodi,77.0,90.0,Not Applicable,Not Applicable,No,Not Applicable,426,UPI,27,4.5,4.2
2024-07-23 09:17:00,CNR7000464382,Driver Not Found,CID891525,Auto,Varthur,Hennur,,,Not Applicable,Not Applicable,Not Applicable,Not Applicable,2811,Not Applicable,0,,
2024-07-25 02:24:00,CNR1914250065,Driver Not Found,CID572071,Prime Sedan,Majestic,Magadi Road,,,Not Applicable,Not Applicable,Not Applicable,Not Applicable,1993,Not Applicable,0,,
2024-07-13 21:49:00,CNR1999165510,Success,CID220318,Auto,JP Nagar,Ulsoor,266.0,30.0,Not Applicable,Not Applicable,No,Not Applicable,185,UPI,5,4.0,3.0
2024-07-01 21:13:00,CNR1844900901,Canceled by Driver,CID463826,eBike,Rajajinagar,Hosur Road,,,Not Applicable,Personal & Car related issue,Not Applicable,Not Applicable,256,Not Applicable,0,,
2024-07-25 19:10:00,CNR8867095492,Success,CID817674,Prime Plus,Ramamurthy Nagar,RT Nagar,287.0,95.0,Not Applicable,Not Applicable,Yes,Vehicle Breakdown,208,Cash,19,4.0,3.9
2024-07-12 13:55:00,CNR4699688887,Success,CID509839,Prime Sedan,Tumkur Road,MG Road,98.0,120.0,Not Applicable,Not Applicable,Yes,Customer Demand,140,Cash,48,3.3,3.7
2024-07-30 02:20:00,CNR3443493057,Canceled by Customer,CID764903,Prime Sedan,Banashankari,Kengeri,,,Driver is not moving towards pickup location,Not Applicable,Not Applicable,Not Applicable,124,Not Applicable,0,,
2024-07-23 07:10:00,CNR9755574636,Canceled by Driver,CID855525,Mini,Rajajinagar,Peenya,,,Not Applicable,Customer related issue,Not Applicable,Not Applicable,427,Not Applicable,0,,
2024-07-23 09:30:00,CNR8418531607,Canceled by Driver,CID715979,Prime Sedan,Whitefield,Vijayanagar,,,Not Applicable,Customer was coughing/sick,Not Applicable,Not Applicable,409,Not Applicable,0,,
2024-07-21 03:05:00,CNR4471409546,Canceled by Driver,CID570311,Bike,Tumkur Road,Hennur,,,Not Applicable,Customer was coughing/sick,Not Applicable,Not Applicable,276,Not Applicable,0,,
2024-07-28 09:23:00,CNR6862404282,Success,CID548034,Prime Plus,Chamarajpet,Langford Town,287.0,100.0,Not Applicable,Not Applicable,No,Not Applicable,283,Cash,36,3.8,4.0
2024-07-05 04:51:00,CNR8859500213,Success,CID571688,Mini,Varthur,Varthur,189.0,125.0,Not Applicable,Not Applicable,No,Not Applicable,424,UPI,12,4.8,3.2
2024-07-29 01:16:00,CNR7243677313,Success,CID302108,Prime Plus,Devanahalli,Richmond Town,210.0,100.0,Not Applicable,Not Applicable,No,Not Applicable,123,Cash,12,4.9,4.7
2024-07-22 16:29:00,CNR3836090811,Canceled by Driver,CID731353,eBike,Rajajinagar,Ulsoor,,,Not Applicable,Personal & Car related issue,Not Applicable,Not Applicable,394,Not Applicable,0,,
2024-07-12 23:43:00,CNR7518076112,Canceled by Customer,CID724289,Prime Sedan,MG Road,Kengeri,,,AC is Not working,Not Applicable,Not Applicable,Not Applicable,928,Not Applicable,0,,
2024-07-25 22:38:00,CNR6266728514,Success,CID509792,Prime Sedan,Cox Town,Padmanabhanagar,119.0,75.0,Not Applicable,Not Applicable,No,Not Applicable,400,Cash,42,3.7,4.1
2024-07-20 15:29:00,CNR7877901842,Success,CID305515,Mini,Yelahanka,Devanahalli,77.0,85.0,Not Applicable,Not Applicable,No,Not Applicable,836,UPI,18,4.1,3.0
2024-07-13 07:45:00,CNR3370648743,Success,CID679970,Auto,Basavanagudi,Chickpet,217.0,110.0,Not Applicable,Not Applicable,No,Not Applicable,735,UPI,9,4.3,3.0
2024-07-03 04:03:00,CNR9248805512,Canceled by Customer,CID778292,Auto,Chickpet,Shivajinagar,,,Driver asked to cancel,Not Applicable,Not Applicable,Not Applicable,2783,Not Applicable,0,,
2024-07-29 09:35:00,CNR8071556239,Success,CID202472,Auto,Vijayanagar,Hennur,168.0,30.0,Not Applicable,Not Applicable,Yes,Vehicle Breakdown,694,Cash,4,3.7,3.4
2024-07-29 13:55:00,CNR8874049916,Success,CID386596,Mini,Rajarajeshwari Nagar,Magadi Road,154.0,30.0,Not Applicable,Not Applicable,No,Not Applicable,290,UPI,31,3.4,3.3
2024-07-26 10:46:00,CNR7835865785,Success,CID618997,Bike,Ramamurthy Nagar,Ulsoor,91.0,135.0,Not Applicable,Not Applicable,No,Not Applicable,916,Cash,29,5.0,3.1
2024-07-07 18:37:00,CNR3683223895,Success,CID598750,Prime Sedan,JP Nagar,Koramangala,252.0,25.0,Not Applicable,Not Applicable,No,Not Applicable,739,UPI,33,4.2,4.2
2024-07-27 12:29:00,CNR6011916657,Success,CID976797,Prime SUV,Peenya,Indiranagar,133.0,65.0,Not Applicable,Not Applicable,No,Not Applicable,363,Cash,8,3.1,4.1
2024-07-20 16:30:00,CNR4916250252,Success,CID244779,Auto,KR Puram,Jayanagar,273.0,130.0,Not Applicable,Not Applicable,No,Not Applicable,734,UPI,19,4.1,3.7
2024-07-05 00:38:00,CNR9933748533,Canceled by Driver,CID524335,Prime SUV,Hebbal,Electronic City,,,Not Applicable,More than permitted people in there,Not Applicable,Not Applicable,693,Not Applicable,0,,
2024-07-27 07:46:00,CNR2345743122,Canceled by Driver,CID788821,eBike,Shantinagar,Majestic,,,Not Applicable,Personal & Car related issue,Not Applicable,Not Applicable,243,Not Applicable,0,,
2024-07-26 19:54:00,CNR5418451217,Canceled by Customer,CID791620,Prime SUV,Marathahalli,Shantinagar,,,Change of plans,Not Applicable,Not Applicable,Not Applicable,214,Not Applicable,0,,
2024-07-05 09:45:00,CNR7642618178,Success,CID744910,Prime SUV,Magadi Road,Kengeri,245.0,80.0,Not Applicable,Not Applicable,No,Not Applicable,304,Credit Card,6,4.8,3.6
2024-07-03 21:38:00,CNR6443738646,Canceled by Driver,CID613221,eBike,Chamarajpet,MG Road,,,Not Applicable,More than permitted people in there,Not Applicable,Not Applicable,441,Not Applicable,0,,
2024-07-12 03:04:00,CNR2280095520,Success,CID333285,Bike,Kengeri,Devanahalli,301.0,25.0,Not Applicable,Not Applicable,No,Not Applicable,221,UPI,24,3.9,4.2
2024-07-10 11:30:00,CNR9020896520,Success,CID158445,Mini,Tumkur Road,Hebbal,259.0,70.0,Not Applicable,Not Applicable,No,Not Applicable,851,UPI,33,4.8,3.7
2024-07-28 11:38:00,CNR5970602664,Success,CID322309,Auto,Peenya,KR Puram,112.0,60.0,Not Applicable,Not Applicable,No,Not Applicable,187,UPI,5,3.3,3.5
2024-07-11 13:15:00,CNR7172900070,Success,CID851324,Bike,Basavanagudi,Hulimavu,49.0,40.0,Not Applicable,Not Applicable,No,Not Applicable,341,Cash,7,3.0,3.3
2024-07-23 22:33:00,CNR1096742609,Success,CID441011,Bike,Shantinagar,Hebbal,203.0,60.0,Not Applicable,Not Applicable,No,Not Applicable,2346,Credit Card,42,3.8,4.7
2024-07-04 21:14:00,CNR1666180617,Canceled by Customer,CID774127,Prime SUV,Hulimavu,Kadugodi,,,Driver asked to cancel,Not Applicable,Not Applicable,Not Applicable,437,Not Applicable,0,,
2024-07-17 07:52:00,CNR4132346374,Canceled by Driver,CID764871,Prime Plus,Bannerghatta Road,Hulimavu,,,Not Applicable,Personal & Car related issue,Not Applicable,Not Applicable,449,Not Applicable,0,,
2024-07-26 10:54:00,CNR6588160089,Driver Not Found,CID631374,Bike,BTM Layout,Marathahalli,,,Not Applicable,Not Applicable,Not Applicable,Not Applicable,410,Not Applicable,0,,
2024-07-28 10:54:00,CNR9542114309,Success,CID797756,Prime SUV,Hebbal,Majestic,280.0,80.0,Not Applicable,Not Applicable,Yes,Customer Demand,123,Cash,49,4.8,4.1
2024-07-27 02:05:00,CNR9597430844,Success,CID659957,Prime Plus,Majestic,Vijayanagar,56.0,85.0,Not Applicable,Not Applicable,No,Not Applicable,251,UPI,19,3.3,4.8
2024-07-28 17:49:00,CNR3828087829,Success,CID489415,Auto,Electronic City,Electronic City,210.0,65.0,Not Applicable,Not Applicable,No,Not Applicable,491,Cash,7,4.8,4.2
2024-07-29 16:15:00,CNR8296315833,Driver Not Found,CID997131,eBike,Ulsoor,MG Road,,,Not Applicable,Not Applicable,Not Applicable,Not Applicable,206,Not Applicable,0,,
2024-07-28 09:36:00,CNR6684252767,Canceled by Driver,CID849946,Mini,Hulimavu,Basavanagudi,,,Not Applicable,More than permitted people in there,Not Applicable,Not Applicable,1865,Not Applicable,0,,
2024-07-27 04:47:00,CNR7550177119,Canceled by Driver,CID125248,Prime Sedan,Cox Town,Vijayanagar,,,Not Applicable,Customer was coughing/sick,Not Applicable,Not Applicable,390,Not Applicable,0,,
2024-07-01 19:32:00,CNR9372333695,Driver Not Found,CID837443,Prime Sedan,Sahakar Nagar,Tumkur Road,,,Not Applicable,Not Applicable,Not Applicable,Not Applicable,460,Not Applicable,0,,
2024-07-15 12:03:00,CNR3031677682,Success,CID730805,Prime Plus,Yelahanka,Yeshwanthpur,252.0,130.0,Not Applicable,Not Applicable,No,Not Applicable,144,UPI,7,4.5,3.3
2024-07-25 07:06:00,CNR4338958056,Success,CID779875,Prime SUV,Sarjapur Road,Shantinagar,182.0,25.0,Not Applicable,Not Applicable,No,Not Applicable,102,UPI,2,3.8,4.7
2024-07-03 08:46:00,CNR6676655442,Canceled by Driver,CID726233,Prime Plus,Jayanagar,HSR Layout,,,Not Applicable,Customer related issue,Not Applicable,Not Applicable,967,Not Applicable,0,,
2024-07-05 09:51:00,CNR8417972057,Driver Not Found,CID169097,eBike,Yelahanka,Ulsoor,,,Not Applicable,Not Applicable,Not Applicable,Not Applicable,435,Not Applicable,0,,
2024-07-03 15:32:00,CNR6963224362,Success,CID880363,Bike,Varthur,Chamarajpet,245.0,30.0,Not Applicable,Not Applicable,No,Not Applicable,218,Cash,27,4.5,4.7
2024-07-24 11:58:00,CNR1453775804,Success,CID985090,Prime SUV,Kadugodi,BTM Layout,133.0,105.0,Not Applicable,Not Applicable,No,Not Applicable,763,Cash,48,4.2,3.8
2024-07-29 23:57:00,CNR5469586745,Canceled by Driver,CID680850,Prime Sedan,Kengeri,Sarjapur Road,,,Not Applicable,Customer was coughing/sick,Not Applicable,Not Applicable,882,Not Applicable,0,,
2024-07-25 14:27:00,CNR3432780326,Canceled by Driver,CID599756,Bike,Kammanahalli,Chickpet,,,Not Applicable,Customer related issue,Not Applicable,Not Applicable,857,Not Applicable,0,,
2024-07-30 19:28:00,CNR8702260564,Success,CID284557,Prime SUV,Shantinagar,Kammanahalli,161.0,120.0,Not Applicable,Not Applicable,No,Not Applicable,735,Cash,19,3.5,4.6
2024-07-12 01:59:00,CNR9541612329,Canceled by Driver,CID123959,Prime SUV,Bannerghatta Road,Banashankari,,,Not Applicable,Customer related issue,Not Applicable,Not Applicable,278,Not Applicable,0,,
2024-07-29 11:37:00,CNR9992273437,Success,CID607031,Mini,Kengeri,Richmond Town,273.0,25.0,Not Applicable,Not Applicable,No,Not Applicable,246,UPI,1,3.3,3.4
2024-07-21 17:12:00,CNR4557346205,Canceled by Customer,CID107850,eBike,Shantinagar,Peenya,,,AC is Not working,Not Applicable,Not Applicable,Not Applicable,2252,Not Applicable,0,,
2024-07-16 05:56:00,CNR9502815285,Canceled by Driver,CID510556,Auto,Hulimavu,KR Puram,,,Not Applicable,More than permitted people in there,Not Applicable,Not Applicable,848,Not Applicable,0,,
2024-07-12 02:41:00,CNR6082448561,Canceled by Driver,CID450829,Mini,Nagarbhavi,Magadi Road,,,Not Applicable,Customer related issue,Not Applicable,Not Applicable,430,Not Applicable,0,,
2024-07-21 04:09:00,CNR6214548010,Success,CID339471,Prime Sedan,Basavanagudi,Hebbal,91.0,35.0,Not Applicable,Not Applicable,Yes,Vehicle Breakdown,289,Cash,46,4.4,3.7
2024-07-15 07:53:00,CNR1095109448,Success,CID654727,Prime SUV,Richmond Town,Bannerghatta Road,147.0,35.0,Not Applicable,Not Applicable,No,Not Applicable,506,Cash,24,3.6,3.1
2024-07-13 23:39:00,CNR9340748279,Success,CID908934,Auto,Nagarbhavi,Peenya,91.0,115.0,Not Applicable,Not Applicable,No,Not Applicable,148,Cash,1,3.2,3.7
2024-07-11 08:59:00,CNR9273400301,Canceled by Driver,CID279354,Auto,Hulimavu,Hennur,,,Not Applicable,More than permitted people in there,Not Applicable,Not Applicable,476,Not Applicable,0,,
2024-07-19 16:05:00,CNR7645503040,Canceled by Driver,CID742872,Prime Sedan,Rajajinagar,Devanahalli,,,Not Applicable,More than permitted people in there,Not Applicable,Not Applicable,324,Not Applicable,0,,
2024-07-02 18:52:00,CNR9155638387,Success,CID431372,Prime SUV,Peenya,MG Road,210.0,55.0,Not Applicable,Not Applicable,No,Not Applicable,214,Cash,29,3.6,3.7
2024-07-17 11:53:00,CNR3446646839,Success,CID498907,Mini,RT Nagar,Indiranagar,266.0,40.0,Not Applicable,Not Applicable,No,Not Applicable,150,UPI,4,4.6,3.4
2024-07-28 09:30:00,CNR7100108944,Canceled by Customer,CID115038,Prime Plus,MG Road,Marathahalli,,,Driver asked to cancel,Not Applicable,Not Applicable,Not Applicable,1227,Not Applicable,0,,
2024-07-24 00:35:00,CNR9075670020,Canceled by Driver,CID787386,eBike,BTM Layout,Rajarajeshwari Nagar,,,Not Applicable,Customer was coughing/sick,Not Applicable,Not Applicable,425,Not Applicable,0,,
2024-07-12 12:19:00,CNR9881502301,Success,CID750101,Prime Sedan,Bannerghatta Road,Tumkur Road,294.0,145.0,Not Applicable,Not Applicable,No,Not Applicable,182,UPI,12,3.5,4.8
2024-07-18 09:48:00,CNR3519053518,Canceled by Driver,CID511220,Mini,Yeshwanthpur,MG Road,,,Not Applicable,Customer was coughing/sick,Not Applicable,Not Applicable,378,Not Applicable,0,,
2024-07-07 04:28:00,CNR2661460391,Driver Not Found,CID156383,Prime Sedan,Magadi Road,BTM Layout,,,Not Applicable,Not Applicable,Not Applicable,Not Applicable,670,Not Applicable,0,,
2024-07-21 19:24:00,CNR8454862811,Canceled by Driver,CID830824,Prime Plus,Hulimavu,Varthur,,,Not Applicable,More than permitted people in there,Not Applicable,Not Applicable,398,Not Applicable,0,,
2024-07-10 06:24:00,CNR3068447874,Success,CID783635,Prime Plus,BTM Layout,Kadugodi,294.0,35.0,Not Applicable,Not Applicable,No,Not Applicable,143,Cash,16,3.6,3.4
2024-07-24 03:23:00,CNR3959557626,Success,CID148996,Prime Plus,Jayanagar,Nagarbhavi,119.0,25.0,Not Applicable,Not Applicable,No,Not Applicable,377,UPI,29,4.7,4.9
2024-07-12 20:43:00,CNR3585811619,Canceled by Driver,CID398296,Prime Sedan,Langford Town,Bellandur,,,Not Applicable,Personal & Car related issue,Not Applicable,Not Applicable,1867,Not Applicable,0,,
2024-07-27 14:42:00,CNR4411401111,Success,CID149158,Auto,Sahakar Nagar,Basavanagudi,273.0,125.0,Not Applicable,Not Applicable,No,Not Applicable,587,Cash,5,4.3,3.7
2024-07-05 23:45:00,CNR3574397633,Success,CID235816,Prime Sedan,Frazer Town,Marathahalli,182.0,140.0,Not Applicable,Not Applicable,No,Not Applicable,217,Cash,43,3.7,3.2
2024-07-19 04:30:00,CNR8186082329,Success,CID409493,Prime Sedan,Cox Town,Hennur,112.0,35.0,Not Applicable,Not Applicable,No,Not Applicable,397,UPI,2,3.9,3.6
2024-07-30 22:16:00,CNR3623464579,Canceled by Customer,CID988463,Prime SUV,Hennur,Banashankari,,,Change of plans,Not Applicable,Not Applicable,Not Applicable,377,Not Applicable,0,,
2024-07-17 14:47:00,CNR7083093532,Success,CID626797,eBike,Sarjapur Road,Rajajinagar,301.0,40.0,Not Applicable,Not Applicable,No,Not Applicable,2929,UPI,46,3.8,3.6
2024-07-28 03:40:00,CNR6263115211,Success,CID579093,Prime SUV,MG Road,HSR Layout,175.0,80.0,Not Applicable,Not Applicable,No,Not Applicable,578,UPI,16,3.7,3.1
2024-07-12 17:40:00,CNR1472016575,Success,CID144357,Mini,Rajajinagar,Padmanabhanagar,175.0,145.0,Not Applicable,Not Applicable,No,Not Applicable,255,UPI,33,4.8,4.5
2024-07-21 01:09:00,CNR5182105263,Canceled by Driver,CID290928,Prime Plus,Peenya,Nagarbhavi,,,Not Applicable,More than permitted people in there,Not Applicable,Not Applicable,658,Not Applicable,0,,
2024-07-15 01:12:00,CNR8483870662,Driver Not Found,CID267649,Prime SUV,Bellandur,Ulsoor,,,Not Applicable,Not Applicable,Not Applicable,Not Applicable,384,Not Applicable,0,,
2024-07-19 07:19:00,CNR6881089721,Success,CID567653,Bike,Sarjapur Road,Malleshwaram,231.0,50.0,Not Applicable,Not Applicable,No,Not Applicable,246,Cash,6,4.8,3.1
2024-07-04 12:42:00,CNR7825205088,Success,CID670503,Prime Plus,Vijayanagar,Whitefield,245.0,135.0,Not Applicable,Not Applicable,No,Not Applicable,181,Cash,8,3.4,3.9
2024-07-25 03:50:00,CNR5962268945,Driver Not Found,CID860182,Prime Sedan,Hebbal,Frazer Town,,,Not Applicable,Not Applicable,Not Applicable,Not Applicable,842,Not Applicable,0,,
2024-07-11 06:36:00,CNR7088230600,Success,CID547707,eBike,Kammanahalli,Hosur Road,140.0,130.0,Not Applicable,Not Applicable,No,Not Applicable,405,Cash,30,4.1,4.5
2024-07-29 05:20:00,CNR5457419556,Success,CID912744,Bike,Bellandur,Hulimavu,308.0,50.0,Not Applicable,Not Applicable,No,Not Applicable,282,Cash,38,3.1,4.8
2024-07-10 17:52:00,CNR4258572648,Canceled by Driver,CID958876,Prime Sedan,Langford Town,Whitefield,,,Not Applicable,More than permitted people in there,Not Applicable,Not Applicable,127,Not Applicable,0,,
2024-07-15 18:51:00,CNR4977465163,Canceled by Driver,CID300810,eBike,Chamarajpet,Cox Town,,,Not Applicable,More than permitted people in there,Not Applicable,Not Applicable,1903,Not Applicable,0,,
2024-07-08 23:41:00,CNR5603846614,Success,CID443021,Prime SUV,Bellandur,Chickpet,112.0,35.0,Not Applicable,Not Applicable,Yes,Customer Demand,509,Cash,27,4.4,3.5
2024-07-16 01:06:00,CNR2922691650,Success,CID426728,Auto,Peenya,BTM Layout,56.0,55.0,Not Applicable,Not Applicable,No,Not Applicable,798,UPI,4,3.8,3.9
2024-07-28 19:08:00,CNR5822099180,Success,CID828211,eBike,Malleshwaram,KR Puram,196.0,140.0,Not Applicable,Not Applicable,No,Not Applicable,845,UPI,46,4.3,4.8
2024-07-26 11:07:00,CNR2465422760,Success,CID972263,Mini,Langford Town,Frazer Town,140.0,70.0,Not Applicable,Not Applicable,No,Not Applicable,899,Cash,30,3.1,4.6
2024-07-10 20:52:00,CNR2486667315,Success,CID246334,Prime Sedan,Varthur,Cox Town,133.0,55.0,Not Applicable,Not Applicable,No,Not Applicable,233,Cash,21,4.1,3.4
2024-07-20 14:09:00,CNR3249342411,Success,CID617487,eBike,Shantinagar,Ramamurthy Nagar,245.0,120.0,Not Applicable,Not Applicable,No,Not Applicable,171,Cash,34,4.9,3.1
2024-07-14 22:02:00,CNR5101967612,Success,CID274248,Mini,Malleshwaram,KR Puram,70.0,55.0,Not Applicable,Not Applicable,No,Not Applicable,1638,Cash,31,4.5,4.4
2024-07-28 14:19:00,CNR1280046655,Success,CID482466,Auto,Hosur Road,Richmond Town,217.0,130.0,Not Applicable,Not Applicable,No,Not Applicable,367,UPI,14,4.1,3.9
2024-07-15 07:46:00,CNR2867311675,Driver Not Found,CID633263,Prime Sedan,Kengeri,KR Puram,,,Not Applicable,Not Applicable,Not Applicable,Not Applicable,475,Not Applicable,0,,
2024-07-19 06:15:00,CNR5984989974,Canceled by Customer,CID602604,Prime Plus,MG Road,Bellandur,,,Wrong Address,Not Applicable,Not Applicable,Not Applicable,1733,Not Applicable,0,,
2024-07-26 09:14:00,CNR4032581204,Success,CID684903,Auto,Banashankari,Shivajinagar,49.0,85.0,Not Applicable,Not Applicable,No,Not Applicable,164,UPI,15,3.7,4.3
2024-07-04 10:59:00,CNR5981362979,Success,CID945216,Mini,Mysore Road,Malleshwaram,112.0,50.0,Not Applicable,Not Applicable,No,Not Applicable,116,Cash,15,4.0,3.5
2024-07-14 20:02:00,CNR4893817128,Canceled by Driver,CID446406,Bike,Ramamurthy Nagar,Sarjapur Road,,,Not Applicable,Personal & Car related issue,Not Applicable,Not Applicable,450,Not Applicable,0,,
2024-07-03 10:52:00,CNR7389176049,Canceled by Driver,CID351934,Bike,MG Road,Varthur,,,Not Applicable,Personal & Car related issue,Not Applicable,Not Applicable,487,Not Applicable,0,,
2024-07-10 18:48:00,CNR9062749720,Canceled by Driver,CID983794,Prime SUV,Ramamurthy Nagar,Kengeri,,,Not Applicable,Customer related issue,Not Applicable,Not Applicable,443,Not Applicable,0,,
2024-07-07 17:31:00,CNR8996040999,Success,CID852209,Auto,Shantinagar,Kammanahalli,105.0,35.0,Not Applicable,Not Applicable,No,Not Applicable,156,UPI,4,3.3,4.4
2024-07-04 20:10:00,CNR3779146095,Canceled by Customer,CID768390,Prime Plus,MG Road,Peenya,,,Driver is not moving towards pickup location,Not Applicable,Not Applicable,Not Applicable,247,Not Applicable,0,,
2024-07-24 11:36:00,CNR7792080666,Success,CID701491,Prime Plus,Hosur Road,JP Nagar,210.0,60.0,Not Applicable,Not Applicable,No,Not Applicable,473,Cash,6,4.6,4.6
2024-07-29 10:44:00,CNR7974414513,Canceled by Driver,CID821166,Mini,Hulimavu,Basavanagudi,,,Not Applicable,Personal & Car related issue,Not Applicable,Not Applicable,224,Not Applicable,0,,
2024-07-26 11:51:00,CNR7443677382,Canceled by Driver,CID539826,Bike,Bellandur,Kammanahalli,,,Not Applicable,Customer was coughing/sick,Not Applicable,Not Applicable,279,Not Applicable,0,,
2024-07-14 03:24:00,CNR7922459460,Canceled by Customer,CID621045,Prime Plus,Shantinagar,Jayanagar,,,Driver is not moving towards pickup location,Not Applicable,Not Applicable,Not Applicable,739,Not Applicable,0,,
2024-07-18 20:27:00,CNR6397628457,Canceled by Driver,CID604623,Mini,MG Road,Yelahanka,,,Not Applicable,Customer was coughing/sick,Not Applicable,Not Applicable,316,Not Applicable,0,,
2024-07-20 13:33:00,CNR8156604615,Success,CID675620,Prime Sedan,Nagarbhavi,Peenya,245.0,125.0,Not Applicable,Not Applicable,No,Not Applicable,2468,Cash,44,3.1,3.2
2024-07-27 02:44:00,CNR9949570525,Success,CID206343,eBike,Vijayanagar,MG Road,161.0,135.0,Not Applicable,Not Applicable,No,Not Applicable,269,UPI,40,4.7,3.1
2024-07-01 21:57:00,CNR6572246060,Success,CID119899,Prime Plus,Padmanabhanagar,Magadi Road,133.0,50.0,Not Applicable,Not Applicable,No,Not Applicable,954,Cash,32,3.8,4.1
2024-07-16 18:12:00,CNR1599056239,Success,CID632158,Mini,Kammanahalli,Tumkur Road,308.0,80.0,Not Applicable,Not Applicable,No,Not Applicable,342,UPI,45,4.2,3.9
2024-07-28 07:48:00,CNR4156669638,Driver Not Found,CID328707,Mini,Yeshwanthpur,Electronic City,,,Not Applicable,Not Applicable,Not Applicable,Not Applicable,139,Not Applicable,0,,
2024-07-17 05:15:00,CNR3437578921,Driver Not Found,CID932162,Auto,Kadugodi,Mysore Road,,,Not Applicable,Not Applicable,Not Applicable,Not Applicable,927,Not Applicable,0,,
2024-07-17 20:11:00,CNR8617761597,Canceled by Customer,CID172252,Auto,Padmanabhanagar,Varthur,,,Driver is not moving towards pickup location,Not Applicable,Not Applicable,Not Applicable,891,Not Applicable,0,,
2024-07-12 16:12:00,CNR6951089842,Success,CID342078,Prime Plus,Kengeri,Frazer Town,175.0,75.0,Not Applicable,Not Applicable,No,Not Applicable,146,Cash,42,5.0,4.6
2024-07-17 00:14:00,CNR1443641574,Success,CID433739,eBike,JP Nagar,Langford Town,49.0,75.0,Not Applicable,Not Applicable,No,Not Applicable,1868,UPI,4,3.7,4.1
2024-07-07 19:05:00,CNR9660751820,Success,CID460172,Auto,Langford Town,Kammanahalli,42.0,50.0,Not Applicable,Not Applicable,No,Not Applicable,854,UPI,15,5.0,4.7
2024-07-28 02:06:00,CNR1956829338,Success,CID380101,Auto,Hebbal,Frazer Town,98.0,50.0,Not Applicable,Not Applicable,No,Not Applicable,152,UPI,14,4.1,4.3
2024-07-11 04:14:00,CNR1260816581,Success,CID554802,Prime Sedan,Richmond Town,Basavanagudi,147.0,70.0,Not Applicable,Not Applicable,No,Not Applicable,218,Cash,40,4.4,3.8
2024-07-13 19:13:00,CNR4565468787,Success,CID794039,Prime Plus,Basavanagudi,Indiranagar,105.0,125.0,Not Applicable,Not Applicable,No,Not Applicable,1391,UPI,48,4.9,3.8
2024-07-12 21:52:00,CNR6104421354,Success,CID932337,Prime SUV,HSR Layout,Majestic,105.0,75.0,Not Applicable,Not Applicable,No,Not Applicable,481,UPI,13,4.0,4.5
2024-07-21 17:58:00,CNR2579752659,Canceled by Customer,CID663922,Prime Sedan,Chamarajpet,RT Nagar,,,Driver is not moving towards pickup location,Not Applicable,Not Applicable,Not Applicable,244,Not Applicable,0,,
2024-07-11 10:33:00,CNR7839622033,Canceled by Driver,CID701344,Auto,Shivajinagar,Chickpet,,,Not Applicable,Personal & Car related issue,Not Applicable,Not Applicable,536,Not Applicable,0,,
2024-07-23 21:48:00,CNR8311298412,Success,CID811163,Bike,Electronic City,BTM Layout,287.0,90.0,Not Applicable,Not Applicable,No,Not Applicable,151,UPI,22,3.5,4.3
2024-07-08 16:39:00,CNR6327385461,Success,CID881149,Prime Plus,Mysore Road,Mysore Road,182.0,125.0,Not Applicable,Not Applicable,No,Not Applicable,279,UPI,24,3.7,4.8
2024-07-22 09:37:00,CNR6345457170,Driver Not Found,CID894651,Bike,Kammanahalli,Chamarajpet,,,Not Applicable,Not Applicable,Not Applicable,Not Applicable,191,Not Applicable,0,,
2024-07-01 22:38:00,CNR9901669440,Success,CID609325,Prime Plus,Marathahalli,Devanahalli,189.0,40.0,Not Applicable,Not Applicable,No,Not Applicable,900,Cash,5,4.1,3.3
2024-07-16 17:42:00,CNR9684239667,Driver Not Found,CID775238,Auto,Nagarbhavi,Langford Town,,,Not Applicable,Not Applicable,Not Applicable,Not Applicable,238,Not Applicable,0,,
2024-07-18 16:12:00,CNR9459381250,Success,CID407704,Prime Sedan,Sarjapur Road,Hennur,168.0,115.0,Not Applicable,Not Applicable,No,Not Applicable,594,Cash,17,3.9,4.3
2024-07-05 02:58:00,CNR7232388048,Success,CID975594,Auto,Majestic,Frazer Town,182.0,90.0,Not Applicable,Not Applicable,No,Not Applicable,353,Cash,13,3.2,3.8
2024-07-24 09:41:00,CNR6761242898,Canceled by Driver,CID221887,Auto,Magadi Road,Ulsoor,,,Not Applicable,Personal & Car related issue,Not Applicable,Not Applicable,353,Not Applicable,0,,
2024-07-11 08:04:00,CNR2447040311,Success,CID663205,Auto,RT Nagar,Rajajinagar,119.0,145.0,Not Applicable,Not Applicable,No,Not Applicable,2176,Cash,11,5.0,3.7
2024-07-27 15:09:00,CNR1845376057,Canceled by Driver,CID413784,Mini,Kengeri,Varthur,,,Not Applicable,Customer was coughing/sick,Not Applicable,Not Applicable,674,Not Applicable,0,,
2024-07-22 14:05:00,CNR3552365723,Canceled by Driver,CID335660,Prime SUV,KR Puram,Sarjapur Road,,,Not Applicable,Personal & Car related issue,Not Applicable,Not Applicable,395,Not Applicable,0,,
2024-07-30 22:31:00,CNR2719032537,Success,CID259398,Prime Sedan,Frazer Town,Sarjapur Road,238.0,135.0,Not Applicable,Not Applicable,No,Not Applicable,164,Cash,43,4.0,3.7
2024-07-07 03:48:00,CNR8326500858,Success,CID458112,Bike,Rajarajeshwari Nagar,Vijayanagar,259.0,135.0,Not Applicable,Not Applicable,No,Not Applicable,377,Cash,12,3.7,4.1
2024-07-28 08:43:00,CNR5014719784,Success,CID262561,Prime Sedan,Rajarajeshwari Nagar,Vijayanagar,196.0,90.0,Not Applicable,Not Applicable,Yes,Vehicle Breakdown,940,Cash,10,4.3,4.5
2024-07-23 14:06:00,CNR9495660923,Success,CID703178,Prime Plus,Mysore Road,Hebbal,175.0,145.0,Not Applicable,Not Applicable,No,Not Applicable,124,Credit Card,5,3.4,3.8
2024-07-26 13:32:00,CNR6922313394,Canceled by Customer,CID539386,eBike,Rajarajeshwari Nagar,Kammanahalli,,,Driver asked to cancel,Not Applicable,Not Applicable,Not Applicable,1244,Not Applicable,0,,
2024-07-10 12:41:00,CNR9019474011,Success,CID204839,Mini,Basavanagudi,Vijayanagar,49.0,125.0,Not Applicable,Not Applicable,No,Not Applicable,1181,UPI,40,4.3,3.1
2024-07-17 19:31:00,CNR4151815530,Success,CID357264,Prime SUV,Frazer Town,Sarjapur Road,294.0,70.0,Not Applicable,Not Applicable,No,Not Applicable,108,Cash,41,3.9,3.2
2024-07-27 18:46:00,CNR9950064750,Success,CID647916,eBike,Varthur,Kadugodi,238.0,40.0,Not Applicable,Not Applicable,No,Not Applicable,260,UPI,7,4.0,3.0
2024-07-25 07:30:00,CNR3137852333,Success,CID933672,Prime SUV,Electronic City,Electronic City,63.0,135.0,Not Applicable,Not Applicable,No,Not Applicable,146,Cash,7,3.7,3.6
2024-07-28 11:16:00,CNR1778424203,Success,CID483270,Auto,Langford Town,HSR Layout,49.0,80.0,Not Applicable,Not Applicable,No,Not Applicable,301,UPI,2,4.4,3.5
2024-07-19 20:16:00,CNR8955226431,Success,CID505664,eBike,RT Nagar,Marathahalli,140.0,145.0,Not Applicable,Not Applicable,No,Not Applicable,469,Credit Card,5,4.0,3.1
2024-07-07 02:45:00,CNR9205629174,Success,CID273398,Prime Sedan,Indiranagar,Majestic,266.0,80.0,Not Applicable,Not Applicable,No,Not Applicable,285,UPI,4,3.6,4.0
2024-07-02 05:22:00,CNR6000972500,Success,CID545444,Auto,Kammanahalli,Rajajinagar,105.0,105.0,Not Applicable,Not Applicable,No,Not Applicable,419,Cash,11,4.9,3.1
2024-07-01 12:13:00,CNR1461763350,Driver Not Found,CID182874,Prime Sedan,Varthur,Richmond Town,,,Not Applicable,Not Applicable,Not Applicable,Not Applicable,220,Not Applicable,0,,
2024-07-13 21:49:00,CNR7544032868,Success,CID267696,Prime Plus,Devanahalli,Kengeri,273.0,45.0,Not Applicable,Not Applicable,No,Not Applicable,455,UPI,15,4.4,4.0
2024-07-01 10:46:00,CNR4804563002,Success,CID717284,Prime Sedan,Jayanagar,Marathahalli,91.0,25.0,Not Applicable,Not Applicable,No,Not Applicable,953,Cash,13,4.3,4.4
2024-07-28 14:28:00,CNR5230902679,Canceled by Driver,CID402518,Mini,Shantinagar,Bellandur,,,Not Applicable,Customer related issue,Not Applicable,Not Applicable,326,Not Applicable,0,,
2024-07-21 08:19:00,CNR8896735452,Canceled by Driver,CID240219,Prime SUV,Peenya,Basavanagudi,,,Not Applicable,Customer was coughing/sick,Not Applicable,Not Applicable,295,Not Applicable,0,,
2024-07-19 22:55:00,CNR3621249748,Success,CID445208,Auto,Malleshwaram,Yelahanka,77.0,105.0,Not Applicable,Not Applicable,No,Not Applicable,238,Cash,10,3.2,4.8
2024-07-06 06:19:00,CNR7937498022,Success,CID903947,Auto,Bannerghatta Road,Bellandur,210.0,100.0,Not Applicable,Not Applicable,Yes,Customer Demand,136,Cash,6,4.0,4.2
2024-07-17 11:56:00,CNR9140093989,Success,CID393732,eBike,Richmond Town,Bannerghatta Road,301.0,50.0,Not Applicable,Not Applicable,Yes,Customer Demand,483,Cash,8,3.2,4.1
2024-07-19 13:48:00,CNR3890866171,Driver Not Found,CID157696,Auto,Basavanagudi,HSR Layout,,,Not Applicable,Not Applicable,Not Applicable,Not Applicable,356,Not Applicable,0,,
2024-07-23 05:25:00,CNR5267179005,Driver Not Found,CID278042,Prime SUV,RT Nagar,Devanahalli,,,Not Applicable,Not Applicable,Not Applicable,Not Applicable,285,Not Applicable,0,,
2024-07-02 02:37:00,CNR7889204054,Success,CID604098,Prime Plus,Shantinagar,Ulsoor,105.0,65.0,Not Applicable,Not Applicable,No,Not Applicable,253,UPI,2,4.0,5.0
2024-07-21 15:53:00,CNR1759671235,Success,CID351605,Auto,Sarjapur Road,Basavanagudi,287.0,105.0,Not Applicable,Not Applicable,No,Not Applicable,357,Cash,12,4.2,3.8
2024-07-19 15:32:00,CNR3682697947,Success,CID938370,Prime SUV,Shantinagar,Cox Town,168.0,85.0,Not Applicable,Not Applicable,No,Not Applicable,196,Cash,43,3.7,4.3
2024-07-20 16:39:00,CNR1041271047,Success,CID524671,Prime Plus,Koramangala,HSR Layout,245.0,95.0,Not Applicable,Not Applicable,No,Not Applicable,666,Cash,14,3.0,3.6
2024-07-15 06:17:00,CNR6273705754,Canceled by Customer,CID707752,Bike,Majestic,Shivajinagar,,,Driver asked to cancel,Not Applicable,Not Applicable,Not Applicable,261,Not Applicable,0,,
2024-07-10 03:06:00,CNR2237008599,Success,CID198538,Prime Sedan,Langford Town,Hebbal,252.0,140.0,Not Applicable,Not Applicable,No,Not Applicable,894,Cash,18,3.4,4.7
2024-07-01 14:37:00,CNR7462206531,Success,CID719989,Prime Plus,Malleshwaram,Vijayanagar,231.0,115.0,Not Applicable,Not Applicable,No,Not Applicable,433,Cash,20,4.8,3.3
2024-07-21 00:40:00,CNR6881904205,Driver Not Found,CID507488,Prime Plus,Yeshwanthpur,Ulsoor,,,Not Applicable,Not Applicable,Not Applicable,Not Applicable,309,Not Applicable,0,,
2024-07-20 13:24:00,CNR1073129426,Success,CID321339,eBike,Kammanahalli,Devanahalli,231.0,70.0,Not Applicable,Not Applicable,Yes,Customer Demand,462,Cash,31,3.2,3.9
2024-07-26 23:33:00,CNR9180236087,Success,CID794138,Auto,Shantinagar,Banashankari,217.0,130.0,Not Applicable,Not Applicable,Yes,Vehicle Breakdown,271,Cash,6,4.0,4.6
2024-07-11 16:14:00,CNR4347240143,Canceled by Driver,CID578700,Bike,Peenya,Richmond Town,,,Not Applicable,Personal & Car related issue,Not Applicable,Not Applicable,825,Not Applicable,0,,
2024-07-09 21:59:00,CNR4957298224,Success,CID755496,Mini,Koramangala,Kammanahalli,70.0,85.0,Not Applicable,Not Applicable,Yes,Vehicle Breakdown,298,UPI,4,4.0,3.9
2024-07-06 15:13:00,CNR6515937499,Success,CID374625,Bike,MG Road,Devanahalli,252.0,45.0,Not Applicable,Not Applicable,No,Not Applicable,383,Cash,36,4.8,3.4
2024-07-15 14:34:00,CNR2428147927,Success,CID807903,Mini,Tumkur Road,Malleshwaram,280.0,100.0,Not Applicable,Not Applicable,No,Not Applicable,816,Cash,44,4.8,4.4
2024-07-04 01:12:00,CNR8350389845,Success,CID263305,Bike,Ulsoor,Padmanabhanagar,63.0,95.0,Not Applicable,Not Applicable,No,Not Applicable,1437,Cash,21,3.1,3.1
2024-07-08 21:48:00,CNR3388969677,Success,CID641863,Prime Plus,Padmanabhanagar,Yeshwanthpur,308.0,135.0,Not Applicable,Not Applicable,No,Not Applicable,175,Cash,21,4.9,4.4
2024-07-18 11:57:00,CNR2410946200,Success,CID844044,Prime Sedan,Hulimavu,Varthur,231.0,100.0,Not Applicable,Not Applicable,No,Not Applicable,390,Credit Card,33,4.7,3.4
2024-07-16 22:30:00,CNR3122204927,Canceled by Driver,CID486150,Auto,Varthur,Bannerghatta Road,,,Not Applicable,Personal & Car related issue,Not Applicable,Not Applicable,174,Not Applicable,0,,
2024-07-13 21:41:00,CNR1372012697,Success,CID857558,Prime Sedan,Sahakar Nagar,Bellandur,161.0,50.0,Not Applicable,Not Applicable,No,Not Applicable,489,UPI,43,4.6,4.5
2024-07-04 07:59:00,CNR6499834896,Driver Not Found,CID876391,Mini,BTM Layout,Nagarbhavi,,,Not Applicable,Not Applicable,Not Applicable,Not Applicable,320,Not Applicable,0,,
2024-07-23 21:25:00,CNR5208237694,Success,CID469832,Mini,Yelahanka,Kengeri,196.0,30.0,Not Applicable,Not Applicable,No,Not Applicable,870,UPI,15,3.3,3.7
2024-07-16 11:15:00,CNR1923963103,Canceled by Customer,CID600727,Mini,Hulimavu,JP Nagar,,,Change of plans,Not Applicable,Not Applicable,Not Applicable,434,Not Applicable,0,,
2024-07-06 16:10:00,CNR4221071954,Canceled by Driver,CID580177,Prime Sedan,Kengeri,Rajarajeshwari Nagar,,,Not Applicable,Customer related issue,Not Applicable,Not Applicable,1891,Not Applicable,0,,
2024-07-06 16:42:00,CNR5760887542,Driver Not Found,CID631641,Prime Sedan,HSR Layout,Yelahanka,,,Not Applicable,Not Applicable,Not Applicable,Not Applicable,323,Not Applicable,0,,
2024-07-28 05:03:00,CNR2095691466,Success,CID606100,Prime Sedan,Padmanabhanagar,Langford Town,35.0,45.0,Not Applicable,Not Applicable,No,Not Applicable,428,Cash,9,3.3,3.0
2024-07-17 09:14:00,CNR6796015243,Success,CID849871,Prime Plus,Shivajinagar,Electronic City,280.0,85.0,Not Applicable,Not Applicable,No,Not Applicable,350,Cash,10,4.4,3.0
2024-07-26 17:09:00,CNR2378113312,Driver Not Found,CID408965,Prime Sedan,Whitefield,Marathahalli,,,Not Applicable,Not Applicable,Not Applicable,Not Applicable,222,Not Applicable,0,,
2024-07-08 01:14:00,CNR7416442375,Success,CID865031,Mini,Chamarajpet,Shivajinagar,56.0,130.0,Not Applicable,Not Applicable,No,Not Applicable,325,UPI,45,3.7,4.5
2024-07-09 05:17:00,CNR6309529672,Driver Not Found,CID298971,Bike,Yelahanka,Varthur,,,Not Applicable,Not Applicable,Not Applicable,Not Applicable,2202,Not Applicable,0,,
2024-07-17 13:56:00,CNR8295320400,Success,CID979470,Prime SUV,Tumkur Road,JP Nagar,161.0,25.0,Not Applicable,Not Applicable,No,Not Applicable,353,UPI,24,4.7,3.3
2024-07-06 16:06:00,CNR2162787156,Canceled by Customer,CID725264,eBike,Hosur Road,Malleshwaram,,,Driver asked to cancel,Not Applicable,Not Applicable,Not Applicable,561,Not Applicable,0,,
2024-07-08 14:32:00,CNR1312710297,Success,CID291792,Prime Sedan,Ulsoor,Kadugodi,189.0,60.0,Not Applicable,Not Applicable,No,Not Applicable,620,UPI,35,4.5,3.8
2024-07-27 09:48:00,CNR3265296211,Success,CID989754,Prime Plus,Rajajinagar,Kadugodi,259.0,145.0,Not Applicable,Not Applicable,No,Not Applicable,132,UPI,30,4.3,3.5
2024-07-11 22:19:00,CNR8577310478,Success,CID550670,Prime Plus,Shivajinagar,Indiranagar,294.0,140.0,Not Applicable,Not Applicable,No,Not Applicable,114,UPI,40,3.2,3.4
2024-07-12 17:45:00,CNR3789271602,Success,CID493657,Auto,Hosur Road,Shivajinagar,252.0,80.0,Not Applicable,Not Applicable,No,Not Applicable,398,UPI,7,3.9,4.4
2024-07-05 17:12:00,CNR3285824853,Success,CID976094,eBike,Ramamurthy Nagar,MG Road,252.0,55.0,Not Applicable,Not Applicable,No,Not Applicable,906,UPI,3,3.5,4.9
2024-07-12 06:32:00,CNR9555311349,Success,CID680525,Prime Sedan,Basavanagudi,Hebbal,280.0,95.0,Not Applicable,Not Applicable,No,Not Applicable,988,UPI,1,3.9,4.1
2024-07-17 14:42:00,CNR7022119153,Success,CID995225,eBike,Bannerghatta Road,Ramamurthy Nagar,224.0,145.0,Not Applicable,Not Applicable,No,Not Applicable,443,UPI,8,3.3,5.0
2024-07-14 05:53:00,CNR9705245872,Success,CID209560,Mini,Jayanagar,MG Road,259.0,50.0,Not Applicable,Not Applicable,No,Not Applicable,844,UPI,16,3.3,4.4
2024-07-04 19:56:00,CNR8938995097,Success,CID707083,Bike,Varthur,Varthur,217.0,125.0,Not Applicable,Not Applicable,Yes,Vehicle Breakdown,296,Cash,23,3.8,4.1
2024-07-09 23:15:00,CNR8722900998,Success,CID303516,Prime Sedan,Jayanagar,Majestic,266.0,145.0,Not Applicable,Not Applicable,No,Not Applicable,2144,Cash,35,4.0,4.7
2024-07-19 17:58:00,CNR6621438527,Canceled by Driver,CID326441,Prime SUV,Hebbal,HSR Layout,,,Not Applicable,Customer related issue,Not Applicable,Not Applicable,276,Not Applicable,0,,
2024-07-19 13:49:00,CNR4545447646,Success,CID721810,Bike,Vijayanagar,Hennur,133.0,35.0,Not Applicable,Not Applicable,No,Not Applicable,300,UPI,27,4.0,3.8
2024-07-28 12:16:00,CNR4852560397,Success,CID684516,Prime Plus,Hulimavu,Cox Town,273.0,60.0,Not Applicable,Not Applicable,No,Not Applicable,238,Cash,48,4.7,4.9
2024-07-22 21:49:00,CNR4358381008,Success,CID479357,Prime Plus,KR Puram,Hebbal,154.0,70.0,Not Applicable,Not Applicable,No,Not Applicable,392,Cash,41,3.6,3.2
2024-07-09 06:24:00,CNR7957706282,Canceled by Driver,CID899267,Prime Sedan,Richmond Town,KR Puram,,,Not Applicable,Personal & Car related issue,Not Applicable,Not Applicable,118,Not Applicable,0,,
2024-07-17 09:17:00,CNR5287283627,Success,CID317878,Prime Plus,Devanahalli,Malleshwaram,91.0,25.0,Not Applicable,Not Applicable,Yes,Other Issue,373,Cash,38,3.3,4.3
2024-07-28 16:22:00,CNR3553879160,Canceled by Driver,CID742628,Prime Plus,Magadi Road,Basavanagudi,,,Not Applicable,Customer was coughing/sick,Not Applicable,Not Applicable,348,Not Applicable,0,,
2024-07-15 17:40:00,CNR4942451327,Success,CID759466,Prime SUV,Chamarajpet,Frazer Town,238.0,50.0,Not Applicable,Not Applicable,No,Not Applicable,252,Cash,10,4.6,4.5
2024-07-13 18:13:00,CNR2585642374,Success,CID472844,Auto,Vijayanagar,Rajajinagar,238.0,35.0,Not Applicable,Not Applicable,No,Not Applicable,788,Debit Card,11,4.3,3.7
2024-07-30 03:57:00,CNR8899392097,Success,CID387565,Mini,Rajajinagar,Marathahalli,63.0,70.0,Not Applicable,Not Applicable,No,Not Applicable,464,UPI,18,3.5,3.7
2024-07-18 08:01:00,CNR5896778692,Canceled by Driver,CID519911,eBike,Bellandur,Bellandur,,,Not Applicable,Customer related issue,Not Applicable,Not Applicable,915,Not Applicable,0,,
2024-07-01 19:41:00,CNR8457620403,Canceled by Driver,CID755040,Prime Plus,Hennur,Magadi Road,,,Not Applicable,Customer was coughing/sick,Not Applicable,Not Applicable,232,Not Applicable,0,,
2024-07-14 17:40:00,CNR4533683163,Canceled by Driver,CID852143,Prime Sedan,Tumkur Road,Padmanabhanagar,,,Not Applicable,Customer related issue,Not Applicable,Not Applicable,105,Not Applicable,0,,
2024-07-01 00:18:00,CNR7773017371,Success,CID704700,Auto,Padmanabhanagar,MG Road,140.0,45.0,Not Applicable,Not Applicable,No,Not Applicable,366,UPI,11,3.7,4.4
2024-07-17 14:32:00,CNR7362484374,Success,CID462934,Prime Sedan,Ulsoor,Devanahalli,273.0,135.0,Not Applicable,Not Applicable,No,Not Applicable,923,UPI,22,3.7,4.3
2024-07-03 13:18:00,CNR8322815062,Canceled by Driver,CID513575,Prime SUV,Malleshwaram,Kammanahalli,,,Not Applicable,Customer related issue,Not Applicable,Not Applicable,177,Not Applicable,0,,
2024-07-04 13:17:00,CNR2404358602,Success,CID804256,Mini,Ulsoor,MG Road,203.0,80.0,Not Applicable,Not Applicable,No,Not Applicable,437,Cash,40,4.3,4.4
2024-07-13 15:49:00,CNR9143998412,Success,CID322965,eBike,Padmanabhanagar,KR Puram,259.0,145.0,Not Applicable,Not Applicable,No,Not Applicable,114,Credit Card,40,3.4,3.3
2024-07-04 12:18:00,CNR5474867600,Success,CID357170,Mini,Magadi Road,Koramangala,280.0,90.0,Not Applicable,Not Applicable,No,Not Applicable,315,Cash,30,4.7,4.1
2024-07-29 14:17:00,CNR3088518194,Driver Not Found,CID269887,Prime Sedan,Whitefield,Hebbal,,,Not Applicable,Not Applicable,Not Applicable,Not Applicable,144,Not Applicable,0,,
2024-07-05 08:06:00,CNR3744442587,Driver Not Found,CID552588,Prime SUV,Shivajinagar,HSR Layout,,,Not Applicable,Not Applicable,Not Applicable,Not Applicable,122,Not Applicable,0,,
2024-07-10 06:58:00,CNR2184068222,Success,CID317598,Prime Sedan,Koramangala,Kammanahalli,126.0,85.0,Not Applicable,Not Applicable,No,Not Applicable,472,UPI,29,4.5,3.4
2024-07-29 21:05:00,CNR2824020331,Success,CID337135,Prime Plus,Malleshwaram,Shivajinagar,42.0,145.0,Not Applicable,Not Applicable,No,Not Applicable,130,Cash,9,3.5,3.3
2024-07-13 04:39:00,CNR6360351440,Success,CID653785,Auto,Bannerghatta Road,Malleshwaram,133.0,45.0,Not Applicable,Not Applicable,No,Not Applicable,451,UPI,7,3.8,3.4
2024-07-07 02:04:00,CNR3958920723,Canceled by Customer,CID469044,Auto,Jayanagar,Magadi Road,,,Driver is not moving towards pickup location,Not Applicable,Not Applicable,Not Applicable,471,Not Applicable,0,,
2024-07-19 10:51:00,CNR8991005325,Success,CID156680,Mini,Magadi Road,RT Nagar,63.0,105.0,Not Applicable,Not Applicable,No,Not Applicable,242,Credit Card,37,4.9,4.8
2024-07-03 05:14:00,CNR5693667405,Success,CID630557,eBike,Kengeri,BTM Layout,84.0,30.0,Not Applicable,Not Applicable,No,Not Applicable,252,Cash,16,3.1,4.4
2024-07-01 13:19:00,CNR1181298741,Success,CID690198,eBike,Chamarajpet,Varthur,112.0,130.0,Not Applicable,Not Applicable,No,Not Applicable,286,UPI,24,4.7,4.9
2024-07-02 21:48:00,CNR2989675417,Success,CID490230,eBike,Bannerghatta Road,Basavanagudi,42.0,85.0,Not Applicable,Not Applicable,No,Not Applicable,244,Debit Card,34,4.6,3.5
2024-07-09 19:16:00,CNR6565351602,Success,CID342136,Bike,Banashankari,Richmond Town,252.0,120.0,Not Applicable,Not Applicable,No,Not Applicable,2117,Cash,35,4.9,3.9
2024-07-11 21:06:00,CNR2314192542,Driver Not Found,CID453096,Prime Sedan,Shantinagar,Hennur,,,Not Applicable,Not Applicable,Not Applicable,Not Applicable,181,Not Applicable,0,,
2024-07-22 21:21:00,CNR8729018468,Success,CID352419,Mini,Ramamurthy Nagar,Padmanabhanagar,56.0,120.0,Not Applicable,Not Applicable,No,Not Applicable,313,UPI,49,4.5,3.1
2024-07-02 17:27:00,CNR5561488248,Success,CID825589,Prime SUV,Basavanagudi,Kammanahalli,42.0,30.0,Not Applicable,Not Applicable,No,Not Applicable,154,UPI,12,4.1,3.8
2024-07-25 12:16:00,CNR6918560827,Success,CID690608,Prime Sedan,Mysore Road,Varthur,266.0,120.0,Not Applicable,Not Applicable,No,Not Applicable,765,Cash,28,4.6,4.9
2024-07-04 23:08:00,CNR9858824284,Canceled by Customer,CID118754,Mini,JP Nagar,Devanahalli,,,Change of plans,Not Applicable,Not Applicable,Not Applicable,2447,Not Applicable,0,,
2024-07-19 04:52:00,CNR1122627079,Success,CID681323,eBike,Basavanagudi,Magadi Road,140.0,50.0,Not Applicable,Not Applicable,No,Not Applicable,316,UPI,12,4.1,3.5
2024-07-17 17:32:00,CNR6380787209,Canceled by Customer,CID108412,Prime Sedan,Langford Town,Padmanabhanagar,,,Driver asked to cancel,Not Applicable,Not Applicable,Not Applicable,150,Not Applicable,0,,
2024-07-27 13:46:00,CNR1941909721,Driver Not Found,CID135253,Prime Sedan,Nagarbhavi,Richmond Town,,,Not Applicable,Not Applicable,Not Applicable,Not Applicable,251,Not Applicable,0,,
2024-07-14 17:21:00,CNR5291477084,Canceled by Driver,CID571793,Auto,Rajajinagar,Frazer Town,,,Not Applicable,More than permitted people in there,Not Applicable,Not Applicable,408,Not Applicable,0,,
2024-07-10 11:27:00,CNR5882786329,Driver Not Found,CID821003,Prime Sedan,Padmanabhanagar,Kengeri,,,Not Applicable,Not Applicable,Not Applicable,Not Applicable,101,Not Applicable,0,,
2024-07-04 09:17:00,CNR9959964204,Success,CID116043,Prime Plus,Malleshwaram,Kengeri,203.0,80.0,Not Applicable,Not Applicable,No,Not Applicable,238,Cash,17,3.2,4.0
2024-07-04 13:18:00,CNR4698457473,Canceled by Customer,CID137246,Auto,Nagarbhavi,HSR Layout,,,Driver asked to cancel,Not Applicable,Not Applicable,Not Applicable,769,Not Applicable,0,,
2024-07-10 07:28:00,CNR8571250315,Success,CID186635,Prime Sedan,Ramamurthy Nagar,JP Nagar,210.0,65.0,Not Applicable,Not Applicable,No,Not Applicable,478,Credit Card,2,3.6,4.5
2024-07-12 21:27:00,CNR7516124406,Success,CID206217,Prime SUV,Rajarajeshwari Nagar,RT Nagar,196.0,75.0,Not Applicable,Not Applicable,No,Not Applicable,547,Cash,40,4.2,3.5
2024-07-26 14:41:00,CNR2481149219,Canceled by Customer,CID645607,Prime Plus,Rajarajeshwari Nagar,Kengeri,,,Driver asked to cancel,Not Applicable,Not Applicable,Not Applicable,1461,Not Applicable,0,,
2024-07-16 23:18:00,CNR1275941598,Driver Not Found,CID496107,Prime Sedan,Yelahanka,Kammanahalli,,,Not Applicable,Not Applicable,Not Applicable,Not Applicable,812,Not Applicable,0,,
2024-07-22 16:40:00,CNR3327763166,Driver Not Found,CID118912,Prime Sedan,KR Puram,Majestic,,,Not Applicable,Not Applicable,Not Applicable,Not Applicable,123,Not Applicable,0,,
2024-07-11 00:55:00,CNR5953916429,Success,CID571257,eBike,Rajajinagar,HSR Layout,63.0,75.0,Not Applicable,Not Applicable,Yes,Vehicle Breakdown,782,Cash,27,4.6,3.1
2024-07-02 03:34:00,CNR7184888395,Success,CID526544,Mini,Hebbal,Malleshwaram,245.0,35.0,Not Applicable,Not Applicable,No,Not Applicable,329,Cash,16,3.2,3.2
2024-07-10 23:52:00,CNR9553667090,Success,CID435015,Prime Sedan,Whitefield,Kengeri,189.0,50.0,Not Applicable,Not Applicable,No,Not Applicable,353,UPI,16,3.8,4.0
2024-07-12 13:22:00,CNR4966067547,Canceled by Customer,CID348654,Bike,Nagarbhavi,Padmanabhanagar,,,Driver is not moving towards pickup location,Not Applicable,Not Applicable,Not Applicable,396,Not Applicable,0,,
2024-07-10 10:28:00,CNR1830553041,Canceled by Driver,CID652346,Prime SUV,Peenya,HSR Layout,,,Not Applicable,Customer related issue,Not Applicable,Not Applicable,344,Not Applicable,0,,
2024-07-24 15:18:00,CNR2347827517,Success,CID384346,Prime Sedan,JP Nagar,Nagarbhavi,77.0,120.0,Not Applicable,Not Applicable,No,Not Applicable,956,UPI,49,3.8,4.4
2024-07-10 14:43:00,CNR7046124848,Success,CID856447,Prime SUV,Cox Town,Bellandur,49.0,145.0,Not Applicable,Not Applicable,No,Not Applicable,123,Cash,45,4.3,3.6
2024-07-01 08:58:00,CNR7147770707,Canceled by Customer,CID821482,Prime Plus,Devanahalli,Richmond Town,,,Driver asked to cancel,Not Applicable,Not Applicable,Not Applicable,281,Not Applicable,0,,
2024-07-15 13:39:00,CNR1039704461,Success,CID136952,Prime SUV,Peenya,Yeshwanthpur,70.0,95.0,Not Applicable,Not Applicable,No,Not Applicable,2516,Cash,4,3.7,4.5
2024-07-22 04:57:00,CNR3935280339,Success,CID349910,eBike,Frazer Town,Mysore Road,224.0,135.0,Not Applicable,Not Applicable,No,Not Applicable,715,Cash,46,4.8,4.8
2024-07-03 20:47:00,CNR1801795987,Success,CID439741,eBike,Sahakar Nagar,Basavanagudi,140.0,65.0,Not Applicable,Not Applicable,No,Not Applicable,2215,Cash,16,4.0,4.5
2024-07-30 07:53:00,CNR7921529662,Canceled by Driver,CID563407,Prime Plus,Yeshwanthpur,Bellandur,,,Not Applicable,Personal & Car related issue,Not Applicable,Not Applicable,293,Not Applicable,0,,
2024-07-29 15:09:00,CNR4734186537,Driver Not Found,CID455141,Prime Sedan,Hennur,Langford Town,,,Not Applicable,Not Applicable,Not Applicable,Not Applicable,485,Not Applicable,0,,
2024-07-06 03:00:00,CNR2970092466,Canceled by Driver,CID559777,Prime Sedan,Shivajinagar,Devanahalli,,,Not Applicable,Customer related issue,Not Applicable,Not Applicable,287,Not Applicable,0,,
2024-07-19 06:47:00,CNR3358778373,Success,CID809285,Bike,Yeshwanthpur,Chickpet,49.0,45.0,Not Applicable,Not Applicable,No,Not Applicable,168,UPI,22,4.7,3.8
2024-07-03 02:38:00,CNR9193165215,Canceled by Customer,CID433394,Prime Plus,Cox Town,Kengeri,,,Change of plans,Not Applicable,Not Applicable,Not Applicable,402,Not Applicable,0,,
2024-07-23 14:25:00,CNR8277432733,Driver Not Found,CID171575,Mini,Frazer Town,Ulsoor,,,Not Applicable,Not Applicable,Not Applicable,Not Applicable,1380,Not Applicable,0,,
2024-07-16 04:17:00,CNR5845224706,Canceled by Driver,CID830177,Bike,Banashankari,Nagarbhavi,,,Not Applicable,Personal & Car related issue,Not Applicable,Not Applicable,260,Not Applicable,0,,
2024-07-13 01:58:00,CNR5892511837,Success,CID380085,Prime Sedan,BTM Layout,Sahakar Nagar,301.0,70.0,Not Applicable,Not Applicable,No,Not Applicable,267,Cash,23,3.3,4.6
2024-07-15 13:20:00,CNR6927879405,Success,CID580562,Prime Sedan,Kammanahalli,Yeshwanthpur,224.0,80.0,Not Applicable,Not Applicable,No,Not Applicable,306,UPI,7,3.6,4.2
2024-07-19 08:24:00,CNR2645483377,Canceled by Driver,CID727332,Auto,Magadi Road,Bannerghatta Road,,,Not Applicable,Customer was coughing/sick,Not Applicable,Not Applicable,498,Not Applicable,0,,
2024-07-06 11:24:00,CNR9550222766,Success,CID222912,Prime SUV,Hosur Road,Rajajinagar,126.0,45.0,Not Applicable,Not Applicable,No,Not Applicable,2447,UPI,25,3.7,4.1
2024-07-18 08:58:00,CNR5436964889,Canceled by Driver,CID959499,eBike,Tumkur Road,Marathahalli,,,Not Applicable,More than permitted people in there,Not Applicable,Not Applicable,100,Not Applicable,0,,
2024-07-04 08:52:00,CNR9255387986,Canceled by Driver,CID308351,Bike,Bannerghatta Road,Hennur,,,Not Applicable,Personal & Car related issue,Not Applicable,Not Applicable,969,Not Applicable,0,,
2024-07-28 20:01:00,CNR8082991955,Driver Not Found,CID142180,Mini,Hennur,Richmond Town,,,Not Applicable,Not Applicable,Not Applicable,Not Applicable,935,Not Applicable,0,,
2024-07-04 02:59:00,CNR1620884091,Success,CID409413,Bike,Mysore Road,Hebbal,126.0,105.0,Not Applicable,Not Applicable,No,Not Applicable,375,Cash,32,3.2,4.6
2024-07-23 08:26:00,CNR3058886168,Canceled by Customer,CID617482,Mini,Sahakar Nagar,Koramangala,,,Driver is not moving towards pickup location,Not Applicable,Not Applicable,Not Applicable,439,Not Applicable,0,,
2024-07-16 00:53:00,CNR9137687124,Canceled by Driver,CID694441,Prime SUV,Marathahalli,Shivajinagar,,,Not Applicable,Customer related issue,Not Applicable,Not Applicable,358,Not Applicable,0,,
2024-07-02 11:36:00,CNR3594707407,Canceled by Driver,CID925639,Bike,Kengeri,Nagarbhavi,,,Not Applicable,Customer related issue,Not Applicable,Not Applicable,239,Not Applicable,0,,
2024-07-10 01:15:00,CNR1997252857,Driver Not Found,CID781410,Prime SUV,Indiranagar,Whitefield,,,Not Applicable,Not Applicable,Not Applicable,Not Applicable,420,Not Applicable,0,,
2024-07-17 00:52:00,CNR1649204546,Success,CID509936,eBike,Chamarajpet,Rajarajeshwari Nagar,245.0,135.0,Not Applicable,Not Applicable,No,Not Applicable,499,Cash,38,3.4,4.7
2024-07-09 19:14:00,CNR7403530925,Success,CID277892,Prime SUV,Chamarajpet,Hebbal,42.0,25.0,Not Applicable,Not Applicable,No,Not Applicable,1340,Cash,43,3.6,3.1
2024-07-07 09:16:00,CNR2223802891,Success,CID927265,Prime SUV,Cox Town,Majestic,175.0,90.0,Not Applicable,Not Applicable,No,Not Applicable,340,UPI,1,4.7,4.5
2024-07-29 22:07:00,CNR1867508098,Success,CID842948,Prime Plus,Hosur Road,Mysore Road,98.0,60.0,Not Applicable,Not Applicable,No,Not Applicable,213,UPI,46,4.4,3.3
2024-07-07 01:33:00,CNR1587824920,Success,CID267819,Prime Plus,Langford Town,Chickpet,154.0,95.0,Not Applicable,Not Applicable,No,Not Applicable,423,Cash,45,3.0,3.9
2024-07-17 16:57:00,CNR3704390654,Success,CID322055,eBike,Koramangala,Sahakar Nagar,245.0,115.0,Not Applicable,Not Applicable,No,Not Applicable,474,Cash,11,4.1,3.4
2024-07-27 12:48:00,CNR3549770134,Success,CID311154,Auto,Padmanabhanagar,Rajajinagar,168.0,80.0,Not Applicable,Not Applicable,No,Not Applicable,195,Cash,5,3.4,3.5
2024-07-12 09:01:00,CNR8772738835,Success,CID139976,Bike,Shantinagar,Shantinagar,49.0,25.0,Not Applicable,Not Applicable,No,Not Applicable,880,Cash,32,4.4,3.4
2024-07-10 11:46:00,CNR7128401878,Canceled by Customer,CID731406,Bike,Devanahalli,Varthur,,,Driver asked to cancel,Not Applicable,Not Applicable,Not Applicable,187,Not Applicable,0,,
2024-07-23 20:08:00,CNR3028732015,Success,CID894810,Prime Plus,Banashankari,Frazer Town,56.0,75.0,Not Applicable,Not Applicable,No,Not Applicable,458,Cash,35,3.9,3.7
2024-07-01 09:52:00,CNR4195405725,Canceled by Driver,CID465907,Prime Sedan,Nagarbhavi,Shantinagar,,,Not Applicable,Personal & Car related issue,Not Applicable,Not Applicable,126,Not Applicable,0,,
2024-07-24 10:22:00,CNR4908128059,Success,CID853134,Prime SUV,Nagarbhavi,Chamarajpet,280.0,125.0,Not Applicable,Not Applicable,No,Not Applicable,423,UPI,36,4.6,4.0
2024-07-16 15:57:00,CNR3819025578,Success,CID473935,Prime Sedan,JP Nagar,Hebbal,84.0,70.0,Not Applicable,Not Applicable,No,Not Applicable,496,UPI,27,3.4,4.9
2024-07-30 21:52:00,CNR9902762729,Success,CID405872,Prime Sedan,Jayanagar,Hebbal,112.0,135.0,Not Applicable,Not Applicable,No,Not Applicable,2611,Cash,23,4.3,4.9
2024-07-26 06:56:00,CNR6958070033,Canceled by Customer,CID571187,Prime SUV,Electronic City,Hosur Road,,,Driver asked to cancel,Not Applicable,Not Applicable,Not Applicable,372,Not Applicable,0,,
2024-07-24 02:43:00,CNR7294822009,Success,CID923431,eBike,RT Nagar,Sarjapur Road,273.0,85.0,Not Applicable,Not Applicable,No,Not Applicable,971,Cash,12,3.8,4.9
2024-07-01 22:13:00,CNR3459065053,Success,CID161596,Mini,JP Nagar,Yelahanka,133.0,75.0,Not Applicable,Not Applicable,No,Not Applicable,187,Cash,28,3.3,3.3
2024-07-27 01:56:00,CNR2843369736,Success,CID310358,Auto,Vijayanagar,Bannerghatta Road,294.0,110.0,Not Applicable,Not Applicable,No,Not Applicable,142,UPI,5,4.4,4.2
2024-07-20 20:54:00,CNR3480447168,Success,CID781345,Prime Plus,Hulimavu,Yelahanka,238.0,65.0,Not Applicable,Not Applicable,No,Not Applicable,248,Cash,28,4.3,3.2
2024-07-05 20:30:00,CNR8436792796,Success,CID286647,Auto,Basavanagudi,Padmanabhanagar,84.0,135.0,Not Applicable,Not Applicable,No,Not Applicable,272,Cash,7,3.7,3.6
2024-07-07 12:56:00,CNR2594677284,Canceled by Customer,CID729048,eBike,Langford Town,Kammanahalli,,,AC is Not working,Not Applicable,Not Applicable,Not Applicable,455,Not Applicable,0,,
2024-07-17 05:45:00,CNR2666691533,Success,CID696488,Prime SUV,Whitefield,Bellandur,49.0,25.0,Not Applicable,Not Applicable,No,Not Applicable,247,Cash,4,4.9,3.9
2024-07-09 05:19:00,CNR3188417355,Canceled by Driver,CID933588,Prime Plus,Devanahalli,KR Puram,,,Not Applicable,Customer was coughing/sick,Not Applicable,Not Applicable,261,Not Applicable,0,,
2024-07-08 18:51:00,CNR5969477834,Success,CID881868,Bike,Hosur Road,Rajajinagar,77.0,125.0,Not Applicable,Not Applicable,No,Not Applicable,972,Cash,14,3.1,3.6
2024-07-12 01:16:00,CNR9736508372,Success,CID749013,eBike,Shivajinagar,Whitefield,154.0,95.0,Not Applicable,Not Applicable,No,Not Applicable,226,Cash,48,4.6,3.7
2024-07-06 22:36:00,CNR9323379227,Success,CID636487,Prime Sedan,Kengeri,Bannerghatta Road,266.0,75.0,Not Applicable,Not Applicable,No,Not Applicable,336,Cash,21,3.4,4.9
2024-07-09 19:16:00,CNR4138409087,Canceled by Driver,CID442365,Prime SUV,Basavanagudi,Cox Town,,,Not Applicable,Customer related issue,Not Applicable,Not Applicable,477,Not Applicable,0,,
2024-07-11 00:51:00,CNR9885522536,Success,CID598081,Auto,Cox Town,RT Nagar,91.0,75.0,Not Applicable,Not Applicable,No,Not Applicable,692,UPI,18,4.0,4.0
2024-07-23 04:52:00,CNR1093259653,Canceled by Driver,CID399463,Prime Sedan,Cox Town,Malleshwaram,,,Not Applicable,Customer related issue,Not Applicable,Not Applicable,2083,Not Applicable,0,,
2024-07-17 17:54:00,CNR5828976499,Driver Not Found,CID877321,Prime SUV,Hosur Road,Rajajinagar,,,Not Applicable,Not Applicable,Not Applicable,Not Applicable,2162,Not Applicable,0,,
2024-07-27 15:39:00,CNR5626854683,Success,CID435998,Bike,Rajarajeshwari Nagar,Cox Town,91.0,55.0,Not Applicable,Not Applicable,No,Not Applicable,143,Cash,39,3.5,4.4
2024-07-05 09:27:00,CNR1794978572,Success,CID221757,Prime SUV,Varthur,Yeshwanthpur,49.0,35.0,Not Applicable,Not Applicable,No,Not Applicable,202,Cash,15,3.2,3.5
2024-07-25 00:58:00,CNR9774649269,Canceled by Customer,CID421773,Auto,Langford Town,Cox Town,,,Driver asked to cancel,Not Applicable,Not Applicable,Not Applicable,204,Not Applicable,0,,
2024-07-01 07:36:00,CNR8579345088,Driver Not Found,CID849065,eBike,Malleshwaram,Peenya,,,Not Applicable,Not Applicable,Not Applicable,Not Applicable,2302,Not Applicable,0,,
2024-07-17 00:31:00,CNR4902581155,Success,CID439765,Auto,Hebbal,Ramamurthy Nagar,203.0,25.0,Not Applicable,Not Applicable,No,Not Applicable,2573,Cash,9,4.1,3.9
2024-07-03 16:41:00,CNR3795192314,Success,CID871655,eBike,MG Road,Chamarajpet,49.0,115.0,Not Applicable,Not Applicable,No,Not Applicable,2434,Cash,9,3.8,4.0
2024-07-03 18:08:00,CNR9736472079,Success,CID720779,Prime Sedan,Langford Town,JP Nagar,266.0,105.0,Not Applicable,Not Applicable,No,Not Applicable,468,Cash,37,4.3,4.1
2024-07-16 21:38:00,CNR6691104972,Success,CID794219,Prime Sedan,Kadugodi,Kammanahalli,154.0,60.0,Not Applicable,Not Applicable,No,Not Applicable,464,Cash,29,3.1,3.1
2024-07-03 02:02:00,CNR9876745435,Canceled by Driver,CID939670,Mini,HSR Layout,Kammanahalli,,,Not Applicable,Personal & Car related issue,Not Applicable,Not Applicable,477,Not Applicable,0,,
2024-07-06 08:21:00,CNR2728198183,Success,CID718615,Prime Plus,Sahakar Nagar,Magadi Road,147.0,70.0,Not Applicable,Not Applicable,No,Not Applicable,235,Cash,36,4.5,3.8
2024-07-04 17:04:00,CNR8549429934,Canceled by Driver,CID846279,Prime SUV,Basavanagudi,Richmond Town,,,Not Applicable,Customer related issue,Not Applicable,Not Applicable,488,Not Applicable,0,,
2024-07-01 15:51:00,CNR9191963484,Success,CID744693,Prime Plus,Frazer Town,Yelahanka,126.0,50.0,Not Applicable,Not Applicable,No,Not Applicable,238,UPI,30,4.7,3.1
2024-07-13 21:24:00,CNR7286120999,Success,CID569960,Prime SUV,Basavanagudi,Magadi Road,98.0,95.0,Not Applicable,Not Applicable,No,Not Applicable,389,UPI,45,4.1,4.5
2024-07-12 23:11:00,CNR4131853443,Success,CID563360,Bike,Hennur,Rajarajeshwari Nagar,56.0,35.0,Not Applicable,Not Applicable,No,Not Applicable,882,UPI,1,4.2,4.3
2024-07-26 23:49:00,CNR6216884939,Success,CID560974,Bike,Hebbal,KR Puram,203.0,50.0,Not Applicable,Not Applicable,No,Not Applicable,841,Cash,5,4.0,5.0
2024-07-03 05:08:00,CNR8206025128,Driver Not Found,CID109597,Prime Plus,Nagarbhavi,Langford Town,,,Not Applicable,Not Applicable,Not Applicable,Not Applicable,379,Not Applicable,0,,
2024-07-07 23:54:00,CNR4946081845,Success,CID853532,Auto,Tumkur Road,Vijayanagar,70.0,40.0,Not Applicable,Not Applicable,No,Not Applicable,1203,UPI,1,3.0,4.5
2024-07-24 13:24:00,CNR8241176196,Success,CID712093,Prime Sedan,Banashankari,Nagarbhavi,42.0,70.0,Not Applicable,Not Applicable,No,Not Applicable,842,Credit Card,35,3.7,3.6
2024-07-08 09:03:00,CNR9284372535,Canceled by Customer,CID144107,Auto,BTM Layout,Kengeri,,,Driver is not moving towards pickup location,Not Applicable,Not Applicable,Not Applicable,105,Not Applicable,0,,
2024-07-22 23:34:00,CNR2189305098,Success,CID115354,Auto,Banashankari,Rajajinagar,196.0,95.0,Not Applicable,Not Applicable,No,Not Applicable,108,Cash,11,3.0,5.0
2024-07-19 06:13:00,CNR9968991592,Success,CID892955,Prime SUV,Frazer Town,Tumkur Road,294.0,90.0,Not Applicable,Not Applicable,No,Not Applicable,191,Cash,14,3.8,3.1
2024-07-11 16:17:00,CNR4470808653,Success,CID520045,Prime SUV,Padmanabhanagar,Padmanabhanagar,238.0,110.0,Not Applicable,Not Applicable,No,Not Applicable,421,Cash,25,3.6,3.6
2024-07-21 17:18:00,CNR3799847404,Success,CID867007,Prime Plus,Magadi Road,Yeshwanthpur,49.0,130.0,Not Applicable,Not Applicable,No,Not Applicable,254,UPI,41,4.8,4.1
2024-07-22 07:48:00,CNR6487067516,Success,CID540662,Prime Plus,Mysore Road,Sarjapur Road,105.0,35.0,Not Applicable,Not Applicable,Yes,Customer Demand,150,Cash,37,4.6,3.8
2024-07-07 09:59:00,CNR6956833248,Success,CID473212,Prime SUV,Shantinagar,Hulimavu,105.0,90.0,Not Applicable,Not Applicable,No,Not Applicable,1661,Cash,5,3.3,4.5
2024-07-21 04:17:00,CNR1442210347,Success,CID733689,Auto,RT Nagar,Richmond Town,70.0,65.0,Not Applicable,Not Applicable,No,Not Applicable,488,Cash,4,3.3,4.1
2024-07-04 05:27:00,CNR2310114216,Success,CID876635,Bike,Sahakar Nagar,Basavanagudi,98.0,80.0,Not Applicable,Not Applicable,No,Not Applicable,1843,Cash,39,3.3,3.3
2024-07-15 12:03:00,CNR2443162237,Canceled by Driver,CID775386,Prime Sedan,Kadugodi,Rajajinagar,,,Not Applicable,Customer related issue,Not Applicable,Not Applicable,120,Not Applicable,0,,
2024-07-12 17:02:00,CNR6468419983,Success,CID334800,Bike,BTM Layout,Ramamurthy Nagar,245.0,30.0,Not Applicable,Not Applicable,No,Not Applicable,517,Cash,36,4.9,3.3
2024-07-05 19:39:00,CNR6416191632,Canceled by Driver,CID191591,Prime Plus,KR Puram,Jayanagar,,,Not Applicable,Personal & Car related issue,Not Applicable,Not Applicable,2382,Not Applicable,0,,
2024-07-17 03:09:00,CNR3659869004,Success,CID459699,Bike,Chamarajpet,Sarjapur Road,280.0,70.0,Not Applicable,Not Applicable,No,Not Applicable,992,Cash,1,4.6,3.8
2024-07-03 21:46:00,CNR6612958747,Canceled by Customer,CID524109,Prime Sedan,Frazer Town,Shivajinagar,,,Wrong Address,Not Applicable,Not Applicable,Not Applicable,327,Not Applicable,0,,
2024-07-24 05:34:00,CNR2218540391,Canceled by Driver,CID135126,eBike,Frazer Town,Jayanagar,,,Not Applicable,Customer related issue,Not Applicable,Not Applicable,301,Not Applicable,0,,
2024-07-09 08:45:00,CNR7728657462,Canceled by Driver,CID327160,Prime SUV,Jayanagar,Bellandur,,,Not Applicable,Customer related issue,Not Applicable,Not Applicable,255,Not Applicable,0,,
2024-07-15 19:23:00,CNR9447950864,Canceled by Customer,CID192162,Bike,Jayanagar,Kammanahalli,,,Driver asked to cancel,Not Applicable,Not Applicable,Not Applicable,234,Not Applicable,0,,
2024-07-02 19:10:00,CNR3754493570,Success,CID472792,Prime SUV,Marathahalli,Langford Town,238.0,145.0,Not Applicable,Not Applicable,No,Not Applicable,574,Cash,14,4.2,3.6
2024-07-13 15:24:00,CNR8401044264,Driver Not Found,CID699967,Mini,Sahakar Nagar,Ramamurthy Nagar,,,Not Applicable,Not Applicable,Not Applicable,Not Applicable,359,Not Applicable,0,,
2024-07-24 04:23:00,CNR4219557338,Driver Not Found,CID183573,Prime Sedan,Hennur,Ulsoor,,,Not Applicable,Not Applicable,Not Applicable,Not Applicable,838,Not Applicable,0,,
2024-07-21 00:40:00,CNR6408609418,Success,CID686021,Prime SUV,Kadugodi,Peenya,175.0,75.0,Not Applicable,Not Applicable,No,Not Applicable,269,UPI,6,4.6,3.3
2024-07-18 00:06:00,CNR9966441533,Success,CID518743,Auto,BTM Layout,Marathahalli,259.0,120.0,Not Applicable,Not Applicable,No,Not Applicable,255,Cash,3,4.1,3.0
2024-07-25 20:56:00,CNR7411512296,Success,CID530265,eBike,RT Nagar,Padmanabhanagar,175.0,50.0,Not Applicable,Not Applicable,No,Not Applicable,2965,Cash,13,3.9,4.4
2024-07-23 02:20:00,CNR6003504188,Success,CID418579,Prime Sedan,RT Nagar,Basavanagudi,161.0,110.0,Not Applicable,Not Applicable,No,Not Applicable,923,UPI,27,4.3,4.5
2024-07-13 22:56:00,CNR7666669108,Success,CID242922,Prime SUV,Koramangala,Ulsoor,77.0,55.0,Not Applicable,Not Applicable,No,Not Applicable,460,Credit Card,47,3.1,4.6
2024-07-23 08:13:00,CNR7505274994,Success,CID465737,Mini,Majestic,Langford Town,280.0,30.0,Not Applicable,Not Applicable,No,Not Applicable,159,Cash,49,3.3,4.5
2024-07-26 15:02:00,CNR9420349698,Success,CID939799,Prime Sedan,Shantinagar,Malleshwaram,140.0,140.0,Not Applicable,Not Applicable,No,Not Applicable,671,UPI,24,4.8,3.5
2024-07-24 08:29:00,CNR8727000275,Canceled by Customer,CID127709,Prime Plus,Jayanagar,Sarjapur Road,,,AC is Not working,Not Applicable,Not Applicable,Not Applicable,225,Not Applicable,0,,
2024-07-06 05:50:00,CNR3077422059,Canceled by Customer,CID663579,Prime Plus,Padmanabhanagar,Hulimavu,,,Driver asked to cancel,Not Applicable,Not Applicable,Not Applicable,302,Not Applicable,0,,
2024-07-18 11:14:00,CNR7089847137,Success,CID168557,eBike,Sarjapur Road,Shantinagar,112.0,40.0,Not Applicable,Not Applicable,Yes,Vehicle Breakdown,434,Cash,26,3.3,4.3
2024-07-16 16:27:00,CNR2916900105,Success,CID408841,Prime Sedan,Kengeri,Sahakar Nagar,196.0,25.0,Not Applicable,Not Applicable,No,Not Applicable,306,Credit Card,3,3.6,3.6
2024-07-04 05:22:00,CNR3909150230,Success,CID629462,Prime Sedan,Basavanagudi,MG Road,252.0,100.0,Not Applicable,Not Applicable,No,Not Applicable,187,Cash,18,3.6,4.8
2024-07-24 14:26:00,CNR8104091102,Success,CID285458,eBike,KR Puram,Devanahalli,119.0,135.0,Not Applicable,Not Applicable,No,Not Applicable,109,UPI,19,3.6,4.0
2024-07-21 14:19:00,CNR8911815810,Driver Not Found,CID941860,Prime Plus,JP Nagar,Sahakar Nagar,,,Not Applicable,Not Applicable,Not Applicable,Not Applicable,1688,Not Applicable,0,,
2024-07-26 17:12:00,CNR5032365397,Success,CID921983,eBike,Kadugodi,Magadi Road,161.0,115.0,Not Applicable,Not Applicable,No,Not Applicable,991,UPI,25,3.4,5.0
2024-07-30 03:51:00,CNR5872152047,Success,CID568438,Mini,RT Nagar,Ulsoor,77.0,100.0,Not Applicable,Not Applicable,No,Not Applicable,274,Cash,1,4.2,4.0
2024-07-20 21:34:00,CNR6981704593,Success,CID875924,Prime Plus,Padmanabhanagar,Yeshwanthpur,161.0,120.0,Not Applicable,Not Applicable,No,Not Applicable,2080,Cash,20,4.9,3.5
2024-07-29 18:47:00,CNR9213573135,Success,CID527150,Prime SUV,Koramangala,Sahakar Nagar,147.0,135.0,Not Applicable,Not Applicable,No,Not Applicable,783,UPI,37,4.6,3.9
2024-07-13 16:19:00,CNR8533289298,Success,CID304091,Prime Plus,Langford Town,Frazer Town,98.0,25.0,Not Applicable,Not Applicable,No,Not Applicable,278,Cash,42,3.1,3.6
2024-07-10 14:17:00,CNR1712947729,Success,CID241970,eBike,Jayanagar,Frazer Town,161.0,55.0,Not Applicable,Not Applicable,No,Not Applicable,207,UPI,41,4.7,5.0
2024-07-23 03:18:00,CNR1281912338,Success,CID516253,Prime SUV,Rajajinagar,Indiranagar,217.0,60.0,Not Applicable,Not Applicable,No,Not Applicable,156,Cash,29,4.3,3.3
2024-07-22 14:27:00,CNR7415373131,Canceled by Driver,CID912176,Bike,KR Puram,HSR Layout,,,Not Applicable,Customer related issue,Not Applicable,Not Applicable,191,Not Applicable,0,,
2024-07-23 11:11:00,CNR1555400957,Canceled by Customer,CID812347,Mini,JP Nagar,MG Road,,,Driver asked to cancel,Not Applicable,Not Applicable,Not Applicable,435,Not Applicable,0,,
2024-07-05 06:41:00,CNR1110906329,Success,CID595299,Bike,Basavanagudi,BTM Layout,49.0,75.0,Not Applicable,Not Applicable,Yes,Vehicle Breakdown,257,Cash,21,4.2,4.0
2024-07-07 05:55:00,CNR7545608880,Success,CID681807,Bike,RT Nagar,Bannerghatta Road,140.0,70.0,Not Applicable,Not Applicable,No,Not Applicable,483,UPI,24,4.8,3.8
2024-07-16 04:51:00,CNR9242756690,Success,CID456979,Auto,Shantinagar,Frazer Town,77.0,35.0,Not Applicable,Not Applicable,No,Not Applicable,196,UPI,12,3.4,4.2
2024-07-25 02:49:00,CNR4843249911,Success,CID905096,Prime SUV,Indiranagar,Peenya,210.0,120.0,Not Applicable,Not Applicable,No,Not Applicable,2530,Cash,30,4.9,5.0
2024-07-05 12:45:00,CNR8668982430,Canceled by Customer,CID833556,Prime SUV,MG Road,Bellandur,,,Driver asked to cancel,Not Applicable,Not Applicable,Not Applicable,134,Not Applicable,0,,
2024-07-16 08:22:00,CNR1598985505,Success,CID859142,Prime Sedan,Shivajinagar,Mysore Road,175.0,125.0,Not Applicable,Not Applicable,No,Not Applicable,576,Cash,14,3.2,3.4
2024-07-19 14:12:00,CNR7594759827,Success,CID874210,Auto,Hebbal,Indiranagar,245.0,90.0,Not Applicable,Not Applicable,No,Not Applicable,614,Debit Card,5,4.9,3.6
2024-07-23 17:41:00,CNR9630718724,Canceled by Customer,CID302705,Prime Plus,Tumkur Road,Whitefield,,,Driver is not moving towards pickup location,Not Applicable,Not Applicable,Not Applicable,199,Not Applicable,0,,
2024-07-19 00:37:00,CNR8131737817,Success,CID946734,Prime Sedan,JP Nagar,Ramamurthy Nagar,161.0,75.0,Not Applicable,Not Applicable,No,Not Applicable,180,UPI,26,4.7,4.5
2024-07-28 05:32:00,CNR3289568824,Canceled by Customer,CID705918,Bike,KR Puram,Bannerghatta Road,,,Change of plans,Not Applicable,Not Applicable,Not Applicable,2215,Not Applicable,0,,
2024-07-25 16:45:00,CNR5353994335,Success,CID786496,Auto,Whitefield,Kadugodi,252.0,120.0,Not Applicable,Not Applicable,No,Not Applicable,368,UPI,6,4.4,4.1
2024-07-26 05:29:00,CNR4760371674,Success,CID917359,Auto,Vijayanagar,Basavanagudi,91.0,65.0,Not Applicable,Not Applicable,No,Not Applicable,134,Cash,6,4.7,3.8
2024-07-20 03:03:00,CNR7244396191,Canceled by Driver,CID922470,eBike,Richmond Town,Rajarajeshwari Nagar,,,Not Applicable,Personal & Car related issue,Not Applicable,Not Applicable,273,Not Applicable,0,,
2024-07-21 04:04:00,CNR9403144915,Canceled by Driver,CID306278,Prime Sedan,Nagarbhavi,Indiranagar,,,Not Applicable,Customer related issue,Not Applicable,Not Applicable,263,Not Applicable,0,,
2024-07-12 21:42:00,CNR7977927908,Driver Not Found,CID729622,Prime SUV,Hennur,Hosur Road,,,Not Applicable,Not Applicable,Not Applicable,Not Applicable,498,Not Applicable,0,,
2024-07-23 10:55:00,CNR2841667581,Driver Not Found,CID951006,Mini,Padmanabhanagar,Magadi Road,,,Not Applicable,Not Applicable,Not Applicable,Not Applicable,388,Not Applicable,0,,
2024-07-07 20:54:00,CNR5313780919,Canceled by Customer,CID106425,Auto,Sarjapur Road,Padmanabhanagar,,,Driver is not moving towards pickup location,Not Applicable,Not Applicable,Not Applicable,118,Not Applicable,0,,
2024-07-03 09:09:00,CNR8346030092,Canceled by Driver,CID737019,Prime Sedan,BTM Layout,Hennur,,,Not Applicable,Customer related issue,Not Applicable,Not Applicable,341,Not Applicable,0,,
2024-07-04 19:35:00,CNR9403713483,Success,CID237101,Auto,HSR Layout,Cox Town,273.0,135.0,Not Applicable,Not Applicable,No,Not Applicable,624,Cash,19,3.9,4.8
2024-07-29 13:44:00,CNR6992648942,Driver Not Found,CID952270,Auto,Mysore Road,Koramangala,,,Not Applicable,Not Applicable,Not Applicable,Not Applicable,441,Not Applicable,0,,
2024-07-03 01:27:00,CNR5189112388,Driver Not Found,CID674289,Prime Sedan,Langford Town,BTM Layout,,,Not Applicable,Not Applicable,Not Applicable,Not Applicable,349,Not Applicable,0,,
2024-07-25 08:12:00,CNR8898099893,Success,CID871995,Bike,Peenya,Cox Town,56.0,80.0,Not Applicable,Not Applicable,No,Not Applicable,835,Cash,25,3.2,4.3
2024-07-30 04:59:00,CNR2250860968,Success,CID731723,Prime Sedan,Shivajinagar,Hebbal,119.0,70.0,Not Applicable,Not Applicable,No,Not Applicable,302,Cash,48,3.3,4.2
2024-07-18 22:44:00,CNR8009094258,Success,CID872220,Bike,Chamarajpet,Frazer Town,294.0,105.0,Not Applicable,Not Applicable,No,Not Applicable,330,UPI,49,3.9,4.8
2024-07-03 04:01:00,CNR9283420407,Canceled by Driver,CID799906,Prime Sedan,Hebbal,MG Road,,,Not Applicable,Customer related issue,Not Applicable,Not Applicable,460,Not Applicable,0,,
2024-07-24 20:29:00,CNR7976203868,Success,CID264772,eBike,Tumkur Road,Hennur,217.0,70.0,Not Applicable,Not Applicable,No,Not Applicable,698,Credit Card,21,4.5,4.5
2024-07-04 20:54:00,CNR6905882633,Canceled by Customer,CID328290,Mini,Tumkur Road,Kammanahalli,,,Change of plans,Not Applicable,Not Applicable,Not Applicable,145,Not Applicable,0,,
2024-07-20 08:47:00,CNR2425617047,Canceled by Driver,CID700544,eBike,Banashankari,Banashankari,,,Not Applicable,Customer related issue,Not Applicable,Not Applicable,509,Not Applicable,0,,
2024-07-27 10:50:00,CNR3008130324,Success,CID306291,Prime Plus,Hulimavu,Bannerghatta Road,49.0,25.0,Not Applicable,Not Applicable,No,Not Applicable,336,UPI,19,3.1,4.4
2024-07-06 08:18:00,CNR7292677885,Success,CID772199,eBike,Mysore Road,Majestic,273.0,25.0,Not Applicable,Not Applicable,Yes,Other Issue,283,UPI,21,4.2,3.7
2024-07-16 20:51:00,CNR2186096212,Success,CID728512,Prime Sedan,Electronic City,Hosur Road,210.0,30.0,Not Applicable,Not Applicable,No,Not Applicable,723,Credit Card,18,4.1,4.9
2024-07-21 10:56:00,CNR7442660516,Canceled by Driver,CID621978,Prime SUV,Bellandur,Vijayanagar,,,Not Applicable,Personal & Car related issue,Not Applicable,Not Applicable,1378,Not Applicable,0,,
2024-07-10 01:17:00,CNR2312908602,Success,CID233059,Prime Sedan,Varthur,Chickpet,301.0,60.0,Not Applicable,Not Applicable,No,Not Applicable,776,Cash,27,3.8,4.7
2024-07-16 06:54:00,CNR4812397282,Canceled by Driver,CID778073,Prime SUV,MG Road,Vijayanagar,,,Not Applicable,Personal & Car related issue,Not Applicable,Not Applicable,270,Not Applicable,0,,
2024-07-13 10:14:00,CNR3169631518,Canceled by Driver,CID543432,Prime Plus,Basavanagudi,Cox Town,,,Not Applicable,Customer was coughing/sick,Not Applicable,Not Applicable,116,Not Applicable,0,,
2024-07-13 03:42:00,CNR3857311975,Success,CID653314,Prime SUV,Malleshwaram,Electronic City,161.0,75.0,Not Applicable,Not Applicable,No,Not Applicable,362,Debit Card,30,3.1,4.2
2024-07-20 12:09:00,CNR1207259365,Canceled by Driver,CID294793,Mini,Langford Town,Bannerghatta Road,,,Not Applicable,Customer was coughing/sick,Not Applicable,Not Applicable,675,Not Applicable,0,,
2024-07-22 12:21:00,CNR3480228695,Canceled by Customer,CID152797,Bike,Frazer Town,MG Road,,,AC is Not working,Not Applicable,Not Applicable,Not Applicable,184,Not Applicable,0,,
2024-07-14 16:42:00,CNR3844781065,Success,CID925854,Prime Sedan,Richmond Town,Rajarajeshwari Nagar,49.0,70.0,Not Applicable,Not Applicable,No,Not Applicable,145,Credit Card,9,3.9,3.9
2024-07-05 12:31:00,CNR9274734000,Success,CID164160,Prime SUV,Sahakar Nagar,Frazer Town,126.0,75.0,Not Applicable,Not Applicable,No,Not Applicable,333,UPI,38,3.2,3.7
2024-07-14 20:47:00,CNR4783753578,Success,CID712446,Mini,Ramamurthy Nagar,Frazer Town,196.0,105.0,Not Applicable,Not Applicable,No,Not Applicable,199,UPI,22,3.7,3.2
2024-07-30 11:07:00,CNR7878603264,Driver Not Found,CID352212,eBike,Frazer Town,RT Nagar,,,Not Applicable,Not Applicable,Not Applicable,Not Applicable,766,Not Applicable,0,,
2024-07-26 23:31:00,CNR7328589195,Success,CID727000,Prime Plus,JP Nagar,Bellandur,189.0,130.0,Not Applicable,Not Applicable,No,Not Applicable,267,UPI,33,3.1,3.8
2024-07-16 03:52:00,CNR6293380089,Success,CID489345,Mini,Frazer Town,Kadugodi,161.0,55.0,Not Applicable,Not Applicable,No,Not Applicable,186,UPI,3,3.8,3.1
2024-07-03 00:57:00,CNR4897319017,Canceled by Driver,CID326367,Bike,Marathahalli,Shantinagar,,,Not Applicable,More than permitted people in there,Not Applicable,Not Applicable,135,Not Applicable,0,,
2024-07-24 05:47:00,CNR9561169980,Success,CID856589,eBike,Peenya,Hennur,280.0,90.0,Not Applicable,Not Applicable,No,Not Applicable,967,Debit Card,45,4.1,3.2
2024-07-23 19:45:00,CNR9707574161,Canceled by Driver,CID819164,Mini,KR Puram,Marathahalli,,,Not Applicable,Customer related issue,Not Applicable,Not Applicable,145,Not Applicable,0,,
2024-07-05 12:16:00,CNR5596472519,Driver Not Found,CID785523,Mini,Yelahanka,Nagarbhavi,,,Not Applicable,Not Applicable,Not Applicable,Not Applicable,143,Not Applicable,0,,
2024-07-16 02:54:00,CNR1254951028,Success,CID485142,Prime SUV,Yeshwanthpur,Marathahalli,266.0,130.0,Not Applicable,Not Applicable,No,Not Applicable,202,Cash,31,3.2,4.0
2024-07-06 20:44:00,CNR6688125484,Canceled by Driver,CID743920,eBike,JP Nagar,Rajajinagar,,,Not Applicable,Personal & Car related issue,Not Applicable,Not Applicable,431,Not Applicable,0,,
2024-07-19 09:55:00,CNR5231251478,Success,CID842445,Mini,Frazer Town,Marathahalli,112.0,120.0,Not Applicable,Not Applicable,No,Not Applicable,286,Cash,7,3.2,4.9
2024-07-19 02:08:00,CNR7401489548,Success,CID171429,Bike,Koramangala,Padmanabhanagar,91.0,80.0,Not Applicable,Not Applicable,No,Not Applicable,144,UPI,16,4.1,4.9
2024-07-19 04:11:00,CNR6511050718,Success,CID567092,eBike,Ramamurthy Nagar,Hennur,126.0,80.0,Not Applicable,Not Applicable,No,Not Applicable,305,Cash,38,3.1,4.8
2024-07-21 05:27:00,CNR2485459084,Success,CID253356,Prime Sedan,Rajarajeshwari Nagar,Basavanagudi,168.0,70.0,Not Applicable,Not Applicable,No,Not Applicable,196,Cash,14,3.7,4.0
2024-07-27 02:21:00,CNR5421299793,Driver Not Found,CID247543,Auto,Bannerghatta Road,Magadi Road,,,Not Applicable,Not Applicable,Not Applicable,Not Applicable,274,Not Applicable,0,,
2024-07-10 00:00:00,CNR5931246628,Canceled by Driver,CID341651,Prime SUV,KR Puram,Majestic,,,Not Applicable,Customer related issue,Not Applicable,Not Applicable,337,Not Applicable,0,,
2024-07-24 15:02:00,CNR4560446104,Success,CID766864,Mini,Hennur,Vijayanagar,280.0,25.0,Not Applicable,Not Applicable,Yes,Customer Demand,244,UPI,5,3.7,4.0
2024-07-07 18:23:00,CNR1093948301,Success,CID649122,eBike,Hosur Road,Yelahanka,126.0,60.0,Not Applicable,Not Applicable,No,Not Applicable,1488,Cash,34,4.4,4.6
2024-07-24 10:55:00,CNR8103181306,Driver Not Found,CID478596,Mini,Richmond Town,Richmond Town,,,Not Applicable,Not Applicable,Not Applicable,Not Applicable,840,Not Applicable,0,,
2024-07-11 07:49:00,CNR4611716713,Canceled by Driver,CID268517,Bike,Hosur Road,Hulimavu,,,Not Applicable,Personal & Car related issue,Not Applicable,Not Applicable,238,Not Applicable,0,,
2024-07-13 11:37:00,CNR4756298555,Driver Not Found,CID361263,Prime SUV,Hebbal,Electronic City,,,Not Applicable,Not Applicable,Not Applicable,Not Applicable,362,Not Applicable,0,,
2024-07-07 19:08:00,CNR3844283552,Success,CID403845,Mini,Malleshwaram,Chickpet,63.0,95.0,Not Applicable,Not Applicable,No,Not Applicable,437,Cash,48,4.0,4.2
2024-07-16 14:48:00,CNR4728544222,Success,CID655476,eBike,Kadugodi,Banashankari,91.0,120.0,Not Applicable,Not Applicable,No,Not Applicable,438,Cash,28,3.5,4.8
2024-07-05 01:02:00,CNR8760213303,Canceled by Customer,CID290961,Prime Plus,Hennur,Koramangala,,,AC is Not working,Not Applicable,Not Applicable,Not Applicable,810,Not Applicable,0,,
2024-07-11 07:25:00,CNR4645327325,Success,CID487808,Prime Sedan,Yelahanka,Hennur,273.0,45.0,Not Applicable,Not Applicable,No,Not Applicable,306,Cash,38,4.7,3.8
2024-07-29 15:25:00,CNR2968815248,Success,CID157489,Prime SUV,Chickpet,Chamarajpet,126.0,110.0,Not Applicable,Not Applicable,No,Not Applicable,388,Credit Card,31,3.8,4.3
2024-07-23 00:45:00,CNR2629383564,Driver Not Found,CID662298,Auto,Chamarajpet,Vijayanagar,,,Not Applicable,Not Applicable,Not Applicable,Not Applicable,100,Not Applicable,0,,
2024-07-17 05:54:00,CNR2786522609,Success,CID892338,Prime Sedan,Marathahalli,Electronic City,126.0,65.0,Not Applicable,Not Applicable,No,Not Applicable,453,Cash,16,3.3,4.8
2024-07-28 13:06:00,CNR7065833629,Success,CID555169,Mini,Yeshwanthpur,Rajarajeshwari Nagar,301.0,35.0,Not Applicable,Not Applicable,No,Not Applicable,842,UPI,22,4.6,4.1
2024-07-15 02:04:00,CNR1487983749,Success,CID421304,Prime Plus,Whitefield,Malleshwaram,308.0,40.0,Not Applicable,Not Applicable,No,Not Applicable,362,Cash,26,3.3,4.3
2024-07-04 07:53:00,CNR6523299588,Success,CID819916,Mini,Indiranagar,Majestic,154.0,115.0,Not Applicable,Not Applicable,No,Not Applicable,570,Cash,14,3.3,3.2
2024-07-04 14:23:00,CNR5250163688,Success,CID799477,Prime Plus,Peenya,Chickpet,98.0,85.0,Not Applicable,Not Applicable,Yes,Vehicle Breakdown,2115,Cash,42,3.2,3.9
2024-07-07 11:46:00,CNR6208227343,Canceled by Customer,CID880367,Prime SUV,Peenya,RT Nagar,,,Driver asked to cancel,Not Applicable,Not Applicable,Not Applicable,310,Not Applicable,0,,
2024-07-03 23:36:00,CNR6179137382,Success,CID451921,Prime Plus,Electronic City,Hosur Road,301.0,125.0,Not Applicable,Not Applicable,No,Not Applicable,287,Cash,47,4.5,5.0
2024-07-20 22:55:00,CNR2175831239,Success,CID493020,Prime SUV,Peenya,Magadi Road,49.0,130.0,Not Applicable,Not Applicable,No,Not Applicable,444,Cash,1,3.8,3.9
2024-07-27 13:50:00,CNR1512793840,Success,CID213309,Prime SUV,Bellandur,Frazer Town,217.0,70.0,Not Applicable,Not Applicable,No,Not Applicable,476,Cash,6,4.1,3.7
2024-07-08 07:07:00,CNR2643607665,Driver Not Found,CID720378,eBike,Koramangala,Hebbal,,,Not Applicable,Not Applicable,Not Applicable,Not Applicable,871,Not Applicable,0,,
2024-07-01 03:46:00,CNR4630179686,Success,CID207186,Bike,Koramangala,Electronic City,245.0,135.0,Not Applicable,Not Applicable,No,Not Applicable,436,UPI,26,4.2,3.7
2024-07-07 08:28:00,CNR3052631842,Canceled by Driver,CID504740,Mini,Rajarajeshwari Nagar,Bannerghatta Road,,,Not Applicable,Customer related issue,Not Applicable,Not Applicable,2275,Not Applicable,0,,
2024-07-04 09:07:00,CNR4085856639,Success,CID555541,Prime Sedan,Hulimavu,Ramamurthy Nagar,231.0,125.0,Not Applicable,Not Applicable,No,Not Applicable,998,UPI,33,4.2,4.1
2024-07-27 09:14:00,CNR9457332494,Success,CID458027,Auto,KR Puram,KR Puram,210.0,85.0,Not Applicable,Not Applicable,No,Not Applicable,591,UPI,7,3.8,4.1
2024-07-13 04:11:00,CNR7509378000,Success,CID683460,Mini,Magadi Road,Marathahalli,231.0,145.0,Not Applicable,Not Applicable,No,Not Applicable,748,UPI,5,4.9,4.9
2024-07-19 18:31:00,CNR6501051892,Canceled by Driver,CID317487,eBike,Hulimavu,JP Nagar,,,Not Applicable,Personal & Car related issue,Not Applicable,Not Applicable,271,Not Applicable,0,,
2024-07-04 19:30:00,CNR9200756547,Canceled by Driver,CID940939,Prime Plus,RT Nagar,Hebbal,,,Not Applicable,Personal & Car related issue,Not Applicable,Not Applicable,174,Not Applicable,0,,
2024-07-01 13:54:00,CNR9047314438,Success,CID721453,Prime Plus,Cox Town,Kadugodi,147.0,135.0,Not Applicable,Not Applicable,No,Not Applicable,428,Cash,7,4.6,3.3
2024-07-30 10:27:00,CNR7368561844,Canceled by Driver,CID729868,eBike,Peenya,HSR Layout,,,Not Applicable,More than permitted people in there,Not Applicable,Not Applicable,223,Not Applicable,0,,
2024-07-29 01:35:00,CNR1674251904,Success,CID213639,Prime Sedan,Shantinagar,Hulimavu,280.0,130.0,Not Applicable,Not Applicable,No,Not Applicable,229,Cash,33,3.7,3.9
2024-07-11 01:07:00,CNR9192177654,Success,CID124850,eBike,Basavanagudi,Frazer Town,175.0,70.0,Not Applicable,Not Applicable,Yes,Customer Demand,929,UPI,45,3.6,3.8
2024-07-20 07:06:00,CNR6679419955,Success,CID521558,Prime SUV,Whitefield,Koramangala,273.0,25.0,Not Applicable,Not Applicable,No,Not Applicable,1878,Cash,40,4.5,4.7
2024-07-20 12:07:00,CNR5492726387,Driver Not Found,CID161298,Auto,Koramangala,Cox Town,,,Not Applicable,Not Applicable,Not Applicable,Not Applicable,534,Not Applicable,0,,
2024-07-26 08:16:00,CNR5061927248,Success,CID467137,Prime SUV,Indiranagar,Ramamurthy Nagar,168.0,30.0,Not Applicable,Not Applicable,No,Not Applicable,408,Cash,38,4.2,3.2
2024-07-22 17:32:00,CNR6307551832,Success,CID284673,Prime Sedan,KR Puram,Ramamurthy Nagar,98.0,115.0,Not Applicable,Not Applicable,No,Not Applicable,190,UPI,46,3.7,4.0
2024-07-04 03:39:00,CNR3499605415,Success,CID265049,Mini,Bellandur,RT Nagar,266.0,45.0,Not Applicable,Not Applicable,No,Not Applicable,131,UPI,12,3.6,3.8
2024-07-30 10:49:00,CNR7758469413,Success,CID717697,Bike,Shivajinagar,Ramamurthy Nagar,105.0,140.0,Not Applicable,Not Applicable,No,Not Applicable,2255,UPI,37,3.5,4.6
2024-07-27 22:32:00,CNR8265470619,Canceled by Customer,CID145404,Prime SUV,Yelahanka,Kengeri,,,Driver asked to cancel,Not Applicable,Not Applicable,Not Applicable,237,Not Applicable,0,,
2024-07-04 00:48:00,CNR3093156015,Driver Not Found,CID913264,Prime Sedan,Koramangala,Yelahanka,,,Not Applicable,Not Applicable,Not Applicable,Not Applicable,140,Not Applicable,0,,
2024-07-19 07:29:00,CNR3820233035,Canceled by Driver,CID921439,Auto,Yeshwanthpur,JP Nagar,,,Not Applicable,Personal & Car related issue,Not Applicable,Not Applicable,430,Not Applicable,0,,
2024-07-24 18:56:00,CNR6978447721,Success,CID108614,Prime Plus,Yeshwanthpur,BTM Layout,301.0,60.0,Not Applicable,Not Applicable,No,Not Applicable,390,Cash,14,3.5,3.0
2024-07-06 05:45:00,CNR4865733515,Success,CID247274,Prime Sedan,Koramangala,Kadugodi,91.0,40.0,Not Applicable,Not Applicable,No,Not Applicable,223,Cash,23,4.7,4.8
2024-07-14 02:46:00,CNR8489113978,Canceled by Driver,CID868609,eBike,Rajajinagar,Rajajinagar,,,Not Applicable,Personal & Car related issue,Not Applicable,Not Applicable,361,Not Applicable,0,,
2024-07-09 13:54:00,CNR3881993168,Success,CID564185,Bike,Richmond Town,Tumkur Road,287.0,40.0,Not Applicable,Not Applicable,No,Not Applicable,429,Credit Card,5,3.4,4.4
2024-07-29 10:39:00,CNR9806697495,Canceled by Customer,CID751504,Prime Sedan,Malleshwaram,Banashankari,,,Change of plans,Not Applicable,Not Applicable,Not Applicable,352,Not Applicable,0,,
2024-07-18 05:17:00,CNR4298204506,Success,CID797524,Auto,Chamarajpet,Indiranagar,42.0,95.0,Not Applicable,Not Applicable,No,Not Applicable,617,UPI,9,3.2,4.3
2024-07-25 02:09:00,CNR7983411240,Success,CID911352,Prime Plus,Jayanagar,Sahakar Nagar,196.0,105.0,Not Applicable,Not Applicable,No,Not Applicable,154,Credit Card,13,4.1,3.7
2024-07-13 22:23:00,CNR3418459421,Canceled by Customer,CID124699,eBike,Tumkur Road,Banashankari,,,AC is Not working,Not Applicable,Not Applicable,Not Applicable,218,Not Applicable,0,,
2024-07-08 23:16:00,CNR2703235884,Canceled by Driver,CID757725,eBike,Kadugodi,Hebbal,,,Not Applicable,Personal & Car related issue,Not Applicable,Not Applicable,2640,Not Applicable,0,,
2024-07-29 03:50:00,CNR7651771481,Success,CID324599,Bike,Marathahalli,Kadugodi,217.0,145.0,Not Applicable,Not Applicable,No,Not Applicable,857,Cash,19,4.7,4.8
2024-07-17 13:03:00,CNR8876099604,Success,CID512536,Prime SUV,Majestic,Rajarajeshwari Nagar,119.0,45.0,Not Applicable,Not Applicable,No,Not Applicable,207,Cash,40,3.7,4.3
2024-07-07 15:07:00,CNR4029235251,Canceled by Customer,CID519799,Mini,JP Nagar,Yeshwanthpur,,,Driver is not moving towards pickup location,Not Applicable,Not Applicable,Not Applicable,217,Not Applicable,0,,
2024-07-22 14:03:00,CNR7206443519,Canceled by Driver,CID250449,eBike,BTM Layout,Malleshwaram,,,Not Applicable,Customer was coughing/sick,Not Applicable,Not Applicable,2850,Not Applicable,0,,
2024-07-23 19:57:00,CNR1854919255,Success,CID841398,Prime SUV,Mysore Road,Padmanabhanagar,168.0,105.0,Not Applicable,Not Applicable,No,Not Applicable,440,UPI,12,4.7,3.1
2024-07-30 12:55:00,CNR1113646267,Success,CID828841,Prime Plus,Peenya,Hebbal,196.0,105.0,Not Applicable,Not Applicable,No,Not Applicable,630,Credit Card,36,3.8,4.1
2024-07-19 01:04:00,CNR6070623558,Driver Not Found,CID592323,Bike,Ulsoor,Banashankari,,,Not Applicable,Not Applicable,Not Applicable,Not Applicable,109,Not Applicable,0,,
2024-07-12 12:43:00,CNR1894046582,Success,CID523071,Bike,BTM Layout,Banashankari,49.0,35.0,Not Applicable,Not Applicable,No,Not Applicable,243,Cash,12,3.7,3.9
2024-07-16 21:32:00,CNR3692897707,Success,CID529108,Mini,Tumkur Road,Frazer Town,175.0,30.0,Not Applicable,Not Applicable,No,Not Applicable,265,UPI,23,4.9,4.3
2024-07-08 20:11:00,CNR1283182760,Success,CID403064,Auto,Nagarbhavi,Frazer Town,182.0,30.0,Not Applicable,Not Applicable,No,Not Applicable,209,UPI,1,3.8,3.6
2024-07-26 16:29:00,CNR7909907968,Canceled by Customer,CID336147,Mini,Padmanabhanagar,Frazer Town,,,Driver asked to cancel,Not Applicable,Not Applicable,Not Applicable,421,Not Applicable,0,,
2024-07-18 13:02:00,CNR7556074229,Success,CID112886,Auto,Hulimavu,Devanahalli,140.0,110.0,Not Applicable,Not Applicable,No,Not Applicable,371,UPI,8,4.9,3.2
2024-07-19 17:05:00,CNR4998229510,Success,CID840334,eBike,Sahakar Nagar,Bannerghatta Road,126.0,30.0,Not Applicable,Not Applicable,No,Not Applicable,914,UPI,33,3.8,3.3
2024-07-12 20:12:00,CNR6445969773,Success,CID743151,Prime Plus,Vijayanagar,Sahakar Nagar,161.0,25.0,Not Applicable,Not Applicable,No,Not Applicable,413,UPI,10,3.2,4.4
2024-07-05 22:00:00,CNR4255434236,Success,CID631072,eBike,Yeshwanthpur,Yelahanka,245.0,55.0,Not Applicable,Not Applicable,No,Not Applicable,497,UPI,30,3.6,3.5
2024-07-13 03:53:00,CNR5051916220,Success,CID228184,Prime Sedan,Chamarajpet,Padmanabhanagar,175.0,110.0,Not Applicable,Not Applicable,No,Not Applicable,159,Cash,3,3.8,4.9
2024-07-28 23:26:00,CNR2979001580,Canceled by Customer,CID379395,Prime SUV,RT Nagar,Vijayanagar,,,Driver is not moving towards pickup location,Not Applicable,Not Applicable,Not Applicable,110,Not Applicable,0,,
2024-07-28 06:50:00,CNR7998381266,Canceled by Driver,CID308498,Auto,Shantinagar,Nagarbhavi,,,Not Applicable,Customer related issue,Not Applicable,Not Applicable,811,Not Applicable,0,,
2024-07-20 13:36:00,CNR2531097111,Canceled by Customer,CID464413,Auto,MG Road,Ulsoor,,,Driver is not moving towards pickup location,Not Applicable,Not Applicable,Not Applicable,615,Not Applicable,0,,
2024-07-02 15:28:00,CNR6075845779,Canceled by Driver,CID354100,eBike,Ulsoor,Ramamurthy Nagar,,,Not Applicable,Customer was coughing/sick,Not Applicable,Not Applicable,662,Not Applicable,0,,
2024-07-18 10:36:00,CNR6361756879,Driver Not Found,CID602417,Prime SUV,KR Puram,BTM Layout,,,Not Applicable,Not Applicable,Not Applicable,Not Applicable,2998,Not Applicable,0,,
2024-07-02 23:42:00,CNR5152512350,Canceled by Driver,CID789522,Prime Plus,HSR Layout,KR Puram,,,Not Applicable,Customer was coughing/sick,Not Applicable,Not Applicable,180,Not Applicable,0,,
2024-07-16 15:43:00,CNR6697359508,Success,CID316052,Auto,Indiranagar,Yelahanka,224.0,140.0,Not Applicable,Not Applicable,No,Not Applicable,874,Cash,8,4.2,3.6
2024-07-12 08:29:00,CNR8844268919,Success,CID736010,Mini,Padmanabhanagar,Hennur,259.0,145.0,Not Applicable,Not Applicable,No,Not Applicable,129,UPI,1,5.0,4.2
2024-07-11 15:01:00,CNR9999714482,Canceled by Driver,CID716556,Mini,Vijayanagar,Sarjapur Road,,,Not Applicable,Customer related issue,Not Applicable,Not Applicable,280,Not Applicable,0,,
2024-07-20 21:59:00,CNR8094407288,Success,CID114244,Mini,Sahakar Nagar,Magadi Road,308.0,65.0,Not Applicable,Not Applicable,No,Not Applicable,465,UPI,30,4.8,4.9
2024-07-26 17:32:00,CNR3197717715,Success,CID139296,Prime Sedan,Cox Town,Chamarajpet,56.0,30.0,Not Applicable,Not Applicable,No,Not Applicable,444,Cash,22,3.2,4.9
2024-07-21 03:10:00,CNR6598210074,Success,CID129338,eBike,Kengeri,Hulimavu,245.0,135.0,Not Applicable,Not Applicable,No,Not Applicable,337,UPI,3,3.1,4.6
2024-07-17 05:08:00,CNR7661538203,Success,CID330355,Mini,Hulimavu,Banashankari,245.0,90.0,Not Applicable,Not Applicable,No,Not Applicable,234,UPI,17,4.9,4.0
2024-07-08 13:13:00,CNR7731396786,Canceled by Driver,CID292231,Mini,Richmond Town,Vijayanagar,,,Not Applicable,More than permitted people in there,Not Applicable,Not Applicable,1624,Not Applicable,0,,
2024-07-25 07:04:00,CNR7739297645,Success,CID183532,Prime Sedan,Marathahalli,Malleshwaram,252.0,140.0,Not Applicable,Not Applicable,No,Not Applicable,385,UPI,39,3.4,4.8
2024-07-03 17:45:00,CNR5018422137,Canceled by Driver,CID575746,Prime SUV,Yeshwanthpur,Cox Town,,,Not Applicable,Customer related issue,Not Applicable,Not Applicable,143,Not Applicable,0,,
2024-07-11 23:04:00,CNR4757820878,Success,CID513192,Prime Plus,HSR Layout,Magadi Road,245.0,40.0,Not Applicable,Not Applicable,No,Not Applicable,170,UPI,16,3.7,4.2
2024-07-14 22:43:00,CNR3186899115,Success,CID983189,Auto,Sarjapur Road,Electronic City,259.0,140.0,Not Applicable,Not Applicable,No,Not Applicable,100,UPI,13,3.1,3.3
2024-07-23 18:31:00,CNR8918124073,Canceled by Customer,CID401841,Prime SUV,Tumkur Road,Hennur,,,Wrong Address,Not Applicable,Not Applicable,Not Applicable,144,Not Applicable,0,,
2024-07-25 09:52:00,CNR8780792376,Success,CID994512,Mini,Malleshwaram,Tumkur Road,231.0,55.0,Not Applicable,Not Applicable,No,Not Applicable,385,UPI,19,3.0,4.4
2024-07-13 08:51:00,CNR9970414714,Success,CID956251,Bike,Sarjapur Road,Basavanagudi,273.0,95.0,Not Applicable,Not Applicable,No,Not Applicable,922,Cash,3,3.6,4.8
2024-07-24 10:56:00,CNR5617902732,Canceled by Driver,CID215447,Auto,Shantinagar,JP Nagar,,,Not Applicable,Customer related issue,Not Applicable,Not Applicable,319,Not Applicable,0,,
2024-07-08 19:10:00,CNR2136725413,Success,CID972169,Auto,Cox Town,Marathahalli,35.0,70.0,Not Applicable,Not Applicable,No,Not Applicable,764,UPI,13,4.1,4.3
2024-07-30 15:43:00,CNR1007503214,Success,CID781837,Mini,Banashankari,MG Road,91.0,130.0,Not Applicable,Not Applicable,No,Not Applicable,118,Cash,38,4.8,4.5
2024-07-06 09:29:00,CNR3344709612,Success,CID923171,Auto,Devanahalli,Yelahanka,210.0,105.0,Not Applicable,Not Applicable,No,Not Applicable,280,Cash,12,3.5,4.0
2024-07-21 16:14:00,CNR1118578267,Success,CID362825,Prime Plus,Kadugodi,MG Road,301.0,110.0,Not Applicable,Not Applicable,No,Not Applicable,2027,UPI,30,4.6,4.7
2024-07-03 19:59:00,CNR6625492333,Success,CID468336,Mini,Ramamurthy Nagar,Sarjapur Road,273.0,50.0,Not Applicable,Not Applicable,No,Not Applicable,2157,Cash,38,3.3,3.1
2024-07-24 22:15:00,CNR9678514025,Canceled by Customer,CID291756,Prime Plus,Yelahanka,Magadi Road,,,Driver is not moving towards pickup location,Not Applicable,Not Applicable,Not Applicable,431,Not Applicable,0,,
2024-07-02 20:44:00,CNR7433892468,Success,CID277506,Mini,Sarjapur Road,Vijayanagar,224.0,120.0,Not Applicable,Not Applicable,No,Not Applicable,121,Cash,18,3.1,3.6
2024-07-15 12:56:00,CNR8431061164,Success,CID971232,Prime Plus,Chickpet,Majestic,63.0,40.0,Not Applicable,Not Applicable,No,Not Applicable,787,Cash,33,4.3,4.8
2024-07-09 02:52:00,CNR7949492623,Canceled by Driver,CID539993,Prime SUV,Rajajinagar,Sarjapur Road,,,Not Applicable,Customer related issue,Not Applicable,Not Applicable,221,Not Applicable,0,,
2024-07-22 12:18:00,CNR2173542800,Canceled by Driver,CID496897,eBike,Tumkur Road,Shantinagar,,,Not Applicable,Customer related issue,Not Applicable,Not Applicable,152,Not Applicable,0,,
2024-07-16 18:29:00,CNR8855713576,Success,CID857690,Auto,Padmanabhanagar,Kengeri,126.0,55.0,Not Applicable,Not Applicable,No,Not Applicable,450,Cash,19,3.1,4.2
2024-07-21 14:21:00,CNR4514139627,Success,CID928028,Bike,Ulsoor,Chamarajpet,49.0,45.0,Not Applicable,Not Applicable,No,Not Applicable,382,Cash,35,3.3,3.8
2024-07-20 11:38:00,CNR1021598811,Success,CID105886,Prime Sedan,KR Puram,Shivajinagar,168.0,105.0,Not Applicable,Not Applicable,No,Not Applicable,543,UPI,5,4.4,3.8
2024-07-22 19:09:00,CNR1105888033,Success,CID203359,Auto,RT Nagar,Rajarajeshwari Nagar,140.0,50.0,Not Applicable,Not Applicable,No,Not Applicable,257,UPI,2,4.0,4.7
2024-07-21 15:23:00,CNR9825829190,Success,CID276457,Prime SUV,Hulimavu,Sarjapur Road,182.0,115.0,Not Applicable,Not Applicable,No,Not Applicable,256,Cash,49,3.6,3.5
2024-07-15 18:51:00,CNR8601187964,Success,CID625643,Mini,Sahakar Nagar,Sarjapur Road,259.0,140.0,Not Applicable,Not Applicable,No,Not Applicable,357,UPI,30,3.5,4.1
2024-07-13 10:21:00,CNR9680302383,Canceled by Driver,CID808417,Prime Plus,Chickpet,Bellandur,,,Not Applicable,Customer related issue,Not Applicable,Not Applicable,304,Not Applicable,0,,
2024-07-26 18:15:00,CNR6747230763,Success,CID722477,Auto,Magadi Road,Indiranagar,133.0,120.0,Not Applicable,Not Applicable,No,Not Applicable,916,UPI,6,4.9,4.8
2024-07-28 04:28:00,CNR9099668825,Success,CID899255,Prime Sedan,Hennur,Tumkur Road,154.0,125.0,Not Applicable,Not Applicable,No,Not Applicable,297,Cash,22,4.0,3.8
2024-07-03 00:48:00,CNR1192732326,Canceled by Driver,CID368946,Prime SUV,Devanahalli,Shantinagar,,,Not Applicable,Customer related issue,Not Applicable,Not Applicable,377,Not Applicable,0,,
2024-07-11 09:50:00,CNR5673689427,Canceled by Customer,CID158605,Auto,Frazer Town,Magadi Road,,,Change of plans,Not Applicable,Not Applicable,Not Applicable,695,Not Applicable,0,,
2024-07-21 09:13:00,CNR9167679128,Canceled by Driver,CID369713,eBike,Malleshwaram,Yeshwanthpur,,,Not Applicable,Personal & Car related issue,Not Applicable,Not Applicable,573,Not Applicable,0,,
2024-07-15 04:07:00,CNR8528745602,Canceled by Driver,CID551024,Prime Plus,Basavanagudi,Majestic,,,Not Applicable,More than permitted people in there,Not Applicable,Not Applicable,462,Not Applicable,0,,
2024-07-20 01:47:00,CNR1436402223,Success,CID770476,Prime Sedan,Peenya,Ramamurthy Nagar,217.0,65.0,Not Applicable,Not Applicable,No,Not Applicable,614,UPI,33,5.0,4.3
2024-07-18 18:39:00,CNR3241214463,Success,CID320575,Prime Sedan,Hosur Road,Hebbal,35.0,125.0,Not Applicable,Not Applicable,No,Not Applicable,331,Cash,14,3.9,5.0
2024-07-14 07:48:00,CNR9385828019,Success,CID398426,Prime SUV,Malleshwaram,Hennur,112.0,135.0,Not Applicable,Not Applicable,No,Not Applicable,260,Cash,21,4.8,3.2
2024-07-07 22:24:00,CNR8410808299,Success,CID766994,Prime SUV,Devanahalli,JP Nagar,175.0,125.0,Not Applicable,Not Applicable,No,Not Applicable,381,Cash,48,3.0,3.5
2024-07-10 16:21:00,CNR4970618365,Success,CID671494,Mini,Bannerghatta Road,Koramangala,294.0,135.0,Not Applicable,Not Applicable,No,Not Applicable,338,Cash,43,4.2,4.8
2024-07-23 05:59:00,CNR2522764102,Canceled by Driver,CID488019,Mini,Frazer Town,Mysore Road,,,Not Applicable,Personal & Car related issue,Not Applicable,Not Applicable,355,Not Applicable,0,,
2024-07-15 13:10:00,CNR2429856903,Canceled by Driver,CID618212,Bike,RT Nagar,Electronic City,,,Not Applicable,Personal & Car related issue,Not Applicable,Not Applicable,242,Not Applicable,0,,
2024-07-17 08:28:00,CNR6138976132,Success,CID136312,Prime Plus,RT Nagar,HSR Layout,35.0,95.0,Not Applicable,Not Applicable,No,Not Applicable,656,Cash,38,3.7,4.9
2024-07-19 02:45:00,CNR2005013260,Success,CID540539,eBike,Magadi Road,RT Nagar,210.0,105.0,Not Applicable,Not Applicable,No,Not Applicable,2080,Cash,7,3.9,3.2
2024-07-19 11:16:00,CNR2070222436,Success,CID887530,Prime Plus,Hosur Road,Nagarbhavi,56.0,55.0,Not Applicable,Not Applicable,No,Not Applicable,191,UPI,30,4.5,4.1
2024-07-07 03:39:00,CNR9287943085,Canceled by Driver,CID250481,Prime SUV,Cox Town,Hennur,,,Not Applicable,More than permitted people in there,Not Applicable,Not Applicable,171,Not Applicable,0,,
2024-07-04 19:47:00,CNR9035108958,Driver Not Found,CID736713,Auto,Majestic,Peenya,,,Not Applicable,Not Applicable,Not Applicable,Not Applicable,761,Not Applicable,0,,
2024-07-27 04:37:00,CNR4780897747,Canceled by Driver,CID213250,eBike,Rajarajeshwari Nagar,RT Nagar,,,Not Applicable,Personal & Car related issue,Not Applicable,Not Applicable,258,Not Applicable,0,,
2024-07-18 02:06:00,CNR1435479193,Success,CID710881,Prime Plus,Rajajinagar,Marathahalli,154.0,50.0,Not Applicable,Not Applicable,No,Not Applicable,491,Cash,35,4.7,5.0
2024-07-21 09:48:00,CNR5553317460,Driver Not Found,CID336950,eBike,Rajajinagar,Kadugodi,,,Not Applicable,Not Applicable,Not Applicable,Not Applicable,187,Not Applicable,0,,
2024-07-30 01:51:00,CNR5142932919,Canceled by Driver,CID874637,Mini,Hosur Road,Yelahanka,,,Not Applicable,Customer was coughing/sick,Not Applicable,Not Applicable,348,Not Applicable,0,,
2024-07-02 23:04:00,CNR8482268032,Canceled by Driver,CID212720,Prime Sedan,Kengeri,Sahakar Nagar,,,Not Applicable,Personal & Car related issue,Not Applicable,Not Applicable,321,Not Applicable,0,,
2024-07-18 14:35:00,CNR3340789821,Canceled by Customer,CID473572,Prime Plus,Bannerghatta Road,Varthur,,,Change of plans,Not Applicable,Not Applicable,Not Applicable,773,Not Applicable,0,,
2024-07-10 17:48:00,CNR5828065022,Canceled by Customer,CID212209,Mini,Banashankari,Jayanagar,,,AC is Not working,Not Applicable,Not Applicable,Not Applicable,446,Not Applicable,0,,
2024-07-09 23:40:00,CNR4843711238,Success,CID469273,Prime Sedan,Malleshwaram,Shantinagar,210.0,80.0,Not Applicable,Not Applicable,No,Not Applicable,358,UPI,26,3.8,4.3
2024-07-23 00:48:00,CNR5264769953,Success,CID352581,Mini,MG Road,Kengeri,140.0,35.0,Not Applicable,Not Applicable,Yes,Customer Demand,2248,Cash,41,4.4,3.0
2024-07-29 15:28:00,CNR5576620633,Canceled by Driver,CID279716,Mini,Sahakar Nagar,Hennur,,,Not Applicable,Customer related issue,Not Applicable,Not Applicable,492,Not Applicable,0,,
2024-07-16 20:43:00,CNR6075316670,Success,CID190721,Auto,Cox Town,Whitefield,294.0,35.0,Not Applicable,Not Applicable,No,Not Applicable,462,Cash,4,4.2,4.9
2024-07-19 09:12:00,CNR1991271207,Canceled by Customer,CID910044,Prime Sedan,Hebbal,Langford Town,,,Wrong Address,Not Applicable,Not Applicable,Not Applicable,353,Not Applicable,0,,
2024-07-18 03:24:00,CNR5718575088,Success,CID388805,Prime SUV,Kadugodi,Shantinagar,252.0,80.0,Not Applicable,Not Applicable,Yes,Customer Demand,631,UPI,14,4.4,3.1
2024-07-11 07:40:00,CNR8102339973,Canceled by Customer,CID853000,Auto,Jayanagar,Devanahalli,,,Driver is not moving towards pickup location,Not Applicable,Not Applicable,Not Applicable,301,Not Applicable,0,,
2024-07-07 17:19:00,CNR8563907982,Success,CID488996,eBike,MG Road,Ulsoor,273.0,115.0,Not Applicable,Not Applicable,No,Not Applicable,176,UPI,43,4.9,4.7
2024-07-01 07:02:00,CNR2429031906,Success,CID767319,eBike,Frazer Town,BTM Layout,259.0,30.0,Not Applicable,Not Applicable,No,Not Applicable,495,UPI,47,3.7,3.6
2024-07-16 00:41:00,CNR4343485278,Success,CID517116,Mini,Shantinagar,HSR Layout,294.0,80.0,Not Applicable,Not Applicable,No,Not Applicable,178,Cash,43,3.5,4.5
2024-07-27 14:50:00,CNR8336476699,Canceled by Customer,CID318169,Prime Sedan,Whitefield,Kadugodi,,,Driver asked to cancel,Not Applicable,Not Applicable,Not Applicable,218,Not Applicable,0,,
2024-07-29 11:17:00,CNR6400339989,Driver Not Found,CID544412,Auto,Kammanahalli,Sahakar Nagar,,,Not Applicable,Not Applicable,Not Applicable,Not Applicable,417,Not Applicable,0,,
2024-07-10 19:54:00,CNR7886882329,Success,CID971733,Bike,Bannerghatta Road,MG Road,91.0,40.0,Not Applicable,Not Applicable,No,Not Applicable,865,Cash,20,3.9,4.7
2024-07-12 22:32:00,CNR9403345945,Canceled by Driver,CID588066,Prime Plus,Vijayanagar,Marathahalli,,,Not Applicable,Customer was coughing/sick,Not Applicable,Not Applicable,698,Not Applicable,0,,
2024-07-28 22:41:00,CNR9927178602,Driver Not Found,CID734558,Bike,Basavanagudi,KR Puram,,,Not Applicable,Not Applicable,Not Applicable,Not Applicable,914,Not Applicable,0,,
2024-07-24 12:47:00,CNR7173630032,Success,CID148735,Prime Plus,BTM Layout,Nagarbhavi,126.0,60.0,Not Applicable,Not Applicable,No,Not Applicable,884,Debit Card,40,4.7,3.8
2024-07-19 16:42:00,CNR6647989975,Success,CID800168,eBike,Hennur,Padmanabhanagar,161.0,120.0,Not Applicable,Not Applicable,No,Not Applicable,827,Cash,30,3.2,4.3
2024-07-06 12:34:00,CNR4122890230,Success,CID110845,Auto,Cox Town,Hosur Road,70.0,65.0,Not Applicable,Not Applicable,No,Not Applicable,402,Cash,19,3.0,4.8
2024-07-14 00:58:00,CNR5866441711,Success,CID184942,Prime SUV,Rajajinagar,MG Road,154.0,85.0,Not Applicable,Not Applicable,No,Not Applicable,302,UPI,17,4.0,4.5
2024-07-18 02:11:00,CNR5077413890,Success,CID565794,Prime Sedan,Jayanagar,Peenya,35.0,55.0,Not Applicable,Not Applicable,No,Not Applicable,361,UPI,39,4.4,3.7
2024-07-12 20:00:00,CNR2132044047,Success,CID464847,eBike,Electronic City,Kengeri,280.0,70.0,Not Applicable,Not Applicable,No,Not Applicable,357,UPI,45,4.9,4.5
2024-07-03 09:58:00,CNR8933106221,Success,CID433852,Prime Plus,Chickpet,Majestic,161.0,40.0,Not Applicable,Not Applicable,No,Not Applicable,364,UPI,35,4.6,4.8
2024-07-06 05:16:00,CNR9074984661,Success,CID531484,Prime Sedan,Kengeri,Yelahanka,301.0,70.0,Not Applicable,Not Applicable,No,Not Applicable,295,Cash,28,3.1,3.3
2024-07-23 08:24:00,CNR6567912180,Success,CID114289,Auto,Frazer Town,JP Nagar,280.0,95.0,Not Applicable,Not Applicable,No,Not Applicable,257,Cash,14,3.6,3.7
2024-07-28 06:30:00,CNR4246429509,Canceled by Driver,CID541217,eBike,Ulsoor,Bannerghatta Road,,,Not Applicable,Personal & Car related issue,Not Applicable,Not Applicable,685,Not Applicable,0,,
2024-07-06 15:00:00,CNR4504940221,Success,CID549250,Mini,Hosur Road,Koramangala,266.0,30.0,Not Applicable,Not Applicable,No,Not Applicable,211,UPI,30,3.8,3.3
2024-07-15 14:56:00,CNR3969382972,Success,CID129544,Prime Sedan,Hulimavu,Magadi Road,231.0,50.0,Not Applicable,Not Applicable,No,Not Applicable,285,Cash,16,5.0,3.3
2024-07-29 05:26:00,CNR5943433904,Success,CID889323,Auto,Chickpet,Cox Town,147.0,130.0,Not Applicable,Not Applicable,No,Not Applicable,180,UPI,12,3.5,4.7
2024-07-30 03:26:00,CNR2046134234,Success,CID893694,Mini,Kammanahalli,Hebbal,308.0,135.0,Not Applicable,Not Applicable,No,Not Applicable,1351,Credit Card,26,4.6,3.1
2024-07-13 07:18:00,CNR5293674362,Canceled by Customer,CID502798,Mini,Ulsoor,Sahakar Nagar,,,AC is Not working,Not Applicable,Not Applicable,Not Applicable,761,Not Applicable,0,,
2024-07-23 00:33:00,CNR3869161367,Canceled by Driver,CID311806,Bike,Peenya,Majestic,,,Not Applicable,Customer related issue,Not Applicable,Not Applicable,145,Not Applicable,0,,
2024-07-22 09:24:00,CNR5861561284,Success,CID837125,Mini,Whitefield,Shantinagar,301.0,95.0,Not Applicable,Not Applicable,No,Not Applicable,462,Cash,27,3.8,3.5
2024-07-12 14:15:00,CNR5930032428,Success,CID716291,Mini,Banashankari,Hosur Road,161.0,35.0,Not Applicable,Not Applicable,No,Not Applicable,858,Credit Card,45,4.7,4.9
2024-07-09 04:54:00,CNR6569117665,Success,CID349214,eBike,JP Nagar,KR Puram,42.0,105.0,Not Applicable,Not Applicable,No,Not Applicable,489,Cash,40,3.3,4.1
2024-07-25 19:21:00,CNR7231959648,Success,CID811965,eBike,Hulimavu,Electronic City,294.0,140.0,Not Applicable,Not Applicable,No,Not Applicable,168,UPI,16,4.3,4.7
2024-07-20 10:11:00,CNR4880317478,Success,CID498575,Mini,Yelahanka,Yelahanka,168.0,75.0,Not Applicable,Not Applicable,No,Not Applicable,196,Cash,23,4.1,3.4
2024-07-21 02:30:00,CNR2947737427,Canceled by Driver,CID982430,Prime SUV,Vijayanagar,Majestic,,,Not Applicable,Personal & Car related issue,Not Applicable,Not Applicable,711,Not Applicable,0,,
2024-07-19 12:51:00,CNR5348787109,Success,CID126354,Prime SUV,Chamarajpet,Chamarajpet,231.0,130.0,Not Applicable,Not Applicable,Yes,Customer Demand,222,Cash,42,4.2,3.5
2024-07-04 17:28:00,CNR6476297676,Driver Not Found,CID577515,Prime SUV,BTM Layout,Sarjapur Road,,,Not Applicable,Not Applicable,Not Applicable,Not Applicable,423,Not Applicable,0,,
2024-07-22 00:42:00,CNR8051901236,Canceled by Driver,CID126025,Prime Sedan,Whitefield,KR Puram,,,Not Applicable,Customer related issue,Not Applicable,Not Applicable,245,Not Applicable,0,,
2024-07-13 15:37:00,CNR2463026886,Success,CID800025,Auto,Kammanahalli,Indiranagar,98.0,30.0,Not Applicable,Not Applicable,No,Not Applicable,1802,Cash,6,4.5,4.3
2024-07-17 06:11:00,CNR4807474401,Success,CID183731,Auto,Yelahanka,Devanahalli,119.0,45.0,Not Applicable,Not Applicable,No,Not Applicable,416,Cash,2,3.1,3.2
2024-07-11 03:13:00,CNR3752597966,Canceled by Customer,CID591631,Bike,Whitefield,Marathahalli,,,Driver asked to cancel,Not Applicable,Not Applicable,Not Applicable,115,Not Applicable,0,,
2024-07-15 04:35:00,CNR6118107740,Success,CID953073,eBike,Whitefield,Chamarajpet,161.0,50.0,Not Applicable,Not Applicable,No,Not Applicable,531,UPI,45,4.9,3.7
2024-07-08 13:22:00,CNR3778538883,Success,CID776416,eBike,Vijayanagar,Jayanagar,175.0,65.0,Not Applicable,Not Applicable,No,Not Applicable,150,Cash,15,4.9,4.3
2024-07-01 04:31:00,CNR4654819947,Success,CID675865,Prime SUV,Langford Town,Majestic,126.0,135.0,Not Applicable,Not Applicable,No,Not Applicable,377,Credit Card,2,3.5,3.3
2024-07-26 14:13:00,CNR5708770903,Success,CID416716,Bike,MG Road,Ulsoor,287.0,75.0,Not Applicable,Not Applicable,No,Not Applicable,735,UPI,3,4.1,3.5
2024-07-13 04:53:00,CNR7423607634,Success,CID673383,Prime Sedan,Kengeri,Indiranagar,77.0,80.0,Not Applicable,Not Applicable,Yes,Customer Demand,154,Cash,38,4.6,4.6
2024-07-14 01:36:00,CNR1295219244,Success,CID437841,Auto,Peenya,Padmanabhanagar,56.0,65.0,Not Applicable,Not Applicable,No,Not Applicable,433,UPI,1,4.4,4.0
2024-07-16 23:47:00,CNR6144384398,Success,CID879330,Prime SUV,Ramamurthy Nagar,Yelahanka,217.0,40.0,Not Applicable,Not Applicable,No,Not Applicable,242,Cash,28,4.9,4.1
2024-07-14 07:39:00,CNR8672641865,Canceled by Driver,CID598067,Prime SUV,MG Road,Kadugodi,,,Not Applicable,More than permitted people in there,Not Applicable,Not Applicable,121,Not Applicable,0,,
2024-07-13 23:46:00,CNR5171064016,Success,CID687216,Mini,Hosur Road,BTM Layout,98.0,120.0,Not Applicable,Not Applicable,No,Not Applicable,215,Cash,6,4.7,3.0
2024-07-28 17:02:00,CNR9974789534,Success,CID361637,eBike,Devanahalli,Kammanahalli,203.0,25.0,Not Applicable,Not Applicable,No,Not Applicable,488,Cash,16,3.1,4.6
2024-07-15 19:41:00,CNR5468084832,Success,CID279575,Prime Plus,Koramangala,Kadugodi,182.0,25.0,Not Applicable,Not Applicable,No,Not Applicable,170,Cash,31,4.9,4.5
2024-07-06 20:14:00,CNR4217704717,Driver Not Found,CID105073,Prime SUV,Marathahalli,Yelahanka,,,Not Applicable,Not Applicable,Not Applicable,Not Applicable,485,Not Applicable,0,,
2024-07-14 08:53:00,CNR9162034392,Canceled by Driver,CID752459,Prime Plus,Nagarbhavi,Ramamurthy Nagar,,,Not Applicable,Personal & Car related issue,Not Applicable,Not Applicable,264,Not Applicable,0,,
2024-07-02 11:17:00,CNR7096566141,Canceled by Customer,CID774957,Auto,Shantinagar,Kengeri,,,Driver is not moving towards pickup location,Not Applicable,Not Applicable,Not Applicable,453,Not Applicable,0,,
2024-07-28 05:03:00,CNR2606903763,Success,CID609008,Prime Plus,Langford Town,Mysore Road,280.0,40.0,Not Applicable,Not Applicable,Yes,Vehicle Breakdown,467,Cash,3,3.3,3.3
2024-07-13 17:36:00,CNR5175929398,Driver Not Found,CID637595,Prime Plus,Basavanagudi,Mysore Road,,,Not Applicable,Not Applicable,Not Applicable,Not Applicable,860,Not Applicable,0,,
2024-07-18 02:49:00,CNR6176994273,Driver Not Found,CID771867,eBike,Yeshwanthpur,Peenya,,,Not Applicable,Not Applicable,Not Applicable,Not Applicable,447,Not Applicable,0,,
2024-07-01 03:26:00,CNR4387471246,Success,CID344224,Prime SUV,KR Puram,Rajajinagar,49.0,70.0,Not Applicable,Not Applicable,No,Not Applicable,346,Credit Card,1,4.2,3.5
2024-07-13 05:24:00,CNR8935240118,Canceled by Customer,CID466938,Prime Plus,Sarjapur Road,Chamarajpet,,,Driver is not moving towards pickup location,Not Applicable,Not Applicable,Not Applicable,439,Not Applicable,0,,
2024-07-24 15:31:00,CNR5003097310,Success,CID381123,Bike,Kadugodi,Rajarajeshwari Nagar,147.0,140.0,Not Applicable,Not Applicable,Yes,Other Issue,409,UPI,24,4.8,4.5
2024-07-07 08:36:00,CNR2422488563,Success,CID489352,Prime SUV,Chamarajpet,Marathahalli,133.0,85.0,Not Applicable,Not Applicable,No,Not Applicable,128,Cash,31,4.1,3.5
2024-07-18 08:11:00,CNR4122846359,Success,CID354035,Auto,Magadi Road,Bellandur,77.0,115.0,Not Applicable,Not Applicable,No,Not Applicable,481,Cash,1,4.3,4.3
2024-07-18 02:27:00,CNR2026855555,Success,CID537786,Prime SUV,Padmanabhanagar,Kammanahalli,49.0,125.0,Not Applicable,Not Applicable,No,Not Applicable,1746,Cash,38,4.8,4.2
2024-07-13 20:25:00,CNR9742462613,Success,CID937081,Bike,Vijayanagar,Ramamurthy Nagar,112.0,65.0,Not Applicable,Not Applicable,No,Not Applicable,378,Cash,33,3.2,3.4
2024-07-12 22:45:00,CNR2500735755,Driver Not Found,CID427950,Mini,Kengeri,Hebbal,,,Not Applicable,Not Applicable,Not Applicable,Not Applicable,745,Not Applicable,0,,
2024-07-16 09:06:00,CNR6573383432,Success,CID692404,Prime SUV,Whitefield,Vijayanagar,105.0,135.0,Not Applicable,Not Applicable,No,Not Applicable,593,Cash,49,3.2,3.1
2024-07-12 19:32:00,CNR2133105503,Success,CID457076,Bike,Chamarajpet,Richmond Town,224.0,65.0,Not Applicable,Not Applicable,No,Not Applicable,894,UPI,49,3.8,3.4
2024-07-26 03:05:00,CNR4099530159,Canceled by Customer,CID498885,Auto,Hulimavu,Richmond Town,,,Driver asked to cancel,Not Applicable,Not Applicable,Not Applicable,623,Not Applicable,0,,
2024-07-19 02:37:00,CNR7784372377,Success,CID140328,Prime SUV,Bellandur,Hulimavu,308.0,110.0,Not Applicable,Not Applicable,No,Not Applicable,323,Cash,42,3.1,4.5
2024-07-26 07:50:00,CNR1805475662,Success,CID284522,eBike,Sahakar Nagar,BTM Layout,231.0,70.0,Not Applicable,Not Applicable,Yes,Customer Demand,304,UPI,12,4.5,4.3
2024-07-20 00:23:00,CNR7330963396,Success,CID747515,Prime SUV,Hosur Road,BTM Layout,105.0,110.0,Not Applicable,Not Applicable,No,Not Applicable,1282,UPI,15,4.1,3.1
2024-07-16 19:06:00,CNR2878949693,Success,CID827908,eBike,HSR Layout,Yeshwanthpur,210.0,140.0,Not Applicable,Not Applicable,Yes,Customer Demand,463,UPI,34,4.7,5.0
2024-07-22 10:58:00,CNR4916176640,Success,CID230949,Mini,Sarjapur Road,Malleshwaram,224.0,55.0,Not Applicable,Not Applicable,No,Not Applicable,347,Cash,9,3.2,3.9
2024-07-09 06:27:00,CNR8121870734,Canceled by Driver,CID682317,Bike,Peenya,Tumkur Road,,,Not Applicable,Personal & Car related issue,Not Applicable,Not Applicable,106,Not Applicable,0,,
2024-07-06 23:35:00,CNR8129717453,Canceled by Customer,CID297233,Auto,BTM Layout,Rajarajeshwari Nagar,,,Driver asked to cancel,Not Applicable,Not Applicable,Not Applicable,1184,Not Applicable,0,,
2024-07-19 10:00:00,CNR7705407009,Success,CID874922,Mini,MG Road,Bellandur,280.0,130.0,Not Applicable,Not Applicable,Yes,Vehicle Breakdown,971,Cash,23,3.2,3.9
2024-07-29 04:22:00,CNR1611642969,Canceled by Driver,CID245209,Prime Plus,Shivajinagar,Mysore Road,,,Not Applicable,More than permitted people in there,Not Applicable,Not Applicable,1609,Not Applicable,0,,
2024-07-07 23:05:00,CNR5104046923,Success,CID762504,Prime SUV,MG Road,Hennur,238.0,100.0,Not Applicable,Not Applicable,No,Not Applicable,321,Cash,38,4.3,3.1
2024-07-28 06:52:00,CNR8750709763,Success,CID609300,Prime SUV,Whitefield,BTM Layout,70.0,30.0,Not Applicable,Not Applicable,No,Not Applicable,1472,Cash,18,3.6,4.3
2024-07-24 06:08:00,CNR8169014059,Canceled by Customer,CID797831,Prime Sedan,Malleshwaram,Hennur,,,Driver is not moving towards pickup location,Not Applicable,Not Applicable,Not Applicable,2279,Not Applicable,0,,
2024-07-07 22:48:00,CNR9851941841,Canceled by Driver,CID280875,Auto,Kengeri,Magadi Road,,,Not Applicable,Personal & Car related issue,Not Applicable,Not Applicable,299,Not Applicable,0,,
2024-07-28 17:18:00,CNR2885912088,Canceled by Customer,CID783125,Prime Plus,Hebbal,Kadugodi,,,Change of plans,Not Applicable,Not Applicable,Not Applicable,275,Not Applicable,0,,
2024-07-23 15:42:00,CNR3579973338,Success,CID147492,eBike,Hosur Road,Magadi Road,161.0,145.0,Not Applicable,Not Applicable,No,Not Applicable,295,Cash,18,3.3,4.5
2024-07-11 14:38:00,CNR5292907915,Success,CID899109,Prime SUV,Padmanabhanagar,Indiranagar,119.0,80.0,Not Applicable,Not Applicable,No,Not Applicable,418,UPI,13,4.3,3.3
2024-07-28 02:37:00,CNR1125872377,Success,CID436897,Prime Sedan,Kadugodi,Langford Town,252.0,100.0,Not Applicable,Not Applicable,No,Not Applicable,423,Cash,13,4.7,3.4
2024-07-24 04:05:00,CNR3176929567,Canceled by Driver,CID528605,Bike,Devanahalli,Hennur,,,Not Applicable,More than permitted people in there,Not Applicable,Not Applicable,546,Not Applicable,0,,
2024-07-19 10:07:00,CNR5270410057,Success,CID442940,eBike,Bellandur,Nagarbhavi,217.0,140.0,Not Applicable,Not Applicable,No,Not Applicable,1236,UPI,14,4.0,4.4
2024-07-23 06:22:00,CNR8139206952,Success,CID376773,Prime Plus,Koramangala,Vijayanagar,42.0,35.0,Not Applicable,Not Applicable,No,Not Applicable,465,Cash,29,3.7,3.7
2024-07-16 02:21:00,CNR4192510924,Success,CID465714,Mini,Bannerghatta Road,Bannerghatta Road,259.0,115.0,Not Applicable,Not Applicable,No,Not Applicable,223,UPI,6,3.8,4.7
2024-07-15 18:12:00,CNR8726534949,Driver Not Found,CID784866,eBike,Whitefield,Bellandur,,,Not Applicable,Not Applicable,Not Applicable,Not Applicable,321,Not Applicable,0,,
2024-07-24 08:35:00,CNR6559353869,Canceled by Driver,CID561809,Auto,Bannerghatta Road,Kengeri,,,Not Applicable,Customer was coughing/sick,Not Applicable,Not Applicable,600,Not Applicable,0,,
2024-07-16 12:03:00,CNR2533916731,Success,CID505269,Prime Sedan,Shivajinagar,Varthur,42.0,145.0,Not Applicable,Not Applicable,No,Not Applicable,152,Cash,42,3.4,4.0
2024-07-08 21:15:00,CNR4537329701,Success,CID926351,Auto,Malleshwaram,Ramamurthy Nagar,308.0,45.0,Not Applicable,Not Applicable,No,Not Applicable,2251,Cash,8,3.9,3.1
2024-07-10 06:37:00,CNR7866357230,Success,CID874233,Prime Plus,Ramamurthy Nagar,Majestic,35.0,35.0,Not Applicable,Not Applicable,No,Not Applicable,208,Cash,32,3.3,4.9
2024-07-09 13:30:00,CNR2495433617,Success,CID831916,Prime Plus,Yelahanka,KR Puram,196.0,65.0,Not Applicable,Not Applicable,No,Not Applicable,707,Cash,20,3.9,4.8
2024-07-16 16:26:00,CNR1533884842,Canceled by Customer,CID208082,eBike,Whitefield,Kammanahalli,,,Wrong Address,Not Applicable,Not Applicable,Not Applicable,153,Not Applicable,0,,
2024-07-21 17:23:00,CNR9684442962,Success,CID938330,Prime SUV,Varthur,Mysore Road,154.0,90.0,Not Applicable,Not Applicable,No,Not Applicable,649,UPI,43,3.6,3.6
2024-07-26 09:17:00,CNR9522041257,Success,CID468845,Prime SUV,MG Road,Kadugodi,140.0,65.0,Not Applicable,Not Applicable,No,Not Applicable,403,UPI,22,4.6,3.7
2024-07-30 14:03:00,CNR3918292272,Canceled by Driver,CID833027,Auto,Chickpet,Padmanabhanagar,,,Not Applicable,Customer was coughing/sick,Not Applicable,Not Applicable,434,Not Applicable,0,,
2024-07-04 04:58:00,CNR3067017768,Success,CID368650,Prime Sedan,Varthur,Langford Town,182.0,80.0,Not Applicable,Not Applicable,No,Not Applicable,454,UPI,33,3.3,3.7
2024-07-24 18:27:00,CNR1283230813,Success,CID361163,Prime Plus,Marathahalli,Kadugodi,168.0,100.0,Not Applicable,Not Applicable,No,Not Applicable,415,Cash,34,3.1,3.4
2024-07-04 14:37:00,CNR9205406703,Success,CID646035,Mini,Ramamurthy Nagar,BTM Layout,245.0,140.0,Not Applicable,Not Applicable,No,Not Applicable,1549,Cash,46,4.8,4.2
2024-07-04 14:01:00,CNR8314971523,Success,CID661501,Prime Sedan,RT Nagar,Hosur Road,287.0,30.0,Not Applicable,Not Applicable,No,Not Applicable,2745,UPI,32,4.7,4.3
2024-07-13 18:41:00,CNR9692233684,Success,CID857235,Prime Sedan,Rajarajeshwari Nagar,Hulimavu,140.0,130.0,Not Applicable,Not Applicable,No,Not Applicable,2934,Cash,42,3.4,3.8
2024-07-26 17:39:00,CNR6131618318,Success,CID520155,Mini,MG Road,Kengeri,168.0,130.0,Not Applicable,Not Applicable,No,Not Applicable,218,Cash,21,3.5,3.7
2024-07-30 05:54:00,CNR5473034279,Success,CID335282,Prime Plus,Richmond Town,Jayanagar,308.0,40.0,Not Applicable,Not Applicable,No,Not Applicable,176,Cash,38,3.9,4.5
2024-07-07 08:49:00,CNR4647456676,Success,CID845741,Auto,RT Nagar,Magadi Road,224.0,115.0,Not Applicable,Not Applicable,No,Not Applicable,586,UPI,6,4.7,4.6
2024-07-12 10:07:00,CNR8848226022,Canceled by Driver,CID917378,Mini,Nagarbhavi,Malleshwaram,,,Not Applicable,More than permitted people in there,Not Applicable,Not Applicable,258,Not Applicable,0,,
2024-07-14 04:54:00,CNR1218189683,Canceled by Driver,CID208552,Auto,JP Nagar,Kengeri,,,Not Applicable,Personal & Car related issue,Not Applicable,Not Applicable,890,Not Applicable,0,,
2024-07-08 15:01:00,CNR7713690694,Canceled by Customer,CID379697,eBike,Richmond Town,Cox Town,,,Driver asked to cancel,Not Applicable,Not Applicable,Not Applicable,991,Not Applicable,0,,
2024-07-02 18:27:00,CNR1045472149,Canceled by Customer,CID883765,eBike,Shantinagar,Frazer Town,,,Driver is not moving towards pickup location,Not Applicable,Not Applicable,Not Applicable,350,Not Applicable,0,,
2024-07-03 00:37:00,CNR6854885013,Canceled by Driver,CID182337,eBike,Nagarbhavi,Kammanahalli,,,Not Applicable,Customer related issue,Not Applicable,Not Applicable,2369,Not Applicable,0,,
2024-07-17 13:09:00,CNR6178902944,Canceled by Customer,CID678122,Prime Sedan,Mysore Road,MG Road,,,Driver is not moving towards pickup location,Not Applicable,Not Applicable,Not Applicable,205,Not Applicable,0,,
2024-07-02 00:18:00,CNR8010411917,Success,CID772830,Prime Plus,Vijayanagar,Sarjapur Road,252.0,145.0,Not Applicable,Not Applicable,No,Not Applicable,230,Cash,36,3.5,4.9
2024-07-22 22:33:00,CNR8509116564,Success,CID501028,Prime SUV,Yelahanka,Mysore Road,273.0,65.0,Not Applicable,Not Applicable,No,Not Applicable,2886,UPI,29,3.2,4.5
2024-07-26 01:35:00,CNR8576385005,Canceled by Driver,CID277835,Prime SUV,Mysore Road,Kadugodi,,,Not Applicable,Customer was coughing/sick,Not Applicable,Not Applicable,384,Not Applicable,0,,
2024-07-13 18:51:00,CNR7536277494,Success,CID695290,Bike,Kadugodi,BTM Layout,252.0,105.0,Not Applicable,Not Applicable,No,Not Applicable,470,Credit Card,30,3.1,4.2
2024-07-13 04:18:00,CNR6976033142,Canceled by Driver,CID786663,Bike,Chamarajpet,Whitefield,,,Not Applicable,Customer related issue,Not Applicable,Not Applicable,161,Not Applicable,0,,
2024-07-30 19:26:00,CNR3953500173,Driver Not Found,CID123837,Mini,HSR Layout,Indiranagar,,,Not Applicable,Not Applicable,Not Applicable,Not Applicable,448,Not Applicable,0,,
2024-07-16 02:42:00,CNR7095556680,Success,CID714066,Prime SUV,RT Nagar,HSR Layout,70.0,125.0,Not Applicable,Not Applicable,No,Not Applicable,797,UPI,1,3.6,3.4
2024-07-08 22:43:00,CNR4421102440,Success,CID232845,Prime Plus,KR Puram,Peenya,98.0,75.0,Not Applicable,Not Applicable,No,Not Applicable,138,Cash,46,3.9,3.8
2024-07-04 05:36:00,CNR3735162171,Driver Not Found,CID748928,Mini,Malleshwaram,Koramangala,,,Not Applicable,Not Applicable,Not Applicable,Not Applicable,348,Not Applicable,0,,
2024-07-27 04:38:00,CNR2033202753,Success,CID222557,eBike,Chickpet,Electronic City,84.0,125.0,Not Applicable,Not Applicable,Yes,Vehicle Breakdown,964,UPI,20,4.7,3.2
2024-07-11 22:29:00,CNR9206217141,Success,CID506208,Auto,MG Road,Vijayanagar,168.0,70.0,Not Applicable,Not Applicable,No,Not Applicable,480,Cash,17,4.9,4.5
2024-07-14 16:02:00,CNR7281865278,Driver Not Found,CID908627,Prime Plus,Shivajinagar,Shantinagar,,,Not Applicable,Not Applicable,Not Applicable,Not Applicable,485,Not Applicable,0,,
2024-07-03 05:43:00,CNR9942011932,Success,CID732999,eBike,Tumkur Road,MG Road,84.0,95.0,Not Applicable,Not Applicable,No,Not Applicable,447,UPI,9,4.2,4.1
2024-07-01 06:48:00,CNR8532445498,Driver Not Found,CID965935,Prime Sedan,Magadi Road,Sarjapur Road,,,Not Applicable,Not Applicable,Not Applicable,Not Applicable,477,Not Applicable,0,,
2024-07-25 22:20:00,CNR5971779112,Canceled by Driver,CID259909,Bike,Yelahanka,Chamarajpet,,,Not Applicable,Customer was coughing/sick,Not Applicable,Not Applicable,968,Not Applicable,0,,
2024-07-15 06:26:00,CNR5900159554,Success,CID459236,Auto,Chickpet,Majestic,273.0,125.0,Not Applicable,Not Applicable,No,Not Applicable,250,Cash,10,3.7,4.0
2024-07-25 18:08:00,CNR1582683497,Success,CID648784,Mini,Yelahanka,Bellandur,224.0,120.0,Not Applicable,Not Applicable,No,Not Applicable,208,UPI,43,3.2,3.6
2024-07-30 13:15:00,CNR3104190706,Success,CID959893,Prime SUV,Majestic,Chamarajpet,210.0,140.0,Not Applicable,Not Applicable,No,Not Applicable,134,Cash,47,4.6,3.6
2024-07-13 22:30:00,CNR1752626354,Canceled by Driver,CID517008,Prime Plus,Whitefield,Hosur Road,,,Not Applicable,Customer related issue,Not Applicable,Not Applicable,422,Not Applicable,0,,
2024-07-22 13:49:00,CNR9944678114,Driver Not Found,CID309158,Prime Sedan,Padmanabhanagar,Hebbal,,,Not Applicable,Not Applicable,Not Applicable,Not Applicable,199,Not Applicable,0,,
2024-07-13 13:01:00,CNR3791963059,Driver Not Found,CID204040,Prime SUV,Shantinagar,Tumkur Road,,,Not Applicable,Not Applicable,Not Applicable,Not Applicable,2826,Not Applicable,0,,
2024-07-13 11:18:00,CNR9538727129,Success,CID147086,Prime Plus,RT Nagar,Hosur Road,273.0,120.0,Not Applicable,Not Applicable,No,Not Applicable,1011,UPI,30,3.8,3.8
2024-07-14 09:47:00,CNR9816477607,Success,CID435324,Mini,Indiranagar,Padmanabhanagar,63.0,110.0,Not Applicable,Not Applicable,No,Not Applicable,146,Cash,25,4.5,4.3
2024-07-02 03:19:00,CNR4022470173,Success,CID515834,eBike,Whitefield,Padmanabhanagar,301.0,135.0,Not Applicable,Not Applicable,No,Not Applicable,329,Cash,16,3.2,3.4
2024-07-01 05:14:00,CNR2976367550,Success,CID988467,Mini,Hennur,Koramangala,35.0,95.0,Not Applicable,Not Applicable,No,Not Applicable,454,Cash,24,3.5,4.5
2024-07-20 08:52:00,CNR7967911722,Canceled by Customer,CID311449,Prime SUV,Majestic,Kadugodi,,,Driver is not moving towards pickup location,Not Applicable,Not Applicable,Not Applicable,460,Not Applicable,0,,
2024-07-10 06:22:00,CNR7365496784,Success,CID748505,eBike,Sarjapur Road,Banashankari,42.0,90.0,Not Applicable,Not Applicable,No,Not Applicable,234,Cash,46,4.5,3.4
2024-07-18 08:45:00,CNR8462154734,Success,CID125581,Prime Plus,Chamarajpet,Shivajinagar,91.0,120.0,Not Applicable,Not Applicable,No,Not Applicable,343,UPI,49,5.0,3.3
2024-07-21 19:19:00,CNR5614417718,Success,CID320994,Auto,Tumkur Road,Bannerghatta Road,119.0,30.0,Not Applicable,Not Applicable,No,Not Applicable,2840,UPI,2,3.3,3.8
2024-07-03 22:01:00,CNR7168662863,Success,CID453847,Prime SUV,Ulsoor,Peenya,301.0,115.0,Not Applicable,Not Applicable,No,Not Applicable,553,Cash,7,3.4,3.9
2024-07-04 01:03:00,CNR4044714182,Success,CID371513,Prime SUV,Padmanabhanagar,Whitefield,266.0,110.0,Not Applicable,Not Applicable,No,Not Applicable,203,Cash,34,3.6,3.5
2024-07-23 18:13:00,CNR1461327498,Success,CID150299,Prime Sedan,Koramangala,Yeshwanthpur,168.0,65.0,Not Applicable,Not Applicable,No,Not Applicable,234,Cash,18,3.7,3.2
2024-07-12 12:13:00,CNR2432142168,Canceled by Driver,CID572392,Mini,RT Nagar,Kammanahalli,,,Not Applicable,Customer related issue,Not Applicable,Not Applicable,416,Not Applicable,0,,
2024-07-24 14:03:00,CNR2516873769,Success,CID890869,Prime Sedan,Indiranagar,Sahakar Nagar,210.0,30.0,Not Applicable,Not Applicable,No,Not Applicable,509,Cash,32,4.4,3.3
2024-07-30 01:44:00,CNR8952712984,Success,CID520320,Auto,Shivajinagar,HSR Layout,203.0,55.0,Not Applicable,Not Applicable,No,Not Applicable,849,Cash,13,4.7,3.3
2024-07-07 00:50:00,CNR5013971901,Success,CID684821,Prime Sedan,Sarjapur Road,Jayanagar,196.0,50.0,Not Applicable,Not Applicable,No,Not Applicable,143,Cash,17,3.7,4.6
2024-07-06 03:27:00,CNR7612558580,Canceled by Customer,CID203588,Prime SUV,Nagarbhavi,Chamarajpet,,,AC is Not working,Not Applicable,Not Applicable,Not Applicable,962,Not Applicable,0,,
2024-07-24 18:45:00,CNR5350564142,Success,CID263528,Bike,Bannerghatta Road,Bellandur,280.0,65.0,Not Applicable,Not Applicable,No,Not Applicable,189,UPI,4,3.1,4.1
2024-07-14 03:37:00,CNR5398973108,Driver Not Found,CID925866,Mini,Kammanahalli,Nagarbhavi,,,Not Applicable,Not Applicable,Not Applicable,Not Applicable,200,Not Applicable,0,,
2024-07-09 08:10:00,CNR6540298131,Success,CID647628,Auto,Devanahalli,Yelahanka,35.0,30.0,Not Applicable,Not Applicable,No,Not Applicable,100,UPI,10,4.5,3.6
2024-07-03 20:03:00,CNR6207029587,Canceled by Driver,CID330484,Prime SUV,BTM Layout,Nagarbhavi,,,Not Applicable,Customer related issue,Not Applicable,Not Applicable,221,Not Applicable,0,,
2024-07-13 14:55:00,CNR3685694810,Canceled by Driver,CID769764,Bike,Kadugodi,Kammanahalli,,,Not Applicable,Customer was coughing/sick,Not Applicable,Not Applicable,973,Not Applicable,0,,
2024-07-19 20:30:00,CNR1094180536,Success,CID125044,Prime Plus,Electronic City,Nagarbhavi,140.0,140.0,Not Applicable,Not Applicable,No,Not Applicable,288,Cash,35,3.4,3.8
2024-07-15 19:51:00,CNR3765649839,Success,CID421002,Prime Sedan,MG Road,Hulimavu,168.0,70.0,Not Applicable,Not Applicable,No,Not Applicable,424,UPI,14,4.5,3.8
2024-07-11 03:27:00,CNR2415284253,Success,CID811769,Prime Sedan,Sahakar Nagar,Padmanabhanagar,105.0,115.0,Not Applicable,Not Applicable,No,Not Applicable,355,Cash,3,4.5,3.6
2024-07-29 01:52:00,CNR6646069676,Canceled by Customer,CID103084,Auto,Malleshwaram,Nagarbhavi,,,Driver asked to cancel,Not Applicable,Not Applicable,Not Applicable,718,Not Applicable,0,,
2024-07-15 09:23:00,CNR5994631761,Driver Not Found,CID527995,Auto,Sahakar Nagar,Malleshwaram,,,Not Applicable,Not Applicable,Not Applicable,Not Applicable,462,Not Applicable,0,,
2024-07-22 16:38:00,CNR1445433995,Canceled by Driver,CID788523,Mini,Shantinagar,Jayanagar,,,Not Applicable,Customer was coughing/sick,Not Applicable,Not Applicable,594,Not Applicable,0,,
2024-07-17 02:44:00,CNR3941504698,Success,CID845252,Prime Sedan,Bellandur,RT Nagar,126.0,35.0,Not Applicable,Not Applicable,No,Not Applicable,436,Cash,29,4.6,4.7
2024-07-21 20:54:00,CNR9852112560,Success,CID684239,Prime SUV,Langford Town,Yelahanka,294.0,140.0,Not Applicable,Not Applicable,No,Not Applicable,241,UPI,35,4.1,4.2
2024-07-09 12:23:00,CNR5732666127,Success,CID952041,Prime Sedan,Basavanagudi,MG Road,70.0,70.0,Not Applicable,Not Applicable,No,Not Applicable,392,UPI,5,3.4,3.4
2024-07-11 02:47:00,CNR7042697863,Driver Not Found,CID615871,Prime Sedan,Langford Town,Vijayanagar,,,Not Applicable,Not Applicable,Not Applicable,Not Applicable,944,Not Applicable,0,,
2024-07-13 10:01:00,CNR5276718964,Success,CID286858,Prime Plus,KR Puram,Magadi Road,217.0,70.0,Not Applicable,Not Applicable,No,Not Applicable,384,Cash,7,4.4,3.0
2024-07-24 12:55:00,CNR5914633861,Canceled by Customer,CID727729,Auto,Langford Town,Vijayanagar,,,Driver is not moving towards pickup location,Not Applicable,Not Applicable,Not Applicable,839,Not Applicable,0,,
2024-07-26 19:12:00,CNR1412161738,Success,CID693961,Mini,Richmond Town,Richmond Town,308.0,25.0,Not Applicable,Not Applicable,No,Not Applicable,350,UPI,24,3.6,4.6
2024-07-15 05:16:00,CNR7350887182,Canceled by Driver,CID754897,Prime SUV,Ramamurthy Nagar,RT Nagar,,,Not Applicable,More than permitted people in there,Not Applicable,Not Applicable,164,Not Applicable,0,,
2024-07-07 00:50:00,CNR8049427910,Success,CID555248,eBike,Kengeri,Tumkur Road,49.0,65.0,Not Applicable,Not Applicable,No,Not Applicable,374,Cash,38,3.7,3.1
2024-07-03 18:26:00,CNR9813187205,Driver Not Found,CID396443,Prime Plus,Tumkur Road,Yelahanka,,,Not Applicable,Not Applicable,Not Applicable,Not Applicable,286,Not Applicable,0,,
2024-07-30 11:21:00,CNR1300906182,Driver Not Found,CID828793,Auto,Chamarajpet,Kammanahalli,,,Not Applicable,Not Applicable,Not Applicable,Not Applicable,2383,Not Applicable,0,,
2024-07-10 21:57:00,CNR3727102468,Success,CID176681,eBike,Cox Town,Ulsoor,266.0,140.0,Not Applicable,Not Applicable,No,Not Applicable,350,Cash,32,3.7,4.4
2024-07-10 00:26:00,CNR9020394796,Success,CID318763,Bike,RT Nagar,Bannerghatta Road,224.0,60.0,Not Applicable,Not Applicable,No,Not Applicable,467,Cash,14,4.5,3.6
2024-07-07 19:46:00,CNR8269559834,Success,CID847447,Mini,Malleshwaram,Whitefield,84.0,60.0,Not Applicable,Not Applicable,No,Not Applicable,995,UPI,6,3.8,4.5
2024-07-30 17:06:00,CNR1496199095,Canceled by Driver,CID414483,Prime SUV,Jayanagar,Frazer Town,,,Not Applicable,Customer related issue,Not Applicable,Not Applicable,432,Not Applicable,0,,
2024-07-27 16:59:00,CNR1566401902,Canceled by Driver,CID396654,Bike,Kadugodi,Bannerghatta Road,,,Not Applicable,Customer was coughing/sick,Not Applicable,Not Applicable,215,Not Applicable,0,,
2024-07-24 07:24:00,CNR9805041563,Canceled by Driver,CID159572,eBike,Richmond Town,Mysore Road,,,Not Applicable,Personal & Car related issue,Not Applicable,Not Applicable,459,Not Applicable,0,,
2024-07-21 06:21:00,CNR7929021695,Canceled by Driver,CID756738,Prime Sedan,Cox Town,Kengeri,,,Not Applicable,Personal & Car related issue,Not Applicable,Not Applicable,456,Not Applicable,0,,
2024-07-16 05:06:00,CNR7881058757,Success,CID248315,Prime Plus,Koramangala,Rajajinagar,175.0,125.0,Not Applicable,Not Applicable,No,Not Applicable,1044,UPI,12,3.4,3.0
2024-07-28 21:53:00,CNR7551999950,Canceled by Driver,CID441698,Auto,Magadi Road,Chamarajpet,,,Not Applicable,Customer related issue,Not Applicable,Not Applicable,288,Not Applicable,0,,
2024-07-25 11:32:00,CNR6941046102,Success,CID576192,Bike,Devanahalli,Kadugodi,301.0,125.0,Not Applicable,Not Applicable,No,Not Applicable,602,Cash,37,4.4,4.7
2024-07-10 01:54:00,CNR1611020888,Success,CID305791,Prime SUV,Marathahalli,Banashankari,112.0,55.0,Not Applicable,Not Applicable,No,Not Applicable,359,UPI,31,3.5,3.2
2024-07-13 00:40:00,CNR9157733857,Success,CID700866,Prime SUV,Shantinagar,Devanahalli,231.0,130.0,Not Applicable,Not Applicable,No,Not Applicable,252,Cash,29,4.0,4.9
2024-07-29 22:47:00,CNR6071317512,Success,CID388548,Prime SUV,Chickpet,Bannerghatta Road,161.0,145.0,Not Applicable,Not Applicable,Yes,Vehicle Breakdown,416,UPI,48,3.8,4.7
2024-07-18 23:59:00,CNR7660460742,Canceled by Driver,CID236650,Prime Sedan,Koramangala,JP Nagar,,,Not Applicable,Customer related issue,Not Applicable,Not Applicable,404,Not Applicable,0,,
2024-07-23 15:10:00,CNR7135358672,Canceled by Driver,CID745837,Auto,Basavanagudi,MG Road,,,Not Applicable,Personal & Car related issue,Not Applicable,Not Applicable,110,Not Applicable,0,,
2024-07-20 20:16:00,CNR1034713338,Success,CID339058,Auto,Richmond Town,Chamarajpet,182.0,25.0,Not Applicable,Not Applicable,No,Not Applicable,128,UPI,3,4.5,4.8
2024-07-25 19:57:00,CNR5600434227,Success,CID105174,eBike,Tumkur Road,Malleshwaram,105.0,135.0,Not Applicable,Not Applicable,Yes,Vehicle Breakdown,2429,Cash,45,4.7,4.5
2024-07-01 18:20:00,CNR7928722779,Canceled by Customer,CID367783,Bike,Hebbal,Basavanagudi,,,Driver asked to cancel,Not Applicable,Not Applicable,Not Applicable,698,Not Applicable,0,,
2024-07-24 01:42:00,CNR6643181310,Success,CID508222,Auto,RT Nagar,Tumkur Road,273.0,125.0,Not Applicable,Not Applicable,No,Not Applicable,1374,Credit Card,11,4.8,4.7
2024-07-11 15:48:00,CNR8514451816,Canceled by Customer,CID885638,eBike,Varthur,Padmanabhanagar,,,Change of plans,Not Applicable,Not Applicable,Not Applicable,449,Not Applicable,0,,
2024-07-18 20:21:00,CNR3067780040,Canceled by Driver,CID748110,Prime SUV,Ulsoor,Marathahalli,,,Not Applicable,Personal & Car related issue,Not Applicable,Not Applicable,420,Not Applicable,0,,
2024-07-09 19:43:00,CNR1165448523,Success,CID856748,Mini,Hulimavu,Vijayanagar,63.0,90.0,Not Applicable,Not Applicable,No,Not Applicable,728,UPI,48,4.0,4.3
2024-07-15 19:46:00,CNR6916946749,Success,CID346480,Prime Sedan,Mysore Road,Chamarajpet,217.0,130.0,Not Applicable,Not Applicable,No,Not Applicable,162,UPI,29,3.9,4.4
2024-07-28 00:53:00,CNR6142945237,Canceled by Driver,CID561110,Prime Plus,JP Nagar,JP Nagar,,,Not Applicable,Personal & Car related issue,Not Applicable,Not Applicable,369,Not Applicable,0,,
2024-07-14 18:26:00,CNR8959593272,Canceled by Customer,CID741537,eBike,Hebbal,Hosur Road,,,Driver is not moving towards pickup location,Not Applicable,Not Applicable,Not Applicable,426,Not Applicable,0,,
2024-07-29 17:10:00,CNR4940273277,Canceled by Customer,CID776668,Auto,Varthur,Hulimavu,,,AC is Not working,Not Applicable,Not Applicable,Not Applicable,241,Not Applicable,0,,
2024-07-12 20:59:00,CNR8779892946,Canceled by Driver,CID397906,Auto,Banashankari,Bellandur,,,Not Applicable,More than permitted people in there,Not Applicable,Not Applicable,615,Not Applicable,0,,
2024-07-07 12:25:00,CNR2776902097,Canceled by Driver,CID439693,Prime SUV,Whitefield,Frazer Town,,,Not Applicable,Customer was coughing/sick,Not Applicable,Not Applicable,740,Not Applicable,0,,
2024-07-21 05:38:00,CNR8060457231,Success,CID990093,Prime Plus,Bannerghatta Road,Nagarbhavi,35.0,70.0,Not Applicable,Not Applicable,No,Not Applicable,258,Cash,41,4.0,3.6
2024-07-19 16:58:00,CNR7292620885,Success,CID873297,eBike,Chickpet,Cox Town,175.0,50.0,Not Applicable,Not Applicable,No,Not Applicable,284,UPI,40,4.2,3.4
2024-07-04 11:53:00,CNR4493795279,Success,CID110335,Auto,Frazer Town,Magadi Road,154.0,25.0,Not Applicable,Not Applicable,Yes,Customer Demand,1407,UPI,14,4.0,3.0
2024-07-26 20:34:00,CNR6630733563,Canceled by Customer,CID524254,eBike,Electronic City,Shantinagar,,,Driver is not moving towards pickup location,Not Applicable,Not Applicable,Not Applicable,173,Not Applicable,0,,
2024-07-13 18:38:00,CNR7846993034,Canceled by Customer,CID282970,Prime Sedan,Rajarajeshwari Nagar,Hulimavu,,,Driver is not moving towards pickup location,Not Applicable,Not Applicable,Not Applicable,171,Not Applicable,0,,
2024-07-11 09:10:00,CNR9393676179,Driver Not Found,CID949217,Bike,Sarjapur Road,Rajajinagar,,,Not Applicable,Not Applicable,Not Applicable,Not Applicable,566,Not Applicable,0,,
2024-07-14 21:03:00,CNR9028860861,Driver Not Found,CID297201,Prime SUV,Langford Town,Langford Town,,,Not Applicable,Not Applicable,Not Applicable,Not Applicable,352,Not Applicable,0,,
2024-07-12 08:39:00,CNR8242905733,Canceled by Driver,CID443655,eBike,Marathahalli,RT Nagar,,,Not Applicable,Customer related issue,Not Applicable,Not Applicable,932,Not Applicable,0,,
2024-07-21 07:31:00,CNR8543149051,Success,CID170693,Prime SUV,Ulsoor,Sahakar Nagar,175.0,75.0,Not Applicable,Not Applicable,No,Not Applicable,410,UPI,43,4.7,3.9
2024-07-17 18:48:00,CNR9528596659,Success,CID417507,eBike,Kammanahalli,JP Nagar,147.0,60.0,Not Applicable,Not Applicable,No,Not Applicable,1136,Cash,7,4.3,3.5
2024-07-26 16:26:00,CNR4536611935,Canceled by Driver,CID539745,Prime Sedan,BTM Layout,Jayanagar,,,Not Applicable,Customer was coughing/sick,Not Applicable,Not Applicable,319,Not Applicable,0,,
2024-07-24 23:41:00,CNR9360800081,Success,CID132455,Prime Sedan,BTM Layout,Kammanahalli,203.0,75.0,Not Applicable,Not Applicable,No,Not Applicable,104,Cash,43,3.4,3.1
2024-07-10 22:27:00,CNR3184945803,Success,CID908808,Bike,Kadugodi,HSR Layout,91.0,40.0,Not Applicable,Not Applicable,No,Not Applicable,228,Cash,24,5.0,4.2
2024-07-04 12:59:00,CNR9886075648,Success,CID991278,Auto,Devanahalli,Nagarbhavi,126.0,40.0,Not Applicable,Not Applicable,No,Not Applicable,272,Cash,4,3.3,3.0
2024-07-11 02:22:00,CNR9935093507,Success,CID101994,eBike,Basavanagudi,Cox Town,168.0,100.0,Not Applicable,Not Applicable,No,Not Applicable,177,Cash,36,4.7,4.7
2024-07-12 16:34:00,CNR2388947589,Success,CID380647,Prime Plus,Yeshwanthpur,Langford Town,140.0,140.0,Not Applicable,Not Applicable,No,Not Applicable,365,UPI,45,3.4,4.5
2024-07-24 21:08:00,CNR6431324910,Canceled by Customer,CID160649,eBike,Padmanabhanagar,Shivajinagar,,,Change of plans,Not Applicable,Not Applicable,Not Applicable,482,Not Applicable,0,,
2024-07-11 09:32:00,CNR8398110565,Success,CID473971,Auto,BTM Layout,Peenya,252.0,65.0,Not Applicable,Not Applicable,No,Not Applicable,294,UPI,14,4.0,4.1
2024-07-29 10:55:00,CNR6935157315,Success,CID124804,Prime Sedan,JP Nagar,Bellandur,112.0,105.0,Not Applicable,Not Applicable,No,Not Applicable,332,Cash,36,5.0,4.7
2024-07-26 07:13:00,CNR5532045768,Success,CID770724,Prime SUV,Sarjapur Road,Ramamurthy Nagar,63.0,75.0,Not Applicable,Not Applicable,No,Not Applicable,2012,UPI,42,4.4,3.1
2024-07-23 13:18:00,CNR1556237051,Canceled by Driver,CID534093,Auto,Yelahanka,Rajarajeshwari Nagar,,,Not Applicable,Personal & Car related issue,Not Applicable,Not Applicable,198,Not Applicable,0,,
2024-07-01 08:11:00,CNR8104414734,Canceled by Customer,CID476584,Mini,Varthur,Jayanagar,,,Driver is not moving towards pickup location,Not Applicable,Not Applicable,Not Applicable,392,Not Applicable,0,,
2024-07-27 16:52:00,CNR1961619071,Canceled by Driver,CID392809,Prime Sedan,Whitefield,Indiranagar,,,Not Applicable,Customer related issue,Not Applicable,Not Applicable,421,Not Applicable,0,,
2024-07-04 15:00:00,CNR2386648888,Success,CID110137,Prime Plus,Rajarajeshwari Nagar,Devanahalli,84.0,40.0,Not Applicable,Not Applicable,No,Not Applicable,484,UPI,27,4.6,4.9
2024-07-29 13:39:00,CNR5717902638,Success,CID214268,eBike,Whitefield,Hebbal,224.0,125.0,Not Applicable,Not Applicable,No,Not Applicable,298,Cash,16,3.0,3.9
2024-07-15 03:10:00,CNR6396613309,Canceled by Driver,CID228899,Mini,Cox Town,Hennur,,,Not Applicable,Customer was coughing/sick,Not Applicable,Not Applicable,487,Not Applicable,0,,
2024-07-09 13:14:00,CNR5838512243,Success,CID888313,eBike,KR Puram,Tumkur Road,231.0,80.0,Not Applicable,Not Applicable,No,Not Applicable,168,UPI,49,4.9,3.2
2024-07-27 19:24:00,CNR9914033108,Success,CID763989,Auto,Kammanahalli,Indiranagar,175.0,140.0,Not Applicable,Not Applicable,No,Not Applicable,578,UPI,5,4.0,3.2
2024-07-18 15:22:00,CNR6927211220,Canceled by Driver,CID224937,Mini,Peenya,Sarjapur Road,,,Not Applicable,Personal & Car related issue,Not Applicable,Not Applicable,380,Not Applicable,0,,
2024-07-07 14:18:00,CNR6427178370,Success,CID116101,Prime Plus,Sahakar Nagar,Hosur Road,252.0,25.0,Not Applicable,Not Applicable,No,Not Applicable,470,Cash,19,5.0,3.1
2024-07-01 10:32:00,CNR3032211346,Success,CID412791,Auto,Nagarbhavi,Mysore Road,259.0,110.0,Not Applicable,Not Applicable,No,Not Applicable,448,UPI,15,3.3,3.8
2024-07-13 01:51:00,CNR9892744514,Success,CID829064,Prime Plus,RT Nagar,Magadi Road,266.0,55.0,Not Applicable,Not Applicable,No,Not Applicable,100,Cash,16,3.3,3.9
2024-07-23 01:06:00,CNR4667078553,Success,CID930795,Auto,Marathahalli,BTM Layout,98.0,50.0,Not Applicable,Not Applicable,No,Not Applicable,401,Cash,6,3.4,4.5
2024-07-27 17:32:00,CNR2808286122,Canceled by Driver,CID543638,Auto,Magadi Road,Yelahanka,,,Not Applicable,Personal & Car related issue,Not Applicable,Not Applicable,462,Not Applicable,0,,
2024-07-08 00:24:00,CNR5646200919,Success,CID697776,Auto,Vijayanagar,Cox Town,42.0,90.0,Not Applicable,Not Applicable,No,Not Applicable,192,Cash,11,4.5,4.5
2024-07-07 19:06:00,CNR6158561565,Success,CID472781,eBike,Kengeri,Hosur Road,301.0,145.0,Not Applicable,Not Applicable,No,Not Applicable,250,UPI,44,3.8,3.6
2024-07-28 10:02:00,CNR9499929562,Canceled by Driver,CID236356,Prime Sedan,Koramangala,Peenya,,,Not Applicable,Personal & Car related issue,Not Applicable,Not Applicable,297,Not Applicable,0,,
2024-07-01 00:51:00,CNR3215620112,Canceled by Customer,CID607725,Prime SUV,Bannerghatta Road,Rajarajeshwari Nagar,,,Change of plans,Not Applicable,Not Applicable,Not Applicable,345,Not Applicable,0,,
2024-07-05 02:16:00,CNR1073362633,Canceled by Driver,CID166289,Mini,Whitefield,Shivajinagar,,,Not Applicable,Personal & Car related issue,Not Applicable,Not Applicable,2745,Not Applicable,0,,
2024-07-28 07:13:00,CNR5433736988,Success,CID907945,Auto,Sahakar Nagar,Shivajinagar,42.0,130.0,Not Applicable,Not Applicable,No,Not Applicable,108,Cash,10,4.8,3.2
2024-07-15 07:48:00,CNR2689081495,Success,CID220384,Prime Sedan,Frazer Town,Tumkur Road,287.0,100.0,Not Applicable,Not Applicable,No,Not Applicable,808,UPI,43,4.8,4.1
2024-07-16 14:37:00,CNR3481565063,Success,CID532045,Mini,Kengeri,Yelahanka,175.0,40.0,Not Applicable,Not Applicable,No,Not Applicable,815,Credit Card,45,3.1,3.7
2024-07-12 17:40:00,CNR2457365379,Success,CID988882,Mini,Hennur,Devanahalli,112.0,125.0,Not Applicable,Not Applicable,No,Not Applicable,727,Cash,26,3.2,3.5
2024-07-28 20:09:00,CNR9422434221,Success,CID345191,Prime SUV,Bannerghatta Road,MG Road,280.0,130.0,Not Applicable,Not Applicable,No,Not Applicable,443,Cash,46,4.2,3.2
2024-07-23 11:19:00,CNR2718248722,Success,CID180990,eBike,Electronic City,Tumkur Road,224.0,90.0,Not Applicable,Not Applicable,No,Not Applicable,220,UPI,35,4.9,4.6
2024-07-09 01:43:00,CNR8111567756,Canceled by Driver,CID700487,eBike,Ulsoor,Padmanabhanagar,,,Not Applicable,Customer was coughing/sick,Not Applicable,Not Applicable,341,Not Applicable,0,,
2024-07-06 04:25:00,CNR5447097328,Success,CID437400,Prime Plus,Chickpet,Marathahalli,231.0,60.0,Not Applicable,Not Applicable,No,Not Applicable,768,Cash,25,4.1,3.9
2024-07-14 14:56:00,CNR5644846025,Success,CID278363,Bike,MG Road,Basavanagudi,119.0,45.0,Not Applicable,Not Applicable,No,Not Applicable,120,Cash,21,4.1,4.5
2024-07-19 18:40:00,CNR3278067893,Success,CID697128,Bike,KR Puram,Kammanahalli,105.0,145.0,Not Applicable,Not Applicable,No,Not Applicable,1212,UPI,6,4.8,3.7
2024-07-04 14:12:00,CNR2044500982,Success,CID433086,Bike,Hulimavu,Sahakar Nagar,280.0,65.0,Not Applicable,Not Applicable,No,Not Applicable,2223,Cash,8,3.5,4.5
2024-07-22 04:49:00,CNR2370086579,Driver Not Found,CID400047,Auto,Richmond Town,Vijayanagar,,,Not Applicable,Not Applicable,Not Applicable,Not Applicable,160,Not Applicable,0,,
2024-07-04 14:34:00,CNR6671829682,Success,CID397711,Mini,Peenya,Langford Town,266.0,80.0,Not Applicable,Not Applicable,No,Not Applicable,2527,Credit Card,20,4.7,4.7
2024-07-26 00:37:00,CNR3938673339,Success,CID181670,Bike,Varthur,Kammanahalli,252.0,55.0,Not Applicable,Not Applicable,No,Not Applicable,241,Cash,48,3.7,3.1
2024-07-30 11:23:00,CNR7558365214,Success,CID270585,Mini,Cox Town,Sarjapur Road,168.0,50.0,Not Applicable,Not Applicable,No,Not Applicable,321,UPI,9,4.2,4.6
2024-07-17 19:38:00,CNR8643617837,Driver Not Found,CID666639,Auto,Varthur,BTM Layout,,,Not Applicable,Not Applicable,Not Applicable,Not Applicable,548,Not Applicable,0,,
2024-07-03 10:34:00,CNR3738055062,Canceled by Driver,CID528122,eBike,Malleshwaram,HSR Layout,,,Not Applicable,Personal & Car related issue,Not Applicable,Not Applicable,2809,Not Applicable,0,,
2024-07-29 01:52:00,CNR3910652252,Canceled by Driver,CID502147,Prime Sedan,Richmond Town,Yeshwanthpur,,,Not Applicable,More than permitted people in there,Not Applicable,Not Applicable,1960,Not Applicable,0,,
2024-07-05 04:06:00,CNR2973972890,Canceled by Driver,CID394689,Prime Plus,Hebbal,Koramangala,,,Not Applicable,More than permitted people in there,Not Applicable,Not Applicable,195,Not Applicable,0,,
2024-07-20 11:22:00,CNR6050412283,Canceled by Driver,CID686856,Bike,Rajarajeshwari Nagar,JP Nagar,,,Not Applicable,Customer was coughing/sick,Not Applicable,Not Applicable,467,Not Applicable,0,,
2024-07-09 13:55:00,CNR6265026640,Success,CID542241,Prime Plus,Hennur,KR Puram,231.0,130.0,Not Applicable,Not Applicable,No,Not Applicable,392,Cash,24,4.0,4.0
2024-07-17 20:59:00,CNR8869572227,Success,CID460538,Auto,Rajarajeshwari Nagar,Majestic,175.0,125.0,Not Applicable,Not Applicable,No,Not Applicable,157,Cash,15,3.7,4.7
2024-07-22 14:42:00,CNR2608093437,Canceled by Customer,CID273696,Bike,Chickpet,Chickpet,,,Driver is not moving towards pickup location,Not Applicable,Not Applicable,Not Applicable,577,Not Applicable,0,,
2024-07-21 22:18:00,CNR2490998509,Driver Not Found,CID613624,Prime SUV,Indiranagar,Koramangala,,,Not Applicable,Not Applicable,Not Applicable,Not Applicable,258,Not Applicable,0,,
2024-07-09 09:12:00,CNR8292428760,Canceled by Customer,CID704536,Bike,Indiranagar,Chickpet,,,Driver is not moving towards pickup location,Not Applicable,Not Applicable,Not Applicable,2603,Not Applicable,0,,
2024-07-05 06:11:00,CNR2795172964,Canceled by Driver,CID749353,Mini,Langford Town,Kengeri,,,Not Applicable,Personal & Car related issue,Not Applicable,Not Applicable,323,Not Applicable,0,,
2024-07-19 06:42:00,CNR5212864411,Canceled by Customer,CID768970,Auto,Chickpet,Whitefield,,,Change of plans,Not Applicable,Not Applicable,Not Applicable,261,Not Applicable,0,,
2024-07-28 01:41:00,CNR3810891022,Success,CID116266,Auto,BTM Layout,Kadugodi,280.0,130.0,Not Applicable,Not Applicable,No,Not Applicable,765,UPI,12,3.7,4.5
2024-07-12 23:59:00,CNR4584919951,Canceled by Driver,CID349697,Mini,Rajajinagar,Devanahalli,,,Not Applicable,Customer related issue,Not Applicable,Not Applicable,321,Not Applicable,0,,
2024-07-24 10:08:00,CNR4335556533,Success,CID459771,Prime SUV,Rajarajeshwari Nagar,Chickpet,182.0,135.0,Not Applicable,Not Applicable,No,Not Applicable,756,Cash,17,4.8,4.3
2024-07-18 12:42:00,CNR5001683394,Driver Not Found,CID656614,Mini,Devanahalli,Ramamurthy Nagar,,,Not Applicable,Not Applicable,Not Applicable,Not Applicable,983,Not Applicable,0,,
2024-07-12 14:57:00,CNR4271795048,Canceled by Driver,CID432881,eBike,KR Puram,Vijayanagar,,,Not Applicable,Customer was coughing/sick,Not Applicable,Not Applicable,340,Not Applicable,0,,
2024-07-25 21:26:00,CNR6303850927,Canceled by Customer,CID600789,Mini,Koramangala,Bellandur,,,Driver is not moving towards pickup location,Not Applicable,Not Applicable,Not Applicable,391,Not Applicable,0,,
2024-07-10 06:15:00,CNR6250771508,Canceled by Customer,CID857640,Bike,Kammanahalli,Hennur,,,Driver is not moving towards pickup location,Not Applicable,Not Applicable,Not Applicable,105,Not Applicable,0,,
2024-07-03 13:26:00,CNR8827009747,Canceled by Driver,CID378611,Prime Plus,Shantinagar,Vijayanagar,,,Not Applicable,Customer related issue,Not Applicable,Not Applicable,412,Not Applicable,0,,
2024-07-02 15:06:00,CNR7127337695,Success,CID708506,eBike,Shivajinagar,Banashankari,161.0,100.0,Not Applicable,Not Applicable,No,Not Applicable,382,Cash,2,4.2,3.9
2024-07-02 19:49:00,CNR4652871031,Success,CID772428,Prime SUV,MG Road,Malleshwaram,182.0,80.0,Not Applicable,Not Applicable,No,Not Applicable,1604,UPI,10,3.6,5.0
2024-07-12 09:28:00,CNR1519518245,Driver Not Found,CID807811,Bike,Rajajinagar,Langford Town,,,Not Applicable,Not Applicable,Not Applicable,Not Applicable,381,Not Applicable,0,,
2024-07-03 07:42:00,CNR9885195064,Success,CID425867,Prime SUV,Hulimavu,Sahakar Nagar,70.0,135.0,Not Applicable,Not Applicable,No,Not Applicable,173,Cash,27,4.4,4.3
2024-07-24 00:56:00,CNR8834175065,Success,CID727410,Prime Plus,Sarjapur Road,Langford Town,105.0,40.0,Not Applicable,Not Applicable,No,Not Applicable,784,UPI,42,4.3,3.9
2024-07-09 13:53:00,CNR5468311487,Canceled by Customer,CID239019,eBike,Malleshwaram,Basavanagudi,,,Driver is not moving towards pickup location,Not Applicable,Not Applicable,Not Applicable,291,Not Applicable,0,,
2024-07-05 19:17:00,CNR8848089773,Canceled by Driver,CID543909,Prime Plus,Electronic City,Indiranagar,,,Not Applicable,Personal & Car related issue,Not Applicable,Not Applicable,331,Not Applicable,0,,
2024-07-08 08:33:00,CNR4423251536,Canceled by Driver,CID405943,Prime Plus,Kadugodi,Richmond Town,,,Not Applicable,Customer was coughing/sick,Not Applicable,Not Applicable,710,Not Applicable,0,,
2024-07-16 10:13:00,CNR3933187726,Driver Not Found,CID341075,Auto,Electronic City,Hulimavu,,,Not Applicable,Not Applicable,Not Applicable,Not Applicable,288,Not Applicable,0,,
2024-07-19 20:53:00,CNR6467904664,Success,CID959792,Prime Sedan,Sahakar Nagar,Koramangala,252.0,60.0,Not Applicable,Not Applicable,No,Not Applicable,983,Cash,24,3.9,4.0
2024-07-18 12:34:00,CNR8155932942,Canceled by Customer,CID609815,Auto,Electronic City,Hosur Road,,,Driver is not moving towards pickup location,Not Applicable,Not Applicable,Not Applicable,161,Not Applicable,0,,
2024-07-19 03:08:00,CNR9819749644,Success,CID915434,Prime Sedan,Rajarajeshwari Nagar,Whitefield,196.0,80.0,Not Applicable,Not Applicable,No,Not Applicable,454,Cash,42,4.6,3.6
2024-07-18 08:10:00,CNR5774307769,Success,CID851197,Prime Sedan,Richmond Town,Ulsoor,287.0,95.0,Not Applicable,Not Applicable,No,Not Applicable,134,Credit Card,30,4.4,4.8
2024-07-05 22:27:00,CNR9710798631,Success,CID299930,Prime SUV,MG Road,Shantinagar,189.0,35.0,Not Applicable,Not Applicable,No,Not Applicable,896,Cash,35,4.1,3.8
2024-07-09 15:25:00,CNR8855001770,Canceled by Driver,CID444136,Prime Plus,Hosur Road,HSR Layout,,,Not Applicable,Customer was coughing/sick,Not Applicable,Not Applicable,678,Not Applicable,0,,
2024-07-11 18:05:00,CNR5641209826,Success,CID773747,Prime Sedan,Cox Town,Marathahalli,196.0,125.0,Not Applicable,Not Applicable,No,Not Applicable,145,UPI,10,4.5,3.9
2024-07-19 07:00:00,CNR9869364873,Driver Not Found,CID695373,Prime Plus,Whitefield,Chamarajpet,,,Not Applicable,Not Applicable,Not Applicable,Not Applicable,254,Not Applicable,0,,
2024-07-16 23:38:00,CNR5707845843,Success,CID708789,Auto,Sahakar Nagar,Yelahanka,210.0,65.0,Not Applicable,Not Applicable,No,Not Applicable,480,UPI,17,3.1,3.9
2024-07-10 21:33:00,CNR8530176234,Success,CID146437,Mini,Basavanagudi,Electronic City,273.0,135.0,Not Applicable,Not Applicable,No,Not Applicable,903,UPI,5,4.6,4.5
2024-07-12 08:31:00,CNR9240465115,Driver Not Found,CID590035,Auto,Koramangala,MG Road,,,Not Applicable,Not Applicable,Not Applicable,Not Applicable,260,Not Applicable,0,,
2024-07-20 17:08:00,CNR6564662818,Success,CID433891,Prime Sedan,Frazer Town,Rajarajeshwari Nagar,105.0,55.0,Not Applicable,Not Applicable,No,Not Applicable,165,Cash,29,3.5,4.9
2024-07-15 03:02:00,CNR3846717423,Success,CID785603,Prime SUV,Indiranagar,Yelahanka,112.0,95.0,Not Applicable,Not Applicable,No,Not Applicable,147,Cash,34,3.8,3.6
2024-07-14 02:02:00,CNR8898578803,Success,CID843309,Prime SUV,Tumkur Road,Magadi Road,287.0,120.0,Not Applicable,Not Applicable,No,Not Applicable,250,Cash,38,4.3,4.2
2024-07-19 14:05:00,CNR8661907990,Success,CID207082,Auto,Koramangala,Koramangala,56.0,25.0,Not Applicable,Not Applicable,No,Not Applicable,2757,Cash,2,5.0,4.0
2024-07-14 12:04:00,CNR5936203034,Driver Not Found,CID843809,Prime Sedan,Rajajinagar,HSR Layout,,,Not Applicable,Not Applicable,Not Applicable,Not Applicable,376,Not Applicable,0,,
2024-07-11 21:19:00,CNR5019111643,Success,CID595236,Mini,Sarjapur Road,Kengeri,266.0,80.0,Not Applicable,Not Applicable,No,Not Applicable,339,UPI,32,4.4,3.3
2024-07-29 12:19:00,CNR8403396205,Success,CID191682,Prime SUV,Tumkur Road,Ramamurthy Nagar,245.0,45.0,Not Applicable,Not Applicable,No,Not Applicable,356,UPI,45,4.4,3.6
2024-07-05 07:07:00,CNR9695807436,Success,CID185876,Prime SUV,Yelahanka,Rajajinagar,266.0,45.0,Not Applicable,Not Applicable,No,Not Applicable,395,Cash,33,3.0,4.4
2024-07-09 19:37:00,CNR4081615435,Driver Not Found,CID114625,Prime Plus,Kadugodi,Tumkur Road,,,Not Applicable,Not Applicable,Not Applicable,Not Applicable,460,Not Applicable,0,,
2024-07-05 01:31:00,CNR5810028240,Driver Not Found,CID566059,eBike,Banashankari,Sarjapur Road,,,Not Applicable,Not Applicable,Not Applicable,Not Applicable,498,Not Applicable,0,,
2024-07-12 06:53:00,CNR5886979099,Driver Not Found,CID712121,Mini,Rajajinagar,MG Road,,,Not Applicable,Not Applicable,Not Applicable,Not Applicable,685,Not Applicable,0,,
2024-07-08 15:08:00,CNR8913578155,Success,CID495843,Auto,Peenya,Kengeri,56.0,35.0,Not Applicable,Not Applicable,Yes,Vehicle Breakdown,440,Cash,4,4.2,4.4
2024-07-01 10:32:00,CNR6459382854,Success,CID372101,Prime Sedan,Magadi Road,Padmanabhanagar,287.0,60.0,Not Applicable,Not Applicable,No,Not Applicable,2982,UPI,40,3.9,3.6
2024-07-27 10:06:00,CNR3123018944,Success,CID590911,Prime Sedan,Banashankari,Cox Town,63.0,55.0,Not Applicable,Not Applicable,No,Not Applicable,493,UPI,27,3.9,3.7
2024-07-20 06:11:00,CNR5970526862,Driver Not Found,CID636129,Bike,Banashankari,Sarjapur Road,,,Not Applicable,Not Applicable,Not Applicable,Not Applicable,870,Not Applicable,0,,
2024-07-13 06:45:00,CNR4572669318,Success,CID814975,Prime Plus,Kammanahalli,Bellandur,112.0,110.0,Not Applicable,Not Applicable,Yes,Customer Demand,339,Cash,49,3.1,4.2
2024-07-23 01:03:00,CNR2181504652,Success,CID294558,Prime Sedan,Hennur,Chickpet,98.0,30.0,Not Applicable,Not Applicable,No,Not Applicable,123,Cash,37,3.9,3.0
2024-07-15 21:35:00,CNR7330378054,Success,CID553943,Mini,Basavanagudi,Ulsoor,224.0,55.0,Not Applicable,Not Applicable,No,Not Applicable,835,Cash,4,3.8,4.3
2024-07-04 03:23:00,CNR1444451800,Success,CID660694,Prime SUV,Chamarajpet,Padmanabhanagar,35.0,115.0,Not Applicable,Not Applicable,No,Not Applicable,419,Cash,38,5.0,3.6
2024-07-09 22:08:00,CNR4731540546,Success,CID670675,eBike,HSR Layout,Majestic,77.0,125.0,Not Applicable,Not Applicable,No,Not Applicable,924,Cash,35,4.1,3.1
2024-07-18 02:52:00,CNR7840454423,Success,CID617764,Bike,Kadugodi,Mysore Road,189.0,90.0,Not Applicable,Not Applicable,No,Not Applicable,167,UPI,2,3.8,3.1
2024-07-23 22:54:00,CNR2866124631,Success,CID193262,Prime Sedan,RT Nagar,Sarjapur Road,133.0,85.0,Not Applicable,Not Applicable,Yes,Vehicle Breakdown,130,Cash,4,4.3,4.8
2024-07-08 07:52:00,CNR2772578096,Driver Not Found,CID350070,Mini,Langford Town,BTM Layout,,,Not Applicable,Not Applicable,Not Applicable,Not Applicable,686,Not Applicable,0,,
2024-07-05 17:19:00,CNR7644252524,Success,CID593441,eBike,Shantinagar,Langford Town,112.0,55.0,Not Applicable,Not Applicable,No,Not Applicable,2069,UPI,19,4.9,3.2
2024-07-08 05:33:00,CNR1393577002,Success,CID134524,Bike,Kadugodi,Varthur,266.0,55.0,Not Applicable,Not Applicable,Yes,Vehicle Breakdown,183,Cash,2,4.3,3.3
2024-07-01 05:18:00,CNR7563515232,Success,CID737145,eBike,Padmanabhanagar,Varthur,77.0,90.0,Not Applicable,Not Applicable,No,Not Applicable,454,UPI,1,3.0,3.0
2024-07-01 18:28:00,CNR1994881104,Driver Not Found,CID366484,Mini,Frazer Town,Langford Town,,,Not Applicable,Not Applicable,Not Applicable,Not Applicable,166,Not Applicable,0,,
2024-07-09 23:48:00,CNR4017340271,Driver Not Found,CID839086,eBike,Varthur,Kadugodi,,,Not Applicable,Not Applicable,Not Applicable,Not Applicable,446,Not Applicable,0,,
2024-07-23 04:35:00,CNR7061076504,Canceled by Driver,CID649903,Auto,Majestic,Peenya,,,Not Applicable,Customer was coughing/sick,Not Applicable,Not Applicable,185,Not Applicable,0,,
2024-07-18 23:42:00,CNR6664219516,Driver Not Found,CID825139,Prime Sedan,BTM Layout,Mysore Road,,,Not Applicable,Not Applicable,Not Applicable,Not Applicable,383,Not Applicable,0,,
2024-07-02 10:59:00,CNR9978464252,Success,CID395340,Prime Plus,Mysore Road,Bannerghatta Road,49.0,60.0,Not Applicable,Not Applicable,No,Not Applicable,277,UPI,27,3.7,3.8
2024-07-21 09:56:00,CNR2569737558,Success,CID546168,Bike,Koramangala,Bannerghatta Road,63.0,100.0,Not Applicable,Not Applicable,No,Not Applicable,653,UPI,38,4.0,4.2
2024-07-17 06:19:00,CNR7108628450,Success,CID446752,Bike,Nagarbhavi,Sahakar Nagar,245.0,125.0,Not Applicable,Not Applicable,No,Not Applicable,275,Cash,6,4.7,4.4
2024-07-30 04:59:00,CNR8805679122,Success,CID681148,eBike,Ramamurthy Nagar,Bannerghatta Road,70.0,95.0,Not Applicable,Not Applicable,No,Not Applicable,188,UPI,29,4.0,3.2
2024-07-23 01:25:00,CNR2099074539,Canceled by Driver,CID893730,Prime SUV,HSR Layout,Malleshwaram,,,Not Applicable,More than permitted people in there,Not Applicable,Not Applicable,2404,Not Applicable,0,,
2024-07-07 21:42:00,CNR9803733262,Success,CID623898,Prime Plus,BTM Layout,Varthur,70.0,95.0,Not Applicable,Not Applicable,No,Not Applicable,882,Cash,46,4.9,3.8
2024-07-03 17:59:00,CNR8625184455,Success,CID587072,Bike,Basavanagudi,Ramamurthy Nagar,308.0,25.0,Not Applicable,Not Applicable,No,Not Applicable,867,Cash,44,4.3,4.6
2024-07-07 21:41:00,CNR5792720995,Success,CID353706,Auto,HSR Layout,Bannerghatta Road,91.0,110.0,Not Applicable,Not Applicable,No,Not Applicable,388,Cash,16,4.5,4.4
2024-07-06 21:51:00,CNR4866602305,Canceled by Driver,CID842067,Prime Plus,Tumkur Road,Frazer Town,,,Not Applicable,Customer related issue,Not Applicable,Not Applicable,591,Not Applicable,0,,
2024-07-16 08:27:00,CNR4693770758,Success,CID440711,Prime Sedan,Rajarajeshwari Nagar,Tumkur Road,119.0,110.0,Not Applicable,Not Applicable,No,Not Applicable,191,UPI,18,3.8,4.7
2024-07-10 09:06:00,CNR1647915495,Canceled by Driver,CID258072,Mini,Chamarajpet,Ramamurthy Nagar,,,Not Applicable,Customer was coughing/sick,Not Applicable,Not Applicable,1220,Not Applicable,0,,
2024-07-10 04:07:00,CNR2223782398,Success,CID620932,Prime Plus,Shantinagar,BTM Layout,175.0,60.0,Not Applicable,Not Applicable,No,Not Applicable,307,Cash,44,3.3,3.3
2024-07-13 23:08:00,CNR1748271496,Canceled by Customer,CID918634,Bike,Kengeri,Electronic City,,,Change of plans,Not Applicable,Not Applicable,Not Applicable,212,Not Applicable,0,,
2024-07-21 18:33:00,CNR5962117193,Success,CID323295,Bike,Shivajinagar,Richmond Town,210.0,35.0,Not Applicable,Not Applicable,No,Not Applicable,393,Cash,47,4.4,3.9
2024-07-21 12:18:00,CNR5286943650,Success,CID703846,Auto,JP Nagar,Electronic City,203.0,70.0,Not Applicable,Not Applicable,No,Not Applicable,407,UPI,4,4.4,3.9
2024-07-17 08:58:00,CNR6811117890,Success,CID318647,Auto,Nagarbhavi,Vijayanagar,273.0,110.0,Not Applicable,Not Applicable,No,Not Applicable,361,Cash,13,3.5,4.0
2024-07-06 17:42:00,CNR1095911733,Success,CID532158,Prime Plus,Yeshwanthpur,Nagarbhavi,63.0,75.0,Not Applicable,Not Applicable,No,Not Applicable,756,Cash,6,3.3,4.7
2024-07-30 18:10:00,CNR4250504688,Driver Not Found,CID523649,eBike,Jayanagar,Yeshwanthpur,,,Not Applicable,Not Applicable,Not Applicable,Not Applicable,1448,Not Applicable,0,,
2024-07-03 12:32:00,CNR1123586092,Success,CID784241,Bike,MG Road,Vijayanagar,42.0,90.0,Not Applicable,Not Applicable,Yes,Customer Demand,2152,Cash,36,4.0,3.4
2024-07-08 04:45:00,CNR4825401650,Success,CID944961,Bike,Bellandur,HSR Layout,56.0,125.0,Not Applicable,Not Applicable,No,Not Applicable,833,Cash,36,3.4,3.4
2024-07-13 18:05:00,CNR1486498023,Success,CID615907,Prime Plus,Nagarbhavi,Richmond Town,84.0,70.0,Not Applicable,Not Applicable,No,Not Applicable,2346,Cash,22,3.9,4.3
2024-07-25 17:10:00,CNR4221103917,Canceled by Driver,CID288805,Bike,Banashankari,Nagarbhavi,,,Not Applicable,Personal & Car related issue,Not Applicable,Not Applicable,288,Not Applicable,0,,
2024-07-21 04:09:00,CNR1175919946,Success,CID703973,Prime Plus,Kadugodi,Frazer Town,91.0,45.0,Not Applicable,Not Applicable,Yes,Customer Demand,544,UPI,11,4.6,4.5
2024-07-25 13:36:00,CNR6106452350,Driver Not Found,CID671150,Prime SUV,Rajarajeshwari Nagar,Langford Town,,,Not Applicable,Not Applicable,Not Applicable,Not Applicable,1329,Not Applicable,0,,
2024-07-10 00:25:00,CNR9817850591,Canceled by Driver,CID267266,eBike,Shantinagar,Padmanabhanagar,,,Not Applicable,Personal & Car related issue,Not Applicable,Not Applicable,909,Not Applicable,0,,
2024-07-20 23:18:00,CNR9900182780,Canceled by Driver,CID684530,Prime Plus,Yelahanka,Indiranagar,,,Not Applicable,More than permitted people in there,Not Applicable,Not Applicable,376,Not Applicable,0,,
2024-07-22 22:18:00,CNR1491053884,Canceled by Customer,CID316050,eBike,Frazer Town,Banashankari,,,Driver asked to cancel,Not Applicable,Not Applicable,Not Applicable,455,Not Applicable,0,,
2024-07-15 00:17:00,CNR2861537149,Success,CID702756,Prime SUV,Magadi Road,Devanahalli,133.0,115.0,Not Applicable,Not Applicable,No,Not Applicable,1023,Cash,29,4.5,4.0
2024-07-12 06:46:00,CNR4150222412,Driver Not Found,CID880642,Prime Plus,Electronic City,Mysore Road,,,Not Applicable,Not Applicable,Not Applicable,Not Applicable,399,Not Applicable,0,,
2024-07-19 14:08:00,CNR8992486185,Canceled by Driver,CID168116,Prime SUV,Malleshwaram,Kadugodi,,,Not Applicable,Personal & Car related issue,Not Applicable,Not Applicable,1420,Not Applicable,0,,
2024-07-01 20:31:00,CNR5855909866,Success,CID434357,eBike,Varthur,Ramamurthy Nagar,140.0,125.0,Not Applicable,Not Applicable,No,Not Applicable,222,Cash,12,4.8,3.0
2024-07-05 11:58:00,CNR6960169098,Driver Not Found,CID969792,Prime SUV,Hosur Road,Hulimavu,,,Not Applicable,Not Applicable,Not Applicable,Not Applicable,368,Not Applicable,0,,
2024-07-12 08:30:00,CNR4322969495,Success,CID577834,Mini,Majestic,Hebbal,203.0,130.0,Not Applicable,Not Applicable,No,Not Applicable,1121,UPI,43,3.9,3.8
2024-07-10 07:48:00,CNR7913782564,Success,CID569008,Prime Plus,Chickpet,Ulsoor,56.0,40.0,Not Applicable,Not Applicable,No,Not Applicable,275,Cash,15,3.8,3.9
2024-07-17 03:18:00,CNR6998920089,Canceled by Customer,CID993627,Auto,MG Road,Malleshwaram,,,Driver is not moving towards pickup location,Not Applicable,Not Applicable,Not Applicable,252,Not Applicable,0,,
2024-07-20 14:02:00,CNR5108654412,Success,CID769099,Prime Sedan,Vijayanagar,Padmanabhanagar,161.0,40.0,Not Applicable,Not Applicable,No,Not Applicable,411,UPI,39,4.5,4.4
2024-07-26 02:44:00,CNR6825813408,Success,CID328328,eBike,Tumkur Road,Hosur Road,280.0,85.0,Not Applicable,Not Applicable,No,Not Applicable,452,Cash,4,3.6,3.7
2024-07-26 08:58:00,CNR9617709287,Success,CID202406,Mini,Mysore Road,Cox Town,252.0,85.0,Not Applicable,Not Applicable,No,Not Applicable,2290,Cash,39,4.3,4.7
2024-07-06 15:26:00,CNR9697267824,Success,CID459978,Mini,Padmanabhanagar,Bannerghatta Road,77.0,140.0,Not Applicable,Not Applicable,No,Not Applicable,144,Cash,23,4.1,4.7
2024-07-02 13:21:00,CNR3206087688,Success,CID623026,Bike,Rajarajeshwari Nagar,Hennur,147.0,100.0,Not Applicable,Not Applicable,No,Not Applicable,381,Cash,24,4.3,4.9
2024-07-09 07:03:00,CNR6661438710,Success,CID130479,Mini,Sahakar Nagar,Malleshwaram,147.0,65.0,Not Applicable,Not Applicable,No,Not Applicable,586,Cash,23,4.7,5.0
2024-07-09 19:56:00,CNR9515946442,Success,CID235258,Prime Sedan,Yelahanka,Ulsoor,259.0,115.0,Not Applicable,Not Applicable,No,Not Applicable,403,UPI,31,4.1,4.5
2024-07-06 01:50:00,CNR8839060732,Canceled by Customer,CID490154,Auto,Kadugodi,Chamarajpet,,,Change of plans,Not Applicable,Not Applicable,Not Applicable,234,Not Applicable,0,,
2024-07-20 04:12:00,CNR4442789523,Success,CID154978,Prime SUV,Kammanahalli,Ulsoor,294.0,30.0,Not Applicable,Not Applicable,No,Not Applicable,397,UPI,23,3.5,3.7
2024-07-29 13:06:00,CNR7331495566,Success,CID912818,Bike,Rajarajeshwari Nagar,Banashankari,224.0,65.0,Not Applicable,Not Applicable,No,Not Applicable,227,UPI,13,4.3,4.0
2024-07-28 00:48:00,CNR7488024682,Success,CID773554,Prime Plus,Marathahalli,Shivajinagar,168.0,115.0,Not Applicable,Not Applicable,No,Not Applicable,159,Credit Card,34,4.9,4.3
2024-07-16 15:36:00,CNR2707080388,Success,CID563977,Prime Sedan,Rajajinagar,KR Puram,70.0,90.0,Not Applicable,Not Applicable,No,Not Applicable,1955,Credit Card,47,4.6,3.2
2024-07-04 04:32:00,CNR1494866491,Success,CID713352,Prime SUV,Chamarajpet,Chamarajpet,133.0,35.0,Not Applicable,Not Applicable,No,Not Applicable,220,Cash,7,5.0,3.5
2024-07-15 19:22:00,CNR8233750360,Success,CID285267,Bike,Cox Town,Kammanahalli,42.0,60.0,Not Applicable,Not Applicable,No,Not Applicable,160,Cash,47,4.1,4.2
2024-07-03 18:52:00,CNR1102721870,Success,CID782238,Auto,Vijayanagar,Hennur,126.0,75.0,Not Applicable,Not Applicable,No,Not Applicable,445,UPI,4,3.7,3.6
2024-07-21 12:57:00,CNR1789394204,Success,CID443274,Prime SUV,Bellandur,Padmanabhanagar,84.0,35.0,Not Applicable,Not Applicable,No,Not Applicable,453,Cash,4,3.3,3.1
2024-07-23 15:49:00,CNR2039055716,Canceled by Driver,CID569086,eBike,Vijayanagar,Marathahalli,,,Not Applicable,Personal & Car related issue,Not Applicable,Not Applicable,239,Not Applicable,0,,
2024-07-17 10:50:00,CNR4179032242,Success,CID659302,Auto,Langford Town,Nagarbhavi,168.0,100.0,Not Applicable,Not Applicable,No,Not Applicable,294,Cash,8,4.6,3.9
2024-07-26 17:39:00,CNR8020004635,Success,CID392441,Auto,Mysore Road,BTM Layout,154.0,75.0,Not Applicable,Not Applicable,No,Not Applicable,194,UPI,3,4.3,3.7
2024-07-03 23:58:00,CNR9291266982,Success,CID350868,Bike,Electronic City,HSR Layout,126.0,25.0,Not Applicable,Not Applicable,No,Not Applicable,352,Credit Card,46,3.5,3.0
2024-07-22 14:42:00,CNR8549980134,Canceled by Driver,CID665041,eBike,Rajajinagar,Basavanagudi,,,Not Applicable,Customer related issue,Not Applicable,Not Applicable,333,Not Applicable,0,,
2024-07-03 07:32:00,CNR6469161009,Success,CID426267,Prime SUV,Devanahalli,Hosur Road,140.0,80.0,Not Applicable,Not Applicable,No,Not Applicable,105,Cash,29,5.0,3.7
2024-07-08 13:53:00,CNR1315727472,Success,CID813094,Prime Plus,JP Nagar,Bannerghatta Road,140.0,30.0,Not Applicable,Not Applicable,No,Not Applicable,359,UPI,47,4.6,3.2
2024-07-21 09:32:00,CNR4549180915,Success,CID406213,Mini,Banashankari,Peenya,224.0,140.0,Not Applicable,Not Applicable,No,Not Applicable,265,Cash,6,3.7,3.7
2024-07-29 11:15:00,CNR1653474429,Canceled by Driver,CID408051,Auto,Whitefield,Devanahalli,,,Not Applicable,Customer was coughing/sick,Not Applicable,Not Applicable,147,Not Applicable,0,,
2024-07-15 06:52:00,CNR4535791736,Success,CID801460,Prime Plus,Majestic,Majestic,98.0,50.0,Not Applicable,Not Applicable,No,Not Applicable,132,Credit Card,43,4.5,3.6
2024-07-29 05:30:00,CNR6784677960,Success,CID842662,Prime Plus,Richmond Town,Sarjapur Road,210.0,80.0,Not Applicable,Not Applicable,No,Not Applicable,288,Cash,13,4.6,4.6
2024-07-01 15:40:00,CNR4316220036,Canceled by Customer,CID732923,Auto,Padmanabhanagar,Yeshwanthpur,,,Driver asked to cancel,Not Applicable,Not Applicable,Not Applicable,312,Not Applicable,0,,
2024-07-04 21:46:00,CNR2090607391,Success,CID274869,eBike,RT Nagar,Electronic City,56.0,85.0,Not Applicable,Not Applicable,No,Not Applicable,198,Cash,28,3.6,4.0
2024-07-18 03:30:00,CNR4290230683,Success,CID360237,Bike,Richmond Town,Langford Town,273.0,140.0,Not Applicable,Not Applicable,No,Not Applicable,817,UPI,46,4.4,4.7
2024-07-10 17:47:00,CNR7846397463,Success,CID412698,Bike,Rajarajeshwari Nagar,HSR Layout,84.0,105.0,Not Applicable,Not Applicable,No,Not Applicable,113,UPI,15,4.2,3.2
2024-07-06 19:17:00,CNR1907911280,Success,CID634953,Prime SUV,JP Nagar,RT Nagar,301.0,45.0,Not Applicable,Not Applicable,No,Not Applicable,129,UPI,26,3.7,3.1
2024-07-10 19:56:00,CNR6833873853,Success,CID361260,Prime Plus,Majestic,Majestic,217.0,45.0,Not Applicable,Not Applicable,No,Not Applicable,387,Cash,49,4.4,3.3
2024-07-07 20:07:00,CNR4355478627,Success,CID997709,Bike,Kammanahalli,Chickpet,182.0,65.0,Not Applicable,Not Applicable,No,Not Applicable,239,Cash,20,3.4,3.6
2024-07-16 04:48:00,CNR8212132082,Success,CID804040,eBike,Malleshwaram,Langford Town,168.0,130.0,Not Applicable,Not Applicable,No,Not Applicable,334,UPI,30,3.2,3.3
2024-07-27 12:42:00,CNR8192898696,Success,CID646930,Mini,Rajarajeshwari Nagar,Whitefield,133.0,85.0,Not Applicable,Not Applicable,No,Not Applicable,2910,UPI,15,3.7,3.4
2024-07-23 03:05:00,CNR4420825508,Success,CID235357,Prime SUV,Whitefield,JP Nagar,280.0,75.0,Not Applicable,Not Applicable,No,Not Applicable,227,Cash,47,4.1,3.0
2024-07-16 14:47:00,CNR7667452566,Success,CID798992,Auto,Electronic City,Yelahanka,252.0,145.0,Not Applicable,Not Applicable,Yes,Customer Demand,127,UPI,19,3.1,4.4
2024-07-01 00:38:00,CNR1177321439,Success,CID423402,Mini,Magadi Road,Whitefield,238.0,120.0,Not Applicable,Not Applicable,No,Not Applicable,149,Cash,43,4.6,4.4
2024-07-08 09:55:00,CNR8574099979,Canceled by Driver,CID492008,eBike,Nagarbhavi,Peenya,,,Not Applicable,Personal & Car related issue,Not Applicable,Not Applicable,515,Not Applicable,0,,
2024-07-11 19:52:00,CNR6140521688,Success,CID420722,Prime Plus,Bellandur,Indiranagar,273.0,95.0,Not Applicable,Not Applicable,Yes,Vehicle Breakdown,358,Cash,27,4.6,4.9
2024-07-12 22:22:00,CNR4817147550,Canceled by Driver,CID478617,Prime SUV,Kadugodi,Magadi Road,,,Not Applicable,Personal & Car related issue,Not Applicable,Not Applicable,944,Not Applicable,0,,
2024-07-28 11:50:00,CNR7746297117,Canceled by Customer,CID740827,Auto,HSR Layout,Padmanabhanagar,,,Driver is not moving towards pickup location,Not Applicable,Not Applicable,Not Applicable,246,Not Applicable,0,,
2024-07-04 21:27:00,CNR1075797794,Success,CID390411,Prime Plus,Chamarajpet,Peenya,245.0,105.0,Not Applicable,Not Applicable,No,Not Applicable,946,UPI,8,4.3,3.8
2024-07-09 21:58:00,CNR1134328535,Success,CID640051,eBike,Yeshwanthpur,Shivajinagar,266.0,45.0,Not Applicable,Not Applicable,No,Not Applicable,127,Cash,24,3.2,4.0
2024-07-15 21:37:00,CNR9556346763,Canceled by Driver,CID224643,Bike,Ramamurthy Nagar,Mysore Road,,,Not Applicable,Customer related issue,Not Applicable,Not Applicable,241,Not Applicable,0,,
2024-07-02 08:04:00,CNR2499943638,Success,CID510429,Bike,KR Puram,Langford Town,98.0,105.0,Not Applicable,Not Applicable,Yes,Vehicle Breakdown,405,Cash,17,4.0,3.1
2024-07-21 05:28:00,CNR7427855832,Canceled by Customer,CID327532,Prime Plus,Nagarbhavi,Ulsoor,,,AC is Not working,Not Applicable,Not Applicable,Not Applicable,447,Not Applicable,0,,
2024-07-05 13:51:00,CNR8054812639,Success,CID274603,Mini,Yelahanka,Yeshwanthpur,84.0,80.0,Not Applicable,Not Applicable,No,Not Applicable,295,UPI,26,4.6,3.7
2024-07-07 03:44:00,CNR7168215428,Success,CID388375,Mini,Basavanagudi,Peenya,168.0,115.0,Not Applicable,Not Applicable,No,Not Applicable,2068,Cash,12,3.5,4.5
2024-07-29 00:58:00,CNR6427241363,Driver Not Found,CID623433,Prime SUV,Nagarbhavi,Magadi Road,,,Not Applicable,Not Applicable,Not Applicable,Not Applicable,159,Not Applicable,0,,
2024-07-28 22:47:00,CNR7772816086,Success,CID568189,Auto,Kammanahalli,Kammanahalli,189.0,70.0,Not Applicable,Not Applicable,Yes,Vehicle Breakdown,189,Cash,16,3.8,3.8
2024-07-15 04:15:00,CNR6161555675,Success,CID757881,Prime Plus,JP Nagar,Devanahalli,189.0,40.0,Not Applicable,Not Applicable,No,Not Applicable,328,UPI,27,4.5,3.2
2024-07-16 13:04:00,CNR6975822743,Success,CID547751,Prime Sedan,KR Puram,Tumkur Road,287.0,95.0,Not Applicable,Not Applicable,No,Not Applicable,687,UPI,49,4.8,3.2
2024-07-18 02:25:00,CNR1840516350,Driver Not Found,CID928369,Auto,Shantinagar,BTM Layout,,,Not Applicable,Not Applicable,Not Applicable,Not Applicable,221,Not Applicable,0,,
2024-07-10 22:24:00,CNR7974751301,Success,CID353242,Prime SUV,Whitefield,Cox Town,77.0,120.0,Not Applicable,Not Applicable,No,Not Applicable,263,UPI,23,3.1,4.4
2024-07-01 16:00:00,CNR8196689971,Driver Not Found,CID967878,Auto,Sarjapur Road,Yeshwanthpur,,,Not Applicable,Not Applicable,Not Applicable,Not Applicable,898,Not Applicable,0,,
2024-07-22 19:34:00,CNR3983972483,Canceled by Driver,CID923006,Prime Plus,Nagarbhavi,Hosur Road,,,Not Applicable,Customer related issue,Not Applicable,Not Applicable,468,Not Applicable,0,,
2024-07-16 01:43:00,CNR8533883514,Success,CID187429,eBike,Cox Town,Devanahalli,133.0,25.0,Not Applicable,Not Applicable,No,Not Applicable,125,Cash,24,4.8,3.2
2024-07-27 13:58:00,CNR3070429715,Success,CID510059,Mini,MG Road,MG Road,189.0,55.0,Not Applicable,Not Applicable,No,Not Applicable,332,Cash,27,4.5,4.9
2024-07-09 06:20:00,CNR2789451740,Canceled by Driver,CID101896,Prime SUV,Hebbal,Mysore Road,,,Not Applicable,Customer was coughing/sick,Not Applicable,Not Applicable,1531,Not Applicable,0,,
2024-07-14 11:23:00,CNR5040763164,Success,CID437895,Prime Sedan,Shantinagar,Yeshwanthpur,35.0,30.0,Not Applicable,Not Applicable,No,Not Applicable,292,UPI,19,3.3,3.9
2024-07-08 05:35:00,CNR5607176764,Success,CID570596,eBike,Chamarajpet,Rajarajeshwari Nagar,182.0,90.0,Not Applicable,Not Applicable,No,Not Applicable,348,UPI,21,3.3,4.9
2024-07-29 19:38:00,CNR1840481225,Success,CID811022,Mini,Chickpet,JP Nagar,203.0,125.0,Not Applicable,Not Applicable,Yes,Customer Demand,750,Cash,31,3.2,3.3
2024-07-07 02:06:00,CNR9715580644,Success,CID220894,Prime Plus,Bannerghatta Road,RT Nagar,189.0,120.0,Not Applicable,Not Applicable,No,Not Applicable,465,Cash,14,4.7,4.6
2024-07-13 21:53:00,CNR2380057008,Success,CID593460,eBike,Sahakar Nagar,Hosur Road,140.0,60.0,Not Applicable,Not Applicable,No,Not Applicable,205,Cash,16,4.9,3.5
2024-07-28 21:10:00,CNR7757681608,Success,CID482002,Auto,Cox Town,Hennur,161.0,120.0,Not Applicable,Not Applicable,No,Not Applicable,188,Cash,7,4.2,4.3
2024-07-04 02:39:00,CNR2121490027,Success,CID424211,Auto,Ulsoor,Richmond Town,49.0,45.0,Not Applicable,Not Applicable,No,Not Applicable,172,Cash,15,4.5,3.2
2024-07-21 21:56:00,CNR9203546116,Success,CID763843,Prime SUV,Whitefield,Ramamurthy Nagar,63.0,35.0,Not Applicable,Not Applicable,No,Not Applicable,558,UPI,41,4.6,4.7
2024-07-17 20:43:00,CNR2128686183,Success,CID571643,Bike,Ulsoor,Whitefield,105.0,85.0,Not Applicable,Not Applicable,No,Not Applicable,282,Cash,34,4.5,3.5
2024-07-07 06:04:00,CNR3452849176,Success,CID486324,Bike,Yeshwanthpur,KR Puram,70.0,125.0,Not Applicable,Not Applicable,No,Not Applicable,129,UPI,42,3.4,3.7
2024-07-24 07:05:00,CNR5055112505,Success,CID596742,Mini,Shivajinagar,HSR Layout,56.0,40.0,Not Applicable,Not Applicable,No,Not Applicable,760,UPI,48,4.7,4.6
2024-07-23 03:32:00,CNR5534597019,Canceled by Driver,CID608738,Prime SUV,Chickpet,Rajajinagar,,,Not Applicable,Personal & Car related issue,Not Applicable,Not Applicable,156,Not Applicable,0,,
2024-07-10 17:29:00,CNR2263941552,Success,CID476947,Bike,HSR Layout,Varthur,203.0,45.0,Not Applicable,Not Applicable,No,Not Applicable,338,Cash,45,4.0,3.9
2024-07-07 02:10:00,CNR3394056753,Driver Not Found,CID269537,Prime SUV,Magadi Road,Basavanagudi,,,Not Applicable,Not Applicable,Not Applicable,Not Applicable,373,Not Applicable,0,,
2024-07-20 17:09:00,CNR1465023857,Canceled by Driver,CID488854,Bike,Shantinagar,Rajarajeshwari Nagar,,,Not Applicable,Customer related issue,Not Applicable,Not Applicable,837,Not Applicable,0,,
2024-07-24 08:13:00,CNR3635273446,Success,CID208679,Mini,Majestic,Sahakar Nagar,280.0,110.0,Not Applicable,Not Applicable,No,Not Applicable,254,Cash,30,3.2,3.3
2024-07-28 15:09:00,CNR2897450141,Success,CID434467,Prime Plus,Peenya,Banashankari,203.0,105.0,Not Applicable,Not Applicable,No,Not Applicable,257,Cash,36,4.2,4.7
2024-07-29 09:48:00,CNR2079469374,Success,CID702278,Mini,Malleshwaram,Electronic City,84.0,40.0,Not Applicable,Not Applicable,No,Not Applicable,2104,UPI,35,3.3,3.9
2024-07-12 04:52:00,CNR2905132908,Canceled by Driver,CID614915,Bike,Hebbal,Mysore Road,,,Not Applicable,Personal & Car related issue,Not Applicable,Not Applicable,243,Not Applicable,0,,
2024-07-17 10:01:00,CNR5682129316,Success,CID585292,Prime Sedan,Cox Town,Whitefield,252.0,30.0,Not Applicable,Not Applicable,Yes,Vehicle Breakdown,641,Cash,7,3.3,4.2
2024-07-24 07:22:00,CNR7869051813,Success,CID570177,eBike,BTM Layout,Hulimavu,308.0,100.0,Not Applicable,Not Applicable,No,Not Applicable,1608,Cash,7,4.6,4.4
2024-07-13 04:51:00,CNR9229188933,Canceled by Driver,CID547491,Prime SUV,Ramamurthy Nagar,Varthur,,,Not Applicable,Personal & Car related issue,Not Applicable,Not Applicable,107,Not Applicable,0,,
2024-07-23 11:55:00,CNR4798390854,Success,CID649668,Bike,Indiranagar,MG Road,301.0,110.0,Not Applicable,Not Applicable,No,Not Applicable,192,UPI,3,3.2,3.4
2024-07-11 04:13:00,CNR5962836957,Success,CID999200,Prime Plus,Banashankari,Hulimavu,266.0,50.0,Not Applicable,Not Applicable,No,Not Applicable,400,Cash,35,4.3,3.5
2024-07-09 14:30:00,CNR1939245070,Canceled by Driver,CID636039,Auto,Yeshwanthpur,Hennur,,,Not Applicable,More than permitted people in there,Not Applicable,Not Applicable,477,Not Applicable,0,,
2024-07-23 05:36:00,CNR3727439084,Canceled by Driver,CID918320,Auto,Varthur,Banashankari,,,Not Applicable,Personal & Car related issue,Not Applicable,Not Applicable,2638,Not Applicable,0,,
2024-07-04 19:37:00,CNR8409162765,Canceled by Driver,CID145801,eBike,Malleshwaram,Kengeri,,,Not Applicable,Personal & Car related issue,Not Applicable,Not Applicable,707,Not Applicable,0,,
2024-07-06 04:55:00,CNR5833524283,Success,CID205448,Prime SUV,Padmanabhanagar,Vijayanagar,56.0,45.0,Not Applicable,Not Applicable,No,Not Applicable,281,UPI,32,4.3,3.5
2024-07-10 03:29:00,CNR4674000666,Success,CID585347,Mini,Kadugodi,Magadi Road,70.0,110.0,Not Applicable,Not Applicable,No,Not Applicable,593,Credit Card,12,3.1,3.8
2024-07-05 06:19:00,CNR9549198252,Driver Not Found,CID977019,eBike,Hebbal,Langford Town,,,Not Applicable,Not Applicable,Not Applicable,Not Applicable,481,Not Applicable,0,,
2024-07-17 23:45:00,CNR8908566365,Canceled by Driver,CID618344,Prime Plus,Yelahanka,MG Road,,,Not Applicable,Customer was coughing/sick,Not Applicable,Not Applicable,2123,Not Applicable,0,,
2024-07-14 12:59:00,CNR3902585782,Success,CID522250,Mini,Padmanabhanagar,MG Road,56.0,120.0,Not Applicable,Not Applicable,No,Not Applicable,492,UPI,27,4.7,3.2
2024-07-10 12:34:00,CNR9462722410,Success,CID225417,Bike,Rajarajeshwari Nagar,JP Nagar,154.0,140.0,Not Applicable,Not Applicable,No,Not Applicable,399,UPI,49,4.5,4.1
2024-07-05 09:00:00,CNR2987112336,Canceled by Customer,CID557913,Mini,Devanahalli,Yelahanka,,,Driver asked to cancel,Not Applicable,Not Applicable,Not Applicable,884,Not Applicable,0,,
2024-07-09 11:20:00,CNR2394265372,Success,CID172067,Bike,Hebbal,Langford Town,294.0,25.0,Not Applicable,Not Applicable,Yes,Other Issue,215,Cash,14,4.1,4.3
2024-07-28 04:43:00,CNR2408802068,Driver Not Found,CID936930,Prime SUV,Hulimavu,Varthur,,,Not Applicable,Not Applicable,Not Applicable,Not Applicable,464,Not Applicable,0,,
2024-07-02 01:54:00,CNR3820078935,Success,CID651705,Mini,Yelahanka,Tumkur Road,259.0,120.0,Not Applicable,Not Applicable,No,Not Applicable,860,Cash,29,3.2,3.1
2024-07-06 17:53:00,CNR7687917506,Success,CID889183,Prime Sedan,Ulsoor,Sarjapur Road,56.0,130.0,Not Applicable,Not Applicable,No,Not Applicable,924,UPI,22,4.0,3.6
2024-07-24 21:07:00,CNR9242221278,Canceled by Customer,CID699874,Prime SUV,Majestic,Koramangala,,,Driver is not moving towards pickup location,Not Applicable,Not Applicable,Not Applicable,829,Not Applicable,0,,
2024-07-17 18:09:00,CNR3447725989,Driver Not Found,CID913498,eBike,Mysore Road,Hennur,,,Not Applicable,Not Applicable,Not Applicable,Not Applicable,462,Not Applicable,0,,
2024-07-09 11:40:00,CNR2910836369,Success,CID805920,Bike,Rajarajeshwari Nagar,Peenya,105.0,100.0,Not Applicable,Not Applicable,No,Not Applicable,165,UPI,22,4.9,4.3
2024-07-19 09:05:00,CNR8811283330,Canceled by Driver,CID750968,Mini,Bellandur,Cox Town,,,Not Applicable,Customer was coughing/sick,Not Applicable,Not Applicable,162,Not Applicable,0,,
2024-07-04 03:17:00,CNR2241913581,Success,CID893780,Prime SUV,Sarjapur Road,Electronic City,224.0,105.0,Not Applicable,Not Applicable,No,Not Applicable,192,Cash,23,3.4,3.3
2024-07-01 02:27:00,CNR4570012663,Success,CID408320,Prime Sedan,HSR Layout,HSR Layout,119.0,65.0,Not Applicable,Not Applicable,No,Not Applicable,217,Credit Card,24,3.6,3.3
2024-07-01 04:59:00,CNR9718990112,Success,CID264964,Prime Plus,Vijayanagar,Rajarajeshwari Nagar,210.0,140.0,Not Applicable,Not Applicable,No,Not Applicable,419,Cash,22,4.6,3.3
2024-07-03 08:39:00,CNR6198933714,Canceled by Driver,CID554236,Mini,Kadugodi,Devanahalli,,,Not Applicable,Customer was coughing/sick,Not Applicable,Not Applicable,257,Not Applicable,0,,
2024-07-29 21:02:00,CNR2377029028,Canceled by Driver,CID202483,Prime SUV,Malleshwaram,Jayanagar,,,Not Applicable,Customer related issue,Not Applicable,Not Applicable,488,Not Applicable,0,,
2024-07-29 22:38:00,CNR7454925522,Success,CID901751,Prime Sedan,Hulimavu,RT Nagar,259.0,105.0,Not Applicable,Not Applicable,No,Not Applicable,507,Cash,9,4.6,3.5
2024-07-01 08:12:00,CNR2499192154,Canceled by Driver,CID803480,Prime Sedan,Mysore Road,Tumkur Road,,,Not Applicable,Personal & Car related issue,Not Applicable,Not Applicable,313,Not Applicable,0,,
2024-07-17 05:40:00,CNR9541124718,Success,CID238668,eBike,Kengeri,Banashankari,266.0,45.0,Not Applicable,Not Applicable,No,Not Applicable,483,UPI,4,3.9,3.4
2024-07-09 11:14:00,CNR1524221820,Canceled by Driver,CID525563,Auto,Nagarbhavi,Koramangala,,,Not Applicable,Customer related issue,Not Applicable,Not Applicable,498,Not Applicable,0,,
2024-07-13 06:46:00,CNR7965644654,Success,CID785613,Prime Plus,Ulsoor,Bellandur,252.0,35.0,Not Applicable,Not Applicable,No,Not Applicable,301,Cash,2,3.8,4.3
2024-07-21 06:07:00,CNR7859896515,Success,CID211943,Mini,BTM Layout,Marathahalli,133.0,70.0,Not Applicable,Not Applicable,No,Not Applicable,260,UPI,36,4.3,3.3
2024-07-23 12:07:00,CNR4552488192,Success,CID872232,Bike,Chamarajpet,Devanahalli,84.0,85.0,Not Applicable,Not Applicable,No,Not Applicable,121,UPI,17,3.3,4.5
2024-07-01 01:55:00,CNR6218257695,Canceled by Driver,CID939409,Mini,Bannerghatta Road,Jayanagar,,,Not Applicable,Customer related issue,Not Applicable,Not Applicable,466,Not Applicable,0,,
2024-07-13 14:34:00,CNR4312115553,Success,CID888968,Auto,Chamarajpet,Rajajinagar,70.0,50.0,Not Applicable,Not Applicable,No,Not Applicable,321,Cash,9,3.9,4.1
2024-07-24 22:46:00,CNR8585465362,Success,CID566978,Mini,Electronic City,Padmanabhanagar,231.0,25.0,Not Applicable,Not Applicable,No,Not Applicable,447,Cash,45,4.9,4.8
2024-07-13 08:11:00,CNR9579290138,Success,CID759701,eBike,BTM Layout,Kammanahalli,70.0,110.0,Not Applicable,Not Applicable,No,Not Applicable,352,Cash,15,4.5,3.7
2024-07-11 04:03:00,CNR8577256739,Driver Not Found,CID863903,Bike,Yeshwanthpur,Electronic City,,,Not Applicable,Not Applicable,Not Applicable,Not Applicable,233,Not Applicable,0,,
2024-07-09 18:48:00,CNR6681669480,Success,CID270689,Bike,Chickpet,Sarjapur Road,259.0,125.0,Not Applicable,Not Applicable,No,Not Applicable,469,Cash,39,3.4,3.8
2024-07-25 12:49:00,CNR2388005366,Success,CID983047,Mini,Peenya,Nagarbhavi,91.0,75.0,Not Applicable,Not Applicable,No,Not Applicable,135,UPI,37,4.2,3.5
2024-07-12 09:34:00,CNR2153495195,Canceled by Customer,CID306438,Prime Plus,MG Road,Vijayanagar,,,AC is Not working,Not Applicable,Not Applicable,Not Applicable,419,Not Applicable,0,,
2024-07-15 17:50:00,CNR4567823738,Driver Not Found,CID159183,Auto,Shantinagar,Marathahalli,,,Not Applicable,Not Applicable,Not Applicable,Not Applicable,325,Not Applicable,0,,
2024-07-28 14:35:00,CNR1766308706,Success,CID456515,Bike,Rajajinagar,Nagarbhavi,210.0,115.0,Not Applicable,Not Applicable,No,Not Applicable,139,Cash,41,3.8,4.8
2024-07-03 08:27:00,CNR7453508391,Canceled by Driver,CID201477,Prime SUV,JP Nagar,Peenya,,,Not Applicable,Customer related issue,Not Applicable,Not Applicable,135,Not Applicable,0,,
2024-07-17 04:52:00,CNR6378094809,Success,CID113515,Mini,Peenya,KR Puram,63.0,100.0,Not Applicable,Not Applicable,No,Not Applicable,691,Cash,35,4.2,4.2
2024-07-15 15:24:00,CNR3546404522,Driver Not Found,CID721441,Bike,Nagarbhavi,Ramamurthy Nagar,,,Not Applicable,Not Applicable,Not Applicable,Not Applicable,822,Not Applicable,0,,
2024-07-09 05:36:00,CNR3067715342,Success,CID754111,eBike,Magadi Road,Kadugodi,238.0,95.0,Not Applicable,Not Applicable,No,Not Applicable,437,Cash,46,4.2,4.4
2024-07-11 00:17:00,CNR8788979726,Canceled by Customer,CID982604,Prime Sedan,Ulsoor,HSR Layout,,,Driver asked to cancel,Not Applicable,Not Applicable,Not Applicable,113,Not Applicable,0,,
2024-07-24 10:33:00,CNR3963970511,Success,CID614920,eBike,Koramangala,Malleshwaram,259.0,130.0,Not Applicable,Not Applicable,No,Not Applicable,377,UPI,18,3.7,4.1
2024-07-16 22:02:00,CNR2498625037,Success,CID410647,Mini,Magadi Road,Sarjapur Road,231.0,55.0,Not Applicable,Not Applicable,No,Not Applicable,347,Cash,4,4.6,4.0
2024-07-15 09:24:00,CNR5290922847,Success,CID341279,Prime SUV,Frazer Town,HSR Layout,98.0,105.0,Not Applicable,Not Applicable,No,Not Applicable,1640,Cash,20,3.5,3.7
2024-07-22 03:25:00,CNR2227823803,Success,CID420171,Bike,Yelahanka,Ramamurthy Nagar,273.0,130.0,Not Applicable,Not Applicable,No,Not Applicable,422,Cash,37,4.7,3.9
2024-07-02 18:43:00,CNR2020744005,Success,CID606647,Prime SUV,Chamarajpet,Kadugodi,35.0,65.0,Not Applicable,Not Applicable,No,Not Applicable,759,UPI,44,4.6,3.9
2024-07-02 11:24:00,CNR6882433010,Success,CID241920,Prime Sedan,Banashankari,Varthur,154.0,95.0,Not Applicable,Not Applicable,No,Not Applicable,819,Cash,39,4.7,4.6
2024-07-24 09:00:00,CNR2757875218,Success,CID128683,eBike,Kammanahalli,Kadugodi,98.0,85.0,Not Applicable,Not Applicable,No,Not Applicable,418,UPI,25,3.0,4.7
2024-07-25 05:20:00,CNR7879040732,Success,CID589024,Bike,Ramamurthy Nagar,Chamarajpet,126.0,145.0,Not Applicable,Not Applicable,No,Not Applicable,153,UPI,41,3.7,4.9
2024-07-08 07:31:00,CNR1411493107,Success,CID601771,Prime Plus,MG Road,Ulsoor,210.0,110.0,Not Applicable,Not Applicable,No,Not Applicable,444,Cash,36,3.1,3.0
2024-07-23 09:13:00,CNR3902606345,Canceled by Customer,CID994277,Mini,Shivajinagar,Shivajinagar,,,AC is Not working,Not Applicable,Not Applicable,Not Applicable,448,Not Applicable,0,,
2024-07-29 11:57:00,CNR2860616518,Canceled by Driver,CID792495,eBike,Vijayanagar,Sarjapur Road,,,Not Applicable,Personal & Car related issue,Not Applicable,Not Applicable,208,Not Applicable,0,,
2024-07-22 09:31:00,CNR8050701675,Success,CID525139,Prime Sedan,Koramangala,Bannerghatta Road,294.0,140.0,Not Applicable,Not Applicable,No,Not Applicable,652,Cash,24,3.5,3.4
2024-07-27 10:01:00,CNR2492197951,Success,CID161420,Prime SUV,Peenya,Chamarajpet,273.0,70.0,Not Applicable,Not Applicable,No,Not Applicable,1549,UPI,4,5.0,3.1
2024-07-26 17:44:00,CNR7849448236,Driver Not Found,CID734098,Bike,Langford Town,Devanahalli,,,Not Applicable,Not Applicable,Not Applicable,Not Applicable,400,Not Applicable,0,,
2024-07-15 13:34:00,CNR7062163819,Canceled by Driver,CID460898,Prime Sedan,Shantinagar,Kadugodi,,,Not Applicable,Customer related issue,Not Applicable,Not Applicable,608,Not Applicable,0,,
2024-07-01 03:24:00,CNR2228221077,Canceled by Driver,CID889638,Prime SUV,Ramamurthy Nagar,Tumkur Road,,,Not Applicable,Personal & Car related issue,Not Applicable,Not Applicable,161,Not Applicable,0,,
2024-07-28 17:10:00,CNR9540192435,Success,CID963695,Prime Plus,JP Nagar,Ulsoor,63.0,95.0,Not Applicable,Not Applicable,No,Not Applicable,253,UPI,35,4.2,4.5
2024-07-29 03:18:00,CNR7256981685,Success,CID482779,Mini,Shivajinagar,Shantinagar,168.0,110.0,Not Applicable,Not Applicable,No,Not Applicable,313,Credit Card,39,3.1,3.6
2024-07-08 08:55:00,CNR6479720192,Success,CID808804,Prime SUV,KR Puram,Hosur Road,266.0,45.0,Not Applicable,Not Applicable,No,Not Applicable,635,Cash,31,4.9,3.1
2024-07-03 13:57:00,CNR9420207854,Driver Not Found,CID354657,Prime Plus,Mysore Road,Whitefield,,,Not Applicable,Not Applicable,Not Applicable,Not Applicable,907,Not Applicable,0,,
2024-07-02 23:50:00,CNR7678721048,Canceled by Customer,CID297704,Mini,Frazer Town,Peenya,,,Driver is not moving towards pickup location,Not Applicable,Not Applicable,Not Applicable,2676,Not Applicable,0,,
2024-07-02 06:18:00,CNR1006843284,Success,CID613563,Prime Plus,Cox Town,Langford Town,294.0,105.0,Not Applicable,Not Applicable,No,Not Applicable,323,Cash,33,4.6,4.9
2024-07-24 17:13:00,CNR4958639835,Success,CID654422,Mini,BTM Layout,KR Puram,161.0,110.0,Not Applicable,Not Applicable,No,Not Applicable,126,UPI,46,4.6,3.0
2024-07-24 19:47:00,CNR3572810066,Success,CID588051,Prime SUV,Hebbal,Yeshwanthpur,35.0,75.0,Not Applicable,Not Applicable,No,Not Applicable,788,Cash,23,4.8,3.1
2024-07-25 12:33:00,CNR6248656473,Success,CID284077,eBike,Nagarbhavi,Cox Town,84.0,120.0,Not Applicable,Not Applicable,No,Not Applicable,821,UPI,20,3.1,4.2
2024-07-18 06:10:00,CNR8170805444,Driver Not Found,CID468555,eBike,Whitefield,RT Nagar,,,Not Applicable,Not Applicable,Not Applicable,Not Applicable,1771,Not Applicable,0,,
2024-07-27 04:18:00,CNR2909880768,Canceled by Customer,CID760629,Bike,Richmond Town,Hosur Road,,,Change of plans,Not Applicable,Not Applicable,Not Applicable,907,Not Applicable,0,,
2024-07-20 01:57:00,CNR4923020210,Success,CID744505,Prime Plus,Chickpet,Bannerghatta Road,154.0,145.0,Not Applicable,Not Applicable,No,Not Applicable,205,Cash,6,3.0,3.4
2024-07-20 02:19:00,CNR4242921437,Success,CID915878,Bike,Ulsoor,MG Road,42.0,140.0,Not Applicable,Not Applicable,No,Not Applicable,158,Cash,5,4.1,4.9
2024-07-13 13:59:00,CNR8403888066,Success,CID275121,Prime Sedan,Shantinagar,Devanahalli,273.0,115.0,Not Applicable,Not Applicable,No,Not Applicable,148,Cash,1,4.2,4.1
2024-07-25 15:20:00,CNR4007059907,Driver Not Found,CID662825,eBike,Sarjapur Road,Koramangala,,,Not Applicable,Not Applicable,Not Applicable,Not Applicable,515,Not Applicable,0,,
2024-07-01 21:48:00,CNR2826994786,Success,CID890333,Mini,Majestic,Ramamurthy Nagar,301.0,130.0,Not Applicable,Not Applicable,No,Not Applicable,498,UPI,46,3.8,3.5
2024-07-16 03:06:00,CNR6907596362,Success,CID586534,Auto,Yelahanka,Tumkur Road,70.0,80.0,Not Applicable,Not Applicable,No,Not Applicable,325,UPI,4,3.2,3.5
2024-07-13 01:36:00,CNR2618336398,Canceled by Customer,CID805910,Prime SUV,Basavanagudi,Whitefield,,,Driver asked to cancel,Not Applicable,Not Applicable,Not Applicable,466,Not Applicable,0,,
2024-07-23 23:06:00,CNR9570384660,Success,CID328098,Bike,Padmanabhanagar,Hennur,168.0,55.0,Not Applicable,Not Applicable,No,Not Applicable,270,Cash,28,4.2,3.6
2024-07-22 14:37:00,CNR2317327875,Driver Not Found,CID785199,Bike,Ramamurthy Nagar,Frazer Town,,,Not Applicable,Not Applicable,Not Applicable,Not Applicable,361,Not Applicable,0,,
2024-07-12 00:10:00,CNR7658632444,Canceled by Driver,CID133776,Bike,Kammanahalli,Peenya,,,Not Applicable,Personal & Car related issue,Not Applicable,Not Applicable,447,Not Applicable,0,,
2024-07-17 17:50:00,CNR4016744883,Canceled by Driver,CID495840,Prime Sedan,Bannerghatta Road,Mysore Road,,,Not Applicable,Personal & Car related issue,Not Applicable,Not Applicable,392,Not Applicable,0,,
2024-07-27 23:58:00,CNR1856490007,Success,CID552229,Auto,Koramangala,Electronic City,154.0,35.0,Not Applicable,Not Applicable,No,Not Applicable,335,UPI,16,4.6,4.1
2024-07-22 04:01:00,CNR3198845471,Success,CID246741,Prime SUV,Banashankari,Electronic City,266.0,145.0,Not Applicable,Not Applicable,No,Not Applicable,394,Cash,2,4.9,4.9
2024-07-27 09:54:00,CNR9075468876,Success,CID799281,Prime SUV,Ulsoor,MG Road,175.0,90.0,Not Applicable,Not Applicable,No,Not Applicable,992,UPI,49,4.6,4.8
2024-07-28 22:57:00,CNR6791756338,Success,CID381053,Prime Plus,Rajarajeshwari Nagar,MG Road,77.0,60.0,Not Applicable,Not Applicable,No,Not Applicable,438,Cash,14,3.2,4.6
2024-07-11 06:06:00,CNR1940343469,Canceled by Driver,CID243676,Prime Sedan,Vijayanagar,Yelahanka,,,Not Applicable,More than permitted people in there,Not Applicable,Not Applicable,217,Not Applicable,0,,
2024-07-25 18:47:00,CNR8181410513,Canceled by Customer,CID188849,Mini,Indiranagar,Basavanagudi,,,AC is Not working,Not Applicable,Not Applicable,Not Applicable,121,Not Applicable,0,,
2024-07-14 11:12:00,CNR2865914531,Success,CID419628,Prime Sedan,RT Nagar,Magadi Road,126.0,60.0,Not Applicable,Not Applicable,No,Not Applicable,769,Cash,46,3.1,4.7
2024-07-25 16:35:00,CNR5902708721,Driver Not Found,CID629068,eBike,Cox Town,Hosur Road,,,Not Applicable,Not Applicable,Not Applicable,Not Applicable,196,Not Applicable,0,,
2024-07-05 20:00:00,CNR8510570315,Success,CID769356,Prime Sedan,Koramangala,Sahakar Nagar,189.0,40.0,Not Applicable,Not Applicable,No,Not Applicable,430,UPI,15,3.0,4.3
2024-07-01 01:53:00,CNR6663411376,Canceled by Driver,CID456184,Auto,BTM Layout,Yeshwanthpur,,,Not Applicable,Personal & Car related issue,Not Applicable,Not Applicable,571,Not Applicable,0,,
2024-07-24 14:41:00,CNR1442818162,Success,CID920609,eBike,JP Nagar,Nagarbhavi,126.0,110.0,Not Applicable,Not Applicable,No,Not Applicable,137,Cash,17,4.2,3.9
2024-07-28 22:14:00,CNR5111856352,Success,CID570697,Auto,Padmanabhanagar,Magadi Road,252.0,100.0,Not Applicable,Not Applicable,No,Not Applicable,128,Cash,19,3.5,4.0
2024-07-12 07:49:00,CNR3655455531,Driver Not Found,CID952307,Prime Sedan,MG Road,Hennur,,,Not Applicable,Not Applicable,Not Applicable,Not Applicable,372,Not Applicable,0,,
2024-07-02 21:01:00,CNR4031458204,Success,CID275737,Prime SUV,Hebbal,Mysore Road,105.0,80.0,Not Applicable,Not Applicable,No,Not Applicable,196,UPI,47,4.8,3.3
2024-07-30 11:03:00,CNR7967114951,Success,CID221818,Mini,Varthur,Devanahalli,98.0,50.0,Not Applicable,Not Applicable,No,Not Applicable,461,UPI,17,3.1,4.7
2024-07-12 04:15:00,CNR7011707121,Success,CID751988,Prime Sedan,Hennur,Mysore Road,231.0,130.0,Not Applicable,Not Applicable,No,Not Applicable,642,Cash,49,3.6,3.3
2024-07-30 19:45:00,CNR2190793616,Success,CID189437,Prime Plus,Ramamurthy Nagar,Kammanahalli,294.0,140.0,Not Applicable,Not Applicable,No,Not Applicable,1310,UPI,8,3.5,3.9
2024-07-01 20:19:00,CNR2889572988,Success,CID414793,Prime Sedan,Hebbal,Magadi Road,280.0,65.0,Not Applicable,Not Applicable,No,Not Applicable,157,Cash,45,4.7,3.4
2024-07-14 15:12:00,CNR7648536907,Success,CID383213,eBike,Hosur Road,Richmond Town,70.0,125.0,Not Applicable,Not Applicable,No,Not Applicable,373,Cash,4,4.5,4.5
2024-07-21 02:58:00,CNR2667355998,Success,CID575417,Mini,Magadi Road,Kengeri,42.0,55.0,Not Applicable,Not Applicable,No,Not Applicable,288,Cash,29,3.5,4.6
2024-07-27 13:15:00,CNR9864910306,Success,CID845620,Auto,Varthur,Vijayanagar,175.0,50.0,Not Applicable,Not Applicable,No,Not Applicable,906,Cash,15,4.0,3.3
2024-07-07 11:39:00,CNR7354736933,Canceled by Customer,CID769262,Bike,Yeshwanthpur,Shivajinagar,,,Driver asked to cancel,Not Applicable,Not Applicable,Not Applicable,158,Not Applicable,0,,
2024-07-13 02:27:00,CNR9215062579,Driver Not Found,CID590408,Prime Sedan,Shantinagar,Frazer Town,,,Not Applicable,Not Applicable,Not Applicable,Not Applicable,634,Not Applicable,0,,
2024-07-18 11:35:00,CNR5174750197,Canceled by Customer,CID800221,Mini,RT Nagar,HSR Layout,,,Driver is not moving towards pickup location,Not Applicable,Not Applicable,Not Applicable,288,Not Applicable,0,,
2024-07-20 21:05:00,CNR9772008352,Canceled by Driver,CID766822,Auto,Hosur Road,Kadugodi,,,Not Applicable,Personal & Car related issue,Not Applicable,Not Applicable,2727,Not Applicable,0,,
2024-07-05 15:51:00,CNR5182899222,Success,CID513495,eBike,Bannerghatta Road,Langford Town,203.0,140.0,Not Applicable,Not Applicable,No,Not Applicable,323,Cash,27,4.4,4.6
2024-07-25 19:18:00,CNR6433589474,Driver Not Found,CID923395,Prime Sedan,Shantinagar,Padmanabhanagar,,,Not Applicable,Not Applicable,Not Applicable,Not Applicable,101,Not Applicable,0,,
2024-07-26 03:44:00,CNR4151455664,Driver Not Found,CID726856,Bike,Magadi Road,Magadi Road,,,Not Applicable,Not Applicable,Not Applicable,Not Applicable,754,Not Applicable,0,,
2024-07-05 21:41:00,CNR7032713091,Success,CID278607,Prime Plus,Ramamurthy Nagar,Shantinagar,210.0,30.0,Not Applicable,Not Applicable,No,Not Applicable,1900,UPI,47,3.7,4.0
2024-07-30 12:16:00,CNR4120265730,Success,CID135756,Prime Sedan,HSR Layout,Varthur,203.0,135.0,Not Applicable,Not Applicable,No,Not Applicable,197,UPI,40,4.0,4.8
2024-07-27 01:57:00,CNR6102912193,Canceled by Driver,CID581626,eBike,Magadi Road,Frazer Town,,,Not Applicable,Customer related issue,Not Applicable,Not Applicable,470,Not Applicable,0,,
2024-07-28 00:43:00,CNR9863943826,Success,CID504069,Prime SUV,Sarjapur Road,Padmanabhanagar,224.0,140.0,Not Applicable,Not Applicable,No,Not Applicable,401,Debit Card,45,4.7,3.4
2024-07-06 17:04:00,CNR8175992722,Success,CID922074,eBike,Peenya,HSR Layout,105.0,140.0,Not Applicable,Not Applicable,No,Not Applicable,365,UPI,8,3.6,3.5
2024-07-14 19:05:00,CNR9188405795,Success,CID114772,Bike,Banashankari,Chamarajpet,140.0,55.0,Not Applicable,Not Applicable,No,Not Applicable,280,Debit Card,14,3.2,4.2
2024-07-12 16:10:00,CNR6179637213,Canceled by Driver,CID330558,Prime Sedan,Yelahanka,HSR Layout,,,Not Applicable,More than permitted people in there,Not Applicable,Not Applicable,299,Not Applicable,0,,
2024-07-16 08:25:00,CNR8669509194,Canceled by Driver,CID940683,Prime SUV,Chickpet,BTM Layout,,,Not Applicable,Customer related issue,Not Applicable,Not Applicable,570,Not Applicable,0,,
2024-07-04 23:03:00,CNR4474907268,Canceled by Driver,CID971256,Auto,Hulimavu,Varthur,,,Not Applicable,Personal & Car related issue,Not Applicable,Not Applicable,456,Not Applicable,0,,
2024-07-15 20:06:00,CNR5817026831,Canceled by Driver,CID497115,Prime Sedan,Frazer Town,Richmond Town,,,Not Applicable,Personal & Car related issue,Not Applicable,Not Applicable,355,Not Applicable,0,,
2024-07-15 14:27:00,CNR4563012578,Success,CID991661,Prime Plus,Jayanagar,Sahakar Nagar,168.0,60.0,Not Applicable,Not Applicable,No,Not Applicable,446,Cash,6,4.4,4.1
2024-07-23 17:51:00,CNR8441586835,Canceled by Driver,CID739211,Prime Sedan,Kadugodi,Ramamurthy Nagar,,,Not Applicable,Customer was coughing/sick,Not Applicable,Not Applicable,346,Not Applicable,0,,
2024-07-13 09:00:00,CNR6228881853,Success,CID618432,Prime Sedan,Nagarbhavi,Kengeri,63.0,45.0,Not Applicable,Not Applicable,No,Not Applicable,119,UPI,26,3.9,3.5
2024-07-08 19:22:00,CNR1388215977,Success,CID232326,Mini,Basavanagudi,HSR Layout,84.0,105.0,Not Applicable,Not Applicable,No,Not Applicable,416,UPI,30,3.1,5.0
2024-07-03 20:10:00,CNR4774657811,Success,CID434455,Prime SUV,Richmond Town,Frazer Town,259.0,95.0,Not Applicable,Not Applicable,No,Not Applicable,230,Cash,6,4.2,3.7
2024-07-18 19:13:00,CNR4421853711,Success,CID406796,eBike,Sahakar Nagar,Devanahalli,112.0,135.0,Not Applicable,Not Applicable,No,Not Applicable,580,Cash,37,3.4,3.0
2024-07-11 23:33:00,CNR2252645181,Success,CID178126,Auto,Shantinagar,Devanahalli,105.0,130.0,Not Applicable,Not Applicable,No,Not Applicable,441,UPI,15,3.1,4.2
2024-07-26 04:47:00,CNR2719168617,Success,CID983481,Mini,Tumkur Road,Mysore Road,259.0,55.0,Not Applicable,Not Applicable,No,Not Applicable,618,UPI,38,3.8,4.5
2024-07-03 16:18:00,CNR4481021645,Success,CID950778,Bike,Malleshwaram,Padmanabhanagar,217.0,75.0,Not Applicable,Not Applicable,Yes,Other Issue,382,UPI,15,4.0,3.2
2024-07-15 00:34:00,CNR6281022699,Success,CID827805,Prime Sedan,Vijayanagar,Nagarbhavi,140.0,125.0,Not Applicable,Not Applicable,No,Not Applicable,303,UPI,31,4.6,4.4
2024-07-04 05:23:00,CNR9923052013,Canceled by Customer,CID502717,Mini,Nagarbhavi,Shantinagar,,,Change of plans,Not Applicable,Not Applicable,Not Applicable,299,Not Applicable,0,,
2024-07-05 11:50:00,CNR3361485335,Success,CID629629,eBike,Padmanabhanagar,Kengeri,259.0,70.0,Not Applicable,Not Applicable,No,Not Applicable,724,UPI,2,3.3,4.1
2024-07-07 01:45:00,CNR6614936526,Canceled by Driver,CID151410,Bike,Tumkur Road,Bannerghatta Road,,,Not Applicable,Customer was coughing/sick,Not Applicable,Not Applicable,619,Not Applicable,0,,
2024-07-27 14:16:00,CNR5677923117,Driver Not Found,CID131081,Prime SUV,Ulsoor,Jayanagar,,,Not Applicable,Not Applicable,Not Applicable,Not Applicable,492,Not Applicable,0,,
2024-07-26 21:37:00,CNR2321291257,Success,CID308458,Prime Plus,Hulimavu,Ulsoor,301.0,35.0,Not Applicable,Not Applicable,No,Not Applicable,204,Cash,31,4.6,4.0
2024-07-27 23:10:00,CNR3620406422,Canceled by Driver,CID402505,Prime Sedan,JP Nagar,Ramamurthy Nagar,,,Not Applicable,Customer related issue,Not Applicable,Not Applicable,121,Not Applicable,0,,
2024-07-10 20:04:00,CNR2134000844,Canceled by Customer,CID567305,Prime Sedan,Rajarajeshwari Nagar,Rajajinagar,,,AC is Not working,Not Applicable,Not Applicable,Not Applicable,411,Not Applicable,0,,
2024-07-22 10:23:00,CNR7889206747,Canceled by Driver,CID972099,Prime Plus,Whitefield,Richmond Town,,,Not Applicable,Customer was coughing/sick,Not Applicable,Not Applicable,1513,Not Applicable,0,,
2024-07-28 14:41:00,CNR7262810548,Driver Not Found,CID828877,Auto,BTM Layout,Padmanabhanagar,,,Not Applicable,Not Applicable,Not Applicable,Not Applicable,278,Not Applicable,0,,
2024-07-10 09:49:00,CNR4972090567,Driver Not Found,CID655403,Prime Sedan,Cox Town,Marathahalli,,,Not Applicable,Not Applicable,Not Applicable,Not Applicable,477,Not Applicable,0,,
2024-07-18 10:05:00,CNR4710997692,Success,CID668421,Prime Sedan,Shivajinagar,Banashankari,294.0,100.0,Not Applicable,Not Applicable,Yes,Customer Demand,168,Cash,46,3.3,3.9
2024-07-16 19:08:00,CNR2002823212,Success,CID661622,eBike,Sarjapur Road,Rajajinagar,252.0,45.0,Not Applicable,Not Applicable,No,Not Applicable,223,UPI,6,4.9,4.8
2024-07-26 03:55:00,CNR9043265819,Success,CID519792,Bike,Marathahalli,BTM Layout,161.0,105.0,Not Applicable,Not Applicable,No,Not Applicable,451,Cash,45,4.3,4.4
2024-07-13 04:06:00,CNR2123568037,Success,CID422699,Prime Sedan,Chickpet,RT Nagar,35.0,90.0,Not Applicable,Not Applicable,No,Not Applicable,847,UPI,18,4.6,4.6
2024-07-19 01:40:00,CNR9938148965,Success,CID372670,Prime Plus,Richmond Town,JP Nagar,133.0,120.0,Not Applicable,Not Applicable,No,Not Applicable,419,Cash,22,4.6,3.6
2024-07-26 10:55:00,CNR6722307745,Canceled by Driver,CID650709,Prime SUV,Ramamurthy Nagar,Indiranagar,,,Not Applicable,Personal & Car related issue,Not Applicable,Not Applicable,307,Not Applicable,0,,
2024-07-20 07:42:00,CNR6089259030,Success,CID494192,Mini,BTM Layout,Indiranagar,203.0,60.0,Not Applicable,Not Applicable,No,Not Applicable,276,UPI,40,4.6,3.9
2024-07-11 07:19:00,CNR5445173409,Canceled by Driver,CID360537,Auto,Majestic,Basavanagudi,,,Not Applicable,Personal & Car related issue,Not Applicable,Not Applicable,939,Not Applicable,0,,
2024-07-15 02:16:00,CNR6303730996,Success,CID182165,eBike,Langford Town,Rajajinagar,245.0,120.0,Not Applicable,Not Applicable,No,Not Applicable,336,Cash,17,4.0,3.7
2024-07-26 20:51:00,CNR7884571901,Canceled by Driver,CID322611,Prime Plus,Mysore Road,Bellandur,,,Not Applicable,Personal & Car related issue,Not Applicable,Not Applicable,421,Not Applicable,0,,
2024-07-28 22:23:00,CNR9134585173,Canceled by Driver,CID925870,Mini,BTM Layout,Indiranagar,,,Not Applicable,Personal & Car related issue,Not Applicable,Not Applicable,187,Not Applicable,0,,
2024-07-24 13:53:00,CNR7060468230,Success,CID669586,Prime SUV,Marathahalli,Banashankari,147.0,50.0,Not Applicable,Not Applicable,No,Not Applicable,436,Cash,4,4.0,4.4
2024-07-14 05:51:00,CNR1890258192,Success,CID575083,Prime Plus,Kadugodi,Magadi Road,231.0,40.0,Not Applicable,Not Applicable,No,Not Applicable,207,UPI,37,3.2,3.6
2024-07-08 08:12:00,CNR7180516831,Success,CID763369,Prime SUV,Mysore Road,Frazer Town,147.0,45.0,Not Applicable,Not Applicable,No,Not Applicable,239,Cash,46,4.7,3.8
2024-07-11 23:18:00,CNR8598400686,Canceled by Driver,CID660944,Prime Plus,Nagarbhavi,Rajarajeshwari Nagar,,,Not Applicable,Customer related issue,Not Applicable,Not Applicable,380,Not Applicable,0,,
2024-07-23 11:41:00,CNR5611786765,Success,CID481428,Prime SUV,Malleshwaram,Electronic City,266.0,70.0,Not Applicable,Not Applicable,No,Not Applicable,386,Cash,25,3.9,4.3
2024-07-11 04:06:00,CNR6816526054,Success,CID917106,Bike,Chamarajpet,Shivajinagar,161.0,120.0,Not Applicable,Not Applicable,No,Not Applicable,2600,Cash,16,3.1,4.0
2024-07-28 00:56:00,CNR5034286025,Canceled by Driver,CID593996,eBike,Electronic City,Frazer Town,,,Not Applicable,Customer related issue,Not Applicable,Not Applicable,529,Not Applicable,0,,
2024-07-21 04:40:00,CNR3571616155,Canceled by Customer,CID587678,eBike,Vijayanagar,Ulsoor,,,Wrong Address,Not Applicable,Not Applicable,Not Applicable,496,Not Applicable,0,,
2024-07-18 03:55:00,CNR6274079486,Canceled by Driver,CID210712,Prime Plus,Hebbal,Sarjapur Road,,,Not Applicable,Customer was coughing/sick,Not Applicable,Not Applicable,366,Not Applicable,0,,
2024-07-24 06:47:00,CNR1370243476,Driver Not Found,CID251807,Prime Sedan,Basavanagudi,Hebbal,,,Not Applicable,Not Applicable,Not Applicable,Not Applicable,116,Not Applicable,0,,
2024-07-02 04:22:00,CNR1284827196,Canceled by Customer,CID256150,Bike,Kadugodi,Varthur,,,Change of plans,Not Applicable,Not Applicable,Not Applicable,794,Not Applicable,0,,
2024-07-08 10:15:00,CNR8311184824,Success,CID887295,Prime Sedan,Rajarajeshwari Nagar,Malleshwaram,168.0,105.0,Not Applicable,Not Applicable,No,Not Applicable,499,UPI,25,4.4,4.6
2024-07-27 07:33:00,CNR8802515787,Success,CID867650,Mini,Hosur Road,Indiranagar,168.0,35.0,Not Applicable,Not Applicable,No,Not Applicable,289,Cash,4,3.5,3.4
2024-07-20 09:08:00,CNR6180821948,Success,CID998887,Prime SUV,Koramangala,Kadugodi,140.0,100.0,Not Applicable,Not Applicable,No,Not Applicable,1797,UPI,13,5.0,4.3
2024-07-09 14:42:00,CNR4061494896,Success,CID325960,Prime Plus,Electronic City,Chickpet,231.0,65.0,Not Applicable,Not Applicable,Yes,Customer Demand,433,UPI,33,4.8,4.0
2024-07-23 01:32:00,CNR8821951247,Success,CID697468,Auto,KR Puram,JP Nagar,49.0,55.0,Not Applicable,Not Applicable,No,Not Applicable,148,UPI,3,4.3,4.9
2024-07-11 22:40:00,CNR7052294366,Success,CID927721,Bike,Ulsoor,BTM Layout,84.0,100.0,Not Applicable,Not Applicable,No,Not Applicable,309,Cash,11,4.1,3.3
2024-07-11 23:35:00,CNR6853249373,Success,CID132822,Bike,JP Nagar,Peenya,168.0,135.0,Not Applicable,Not Applicable,No,Not Applicable,189,UPI,48,4.2,3.7
2024-07-24 12:59:00,CNR4661783182,Canceled by Driver,CID229334,Prime Plus,RT Nagar,Hulimavu,,,Not Applicable,Personal & Car related issue,Not Applicable,Not Applicable,996,Not Applicable,0,,
2024-07-27 22:29:00,CNR8210591544,Success,CID516203,Bike,Devanahalli,Yelahanka,259.0,70.0,Not Applicable,Not Applicable,No,Not Applicable,1615,UPI,43,4.3,3.3
2024-07-10 13:19:00,CNR7929582546,Success,CID659407,Prime Plus,Hulimavu,Bannerghatta Road,196.0,105.0,Not Applicable,Not Applicable,No,Not Applicable,1794,Cash,29,3.3,4.3
2024-07-25 18:57:00,CNR1804601403,Success,CID556641,Auto,Electronic City,Vijayanagar,56.0,145.0,Not Applicable,Not Applicable,Yes,Other Issue,257,Cash,9,3.7,4.0
2024-07-14 13:08:00,CNR4531211056,Success,CID525659,Auto,Sahakar Nagar,Richmond Town,280.0,145.0,Not Applicable,Not Applicable,No,Not Applicable,463,Cash,9,4.4,4.5
2024-07-25 03:31:00,CNR1533723482,Success,CID420243,Mini,Electronic City,Peenya,217.0,80.0,Not Applicable,Not Applicable,No,Not Applicable,316,UPI,15,4.2,4.8
2024-07-02 22:04:00,CNR2360510164,Canceled by Driver,CID532718,Bike,Majestic,Chickpet,,,Not Applicable,Customer was coughing/sick,Not Applicable,Not Applicable,128,Not Applicable,0,,
2024-07-05 17:53:00,CNR6830324221,Success,CID993816,Prime Sedan,Shivajinagar,Kammanahalli,112.0,125.0,Not Applicable,Not Applicable,No,Not Applicable,981,Cash,9,4.5,4.7
2024-07-27 18:32:00,CNR2402648882,Success,CID261024,Mini,Ramamurthy Nagar,Marathahalli,245.0,35.0,Not Applicable,Not Applicable,No,Not Applicable,108,UPI,26,4.7,3.6
2024-07-13 06:22:00,CNR9282565235,Success,CID959363,Auto,Hennur,Hosur Road,56.0,70.0,Not Applicable,Not Applicable,No,Not Applicable,161,Credit Card,7,4.0,3.3
2024-07-22 14:05:00,CNR4264648445,Canceled by Customer,CID290000,Bike,Shantinagar,Marathahalli,,,Driver is not moving towards pickup location,Not Applicable,Not Applicable,Not Applicable,907,Not Applicable,0,,
2024-07-13 05:23:00,CNR9935883083,Success,CID367927,Prime Sedan,Banashankari,Indiranagar,168.0,50.0,Not Applicable,Not Applicable,No,Not Applicable,509,Cash,14,4.3,4.0
2024-07-13 06:52:00,CNR8356188211,Success,CID604951,Bike,Nagarbhavi,Richmond Town,63.0,90.0,Not Applicable,Not Applicable,No,Not Applicable,390,Cash,8,4.2,4.7
2024-07-13 01:30:00,CNR3824556934,Success,CID305143,Prime Sedan,Ulsoor,Peenya,238.0,75.0,Not Applicable,Not Applicable,No,Not Applicable,143,UPI,25,3.3,3.1
2024-07-15 00:40:00,CNR9918644599,Success,CID471356,Bike,Chickpet,Yelahanka,77.0,70.0,Not Applicable,Not Applicable,No,Not Applicable,684,Cash,29,3.5,4.5
2024-07-26 04:01:00,CNR2924097612,Success,CID888654,Prime SUV,Hulimavu,Nagarbhavi,56.0,95.0,Not Applicable,Not Applicable,Yes,Customer Demand,973,UPI,42,4.4,3.1
2024-07-20 23:41:00,CNR6607435289,Success,CID164413,Mini,Richmond Town,Varthur,273.0,60.0,Not Applicable,Not Applicable,No,Not Applicable,401,UPI,13,4.8,3.8
2024-07-17 12:31:00,CNR5686999857,Success,CID398368,Prime Sedan,Devanahalli,Richmond Town,245.0,80.0,Not Applicable,Not Applicable,No,Not Applicable,385,UPI,35,4.8,4.7
2024-07-05 09:05:00,CNR9616153106,Success,CID230458,Prime Plus,Magadi Road,Ramamurthy Nagar,63.0,140.0,Not Applicable,Not Applicable,No,Not Applicable,767,UPI,45,3.9,3.6
2024-07-05 13:45:00,CNR3383741458,Success,CID269486,Mini,Ulsoor,Frazer Town,273.0,35.0,Not Applicable,Not Applicable,No,Not Applicable,766,Cash,46,5.0,4.3
2024-07-13 22:33:00,CNR6688900290,Success,CID550294,Auto,Jayanagar,Magadi Road,301.0,105.0,Not Applicable,Not Applicable,No,Not Applicable,339,Cash,6,4.9,3.7
2024-07-30 21:12:00,CNR3044199470,Canceled by Customer,CID844209,Bike,Jayanagar,RT Nagar,,,Driver asked to cancel,Not Applicable,Not Applicable,Not Applicable,272,Not Applicable,0,,
2024-07-19 10:41:00,CNR6815110912,Success,CID849162,Mini,Banashankari,Marathahalli,175.0,35.0,Not Applicable,Not Applicable,No,Not Applicable,139,UPI,49,3.2,3.7
2024-07-03 00:49:00,CNR9283796487,Success,CID833385,Auto,Varthur,Bellandur,98.0,125.0,Not Applicable,Not Applicable,No,Not Applicable,984,Cash,14,4.0,4.1
2024-07-30 23:41:00,CNR1759421919,Success,CID617928,eBike,Sahakar Nagar,Magadi Road,77.0,35.0,Not Applicable,Not Applicable,No,Not Applicable,194,UPI,28,4.4,3.9
2024-07-07 22:28:00,CNR2884830867,Canceled by Driver,CID274396,Prime Plus,Marathahalli,Bannerghatta Road,,,Not Applicable,Personal & Car related issue,Not Applicable,Not Applicable,348,Not Applicable,0,,
2024-07-25 02:27:00,CNR4812660805,Success,CID432627,Bike,Malleshwaram,Kadugodi,56.0,145.0,Not Applicable,Not Applicable,No,Not Applicable,175,UPI,15,3.7,4.6
2024-07-01 16:32:00,CNR7238633290,Success,CID652566,eBike,Frazer Town,KR Puram,133.0,135.0,Not Applicable,Not Applicable,No,Not Applicable,153,Cash,5,4.9,4.9
2024-07-19 09:44:00,CNR4034824891,Success,CID891806,Bike,Richmond Town,Basavanagudi,210.0,65.0,Not Applicable,Not Applicable,No,Not Applicable,217,UPI,47,3.1,3.9
2024-07-13 19:37:00,CNR3351767464,Canceled by Driver,CID620149,Bike,Jayanagar,Hosur Road,,,Not Applicable,Customer related issue,Not Applicable,Not Applicable,478,Not Applicable,0,,
2024-07-18 12:11:00,CNR1655276350,Driver Not Found,CID860928,Prime Sedan,Chickpet,MG Road,,,Not Applicable,Not Applicable,Not Applicable,Not Applicable,269,Not Applicable,0,,
2024-07-22 10:24:00,CNR5886613429,Success,CID285920,Bike,JP Nagar,Kengeri,308.0,85.0,Not Applicable,Not Applicable,No,Not Applicable,120,Cash,30,3.6,4.4
2024-07-22 21:40:00,CNR2361211150,Success,CID682678,Bike,Shivajinagar,KR Puram,140.0,40.0,Not Applicable,Not Applicable,No,Not Applicable,805,UPI,40,4.0,4.4
2024-07-23 06:43:00,CNR4227879550,Canceled by Driver,CID161290,eBike,Chickpet,Kengeri,,,Not Applicable,Customer related issue,Not Applicable,Not Applicable,347,Not Applicable,0,,
2024-07-07 05:14:00,CNR8960519458,Driver Not Found,CID432715,Prime SUV,Indiranagar,Cox Town,,,Not Applicable,Not Applicable,Not Applicable,Not Applicable,299,Not Applicable,0,,
2024-07-22 10:02:00,CNR5710154777,Success,CID387926,Bike,Chamarajpet,Frazer Town,105.0,30.0,Not Applicable,Not Applicable,No,Not Applicable,878,Credit Card,38,3.9,4.9
2024-07-20 07:05:00,CNR3046765287,Canceled by Driver,CID862580,eBike,Ulsoor,Banashankari,,,Not Applicable,Customer was coughing/sick,Not Applicable,Not Applicable,197,Not Applicable,0,,
2024-07-04 06:58:00,CNR3975796053,Success,CID232100,Prime Plus,Sahakar Nagar,JP Nagar,91.0,110.0,Not Applicable,Not Applicable,No,Not Applicable,326,Cash,34,3.4,3.1
2024-07-22 13:36:00,CNR2978688372,Success,CID739583,Prime Sedan,Yeshwanthpur,Chickpet,210.0,30.0,Not Applicable,Not Applicable,No,Not Applicable,145,Cash,35,3.2,4.7
2024-07-19 18:09:00,CNR3136797992,Canceled by Driver,CID130911,Mini,Richmond Town,Malleshwaram,,,Not Applicable,Personal & Car related issue,Not Applicable,Not Applicable,642,Not Applicable,0,,
2024-07-15 04:07:00,CNR6410036128,Success,CID962225,eBike,Ulsoor,Frazer Town,203.0,115.0,Not Applicable,Not Applicable,No,Not Applicable,507,Cash,36,3.7,4.2
2024-07-09 17:50:00,CNR9531368737,Canceled by Customer,CID934977,eBike,Nagarbhavi,Devanahalli,,,Driver is not moving towards pickup location,Not Applicable,Not Applicable,Not Applicable,881,Not Applicable,0,,
2024-07-29 09:30:00,CNR1486476184,Success,CID576916,Mini,Yelahanka,Nagarbhavi,238.0,50.0,Not Applicable,Not Applicable,No,Not Applicable,187,UPI,38,3.5,3.9
2024-07-21 06:42:00,CNR7277716566,Success,CID564084,Prime Sedan,Kengeri,Chickpet,287.0,35.0,Not Applicable,Not Applicable,No,Not Applicable,172,UPI,42,3.3,3.4
2024-07-30 19:08:00,CNR2048737205,Success,CID426809,eBike,Sarjapur Road,Langford Town,56.0,40.0,Not Applicable,Not Applicable,No,Not Applicable,400,Cash,4,3.3,3.7
2024-07-27 15:58:00,CNR3477701061,Success,CID584039,Prime Plus,Shantinagar,JP Nagar,301.0,145.0,Not Applicable,Not Applicable,No,Not Applicable,423,Cash,20,3.5,4.6
2024-07-11 09:12:00,CNR5115763519,Success,CID552535,Mini,Shantinagar,Banashankari,98.0,110.0,Not Applicable,Not Applicable,No,Not Applicable,301,UPI,6,4.3,3.2
2024-07-26 10:16:00,CNR5768074309,Canceled by Driver,CID579120,Auto,HSR Layout,BTM Layout,,,Not Applicable,Customer was coughing/sick,Not Applicable,Not Applicable,138,Not Applicable,0,,
2024-07-05 17:02:00,CNR7792946305,Success,CID217028,eBike,Shivajinagar,Nagarbhavi,63.0,90.0,Not Applicable,Not Applicable,No,Not Applicable,275,Cash,35,3.9,4.3
2024-07-30 01:40:00,CNR2964117474,Success,CID392638,Prime SUV,HSR Layout,HSR Layout,259.0,65.0,Not Applicable,Not Applicable,No,Not Applicable,525,UPI,30,3.3,3.5
2024-07-22 19:26:00,CNR2670974076,Canceled by Driver,CID732915,eBike,Malleshwaram,Padmanabhanagar,,,Not Applicable,Personal & Car related issue,Not Applicable,Not Applicable,220,Not Applicable,0,,
2024-07-06 06:37:00,CNR5459581368,Success,CID113828,Prime Sedan,Peenya,Frazer Town,231.0,100.0,Not Applicable,Not Applicable,No,Not Applicable,359,Cash,8,4.1,4.3
2024-07-20 21:02:00,CNR4500988481,Success,CID246516,Prime SUV,Jayanagar,Kengeri,105.0,135.0,Not Applicable,Not Applicable,No,Not Applicable,364,Cash,43,4.4,4.0
2024-07-28 07:54:00,CNR3199339655,Success,CID456907,eBike,Cox Town,Hebbal,238.0,50.0,Not Applicable,Not Applicable,No,Not Applicable,386,UPI,33,4.1,3.7
2024-07-11 17:29:00,CNR1961786507,Success,CID429439,Prime Sedan,Malleshwaram,KR Puram,217.0,110.0,Not Applicable,Not Applicable,No,Not Applicable,475,Cash,40,3.7,3.7
2024-07-15 23:00:00,CNR4943387683,Canceled by Driver,CID727844,Bike,Koramangala,Langford Town,,,Not Applicable,Customer was coughing/sick,Not Applicable,Not Applicable,334,Not Applicable,0,,
2024-07-15 01:59:00,CNR6215308053,Canceled by Driver,CID859426,Prime SUV,Tumkur Road,MG Road,,,Not Applicable,Personal & Car related issue,Not Applicable,Not Applicable,415,Not Applicable,0,,
2024-07-06 19:42:00,CNR6472902012,Success,CID306734,Auto,Marathahalli,Vijayanagar,252.0,40.0,Not Applicable,Not Applicable,No,Not Applicable,1121,Cash,12,3.9,4.9
2024-07-08 06:10:00,CNR2901157185,Success,CID656005,Prime Plus,Varthur,Hulimavu,168.0,130.0,Not Applicable,Not Applicable,No,Not Applicable,1885,UPI,12,3.8,4.5
2024-07-07 01:26:00,CNR1194453564,Success,CID649001,Prime SUV,Hulimavu,Frazer Town,224.0,100.0,Not Applicable,Not Applicable,Yes,Vehicle Breakdown,491,UPI,41,4.5,3.9
2024-07-03 20:52:00,CNR6789934581,Success,CID633629,Auto,Nagarbhavi,Hebbal,70.0,60.0,Not Applicable,Not Applicable,No,Not Applicable,867,UPI,14,4.5,4.7
2024-07-15 01:03:00,CNR9698631467,Success,CID403301,Prime Sedan,Rajajinagar,Devanahalli,56.0,65.0,Not Applicable,Not Applicable,No,Not Applicable,601,Cash,1,5.0,4.2
2024-07-14 06:42:00,CNR8315050533,Success,CID174736,Mini,Jayanagar,Chickpet,133.0,65.0,Not Applicable,Not Applicable,No,Not Applicable,316,Cash,17,4.5,3.7
2024-07-01 14:34:00,CNR2135925015,Success,CID386438,Mini,Langford Town,Frazer Town,133.0,100.0,Not Applicable,Not Applicable,No,Not Applicable,254,Cash,42,4.9,4.4
2024-07-25 07:28:00,CNR2291474845,Canceled by Driver,CID954473,Prime Sedan,Basavanagudi,Yeshwanthpur,,,Not Applicable,Personal & Car related issue,Not Applicable,Not Applicable,444,Not Applicable,0,,
2024-07-27 22:28:00,CNR9757183291,Success,CID781756,Mini,Devanahalli,Banashankari,35.0,90.0,Not Applicable,Not Applicable,No,Not Applicable,277,Cash,13,3.5,4.9
2024-07-04 14:46:00,CNR2843029133,Success,CID752447,Bike,Hosur Road,Marathahalli,147.0,45.0,Not Applicable,Not Applicable,No,Not Applicable,248,Debit Card,5,4.5,3.1
2024-07-24 18:28:00,CNR9807105524,Success,CID120983,Auto,Peenya,Marathahalli,294.0,115.0,Not Applicable,Not Applicable,No,Not Applicable,132,Cash,16,3.8,3.5
2024-07-12 10:02:00,CNR9730953105,Success,CID783472,Bike,Sarjapur Road,Mysore Road,49.0,145.0,Not Applicable,Not Applicable,No,Not Applicable,201,UPI,10,3.2,3.1
2024-07-26 22:35:00,CNR1342078513,Success,CID131318,Bike,Frazer Town,Devanahalli,154.0,100.0,Not Applicable,Not Applicable,No,Not Applicable,188,Cash,40,4.9,3.2
2024-07-26 06:41:00,CNR7316615631,Success,CID538331,Prime Sedan,Cox Town,RT Nagar,126.0,75.0,Not Applicable,Not Applicable,No,Not Applicable,139,Credit Card,46,3.2,4.9
2024-07-11 03:00:00,CNR5158931770,Success,CID542171,Prime Plus,Shivajinagar,Ulsoor,182.0,45.0,Not Applicable,Not Applicable,No,Not Applicable,418,Cash,7,4.7,3.1
2024-07-11 19:29:00,CNR8589289395,Driver Not Found,CID848002,eBike,HSR Layout,MG Road,,,Not Applicable,Not Applicable,Not Applicable,Not Applicable,622,Not Applicable,0,,
2024-07-17 22:22:00,CNR6825274342,Success,CID291686,Mini,Yelahanka,Magadi Road,252.0,140.0,Not Applicable,Not Applicable,No,Not Applicable,271,Cash,6,3.4,4.3
2024-07-28 23:27:00,CNR8756222494,Success,CID368287,Prime Sedan,Kadugodi,Frazer Town,280.0,140.0,Not Applicable,Not Applicable,No,Not Applicable,363,UPI,38,3.2,3.2
2024-07-02 11:01:00,CNR1398427159,Success,CID764247,Prime SUV,BTM Layout,Varthur,133.0,55.0,Not Applicable,Not Applicable,No,Not Applicable,302,Debit Card,36,3.1,4.7
2024-07-06 21:12:00,CNR8850704611,Success,CID805074,Mini,Sahakar Nagar,Mysore Road,259.0,115.0,Not Applicable,Not Applicable,Yes,Customer Demand,2599,Cash,29,4.3,4.3
2024-07-16 01:40:00,CNR9251567896,Success,CID618801,Auto,Shantinagar,Hebbal,280.0,110.0,Not Applicable,Not Applicable,No,Not Applicable,412,Cash,6,4.5,4.3
2024-07-25 11:40:00,CNR1708740806,Driver Not Found,CID258062,Auto,Jayanagar,Hennur,,,Not Applicable,Not Applicable,Not Applicable,Not Applicable,543,Not Applicable,0,,
2024-07-28 02:41:00,CNR5479099328,Success,CID414402,Bike,Padmanabhanagar,Sarjapur Road,105.0,45.0,Not Applicable,Not Applicable,No,Not Applicable,451,UPI,48,3.9,3.6
2024-07-15 05:10:00,CNR4975089356,Success,CID661292,eBike,Majestic,Hennur,245.0,125.0,Not Applicable,Not Applicable,No,Not Applicable,293,UPI,14,3.7,4.4
2024-07-11 19:23:00,CNR6349621134,Success,CID432084,eBike,Bellandur,Richmond Town,112.0,30.0,Not Applicable,Not Applicable,No,Not Applicable,151,Cash,9,4.1,3.7
2024-07-16 22:35:00,CNR8101894929,Success,CID666994,Auto,Mysore Road,RT Nagar,182.0,40.0,Not Applicable,Not Applicable,No,Not Applicable,220,UPI,14,4.2,3.9
2024-07-28 00:28:00,CNR3229641753,Success,CID138651,Auto,Varthur,Banashankari,245.0,85.0,Not Applicable,Not Applicable,No,Not Applicable,487,Cash,18,3.9,4.5
2024-07-29 11:38:00,CNR7374030962,Success,CID574400,Bike,Banashankari,Indiranagar,119.0,120.0,Not Applicable,Not Applicable,No,Not Applicable,222,UPI,7,3.1,3.1
2024-07-01 10:43:00,CNR1445504665,Driver Not Found,CID626114,Auto,Hebbal,KR Puram,,,Not Applicable,Not Applicable,Not Applicable,Not Applicable,154,Not Applicable,0,,
2024-07-01 19:33:00,CNR7029598197,Canceled by Driver,CID710464,eBike,Magadi Road,Magadi Road,,,Not Applicable,Personal & Car related issue,Not Applicable,Not Applicable,747,Not Applicable,0,,
2024-07-19 21:01:00,CNR8206181393,Driver Not Found,CID601833,Bike,Hosur Road,Hosur Road,,,Not Applicable,Not Applicable,Not Applicable,Not Applicable,544,Not Applicable,0,,
2024-07-18 21:20:00,CNR9247009500,Success,CID308435,eBike,Mysore Road,Hosur Road,119.0,65.0,Not Applicable,Not Applicable,No,Not Applicable,188,Cash,3,3.8,3.8
2024-07-05 16:56:00,CNR6043708179,Success,CID749434,Prime Sedan,Langford Town,Ulsoor,77.0,35.0,Not Applicable,Not Applicable,No,Not Applicable,124,UPI,9,3.8,4.4
2024-07-07 13:22:00,CNR1195142810,Success,CID971129,Prime Plus,Ulsoor,Hosur Road,112.0,85.0,Not Applicable,Not Applicable,No,Not Applicable,171,Credit Card,38,3.1,4.5
2024-07-08 09:31:00,CNR3556096119,Success,CID217926,Mini,RT Nagar,Basavanagudi,196.0,45.0,Not Applicable,Not Applicable,No,Not Applicable,126,Cash,48,4.6,3.2
2024-07-09 13:05:00,CNR6396791004,Driver Not Found,CID456600,Mini,Sahakar Nagar,Malleshwaram,,,Not Applicable,Not Applicable,Not Applicable,Not Applicable,541,Not Applicable,0,,
2024-07-04 22:40:00,CNR4073323666,Success,CID579365,Prime SUV,Sarjapur Road,Yeshwanthpur,196.0,125.0,Not Applicable,Not Applicable,No,Not Applicable,137,Cash,7,3.1,4.4
2024-07-12 21:16:00,CNR5273750673,Success,CID902021,Prime SUV,KR Puram,HSR Layout,98.0,40.0,Not Applicable,Not Applicable,No,Not Applicable,368,UPI,22,3.5,4.9
2024-07-26 15:16:00,CNR3677844426,Success,CID262831,Mini,Bannerghatta Road,Padmanabhanagar,77.0,40.0,Not Applicable,Not Applicable,No,Not Applicable,492,UPI,27,3.5,4.2
2024-07-19 04:35:00,CNR4789999666,Canceled by Driver,CID958324,Prime Plus,Electronic City,Hebbal,,,Not Applicable,Customer was coughing/sick,Not Applicable,Not Applicable,304,Not Applicable,0,,
2024-07-13 10:08:00,CNR1246913890,Success,CID982729,Prime SUV,Electronic City,Hosur Road,63.0,70.0,Not Applicable,Not Applicable,No,Not Applicable,428,Cash,23,4.5,4.4
2024-07-08 22:04:00,CNR9948618891,Canceled by Driver,CID572297,eBike,Magadi Road,Shantinagar,,,Not Applicable,Personal & Car related issue,Not Applicable,Not Applicable,690,Not Applicable,0,,
2024-07-19 06:26:00,CNR4852175296,Success,CID412055,Prime Plus,Varthur,Chickpet,280.0,75.0,Not Applicable,Not Applicable,No,Not Applicable,131,Cash,47,3.3,4.7
2024-07-08 09:09:00,CNR4290389896,Canceled by Driver,CID570074,Prime Plus,BTM Layout,Hosur Road,,,Not Applicable,More than permitted people in there,Not Applicable,Not Applicable,598,Not Applicable,0,,
2024-07-06 19:32:00,CNR9675305896,Success,CID331563,Prime SUV,Marathahalli,Magadi Road,203.0,110.0,Not Applicable,Not Applicable,No,Not Applicable,153,UPI,37,4.7,4.5
2024-07-10 01:26:00,CNR5460517981,Canceled by Driver,CID843383,Prime Sedan,Shivajinagar,Devanahalli,,,Not Applicable,Personal & Car related issue,Not Applicable,Not Applicable,240,Not Applicable,0,,
2024-07-24 21:06:00,CNR9017444493,Success,CID517641,Prime SUV,Kadugodi,Indiranagar,189.0,65.0,Not Applicable,Not Applicable,No,Not Applicable,418,Cash,39,3.3,4.7
2024-07-02 00:18:00,CNR3462089126,Canceled by Customer,CID976098,Prime Sedan,Kadugodi,Kadugodi,,,Driver is not moving towards pickup location,Not Applicable,Not Applicable,Not Applicable,1317,Not Applicable,0,,
2024-07-16 16:56:00,CNR9599867961,Driver Not Found,CID144310,Bike,MG Road,Jayanagar,,,Not Applicable,Not Applicable,Not Applicable,Not Applicable,501,Not Applicable,0,,
2024-07-26 07:54:00,CNR9970577267,Success,CID246417,Prime SUV,Ramamurthy Nagar,HSR Layout,273.0,70.0,Not Applicable,Not Applicable,No,Not Applicable,385,UPI,6,4.3,3.8
2024-07-28 22:57:00,CNR4007103589,Driver Not Found,CID762830,Auto,MG Road,RT Nagar,,,Not Applicable,Not Applicable,Not Applicable,Not Applicable,348,Not Applicable,0,,
2024-07-17 23:11:00,CNR6126081303,Success,CID104011,Prime SUV,Kengeri,KR Puram,147.0,35.0,Not Applicable,Not Applicable,No,Not Applicable,156,Cash,41,4.9,4.4
2024-07-07 09:05:00,CNR6313674798,Canceled by Customer,CID464843,Mini,Varthur,MG Road,,,Driver asked to cancel,Not Applicable,Not Applicable,Not Applicable,291,Not Applicable,0,,
2024-07-11 01:43:00,CNR8988130375,Success,CID936739,eBike,Rajajinagar,Chickpet,126.0,60.0,Not Applicable,Not Applicable,No,Not Applicable,970,UPI,48,4.4,3.2
2024-07-03 11:27:00,CNR7538979411,Success,CID944237,eBike,Yeshwanthpur,Padmanabhanagar,168.0,135.0,Not Applicable,Not Applicable,No,Not Applicable,410,Cash,10,4.5,3.9
2024-07-04 01:12:00,CNR2856448510,Success,CID562345,Prime Plus,Majestic,Kengeri,77.0,125.0,Not Applicable,Not Applicable,No,Not Applicable,244,Cash,20,3.4,4.7
2024-07-20 20:18:00,CNR8476531819,Success,CID781550,eBike,RT Nagar,Peenya,217.0,70.0,Not Applicable,Not Applicable,No,Not Applicable,617,UPI,30,3.5,3.0
2024-07-18 11:21:00,CNR4954623083,Success,CID956281,Prime Sedan,Magadi Road,Electronic City,77.0,105.0,Not Applicable,Not Applicable,No,Not Applicable,295,UPI,33,4.5,4.6
2024-07-23 12:34:00,CNR2530830581,Driver Not Found,CID750987,Prime SUV,Sarjapur Road,MG Road,,,Not Applicable,Not Applicable,Not Applicable,Not Applicable,2951,Not Applicable,0,,
2024-07-23 23:02:00,CNR5691283105,Canceled by Driver,CID858831,Prime SUV,Mysore Road,Tumkur Road,,,Not Applicable,Customer was coughing/sick,Not Applicable,Not Applicable,832,Not Applicable,0,,
2024-07-15 08:00:00,CNR5079410322,Canceled by Driver,CID333165,eBike,Langford Town,Banashankari,,,Not Applicable,More than permitted people in there,Not Applicable,Not Applicable,2129,Not Applicable,0,,
2024-07-16 00:41:00,CNR7521120894,Driver Not Found,CID559617,Bike,Nagarbhavi,Sahakar Nagar,,,Not Applicable,Not Applicable,Not Applicable,Not Applicable,1037,Not Applicable,0,,
2024-07-23 10:11:00,CNR4135121641,Success,CID892420,eBike,BTM Layout,KR Puram,49.0,45.0,Not Applicable,Not Applicable,No,Not Applicable,488,UPI,39,4.8,3.2
2024-07-23 07:00:00,CNR2103657684,Driver Not Found,CID446070,Auto,Frazer Town,Chamarajpet,,,Not Applicable,Not Applicable,Not Applicable,Not Applicable,336,Not Applicable,0,,
2024-07-23 13:15:00,CNR2267742320,Success,CID865439,Prime Plus,Yelahanka,Malleshwaram,42.0,110.0,Not Applicable,Not Applicable,No,Not Applicable,537,Cash,12,3.3,3.2
2024-07-02 06:44:00,CNR6683840683,Canceled by Driver,CID182799,Prime Sedan,Devanahalli,Bellandur,,,Not Applicable,More than permitted people in there,Not Applicable,Not Applicable,312,Not Applicable,0,,
2024-07-01 23:31:00,CNR7367751033,Driver Not Found,CID218944,Prime SUV,MG Road,Richmond Town,,,Not Applicable,Not Applicable,Not Applicable,Not Applicable,403,Not Applicable,0,,
2024-07-17 23:25:00,CNR7928171705,Driver Not Found,CID117351,Prime SUV,Langford Town,Shantinagar,,,Not Applicable,Not Applicable,Not Applicable,Not Applicable,156,Not Applicable,0,,
2024-07-11 12:40:00,CNR9161685307,Driver Not Found,CID770903,Prime SUV,Malleshwaram,Chickpet,,,Not Applicable,Not Applicable,Not Applicable,Not Applicable,2631,Not Applicable,0,,
2024-07-11 10:40:00,CNR4282986139,Driver Not Found,CID448515,Prime Sedan,Hennur,Basavanagudi,,,Not Applicable,Not Applicable,Not Applicable,Not Applicable,1844,Not Applicable,0,,
2024-07-04 18:38:00,CNR9800643628,Success,CID581973,Mini,Basavanagudi,Indiranagar,308.0,45.0,Not Applicable,Not Applicable,No,Not Applicable,912,Cash,30,3.5,4.2
2024-07-05 12:30:00,CNR5051174276,Success,CID330004,Prime SUV,Shivajinagar,Majestic,259.0,65.0,Not Applicable,Not Applicable,No,Not Applicable,368,UPI,18,4.2,3.4
2024-07-04 15:09:00,CNR1769078006,Driver Not Found,CID807829,Bike,JP Nagar,Basavanagudi,,,Not Applicable,Not Applicable,Not Applicable,Not Applicable,124,Not Applicable,0,,
2024-07-24 18:54:00,CNR3178725402,Success,CID346422,eBike,Basavanagudi,Majestic,63.0,140.0,Not Applicable,Not Applicable,No,Not Applicable,194,Cash,18,4.6,4.0
2024-07-02 00:00:00,CNR6839333377,Success,CID646755,Bike,Mysore Road,Bannerghatta Road,161.0,90.0,Not Applicable,Not Applicable,No,Not Applicable,260,UPI,35,3.3,4.6
2024-07-25 06:26:00,CNR3189660707,Success,CID815966,Bike,Vijayanagar,BTM Layout,259.0,100.0,Not Applicable,Not Applicable,No,Not Applicable,459,UPI,3,4.6,4.8
2024-07-04 08:23:00,CNR8768418441,Success,CID462001,Prime Plus,Richmond Town,Koramangala,42.0,30.0,Not Applicable,Not Applicable,No,Not Applicable,834,UPI,15,4.4,4.7
2024-07-27 07:40:00,CNR1055500797,Canceled by Driver,CID268598,Bike,Mysore Road,Chamarajpet,,,Not Applicable,Personal & Car related issue,Not Applicable,Not Applicable,1760,Not Applicable,0,,
2024-07-29 02:46:00,CNR4447337110,Success,CID110138,Auto,Hulimavu,Hennur,126.0,55.0,Not Applicable,Not Applicable,Yes,Customer Demand,369,UPI,3,4.8,4.0
2024-07-08 03:38:00,CNR8242613712,Canceled by Driver,CID805618,Auto,Jayanagar,Hebbal,,,Not Applicable,Personal & Car related issue,Not Applicable,Not Applicable,489,Not Applicable,0,,
2024-07-27 21:16:00,CNR1077180769,Success,CID401986,eBike,Bellandur,Jayanagar,252.0,30.0,Not Applicable,Not Applicable,No,Not Applicable,548,Cash,32,3.0,4.2
2024-07-06 07:15:00,CNR5865664932,Success,CID752251,Auto,Frazer Town,Devanahalli,175.0,130.0,Not Applicable,Not Applicable,Yes,Vehicle Breakdown,475,Cash,5,3.9,3.9
2024-07-18 00:31:00,CNR4408339203,Canceled by Driver,CID861169,Prime SUV,Koramangala,Langford Town,,,Not Applicable,Personal & Car related issue,Not Applicable,Not Applicable,301,Not Applicable,0,,
2024-07-09 15:42:00,CNR9785433856,Driver Not Found,CID369239,Auto,Hebbal,Peenya,,,Not Applicable,Not Applicable,Not Applicable,Not Applicable,167,Not Applicable,0,,
2024-07-06 16:54:00,CNR3126041133,Canceled by Driver,CID811047,Auto,Shantinagar,Kadugodi,,,Not Applicable,Personal & Car related issue,Not Applicable,Not Applicable,142,Not Applicable,0,,
2024-07-06 16:23:00,CNR3203299113,Canceled by Driver,CID501135,Mini,Yeshwanthpur,Hulimavu,,,Not Applicable,Personal & Car related issue,Not Applicable,Not Applicable,467,Not Applicable,0,,
2024-07-26 09:28:00,CNR9329825366,Success,CID952520,Mini,Electronic City,Hennur,70.0,65.0,Not Applicable,Not Applicable,No,Not Applicable,276,UPI,9,4.4,4.8
2024-07-14 12:24:00,CNR3375307674,Canceled by Customer,CID272230,Mini,Ramamurthy Nagar,Sarjapur Road,,,Driver is not moving towards pickup location,Not Applicable,Not Applicable,Not Applicable,2300,Not Applicable,0,,
2024-07-30 12:42:00,CNR7822602338,Success,CID942150,Mini,Peenya,RT Nagar,308.0,105.0,Not Applicable,Not Applicable,No,Not Applicable,968,Cash,7,3.8,3.2
2024-07-11 09:44:00,CNR9863840979,Success,CID870532,eBike,Rajajinagar,Richmond Town,91.0,85.0,Not Applicable,Not Applicable,No,Not Applicable,2425,UPI,48,3.0,4.2
2024-07-14 01:35:00,CNR2876958051,Canceled by Customer,CID716753,Prime Plus,Sarjapur Road,Marathahalli,,,Driver asked to cancel,Not Applicable,Not Applicable,Not Applicable,442,Not Applicable,0,,
2024-07-17 00:45:00,CNR4013105932,Success,CID826731,Mini,Frazer Town,Bannerghatta Road,91.0,80.0,Not Applicable,Not Applicable,No,Not Applicable,355,UPI,19,4.7,3.8
2024-07-26 19:57:00,CNR6317801648,Success,CID284012,Mini,Shantinagar,Kadugodi,161.0,45.0,Not Applicable,Not Applicable,No,Not Applicable,993,UPI,1,3.7,3.3
2024-07-26 10:12:00,CNR8878123986,Success,CID882249,Prime Sedan,Basavanagudi,Vijayanagar,273.0,55.0,Not Applicable,Not Applicable,No,Not Applicable,447,Cash,30,4.8,3.9
2024-07-10 03:41:00,CNR5359782729,Canceled by Driver,CID528035,Prime Sedan,MG Road,Peenya,,,Not Applicable,Personal & Car related issue,Not Applicable,Not Applicable,2070,Not Applicable,0,,
2024-07-28 08:17:00,CNR3788717640,Canceled by Driver,CID827987,Prime Sedan,Cox Town,Varthur,,,Not Applicable,Customer was coughing/sick,Not Applicable,Not Applicable,463,Not Applicable,0,,
2024-07-13 13:40:00,CNR6779090658,Success,CID654673,Prime SUV,BTM Layout,Langford Town,112.0,60.0,Not Applicable,Not Applicable,No,Not Applicable,108,UPI,36,4.6,3.6
2024-07-13 00:52:00,CNR4341851723,Driver Not Found,CID775193,eBike,Rajajinagar,Kammanahalli,,,Not Applicable,Not Applicable,Not Applicable,Not Applicable,373,Not Applicable,0,,
2024-07-11 22:08:00,CNR8567520911,Success,CID311531,Bike,Shantinagar,Sahakar Nagar,140.0,80.0,Not Applicable,Not Applicable,No,Not Applicable,2753,UPI,43,3.4,5.0
2024-07-11 06:40:00,CNR4709608114,Success,CID657709,Auto,Shantinagar,Mysore Road,252.0,120.0,Not Applicable,Not Applicable,No,Not Applicable,731,UPI,19,4.4,4.6
2024-07-13 02:39:00,CNR1374610357,Success,CID654700,Bike,Malleshwaram,Ulsoor,182.0,125.0,Not Applicable,Not Applicable,No,Not Applicable,441,Cash,22,4.1,3.1
2024-07-02 05:47:00,CNR7003231814,Success,CID261592,Prime Sedan,Basavanagudi,Rajajinagar,196.0,45.0,Not Applicable,Not Applicable,No,Not Applicable,455,Cash,30,3.9,3.6
2024-07-19 06:08:00,CNR9326752136,Canceled by Driver,CID735455,eBike,Ramamurthy Nagar,Basavanagudi,,,Not Applicable,Customer related issue,Not Applicable,Not Applicable,583,Not Applicable,0,,
2024-07-16 04:12:00,CNR9670081003,Driver Not Found,CID414155,Prime SUV,Ramamurthy Nagar,Kengeri,,,Not Applicable,Not Applicable,Not Applicable,Not Applicable,841,Not Applicable,0,,
2024-07-17 14:25:00,CNR1592432943,Success,CID163365,Auto,Malleshwaram,Langford Town,147.0,45.0,Not Applicable,Not Applicable,No,Not Applicable,2086,UPI,1,4.8,4.1
2024-07-01 10:44:00,CNR3353303182,Success,CID240521,Prime SUV,BTM Layout,Kengeri,210.0,30.0,Not Applicable,Not Applicable,No,Not Applicable,860,Cash,16,3.8,4.4
2024-07-15 20:50:00,CNR1101114705,Success,CID140457,eBike,Frazer Town,Sahakar Nagar,189.0,100.0,Not Applicable,Not Applicable,No,Not Applicable,326,UPI,39,4.4,3.6
2024-07-30 11:44:00,CNR2179354519,Success,CID979549,Auto,Peenya,Koramangala,189.0,60.0,Not Applicable,Not Applicable,No,Not Applicable,300,Credit Card,9,4.4,3.9
2024-07-15 02:24:00,CNR1588680963,Canceled by Customer,CID818430,Prime SUV,Richmond Town,Jayanagar,,,Change of plans,Not Applicable,Not Applicable,Not Applicable,496,Not Applicable,0,,
2024-07-11 11:38:00,CNR5938084507,Success,CID524639,Prime Plus,Koramangala,Majestic,301.0,85.0,Not Applicable,Not Applicable,No,Not Applicable,306,Cash,21,4.3,4.3
2024-07-29 13:40:00,CNR7023044791,Success,CID769848,Prime Sedan,Rajarajeshwari Nagar,Bannerghatta Road,189.0,70.0,Not Applicable,Not Applicable,No,Not Applicable,2198,Cash,32,3.9,3.7
2024-07-29 13:12:00,CNR3327329544,Success,CID569875,Bike,Banashankari,Nagarbhavi,189.0,145.0,Not Applicable,Not Applicable,No,Not Applicable,491,Cash,48,3.5,3.2
2024-07-19 09:51:00,CNR3905414506,Canceled by Driver,CID236646,Prime Sedan,Basavanagudi,Hulimavu,,,Not Applicable,Personal & Car related issue,Not Applicable,Not Applicable,186,Not Applicable,0,,
2024-07-28 12:15:00,CNR9905415366,Success,CID604901,Prime SUV,Bellandur,Basavanagudi,133.0,120.0,Not Applicable,Not Applicable,No,Not Applicable,965,Cash,12,4.9,4.4
2024-07-07 03:46:00,CNR4784243453,Success,CID767357,Mini,Hosur Road,Frazer Town,301.0,120.0,Not Applicable,Not Applicable,No,Not Applicable,620,Cash,14,4.1,3.2
2024-07-17 17:01:00,CNR9559593395,Success,CID427741,Mini,Mysore Road,Sarjapur Road,77.0,115.0,Not Applicable,Not Applicable,No,Not Applicable,295,Cash,32,4.3,4.4
2024-07-14 07:56:00,CNR2161809043,Success,CID668800,Prime SUV,Bannerghatta Road,Hennur,133.0,50.0,Not Applicable,Not Applicable,No,Not Applicable,2092,Cash,35,3.7,3.4
2024-07-28 12:15:00,CNR3775991656,Canceled by Customer,CID393280,Bike,Varthur,Devanahalli,,,Driver asked to cancel,Not Applicable,Not Applicable,Not Applicable,325,Not Applicable,0,,
2024-07-16 10:00:00,CNR2964493274,Success,CID269658,Bike,Hosur Road,HSR Layout,119.0,145.0,Not Applicable,Not Applicable,No,Not Applicable,123,UPI,32,4.8,3.8
2024-07-01 02:11:00,CNR7864708360,Success,CID630534,Auto,Hosur Road,Frazer Town,84.0,45.0,Not Applicable,Not Applicable,No,Not Applicable,2158,UPI,5,4.0,3.2
2024-07-07 02:05:00,CNR7557617616,Success,CID674363,Bike,Koramangala,Koramangala,35.0,45.0,Not Applicable,Not Applicable,No,Not Applicable,265,Cash,45,3.3,3.3
2024-07-09 14:22:00,CNR7890287530,Success,CID827400,Bike,Langford Town,Nagarbhavi,301.0,55.0,Not Applicable,Not Applicable,No,Not Applicable,459,Cash,19,3.0,4.2
2024-07-30 00:30:00,CNR8755098896,Success,CID984714,Prime SUV,Chickpet,Devanahalli,287.0,80.0,Not Applicable,Not Applicable,No,Not Applicable,178,Cash,10,3.8,5.0
2024-07-13 22:53:00,CNR9896847549,Success,CID252131,eBike,Ulsoor,Devanahalli,175.0,75.0,Not Applicable,Not Applicable,No,Not Applicable,901,Cash,31,3.6,3.5
2024-07-24 15:28:00,CNR9484831346,Driver Not Found,CID919982,Prime Plus,RT Nagar,Nagarbhavi,,,Not Applicable,Not Applicable,Not Applicable,Not Applicable,255,Not Applicable,0,,
2024-07-18 06:46:00,CNR5193372386,Canceled by Customer,CID808338,eBike,Vijayanagar,Vijayanagar,,,AC is Not working,Not Applicable,Not Applicable,Not Applicable,654,Not Applicable,0,,
2024-07-05 23:34:00,CNR5488866799,Canceled by Customer,CID484527,Bike,Banashankari,Chickpet,,,Change of plans,Not Applicable,Not Applicable,Not Applicable,150,Not Applicable,0,,
2024-07-22 03:31:00,CNR8709338125,Success,CID374861,Auto,Bellandur,Banashankari,168.0,50.0,Not Applicable,Not Applicable,Yes,Vehicle Breakdown,321,UPI,11,4.7,3.9
2024-07-15 00:58:00,CNR6808643702,Canceled by Driver,CID680291,Auto,JP Nagar,Whitefield,,,Not Applicable,Personal & Car related issue,Not Applicable,Not Applicable,2128,Not Applicable,0,,
2024-07-29 08:58:00,CNR1493353705,Canceled by Driver,CID965905,Mini,Hennur,HSR Layout,,,Not Applicable,Customer related issue,Not Applicable,Not Applicable,186,Not Applicable,0,,
2024-07-03 17:33:00,CNR1854022014,Success,CID223816,Prime SUV,Malleshwaram,Yelahanka,259.0,145.0,Not Applicable,Not Applicable,No,Not Applicable,256,Cash,21,3.1,4.3
2024-07-15 09:50:00,CNR2276206381,Canceled by Driver,CID324095,Bike,BTM Layout,HSR Layout,,,Not Applicable,Customer related issue,Not Applicable,Not Applicable,754,Not Applicable,0,,
2024-07-01 17:38:00,CNR8147597702,Canceled by Customer,CID838916,Bike,Yelahanka,Kadugodi,,,Driver is not moving towards pickup location,Not Applicable,Not Applicable,Not Applicable,367,Not Applicable,0,,
2024-07-08 23:05:00,CNR4985863486,Success,CID965396,Bike,Malleshwaram,Frazer Town,77.0,65.0,Not Applicable,Not Applicable,No,Not Applicable,1627,UPI,16,3.7,4.6
2024-07-14 14:45:00,CNR4387396101,Success,CID367291,Prime SUV,Hennur,Peenya,84.0,90.0,Not Applicable,Not Applicable,No,Not Applicable,1558,Cash,31,4.3,3.2
2024-07-15 14:46:00,CNR8120157550,Success,CID421993,Prime Plus,Richmond Town,Langford Town,126.0,135.0,Not Applicable,Not Applicable,No,Not Applicable,464,Cash,12,4.7,3.4
2024-07-25 18:38:00,CNR7552136137,Success,CID436623,Mini,MG Road,Devanahalli,140.0,95.0,Not Applicable,Not Applicable,No,Not Applicable,2464,UPI,34,3.0,3.2
2024-07-24 17:31:00,CNR1004877499,Canceled by Driver,CID515865,Prime Sedan,Sahakar Nagar,Devanahalli,,,Not Applicable,Customer related issue,Not Applicable,Not Applicable,103,Not Applicable,0,,
2024-07-12 17:09:00,CNR7872833628,Success,CID231030,Auto,Tumkur Road,Yeshwanthpur,245.0,115.0,Not Applicable,Not Applicable,No,Not Applicable,413,Cash,15,3.2,4.5
2024-07-24 16:18:00,CNR8550250130,Success,CID736839,Prime Sedan,Mysore Road,Electronic City,259.0,70.0,Not Applicable,Not Applicable,No,Not Applicable,367,UPI,16,4.6,3.9
2024-07-30 02:42:00,CNR2298478151,Canceled by Customer,CID580272,Mini,Basavanagudi,Jayanagar,,,Change of plans,Not Applicable,Not Applicable,Not Applicable,1135,Not Applicable,0,,
2024-07-21 10:25:00,CNR8509959842,Success,CID605095,Mini,KR Puram,Nagarbhavi,287.0,145.0,Not Applicable,Not Applicable,No,Not Applicable,890,UPI,7,3.4,3.6
2024-07-25 17:05:00,CNR1319118930,Success,CID443143,eBike,Marathahalli,Padmanabhanagar,301.0,65.0,Not Applicable,Not Applicable,No,Not Applicable,485,Cash,18,3.6,4.6
2024-07-23 21:20:00,CNR1424429241,Success,CID854167,Prime Sedan,Peenya,Kengeri,280.0,80.0,Not Applicable,Not Applicable,No,Not Applicable,1644,UPI,16,4.0,3.2
2024-07-02 21:02:00,CNR7537544066,Success,CID406559,Auto,Frazer Town,Frazer Town,63.0,40.0,Not Applicable,Not Applicable,No,Not Applicable,657,UPI,3,3.0,3.1
2024-07-20 17:41:00,CNR3415767086,Canceled by Customer,CID306864,eBike,Kammanahalli,Peenya,,,Driver is not moving towards pickup location,Not Applicable,Not Applicable,Not Applicable,2690,Not Applicable,0,,
2024-07-13 21:08:00,CNR1382633689,Success,CID363205,eBike,Mysore Road,Yelahanka,133.0,80.0,Not Applicable,Not Applicable,No,Not Applicable,1995,UPI,45,4.3,4.8
2024-07-29 17:28:00,CNR7238971810,Success,CID484309,Prime Sedan,Electronic City,Langford Town,84.0,90.0,Not Applicable,Not Applicable,No,Not Applicable,475,Cash,17,4.9,4.9
2024-07-29 00:52:00,CNR5011011413,Success,CID995993,Bike,Jayanagar,BTM Layout,49.0,40.0,Not Applicable,Not Applicable,Yes,Customer Demand,372,Cash,13,3.6,4.3
2024-07-26 23:26:00,CNR1735854127,Driver Not Found,CID418602,Prime SUV,Richmond Town,Peenya,,,Not Applicable,Not Applicable,Not Applicable,Not Applicable,120,Not Applicable,0,,
2024-07-26 19:32:00,CNR3876186425,Success,CID580786,Prime Sedan,Padmanabhanagar,Mysore Road,175.0,95.0,Not Applicable,Not Applicable,No,Not Applicable,155,UPI,12,3.2,3.2
2024-07-27 17:04:00,CNR6665114279,Canceled by Driver,CID665721,Prime Plus,Chickpet,Indiranagar,,,Not Applicable,Personal & Car related issue,Not Applicable,Not Applicable,213,Not Applicable,0,,
2024-07-21 00:53:00,CNR4655392848,Success,CID290808,Auto,Frazer Town,Hennur,196.0,135.0,Not Applicable,Not Applicable,No,Not Applicable,658,UPI,4,3.2,4.4
2024-07-02 12:32:00,CNR4914625160,Success,CID205917,Bike,Sahakar Nagar,BTM Layout,196.0,75.0,Not Applicable,Not Applicable,No,Not Applicable,483,UPI,15,4.0,4.9
2024-07-05 13:13:00,CNR6363698207,Success,CID370720,Prime SUV,Marathahalli,Kammanahalli,91.0,120.0,Not Applicable,Not Applicable,No,Not Applicable,750,Cash,47,3.5,3.9
2024-07-15 06:16:00,CNR6074492306,Success,CID520173,Prime SUV,MG Road,Kadugodi,294.0,100.0,Not Applicable,Not Applicable,No,Not Applicable,344,Cash,20,4.8,4.1
2024-07-15 06:31:00,CNR8445164456,Success,CID218872,eBike,Hosur Road,Banashankari,147.0,100.0,Not Applicable,Not Applicable,No,Not Applicable,785,Cash,45,3.6,3.8
2024-07-09 01:57:00,CNR2864783191,Success,CID673430,Mini,Hebbal,Shivajinagar,84.0,35.0,Not Applicable,Not Applicable,No,Not Applicable,109,Cash,4,3.6,3.9
2024-07-21 12:34:00,CNR3997921722,Canceled by Driver,CID742286,Prime Plus,Padmanabhanagar,Electronic City,,,Not Applicable,More than permitted people in there,Not Applicable,Not Applicable,287,Not Applicable,0,,
2024-07-23 15:29:00,CNR2221483857,Success,CID215852,Prime SUV,RT Nagar,Majestic,231.0,135.0,Not Applicable,Not Applicable,No,Not Applicable,353,UPI,40,4.1,3.0
2024-07-23 01:40:00,CNR5986871515,Success,CID681174,Bike,Chamarajpet,Malleshwaram,273.0,130.0,Not Applicable,Not Applicable,No,Not Applicable,383,UPI,33,3.3,3.6
2024-07-10 18:26:00,CNR3412625445,Success,CID185162,Bike,Yeshwanthpur,Sarjapur Road,112.0,135.0,Not Applicable,Not Applicable,No,Not Applicable,144,Cash,45,3.4,3.9
2024-07-03 17:02:00,CNR4338992472,Success,CID393156,Auto,Varthur,Whitefield,35.0,55.0,Not Applicable,Not Applicable,No,Not Applicable,226,Cash,3,3.7,4.6
2024-07-23 09:57:00,CNR2742964641,Success,CID968325,Auto,Electronic City,Peenya,294.0,90.0,Not Applicable,Not Applicable,No,Not Applicable,430,Cash,6,3.5,4.6
2024-07-18 12:08:00,CNR2925533917,Canceled by Driver,CID522964,Prime Plus,Rajarajeshwari Nagar,Devanahalli,,,Not Applicable,Customer was coughing/sick,Not Applicable,Not Applicable,725,Not Applicable,0,,
2024-07-29 14:31:00,CNR7186050487,Canceled by Customer,CID938672,Prime Sedan,Shivajinagar,Langford Town,,,Change of plans,Not Applicable,Not Applicable,Not Applicable,180,Not Applicable,0,,
2024-07-30 00:59:00,CNR6289639221,Canceled by Driver,CID351747,Prime Sedan,Koramangala,Langford Town,,,Not Applicable,Personal & Car related issue,Not Applicable,Not Applicable,455,Not Applicable,0,,
2024-07-30 17:54:00,CNR9541003894,Success,CID116881,Prime Sedan,Magadi Road,Sarjapur Road,56.0,45.0,Not Applicable,Not Applicable,No,Not Applicable,200,Cash,35,4.7,4.6
2024-07-08 01:05:00,CNR5081989192,Canceled by Driver,CID959333,Prime Plus,JP Nagar,Hennur,,,Not Applicable,Personal & Car related issue,Not Applicable,Not Applicable,347,Not Applicable,0,,
2024-07-24 13:59:00,CNR6392115024,Success,CID171123,Auto,Ulsoor,Tumkur Road,224.0,90.0,Not Applicable,Not Applicable,No,Not Applicable,254,Cash,8,4.1,4.2
2024-07-15 18:35:00,CNR3612050678,Success,CID430239,eBike,Marathahalli,Tumkur Road,238.0,25.0,Not Applicable,Not Applicable,No,Not Applicable,457,UPI,42,4.7,3.6
2024-07-09 08:36:00,CNR8367871583,Driver Not Found,CID314517,Prime Sedan,Peenya,Langford Town,,,Not Applicable,Not Applicable,Not Applicable,Not Applicable,709,Not Applicable,0,,
2024-07-23 03:15:00,CNR2263430221,Canceled by Driver,CID468561,Auto,Banashankari,Chamarajpet,,,Not Applicable,More than permitted people in there,Not Applicable,Not Applicable,254,Not Applicable,0,,
2024-07-15 14:18:00,CNR6971516944,Success,CID337122,Prime SUV,Ramamurthy Nagar,Bannerghatta Road,63.0,40.0,Not Applicable,Not Applicable,No,Not Applicable,284,Cash,20,3.8,3.1
2024-07-09 03:16:00,CNR2413043022,Success,CID528860,Mini,Kengeri,Nagarbhavi,126.0,75.0,Not Applicable,Not Applicable,No,Not Applicable,367,Cash,11,3.2,4.1
2024-07-23 13:29:00,CNR5760925120,Canceled by Driver,CID696348,Mini,JP Nagar,Rajajinagar,,,Not Applicable,Customer related issue,Not Applicable,Not Applicable,174,Not Applicable,0,,
2024-07-04 23:32:00,CNR2421020144,Canceled by Driver,CID611508,Mini,Hulimavu,Banashankari,,,Not Applicable,Customer related issue,Not Applicable,Not Applicable,356,Not Applicable,0,,
2024-07-11 21:52:00,CNR8738397591,Success,CID115165,Prime SUV,Chamarajpet,MG Road,77.0,115.0,Not Applicable,Not Applicable,No,Not Applicable,247,Credit Card,35,3.5,5.0
2024-07-01 04:04:00,CNR8647663892,Canceled by Driver,CID922433,Mini,Yelahanka,Mysore Road,,,Not Applicable,Customer was coughing/sick,Not Applicable,Not Applicable,710,Not Applicable,0,,
2024-07-20 19:28:00,CNR8118011125,Driver Not Found,CID494637,Auto,Cox Town,JP Nagar,,,Not Applicable,Not Applicable,Not Applicable,Not Applicable,500,Not Applicable,0,,
2024-07-12 14:50:00,CNR2898950975,Success,CID855943,Prime Sedan,Majestic,Malleshwaram,42.0,85.0,Not Applicable,Not Applicable,No,Not Applicable,267,Cash,37,3.2,4.7
2024-07-12 07:43:00,CNR9635923228,Canceled by Driver,CID908452,Prime SUV,Mysore Road,BTM Layout,,,Not Applicable,Personal & Car related issue,Not Applicable,Not Applicable,482,Not Applicable,0,,
2024-07-24 02:49:00,CNR9379285782,Success,CID579121,Bike,Kammanahalli,Ulsoor,168.0,100.0,Not Applicable,Not Applicable,No,Not Applicable,493,UPI,1,4.2,3.7
2024-07-18 12:03:00,CNR9755156689,Canceled by Customer,CID434176,Prime Plus,Indiranagar,Indiranagar,,,Driver is not moving towards pickup location,Not Applicable,Not Applicable,Not Applicable,100,Not Applicable,0,,
2024-07-20 14:55:00,CNR8740504994,Canceled by Driver,CID991657,Auto,Ramamurthy Nagar,Padmanabhanagar,,,Not Applicable,Customer related issue,Not Applicable,Not Applicable,693,Not Applicable,0,,
2024-07-29 07:11:00,CNR8900585886,Success,CID792260,Prime SUV,KR Puram,Mysore Road,224.0,75.0,Not Applicable,Not Applicable,No,Not Applicable,104,Cash,23,3.3,3.1
2024-07-30 10:48:00,CNR2122596055,Canceled by Customer,CID332344,eBike,Bannerghatta Road,Langford Town,,,Driver asked to cancel,Not Applicable,Not Applicable,Not Applicable,318,Not Applicable,0,,
2024-07-26 21:56:00,CNR4604338020,Success,CID693572,Prime Plus,Bannerghatta Road,Yeshwanthpur,49.0,125.0,Not Applicable,Not Applicable,No,Not Applicable,694,Cash,39,3.2,4.2
2024-07-18 07:27:00,CNR4414044044,Driver Not Found,CID154165,Prime Plus,Hulimavu,MG Road,,,Not Applicable,Not Applicable,Not Applicable,Not Applicable,355,Not Applicable,0,,
2024-07-20 15:29:00,CNR5795913260,Success,CID959029,Prime Sedan,Marathahalli,HSR Layout,119.0,80.0,Not Applicable,Not Applicable,Yes,Vehicle Breakdown,588,Cash,42,3.4,3.6
2024-07-22 03:29:00,CNR4234579584,Canceled by Customer,CID113321,Bike,Frazer Town,Hebbal,,,Change of plans,Not Applicable,Not Applicable,Not Applicable,408,Not Applicable,0,,
2024-07-06 05:29:00,CNR2493465812,Success,CID999231,Prime Plus,Hosur Road,JP Nagar,273.0,145.0,Not Applicable,Not Applicable,No,Not Applicable,823,Credit Card,2,3.7,3.8
2024-07-08 01:44:00,CNR3035852262,Success,CID457821,Mini,BTM Layout,Nagarbhavi,105.0,70.0,Not Applicable,Not Applicable,No,Not Applicable,424,Cash,44,3.2,4.3
2024-07-13 10:16:00,CNR9410773350,Success,CID362478,Auto,Mysore Road,Nagarbhavi,133.0,115.0,Not Applicable,Not Applicable,No,Not Applicable,488,Credit Card,10,3.2,3.7
2024-07-01 18:56:00,CNR6130077964,Success,CID452241,Mini,Frazer Town,Kengeri,112.0,60.0,Not Applicable,Not Applicable,Yes,Customer Demand,450,Cash,16,3.2,5.0
2024-07-11 10:10:00,CNR7382605854,Success,CID571911,Prime Sedan,Hebbal,Bannerghatta Road,154.0,25.0,Not Applicable,Not Applicable,No,Not Applicable,357,Credit Card,45,3.5,3.4
2024-07-17 23:59:00,CNR9719487956,Success,CID344742,Prime SUV,Marathahalli,RT Nagar,91.0,110.0,Not Applicable,Not Applicable,No,Not Applicable,442,UPI,24,4.1,4.4
2024-07-25 02:28:00,CNR4936768936,Success,CID996356,Prime SUV,Chickpet,Peenya,161.0,110.0,Not Applicable,Not Applicable,No,Not Applicable,469,Cash,4,3.7,4.6
2024-07-03 08:05:00,CNR5870082650,Success,CID926305,eBike,Rajajinagar,KR Puram,133.0,125.0,Not Applicable,Not Applicable,No,Not Applicable,736,Cash,19,4.5,3.9
2024-07-11 20:28:00,CNR3877138879,Canceled by Driver,CID574442,Prime SUV,Kengeri,JP Nagar,,,Not Applicable,Customer related issue,Not Applicable,Not Applicable,116,Not Applicable,0,,
2024-07-19 07:53:00,CNR9818310624,Canceled by Customer,CID446089,Auto,Jayanagar,Kadugodi,,,Change of plans,Not Applicable,Not Applicable,Not Applicable,220,Not Applicable,0,,
2024-07-17 19:47:00,CNR9245654480,Success,CID239395,Prime Sedan,Yelahanka,KR Puram,287.0,135.0,Not Applicable,Not Applicable,No,Not Applicable,501,Cash,12,4.7,4.1
2024-07-15 18:14:00,CNR9278503915,Success,CID275604,Prime Sedan,Cox Town,Mysore Road,154.0,145.0,Not Applicable,Not Applicable,No,Not Applicable,110,UPI,43,3.4,3.2
2024-07-21 22:18:00,CNR6186342207,Success,CID559726,Mini,Bellandur,RT Nagar,126.0,90.0,Not Applicable,Not Applicable,No,Not Applicable,2580,Cash,24,4.7,4.2
2024-07-23 10:40:00,CNR5644508377,Canceled by Driver,CID491519,Prime SUV,Sarjapur Road,Kengeri,,,Not Applicable,Personal & Car related issue,Not Applicable,Not Applicable,455,Not Applicable,0,,
2024-07-18 00:51:00,CNR2122295259,Success,CID960913,Prime SUV,Vijayanagar,Sarjapur Road,273.0,55.0,Not Applicable,Not Applicable,No,Not Applicable,364,Cash,5,4.7,3.2
2024-07-26 05:07:00,CNR2040771972,Success,CID345162,eBike,Kengeri,Padmanabhanagar,231.0,65.0,Not Applicable,Not Applicable,No,Not Applicable,2147,UPI,38,4.2,4.2
2024-07-07 03:55:00,CNR3052787437,Canceled by Driver,CID788643,Auto,Ulsoor,Bellandur,,,Not Applicable,Customer related issue,Not Applicable,Not Applicable,690,Not Applicable,0,,
2024-07-17 13:31:00,CNR7036064084,Driver Not Found,CID542197,Prime Plus,RT Nagar,Sarjapur Road,,,Not Applicable,Not Applicable,Not Applicable,Not Applicable,795,Not Applicable,0,,
2024-07-14 15:30:00,CNR1613739375,Driver Not Found,CID336087,Auto,KR Puram,Yelahanka,,,Not Applicable,Not Applicable,Not Applicable,Not Applicable,466,Not Applicable,0,,
2024-07-13 04:39:00,CNR9919180751,Success,CID995619,Mini,Magadi Road,KR Puram,105.0,55.0,Not Applicable,Not Applicable,No,Not Applicable,2705,Cash,9,4.0,4.0
2024-07-21 17:49:00,CNR7039173190,Success,CID565286,Bike,Kadugodi,Hosur Road,154.0,120.0,Not Applicable,Not Applicable,No,Not Applicable,860,Cash,25,3.4,4.6
2024-07-18 10:58:00,CNR2282023770,Success,CID493590,Auto,Hulimavu,Shivajinagar,49.0,105.0,Not Applicable,Not Applicable,No,Not Applicable,787,Cash,14,4.0,3.3
2024-07-04 23:38:00,CNR1785944397,Success,CID442096,eBike,Indiranagar,Majestic,252.0,130.0,Not Applicable,Not Applicable,No,Not Applicable,648,UPI,16,3.0,3.2
2024-07-13 15:55:00,CNR3049778585,Success,CID404374,Bike,Cox Town,Bannerghatta Road,98.0,60.0,Not Applicable,Not Applicable,No,Not Applicable,2413,Cash,25,4.6,4.4
2024-07-05 13:12:00,CNR6138810322,Success,CID657244,Auto,Hulimavu,Langford Town,203.0,55.0,Not Applicable,Not Applicable,No,Not Applicable,324,Cash,10,4.6,4.6
2024-07-29 04:06:00,CNR2115595210,Success,CID542731,Auto,Magadi Road,Indiranagar,301.0,30.0,Not Applicable,Not Applicable,No,Not Applicable,616,UPI,3,3.1,3.9
2024-07-21 09:39:00,CNR3495272057,Success,CID498911,Prime Sedan,Rajarajeshwari Nagar,Frazer Town,147.0,130.0,Not Applicable,Not Applicable,No,Not Applicable,668,UPI,33,4.1,4.6
2024-07-02 04:36:00,CNR4730522876,Success,CID662846,Auto,Cox Town,Whitefield,42.0,60.0,Not Applicable,Not Applicable,No,Not Applicable,443,UPI,3,4.7,3.4
2024-07-19 02:40:00,CNR7357666103,Success,CID145446,Prime SUV,Basavanagudi,Koramangala,70.0,25.0,Not Applicable,Not Applicable,No,Not Applicable,199,UPI,35,3.6,4.4
2024-07-17 19:33:00,CNR1629331711,Success,CID973524,Mini,Indiranagar,Vijayanagar,112.0,55.0,Not Applicable,Not Applicable,No,Not Applicable,143,UPI,49,4.4,4.0
2024-07-16 00:54:00,CNR6174514648,Canceled by Driver,CID427925,Auto,Basavanagudi,Chickpet,,,Not Applicable,More than permitted people in there,Not Applicable,Not Applicable,1066,Not Applicable,0,,
2024-07-02 22:53:00,CNR9903062106,Success,CID314733,Prime Sedan,Mysore Road,Cox Town,35.0,45.0,Not Applicable,Not Applicable,No,Not Applicable,621,Credit Card,14,3.7,3.2
2024-07-27 11:26:00,CNR7627705804,Success,CID197222,Bike,Jayanagar,Langford Town,77.0,85.0,Not Applicable,Not Applicable,No,Not Applicable,671,Cash,20,3.9,4.4
2024-07-18 20:26:00,CNR9402139372,Canceled by Driver,CID351889,Prime Plus,Chickpet,Whitefield,,,Not Applicable,Customer related issue,Not Applicable,Not Applicable,239,Not Applicable,0,,
2024-07-30 20:56:00,CNR5695746814,Success,CID676520,Mini,Devanahalli,Yeshwanthpur,49.0,25.0,Not Applicable,Not Applicable,No,Not Applicable,640,Cash,42,3.9,4.2
2024-07-21 02:16:00,CNR6650783171,Success,CID420460,Bike,Chamarajpet,Ramamurthy Nagar,189.0,25.0,Not Applicable,Not Applicable,No,Not Applicable,291,UPI,3,3.0,4.7
2024-07-06 20:02:00,CNR4986028125,Success,CID484021,Prime SUV,Rajajinagar,Majestic,35.0,80.0,Not Applicable,Not Applicable,No,Not Applicable,359,UPI,9,4.4,4.3
2024-07-03 07:38:00,CNR2401819493,Success,CID621861,Mini,MG Road,Vijayanagar,49.0,115.0,Not Applicable,Not Applicable,No,Not Applicable,148,Cash,13,4.5,4.3
2024-07-14 02:51:00,CNR9260184845,Success,CID682609,Auto,Bellandur,Bannerghatta Road,273.0,70.0,Not Applicable,Not Applicable,No,Not Applicable,223,UPI,6,4.2,3.7
2024-07-10 19:04:00,CNR4631065864,Success,CID771439,Auto,Malleshwaram,Frazer Town,224.0,110.0,Not Applicable,Not Applicable,No,Not Applicable,384,Cash,13,4.9,3.4
2024-07-06 11:13:00,CNR2275270586,Canceled by Driver,CID600429,Prime Plus,HSR Layout,Malleshwaram,,,Not Applicable,Customer related issue,Not Applicable,Not Applicable,1428,Not Applicable,0,,
2024-07-21 08:25:00,CNR1615949823,Canceled by Driver,CID572579,Auto,Hosur Road,Sarjapur Road,,,Not Applicable,More than permitted people in there,Not Applicable,Not Applicable,284,Not Applicable,0,,
2024-07-16 00:54:00,CNR4024579801,Success,CID901613,Mini,Yeshwanthpur,Ramamurthy Nagar,238.0,70.0,Not Applicable,Not Applicable,No,Not Applicable,135,UPI,42,4.3,4.3
2024-07-07 07:55:00,CNR2950414672,Canceled by Driver,CID972301,Bike,Mysore Road,MG Road,,,Not Applicable,Customer related issue,Not Applicable,Not Applicable,226,Not Applicable,0,,
2024-07-25 05:06:00,CNR1375930843,Success,CID858623,Bike,Kengeri,Devanahalli,77.0,135.0,Not Applicable,Not Applicable,No,Not Applicable,450,UPI,14,4.4,4.9
2024-07-08 02:52:00,CNR4423867021,Driver Not Found,CID870024,Bike,Kammanahalli,Nagarbhavi,,,Not Applicable,Not Applicable,Not Applicable,Not Applicable,869,Not Applicable,0,,
2024-07-09 12:11:00,CNR9484823371,Canceled by Driver,CID307302,Bike,Hosur Road,Magadi Road,,,Not Applicable,Personal & Car related issue,Not Applicable,Not Applicable,474,Not Applicable,0,,
2024-07-21 20:53:00,CNR1815223289,Success,CID771297,Bike,Ramamurthy Nagar,MG Road,161.0,110.0,Not Applicable,Not Applicable,No,Not Applicable,294,Cash,48,4.9,3.2
2024-07-08 00:56:00,CNR6653024963,Success,CID915045,Auto,Shantinagar,Yelahanka,175.0,75.0,Not Applicable,Not Applicable,Yes,Customer Demand,965,Cash,15,4.8,3.6
2024-07-04 04:51:00,CNR7979651287,Success,CID925622,Mini,Shivajinagar,Electronic City,49.0,110.0,Not Applicable,Not Applicable,Yes,Vehicle Breakdown,736,Cash,6,4.2,4.8
2024-07-23 05:41:00,CNR3471334036,Canceled by Driver,CID625913,Prime Sedan,Ramamurthy Nagar,Rajarajeshwari Nagar,,,Not Applicable,Personal & Car related issue,Not Applicable,Not Applicable,366,Not Applicable,0,,
2024-07-05 19:48:00,CNR9287472490,Success,CID197739,Prime SUV,Ramamurthy Nagar,Kadugodi,35.0,50.0,Not Applicable,Not Applicable,No,Not Applicable,125,Cash,31,4.0,4.0
2024-07-25 15:07:00,CNR4911626479,Success,CID954084,Auto,BTM Layout,Hennur,224.0,140.0,Not Applicable,Not Applicable,No,Not Applicable,332,UPI,1,3.1,4.9
2024-07-18 14:32:00,CNR1704191133,Success,CID203563,Auto,Chickpet,HSR Layout,301.0,35.0,Not Applicable,Not Applicable,No,Not Applicable,600,Cash,3,3.9,4.4
2024-07-30 04:47:00,CNR4972770477,Driver Not Found,CID767139,eBike,Cox Town,Jayanagar,,,Not Applicable,Not Applicable,Not Applicable,Not Applicable,227,Not Applicable,0,,
2024-07-12 10:52:00,CNR6172280333,Success,CID773455,Mini,BTM Layout,Rajarajeshwari Nagar,84.0,70.0,Not Applicable,Not Applicable,No,Not Applicable,114,UPI,45,3.6,3.1
2024-07-18 17:20:00,CNR4912110643,Success,CID920451,Prime Sedan,Cox Town,Langford Town,105.0,115.0,Not Applicable,Not Applicable,No,Not Applicable,459,UPI,2,4.3,5.0
2024-07-27 08:34:00,CNR2709997518,Success,CID897170,eBike,Yeshwanthpur,Ulsoor,245.0,100.0,Not Applicable,Not Applicable,No,Not Applicable,398,Cash,45,3.3,3.9
2024-07-03 12:42:00,CNR9749309786,Success,CID986745,Auto,Whitefield,Chamarajpet,273.0,40.0,Not Applicable,Not Applicable,No,Not Applicable,495,UPI,6,3.4,4.2
2024-07-17 10:03:00,CNR1289668124,Success,CID241432,Auto,Ramamurthy Nagar,Yeshwanthpur,266.0,25.0,Not Applicable,Not Applicable,No,Not Applicable,746,UPI,8,3.5,4.8
2024-07-14 00:24:00,CNR5383650529,Canceled by Driver,CID821359,Prime SUV,Rajajinagar,Koramangala,,,Not Applicable,Customer was coughing/sick,Not Applicable,Not Applicable,203,Not Applicable,0,,
2024-07-02 04:20:00,CNR4706712342,Success,CID891314,Prime SUV,Cox Town,Sarjapur Road,210.0,85.0,Not Applicable,Not Applicable,No,Not Applicable,1443,UPI,24,5.0,4.0
2024-07-09 12:49:00,CNR6099979781,Canceled by Customer,CID622637,Prime Sedan,Ulsoor,Richmond Town,,,Driver asked to cancel,Not Applicable,Not Applicable,Not Applicable,235,Not Applicable,0,,
2024-07-10 05:14:00,CNR5000140896,Success,CID486426,eBike,Magadi Road,RT Nagar,301.0,65.0,Not Applicable,Not Applicable,No,Not Applicable,376,UPI,25,3.6,3.9
2024-07-10 22:57:00,CNR5753975879,Canceled by Customer,CID942254,Prime Sedan,Marathahalli,Indiranagar,,,AC is Not working,Not Applicable,Not Applicable,Not Applicable,877,Not Applicable,0,,
2024-07-09 07:48:00,CNR4867470079,Success,CID851537,eBike,Bellandur,Varthur,147.0,30.0,Not Applicable,Not Applicable,No,Not Applicable,514,UPI,47,3.8,4.4
2024-07-07 06:41:00,CNR5211793869,Success,CID674220,Prime Plus,Frazer Town,Magadi Road,112.0,60.0,Not Applicable,Not Applicable,No,Not Applicable,848,UPI,8,3.5,4.7
2024-07-19 15:39:00,CNR6216991885,Success,CID822315,Prime Plus,Nagarbhavi,MG Road,105.0,65.0,Not Applicable,Not Applicable,No,Not Applicable,246,Cash,39,4.3,4.4
2024-07-24 18:10:00,CNR1705808818,Canceled by Customer,CID818864,Bike,Hosur Road,Magadi Road,,,AC is Not working,Not Applicable,Not Applicable,Not Applicable,354,Not Applicable,0,,
2024-07-29 06:18:00,CNR1349061752,Success,CID943572,Prime Sedan,Jayanagar,Ramamurthy Nagar,119.0,40.0,Not Applicable,Not Applicable,No,Not Applicable,121,Cash,21,4.6,4.4
2024-07-16 10:28:00,CNR4428463926,Success,CID113403,Mini,KR Puram,Shantinagar,287.0,40.0,Not Applicable,Not Applicable,No,Not Applicable,365,Cash,49,3.5,4.9
2024-07-23 19:04:00,CNR6964779771,Success,CID140495,Prime Sedan,Vijayanagar,Kadugodi,154.0,130.0,Not Applicable,Not Applicable,No,Not Applicable,851,UPI,34,3.1,3.5
2024-07-18 08:00:00,CNR2477024111,Canceled by Driver,CID136950,Prime SUV,Banashankari,Sahakar Nagar,,,Not Applicable,Customer related issue,Not Applicable,Not Applicable,108,Not Applicable,0,,
2024-07-22 04:02:00,CNR1035243072,Canceled by Driver,CID879843,Auto,Richmond Town,Rajarajeshwari Nagar,,,Not Applicable,Personal & Car related issue,Not Applicable,Not Applicable,418,Not Applicable,0,,
2024-07-19 00:13:00,CNR6204490832,Success,CID783542,eBike,Rajajinagar,Kammanahalli,189.0,25.0,Not Applicable,Not Applicable,No,Not Applicable,1235,Cash,22,3.0,4.8
2024-07-21 07:43:00,CNR5720299447,Canceled by Customer,CID475696,Prime Plus,HSR Layout,Tumkur Road,,,AC is Not working,Not Applicable,Not Applicable,Not Applicable,280,Not Applicable,0,,
2024-07-07 10:56:00,CNR3166715153,Canceled by Customer,CID106975,Bike,Majestic,Indiranagar,,,Driver is not moving towards pickup location,Not Applicable,Not Applicable,Not Applicable,481,Not Applicable,0,,
2024-07-26 23:24:00,CNR2192563443,Success,CID236961,Prime Plus,Tumkur Road,JP Nagar,126.0,145.0,Not Applicable,Not Applicable,No,Not Applicable,485,Cash,8,3.1,3.4
2024-07-18 04:21:00,CNR9279026762,Canceled by Driver,CID671954,Prime SUV,Yeshwanthpur,Mysore Road,,,Not Applicable,Customer was coughing/sick,Not Applicable,Not Applicable,111,Not Applicable,0,,
2024-07-26 07:29:00,CNR1867218543,Canceled by Driver,CID352428,Mini,Yelahanka,Koramangala,,,Not Applicable,Personal & Car related issue,Not Applicable,Not Applicable,310,Not Applicable,0,,
2024-07-20 14:40:00,CNR3742375576,Success,CID766474,Prime Sedan,MG Road,Indiranagar,133.0,45.0,Not Applicable,Not Applicable,No,Not Applicable,167,Cash,28,3.6,4.1
2024-07-21 13:19:00,CNR7131833967,Driver Not Found,CID895563,Auto,Ulsoor,Peenya,,,Not Applicable,Not Applicable,Not Applicable,Not Applicable,838,Not Applicable,0,,
2024-07-01 01:32:00,CNR7854453864,Success,CID998296,Prime Sedan,JP Nagar,Kadugodi,42.0,60.0,Not Applicable,Not Applicable,No,Not Applicable,784,Cash,45,3.6,4.4
2024-07-23 05:50:00,CNR1054223688,Driver Not Found,CID252521,Prime Sedan,Shivajinagar,Yelahanka,,,Not Applicable,Not Applicable,Not Applicable,Not Applicable,302,Not Applicable,0,,
2024-07-13 21:28:00,CNR7960415259,Success,CID827998,Auto,Rajajinagar,Rajarajeshwari Nagar,196.0,90.0,Not Applicable,Not Applicable,No,Not Applicable,859,UPI,13,3.4,3.7
2024-07-02 14:24:00,CNR9478263007,Success,CID346549,Bike,Frazer Town,Mysore Road,77.0,50.0,Not Applicable,Not Applicable,No,Not Applicable,327,UPI,44,4.8,3.6
2024-07-26 10:36:00,CNR5955229074,Success,CID562000,eBike,Frazer Town,Richmond Town,280.0,145.0,Not Applicable,Not Applicable,No,Not Applicable,101,Cash,49,3.1,3.9
2024-07-20 08:12:00,CNR2165742901,Success,CID276723,Auto,Rajarajeshwari Nagar,Majestic,147.0,80.0,Not Applicable,Not Applicable,No,Not Applicable,273,Cash,4,4.7,3.1
2024-07-18 09:08:00,CNR3071674685,Canceled by Customer,CID430334,Auto,Hulimavu,Chickpet,,,Driver asked to cancel,Not Applicable,Not Applicable,Not Applicable,378,Not Applicable,0,,
2024-07-26 22:08:00,CNR1092238964,Driver Not Found,CID778936,Prime SUV,Hosur Road,Majestic,,,Not Applicable,Not Applicable,Not Applicable,Not Applicable,797,Not Applicable,0,,
2024-07-06 23:13:00,CNR8130508246,Success,CID929304,Auto,Magadi Road,Yeshwanthpur,84.0,135.0,Not Applicable,Not Applicable,No,Not Applicable,400,UPI,19,5.0,3.4
2024-07-26 01:00:00,CNR6270305735,Success,CID660686,Bike,Chamarajpet,Kengeri,35.0,80.0,Not Applicable,Not Applicable,No,Not Applicable,386,Cash,45,3.4,4.5
2024-07-30 23:55:00,CNR1894695434,Success,CID242228,Auto,Mysore Road,Devanahalli,126.0,130.0,Not Applicable,Not Applicable,No,Not Applicable,717,UPI,5,4.0,3.7
2024-07-28 00:07:00,CNR7356431744,Success,CID498872,Prime Plus,KR Puram,Shivajinagar,70.0,145.0,Not Applicable,Not Applicable,No,Not Applicable,134,Cash,47,4.4,3.9
2024-07-23 21:42:00,CNR3953085160,Success,CID702822,Prime Sedan,KR Puram,Shivajinagar,119.0,35.0,Not Applicable,Not Applicable,No,Not Applicable,111,Cash,20,3.4,4.0
2024-07-12 06:37:00,CNR6674065255,Success,CID203175,Prime Sedan,Hulimavu,Bellandur,63.0,125.0,Not Applicable,Not Applicable,No,Not Applicable,497,UPI,49,3.5,4.8
2024-07-04 01:23:00,CNR6097204406,Success,CID713107,eBike,Banashankari,Rajajinagar,294.0,80.0,Not Applicable,Not Applicable,No,Not Applicable,402,Cash,29,4.0,3.6
2024-07-27 19:24:00,CNR8716528290,Canceled by Driver,CID811834,Prime Plus,Yeshwanthpur,Nagarbhavi,,,Not Applicable,Customer related issue,Not Applicable,Not Applicable,989,Not Applicable,0,,
2024-07-30 10:11:00,CNR4890541335,Success,CID847721,Prime SUV,Kammanahalli,Rajarajeshwari Nagar,273.0,140.0,Not Applicable,Not Applicable,No,Not Applicable,196,Cash,16,3.9,4.5
2024-07-10 03:46:00,CNR1082884040,Canceled by Driver,CID629007,eBike,Sahakar Nagar,Sarjapur Road,,,Not Applicable,Personal & Car related issue,Not Applicable,Not Applicable,452,Not Applicable,0,,
2024-07-26 08:20:00,CNR3539088537,Success,CID937784,Bike,Rajajinagar,Bannerghatta Road,105.0,120.0,Not Applicable,Not Applicable,No,Not Applicable,872,Cash,34,3.2,3.2
2024-07-08 19:53:00,CNR6524685679,Success,CID569148,Prime SUV,Varthur,Malleshwaram,105.0,110.0,Not Applicable,Not Applicable,No,Not Applicable,356,Cash,30,3.6,3.2
2024-07-03 08:58:00,CNR6647425978,Canceled by Driver,CID571575,Mini,Langford Town,Bannerghatta Road,,,Not Applicable,Personal & Car related issue,Not Applicable,Not Applicable,473,Not Applicable,0,,
2024-07-28 17:06:00,CNR4601060314,Success,CID758370,Auto,Langford Town,BTM Layout,63.0,110.0,Not Applicable,Not Applicable,Yes,Customer Demand,660,Cash,16,3.9,3.8
2024-07-16 01:10:00,CNR6533907702,Canceled by Driver,CID914104,Bike,Mysore Road,Chickpet,,,Not Applicable,Personal & Car related issue,Not Applicable,Not Applicable,375,Not Applicable,0,,
2024-07-23 17:51:00,CNR9930913034,Success,CID579528,Auto,Jayanagar,Majestic,105.0,110.0,Not Applicable,Not Applicable,No,Not Applicable,404,UPI,14,3.6,3.9
2024-07-05 22:50:00,CNR2073365790,Success,CID831957,Prime Sedan,Yeshwanthpur,Padmanabhanagar,217.0,140.0,Not Applicable,Not Applicable,No,Not Applicable,645,Cash,12,3.4,4.1
2024-07-09 11:06:00,CNR4340206109,Success,CID401117,Mini,Padmanabhanagar,Cox Town,147.0,85.0,Not Applicable,Not Applicable,No,Not Applicable,228,UPI,39,4.5,3.6
2024-07-06 18:39:00,CNR7726530813,Success,CID980522,Auto,Kengeri,Kadugodi,49.0,40.0,Not Applicable,Not Applicable,No,Not Applicable,984,UPI,11,4.4,4.1
2024-07-05 15:53:00,CNR8424887161,Success,CID811366,Prime SUV,Varthur,Hulimavu,35.0,130.0,Not Applicable,Not Applicable,No,Not Applicable,521,Cash,7,3.1,4.2
2024-07-19 03:33:00,CNR9276307225,Success,CID347511,Auto,Cox Town,Hennur,175.0,65.0,Not Applicable,Not Applicable,No,Not Applicable,353,UPI,13,3.2,4.4
2024-07-28 13:01:00,CNR3613229719,Success,CID986713,Bike,JP Nagar,Majestic,210.0,70.0,Not Applicable,Not Applicable,No,Not Applicable,120,Cash,13,3.4,3.7
2024-07-06 03:27:00,CNR7550815531,Success,CID584573,Prime Plus,BTM Layout,KR Puram,259.0,115.0,Not Applicable,Not Applicable,No,Not Applicable,1939,Credit Card,9,3.8,3.3
2024-07-01 01:20:00,CNR1299629320,Canceled by Driver,CID409634,eBike,Koramangala,HSR Layout,,,Not Applicable,Personal & Car related issue,Not Applicable,Not Applicable,783,Not Applicable,0,,
2024-07-30 09:42:00,CNR7479356485,Success,CID465235,Bike,Nagarbhavi,Kadugodi,294.0,90.0,Not Applicable,Not Applicable,No,Not Applicable,485,UPI,45,3.1,4.9
2024-07-23 07:24:00,CNR8088475232,Canceled by Driver,CID675142,Prime Plus,Richmond Town,Kammanahalli,,,Not Applicable,Personal & Car related issue,Not Applicable,Not Applicable,350,Not Applicable,0,,
2024-07-04 05:52:00,CNR8619816230,Driver Not Found,CID458190,Prime Plus,MG Road,Hebbal,,,Not Applicable,Not Applicable,Not Applicable,Not Applicable,412,Not Applicable,0,,
2024-07-28 01:14:00,CNR2859629007,Canceled by Customer,CID849234,Prime Plus,Chickpet,Majestic,,,Driver asked to cancel,Not Applicable,Not Applicable,Not Applicable,224,Not Applicable,0,,
2024-07-14 01:31:00,CNR4454333477,Canceled by Driver,CID861480,eBike,Padmanabhanagar,Chickpet,,,Not Applicable,Customer related issue,Not Applicable,Not Applicable,575,Not Applicable,0,,
2024-07-29 11:31:00,CNR7886519963,Success,CID909618,Bike,MG Road,Richmond Town,224.0,65.0,Not Applicable,Not Applicable,Yes,Customer Demand,2825,Cash,34,4.6,4.1
2024-07-17 17:26:00,CNR9536156335,Canceled by Driver,CID201719,Prime Plus,Kammanahalli,Koramangala,,,Not Applicable,Customer was coughing/sick,Not Applicable,Not Applicable,422,Not Applicable,0,,
2024-07-25 13:14:00,CNR4704074448,Success,CID174972,Bike,Rajarajeshwari Nagar,Jayanagar,259.0,105.0,Not Applicable,Not Applicable,No,Not Applicable,476,Cash,25,4.4,3.5
2024-07-28 00:44:00,CNR9022005829,Canceled by Driver,CID882164,eBike,Cox Town,Basavanagudi,,,Not Applicable,Customer related issue,Not Applicable,Not Applicable,463,Not Applicable,0,,
2024-07-30 20:20:00,CNR5582993211,Success,CID646251,Auto,Chamarajpet,Yelahanka,168.0,135.0,Not Applicable,Not Applicable,No,Not Applicable,336,UPI,15,3.3,4.3
2024-07-29 23:45:00,CNR6570028169,Success,CID551110,Mini,Yelahanka,Kengeri,210.0,135.0,Not Applicable,Not Applicable,Yes,Customer Demand,371,Cash,40,4.0,3.7
2024-07-02 00:27:00,CNR2220784316,Driver Not Found,CID732080,Prime SUV,Hosur Road,Magadi Road,,,Not Applicable,Not Applicable,Not Applicable,Not Applicable,164,Not Applicable,0,,
2024-07-24 23:08:00,CNR7624292917,Canceled by Customer,CID790759,Prime SUV,Hulimavu,Kammanahalli,,,Driver is not moving towards pickup location,Not Applicable,Not Applicable,Not Applicable,111,Not Applicable,0,,
2024-07-10 21:25:00,CNR1574853573,Success,CID751352,eBike,Magadi Road,Tumkur Road,245.0,55.0,Not Applicable,Not Applicable,No,Not Applicable,482,UPI,48,3.9,3.4
2024-07-08 18:19:00,CNR7023488240,Success,CID241808,eBike,Ulsoor,Peenya,63.0,30.0,Not Applicable,Not Applicable,No,Not Applicable,771,UPI,15,4.8,4.4
2024-07-02 06:37:00,CNR2028981594,Success,CID556210,Bike,Indiranagar,Bellandur,35.0,40.0,Not Applicable,Not Applicable,No,Not Applicable,468,Credit Card,10,3.2,4.5
2024-07-09 06:50:00,CNR6911691130,Success,CID726929,Bike,Hosur Road,Bannerghatta Road,294.0,50.0,Not Applicable,Not Applicable,No,Not Applicable,439,Cash,49,4.9,4.8
2024-07-23 19:55:00,CNR2193059028,Canceled by Driver,CID319537,Prime SUV,Richmond Town,Sarjapur Road,,,Not Applicable,Personal & Car related issue,Not Applicable,Not Applicable,105,Not Applicable,0,,
2024-07-03 02:59:00,CNR3324605094,Driver Not Found,CID562827,Bike,Langford Town,Vijayanagar,,,Not Applicable,Not Applicable,Not Applicable,Not Applicable,373,Not Applicable,0,,
2024-07-03 00:36:00,CNR8221205300,Success,CID790951,Prime SUV,Peenya,Magadi Road,294.0,135.0,Not Applicable,Not Applicable,No,Not Applicable,201,Cash,41,4.1,4.9
2024-07-09 23:19:00,CNR1347135478,Success,CID696853,Prime SUV,Banashankari,Cox Town,56.0,50.0,Not Applicable,Not Applicable,No,Not Applicable,833,UPI,29,3.1,3.3
2024-07-20 13:49:00,CNR4032169422,Success,CID423232,Bike,Cox Town,Whitefield,287.0,125.0,Not Applicable,Not Applicable,No,Not Applicable,556,UPI,26,3.3,4.9
2024-07-10 08:47:00,CNR4264715084,Canceled by Customer,CID536435,Prime Plus,BTM Layout,Marathahalli,,,Wrong Address,Not Applicable,Not Applicable,Not Applicable,351,Not Applicable,0,,
2024-07-18 15:00:00,CNR7534004372,Success,CID106025,Bike,Rajarajeshwari Nagar,Basavanagudi,84.0,55.0,Not Applicable,Not Applicable,Yes,Customer Demand,379,UPI,33,4.0,3.1
2024-07-20 16:57:00,CNR7919019493,Success,CID695651,Prime SUV,Whitefield,KR Puram,70.0,140.0,Not Applicable,Not Applicable,No,Not Applicable,450,Cash,22,4.3,4.6
2024-07-20 22:17:00,CNR4518044682,Success,CID494109,Prime SUV,Tumkur Road,Chamarajpet,224.0,120.0,Not Applicable,Not Applicable,No,Not Applicable,398,Cash,29,3.4,4.0
2024-07-04 08:17:00,CNR5436503968,Success,CID224721,eBike,Bannerghatta Road,Hulimavu,252.0,35.0,Not Applicable,Not Applicable,No,Not Applicable,373,Cash,21,4.0,4.3
2024-07-26 08:44:00,CNR3056603510,Canceled by Driver,CID754616,eBike,Rajarajeshwari Nagar,Langford Town,,,Not Applicable,Personal & Car related issue,Not Applicable,Not Applicable,458,Not Applicable,0,,
2024-07-01 12:05:00,CNR7741035199,Canceled by Customer,CID151264,Prime Plus,Indiranagar,Langford Town,,,Driver is not moving towards pickup location,Not Applicable,Not Applicable,Not Applicable,243,Not Applicable,0,,
2024-07-26 06:49:00,CNR8062811640,Canceled by Driver,CID465142,Auto,Whitefield,Peenya,,,Not Applicable,Personal & Car related issue,Not Applicable,Not Applicable,281,Not Applicable,0,,
2024-07-11 14:19:00,CNR3121109487,Success,CID772490,Prime Sedan,Padmanabhanagar,Sarjapur Road,287.0,140.0,Not Applicable,Not Applicable,No,Not Applicable,367,Cash,22,4.7,3.5
2024-07-24 06:27:00,CNR4602364373,Success,CID845822,Bike,Chickpet,Banashankari,182.0,100.0,Not Applicable,Not Applicable,No,Not Applicable,619,Cash,13,4.2,4.6
2024-07-29 20:57:00,CNR1297165134,Canceled by Driver,CID871362,Prime Plus,Chamarajpet,Langford Town,,,Not Applicable,Customer was coughing/sick,Not Applicable,Not Applicable,129,Not Applicable,0,,
2024-07-24 23:14:00,CNR6561870402,Success,CID618875,Prime Plus,Nagarbhavi,RT Nagar,224.0,95.0,Not Applicable,Not Applicable,No,Not Applicable,442,Cash,34,3.1,3.7
2024-07-04 21:02:00,CNR9347622506,Success,CID262729,Prime Plus,Shantinagar,Jayanagar,287.0,35.0,Not Applicable,Not Applicable,Yes,Customer Demand,957,Cash,38,3.4,3.8
2024-07-16 00:13:00,CNR4296901208,Canceled by Driver,CID868012,Prime SUV,Bannerghatta Road,Chamarajpet,,,Not Applicable,Customer related issue,Not Applicable,Not Applicable,614,Not Applicable,0,,
2024-07-09 02:40:00,CNR5353833362,Success,CID674433,eBike,Chickpet,Vijayanagar,168.0,140.0,Not Applicable,Not Applicable,No,Not Applicable,363,UPI,24,3.4,4.7
2024-07-19 21:16:00,CNR7414844298,Success,CID189751,Prime SUV,Vijayanagar,Mysore Road,252.0,100.0,Not Applicable,Not Applicable,No,Not Applicable,313,Cash,9,3.3,3.4
2024-07-03 00:41:00,CNR1906080998,Driver Not Found,CID523225,Prime Plus,Banashankari,Kammanahalli,,,Not Applicable,Not Applicable,Not Applicable,Not Applicable,385,Not Applicable,0,,
2024-07-07 08:50:00,CNR3735906003,Success,CID262363,Auto,Sarjapur Road,Chamarajpet,105.0,130.0,Not Applicable,Not Applicable,Yes,Vehicle Breakdown,493,UPI,8,4.6,4.3
2024-07-21 22:58:00,CNR7037520114,Canceled by Customer,CID723042,Bike,Electronic City,Hulimavu,,,AC is Not working,Not Applicable,Not Applicable,Not Applicable,621,Not Applicable,0,,
2024-07-02 03:52:00,CNR1992634442,Canceled by Customer,CID348172,Prime Sedan,Banashankari,Shivajinagar,,,Driver is not moving towards pickup location,Not Applicable,Not Applicable,Not Applicable,498,Not Applicable,0,,
2024-07-04 06:55:00,CNR1272639244,Success,CID152937,eBike,Majestic,Yeshwanthpur,287.0,25.0,Not Applicable,Not Applicable,No,Not Applicable,121,UPI,36,4.8,4.5
2024-07-05 21:40:00,CNR9272252870,Success,CID240657,Prime Sedan,RT Nagar,Basavanagudi,126.0,70.0,Not Applicable,Not Applicable,No,Not Applicable,107,Cash,16,4.4,4.8
2024-07-26 07:05:00,CNR2737754582,Success,CID997203,Prime Sedan,Cox Town,Jayanagar,217.0,145.0,Not Applicable,Not Applicable,No,Not Applicable,499,UPI,11,3.3,4.8
2024-07-07 14:33:00,CNR6161595647,Canceled by Driver,CID719990,Bike,Hosur Road,Bannerghatta Road,,,Not Applicable,Customer related issue,Not Applicable,Not Applicable,668,Not Applicable,0,,
2024-07-28 19:51:00,CNR9444249471,Canceled by Driver,CID168897,Bike,Ramamurthy Nagar,Banashankari,,,Not Applicable,Personal & Car related issue,Not Applicable,Not Applicable,166,Not Applicable,0,,
2024-07-27 05:12:00,CNR6376979494,Success,CID970064,Mini,Sarjapur Road,Richmond Town,287.0,145.0,Not Applicable,Not Applicable,No,Not Applicable,473,UPI,3,3.8,3.6
2024-07-19 16:03:00,CNR1083869058,Success,CID825878,Bike,Sahakar Nagar,HSR Layout,70.0,75.0,Not Applicable,Not Applicable,No,Not Applicable,900,UPI,10,4.5,4.0
2024-07-08 16:49:00,CNR5134364592,Success,CID671939,Mini,Chamarajpet,Hebbal,224.0,110.0,Not Applicable,Not Applicable,No,Not Applicable,549,Cash,1,4.4,3.2
2024-07-06 05:07:00,CNR6034784890,Success,CID677166,Bike,Electronic City,Hosur Road,119.0,40.0,Not Applicable,Not Applicable,No,Not Applicable,539,Cash,22,4.1,3.8
2024-07-06 01:57:00,CNR9387034121,Success,CID523994,Prime SUV,Jayanagar,Ramamurthy Nagar,175.0,35.0,Not Applicable,Not Applicable,No,Not Applicable,140,Cash,28,4.8,4.0
2024-07-24 09:55:00,CNR1475074933,Canceled by Driver,CID541749,Prime Sedan,Banashankari,Hulimavu,,,Not Applicable,Customer was coughing/sick,Not Applicable,Not Applicable,181,Not Applicable,0,,
2024-07-13 11:59:00,CNR4114789970,Canceled by Customer,CID508755,Bike,Varthur,KR Puram,,,Driver asked to cancel,Not Applicable,Not Applicable,Not Applicable,148,Not Applicable,0,,
2024-07-27 03:31:00,CNR5352528045,Driver Not Found,CID936338,Auto,Chickpet,Kadugodi,,,Not Applicable,Not Applicable,Not Applicable,Not Applicable,459,Not Applicable,0,,
2024-07-23 00:27:00,CNR3619426938,Success,CID191487,Prime Sedan,Kengeri,Koramangala,168.0,35.0,Not Applicable,Not Applicable,No,Not Applicable,468,Cash,10,4.8,4.6
2024-07-07 09:25:00,CNR8111463093,Success,CID766522,Auto,Ulsoor,JP Nagar,105.0,50.0,Not Applicable,Not Applicable,No,Not Applicable,240,Cash,14,4.2,5.0
2024-07-10 17:43:00,CNR6179610841,Success,CID468257,Bike,Frazer Town,Yelahanka,280.0,125.0,Not Applicable,Not Applicable,No,Not Applicable,196,Cash,15,4.0,3.1
2024-07-10 01:18:00,CNR6783121933,Success,CID305967,Prime SUV,Ulsoor,Hosur Road,49.0,35.0,Not Applicable,Not Applicable,No,Not Applicable,641,Cash,12,4.1,3.4
2024-07-08 10:19:00,CNR5508571859,Success,CID679076,Auto,Shivajinagar,Chamarajpet,175.0,145.0,Not Applicable,Not Applicable,No,Not Applicable,265,Cash,5,4.6,4.1
2024-07-02 13:30:00,CNR7380747950,Success,CID641285,Auto,Ramamurthy Nagar,Hebbal,189.0,40.0,Not Applicable,Not Applicable,No,Not Applicable,782,Cash,12,4.4,4.2
2024-07-16 11:38:00,CNR9914187290,Success,CID828385,Bike,Rajajinagar,Hebbal,259.0,80.0,Not Applicable,Not Applicable,No,Not Applicable,201,UPI,30,3.3,4.0
2024-07-22 22:07:00,CNR8967555254,Success,CID429523,Prime SUV,Magadi Road,Tumkur Road,147.0,40.0,Not Applicable,Not Applicable,No,Not Applicable,401,Cash,7,4.3,4.6
2024-07-06 13:02:00,CNR6282117710,Success,CID756833,Mini,Padmanabhanagar,HSR Layout,189.0,85.0,Not Applicable,Not Applicable,No,Not Applicable,346,UPI,24,3.8,3.3
2024-07-20 12:16:00,CNR5536672110,Success,CID243106,Prime Sedan,Majestic,Yeshwanthpur,42.0,65.0,Not Applicable,Not Applicable,No,Not Applicable,722,Cash,48,3.1,3.8
2024-07-01 02:07:00,CNR7888490754,Canceled by Driver,CID212592,Prime SUV,Banashankari,Chamarajpet,,,Not Applicable,Customer related issue,Not Applicable,Not Applicable,142,Not Applicable,0,,
2024-07-17 13:46:00,CNR5043085161,Success,CID410597,Auto,Banashankari,Vijayanagar,98.0,40.0,Not Applicable,Not Applicable,Yes,Customer Demand,477,Cash,7,4.4,3.8
2024-07-02 08:29:00,CNR3831201844,Success,CID534807,Bike,BTM Layout,Rajarajeshwari Nagar,294.0,40.0,Not Applicable,Not Applicable,No,Not Applicable,499,Cash,40,3.3,4.1
2024-07-02 07:25:00,CNR8534051043,Canceled by Driver,CID795460,eBike,Shantinagar,Varthur,,,Not Applicable,Customer related issue,Not Applicable,Not Applicable,1559,Not Applicable,0,,
2024-07-09 00:41:00,CNR9295510500,Canceled by Customer,CID926999,Mini,Rajarajeshwari Nagar,Basavanagudi,,,AC is Not working,Not Applicable,Not Applicable,Not Applicable,276,Not Applicable,0,,
2024-07-12 02:55:00,CNR2530726180,Success,CID307626,Prime Sedan,Whitefield,Malleshwaram,70.0,70.0,Not Applicable,Not Applicable,No,Not Applicable,392,Cash,30,3.1,4.2
2024-07-20 19:15:00,CNR4104316460,Success,CID432851,Prime Plus,Jayanagar,Kammanahalli,42.0,105.0,Not Applicable,Not Applicable,No,Not Applicable,842,Cash,19,4.2,4.9
2024-07-04 06:50:00,CNR8985691582,Canceled by Customer,CID278918,Mini,BTM Layout,MG Road,,,AC is Not working,Not Applicable,Not Applicable,Not Applicable,118,Not Applicable,0,,
2024-07-03 12:16:00,CNR7971689465,Canceled by Customer,CID995157,Prime SUV,Sahakar Nagar,Banashankari,,,Driver asked to cancel,Not Applicable,Not Applicable,Not Applicable,529,Not Applicable,0,,
2024-07-15 12:54:00,CNR7919735291,Success,CID621199,eBike,Devanahalli,Varthur,133.0,80.0,Not Applicable,Not Applicable,No,Not Applicable,669,Cash,47,4.5,4.4
2024-07-29 07:59:00,CNR1643972093,Driver Not Found,CID266200,Auto,BTM Layout,Indiranagar,,,Not Applicable,Not Applicable,Not Applicable,Not Applicable,658,Not Applicable,0,,
2024-07-22 10:52:00,CNR1223051731,Success,CID838922,Prime SUV,Sahakar Nagar,Electronic City,126.0,115.0,Not Applicable,Not Applicable,No,Not Applicable,572,Credit Card,39,4.1,4.8
2024-07-19 21:47:00,CNR3763559021,Success,CID708479,eBike,Hebbal,Ramamurthy Nagar,168.0,135.0,Not Applicable,Not Applicable,No,Not Applicable,198,UPI,7,3.1,3.2
2024-07-15 09:22:00,CNR8029544752,Canceled by Driver,CID807294,Prime SUV,Hebbal,Bannerghatta Road,,,Not Applicable,Customer was coughing/sick,Not Applicable,Not Applicable,300,Not Applicable,0,,
2024-07-01 11:38:00,CNR6206554735,Canceled by Driver,CID710642,eBike,Electronic City,Hebbal,,,Not Applicable,Customer related issue,Not Applicable,Not Applicable,256,Not Applicable,0,,
2024-07-06 00:13:00,CNR6111322691,Success,CID672363,Prime Sedan,Varthur,Malleshwaram,56.0,35.0,Not Applicable,Not Applicable,No,Not Applicable,399,Cash,22,3.4,4.0
2024-07-12 21:57:00,CNR7217340539,Success,CID996545,Prime SUV,KR Puram,Ramamurthy Nagar,308.0,75.0,Not Applicable,Not Applicable,No,Not Applicable,110,UPI,37,4.0,3.5
2024-07-07 22:55:00,CNR9780657085,Success,CID463241,eBike,Tumkur Road,Rajajinagar,294.0,35.0,Not Applicable,Not Applicable,No,Not Applicable,123,UPI,2,4.2,3.1
2024-07-29 00:30:00,CNR7458712480,Success,CID332260,Prime SUV,Shivajinagar,Kadugodi,35.0,120.0,Not Applicable,Not Applicable,No,Not Applicable,316,Cash,28,4.5,4.3
2024-07-18 00:26:00,CNR3827503985,Success,CID132984,eBike,BTM Layout,Frazer Town,63.0,110.0,Not Applicable,Not Applicable,No,Not Applicable,445,UPI,12,3.9,3.3
2024-07-18 15:29:00,CNR8781014261,Success,CID117076,Prime SUV,HSR Layout,Cox Town,294.0,40.0,Not Applicable,Not Applicable,No,Not Applicable,224,Cash,39,3.3,4.0
2024-07-01 14:19:00,CNR3128912814,Success,CID455791,eBike,Shivajinagar,Varthur,301.0,140.0,Not Applicable,Not Applicable,No,Not Applicable,370,UPI,37,4.7,4.4
2024-07-06 01:07:00,CNR7393313873,Canceled by Customer,CID692551,Prime Plus,Bannerghatta Road,Frazer Town,,,Driver is not moving towards pickup location,Not Applicable,Not Applicable,Not Applicable,241,Not Applicable,0,,
2024-07-15 20:56:00,CNR1162753384,Success,CID809904,Prime Plus,Hosur Road,Malleshwaram,84.0,95.0,Not Applicable,Not Applicable,No,Not Applicable,219,UPI,10,4.4,4.1
2024-07-26 01:17:00,CNR3503730901,Canceled by Driver,CID535534,Auto,Kadugodi,Ramamurthy Nagar,,,Not Applicable,Customer was coughing/sick,Not Applicable,Not Applicable,874,Not Applicable,0,,
2024-07-19 16:34:00,CNR1813777916,Success,CID140318,Prime Sedan,Bannerghatta Road,Jayanagar,84.0,100.0,Not Applicable,Not Applicable,No,Not Applicable,186,UPI,17,4.1,4.3
2024-07-20 17:05:00,CNR6673718498,Success,CID686394,Auto,Yelahanka,Malleshwaram,224.0,130.0,Not Applicable,Not Applicable,No,Not Applicable,263,Cash,1,4.1,3.9
2024-07-21 07:31:00,CNR3666001946,Canceled by Driver,CID960939,Prime SUV,Indiranagar,Ramamurthy Nagar,,,Not Applicable,More than permitted people in there,Not Applicable,Not Applicable,552,Not Applicable,0,,
2024-07-01 08:46:00,CNR6040846014,Driver Not Found,CID151085,Prime Sedan,Frazer Town,Shivajinagar,,,Not Applicable,Not Applicable,Not Applicable,Not Applicable,794,Not Applicable,0,,
2024-07-17 05:24:00,CNR3126309429,Driver Not Found,CID922494,Prime SUV,Rajarajeshwari Nagar,Whitefield,,,Not Applicable,Not Applicable,Not Applicable,Not Applicable,134,Not Applicable,0,,
2024-07-27 15:03:00,CNR4892152510,Success,CID759805,Mini,Magadi Road,Bellandur,224.0,90.0,Not Applicable,Not Applicable,No,Not Applicable,261,Cash,40,4.0,3.9
2024-07-30 10:40:00,CNR4665453222,Driver Not Found,CID543556,Prime SUV,Hulimavu,Bellandur,,,Not Applicable,Not Applicable,Not Applicable,Not Applicable,597,Not Applicable,0,,
2024-07-11 20:08:00,CNR7603988120,Success,CID883581,Bike,Bellandur,Yelahanka,161.0,35.0,Not Applicable,Not Applicable,No,Not Applicable,394,UPI,27,3.1,4.9
2024-07-05 20:17:00,CNR6018528232,Canceled by Customer,CID586162,Bike,Bannerghatta Road,HSR Layout,,,AC is Not working,Not Applicable,Not Applicable,Not Applicable,1475,Not Applicable,0,,
2024-07-03 19:08:00,CNR6420278804,Success,CID800213,Prime Plus,Nagarbhavi,Sarjapur Road,119.0,65.0,Not Applicable,Not Applicable,No,Not Applicable,927,UPI,37,3.9,3.1
2024-07-26 00:21:00,CNR4638498305,Canceled by Driver,CID170750,Mini,Marathahalli,Hebbal,,,Not Applicable,Customer related issue,Not Applicable,Not Applicable,407,Not Applicable,0,,
2024-07-29 00:07:00,CNR4039572187,Success,CID104082,Mini,Kadugodi,Majestic,203.0,45.0,Not Applicable,Not Applicable,No,Not Applicable,114,Cash,32,3.6,4.4
2024-07-21 03:14:00,CNR8399905553,Success,CID417574,Bike,Shivajinagar,Electronic City,175.0,70.0,Not Applicable,Not Applicable,No,Not Applicable,428,UPI,42,3.3,4.4
2024-07-03 01:16:00,CNR3836478387,Success,CID437049,Auto,Sarjapur Road,Tumkur Road,224.0,45.0,Not Applicable,Not Applicable,No,Not Applicable,117,Cash,2,4.7,3.4
2024-07-23 17:27:00,CNR5809138186,Canceled by Driver,CID644791,Prime SUV,Basavanagudi,Sahakar Nagar,,,Not Applicable,Personal & Car related issue,Not Applicable,Not Applicable,672,Not Applicable,0,,
2024-07-08 03:02:00,CNR9128377045,Success,CID329107,Auto,Whitefield,BTM Layout,273.0,125.0,Not Applicable,Not Applicable,No,Not Applicable,204,Cash,13,3.7,3.0
2024-07-30 19:27:00,CNR3953991257,Driver Not Found,CID260765,eBike,Hennur,Yelahanka,,,Not Applicable,Not Applicable,Not Applicable,Not Applicable,111,Not Applicable,0,,
2024-07-25 13:07:00,CNR3880237447,Success,CID227008,eBike,JP Nagar,Whitefield,175.0,110.0,Not Applicable,Not Applicable,No,Not Applicable,422,UPI,24,3.9,3.8
2024-07-20 19:38:00,CNR3556798814,Driver Not Found,CID860070,Prime Sedan,Yeshwanthpur,Sahakar Nagar,,,Not Applicable,Not Applicable,Not Applicable,Not Applicable,228,Not Applicable,0,,
2024-07-29 05:31:00,CNR4294019021,Canceled by Driver,CID277312,Auto,Hebbal,Bannerghatta Road,,,Not Applicable,Personal & Car related issue,Not Applicable,Not Applicable,2652,Not Applicable,0,,
2024-07-15 15:22:00,CNR1635625670,Canceled by Driver,CID308960,Bike,Hulimavu,Yeshwanthpur,,,Not Applicable,More than permitted people in there,Not Applicable,Not Applicable,350,Not Applicable,0,,
2024-07-19 12:31:00,CNR4141947235,Canceled by Customer,CID451494,Bike,KR Puram,Marathahalli,,,Driver is not moving towards pickup location,Not Applicable,Not Applicable,Not Applicable,311,Not Applicable,0,,
2024-07-28 18:38:00,CNR2938794580,Success,CID689841,Bike,Malleshwaram,Hosur Road,63.0,80.0,Not Applicable,Not Applicable,No,Not Applicable,1556,UPI,19,4.3,3.8
2024-07-25 17:11:00,CNR7020770108,Canceled by Driver,CID948490,Mini,Hosur Road,KR Puram,,,Not Applicable,Customer related issue,Not Applicable,Not Applicable,462,Not Applicable,0,,
2024-07-30 17:37:00,CNR4086738454,Success,CID138722,Prime Sedan,HSR Layout,Kammanahalli,189.0,105.0,Not Applicable,Not Applicable,No,Not Applicable,466,UPI,35,5.0,5.0
2024-07-11 01:31:00,CNR8723139175,Success,CID741961,Prime SUV,Langford Town,HSR Layout,147.0,90.0,Not Applicable,Not Applicable,No,Not Applicable,401,Cash,6,4.9,3.3
2024-07-27 13:22:00,CNR7702933483,Success,CID346250,Prime Sedan,Nagarbhavi,Banashankari,105.0,145.0,Not Applicable,Not Applicable,No,Not Applicable,327,Cash,22,3.5,4.5
2024-07-02 09:35:00,CNR1366580078,Success,CID166791,eBike,RT Nagar,Vijayanagar,147.0,45.0,Not Applicable,Not Applicable,No,Not Applicable,747,UPI,8,4.7,4.1
2024-07-30 18:35:00,CNR6957367024,Success,CID869717,Mini,Rajarajeshwari Nagar,Langford Town,273.0,115.0,Not Applicable,Not Applicable,No,Not Applicable,250,UPI,8,4.9,4.6
2024-07-10 10:34:00,CNR9379233982,Success,CID601159,Bike,RT Nagar,Rajajinagar,168.0,30.0,Not Applicable,Not Applicable,No,Not Applicable,113,UPI,31,3.3,4.6
2024-07-10 04:56:00,CNR1851125042,Driver Not Found,CID289129,Prime Plus,JP Nagar,Koramangala,,,Not Applicable,Not Applicable,Not Applicable,Not Applicable,343,Not Applicable,0,,
2024-07-17 18:19:00,CNR4027747090,Success,CID753568,Bike,MG Road,Marathahalli,238.0,115.0,Not Applicable,Not Applicable,No,Not Applicable,742,Cash,46,3.5,4.9
2024-07-29 01:11:00,CNR5160388604,Driver Not Found,CID574521,Mini,Yelahanka,Shivajinagar,,,Not Applicable,Not Applicable,Not Applicable,Not Applicable,832,Not Applicable,0,,
2024-07-26 09:25:00,CNR1921543727,Success,CID432733,Bike,JP Nagar,Banashankari,56.0,115.0,Not Applicable,Not Applicable,No,Not Applicable,834,Cash,28,4.5,3.9
2024-07-21 12:09:00,CNR4594418518,Success,CID256431,Prime Sedan,Rajarajeshwari Nagar,HSR Layout,266.0,85.0,Not Applicable,Not Applicable,No,Not Applicable,342,Cash,46,3.2,4.5
2024-07-12 19:29:00,CNR9452527025,Success,CID443049,Auto,JP Nagar,Magadi Road,224.0,100.0,Not Applicable,Not Applicable,No,Not Applicable,2856,UPI,18,3.2,4.1
2024-07-17 16:01:00,CNR7001224000,Canceled by Customer,CID379528,Prime SUV,Hulimavu,Hulimavu,,,AC is Not working,Not Applicable,Not Applicable,Not Applicable,678,Not Applicable,0,,
2024-07-12 08:14:00,CNR9243375761,Driver Not Found,CID590634,eBike,Hosur Road,Shivajinagar,,,Not Applicable,Not Applicable,Not Applicable,Not Applicable,150,Not Applicable,0,,
2024-07-27 12:46:00,CNR5492518337,Success,CID158829,Auto,Marathahalli,Bannerghatta Road,63.0,45.0,Not Applicable,Not Applicable,No,Not Applicable,190,Cash,5,4.7,4.1
2024-07-30 04:53:00,CNR6771812263,Success,CID782425,Auto,Banashankari,Magadi Road,182.0,30.0,Not Applicable,Not Applicable,No,Not Applicable,159,Cash,3,4.7,4.6
2024-07-11 09:46:00,CNR1425488933,Success,CID724784,eBike,Bellandur,BTM Layout,98.0,120.0,Not Applicable,Not Applicable,No,Not Applicable,878,Cash,30,4.5,4.7
2024-07-06 17:19:00,CNR9526344917,Canceled by Customer,CID563242,Mini,Indiranagar,Koramangala,,,Driver asked to cancel,Not Applicable,Not Applicable,Not Applicable,453,Not Applicable,0,,
2024-07-09 23:08:00,CNR9051855808,Success,CID885168,eBike,Hebbal,KR Puram,161.0,45.0,Not Applicable,Not Applicable,No,Not Applicable,128,Cash,3,4.8,3.5
2024-07-30 20:23:00,CNR7843862765,Canceled by Driver,CID476855,Prime SUV,Sahakar Nagar,Marathahalli,,,Not Applicable,More than permitted people in there,Not Applicable,Not Applicable,987,Not Applicable,0,,
2024-07-20 06:05:00,CNR1935005313,Canceled by Customer,CID158896,Auto,Bannerghatta Road,Ulsoor,,,Wrong Address,Not Applicable,Not Applicable,Not Applicable,271,Not Applicable,0,,
2024-07-11 20:19:00,CNR8582963143,Canceled by Customer,CID482753,Bike,Tumkur Road,Malleshwaram,,,Change of plans,Not Applicable,Not Applicable,Not Applicable,547,Not Applicable,0,,
2024-07-30 06:00:00,CNR8485571059,Driver Not Found,CID576824,Bike,Bellandur,Mysore Road,,,Not Applicable,Not Applicable,Not Applicable,Not Applicable,195,Not Applicable,0,,
2024-07-12 10:08:00,CNR2768719134,Canceled by Customer,CID896866,eBike,Koramangala,Electronic City,,,Wrong Address,Not Applicable,Not Applicable,Not Applicable,236,Not Applicable,0,,
2024-07-18 22:10:00,CNR7327693614,Canceled by Driver,CID764746,Prime Plus,Nagarbhavi,Sarjapur Road,,,Not Applicable,Customer related issue,Not Applicable,Not Applicable,393,Not Applicable,0,,
2024-07-11 11:06:00,CNR8375944017,Success,CID523691,Mini,Chickpet,Nagarbhavi,119.0,75.0,Not Applicable,Not Applicable,No,Not Applicable,252,Cash,35,4.6,4.5
2024-07-02 01:06:00,CNR4807774685,Success,CID625969,eBike,Tumkur Road,Magadi Road,217.0,115.0,Not Applicable,Not Applicable,No,Not Applicable,682,UPI,6,4.9,4.3
2024-07-30 04:05:00,CNR5412205000,Success,CID693291,Prime SUV,Padmanabhanagar,Shivajinagar,252.0,115.0,Not Applicable,Not Applicable,No,Not Applicable,2593,Cash,38,3.7,3.7
2024-07-02 23:21:00,CNR7037724868,Canceled by Driver,CID262360,Prime SUV,Sahakar Nagar,KR Puram,,,Not Applicable,More than permitted people in there,Not Applicable,Not Applicable,1783,Not Applicable,0,,
2024-07-09 23:47:00,CNR3716615952,Canceled by Customer,CID573497,Prime Sedan,HSR Layout,Frazer Town,,,Driver asked to cancel,Not Applicable,Not Applicable,Not Applicable,738,Not Applicable,0,,
2024-07-21 13:39:00,CNR6092357905,Success,CID624184,Auto,Yeshwanthpur,Hosur Road,252.0,85.0,Not Applicable,Not Applicable,No,Not Applicable,193,Cash,4,3.2,3.3
2024-07-05 08:02:00,CNR1032042136,Success,CID201202,Prime SUV,Frazer Town,Devanahalli,35.0,40.0,Not Applicable,Not Applicable,Yes,Other Issue,388,Cash,17,3.9,4.0
2024-07-30 03:06:00,CNR2976007539,Success,CID917837,Prime Sedan,Langford Town,Kengeri,308.0,75.0,Not Applicable,Not Applicable,No,Not Applicable,134,Cash,9,4.6,3.5
2024-07-12 05:55:00,CNR2545717751,Success,CID921088,Prime Plus,Hennur,Cox Town,294.0,70.0,Not Applicable,Not Applicable,No,Not Applicable,550,Cash,46,3.4,4.3
2024-07-25 15:31:00,CNR4850488669,Success,CID457256,Mini,HSR Layout,MG Road,231.0,100.0,Not Applicable,Not Applicable,No,Not Applicable,246,Cash,9,4.1,4.8
2024-07-10 21:38:00,CNR5918713298,Success,CID116685,Mini,Kadugodi,HSR Layout,210.0,120.0,Not Applicable,Not Applicable,Yes,Vehicle Breakdown,1021,UPI,33,4.4,3.2
2024-07-29 01:03:00,CNR9158786636,Canceled by Driver,CID193089,Prime Sedan,Hulimavu,Jayanagar,,,Not Applicable,Customer related issue,Not Applicable,Not Applicable,387,Not Applicable,0,,
2024-07-21 03:32:00,CNR4177268474,Success,CID802723,Mini,Hosur Road,Bannerghatta Road,203.0,100.0,Not Applicable,Not Applicable,No,Not Applicable,1066,UPI,7,3.1,4.3
2024-07-30 13:00:00,CNR1156507001,Success,CID717410,eBike,Rajarajeshwari Nagar,Sarjapur Road,161.0,35.0,Not Applicable,Not Applicable,No,Not Applicable,887,Cash,28,4.3,3.3
2024-07-27 02:19:00,CNR7788555377,Canceled by Driver,CID999341,Auto,Cox Town,Peenya,,,Not Applicable,Customer related issue,Not Applicable,Not Applicable,2120,Not Applicable,0,,
2024-07-23 02:33:00,CNR4023195372,Success,CID193242,Mini,Frazer Town,Nagarbhavi,273.0,50.0,Not Applicable,Not Applicable,No,Not Applicable,387,UPI,4,4.3,3.1
2024-07-28 13:01:00,CNR9246924111,Success,CID712018,Bike,Ramamurthy Nagar,Frazer Town,56.0,110.0,Not Applicable,Not Applicable,No,Not Applicable,384,Cash,12,4.8,4.1
2024-07-21 15:05:00,CNR8942791718,Success,CID274464,Prime SUV,Devanahalli,Sahakar Nagar,189.0,145.0,Not Applicable,Not Applicable,No,Not Applicable,286,UPI,48,4.0,3.9
2024-07-06 23:28:00,CNR8561057666,Canceled by Driver,CID985194,Bike,Richmond Town,Whitefield,,,Not Applicable,Customer was coughing/sick,Not Applicable,Not Applicable,209,Not Applicable,0,,
2024-07-20 22:38:00,CNR8038737916,Canceled by Driver,CID705688,Prime Plus,Ramamurthy Nagar,Hebbal,,,Not Applicable,Customer related issue,Not Applicable,Not Applicable,1455,Not Applicable,0,,
2024-07-12 11:41:00,CNR2918030879,Canceled by Driver,CID465548,Mini,Majestic,Ramamurthy Nagar,,,Not Applicable,More than permitted people in there,Not Applicable,Not Applicable,222,Not Applicable,0,,
2024-07-21 15:16:00,CNR2634025203,Success,CID744031,Prime SUV,Basavanagudi,Hennur,161.0,30.0,Not Applicable,Not Applicable,No,Not Applicable,601,UPI,43,4.4,4.2
2024-07-08 05:00:00,CNR3237562937,Canceled by Driver,CID891756,Bike,Hulimavu,Hosur Road,,,Not Applicable,More than permitted people in there,Not Applicable,Not Applicable,1591,Not Applicable,0,,
2024-07-19 07:35:00,CNR7372413031,Canceled by Driver,CID349947,Bike,RT Nagar,Hennur,,,Not Applicable,Personal & Car related issue,Not Applicable,Not Applicable,365,Not Applicable,0,,
2024-07-23 09:21:00,CNR2757721606,Canceled by Customer,CID205133,eBike,Vijayanagar,KR Puram,,,AC is Not working,Not Applicable,Not Applicable,Not Applicable,397,Not Applicable,0,,
2024-07-24 15:03:00,CNR8101574692,Canceled by Driver,CID182063,Prime Sedan,Yelahanka,Sahakar Nagar,,,Not Applicable,More than permitted people in there,Not Applicable,Not Applicable,338,Not Applicable,0,,
2024-07-14 15:35:00,CNR1885750548,Canceled by Customer,CID969242,eBike,Bellandur,Sarjapur Road,,,Driver asked to cancel,Not Applicable,Not Applicable,Not Applicable,280,Not Applicable,0,,
2024-07-05 10:37:00,CNR5874070064,Canceled by Customer,CID933538,Bike,Yelahanka,Hebbal,,,Driver is not moving towards pickup location,Not Applicable,Not Applicable,Not Applicable,252,Not Applicable,0,,
2024-07-19 11:55:00,CNR9787561000,Success,CID368510,Prime SUV,Shivajinagar,Frazer Town,224.0,110.0,Not Applicable,Not Applicable,No,Not Applicable,101,UPI,16,4.0,4.7
2024-07-03 18:40:00,CNR6845246002,Success,CID898945,eBike,Rajajinagar,Richmond Town,168.0,70.0,Not Applicable,Not Applicable,Yes,Customer Demand,367,Cash,11,3.0,3.5
2024-07-18 19:59:00,CNR4053806975,Canceled by Driver,CID803036,Prime Plus,Kadugodi,Magadi Road,,,Not Applicable,More than permitted people in there,Not Applicable,Not Applicable,434,Not Applicable,0,,
2024-07-09 18:55:00,CNR7757643876,Success,CID727274,Prime SUV,Whitefield,RT Nagar,56.0,95.0,Not Applicable,Not Applicable,No,Not Applicable,464,Cash,38,4.0,3.0
2024-07-25 02:02:00,CNR1373659176,Canceled by Driver,CID184634,Bike,Ulsoor,Cox Town,,,Not Applicable,Customer related issue,Not Applicable,Not Applicable,155,Not Applicable,0,,
2024-07-11 19:48:00,CNR7327074014,Success,CID228331,Auto,HSR Layout,HSR Layout,56.0,145.0,Not Applicable,Not Applicable,No,Not Applicable,216,Cash,19,3.1,3.1
2024-07-25 03:27:00,CNR4686661804,Success,CID604728,Bike,Nagarbhavi,Langford Town,266.0,70.0,Not Applicable,Not Applicable,No,Not Applicable,275,Cash,46,3.6,4.7
2024-07-24 04:47:00,CNR8871856127,Success,CID635923,Prime Sedan,Hebbal,Chamarajpet,259.0,25.0,Not Applicable,Not Applicable,No,Not Applicable,498,Cash,17,3.4,4.3
2024-07-02 11:56:00,CNR4841548551,Success,CID154068,Auto,Kammanahalli,Mysore Road,189.0,115.0,Not Applicable,Not Applicable,No,Not Applicable,801,UPI,18,4.8,4.5
2024-07-09 02:31:00,CNR4485487694,Canceled by Driver,CID936760,Prime Plus,Padmanabhanagar,Kengeri,,,Not Applicable,Customer related issue,Not Applicable,Not Applicable,436,Not Applicable,0,,
2024-07-05 12:47:00,CNR9552214006,Canceled by Customer,CID476545,Prime Sedan,RT Nagar,Sarjapur Road,,,AC is Not working,Not Applicable,Not Applicable,Not Applicable,313,Not Applicable,0,,
2024-07-15 08:30:00,CNR4766288649,Canceled by Customer,CID526505,Prime Sedan,Hebbal,Padmanabhanagar,,,Driver is not moving towards pickup location,Not Applicable,Not Applicable,Not Applicable,308,Not Applicable,0,,
2024-07-12 07:40:00,CNR8835876978,Canceled by Customer,CID508919,Mini,Langford Town,Bannerghatta Road,,,Change of plans,Not Applicable,Not Applicable,Not Applicable,542,Not Applicable,0,,
2024-07-08 16:45:00,CNR8945802273,Success,CID167563,Prime Sedan,Ulsoor,Cox Town,266.0,115.0,Not Applicable,Not Applicable,No,Not Applicable,472,UPI,35,3.5,4.7
2024-07-08 10:48:00,CNR1209552294,Canceled by Driver,CID750313,eBike,Sahakar Nagar,Yelahanka,,,Not Applicable,Personal & Car related issue,Not Applicable,Not Applicable,360,Not Applicable,0,,
2024-07-26 12:30:00,CNR7991192419,Success,CID920838,Auto,JP Nagar,Shantinagar,154.0,70.0,Not Applicable,Not Applicable,No,Not Applicable,239,UPI,2,4.9,4.2
2024-07-01 05:20:00,CNR6447036686,Driver Not Found,CID339057,Bike,Chamarajpet,Hosur Road,,,Not Applicable,Not Applicable,Not Applicable,Not Applicable,375,Not Applicable,0,,
2024-07-22 08:19:00,CNR2387941952,Success,CID182621,eBike,Hennur,Vijayanagar,35.0,70.0,Not Applicable,Not Applicable,No,Not Applicable,396,UPI,7,4.6,3.5
2024-07-06 09:34:00,CNR4895959969,Success,CID438046,Auto,Banashankari,Richmond Town,210.0,45.0,Not Applicable,Not Applicable,No,Not Applicable,404,UPI,14,4.4,3.4
2024-07-04 17:45:00,CNR2280106065,Success,CID267588,Auto,Basavanagudi,Majestic,56.0,45.0,Not Applicable,Not Applicable,No,Not Applicable,713,UPI,7,4.4,3.2
2024-07-01 12:41:00,CNR8451431033,Canceled by Customer,CID726546,Mini,Kammanahalli,Koramangala,,,Driver is not moving towards pickup location,Not Applicable,Not Applicable,Not Applicable,898,Not Applicable,0,,
2024-07-19 22:28:00,CNR9227330803,Driver Not Found,CID255068,Auto,Yeshwanthpur,Hulimavu,,,Not Applicable,Not Applicable,Not Applicable,Not Applicable,166,Not Applicable,0,,
2024-07-12 14:39:00,CNR8450199760,Success,CID768998,Auto,Frazer Town,Kengeri,35.0,135.0,Not Applicable,Not Applicable,No,Not Applicable,535,Cash,8,3.1,3.2
2024-07-13 14:26:00,CNR7757337341,Canceled by Driver,CID397638,Prime Plus,MG Road,Yeshwanthpur,,,Not Applicable,Customer was coughing/sick,Not Applicable,Not Applicable,174,Not Applicable,0,,
2024-07-28 20:22:00,CNR2114050168,Success,CID361440,Mini,Mysore Road,Sarjapur Road,84.0,55.0,Not Applicable,Not Applicable,No,Not Applicable,852,Cash,26,4.1,4.5
2024-07-29 10:02:00,CNR1712698145,Canceled by Customer,CID774281,Prime SUV,Hebbal,Varthur,,,Driver is not moving towards pickup location,Not Applicable,Not Applicable,Not Applicable,944,Not Applicable,0,,
2024-07-08 14:58:00,CNR8377718828,Success,CID573476,Prime Sedan,Electronic City,BTM Layout,35.0,100.0,Not Applicable,Not Applicable,No,Not Applicable,324,UPI,10,3.9,4.4
2024-07-21 09:13:00,CNR9307133768,Success,CID384001,Prime Plus,Majestic,Kammanahalli,224.0,40.0,Not Applicable,Not Applicable,No,Not Applicable,1445,Cash,39,4.4,4.5
2024-07-09 20:58:00,CNR9714731226,Success,CID519913,Prime SUV,Varthur,Magadi Road,182.0,110.0,Not Applicable,Not Applicable,No,Not Applicable,246,Cash,10,3.4,4.9
2024-07-24 20:33:00,CNR6065238063,Success,CID206782,Prime SUV,Bellandur,Ramamurthy Nagar,308.0,145.0,Not Applicable,Not Applicable,No,Not Applicable,302,Cash,15,3.3,3.0
2024-07-21 16:23:00,CNR7165641160,Success,CID993599,Prime SUV,Marathahalli,Whitefield,266.0,125.0,Not Applicable,Not Applicable,No,Not Applicable,629,Cash,4,3.7,3.6
2024-07-13 10:29:00,CNR6770144127,Success,CID499883,Prime SUV,Nagarbhavi,Kammanahalli,273.0,85.0,Not Applicable,Not Applicable,No,Not Applicable,555,Cash,43,4.2,4.1
2024-07-29 03:29:00,CNR2171017276,Success,CID553741,Mini,Indiranagar,Marathahalli,147.0,120.0,Not Applicable,Not Applicable,No,Not Applicable,420,UPI,21,3.5,3.7
2024-07-28 13:45:00,CNR5950578598,Success,CID468769,Prime SUV,Koramangala,Bannerghatta Road,217.0,135.0,Not Applicable,Not Applicable,No,Not Applicable,395,Cash,28,5.0,4.8
2024-07-08 17:23:00,CNR1852774074,Success,CID334729,Prime Sedan,Mysore Road,Bellandur,238.0,50.0,Not Applicable,Not Applicable,No,Not Applicable,218,Cash,3,3.6,3.1
2024-07-28 14:54:00,CNR9100389090,Canceled by Customer,CID406878,Auto,Richmond Town,Kadugodi,,,Driver is not moving towards pickup location,Not Applicable,Not Applicable,Not Applicable,300,Not Applicable,0,,
2024-07-21 13:21:00,CNR3162988323,Success,CID311369,Bike,Frazer Town,Chamarajpet,238.0,85.0,Not Applicable,Not Applicable,No,Not Applicable,244,Cash,36,3.4,3.2
2024-07-08 16:23:00,CNR4863244783,Canceled by Driver,CID175749,Bike,BTM Layout,Ulsoor,,,Not Applicable,Customer related issue,Not Applicable,Not Applicable,580,Not Applicable,0,,
2024-07-11 17:30:00,CNR1131437497,Success,CID228101,Bike,Malleshwaram,Cox Town,119.0,110.0,Not Applicable,Not Applicable,No,Not Applicable,566,Cash,15,3.6,3.4
2024-07-07 16:23:00,CNR9493849441,Success,CID606682,Prime Sedan,Jayanagar,Varthur,147.0,110.0,Not Applicable,Not Applicable,No,Not Applicable,553,UPI,15,3.9,3.9
2024-07-26 17:48:00,CNR8511955496,Success,CID192439,Auto,Bannerghatta Road,Hennur,168.0,130.0,Not Applicable,Not Applicable,No,Not Applicable,825,Cash,15,3.2,4.4
2024-07-03 09:33:00,CNR4278197289,Success,CID375876,Prime SUV,Langford Town,Basavanagudi,154.0,140.0,Not Applicable,Not Applicable,No,Not Applicable,461,UPI,3,3.4,4.8
2024-07-17 16:10:00,CNR3719306745,Canceled by Customer,CID998487,Bike,Varthur,RT Nagar,,,Change of plans,Not Applicable,Not Applicable,Not Applicable,380,Not Applicable,0,,
2024-07-02 03:05:00,CNR9897453642,Canceled by Customer,CID182781,Prime Plus,Cox Town,MG Road,,,Driver is not moving towards pickup location,Not Applicable,Not Applicable,Not Applicable,1378,Not Applicable,0,,
2024-07-03 12:05:00,CNR9663877392,Canceled by Customer,CID727176,Bike,Yelahanka,Majestic,,,AC is Not working,Not Applicable,Not Applicable,Not Applicable,240,Not Applicable,0,,
2024-07-02 16:20:00,CNR7527281488,Success,CID697803,Mini,MG Road,Sahakar Nagar,63.0,70.0,Not Applicable,Not Applicable,No,Not Applicable,774,UPI,45,3.4,4.2
2024-07-16 07:54:00,CNR1159326511,Success,CID816450,eBike,Mysore Road,Bannerghatta Road,196.0,85.0,Not Applicable,Not Applicable,No,Not Applicable,1094,UPI,46,3.2,4.8
2024-07-24 21:29:00,CNR5257736621,Canceled by Driver,CID197340,Prime Sedan,Yelahanka,Peenya,,,Not Applicable,Personal & Car related issue,Not Applicable,Not Applicable,232,Not Applicable,0,,
2024-07-02 17:00:00,CNR6153375011,Success,CID748383,eBike,Varthur,Rajarajeshwari Nagar,175.0,35.0,Not Applicable,Not Applicable,No,Not Applicable,176,Cash,8,3.7,4.4
2024-07-07 22:14:00,CNR5491709069,Canceled by Driver,CID457997,Prime SUV,Nagarbhavi,Rajarajeshwari Nagar,,,Not Applicable,Customer related issue,Not Applicable,Not Applicable,411,Not Applicable,0,,
2024-07-29 09:38:00,CNR5703005276,Success,CID213327,Prime SUV,Hennur,Padmanabhanagar,224.0,80.0,Not Applicable,Not Applicable,No,Not Applicable,315,UPI,33,3.7,4.5
2024-07-04 12:18:00,CNR1522156750,Canceled by Driver,CID726686,Prime SUV,MG Road,JP Nagar,,,Not Applicable,Customer related issue,Not Applicable,Not Applicable,479,Not Applicable,0,,
2024-07-23 13:57:00,CNR7318742182,Driver Not Found,CID199281,Prime Plus,Shivajinagar,Tumkur Road,,,Not Applicable,Not Applicable,Not Applicable,Not Applicable,319,Not Applicable,0,,
2024-07-15 13:49:00,CNR3433087624,Success,CID467366,Prime SUV,Yeshwanthpur,Vijayanagar,56.0,115.0,Not Applicable,Not Applicable,No,Not Applicable,384,UPI,31,4.3,4.0
2024-07-06 00:16:00,CNR8926049566,Success,CID438552,Prime Sedan,Malleshwaram,Banashankari,91.0,70.0,Not Applicable,Not Applicable,No,Not Applicable,487,Cash,16,4.5,3.6
2024-07-29 00:10:00,CNR4927464566,Success,CID939345,eBike,Ramamurthy Nagar,Shivajinagar,119.0,25.0,Not Applicable,Not Applicable,No,Not Applicable,654,Cash,22,3.7,4.8
2024-07-29 16:17:00,CNR7477881061,Success,CID156854,Bike,JP Nagar,Langford Town,196.0,35.0,Not Applicable,Not Applicable,No,Not Applicable,989,Cash,10,3.2,3.3
2024-07-09 15:22:00,CNR9340830633,Success,CID198281,Prime Plus,Ulsoor,Jayanagar,175.0,130.0,Not Applicable,Not Applicable,No,Not Applicable,144,UPI,32,3.0,3.3
2024-07-19 23:00:00,CNR9724280122,Canceled by Driver,CID330648,eBike,Malleshwaram,Varthur,,,Not Applicable,Personal & Car related issue,Not Applicable,Not Applicable,261,Not Applicable,0,,
2024-07-08 13:38:00,CNR9751774752,Canceled by Customer,CID492551,Bike,Sahakar Nagar,Marathahalli,,,Wrong Address,Not Applicable,Not Applicable,Not Applicable,456,Not Applicable,0,,
2024-07-07 09:54:00,CNR3143893521,Success,CID276816,Prime SUV,Koramangala,Whitefield,175.0,95.0,Not Applicable,Not Applicable,No,Not Applicable,107,UPI,9,3.9,4.8
2024-07-11 23:03:00,CNR2534934662,Canceled by Customer,CID885696,Prime Plus,Basavanagudi,Hulimavu,,,Change of plans,Not Applicable,Not Applicable,Not Applicable,145,Not Applicable,0,,
2024-07-13 10:44:00,CNR2230572257,Success,CID493433,Mini,Banashankari,Nagarbhavi,84.0,130.0,Not Applicable,Not Applicable,No,Not Applicable,595,UPI,38,3.5,3.7
2024-07-09 10:13:00,CNR3869616011,Canceled by Driver,CID457254,Prime Plus,Hulimavu,BTM Layout,,,Not Applicable,Customer related issue,Not Applicable,Not Applicable,390,Not Applicable,0,,
2024-07-28 03:02:00,CNR6097526349,Success,CID371688,Prime Sedan,Rajarajeshwari Nagar,RT Nagar,231.0,35.0,Not Applicable,Not Applicable,No,Not Applicable,344,Credit Card,41,4.3,4.8
2024-07-12 10:29:00,CNR3147717380,Success,CID215379,eBike,Kadugodi,Hennur,280.0,25.0,Not Applicable,Not Applicable,No,Not Applicable,464,Cash,44,3.9,3.6
2024-07-03 03:59:00,CNR8797529273,Canceled by Customer,CID403392,Prime SUV,Jayanagar,Malleshwaram,,,Change of plans,Not Applicable,Not Applicable,Not Applicable,214,Not Applicable,0,,
2024-07-13 19:51:00,CNR7607076231,Canceled by Customer,CID315840,Mini,Cox Town,Magadi Road,,,Driver is not moving towards pickup location,Not Applicable,Not Applicable,Not Applicable,254,Not Applicable,0,,
2024-07-10 05:58:00,CNR7138009191,Canceled by Driver,CID464281,Prime Plus,Majestic,Sarjapur Road,,,Not Applicable,Customer related issue,Not Applicable,Not Applicable,728,Not Applicable,0,,
2024-07-07 21:58:00,CNR3063657494,Driver Not Found,CID358630,Bike,Frazer Town,Yelahanka,,,Not Applicable,Not Applicable,Not Applicable,Not Applicable,389,Not Applicable,0,,
2024-07-29 22:49:00,CNR4771965578,Success,CID393764,Mini,Richmond Town,Rajajinagar,259.0,100.0,Not Applicable,Not Applicable,No,Not Applicable,716,Credit Card,3,3.4,4.8
2024-07-27 06:15:00,CNR9703685624,Success,CID123562,eBike,KR Puram,Ramamurthy Nagar,91.0,75.0,Not Applicable,Not Applicable,No,Not Applicable,981,UPI,15,3.9,4.6
2024-07-28 18:20:00,CNR1360600914,Success,CID972648,Mini,MG Road,Banashankari,252.0,35.0,Not Applicable,Not Applicable,No,Not Applicable,230,UPI,48,3.2,4.9
2024-07-21 18:24:00,CNR4194177493,Success,CID142020,Prime Plus,Koramangala,Jayanagar,154.0,50.0,Not Applicable,Not Applicable,No,Not Applicable,319,Cash,20,4.8,3.6
2024-07-23 07:53:00,CNR6627265652,Driver Not Found,CID933156,eBike,Nagarbhavi,Hosur Road,,,Not Applicable,Not Applicable,Not Applicable,Not Applicable,482,Not Applicable,0,,
2024-07-09 07:47:00,CNR2147067655,Success,CID721535,Bike,Sahakar Nagar,Sahakar Nagar,203.0,80.0,Not Applicable,Not Applicable,No,Not Applicable,549,Cash,14,4.9,3.2
2024-07-14 21:46:00,CNR7217171498,Success,CID817343,Mini,Malleshwaram,KR Puram,35.0,40.0,Not Applicable,Not Applicable,No,Not Applicable,279,UPI,14,4.6,3.1
2024-07-16 18:21:00,CNR3213905259,Canceled by Driver,CID356047,eBike,Banashankari,Richmond Town,,,Not Applicable,Personal & Car related issue,Not Applicable,Not Applicable,264,Not Applicable,0,,
2024-07-08 22:45:00,CNR3044851343,Success,CID221818,Prime Sedan,Hebbal,Sahakar Nagar,98.0,95.0,Not Applicable,Not Applicable,No,Not Applicable,489,UPI,37,4.9,3.4
2024-07-29 14:20:00,CNR5150052999,Success,CID396080,eBike,Majestic,Bannerghatta Road,119.0,115.0,Not Applicable,Not Applicable,No,Not Applicable,192,Cash,5,4.7,4.3
2024-07-07 11:50:00,CNR2317205666,Success,CID998431,Prime Plus,Majestic,Nagarbhavi,231.0,135.0,Not Applicable,Not Applicable,No,Not Applicable,348,Cash,4,3.3,3.2
2024-07-25 02:34:00,CNR2490271162,Success,CID724331,Mini,Ramamurthy Nagar,Bellandur,252.0,75.0,Not Applicable,Not Applicable,No,Not Applicable,237,UPI,35,3.8,4.2
2024-07-06 06:29:00,CNR1500848737,Success,CID363983,Auto,Rajarajeshwari Nagar,Hulimavu,224.0,100.0,Not Applicable,Not Applicable,Yes,Vehicle Breakdown,2094,UPI,3,3.5,4.4
2024-07-07 20:36:00,CNR7981704756,Canceled by Driver,CID259228,Auto,Basavanagudi,Vijayanagar,,,Not Applicable,Customer was coughing/sick,Not Applicable,Not Applicable,858,Not Applicable,0,,
2024-07-19 03:13:00,CNR6536581807,Success,CID219660,Bike,Indiranagar,Ulsoor,273.0,30.0,Not Applicable,Not Applicable,No,Not Applicable,321,UPI,37,3.1,4.8
2024-07-10 21:41:00,CNR1704662158,Success,CID165194,Prime Sedan,Peenya,Marathahalli,35.0,60.0,Not Applicable,Not Applicable,No,Not Applicable,137,UPI,45,4.7,3.7
2024-07-26 22:47:00,CNR2340641764,Success,CID409546,eBike,Koramangala,Devanahalli,154.0,40.0,Not Applicable,Not Applicable,No,Not Applicable,117,Cash,12,3.6,3.9
2024-07-12 11:03:00,CNR8860383132,Success,CID383745,Prime Plus,HSR Layout,Langford Town,49.0,105.0,Not Applicable,Not Applicable,No,Not Applicable,196,UPI,25,4.6,3.3
2024-07-18 03:07:00,CNR8023515586,Canceled by Driver,CID482885,eBike,Richmond Town,Bannerghatta Road,,,Not Applicable,Customer related issue,Not Applicable,Not Applicable,472,Not Applicable,0,,
2024-07-12 17:49:00,CNR3420007886,Success,CID327187,Prime Sedan,Koramangala,Richmond Town,168.0,35.0,Not Applicable,Not Applicable,No,Not Applicable,266,Cash,34,3.5,3.3
2024-07-06 23:06:00,CNR4855678894,Canceled by Driver,CID956925,eBike,Kammanahalli,Bellandur,,,Not Applicable,Customer related issue,Not Applicable,Not Applicable,209,Not Applicable,0,,
2024-07-12 15:08:00,CNR9466181119,Canceled by Driver,CID487044,Mini,Koramangala,Ulsoor,,,Not Applicable,Customer related issue,Not Applicable,Not Applicable,157,Not Applicable,0,,
2024-07-17 18:43:00,CNR5576844750,Canceled by Driver,CID654038,Mini,Nagarbhavi,Kadugodi,,,Not Applicable,Personal & Car related issue,Not Applicable,Not Applicable,1248,Not Applicable,0,,
2024-07-28 13:16:00,CNR2214776183,Canceled by Customer,CID836243,Prime Plus,Rajajinagar,Rajajinagar,,,Driver is not moving towards pickup location,Not Applicable,Not Applicable,Not Applicable,418,Not Applicable,0,,
2024-07-30 02:56:00,CNR6260765256,Success,CID306128,Bike,Hulimavu,Shantinagar,77.0,60.0,Not Applicable,Not Applicable,No,Not Applicable,488,UPI,49,3.8,4.7
2024-07-10 03:33:00,CNR2756174597,Canceled by Driver,CID768679,Prime SUV,Kadugodi,Shivajinagar,,,Not Applicable,Customer related issue,Not Applicable,Not Applicable,911,Not Applicable,0,,
2024-07-13 10:36:00,CNR9308210807,Canceled by Customer,CID624035,Prime Plus,RT Nagar,Varthur,,,Change of plans,Not Applicable,Not Applicable,Not Applicable,158,Not Applicable,0,,
2024-07-25 05:33:00,CNR5743131437,Success,CID312825,Prime Sedan,Langford Town,Malleshwaram,42.0,135.0,Not Applicable,Not Applicable,No,Not Applicable,102,Cash,47,3.7,3.2
2024-07-07 04:53:00,CNR8270076086,Canceled by Driver,CID491499,Prime SUV,Indiranagar,Majestic,,,Not Applicable,More than permitted people in there,Not Applicable,Not Applicable,108,Not Applicable,0,,
2024-07-18 00:30:00,CNR2081001509,Success,CID918292,Prime SUV,Kengeri,HSR Layout,84.0,25.0,Not Applicable,Not Applicable,No,Not Applicable,331,Cash,23,4.5,4.5
2024-07-29 06:39:00,CNR3410552917,Canceled by Driver,CID167363,Mini,Marathahalli,Kammanahalli,,,Not Applicable,Personal & Car related issue,Not Applicable,Not Applicable,298,Not Applicable,0,,
2024-07-04 13:46:00,CNR2040396584,Success,CID892971,Mini,HSR Layout,Tumkur Road,63.0,105.0,Not Applicable,Not Applicable,Yes,Other Issue,167,Credit Card,42,3.5,4.6
2024-07-05 12:04:00,CNR2729865924,Success,CID629328,Bike,Peenya,HSR Layout,42.0,30.0,Not Applicable,Not Applicable,No,Not Applicable,447,UPI,48,4.0,4.8
2024-07-18 13:36:00,CNR7945345657,Driver Not Found,CID404639,eBike,Indiranagar,Shantinagar,,,Not Applicable,Not Applicable,Not Applicable,Not Applicable,793,Not Applicable,0,,
2024-07-17 11:00:00,CNR8564978915,Success,CID941349,Auto,Marathahalli,Majestic,112.0,85.0,Not Applicable,Not Applicable,No,Not Applicable,1334,Cash,3,3.6,4.3
2024-07-26 08:44:00,CNR1262780268,Success,CID243889,Prime Sedan,Ramamurthy Nagar,HSR Layout,63.0,80.0,Not Applicable,Not Applicable,No,Not Applicable,593,Credit Card,16,4.2,4.3
2024-07-05 20:59:00,CNR1425040810,Success,CID707051,Prime Plus,Bellandur,Jayanagar,175.0,75.0,Not Applicable,Not Applicable,Yes,Vehicle Breakdown,439,Cash,21,4.0,3.9
2024-07-25 10:29:00,CNR6967222158,Driver Not Found,CID651246,Prime Plus,Shantinagar,Ramamurthy Nagar,,,Not Applicable,Not Applicable,Not Applicable,Not Applicable,263,Not Applicable,0,,
2024-07-28 02:07:00,CNR7447439281,Success,CID227673,eBike,Electronic City,Indiranagar,245.0,135.0,Not Applicable,Not Applicable,No,Not Applicable,238,UPI,15,4.2,4.8
2024-07-20 08:52:00,CNR5806413024,Canceled by Driver,CID865104,Prime Plus,Sarjapur Road,Koramangala,,,Not Applicable,Customer related issue,Not Applicable,Not Applicable,388,Not Applicable,0,,
2024-07-04 00:25:00,CNR3858798335,Canceled by Driver,CID607057,eBike,Majestic,Kammanahalli,,,Not Applicable,Customer related issue,Not Applicable,Not Applicable,237,Not Applicable,0,,
2024-07-02 18:43:00,CNR6864256534,Canceled by Driver,CID716134,Bike,Mysore Road,RT Nagar,,,Not Applicable,Personal & Car related issue,Not Applicable,Not Applicable,133,Not Applicable,0,,
2024-07-13 08:14:00,CNR3069635749,Success,CID936268,Auto,Hennur,Indiranagar,224.0,40.0,Not Applicable,Not Applicable,No,Not Applicable,183,Cash,9,4.8,3.9
2024-07-26 10:10:00,CNR7867084067,Canceled by Driver,CID643480,eBike,Ramamurthy Nagar,Marathahalli,,,Not Applicable,Personal & Car related issue,Not Applicable,Not Applicable,209,Not Applicable,0,,
2024-07-06 22:38:00,CNR9666675264,Driver Not Found,CID643165,Mini,Sahakar Nagar,Padmanabhanagar,,,Not Applicable,Not Applicable,Not Applicable,Not Applicable,387,Not Applicable,0,,
2024-07-29 15:22:00,CNR1660890259,Success,CID469799,Prime SUV,Bannerghatta Road,Indiranagar,259.0,135.0,Not Applicable,Not Applicable,No,Not Applicable,157,UPI,42,4.8,3.8
2024-07-05 10:26:00,CNR7368945201,Success,CID931822,Prime SUV,Hebbal,Devanahalli,140.0,140.0,Not Applicable,Not Applicable,No,Not Applicable,564,UPI,39,3.5,4.7
2024-07-06 09:46:00,CNR2583469774,Driver Not Found,CID240070,Prime Sedan,Hosur Road,Frazer Town,,,Not Applicable,Not Applicable,Not Applicable,Not Applicable,658,Not Applicable,0,,
2024-07-30 11:46:00,CNR9264460039,Success,CID851071,eBike,Nagarbhavi,Sahakar Nagar,49.0,110.0,Not Applicable,Not Applicable,No,Not Applicable,416,UPI,33,4.5,3.7
2024-07-03 01:33:00,CNR6508807966,Driver Not Found,CID482366,Prime Sedan,Mysore Road,Tumkur Road,,,Not Applicable,Not Applicable,Not Applicable,Not Applicable,197,Not Applicable,0,,
2024-07-05 14:48:00,CNR8475961888,Success,CID197236,Prime Plus,Indiranagar,Indiranagar,84.0,140.0,Not Applicable,Not Applicable,No,Not Applicable,132,Cash,21,4.9,3.6
2024-07-03 09:57:00,CNR2534042918,Canceled by Driver,CID398594,Mini,Rajarajeshwari Nagar,Marathahalli,,,Not Applicable,Customer was coughing/sick,Not Applicable,Not Applicable,866,Not Applicable,0,,
2024-07-08 20:38:00,CNR4269937249,Success,CID273962,Mini,Kadugodi,RT Nagar,35.0,115.0,Not Applicable,Not Applicable,No,Not Applicable,272,Cash,46,3.3,3.8
2024-07-09 07:28:00,CNR5386068247,Success,CID389166,Mini,Rajarajeshwari Nagar,Peenya,77.0,55.0,Not Applicable,Not Applicable,No,Not Applicable,1301,Cash,42,3.9,4.7
2024-07-10 17:27:00,CNR9261655934,Canceled by Driver,CID667673,Prime Plus,Chickpet,Cox Town,,,Not Applicable,Customer related issue,Not Applicable,Not Applicable,302,Not Applicable,0,,
2024-07-26 10:19:00,CNR9730995244,Success,CID785369,Auto,Bannerghatta Road,Langford Town,56.0,105.0,Not Applicable,Not Applicable,No,Not Applicable,331,Cash,18,4.5,3.9
2024-07-09 08:20:00,CNR5010790074,Success,CID404930,Bike,Cox Town,Koramangala,140.0,40.0,Not Applicable,Not Applicable,No,Not Applicable,224,UPI,34,4.1,4.5
2024-07-11 20:04:00,CNR9818284564,Success,CID120878,Bike,Basavanagudi,Malleshwaram,168.0,140.0,Not Applicable,Not Applicable,No,Not Applicable,437,Credit Card,48,3.8,4.8
2024-07-29 15:41:00,CNR4698623190,Success,CID702573,Bike,BTM Layout,Yelahanka,35.0,140.0,Not Applicable,Not Applicable,No,Not Applicable,191,Cash,20,4.5,3.9
2024-07-26 15:38:00,CNR9450571202,Success,CID546119,Prime SUV,MG Road,KR Puram,196.0,60.0,Not Applicable,Not Applicable,No,Not Applicable,785,Cash,47,3.1,4.5
2024-07-30 01:18:00,CNR3811200542,Success,CID771487,Prime SUV,MG Road,KR Puram,140.0,130.0,Not Applicable,Not Applicable,No,Not Applicable,312,Credit Card,32,4.7,4.7
2024-07-17 09:13:00,CNR3753853625,Success,CID565029,Mini,Indiranagar,Padmanabhanagar,308.0,55.0,Not Applicable,Not Applicable,No,Not Applicable,651,UPI,27,4.3,4.8
2024-07-06 19:16:00,CNR2533519307,Success,CID475437,Prime SUV,Whitefield,KR Puram,35.0,60.0,Not Applicable,Not Applicable,No,Not Applicable,474,Cash,20,4.3,4.8
2024-07-25 06:44:00,CNR9539812368,Canceled by Driver,CID351065,Prime SUV,MG Road,Yelahanka,,,Not Applicable,More than permitted people in there,Not Applicable,Not Applicable,129,Not Applicable,0,,
2024-07-10 14:48:00,CNR3887803408,Canceled by Driver,CID556855,Auto,Tumkur Road,Electronic City,,,Not Applicable,Personal & Car related issue,Not Applicable,Not Applicable,439,Not Applicable,0,,
2024-07-14 06:54:00,CNR1635171456,Success,CID312826,eBike,Frazer Town,Chamarajpet,266.0,65.0,Not Applicable,Not Applicable,No,Not Applicable,451,Cash,20,4.4,4.3
2024-07-17 14:54:00,CNR2515783847,Success,CID670128,Bike,Basavanagudi,Ulsoor,70.0,100.0,Not Applicable,Not Applicable,No,Not Applicable,861,Cash,31,4.9,4.0
2024-07-12 23:12:00,CNR5105949377,Success,CID781183,Bike,Mysore Road,Kammanahalli,168.0,55.0,Not Applicable,Not Applicable,No,Not Applicable,299,Cash,18,5.0,4.3
2024-07-11 01:48:00,CNR3809821842,Success,CID208011,Auto,Basavanagudi,Peenya,287.0,60.0,Not Applicable,Not Applicable,No,Not Applicable,501,Cash,12,3.3,3.7
2024-07-21 00:45:00,CNR8530018097,Canceled by Driver,CID382862,Mini,Tumkur Road,Yelahanka,,,Not Applicable,More than permitted people in there,Not Applicable,Not Applicable,129,Not Applicable,0,,
2024-07-21 12:16:00,CNR4267604153,Canceled by Driver,CID361218,Prime Sedan,Electronic City,Padmanabhanagar,,,Not Applicable,Personal & Car related issue,Not Applicable,Not Applicable,284,Not Applicable,0,,
2024-07-08 22:06:00,CNR4224653261,Canceled by Customer,CID367111,Bike,MG Road,RT Nagar,,,Driver asked to cancel,Not Applicable,Not Applicable,Not Applicable,630,Not Applicable,0,,
2024-07-28 10:07:00,CNR2825964669,Success,CID212875,Mini,Mysore Road,Cox Town,266.0,95.0,Not Applicable,Not Applicable,No,Not Applicable,136,UPI,26,3.5,3.8
2024-07-18 15:09:00,CNR1617777481,Success,CID145420,Bike,Hebbal,Sahakar Nagar,154.0,125.0,Not Applicable,Not Applicable,No,Not Applicable,695,Cash,3,3.2,3.5
2024-07-08 14:42:00,CNR6537465841,Success,CID145761,Mini,Kengeri,Padmanabhanagar,147.0,105.0,Not Applicable,Not Applicable,No,Not Applicable,217,Cash,1,4.5,4.6
2024-07-05 02:00:00,CNR3795923084,Success,CID777223,eBike,Sahakar Nagar,Mysore Road,196.0,120.0,Not Applicable,Not Applicable,No,Not Applicable,414,UPI,17,4.4,3.0
2024-07-28 19:34:00,CNR7617771245,Success,CID544106,Mini,Kammanahalli,Sahakar Nagar,112.0,85.0,Not Applicable,Not Applicable,No,Not Applicable,476,UPI,5,3.0,3.3
2024-07-29 09:22:00,CNR5587191052,Canceled by Customer,CID396673,Mini,BTM Layout,Bellandur,,,Driver asked to cancel,Not Applicable,Not Applicable,Not Applicable,200,Not Applicable,0,,
2024-07-06 22:21:00,CNR8218429386,Success,CID839191,Prime Plus,Rajajinagar,Malleshwaram,273.0,30.0,Not Applicable,Not Applicable,No,Not Applicable,380,UPI,47,4.2,4.4
2024-07-08 01:24:00,CNR9381106687,Success,CID760117,Bike,JP Nagar,Shivajinagar,280.0,65.0,Not Applicable,Not Applicable,No,Not Applicable,215,Cash,30,4.3,3.6
2024-07-27 17:13:00,CNR3397139421,Success,CID194756,Bike,Hennur,Tumkur Road,56.0,50.0,Not Applicable,Not Applicable,No,Not Applicable,267,Cash,31,5.0,3.1
2024-07-01 04:24:00,CNR2446007470,Canceled by Customer,CID456632,Prime Plus,Sahakar Nagar,Padmanabhanagar,,,Driver is not moving towards pickup location,Not Applicable,Not Applicable,Not Applicable,442,Not Applicable,0,,
2024-07-19 00:50:00,CNR7544234518,Success,CID363012,Prime Plus,Bellandur,Hennur,63.0,80.0,Not Applicable,Not Applicable,No,Not Applicable,459,Cash,39,3.8,3.4
2024-07-27 01:48:00,CNR2625700651,Success,CID184931,Prime Plus,KR Puram,Varthur,259.0,30.0,Not Applicable,Not Applicable,Yes,Other Issue,410,UPI,8,3.4,4.2
2024-07-26 20:49:00,CNR3441242829,Driver Not Found,CID515715,Prime SUV,Peenya,Whitefield,,,Not Applicable,Not Applicable,Not Applicable,Not Applicable,392,Not Applicable,0,,
2024-07-13 13:33:00,CNR7408619983,Success,CID271273,Bike,Mysore Road,Kadugodi,308.0,135.0,Not Applicable,Not Applicable,No,Not Applicable,823,Cash,39,4.8,3.6
2024-07-29 20:12:00,CNR7790654829,Canceled by Driver,CID575412,Prime SUV,Marathahalli,Indiranagar,,,Not Applicable,Customer related issue,Not Applicable,Not Applicable,129,Not Applicable,0,,
2024-07-26 19:49:00,CNR7938483314,Canceled by Driver,CID129432,Bike,Langford Town,Kadugodi,,,Not Applicable,Personal & Car related issue,Not Applicable,Not Applicable,487,Not Applicable,0,,
2024-07-11 01:12:00,CNR8163892562,Success,CID853752,eBike,Rajarajeshwari Nagar,Mysore Road,56.0,55.0,Not Applicable,Not Applicable,No,Not Applicable,420,Cash,36,3.5,3.8
2024-07-09 07:40:00,CNR8002345085,Success,CID667463,Prime Sedan,KR Puram,Cox Town,35.0,90.0,Not Applicable,Not Applicable,No,Not Applicable,817,Cash,39,4.6,4.3
2024-07-21 21:35:00,CNR4617561242,Driver Not Found,CID364808,Mini,Bannerghatta Road,Frazer Town,,,Not Applicable,Not Applicable,Not Applicable,Not Applicable,356,Not Applicable,0,,
2024-07-02 17:51:00,CNR2944857454,Success,CID854233,Prime SUV,Shantinagar,Langford Town,77.0,55.0,Not Applicable,Not Applicable,No,Not Applicable,350,Cash,35,3.9,4.5
2024-07-27 13:45:00,CNR7302398317,Success,CID597536,Prime Sedan,Jayanagar,JP Nagar,252.0,30.0,Not Applicable,Not Applicable,No,Not Applicable,383,Cash,20,3.3,4.4
2024-07-09 08:27:00,CNR1605986919,Canceled by Driver,CID768768,Mini,Sarjapur Road,Varthur,,,Not Applicable,More than permitted people in there,Not Applicable,Not Applicable,192,Not Applicable,0,,
2024-07-26 04:53:00,CNR1083962003,Success,CID193698,Auto,Yeshwanthpur,Hosur Road,119.0,65.0,Not Applicable,Not Applicable,Yes,Other Issue,146,UPI,19,3.6,5.0
2024-07-18 02:02:00,CNR7757313840,Success,CID733836,Prime Sedan,Tumkur Road,Shantinagar,168.0,30.0,Not Applicable,Not Applicable,No,Not Applicable,112,Cash,32,4.8,4.9
2024-07-07 16:28:00,CNR6934453671,Success,CID425732,Bike,Hennur,Rajarajeshwari Nagar,49.0,140.0,Not Applicable,Not Applicable,No,Not Applicable,347,Credit Card,12,3.2,3.5
2024-07-10 10:08:00,CNR5546679733,Canceled by Driver,CID402579,Mini,Cox Town,Yelahanka,,,Not Applicable,Customer related issue,Not Applicable,Not Applicable,179,Not Applicable,0,,
2024-07-27 01:48:00,CNR7607776996,Success,CID774126,Mini,Ramamurthy Nagar,Malleshwaram,42.0,130.0,Not Applicable,Not Applicable,No,Not Applicable,293,Cash,10,4.6,4.1
2024-07-20 16:58:00,CNR4176575827,Canceled by Driver,CID867059,Bike,Marathahalli,HSR Layout,,,Not Applicable,Customer related issue,Not Applicable,Not Applicable,196,Not Applicable,0,,
2024-07-27 00:37:00,CNR5234389660,Canceled by Driver,CID255038,Prime Plus,JP Nagar,Padmanabhanagar,,,Not Applicable,Personal & Car related issue,Not Applicable,Not Applicable,406,Not Applicable,0,,
2024-07-04 19:53:00,CNR8011140810,Driver Not Found,CID753448,Prime Plus,Kadugodi,Mysore Road,,,Not Applicable,Not Applicable,Not Applicable,Not Applicable,878,Not Applicable,0,,
2024-07-09 08:39:00,CNR4080611151,Driver Not Found,CID511042,Auto,MG Road,Kengeri,,,Not Applicable,Not Applicable,Not Applicable,Not Applicable,1058,Not Applicable,0,,
2024-07-08 18:13:00,CNR4845336832,Success,CID745246,Bike,Hosur Road,JP Nagar,56.0,105.0,Not Applicable,Not Applicable,No,Not Applicable,262,Cash,36,4.0,4.5
2024-07-30 21:13:00,CNR4358603731,Success,CID534762,Mini,Hennur,Hebbal,126.0,125.0,Not Applicable,Not Applicable,No,Not Applicable,459,Cash,30,4.7,3.4
2024-07-07 03:10:00,CNR4118149259,Success,CID495134,Auto,Kengeri,KR Puram,308.0,135.0,Not Applicable,Not Applicable,No,Not Applicable,332,UPI,8,3.6,3.3
2024-07-07 23:04:00,CNR6250896503,Success,CID983698,Auto,Cox Town,Marathahalli,224.0,115.0,Not Applicable,Not Applicable,No,Not Applicable,186,UPI,17,3.0,3.5
2024-07-08 19:10:00,CNR1297815644,Success,CID654744,Prime Sedan,JP Nagar,Hulimavu,35.0,120.0,Not Applicable,Not Applicable,No,Not Applicable,456,UPI,5,3.6,4.6
2024-07-08 14:51:00,CNR8495039569,Driver Not Found,CID667659,eBike,Bannerghatta Road,Hebbal,,,Not Applicable,Not Applicable,Not Applicable,Not Applicable,448,Not Applicable,0,,
2024-07-05 17:11:00,CNR9423112823,Canceled by Driver,CID529802,eBike,Mysore Road,Peenya,,,Not Applicable,Personal & Car related issue,Not Applicable,Not Applicable,2098,Not Applicable,0,,
2024-07-17 04:49:00,CNR5224950474,Driver Not Found,CID180357,Mini,BTM Layout,MG Road,,,Not Applicable,Not Applicable,Not Applicable,Not Applicable,115,Not Applicable,0,,
2024-07-19 20:24:00,CNR4896582891,Success,CID522519,eBike,Chamarajpet,Banashankari,252.0,35.0,Not Applicable,Not Applicable,Yes,Customer Demand,366,UPI,6,3.9,4.8
2024-07-29 10:55:00,CNR8961710979,Success,CID185256,Prime SUV,Hosur Road,Nagarbhavi,224.0,80.0,Not Applicable,Not Applicable,No,Not Applicable,433,Cash,2,4.2,3.6
2024-07-15 14:40:00,CNR1989929279,Canceled by Customer,CID238958,Prime Plus,Yeshwanthpur,Hulimavu,,,AC is Not working,Not Applicable,Not Applicable,Not Applicable,2948,Not Applicable,0,,
2024-07-06 05:06:00,CNR5010174576,Success,CID334568,Mini,Electronic City,Rajajinagar,91.0,125.0,Not Applicable,Not Applicable,No,Not Applicable,476,Cash,37,4.6,3.6
2024-07-19 12:13:00,CNR5793690958,Canceled by Customer,CID670332,Bike,Bannerghatta Road,Bannerghatta Road,,,Driver is not moving towards pickup location,Not Applicable,Not Applicable,Not Applicable,199,Not Applicable,0,,
2024-07-01 07:50:00,CNR8727745900,Success,CID921147,Bike,Cox Town,Padmanabhanagar,252.0,55.0,Not Applicable,Not Applicable,No,Not Applicable,2355,Cash,8,3.6,4.3
2024-07-15 02:13:00,CNR8183796223,Canceled by Driver,CID392217,Prime SUV,BTM Layout,Ulsoor,,,Not Applicable,Customer was coughing/sick,Not Applicable,Not Applicable,253,Not Applicable,0,,
2024-07-16 14:27:00,CNR8897892111,Canceled by Customer,CID568978,Prime Sedan,HSR Layout,Chamarajpet,,,Change of plans,Not Applicable,Not Applicable,Not Applicable,235,Not Applicable,0,,
2024-07-07 00:40:00,CNR7318024449,Success,CID723465,eBike,Sahakar Nagar,Frazer Town,119.0,110.0,Not Applicable,Not Applicable,No,Not Applicable,488,Cash,14,3.7,4.8
2024-07-04 03:59:00,CNR1215293550,Success,CID607947,Prime Sedan,Mysore Road,Ulsoor,210.0,40.0,Not Applicable,Not Applicable,No,Not Applicable,174,Cash,29,3.5,3.2
2024-07-21 18:46:00,CNR5305471288,Driver Not Found,CID936237,Prime Sedan,Cox Town,Bannerghatta Road,,,Not Applicable,Not Applicable,Not Applicable,Not Applicable,115,Not Applicable,0,,
2024-07-28 13:53:00,CNR5048809296,Success,CID968424,eBike,MG Road,Frazer Town,91.0,90.0,Not Applicable,Not Applicable,No,Not Applicable,109,Credit Card,17,4.1,4.1
2024-07-19 12:11:00,CNR9745715050,Success,CID524124,Prime SUV,Marathahalli,Chamarajpet,280.0,90.0,Not Applicable,Not Applicable,No,Not Applicable,137,Cash,48,3.7,3.3
2024-07-05 01:43:00,CNR8173133711,Success,CID711819,Prime SUV,Jayanagar,JP Nagar,203.0,75.0,Not Applicable,Not Applicable,No,Not Applicable,482,Cash,19,4.9,4.3
2024-07-08 14:30:00,CNR4930733700,Canceled by Customer,CID984666,Auto,Malleshwaram,Sahakar Nagar,,,Driver asked to cancel,Not Applicable,Not Applicable,Not Applicable,194,Not Applicable,0,,
2024-07-28 15:55:00,CNR5220256598,Success,CID695978,eBike,Hosur Road,Basavanagudi,70.0,80.0,Not Applicable,Not Applicable,No,Not Applicable,465,Cash,11,3.6,3.3
2024-07-21 10:40:00,CNR6142632397,Success,CID668102,eBike,Kengeri,Majestic,266.0,95.0,Not Applicable,Not Applicable,No,Not Applicable,284,Cash,25,4.5,3.2
2024-07-25 09:00:00,CNR3681855233,Success,CID304523,Auto,HSR Layout,Cox Town,56.0,100.0,Not Applicable,Not Applicable,No,Not Applicable,450,UPI,11,5.0,3.9
2024-07-23 01:18:00,CNR3459617853,Success,CID359873,Bike,Yelahanka,Tumkur Road,161.0,60.0,Not Applicable,Not Applicable,No,Not Applicable,807,Cash,18,3.1,3.3
2024-07-16 04:07:00,CNR8916826633,Canceled by Driver,CID206027,Auto,Kengeri,Chamarajpet,,,Not Applicable,Customer related issue,Not Applicable,Not Applicable,999,Not Applicable,0,,
2024-07-01 22:57:00,CNR4556848046,Success,CID201733,Prime Plus,JP Nagar,Chamarajpet,133.0,135.0,Not Applicable,Not Applicable,No,Not Applicable,186,UPI,42,3.9,4.9
2024-07-09 20:32:00,CNR2478860068,Canceled by Customer,CID873578,Auto,Ulsoor,Chickpet,,,Driver is not moving towards pickup location,Not Applicable,Not Applicable,Not Applicable,409,Not Applicable,0,,
2024-07-16 07:39:00,CNR6508214458,Canceled by Customer,CID907011,Prime Sedan,Yeshwanthpur,Shantinagar,,,Change of plans,Not Applicable,Not Applicable,Not Applicable,391,Not Applicable,0,,
2024-07-18 11:33:00,CNR6674237103,Canceled by Customer,CID129681,Bike,Yeshwanthpur,Hulimavu,,,Driver is not moving towards pickup location,Not Applicable,Not Applicable,Not Applicable,256,Not Applicable,0,,
2024-07-21 02:37:00,CNR1491162635,Success,CID904184,Prime Sedan,Magadi Road,Electronic City,98.0,125.0,Not Applicable,Not Applicable,No,Not Applicable,499,UPI,4,4.2,3.8
2024-07-25 11:16:00,CNR6259807127,Success,CID939892,Bike,Rajajinagar,Sahakar Nagar,301.0,55.0,Not Applicable,Not Applicable,No,Not Applicable,450,Cash,32,4.3,3.1
2024-07-08 07:50:00,CNR4243997933,Canceled by Customer,CID334442,Mini,Hulimavu,Rajarajeshwari Nagar,,,Driver is not moving towards pickup location,Not Applicable,Not Applicable,Not Applicable,746,Not Applicable,0,,
2024-07-29 22:16:00,CNR5177673495,Success,CID565010,Auto,Koramangala,Mysore Road,77.0,120.0,Not Applicable,Not Applicable,No,Not Applicable,330,Cash,2,4.7,3.4
2024-07-22 00:01:00,CNR2259757884,Success,CID905852,Auto,BTM Layout,Magadi Road,161.0,85.0,Not Applicable,Not Applicable,No,Not Applicable,492,UPI,13,4.7,4.2
2024-07-12 09:31:00,CNR2484975428,Canceled by Driver,CID986927,Prime Sedan,Banashankari,RT Nagar,,,Not Applicable,Customer was coughing/sick,Not Applicable,Not Applicable,138,Not Applicable,0,,
2024-07-05 18:23:00,CNR8216211910,Driver Not Found,CID850482,Prime Sedan,Hosur Road,Yeshwanthpur,,,Not Applicable,Not Applicable,Not Applicable,Not Applicable,2438,Not Applicable,0,,
2024-07-09 07:49:00,CNR2014755239,Success,CID630118,Auto,Padmanabhanagar,Sahakar Nagar,133.0,120.0,Not Applicable,Not Applicable,No,Not Applicable,607,Cash,19,3.9,4.5
2024-07-14 01:26:00,CNR6159108306,Success,CID423609,Bike,Richmond Town,Sahakar Nagar,210.0,35.0,Not Applicable,Not Applicable,No,Not Applicable,273,UPI,6,3.9,3.5
2024-07-12 17:27:00,CNR7964461323,Success,CID898138,eBike,Varthur,Richmond Town,105.0,115.0,Not Applicable,Not Applicable,No,Not Applicable,842,UPI,21,4.6,4.4
2024-07-02 09:05:00,CNR6967054284,Success,CID333453,Mini,Shivajinagar,JP Nagar,210.0,30.0,Not Applicable,Not Applicable,No,Not Applicable,341,UPI,31,3.9,4.1
2024-07-16 06:11:00,CNR5249187768,Success,CID831773,Bike,Yelahanka,Kadugodi,147.0,125.0,Not Applicable,Not Applicable,No,Not Applicable,597,Cash,33,3.9,4.7
2024-07-13 08:31:00,CNR8713316735,Success,CID814798,Prime Sedan,Indiranagar,Rajajinagar,252.0,110.0,Not Applicable,Not Applicable,No,Not Applicable,217,Cash,40,4.8,4.5
2024-07-19 00:30:00,CNR9947335446,Success,CID650682,Prime SUV,Sahakar Nagar,Langford Town,217.0,55.0,Not Applicable,Not Applicable,No,Not Applicable,681,UPI,41,4.1,4.6
2024-07-06 14:14:00,CNR2813335646,Success,CID660277,Bike,MG Road,Bannerghatta Road,203.0,125.0,Not Applicable,Not Applicable,No,Not Applicable,407,Cash,39,4.2,4.9
2024-07-26 01:08:00,CNR7854366243,Canceled by Driver,CID500783,Auto,Kengeri,Bellandur,,,Not Applicable,More than permitted people in there,Not Applicable,Not Applicable,2884,Not Applicable,0,,
2024-07-02 23:11:00,CNR5350855243,Success,CID664753,Prime SUV,Tumkur Road,KR Puram,231.0,130.0,Not Applicable,Not Applicable,No,Not Applicable,393,UPI,3,3.0,4.8
2024-07-11 02:36:00,CNR8069678585,Success,CID349371,Prime Plus,Hulimavu,Kengeri,259.0,135.0,Not Applicable,Not Applicable,No,Not Applicable,298,Cash,27,3.4,4.8
2024-07-10 21:58:00,CNR6516323604,Success,CID416293,eBike,Vijayanagar,HSR Layout,119.0,125.0,Not Applicable,Not Applicable,No,Not Applicable,622,UPI,23,3.1,3.4
2024-07-06 22:57:00,CNR4785614863,Success,CID621684,Mini,Hulimavu,Chamarajpet,91.0,55.0,Not Applicable,Not Applicable,No,Not Applicable,1950,Cash,20,4.4,3.3
2024-07-20 04:28:00,CNR1295261682,Driver Not Found,CID778190,Prime Sedan,Varthur,Marathahalli,,,Not Applicable,Not Applicable,Not Applicable,Not Applicable,247,Not Applicable,0,,
2024-07-13 21:35:00,CNR9484594403,Success,CID573286,eBike,MG Road,MG Road,161.0,75.0,Not Applicable,Not Applicable,No,Not Applicable,236,UPI,13,3.9,4.6
2024-07-19 00:46:00,CNR4989563758,Driver Not Found,CID885472,Prime Plus,Richmond Town,BTM Layout,,,Not Applicable,Not Applicable,Not Applicable,Not Applicable,696,Not Applicable,0,,
2024-07-08 16:06:00,CNR8839540280,Canceled by Customer,CID198251,eBike,Devanahalli,Electronic City,,,Change of plans,Not Applicable,Not Applicable,Not Applicable,124,Not Applicable,0,,
2024-07-07 14:47:00,CNR8205724898,Success,CID607629,eBike,Padmanabhanagar,Magadi Road,259.0,115.0,Not Applicable,Not Applicable,No,Not Applicable,132,Cash,17,4.4,4.1
2024-07-21 16:24:00,CNR2921065048,Success,CID689898,Auto,Rajarajeshwari Nagar,MG Road,49.0,145.0,Not Applicable,Not Applicable,No,Not Applicable,855,UPI,15,4.0,3.8
2024-07-12 12:44:00,CNR5145991191,Success,CID944439,Auto,Kengeri,Electronic City,245.0,75.0,Not Applicable,Not Applicable,No,Not Applicable,518,UPI,5,3.8,4.3
2024-07-21 18:56:00,CNR7695088357,Success,CID791037,Prime Sedan,Mysore Road,Hennur,266.0,70.0,Not Applicable,Not Applicable,No,Not Applicable,728,Cash,13,4.5,4.9
2024-07-17 15:07:00,CNR3750667552,Success,CID333739,Mini,HSR Layout,Yelahanka,238.0,55.0,Not Applicable,Not Applicable,No,Not Applicable,1852,Cash,29,4.5,4.9
2024-07-14 01:55:00,CNR4391309374,Canceled by Customer,CID672852,Prime SUV,MG Road,Sarjapur Road,,,Change of plans,Not Applicable,Not Applicable,Not Applicable,266,Not Applicable,0,,
2024-07-24 22:58:00,CNR5959067495,Success,CID932967,Auto,MG Road,Hennur,252.0,100.0,Not Applicable,Not Applicable,No,Not Applicable,510,UPI,17,4.0,4.5
2024-07-25 23:24:00,CNR7132241342,Success,CID959265,Auto,Sahakar Nagar,Shantinagar,35.0,45.0,Not Applicable,Not Applicable,No,Not Applicable,2627,Cash,5,3.7,3.7
2024-07-30 10:15:00,CNR5098792093,Success,CID631014,Prime SUV,Basavanagudi,Chickpet,63.0,65.0,Not Applicable,Not Applicable,No,Not Applicable,133,Cash,31,4.0,4.6
2024-07-07 14:30:00,CNR1068233279,Success,CID553534,Auto,Sahakar Nagar,Sahakar Nagar,42.0,135.0,Not Applicable,Not Applicable,No,Not Applicable,717,Cash,17,3.5,4.5
2024-07-21 04:47:00,CNR7608262537,Success,CID262981,Prime Plus,Indiranagar,Jayanagar,168.0,120.0,Not Applicable,Not Applicable,No,Not Applicable,245,UPI,24,4.6,3.8
2024-07-04 07:23:00,CNR4024370666,Success,CID908517,Prime Sedan,Devanahalli,Bannerghatta Road,154.0,100.0,Not Applicable,Not Applicable,No,Not Applicable,384,Cash,16,4.4,4.2
2024-07-08 03:57:00,CNR9890538547,Driver Not Found,CID371002,Auto,Indiranagar,Shivajinagar,,,Not Applicable,Not Applicable,Not Applicable,Not Applicable,351,Not Applicable,0,,
2024-07-03 22:25:00,CNR7831061257,Success,CID412798,eBike,Hebbal,Bannerghatta Road,238.0,35.0,Not Applicable,Not Applicable,No,Not Applicable,487,Cash,20,3.9,3.1
2024-07-01 01:00:00,CNR6335533702,Success,CID136044,Prime SUV,Yelahanka,Frazer Town,189.0,70.0,Not Applicable,Not Applicable,No,Not Applicable,270,UPI,1,4.3,4.2
2024-07-25 05:31:00,CNR9015370298,Success,CID418617,Prime SUV,Ulsoor,Shivajinagar,294.0,60.0,Not Applicable,Not Applicable,No,Not Applicable,128,Cash,36,4.3,4.8
2024-07-16 07:43:00,CNR9682231776,Success,CID330356,Auto,Ramamurthy Nagar,Frazer Town,210.0,80.0,Not Applicable,Not Applicable,No,Not Applicable,137,UPI,15,4.0,3.4
2024-07-12 06:27:00,CNR9603897145,Success,CID764277,Prime Sedan,Basavanagudi,Nagarbhavi,140.0,140.0,Not Applicable,Not Applicable,No,Not Applicable,289,UPI,5,4.2,3.7
2024-07-20 18:05:00,CNR8706357542,Success,CID231237,Prime Sedan,HSR Layout,Kadugodi,98.0,120.0,Not Applicable,Not Applicable,No,Not Applicable,416,UPI,17,4.2,4.6
2024-07-07 01:03:00,CNR2659757599,Canceled by Driver,CID372151,Prime Plus,Basavanagudi,Magadi Road,,,Not Applicable,Customer related issue,Not Applicable,Not Applicable,422,Not Applicable,0,,
2024-07-24 17:06:00,CNR2618147341,Driver Not Found,CID739644,Prime Plus,Hennur,HSR Layout,,,Not Applicable,Not Applicable,Not Applicable,Not Applicable,131,Not Applicable,0,,
2024-07-10 11:38:00,CNR6446473869,Success,CID560528,Prime Plus,Shivajinagar,Kengeri,168.0,95.0,Not Applicable,Not Applicable,No,Not Applicable,446,Cash,43,5.0,4.2
2024-07-10 13:07:00,CNR6596259830,Success,CID622585,Prime Sedan,Majestic,Jayanagar,140.0,70.0,Not Applicable,Not Applicable,No,Not Applicable,409,Cash,11,4.4,4.9
2024-07-25 00:06:00,CNR3750957342,Driver Not Found,CID929437,Mini,Devanahalli,Koramangala,,,Not Applicable,Not Applicable,Not Applicable,Not Applicable,477,Not Applicable,0,,
2024-07-20 10:27:00,CNR4170638249,Canceled by Driver,CID447711,Auto,Yelahanka,Sarjapur Road,,,Not Applicable,Customer was coughing/sick,Not Applicable,Not Applicable,325,Not Applicable,0,,
2024-07-04 05:46:00,CNR6397756140,Success,CID705969,Auto,HSR Layout,Majestic,189.0,140.0,Not Applicable,Not Applicable,No,Not Applicable,154,Cash,4,4.4,4.5
2024-07-18 06:52:00,CNR6292970236,Canceled by Customer,CID135413,Prime Plus,Kammanahalli,Magadi Road,,,AC is Not working,Not Applicable,Not Applicable,Not Applicable,252,Not Applicable,0,,
2024-07-28 05:37:00,CNR4010022390,Canceled by Customer,CID202850,Prime SUV,Magadi Road,Hosur Road,,,Wrong Address,Not Applicable,Not Applicable,Not Applicable,185,Not Applicable,0,,
2024-07-17 02:52:00,CNR3157680061,Success,CID330544,eBike,Varthur,Kammanahalli,154.0,90.0,Not Applicable,Not Applicable,No,Not Applicable,266,UPI,11,4.0,3.8
2024-07-25 04:23:00,CNR1339416974,Driver Not Found,CID414570,Prime Sedan,Marathahalli,Hennur,,,Not Applicable,Not Applicable,Not Applicable,Not Applicable,190,Not Applicable,0,,
2024-07-08 16:14:00,CNR4990037762,Success,CID457194,Bike,JP Nagar,Frazer Town,119.0,130.0,Not Applicable,Not Applicable,No,Not Applicable,399,Cash,3,4.2,3.3
2024-07-29 11:52:00,CNR8053976654,Success,CID256144,Bike,Kadugodi,RT Nagar,175.0,140.0,Not Applicable,Not Applicable,No,Not Applicable,141,Cash,5,3.5,4.3
2024-07-24 20:17:00,CNR8175747585,Canceled by Customer,CID190947,Auto,Hosur Road,Langford Town,,,Wrong Address,Not Applicable,Not Applicable,Not Applicable,361,Not Applicable,0,,
2024-07-20 14:23:00,CNR4929281918,Canceled by Customer,CID886119,Prime SUV,Ramamurthy Nagar,Frazer Town,,,Change of plans,Not Applicable,Not Applicable,Not Applicable,496,Not Applicable,0,,
2024-07-30 14:26:00,CNR3401900173,Canceled by Customer,CID212243,eBike,JP Nagar,Ulsoor,,,Driver asked to cancel,Not Applicable,Not Applicable,Not Applicable,2062,Not Applicable,0,,
2024-07-24 13:06:00,CNR7560093592,Canceled by Driver,CID284374,eBike,Basavanagudi,Kengeri,,,Not Applicable,More than permitted people in there,Not Applicable,Not Applicable,141,Not Applicable,0,,
2024-07-12 23:55:00,CNR2990319600,Canceled by Customer,CID957922,Mini,MG Road,JP Nagar,,,Driver asked to cancel,Not Applicable,Not Applicable,Not Applicable,934,Not Applicable,0,,
2024-07-13 12:09:00,CNR4003153128,Success,CID674166,Prime Sedan,Tumkur Road,Hosur Road,70.0,120.0,Not Applicable,Not Applicable,No,Not Applicable,481,Cash,26,4.7,3.9
2024-07-21 13:32:00,CNR4024834728,Success,CID552928,Prime SUV,HSR Layout,Shantinagar,112.0,65.0,Not Applicable,Not Applicable,No,Not Applicable,388,UPI,29,4.8,3.9
2024-07-09 15:49:00,CNR7212337930,Success,CID496826,eBike,Banashankari,Magadi Road,56.0,110.0,Not Applicable,Not Applicable,No,Not Applicable,227,UPI,9,3.2,4.0
2024-07-13 03:23:00,CNR1526611854,Success,CID985254,Auto,Tumkur Road,Malleshwaram,238.0,110.0,Not Applicable,Not Applicable,No,Not Applicable,940,Cash,16,4.3,4.9
2024-07-07 18:14:00,CNR6706717611,Canceled by Customer,CID439087,Auto,Yeshwanthpur,Basavanagudi,,,Driver is not moving towards pickup location,Not Applicable,Not Applicable,Not Applicable,116,Not Applicable,0,,
2024-07-11 06:10:00,CNR1874615783,Canceled by Customer,CID620565,Prime Sedan,Electronic City,Varthur,,,Change of plans,Not Applicable,Not Applicable,Not Applicable,478,Not Applicable,0,,
2024-07-04 06:56:00,CNR3011993746,Success,CID881382,Mini,Chamarajpet,Banashankari,49.0,40.0,Not Applicable,Not Applicable,Yes,Vehicle Breakdown,271,UPI,46,4.4,4.8
2024-07-25 03:49:00,CNR2680520970,Driver Not Found,CID930569,Prime Plus,RT Nagar,Jayanagar,,,Not Applicable,Not Applicable,Not Applicable,Not Applicable,348,Not Applicable,0,,
2024-07-28 12:33:00,CNR8769475950,Canceled by Driver,CID303848,Bike,Ulsoor,Hulimavu,,,Not Applicable,Customer related issue,Not Applicable,Not Applicable,434,Not Applicable,0,,
2024-07-13 20:10:00,CNR2177878138,Success,CID759808,Prime Plus,Banashankari,Richmond Town,217.0,35.0,Not Applicable,Not Applicable,Yes,Customer Demand,459,UPI,40,3.3,4.0
2024-07-08 11:29:00,CNR6535724261,Success,CID103260,Prime SUV,Sarjapur Road,Bellandur,280.0,140.0,Not Applicable,Not Applicable,No,Not Applicable,327,UPI,2,3.2,3.6
2024-07-20 17:05:00,CNR1850654869,Canceled by Driver,CID912385,Auto,Koramangala,Bannerghatta Road,,,Not Applicable,Customer related issue,Not Applicable,Not Applicable,564,Not Applicable,0,,
2024-07-08 06:53:00,CNR6784480632,Success,CID354531,Auto,Rajarajeshwari Nagar,Indiranagar,70.0,50.0,Not Applicable,Not Applicable,No,Not Applicable,484,Cash,6,3.1,3.1
2024-07-24 08:51:00,CNR2693223777,Canceled by Driver,CID830551,eBike,Richmond Town,Hosur Road,,,Not Applicable,Customer related issue,Not Applicable,Not Applicable,301,Not Applicable,0,,
2024-07-11 20:04:00,CNR4719132502,Success,CID738810,Prime SUV,Koramangala,MG Road,210.0,120.0,Not Applicable,Not Applicable,No,Not Applicable,431,Cash,33,4.7,4.6
2024-07-24 18:04:00,CNR9970864066,Success,CID252536,Prime Sedan,Bannerghatta Road,Tumkur Road,203.0,95.0,Not Applicable,Not Applicable,No,Not Applicable,497,Cash,6,3.6,3.1
2024-07-17 17:30:00,CNR9477417525,Success,CID698744,Prime Plus,Hosur Road,Marathahalli,266.0,105.0,Not Applicable,Not Applicable,No,Not Applicable,394,Cash,3,3.7,4.4
2024-07-12 21:17:00,CNR4051161803,Success,CID874547,Mini,Magadi Road,Bannerghatta Road,49.0,35.0,Not Applicable,Not Applicable,No,Not Applicable,397,Cash,22,4.8,3.8
2024-07-18 11:02:00,CNR3435061599,Success,CID797410,eBike,Chickpet,Koramangala,98.0,40.0,Not Applicable,Not Applicable,No,Not Applicable,2973,Cash,2,4.8,4.0
2024-07-29 02:16:00,CNR5109951794,Canceled by Driver,CID824587,Prime Sedan,Varthur,Jayanagar,,,Not Applicable,Personal & Car related issue,Not Applicable,Not Applicable,602,Not Applicable,0,,
2024-07-30 00:59:00,CNR2296657647,Success,CID271357,eBike,BTM Layout,Devanahalli,70.0,50.0,Not Applicable,Not Applicable,No,Not Applicable,481,Cash,47,3.7,4.5
2024-07-06 00:54:00,CNR7883427554,Success,CID448507,eBike,Magadi Road,BTM Layout,231.0,145.0,Not Applicable,Not Applicable,No,Not Applicable,371,UPI,22,4.4,3.5
2024-07-30 01:34:00,CNR4069270876,Success,CID325724,Prime SUV,Hennur,Bellandur,70.0,40.0,Not Applicable,Not Applicable,No,Not Applicable,332,Cash,4,4.5,3.1
2024-07-01 11:31:00,CNR4352455871,Success,CID648923,Prime SUV,Magadi Road,HSR Layout,147.0,130.0,Not Applicable,Not Applicable,No,Not Applicable,755,Cash,35,4.2,3.0
2024-07-16 10:37:00,CNR6354322561,Success,CID660270,Prime Sedan,Nagarbhavi,HSR Layout,63.0,65.0,Not Applicable,Not Applicable,No,Not Applicable,429,Credit Card,7,3.1,4.5
2024-07-01 12:59:00,CNR1067380134,Canceled by Customer,CID467354,Prime SUV,Padmanabhanagar,MG Road,,,Change of plans,Not Applicable,Not Applicable,Not Applicable,2304,Not Applicable,0,,
2024-07-02 02:40:00,CNR6001774406,Canceled by Customer,CID406346,Prime SUV,Yelahanka,MG Road,,,Driver asked to cancel,Not Applicable,Not Applicable,Not Applicable,2857,Not Applicable,0,,
2024-07-26 04:29:00,CNR1742661651,Success,CID802199,Auto,Varthur,Hebbal,231.0,45.0,Not Applicable,Not Applicable,No,Not Applicable,896,UPI,14,4.4,4.6
2024-07-07 12:06:00,CNR5966080068,Canceled by Driver,CID939377,Prime Sedan,MG Road,Rajajinagar,,,Not Applicable,Customer was coughing/sick,Not Applicable,Not Applicable,305,Not Applicable,0,,
2024-07-03 23:00:00,CNR8816720608,Success,CID330615,eBike,Shantinagar,Nagarbhavi,168.0,40.0,Not Applicable,Not Applicable,No,Not Applicable,393,Cash,40,3.8,4.2
2024-07-16 19:24:00,CNR8282758704,Canceled by Driver,CID252686,Bike,Koramangala,JP Nagar,,,Not Applicable,Customer related issue,Not Applicable,Not Applicable,368,Not Applicable,0,,
2024-07-17 23:16:00,CNR1251502178,Success,CID266127,Auto,Richmond Town,Marathahalli,35.0,85.0,Not Applicable,Not Applicable,No,Not Applicable,468,UPI,13,3.0,3.5
2024-07-21 01:16:00,CNR3272928408,Success,CID508900,eBike,Bellandur,Nagarbhavi,154.0,35.0,Not Applicable,Not Applicable,No,Not Applicable,885,UPI,18,3.9,3.3
2024-07-17 02:07:00,CNR4549334233,Success,CID660181,eBike,Shivajinagar,Yeshwanthpur,105.0,30.0,Not Applicable,Not Applicable,No,Not Applicable,299,Cash,3,3.9,4.6
2024-07-12 16:30:00,CNR8631393531,Success,CID405761,Auto,Malleshwaram,Kammanahalli,238.0,30.0,Not Applicable,Not Applicable,No,Not Applicable,416,UPI,12,3.3,3.6
2024-07-19 18:29:00,CNR5359986780,Success,CID951914,eBike,Electronic City,Majestic,217.0,30.0,Not Applicable,Not Applicable,Yes,Vehicle Breakdown,325,Cash,13,4.7,4.5
2024-07-10 11:05:00,CNR9748675379,Canceled by Driver,CID424037,Auto,Devanahalli,Chamarajpet,,,Not Applicable,More than permitted people in there,Not Applicable,Not Applicable,483,Not Applicable,0,,
2024-07-14 09:06:00,CNR1486573511,Success,CID897241,Prime SUV,Nagarbhavi,Vijayanagar,126.0,75.0,Not Applicable,Not Applicable,No,Not Applicable,167,Cash,28,4.9,4.3
2024-07-28 20:27:00,CNR4619435573,Success,CID750336,Prime Sedan,Chamarajpet,Banashankari,98.0,85.0,Not Applicable,Not Applicable,Yes,Other Issue,485,Cash,48,3.9,3.0
2024-07-05 08:30:00,CNR6819426714,Canceled by Driver,CID287945,Prime Plus,Hebbal,BTM Layout,,,Not Applicable,Customer related issue,Not Applicable,Not Applicable,123,Not Applicable,0,,
2024-07-20 16:09:00,CNR3761777917,Canceled by Driver,CID648000,eBike,Yelahanka,Sahakar Nagar,,,Not Applicable,Customer related issue,Not Applicable,Not Applicable,427,Not Applicable,0,,
2024-07-09 09:02:00,CNR9570415210,Canceled by Customer,CID802455,Mini,Tumkur Road,Yelahanka,,,Driver asked to cancel,Not Applicable,Not Applicable,Not Applicable,237,Not Applicable,0,,
2024-07-13 01:59:00,CNR7430852362,Success,CID963559,Prime SUV,Peenya,JP Nagar,266.0,40.0,Not Applicable,Not Applicable,No,Not Applicable,395,UPI,15,3.8,4.3
2024-07-26 09:13:00,CNR3522694078,Canceled by Customer,CID755987,Mini,Whitefield,Rajajinagar,,,AC is Not working,Not Applicable,Not Applicable,Not Applicable,411,Not Applicable,0,,
2024-07-04 01:58:00,CNR4496372441,Canceled by Driver,CID304847,Bike,Hulimavu,Cox Town,,,Not Applicable,Personal & Car related issue,Not Applicable,Not Applicable,300,Not Applicable,0,,
2024-07-12 06:46:00,CNR4045877849,Success,CID972780,Mini,Banashankari,KR Puram,98.0,125.0,Not Applicable,Not Applicable,No,Not Applicable,417,Cash,48,4.3,4.1
2024-07-25 06:59:00,CNR1303832971,Success,CID242027,Prime Sedan,Ulsoor,Hebbal,56.0,70.0,Not Applicable,Not Applicable,No,Not Applicable,200,UPI,28,4.0,3.1
2024-07-20 03:46:00,CNR3375999689,Success,CID748094,Mini,Ulsoor,Hennur,294.0,120.0,Not Applicable,Not Applicable,No,Not Applicable,531,Cash,6,4.3,4.0
2024-07-25 09:20:00,CNR9058898158,Success,CID207234,Bike,Bellandur,JP Nagar,147.0,35.0,Not Applicable,Not Applicable,No,Not Applicable,150,Cash,20,3.4,3.4
2024-07-18 06:18:00,CNR2690012320,Success,CID383642,eBike,Rajarajeshwari Nagar,Chickpet,105.0,105.0,Not Applicable,Not Applicable,No,Not Applicable,212,Cash,45,4.0,3.6
2024-07-03 05:28:00,CNR7037024919,Driver Not Found,CID929307,eBike,Yelahanka,Padmanabhanagar,,,Not Applicable,Not Applicable,Not Applicable,Not Applicable,196,Not Applicable,0,,
2024-07-13 13:36:00,CNR2655335496,Success,CID730091,Prime Plus,Sahakar Nagar,Indiranagar,98.0,40.0,Not Applicable,Not Applicable,No,Not Applicable,557,Cash,43,3.4,3.8
2024-07-17 05:15:00,CNR7188002541,Canceled by Driver,CID432401,Prime Plus,Kammanahalli,Kadugodi,,,Not Applicable,Customer related issue,Not Applicable,Not Applicable,172,Not Applicable,0,,
2024-07-30 11:41:00,CNR8554280199,Success,CID372351,Prime Sedan,Nagarbhavi,Indiranagar,147.0,145.0,Not Applicable,Not Applicable,No,Not Applicable,398,UPI,16,3.2,3.4
2024-07-27 21:40:00,CNR1321181148,Driver Not Found,CID244790,Prime Plus,Hulimavu,Shantinagar,,,Not Applicable,Not Applicable,Not Applicable,Not Applicable,380,Not Applicable,0,,
2024-07-17 12:01:00,CNR6381734027,Canceled by Customer,CID858830,Auto,Sahakar Nagar,Frazer Town,,,Driver asked to cancel,Not Applicable,Not Applicable,Not Applicable,361,Not Applicable,0,,
2024-07-18 10:14:00,CNR3881010314,Success,CID264671,Prime Sedan,Jayanagar,Shivajinagar,84.0,50.0,Not Applicable,Not Applicable,No,Not Applicable,247,UPI,5,4.9,3.5
2024-07-18 11:19:00,CNR8622160941,Success,CID713202,eBike,JP Nagar,Rajajinagar,238.0,105.0,Not Applicable,Not Applicable,Yes,Customer Demand,156,UPI,3,4.8,3.8
2024-07-10 07:48:00,CNR1309234811,Canceled by Driver,CID391515,Prime Sedan,Richmond Town,Ulsoor,,,Not Applicable,Customer related issue,Not Applicable,Not Applicable,453,Not Applicable,0,,
2024-07-08 03:47:00,CNR1634593156,Success,CID317426,Prime SUV,Marathahalli,Mysore Road,224.0,145.0,Not Applicable,Not Applicable,No,Not Applicable,397,Cash,40,3.3,3.2
2024-07-09 08:42:00,CNR8310367677,Success,CID712930,Prime SUV,Koramangala,Shantinagar,147.0,125.0,Not Applicable,Not Applicable,No,Not Applicable,479,UPI,37,3.5,3.2
2024-07-08 07:56:00,CNR2461678354,Success,CID121590,Prime SUV,Ramamurthy Nagar,Marathahalli,161.0,30.0,Not Applicable,Not Applicable,No,Not Applicable,160,Cash,21,4.5,3.1
2024-07-24 03:55:00,CNR3166796216,Success,CID321402,Mini,Sahakar Nagar,Whitefield,259.0,140.0,Not Applicable,Not Applicable,No,Not Applicable,355,Cash,20,3.1,4.9
2024-07-30 06:16:00,CNR6254301132,Success,CID286382,Mini,Rajajinagar,Frazer Town,133.0,90.0,Not Applicable,Not Applicable,No,Not Applicable,196,Cash,28,4.9,3.6
2024-07-05 07:17:00,CNR1326981834,Success,CID151700,Bike,Kadugodi,Basavanagudi,49.0,35.0,Not Applicable,Not Applicable,No,Not Applicable,2431,Credit Card,41,3.6,3.0
2024-07-22 02:53:00,CNR2252161822,Success,CID112569,Auto,Koramangala,Cox Town,182.0,60.0,Not Applicable,Not Applicable,No,Not Applicable,854,Cash,13,3.3,4.7
2024-07-04 03:04:00,CNR9287720492,Success,CID331237,Bike,BTM Layout,Yeshwanthpur,231.0,65.0,Not Applicable,Not Applicable,No,Not Applicable,492,UPI,32,4.4,3.4
2024-07-03 06:19:00,CNR9815194634,Success,CID166267,Mini,Whitefield,RT Nagar,287.0,25.0,Not Applicable,Not Applicable,No,Not Applicable,389,UPI,21,4.3,4.6
2024-07-21 01:52:00,CNR8780373905,Canceled by Driver,CID224610,Bike,Vijayanagar,Kengeri,,,Not Applicable,Personal & Car related issue,Not Applicable,Not Applicable,2240,Not Applicable,0,,
2024-07-09 16:26:00,CNR6884306334,Success,CID664178,Prime SUV,RT Nagar,Majestic,280.0,125.0,Not Applicable,Not Applicable,No,Not Applicable,194,Credit Card,15,4.2,4.9
2024-07-27 14:19:00,CNR3604763161,Success,CID578568,Bike,Banashankari,JP Nagar,35.0,115.0,Not Applicable,Not Applicable,No,Not Applicable,2016,UPI,42,3.5,3.9
2024-07-06 01:08:00,CNR5265716025,Success,CID633229,Prime Sedan,Sarjapur Road,Padmanabhanagar,210.0,120.0,Not Applicable,Not Applicable,No,Not Applicable,361,UPI,22,3.2,3.1
2024-07-29 11:27:00,CNR9548089808,Canceled by Customer,CID861381,Prime Plus,Hebbal,RT Nagar,,,Wrong Address,Not Applicable,Not Applicable,Not Applicable,345,Not Applicable,0,,
2024-07-28 15:22:00,CNR8350947095,Driver Not Found,CID203379,Bike,Devanahalli,Bannerghatta Road,,,Not Applicable,Not Applicable,Not Applicable,Not Applicable,136,Not Applicable,0,,
2024-07-10 00:33:00,CNR5176601312,Success,CID541044,Bike,Magadi Road,Indiranagar,154.0,145.0,Not Applicable,Not Applicable,No,Not Applicable,642,Cash,28,3.3,4.3
2024-07-25 08:34:00,CNR5097698446,Driver Not Found,CID313509,Prime Sedan,Nagarbhavi,Indiranagar,,,Not Applicable,Not Applicable,Not Applicable,Not Applicable,1711,Not Applicable,0,,
2024-07-04 08:44:00,CNR5100773462,Success,CID577044,eBike,Nagarbhavi,Kengeri,308.0,130.0,Not Applicable,Not Applicable,No,Not Applicable,2575,Cash,18,3.0,3.5
2024-07-18 05:00:00,CNR1303844754,Success,CID423270,Prime Sedan,Hosur Road,Majestic,126.0,30.0,Not Applicable,Not Applicable,No,Not Applicable,287,UPI,31,3.4,4.6
2024-07-22 05:31:00,CNR5442116047,Success,CID171069,Prime Plus,Hulimavu,Frazer Town,203.0,75.0,Not Applicable,Not Applicable,No,Not Applicable,437,UPI,7,4.4,4.0
2024-07-12 12:52:00,CNR7499349037,Success,CID605710,Prime Plus,Langford Town,Rajarajeshwari Nagar,245.0,30.0,Not Applicable,Not Applicable,No,Not Applicable,258,Cash,23,4.3,3.5
2024-07-19 12:47:00,CNR7533254042,Canceled by Driver,CID496995,Bike,Bellandur,Cox Town,,,Not Applicable,Customer was coughing/sick,Not Applicable,Not Applicable,297,Not Applicable,0,,
2024-07-24 14:13:00,CNR6929883922,Success,CID652999,Mini,Devanahalli,Koramangala,189.0,90.0,Not Applicable,Not Applicable,Yes,Customer Demand,227,UPI,7,3.3,4.8
2024-07-22 12:28:00,CNR3515725144,Success,CID794420,Prime Sedan,Peenya,Kammanahalli,56.0,25.0,Not Applicable,Not Applicable,No,Not Applicable,542,Cash,16,3.1,4.0
2024-07-28 08:10:00,CNR1612494759,Canceled by Driver,CID950295,Bike,Hennur,KR Puram,,,Not Applicable,Personal & Car related issue,Not Applicable,Not Applicable,184,Not Applicable,0,,
2024-07-09 04:07:00,CNR7923480199,Success,CID993353,Mini,Chamarajpet,BTM Layout,189.0,120.0,Not Applicable,Not Applicable,No,Not Applicable,424,UPI,43,4.9,3.7
2024-07-15 21:15:00,CNR6182896795,Canceled by Customer,CID625545,Mini,Hebbal,Langford Town,,,Driver asked to cancel,Not Applicable,Not Applicable,Not Applicable,274,Not Applicable,0,,
2024-07-08 13:07:00,CNR4050380719,Success,CID599692,Auto,Varthur,Hulimavu,196.0,85.0,Not Applicable,Not Applicable,No,Not Applicable,441,Cash,1,4.3,3.9
2024-07-23 07:25:00,CNR8866815156,Canceled by Driver,CID748804,Prime SUV,Sahakar Nagar,Whitefield,,,Not Applicable,Personal & Car related issue,Not Applicable,Not Applicable,102,Not Applicable,0,,
2024-07-12 11:35:00,CNR9777889046,Success,CID530931,Auto,Hennur,Majestic,154.0,80.0,Not Applicable,Not Applicable,No,Not Applicable,1876,Cash,16,4.7,4.9
2024-07-25 02:00:00,CNR3440929446,Success,CID974336,Auto,KR Puram,Padmanabhanagar,154.0,30.0,Not Applicable,Not Applicable,No,Not Applicable,825,Cash,17,4.5,3.6
2024-07-19 18:34:00,CNR4952217430,Success,CID702066,Prime Plus,Sahakar Nagar,Magadi Road,245.0,75.0,Not Applicable,Not Applicable,No,Not Applicable,428,Cash,22,3.9,3.6
2024-07-09 18:23:00,CNR9842062089,Canceled by Driver,CID888115,eBike,Marathahalli,Magadi Road,,,Not Applicable,Personal & Car related issue,Not Applicable,Not Applicable,312,Not Applicable,0,,
2024-07-14 03:51:00,CNR6079696027,Success,CID187231,Prime Plus,Rajajinagar,Kadugodi,42.0,105.0,Not Applicable,Not Applicable,No,Not Applicable,132,UPI,8,4.0,3.2
2024-07-13 23:38:00,CNR6048647760,Success,CID525168,eBike,Shivajinagar,Kengeri,301.0,30.0,Not Applicable,Not Applicable,No,Not Applicable,287,UPI,15,3.8,3.9
2024-07-05 02:36:00,CNR8985920354,Canceled by Driver,CID307958,Auto,Peenya,Peenya,,,Not Applicable,Customer was coughing/sick,Not Applicable,Not Applicable,416,Not Applicable,0,,
2024-07-23 17:16:00,CNR7084941954,Canceled by Driver,CID272787,Bike,HSR Layout,Basavanagudi,,,Not Applicable,Personal & Car related issue,Not Applicable,Not Applicable,200,Not Applicable,0,,
2024-07-13 16:30:00,CNR7012870294,Success,CID669623,Prime Sedan,Tumkur Road,Richmond Town,56.0,80.0,Not Applicable,Not Applicable,No,Not Applicable,160,Cash,45,3.6,4.9
2024-07-02 00:59:00,CNR2423722468,Success,CID912920,eBike,Nagarbhavi,Indiranagar,238.0,65.0,Not Applicable,Not Applicable,No,Not Applicable,236,Cash,38,3.4,3.2
2024-07-10 14:25:00,CNR2821310404,Success,CID835128,Prime Sedan,Cox Town,Mysore Road,259.0,95.0,Not Applicable,Not Applicable,No,Not Applicable,138,Cash,8,4.9,3.4
2024-07-10 22:08:00,CNR9078614889,Success,CID939319,eBike,JP Nagar,Yelahanka,224.0,40.0,Not Applicable,Not Applicable,No,Not Applicable,793,UPI,45,3.4,3.0
2024-07-25 05:59:00,CNR8771951331,Success,CID823985,Auto,Whitefield,Ramamurthy Nagar,91.0,130.0,Not Applicable,Not Applicable,No,Not Applicable,458,Cash,14,3.2,4.1
2024-07-15 23:59:00,CNR1716013705,Success,CID205336,Prime Plus,Hulimavu,Marathahalli,294.0,100.0,Not Applicable,Not Applicable,No,Not Applicable,295,Cash,10,3.6,3.5
2024-07-25 10:29:00,CNR8954563470,Canceled by Driver,CID397242,Mini,Indiranagar,Magadi Road,,,Not Applicable,Personal & Car related issue,Not Applicable,Not Applicable,792,Not Applicable,0,,
2024-07-04 04:37:00,CNR5852662188,Success,CID706655,Bike,Peenya,Yeshwanthpur,70.0,90.0,Not Applicable,Not Applicable,No,Not Applicable,164,Cash,22,4.6,3.2
2024-07-19 14:38:00,CNR5579912135,Success,CID551646,Prime SUV,Hosur Road,Yeshwanthpur,196.0,125.0,Not Applicable,Not Applicable,No,Not Applicable,638,UPI,42,4.5,3.1
2024-07-04 03:41:00,CNR8263847070,Driver Not Found,CID216974,Bike,Devanahalli,Ulsoor,,,Not Applicable,Not Applicable,Not Applicable,Not Applicable,388,Not Applicable,0,,
2024-07-12 20:00:00,CNR7016357756,Canceled by Driver,CID732009,eBike,Indiranagar,Yelahanka,,,Not Applicable,Personal & Car related issue,Not Applicable,Not Applicable,268,Not Applicable,0,,
2024-07-04 07:21:00,CNR9330661300,Success,CID124383,Auto,Kengeri,Sarjapur Road,161.0,60.0,Not Applicable,Not Applicable,No,Not Applicable,718,UPI,16,4.8,4.4
2024-07-18 18:37:00,CNR2735041349,Canceled by Driver,CID961023,eBike,Bannerghatta Road,Koramangala,,,Not Applicable,Personal & Car related issue,Not Applicable,Not Applicable,1422,Not Applicable,0,,
2024-07-23 06:45:00,CNR3040055218,Success,CID623942,eBike,Chamarajpet,Majestic,35.0,25.0,Not Applicable,Not Applicable,No,Not Applicable,148,UPI,28,4.6,3.8
2024-07-23 07:27:00,CNR4355479134,Success,CID317588,Prime SUV,Tumkur Road,Majestic,105.0,80.0,Not Applicable,Not Applicable,No,Not Applicable,158,UPI,7,3.4,3.1
2024-07-13 08:42:00,CNR1924497423,Canceled by Customer,CID129155,eBike,Koramangala,Jayanagar,,,Driver is not moving towards pickup location,Not Applicable,Not Applicable,Not Applicable,295,Not Applicable,0,,
2024-07-23 13:53:00,CNR4163940281,Success,CID928646,Bike,Bannerghatta Road,Yelahanka,294.0,55.0,Not Applicable,Not Applicable,No,Not Applicable,169,Cash,15,4.6,3.4
2024-07-08 10:42:00,CNR6061758912,Canceled by Driver,CID792292,eBike,Sahakar Nagar,Kengeri,,,Not Applicable,Customer was coughing/sick,Not Applicable,Not Applicable,468,Not Applicable,0,,
2024-07-15 03:31:00,CNR1480482928,Success,CID303829,Bike,Magadi Road,Richmond Town,252.0,25.0,Not Applicable,Not Applicable,No,Not Applicable,437,UPI,34,4.3,3.2
2024-07-18 13:12:00,CNR3302242261,Canceled by Customer,CID785141,Prime Sedan,Shivajinagar,Jayanagar,,,Wrong Address,Not Applicable,Not Applicable,Not Applicable,149,Not Applicable,0,,
2024-07-17 01:42:00,CNR5160973491,Success,CID797228,Bike,Kadugodi,Kammanahalli,119.0,125.0,Not Applicable,Not Applicable,No,Not Applicable,121,Cash,9,3.4,3.4
2024-07-21 08:54:00,CNR7825299408,Success,CID460827,Mini,Chamarajpet,Peenya,112.0,25.0,Not Applicable,Not Applicable,No,Not Applicable,1836,Cash,6,4.0,4.8
2024-07-02 09:25:00,CNR6385788537,Success,CID685800,eBike,Shantinagar,Hulimavu,287.0,125.0,Not Applicable,Not Applicable,No,Not Applicable,825,UPI,24,4.2,3.5
2024-07-08 04:50:00,CNR5456631039,Success,CID993151,Bike,Bellandur,HSR Layout,245.0,105.0,Not Applicable,Not Applicable,Yes,Vehicle Breakdown,1206,Cash,21,3.9,4.1
2024-07-05 09:47:00,CNR3567517284,Success,CID147808,eBike,RT Nagar,Nagarbhavi,217.0,140.0,Not Applicable,Not Applicable,Yes,Customer Demand,2765,Cash,45,3.9,3.5
2024-07-26 13:05:00,CNR3299890987,Success,CID945900,Mini,Rajarajeshwari Nagar,Majestic,294.0,130.0,Not Applicable,Not Applicable,No,Not Applicable,1443,Cash,36,4.4,3.7
2024-07-05 11:38:00,CNR6178402720,Success,CID459160,Auto,Kengeri,Sahakar Nagar,182.0,100.0,Not Applicable,Not Applicable,No,Not Applicable,351,Credit Card,14,3.2,4.7
2024-07-30 02:25:00,CNR7136913002,Success,CID316565,Prime SUV,Hennur,Whitefield,301.0,105.0,Not Applicable,Not Applicable,No,Not Applicable,735,UPI,43,3.5,3.0
2024-07-05 18:44:00,CNR2515036042,Success,CID556925,Prime Sedan,Richmond Town,Chickpet,84.0,50.0,Not Applicable,Not Applicable,No,Not Applicable,325,Cash,49,4.0,4.9
2024-07-08 21:30:00,CNR9309056838,Success,CID141471,eBike,Majestic,Tumkur Road,63.0,100.0,Not Applicable,Not Applicable,No,Not Applicable,401,UPI,36,3.9,3.9
2024-07-18 23:07:00,CNR4509478346,Success,CID125562,Prime SUV,Sarjapur Road,Padmanabhanagar,161.0,95.0,Not Applicable,Not Applicable,No,Not Applicable,928,UPI,11,4.4,3.3
2024-07-01 08:28:00,CNR8071699413,Canceled by Driver,CID142930,Prime SUV,Yeshwanthpur,Hulimavu,,,Not Applicable,Customer related issue,Not Applicable,Not Applicable,446,Not Applicable,0,,
2024-07-26 10:44:00,CNR7555070319,Success,CID120520,Prime SUV,Indiranagar,Langford Town,182.0,55.0,Not Applicable,Not Applicable,No,Not Applicable,651,Cash,24,4.2,4.1
2024-07-06 14:06:00,CNR1766043304,Success,CID945807,Prime Plus,Bellandur,KR Puram,196.0,45.0,Not Applicable,Not Applicable,No,Not Applicable,461,Cash,37,3.3,4.5
2024-07-15 08:42:00,CNR3077541071,Success,CID324822,Prime SUV,BTM Layout,HSR Layout,231.0,50.0,Not Applicable,Not Applicable,No,Not Applicable,1429,Cash,26,4.0,4.8
2024-07-22 22:07:00,CNR9295671787,Canceled by Driver,CID905125,Prime Sedan,Sahakar Nagar,Whitefield,,,Not Applicable,More than permitted people in there,Not Applicable,Not Applicable,496,Not Applicable,0,,
2024-07-01 03:56:00,CNR1005504617,Success,CID815943,Bike,Devanahalli,MG Road,42.0,45.0,Not Applicable,Not Applicable,No,Not Applicable,160,UPI,15,4.7,3.1
2024-07-30 08:14:00,CNR7383014601,Success,CID899080,Prime Plus,HSR Layout,Varthur,119.0,30.0,Not Applicable,Not Applicable,No,Not Applicable,446,Cash,30,4.8,3.5
2024-07-05 22:56:00,CNR1778515014,Success,CID850180,Mini,Ulsoor,Yeshwanthpur,105.0,80.0,Not Applicable,Not Applicable,No,Not Applicable,632,UPI,3,4.5,4.4
2024-07-29 03:23:00,CNR3476041283,Success,CID966687,Prime Plus,BTM Layout,Bannerghatta Road,231.0,90.0,Not Applicable,Not Applicable,No,Not Applicable,137,UPI,49,5.0,4.9
2024-07-25 19:09:00,CNR7101628516,Canceled by Customer,CID724141,Mini,Sahakar Nagar,Bellandur,,,Change of plans,Not Applicable,Not Applicable,Not Applicable,489,Not Applicable,0,,
2024-07-25 22:11:00,CNR7281347156,Canceled by Driver,CID191009,Bike,Rajajinagar,Ramamurthy Nagar,,,Not Applicable,More than permitted people in there,Not Applicable,Not Applicable,213,Not Applicable,0,,
2024-07-20 07:12:00,CNR2068772912,Success,CID428824,Auto,Ramamurthy Nagar,Mysore Road,224.0,85.0,Not Applicable,Not Applicable,Yes,Other Issue,590,Cash,7,3.3,4.2
2024-07-10 18:00:00,CNR2574653796,Success,CID396231,Prime SUV,Yeshwanthpur,Sahakar Nagar,77.0,135.0,Not Applicable,Not Applicable,No,Not Applicable,1835,UPI,10,4.7,3.5
2024-07-14 10:13:00,CNR8962514676,Success,CID100688,Bike,KR Puram,Rajajinagar,147.0,25.0,Not Applicable,Not Applicable,No,Not Applicable,122,Cash,2,5.0,3.4
2024-07-07 06:39:00,CNR4290300854,Success,CID832042,Prime Plus,Yeshwanthpur,Magadi Road,287.0,100.0,Not Applicable,Not Applicable,Yes,Vehicle Breakdown,453,Cash,12,3.8,3.5
2024-07-18 05:08:00,CNR4004027579,Success,CID478807,Bike,Koramangala,Cox Town,280.0,40.0,Not Applicable,Not Applicable,No,Not Applicable,958,Cash,19,4.9,4.3
2024-07-30 05:44:00,CNR8703797239,Success,CID637060,Auto,Cox Town,Kadugodi,91.0,55.0,Not Applicable,Not Applicable,No,Not Applicable,985,UPI,16,3.1,4.9
2024-07-15 00:15:00,CNR1810197528,Driver Not Found,CID916323,Bike,MG Road,Shantinagar,,,Not Applicable,Not Applicable,Not Applicable,Not Applicable,345,Not Applicable,0,,
2024-07-05 05:10:00,CNR7857135023,Success,CID795131,Mini,Peenya,Hennur,308.0,70.0,Not Applicable,Not Applicable,No,Not Applicable,411,Credit Card,4,4.6,4.1
2024-07-18 21:13:00,CNR6959826622,Success,CID640841,Bike,Magadi Road,Kadugodi,168.0,60.0,Not Applicable,Not Applicable,No,Not Applicable,238,Cash,35,4.9,4.8
2024-07-04 06:03:00,CNR5418575995,Canceled by Driver,CID472842,Prime Sedan,Rajajinagar,Indiranagar,,,Not Applicable,Personal & Car related issue,Not Applicable,Not Applicable,411,Not Applicable,0,,
2024-07-13 20:58:00,CNR6559226249,Success,CID120133,Auto,Ulsoor,JP Nagar,84.0,30.0,Not Applicable,Not Applicable,No,Not Applicable,470,Cash,16,4.3,5.0
2024-07-17 01:31:00,CNR7491161552,Canceled by Driver,CID238434,eBike,Ramamurthy Nagar,Indiranagar,,,Not Applicable,More than permitted people in there,Not Applicable,Not Applicable,133,Not Applicable,0,,
2024-07-21 20:12:00,CNR7339594503,Success,CID220158,Mini,BTM Layout,Vijayanagar,140.0,115.0,Not Applicable,Not Applicable,No,Not Applicable,289,UPI,4,4.0,4.8
2024-07-14 11:16:00,CNR8872981257,Success,CID693048,Prime SUV,Sarjapur Road,Malleshwaram,56.0,45.0,Not Applicable,Not Applicable,No,Not Applicable,389,Cash,25,4.1,4.7
2024-07-27 19:14:00,CNR7821174543,Canceled by Customer,CID815335,Auto,Jayanagar,Rajarajeshwari Nagar,,,Driver is not moving towards pickup location,Not Applicable,Not Applicable,Not Applicable,176,Not Applicable,0,,
2024-07-27 22:15:00,CNR1237777664,Success,CID146378,Prime Sedan,Rajajinagar,Electronic City,119.0,75.0,Not Applicable,Not Applicable,No,Not Applicable,370,UPI,5,4.0,3.9
2024-07-25 16:25:00,CNR6571325284,Driver Not Found,CID185398,Prime Sedan,Whitefield,Rajarajeshwari Nagar,,,Not Applicable,Not Applicable,Not Applicable,Not Applicable,520,Not Applicable,0,,
2024-07-12 02:13:00,CNR7757624335,Canceled by Customer,CID436720,eBike,BTM Layout,Yeshwanthpur,,,Driver asked to cancel,Not Applicable,Not Applicable,Not Applicable,417,Not Applicable,0,,
2024-07-17 06:17:00,CNR8421118387,Canceled by Customer,CID228850,Mini,Hulimavu,Sarjapur Road,,,Driver is not moving towards pickup location,Not Applicable,Not Applicable,Not Applicable,118,Not Applicable,0,,
2024-07-22 23:33:00,CNR5363476823,Success,CID393040,Prime SUV,Yelahanka,Sahakar Nagar,126.0,130.0,Not Applicable,Not Applicable,No,Not Applicable,956,Cash,44,3.1,4.8
2024-07-26 15:00:00,CNR5123851417,Canceled by Driver,CID440334,Mini,Yeshwanthpur,Kammanahalli,,,Not Applicable,Customer related issue,Not Applicable,Not Applicable,191,Not Applicable,0,,
2024-07-27 07:58:00,CNR9476869871,Driver Not Found,CID195713,Prime Sedan,Jayanagar,Electronic City,,,Not Applicable,Not Applicable,Not Applicable,Not Applicable,137,Not Applicable,0,,
2024-07-17 00:55:00,CNR4757971432,Success,CID884686,Prime Plus,Vijayanagar,Banashankari,84.0,115.0,Not Applicable,Not Applicable,No,Not Applicable,331,Cash,7,4.0,3.6
2024-07-24 10:46:00,CNR1017378584,Success,CID348487,Prime SUV,Majestic,Devanahalli,35.0,50.0,Not Applicable,Not Applicable,No,Not Applicable,1878,Cash,31,4.4,3.6
2024-07-05 19:30:00,CNR1706785718,Canceled by Driver,CID824702,Auto,Indiranagar,Devanahalli,,,Not Applicable,Customer related issue,Not Applicable,Not Applicable,553,Not Applicable,0,,
2024-07-28 00:30:00,CNR4492729015,Driver Not Found,CID930142,Prime Sedan,Hennur,Sahakar Nagar,,,Not Applicable,Not Applicable,Not Applicable,Not Applicable,306,Not Applicable,0,,
2024-07-04 19:49:00,CNR4369146861,Canceled by Customer,CID722991,Prime Plus,Nagarbhavi,Ulsoor,,,Change of plans,Not Applicable,Not Applicable,Not Applicable,1964,Not Applicable,0,,
2024-07-19 17:40:00,CNR7316229152,Success,CID148356,Auto,Varthur,Bellandur,189.0,70.0,Not Applicable,Not Applicable,No,Not Applicable,347,Cash,4,4.4,3.1
2024-07-13 14:47:00,CNR8357818652,Canceled by Driver,CID341679,Prime Plus,Koramangala,Sahakar Nagar,,,Not Applicable,Personal & Car related issue,Not Applicable,Not Applicable,151,Not Applicable,0,,
2024-07-14 10:17:00,CNR1570768762,Driver Not Found,CID958312,Mini,Rajarajeshwari Nagar,Banashankari,,,Not Applicable,Not Applicable,Not Applicable,Not Applicable,204,Not Applicable,0,,
2024-07-14 22:19:00,CNR7142826623,Canceled by Customer,CID253576,Bike,Langford Town,Varthur,,,AC is Not working,Not Applicable,Not Applicable,Not Applicable,465,Not Applicable,0,,
2024-07-07 01:35:00,CNR7581942950,Success,CID199868,Mini,Magadi Road,HSR Layout,77.0,100.0,Not Applicable,Not Applicable,No,Not Applicable,642,UPI,37,4.6,4.2
2024-07-26 07:16:00,CNR5950273799,Success,CID542411,Prime Sedan,Majestic,Hulimavu,245.0,125.0,Not Applicable,Not Applicable,No,Not Applicable,747,Cash,4,4.0,3.8
2024-07-12 03:24:00,CNR5378243616,Canceled by Driver,CID119827,Bike,Basavanagudi,Koramangala,,,Not Applicable,Customer related issue,Not Applicable,Not Applicable,267,Not Applicable,0,,
2024-07-16 13:56:00,CNR3094299574,Canceled by Driver,CID428325,Prime SUV,Sahakar Nagar,Yeshwanthpur,,,Not Applicable,Customer related issue,Not Applicable,Not Applicable,2544,Not Applicable,0,,
2024-07-19 06:16:00,CNR2950467133,Success,CID193974,Auto,BTM Layout,Basavanagudi,280.0,140.0,Not Applicable,Not Applicable,No,Not Applicable,493,UPI,7,3.9,3.3
2024-07-01 04:09:00,CNR1392728624,Canceled by Customer,CID496250,Prime Sedan,Chamarajpet,Sarjapur Road,,,Driver asked to cancel,Not Applicable,Not Applicable,Not Applicable,764,Not Applicable,0,,
2024-07-29 22:55:00,CNR1223725600,Success,CID207295,Prime Sedan,Varthur,Padmanabhanagar,42.0,70.0,Not Applicable,Not Applicable,No,Not Applicable,440,Cash,9,3.4,4.1
2024-07-10 22:26:00,CNR5685290045,Success,CID617258,Prime SUV,Hulimavu,Rajajinagar,56.0,25.0,Not Applicable,Not Applicable,Yes,Vehicle Breakdown,2327,UPI,41,4.5,3.5
2024-07-12 05:19:00,CNR8515125400,Canceled by Customer,CID339884,Mini,Mysore Road,Bannerghatta Road,,,Change of plans,Not Applicable,Not Applicable,Not Applicable,1224,Not Applicable,0,,
2024-07-27 03:24:00,CNR8186360454,Canceled by Driver,CID577022,Prime Sedan,Rajarajeshwari Nagar,Bannerghatta Road,,,Not Applicable,Customer was coughing/sick,Not Applicable,Not Applicable,203,Not Applicable,0,,
2024-07-05 09:42:00,CNR3578492556,Success,CID374323,Prime Plus,Basavanagudi,Jayanagar,217.0,25.0,Not Applicable,Not Applicable,No,Not Applicable,409,Cash,27,3.6,4.2
2024-07-23 03:32:00,CNR9383717483,Success,CID510892,Prime Plus,Yeshwanthpur,Cox Town,210.0,140.0,Not Applicable,Not Applicable,No,Not Applicable,2912,Cash,40,3.9,4.3
2024-07-23 04:47:00,CNR7275798580,Success,CID649254,Mini,Yeshwanthpur,Majestic,287.0,85.0,Not Applicable,Not Applicable,No,Not Applicable,130,UPI,15,3.9,3.1
2024-07-19 11:22:00,CNR6772503508,Success,CID831561,Prime SUV,Yeshwanthpur,Cox Town,252.0,30.0,Not Applicable,Not Applicable,No,Not Applicable,202,Cash,10,4.0,4.3
2024-07-01 10:41:00,CNR6683324312,Success,CID579023,Prime SUV,Hennur,Ulsoor,91.0,80.0,Not Applicable,Not Applicable,No,Not Applicable,110,Cash,7,4.8,3.1
2024-07-03 19:56:00,CNR5835552740,Success,CID774247,Mini,Kammanahalli,Kadugodi,49.0,35.0,Not Applicable,Not Applicable,No,Not Applicable,453,Cash,23,3.3,5.0
2024-07-23 14:27:00,CNR1412501000,Success,CID698449,Bike,Basavanagudi,MG Road,140.0,75.0,Not Applicable,Not Applicable,No,Not Applicable,285,Cash,27,4.3,4.7
2024-07-21 14:53:00,CNR2431494917,Success,CID296380,Prime SUV,Magadi Road,Padmanabhanagar,182.0,35.0,Not Applicable,Not Applicable,No,Not Applicable,648,UPI,41,4.4,4.7
2024-07-24 20:37:00,CNR5862816777,Success,CID918245,Bike,Tumkur Road,JP Nagar,287.0,110.0,Not Applicable,Not Applicable,No,Not Applicable,143,UPI,11,3.9,3.7
2024-07-25 06:37:00,CNR5048470354,Success,CID954357,Prime Sedan,Ulsoor,MG Road,308.0,145.0,Not Applicable,Not Applicable,No,Not Applicable,2145,Cash,3,4.5,3.7
2024-07-05 00:09:00,CNR3893500828,Driver Not Found,CID110050,Mini,Cox Town,Chamarajpet,,,Not Applicable,Not Applicable,Not Applicable,Not Applicable,324,Not Applicable,0,,
2024-07-12 11:46:00,CNR2622542980,Success,CID774625,Prime SUV,Cox Town,Magadi Road,231.0,110.0,Not Applicable,Not Applicable,No,Not Applicable,449,Cash,8,4.3,4.3
2024-07-07 14:32:00,CNR4685088647,Success,CID692042,Bike,Kengeri,Cox Town,168.0,80.0,Not Applicable,Not Applicable,No,Not Applicable,354,UPI,6,3.9,4.2
2024-07-13 08:24:00,CNR2450110194,Canceled by Driver,CID291209,Prime Sedan,Padmanabhanagar,Hennur,,,Not Applicable,Personal & Car related issue,Not Applicable,Not Applicable,130,Not Applicable,0,,
2024-07-12 10:05:00,CNR4297688380,Success,CID914268,Prime Plus,Tumkur Road,Varthur,280.0,75.0,Not Applicable,Not Applicable,Yes,Customer Demand,171,Cash,14,3.7,3.9
2024-07-03 19:50:00,CNR6164857603,Canceled by Customer,CID610137,Mini,Mysore Road,Tumkur Road,,,Change of plans,Not Applicable,Not Applicable,Not Applicable,798,Not Applicable,0,,
2024-07-24 10:42:00,CNR7170560333,Success,CID556100,Prime Sedan,Rajarajeshwari Nagar,Yelahanka,238.0,105.0,Not Applicable,Not Applicable,No,Not Applicable,841,Cash,47,3.9,3.7
2024-07-12 23:09:00,CNR4103991351,Canceled by Driver,CID724450,Bike,Whitefield,Marathahalli,,,Not Applicable,Customer related issue,Not Applicable,Not Applicable,268,Not Applicable,0,,
2024-07-12 04:07:00,CNR7628028793,Success,CID229140,eBike,RT Nagar,Peenya,98.0,25.0,Not Applicable,Not Applicable,No,Not Applicable,208,UPI,25,4.3,3.9
2024-07-04 23:04:00,CNR7195135016,Success,CID994957,Prime Sedan,Koramangala,Sarjapur Road,252.0,135.0,Not Applicable,Not Applicable,No,Not Applicable,871,Cash,46,3.4,4.7
2024-07-10 10:28:00,CNR3708605459,Canceled by Driver,CID966138,eBike,Basavanagudi,Yelahanka,,,Not Applicable,Customer related issue,Not Applicable,Not Applicable,140,Not Applicable,0,,
2024-07-24 13:43:00,CNR4837901055,Success,CID203623,Auto,Cox Town,Basavanagudi,308.0,50.0,Not Applicable,Not Applicable,No,Not Applicable,401,Cash,16,3.6,3.3
2024-07-21 06:28:00,CNR4739193847,Success,CID880664,Mini,KR Puram,Hebbal,119.0,45.0,Not Applicable,Not Applicable,No,Not Applicable,283,Cash,6,5.0,3.6
2024-07-13 22:59:00,CNR8326928932,Canceled by Customer,CID882016,eBike,Indiranagar,Hosur Road,,,Driver asked to cancel,Not Applicable,Not Applicable,Not Applicable,316,Not Applicable,0,,
2024-07-20 16:47:00,CNR3526668443,Canceled by Driver,CID372600,Prime Plus,Varthur,Nagarbhavi,,,Not Applicable,More than permitted people in there,Not Applicable,Not Applicable,187,Not Applicable,0,,
2024-07-04 05:43:00,CNR3721432794,Canceled by Driver,CID466136,Prime SUV,Kammanahalli,Jayanagar,,,Not Applicable,Personal & Car related issue,Not Applicable,Not Applicable,205,Not Applicable,0,,
2024-07-02 03:56:00,CNR1063571210,Success,CID164577,eBike,Vijayanagar,Electronic City,203.0,120.0,Not Applicable,Not Applicable,No,Not Applicable,177,UPI,13,3.2,3.7
2024-07-19 20:19:00,CNR8108145118,Success,CID565715,Bike,Padmanabhanagar,Richmond Town,238.0,25.0,Not Applicable,Not Applicable,No,Not Applicable,746,UPI,38,3.7,3.7
2024-07-17 00:19:00,CNR9342345848,Canceled by Driver,CID543512,Mini,Kengeri,Shivajinagar,,,Not Applicable,Customer was coughing/sick,Not Applicable,Not Applicable,376,Not Applicable,0,,
2024-07-13 07:34:00,CNR8768471433,Canceled by Customer,CID826741,Prime SUV,Devanahalli,Varthur,,,Change of plans,Not Applicable,Not Applicable,Not Applicable,447,Not Applicable,0,,
2024-07-22 16:42:00,CNR8743254548,Driver Not Found,CID497345,Prime Sedan,Kammanahalli,Kengeri,,,Not Applicable,Not Applicable,Not Applicable,Not Applicable,550,Not Applicable,0,,
2024-07-11 05:34:00,CNR3454628949,Success,CID761095,Prime Sedan,Peenya,JP Nagar,112.0,40.0,Not Applicable,Not Applicable,No,Not Applicable,264,Cash,4,3.8,4.2
2024-07-01 03:19:00,CNR8044350203,Success,CID487857,Mini,RT Nagar,Chickpet,84.0,35.0,Not Applicable,Not Applicable,No,Not Applicable,385,UPI,38,3.3,4.9
2024-07-03 09:11:00,CNR8737491150,Success,CID119432,Bike,Electronic City,Kengeri,77.0,80.0,Not Applicable,Not Applicable,No,Not Applicable,463,UPI,17,3.7,3.6
2024-07-27 06:51:00,CNR3502103708,Success,CID124511,Bike,Peenya,Devanahalli,133.0,120.0,Not Applicable,Not Applicable,No,Not Applicable,259,Cash,16,3.3,4.6
2024-07-28 14:10:00,CNR4758531166,Canceled by Customer,CID150719,Prime SUV,Padmanabhanagar,Varthur,,,Change of plans,Not Applicable,Not Applicable,Not Applicable,747,Not Applicable,0,,
2024-07-06 17:53:00,CNR2324653630,Success,CID791037,Bike,Chamarajpet,Whitefield,196.0,25.0,Not Applicable,Not Applicable,No,Not Applicable,228,Cash,17,3.1,3.5
2024-07-08 18:08:00,CNR4452935800,Canceled by Driver,CID550090,Prime Plus,Hebbal,Bellandur,,,Not Applicable,Personal & Car related issue,Not Applicable,Not Applicable,434,Not Applicable,0,,
2024-07-04 05:29:00,CNR5799775223,Success,CID197966,Prime Sedan,Yelahanka,Basavanagudi,105.0,80.0,Not Applicable,Not Applicable,No,Not Applicable,292,Cash,6,3.1,4.0
2024-07-16 06:35:00,CNR6076587710,Driver Not Found,CID641668,Prime Plus,Peenya,Hennur,,,Not Applicable,Not Applicable,Not Applicable,Not Applicable,201,Not Applicable,0,,
2024-07-26 17:24:00,CNR9290556435,Success,CID644528,Mini,Devanahalli,Banashankari,231.0,105.0,Not Applicable,Not Applicable,No,Not Applicable,191,Cash,8,4.9,3.2
2024-07-09 19:08:00,CNR4554692236,Success,CID495260,Mini,Jayanagar,Peenya,224.0,100.0,Not Applicable,Not Applicable,No,Not Applicable,228,Cash,19,3.1,3.9
2024-07-19 09:33:00,CNR3116422230,Success,CID949119,Prime SUV,JP Nagar,Richmond Town,259.0,145.0,Not Applicable,Not Applicable,No,Not Applicable,117,Cash,5,3.8,3.7
2024-07-02 02:54:00,CNR9517869060,Success,CID532343,Auto,Kammanahalli,BTM Layout,301.0,45.0,Not Applicable,Not Applicable,No,Not Applicable,600,UPI,8,5.0,4.2
2024-07-14 17:18:00,CNR8506012101,Canceled by Customer,CID431254,Mini,Devanahalli,Frazer Town,,,Change of plans,Not Applicable,Not Applicable,Not Applicable,479,Not Applicable,0,,
2024-07-03 21:07:00,CNR5913640391,Success,CID392895,Mini,HSR Layout,HSR Layout,126.0,65.0,Not Applicable,Not Applicable,No,Not Applicable,2908,UPI,44,3.8,3.8
2024-07-23 13:23:00,CNR9311894393,Success,CID134783,Prime SUV,Sarjapur Road,Cox Town,273.0,35.0,Not Applicable,Not Applicable,Yes,Other Issue,574,Cash,26,4.0,4.0
2024-07-07 12:07:00,CNR9566385562,Success,CID629667,Bike,Whitefield,Ramamurthy Nagar,189.0,50.0,Not Applicable,Not Applicable,No,Not Applicable,125,Cash,15,4.7,3.3
2024-07-15 02:51:00,CNR1782728091,Success,CID286069,Prime Plus,Marathahalli,RT Nagar,84.0,35.0,Not Applicable,Not Applicable,No,Not Applicable,772,Cash,37,3.1,4.9
2024-07-10 03:09:00,CNR3888793548,Canceled by Customer,CID964924,eBike,RT Nagar,Bannerghatta Road,,,Change of plans,Not Applicable,Not Applicable,Not Applicable,880,Not Applicable,0,,
2024-07-23 00:58:00,CNR4200721150,Driver Not Found,CID209844,Mini,Chickpet,Hennur,,,Not Applicable,Not Applicable,Not Applicable,Not Applicable,699,Not Applicable,0,,
2024-07-18 19:49:00,CNR5801786284,Success,CID973314,Bike,HSR Layout,Yelahanka,147.0,50.0,Not Applicable,Not Applicable,No,Not Applicable,261,UPI,27,3.1,4.0
2024-07-22 10:32:00,CNR6831990469,Driver Not Found,CID634806,Prime Sedan,HSR Layout,RT Nagar,,,Not Applicable,Not Applicable,Not Applicable,Not Applicable,156,Not Applicable,0,,
2024-07-01 09:09:00,CNR2191049851,Canceled by Driver,CID754776,Mini,Devanahalli,Kadugodi,,,Not Applicable,Personal & Car related issue,Not Applicable,Not Applicable,792,Not Applicable,0,,
2024-07-28 01:45:00,CNR4862869013,Canceled by Driver,CID603750,Prime SUV,Yelahanka,Magadi Road,,,Not Applicable,Customer was coughing/sick,Not Applicable,Not Applicable,161,Not Applicable,0,,
2024-07-25 09:49:00,CNR8271823852,Canceled by Customer,CID358246,Auto,Bannerghatta Road,MG Road,,,Driver is not moving towards pickup location,Not Applicable,Not Applicable,Not Applicable,251,Not Applicable,0,,
2024-07-12 17:04:00,CNR7124727825,Canceled by Customer,CID406756,Auto,Rajarajeshwari Nagar,Shivajinagar,,,AC is Not working,Not Applicable,Not Applicable,Not Applicable,869,Not Applicable,0,,
2024-07-30 19:25:00,CNR2345656177,Success,CID484690,eBike,Varthur,Koramangala,210.0,145.0,Not Applicable,Not Applicable,No,Not Applicable,599,Cash,27,4.4,3.5
2024-07-27 02:53:00,CNR2920751510,Success,CID454020,Mini,Hebbal,Kammanahalli,189.0,110.0,Not Applicable,Not Applicable,No,Not Applicable,150,UPI,22,4.0,4.0
2024-07-30 01:02:00,CNR3059825814,Driver Not Found,CID963349,Mini,Devanahalli,BTM Layout,,,Not Applicable,Not Applicable,Not Applicable,Not Applicable,251,Not Applicable,0,,
2024-07-04 05:45:00,CNR7817759360,Canceled by Customer,CID838428,Prime Sedan,Rajarajeshwari Nagar,Hebbal,,,AC is Not working,Not Applicable,Not Applicable,Not Applicable,2082,Not Applicable,0,,
2024-07-13 23:22:00,CNR5838722469,Success,CID614622,Bike,Richmond Town,Shivajinagar,203.0,105.0,Not Applicable,Not Applicable,No,Not Applicable,332,Debit Card,9,3.9,3.0
2024-07-05 02:10:00,CNR7827985798,Success,CID986356,Prime SUV,Padmanabhanagar,Bannerghatta Road,245.0,85.0,Not Applicable,Not Applicable,No,Not Applicable,173,Cash,47,3.8,3.1
2024-07-20 01:35:00,CNR4911406355,Success,CID904195,Mini,Hosur Road,MG Road,35.0,30.0,Not Applicable,Not Applicable,No,Not Applicable,240,UPI,36,4.8,3.3
2024-07-30 00:04:00,CNR9847534686,Success,CID562922,Bike,HSR Layout,Varthur,224.0,85.0,Not Applicable,Not Applicable,No,Not Applicable,281,Credit Card,27,3.5,4.7
2024-07-04 10:41:00,CNR2647275846,Success,CID782554,Prime Sedan,Devanahalli,Banashankari,245.0,40.0,Not Applicable,Not Applicable,No,Not Applicable,803,Cash,48,4.0,3.1
2024-07-05 14:58:00,CNR4978619250,Success,CID297856,Prime SUV,Bellandur,Kadugodi,266.0,40.0,Not Applicable,Not Applicable,No,Not Applicable,776,UPI,22,3.0,4.6
2024-07-12 21:37:00,CNR1223806691,Canceled by Driver,CID481162,Prime Sedan,Shantinagar,Frazer Town,,,Not Applicable,Customer related issue,Not Applicable,Not Applicable,380,Not Applicable,0,,
2024-07-01 12:43:00,CNR5722194411,Success,CID650866,Prime Sedan,Mysore Road,Rajajinagar,112.0,70.0,Not Applicable,Not Applicable,No,Not Applicable,296,Cash,13,4.8,4.1
2024-07-02 06:22:00,CNR1288980814,Success,CID549813,Bike,Cox Town,Ramamurthy Nagar,189.0,120.0,Not Applicable,Not Applicable,No,Not Applicable,726,Credit Card,21,3.4,3.5
2024-07-27 16:51:00,CNR2466120812,Canceled by Customer,CID260897,Prime Plus,Kengeri,Banashankari,,,Change of plans,Not Applicable,Not Applicable,Not Applicable,159,Not Applicable,0,,
2024-07-02 16:56:00,CNR7494967296,Driver Not Found,CID428931,Prime Plus,Devanahalli,Basavanagudi,,,Not Applicable,Not Applicable,Not Applicable,Not Applicable,432,Not Applicable,0,,
2024-07-28 01:40:00,CNR5288144098,Success,CID283249,Prime SUV,Chamarajpet,Rajajinagar,98.0,95.0,Not Applicable,Not Applicable,Yes,Other Issue,1956,UPI,3,3.5,4.9
2024-07-21 01:27:00,CNR9071481146,Success,CID441856,Prime Plus,Rajajinagar,BTM Layout,238.0,120.0,Not Applicable,Not Applicable,No,Not Applicable,2053,UPI,37,3.4,4.9
2024-07-23 17:14:00,CNR2355219062,Canceled by Driver,CID298093,Auto,Hulimavu,Ulsoor,,,Not Applicable,Personal & Car related issue,Not Applicable,Not Applicable,593,Not Applicable,0,,
2024-07-12 18:11:00,CNR9719687377,Success,CID490162,Prime SUV,Hennur,Indiranagar,301.0,90.0,Not Applicable,Not Applicable,Yes,Vehicle Breakdown,1350,Cash,11,4.5,4.8
2024-07-15 03:54:00,CNR9415479417,Canceled by Customer,CID668975,Auto,Padmanabhanagar,Chamarajpet,,,Driver asked to cancel,Not Applicable,Not Applicable,Not Applicable,230,Not Applicable,0,,
2024-07-26 11:31:00,CNR1536908532,Success,CID950664,Prime Sedan,Basavanagudi,Hebbal,140.0,120.0,Not Applicable,Not Applicable,No,Not Applicable,419,UPI,6,4.6,3.4
2024-07-22 07:04:00,CNR5308884583,Canceled by Driver,CID740659,Auto,Langford Town,Kengeri,,,Not Applicable,Customer related issue,Not Applicable,Not Applicable,2895,Not Applicable,0,,
2024-07-11 12:42:00,CNR5419790545,Success,CID285371,Auto,Yelahanka,Vijayanagar,91.0,60.0,Not Applicable,Not Applicable,No,Not Applicable,2118,UPI,7,3.8,4.8
2024-07-29 15:35:00,CNR8000326947,Success,CID231466,Prime SUV,Frazer Town,Chamarajpet,140.0,145.0,Not Applicable,Not Applicable,No,Not Applicable,161,Cash,32,4.8,3.1
2024-07-22 03:30:00,CNR6429342708,Success,CID432699,Prime Sedan,Marathahalli,Shantinagar,112.0,125.0,Not Applicable,Not Applicable,No,Not Applicable,982,UPI,30,4.1,4.2
2024-07-24 16:33:00,CNR4351689316,Canceled by Driver,CID321039,Prime Sedan,Sahakar Nagar,Whitefield,,,Not Applicable,Customer related issue,Not Applicable,Not Applicable,481,Not Applicable,0,,
2024-07-14 17:05:00,CNR1224598429,Driver Not Found,CID138372,Prime Plus,Sarjapur Road,Hulimavu,,,Not Applicable,Not Applicable,Not Applicable,Not Applicable,158,Not Applicable,0,,
2024-07-13 20:08:00,CNR3937262300,Success,CID684238,Prime Sedan,Electronic City,Bellandur,70.0,115.0,Not Applicable,Not Applicable,No,Not Applicable,126,Cash,2,3.8,4.3
2024-07-29 17:41:00,CNR8943287309,Success,CID522012,Mini,Shantinagar,Majestic,287.0,45.0,Not Applicable,Not Applicable,No,Not Applicable,653,Cash,19,3.3,4.4
2024-07-18 17:28:00,CNR4325379570,Success,CID681363,eBike,Richmond Town,Koramangala,308.0,115.0,Not Applicable,Not Applicable,No,Not Applicable,901,UPI,20,4.8,4.1
2024-07-16 17:22:00,CNR1158240419,Driver Not Found,CID216973,Prime Sedan,Padmanabhanagar,Mysore Road,,,Not Applicable,Not Applicable,Not Applicable,Not Applicable,2268,Not Applicable,0,,
2024-07-01 06:52:00,CNR7119800113,Success,CID803258,eBike,Devanahalli,Nagarbhavi,91.0,140.0,Not Applicable,Not Applicable,No,Not Applicable,914,UPI,35,3.6,4.1
2024-07-24 03:45:00,CNR9009498889,Canceled by Driver,CID962712,Mini,Hennur,Peenya,,,Not Applicable,Customer was coughing/sick,Not Applicable,Not Applicable,946,Not Applicable,0,,
2024-07-09 13:20:00,CNR2278327427,Success,CID514685,eBike,Bannerghatta Road,Shivajinagar,140.0,45.0,Not Applicable,Not Applicable,No,Not Applicable,351,Cash,40,3.2,3.8
2024-07-15 22:16:00,CNR5610529021,Success,CID996723,Mini,Kadugodi,BTM Layout,140.0,120.0,Not Applicable,Not Applicable,No,Not Applicable,348,Cash,43,3.2,3.6
2024-07-05 15:47:00,CNR6484904632,Driver Not Found,CID182422,Prime Plus,Banashankari,Marathahalli,,,Not Applicable,Not Applicable,Not Applicable,Not Applicable,189,Not Applicable,0,,
2024-07-09 13:40:00,CNR3547271558,Success,CID321027,Prime Sedan,Yeshwanthpur,Bannerghatta Road,252.0,90.0,Not Applicable,Not Applicable,No,Not Applicable,167,Cash,21,3.6,4.9
2024-07-18 00:49:00,CNR5413274208,Canceled by Driver,CID651818,Prime Sedan,Indiranagar,Nagarbhavi,,,Not Applicable,Customer was coughing/sick,Not Applicable,Not Applicable,739,Not Applicable,0,,
2024-07-09 10:09:00,CNR8611288135,Success,CID848750,Prime Plus,Rajajinagar,Marathahalli,259.0,135.0,Not Applicable,Not Applicable,No,Not Applicable,800,Cash,10,4.0,4.5
2024-07-03 13:49:00,CNR6818556909,Canceled by Customer,CID408982,eBike,Bannerghatta Road,Koramangala,,,Wrong Address,Not Applicable,Not Applicable,Not Applicable,2257,Not Applicable,0,,
2024-07-29 04:43:00,CNR2450151197,Canceled by Driver,CID958381,Prime Sedan,Malleshwaram,Peenya,,,Not Applicable,Personal & Car related issue,Not Applicable,Not Applicable,434,Not Applicable,0,,
2024-07-26 16:26:00,CNR4159048803,Success,CID203608,Mini,Kammanahalli,Sarjapur Road,56.0,115.0,Not Applicable,Not Applicable,No,Not Applicable,773,Cash,4,3.8,3.0
2024-07-20 08:40:00,CNR2403650258,Success,CID356051,Prime Sedan,Bellandur,Magadi Road,63.0,65.0,Not Applicable,Not Applicable,No,Not Applicable,960,UPI,44,4.7,3.9
2024-07-01 22:27:00,CNR6455870826,Canceled by Customer,CID964905,Auto,Frazer Town,Richmond Town,,,Driver is not moving towards pickup location,Not Applicable,Not Applicable,Not Applicable,298,Not Applicable,0,,
2024-07-17 01:57:00,CNR1675520495,Success,CID945251,Prime Plus,Whitefield,Ulsoor,77.0,130.0,Not Applicable,Not Applicable,No,Not Applicable,422,Cash,36,3.7,3.1
2024-07-17 14:35:00,CNR5120126290,Success,CID592509,Mini,Ramamurthy Nagar,Hennur,77.0,135.0,Not Applicable,Not Applicable,No,Not Applicable,2140,Cash,1,3.8,5.0
2024-07-05 02:45:00,CNR4435641947,Success,CID375448,Auto,Shivajinagar,HSR Layout,161.0,130.0,Not Applicable,Not Applicable,No,Not Applicable,118,UPI,10,4.0,4.0
2024-07-12 10:20:00,CNR4695590118,Success,CID157928,Prime Plus,Banashankari,KR Puram,238.0,30.0,Not Applicable,Not Applicable,No,Not Applicable,371,UPI,12,5.0,3.1
2024-07-29 10:54:00,CNR4090234203,Success,CID579098,Prime Sedan,Basavanagudi,Malleshwaram,301.0,35.0,Not Applicable,Not Applicable,Yes,Customer Demand,428,Cash,31,4.6,3.2
2024-07-11 07:01:00,CNR9867830563,Success,CID888265,Mini,MG Road,Hosur Road,196.0,120.0,Not Applicable,Not Applicable,No,Not Applicable,166,Cash,11,4.4,4.9
2024-07-16 11:42:00,CNR1197411499,Success,CID376763,Mini,Koramangala,Sahakar Nagar,161.0,80.0,Not Applicable,Not Applicable,No,Not Applicable,355,Cash,48,4.6,4.1
2024-07-03 14:49:00,CNR3280135063,Driver Not Found,CID696526,Auto,Shantinagar,Bannerghatta Road,,,Not Applicable,Not Applicable,Not Applicable,Not Applicable,404,Not Applicable,0,,
2024-07-21 04:11:00,CNR8896802263,Success,CID721541,Prime Sedan,Electronic City,RT Nagar,175.0,110.0,Not Applicable,Not Applicable,No,Not Applicable,1040,Cash,25,4.8,3.6
2024-07-03 19:25:00,CNR5093298957,Success,CID220841,Prime SUV,Banashankari,Kadugodi,301.0,85.0,Not Applicable,Not Applicable,No,Not Applicable,491,Debit Card,10,3.2,4.2
2024-07-12 20:20:00,CNR4538653149,Canceled by Customer,CID584521,eBike,Chickpet,HSR Layout,,,Driver is not moving towards pickup location,Not Applicable,Not Applicable,Not Applicable,575,Not Applicable,0,,
2024-07-25 19:30:00,CNR7531259619,Success,CID330159,Mini,HSR Layout,Marathahalli,252.0,45.0,Not Applicable,Not Applicable,Yes,Other Issue,478,UPI,29,3.9,4.0
2024-07-29 02:06:00,CNR8234794893,Canceled by Driver,CID472877,Mini,Hennur,BTM Layout,,,Not Applicable,Customer related issue,Not Applicable,Not Applicable,910,Not Applicable,0,,
2024-07-05 19:23:00,CNR6661833204,Success,CID885903,Prime Sedan,Koramangala,Yelahanka,280.0,130.0,Not Applicable,Not Applicable,No,Not Applicable,123,Cash,42,4.3,4.2
2024-07-23 14:07:00,CNR4842257270,Success,CID329860,Bike,Kammanahalli,Marathahalli,203.0,95.0,Not Applicable,Not Applicable,No,Not Applicable,387,Cash,29,4.2,4.7
2024-07-14 02:00:00,CNR7042150505,Success,CID100033,eBike,Ramamurthy Nagar,Marathahalli,63.0,115.0,Not Applicable,Not Applicable,No,Not Applicable,374,Cash,8,3.7,4.2
2024-07-02 03:14:00,CNR1618215247,Driver Not Found,CID722101,Mini,Sarjapur Road,Malleshwaram,,,Not Applicable,Not Applicable,Not Applicable,Not Applicable,153,Not Applicable,0,,
2024-07-15 09:17:00,CNR8445616130,Driver Not Found,CID679099,Prime Sedan,Kengeri,RT Nagar,,,Not Applicable,Not Applicable,Not Applicable,Not Applicable,616,Not Applicable,0,,
2024-07-16 18:49:00,CNR3773207792,Success,CID316148,Mini,Varthur,Vijayanagar,308.0,40.0,Not Applicable,Not Applicable,No,Not Applicable,415,Cash,46,4.4,3.2
2024-07-18 05:32:00,CNR3727006304,Success,CID684549,Prime Plus,Kammanahalli,Jayanagar,35.0,95.0,Not Applicable,Not Applicable,No,Not Applicable,1420,UPI,49,3.4,3.5
2024-07-04 22:28:00,CNR1220903187,Canceled by Driver,CID991158,Mini,Nagarbhavi,Yelahanka,,,Not Applicable,Customer was coughing/sick,Not Applicable,Not Applicable,376,Not Applicable,0,,
2024-07-06 16:15:00,CNR3721499975,Success,CID679271,eBike,Magadi Road,Langford Town,91.0,115.0,Not Applicable,Not Applicable,No,Not Applicable,1615,UPI,39,4.8,3.1
2024-07-07 16:57:00,CNR8038683519,Success,CID261022,Bike,Kammanahalli,Indiranagar,252.0,90.0,Not Applicable,Not Applicable,No,Not Applicable,361,Cash,46,4.2,4.2
2024-07-18 21:12:00,CNR7699351927,Driver Not Found,CID857482,Prime Sedan,Kengeri,Koramangala,,,Not Applicable,Not Applicable,Not Applicable,Not Applicable,412,Not Applicable,0,,
2024-07-19 09:19:00,CNR4665592662,Canceled by Customer,CID345937,Bike,Hebbal,Banashankari,,,Driver is not moving towards pickup location,Not Applicable,Not Applicable,Not Applicable,413,Not Applicable,0,,
2024-07-15 16:11:00,CNR2031865513,Success,CID378201,Prime SUV,Cox Town,Jayanagar,273.0,35.0,Not Applicable,Not Applicable,Yes,Customer Demand,911,UPI,32,3.0,4.6
2024-07-24 07:22:00,CNR7250025712,Success,CID590890,Mini,Shivajinagar,Peenya,126.0,85.0,Not Applicable,Not Applicable,No,Not Applicable,183,Cash,29,4.0,3.9
2024-07-15 03:03:00,CNR3231245042,Success,CID439539,Auto,Magadi Road,Langford Town,217.0,105.0,Not Applicable,Not Applicable,No,Not Applicable,764,Cash,10,4.0,3.3
2024-07-10 21:45:00,CNR4042365868,Driver Not Found,CID573940,eBike,BTM Layout,Frazer Town,,,Not Applicable,Not Applicable,Not Applicable,Not Applicable,941,Not Applicable,0,,
2024-07-03 18:29:00,CNR7250872850,Canceled by Customer,CID360809,Prime Plus,Banashankari,Ulsoor,,,Driver asked to cancel,Not Applicable,Not Applicable,Not Applicable,340,Not Applicable,0,,
2024-07-18 22:10:00,CNR3518276860,Success,CID510702,Mini,Yelahanka,HSR Layout,119.0,40.0,Not Applicable,Not Applicable,No,Not Applicable,339,Cash,34,3.3,3.3
2024-07-03 19:47:00,CNR2661351069,Success,CID446453,Auto,Kammanahalli,Malleshwaram,280.0,70.0,Not Applicable,Not Applicable,No,Not Applicable,746,UPI,9,4.8,4.0
2024-07-26 17:22:00,CNR3808673627,Canceled by Driver,CID641733,eBike,RT Nagar,Majestic,,,Not Applicable,Personal & Car related issue,Not Applicable,Not Applicable,392,Not Applicable,0,,
2024-07-22 05:44:00,CNR6173813275,Success,CID715837,Prime Sedan,Peenya,Shivajinagar,140.0,60.0,Not Applicable,Not Applicable,Yes,Vehicle Breakdown,100,Cash,28,4.0,3.0
2024-07-13 02:52:00,CNR4381898130,Canceled by Customer,CID970685,Prime Plus,Nagarbhavi,Vijayanagar,,,Driver is not moving towards pickup location,Not Applicable,Not Applicable,Not Applicable,197,Not Applicable,0,,
2024-07-19 13:03:00,CNR4594088233,Success,CID696412,Prime Plus,Sahakar Nagar,Varthur,224.0,45.0,Not Applicable,Not Applicable,No,Not Applicable,123,Cash,5,4.8,4.1
2024-07-24 22:56:00,CNR7805943498,Success,CID218946,eBike,Kengeri,Langford Town,273.0,115.0,Not Applicable,Not Applicable,Yes,Customer Demand,611,Cash,19,4.7,4.6
2024-07-11 05:07:00,CNR8284619332,Canceled by Customer,CID978001,Auto,Nagarbhavi,Indiranagar,,,Driver is not moving towards pickup location,Not Applicable,Not Applicable,Not Applicable,169,Not Applicable,0,,
2024-07-26 16:12:00,CNR7066927731,Success,CID714484,eBike,Devanahalli,MG Road,259.0,135.0,Not Applicable,Not Applicable,No,Not Applicable,147,UPI,32,4.9,3.2
2024-07-05 04:02:00,CNR6942365040,Success,CID599412,Bike,Basavanagudi,Koramangala,203.0,115.0,Not Applicable,Not Applicable,No,Not Applicable,686,Cash,14,4.0,4.8
2024-07-16 09:51:00,CNR3903496179,Success,CID845464,Prime SUV,Mysore Road,Shantinagar,119.0,75.0,Not Applicable,Not Applicable,No,Not Applicable,560,UPI,1,3.8,3.6
2024-07-23 13:10:00,CNR2640615822,Success,CID497869,Prime Sedan,Yelahanka,Rajarajeshwari Nagar,203.0,100.0,Not Applicable,Not Applicable,No,Not Applicable,663,Cash,1,4.3,5.0
2024-07-19 00:46:00,CNR9633920342,Success,CID511212,Prime Plus,BTM Layout,Varthur,287.0,75.0,Not Applicable,Not Applicable,No,Not Applicable,181,Cash,12,3.1,3.7
2024-07-18 15:31:00,CNR5601501484,Success,CID504398,Auto,Yelahanka,Kengeri,238.0,45.0,Not Applicable,Not Applicable,No,Not Applicable,266,Credit Card,1,4.2,4.6
2024-07-14 13:03:00,CNR5411327695,Success,CID514273,Prime Sedan,Sahakar Nagar,Tumkur Road,210.0,140.0,Not Applicable,Not Applicable,No,Not Applicable,285,Cash,42,4.5,4.4
2024-07-07 14:46:00,CNR1668611169,Canceled by Customer,CID798494,eBike,Ulsoor,Mysore Road,,,Driver is not moving towards pickup location,Not Applicable,Not Applicable,Not Applicable,117,Not Applicable,0,,
2024-07-19 13:02:00,CNR4209509941,Success,CID444056,eBike,Indiranagar,Kengeri,189.0,125.0,Not Applicable,Not Applicable,No,Not Applicable,389,UPI,11,4.3,3.9
2024-07-18 06:48:00,CNR4084562722,Success,CID556399,eBike,Jayanagar,Kammanahalli,84.0,55.0,Not Applicable,Not Applicable,No,Not Applicable,115,Cash,47,3.9,3.8
2024-07-01 06:36:00,CNR3826553664,Canceled by Driver,CID510450,Bike,Yeshwanthpur,Hosur Road,,,Not Applicable,Customer related issue,Not Applicable,Not Applicable,782,Not Applicable,0,,
2024-07-20 18:23:00,CNR7458867469,Canceled by Customer,CID105019,Bike,Shivajinagar,Kengeri,,,AC is Not working,Not Applicable,Not Applicable,Not Applicable,401,Not Applicable,0,,
2024-07-23 03:04:00,CNR9800953772,Success,CID370594,Mini,Kammanahalli,Electronic City,161.0,60.0,Not Applicable,Not Applicable,No,Not Applicable,2114,Debit Card,31,4.5,4.1
2024-07-25 13:01:00,CNR4540133697,Success,CID639891,Prime Sedan,Majestic,Hebbal,238.0,95.0,Not Applicable,Not Applicable,No,Not Applicable,459,Cash,16,4.5,3.6
2024-07-16 17:43:00,CNR3624294503,Success,CID411158,Mini,Vijayanagar,Sahakar Nagar,245.0,125.0,Not Applicable,Not Applicable,No,Not Applicable,985,Cash,1,3.1,3.1
2024-07-12 08:45:00,CNR2419661333,Success,CID565843,Prime Sedan,RT Nagar,Varthur,119.0,50.0,Not Applicable,Not Applicable,No,Not Applicable,205,Cash,42,4.4,4.6
2024-07-06 21:59:00,CNR2219135599,Success,CID969218,Prime Sedan,Kadugodi,Vijayanagar,91.0,60.0,Not Applicable,Not Applicable,No,Not Applicable,357,Cash,18,4.4,4.0
2024-07-25 12:54:00,CNR7294529539,Canceled by Customer,CID852512,Prime Sedan,Richmond Town,MG Road,,,Wrong Address,Not Applicable,Not Applicable,Not Applicable,237,Not Applicable,0,,
2024-07-27 16:27:00,CNR8804666427,Success,CID485877,Prime Sedan,RT Nagar,Bannerghatta Road,203.0,105.0,Not Applicable,Not Applicable,No,Not Applicable,444,Credit Card,47,3.8,4.7
2024-07-29 00:26:00,CNR6443478791,Success,CID289221,eBike,Indiranagar,Marathahalli,63.0,70.0,Not Applicable,Not Applicable,No,Not Applicable,278,Cash,45,4.2,3.1
2024-07-30 03:33:00,CNR4889878648,Success,CID740077,Mini,Majestic,KR Puram,203.0,80.0,Not Applicable,Not Applicable,No,Not Applicable,416,Cash,34,3.3,4.3
2024-07-06 09:49:00,CNR9230543555,Success,CID225043,Mini,Rajajinagar,Yelahanka,182.0,145.0,Not Applicable,Not Applicable,No,Not Applicable,256,UPI,16,3.8,4.5
2024-07-21 19:20:00,CNR3905234128,Success,CID907819,Mini,Devanahalli,Kengeri,294.0,110.0,Not Applicable,Not Applicable,No,Not Applicable,910,Credit Card,20,3.9,4.4
2024-07-18 22:56:00,CNR4815901985,Success,CID782347,Bike,Ramamurthy Nagar,Yeshwanthpur,266.0,130.0,Not Applicable,Not Applicable,No,Not Applicable,2769,UPI,37,4.1,5.0
2024-07-08 19:36:00,CNR7019858892,Success,CID355576,Prime Plus,Varthur,Frazer Town,91.0,115.0,Not Applicable,Not Applicable,No,Not Applicable,518,Cash,39,4.5,4.4
2024-07-05 04:42:00,CNR4135766161,Success,CID320208,eBike,Sahakar Nagar,Sahakar Nagar,91.0,130.0,Not Applicable,Not Applicable,No,Not Applicable,481,Cash,24,3.8,3.2
2024-07-16 07:14:00,CNR7438998934,Success,CID300305,Prime SUV,Cox Town,Sarjapur Road,63.0,35.0,Not Applicable,Not Applicable,No,Not Applicable,307,Cash,28,3.4,4.2
2024-07-13 16:52:00,CNR2382525154,Canceled by Customer,CID634645,Auto,Yelahanka,KR Puram,,,AC is Not working,Not Applicable,Not Applicable,Not Applicable,1559,Not Applicable,0,,
2024-07-14 00:25:00,CNR4930891453,Success,CID189297,Mini,Varthur,MG Road,56.0,25.0,Not Applicable,Not Applicable,No,Not Applicable,2095,Cash,33,4.8,4.6
2024-07-17 13:02:00,CNR4103684768,Canceled by Driver,CID919002,Mini,Hulimavu,Devanahalli,,,Not Applicable,Customer related issue,Not Applicable,Not Applicable,374,Not Applicable,0,,
2024-07-24 06:04:00,CNR8543224978,Success,CID438390,Auto,Ramamurthy Nagar,Padmanabhanagar,266.0,85.0,Not Applicable,Not Applicable,No,Not Applicable,333,Cash,14,4.4,4.6
2024-07-02 12:22:00,CNR2616708526,Success,CID395904,eBike,Whitefield,Marathahalli,182.0,85.0,Not Applicable,Not Applicable,No,Not Applicable,445,UPI,4,4.7,3.4
2024-07-26 05:17:00,CNR3677490508,Success,CID604978,Prime Plus,Tumkur Road,Sahakar Nagar,245.0,50.0,Not Applicable,Not Applicable,No,Not Applicable,787,UPI,49,3.5,3.8
2024-07-01 23:53:00,CNR4055646434,Success,CID873862,Prime Sedan,Electronic City,Chamarajpet,168.0,35.0,Not Applicable,Not Applicable,No,Not Applicable,390,Cash,28,3.4,4.5
2024-07-07 06:21:00,CNR6112021548,Canceled by Driver,CID852444,Prime Sedan,Rajajinagar,Ramamurthy Nagar,,,Not Applicable,Customer was coughing/sick,Not Applicable,Not Applicable,437,Not Applicable,0,,
2024-07-14 09:16:00,CNR9457934370,Success,CID210256,Auto,Electronic City,Rajarajeshwari Nagar,245.0,30.0,Not Applicable,Not Applicable,No,Not Applicable,491,Cash,5,4.6,3.5
2024-07-03 14:56:00,CNR2322043882,Success,CID458154,Auto,KR Puram,Padmanabhanagar,133.0,50.0,Not Applicable,Not Applicable,No,Not Applicable,201,Cash,4,4.6,4.1
2024-07-30 18:33:00,CNR3238176343,Canceled by Customer,CID955057,eBike,KR Puram,Bellandur,,,Driver is not moving towards pickup location,Not Applicable,Not Applicable,Not Applicable,418,Not Applicable,0,,
2024-07-30 15:03:00,CNR5962766860,Success,CID126393,Prime SUV,RT Nagar,KR Puram,147.0,35.0,Not Applicable,Not Applicable,No,Not Applicable,316,Cash,10,4.2,3.7
2024-07-15 12:48:00,CNR8732778217,Success,CID721821,Prime Sedan,Sarjapur Road,Sarjapur Road,154.0,105.0,Not Applicable,Not Applicable,No,Not Applicable,702,Cash,44,3.3,3.7
2024-07-28 16:34:00,CNR2792815152,Success,CID244422,eBike,Whitefield,Hulimavu,182.0,55.0,Not Applicable,Not Applicable,No,Not Applicable,450,UPI,11,3.8,3.8
2024-07-27 00:25:00,CNR6477160926,Canceled by Driver,CID746750,eBike,Hennur,Chickpet,,,Not Applicable,Personal & Car related issue,Not Applicable,Not Applicable,243,Not Applicable,0,,
2024-07-21 19:43:00,CNR7683296695,Canceled by Driver,CID338180,Prime Plus,MG Road,Hebbal,,,Not Applicable,Personal & Car related issue,Not Applicable,Not Applicable,297,Not Applicable,0,,
2024-07-11 05:32:00,CNR5073845954,Success,CID671824,Auto,Peenya,Richmond Town,224.0,40.0,Not Applicable,Not Applicable,No,Not Applicable,655,UPI,17,4.6,3.9
2024-07-03 01:00:00,CNR2194911324,Success,CID270413,eBike,Frazer Town,Sahakar Nagar,84.0,45.0,Not Applicable,Not Applicable,No,Not Applicable,371,Cash,4,4.9,3.2
2024-07-19 20:37:00,CNR9882617793,Canceled by Driver,CID896884,Prime SUV,Jayanagar,Ulsoor,,,Not Applicable,More than permitted people in there,Not Applicable,Not Applicable,336,Not Applicable,0,,
2024-07-30 22:08:00,CNR2145233096,Canceled by Driver,CID635046,Auto,Frazer Town,Kengeri,,,Not Applicable,Customer related issue,Not Applicable,Not Applicable,589,Not Applicable,0,,
2024-07-01 11:37:00,CNR7621992690,Success,CID754228,eBike,Kengeri,Banashankari,217.0,135.0,Not Applicable,Not Applicable,No,Not Applicable,1856,Cash,48,3.2,4.7
2024-07-17 05:42:00,CNR1837629032,Canceled by Driver,CID454049,Prime Plus,Majestic,Cox Town,,,Not Applicable,Personal & Car related issue,Not Applicable,Not Applicable,438,Not Applicable,0,,
2024-07-28 18:39:00,CNR6697837751,Success,CID135400,Auto,Varthur,KR Puram,147.0,105.0,Not Applicable,Not Applicable,No,Not Applicable,425,UPI,10,3.8,3.1
2024-07-07 16:10:00,CNR1506012571,Driver Not Found,CID295969,Mini,Rajajinagar,Tumkur Road,,,Not Applicable,Not Applicable,Not Applicable,Not Applicable,363,Not Applicable,0,,
2024-07-02 05:07:00,CNR8794160072,Success,CID736053,Bike,Yeshwanthpur,Tumkur Road,56.0,95.0,Not Applicable,Not Applicable,No,Not Applicable,450,Cash,45,4.4,4.3
2024-07-27 07:10:00,CNR4490858529,Driver Not Found,CID281411,Prime SUV,Hosur Road,KR Puram,,,Not Applicable,Not Applicable,Not Applicable,Not Applicable,186,Not Applicable,0,,
2024-07-06 07:47:00,CNR4793059969,Canceled by Driver,CID714098,Prime Plus,Indiranagar,Cox Town,,,Not Applicable,Customer related issue,Not Applicable,Not Applicable,689,Not Applicable,0,,
2024-07-07 22:58:00,CNR1159320204,Success,CID943715,Prime SUV,Sarjapur Road,Varthur,56.0,30.0,Not Applicable,Not Applicable,No,Not Applicable,345,UPI,25,3.5,3.5
2024-07-02 20:42:00,CNR8904443365,Success,CID956438,Bike,Basavanagudi,Hennur,133.0,85.0,Not Applicable,Not Applicable,No,Not Applicable,365,Cash,44,3.6,4.0
2024-07-21 04:35:00,CNR9621665506,Success,CID706721,Prime Sedan,Kammanahalli,Magadi Road,308.0,140.0,Not Applicable,Not Applicable,No,Not Applicable,357,Credit Card,22,3.7,3.4
2024-07-08 03:39:00,CNR5139669388,Canceled by Driver,CID171743,Mini,Ramamurthy Nagar,HSR Layout,,,Not Applicable,Customer was coughing/sick,Not Applicable,Not Applicable,486,Not Applicable,0,,
2024-07-21 20:12:00,CNR5834050011,Success,CID290017,Prime SUV,Marathahalli,Peenya,133.0,145.0,Not Applicable,Not Applicable,No,Not Applicable,243,UPI,14,4.7,4.9
2024-07-26 10:14:00,CNR9961565280,Canceled by Driver,CID380961,Auto,Hebbal,Malleshwaram,,,Not Applicable,Customer related issue,Not Applicable,Not Applicable,945,Not Applicable,0,,
2024-07-13 12:15:00,CNR9517531314,Success,CID482383,Auto,KR Puram,Tumkur Road,35.0,100.0,Not Applicable,Not Applicable,No,Not Applicable,427,UPI,14,3.9,3.8
2024-07-17 00:07:00,CNR1830417656,Success,CID364198,Prime Plus,Jayanagar,Hosur Road,189.0,35.0,Not Applicable,Not Applicable,No,Not Applicable,209,Cash,19,4.8,4.7
2024-07-25 18:35:00,CNR6546081557,Success,CID604215,eBike,Rajajinagar,BTM Layout,154.0,65.0,Not Applicable,Not Applicable,No,Not Applicable,169,Credit Card,11,3.4,4.6
2024-07-26 02:58:00,CNR8232655220,Driver Not Found,CID368522,eBike,Ramamurthy Nagar,Koramangala,,,Not Applicable,Not Applicable,Not Applicable,Not Applicable,632,Not Applicable,0,,
2024-07-22 00:29:00,CNR4441180506,Canceled by Customer,CID801768,Mini,Richmond Town,HSR Layout,,,Driver is not moving towards pickup location,Not Applicable,Not Applicable,Not Applicable,470,Not Applicable,0,,
2024-07-13 18:18:00,CNR4180456069,Canceled by Driver,CID525484,eBike,Kengeri,Vijayanagar,,,Not Applicable,Customer related issue,Not Applicable,Not Applicable,392,Not Applicable,0,,
2024-07-01 04:31:00,CNR3959048330,Success,CID563282,Mini,Ulsoor,Hennur,301.0,30.0,Not Applicable,Not Applicable,No,Not Applicable,715,Cash,22,3.9,3.7
2024-07-11 11:26:00,CNR4938113994,Success,CID807338,Mini,Tumkur Road,Kammanahalli,112.0,115.0,Not Applicable,Not Applicable,No,Not Applicable,849,Cash,24,4.7,3.0
2024-07-10 18:21:00,CNR3447574717,Success,CID238810,Prime Plus,Varthur,Koramangala,210.0,125.0,Not Applicable,Not Applicable,No,Not Applicable,715,Cash,43,4.2,4.3
2024-07-06 02:51:00,CNR5976081610,Success,CID862864,Prime Plus,Jayanagar,MG Road,203.0,35.0,Not Applicable,Not Applicable,No,Not Applicable,474,UPI,36,3.8,4.8
2024-07-04 22:00:00,CNR4143439996,Canceled by Driver,CID852262,Mini,Chickpet,Sahakar Nagar,,,Not Applicable,Customer related issue,Not Applicable,Not Applicable,924,Not Applicable,0,,
2024-07-26 02:15:00,CNR3624273886,Success,CID814852,eBike,Cox Town,Banashankari,119.0,90.0,Not Applicable,Not Applicable,No,Not Applicable,146,Cash,1,4.1,3.6
2024-07-10 14:19:00,CNR4020342648,Canceled by Driver,CID609865,Bike,Rajarajeshwari Nagar,Hulimavu,,,Not Applicable,More than permitted people in there,Not Applicable,Not Applicable,105,Not Applicable,0,,
2024-07-05 15:53:00,CNR8520920554,Canceled by Customer,CID705710,eBike,Rajajinagar,Hosur Road,,,Driver asked to cancel,Not Applicable,Not Applicable,Not Applicable,179,Not Applicable,0,,
2024-07-02 02:52:00,CNR1522230663,Success,CID363370,Auto,Tumkur Road,Shivajinagar,245.0,25.0,Not Applicable,Not Applicable,No,Not Applicable,874,Cash,5,3.5,4.8
2024-07-07 06:52:00,CNR5289338583,Driver Not Found,CID485966,Prime Sedan,Chickpet,Hulimavu,,,Not Applicable,Not Applicable,Not Applicable,Not Applicable,245,Not Applicable,0,,
2024-07-20 06:16:00,CNR1582057064,Canceled by Customer,CID762963,Mini,Padmanabhanagar,Langford Town,,,AC is Not working,Not Applicable,Not Applicable,Not Applicable,939,Not Applicable,0,,
2024-07-06 14:16:00,CNR7190465135,Canceled by Customer,CID748710,Bike,Sahakar Nagar,Koramangala,,,Driver is not moving towards pickup location,Not Applicable,Not Applicable,Not Applicable,188,Not Applicable,0,,
2024-07-21 14:14:00,CNR7094694256,Success,CID454255,Prime Plus,Yeshwanthpur,Bannerghatta Road,133.0,145.0,Not Applicable,Not Applicable,No,Not Applicable,103,Cash,6,3.4,4.4
2024-07-01 07:08:00,CNR7335592526,Driver Not Found,CID405089,Prime Sedan,Kengeri,KR Puram,,,Not Applicable,Not Applicable,Not Applicable,Not Applicable,376,Not Applicable,0,,
2024-07-04 10:59:00,CNR4167388065,Driver Not Found,CID966905,eBike,Mysore Road,Kengeri,,,Not Applicable,Not Applicable,Not Applicable,Not Applicable,861,Not Applicable,0,,
2024-07-12 15:22:00,CNR7367849531,Success,CID555017,eBike,Bellandur,RT Nagar,112.0,100.0,Not Applicable,Not Applicable,No,Not Applicable,1540,Cash,18,4.2,3.5
2024-07-22 05:14:00,CNR4517270666,Success,CID826564,Prime SUV,Varthur,Mysore Road,182.0,65.0,Not Applicable,Not Applicable,No,Not Applicable,470,Cash,21,5.0,3.1
2024-07-16 07:57:00,CNR3469427764,Canceled by Driver,CID105306,eBike,Koramangala,Jayanagar,,,Not Applicable,Customer was coughing/sick,Not Applicable,Not Applicable,109,Not Applicable,0,,
2024-07-19 10:24:00,CNR9172191365,Success,CID510553,Prime Sedan,RT Nagar,Cox Town,35.0,30.0,Not Applicable,Not Applicable,No,Not Applicable,319,Cash,36,4.1,3.3
2024-07-05 12:37:00,CNR8674974787,Success,CID220261,Mini,KR Puram,Chickpet,231.0,70.0,Not Applicable,Not Applicable,No,Not Applicable,1727,UPI,39,3.4,4.4
2024-07-30 07:15:00,CNR2374635695,Success,CID737370,Prime Sedan,Koramangala,Peenya,140.0,90.0,Not Applicable,Not Applicable,No,Not Applicable,248,Cash,18,4.5,3.3
2024-07-14 04:03:00,CNR2018877260,Canceled by Driver,CID118146,Auto,Rajarajeshwari Nagar,Koramangala,,,Not Applicable,Customer related issue,Not Applicable,Not Applicable,273,Not Applicable,0,,
2024-07-04 16:49:00,CNR9417077880,Driver Not Found,CID472579,Auto,Kammanahalli,Richmond Town,,,Not Applicable,Not Applicable,Not Applicable,Not Applicable,211,Not Applicable,0,,
2024-07-12 03:48:00,CNR8239009471,Success,CID440770,Prime SUV,Richmond Town,Rajarajeshwari Nagar,147.0,130.0,Not Applicable,Not Applicable,No,Not Applicable,343,UPI,48,3.6,3.2
2024-07-04 19:03:00,CNR2173020830,Canceled by Customer,CID296005,Bike,Vijayanagar,Nagarbhavi,,,Driver is not moving towards pickup location,Not Applicable,Not Applicable,Not Applicable,265,Not Applicable,0,,
2024-07-08 02:27:00,CNR5636800937,Success,CID208809,Bike,Bellandur,Yelahanka,63.0,100.0,Not Applicable,Not Applicable,No,Not Applicable,543,UPI,24,4.3,4.0
2024-07-14 15:45:00,CNR5607848889,Canceled by Driver,CID564796,Prime SUV,Koramangala,Hennur,,,Not Applicable,Customer was coughing/sick,Not Applicable,Not Applicable,276,Not Applicable,0,,
2024-07-03 02:08:00,CNR5547308456,Success,CID685838,Prime Plus,Sahakar Nagar,JP Nagar,287.0,45.0,Not Applicable,Not Applicable,No,Not Applicable,512,Cash,34,3.1,4.8
2024-07-14 08:14:00,CNR6550540001,Success,CID172591,eBike,Ulsoor,Cox Town,35.0,40.0,Not Applicable,Not Applicable,No,Not Applicable,185,Credit Card,34,4.1,3.6
2024-07-14 14:35:00,CNR5753019236,Success,CID830746,Prime SUV,Hebbal,Banashankari,84.0,85.0,Not Applicable,Not Applicable,No,Not Applicable,256,Cash,49,3.7,3.9
2024-07-12 21:53:00,CNR8039852428,Driver Not Found,CID431343,Prime Plus,Sarjapur Road,Hulimavu,,,Not Applicable,Not Applicable,Not Applicable,Not Applicable,458,Not Applicable,0,,
2024-07-04 21:38:00,CNR1970897515,Success,CID552467,eBike,Rajajinagar,Vijayanagar,252.0,80.0,Not Applicable,Not Applicable,No,Not Applicable,627,Cash,15,3.2,3.6
2024-07-04 04:12:00,CNR7688177624,Success,CID274736,Prime Plus,Magadi Road,Sarjapur Road,77.0,70.0,Not Applicable,Not Applicable,No,Not Applicable,196,Cash,43,5.0,4.2
2024-07-12 22:03:00,CNR3822126251,Canceled by Customer,CID184793,Mini,Whitefield,Majestic,,,Driver asked to cancel,Not Applicable,Not Applicable,Not Applicable,287,Not Applicable,0,,
2024-07-21 16:17:00,CNR4455631075,Canceled by Customer,CID990081,Auto,Hebbal,Whitefield,,,Driver asked to cancel,Not Applicable,Not Applicable,Not Applicable,1167,Not Applicable,0,,
2024-07-03 08:49:00,CNR6517149209,Success,CID921457,Prime Plus,RT Nagar,Rajarajeshwari Nagar,63.0,90.0,Not Applicable,Not Applicable,No,Not Applicable,251,Cash,33,4.4,3.5
2024-07-20 09:24:00,CNR2609429997,Canceled by Customer,CID639493,Mini,Marathahalli,Hebbal,,,Wrong Address,Not Applicable,Not Applicable,Not Applicable,376,Not Applicable,0,,
2024-07-16 21:48:00,CNR1898836831,Canceled by Customer,CID368907,eBike,Rajarajeshwari Nagar,Sarjapur Road,,,Driver is not moving towards pickup location,Not Applicable,Not Applicable,Not Applicable,212,Not Applicable,0,,
2024-07-23 04:36:00,CNR8314448902,Canceled by Customer,CID582085,Auto,Vijayanagar,Whitefield,,,Change of plans,Not Applicable,Not Applicable,Not Applicable,209,Not Applicable,0,,
2024-07-22 02:46:00,CNR3320977602,Success,CID687752,Prime Plus,Kengeri,Vijayanagar,77.0,60.0,Not Applicable,Not Applicable,No,Not Applicable,619,UPI,30,4.9,3.1
2024-07-01 20:57:00,CNR8654741775,Success,CID446877,Bike,Varthur,Peenya,161.0,105.0,Not Applicable,Not Applicable,No,Not Applicable,401,UPI,18,4.8,3.3
2024-07-27 19:13:00,CNR4867498912,Success,CID795563,eBike,Cox Town,Vijayanagar,238.0,55.0,Not Applicable,Not Applicable,No,Not Applicable,291,Cash,26,3.6,4.1
2024-07-30 15:04:00,CNR5505258181,Success,CID967867,Prime Plus,Ramamurthy Nagar,Majestic,140.0,110.0,Not Applicable,Not Applicable,No,Not Applicable,464,Cash,16,3.1,3.8
2024-07-01 10:16:00,CNR1831937286,Success,CID439988,Prime Plus,Chickpet,Cox Town,210.0,55.0,Not Applicable,Not Applicable,No,Not Applicable,241,Cash,18,4.4,4.1
2024-07-23 10:47:00,CNR7815421464,Canceled by Driver,CID114546,Prime SUV,Shantinagar,Shivajinagar,,,Not Applicable,Customer related issue,Not Applicable,Not Applicable,572,Not Applicable,0,,
2024-07-25 06:46:00,CNR2596015466,Success,CID443504,Prime SUV,Malleshwaram,Shantinagar,168.0,120.0,Not Applicable,Not Applicable,No,Not Applicable,103,UPI,29,3.0,4.2
2024-07-02 02:28:00,CNR6621198558,Success,CID608957,Auto,Vijayanagar,Hebbal,105.0,85.0,Not Applicable,Not Applicable,No,Not Applicable,221,Cash,13,4.8,4.5
2024-07-27 05:21:00,CNR9756398829,Canceled by Driver,CID362599,eBike,Padmanabhanagar,Shantinagar,,,Not Applicable,Personal & Car related issue,Not Applicable,Not Applicable,504,Not Applicable,0,,
2024-07-09 21:23:00,CNR4839408657,Canceled by Driver,CID764412,Prime Plus,Shivajinagar,Sahakar Nagar,,,Not Applicable,Customer was coughing/sick,Not Applicable,Not Applicable,396,Not Applicable,0,,
2024-07-16 04:33:00,CNR3930296080,Canceled by Driver,CID813394,Prime Plus,Tumkur Road,Majestic,,,Not Applicable,Personal & Car related issue,Not Applicable,Not Applicable,142,Not Applicable,0,,
2024-07-19 21:53:00,CNR5923839339,Driver Not Found,CID165523,Bike,Rajarajeshwari Nagar,Sahakar Nagar,,,Not Applicable,Not Applicable,Not Applicable,Not Applicable,392,Not Applicable,0,,
2024-07-23 17:05:00,CNR9438033947,Success,CID310516,Bike,Magadi Road,Cox Town,126.0,115.0,Not Applicable,Not Applicable,No,Not Applicable,496,Cash,8,4.1,3.7
2024-07-27 22:42:00,CNR4554611357,Canceled by Driver,CID235070,Prime Plus,Kengeri,Basavanagudi,,,Not Applicable,Customer related issue,Not Applicable,Not Applicable,161,Not Applicable,0,,
2024-07-19 17:51:00,CNR1278358540,Success,CID136997,Auto,Padmanabhanagar,Sarjapur Road,238.0,145.0,Not Applicable,Not Applicable,No,Not Applicable,358,Cash,11,3.6,3.7
2024-07-24 23:19:00,CNR9620082036,Canceled by Customer,CID922619,Prime SUV,Koramangala,Frazer Town,,,Driver is not moving towards pickup location,Not Applicable,Not Applicable,Not Applicable,175,Not Applicable,0,,
2024-07-24 08:03:00,CNR2451045936,Canceled by Customer,CID940938,Mini,Magadi Road,Jayanagar,,,AC is Not working,Not Applicable,Not Applicable,Not Applicable,217,Not Applicable,0,,
2024-07-22 17:37:00,CNR1836201342,Canceled by Customer,CID247088,Prime SUV,Hulimavu,Koramangala,,,Driver is not moving towards pickup location,Not Applicable,Not Applicable,Not Applicable,232,Not Applicable,0,,
2024-07-14 09:07:00,CNR4235733370,Success,CID294349,Prime Plus,Padmanabhanagar,Yelahanka,203.0,135.0,Not Applicable,Not Applicable,No,Not Applicable,127,UPI,33,3.2,4.1
2024-07-21 14:55:00,CNR2584816852,Canceled by Driver,CID657809,Prime Sedan,Bannerghatta Road,Kengeri,,,Not Applicable,Personal & Car related issue,Not Applicable,Not Applicable,386,Not Applicable,0,,
2024-07-27 11:28:00,CNR5101558726,Driver Not Found,CID400983,Prime Sedan,Cox Town,Ulsoor,,,Not Applicable,Not Applicable,Not Applicable,Not Applicable,496,Not Applicable,0,,
2024-07-13 22:36:00,CNR8429595743,Success,CID642098,Auto,MG Road,Ulsoor,70.0,90.0,Not Applicable,Not Applicable,Yes,Vehicle Breakdown,380,Debit Card,10,3.2,4.7
2024-07-08 06:55:00,CNR9030264321,Canceled by Customer,CID127165,Prime Sedan,Kengeri,Bannerghatta Road,,,Driver asked to cancel,Not Applicable,Not Applicable,Not Applicable,407,Not Applicable,0,,
2024-07-25 22:57:00,CNR2421539036,Success,CID831402,Prime Plus,Richmond Town,Basavanagudi,252.0,70.0,Not Applicable,Not Applicable,No,Not Applicable,859,UPI,2,4.7,4.1
2024-07-02 07:57:00,CNR7268543577,Driver Not Found,CID788564,Prime Sedan,Hulimavu,Padmanabhanagar,,,Not Applicable,Not Applicable,Not Applicable,Not Applicable,247,Not Applicable,0,,
2024-07-12 22:01:00,CNR6051486919,Success,CID916255,Prime Sedan,Hulimavu,Ramamurthy Nagar,112.0,45.0,Not Applicable,Not Applicable,No,Not Applicable,292,Cash,48,4.6,4.6
2024-07-19 22:41:00,CNR5779712626,Canceled by Customer,CID933823,Prime SUV,Indiranagar,Sarjapur Road,,,Driver is not moving towards pickup location,Not Applicable,Not Applicable,Not Applicable,281,Not Applicable,0,,
2024-07-16 21:32:00,CNR3773164647,Success,CID884395,Auto,Majestic,Banashankari,105.0,110.0,Not Applicable,Not Applicable,No,Not Applicable,790,Cash,8,3.3,3.5
2024-07-18 18:59:00,CNR1443777497,Success,CID801190,Prime SUV,Shivajinagar,Shivajinagar,294.0,35.0,Not Applicable,Not Applicable,No,Not Applicable,469,Cash,11,3.2,3.4
2024-07-03 22:40:00,CNR9541309562,Success,CID377928,Prime SUV,Frazer Town,Banashankari,280.0,90.0,Not Applicable,Not Applicable,No,Not Applicable,949,Cash,40,3.3,3.4
2024-07-08 22:41:00,CNR6830230814,Success,CID819723,Bike,Majestic,Langford Town,231.0,95.0,Not Applicable,Not Applicable,No,Not Applicable,987,Cash,30,4.4,3.1
2024-07-03 03:45:00,CNR3911921385,Canceled by Driver,CID137272,Prime Plus,Padmanabhanagar,Rajarajeshwari Nagar,,,Not Applicable,Customer was coughing/sick,Not Applicable,Not Applicable,129,Not Applicable,0,,
2024-07-27 22:37:00,CNR4418666640,Success,CID788123,Prime Sedan,Hennur,Sahakar Nagar,70.0,45.0,Not Applicable,Not Applicable,No,Not Applicable,450,UPI,47,4.7,4.7
2024-07-13 04:22:00,CNR7924988323,Success,CID917722,eBike,Majestic,Nagarbhavi,112.0,25.0,Not Applicable,Not Applicable,No,Not Applicable,398,Cash,31,4.6,3.7
2024-07-19 03:53:00,CNR4812710456,Success,CID597259,Bike,Kengeri,Cox Town,182.0,85.0,Not Applicable,Not Applicable,Yes,Customer Demand,457,Cash,21,3.1,4.0
2024-07-27 10:46:00,CNR3094163160,Success,CID253823,Prime Sedan,Koramangala,Shivajinagar,42.0,90.0,Not Applicable,Not Applicable,No,Not Applicable,189,Cash,48,4.5,3.2
2024-07-02 14:24:00,CNR8780547356,Success,CID922463,Prime Sedan,Peenya,Devanahalli,217.0,120.0,Not Applicable,Not Applicable,No,Not Applicable,245,Cash,17,3.9,3.2
2024-07-16 07:21:00,CNR7266083943,Success,CID738426,Auto,Banashankari,Ramamurthy Nagar,147.0,140.0,Not Applicable,Not Applicable,No,Not Applicable,158,UPI,14,3.1,3.1
2024-07-25 23:36:00,CNR2979363980,Success,CID772346,Auto,Jayanagar,Sahakar Nagar,238.0,90.0,Not Applicable,Not Applicable,No,Not Applicable,419,Cash,4,4.8,4.1
2024-07-11 21:00:00,CNR1243156339,Canceled by Driver,CID817978,Bike,MG Road,Nagarbhavi,,,Not Applicable,Customer was coughing/sick,Not Applicable,Not Applicable,307,Not Applicable,0,,
2024-07-21 23:52:00,CNR1631958911,Success,CID517244,eBike,Devanahalli,Kadugodi,301.0,65.0,Not Applicable,Not Applicable,No,Not Applicable,451,UPI,47,4.6,3.6
2024-07-25 14:01:00,CNR3899957218,Success,CID562774,Mini,Marathahalli,Kammanahalli,210.0,40.0,Not Applicable,Not Applicable,No,Not Applicable,196,UPI,4,4.2,4.1
2024-07-30 23:41:00,CNR5099112719,Success,CID642788,Prime SUV,Cox Town,Magadi Road,126.0,70.0,Not Applicable,Not Applicable,No,Not Applicable,491,Cash,36,4.1,4.8
2024-07-14 15:31:00,CNR6089130181,Canceled by Driver,CID495250,Mini,Tumkur Road,Peenya,,,Not Applicable,Personal & Car related issue,Not Applicable,Not Applicable,2750,Not Applicable,0,,
2024-07-30 08:35:00,CNR5453438951,Success,CID405282,Auto,Kengeri,KR Puram,133.0,130.0,Not Applicable,Not Applicable,No,Not Applicable,403,UPI,17,3.4,3.4
2024-07-23 07:08:00,CNR8202937032,Success,CID918112,Auto,Mysore Road,Sarjapur Road,231.0,50.0,Not Applicable,Not Applicable,No,Not Applicable,192,Cash,13,4.4,4.9
2024-07-17 22:54:00,CNR1257081331,Success,CID315941,eBike,Hosur Road,Ulsoor,77.0,85.0,Not Applicable,Not Applicable,No,Not Applicable,285,Cash,3,4.7,3.0
2024-07-30 05:43:00,CNR2510160066,Success,CID429333,Prime Plus,Cox Town,Whitefield,154.0,100.0,Not Applicable,Not Applicable,No,Not Applicable,701,Cash,19,4.2,3.5
2024-07-18 23:44:00,CNR6351054159,Success,CID250117,Bike,Varthur,Nagarbhavi,56.0,130.0,Not Applicable,Not Applicable,No,Not Applicable,899,Debit Card,1,3.6,4.3
2024-07-21 23:23:00,CNR5519832572,Canceled by Customer,CID424238,Prime SUV,Sarjapur Road,KR Puram,,,Change of plans,Not Applicable,Not Applicable,Not Applicable,969,Not Applicable,0,,
2024-07-18 23:51:00,CNR4585225501,Success,CID380921,Prime SUV,Indiranagar,Whitefield,203.0,140.0,Not Applicable,Not Applicable,No,Not Applicable,1592,Cash,36,4.0,4.0
2024-07-24 07:55:00,CNR4984895390,Canceled by Customer,CID574870,eBike,Magadi Road,Banashankari,,,Driver is not moving towards pickup location,Not Applicable,Not Applicable,Not Applicable,1426,Not Applicable,0,,
2024-07-11 11:31:00,CNR4613165879,Success,CID645865,Prime Plus,Bellandur,Magadi Road,147.0,60.0,Not Applicable,Not Applicable,No,Not Applicable,452,Cash,36,4.1,4.6
2024-07-15 13:16:00,CNR4478271521,Success,CID495336,Prime Plus,Hennur,Kadugodi,35.0,45.0,Not Applicable,Not Applicable,No,Not Applicable,1311,UPI,27,4.1,4.4
2024-07-15 03:07:00,CNR4808211273,Driver Not Found,CID680539,Prime SUV,Sarjapur Road,JP Nagar,,,Not Applicable,Not Applicable,Not Applicable,Not Applicable,423,Not Applicable,0,,
2024-07-21 23:52:00,CNR5258343973,Success,CID158171,Prime SUV,Hebbal,Ulsoor,77.0,40.0,Not Applicable,Not Applicable,No,Not Applicable,499,UPI,7,4.2,4.9
2024-07-06 02:13:00,CNR3340480549,Canceled by Driver,CID596929,Prime Sedan,Marathahalli,Yeshwanthpur,,,Not Applicable,More than permitted people in there,Not Applicable,Not Applicable,477,Not Applicable,0,,
2024-07-25 20:17:00,CNR3485944201,Canceled by Driver,CID121971,eBike,Padmanabhanagar,Ramamurthy Nagar,,,Not Applicable,Personal & Car related issue,Not Applicable,Not Applicable,184,Not Applicable,0,,
2024-07-06 06:01:00,CNR3001448595,Canceled by Driver,CID707748,Mini,JP Nagar,Mysore Road,,,Not Applicable,Customer was coughing/sick,Not Applicable,Not Applicable,198,Not Applicable,0,,
2024-07-12 04:45:00,CNR8544273383,Canceled by Driver,CID583732,Prime Plus,Langford Town,Magadi Road,,,Not Applicable,Personal & Car related issue,Not Applicable,Not Applicable,2435,Not Applicable,0,,
2024-07-05 09:01:00,CNR1442522634,Canceled by Driver,CID687083,eBike,Yeshwanthpur,Rajajinagar,,,Not Applicable,Personal & Car related issue,Not Applicable,Not Applicable,470,Not Applicable,0,,
2024-07-25 05:43:00,CNR5091572099,Success,CID997632,Auto,RT Nagar,Rajarajeshwari Nagar,266.0,125.0,Not Applicable,Not Applicable,No,Not Applicable,484,Cash,15,4.1,4.7
2024-07-17 16:38:00,CNR9706884643,Success,CID895031,Auto,Padmanabhanagar,Kammanahalli,35.0,90.0,Not Applicable,Not Applicable,No,Not Applicable,654,Cash,5,3.1,4.6
2024-07-21 21:15:00,CNR8635444593,Success,CID236011,eBike,Vijayanagar,Banashankari,196.0,70.0,Not Applicable,Not Applicable,No,Not Applicable,995,Cash,14,4.1,4.3
2024-07-23 12:12:00,CNR4931787281,Canceled by Driver,CID473707,Prime SUV,JP Nagar,Koramangala,,,Not Applicable,Personal & Car related issue,Not Applicable,Not Applicable,245,Not Applicable,0,,
2024-07-29 11:09:00,CNR9137213242,Success,CID537153,Prime Sedan,Marathahalli,Frazer Town,105.0,55.0,Not Applicable,Not Applicable,No,Not Applicable,2207,UPI,46,3.3,4.4
2024-07-16 00:19:00,CNR2267856730,Success,CID962402,Prime Plus,Hennur,Tumkur Road,70.0,40.0,Not Applicable,Not Applicable,No,Not Applicable,272,UPI,34,4.6,3.7
2024-07-09 13:28:00,CNR4293195000,Success,CID928109,Bike,Kadugodi,Yeshwanthpur,154.0,55.0,Not Applicable,Not Applicable,No,Not Applicable,422,Cash,35,4.0,4.5
2024-07-05 10:15:00,CNR9891114653,Success,CID303606,Mini,Langford Town,Cox Town,154.0,145.0,Not Applicable,Not Applicable,Yes,Customer Demand,161,Cash,23,4.6,4.5
2024-07-03 04:34:00,CNR5688599614,Success,CID639463,eBike,Frazer Town,Peenya,252.0,85.0,Not Applicable,Not Applicable,No,Not Applicable,432,Cash,42,4.8,3.3
2024-07-28 10:34:00,CNR2670743704,Driver Not Found,CID987117,Prime Sedan,Langford Town,Marathahalli,,,Not Applicable,Not Applicable,Not Applicable,Not Applicable,240,Not Applicable,0,,
2024-07-08 05:26:00,CNR6362560178,Success,CID957727,Prime Plus,Whitefield,Electronic City,266.0,135.0,Not Applicable,Not Applicable,No,Not Applicable,389,UPI,23,4.3,3.5
2024-07-23 09:20:00,CNR1498766392,Canceled by Driver,CID414477,Prime Plus,Majestic,Electronic City,,,Not Applicable,Customer was coughing/sick,Not Applicable,Not Applicable,332,Not Applicable,0,,
2024-07-19 14:30:00,CNR5489226035,Driver Not Found,CID398641,Bike,Shivajinagar,Ramamurthy Nagar,,,Not Applicable,Not Applicable,Not Applicable,Not Applicable,1305,Not Applicable,0,,
2024-07-02 18:41:00,CNR7274773676,Success,CID799903,eBike,Koramangala,Varthur,231.0,75.0,Not Applicable,Not Applicable,No,Not Applicable,220,UPI,47,4.8,3.8
2024-07-23 17:24:00,CNR5742877668,Success,CID426018,Prime SUV,Electronic City,JP Nagar,35.0,75.0,Not Applicable,Not Applicable,No,Not Applicable,178,Cash,16,3.2,3.8
2024-07-16 00:19:00,CNR6022714998,Success,CID714237,Prime SUV,Hennur,Padmanabhanagar,224.0,25.0,Not Applicable,Not Applicable,No,Not Applicable,361,Cash,23,4.8,4.5
2024-07-25 23:05:00,CNR5215361105,Success,CID454535,Auto,Magadi Road,BTM Layout,245.0,55.0,Not Applicable,Not Applicable,Yes,Customer Demand,285,UPI,19,4.2,4.5
2024-07-09 02:07:00,CNR9329275956,Canceled by Driver,CID855941,eBike,Shantinagar,Varthur,,,Not Applicable,Customer related issue,Not Applicable,Not Applicable,357,Not Applicable,0,,
2024-07-30 21:25:00,CNR4133324377,Canceled by Driver,CID621928,Bike,Sahakar Nagar,Cox Town,,,Not Applicable,Customer was coughing/sick,Not Applicable,Not Applicable,613,Not Applicable,0,,
2024-07-12 14:43:00,CNR2508437745,Success,CID604307,Bike,Rajajinagar,Vijayanagar,77.0,80.0,Not Applicable,Not Applicable,No,Not Applicable,1216,Cash,44,3.6,4.3
2024-07-07 07:49:00,CNR6476327612,Success,CID628306,Prime SUV,MG Road,Bannerghatta Road,266.0,95.0,Not Applicable,Not Applicable,No,Not Applicable,401,Cash,18,3.4,4.5
2024-07-28 13:25:00,CNR5085128950,Success,CID506267,Mini,Cox Town,Mysore Road,308.0,45.0,Not Applicable,Not Applicable,No,Not Applicable,103,Credit Card,48,4.6,3.4
2024-07-04 11:39:00,CNR5406478768,Driver Not Found,CID385777,Bike,Shivajinagar,Jayanagar,,,Not Applicable,Not Applicable,Not Applicable,Not Applicable,908,Not Applicable,0,,
2024-07-27 16:57:00,CNR9161245650,Success,CID811809,Auto,Padmanabhanagar,Banashankari,119.0,120.0,Not Applicable,Not Applicable,No,Not Applicable,337,Cash,11,4.2,4.9
2024-07-10 02:43:00,CNR6192419951,Success,CID640620,Prime SUV,Majestic,Rajarajeshwari Nagar,56.0,90.0,Not Applicable,Not Applicable,No,Not Applicable,223,UPI,26,4.7,4.3
2024-07-20 01:29:00,CNR1056855110,Canceled by Driver,CID382795,Prime Sedan,Chickpet,Hosur Road,,,Not Applicable,Customer related issue,Not Applicable,Not Applicable,301,Not Applicable,0,,
2024-07-24 10:06:00,CNR9316851850,Success,CID121557,Prime Sedan,Shantinagar,Kadugodi,245.0,50.0,Not Applicable,Not Applicable,No,Not Applicable,462,Cash,31,3.7,3.5
2024-07-17 09:51:00,CNR9844036745,Success,CID303116,Prime SUV,Varthur,Hosur Road,126.0,70.0,Not Applicable,Not Applicable,No,Not Applicable,264,Cash,45,4.2,3.8
2024-07-05 16:17:00,CNR8389278717,Success,CID916863,Prime SUV,Banashankari,Peenya,175.0,135.0,Not Applicable,Not Applicable,Yes,Customer Demand,431,Cash,25,3.5,3.2
2024-07-10 10:52:00,CNR8905122473,Success,CID469805,eBike,Majestic,Jayanagar,84.0,60.0,Not Applicable,Not Applicable,No,Not Applicable,101,UPI,27,3.5,3.3
2024-07-04 15:47:00,CNR6094730512,Success,CID495959,Prime Plus,Jayanagar,HSR Layout,119.0,105.0,Not Applicable,Not Applicable,No,Not Applicable,441,UPI,31,3.8,3.4
2024-07-05 21:22:00,CNR4752131224,Success,CID156898,Prime SUV,Richmond Town,Sahakar Nagar,224.0,125.0,Not Applicable,Not Applicable,No,Not Applicable,458,UPI,23,3.4,4.7
2024-07-29 16:56:00,CNR2651982034,Canceled by Driver,CID914044,Prime Plus,Malleshwaram,MG Road,,,Not Applicable,Customer related issue,Not Applicable,Not Applicable,233,Not Applicable,0,,
2024-07-26 00:39:00,CNR2403144282,Canceled by Driver,CID578875,eBike,Mysore Road,Tumkur Road,,,Not Applicable,More than permitted people in there,Not Applicable,Not Applicable,292,Not Applicable,0,,
2024-07-05 20:01:00,CNR3719018296,Canceled by Driver,CID610527,Mini,Shivajinagar,Banashankari,,,Not Applicable,Personal & Car related issue,Not Applicable,Not Applicable,499,Not Applicable,0,,
2024-07-08 18:30:00,CNR1880420442,Success,CID822113,Mini,Hebbal,BTM Layout,210.0,135.0,Not Applicable,Not Applicable,No,Not Applicable,787,Cash,35,3.2,4.5
2024-07-27 16:14:00,CNR8749006212,Success,CID998732,Prime Plus,Mysore Road,Mysore Road,133.0,75.0,Not Applicable,Not Applicable,No,Not Applicable,243,UPI,4,4.7,4.0
2024-07-07 22:09:00,CNR3993511714,Success,CID255423,Prime SUV,Rajajinagar,Bannerghatta Road,91.0,120.0,Not Applicable,Not Applicable,No,Not Applicable,369,Cash,19,3.2,3.7
2024-07-17 15:41:00,CNR9333352440,Canceled by Customer,CID986151,Prime Plus,Hulimavu,Shivajinagar,,,Change of plans,Not Applicable,Not Applicable,Not Applicable,467,Not Applicable,0,,
2024-07-04 10:08:00,CNR7797362252,Success,CID301041,eBike,Rajajinagar,Varthur,98.0,85.0,Not Applicable,Not Applicable,No,Not Applicable,1304,Cash,22,4.8,3.5
2024-07-15 02:17:00,CNR6933464854,Success,CID709826,eBike,Langford Town,Frazer Town,301.0,145.0,Not Applicable,Not Applicable,No,Not Applicable,1996,UPI,41,3.2,3.2
2024-07-10 17:01:00,CNR1220874508,Canceled by Customer,CID512603,eBike,Shantinagar,Hebbal,,,Wrong Address,Not Applicable,Not Applicable,Not Applicable,762,Not Applicable,0,,
2024-07-08 08:08:00,CNR4571633518,Success,CID729947,Auto,Hennur,Nagarbhavi,63.0,45.0,Not Applicable,Not Applicable,No,Not Applicable,463,Cash,18,4.7,4.6
2024-07-14 23:52:00,CNR8026386277,Success,CID986539,eBike,Hebbal,Indiranagar,196.0,105.0,Not Applicable,Not Applicable,No,Not Applicable,633,Cash,48,3.2,4.4
2024-07-01 08:46:00,CNR8358459490,Canceled by Driver,CID957414,Mini,Padmanabhanagar,Hosur Road,,,Not Applicable,Customer was coughing/sick,Not Applicable,Not Applicable,885,Not Applicable,0,,
2024-07-22 20:41:00,CNR7695325058,Success,CID836427,Prime SUV,Hennur,Cox Town,56.0,105.0,Not Applicable,Not Applicable,No,Not Applicable,308,Cash,11,3.5,4.7
2024-07-22 01:18:00,CNR5388221135,Canceled by Driver,CID412388,Prime Sedan,Bellandur,Devanahalli,,,Not Applicable,Personal & Car related issue,Not Applicable,Not Applicable,461,Not Applicable,0,,
2024-07-26 12:01:00,CNR5689028487,Canceled by Driver,CID293485,Bike,MG Road,Peenya,,,Not Applicable,Customer was coughing/sick,Not Applicable,Not Applicable,815,Not Applicable,0,,
2024-07-01 16:34:00,CNR6257537444,Success,CID526259,Mini,Mysore Road,Frazer Town,245.0,130.0,Not Applicable,Not Applicable,No,Not Applicable,643,Cash,47,4.9,4.1
2024-07-10 02:08:00,CNR6064675496,Success,CID712891,Mini,Hebbal,Rajajinagar,91.0,100.0,Not Applicable,Not Applicable,No,Not Applicable,275,UPI,33,4.7,4.9
2024-07-26 13:40:00,CNR2146935878,Canceled by Driver,CID765042,Prime SUV,Koramangala,Padmanabhanagar,,,Not Applicable,Customer related issue,Not Applicable,Not Applicable,507,Not Applicable,0,,
2024-07-24 16:06:00,CNR6598336079,Success,CID265523,Mini,Ulsoor,Vijayanagar,63.0,85.0,Not Applicable,Not Applicable,No,Not Applicable,573,UPI,21,3.2,4.6
2024-07-12 07:37:00,CNR9381481354,Success,CID122944,Prime SUV,Nagarbhavi,Kengeri,203.0,135.0,Not Applicable,Not Applicable,No,Not Applicable,766,UPI,14,4.7,4.6
2024-07-23 02:47:00,CNR5586143451,Success,CID796365,Auto,Sahakar Nagar,Jayanagar,210.0,110.0,Not Applicable,Not Applicable,No,Not Applicable,577,UPI,17,4.6,4.6
2024-07-05 15:49:00,CNR2798103406,Success,CID982734,Prime Plus,Cox Town,Rajarajeshwari Nagar,231.0,60.0,Not Applicable,Not Applicable,No,Not Applicable,403,Cash,3,3.3,4.2
2024-07-16 13:24:00,CNR2263721636,Success,CID178492,Prime SUV,Ramamurthy Nagar,Chickpet,273.0,100.0,Not Applicable,Not Applicable,No,Not Applicable,477,Cash,23,3.0,4.2
2024-07-28 18:48:00,CNR8786743880,Success,CID753376,Bike,Peenya,Peenya,210.0,130.0,Not Applicable,Not Applicable,No,Not Applicable,169,UPI,7,4.3,3.6
2024-07-26 10:09:00,CNR8033315056,Canceled by Driver,CID524795,Prime Plus,Kengeri,KR Puram,,,Not Applicable,Personal & Car related issue,Not Applicable,Not Applicable,232,Not Applicable,0,,
2024-07-20 17:06:00,CNR8873879224,Success,CID567359,Mini,Bellandur,JP Nagar,119.0,90.0,Not Applicable,Not Applicable,Yes,Vehicle Breakdown,175,UPI,27,3.3,4.9
2024-07-27 20:59:00,CNR6858336485,Canceled by Driver,CID847780,Auto,Nagarbhavi,Kammanahalli,,,Not Applicable,Customer related issue,Not Applicable,Not Applicable,398,Not Applicable,0,,
2024-07-24 13:13:00,CNR8245663634,Success,CID264411,eBike,Yeshwanthpur,BTM Layout,203.0,90.0,Not Applicable,Not Applicable,No,Not Applicable,186,Cash,38,4.6,4.2
2024-07-04 22:35:00,CNR2443063844,Canceled by Driver,CID569994,Mini,Yeshwanthpur,Kammanahalli,,,Not Applicable,Personal & Car related issue,Not Applicable,Not Applicable,476,Not Applicable,0,,
2024-07-25 02:15:00,CNR3131831724,Success,CID863415,Prime SUV,Vijayanagar,Kammanahalli,77.0,80.0,Not Applicable,Not Applicable,No,Not Applicable,602,Cash,1,3.1,3.6
2024-07-14 16:59:00,CNR4546550251,Success,CID108147,Prime Sedan,Frazer Town,Kammanahalli,98.0,80.0,Not Applicable,Not Applicable,No,Not Applicable,174,Cash,19,3.5,4.8
2024-07-17 07:18:00,CNR9289035708,Success,CID138972,Auto,Sarjapur Road,Kammanahalli,77.0,70.0,Not Applicable,Not Applicable,No,Not Applicable,845,UPI,15,3.1,4.5
2024-07-05 03:03:00,CNR7584933164,Canceled by Driver,CID521869,Prime Sedan,Ramamurthy Nagar,Langford Town,,,Not Applicable,More than permitted people in there,Not Applicable,Not Applicable,965,Not Applicable,0,,
2024-07-14 12:07:00,CNR8988028692,Canceled by Driver,CID273008,Prime Plus,Shivajinagar,Kammanahalli,,,Not Applicable,Customer was coughing/sick,Not Applicable,Not Applicable,336,Not Applicable,0,,
2024-07-18 20:09:00,CNR2736476318,Success,CID881740,Bike,Shantinagar,Richmond Town,35.0,130.0,Not Applicable,Not Applicable,Yes,Customer Demand,937,Cash,43,3.1,5.0
2024-07-28 02:33:00,CNR4470796515,Success,CID269046,eBike,Kammanahalli,Vijayanagar,294.0,30.0,Not Applicable,Not Applicable,No,Not Applicable,472,Cash,29,3.6,3.1
2024-07-02 17:18:00,CNR8302775579,Canceled by Driver,CID112870,Prime SUV,Marathahalli,Majestic,,,Not Applicable,Customer related issue,Not Applicable,Not Applicable,338,Not Applicable,0,,
2024-07-02 02:33:00,CNR2430544751,Canceled by Driver,CID433318,Mini,Kadugodi,Hosur Road,,,Not Applicable,Personal & Car related issue,Not Applicable,Not Applicable,150,Not Applicable,0,,
2024-07-15 08:10:00,CNR5138529408,Driver Not Found,CID297429,Prime Plus,Hulimavu,Shantinagar,,,Not Applicable,Not Applicable,Not Applicable,Not Applicable,217,Not Applicable,0,,
2024-07-25 15:37:00,CNR3454552747,Success,CID205179,Bike,Sahakar Nagar,Nagarbhavi,105.0,50.0,Not Applicable,Not Applicable,No,Not Applicable,208,Cash,35,4.9,3.1
2024-07-09 06:33:00,CNR9841712273,Canceled by Driver,CID366754,eBike,Hebbal,Bellandur,,,Not Applicable,Customer related issue,Not Applicable,Not Applicable,855,Not Applicable,0,,
2024-07-15 22:36:00,CNR8850104518,Success,CID877082,Prime SUV,Hebbal,Chickpet,252.0,105.0,Not Applicable,Not Applicable,No,Not Applicable,163,UPI,48,4.7,4.5
2024-07-01 05:32:00,CNR3786656882,Canceled by Driver,CID256688,Prime Plus,Devanahalli,Vijayanagar,,,Not Applicable,Customer related issue,Not Applicable,Not Applicable,198,Not Applicable,0,,
2024-07-05 07:33:00,CNR5613874790,Driver Not Found,CID635828,Mini,Ramamurthy Nagar,Marathahalli,,,Not Applicable,Not Applicable,Not Applicable,Not Applicable,478,Not Applicable,0,,
2024-07-23 14:26:00,CNR1799278021,Success,CID206595,Auto,Langford Town,Malleshwaram,126.0,105.0,Not Applicable,Not Applicable,Yes,Vehicle Breakdown,602,Cash,11,4.6,3.2
2024-07-15 09:58:00,CNR5654048214,Canceled by Driver,CID189604,Auto,Sarjapur Road,Yelahanka,,,Not Applicable,Customer related issue,Not Applicable,Not Applicable,733,Not Applicable,0,,
2024-07-25 08:41:00,CNR6747919459,Success,CID765474,Bike,Bannerghatta Road,Indiranagar,273.0,30.0,Not Applicable,Not Applicable,No,Not Applicable,143,Cash,9,4.4,4.0
2024-07-11 22:00:00,CNR9386574016,Success,CID341692,Prime SUV,Vijayanagar,Shivajinagar,217.0,95.0,Not Applicable,Not Applicable,No,Not Applicable,200,UPI,8,4.1,3.8
2024-07-01 04:21:00,CNR5946150331,Driver Not Found,CID347318,Prime Plus,Koramangala,Hosur Road,,,Not Applicable,Not Applicable,Not Applicable,Not Applicable,274,Not Applicable,0,,
2024-07-24 11:40:00,CNR7743489103,Success,CID388811,Auto,Majestic,Peenya,189.0,135.0,Not Applicable,Not Applicable,No,Not Applicable,434,Cash,17,4.4,4.3
2024-07-14 15:52:00,CNR3634960556,Success,CID469817,Auto,Hulimavu,Yelahanka,49.0,140.0,Not Applicable,Not Applicable,No,Not Applicable,2981,UPI,5,3.8,4.1
2024-07-15 21:14:00,CNR4334050665,Success,CID393135,Bike,Basavanagudi,Frazer Town,119.0,50.0,Not Applicable,Not Applicable,No,Not Applicable,228,Cash,21,4.3,3.8
2024-07-07 04:14:00,CNR5887138767,Success,CID243730,Prime SUV,Magadi Road,Chamarajpet,189.0,90.0,Not Applicable,Not Applicable,No,Not Applicable,618,Cash,31,3.7,3.2
2024-07-27 22:52:00,CNR4231384400,Driver Not Found,CID722249,Mini,Richmond Town,Yelahanka,,,Not Applicable,Not Applicable,Not Applicable,Not Applicable,167,Not Applicable,0,,
2024-07-12 09:31:00,CNR8410938214,Success,CID302500,Prime Sedan,Chickpet,RT Nagar,273.0,115.0,Not Applicable,Not Applicable,No,Not Applicable,109,Cash,18,4.3,4.2
2024-07-25 07:05:00,CNR6059693857,Driver Not Found,CID821822,Auto,Whitefield,Chickpet,,,Not Applicable,Not Applicable,Not Applicable,Not Applicable,828,Not Applicable,0,,
2024-07-23 06:41:00,CNR3469969357,Driver Not Found,CID779105,Prime SUV,Padmanabhanagar,Basavanagudi,,,Not Applicable,Not Applicable,Not Applicable,Not Applicable,488,Not Applicable,0,,
2024-07-13 07:08:00,CNR8318483711,Canceled by Driver,CID833001,Prime Plus,Kammanahalli,Hulimavu,,,Not Applicable,Personal & Car related issue,Not Applicable,Not Applicable,132,Not Applicable,0,,
2024-07-20 14:20:00,CNR1643506028,Success,CID783913,Prime SUV,Rajarajeshwari Nagar,Hennur,224.0,25.0,Not Applicable,Not Applicable,No,Not Applicable,373,UPI,2,4.8,4.3
2024-07-22 03:43:00,CNR4430732682,Success,CID282058,Prime Plus,Marathahalli,Hennur,154.0,110.0,Not Applicable,Not Applicable,Yes,Other Issue,941,UPI,38,4.1,3.6
2024-07-30 08:32:00,CNR1581948172,Canceled by Customer,CID587567,eBike,Yelahanka,Hebbal,,,Driver asked to cancel,Not Applicable,Not Applicable,Not Applicable,607,Not Applicable,0,,
2024-07-28 12:33:00,CNR8252304752,Canceled by Customer,CID783853,Prime Sedan,Nagarbhavi,Indiranagar,,,AC is Not working,Not Applicable,Not Applicable,Not Applicable,187,Not Applicable,0,,
2024-07-01 22:39:00,CNR2899289639,Success,CID106579,Prime Sedan,Nagarbhavi,Bannerghatta Road,105.0,105.0,Not Applicable,Not Applicable,No,Not Applicable,325,Cash,21,4.9,4.2
2024-07-21 18:17:00,CNR5139822284,Success,CID852217,Prime Plus,Hebbal,Hulimavu,182.0,60.0,Not Applicable,Not Applicable,Yes,Vehicle Breakdown,859,UPI,22,3.0,4.7
2024-07-04 13:17:00,CNR2425626518,Success,CID899594,Prime Plus,Majestic,KR Puram,147.0,70.0,Not Applicable,Not Applicable,No,Not Applicable,300,Cash,32,3.9,3.2
2024-07-10 05:28:00,CNR1300975674,Success,CID701097,Auto,Hennur,Mysore Road,140.0,140.0,Not Applicable,Not Applicable,No,Not Applicable,529,UPI,14,3.8,3.1
2024-07-04 11:40:00,CNR2461551794,Driver Not Found,CID134488,eBike,Hebbal,Hulimavu,,,Not Applicable,Not Applicable,Not Applicable,Not Applicable,1467,Not Applicable,0,,
2024-07-07 05:35:00,CNR4529413026,Success,CID844585,Auto,Chamarajpet,HSR Layout,259.0,30.0,Not Applicable,Not Applicable,No,Not Applicable,895,UPI,17,4.2,4.4
2024-07-11 15:16:00,CNR3926221200,Success,CID154391,Bike,HSR Layout,Hosur Road,252.0,90.0,Not Applicable,Not Applicable,No,Not Applicable,477,Cash,20,4.0,3.9
2024-07-01 01:00:00,CNR2638871726,Driver Not Found,CID279699,Auto,Ramamurthy Nagar,Majestic,,,Not Applicable,Not Applicable,Not Applicable,Not Applicable,108,Not Applicable,0,,
2024-07-08 07:35:00,CNR1393583989,Canceled by Driver,CID755850,Bike,Shantinagar,Tumkur Road,,,Not Applicable,Personal & Car related issue,Not Applicable,Not Applicable,197,Not Applicable,0,,
2024-07-12 04:19:00,CNR7802074188,Canceled by Customer,CID934980,Prime Plus,Varthur,Chickpet,,,Driver is not moving towards pickup location,Not Applicable,Not Applicable,Not Applicable,208,Not Applicable,0,,
2024-07-11 22:30:00,CNR2183727603,Success,CID318781,Prime SUV,HSR Layout,Shantinagar,119.0,70.0,Not Applicable,Not Applicable,No,Not Applicable,440,Cash,10,3.5,3.9
2024-07-01 09:46:00,CNR7624470479,Success,CID864842,Mini,Chickpet,Chickpet,119.0,90.0,Not Applicable,Not Applicable,No,Not Applicable,836,Cash,44,4.2,4.9
2024-07-06 17:22:00,CNR8096905451,Success,CID673135,Prime SUV,HSR Layout,Majestic,203.0,105.0,Not Applicable,Not Applicable,No,Not Applicable,225,Cash,40,4.9,4.9
2024-07-01 13:11:00,CNR3854207561,Canceled by Customer,CID140696,Prime Sedan,Banashankari,Vijayanagar,,,AC is Not working,Not Applicable,Not Applicable,Not Applicable,445,Not Applicable,0,,
2024-07-21 03:54:00,CNR1060127789,Canceled by Driver,CID295133,Prime Plus,Banashankari,Varthur,,,Not Applicable,Customer related issue,Not Applicable,Not Applicable,472,Not Applicable,0,,
2024-07-07 02:49:00,CNR5808351494,Success,CID986744,Prime Plus,Richmond Town,Kengeri,154.0,65.0,Not Applicable,Not Applicable,No,Not Applicable,619,Cash,47,4.5,4.0
2024-07-01 19:19:00,CNR4471000975,Success,CID291914,Mini,HSR Layout,RT Nagar,133.0,90.0,Not Applicable,Not Applicable,No,Not Applicable,487,UPI,16,3.6,3.4
2024-07-04 19:02:00,CNR2299939281,Success,CID151147,eBike,Electronic City,Kadugodi,35.0,85.0,Not Applicable,Not Applicable,Yes,Vehicle Breakdown,299,UPI,13,4.5,4.6
2024-07-29 18:51:00,CNR9541035567,Canceled by Customer,CID733860,eBike,Hosur Road,Majestic,,,AC is Not working,Not Applicable,Not Applicable,Not Applicable,2146,Not Applicable,0,,
2024-07-07 08:27:00,CNR9637636217,Success,CID371429,Prime SUV,Langford Town,MG Road,112.0,35.0,Not Applicable,Not Applicable,No,Not Applicable,521,Cash,7,4.6,4.5
2024-07-23 19:39:00,CNR6425577801,Canceled by Driver,CID623599,Prime Plus,Ramamurthy Nagar,Hulimavu,,,Not Applicable,Personal & Car related issue,Not Applicable,Not Applicable,266,Not Applicable,0,,
2024-07-19 20:08:00,CNR7898635695,Success,CID308870,eBike,Marathahalli,Whitefield,140.0,85.0,Not Applicable,Not Applicable,No,Not Applicable,786,UPI,49,3.5,4.0
2024-07-08 15:07:00,CNR8206942086,Driver Not Found,CID786921,Mini,Cox Town,Bellandur,,,Not Applicable,Not Applicable,Not Applicable,Not Applicable,283,Not Applicable,0,,
2024-07-10 13:28:00,CNR7630885591,Success,CID993063,Auto,Kengeri,Hennur,224.0,40.0,Not Applicable,Not Applicable,No,Not Applicable,553,Cash,10,3.8,4.5
2024-07-26 13:58:00,CNR9720329611,Canceled by Driver,CID237979,Bike,KR Puram,Magadi Road,,,Not Applicable,Personal & Car related issue,Not Applicable,Not Applicable,928,Not Applicable,0,,
2024-07-28 15:21:00,CNR4695378190,Canceled by Driver,CID734017,Auto,Ulsoor,Mysore Road,,,Not Applicable,Customer related issue,Not Applicable,Not Applicable,385,Not Applicable,0,,
2024-07-22 12:31:00,CNR4029216808,Success,CID590954,Bike,Langford Town,Ulsoor,217.0,80.0,Not Applicable,Not Applicable,No,Not Applicable,629,Cash,7,4.2,4.5
2024-07-10 21:47:00,CNR8988415708,Success,CID845791,Prime Plus,Devanahalli,Kengeri,112.0,60.0,Not Applicable,Not Applicable,No,Not Applicable,1334,Cash,36,3.3,3.3
2024-07-04 19:03:00,CNR4977218624,Success,CID371712,Prime Sedan,Varthur,Hosur Road,63.0,30.0,Not Applicable,Not Applicable,No,Not Applicable,1179,Cash,45,3.7,4.2
2024-07-19 15:13:00,CNR4639925162,Success,CID279756,Prime Sedan,Hebbal,Yelahanka,196.0,60.0,Not Applicable,Not Applicable,Yes,Vehicle Breakdown,1788,UPI,6,3.6,3.3
2024-07-02 13:52:00,CNR2772883886,Success,CID851488,Auto,Vijayanagar,Malleshwaram,91.0,50.0,Not Applicable,Not Applicable,No,Not Applicable,567,Cash,13,4.9,4.6
2024-07-03 08:20:00,CNR3206537456,Canceled by Customer,CID544197,Mini,Nagarbhavi,Majestic,,,Change of plans,Not Applicable,Not Applicable,Not Applicable,315,Not Applicable,0,,
2024-07-16 05:31:00,CNR1407977423,Success,CID161654,Auto,MG Road,Electronic City,224.0,30.0,Not Applicable,Not Applicable,Yes,Vehicle Breakdown,1131,Cash,11,3.7,3.8
2024-07-30 00:20:00,CNR5962830102,Success,CID295090,Prime Plus,Peenya,Langford Town,49.0,85.0,Not Applicable,Not Applicable,No,Not Applicable,473,Cash,27,3.5,4.1
2024-07-04 18:54:00,CNR8479629824,Canceled by Customer,CID802895,Mini,Yeshwanthpur,MG Road,,,Wrong Address,Not Applicable,Not Applicable,Not Applicable,2309,Not Applicable,0,,
2024-07-12 16:24:00,CNR2159305601,Canceled by Customer,CID858119,Prime SUV,Banashankari,MG Road,,,Change of plans,Not Applicable,Not Applicable,Not Applicable,969,Not Applicable,0,,
2024-07-19 05:43:00,CNR9142202316,Canceled by Driver,CID271426,Mini,RT Nagar,Varthur,,,Not Applicable,Customer related issue,Not Applicable,Not Applicable,2919,Not Applicable,0,,
2024-07-21 02:47:00,CNR5170638047,Driver Not Found,CID196788,Mini,Mysore Road,Malleshwaram,,,Not Applicable,Not Applicable,Not Applicable,Not Applicable,171,Not Applicable,0,,
2024-07-16 18:59:00,CNR1282703558,Success,CID724001,Mini,RT Nagar,Frazer Town,63.0,70.0,Not Applicable,Not Applicable,No,Not Applicable,481,Cash,6,4.5,4.3
2024-07-06 23:07:00,CNR4378901955,Success,CID181756,Auto,Koramangala,Langford Town,147.0,120.0,Not Applicable,Not Applicable,No,Not Applicable,2095,UPI,13,3.9,3.7
2024-07-29 08:16:00,CNR6469459525,Canceled by Driver,CID141287,Prime Sedan,Electronic City,Frazer Town,,,Not Applicable,Personal & Car related issue,Not Applicable,Not Applicable,221,Not Applicable,0,,
2024-07-22 20:03:00,CNR7471035337,Canceled by Driver,CID428890,Prime Plus,Devanahalli,Banashankari,,,Not Applicable,Customer related issue,Not Applicable,Not Applicable,1785,Not Applicable,0,,
2024-07-23 03:28:00,CNR9043734346,Success,CID224117,Prime Plus,Koramangala,Ulsoor,126.0,60.0,Not Applicable,Not Applicable,No,Not Applicable,402,Cash,6,4.2,4.3
2024-07-05 02:04:00,CNR7969847144,Success,CID445393,Mini,Hennur,Jayanagar,63.0,60.0,Not Applicable,Not Applicable,No,Not Applicable,244,Cash,45,4.5,4.9
2024-07-15 09:38:00,CNR5078860660,Canceled by Driver,CID961193,Prime Sedan,RT Nagar,Chickpet,,,Not Applicable,Customer was coughing/sick,Not Applicable,Not Applicable,493,Not Applicable,0,,
2024-07-16 01:02:00,CNR8713558228,Canceled by Driver,CID931588,Bike,Kadugodi,KR Puram,,,Not Applicable,Customer related issue,Not Applicable,Not Applicable,2648,Not Applicable,0,,
2024-07-09 19:22:00,CNR4100546317,Success,CID250045,Prime Plus,BTM Layout,Chamarajpet,280.0,85.0,Not Applicable,Not Applicable,No,Not Applicable,374,UPI,25,3.8,3.4
2024-07-07 03:04:00,CNR3294843315,Success,CID944855,Prime Sedan,BTM Layout,Varthur,301.0,35.0,Not Applicable,Not Applicable,No,Not Applicable,423,UPI,33,4.2,4.9
2024-07-25 13:12:00,CNR8707294819,Success,CID413704,Prime SUV,Kammanahalli,Kadugodi,175.0,75.0,Not Applicable,Not Applicable,No,Not Applicable,535,UPI,8,3.3,4.9
2024-07-04 01:59:00,CNR2174742302,Success,CID174068,Prime Sedan,Majestic,Basavanagudi,294.0,115.0,Not Applicable,Not Applicable,No,Not Applicable,266,Cash,18,3.7,3.9
2024-07-01 07:41:00,CNR1389984314,Canceled by Driver,CID497833,eBike,Ramamurthy Nagar,Ramamurthy Nagar,,,Not Applicable,Customer related issue,Not Applicable,Not Applicable,450,Not Applicable,0,,
2024-07-03 05:49:00,CNR6819239970,Canceled by Driver,CID386196,Mini,JP Nagar,Bannerghatta Road,,,Not Applicable,Customer was coughing/sick,Not Applicable,Not Applicable,261,Not Applicable,0,,
2024-07-03 17:06:00,CNR1963761770,Success,CID792805,eBike,Sarjapur Road,Indiranagar,84.0,25.0,Not Applicable,Not Applicable,No,Not Applicable,100,UPI,31,4.0,5.0
2024-07-18 02:18:00,CNR8067569927,Success,CID824873,Prime Plus,Bannerghatta Road,Jayanagar,161.0,85.0,Not Applicable,Not Applicable,No,Not Applicable,607,Cash,3,4.3,3.0
2024-07-08 19:34:00,CNR4751597612,Driver Not Found,CID987862,Prime Sedan,Richmond Town,Kammanahalli,,,Not Applicable,Not Applicable,Not Applicable,Not Applicable,104,Not Applicable,0,,
2024-07-06 03:32:00,CNR1830954862,Success,CID955240,Prime SUV,Nagarbhavi,Banashankari,245.0,25.0,Not Applicable,Not Applicable,No,Not Applicable,379,Cash,3,3.6,3.7
2024-07-22 12:50:00,CNR4782581746,Success,CID959420,Prime Sedan,Frazer Town,Bannerghatta Road,224.0,90.0,Not Applicable,Not Applicable,No,Not Applicable,499,UPI,23,4.6,4.6
2024-07-29 20:54:00,CNR1605552095,Success,CID857155,Bike,Vijayanagar,Mysore Road,105.0,130.0,Not Applicable,Not Applicable,No,Not Applicable,151,Cash,33,3.4,4.2
2024-07-25 08:57:00,CNR6006516909,Canceled by Customer,CID239157,Auto,RT Nagar,Kammanahalli,,,Wrong Address,Not Applicable,Not Applicable,Not Applicable,345,Not Applicable,0,,
2024-07-23 18:42:00,CNR8945100598,Canceled by Driver,CID153549,eBike,Shantinagar,Majestic,,,Not Applicable,Customer was coughing/sick,Not Applicable,Not Applicable,605,Not Applicable,0,,
2024-07-29 03:21:00,CNR2483673766,Driver Not Found,CID399623,Prime Plus,MG Road,Varthur,,,Not Applicable,Not Applicable,Not Applicable,Not Applicable,440,Not Applicable,0,,
2024-07-05 15:28:00,CNR4649746971,Success,CID646857,Prime Sedan,Kammanahalli,Marathahalli,203.0,110.0,Not Applicable,Not Applicable,No,Not Applicable,178,Credit Card,12,4.3,4.2
2024-07-01 22:40:00,CNR8281302245,Success,CID960976,Auto,Mysore Road,Electronic City,238.0,75.0,Not Applicable,Not Applicable,No,Not Applicable,909,Cash,19,4.6,3.1
2024-07-13 00:22:00,CNR3409923160,Success,CID457358,Prime SUV,Rajarajeshwari Nagar,Hebbal,133.0,25.0,Not Applicable,Not Applicable,No,Not Applicable,414,UPI,9,4.8,3.4
2024-07-10 17:20:00,CNR6553170052,Driver Not Found,CID426801,Bike,Kadugodi,Majestic,,,Not Applicable,Not Applicable,Not Applicable,Not Applicable,747,Not Applicable,0,,
2024-07-23 05:36:00,CNR9260209759,Success,CID414963,Prime SUV,Malleshwaram,Kadugodi,133.0,45.0,Not Applicable,Not Applicable,No,Not Applicable,597,Cash,23,3.4,3.5
2024-07-22 07:03:00,CNR9746693405,Driver Not Found,CID367017,Auto,RT Nagar,Richmond Town,,,Not Applicable,Not Applicable,Not Applicable,Not Applicable,320,Not Applicable,0,,
2024-07-09 01:25:00,CNR9557998838,Driver Not Found,CID505735,Bike,Marathahalli,Sarjapur Road,,,Not Applicable,Not Applicable,Not Applicable,Not Applicable,136,Not Applicable,0,,
2024-07-30 10:56:00,CNR5372676416,Canceled by Driver,CID152480,Prime Sedan,Padmanabhanagar,Tumkur Road,,,Not Applicable,Personal & Car related issue,Not Applicable,Not Applicable,2883,Not Applicable,0,,
2024-07-13 15:00:00,CNR6573242948,Canceled by Driver,CID454605,Prime SUV,Richmond Town,Rajajinagar,,,Not Applicable,Customer related issue,Not Applicable,Not Applicable,475,Not Applicable,0,,
2024-07-18 23:00:00,CNR5259666616,Success,CID861775,Auto,Malleshwaram,Shivajinagar,210.0,125.0,Not Applicable,Not Applicable,No,Not Applicable,286,Cash,8,4.1,3.5
2024-07-12 23:55:00,CNR9407974350,Success,CID764583,Bike,Indiranagar,Hebbal,252.0,30.0,Not Applicable,Not Applicable,No,Not Applicable,958,UPI,8,4.5,4.9
2024-07-13 08:52:00,CNR9349945730,Success,CID709766,Prime Sedan,Vijayanagar,JP Nagar,140.0,50.0,Not Applicable,Not Applicable,Yes,Vehicle Breakdown,183,Cash,36,3.6,3.6
2024-07-29 18:39:00,CNR7572802806,Success,CID565759,Bike,Nagarbhavi,Kengeri,70.0,100.0,Not Applicable,Not Applicable,No,Not Applicable,319,UPI,27,4.9,3.7
2024-07-11 20:00:00,CNR6642358531,Success,CID222731,Prime SUV,HSR Layout,Shantinagar,112.0,45.0,Not Applicable,Not Applicable,Yes,Vehicle Breakdown,1960,Cash,48,4.1,3.4
2024-07-11 05:13:00,CNR1013544067,Canceled by Driver,CID346507,eBike,Whitefield,Magadi Road,,,Not Applicable,Customer related issue,Not Applicable,Not Applicable,426,Not Applicable,0,,
2024-07-18 14:09:00,CNR5911571364,Canceled by Driver,CID779438,Prime Plus,Bannerghatta Road,Tumkur Road,,,Not Applicable,Personal & Car related issue,Not Applicable,Not Applicable,874,Not Applicable,0,,
2024-07-24 06:23:00,CNR6831931438,Canceled by Driver,CID337291,Auto,Padmanabhanagar,Marathahalli,,,Not Applicable,Personal & Car related issue,Not Applicable,Not Applicable,1555,Not Applicable,0,,
2024-07-30 08:19:00,CNR5981058595,Canceled by Driver,CID252043,Bike,Varthur,Malleshwaram,,,Not Applicable,Customer was coughing/sick,Not Applicable,Not Applicable,729,Not Applicable,0,,
2024-07-14 02:34:00,CNR1050361887,Success,CID481250,Mini,Indiranagar,Basavanagudi,189.0,110.0,Not Applicable,Not Applicable,No,Not Applicable,890,Cash,21,4.0,3.7
2024-07-15 07:34:00,CNR8951829664,Success,CID333619,Prime Sedan,Electronic City,Electronic City,105.0,25.0,Not Applicable,Not Applicable,No,Not Applicable,441,UPI,26,4.9,3.4
2024-07-24 13:19:00,CNR1033461019,Canceled by Customer,CID322806,Prime SUV,Frazer Town,KR Puram,,,Driver asked to cancel,Not Applicable,Not Applicable,Not Applicable,385,Not Applicable,0,,
2024-07-30 00:03:00,CNR2468185673,Success,CID104163,Mini,Ramamurthy Nagar,Varthur,63.0,80.0,Not Applicable,Not Applicable,No,Not Applicable,107,UPI,34,3.1,3.9
2024-07-01 03:43:00,CNR9192068600,Canceled by Driver,CID511252,Prime Plus,Shantinagar,Padmanabhanagar,,,Not Applicable,Customer was coughing/sick,Not Applicable,Not Applicable,142,Not Applicable,0,,
2024-07-23 02:39:00,CNR2291058194,Success,CID251364,eBike,Magadi Road,Indiranagar,294.0,105.0,Not Applicable,Not Applicable,No,Not Applicable,402,UPI,34,4.0,3.8
2024-07-02 14:05:00,CNR4225141406,Success,CID289626,Bike,Ramamurthy Nagar,JP Nagar,273.0,90.0,Not Applicable,Not Applicable,No,Not Applicable,848,Cash,8,4.2,4.1
2024-07-12 09:14:00,CNR8239890921,Driver Not Found,CID723687,Prime Sedan,Hulimavu,Whitefield,,,Not Applicable,Not Applicable,Not Applicable,Not Applicable,251,Not Applicable,0,,
2024-07-16 21:54:00,CNR4679247597,Success,CID124248,Bike,Koramangala,Sarjapur Road,175.0,90.0,Not Applicable,Not Applicable,No,Not Applicable,262,Cash,19,3.9,3.2
2024-07-26 19:16:00,CNR1494408294,Success,CID441716,Prime Sedan,Sarjapur Road,Chickpet,168.0,115.0,Not Applicable,Not Applicable,No,Not Applicable,422,UPI,10,3.6,4.8
2024-07-01 02:58:00,CNR2542048308,Success,CID315815,Bike,Sahakar Nagar,Varthur,77.0,85.0,Not Applicable,Not Applicable,No,Not Applicable,906,UPI,32,3.3,4.2
2024-07-01 01:27:00,CNR5269606117,Canceled by Driver,CID925187,Prime Sedan,Kammanahalli,Rajarajeshwari Nagar,,,Not Applicable,Personal & Car related issue,Not Applicable,Not Applicable,397,Not Applicable,0,,
2024-07-07 07:10:00,CNR6886177859,Canceled by Driver,CID264941,Prime SUV,Peenya,Kadugodi,,,Not Applicable,More than permitted people in there,Not Applicable,Not Applicable,480,Not Applicable,0,,
2024-07-08 02:39:00,CNR6019368484,Canceled by Customer,CID701763,Prime SUV,Kadugodi,Electronic City,,,Driver is not moving towards pickup location,Not Applicable,Not Applicable,Not Applicable,538,Not Applicable,0,,
2024-07-20 03:37:00,CNR7854927035,Success,CID732797,Bike,Hebbal,Rajarajeshwari Nagar,126.0,65.0,Not Applicable,Not Applicable,No,Not Applicable,256,Cash,27,4.4,3.4
2024-07-24 22:07:00,CNR9667367526,Success,CID405794,Prime Sedan,Bannerghatta Road,Nagarbhavi,49.0,105.0,Not Applicable,Not Applicable,No,Not Applicable,125,Credit Card,2,4.9,3.0
2024-07-13 03:18:00,CNR5249477190,Success,CID924040,eBike,Shivajinagar,Rajarajeshwari Nagar,203.0,80.0,Not Applicable,Not Applicable,No,Not Applicable,310,Cash,18,4.4,4.9
2024-07-26 04:25:00,CNR8869139685,Success,CID277279,Prime SUV,Ramamurthy Nagar,Kammanahalli,140.0,90.0,Not Applicable,Not Applicable,No,Not Applicable,255,Cash,4,4.6,4.0
2024-07-02 08:31:00,CNR1044494440,Success,CID495168,Prime Sedan,RT Nagar,Malleshwaram,42.0,55.0,Not Applicable,Not Applicable,No,Not Applicable,355,Debit Card,30,3.3,4.0
2024-07-12 14:14:00,CNR1557243913,Canceled by Customer,CID822307,Bike,Varthur,Kengeri,,,AC is Not working,Not Applicable,Not Applicable,Not Applicable,821,Not Applicable,0,,
2024-07-11 09:00:00,CNR6890604090,Canceled by Driver,CID756780,Mini,Cox Town,Rajajinagar,,,Not Applicable,Personal & Car related issue,Not Applicable,Not Applicable,684,Not Applicable,0,,
2024-07-26 03:50:00,CNR4332010778,Success,CID588073,Bike,Chickpet,Sahakar Nagar,84.0,100.0,Not Applicable,Not Applicable,No,Not Applicable,268,UPI,3,4.9,3.8
2024-07-17 21:28:00,CNR8667465097,Success,CID681576,Prime SUV,Vijayanagar,Basavanagudi,273.0,140.0,Not Applicable,Not Applicable,No,Not Applicable,118,Cash,26,3.8,4.8
2024-07-08 23:39:00,CNR5212442615,Canceled by Driver,CID521471,Prime SUV,KR Puram,Banashankari,,,Not Applicable,Personal & Car related issue,Not Applicable,Not Applicable,967,Not Applicable,0,,
2024-07-20 22:07:00,CNR9982529356,Success,CID730550,Auto,Banashankari,Padmanabhanagar,294.0,105.0,Not Applicable,Not Applicable,Yes,Other Issue,331,Cash,7,3.0,4.1
2024-07-02 21:13:00,CNR2675717738,Driver Not Found,CID176698,Auto,Basavanagudi,Basavanagudi,,,Not Applicable,Not Applicable,Not Applicable,Not Applicable,182,Not Applicable,0,,
2024-07-09 23:22:00,CNR6924812680,Canceled by Customer,CID821799,Prime Plus,Langford Town,Chickpet,,,Change of plans,Not Applicable,Not Applicable,Not Applicable,1328,Not Applicable,0,,
2024-07-10 19:02:00,CNR8969792956,Success,CID295939,eBike,Kammanahalli,Jayanagar,252.0,140.0,Not Applicable,Not Applicable,No,Not Applicable,448,UPI,40,4.4,3.6
2024-07-05 12:53:00,CNR2582988399,Driver Not Found,CID246299,Auto,Electronic City,Sarjapur Road,,,Not Applicable,Not Applicable,Not Applicable,Not Applicable,962,Not Applicable,0,,
2024-07-07 22:39:00,CNR1180303960,Success,CID497807,Bike,Malleshwaram,Whitefield,224.0,140.0,Not Applicable,Not Applicable,No,Not Applicable,1516,Cash,24,4.9,4.3
2024-07-08 01:53:00,CNR8819888132,Success,CID383470,Bike,Koramangala,Electronic City,63.0,85.0,Not Applicable,Not Applicable,No,Not Applicable,892,Cash,10,3.5,4.3
2024-07-27 21:30:00,CNR7122760494,Success,CID979105,Prime SUV,Peenya,Shantinagar,147.0,30.0,Not Applicable,Not Applicable,No,Not Applicable,446,UPI,10,4.6,4.5
2024-07-23 05:44:00,CNR2183027882,Canceled by Customer,CID107778,Prime Sedan,Shivajinagar,KR Puram,,,Wrong Address,Not Applicable,Not Applicable,Not Applicable,106,Not Applicable,0,,
2024-07-01 02:26:00,CNR7027721408,Success,CID704295,Prime Sedan,KR Puram,Chamarajpet,105.0,110.0,Not Applicable,Not Applicable,No,Not Applicable,153,Cash,11,3.9,3.3
2024-07-15 22:10:00,CNR4595881143,Success,CID562041,Mini,Cox Town,Hennur,308.0,55.0,Not Applicable,Not Applicable,No,Not Applicable,279,UPI,35,4.4,4.9
2024-07-27 07:17:00,CNR9223536334,Canceled by Customer,CID591460,eBike,Ulsoor,HSR Layout,,,AC is Not working,Not Applicable,Not Applicable,Not Applicable,223,Not Applicable,0,,
2024-07-27 13:21:00,CNR9128851190,Success,CID686344,Auto,Koramangala,Kadugodi,84.0,75.0,Not Applicable,Not Applicable,No,Not Applicable,173,UPI,17,4.4,4.9
2024-07-04 12:47:00,CNR5237398187,Success,CID195782,Auto,Jayanagar,JP Nagar,98.0,60.0,Not Applicable,Not Applicable,No,Not Applicable,447,Cash,5,4.9,4.9
2024-07-24 18:04:00,CNR4855524121,Success,CID171290,eBike,Yeshwanthpur,Kammanahalli,161.0,110.0,Not Applicable,Not Applicable,No,Not Applicable,774,UPI,44,3.1,3.2
2024-07-16 20:39:00,CNR9599669311,Canceled by Driver,CID542401,Prime Plus,Kengeri,Rajarajeshwari Nagar,,,Not Applicable,Customer was coughing/sick,Not Applicable,Not Applicable,141,Not Applicable,0,,
2024-07-20 00:56:00,CNR8805250977,Canceled by Customer,CID846357,Prime Sedan,Hennur,Sahakar Nagar,,,Change of plans,Not Applicable,Not Applicable,Not Applicable,237,Not Applicable,0,,
2024-07-06 16:54:00,CNR2007159388,Canceled by Customer,CID858587,Mini,Hebbal,Ulsoor,,,Change of plans,Not Applicable,Not Applicable,Not Applicable,438,Not Applicable,0,,
2024-07-15 20:21:00,CNR7694320618,Canceled by Driver,CID814139,Prime Plus,Rajajinagar,Kengeri,,,Not Applicable,Customer related issue,Not Applicable,Not Applicable,898,Not Applicable,0,,
2024-07-24 03:15:00,CNR4241103337,Canceled by Customer,CID698603,Prime SUV,Hennur,Rajarajeshwari Nagar,,,Change of plans,Not Applicable,Not Applicable,Not Applicable,291,Not Applicable,0,,
2024-07-24 01:05:00,CNR9225768642,Success,CID966180,Mini,Banashankari,Shantinagar,63.0,65.0,Not Applicable,Not Applicable,Yes,Vehicle Breakdown,195,Cash,7,3.2,4.8
2024-07-03 12:54:00,CNR9786129462,Success,CID593640,Bike,Devanahalli,Marathahalli,161.0,45.0,Not Applicable,Not Applicable,No,Not Applicable,225,UPI,23,3.2,4.3
2024-07-30 09:24:00,CNR6377684109,Success,CID620780,Prime Sedan,Kammanahalli,Hennur,77.0,130.0,Not Applicable,Not Applicable,No,Not Applicable,151,Cash,5,3.0,3.7
2024-07-04 13:01:00,CNR1650550627,Canceled by Customer,CID307241,Prime Plus,Koramangala,Ulsoor,,,Driver asked to cancel,Not Applicable,Not Applicable,Not Applicable,265,Not Applicable,0,,
2024-07-10 20:24:00,CNR2215497104,Canceled by Customer,CID946611,Bike,Shantinagar,HSR Layout,,,Driver asked to cancel,Not Applicable,Not Applicable,Not Applicable,148,Not Applicable,0,,
2024-07-17 06:59:00,CNR9983640671,Success,CID648262,Prime Sedan,Hosur Road,Ramamurthy Nagar,63.0,55.0,Not Applicable,Not Applicable,Yes,Customer Demand,460,UPI,49,4.5,4.0
2024-07-17 21:02:00,CNR8098291775,Driver Not Found,CID136905,Auto,KR Puram,Devanahalli,,,Not Applicable,Not Applicable,Not Applicable,Not Applicable,382,Not Applicable,0,,
2024-07-25 19:04:00,CNR5287572615,Success,CID842328,Bike,Kammanahalli,Tumkur Road,49.0,50.0,Not Applicable,Not Applicable,No,Not Applicable,181,Cash,1,4.7,3.7
2024-07-07 09:05:00,CNR6764501836,Success,CID883006,Auto,Rajarajeshwari Nagar,Chamarajpet,49.0,145.0,Not Applicable,Not Applicable,No,Not Applicable,708,Cash,11,3.3,3.3
2024-07-14 07:20:00,CNR7172692891,Success,CID513489,Bike,RT Nagar,Tumkur Road,168.0,50.0,Not Applicable,Not Applicable,No,Not Applicable,1698,Cash,16,3.5,4.2
2024-07-03 09:39:00,CNR8702591449,Success,CID359922,eBike,Peenya,Tumkur Road,98.0,80.0,Not Applicable,Not Applicable,No,Not Applicable,471,Credit Card,32,3.2,3.1
2024-07-14 20:23:00,CNR8616881193,Success,CID203540,Prime Plus,Shantinagar,Padmanabhanagar,154.0,110.0,Not Applicable,Not Applicable,No,Not Applicable,430,Cash,25,4.3,4.7
2024-07-01 18:20:00,CNR6225308855,Success,CID904526,Prime SUV,Hebbal,Marathahalli,182.0,140.0,Not Applicable,Not Applicable,No,Not Applicable,205,Cash,2,3.1,3.4
2024-07-29 03:39:00,CNR8734521590,Canceled by Driver,CID782567,Bike,Peenya,Bannerghatta Road,,,Not Applicable,Customer related issue,Not Applicable,Not Applicable,115,Not Applicable,0,,
2024-07-11 13:49:00,CNR8679634737,Canceled by Driver,CID615026,Prime SUV,Shivajinagar,Chamarajpet,,,Not Applicable,Customer related issue,Not Applicable,Not Applicable,728,Not Applicable,0,,
2024-07-23 16:08:00,CNR7774427068,Success,CID519219,Prime Plus,Hosur Road,Mysore Road,259.0,115.0,Not Applicable,Not Applicable,No,Not Applicable,225,UPI,31,3.9,4.2
2024-07-05 08:10:00,CNR1431472463,Success,CID844030,Prime SUV,Hennur,HSR Layout,210.0,45.0,Not Applicable,Not Applicable,No,Not Applicable,344,Cash,36,3.6,4.1
2024-07-20 07:53:00,CNR1376209152,Driver Not Found,CID161533,eBike,Malleshwaram,Bellandur,,,Not Applicable,Not Applicable,Not Applicable,Not Applicable,986,Not Applicable,0,,
2024-07-22 20:55:00,CNR7897426170,Success,CID980150,eBike,Majestic,Chickpet,161.0,35.0,Not Applicable,Not Applicable,No,Not Applicable,2998,UPI,41,4.2,3.0
2024-07-12 07:36:00,CNR1832526003,Success,CID829980,Prime SUV,Cox Town,Yeshwanthpur,217.0,110.0,Not Applicable,Not Applicable,Yes,Customer Demand,396,UPI,29,4.0,3.7
2024-07-21 14:33:00,CNR1438915151,Canceled by Driver,CID392901,Bike,Nagarbhavi,Koramangala,,,Not Applicable,Customer related issue,Not Applicable,Not Applicable,542,Not Applicable,0,,
2024-07-20 22:22:00,CNR8298197063,Success,CID161795,Auto,Ulsoor,Hulimavu,182.0,145.0,Not Applicable,Not Applicable,No,Not Applicable,442,Cash,8,3.7,4.4
2024-07-21 11:35:00,CNR9540092657,Canceled by Customer,CID923421,Mini,Richmond Town,Yeshwanthpur,,,Driver asked to cancel,Not Applicable,Not Applicable,Not Applicable,2586,Not Applicable,0,,
2024-07-02 15:00:00,CNR3878191813,Canceled by Driver,CID539499,eBike,Hosur Road,Kammanahalli,,,Not Applicable,Personal & Car related issue,Not Applicable,Not Applicable,712,Not Applicable,0,,
2024-07-11 04:11:00,CNR1346125108,Success,CID808487,Prime SUV,Chamarajpet,Rajarajeshwari Nagar,56.0,50.0,Not Applicable,Not Applicable,No,Not Applicable,316,UPI,6,4.9,4.6
2024-07-12 16:55:00,CNR8709907487,Success,CID407347,eBike,Chickpet,Hebbal,182.0,45.0,Not Applicable,Not Applicable,No,Not Applicable,971,UPI,9,3.3,4.6
2024-07-03 19:07:00,CNR9165523452,Success,CID138608,Auto,Basavanagudi,Rajarajeshwari Nagar,273.0,125.0,Not Applicable,Not Applicable,No,Not Applicable,250,Cash,13,4.4,3.3
2024-07-01 20:40:00,CNR2129610864,Success,CID565458,Bike,Nagarbhavi,Banashankari,287.0,110.0,Not Applicable,Not Applicable,No,Not Applicable,683,Cash,34,4.4,3.4
2024-07-19 03:12:00,CNR9172970098,Canceled by Driver,CID116083,Prime SUV,Koramangala,Bannerghatta Road,,,Not Applicable,Customer was coughing/sick,Not Applicable,Not Applicable,143,Not Applicable,0,,
2024-07-27 17:17:00,CNR6664813348,Driver Not Found,CID674450,Prime Plus,KR Puram,Electronic City,,,Not Applicable,Not Applicable,Not Applicable,Not Applicable,159,Not Applicable,0,,
2024-07-07 17:13:00,CNR7197530391,Success,CID760869,Prime Sedan,Langford Town,Peenya,287.0,130.0,Not Applicable,Not Applicable,No,Not Applicable,575,Cash,43,3.8,4.8
2024-07-06 01:08:00,CNR7916895455,Success,CID424897,eBike,Banashankari,Sarjapur Road,42.0,80.0,Not Applicable,Not Applicable,No,Not Applicable,392,UPI,33,3.5,4.6
2024-07-20 15:42:00,CNR9677025967,Success,CID272000,Prime Sedan,Marathahalli,Peenya,217.0,25.0,Not Applicable,Not Applicable,No,Not Applicable,812,Cash,36,4.5,4.0
2024-07-10 01:25:00,CNR8630014358,Success,CID178985,Prime Sedan,Hosur Road,MG Road,154.0,25.0,Not Applicable,Not Applicable,No,Not Applicable,149,Cash,14,4.7,4.2
2024-07-02 12:43:00,CNR9145406636,Canceled by Driver,CID456773,Prime Sedan,Marathahalli,Ramamurthy Nagar,,,Not Applicable,Customer related issue,Not Applicable,Not Applicable,385,Not Applicable,0,,
2024-07-14 10:01:00,CNR2114045376,Success,CID140972,Prime Sedan,Devanahalli,Shivajinagar,273.0,130.0,Not Applicable,Not Applicable,No,Not Applicable,1521,Cash,2,4.7,4.3
2024-07-25 10:25:00,CNR4341220568,Success,CID876487,Bike,Yelahanka,Rajarajeshwari Nagar,168.0,130.0,Not Applicable,Not Applicable,No,Not Applicable,480,Cash,43,4.7,4.5
2024-07-09 02:49:00,CNR4818784530,Success,CID420591,Mini,Banashankari,Peenya,154.0,55.0,Not Applicable,Not Applicable,No,Not Applicable,452,UPI,3,4.8,3.1
2024-07-21 11:05:00,CNR3671832857,Canceled by Driver,CID486002,Prime SUV,Richmond Town,Hebbal,,,Not Applicable,Customer was coughing/sick,Not Applicable,Not Applicable,237,Not Applicable,0,,
2024-07-18 22:29:00,CNR3893359575,Success,CID761097,Prime Sedan,Kammanahalli,MG Road,154.0,115.0,Not Applicable,Not Applicable,No,Not Applicable,359,Cash,7,4.1,3.5
2024-07-06 08:38:00,CNR9677027710,Driver Not Found,CID730290,Auto,Cox Town,Devanahalli,,,Not Applicable,Not Applicable,Not Applicable,Not Applicable,674,Not Applicable,0,,
2024-07-03 23:43:00,CNR1597628554,Success,CID894899,eBike,Indiranagar,Cox Town,42.0,30.0,Not Applicable,Not Applicable,No,Not Applicable,124,Cash,26,4.8,4.1
2024-07-26 08:25:00,CNR6069290214,Success,CID414583,Mini,Varthur,KR Puram,259.0,40.0,Not Applicable,Not Applicable,No,Not Applicable,951,UPI,18,3.5,4.5
2024-07-27 18:03:00,CNR8010877625,Driver Not Found,CID905159,Mini,Koramangala,Banashankari,,,Not Applicable,Not Applicable,Not Applicable,Not Applicable,408,Not Applicable,0,,
2024-07-20 18:48:00,CNR1989955636,Success,CID512324,eBike,Ramamurthy Nagar,Magadi Road,147.0,45.0,Not Applicable,Not Applicable,Yes,Vehicle Breakdown,588,UPI,12,3.4,4.3
2024-07-02 16:09:00,CNR4116863688,Canceled by Customer,CID450686,Bike,Peenya,Kengeri,,,Driver is not moving towards pickup location,Not Applicable,Not Applicable,Not Applicable,299,Not Applicable,0,,
2024-07-25 11:38:00,CNR3738772171,Canceled by Customer,CID424653,Bike,Jayanagar,Indiranagar,,,Driver is not moving towards pickup location,Not Applicable,Not Applicable,Not Applicable,242,Not Applicable,0,,
2024-07-30 13:13:00,CNR6759832994,Success,CID935089,eBike,Bannerghatta Road,Hennur,266.0,115.0,Not Applicable,Not Applicable,No,Not Applicable,240,UPI,35,3.8,3.4
2024-07-17 03:42:00,CNR3113888234,Canceled by Customer,CID365812,Bike,Cox Town,Chamarajpet,,,Wrong Address,Not Applicable,Not Applicable,Not Applicable,1344,Not Applicable,0,,
2024-07-18 06:07:00,CNR5984849821,Canceled by Customer,CID373518,Mini,Sahakar Nagar,Richmond Town,,,Driver asked to cancel,Not Applicable,Not Applicable,Not Applicable,337,Not Applicable,0,,
2024-07-29 07:46:00,CNR2409737499,Canceled by Customer,CID472031,Auto,Tumkur Road,Rajarajeshwari Nagar,,,Change of plans,Not Applicable,Not Applicable,Not Applicable,430,Not Applicable,0,,
2024-07-22 20:10:00,CNR8126138108,Success,CID213651,Mini,Hebbal,Electronic City,210.0,140.0,Not Applicable,Not Applicable,No,Not Applicable,783,UPI,12,3.0,4.8
2024-07-23 20:15:00,CNR9298473407,Canceled by Driver,CID780596,Bike,Richmond Town,Chamarajpet,,,Not Applicable,Customer related issue,Not Applicable,Not Applicable,182,Not Applicable,0,,
2024-07-02 12:08:00,CNR2862975507,Success,CID377568,Prime Sedan,Padmanabhanagar,Electronic City,98.0,40.0,Not Applicable,Not Applicable,No,Not Applicable,147,UPI,31,3.4,3.3
2024-07-16 05:33:00,CNR5579216377,Success,CID535602,Prime SUV,JP Nagar,Vijayanagar,280.0,120.0,Not Applicable,Not Applicable,No,Not Applicable,598,UPI,23,3.9,4.2
2024-07-10 22:37:00,CNR6159248122,Driver Not Found,CID327362,Bike,Chamarajpet,Hulimavu,,,Not Applicable,Not Applicable,Not Applicable,Not Applicable,424,Not Applicable,0,,
2024-07-01 12:08:00,CNR8402028302,Success,CID177965,eBike,Marathahalli,Hennur,245.0,55.0,Not Applicable,Not Applicable,No,Not Applicable,203,Cash,16,4.2,4.7
2024-07-02 11:33:00,CNR6562224745,Success,CID917826,Prime Sedan,Basavanagudi,Magadi Road,105.0,75.0,Not Applicable,Not Applicable,No,Not Applicable,1566,Cash,9,4.8,4.8
2024-07-22 05:25:00,CNR1081250467,Success,CID219849,Prime SUV,MG Road,Peenya,238.0,55.0,Not Applicable,Not Applicable,No,Not Applicable,663,UPI,13,3.7,4.2
2024-07-13 20:07:00,CNR3140933172,Success,CID527410,Bike,Shantinagar,Electronic City,84.0,90.0,Not Applicable,Not Applicable,No,Not Applicable,232,Cash,42,4.1,3.1
2024-07-17 22:03:00,CNR1102906134,Success,CID676412,Auto,Padmanabhanagar,Hosur Road,49.0,135.0,Not Applicable,Not Applicable,No,Not Applicable,409,UPI,12,4.5,4.5
2024-07-29 06:25:00,CNR7796314108,Canceled by Customer,CID422686,Auto,Padmanabhanagar,Jayanagar,,,Wrong Address,Not Applicable,Not Applicable,Not Applicable,127,Not Applicable,0,,
2024-07-07 06:13:00,CNR7863614047,Success,CID649581,Prime SUV,KR Puram,Hebbal,112.0,130.0,Not Applicable,Not Applicable,No,Not Applicable,133,UPI,25,3.6,3.7
2024-07-20 16:16:00,CNR9857516524,Success,CID251659,Auto,Hebbal,Banashankari,168.0,35.0,Not Applicable,Not Applicable,No,Not Applicable,873,Cash,2,3.1,3.3
2024-07-06 07:13:00,CNR4008985904,Success,CID327545,Mini,Langford Town,Rajarajeshwari Nagar,56.0,100.0,Not Applicable,Not Applicable,No,Not Applicable,1245,UPI,37,4.4,4.0
2024-07-02 12:44:00,CNR9349111969,Driver Not Found,CID186909,eBike,Vijayanagar,Banashankari,,,Not Applicable,Not Applicable,Not Applicable,Not Applicable,360,Not Applicable,0,,
2024-07-05 02:27:00,CNR6839908247,Canceled by Driver,CID102831,Auto,Yeshwanthpur,Richmond Town,,,Not Applicable,More than permitted people in there,Not Applicable,Not Applicable,195,Not Applicable,0,,
2024-07-29 03:11:00,CNR3814411032,Success,CID786365,eBike,Basavanagudi,Richmond Town,168.0,115.0,Not Applicable,Not Applicable,No,Not Applicable,376,UPI,8,4.9,3.9
2024-07-02 13:32:00,CNR5772393301,Success,CID843071,Bike,Varthur,Padmanabhanagar,280.0,115.0,Not Applicable,Not Applicable,No,Not Applicable,813,Cash,15,3.6,3.8
2024-07-26 02:59:00,CNR3158162674,Canceled by Customer,CID296901,Auto,Whitefield,Shantinagar,,,Driver asked to cancel,Not Applicable,Not Applicable,Not Applicable,273,Not Applicable,0,,
2024-07-04 16:01:00,CNR5195690886,Success,CID254234,Prime Plus,Banashankari,Bellandur,175.0,120.0,Not Applicable,Not Applicable,No,Not Applicable,241,UPI,27,3.0,4.8
2024-07-29 12:25:00,CNR1520062159,Driver Not Found,CID323937,Prime Plus,Langford Town,Ulsoor,,,Not Applicable,Not Applicable,Not Applicable,Not Applicable,1419,Not Applicable,0,,
2024-07-18 21:48:00,CNR6494218728,Canceled by Driver,CID187409,Prime Sedan,Hennur,Shivajinagar,,,Not Applicable,Personal & Car related issue,Not Applicable,Not Applicable,2126,Not Applicable,0,,
2024-07-15 22:13:00,CNR5782751219,Driver Not Found,CID883213,Auto,Hennur,Majestic,,,Not Applicable,Not Applicable,Not Applicable,Not Applicable,382,Not Applicable,0,,
2024-07-10 06:52:00,CNR4947440400,Canceled by Customer,CID422246,Prime SUV,Majestic,Malleshwaram,,,Driver is not moving towards pickup location,Not Applicable,Not Applicable,Not Applicable,414,Not Applicable,0,,
2024-07-26 15:03:00,CNR1170900782,Success,CID433083,Mini,Peenya,Devanahalli,273.0,145.0,Not Applicable,Not Applicable,No,Not Applicable,669,Cash,13,4.7,3.8
2024-07-04 17:23:00,CNR9399521156,Driver Not Found,CID728743,Bike,Kammanahalli,Whitefield,,,Not Applicable,Not Applicable,Not Applicable,Not Applicable,436,Not Applicable,0,,
2024-07-06 23:24:00,CNR4153095619,Canceled by Driver,CID711739,Prime Plus,Nagarbhavi,Nagarbhavi,,,Not Applicable,Personal & Car related issue,Not Applicable,Not Applicable,2779,Not Applicable,0,,
2024-07-30 11:53:00,CNR4011236143,Success,CID840147,Bike,Yeshwanthpur,Varthur,301.0,25.0,Not Applicable,Not Applicable,No,Not Applicable,656,UPI,30,3.3,3.2
2024-07-03 17:51:00,CNR9228318891,Success,CID139720,Prime Plus,Nagarbhavi,Rajarajeshwari Nagar,70.0,85.0,Not Applicable,Not Applicable,No,Not Applicable,341,UPI,42,4.7,4.9
2024-07-22 17:55:00,CNR8510098812,Canceled by Customer,CID317892,Auto,BTM Layout,BTM Layout,,,Change of plans,Not Applicable,Not Applicable,Not Applicable,481,Not Applicable,0,,
2024-07-27 07:41:00,CNR4632312435,Success,CID647678,Mini,Hebbal,Rajajinagar,119.0,125.0,Not Applicable,Not Applicable,No,Not Applicable,103,Cash,1,3.3,3.4
2024-07-25 22:20:00,CNR2083247391,Success,CID615002,Prime Plus,Mysore Road,Padmanabhanagar,189.0,30.0,Not Applicable,Not Applicable,No,Not Applicable,190,Cash,49,3.2,3.2
2024-07-17 23:04:00,CNR9065048494,Canceled by Customer,CID624099,Bike,Malleshwaram,Chamarajpet,,,Driver asked to cancel,Not Applicable,Not Applicable,Not Applicable,372,Not Applicable,0,,
2024-07-17 23:02:00,CNR4679901653,Canceled by Driver,CID182308,Prime Plus,Sahakar Nagar,Rajarajeshwari Nagar,,,Not Applicable,Customer related issue,Not Applicable,Not Applicable,130,Not Applicable,0,,
2024-07-18 02:47:00,CNR8391937650,Success,CID624105,Bike,Hulimavu,Sarjapur Road,140.0,60.0,Not Applicable,Not Applicable,Yes,Customer Demand,238,UPI,18,4.1,3.9
2024-07-22 13:43:00,CNR5585690926,Success,CID196563,Bike,Nagarbhavi,Marathahalli,280.0,55.0,Not Applicable,Not Applicable,No,Not Applicable,225,Cash,18,5.0,4.3
2024-07-16 04:05:00,CNR9664725914,Success,CID123647,eBike,Malleshwaram,Malleshwaram,56.0,140.0,Not Applicable,Not Applicable,No,Not Applicable,944,UPI,45,4.1,3.0
2024-07-19 13:02:00,CNR4371601927,Success,CID354498,Auto,Basavanagudi,Langford Town,224.0,115.0,Not Applicable,Not Applicable,No,Not Applicable,278,Cash,4,4.8,3.5
2024-07-13 16:17:00,CNR4343824877,Success,CID869063,Prime SUV,Koramangala,Hosur Road,224.0,140.0,Not Applicable,Not Applicable,No,Not Applicable,483,Cash,16,3.6,3.1
2024-07-16 18:57:00,CNR5832204750,Success,CID780455,Prime Sedan,Banashankari,Kadugodi,84.0,40.0,Not Applicable,Not Applicable,No,Not Applicable,117,UPI,16,3.9,4.8
2024-07-29 01:49:00,CNR2274054345,Success,CID378700,Mini,Hebbal,Banashankari,154.0,60.0,Not Applicable,Not Applicable,No,Not Applicable,181,Cash,41,3.5,3.2
2024-07-06 01:28:00,CNR8948906753,Canceled by Customer,CID362704,Mini,Jayanagar,Shantinagar,,,Driver is not moving towards pickup location,Not Applicable,Not Applicable,Not Applicable,292,Not Applicable,0,,
2024-07-01 14:50:00,CNR2902245064,Success,CID306740,Auto,Hulimavu,MG Road,154.0,140.0,Not Applicable,Not Applicable,Yes,Other Issue,782,Cash,18,4.6,3.6
2024-07-18 11:01:00,CNR4299412879,Driver Not Found,CID123457,Prime SUV,Bannerghatta Road,MG Road,,,Not Applicable,Not Applicable,Not Applicable,Not Applicable,113,Not Applicable,0,,
2024-07-29 01:48:00,CNR6003193767,Success,CID655283,Prime Plus,Banashankari,Ulsoor,189.0,30.0,Not Applicable,Not Applicable,No,Not Applicable,706,Cash,14,4.2,4.3
2024-07-22 11:30:00,CNR4476392934,Success,CID876005,Prime SUV,BTM Layout,Frazer Town,133.0,80.0,Not Applicable,Not Applicable,No,Not Applicable,447,Cash,37,3.7,4.2
2024-07-09 12:02:00,CNR9241575275,Success,CID905833,Prime Sedan,Shantinagar,Shantinagar,182.0,80.0,Not Applicable,Not Applicable,No,Not Applicable,389,Cash,37,3.8,4.8
2024-07-21 17:17:00,CNR6188511725,Success,CID535887,Prime SUV,RT Nagar,JP Nagar,35.0,55.0,Not Applicable,Not Applicable,Yes,Customer Demand,132,Credit Card,44,4.6,4.4
2024-07-17 00:25:00,CNR6218427790,Success,CID800183,Bike,Yelahanka,Banashankari,49.0,130.0,Not Applicable,Not Applicable,No,Not Applicable,407,Cash,7,4.0,4.4
2024-07-12 13:57:00,CNR9210577461,Canceled by Customer,CID417457,eBike,BTM Layout,Richmond Town,,,Driver is not moving towards pickup location,Not Applicable,Not Applicable,Not Applicable,1383,Not Applicable,0,,
2024-07-14 19:03:00,CNR5405827603,Success,CID794915,Mini,Whitefield,Devanahalli,147.0,135.0,Not Applicable,Not Applicable,No,Not Applicable,382,Cash,27,4.7,4.9
2024-07-17 16:19:00,CNR2378173521,Success,CID329406,Bike,Padmanabhanagar,HSR Layout,154.0,30.0,Not Applicable,Not Applicable,No,Not Applicable,1556,UPI,21,3.5,4.0
2024-07-11 07:57:00,CNR4430226400,Success,CID875819,eBike,Shantinagar,Shantinagar,189.0,60.0,Not Applicable,Not Applicable,Yes,Customer Demand,436,UPI,12,4.1,3.2
2024-07-13 02:47:00,CNR5190903403,Canceled by Customer,CID308950,Auto,Rajarajeshwari Nagar,Kammanahalli,,,Driver is not moving towards pickup location,Not Applicable,Not Applicable,Not Applicable,444,Not Applicable,0,,
2024-07-30 01:13:00,CNR3744356272,Success,CID134958,Prime SUV,Chamarajpet,Yeshwanthpur,196.0,95.0,Not Applicable,Not Applicable,No,Not Applicable,216,Cash,28,3.1,3.6
2024-07-16 16:55:00,CNR3644374122,Driver Not Found,CID592866,Mini,Nagarbhavi,HSR Layout,,,Not Applicable,Not Applicable,Not Applicable,Not Applicable,176,Not Applicable,0,,
2024-07-21 05:20:00,CNR6669168256,Driver Not Found,CID759540,Prime Plus,JP Nagar,Vijayanagar,,,Not Applicable,Not Applicable,Not Applicable,Not Applicable,228,Not Applicable,0,,
2024-07-30 02:26:00,CNR7754627031,Driver Not Found,CID100050,Bike,KR Puram,Kammanahalli,,,Not Applicable,Not Applicable,Not Applicable,Not Applicable,191,Not Applicable,0,,
2024-07-25 00:23:00,CNR5940102487,Canceled by Driver,CID737630,Prime SUV,Shantinagar,HSR Layout,,,Not Applicable,Customer was coughing/sick,Not Applicable,Not Applicable,450,Not Applicable,0,,
2024-07-13 23:06:00,CNR7488709044,Success,CID232572,eBike,Hennur,Bannerghatta Road,301.0,90.0,Not Applicable,Not Applicable,No,Not Applicable,349,UPI,10,3.8,4.8
2024-07-13 01:39:00,CNR9044092052,Canceled by Customer,CID997966,Bike,Malleshwaram,Shantinagar,,,Driver is not moving towards pickup location,Not Applicable,Not Applicable,Not Applicable,687,Not Applicable,0,,
2024-07-11 00:48:00,CNR9743483219,Canceled by Customer,CID594276,Mini,Kadugodi,Marathahalli,,,Change of plans,Not Applicable,Not Applicable,Not Applicable,283,Not Applicable,0,,
2024-07-25 16:01:00,CNR4154155575,Success,CID696429,Prime SUV,Nagarbhavi,Chamarajpet,245.0,25.0,Not Applicable,Not Applicable,No,Not Applicable,2659,Cash,10,4.9,3.7
2024-07-04 00:51:00,CNR1588347456,Success,CID807377,Auto,Ulsoor,Peenya,308.0,75.0,Not Applicable,Not Applicable,No,Not Applicable,324,UPI,17,4.3,4.0
2024-07-17 17:53:00,CNR6865687781,Driver Not Found,CID381767,Prime Plus,Electronic City,Hennur,,,Not Applicable,Not Applicable,Not Applicable,Not Applicable,766,Not Applicable,0,,
2024-07-14 13:55:00,CNR2377708967,Success,CID431478,Prime SUV,Kengeri,Banashankari,175.0,135.0,Not Applicable,Not Applicable,Yes,Customer Demand,400,UPI,20,4.3,3.1
2024-07-29 17:35:00,CNR1400289724,Driver Not Found,CID653959,Prime Plus,Jayanagar,Sarjapur Road,,,Not Applicable,Not Applicable,Not Applicable,Not Applicable,963,Not Applicable,0,,
2024-07-27 02:16:00,CNR5740169807,Success,CID745864,Auto,Chickpet,Majestic,147.0,125.0,Not Applicable,Not Applicable,No,Not Applicable,293,Cash,11,3.1,3.3
2024-07-01 20:09:00,CNR9841580836,Success,CID804409,Mini,Yelahanka,Bannerghatta Road,77.0,30.0,Not Applicable,Not Applicable,No,Not Applicable,336,Cash,6,3.4,3.0
2024-07-23 20:57:00,CNR1006711901,Canceled by Driver,CID796384,Prime Plus,Hulimavu,Tumkur Road,,,Not Applicable,Personal & Car related issue,Not Applicable,Not Applicable,492,Not Applicable,0,,
2024-07-20 09:02:00,CNR4281541517,Canceled by Driver,CID723552,Prime Plus,Yelahanka,Sahakar Nagar,,,Not Applicable,Customer was coughing/sick,Not Applicable,Not Applicable,268,Not Applicable,0,,
2024-07-11 11:52:00,CNR3948269445,Success,CID780603,Prime Sedan,HSR Layout,Yelahanka,140.0,110.0,Not Applicable,Not Applicable,No,Not Applicable,454,UPI,33,3.7,3.9
2024-07-25 09:49:00,CNR8480449652,Canceled by Customer,CID364689,Prime SUV,JP Nagar,Frazer Town,,,AC is Not working,Not Applicable,Not Applicable,Not Applicable,962,Not Applicable,0,,
2024-07-29 09:51:00,CNR2701428595,Canceled by Driver,CID461324,eBike,Hebbal,Koramangala,,,Not Applicable,More than permitted people in there,Not Applicable,Not Applicable,795,Not Applicable,0,,
2024-07-13 23:21:00,CNR6239740275,Success,CID998487,Mini,Richmond Town,Indiranagar,217.0,25.0,Not Applicable,Not Applicable,No,Not Applicable,256,Cash,20,3.1,4.0
2024-07-05 17:03:00,CNR7843619772,Canceled by Driver,CID577998,Bike,Electronic City,Sahakar Nagar,,,Not Applicable,Customer related issue,Not Applicable,Not Applicable,320,Not Applicable,0,,
2024-07-10 07:22:00,CNR5301286566,Canceled by Customer,CID921724,eBike,Langford Town,Peenya,,,AC is Not working,Not Applicable,Not Applicable,Not Applicable,242,Not Applicable,0,,
2024-07-19 13:09:00,CNR6350168634,Success,CID926882,Bike,Koramangala,Hulimavu,91.0,30.0,Not Applicable,Not Applicable,No,Not Applicable,656,Cash,10,4.6,3.8
2024-07-26 06:07:00,CNR6633107886,Success,CID446188,Mini,MG Road,Whitefield,126.0,70.0,Not Applicable,Not Applicable,No,Not Applicable,275,UPI,37,4.0,3.3
2024-07-06 08:01:00,CNR2718119570,Success,CID420455,Mini,Yeshwanthpur,RT Nagar,280.0,85.0,Not Applicable,Not Applicable,No,Not Applicable,295,UPI,32,4.4,4.6
2024-07-29 05:46:00,CNR1386695894,Success,CID618342,Mini,Padmanabhanagar,Magadi Road,217.0,70.0,Not Applicable,Not Applicable,No,Not Applicable,304,UPI,8,3.5,3.7
2024-07-01 04:34:00,CNR2153318553,Success,CID465201,Mini,Varthur,Kengeri,203.0,55.0,Not Applicable,Not Applicable,No,Not Applicable,334,UPI,14,3.8,4.7
2024-07-21 01:40:00,CNR7205050594,Success,CID229218,Mini,Koramangala,Richmond Town,70.0,110.0,Not Applicable,Not Applicable,No,Not Applicable,444,Cash,35,4.4,3.6
2024-07-15 01:13:00,CNR7071691844,Success,CID658910,Bike,Malleshwaram,Yelahanka,133.0,95.0,Not Applicable,Not Applicable,No,Not Applicable,108,Cash,39,3.5,4.2
2024-07-21 11:50:00,CNR1508209409,Canceled by Driver,CID171008,eBike,Yeshwanthpur,Marathahalli,,,Not Applicable,Customer related issue,Not Applicable,Not Applicable,2105,Not Applicable,0,,
2024-07-26 14:43:00,CNR2455175580,Success,CID108166,eBike,Ulsoor,Majestic,175.0,40.0,Not Applicable,Not Applicable,No,Not Applicable,375,UPI,14,3.4,3.6
2024-07-20 10:10:00,CNR9863537545,Success,CID340648,Prime Plus,Hebbal,Sahakar Nagar,175.0,85.0,Not Applicable,Not Applicable,No,Not Applicable,484,Cash,23,3.1,4.4
2024-07-20 10:55:00,CNR5340105328,Canceled by Customer,CID925579,Prime Sedan,Frazer Town,Frazer Town,,,Wrong Address,Not Applicable,Not Applicable,Not Applicable,1068,Not Applicable,0,,
2024-07-10 16:24:00,CNR5323935374,Success,CID209141,Prime Sedan,Kengeri,HSR Layout,259.0,55.0,Not Applicable,Not Applicable,No,Not Applicable,317,UPI,49,4.8,3.2
2024-07-13 17:28:00,CNR4092617988,Success,CID432578,Prime SUV,Sarjapur Road,Mysore Road,168.0,35.0,Not Applicable,Not Applicable,No,Not Applicable,405,UPI,19,3.9,3.1
2024-07-09 02:51:00,CNR1314221323,Success,CID274312,Mini,MG Road,Hennur,308.0,140.0,Not Applicable,Not Applicable,No,Not Applicable,449,Cash,36,4.9,3.1
2024-07-02 07:55:00,CNR9415918851,Success,CID667774,Prime SUV,Malleshwaram,Rajarajeshwari Nagar,196.0,115.0,Not Applicable,Not Applicable,No,Not Applicable,474,Cash,35,3.8,4.6
2024-07-17 05:43:00,CNR6527342371,Success,CID999878,Bike,Ulsoor,Richmond Town,56.0,135.0,Not Applicable,Not Applicable,No,Not Applicable,414,UPI,46,4.6,4.6
2024-07-12 09:30:00,CNR7216326632,Canceled by Driver,CID779036,Mini,BTM Layout,Sarjapur Road,,,Not Applicable,Customer related issue,Not Applicable,Not Applicable,440,Not Applicable,0,,
2024-07-27 18:18:00,CNR5622968876,Success,CID662761,Auto,Kadugodi,KR Puram,224.0,30.0,Not Applicable,Not Applicable,No,Not Applicable,142,Cash,1,4.3,3.4
2024-07-19 01:13:00,CNR9924786841,Success,CID568315,Prime SUV,Malleshwaram,BTM Layout,259.0,65.0,Not Applicable,Not Applicable,No,Not Applicable,380,Cash,23,3.6,4.8
2024-07-15 02:31:00,CNR1669401166,Success,CID676690,Prime Sedan,Langford Town,Marathahalli,154.0,80.0,Not Applicable,Not Applicable,No,Not Applicable,455,Cash,41,4.8,3.6
2024-07-14 18:29:00,CNR4259073562,Canceled by Driver,CID364297,Mini,MG Road,Sarjapur Road,,,Not Applicable,Personal & Car related issue,Not Applicable,Not Applicable,433,Not Applicable,0,,
2024-07-07 17:06:00,CNR8660134482,Success,CID654630,Bike,Whitefield,Shantinagar,49.0,35.0,Not Applicable,Not Applicable,No,Not Applicable,266,UPI,26,4.6,4.8
2024-07-09 21:08:00,CNR7557661696,Success,CID309744,Auto,Shivajinagar,Sarjapur Road,245.0,80.0,Not Applicable,Not Applicable,No,Not Applicable,404,UPI,18,3.8,4.0
2024-07-27 13:00:00,CNR9845631901,Success,CID528098,Prime Sedan,MG Road,Jayanagar,119.0,125.0,Not Applicable,Not Applicable,No,Not Applicable,811,UPI,34,3.4,3.6
2024-07-26 07:24:00,CNR7483260219,Success,CID371090,Prime Sedan,Yeshwanthpur,Bannerghatta Road,308.0,120.0,Not Applicable,Not Applicable,No,Not Applicable,167,Cash,42,4.4,3.7
2024-07-21 10:24:00,CNR4833058064,Canceled by Customer,CID919634,Prime Sedan,Yelahanka,HSR Layout,,,AC is Not working,Not Applicable,Not Applicable,Not Applicable,422,Not Applicable,0,,
2024-07-06 17:09:00,CNR7224350027,Success,CID256558,Auto,Shantinagar,Kadugodi,91.0,50.0,Not Applicable,Not Applicable,No,Not Applicable,834,UPI,10,3.8,4.9
2024-07-18 11:47:00,CNR5527723486,Success,CID585424,Prime Sedan,Padmanabhanagar,Cox Town,77.0,35.0,Not Applicable,Not Applicable,No,Not Applicable,238,Cash,46,4.7,3.4
2024-07-11 08:43:00,CNR9029732189,Success,CID533741,Auto,Indiranagar,Electronic City,245.0,50.0,Not Applicable,Not Applicable,No,Not Applicable,340,Cash,16,4.5,4.2
2024-07-16 15:44:00,CNR6831087461,Success,CID709922,Bike,BTM Layout,BTM Layout,140.0,40.0,Not Applicable,Not Applicable,No,Not Applicable,219,Cash,27,3.9,4.6
2024-07-22 06:50:00,CNR1800850756,Canceled by Driver,CID957660,Mini,Hebbal,Sahakar Nagar,,,Not Applicable,Customer was coughing/sick,Not Applicable,Not Applicable,2665,Not Applicable,0,,
2024-07-25 08:13:00,CNR4958386482,Success,CID800017,eBike,Devanahalli,Chamarajpet,161.0,55.0,Not Applicable,Not Applicable,No,Not Applicable,996,Cash,39,3.8,4.8
2024-07-05 12:05:00,CNR8935170367,Canceled by Driver,CID380242,Prime Sedan,KR Puram,Yeshwanthpur,,,Not Applicable,Personal & Car related issue,Not Applicable,Not Applicable,267,Not Applicable,0,,
2024-07-14 17:03:00,CNR7350741904,Success,CID685791,Auto,HSR Layout,Peenya,147.0,110.0,Not Applicable,Not Applicable,No,Not Applicable,134,UPI,8,3.5,4.7
2024-07-16 17:04:00,CNR1854991473,Success,CID931258,Auto,Langford Town,Kammanahalli,126.0,110.0,Not Applicable,Not Applicable,No,Not Applicable,450,Cash,15,4.3,3.7
2024-07-26 19:28:00,CNR7135507935,Success,CID192894,Mini,Kadugodi,Shivajinagar,224.0,110.0,Not Applicable,Not Applicable,No,Not Applicable,260,Cash,40,4.1,4.3
2024-07-03 03:09:00,CNR1448490531,Canceled by Customer,CID662422,eBike,Richmond Town,Nagarbhavi,,,Driver asked to cancel,Not Applicable,Not Applicable,Not Applicable,147,Not Applicable,0,,
2024-07-10 07:58:00,CNR9211407981,Success,CID115959,Prime SUV,Hosur Road,Hebbal,217.0,85.0,Not Applicable,Not Applicable,No,Not Applicable,209,Cash,14,3.4,3.3
2024-07-24 15:58:00,CNR3183135233,Success,CID514096,Bike,Malleshwaram,Hennur,77.0,50.0,Not Applicable,Not Applicable,No,Not Applicable,287,Cash,29,3.3,4.5
2024-07-23 15:46:00,CNR9370499758,Canceled by Driver,CID777838,Prime Plus,RT Nagar,Devanahalli,,,Not Applicable,Customer related issue,Not Applicable,Not Applicable,307,Not Applicable,0,,
2024-07-03 15:24:00,CNR8296803436,Canceled by Driver,CID316534,Bike,Banashankari,KR Puram,,,Not Applicable,Customer related issue,Not Applicable,Not Applicable,824,Not Applicable,0,,
2024-07-10 05:31:00,CNR1937975957,Canceled by Customer,CID751305,eBike,Majestic,Bellandur,,,Driver is not moving towards pickup location,Not Applicable,Not Applicable,Not Applicable,175,Not Applicable,0,,
2024-07-22 17:58:00,CNR5787731289,Canceled by Driver,CID639581,eBike,Frazer Town,Padmanabhanagar,,,Not Applicable,Personal & Car related issue,Not Applicable,Not Applicable,142,Not Applicable,0,,
2024-07-07 13:36:00,CNR6119532773,Success,CID829599,Bike,Peenya,Basavanagudi,231.0,130.0,Not Applicable,Not Applicable,No,Not Applicable,382,UPI,49,4.9,3.1
2024-07-02 21:19:00,CNR8765897485,Canceled by Customer,CID492229,Bike,Koramangala,Malleshwaram,,,Driver asked to cancel,Not Applicable,Not Applicable,Not Applicable,201,Not Applicable,0,,
2024-07-29 22:41:00,CNR1705877750,Success,CID572347,Prime Sedan,Frazer Town,Richmond Town,308.0,110.0,Not Applicable,Not Applicable,No,Not Applicable,2116,Cash,10,3.1,3.7
2024-07-14 06:46:00,CNR2108787409,Success,CID901854,Bike,Shantinagar,Hennur,70.0,80.0,Not Applicable,Not Applicable,No,Not Applicable,461,Cash,11,4.9,3.2
2024-07-08 05:43:00,CNR7155065823,Success,CID704950,Prime SUV,Ulsoor,Yeshwanthpur,266.0,120.0,Not Applicable,Not Applicable,No,Not Applicable,245,UPI,36,3.7,3.9
2024-07-23 19:42:00,CNR2131466213,Canceled by Driver,CID302636,Auto,Yelahanka,Rajarajeshwari Nagar,,,Not Applicable,Customer related issue,Not Applicable,Not Applicable,180,Not Applicable,0,,
2024-07-01 01:44:00,CNR9865660534,Canceled by Customer,CID707730,Bike,Ramamurthy Nagar,Kadugodi,,,Wrong Address,Not Applicable,Not Applicable,Not Applicable,350,Not Applicable,0,,
2024-07-20 16:12:00,CNR7273572349,Canceled by Driver,CID964209,Bike,Yelahanka,MG Road,,,Not Applicable,Customer was coughing/sick,Not Applicable,Not Applicable,486,Not Applicable,0,,
2024-07-24 05:30:00,CNR7040541466,Success,CID528769,Prime SUV,Magadi Road,Vijayanagar,42.0,115.0,Not Applicable,Not Applicable,No,Not Applicable,478,UPI,49,5.0,4.1
2024-07-17 04:41:00,CNR2993673999,Driver Not Found,CID241207,Mini,Banashankari,RT Nagar,,,Not Applicable,Not Applicable,Not Applicable,Not Applicable,307,Not Applicable,0,,
2024-07-13 15:15:00,CNR9239135467,Success,CID807664,Prime Sedan,Padmanabhanagar,Kadugodi,77.0,60.0,Not Applicable,Not Applicable,No,Not Applicable,798,Cash,6,3.3,3.0
2024-07-10 01:01:00,CNR5529547467,Success,CID956295,Prime Sedan,Cox Town,Shantinagar,287.0,80.0,Not Applicable,Not Applicable,No,Not Applicable,272,UPI,36,3.9,3.7
2024-07-14 10:02:00,CNR7587398984,Canceled by Driver,CID351585,Mini,Whitefield,Bannerghatta Road,,,Not Applicable,Personal & Car related issue,Not Applicable,Not Applicable,369,Not Applicable,0,,
2024-07-11 15:35:00,CNR9609758227,Success,CID147654,Prime SUV,Whitefield,Ramamurthy Nagar,182.0,105.0,Not Applicable,Not Applicable,No,Not Applicable,429,Cash,36,4.9,4.8
2024-07-26 04:17:00,CNR9118032228,Success,CID804779,Prime Plus,Mysore Road,Langford Town,252.0,140.0,Not Applicable,Not Applicable,No,Not Applicable,814,Cash,23,3.2,3.0
2024-07-03 02:11:00,CNR3411716345,Canceled by Customer,CID287572,Auto,MG Road,Kammanahalli,,,Driver is not moving towards pickup location,Not Applicable,Not Applicable,Not Applicable,479,Not Applicable,0,,
2024-07-21 22:58:00,CNR5316440675,Success,CID568867,Prime SUV,Sarjapur Road,Malleshwaram,231.0,55.0,Not Applicable,Not Applicable,No,Not Applicable,211,Cash,2,3.9,4.3
2024-07-29 17:53:00,CNR4876142474,Canceled by Customer,CID386541,Mini,Chickpet,Majestic,,,Change of plans,Not Applicable,Not Applicable,Not Applicable,246,Not Applicable,0,,
2024-07-17 10:21:00,CNR5258682402,Success,CID884826,Prime SUV,Sahakar Nagar,Bellandur,182.0,135.0,Not Applicable,Not Applicable,No,Not Applicable,2998,Cash,43,3.8,3.7
2024-07-24 12:16:00,CNR7737826112,Canceled by Driver,CID237996,eBike,Kengeri,Bellandur,,,Not Applicable,Personal & Car related issue,Not Applicable,Not Applicable,1761,Not Applicable,0,,
2024-07-20 23:18:00,CNR2764638850,Canceled by Customer,CID308120,Auto,Sarjapur Road,Kengeri,,,Driver asked to cancel,Not Applicable,Not Applicable,Not Applicable,374,Not Applicable,0,,
2024-07-13 06:55:00,CNR4373628171,Success,CID181259,Auto,Indiranagar,Electronic City,133.0,90.0,Not Applicable,Not Applicable,No,Not Applicable,632,UPI,1,3.3,4.0
2024-07-20 01:40:00,CNR9595720004,Success,CID192285,Mini,Sahakar Nagar,Shivajinagar,294.0,35.0,Not Applicable,Not Applicable,No,Not Applicable,367,UPI,15,4.4,4.7
2024-07-30 17:11:00,CNR2114322871,Success,CID826031,Mini,Langford Town,Hulimavu,245.0,75.0,Not Applicable,Not Applicable,No,Not Applicable,615,Cash,48,3.7,3.5
2024-07-28 09:37:00,CNR4361312784,Success,CID304494,Auto,Yeshwanthpur,Banashankari,63.0,110.0,Not Applicable,Not Applicable,No,Not Applicable,363,Cash,13,4.7,4.7
2024-07-21 09:13:00,CNR7389809279,Success,CID891598,Prime Plus,Sarjapur Road,Sarjapur Road,189.0,55.0,Not Applicable,Not Applicable,No,Not Applicable,127,Cash,40,4.2,4.6
2024-07-03 22:56:00,CNR3635575675,Driver Not Found,CID889322,Prime Sedan,Banashankari,Mysore Road,,,Not Applicable,Not Applicable,Not Applicable,Not Applicable,835,Not Applicable,0,,
2024-07-16 18:12:00,CNR1083248242,Success,CID466127,Prime Sedan,Richmond Town,Indiranagar,294.0,100.0,Not Applicable,Not Applicable,No,Not Applicable,364,UPI,27,3.5,3.8
2024-07-24 04:39:00,CNR7250789237,Success,CID659460,Prime Sedan,Rajajinagar,Malleshwaram,238.0,105.0,Not Applicable,Not Applicable,No,Not Applicable,118,UPI,1,3.8,3.4
2024-07-01 10:58:00,CNR5361868098,Success,CID455922,Auto,Hennur,Kadugodi,196.0,45.0,Not Applicable,Not Applicable,No,Not Applicable,1279,Cash,2,5.0,4.0
2024-07-14 07:53:00,CNR8275245424,Driver Not Found,CID550637,Mini,Chamarajpet,Tumkur Road,,,Not Applicable,Not Applicable,Not Applicable,Not Applicable,155,Not Applicable,0,,
2024-07-28 01:50:00,CNR3122706598,Canceled by Customer,CID537167,Bike,KR Puram,Vijayanagar,,,Wrong Address,Not Applicable,Not Applicable,Not Applicable,419,Not Applicable,0,,
2024-07-16 14:14:00,CNR2463647751,Success,CID924531,eBike,Indiranagar,Ulsoor,42.0,100.0,Not Applicable,Not Applicable,No,Not Applicable,223,Cash,17,3.1,3.9
2024-07-16 08:02:00,CNR5371002101,Canceled by Driver,CID603175,Prime Plus,Chickpet,Chickpet,,,Not Applicable,Customer related issue,Not Applicable,Not Applicable,973,Not Applicable,0,,
2024-07-25 13:07:00,CNR8637534567,Success,CID679040,Prime Sedan,Basavanagudi,Vijayanagar,231.0,115.0,Not Applicable,Not Applicable,No,Not Applicable,254,Cash,3,4.9,3.9
2024-07-13 21:44:00,CNR5722835669,Success,CID651126,Bike,Kengeri,Shivajinagar,154.0,120.0,Not Applicable,Not Applicable,No,Not Applicable,879,Cash,3,5.0,3.9
2024-07-01 01:55:00,CNR1312963442,Canceled by Driver,CID437097,Mini,Ramamurthy Nagar,Banashankari,,,Not Applicable,Customer related issue,Not Applicable,Not Applicable,131,Not Applicable,0,,
2024-07-01 03:01:00,CNR5626158359,Canceled by Driver,CID565732,Prime Sedan,Shantinagar,Kadugodi,,,Not Applicable,Personal & Car related issue,Not Applicable,Not Applicable,208,Not Applicable,0,,
2024-07-15 22:38:00,CNR9274528681,Driver Not Found,CID775453,eBike,Whitefield,Rajarajeshwari Nagar,,,Not Applicable,Not Applicable,Not Applicable,Not Applicable,293,Not Applicable,0,,
2024-07-15 11:46:00,CNR8403804079,Canceled by Driver,CID876496,Prime Plus,Varthur,Koramangala,,,Not Applicable,More than permitted people in there,Not Applicable,Not Applicable,347,Not Applicable,0,,
2024-07-14 03:31:00,CNR6396427261,Success,CID855239,eBike,Kammanahalli,Sarjapur Road,126.0,140.0,Not Applicable,Not Applicable,No,Not Applicable,170,Cash,27,3.3,4.4
2024-07-02 03:26:00,CNR5454782509,Success,CID249417,Auto,Majestic,BTM Layout,140.0,105.0,Not Applicable,Not Applicable,No,Not Applicable,2871,Cash,18,3.5,3.2
2024-07-05 12:43:00,CNR8275784173,Success,CID347944,Prime Plus,Indiranagar,Cox Town,140.0,110.0,Not Applicable,Not Applicable,No,Not Applicable,712,Cash,38,3.8,3.6
2024-07-19 17:05:00,CNR5246156105,Success,CID228721,Prime Plus,Jayanagar,Sarjapur Road,91.0,50.0,Not Applicable,Not Applicable,No,Not Applicable,132,UPI,44,3.8,4.8
2024-07-07 18:02:00,CNR4329059434,Success,CID295105,Bike,Kadugodi,Padmanabhanagar,56.0,95.0,Not Applicable,Not Applicable,No,Not Applicable,1310,UPI,36,4.7,3.3
2024-07-17 22:38:00,CNR5103989756,Canceled by Driver,CID399597,Bike,Majestic,Tumkur Road,,,Not Applicable,Personal & Car related issue,Not Applicable,Not Applicable,864,Not Applicable,0,,
2024-07-29 09:15:00,CNR1251203069,Canceled by Customer,CID949875,Prime SUV,Kengeri,Tumkur Road,,,Driver is not moving towards pickup location,Not Applicable,Not Applicable,Not Applicable,1206,Not Applicable,0,,
2024-07-23 11:16:00,CNR1515629512,Success,CID510273,Auto,Hennur,Jayanagar,189.0,90.0,Not Applicable,Not Applicable,No,Not Applicable,375,Cash,9,3.2,3.7
2024-07-08 07:09:00,CNR6497713293,Success,CID702976,Auto,KR Puram,Hebbal,175.0,115.0,Not Applicable,Not Applicable,No,Not Applicable,2889,Cash,3,3.2,3.8
2024-07-19 14:27:00,CNR7541238958,Driver Not Found,CID658088,Prime Plus,Ramamurthy Nagar,Langford Town,,,Not Applicable,Not Applicable,Not Applicable,Not Applicable,427,Not Applicable,0,,
2024-07-12 03:04:00,CNR8746609382,Success,CID162219,eBike,Hosur Road,Hulimavu,217.0,130.0,Not Applicable,Not Applicable,No,Not Applicable,212,Cash,30,3.5,3.2
2024-07-10 12:15:00,CNR9876736278,Canceled by Customer,CID899383,Auto,JP Nagar,Rajajinagar,,,Change of plans,Not Applicable,Not Applicable,Not Applicable,357,Not Applicable,0,,
2024-07-29 06:27:00,CNR5996303909,Driver Not Found,CID861742,Prime Plus,Chamarajpet,Chickpet,,,Not Applicable,Not Applicable,Not Applicable,Not Applicable,446,Not Applicable,0,,
2024-07-08 00:57:00,CNR1669352709,Success,CID429615,Prime Sedan,Sarjapur Road,HSR Layout,154.0,45.0,Not Applicable,Not Applicable,Yes,Customer Demand,445,UPI,36,3.3,3.2
2024-07-26 03:33:00,CNR3906787501,Success,CID684080,eBike,Langford Town,Frazer Town,140.0,60.0,Not Applicable,Not Applicable,No,Not Applicable,540,Cash,40,4.3,4.3
2024-07-07 07:07:00,CNR5154152854,Success,CID259925,Mini,RT Nagar,BTM Layout,84.0,105.0,Not Applicable,Not Applicable,No,Not Applicable,326,Cash,10,4.6,4.8
2024-07-11 06:50:00,CNR3445953330,Success,CID226372,Mini,Sahakar Nagar,Tumkur Road,266.0,120.0,Not Applicable,Not Applicable,No,Not Applicable,1158,UPI,14,4.2,3.3
2024-07-23 20:34:00,CNR2283706389,Success,CID571634,Bike,Bellandur,Peenya,308.0,140.0,Not Applicable,Not Applicable,No,Not Applicable,223,Cash,35,4.1,4.8
2024-07-14 21:52:00,CNR5941917444,Success,CID713979,Bike,BTM Layout,Hebbal,294.0,70.0,Not Applicable,Not Applicable,No,Not Applicable,239,Cash,36,3.9,3.4
2024-07-03 15:50:00,CNR6689015149,Success,CID861270,Bike,Sahakar Nagar,Kengeri,217.0,40.0,Not Applicable,Not Applicable,No,Not Applicable,467,Cash,21,3.0,4.0
2024-07-27 06:32:00,CNR1375629866,Canceled by Customer,CID486704,Bike,Hebbal,Marathahalli,,,Wrong Address,Not Applicable,Not Applicable,Not Applicable,388,Not Applicable,0,,
2024-07-27 06:43:00,CNR7756542798,Success,CID889488,Mini,Rajajinagar,Hennur,56.0,145.0,Not Applicable,Not Applicable,No,Not Applicable,131,Cash,39,3.6,4.0
2024-07-23 13:32:00,CNR3782090143,Success,CID442305,Mini,Ulsoor,HSR Layout,63.0,30.0,Not Applicable,Not Applicable,No,Not Applicable,798,UPI,6,3.7,3.4
2024-07-17 10:10:00,CNR1124623264,Success,CID991164,Prime Plus,Rajarajeshwari Nagar,Chamarajpet,287.0,130.0,Not Applicable,Not Applicable,No,Not Applicable,707,UPI,35,3.9,3.6
2024-07-30 12:48:00,CNR6795140208,Success,CID838986,Mini,Richmond Town,Frazer Town,238.0,80.0,Not Applicable,Not Applicable,No,Not Applicable,462,UPI,43,3.7,3.0
2024-07-22 15:02:00,CNR4279212181,Success,CID556811,Auto,Hebbal,Chamarajpet,63.0,95.0,Not Applicable,Not Applicable,No,Not Applicable,300,Cash,12,3.8,4.3
2024-07-19 21:24:00,CNR8705990560,Success,CID834710,eBike,Indiranagar,Shantinagar,301.0,50.0,Not Applicable,Not Applicable,No,Not Applicable,665,UPI,44,3.4,3.8
2024-07-10 08:22:00,CNR8425993286,Canceled by Driver,CID281947,Prime Sedan,Ulsoor,Chickpet,,,Not Applicable,More than permitted people in there,Not Applicable,Not Applicable,338,Not Applicable,0,,
2024-07-29 18:24:00,CNR2139478116,Success,CID282637,Prime Sedan,Jayanagar,Indiranagar,273.0,50.0,Not Applicable,Not Applicable,No,Not Applicable,439,Cash,38,4.2,4.6
2024-07-03 02:23:00,CNR6666175326,Success,CID950707,Mini,Jayanagar,Whitefield,98.0,85.0,Not Applicable,Not Applicable,No,Not Applicable,911,Cash,25,3.9,3.4
2024-07-15 23:10:00,CNR2915419835,Success,CID697795,Prime SUV,Bannerghatta Road,Magadi Road,168.0,75.0,Not Applicable,Not Applicable,No,Not Applicable,683,Cash,19,4.0,4.3
2024-07-05 19:13:00,CNR8644155617,Success,CID116666,Prime Sedan,Yeshwanthpur,Padmanabhanagar,49.0,65.0,Not Applicable,Not Applicable,No,Not Applicable,870,UPI,42,4.8,4.2
2024-07-28 16:23:00,CNR2217014689,Success,CID430602,Prime Plus,Yeshwanthpur,Peenya,196.0,105.0,Not Applicable,Not Applicable,No,Not Applicable,180,Cash,28,4.5,4.2
2024-07-15 01:39:00,CNR4035453093,Success,CID678893,Prime Sedan,HSR Layout,Hulimavu,308.0,65.0,Not Applicable,Not Applicable,No,Not Applicable,614,UPI,40,4.9,4.6
2024-07-02 06:36:00,CNR6475702158,Canceled by Driver,CID291020,Prime Plus,Whitefield,Bannerghatta Road,,,Not Applicable,Personal & Car related issue,Not Applicable,Not Applicable,448,Not Applicable,0,,
2024-07-10 13:31:00,CNR6593167754,Success,CID564598,Prime SUV,Kadugodi,Magadi Road,63.0,110.0,Not Applicable,Not Applicable,No,Not Applicable,281,Cash,7,4.9,3.1
2024-07-23 19:52:00,CNR7297283292,Success,CID249529,Prime Plus,Kadugodi,Malleshwaram,91.0,125.0,Not Applicable,Not Applicable,No,Not Applicable,270,UPI,43,4.1,4.4
2024-07-13 17:54:00,CNR1514525189,Success,CID882282,Prime SUV,Malleshwaram,Malleshwaram,154.0,135.0,Not Applicable,Not Applicable,No,Not Applicable,490,UPI,14,4.1,3.2
2024-07-04 11:02:00,CNR2882137125,Success,CID325101,Prime Plus,Jayanagar,Kammanahalli,294.0,95.0,Not Applicable,Not Applicable,No,Not Applicable,121,UPI,3,5.0,4.4
2024-07-08 23:41:00,CNR2996046244,Success,CID568586,Bike,Sahakar Nagar,Langford Town,49.0,140.0,Not Applicable,Not Applicable,No,Not Applicable,139,UPI,9,4.6,4.0
2024-07-17 06:28:00,CNR7484501399,Success,CID937529,Bike,Jayanagar,Yelahanka,56.0,110.0,Not Applicable,Not Applicable,No,Not Applicable,419,Cash,11,3.4,3.7
2024-07-07 11:48:00,CNR1407147206,Success,CID696394,Auto,Langford Town,MG Road,252.0,110.0,Not Applicable,Not Applicable,No,Not Applicable,293,UPI,9,3.1,3.2
2024-07-12 07:33:00,CNR7549545456,Canceled by Driver,CID671799,Mini,Peenya,Kammanahalli,,,Not Applicable,Personal & Car related issue,Not Applicable,Not Applicable,362,Not Applicable,0,,
2024-07-15 15:17:00,CNR3768733782,Success,CID637763,Prime Plus,Electronic City,Electronic City,77.0,125.0,Not Applicable,Not Applicable,No,Not Applicable,276,Cash,3,3.3,3.3
2024-07-13 10:18:00,CNR2161042099,Success,CID647249,Mini,Banashankari,Chamarajpet,252.0,50.0,Not Applicable,Not Applicable,No,Not Applicable,779,UPI,38,5.0,3.7
2024-07-03 14:49:00,CNR8994569312,Success,CID411401,Mini,Electronic City,Basavanagudi,133.0,70.0,Not Applicable,Not Applicable,No,Not Applicable,187,Cash,7,3.6,3.5
2024-07-03 02:26:00,CNR8871311704,Canceled by Driver,CID914441,eBike,RT Nagar,Yeshwanthpur,,,Not Applicable,Customer related issue,Not Applicable,Not Applicable,2133,Not Applicable,0,,
2024-07-17 14:27:00,CNR5660626640,Canceled by Customer,CID474854,eBike,Vijayanagar,Hennur,,,Driver is not moving towards pickup location,Not Applicable,Not Applicable,Not Applicable,288,Not Applicable,0,,
2024-07-26 16:49:00,CNR4535692504,Success,CID258636,Prime SUV,Vijayanagar,Langford Town,182.0,75.0,Not Applicable,Not Applicable,No,Not Applicable,705,UPI,15,4.9,4.3
2024-07-06 22:11:00,CNR6595766588,Success,CID862774,Prime Sedan,Hebbal,Peenya,126.0,45.0,Not Applicable,Not Applicable,No,Not Applicable,162,Cash,4,4.5,3.8
2024-07-07 00:41:00,CNR5227299940,Success,CID694354,eBike,Sarjapur Road,Jayanagar,231.0,115.0,Not Applicable,Not Applicable,No,Not Applicable,897,UPI,9,4.5,3.9
2024-07-10 20:24:00,CNR5034332297,Driver Not Found,CID937146,Bike,Yeshwanthpur,Indiranagar,,,Not Applicable,Not Applicable,Not Applicable,Not Applicable,272,Not Applicable,0,,
2024-07-09 01:31:00,CNR7676870361,Success,CID363995,Bike,Malleshwaram,Langford Town,56.0,30.0,Not Applicable,Not Applicable,No,Not Applicable,166,UPI,35,3.5,4.6
2024-07-13 22:33:00,CNR4601855936,Success,CID123747,Prime Plus,Yeshwanthpur,Vijayanagar,266.0,75.0,Not Applicable,Not Applicable,No,Not Applicable,940,Cash,44,4.2,4.5
2024-07-28 03:05:00,CNR7261797894,Success,CID660970,Prime Plus,Koramangala,BTM Layout,105.0,90.0,Not Applicable,Not Applicable,No,Not Applicable,468,Cash,14,3.4,4.3
2024-07-18 19:59:00,CNR4370319515,Canceled by Driver,CID973740,Prime SUV,Sarjapur Road,Shantinagar,,,Not Applicable,Personal & Car related issue,Not Applicable,Not Applicable,268,Not Applicable,0,,
2024-07-29 00:46:00,CNR2711357534,Canceled by Driver,CID174166,Prime Plus,Yelahanka,Yeshwanthpur,,,Not Applicable,Customer was coughing/sick,Not Applicable,Not Applicable,440,Not Applicable,0,,
2024-07-08 20:16:00,CNR6557539910,Canceled by Driver,CID270186,Mini,Vijayanagar,Yelahanka,,,Not Applicable,Customer related issue,Not Applicable,Not Applicable,316,Not Applicable,0,,
2024-07-23 04:56:00,CNR3755370607,Success,CID398105,eBike,RT Nagar,KR Puram,203.0,125.0,Not Applicable,Not Applicable,No,Not Applicable,2546,UPI,16,3.1,3.5
2024-07-18 02:55:00,CNR3835504487,Success,CID192913,Prime Sedan,Chamarajpet,Sahakar Nagar,147.0,115.0,Not Applicable,Not Applicable,Yes,Vehicle Breakdown,143,Cash,5,3.5,4.9
2024-07-10 11:49:00,CNR7695618700,Success,CID812815,Auto,Kengeri,Marathahalli,168.0,35.0,Not Applicable,Not Applicable,No,Not Applicable,299,Cash,7,4.5,3.7
2024-07-13 00:37:00,CNR2750243714,Canceled by Driver,CID112361,Mini,Mysore Road,Richmond Town,,,Not Applicable,Personal & Car related issue,Not Applicable,Not Applicable,705,Not Applicable,0,,
2024-07-09 12:53:00,CNR1160882977,Success,CID191088,Auto,Chickpet,Richmond Town,105.0,30.0,Not Applicable,Not Applicable,No,Not Applicable,906,UPI,2,3.9,4.8
2024-07-29 21:01:00,CNR9337912115,Success,CID217007,Auto,Langford Town,Mysore Road,77.0,115.0,Not Applicable,Not Applicable,No,Not Applicable,1247,UPI,2,3.1,3.8
2024-07-29 17:38:00,CNR1686338222,Driver Not Found,CID848815,eBike,Frazer Town,Kadugodi,,,Not Applicable,Not Applicable,Not Applicable,Not Applicable,1156,Not Applicable,0,,
2024-07-15 09:58:00,CNR5213931268,Success,CID471981,Auto,HSR Layout,Devanahalli,287.0,130.0,Not Applicable,Not Applicable,No,Not Applicable,454,Cash,7,4.2,3.5
2024-07-08 16:45:00,CNR3876153197,Canceled by Driver,CID716586,Mini,Sarjapur Road,Varthur,,,Not Applicable,More than permitted people in there,Not Applicable,Not Applicable,475,Not Applicable,0,,
2024-07-25 12:29:00,CNR2369313469,Success,CID557830,eBike,Sahakar Nagar,Shivajinagar,217.0,25.0,Not Applicable,Not Applicable,No,Not Applicable,105,Cash,8,4.6,4.9
2024-07-30 12:28:00,CNR9215501041,Success,CID472543,Bike,Malleshwaram,Hennur,203.0,110.0,Not Applicable,Not Applicable,No,Not Applicable,209,Credit Card,24,3.5,3.2
2024-07-15 05:24:00,CNR6563864665,Canceled by Driver,CID446535,Mini,Bellandur,Sarjapur Road,,,Not Applicable,Customer was coughing/sick,Not Applicable,Not Applicable,447,Not Applicable,0,,
2024-07-03 10:11:00,CNR2906563470,Success,CID365471,Prime Plus,Bellandur,Sahakar Nagar,308.0,70.0,Not Applicable,Not Applicable,No,Not Applicable,512,UPI,20,4.8,3.5
2024-07-22 11:28:00,CNR6885867088,Success,CID292887,Prime SUV,BTM Layout,BTM Layout,175.0,45.0,Not Applicable,Not Applicable,No,Not Applicable,490,Cash,21,4.9,4.4
2024-07-23 01:38:00,CNR7804010492,Canceled by Customer,CID917439,Prime Plus,Hulimavu,Frazer Town,,,Driver asked to cancel,Not Applicable,Not Applicable,Not Applicable,387,Not Applicable,0,,
2024-07-19 03:13:00,CNR7040712617,Driver Not Found,CID564312,Prime Sedan,HSR Layout,Jayanagar,,,Not Applicable,Not Applicable,Not Applicable,Not Applicable,456,Not Applicable,0,,
2024-07-15 12:15:00,CNR4634091583,Driver Not Found,CID193609,Mini,Nagarbhavi,Richmond Town,,,Not Applicable,Not Applicable,Not Applicable,Not Applicable,311,Not Applicable,0,,
2024-07-07 09:19:00,CNR1484916782,Success,CID639254,Prime Sedan,Cox Town,Marathahalli,98.0,135.0,Not Applicable,Not Applicable,No,Not Applicable,714,UPI,1,3.7,4.0
2024-07-10 03:43:00,CNR2793325890,Success,CID102168,eBike,Sarjapur Road,Peenya,217.0,65.0,Not Applicable,Not Applicable,No,Not Applicable,991,UPI,34,4.6,3.2
2024-07-13 15:45:00,CNR6576424092,Canceled by Driver,CID957390,Prime Sedan,KR Puram,MG Road,,,Not Applicable,Customer was coughing/sick,Not Applicable,Not Applicable,951,Not Applicable,0,,
2024-07-30 23:16:00,CNR1366850414,Success,CID831621,Mini,KR Puram,Sarjapur Road,63.0,35.0,Not Applicable,Not Applicable,No,Not Applicable,425,UPI,20,3.5,4.7
2024-07-05 04:07:00,CNR8229366569,Success,CID199898,Bike,Indiranagar,Kengeri,70.0,65.0,Not Applicable,Not Applicable,No,Not Applicable,484,UPI,46,4.0,3.0
2024-07-12 20:10:00,CNR7827380505,Driver Not Found,CID706376,Prime Sedan,Peenya,Electronic City,,,Not Applicable,Not Applicable,Not Applicable,Not Applicable,382,Not Applicable,0,,
2024-07-17 05:17:00,CNR9461304920,Canceled by Driver,CID113063,Mini,Shantinagar,KR Puram,,,Not Applicable,More than permitted people in there,Not Applicable,Not Applicable,462,Not Applicable,0,,
2024-07-22 00:54:00,CNR8626692221,Success,CID388255,eBike,Ramamurthy Nagar,Nagarbhavi,154.0,80.0,Not Applicable,Not Applicable,No,Not Applicable,185,UPI,4,3.8,4.4
2024-07-24 01:49:00,CNR8250831464,Driver Not Found,CID845337,Prime SUV,MG Road,Padmanabhanagar,,,Not Applicable,Not Applicable,Not Applicable,Not Applicable,307,Not Applicable,0,,
2024-07-01 23:28:00,CNR6215043602,Success,CID213803,Prime Plus,Kammanahalli,Ulsoor,217.0,90.0,Not Applicable,Not Applicable,No,Not Applicable,203,Cash,30,4.1,4.7
2024-07-07 17:11:00,CNR8635531879,Success,CID362304,eBike,HSR Layout,HSR Layout,182.0,70.0,Not Applicable,Not Applicable,No,Not Applicable,983,Cash,43,4.3,3.6
2024-07-02 09:58:00,CNR2433131461,Success,CID675384,Prime Sedan,Hebbal,Vijayanagar,203.0,105.0,Not Applicable,Not Applicable,No,Not Applicable,480,Cash,48,3.4,3.7
2024-07-05 21:13:00,CNR5072541630,Canceled by Customer,CID641202,Bike,Banashankari,Ulsoor,,,Driver asked to cancel,Not Applicable,Not Applicable,Not Applicable,256,Not Applicable,0,,
2024-07-07 12:06:00,CNR8844895564,Canceled by Customer,CID768227,Mini,Malleshwaram,Ulsoor,,,Driver is not moving towards pickup location,Not Applicable,Not Applicable,Not Applicable,108,Not Applicable,0,,
2024-07-03 02:45:00,CNR2465675178,Success,CID304889,Mini,Peenya,JP Nagar,280.0,70.0,Not Applicable,Not Applicable,No,Not Applicable,254,UPI,41,3.8,4.3
2024-07-15 23:32:00,CNR6550802596,Canceled by Customer,CID944476,Prime Sedan,Tumkur Road,Rajarajeshwari Nagar,,,Driver asked to cancel,Not Applicable,Not Applicable,Not Applicable,494,Not Applicable,0,,
2024-07-09 17:51:00,CNR3945995492,Success,CID380829,Prime SUV,Hosur Road,Indiranagar,154.0,25.0,Not Applicable,Not Applicable,No,Not Applicable,183,Cash,27,4.8,3.5
2024-07-08 20:45:00,CNR1394560563,Driver Not Found,CID780203,Auto,Majestic,Shantinagar,,,Not Applicable,Not Applicable,Not Applicable,Not Applicable,168,Not Applicable,0,,
2024-07-27 13:06:00,CNR5095259560,Success,CID775675,Auto,HSR Layout,Chamarajpet,280.0,65.0,Not Applicable,Not Applicable,No,Not Applicable,345,Cash,6,3.4,4.5
2024-07-01 03:08:00,CNR8538073534,Success,CID734038,Prime Sedan,Whitefield,Marathahalli,154.0,70.0,Not Applicable,Not Applicable,No,Not Applicable,250,Cash,23,3.7,3.5
2024-07-05 00:16:00,CNR9495381826,Success,CID704079,Prime Sedan,Varthur,Yelahanka,280.0,95.0,Not Applicable,Not Applicable,No,Not Applicable,373,Cash,9,3.7,4.6
2024-07-08 21:15:00,CNR1420384716,Success,CID272209,Prime SUV,MG Road,Hulimavu,280.0,110.0,Not Applicable,Not Applicable,No,Not Applicable,338,Credit Card,15,4.7,3.6
2024-07-17 02:26:00,CNR7599650909,Success,CID393893,Prime SUV,Hennur,Banashankari,91.0,50.0,Not Applicable,Not Applicable,No,Not Applicable,183,Cash,45,4.2,4.0
2024-07-22 12:45:00,CNR6800510205,Success,CID241820,eBike,Rajarajeshwari Nagar,KR Puram,147.0,40.0,Not Applicable,Not Applicable,No,Not Applicable,411,UPI,39,3.4,4.0
2024-07-18 17:11:00,CNR5784412657,Success,CID125320,Prime Sedan,Mysore Road,KR Puram,259.0,110.0,Not Applicable,Not Applicable,Yes,Customer Demand,207,Cash,3,3.0,4.5
2024-07-07 08:51:00,CNR3141008622,Driver Not Found,CID790480,Prime Plus,Banashankari,Mysore Road,,,Not Applicable,Not Applicable,Not Applicable,Not Applicable,421,Not Applicable,0,,
2024-07-14 21:46:00,CNR8375082632,Success,CID606842,Prime Plus,Tumkur Road,Bellandur,161.0,55.0,Not Applicable,Not Applicable,No,Not Applicable,767,Cash,41,3.8,3.1
2024-07-09 10:27:00,CNR5846825208,Success,CID841461,Mini,Ulsoor,Langford Town,168.0,45.0,Not Applicable,Not Applicable,No,Not Applicable,261,UPI,39,3.2,4.1
2024-07-24 02:20:00,CNR6923829780,Driver Not Found,CID568737,eBike,Bellandur,RT Nagar,,,Not Applicable,Not Applicable,Not Applicable,Not Applicable,416,Not Applicable,0,,
2024-07-12 15:52:00,CNR2447056836,Canceled by Customer,CID741157,Prime SUV,Whitefield,Shivajinagar,,,Driver asked to cancel,Not Applicable,Not Applicable,Not Applicable,287,Not Applicable,0,,
2024-07-11 06:45:00,CNR8756066752,Canceled by Driver,CID960627,Prime Plus,Kengeri,Langford Town,,,Not Applicable,Personal & Car related issue,Not Applicable,Not Applicable,457,Not Applicable,0,,
2024-07-23 05:04:00,CNR6390586920,Canceled by Driver,CID436366,eBike,Basavanagudi,Frazer Town,,,Not Applicable,Personal & Car related issue,Not Applicable,Not Applicable,452,Not Applicable,0,,
2024-07-15 21:44:00,CNR1131105043,Success,CID985937,Bike,Whitefield,Basavanagudi,196.0,130.0,Not Applicable,Not Applicable,No,Not Applicable,2022,Cash,27,3.6,4.1
2024-07-28 11:07:00,CNR9354023707,Success,CID368960,Bike,Sahakar Nagar,Hebbal,231.0,75.0,Not Applicable,Not Applicable,No,Not Applicable,163,UPI,46,3.8,4.7
2024-07-03 06:54:00,CNR7213839312,Success,CID286405,Bike,Cox Town,Yelahanka,63.0,140.0,Not Applicable,Not Applicable,No,Not Applicable,573,UPI,13,4.0,4.4
2024-07-22 15:08:00,CNR3197556778,Success,CID801492,eBike,Frazer Town,BTM Layout,203.0,135.0,Not Applicable,Not Applicable,No,Not Applicable,395,Cash,1,4.2,3.2
2024-07-19 23:55:00,CNR4664202263,Success,CID387933,Prime Plus,Electronic City,Malleshwaram,133.0,35.0,Not Applicable,Not Applicable,No,Not Applicable,441,Cash,25,4.4,4.4
2024-07-16 06:55:00,CNR8794014983,Canceled by Driver,CID711705,Mini,Basavanagudi,MG Road,,,Not Applicable,Personal & Car related issue,Not Applicable,Not Applicable,676,Not Applicable,0,,
2024-07-18 04:35:00,CNR8709407082,Success,CID756607,Auto,Yelahanka,Devanahalli,168.0,140.0,Not Applicable,Not Applicable,No,Not Applicable,337,Cash,14,3.9,4.7
2024-07-12 06:57:00,CNR2651255420,Driver Not Found,CID970183,Prime Sedan,JP Nagar,Sarjapur Road,,,Not Applicable,Not Applicable,Not Applicable,Not Applicable,414,Not Applicable,0,,
2024-07-23 20:52:00,CNR2979524502,Success,CID283683,Auto,KR Puram,Nagarbhavi,112.0,35.0,Not Applicable,Not Applicable,No,Not Applicable,276,UPI,1,3.3,4.2
2024-07-14 02:34:00,CNR8023303939,Driver Not Found,CID263793,Prime SUV,Indiranagar,HSR Layout,,,Not Applicable,Not Applicable,Not Applicable,Not Applicable,436,Not Applicable,0,,
2024-07-19 22:21:00,CNR3826389704,Canceled by Driver,CID936371,Mini,Chamarajpet,Koramangala,,,Not Applicable,Personal & Car related issue,Not Applicable,Not Applicable,336,Not Applicable,0,,
2024-07-30 20:04:00,CNR1097040474,Canceled by Driver,CID897685,Mini,Jayanagar,Sahakar Nagar,,,Not Applicable,Customer was coughing/sick,Not Applicable,Not Applicable,867,Not Applicable,0,,
2024-07-07 13:15:00,CNR4359887715,Canceled by Driver,CID651275,Prime Plus,Yeshwanthpur,Marathahalli,,,Not Applicable,Personal & Car related issue,Not Applicable,Not Applicable,125,Not Applicable,0,,
2024-07-10 18:11:00,CNR5017566999,Success,CID667208,eBike,Varthur,Langford Town,147.0,95.0,Not Applicable,Not Applicable,No,Not Applicable,842,Cash,34,3.4,4.7
2024-07-13 12:09:00,CNR3423840640,Success,CID842687,Auto,Kammanahalli,Chamarajpet,133.0,60.0,Not Applicable,Not Applicable,No,Not Applicable,254,UPI,12,3.1,4.8
2024-07-19 19:55:00,CNR6580582385,Success,CID953703,Prime Sedan,Chickpet,Basavanagudi,154.0,135.0,Not Applicable,Not Applicable,No,Not Applicable,433,UPI,32,4.8,5.0
2024-07-30 05:57:00,CNR9419880765,Canceled by Driver,CID206571,eBike,Peenya,Shantinagar,,,Not Applicable,Personal & Car related issue,Not Applicable,Not Applicable,698,Not Applicable,0,,
2024-07-25 13:16:00,CNR9369110895,Success,CID393703,Prime Plus,BTM Layout,Langford Town,56.0,85.0,Not Applicable,Not Applicable,No,Not Applicable,956,Cash,44,4.1,3.3
2024-07-26 21:21:00,CNR7297783089,Success,CID845888,Prime SUV,Cox Town,Mysore Road,196.0,120.0,Not Applicable,Not Applicable,No,Not Applicable,827,Cash,22,4.6,3.0
2024-07-24 00:11:00,CNR9017153502,Success,CID535729,Bike,RT Nagar,Bellandur,147.0,35.0,Not Applicable,Not Applicable,No,Not Applicable,1219,Cash,24,4.1,3.4
2024-07-26 01:52:00,CNR4330863653,Success,CID436518,Bike,Bellandur,Devanahalli,84.0,55.0,Not Applicable,Not Applicable,No,Not Applicable,144,Cash,33,4.9,3.4
2024-07-12 20:15:00,CNR2675258545,Success,CID708123,eBike,Koramangala,Hebbal,77.0,125.0,Not Applicable,Not Applicable,No,Not Applicable,350,Cash,23,4.3,3.4
2024-07-08 15:47:00,CNR7291053391,Success,CID552314,Auto,Majestic,Rajajinagar,308.0,40.0,Not Applicable,Not Applicable,No,Not Applicable,246,UPI,5,3.5,4.4
2024-07-19 03:10:00,CNR9453262412,Canceled by Customer,CID382388,Bike,Yeshwanthpur,Vijayanagar,,,Driver is not moving towards pickup location,Not Applicable,Not Applicable,Not Applicable,286,Not Applicable,0,,
2024-07-27 02:48:00,CNR8474013360,Canceled by Driver,CID763120,eBike,Hebbal,Bellandur,,,Not Applicable,Personal & Car related issue,Not Applicable,Not Applicable,462,Not Applicable,0,,
2024-07-20 12:37:00,CNR2703728798,Success,CID592070,eBike,JP Nagar,MG Road,224.0,50.0,Not Applicable,Not Applicable,No,Not Applicable,321,Cash,34,4.1,3.1
2024-07-17 11:08:00,CNR2990758731,Success,CID692320,Bike,Shantinagar,Rajajinagar,140.0,65.0,Not Applicable,Not Applicable,No,Not Applicable,423,UPI,13,3.5,4.9
2024-07-27 03:17:00,CNR1373633980,Success,CID467769,Mini,Rajajinagar,Koramangala,168.0,110.0,Not Applicable,Not Applicable,No,Not Applicable,146,Cash,2,4.5,3.7
2024-07-02 21:10:00,CNR5763971233,Driver Not Found,CID955614,Mini,Majestic,Nagarbhavi,,,Not Applicable,Not Applicable,Not Applicable,Not Applicable,284,Not Applicable,0,,
2024-07-27 06:15:00,CNR6999215469,Success,CID626556,Auto,Yelahanka,Indiranagar,70.0,115.0,Not Applicable,Not Applicable,No,Not Applicable,303,Cash,15,4.7,3.6
2024-07-14 23:09:00,CNR4502642440,Canceled by Customer,CID524405,Bike,Majestic,Malleshwaram,,,Driver asked to cancel,Not Applicable,Not Applicable,Not Applicable,569,Not Applicable,0,,
2024-07-22 13:46:00,CNR2146706656,Canceled by Customer,CID822754,eBike,Marathahalli,Sarjapur Road,,,Driver is not moving towards pickup location,Not Applicable,Not Applicable,Not Applicable,926,Not Applicable,0,,
2024-07-07 17:23:00,CNR7429582422,Success,CID262943,Prime SUV,Basavanagudi,Vijayanagar,140.0,25.0,Not Applicable,Not Applicable,Yes,Vehicle Breakdown,859,Cash,11,3.4,3.5
2024-07-22 16:53:00,CNR6167341091,Canceled by Customer,CID890203,Prime Sedan,Yeshwanthpur,JP Nagar,,,Driver is not moving towards pickup location,Not Applicable,Not Applicable,Not Applicable,826,Not Applicable,0,,
2024-07-16 00:56:00,CNR6287072875,Success,CID589228,Prime Plus,Rajajinagar,RT Nagar,245.0,45.0,Not Applicable,Not Applicable,No,Not Applicable,1825,UPI,4,3.5,4.3
2024-07-22 15:21:00,CNR9429379696,Success,CID318020,Bike,Rajarajeshwari Nagar,Basavanagudi,98.0,75.0,Not Applicable,Not Applicable,No,Not Applicable,230,Cash,46,4.6,4.5
2024-07-13 14:53:00,CNR9464461680,Canceled by Driver,CID848562,Prime Plus,Richmond Town,Rajarajeshwari Nagar,,,Not Applicable,Customer related issue,Not Applicable,Not Applicable,190,Not Applicable,0,,
2024-07-10 13:07:00,CNR7288976617,Success,CID573074,Prime Sedan,Kammanahalli,Langford Town,273.0,140.0,Not Applicable,Not Applicable,No,Not Applicable,470,UPI,2,3.2,4.8
2024-07-29 15:10:00,CNR4587556711,Success,CID332834,Bike,Basavanagudi,Chickpet,273.0,115.0,Not Applicable,Not Applicable,No,Not Applicable,476,UPI,22,5.0,4.6
2024-07-05 03:15:00,CNR4741630049,Success,CID308954,Prime SUV,Hebbal,Sahakar Nagar,42.0,140.0,Not Applicable,Not Applicable,No,Not Applicable,153,Cash,36,4.1,3.0
2024-07-29 14:42:00,CNR1383654045,Success,CID619357,Bike,Chickpet,Hulimavu,63.0,145.0,Not Applicable,Not Applicable,Yes,Vehicle Breakdown,127,Cash,33,3.8,4.7
2024-07-29 22:30:00,CNR7496056603,Canceled by Driver,CID378571,eBike,Whitefield,Malleshwaram,,,Not Applicable,Customer related issue,Not Applicable,Not Applicable,678,Not Applicable,0,,
2024-07-24 22:13:00,CNR3744371939,Success,CID324364,Bike,Yeshwanthpur,Jayanagar,91.0,35.0,Not Applicable,Not Applicable,No,Not Applicable,316,Cash,12,3.4,3.9
2024-07-19 00:14:00,CNR3337848500,Success,CID328802,Mini,Shantinagar,Electronic City,273.0,135.0,Not Applicable,Not Applicable,No,Not Applicable,337,Cash,3,4.2,4.6
2024-07-29 17:17:00,CNR3237145515,Success,CID219232,Auto,Ramamurthy Nagar,Hosur Road,119.0,110.0,Not Applicable,Not Applicable,No,Not Applicable,258,Cash,19,3.1,4.8
2024-07-13 23:12:00,CNR5182281418,Success,CID467400,eBike,Whitefield,Hosur Road,98.0,50.0,Not Applicable,Not Applicable,No,Not Applicable,118,Cash,18,4.8,4.0
2024-07-24 17:42:00,CNR5162708541,Success,CID948892,Auto,Kengeri,Yeshwanthpur,35.0,105.0,Not Applicable,Not Applicable,No,Not Applicable,951,Cash,10,4.3,4.6
2024-07-14 17:24:00,CNR1764101815,Canceled by Driver,CID702464,Prime Sedan,Kammanahalli,Koramangala,,,Not Applicable,Personal & Car related issue,Not Applicable,Not Applicable,181,Not Applicable,0,,
2024-07-28 18:35:00,CNR2664833480,Canceled by Customer,CID760700,eBike,Mysore Road,Marathahalli,,,AC is Not working,Not Applicable,Not Applicable,Not Applicable,484,Not Applicable,0,,
2024-07-06 17:30:00,CNR6343401149,Success,CID889259,Bike,Rajajinagar,RT Nagar,147.0,40.0,Not Applicable,Not Applicable,No,Not Applicable,981,Cash,25,3.2,3.1
2024-07-30 04:51:00,CNR5763225767,Success,CID662760,Bike,Ramamurthy Nagar,Cox Town,133.0,105.0,Not Applicable,Not Applicable,No,Not Applicable,201,Cash,19,3.5,3.1
2024-07-24 01:41:00,CNR9109291945,Success,CID753782,Prime SUV,BTM Layout,BTM Layout,126.0,65.0,Not Applicable,Not Applicable,No,Not Applicable,1016,UPI,28,3.3,3.1
2024-07-05 16:43:00,CNR8447384540,Canceled by Driver,CID624098,Prime Plus,Richmond Town,Hulimavu,,,Not Applicable,Customer related issue,Not Applicable,Not Applicable,1636,Not Applicable,0,,
2024-07-30 01:55:00,CNR5295592062,Success,CID735237,Auto,Banashankari,Magadi Road,210.0,70.0,Not Applicable,Not Applicable,No,Not Applicable,295,Cash,7,4.6,4.3
2024-07-14 16:17:00,CNR7150923701,Success,CID562358,Prime Sedan,Tumkur Road,HSR Layout,301.0,110.0,Not Applicable,Not Applicable,No,Not Applicable,118,UPI,45,3.3,4.0
2024-07-29 19:42:00,CNR5783214409,Canceled by Driver,CID221567,Prime SUV,Shantinagar,Koramangala,,,Not Applicable,Customer was coughing/sick,Not Applicable,Not Applicable,172,Not Applicable,0,,
2024-07-27 06:00:00,CNR8622173009,Success,CID396429,Prime Sedan,RT Nagar,Shivajinagar,252.0,30.0,Not Applicable,Not Applicable,No,Not Applicable,760,Cash,11,4.5,3.9
2024-07-24 17:13:00,CNR9931812054,Canceled by Driver,CID467183,eBike,Shantinagar,KR Puram,,,Not Applicable,Customer related issue,Not Applicable,Not Applicable,234,Not Applicable,0,,
2024-07-17 23:22:00,CNR2184766545,Success,CID891531,Prime Sedan,Jayanagar,Kadugodi,238.0,25.0,Not Applicable,Not Applicable,No,Not Applicable,769,UPI,1,3.7,3.3
2024-07-01 17:48:00,CNR8940716402,Success,CID324102,eBike,HSR Layout,Cox Town,126.0,60.0,Not Applicable,Not Applicable,No,Not Applicable,281,Cash,29,4.6,4.3
2024-07-11 10:59:00,CNR7264913145,Success,CID348985,Prime Sedan,Electronic City,Jayanagar,238.0,120.0,Not Applicable,Not Applicable,No,Not Applicable,491,Cash,42,4.2,3.0
2024-07-10 01:03:00,CNR7847831348,Success,CID530578,Auto,HSR Layout,Rajarajeshwari Nagar,294.0,140.0,Not Applicable,Not Applicable,No,Not Applicable,417,Cash,7,4.2,4.3
2024-07-01 20:00:00,CNR4906074172,Success,CID863561,Prime Plus,Peenya,MG Road,154.0,45.0,Not Applicable,Not Applicable,No,Not Applicable,202,UPI,31,4.6,3.9
2024-07-10 15:25:00,CNR3792346666,Success,CID166320,Auto,Basavanagudi,HSR Layout,161.0,55.0,Not Applicable,Not Applicable,Yes,Other Issue,375,UPI,11,4.0,3.1
2024-07-20 21:59:00,CNR7853768402,Canceled by Driver,CID232441,Bike,Hennur,JP Nagar,,,Not Applicable,Customer related issue,Not Applicable,Not Applicable,975,Not Applicable,0,,
2024-07-23 13:31:00,CNR7014288462,Success,CID350703,Mini,Hulimavu,Malleshwaram,35.0,100.0,Not Applicable,Not Applicable,No,Not Applicable,270,Cash,16,4.3,3.2
2024-07-16 12:47:00,CNR9790536935,Driver Not Found,CID126863,Prime Plus,Mysore Road,RT Nagar,,,Not Applicable,Not Applicable,Not Applicable,Not Applicable,247,Not Applicable,0,,
2024-07-12 00:57:00,CNR3607961686,Canceled by Customer,CID233588,Prime Plus,Magadi Road,Yelahanka,,,AC is Not working,Not Applicable,Not Applicable,Not Applicable,237,Not Applicable,0,,
2024-07-10 11:52:00,CNR8827938136,Success,CID741066,Bike,Jayanagar,JP Nagar,154.0,100.0,Not Applicable,Not Applicable,No,Not Applicable,205,UPI,26,3.8,3.9
2024-07-30 15:33:00,CNR3152404789,Driver Not Found,CID972436,Prime SUV,Banashankari,Cox Town,,,Not Applicable,Not Applicable,Not Applicable,Not Applicable,769,Not Applicable,0,,
2024-07-03 17:18:00,CNR1155565477,Canceled by Driver,CID316262,eBike,Electronic City,Jayanagar,,,Not Applicable,Customer related issue,Not Applicable,Not Applicable,207,Not Applicable,0,,
2024-07-13 11:46:00,CNR6672472770,Driver Not Found,CID180715,Mini,Jayanagar,Hennur,,,Not Applicable,Not Applicable,Not Applicable,Not Applicable,166,Not Applicable,0,,
2024-07-06 05:35:00,CNR5395994302,Success,CID973357,Prime SUV,Whitefield,Varthur,35.0,35.0,Not Applicable,Not Applicable,No,Not Applicable,289,Cash,36,4.4,4.9
2024-07-17 09:56:00,CNR2630670725,Canceled by Customer,CID207547,Prime Plus,Hosur Road,Devanahalli,,,Driver asked to cancel,Not Applicable,Not Applicable,Not Applicable,294,Not Applicable,0,,
2024-07-03 14:30:00,CNR7864463189,Success,CID306780,eBike,RT Nagar,Magadi Road,140.0,30.0,Not Applicable,Not Applicable,No,Not Applicable,499,UPI,22,3.7,4.4
2024-07-07 00:46:00,CNR4807574901,Canceled by Driver,CID111414,Prime Plus,Shantinagar,Hosur Road,,,Not Applicable,More than permitted people in there,Not Applicable,Not Applicable,198,Not Applicable,0,,
2024-07-09 16:50:00,CNR7546143250,Driver Not Found,CID992182,eBike,Kammanahalli,Hebbal,,,Not Applicable,Not Applicable,Not Applicable,Not Applicable,464,Not Applicable,0,,
2024-07-04 23:35:00,CNR1724369439,Success,CID503072,Prime Sedan,Padmanabhanagar,Shantinagar,105.0,100.0,Not Applicable,Not Applicable,No,Not Applicable,316,Cash,41,3.9,3.1
2024-07-23 17:19:00,CNR6218682431,Canceled by Customer,CID817512,eBike,Nagarbhavi,Chickpet,,,Driver is not moving towards pickup location,Not Applicable,Not Applicable,Not Applicable,490,Not Applicable,0,,
2024-07-01 19:41:00,CNR8189717191,Canceled by Customer,CID712053,Prime Sedan,Vijayanagar,Chickpet,,,Change of plans,Not Applicable,Not Applicable,Not Applicable,387,Not Applicable,0,,
2024-07-27 17:00:00,CNR9917919293,Success,CID870532,Prime Sedan,Sarjapur Road,Hosur Road,231.0,45.0,Not Applicable,Not Applicable,No,Not Applicable,101,Cash,33,4.3,4.4
2024-07-27 02:09:00,CNR2076946912,Driver Not Found,CID752535,Mini,Hulimavu,Kadugodi,,,Not Applicable,Not Applicable,Not Applicable,Not Applicable,172,Not Applicable,0,,
2024-07-04 13:51:00,CNR7570529869,Success,CID765101,Prime SUV,Magadi Road,Richmond Town,35.0,35.0,Not Applicable,Not Applicable,No,Not Applicable,337,Cash,48,4.2,4.7
2024-07-11 21:41:00,CNR4908800115,Success,CID888327,Bike,Langford Town,RT Nagar,49.0,95.0,Not Applicable,Not Applicable,No,Not Applicable,2311,Debit Card,17,4.0,3.9
2024-07-05 12:36:00,CNR5375232939,Success,CID385044,Auto,Langford Town,Shivajinagar,91.0,45.0,Not Applicable,Not Applicable,No,Not Applicable,319,UPI,1,4.1,4.1
2024-07-02 09:51:00,CNR8915706163,Success,CID354815,Prime SUV,Hennur,Sahakar Nagar,182.0,30.0,Not Applicable,Not Applicable,No,Not Applicable,398,UPI,48,4.2,3.3
2024-07-07 07:48:00,CNR1386883585,Success,CID497692,eBike,Cox Town,Chamarajpet,196.0,90.0,Not Applicable,Not Applicable,Yes,Other Issue,213,Cash,43,4.1,4.4
2024-07-25 03:52:00,CNR5090307220,Canceled by Driver,CID408432,Prime Sedan,Koramangala,Shantinagar,,,Not Applicable,Personal & Car related issue,Not Applicable,Not Applicable,456,Not Applicable,0,,
2024-07-10 11:34:00,CNR1521949810,Canceled by Customer,CID822405,Mini,Kengeri,RT Nagar,,,Change of plans,Not Applicable,Not Applicable,Not Applicable,815,Not Applicable,0,,
2024-07-07 05:08:00,CNR5076245658,Success,CID788191,Auto,Basavanagudi,Peenya,119.0,135.0,Not Applicable,Not Applicable,No,Not Applicable,209,UPI,14,3.8,4.3
2024-07-12 12:25:00,CNR3827125300,Success,CID837085,Prime SUV,Malleshwaram,Rajarajeshwari Nagar,56.0,110.0,Not Applicable,Not Applicable,No,Not Applicable,388,Cash,19,3.2,4.2
2024-07-03 14:30:00,CNR5345214146,Success,CID115164,Prime Sedan,RT Nagar,Sarjapur Road,273.0,30.0,Not Applicable,Not Applicable,No,Not Applicable,232,UPI,31,3.9,4.4
2024-07-28 04:23:00,CNR5302791764,Success,CID377163,Prime SUV,BTM Layout,Basavanagudi,84.0,65.0,Not Applicable,Not Applicable,Yes,Vehicle Breakdown,715,Cash,36,3.5,3.3
2024-07-10 12:38:00,CNR8544932608,Success,CID892853,Prime SUV,Frazer Town,Vijayanagar,308.0,135.0,Not Applicable,Not Applicable,Yes,Other Issue,719,Cash,21,4.4,4.6
2024-07-07 16:15:00,CNR2000903054,Driver Not Found,CID333361,Mini,Yeshwanthpur,Koramangala,,,Not Applicable,Not Applicable,Not Applicable,Not Applicable,223,Not Applicable,0,,
2024-07-30 18:05:00,CNR9654498013,Canceled by Driver,CID634974,eBike,Bellandur,Cox Town,,,Not Applicable,Personal & Car related issue,Not Applicable,Not Applicable,138,Not Applicable,0,,
2024-07-22 06:17:00,CNR6328430867,Success,CID936036,Prime Sedan,Vijayanagar,Kadugodi,63.0,120.0,Not Applicable,Not Applicable,No,Not Applicable,422,UPI,24,4.1,3.6
2024-07-05 12:17:00,CNR5101563449,Success,CID629771,Prime Sedan,Devanahalli,Ulsoor,168.0,85.0,Not Applicable,Not Applicable,Yes,Customer Demand,788,UPI,41,3.2,4.2
2024-07-03 22:37:00,CNR1273576606,Success,CID155550,Auto,Malleshwaram,Vijayanagar,98.0,80.0,Not Applicable,Not Applicable,No,Not Applicable,442,Cash,1,4.6,3.2
2024-07-01 09:13:00,CNR9315980949,Success,CID676232,Prime Sedan,JP Nagar,Langford Town,119.0,25.0,Not Applicable,Not Applicable,No,Not Applicable,2455,Cash,44,3.3,3.3
2024-07-09 17:08:00,CNR1195524616,Driver Not Found,CID296125,Prime Plus,Mysore Road,Sahakar Nagar,,,Not Applicable,Not Applicable,Not Applicable,Not Applicable,169,Not Applicable,0,,
2024-07-07 05:22:00,CNR6774781364,Success,CID759971,eBike,Chickpet,Varthur,35.0,120.0,Not Applicable,Not Applicable,No,Not Applicable,2759,Cash,26,5.0,4.7
2024-07-04 20:16:00,CNR6485083261,Canceled by Driver,CID352388,Prime Sedan,Ulsoor,Bellandur,,,Not Applicable,Customer related issue,Not Applicable,Not Applicable,475,Not Applicable,0,,
2024-07-04 19:12:00,CNR4442176539,Success,CID173830,eBike,Richmond Town,Whitefield,238.0,25.0,Not Applicable,Not Applicable,No,Not Applicable,449,Cash,4,4.4,5.0
2024-07-14 01:52:00,CNR3601513650,Canceled by Customer,CID562173,Auto,Yeshwanthpur,Jayanagar,,,AC is Not working,Not Applicable,Not Applicable,Not Applicable,426,Not Applicable,0,,
2024-07-16 12:57:00,CNR8581494139,Success,CID556112,Prime Plus,Ulsoor,Malleshwaram,91.0,80.0,Not Applicable,Not Applicable,No,Not Applicable,101,UPI,2,3.8,4.1
2024-07-10 02:25:00,CNR3122675347,Success,CID705929,eBike,Basavanagudi,Ramamurthy Nagar,84.0,25.0,Not Applicable,Not Applicable,No,Not Applicable,294,Cash,32,3.7,3.4
2024-07-05 11:46:00,CNR6088674500,Success,CID670444,Bike,Chickpet,BTM Layout,119.0,135.0,Not Applicable,Not Applicable,No,Not Applicable,348,UPI,9,4.5,4.8
2024-07-17 06:32:00,CNR5633827608,Success,CID619391,Prime SUV,Magadi Road,Vijayanagar,189.0,135.0,Not Applicable,Not Applicable,No,Not Applicable,246,Cash,26,3.4,3.9
2024-07-30 00:14:00,CNR4230575325,Success,CID209539,eBike,Yelahanka,BTM Layout,210.0,75.0,Not Applicable,Not Applicable,No,Not Applicable,301,Debit Card,13,3.4,4.6
2024-07-03 01:28:00,CNR6051443176,Success,CID708948,Auto,BTM Layout,Mysore Road,147.0,40.0,Not Applicable,Not Applicable,No,Not Applicable,238,Debit Card,16,3.2,4.8
2024-07-07 15:11:00,CNR2529811887,Driver Not Found,CID717312,eBike,Kammanahalli,Whitefield,,,Not Applicable,Not Applicable,Not Applicable,Not Applicable,435,Not Applicable,0,,
2024-07-09 02:30:00,CNR1979666727,Success,CID188438,Prime Plus,Richmond Town,Varthur,266.0,80.0,Not Applicable,Not Applicable,No,Not Applicable,379,UPI,3,3.5,4.9
2024-07-23 18:44:00,CNR4198928612,Success,CID340982,Prime Plus,Bannerghatta Road,Bellandur,70.0,130.0,Not Applicable,Not Applicable,No,Not Applicable,151,Cash,49,3.7,4.7
2024-07-29 05:05:00,CNR7890418978,Success,CID351266,Mini,Rajajinagar,Banashankari,140.0,45.0,Not Applicable,Not Applicable,No,Not Applicable,885,UPI,8,4.3,4.0
2024-07-11 14:46:00,CNR1106446268,Canceled by Driver,CID503200,Prime SUV,Electronic City,Ramamurthy Nagar,,,Not Applicable,Customer was coughing/sick,Not Applicable,Not Applicable,606,Not Applicable,0,,
2024-07-13 07:22:00,CNR6491362623,Success,CID691834,Bike,Hulimavu,Varthur,70.0,55.0,Not Applicable,Not Applicable,No,Not Applicable,363,Cash,16,3.6,3.5
2024-07-29 14:27:00,CNR2500899693,Success,CID201581,Bike,Peenya,Jayanagar,147.0,145.0,Not Applicable,Not Applicable,No,Not Applicable,419,UPI,11,3.3,3.2
2024-07-30 03:11:00,CNR3600822285,Canceled by Customer,CID494256,Mini,Jayanagar,Majestic,,,Wrong Address,Not Applicable,Not Applicable,Not Applicable,2962,Not Applicable,0,,
2024-07-16 01:09:00,CNR4628248166,Driver Not Found,CID147172,Auto,Rajajinagar,Kadugodi,,,Not Applicable,Not Applicable,Not Applicable,Not Applicable,201,Not Applicable,0,,
2024-07-03 11:05:00,CNR4725674687,Success,CID507917,Prime Plus,Sarjapur Road,Nagarbhavi,231.0,35.0,Not Applicable,Not Applicable,No,Not Applicable,824,Cash,12,4.5,3.0
2024-07-27 00:19:00,CNR5103602575,Success,CID724893,Bike,MG Road,Sahakar Nagar,119.0,90.0,Not Applicable,Not Applicable,No,Not Applicable,146,Cash,10,3.2,3.5
2024-07-20 00:15:00,CNR5700974239,Success,CID667132,Prime Sedan,Electronic City,JP Nagar,308.0,85.0,Not Applicable,Not Applicable,No,Not Applicable,233,UPI,32,3.9,4.4
2024-07-20 01:09:00,CNR6055911611,Success,CID944572,Bike,Chickpet,Majestic,273.0,40.0,Not Applicable,Not Applicable,No,Not Applicable,346,Cash,32,4.7,4.0
2024-07-29 20:16:00,CNR1050704882,Canceled by Customer,CID546675,eBike,RT Nagar,Ulsoor,,,AC is Not working,Not Applicable,Not Applicable,Not Applicable,381,Not Applicable,0,,
2024-07-19 02:03:00,CNR3651002196,Success,CID775084,Auto,JP Nagar,Magadi Road,154.0,45.0,Not Applicable,Not Applicable,No,Not Applicable,535,Cash,18,4.4,3.9
2024-07-06 06:54:00,CNR4549246674,Success,CID599221,Bike,Hulimavu,Indiranagar,252.0,130.0,Not Applicable,Not Applicable,No,Not Applicable,268,Cash,42,5.0,4.9
2024-07-28 16:31:00,CNR8128823928,Canceled by Driver,CID204808,Prime Plus,Langford Town,JP Nagar,,,Not Applicable,Customer was coughing/sick,Not Applicable,Not Applicable,737,Not Applicable,0,,
2024-07-30 19:19:00,CNR7597634715,Driver Not Found,CID379877,Auto,Langford Town,Nagarbhavi,,,Not Applicable,Not Applicable,Not Applicable,Not Applicable,1889,Not Applicable,0,,
2024-07-25 22:23:00,CNR8572301655,Success,CID803243,Auto,Marathahalli,Hebbal,231.0,100.0,Not Applicable,Not Applicable,No,Not Applicable,304,Cash,13,3.9,3.7
2024-07-15 04:41:00,CNR5926072323,Success,CID343714,Prime SUV,Whitefield,Malleshwaram,42.0,105.0,Not Applicable,Not Applicable,Yes,Vehicle Breakdown,118,Cash,41,3.3,4.1
2024-07-29 07:24:00,CNR1526180432,Success,CID391544,eBike,Yeshwanthpur,Sarjapur Road,280.0,65.0,Not Applicable,Not Applicable,No,Not Applicable,378,Cash,9,3.8,4.6
2024-07-13 03:09:00,CNR3465220985,Canceled by Driver,CID730823,Auto,Jayanagar,Yeshwanthpur,,,Not Applicable,More than permitted people in there,Not Applicable,Not Applicable,105,Not Applicable,0,,
2024-07-19 16:54:00,CNR9816528726,Success,CID540657,Prime Sedan,Magadi Road,Padmanabhanagar,238.0,135.0,Not Applicable,Not Applicable,No,Not Applicable,460,UPI,14,3.0,3.5
2024-07-29 03:46:00,CNR8508936279,Success,CID598288,eBike,Malleshwaram,Magadi Road,35.0,60.0,Not Applicable,Not Applicable,No,Not Applicable,371,UPI,40,3.9,3.9
2024-07-25 23:06:00,CNR4387620459,Driver Not Found,CID297253,eBike,Tumkur Road,Padmanabhanagar,,,Not Applicable,Not Applicable,Not Applicable,Not Applicable,196,Not Applicable,0,,
2024-07-27 15:07:00,CNR1038417052,Driver Not Found,CID399136,eBike,Ulsoor,Sahakar Nagar,,,Not Applicable,Not Applicable,Not Applicable,Not Applicable,490,Not Applicable,0,,
2024-07-21 06:53:00,CNR7966080827,Canceled by Driver,CID664086,Auto,Marathahalli,Nagarbhavi,,,Not Applicable,Personal & Car related issue,Not Applicable,Not Applicable,209,Not Applicable,0,,
2024-07-15 05:03:00,CNR3201153344,Success,CID774468,Prime Plus,Vijayanagar,KR Puram,308.0,75.0,Not Applicable,Not Applicable,No,Not Applicable,592,Cash,1,3.5,4.1
2024-07-12 13:47:00,CNR2363740795,Driver Not Found,CID986436,Prime Sedan,Frazer Town,Banashankari,,,Not Applicable,Not Applicable,Not Applicable,Not Applicable,367,Not Applicable,0,,
2024-07-25 16:03:00,CNR6768684973,Success,CID510781,Prime Plus,Rajajinagar,Shivajinagar,98.0,135.0,Not Applicable,Not Applicable,No,Not Applicable,122,UPI,8,3.8,3.2
2024-07-12 02:21:00,CNR1207905222,Canceled by Driver,CID342366,Prime Plus,Kengeri,Basavanagudi,,,Not Applicable,Customer related issue,Not Applicable,Not Applicable,418,Not Applicable,0,,
2024-07-01 10:14:00,CNR6034057979,Success,CID926687,Auto,Majestic,Chickpet,147.0,135.0,Not Applicable,Not Applicable,No,Not Applicable,1579,Cash,18,3.9,3.6
2024-07-07 06:57:00,CNR8972456458,Canceled by Customer,CID948460,Prime SUV,Varthur,Whitefield,,,Change of plans,Not Applicable,Not Applicable,Not Applicable,472,Not Applicable,0,,
2024-07-10 10:06:00,CNR1734988572,Success,CID882149,Auto,Rajarajeshwari Nagar,Devanahalli,224.0,145.0,Not Applicable,Not Applicable,No,Not Applicable,455,Cash,11,3.2,3.1
2024-07-24 01:17:00,CNR7479064087,Success,CID952306,Prime Plus,Kadugodi,Kengeri,84.0,100.0,Not Applicable,Not Applicable,No,Not Applicable,214,Cash,15,4.2,5.0
2024-07-06 04:07:00,CNR7546480082,Canceled by Driver,CID313700,Auto,Nagarbhavi,Ulsoor,,,Not Applicable,More than permitted people in there,Not Applicable,Not Applicable,1870,Not Applicable,0,,
2024-07-12 05:11:00,CNR5232333912,Success,CID840497,Prime Plus,Basavanagudi,Shivajinagar,112.0,100.0,Not Applicable,Not Applicable,No,Not Applicable,475,UPI,3,3.1,3.3
2024-07-01 08:29:00,CNR4971141850,Driver Not Found,CID588687,Prime Plus,Sarjapur Road,Hennur,,,Not Applicable,Not Applicable,Not Applicable,Not Applicable,184,Not Applicable,0,,
2024-07-08 00:49:00,CNR6393598103,Success,CID161774,Bike,Rajarajeshwari Nagar,Electronic City,105.0,35.0,Not Applicable,Not Applicable,No,Not Applicable,275,Cash,43,4.5,4.3
2024-07-13 16:36:00,CNR3426218277,Success,CID169747,Mini,BTM Layout,Hosur Road,119.0,125.0,Not Applicable,Not Applicable,No,Not Applicable,766,UPI,13,3.7,3.4
2024-07-07 16:16:00,CNR1677066198,Success,CID934735,Bike,RT Nagar,Hulimavu,196.0,50.0,Not Applicable,Not Applicable,No,Not Applicable,254,UPI,35,4.6,3.7
2024-07-25 09:39:00,CNR3870810411,Success,CID425351,Auto,Yelahanka,Shantinagar,154.0,145.0,Not Applicable,Not Applicable,No,Not Applicable,437,UPI,2,3.2,3.1
2024-07-24 18:19:00,CNR3919585346,Success,CID842761,Prime Plus,Shantinagar,Shantinagar,70.0,125.0,Not Applicable,Not Applicable,No,Not Applicable,657,UPI,24,3.9,3.6
2024-07-16 09:40:00,CNR1202700055,Success,CID803217,eBike,Chickpet,Ramamurthy Nagar,154.0,140.0,Not Applicable,Not Applicable,No,Not Applicable,311,UPI,47,3.5,4.5
2024-07-18 22:00:00,CNR2701025429,Success,CID343548,Bike,Shantinagar,Langford Town,175.0,145.0,Not Applicable,Not Applicable,No,Not Applicable,550,Cash,49,4.7,3.9
2024-07-13 23:23:00,CNR5727368661,Canceled by Driver,CID667098,Bike,MG Road,Shantinagar,,,Not Applicable,Personal & Car related issue,Not Applicable,Not Applicable,400,Not Applicable,0,,
2024-07-25 16:09:00,CNR1879023188,Driver Not Found,CID458056,Auto,Bannerghatta Road,Shantinagar,,,Not Applicable,Not Applicable,Not Applicable,Not Applicable,274,Not Applicable,0,,
2024-07-04 17:53:00,CNR9485446069,Success,CID220351,Mini,Vijayanagar,RT Nagar,210.0,140.0,Not Applicable,Not Applicable,No,Not Applicable,913,UPI,37,4.0,3.6
2024-07-06 01:41:00,CNR8295068011,Success,CID130887,Bike,Basavanagudi,Padmanabhanagar,126.0,40.0,Not Applicable,Not Applicable,No,Not Applicable,1171,Cash,27,4.6,4.7
2024-07-06 08:04:00,CNR4283632948,Driver Not Found,CID683859,Bike,Sahakar Nagar,Ramamurthy Nagar,,,Not Applicable,Not Applicable,Not Applicable,Not Applicable,450,Not Applicable,0,,
2024-07-07 04:59:00,CNR2137235526,Success,CID541152,Prime SUV,Jayanagar,Peenya,224.0,25.0,Not Applicable,Not Applicable,No,Not Applicable,191,UPI,29,4.2,4.3
2024-07-03 14:34:00,CNR2959441960,Canceled by Driver,CID911458,Mini,Majestic,Mysore Road,,,Not Applicable,Customer was coughing/sick,Not Applicable,Not Applicable,492,Not Applicable,0,,
2024-07-26 04:08:00,CNR1596690635,Success,CID495822,Bike,Shantinagar,KR Puram,105.0,145.0,Not Applicable,Not Applicable,No,Not Applicable,1457,Cash,4,4.2,5.0
2024-07-02 21:49:00,CNR3068563775,Success,CID787535,Mini,Sahakar Nagar,Frazer Town,301.0,95.0,Not Applicable,Not Applicable,No,Not Applicable,226,UPI,13,4.1,4.8
2024-07-16 22:07:00,CNR9409558611,Success,CID877822,Prime Sedan,Mysore Road,Richmond Town,252.0,30.0,Not Applicable,Not Applicable,No,Not Applicable,130,Cash,38,3.1,4.1
2024-07-17 21:12:00,CNR4442297233,Driver Not Found,CID768361,Bike,Frazer Town,Kadugodi,,,Not Applicable,Not Applicable,Not Applicable,Not Applicable,910,Not Applicable,0,,
2024-07-07 10:13:00,CNR1577364737,Success,CID810752,eBike,Peenya,Cox Town,154.0,30.0,Not Applicable,Not Applicable,No,Not Applicable,437,UPI,21,3.8,3.0
2024-07-21 00:09:00,CNR9843315786,Success,CID129264,Auto,KR Puram,Cox Town,63.0,70.0,Not Applicable,Not Applicable,No,Not Applicable,131,UPI,14,3.6,3.4
2024-07-17 15:45:00,CNR7707654705,Success,CID206067,Prime SUV,Jayanagar,Padmanabhanagar,189.0,75.0,Not Applicable,Not Applicable,No,Not Applicable,952,Cash,8,3.1,4.1
2024-07-04 05:34:00,CNR1425864494,Success,CID109043,Auto,Frazer Town,MG Road,70.0,45.0,Not Applicable,Not Applicable,No,Not Applicable,222,Cash,10,4.1,4.1
2024-07-05 07:39:00,CNR9986303766,Success,CID596556,eBike,Devanahalli,Langford Town,91.0,90.0,Not Applicable,Not Applicable,No,Not Applicable,484,Cash,21,4.6,4.0
2024-07-24 22:10:00,CNR9480254147,Success,CID917907,Bike,Whitefield,KR Puram,224.0,75.0,Not Applicable,Not Applicable,No,Not Applicable,456,Cash,22,3.1,4.6
2024-07-16 22:37:00,CNR2710781572,Canceled by Customer,CID606571,Bike,Hebbal,Rajajinagar,,,AC is Not working,Not Applicable,Not Applicable,Not Applicable,349,Not Applicable,0,,
2024-07-16 12:35:00,CNR6359240900,Success,CID284121,Bike,Banashankari,Indiranagar,231.0,35.0,Not Applicable,Not Applicable,No,Not Applicable,109,Debit Card,47,4.7,3.4
2024-07-30 23:18:00,CNR5851139876,Driver Not Found,CID478419,eBike,BTM Layout,Kengeri,,,Not Applicable,Not Applicable,Not Applicable,Not Applicable,1574,Not Applicable,0,,
2024-07-08 13:06:00,CNR9344113683,Success,CID717108,Auto,Whitefield,Sarjapur Road,308.0,55.0,Not Applicable,Not Applicable,No,Not Applicable,1132,Cash,7,3.8,4.9
2024-07-23 18:41:00,CNR7994780498,Canceled by Driver,CID800323,Bike,Rajajinagar,JP Nagar,,,Not Applicable,Customer related issue,Not Applicable,Not Applicable,289,Not Applicable,0,,
2024-07-24 15:01:00,CNR8112764081,Success,CID794096,Prime SUV,Kengeri,Devanahalli,161.0,40.0,Not Applicable,Not Applicable,No,Not Applicable,469,Cash,17,3.1,3.3
2024-07-29 23:00:00,CNR8188394457,Driver Not Found,CID427293,Prime Plus,Jayanagar,BTM Layout,,,Not Applicable,Not Applicable,Not Applicable,Not Applicable,375,Not Applicable,0,,
2024-07-02 22:28:00,CNR7853069010,Success,CID384156,Mini,HSR Layout,Frazer Town,63.0,55.0,Not Applicable,Not Applicable,No,Not Applicable,933,Cash,49,3.4,4.1
2024-07-06 02:07:00,CNR4717689891,Canceled by Driver,CID679874,eBike,Peenya,Sarjapur Road,,,Not Applicable,Personal & Car related issue,Not Applicable,Not Applicable,524,Not Applicable,0,,
2024-07-24 14:45:00,CNR2706739789,Success,CID183503,Prime Sedan,MG Road,Cox Town,147.0,80.0,Not Applicable,Not Applicable,No,Not Applicable,2501,UPI,1,3.9,3.3
2024-07-27 11:16:00,CNR8730080911,Canceled by Driver,CID491199,Prime Sedan,Shantinagar,BTM Layout,,,Not Applicable,More than permitted people in there,Not Applicable,Not Applicable,352,Not Applicable,0,,
2024-07-13 11:14:00,CNR7811161378,Success,CID752541,Bike,Hebbal,Rajarajeshwari Nagar,301.0,80.0,Not Applicable,Not Applicable,No,Not Applicable,771,Cash,26,3.1,3.2
2024-07-30 02:32:00,CNR7542448483,Canceled by Driver,CID923156,Prime Plus,Peenya,Malleshwaram,,,Not Applicable,Customer was coughing/sick,Not Applicable,Not Applicable,388,Not Applicable,0,,
2024-07-05 07:29:00,CNR6138542576,Success,CID922253,Mini,Bannerghatta Road,Whitefield,287.0,25.0,Not Applicable,Not Applicable,No,Not Applicable,831,UPI,30,4.6,3.8
2024-07-13 05:57:00,CNR6808126384,Success,CID172461,Prime Plus,Hosur Road,Koramangala,63.0,45.0,Not Applicable,Not Applicable,No,Not Applicable,2858,UPI,47,3.3,4.4
2024-07-16 16:45:00,CNR2064653104,Success,CID405981,Mini,Chickpet,HSR Layout,147.0,95.0,Not Applicable,Not Applicable,No,Not Applicable,681,UPI,46,4.3,3.7
2024-07-01 16:18:00,CNR6138882846,Success,CID993356,eBike,Kadugodi,Richmond Town,259.0,65.0,Not Applicable,Not Applicable,No,Not Applicable,207,UPI,26,4.0,3.4
2024-07-26 07:00:00,CNR9013733543,Success,CID410339,Prime Plus,Mysore Road,RT Nagar,245.0,50.0,Not Applicable,Not Applicable,No,Not Applicable,278,Cash,45,5.0,3.3
2024-07-09 00:09:00,CNR8491755327,Canceled by Customer,CID715393,Auto,Chamarajpet,Kadugodi,,,AC is Not working,Not Applicable,Not Applicable,Not Applicable,254,Not Applicable,0,,
2024-07-27 08:49:00,CNR2203943554,Success,CID166088,Auto,Mysore Road,Chickpet,49.0,130.0,Not Applicable,Not Applicable,No,Not Applicable,875,UPI,4,3.8,3.7
2024-07-03 08:57:00,CNR5938767485,Canceled by Customer,CID665216,Bike,Banashankari,Rajarajeshwari Nagar,,,Change of plans,Not Applicable,Not Applicable,Not Applicable,470,Not Applicable,0,,
2024-07-07 08:29:00,CNR8071034903,Driver Not Found,CID483401,Prime Sedan,Chickpet,Chickpet,,,Not Applicable,Not Applicable,Not Applicable,Not Applicable,347,Not Applicable,0,,
2024-07-05 00:44:00,CNR5368718391,Success,CID896852,Prime SUV,MG Road,Jayanagar,49.0,105.0,Not Applicable,Not Applicable,No,Not Applicable,575,UPI,39,5.0,3.0
2024-07-12 00:19:00,CNR6375415447,Driver Not Found,CID705017,Bike,Malleshwaram,Devanahalli,,,Not Applicable,Not Applicable,Not Applicable,Not Applicable,639,Not Applicable,0,,
2024-07-16 07:21:00,CNR4569740007,Success,CID846023,Mini,Kammanahalli,Chamarajpet,84.0,55.0,Not Applicable,Not Applicable,No,Not Applicable,134,Cash,29,3.2,4.2
2024-07-14 17:09:00,CNR9177063628,Success,CID992426,Mini,Koramangala,Jayanagar,259.0,35.0,Not Applicable,Not Applicable,No,Not Applicable,197,UPI,16,3.2,5.0
2024-07-09 08:06:00,CNR2810713090,Success,CID859475,eBike,Varthur,Yelahanka,140.0,140.0,Not Applicable,Not Applicable,No,Not Applicable,867,UPI,11,4.8,3.4
2024-07-30 19:46:00,CNR2664560747,Driver Not Found,CID367456,Bike,Richmond Town,Indiranagar,,,Not Applicable,Not Applicable,Not Applicable,Not Applicable,299,Not Applicable,0,,
2024-07-12 01:45:00,CNR7252023446,Success,CID822810,Prime Plus,Ramamurthy Nagar,Yelahanka,203.0,75.0,Not Applicable,Not Applicable,No,Not Applicable,754,Cash,42,4.9,3.3
2024-07-05 05:54:00,CNR2492416703,Canceled by Customer,CID247286,Prime SUV,Langford Town,Peenya,,,Driver asked to cancel,Not Applicable,Not Applicable,Not Applicable,235,Not Applicable,0,,
2024-07-15 14:01:00,CNR1149049135,Canceled by Driver,CID882323,Prime Plus,Kadugodi,Nagarbhavi,,,Not Applicable,Personal & Car related issue,Not Applicable,Not Applicable,124,Not Applicable,0,,
2024-07-22 15:41:00,CNR4602111487,Canceled by Driver,CID656393,Prime Sedan,Chickpet,Sarjapur Road,,,Not Applicable,Personal & Car related issue,Not Applicable,Not Applicable,941,Not Applicable,0,,
2024-07-19 12:11:00,CNR6724616221,Success,CID666362,Prime SUV,Padmanabhanagar,Vijayanagar,112.0,145.0,Not Applicable,Not Applicable,No,Not Applicable,378,UPI,42,3.9,4.7
2024-07-21 06:17:00,CNR1362082618,Success,CID590829,eBike,Sarjapur Road,Hennur,168.0,80.0,Not Applicable,Not Applicable,No,Not Applicable,357,Cash,48,4.7,3.9
2024-07-10 03:52:00,CNR8998614380,Success,CID254994,Prime Plus,Varthur,MG Road,252.0,85.0,Not Applicable,Not Applicable,No,Not Applicable,268,UPI,20,4.9,4.8
2024-07-25 17:10:00,CNR8307251290,Success,CID650795,Auto,Hebbal,Chamarajpet,133.0,80.0,Not Applicable,Not Applicable,No,Not Applicable,438,Cash,14,3.1,4.6
2024-07-12 04:48:00,CNR3017265302,Canceled by Driver,CID411567,eBike,Electronic City,HSR Layout,,,Not Applicable,Customer was coughing/sick,Not Applicable,Not Applicable,238,Not Applicable,0,,
2024-07-10 19:46:00,CNR3308672410,Success,CID987902,Mini,Vijayanagar,Bannerghatta Road,189.0,25.0,Not Applicable,Not Applicable,No,Not Applicable,443,UPI,44,4.3,3.6
2024-07-20 09:50:00,CNR8553959130,Canceled by Customer,CID258537,Bike,Richmond Town,Chickpet,,,AC is Not working,Not Applicable,Not Applicable,Not Applicable,122,Not Applicable,0,,
2024-07-30 12:40:00,CNR4746594328,Canceled by Driver,CID328746,Auto,Bannerghatta Road,Kadugodi,,,Not Applicable,Personal & Car related issue,Not Applicable,Not Applicable,345,Not Applicable,0,,
2024-07-16 22:59:00,CNR3432246606,Canceled by Driver,CID130515,Prime SUV,HSR Layout,Malleshwaram,,,Not Applicable,More than permitted people in there,Not Applicable,Not Applicable,951,Not Applicable,0,,
2024-07-24 12:38:00,CNR5376533313,Success,CID895657,Bike,Hennur,Padmanabhanagar,308.0,125.0,Not Applicable,Not Applicable,Yes,Other Issue,816,Cash,8,3.8,4.6
2024-07-09 19:03:00,CNR6025092839,Canceled by Driver,CID124017,Prime Plus,Chickpet,Marathahalli,,,Not Applicable,Personal & Car related issue,Not Applicable,Not Applicable,413,Not Applicable,0,,
2024-07-14 21:44:00,CNR6813598236,Success,CID620383,Mini,BTM Layout,HSR Layout,35.0,110.0,Not Applicable,Not Applicable,No,Not Applicable,138,UPI,32,4.8,4.9
2024-07-18 06:59:00,CNR8293680363,Driver Not Found,CID752569,Bike,Yelahanka,Majestic,,,Not Applicable,Not Applicable,Not Applicable,Not Applicable,452,Not Applicable,0,,
2024-07-17 21:53:00,CNR5515754080,Success,CID167856,eBike,Bellandur,Bannerghatta Road,196.0,100.0,Not Applicable,Not Applicable,No,Not Applicable,223,Cash,7,3.5,5.0
2024-07-10 03:47:00,CNR1066963525,Success,CID512568,Mini,Cox Town,Sarjapur Road,196.0,75.0,Not Applicable,Not Applicable,No,Not Applicable,402,UPI,47,4.0,4.9
2024-07-03 00:03:00,CNR4032027513,Canceled by Customer,CID826164,eBike,Richmond Town,Richmond Town,,,Driver asked to cancel,Not Applicable,Not Applicable,Not Applicable,458,Not Applicable,0,,
2024-07-28 03:38:00,CNR8150947582,Success,CID656557,eBike,Devanahalli,Hebbal,126.0,50.0,Not Applicable,Not Applicable,No,Not Applicable,261,UPI,13,3.9,3.3
2024-07-22 15:54:00,CNR5905204562,Success,CID182467,Prime SUV,Whitefield,Ramamurthy Nagar,252.0,120.0,Not Applicable,Not Applicable,No,Not Applicable,207,UPI,43,3.5,4.7
2024-07-05 22:22:00,CNR5058360942,Success,CID690653,eBike,Bannerghatta Road,Sarjapur Road,49.0,80.0,Not Applicable,Not Applicable,No,Not Applicable,396,Cash,7,3.1,3.1
2024-07-15 15:13:00,CNR1970409108,Success,CID872584,Prime SUV,Jayanagar,Rajajinagar,301.0,80.0,Not Applicable,Not Applicable,Yes,Customer Demand,445,Cash,38,4.5,4.9
2024-07-11 19:30:00,CNR4839736950,Driver Not Found,CID340501,Prime Plus,Kammanahalli,Hulimavu,,,Not Applicable,Not Applicable,Not Applicable,Not Applicable,461,Not Applicable,0,,
2024-07-30 15:17:00,CNR2802457820,Canceled by Driver,CID859000,Prime SUV,Marathahalli,Vijayanagar,,,Not Applicable,More than permitted people in there,Not Applicable,Not Applicable,246,Not Applicable,0,,
2024-07-06 00:21:00,CNR3172033787,Success,CID185572,Prime SUV,Langford Town,Majestic,133.0,80.0,Not Applicable,Not Applicable,No,Not Applicable,427,UPI,46,4.2,4.3
2024-07-07 23:42:00,CNR7310449644,Canceled by Driver,CID867337,Prime SUV,Ramamurthy Nagar,Hulimavu,,,Not Applicable,Customer related issue,Not Applicable,Not Applicable,346,Not Applicable,0,,
2024-07-07 19:06:00,CNR7037659031,Success,CID797721,eBike,Basavanagudi,Sarjapur Road,147.0,80.0,Not Applicable,Not Applicable,No,Not Applicable,236,Cash,15,3.5,3.7
2024-07-22 08:40:00,CNR8593261129,Success,CID489519,Prime Plus,Jayanagar,Ulsoor,91.0,30.0,Not Applicable,Not Applicable,No,Not Applicable,190,UPI,22,3.2,3.8
2024-07-21 06:29:00,CNR4365776459,Success,CID486737,Prime SUV,Rajarajeshwari Nagar,Hennur,63.0,100.0,Not Applicable,Not Applicable,No,Not Applicable,2940,UPI,2,4.2,4.9
2024-07-30 07:11:00,CNR4311776307,Success,CID766240,Prime Plus,MG Road,Langford Town,273.0,115.0,Not Applicable,Not Applicable,No,Not Applicable,250,Cash,11,3.4,4.5
2024-07-20 05:34:00,CNR2982950995,Success,CID776674,eBike,Magadi Road,Shantinagar,231.0,105.0,Not Applicable,Not Applicable,No,Not Applicable,575,Cash,28,3.9,3.7
2024-07-05 21:06:00,CNR8588284884,Success,CID851276,Mini,Whitefield,Jayanagar,147.0,90.0,Not Applicable,Not Applicable,No,Not Applicable,427,UPI,1,4.3,3.2
2024-07-29 01:56:00,CNR3407760611,Success,CID854283,Bike,Langford Town,Hebbal,287.0,140.0,Not Applicable,Not Applicable,No,Not Applicable,202,UPI,18,4.6,4.9
2024-07-13 13:17:00,CNR4014863096,Driver Not Found,CID944161,Prime SUV,Nagarbhavi,BTM Layout,,,Not Applicable,Not Applicable,Not Applicable,Not Applicable,2680,Not Applicable,0,,
2024-07-02 11:52:00,CNR2224508146,Success,CID275035,Bike,Nagarbhavi,Mysore Road,147.0,80.0,Not Applicable,Not Applicable,Yes,Vehicle Breakdown,384,Cash,28,4.7,3.4
2024-07-21 11:48:00,CNR3246195464,Success,CID601637,Prime Plus,Kammanahalli,Majestic,196.0,55.0,Not Applicable,Not Applicable,Yes,Vehicle Breakdown,389,UPI,46,5.0,3.8
2024-07-28 15:44:00,CNR1944781352,Success,CID965716,eBike,Hulimavu,Yeshwanthpur,301.0,125.0,Not Applicable,Not Applicable,No,Not Applicable,966,Cash,47,4.6,3.2
2024-07-29 07:55:00,CNR7145133072,Success,CID524430,Auto,Chamarajpet,Hosur Road,77.0,110.0,Not Applicable,Not Applicable,No,Not Applicable,2919,Cash,3,4.8,3.8
2024-07-18 07:25:00,CNR6171258672,Success,CID749337,Mini,Malleshwaram,JP Nagar,287.0,95.0,Not Applicable,Not Applicable,No,Not Applicable,388,Cash,23,4.7,3.2
2024-07-12 06:56:00,CNR6878300411,Driver Not Found,CID975364,Prime SUV,MG Road,Bellandur,,,Not Applicable,Not Applicable,Not Applicable,Not Applicable,285,Not Applicable,0,,
2024-07-03 01:44:00,CNR5203982912,Success,CID803171,Bike,Banashankari,Basavanagudi,112.0,35.0,Not Applicable,Not Applicable,No,Not Applicable,723,Cash,32,4.7,3.5
2024-07-30 05:37:00,CNR2008981109,Canceled by Driver,CID879134,eBike,Tumkur Road,RT Nagar,,,Not Applicable,Personal & Car related issue,Not Applicable,Not Applicable,146,Not Applicable,0,,
2024-07-18 04:00:00,CNR8092253796,Success,CID557069,Prime SUV,Vijayanagar,HSR Layout,91.0,35.0,Not Applicable,Not Applicable,No,Not Applicable,600,Cash,41,4.9,4.5
2024-07-21 23:59:00,CNR1672906453,Success,CID434325,Auto,Shantinagar,Frazer Town,70.0,50.0,Not Applicable,Not Applicable,No,Not Applicable,469,Cash,4,3.9,3.2
2024-07-13 23:42:00,CNR9490227561,Success,CID614673,eBike,JP Nagar,Indiranagar,168.0,140.0,Not Applicable,Not Applicable,No,Not Applicable,752,Cash,31,3.4,3.2
2024-07-28 14:34:00,CNR2639791088,Success,CID536425,Prime SUV,Richmond Town,Whitefield,245.0,60.0,Not Applicable,Not Applicable,No,Not Applicable,976,Cash,4,4.9,3.7
2024-07-22 13:47:00,CNR3779412571,Success,CID340224,Prime Sedan,Vijayanagar,Basavanagudi,210.0,75.0,Not Applicable,Not Applicable,No,Not Applicable,224,Cash,2,4.6,4.3
2024-07-13 13:07:00,CNR6972878867,Canceled by Driver,CID147571,Prime Plus,Indiranagar,Indiranagar,,,Not Applicable,More than permitted people in there,Not Applicable,Not Applicable,288,Not Applicable,0,,
2024-07-21 08:33:00,CNR3137260754,Canceled by Customer,CID138534,Prime Plus,Vijayanagar,Richmond Town,,,Driver is not moving towards pickup location,Not Applicable,Not Applicable,Not Applicable,639,Not Applicable,0,,
2024-07-18 20:21:00,CNR8225081891,Canceled by Driver,CID822372,Mini,BTM Layout,Kengeri,,,Not Applicable,Customer was coughing/sick,Not Applicable,Not Applicable,165,Not Applicable,0,,
2024-07-19 14:28:00,CNR7278099600,Success,CID500320,Mini,Chamarajpet,BTM Layout,42.0,95.0,Not Applicable,Not Applicable,No,Not Applicable,472,Cash,32,4.5,3.5
2024-07-05 06:02:00,CNR8322884118,Success,CID207153,Prime Plus,Rajarajeshwari Nagar,Chamarajpet,224.0,75.0,Not Applicable,Not Applicable,No,Not Applicable,777,Cash,23,4.4,4.7
2024-07-08 08:47:00,CNR3098911797,Success,CID127131,eBike,Hennur,Vijayanagar,217.0,100.0,Not Applicable,Not Applicable,No,Not Applicable,285,UPI,9,4.4,4.5
2024-07-01 03:24:00,CNR8292998189,Canceled by Customer,CID752315,Prime Plus,Hennur,Jayanagar,,,Wrong Address,Not Applicable,Not Applicable,Not Applicable,245,Not Applicable,0,,
2024-07-22 09:54:00,CNR2164952234,Driver Not Found,CID919360,Prime Sedan,RT Nagar,Vijayanagar,,,Not Applicable,Not Applicable,Not Applicable,Not Applicable,121,Not Applicable,0,,
2024-07-23 16:39:00,CNR4221557465,Success,CID630669,Prime Plus,Nagarbhavi,Shivajinagar,154.0,135.0,Not Applicable,Not Applicable,No,Not Applicable,111,Cash,3,4.8,4.1
2024-07-16 01:00:00,CNR6602290523,Success,CID140104,Prime SUV,Cox Town,JP Nagar,126.0,65.0,Not Applicable,Not Applicable,No,Not Applicable,1914,Cash,22,3.5,4.6
2024-07-17 04:05:00,CNR8966359772,Success,CID385472,Mini,KR Puram,Malleshwaram,84.0,85.0,Not Applicable,Not Applicable,No,Not Applicable,410,Cash,17,3.4,3.2
2024-07-26 07:52:00,CNR2894581130,Success,CID129947,Prime Sedan,Basavanagudi,Hebbal,231.0,45.0,Not Applicable,Not Applicable,No,Not Applicable,246,Cash,27,4.4,3.6
2024-07-18 21:23:00,CNR6802724427,Success,CID686121,Bike,Richmond Town,Cox Town,98.0,115.0,Not Applicable,Not Applicable,No,Not Applicable,805,UPI,18,3.8,3.5
2024-07-05 07:04:00,CNR5663938691,Success,CID627712,eBike,Marathahalli,Hebbal,56.0,85.0,Not Applicable,Not Applicable,No,Not Applicable,1070,Cash,4,4.5,3.6
2024-07-12 17:24:00,CNR5689161156,Canceled by Driver,CID977983,eBike,Richmond Town,Majestic,,,Not Applicable,Personal & Car related issue,Not Applicable,Not Applicable,143,Not Applicable,0,,
2024-07-10 11:05:00,CNR2052339997,Success,CID841403,Prime Sedan,Majestic,Magadi Road,245.0,130.0,Not Applicable,Not Applicable,No,Not Applicable,558,Cash,47,3.0,4.0
2024-07-04 15:56:00,CNR7563227379,Success,CID739797,Mini,Electronic City,Nagarbhavi,133.0,105.0,Not Applicable,Not Applicable,No,Not Applicable,761,Cash,15,3.4,4.0
2024-07-25 06:38:00,CNR1586576563,Success,CID309824,Mini,HSR Layout,Sahakar Nagar,49.0,70.0,Not Applicable,Not Applicable,Yes,Customer Demand,457,Cash,43,3.7,3.3
2024-07-12 10:08:00,CNR6239168966,Success,CID867157,Prime SUV,Hosur Road,Richmond Town,245.0,40.0,Not Applicable,Not Applicable,No,Not Applicable,490,Cash,20,4.7,4.7
2024-07-15 11:54:00,CNR5983362771,Success,CID208124,Prime SUV,Hosur Road,Jayanagar,301.0,25.0,Not Applicable,Not Applicable,No,Not Applicable,140,Cash,15,4.0,3.5
2024-07-28 02:57:00,CNR5495492845,Success,CID175316,eBike,Malleshwaram,Ulsoor,196.0,35.0,Not Applicable,Not Applicable,No,Not Applicable,132,Cash,39,3.0,3.9
2024-07-21 08:48:00,CNR4282867834,Success,CID407123,eBike,Bannerghatta Road,HSR Layout,231.0,30.0,Not Applicable,Not Applicable,No,Not Applicable,378,Cash,27,5.0,4.2
2024-07-13 21:54:00,CNR6685196045,Driver Not Found,CID392069,Auto,Hennur,Basavanagudi,,,Not Applicable,Not Applicable,Not Applicable,Not Applicable,392,Not Applicable,0,,
2024-07-13 11:41:00,CNR1891283176,Success,CID752215,Mini,Kengeri,Indiranagar,140.0,35.0,Not Applicable,Not Applicable,No,Not Applicable,495,UPI,12,3.3,4.5
2024-07-18 13:36:00,CNR4259064713,Driver Not Found,CID136739,Prime SUV,MG Road,HSR Layout,,,Not Applicable,Not Applicable,Not Applicable,Not Applicable,246,Not Applicable,0,,
2024-07-15 06:45:00,CNR1500656590,Driver Not Found,CID958752,Prime Plus,Varthur,Koramangala,,,Not Applicable,Not Applicable,Not Applicable,Not Applicable,134,Not Applicable,0,,
2024-07-01 12:45:00,CNR9607237862,Success,CID351909,Prime Sedan,Richmond Town,Yelahanka,308.0,40.0,Not Applicable,Not Applicable,No,Not Applicable,984,Cash,45,3.3,3.7
2024-07-22 12:51:00,CNR7891469997,Success,CID343984,eBike,Chickpet,Peenya,161.0,120.0,Not Applicable,Not Applicable,No,Not Applicable,202,UPI,33,3.4,3.3
2024-07-29 15:06:00,CNR8770210511,Success,CID996117,Prime SUV,Mysore Road,Bellandur,168.0,145.0,Not Applicable,Not Applicable,No,Not Applicable,409,Cash,15,4.3,3.6
2024-07-04 02:05:00,CNR1479517414,Success,CID123295,eBike,Nagarbhavi,Hosur Road,119.0,80.0,Not Applicable,Not Applicable,No,Not Applicable,509,Cash,41,4.2,4.8
2024-07-08 12:23:00,CNR7181778549,Success,CID442757,Prime Plus,Frazer Town,Shivajinagar,168.0,115.0,Not Applicable,Not Applicable,No,Not Applicable,409,Cash,38,3.1,4.7
2024-07-19 12:57:00,CNR4067365511,Success,CID941388,Bike,Hosur Road,Bannerghatta Road,91.0,85.0,Not Applicable,Not Applicable,No,Not Applicable,804,UPI,20,3.7,3.4
2024-07-05 22:15:00,CNR4437313780,Success,CID610773,Prime Sedan,Hosur Road,Koramangala,287.0,90.0,Not Applicable,Not Applicable,No,Not Applicable,347,UPI,4,4.3,3.3
2024-07-10 15:17:00,CNR6644190795,Success,CID777905,Prime Plus,Banashankari,JP Nagar,49.0,45.0,Not Applicable,Not Applicable,No,Not Applicable,264,UPI,7,3.8,3.6
2024-07-28 15:18:00,CNR1895914435,Canceled by Customer,CID249608,eBike,Banashankari,Shivajinagar,,,Wrong Address,Not Applicable,Not Applicable,Not Applicable,243,Not Applicable,0,,
2024-07-22 05:15:00,CNR2415812346,Success,CID290204,Prime Plus,Shivajinagar,Hosur Road,77.0,65.0,Not Applicable,Not Applicable,No,Not Applicable,250,Cash,6,3.6,4.5
2024-07-15 21:43:00,CNR5010912162,Canceled by Driver,CID376050,Auto,Langford Town,Peenya,,,Not Applicable,Personal & Car related issue,Not Applicable,Not Applicable,743,Not Applicable,0,,
2024-07-06 23:06:00,CNR7464291278,Canceled by Driver,CID378960,eBike,Indiranagar,Kengeri,,,Not Applicable,Customer related issue,Not Applicable,Not Applicable,2018,Not Applicable,0,,
2024-07-03 20:47:00,CNR5131897712,Canceled by Customer,CID505808,Mini,Banashankari,Banashankari,,,Driver is not moving towards pickup location,Not Applicable,Not Applicable,Not Applicable,460,Not Applicable,0,,
2024-07-19 07:46:00,CNR5721976263,Canceled by Driver,CID260432,Prime Plus,Magadi Road,Varthur,,,Not Applicable,More than permitted people in there,Not Applicable,Not Applicable,270,Not Applicable,0,,
2024-07-30 18:58:00,CNR2361978054,Success,CID150582,Auto,Bannerghatta Road,Hosur Road,308.0,95.0,Not Applicable,Not Applicable,No,Not Applicable,228,Cash,18,4.0,4.9
2024-07-11 18:46:00,CNR6220731815,Success,CID586082,Mini,Rajajinagar,Chickpet,42.0,120.0,Not Applicable,Not Applicable,No,Not Applicable,150,UPI,11,3.5,4.1
2024-07-12 21:42:00,CNR3474493405,Success,CID237742,Mini,Hebbal,Jayanagar,105.0,40.0,Not Applicable,Not Applicable,Yes,Customer Demand,196,UPI,40,3.4,4.5
2024-07-01 21:22:00,CNR9412726929,Driver Not Found,CID689039,Mini,KR Puram,Hosur Road,,,Not Applicable,Not Applicable,Not Applicable,Not Applicable,454,Not Applicable,0,,
2024-07-01 13:42:00,CNR8214495296,Success,CID965326,Auto,Rajarajeshwari Nagar,Banashankari,210.0,145.0,Not Applicable,Not Applicable,Yes,Other Issue,340,UPI,1,4.5,4.3
2024-07-02 13:35:00,CNR4315806305,Success,CID202259,Mini,Magadi Road,JP Nagar,245.0,55.0,Not Applicable,Not Applicable,No,Not Applicable,455,UPI,1,3.6,4.6
2024-07-09 20:59:00,CNR9599342079,Success,CID712769,Prime SUV,BTM Layout,RT Nagar,91.0,45.0,Not Applicable,Not Applicable,No,Not Applicable,112,UPI,23,3.9,4.5
2024-07-18 03:15:00,CNR9613241990,Success,CID716674,Bike,Cox Town,Jayanagar,56.0,95.0,Not Applicable,Not Applicable,No,Not Applicable,215,UPI,8,3.3,4.5
2024-07-04 07:53:00,CNR9907944304,Success,CID612921,Prime Sedan,HSR Layout,Kadugodi,49.0,35.0,Not Applicable,Not Applicable,No,Not Applicable,494,Cash,33,3.5,4.8
2024-07-19 23:41:00,CNR4556382662,Success,CID141127,Prime SUV,Whitefield,Yelahanka,147.0,30.0,Not Applicable,Not Applicable,No,Not Applicable,192,Cash,38,3.3,4.2
2024-07-02 07:22:00,CNR9354686208,Driver Not Found,CID319532,Bike,RT Nagar,Frazer Town,,,Not Applicable,Not Applicable,Not Applicable,Not Applicable,486,Not Applicable,0,,
2024-07-10 08:48:00,CNR6809509281,Canceled by Customer,CID354073,Auto,Cox Town,Indiranagar,,,Driver is not moving towards pickup location,Not Applicable,Not Applicable,Not Applicable,182,Not Applicable,0,,
2024-07-03 03:55:00,CNR4719909948,Success,CID674174,Prime Sedan,Basavanagudi,Shantinagar,294.0,100.0,Not Applicable,Not Applicable,No,Not Applicable,411,Cash,31,4.9,3.4
2024-07-15 07:01:00,CNR9844854431,Driver Not Found,CID902059,Mini,Peenya,KR Puram,,,Not Applicable,Not Applicable,Not Applicable,Not Applicable,423,Not Applicable,0,,
2024-07-21 08:22:00,CNR6068638608,Success,CID837580,Bike,Electronic City,Sarjapur Road,63.0,85.0,Not Applicable,Not Applicable,No,Not Applicable,311,UPI,8,3.2,3.6
2024-07-01 21:23:00,CNR1260051727,Driver Not Found,CID738951,eBike,Bellandur,Shivajinagar,,,Not Applicable,Not Applicable,Not Applicable,Not Applicable,419,Not Applicable,0,,
2024-07-09 02:05:00,CNR5719143508,Success,CID656164,Bike,Magadi Road,Devanahalli,294.0,140.0,Not Applicable,Not Applicable,No,Not Applicable,363,Cash,17,4.5,4.7
2024-07-21 21:55:00,CNR5242379611,Success,CID449653,Auto,HSR Layout,KR Puram,133.0,75.0,Not Applicable,Not Applicable,No,Not Applicable,237,Cash,17,3.6,3.4
2024-07-03 16:01:00,CNR3211968982,Canceled by Customer,CID949023,Prime Sedan,Kammanahalli,Majestic,,,Driver is not moving towards pickup location,Not Applicable,Not Applicable,Not Applicable,431,Not Applicable,0,,
2024-07-30 08:14:00,CNR3746044723,Success,CID732960,Prime Plus,Mysore Road,Devanahalli,287.0,45.0,Not Applicable,Not Applicable,No,Not Applicable,378,Cash,49,3.3,4.1
2024-07-06 12:32:00,CNR5494755134,Success,CID197131,Prime Sedan,Mysore Road,Padmanabhanagar,182.0,45.0,Not Applicable,Not Applicable,No,Not Applicable,2928,UPI,34,3.5,3.4
2024-07-16 01:40:00,CNR1751670735,Success,CID267518,Bike,Koramangala,Malleshwaram,175.0,25.0,Not Applicable,Not Applicable,No,Not Applicable,345,Debit Card,20,3.8,4.7
2024-07-02 03:13:00,CNR2889359163,Canceled by Driver,CID708980,Prime Sedan,Richmond Town,Magadi Road,,,Not Applicable,Customer was coughing/sick,Not Applicable,Not Applicable,628,Not Applicable,0,,
2024-07-09 10:11:00,CNR5158051804,Driver Not Found,CID583063,Prime Plus,Yeshwanthpur,Kengeri,,,Not Applicable,Not Applicable,Not Applicable,Not Applicable,1833,Not Applicable,0,,
2024-07-24 10:39:00,CNR9581771938,Success,CID941136,Prime Sedan,Hosur Road,Devanahalli,77.0,45.0,Not Applicable,Not Applicable,No,Not Applicable,451,Cash,12,3.4,4.1
2024-07-21 05:29:00,CNR5396493450,Success,CID453111,Prime SUV,Ramamurthy Nagar,RT Nagar,182.0,90.0,Not Applicable,Not Applicable,No,Not Applicable,185,Cash,19,4.3,4.4
2024-07-01 17:38:00,CNR3090459460,Success,CID537237,Prime Sedan,Electronic City,Chamarajpet,126.0,90.0,Not Applicable,Not Applicable,No,Not Applicable,865,UPI,27,4.1,3.7
2024-07-14 08:59:00,CNR3853537483,Canceled by Driver,CID859772,eBike,Yeshwanthpur,Bellandur,,,Not Applicable,More than permitted people in there,Not Applicable,Not Applicable,144,Not Applicable,0,,
2024-07-02 11:55:00,CNR8097780586,Success,CID141667,Prime SUV,Cox Town,Malleshwaram,287.0,65.0,Not Applicable,Not Applicable,No,Not Applicable,693,Cash,19,3.9,4.1
2024-07-28 09:47:00,CNR4428833464,Success,CID934741,Auto,Ulsoor,Hulimavu,161.0,140.0,Not Applicable,Not Applicable,No,Not Applicable,184,Cash,7,4.9,4.5
2024-07-25 16:19:00,CNR4204826762,Success,CID955244,Mini,Jayanagar,Yelahanka,126.0,70.0,Not Applicable,Not Applicable,Yes,Vehicle Breakdown,875,Cash,49,3.9,3.1
2024-07-07 02:52:00,CNR6298316002,Success,CID471442,Prime Sedan,Hulimavu,MG Road,245.0,55.0,Not Applicable,Not Applicable,No,Not Applicable,242,Cash,15,4.1,4.1
2024-07-01 01:05:00,CNR4311819302,Success,CID970901,Bike,BTM Layout,Majestic,210.0,40.0,Not Applicable,Not Applicable,No,Not Applicable,219,UPI,30,4.2,3.4
2024-07-19 20:05:00,CNR1745650885,Success,CID912460,Bike,Tumkur Road,Majestic,168.0,35.0,Not Applicable,Not Applicable,No,Not Applicable,820,Cash,11,4.6,3.4
2024-07-21 09:45:00,CNR1673356682,Success,CID420682,Auto,Shantinagar,Shivajinagar,252.0,120.0,Not Applicable,Not Applicable,Yes,Vehicle Breakdown,268,Cash,14,4.4,4.7
2024-07-15 21:08:00,CNR6372473561,Success,CID353416,Prime SUV,Malleshwaram,JP Nagar,126.0,95.0,Not Applicable,Not Applicable,No,Not Applicable,407,Cash,12,4.1,4.2
2024-07-24 13:59:00,CNR7460206473,Driver Not Found,CID270999,Auto,Sahakar Nagar,RT Nagar,,,Not Applicable,Not Applicable,Not Applicable,Not Applicable,388,Not Applicable,0,,
2024-07-01 14:00:00,CNR6130145116,Canceled by Customer,CID445890,Bike,Hennur,Tumkur Road,,,AC is Not working,Not Applicable,Not Applicable,Not Applicable,427,Not Applicable,0,,
2024-07-18 06:41:00,CNR4324312465,Success,CID741123,Prime SUV,Kengeri,Chamarajpet,119.0,95.0,Not Applicable,Not Applicable,No,Not Applicable,391,UPI,5,3.9,4.5
2024-07-03 11:37:00,CNR7229819512,Success,CID236876,Prime Plus,Yeshwanthpur,Cox Town,70.0,120.0,Not Applicable,Not Applicable,No,Not Applicable,354,Cash,10,3.9,4.6
2024-07-11 21:06:00,CNR9067836762,Canceled by Driver,CID275730,Bike,Chickpet,Vijayanagar,,,Not Applicable,More than permitted people in there,Not Applicable,Not Applicable,116,Not Applicable,0,,
2024-07-06 09:38:00,CNR8752865868,Success,CID462304,eBike,Shantinagar,HSR Layout,63.0,40.0,Not Applicable,Not Applicable,No,Not Applicable,964,Credit Card,30,4.6,3.3
2024-07-20 01:04:00,CNR1833244293,Canceled by Customer,CID794599,Auto,Electronic City,Banashankari,,,Driver is not moving towards pickup location,Not Applicable,Not Applicable,Not Applicable,221,Not Applicable,0,,
2024-07-18 05:44:00,CNR1772934463,Success,CID429103,Prime Sedan,Kengeri,Shantinagar,133.0,75.0,Not Applicable,Not Applicable,No,Not Applicable,311,Cash,38,3.7,5.0
2024-07-27 08:45:00,CNR7873844227,Success,CID982614,eBike,Chamarajpet,Peenya,161.0,130.0,Not Applicable,Not Applicable,No,Not Applicable,414,Cash,15,4.2,3.4
2024-07-29 11:27:00,CNR1034393813,Success,CID360323,Mini,Majestic,Whitefield,252.0,110.0,Not Applicable,Not Applicable,No,Not Applicable,441,UPI,26,4.3,4.7
2024-07-24 11:55:00,CNR6660705183,Success,CID949943,Prime SUV,Hebbal,Tumkur Road,196.0,110.0,Not Applicable,Not Applicable,No,Not Applicable,198,Credit Card,31,3.6,4.5
2024-07-07 10:22:00,CNR3311441150,Canceled by Customer,CID544825,Auto,Basavanagudi,Kengeri,,,Driver is not moving towards pickup location,Not Applicable,Not Applicable,Not Applicable,320,Not Applicable,0,,
2024-07-18 19:02:00,CNR7093973516,Success,CID633100,Prime Sedan,Whitefield,Yeshwanthpur,273.0,125.0,Not Applicable,Not Applicable,Yes,Customer Demand,253,Cash,23,3.7,4.3
2024-07-07 06:39:00,CNR9466132535,Driver Not Found,CID608335,Bike,Vijayanagar,Hosur Road,,,Not Applicable,Not Applicable,Not Applicable,Not Applicable,237,Not Applicable,0,,
2024-07-25 08:06:00,CNR5167560378,Driver Not Found,CID854111,Prime Plus,Mysore Road,Kengeri,,,Not Applicable,Not Applicable,Not Applicable,Not Applicable,231,Not Applicable,0,,
2024-07-11 06:11:00,CNR2179532513,Canceled by Customer,CID440884,Prime Sedan,Malleshwaram,Malleshwaram,,,Driver is not moving towards pickup location,Not Applicable,Not Applicable,Not Applicable,120,Not Applicable,0,,
2024-07-02 20:24:00,CNR3334889469,Success,CID797428,Auto,MG Road,Chickpet,224.0,70.0,Not Applicable,Not Applicable,No,Not Applicable,318,UPI,9,3.1,4.8
2024-07-30 10:02:00,CNR6200843006,Canceled by Driver,CID161666,Mini,Electronic City,Chickpet,,,Not Applicable,More than permitted people in there,Not Applicable,Not Applicable,447,Not Applicable,0,,
2024-07-05 04:05:00,CNR8051901974,Success,CID617420,Mini,Rajarajeshwari Nagar,Sarjapur Road,308.0,50.0,Not Applicable,Not Applicable,No,Not Applicable,386,Cash,47,4.9,3.4
2024-07-13 08:13:00,CNR6648322213,Success,CID217704,Prime Sedan,Yeshwanthpur,Langford Town,224.0,105.0,Not Applicable,Not Applicable,No,Not Applicable,926,UPI,38,3.3,3.7
2024-07-26 11:31:00,CNR6951911178,Success,CID491024,Auto,Electronic City,Magadi Road,119.0,90.0,Not Applicable,Not Applicable,Yes,Other Issue,164,Cash,7,4.5,4.1
2024-07-16 06:22:00,CNR7035904468,Canceled by Driver,CID899744,Prime Plus,Banashankari,Whitefield,,,Not Applicable,Customer related issue,Not Applicable,Not Applicable,433,Not Applicable,0,,
2024-07-28 23:08:00,CNR1479644670,Success,CID325411,Bike,Ulsoor,Devanahalli,203.0,75.0,Not Applicable,Not Applicable,No,Not Applicable,1274,Cash,30,3.2,3.0
2024-07-09 00:40:00,CNR3492218956,Canceled by Driver,CID518258,Bike,Marathahalli,Bellandur,,,Not Applicable,More than permitted people in there,Not Applicable,Not Applicable,499,Not Applicable,0,,
2024-07-06 00:06:00,CNR7729660459,Canceled by Customer,CID819306,Prime Plus,Chamarajpet,Mysore Road,,,Driver asked to cancel,Not Applicable,Not Applicable,Not Applicable,968,Not Applicable,0,,
2024-07-10 03:02:00,CNR3910420713,Success,CID904519,Prime Plus,Basavanagudi,Padmanabhanagar,175.0,95.0,Not Applicable,Not Applicable,No,Not Applicable,154,Cash,27,3.6,4.0
2024-07-22 15:53:00,CNR3115508514,Success,CID276971,Prime SUV,KR Puram,Magadi Road,77.0,55.0,Not Applicable,Not Applicable,No,Not Applicable,867,Cash,2,3.8,3.4
2024-07-01 00:24:00,CNR5185756086,Success,CID938263,Bike,Kadugodi,Shantinagar,210.0,65.0,Not Applicable,Not Applicable,No,Not Applicable,283,UPI,40,4.7,4.4
2024-07-20 23:40:00,CNR4192712462,Success,CID692999,Prime Sedan,Hulimavu,Sarjapur Road,259.0,110.0,Not Applicable,Not Applicable,Yes,Vehicle Breakdown,686,Cash,16,3.7,5.0
2024-07-17 23:45:00,CNR6153053084,Canceled by Customer,CID343120,Bike,HSR Layout,Hennur,,,Driver asked to cancel,Not Applicable,Not Applicable,Not Applicable,521,Not Applicable,0,,
2024-07-28 05:53:00,CNR4180528023,Success,CID696645,Bike,Chickpet,Mysore Road,259.0,85.0,Not Applicable,Not Applicable,Yes,Vehicle Breakdown,2213,UPI,48,3.7,4.2
2024-07-14 15:53:00,CNR1497461523,Success,CID726537,Prime SUV,Ulsoor,Kadugodi,133.0,55.0,Not Applicable,Not Applicable,No,Not Applicable,389,Cash,28,4.0,4.1
2024-07-05 15:06:00,CNR1888878846,Canceled by Driver,CID873364,Prime SUV,Langford Town,Peenya,,,Not Applicable,Customer was coughing/sick,Not Applicable,Not Applicable,401,Not Applicable,0,,
2024-07-03 09:29:00,CNR6444182101,Canceled by Driver,CID787601,Prime Sedan,Banashankari,Frazer Town,,,Not Applicable,More than permitted people in there,Not Applicable,Not Applicable,101,Not Applicable,0,,
2024-07-24 13:42:00,CNR9897002678,Success,CID843083,Prime SUV,Hebbal,Frazer Town,140.0,110.0,Not Applicable,Not Applicable,No,Not Applicable,243,UPI,20,3.3,4.4
2024-07-08 12:20:00,CNR7979444157,Canceled by Customer,CID804725,Bike,Marathahalli,Malleshwaram,,,Change of plans,Not Applicable,Not Applicable,Not Applicable,406,Not Applicable,0,,
2024-07-18 00:03:00,CNR8876400905,Driver Not Found,CID987013,Mini,Richmond Town,Bannerghatta Road,,,Not Applicable,Not Applicable,Not Applicable,Not Applicable,200,Not Applicable,0,,
2024-07-08 22:58:00,CNR7513988591,Success,CID337916,Mini,Koramangala,Basavanagudi,231.0,60.0,Not Applicable,Not Applicable,No,Not Applicable,166,Credit Card,38,3.4,3.7
2024-07-17 07:46:00,CNR4297643543,Success,CID622846,Auto,Ramamurthy Nagar,Peenya,56.0,25.0,Not Applicable,Not Applicable,No,Not Applicable,335,Cash,11,4.4,4.4
2024-07-23 11:27:00,CNR4108227781,Success,CID755565,eBike,Varthur,Kengeri,266.0,110.0,Not Applicable,Not Applicable,No,Not Applicable,409,Cash,9,4.3,3.1
2024-07-04 09:21:00,CNR6254909175,Canceled by Customer,CID603683,Prime Plus,Vijayanagar,Indiranagar,,,AC is Not working,Not Applicable,Not Applicable,Not Applicable,379,Not Applicable,0,,
2024-07-23 06:56:00,CNR5709475711,Success,CID792627,Auto,Electronic City,Yeshwanthpur,77.0,25.0,Not Applicable,Not Applicable,No,Not Applicable,135,UPI,6,4.0,4.5
2024-07-26 08:53:00,CNR6813101894,Success,CID756449,Mini,Rajajinagar,Jayanagar,287.0,25.0,Not Applicable,Not Applicable,No,Not Applicable,187,Cash,13,4.4,3.9
2024-07-19 18:34:00,CNR4255184297,Success,CID220629,eBike,Vijayanagar,Bannerghatta Road,294.0,65.0,Not Applicable,Not Applicable,No,Not Applicable,230,UPI,46,4.7,3.2
2024-07-12 11:13:00,CNR4504572885,Driver Not Found,CID650322,Mini,Chamarajpet,Yelahanka,,,Not Applicable,Not Applicable,Not Applicable,Not Applicable,259,Not Applicable,0,,
2024-07-06 02:48:00,CNR8448160467,Canceled by Customer,CID640817,Mini,HSR Layout,Mysore Road,,,Driver is not moving towards pickup location,Not Applicable,Not Applicable,Not Applicable,280,Not Applicable,0,,
2024-07-02 02:51:00,CNR3307821000,Success,CID916893,Mini,Richmond Town,Chickpet,154.0,45.0,Not Applicable,Not Applicable,No,Not Applicable,319,UPI,43,3.1,3.5
2024-07-21 14:00:00,CNR5210097674,Success,CID874021,Auto,Cox Town,Hulimavu,126.0,95.0,Not Applicable,Not Applicable,No,Not Applicable,328,UPI,9,4.9,3.3
2024-07-15 11:05:00,CNR3683570256,Success,CID935116,Mini,Yelahanka,Magadi Road,189.0,105.0,Not Applicable,Not Applicable,No,Not Applicable,218,Cash,11,4.7,3.3
2024-07-30 04:34:00,CNR4285653838,Canceled by Driver,CID358249,Mini,Marathahalli,Langford Town,,,Not Applicable,More than permitted people in there,Not Applicable,Not Applicable,748,Not Applicable,0,,
2024-07-25 12:28:00,CNR2493685336,Canceled by Driver,CID170029,Prime SUV,HSR Layout,Kadugodi,,,Not Applicable,Customer related issue,Not Applicable,Not Applicable,406,Not Applicable,0,,
2024-07-29 05:15:00,CNR3331055993,Success,CID292210,Bike,Langford Town,Frazer Town,35.0,75.0,Not Applicable,Not Applicable,No,Not Applicable,216,UPI,1,4.9,4.4
2024-07-08 22:43:00,CNR6971122139,Success,CID662874,Auto,Mysore Road,Chamarajpet,301.0,70.0,Not Applicable,Not Applicable,No,Not Applicable,259,UPI,2,3.4,3.6
2024-07-12 14:44:00,CNR6491647253,Driver Not Found,CID738760,Prime Plus,Kadugodi,Bellandur,,,Not Applicable,Not Applicable,Not Applicable,Not Applicable,861,Not Applicable,0,,
2024-07-17 03:53:00,CNR4406244700,Success,CID893233,Mini,Rajarajeshwari Nagar,Hebbal,49.0,35.0,Not Applicable,Not Applicable,No,Not Applicable,245,Cash,48,3.5,3.9
2024-07-25 18:09:00,CNR1616251635,Canceled by Driver,CID241453,Mini,Malleshwaram,Tumkur Road,,,Not Applicable,Personal & Car related issue,Not Applicable,Not Applicable,425,Not Applicable,0,,
2024-07-05 10:13:00,CNR5170824350,Success,CID559094,Bike,MG Road,Kengeri,175.0,145.0,Not Applicable,Not Applicable,No,Not Applicable,821,Cash,39,3.6,4.6
2024-07-23 15:52:00,CNR3390076388,Success,CID940247,Prime SUV,Kammanahalli,Kammanahalli,70.0,60.0,Not Applicable,Not Applicable,No,Not Applicable,108,Cash,49,4.5,3.9
2024-07-05 00:06:00,CNR8494364267,Canceled by Customer,CID816286,Prime Sedan,Mysore Road,Chickpet,,,Driver is not moving towards pickup location,Not Applicable,Not Applicable,Not Applicable,577,Not Applicable,0,,
2024-07-03 09:18:00,CNR9652619300,Success,CID462456,Mini,Tumkur Road,Magadi Road,266.0,135.0,Not Applicable,Not Applicable,No,Not Applicable,2993,Cash,21,3.0,3.3
2024-07-22 23:38:00,CNR5901107084,Canceled by Driver,CID453175,Prime SUV,JP Nagar,Ramamurthy Nagar,,,Not Applicable,Customer related issue,Not Applicable,Not Applicable,243,Not Applicable,0,,
2024-07-17 22:25:00,CNR6127510843,Canceled by Customer,CID982997,Auto,KR Puram,Electronic City,,,Driver asked to cancel,Not Applicable,Not Applicable,Not Applicable,2727,Not Applicable,0,,
2024-07-21 09:22:00,CNR6355779828,Success,CID525454,eBike,Devanahalli,Peenya,56.0,75.0,Not Applicable,Not Applicable,No,Not Applicable,742,UPI,46,3.9,4.2
2024-07-30 07:25:00,CNR6141605518,Driver Not Found,CID996641,Prime Sedan,HSR Layout,BTM Layout,,,Not Applicable,Not Applicable,Not Applicable,Not Applicable,441,Not Applicable,0,,
2024-07-12 19:34:00,CNR8919196124,Success,CID245492,eBike,Bannerghatta Road,Richmond Town,126.0,55.0,Not Applicable,Not Applicable,No,Not Applicable,966,UPI,11,4.0,4.1
2024-07-18 17:55:00,CNR3064873786,Success,CID223262,Prime SUV,Varthur,Cox Town,77.0,75.0,Not Applicable,Not Applicable,No,Not Applicable,472,Cash,21,3.4,4.2
2024-07-24 09:43:00,CNR8795491322,Success,CID525667,Bike,Peenya,Chickpet,91.0,35.0,Not Applicable,Not Applicable,No,Not Applicable,2502,Cash,38,3.9,4.3
2024-07-22 02:12:00,CNR5065573057,Success,CID380558,Mini,RT Nagar,MG Road,182.0,140.0,Not Applicable,Not Applicable,No,Not Applicable,423,Cash,49,4.6,4.4
2024-07-19 00:09:00,CNR1981835600,Driver Not Found,CID985287,Mini,Majestic,Chamarajpet,,,Not Applicable,Not Applicable,Not Applicable,Not Applicable,256,Not Applicable,0,,
2024-07-04 04:13:00,CNR6432790213,Driver Not Found,CID409714,Prime Plus,Banashankari,Kadugodi,,,Not Applicable,Not Applicable,Not Applicable,Not Applicable,292,Not Applicable,0,,
2024-07-04 11:09:00,CNR4190956039,Success,CID633235,Auto,Majestic,Hennur,42.0,140.0,Not Applicable,Not Applicable,No,Not Applicable,312,UPI,2,4.8,4.2
2024-07-03 16:13:00,CNR1708998997,Success,CID562799,Prime SUV,Ramamurthy Nagar,RT Nagar,77.0,90.0,Not Applicable,Not Applicable,No,Not Applicable,500,Cash,34,3.9,4.1
2024-07-03 18:43:00,CNR9084940717,Success,CID670626,Mini,Ulsoor,Kammanahalli,147.0,30.0,Not Applicable,Not Applicable,No,Not Applicable,380,Cash,42,4.3,3.2
2024-07-22 10:43:00,CNR5635249406,Success,CID407588,Prime SUV,Majestic,Malleshwaram,252.0,90.0,Not Applicable,Not Applicable,No,Not Applicable,206,Cash,7,4.8,4.6
2024-07-30 02:30:00,CNR1231554858,Success,CID273047,Prime Plus,Chickpet,Sahakar Nagar,147.0,110.0,Not Applicable,Not Applicable,No,Not Applicable,147,Cash,12,3.1,4.1
2024-07-26 11:01:00,CNR1121728918,Success,CID961705,eBike,Rajarajeshwari Nagar,BTM Layout,84.0,55.0,Not Applicable,Not Applicable,No,Not Applicable,227,Cash,18,4.5,3.4
2024-07-04 23:25:00,CNR6379074642,Canceled by Driver,CID310208,eBike,JP Nagar,Sahakar Nagar,,,Not Applicable,Customer was coughing/sick,Not Applicable,Not Applicable,840,Not Applicable,0,,
2024-07-06 13:05:00,CNR4726338889,Canceled by Customer,CID233833,Bike,Cox Town,Koramangala,,,Change of plans,Not Applicable,Not Applicable,Not Applicable,220,Not Applicable,0,,
2024-07-07 00:06:00,CNR5890701835,Success,CID841419,Bike,Varthur,Langford Town,273.0,75.0,Not Applicable,Not Applicable,No,Not Applicable,133,Cash,42,3.0,3.8
2024-07-29 06:22:00,CNR9110089006,Canceled by Driver,CID163389,Prime Plus,Kengeri,Hennur,,,Not Applicable,Customer was coughing/sick,Not Applicable,Not Applicable,469,Not Applicable,0,,
2024-07-16 19:06:00,CNR5419024045,Success,CID967400,Auto,RT Nagar,Bellandur,91.0,80.0,Not Applicable,Not Applicable,Yes,Customer Demand,168,Credit Card,18,4.1,3.5
2024-07-06 04:04:00,CNR6804732167,Success,CID955357,Auto,Bellandur,Richmond Town,245.0,115.0,Not Applicable,Not Applicable,Yes,Customer Demand,446,Cash,18,4.9,3.4
2024-07-26 14:49:00,CNR5637596123,Success,CID290811,Mini,Shivajinagar,Shivajinagar,182.0,90.0,Not Applicable,Not Applicable,No,Not Applicable,494,Cash,15,3.5,4.0
2024-07-05 21:00:00,CNR4316089140,Canceled by Driver,CID939591,Auto,Tumkur Road,Ulsoor,,,Not Applicable,Personal & Car related issue,Not Applicable,Not Applicable,154,Not Applicable,0,,
2024-07-05 14:10:00,CNR2461827042,Success,CID347690,Prime Sedan,Cox Town,Indiranagar,112.0,75.0,Not Applicable,Not Applicable,No,Not Applicable,358,Cash,44,4.0,3.5
2024-07-27 15:02:00,CNR9830694046,Success,CID341517,Prime SUV,Ulsoor,Basavanagudi,182.0,65.0,Not Applicable,Not Applicable,No,Not Applicable,361,Cash,33,4.0,5.0
2024-07-15 22:54:00,CNR2870920098,Success,CID247502,eBike,Shivajinagar,HSR Layout,56.0,60.0,Not Applicable,Not Applicable,No,Not Applicable,1568,UPI,35,3.9,5.0
2024-07-27 08:58:00,CNR4819563095,Success,CID775562,Prime SUV,BTM Layout,Ramamurthy Nagar,63.0,55.0,Not Applicable,Not Applicable,No,Not Applicable,831,Cash,38,4.4,3.3
2024-07-25 21:12:00,CNR5757240857,Success,CID457924,eBike,Vijayanagar,Jayanagar,175.0,85.0,Not Applicable,Not Applicable,No,Not Applicable,173,Cash,42,4.0,3.1
2024-07-28 07:03:00,CNR5458791943,Success,CID725693,Prime Plus,RT Nagar,Nagarbhavi,168.0,65.0,Not Applicable,Not Applicable,No,Not Applicable,1794,UPI,33,4.7,4.1
2024-07-27 00:57:00,CNR6006648911,Success,CID443919,Bike,Richmond Town,Magadi Road,175.0,75.0,Not Applicable,Not Applicable,No,Not Applicable,952,Cash,24,4.8,4.8
2024-07-07 23:45:00,CNR1164619207,Success,CID381484,Prime Sedan,Magadi Road,Majestic,91.0,140.0,Not Applicable,Not Applicable,No,Not Applicable,238,UPI,34,4.6,4.7
2024-07-04 00:19:00,CNR6080774479,Success,CID868432,Mini,BTM Layout,Peenya,119.0,30.0,Not Applicable,Not Applicable,No,Not Applicable,488,Cash,36,5.0,4.3
2024-07-25 01:04:00,CNR6428820998,Success,CID488739,Bike,Whitefield,Sarjapur Road,77.0,70.0,Not Applicable,Not Applicable,No,Not Applicable,453,Cash,22,3.8,3.2
2024-07-22 01:30:00,CNR3867615194,Success,CID340996,eBike,Banashankari,Peenya,238.0,105.0,Not Applicable,Not Applicable,No,Not Applicable,573,Cash,27,4.1,4.7
2024-07-22 02:34:00,CNR3475850909,Success,CID659634,Prime SUV,Rajarajeshwari Nagar,Basavanagudi,133.0,25.0,Not Applicable,Not Applicable,No,Not Applicable,382,Cash,42,3.4,3.4
2024-07-30 19:53:00,CNR9036526994,Canceled by Driver,CID291478,eBike,Marathahalli,Hulimavu,,,Not Applicable,Personal & Car related issue,Not Applicable,Not Applicable,220,Not Applicable,0,,
2024-07-16 10:33:00,CNR5154625811,Success,CID789004,Auto,Frazer Town,Shivajinagar,210.0,55.0,Not Applicable,Not Applicable,No,Not Applicable,396,UPI,14,4.5,4.9
2024-07-10 06:43:00,CNR3418747179,Canceled by Driver,CID981841,Bike,Richmond Town,Majestic,,,Not Applicable,Personal & Car related issue,Not Applicable,Not Applicable,423,Not Applicable,0,,
2024-07-19 12:02:00,CNR3014239719,Success,CID450087,Bike,Hebbal,Jayanagar,308.0,50.0,Not Applicable,Not Applicable,No,Not Applicable,2370,Cash,5,4.0,4.3
2024-07-19 13:46:00,CNR4318407522,Success,CID744335,Prime Plus,Indiranagar,Rajarajeshwari Nagar,91.0,140.0,Not Applicable,Not Applicable,No,Not Applicable,491,Cash,2,4.0,4.6
2024-07-25 16:19:00,CNR2699411543,Canceled by Customer,CID405057,Prime Plus,Hennur,Chamarajpet,,,Driver is not moving towards pickup location,Not Applicable,Not Applicable,Not Applicable,475,Not Applicable,0,,
2024-07-27 08:25:00,CNR1787616813,Success,CID301500,Prime Sedan,Devanahalli,Cox Town,49.0,110.0,Not Applicable,Not Applicable,No,Not Applicable,207,UPI,43,4.1,5.0
2024-07-09 10:17:00,CNR8579425950,Success,CID404004,Prime Plus,Bannerghatta Road,Devanahalli,147.0,40.0,Not Applicable,Not Applicable,No,Not Applicable,686,Cash,20,3.7,4.2
2024-07-10 10:57:00,CNR8216881086,Success,CID263489,Prime Sedan,Tumkur Road,Yeshwanthpur,119.0,105.0,Not Applicable,Not Applicable,No,Not Applicable,313,Cash,22,3.4,3.6
2024-07-24 02:44:00,CNR9388723566,Success,CID843411,Mini,Yeshwanthpur,Bannerghatta Road,126.0,55.0,Not Applicable,Not Applicable,No,Not Applicable,956,Cash,15,3.5,4.2
2024-07-16 02:34:00,CNR3010400259,Canceled by Driver,CID285499,Prime SUV,Marathahalli,Cox Town,,,Not Applicable,Customer was coughing/sick,Not Applicable,Not Applicable,185,Not Applicable,0,,
2024-07-18 05:57:00,CNR4835117656,Success,CID921121,Prime SUV,HSR Layout,Electronic City,154.0,130.0,Not Applicable,Not Applicable,No,Not Applicable,250,Cash,31,5.0,4.7
2024-07-07 18:56:00,CNR4635955529,Success,CID837485,Auto,Hebbal,Cox Town,196.0,90.0,Not Applicable,Not Applicable,No,Not Applicable,228,Cash,10,3.2,3.1
2024-07-19 04:43:00,CNR3011676979,Canceled by Driver,CID758300,Bike,Yelahanka,Magadi Road,,,Not Applicable,Customer was coughing/sick,Not Applicable,Not Applicable,119,Not Applicable,0,,
2024-07-08 21:23:00,CNR9132855690,Canceled by Customer,CID847594,Prime SUV,Ramamurthy Nagar,Hebbal,,,Change of plans,Not Applicable,Not Applicable,Not Applicable,231,Not Applicable,0,,
2024-07-30 18:40:00,CNR1579944227,Driver Not Found,CID394657,Auto,MG Road,BTM Layout,,,Not Applicable,Not Applicable,Not Applicable,Not Applicable,304,Not Applicable,0,,
2024-07-09 16:49:00,CNR1858637930,Canceled by Driver,CID576621,Mini,Yeshwanthpur,Richmond Town,,,Not Applicable,Customer related issue,Not Applicable,Not Applicable,700,Not Applicable,0,,
2024-07-14 05:48:00,CNR1319730022,Driver Not Found,CID267651,Mini,Magadi Road,Malleshwaram,,,Not Applicable,Not Applicable,Not Applicable,Not Applicable,606,Not Applicable,0,,
2024-07-28 05:42:00,CNR1534027942,Success,CID692576,Mini,Sarjapur Road,Chickpet,112.0,30.0,Not Applicable,Not Applicable,No,Not Applicable,466,UPI,17,3.5,3.4
2024-07-12 11:19:00,CNR3789845020,Success,CID959266,Mini,Peenya,Chamarajpet,294.0,130.0,Not Applicable,Not Applicable,No,Not Applicable,331,Credit Card,26,3.4,3.4
2024-07-17 03:19:00,CNR3267693552,Success,CID993233,Prime Sedan,JP Nagar,Yeshwanthpur,245.0,95.0,Not Applicable,Not Applicable,Yes,Vehicle Breakdown,174,UPI,29,4.5,3.7
2024-07-29 22:23:00,CNR9783625080,Driver Not Found,CID579725,Prime Sedan,Langford Town,Bellandur,,,Not Applicable,Not Applicable,Not Applicable,Not Applicable,371,Not Applicable,0,,
2024-07-30 19:08:00,CNR5835390536,Success,CID816475,Prime Sedan,Sarjapur Road,KR Puram,245.0,85.0,Not Applicable,Not Applicable,No,Not Applicable,447,Cash,8,4.7,3.2
2024-07-26 19:06:00,CNR4748765558,Canceled by Driver,CID275643,Prime Plus,Bellandur,Indiranagar,,,Not Applicable,Customer related issue,Not Applicable,Not Applicable,404,Not Applicable,0,,
2024-07-14 10:40:00,CNR4233108832,Success,CID541123,Prime Plus,Richmond Town,Marathahalli,105.0,65.0,Not Applicable,Not Applicable,No,Not Applicable,958,Cash,40,3.9,4.1
2024-07-18 09:11:00,CNR1609790733,Success,CID947267,Mini,Ramamurthy Nagar,Langford Town,119.0,80.0,Not Applicable,Not Applicable,No,Not Applicable,407,UPI,2,3.3,4.1
2024-07-28 14:52:00,CNR5626035981,Success,CID946720,Prime Plus,Shivajinagar,Ramamurthy Nagar,224.0,105.0,Not Applicable,Not Applicable,No,Not Applicable,2361,Debit Card,45,3.1,5.0
2024-07-06 06:58:00,CNR3549917434,Success,CID327803,Mini,MG Road,Ulsoor,56.0,50.0,Not Applicable,Not Applicable,No,Not Applicable,138,Cash,11,3.3,4.9
2024-07-23 06:27:00,CNR2222015142,Success,CID216899,Prime SUV,Shivajinagar,Magadi Road,91.0,75.0,Not Applicable,Not Applicable,No,Not Applicable,822,Cash,12,4.8,3.3
2024-07-23 11:51:00,CNR9918657269,Success,CID634559,Prime Plus,Yelahanka,Koramangala,189.0,120.0,Not Applicable,Not Applicable,No,Not Applicable,2433,Cash,12,4.1,3.2
2024-07-24 18:45:00,CNR6559808896,Success,CID899669,Prime SUV,Hulimavu,Vijayanagar,161.0,105.0,Not Applicable,Not Applicable,No,Not Applicable,616,Cash,22,4.8,4.4
2024-07-05 10:34:00,CNR6324493858,Success,CID388245,Prime Plus,Basavanagudi,Marathahalli,294.0,110.0,Not Applicable,Not Applicable,No,Not Applicable,812,Cash,42,4.7,3.8
2024-07-24 17:05:00,CNR3352698403,Success,CID958720,Prime Sedan,Mysore Road,Basavanagudi,217.0,55.0,Not Applicable,Not Applicable,No,Not Applicable,445,Cash,25,3.7,3.5
2024-07-02 22:49:00,CNR7720853006,Success,CID314983,Auto,Hebbal,Yeshwanthpur,238.0,40.0,Not Applicable,Not Applicable,No,Not Applicable,402,Cash,13,4.6,3.3
2024-07-29 16:43:00,CNR6366319102,Success,CID942854,Prime SUV,Rajajinagar,Rajajinagar,84.0,80.0,Not Applicable,Not Applicable,No,Not Applicable,862,UPI,42,3.9,4.6
2024-07-28 03:12:00,CNR6893715489,Canceled by Driver,CID341074,Prime Sedan,Koramangala,Koramangala,,,Not Applicable,Customer was coughing/sick,Not Applicable,Not Applicable,877,Not Applicable,0,,
2024-07-01 23:42:00,CNR3185052111,Success,CID520640,Mini,Langford Town,Indiranagar,168.0,55.0,Not Applicable,Not Applicable,No,Not Applicable,400,UPI,16,4.7,3.8
2024-07-06 16:20:00,CNR4564941939,Success,CID216823,Prime Sedan,Ulsoor,Bannerghatta Road,126.0,25.0,Not Applicable,Not Applicable,No,Not Applicable,556,UPI,20,4.2,3.5
2024-07-22 03:45:00,CNR7874748306,Driver Not Found,CID236800,Bike,Shivajinagar,Bannerghatta Road,,,Not Applicable,Not Applicable,Not Applicable,Not Applicable,366,Not Applicable,0,,
2024-07-20 23:41:00,CNR9301970599,Success,CID542269,Prime Plus,JP Nagar,Vijayanagar,273.0,50.0,Not Applicable,Not Applicable,No,Not Applicable,159,UPI,48,3.0,4.5
2024-07-26 07:26:00,CNR3289190457,Success,CID694198,Prime Plus,Hulimavu,BTM Layout,56.0,110.0,Not Applicable,Not Applicable,No,Not Applicable,875,UPI,45,4.5,4.4
2024-07-13 07:05:00,CNR8188007168,Success,CID859048,Mini,Ulsoor,Bellandur,252.0,40.0,Not Applicable,Not Applicable,No,Not Applicable,204,Cash,10,4.9,3.1
2024-07-29 00:47:00,CNR1062227911,Driver Not Found,CID985241,Mini,Mysore Road,Tumkur Road,,,Not Applicable,Not Applicable,Not Applicable,Not Applicable,341,Not Applicable,0,,
2024-07-11 15:02:00,CNR8958346100,Success,CID482348,Prime Plus,Bannerghatta Road,Padmanabhanagar,119.0,65.0,Not Applicable,Not Applicable,No,Not Applicable,603,Cash,7,4.1,3.4
2024-07-29 07:29:00,CNR7570709767,Driver Not Found,CID450591,Prime Sedan,Banashankari,Kengeri,,,Not Applicable,Not Applicable,Not Applicable,Not Applicable,595,Not Applicable,0,,
2024-07-10 23:33:00,CNR6518464365,Success,CID168416,eBike,Majestic,Malleshwaram,273.0,85.0,Not Applicable,Not Applicable,No,Not Applicable,408,UPI,19,4.2,3.2
2024-07-26 03:22:00,CNR2139068567,Success,CID431587,Auto,Yelahanka,Chickpet,189.0,115.0,Not Applicable,Not Applicable,No,Not Applicable,468,Cash,11,4.4,4.7
2024-07-20 01:39:00,CNR7731421568,Canceled by Driver,CID933543,eBike,Malleshwaram,Hennur,,,Not Applicable,Personal & Car related issue,Not Applicable,Not Applicable,240,Not Applicable,0,,
2024-07-23 15:50:00,CNR6729214510,Success,CID452553,Prime Plus,JP Nagar,Varthur,35.0,50.0,Not Applicable,Not Applicable,No,Not Applicable,129,UPI,46,3.9,3.9
2024-07-30 11:51:00,CNR7595031876,Success,CID125903,Prime Plus,Hulimavu,Tumkur Road,238.0,80.0,Not Applicable,Not Applicable,No,Not Applicable,185,Cash,15,3.2,3.4
2024-07-28 09:09:00,CNR9856092326,Success,CID664721,Prime SUV,Kengeri,Devanahalli,77.0,25.0,Not Applicable,Not Applicable,No,Not Applicable,713,Cash,49,3.0,4.0
2024-07-16 10:07:00,CNR4400660119,Success,CID229584,eBike,Ulsoor,Langford Town,238.0,70.0,Not Applicable,Not Applicable,No,Not Applicable,481,Cash,44,3.4,3.2
2024-07-14 01:45:00,CNR7136808452,Success,CID621314,Mini,JP Nagar,Peenya,217.0,70.0,Not Applicable,Not Applicable,No,Not Applicable,415,Cash,18,4.9,4.4
2024-07-29 10:45:00,CNR5615823235,Success,CID805757,eBike,Richmond Town,KR Puram,147.0,140.0,Not Applicable,Not Applicable,No,Not Applicable,640,Cash,24,4.4,5.0
2024-07-23 23:50:00,CNR4086816856,Success,CID590220,Bike,Frazer Town,Banashankari,273.0,140.0,Not Applicable,Not Applicable,No,Not Applicable,306,UPI,42,4.7,3.9
2024-07-18 08:10:00,CNR7771564076,Success,CID787311,Prime SUV,Hulimavu,Shantinagar,217.0,50.0,Not Applicable,Not Applicable,No,Not Applicable,280,Cash,11,4.0,3.8
2024-07-13 12:09:00,CNR2799761286,Success,CID315075,Prime Sedan,Ramamurthy Nagar,Basavanagudi,84.0,115.0,Not Applicable,Not Applicable,No,Not Applicable,738,Cash,38,3.2,3.9
2024-07-30 09:06:00,CNR8315777329,Success,CID489585,Prime Sedan,Chickpet,Shivajinagar,182.0,45.0,Not Applicable,Not Applicable,Yes,Vehicle Breakdown,249,UPI,36,4.4,4.1
2024-07-22 09:01:00,CNR6040054389,Success,CID324940,eBike,Bannerghatta Road,Hosur Road,280.0,30.0,Not Applicable,Not Applicable,No,Not Applicable,203,Cash,21,4.6,3.9
2024-07-03 17:03:00,CNR4744829745,Success,CID472203,Auto,Majestic,Kadugodi,301.0,115.0,Not Applicable,Not Applicable,No,Not Applicable,531,UPI,17,5.0,3.7
2024-07-01 03:14:00,CNR7180476758,Success,CID617800,Prime Plus,Devanahalli,RT Nagar,77.0,35.0,Not Applicable,Not Applicable,No,Not Applicable,816,UPI,6,4.4,3.7
2024-07-21 18:35:00,CNR5647142130,Success,CID709876,Mini,Hulimavu,Hulimavu,280.0,140.0,Not Applicable,Not Applicable,No,Not Applicable,208,Cash,26,3.1,4.7
2024-07-09 18:30:00,CNR3874159830,Success,CID197285,Auto,Basavanagudi,Yeshwanthpur,147.0,145.0,Not Applicable,Not Applicable,No,Not Applicable,140,Cash,7,3.0,4.1
2024-07-21 21:17:00,CNR7757178005,Canceled by Driver,CID852202,Auto,Tumkur Road,JP Nagar,,,Not Applicable,Personal & Car related issue,Not Applicable,Not Applicable,350,Not Applicable,0,,
2024-07-02 13:17:00,CNR6662417197,Success,CID417167,Prime Plus,Koramangala,Ramamurthy Nagar,196.0,85.0,Not Applicable,Not Applicable,No,Not Applicable,385,Cash,18,3.0,3.1
2024-07-22 06:40:00,CNR6765476543,Success,CID589943,Mini,Hebbal,RT Nagar,280.0,105.0,Not Applicable,Not Applicable,No,Not Applicable,330,UPI,33,3.5,3.8
2024-07-28 18:39:00,CNR3778259688,Success,CID287880,Prime SUV,Varthur,Hennur,259.0,55.0,Not Applicable,Not Applicable,No,Not Applicable,474,Cash,24,3.8,3.7
2024-07-18 00:01:00,CNR6135485226,Success,CID156253,Prime Sedan,Cox Town,Peenya,266.0,95.0,Not Applicable,Not Applicable,No,Not Applicable,823,Cash,42,3.5,4.2
2024-07-27 05:36:00,CNR1615908366,Driver Not Found,CID577676,Bike,Basavanagudi,Rajajinagar,,,Not Applicable,Not Applicable,Not Applicable,Not Applicable,499,Not Applicable,0,,
2024-07-20 16:15:00,CNR5786230207,Canceled by Driver,CID619125,Mini,Chickpet,JP Nagar,,,Not Applicable,Customer was coughing/sick,Not Applicable,Not Applicable,200,Not Applicable,0,,
2024-07-28 20:41:00,CNR3863405650,Success,CID856191,Mini,Magadi Road,Ramamurthy Nagar,231.0,110.0,Not Applicable,Not Applicable,No,Not Applicable,451,UPI,44,4.6,4.8
2024-07-19 02:35:00,CNR3933958923,Success,CID115178,Prime SUV,Frazer Town,Shivajinagar,98.0,60.0,Not Applicable,Not Applicable,No,Not Applicable,492,Cash,9,3.0,3.8
2024-07-01 04:23:00,CNR2034647622,Canceled by Customer,CID660075,Prime Plus,Indiranagar,Yelahanka,,,Driver asked to cancel,Not Applicable,Not Applicable,Not Applicable,254,Not Applicable,0,,
2024-07-19 10:01:00,CNR9008279600,Success,CID988945,Prime SUV,Tumkur Road,Vijayanagar,119.0,90.0,Not Applicable,Not Applicable,No,Not Applicable,169,UPI,4,3.5,3.9
2024-07-30 13:39:00,CNR6015659943,Success,CID832927,Mini,Frazer Town,Bellandur,280.0,50.0,Not Applicable,Not Applicable,No,Not Applicable,436,UPI,2,4.2,4.9
2024-07-25 18:10:00,CNR8645599218,Success,CID571536,Prime Sedan,Banashankari,Whitefield,273.0,85.0,Not Applicable,Not Applicable,No,Not Applicable,144,Cash,38,3.3,3.1
2024-07-03 03:55:00,CNR9274159168,Success,CID714613,Prime Plus,Indiranagar,HSR Layout,259.0,95.0,Not Applicable,Not Applicable,No,Not Applicable,896,Cash,29,3.8,4.3
2024-07-19 19:44:00,CNR7092755724,Success,CID274610,eBike,Majestic,Shivajinagar,49.0,135.0,Not Applicable,Not Applicable,No,Not Applicable,2275,UPI,30,4.2,3.5
2024-07-09 21:14:00,CNR4852668578,Success,CID581373,Auto,Whitefield,Nagarbhavi,189.0,115.0,Not Applicable,Not Applicable,Yes,Customer Demand,407,Cash,5,3.9,4.1
2024-07-14 20:18:00,CNR7424652526,Success,CID286130,Prime Plus,Indiranagar,Jayanagar,112.0,55.0,Not Applicable,Not Applicable,No,Not Applicable,136,UPI,47,4.4,4.1
2024-07-03 08:06:00,CNR7415662668,Success,CID426140,Auto,Whitefield,Majestic,168.0,110.0,Not Applicable,Not Applicable,Yes,Other Issue,106,UPI,1,4.9,5.0
2024-07-22 20:57:00,CNR6200465140,Driver Not Found,CID315827,Prime Plus,Shivajinagar,Kammanahalli,,,Not Applicable,Not Applicable,Not Applicable,Not Applicable,144,Not Applicable,0,,
2024-07-04 23:20:00,CNR7741555060,Canceled by Driver,CID684281,Prime Plus,Yelahanka,Bellandur,,,Not Applicable,Customer was coughing/sick,Not Applicable,Not Applicable,278,Not Applicable,0,,
2024-07-03 19:06:00,CNR9928730935,Success,CID842696,Prime Sedan,Shivajinagar,Malleshwaram,168.0,25.0,Not Applicable,Not Applicable,No,Not Applicable,1624,UPI,15,3.1,4.7
2024-07-01 15:18:00,CNR8822743873,Success,CID397872,Bike,Hennur,Ramamurthy Nagar,140.0,65.0,Not Applicable,Not Applicable,No,Not Applicable,139,UPI,35,4.1,3.9
2024-07-25 05:12:00,CNR4981703106,Canceled by Driver,CID629154,Prime Sedan,Hennur,Kadugodi,,,Not Applicable,More than permitted people in there,Not Applicable,Not Applicable,642,Not Applicable,0,,
2024-07-24 10:49:00,CNR2348843046,Success,CID841343,Auto,Kammanahalli,Rajajinagar,266.0,25.0,Not Applicable,Not Applicable,No,Not Applicable,470,UPI,8,3.3,3.0
2024-07-11 03:12:00,CNR7342688138,Canceled by Customer,CID641577,Mini,Kadugodi,Peenya,,,Driver is not moving towards pickup location,Not Applicable,Not Applicable,Not Applicable,884,Not Applicable,0,,
2024-07-03 03:49:00,CNR1851939390,Success,CID445758,eBike,Kadugodi,Rajarajeshwari Nagar,189.0,50.0,Not Applicable,Not Applicable,Yes,Vehicle Breakdown,471,Cash,6,3.9,3.4
2024-07-04 19:49:00,CNR7742388119,Canceled by Driver,CID315581,Mini,Yeshwanthpur,Mysore Road,,,Not Applicable,Customer related issue,Not Applicable,Not Applicable,1789,Not Applicable,0,,
2024-07-22 12:36:00,CNR3090978449,Driver Not Found,CID532780,Prime Sedan,Mysore Road,Padmanabhanagar,,,Not Applicable,Not Applicable,Not Applicable,Not Applicable,164,Not Applicable,0,,
2024-07-27 23:58:00,CNR7942213001,Success,CID695291,Prime Sedan,BTM Layout,Hebbal,63.0,65.0,Not Applicable,Not Applicable,No,Not Applicable,262,Debit Card,17,3.7,4.5
2024-07-12 01:10:00,CNR2203221967,Success,CID916201,Prime Plus,Langford Town,HSR Layout,189.0,120.0,Not Applicable,Not Applicable,No,Not Applicable,310,Cash,23,3.7,4.8
2024-07-14 14:29:00,CNR3881241806,Canceled by Driver,CID797984,Prime Sedan,Kadugodi,Peenya,,,Not Applicable,Personal & Car related issue,Not Applicable,Not Applicable,476,Not Applicable,0,,
2024-07-17 12:25:00,CNR4214422547,Success,CID914497,Mini,Hosur Road,Yeshwanthpur,35.0,50.0,Not Applicable,Not Applicable,No,Not Applicable,384,UPI,14,4.9,3.7
2024-07-22 02:45:00,CNR2660206398,Canceled by Customer,CID649180,Auto,Banashankari,Magadi Road,,,Wrong Address,Not Applicable,Not Applicable,Not Applicable,308,Not Applicable,0,,
2024-07-29 23:26:00,CNR3435992598,Success,CID369455,Prime Plus,Malleshwaram,Hosur Road,189.0,140.0,Not Applicable,Not Applicable,No,Not Applicable,217,Cash,9,3.0,4.6
2024-07-08 15:08:00,CNR4317069200,Canceled by Customer,CID386681,Prime Sedan,Peenya,Devanahalli,,,Driver is not moving towards pickup location,Not Applicable,Not Applicable,Not Applicable,141,Not Applicable,0,,
2024-07-15 12:15:00,CNR8746307653,Canceled by Driver,CID372955,Prime Plus,Jayanagar,Hennur,,,Not Applicable,Personal & Car related issue,Not Applicable,Not Applicable,317,Not Applicable,0,,
2024-07-21 10:10:00,CNR7816409589,Canceled by Driver,CID347361,Auto,Ramamurthy Nagar,Kadugodi,,,Not Applicable,Customer was coughing/sick,Not Applicable,Not Applicable,541,Not Applicable,0,,
2024-07-15 09:02:00,CNR6649891507,Success,CID636148,Bike,Sarjapur Road,Banashankari,161.0,85.0,Not Applicable,Not Applicable,No,Not Applicable,316,UPI,9,3.3,4.8
2024-07-01 04:48:00,CNR3302032460,Success,CID362688,eBike,Majestic,Electronic City,56.0,100.0,Not Applicable,Not Applicable,Yes,Vehicle Breakdown,142,Cash,3,4.0,4.8
2024-07-11 21:14:00,CNR8650802526,Success,CID405818,Mini,Malleshwaram,Peenya,308.0,70.0,Not Applicable,Not Applicable,No,Not Applicable,344,UPI,46,3.6,4.9
2024-07-08 22:28:00,CNR1867757073,Canceled by Driver,CID377138,Bike,KR Puram,Hulimavu,,,Not Applicable,Personal & Car related issue,Not Applicable,Not Applicable,446,Not Applicable,0,,
2024-07-07 07:34:00,CNR5915677702,Success,CID231242,Prime SUV,Devanahalli,Hebbal,133.0,35.0,Not Applicable,Not Applicable,Yes,Vehicle Breakdown,348,Cash,23,3.1,3.2
2024-07-24 13:14:00,CNR8006342991,Canceled by Customer,CID929440,Prime SUV,Hosur Road,Banashankari,,,Driver is not moving towards pickup location,Not Applicable,Not Applicable,Not Applicable,154,Not Applicable,0,,
2024-07-23 12:03:00,CNR8361580268,Success,CID499245,Prime SUV,Langford Town,Yeshwanthpur,301.0,75.0,Not Applicable,Not Applicable,No,Not Applicable,672,Cash,28,4.8,5.0
2024-07-29 17:18:00,CNR4400603370,Success,CID606321,Prime SUV,Jayanagar,Basavanagudi,70.0,105.0,Not Applicable,Not Applicable,No,Not Applicable,394,Cash,2,3.9,4.7
2024-07-29 07:58:00,CNR9945300043,Success,CID761827,Prime Sedan,Ulsoor,Hebbal,196.0,75.0,Not Applicable,Not Applicable,No,Not Applicable,428,Cash,8,4.2,4.0
2024-07-24 03:19:00,CNR2591543437,Success,CID811691,Auto,Shivajinagar,Koramangala,105.0,60.0,Not Applicable,Not Applicable,No,Not Applicable,464,UPI,15,4.2,4.0
2024-07-29 21:48:00,CNR1223615644,Success,CID940262,Bike,Hulimavu,Whitefield,98.0,60.0,Not Applicable,Not Applicable,No,Not Applicable,430,UPI,2,4.6,3.9
2024-07-18 10:27:00,CNR1892435082,Success,CID196934,eBike,Yelahanka,Marathahalli,294.0,55.0,Not Applicable,Not Applicable,No,Not Applicable,269,Cash,7,4.0,3.1
2024-07-07 03:13:00,CNR1447857347,Success,CID207382,Prime Plus,Whitefield,Hebbal,224.0,105.0,Not Applicable,Not Applicable,No,Not Applicable,265,UPI,44,4.1,3.2
2024-07-27 12:26:00,CNR3127529067,Success,CID381189,eBike,Hosur Road,Koramangala,301.0,110.0,Not Applicable,Not Applicable,No,Not Applicable,296,UPI,48,4.6,3.7
2024-07-06 22:02:00,CNR3842545465,Canceled by Driver,CID994678,Prime SUV,Bellandur,Chickpet,,,Not Applicable,Personal & Car related issue,Not Applicable,Not Applicable,442,Not Applicable,0,,
2024-07-30 01:02:00,CNR9144375251,Success,CID845610,Prime SUV,JP Nagar,Whitefield,112.0,25.0,Not Applicable,Not Applicable,No,Not Applicable,583,UPI,30,4.3,3.4
2024-07-08 16:27:00,CNR1071311246,Success,CID486810,Auto,Bellandur,Nagarbhavi,280.0,140.0,Not Applicable,Not Applicable,No,Not Applicable,184,Cash,14,3.5,3.3
2024-07-07 15:14:00,CNR3854440686,Canceled by Driver,CID619984,Prime Plus,Sarjapur Road,Varthur,,,Not Applicable,More than permitted people in there,Not Applicable,Not Applicable,383,Not Applicable,0,,
2024-07-11 00:46:00,CNR3360651793,Success,CID700660,Mini,Kammanahalli,Hosur Road,224.0,105.0,Not Applicable,Not Applicable,No,Not Applicable,126,UPI,30,4.8,3.6
2024-07-23 08:13:00,CNR6196840589,Canceled by Driver,CID648655,Auto,Sarjapur Road,RT Nagar,,,Not Applicable,Personal & Car related issue,Not Applicable,Not Applicable,2172,Not Applicable,0,,
2024-07-19 20:21:00,CNR3105420211,Canceled by Customer,CID464290,eBike,Richmond Town,Sahakar Nagar,,,Driver is not moving towards pickup location,Not Applicable,Not Applicable,Not Applicable,489,Not Applicable,0,,
2024-07-01 06:04:00,CNR6003869618,Canceled by Driver,CID183740,Prime Sedan,Indiranagar,MG Road,,,Not Applicable,Customer related issue,Not Applicable,Not Applicable,923,Not Applicable,0,,
2024-07-27 21:14:00,CNR4898220560,Canceled by Customer,CID862061,Prime Plus,Ramamurthy Nagar,Sarjapur Road,,,Change of plans,Not Applicable,Not Applicable,Not Applicable,136,Not Applicable,0,,
2024-07-30 08:32:00,CNR1660905663,Canceled by Driver,CID818977,Prime SUV,Yeshwanthpur,Cox Town,,,Not Applicable,Customer was coughing/sick,Not Applicable,Not Applicable,415,Not Applicable,0,,
2024-07-01 20:37:00,CNR6530017353,Success,CID586396,Auto,Frazer Town,Padmanabhanagar,119.0,105.0,Not Applicable,Not Applicable,No,Not Applicable,104,Cash,10,4.4,3.0
2024-07-05 23:11:00,CNR8593727258,Success,CID808721,Mini,Hebbal,KR Puram,217.0,130.0,Not Applicable,Not Applicable,No,Not Applicable,495,UPI,32,3.8,4.3
2024-07-26 00:19:00,CNR5912142999,Success,CID199810,Prime Sedan,Magadi Road,Koramangala,182.0,140.0,Not Applicable,Not Applicable,Yes,Other Issue,442,UPI,19,4.1,3.2
2024-07-14 15:11:00,CNR3128769772,Success,CID646714,Prime Plus,MG Road,Rajarajeshwari Nagar,112.0,120.0,Not Applicable,Not Applicable,No,Not Applicable,360,Cash,33,4.4,3.8
2024-07-18 17:30:00,CNR5675145742,Success,CID152221,eBike,Vijayanagar,Varthur,168.0,100.0,Not Applicable,Not Applicable,No,Not Applicable,390,Cash,47,3.9,4.4
2024-07-08 05:39:00,CNR6136013455,Success,CID186389,Prime Plus,Kengeri,Mysore Road,231.0,145.0,Not Applicable,Not Applicable,Yes,Vehicle Breakdown,528,UPI,30,3.1,3.3
2024-07-18 17:03:00,CNR9279042222,Success,CID206164,Auto,Varthur,Hennur,140.0,45.0,Not Applicable,Not Applicable,No,Not Applicable,635,UPI,10,4.7,4.6
2024-07-26 15:58:00,CNR2271715262,Success,CID247387,Prime Plus,BTM Layout,Rajajinagar,294.0,40.0,Not Applicable,Not Applicable,No,Not Applicable,2564,UPI,29,3.0,4.4
2024-07-19 17:54:00,CNR2207356983,Success,CID383396,Bike,Electronic City,Cox Town,203.0,40.0,Not Applicable,Not Applicable,No,Not Applicable,2634,Credit Card,8,4.6,3.7
2024-07-08 11:52:00,CNR3508495395,Canceled by Driver,CID519433,Mini,Majestic,Rajajinagar,,,Not Applicable,Customer was coughing/sick,Not Applicable,Not Applicable,461,Not Applicable,0,,
2024-07-27 05:37:00,CNR9491641568,Success,CID885057,Prime SUV,KR Puram,Kammanahalli,91.0,105.0,Not Applicable,Not Applicable,No,Not Applicable,593,Cash,41,3.5,4.5
2024-07-20 20:04:00,CNR9207998552,Canceled by Driver,CID743074,Prime Sedan,Padmanabhanagar,KR Puram,,,Not Applicable,More than permitted people in there,Not Applicable,Not Applicable,498,Not Applicable,0,,
2024-07-16 13:31:00,CNR5685133524,Success,CID234704,Auto,Rajarajeshwari Nagar,Yeshwanthpur,84.0,80.0,Not Applicable,Not Applicable,No,Not Applicable,158,Cash,2,4.0,4.6
2024-07-03 11:11:00,CNR4698551505,Success,CID599011,Mini,Richmond Town,KR Puram,133.0,85.0,Not Applicable,Not Applicable,No,Not Applicable,370,Cash,20,3.0,4.9
2024-07-06 19:51:00,CNR9621073211,Canceled by Driver,CID278461,Mini,Chickpet,Kadugodi,,,Not Applicable,Personal & Car related issue,Not Applicable,Not Applicable,588,Not Applicable,0,,
2024-07-18 01:28:00,CNR3841137748,Success,CID929394,Mini,Ramamurthy Nagar,Ramamurthy Nagar,266.0,120.0,Not Applicable,Not Applicable,No,Not Applicable,191,UPI,47,4.1,4.9
2024-07-14 01:36:00,CNR6228554757,Canceled by Driver,CID523073,Bike,Rajajinagar,Rajajinagar,,,Not Applicable,Customer was coughing/sick,Not Applicable,Not Applicable,280,Not Applicable,0,,
2024-07-16 06:24:00,CNR4472468566,Success,CID719374,eBike,MG Road,Bannerghatta Road,252.0,75.0,Not Applicable,Not Applicable,No,Not Applicable,875,Cash,35,3.6,4.6
2024-07-01 18:52:00,CNR2899208969,Canceled by Driver,CID562126,Auto,Varthur,Hulimavu,,,Not Applicable,Customer was coughing/sick,Not Applicable,Not Applicable,230,Not Applicable,0,,
2024-07-29 17:58:00,CNR5778471059,Canceled by Driver,CID570870,Prime SUV,Hennur,Hosur Road,,,Not Applicable,Customer related issue,Not Applicable,Not Applicable,1969,Not Applicable,0,,
2024-07-01 06:11:00,CNR6082241010,Canceled by Driver,CID165122,eBike,Yelahanka,Koramangala,,,Not Applicable,Personal & Car related issue,Not Applicable,Not Applicable,2641,Not Applicable,0,,
2024-07-02 23:41:00,CNR2143978702,Success,CID686584,Bike,JP Nagar,Koramangala,112.0,115.0,Not Applicable,Not Applicable,No,Not Applicable,272,Cash,40,3.5,4.0
2024-07-13 04:13:00,CNR3261680864,Driver Not Found,CID339278,Prime SUV,JP Nagar,Banashankari,,,Not Applicable,Not Applicable,Not Applicable,Not Applicable,174,Not Applicable,0,,
2024-07-22 05:08:00,CNR3116976733,Success,CID143150,Prime Sedan,Chickpet,Sarjapur Road,245.0,85.0,Not Applicable,Not Applicable,No,Not Applicable,267,UPI,5,3.4,3.1
2024-07-08 15:47:00,CNR9243870610,Success,CID698648,Mini,Indiranagar,Kadugodi,119.0,125.0,Not Applicable,Not Applicable,No,Not Applicable,889,UPI,36,3.5,4.2
2024-07-04 08:01:00,CNR5536853548,Success,CID422097,Auto,Cox Town,BTM Layout,56.0,50.0,Not Applicable,Not Applicable,No,Not Applicable,146,Cash,7,4.7,4.8
2024-07-19 17:53:00,CNR7933045165,Success,CID886660,Auto,Sarjapur Road,Hosur Road,224.0,145.0,Not Applicable,Not Applicable,No,Not Applicable,233,Cash,13,4.1,3.1
2024-07-06 03:08:00,CNR6572134071,Success,CID299525,Prime Plus,Ramamurthy Nagar,RT Nagar,63.0,75.0,Not Applicable,Not Applicable,No,Not Applicable,2133,Cash,25,3.9,4.3
2024-07-22 20:47:00,CNR5544593186,Success,CID905605,Auto,Shantinagar,Chamarajpet,140.0,75.0,Not Applicable,Not Applicable,No,Not Applicable,400,Credit Card,17,3.0,3.1
2024-07-09 03:22:00,CNR8393367683,Canceled by Driver,CID484795,Mini,Shantinagar,Hosur Road,,,Not Applicable,Personal & Car related issue,Not Applicable,Not Applicable,624,Not Applicable,0,,
2024-07-15 20:55:00,CNR2889266252,Canceled by Driver,CID907422,Bike,Sahakar Nagar,Mysore Road,,,Not Applicable,Personal & Car related issue,Not Applicable,Not Applicable,632,Not Applicable,0,,
2024-07-21 03:08:00,CNR9539298402,Canceled by Customer,CID859350,Auto,Bellandur,Yelahanka,,,Driver asked to cancel,Not Applicable,Not Applicable,Not Applicable,156,Not Applicable,0,,
2024-07-28 04:09:00,CNR2605398932,Success,CID294041,eBike,Hebbal,Ulsoor,238.0,50.0,Not Applicable,Not Applicable,No,Not Applicable,552,Credit Card,33,4.4,3.5
2024-07-05 04:16:00,CNR3589361227,Success,CID637403,Prime Sedan,Jayanagar,Devanahalli,119.0,60.0,Not Applicable,Not Applicable,No,Not Applicable,1362,UPI,12,3.2,4.0
2024-07-10 09:48:00,CNR6654731352,Success,CID642875,Prime Plus,Chickpet,Vijayanagar,301.0,85.0,Not Applicable,Not Applicable,No,Not Applicable,440,Cash,44,4.1,4.9
2024-07-10 12:54:00,CNR7483173699,Driver Not Found,CID578979,Bike,Shantinagar,Chamarajpet,,,Not Applicable,Not Applicable,Not Applicable,Not Applicable,284,Not Applicable,0,,
2024-07-18 12:36:00,CNR4459184772,Canceled by Driver,CID518239,eBike,Chamarajpet,Frazer Town,,,Not Applicable,Customer was coughing/sick,Not Applicable,Not Applicable,393,Not Applicable,0,,
2024-07-07 11:23:00,CNR3871733945,Canceled by Customer,CID915443,Prime Plus,Ramamurthy Nagar,Richmond Town,,,Driver asked to cancel,Not Applicable,Not Applicable,Not Applicable,316,Not Applicable,0,,
2024-07-17 00:29:00,CNR9443437770,Canceled by Customer,CID392581,Bike,Ramamurthy Nagar,Sahakar Nagar,,,Change of plans,Not Applicable,Not Applicable,Not Applicable,319,Not Applicable,0,,
2024-07-21 15:52:00,CNR4568653565,Canceled by Customer,CID840957,Mini,Shantinagar,Vijayanagar,,,Driver asked to cancel,Not Applicable,Not Applicable,Not Applicable,290,Not Applicable,0,,
2024-07-16 10:29:00,CNR2284033078,Success,CID845919,Prime Plus,Tumkur Road,Vijayanagar,203.0,55.0,Not Applicable,Not Applicable,No,Not Applicable,566,Cash,46,3.8,3.5
2024-07-20 12:21:00,CNR3536794446,Success,CID589898,Auto,Bellandur,Jayanagar,140.0,145.0,Not Applicable,Not Applicable,No,Not Applicable,436,Cash,6,3.8,3.7
2024-07-12 03:48:00,CNR4657724918,Success,CID692222,Prime Plus,Tumkur Road,Ulsoor,105.0,95.0,Not Applicable,Not Applicable,No,Not Applicable,312,UPI,9,4.5,3.1
2024-07-03 12:03:00,CNR5708862413,Success,CID424339,Mini,Basavanagudi,Langford Town,49.0,70.0,Not Applicable,Not Applicable,No,Not Applicable,960,Cash,28,3.3,4.5
2024-07-17 02:05:00,CNR6781715789,Success,CID223676,Prime Plus,Whitefield,Padmanabhanagar,238.0,45.0,Not Applicable,Not Applicable,No,Not Applicable,919,Cash,46,3.5,4.0
2024-07-16 14:43:00,CNR4689483805,Success,CID911207,Bike,Ulsoor,Ramamurthy Nagar,273.0,70.0,Not Applicable,Not Applicable,No,Not Applicable,483,Credit Card,22,3.7,3.1
2024-07-07 01:37:00,CNR5686788119,Canceled by Driver,CID860020,eBike,Bellandur,Majestic,,,Not Applicable,Customer related issue,Not Applicable,Not Applicable,703,Not Applicable,0,,
2024-07-24 05:01:00,CNR7839085629,Success,CID782595,Mini,Devanahalli,Ramamurthy Nagar,238.0,45.0,Not Applicable,Not Applicable,No,Not Applicable,285,Cash,9,3.9,4.4
2024-07-25 19:07:00,CNR7849618934,Success,CID532326,eBike,MG Road,Kammanahalli,42.0,40.0,Not Applicable,Not Applicable,No,Not Applicable,873,Cash,28,4.6,4.8
2024-07-08 19:30:00,CNR7757335798,Success,CID233150,Prime Plus,Marathahalli,Ulsoor,231.0,140.0,Not Applicable,Not Applicable,No,Not Applicable,480,Cash,49,3.6,4.2
2024-07-17 21:03:00,CNR9992681437,Success,CID508875,Prime Plus,Chamarajpet,Devanahalli,203.0,105.0,Not Applicable,Not Applicable,No,Not Applicable,211,Cash,22,3.8,4.5
2024-07-21 12:31:00,CNR8583437805,Canceled by Driver,CID303407,Mini,Basavanagudi,Kadugodi,,,Not Applicable,Personal & Car related issue,Not Applicable,Not Applicable,582,Not Applicable,0,,
2024-07-08 22:37:00,CNR8116590404,Canceled by Driver,CID447386,Prime Sedan,Devanahalli,Devanahalli,,,Not Applicable,More than permitted people in there,Not Applicable,Not Applicable,426,Not Applicable,0,,
2024-07-29 13:31:00,CNR7506202951,Canceled by Customer,CID259942,Prime Plus,Basavanagudi,Nagarbhavi,,,Driver is not moving towards pickup location,Not Applicable,Not Applicable,Not Applicable,987,Not Applicable,0,,
2024-07-25 15:23:00,CNR9328669296,Success,CID167781,Bike,Sahakar Nagar,Bannerghatta Road,119.0,60.0,Not Applicable,Not Applicable,No,Not Applicable,276,UPI,16,4.8,3.5
2024-07-17 16:19:00,CNR9493781256,Success,CID864568,Auto,Sarjapur Road,Banashankari,280.0,35.0,Not Applicable,Not Applicable,No,Not Applicable,167,UPI,5,3.6,4.8
2024-07-14 18:28:00,CNR2762467538,Success,CID634876,Prime Plus,Langford Town,Whitefield,301.0,75.0,Not Applicable,Not Applicable,No,Not Applicable,167,UPI,13,4.1,3.7
2024-07-07 07:52:00,CNR5495333849,Success,CID662201,Prime Sedan,Whitefield,Kammanahalli,77.0,145.0,Not Applicable,Not Applicable,No,Not Applicable,837,Cash,25,3.8,4.6
2024-07-19 07:21:00,CNR8020216687,Success,CID549265,Bike,Majestic,Bannerghatta Road,189.0,125.0,Not Applicable,Not Applicable,No,Not Applicable,140,UPI,20,3.9,4.2
2024-07-05 01:59:00,CNR1159213859,Canceled by Driver,CID759588,Prime Plus,Hulimavu,Padmanabhanagar,,,Not Applicable,More than permitted people in there,Not Applicable,Not Applicable,389,Not Applicable,0,,
2024-07-17 04:18:00,CNR3513930584,Success,CID905980,eBike,MG Road,Bannerghatta Road,133.0,125.0,Not Applicable,Not Applicable,No,Not Applicable,161,UPI,39,4.5,4.5
2024-07-18 02:59:00,CNR5897695483,Success,CID601560,Auto,Chickpet,Kadugodi,266.0,145.0,Not Applicable,Not Applicable,No,Not Applicable,561,UPI,9,4.0,4.3
2024-07-01 04:15:00,CNR6053066187,Success,CID916381,eBike,Koramangala,KR Puram,161.0,60.0,Not Applicable,Not Applicable,No,Not Applicable,358,Cash,7,4.8,4.5
2024-07-03 22:33:00,CNR8539012752,Success,CID151805,Prime SUV,Frazer Town,Yelahanka,238.0,65.0,Not Applicable,Not Applicable,No,Not Applicable,2433,UPI,41,4.8,3.7
2024-07-17 05:51:00,CNR6882783691,Canceled by Driver,CID333524,Bike,Vijayanagar,Devanahalli,,,Not Applicable,Customer was coughing/sick,Not Applicable,Not Applicable,151,Not Applicable,0,,
2024-07-01 09:40:00,CNR8533362036,Canceled by Customer,CID645712,Mini,Bannerghatta Road,KR Puram,,,Change of plans,Not Applicable,Not Applicable,Not Applicable,846,Not Applicable,0,,
2024-07-30 13:51:00,CNR3890763118,Success,CID714441,eBike,Majestic,Magadi Road,98.0,75.0,Not Applicable,Not Applicable,No,Not Applicable,173,UPI,16,4.9,4.8
2024-07-28 19:43:00,CNR6357384461,Canceled by Driver,CID851470,eBike,Magadi Road,Langford Town,,,Not Applicable,Personal & Car related issue,Not Applicable,Not Applicable,409,Not Applicable,0,,
2024-07-18 11:53:00,CNR5075837526,Success,CID239367,Prime SUV,Padmanabhanagar,Bannerghatta Road,119.0,30.0,Not Applicable,Not Applicable,No,Not Applicable,234,UPI,9,4.2,3.2
2024-07-18 08:45:00,CNR4655218688,Driver Not Found,CID981360,Prime Plus,Vijayanagar,Bellandur,,,Not Applicable,Not Applicable,Not Applicable,Not Applicable,184,Not Applicable,0,,
2024-07-12 10:34:00,CNR5282856612,Success,CID258758,Auto,Chamarajpet,Padmanabhanagar,84.0,40.0,Not Applicable,Not Applicable,No,Not Applicable,310,UPI,13,4.6,4.3
2024-07-03 18:39:00,CNR2448792220,Success,CID484175,Prime SUV,Yelahanka,Bellandur,84.0,65.0,Not Applicable,Not Applicable,No,Not Applicable,344,Cash,30,3.7,3.6
2024-07-01 22:57:00,CNR8450510660,Success,CID285521,Prime Plus,MG Road,Rajajinagar,112.0,130.0,Not Applicable,Not Applicable,No,Not Applicable,861,UPI,42,4.1,4.4
2024-07-25 21:44:00,CNR8701670606,Success,CID589343,Bike,Jayanagar,Devanahalli,210.0,55.0,Not Applicable,Not Applicable,No,Not Applicable,349,UPI,37,4.8,3.5
2024-07-30 02:20:00,CNR9059078161,Success,CID983667,Bike,Electronic City,Marathahalli,105.0,100.0,Not Applicable,Not Applicable,No,Not Applicable,838,UPI,28,3.2,4.2
2024-07-16 10:29:00,CNR2155906894,Success,CID864488,Prime Plus,Banashankari,Kammanahalli,301.0,60.0,Not Applicable,Not Applicable,No,Not Applicable,136,Cash,24,4.6,3.2
2024-07-03 15:04:00,CNR4554951605,Success,CID799564,Prime Plus,BTM Layout,Rajajinagar,252.0,115.0,Not Applicable,Not Applicable,No,Not Applicable,390,UPI,28,4.6,4.6
2024-07-29 13:13:00,CNR3368157689,Success,CID304924,Prime Plus,Tumkur Road,Kadugodi,126.0,110.0,Not Applicable,Not Applicable,No,Not Applicable,2520,UPI,28,3.1,3.8
2024-07-23 22:17:00,CNR5419103175,Canceled by Driver,CID111301,eBike,Richmond Town,Mysore Road,,,Not Applicable,Personal & Car related issue,Not Applicable,Not Applicable,232,Not Applicable,0,,
2024-07-15 01:50:00,CNR4872030239,Success,CID398780,eBike,Jayanagar,Kammanahalli,182.0,25.0,Not Applicable,Not Applicable,No,Not Applicable,575,UPI,41,4.4,3.4
2024-07-06 06:56:00,CNR3178035486,Driver Not Found,CID892770,Prime Plus,Koramangala,Bellandur,,,Not Applicable,Not Applicable,Not Applicable,Not Applicable,695,Not Applicable,0,,
2024-07-03 14:13:00,CNR6803998186,Success,CID826038,Bike,Marathahalli,Langford Town,308.0,105.0,Not Applicable,Not Applicable,No,Not Applicable,665,Credit Card,42,3.1,3.6
2024-07-04 03:48:00,CNR8386499569,Success,CID930540,Auto,Shantinagar,Mysore Road,112.0,120.0,Not Applicable,Not Applicable,No,Not Applicable,345,Cash,3,3.8,4.0
2024-07-29 06:53:00,CNR3315477406,Driver Not Found,CID389806,Bike,Hulimavu,Vijayanagar,,,Not Applicable,Not Applicable,Not Applicable,Not Applicable,116,Not Applicable,0,,
2024-07-12 04:18:00,CNR9232161492,Canceled by Driver,CID694741,eBike,Devanahalli,Jayanagar,,,Not Applicable,Personal & Car related issue,Not Applicable,Not Applicable,268,Not Applicable,0,,
2024-07-04 04:50:00,CNR6485240294,Success,CID383707,Prime Sedan,Malleshwaram,Kengeri,56.0,60.0,Not Applicable,Not Applicable,No,Not Applicable,470,Cash,37,4.7,4.7
2024-07-07 22:27:00,CNR1251233544,Success,CID240061,Prime Sedan,Hulimavu,Banashankari,77.0,105.0,Not Applicable,Not Applicable,Yes,Vehicle Breakdown,879,UPI,10,4.9,3.9
2024-07-17 20:41:00,CNR7365727080,Success,CID947025,Auto,Yeshwanthpur,Chickpet,56.0,90.0,Not Applicable,Not Applicable,No,Not Applicable,178,Cash,16,3.3,4.9
2024-07-11 02:27:00,CNR4346099290,Canceled by Driver,CID217066,Prime Sedan,Jayanagar,Richmond Town,,,Not Applicable,Personal & Car related issue,Not Applicable,Not Applicable,231,Not Applicable,0,,
2024-07-29 14:09:00,CNR2628918273,Success,CID495072,Auto,Koramangala,Chickpet,301.0,70.0,Not Applicable,Not Applicable,No,Not Applicable,172,Cash,6,3.4,4.8
2024-07-17 03:39:00,CNR7983641108,Driver Not Found,CID593035,Mini,Ulsoor,Malleshwaram,,,Not Applicable,Not Applicable,Not Applicable,Not Applicable,865,Not Applicable,0,,
2024-07-14 13:28:00,CNR3512283363,Canceled by Driver,CID421548,Auto,Langford Town,Basavanagudi,,,Not Applicable,More than permitted people in there,Not Applicable,Not Applicable,518,Not Applicable,0,,
2024-07-03 16:29:00,CNR8749525217,Success,CID166981,Auto,HSR Layout,Ramamurthy Nagar,266.0,35.0,Not Applicable,Not Applicable,No,Not Applicable,678,Cash,1,3.6,3.5
2024-07-22 22:32:00,CNR1885077356,Success,CID210500,Prime Plus,KR Puram,Hulimavu,224.0,130.0,Not Applicable,Not Applicable,Yes,Vehicle Breakdown,423,UPI,22,3.7,3.5
2024-07-10 05:52:00,CNR3523563730,Success,CID706816,eBike,Marathahalli,Ulsoor,70.0,85.0,Not Applicable,Not Applicable,No,Not Applicable,1429,UPI,14,4.2,4.6
2024-07-21 21:41:00,CNR7592967064,Success,CID714435,Prime SUV,Kadugodi,Kadugodi,210.0,95.0,Not Applicable,Not Applicable,No,Not Applicable,274,UPI,42,4.6,4.9
2024-07-12 06:36:00,CNR1388647772,Success,CID212704,eBike,Whitefield,Ulsoor,42.0,50.0,Not Applicable,Not Applicable,No,Not Applicable,412,Cash,34,4.2,4.0
2024-07-13 03:49:00,CNR8310761845,Canceled by Customer,CID315128,Prime Sedan,Ulsoor,Shantinagar,,,AC is Not working,Not Applicable,Not Applicable,Not Applicable,2724,Not Applicable,0,,
2024-07-17 23:56:00,CNR3400204320,Success,CID313939,eBike,RT Nagar,Yeshwanthpur,154.0,130.0,Not Applicable,Not Applicable,No,Not Applicable,107,Cash,23,4.8,3.1
2024-07-29 15:34:00,CNR9878641675,Driver Not Found,CID647377,Prime Sedan,BTM Layout,Indiranagar,,,Not Applicable,Not Applicable,Not Applicable,Not Applicable,292,Not Applicable,0,,
2024-07-21 12:21:00,CNR6516409771,Canceled by Driver,CID408947,Mini,Nagarbhavi,Magadi Road,,,Not Applicable,Customer was coughing/sick,Not Applicable,Not Applicable,363,Not Applicable,0,,
2024-07-30 05:45:00,CNR8388576370,Canceled by Driver,CID336229,Prime SUV,Yeshwanthpur,Hosur Road,,,Not Applicable,Personal & Car related issue,Not Applicable,Not Applicable,515,Not Applicable,0,,
2024-07-05 08:00:00,CNR6295831366,Driver Not Found,CID801983,Prime Sedan,Marathahalli,Tumkur Road,,,Not Applicable,Not Applicable,Not Applicable,Not Applicable,218,Not Applicable,0,,
2024-07-18 18:21:00,CNR1482868537,Driver Not Found,CID630400,Prime SUV,Frazer Town,Chamarajpet,,,Not Applicable,Not Applicable,Not Applicable,Not Applicable,394,Not Applicable,0,,
2024-07-05 18:00:00,CNR7502288702,Success,CID451127,Prime SUV,Sarjapur Road,Hulimavu,217.0,145.0,Not Applicable,Not Applicable,No,Not Applicable,2228,UPI,4,3.3,3.8
2024-07-05 01:01:00,CNR2183775645,Driver Not Found,CID306323,Prime Plus,Devanahalli,MG Road,,,Not Applicable,Not Applicable,Not Applicable,Not Applicable,189,Not Applicable,0,,
2024-07-26 09:49:00,CNR5394396958,Canceled by Driver,CID645901,Prime Plus,Frazer Town,Malleshwaram,,,Not Applicable,Customer related issue,Not Applicable,Not Applicable,2002,Not Applicable,0,,
2024-07-23 13:17:00,CNR7728593989,Success,CID546226,Auto,JP Nagar,Malleshwaram,126.0,95.0,Not Applicable,Not Applicable,No,Not Applicable,1806,Cash,8,3.6,3.8
2024-07-23 08:26:00,CNR1584004256,Success,CID248111,Prime Plus,Hebbal,Bannerghatta Road,210.0,80.0,Not Applicable,Not Applicable,No,Not Applicable,327,UPI,38,4.9,4.2
2024-07-11 20:38:00,CNR2324346968,Success,CID802334,Prime Sedan,Padmanabhanagar,Chickpet,217.0,55.0,Not Applicable,Not Applicable,No,Not Applicable,206,Cash,7,3.5,3.0
2024-07-28 02:19:00,CNR7695758231,Success,CID220316,Bike,Koramangala,RT Nagar,77.0,120.0,Not Applicable,Not Applicable,No,Not Applicable,1709,UPI,30,4.0,4.7
2024-07-19 07:54:00,CNR8519865810,Success,CID473026,eBike,Magadi Road,Kengeri,224.0,110.0,Not Applicable,Not Applicable,No,Not Applicable,945,Cash,30,4.4,4.3
2024-07-21 10:35:00,CNR5590922178,Success,CID928569,Bike,KR Puram,Yeshwanthpur,203.0,75.0,Not Applicable,Not Applicable,No,Not Applicable,996,Debit Card,34,4.5,3.5
2024-07-07 04:00:00,CNR1781993080,Driver Not Found,CID592943,Auto,Electronic City,Shantinagar,,,Not Applicable,Not Applicable,Not Applicable,Not Applicable,758,Not Applicable,0,,
2024-07-17 17:05:00,CNR7511426311,Canceled by Customer,CID137100,Prime SUV,BTM Layout,Chamarajpet,,,AC is Not working,Not Applicable,Not Applicable,Not Applicable,246,Not Applicable,0,,
2024-07-26 00:53:00,CNR2062313155,Success,CID903001,Prime SUV,Kammanahalli,Yeshwanthpur,161.0,35.0,Not Applicable,Not Applicable,No,Not Applicable,174,Cash,38,3.7,4.7
2024-07-29 17:08:00,CNR1173401470,Canceled by Customer,CID722529,Mini,Whitefield,Sahakar Nagar,,,Change of plans,Not Applicable,Not Applicable,Not Applicable,442,Not Applicable,0,,
2024-07-10 00:59:00,CNR3899937230,Success,CID741334,Auto,Vijayanagar,Nagarbhavi,140.0,110.0,Not Applicable,Not Applicable,No,Not Applicable,1909,Cash,14,4.4,3.1
2024-07-28 15:43:00,CNR7270556253,Canceled by Driver,CID802574,Mini,Chickpet,Basavanagudi,,,Not Applicable,Customer related issue,Not Applicable,Not Applicable,425,Not Applicable,0,,
2024-07-23 15:29:00,CNR2279064326,Canceled by Customer,CID575761,Prime Sedan,Nagarbhavi,Peenya,,,Driver asked to cancel,Not Applicable,Not Applicable,Not Applicable,975,Not Applicable,0,,
2024-07-11 19:30:00,CNR6498138137,Driver Not Found,CID290038,eBike,Yelahanka,Sahakar Nagar,,,Not Applicable,Not Applicable,Not Applicable,Not Applicable,423,Not Applicable,0,,
2024-07-06 09:06:00,CNR8232757117,Driver Not Found,CID965893,Prime SUV,HSR Layout,KR Puram,,,Not Applicable,Not Applicable,Not Applicable,Not Applicable,349,Not Applicable,0,,
2024-07-26 06:53:00,CNR7313344312,Success,CID552270,Mini,JP Nagar,Chamarajpet,112.0,60.0,Not Applicable,Not Applicable,No,Not Applicable,298,UPI,48,4.1,4.2
2024-07-19 01:05:00,CNR1348122144,Driver Not Found,CID785474,Auto,Ramamurthy Nagar,Bellandur,,,Not Applicable,Not Applicable,Not Applicable,Not Applicable,870,Not Applicable,0,,
2024-07-11 23:44:00,CNR2602031468,Success,CID594562,Prime Plus,Kadugodi,Yeshwanthpur,238.0,45.0,Not Applicable,Not Applicable,No,Not Applicable,361,UPI,22,4.7,4.5
2024-07-21 01:27:00,CNR5807179528,Success,CID658849,Mini,Richmond Town,Peenya,231.0,50.0,Not Applicable,Not Applicable,No,Not Applicable,417,UPI,18,4.0,3.6
2024-07-15 17:59:00,CNR6914975887,Driver Not Found,CID317863,Auto,HSR Layout,MG Road,,,Not Applicable,Not Applicable,Not Applicable,Not Applicable,423,Not Applicable,0,,
2024-07-13 00:25:00,CNR6185954782,Canceled by Driver,CID942854,Prime Sedan,Bannerghatta Road,Padmanabhanagar,,,Not Applicable,Personal & Car related issue,Not Applicable,Not Applicable,408,Not Applicable,0,,
2024-07-26 16:43:00,CNR3418250963,Canceled by Driver,CID875449,Prime Sedan,Hulimavu,Hosur Road,,,Not Applicable,Customer related issue,Not Applicable,Not Applicable,383,Not Applicable,0,,
2024-07-23 10:59:00,CNR3727704978,Success,CID215370,Bike,Vijayanagar,Shantinagar,126.0,110.0,Not Applicable,Not Applicable,No,Not Applicable,262,Cash,20,4.9,3.4
2024-07-30 07:17:00,CNR8273703149,Canceled by Driver,CID611411,Prime SUV,Kadugodi,Jayanagar,,,Not Applicable,Customer related issue,Not Applicable,Not Applicable,209,Not Applicable,0,,
2024-07-09 10:37:00,CNR5319711727,Canceled by Driver,CID468915,Prime Sedan,Jayanagar,Kengeri,,,Not Applicable,Customer was coughing/sick,Not Applicable,Not Applicable,1906,Not Applicable,0,,
2024-07-24 08:47:00,CNR2160746374,Canceled by Driver,CID773388,Mini,Richmond Town,Kadugodi,,,Not Applicable,Customer related issue,Not Applicable,Not Applicable,236,Not Applicable,0,,
2024-07-24 12:16:00,CNR3013443371,Canceled by Driver,CID469254,Prime SUV,Koramangala,Bannerghatta Road,,,Not Applicable,More than permitted people in there,Not Applicable,Not Applicable,813,Not Applicable,0,,
2024-07-20 03:04:00,CNR7656750660,Success,CID214094,Auto,RT Nagar,Indiranagar,126.0,135.0,Not Applicable,Not Applicable,No,Not Applicable,186,Cash,13,4.9,3.8
2024-07-10 11:11:00,CNR9362813806,Success,CID165702,eBike,Hebbal,Yelahanka,252.0,75.0,Not Applicable,Not Applicable,No,Not Applicable,728,Cash,30,3.4,4.5
2024-07-10 05:27:00,CNR2667913619,Success,CID384159,Bike,Bellandur,Kadugodi,154.0,90.0,Not Applicable,Not Applicable,No,Not Applicable,415,Debit Card,1,3.6,4.3
2024-07-05 01:31:00,CNR6386303619,Success,CID921124,eBike,MG Road,Ramamurthy Nagar,77.0,95.0,Not Applicable,Not Applicable,No,Not Applicable,475,UPI,26,4.3,4.4
2024-07-30 03:37:00,CNR5042149870,Success,CID581293,Mini,Whitefield,Cox Town,140.0,100.0,Not Applicable,Not Applicable,No,Not Applicable,614,Cash,28,4.1,3.4
2024-07-12 09:21:00,CNR8529553642,Canceled by Driver,CID215591,Bike,Sarjapur Road,Frazer Town,,,Not Applicable,Personal & Car related issue,Not Applicable,Not Applicable,466,Not Applicable,0,,
2024-07-24 13:10:00,CNR2179713535,Canceled by Customer,CID939071,Prime Plus,Banashankari,Rajajinagar,,,Driver asked to cancel,Not Applicable,Not Applicable,Not Applicable,215,Not Applicable,0,,
2024-07-23 02:37:00,CNR2817215279,Canceled by Driver,CID956295,Prime Sedan,Rajarajeshwari Nagar,Bellandur,,,Not Applicable,Personal & Car related issue,Not Applicable,Not Applicable,434,Not Applicable,0,,
2024-07-11 19:02:00,CNR9598671657,Success,CID622140,eBike,Yelahanka,Bannerghatta Road,224.0,50.0,Not Applicable,Not Applicable,Yes,Customer Demand,858,Cash,2,4.2,4.2
2024-07-09 20:10:00,CNR8806441594,Canceled by Customer,CID414764,Auto,Hosur Road,KR Puram,,,Change of plans,Not Applicable,Not Applicable,Not Applicable,901,Not Applicable,0,,
2024-07-13 12:01:00,CNR1187889088,Canceled by Customer,CID349594,Bike,Richmond Town,Rajajinagar,,,Change of plans,Not Applicable,Not Applicable,Not Applicable,224,Not Applicable,0,,
2024-07-19 23:29:00,CNR5584198512,Driver Not Found,CID930534,Prime Plus,Tumkur Road,Indiranagar,,,Not Applicable,Not Applicable,Not Applicable,Not Applicable,198,Not Applicable,0,,
2024-07-19 00:10:00,CNR4235376153,Success,CID182599,eBike,Kengeri,Chickpet,70.0,100.0,Not Applicable,Not Applicable,No,Not Applicable,499,Cash,3,3.1,3.2
2024-07-17 05:51:00,CNR7977683488,Driver Not Found,CID920548,eBike,Magadi Road,Yeshwanthpur,,,Not Applicable,Not Applicable,Not Applicable,Not Applicable,401,Not Applicable,0,,
2024-07-19 18:00:00,CNR7883810937,Success,CID942679,Mini,Ramamurthy Nagar,Yelahanka,238.0,95.0,Not Applicable,Not Applicable,No,Not Applicable,386,Cash,45,3.3,3.8
2024-07-13 11:58:00,CNR3692507118,Canceled by Driver,CID679274,Mini,Bannerghatta Road,Yelahanka,,,Not Applicable,Personal & Car related issue,Not Applicable,Not Applicable,439,Not Applicable,0,,
2024-07-19 08:42:00,CNR8482470259,Driver Not Found,CID861420,Prime Plus,Vijayanagar,Rajarajeshwari Nagar,,,Not Applicable,Not Applicable,Not Applicable,Not Applicable,151,Not Applicable,0,,
2024-07-25 12:25:00,CNR4151257634,Canceled by Driver,CID218788,eBike,Mysore Road,Rajarajeshwari Nagar,,,Not Applicable,Customer was coughing/sick,Not Applicable,Not Applicable,984,Not Applicable,0,,
2024-07-09 23:59:00,CNR7979144249,Success,CID111045,Prime SUV,Bellandur,Hosur Road,203.0,135.0,Not Applicable,Not Applicable,No,Not Applicable,275,Cash,43,3.0,4.8
2024-07-20 07:25:00,CNR4307812283,Canceled by Driver,CID425918,Auto,Tumkur Road,BTM Layout,,,Not Applicable,Customer was coughing/sick,Not Applicable,Not Applicable,2246,Not Applicable,0,,
2024-07-28 03:50:00,CNR4152099575,Success,CID956174,Prime Plus,Shantinagar,Devanahalli,266.0,30.0,Not Applicable,Not Applicable,No,Not Applicable,2448,Cash,4,4.0,3.2
2024-07-14 03:04:00,CNR5836690007,Success,CID255831,Auto,Sarjapur Road,HSR Layout,98.0,145.0,Not Applicable,Not Applicable,No,Not Applicable,275,Cash,9,4.7,3.9
2024-07-15 04:51:00,CNR6941432396,Success,CID750050,Prime Plus,Ramamurthy Nagar,Whitefield,126.0,25.0,Not Applicable,Not Applicable,No,Not Applicable,448,Cash,19,4.4,4.3
2024-07-08 03:01:00,CNR9348522107,Success,CID825608,Prime Sedan,Koramangala,Nagarbhavi,266.0,100.0,Not Applicable,Not Applicable,No,Not Applicable,354,UPI,20,3.7,3.2
2024-07-26 10:27:00,CNR4935145224,Success,CID511007,Bike,Whitefield,Basavanagudi,161.0,100.0,Not Applicable,Not Applicable,Yes,Customer Demand,186,UPI,28,4.1,3.6
2024-07-23 21:13:00,CNR3269135376,Success,CID901617,Prime SUV,Shivajinagar,Whitefield,105.0,120.0,Not Applicable,Not Applicable,No,Not Applicable,123,Cash,34,3.0,4.3
2024-07-02 16:10:00,CNR5025702136,Success,CID283406,Prime Plus,Electronic City,Indiranagar,287.0,110.0,Not Applicable,Not Applicable,No,Not Applicable,558,Cash,39,4.6,4.1
2024-07-03 14:12:00,CNR5574088313,Driver Not Found,CID804863,Mini,Hebbal,Hebbal,,,Not Applicable,Not Applicable,Not Applicable,Not Applicable,230,Not Applicable,0,,
2024-07-24 03:06:00,CNR6697112645,Success,CID743341,Bike,BTM Layout,Rajajinagar,203.0,115.0,Not Applicable,Not Applicable,No,Not Applicable,226,Cash,42,3.8,4.5
2024-07-03 19:43:00,CNR6019250677,Success,CID497154,Bike,Kengeri,Chamarajpet,91.0,60.0,Not Applicable,Not Applicable,No,Not Applicable,402,Cash,41,4.2,4.8
2024-07-13 19:09:00,CNR5074011398,Canceled by Customer,CID366494,eBike,Kengeri,Shantinagar,,,AC is Not working,Not Applicable,Not Applicable,Not Applicable,367,Not Applicable,0,,
2024-07-05 18:57:00,CNR6417961997,Canceled by Customer,CID193464,Prime Plus,Chamarajpet,Electronic City,,,Wrong Address,Not Applicable,Not Applicable,Not Applicable,112,Not Applicable,0,,
2024-07-21 16:26:00,CNR8924092165,Canceled by Customer,CID598777,Auto,Malleshwaram,Electronic City,,,Driver is not moving towards pickup location,Not Applicable,Not Applicable,Not Applicable,226,Not Applicable,0,,
2024-07-20 02:04:00,CNR1191345327,Success,CID710249,Mini,Tumkur Road,Kengeri,182.0,55.0,Not Applicable,Not Applicable,No,Not Applicable,250,UPI,21,4.1,3.2
2024-07-08 14:10:00,CNR9776804301,Success,CID296568,Prime SUV,Hebbal,Padmanabhanagar,49.0,30.0,Not Applicable,Not Applicable,No,Not Applicable,785,UPI,16,3.7,3.3
2024-07-01 18:57:00,CNR5354979720,Success,CID177356,Prime SUV,Kengeri,Mysore Road,308.0,140.0,Not Applicable,Not Applicable,No,Not Applicable,856,UPI,39,4.2,3.9
2024-07-06 08:37:00,CNR9608714095,Driver Not Found,CID774086,Bike,Tumkur Road,Cox Town,,,Not Applicable,Not Applicable,Not Applicable,Not Applicable,451,Not Applicable,0,,
2024-07-17 10:43:00,CNR9067360582,Success,CID511036,Prime Sedan,Shantinagar,Bannerghatta Road,203.0,45.0,Not Applicable,Not Applicable,No,Not Applicable,232,Credit Card,10,3.6,4.3
2024-07-11 18:03:00,CNR6617514073,Success,CID551827,Mini,BTM Layout,Chamarajpet,189.0,85.0,Not Applicable,Not Applicable,No,Not Applicable,166,UPI,45,3.3,3.5
2024-07-17 01:14:00,CNR1360696424,Canceled by Driver,CID415678,Auto,Varthur,Whitefield,,,Not Applicable,Personal & Car related issue,Not Applicable,Not Applicable,557,Not Applicable,0,,
2024-07-13 12:50:00,CNR2415838914,Success,CID583506,eBike,Koramangala,Yelahanka,77.0,105.0,Not Applicable,Not Applicable,No,Not Applicable,329,UPI,26,4.1,4.3
2024-07-22 21:50:00,CNR4820588886,Success,CID279896,Prime SUV,Rajarajeshwari Nagar,Kammanahalli,196.0,60.0,Not Applicable,Not Applicable,No,Not Applicable,830,UPI,12,4.4,3.5
2024-07-23 08:05:00,CNR5042552818,Success,CID474893,Prime SUV,JP Nagar,Basavanagudi,182.0,40.0,Not Applicable,Not Applicable,No,Not Applicable,369,UPI,44,3.6,3.6
2024-07-26 16:53:00,CNR2109478977,Success,CID709203,Auto,Malleshwaram,RT Nagar,238.0,60.0,Not Applicable,Not Applicable,No,Not Applicable,961,Cash,18,4.8,3.9
2024-07-15 14:26:00,CNR1005709812,Canceled by Driver,CID543239,Prime SUV,Kammanahalli,Hosur Road,,,Not Applicable,Customer was coughing/sick,Not Applicable,Not Applicable,2100,Not Applicable,0,,
2024-07-07 19:39:00,CNR5347084863,Canceled by Customer,CID409669,Auto,Marathahalli,Indiranagar,,,Driver asked to cancel,Not Applicable,Not Applicable,Not Applicable,334,Not Applicable,0,,
2024-07-10 02:46:00,CNR8690392453,Canceled by Driver,CID338766,Bike,Peenya,Sahakar Nagar,,,Not Applicable,Personal & Car related issue,Not Applicable,Not Applicable,475,Not Applicable,0,,
2024-07-05 10:27:00,CNR5495819136,Canceled by Customer,CID970750,Prime Plus,Marathahalli,Peenya,,,Driver is not moving towards pickup location,Not Applicable,Not Applicable,Not Applicable,2308,Not Applicable,0,,
2024-07-05 12:13:00,CNR6838838866,Success,CID851634,Bike,MG Road,Padmanabhanagar,133.0,125.0,Not Applicable,Not Applicable,No,Not Applicable,436,Credit Card,28,3.9,3.7
2024-07-29 15:14:00,CNR8832260028,Driver Not Found,CID268209,Auto,Electronic City,Hennur,,,Not Applicable,Not Applicable,Not Applicable,Not Applicable,115,Not Applicable,0,,
2024-07-19 05:01:00,CNR4030355732,Success,CID584692,Prime SUV,Varthur,Chickpet,84.0,75.0,Not Applicable,Not Applicable,No,Not Applicable,461,UPI,9,4.7,4.5
2024-07-28 08:03:00,CNR8802264884,Success,CID151694,Prime SUV,Peenya,Devanahalli,231.0,50.0,Not Applicable,Not Applicable,No,Not Applicable,615,Cash,26,4.3,3.1
2024-07-24 16:52:00,CNR7163425337,Canceled by Driver,CID430872,Auto,KR Puram,Koramangala,,,Not Applicable,Personal & Car related issue,Not Applicable,Not Applicable,1778,Not Applicable,0,,
2024-07-06 07:18:00,CNR2833540065,Success,CID488200,Bike,MG Road,Shivajinagar,161.0,80.0,Not Applicable,Not Applicable,Yes,Vehicle Breakdown,426,Cash,36,4.0,4.4
2024-07-23 19:04:00,CNR3800907211,Success,CID373266,Prime Plus,Shivajinagar,HSR Layout,35.0,145.0,Not Applicable,Not Applicable,No,Not Applicable,396,Cash,19,4.4,4.9
2024-07-04 06:49:00,CNR5164915395,Success,CID668583,Prime Plus,Jayanagar,RT Nagar,63.0,140.0,Not Applicable,Not Applicable,No,Not Applicable,189,UPI,12,3.1,3.3
2024-07-26 02:27:00,CNR6740724444,Success,CID880250,Prime SUV,Frazer Town,Bannerghatta Road,224.0,135.0,Not Applicable,Not Applicable,No,Not Applicable,388,UPI,32,3.9,4.1
2024-07-08 17:19:00,CNR4291224080,Driver Not Found,CID461873,Auto,HSR Layout,Padmanabhanagar,,,Not Applicable,Not Applicable,Not Applicable,Not Applicable,161,Not Applicable,0,,
2024-07-01 20:58:00,CNR9495363456,Success,CID480362,Auto,Majestic,Kammanahalli,35.0,55.0,Not Applicable,Not Applicable,No,Not Applicable,165,UPI,1,3.4,4.5
2024-07-03 16:01:00,CNR4821396778,Success,CID765733,Bike,Cox Town,Langford Town,56.0,25.0,Not Applicable,Not Applicable,No,Not Applicable,489,UPI,8,4.0,4.2
2024-07-08 02:11:00,CNR4745103965,Canceled by Customer,CID164250,eBike,Yeshwanthpur,Kengeri,,,Driver is not moving towards pickup location,Not Applicable,Not Applicable,Not Applicable,959,Not Applicable,0,,
2024-07-21 17:35:00,CNR3318707119,Driver Not Found,CID107347,Prime Sedan,Malleshwaram,Jayanagar,,,Not Applicable,Not Applicable,Not Applicable,Not Applicable,183,Not Applicable,0,,
2024-07-27 06:09:00,CNR1883327436,Canceled by Driver,CID218706,Mini,Shivajinagar,Marathahalli,,,Not Applicable,Personal & Car related issue,Not Applicable,Not Applicable,567,Not Applicable,0,,
2024-07-17 03:30:00,CNR3022449792,Success,CID906305,Prime Sedan,Rajajinagar,Hosur Road,140.0,80.0,Not Applicable,Not Applicable,No,Not Applicable,521,UPI,20,3.7,4.5
2024-07-11 23:25:00,CNR4378354147,Canceled by Driver,CID533791,Prime Sedan,Hosur Road,Ulsoor,,,Not Applicable,Customer related issue,Not Applicable,Not Applicable,131,Not Applicable,0,,
2024-07-17 16:19:00,CNR8971148213,Success,CID771913,Mini,Peenya,Shantinagar,119.0,90.0,Not Applicable,Not Applicable,No,Not Applicable,143,Cash,11,4.2,5.0
2024-07-05 06:48:00,CNR3128500287,Success,CID537528,Mini,Cox Town,Chamarajpet,294.0,110.0,Not Applicable,Not Applicable,Yes,Other Issue,114,Cash,9,3.4,3.3
2024-07-17 18:02:00,CNR9969210916,Success,CID110918,Prime Sedan,Ramamurthy Nagar,Banashankari,280.0,75.0,Not Applicable,Not Applicable,No,Not Applicable,809,Cash,34,3.0,4.0
2024-07-09 19:29:00,CNR3967572016,Success,CID179446,Prime SUV,Langford Town,Chamarajpet,301.0,35.0,Not Applicable,Not Applicable,No,Not Applicable,1724,Cash,6,3.3,4.0
2024-07-07 07:26:00,CNR4904227581,Success,CID613393,Auto,Basavanagudi,Nagarbhavi,77.0,105.0,Not Applicable,Not Applicable,No,Not Applicable,481,Cash,11,3.0,4.0
2024-07-21 14:03:00,CNR7252500554,Success,CID839865,Bike,Hulimavu,Sarjapur Road,175.0,145.0,Not Applicable,Not Applicable,No,Not Applicable,307,Cash,12,3.5,3.7
2024-07-30 06:08:00,CNR3936547613,Success,CID502485,Prime SUV,Hosur Road,Magadi Road,112.0,145.0,Not Applicable,Not Applicable,No,Not Applicable,283,UPI,17,5.0,3.8
2024-07-07 07:58:00,CNR5100325537,Success,CID908578,eBike,Magadi Road,Magadi Road,161.0,100.0,Not Applicable,Not Applicable,No,Not Applicable,401,Cash,47,4.9,4.2
2024-07-27 21:33:00,CNR6735985713,Driver Not Found,CID204024,Prime Plus,Devanahalli,HSR Layout,,,Not Applicable,Not Applicable,Not Applicable,Not Applicable,202,Not Applicable,0,,
2024-07-12 03:07:00,CNR6685010353,Canceled by Customer,CID483129,eBike,Nagarbhavi,Sarjapur Road,,,Driver is not moving towards pickup location,Not Applicable,Not Applicable,Not Applicable,1278,Not Applicable,0,,
2024-07-23 00:16:00,CNR8087620492,Success,CID220461,Auto,Basavanagudi,Shivajinagar,168.0,25.0,Not Applicable,Not Applicable,No,Not Applicable,971,Cash,19,4.7,4.0
2024-07-07 14:40:00,CNR2342240296,Success,CID323028,eBike,Bannerghatta Road,Padmanabhanagar,196.0,55.0,Not Applicable,Not Applicable,No,Not Applicable,101,UPI,47,3.9,3.6
2024-07-13 23:14:00,CNR6517574239,Success,CID199445,Bike,Chickpet,Shivajinagar,196.0,115.0,Not Applicable,Not Applicable,No,Not Applicable,120,Cash,47,4.1,5.0
2024-07-13 21:33:00,CNR2913795793,Success,CID681353,Bike,Hulimavu,Yelahanka,217.0,70.0,Not Applicable,Not Applicable,No,Not Applicable,365,UPI,7,4.2,3.4
2024-07-08 00:34:00,CNR4685260660,Success,CID409712,Bike,Malleshwaram,Chamarajpet,35.0,105.0,Not Applicable,Not Applicable,No,Not Applicable,425,Credit Card,11,3.6,3.2
2024-07-28 00:22:00,CNR5723065507,Canceled by Driver,CID742343,Mini,Shivajinagar,Richmond Town,,,Not Applicable,Personal & Car related issue,Not Applicable,Not Applicable,155,Not Applicable,0,,
2024-07-01 01:46:00,CNR5404824728,Canceled by Customer,CID333668,Mini,Shantinagar,Jayanagar,,,Driver is not moving towards pickup location,Not Applicable,Not Applicable,Not Applicable,137,Not Applicable,0,,
2024-07-25 03:35:00,CNR5812952610,Canceled by Driver,CID759683,Bike,KR Puram,Langford Town,,,Not Applicable,More than permitted people in there,Not Applicable,Not Applicable,624,Not Applicable,0,,
2024-07-26 10:58:00,CNR7222949275,Success,CID391175,Prime SUV,Koramangala,Bannerghatta Road,280.0,75.0,Not Applicable,Not Applicable,No,Not Applicable,301,UPI,49,3.7,4.7
2024-07-16 13:05:00,CNR3797549526,Canceled by Driver,CID345343,Bike,Malleshwaram,Shivajinagar,,,Not Applicable,Personal & Car related issue,Not Applicable,Not Applicable,2246,Not Applicable,0,,
2024-07-23 06:23:00,CNR8365468020,Canceled by Customer,CID118276,Auto,Chamarajpet,Indiranagar,,,Wrong Address,Not Applicable,Not Applicable,Not Applicable,972,Not Applicable,0,,
2024-07-12 22:03:00,CNR5083037614,Success,CID500976,Bike,Yelahanka,Sarjapur Road,252.0,145.0,Not Applicable,Not Applicable,No,Not Applicable,301,UPI,47,3.1,3.1
2024-07-19 19:44:00,CNR4120945418,Canceled by Driver,CID675355,Prime SUV,Hosur Road,Hebbal,,,Not Applicable,Personal & Car related issue,Not Applicable,Not Applicable,239,Not Applicable,0,,
2024-07-26 15:22:00,CNR2756309036,Canceled by Customer,CID135873,eBike,Varthur,Rajarajeshwari Nagar,,,Driver is not moving towards pickup location,Not Applicable,Not Applicable,Not Applicable,251,Not Applicable,0,,
2024-07-03 04:05:00,CNR2047270837,Canceled by Driver,CID929171,Prime Plus,Ramamurthy Nagar,Richmond Town,,,Not Applicable,Personal & Car related issue,Not Applicable,Not Applicable,136,Not Applicable,0,,
2024-07-20 11:17:00,CNR2753279509,Success,CID332879,Auto,Hebbal,Sarjapur Road,259.0,120.0,Not Applicable,Not Applicable,No,Not Applicable,204,Cash,3,4.5,4.3
2024-07-28 04:08:00,CNR2384837425,Success,CID370445,Bike,Hebbal,Chamarajpet,168.0,95.0,Not Applicable,Not Applicable,No,Not Applicable,328,UPI,6,3.4,4.7
2024-07-14 22:09:00,CNR2412059927,Success,CID289580,eBike,Jayanagar,MG Road,147.0,130.0,Not Applicable,Not Applicable,No,Not Applicable,249,UPI,1,4.0,3.6
2024-07-09 15:08:00,CNR9877123419,Success,CID589635,Prime Sedan,Padmanabhanagar,Yelahanka,49.0,80.0,Not Applicable,Not Applicable,No,Not Applicable,322,Cash,2,3.2,4.0
2024-07-22 10:47:00,CNR3952523870,Success,CID854634,Bike,Bannerghatta Road,Devanahalli,182.0,65.0,Not Applicable,Not Applicable,No,Not Applicable,268,Cash,30,3.2,5.0
2024-07-17 00:32:00,CNR5578285559,Success,CID338500,Bike,Padmanabhanagar,Basavanagudi,140.0,95.0,Not Applicable,Not Applicable,No,Not Applicable,450,UPI,12,4.7,4.6
2024-07-05 09:44:00,CNR7964515680,Success,CID110749,Mini,Marathahalli,Varthur,35.0,135.0,Not Applicable,Not Applicable,No,Not Applicable,453,UPI,38,3.0,4.1
2024-07-09 06:40:00,CNR6155496396,Success,CID220046,Auto,Yelahanka,Majestic,147.0,115.0,Not Applicable,Not Applicable,No,Not Applicable,349,Cash,14,3.0,3.2
2024-07-04 04:44:00,CNR2047481197,Success,CID973393,Bike,BTM Layout,Mysore Road,210.0,35.0,Not Applicable,Not Applicable,Yes,Vehicle Breakdown,271,Cash,2,4.6,4.3
2024-07-20 12:31:00,CNR6155855672,Success,CID715238,Mini,Shantinagar,Ramamurthy Nagar,266.0,145.0,Not Applicable,Not Applicable,No,Not Applicable,511,Cash,43,4.2,3.7
2024-07-21 04:37:00,CNR2854304270,Canceled by Customer,CID837102,Prime Sedan,Hosur Road,Rajajinagar,,,Driver asked to cancel,Not Applicable,Not Applicable,Not Applicable,401,Not Applicable,0,,
2024-07-01 19:46:00,CNR4016875746,Driver Not Found,CID510846,eBike,Tumkur Road,Frazer Town,,,Not Applicable,Not Applicable,Not Applicable,Not Applicable,213,Not Applicable,0,,
2024-07-30 03:51:00,CNR4750090183,Success,CID309650,Mini,Indiranagar,MG Road,238.0,105.0,Not Applicable,Not Applicable,No,Not Applicable,188,UPI,16,4.5,3.4
2024-07-06 21:46:00,CNR1039779088,Success,CID507992,Prime Plus,Chamarajpet,Hebbal,84.0,145.0,Not Applicable,Not Applicable,No,Not Applicable,400,Cash,49,3.1,4.2
2024-07-11 12:46:00,CNR6139490921,Success,CID344719,Prime Sedan,Shivajinagar,Padmanabhanagar,119.0,65.0,Not Applicable,Not Applicable,No,Not Applicable,2632,Cash,40,3.7,3.9
2024-07-18 17:07:00,CNR1593839927,Success,CID929185,Auto,KR Puram,Mysore Road,196.0,60.0,Not Applicable,Not Applicable,No,Not Applicable,198,Cash,11,3.3,3.1
2024-07-06 11:36:00,CNR4305142141,Driver Not Found,CID616229,Prime Sedan,Padmanabhanagar,Tumkur Road,,,Not Applicable,Not Applicable,Not Applicable,Not Applicable,282,Not Applicable,0,,
2024-07-22 23:49:00,CNR7076888109,Success,CID309000,Prime SUV,RT Nagar,Kengeri,84.0,55.0,Not Applicable,Not Applicable,No,Not Applicable,198,Cash,32,4.0,3.1
2024-07-11 20:40:00,CNR6947740024,Success,CID618304,Prime SUV,Shivajinagar,Ulsoor,105.0,125.0,Not Applicable,Not Applicable,No,Not Applicable,196,Cash,45,3.7,3.1
2024-07-04 23:41:00,CNR3338575871,Driver Not Found,CID265612,Prime Plus,RT Nagar,Nagarbhavi,,,Not Applicable,Not Applicable,Not Applicable,Not Applicable,739,Not Applicable,0,,
2024-07-17 08:41:00,CNR5671609051,Success,CID479967,Prime SUV,Nagarbhavi,MG Road,210.0,70.0,Not Applicable,Not Applicable,No,Not Applicable,422,Cash,39,4.7,4.9
2024-07-22 19:36:00,CNR5521845379,Success,CID360058,Prime Plus,Varthur,Langford Town,231.0,70.0,Not Applicable,Not Applicable,No,Not Applicable,506,Cash,42,3.4,4.1
2024-07-04 12:54:00,CNR3119011463,Success,CID248323,Prime Sedan,Richmond Town,Hosur Road,294.0,140.0,Not Applicable,Not Applicable,No,Not Applicable,325,UPI,2,4.6,4.0
2024-07-26 00:44:00,CNR7577539280,Canceled by Driver,CID241608,eBike,Sahakar Nagar,Frazer Town,,,Not Applicable,More than permitted people in there,Not Applicable,Not Applicable,518,Not Applicable,0,,
2024-07-02 15:37:00,CNR3133514417,Success,CID830702,Bike,Electronic City,Basavanagudi,280.0,75.0,Not Applicable,Not Applicable,No,Not Applicable,118,Cash,45,3.9,4.6
2024-07-19 18:00:00,CNR1640753350,Success,CID612364,Prime Sedan,Jayanagar,Indiranagar,133.0,50.0,Not Applicable,Not Applicable,No,Not Applicable,286,Cash,7,4.8,4.3
2024-07-24 08:00:00,CNR8551694775,Success,CID947148,Prime SUV,Kadugodi,Kengeri,84.0,135.0,Not Applicable,Not Applicable,No,Not Applicable,441,UPI,14,3.2,3.3
2024-07-01 05:50:00,CNR2591784298,Success,CID783281,Prime SUV,Hulimavu,Kammanahalli,308.0,55.0,Not Applicable,Not Applicable,No,Not Applicable,144,Cash,49,3.0,4.2
2024-07-29 01:39:00,CNR3023133517,Canceled by Customer,CID212353,Prime Sedan,Marathahalli,Electronic City,,,Driver is not moving towards pickup location,Not Applicable,Not Applicable,Not Applicable,338,Not Applicable,0,,
2024-07-16 04:51:00,CNR5516400906,Canceled by Customer,CID951520,Bike,Peenya,Rajajinagar,,,Driver is not moving towards pickup location,Not Applicable,Not Applicable,Not Applicable,466,Not Applicable,0,,
2024-07-04 19:16:00,CNR6048062385,Success,CID847594,Bike,Peenya,Malleshwaram,63.0,135.0,Not Applicable,Not Applicable,No,Not Applicable,449,UPI,42,3.4,4.0
2024-07-30 08:14:00,CNR2611666960,Driver Not Found,CID830126,Bike,Majestic,Kengeri,,,Not Applicable,Not Applicable,Not Applicable,Not Applicable,435,Not Applicable,0,,
2024-07-13 11:37:00,CNR9227778565,Success,CID721859,Prime Plus,Jayanagar,Richmond Town,133.0,135.0,Not Applicable,Not Applicable,No,Not Applicable,2615,Cash,14,3.8,4.3
2024-07-11 05:46:00,CNR6518414222,Driver Not Found,CID322578,Mini,Chamarajpet,Rajarajeshwari Nagar,,,Not Applicable,Not Applicable,Not Applicable,Not Applicable,162,Not Applicable,0,,
2024-07-23 22:26:00,CNR3071187117,Driver Not Found,CID426013,Prime Plus,Magadi Road,Peenya,,,Not Applicable,Not Applicable,Not Applicable,Not Applicable,316,Not Applicable,0,,
2024-07-10 17:37:00,CNR6468645189,Driver Not Found,CID105382,Bike,RT Nagar,Mysore Road,,,Not Applicable,Not Applicable,Not Applicable,Not Applicable,332,Not Applicable,0,,
2024-07-08 02:51:00,CNR5955834079,Canceled by Customer,CID837087,Prime Plus,Hulimavu,Rajarajeshwari Nagar,,,AC is Not working,Not Applicable,Not Applicable,Not Applicable,213,Not Applicable,0,,
2024-07-19 11:54:00,CNR2611466634,Success,CID830928,Prime Plus,Richmond Town,Mysore Road,203.0,35.0,Not Applicable,Not Applicable,No,Not Applicable,342,UPI,38,4.3,4.5
2024-07-30 20:12:00,CNR1697993548,Driver Not Found,CID180215,Mini,Kammanahalli,Richmond Town,,,Not Applicable,Not Applicable,Not Applicable,Not Applicable,1684,Not Applicable,0,,
2024-07-29 12:45:00,CNR3820789576,Success,CID327767,Bike,MG Road,Nagarbhavi,133.0,40.0,Not Applicable,Not Applicable,No,Not Applicable,1011,Cash,14,3.1,3.9
2024-07-16 14:49:00,CNR4570103459,Success,CID993013,Bike,Banashankari,Indiranagar,287.0,45.0,Not Applicable,Not Applicable,No,Not Applicable,450,Cash,17,3.1,4.3
2024-07-26 00:29:00,CNR3677785234,Canceled by Driver,CID466226,eBike,Whitefield,Padmanabhanagar,,,Not Applicable,Customer was coughing/sick,Not Applicable,Not Applicable,317,Not Applicable,0,,
2024-07-14 08:27:00,CNR2011124311,Success,CID130193,Bike,Banashankari,BTM Layout,35.0,105.0,Not Applicable,Not Applicable,No,Not Applicable,398,Cash,29,4.8,3.7
2024-07-24 19:35:00,CNR2973300525,Success,CID538249,Mini,Banashankari,Vijayanagar,259.0,140.0,Not Applicable,Not Applicable,No,Not Applicable,368,Cash,15,4.3,4.2
2024-07-04 01:13:00,CNR4987163791,Success,CID388202,Bike,Varthur,Whitefield,126.0,30.0,Not Applicable,Not Applicable,No,Not Applicable,535,Cash,41,3.8,4.2
2024-07-11 11:00:00,CNR4350535732,Driver Not Found,CID503533,Auto,Electronic City,Hulimavu,,,Not Applicable,Not Applicable,Not Applicable,Not Applicable,210,Not Applicable,0,,
2024-07-30 12:45:00,CNR9668561212,Success,CID853862,Prime Sedan,Tumkur Road,Kadugodi,84.0,45.0,Not Applicable,Not Applicable,No,Not Applicable,116,Cash,23,3.4,3.5
2024-07-17 15:16:00,CNR3210347601,Driver Not Found,CID182033,Prime Sedan,Rajarajeshwari Nagar,BTM Layout,,,Not Applicable,Not Applicable,Not Applicable,Not Applicable,248,Not Applicable,0,,
2024-07-21 19:08:00,CNR9470856898,Canceled by Customer,CID353754,Bike,Cox Town,Frazer Town,,,Wrong Address,Not Applicable,Not Applicable,Not Applicable,946,Not Applicable,0,,
2024-07-14 04:08:00,CNR8309097162,Driver Not Found,CID302816,Prime Plus,Ulsoor,Tumkur Road,,,Not Applicable,Not Applicable,Not Applicable,Not Applicable,417,Not Applicable,0,,
2024-07-29 04:45:00,CNR1520361111,Success,CID296628,Prime Sedan,Devanahalli,Majestic,56.0,135.0,Not Applicable,Not Applicable,No,Not Applicable,483,UPI,21,3.1,4.3
2024-07-30 18:22:00,CNR6075084022,Canceled by Driver,CID738359,Prime SUV,Majestic,Hosur Road,,,Not Applicable,Personal & Car related issue,Not Applicable,Not Applicable,106,Not Applicable,0,,
2024-07-11 00:33:00,CNR4740220260,Canceled by Customer,CID416559,Bike,Hulimavu,Cox Town,,,Change of plans,Not Applicable,Not Applicable,Not Applicable,198,Not Applicable,0,,
2024-07-21 09:50:00,CNR8668514470,Canceled by Driver,CID193251,eBike,Chamarajpet,Hebbal,,,Not Applicable,Personal & Car related issue,Not Applicable,Not Applicable,502,Not Applicable,0,,
2024-07-09 19:31:00,CNR3886708988,Driver Not Found,CID512224,Prime Plus,Ramamurthy Nagar,Richmond Town,,,Not Applicable,Not Applicable,Not Applicable,Not Applicable,435,Not Applicable,0,,
2024-07-23 23:32:00,CNR3065826030,Driver Not Found,CID739713,Prime SUV,Malleshwaram,Tumkur Road,,,Not Applicable,Not Applicable,Not Applicable,Not Applicable,399,Not Applicable,0,,
2024-07-09 22:16:00,CNR1111244034,Canceled by Driver,CID284283,Auto,Sahakar Nagar,RT Nagar,,,Not Applicable,Personal & Car related issue,Not Applicable,Not Applicable,255,Not Applicable,0,,
2024-07-22 01:17:00,CNR5454960599,Success,CID404134,Auto,RT Nagar,Electronic City,133.0,70.0,Not Applicable,Not Applicable,No,Not Applicable,639,UPI,5,4.5,3.3
2024-07-05 07:04:00,CNR1322865137,Success,CID633823,eBike,Rajajinagar,Whitefield,49.0,95.0,Not Applicable,Not Applicable,No,Not Applicable,592,UPI,34,4.9,4.7
2024-07-16 04:56:00,CNR3074981729,Canceled by Customer,CID696176,Prime SUV,Tumkur Road,Yelahanka,,,AC is Not working,Not Applicable,Not Applicable,Not Applicable,409,Not Applicable,0,,
2024-07-24 06:52:00,CNR1855784850,Success,CID284872,Prime Sedan,Bannerghatta Road,Yeshwanthpur,280.0,75.0,Not Applicable,Not Applicable,Yes,Customer Demand,681,UPI,43,3.9,4.6
2024-07-26 22:02:00,CNR9488474399,Canceled by Customer,CID139919,Bike,Padmanabhanagar,Yeshwanthpur,,,Driver is not moving towards pickup location,Not Applicable,Not Applicable,Not Applicable,514,Not Applicable,0,,
2024-07-25 01:33:00,CNR1448979927,Driver Not Found,CID899925,Prime Plus,Kadugodi,Whitefield,,,Not Applicable,Not Applicable,Not Applicable,Not Applicable,331,Not Applicable,0,,
2024-07-20 06:25:00,CNR9535159439,Canceled by Driver,CID153901,Prime Sedan,RT Nagar,Nagarbhavi,,,Not Applicable,Personal & Car related issue,Not Applicable,Not Applicable,2593,Not Applicable,0,,
2024-07-30 23:27:00,CNR6696961138,Success,CID939572,Mini,Ulsoor,Shantinagar,287.0,105.0,Not Applicable,Not Applicable,No,Not Applicable,354,UPI,40,4.7,3.1
2024-07-22 05:57:00,CNR7026383929,Success,CID504765,eBike,Ramamurthy Nagar,Varthur,119.0,30.0,Not Applicable,Not Applicable,No,Not Applicable,1312,UPI,1,4.0,3.7
2024-07-03 19:45:00,CNR7973516052,Success,CID418721,Prime SUV,Indiranagar,Kengeri,98.0,95.0,Not Applicable,Not Applicable,No,Not Applicable,519,UPI,14,3.1,4.2
2024-07-22 21:10:00,CNR1773328724,Success,CID547165,Auto,Malleshwaram,Bannerghatta Road,70.0,95.0,Not Applicable,Not Applicable,No,Not Applicable,452,Cash,2,4.7,4.7
2024-07-26 10:03:00,CNR6598869901,Canceled by Driver,CID138004,eBike,Langford Town,Rajajinagar,,,Not Applicable,Customer related issue,Not Applicable,Not Applicable,151,Not Applicable,0,,
2024-07-02 21:55:00,CNR5428689308,Success,CID729055,Prime Sedan,Chamarajpet,Ramamurthy Nagar,273.0,25.0,Not Applicable,Not Applicable,No,Not Applicable,186,Cash,16,4.9,4.5
2024-07-22 14:52:00,CNR2766921370,Canceled by Driver,CID236526,Prime Sedan,Yelahanka,Langford Town,,,Not Applicable,Customer related issue,Not Applicable,Not Applicable,412,Not Applicable,0,,
2024-07-15 08:56:00,CNR5482166697,Canceled by Driver,CID933017,Prime Sedan,Hennur,Frazer Town,,,Not Applicable,Customer related issue,Not Applicable,Not Applicable,390,Not Applicable,0,,
2024-07-19 05:23:00,CNR8565152869,Success,CID510284,Prime Sedan,Yelahanka,Sahakar Nagar,133.0,25.0,Not Applicable,Not Applicable,No,Not Applicable,319,Cash,45,4.8,3.3
2024-07-01 02:44:00,CNR3479764342,Driver Not Found,CID454877,Prime SUV,RT Nagar,Banashankari,,,Not Applicable,Not Applicable,Not Applicable,Not Applicable,210,Not Applicable,0,,
2024-07-01 14:56:00,CNR8505899844,Canceled by Driver,CID630225,eBike,Marathahalli,Padmanabhanagar,,,Not Applicable,Customer related issue,Not Applicable,Not Applicable,485,Not Applicable,0,,
2024-07-26 18:53:00,CNR5169314926,Success,CID919123,Auto,Vijayanagar,RT Nagar,154.0,30.0,Not Applicable,Not Applicable,No,Not Applicable,2190,Cash,5,4.1,4.5
2024-07-22 00:44:00,CNR5645358572,Success,CID613982,Bike,Electronic City,Rajarajeshwari Nagar,301.0,80.0,Not Applicable,Not Applicable,No,Not Applicable,2372,UPI,21,3.7,4.6
2024-07-14 00:09:00,CNR9286121261,Driver Not Found,CID641452,Bike,Electronic City,Nagarbhavi,,,Not Applicable,Not Applicable,Not Applicable,Not Applicable,131,Not Applicable,0,,
2024-07-22 18:12:00,CNR9274059543,Canceled by Driver,CID156750,Mini,Sarjapur Road,Mysore Road,,,Not Applicable,Customer related issue,Not Applicable,Not Applicable,140,Not Applicable,0,,
2024-07-18 16:08:00,CNR8387579812,Success,CID392758,Bike,Jayanagar,Rajajinagar,84.0,100.0,Not Applicable,Not Applicable,No,Not Applicable,925,Cash,37,4.9,4.1
2024-07-17 02:35:00,CNR7755133327,Success,CID461523,Prime Sedan,Kammanahalli,Peenya,77.0,145.0,Not Applicable,Not Applicable,No,Not Applicable,463,Cash,49,5.0,4.2
2024-07-22 16:53:00,CNR9404950120,Success,CID200987,Prime SUV,Tumkur Road,Hebbal,280.0,60.0,Not Applicable,Not Applicable,No,Not Applicable,328,UPI,39,4.8,4.9
2024-07-12 19:19:00,CNR4280152810,Canceled by Driver,CID455642,Auto,Shivajinagar,Hennur,,,Not Applicable,Customer was coughing/sick,Not Applicable,Not Applicable,410,Not Applicable,0,,
2024-07-03 12:07:00,CNR3207292782,Canceled by Driver,CID544608,Prime Plus,HSR Layout,Kammanahalli,,,Not Applicable,More than permitted people in there,Not Applicable,Not Applicable,114,Not Applicable,0,,
2024-07-11 16:03:00,CNR5785425648,Success,CID405176,eBike,Kengeri,Chamarajpet,140.0,95.0,Not Applicable,Not Applicable,No,Not Applicable,447,Cash,9,3.1,3.7
2024-07-13 21:52:00,CNR8274709719,Success,CID795773,Prime Plus,Magadi Road,Yelahanka,210.0,45.0,Not Applicable,Not Applicable,No,Not Applicable,201,Cash,6,3.0,3.4
2024-07-27 21:33:00,CNR1354667575,Canceled by Driver,CID907736,Mini,Indiranagar,Peenya,,,Not Applicable,Personal & Car related issue,Not Applicable,Not Applicable,357,Not Applicable,0,,
2024-07-19 14:52:00,CNR9093913175,Canceled by Driver,CID678944,eBike,Ramamurthy Nagar,Ramamurthy Nagar,,,Not Applicable,Customer was coughing/sick,Not Applicable,Not Applicable,197,Not Applicable,0,,
2024-07-01 18:45:00,CNR9140930345,Canceled by Driver,CID766930,Bike,Richmond Town,JP Nagar,,,Not Applicable,Personal & Car related issue,Not Applicable,Not Applicable,400,Not Applicable,0,,
2024-07-19 01:48:00,CNR5531852965,Success,CID865482,Prime Sedan,Shivajinagar,Electronic City,119.0,135.0,Not Applicable,Not Applicable,No,Not Applicable,501,UPI,34,4.4,4.1
2024-07-13 01:44:00,CNR4916448662,Canceled by Driver,CID421624,eBike,Marathahalli,Koramangala,,,Not Applicable,Customer was coughing/sick,Not Applicable,Not Applicable,230,Not Applicable,0,,
2024-07-21 13:26:00,CNR9107551010,Canceled by Driver,CID313288,Mini,Rajajinagar,Koramangala,,,Not Applicable,Customer was coughing/sick,Not Applicable,Not Applicable,150,Not Applicable,0,,
2024-07-10 07:17:00,CNR9269588387,Success,CID855128,eBike,Varthur,Mysore Road,196.0,45.0,Not Applicable,Not Applicable,No,Not Applicable,116,Cash,31,4.8,4.2
2024-07-06 11:46:00,CNR1733922427,Canceled by Driver,CID644356,Prime SUV,Basavanagudi,Langford Town,,,Not Applicable,Personal & Car related issue,Not Applicable,Not Applicable,416,Not Applicable,0,,
2024-07-17 22:08:00,CNR7064142409,Driver Not Found,CID834692,Mini,KR Puram,Vijayanagar,,,Not Applicable,Not Applicable,Not Applicable,Not Applicable,559,Not Applicable,0,,
2024-07-26 03:18:00,CNR3026464434,Success,CID356198,Auto,Peenya,Peenya,126.0,95.0,Not Applicable,Not Applicable,No,Not Applicable,1603,Cash,19,4.1,3.3
2024-07-22 13:36:00,CNR7835748350,Success,CID799278,Prime Plus,Koramangala,Hulimavu,224.0,115.0,Not Applicable,Not Applicable,No,Not Applicable,358,Cash,7,3.6,3.3
2024-07-08 04:37:00,CNR6024046325,Canceled by Driver,CID226419,Auto,Yeshwanthpur,Banashankari,,,Not Applicable,Customer was coughing/sick,Not Applicable,Not Applicable,951,Not Applicable,0,,
2024-07-24 09:20:00,CNR7930125074,Canceled by Customer,CID718710,eBike,Tumkur Road,Kammanahalli,,,Change of plans,Not Applicable,Not Applicable,Not Applicable,138,Not Applicable,0,,
2024-07-27 01:59:00,CNR4624035473,Success,CID258188,Auto,Cox Town,Devanahalli,133.0,140.0,Not Applicable,Not Applicable,Yes,Vehicle Breakdown,392,UPI,8,4.8,4.6
2024-07-18 15:19:00,CNR3064400048,Canceled by Driver,CID275603,eBike,Rajajinagar,Jayanagar,,,Not Applicable,Customer was coughing/sick,Not Applicable,Not Applicable,306,Not Applicable,0,,
2024-07-13 07:25:00,CNR2704221274,Success,CID461629,Prime Sedan,Hennur,Rajajinagar,126.0,60.0,Not Applicable,Not Applicable,No,Not Applicable,611,Cash,45,4.6,4.1
2024-07-17 06:39:00,CNR3350923244,Driver Not Found,CID717703,Auto,Bannerghatta Road,Rajarajeshwari Nagar,,,Not Applicable,Not Applicable,Not Applicable,Not Applicable,403,Not Applicable,0,,
2024-07-12 17:59:00,CNR2242818656,Canceled by Driver,CID422601,Prime SUV,Majestic,Shantinagar,,,Not Applicable,Customer was coughing/sick,Not Applicable,Not Applicable,431,Not Applicable,0,,
2024-07-10 05:17:00,CNR3807012568,Success,CID990194,Mini,Indiranagar,Koramangala,224.0,45.0,Not Applicable,Not Applicable,No,Not Applicable,468,UPI,33,3.8,4.0
2024-07-29 13:25:00,CNR5464011979,Canceled by Customer,CID574160,Prime SUV,Magadi Road,Hennur,,,Driver asked to cancel,Not Applicable,Not Applicable,Not Applicable,195,Not Applicable,0,,
2024-07-26 00:53:00,CNR6592451383,Canceled by Customer,CID121115,Mini,Varthur,Varthur,,,Driver is not moving towards pickup location,Not Applicable,Not Applicable,Not Applicable,626,Not Applicable,0,,
2024-07-12 09:45:00,CNR3811389522,Success,CID381318,Auto,Padmanabhanagar,Kammanahalli,175.0,70.0,Not Applicable,Not Applicable,No,Not Applicable,1561,UPI,19,4.5,3.8
2024-07-29 01:21:00,CNR7217915208,Canceled by Customer,CID184410,Prime Plus,Kengeri,BTM Layout,,,Change of plans,Not Applicable,Not Applicable,Not Applicable,280,Not Applicable,0,,
2024-07-26 19:44:00,CNR2682358763,Success,CID341151,Auto,Devanahalli,Peenya,42.0,65.0,Not Applicable,Not Applicable,No,Not Applicable,368,Cash,5,3.7,4.8
2024-07-03 12:03:00,CNR5566562904,Success,CID817276,Mini,Basavanagudi,Sarjapur Road,84.0,45.0,Not Applicable,Not Applicable,No,Not Applicable,241,UPI,2,4.4,3.5
2024-07-26 20:03:00,CNR9397167412,Success,CID984152,Prime Sedan,Chamarajpet,Peenya,42.0,90.0,Not Applicable,Not Applicable,No,Not Applicable,261,Cash,9,4.2,4.6
2024-07-03 01:59:00,CNR2288358330,Success,CID155261,Prime SUV,MG Road,Kammanahalli,161.0,65.0,Not Applicable,Not Applicable,No,Not Applicable,287,UPI,13,3.8,3.9
2024-07-07 23:47:00,CNR5474205838,Success,CID330726,eBike,Ulsoor,Kengeri,287.0,145.0,Not Applicable,Not Applicable,No,Not Applicable,128,UPI,45,3.3,3.3
2024-07-15 00:48:00,CNR6876218192,Success,CID309876,Prime Sedan,Rajajinagar,Peenya,287.0,80.0,Not Applicable,Not Applicable,No,Not Applicable,450,UPI,16,4.8,4.9
2024-07-01 12:30:00,CNR7784974235,Driver Not Found,CID663233,Bike,Rajajinagar,Mysore Road,,,Not Applicable,Not Applicable,Not Applicable,Not Applicable,425,Not Applicable,0,,
2024-07-13 04:45:00,CNR2958020540,Success,CID886984,eBike,Cox Town,Kengeri,238.0,145.0,Not Applicable,Not Applicable,No,Not Applicable,105,Cash,31,3.2,4.2
2024-07-10 07:03:00,CNR7410170195,Success,CID173274,Prime SUV,Majestic,Hebbal,119.0,75.0,Not Applicable,Not Applicable,No,Not Applicable,424,Cash,43,4.6,4.5
2024-07-05 14:53:00,CNR3658850592,Success,CID840280,Bike,Koramangala,Marathahalli,308.0,115.0,Not Applicable,Not Applicable,No,Not Applicable,566,Cash,32,4.3,4.0
2024-07-07 09:42:00,CNR6753563147,Success,CID408832,Prime Sedan,HSR Layout,Electronic City,133.0,25.0,Not Applicable,Not Applicable,Yes,Customer Demand,530,UPI,42,4.2,4.7
2024-07-06 13:43:00,CNR9249976421,Success,CID689905,Mini,KR Puram,Hennur,56.0,135.0,Not Applicable,Not Applicable,No,Not Applicable,413,UPI,15,3.5,3.4
2024-07-13 18:48:00,CNR1746102906,Success,CID445536,Bike,Bellandur,Ulsoor,105.0,100.0,Not Applicable,Not Applicable,No,Not Applicable,212,Cash,21,4.8,4.5
2024-07-10 10:10:00,CNR5974986097,Success,CID877483,Prime SUV,Hosur Road,Malleshwaram,189.0,80.0,Not Applicable,Not Applicable,No,Not Applicable,741,Credit Card,35,3.0,4.6
2024-07-25 05:37:00,CNR7783453075,Success,CID183904,Auto,Vijayanagar,Rajarajeshwari Nagar,301.0,35.0,Not Applicable,Not Applicable,No,Not Applicable,2305,Cash,12,3.8,4.1
2024-07-05 02:51:00,CNR9467686164,Success,CID215601,Prime Sedan,Majestic,KR Puram,105.0,30.0,Not Applicable,Not Applicable,No,Not Applicable,861,UPI,3,3.3,3.2
2024-07-12 23:31:00,CNR5008643210,Success,CID660659,Prime SUV,Yelahanka,Hosur Road,224.0,40.0,Not Applicable,Not Applicable,No,Not Applicable,451,UPI,31,3.2,3.2
2024-07-02 22:23:00,CNR7403514502,Success,CID845379,Prime SUV,Bannerghatta Road,Devanahalli,91.0,85.0,Not Applicable,Not Applicable,No,Not Applicable,246,Cash,12,4.8,3.2
2024-07-26 23:23:00,CNR7021593735,Success,CID698036,Prime Plus,Koramangala,Magadi Road,273.0,45.0,Not Applicable,Not Applicable,No,Not Applicable,423,UPI,36,5.0,5.0
2024-07-04 11:29:00,CNR5578977546,Canceled by Driver,CID973479,Prime Plus,Tumkur Road,Richmond Town,,,Not Applicable,Customer related issue,Not Applicable,Not Applicable,494,Not Applicable,0,,
2024-07-13 10:08:00,CNR7015480270,Success,CID123395,Prime SUV,Rajajinagar,Sahakar Nagar,217.0,95.0,Not Applicable,Not Applicable,No,Not Applicable,408,UPI,32,3.2,4.3
2024-07-02 14:51:00,CNR6320572373,Canceled by Driver,CID175491,eBike,Shivajinagar,Frazer Town,,,Not Applicable,Personal & Car related issue,Not Applicable,Not Applicable,307,Not Applicable,0,,
2024-07-27 00:46:00,CNR8515075020,Success,CID756060,Auto,Ulsoor,RT Nagar,210.0,135.0,Not Applicable,Not Applicable,Yes,Vehicle Breakdown,609,UPI,7,4.1,3.5
2024-07-12 16:30:00,CNR9840349565,Canceled by Driver,CID322270,eBike,Majestic,Marathahalli,,,Not Applicable,Customer related issue,Not Applicable,Not Applicable,192,Not Applicable,0,,
2024-07-25 20:50:00,CNR9913742505,Success,CID277171,eBike,Chickpet,Sahakar Nagar,49.0,35.0,Not Applicable,Not Applicable,No,Not Applicable,586,UPI,20,4.6,3.1
2024-07-04 05:38:00,CNR9277130588,Success,CID159278,eBike,Peenya,Vijayanagar,63.0,85.0,Not Applicable,Not Applicable,No,Not Applicable,400,UPI,22,4.3,4.1
2024-07-11 15:27:00,CNR8392939908,Success,CID987121,Prime Plus,Rajarajeshwari Nagar,Basavanagudi,147.0,60.0,Not Applicable,Not Applicable,No,Not Applicable,479,UPI,19,3.2,4.4
2024-07-20 00:46:00,CNR7096546802,Driver Not Found,CID739401,Prime SUV,Hennur,Hennur,,,Not Applicable,Not Applicable,Not Applicable,Not Applicable,129,Not Applicable,0,,
2024-07-26 23:26:00,CNR5554014984,Canceled by Driver,CID263325,Auto,Basavanagudi,Vijayanagar,,,Not Applicable,Personal & Car related issue,Not Applicable,Not Applicable,267,Not Applicable,0,,
2024-07-18 05:31:00,CNR6607405153,Canceled by Customer,CID893192,Mini,MG Road,Bellandur,,,Driver is not moving towards pickup location,Not Applicable,Not Applicable,Not Applicable,1282,Not Applicable,0,,
2024-07-24 22:55:00,CNR5477308365,Canceled by Driver,CID342376,Prime Sedan,Sarjapur Road,Bellandur,,,Not Applicable,Customer related issue,Not Applicable,Not Applicable,105,Not Applicable,0,,
2024-07-14 21:34:00,CNR4031625724,Success,CID303976,Prime Plus,Banashankari,Frazer Town,133.0,60.0,Not Applicable,Not Applicable,No,Not Applicable,124,UPI,11,3.6,3.3
2024-07-16 00:53:00,CNR7439189042,Driver Not Found,CID864036,eBike,MG Road,Sahakar Nagar,,,Not Applicable,Not Applicable,Not Applicable,Not Applicable,264,Not Applicable,0,,
2024-07-14 06:41:00,CNR5110200417,Success,CID245492,Prime Sedan,Banashankari,Hosur Road,273.0,65.0,Not Applicable,Not Applicable,Yes,Customer Demand,388,Cash,43,3.6,3.6
2024-07-01 09:39:00,CNR1340785394,Success,CID215335,Mini,Ramamurthy Nagar,Cox Town,308.0,145.0,Not Applicable,Not Applicable,No,Not Applicable,436,Cash,16,3.4,4.7
2024-07-03 15:53:00,CNR8226161792,Driver Not Found,CID852544,Bike,Hulimavu,Padmanabhanagar,,,Not Applicable,Not Applicable,Not Applicable,Not Applicable,258,Not Applicable,0,,
2024-07-01 05:04:00,CNR6262712898,Success,CID234419,eBike,Shivajinagar,Yelahanka,287.0,120.0,Not Applicable,Not Applicable,No,Not Applicable,610,Cash,6,3.3,5.0
2024-07-06 11:43:00,CNR8859243435,Success,CID518765,Prime SUV,Bellandur,Frazer Town,91.0,85.0,Not Applicable,Not Applicable,No,Not Applicable,243,UPI,21,4.1,4.4
2024-07-14 14:55:00,CNR3817003464,Canceled by Driver,CID469105,Bike,Yeshwanthpur,Kammanahalli,,,Not Applicable,Personal & Car related issue,Not Applicable,Not Applicable,110,Not Applicable,0,,
2024-07-18 08:12:00,CNR1552316470,Canceled by Driver,CID514816,Prime SUV,Ulsoor,BTM Layout,,,Not Applicable,Customer related issue,Not Applicable,Not Applicable,378,Not Applicable,0,,
2024-07-07 20:04:00,CNR7531409535,Driver Not Found,CID221417,Prime SUV,Chickpet,Sarjapur Road,,,Not Applicable,Not Applicable,Not Applicable,Not Applicable,499,Not Applicable,0,,
2024-07-09 15:58:00,CNR5286200242,Canceled by Driver,CID970574,Mini,Basavanagudi,Shivajinagar,,,Not Applicable,Customer related issue,Not Applicable,Not Applicable,481,Not Applicable,0,,
2024-07-25 06:56:00,CNR8480181981,Success,CID748150,Mini,Varthur,Yelahanka,161.0,145.0,Not Applicable,Not Applicable,No,Not Applicable,435,Credit Card,40,3.1,4.1
2024-07-13 11:31:00,CNR2558179045,Success,CID355763,Prime SUV,Bellandur,Tumkur Road,112.0,115.0,Not Applicable,Not Applicable,No,Not Applicable,424,UPI,4,3.3,4.3
2024-07-06 22:30:00,CNR2142751407,Driver Not Found,CID851284,eBike,Magadi Road,Hennur,,,Not Applicable,Not Applicable,Not Applicable,Not Applicable,948,Not Applicable,0,,
2024-07-18 16:27:00,CNR8006857870,Canceled by Driver,CID854095,Prime SUV,Magadi Road,Jayanagar,,,Not Applicable,Customer was coughing/sick,Not Applicable,Not Applicable,181,Not Applicable,0,,
2024-07-26 02:00:00,CNR7231845833,Canceled by Driver,CID681208,Bike,Banashankari,Rajajinagar,,,Not Applicable,Customer was coughing/sick,Not Applicable,Not Applicable,699,Not Applicable,0,,
2024-07-04 21:39:00,CNR2745258868,Success,CID449300,Prime Plus,BTM Layout,Majestic,126.0,60.0,Not Applicable,Not Applicable,No,Not Applicable,771,Cash,40,4.5,3.1
2024-07-30 12:37:00,CNR1161074766,Canceled by Driver,CID668072,Mini,Bannerghatta Road,Sarjapur Road,,,Not Applicable,Customer was coughing/sick,Not Applicable,Not Applicable,406,Not Applicable,0,,
2024-07-13 02:15:00,CNR2161548754,Driver Not Found,CID638438,Mini,Hennur,Nagarbhavi,,,Not Applicable,Not Applicable,Not Applicable,Not Applicable,219,Not Applicable,0,,
2024-07-24 11:32:00,CNR1126730326,Success,CID537705,Prime Sedan,Rajarajeshwari Nagar,Bannerghatta Road,161.0,45.0,Not Applicable,Not Applicable,No,Not Applicable,606,Cash,8,4.9,3.9
2024-07-10 21:48:00,CNR6141147782,Canceled by Customer,CID688441,Prime Plus,MG Road,Hulimavu,,,Change of plans,Not Applicable,Not Applicable,Not Applicable,469,Not Applicable,0,,
2024-07-15 10:15:00,CNR7295240392,Success,CID913206,Mini,Padmanabhanagar,Langford Town,105.0,50.0,Not Applicable,Not Applicable,No,Not Applicable,462,Cash,37,3.2,4.4
2024-07-11 21:09:00,CNR1245558512,Success,CID111094,Bike,Langford Town,BTM Layout,77.0,75.0,Not Applicable,Not Applicable,No,Not Applicable,402,Cash,39,4.9,4.2
2024-07-07 22:37:00,CNR4624066646,Success,CID323900,Auto,Shantinagar,Ramamurthy Nagar,91.0,65.0,Not Applicable,Not Applicable,No,Not Applicable,159,Cash,2,4.8,3.6
2024-07-09 11:47:00,CNR8737612571,Success,CID122179,Prime Sedan,Langford Town,Ulsoor,98.0,130.0,Not Applicable,Not Applicable,No,Not Applicable,206,Cash,17,3.2,3.3
2024-07-21 23:49:00,CNR7047376541,Canceled by Driver,CID216197,eBike,Richmond Town,JP Nagar,,,Not Applicable,Personal & Car related issue,Not Applicable,Not Applicable,512,Not Applicable,0,,
2024-07-20 04:28:00,CNR6836479910,Canceled by Driver,CID526877,Mini,Chickpet,Hebbal,,,Not Applicable,Customer was coughing/sick,Not Applicable,Not Applicable,597,Not Applicable,0,,
2024-07-29 20:39:00,CNR1292731462,Canceled by Customer,CID323563,eBike,Frazer Town,MG Road,,,Driver asked to cancel,Not Applicable,Not Applicable,Not Applicable,2645,Not Applicable,0,,
2024-07-05 10:40:00,CNR5233351218,Canceled by Driver,CID567008,Mini,Nagarbhavi,Whitefield,,,Not Applicable,Personal & Car related issue,Not Applicable,Not Applicable,1164,Not Applicable,0,,
2024-07-24 09:29:00,CNR6754976107,Success,CID237583,Prime SUV,Electronic City,Kammanahalli,252.0,135.0,Not Applicable,Not Applicable,No,Not Applicable,269,Cash,2,4.6,4.6
2024-07-06 21:12:00,CNR7004067572,Canceled by Customer,CID758377,Auto,Koramangala,Sahakar Nagar,,,Driver asked to cancel,Not Applicable,Not Applicable,Not Applicable,327,Not Applicable,0,,
2024-07-29 10:12:00,CNR2959373129,Success,CID499758,Prime Plus,Kammanahalli,Chamarajpet,280.0,55.0,Not Applicable,Not Applicable,No,Not Applicable,837,Cash,1,4.7,3.8
2024-07-01 09:36:00,CNR5534540358,Canceled by Customer,CID243465,Auto,Hennur,Frazer Town,,,Driver is not moving towards pickup location,Not Applicable,Not Applicable,Not Applicable,246,Not Applicable,0,,
2024-07-16 07:10:00,CNR8905078421,Success,CID826003,Bike,Hulimavu,Yelahanka,266.0,120.0,Not Applicable,Not Applicable,No,Not Applicable,1780,Cash,31,3.7,3.5
2024-07-27 19:50:00,CNR9585990256,Success,CID734672,Prime SUV,Majestic,Hulimavu,98.0,135.0,Not Applicable,Not Applicable,No,Not Applicable,276,Cash,43,3.4,4.0
2024-07-04 15:54:00,CNR2460101008,Canceled by Driver,CID374815,Bike,Hosur Road,Indiranagar,,,Not Applicable,Customer related issue,Not Applicable,Not Applicable,326,Not Applicable,0,,
2024-07-26 22:18:00,CNR7475706149,Success,CID590237,Prime Sedan,Hennur,Langford Town,140.0,115.0,Not Applicable,Not Applicable,No,Not Applicable,334,Cash,40,4.5,3.5
2024-07-22 05:47:00,CNR2979620275,Success,CID198713,Prime Sedan,JP Nagar,Bellandur,182.0,90.0,Not Applicable,Not Applicable,No,Not Applicable,316,Cash,32,3.5,4.3
2024-07-12 11:32:00,CNR3190829440,Success,CID517335,Bike,Hennur,Bannerghatta Road,140.0,115.0,Not Applicable,Not Applicable,Yes,Vehicle Breakdown,307,Cash,36,3.9,4.2
2024-07-15 16:50:00,CNR9736836072,Success,CID808075,Prime Sedan,Jayanagar,Majestic,301.0,110.0,Not Applicable,Not Applicable,No,Not Applicable,117,Cash,16,3.3,3.9
2024-07-18 19:33:00,CNR4798034867,Driver Not Found,CID875846,Prime Sedan,Koramangala,Hebbal,,,Not Applicable,Not Applicable,Not Applicable,Not Applicable,638,Not Applicable,0,,
2024-07-07 09:57:00,CNR3858506972,Success,CID718040,Bike,Yelahanka,Banashankari,126.0,50.0,Not Applicable,Not Applicable,No,Not Applicable,382,UPI,17,3.3,5.0
2024-07-14 23:11:00,CNR4777335560,Canceled by Driver,CID966221,Bike,Indiranagar,Rajarajeshwari Nagar,,,Not Applicable,Customer related issue,Not Applicable,Not Applicable,428,Not Applicable,0,,
2024-07-20 02:04:00,CNR1691896457,Canceled by Customer,CID929306,Prime Sedan,Padmanabhanagar,Shivajinagar,,,Driver asked to cancel,Not Applicable,Not Applicable,Not Applicable,466,Not Applicable,0,,
2024-07-29 01:23:00,CNR1174834095,Success,CID552688,Prime Plus,Hennur,Shivajinagar,42.0,35.0,Not Applicable,Not Applicable,No,Not Applicable,368,Cash,10,3.3,4.5
2024-07-24 05:50:00,CNR4326000938,Success,CID263013,Prime SUV,Chamarajpet,Devanahalli,105.0,90.0,Not Applicable,Not Applicable,No,Not Applicable,283,Cash,20,4.0,3.5
2024-07-24 17:51:00,CNR9496860994,Success,CID312004,Auto,Ramamurthy Nagar,KR Puram,49.0,125.0,Not Applicable,Not Applicable,No,Not Applicable,445,UPI,7,4.3,3.4
2024-07-22 16:51:00,CNR6725555137,Driver Not Found,CID516835,Bike,Whitefield,Bellandur,,,Not Applicable,Not Applicable,Not Applicable,Not Applicable,136,Not Applicable,0,,
2024-07-25 08:51:00,CNR1713013145,Success,CID943560,Mini,Cox Town,Cox Town,112.0,40.0,Not Applicable,Not Applicable,Yes,Vehicle Breakdown,1101,Cash,40,3.9,3.9
2024-07-14 16:32:00,CNR7975731690,Success,CID281445,Prime Plus,Whitefield,Cox Town,77.0,40.0,Not Applicable,Not Applicable,No,Not Applicable,427,Cash,21,4.7,4.5
2024-07-29 09:38:00,CNR3458687241,Success,CID294390,Mini,HSR Layout,Sahakar Nagar,259.0,140.0,Not Applicable,Not Applicable,No,Not Applicable,193,Cash,11,3.4,4.8
2024-07-14 09:51:00,CNR2907592559,Canceled by Driver,CID552592,Bike,Koramangala,Rajarajeshwari Nagar,,,Not Applicable,Customer related issue,Not Applicable,Not Applicable,341,Not Applicable,0,,
2024-07-05 00:28:00,CNR1449323530,Success,CID585755,Prime Sedan,Rajarajeshwari Nagar,Magadi Road,203.0,80.0,Not Applicable,Not Applicable,No,Not Applicable,132,UPI,37,3.0,4.6
2024-07-03 00:45:00,CNR3518905166,Success,CID764919,Prime Sedan,Yelahanka,Chickpet,112.0,100.0,Not Applicable,Not Applicable,No,Not Applicable,104,UPI,25,4.8,3.3
2024-07-28 20:01:00,CNR1636235412,Canceled by Customer,CID114200,eBike,Yeshwanthpur,Kammanahalli,,,Driver is not moving towards pickup location,Not Applicable,Not Applicable,Not Applicable,263,Not Applicable,0,,
2024-07-02 19:58:00,CNR2395637525,Canceled by Customer,CID234426,eBike,Chamarajpet,Devanahalli,,,Driver is not moving towards pickup location,Not Applicable,Not Applicable,Not Applicable,307,Not Applicable,0,,
2024-07-08 11:13:00,CNR9805891598,Driver Not Found,CID943806,Prime Sedan,Whitefield,Tumkur Road,,,Not Applicable,Not Applicable,Not Applicable,Not Applicable,363,Not Applicable,0,,
2024-07-28 20:54:00,CNR5890851215,Canceled by Driver,CID260224,Prime Sedan,Hulimavu,RT Nagar,,,Not Applicable,Customer was coughing/sick,Not Applicable,Not Applicable,129,Not Applicable,0,,
2024-07-21 02:35:00,CNR8712167441,Success,CID987856,Prime Sedan,Varthur,Yeshwanthpur,245.0,70.0,Not Applicable,Not Applicable,No,Not Applicable,586,Credit Card,23,3.3,4.2
2024-07-25 11:18:00,CNR8276490223,Success,CID921436,Mini,MG Road,Koramangala,56.0,135.0,Not Applicable,Not Applicable,No,Not Applicable,809,Cash,25,4.2,5.0
2024-07-20 18:40:00,CNR1112736001,Canceled by Driver,CID621374,Prime Sedan,Banashankari,Langford Town,,,Not Applicable,More than permitted people in there,Not Applicable,Not Applicable,393,Not Applicable,0,,
2024-07-07 22:11:00,CNR1133307785,Success,CID813996,Prime Plus,Devanahalli,Shivajinagar,168.0,50.0,Not Applicable,Not Applicable,No,Not Applicable,293,Cash,6,5.0,4.1
2024-07-30 12:16:00,CNR6911327376,Success,CID561770,Bike,Yelahanka,Banashankari,259.0,80.0,Not Applicable,Not Applicable,No,Not Applicable,288,Cash,12,4.6,3.6
2024-07-12 09:40:00,CNR1192643220,Success,CID554562,Prime Sedan,Peenya,HSR Layout,126.0,115.0,Not Applicable,Not Applicable,No,Not Applicable,318,UPI,8,3.1,4.9
2024-07-28 17:44:00,CNR2642594142,Success,CID315711,Prime SUV,Richmond Town,Bellandur,231.0,55.0,Not Applicable,Not Applicable,No,Not Applicable,375,Cash,9,4.5,3.3
2024-07-22 11:57:00,CNR2034852183,Success,CID576749,Mini,Hosur Road,Whitefield,77.0,95.0,Not Applicable,Not Applicable,No,Not Applicable,946,Cash,3,3.9,4.2
2024-07-23 16:16:00,CNR4261678895,Success,CID598575,eBike,Kammanahalli,Shivajinagar,168.0,105.0,Not Applicable,Not Applicable,No,Not Applicable,748,Cash,13,3.8,4.5
2024-07-06 17:03:00,CNR9358167861,Driver Not Found,CID891379,Bike,Padmanabhanagar,Kengeri,,,Not Applicable,Not Applicable,Not Applicable,Not Applicable,846,Not Applicable,0,,
2024-07-30 05:29:00,CNR2217206094,Success,CID792495,Prime Sedan,MG Road,Frazer Town,147.0,25.0,Not Applicable,Not Applicable,No,Not Applicable,873,Cash,20,4.6,3.4
2024-07-28 20:33:00,CNR1850268921,Canceled by Customer,CID214803,Prime Sedan,Kadugodi,Padmanabhanagar,,,Driver is not moving towards pickup location,Not Applicable,Not Applicable,Not Applicable,273,Not Applicable,0,,
2024-07-27 06:09:00,CNR2192942080,Success,CID315970,Bike,Hulimavu,Hosur Road,161.0,90.0,Not Applicable,Not Applicable,No,Not Applicable,223,Cash,17,4.9,3.3
2024-07-01 20:59:00,CNR4508854060,Driver Not Found,CID838202,eBike,HSR Layout,Nagarbhavi,,,Not Applicable,Not Applicable,Not Applicable,Not Applicable,587,Not Applicable,0,,
2024-07-18 14:30:00,CNR7825010170,Canceled by Customer,CID101602,eBike,Kammanahalli,Yelahanka,,,Driver is not moving towards pickup location,Not Applicable,Not Applicable,Not Applicable,192,Not Applicable,0,,
2024-07-19 12:58:00,CNR5841057419,Success,CID576572,Auto,KR Puram,Chamarajpet,266.0,105.0,Not Applicable,Not Applicable,No,Not Applicable,446,UPI,11,3.9,4.9
2024-07-16 12:19:00,CNR1817528750,Success,CID339851,Prime Sedan,Devanahalli,Malleshwaram,56.0,65.0,Not Applicable,Not Applicable,No,Not Applicable,1717,Cash,10,3.0,3.8
2024-07-29 03:00:00,CNR6189630017,Success,CID954150,Mini,Majestic,Nagarbhavi,119.0,65.0,Not Applicable,Not Applicable,No,Not Applicable,886,UPI,47,4.4,3.6
2024-07-02 07:02:00,CNR4795442153,Success,CID954724,Prime Sedan,Varthur,KR Puram,210.0,95.0,Not Applicable,Not Applicable,No,Not Applicable,577,Cash,9,3.6,4.9
2024-07-13 21:03:00,CNR4699507138,Success,CID343917,eBike,Rajajinagar,Indiranagar,77.0,135.0,Not Applicable,Not Applicable,No,Not Applicable,187,Cash,15,3.1,4.8
2024-07-03 20:28:00,CNR9256485351,Success,CID862792,Prime Sedan,Sarjapur Road,Peenya,280.0,125.0,Not Applicable,Not Applicable,No,Not Applicable,696,Cash,30,4.5,5.0
2024-07-06 04:53:00,CNR3009857833,Canceled by Customer,CID369245,Prime Plus,Marathahalli,RT Nagar,,,AC is Not working,Not Applicable,Not Applicable,Not Applicable,661,Not Applicable,0,,
2024-07-02 13:02:00,CNR6943421502,Success,CID669477,Bike,Jayanagar,HSR Layout,35.0,100.0,Not Applicable,Not Applicable,No,Not Applicable,312,Cash,40,4.6,3.3
2024-07-17 15:19:00,CNR7257123718,Success,CID239220,Mini,Yelahanka,Sahakar Nagar,182.0,95.0,Not Applicable,Not Applicable,No,Not Applicable,682,UPI,22,4.4,4.4
2024-07-23 06:52:00,CNR7436548889,Canceled by Customer,CID166632,Prime SUV,Chickpet,Mysore Road,,,Wrong Address,Not Applicable,Not Applicable,Not Applicable,993,Not Applicable,0,,
2024-07-12 11:48:00,CNR9152909051,Success,CID292863,Prime Sedan,Tumkur Road,Devanahalli,49.0,110.0,Not Applicable,Not Applicable,No,Not Applicable,448,UPI,23,4.8,3.7
2024-07-01 05:52:00,CNR6369236351,Success,CID380765,Auto,Hennur,Kadugodi,70.0,75.0,Not Applicable,Not Applicable,No,Not Applicable,2338,UPI,11,4.0,4.3
2024-07-12 21:07:00,CNR6270968420,Driver Not Found,CID370730,eBike,Nagarbhavi,Banashankari,,,Not Applicable,Not Applicable,Not Applicable,Not Applicable,856,Not Applicable,0,,
2024-07-17 21:00:00,CNR4386368055,Success,CID549127,Auto,Whitefield,Ramamurthy Nagar,35.0,135.0,Not Applicable,Not Applicable,No,Not Applicable,2209,Cash,8,4.4,4.4
2024-07-09 08:43:00,CNR9380882472,Canceled by Customer,CID698295,Prime SUV,Chamarajpet,Kadugodi,,,Driver is not moving towards pickup location,Not Applicable,Not Applicable,Not Applicable,264,Not Applicable,0,,
2024-07-21 15:30:00,CNR9793279923,Canceled by Customer,CID920143,Mini,Sahakar Nagar,Majestic,,,AC is Not working,Not Applicable,Not Applicable,Not Applicable,614,Not Applicable,0,,
2024-07-25 09:43:00,CNR4693785966,Canceled by Driver,CID475136,Prime Sedan,Ulsoor,Chamarajpet,,,Not Applicable,Personal & Car related issue,Not Applicable,Not Applicable,249,Not Applicable,0,,
2024-07-05 02:16:00,CNR3070411557,Success,CID973809,eBike,Basavanagudi,Rajajinagar,161.0,120.0,Not Applicable,Not Applicable,No,Not Applicable,102,UPI,40,3.9,4.7
2024-07-02 14:02:00,CNR9778303557,Success,CID781400,Prime Sedan,Vijayanagar,Rajajinagar,217.0,105.0,Not Applicable,Not Applicable,No,Not Applicable,2600,UPI,13,3.4,4.8
2024-07-29 10:01:00,CNR1959085687,Success,CID153288,Auto,MG Road,Sarjapur Road,56.0,55.0,Not Applicable,Not Applicable,No,Not Applicable,752,Credit Card,3,3.6,3.0
2024-07-02 07:14:00,CNR3402764312,Success,CID131396,Prime Sedan,Shivajinagar,KR Puram,119.0,50.0,Not Applicable,Not Applicable,No,Not Applicable,351,Cash,7,4.9,3.8
2024-07-06 12:35:00,CNR1913074679,Success,CID676608,Mini,Koramangala,Jayanagar,56.0,30.0,Not Applicable,Not Applicable,No,Not Applicable,428,Cash,42,5.0,4.4
2024-07-12 16:44:00,CNR3836497744,Success,CID408374,eBike,Marathahalli,Tumkur Road,238.0,85.0,Not Applicable,Not Applicable,No,Not Applicable,334,Cash,47,3.8,4.8
2024-07-04 10:41:00,CNR7317130857,Success,CID960273,Mini,Bannerghatta Road,Devanahalli,56.0,75.0,Not Applicable,Not Applicable,No,Not Applicable,181,UPI,35,3.7,4.6
2024-07-23 11:46:00,CNR3827679378,Success,CID464872,Mini,KR Puram,Majestic,217.0,130.0,Not Applicable,Not Applicable,No,Not Applicable,2676,UPI,21,4.1,4.7
2024-07-20 21:30:00,CNR3162101681,Success,CID159601,Prime Plus,Tumkur Road,Chamarajpet,91.0,60.0,Not Applicable,Not Applicable,No,Not Applicable,385,UPI,11,3.4,3.8
2024-07-05 04:25:00,CNR9337062618,Success,CID113958,Prime SUV,Magadi Road,Sarjapur Road,35.0,35.0,Not Applicable,Not Applicable,No,Not Applicable,372,Credit Card,2,4.1,4.1
2024-07-29 15:10:00,CNR5045558359,Success,CID877470,Bike,Hennur,Rajarajeshwari Nagar,203.0,80.0,Not Applicable,Not Applicable,No,Not Applicable,1087,UPI,45,3.7,4.5
2024-07-11 09:44:00,CNR6842607672,Success,CID292301,Auto,Whitefield,Majestic,105.0,90.0,Not Applicable,Not Applicable,No,Not Applicable,719,UPI,4,4.4,3.0
2024-07-02 04:44:00,CNR8015247246,Success,CID674360,Mini,Padmanabhanagar,Bannerghatta Road,280.0,70.0,Not Applicable,Not Applicable,No,Not Applicable,483,Cash,20,3.3,3.1
2024-07-27 10:15:00,CNR5008661474,Success,CID648785,Mini,Cox Town,Bannerghatta Road,238.0,90.0,Not Applicable,Not Applicable,No,Not Applicable,219,UPI,9,3.3,4.2
2024-07-23 01:05:00,CNR5554846212,Success,CID238684,Auto,Whitefield,Chamarajpet,231.0,75.0,Not Applicable,Not Applicable,No,Not Applicable,112,UPI,12,4.8,3.1
2024-07-23 17:10:00,CNR9388559079,Canceled by Driver,CID918700,Mini,Magadi Road,Indiranagar,,,Not Applicable,Customer was coughing/sick,Not Applicable,Not Applicable,1862,Not Applicable,0,,
2024-07-18 00:03:00,CNR2050293616,Success,CID299826,Prime Sedan,Kammanahalli,Ulsoor,210.0,90.0,Not Applicable,Not Applicable,No,Not Applicable,2680,Cash,45,3.4,4.0
2024-07-03 04:51:00,CNR3685093498,Success,CID939891,Prime SUV,Yeshwanthpur,Hennur,308.0,75.0,Not Applicable,Not Applicable,No,Not Applicable,356,Cash,36,4.2,4.6
2024-07-24 02:16:00,CNR1758893042,Canceled by Customer,CID119821,Bike,Indiranagar,Kammanahalli,,,Driver is not moving towards pickup location,Not Applicable,Not Applicable,Not Applicable,181,Not Applicable,0,,
2024-07-22 10:42:00,CNR8810747970,Canceled by Customer,CID606745,Prime Plus,Hebbal,Hennur,,,Wrong Address,Not Applicable,Not Applicable,Not Applicable,277,Not Applicable,0,,
2024-07-04 07:26:00,CNR6172696446,Canceled by Customer,CID591429,eBike,Devanahalli,Hennur,,,AC is Not working,Not Applicable,Not Applicable,Not Applicable,416,Not Applicable,0,,
2024-07-14 20:49:00,CNR6351755608,Success,CID227221,Bike,KR Puram,Nagarbhavi,224.0,120.0,Not Applicable,Not Applicable,No,Not Applicable,684,Cash,39,3.5,3.9
2024-07-14 22:50:00,CNR3171760673,Success,CID697392,eBike,Malleshwaram,Sahakar Nagar,196.0,50.0,Not Applicable,Not Applicable,No,Not Applicable,1686,UPI,42,3.1,3.9
2024-07-25 13:48:00,CNR4456158215,Success,CID145296,Prime SUV,Hennur,Shantinagar,91.0,75.0,Not Applicable,Not Applicable,No,Not Applicable,220,Cash,24,4.5,4.1
2024-07-22 22:56:00,CNR1315789746,Canceled by Customer,CID925493,Auto,Devanahalli,Kengeri,,,AC is Not working,Not Applicable,Not Applicable,Not Applicable,442,Not Applicable,0,,
2024-07-24 09:35:00,CNR2515720801,Success,CID816074,Prime Plus,Rajarajeshwari Nagar,MG Road,266.0,40.0,Not Applicable,Not Applicable,No,Not Applicable,661,Cash,23,4.0,3.3
2024-07-13 07:16:00,CNR9454226002,Success,CID912824,Bike,Bellandur,Tumkur Road,49.0,85.0,Not Applicable,Not Applicable,No,Not Applicable,212,UPI,46,5.0,4.8
2024-07-04 02:30:00,CNR8047131436,Canceled by Driver,CID588280,Prime Plus,Basavanagudi,Marathahalli,,,Not Applicable,Customer was coughing/sick,Not Applicable,Not Applicable,150,Not Applicable,0,,
2024-07-02 00:42:00,CNR7887964470,Driver Not Found,CID971901,eBike,Marathahalli,Bannerghatta Road,,,Not Applicable,Not Applicable,Not Applicable,Not Applicable,210,Not Applicable,0,,
2024-07-13 18:03:00,CNR2677524234,Canceled by Driver,CID662611,Prime SUV,Varthur,Chickpet,,,Not Applicable,Personal & Car related issue,Not Applicable,Not Applicable,311,Not Applicable,0,,
2024-07-09 15:04:00,CNR8074249596,Canceled by Driver,CID903285,Mini,Indiranagar,Chamarajpet,,,Not Applicable,Customer related issue,Not Applicable,Not Applicable,2569,Not Applicable,0,,
2024-07-29 10:32:00,CNR2878528082,Success,CID535340,eBike,Yeshwanthpur,Ulsoor,147.0,60.0,Not Applicable,Not Applicable,No,Not Applicable,326,UPI,14,3.9,3.6
2024-07-21 09:11:00,CNR9881606930,Success,CID270094,Prime Plus,Electronic City,Kammanahalli,42.0,135.0,Not Applicable,Not Applicable,No,Not Applicable,295,UPI,16,3.8,4.2
2024-07-30 06:42:00,CNR7711257918,Success,CID190209,Prime Sedan,Banashankari,Kadugodi,161.0,35.0,Not Applicable,Not Applicable,No,Not Applicable,287,Cash,32,4.5,4.3
2024-07-06 20:01:00,CNR4226707053,Success,CID360230,Prime Sedan,MG Road,Devanahalli,70.0,105.0,Not Applicable,Not Applicable,No,Not Applicable,816,Cash,41,3.1,4.0
2024-07-01 02:32:00,CNR4341746680,Success,CID190348,Bike,Langford Town,Chamarajpet,280.0,145.0,Not Applicable,Not Applicable,No,Not Applicable,171,Cash,12,3.7,3.3
2024-07-27 11:52:00,CNR7167014744,Success,CID230548,eBike,Whitefield,Cox Town,259.0,55.0,Not Applicable,Not Applicable,No,Not Applicable,2646,Cash,14,3.7,3.7
2024-07-11 01:02:00,CNR2989673324,Success,CID540939,Auto,Sarjapur Road,Ramamurthy Nagar,84.0,50.0,Not Applicable,Not Applicable,No,Not Applicable,295,UPI,11,3.8,4.5
2024-07-27 14:29:00,CNR1977968235,Success,CID766437,Prime Sedan,Tumkur Road,Varthur,168.0,105.0,Not Applicable,Not Applicable,No,Not Applicable,349,UPI,20,4.5,4.2
2024-07-09 07:27:00,CNR8666298845,Success,CID205847,Mini,Nagarbhavi,Hulimavu,140.0,40.0,Not Applicable,Not Applicable,No,Not Applicable,182,Cash,28,4.4,4.1
2024-07-04 03:54:00,CNR9427584082,Success,CID462153,Prime Sedan,Chickpet,Sahakar Nagar,217.0,85.0,Not Applicable,Not Applicable,Yes,Customer Demand,151,Credit Card,16,3.3,5.0
2024-07-18 07:02:00,CNR7883848305,Canceled by Customer,CID816754,Prime Sedan,Ulsoor,Banashankari,,,Driver is not moving towards pickup location,Not Applicable,Not Applicable,Not Applicable,2982,Not Applicable,0,,
2024-07-12 18:52:00,CNR3527756527,Driver Not Found,CID929943,Auto,Bellandur,Hennur,,,Not Applicable,Not Applicable,Not Applicable,Not Applicable,325,Not Applicable,0,,
2024-07-10 05:55:00,CNR4785753430,Success,CID270707,Prime Sedan,Sarjapur Road,Frazer Town,126.0,90.0,Not Applicable,Not Applicable,No,Not Applicable,687,Cash,35,5.0,4.7
2024-07-23 05:10:00,CNR2784616636,Success,CID290575,Bike,Electronic City,Koramangala,168.0,130.0,Not Applicable,Not Applicable,Yes,Customer Demand,373,Cash,8,4.7,4.5
2024-07-04 11:24:00,CNR6427909646,Canceled by Customer,CID697105,eBike,MG Road,Hennur,,,Driver is not moving towards pickup location,Not Applicable,Not Applicable,Not Applicable,352,Not Applicable,0,,
2024-07-24 11:00:00,CNR7761680392,Success,CID106360,Prime SUV,Ramamurthy Nagar,JP Nagar,77.0,110.0,Not Applicable,Not Applicable,No,Not Applicable,281,Cash,31,4.7,3.6
2024-07-03 03:53:00,CNR8902774050,Success,CID193645,Auto,MG Road,Langford Town,175.0,115.0,Not Applicable,Not Applicable,No,Not Applicable,459,Cash,10,4.3,3.4
2024-07-29 07:59:00,CNR4135614147,Success,CID388032,Auto,Peenya,Banashankari,49.0,65.0,Not Applicable,Not Applicable,No,Not Applicable,292,Cash,5,4.0,4.7
2024-07-27 01:43:00,CNR9222552006,Success,CID218609,Prime Plus,Peenya,Kengeri,273.0,70.0,Not Applicable,Not Applicable,No,Not Applicable,314,Cash,30,3.8,4.4
2024-07-11 19:00:00,CNR5554167690,Canceled by Driver,CID435383,Prime SUV,Whitefield,Kengeri,,,Not Applicable,Customer was coughing/sick,Not Applicable,Not Applicable,251,Not Applicable,0,,
2024-07-16 01:57:00,CNR7649067131,Canceled by Driver,CID271300,Mini,Malleshwaram,Indiranagar,,,Not Applicable,Customer was coughing/sick,Not Applicable,Not Applicable,431,Not Applicable,0,,
2024-07-16 00:50:00,CNR7782739788,Canceled by Driver,CID824830,eBike,Chickpet,Kengeri,,,Not Applicable,Customer related issue,Not Applicable,Not Applicable,142,Not Applicable,0,,
2024-07-03 19:05:00,CNR7383655884,Canceled by Driver,CID799419,eBike,Padmanabhanagar,Yeshwanthpur,,,Not Applicable,Customer related issue,Not Applicable,Not Applicable,349,Not Applicable,0,,
2024-07-08 16:32:00,CNR5640195055,Success,CID144655,Prime SUV,Vijayanagar,Electronic City,231.0,40.0,Not Applicable,Not Applicable,No,Not Applicable,388,UPI,11,4.9,3.1
2024-07-19 13:41:00,CNR1097526723,Canceled by Driver,CID441991,Prime Plus,Shivajinagar,Hulimavu,,,Not Applicable,Customer related issue,Not Applicable,Not Applicable,467,Not Applicable,0,,
2024-07-07 09:33:00,CNR4313495886,Success,CID356053,eBike,Marathahalli,Nagarbhavi,147.0,30.0,Not Applicable,Not Applicable,Yes,Customer Demand,209,Cash,26,3.1,4.3
2024-07-15 15:52:00,CNR7485094259,Canceled by Driver,CID311433,Prime SUV,BTM Layout,Frazer Town,,,Not Applicable,Customer was coughing/sick,Not Applicable,Not Applicable,360,Not Applicable,0,,
2024-07-13 09:19:00,CNR7574288703,Success,CID854840,Prime SUV,Koramangala,Yeshwanthpur,161.0,100.0,Not Applicable,Not Applicable,No,Not Applicable,431,Cash,48,4.4,4.4
2024-07-07 12:15:00,CNR9824725163,Canceled by Customer,CID753246,Prime SUV,Yeshwanthpur,Richmond Town,,,Driver is not moving towards pickup location,Not Applicable,Not Applicable,Not Applicable,424,Not Applicable,0,,
2024-07-29 02:18:00,CNR2439335539,Canceled by Customer,CID714717,Prime SUV,Chickpet,Cox Town,,,Driver is not moving towards pickup location,Not Applicable,Not Applicable,Not Applicable,197,Not Applicable,0,,
2024-07-27 17:48:00,CNR6146275487,Canceled by Driver,CID385935,Prime SUV,Cox Town,Sahakar Nagar,,,Not Applicable,Customer was coughing/sick,Not Applicable,Not Applicable,399,Not Applicable,0,,
2024-07-15 17:04:00,CNR2333096372,Driver Not Found,CID277702,Prime SUV,RT Nagar,Yeshwanthpur,,,Not Applicable,Not Applicable,Not Applicable,Not Applicable,204,Not Applicable,0,,
2024-07-09 10:35:00,CNR3113736904,Canceled by Driver,CID139118,eBike,Devanahalli,Electronic City,,,Not Applicable,More than permitted people in there,Not Applicable,Not Applicable,356,Not Applicable,0,,
2024-07-14 09:02:00,CNR4922301243,Canceled by Driver,CID356928,Prime Plus,Mysore Road,Vijayanagar,,,Not Applicable,Personal & Car related issue,Not Applicable,Not Applicable,449,Not Applicable,0,,
2024-07-17 02:11:00,CNR5913631890,Success,CID795163,Bike,Jayanagar,Koramangala,133.0,25.0,Not Applicable,Not Applicable,No,Not Applicable,489,Cash,39,3.8,4.7
2024-07-12 04:03:00,CNR7516684418,Driver Not Found,CID715472,Prime Plus,Chamarajpet,Hebbal,,,Not Applicable,Not Applicable,Not Applicable,Not Applicable,166,Not Applicable,0,,
2024-07-07 22:04:00,CNR5953324885,Success,CID923362,eBike,Magadi Road,Bellandur,238.0,40.0,Not Applicable,Not Applicable,No,Not Applicable,270,Cash,49,3.5,3.5
2024-07-14 07:31:00,CNR9227890017,Canceled by Driver,CID405738,Bike,Ramamurthy Nagar,Tumkur Road,,,Not Applicable,Personal & Car related issue,Not Applicable,Not Applicable,370,Not Applicable,0,,
2024-07-17 06:38:00,CNR5814825257,Success,CID623222,Prime Plus,Chamarajpet,Sahakar Nagar,287.0,55.0,Not Applicable,Not Applicable,No,Not Applicable,145,UPI,44,3.5,4.2
2024-07-10 12:36:00,CNR8863657864,Success,CID548072,Prime Plus,JP Nagar,Nagarbhavi,273.0,55.0,Not Applicable,Not Applicable,No,Not Applicable,536,UPI,9,4.3,3.8
2024-07-14 18:50:00,CNR9125883186,Success,CID646316,Prime SUV,Rajajinagar,MG Road,56.0,90.0,Not Applicable,Not Applicable,No,Not Applicable,277,Cash,39,4.2,3.6
2024-07-08 07:31:00,CNR8301488889,Canceled by Customer,CID874105,Prime Sedan,Koramangala,Magadi Road,,,Driver asked to cancel,Not Applicable,Not Applicable,Not Applicable,811,Not Applicable,0,,
2024-07-22 20:59:00,CNR5097907055,Success,CID148589,Auto,Magadi Road,Sarjapur Road,112.0,85.0,Not Applicable,Not Applicable,No,Not Applicable,143,UPI,16,3.3,4.5
2024-07-29 14:05:00,CNR5084980618,Driver Not Found,CID899086,Auto,BTM Layout,HSR Layout,,,Not Applicable,Not Applicable,Not Applicable,Not Applicable,619,Not Applicable,0,,
2024-07-06 03:08:00,CNR8499669336,Success,CID132191,Mini,Ramamurthy Nagar,Ramamurthy Nagar,231.0,90.0,Not Applicable,Not Applicable,No,Not Applicable,1061,Cash,12,3.6,3.6
2024-07-12 07:15:00,CNR1889346935,Success,CID182756,Prime Sedan,Hebbal,Rajajinagar,70.0,130.0,Not Applicable,Not Applicable,No,Not Applicable,226,Cash,12,3.6,4.5
2024-07-22 15:11:00,CNR4041155259,Canceled by Driver,CID735158,Auto,Bellandur,Yeshwanthpur,,,Not Applicable,More than permitted people in there,Not Applicable,Not Applicable,482,Not Applicable,0,,
2024-07-09 16:48:00,CNR6649236424,Success,CID297454,Mini,Hennur,JP Nagar,70.0,135.0,Not Applicable,Not Applicable,No,Not Applicable,829,Cash,10,3.7,3.8
2024-07-09 00:59:00,CNR1465597759,Success,CID695725,Prime Plus,Chamarajpet,Indiranagar,77.0,60.0,Not Applicable,Not Applicable,No,Not Applicable,278,Cash,37,3.9,4.4
2024-07-05 16:18:00,CNR5455278237,Success,CID487433,Prime SUV,Kammanahalli,Marathahalli,266.0,70.0,Not Applicable,Not Applicable,No,Not Applicable,322,Cash,44,3.6,3.1
2024-07-23 03:46:00,CNR5187746174,Canceled by Driver,CID838646,Auto,Padmanabhanagar,Yeshwanthpur,,,Not Applicable,Customer was coughing/sick,Not Applicable,Not Applicable,388,Not Applicable,0,,
2024-07-01 13:09:00,CNR7326452472,Canceled by Customer,CID632695,Mini,Kadugodi,Padmanabhanagar,,,Driver asked to cancel,Not Applicable,Not Applicable,Not Applicable,101,Not Applicable,0,,
2024-07-17 21:05:00,CNR9025758658,Success,CID314120,Prime Plus,Magadi Road,Marathahalli,210.0,90.0,Not Applicable,Not Applicable,No,Not Applicable,200,UPI,21,3.2,5.0
2024-07-08 22:25:00,CNR7482446272,Canceled by Driver,CID807046,eBike,BTM Layout,Sahakar Nagar,,,Not Applicable,Customer was coughing/sick,Not Applicable,Not Applicable,2897,Not Applicable,0,,
2024-07-07 07:30:00,CNR2545368401,Success,CID258448,Bike,Cox Town,KR Puram,182.0,125.0,Not Applicable,Not Applicable,No,Not Applicable,220,Cash,38,3.7,3.8
2024-07-17 00:52:00,CNR8134529601,Success,CID872693,eBike,Tumkur Road,Koramangala,70.0,115.0,Not Applicable,Not Applicable,No,Not Applicable,415,UPI,8,4.0,4.8
2024-07-17 15:10:00,CNR4528729739,Success,CID913253,Prime Plus,Varthur,MG Road,238.0,45.0,Not Applicable,Not Applicable,No,Not Applicable,452,Cash,30,4.8,4.8
2024-07-04 01:04:00,CNR4876976542,Success,CID506926,Prime SUV,Langford Town,Vijayanagar,42.0,50.0,Not Applicable,Not Applicable,No,Not Applicable,981,UPI,32,3.8,3.9
2024-07-12 17:57:00,CNR7892132173,Canceled by Customer,CID989004,Auto,Rajajinagar,Hebbal,,,Driver is not moving towards pickup location,Not Applicable,Not Applicable,Not Applicable,640,Not Applicable,0,,
2024-07-09 09:42:00,CNR2054194650,Success,CID439693,Bike,Basavanagudi,Hennur,91.0,105.0,Not Applicable,Not Applicable,No,Not Applicable,790,UPI,48,4.1,4.8
2024-07-15 12:22:00,CNR6934078052,Success,CID953857,eBike,Vijayanagar,Hennur,70.0,140.0,Not Applicable,Not Applicable,No,Not Applicable,219,Cash,19,4.6,4.0
2024-07-17 18:30:00,CNR4842919969,Success,CID991913,Auto,Bannerghatta Road,Shantinagar,119.0,145.0,Not Applicable,Not Applicable,No,Not Applicable,340,Cash,14,3.6,3.9
2024-07-21 05:21:00,CNR1254033596,Canceled by Driver,CID456984,Prime Sedan,Mysore Road,Cox Town,,,Not Applicable,Customer related issue,Not Applicable,Not Applicable,2429,Not Applicable,0,,
2024-07-01 23:27:00,CNR2845453145,Success,CID574879,eBike,HSR Layout,Shivajinagar,161.0,70.0,Not Applicable,Not Applicable,No,Not Applicable,730,Cash,16,4.0,3.9
2024-07-27 04:50:00,CNR5295386080,Driver Not Found,CID795986,Prime Sedan,Ulsoor,BTM Layout,,,Not Applicable,Not Applicable,Not Applicable,Not Applicable,463,Not Applicable,0,,
2024-07-15 10:37:00,CNR8689080866,Success,CID329148,eBike,Bannerghatta Road,Varthur,280.0,70.0,Not Applicable,Not Applicable,No,Not Applicable,457,UPI,33,3.0,4.6
2024-07-10 20:07:00,CNR1243825865,Success,CID307363,Auto,RT Nagar,Hosur Road,112.0,105.0,Not Applicable,Not Applicable,No,Not Applicable,2468,UPI,17,3.4,4.0
2024-07-17 06:43:00,CNR3741359250,Success,CID106808,Mini,Tumkur Road,Whitefield,35.0,140.0,Not Applicable,Not Applicable,No,Not Applicable,371,Cash,28,4.3,3.9
2024-07-19 14:23:00,CNR4378513563,Success,CID857880,eBike,Kadugodi,Shantinagar,35.0,80.0,Not Applicable,Not Applicable,No,Not Applicable,454,UPI,9,4.5,4.0
2024-07-23 03:51:00,CNR2352321905,Success,CID745955,Prime Sedan,Devanahalli,RT Nagar,217.0,65.0,Not Applicable,Not Applicable,No,Not Applicable,2728,UPI,48,4.1,3.3
2024-07-22 18:28:00,CNR4733319102,Canceled by Customer,CID701354,Prime Sedan,Shivajinagar,RT Nagar,,,AC is Not working,Not Applicable,Not Applicable,Not Applicable,494,Not Applicable,0,,
2024-07-26 11:13:00,CNR5832102787,Success,CID102945,eBike,Koramangala,Yeshwanthpur,168.0,100.0,Not Applicable,Not Applicable,No,Not Applicable,199,Cash,3,5.0,3.4
2024-07-02 03:59:00,CNR6499309826,Success,CID329654,eBike,KR Puram,Richmond Town,119.0,135.0,Not Applicable,Not Applicable,No,Not Applicable,123,Cash,42,4.3,3.2
2024-07-24 00:45:00,CNR5759668610,Success,CID431099,Auto,Basavanagudi,Shivajinagar,294.0,140.0,Not Applicable,Not Applicable,No,Not Applicable,554,Credit Card,11,4.5,3.7
2024-07-02 02:18:00,CNR5115065423,Success,CID986052,Mini,Majestic,Nagarbhavi,238.0,60.0,Not Applicable,Not Applicable,No,Not Applicable,333,Cash,9,3.0,3.3
2024-07-21 03:12:00,CNR6356771336,Success,CID992351,eBike,Devanahalli,BTM Layout,161.0,145.0,Not Applicable,Not Applicable,No,Not Applicable,401,UPI,16,3.5,3.1
2024-07-28 11:50:00,CNR8281215342,Success,CID340357,Prime Plus,Yelahanka,Mysore Road,308.0,70.0,Not Applicable,Not Applicable,No,Not Applicable,490,Cash,38,4.1,3.0
2024-07-24 18:26:00,CNR8311933285,Success,CID314347,eBike,BTM Layout,Nagarbhavi,154.0,100.0,Not Applicable,Not Applicable,No,Not Applicable,125,Cash,3,4.0,4.1
2024-07-20 20:20:00,CNR6908649688,Success,CID848394,Auto,Koramangala,Tumkur Road,105.0,85.0,Not Applicable,Not Applicable,Yes,Other Issue,340,Cash,13,4.7,4.8
2024-07-24 00:24:00,CNR1215302574,Success,CID477053,Prime Sedan,Vijayanagar,Chickpet,56.0,125.0,Not Applicable,Not Applicable,No,Not Applicable,599,Credit Card,7,3.4,3.3
2024-07-14 15:58:00,CNR3861456199,Success,CID333008,Prime SUV,Richmond Town,Yeshwanthpur,42.0,105.0,Not Applicable,Not Applicable,No,Not Applicable,295,UPI,6,4.4,3.1
2024-07-06 00:20:00,CNR5470082782,Driver Not Found,CID423479,Mini,BTM Layout,Hennur,,,Not Applicable,Not Applicable,Not Applicable,Not Applicable,456,Not Applicable,0,,
2024-07-02 19:50:00,CNR3474809281,Success,CID937273,Auto,Whitefield,Ramamurthy Nagar,140.0,85.0,Not Applicable,Not Applicable,No,Not Applicable,1372,Cash,8,4.2,4.5
2024-07-18 07:08:00,CNR5062404258,Canceled by Customer,CID317519,Prime Sedan,Majestic,Richmond Town,,,Driver is not moving towards pickup location,Not Applicable,Not Applicable,Not Applicable,740,Not Applicable,0,,
2024-07-27 07:05:00,CNR4136075992,Driver Not Found,CID319888,eBike,Yelahanka,Hosur Road,,,Not Applicable,Not Applicable,Not Applicable,Not Applicable,409,Not Applicable,0,,
2024-07-10 11:07:00,CNR5437661702,Success,CID439311,Bike,Mysore Road,Hebbal,140.0,120.0,Not Applicable,Not Applicable,No,Not Applicable,357,UPI,10,3.8,3.4
2024-07-28 22:10:00,CNR9638455169,Success,CID569416,Bike,Kengeri,Langford Town,301.0,75.0,Not Applicable,Not Applicable,No,Not Applicable,279,UPI,17,4.2,4.6
2024-07-12 17:33:00,CNR6059078386,Canceled by Customer,CID466581,Prime SUV,Kengeri,Varthur,,,AC is Not working,Not Applicable,Not Applicable,Not Applicable,499,Not Applicable,0,,
2024-07-07 12:00:00,CNR9195691584,Canceled by Customer,CID607001,Bike,Padmanabhanagar,Devanahalli,,,Driver is not moving towards pickup location,Not Applicable,Not Applicable,Not Applicable,130,Not Applicable,0,,
2024-07-08 16:38:00,CNR1400499774,Success,CID218412,Prime Plus,Basavanagudi,Frazer Town,168.0,85.0,Not Applicable,Not Applicable,No,Not Applicable,567,UPI,11,3.9,3.4
2024-07-15 15:59:00,CNR8035858723,Success,CID265259,Prime Plus,Frazer Town,Padmanabhanagar,217.0,110.0,Not Applicable,Not Applicable,No,Not Applicable,384,Debit Card,47,3.4,4.9
2024-07-27 09:41:00,CNR7484020916,Success,CID593949,Mini,Malleshwaram,Whitefield,98.0,95.0,Not Applicable,Not Applicable,No,Not Applicable,489,Cash,14,4.2,3.9
2024-07-15 07:41:00,CNR3606647355,Driver Not Found,CID577613,Auto,Electronic City,Hebbal,,,Not Applicable,Not Applicable,Not Applicable,Not Applicable,957,Not Applicable,0,,
2024-07-17 09:14:00,CNR2273775107,Canceled by Driver,CID702628,Prime Plus,Padmanabhanagar,Whitefield,,,Not Applicable,Personal & Car related issue,Not Applicable,Not Applicable,1534,Not Applicable,0,,
2024-07-09 18:21:00,CNR3262036689,Canceled by Customer,CID268255,Prime SUV,Bannerghatta Road,Chamarajpet,,,Driver is not moving towards pickup location,Not Applicable,Not Applicable,Not Applicable,151,Not Applicable,0,,
2024-07-12 19:58:00,CNR6893362258,Success,CID867570,eBike,Hulimavu,Whitefield,56.0,35.0,Not Applicable,Not Applicable,No,Not Applicable,534,UPI,36,4.1,3.8
2024-07-23 16:48:00,CNR9564141996,Canceled by Customer,CID250731,Prime Sedan,Hulimavu,Frazer Town,,,Driver is not moving towards pickup location,Not Applicable,Not Applicable,Not Applicable,279,Not Applicable,0,,
2024-07-21 06:27:00,CNR4041453494,Canceled by Customer,CID871739,Prime SUV,Padmanabhanagar,Yeshwanthpur,,,Driver is not moving towards pickup location,Not Applicable,Not Applicable,Not Applicable,417,Not Applicable,0,,
2024-07-04 14:36:00,CNR1039022450,Success,CID726862,Bike,RT Nagar,Chamarajpet,196.0,90.0,Not Applicable,Not Applicable,No,Not Applicable,286,Cash,44,4.2,4.2
2024-07-07 11:31:00,CNR3285421587,Canceled by Driver,CID687131,Mini,Chamarajpet,Langford Town,,,Not Applicable,Personal & Car related issue,Not Applicable,Not Applicable,526,Not Applicable,0,,
2024-07-26 20:27:00,CNR1219111798,Success,CID542898,Bike,Sahakar Nagar,Yeshwanthpur,63.0,140.0,Not Applicable,Not Applicable,No,Not Applicable,352,Debit Card,20,3.4,3.6
2024-07-13 00:09:00,CNR3798783559,Success,CID816453,Auto,Marathahalli,Bannerghatta Road,42.0,85.0,Not Applicable,Not Applicable,No,Not Applicable,1348,Cash,11,3.8,3.3
2024-07-04 19:20:00,CNR6414420016,Success,CID738200,Mini,Kengeri,Yeshwanthpur,203.0,50.0,Not Applicable,Not Applicable,No,Not Applicable,455,Cash,21,3.9,3.8
2024-07-17 15:40:00,CNR6050956493,Canceled by Driver,CID355776,Prime Sedan,Hennur,Bellandur,,,Not Applicable,Personal & Car related issue,Not Applicable,Not Applicable,141,Not Applicable,0,,
2024-07-08 13:10:00,CNR6324206271,Canceled by Driver,CID849875,Mini,Whitefield,Richmond Town,,,Not Applicable,Personal & Car related issue,Not Applicable,Not Applicable,639,Not Applicable,0,,
2024-07-05 13:54:00,CNR6898144013,Success,CID834653,Prime Sedan,Richmond Town,MG Road,273.0,100.0,Not Applicable,Not Applicable,No,Not Applicable,2801,UPI,35,3.6,4.7
2024-07-18 10:47:00,CNR7359273236,Success,CID128098,Prime SUV,Richmond Town,Nagarbhavi,259.0,80.0,Not Applicable,Not Applicable,No,Not Applicable,674,Cash,23,3.1,4.8
2024-07-11 09:35:00,CNR4161236259,Canceled by Customer,CID379811,Prime Plus,Hebbal,Sahakar Nagar,,,Wrong Address,Not Applicable,Not Applicable,Not Applicable,324,Not Applicable,0,,
2024-07-09 10:18:00,CNR2524641061,Canceled by Customer,CID364716,Prime Plus,Kadugodi,Devanahalli,,,Driver asked to cancel,Not Applicable,Not Applicable,Not Applicable,272,Not Applicable,0,,
2024-07-25 20:49:00,CNR5585750197,Canceled by Driver,CID377640,eBike,Mysore Road,Bellandur,,,Not Applicable,Customer related issue,Not Applicable,Not Applicable,457,Not Applicable,0,,
2024-07-29 12:33:00,CNR3727108393,Success,CID698059,eBike,Ulsoor,Rajarajeshwari Nagar,147.0,45.0,Not Applicable,Not Applicable,Yes,Customer Demand,715,UPI,26,4.2,3.3
2024-07-13 22:50:00,CNR6683122859,Success,CID939770,Auto,Shantinagar,Kengeri,203.0,100.0,Not Applicable,Not Applicable,No,Not Applicable,119,UPI,12,3.2,3.1
2024-07-23 18:12:00,CNR5037533756,Success,CID689800,Prime SUV,Cox Town,KR Puram,49.0,115.0,Not Applicable,Not Applicable,No,Not Applicable,441,Cash,28,3.5,4.3
2024-07-30 17:13:00,CNR9782792003,Success,CID242992,eBike,Koramangala,Langford Town,308.0,40.0,Not Applicable,Not Applicable,No,Not Applicable,1666,Cash,7,4.4,4.4
2024-07-26 03:20:00,CNR3163494805,Success,CID537215,Prime Plus,Shivajinagar,Padmanabhanagar,35.0,105.0,Not Applicable,Not Applicable,No,Not Applicable,365,Cash,21,3.6,3.2
2024-07-13 21:49:00,CNR3883986098,Success,CID988309,Mini,Chamarajpet,Chamarajpet,280.0,95.0,Not Applicable,Not Applicable,No,Not Applicable,442,Cash,29,3.0,4.6
2024-07-11 14:57:00,CNR1264120434,Canceled by Customer,CID911099,Auto,Langford Town,Cox Town,,,Driver asked to cancel,Not Applicable,Not Applicable,Not Applicable,186,Not Applicable,0,,
2024-07-08 08:18:00,CNR5652901824,Canceled by Driver,CID349548,Prime Plus,Whitefield,Sahakar Nagar,,,Not Applicable,Personal & Car related issue,Not Applicable,Not Applicable,214,Not Applicable,0,,
2024-07-09 19:19:00,CNR3313245660,Success,CID522671,Mini,Yelahanka,Ulsoor,140.0,105.0,Not Applicable,Not Applicable,No,Not Applicable,466,Cash,31,3.5,3.4
2024-07-13 11:03:00,CNR6901877646,Success,CID211105,Prime SUV,Padmanabhanagar,Hennur,84.0,80.0,Not Applicable,Not Applicable,No,Not Applicable,751,Cash,38,3.1,4.1
2024-07-18 02:20:00,CNR4832495551,Canceled by Driver,CID106653,Prime Plus,Jayanagar,MG Road,,,Not Applicable,Customer related issue,Not Applicable,Not Applicable,402,Not Applicable,0,,
2024-07-10 19:04:00,CNR3088051418,Canceled by Customer,CID187258,Auto,Indiranagar,Frazer Town,,,Driver is not moving towards pickup location,Not Applicable,Not Applicable,Not Applicable,111,Not Applicable,0,,
2024-07-22 01:03:00,CNR3651809402,Driver Not Found,CID248509,eBike,HSR Layout,Sarjapur Road,,,Not Applicable,Not Applicable,Not Applicable,Not Applicable,105,Not Applicable,0,,
2024-07-16 20:19:00,CNR6368731585,Success,CID612642,Prime SUV,Nagarbhavi,Bellandur,147.0,115.0,Not Applicable,Not Applicable,No,Not Applicable,875,UPI,9,3.3,3.6
2024-07-15 10:00:00,CNR3712821112,Success,CID927959,Mini,KR Puram,Vijayanagar,42.0,65.0,Not Applicable,Not Applicable,No,Not Applicable,373,Cash,30,3.1,4.6
2024-07-04 08:12:00,CNR9177303110,Canceled by Driver,CID839684,eBike,Chamarajpet,Sahakar Nagar,,,Not Applicable,Customer was coughing/sick,Not Applicable,Not Applicable,302,Not Applicable,0,,
2024-07-14 13:05:00,CNR8472411263,Success,CID107904,Prime Plus,Banashankari,Tumkur Road,294.0,70.0,Not Applicable,Not Applicable,No,Not Applicable,674,UPI,27,4.5,3.4
2024-07-20 04:18:00,CNR5248235330,Success,CID696428,Bike,Devanahalli,Sarjapur Road,280.0,145.0,Not Applicable,Not Applicable,Yes,Vehicle Breakdown,216,Cash,36,4.3,4.6
2024-07-28 05:56:00,CNR1157229657,Success,CID316240,Auto,Hebbal,Shantinagar,203.0,30.0,Not Applicable,Not Applicable,No,Not Applicable,525,Cash,12,4.2,3.2
2024-07-18 16:04:00,CNR9675547645,Driver Not Found,CID925364,Bike,Kengeri,Magadi Road,,,Not Applicable,Not Applicable,Not Applicable,Not Applicable,158,Not Applicable,0,,
2024-07-24 08:12:00,CNR7468170631,Canceled by Driver,CID492329,eBike,Richmond Town,RT Nagar,,,Not Applicable,Personal & Car related issue,Not Applicable,Not Applicable,346,Not Applicable,0,,
2024-07-26 20:44:00,CNR2337427670,Canceled by Customer,CID885416,Auto,Rajajinagar,Ulsoor,,,Driver asked to cancel,Not Applicable,Not Applicable,Not Applicable,118,Not Applicable,0,,
2024-07-27 09:26:00,CNR5307795011,Driver Not Found,CID205002,Prime SUV,Koramangala,Majestic,,,Not Applicable,Not Applicable,Not Applicable,Not Applicable,372,Not Applicable,0,,
2024-07-22 02:31:00,CNR7255202079,Success,CID326044,eBike,JP Nagar,Ramamurthy Nagar,133.0,135.0,Not Applicable,Not Applicable,Yes,Other Issue,1407,UPI,5,4.9,4.7
2024-07-26 13:50:00,CNR9739851801,Success,CID235163,Mini,Cox Town,Whitefield,105.0,115.0,Not Applicable,Not Applicable,No,Not Applicable,391,UPI,30,4.4,3.0
2024-07-24 00:04:00,CNR5426412912,Success,CID331718,Prime SUV,Cox Town,Chickpet,196.0,140.0,Not Applicable,Not Applicable,No,Not Applicable,462,UPI,32,4.9,4.8
2024-07-11 19:40:00,CNR1298805726,Success,CID937868,Mini,Padmanabhanagar,RT Nagar,210.0,145.0,Not Applicable,Not Applicable,No,Not Applicable,2343,Cash,36,4.2,4.3
2024-07-18 19:46:00,CNR1880832081,Success,CID303547,eBike,Vijayanagar,Marathahalli,231.0,55.0,Not Applicable,Not Applicable,No,Not Applicable,271,UPI,3,4.5,3.2
2024-07-23 04:08:00,CNR2961428428,Success,CID779045,eBike,Peenya,Ulsoor,259.0,145.0,Not Applicable,Not Applicable,No,Not Applicable,420,Cash,42,3.0,4.3
2024-07-23 13:12:00,CNR6086704255,Canceled by Driver,CID560426,eBike,Tumkur Road,Kadugodi,,,Not Applicable,Personal & Car related issue,Not Applicable,Not Applicable,498,Not Applicable,0,,
2024-07-21 06:01:00,CNR8844073425,Success,CID539006,Mini,Bellandur,Electronic City,84.0,25.0,Not Applicable,Not Applicable,No,Not Applicable,277,UPI,27,3.7,4.2
2024-07-17 13:43:00,CNR1704816667,Success,CID750445,Prime SUV,Hulimavu,Banashankari,280.0,100.0,Not Applicable,Not Applicable,No,Not Applicable,389,Cash,7,3.0,3.3
2024-07-15 13:38:00,CNR6714256669,Success,CID731434,Prime Plus,Banashankari,Richmond Town,119.0,105.0,Not Applicable,Not Applicable,No,Not Applicable,178,UPI,16,3.8,4.7
2024-07-03 09:59:00,CNR2994597108,Success,CID758421,eBike,Frazer Town,Vijayanagar,280.0,50.0,Not Applicable,Not Applicable,No,Not Applicable,360,Cash,27,3.1,3.2
2024-07-14 16:01:00,CNR7740934306,Canceled by Driver,CID202405,Prime SUV,Indiranagar,Hebbal,,,Not Applicable,Personal & Car related issue,Not Applicable,Not Applicable,953,Not Applicable,0,,
2024-07-23 13:41:00,CNR5632799262,Success,CID943761,Auto,Chamarajpet,KR Puram,294.0,60.0,Not Applicable,Not Applicable,No,Not Applicable,2739,UPI,4,4.7,4.1
2024-07-08 11:30:00,CNR6486960506,Success,CID468712,Prime Plus,RT Nagar,Rajajinagar,77.0,45.0,Not Applicable,Not Applicable,No,Not Applicable,371,Cash,22,4.2,3.3
2024-07-14 10:29:00,CNR2167058488,Canceled by Driver,CID180456,Prime Plus,Kammanahalli,Cox Town,,,Not Applicable,Customer related issue,Not Applicable,Not Applicable,483,Not Applicable,0,,
2024-07-07 20:37:00,CNR1527956701,Success,CID926963,Prime Sedan,Ramamurthy Nagar,Majestic,168.0,105.0,Not Applicable,Not Applicable,No,Not Applicable,395,Cash,21,4.1,4.3
2024-07-28 10:31:00,CNR3737474191,Success,CID247151,Prime SUV,Basavanagudi,Yeshwanthpur,196.0,50.0,Not Applicable,Not Applicable,No,Not Applicable,129,UPI,30,3.2,4.9
2024-07-26 23:10:00,CNR4625691858,Success,CID916999,Auto,Malleshwaram,Kammanahalli,224.0,60.0,Not Applicable,Not Applicable,No,Not Applicable,337,Cash,12,3.3,4.5
2024-07-12 16:45:00,CNR5901672784,Canceled by Customer,CID108974,Prime SUV,Yelahanka,BTM Layout,,,Driver asked to cancel,Not Applicable,Not Applicable,Not Applicable,139,Not Applicable,0,,
2024-07-05 20:18:00,CNR2217064225,Success,CID642440,eBike,Kadugodi,Jayanagar,203.0,145.0,Not Applicable,Not Applicable,No,Not Applicable,232,Credit Card,18,4.7,4.6
2024-07-22 10:52:00,CNR6226009790,Canceled by Customer,CID247780,Bike,Chickpet,KR Puram,,,Driver is not moving towards pickup location,Not Applicable,Not Applicable,Not Applicable,160,Not Applicable,0,,
2024-07-15 15:29:00,CNR1941718569,Success,CID665009,Bike,Nagarbhavi,Hebbal,175.0,130.0,Not Applicable,Not Applicable,No,Not Applicable,477,Cash,28,4.4,5.0
2024-07-16 23:34:00,CNR3045595679,Success,CID143232,Prime Sedan,Rajarajeshwari Nagar,RT Nagar,91.0,35.0,Not Applicable,Not Applicable,No,Not Applicable,343,Cash,22,3.2,3.5
2024-07-05 04:01:00,CNR6154673299,Success,CID631041,Prime Plus,Bannerghatta Road,BTM Layout,154.0,60.0,Not Applicable,Not Applicable,No,Not Applicable,256,Cash,8,4.6,4.8
2024-07-10 23:03:00,CNR2650629985,Driver Not Found,CID590271,Auto,Bannerghatta Road,JP Nagar,,,Not Applicable,Not Applicable,Not Applicable,Not Applicable,391,Not Applicable,0,,
2024-07-02 03:47:00,CNR8405852654,Success,CID838578,Bike,KR Puram,Nagarbhavi,210.0,125.0,Not Applicable,Not Applicable,No,Not Applicable,772,Cash,4,4.5,4.3
2024-07-13 20:45:00,CNR4962179055,Success,CID417185,Auto,Chickpet,Koramangala,119.0,60.0,Not Applicable,Not Applicable,No,Not Applicable,495,UPI,2,3.6,3.6
2024-07-16 05:08:00,CNR6255258922,Driver Not Found,CID729962,Prime Plus,Chickpet,Yelahanka,,,Not Applicable,Not Applicable,Not Applicable,Not Applicable,848,Not Applicable,0,,
2024-07-27 21:23:00,CNR8889726612,Success,CID179326,eBike,Marathahalli,Ulsoor,273.0,60.0,Not Applicable,Not Applicable,No,Not Applicable,591,Cash,19,4.1,4.0
2024-07-28 00:19:00,CNR7863828236,Success,CID931898,Prime Plus,Marathahalli,Padmanabhanagar,217.0,105.0,Not Applicable,Not Applicable,No,Not Applicable,133,UPI,8,3.1,4.7
2024-07-28 01:27:00,CNR8530910231,Driver Not Found,CID738704,Prime Sedan,Varthur,Kammanahalli,,,Not Applicable,Not Applicable,Not Applicable,Not Applicable,164,Not Applicable,0,,
2024-07-11 03:55:00,CNR5738290198,Success,CID555762,Prime Plus,Shantinagar,Kengeri,217.0,85.0,Not Applicable,Not Applicable,No,Not Applicable,163,Cash,43,4.0,4.1
2024-07-04 01:51:00,CNR9657694900,Success,CID648315,Bike,Cox Town,Electronic City,35.0,110.0,Not Applicable,Not Applicable,No,Not Applicable,600,Cash,44,4.1,4.4
2024-07-30 15:43:00,CNR7175035281,Success,CID198501,Mini,Marathahalli,Sahakar Nagar,294.0,145.0,Not Applicable,Not Applicable,No,Not Applicable,396,Cash,22,4.0,3.5
2024-07-10 02:16:00,CNR9313720246,Canceled by Customer,CID992434,Prime SUV,Shantinagar,Cox Town,,,Wrong Address,Not Applicable,Not Applicable,Not Applicable,397,Not Applicable,0,,
2024-07-19 20:36:00,CNR1959017486,Success,CID248411,Mini,KR Puram,Yeshwanthpur,63.0,100.0,Not Applicable,Not Applicable,No,Not Applicable,379,Cash,16,3.0,4.9
2024-07-06 06:47:00,CNR5228762348,Canceled by Driver,CID130017,Mini,Hosur Road,Basavanagudi,,,Not Applicable,More than permitted people in there,Not Applicable,Not Applicable,378,Not Applicable,0,,
2024-07-08 04:28:00,CNR8028427530,Success,CID549054,Prime SUV,Basavanagudi,KR Puram,287.0,50.0,Not Applicable,Not Applicable,No,Not Applicable,309,Cash,9,3.5,4.2
2024-07-02 23:10:00,CNR1341454916,Success,CID491631,Mini,MG Road,Majestic,140.0,100.0,Not Applicable,Not Applicable,No,Not Applicable,466,UPI,8,4.3,3.8
2024-07-03 15:36:00,CNR6369731504,Canceled by Driver,CID597109,Prime Sedan,Ulsoor,Padmanabhanagar,,,Not Applicable,Personal & Car related issue,Not Applicable,Not Applicable,600,Not Applicable,0,,
2024-07-01 23:53:00,CNR9417596441,Driver Not Found,CID704990,Prime SUV,Marathahalli,Peenya,,,Not Applicable,Not Applicable,Not Applicable,Not Applicable,279,Not Applicable,0,,
2024-07-25 15:57:00,CNR6468846367,Canceled by Driver,CID972518,Prime Plus,Kengeri,KR Puram,,,Not Applicable,Personal & Car related issue,Not Applicable,Not Applicable,413,Not Applicable,0,,
2024-07-10 07:57:00,CNR6493499053,Canceled by Driver,CID855303,Mini,Rajarajeshwari Nagar,Bellandur,,,Not Applicable,Personal & Car related issue,Not Applicable,Not Applicable,234,Not Applicable,0,,
2024-07-11 19:27:00,CNR3383668531,Canceled by Customer,CID574473,eBike,Yelahanka,Kengeri,,,Driver asked to cancel,Not Applicable,Not Applicable,Not Applicable,1523,Not Applicable,0,,
2024-07-29 21:32:00,CNR2262197414,Success,CID886019,Prime Sedan,Varthur,Kammanahalli,203.0,85.0,Not Applicable,Not Applicable,No,Not Applicable,396,UPI,48,3.5,3.0
2024-07-05 16:02:00,CNR1169016354,Success,CID783152,Auto,Whitefield,Tumkur Road,154.0,50.0,Not Applicable,Not Applicable,No,Not Applicable,2670,Cash,5,3.9,5.0
2024-07-28 07:55:00,CNR8568963231,Canceled by Driver,CID475393,Prime SUV,Devanahalli,Bannerghatta Road,,,Not Applicable,More than permitted people in there,Not Applicable,Not Applicable,172,Not Applicable,0,,
2024-07-15 16:08:00,CNR9502336737,Success,CID949799,Prime Sedan,Koramangala,Yelahanka,56.0,80.0,Not Applicable,Not Applicable,No,Not Applicable,2692,UPI,33,3.5,4.8
2024-07-16 08:21:00,CNR4015369175,Driver Not Found,CID451637,Auto,Electronic City,JP Nagar,,,Not Applicable,Not Applicable,Not Applicable,Not Applicable,360,Not Applicable,0,,
2024-07-28 06:47:00,CNR9521597258,Driver Not Found,CID783209,Prime Sedan,Nagarbhavi,Sahakar Nagar,,,Not Applicable,Not Applicable,Not Applicable,Not Applicable,124,Not Applicable,0,,
2024-07-29 14:20:00,CNR2356547773,Canceled by Customer,CID354531,Prime SUV,Frazer Town,Electronic City,,,Driver is not moving towards pickup location,Not Applicable,Not Applicable,Not Applicable,109,Not Applicable,0,,
2024-07-21 05:01:00,CNR2755694424,Canceled by Customer,CID664689,Bike,Shivajinagar,Yelahanka,,,Driver is not moving towards pickup location,Not Applicable,Not Applicable,Not Applicable,629,Not Applicable,0,,
2024-07-09 00:07:00,CNR5442450578,Success,CID185805,Prime SUV,Tumkur Road,Hennur,91.0,30.0,Not Applicable,Not Applicable,No,Not Applicable,281,UPI,27,3.1,3.5
2024-07-21 15:16:00,CNR7880110452,Success,CID582763,Prime SUV,Sarjapur Road,Banashankari,84.0,45.0,Not Applicable,Not Applicable,No,Not Applicable,924,Cash,1,4.3,4.6
2024-07-02 16:37:00,CNR5688963400,Canceled by Driver,CID282106,Mini,Shivajinagar,Peenya,,,Not Applicable,Personal & Car related issue,Not Applicable,Not Applicable,473,Not Applicable,0,,
2024-07-25 03:33:00,CNR1266270613,Success,CID294666,Prime Sedan,Peenya,Nagarbhavi,70.0,135.0,Not Applicable,Not Applicable,No,Not Applicable,1533,Cash,29,4.5,4.9
2024-07-20 03:29:00,CNR2478630724,Success,CID570394,Prime Sedan,Ramamurthy Nagar,Banashankari,49.0,85.0,Not Applicable,Not Applicable,No,Not Applicable,370,UPI,14,4.9,3.4
2024-07-20 14:06:00,CNR5988366174,Success,CID344313,Prime Sedan,Chamarajpet,Kammanahalli,259.0,40.0,Not Applicable,Not Applicable,No,Not Applicable,314,UPI,23,4.8,4.8
2024-07-08 08:00:00,CNR2740418425,Success,CID815548,Bike,Varthur,Rajajinagar,294.0,145.0,Not Applicable,Not Applicable,No,Not Applicable,216,Cash,28,3.5,3.9
2024-07-13 13:32:00,CNR9727070774,Success,CID894452,Prime SUV,JP Nagar,Nagarbhavi,196.0,100.0,Not Applicable,Not Applicable,No,Not Applicable,528,Cash,1,3.5,3.1
2024-07-18 11:23:00,CNR2270803917,Success,CID500841,Mini,Indiranagar,Rajajinagar,119.0,120.0,Not Applicable,Not Applicable,Yes,Customer Demand,442,UPI,23,4.3,3.9
2024-07-26 04:56:00,CNR8875568775,Canceled by Driver,CID471061,Bike,Malleshwaram,Malleshwaram,,,Not Applicable,Personal & Car related issue,Not Applicable,Not Applicable,447,Not Applicable,0,,
2024-07-28 18:49:00,CNR9050041038,Canceled by Customer,CID437081,Mini,Koramangala,Shivajinagar,,,Driver is not moving towards pickup location,Not Applicable,Not Applicable,Not Applicable,916,Not Applicable,0,,
2024-07-16 14:18:00,CNR3092550509,Success,CID199887,Prime SUV,Hosur Road,Marathahalli,56.0,50.0,Not Applicable,Not Applicable,No,Not Applicable,662,Credit Card,2,3.7,3.7
2024-07-15 18:31:00,CNR7001245410,Success,CID133676,eBike,Basavanagudi,Kadugodi,280.0,75.0,Not Applicable,Not Applicable,No,Not Applicable,225,UPI,24,3.3,4.0
2024-07-01 02:15:00,CNR5885324178,Canceled by Customer,CID348325,eBike,RT Nagar,Richmond Town,,,Driver asked to cancel,Not Applicable,Not Applicable,Not Applicable,188,Not Applicable,0,,
2024-07-28 12:48:00,CNR9936401989,Success,CID517051,Prime SUV,Ulsoor,Cox Town,182.0,45.0,Not Applicable,Not Applicable,No,Not Applicable,330,UPI,29,4.5,3.3
2024-07-21 06:59:00,CNR2434743549,Success,CID677111,Prime Sedan,Mysore Road,RT Nagar,203.0,140.0,Not Applicable,Not Applicable,No,Not Applicable,682,UPI,31,4.7,3.1
2024-07-02 04:49:00,CNR2922927726,Canceled by Customer,CID346108,Prime SUV,Shivajinagar,Bellandur,,,Driver asked to cancel,Not Applicable,Not Applicable,Not Applicable,262,Not Applicable,0,,
2024-07-12 23:37:00,CNR6072489531,Driver Not Found,CID428822,eBike,Kengeri,Sahakar Nagar,,,Not Applicable,Not Applicable,Not Applicable,Not Applicable,499,Not Applicable,0,,
2024-07-04 06:32:00,CNR7804800794,Success,CID628232,Prime SUV,Rajajinagar,Kammanahalli,287.0,100.0,Not Applicable,Not Applicable,No,Not Applicable,309,UPI,24,3.2,3.6
2024-07-26 17:18:00,CNR7337744381,Success,CID819293,eBike,KR Puram,Ulsoor,91.0,50.0,Not Applicable,Not Applicable,No,Not Applicable,550,UPI,22,3.3,4.7
2024-07-08 13:28:00,CNR5543697234,Driver Not Found,CID127387,Prime Sedan,Varthur,Peenya,,,Not Applicable,Not Applicable,Not Applicable,Not Applicable,338,Not Applicable,0,,
2024-07-14 19:35:00,CNR3837352084,Success,CID908385,Prime Sedan,Frazer Town,Yeshwanthpur,252.0,130.0,Not Applicable,Not Applicable,No,Not Applicable,165,Cash,13,4.9,4.1
2024-07-28 17:12:00,CNR5810457064,Canceled by Customer,CID472528,Bike,Majestic,Yeshwanthpur,,,Driver asked to cancel,Not Applicable,Not Applicable,Not Applicable,372,Not Applicable,0,,
2024-07-11 19:46:00,CNR9040273908,Success,CID355501,Bike,Kengeri,Ulsoor,224.0,50.0,Not Applicable,Not Applicable,No,Not Applicable,816,Credit Card,20,3.6,3.2
2024-07-02 13:33:00,CNR6678507621,Canceled by Customer,CID316942,eBike,Devanahalli,Bannerghatta Road,,,Driver asked to cancel,Not Applicable,Not Applicable,Not Applicable,397,Not Applicable,0,,
2024-07-01 13:54:00,CNR2021938370,Success,CID352090,Prime Sedan,Rajarajeshwari Nagar,Shantinagar,98.0,130.0,Not Applicable,Not Applicable,No,Not Applicable,1425,UPI,49,4.1,3.6
2024-07-20 07:34:00,CNR5725852636,Canceled by Customer,CID131171,Prime Sedan,Electronic City,RT Nagar,,,Driver asked to cancel,Not Applicable,Not Applicable,Not Applicable,156,Not Applicable,0,,
2024-07-13 02:43:00,CNR7721678429,Success,CID262389,Prime Plus,Hebbal,Indiranagar,133.0,40.0,Not Applicable,Not Applicable,No,Not Applicable,369,Cash,30,4.1,3.9
2024-07-04 09:01:00,CNR9544515623,Success,CID613587,Bike,RT Nagar,Ulsoor,42.0,105.0,Not Applicable,Not Applicable,No,Not Applicable,343,UPI,6,4.9,4.6
2024-07-06 13:55:00,CNR4912366674,Success,CID104209,Bike,Nagarbhavi,Richmond Town,91.0,120.0,Not Applicable,Not Applicable,No,Not Applicable,333,UPI,37,4.1,3.5
2024-07-16 18:36:00,CNR9971057236,Canceled by Customer,CID521081,Prime SUV,Marathahalli,Langford Town,,,Change of plans,Not Applicable,Not Applicable,Not Applicable,365,Not Applicable,0,,
2024-07-04 20:15:00,CNR9762589305,Success,CID975574,Prime Plus,Malleshwaram,Banashankari,308.0,70.0,Not Applicable,Not Applicable,No,Not Applicable,443,Credit Card,24,3.7,4.9
2024-07-08 04:04:00,CNR5521520009,Canceled by Driver,CID949842,Auto,Shivajinagar,RT Nagar,,,Not Applicable,Customer related issue,Not Applicable,Not Applicable,433,Not Applicable,0,,
2024-07-20 06:26:00,CNR8837681575,Success,CID779244,Prime Plus,Padmanabhanagar,Varthur,280.0,70.0,Not Applicable,Not Applicable,No,Not Applicable,258,Cash,45,3.1,4.7
2024-07-16 01:49:00,CNR9690111794,Canceled by Customer,CID305276,Bike,Koramangala,Bannerghatta Road,,,AC is Not working,Not Applicable,Not Applicable,Not Applicable,401,Not Applicable,0,,
2024-07-14 19:15:00,CNR7481830661,Success,CID428780,eBike,Richmond Town,Hosur Road,98.0,100.0,Not Applicable,Not Applicable,No,Not Applicable,988,UPI,43,4.7,4.9
2024-07-24 10:18:00,CNR8228233211,Success,CID168078,Bike,Shantinagar,Hebbal,252.0,130.0,Not Applicable,Not Applicable,No,Not Applicable,184,UPI,41,3.7,3.6
2024-07-03 11:30:00,CNR9474352270,Success,CID222192,Prime Plus,Yelahanka,Frazer Town,210.0,100.0,Not Applicable,Not Applicable,No,Not Applicable,186,UPI,29,3.8,5.0
2024-07-13 00:15:00,CNR5174036204,Success,CID456198,Auto,Yelahanka,Chickpet,105.0,110.0,Not Applicable,Not Applicable,No,Not Applicable,2439,Cash,16,4.3,4.0
2024-07-06 08:48:00,CNR4396429631,Canceled by Driver,CID257809,Bike,Ulsoor,Richmond Town,,,Not Applicable,More than permitted people in there,Not Applicable,Not Applicable,154,Not Applicable,0,,
2024-07-06 16:21:00,CNR8608811468,Canceled by Customer,CID595546,Bike,Chickpet,Rajarajeshwari Nagar,,,AC is Not working,Not Applicable,Not Applicable,Not Applicable,407,Not Applicable,0,,
2024-07-15 10:14:00,CNR1885010353,Success,CID364406,eBike,Bellandur,Yeshwanthpur,112.0,50.0,Not Applicable,Not Applicable,No,Not Applicable,324,Cash,45,3.6,3.8
2024-07-29 12:08:00,CNR5642212947,Success,CID807143,Auto,Rajajinagar,Padmanabhanagar,49.0,75.0,Not Applicable,Not Applicable,Yes,Other Issue,151,Cash,19,3.7,4.9
2024-07-07 21:06:00,CNR1766342094,Success,CID219782,Auto,Sarjapur Road,Frazer Town,112.0,45.0,Not Applicable,Not Applicable,No,Not Applicable,454,Cash,5,3.1,4.1
2024-07-10 23:03:00,CNR8590337435,Success,CID430575,Mini,Padmanabhanagar,Rajajinagar,91.0,120.0,Not Applicable,Not Applicable,No,Not Applicable,183,Credit Card,9,4.3,3.8
2024-07-12 08:00:00,CNR1243783012,Success,CID983011,eBike,Frazer Town,Hebbal,308.0,60.0,Not Applicable,Not Applicable,No,Not Applicable,313,Cash,12,3.1,3.6
2024-07-08 17:17:00,CNR2151951940,Success,CID666805,Prime SUV,Frazer Town,RT Nagar,35.0,100.0,Not Applicable,Not Applicable,No,Not Applicable,319,UPI,44,4.6,3.0
2024-07-21 00:05:00,CNR6007939079,Success,CID880582,Prime Plus,Indiranagar,Peenya,161.0,40.0,Not Applicable,Not Applicable,No,Not Applicable,185,Cash,32,3.1,3.9
2024-07-22 20:09:00,CNR2035212118,Success,CID944303,Auto,Cox Town,Tumkur Road,161.0,105.0,Not Applicable,Not Applicable,No,Not Applicable,220,Cash,15,4.2,4.8
2024-07-28 10:32:00,CNR9040222679,Canceled by Customer,CID716153,Prime Plus,Kengeri,Sarjapur Road,,,Change of plans,Not Applicable,Not Applicable,Not Applicable,710,Not Applicable,0,,
2024-07-06 13:03:00,CNR7120344877,Success,CID947251,Prime SUV,KR Puram,Peenya,196.0,30.0,Not Applicable,Not Applicable,No,Not Applicable,1806,UPI,31,4.4,4.3
2024-07-04 22:09:00,CNR8600106188,Success,CID980931,Auto,Bannerghatta Road,BTM Layout,112.0,30.0,Not Applicable,Not Applicable,No,Not Applicable,1582,Cash,13,3.8,3.1
2024-07-02 03:59:00,CNR8457554389,Canceled by Driver,CID450054,eBike,Frazer Town,KR Puram,,,Not Applicable,Personal & Car related issue,Not Applicable,Not Applicable,417,Not Applicable,0,,
2024-07-16 10:58:00,CNR9252513710,Canceled by Driver,CID897525,Prime Plus,Rajajinagar,MG Road,,,Not Applicable,Customer was coughing/sick,Not Applicable,Not Applicable,512,Not Applicable,0,,
2024-07-06 20:26:00,CNR6372044380,Success,CID924278,Prime Sedan,Sarjapur Road,JP Nagar,259.0,85.0,Not Applicable,Not Applicable,No,Not Applicable,276,UPI,16,4.7,3.7
2024-07-16 19:52:00,CNR3013387597,Success,CID580226,Prime SUV,Yelahanka,Rajarajeshwari Nagar,119.0,120.0,Not Applicable,Not Applicable,No,Not Applicable,257,Cash,27,4.2,4.5
2024-07-25 18:28:00,CNR5409566640,Canceled by Driver,CID223853,eBike,JP Nagar,Hulimavu,,,Not Applicable,More than permitted people in there,Not Applicable,Not Applicable,371,Not Applicable,0,,
2024-07-20 06:21:00,CNR3606833278,Success,CID972889,Prime Plus,Cox Town,Electronic City,245.0,125.0,Not Applicable,Not Applicable,No,Not Applicable,573,UPI,19,4.6,4.8
2024-07-11 01:27:00,CNR9276310049,Canceled by Customer,CID661857,Auto,RT Nagar,Kengeri,,,Driver asked to cancel,Not Applicable,Not Applicable,Not Applicable,495,Not Applicable,0,,
2024-07-02 21:43:00,CNR5614343441,Success,CID608528,Prime Sedan,Hennur,Indiranagar,84.0,145.0,Not Applicable,Not Applicable,No,Not Applicable,377,Cash,38,3.4,4.8
2024-07-07 19:37:00,CNR6641391174,Success,CID330916,Prime SUV,Mysore Road,Rajarajeshwari Nagar,168.0,95.0,Not Applicable,Not Applicable,No,Not Applicable,224,Cash,32,4.4,4.2
2024-07-24 00:21:00,CNR6720444837,Success,CID285909,Mini,HSR Layout,Richmond Town,63.0,75.0,Not Applicable,Not Applicable,No,Not Applicable,371,Credit Card,33,3.2,3.1
2024-07-16 05:35:00,CNR1466685369,Success,CID708090,Auto,Banashankari,Richmond Town,245.0,135.0,Not Applicable,Not Applicable,No,Not Applicable,274,Cash,14,3.6,3.6
2024-07-13 16:00:00,CNR8421045821,Success,CID737784,Mini,Jayanagar,Mysore Road,147.0,90.0,Not Applicable,Not Applicable,No,Not Applicable,669,Cash,4,5.0,3.8
2024-07-30 23:47:00,CNR2097944206,Success,CID921109,Prime Plus,BTM Layout,Hebbal,140.0,110.0,Not Applicable,Not Applicable,No,Not Applicable,281,Cash,46,3.7,4.0
2024-07-07 06:54:00,CNR7712220269,Canceled by Driver,CID506918,Auto,Hosur Road,Rajajinagar,,,Not Applicable,Customer was coughing/sick,Not Applicable,Not Applicable,343,Not Applicable,0,,
2024-07-10 20:31:00,CNR6213996069,Success,CID839172,eBike,HSR Layout,Hosur Road,84.0,135.0,Not Applicable,Not Applicable,No,Not Applicable,497,UPI,38,4.5,3.8
2024-07-05 11:37:00,CNR8876534877,Success,CID292967,Bike,Varthur,Magadi Road,161.0,35.0,Not Applicable,Not Applicable,No,Not Applicable,353,UPI,45,4.3,4.5
2024-07-18 23:23:00,CNR1788164253,Canceled by Driver,CID990892,Bike,Sarjapur Road,HSR Layout,,,Not Applicable,More than permitted people in there,Not Applicable,Not Applicable,346,Not Applicable,0,,
2024-07-21 17:43:00,CNR5515684652,Success,CID450338,Bike,Whitefield,HSR Layout,84.0,85.0,Not Applicable,Not Applicable,No,Not Applicable,221,UPI,19,3.4,4.6
2024-07-08 23:43:00,CNR7895868422,Success,CID827467,Prime Sedan,Yelahanka,Kengeri,70.0,70.0,Not Applicable,Not Applicable,No,Not Applicable,118,Cash,25,3.7,3.4
2024-07-27 02:58:00,CNR6609650565,Success,CID409331,Prime Sedan,Nagarbhavi,Hulimavu,266.0,110.0,Not Applicable,Not Applicable,No,Not Applicable,765,Cash,29,3.2,4.5
2024-07-23 17:31:00,CNR9659018943,Success,CID263625,Auto,Devanahalli,Frazer Town,168.0,55.0,Not Applicable,Not Applicable,No,Not Applicable,164,UPI,11,4.7,3.1
2024-07-04 15:31:00,CNR2346121800,Canceled by Driver,CID963400,eBike,Tumkur Road,Majestic,,,Not Applicable,Customer was coughing/sick,Not Applicable,Not Applicable,516,Not Applicable,0,,
2024-07-20 17:44:00,CNR8965186141,Success,CID294404,Prime Plus,Cox Town,Basavanagudi,252.0,145.0,Not Applicable,Not Applicable,Yes,Customer Demand,333,UPI,9,3.5,3.0
2024-07-05 12:26:00,CNR5553126563,Canceled by Customer,CID981668,Auto,Magadi Road,Cox Town,,,AC is Not working,Not Applicable,Not Applicable,Not Applicable,155,Not Applicable,0,,
2024-07-12 11:11:00,CNR5487974557,Canceled by Driver,CID622134,Mini,Chickpet,Hulimavu,,,Not Applicable,Customer was coughing/sick,Not Applicable,Not Applicable,163,Not Applicable,0,,
2024-07-28 20:06:00,CNR8572795325,Canceled by Customer,CID738793,eBike,Rajarajeshwari Nagar,Tumkur Road,,,AC is Not working,Not Applicable,Not Applicable,Not Applicable,717,Not Applicable,0,,
2024-07-20 05:39:00,CNR7667588128,Canceled by Driver,CID898863,Prime Plus,Ulsoor,Malleshwaram,,,Not Applicable,Personal & Car related issue,Not Applicable,Not Applicable,493,Not Applicable,0,,
2024-07-12 17:37:00,CNR3287371449,Success,CID811112,Auto,Koramangala,Malleshwaram,56.0,80.0,Not Applicable,Not Applicable,No,Not Applicable,985,UPI,7,4.5,3.1
2024-07-12 13:39:00,CNR7702122446,Success,CID734557,Prime SUV,Basavanagudi,Banashankari,56.0,30.0,Not Applicable,Not Applicable,No,Not Applicable,327,Cash,7,5.0,3.6
2024-07-26 23:59:00,CNR6737646536,Success,CID180580,Mini,Cox Town,Jayanagar,168.0,25.0,Not Applicable,Not Applicable,No,Not Applicable,192,Cash,45,4.2,3.8
2024-07-19 22:31:00,CNR7593461595,Success,CID682485,Auto,Yeshwanthpur,Jayanagar,217.0,70.0,Not Applicable,Not Applicable,No,Not Applicable,2175,Cash,4,4.5,4.8
2024-07-23 09:36:00,CNR2493204211,Canceled by Customer,CID499196,eBike,Bannerghatta Road,Sahakar Nagar,,,Change of plans,Not Applicable,Not Applicable,Not Applicable,1876,Not Applicable,0,,
2024-07-25 11:36:00,CNR4595528221,Success,CID249408,Prime SUV,Rajarajeshwari Nagar,Indiranagar,280.0,30.0,Not Applicable,Not Applicable,No,Not Applicable,181,UPI,5,3.1,3.4
2024-07-17 20:28:00,CNR6550910571,Success,CID240157,Bike,Devanahalli,Bannerghatta Road,231.0,120.0,Not Applicable,Not Applicable,Yes,Other Issue,407,UPI,28,4.3,4.5
2024-07-16 20:52:00,CNR5697725939,Success,CID402355,Prime Plus,Koramangala,Kadugodi,210.0,60.0,Not Applicable,Not Applicable,No,Not Applicable,336,UPI,24,3.9,3.1
2024-07-10 12:43:00,CNR8968186522,Success,CID439987,Prime Sedan,Shantinagar,Jayanagar,140.0,25.0,Not Applicable,Not Applicable,No,Not Applicable,799,Cash,41,3.3,3.4
2024-07-10 20:34:00,CNR7674252431,Canceled by Driver,CID930707,Bike,Ramamurthy Nagar,Sahakar Nagar,,,Not Applicable,Personal & Car related issue,Not Applicable,Not Applicable,576,Not Applicable,0,,
2024-07-17 15:09:00,CNR4272213326,Success,CID694337,eBike,Electronic City,Sahakar Nagar,161.0,135.0,Not Applicable,Not Applicable,No,Not Applicable,153,UPI,45,4.3,3.4
2024-07-17 23:45:00,CNR3400545900,Success,CID309022,eBike,Majestic,Bannerghatta Road,217.0,80.0,Not Applicable,Not Applicable,No,Not Applicable,732,Cash,46,3.0,4.3
2024-07-20 08:15:00,CNR4766815742,Driver Not Found,CID836113,Prime Sedan,Devanahalli,JP Nagar,,,Not Applicable,Not Applicable,Not Applicable,Not Applicable,199,Not Applicable,0,,
2024-07-19 13:27:00,CNR2418038863,Success,CID246453,Prime Sedan,Bannerghatta Road,Peenya,84.0,55.0,Not Applicable,Not Applicable,No,Not Applicable,368,Cash,36,3.5,3.1
2024-07-01 11:59:00,CNR8705130869,Canceled by Driver,CID318223,Prime SUV,Electronic City,Kadugodi,,,Not Applicable,Customer was coughing/sick,Not Applicable,Not Applicable,394,Not Applicable,0,,
2024-07-17 19:10:00,CNR6027640407,Canceled by Driver,CID757194,Prime Sedan,JP Nagar,Tumkur Road,,,Not Applicable,Personal & Car related issue,Not Applicable,Not Applicable,469,Not Applicable,0,,
2024-07-22 15:11:00,CNR1381013811,Success,CID991691,eBike,Nagarbhavi,Banashankari,259.0,45.0,Not Applicable,Not Applicable,No,Not Applicable,479,UPI,47,3.2,3.2
2024-07-26 21:24:00,CNR7047031197,Success,CID737268,Prime SUV,Vijayanagar,Rajajinagar,210.0,125.0,Not Applicable,Not Applicable,No,Not Applicable,410,Cash,16,3.8,3.2
2024-07-06 17:30:00,CNR3843957770,Success,CID636707,Auto,Mysore Road,Kammanahalli,70.0,90.0,Not Applicable,Not Applicable,No,Not Applicable,974,Cash,12,3.1,4.9
2024-07-05 10:52:00,CNR6983116323,Canceled by Driver,CID381810,Bike,HSR Layout,Chamarajpet,,,Not Applicable,Customer related issue,Not Applicable,Not Applicable,2157,Not Applicable,0,,
2024-07-28 15:42:00,CNR7665673444,Success,CID901318,Prime SUV,Kadugodi,Malleshwaram,231.0,120.0,Not Applicable,Not Applicable,No,Not Applicable,731,Cash,5,4.2,3.9
2024-07-23 07:56:00,CNR7861260170,Driver Not Found,CID852531,eBike,Shantinagar,Mysore Road,,,Not Applicable,Not Applicable,Not Applicable,Not Applicable,607,Not Applicable,0,,
2024-07-13 01:43:00,CNR1645992237,Success,CID113753,Prime Sedan,Bellandur,Tumkur Road,147.0,65.0,Not Applicable,Not Applicable,No,Not Applicable,288,UPI,28,4.8,3.8
2024-07-06 10:17:00,CNR2451185784,Success,CID308179,Prime Plus,Bellandur,Peenya,91.0,115.0,Not Applicable,Not Applicable,No,Not Applicable,961,Cash,12,3.5,4.5
2024-07-18 07:53:00,CNR4441539529,Success,CID508736,Bike,Basavanagudi,Padmanabhanagar,49.0,85.0,Not Applicable,Not Applicable,No,Not Applicable,370,Cash,45,3.5,3.1
2024-07-30 06:39:00,CNR8032201021,Success,CID112795,Prime SUV,Marathahalli,Rajarajeshwari Nagar,161.0,60.0,Not Applicable,Not Applicable,No,Not Applicable,167,Cash,35,3.4,4.4
2024-07-25 09:05:00,CNR4198608616,Success,CID200031,Prime Plus,Bellandur,Yelahanka,56.0,65.0,Not Applicable,Not Applicable,No,Not Applicable,470,Cash,46,4.6,4.5
2024-07-19 16:12:00,CNR3079518335,Canceled by Driver,CID638182,eBike,Koramangala,Chickpet,,,Not Applicable,Personal & Car related issue,Not Applicable,Not Applicable,571,Not Applicable,0,,
2024-07-01 18:19:00,CNR3698928608,Success,CID512278,Prime Plus,Langford Town,Kammanahalli,301.0,125.0,Not Applicable,Not Applicable,No,Not Applicable,177,UPI,3,5.0,4.8
2024-07-12 09:15:00,CNR5667842834,Driver Not Found,CID858486,Prime Plus,Shivajinagar,MG Road,,,Not Applicable,Not Applicable,Not Applicable,Not Applicable,352,Not Applicable,0,,
2024-07-18 00:00:00,CNR8122259681,Success,CID924564,eBike,Majestic,Magadi Road,287.0,65.0,Not Applicable,Not Applicable,No,Not Applicable,520,Cash,36,4.3,4.9
2024-07-07 02:06:00,CNR6699149358,Success,CID816173,eBike,Koramangala,Yelahanka,63.0,90.0,Not Applicable,Not Applicable,No,Not Applicable,332,UPI,44,3.0,4.1
2024-07-23 06:25:00,CNR3245454609,Canceled by Driver,CID880968,Prime SUV,Yeshwanthpur,Marathahalli,,,Not Applicable,Personal & Car related issue,Not Applicable,Not Applicable,369,Not Applicable,0,,
2024-07-03 04:17:00,CNR2727564670,Success,CID427306,Prime Sedan,Bannerghatta Road,Malleshwaram,133.0,35.0,Not Applicable,Not Applicable,No,Not Applicable,2594,Cash,46,3.7,4.7
2024-07-04 06:53:00,CNR4301554048,Canceled by Driver,CID863753,eBike,Kengeri,Yelahanka,,,Not Applicable,Personal & Car related issue,Not Applicable,Not Applicable,441,Not Applicable,0,,
2024-07-12 23:26:00,CNR4344148468,Success,CID343884,eBike,Bellandur,Majestic,287.0,130.0,Not Applicable,Not Applicable,No,Not Applicable,2690,UPI,33,4.5,3.2
2024-07-22 10:13:00,CNR7620609885,Success,CID194678,eBike,Whitefield,Banashankari,147.0,70.0,Not Applicable,Not Applicable,No,Not Applicable,707,Cash,39,4.0,3.0
2024-07-13 07:26:00,CNR1758165638,Success,CID876235,Prime Plus,Kengeri,Koramangala,210.0,100.0,Not Applicable,Not Applicable,No,Not Applicable,2422,UPI,31,3.5,4.5
2024-07-20 05:00:00,CNR3044987453,Success,CID532496,eBike,MG Road,Sahakar Nagar,217.0,90.0,Not Applicable,Not Applicable,No,Not Applicable,454,Cash,17,3.9,4.8
2024-07-08 17:40:00,CNR8383159580,Canceled by Customer,CID940504,Prime Sedan,Jayanagar,Vijayanagar,,,Driver is not moving towards pickup location,Not Applicable,Not Applicable,Not Applicable,711,Not Applicable,0,,
2024-07-04 11:34:00,CNR2155273810,Driver Not Found,CID193113,Prime Sedan,Magadi Road,Peenya,,,Not Applicable,Not Applicable,Not Applicable,Not Applicable,732,Not Applicable,0,,
2024-07-16 23:37:00,CNR5907019202,Success,CID218730,Auto,BTM Layout,Richmond Town,98.0,125.0,Not Applicable,Not Applicable,No,Not Applicable,305,Cash,8,4.1,5.0
2024-07-02 12:41:00,CNR9581290906,Driver Not Found,CID574753,Prime Sedan,BTM Layout,Jayanagar,,,Not Applicable,Not Applicable,Not Applicable,Not Applicable,858,Not Applicable,0,,
2024-07-29 18:15:00,CNR8504381267,Success,CID827612,Prime Plus,Banashankari,Rajarajeshwari Nagar,77.0,95.0,Not Applicable,Not Applicable,No,Not Applicable,508,Credit Card,18,4.1,5.0
2024-07-26 12:36:00,CNR6265162720,Success,CID821209,eBike,KR Puram,Basavanagudi,98.0,45.0,Not Applicable,Not Applicable,No,Not Applicable,118,UPI,45,4.9,3.2
2024-07-01 16:41:00,CNR4041596022,Canceled by Driver,CID938641,eBike,Ulsoor,Ramamurthy Nagar,,,Not Applicable,Personal & Car related issue,Not Applicable,Not Applicable,1555,Not Applicable,0,,
2024-07-26 12:51:00,CNR1947398894,Success,CID630195,eBike,Nagarbhavi,Devanahalli,42.0,60.0,Not Applicable,Not Applicable,No,Not Applicable,371,UPI,29,4.7,4.3
2024-07-01 03:14:00,CNR5916685751,Success,CID928416,eBike,Vijayanagar,Peenya,126.0,120.0,Not Applicable,Not Applicable,No,Not Applicable,289,UPI,6,3.4,4.7
2024-07-04 15:33:00,CNR1128251594,Success,CID856579,Prime Plus,Sahakar Nagar,JP Nagar,231.0,75.0,Not Applicable,Not Applicable,No,Not Applicable,252,UPI,17,4.6,4.2
2024-07-30 09:01:00,CNR3775902248,Success,CID316198,Mini,Chamarajpet,JP Nagar,231.0,30.0,Not Applicable,Not Applicable,No,Not Applicable,491,Debit Card,39,4.2,4.3
2024-07-14 18:51:00,CNR3760398735,Success,CID417138,Bike,Kadugodi,Varthur,245.0,95.0,Not Applicable,Not Applicable,Yes,Vehicle Breakdown,315,Cash,35,3.2,3.7
2024-07-17 14:29:00,CNR9744180013,Success,CID809233,Auto,Richmond Town,Yelahanka,49.0,65.0,Not Applicable,Not Applicable,No,Not Applicable,457,UPI,13,4.7,4.5
2024-07-11 21:40:00,CNR7516281954,Canceled by Customer,CID180811,Mini,Indiranagar,Sahakar Nagar,,,AC is Not working,Not Applicable,Not Applicable,Not Applicable,241,Not Applicable,0,,
2024-07-18 02:13:00,CNR1317444656,Success,CID676397,Prime Sedan,Banashankari,Shivajinagar,168.0,80.0,Not Applicable,Not Applicable,No,Not Applicable,317,UPI,41,5.0,4.6
2024-07-17 04:02:00,CNR8093286310,Canceled by Driver,CID673709,eBike,Yeshwanthpur,Majestic,,,Not Applicable,More than permitted people in there,Not Applicable,Not Applicable,217,Not Applicable,0,,
2024-07-13 15:16:00,CNR9173371543,Success,CID897569,Prime SUV,Rajajinagar,Indiranagar,273.0,95.0,Not Applicable,Not Applicable,No,Not Applicable,238,Cash,33,3.3,4.0
2024-07-17 17:49:00,CNR2455547977,Success,CID937360,Prime SUV,MG Road,Chamarajpet,196.0,130.0,Not Applicable,Not Applicable,No,Not Applicable,245,UPI,7,4.0,3.0
2024-07-03 02:23:00,CNR5387425639,Success,CID696266,Bike,MG Road,Padmanabhanagar,105.0,30.0,Not Applicable,Not Applicable,No,Not Applicable,217,UPI,25,4.4,4.3
2024-07-26 22:01:00,CNR4400525209,Driver Not Found,CID588682,Auto,Indiranagar,Yeshwanthpur,,,Not Applicable,Not Applicable,Not Applicable,Not Applicable,371,Not Applicable,0,,
2024-07-17 05:34:00,CNR4449256487,Success,CID375357,Auto,Kengeri,Magadi Road,224.0,105.0,Not Applicable,Not Applicable,No,Not Applicable,399,Cash,14,4.6,4.7
2024-07-18 19:47:00,CNR1890642939,Success,CID607223,eBike,Kengeri,Devanahalli,259.0,25.0,Not Applicable,Not Applicable,No,Not Applicable,347,UPI,1,3.6,4.4
2024-07-16 03:48:00,CNR6303883822,Success,CID876502,Mini,Jayanagar,Whitefield,126.0,60.0,Not Applicable,Not Applicable,No,Not Applicable,941,UPI,8,3.3,3.1
2024-07-26 03:19:00,CNR8238189454,Canceled by Customer,CID302187,Auto,Chamarajpet,RT Nagar,,,Driver is not moving towards pickup location,Not Applicable,Not Applicable,Not Applicable,680,Not Applicable,0,,
2024-07-26 02:59:00,CNR1896761752,Canceled by Driver,CID429221,eBike,Vijayanagar,Nagarbhavi,,,Not Applicable,More than permitted people in there,Not Applicable,Not Applicable,1898,Not Applicable,0,,
2024-07-28 03:50:00,CNR8640015018,Canceled by Driver,CID557743,Prime Plus,Shantinagar,Kengeri,,,Not Applicable,Customer related issue,Not Applicable,Not Applicable,209,Not Applicable,0,,
2024-07-29 06:29:00,CNR9599605567,Canceled by Driver,CID503654,Prime Sedan,Nagarbhavi,Kadugodi,,,Not Applicable,Personal & Car related issue,Not Applicable,Not Applicable,1920,Not Applicable,0,,
2024-07-30 06:25:00,CNR7899034317,Success,CID383700,eBike,Kadugodi,JP Nagar,224.0,105.0,Not Applicable,Not Applicable,No,Not Applicable,388,UPI,13,4.2,4.3
2024-07-26 00:22:00,CNR3045622048,Success,CID179381,Prime Sedan,Varthur,Cox Town,133.0,115.0,Not Applicable,Not Applicable,No,Not Applicable,111,Cash,47,3.5,3.6
2024-07-21 00:44:00,CNR3607972916,Canceled by Customer,CID229128,Auto,Chamarajpet,Majestic,,,Driver is not moving towards pickup location,Not Applicable,Not Applicable,Not Applicable,2174,Not Applicable,0,,
2024-07-25 01:18:00,CNR3396534972,Driver Not Found,CID930411,Prime Plus,Chamarajpet,Varthur,,,Not Applicable,Not Applicable,Not Applicable,Not Applicable,487,Not Applicable,0,,
2024-07-19 13:22:00,CNR9564138855,Canceled by Driver,CID853575,Prime SUV,Jayanagar,Hosur Road,,,Not Applicable,Customer related issue,Not Applicable,Not Applicable,725,Not Applicable,0,,
2024-07-03 14:16:00,CNR9528229722,Success,CID504199,Mini,Chamarajpet,Majestic,266.0,125.0,Not Applicable,Not Applicable,No,Not Applicable,194,Cash,1,3.0,4.8
2024-07-28 06:10:00,CNR9557895447,Canceled by Driver,CID177029,Mini,Yeshwanthpur,MG Road,,,Not Applicable,Customer related issue,Not Applicable,Not Applicable,155,Not Applicable,0,,
2024-07-12 05:39:00,CNR6543456099,Canceled by Driver,CID105675,Prime SUV,Banashankari,Yelahanka,,,Not Applicable,Customer related issue,Not Applicable,Not Applicable,251,Not Applicable,0,,
2024-07-23 11:37:00,CNR7549883998,Canceled by Driver,CID119713,Prime Sedan,Sarjapur Road,BTM Layout,,,Not Applicable,Personal & Car related issue,Not Applicable,Not Applicable,168,Not Applicable,0,,
2024-07-20 10:01:00,CNR7560761074,Success,CID375816,Prime Plus,Bannerghatta Road,Peenya,196.0,70.0,Not Applicable,Not Applicable,No,Not Applicable,851,Cash,45,4.5,3.3
2024-07-25 20:18:00,CNR2222104701,Driver Not Found,CID524471,Auto,Electronic City,Bannerghatta Road,,,Not Applicable,Not Applicable,Not Applicable,Not Applicable,944,Not Applicable,0,,
2024-07-21 16:25:00,CNR7495540109,Canceled by Driver,CID594708,eBike,MG Road,Padmanabhanagar,,,Not Applicable,Customer was coughing/sick,Not Applicable,Not Applicable,720,Not Applicable,0,,
2024-07-10 02:12:00,CNR5246555496,Success,CID354114,Auto,Yelahanka,Cox Town,280.0,70.0,Not Applicable,Not Applicable,No,Not Applicable,201,UPI,7,3.5,4.9
2024-07-13 22:09:00,CNR1597961504,Success,CID945597,Mini,Nagarbhavi,Yelahanka,245.0,30.0,Not Applicable,Not Applicable,No,Not Applicable,128,Cash,44,4.3,4.3
2024-07-22 15:58:00,CNR5978030079,Canceled by Driver,CID988002,Bike,Hebbal,Kengeri,,,Not Applicable,Customer related issue,Not Applicable,Not Applicable,892,Not Applicable,0,,
2024-07-29 17:39:00,CNR6079265655,Success,CID853250,Bike,Hosur Road,Hosur Road,245.0,105.0,Not Applicable,Not Applicable,No,Not Applicable,259,Cash,31,4.8,5.0
2024-07-09 19:50:00,CNR6463861277,Canceled by Driver,CID768663,Bike,MG Road,Padmanabhanagar,,,Not Applicable,Personal & Car related issue,Not Applicable,Not Applicable,166,Not Applicable,0,,
2024-07-24 12:13:00,CNR1324522128,Success,CID327296,Mini,Whitefield,Sarjapur Road,182.0,65.0,Not Applicable,Not Applicable,No,Not Applicable,179,Cash,7,5.0,3.5
2024-07-12 15:53:00,CNR4484360745,Success,CID675321,Prime SUV,Frazer Town,MG Road,273.0,60.0,Not Applicable,Not Applicable,No,Not Applicable,530,Cash,15,3.8,4.9
2024-07-13 15:08:00,CNR2660326048,Success,CID178907,eBike,Basavanagudi,Banashankari,245.0,75.0,Not Applicable,Not Applicable,No,Not Applicable,705,UPI,35,3.1,4.2
2024-07-28 15:21:00,CNR9570518882,Canceled by Driver,CID222458,eBike,Malleshwaram,Devanahalli,,,Not Applicable,Personal & Car related issue,Not Applicable,Not Applicable,211,Not Applicable,0,,
2024-07-07 17:14:00,CNR6271430689,Canceled by Driver,CID821818,Mini,Majestic,Chamarajpet,,,Not Applicable,Customer related issue,Not Applicable,Not Applicable,339,Not Applicable,0,,
2024-07-06 07:01:00,CNR1153909062,Success,CID436916,Prime SUV,Indiranagar,Bellandur,56.0,135.0,Not Applicable,Not Applicable,No,Not Applicable,244,Cash,11,4.5,3.4
2024-07-25 19:44:00,CNR6343315357,Success,CID845041,Prime Sedan,Kengeri,Bellandur,70.0,70.0,Not Applicable,Not Applicable,Yes,Vehicle Breakdown,949,UPI,14,4.2,3.7
2024-07-17 07:51:00,CNR1755564931,Success,CID500983,eBike,Mysore Road,Kadugodi,147.0,120.0,Not Applicable,Not Applicable,No,Not Applicable,583,UPI,40,4.2,4.2
2024-07-04 21:17:00,CNR9317518778,Success,CID444698,Mini,Jayanagar,Koramangala,224.0,145.0,Not Applicable,Not Applicable,No,Not Applicable,542,UPI,26,3.7,3.3
2024-07-01 06:14:00,CNR9163916376,Success,CID745765,Mini,Langford Town,Vijayanagar,133.0,45.0,Not Applicable,Not Applicable,No,Not Applicable,477,UPI,7,3.8,4.5
2024-07-19 23:03:00,CNR5342268790,Success,CID380130,Bike,Whitefield,Ramamurthy Nagar,273.0,145.0,Not Applicable,Not Applicable,No,Not Applicable,464,Credit Card,30,3.1,3.9
2024-07-25 03:27:00,CNR2007072916,Success,CID966615,Prime Sedan,Richmond Town,Tumkur Road,189.0,65.0,Not Applicable,Not Applicable,No,Not Applicable,427,UPI,9,3.3,3.9
2024-07-22 09:30:00,CNR7771687752,Success,CID486947,eBike,Yeshwanthpur,Sarjapur Road,175.0,135.0,Not Applicable,Not Applicable,No,Not Applicable,691,Cash,21,3.2,3.3
2024-07-03 17:03:00,CNR5812782840,Success,CID370574,Prime Sedan,Shivajinagar,Hebbal,231.0,80.0,Not Applicable,Not Applicable,No,Not Applicable,456,Cash,27,3.7,3.4
2024-07-16 23:18:00,CNR4054415997,Success,CID761151,Mini,Chamarajpet,Varthur,84.0,25.0,Not Applicable,Not Applicable,No,Not Applicable,330,Cash,5,4.7,4.9
2024-07-27 21:44:00,CNR8476238544,Success,CID162941,Prime Sedan,Shantinagar,Nagarbhavi,252.0,50.0,Not Applicable,Not Applicable,No,Not Applicable,103,Cash,49,3.1,4.2
2024-07-14 17:26:00,CNR5291747310,Success,CID917114,Bike,Chamarajpet,RT Nagar,266.0,140.0,Not Applicable,Not Applicable,Yes,Vehicle Breakdown,359,Cash,44,3.8,3.5
2024-07-01 10:12:00,CNR6716212987,Success,CID147528,Mini,Basavanagudi,MG Road,301.0,145.0,Not Applicable,Not Applicable,No,Not Applicable,151,Cash,17,3.4,3.6
2024-07-03 21:46:00,CNR2005179643,Driver Not Found,CID775843,Bike,Bannerghatta Road,Hulimavu,,,Not Applicable,Not Applicable,Not Applicable,Not Applicable,271,Not Applicable,0,,
2024-07-24 11:35:00,CNR4035065681,Success,CID654266,eBike,Padmanabhanagar,Ramamurthy Nagar,287.0,110.0,Not Applicable,Not Applicable,No,Not Applicable,494,UPI,36,4.3,4.8
2024-07-02 14:36:00,CNR5431027562,Driver Not Found,CID771440,Prime Plus,RT Nagar,Indiranagar,,,Not Applicable,Not Applicable,Not Applicable,Not Applicable,369,Not Applicable,0,,
2024-07-03 03:34:00,CNR7799804019,Canceled by Driver,CID347353,Prime Plus,RT Nagar,BTM Layout,,,Not Applicable,Customer related issue,Not Applicable,Not Applicable,208,Not Applicable,0,,
2024-07-27 19:15:00,CNR6595963342,Success,CID304311,Prime Plus,KR Puram,Basavanagudi,63.0,125.0,Not Applicable,Not Applicable,No,Not Applicable,371,UPI,45,4.2,3.1
2024-07-03 16:53:00,CNR8746131143,Success,CID751679,eBike,Vijayanagar,RT Nagar,301.0,50.0,Not Applicable,Not Applicable,No,Not Applicable,326,Cash,13,3.7,3.1
2024-07-03 21:00:00,CNR4770416167,Success,CID279177,Bike,KR Puram,Marathahalli,63.0,95.0,Not Applicable,Not Applicable,No,Not Applicable,956,UPI,7,3.2,4.5
2024-07-26 12:59:00,CNR3322829639,Driver Not Found,CID949544,Prime Sedan,Peenya,Nagarbhavi,,,Not Applicable,Not Applicable,Not Applicable,Not Applicable,470,Not Applicable,0,,
2024-07-17 19:36:00,CNR3385827288,Success,CID430558,Prime SUV,Shantinagar,Hennur,77.0,120.0,Not Applicable,Not Applicable,No,Not Applicable,486,Cash,7,4.7,4.2
2024-07-17 23:53:00,CNR4176087827,Canceled by Customer,CID908433,Auto,Richmond Town,Marathahalli,,,Driver asked to cancel,Not Applicable,Not Applicable,Not Applicable,152,Not Applicable,0,,
2024-07-30 18:02:00,CNR7019818985,Success,CID394947,Auto,Kadugodi,Sahakar Nagar,56.0,130.0,Not Applicable,Not Applicable,No,Not Applicable,189,UPI,18,4.2,3.0
2024-07-23 15:12:00,CNR6134337138,Success,CID562264,Prime SUV,Mysore Road,MG Road,140.0,60.0,Not Applicable,Not Applicable,No,Not Applicable,293,Cash,18,3.2,3.4
2024-07-08 18:09:00,CNR4889114670,Canceled by Driver,CID580046,Auto,KR Puram,Hebbal,,,Not Applicable,Personal & Car related issue,Not Applicable,Not Applicable,142,Not Applicable,0,,
2024-07-13 17:06:00,CNR8682968881,Canceled by Driver,CID175785,Bike,Yeshwanthpur,HSR Layout,,,Not Applicable,More than permitted people in there,Not Applicable,Not Applicable,197,Not Applicable,0,,
2024-07-20 11:18:00,CNR7712326210,Canceled by Driver,CID403203,eBike,Malleshwaram,Jayanagar,,,Not Applicable,More than permitted people in there,Not Applicable,Not Applicable,823,Not Applicable,0,,
2024-07-15 07:35:00,CNR2770837863,Canceled by Driver,CID680814,eBike,Mysore Road,Bellandur,,,Not Applicable,Personal & Car related issue,Not Applicable,Not Applicable,245,Not Applicable,0,,
2024-07-15 20:12:00,CNR9065728474,Success,CID325634,Auto,Rajajinagar,Magadi Road,49.0,70.0,Not Applicable,Not Applicable,No,Not Applicable,497,Cash,7,4.3,3.8
2024-07-16 16:51:00,CNR3049911714,Canceled by Driver,CID486464,Prime SUV,Indiranagar,Ulsoor,,,Not Applicable,Personal & Car related issue,Not Applicable,Not Applicable,425,Not Applicable,0,,
2024-07-07 14:55:00,CNR5463905573,Success,CID662914,eBike,Sarjapur Road,Devanahalli,105.0,75.0,Not Applicable,Not Applicable,No,Not Applicable,323,UPI,49,3.1,4.5
2024-07-18 05:11:00,CNR6276357859,Success,CID650370,Prime Sedan,Peenya,MG Road,294.0,125.0,Not Applicable,Not Applicable,No,Not Applicable,152,Cash,29,4.7,3.0
2024-07-10 16:58:00,CNR1355526454,Success,CID448525,Bike,Magadi Road,Kadugodi,77.0,85.0,Not Applicable,Not Applicable,No,Not Applicable,465,UPI,36,4.6,4.2
2024-07-15 23:47:00,CNR5523331424,Success,CID763137,Auto,Basavanagudi,Kadugodi,77.0,145.0,Not Applicable,Not Applicable,No,Not Applicable,494,Cash,7,3.7,4.1
2024-07-08 16:31:00,CNR3767046103,Success,CID707381,eBike,Padmanabhanagar,Yelahanka,91.0,50.0,Not Applicable,Not Applicable,No,Not Applicable,361,Cash,31,3.1,3.2
2024-07-19 05:34:00,CNR1751890538,Success,CID462681,eBike,Banashankari,Cox Town,119.0,70.0,Not Applicable,Not Applicable,Yes,Customer Demand,150,Cash,22,4.9,4.3
2024-07-05 23:24:00,CNR4214180460,Canceled by Driver,CID958020,Prime Sedan,Cox Town,Indiranagar,,,Not Applicable,Personal & Car related issue,Not Applicable,Not Applicable,833,Not Applicable,0,,
2024-07-28 06:12:00,CNR8553852331,Success,CID190645,eBike,Hennur,Electronic City,91.0,25.0,Not Applicable,Not Applicable,No,Not Applicable,400,UPI,9,3.4,3.8
2024-07-05 16:16:00,CNR5199436248,Canceled by Customer,CID287551,Bike,Devanahalli,Rajajinagar,,,AC is Not working,Not Applicable,Not Applicable,Not Applicable,119,Not Applicable,0,,
2024-07-21 10:58:00,CNR9591060264,Canceled by Driver,CID288756,Prime Plus,Basavanagudi,Majestic,,,Not Applicable,More than permitted people in there,Not Applicable,Not Applicable,175,Not Applicable,0,,
2024-07-09 05:52:00,CNR3644186184,Success,CID642669,Prime SUV,Richmond Town,Kengeri,182.0,45.0,Not Applicable,Not Applicable,No,Not Applicable,128,Cash,13,4.1,3.5
2024-07-21 23:07:00,CNR2117850338,Canceled by Customer,CID245640,Prime Plus,Nagarbhavi,Hosur Road,,,Driver is not moving towards pickup location,Not Applicable,Not Applicable,Not Applicable,678,Not Applicable,0,,
2024-07-15 12:09:00,CNR2816365457,Success,CID880551,Prime Sedan,Sahakar Nagar,Hebbal,112.0,40.0,Not Applicable,Not Applicable,No,Not Applicable,852,Cash,20,4.9,4.4
2024-07-27 08:20:00,CNR8276999438,Success,CID772726,Bike,Rajarajeshwari Nagar,MG Road,224.0,145.0,Not Applicable,Not Applicable,No,Not Applicable,698,Cash,3,3.6,3.2
2024-07-13 22:06:00,CNR3979504696,Success,CID250168,Prime SUV,Majestic,Mysore Road,168.0,135.0,Not Applicable,Not Applicable,No,Not Applicable,364,Cash,1,3.3,4.4
2024-07-28 06:32:00,CNR7642867739,Canceled by Customer,CID660259,Prime SUV,Malleshwaram,Sahakar Nagar,,,AC is Not working,Not Applicable,Not Applicable,Not Applicable,270,Not Applicable,0,,
2024-07-28 13:10:00,CNR6669414418,Success,CID530478,Bike,Vijayanagar,Langford Town,189.0,65.0,Not Applicable,Not Applicable,No,Not Applicable,285,Cash,49,3.2,3.4
2024-07-19 06:00:00,CNR2465183817,Success,CID825229,Prime SUV,Vijayanagar,BTM Layout,133.0,95.0,Not Applicable,Not Applicable,Yes,Customer Demand,289,Cash,17,4.3,4.0
2024-07-14 16:24:00,CNR5555587245,Success,CID813878,Prime SUV,BTM Layout,Koramangala,133.0,130.0,Not Applicable,Not Applicable,No,Not Applicable,402,Cash,8,4.1,4.4
2024-07-01 09:29:00,CNR1566979653,Canceled by Customer,CID205250,Mini,Banashankari,Mysore Road,,,Driver is not moving towards pickup location,Not Applicable,Not Applicable,Not Applicable,331,Not Applicable,0,,
2024-07-13 16:42:00,CNR6582740327,Canceled by Driver,CID905378,Auto,Kammanahalli,Basavanagudi,,,Not Applicable,Customer was coughing/sick,Not Applicable,Not Applicable,303,Not Applicable,0,,
2024-07-05 04:32:00,CNR6205502026,Canceled by Customer,CID830988,Prime SUV,Shantinagar,Bellandur,,,Change of plans,Not Applicable,Not Applicable,Not Applicable,125,Not Applicable,0,,
2024-07-11 12:45:00,CNR8011097409,Success,CID225831,eBike,Shantinagar,Kammanahalli,301.0,85.0,Not Applicable,Not Applicable,No,Not Applicable,465,Cash,34,3.1,4.3
2024-07-29 18:32:00,CNR2296470390,Canceled by Driver,CID128516,Auto,RT Nagar,Shivajinagar,,,Not Applicable,Personal & Car related issue,Not Applicable,Not Applicable,331,Not Applicable,0,,
2024-07-11 21:45:00,CNR6589768801,Success,CID787996,Mini,Kengeri,Chickpet,301.0,30.0,Not Applicable,Not Applicable,No,Not Applicable,272,Cash,10,3.2,4.5
2024-07-16 17:07:00,CNR4945263239,Canceled by Customer,CID626134,Prime Sedan,Ramamurthy Nagar,Nagarbhavi,,,Driver is not moving towards pickup location,Not Applicable,Not Applicable,Not Applicable,384,Not Applicable,0,,
2024-07-12 06:06:00,CNR4116899172,Success,CID117645,Prime Plus,Rajajinagar,Ramamurthy Nagar,49.0,140.0,Not Applicable,Not Applicable,No,Not Applicable,342,UPI,5,3.4,5.0
2024-07-05 20:40:00,CNR2014778240,Success,CID839391,Prime Sedan,Richmond Town,Tumkur Road,252.0,140.0,Not Applicable,Not Applicable,No,Not Applicable,471,UPI,24,3.4,4.7
2024-07-07 18:20:00,CNR7572858382,Success,CID391154,eBike,Marathahalli,Hosur Road,140.0,80.0,Not Applicable,Not Applicable,No,Not Applicable,139,Cash,31,3.9,3.6
2024-07-11 00:11:00,CNR2731369032,Canceled by Driver,CID317219,Prime Plus,Bellandur,Malleshwaram,,,Not Applicable,Personal & Car related issue,Not Applicable,Not Applicable,275,Not Applicable,0,,
2024-07-05 07:43:00,CNR5379621643,Driver Not Found,CID352848,Auto,Tumkur Road,HSR Layout,,,Not Applicable,Not Applicable,Not Applicable,Not Applicable,2392,Not Applicable,0,,
2024-07-19 21:19:00,CNR5357145990,Driver Not Found,CID328322,eBike,Devanahalli,HSR Layout,,,Not Applicable,Not Applicable,Not Applicable,Not Applicable,453,Not Applicable,0,,
2024-07-09 20:50:00,CNR6523045391,Success,CID271698,Bike,Hennur,Peenya,273.0,95.0,Not Applicable,Not Applicable,No,Not Applicable,440,UPI,41,4.2,4.3
2024-07-22 23:43:00,CNR4362692848,Success,CID356171,Prime Sedan,Kengeri,Padmanabhanagar,301.0,80.0,Not Applicable,Not Applicable,No,Not Applicable,129,Cash,36,3.9,3.6
2024-07-02 17:50:00,CNR2947891502,Success,CID106401,Prime Sedan,Hulimavu,Richmond Town,154.0,50.0,Not Applicable,Not Applicable,No,Not Applicable,254,UPI,13,4.7,3.0
2024-07-12 10:51:00,CNR6619583701,Canceled by Driver,CID698757,Mini,Jayanagar,Shivajinagar,,,Not Applicable,Customer related issue,Not Applicable,Not Applicable,674,Not Applicable,0,,
2024-07-13 02:16:00,CNR2610122242,Success,CID484924,Mini,Bellandur,Indiranagar,126.0,55.0,Not Applicable,Not Applicable,No,Not Applicable,403,Cash,31,3.3,3.4
2024-07-24 01:06:00,CNR8284721901,Success,CID595804,Auto,Kengeri,Shivajinagar,77.0,100.0,Not Applicable,Not Applicable,No,Not Applicable,284,Cash,9,4.1,4.4
2024-07-08 10:17:00,CNR8999293599,Canceled by Driver,CID587292,Prime Sedan,Malleshwaram,JP Nagar,,,Not Applicable,Customer related issue,Not Applicable,Not Applicable,2690,Not Applicable,0,,
2024-07-23 10:45:00,CNR8092068154,Success,CID656444,Mini,HSR Layout,Jayanagar,98.0,95.0,Not Applicable,Not Applicable,No,Not Applicable,583,Cash,44,3.4,3.7
2024-07-30 18:25:00,CNR8049174883,Success,CID398095,Prime Sedan,JP Nagar,Banashankari,182.0,145.0,Not Applicable,Not Applicable,No,Not Applicable,1241,UPI,22,4.9,3.9
2024-07-20 08:15:00,CNR8482510082,Success,CID590391,Prime Sedan,Whitefield,Whitefield,308.0,60.0,Not Applicable,Not Applicable,No,Not Applicable,314,UPI,20,3.8,3.0
2024-07-07 14:16:00,CNR1468861841,Success,CID290162,Prime Sedan,HSR Layout,Hennur,105.0,55.0,Not Applicable,Not Applicable,No,Not Applicable,131,UPI,34,3.5,3.7
2024-07-20 11:15:00,CNR7752948794,Canceled by Driver,CID480792,Prime SUV,Ulsoor,Langford Town,,,Not Applicable,Customer related issue,Not Applicable,Not Applicable,546,Not Applicable,0,,
2024-07-14 06:07:00,CNR4337008238,Success,CID838423,Prime SUV,Magadi Road,Kadugodi,56.0,110.0,Not Applicable,Not Applicable,No,Not Applicable,753,Cash,13,3.5,3.7
2024-07-18 22:30:00,CNR6384323411,Canceled by Driver,CID359562,Prime Plus,Padmanabhanagar,Electronic City,,,Not Applicable,Personal & Car related issue,Not Applicable,Not Applicable,429,Not Applicable,0,,
2024-07-13 18:22:00,CNR9670619752,Success,CID986844,eBike,Langford Town,Mysore Road,196.0,115.0,Not Applicable,Not Applicable,No,Not Applicable,165,Cash,8,3.1,5.0
2024-07-08 13:07:00,CNR9033980467,Canceled by Customer,CID686501,Bike,Malleshwaram,Shivajinagar,,,Driver is not moving towards pickup location,Not Applicable,Not Applicable,Not Applicable,279,Not Applicable,0,,
2024-07-02 15:29:00,CNR5671508420,Success,CID773706,Prime SUV,JP Nagar,Richmond Town,203.0,80.0,Not Applicable,Not Applicable,No,Not Applicable,290,Cash,44,4.7,4.0
2024-07-11 14:09:00,CNR4838598699,Canceled by Driver,CID745735,Prime Plus,Ulsoor,Shivajinagar,,,Not Applicable,Personal & Car related issue,Not Applicable,Not Applicable,427,Not Applicable,0,,
2024-07-08 04:05:00,CNR1152300110,Success,CID224797,Bike,MG Road,HSR Layout,70.0,85.0,Not Applicable,Not Applicable,No,Not Applicable,235,UPI,25,4.2,3.7
2024-07-01 11:03:00,CNR1503521613,Success,CID957978,Prime Sedan,Majestic,Langford Town,98.0,85.0,Not Applicable,Not Applicable,No,Not Applicable,452,Cash,24,3.5,4.9
2024-07-07 17:47:00,CNR7356041104,Driver Not Found,CID836894,Bike,Jayanagar,Magadi Road,,,Not Applicable,Not Applicable,Not Applicable,Not Applicable,227,Not Applicable,0,,
2024-07-12 12:18:00,CNR2915666290,Success,CID719243,Mini,Hennur,Koramangala,252.0,60.0,Not Applicable,Not Applicable,No,Not Applicable,636,Cash,16,4.9,3.8
2024-07-29 03:54:00,CNR8570549277,Success,CID799550,Prime Plus,Richmond Town,Langford Town,280.0,100.0,Not Applicable,Not Applicable,Yes,Vehicle Breakdown,1045,Cash,12,4.0,3.7
2024-07-12 00:58:00,CNR6427104587,Driver Not Found,CID469401,Bike,Hosur Road,Bellandur,,,Not Applicable,Not Applicable,Not Applicable,Not Applicable,394,Not Applicable,0,,
2024-07-30 12:56:00,CNR2311660643,Success,CID171780,Prime SUV,Banashankari,Shivajinagar,280.0,130.0,Not Applicable,Not Applicable,No,Not Applicable,167,UPI,44,4.1,3.3
2024-07-25 14:52:00,CNR2471555503,Success,CID196669,Bike,Cox Town,Varthur,147.0,105.0,Not Applicable,Not Applicable,No,Not Applicable,1477,Credit Card,14,3.9,4.5
2024-07-24 19:11:00,CNR7433989120,Canceled by Driver,CID148477,Prime Sedan,HSR Layout,Vijayanagar,,,Not Applicable,Personal & Car related issue,Not Applicable,Not Applicable,834,Not Applicable,0,,
2024-07-19 00:05:00,CNR9478067693,Success,CID636404,eBike,Basavanagudi,Peenya,294.0,50.0,Not Applicable,Not Applicable,No,Not Applicable,933,UPI,14,4.9,4.3
2024-07-06 17:35:00,CNR9884279491,Canceled by Driver,CID199855,Prime Sedan,Hosur Road,Langford Town,,,Not Applicable,More than permitted people in there,Not Applicable,Not Applicable,439,Not Applicable,0,,
2024-07-21 04:45:00,CNR6598349230,Canceled by Driver,CID227247,Auto,JP Nagar,Langford Town,,,Not Applicable,More than permitted people in there,Not Applicable,Not Applicable,908,Not Applicable,0,,
2024-07-26 11:10:00,CNR7512620332,Success,CID648645,Prime Plus,RT Nagar,Kadugodi,273.0,35.0,Not Applicable,Not Applicable,No,Not Applicable,817,Cash,11,3.1,3.8
2024-07-16 06:05:00,CNR8196759686,Success,CID400439,Bike,Peenya,Vijayanagar,154.0,25.0,Not Applicable,Not Applicable,No,Not Applicable,474,Cash,26,4.4,3.9
2024-07-22 10:27:00,CNR3600517404,Success,CID501945,Auto,Rajarajeshwari Nagar,BTM Layout,203.0,60.0,Not Applicable,Not Applicable,No,Not Applicable,169,Debit Card,11,3.5,3.2
2024-07-17 12:15:00,CNR5544299025,Canceled by Customer,CID247216,Prime Plus,Kammanahalli,BTM Layout,,,Driver is not moving towards pickup location,Not Applicable,Not Applicable,Not Applicable,494,Not Applicable,0,,
2024-07-25 12:34:00,CNR8432125382,Success,CID488032,Auto,Kengeri,Jayanagar,231.0,110.0,Not Applicable,Not Applicable,No,Not Applicable,883,Cash,3,4.9,3.3
2024-07-04 16:00:00,CNR6262113064,Driver Not Found,CID706927,Prime Sedan,Basavanagudi,Vijayanagar,,,Not Applicable,Not Applicable,Not Applicable,Not Applicable,210,Not Applicable,0,,
2024-07-15 00:08:00,CNR3911316335,Driver Not Found,CID555453,Prime Plus,Jayanagar,Shivajinagar,,,Not Applicable,Not Applicable,Not Applicable,Not Applicable,768,Not Applicable,0,,
2024-07-16 05:41:00,CNR1713860727,Success,CID471083,Mini,Hulimavu,Langford Town,238.0,70.0,Not Applicable,Not Applicable,No,Not Applicable,165,Cash,46,3.6,4.0
2024-07-03 06:47:00,CNR1009121125,Driver Not Found,CID657840,eBike,HSR Layout,Shivajinagar,,,Not Applicable,Not Applicable,Not Applicable,Not Applicable,757,Not Applicable,0,,
2024-07-03 13:36:00,CNR7062606583,Success,CID783504,Prime Plus,Nagarbhavi,Magadi Road,147.0,70.0,Not Applicable,Not Applicable,No,Not Applicable,1704,Cash,44,4.5,4.0
2024-07-14 19:37:00,CNR5572359837,Success,CID667209,Mini,Banashankari,Padmanabhanagar,77.0,105.0,Not Applicable,Not Applicable,No,Not Applicable,270,Cash,20,4.2,4.6
2024-07-12 13:21:00,CNR1780640012,Driver Not Found,CID578601,eBike,Whitefield,Mysore Road,,,Not Applicable,Not Applicable,Not Applicable,Not Applicable,1200,Not Applicable,0,,
2024-07-27 03:17:00,CNR8600852313,Success,CID596603,Auto,Rajarajeshwari Nagar,Chickpet,56.0,145.0,Not Applicable,Not Applicable,No,Not Applicable,146,UPI,5,3.3,3.7
2024-07-13 22:28:00,CNR9112827831,Success,CID570212,Auto,Malleshwaram,Hosur Road,133.0,75.0,Not Applicable,Not Applicable,No,Not Applicable,333,UPI,8,4.6,4.5
2024-07-05 21:30:00,CNR3049776057,Success,CID830794,Prime Plus,Mysore Road,Sarjapur Road,196.0,110.0,Not Applicable,Not Applicable,No,Not Applicable,873,UPI,41,3.5,3.7
2024-07-25 11:19:00,CNR6668292649,Canceled by Customer,CID596976,Prime SUV,MG Road,Chickpet,,,Driver is not moving towards pickup location,Not Applicable,Not Applicable,Not Applicable,444,Not Applicable,0,,
2024-07-03 13:56:00,CNR4470520416,Success,CID137373,Bike,Electronic City,Ramamurthy Nagar,224.0,140.0,Not Applicable,Not Applicable,No,Not Applicable,1559,Cash,26,3.4,4.0
2024-07-17 11:11:00,CNR2469227202,Success,CID617556,eBike,Bellandur,Devanahalli,182.0,105.0,Not Applicable,Not Applicable,No,Not Applicable,213,UPI,6,3.1,5.0
2024-07-04 23:39:00,CNR1663987649,Success,CID340570,Prime Plus,Majestic,Devanahalli,224.0,50.0,Not Applicable,Not Applicable,No,Not Applicable,174,Cash,45,3.2,4.6
2024-07-23 11:31:00,CNR3335096268,Success,CID978265,Mini,Hebbal,Malleshwaram,238.0,140.0,Not Applicable,Not Applicable,No,Not Applicable,275,UPI,7,3.0,3.4
2024-07-29 20:00:00,CNR1517865817,Canceled by Driver,CID440783,Prime SUV,Kengeri,Frazer Town,,,Not Applicable,Customer related issue,Not Applicable,Not Applicable,382,Not Applicable,0,,
2024-07-10 20:45:00,CNR2656241268,Success,CID243559,Bike,Marathahalli,Basavanagudi,175.0,80.0,Not Applicable,Not Applicable,No,Not Applicable,449,UPI,6,4.0,4.3
2024-07-27 12:02:00,CNR6158895716,Success,CID972695,Prime SUV,Majestic,Electronic City,273.0,105.0,Not Applicable,Not Applicable,No,Not Applicable,575,UPI,35,4.7,4.4
2024-07-27 16:31:00,CNR3140848418,Canceled by Customer,CID824915,eBike,Basavanagudi,Electronic City,,,AC is Not working,Not Applicable,Not Applicable,Not Applicable,190,Not Applicable,0,,
2024-07-01 05:27:00,CNR4400719583,Success,CID425410,Auto,Sahakar Nagar,Ulsoor,294.0,95.0,Not Applicable,Not Applicable,No,Not Applicable,330,Cash,16,4.9,4.3
2024-07-13 01:53:00,CNR1017564110,Success,CID461819,Prime Sedan,Varthur,RT Nagar,203.0,95.0,Not Applicable,Not Applicable,No,Not Applicable,135,Credit Card,36,4.5,3.4
2024-07-08 21:18:00,CNR3045279118,Canceled by Customer,CID709268,eBike,Frazer Town,Richmond Town,,,Driver asked to cancel,Not Applicable,Not Applicable,Not Applicable,210,Not Applicable,0,,
2024-07-10 04:43:00,CNR2176124342,Success,CID139681,Prime Sedan,Kengeri,Hebbal,224.0,105.0,Not Applicable,Not Applicable,No,Not Applicable,975,UPI,27,4.0,4.6
2024-07-27 19:39:00,CNR5295794135,Success,CID841793,Auto,Electronic City,Yeshwanthpur,287.0,130.0,Not Applicable,Not Applicable,No,Not Applicable,923,Cash,9,4.2,4.0
2024-07-27 09:45:00,CNR9367161240,Canceled by Driver,CID199192,Mini,Richmond Town,Kammanahalli,,,Not Applicable,Customer was coughing/sick,Not Applicable,Not Applicable,623,Not Applicable,0,,
2024-07-23 12:38:00,CNR7009242774,Success,CID749558,Auto,Peenya,Basavanagudi,287.0,45.0,Not Applicable,Not Applicable,No,Not Applicable,475,Cash,17,4.2,3.1
2024-07-09 01:36:00,CNR2338837336,Canceled by Customer,CID197196,Mini,Rajajinagar,Shantinagar,,,Wrong Address,Not Applicable,Not Applicable,Not Applicable,744,Not Applicable,0,,
2024-07-04 04:35:00,CNR1792337349,Success,CID926617,Prime SUV,Hennur,Malleshwaram,182.0,95.0,Not Applicable,Not Applicable,No,Not Applicable,273,Cash,9,3.1,3.8
2024-07-25 14:58:00,CNR2516945478,Canceled by Customer,CID243127,Prime SUV,Nagarbhavi,MG Road,,,Driver is not moving towards pickup location,Not Applicable,Not Applicable,Not Applicable,2968,Not Applicable,0,,
2024-07-23 07:34:00,CNR4575492371,Success,CID244477,Auto,Shivajinagar,Cox Town,63.0,30.0,Not Applicable,Not Applicable,No,Not Applicable,129,UPI,2,3.4,3.9
2024-07-11 18:14:00,CNR4976507849,Success,CID229745,eBike,Koramangala,MG Road,210.0,50.0,Not Applicable,Not Applicable,Yes,Other Issue,131,Cash,22,3.7,3.4
2024-07-21 23:10:00,CNR1080793663,Canceled by Customer,CID396024,Bike,Cox Town,Kammanahalli,,,Driver asked to cancel,Not Applicable,Not Applicable,Not Applicable,203,Not Applicable,0,,
2024-07-01 22:46:00,CNR1151421660,Canceled by Driver,CID854844,Prime SUV,Whitefield,Tumkur Road,,,Not Applicable,More than permitted people in there,Not Applicable,Not Applicable,685,Not Applicable,0,,
2024-07-27 14:57:00,CNR5655398538,Success,CID308985,eBike,Electronic City,Rajarajeshwari Nagar,77.0,135.0,Not Applicable,Not Applicable,No,Not Applicable,420,Cash,43,4.2,4.1
2024-07-07 21:28:00,CNR9507181825,Success,CID265920,Prime SUV,Yelahanka,Padmanabhanagar,154.0,40.0,Not Applicable,Not Applicable,No,Not Applicable,799,UPI,39,5.0,4.0
2024-07-20 23:00:00,CNR3659699864,Canceled by Driver,CID315471,eBike,Mysore Road,Kengeri,,,Not Applicable,Customer related issue,Not Applicable,Not Applicable,136,Not Applicable,0,,
2024-07-12 02:57:00,CNR7254701034,Success,CID451749,Prime Plus,MG Road,Koramangala,266.0,25.0,Not Applicable,Not Applicable,No,Not Applicable,297,Cash,11,4.4,4.2
2024-07-28 06:15:00,CNR9919384774,Canceled by Driver,CID685968,Prime Plus,Basavanagudi,Malleshwaram,,,Not Applicable,More than permitted people in there,Not Applicable,Not Applicable,241,Not Applicable,0,,
2024-07-06 11:58:00,CNR3747653646,Success,CID858029,eBike,Banashankari,Peenya,182.0,85.0,Not Applicable,Not Applicable,No,Not Applicable,310,Cash,47,4.6,3.8
2024-07-26 20:33:00,CNR6101701188,Canceled by Customer,CID615207,Prime Plus,Shivajinagar,Koramangala,,,Driver asked to cancel,Not Applicable,Not Applicable,Not Applicable,1157,Not Applicable,0,,
2024-07-26 20:55:00,CNR6951095687,Canceled by Driver,CID837663,eBike,Rajarajeshwari Nagar,Majestic,,,Not Applicable,Personal & Car related issue,Not Applicable,Not Applicable,159,Not Applicable,0,,
2024-07-29 23:44:00,CNR2955354811,Success,CID760826,Auto,Chickpet,Ramamurthy Nagar,49.0,105.0,Not Applicable,Not Applicable,No,Not Applicable,157,Cash,16,4.2,4.7
2024-07-08 15:54:00,CNR4629825074,Success,CID399773,Prime Plus,Basavanagudi,Chickpet,168.0,65.0,Not Applicable,Not Applicable,No,Not Applicable,318,Credit Card,26,3.7,3.9
2024-07-22 13:25:00,CNR3284481610,Success,CID148185,Bike,Indiranagar,Chickpet,231.0,100.0,Not Applicable,Not Applicable,No,Not Applicable,348,Cash,49,3.3,3.6
2024-07-18 21:03:00,CNR7792696482,Success,CID123332,Prime SUV,Magadi Road,Bellandur,105.0,30.0,Not Applicable,Not Applicable,No,Not Applicable,322,Cash,29,3.0,4.4
2024-07-26 11:25:00,CNR4738477684,Canceled by Driver,CID863204,Prime Sedan,Hosur Road,Frazer Town,,,Not Applicable,Customer related issue,Not Applicable,Not Applicable,190,Not Applicable,0,,
2024-07-03 01:38:00,CNR2546874395,Canceled by Driver,CID640072,eBike,RT Nagar,KR Puram,,,Not Applicable,Personal & Car related issue,Not Applicable,Not Applicable,443,Not Applicable,0,,
2024-07-16 05:57:00,CNR4402728882,Driver Not Found,CID549581,Mini,Yelahanka,HSR Layout,,,Not Applicable,Not Applicable,Not Applicable,Not Applicable,1995,Not Applicable,0,,
2024-07-10 10:59:00,CNR6984449338,Canceled by Driver,CID767744,Bike,JP Nagar,Chamarajpet,,,Not Applicable,Personal & Car related issue,Not Applicable,Not Applicable,800,Not Applicable,0,,
2024-07-27 18:08:00,CNR7780358339,Success,CID985547,Mini,RT Nagar,Sarjapur Road,308.0,95.0,Not Applicable,Not Applicable,No,Not Applicable,471,UPI,14,4.4,4.8
2024-07-29 19:38:00,CNR4501998837,Success,CID764632,Prime SUV,Magadi Road,Chamarajpet,56.0,115.0,Not Applicable,Not Applicable,No,Not Applicable,165,Cash,8,4.6,3.6
2024-07-26 22:27:00,CNR2694177240,Success,CID352722,Prime SUV,Bellandur,Koramangala,119.0,25.0,Not Applicable,Not Applicable,No,Not Applicable,383,UPI,44,4.5,4.9
2024-07-01 08:06:00,CNR9172270032,Success,CID183020,Auto,Yelahanka,Shantinagar,112.0,90.0,Not Applicable,Not Applicable,No,Not Applicable,129,UPI,2,4.2,4.7
2024-07-26 10:10:00,CNR7071493789,Success,CID549276,Bike,Cox Town,Ulsoor,245.0,90.0,Not Applicable,Not Applicable,No,Not Applicable,285,Cash,39,3.0,3.2
2024-07-02 08:13:00,CNR5833137376,Success,CID176329,Prime Plus,Indiranagar,Padmanabhanagar,154.0,135.0,Not Applicable,Not Applicable,No,Not Applicable,493,Cash,3,3.7,4.4
2024-07-10 06:32:00,CNR3657233836,Driver Not Found,CID885713,Auto,Richmond Town,Hosur Road,,,Not Applicable,Not Applicable,Not Applicable,Not Applicable,192,Not Applicable,0,,
2024-07-25 15:03:00,CNR3004538039,Canceled by Driver,CID267234,Auto,Langford Town,Mysore Road,,,Not Applicable,More than permitted people in there,Not Applicable,Not Applicable,442,Not Applicable,0,,
2024-07-28 08:13:00,CNR6250104522,Success,CID891153,Prime SUV,MG Road,Hosur Road,70.0,70.0,Not Applicable,Not Applicable,No,Not Applicable,898,Cash,29,3.7,4.4
2024-07-08 14:04:00,CNR2176381652,Driver Not Found,CID413394,Mini,Hulimavu,Varthur,,,Not Applicable,Not Applicable,Not Applicable,Not Applicable,179,Not Applicable,0,,
2024-07-05 00:36:00,CNR3247881342,Success,CID462555,Prime Sedan,Shantinagar,Mysore Road,238.0,35.0,Not Applicable,Not Applicable,No,Not Applicable,882,UPI,13,4.3,4.6
2024-07-08 19:52:00,CNR9269827341,Success,CID812774,Auto,Hulimavu,Shivajinagar,35.0,90.0,Not Applicable,Not Applicable,No,Not Applicable,299,UPI,9,4.5,3.7
2024-07-25 15:19:00,CNR1676659326,Canceled by Customer,CID105840,Prime SUV,Basavanagudi,RT Nagar,,,Change of plans,Not Applicable,Not Applicable,Not Applicable,388,Not Applicable,0,,
2024-07-15 16:52:00,CNR5099729150,Success,CID592365,Prime Sedan,MG Road,Basavanagudi,35.0,40.0,Not Applicable,Not Applicable,No,Not Applicable,243,Cash,40,3.0,4.7
2024-07-14 17:24:00,CNR1820294116,Success,CID620746,Bike,Koramangala,Peenya,175.0,60.0,Not Applicable,Not Applicable,No,Not Applicable,168,Cash,12,4.6,3.2
2024-07-17 00:12:00,CNR1164671011,Canceled by Driver,CID970525,Auto,Kengeri,RT Nagar,,,Not Applicable,More than permitted people in there,Not Applicable,Not Applicable,992,Not Applicable,0,,
2024-07-15 14:46:00,CNR1230613197,Driver Not Found,CID520914,eBike,Varthur,Whitefield,,,Not Applicable,Not Applicable,Not Applicable,Not Applicable,731,Not Applicable,0,,
2024-07-23 21:46:00,CNR8998884100,Success,CID536542,Prime SUV,Chamarajpet,Jayanagar,147.0,70.0,Not Applicable,Not Applicable,No,Not Applicable,1698,Debit Card,24,3.4,4.6
2024-07-01 05:34:00,CNR4291701851,Success,CID466430,Prime SUV,Langford Town,Kadugodi,175.0,130.0,Not Applicable,Not Applicable,No,Not Applicable,307,Cash,34,3.8,3.5
2024-07-30 19:42:00,CNR7442862064,Success,CID459574,Prime Plus,Ulsoor,Basavanagudi,35.0,80.0,Not Applicable,Not Applicable,No,Not Applicable,314,Cash,21,4.5,3.3
2024-07-26 20:35:00,CNR4216766318,Success,CID252291,eBike,MG Road,Hosur Road,308.0,120.0,Not Applicable,Not Applicable,Yes,Customer Demand,340,UPI,7,4.5,3.1
2024-07-27 20:43:00,CNR9363122698,Success,CID440343,Prime SUV,Magadi Road,Shivajinagar,84.0,140.0,Not Applicable,Not Applicable,No,Not Applicable,365,UPI,4,3.0,4.8
2024-07-23 04:10:00,CNR7097019642,Canceled by Driver,CID346513,Mini,Marathahalli,Richmond Town,,,Not Applicable,Customer related issue,Not Applicable,Not Applicable,2929,Not Applicable,0,,
2024-07-15 00:20:00,CNR5768711906,Success,CID176793,Prime Sedan,Tumkur Road,Nagarbhavi,168.0,90.0,Not Applicable,Not Applicable,No,Not Applicable,117,UPI,24,3.8,4.9
2024-07-16 07:43:00,CNR3505245904,Driver Not Found,CID917508,Prime SUV,Electronic City,Kammanahalli,,,Not Applicable,Not Applicable,Not Applicable,Not Applicable,475,Not Applicable,0,,
2024-07-01 10:46:00,CNR8038227840,Canceled by Customer,CID786302,eBike,Koramangala,Langford Town,,,Driver is not moving towards pickup location,Not Applicable,Not Applicable,Not Applicable,348,Not Applicable,0,,
2024-07-01 13:58:00,CNR8116135155,Success,CID818666,Bike,Cox Town,Malleshwaram,35.0,135.0,Not Applicable,Not Applicable,No,Not Applicable,237,UPI,2,4.2,4.6
2024-07-14 00:17:00,CNR1642166464,Driver Not Found,CID356773,Prime SUV,Shivajinagar,Bannerghatta Road,,,Not Applicable,Not Applicable,Not Applicable,Not Applicable,710,Not Applicable,0,,
2024-07-23 18:51:00,CNR1831392750,Success,CID591846,Prime Sedan,Tumkur Road,Basavanagudi,56.0,85.0,Not Applicable,Not Applicable,No,Not Applicable,481,Cash,13,3.6,3.6
2024-07-27 01:34:00,CNR2506566041,Success,CID781909,Auto,Kammanahalli,Majestic,77.0,95.0,Not Applicable,Not Applicable,No,Not Applicable,428,Cash,16,4.1,3.3
2024-07-08 03:28:00,CNR4691751803,Canceled by Driver,CID441883,eBike,Kadugodi,Magadi Road,,,Not Applicable,More than permitted people in there,Not Applicable,Not Applicable,551,Not Applicable,0,,
2024-07-30 01:25:00,CNR6746328481,Canceled by Driver,CID336818,eBike,Vijayanagar,Indiranagar,,,Not Applicable,Personal & Car related issue,Not Applicable,Not Applicable,365,Not Applicable,0,,
2024-07-22 08:07:00,CNR6361286240,Success,CID753520,eBike,Padmanabhanagar,Kadugodi,231.0,125.0,Not Applicable,Not Applicable,No,Not Applicable,293,Credit Card,26,4.1,4.4
2024-07-06 12:04:00,CNR1878732876,Canceled by Customer,CID496226,Auto,Malleshwaram,Kengeri,,,Driver is not moving towards pickup location,Not Applicable,Not Applicable,Not Applicable,219,Not Applicable,0,,
2024-07-21 22:32:00,CNR4119025709,Success,CID752762,Prime Sedan,MG Road,RT Nagar,231.0,25.0,Not Applicable,Not Applicable,No,Not Applicable,153,UPI,34,3.1,3.2
2024-07-27 21:55:00,CNR4509797733,Success,CID989166,eBike,Nagarbhavi,Sarjapur Road,70.0,90.0,Not Applicable,Not Applicable,No,Not Applicable,215,Debit Card,33,3.6,4.9
2024-07-01 05:56:00,CNR3294787017,Canceled by Driver,CID700005,Prime Sedan,Hennur,Sarjapur Road,,,Not Applicable,Customer was coughing/sick,Not Applicable,Not Applicable,189,Not Applicable,0,,
2024-07-09 02:43:00,CNR3315174301,Canceled by Customer,CID672712,Mini,Rajajinagar,Bannerghatta Road,,,Driver is not moving towards pickup location,Not Applicable,Not Applicable,Not Applicable,335,Not Applicable,0,,
2024-07-20 14:13:00,CNR5407310638,Canceled by Driver,CID458714,Bike,Richmond Town,BTM Layout,,,Not Applicable,Personal & Car related issue,Not Applicable,Not Applicable,248,Not Applicable,0,,
2024-07-02 04:37:00,CNR2118133211,Success,CID608945,Mini,Kengeri,Majestic,266.0,35.0,Not Applicable,Not Applicable,No,Not Applicable,451,Cash,39,3.1,3.1
2024-07-11 07:35:00,CNR1835710500,Success,CID549210,Prime SUV,Koramangala,Rajajinagar,49.0,45.0,Not Applicable,Not Applicable,No,Not Applicable,344,Cash,14,4.5,4.0
2024-07-21 18:27:00,CNR6004173974,Driver Not Found,CID204975,eBike,Koramangala,Bannerghatta Road,,,Not Applicable,Not Applicable,Not Applicable,Not Applicable,311,Not Applicable,0,,
2024-07-17 11:12:00,CNR1519953054,Success,CID652739,Mini,Majestic,Bellandur,105.0,120.0,Not Applicable,Not Applicable,No,Not Applicable,483,UPI,32,4.7,3.3
2024-07-22 00:22:00,CNR2771073982,Success,CID373009,Prime Sedan,Magadi Road,Bellandur,119.0,45.0,Not Applicable,Not Applicable,No,Not Applicable,791,UPI,22,4.0,4.7
2024-07-25 03:21:00,CNR8475369450,Canceled by Driver,CID970307,Mini,Bellandur,Mysore Road,,,Not Applicable,Customer related issue,Not Applicable,Not Applicable,276,Not Applicable,0,,
2024-07-20 15:28:00,CNR2484383857,Success,CID191334,Auto,Yeshwanthpur,Hulimavu,49.0,40.0,Not Applicable,Not Applicable,No,Not Applicable,142,Cash,14,4.4,4.8
2024-07-02 11:57:00,CNR7932222307,Canceled by Driver,CID693153,Prime SUV,Langford Town,Malleshwaram,,,Not Applicable,Customer related issue,Not Applicable,Not Applicable,2724,Not Applicable,0,,
2024-07-26 10:24:00,CNR8058247580,Canceled by Driver,CID871946,Prime Plus,Whitefield,Padmanabhanagar,,,Not Applicable,Personal & Car related issue,Not Applicable,Not Applicable,713,Not Applicable,0,,
2024-07-08 03:43:00,CNR6103850384,Success,CID236802,Prime Plus,Sarjapur Road,Malleshwaram,189.0,145.0,Not Applicable,Not Applicable,No,Not Applicable,190,UPI,43,3.4,4.3
2024-07-11 05:34:00,CNR6435123380,Success,CID484073,Prime Sedan,Indiranagar,Devanahalli,217.0,145.0,Not Applicable,Not Applicable,No,Not Applicable,472,Debit Card,16,3.2,4.6
2024-07-10 21:15:00,CNR6682928281,Success,CID983593,Bike,Malleshwaram,Rajajinagar,210.0,55.0,Not Applicable,Not Applicable,No,Not Applicable,421,Cash,16,4.8,3.6
2024-07-07 02:30:00,CNR1998852515,Canceled by Driver,CID833641,Prime Plus,Ramamurthy Nagar,Yeshwanthpur,,,Not Applicable,Customer related issue,Not Applicable,Not Applicable,219,Not Applicable,0,,
2024-07-22 04:59:00,CNR8399379761,Success,CID762864,Mini,Peenya,Yelahanka,280.0,60.0,Not Applicable,Not Applicable,No,Not Applicable,602,UPI,46,4.7,3.1
2024-07-16 19:18:00,CNR4146880042,Canceled by Driver,CID813668,Prime SUV,Banashankari,Marathahalli,,,Not Applicable,Personal & Car related issue,Not Applicable,Not Applicable,100,Not Applicable,0,,
2024-07-26 15:58:00,CNR7189319146,Canceled by Customer,CID920690,eBike,Banashankari,Yelahanka,,,Driver asked to cancel,Not Applicable,Not Applicable,Not Applicable,447,Not Applicable,0,,
2024-07-10 07:55:00,CNR4007612491,Success,CID821057,Prime SUV,Shantinagar,Sarjapur Road,238.0,60.0,Not Applicable,Not Applicable,No,Not Applicable,361,Cash,43,3.3,3.8
2024-07-07 19:34:00,CNR5145092854,Success,CID429062,Auto,Banashankari,Ramamurthy Nagar,287.0,115.0,Not Applicable,Not Applicable,No,Not Applicable,253,Cash,15,5.0,3.0
2024-07-13 10:05:00,CNR9031948380,Success,CID286169,eBike,HSR Layout,Shantinagar,105.0,35.0,Not Applicable,Not Applicable,No,Not Applicable,459,UPI,23,4.9,3.9
2024-07-07 15:02:00,CNR1740179833,Success,CID404487,Prime Plus,Malleshwaram,Devanahalli,252.0,135.0,Not Applicable,Not Applicable,No,Not Applicable,438,UPI,15,3.4,3.0
2024-07-04 07:21:00,CNR1514167680,Success,CID854178,Auto,Kengeri,Sahakar Nagar,91.0,85.0,Not Applicable,Not Applicable,No,Not Applicable,854,Cash,10,4.5,3.9
2024-07-07 15:18:00,CNR4942616479,Success,CID733072,Mini,Rajarajeshwari Nagar,Yeshwanthpur,126.0,120.0,Not Applicable,Not Applicable,Yes,Vehicle Breakdown,807,Credit Card,8,3.6,3.5
2024-07-25 16:11:00,CNR1464635529,Success,CID606158,Prime Sedan,Hebbal,Hebbal,147.0,135.0,Not Applicable,Not Applicable,No,Not Applicable,639,UPI,33,4.2,4.4
2024-07-15 21:43:00,CNR8636258762,Driver Not Found,CID315897,Bike,Padmanabhanagar,Mysore Road,,,Not Applicable,Not Applicable,Not Applicable,Not Applicable,296,Not Applicable,0,,
2024-07-24 15:18:00,CNR1616149461,Driver Not Found,CID259181,Prime Plus,Tumkur Road,Indiranagar,,,Not Applicable,Not Applicable,Not Applicable,Not Applicable,308,Not Applicable,0,,
2024-07-10 02:07:00,CNR3561482046,Canceled by Driver,CID774141,Bike,Whitefield,Devanahalli,,,Not Applicable,More than permitted people in there,Not Applicable,Not Applicable,288,Not Applicable,0,,
2024-07-02 06:48:00,CNR5144797025,Success,CID155455,eBike,Kadugodi,Kengeri,70.0,40.0,Not Applicable,Not Applicable,No,Not Applicable,162,Cash,49,4.8,3.8
2024-07-08 13:41:00,CNR9931041639,Canceled by Driver,CID166460,Bike,HSR Layout,Electronic City,,,Not Applicable,Customer related issue,Not Applicable,Not Applicable,137,Not Applicable,0,,
2024-07-20 21:25:00,CNR5992022387,Canceled by Driver,CID192318,Mini,Chamarajpet,KR Puram,,,Not Applicable,Personal & Car related issue,Not Applicable,Not Applicable,588,Not Applicable,0,,
2024-07-13 20:00:00,CNR6387768866,Driver Not Found,CID321918,Prime SUV,Rajajinagar,BTM Layout,,,Not Applicable,Not Applicable,Not Applicable,Not Applicable,481,Not Applicable,0,,
2024-07-08 23:26:00,CNR7791860053,Success,CID833156,eBike,Malleshwaram,Jayanagar,42.0,95.0,Not Applicable,Not Applicable,No,Not Applicable,479,UPI,22,4.5,3.9
2024-07-24 03:11:00,CNR7951940975,Canceled by Customer,CID295610,Prime SUV,Hosur Road,Langford Town,,,AC is Not working,Not Applicable,Not Applicable,Not Applicable,188,Not Applicable,0,,
2024-07-28 11:06:00,CNR9572028286,Success,CID686909,Bike,Bellandur,Yeshwanthpur,203.0,60.0,Not Applicable,Not Applicable,No,Not Applicable,783,UPI,12,3.6,3.1
2024-07-02 13:08:00,CNR4768713806,Success,CID795323,eBike,Ulsoor,Chickpet,49.0,135.0,Not Applicable,Not Applicable,No,Not Applicable,637,Cash,49,3.4,3.1
2024-07-19 12:27:00,CNR3836067995,Success,CID702873,Prime Sedan,Vijayanagar,Langford Town,140.0,60.0,Not Applicable,Not Applicable,No,Not Applicable,408,Credit Card,4,4.9,3.3
2024-07-20 07:54:00,CNR3209594978,Success,CID860276,Prime SUV,Chickpet,MG Road,259.0,55.0,Not Applicable,Not Applicable,No,Not Applicable,171,UPI,35,3.3,3.5
2024-07-07 23:34:00,CNR1058040059,Success,CID188157,Auto,Shivajinagar,Malleshwaram,280.0,60.0,Not Applicable,Not Applicable,No,Not Applicable,276,Cash,11,3.9,4.4
2024-07-10 09:22:00,CNR4544463183,Success,CID968387,Prime SUV,Peenya,Shivajinagar,294.0,55.0,Not Applicable,Not Applicable,No,Not Applicable,628,Cash,3,3.4,5.0
2024-07-10 22:44:00,CNR6016609493,Success,CID504655,eBike,Tumkur Road,BTM Layout,63.0,70.0,Not Applicable,Not Applicable,No,Not Applicable,382,UPI,9,3.5,3.2
2024-07-11 00:15:00,CNR6759090780,Success,CID155784,Bike,Frazer Town,Rajajinagar,63.0,50.0,Not Applicable,Not Applicable,No,Not Applicable,438,UPI,1,3.4,3.2
2024-07-15 09:07:00,CNR1076948216,Success,CID738140,Mini,Richmond Town,Koramangala,35.0,30.0,Not Applicable,Not Applicable,No,Not Applicable,653,Cash,36,4.4,4.7
2024-07-01 00:06:00,CNR3466519856,Canceled by Driver,CID361855,Bike,Frazer Town,BTM Layout,,,Not Applicable,Personal & Car related issue,Not Applicable,Not Applicable,157,Not Applicable,0,,
2024-07-16 11:12:00,CNR2456628559,Success,CID541369,Mini,Varthur,Langford Town,259.0,110.0,Not Applicable,Not Applicable,No,Not Applicable,454,Cash,44,3.2,3.4
2024-07-05 09:42:00,CNR1574188923,Canceled by Customer,CID772293,eBike,Hulimavu,HSR Layout,,,Driver asked to cancel,Not Applicable,Not Applicable,Not Applicable,466,Not Applicable,0,,
2024-07-04 20:40:00,CNR3883454309,Canceled by Customer,CID806963,eBike,Rajajinagar,HSR Layout,,,Driver asked to cancel,Not Applicable,Not Applicable,Not Applicable,482,Not Applicable,0,,
2024-07-27 02:39:00,CNR8198075170,Canceled by Driver,CID122950,Auto,Koramangala,Shivajinagar,,,Not Applicable,Customer related issue,Not Applicable,Not Applicable,170,Not Applicable,0,,
2024-07-08 08:27:00,CNR2650590584,Canceled by Customer,CID302105,Auto,Frazer Town,Cox Town,,,Driver is not moving towards pickup location,Not Applicable,Not Applicable,Not Applicable,354,Not Applicable,0,,
2024-07-12 04:09:00,CNR3707080180,Canceled by Customer,CID517217,Prime Plus,Devanahalli,Kammanahalli,,,Driver asked to cancel,Not Applicable,Not Applicable,Not Applicable,145,Not Applicable,0,,
2024-07-13 17:12:00,CNR4082271166,Success,CID576631,Prime Sedan,Ramamurthy Nagar,BTM Layout,154.0,135.0,Not Applicable,Not Applicable,No,Not Applicable,110,Cash,42,3.0,4.8
2024-07-13 18:18:00,CNR8991008990,Canceled by Customer,CID174007,eBike,Bellandur,Chickpet,,,Driver is not moving towards pickup location,Not Applicable,Not Applicable,Not Applicable,851,Not Applicable,0,,
2024-07-02 06:52:00,CNR4038962492,Canceled by Customer,CID811886,Auto,Marathahalli,Chamarajpet,,,Change of plans,Not Applicable,Not Applicable,Not Applicable,2127,Not Applicable,0,,
2024-07-24 18:07:00,CNR4959091554,Canceled by Driver,CID436568,eBike,Richmond Town,Shivajinagar,,,Not Applicable,Customer related issue,Not Applicable,Not Applicable,648,Not Applicable,0,,
2024-07-21 15:09:00,CNR1011734137,Driver Not Found,CID917497,Auto,Tumkur Road,Koramangala,,,Not Applicable,Not Applicable,Not Applicable,Not Applicable,515,Not Applicable,0,,
2024-07-27 02:16:00,CNR2782515279,Canceled by Customer,CID594567,Prime Plus,KR Puram,Yelahanka,,,AC is Not working,Not Applicable,Not Applicable,Not Applicable,349,Not Applicable,0,,
2024-07-23 03:55:00,CNR8214113296,Canceled by Driver,CID789622,Prime Plus,Koramangala,Electronic City,,,Not Applicable,Personal & Car related issue,Not Applicable,Not Applicable,246,Not Applicable,0,,
2024-07-13 05:14:00,CNR8275343743,Canceled by Customer,CID682650,Prime Plus,Bannerghatta Road,Yeshwanthpur,,,AC is Not working,Not Applicable,Not Applicable,Not Applicable,215,Not Applicable,0,,
2024-07-27 10:34:00,CNR9642859003,Success,CID214859,Auto,Koramangala,Peenya,273.0,145.0,Not Applicable,Not Applicable,No,Not Applicable,1543,Credit Card,16,3.0,3.9
2024-07-10 01:23:00,CNR3280998274,Canceled by Customer,CID123313,Prime SUV,Richmond Town,HSR Layout,,,AC is Not working,Not Applicable,Not Applicable,Not Applicable,130,Not Applicable,0,,
2024-07-03 15:21:00,CNR8562210201,Success,CID540777,Prime SUV,Chamarajpet,Electronic City,63.0,145.0,Not Applicable,Not Applicable,No,Not Applicable,855,Cash,23,4.4,4.1
2024-07-30 14:41:00,CNR7805856070,Canceled by Driver,CID714706,Prime SUV,Frazer Town,Marathahalli,,,Not Applicable,Customer was coughing/sick,Not Applicable,Not Applicable,481,Not Applicable,0,,
2024-07-23 11:28:00,CNR5630215099,Success,CID409428,Mini,Jayanagar,Rajarajeshwari Nagar,252.0,105.0,Not Applicable,Not Applicable,Yes,Vehicle Breakdown,470,UPI,39,3.8,3.7
2024-07-11 01:29:00,CNR8157452448,Canceled by Customer,CID434622,eBike,Devanahalli,MG Road,,,Change of plans,Not Applicable,Not Applicable,Not Applicable,111,Not Applicable,0,,
2024-07-25 15:28:00,CNR3534829094,Success,CID160966,Prime Sedan,HSR Layout,Bellandur,56.0,110.0,Not Applicable,Not Applicable,No,Not Applicable,605,Cash,13,4.4,3.1
2024-07-02 16:02:00,CNR2679121235,Success,CID219530,Bike,Nagarbhavi,Marathahalli,35.0,60.0,Not Applicable,Not Applicable,No,Not Applicable,728,Cash,17,4.1,3.6
2024-07-12 23:30:00,CNR5490708316,Driver Not Found,CID373445,eBike,Bannerghatta Road,Chamarajpet,,,Not Applicable,Not Applicable,Not Applicable,Not Applicable,430,Not Applicable,0,,
2024-07-25 22:02:00,CNR9730703558,Driver Not Found,CID783199,Bike,Langford Town,KR Puram,,,Not Applicable,Not Applicable,Not Applicable,Not Applicable,123,Not Applicable,0,,
2024-07-21 07:22:00,CNR1995922631,Success,CID630147,Bike,Hulimavu,Hulimavu,140.0,120.0,Not Applicable,Not Applicable,No,Not Applicable,1992,Cash,49,4.3,3.1
2024-07-04 11:37:00,CNR1733237197,Success,CID929017,Prime Plus,Kengeri,Padmanabhanagar,217.0,95.0,Not Applicable,Not Applicable,No,Not Applicable,428,Cash,26,4.2,4.1
2024-07-24 14:45:00,CNR4206688604,Success,CID842631,eBike,Yeshwanthpur,Basavanagudi,245.0,110.0,Not Applicable,Not Applicable,No,Not Applicable,392,Cash,9,4.5,4.7
2024-07-24 00:31:00,CNR5497300121,Success,CID591777,Prime Plus,JP Nagar,Frazer Town,175.0,125.0,Not Applicable,Not Applicable,No,Not Applicable,309,UPI,29,4.1,4.4
2024-07-14 19:44:00,CNR4913418695,Canceled by Customer,CID823358,Prime Sedan,Basavanagudi,Majestic,,,Change of plans,Not Applicable,Not Applicable,Not Applicable,328,Not Applicable,0,,
2024-07-01 20:41:00,CNR3005546770,Success,CID278423,Prime Plus,Malleshwaram,Rajarajeshwari Nagar,245.0,25.0,Not Applicable,Not Applicable,No,Not Applicable,171,Cash,13,3.7,3.5
2024-07-05 18:32:00,CNR9003152452,Success,CID494783,Auto,Yelahanka,Rajajinagar,126.0,130.0,Not Applicable,Not Applicable,No,Not Applicable,274,UPI,15,4.6,3.5
2024-07-21 05:57:00,CNR1489460437,Success,CID565702,Auto,KR Puram,Koramangala,49.0,30.0,Not Applicable,Not Applicable,No,Not Applicable,307,UPI,5,4.0,3.4
2024-07-15 20:03:00,CNR8499497683,Canceled by Customer,CID588493,eBike,MG Road,Yelahanka,,,Driver asked to cancel,Not Applicable,Not Applicable,Not Applicable,1725,Not Applicable,0,,
2024-07-05 23:15:00,CNR4989073916,Success,CID593051,eBike,HSR Layout,Majestic,105.0,115.0,Not Applicable,Not Applicable,No,Not Applicable,276,Cash,34,3.2,4.3
2024-07-20 03:46:00,CNR7429625620,Canceled by Customer,CID223445,eBike,Ulsoor,HSR Layout,,,Driver asked to cancel,Not Applicable,Not Applicable,Not Applicable,1018,Not Applicable,0,,
2024-07-26 02:49:00,CNR3126695397,Canceled by Driver,CID746848,Prime SUV,Bellandur,Malleshwaram,,,Not Applicable,Personal & Car related issue,Not Applicable,Not Applicable,2741,Not Applicable,0,,
2024-07-29 13:15:00,CNR4936711669,Success,CID650588,Auto,HSR Layout,Yelahanka,294.0,45.0,Not Applicable,Not Applicable,No,Not Applicable,124,Cash,17,3.9,5.0
2024-07-28 11:48:00,CNR5521017995,Success,CID662366,Prime SUV,Kadugodi,Peenya,294.0,125.0,Not Applicable,Not Applicable,No,Not Applicable,384,UPI,15,4.9,4.8
2024-07-17 20:09:00,CNR6679114541,Canceled by Customer,CID986936,Prime SUV,Rajajinagar,Banashankari,,,AC is Not working,Not Applicable,Not Applicable,Not Applicable,216,Not Applicable,0,,
2024-07-16 17:54:00,CNR6369844451,Success,CID216812,Bike,Kammanahalli,Langford Town,280.0,90.0,Not Applicable,Not Applicable,No,Not Applicable,103,UPI,28,3.4,3.8
2024-07-24 07:43:00,CNR1711759816,Success,CID258371,Prime Sedan,JP Nagar,Ulsoor,196.0,65.0,Not Applicable,Not Applicable,No,Not Applicable,253,Cash,45,4.2,4.2
2024-07-20 16:56:00,CNR9744288280,Success,CID798279,eBike,Varthur,Basavanagudi,63.0,145.0,Not Applicable,Not Applicable,No,Not Applicable,159,UPI,8,3.4,4.9
2024-07-03 13:53:00,CNR8879483348,Canceled by Driver,CID821402,Prime Plus,Vijayanagar,Bellandur,,,Not Applicable,Personal & Car related issue,Not Applicable,Not Applicable,357,Not Applicable,0,,
2024-07-09 12:57:00,CNR2820080011,Canceled by Driver,CID171336,Prime Sedan,Yelahanka,Yeshwanthpur,,,Not Applicable,More than permitted people in there,Not Applicable,Not Applicable,544,Not Applicable,0,,
2024-07-11 15:56:00,CNR9829331625,Success,CID536475,Auto,Basavanagudi,Nagarbhavi,189.0,100.0,Not Applicable,Not Applicable,No,Not Applicable,678,Cash,18,4.9,4.1
2024-07-06 06:44:00,CNR3504464453,Success,CID221542,Bike,Tumkur Road,Tumkur Road,175.0,95.0,Not Applicable,Not Applicable,No,Not Applicable,218,Cash,21,4.5,3.1
2024-07-07 11:38:00,CNR3549795105,Success,CID315167,Mini,Richmond Town,Kengeri,168.0,135.0,Not Applicable,Not Applicable,No,Not Applicable,498,Cash,26,4.2,4.7
2024-07-26 09:36:00,CNR5885723427,Canceled by Driver,CID369208,Prime Sedan,Tumkur Road,Langford Town,,,Not Applicable,Customer related issue,Not Applicable,Not Applicable,516,Not Applicable,0,,
2024-07-26 09:01:00,CNR9126888656,Success,CID460334,Bike,Hosur Road,Mysore Road,203.0,30.0,Not Applicable,Not Applicable,No,Not Applicable,457,Cash,37,3.7,4.3
2024-07-07 00:43:00,CNR6267868135,Success,CID833806,Auto,JP Nagar,Ulsoor,91.0,95.0,Not Applicable,Not Applicable,No,Not Applicable,182,UPI,8,4.0,3.6
2024-07-09 07:05:00,CNR5434739495,Success,CID962754,eBike,Hennur,RT Nagar,133.0,25.0,Not Applicable,Not Applicable,No,Not Applicable,179,UPI,32,3.5,4.3
2024-07-30 04:25:00,CNR6638398744,Canceled by Customer,CID277420,Prime SUV,RT Nagar,Nagarbhavi,,,Driver is not moving towards pickup location,Not Applicable,Not Applicable,Not Applicable,338,Not Applicable,0,,
2024-07-15 03:41:00,CNR7262677790,Success,CID351951,eBike,Jayanagar,Sahakar Nagar,91.0,125.0,Not Applicable,Not Applicable,No,Not Applicable,383,Cash,35,3.2,3.1
2024-07-01 05:05:00,CNR3942054064,Canceled by Driver,CID499262,Prime Plus,Sahakar Nagar,Varthur,,,Not Applicable,More than permitted people in there,Not Applicable,Not Applicable,2107,Not Applicable,0,,
2024-07-30 12:14:00,CNR8224724380,Canceled by Driver,CID475003,eBike,Marathahalli,Kengeri,,,Not Applicable,Personal & Car related issue,Not Applicable,Not Applicable,961,Not Applicable,0,,
2024-07-24 04:43:00,CNR2775202721,Canceled by Driver,CID258976,Prime Sedan,Sahakar Nagar,Hosur Road,,,Not Applicable,Customer related issue,Not Applicable,Not Applicable,914,Not Applicable,0,,
2024-07-27 04:36:00,CNR6719985887,Success,CID154214,Auto,Magadi Road,HSR Layout,161.0,95.0,Not Applicable,Not Applicable,No,Not Applicable,366,Cash,4,3.9,4.0
2024-07-24 21:45:00,CNR1482879562,Success,CID960147,Bike,Tumkur Road,HSR Layout,49.0,90.0,Not Applicable,Not Applicable,No,Not Applicable,411,UPI,3,4.3,3.2
2024-07-18 13:26:00,CNR6074176780,Success,CID656155,Auto,Kadugodi,Yeshwanthpur,196.0,110.0,Not Applicable,Not Applicable,No,Not Applicable,301,Cash,11,3.7,3.1
2024-07-11 00:19:00,CNR9991699014,Success,CID490633,Prime Sedan,Yeshwanthpur,Bannerghatta Road,189.0,30.0,Not Applicable,Not Applicable,No,Not Applicable,768,UPI,40,4.8,4.8
2024-07-22 08:38:00,CNR8230248818,Success,CID698937,Prime Plus,Chickpet,Hosur Road,91.0,130.0,Not Applicable,Not Applicable,No,Not Applicable,310,Cash,5,5.0,4.6
2024-07-07 03:45:00,CNR1968722782,Canceled by Driver,CID815455,eBike,BTM Layout,Varthur,,,Not Applicable,Customer related issue,Not Applicable,Not Applicable,496,Not Applicable,0,,
2024-07-14 20:39:00,CNR8773356431,Driver Not Found,CID476328,Prime Plus,Kadugodi,Sarjapur Road,,,Not Applicable,Not Applicable,Not Applicable,Not Applicable,547,Not Applicable,0,,
2024-07-21 00:14:00,CNR5428960020,Success,CID910025,Prime SUV,Ulsoor,KR Puram,294.0,90.0,Not Applicable,Not Applicable,Yes,Customer Demand,337,UPI,28,3.8,4.3
2024-07-03 08:08:00,CNR8776904725,Success,CID701727,Prime SUV,Chamarajpet,Mysore Road,210.0,140.0,Not Applicable,Not Applicable,No,Not Applicable,1025,UPI,2,4.6,4.2
2024-07-26 14:41:00,CNR4637510496,Canceled by Customer,CID908113,eBike,Mysore Road,Kammanahalli,,,Wrong Address,Not Applicable,Not Applicable,Not Applicable,433,Not Applicable,0,,
2024-07-20 03:37:00,CNR3882514943,Success,CID270595,Prime SUV,Frazer Town,Jayanagar,245.0,50.0,Not Applicable,Not Applicable,No,Not Applicable,114,Cash,33,3.2,4.4
2024-07-05 21:25:00,CNR9347157057,Canceled by Driver,CID127557,Prime Sedan,Magadi Road,Bannerghatta Road,,,Not Applicable,Customer related issue,Not Applicable,Not Applicable,141,Not Applicable,0,,
2024-07-05 23:08:00,CNR9498315253,Canceled by Driver,CID942091,Mini,RT Nagar,Vijayanagar,,,Not Applicable,Personal & Car related issue,Not Applicable,Not Applicable,407,Not Applicable,0,,
2024-07-16 13:17:00,CNR4369872157,Success,CID407612,eBike,Mysore Road,Marathahalli,70.0,125.0,Not Applicable,Not Applicable,No,Not Applicable,242,Cash,46,4.9,4.3
2024-07-04 17:57:00,CNR7191462995,Success,CID425849,Prime Plus,Sarjapur Road,Hennur,210.0,90.0,Not Applicable,Not Applicable,No,Not Applicable,969,Cash,20,4.7,3.7
2024-07-25 10:05:00,CNR7395600269,Success,CID624975,Prime SUV,Koramangala,Chamarajpet,217.0,145.0,Not Applicable,Not Applicable,No,Not Applicable,337,Cash,44,4.1,4.6
2024-07-23 08:50:00,CNR9039622844,Success,CID982034,Prime Plus,Shivajinagar,Hulimavu,105.0,85.0,Not Applicable,Not Applicable,No,Not Applicable,327,Cash,45,4.1,4.9
2024-07-27 01:30:00,CNR4597272365,Canceled by Driver,CID241775,Prime Plus,Kengeri,Marathahalli,,,Not Applicable,Customer related issue,Not Applicable,Not Applicable,320,Not Applicable,0,,
2024-07-01 08:07:00,CNR1686505080,Driver Not Found,CID978995,Auto,KR Puram,Whitefield,,,Not Applicable,Not Applicable,Not Applicable,Not Applicable,458,Not Applicable,0,,
2024-07-20 15:10:00,CNR9470918975,Canceled by Driver,CID756379,Bike,Nagarbhavi,Hennur,,,Not Applicable,Personal & Car related issue,Not Applicable,Not Applicable,168,Not Applicable,0,,
2024-07-19 21:20:00,CNR8367027570,Canceled by Driver,CID119669,Prime SUV,Banashankari,Kammanahalli,,,Not Applicable,Personal & Car related issue,Not Applicable,Not Applicable,233,Not Applicable,0,,
2024-07-07 22:46:00,CNR5033869897,Success,CID775512,Prime Plus,Chickpet,Yeshwanthpur,238.0,90.0,Not Applicable,Not Applicable,Yes,Vehicle Breakdown,232,Debit Card,37,4.7,3.1
2024-07-16 10:50:00,CNR3810479193,Success,CID895253,Mini,Padmanabhanagar,Kengeri,35.0,50.0,Not Applicable,Not Applicable,No,Not Applicable,373,Cash,4,3.7,3.4
2024-07-11 00:17:00,CNR7849361830,Success,CID700296,Auto,KR Puram,Magadi Road,63.0,105.0,Not Applicable,Not Applicable,No,Not Applicable,236,Cash,15,3.6,4.9
2024-07-19 07:58:00,CNR6729372117,Driver Not Found,CID727441,Prime Plus,Kengeri,Electronic City,,,Not Applicable,Not Applicable,Not Applicable,Not Applicable,753,Not Applicable,0,,
2024-07-14 20:34:00,CNR8031161658,Success,CID579156,Mini,Basavanagudi,Magadi Road,56.0,35.0,Not Applicable,Not Applicable,No,Not Applicable,2974,Cash,26,4.2,3.1
2024-07-17 18:57:00,CNR9510661826,Success,CID339464,Mini,HSR Layout,Bannerghatta Road,56.0,90.0,Not Applicable,Not Applicable,No,Not Applicable,772,UPI,20,3.8,3.8
2024-07-01 21:47:00,CNR5782270371,Success,CID341971,Prime Sedan,Rajajinagar,BTM Layout,238.0,135.0,Not Applicable,Not Applicable,No,Not Applicable,287,UPI,5,4.0,3.8
2024-07-02 21:01:00,CNR4970891581,Success,CID972261,eBike,Varthur,Langford Town,203.0,110.0,Not Applicable,Not Applicable,No,Not Applicable,1643,Cash,8,3.5,4.0
2024-07-13 21:42:00,CNR2493362265,Success,CID259017,Prime Sedan,Electronic City,Chamarajpet,154.0,120.0,Not Applicable,Not Applicable,No,Not Applicable,419,Cash,38,4.0,4.0
2024-07-30 00:44:00,CNR5232176933,Success,CID162251,Auto,HSR Layout,Frazer Town,84.0,70.0,Not Applicable,Not Applicable,No,Not Applicable,268,UPI,14,4.9,4.7
2024-07-27 05:08:00,CNR8072261989,Success,CID719479,Prime Plus,Bellandur,Sarjapur Road,231.0,115.0,Not Applicable,Not Applicable,No,Not Applicable,300,Cash,6,5.0,4.7
2024-07-01 13:27:00,CNR7753921507,Success,CID214344,Auto,Bannerghatta Road,Bannerghatta Road,245.0,125.0,Not Applicable,Not Applicable,No,Not Applicable,361,Cash,5,4.3,4.6
2024-07-08 16:25:00,CNR1544388430,Driver Not Found,CID495099,Prime Sedan,Basavanagudi,Ulsoor,,,Not Applicable,Not Applicable,Not Applicable,Not Applicable,849,Not Applicable,0,,
2024-07-25 07:19:00,CNR6316004027,Success,CID290547,Prime Plus,RT Nagar,Ulsoor,168.0,55.0,Not Applicable,Not Applicable,No,Not Applicable,534,UPI,21,3.5,3.1
2024-07-14 12:04:00,CNR1098232504,Driver Not Found,CID903200,eBike,Hosur Road,Banashankari,,,Not Applicable,Not Applicable,Not Applicable,Not Applicable,317,Not Applicable,0,,
2024-07-08 12:11:00,CNR9522908964,Success,CID334681,Bike,Hennur,Peenya,259.0,110.0,Not Applicable,Not Applicable,No,Not Applicable,454,Credit Card,29,4.2,4.1
2024-07-07 01:57:00,CNR9231258102,Driver Not Found,CID842541,Mini,Nagarbhavi,Bannerghatta Road,,,Not Applicable,Not Applicable,Not Applicable,Not Applicable,1911,Not Applicable,0,,
2024-07-25 06:45:00,CNR3307189630,Success,CID936058,Mini,Majestic,Marathahalli,273.0,80.0,Not Applicable,Not Applicable,No,Not Applicable,832,Cash,22,4.1,3.2
2024-07-19 07:15:00,CNR8496187877,Success,CID223112,Prime Plus,Chickpet,Nagarbhavi,91.0,100.0,Not Applicable,Not Applicable,No,Not Applicable,1464,UPI,46,3.6,3.8
2024-07-25 18:29:00,CNR7851727462,Success,CID280444,eBike,Malleshwaram,Padmanabhanagar,217.0,120.0,Not Applicable,Not Applicable,Yes,Other Issue,847,Cash,38,3.8,4.6
2024-07-29 21:11:00,CNR8348737537,Success,CID355500,Mini,Hosur Road,Frazer Town,301.0,25.0,Not Applicable,Not Applicable,No,Not Applicable,2856,Credit Card,32,3.9,3.8
2024-07-28 15:48:00,CNR2725396220,Success,CID640968,Auto,Ramamurthy Nagar,Malleshwaram,126.0,115.0,Not Applicable,Not Applicable,No,Not Applicable,481,Cash,7,3.2,3.0
2024-07-17 06:42:00,CNR4624909125,Success,CID450889,Auto,Indiranagar,Nagarbhavi,112.0,125.0,Not Applicable,Not Applicable,No,Not Applicable,680,UPI,19,3.2,3.7
2024-07-01 05:29:00,CNR6995444724,Success,CID672408,Bike,Mysore Road,Jayanagar,210.0,80.0,Not Applicable,Not Applicable,No,Not Applicable,570,Cash,43,4.1,3.0
2024-07-05 04:19:00,CNR5361452837,Success,CID937645,Prime Plus,Banashankari,Vijayanagar,189.0,65.0,Not Applicable,Not Applicable,No,Not Applicable,491,UPI,43,4.9,4.5
2024-07-03 11:51:00,CNR4339776186,Success,CID386886,Prime Plus,Padmanabhanagar,Kammanahalli,231.0,90.0,Not Applicable,Not Applicable,No,Not Applicable,128,Cash,30,3.2,3.3
2024-07-20 20:38:00,CNR2186249572,Canceled by Driver,CID608170,eBike,Hebbal,Peenya,,,Not Applicable,More than permitted people in there,Not Applicable,Not Applicable,415,Not Applicable,0,,
2024-07-19 01:19:00,CNR6523234025,Success,CID946446,Mini,Ulsoor,Cox Town,133.0,85.0,Not Applicable,Not Applicable,No,Not Applicable,175,Cash,18,3.7,3.1
2024-07-15 02:07:00,CNR4074677371,Driver Not Found,CID510609,Prime Sedan,Hulimavu,Shivajinagar,,,Not Applicable,Not Applicable,Not Applicable,Not Applicable,517,Not Applicable,0,,
2024-07-23 05:15:00,CNR8591694946,Success,CID768340,Prime Sedan,Bannerghatta Road,Rajajinagar,210.0,70.0,Not Applicable,Not Applicable,No,Not Applicable,114,UPI,29,4.8,4.0
2024-07-12 03:01:00,CNR5600789402,Driver Not Found,CID518154,Prime Plus,Hosur Road,Rajajinagar,,,Not Applicable,Not Applicable,Not Applicable,Not Applicable,752,Not Applicable,0,,
2024-07-21 16:20:00,CNR1026279645,Canceled by Driver,CID790273,Auto,Mysore Road,Hebbal,,,Not Applicable,Personal & Car related issue,Not Applicable,Not Applicable,159,Not Applicable,0,,
2024-07-24 02:51:00,CNR7910980729,Success,CID975200,Prime SUV,Yeshwanthpur,Nagarbhavi,70.0,75.0,Not Applicable,Not Applicable,No,Not Applicable,382,UPI,29,3.8,3.9
2024-07-04 07:46:00,CNR3837939751,Success,CID232533,Mini,RT Nagar,Hulimavu,301.0,145.0,Not Applicable,Not Applicable,No,Not Applicable,526,Credit Card,19,3.5,3.7
2024-07-16 19:32:00,CNR8975674939,Canceled by Customer,CID145483,Prime Sedan,Nagarbhavi,Nagarbhavi,,,Driver asked to cancel,Not Applicable,Not Applicable,Not Applicable,106,Not Applicable,0,,
2024-07-03 01:01:00,CNR3367826794,Canceled by Customer,CID941988,Prime Sedan,Basavanagudi,Ramamurthy Nagar,,,Wrong Address,Not Applicable,Not Applicable,Not Applicable,408,Not Applicable,0,,
2024-07-20 17:16:00,CNR6449044137,Success,CID707753,Auto,Tumkur Road,JP Nagar,196.0,25.0,Not Applicable,Not Applicable,No,Not Applicable,400,UPI,18,3.5,3.7
2024-07-21 03:39:00,CNR7660197248,Success,CID224743,Prime Sedan,Vijayanagar,Bannerghatta Road,84.0,30.0,Not Applicable,Not Applicable,No,Not Applicable,218,Cash,13,3.3,3.9
2024-07-16 03:09:00,CNR8618457212,Success,CID758923,Prime Sedan,Majestic,Chamarajpet,175.0,90.0,Not Applicable,Not Applicable,No,Not Applicable,707,UPI,39,4.0,4.3
2024-07-13 21:00:00,CNR8763134769,Success,CID770892,Bike,Hosur Road,Chickpet,196.0,135.0,Not Applicable,Not Applicable,No,Not Applicable,123,Cash,36,3.5,3.7
2024-07-30 06:44:00,CNR2884986498,Success,CID857062,Mini,Rajarajeshwari Nagar,Shivajinagar,301.0,130.0,Not Applicable,Not Applicable,No,Not Applicable,233,Cash,46,3.8,4.9
2024-07-09 01:26:00,CNR4661001776,Success,CID715017,Prime Plus,Padmanabhanagar,RT Nagar,49.0,110.0,Not Applicable,Not Applicable,No,Not Applicable,171,Cash,30,3.0,4.7
2024-07-24 01:08:00,CNR6876035590,Success,CID226363,Prime Sedan,Yelahanka,Mysore Road,147.0,130.0,Not Applicable,Not Applicable,No,Not Applicable,1058,UPI,12,3.0,4.7
2024-07-01 23:44:00,CNR8594850645,Canceled by Driver,CID654569,Bike,Yeshwanthpur,Bannerghatta Road,,,Not Applicable,Personal & Car related issue,Not Applicable,Not Applicable,2949,Not Applicable,0,,
2024-07-10 23:25:00,CNR7025478814,Success,CID555780,Mini,Langford Town,Marathahalli,63.0,40.0,Not Applicable,Not Applicable,No,Not Applicable,987,UPI,19,3.8,4.8
2024-07-24 22:01:00,CNR5304217397,Success,CID193323,Prime Sedan,Yelahanka,Malleshwaram,266.0,135.0,Not Applicable,Not Applicable,No,Not Applicable,463,UPI,12,4.2,4.3
2024-07-20 19:06:00,CNR3235132496,Success,CID609195,Prime Sedan,BTM Layout,Kengeri,56.0,120.0,Not Applicable,Not Applicable,No,Not Applicable,2946,Cash,38,4.5,3.2
2024-07-05 11:19:00,CNR1465056024,Canceled by Customer,CID842571,Prime SUV,Kadugodi,Hennur,,,Change of plans,Not Applicable,Not Applicable,Not Applicable,519,Not Applicable,0,,
2024-07-13 22:48:00,CNR3431803220,Success,CID255752,Auto,Sahakar Nagar,Peenya,84.0,100.0,Not Applicable,Not Applicable,No,Not Applicable,398,UPI,11,4.1,4.9
2024-07-18 11:41:00,CNR2160082713,Success,CID873213,Auto,Vijayanagar,Padmanabhanagar,112.0,30.0,Not Applicable,Not Applicable,Yes,Customer Demand,351,Credit Card,18,4.0,3.3
2024-07-03 23:39:00,CNR9899978999,Success,CID108243,Prime SUV,Chickpet,Nagarbhavi,63.0,60.0,Not Applicable,Not Applicable,No,Not Applicable,193,Cash,25,4.3,3.0
2024-07-01 20:35:00,CNR2945577730,Success,CID480090,Mini,MG Road,Rajajinagar,105.0,35.0,Not Applicable,Not Applicable,No,Not Applicable,2753,Cash,8,4.8,3.5
2024-07-06 10:44:00,CNR4983556409,Canceled by Customer,CID747859,Auto,Jayanagar,Bellandur,,,Driver is not moving towards pickup location,Not Applicable,Not Applicable,Not Applicable,394,Not Applicable,0,,
2024-07-20 22:46:00,CNR6021685436,Success,CID330275,Mini,HSR Layout,Mysore Road,252.0,135.0,Not Applicable,Not Applicable,No,Not Applicable,453,UPI,20,4.4,3.3
2024-07-19 01:31:00,CNR2349400838,Success,CID162830,eBike,Devanahalli,Cox Town,91.0,115.0,Not Applicable,Not Applicable,No,Not Applicable,297,UPI,14,3.6,4.7
2024-07-17 06:45:00,CNR8348404564,Canceled by Driver,CID852774,Mini,Indiranagar,Vijayanagar,,,Not Applicable,More than permitted people in there,Not Applicable,Not Applicable,1100,Not Applicable,0,,
2024-07-30 21:56:00,CNR3018504727,Canceled by Customer,CID609074,Auto,Malleshwaram,Mysore Road,,,Driver is not moving towards pickup location,Not Applicable,Not Applicable,Not Applicable,735,Not Applicable,0,,
2024-07-21 13:22:00,CNR9618633329,Success,CID731071,Prime Plus,Magadi Road,Mysore Road,266.0,115.0,Not Applicable,Not Applicable,No,Not Applicable,426,UPI,2,3.7,3.6
2024-07-02 05:53:00,CNR8058099080,Canceled by Customer,CID718228,Auto,Yeshwanthpur,Chamarajpet,,,Driver is not moving towards pickup location,Not Applicable,Not Applicable,Not Applicable,284,Not Applicable,0,,
2024-07-02 12:08:00,CNR1950416056,Success,CID862426,eBike,HSR Layout,Yeshwanthpur,91.0,65.0,Not Applicable,Not Applicable,No,Not Applicable,311,Cash,10,4.1,4.8
2024-07-04 19:26:00,CNR9879473553,Canceled by Driver,CID913263,Prime Sedan,Yeshwanthpur,Padmanabhanagar,,,Not Applicable,Customer related issue,Not Applicable,Not Applicable,2268,Not Applicable,0,,
2024-07-17 09:28:00,CNR3932660168,Success,CID378082,eBike,Hosur Road,MG Road,231.0,70.0,Not Applicable,Not Applicable,No,Not Applicable,186,Cash,26,4.0,3.7
2024-07-30 15:31:00,CNR2216874085,Success,CID528577,Auto,Mysore Road,Bannerghatta Road,42.0,145.0,Not Applicable,Not Applicable,Yes,Customer Demand,272,Cash,4,4.9,4.7
2024-07-16 03:32:00,CNR2339501847,Success,CID314532,Mini,Kengeri,Rajarajeshwari Nagar,105.0,90.0,Not Applicable,Not Applicable,No,Not Applicable,149,UPI,48,4.5,3.5
2024-07-10 12:22:00,CNR1417300912,Success,CID127162,Bike,Mysore Road,Whitefield,105.0,35.0,Not Applicable,Not Applicable,No,Not Applicable,156,Cash,34,3.9,3.4
2024-07-30 20:15:00,CNR5322495593,Success,CID467224,Prime SUV,Kadugodi,Kammanahalli,259.0,80.0,Not Applicable,Not Applicable,No,Not Applicable,1289,Cash,13,4.9,4.0
2024-07-15 07:16:00,CNR7926681466,Success,CID639160,Bike,Richmond Town,Vijayanagar,203.0,30.0,Not Applicable,Not Applicable,No,Not Applicable,604,Cash,23,4.1,4.2
2024-07-08 07:13:00,CNR9594293730,Canceled by Driver,CID115377,Prime SUV,Basavanagudi,Ramamurthy Nagar,,,Not Applicable,More than permitted people in there,Not Applicable,Not Applicable,397,Not Applicable,0,,
2024-07-03 08:01:00,CNR3382005387,Canceled by Customer,CID502334,Prime Plus,Nagarbhavi,Frazer Town,,,Driver asked to cancel,Not Applicable,Not Applicable,Not Applicable,430,Not Applicable,0,,
2024-07-12 14:22:00,CNR6914141613,Success,CID962281,Bike,Langford Town,Rajajinagar,70.0,100.0,Not Applicable,Not Applicable,No,Not Applicable,488,Cash,16,4.7,4.2
2024-07-22 10:40:00,CNR3486894452,Success,CID734893,Prime SUV,BTM Layout,Frazer Town,189.0,145.0,Not Applicable,Not Applicable,No,Not Applicable,127,Credit Card,15,4.1,4.3
2024-07-04 08:25:00,CNR4311987895,Canceled by Driver,CID151861,Mini,Hennur,Hosur Road,,,Not Applicable,Personal & Car related issue,Not Applicable,Not Applicable,140,Not Applicable,0,,
2024-07-13 06:55:00,CNR3516703806,Canceled by Driver,CID105672,Mini,Whitefield,BTM Layout,,,Not Applicable,Personal & Car related issue,Not Applicable,Not Applicable,789,Not Applicable,0,,
2024-07-16 14:04:00,CNR8302999842,Success,CID211974,Mini,Ramamurthy Nagar,BTM Layout,119.0,130.0,Not Applicable,Not Applicable,No,Not Applicable,2527,Cash,5,4.9,4.7
2024-07-22 21:49:00,CNR6544736035,Success,CID994036,Mini,Bellandur,JP Nagar,231.0,105.0,Not Applicable,Not Applicable,No,Not Applicable,206,UPI,35,4.7,4.9
2024-07-17 18:24:00,CNR5580875449,Success,CID133684,Prime SUV,Koramangala,Majestic,294.0,90.0,Not Applicable,Not Applicable,No,Not Applicable,189,UPI,38,3.8,3.8
2024-07-29 17:37:00,CNR8939908977,Success,CID967238,Mini,Koramangala,Peenya,70.0,50.0,Not Applicable,Not Applicable,No,Not Applicable,446,Cash,22,4.3,4.0
2024-07-01 02:56:00,CNR2094805838,Driver Not Found,CID663197,Prime SUV,MG Road,Sarjapur Road,,,Not Applicable,Not Applicable,Not Applicable,Not Applicable,139,Not Applicable,0,,
2024-07-03 08:10:00,CNR6922333424,Success,CID706362,Prime Plus,MG Road,Ramamurthy Nagar,308.0,80.0,Not Applicable,Not Applicable,No,Not Applicable,378,Cash,44,3.8,4.7
2024-07-04 19:17:00,CNR6347105218,Success,CID690594,Prime Sedan,Majestic,Chamarajpet,98.0,120.0,Not Applicable,Not Applicable,No,Not Applicable,123,Cash,4,4.4,3.2
2024-07-01 10:44:00,CNR4898923359,Success,CID525424,Auto,Kadugodi,Tumkur Road,147.0,40.0,Not Applicable,Not Applicable,No,Not Applicable,112,Cash,6,4.8,3.5
2024-07-30 07:48:00,CNR5033641108,Success,CID813317,Prime Sedan,Rajarajeshwari Nagar,Kammanahalli,147.0,70.0,Not Applicable,Not Applicable,No,Not Applicable,463,Cash,11,3.4,3.6
2024-07-21 04:36:00,CNR8858428094,Success,CID741715,Auto,Ramamurthy Nagar,Sarjapur Road,154.0,40.0,Not Applicable,Not Applicable,No,Not Applicable,122,UPI,15,3.5,3.5
2024-07-09 16:55:00,CNR4731912350,Canceled by Driver,CID144680,eBike,Rajajinagar,Peenya,,,Not Applicable,Personal & Car related issue,Not Applicable,Not Applicable,141,Not Applicable,0,,
2024-07-05 04:35:00,CNR4357244034,Driver Not Found,CID890870,Bike,Yeshwanthpur,Vijayanagar,,,Not Applicable,Not Applicable,Not Applicable,Not Applicable,343,Not Applicable,0,,
2024-07-30 05:11:00,CNR3861893178,Canceled by Customer,CID926089,Prime Plus,Varthur,Langford Town,,,Driver is not moving towards pickup location,Not Applicable,Not Applicable,Not Applicable,339,Not Applicable,0,,
2024-07-16 23:11:00,CNR7265396314,Success,CID355817,Mini,Nagarbhavi,Majestic,126.0,130.0,Not Applicable,Not Applicable,No,Not Applicable,864,Cash,13,3.5,4.3
2024-07-05 07:24:00,CNR8115828933,Success,CID147958,Prime SUV,Sahakar Nagar,RT Nagar,49.0,95.0,Not Applicable,Not Applicable,No,Not Applicable,463,UPI,15,4.6,3.4
2024-07-26 08:20:00,CNR4545825588,Canceled by Driver,CID396884,Mini,Electronic City,Jayanagar,,,Not Applicable,Personal & Car related issue,Not Applicable,Not Applicable,315,Not Applicable,0,,
2024-07-23 11:50:00,CNR2056538005,Success,CID474381,Bike,RT Nagar,Hennur,203.0,110.0,Not Applicable,Not Applicable,No,Not Applicable,900,Cash,13,4.0,4.9
2024-07-19 01:32:00,CNR2791047601,Canceled by Customer,CID848726,Auto,RT Nagar,Rajarajeshwari Nagar,,,Driver is not moving towards pickup location,Not Applicable,Not Applicable,Not Applicable,208,Not Applicable,0,,
2024-07-01 06:47:00,CNR1166016416,Success,CID132361,Bike,Yeshwanthpur,KR Puram,35.0,85.0,Not Applicable,Not Applicable,No,Not Applicable,414,Cash,30,3.5,4.0
2024-07-16 07:38:00,CNR1211907141,Canceled by Customer,CID470799,eBike,Bellandur,Basavanagudi,,,Driver asked to cancel,Not Applicable,Not Applicable,Not Applicable,105,Not Applicable,0,,
2024-07-23 09:04:00,CNR8220532461,Success,CID584398,Prime Plus,Vijayanagar,Yelahanka,49.0,50.0,Not Applicable,Not Applicable,No,Not Applicable,508,Cash,3,3.5,3.7
2024-07-13 20:01:00,CNR5357288779,Success,CID195724,Prime Plus,Devanahalli,Richmond Town,266.0,135.0,Not Applicable,Not Applicable,No,Not Applicable,106,Cash,7,3.5,4.7
2024-07-15 23:34:00,CNR3240413829,Success,CID596316,Prime Sedan,Basavanagudi,Varthur,308.0,75.0,Not Applicable,Not Applicable,No,Not Applicable,906,Cash,40,4.2,3.4
2024-07-19 11:34:00,CNR2011752817,Success,CID846279,Bike,Cox Town,Chickpet,63.0,40.0,Not Applicable,Not Applicable,No,Not Applicable,379,Cash,48,4.6,3.7
2024-07-08 05:01:00,CNR3143160376,Canceled by Driver,CID228222,Prime SUV,Malleshwaram,Banashankari,,,Not Applicable,Customer was coughing/sick,Not Applicable,Not Applicable,838,Not Applicable,0,,
2024-07-18 22:10:00,CNR4510605389,Success,CID291458,Prime Sedan,Devanahalli,HSR Layout,287.0,135.0,Not Applicable,Not Applicable,No,Not Applicable,432,Cash,35,3.2,3.3
2024-07-30 08:56:00,CNR3321326189,Driver Not Found,CID159782,Prime SUV,Langford Town,Hebbal,,,Not Applicable,Not Applicable,Not Applicable,Not Applicable,259,Not Applicable,0,,
2024-07-16 01:05:00,CNR8589940176,Success,CID100363,eBike,Cox Town,Ulsoor,196.0,145.0,Not Applicable,Not Applicable,No,Not Applicable,2378,Cash,4,4.0,4.7
2024-07-12 10:17:00,CNR9094188687,Success,CID521890,Prime Plus,Tumkur Road,Cox Town,224.0,95.0,Not Applicable,Not Applicable,No,Not Applicable,340,Cash,7,3.0,4.9
2024-07-13 03:11:00,CNR5606033815,Success,CID285024,Bike,Bannerghatta Road,Banashankari,210.0,115.0,Not Applicable,Not Applicable,No,Not Applicable,106,Cash,22,3.2,4.4
2024-07-30 14:11:00,CNR9314481411,Success,CID176614,Mini,Peenya,Richmond Town,280.0,90.0,Not Applicable,Not Applicable,No,Not Applicable,491,Cash,25,4.6,4.9
2024-07-03 18:15:00,CNR7303490368,Success,CID141487,Bike,Ulsoor,Langford Town,308.0,80.0,Not Applicable,Not Applicable,No,Not Applicable,323,UPI,18,4.6,4.2
2024-07-05 18:40:00,CNR2425264058,Success,CID552339,Auto,Shivajinagar,Yeshwanthpur,77.0,125.0,Not Applicable,Not Applicable,No,Not Applicable,686,Credit Card,4,3.7,3.1
2024-07-15 05:17:00,CNR3937081822,Success,CID573871,Prime SUV,HSR Layout,Rajarajeshwari Nagar,217.0,120.0,Not Applicable,Not Applicable,No,Not Applicable,1134,Cash,9,4.2,4.1
2024-07-11 05:39:00,CNR6975915982,Success,CID817744,Prime SUV,BTM Layout,Cox Town,56.0,100.0,Not Applicable,Not Applicable,No,Not Applicable,462,Cash,28,3.1,3.5
2024-07-18 01:12:00,CNR3576850848,Success,CID829873,Prime Plus,Devanahalli,Jayanagar,238.0,105.0,Not Applicable,Not Applicable,No,Not Applicable,223,Cash,42,4.7,3.4
2024-07-20 04:16:00,CNR7868901183,Success,CID939735,Mini,KR Puram,Whitefield,63.0,110.0,Not Applicable,Not Applicable,No,Not Applicable,581,UPI,5,3.8,3.3
2024-07-10 12:37:00,CNR4296805202,Success,CID749417,Prime Sedan,HSR Layout,Richmond Town,91.0,85.0,Not Applicable,Not Applicable,No,Not Applicable,302,UPI,19,3.8,3.0
2024-07-21 16:54:00,CNR5723369018,Success,CID453985,Mini,Langford Town,Bellandur,49.0,30.0,Not Applicable,Not Applicable,No,Not Applicable,286,UPI,36,4.8,4.3
2024-07-15 04:47:00,CNR2671367282,Success,CID719750,Prime Plus,Chickpet,Cox Town,161.0,100.0,Not Applicable,Not Applicable,Yes,Vehicle Breakdown,223,Cash,18,4.7,3.7
2024-07-21 12:49:00,CNR9124982394,Success,CID376726,Prime Plus,Indiranagar,Majestic,63.0,130.0,Not Applicable,Not Applicable,No,Not Applicable,114,Cash,39,3.4,5.0
2024-07-03 22:42:00,CNR3175419601,Success,CID798968,eBike,Hosur Road,Whitefield,56.0,60.0,Not Applicable,Not Applicable,No,Not Applicable,818,Cash,1,3.9,4.9
2024-07-14 00:42:00,CNR4182681606,Success,CID671819,Mini,Koramangala,Chamarajpet,126.0,105.0,Not Applicable,Not Applicable,No,Not Applicable,430,Cash,46,3.5,4.6
2024-07-17 10:21:00,CNR4845752616,Success,CID834809,Mini,Bellandur,Hennur,294.0,40.0,Not Applicable,Not Applicable,No,Not Applicable,716,UPI,45,3.3,3.5
2024-07-22 15:32:00,CNR1595630293,Success,CID574915,Mini,Rajajinagar,Langford Town,140.0,140.0,Not Applicable,Not Applicable,No,Not Applicable,367,UPI,9,3.8,4.6
2024-07-12 15:06:00,CNR6337990418,Success,CID896475,Mini,Magadi Road,Electronic City,56.0,55.0,Not Applicable,Not Applicable,No,Not Applicable,467,UPI,44,3.1,3.7
2024-07-07 22:28:00,CNR1738499020,Success,CID440995,Prime SUV,Varthur,MG Road,56.0,25.0,Not Applicable,Not Applicable,No,Not Applicable,1207,UPI,26,4.9,4.8
2024-07-23 11:08:00,CNR5718978615,Canceled by Customer,CID589861,eBike,Langford Town,Vijayanagar,,,Driver is not moving towards pickup location,Not Applicable,Not Applicable,Not Applicable,235,Not Applicable,0,,
2024-07-02 06:30:00,CNR8402951662,Canceled by Customer,CID690051,Bike,Sarjapur Road,MG Road,,,Driver is not moving towards pickup location,Not Applicable,Not Applicable,Not Applicable,942,Not Applicable,0,,
2024-07-14 10:48:00,CNR4318618628,Success,CID185221,Bike,Chickpet,Tumkur Road,105.0,30.0,Not Applicable,Not Applicable,No,Not Applicable,349,Cash,4,4.4,4.4
2024-07-21 11:21:00,CNR9425721068,Canceled by Driver,CID396182,Prime SUV,Bellandur,Ramamurthy Nagar,,,Not Applicable,Customer related issue,Not Applicable,Not Applicable,452,Not Applicable,0,,
2024-07-10 21:57:00,CNR6151544205,Success,CID129788,Bike,Indiranagar,Sahakar Nagar,182.0,30.0,Not Applicable,Not Applicable,No,Not Applicable,188,Cash,12,4.2,4.5
2024-07-14 10:58:00,CNR6999720772,Success,CID101171,Prime Plus,Nagarbhavi,Hosur Road,301.0,80.0,Not Applicable,Not Applicable,No,Not Applicable,604,UPI,35,3.7,3.8
2024-07-09 22:16:00,CNR7535907425,Success,CID494849,Auto,Kadugodi,Padmanabhanagar,259.0,50.0,Not Applicable,Not Applicable,Yes,Vehicle Breakdown,437,Cash,5,3.5,4.7
2024-07-03 17:02:00,CNR4958857561,Canceled by Customer,CID788378,Prime Sedan,Rajajinagar,Kammanahalli,,,Driver asked to cancel,Not Applicable,Not Applicable,Not Applicable,186,Not Applicable,0,,
2024-07-12 03:10:00,CNR7464660080,Success,CID134512,Prime Plus,Shivajinagar,RT Nagar,259.0,100.0,Not Applicable,Not Applicable,No,Not Applicable,128,UPI,29,4.4,3.7
2024-07-21 12:22:00,CNR5051059413,Success,CID355347,Auto,Nagarbhavi,Sahakar Nagar,63.0,70.0,Not Applicable,Not Applicable,No,Not Applicable,319,UPI,18,3.7,3.0
2024-07-18 20:54:00,CNR4538746178,Success,CID106090,eBike,JP Nagar,HSR Layout,126.0,65.0,Not Applicable,Not Applicable,No,Not Applicable,317,UPI,12,4.7,3.7
2024-07-23 04:48:00,CNR8177108868,Success,CID932051,Prime Plus,Shivajinagar,Electronic City,238.0,110.0,Not Applicable,Not Applicable,No,Not Applicable,394,Cash,25,3.0,4.8
2024-07-09 07:47:00,CNR8673972446,Canceled by Driver,CID729014,Prime Plus,Yeshwanthpur,Bellandur,,,Not Applicable,Customer related issue,Not Applicable,Not Applicable,221,Not Applicable,0,,
2024-07-24 06:08:00,CNR7066805673,Canceled by Customer,CID363741,Prime Plus,Ramamurthy Nagar,Hosur Road,,,Driver is not moving towards pickup location,Not Applicable,Not Applicable,Not Applicable,2395,Not Applicable,0,,
2024-07-13 19:05:00,CNR5915359869,Success,CID988756,Auto,Shivajinagar,Vijayanagar,196.0,130.0,Not Applicable,Not Applicable,No,Not Applicable,948,Cash,3,3.4,3.1
2024-07-17 02:02:00,CNR9409873423,Success,CID626068,Mini,Varthur,Peenya,280.0,30.0,Not Applicable,Not Applicable,No,Not Applicable,184,Cash,8,3.0,4.3
2024-07-13 18:54:00,CNR7113608063,Canceled by Driver,CID737854,Prime Plus,Chamarajpet,Yelahanka,,,Not Applicable,Personal & Car related issue,Not Applicable,Not Applicable,189,Not Applicable,0,,
2024-07-08 00:20:00,CNR3081397352,Success,CID614585,Auto,Kammanahalli,Rajajinagar,245.0,110.0,Not Applicable,Not Applicable,Yes,Other Issue,2113,Debit Card,17,4.2,3.9
2024-07-16 23:22:00,CNR5618838387,Success,CID502877,Auto,Jayanagar,HSR Layout,203.0,60.0,Not Applicable,Not Applicable,No,Not Applicable,129,Cash,1,4.9,4.9
2024-07-29 06:13:00,CNR3437672172,Success,CID321962,eBike,Yelahanka,Hebbal,245.0,25.0,Not Applicable,Not Applicable,No,Not Applicable,950,Cash,19,3.5,5.0
2024-07-01 05:08:00,CNR9906796994,Success,CID408678,Bike,BTM Layout,Peenya,196.0,145.0,Not Applicable,Not Applicable,No,Not Applicable,469,UPI,12,3.5,3.6
2024-07-30 00:35:00,CNR7480313739,Success,CID714080,Prime Plus,Peenya,Kadugodi,182.0,110.0,Not Applicable,Not Applicable,No,Not Applicable,181,Cash,31,4.2,3.0
2024-07-18 17:36:00,CNR2006763217,Success,CID940344,Auto,Hosur Road,Rajajinagar,70.0,130.0,Not Applicable,Not Applicable,No,Not Applicable,325,Cash,1,4.9,5.0
2024-07-14 00:33:00,CNR2976098042,Canceled by Customer,CID150462,Mini,HSR Layout,Padmanabhanagar,,,Driver asked to cancel,Not Applicable,Not Applicable,Not Applicable,830,Not Applicable,0,,
2024-07-14 20:46:00,CNR7795948508,Success,CID310847,Mini,MG Road,Ulsoor,56.0,80.0,Not Applicable,Not Applicable,No,Not Applicable,523,Cash,21,4.7,4.4
2024-07-21 20:41:00,CNR7923271431,Success,CID650532,Bike,Koramangala,Bannerghatta Road,245.0,85.0,Not Applicable,Not Applicable,No,Not Applicable,135,UPI,15,4.7,3.0
2024-07-18 01:02:00,CNR8116166169,Success,CID751596,Prime SUV,Hosur Road,JP Nagar,252.0,140.0,Not Applicable,Not Applicable,Yes,Customer Demand,855,Cash,26,3.9,3.8
2024-07-26 18:40:00,CNR5862536944,Canceled by Customer,CID829043,eBike,Electronic City,Mysore Road,,,Change of plans,Not Applicable,Not Applicable,Not Applicable,157,Not Applicable,0,,
2024-07-08 00:24:00,CNR4794140571,Success,CID749106,Prime Sedan,Kengeri,MG Road,266.0,30.0,Not Applicable,Not Applicable,No,Not Applicable,251,Cash,17,4.0,4.3
2024-07-23 05:20:00,CNR7769304830,Success,CID577030,Auto,Cox Town,Indiranagar,91.0,95.0,Not Applicable,Not Applicable,No,Not Applicable,895,UPI,11,5.0,3.8
2024-07-30 20:03:00,CNR2461641273,Success,CID201528,Auto,MG Road,Mysore Road,112.0,65.0,Not Applicable,Not Applicable,No,Not Applicable,228,Cash,1,3.8,4.1
2024-07-21 09:46:00,CNR9417488367,Success,CID224712,Bike,Rajajinagar,Whitefield,154.0,80.0,Not Applicable,Not Applicable,No,Not Applicable,292,UPI,12,3.1,4.0
2024-07-04 19:16:00,CNR1425352639,Canceled by Driver,CID932282,Prime SUV,Varthur,Bellandur,,,Not Applicable,More than permitted people in there,Not Applicable,Not Applicable,486,Not Applicable,0,,
2024-07-30 18:53:00,CNR6772032801,Canceled by Driver,CID133662,Auto,Padmanabhanagar,Sahakar Nagar,,,Not Applicable,Personal & Car related issue,Not Applicable,Not Applicable,398,Not Applicable,0,,
2024-07-22 23:32:00,CNR1736169722,Driver Not Found,CID307638,eBike,Shivajinagar,KR Puram,,,Not Applicable,Not Applicable,Not Applicable,Not Applicable,1885,Not Applicable,0,,
2024-07-05 01:43:00,CNR3350037891,Driver Not Found,CID940171,Auto,Shantinagar,Magadi Road,,,Not Applicable,Not Applicable,Not Applicable,Not Applicable,810,Not Applicable,0,,
2024-07-16 13:04:00,CNR8138328864,Driver Not Found,CID554271,Auto,Rajarajeshwari Nagar,Vijayanagar,,,Not Applicable,Not Applicable,Not Applicable,Not Applicable,301,Not Applicable,0,,
2024-07-14 19:46:00,CNR8547870145,Success,CID787788,Prime Plus,Indiranagar,Richmond Town,42.0,90.0,Not Applicable,Not Applicable,No,Not Applicable,150,UPI,3,3.3,4.6
2024-07-02 12:49:00,CNR2440575285,Canceled by Driver,CID344169,Mini,Bellandur,Langford Town,,,Not Applicable,Personal & Car related issue,Not Applicable,Not Applicable,111,Not Applicable,0,,
2024-07-07 22:10:00,CNR3325206647,Success,CID360899,Prime SUV,Whitefield,RT Nagar,98.0,95.0,Not Applicable,Not Applicable,No,Not Applicable,104,UPI,47,4.8,3.7
2024-07-19 07:34:00,CNR7880479932,Success,CID559279,Bike,Basavanagudi,Hulimavu,133.0,50.0,Not Applicable,Not Applicable,No,Not Applicable,382,Cash,12,3.5,4.1
2024-07-02 10:42:00,CNR6573592361,Success,CID948253,Prime Sedan,HSR Layout,Malleshwaram,70.0,35.0,Not Applicable,Not Applicable,No,Not Applicable,355,UPI,12,4.9,3.8
2024-07-03 06:55:00,CNR3457634518,Success,CID445670,Auto,Vijayanagar,Magadi Road,147.0,85.0,Not Applicable,Not Applicable,No,Not Applicable,981,Cash,6,4.7,4.7
2024-07-23 16:57:00,CNR2762446245,Driver Not Found,CID944230,Bike,Hennur,Sahakar Nagar,,,Not Applicable,Not Applicable,Not Applicable,Not Applicable,453,Not Applicable,0,,
2024-07-24 21:21:00,CNR9682702216,Success,CID554068,eBike,Ulsoor,Kadugodi,140.0,90.0,Not Applicable,Not Applicable,No,Not Applicable,253,Cash,19,3.9,4.8
2024-07-15 10:30:00,CNR9704619658,Success,CID712170,Prime SUV,Electronic City,Rajarajeshwari Nagar,42.0,95.0,Not Applicable,Not Applicable,No,Not Applicable,267,Cash,28,4.6,3.7
2024-07-28 21:42:00,CNR1421391077,Success,CID695895,Bike,Varthur,Yelahanka,35.0,115.0,Not Applicable,Not Applicable,No,Not Applicable,118,UPI,24,4.1,3.7
2024-07-15 00:19:00,CNR4682033832,Success,CID819202,Auto,Sarjapur Road,Sarjapur Road,154.0,75.0,Not Applicable,Not Applicable,No,Not Applicable,300,Cash,7,3.8,3.2
2024-07-27 21:43:00,CNR4235814405,Canceled by Driver,CID291204,Prime SUV,Chamarajpet,Chamarajpet,,,Not Applicable,Customer was coughing/sick,Not Applicable,Not Applicable,399,Not Applicable,0,,
2024-07-30 03:14:00,CNR7260345778,Success,CID612586,Prime Plus,Koramangala,Kadugodi,266.0,45.0,Not Applicable,Not Applicable,No,Not Applicable,613,Cash,11,4.6,4.8
2024-07-19 13:04:00,CNR9585013090,Success,CID257919,Prime SUV,Vijayanagar,Yelahanka,91.0,95.0,Not Applicable,Not Applicable,No,Not Applicable,386,UPI,25,3.2,4.1
2024-07-04 08:49:00,CNR7946128072,Success,CID528036,Prime SUV,Chickpet,Peenya,231.0,75.0,Not Applicable,Not Applicable,No,Not Applicable,997,Cash,24,3.1,3.5
2024-07-26 19:54:00,CNR5232527907,Canceled by Customer,CID673691,Auto,Bellandur,Indiranagar,,,Wrong Address,Not Applicable,Not Applicable,Not Applicable,380,Not Applicable,0,,
2024-07-21 07:22:00,CNR3046850272,Success,CID572120,Prime Plus,Kadugodi,Marathahalli,154.0,140.0,Not Applicable,Not Applicable,No,Not Applicable,158,Cash,19,3.8,3.3
2024-07-12 10:58:00,CNR8051030818,Canceled by Driver,CID811530,Mini,Ulsoor,Banashankari,,,Not Applicable,More than permitted people in there,Not Applicable,Not Applicable,138,Not Applicable,0,,
2024-07-06 05:40:00,CNR8537992662,Driver Not Found,CID695066,Mini,Chickpet,Tumkur Road,,,Not Applicable,Not Applicable,Not Applicable,Not Applicable,304,Not Applicable,0,,
2024-07-13 23:07:00,CNR9168674011,Success,CID758273,eBike,Peenya,Chamarajpet,224.0,120.0,Not Applicable,Not Applicable,No,Not Applicable,404,Cash,7,5.0,4.4
2024-07-12 21:09:00,CNR1659448180,Canceled by Driver,CID520886,eBike,KR Puram,Shivajinagar,,,Not Applicable,More than permitted people in there,Not Applicable,Not Applicable,861,Not Applicable,0,,
2024-07-18 21:22:00,CNR3975155919,Canceled by Driver,CID317877,Prime Sedan,Whitefield,Indiranagar,,,Not Applicable,Customer was coughing/sick,Not Applicable,Not Applicable,340,Not Applicable,0,,
2024-07-02 13:44:00,CNR1570466595,Success,CID641483,Mini,Varthur,Sahakar Nagar,287.0,40.0,Not Applicable,Not Applicable,No,Not Applicable,2486,UPI,46,3.8,4.1
2024-07-24 23:39:00,CNR2335963566,Canceled by Driver,CID579709,eBike,Langford Town,Yeshwanthpur,,,Not Applicable,Personal & Car related issue,Not Applicable,Not Applicable,381,Not Applicable,0,,
2024-07-26 12:07:00,CNR5287404725,Success,CID819582,Mini,Hosur Road,Richmond Town,308.0,45.0,Not Applicable,Not Applicable,No,Not Applicable,266,Cash,16,3.7,3.7
2024-07-16 22:15:00,CNR4483830879,Success,CID559138,Prime Sedan,Peenya,Hebbal,287.0,70.0,Not Applicable,Not Applicable,No,Not Applicable,911,UPI,18,4.7,3.8
2024-07-04 15:35:00,CNR2565021634,Success,CID822837,Prime Plus,Peenya,Marathahalli,140.0,135.0,Not Applicable,Not Applicable,No,Not Applicable,280,Cash,18,4.8,3.0
2024-07-10 22:58:00,CNR1052755615,Success,CID423349,Mini,Nagarbhavi,Jayanagar,126.0,40.0,Not Applicable,Not Applicable,No,Not Applicable,412,UPI,10,4.7,3.0
2024-07-09 05:13:00,CNR3879076950,Success,CID489967,Prime Sedan,Banashankari,Indiranagar,49.0,110.0,Not Applicable,Not Applicable,No,Not Applicable,481,UPI,41,4.8,4.6
2024-07-22 03:38:00,CNR3788155078,Canceled by Driver,CID419050,Prime Plus,Peenya,MG Road,,,Not Applicable,Personal & Car related issue,Not Applicable,Not Applicable,473,Not Applicable,0,,
2024-07-28 09:00:00,CNR4929298163,Canceled by Driver,CID771222,Prime Sedan,Whitefield,Mysore Road,,,Not Applicable,Customer related issue,Not Applicable,Not Applicable,412,Not Applicable,0,,
2024-07-08 23:22:00,CNR3803188501,Success,CID872737,Mini,Chamarajpet,Kadugodi,189.0,115.0,Not Applicable,Not Applicable,No,Not Applicable,243,Cash,41,3.2,3.6
2024-07-21 11:57:00,CNR1900686257,Success,CID510651,Bike,Kammanahalli,MG Road,294.0,105.0,Not Applicable,Not Applicable,No,Not Applicable,334,Cash,8,4.1,4.6
2024-07-30 13:30:00,CNR3428132622,Success,CID741355,Prime SUV,Varthur,Vijayanagar,238.0,65.0,Not Applicable,Not Applicable,No,Not Applicable,495,UPI,7,3.3,3.5
2024-07-27 04:35:00,CNR6297840305,Driver Not Found,CID761254,Auto,Shantinagar,Bannerghatta Road,,,Not Applicable,Not Applicable,Not Applicable,Not Applicable,146,Not Applicable,0,,
2024-07-22 18:45:00,CNR2714590347,Canceled by Customer,CID432536,Prime SUV,BTM Layout,Basavanagudi,,,AC is Not working,Not Applicable,Not Applicable,Not Applicable,373,Not Applicable,0,,
2024-07-26 01:47:00,CNR5423564158,Success,CID257662,Prime Sedan,Langford Town,Mysore Road,35.0,135.0,Not Applicable,Not Applicable,No,Not Applicable,931,UPI,2,4.2,4.1
2024-07-21 01:06:00,CNR9385414528,Success,CID933119,eBike,Malleshwaram,KR Puram,182.0,110.0,Not Applicable,Not Applicable,No,Not Applicable,639,UPI,47,4.0,4.2
2024-07-19 05:10:00,CNR2752730490,Canceled by Driver,CID409737,Auto,Nagarbhavi,Mysore Road,,,Not Applicable,Personal & Car related issue,Not Applicable,Not Applicable,242,Not Applicable,0,,
2024-07-09 00:57:00,CNR4101204896,Success,CID911896,Prime Plus,Cox Town,Shivajinagar,189.0,120.0,Not Applicable,Not Applicable,No,Not Applicable,419,UPI,13,3.9,4.8
2024-07-10 08:25:00,CNR8914539726,Success,CID396091,Auto,Yeshwanthpur,Rajajinagar,91.0,50.0,Not Applicable,Not Applicable,No,Not Applicable,1304,Cash,11,4.1,3.7
2024-07-06 06:14:00,CNR7884978740,Success,CID123137,Prime Sedan,Richmond Town,Sarjapur Road,238.0,145.0,Not Applicable,Not Applicable,No,Not Applicable,138,Cash,17,4.0,4.9
2024-07-19 12:15:00,CNR3782762726,Driver Not Found,CID185034,Bike,Nagarbhavi,Ramamurthy Nagar,,,Not Applicable,Not Applicable,Not Applicable,Not Applicable,705,Not Applicable,0,,
2024-07-05 16:40:00,CNR3641017526,Success,CID458893,Mini,Langford Town,Shivajinagar,238.0,35.0,Not Applicable,Not Applicable,Yes,Vehicle Breakdown,207,Cash,16,4.0,3.4
2024-07-25 02:05:00,CNR2921056401,Success,CID986889,Prime Plus,Bannerghatta Road,Kengeri,175.0,80.0,Not Applicable,Not Applicable,Yes,Other Issue,456,Cash,45,4.1,4.1
2024-07-03 01:05:00,CNR2626122338,Success,CID759753,eBike,Kengeri,Sahakar Nagar,175.0,105.0,Not Applicable,Not Applicable,Yes,Vehicle Breakdown,473,Cash,34,4.4,4.0
2024-07-22 21:10:00,CNR8682760633,Success,CID253296,Auto,Bellandur,Ramamurthy Nagar,294.0,50.0,Not Applicable,Not Applicable,No,Not Applicable,125,Cash,6,3.0,4.3
2024-07-18 19:11:00,CNR4338089637,Success,CID682638,Prime SUV,Hosur Road,Richmond Town,168.0,95.0,Not Applicable,Not Applicable,No,Not Applicable,319,Cash,46,3.5,3.7
2024-07-23 02:46:00,CNR2766024119,Success,CID725737,Prime SUV,Langford Town,Langford Town,252.0,45.0,Not Applicable,Not Applicable,Yes,Vehicle Breakdown,151,Cash,16,4.9,3.5
2024-07-17 06:49:00,CNR8950078334,Success,CID830136,Mini,Richmond Town,Shantinagar,133.0,115.0,Not Applicable,Not Applicable,No,Not Applicable,363,Cash,16,3.5,3.9
2024-07-20 01:10:00,CNR2231937635,Canceled by Driver,CID678590,Prime Sedan,Mysore Road,Tumkur Road,,,Not Applicable,Customer was coughing/sick,Not Applicable,Not Applicable,1619,Not Applicable,0,,
2024-07-04 00:29:00,CNR7707458961,Success,CID703507,Prime Sedan,Sahakar Nagar,Peenya,287.0,100.0,Not Applicable,Not Applicable,No,Not Applicable,426,UPI,12,4.1,4.5
2024-07-16 21:35:00,CNR6335735964,Success,CID314735,Auto,Malleshwaram,MG Road,63.0,85.0,Not Applicable,Not Applicable,No,Not Applicable,488,Cash,1,4.1,3.4
2024-07-02 11:10:00,CNR2792735850,Success,CID787370,Prime SUV,Sahakar Nagar,Hulimavu,238.0,100.0,Not Applicable,Not Applicable,No,Not Applicable,314,Cash,44,3.1,4.9
2024-07-09 03:42:00,CNR4584261321,Success,CID154148,Mini,Ramamurthy Nagar,Peenya,245.0,35.0,Not Applicable,Not Applicable,No,Not Applicable,473,UPI,45,4.6,4.3
2024-07-22 17:54:00,CNR9807713423,Canceled by Customer,CID272147,Bike,Electronic City,Hebbal,,,AC is Not working,Not Applicable,Not Applicable,Not Applicable,844,Not Applicable,0,,
2024-07-07 19:20:00,CNR8159027292,Canceled by Customer,CID787080,Auto,Frazer Town,Vijayanagar,,,Wrong Address,Not Applicable,Not Applicable,Not Applicable,433,Not Applicable,0,,
2024-07-02 03:56:00,CNR3654922421,Success,CID331806,eBike,Basavanagudi,Mysore Road,154.0,95.0,Not Applicable,Not Applicable,No,Not Applicable,332,Cash,30,3.8,3.3
2024-07-23 20:34:00,CNR7657009570,Success,CID512345,Prime Plus,Hosur Road,Varthur,91.0,85.0,Not Applicable,Not Applicable,No,Not Applicable,422,Cash,3,4.5,4.3
2024-07-28 00:37:00,CNR7185410376,Canceled by Customer,CID211709,Bike,Basavanagudi,Bannerghatta Road,,,Driver is not moving towards pickup location,Not Applicable,Not Applicable,Not Applicable,400,Not Applicable,0,,
2024-07-17 13:47:00,CNR2778509941,Success,CID764216,Prime SUV,Marathahalli,Kammanahalli,224.0,135.0,Not Applicable,Not Applicable,No,Not Applicable,409,Cash,14,4.4,4.2
2024-07-22 19:18:00,CNR4327781032,Success,CID269741,Bike,Hennur,Ulsoor,245.0,75.0,Not Applicable,Not Applicable,No,Not Applicable,224,UPI,45,3.9,3.3
2024-07-09 13:57:00,CNR3574780748,Driver Not Found,CID105478,Prime Sedan,HSR Layout,Bannerghatta Road,,,Not Applicable,Not Applicable,Not Applicable,Not Applicable,433,Not Applicable,0,,
2024-07-14 04:35:00,CNR5269150496,Canceled by Driver,CID994278,Prime SUV,Varthur,Devanahalli,,,Not Applicable,Personal & Car related issue,Not Applicable,Not Applicable,195,Not Applicable,0,,
2024-07-24 21:15:00,CNR6104052402,Success,CID584700,Bike,KR Puram,Hulimavu,273.0,110.0,Not Applicable,Not Applicable,No,Not Applicable,2166,UPI,38,4.6,3.5
2024-07-16 16:11:00,CNR2201732400,Success,CID926730,Prime Plus,Basavanagudi,Shantinagar,294.0,85.0,Not Applicable,Not Applicable,No,Not Applicable,347,Credit Card,49,4.9,3.5
2024-07-04 00:51:00,CNR6224831057,Success,CID384987,Prime Plus,RT Nagar,RT Nagar,259.0,55.0,Not Applicable,Not Applicable,No,Not Applicable,260,UPI,45,3.0,3.2
2024-07-01 20:58:00,CNR6528278213,Success,CID121865,Bike,Bellandur,Koramangala,287.0,130.0,Not Applicable,Not Applicable,No,Not Applicable,267,UPI,13,3.0,4.4
2024-07-15 07:16:00,CNR9335360672,Success,CID148776,Mini,Richmond Town,Padmanabhanagar,182.0,125.0,Not Applicable,Not Applicable,No,Not Applicable,905,Cash,36,3.7,3.2
2024-07-12 16:39:00,CNR4068684484,Success,CID264411,Prime Sedan,Yelahanka,Yeshwanthpur,294.0,90.0,Not Applicable,Not Applicable,No,Not Applicable,925,Cash,46,4.1,4.4
2024-07-19 18:42:00,CNR5941185509,Canceled by Driver,CID610605,Bike,KR Puram,HSR Layout,,,Not Applicable,Personal & Car related issue,Not Applicable,Not Applicable,382,Not Applicable,0,,
2024-07-27 08:24:00,CNR9454412091,Canceled by Driver,CID784757,eBike,Hulimavu,Yelahanka,,,Not Applicable,Customer was coughing/sick,Not Applicable,Not Applicable,106,Not Applicable,0,,
2024-07-17 21:31:00,CNR6473099494,Success,CID157793,Prime Sedan,Nagarbhavi,Ramamurthy Nagar,252.0,80.0,Not Applicable,Not Applicable,No,Not Applicable,353,Cash,28,3.3,4.2
2024-07-29 02:33:00,CNR5464127518,Success,CID183967,Mini,Kammanahalli,Magadi Road,196.0,135.0,Not Applicable,Not Applicable,No,Not Applicable,310,Cash,9,3.9,4.7
2024-07-01 23:30:00,CNR3834936300,Success,CID173396,Prime Sedan,Majestic,RT Nagar,105.0,45.0,Not Applicable,Not Applicable,No,Not Applicable,634,Cash,29,4.4,3.2
2024-07-27 05:24:00,CNR4582065365,Success,CID515304,Prime SUV,Mysore Road,Indiranagar,231.0,125.0,Not Applicable,Not Applicable,No,Not Applicable,421,UPI,20,3.6,3.4
2024-07-21 11:47:00,CNR8238825721,Success,CID782606,Prime Sedan,Banashankari,Peenya,105.0,40.0,Not Applicable,Not Applicable,No,Not Applicable,243,UPI,30,3.9,4.6
2024-07-21 02:35:00,CNR9381710250,Success,CID188464,Mini,Padmanabhanagar,Rajajinagar,84.0,100.0,Not Applicable,Not Applicable,No,Not Applicable,176,Cash,49,4.4,4.0
2024-07-02 03:57:00,CNR2266954354,Canceled by Customer,CID773680,Prime Plus,Frazer Town,Kadugodi,,,Change of plans,Not Applicable,Not Applicable,Not Applicable,344,Not Applicable,0,,
2024-07-01 05:23:00,CNR5705041283,Success,CID945716,Mini,Ulsoor,Bellandur,112.0,125.0,Not Applicable,Not Applicable,No,Not Applicable,419,Cash,8,4.5,3.3
2024-07-23 06:48:00,CNR3665610768,Success,CID321326,Bike,Frazer Town,Vijayanagar,224.0,90.0,Not Applicable,Not Applicable,No,Not Applicable,496,Cash,3,4.9,4.7
2024-07-11 06:17:00,CNR8947449001,Canceled by Driver,CID807983,eBike,Peenya,Nagarbhavi,,,Not Applicable,Personal & Car related issue,Not Applicable,Not Applicable,875,Not Applicable,0,,
2024-07-26 19:23:00,CNR5019196450,Canceled by Driver,CID922554,Prime SUV,Sarjapur Road,BTM Layout,,,Not Applicable,Personal & Car related issue,Not Applicable,Not Applicable,445,Not Applicable,0,,
2024-07-02 02:13:00,CNR6512448194,Driver Not Found,CID674117,Bike,Kengeri,Kammanahalli,,,Not Applicable,Not Applicable,Not Applicable,Not Applicable,173,Not Applicable,0,,
2024-07-26 15:33:00,CNR1683182941,Success,CID224079,eBike,Malleshwaram,Nagarbhavi,238.0,25.0,Not Applicable,Not Applicable,No,Not Applicable,463,UPI,19,4.2,4.0
2024-07-30 04:37:00,CNR1772056076,Success,CID873177,Prime SUV,Marathahalli,MG Road,196.0,115.0,Not Applicable,Not Applicable,No,Not Applicable,104,Cash,25,3.5,3.9
2024-07-25 22:04:00,CNR4224119976,Success,CID564817,Mini,Chickpet,Ramamurthy Nagar,112.0,30.0,Not Applicable,Not Applicable,No,Not Applicable,241,Cash,48,3.9,3.0
2024-07-28 02:46:00,CNR1933798326,Canceled by Customer,CID154344,Prime SUV,Hulimavu,Basavanagudi,,,Driver is not moving towards pickup location,Not Applicable,Not Applicable,Not Applicable,391,Not Applicable,0,,
2024-07-25 13:35:00,CNR1724878425,Success,CID151860,eBike,Shantinagar,Padmanabhanagar,266.0,60.0,Not Applicable,Not Applicable,No,Not Applicable,463,Cash,39,3.4,4.3
2024-07-06 18:50:00,CNR7136152883,Success,CID463101,Prime Sedan,Yeshwanthpur,Kengeri,63.0,145.0,Not Applicable,Not Applicable,No,Not Applicable,472,UPI,19,4.7,3.8
2024-07-01 08:43:00,CNR4876078390,Success,CID957846,Prime Plus,HSR Layout,Shivajinagar,140.0,30.0,Not Applicable,Not Applicable,No,Not Applicable,273,UPI,43,3.9,4.0
2024-07-21 18:23:00,CNR4647158566,Success,CID746697,eBike,Varthur,Sarjapur Road,224.0,90.0,Not Applicable,Not Applicable,No,Not Applicable,622,UPI,7,4.9,4.0
2024-07-12 07:19:00,CNR3170657132,Success,CID112679,Bike,Devanahalli,Padmanabhanagar,63.0,105.0,Not Applicable,Not Applicable,Yes,Vehicle Breakdown,472,Cash,5,3.1,4.7
2024-07-03 23:13:00,CNR5643469552,Canceled by Driver,CID374843,Prime SUV,Richmond Town,Yelahanka,,,Not Applicable,Customer related issue,Not Applicable,Not Applicable,334,Not Applicable,0,,
2024-07-16 05:58:00,CNR2768147658,Canceled by Customer,CID607647,Bike,Hebbal,Bellandur,,,AC is Not working,Not Applicable,Not Applicable,Not Applicable,142,Not Applicable,0,,
2024-07-04 13:47:00,CNR5780277840,Canceled by Driver,CID381991,Prime Plus,Padmanabhanagar,Langford Town,,,Not Applicable,Customer was coughing/sick,Not Applicable,Not Applicable,358,Not Applicable,0,,
2024-07-25 10:22:00,CNR7157777168,Canceled by Driver,CID250718,Prime SUV,Vijayanagar,RT Nagar,,,Not Applicable,Personal & Car related issue,Not Applicable,Not Applicable,359,Not Applicable,0,,
2024-07-28 17:38:00,CNR3084723343,Canceled by Customer,CID464810,Auto,Devanahalli,Indiranagar,,,Driver is not moving towards pickup location,Not Applicable,Not Applicable,Not Applicable,760,Not Applicable,0,,
2024-07-21 11:50:00,CNR6234943509,Canceled by Driver,CID166068,Prime Plus,Rajajinagar,Shantinagar,,,Not Applicable,Personal & Car related issue,Not Applicable,Not Applicable,172,Not Applicable,0,,
2024-07-28 11:51:00,CNR6856639693,Canceled by Driver,CID366706,Bike,Banashankari,Hebbal,,,Not Applicable,Personal & Car related issue,Not Applicable,Not Applicable,973,Not Applicable,0,,
2024-07-19 23:58:00,CNR5888769494,Success,CID229871,eBike,Richmond Town,Kadugodi,140.0,125.0,Not Applicable,Not Applicable,Yes,Customer Demand,824,Cash,18,4.0,3.7
2024-07-30 23:40:00,CNR7146873249,Success,CID944779,Bike,Varthur,Hebbal,154.0,130.0,Not Applicable,Not Applicable,No,Not Applicable,665,Cash,2,4.5,3.4
2024-07-30 23:53:00,CNR3055618547,Success,CID556776,Bike,Yeshwanthpur,Kammanahalli,126.0,90.0,Not Applicable,Not Applicable,No,Not Applicable,1715,Cash,35,3.9,4.0
2024-07-10 21:45:00,CNR6687011356,Canceled by Customer,CID721861,Prime SUV,Sarjapur Road,Devanahalli,,,Driver asked to cancel,Not Applicable,Not Applicable,Not Applicable,296,Not Applicable,0,,
2024-07-10 06:14:00,CNR9692130627,Success,CID833055,Bike,Hebbal,BTM Layout,252.0,80.0,Not Applicable,Not Applicable,Yes,Vehicle Breakdown,718,UPI,44,4.8,3.9
2024-07-24 21:34:00,CNR2098746805,Success,CID354988,Bike,RT Nagar,Bellandur,273.0,65.0,Not Applicable,Not Applicable,No,Not Applicable,489,Cash,17,4.3,4.8
2024-07-17 17:40:00,CNR4517109558,Success,CID882442,Prime Sedan,Sarjapur Road,Bellandur,301.0,145.0,Not Applicable,Not Applicable,Yes,Vehicle Breakdown,955,Cash,1,3.9,4.2
2024-07-02 16:07:00,CNR6777183501,Canceled by Customer,CID146969,Prime Sedan,Hosur Road,Mysore Road,,,Wrong Address,Not Applicable,Not Applicable,Not Applicable,422,Not Applicable,0,,
2024-07-08 02:12:00,CNR7043657064,Canceled by Driver,CID725606,Prime SUV,Chamarajpet,HSR Layout,,,Not Applicable,Personal & Car related issue,Not Applicable,Not Applicable,467,Not Applicable,0,,
2024-07-02 09:57:00,CNR8290354928,Success,CID593855,Bike,Vijayanagar,RT Nagar,196.0,120.0,Not Applicable,Not Applicable,No,Not Applicable,385,UPI,1,3.6,4.5
2024-07-19 20:33:00,CNR3710975062,Success,CID503441,Auto,Whitefield,Peenya,196.0,125.0,Not Applicable,Not Applicable,No,Not Applicable,162,Cash,11,4.8,4.7
2024-07-19 16:32:00,CNR7105948893,Success,CID836567,Prime Sedan,Kadugodi,Chamarajpet,63.0,145.0,Not Applicable,Not Applicable,No,Not Applicable,220,UPI,30,3.9,4.2
2024-07-22 02:25:00,CNR7492631598,Canceled by Driver,CID927853,Prime Sedan,Rajajinagar,Mysore Road,,,Not Applicable,Customer related issue,Not Applicable,Not Applicable,120,Not Applicable,0,,
2024-07-17 19:36:00,CNR6923007365,Canceled by Driver,CID315019,Bike,Koramangala,Basavanagudi,,,Not Applicable,Customer related issue,Not Applicable,Not Applicable,634,Not Applicable,0,,
2024-07-11 09:28:00,CNR4247780567,Success,CID872872,Prime Sedan,Bellandur,Hennur,35.0,110.0,Not Applicable,Not Applicable,No,Not Applicable,103,Cash,12,4.0,3.4
2024-07-04 15:53:00,CNR8021498866,Success,CID189049,Prime Sedan,Vijayanagar,Electronic City,224.0,60.0,Not Applicable,Not Applicable,No,Not Applicable,745,UPI,19,4.6,3.5
2024-07-29 21:11:00,CNR4906905462,Success,CID554214,Prime Sedan,Hennur,Rajarajeshwari Nagar,112.0,75.0,Not Applicable,Not Applicable,No,Not Applicable,450,Credit Card,43,3.8,3.9
2024-07-29 15:25:00,CNR9669612774,Success,CID700724,Bike,RT Nagar,Whitefield,63.0,90.0,Not Applicable,Not Applicable,No,Not Applicable,353,UPI,37,3.9,3.1
2024-07-14 23:23:00,CNR2775254546,Driver Not Found,CID591139,Bike,Devanahalli,Magadi Road,,,Not Applicable,Not Applicable,Not Applicable,Not Applicable,437,Not Applicable,0,,
2024-07-07 13:24:00,CNR3712355836,Canceled by Driver,CID539311,Prime SUV,JP Nagar,Hennur,,,Not Applicable,Personal & Car related issue,Not Applicable,Not Applicable,2942,Not Applicable,0,,
2024-07-29 03:41:00,CNR3510936289,Driver Not Found,CID419999,Mini,Electronic City,Sahakar Nagar,,,Not Applicable,Not Applicable,Not Applicable,Not Applicable,361,Not Applicable,0,,
2024-07-04 16:58:00,CNR5501954062,Canceled by Driver,CID276175,Bike,Koramangala,Chickpet,,,Not Applicable,Customer related issue,Not Applicable,Not Applicable,1546,Not Applicable,0,,
2024-07-10 09:11:00,CNR6538852583,Success,CID503432,Auto,Padmanabhanagar,Magadi Road,91.0,140.0,Not Applicable,Not Applicable,No,Not Applicable,433,UPI,17,3.6,4.6
2024-07-07 21:23:00,CNR6169655906,Success,CID235943,eBike,Rajajinagar,Hennur,98.0,70.0,Not Applicable,Not Applicable,No,Not Applicable,198,Cash,15,3.1,3.2
2024-07-13 04:37:00,CNR5048202987,Success,CID202654,Prime SUV,Padmanabhanagar,Richmond Town,91.0,120.0,Not Applicable,Not Applicable,No,Not Applicable,314,UPI,45,4.3,3.9
2024-07-08 20:02:00,CNR1162495573,Success,CID477927,eBike,Electronic City,Vijayanagar,56.0,60.0,Not Applicable,Not Applicable,No,Not Applicable,415,Cash,9,3.1,4.3
2024-07-21 06:40:00,CNR4208950492,Success,CID359867,Prime Sedan,Nagarbhavi,Ramamurthy Nagar,70.0,55.0,Not Applicable,Not Applicable,No,Not Applicable,314,Cash,49,4.4,3.8
2024-07-03 20:29:00,CNR1630904520,Driver Not Found,CID594141,eBike,Vijayanagar,Bannerghatta Road,,,Not Applicable,Not Applicable,Not Applicable,Not Applicable,119,Not Applicable,0,,
2024-07-26 17:10:00,CNR1549972032,Driver Not Found,CID122210,eBike,Rajajinagar,MG Road,,,Not Applicable,Not Applicable,Not Applicable,Not Applicable,930,Not Applicable,0,,
2024-07-28 14:38:00,CNR2355280744,Canceled by Customer,CID601915,Prime Plus,Langford Town,Hebbal,,,Driver asked to cancel,Not Applicable,Not Applicable,Not Applicable,753,Not Applicable,0,,
2024-07-17 01:15:00,CNR4546665247,Success,CID835676,Auto,Koramangala,Ramamurthy Nagar,217.0,105.0,Not Applicable,Not Applicable,No,Not Applicable,306,Cash,16,3.5,4.2
2024-07-17 06:55:00,CNR4548889961,Canceled by Driver,CID275233,Auto,Kengeri,Richmond Town,,,Not Applicable,Personal & Car related issue,Not Applicable,Not Applicable,155,Not Applicable,0,,
2024-07-21 17:07:00,CNR8747080752,Canceled by Driver,CID818596,Mini,Hosur Road,Electronic City,,,Not Applicable,Customer related issue,Not Applicable,Not Applicable,348,Not Applicable,0,,
2024-07-29 13:47:00,CNR2216095211,Success,CID798657,Auto,Chickpet,Malleshwaram,259.0,145.0,Not Applicable,Not Applicable,No,Not Applicable,139,Cash,5,3.6,4.0
2024-07-06 11:23:00,CNR8596568440,Canceled by Driver,CID933329,Prime Plus,Ramamurthy Nagar,Vijayanagar,,,Not Applicable,Personal & Car related issue,Not Applicable,Not Applicable,769,Not Applicable,0,,
2024-07-19 17:27:00,CNR5189666450,Canceled by Driver,CID164427,eBike,Vijayanagar,RT Nagar,,,Not Applicable,More than permitted people in there,Not Applicable,Not Applicable,596,Not Applicable,0,,
2024-07-02 07:23:00,CNR1666167811,Success,CID931379,Prime SUV,Devanahalli,Indiranagar,161.0,25.0,Not Applicable,Not Applicable,No,Not Applicable,845,Cash,46,3.8,4.8
2024-07-09 01:53:00,CNR7328566343,Success,CID103639,Prime SUV,Ulsoor,Ramamurthy Nagar,259.0,120.0,Not Applicable,Not Applicable,No,Not Applicable,617,UPI,2,3.2,3.6
2024-07-06 16:40:00,CNR6819896955,Success,CID559489,Prime SUV,Hosur Road,Ramamurthy Nagar,119.0,25.0,Not Applicable,Not Applicable,No,Not Applicable,2836,UPI,12,3.9,5.0
2024-07-29 03:02:00,CNR8286955896,Success,CID815140,eBike,Ulsoor,Padmanabhanagar,175.0,65.0,Not Applicable,Not Applicable,No,Not Applicable,907,UPI,42,4.0,3.1
2024-07-07 05:57:00,CNR7851219035,Canceled by Driver,CID660543,Prime Plus,Rajajinagar,Ulsoor,,,Not Applicable,Personal & Car related issue,Not Applicable,Not Applicable,1589,Not Applicable,0,,
2024-07-27 00:30:00,CNR7902376131,Success,CID628326,Auto,BTM Layout,Chickpet,119.0,140.0,Not Applicable,Not Applicable,No,Not Applicable,229,UPI,2,3.7,4.0
2024-07-15 09:22:00,CNR2206861963,Success,CID154367,Prime SUV,Hulimavu,Shivajinagar,56.0,125.0,Not Applicable,Not Applicable,No,Not Applicable,643,Cash,9,4.1,4.7
2024-07-30 10:24:00,CNR9290740174,Success,CID538445,Prime Sedan,JP Nagar,Mysore Road,252.0,60.0,Not Applicable,Not Applicable,No,Not Applicable,324,Credit Card,29,4.7,3.1
2024-07-11 19:35:00,CNR9111778993,Driver Not Found,CID229357,eBike,Hosur Road,Yelahanka,,,Not Applicable,Not Applicable,Not Applicable,Not Applicable,348,Not Applicable,0,,
2024-07-06 17:12:00,CNR9831793378,Canceled by Driver,CID448518,Auto,Langford Town,Devanahalli,,,Not Applicable,Personal & Car related issue,Not Applicable,Not Applicable,116,Not Applicable,0,,
2024-07-29 17:51:00,CNR5842252474,Canceled by Customer,CID321363,eBike,Basavanagudi,MG Road,,,Wrong Address,Not Applicable,Not Applicable,Not Applicable,687,Not Applicable,0,,
2024-07-16 04:40:00,CNR9169499618,Success,CID788066,Bike,Frazer Town,Tumkur Road,161.0,50.0,Not Applicable,Not Applicable,No,Not Applicable,282,UPI,3,3.9,3.3
2024-07-14 17:57:00,CNR5049447537,Success,CID900613,Prime Sedan,Chickpet,Cox Town,280.0,75.0,Not Applicable,Not Applicable,No,Not Applicable,492,Cash,37,4.5,3.9
2024-07-15 07:23:00,CNR9141662954,Success,CID186008,Prime Plus,Rajajinagar,Whitefield,196.0,75.0,Not Applicable,Not Applicable,No,Not Applicable,258,UPI,21,4.7,3.8
2024-07-08 12:22:00,CNR5823600563,Success,CID347484,Bike,Kengeri,Tumkur Road,210.0,80.0,Not Applicable,Not Applicable,No,Not Applicable,481,UPI,22,4.6,4.8
2024-07-19 08:33:00,CNR4332897291,Canceled by Driver,CID771970,Bike,Varthur,Sarjapur Road,,,Not Applicable,More than permitted people in there,Not Applicable,Not Applicable,725,Not Applicable,0,,
2024-07-07 07:08:00,CNR6673483856,Success,CID981929,Bike,Sahakar Nagar,Cox Town,182.0,90.0,Not Applicable,Not Applicable,No,Not Applicable,627,Cash,3,3.5,4.6
2024-07-27 16:53:00,CNR8302760120,Success,CID963414,Mini,Mysore Road,Marathahalli,287.0,105.0,Not Applicable,Not Applicable,No,Not Applicable,907,Cash,47,4.3,3.4
2024-07-10 15:21:00,CNR8408232284,Driver Not Found,CID289416,Prime Sedan,Whitefield,BTM Layout,,,Not Applicable,Not Applicable,Not Applicable,Not Applicable,388,Not Applicable,0,,
2024-07-12 13:10:00,CNR1162982237,Canceled by Customer,CID975964,Prime Plus,Bellandur,Yeshwanthpur,,,Wrong Address,Not Applicable,Not Applicable,Not Applicable,408,Not Applicable,0,,
2024-07-06 03:41:00,CNR5313107261,Success,CID825721,Prime Plus,Whitefield,Malleshwaram,154.0,60.0,Not Applicable,Not Applicable,No,Not Applicable,442,Credit Card,17,3.5,4.9
2024-07-26 21:47:00,CNR8911656703,Success,CID377278,Prime Sedan,KR Puram,Jayanagar,217.0,50.0,Not Applicable,Not Applicable,No,Not Applicable,159,Cash,30,3.1,3.6
2024-07-25 00:24:00,CNR1572308655,Success,CID221138,Mini,Hennur,Bannerghatta Road,280.0,75.0,Not Applicable,Not Applicable,No,Not Applicable,294,Cash,21,4.4,3.5
2024-07-16 05:49:00,CNR2619379265,Canceled by Driver,CID231483,Bike,KR Puram,Banashankari,,,Not Applicable,More than permitted people in there,Not Applicable,Not Applicable,903,Not Applicable,0,,
2024-07-27 23:37:00,CNR4532363349,Canceled by Driver,CID483807,Auto,BTM Layout,JP Nagar,,,Not Applicable,More than permitted people in there,Not Applicable,Not Applicable,820,Not Applicable,0,,
2024-07-08 09:54:00,CNR6080350731,Success,CID272292,eBike,KR Puram,Varthur,196.0,70.0,Not Applicable,Not Applicable,No,Not Applicable,811,Cash,40,4.7,3.6
2024-07-28 21:10:00,CNR3922564996,Success,CID507319,Bike,Electronic City,Ramamurthy Nagar,98.0,85.0,Not Applicable,Not Applicable,No,Not Applicable,210,Cash,39,3.9,4.4
2024-07-24 18:40:00,CNR8914490694,Driver Not Found,CID998677,Prime Sedan,Marathahalli,Electronic City,,,Not Applicable,Not Applicable,Not Applicable,Not Applicable,153,Not Applicable,0,,
2024-07-02 03:53:00,CNR1992065739,Success,CID692861,Prime SUV,Koramangala,Ramamurthy Nagar,70.0,100.0,Not Applicable,Not Applicable,No,Not Applicable,677,UPI,28,3.3,4.3
2024-07-18 23:04:00,CNR7573870183,Success,CID165756,Mini,Rajajinagar,BTM Layout,42.0,55.0,Not Applicable,Not Applicable,No,Not Applicable,224,UPI,6,3.1,3.1
2024-07-06 02:52:00,CNR9770147741,Success,CID302106,Prime SUV,BTM Layout,Hebbal,266.0,110.0,Not Applicable,Not Applicable,No,Not Applicable,307,Cash,46,3.4,3.5
2024-07-22 20:02:00,CNR9840150270,Success,CID749846,Auto,Whitefield,Rajajinagar,119.0,115.0,Not Applicable,Not Applicable,No,Not Applicable,112,UPI,19,4.8,3.5
2024-07-23 11:26:00,CNR5510428404,Canceled by Customer,CID881860,Bike,Malleshwaram,Sahakar Nagar,,,AC is Not working,Not Applicable,Not Applicable,Not Applicable,313,Not Applicable,0,,
2024-07-09 15:18:00,CNR4089662724,Canceled by Driver,CID237407,Prime Plus,Cox Town,Hebbal,,,Not Applicable,More than permitted people in there,Not Applicable,Not Applicable,566,Not Applicable,0,,
2024-07-03 14:16:00,CNR4313463646,Driver Not Found,CID576127,Prime Sedan,Vijayanagar,JP Nagar,,,Not Applicable,Not Applicable,Not Applicable,Not Applicable,453,Not Applicable,0,,
2024-07-15 01:22:00,CNR7422561763,Success,CID951441,Mini,Marathahalli,Sahakar Nagar,280.0,110.0,Not Applicable,Not Applicable,No,Not Applicable,101,UPI,33,3.3,3.0
2024-07-20 15:09:00,CNR3070801373,Success,CID925222,Auto,KR Puram,Shantinagar,84.0,90.0,Not Applicable,Not Applicable,Yes,Other Issue,277,Cash,18,4.2,3.4
2024-07-13 11:52:00,CNR3157953600,Success,CID366715,Auto,Shantinagar,Shivajinagar,91.0,125.0,Not Applicable,Not Applicable,No,Not Applicable,106,Cash,16,4.8,4.7
2024-07-07 19:39:00,CNR4364626466,Success,CID837577,eBike,Richmond Town,Whitefield,210.0,45.0,Not Applicable,Not Applicable,No,Not Applicable,255,Cash,32,3.7,4.3
2024-07-15 21:25:00,CNR3788157116,Driver Not Found,CID409916,Prime SUV,Ramamurthy Nagar,RT Nagar,,,Not Applicable,Not Applicable,Not Applicable,Not Applicable,485,Not Applicable,0,,
2024-07-01 14:34:00,CNR9921956282,Canceled by Customer,CID984833,Prime SUV,Sahakar Nagar,Hennur,,,Driver is not moving towards pickup location,Not Applicable,Not Applicable,Not Applicable,1525,Not Applicable,0,,
2024-07-01 22:42:00,CNR1825788271,Success,CID671269,Auto,JP Nagar,Jayanagar,70.0,110.0,Not Applicable,Not Applicable,No,Not Applicable,991,Cash,10,3.2,4.6
2024-07-29 11:04:00,CNR1454954007,Driver Not Found,CID149882,Bike,Yeshwanthpur,Jayanagar,,,Not Applicable,Not Applicable,Not Applicable,Not Applicable,128,Not Applicable,0,,
2024-07-02 21:49:00,CNR9714818657,Canceled by Driver,CID962407,Prime SUV,Ulsoor,Peenya,,,Not Applicable,Customer was coughing/sick,Not Applicable,Not Applicable,171,Not Applicable,0,,
2024-07-27 09:23:00,CNR6830495131,Driver Not Found,CID276690,Auto,Banashankari,Sarjapur Road,,,Not Applicable,Not Applicable,Not Applicable,Not Applicable,211,Not Applicable,0,,
2024-07-20 09:59:00,CNR1369919097,Success,CID874782,Auto,Electronic City,Yeshwanthpur,238.0,85.0,Not Applicable,Not Applicable,No,Not Applicable,319,UPI,19,3.3,3.2
2024-07-06 04:53:00,CNR6747515437,Success,CID638547,Mini,Jayanagar,Nagarbhavi,231.0,130.0,Not Applicable,Not Applicable,No,Not Applicable,697,UPI,20,3.3,4.0
2024-07-14 10:16:00,CNR5696615392,Success,CID453945,Prime Sedan,Tumkur Road,Hulimavu,168.0,45.0,Not Applicable,Not Applicable,No,Not Applicable,507,Cash,38,3.9,3.6
2024-07-25 04:54:00,CNR2720404965,Canceled by Driver,CID479554,Mini,Ulsoor,Kadugodi,,,Not Applicable,Customer related issue,Not Applicable,Not Applicable,371,Not Applicable,0,,
2024-07-17 06:20:00,CNR7511648435,Canceled by Driver,CID244921,eBike,JP Nagar,Langford Town,,,Not Applicable,Personal & Car related issue,Not Applicable,Not Applicable,378,Not Applicable,0,,
2024-07-07 07:58:00,CNR6410988439,Success,CID814954,Auto,Shantinagar,Hebbal,84.0,90.0,Not Applicable,Not Applicable,No,Not Applicable,718,UPI,6,3.9,4.9
2024-07-09 00:37:00,CNR3206372200,Success,CID434150,Bike,Banashankari,Hennur,168.0,55.0,Not Applicable,Not Applicable,No,Not Applicable,678,UPI,19,4.3,5.0
2024-07-29 12:48:00,CNR3249758914,Driver Not Found,CID263829,Bike,Bellandur,KR Puram,,,Not Applicable,Not Applicable,Not Applicable,Not Applicable,316,Not Applicable,0,,
2024-07-02 10:24:00,CNR5266785545,Success,CID855400,Bike,Kengeri,Malleshwaram,91.0,50.0,Not Applicable,Not Applicable,No,Not Applicable,472,Cash,32,4.0,4.8
2024-07-04 18:12:00,CNR8534383896,Success,CID979598,Prime Plus,Varthur,Nagarbhavi,238.0,25.0,Not Applicable,Not Applicable,No,Not Applicable,343,Cash,37,4.5,3.5
2024-07-03 19:18:00,CNR1042673451,Success,CID484922,Prime Sedan,Yeshwanthpur,Whitefield,280.0,95.0,Not Applicable,Not Applicable,No,Not Applicable,459,Cash,38,4.9,3.3
2024-07-14 16:19:00,CNR9768584295,Success,CID390939,Prime Sedan,Langford Town,Hebbal,133.0,70.0,Not Applicable,Not Applicable,No,Not Applicable,419,Credit Card,18,3.6,3.1
2024-07-11 14:56:00,CNR3191426485,Success,CID512103,Prime Sedan,Electronic City,HSR Layout,308.0,25.0,Not Applicable,Not Applicable,No,Not Applicable,371,UPI,15,5.0,4.1
2024-07-03 12:51:00,CNR3396797128,Success,CID853809,Prime Plus,Frazer Town,Mysore Road,133.0,55.0,Not Applicable,Not Applicable,No,Not Applicable,437,Cash,22,4.6,4.6
2024-07-29 11:49:00,CNR7205641340,Success,CID316667,eBike,BTM Layout,Devanahalli,105.0,125.0,Not Applicable,Not Applicable,No,Not Applicable,125,Cash,47,3.6,3.4
2024-07-21 00:38:00,CNR8275424233,Success,CID708356,Prime SUV,Yeshwanthpur,Magadi Road,56.0,55.0,Not Applicable,Not Applicable,No,Not Applicable,2025,UPI,37,3.4,4.2
2024-07-03 02:52:00,CNR1039518653,Success,CID587810,eBike,RT Nagar,Whitefield,35.0,85.0,Not Applicable,Not Applicable,No,Not Applicable,645,Cash,25,3.7,5.0
2024-07-16 20:38:00,CNR6582547004,Success,CID915160,Mini,Bannerghatta Road,Majestic,273.0,100.0,Not Applicable,Not Applicable,No,Not Applicable,813,UPI,39,3.5,4.3
2024-07-16 05:13:00,CNR3566310484,Success,CID984556,Prime Sedan,Indiranagar,Hulimavu,231.0,85.0,Not Applicable,Not Applicable,No,Not Applicable,764,UPI,36,3.3,3.5
2024-07-27 15:57:00,CNR4958068431,Success,CID154056,eBike,Frazer Town,Shivajinagar,294.0,80.0,Not Applicable,Not Applicable,No,Not Applicable,926,UPI,2,4.1,3.3
2024-07-10 16:26:00,CNR9198295913,Success,CID331675,Auto,Padmanabhanagar,Yeshwanthpur,98.0,70.0,Not Applicable,Not Applicable,No,Not Applicable,773,Cash,6,4.3,4.0
2024-07-17 05:44:00,CNR6110139694,Canceled by Driver,CID621684,Prime Plus,Shantinagar,Kammanahalli,,,Not Applicable,More than permitted people in there,Not Applicable,Not Applicable,737,Not Applicable,0,,
2024-07-26 10:27:00,CNR7368185530,Success,CID102117,eBike,Hennur,Rajajinagar,266.0,130.0,Not Applicable,Not Applicable,No,Not Applicable,261,UPI,14,4.4,4.5
2024-07-30 15:27:00,CNR4455140292,Success,CID551472,Prime SUV,Devanahalli,Koramangala,217.0,30.0,Not Applicable,Not Applicable,No,Not Applicable,104,Cash,42,4.8,3.4
2024-07-15 13:33:00,CNR5422505473,Success,CID734221,Prime SUV,Nagarbhavi,Yeshwanthpur,91.0,115.0,Not Applicable,Not Applicable,No,Not Applicable,193,Cash,7,3.2,3.8
2024-07-06 13:51:00,CNR1541775679,Success,CID218061,eBike,Electronic City,Mysore Road,161.0,45.0,Not Applicable,Not Applicable,No,Not Applicable,260,Cash,40,3.2,5.0
2024-07-13 17:22:00,CNR9337132695,Success,CID686603,Bike,Hosur Road,Varthur,56.0,75.0,Not Applicable,Not Applicable,No,Not Applicable,488,UPI,21,3.6,3.2
2024-07-20 08:46:00,CNR8021455571,Success,CID903666,Mini,Tumkur Road,Vijayanagar,70.0,25.0,Not Applicable,Not Applicable,No,Not Applicable,120,Cash,23,4.0,4.8
2024-07-02 23:01:00,CNR8666906472,Driver Not Found,CID606893,Prime Sedan,Tumkur Road,HSR Layout,,,Not Applicable,Not Applicable,Not Applicable,Not Applicable,564,Not Applicable,0,,
2024-07-15 10:32:00,CNR1943677608,Success,CID358702,Prime Sedan,Indiranagar,Majestic,280.0,95.0,Not Applicable,Not Applicable,No,Not Applicable,217,UPI,31,4.9,4.1
2024-07-24 18:58:00,CNR3431801570,Canceled by Driver,CID774310,Auto,Shantinagar,Frazer Town,,,Not Applicable,More than permitted people in there,Not Applicable,Not Applicable,553,Not Applicable,0,,
2024-07-04 07:37:00,CNR2458645782,Success,CID920329,Prime Sedan,Shivajinagar,Hebbal,42.0,60.0,Not Applicable,Not Applicable,Yes,Vehicle Breakdown,112,UPI,29,4.3,3.6
2024-07-13 15:37:00,CNR5734111558,Driver Not Found,CID742411,Prime Plus,Padmanabhanagar,Koramangala,,,Not Applicable,Not Applicable,Not Applicable,Not Applicable,2811,Not Applicable,0,,
2024-07-18 05:15:00,CNR4211006184,Success,CID463754,Bike,Bannerghatta Road,Bellandur,35.0,110.0,Not Applicable,Not Applicable,No,Not Applicable,800,Cash,13,4.3,4.2
2024-07-08 00:26:00,CNR2392768219,Canceled by Customer,CID570596,Prime Plus,Magadi Road,Hulimavu,,,Wrong Address,Not Applicable,Not Applicable,Not Applicable,909,Not Applicable,0,,
2024-07-22 01:25:00,CNR8445383401,Success,CID342978,eBike,Richmond Town,Langford Town,189.0,115.0,Not Applicable,Not Applicable,No,Not Applicable,785,Cash,15,3.5,4.4
2024-07-10 01:01:00,CNR1038191341,Success,CID857470,eBike,Rajajinagar,Magadi Road,245.0,35.0,Not Applicable,Not Applicable,No,Not Applicable,833,Cash,19,3.8,4.3
2024-07-03 08:58:00,CNR5318759615,Success,CID750530,Prime Plus,Jayanagar,Vijayanagar,105.0,75.0,Not Applicable,Not Applicable,No,Not Applicable,335,Cash,36,4.9,4.0
2024-07-13 03:43:00,CNR5111403105,Canceled by Driver,CID737605,Mini,Shantinagar,Majestic,,,Not Applicable,Customer was coughing/sick,Not Applicable,Not Applicable,439,Not Applicable,0,,
2024-07-17 13:30:00,CNR3938869623,Success,CID413441,Prime Plus,Bellandur,Indiranagar,91.0,110.0,Not Applicable,Not Applicable,No,Not Applicable,361,UPI,12,3.1,4.8
2024-07-07 02:09:00,CNR3736623822,Driver Not Found,CID673950,Prime SUV,Kammanahalli,Ulsoor,,,Not Applicable,Not Applicable,Not Applicable,Not Applicable,411,Not Applicable,0,,
2024-07-05 20:13:00,CNR2280544583,Driver Not Found,CID840923,Prime Sedan,Yelahanka,Tumkur Road,,,Not Applicable,Not Applicable,Not Applicable,Not Applicable,199,Not Applicable,0,,
2024-07-23 00:47:00,CNR2347949476,Success,CID423076,Prime Plus,KR Puram,Sahakar Nagar,84.0,45.0,Not Applicable,Not Applicable,No,Not Applicable,204,Cash,38,4.1,3.8
2024-07-30 05:39:00,CNR6392683514,Success,CID947435,Prime Sedan,HSR Layout,Nagarbhavi,91.0,95.0,Not Applicable,Not Applicable,No,Not Applicable,552,UPI,21,3.1,3.3
2024-07-02 19:11:00,CNR1122587829,Success,CID626946,Auto,Bannerghatta Road,Kengeri,259.0,115.0,Not Applicable,Not Applicable,No,Not Applicable,401,Cash,11,4.5,3.8
2024-07-09 13:37:00,CNR7335635858,Success,CID808010,Prime Plus,Rajarajeshwari Nagar,BTM Layout,245.0,130.0,Not Applicable,Not Applicable,No,Not Applicable,376,UPI,25,3.8,4.5
2024-07-26 13:44:00,CNR2176065120,Success,CID220624,Prime Sedan,Majestic,Bannerghatta Road,245.0,80.0,Not Applicable,Not Applicable,No,Not Applicable,307,Cash,42,4.9,3.7
2024-07-08 08:44:00,CNR1346645194,Success,CID424515,Prime Sedan,Nagarbhavi,Majestic,168.0,85.0,Not Applicable,Not Applicable,No,Not Applicable,1768,UPI,12,3.5,3.9
2024-07-05 09:44:00,CNR3306080038,Success,CID841891,Prime Sedan,Whitefield,Majestic,49.0,75.0,Not Applicable,Not Applicable,No,Not Applicable,869,Cash,45,3.1,3.3
2024-07-08 08:51:00,CNR1322268537,Success,CID452101,eBike,Sarjapur Road,Rajarajeshwari Nagar,126.0,75.0,Not Applicable,Not Applicable,No,Not Applicable,183,UPI,23,4.9,4.3
2024-07-27 13:39:00,CNR3182094380,Success,CID870365,Auto,Sarjapur Road,Kammanahalli,91.0,25.0,Not Applicable,Not Applicable,No,Not Applicable,679,UPI,2,3.1,4.7
2024-07-22 18:39:00,CNR8667985619,Success,CID594295,Prime Sedan,Basavanagudi,Devanahalli,154.0,115.0,Not Applicable,Not Applicable,No,Not Applicable,269,Cash,10,4.7,3.1
2024-07-21 05:41:00,CNR1269731734,Canceled by Driver,CID174471,Auto,Magadi Road,Vijayanagar,,,Not Applicable,Customer was coughing/sick,Not Applicable,Not Applicable,465,Not Applicable,0,,
2024-07-09 00:24:00,CNR6837716328,Canceled by Driver,CID896040,eBike,JP Nagar,Shantinagar,,,Not Applicable,Customer related issue,Not Applicable,Not Applicable,243,Not Applicable,0,,
2024-07-01 06:06:00,CNR3148233060,Success,CID769966,Mini,Peenya,Devanahalli,252.0,95.0,Not Applicable,Not Applicable,No,Not Applicable,652,Cash,14,3.1,4.3
2024-07-07 19:14:00,CNR2726379502,Success,CID929853,Bike,MG Road,Frazer Town,245.0,90.0,Not Applicable,Not Applicable,No,Not Applicable,350,Cash,28,3.2,3.8
2024-07-15 04:27:00,CNR3329694686,Success,CID381995,Mini,Sahakar Nagar,Malleshwaram,161.0,85.0,Not Applicable,Not Applicable,No,Not Applicable,390,UPI,18,4.5,4.6
2024-07-12 11:54:00,CNR7357249428,Canceled by Driver,CID485636,Prime Plus,Hosur Road,Shantinagar,,,Not Applicable,Personal & Car related issue,Not Applicable,Not Applicable,279,Not Applicable,0,,
2024-07-05 03:22:00,CNR7321114581,Canceled by Driver,CID952051,eBike,Kadugodi,Chamarajpet,,,Not Applicable,Customer was coughing/sick,Not Applicable,Not Applicable,2073,Not Applicable,0,,
2024-07-26 06:53:00,CNR9187726895,Success,CID980293,Prime SUV,Hennur,Rajajinagar,308.0,30.0,Not Applicable,Not Applicable,No,Not Applicable,493,Cash,15,4.6,4.5
2024-07-20 20:49:00,CNR7155501194,Driver Not Found,CID285101,Prime Plus,Ulsoor,Cox Town,,,Not Applicable,Not Applicable,Not Applicable,Not Applicable,153,Not Applicable,0,,
2024-07-04 03:37:00,CNR2399331308,Success,CID554680,Bike,Hosur Road,Rajajinagar,147.0,120.0,Not Applicable,Not Applicable,No,Not Applicable,701,UPI,4,4.1,3.3
2024-07-05 14:25:00,CNR7422961848,Success,CID991581,Auto,Shantinagar,Hulimavu,35.0,25.0,Not Applicable,Not Applicable,No,Not Applicable,141,Cash,12,4.2,3.8
2024-07-07 12:20:00,CNR5060762412,Driver Not Found,CID318008,Prime Plus,Peenya,BTM Layout,,,Not Applicable,Not Applicable,Not Applicable,Not Applicable,286,Not Applicable,0,,
2024-07-30 10:53:00,CNR6471447205,Canceled by Driver,CID813899,Auto,Ulsoor,Basavanagudi,,,Not Applicable,Personal & Car related issue,Not Applicable,Not Applicable,698,Not Applicable,0,,
2024-07-15 03:48:00,CNR1903326224,Success,CID809003,Auto,Chickpet,Hennur,287.0,135.0,Not Applicable,Not Applicable,No,Not Applicable,664,UPI,14,3.9,4.8
2024-07-22 18:43:00,CNR3660383739,Driver Not Found,CID835025,Bike,Richmond Town,Varthur,,,Not Applicable,Not Applicable,Not Applicable,Not Applicable,183,Not Applicable,0,,
2024-07-29 21:34:00,CNR4752620346,Success,CID449254,Mini,Sahakar Nagar,Electronic City,84.0,65.0,Not Applicable,Not Applicable,No,Not Applicable,895,Cash,22,3.3,3.9
2024-07-13 15:01:00,CNR3800372677,Driver Not Found,CID885250,Bike,Padmanabhanagar,Electronic City,,,Not Applicable,Not Applicable,Not Applicable,Not Applicable,295,Not Applicable,0,,
2024-07-02 01:02:00,CNR4489928657,Success,CID921657,eBike,Hulimavu,Padmanabhanagar,266.0,65.0,Not Applicable,Not Applicable,No,Not Applicable,288,Cash,26,3.2,4.6
2024-07-27 17:55:00,CNR8496038681,Driver Not Found,CID903938,Bike,Yelahanka,RT Nagar,,,Not Applicable,Not Applicable,Not Applicable,Not Applicable,1617,Not Applicable,0,,
2024-07-11 14:09:00,CNR6912049104,Success,CID911832,eBike,Indiranagar,RT Nagar,140.0,140.0,Not Applicable,Not Applicable,No,Not Applicable,1869,UPI,49,3.1,3.1
2024-07-16 14:48:00,CNR6117229622,Success,CID304549,Prime Sedan,Sarjapur Road,Indiranagar,56.0,50.0,Not Applicable,Not Applicable,No,Not Applicable,434,UPI,21,3.3,4.8
2024-07-04 06:33:00,CNR5614942549,Success,CID538607,Mini,Padmanabhanagar,Hosur Road,98.0,100.0,Not Applicable,Not Applicable,No,Not Applicable,556,Cash,20,4.2,4.2
2024-07-23 15:21:00,CNR2335847345,Driver Not Found,CID433081,Mini,Nagarbhavi,Nagarbhavi,,,Not Applicable,Not Applicable,Not Applicable,Not Applicable,611,Not Applicable,0,,
2024-07-23 17:36:00,CNR6951570831,Canceled by Customer,CID480324,Bike,Banashankari,Kadugodi,,,Driver asked to cancel,Not Applicable,Not Applicable,Not Applicable,146,Not Applicable,0,,
2024-07-07 11:01:00,CNR8453587406,Success,CID400091,Prime SUV,Bellandur,Devanahalli,224.0,35.0,Not Applicable,Not Applicable,No,Not Applicable,107,UPI,1,4.5,3.7
2024-07-30 14:17:00,CNR2032077002,Success,CID461946,Prime Sedan,Bellandur,Bannerghatta Road,77.0,60.0,Not Applicable,Not Applicable,No,Not Applicable,933,UPI,32,4.8,3.4
2024-07-11 06:58:00,CNR4778332519,Success,CID147748,eBike,Hennur,Malleshwaram,245.0,130.0,Not Applicable,Not Applicable,No,Not Applicable,205,UPI,12,4.5,4.2
2024-07-17 03:52:00,CNR9714541940,Success,CID516462,Auto,Peenya,Kammanahalli,147.0,40.0,Not Applicable,Not Applicable,No,Not Applicable,2622,UPI,7,4.3,3.8
2024-07-22 12:55:00,CNR3920493898,Success,CID975036,Prime Sedan,Indiranagar,Langford Town,259.0,130.0,Not Applicable,Not Applicable,No,Not Applicable,342,Cash,25,4.2,4.4
2024-07-17 01:31:00,CNR4334211684,Success,CID844620,eBike,Whitefield,Tumkur Road,42.0,90.0,Not Applicable,Not Applicable,No,Not Applicable,419,Cash,6,3.5,4.9
2024-07-23 20:43:00,CNR7834615633,Canceled by Driver,CID385060,Prime SUV,Tumkur Road,Malleshwaram,,,Not Applicable,Customer related issue,Not Applicable,Not Applicable,126,Not Applicable,0,,
2024-07-03 12:45:00,CNR7063729318,Success,CID515412,Prime Plus,Mysore Road,Marathahalli,189.0,55.0,Not Applicable,Not Applicable,No,Not Applicable,1544,UPI,44,3.5,5.0
2024-07-17 03:26:00,CNR4066623901,Success,CID982288,Bike,Kammanahalli,Jayanagar,63.0,145.0,Not Applicable,Not Applicable,No,Not Applicable,837,UPI,24,4.9,3.2
2024-07-05 14:32:00,CNR7004726840,Success,CID526721,Bike,Kengeri,Richmond Town,175.0,90.0,Not Applicable,Not Applicable,Yes,Vehicle Breakdown,238,Cash,20,3.3,3.6
2024-07-13 14:14:00,CNR2586677526,Success,CID377539,Prime Sedan,Majestic,BTM Layout,308.0,60.0,Not Applicable,Not Applicable,No,Not Applicable,983,Credit Card,38,5.0,4.6
2024-07-30 20:54:00,CNR8303118653,Canceled by Customer,CID339304,Bike,Cox Town,Whitefield,,,Change of plans,Not Applicable,Not Applicable,Not Applicable,796,Not Applicable,0,,
2024-07-03 19:50:00,CNR9383757599,Success,CID948775,Prime SUV,Banashankari,Kengeri,280.0,95.0,Not Applicable,Not Applicable,No,Not Applicable,661,Cash,42,4.9,3.7
2024-07-15 21:11:00,CNR4772809063,Driver Not Found,CID173930,Bike,Basavanagudi,Kadugodi,,,Not Applicable,Not Applicable,Not Applicable,Not Applicable,384,Not Applicable,0,,
2024-07-14 12:20:00,CNR9456101991,Success,CID527318,eBike,Vijayanagar,Marathahalli,147.0,140.0,Not Applicable,Not Applicable,No,Not Applicable,194,Cash,43,5.0,4.6
2024-07-24 00:32:00,CNR9426462383,Success,CID207088,Auto,Hosur Road,Chamarajpet,56.0,60.0,Not Applicable,Not Applicable,No,Not Applicable,257,Cash,2,4.4,3.9
2024-07-09 10:08:00,CNR8402239507,Success,CID889674,Bike,HSR Layout,Whitefield,252.0,45.0,Not Applicable,Not Applicable,No,Not Applicable,2842,UPI,44,3.6,3.3
2024-07-09 10:16:00,CNR8840251080,Canceled by Customer,CID624121,Prime Sedan,Koramangala,Yeshwanthpur,,,Change of plans,Not Applicable,Not Applicable,Not Applicable,128,Not Applicable,0,,
2024-07-07 15:47:00,CNR1871104679,Success,CID527732,Auto,Whitefield,RT Nagar,182.0,140.0,Not Applicable,Not Applicable,No,Not Applicable,155,UPI,19,3.4,4.0
2024-07-11 02:48:00,CNR2448053847,Driver Not Found,CID923944,Bike,Electronic City,Hosur Road,,,Not Applicable,Not Applicable,Not Applicable,Not Applicable,297,Not Applicable,0,,
2024-07-04 03:09:00,CNR9388205109,Canceled by Customer,CID187102,Prime SUV,Bellandur,Tumkur Road,,,Driver is not moving towards pickup location,Not Applicable,Not Applicable,Not Applicable,267,Not Applicable,0,,
2024-07-12 19:09:00,CNR4569179498,Success,CID857311,Prime Plus,Hennur,Peenya,287.0,120.0,Not Applicable,Not Applicable,No,Not Applicable,172,Cash,10,4.6,3.6
2024-07-24 09:54:00,CNR9016844909,Success,CID880047,Auto,Kammanahalli,Yelahanka,266.0,115.0,Not Applicable,Not Applicable,No,Not Applicable,442,Cash,6,4.5,3.7
2024-07-22 18:25:00,CNR5775916778,Canceled by Driver,CID222086,Auto,Cox Town,Rajarajeshwari Nagar,,,Not Applicable,Customer was coughing/sick,Not Applicable,Not Applicable,178,Not Applicable,0,,
2024-07-27 01:14:00,CNR3768824783,Success,CID296111,Mini,Richmond Town,Devanahalli,308.0,30.0,Not Applicable,Not Applicable,No,Not Applicable,185,UPI,6,3.1,4.5
2024-07-14 23:30:00,CNR4159242352,Success,CID537543,Prime SUV,JP Nagar,Banashankari,63.0,140.0,Not Applicable,Not Applicable,No,Not Applicable,459,Cash,19,3.2,4.0
2024-07-04 09:23:00,CNR3533228064,Success,CID371111,eBike,BTM Layout,Ramamurthy Nagar,259.0,65.0,Not Applicable,Not Applicable,No,Not Applicable,2684,Cash,48,4.0,4.1
2024-07-21 08:21:00,CNR2308522152,Success,CID548328,Prime Sedan,Peenya,Kammanahalli,35.0,100.0,Not Applicable,Not Applicable,No,Not Applicable,319,Cash,48,3.9,3.8
2024-07-05 21:54:00,CNR2053564270,Success,CID483428,Prime SUV,Hennur,Kengeri,84.0,95.0,Not Applicable,Not Applicable,No,Not Applicable,948,Cash,30,4.1,3.2
2024-07-05 22:58:00,CNR2191013065,Success,CID828146,Mini,Rajarajeshwari Nagar,Banashankari,308.0,35.0,Not Applicable,Not Applicable,No,Not Applicable,140,Cash,23,3.3,4.0
2024-07-21 18:37:00,CNR6244598363,Success,CID162272,Prime Plus,Basavanagudi,Devanahalli,147.0,75.0,Not Applicable,Not Applicable,No,Not Applicable,418,Cash,25,3.5,4.7
2024-07-05 11:34:00,CNR6653993327,Success,CID463114,Prime Sedan,Ulsoor,Richmond Town,168.0,100.0,Not Applicable,Not Applicable,No,Not Applicable,790,Cash,41,3.8,4.6
2024-07-16 01:22:00,CNR7519528242,Canceled by Driver,CID668369,Prime Plus,Whitefield,Majestic,,,Not Applicable,Personal & Car related issue,Not Applicable,Not Applicable,182,Not Applicable,0,,
2024-07-09 14:11:00,CNR7529868129,Success,CID766145,Prime SUV,Devanahalli,Rajarajeshwari Nagar,91.0,90.0,Not Applicable,Not Applicable,No,Not Applicable,656,Cash,7,3.2,3.3
2024-07-24 05:46:00,CNR8835972448,Canceled by Driver,CID599351,eBike,Frazer Town,Richmond Town,,,Not Applicable,Personal & Car related issue,Not Applicable,Not Applicable,476,Not Applicable,0,,
2024-07-25 01:12:00,CNR2649125401,Success,CID380211,Prime SUV,Rajajinagar,BTM Layout,42.0,130.0,Not Applicable,Not Applicable,No,Not Applicable,470,Cash,18,4.1,3.4
2024-07-28 20:48:00,CNR5180263500,Canceled by Driver,CID197392,Prime Plus,Kadugodi,Yeshwanthpur,,,Not Applicable,Customer related issue,Not Applicable,Not Applicable,772,Not Applicable,0,,
2024-07-12 21:31:00,CNR9620678961,Success,CID228581,Prime Plus,Hulimavu,Chamarajpet,280.0,90.0,Not Applicable,Not Applicable,No,Not Applicable,172,UPI,7,3.8,3.4
2024-07-10 08:49:00,CNR8652569199,Success,CID112820,eBike,Chickpet,Varthur,203.0,85.0,Not Applicable,Not Applicable,No,Not Applicable,129,UPI,13,4.9,3.8
2024-07-21 05:35:00,CNR8120722845,Success,CID455504,Bike,Majestic,Tumkur Road,147.0,85.0,Not Applicable,Not Applicable,No,Not Applicable,131,Cash,20,4.1,3.8
2024-07-02 15:51:00,CNR2787836207,Canceled by Customer,CID342219,Prime Sedan,Electronic City,Hebbal,,,Driver is not moving towards pickup location,Not Applicable,Not Applicable,Not Applicable,394,Not Applicable,0,,
2024-07-25 22:00:00,CNR9461239736,Success,CID642279,eBike,Electronic City,Majestic,63.0,50.0,Not Applicable,Not Applicable,No,Not Applicable,399,Cash,32,3.8,4.5
2024-07-02 17:08:00,CNR4055868172,Success,CID885850,Mini,Bannerghatta Road,Padmanabhanagar,294.0,140.0,Not Applicable,Not Applicable,No,Not Applicable,836,UPI,31,4.5,4.6
2024-07-19 01:22:00,CNR2909279967,Canceled by Customer,CID683752,Prime Sedan,Rajajinagar,Padmanabhanagar,,,Change of plans,Not Applicable,Not Applicable,Not Applicable,2629,Not Applicable,0,,
2024-07-17 10:33:00,CNR4159361093,Canceled by Customer,CID106181,Prime SUV,Rajajinagar,Ulsoor,,,Change of plans,Not Applicable,Not Applicable,Not Applicable,450,Not Applicable,0,,
2024-07-14 05:01:00,CNR9784702921,Canceled by Driver,CID274129,Bike,Mysore Road,Ramamurthy Nagar,,,Not Applicable,Personal & Car related issue,Not Applicable,Not Applicable,765,Not Applicable,0,,
2024-07-05 17:52:00,CNR7518475979,Canceled by Driver,CID500266,Prime SUV,Langford Town,Mysore Road,,,Not Applicable,Customer was coughing/sick,Not Applicable,Not Applicable,310,Not Applicable,0,,
2024-07-30 01:12:00,CNR6374984954,Driver Not Found,CID710356,Mini,Malleshwaram,Rajajinagar,,,Not Applicable,Not Applicable,Not Applicable,Not Applicable,1843,Not Applicable,0,,
2024-07-26 07:27:00,CNR1129400734,Success,CID140309,Prime Plus,Kammanahalli,Devanahalli,77.0,80.0,Not Applicable,Not Applicable,No,Not Applicable,2599,UPI,28,3.3,3.1
2024-07-29 08:42:00,CNR6140486273,Success,CID524079,Auto,Bannerghatta Road,Hebbal,217.0,30.0,Not Applicable,Not Applicable,No,Not Applicable,739,UPI,5,4.5,3.1
2024-07-22 05:14:00,CNR4792234959,Canceled by Customer,CID862288,eBike,Devanahalli,Majestic,,,AC is Not working,Not Applicable,Not Applicable,Not Applicable,544,Not Applicable,0,,
2024-07-09 12:59:00,CNR2982870390,Success,CID717725,Prime Sedan,Varthur,Devanahalli,266.0,45.0,Not Applicable,Not Applicable,No,Not Applicable,377,Cash,36,3.6,4.3
2024-07-07 04:42:00,CNR2858024903,Success,CID969725,Mini,MG Road,Yeshwanthpur,224.0,135.0,Not Applicable,Not Applicable,No,Not Applicable,461,Cash,45,4.9,3.6
2024-07-21 16:52:00,CNR6045918648,Success,CID267234,Prime SUV,Ramamurthy Nagar,HSR Layout,287.0,75.0,Not Applicable,Not Applicable,No,Not Applicable,137,UPI,24,4.7,3.7
2024-07-20 10:17:00,CNR9414584159,Canceled by Driver,CID905161,eBike,Frazer Town,Sahakar Nagar,,,Not Applicable,Customer related issue,Not Applicable,Not Applicable,487,Not Applicable,0,,
2024-07-09 16:12:00,CNR3590053238,Canceled by Customer,CID146261,eBike,Ramamurthy Nagar,Devanahalli,,,AC is Not working,Not Applicable,Not Applicable,Not Applicable,143,Not Applicable,0,,
2024-07-25 10:28:00,CNR3040589662,Success,CID321281,Auto,Yeshwanthpur,Bannerghatta Road,98.0,120.0,Not Applicable,Not Applicable,No,Not Applicable,2268,Cash,6,4.3,4.4
2024-07-29 23:07:00,CNR1819213131,Success,CID170768,eBike,Ramamurthy Nagar,Marathahalli,301.0,60.0,Not Applicable,Not Applicable,No,Not Applicable,123,Cash,30,3.4,3.4
2024-07-12 02:16:00,CNR8936453467,Success,CID781312,Mini,Ulsoor,Hennur,119.0,115.0,Not Applicable,Not Applicable,No,Not Applicable,434,UPI,22,4.7,4.6
2024-07-30 21:17:00,CNR8052884516,Canceled by Driver,CID343785,Bike,Tumkur Road,Ulsoor,,,Not Applicable,Customer related issue,Not Applicable,Not Applicable,405,Not Applicable,0,,
2024-07-01 06:52:00,CNR6875531540,Canceled by Driver,CID507057,Prime Plus,Chamarajpet,Hennur,,,Not Applicable,Customer related issue,Not Applicable,Not Applicable,1085,Not Applicable,0,,
2024-07-26 23:40:00,CNR6557086705,Canceled by Driver,CID672903,Mini,Ulsoor,Bellandur,,,Not Applicable,Personal & Car related issue,Not Applicable,Not Applicable,417,Not Applicable,0,,
2024-07-25 15:27:00,CNR4329900917,Canceled by Driver,CID452184,Auto,Nagarbhavi,Banashankari,,,Not Applicable,Customer related issue,Not Applicable,Not Applicable,172,Not Applicable,0,,
2024-07-01 01:29:00,CNR3035410262,Success,CID217632,eBike,Marathahalli,Yeshwanthpur,84.0,80.0,Not Applicable,Not Applicable,No,Not Applicable,468,Cash,34,4.7,3.3
2024-07-12 08:59:00,CNR6105060303,Success,CID802528,Mini,Chickpet,Malleshwaram,210.0,85.0,Not Applicable,Not Applicable,No,Not Applicable,203,Cash,22,3.5,4.1
2024-07-17 10:40:00,CNR1005193708,Success,CID844845,Prime Sedan,Banashankari,Shivajinagar,140.0,125.0,Not Applicable,Not Applicable,No,Not Applicable,991,UPI,14,3.8,4.1
2024-07-09 08:00:00,CNR5624749371,Success,CID654704,eBike,RT Nagar,Yelahanka,161.0,85.0,Not Applicable,Not Applicable,No,Not Applicable,417,UPI,22,3.8,3.6
2024-07-15 11:36:00,CNR1415841084,Driver Not Found,CID837564,Auto,Hennur,Chamarajpet,,,Not Applicable,Not Applicable,Not Applicable,Not Applicable,815,Not Applicable,0,,
2024-07-28 10:10:00,CNR4520425428,Success,CID118044,Bike,Richmond Town,Rajarajeshwari Nagar,259.0,75.0,Not Applicable,Not Applicable,No,Not Applicable,250,Cash,14,3.2,4.4
2024-07-17 01:30:00,CNR2459349230,Success,CID863619,Bike,Peenya,BTM Layout,168.0,140.0,Not Applicable,Not Applicable,No,Not Applicable,753,UPI,32,3.6,3.5
2024-07-07 17:44:00,CNR4894779279,Success,CID265277,Prime Sedan,Hosur Road,Rajarajeshwari Nagar,196.0,45.0,Not Applicable,Not Applicable,No,Not Applicable,336,Cash,32,4.6,3.2
2024-07-12 22:25:00,CNR3723392905,Canceled by Driver,CID583963,eBike,Sarjapur Road,Vijayanagar,,,Not Applicable,Customer was coughing/sick,Not Applicable,Not Applicable,338,Not Applicable,0,,
2024-07-07 14:20:00,CNR4860575366,Success,CID786818,Mini,Malleshwaram,Shivajinagar,161.0,70.0,Not Applicable,Not Applicable,No,Not Applicable,432,Cash,32,3.7,3.1
2024-07-07 00:51:00,CNR7538129873,Success,CID513847,Auto,Chamarajpet,Malleshwaram,308.0,70.0,Not Applicable,Not Applicable,No,Not Applicable,609,Cash,5,3.5,3.9
2024-07-18 21:44:00,CNR8655884178,Canceled by Driver,CID591031,Auto,Langford Town,KR Puram,,,Not Applicable,Customer was coughing/sick,Not Applicable,Not Applicable,136,Not Applicable,0,,
2024-07-20 17:10:00,CNR7845187396,Success,CID715851,Bike,Majestic,Marathahalli,259.0,145.0,Not Applicable,Not Applicable,Yes,Other Issue,598,UPI,35,4.0,3.6
2024-07-15 17:19:00,CNR3509987860,Success,CID456618,Prime SUV,Rajajinagar,KR Puram,182.0,30.0,Not Applicable,Not Applicable,No,Not Applicable,346,Cash,18,3.4,4.6
2024-07-24 14:10:00,CNR9498689392,Success,CID514706,Bike,Electronic City,Mysore Road,231.0,145.0,Not Applicable,Not Applicable,No,Not Applicable,692,UPI,12,4.4,3.9
2024-07-25 11:46:00,CNR6283300807,Driver Not Found,CID464147,Prime SUV,Varthur,Bannerghatta Road,,,Not Applicable,Not Applicable,Not Applicable,Not Applicable,192,Not Applicable,0,,
2024-07-06 22:06:00,CNR3756640369,Canceled by Driver,CID308606,Auto,Tumkur Road,Tumkur Road,,,Not Applicable,More than permitted people in there,Not Applicable,Not Applicable,464,Not Applicable,0,,
2024-07-14 17:27:00,CNR5692519995,Canceled by Customer,CID131005,Auto,Whitefield,Indiranagar,,,Change of plans,Not Applicable,Not Applicable,Not Applicable,170,Not Applicable,0,,
2024-07-16 13:07:00,CNR1543374366,Canceled by Driver,CID474827,Auto,Majestic,Yeshwanthpur,,,Not Applicable,Personal & Car related issue,Not Applicable,Not Applicable,662,Not Applicable,0,,
2024-07-12 21:56:00,CNR6068791924,Canceled by Customer,CID695701,eBike,Marathahalli,RT Nagar,,,AC is Not working,Not Applicable,Not Applicable,Not Applicable,433,Not Applicable,0,,
2024-07-11 19:02:00,CNR5534904055,Success,CID695092,eBike,Indiranagar,Sahakar Nagar,203.0,95.0,Not Applicable,Not Applicable,No,Not Applicable,419,Cash,46,4.0,4.7
2024-07-29 06:03:00,CNR7929197314,Success,CID990463,Prime Plus,Frazer Town,KR Puram,42.0,70.0,Not Applicable,Not Applicable,No,Not Applicable,289,Cash,42,3.7,4.0
2024-07-25 03:52:00,CNR8401212204,Success,CID408612,Prime SUV,Koramangala,Kadugodi,91.0,115.0,Not Applicable,Not Applicable,No,Not Applicable,2039,Cash,4,4.8,4.0
2024-07-11 05:08:00,CNR9682015604,Success,CID173641,Bike,RT Nagar,Bannerghatta Road,77.0,140.0,Not Applicable,Not Applicable,Yes,Other Issue,843,UPI,35,3.5,3.5
2024-07-01 12:34:00,CNR6691361505,Success,CID630452,Auto,Yelahanka,Ramamurthy Nagar,175.0,130.0,Not Applicable,Not Applicable,No,Not Applicable,293,UPI,13,4.3,4.1
2024-07-19 22:22:00,CNR7743674712,Driver Not Found,CID190331,Prime SUV,Mysore Road,Koramangala,,,Not Applicable,Not Applicable,Not Applicable,Not Applicable,226,Not Applicable,0,,
2024-07-24 20:34:00,CNR2650508557,Success,CID380261,Prime SUV,BTM Layout,HSR Layout,42.0,105.0,Not Applicable,Not Applicable,No,Not Applicable,641,UPI,19,4.2,4.9
2024-07-22 22:37:00,CNR3548149222,Canceled by Customer,CID137268,Mini,Yelahanka,Marathahalli,,,Change of plans,Not Applicable,Not Applicable,Not Applicable,456,Not Applicable,0,,
2024-07-15 01:25:00,CNR9980912548,Success,CID486226,Prime Plus,JP Nagar,Malleshwaram,182.0,70.0,Not Applicable,Not Applicable,No,Not Applicable,423,Cash,42,4.7,3.2
2024-07-17 06:38:00,CNR7104614168,Canceled by Driver,CID397292,eBike,Varthur,Magadi Road,,,Not Applicable,Personal & Car related issue,Not Applicable,Not Applicable,2974,Not Applicable,0,,
2024-07-02 22:10:00,CNR3668174516,Success,CID566045,Prime SUV,Frazer Town,Kadugodi,210.0,45.0,Not Applicable,Not Applicable,No,Not Applicable,139,Cash,8,4.2,3.4
2024-07-27 01:58:00,CNR7144107199,Success,CID870274,Prime Plus,Banashankari,Langford Town,168.0,120.0,Not Applicable,Not Applicable,No,Not Applicable,188,Cash,13,3.2,4.8
2024-07-27 09:52:00,CNR7174489248,Canceled by Customer,CID534253,Prime SUV,Langford Town,Peenya,,,Change of plans,Not Applicable,Not Applicable,Not Applicable,773,Not Applicable,0,,
2024-07-11 02:31:00,CNR4124199986,Driver Not Found,CID198708,Auto,Vijayanagar,Magadi Road,,,Not Applicable,Not Applicable,Not Applicable,Not Applicable,250,Not Applicable,0,,
2024-07-29 15:35:00,CNR2445655120,Driver Not Found,CID566617,Mini,Malleshwaram,Kengeri,,,Not Applicable,Not Applicable,Not Applicable,Not Applicable,1621,Not Applicable,0,,
2024-07-07 01:14:00,CNR6378335837,Driver Not Found,CID781844,Prime Sedan,Koramangala,Rajarajeshwari Nagar,,,Not Applicable,Not Applicable,Not Applicable,Not Applicable,1173,Not Applicable,0,,
2024-07-28 13:04:00,CNR4784704954,Canceled by Driver,CID283490,Prime Sedan,Indiranagar,Ramamurthy Nagar,,,Not Applicable,More than permitted people in there,Not Applicable,Not Applicable,409,Not Applicable,0,,
2024-07-15 01:39:00,CNR9237074275,Success,CID510735,Auto,Sahakar Nagar,Mysore Road,203.0,65.0,Not Applicable,Not Applicable,No,Not Applicable,1193,Cash,6,3.2,4.4
2024-07-24 16:22:00,CNR8191128919,Success,CID738659,Auto,Richmond Town,Chickpet,84.0,110.0,Not Applicable,Not Applicable,No,Not Applicable,121,Cash,2,3.8,4.7
2024-07-13 03:09:00,CNR5277500779,Canceled by Driver,CID238840,Prime Plus,Padmanabhanagar,Hosur Road,,,Not Applicable,Customer was coughing/sick,Not Applicable,Not Applicable,1443,Not Applicable,0,,
2024-07-21 15:04:00,CNR6359319511,Success,CID103509,Auto,HSR Layout,Varthur,280.0,75.0,Not Applicable,Not Applicable,No,Not Applicable,351,UPI,8,4.4,3.5
2024-07-05 08:38:00,CNR5009022759,Driver Not Found,CID511756,Auto,Magadi Road,BTM Layout,,,Not Applicable,Not Applicable,Not Applicable,Not Applicable,116,Not Applicable,0,,
2024-07-08 13:49:00,CNR3147362100,Success,CID248648,Prime SUV,Yeshwanthpur,Vijayanagar,77.0,50.0,Not Applicable,Not Applicable,No,Not Applicable,872,Cash,24,4.8,5.0
2024-07-21 21:36:00,CNR3237955091,Canceled by Driver,CID551896,Prime Plus,Peenya,Chamarajpet,,,Not Applicable,Customer related issue,Not Applicable,Not Applicable,155,Not Applicable,0,,
2024-07-08 21:22:00,CNR5539928684,Canceled by Driver,CID525236,Auto,Shivajinagar,Marathahalli,,,Not Applicable,Personal & Car related issue,Not Applicable,Not Applicable,2438,Not Applicable,0,,
2024-07-03 11:57:00,CNR8132971402,Canceled by Driver,CID149828,Prime SUV,Majestic,Chickpet,,,Not Applicable,Personal & Car related issue,Not Applicable,Not Applicable,357,Not Applicable,0,,
2024-07-03 04:39:00,CNR2254967412,Canceled by Driver,CID929553,Prime SUV,Whitefield,Langford Town,,,Not Applicable,Personal & Car related issue,Not Applicable,Not Applicable,196,Not Applicable,0,,
2024-07-02 21:26:00,CNR9035428084,Success,CID229524,Bike,Cox Town,JP Nagar,119.0,50.0,Not Applicable,Not Applicable,Yes,Vehicle Breakdown,945,UPI,33,4.6,3.6
2024-07-16 13:50:00,CNR8068447238,Success,CID942893,Prime Sedan,Hulimavu,Mysore Road,42.0,90.0,Not Applicable,Not Applicable,No,Not Applicable,408,Cash,42,3.4,3.9
2024-07-30 18:06:00,CNR4283277350,Canceled by Driver,CID434213,Prime Sedan,Kengeri,Cox Town,,,Not Applicable,Customer related issue,Not Applicable,Not Applicable,225,Not Applicable,0,,
2024-07-04 19:16:00,CNR1644809527,Canceled by Driver,CID472662,Prime Plus,Devanahalli,Hulimavu,,,Not Applicable,More than permitted people in there,Not Applicable,Not Applicable,813,Not Applicable,0,,
2024-07-19 02:37:00,CNR9731701510,Success,CID912622,Prime SUV,Vijayanagar,BTM Layout,175.0,30.0,Not Applicable,Not Applicable,No,Not Applicable,231,Cash,7,3.9,3.3
2024-07-09 20:31:00,CNR8748902282,Success,CID928287,Bike,Hulimavu,Kengeri,280.0,85.0,Not Applicable,Not Applicable,Yes,Vehicle Breakdown,984,UPI,14,3.2,3.7
2024-07-18 23:12:00,CNR6667678981,Success,CID828900,Prime Sedan,Rajajinagar,Mysore Road,301.0,105.0,Not Applicable,Not Applicable,Yes,Customer Demand,235,Cash,29,3.2,4.9
2024-07-14 19:08:00,CNR1160371764,Success,CID497797,Bike,Yelahanka,Chamarajpet,42.0,105.0,Not Applicable,Not Applicable,No,Not Applicable,258,Cash,39,3.6,4.9
2024-07-13 10:00:00,CNR4276239484,Success,CID239241,Bike,Chamarajpet,Koramangala,252.0,140.0,Not Applicable,Not Applicable,No,Not Applicable,157,UPI,5,3.7,3.7
2024-07-09 12:42:00,CNR8541355922,Success,CID595886,Mini,HSR Layout,Yelahanka,259.0,120.0,Not Applicable,Not Applicable,Yes,Other Issue,389,Cash,28,3.1,4.8
2024-07-23 07:36:00,CNR8226427506,Driver Not Found,CID353990,Mini,Nagarbhavi,Langford Town,,,Not Applicable,Not Applicable,Not Applicable,Not Applicable,581,Not Applicable,0,,
2024-07-20 17:45:00,CNR9958629828,Success,CID300656,eBike,RT Nagar,Kammanahalli,308.0,115.0,Not Applicable,Not Applicable,Yes,Customer Demand,368,Cash,42,3.5,4.9
2024-07-03 23:13:00,CNR6825578900,Success,CID612749,Prime Sedan,Chickpet,Sahakar Nagar,161.0,85.0,Not Applicable,Not Applicable,No,Not Applicable,479,UPI,27,3.7,3.8
2024-07-13 07:04:00,CNR4786168980,Success,CID243198,Mini,Indiranagar,Mysore Road,49.0,65.0,Not Applicable,Not Applicable,No,Not Applicable,453,UPI,45,4.1,3.9
2024-07-07 02:24:00,CNR2831604648,Canceled by Customer,CID879656,Prime SUV,KR Puram,Langford Town,,,Change of plans,Not Applicable,Not Applicable,Not Applicable,684,Not Applicable,0,,
2024-07-16 21:21:00,CNR1004808429,Canceled by Customer,CID586361,Mini,Banashankari,Frazer Town,,,AC is Not working,Not Applicable,Not Applicable,Not Applicable,413,Not Applicable,0,,
2024-07-03 11:53:00,CNR3377423486,Success,CID826869,Bike,BTM Layout,Sarjapur Road,301.0,70.0,Not Applicable,Not Applicable,No,Not Applicable,159,UPI,37,4.6,3.3
2024-07-17 06:55:00,CNR5547249777,Canceled by Customer,CID672052,Mini,Ramamurthy Nagar,Hulimavu,,,Driver asked to cancel,Not Applicable,Not Applicable,Not Applicable,323,Not Applicable,0,,
2024-07-29 21:12:00,CNR3429640758,Canceled by Driver,CID103197,Prime SUV,Marathahalli,Kadugodi,,,Not Applicable,Personal & Car related issue,Not Applicable,Not Applicable,435,Not Applicable,0,,
2024-07-04 17:06:00,CNR1584743619,Success,CID944853,eBike,Langford Town,Chickpet,126.0,125.0,Not Applicable,Not Applicable,No,Not Applicable,154,Cash,36,3.9,3.3
2024-07-18 15:10:00,CNR6495872807,Success,CID980092,Mini,Koramangala,Marathahalli,203.0,30.0,Not Applicable,Not Applicable,Yes,Customer Demand,2080,UPI,21,3.8,3.2
2024-07-26 01:29:00,CNR2458448744,Success,CID553424,Mini,Kengeri,Hennur,42.0,25.0,Not Applicable,Not Applicable,No,Not Applicable,246,Cash,48,4.0,5.0
2024-07-23 15:22:00,CNR7601585395,Success,CID988150,Bike,Richmond Town,Yeshwanthpur,245.0,90.0,Not Applicable,Not Applicable,No,Not Applicable,145,UPI,11,4.3,3.8
2024-07-28 10:03:00,CNR7268629658,Canceled by Driver,CID537538,Prime Plus,Bannerghatta Road,Shantinagar,,,Not Applicable,Customer was coughing/sick,Not Applicable,Not Applicable,950,Not Applicable,0,,
2024-07-24 21:17:00,CNR5532246694,Canceled by Customer,CID461804,Prime SUV,Peenya,Malleshwaram,,,Driver asked to cancel,Not Applicable,Not Applicable,Not Applicable,659,Not Applicable,0,,
2024-07-19 02:07:00,CNR6720266923,Success,CID613297,Prime SUV,HSR Layout,Mysore Road,126.0,60.0,Not Applicable,Not Applicable,No,Not Applicable,457,UPI,12,4.7,3.8
2024-07-28 20:03:00,CNR4417354644,Success,CID245634,Prime Plus,Vijayanagar,Yeshwanthpur,63.0,100.0,Not Applicable,Not Applicable,No,Not Applicable,176,UPI,4,4.7,3.3
2024-07-21 10:04:00,CNR2769274761,Canceled by Driver,CID735062,Auto,Bellandur,Cox Town,,,Not Applicable,Personal & Car related issue,Not Applicable,Not Applicable,106,Not Applicable,0,,
2024-07-21 10:14:00,CNR7812221073,Driver Not Found,CID594800,Prime Plus,Bellandur,Majestic,,,Not Applicable,Not Applicable,Not Applicable,Not Applicable,150,Not Applicable,0,,
2024-07-16 20:05:00,CNR9970644231,Canceled by Driver,CID501762,Prime Plus,Hosur Road,Banashankari,,,Not Applicable,Personal & Car related issue,Not Applicable,Not Applicable,651,Not Applicable,0,,
2024-07-18 14:44:00,CNR1470106589,Canceled by Driver,CID113154,eBike,Whitefield,Chickpet,,,Not Applicable,Customer related issue,Not Applicable,Not Applicable,187,Not Applicable,0,,
2024-07-25 17:45:00,CNR7654284162,Canceled by Driver,CID560031,Prime SUV,Peenya,Whitefield,,,Not Applicable,Personal & Car related issue,Not Applicable,Not Applicable,223,Not Applicable,0,,
2024-07-15 10:46:00,CNR2250013973,Canceled by Driver,CID644333,Auto,Chamarajpet,Sarjapur Road,,,Not Applicable,More than permitted people in there,Not Applicable,Not Applicable,343,Not Applicable,0,,
2024-07-06 11:00:00,CNR2291771413,Canceled by Driver,CID799821,Bike,Peenya,Ramamurthy Nagar,,,Not Applicable,Customer was coughing/sick,Not Applicable,Not Applicable,263,Not Applicable,0,,
2024-07-15 06:57:00,CNR3648802950,Canceled by Driver,CID900122,Prime Plus,Indiranagar,Rajajinagar,,,Not Applicable,More than permitted people in there,Not Applicable,Not Applicable,216,Not Applicable,0,,
2024-07-04 18:37:00,CNR6661323771,Canceled by Customer,CID310316,eBike,Devanahalli,Kengeri,,,Wrong Address,Not Applicable,Not Applicable,Not Applicable,298,Not Applicable,0,,
2024-07-27 15:42:00,CNR9177293159,Success,CID189935,Prime Sedan,Magadi Road,Kadugodi,161.0,140.0,Not Applicable,Not Applicable,No,Not Applicable,254,Cash,33,3.7,4.2
2024-07-12 09:43:00,CNR5341496707,Success,CID101503,Prime Sedan,Hulimavu,BTM Layout,35.0,80.0,Not Applicable,Not Applicable,No,Not Applicable,2610,UPI,20,3.5,3.2
2024-07-06 04:55:00,CNR4172231916,Success,CID612375,Auto,Sarjapur Road,Kammanahalli,266.0,145.0,Not Applicable,Not Applicable,No,Not Applicable,380,UPI,15,3.1,4.8
2024-07-23 04:38:00,CNR4123067125,Success,CID500909,Prime Plus,Magadi Road,Shantinagar,49.0,90.0,Not Applicable,Not Applicable,No,Not Applicable,120,Cash,29,4.9,4.1
2024-07-27 06:29:00,CNR6048419820,Success,CID573722,Auto,KR Puram,Cox Town,154.0,35.0,Not Applicable,Not Applicable,No,Not Applicable,238,Cash,7,3.9,4.1
2024-07-18 13:13:00,CNR4544714675,Success,CID808012,Prime Sedan,Langford Town,Tumkur Road,105.0,50.0,Not Applicable,Not Applicable,No,Not Applicable,1587,Cash,31,4.4,3.6
2024-07-25 20:35:00,CNR3152972573,Success,CID259370,Prime SUV,Padmanabhanagar,Sarjapur Road,70.0,65.0,Not Applicable,Not Applicable,No,Not Applicable,124,UPI,40,4.9,4.4
2024-07-16 09:35:00,CNR5748113234,Success,CID760226,Bike,Sahakar Nagar,Sarjapur Road,63.0,75.0,Not Applicable,Not Applicable,No,Not Applicable,485,UPI,32,4.1,3.6
2024-07-25 18:18:00,CNR1835695628,Success,CID363880,Mini,Rajajinagar,Malleshwaram,301.0,75.0,Not Applicable,Not Applicable,No,Not Applicable,1966,UPI,2,4.7,3.4
2024-07-15 06:12:00,CNR5328062782,Success,CID606011,Auto,HSR Layout,Banashankari,112.0,90.0,Not Applicable,Not Applicable,No,Not Applicable,2907,Cash,15,5.0,4.1
2024-07-28 09:07:00,CNR4554123548,Canceled by Driver,CID277879,Mini,MG Road,JP Nagar,,,Not Applicable,Customer was coughing/sick,Not Applicable,Not Applicable,656,Not Applicable,0,,
2024-07-12 08:52:00,CNR6503178346,Success,CID811029,Prime Plus,Devanahalli,Basavanagudi,301.0,65.0,Not Applicable,Not Applicable,No,Not Applicable,407,Cash,44,4.0,3.1
2024-07-26 07:35:00,CNR9355482087,Success,CID698151,Prime Plus,Basavanagudi,Peenya,224.0,85.0,Not Applicable,Not Applicable,No,Not Applicable,457,Cash,20,4.4,3.2
2024-07-23 02:11:00,CNR5253335897,Driver Not Found,CID829055,Bike,Yeshwanthpur,Richmond Town,,,Not Applicable,Not Applicable,Not Applicable,Not Applicable,1407,Not Applicable,0,,
2024-07-24 09:12:00,CNR9725618808,Canceled by Customer,CID908175,Mini,Padmanabhanagar,Cox Town,,,Change of plans,Not Applicable,Not Applicable,Not Applicable,2865,Not Applicable,0,,
2024-07-29 22:24:00,CNR1627102400,Success,CID852013,Prime Plus,Whitefield,Marathahalli,63.0,120.0,Not Applicable,Not Applicable,No,Not Applicable,619,Cash,31,3.4,3.7
2024-07-03 21:40:00,CNR4980907251,Success,CID231152,eBike,Frazer Town,KR Puram,63.0,95.0,Not Applicable,Not Applicable,No,Not Applicable,344,Cash,24,4.8,3.6
2024-07-16 02:26:00,CNR1413278888,Canceled by Driver,CID111799,Mini,Richmond Town,Hennur,,,Not Applicable,Customer related issue,Not Applicable,Not Applicable,442,Not Applicable,0,,
2024-07-07 17:12:00,CNR1128843717,Success,CID780056,eBike,Bannerghatta Road,Marathahalli,273.0,70.0,Not Applicable,Not Applicable,No,Not Applicable,574,Cash,39,4.1,4.7
2024-07-13 12:11:00,CNR1549654346,Driver Not Found,CID611744,Prime Plus,Kadugodi,Hulimavu,,,Not Applicable,Not Applicable,Not Applicable,Not Applicable,386,Not Applicable,0,,
2024-07-28 11:13:00,CNR3351895067,Canceled by Driver,CID260547,Mini,Vijayanagar,Vijayanagar,,,Not Applicable,Customer was coughing/sick,Not Applicable,Not Applicable,788,Not Applicable,0,,
2024-07-23 18:25:00,CNR6993791280,Driver Not Found,CID620825,Prime Sedan,MG Road,Jayanagar,,,Not Applicable,Not Applicable,Not Applicable,Not Applicable,386,Not Applicable,0,,
2024-07-16 21:57:00,CNR2934650843,Success,CID905216,Mini,Shantinagar,Malleshwaram,301.0,105.0,Not Applicable,Not Applicable,No,Not Applicable,484,UPI,11,4.1,4.3
2024-07-05 20:07:00,CNR8539558707,Success,CID616456,Mini,KR Puram,Frazer Town,273.0,110.0,Not Applicable,Not Applicable,No,Not Applicable,377,UPI,39,3.0,4.1
2024-07-23 13:21:00,CNR4421274326,Success,CID457717,Auto,Rajarajeshwari Nagar,Varthur,175.0,140.0,Not Applicable,Not Applicable,No,Not Applicable,243,Cash,14,3.6,3.2
2024-07-04 07:10:00,CNR8623655722,Success,CID755103,Prime Plus,Kadugodi,Malleshwaram,84.0,120.0,Not Applicable,Not Applicable,No,Not Applicable,258,Cash,13,4.0,4.7
2024-07-07 20:44:00,CNR9122568475,Success,CID592260,eBike,Banashankari,JP Nagar,77.0,25.0,Not Applicable,Not Applicable,No,Not Applicable,419,UPI,4,4.8,3.2
2024-07-20 22:04:00,CNR9655968433,Driver Not Found,CID690245,Prime Plus,Rajarajeshwari Nagar,Devanahalli,,,Not Applicable,Not Applicable,Not Applicable,Not Applicable,558,Not Applicable,0,,
2024-07-25 21:15:00,CNR3673990795,Canceled by Driver,CID345761,eBike,Hebbal,KR Puram,,,Not Applicable,More than permitted people in there,Not Applicable,Not Applicable,641,Not Applicable,0,,
2024-07-05 00:11:00,CNR1549259452,Success,CID412686,Prime Sedan,Bannerghatta Road,Kammanahalli,42.0,95.0,Not Applicable,Not Applicable,No,Not Applicable,561,UPI,1,3.8,3.9
2024-07-19 07:29:00,CNR6160588931,Success,CID472909,Bike,Yeshwanthpur,Bannerghatta Road,98.0,145.0,Not Applicable,Not Applicable,Yes,Vehicle Breakdown,307,Cash,1,3.4,5.0
2024-07-22 09:04:00,CNR1507182161,Success,CID366612,Mini,Malleshwaram,Nagarbhavi,140.0,55.0,Not Applicable,Not Applicable,No,Not Applicable,198,UPI,37,3.9,3.6
2024-07-25 08:00:00,CNR1690109120,Canceled by Customer,CID314729,Prime Plus,Langford Town,Yeshwanthpur,,,Driver asked to cancel,Not Applicable,Not Applicable,Not Applicable,311,Not Applicable,0,,
2024-07-21 19:05:00,CNR3844519088,Success,CID376798,Prime Plus,Banashankari,RT Nagar,161.0,55.0,Not Applicable,Not Applicable,Yes,Vehicle Breakdown,590,Cash,10,3.1,3.5
2024-07-19 23:55:00,CNR6479542376,Driver Not Found,CID630000,eBike,Majestic,Koramangala,,,Not Applicable,Not Applicable,Not Applicable,Not Applicable,112,Not Applicable,0,,
2024-07-03 20:53:00,CNR3955998003,Canceled by Driver,CID731559,Bike,Majestic,Jayanagar,,,Not Applicable,Personal & Car related issue,Not Applicable,Not Applicable,199,Not Applicable,0,,
2024-07-06 20:12:00,CNR2812682528,Success,CID682429,Auto,Devanahalli,Chamarajpet,245.0,55.0,Not Applicable,Not Applicable,No,Not Applicable,517,UPI,12,3.9,3.7
2024-07-02 15:12:00,CNR2274295950,Success,CID781913,Prime Plus,RT Nagar,Shivajinagar,119.0,75.0,Not Applicable,Not Applicable,No,Not Applicable,319,UPI,2,3.8,4.4
2024-07-22 02:03:00,CNR6132538756,Canceled by Driver,CID350501,Prime SUV,Chickpet,RT Nagar,,,Not Applicable,Personal & Car related issue,Not Applicable,Not Applicable,296,Not Applicable,0,,
2024-07-06 17:14:00,CNR5182632069,Canceled by Customer,CID450436,Prime SUV,Nagarbhavi,Mysore Road,,,Driver is not moving towards pickup location,Not Applicable,Not Applicable,Not Applicable,411,Not Applicable,0,,
2024-07-06 04:06:00,CNR6819150110,Canceled by Driver,CID960579,Prime Plus,Majestic,Padmanabhanagar,,,Not Applicable,Personal & Car related issue,Not Applicable,Not Applicable,336,Not Applicable,0,,
2024-07-03 23:54:00,CNR4821708943,Success,CID997106,Prime Plus,Cox Town,Devanahalli,161.0,30.0,Not Applicable,Not Applicable,No,Not Applicable,366,UPI,37,3.4,3.6
2024-07-10 10:31:00,CNR6442004934,Success,CID533115,Prime SUV,Hulimavu,RT Nagar,133.0,50.0,Not Applicable,Not Applicable,No,Not Applicable,300,Cash,18,4.4,4.3
2024-07-24 00:59:00,CNR4357497379,Success,CID626580,Bike,JP Nagar,Hennur,168.0,145.0,Not Applicable,Not Applicable,No,Not Applicable,418,UPI,38,3.5,3.7
2024-07-29 10:00:00,CNR9792645851,Success,CID833400,Prime Sedan,Malleshwaram,Yeshwanthpur,112.0,120.0,Not Applicable,Not Applicable,No,Not Applicable,496,Cash,13,3.5,3.7
2024-07-04 23:45:00,CNR2945357712,Success,CID491477,eBike,Hebbal,Rajajinagar,238.0,115.0,Not Applicable,Not Applicable,No,Not Applicable,1397,UPI,39,3.9,4.4
2024-07-26 02:16:00,CNR2991763253,Success,CID670676,Prime Sedan,JP Nagar,Chickpet,49.0,35.0,Not Applicable,Not Applicable,No,Not Applicable,108,UPI,26,4.2,3.7
2024-07-22 20:51:00,CNR2341232101,Success,CID465304,Auto,BTM Layout,Marathahalli,182.0,55.0,Not Applicable,Not Applicable,No,Not Applicable,392,UPI,8,4.3,4.4
2024-07-17 22:08:00,CNR4506878079,Success,CID518682,Mini,Shantinagar,Peenya,77.0,30.0,Not Applicable,Not Applicable,No,Not Applicable,131,UPI,1,3.7,4.6
2024-07-29 16:41:00,CNR1520907180,Success,CID455511,Prime SUV,Yeshwanthpur,Marathahalli,77.0,45.0,Not Applicable,Not Applicable,No,Not Applicable,2715,Cash,46,4.4,3.1
2024-07-25 07:54:00,CNR1256266782,Success,CID305674,Bike,Devanahalli,Yelahanka,154.0,55.0,Not Applicable,Not Applicable,No,Not Applicable,362,Cash,36,4.1,3.9
2024-07-30 07:00:00,CNR5897662181,Canceled by Driver,CID759237,Prime Sedan,Chamarajpet,Hulimavu,,,Not Applicable,Customer related issue,Not Applicable,Not Applicable,266,Not Applicable,0,,
2024-07-30 12:02:00,CNR6965355398,Success,CID489812,eBike,Yelahanka,Rajajinagar,168.0,130.0,Not Applicable,Not Applicable,No,Not Applicable,587,UPI,43,4.7,3.5
2024-07-30 12:59:00,CNR9452059377,Success,CID887503,Auto,Ulsoor,Whitefield,133.0,125.0,Not Applicable,Not Applicable,No,Not Applicable,170,UPI,3,3.6,4.6
2024-07-25 11:33:00,CNR4434927693,Canceled by Driver,CID151518,Auto,Yeshwanthpur,Tumkur Road,,,Not Applicable,Customer related issue,Not Applicable,Not Applicable,739,Not Applicable,0,,
2024-07-05 00:03:00,CNR2456127741,Success,CID586857,Prime Plus,Yeshwanthpur,Hennur,168.0,80.0,Not Applicable,Not Applicable,No,Not Applicable,794,UPI,47,3.5,4.5
2024-07-21 05:52:00,CNR4415201425,Success,CID795428,Bike,Basavanagudi,Sahakar Nagar,105.0,85.0,Not Applicable,Not Applicable,No,Not Applicable,730,Cash,22,3.0,4.0
2024-07-12 12:41:00,CNR6652475318,Success,CID608555,eBike,Vijayanagar,Sahakar Nagar,42.0,35.0,Not Applicable,Not Applicable,No,Not Applicable,791,UPI,17,4.0,3.8
2024-07-02 08:03:00,CNR2699018751,Driver Not Found,CID441346,Prime Sedan,Hulimavu,Yelahanka,,,Not Applicable,Not Applicable,Not Applicable,Not Applicable,438,Not Applicable,0,,
2024-07-19 17:49:00,CNR9481472318,Success,CID266582,Prime SUV,JP Nagar,Cox Town,56.0,35.0,Not Applicable,Not Applicable,No,Not Applicable,436,Cash,32,4.8,3.2
2024-07-11 21:55:00,CNR1223720932,Success,CID835908,Auto,Hebbal,Ulsoor,112.0,140.0,Not Applicable,Not Applicable,No,Not Applicable,1112,Credit Card,13,4.6,3.3
2024-07-18 03:44:00,CNR7320736321,Success,CID560185,eBike,Peenya,Rajarajeshwari Nagar,56.0,140.0,Not Applicable,Not Applicable,No,Not Applicable,432,Cash,20,3.3,4.4
2024-07-15 20:25:00,CNR7015323956,Success,CID896038,Prime Sedan,Whitefield,Sarjapur Road,84.0,115.0,Not Applicable,Not Applicable,No,Not Applicable,361,Cash,2,4.3,3.9
2024-07-19 15:04:00,CNR8706994964,Driver Not Found,CID697665,Mini,Whitefield,Varthur,,,Not Applicable,Not Applicable,Not Applicable,Not Applicable,102,Not Applicable,0,,
2024-07-04 17:24:00,CNR6091352192,Canceled by Driver,CID225142,Auto,Koramangala,Banashankari,,,Not Applicable,Personal & Car related issue,Not Applicable,Not Applicable,223,Not Applicable,0,,
2024-07-16 16:39:00,CNR1789135958,Success,CID122229,Prime Sedan,MG Road,Electronic City,105.0,25.0,Not Applicable,Not Applicable,No,Not Applicable,406,UPI,11,4.5,4.8
2024-07-16 06:34:00,CNR1008252038,Success,CID213923,Bike,Hennur,Whitefield,266.0,85.0,Not Applicable,Not Applicable,No,Not Applicable,255,UPI,37,4.2,3.7
2024-07-20 18:03:00,CNR4815519425,Driver Not Found,CID944110,Prime Sedan,Indiranagar,Electronic City,,,Not Applicable,Not Applicable,Not Applicable,Not Applicable,411,Not Applicable,0,,
2024-07-04 17:46:00,CNR1081360129,Canceled by Driver,CID600871,Prime Sedan,Frazer Town,Mysore Road,,,Not Applicable,Customer was coughing/sick,Not Applicable,Not Applicable,653,Not Applicable,0,,
2024-07-12 20:45:00,CNR6423905160,Success,CID898045,Auto,Hulimavu,BTM Layout,217.0,65.0,Not Applicable,Not Applicable,No,Not Applicable,490,Cash,14,3.4,4.4
2024-07-29 21:52:00,CNR1189845083,Success,CID493659,Prime Plus,Chickpet,Hennur,168.0,125.0,Not Applicable,Not Applicable,No,Not Applicable,212,Cash,3,4.1,3.9
2024-07-27 19:34:00,CNR8005220776,Success,CID196088,Prime Sedan,BTM Layout,Banashankari,133.0,35.0,Not Applicable,Not Applicable,No,Not Applicable,978,Cash,39,4.1,3.5
2024-07-02 10:19:00,CNR2521000959,Canceled by Driver,CID705557,eBike,Majestic,Devanahalli,,,Not Applicable,Customer related issue,Not Applicable,Not Applicable,870,Not Applicable,0,,
2024-07-02 00:55:00,CNR1340091350,Success,CID622789,Bike,KR Puram,Malleshwaram,210.0,95.0,Not Applicable,Not Applicable,No,Not Applicable,589,Cash,12,4.1,3.6
2024-07-24 02:15:00,CNR4261019704,Success,CID274341,Prime SUV,HSR Layout,Marathahalli,126.0,70.0,Not Applicable,Not Applicable,No,Not Applicable,773,Cash,23,3.4,4.8
2024-07-17 13:54:00,CNR3271683937,Success,CID651697,Prime Sedan,Malleshwaram,Tumkur Road,217.0,25.0,Not Applicable,Not Applicable,No,Not Applicable,207,Cash,1,3.4,3.1
2024-07-04 10:47:00,CNR9915567862,Success,CID113529,Prime Plus,Rajarajeshwari Nagar,Ulsoor,91.0,35.0,Not Applicable,Not Applicable,No,Not Applicable,382,UPI,33,4.4,3.5
2024-07-13 03:34:00,CNR4818029495,Canceled by Driver,CID945551,Bike,Mysore Road,Cox Town,,,Not Applicable,Customer related issue,Not Applicable,Not Applicable,416,Not Applicable,0,,
2024-07-09 01:40:00,CNR8607159765,Success,CID446352,Prime Plus,Kengeri,Devanahalli,154.0,45.0,Not Applicable,Not Applicable,No,Not Applicable,341,Credit Card,5,4.5,4.7
2024-07-27 05:42:00,CNR7718060377,Success,CID996772,Mini,Hennur,Sarjapur Road,203.0,110.0,Not Applicable,Not Applicable,No,Not Applicable,243,Credit Card,25,3.9,3.9
2024-07-03 23:06:00,CNR5101886902,Success,CID736478,Prime Plus,Bannerghatta Road,Majestic,224.0,25.0,Not Applicable,Not Applicable,No,Not Applicable,108,UPI,8,4.8,3.5
2024-07-04 12:26:00,CNR5201808940,Success,CID265934,Mini,Bellandur,Shivajinagar,308.0,135.0,Not Applicable,Not Applicable,No,Not Applicable,120,Cash,20,3.7,4.0
2024-07-27 13:14:00,CNR7962368298,Success,CID703865,eBike,Hulimavu,Devanahalli,217.0,65.0,Not Applicable,Not Applicable,No,Not Applicable,271,UPI,24,3.6,3.9
2024-07-09 08:53:00,CNR1771550744,Success,CID915722,eBike,Rajarajeshwari Nagar,Kengeri,161.0,80.0,Not Applicable,Not Applicable,No,Not Applicable,239,Cash,11,4.3,4.9
2024-07-15 04:29:00,CNR8097987995,Canceled by Driver,CID316321,Prime SUV,Vijayanagar,Marathahalli,,,Not Applicable,Customer was coughing/sick,Not Applicable,Not Applicable,437,Not Applicable,0,,
2024-07-02 03:06:00,CNR3643317475,Success,CID770323,eBike,Hosur Road,Chickpet,259.0,125.0,Not Applicable,Not Applicable,No,Not Applicable,238,UPI,44,3.5,3.9
2024-07-11 18:24:00,CNR2245228087,Driver Not Found,CID465285,Prime SUV,KR Puram,Ramamurthy Nagar,,,Not Applicable,Not Applicable,Not Applicable,Not Applicable,104,Not Applicable,0,,
2024-07-30 14:30:00,CNR5093755049,Success,CID843169,eBike,Varthur,Hennur,259.0,60.0,Not Applicable,Not Applicable,No,Not Applicable,183,Cash,25,4.2,4.3
2024-07-19 21:08:00,CNR1308402710,Canceled by Customer,CID540550,Prime Plus,Yeshwanthpur,Rajarajeshwari Nagar,,,Driver is not moving towards pickup location,Not Applicable,Not Applicable,Not Applicable,114,Not Applicable,0,,
2024-07-30 21:14:00,CNR2404004831,Driver Not Found,CID341841,Bike,Richmond Town,Tumkur Road,,,Not Applicable,Not Applicable,Not Applicable,Not Applicable,351,Not Applicable,0,,
2024-07-11 06:49:00,CNR2391380494,Success,CID661260,eBike,Marathahalli,Rajajinagar,133.0,30.0,Not Applicable,Not Applicable,No,Not Applicable,508,Cash,1,3.8,4.1
2024-07-11 01:51:00,CNR6141011307,Canceled by Driver,CID348647,Prime Sedan,Marathahalli,Hulimavu,,,Not Applicable,More than permitted people in there,Not Applicable,Not Applicable,761,Not Applicable,0,,
2024-07-19 04:40:00,CNR1125512776,Success,CID543502,Prime SUV,Tumkur Road,Banashankari,147.0,55.0,Not Applicable,Not Applicable,No,Not Applicable,502,Cash,2,4.2,4.6
2024-07-08 12:35:00,CNR3978345151,Success,CID583684,Prime Sedan,Peenya,Bannerghatta Road,35.0,115.0,Not Applicable,Not Applicable,No,Not Applicable,1830,UPI,32,3.3,3.8
2024-07-30 14:43:00,CNR7298874302,Success,CID128963,Prime Sedan,Marathahalli,Basavanagudi,154.0,95.0,Not Applicable,Not Applicable,Yes,Customer Demand,554,UPI,29,3.8,3.3
2024-07-30 13:31:00,CNR3878902463,Success,CID557454,Auto,Hosur Road,Shantinagar,112.0,25.0,Not Applicable,Not Applicable,No,Not Applicable,545,UPI,13,4.5,3.4
2024-07-12 04:40:00,CNR6229366199,Success,CID745429,Prime Plus,Ramamurthy Nagar,HSR Layout,168.0,75.0,Not Applicable,Not Applicable,No,Not Applicable,477,UPI,9,3.2,3.6
2024-07-14 15:24:00,CNR9937925651,Success,CID613287,Prime Sedan,Yelahanka,Shivajinagar,301.0,80.0,Not Applicable,Not Applicable,No,Not Applicable,389,UPI,45,3.5,3.2
2024-07-15 14:23:00,CNR8531122717,Success,CID520492,Prime SUV,Yeshwanthpur,Majestic,273.0,130.0,Not Applicable,Not Applicable,No,Not Applicable,2999,Cash,45,3.1,4.1
2024-07-02 10:02:00,CNR4737592792,Success,CID461474,Prime Sedan,Mysore Road,Vijayanagar,301.0,100.0,Not Applicable,Not Applicable,No,Not Applicable,298,UPI,13,3.4,3.1
2024-07-08 04:40:00,CNR2293291345,Success,CID273866,Mini,Yelahanka,Magadi Road,98.0,125.0,Not Applicable,Not Applicable,No,Not Applicable,390,Cash,27,3.1,3.6
2024-07-01 22:46:00,CNR7431824342,Success,CID435073,Prime Sedan,Shivajinagar,Bellandur,140.0,65.0,Not Applicable,Not Applicable,No,Not Applicable,130,UPI,43,3.5,3.4
2024-07-30 02:19:00,CNR4093121535,Canceled by Driver,CID476564,Prime Sedan,Hosur Road,Peenya,,,Not Applicable,Customer related issue,Not Applicable,Not Applicable,919,Not Applicable,0,,
2024-07-08 19:53:00,CNR5030087362,Success,CID986574,Bike,Kengeri,Ramamurthy Nagar,238.0,135.0,Not Applicable,Not Applicable,No,Not Applicable,664,UPI,26,4.6,4.3
2024-07-13 17:01:00,CNR6336455197,Success,CID733849,Auto,Ulsoor,Chickpet,105.0,90.0,Not Applicable,Not Applicable,No,Not Applicable,231,Cash,16,3.6,4.0
2024-07-03 07:45:00,CNR9624393375,Driver Not Found,CID738210,eBike,Koramangala,Whitefield,,,Not Applicable,Not Applicable,Not Applicable,Not Applicable,392,Not Applicable,0,,
2024-07-02 05:11:00,CNR4972418185,Canceled by Driver,CID208629,Bike,Hebbal,Marathahalli,,,Not Applicable,More than permitted people in there,Not Applicable,Not Applicable,181,Not Applicable,0,,
2024-07-15 12:37:00,CNR5859634551,Canceled by Customer,CID294128,Prime Plus,Basavanagudi,Kammanahalli,,,Change of plans,Not Applicable,Not Applicable,Not Applicable,651,Not Applicable,0,,
2024-07-29 21:47:00,CNR4295951000,Success,CID395015,Prime Plus,Varthur,Shantinagar,91.0,85.0,Not Applicable,Not Applicable,No,Not Applicable,838,UPI,31,4.4,4.5
2024-07-14 06:16:00,CNR7339507093,Success,CID637163,eBike,Devanahalli,Whitefield,35.0,55.0,Not Applicable,Not Applicable,No,Not Applicable,367,UPI,27,3.3,3.5
2024-07-01 17:39:00,CNR1575237939,Canceled by Driver,CID509223,Prime Plus,Kammanahalli,Peenya,,,Not Applicable,Customer related issue,Not Applicable,Not Applicable,317,Not Applicable,0,,
2024-07-06 05:41:00,CNR3274496148,Canceled by Driver,CID646900,Prime Plus,Basavanagudi,Hebbal,,,Not Applicable,Customer related issue,Not Applicable,Not Applicable,375,Not Applicable,0,,
2024-07-29 20:16:00,CNR1625770066,Success,CID607448,Bike,HSR Layout,Bannerghatta Road,98.0,25.0,Not Applicable,Not Applicable,No,Not Applicable,277,Cash,37,3.1,3.2
2024-07-25 17:49:00,CNR8657348720,Success,CID531119,Prime SUV,Hulimavu,Shivajinagar,154.0,120.0,Not Applicable,Not Applicable,No,Not Applicable,479,UPI,34,4.7,3.2
2024-07-17 22:05:00,CNR3975334093,Canceled by Driver,CID112429,eBike,Electronic City,Cox Town,,,Not Applicable,Customer related issue,Not Applicable,Not Applicable,363,Not Applicable,0,,
2024-07-17 20:26:00,CNR9287469749,Success,CID398639,eBike,Devanahalli,Koramangala,105.0,145.0,Not Applicable,Not Applicable,No,Not Applicable,668,UPI,42,3.4,3.4
2024-07-09 02:50:00,CNR8947815830,Success,CID269698,Prime SUV,Bellandur,Indiranagar,84.0,65.0,Not Applicable,Not Applicable,No,Not Applicable,1199,Cash,37,4.2,4.6
2024-07-15 16:02:00,CNR7306683072,Canceled by Customer,CID585559,Bike,Bannerghatta Road,Ulsoor,,,Driver is not moving towards pickup location,Not Applicable,Not Applicable,Not Applicable,2786,Not Applicable,0,,
2024-07-21 00:51:00,CNR7329293542,Success,CID941250,Prime Sedan,Hennur,Shantinagar,35.0,70.0,Not Applicable,Not Applicable,No,Not Applicable,719,Cash,28,4.7,4.6
2024-07-17 15:29:00,CNR8132118505,Canceled by Driver,CID130963,Prime Sedan,Peenya,Bellandur,,,Not Applicable,Customer was coughing/sick,Not Applicable,Not Applicable,314,Not Applicable,0,,
2024-07-28 14:30:00,CNR6666083988,Success,CID366093,Prime SUV,Hebbal,Bellandur,119.0,140.0,Not Applicable,Not Applicable,No,Not Applicable,2980,UPI,44,3.7,3.3
2024-07-17 20:56:00,CNR7431377128,Success,CID350311,Bike,Frazer Town,MG Road,196.0,140.0,Not Applicable,Not Applicable,No,Not Applicable,508,UPI,34,3.9,3.7
2024-07-24 19:05:00,CNR7416182372,Success,CID645689,Bike,Tumkur Road,Frazer Town,112.0,105.0,Not Applicable,Not Applicable,No,Not Applicable,188,UPI,28,4.2,4.3
2024-07-03 18:55:00,CNR7929937249,Success,CID656604,Auto,Varthur,Chickpet,217.0,35.0,Not Applicable,Not Applicable,No,Not Applicable,132,Cash,13,4.9,3.9
2024-07-30 05:26:00,CNR2353471674,Success,CID367316,eBike,Rajarajeshwari Nagar,Rajajinagar,224.0,105.0,Not Applicable,Not Applicable,No,Not Applicable,387,UPI,41,4.7,3.6
2024-07-01 02:18:00,CNR7046763145,Canceled by Driver,CID624624,Bike,Richmond Town,MG Road,,,Not Applicable,Personal & Car related issue,Not Applicable,Not Applicable,408,Not Applicable,0,,
2024-07-10 18:30:00,CNR4461590069,Driver Not Found,CID771304,Prime SUV,Chickpet,Chamarajpet,,,Not Applicable,Not Applicable,Not Applicable,Not Applicable,468,Not Applicable,0,,
2024-07-05 01:36:00,CNR3235250850,Success,CID743658,eBike,Varthur,MG Road,161.0,135.0,Not Applicable,Not Applicable,No,Not Applicable,353,Cash,10,4.0,4.1
2024-07-24 15:28:00,CNR9781932108,Success,CID508944,eBike,Bellandur,Hennur,168.0,40.0,Not Applicable,Not Applicable,No,Not Applicable,817,Cash,29,4.9,3.9
2024-07-08 08:33:00,CNR6913625733,Driver Not Found,CID681873,Auto,Yeshwanthpur,Hulimavu,,,Not Applicable,Not Applicable,Not Applicable,Not Applicable,205,Not Applicable,0,,
2024-07-28 02:18:00,CNR5877624097,Success,CID175564,Prime Sedan,Hosur Road,Majestic,84.0,30.0,Not Applicable,Not Applicable,No,Not Applicable,137,UPI,22,3.4,3.9
2024-07-16 18:31:00,CNR3178788973,Success,CID473803,Mini,Electronic City,Malleshwaram,42.0,25.0,Not Applicable,Not Applicable,No,Not Applicable,441,UPI,42,4.6,3.3
2024-07-09 13:25:00,CNR4514414429,Success,CID378911,Prime Sedan,RT Nagar,Marathahalli,63.0,135.0,Not Applicable,Not Applicable,No,Not Applicable,2927,UPI,28,4.5,4.6
2024-07-25 04:04:00,CNR9532036293,Success,CID970923,eBike,Ramamurthy Nagar,Varthur,280.0,25.0,Not Applicable,Not Applicable,No,Not Applicable,371,Cash,16,4.2,3.0
2024-07-02 06:49:00,CNR3142010981,Success,CID165982,Bike,Jayanagar,Padmanabhanagar,112.0,50.0,Not Applicable,Not Applicable,No,Not Applicable,478,UPI,8,3.6,4.5
2024-07-12 02:11:00,CNR3889742908,Success,CID726956,Prime Sedan,Majestic,Whitefield,126.0,30.0,Not Applicable,Not Applicable,No,Not Applicable,257,Cash,25,4.2,4.8
2024-07-29 22:10:00,CNR6789472523,Success,CID635376,Bike,Vijayanagar,RT Nagar,119.0,65.0,Not Applicable,Not Applicable,No,Not Applicable,116,Cash,26,3.7,4.9
2024-07-21 16:19:00,CNR3662386888,Canceled by Customer,CID175254,Mini,Electronic City,Varthur,,,Driver asked to cancel,Not Applicable,Not Applicable,Not Applicable,370,Not Applicable,0,,
2024-07-29 02:54:00,CNR3262035493,Success,CID971388,Prime SUV,Majestic,Varthur,308.0,70.0,Not Applicable,Not Applicable,No,Not Applicable,285,Cash,18,4.9,5.0
2024-07-11 05:43:00,CNR5397815519,Success,CID410021,Bike,Sahakar Nagar,Richmond Town,112.0,25.0,Not Applicable,Not Applicable,No,Not Applicable,729,UPI,1,5.0,3.8
2024-07-22 04:31:00,CNR3314268611,Success,CID184797,Mini,BTM Layout,Peenya,266.0,45.0,Not Applicable,Not Applicable,No,Not Applicable,918,UPI,2,3.9,4.6
2024-07-30 21:10:00,CNR4256949566,Success,CID672797,Bike,Hebbal,Yelahanka,196.0,95.0,Not Applicable,Not Applicable,No,Not Applicable,261,Cash,47,3.3,3.2
2024-07-24 19:39:00,CNR6112903489,Success,CID567359,Mini,Shivajinagar,Kammanahalli,280.0,45.0,Not Applicable,Not Applicable,No,Not Applicable,215,UPI,42,3.2,3.5
2024-07-01 03:40:00,CNR7808060491,Success,CID399955,Bike,Devanahalli,Ulsoor,49.0,40.0,Not Applicable,Not Applicable,No,Not Applicable,2704,Cash,12,3.5,4.4
2024-07-20 07:31:00,CNR9006624582,Success,CID243361,Mini,Ulsoor,Hebbal,196.0,100.0,Not Applicable,Not Applicable,No,Not Applicable,314,Debit Card,27,4.6,3.9
2024-07-02 12:05:00,CNR4806312610,Success,CID245005,Prime SUV,Ulsoor,Padmanabhanagar,63.0,120.0,Not Applicable,Not Applicable,No,Not Applicable,456,UPI,4,3.7,4.4
2024-07-08 21:48:00,CNR7705893476,Success,CID907655,Prime Sedan,JP Nagar,Marathahalli,56.0,145.0,Not Applicable,Not Applicable,No,Not Applicable,801,UPI,13,3.3,3.2
2024-07-12 05:40:00,CNR1186424293,Success,CID857572,Prime Sedan,KR Puram,Koramangala,63.0,90.0,Not Applicable,Not Applicable,No,Not Applicable,255,Cash,46,3.6,4.3
2024-07-22 05:49:00,CNR6246331358,Success,CID691149,Prime Sedan,Shantinagar,Kadugodi,161.0,85.0,Not Applicable,Not Applicable,No,Not Applicable,499,Cash,12,3.8,3.2
2024-07-28 06:54:00,CNR1172710286,Canceled by Customer,CID586356,Prime SUV,Hennur,HSR Layout,,,AC is Not working,Not Applicable,Not Applicable,Not Applicable,258,Not Applicable,0,,
2024-07-28 07:58:00,CNR4221423860,Driver Not Found,CID679145,eBike,Whitefield,Whitefield,,,Not Applicable,Not Applicable,Not Applicable,Not Applicable,402,Not Applicable,0,,
2024-07-30 00:30:00,CNR3969911164,Success,CID163786,Prime Sedan,Basavanagudi,Nagarbhavi,294.0,80.0,Not Applicable,Not Applicable,No,Not Applicable,674,Cash,1,3.5,3.5
2024-07-02 13:45:00,CNR7332222781,Success,CID760190,eBike,Bellandur,Devanahalli,182.0,125.0,Not Applicable,Not Applicable,No,Not Applicable,154,Cash,24,3.1,4.5
2024-07-22 14:28:00,CNR9776452737,Canceled by Driver,CID366978,Prime SUV,Koramangala,Kadugodi,,,Not Applicable,Customer related issue,Not Applicable,Not Applicable,513,Not Applicable,0,,
2024-07-11 14:13:00,CNR6648030097,Success,CID552933,Bike,Langford Town,Langford Town,301.0,85.0,Not Applicable,Not Applicable,No,Not Applicable,208,UPI,8,4.3,4.0
2024-07-28 19:09:00,CNR4509221335,Canceled by Customer,CID412073,Prime Sedan,HSR Layout,Hennur,,,Driver asked to cancel,Not Applicable,Not Applicable,Not Applicable,788,Not Applicable,0,,
2024-07-30 05:45:00,CNR4810354022,Success,CID687240,Auto,BTM Layout,JP Nagar,42.0,120.0,Not Applicable,Not Applicable,No,Not Applicable,225,UPI,11,3.2,4.5
2024-07-17 10:42:00,CNR3001427536,Success,CID120718,Prime Sedan,Shivajinagar,Bellandur,259.0,35.0,Not Applicable,Not Applicable,No,Not Applicable,2113,Cash,24,3.2,4.0
2024-07-23 00:54:00,CNR4042368923,Driver Not Found,CID869181,Bike,Hebbal,Hennur,,,Not Applicable,Not Applicable,Not Applicable,Not Applicable,171,Not Applicable,0,,
2024-07-21 05:26:00,CNR9605802658,Success,CID844134,eBike,Whitefield,Banashankari,140.0,90.0,Not Applicable,Not Applicable,Yes,Vehicle Breakdown,421,UPI,19,4.3,4.0
2024-07-05 00:54:00,CNR8309124587,Success,CID567870,eBike,Yelahanka,Magadi Road,196.0,55.0,Not Applicable,Not Applicable,Yes,Customer Demand,476,Cash,49,4.4,4.1
2024-07-13 14:35:00,CNR2924838475,Success,CID193517,Auto,Bannerghatta Road,Kadugodi,231.0,65.0,Not Applicable,Not Applicable,No,Not Applicable,726,Cash,10,3.7,4.9
2024-07-25 11:10:00,CNR1537902730,Success,CID362613,Auto,Whitefield,Devanahalli,112.0,95.0,Not Applicable,Not Applicable,No,Not Applicable,387,Cash,12,4.6,5.0
2024-07-27 08:09:00,CNR5126241454,Driver Not Found,CID521222,eBike,RT Nagar,Shivajinagar,,,Not Applicable,Not Applicable,Not Applicable,Not Applicable,1733,Not Applicable,0,,
2024-07-29 06:55:00,CNR8213132812,Canceled by Customer,CID899557,Prime Sedan,Indiranagar,Ramamurthy Nagar,,,Change of plans,Not Applicable,Not Applicable,Not Applicable,117,Not Applicable,0,,
2024-07-29 21:20:00,CNR9481778436,Success,CID569925,Prime Plus,Nagarbhavi,Chamarajpet,84.0,115.0,Not Applicable,Not Applicable,No,Not Applicable,237,Cash,15,4.8,4.7
2024-07-27 14:39:00,CNR6280906701,Success,CID825041,eBike,Hosur Road,Vijayanagar,42.0,60.0,Not Applicable,Not Applicable,No,Not Applicable,638,Cash,15,3.8,4.1
2024-07-08 20:01:00,CNR4557661098,Canceled by Customer,CID326909,Bike,Rajajinagar,Sahakar Nagar,,,Driver asked to cancel,Not Applicable,Not Applicable,Not Applicable,226,Not Applicable,0,,
2024-07-02 07:55:00,CNR1423833124,Success,CID111989,Prime Sedan,Hennur,Bellandur,154.0,120.0,Not Applicable,Not Applicable,No,Not Applicable,820,UPI,42,4.4,4.3
2024-07-21 13:20:00,CNR3507286102,Canceled by Customer,CID716442,Mini,Rajarajeshwari Nagar,Hulimavu,,,AC is Not working,Not Applicable,Not Applicable,Not Applicable,550,Not Applicable,0,,
2024-07-27 03:04:00,CNR4121167154,Canceled by Driver,CID307556,Bike,Kengeri,Shivajinagar,,,Not Applicable,Customer was coughing/sick,Not Applicable,Not Applicable,152,Not Applicable,0,,
2024-07-04 12:26:00,CNR7246912672,Driver Not Found,CID749427,Prime SUV,Majestic,Jayanagar,,,Not Applicable,Not Applicable,Not Applicable,Not Applicable,348,Not Applicable,0,,
2024-07-23 21:22:00,CNR1918200658,Canceled by Customer,CID521236,Auto,Majestic,Hosur Road,,,Driver is not moving towards pickup location,Not Applicable,Not Applicable,Not Applicable,319,Not Applicable,0,,
2024-07-30 02:23:00,CNR4255653123,Success,CID688732,Bike,Ulsoor,Shantinagar,35.0,75.0,Not Applicable,Not Applicable,No,Not Applicable,496,Cash,12,3.7,4.1
2024-07-14 04:23:00,CNR8836731766,Driver Not Found,CID369806,Prime Plus,Ulsoor,Varthur,,,Not Applicable,Not Applicable,Not Applicable,Not Applicable,2354,Not Applicable,0,,
2024-07-06 02:23:00,CNR7308788196,Driver Not Found,CID337370,Prime Plus,RT Nagar,KR Puram,,,Not Applicable,Not Applicable,Not Applicable,Not Applicable,219,Not Applicable,0,,
2024-07-23 09:57:00,CNR2067387171,Success,CID406596,Prime Sedan,Rajajinagar,Ramamurthy Nagar,112.0,60.0,Not Applicable,Not Applicable,No,Not Applicable,278,Cash,49,3.4,3.6
2024-07-12 00:38:00,CNR2201066170,Success,CID177406,Bike,Tumkur Road,Indiranagar,133.0,55.0,Not Applicable,Not Applicable,No,Not Applicable,255,Cash,24,4.0,3.9
2024-07-25 02:41:00,CNR1697320775,Canceled by Driver,CID213588,eBike,KR Puram,Rajajinagar,,,Not Applicable,Customer was coughing/sick,Not Applicable,Not Applicable,145,Not Applicable,0,,
2024-07-28 05:04:00,CNR4545803197,Success,CID596279,Mini,Yelahanka,Indiranagar,280.0,60.0,Not Applicable,Not Applicable,No,Not Applicable,240,Credit Card,31,3.9,3.4
2024-07-10 07:00:00,CNR9472472242,Success,CID508546,Auto,Shantinagar,Majestic,161.0,30.0,Not Applicable,Not Applicable,Yes,Customer Demand,563,UPI,2,3.8,4.1
2024-07-16 02:48:00,CNR4825863263,Success,CID898640,Prime Sedan,Shantinagar,Bannerghatta Road,168.0,110.0,Not Applicable,Not Applicable,No,Not Applicable,262,Credit Card,34,3.4,3.8
2024-07-02 10:29:00,CNR4203711953,Canceled by Driver,CID369259,eBike,Ulsoor,Basavanagudi,,,Not Applicable,Personal & Car related issue,Not Applicable,Not Applicable,185,Not Applicable,0,,
2024-07-30 10:17:00,CNR7664279296,Canceled by Customer,CID389079,Prime SUV,Basavanagudi,Majestic,,,Change of plans,Not Applicable,Not Applicable,Not Applicable,405,Not Applicable,0,,
2024-07-16 04:27:00,CNR5636420452,Success,CID446311,Prime Sedan,Hulimavu,Shivajinagar,287.0,135.0,Not Applicable,Not Applicable,No,Not Applicable,796,Cash,7,4.1,3.3
2024-07-07 19:44:00,CNR4260704434,Success,CID624791,Mini,Basavanagudi,Yeshwanthpur,294.0,50.0,Not Applicable,Not Applicable,No,Not Applicable,157,UPI,46,4.8,3.2
2024-07-20 17:45:00,CNR6655363352,Success,CID497132,Mini,BTM Layout,Rajarajeshwari Nagar,112.0,30.0,Not Applicable,Not Applicable,Yes,Vehicle Breakdown,1985,Cash,26,4.5,3.6
2024-07-02 01:41:00,CNR8622994030,Driver Not Found,CID967521,Auto,Chamarajpet,Hosur Road,,,Not Applicable,Not Applicable,Not Applicable,Not Applicable,212,Not Applicable,0,,
2024-07-22 03:52:00,CNR1004263482,Canceled by Customer,CID791431,Bike,Marathahalli,Kammanahalli,,,Wrong Address,Not Applicable,Not Applicable,Not Applicable,313,Not Applicable,0,,
2024-07-03 00:06:00,CNR7922988532,Driver Not Found,CID985264,eBike,Malleshwaram,Basavanagudi,,,Not Applicable,Not Applicable,Not Applicable,Not Applicable,111,Not Applicable,0,,
2024-07-09 01:31:00,CNR9677047447,Canceled by Driver,CID351084,Mini,Shantinagar,Langford Town,,,Not Applicable,Customer was coughing/sick,Not Applicable,Not Applicable,173,Not Applicable,0,,
2024-07-18 00:34:00,CNR7085381650,Success,CID119950,eBike,Electronic City,Hebbal,77.0,115.0,Not Applicable,Not Applicable,No,Not Applicable,499,Cash,4,3.8,4.7
2024-07-06 19:12:00,CNR2257669017,Success,CID991478,Prime SUV,Bannerghatta Road,Bannerghatta Road,84.0,80.0,Not Applicable,Not Applicable,No,Not Applicable,121,Cash,35,3.8,4.8
2024-07-18 02:41:00,CNR8860679769,Canceled by Customer,CID539106,Prime SUV,Shivajinagar,Kammanahalli,,,Wrong Address,Not Applicable,Not Applicable,Not Applicable,577,Not Applicable,0,,
2024-07-17 19:44:00,CNR3226409944,Success,CID200782,Mini,Ulsoor,Kammanahalli,175.0,130.0,Not Applicable,Not Applicable,No,Not Applicable,1696,Cash,3,3.5,4.5
2024-07-14 18:47:00,CNR6493860464,Success,CID777149,Prime SUV,Devanahalli,Marathahalli,280.0,55.0,Not Applicable,Not Applicable,No,Not Applicable,204,UPI,41,3.4,3.3
2024-07-02 14:41:00,CNR8160603048,Canceled by Customer,CID574261,Auto,Shantinagar,Magadi Road,,,Driver asked to cancel,Not Applicable,Not Applicable,Not Applicable,895,Not Applicable,0,,
2024-07-27 20:09:00,CNR5525583060,Success,CID589240,Bike,BTM Layout,Padmanabhanagar,98.0,65.0,Not Applicable,Not Applicable,Yes,Vehicle Breakdown,507,Cash,34,3.2,3.4
2024-07-30 06:18:00,CNR3307636070,Success,CID472130,eBike,Kammanahalli,BTM Layout,140.0,115.0,Not Applicable,Not Applicable,No,Not Applicable,432,Cash,5,4.4,4.8
2024-07-09 02:21:00,CNR2895028657,Success,CID418372,Mini,Padmanabhanagar,Chickpet,287.0,135.0,Not Applicable,Not Applicable,No,Not Applicable,222,UPI,48,4.9,3.1
2024-07-19 14:54:00,CNR6462471854,Canceled by Customer,CID888305,eBike,Chamarajpet,Electronic City,,,Driver is not moving towards pickup location,Not Applicable,Not Applicable,Not Applicable,216,Not Applicable,0,,
2024-07-13 14:35:00,CNR4743412252,Success,CID975514,Prime SUV,JP Nagar,Vijayanagar,154.0,115.0,Not Applicable,Not Applicable,No,Not Applicable,226,UPI,47,3.1,4.0
2024-07-24 00:34:00,CNR9793181296,Canceled by Driver,CID270050,Bike,Hulimavu,Jayanagar,,,Not Applicable,Personal & Car related issue,Not Applicable,Not Applicable,366,Not Applicable,0,,
2024-07-30 05:13:00,CNR9639869948,Success,CID296512,Mini,Majestic,Vijayanagar,189.0,130.0,Not Applicable,Not Applicable,No,Not Applicable,671,Cash,35,3.2,3.0
2024-07-01 15:44:00,CNR5411085025,Success,CID712230,Auto,KR Puram,Hebbal,259.0,65.0,Not Applicable,Not Applicable,No,Not Applicable,900,Cash,19,3.2,3.5
2024-07-05 09:45:00,CNR1864438679,Canceled by Driver,CID100871,Mini,Peenya,Bannerghatta Road,,,Not Applicable,More than permitted people in there,Not Applicable,Not Applicable,304,Not Applicable,0,,
2024-07-01 13:09:00,CNR4279004439,Success,CID640955,eBike,Nagarbhavi,Electronic City,91.0,70.0,Not Applicable,Not Applicable,No,Not Applicable,499,Cash,27,4.8,4.7
2024-07-07 05:22:00,CNR6018692933,Success,CID662340,Prime Sedan,Cox Town,Basavanagudi,224.0,135.0,Not Applicable,Not Applicable,No,Not Applicable,194,Cash,46,3.7,3.7
2024-07-30 04:01:00,CNR5134934399,Success,CID877538,Prime Plus,Vijayanagar,Ulsoor,168.0,105.0,Not Applicable,Not Applicable,No,Not Applicable,844,UPI,22,4.4,4.7
2024-07-16 08:40:00,CNR3808638666,Canceled by Driver,CID635091,Prime SUV,JP Nagar,Padmanabhanagar,,,Not Applicable,Personal & Car related issue,Not Applicable,Not Applicable,334,Not Applicable,0,,
2024-07-03 10:39:00,CNR7688296867,Success,CID887901,Auto,Hebbal,Mysore Road,154.0,115.0,Not Applicable,Not Applicable,No,Not Applicable,394,Cash,17,4.3,4.6
2024-07-17 10:28:00,CNR5021456861,Success,CID863183,Prime SUV,Sahakar Nagar,Cox Town,63.0,100.0,Not Applicable,Not Applicable,No,Not Applicable,697,Cash,19,4.8,4.8
2024-07-01 17:23:00,CNR5259480625,Success,CID459962,Prime Plus,Varthur,Yelahanka,98.0,110.0,Not Applicable,Not Applicable,No,Not Applicable,479,UPI,40,4.6,3.4
2024-07-16 12:22:00,CNR5756775056,Driver Not Found,CID890482,Prime SUV,Ramamurthy Nagar,Yelahanka,,,Not Applicable,Not Applicable,Not Applicable,Not Applicable,220,Not Applicable,0,,
2024-07-18 00:20:00,CNR2608566436,Canceled by Driver,CID859487,eBike,Bannerghatta Road,KR Puram,,,Not Applicable,Personal & Car related issue,Not Applicable,Not Applicable,413,Not Applicable,0,,
2024-07-05 06:33:00,CNR9270321833,Success,CID700759,Bike,Chickpet,Peenya,70.0,60.0,Not Applicable,Not Applicable,No,Not Applicable,1286,Cash,32,3.6,4.4
2024-07-14 10:22:00,CNR2551322903,Success,CID170828,Prime Plus,RT Nagar,Kammanahalli,217.0,35.0,Not Applicable,Not Applicable,No,Not Applicable,352,UPI,23,4.3,4.2
2024-07-08 03:24:00,CNR4301624501,Success,CID287077,Mini,Basavanagudi,Electronic City,175.0,85.0,Not Applicable,Not Applicable,No,Not Applicable,666,UPI,6,3.9,3.5
2024-07-21 13:47:00,CNR4832968549,Driver Not Found,CID951271,Prime SUV,Koramangala,Yeshwanthpur,,,Not Applicable,Not Applicable,Not Applicable,Not Applicable,191,Not Applicable,0,,
2024-07-06 22:09:00,CNR6872143745,Success,CID435646,Auto,Electronic City,Rajarajeshwari Nagar,294.0,60.0,Not Applicable,Not Applicable,No,Not Applicable,750,Cash,5,4.0,4.3
2024-07-27 07:53:00,CNR8533450913,Success,CID673001,eBike,Chamarajpet,Koramangala,308.0,130.0,Not Applicable,Not Applicable,No,Not Applicable,465,Cash,1,3.9,3.1
2024-07-18 09:51:00,CNR7363912804,Success,CID687874,Bike,Chamarajpet,Rajarajeshwari Nagar,203.0,105.0,Not Applicable,Not Applicable,No,Not Applicable,975,UPI,11,4.9,3.7
2024-07-14 06:29:00,CNR8402920711,Success,CID815901,Prime Sedan,HSR Layout,Padmanabhanagar,189.0,130.0,Not Applicable,Not Applicable,No,Not Applicable,438,Cash,36,4.5,3.7
2024-07-15 13:13:00,CNR6332575207,Success,CID107496,Prime Plus,Kengeri,Frazer Town,175.0,90.0,Not Applicable,Not Applicable,No,Not Applicable,423,UPI,7,3.6,3.8
2024-07-01 06:00:00,CNR7412441375,Canceled by Driver,CID604287,Prime SUV,Shivajinagar,Basavanagudi,,,Not Applicable,Personal & Car related issue,Not Applicable,Not Applicable,1380,Not Applicable,0,,
2024-07-10 08:54:00,CNR3533000697,Success,CID643780,Prime SUV,Basavanagudi,Electronic City,259.0,90.0,Not Applicable,Not Applicable,No,Not Applicable,486,UPI,14,3.7,3.8
2024-07-01 10:16:00,CNR7692757797,Success,CID796887,Mini,Yeshwanthpur,Sarjapur Road,273.0,35.0,Not Applicable,Not Applicable,No,Not Applicable,167,Cash,38,4.6,4.1
2024-07-04 13:38:00,CNR3827923753,Canceled by Customer,CID932761,Prime Sedan,Malleshwaram,Varthur,,,AC is Not working,Not Applicable,Not Applicable,Not Applicable,429,Not Applicable,0,,
2024-07-26 21:35:00,CNR8249176743,Success,CID408168,Prime Plus,Shantinagar,Chickpet,196.0,45.0,Not Applicable,Not Applicable,No,Not Applicable,359,Cash,32,3.6,3.6
2024-07-22 22:42:00,CNR1519811889,Success,CID598564,Prime Sedan,Chickpet,Sarjapur Road,70.0,30.0,Not Applicable,Not Applicable,Yes,Customer Demand,375,UPI,2,5.0,4.3
2024-07-28 14:28:00,CNR4117437680,Canceled by Customer,CID890870,Mini,MG Road,Richmond Town,,,Driver asked to cancel,Not Applicable,Not Applicable,Not Applicable,111,Not Applicable,0,,
2024-07-10 15:56:00,CNR4581133745,Canceled by Driver,CID377348,Bike,Varthur,Kadugodi,,,Not Applicable,Customer was coughing/sick,Not Applicable,Not Applicable,148,Not Applicable,0,,
2024-07-28 19:21:00,CNR7027626059,Success,CID537869,eBike,MG Road,Majestic,140.0,35.0,Not Applicable,Not Applicable,No,Not Applicable,638,Cash,20,4.9,4.9
2024-07-25 11:15:00,CNR3328191888,Success,CID211604,Mini,Hebbal,Sarjapur Road,273.0,145.0,Not Applicable,Not Applicable,No,Not Applicable,998,UPI,28,3.1,4.8
2024-07-20 04:31:00,CNR1450261075,Success,CID328891,eBike,Cox Town,Hulimavu,308.0,135.0,Not Applicable,Not Applicable,Yes,Customer Demand,337,Cash,24,3.6,3.7
2024-07-28 02:30:00,CNR3465579424,Success,CID294388,Auto,Kammanahalli,Shivajinagar,231.0,125.0,Not Applicable,Not Applicable,No,Not Applicable,949,Cash,18,4.2,4.3
2024-07-20 08:31:00,CNR7122768735,Success,CID156497,eBike,Kammanahalli,Rajarajeshwari Nagar,91.0,50.0,Not Applicable,Not Applicable,No,Not Applicable,834,Cash,31,4.7,4.0
2024-07-08 04:08:00,CNR4035227248,Success,CID671407,Mini,Kadugodi,Malleshwaram,287.0,140.0,Not Applicable,Not Applicable,No,Not Applicable,1599,UPI,36,5.0,4.6
2024-07-26 03:11:00,CNR6004420690,Canceled by Customer,CID225353,Bike,Varthur,Kengeri,,,Driver is not moving towards pickup location,Not Applicable,Not Applicable,Not Applicable,125,Not Applicable,0,,
2024-07-30 20:42:00,CNR6844585016,Success,CID713322,Prime SUV,BTM Layout,Shantinagar,161.0,115.0,Not Applicable,Not Applicable,No,Not Applicable,191,Cash,6,4.0,4.5
2024-07-09 18:14:00,CNR4294068482,Success,CID576829,Prime SUV,Tumkur Road,Electronic City,231.0,115.0,Not Applicable,Not Applicable,No,Not Applicable,436,Cash,40,3.5,4.9
2024-07-11 20:34:00,CNR8077649110,Success,CID533134,Auto,Whitefield,Mysore Road,294.0,45.0,Not Applicable,Not Applicable,No,Not Applicable,146,UPI,12,4.1,4.8
2024-07-05 05:10:00,CNR6535835838,Success,CID156459,Bike,Basavanagudi,Tumkur Road,238.0,135.0,Not Applicable,Not Applicable,No,Not Applicable,502,UPI,27,4.2,3.3
2024-07-23 04:05:00,CNR4464435593,Success,CID433000,Bike,Basavanagudi,Devanahalli,105.0,55.0,Not Applicable,Not Applicable,No,Not Applicable,317,UPI,28,4.6,3.8
2024-07-10 15:47:00,CNR3904721962,Success,CID225319,eBike,MG Road,Chamarajpet,252.0,125.0,Not Applicable,Not Applicable,No,Not Applicable,343,UPI,1,3.9,3.2
2024-07-08 06:44:00,CNR5262083417,Success,CID998935,Prime Plus,Kadugodi,Rajarajeshwari Nagar,56.0,95.0,Not Applicable,Not Applicable,No,Not Applicable,660,Cash,40,4.1,3.8
2024-07-22 10:53:00,CNR3671220058,Canceled by Driver,CID600973,Prime SUV,Hulimavu,Shantinagar,,,Not Applicable,Customer related issue,Not Applicable,Not Applicable,804,Not Applicable,0,,
2024-07-28 15:02:00,CNR7463882450,Success,CID603949,Bike,JP Nagar,Kadugodi,126.0,40.0,Not Applicable,Not Applicable,No,Not Applicable,2255,UPI,23,4.1,3.1
2024-07-08 09:59:00,CNR1007292219,Success,CID885585,Bike,Tumkur Road,Rajarajeshwari Nagar,112.0,75.0,Not Applicable,Not Applicable,No,Not Applicable,390,Cash,35,3.2,3.9
2024-07-30 19:34:00,CNR5085673008,Driver Not Found,CID159851,Prime Plus,Tumkur Road,JP Nagar,,,Not Applicable,Not Applicable,Not Applicable,Not Applicable,210,Not Applicable,0,,
2024-07-27 08:05:00,CNR5319994944,Success,CID791751,Prime SUV,Marathahalli,Cox Town,70.0,95.0,Not Applicable,Not Applicable,No,Not Applicable,359,Cash,44,3.6,3.2
2024-07-11 09:24:00,CNR8386398216,Canceled by Customer,CID227604,Mini,Mysore Road,Padmanabhanagar,,,Driver asked to cancel,Not Applicable,Not Applicable,Not Applicable,569,Not Applicable,0,,
2024-07-30 09:13:00,CNR6757186054,Canceled by Driver,CID424094,Prime Plus,Cox Town,Vijayanagar,,,Not Applicable,Customer related issue,Not Applicable,Not Applicable,105,Not Applicable,0,,
2024-07-15 04:53:00,CNR4850903880,Success,CID618488,Auto,Padmanabhanagar,Tumkur Road,147.0,130.0,Not Applicable,Not Applicable,No,Not Applicable,2953,UPI,5,3.7,3.6
2024-07-30 06:43:00,CNR7055151450,Success,CID654418,Mini,Vijayanagar,Koramangala,224.0,80.0,Not Applicable,Not Applicable,No,Not Applicable,300,Credit Card,22,3.5,3.7
2024-07-12 13:44:00,CNR2907833393,Canceled by Customer,CID783725,Prime SUV,Koramangala,Frazer Town,,,Driver is not moving towards pickup location,Not Applicable,Not Applicable,Not Applicable,119,Not Applicable,0,,
2024-07-23 17:45:00,CNR9968940146,Success,CID391956,Prime SUV,Hulimavu,Padmanabhanagar,126.0,105.0,Not Applicable,Not Applicable,No,Not Applicable,254,Cash,21,3.0,4.0
2024-07-03 13:46:00,CNR9736271825,Success,CID487322,Prime SUV,Varthur,Basavanagudi,217.0,80.0,Not Applicable,Not Applicable,No,Not Applicable,155,Cash,36,4.3,4.0
2024-07-21 04:09:00,CNR9676163951,Canceled by Driver,CID716307,Mini,RT Nagar,Richmond Town,,,Not Applicable,Customer related issue,Not Applicable,Not Applicable,389,Not Applicable,0,,
2024-07-12 01:10:00,CNR7825682164,Driver Not Found,CID703040,Auto,Whitefield,Hebbal,,,Not Applicable,Not Applicable,Not Applicable,Not Applicable,496,Not Applicable,0,,
2024-07-03 23:47:00,CNR7400117934,Success,CID193011,Prime Sedan,Vijayanagar,Chamarajpet,210.0,130.0,Not Applicable,Not Applicable,No,Not Applicable,236,UPI,38,4.1,4.8
2024-07-13 22:45:00,CNR5174321676,Driver Not Found,CID687237,Bike,JP Nagar,BTM Layout,,,Not Applicable,Not Applicable,Not Applicable,Not Applicable,699,Not Applicable,0,,
2024-07-01 21:36:00,CNR1058773900,Success,CID265851,Auto,Jayanagar,Bannerghatta Road,196.0,65.0,Not Applicable,Not Applicable,Yes,Customer Demand,303,UPI,5,4.0,3.9
2024-07-15 08:17:00,CNR1590930099,Canceled by Driver,CID891306,Prime SUV,Frazer Town,Whitefield,,,Not Applicable,Customer was coughing/sick,Not Applicable,Not Applicable,217,Not Applicable,0,,
2024-07-16 11:20:00,CNR4991890399,Success,CID125771,Prime SUV,Malleshwaram,Ulsoor,182.0,90.0,Not Applicable,Not Applicable,No,Not Applicable,386,Cash,27,3.9,3.1
2024-07-21 20:53:00,CNR2358013720,Success,CID211395,Bike,Hulimavu,Hosur Road,77.0,80.0,Not Applicable,Not Applicable,Yes,Vehicle Breakdown,163,Cash,29,4.2,4.7
2024-07-20 03:27:00,CNR2958933256,Canceled by Customer,CID457331,Bike,Frazer Town,Vijayanagar,,,Driver is not moving towards pickup location,Not Applicable,Not Applicable,Not Applicable,159,Not Applicable,0,,
2024-07-24 04:20:00,CNR7859288857,Success,CID791701,eBike,Peenya,Mysore Road,63.0,75.0,Not Applicable,Not Applicable,No,Not Applicable,440,UPI,13,3.1,3.2
2024-07-06 03:54:00,CNR5909744174,Success,CID845956,eBike,HSR Layout,Peenya,119.0,25.0,Not Applicable,Not Applicable,No,Not Applicable,235,Cash,28,3.8,3.0
2024-07-12 08:31:00,CNR8420497694,Driver Not Found,CID567709,Bike,Indiranagar,Vijayanagar,,,Not Applicable,Not Applicable,Not Applicable,Not Applicable,2127,Not Applicable,0,,
2024-07-22 04:57:00,CNR7686228247,Canceled by Customer,CID598519,Bike,Mysore Road,Shantinagar,,,Driver asked to cancel,Not Applicable,Not Applicable,Not Applicable,225,Not Applicable,0,,
2024-07-19 11:00:00,CNR1401459596,Success,CID463328,eBike,Jayanagar,Whitefield,301.0,30.0,Not Applicable,Not Applicable,No,Not Applicable,2250,UPI,22,4.1,4.6
2024-07-29 21:13:00,CNR6655386446,Success,CID469575,eBike,Shantinagar,Basavanagudi,224.0,125.0,Not Applicable,Not Applicable,Yes,Customer Demand,184,Debit Card,33,4.5,4.8
2024-07-17 02:55:00,CNR2269011648,Driver Not Found,CID373856,Bike,RT Nagar,Magadi Road,,,Not Applicable,Not Applicable,Not Applicable,Not Applicable,741,Not Applicable,0,,
2024-07-24 15:34:00,CNR2472052171,Driver Not Found,CID610377,Mini,Majestic,Koramangala,,,Not Applicable,Not Applicable,Not Applicable,Not Applicable,341,Not Applicable,0,,
2024-07-09 10:06:00,CNR8917721255,Success,CID488828,Prime Sedan,RT Nagar,Banashankari,126.0,95.0,Not Applicable,Not Applicable,No,Not Applicable,2868,UPI,41,4.8,4.4
2024-07-29 20:38:00,CNR4471717296,Canceled by Driver,CID172656,Prime SUV,Langford Town,RT Nagar,,,Not Applicable,Personal & Car related issue,Not Applicable,Not Applicable,359,Not Applicable,0,,
2024-07-14 02:40:00,CNR6166024624,Canceled by Driver,CID282660,Prime Plus,Indiranagar,Indiranagar,,,Not Applicable,Customer was coughing/sick,Not Applicable,Not Applicable,862,Not Applicable,0,,
2024-07-23 11:10:00,CNR3689300647,Canceled by Driver,CID548819,Prime Plus,RT Nagar,Bellandur,,,Not Applicable,Customer related issue,Not Applicable,Not Applicable,378,Not Applicable,0,,
2024-07-14 23:30:00,CNR8990112380,Success,CID777942,Auto,Koramangala,Padmanabhanagar,245.0,120.0,Not Applicable,Not Applicable,No,Not Applicable,172,Cash,8,3.6,3.2
2024-07-14 21:32:00,CNR3992725406,Canceled by Customer,CID929432,Bike,Hulimavu,Marathahalli,,,Driver asked to cancel,Not Applicable,Not Applicable,Not Applicable,1997,Not Applicable,0,,
2024-07-12 09:21:00,CNR5670349455,Success,CID705400,Bike,RT Nagar,Rajajinagar,196.0,100.0,Not Applicable,Not Applicable,No,Not Applicable,303,Cash,9,3.6,3.4
2024-07-16 14:34:00,CNR5417312007,Success,CID388331,Prime SUV,Chickpet,Yeshwanthpur,140.0,130.0,Not Applicable,Not Applicable,No,Not Applicable,423,Cash,6,4.4,3.7
2024-07-12 12:10:00,CNR5186978296,Canceled by Driver,CID793614,Prime Sedan,Richmond Town,Chamarajpet,,,Not Applicable,Customer related issue,Not Applicable,Not Applicable,277,Not Applicable,0,,
2024-07-09 08:30:00,CNR6123695079,Success,CID558688,Prime Plus,Langford Town,Rajarajeshwari Nagar,280.0,145.0,Not Applicable,Not Applicable,No,Not Applicable,998,UPI,44,3.9,4.0
2024-07-01 05:28:00,CNR8989394773,Canceled by Driver,CID328598,Prime Plus,Padmanabhanagar,Banashankari,,,Not Applicable,Personal & Car related issue,Not Applicable,Not Applicable,577,Not Applicable,0,,
2024-07-08 21:06:00,CNR1745178731,Success,CID411729,eBike,Magadi Road,Bellandur,112.0,125.0,Not Applicable,Not Applicable,No,Not Applicable,367,UPI,25,3.7,3.9
2024-07-27 17:27:00,CNR7489127267,Success,CID115567,Mini,Hebbal,Mysore Road,196.0,25.0,Not Applicable,Not Applicable,No,Not Applicable,438,Cash,23,3.6,4.0
2024-07-04 04:41:00,CNR7899413102,Success,CID780684,Mini,Hulimavu,Tumkur Road,182.0,125.0,Not Applicable,Not Applicable,No,Not Applicable,196,UPI,11,3.1,4.0
2024-07-11 18:35:00,CNR7699085243,Success,CID566167,Prime Plus,Hosur Road,Padmanabhanagar,308.0,60.0,Not Applicable,Not Applicable,No,Not Applicable,436,UPI,26,4.1,4.3
2024-07-18 03:30:00,CNR7983791054,Success,CID990559,Bike,Shivajinagar,KR Puram,161.0,115.0,Not Applicable,Not Applicable,No,Not Applicable,1072,Cash,19,3.7,4.2
2024-07-08 08:38:00,CNR5026251767,Canceled by Driver,CID970441,Prime Sedan,Hennur,JP Nagar,,,Not Applicable,Customer related issue,Not Applicable,Not Applicable,256,Not Applicable,0,,
2024-07-27 15:55:00,CNR5119264019,Success,CID342805,Auto,MG Road,Yelahanka,56.0,40.0,Not Applicable,Not Applicable,Yes,Other Issue,436,UPI,10,4.2,3.4
2024-07-21 09:13:00,CNR8622175406,Driver Not Found,CID722708,Prime Plus,Sarjapur Road,Whitefield,,,Not Applicable,Not Applicable,Not Applicable,Not Applicable,582,Not Applicable,0,,
2024-07-08 22:12:00,CNR3642296019,Canceled by Driver,CID186427,Prime Plus,Koramangala,JP Nagar,,,Not Applicable,Customer related issue,Not Applicable,Not Applicable,436,Not Applicable,0,,
2024-07-20 11:23:00,CNR4423414095,Success,CID133849,Prime Plus,HSR Layout,Hebbal,168.0,135.0,Not Applicable,Not Applicable,No,Not Applicable,901,UPI,27,4.3,3.3
2024-07-24 05:39:00,CNR9270962147,Success,CID913023,Prime Sedan,Yelahanka,Whitefield,56.0,140.0,Not Applicable,Not Applicable,No,Not Applicable,225,Cash,9,4.2,3.8
2024-07-08 23:11:00,CNR9900320473,Success,CID584163,Bike,KR Puram,Shantinagar,189.0,140.0,Not Applicable,Not Applicable,No,Not Applicable,896,UPI,34,3.7,3.7
2024-07-17 20:05:00,CNR5815395420,Success,CID474521,Prime Plus,Yeshwanthpur,Peenya,196.0,35.0,Not Applicable,Not Applicable,No,Not Applicable,262,Cash,13,4.2,4.3
2024-07-15 02:24:00,CNR6200723816,Success,CID476214,Auto,RT Nagar,Devanahalli,259.0,140.0,Not Applicable,Not Applicable,No,Not Applicable,256,UPI,13,4.3,3.8
2024-07-13 05:40:00,CNR5580427200,Canceled by Driver,CID602474,Auto,Jayanagar,KR Puram,,,Not Applicable,Customer related issue,Not Applicable,Not Applicable,326,Not Applicable,0,,
2024-07-14 03:44:00,CNR8432686581,Success,CID973963,Prime Sedan,Yeshwanthpur,Nagarbhavi,259.0,115.0,Not Applicable,Not Applicable,No,Not Applicable,368,UPI,25,3.9,3.7
2024-07-19 02:42:00,CNR3637641485,Success,CID227694,Bike,Nagarbhavi,BTM Layout,63.0,60.0,Not Applicable,Not Applicable,No,Not Applicable,690,Cash,41,3.0,3.8
2024-07-28 16:50:00,CNR5979657869,Success,CID931504,Bike,Sarjapur Road,Yeshwanthpur,49.0,145.0,Not Applicable,Not Applicable,No,Not Applicable,303,Cash,16,4.6,3.6
2024-07-23 18:41:00,CNR3587156754,Canceled by Customer,CID156573,Auto,Shantinagar,Langford Town,,,Driver is not moving towards pickup location,Not Applicable,Not Applicable,Not Applicable,202,Not Applicable,0,,
2024-07-28 23:12:00,CNR8916284165,Success,CID393348,eBike,Indiranagar,MG Road,210.0,85.0,Not Applicable,Not Applicable,No,Not Applicable,368,UPI,33,4.3,3.2
2024-07-24 08:54:00,CNR7688779240,Canceled by Driver,CID366224,Mini,Marathahalli,Devanahalli,,,Not Applicable,Customer related issue,Not Applicable,Not Applicable,205,Not Applicable,0,,
2024-07-18 21:21:00,CNR6427761898,Canceled by Customer,CID115172,Prime Plus,Padmanabhanagar,Magadi Road,,,Change of plans,Not Applicable,Not Applicable,Not Applicable,363,Not Applicable,0,,
2024-07-28 16:06:00,CNR9649310704,Success,CID233377,Prime Sedan,Majestic,Vijayanagar,238.0,80.0,Not Applicable,Not Applicable,No,Not Applicable,703,Cash,6,3.8,3.4
2024-07-15 05:08:00,CNR9576708128,Canceled by Driver,CID777739,Auto,Chickpet,Sahakar Nagar,,,Not Applicable,Personal & Car related issue,Not Applicable,Not Applicable,349,Not Applicable,0,,
2024-07-15 12:51:00,CNR7899592130,Canceled by Driver,CID381384,Mini,Richmond Town,Varthur,,,Not Applicable,Customer related issue,Not Applicable,Not Applicable,397,Not Applicable,0,,
2024-07-21 04:52:00,CNR3059090831,Success,CID497312,Prime Sedan,Peenya,Kammanahalli,63.0,110.0,Not Applicable,Not Applicable,No,Not Applicable,462,UPI,37,3.6,3.6
2024-07-03 02:39:00,CNR5539253056,Success,CID910248,Prime SUV,Bellandur,Banashankari,168.0,65.0,Not Applicable,Not Applicable,No,Not Applicable,454,UPI,35,4.1,3.3
2024-07-18 02:58:00,CNR8425565822,Success,CID964254,Prime SUV,Whitefield,Mysore Road,49.0,140.0,Not Applicable,Not Applicable,No,Not Applicable,213,UPI,47,4.8,3.7
2024-07-03 04:31:00,CNR6542666446,Driver Not Found,CID134579,Bike,Magadi Road,Malleshwaram,,,Not Applicable,Not Applicable,Not Applicable,Not Applicable,2603,Not Applicable,0,,
2024-07-04 09:37:00,CNR9381605236,Success,CID212622,eBike,Chickpet,Shivajinagar,70.0,40.0,Not Applicable,Not Applicable,No,Not Applicable,412,Cash,18,3.3,3.4
2024-07-20 09:11:00,CNR6649418088,Success,CID859972,Prime Sedan,Richmond Town,Rajarajeshwari Nagar,189.0,105.0,Not Applicable,Not Applicable,No,Not Applicable,959,UPI,37,3.1,3.7
2024-07-17 01:29:00,CNR3544527229,Success,CID852556,Prime SUV,Rajarajeshwari Nagar,Malleshwaram,182.0,130.0,Not Applicable,Not Applicable,No,Not Applicable,2681,Cash,39,4.9,4.1
2024-07-20 05:54:00,CNR6964204295,Success,CID729169,eBike,Shivajinagar,Yeshwanthpur,287.0,140.0,Not Applicable,Not Applicable,No,Not Applicable,173,Cash,20,4.3,3.8
2024-07-11 09:22:00,CNR5513685357,Success,CID166670,Auto,Hulimavu,Kadugodi,266.0,100.0,Not Applicable,Not Applicable,No,Not Applicable,483,Cash,6,4.1,3.5
2024-07-16 11:08:00,CNR9978425975,Driver Not Found,CID259715,Prime SUV,Shantinagar,Electronic City,,,Not Applicable,Not Applicable,Not Applicable,Not Applicable,130,Not Applicable,0,,
2024-07-18 16:58:00,CNR6624709059,Canceled by Customer,CID560644,Prime SUV,Sarjapur Road,Majestic,,,Driver is not moving towards pickup location,Not Applicable,Not Applicable,Not Applicable,135,Not Applicable,0,,
2024-07-09 10:05:00,CNR3973939338,Success,CID161033,eBike,JP Nagar,Yeshwanthpur,224.0,115.0,Not Applicable,Not Applicable,No,Not Applicable,193,Cash,19,3.9,4.1
2024-07-30 14:51:00,CNR7519301872,Success,CID469481,Auto,Indiranagar,Koramangala,308.0,110.0,Not Applicable,Not Applicable,No,Not Applicable,197,Cash,5,3.5,3.8
2024-07-20 01:47:00,CNR7468174859,Driver Not Found,CID365082,Mini,Nagarbhavi,Banashankari,,,Not Applicable,Not Applicable,Not Applicable,Not Applicable,136,Not Applicable,0,,
2024-07-07 11:26:00,CNR7195471960,Success,CID295654,Auto,Whitefield,Indiranagar,42.0,140.0,Not Applicable,Not Applicable,Yes,Other Issue,724,Cash,5,3.2,3.5
2024-07-04 04:09:00,CNR4218799634,Success,CID182878,Bike,Nagarbhavi,Frazer Town,105.0,145.0,Not Applicable,Not Applicable,Yes,Customer Demand,354,UPI,12,3.9,4.2
2024-07-07 19:17:00,CNR9404970532,Success,CID773691,Mini,Vijayanagar,Hebbal,63.0,45.0,Not Applicable,Not Applicable,No,Not Applicable,1571,UPI,16,3.7,4.1
2024-07-26 08:59:00,CNR9036589470,Success,CID203573,Prime Sedan,Cox Town,Magadi Road,126.0,110.0,Not Applicable,Not Applicable,No,Not Applicable,898,UPI,18,3.1,3.9
2024-07-30 11:25:00,CNR5594986993,Success,CID139915,Auto,Kammanahalli,Magadi Road,112.0,60.0,Not Applicable,Not Applicable,No,Not Applicable,111,Cash,5,3.5,3.3
2024-07-14 06:14:00,CNR8668524792,Success,CID586611,Auto,Hennur,Cox Town,35.0,105.0,Not Applicable,Not Applicable,No,Not Applicable,224,Cash,12,3.3,4.2
2024-07-29 04:30:00,CNR9520961501,Driver Not Found,CID876110,eBike,Rajajinagar,JP Nagar,,,Not Applicable,Not Applicable,Not Applicable,Not Applicable,122,Not Applicable,0,,
2024-07-21 22:59:00,CNR4202458647,Driver Not Found,CID663422,Prime SUV,Shantinagar,Shivajinagar,,,Not Applicable,Not Applicable,Not Applicable,Not Applicable,2486,Not Applicable,0,,
2024-07-15 03:57:00,CNR7155780815,Success,CID984031,Prime Plus,Sahakar Nagar,Devanahalli,56.0,50.0,Not Applicable,Not Applicable,No,Not Applicable,493,Cash,48,3.9,3.2
2024-07-28 05:10:00,CNR8352176280,Canceled by Customer,CID248938,eBike,Whitefield,Hulimavu,,,Driver is not moving towards pickup location,Not Applicable,Not Applicable,Not Applicable,410,Not Applicable,0,,
2024-07-25 02:31:00,CNR7169436233,Driver Not Found,CID511205,Mini,Frazer Town,Koramangala,,,Not Applicable,Not Applicable,Not Applicable,Not Applicable,148,Not Applicable,0,,
2024-07-24 13:24:00,CNR4277559083,Success,CID543512,Prime Plus,Bannerghatta Road,Vijayanagar,245.0,30.0,Not Applicable,Not Applicable,No,Not Applicable,271,UPI,42,3.3,3.0
2024-07-15 10:46:00,CNR7610305791,Driver Not Found,CID557474,Mini,Hennur,Sarjapur Road,,,Not Applicable,Not Applicable,Not Applicable,Not Applicable,1136,Not Applicable,0,,
2024-07-25 01:25:00,CNR2035577959,Canceled by Driver,CID521960,Prime Plus,Hennur,Ramamurthy Nagar,,,Not Applicable,More than permitted people in there,Not Applicable,Not Applicable,2566,Not Applicable,0,,
2024-07-15 03:08:00,CNR3004462567,Success,CID987336,Auto,Cox Town,Magadi Road,175.0,50.0,Not Applicable,Not Applicable,No,Not Applicable,308,Cash,9,3.2,3.7
2024-07-04 08:56:00,CNR6160763994,Canceled by Driver,CID945453,eBike,Yelahanka,Jayanagar,,,Not Applicable,Personal & Car related issue,Not Applicable,Not Applicable,200,Not Applicable,0,,
2024-07-03 06:52:00,CNR3077028555,Canceled by Driver,CID760112,Auto,Yelahanka,RT Nagar,,,Not Applicable,Customer was coughing/sick,Not Applicable,Not Applicable,170,Not Applicable,0,,
2024-07-24 13:14:00,CNR3471963520,Success,CID380269,Auto,Kadugodi,Varthur,91.0,130.0,Not Applicable,Not Applicable,No,Not Applicable,264,UPI,11,4.9,3.8
2024-07-11 14:03:00,CNR8890733464,Canceled by Driver,CID919556,eBike,Majestic,Marathahalli,,,Not Applicable,Personal & Car related issue,Not Applicable,Not Applicable,472,Not Applicable,0,,
2024-07-01 13:59:00,CNR9843487328,Success,CID716238,Prime Plus,Malleshwaram,Vijayanagar,308.0,30.0,Not Applicable,Not Applicable,No,Not Applicable,459,Cash,4,4.6,4.1
2024-07-18 10:09:00,CNR8899115477,Success,CID763609,eBike,Sahakar Nagar,Nagarbhavi,84.0,30.0,Not Applicable,Not Applicable,No,Not Applicable,833,Cash,48,3.1,3.6
2024-07-16 07:29:00,CNR8381215600,Success,CID796615,Bike,Hosur Road,Magadi Road,63.0,55.0,Not Applicable,Not Applicable,No,Not Applicable,138,UPI,18,3.2,3.5
2024-07-04 01:03:00,CNR7006197146,Driver Not Found,CID170804,Prime Plus,Sarjapur Road,JP Nagar,,,Not Applicable,Not Applicable,Not Applicable,Not Applicable,498,Not Applicable,0,,
2024-07-22 01:16:00,CNR6959208407,Success,CID748775,Prime Sedan,Frazer Town,Padmanabhanagar,210.0,120.0,Not Applicable,Not Applicable,No,Not Applicable,411,UPI,36,4.6,3.3
2024-07-27 00:25:00,CNR8637718920,Success,CID591959,Bike,Rajajinagar,Mysore Road,287.0,45.0,Not Applicable,Not Applicable,No,Not Applicable,120,Cash,34,4.1,4.7
2024-07-05 21:23:00,CNR4100992107,Canceled by Driver,CID919021,eBike,Hosur Road,Malleshwaram,,,Not Applicable,Personal & Car related issue,Not Applicable,Not Applicable,351,Not Applicable,0,,
2024-07-27 21:10:00,CNR3494747947,Driver Not Found,CID705564,Mini,Hosur Road,Bannerghatta Road,,,Not Applicable,Not Applicable,Not Applicable,Not Applicable,305,Not Applicable,0,,
2024-07-11 02:21:00,CNR9775554377,Success,CID273529,Prime SUV,Yeshwanthpur,Padmanabhanagar,259.0,110.0,Not Applicable,Not Applicable,Yes,Vehicle Breakdown,273,UPI,30,3.4,4.5
2024-07-24 23:47:00,CNR4873759958,Driver Not Found,CID298703,Bike,Shantinagar,Peenya,,,Not Applicable,Not Applicable,Not Applicable,Not Applicable,106,Not Applicable,0,,
2024-07-02 00:11:00,CNR7258870660,Success,CID277471,Prime Plus,Electronic City,Banashankari,56.0,140.0,Not Applicable,Not Applicable,No,Not Applicable,751,Cash,32,3.9,4.9
2024-07-12 19:22:00,CNR6492361302,Success,CID359479,Mini,JP Nagar,Rajarajeshwari Nagar,133.0,35.0,Not Applicable,Not Applicable,No,Not Applicable,145,Cash,17,4.3,3.6
2024-07-15 16:53:00,CNR4701842996,Success,CID633621,eBike,Frazer Town,Bellandur,266.0,40.0,Not Applicable,Not Applicable,No,Not Applicable,1385,UPI,47,4.2,4.4
2024-07-09 15:46:00,CNR1985518728,Canceled by Customer,CID394026,eBike,Hosur Road,Marathahalli,,,Change of plans,Not Applicable,Not Applicable,Not Applicable,452,Not Applicable,0,,
2024-07-24 05:12:00,CNR6645041192,Success,CID765173,Prime Sedan,Yeshwanthpur,Hennur,301.0,125.0,Not Applicable,Not Applicable,No,Not Applicable,304,UPI,42,3.3,3.2
2024-07-28 14:34:00,CNR5075116627,Driver Not Found,CID577125,Bike,Kengeri,Mysore Road,,,Not Applicable,Not Applicable,Not Applicable,Not Applicable,1361,Not Applicable,0,,
2024-07-17 14:18:00,CNR3911057959,Success,CID310034,eBike,Marathahalli,Bellandur,154.0,55.0,Not Applicable,Not Applicable,No,Not Applicable,156,UPI,49,4.9,3.2
2024-07-09 05:58:00,CNR5714144754,Success,CID699499,Mini,JP Nagar,Varthur,126.0,55.0,Not Applicable,Not Applicable,No,Not Applicable,1297,Cash,5,4.3,4.6
2024-07-02 11:58:00,CNR5384566186,Canceled by Customer,CID410298,Prime Sedan,Whitefield,Shantinagar,,,Driver is not moving towards pickup location,Not Applicable,Not Applicable,Not Applicable,479,Not Applicable,0,,
2024-07-12 03:59:00,CNR9838567503,Driver Not Found,CID425893,Prime Plus,Rajarajeshwari Nagar,Malleshwaram,,,Not Applicable,Not Applicable,Not Applicable,Not Applicable,284,Not Applicable,0,,
2024-07-27 17:49:00,CNR3689179709,Success,CID287497,Prime Sedan,Indiranagar,Magadi Road,77.0,25.0,Not Applicable,Not Applicable,No,Not Applicable,308,Cash,7,3.6,3.5
2024-07-16 10:58:00,CNR4409082663,Success,CID268708,eBike,Electronic City,Electronic City,266.0,130.0,Not Applicable,Not Applicable,No,Not Applicable,240,UPI,13,4.3,3.4
2024-07-28 18:06:00,CNR1184296451,Success,CID286696,Mini,Padmanabhanagar,Hosur Road,308.0,70.0,Not Applicable,Not Applicable,No,Not Applicable,312,Credit Card,39,3.9,3.6
2024-07-22 02:10:00,CNR4493731526,Success,CID518964,Auto,Jayanagar,Cox Town,196.0,100.0,Not Applicable,Not Applicable,No,Not Applicable,473,Cash,1,4.4,4.4
2024-07-18 00:21:00,CNR5251343179,Canceled by Driver,CID249658,Mini,Jayanagar,Yelahanka,,,Not Applicable,Personal & Car related issue,Not Applicable,Not Applicable,521,Not Applicable,0,,
2024-07-30 20:28:00,CNR9064762772,Success,CID568062,Prime Sedan,Devanahalli,MG Road,105.0,135.0,Not Applicable,Not Applicable,No,Not Applicable,829,Cash,32,4.0,4.7
2024-07-06 22:06:00,CNR8625787942,Success,CID301460,Prime Plus,Richmond Town,Banashankari,245.0,125.0,Not Applicable,Not Applicable,No,Not Applicable,571,Cash,41,3.6,4.2
2024-07-14 10:13:00,CNR9985079298,Success,CID415148,eBike,Nagarbhavi,Sahakar Nagar,105.0,70.0,Not Applicable,Not Applicable,No,Not Applicable,133,UPI,6,4.6,3.4
2024-07-23 21:34:00,CNR2031674946,Success,CID856154,Bike,HSR Layout,Majestic,210.0,125.0,Not Applicable,Not Applicable,No,Not Applicable,1835,UPI,21,4.7,4.5
2024-07-20 20:56:00,CNR2735795140,Canceled by Driver,CID702369,Bike,Basavanagudi,Chickpet,,,Not Applicable,Customer related issue,Not Applicable,Not Applicable,286,Not Applicable,0,,
2024-07-03 02:31:00,CNR9991841618,Canceled by Customer,CID548510,Prime SUV,Yelahanka,Koramangala,,,Change of plans,Not Applicable,Not Applicable,Not Applicable,223,Not Applicable,0,,
2024-07-20 22:25:00,CNR2939853459,Success,CID572617,Auto,Varthur,Yeshwanthpur,210.0,90.0,Not Applicable,Not Applicable,No,Not Applicable,932,Cash,7,3.2,4.1
2024-07-26 07:07:00,CNR6633819650,Success,CID848427,Mini,Magadi Road,Tumkur Road,259.0,70.0,Not Applicable,Not Applicable,No,Not Applicable,174,Cash,16,4.0,4.4
2024-07-07 21:21:00,CNR9287263277,Success,CID302129,Auto,BTM Layout,Ulsoor,70.0,140.0,Not Applicable,Not Applicable,No,Not Applicable,984,UPI,8,3.7,3.9
2024-07-05 22:33:00,CNR2450160146,Canceled by Driver,CID202184,Prime SUV,Hebbal,Yelahanka,,,Not Applicable,Customer was coughing/sick,Not Applicable,Not Applicable,897,Not Applicable,0,,
2024-07-14 08:22:00,CNR4975090099,Success,CID285179,Prime Plus,Frazer Town,Ulsoor,77.0,35.0,Not Applicable,Not Applicable,No,Not Applicable,245,Cash,40,4.2,3.8
2024-07-16 20:04:00,CNR6778813716,Success,CID238140,Mini,Shivajinagar,Peenya,287.0,100.0,Not Applicable,Not Applicable,No,Not Applicable,115,Cash,44,3.6,4.9
2024-07-22 18:45:00,CNR2636373106,Canceled by Customer,CID689356,Prime Sedan,Cox Town,Bannerghatta Road,,,AC is Not working,Not Applicable,Not Applicable,Not Applicable,386,Not Applicable,0,,
2024-07-30 04:09:00,CNR8109120046,Success,CID257784,Bike,Langford Town,Bannerghatta Road,70.0,100.0,Not Applicable,Not Applicable,No,Not Applicable,221,Cash,5,4.8,3.5
2024-07-08 20:44:00,CNR3775898667,Success,CID362961,Prime Plus,Whitefield,Kadugodi,301.0,120.0,Not Applicable,Not Applicable,No,Not Applicable,912,Cash,2,4.9,3.4
2024-07-20 18:23:00,CNR6377330048,Canceled by Customer,CID158410,Prime SUV,Frazer Town,Chamarajpet,,,Driver asked to cancel,Not Applicable,Not Applicable,Not Applicable,251,Not Applicable,0,,
2024-07-10 13:45:00,CNR5832721276,Canceled by Driver,CID320037,eBike,Vijayanagar,Marathahalli,,,Not Applicable,More than permitted people in there,Not Applicable,Not Applicable,2203,Not Applicable,0,,
2024-07-01 06:23:00,CNR9104737257,Success,CID746581,Prime SUV,Malleshwaram,Yeshwanthpur,196.0,45.0,Not Applicable,Not Applicable,No,Not Applicable,186,Cash,35,3.4,3.9
2024-07-18 06:51:00,CNR9820245758,Success,CID685102,Prime SUV,Hulimavu,Malleshwaram,168.0,95.0,Not Applicable,Not Applicable,No,Not Applicable,374,UPI,35,3.7,3.2
2024-07-13 02:11:00,CNR3734894374,Canceled by Customer,CID210970,Mini,Langford Town,Langford Town,,,AC is Not working,Not Applicable,Not Applicable,Not Applicable,338,Not Applicable,0,,
2024-07-20 06:49:00,CNR1722227391,Success,CID289181,Prime SUV,Devanahalli,BTM Layout,287.0,80.0,Not Applicable,Not Applicable,No,Not Applicable,428,UPI,3,3.8,3.4
2024-07-24 11:23:00,CNR8688115470,Canceled by Customer,CID405227,Prime SUV,Basavanagudi,Marathahalli,,,Driver asked to cancel,Not Applicable,Not Applicable,Not Applicable,267,Not Applicable,0,,
2024-07-26 12:05:00,CNR1508698836,Canceled by Customer,CID723057,Bike,Basavanagudi,Yeshwanthpur,,,Change of plans,Not Applicable,Not Applicable,Not Applicable,357,Not Applicable,0,,
2024-07-05 06:21:00,CNR1764971625,Success,CID967585,Prime SUV,Sahakar Nagar,Ulsoor,140.0,45.0,Not Applicable,Not Applicable,No,Not Applicable,888,Cash,11,4.3,4.6
2024-07-17 10:57:00,CNR3716634659,Canceled by Driver,CID506080,Prime Plus,BTM Layout,Kadugodi,,,Not Applicable,Personal & Car related issue,Not Applicable,Not Applicable,593,Not Applicable,0,,
2024-07-30 12:16:00,CNR6771523422,Success,CID385154,Prime SUV,Frazer Town,Hebbal,56.0,95.0,Not Applicable,Not Applicable,No,Not Applicable,277,Cash,9,4.5,3.9
2024-07-02 01:04:00,CNR5947357723,Success,CID988196,Bike,Frazer Town,Kammanahalli,147.0,40.0,Not Applicable,Not Applicable,No,Not Applicable,462,Cash,7,4.7,3.8
2024-07-23 03:37:00,CNR1961576314,Canceled by Driver,CID411804,Prime Sedan,Devanahalli,Magadi Road,,,Not Applicable,Customer related issue,Not Applicable,Not Applicable,418,Not Applicable,0,,
2024-07-08 23:00:00,CNR4456434650,Success,CID544191,Auto,MG Road,Majestic,238.0,130.0,Not Applicable,Not Applicable,No,Not Applicable,154,Cash,5,4.2,4.1
2024-07-25 17:47:00,CNR8615363328,Success,CID301980,Prime Plus,Bannerghatta Road,Whitefield,266.0,50.0,Not Applicable,Not Applicable,No,Not Applicable,140,Cash,35,3.8,4.5
2024-07-15 12:28:00,CNR4331822477,Success,CID746421,Prime Plus,Banashankari,Indiranagar,308.0,25.0,Not Applicable,Not Applicable,No,Not Applicable,850,UPI,27,4.1,4.0
2024-07-09 02:52:00,CNR4993081081,Success,CID254579,Prime Sedan,Cox Town,Tumkur Road,168.0,140.0,Not Applicable,Not Applicable,No,Not Applicable,1306,Debit Card,39,3.9,3.5
2024-07-26 03:24:00,CNR6162627536,Canceled by Driver,CID303759,eBike,Langford Town,Yelahanka,,,Not Applicable,Customer related issue,Not Applicable,Not Applicable,831,Not Applicable,0,,
2024-07-03 13:13:00,CNR8474994691,Canceled by Driver,CID140755,Mini,Kammanahalli,Ulsoor,,,Not Applicable,Customer related issue,Not Applicable,Not Applicable,493,Not Applicable,0,,
2024-07-09 06:59:00,CNR5391423990,Canceled by Driver,CID318855,Bike,Padmanabhanagar,Koramangala,,,Not Applicable,Personal & Car related issue,Not Applicable,Not Applicable,134,Not Applicable,0,,
2024-07-23 00:42:00,CNR3482353857,Canceled by Customer,CID929366,Prime SUV,RT Nagar,Kammanahalli,,,Change of plans,Not Applicable,Not Applicable,Not Applicable,367,Not Applicable,0,,
2024-07-30 18:08:00,CNR5376237922,Success,CID744609,Mini,Vijayanagar,Yelahanka,56.0,140.0,Not Applicable,Not Applicable,No,Not Applicable,292,Credit Card,37,4.4,4.5
2024-07-29 03:22:00,CNR5112201323,Canceled by Customer,CID575135,Mini,Majestic,Rajarajeshwari Nagar,,,Driver is not moving towards pickup location,Not Applicable,Not Applicable,Not Applicable,939,Not Applicable,0,,
2024-07-29 11:03:00,CNR7081365789,Success,CID221569,Prime Plus,RT Nagar,Bannerghatta Road,126.0,55.0,Not Applicable,Not Applicable,No,Not Applicable,371,UPI,37,4.1,3.3
2024-07-14 05:38:00,CNR6246961538,Driver Not Found,CID292049,Mini,Kadugodi,Marathahalli,,,Not Applicable,Not Applicable,Not Applicable,Not Applicable,317,Not Applicable,0,,
2024-07-15 00:47:00,CNR6992782619,Success,CID717460,Mini,Rajajinagar,Whitefield,98.0,35.0,Not Applicable,Not Applicable,No,Not Applicable,545,UPI,6,3.9,3.1
2024-07-19 16:41:00,CNR9485400718,Success,CID548768,Prime Plus,Majestic,Banashankari,56.0,40.0,Not Applicable,Not Applicable,No,Not Applicable,557,UPI,37,3.8,3.8
2024-07-16 00:46:00,CNR3021593257,Success,CID439776,Prime Sedan,Banashankari,Kengeri,175.0,130.0,Not Applicable,Not Applicable,No,Not Applicable,456,UPI,44,3.9,3.1
2024-07-09 16:49:00,CNR8530456293,Success,CID843688,Bike,Rajarajeshwari Nagar,Shantinagar,98.0,30.0,Not Applicable,Not Applicable,No,Not Applicable,668,Cash,26,3.7,3.5
2024-07-22 10:50:00,CNR8754613738,Canceled by Driver,CID294202,Bike,Kadugodi,Hebbal,,,Not Applicable,Customer related issue,Not Applicable,Not Applicable,1106,Not Applicable,0,,
2024-07-15 00:17:00,CNR2169563402,Success,CID970152,Bike,Yelahanka,Nagarbhavi,91.0,145.0,Not Applicable,Not Applicable,No,Not Applicable,655,Cash,10,3.5,3.0
2024-07-11 14:57:00,CNR5959733650,Canceled by Driver,CID448224,Mini,Shantinagar,Koramangala,,,Not Applicable,Customer related issue,Not Applicable,Not Applicable,325,Not Applicable,0,,
2024-07-09 10:08:00,CNR9423027134,Canceled by Driver,CID404147,eBike,Nagarbhavi,Richmond Town,,,Not Applicable,Customer was coughing/sick,Not Applicable,Not Applicable,933,Not Applicable,0,,
2024-07-04 13:34:00,CNR3201830844,Success,CID553451,eBike,Yeshwanthpur,Tumkur Road,35.0,145.0,Not Applicable,Not Applicable,No,Not Applicable,160,UPI,8,4.8,3.4
2024-07-14 19:22:00,CNR1461480484,Success,CID340186,Mini,Bannerghatta Road,Frazer Town,196.0,25.0,Not Applicable,Not Applicable,No,Not Applicable,198,UPI,2,3.5,3.2
2024-07-11 05:53:00,CNR4051130845,Driver Not Found,CID441521,Bike,Mysore Road,Hennur,,,Not Applicable,Not Applicable,Not Applicable,Not Applicable,238,Not Applicable,0,,
2024-07-06 17:22:00,CNR8467237415,Canceled by Customer,CID482623,Auto,Indiranagar,Ulsoor,,,Driver is not moving towards pickup location,Not Applicable,Not Applicable,Not Applicable,306,Not Applicable,0,,
2024-07-17 02:21:00,CNR8493997671,Canceled by Customer,CID626442,Mini,Vijayanagar,Rajajinagar,,,Driver asked to cancel,Not Applicable,Not Applicable,Not Applicable,225,Not Applicable,0,,
2024-07-23 05:00:00,CNR5462035823,Success,CID635434,eBike,Kengeri,Cox Town,273.0,80.0,Not Applicable,Not Applicable,No,Not Applicable,148,Cash,19,3.6,3.5
2024-07-23 22:13:00,CNR6945356521,Canceled by Driver,CID305461,Prime Sedan,Richmond Town,RT Nagar,,,Not Applicable,Customer was coughing/sick,Not Applicable,Not Applicable,1818,Not Applicable,0,,
2024-07-02 23:38:00,CNR2916171170,Success,CID142451,Auto,BTM Layout,Bellandur,238.0,70.0,Not Applicable,Not Applicable,No,Not Applicable,1701,Cash,17,4.7,4.8
2024-07-06 20:45:00,CNR5248587004,Success,CID966742,eBike,Langford Town,RT Nagar,140.0,115.0,Not Applicable,Not Applicable,No,Not Applicable,258,Cash,49,3.3,4.8
2024-07-20 03:13:00,CNR6608817363,Success,CID318572,eBike,Whitefield,Whitefield,287.0,70.0,Not Applicable,Not Applicable,No,Not Applicable,548,UPI,48,4.2,3.4
2024-07-15 16:26:00,CNR9838361224,Driver Not Found,CID254318,Mini,Hulimavu,RT Nagar,,,Not Applicable,Not Applicable,Not Applicable,Not Applicable,493,Not Applicable,0,,
2024-07-01 17:43:00,CNR5897603815,Success,CID215102,eBike,Mysore Road,Tumkur Road,119.0,95.0,Not Applicable,Not Applicable,No,Not Applicable,472,UPI,3,3.0,3.7
2024-07-04 19:51:00,CNR6034417285,Success,CID769421,eBike,Electronic City,BTM Layout,259.0,50.0,Not Applicable,Not Applicable,No,Not Applicable,476,UPI,21,4.4,3.2
2024-07-06 22:55:00,CNR9792685838,Success,CID359055,Bike,Richmond Town,Padmanabhanagar,63.0,85.0,Not Applicable,Not Applicable,No,Not Applicable,243,Cash,42,3.0,3.9
2024-07-12 09:49:00,CNR2516882694,Success,CID215887,Bike,Shantinagar,Shantinagar,35.0,135.0,Not Applicable,Not Applicable,No,Not Applicable,441,Cash,20,3.5,3.9
2024-07-14 01:18:00,CNR6203479927,Driver Not Found,CID146860,Mini,Indiranagar,MG Road,,,Not Applicable,Not Applicable,Not Applicable,Not Applicable,289,Not Applicable,0,,
2024-07-26 06:14:00,CNR8467728852,Driver Not Found,CID300416,eBike,Shivajinagar,Nagarbhavi,,,Not Applicable,Not Applicable,Not Applicable,Not Applicable,358,Not Applicable,0,,
2024-07-08 08:32:00,CNR2388211135,Canceled by Driver,CID916116,Prime Sedan,JP Nagar,Hulimavu,,,Not Applicable,Personal & Car related issue,Not Applicable,Not Applicable,319,Not Applicable,0,,
2024-07-15 21:21:00,CNR6108805273,Canceled by Driver,CID347183,Mini,Hulimavu,Electronic City,,,Not Applicable,Personal & Car related issue,Not Applicable,Not Applicable,344,Not Applicable,0,,
2024-07-20 15:20:00,CNR2884898715,Success,CID384832,Mini,Malleshwaram,Magadi Road,308.0,35.0,Not Applicable,Not Applicable,No,Not Applicable,362,Cash,15,4.7,3.4
2024-07-03 17:05:00,CNR8156960462,Canceled by Customer,CID172735,Auto,Hennur,Frazer Town,,,Driver asked to cancel,Not Applicable,Not Applicable,Not Applicable,426,Not Applicable,0,,
2024-07-18 18:36:00,CNR3544089946,Success,CID711885,Prime SUV,Nagarbhavi,RT Nagar,196.0,100.0,Not Applicable,Not Applicable,No,Not Applicable,400,UPI,12,3.5,3.9
2024-07-03 22:21:00,CNR6179188105,Success,CID762194,Auto,Chickpet,Hosur Road,42.0,100.0,Not Applicable,Not Applicable,No,Not Applicable,405,Cash,1,3.8,4.7
2024-07-26 08:42:00,CNR8041796873,Success,CID129355,Prime SUV,Mysore Road,Majestic,238.0,90.0,Not Applicable,Not Applicable,No,Not Applicable,2135,UPI,15,3.6,4.9
2024-07-06 23:26:00,CNR2942795172,Success,CID814077,Mini,Koramangala,Shantinagar,252.0,135.0,Not Applicable,Not Applicable,No,Not Applicable,378,Cash,48,4.0,3.1
2024-07-02 16:22:00,CNR5460761950,Success,CID309650,Mini,Tumkur Road,Indiranagar,35.0,30.0,Not Applicable,Not Applicable,No,Not Applicable,933,Cash,16,4.5,3.1
2024-07-13 12:05:00,CNR4659726328,Canceled by Customer,CID828746,Auto,RT Nagar,Hosur Road,,,Driver is not moving towards pickup location,Not Applicable,Not Applicable,Not Applicable,225,Not Applicable,0,,
2024-07-06 15:58:00,CNR4129845875,Success,CID700151,Auto,Padmanabhanagar,Hebbal,154.0,30.0,Not Applicable,Not Applicable,No,Not Applicable,260,UPI,11,4.2,4.0
2024-07-10 02:39:00,CNR1787264507,Success,CID381097,Prime SUV,Banashankari,Shantinagar,287.0,95.0,Not Applicable,Not Applicable,No,Not Applicable,942,UPI,17,4.4,3.4
2024-07-03 13:23:00,CNR1454502691,Success,CID543294,eBike,Hulimavu,Richmond Town,182.0,60.0,Not Applicable,Not Applicable,No,Not Applicable,608,Cash,19,3.5,4.7
2024-07-17 08:25:00,CNR7912885340,Success,CID339828,Auto,Sahakar Nagar,Mysore Road,238.0,65.0,Not Applicable,Not Applicable,No,Not Applicable,325,Cash,16,3.8,4.2
2024-07-19 08:13:00,CNR2073671999,Success,CID493016,Mini,Mysore Road,MG Road,161.0,105.0,Not Applicable,Not Applicable,No,Not Applicable,824,UPI,30,3.5,3.2
2024-07-24 14:08:00,CNR5925928058,Canceled by Customer,CID223012,eBike,Kengeri,Kengeri,,,Wrong Address,Not Applicable,Not Applicable,Not Applicable,434,Not Applicable,0,,
2024-07-18 08:46:00,CNR9033446906,Canceled by Driver,CID795229,Mini,Rajarajeshwari Nagar,Devanahalli,,,Not Applicable,Customer was coughing/sick,Not Applicable,Not Applicable,180,Not Applicable,0,,
2024-07-26 06:28:00,CNR1880547321,Canceled by Driver,CID443552,Prime Sedan,Malleshwaram,Cox Town,,,Not Applicable,More than permitted people in there,Not Applicable,Not Applicable,305,Not Applicable,0,,
2024-07-10 17:01:00,CNR7566785569,Success,CID718169,Auto,Basavanagudi,Devanahalli,287.0,100.0,Not Applicable,Not Applicable,No,Not Applicable,238,UPI,16,4.8,4.1
2024-07-07 23:08:00,CNR8939152005,Success,CID245007,Mini,Bannerghatta Road,Bellandur,126.0,35.0,Not Applicable,Not Applicable,No,Not Applicable,360,UPI,19,3.2,4.3
2024-07-01 06:21:00,CNR3794982791,Success,CID175020,Prime Sedan,Cox Town,BTM Layout,294.0,120.0,Not Applicable,Not Applicable,No,Not Applicable,224,Cash,41,3.7,3.6
2024-07-20 08:42:00,CNR9300813765,Driver Not Found,CID561581,Mini,Yeshwanthpur,Devanahalli,,,Not Applicable,Not Applicable,Not Applicable,Not Applicable,2054,Not Applicable,0,,
2024-07-08 06:48:00,CNR6740094493,Success,CID309982,Prime Plus,Sarjapur Road,KR Puram,203.0,115.0,Not Applicable,Not Applicable,No,Not Applicable,325,UPI,34,4.2,4.0
2024-07-14 17:35:00,CNR9770706976,Success,CID533564,Prime SUV,Majestic,Sarjapur Road,63.0,100.0,Not Applicable,Not Applicable,No,Not Applicable,543,Cash,7,4.4,3.2
2024-07-17 02:26:00,CNR5971845481,Success,CID890368,Prime Sedan,RT Nagar,Kadugodi,56.0,115.0,Not Applicable,Not Applicable,No,Not Applicable,219,Cash,19,4.8,4.4
2024-07-26 08:27:00,CNR3060070827,Canceled by Driver,CID390554,Mini,Bannerghatta Road,Hulimavu,,,Not Applicable,Personal & Car related issue,Not Applicable,Not Applicable,797,Not Applicable,0,,
2024-07-05 19:48:00,CNR4523464895,Canceled by Driver,CID367250,Bike,Yeshwanthpur,Basavanagudi,,,Not Applicable,Personal & Car related issue,Not Applicable,Not Applicable,592,Not Applicable,0,,
2024-07-16 15:04:00,CNR2691640095,Success,CID924374,eBike,Jayanagar,Peenya,77.0,105.0,Not Applicable,Not Applicable,No,Not Applicable,345,Cash,19,3.5,3.0
2024-07-17 15:30:00,CNR1618676254,Success,CID822703,Prime SUV,RT Nagar,Marathahalli,35.0,50.0,Not Applicable,Not Applicable,No,Not Applicable,1032,UPI,27,4.5,3.0
2024-07-28 20:57:00,CNR5525221020,Success,CID747995,Bike,Rajarajeshwari Nagar,Hulimavu,84.0,30.0,Not Applicable,Not Applicable,No,Not Applicable,411,UPI,41,4.9,3.5
2024-07-08 02:48:00,CNR3249610826,Success,CID552692,Prime Sedan,Sahakar Nagar,Rajarajeshwari Nagar,252.0,25.0,Not Applicable,Not Applicable,No,Not Applicable,132,Cash,38,4.1,4.4
2024-07-10 17:02:00,CNR4523963703,Canceled by Customer,CID255592,Auto,HSR Layout,Chamarajpet,,,Wrong Address,Not Applicable,Not Applicable,Not Applicable,1355,Not Applicable,0,,
2024-07-21 15:52:00,CNR9686654729,Success,CID440201,Mini,Whitefield,BTM Layout,49.0,45.0,Not Applicable,Not Applicable,No,Not Applicable,466,UPI,26,4.7,3.2
2024-07-30 15:20:00,CNR5811358177,Success,CID145603,Prime Plus,JP Nagar,Bannerghatta Road,140.0,60.0,Not Applicable,Not Applicable,No,Not Applicable,394,Cash,33,4.6,3.2
2024-07-19 20:45:00,CNR7818406421,Canceled by Driver,CID594899,Prime SUV,Rajarajeshwari Nagar,Rajajinagar,,,Not Applicable,More than permitted people in there,Not Applicable,Not Applicable,491,Not Applicable,0,,
2024-07-21 05:59:00,CNR3392488907,Success,CID135756,Prime Sedan,Indiranagar,Hebbal,301.0,100.0,Not Applicable,Not Applicable,No,Not Applicable,285,Cash,8,4.2,4.6
2024-07-26 10:03:00,CNR6130014165,Success,CID694894,Prime Sedan,Yelahanka,Vijayanagar,98.0,100.0,Not Applicable,Not Applicable,No,Not Applicable,191,Cash,42,3.2,4.7
2024-07-29 16:40:00,CNR5009686530,Canceled by Customer,CID959792,Prime Sedan,Marathahalli,Hennur,,,Driver is not moving towards pickup location,Not Applicable,Not Applicable,Not Applicable,330,Not Applicable,0,,
2024-07-15 07:33:00,CNR9143926369,Canceled by Driver,CID858521,Prime Sedan,Shantinagar,Varthur,,,Not Applicable,Customer was coughing/sick,Not Applicable,Not Applicable,426,Not Applicable,0,,
2024-07-10 17:59:00,CNR8642620577,Success,CID903893,Prime Sedan,Ramamurthy Nagar,Frazer Town,91.0,140.0,Not Applicable,Not Applicable,No,Not Applicable,1768,Cash,37,3.4,4.1
2024-07-21 21:02:00,CNR5821891249,Success,CID196619,Bike,Ramamurthy Nagar,Varthur,273.0,110.0,Not Applicable,Not Applicable,No,Not Applicable,2494,UPI,35,4.6,4.0
2024-07-19 03:23:00,CNR2198997173,Success,CID591912,Prime SUV,Magadi Road,Bellandur,126.0,80.0,Not Applicable,Not Applicable,No,Not Applicable,225,UPI,45,4.8,3.6
2024-07-09 12:18:00,CNR7877822111,Canceled by Driver,CID347463,Prime Plus,Kadugodi,Chamarajpet,,,Not Applicable,Customer related issue,Not Applicable,Not Applicable,431,Not Applicable,0,,
2024-07-10 06:23:00,CNR2308826573,Success,CID338348,eBike,Richmond Town,Chickpet,168.0,100.0,Not Applicable,Not Applicable,No,Not Applicable,103,UPI,30,3.3,3.4
2024-07-14 08:03:00,CNR8408667065,Success,CID979902,Prime Plus,Padmanabhanagar,Yeshwanthpur,273.0,115.0,Not Applicable,Not Applicable,No,Not Applicable,315,Cash,24,3.3,4.8
2024-07-22 07:59:00,CNR1439501684,Success,CID410070,eBike,Yelahanka,Jayanagar,56.0,120.0,Not Applicable,Not Applicable,No,Not Applicable,114,UPI,5,4.8,3.2
2024-07-24 20:12:00,CNR9724948111,Canceled by Customer,CID679986,Prime Sedan,Vijayanagar,BTM Layout,,,Driver asked to cancel,Not Applicable,Not Applicable,Not Applicable,733,Not Applicable,0,,
2024-07-27 07:53:00,CNR8633712470,Driver Not Found,CID846870,Auto,Peenya,Chickpet,,,Not Applicable,Not Applicable,Not Applicable,Not Applicable,931,Not Applicable,0,,
2024-07-16 01:55:00,CNR9795397298,Success,CID187586,Bike,RT Nagar,Vijayanagar,245.0,45.0,Not Applicable,Not Applicable,No,Not Applicable,111,Cash,17,4.0,3.2
2024-07-15 23:05:00,CNR9053150552,Success,CID588725,eBike,Devanahalli,MG Road,133.0,30.0,Not Applicable,Not Applicable,No,Not Applicable,486,Cash,13,4.3,3.4
2024-07-08 02:24:00,CNR7909164833,Success,CID903169,Prime SUV,Majestic,BTM Layout,266.0,130.0,Not Applicable,Not Applicable,No,Not Applicable,673,Cash,1,4.4,4.9
2024-07-02 11:03:00,CNR2668944792,Canceled by Customer,CID897957,Bike,Whitefield,Jayanagar,,,Driver is not moving towards pickup location,Not Applicable,Not Applicable,Not Applicable,653,Not Applicable,0,,
2024-07-01 19:46:00,CNR4801437102,Canceled by Customer,CID631864,Auto,Padmanabhanagar,Varthur,,,AC is Not working,Not Applicable,Not Applicable,Not Applicable,729,Not Applicable,0,,
2024-07-03 20:02:00,CNR6282667325,Success,CID632859,Bike,Rajarajeshwari Nagar,RT Nagar,63.0,40.0,Not Applicable,Not Applicable,No,Not Applicable,286,Cash,6,3.3,3.5
2024-07-30 13:15:00,CNR4266934407,Success,CID650205,Prime Sedan,Basavanagudi,Marathahalli,273.0,130.0,Not Applicable,Not Applicable,No,Not Applicable,720,Cash,34,4.8,4.0
2024-07-18 12:55:00,CNR2693928084,Success,CID510004,Mini,Shantinagar,Chamarajpet,266.0,45.0,Not Applicable,Not Applicable,No,Not Applicable,199,Credit Card,12,4.5,3.6
2024-07-14 10:58:00,CNR8447225328,Canceled by Driver,CID963511,Auto,Sarjapur Road,Electronic City,,,Not Applicable,Personal & Car related issue,Not Applicable,Not Applicable,698,Not Applicable,0,,
2024-07-18 08:52:00,CNR9945350120,Success,CID473012,Auto,Chickpet,Nagarbhavi,280.0,115.0,Not Applicable,Not Applicable,No,Not Applicable,959,Cash,19,3.7,3.6
2024-07-26 07:25:00,CNR4141670609,Driver Not Found,CID285579,Mini,Rajajinagar,Bellandur,,,Not Applicable,Not Applicable,Not Applicable,Not Applicable,452,Not Applicable,0,,
2024-07-16 10:15:00,CNR2421550471,Success,CID702261,Mini,Kadugodi,BTM Layout,119.0,125.0,Not Applicable,Not Applicable,No,Not Applicable,224,Debit Card,19,3.2,4.7
2024-07-17 06:30:00,CNR6484353481,Success,CID361026,Prime SUV,Sahakar Nagar,Sahakar Nagar,231.0,60.0,Not Applicable,Not Applicable,No,Not Applicable,319,Cash,22,3.8,3.0
2024-07-03 04:36:00,CNR2280927039,Canceled by Customer,CID146380,Prime Sedan,Chickpet,Koramangala,,,Driver is not moving towards pickup location,Not Applicable,Not Applicable,Not Applicable,207,Not Applicable,0,,
2024-07-07 11:08:00,CNR2878885711,Success,CID494523,Prime SUV,Marathahalli,Padmanabhanagar,119.0,125.0,Not Applicable,Not Applicable,No,Not Applicable,497,Cash,13,3.7,4.7
2024-07-16 14:35:00,CNR1955956535,Canceled by Driver,CID582043,Mini,Devanahalli,Frazer Town,,,Not Applicable,Personal & Car related issue,Not Applicable,Not Applicable,647,Not Applicable,0,,
2024-07-02 22:00:00,CNR8992231166,Success,CID586901,Prime Plus,Rajarajeshwari Nagar,Vijayanagar,119.0,125.0,Not Applicable,Not Applicable,No,Not Applicable,475,Cash,39,4.2,3.3
2024-07-05 00:13:00,CNR8882888276,Canceled by Driver,CID511250,Auto,Whitefield,Sahakar Nagar,,,Not Applicable,Personal & Car related issue,Not Applicable,Not Applicable,201,Not Applicable,0,,
2024-07-01 04:22:00,CNR7609342711,Canceled by Driver,CID542907,Mini,Chamarajpet,Chickpet,,,Not Applicable,Personal & Car related issue,Not Applicable,Not Applicable,284,Not Applicable,0,,
2024-07-03 02:48:00,CNR5522736440,Success,CID627379,Bike,RT Nagar,Devanahalli,42.0,125.0,Not Applicable,Not Applicable,Yes,Vehicle Breakdown,171,UPI,28,4.3,4.9
2024-07-10 17:02:00,CNR2393008679,Success,CID106645,Auto,Basavanagudi,Shivajinagar,84.0,110.0,Not Applicable,Not Applicable,No,Not Applicable,753,Credit Card,14,4.1,3.3
2024-07-20 04:12:00,CNR8002711944,Success,CID658858,Mini,Jayanagar,Rajajinagar,273.0,145.0,Not Applicable,Not Applicable,No,Not Applicable,287,Cash,17,3.1,3.4
2024-07-09 12:04:00,CNR1260667796,Driver Not Found,CID122182,Auto,Magadi Road,Jayanagar,,,Not Applicable,Not Applicable,Not Applicable,Not Applicable,341,Not Applicable,0,,
2024-07-24 10:20:00,CNR4168981165,Success,CID137722,Auto,Tumkur Road,Rajarajeshwari Nagar,56.0,125.0,Not Applicable,Not Applicable,No,Not Applicable,672,UPI,1,3.5,3.6
2024-07-10 19:53:00,CNR5462947687,Success,CID251979,Prime SUV,Rajajinagar,Rajarajeshwari Nagar,49.0,50.0,Not Applicable,Not Applicable,No,Not Applicable,342,Cash,32,4.2,4.3
2024-07-19 09:35:00,CNR1067595645,Success,CID183935,Prime SUV,Malleshwaram,Chamarajpet,238.0,130.0,Not Applicable,Not Applicable,No,Not Applicable,404,Cash,36,4.9,4.2
2024-07-18 15:39:00,CNR5830072111,Success,CID313491,Auto,BTM Layout,Jayanagar,133.0,80.0,Not Applicable,Not Applicable,No,Not Applicable,598,Cash,19,3.3,4.4
2024-07-22 01:46:00,CNR6890320475,Success,CID432758,Prime Sedan,Hennur,Rajarajeshwari Nagar,63.0,60.0,Not Applicable,Not Applicable,No,Not Applicable,494,UPI,43,4.5,4.0
2024-07-10 00:53:00,CNR3157180404,Canceled by Driver,CID478631,eBike,Marathahalli,Tumkur Road,,,Not Applicable,Personal & Car related issue,Not Applicable,Not Applicable,915,Not Applicable,0,,
2024-07-21 16:07:00,CNR8203651806,Canceled by Driver,CID603644,Prime Sedan,Padmanabhanagar,Devanahalli,,,Not Applicable,Customer related issue,Not Applicable,Not Applicable,439,Not Applicable,0,,
2024-07-10 08:57:00,CNR2755949509,Success,CID679467,Prime SUV,Marathahalli,Hennur,35.0,55.0,Not Applicable,Not Applicable,No,Not Applicable,292,UPI,16,3.8,4.5
2024-07-08 10:58:00,CNR7369642201,Success,CID474260,Auto,Rajarajeshwari Nagar,Hosur Road,49.0,65.0,Not Applicable,Not Applicable,No,Not Applicable,533,Cash,19,3.9,4.5
2024-07-04 23:29:00,CNR4507048079,Driver Not Found,CID463480,Prime SUV,Hosur Road,Shantinagar,,,Not Applicable,Not Applicable,Not Applicable,Not Applicable,256,Not Applicable,0,,
2024-07-12 09:51:00,CNR7012485468,Canceled by Driver,CID926647,Prime SUV,Yeshwanthpur,HSR Layout,,,Not Applicable,Customer related issue,Not Applicable,Not Applicable,2974,Not Applicable,0,,
2024-07-23 12:55:00,CNR5991166840,Success,CID230729,Prime Sedan,HSR Layout,Rajajinagar,217.0,140.0,Not Applicable,Not Applicable,No,Not Applicable,292,Cash,14,4.9,4.1
2024-07-13 05:26:00,CNR7386914045,Canceled by Driver,CID547199,Mini,KR Puram,Devanahalli,,,Not Applicable,More than permitted people in there,Not Applicable,Not Applicable,186,Not Applicable,0,,
2024-07-08 22:39:00,CNR8943459945,Success,CID377786,eBike,Shantinagar,Kadugodi,105.0,30.0,Not Applicable,Not Applicable,No,Not Applicable,243,UPI,47,3.1,3.1
2024-07-06 19:14:00,CNR5650564789,Success,CID352099,Mini,Peenya,Koramangala,224.0,120.0,Not Applicable,Not Applicable,No,Not Applicable,186,UPI,13,4.4,4.5
2024-07-19 01:39:00,CNR4511482350,Success,CID966137,Mini,Sarjapur Road,Yeshwanthpur,175.0,40.0,Not Applicable,Not Applicable,No,Not Applicable,378,Cash,16,4.3,4.5
2024-07-26 14:46:00,CNR2095771441,Success,CID862143,eBike,Mysore Road,Kammanahalli,112.0,100.0,Not Applicable,Not Applicable,No,Not Applicable,175,Cash,25,4.0,3.2
2024-07-27 12:32:00,CNR5420663763,Driver Not Found,CID944010,Prime Sedan,Basavanagudi,KR Puram,,,Not Applicable,Not Applicable,Not Applicable,Not Applicable,351,Not Applicable,0,,
2024-07-29 17:56:00,CNR9403738741,Success,CID889048,Prime Sedan,Shivajinagar,Magadi Road,140.0,60.0,Not Applicable,Not Applicable,No,Not Applicable,143,Cash,27,4.8,4.9
2024-07-28 18:09:00,CNR7145244053,Driver Not Found,CID789341,Bike,Banashankari,Chamarajpet,,,Not Applicable,Not Applicable,Not Applicable,Not Applicable,128,Not Applicable,0,,
2024-07-07 10:24:00,CNR8145637894,Canceled by Driver,CID780249,eBike,Whitefield,Varthur,,,Not Applicable,Customer was coughing/sick,Not Applicable,Not Applicable,377,Not Applicable,0,,
2024-07-21 05:39:00,CNR9719582618,Success,CID419447,Mini,Rajajinagar,Hulimavu,42.0,130.0,Not Applicable,Not Applicable,No,Not Applicable,628,Cash,47,4.7,3.6
2024-07-21 22:14:00,CNR2588302784,Canceled by Driver,CID269038,Prime Plus,Kammanahalli,Richmond Town,,,Not Applicable,Personal & Car related issue,Not Applicable,Not Applicable,2397,Not Applicable,0,,
2024-07-25 22:52:00,CNR5022743553,Success,CID316253,Prime Plus,BTM Layout,Jayanagar,91.0,55.0,Not Applicable,Not Applicable,No,Not Applicable,1047,Cash,10,3.6,4.1
2024-07-05 18:43:00,CNR7674812243,Canceled by Customer,CID525735,Auto,Shivajinagar,Whitefield,,,Driver is not moving towards pickup location,Not Applicable,Not Applicable,Not Applicable,258,Not Applicable,0,,
2024-07-19 14:46:00,CNR4033530343,Success,CID491487,Prime Plus,Shivajinagar,Ramamurthy Nagar,98.0,80.0,Not Applicable,Not Applicable,No,Not Applicable,383,Cash,27,3.3,3.6
2024-07-23 05:50:00,CNR7258872084,Canceled by Driver,CID140521,Bike,Basavanagudi,KR Puram,,,Not Applicable,Customer related issue,Not Applicable,Not Applicable,412,Not Applicable,0,,
2024-07-03 04:15:00,CNR5118052690,Driver Not Found,CID365609,Mini,Kammanahalli,Shantinagar,,,Not Applicable,Not Applicable,Not Applicable,Not Applicable,2348,Not Applicable,0,,
2024-07-05 12:43:00,CNR5449759897,Success,CID243302,Prime Plus,Ulsoor,Peenya,42.0,45.0,Not Applicable,Not Applicable,Yes,Other Issue,1992,Credit Card,35,3.2,3.9
2024-07-09 09:56:00,CNR8921479380,Success,CID740315,Mini,Vijayanagar,Peenya,238.0,145.0,Not Applicable,Not Applicable,No,Not Applicable,294,UPI,27,3.3,4.7
2024-07-05 12:48:00,CNR7823648398,Canceled by Driver,CID869187,Auto,Koramangala,Ulsoor,,,Not Applicable,Personal & Car related issue,Not Applicable,Not Applicable,372,Not Applicable,0,,
2024-07-03 05:27:00,CNR5218858272,Canceled by Customer,CID433651,Prime Plus,Sahakar Nagar,Bellandur,,,Change of plans,Not Applicable,Not Applicable,Not Applicable,428,Not Applicable,0,,
2024-07-29 23:35:00,CNR5288202675,Success,CID546747,Prime Sedan,Vijayanagar,Banashankari,175.0,75.0,Not Applicable,Not Applicable,No,Not Applicable,110,Cash,48,3.5,4.4
2024-07-19 19:24:00,CNR5125930581,Success,CID485355,Prime Plus,Kadugodi,Kammanahalli,182.0,130.0,Not Applicable,Not Applicable,No,Not Applicable,468,Cash,16,3.8,3.1
2024-07-03 12:52:00,CNR1325004449,Canceled by Driver,CID333506,Prime Sedan,Magadi Road,Peenya,,,Not Applicable,Customer was coughing/sick,Not Applicable,Not Applicable,439,Not Applicable,0,,
2024-07-05 08:19:00,CNR4883257381,Canceled by Customer,CID232454,Auto,Magadi Road,Kadugodi,,,Driver is not moving towards pickup location,Not Applicable,Not Applicable,Not Applicable,493,Not Applicable,0,,
2024-07-11 18:18:00,CNR4944367970,Success,CID639310,Prime SUV,Sahakar Nagar,Peenya,224.0,30.0,Not Applicable,Not Applicable,No,Not Applicable,2047,UPI,3,4.4,3.6
2024-07-01 00:05:00,CNR2922363339,Canceled by Driver,CID596681,Prime Sedan,RT Nagar,Mysore Road,,,Not Applicable,More than permitted people in there,Not Applicable,Not Applicable,101,Not Applicable,0,,
2024-07-06 13:41:00,CNR9259179426,Success,CID862926,Bike,Rajarajeshwari Nagar,Chickpet,140.0,85.0,Not Applicable,Not Applicable,No,Not Applicable,195,Cash,28,3.5,3.8
2024-07-11 22:49:00,CNR3316934253,Canceled by Driver,CID239186,eBike,Ramamurthy Nagar,JP Nagar,,,Not Applicable,Personal & Car related issue,Not Applicable,Not Applicable,2221,Not Applicable,0,,
2024-07-15 05:26:00,CNR1233595580,Canceled by Driver,CID225847,Prime Plus,Peenya,Mysore Road,,,Not Applicable,Personal & Car related issue,Not Applicable,Not Applicable,348,Not Applicable,0,,
2024-07-05 07:24:00,CNR5815444169,Success,CID611264,Prime SUV,MG Road,MG Road,217.0,70.0,Not Applicable,Not Applicable,No,Not Applicable,370,UPI,40,3.3,3.2
2024-07-26 17:32:00,CNR5107813129,Success,CID986947,eBike,JP Nagar,Devanahalli,287.0,65.0,Not Applicable,Not Applicable,No,Not Applicable,416,UPI,32,3.8,4.8
2024-07-06 17:04:00,CNR5813114413,Success,CID232381,Bike,Electronic City,Devanahalli,238.0,70.0,Not Applicable,Not Applicable,No,Not Applicable,977,Cash,9,4.5,3.3
2024-07-17 07:02:00,CNR2318872659,Success,CID973763,eBike,RT Nagar,Varthur,56.0,80.0,Not Applicable,Not Applicable,No,Not Applicable,496,UPI,5,4.1,4.6
2024-07-12 20:39:00,CNR7422769102,Success,CID782559,eBike,Chickpet,Ramamurthy Nagar,182.0,35.0,Not Applicable,Not Applicable,No,Not Applicable,270,UPI,38,3.5,3.7
2024-07-15 08:25:00,CNR6017664340,Success,CID854613,Auto,Jayanagar,Chamarajpet,266.0,135.0,Not Applicable,Not Applicable,No,Not Applicable,309,Cash,9,3.3,3.3
2024-07-06 17:31:00,CNR2773136540,Success,CID397370,Prime Plus,Whitefield,Jayanagar,252.0,60.0,Not Applicable,Not Applicable,No,Not Applicable,331,Cash,34,4.7,3.5
2024-07-10 13:45:00,CNR7834445703,Canceled by Customer,CID321991,Prime Sedan,Ramamurthy Nagar,Frazer Town,,,Change of plans,Not Applicable,Not Applicable,Not Applicable,350,Not Applicable,0,,
2024-07-28 19:07:00,CNR2681190171,Success,CID787144,Prime Sedan,Hosur Road,Kadugodi,210.0,145.0,Not Applicable,Not Applicable,No,Not Applicable,117,Cash,11,3.8,4.6
2024-07-01 11:21:00,CNR8632787240,Success,CID469829,Mini,Basavanagudi,Magadi Road,259.0,30.0,Not Applicable,Not Applicable,No,Not Applicable,387,UPI,35,4.6,4.2
2024-07-16 01:20:00,CNR2172516923,Success,CID468456,Prime SUV,Hebbal,Ramamurthy Nagar,35.0,90.0,Not Applicable,Not Applicable,No,Not Applicable,456,UPI,24,3.2,4.0
2024-07-06 13:34:00,CNR9939026083,Driver Not Found,CID986835,Bike,Cox Town,Malleshwaram,,,Not Applicable,Not Applicable,Not Applicable,Not Applicable,119,Not Applicable,0,,
2024-07-29 06:33:00,CNR3119083742,Canceled by Customer,CID492826,Prime Plus,Ramamurthy Nagar,Kengeri,,,Driver is not moving towards pickup location,Not Applicable,Not Applicable,Not Applicable,147,Not Applicable,0,,
2024-07-24 07:35:00,CNR9716946298,Success,CID137026,Prime SUV,Hennur,Yelahanka,252.0,55.0,Not Applicable,Not Applicable,No,Not Applicable,152,UPI,6,3.4,3.3
2024-07-29 03:59:00,CNR1762898664,Success,CID211793,eBike,Magadi Road,Majestic,49.0,45.0,Not Applicable,Not Applicable,No,Not Applicable,183,Cash,4,3.6,4.8
2024-07-22 10:57:00,CNR9612837068,Success,CID211898,Bike,Padmanabhanagar,Banashankari,98.0,25.0,Not Applicable,Not Applicable,No,Not Applicable,227,Cash,45,4.3,3.6
2024-07-25 12:17:00,CNR4866421097,Success,CID952768,Prime Sedan,Cox Town,Kadugodi,182.0,120.0,Not Applicable,Not Applicable,No,Not Applicable,444,Cash,22,3.4,3.7
2024-07-26 09:13:00,CNR3652646247,Success,CID110387,eBike,BTM Layout,Ramamurthy Nagar,189.0,90.0,Not Applicable,Not Applicable,No,Not Applicable,2759,Cash,23,3.3,3.2
2024-07-13 09:54:00,CNR7629695740,Success,CID957706,eBike,Richmond Town,Rajarajeshwari Nagar,147.0,125.0,Not Applicable,Not Applicable,No,Not Applicable,153,UPI,16,3.2,3.3
2024-07-26 01:08:00,CNR7711712616,Success,CID342753,Prime Sedan,BTM Layout,Marathahalli,266.0,85.0,Not Applicable,Not Applicable,No,Not Applicable,109,UPI,32,4.3,3.5
2024-07-25 05:57:00,CNR1865139304,Success,CID664047,Auto,Bannerghatta Road,Cox Town,133.0,55.0,Not Applicable,Not Applicable,No,Not Applicable,128,Credit Card,10,4.5,3.5
2024-07-22 21:57:00,CNR1121710671,Canceled by Customer,CID687752,Mini,Sahakar Nagar,KR Puram,,,Driver asked to cancel,Not Applicable,Not Applicable,Not Applicable,407,Not Applicable,0,,
2024-07-12 15:50:00,CNR6613513066,Success,CID265997,Prime Sedan,Magadi Road,Richmond Town,154.0,90.0,Not Applicable,Not Applicable,Yes,Vehicle Breakdown,393,Cash,34,3.7,4.4
2024-07-13 22:50:00,CNR2851850730,Success,CID509229,Mini,Marathahalli,Electronic City,105.0,70.0,Not Applicable,Not Applicable,No,Not Applicable,422,UPI,46,3.8,4.7
2024-07-22 11:16:00,CNR1970332201,Success,CID577796,Prime Sedan,Padmanabhanagar,BTM Layout,77.0,115.0,Not Applicable,Not Applicable,No,Not Applicable,431,Cash,29,4.7,3.4
2024-07-25 15:40:00,CNR5411754632,Success,CID619534,Prime SUV,Peenya,Kadugodi,287.0,35.0,Not Applicable,Not Applicable,No,Not Applicable,700,Cash,12,3.4,4.9
2024-07-30 04:05:00,CNR8962502811,Driver Not Found,CID371854,Prime SUV,JP Nagar,Rajajinagar,,,Not Applicable,Not Applicable,Not Applicable,Not Applicable,632,Not Applicable,0,,
2024-07-26 21:51:00,CNR5209934841,Success,CID153850,Mini,Chamarajpet,Sarjapur Road,161.0,105.0,Not Applicable,Not Applicable,No,Not Applicable,436,UPI,1,4.9,3.3
2024-07-02 05:55:00,CNR8538898792,Success,CID122653,Bike,Majestic,Shivajinagar,70.0,70.0,Not Applicable,Not Applicable,No,Not Applicable,181,UPI,33,4.4,4.4
2024-07-05 11:07:00,CNR3153681931,Success,CID405520,Mini,Richmond Town,Vijayanagar,280.0,110.0,Not Applicable,Not Applicable,No,Not Applicable,887,Cash,24,4.2,3.7
2024-07-17 17:27:00,CNR2726368626,Canceled by Driver,CID636662,Auto,Mysore Road,Kammanahalli,,,Not Applicable,Customer related issue,Not Applicable,Not Applicable,105,Not Applicable,0,,
2024-07-24 13:37:00,CNR7369330718,Success,CID775867,Mini,Chamarajpet,BTM Layout,84.0,40.0,Not Applicable,Not Applicable,No,Not Applicable,186,UPI,41,3.5,4.7
2024-07-17 16:43:00,CNR1995733547,Success,CID778991,eBike,Indiranagar,Rajajinagar,42.0,55.0,Not Applicable,Not Applicable,No,Not Applicable,207,UPI,26,3.3,3.9
2024-07-24 18:27:00,CNR2721262112,Canceled by Driver,CID639453,Mini,Tumkur Road,Hebbal,,,Not Applicable,Customer was coughing/sick,Not Applicable,Not Applicable,120,Not Applicable,0,,
2024-07-13 18:49:00,CNR2230980374,Canceled by Customer,CID807928,Mini,Malleshwaram,Kadugodi,,,Driver is not moving towards pickup location,Not Applicable,Not Applicable,Not Applicable,270,Not Applicable,0,,
2024-07-18 05:16:00,CNR2511455537,Driver Not Found,CID973903,Prime Plus,Rajajinagar,Marathahalli,,,Not Applicable,Not Applicable,Not Applicable,Not Applicable,219,Not Applicable,0,,
2024-07-01 03:10:00,CNR5888973391,Success,CID346236,Prime Sedan,Electronic City,Langford Town,252.0,135.0,Not Applicable,Not Applicable,No,Not Applicable,899,UPI,16,3.2,4.6
2024-07-07 12:19:00,CNR9868099341,Success,CID995919,Auto,Indiranagar,MG Road,161.0,45.0,Not Applicable,Not Applicable,No,Not Applicable,312,UPI,17,3.4,4.1
2024-07-05 10:54:00,CNR7411577670,Success,CID103397,Auto,Koramangala,Kengeri,280.0,45.0,Not Applicable,Not Applicable,No,Not Applicable,101,UPI,19,3.7,4.9
2024-07-23 11:14:00,CNR4916559761,Success,CID120518,Prime SUV,Shantinagar,Electronic City,287.0,40.0,Not Applicable,Not Applicable,No,Not Applicable,284,Cash,30,4.9,3.2
2024-07-04 18:28:00,CNR4970237666,Success,CID585128,Prime SUV,Indiranagar,Hosur Road,217.0,40.0,Not Applicable,Not Applicable,No,Not Applicable,187,UPI,13,3.8,3.9
2024-07-05 03:01:00,CNR8965088720,Success,CID781077,Auto,KR Puram,Hulimavu,91.0,35.0,Not Applicable,Not Applicable,No,Not Applicable,334,Cash,13,5.0,3.7
2024-07-02 09:58:00,CNR8384152231,Canceled by Driver,CID206317,Prime SUV,Electronic City,Koramangala,,,Not Applicable,Customer was coughing/sick,Not Applicable,Not Applicable,224,Not Applicable,0,,
2024-07-15 20:26:00,CNR2282615050,Success,CID640287,Mini,Magadi Road,Tumkur Road,161.0,115.0,Not Applicable,Not Applicable,Yes,Customer Demand,1741,Cash,5,4.7,3.8
2024-07-19 02:27:00,CNR8626205199,Success,CID971442,Prime Sedan,Basavanagudi,Nagarbhavi,42.0,145.0,Not Applicable,Not Applicable,No,Not Applicable,2801,Cash,17,3.5,3.3
2024-07-04 14:40:00,CNR6720329996,Canceled by Driver,CID142771,Mini,Tumkur Road,Sarjapur Road,,,Not Applicable,Personal & Car related issue,Not Applicable,Not Applicable,161,Not Applicable,0,,
2024-07-04 16:32:00,CNR4074672433,Success,CID333047,Prime Sedan,Marathahalli,Rajarajeshwari Nagar,98.0,60.0,Not Applicable,Not Applicable,No,Not Applicable,1617,Cash,18,4.0,3.4
2024-07-12 00:26:00,CNR8020738962,Canceled by Driver,CID844540,Mini,Hosur Road,Kengeri,,,Not Applicable,Personal & Car related issue,Not Applicable,Not Applicable,2560,Not Applicable,0,,
2024-07-29 19:17:00,CNR6765525511,Success,CID565030,Auto,Tumkur Road,Indiranagar,147.0,25.0,Not Applicable,Not Applicable,No,Not Applicable,901,Cash,5,3.7,4.2
2024-07-17 11:49:00,CNR7240868707,Driver Not Found,CID829861,Mini,Sahakar Nagar,Bannerghatta Road,,,Not Applicable,Not Applicable,Not Applicable,Not Applicable,304,Not Applicable,0,,
2024-07-28 07:28:00,CNR2910413420,Success,CID346799,Auto,JP Nagar,Sahakar Nagar,196.0,25.0,Not Applicable,Not Applicable,No,Not Applicable,946,Cash,7,3.6,4.9
2024-07-09 01:09:00,CNR1380554361,Driver Not Found,CID594190,Prime Plus,Yelahanka,Frazer Town,,,Not Applicable,Not Applicable,Not Applicable,Not Applicable,156,Not Applicable,0,,
2024-07-13 23:36:00,CNR8409931773,Success,CID891512,Mini,Devanahalli,Koramangala,168.0,60.0,Not Applicable,Not Applicable,No,Not Applicable,146,UPI,36,4.0,3.9
2024-07-16 05:42:00,CNR7466306661,Success,CID741035,Prime Sedan,Vijayanagar,Banashankari,70.0,55.0,Not Applicable,Not Applicable,No,Not Applicable,823,Cash,31,3.4,4.5
2024-07-23 17:17:00,CNR8019867958,Success,CID919006,eBike,Cox Town,JP Nagar,77.0,35.0,Not Applicable,Not Applicable,No,Not Applicable,370,Cash,14,5.0,4.8
2024-07-03 03:00:00,CNR9174166995,Driver Not Found,CID497744,Prime Sedan,Kammanahalli,HSR Layout,,,Not Applicable,Not Applicable,Not Applicable,Not Applicable,365,Not Applicable,0,,
2024-07-18 13:37:00,CNR2362860969,Success,CID845023,Bike,Yeshwanthpur,KR Puram,210.0,45.0,Not Applicable,Not Applicable,No,Not Applicable,403,Cash,5,3.9,4.8
2024-07-12 21:16:00,CNR9017680187,Success,CID777934,Bike,Ramamurthy Nagar,Magadi Road,35.0,100.0,Not Applicable,Not Applicable,No,Not Applicable,119,Cash,26,4.6,3.9
2024-07-11 09:33:00,CNR2038848295,Success,CID217951,Auto,Ramamurthy Nagar,Bellandur,210.0,105.0,Not Applicable,Not Applicable,No,Not Applicable,271,Cash,7,4.9,5.0
2024-07-12 13:02:00,CNR8176381925,Canceled by Driver,CID591590,Prime Plus,BTM Layout,Magadi Road,,,Not Applicable,Customer related issue,Not Applicable,Not Applicable,292,Not Applicable,0,,
2024-07-03 05:41:00,CNR2476553469,Success,CID245689,Auto,Varthur,Koramangala,196.0,50.0,Not Applicable,Not Applicable,No,Not Applicable,472,Cash,18,4.4,3.1
2024-07-08 11:06:00,CNR4892228394,Canceled by Driver,CID925788,Prime SUV,KR Puram,Richmond Town,,,Not Applicable,Personal & Car related issue,Not Applicable,Not Applicable,1820,Not Applicable,0,,
2024-07-08 21:17:00,CNR9842721752,Success,CID651333,Mini,Shantinagar,JP Nagar,140.0,35.0,Not Applicable,Not Applicable,No,Not Applicable,435,Cash,42,3.6,4.4
2024-07-06 00:31:00,CNR4972883191,Success,CID337818,Bike,Frazer Town,Frazer Town,273.0,130.0,Not Applicable,Not Applicable,No,Not Applicable,373,UPI,27,4.1,4.9
2024-07-10 10:08:00,CNR3872178344,Success,CID519330,eBike,Yeshwanthpur,Varthur,308.0,55.0,Not Applicable,Not Applicable,No,Not Applicable,177,Cash,9,3.2,3.7
2024-07-24 09:53:00,CNR1768576277,Canceled by Customer,CID820685,Mini,Chickpet,Sahakar Nagar,,,Driver is not moving towards pickup location,Not Applicable,Not Applicable,Not Applicable,2507,Not Applicable,0,,
2024-07-25 08:36:00,CNR3344825496,Canceled by Driver,CID463259,Bike,BTM Layout,Yeshwanthpur,,,Not Applicable,Personal & Car related issue,Not Applicable,Not Applicable,114,Not Applicable,0,,
2024-07-26 00:14:00,CNR2674869916,Success,CID547356,Mini,Basavanagudi,Majestic,231.0,35.0,Not Applicable,Not Applicable,No,Not Applicable,436,Cash,26,3.8,4.0
2024-07-05 20:59:00,CNR7397533893,Success,CID998317,Prime Sedan,Langford Town,JP Nagar,259.0,140.0,Not Applicable,Not Applicable,No,Not Applicable,1394,Cash,39,3.3,3.5
2024-07-06 17:25:00,CNR8737530847,Canceled by Driver,CID271353,Mini,JP Nagar,Rajarajeshwari Nagar,,,Not Applicable,Customer was coughing/sick,Not Applicable,Not Applicable,584,Not Applicable,0,,
2024-07-11 19:58:00,CNR7210544353,Canceled by Driver,CID812696,Prime Sedan,Padmanabhanagar,Hosur Road,,,Not Applicable,More than permitted people in there,Not Applicable,Not Applicable,393,Not Applicable,0,,
2024-07-24 03:46:00,CNR7711763004,Success,CID772289,Prime Sedan,Mysore Road,Indiranagar,308.0,115.0,Not Applicable,Not Applicable,No,Not Applicable,263,UPI,10,3.8,5.0
2024-07-25 22:47:00,CNR6050135035,Success,CID318082,eBike,Frazer Town,Yeshwanthpur,35.0,35.0,Not Applicable,Not Applicable,No,Not Applicable,2971,Cash,22,4.5,3.7
2024-07-15 19:58:00,CNR3588188517,Success,CID457464,Prime Sedan,Majestic,Banashankari,203.0,60.0,Not Applicable,Not Applicable,No,Not Applicable,404,Cash,2,3.7,4.3
2024-07-17 07:13:00,CNR6092367761,Success,CID867680,Prime SUV,Hulimavu,Mysore Road,84.0,60.0,Not Applicable,Not Applicable,No,Not Applicable,404,UPI,33,4.1,3.1
2024-07-07 19:17:00,CNR7638172655,Driver Not Found,CID700155,Auto,Devanahalli,Richmond Town,,,Not Applicable,Not Applicable,Not Applicable,Not Applicable,134,Not Applicable,0,,
2024-07-29 23:31:00,CNR3232555091,Success,CID966348,eBike,Bellandur,Peenya,56.0,145.0,Not Applicable,Not Applicable,No,Not Applicable,436,Cash,24,3.1,4.2
2024-07-12 21:54:00,CNR6699418697,Success,CID878213,Prime SUV,Vijayanagar,Whitefield,56.0,90.0,Not Applicable,Not Applicable,No,Not Applicable,2699,Cash,32,3.5,4.3
2024-07-20 19:28:00,CNR1238601389,Driver Not Found,CID372576,Auto,Vijayanagar,MG Road,,,Not Applicable,Not Applicable,Not Applicable,Not Applicable,223,Not Applicable,0,,
2024-07-07 16:31:00,CNR5160115403,Canceled by Driver,CID179855,Prime Plus,Kammanahalli,Hulimavu,,,Not Applicable,Customer was coughing/sick,Not Applicable,Not Applicable,945,Not Applicable,0,,
2024-07-05 05:17:00,CNR2555202689,Canceled by Driver,CID638556,Auto,KR Puram,Kengeri,,,Not Applicable,More than permitted people in there,Not Applicable,Not Applicable,683,Not Applicable,0,,
2024-07-11 09:05:00,CNR5936845954,Success,CID154544,Prime Plus,Basavanagudi,Indiranagar,308.0,40.0,Not Applicable,Not Applicable,No,Not Applicable,256,Cash,13,3.1,4.2
2024-07-15 11:06:00,CNR9472007907,Canceled by Driver,CID164990,Auto,Marathahalli,Bannerghatta Road,,,Not Applicable,Personal & Car related issue,Not Applicable,Not Applicable,493,Not Applicable,0,,
2024-07-27 12:22:00,CNR5574827728,Canceled by Driver,CID420820,Prime Sedan,Banashankari,Nagarbhavi,,,Not Applicable,Personal & Car related issue,Not Applicable,Not Applicable,287,Not Applicable,0,,
2024-07-29 21:15:00,CNR7991742361,Success,CID832429,Mini,Sahakar Nagar,Mysore Road,119.0,115.0,Not Applicable,Not Applicable,No,Not Applicable,812,Cash,8,4.6,3.9
2024-07-03 12:47:00,CNR3121269584,Success,CID434977,eBike,Chickpet,Ulsoor,168.0,90.0,Not Applicable,Not Applicable,No,Not Applicable,478,UPI,41,3.9,3.0
2024-07-01 20:51:00,CNR4381875538,Success,CID370942,Prime Sedan,Malleshwaram,Padmanabhanagar,168.0,75.0,Not Applicable,Not Applicable,No,Not Applicable,2503,UPI,15,4.6,4.3
2024-07-13 12:27:00,CNR9980773951,Canceled by Customer,CID419695,Prime SUV,Rajarajeshwari Nagar,Rajajinagar,,,Driver is not moving towards pickup location,Not Applicable,Not Applicable,Not Applicable,421,Not Applicable,0,,
2024-07-07 14:11:00,CNR1640802375,Canceled by Customer,CID778406,Prime Sedan,Yelahanka,Yelahanka,,,Driver is not moving towards pickup location,Not Applicable,Not Applicable,Not Applicable,440,Not Applicable,0,,
2024-07-20 05:23:00,CNR9815721636,Canceled by Driver,CID344452,Prime Sedan,Chamarajpet,Nagarbhavi,,,Not Applicable,Customer was coughing/sick,Not Applicable,Not Applicable,143,Not Applicable,0,,
2024-07-11 20:39:00,CNR8017475613,Driver Not Found,CID942317,eBike,Kammanahalli,Varthur,,,Not Applicable,Not Applicable,Not Applicable,Not Applicable,929,Not Applicable,0,,
2024-07-30 23:12:00,CNR9746651916,Success,CID793543,eBike,Cox Town,Sarjapur Road,56.0,60.0,Not Applicable,Not Applicable,No,Not Applicable,256,Cash,43,3.5,4.1
2024-07-23 22:11:00,CNR1920936702,Success,CID335507,Bike,JP Nagar,Langford Town,133.0,120.0,Not Applicable,Not Applicable,No,Not Applicable,351,Cash,22,5.0,4.6
2024-07-04 09:13:00,CNR7529711459,Success,CID561392,Prime Sedan,Sahakar Nagar,Rajarajeshwari Nagar,98.0,75.0,Not Applicable,Not Applicable,No,Not Applicable,819,UPI,31,4.6,3.6
2024-07-30 13:32:00,CNR7387960674,Canceled by Driver,CID204398,Auto,Chamarajpet,Bannerghatta Road,,,Not Applicable,Customer related issue,Not Applicable,Not Applicable,386,Not Applicable,0,,
2024-07-17 08:10:00,CNR1023678386,Driver Not Found,CID861650,Bike,Bellandur,Tumkur Road,,,Not Applicable,Not Applicable,Not Applicable,Not Applicable,188,Not Applicable,0,,
2024-07-12 13:49:00,CNR4356997466,Driver Not Found,CID647693,Prime Sedan,Basavanagudi,JP Nagar,,,Not Applicable,Not Applicable,Not Applicable,Not Applicable,413,Not Applicable,0,,
2024-07-04 17:37:00,CNR7387803361,Success,CID455209,eBike,RT Nagar,BTM Layout,35.0,35.0,Not Applicable,Not Applicable,Yes,Other Issue,214,Cash,34,3.2,4.3
2024-07-07 15:55:00,CNR5115451738,Success,CID764528,eBike,Mysore Road,Tumkur Road,301.0,30.0,Not Applicable,Not Applicable,No,Not Applicable,315,Cash,25,4.4,4.8
2024-07-05 19:58:00,CNR3751510243,Success,CID281948,Bike,Kammanahalli,Vijayanagar,35.0,105.0,Not Applicable,Not Applicable,No,Not Applicable,1178,UPI,15,3.5,3.9
2024-07-17 01:08:00,CNR7528034384,Success,CID363398,Bike,Banashankari,Indiranagar,301.0,45.0,Not Applicable,Not Applicable,No,Not Applicable,932,UPI,45,3.5,4.2
2024-07-23 14:26:00,CNR6350108037,Success,CID327120,Prime Sedan,Kammanahalli,KR Puram,252.0,65.0,Not Applicable,Not Applicable,No,Not Applicable,350,Cash,49,3.8,3.1
2024-07-23 13:26:00,CNR5105997607,Canceled by Driver,CID907803,Prime Plus,Shivajinagar,MG Road,,,Not Applicable,Customer was coughing/sick,Not Applicable,Not Applicable,607,Not Applicable,0,,
2024-07-27 15:20:00,CNR2503514199,Success,CID210839,Prime Sedan,Yelahanka,Rajajinagar,217.0,135.0,Not Applicable,Not Applicable,No,Not Applicable,933,UPI,8,4.5,3.3
2024-07-29 22:19:00,CNR3523163251,Success,CID907960,Prime Sedan,Shivajinagar,Rajajinagar,252.0,25.0,Not Applicable,Not Applicable,No,Not Applicable,1926,Cash,35,3.1,4.1
2024-07-22 10:06:00,CNR3576894445,Driver Not Found,CID251788,Prime Plus,Richmond Town,Yelahanka,,,Not Applicable,Not Applicable,Not Applicable,Not Applicable,372,Not Applicable,0,,
2024-07-10 09:14:00,CNR5914460684,Success,CID230787,Bike,Varthur,Rajarajeshwari Nagar,217.0,145.0,Not Applicable,Not Applicable,No,Not Applicable,2320,UPI,42,4.2,3.2
2024-07-17 07:26:00,CNR1235881423,Canceled by Driver,CID267354,Prime Sedan,JP Nagar,Peenya,,,Not Applicable,Personal & Car related issue,Not Applicable,Not Applicable,323,Not Applicable,0,,
2024-07-20 21:15:00,CNR8858267361,Success,CID177997,Bike,Kadugodi,Richmond Town,105.0,135.0,Not Applicable,Not Applicable,No,Not Applicable,486,UPI,3,3.2,3.2
2024-07-26 01:17:00,CNR6177106036,Canceled by Customer,CID374653,Prime Sedan,Shantinagar,JP Nagar,,,Driver is not moving towards pickup location,Not Applicable,Not Applicable,Not Applicable,330,Not Applicable,0,,
2024-07-06 01:32:00,CNR3551329317,Success,CID540776,eBike,Rajarajeshwari Nagar,Hennur,175.0,125.0,Not Applicable,Not Applicable,No,Not Applicable,774,UPI,48,3.8,4.2
2024-07-05 10:19:00,CNR2070996104,Canceled by Customer,CID283739,Mini,Chamarajpet,Bellandur,,,Driver is not moving towards pickup location,Not Applicable,Not Applicable,Not Applicable,340,Not Applicable,0,,
2024-07-14 07:09:00,CNR4034481029,Success,CID640171,Mini,Majestic,Devanahalli,217.0,145.0,Not Applicable,Not Applicable,No,Not Applicable,626,Cash,35,4.5,4.9
2024-07-03 07:55:00,CNR9463563547,Success,CID684209,Prime SUV,Richmond Town,Hulimavu,35.0,60.0,Not Applicable,Not Applicable,No,Not Applicable,104,UPI,29,3.0,3.9
2024-07-28 10:59:00,CNR1078079657,Success,CID275822,Prime Plus,Ramamurthy Nagar,Jayanagar,217.0,30.0,Not Applicable,Not Applicable,No,Not Applicable,1217,Cash,24,4.6,4.4
2024-07-20 06:37:00,CNR3303910776,Canceled by Customer,CID945940,Bike,JP Nagar,Peenya,,,Driver is not moving towards pickup location,Not Applicable,Not Applicable,Not Applicable,531,Not Applicable,0,,
2024-07-02 17:47:00,CNR5537084047,Canceled by Driver,CID180386,Mini,Langford Town,Marathahalli,,,Not Applicable,More than permitted people in there,Not Applicable,Not Applicable,498,Not Applicable,0,,
2024-07-26 14:15:00,CNR2692827681,Success,CID253415,Prime SUV,Langford Town,Sahakar Nagar,301.0,100.0,Not Applicable,Not Applicable,No,Not Applicable,898,Cash,41,3.4,4.7
2024-07-28 16:58:00,CNR6471650860,Success,CID662313,Prime SUV,Langford Town,Sahakar Nagar,140.0,30.0,Not Applicable,Not Applicable,No,Not Applicable,162,Cash,41,3.1,3.9
2024-07-23 19:00:00,CNR1738337550,Canceled by Driver,CID687467,Bike,Banashankari,JP Nagar,,,Not Applicable,Personal & Car related issue,Not Applicable,Not Applicable,2487,Not Applicable,0,,
2024-07-15 21:51:00,CNR1544589013,Success,CID814611,eBike,Frazer Town,Bellandur,280.0,140.0,Not Applicable,Not Applicable,No,Not Applicable,221,Cash,26,3.6,4.2
2024-07-11 21:42:00,CNR7339364343,Success,CID229910,Auto,Kammanahalli,BTM Layout,203.0,120.0,Not Applicable,Not Applicable,No,Not Applicable,124,Cash,2,3.2,3.0
2024-07-15 08:37:00,CNR7987286111,Canceled by Customer,CID234312,Bike,Bellandur,JP Nagar,,,AC is Not working,Not Applicable,Not Applicable,Not Applicable,828,Not Applicable,0,,
2024-07-06 02:42:00,CNR1755891395,Success,CID454731,Prime SUV,Electronic City,Cox Town,98.0,25.0,Not Applicable,Not Applicable,No,Not Applicable,301,UPI,17,4.0,4.3
2024-07-20 20:32:00,CNR2797031362,Driver Not Found,CID424871,Mini,BTM Layout,Indiranagar,,,Not Applicable,Not Applicable,Not Applicable,Not Applicable,280,Not Applicable,0,,
2024-07-18 20:22:00,CNR1633156548,Success,CID275870,eBike,JP Nagar,Ulsoor,259.0,35.0,Not Applicable,Not Applicable,Yes,Customer Demand,620,UPI,8,3.4,4.2
2024-07-26 05:03:00,CNR1697441642,Driver Not Found,CID888605,Prime SUV,Hennur,RT Nagar,,,Not Applicable,Not Applicable,Not Applicable,Not Applicable,360,Not Applicable,0,,
2024-07-10 11:16:00,CNR1025317987,Success,CID961820,Auto,Hennur,Vijayanagar,210.0,75.0,Not Applicable,Not Applicable,No,Not Applicable,390,Cash,17,3.8,3.9
2024-07-08 11:33:00,CNR4372652283,Driver Not Found,CID249271,Bike,Electronic City,Hosur Road,,,Not Applicable,Not Applicable,Not Applicable,Not Applicable,850,Not Applicable,0,,
2024-07-21 13:16:00,CNR1223038226,Driver Not Found,CID165218,Prime Sedan,BTM Layout,Langford Town,,,Not Applicable,Not Applicable,Not Applicable,Not Applicable,211,Not Applicable,0,,
2024-07-22 14:07:00,CNR8545344401,Canceled by Driver,CID654979,Prime Sedan,Sarjapur Road,Varthur,,,Not Applicable,Customer related issue,Not Applicable,Not Applicable,284,Not Applicable,0,,
2024-07-05 20:37:00,CNR6122326709,Success,CID994272,Auto,Marathahalli,HSR Layout,63.0,120.0,Not Applicable,Not Applicable,No,Not Applicable,453,UPI,7,4.8,3.5
2024-07-06 16:37:00,CNR7554913950,Success,CID777908,eBike,Devanahalli,Langford Town,154.0,50.0,Not Applicable,Not Applicable,No,Not Applicable,557,Cash,8,4.3,3.7
2024-07-30 22:15:00,CNR6873983862,Driver Not Found,CID346732,eBike,Magadi Road,Majestic,,,Not Applicable,Not Applicable,Not Applicable,Not Applicable,856,Not Applicable,0,,
2024-07-30 22:15:00,CNR4165232039,Canceled by Driver,CID353445,Mini,Rajarajeshwari Nagar,Varthur,,,Not Applicable,Customer related issue,Not Applicable,Not Applicable,632,Not Applicable,0,,
2024-07-10 01:51:00,CNR4992610052,Success,CID696550,Prime Plus,Peenya,Koramangala,196.0,105.0,Not Applicable,Not Applicable,No,Not Applicable,113,Cash,48,3.5,4.1
2024-07-26 21:58:00,CNR2483551829,Driver Not Found,CID327919,eBike,Majestic,Shantinagar,,,Not Applicable,Not Applicable,Not Applicable,Not Applicable,1571,Not Applicable,0,,
2024-07-17 13:52:00,CNR4346265657,Success,CID834131,eBike,Chickpet,Malleshwaram,252.0,90.0,Not Applicable,Not Applicable,No,Not Applicable,418,Cash,39,3.7,4.9
2024-07-16 15:23:00,CNR8466428078,Success,CID596602,Prime Plus,Chamarajpet,JP Nagar,182.0,60.0,Not Applicable,Not Applicable,No,Not Applicable,818,Cash,36,4.0,3.7
2024-07-02 04:07:00,CNR8947793118,Canceled by Customer,CID618226,Mini,Frazer Town,BTM Layout,,,Wrong Address,Not Applicable,Not Applicable,Not Applicable,288,Not Applicable,0,,
2024-07-16 07:49:00,CNR6342345951,Success,CID144680,Prime Sedan,Chamarajpet,Padmanabhanagar,196.0,140.0,Not Applicable,Not Applicable,No,Not Applicable,1475,UPI,27,4.3,4.6
2024-07-04 04:53:00,CNR3197620921,Canceled by Driver,CID232126,Bike,Hosur Road,Sahakar Nagar,,,Not Applicable,Customer related issue,Not Applicable,Not Applicable,2318,Not Applicable,0,,
2024-07-15 16:39:00,CNR7763068953,Canceled by Customer,CID117509,Auto,Ramamurthy Nagar,Malleshwaram,,,Wrong Address,Not Applicable,Not Applicable,Not Applicable,486,Not Applicable,0,,
2024-07-27 16:48:00,CNR8527520434,Driver Not Found,CID386516,Auto,BTM Layout,Kengeri,,,Not Applicable,Not Applicable,Not Applicable,Not Applicable,348,Not Applicable,0,,
2024-07-02 18:42:00,CNR6672285757,Canceled by Customer,CID606955,Prime SUV,Hennur,Tumkur Road,,,Change of plans,Not Applicable,Not Applicable,Not Applicable,352,Not Applicable,0,,
2024-07-02 19:16:00,CNR5814944563,Canceled by Driver,CID642937,Auto,Kammanahalli,Basavanagudi,,,Not Applicable,Customer related issue,Not Applicable,Not Applicable,1686,Not Applicable,0,,
2024-07-26 13:42:00,CNR2777489534,Success,CID721719,Mini,Banashankari,Peenya,308.0,110.0,Not Applicable,Not Applicable,No,Not Applicable,377,UPI,34,4.3,3.4
2024-07-22 10:02:00,CNR2286645038,Success,CID738057,Prime SUV,Padmanabhanagar,Bellandur,63.0,30.0,Not Applicable,Not Applicable,No,Not Applicable,374,Cash,10,3.4,3.8
2024-07-12 22:16:00,CNR3232410190,Success,CID675040,Prime Plus,Devanahalli,Sahakar Nagar,161.0,90.0,Not Applicable,Not Applicable,No,Not Applicable,691,Cash,22,4.2,3.2
2024-07-12 12:57:00,CNR5651934170,Success,CID469578,eBike,Basavanagudi,Jayanagar,168.0,75.0,Not Applicable,Not Applicable,No,Not Applicable,341,Cash,20,4.4,4.7
2024-07-27 19:29:00,CNR2936126727,Success,CID191614,eBike,Kammanahalli,Padmanabhanagar,210.0,100.0,Not Applicable,Not Applicable,Yes,Customer Demand,450,Cash,31,4.4,3.2
2024-07-08 07:29:00,CNR2921937017,Success,CID559477,eBike,Bellandur,Frazer Town,56.0,100.0,Not Applicable,Not Applicable,No,Not Applicable,225,UPI,4,4.1,4.5
2024-07-18 03:53:00,CNR6420557202,Success,CID815585,Prime SUV,RT Nagar,JP Nagar,42.0,130.0,Not Applicable,Not Applicable,No,Not Applicable,2872,UPI,35,4.5,4.5
2024-07-14 14:50:00,CNR6629635066,Canceled by Driver,CID774483,Bike,Hulimavu,Varthur,,,Not Applicable,Personal & Car related issue,Not Applicable,Not Applicable,867,Not Applicable,0,,
2024-07-29 14:34:00,CNR4291110990,Success,CID231207,Prime SUV,Tumkur Road,Sarjapur Road,112.0,90.0,Not Applicable,Not Applicable,Yes,Customer Demand,436,UPI,10,3.5,4.9
2024-07-05 22:27:00,CNR5227510008,Driver Not Found,CID799211,Mini,Sarjapur Road,Whitefield,,,Not Applicable,Not Applicable,Not Applicable,Not Applicable,477,Not Applicable,0,,
2024-07-03 12:43:00,CNR1302339768,Success,CID524551,Mini,Rajarajeshwari Nagar,Chickpet,280.0,135.0,Not Applicable,Not Applicable,No,Not Applicable,265,UPI,33,4.0,4.9
2024-07-28 07:27:00,CNR7547372813,Canceled by Customer,CID351881,eBike,Hulimavu,Indiranagar,,,Driver is not moving towards pickup location,Not Applicable,Not Applicable,Not Applicable,650,Not Applicable,0,,
2024-07-07 06:59:00,CNR9556258397,Success,CID527194,Bike,Varthur,Hulimavu,161.0,55.0,Not Applicable,Not Applicable,No,Not Applicable,834,UPI,48,3.0,4.7
2024-07-27 03:03:00,CNR4392648936,Canceled by Driver,CID715098,Prime Sedan,Kadugodi,Marathahalli,,,Not Applicable,Customer was coughing/sick,Not Applicable,Not Applicable,427,Not Applicable,0,,
2024-07-18 22:46:00,CNR1079085274,Success,CID314676,Auto,Padmanabhanagar,Varthur,56.0,135.0,Not Applicable,Not Applicable,No,Not Applicable,883,Cash,9,4.8,3.3
2024-07-11 04:35:00,CNR8945439075,Canceled by Driver,CID881863,Bike,Hulimavu,Jayanagar,,,Not Applicable,Personal & Car related issue,Not Applicable,Not Applicable,156,Not Applicable,0,,
2024-07-22 08:41:00,CNR3655798003,Driver Not Found,CID262714,eBike,BTM Layout,Electronic City,,,Not Applicable,Not Applicable,Not Applicable,Not Applicable,989,Not Applicable,0,,
2024-07-09 07:22:00,CNR1729501452,Success,CID972039,Mini,Frazer Town,Hebbal,98.0,65.0,Not Applicable,Not Applicable,No,Not Applicable,249,Cash,30,4.9,4.6
2024-07-26 22:50:00,CNR5414406084,Success,CID128523,Mini,Kengeri,Hennur,49.0,80.0,Not Applicable,Not Applicable,No,Not Applicable,671,Cash,46,4.0,4.7
2024-07-03 03:38:00,CNR3595783014,Success,CID141764,Bike,Marathahalli,Frazer Town,77.0,145.0,Not Applicable,Not Applicable,No,Not Applicable,222,Cash,23,4.6,4.8
2024-07-10 09:53:00,CNR5428044732,Driver Not Found,CID167600,Prime Plus,Whitefield,Bellandur,,,Not Applicable,Not Applicable,Not Applicable,Not Applicable,490,Not Applicable,0,,
2024-07-15 05:49:00,CNR8080428455,Success,CID411433,Mini,HSR Layout,Shivajinagar,98.0,45.0,Not Applicable,Not Applicable,No,Not Applicable,881,UPI,41,4.5,3.5
2024-07-28 12:50:00,CNR8805468811,Canceled by Driver,CID243643,Prime Sedan,Rajajinagar,Chickpet,,,Not Applicable,Personal & Car related issue,Not Applicable,Not Applicable,673,Not Applicable,0,,
2024-07-21 05:17:00,CNR2567885606,Driver Not Found,CID555598,eBike,Shantinagar,MG Road,,,Not Applicable,Not Applicable,Not Applicable,Not Applicable,174,Not Applicable,0,,
2024-07-08 12:20:00,CNR7891168278,Success,CID830675,Prime Sedan,Koramangala,Kengeri,203.0,90.0,Not Applicable,Not Applicable,No,Not Applicable,261,UPI,5,4.2,3.6
2024-07-26 07:38:00,CNR3121310416,Success,CID816217,Prime Plus,Hebbal,RT Nagar,252.0,65.0,Not Applicable,Not Applicable,No,Not Applicable,478,UPI,14,3.9,3.5
2024-07-03 17:51:00,CNR8492572005,Success,CID975896,Auto,Majestic,Shantinagar,161.0,115.0,Not Applicable,Not Applicable,No,Not Applicable,2185,UPI,11,3.8,3.7
2024-07-20 08:52:00,CNR4521063176,Success,CID482067,Prime Plus,Kammanahalli,Whitefield,280.0,55.0,Not Applicable,Not Applicable,No,Not Applicable,106,Cash,19,3.7,4.1
2024-07-15 05:46:00,CNR6433516571,Success,CID928635,Prime Sedan,Shantinagar,Richmond Town,168.0,105.0,Not Applicable,Not Applicable,No,Not Applicable,430,Cash,5,3.5,4.6
2024-07-29 16:36:00,CNR2674716957,Driver Not Found,CID925071,Bike,JP Nagar,Jayanagar,,,Not Applicable,Not Applicable,Not Applicable,Not Applicable,248,Not Applicable,0,,
2024-07-25 04:16:00,CNR6002227334,Canceled by Customer,CID718777,Prime Sedan,Vijayanagar,Rajarajeshwari Nagar,,,Driver asked to cancel,Not Applicable,Not Applicable,Not Applicable,132,Not Applicable,0,,
2024-07-12 12:38:00,CNR1228290606,Driver Not Found,CID187328,eBike,Bellandur,Basavanagudi,,,Not Applicable,Not Applicable,Not Applicable,Not Applicable,798,Not Applicable,0,,
2024-07-03 13:51:00,CNR8194382571,Success,CID531334,eBike,Chickpet,Magadi Road,126.0,25.0,Not Applicable,Not Applicable,No,Not Applicable,352,UPI,45,3.7,4.6
2024-07-18 18:16:00,CNR3756090391,Success,CID129964,Prime Sedan,Malleshwaram,Varthur,245.0,30.0,Not Applicable,Not Applicable,No,Not Applicable,274,Cash,14,3.2,3.7
2024-07-12 20:45:00,CNR8120769636,Success,CID276983,Mini,Marathahalli,Whitefield,133.0,110.0,Not Applicable,Not Applicable,No,Not Applicable,259,Cash,23,3.2,4.5
2024-07-17 12:40:00,CNR4417379940,Canceled by Customer,CID147799,Bike,Frazer Town,Chamarajpet,,,Driver is not moving towards pickup location,Not Applicable,Not Applicable,Not Applicable,429,Not Applicable,0,,
2024-07-30 05:27:00,CNR5730291711,Canceled by Driver,CID422042,Bike,Jayanagar,Chickpet,,,Not Applicable,Personal & Car related issue,Not Applicable,Not Applicable,864,Not Applicable,0,,
2024-07-24 12:20:00,CNR5629403456,Success,CID975181,Mini,JP Nagar,Malleshwaram,217.0,135.0,Not Applicable,Not Applicable,No,Not Applicable,187,Cash,8,4.0,3.6
2024-07-28 11:10:00,CNR8367803657,Canceled by Driver,CID999695,Prime Plus,Langford Town,Shantinagar,,,Not Applicable,Customer related issue,Not Applicable,Not Applicable,382,Not Applicable,0,,
2024-07-02 07:06:00,CNR7199986575,Success,CID981526,Prime Sedan,KR Puram,Shivajinagar,273.0,140.0,Not Applicable,Not Applicable,Yes,Customer Demand,107,Cash,44,3.9,4.8
2024-07-01 11:39:00,CNR6576857765,Success,CID109669,Mini,Mysore Road,Chickpet,161.0,145.0,Not Applicable,Not Applicable,No,Not Applicable,459,UPI,16,3.8,4.4
2024-07-18 04:16:00,CNR1729962001,Success,CID696966,Prime SUV,KR Puram,Rajajinagar,42.0,120.0,Not Applicable,Not Applicable,No,Not Applicable,104,Cash,36,3.5,4.8
2024-07-08 16:38:00,CNR9249947366,Success,CID975004,Prime SUV,Tumkur Road,MG Road,161.0,110.0,Not Applicable,Not Applicable,No,Not Applicable,262,Cash,8,3.8,4.8
2024-07-26 11:38:00,CNR9294967816,Success,CID591098,eBike,MG Road,Kadugodi,175.0,135.0,Not Applicable,Not Applicable,Yes,Other Issue,1484,Cash,45,4.3,3.2
2024-07-20 05:16:00,CNR1997931547,Success,CID258099,Prime Sedan,Cox Town,Ulsoor,91.0,40.0,Not Applicable,Not Applicable,No,Not Applicable,827,Cash,3,3.1,4.1
2024-07-03 16:54:00,CNR7100639084,Canceled by Driver,CID845856,Prime SUV,Varthur,Sahakar Nagar,,,Not Applicable,Customer was coughing/sick,Not Applicable,Not Applicable,364,Not Applicable,0,,
2024-07-10 16:00:00,CNR2163110082,Success,CID863800,Auto,Shivajinagar,Shivajinagar,77.0,45.0,Not Applicable,Not Applicable,Yes,Customer Demand,965,Cash,3,3.8,3.9
2024-07-20 18:12:00,CNR2263126364,Canceled by Customer,CID415193,Prime Sedan,Rajarajeshwari Nagar,Rajajinagar,,,AC is Not working,Not Applicable,Not Applicable,Not Applicable,470,Not Applicable,0,,
2024-07-01 21:17:00,CNR4883763613,Success,CID729259,Prime Plus,Rajajinagar,Hulimavu,259.0,50.0,Not Applicable,Not Applicable,No,Not Applicable,815,Cash,34,3.9,4.2
2024-07-08 04:54:00,CNR4609389388,Success,CID198079,eBike,Shivajinagar,Hosur Road,217.0,80.0,Not Applicable,Not Applicable,No,Not Applicable,760,Cash,8,4.3,3.3
2024-07-06 14:20:00,CNR5078962306,Driver Not Found,CID220653,eBike,Malleshwaram,KR Puram,,,Not Applicable,Not Applicable,Not Applicable,Not Applicable,369,Not Applicable,0,,
2024-07-26 21:21:00,CNR4476686538,Success,CID774279,Prime Plus,Jayanagar,Magadi Road,84.0,75.0,Not Applicable,Not Applicable,No,Not Applicable,913,Cash,49,4.6,4.2
2024-07-01 13:41:00,CNR6543038956,Success,CID784746,Prime Sedan,Chickpet,RT Nagar,294.0,145.0,Not Applicable,Not Applicable,No,Not Applicable,433,UPI,27,3.7,3.6
2024-07-06 09:54:00,CNR2626105267,Canceled by Driver,CID122825,Mini,Koramangala,Richmond Town,,,Not Applicable,More than permitted people in there,Not Applicable,Not Applicable,322,Not Applicable,0,,
2024-07-20 12:14:00,CNR6135295420,Canceled by Driver,CID923934,Prime Sedan,Padmanabhanagar,Langford Town,,,Not Applicable,Customer related issue,Not Applicable,Not Applicable,204,Not Applicable,0,,
2024-07-22 23:25:00,CNR2416030275,Success,CID921356,eBike,Mysore Road,Shantinagar,294.0,105.0,Not Applicable,Not Applicable,No,Not Applicable,516,Cash,29,3.3,4.0
2024-07-18 15:59:00,CNR5114289745,Success,CID771888,Auto,Richmond Town,Padmanabhanagar,154.0,140.0,Not Applicable,Not Applicable,No,Not Applicable,833,Cash,12,4.1,4.7
2024-07-14 22:58:00,CNR1520875880,Canceled by Driver,CID880315,Mini,Frazer Town,Kadugodi,,,Not Applicable,Customer was coughing/sick,Not Applicable,Not Applicable,2371,Not Applicable,0,,
2024-07-11 11:59:00,CNR8988717510,Canceled by Driver,CID338739,Mini,Hennur,Yelahanka,,,Not Applicable,Personal & Car related issue,Not Applicable,Not Applicable,339,Not Applicable,0,,
2024-07-10 00:51:00,CNR1460495386,Success,CID210907,Prime SUV,Whitefield,Nagarbhavi,273.0,65.0,Not Applicable,Not Applicable,No,Not Applicable,213,Cash,44,3.5,4.8
2024-07-24 17:46:00,CNR3804500218,Success,CID307955,Mini,MG Road,Bellandur,42.0,135.0,Not Applicable,Not Applicable,Yes,Customer Demand,1521,Cash,8,3.9,3.0
2024-07-17 03:34:00,CNR2540102088,Canceled by Driver,CID285656,eBike,Devanahalli,Frazer Town,,,Not Applicable,Customer was coughing/sick,Not Applicable,Not Applicable,480,Not Applicable,0,,
2024-07-17 23:41:00,CNR2673217706,Success,CID346613,Prime SUV,Richmond Town,Varthur,259.0,135.0,Not Applicable,Not Applicable,No,Not Applicable,2421,Cash,26,3.2,4.9
2024-07-21 13:58:00,CNR4924297446,Canceled by Customer,CID846637,eBike,Majestic,Peenya,,,AC is Not working,Not Applicable,Not Applicable,Not Applicable,125,Not Applicable,0,,
2024-07-29 21:32:00,CNR5488550961,Canceled by Customer,CID206905,Mini,JP Nagar,Rajajinagar,,,Driver asked to cancel,Not Applicable,Not Applicable,Not Applicable,447,Not Applicable,0,,
2024-07-23 03:42:00,CNR4474398038,Canceled by Driver,CID395050,Prime Sedan,Hennur,Shantinagar,,,Not Applicable,Personal & Car related issue,Not Applicable,Not Applicable,342,Not Applicable,0,,
2024-07-16 21:55:00,CNR9386302052,Canceled by Customer,CID196131,eBike,Hulimavu,Marathahalli,,,Wrong Address,Not Applicable,Not Applicable,Not Applicable,182,Not Applicable,0,,
2024-07-19 02:11:00,CNR7872296308,Success,CID471229,Prime Sedan,Cox Town,Sahakar Nagar,224.0,135.0,Not Applicable,Not Applicable,No,Not Applicable,464,Cash,30,3.1,4.9
2024-07-30 09:33:00,CNR7273646020,Success,CID914375,Auto,RT Nagar,Bannerghatta Road,252.0,120.0,Not Applicable,Not Applicable,No,Not Applicable,452,Cash,4,3.7,3.0
2024-07-27 05:29:00,CNR8795735984,Success,CID802603,Bike,Chamarajpet,BTM Layout,280.0,55.0,Not Applicable,Not Applicable,No,Not Applicable,1305,Cash,14,4.2,4.3
2024-07-03 15:09:00,CNR6066559031,Success,CID121930,eBike,Shivajinagar,Richmond Town,147.0,135.0,Not Applicable,Not Applicable,No,Not Applicable,453,UPI,47,4.1,4.2
2024-07-19 17:08:00,CNR7615835780,Canceled by Customer,CID133873,Auto,Jayanagar,Kadugodi,,,Change of plans,Not Applicable,Not Applicable,Not Applicable,164,Not Applicable,0,,
2024-07-29 07:07:00,CNR4231487178,Canceled by Driver,CID747005,eBike,Langford Town,Varthur,,,Not Applicable,More than permitted people in there,Not Applicable,Not Applicable,341,Not Applicable,0,,
2024-07-10 08:58:00,CNR5171461845,Success,CID946814,Mini,Magadi Road,Rajarajeshwari Nagar,91.0,95.0,Not Applicable,Not Applicable,No,Not Applicable,968,Cash,41,3.2,4.2
2024-07-13 22:05:00,CNR9590226780,Canceled by Customer,CID799795,Prime Plus,Bellandur,Cox Town,,,Driver is not moving towards pickup location,Not Applicable,Not Applicable,Not Applicable,327,Not Applicable,0,,
2024-07-02 08:49:00,CNR6189627958,Canceled by Customer,CID120520,Auto,Vijayanagar,Whitefield,,,AC is Not working,Not Applicable,Not Applicable,Not Applicable,464,Not Applicable,0,,
2024-07-21 14:45:00,CNR7460588858,Success,CID440236,Prime Sedan,Rajarajeshwari Nagar,Yeshwanthpur,63.0,125.0,Not Applicable,Not Applicable,Yes,Vehicle Breakdown,429,Cash,2,3.8,3.7
2024-07-27 20:18:00,CNR7063248625,Success,CID332295,Prime SUV,Yelahanka,Electronic City,56.0,25.0,Not Applicable,Not Applicable,No,Not Applicable,212,Cash,18,3.5,4.8
2024-07-08 10:04:00,CNR8524915257,Success,CID962205,Prime SUV,RT Nagar,Chamarajpet,112.0,60.0,Not Applicable,Not Applicable,No,Not Applicable,384,Cash,33,4.9,4.7
2024-07-03 02:30:00,CNR3409094869,Success,CID543932,Prime Sedan,HSR Layout,Padmanabhanagar,154.0,40.0,Not Applicable,Not Applicable,Yes,Vehicle Breakdown,628,Cash,11,4.9,3.5
2024-07-19 20:47:00,CNR9416599696,Success,CID880886,eBike,Cox Town,Mysore Road,140.0,85.0,Not Applicable,Not Applicable,No,Not Applicable,366,Cash,42,4.2,4.3
2024-07-11 18:36:00,CNR7980860767,Success,CID505138,Auto,Hosur Road,Hulimavu,147.0,35.0,Not Applicable,Not Applicable,No,Not Applicable,696,UPI,6,4.6,4.7
2024-07-01 22:53:00,CNR3342516024,Canceled by Driver,CID629805,Prime Sedan,Frazer Town,Ramamurthy Nagar,,,Not Applicable,Customer was coughing/sick,Not Applicable,Not Applicable,493,Not Applicable,0,,
2024-07-13 11:17:00,CNR1467301708,Canceled by Driver,CID951429,Auto,Frazer Town,Varthur,,,Not Applicable,Personal & Car related issue,Not Applicable,Not Applicable,1461,Not Applicable,0,,
2024-07-08 06:24:00,CNR5856423510,Canceled by Driver,CID244977,Prime Plus,Varthur,Kadugodi,,,Not Applicable,Personal & Car related issue,Not Applicable,Not Applicable,831,Not Applicable,0,,
2024-07-15 09:50:00,CNR8788082160,Canceled by Driver,CID478019,eBike,Hulimavu,Peenya,,,Not Applicable,Personal & Car related issue,Not Applicable,Not Applicable,690,Not Applicable,0,,
2024-07-06 21:48:00,CNR7998244667,Success,CID897592,Prime SUV,Devanahalli,Electronic City,217.0,85.0,Not Applicable,Not Applicable,No,Not Applicable,453,UPI,22,4.7,3.4
2024-07-21 17:11:00,CNR4552946475,Canceled by Driver,CID474848,Bike,RT Nagar,Hennur,,,Not Applicable,Personal & Car related issue,Not Applicable,Not Applicable,317,Not Applicable,0,,
2024-07-23 16:52:00,CNR1814071212,Success,CID269911,eBike,Magadi Road,RT Nagar,140.0,105.0,Not Applicable,Not Applicable,No,Not Applicable,452,UPI,37,4.5,4.0
2024-07-29 09:15:00,CNR7078279856,Success,CID161268,Prime Sedan,Yeshwanthpur,Rajajinagar,126.0,30.0,Not Applicable,Not Applicable,No,Not Applicable,495,UPI,12,3.5,4.3
2024-07-01 11:45:00,CNR5891743492,Success,CID851364,Bike,Peenya,Nagarbhavi,147.0,95.0,Not Applicable,Not Applicable,No,Not Applicable,219,UPI,4,4.0,3.9
2024-07-09 06:54:00,CNR1737763167,Success,CID513855,Bike,Shivajinagar,Malleshwaram,224.0,30.0,Not Applicable,Not Applicable,No,Not Applicable,202,Cash,15,3.4,4.6
2024-07-26 02:57:00,CNR6197063698,Driver Not Found,CID867823,Prime Plus,Shantinagar,Yeshwanthpur,,,Not Applicable,Not Applicable,Not Applicable,Not Applicable,298,Not Applicable,0,,
2024-07-07 16:12:00,CNR2130276831,Success,CID675516,Auto,Indiranagar,Hebbal,168.0,115.0,Not Applicable,Not Applicable,No,Not Applicable,353,UPI,13,3.8,3.1
2024-07-21 16:34:00,CNR8776084006,Canceled by Driver,CID657133,Mini,Ulsoor,Bellandur,,,Not Applicable,Customer was coughing/sick,Not Applicable,Not Applicable,308,Not Applicable,0,,
2024-07-14 22:26:00,CNR3563407124,Canceled by Customer,CID787956,Auto,Shivajinagar,Hennur,,,Change of plans,Not Applicable,Not Applicable,Not Applicable,228,Not Applicable,0,,
2024-07-26 11:56:00,CNR1285808274,Success,CID832834,Prime Sedan,RT Nagar,Malleshwaram,182.0,115.0,Not Applicable,Not Applicable,No,Not Applicable,1222,Cash,42,4.8,3.3
2024-07-15 20:05:00,CNR6255234389,Success,CID461196,Bike,Padmanabhanagar,Vijayanagar,273.0,45.0,Not Applicable,Not Applicable,No,Not Applicable,561,Cash,36,3.9,3.3
2024-07-23 04:08:00,CNR3168932103,Canceled by Driver,CID940985,Prime SUV,Bellandur,Basavanagudi,,,Not Applicable,Customer was coughing/sick,Not Applicable,Not Applicable,303,Not Applicable,0,,
2024-07-10 02:30:00,CNR3887588888,Canceled by Customer,CID159929,Auto,Hebbal,Ulsoor,,,AC is Not working,Not Applicable,Not Applicable,Not Applicable,374,Not Applicable,0,,
2024-07-17 04:56:00,CNR7615174801,Success,CID801684,Mini,Devanahalli,Ulsoor,280.0,140.0,Not Applicable,Not Applicable,No,Not Applicable,206,UPI,14,3.5,4.7
2024-07-18 11:10:00,CNR4264477221,Success,CID317528,Prime Sedan,Whitefield,Banashankari,308.0,100.0,Not Applicable,Not Applicable,No,Not Applicable,316,UPI,39,3.2,4.1
2024-07-30 21:19:00,CNR7022885594,Canceled by Driver,CID772147,Mini,Vijayanagar,Marathahalli,,,Not Applicable,More than permitted people in there,Not Applicable,Not Applicable,840,Not Applicable,0,,
2024-07-06 16:55:00,CNR3096108861,Canceled by Driver,CID784256,Prime Plus,Electronic City,Devanahalli,,,Not Applicable,Customer related issue,Not Applicable,Not Applicable,248,Not Applicable,0,,
2024-07-03 05:20:00,CNR7094175158,Success,CID911708,Mini,Electronic City,Bellandur,140.0,120.0,Not Applicable,Not Applicable,No,Not Applicable,644,Debit Card,39,4.6,4.5
2024-07-02 06:50:00,CNR9795589436,Success,CID945887,Mini,Banashankari,Kengeri,140.0,145.0,Not Applicable,Not Applicable,No,Not Applicable,237,UPI,1,4.0,4.5
2024-07-10 04:54:00,CNR6693216306,Canceled by Driver,CID494946,eBike,Ramamurthy Nagar,Hennur,,,Not Applicable,Customer related issue,Not Applicable,Not Applicable,164,Not Applicable,0,,
2024-07-09 09:56:00,CNR7212621907,Success,CID298795,Auto,Kengeri,Whitefield,273.0,75.0,Not Applicable,Not Applicable,No,Not Applicable,307,UPI,18,3.2,4.9
2024-07-09 03:40:00,CNR9326415702,Success,CID588533,Prime Sedan,Frazer Town,Sarjapur Road,259.0,60.0,Not Applicable,Not Applicable,No,Not Applicable,232,Cash,38,3.6,3.8
2024-07-20 02:49:00,CNR2125615963,Success,CID694891,Bike,Yeshwanthpur,Hulimavu,42.0,115.0,Not Applicable,Not Applicable,No,Not Applicable,315,Cash,47,4.4,5.0
2024-07-27 21:49:00,CNR4657793433,Canceled by Customer,CID655282,eBike,Shivajinagar,Peenya,,,Driver asked to cancel,Not Applicable,Not Applicable,Not Applicable,193,Not Applicable,0,,
2024-07-13 19:49:00,CNR8901641028,Success,CID480554,eBike,Peenya,Kadugodi,273.0,25.0,Not Applicable,Not Applicable,No,Not Applicable,778,Cash,38,5.0,5.0
2024-07-12 07:39:00,CNR5342774290,Success,CID652384,Prime Plus,Indiranagar,RT Nagar,196.0,25.0,Not Applicable,Not Applicable,No,Not Applicable,290,Cash,49,4.7,3.2
2024-07-02 04:56:00,CNR3787079561,Success,CID224674,Prime Plus,Kengeri,Bellandur,245.0,45.0,Not Applicable,Not Applicable,No,Not Applicable,410,Cash,3,3.4,3.9
2024-07-11 00:41:00,CNR5877849548,Driver Not Found,CID565786,Prime SUV,Sahakar Nagar,Shivajinagar,,,Not Applicable,Not Applicable,Not Applicable,Not Applicable,404,Not Applicable,0,,
2024-07-29 16:14:00,CNR3186280091,Driver Not Found,CID347826,eBike,Mysore Road,Vijayanagar,,,Not Applicable,Not Applicable,Not Applicable,Not Applicable,449,Not Applicable,0,,
2024-07-28 05:49:00,CNR4643440729,Success,CID155070,Mini,Chickpet,Shantinagar,238.0,130.0,Not Applicable,Not Applicable,No,Not Applicable,397,Cash,26,4.3,4.3
2024-07-18 11:59:00,CNR4814649668,Success,CID633781,Prime Sedan,Koramangala,Shivajinagar,280.0,70.0,Not Applicable,Not Applicable,No,Not Applicable,360,UPI,34,4.4,3.0
2024-07-17 10:56:00,CNR4956173514,Canceled by Driver,CID366966,Auto,Koramangala,Hebbal,,,Not Applicable,Customer related issue,Not Applicable,Not Applicable,979,Not Applicable,0,,
2024-07-02 18:54:00,CNR8402721327,Driver Not Found,CID600591,eBike,Electronic City,Cox Town,,,Not Applicable,Not Applicable,Not Applicable,Not Applicable,460,Not Applicable,0,,
2024-07-01 09:41:00,CNR2156034855,Success,CID333838,Mini,Richmond Town,Malleshwaram,196.0,85.0,Not Applicable,Not Applicable,No,Not Applicable,341,Credit Card,13,4.5,3.6
2024-07-22 16:21:00,CNR3768035050,Success,CID175408,Prime Plus,Chickpet,Hosur Road,35.0,50.0,Not Applicable,Not Applicable,No,Not Applicable,289,UPI,43,3.7,4.1
2024-07-29 06:28:00,CNR5550899882,Success,CID597396,eBike,Devanahalli,Rajarajeshwari Nagar,280.0,45.0,Not Applicable,Not Applicable,No,Not Applicable,497,UPI,28,4.7,4.7
2024-07-20 04:00:00,CNR3743912516,Canceled by Customer,CID324924,Prime SUV,Koramangala,Marathahalli,,,Driver asked to cancel,Not Applicable,Not Applicable,Not Applicable,274,Not Applicable,0,,
2024-07-16 12:42:00,CNR1503410170,Canceled by Customer,CID139550,Prime Plus,Hulimavu,Magadi Road,,,AC is Not working,Not Applicable,Not Applicable,Not Applicable,252,Not Applicable,0,,
2024-07-26 14:41:00,CNR8766704199,Canceled by Driver,CID742246,Mini,Banashankari,Kengeri,,,Not Applicable,Customer related issue,Not Applicable,Not Applicable,777,Not Applicable,0,,
2024-07-20 22:54:00,CNR9790440777,Canceled by Customer,CID824698,eBike,Hosur Road,Sahakar Nagar,,,Wrong Address,Not Applicable,Not Applicable,Not Applicable,106,Not Applicable,0,,
2024-07-13 06:14:00,CNR9304548920,Success,CID717499,Prime Plus,Sarjapur Road,Kammanahalli,210.0,80.0,Not Applicable,Not Applicable,No,Not Applicable,239,UPI,31,4.4,3.9
2024-07-15 18:41:00,CNR3237753705,Canceled by Driver,CID277342,Prime Sedan,Jayanagar,Yeshwanthpur,,,Not Applicable,Personal & Car related issue,Not Applicable,Not Applicable,949,Not Applicable,0,,
2024-07-01 02:18:00,CNR6011861795,Success,CID371813,Prime SUV,Ulsoor,Bannerghatta Road,70.0,140.0,Not Applicable,Not Applicable,Yes,Customer Demand,453,UPI,41,3.5,4.9
2024-07-02 09:17:00,CNR9144582330,Success,CID456759,eBike,Majestic,Rajajinagar,70.0,85.0,Not Applicable,Not Applicable,No,Not Applicable,964,Cash,6,3.2,4.4
2024-07-20 01:24:00,CNR6633927827,Driver Not Found,CID381491,Auto,Cox Town,Chamarajpet,,,Not Applicable,Not Applicable,Not Applicable,Not Applicable,766,Not Applicable,0,,
2024-07-16 05:40:00,CNR9720394946,Success,CID982106,Mini,Kadugodi,Mysore Road,112.0,110.0,Not Applicable,Not Applicable,No,Not Applicable,322,Cash,24,3.9,4.3
2024-07-04 09:45:00,CNR3264706145,Success,CID377460,Mini,Sarjapur Road,Shivajinagar,273.0,120.0,Not Applicable,Not Applicable,No,Not Applicable,333,Cash,17,3.5,3.8
2024-07-02 15:09:00,CNR5043344477,Success,CID954738,eBike,Ulsoor,Yelahanka,259.0,65.0,Not Applicable,Not Applicable,No,Not Applicable,223,Cash,9,3.5,4.1
2024-07-01 14:16:00,CNR9590124283,Success,CID165713,Prime Sedan,Ulsoor,Banashankari,77.0,70.0,Not Applicable,Not Applicable,No,Not Applicable,828,Cash,18,3.1,3.8
2024-07-11 07:33:00,CNR5931859803,Canceled by Driver,CID441718,Bike,Bannerghatta Road,Majestic,,,Not Applicable,Customer related issue,Not Applicable,Not Applicable,286,Not Applicable,0,,
2024-07-20 22:00:00,CNR7666992389,Success,CID318007,Auto,Shantinagar,Shantinagar,203.0,30.0,Not Applicable,Not Applicable,No,Not Applicable,261,UPI,14,4.1,4.5
2024-07-04 03:52:00,CNR6002586967,Success,CID830538,Auto,BTM Layout,Devanahalli,245.0,30.0,Not Applicable,Not Applicable,No,Not Applicable,281,Debit Card,10,3.8,3.6
2024-07-19 23:01:00,CNR8194568678,Canceled by Customer,CID534662,Mini,Electronic City,Kammanahalli,,,Wrong Address,Not Applicable,Not Applicable,Not Applicable,668,Not Applicable,0,,
2024-07-22 11:03:00,CNR9140033420,Success,CID772684,Mini,Sarjapur Road,Mysore Road,189.0,110.0,Not Applicable,Not Applicable,No,Not Applicable,338,UPI,14,3.5,3.0
2024-07-16 04:00:00,CNR8297644881,Canceled by Customer,CID507291,Prime SUV,Vijayanagar,Kengeri,,,AC is Not working,Not Applicable,Not Applicable,Not Applicable,986,Not Applicable,0,,
2024-07-18 13:18:00,CNR7369065010,Success,CID943060,Mini,Electronic City,Vijayanagar,98.0,60.0,Not Applicable,Not Applicable,No,Not Applicable,251,UPI,40,3.5,3.4
2024-07-24 00:24:00,CNR1477282168,Success,CID941965,Mini,Ulsoor,Varthur,308.0,85.0,Not Applicable,Not Applicable,No,Not Applicable,220,Cash,19,4.8,4.5
2024-07-12 10:06:00,CNR4368061255,Success,CID126947,Mini,Chamarajpet,Jayanagar,203.0,50.0,Not Applicable,Not Applicable,No,Not Applicable,410,Cash,16,3.1,3.0
2024-07-26 14:59:00,CNR5406548406,Success,CID503503,Prime SUV,Tumkur Road,Nagarbhavi,259.0,65.0,Not Applicable,Not Applicable,No,Not Applicable,408,Cash,21,3.5,3.2
2024-07-27 08:00:00,CNR5349300037,Success,CID931775,Prime SUV,Cox Town,Hosur Road,161.0,100.0,Not Applicable,Not Applicable,No,Not Applicable,319,UPI,33,4.2,3.7
2024-07-06 03:00:00,CNR5164255132,Canceled by Customer,CID922257,Bike,Tumkur Road,Rajarajeshwari Nagar,,,Driver is not moving towards pickup location,Not Applicable,Not Applicable,Not Applicable,311,Not Applicable,0,,
2024-07-20 16:49:00,CNR6720435046,Success,CID568245,Mini,Kadugodi,Varthur,112.0,50.0,Not Applicable,Not Applicable,No,Not Applicable,409,UPI,8,3.5,4.1
2024-07-16 22:32:00,CNR8255475776,Canceled by Customer,CID869938,eBike,Malleshwaram,Peenya,,,Change of plans,Not Applicable,Not Applicable,Not Applicable,1820,Not Applicable,0,,
2024-07-12 14:04:00,CNR6928316542,Success,CID395172,Auto,KR Puram,Koramangala,35.0,60.0,Not Applicable,Not Applicable,No,Not Applicable,215,Cash,10,3.3,5.0
2024-07-25 05:13:00,CNR1884129523,Driver Not Found,CID514380,eBike,Marathahalli,RT Nagar,,,Not Applicable,Not Applicable,Not Applicable,Not Applicable,266,Not Applicable,0,,
2024-07-28 22:49:00,CNR3682448454,Success,CID435586,Prime SUV,Chickpet,Nagarbhavi,238.0,50.0,Not Applicable,Not Applicable,No,Not Applicable,289,UPI,20,4.8,4.6
2024-07-10 13:36:00,CNR3292471837,Canceled by Customer,CID538122,eBike,Vijayanagar,Banashankari,,,Driver is not moving towards pickup location,Not Applicable,Not Applicable,Not Applicable,352,Not Applicable,0,,
2024-07-12 03:51:00,CNR6075359284,Success,CID622860,Bike,Chickpet,Yelahanka,133.0,135.0,Not Applicable,Not Applicable,No,Not Applicable,287,UPI,36,4.1,4.8
2024-07-27 02:38:00,CNR1976996593,Success,CID388414,Bike,Frazer Town,Richmond Town,56.0,25.0,Not Applicable,Not Applicable,No,Not Applicable,938,Cash,30,4.5,4.6
2024-07-17 13:23:00,CNR1198151307,Success,CID797155,Bike,Chickpet,Kengeri,35.0,65.0,Not Applicable,Not Applicable,No,Not Applicable,490,Cash,12,3.3,3.5
2024-07-02 09:51:00,CNR5289228282,Driver Not Found,CID419935,Bike,BTM Layout,Majestic,,,Not Applicable,Not Applicable,Not Applicable,Not Applicable,350,Not Applicable,0,,
2024-07-16 20:27:00,CNR9635850057,Canceled by Customer,CID418612,Prime Plus,HSR Layout,Shivajinagar,,,AC is Not working,Not Applicable,Not Applicable,Not Applicable,293,Not Applicable,0,,
2024-07-23 12:13:00,CNR4820622024,Canceled by Driver,CID126475,Prime Plus,Mysore Road,Yeshwanthpur,,,Not Applicable,Personal & Car related issue,Not Applicable,Not Applicable,261,Not Applicable,0,,
2024-07-25 16:10:00,CNR7954264602,Canceled by Driver,CID957631,Prime Plus,Nagarbhavi,KR Puram,,,Not Applicable,Personal & Car related issue,Not Applicable,Not Applicable,360,Not Applicable,0,,
2024-07-26 05:13:00,CNR1278378694,Canceled by Driver,CID529540,Auto,HSR Layout,Hebbal,,,Not Applicable,Personal & Car related issue,Not Applicable,Not Applicable,279,Not Applicable,0,,
2024-07-09 10:49:00,CNR9646498134,Success,CID677923,Mini,Bellandur,Richmond Town,217.0,145.0,Not Applicable,Not Applicable,No,Not Applicable,317,Cash,16,3.1,4.6
2024-07-21 12:40:00,CNR2062533193,Success,CID531522,Auto,JP Nagar,Hebbal,175.0,25.0,Not Applicable,Not Applicable,No,Not Applicable,440,UPI,15,4.7,4.8
2024-07-06 19:47:00,CNR4821251518,Canceled by Driver,CID701149,eBike,Rajarajeshwari Nagar,Ramamurthy Nagar,,,Not Applicable,Customer was coughing/sick,Not Applicable,Not Applicable,748,Not Applicable,0,,
2024-07-11 02:17:00,CNR6014677137,Driver Not Found,CID566972,Mini,Yelahanka,Tumkur Road,,,Not Applicable,Not Applicable,Not Applicable,Not Applicable,275,Not Applicable,0,,
2024-07-02 04:59:00,CNR4727187626,Success,CID765251,Prime SUV,RT Nagar,Kadugodi,175.0,45.0,Not Applicable,Not Applicable,No,Not Applicable,537,Credit Card,26,3.9,4.9
2024-07-01 21:13:00,CNR6125246664,Driver Not Found,CID958887,eBike,Vijayanagar,Chickpet,,,Not Applicable,Not Applicable,Not Applicable,Not Applicable,711,Not Applicable,0,,
2024-07-29 06:55:00,CNR7592820367,Success,CID934392,Bike,JP Nagar,Koramangala,42.0,125.0,Not Applicable,Not Applicable,Yes,Customer Demand,119,Cash,7,3.9,3.8
2024-07-29 23:59:00,CNR3097556378,Success,CID908406,Bike,Devanahalli,Bellandur,231.0,65.0,Not Applicable,Not Applicable,No,Not Applicable,276,Cash,29,3.9,3.4
2024-07-15 20:54:00,CNR2619391704,Canceled by Driver,CID936695,Auto,Langford Town,Hosur Road,,,Not Applicable,Customer related issue,Not Applicable,Not Applicable,1124,Not Applicable,0,,
2024-07-26 13:29:00,CNR9397564409,Driver Not Found,CID928743,Prime SUV,Kammanahalli,Majestic,,,Not Applicable,Not Applicable,Not Applicable,Not Applicable,481,Not Applicable,0,,
2024-07-15 18:22:00,CNR4613917964,Canceled by Driver,CID762015,Prime Sedan,Sarjapur Road,Nagarbhavi,,,Not Applicable,Customer was coughing/sick,Not Applicable,Not Applicable,139,Not Applicable,0,,
2024-07-10 04:01:00,CNR5062499549,Success,CID438127,Prime SUV,Chickpet,Shivajinagar,308.0,135.0,Not Applicable,Not Applicable,No,Not Applicable,274,Cash,6,3.7,4.9
2024-07-01 22:02:00,CNR3887639361,Success,CID883345,Bike,Peenya,KR Puram,91.0,140.0,Not Applicable,Not Applicable,No,Not Applicable,2815,Cash,2,4.6,3.8
2024-07-16 06:19:00,CNR6352875716,Success,CID426060,Prime SUV,Kammanahalli,Rajajinagar,63.0,55.0,Not Applicable,Not Applicable,No,Not Applicable,2088,Cash,15,3.2,3.6
2024-07-10 04:16:00,CNR1563041620,Success,CID747451,eBike,Hebbal,Kengeri,105.0,105.0,Not Applicable,Not Applicable,No,Not Applicable,429,Cash,32,3.9,3.5
2024-07-20 21:52:00,CNR5296433300,Success,CID366451,Mini,BTM Layout,Hebbal,126.0,80.0,Not Applicable,Not Applicable,No,Not Applicable,376,Cash,19,5.0,4.2
2024-07-09 06:12:00,CNR6912356260,Success,CID265166,Prime Plus,HSR Layout,Chickpet,189.0,145.0,Not Applicable,Not Applicable,No,Not Applicable,402,UPI,10,3.1,4.0
2024-07-19 12:57:00,CNR2420736080,Success,CID762118,Mini,Magadi Road,Ramamurthy Nagar,175.0,65.0,Not Applicable,Not Applicable,No,Not Applicable,860,Cash,5,4.1,4.7
2024-07-01 11:00:00,CNR7801930527,Success,CID273064,Prime SUV,Yelahanka,Banashankari,252.0,130.0,Not Applicable,Not Applicable,No,Not Applicable,397,UPI,20,3.7,4.3
2024-07-02 12:12:00,CNR1591926101,Success,CID900456,Bike,Koramangala,MG Road,98.0,45.0,Not Applicable,Not Applicable,No,Not Applicable,434,Cash,12,4.3,3.5
2024-07-08 04:43:00,CNR3411685681,Success,CID367770,Prime Plus,Indiranagar,JP Nagar,42.0,145.0,Not Applicable,Not Applicable,No,Not Applicable,183,Cash,9,3.5,4.6
2024-07-29 16:16:00,CNR5294641171,Success,CID621409,Prime Sedan,Hulimavu,Bannerghatta Road,196.0,125.0,Not Applicable,Not Applicable,No,Not Applicable,978,Cash,41,4.7,3.4
2024-07-08 17:51:00,CNR3934492974,Success,CID621071,Mini,RT Nagar,Kengeri,259.0,85.0,Not Applicable,Not Applicable,No,Not Applicable,494,Cash,43,4.6,4.3
2024-07-04 15:53:00,CNR3895993636,Success,CID880011,Prime Plus,Tumkur Road,Kadugodi,231.0,125.0,Not Applicable,Not Applicable,No,Not Applicable,186,Cash,23,3.3,3.3
2024-07-11 03:49:00,CNR3034002644,Success,CID697607,Bike,Shivajinagar,Malleshwaram,70.0,60.0,Not Applicable,Not Applicable,No,Not Applicable,375,UPI,30,4.9,3.9
2024-07-11 12:57:00,CNR7086641955,Success,CID714462,eBike,Tumkur Road,Ulsoor,203.0,70.0,Not Applicable,Not Applicable,No,Not Applicable,332,UPI,16,3.7,5.0
2024-07-24 14:25:00,CNR2501408320,Success,CID470548,Prime SUV,KR Puram,Malleshwaram,147.0,135.0,Not Applicable,Not Applicable,No,Not Applicable,685,UPI,8,4.3,3.2
2024-07-24 12:12:00,CNR9861745128,Success,CID700692,eBike,Marathahalli,Frazer Town,217.0,70.0,Not Applicable,Not Applicable,No,Not Applicable,600,UPI,20,4.9,3.6
2024-07-21 14:04:00,CNR1021481164,Canceled by Customer,CID705644,Prime SUV,Vijayanagar,MG Road,,,Driver asked to cancel,Not Applicable,Not Applicable,Not Applicable,247,Not Applicable,0,,
2024-07-29 18:42:00,CNR3834978241,Canceled by Driver,CID111532,Bike,Peenya,Indiranagar,,,Not Applicable,Personal & Car related issue,Not Applicable,Not Applicable,923,Not Applicable,0,,
2024-07-25 06:47:00,CNR8732969228,Success,CID817093,Auto,Banashankari,Tumkur Road,210.0,60.0,Not Applicable,Not Applicable,No,Not Applicable,642,UPI,18,3.9,4.6
2024-07-08 09:42:00,CNR7556863031,Success,CID827771,Mini,Hennur,Koramangala,238.0,85.0,Not Applicable,Not Applicable,No,Not Applicable,391,Cash,12,3.2,4.8
2024-07-17 05:20:00,CNR6942578888,Success,CID149990,Auto,Kadugodi,Rajarajeshwari Nagar,154.0,50.0,Not Applicable,Not Applicable,No,Not Applicable,431,Cash,11,4.2,4.6
2024-07-29 03:02:00,CNR2151097196,Canceled by Customer,CID649776,Prime Plus,Ramamurthy Nagar,Frazer Town,,,Driver is not moving towards pickup location,Not Applicable,Not Applicable,Not Applicable,847,Not Applicable,0,,
2024-07-20 08:38:00,CNR7481571620,Success,CID137428,Mini,Shantinagar,Chickpet,287.0,100.0,Not Applicable,Not Applicable,No,Not Applicable,211,Cash,33,4.1,3.4
2024-07-12 03:13:00,CNR4503745507,Success,CID893476,Prime Sedan,Sarjapur Road,Frazer Town,217.0,45.0,Not Applicable,Not Applicable,No,Not Applicable,2788,UPI,7,3.1,3.7
2024-07-10 02:31:00,CNR2291834248,Success,CID403529,Prime SUV,JP Nagar,MG Road,84.0,105.0,Not Applicable,Not Applicable,No,Not Applicable,667,UPI,45,4.9,3.0
2024-07-26 17:31:00,CNR1303375765,Success,CID762667,Prime Sedan,Cox Town,Sahakar Nagar,273.0,85.0,Not Applicable,Not Applicable,No,Not Applicable,305,Cash,24,4.3,4.9
2024-07-30 09:57:00,CNR9089822910,Success,CID203775,Prime Plus,Hennur,Ulsoor,301.0,25.0,Not Applicable,Not Applicable,No,Not Applicable,719,UPI,6,3.1,3.4
2024-07-29 21:18:00,CNR4566290356,Canceled by Driver,CID737034,Mini,Whitefield,Chamarajpet,,,Not Applicable,Customer was coughing/sick,Not Applicable,Not Applicable,635,Not Applicable,0,,
2024-07-08 04:55:00,CNR5860105871,Success,CID977154,Prime Sedan,Shantinagar,Richmond Town,308.0,110.0,Not Applicable,Not Applicable,No,Not Applicable,432,UPI,14,4.4,5.0
2024-07-29 16:46:00,CNR1615251403,Success,CID244756,Prime SUV,Majestic,Jayanagar,175.0,95.0,Not Applicable,Not Applicable,No,Not Applicable,450,UPI,10,4.7,4.3
2024-07-06 19:08:00,CNR3849669413,Driver Not Found,CID586934,Auto,Hosur Road,Bannerghatta Road,,,Not Applicable,Not Applicable,Not Applicable,Not Applicable,492,Not Applicable,0,,
2024-07-07 16:09:00,CNR2540616323,Canceled by Driver,CID362193,Auto,Basavanagudi,HSR Layout,,,Not Applicable,Personal & Car related issue,Not Applicable,Not Applicable,949,Not Applicable,0,,
2024-07-06 20:53:00,CNR5374428275,Success,CID511565,eBike,Koramangala,Malleshwaram,273.0,35.0,Not Applicable,Not Applicable,No,Not Applicable,274,Cash,22,3.5,4.7
2024-07-21 20:32:00,CNR1826372718,Canceled by Driver,CID537581,Prime Plus,Ulsoor,Koramangala,,,Not Applicable,Customer related issue,Not Applicable,Not Applicable,265,Not Applicable,0,,
2024-07-07 02:00:00,CNR3107534597,Canceled by Customer,CID450254,Prime Plus,Hulimavu,KR Puram,,,Change of plans,Not Applicable,Not Applicable,Not Applicable,340,Not Applicable,0,,
2024-07-02 09:22:00,CNR8377772466,Canceled by Driver,CID966209,Mini,Jayanagar,Hebbal,,,Not Applicable,Personal & Car related issue,Not Applicable,Not Applicable,670,Not Applicable,0,,
2024-07-09 11:32:00,CNR9639592648,Driver Not Found,CID814191,Prime Plus,MG Road,Shantinagar,,,Not Applicable,Not Applicable,Not Applicable,Not Applicable,389,Not Applicable,0,,
2024-07-26 05:41:00,CNR5202804349,Canceled by Customer,CID655795,Prime SUV,Langford Town,Chamarajpet,,,Driver is not moving towards pickup location,Not Applicable,Not Applicable,Not Applicable,389,Not Applicable,0,,
2024-07-18 15:28:00,CNR2629628448,Success,CID132483,Prime Plus,Sahakar Nagar,JP Nagar,77.0,75.0,Not Applicable,Not Applicable,No,Not Applicable,423,Cash,10,3.5,4.9
2024-07-20 04:08:00,CNR2916569349,Canceled by Driver,CID305090,Mini,Richmond Town,Bannerghatta Road,,,Not Applicable,Personal & Car related issue,Not Applicable,Not Applicable,470,Not Applicable,0,,
2024-07-03 02:16:00,CNR8879370285,Success,CID677646,Prime SUV,Koramangala,Hebbal,308.0,85.0,Not Applicable,Not Applicable,No,Not Applicable,203,Cash,20,3.9,3.2
2024-07-13 06:41:00,CNR2046511121,Success,CID563125,Prime Sedan,Majestic,Indiranagar,112.0,135.0,Not Applicable,Not Applicable,No,Not Applicable,293,Cash,46,3.8,4.9
2024-07-01 14:18:00,CNR5630358077,Success,CID937873,Prime Sedan,Marathahalli,Jayanagar,238.0,130.0,Not Applicable,Not Applicable,No,Not Applicable,233,Cash,3,4.0,5.0
2024-07-19 22:47:00,CNR1971614515,Success,CID699899,Mini,Langford Town,Malleshwaram,168.0,145.0,Not Applicable,Not Applicable,No,Not Applicable,399,UPI,4,4.2,3.5
2024-07-21 05:58:00,CNR7104334871,Driver Not Found,CID934545,Bike,Electronic City,Sahakar Nagar,,,Not Applicable,Not Applicable,Not Applicable,Not Applicable,252,Not Applicable,0,,
2024-07-09 02:06:00,CNR3391515531,Driver Not Found,CID857980,Bike,Kengeri,Richmond Town,,,Not Applicable,Not Applicable,Not Applicable,Not Applicable,419,Not Applicable,0,,
2024-07-13 12:07:00,CNR6141872448,Success,CID322624,Bike,Magadi Road,Magadi Road,49.0,130.0,Not Applicable,Not Applicable,No,Not Applicable,722,Cash,42,4.5,3.2
2024-07-08 11:11:00,CNR3721165905,Success,CID288325,eBike,Banashankari,Yelahanka,252.0,70.0,Not Applicable,Not Applicable,No,Not Applicable,111,UPI,19,3.9,4.4
2024-07-14 08:16:00,CNR4497767193,Driver Not Found,CID322590,Prime SUV,Hulimavu,Jayanagar,,,Not Applicable,Not Applicable,Not Applicable,Not Applicable,427,Not Applicable,0,,
2024-07-05 18:42:00,CNR9107882326,Success,CID764084,Prime Sedan,Kengeri,Hosur Road,231.0,125.0,Not Applicable,Not Applicable,No,Not Applicable,462,UPI,45,3.8,4.4
2024-07-07 15:27:00,CNR5186623838,Success,CID690320,Mini,Mysore Road,Shantinagar,182.0,135.0,Not Applicable,Not Applicable,No,Not Applicable,1304,Debit Card,32,4.0,4.0
2024-07-18 03:16:00,CNR8026261135,Success,CID469305,Bike,Sahakar Nagar,JP Nagar,252.0,135.0,Not Applicable,Not Applicable,Yes,Customer Demand,2869,UPI,27,4.4,4.2
2024-07-11 17:07:00,CNR7791329193,Success,CID318311,Mini,Frazer Town,HSR Layout,147.0,110.0,Not Applicable,Not Applicable,No,Not Applicable,230,Cash,3,4.7,4.7
2024-07-27 18:57:00,CNR5411161919,Success,CID983428,Prime SUV,Shantinagar,Hebbal,56.0,55.0,Not Applicable,Not Applicable,No,Not Applicable,226,UPI,11,4.0,4.3
2024-07-29 05:55:00,CNR5605671134,Success,CID862888,eBike,Cox Town,Koramangala,203.0,65.0,Not Applicable,Not Applicable,No,Not Applicable,181,Cash,19,4.6,4.2
2024-07-03 20:53:00,CNR9309686450,Canceled by Driver,CID481297,Mini,Sahakar Nagar,Marathahalli,,,Not Applicable,Personal & Car related issue,Not Applicable,Not Applicable,1427,Not Applicable,0,,
2024-07-19 20:16:00,CNR1994603541,Success,CID477501,Prime Sedan,Chickpet,Peenya,42.0,130.0,Not Applicable,Not Applicable,No,Not Applicable,294,UPI,26,4.8,4.9
2024-07-04 05:06:00,CNR3585980213,Driver Not Found,CID414205,Prime Plus,Varthur,Ulsoor,,,Not Applicable,Not Applicable,Not Applicable,Not Applicable,500,Not Applicable,0,,
2024-07-04 09:47:00,CNR5493192692,Success,CID858438,Prime Plus,Jayanagar,Devanahalli,287.0,45.0,Not Applicable,Not Applicable,No,Not Applicable,369,Cash,20,4.4,3.2
2024-07-06 01:01:00,CNR6629337355,Success,CID447904,Prime Plus,Koramangala,Rajajinagar,182.0,125.0,Not Applicable,Not Applicable,No,Not Applicable,822,UPI,16,4.1,4.5
2024-07-13 13:50:00,CNR8758089325,Success,CID308724,Prime Plus,HSR Layout,Bellandur,245.0,30.0,Not Applicable,Not Applicable,No,Not Applicable,637,UPI,49,4.0,3.3
2024-07-08 11:12:00,CNR8990306404,Driver Not Found,CID883258,Prime Sedan,Malleshwaram,Hennur,,,Not Applicable,Not Applicable,Not Applicable,Not Applicable,349,Not Applicable,0,,
2024-07-11 01:06:00,CNR3837755258,Success,CID989208,Prime Plus,Koramangala,Magadi Road,252.0,145.0,Not Applicable,Not Applicable,No,Not Applicable,709,Cash,20,4.7,4.8
2024-07-24 00:53:00,CNR2812313089,Success,CID823974,Bike,Varthur,Peenya,56.0,100.0,Not Applicable,Not Applicable,No,Not Applicable,185,Cash,17,4.4,3.8
2024-07-01 07:13:00,CNR4608168836,Success,CID444507,Bike,Kammanahalli,Jayanagar,168.0,60.0,Not Applicable,Not Applicable,No,Not Applicable,182,Cash,26,3.0,4.8
2024-07-07 18:41:00,CNR1659938969,Driver Not Found,CID983468,Auto,Chickpet,Shantinagar,,,Not Applicable,Not Applicable,Not Applicable,Not Applicable,130,Not Applicable,0,,
2024-07-02 09:30:00,CNR5640412911,Canceled by Customer,CID943117,Prime Plus,Peenya,Rajajinagar,,,Driver asked to cancel,Not Applicable,Not Applicable,Not Applicable,933,Not Applicable,0,,
2024-07-19 02:39:00,CNR9046435419,Driver Not Found,CID177233,Prime SUV,Tumkur Road,Whitefield,,,Not Applicable,Not Applicable,Not Applicable,Not Applicable,465,Not Applicable,0,,
2024-07-23 02:33:00,CNR4353008144,Success,CID966126,Prime Sedan,Koramangala,BTM Layout,252.0,125.0,Not Applicable,Not Applicable,No,Not Applicable,572,UPI,42,4.1,4.6
2024-07-10 06:06:00,CNR7149765155,Success,CID520621,Bike,Sahakar Nagar,Yeshwanthpur,91.0,30.0,Not Applicable,Not Applicable,No,Not Applicable,388,UPI,37,4.5,3.5
2024-07-22 19:23:00,CNR8920458767,Canceled by Driver,CID801112,Auto,Rajarajeshwari Nagar,Rajarajeshwari Nagar,,,Not Applicable,Customer related issue,Not Applicable,Not Applicable,173,Not Applicable,0,,
2024-07-15 15:57:00,CNR6806950093,Success,CID788493,Bike,Cox Town,Chamarajpet,70.0,110.0,Not Applicable,Not Applicable,Yes,Customer Demand,401,Cash,13,3.5,5.0
2024-07-15 16:59:00,CNR9440549070,Canceled by Driver,CID908040,eBike,Whitefield,Marathahalli,,,Not Applicable,Customer related issue,Not Applicable,Not Applicable,449,Not Applicable,0,,
2024-07-16 06:49:00,CNR5019773805,Canceled by Customer,CID170630,Mini,Cox Town,Frazer Town,,,Wrong Address,Not Applicable,Not Applicable,Not Applicable,147,Not Applicable,0,,
2024-07-15 09:16:00,CNR1992256498,Success,CID689313,eBike,BTM Layout,JP Nagar,266.0,95.0,Not Applicable,Not Applicable,No,Not Applicable,1942,UPI,20,3.4,3.6
2024-07-20 07:13:00,CNR5322581744,Success,CID116237,Bike,Cox Town,HSR Layout,308.0,65.0,Not Applicable,Not Applicable,No,Not Applicable,288,Cash,27,3.3,3.3
2024-07-26 16:43:00,CNR5450821117,Canceled by Customer,CID441259,eBike,KR Puram,Sahakar Nagar,,,Change of plans,Not Applicable,Not Applicable,Not Applicable,224,Not Applicable,0,,
2024-07-19 04:38:00,CNR4902645752,Success,CID202571,Prime Plus,RT Nagar,Padmanabhanagar,294.0,110.0,Not Applicable,Not Applicable,No,Not Applicable,365,UPI,45,4.6,4.4
2024-07-24 12:59:00,CNR3096431463,Canceled by Customer,CID400080,eBike,Electronic City,Peenya,,,Driver asked to cancel,Not Applicable,Not Applicable,Not Applicable,177,Not Applicable,0,,
2024-07-30 11:24:00,CNR4724166299,Success,CID125639,Prime Plus,Hosur Road,Yelahanka,203.0,70.0,Not Applicable,Not Applicable,No,Not Applicable,301,UPI,8,3.1,4.2
2024-07-29 20:57:00,CNR8881568635,Success,CID393411,Bike,Magadi Road,JP Nagar,98.0,25.0,Not Applicable,Not Applicable,No,Not Applicable,184,UPI,29,4.0,4.6
2024-07-25 09:26:00,CNR6647952992,Success,CID440714,Prime SUV,Tumkur Road,RT Nagar,154.0,120.0,Not Applicable,Not Applicable,No,Not Applicable,759,UPI,4,3.4,3.0
2024-07-24 02:07:00,CNR8495752012,Success,CID154422,Prime Plus,Sahakar Nagar,Hebbal,98.0,85.0,Not Applicable,Not Applicable,No,Not Applicable,855,UPI,2,4.9,3.1
2024-07-06 11:41:00,CNR8530725671,Success,CID892738,Prime SUV,Rajajinagar,Langford Town,301.0,25.0,Not Applicable,Not Applicable,No,Not Applicable,547,Cash,5,3.3,3.2
2024-07-18 10:02:00,CNR9865016259,Success,CID266933,Mini,Hennur,Magadi Road,189.0,130.0,Not Applicable,Not Applicable,No,Not Applicable,343,Cash,3,3.7,4.9
2024-07-16 02:21:00,CNR8534835248,Canceled by Customer,CID997219,Prime Sedan,Magadi Road,Bellandur,,,Driver asked to cancel,Not Applicable,Not Applicable,Not Applicable,151,Not Applicable,0,,
2024-07-11 05:45:00,CNR6095327664,Canceled by Customer,CID286688,Bike,Langford Town,Nagarbhavi,,,AC is Not working,Not Applicable,Not Applicable,Not Applicable,772,Not Applicable,0,,
2024-07-18 22:26:00,CNR7562833729,Success,CID693354,Prime Plus,Yeshwanthpur,Cox Town,245.0,135.0,Not Applicable,Not Applicable,No,Not Applicable,165,Cash,11,4.3,3.9
2024-07-28 05:38:00,CNR2597542931,Success,CID951251,Prime Sedan,Chickpet,Padmanabhanagar,196.0,25.0,Not Applicable,Not Applicable,No,Not Applicable,196,Cash,11,3.3,3.5
2024-07-10 07:44:00,CNR1304939051,Success,CID813929,Prime SUV,Rajarajeshwari Nagar,Jayanagar,35.0,100.0,Not Applicable,Not Applicable,No,Not Applicable,331,Cash,22,5.0,3.5
2024-07-26 23:08:00,CNR1807231465,Success,CID466438,Prime SUV,Padmanabhanagar,Richmond Town,112.0,65.0,Not Applicable,Not Applicable,No,Not Applicable,274,Cash,25,3.5,4.4
2024-07-10 10:35:00,CNR8371198116,Success,CID930684,Prime SUV,Padmanabhanagar,Bannerghatta Road,133.0,115.0,Not Applicable,Not Applicable,No,Not Applicable,725,Cash,48,4.8,3.4
2024-07-26 23:44:00,CNR1377609755,Success,CID817840,Prime Plus,Electronic City,Magadi Road,105.0,105.0,Not Applicable,Not Applicable,No,Not Applicable,896,UPI,29,3.2,4.8
2024-07-16 06:33:00,CNR1410166141,Success,CID308927,Prime Plus,Hulimavu,Basavanagudi,77.0,75.0,Not Applicable,Not Applicable,No,Not Applicable,151,UPI,47,4.8,3.1
2024-07-08 22:38:00,CNR4186652518,Success,CID233926,eBike,Koramangala,MG Road,231.0,45.0,Not Applicable,Not Applicable,Yes,Customer Demand,318,Cash,8,4.7,4.3
2024-07-02 23:37:00,CNR4996892737,Canceled by Customer,CID978829,Prime SUV,Langford Town,Malleshwaram,,,Driver is not moving towards pickup location,Not Applicable,Not Applicable,Not Applicable,177,Not Applicable,0,,
2024-07-26 04:28:00,CNR6536519489,Success,CID856621,Mini,Ulsoor,Banashankari,287.0,125.0,Not Applicable,Not Applicable,No,Not Applicable,454,Credit Card,17,3.1,3.0
2024-07-29 13:27:00,CNR6310840677,Success,CID311116,Prime SUV,Vijayanagar,BTM Layout,175.0,45.0,Not Applicable,Not Applicable,No,Not Applicable,207,Cash,32,3.6,4.6
2024-07-12 01:22:00,CNR7826388900,Success,CID826887,Prime Sedan,Hulimavu,Banashankari,238.0,75.0,Not Applicable,Not Applicable,No,Not Applicable,391,Cash,26,4.0,3.0
2024-07-10 20:04:00,CNR8274307675,Success,CID412616,Bike,KR Puram,Marathahalli,196.0,45.0,Not Applicable,Not Applicable,No,Not Applicable,2727,UPI,6,4.7,4.0
2024-07-18 17:09:00,CNR6983630870,Success,CID539580,Auto,Sarjapur Road,Hosur Road,105.0,65.0,Not Applicable,Not Applicable,No,Not Applicable,515,Cash,16,3.2,4.9
2024-07-12 05:42:00,CNR2550624049,Success,CID842915,Auto,Magadi Road,Sarjapur Road,84.0,95.0,Not Applicable,Not Applicable,No,Not Applicable,216,Cash,11,3.9,4.8
2024-07-17 23:05:00,CNR9874490214,Success,CID308213,Bike,Rajarajeshwari Nagar,Electronic City,301.0,90.0,Not Applicable,Not Applicable,No,Not Applicable,436,UPI,10,3.3,4.2
2024-07-20 02:51:00,CNR2826980946,Success,CID607101,Prime Sedan,HSR Layout,Bellandur,203.0,140.0,Not Applicable,Not Applicable,Yes,Customer Demand,911,Cash,38,4.4,3.5
2024-07-08 03:57:00,CNR5903225679,Success,CID922868,Prime Plus,Kengeri,Shantinagar,287.0,105.0,Not Applicable,Not Applicable,No,Not Applicable,933,Cash,45,4.3,5.0
2024-07-27 13:48:00,CNR9958402530,Canceled by Driver,CID711347,eBike,Vijayanagar,Shivajinagar,,,Not Applicable,Customer related issue,Not Applicable,Not Applicable,434,Not Applicable,0,,
2024-07-12 03:23:00,CNR5560620953,Success,CID627730,Prime Plus,Richmond Town,Kadugodi,49.0,105.0,Not Applicable,Not Applicable,No,Not Applicable,2189,UPI,31,3.8,4.9
2024-07-04 08:54:00,CNR3836715661,Canceled by Driver,CID114358,Prime Sedan,Shantinagar,Shantinagar,,,Not Applicable,Customer related issue,Not Applicable,Not Applicable,366,Not Applicable,0,,
2024-07-16 08:51:00,CNR3221617859,Canceled by Customer,CID390441,Auto,Rajarajeshwari Nagar,KR Puram,,,Driver asked to cancel,Not Applicable,Not Applicable,Not Applicable,225,Not Applicable,0,,
2024-07-19 11:43:00,CNR8432740642,Success,CID858047,Prime Plus,Nagarbhavi,Majestic,203.0,130.0,Not Applicable,Not Applicable,No,Not Applicable,278,Cash,21,4.5,3.8
2024-07-09 23:42:00,CNR2108190719,Success,CID257188,Bike,Bannerghatta Road,Indiranagar,238.0,45.0,Not Applicable,Not Applicable,No,Not Applicable,425,Cash,44,3.1,3.0
2024-07-19 11:36:00,CNR8016088879,Success,CID266468,Prime SUV,Rajajinagar,Jayanagar,287.0,85.0,Not Applicable,Not Applicable,Yes,Other Issue,465,Cash,21,4.8,3.5
2024-07-02 05:20:00,CNR8909354203,Canceled by Driver,CID955965,eBike,Frazer Town,Nagarbhavi,,,Not Applicable,Personal & Car related issue,Not Applicable,Not Applicable,172,Not Applicable,0,,
2024-07-10 22:38:00,CNR1469778130,Success,CID715326,Bike,Rajajinagar,Whitefield,70.0,140.0,Not Applicable,Not Applicable,No,Not Applicable,480,Cash,40,3.3,4.4
2024-07-19 01:23:00,CNR6545203868,Success,CID810561,Prime Sedan,Devanahalli,Rajajinagar,56.0,60.0,Not Applicable,Not Applicable,No,Not Applicable,782,Cash,31,4.9,3.3
2024-07-30 05:21:00,CNR6338485868,Canceled by Driver,CID230382,Bike,Hebbal,Shivajinagar,,,Not Applicable,Customer was coughing/sick,Not Applicable,Not Applicable,354,Not Applicable,0,,
2024-07-13 13:17:00,CNR5037764477,Canceled by Driver,CID515898,eBike,Hebbal,Chamarajpet,,,Not Applicable,Customer was coughing/sick,Not Applicable,Not Applicable,966,Not Applicable,0,,
2024-07-03 08:25:00,CNR2039887336,Canceled by Driver,CID357466,Prime Plus,Majestic,Rajarajeshwari Nagar,,,Not Applicable,Personal & Car related issue,Not Applicable,Not Applicable,946,Not Applicable,0,,
2024-07-26 05:12:00,CNR6662266250,Success,CID727670,Auto,Majestic,Tumkur Road,231.0,90.0,Not Applicable,Not Applicable,No,Not Applicable,389,UPI,14,4.1,4.0
2024-07-06 08:39:00,CNR6947392830,Success,CID705388,Bike,Rajajinagar,Chamarajpet,49.0,105.0,Not Applicable,Not Applicable,No,Not Applicable,240,Cash,10,4.0,4.6
2024-07-11 18:18:00,CNR5076425437,Success,CID240459,Bike,Hennur,Chickpet,273.0,80.0,Not Applicable,Not Applicable,No,Not Applicable,264,Cash,8,3.7,3.4
2024-07-21 19:00:00,CNR3285171170,Driver Not Found,CID672899,eBike,Rajarajeshwari Nagar,Basavanagudi,,,Not Applicable,Not Applicable,Not Applicable,Not Applicable,295,Not Applicable,0,,
2024-07-27 04:03:00,CNR4254390108,Canceled by Driver,CID611343,Prime Sedan,Electronic City,Bannerghatta Road,,,Not Applicable,Customer was coughing/sick,Not Applicable,Not Applicable,2143,Not Applicable,0,,
2024-07-12 00:14:00,CNR9017539102,Success,CID364407,Prime Plus,Rajajinagar,Padmanabhanagar,112.0,30.0,Not Applicable,Not Applicable,No,Not Applicable,902,Cash,1,4.6,4.2
2024-07-08 06:06:00,CNR8409514002,Success,CID352579,Auto,BTM Layout,Varthur,70.0,85.0,Not Applicable,Not Applicable,No,Not Applicable,851,UPI,1,3.8,3.9
2024-07-10 16:53:00,CNR5564320698,Canceled by Driver,CID799640,Auto,Vijayanagar,Hulimavu,,,Not Applicable,Customer was coughing/sick,Not Applicable,Not Applicable,473,Not Applicable,0,,
2024-07-24 05:09:00,CNR4889853014,Success,CID135498,Mini,HSR Layout,MG Road,35.0,80.0,Not Applicable,Not Applicable,No,Not Applicable,188,Cash,34,3.2,5.0
2024-07-27 06:59:00,CNR7650900895,Success,CID444710,Prime Sedan,Hennur,Richmond Town,126.0,90.0,Not Applicable,Not Applicable,No,Not Applicable,166,UPI,39,3.3,3.7
2024-07-28 05:14:00,CNR4143652137,Canceled by Customer,CID149997,Prime SUV,Banashankari,Bellandur,,,Driver is not moving towards pickup location,Not Applicable,Not Applicable,Not Applicable,428,Not Applicable,0,,
2024-07-29 15:34:00,CNR3174284572,Canceled by Customer,CID662362,Prime Plus,Shantinagar,Rajajinagar,,,Change of plans,Not Applicable,Not Applicable,Not Applicable,127,Not Applicable,0,,
2024-07-06 05:21:00,CNR7359319319,Canceled by Driver,CID531357,Mini,Electronic City,Rajajinagar,,,Not Applicable,Customer was coughing/sick,Not Applicable,Not Applicable,1504,Not Applicable,0,,
2024-07-25 00:21:00,CNR7218504207,Success,CID311349,Prime Sedan,Kammanahalli,Majestic,140.0,95.0,Not Applicable,Not Applicable,No,Not Applicable,249,Cash,23,4.4,4.4
2024-07-21 03:13:00,CNR3765862737,Success,CID946996,Auto,Shivajinagar,Varthur,63.0,35.0,Not Applicable,Not Applicable,No,Not Applicable,228,UPI,7,3.9,4.6
2024-07-27 14:21:00,CNR6544085008,Success,CID787468,Prime Plus,Nagarbhavi,Bellandur,112.0,135.0,Not Applicable,Not Applicable,No,Not Applicable,125,UPI,6,4.3,4.6
2024-07-13 22:56:00,CNR6008261891,Success,CID692673,Mini,Malleshwaram,KR Puram,70.0,65.0,Not Applicable,Not Applicable,No,Not Applicable,419,UPI,9,4.5,4.1
2024-07-05 14:50:00,CNR9190342053,Success,CID450685,Prime Sedan,Yeshwanthpur,Malleshwaram,182.0,85.0,Not Applicable,Not Applicable,No,Not Applicable,365,Cash,37,3.5,4.2
2024-07-15 10:00:00,CNR6396431531,Driver Not Found,CID260113,Prime Sedan,Cox Town,Indiranagar,,,Not Applicable,Not Applicable,Not Applicable,Not Applicable,216,Not Applicable,0,,
2024-07-14 22:54:00,CNR6967599944,Canceled by Driver,CID927581,Auto,Peenya,Tumkur Road,,,Not Applicable,Customer related issue,Not Applicable,Not Applicable,2093,Not Applicable,0,,
2024-07-05 08:56:00,CNR4734500900,Canceled by Driver,CID984041,Prime SUV,Indiranagar,Rajajinagar,,,Not Applicable,Personal & Car related issue,Not Applicable,Not Applicable,126,Not Applicable,0,,
2024-07-05 08:24:00,CNR3174643028,Success,CID810843,Auto,Whitefield,Ramamurthy Nagar,189.0,25.0,Not Applicable,Not Applicable,No,Not Applicable,2364,Cash,9,4.9,3.2
2024-07-22 18:31:00,CNR7665466585,Success,CID657013,eBike,RT Nagar,Ramamurthy Nagar,224.0,100.0,Not Applicable,Not Applicable,No,Not Applicable,228,UPI,32,3.0,3.2
2024-07-05 18:04:00,CNR8299480602,Success,CID329942,Prime Plus,Ramamurthy Nagar,HSR Layout,238.0,135.0,Not Applicable,Not Applicable,No,Not Applicable,970,Cash,33,4.8,3.8
2024-07-16 10:45:00,CNR1874690293,Driver Not Found,CID617193,Bike,RT Nagar,Shivajinagar,,,Not Applicable,Not Applicable,Not Applicable,Not Applicable,444,Not Applicable,0,,
2024-07-05 01:39:00,CNR6233774806,Success,CID932336,Bike,Varthur,Sarjapur Road,105.0,80.0,Not Applicable,Not Applicable,No,Not Applicable,1712,Cash,1,3.4,3.0
2024-07-25 19:25:00,CNR1925179446,Success,CID438176,Prime Plus,Majestic,Whitefield,70.0,80.0,Not Applicable,Not Applicable,No,Not Applicable,295,Cash,49,4.5,4.7
2024-07-28 10:30:00,CNR8548385824,Success,CID103640,Bike,Hebbal,MG Road,56.0,85.0,Not Applicable,Not Applicable,No,Not Applicable,456,UPI,19,4.6,4.0
2024-07-24 10:17:00,CNR4159726665,Success,CID507860,Prime Plus,Cox Town,Basavanagudi,140.0,90.0,Not Applicable,Not Applicable,No,Not Applicable,509,Cash,17,3.4,4.7
2024-07-28 14:15:00,CNR7243068016,Success,CID788446,Mini,Yeshwanthpur,Ramamurthy Nagar,203.0,30.0,Not Applicable,Not Applicable,No,Not Applicable,162,Cash,15,3.5,4.9
2024-07-22 18:25:00,CNR2952333660,Success,CID976708,Bike,Devanahalli,BTM Layout,301.0,110.0,Not Applicable,Not Applicable,No,Not Applicable,455,UPI,32,3.4,4.2
2024-07-03 06:06:00,CNR7201199287,Success,CID115476,Bike,Langford Town,Shivajinagar,189.0,135.0,Not Applicable,Not Applicable,No,Not Applicable,541,UPI,2,5.0,4.8
2024-07-06 12:27:00,CNR1147040545,Success,CID289049,Mini,Shivajinagar,Yeshwanthpur,168.0,120.0,Not Applicable,Not Applicable,No,Not Applicable,762,UPI,17,4.1,3.9
2024-07-18 03:54:00,CNR3367912141,Success,CID650409,Auto,Mysore Road,Shantinagar,154.0,70.0,Not Applicable,Not Applicable,No,Not Applicable,100,UPI,12,4.6,3.5
2024-07-20 16:49:00,CNR8213093672,Canceled by Customer,CID929662,Bike,Bannerghatta Road,Kammanahalli,,,Wrong Address,Not Applicable,Not Applicable,Not Applicable,335,Not Applicable,0,,
2024-07-21 18:31:00,CNR9781052176,Success,CID979452,Prime Plus,Kengeri,Majestic,252.0,25.0,Not Applicable,Not Applicable,No,Not Applicable,376,UPI,27,4.0,4.8
2024-07-10 16:51:00,CNR1887051405,Canceled by Driver,CID586708,eBike,Chamarajpet,Banashankari,,,Not Applicable,Customer was coughing/sick,Not Applicable,Not Applicable,362,Not Applicable,0,,
2024-07-21 19:10:00,CNR6761961291,Success,CID483008,Prime Plus,Hennur,Bellandur,210.0,110.0,Not Applicable,Not Applicable,No,Not Applicable,974,Cash,24,4.5,4.5
2024-07-26 15:39:00,CNR3430117885,Success,CID596728,Prime SUV,Mysore Road,Koramangala,231.0,80.0,Not Applicable,Not Applicable,No,Not Applicable,127,Cash,48,3.3,3.8
2024-07-13 13:28:00,CNR2723224014,Success,CID257038,Auto,Tumkur Road,Rajajinagar,133.0,115.0,Not Applicable,Not Applicable,No,Not Applicable,176,UPI,17,3.4,4.5
2024-07-29 19:51:00,CNR9003453042,Driver Not Found,CID758644,Auto,Majestic,Nagarbhavi,,,Not Applicable,Not Applicable,Not Applicable,Not Applicable,235,Not Applicable,0,,
2024-07-24 10:12:00,CNR5029805185,Success,CID689526,Auto,Koramangala,Kengeri,294.0,55.0,Not Applicable,Not Applicable,No,Not Applicable,157,UPI,11,4.9,4.8
2024-07-06 03:04:00,CNR7991411244,Success,CID473699,Prime Sedan,Marathahalli,Electronic City,91.0,65.0,Not Applicable,Not Applicable,No,Not Applicable,342,Cash,16,3.5,3.4
2024-07-19 04:48:00,CNR5600084725,Canceled by Customer,CID619068,Prime Sedan,Yeshwanthpur,Marathahalli,,,Driver is not moving towards pickup location,Not Applicable,Not Applicable,Not Applicable,972,Not Applicable,0,,
2024-07-29 23:58:00,CNR2142514862,Success,CID381633,eBike,Kengeri,Padmanabhanagar,35.0,30.0,Not Applicable,Not Applicable,No,Not Applicable,225,UPI,31,4.7,3.1
2024-07-11 10:45:00,CNR4160942401,Success,CID266996,Prime Sedan,HSR Layout,Electronic City,49.0,90.0,Not Applicable,Not Applicable,No,Not Applicable,551,Cash,30,4.3,3.4
2024-07-14 09:54:00,CNR8977175496,Success,CID305387,Bike,Kengeri,Hennur,273.0,115.0,Not Applicable,Not Applicable,No,Not Applicable,453,UPI,13,3.2,4.1
2024-07-24 12:46:00,CNR6688570311,Driver Not Found,CID204001,Prime SUV,Bannerghatta Road,Varthur,,,Not Applicable,Not Applicable,Not Applicable,Not Applicable,208,Not Applicable,0,,
2024-07-04 16:54:00,CNR4492633555,Success,CID977910,Prime Sedan,Marathahalli,Kadugodi,189.0,105.0,Not Applicable,Not Applicable,No,Not Applicable,257,Cash,6,4.5,4.1
2024-07-01 11:39:00,CNR7081289714,Driver Not Found,CID279147,Prime Sedan,Kengeri,BTM Layout,,,Not Applicable,Not Applicable,Not Applicable,Not Applicable,126,Not Applicable,0,,
2024-07-25 11:21:00,CNR8157847233,Canceled by Driver,CID913664,Prime Sedan,Hebbal,Devanahalli,,,Not Applicable,Personal & Car related issue,Not Applicable,Not Applicable,321,Not Applicable,0,,
2024-07-22 16:02:00,CNR9231723287,Canceled by Customer,CID252045,Mini,Basavanagudi,Cox Town,,,AC is Not working,Not Applicable,Not Applicable,Not Applicable,489,Not Applicable,0,,
2024-07-24 07:02:00,CNR3415543124,Success,CID539253,eBike,RT Nagar,Bannerghatta Road,175.0,25.0,Not Applicable,Not Applicable,No,Not Applicable,953,Cash,11,4.1,4.2
2024-07-08 19:48:00,CNR3176656786,Canceled by Driver,CID797438,Prime SUV,Yelahanka,Vijayanagar,,,Not Applicable,Customer related issue,Not Applicable,Not Applicable,273,Not Applicable,0,,
2024-07-05 00:10:00,CNR4797200310,Success,CID457493,Prime Sedan,Tumkur Road,Ulsoor,308.0,85.0,Not Applicable,Not Applicable,No,Not Applicable,695,UPI,36,3.2,4.2
2024-07-26 05:19:00,CNR2838256899,Canceled by Customer,CID903616,Bike,Basavanagudi,Yeshwanthpur,,,Driver asked to cancel,Not Applicable,Not Applicable,Not Applicable,577,Not Applicable,0,,
2024-07-18 16:32:00,CNR8779554782,Success,CID173761,eBike,Bannerghatta Road,Hulimavu,35.0,130.0,Not Applicable,Not Applicable,No,Not Applicable,175,Cash,32,3.2,4.9
2024-07-13 07:47:00,CNR7836977605,Success,CID722688,Auto,Indiranagar,Whitefield,126.0,65.0,Not Applicable,Not Applicable,No,Not Applicable,770,UPI,5,3.3,4.8
2024-07-17 09:45:00,CNR5714372584,Success,CID614251,Prime SUV,RT Nagar,Nagarbhavi,308.0,45.0,Not Applicable,Not Applicable,No,Not Applicable,560,UPI,40,3.1,3.1
2024-07-02 15:07:00,CNR7628648716,Driver Not Found,CID134601,eBike,Hebbal,MG Road,,,Not Applicable,Not Applicable,Not Applicable,Not Applicable,128,Not Applicable,0,,
2024-07-18 05:17:00,CNR1287071365,Success,CID291498,Prime Plus,Mysore Road,Whitefield,189.0,45.0,Not Applicable,Not Applicable,No,Not Applicable,308,Cash,13,3.7,3.6
2024-07-18 17:38:00,CNR6610707987,Success,CID737854,Prime SUV,Varthur,Electronic City,266.0,80.0,Not Applicable,Not Applicable,No,Not Applicable,440,UPI,44,4.3,3.3
2024-07-29 14:24:00,CNR8725911941,Canceled by Customer,CID206355,Prime Plus,Ramamurthy Nagar,KR Puram,,,Driver is not moving towards pickup location,Not Applicable,Not Applicable,Not Applicable,206,Not Applicable,0,,
2024-07-28 23:25:00,CNR1170028976,Success,CID967129,Prime Sedan,Malleshwaram,Frazer Town,224.0,120.0,Not Applicable,Not Applicable,No,Not Applicable,745,Cash,5,4.3,3.3
2024-07-01 15:12:00,CNR9417029677,Success,CID404555,Prime SUV,Shivajinagar,Shivajinagar,91.0,95.0,Not Applicable,Not Applicable,No,Not Applicable,106,Cash,12,4.1,4.4
2024-07-25 07:28:00,CNR9181819643,Success,CID317969,Prime Plus,Mysore Road,Frazer Town,182.0,80.0,Not Applicable,Not Applicable,No,Not Applicable,666,Credit Card,9,3.9,3.9
2024-07-29 22:31:00,CNR8431934758,Success,CID796221,Prime Plus,Padmanabhanagar,Bellandur,224.0,145.0,Not Applicable,Not Applicable,No,Not Applicable,254,Cash,48,4.0,3.1
2024-07-25 15:58:00,CNR3654991019,Success,CID756752,Auto,Hebbal,Ramamurthy Nagar,273.0,85.0,Not Applicable,Not Applicable,No,Not Applicable,1670,UPI,7,3.8,3.5
2024-07-19 16:35:00,CNR6199617442,Success,CID785936,Prime SUV,Frazer Town,Chamarajpet,203.0,125.0,Not Applicable,Not Applicable,No,Not Applicable,285,UPI,24,4.0,3.3
2024-07-01 20:15:00,CNR3567798672,Success,CID164107,Prime Plus,Devanahalli,Whitefield,133.0,55.0,Not Applicable,Not Applicable,No,Not Applicable,483,Cash,8,4.8,3.1
2024-07-17 14:54:00,CNR5520208216,Success,CID376679,Prime SUV,Shantinagar,Majestic,287.0,115.0,Not Applicable,Not Applicable,No,Not Applicable,460,UPI,45,4.9,3.4
2024-07-12 06:14:00,CNR9278070449,Success,CID448003,Prime Sedan,Banashankari,Sahakar Nagar,112.0,135.0,Not Applicable,Not Applicable,No,Not Applicable,180,Cash,39,4.6,3.7
2024-07-27 20:23:00,CNR3140600984,Driver Not Found,CID250778,Prime Sedan,Padmanabhanagar,HSR Layout,,,Not Applicable,Not Applicable,Not Applicable,Not Applicable,1127,Not Applicable,0,,
2024-07-09 19:53:00,CNR2726110449,Success,CID784694,Prime Sedan,Basavanagudi,Vijayanagar,308.0,30.0,Not Applicable,Not Applicable,No,Not Applicable,306,Cash,30,4.7,4.1
2024-07-13 09:12:00,CNR7828733187,Driver Not Found,CID665152,Prime SUV,Yeshwanthpur,Tumkur Road,,,Not Applicable,Not Applicable,Not Applicable,Not Applicable,278,Not Applicable,0,,
2024-07-14 00:51:00,CNR2111766986,Success,CID198610,Prime Plus,Cox Town,Tumkur Road,294.0,70.0,Not Applicable,Not Applicable,No,Not Applicable,465,UPI,3,4.6,3.2
2024-07-02 18:23:00,CNR1782231075,Canceled by Customer,CID770232,Bike,Jayanagar,Devanahalli,,,Driver asked to cancel,Not Applicable,Not Applicable,Not Applicable,692,Not Applicable,0,,
2024-07-07 00:18:00,CNR4355169291,Success,CID867933,Bike,MG Road,Peenya,161.0,100.0,Not Applicable,Not Applicable,No,Not Applicable,376,UPI,17,4.8,4.8
2024-07-15 02:45:00,CNR6255909355,Canceled by Driver,CID217738,Prime Sedan,Sarjapur Road,Malleshwaram,,,Not Applicable,Personal & Car related issue,Not Applicable,Not Applicable,436,Not Applicable,0,,
2024-07-30 09:54:00,CNR5198922959,Success,CID222446,Prime Plus,Peenya,Sarjapur Road,252.0,85.0,Not Applicable,Not Applicable,No,Not Applicable,286,UPI,32,4.2,3.9
2024-07-01 14:21:00,CNR6234851553,Success,CID358313,Prime SUV,Marathahalli,HSR Layout,182.0,45.0,Not Applicable,Not Applicable,No,Not Applicable,157,UPI,42,4.1,4.7
2024-07-16 10:07:00,CNR6461965233,Success,CID547047,Auto,RT Nagar,Koramangala,63.0,80.0,Not Applicable,Not Applicable,Yes,Vehicle Breakdown,626,Cash,19,4.5,5.0
2024-07-25 12:18:00,CNR3427072370,Driver Not Found,CID962554,Prime Sedan,Sarjapur Road,Malleshwaram,,,Not Applicable,Not Applicable,Not Applicable,Not Applicable,476,Not Applicable,0,,
2024-07-26 03:45:00,CNR9049085979,Driver Not Found,CID930976,Prime Sedan,Hebbal,Majestic,,,Not Applicable,Not Applicable,Not Applicable,Not Applicable,400,Not Applicable,0,,
2024-07-09 13:12:00,CNR1412705834,Success,CID153895,Prime Plus,Basavanagudi,Yelahanka,63.0,40.0,Not Applicable,Not Applicable,No,Not Applicable,341,Cash,42,4.2,3.9
2024-07-25 23:35:00,CNR8478537880,Success,CID490426,Prime SUV,Richmond Town,Tumkur Road,182.0,135.0,Not Applicable,Not Applicable,No,Not Applicable,213,Cash,47,4.4,4.7
2024-07-29 00:12:00,CNR9504040102,Canceled by Driver,CID763310,Bike,Chamarajpet,Vijayanagar,,,Not Applicable,More than permitted people in there,Not Applicable,Not Applicable,223,Not Applicable,0,,
2024-07-03 13:39:00,CNR6166596332,Success,CID853520,Bike,JP Nagar,Ramamurthy Nagar,308.0,75.0,Not Applicable,Not Applicable,No,Not Applicable,143,UPI,1,4.8,3.3
2024-07-14 04:35:00,CNR3428676608,Success,CID383691,eBike,Sarjapur Road,Tumkur Road,301.0,140.0,Not Applicable,Not Applicable,No,Not Applicable,320,UPI,33,3.1,3.8
2024-07-05 16:31:00,CNR4147183394,Canceled by Driver,CID878943,Mini,Richmond Town,Ulsoor,,,Not Applicable,Personal & Car related issue,Not Applicable,Not Applicable,206,Not Applicable,0,,
2024-07-10 14:21:00,CNR2894850137,Success,CID848378,Prime Sedan,Cox Town,Basavanagudi,147.0,95.0,Not Applicable,Not Applicable,No,Not Applicable,1427,UPI,39,3.6,4.9
2024-07-12 02:42:00,CNR3131911996,Success,CID594451,Bike,JP Nagar,Basavanagudi,112.0,35.0,Not Applicable,Not Applicable,No,Not Applicable,582,UPI,24,4.6,4.0
2024-07-18 03:35:00,CNR4258098908,Driver Not Found,CID356112,Prime SUV,KR Puram,Whitefield,,,Not Applicable,Not Applicable,Not Applicable,Not Applicable,887,Not Applicable,0,,
2024-07-08 10:40:00,CNR2905844621,Canceled by Customer,CID706983,Mini,Magadi Road,Shivajinagar,,,Wrong Address,Not Applicable,Not Applicable,Not Applicable,388,Not Applicable,0,,
2024-07-30 12:34:00,CNR6330983790,Canceled by Customer,CID556925,Prime Plus,Langford Town,Koramangala,,,Wrong Address,Not Applicable,Not Applicable,Not Applicable,179,Not Applicable,0,,
2024-07-12 16:35:00,CNR4804672126,Success,CID746284,Bike,Hulimavu,RT Nagar,175.0,100.0,Not Applicable,Not Applicable,No,Not Applicable,101,UPI,30,3.4,3.6
2024-07-29 00:42:00,CNR6632280624,Success,CID737290,eBike,Whitefield,Hulimavu,70.0,90.0,Not Applicable,Not Applicable,No,Not Applicable,213,Cash,7,3.5,4.6
2024-07-19 17:30:00,CNR4608931618,Success,CID484703,Prime Sedan,Shivajinagar,Magadi Road,259.0,70.0,Not Applicable,Not Applicable,No,Not Applicable,1319,Cash,39,5.0,3.4
2024-07-20 18:15:00,CNR5474467893,Success,CID489202,Bike,Koramangala,Tumkur Road,56.0,30.0,Not Applicable,Not Applicable,No,Not Applicable,1170,Cash,31,3.8,3.9
2024-07-20 14:04:00,CNR6705000856,Driver Not Found,CID559965,eBike,Shivajinagar,Tumkur Road,,,Not Applicable,Not Applicable,Not Applicable,Not Applicable,148,Not Applicable,0,,
2024-07-01 18:08:00,CNR5964944533,Canceled by Customer,CID960135,Mini,Langford Town,Ulsoor,,,Wrong Address,Not Applicable,Not Applicable,Not Applicable,403,Not Applicable,0,,
2024-07-10 03:58:00,CNR6239020166,Canceled by Driver,CID111187,Prime Plus,Nagarbhavi,Indiranagar,,,Not Applicable,Customer related issue,Not Applicable,Not Applicable,360,Not Applicable,0,,
2024-07-30 15:27:00,CNR9277441445,Success,CID621484,eBike,Chickpet,Rajarajeshwari Nagar,77.0,110.0,Not Applicable,Not Applicable,No,Not Applicable,494,Cash,20,3.6,4.9
2024-07-23 22:24:00,CNR4761229947,Success,CID873719,Bike,Kammanahalli,Jayanagar,147.0,30.0,Not Applicable,Not Applicable,No,Not Applicable,106,Cash,44,3.1,4.9
2024-07-27 04:49:00,CNR1231066837,Success,CID810897,Prime Sedan,Banashankari,Varthur,126.0,70.0,Not Applicable,Not Applicable,No,Not Applicable,281,Cash,18,4.8,4.0
2024-07-30 23:59:00,CNR6626137811,Success,CID822684,Prime Plus,Cox Town,Hebbal,259.0,40.0,Not Applicable,Not Applicable,No,Not Applicable,154,Cash,48,4.6,4.5
2024-07-06 02:54:00,CNR5110872277,Success,CID649493,eBike,Chickpet,Nagarbhavi,133.0,80.0,Not Applicable,Not Applicable,No,Not Applicable,290,Credit Card,24,3.1,4.5
2024-07-04 16:41:00,CNR6507122675,Success,CID705814,Mini,Kadugodi,Frazer Town,217.0,120.0,Not Applicable,Not Applicable,No,Not Applicable,274,Cash,6,4.9,4.1
2024-07-06 07:40:00,CNR2287529891,Success,CID413488,eBike,MG Road,HSR Layout,105.0,125.0,Not Applicable,Not Applicable,No,Not Applicable,173,UPI,22,4.6,3.0
2024-07-04 10:07:00,CNR2401792299,Canceled by Customer,CID375822,Prime SUV,BTM Layout,Hosur Road,,,Driver is not moving towards pickup location,Not Applicable,Not Applicable,Not Applicable,297,Not Applicable,0,,
2024-07-12 10:24:00,CNR2860542203,Success,CID281564,Mini,HSR Layout,Chamarajpet,77.0,75.0,Not Applicable,Not Applicable,No,Not Applicable,197,UPI,35,4.5,3.7
2024-07-29 14:21:00,CNR8658313418,Canceled by Driver,CID984820,Prime Plus,HSR Layout,Marathahalli,,,Not Applicable,Personal & Car related issue,Not Applicable,Not Applicable,312,Not Applicable,0,,
2024-07-03 22:27:00,CNR4430860490,Success,CID691207,Mini,MG Road,Hulimavu,266.0,30.0,Not Applicable,Not Applicable,No,Not Applicable,285,UPI,12,3.1,4.8
2024-07-15 03:11:00,CNR8690806969,Success,CID890175,Prime Sedan,Ramamurthy Nagar,RT Nagar,189.0,135.0,Not Applicable,Not Applicable,No,Not Applicable,929,UPI,25,3.7,3.6
2024-07-22 14:54:00,CNR8935912739,Success,CID631305,Bike,Hosur Road,HSR Layout,91.0,30.0,Not Applicable,Not Applicable,No,Not Applicable,672,Credit Card,9,3.8,4.5
2024-07-05 15:10:00,CNR1866739895,Success,CID226084,Bike,Devanahalli,Shivajinagar,259.0,145.0,Not Applicable,Not Applicable,No,Not Applicable,486,Cash,46,4.6,3.2
2024-07-20 18:32:00,CNR4540375045,Success,CID162262,eBike,Richmond Town,Marathahalli,126.0,135.0,Not Applicable,Not Applicable,No,Not Applicable,484,UPI,14,3.2,3.8
2024-07-14 23:37:00,CNR9084363703,Canceled by Driver,CID911217,Bike,Mysore Road,Vijayanagar,,,Not Applicable,Customer related issue,Not Applicable,Not Applicable,628,Not Applicable,0,,
2024-07-28 04:51:00,CNR3263449239,Success,CID311080,Mini,Kammanahalli,Kengeri,182.0,50.0,Not Applicable,Not Applicable,No,Not Applicable,409,Cash,23,3.5,4.5
2024-07-12 06:48:00,CNR3318932832,Canceled by Customer,CID317500,Bike,Yeshwanthpur,Hosur Road,,,Driver is not moving towards pickup location,Not Applicable,Not Applicable,Not Applicable,2344,Not Applicable,0,,
2024-07-04 01:32:00,CNR3110257612,Success,CID360516,Prime Sedan,Padmanabhanagar,Vijayanagar,224.0,55.0,Not Applicable,Not Applicable,No,Not Applicable,165,Cash,11,4.5,3.1
2024-07-13 02:29:00,CNR9908824019,Success,CID696540,Auto,KR Puram,Chickpet,147.0,85.0,Not Applicable,Not Applicable,No,Not Applicable,700,Cash,15,3.5,4.7
2024-07-13 20:03:00,CNR1381555005,Driver Not Found,CID889884,eBike,RT Nagar,Vijayanagar,,,Not Applicable,Not Applicable,Not Applicable,Not Applicable,161,Not Applicable,0,,
2024-07-20 13:12:00,CNR1839297423,Canceled by Driver,CID556692,Bike,Bannerghatta Road,JP Nagar,,,Not Applicable,More than permitted people in there,Not Applicable,Not Applicable,313,Not Applicable,0,,
2024-07-25 06:14:00,CNR4700931774,Canceled by Driver,CID335605,Mini,Richmond Town,Banashankari,,,Not Applicable,Customer related issue,Not Applicable,Not Applicable,929,Not Applicable,0,,
2024-07-26 18:52:00,CNR4802366944,Canceled by Driver,CID132544,Prime Sedan,Whitefield,Sahakar Nagar,,,Not Applicable,Personal & Car related issue,Not Applicable,Not Applicable,212,Not Applicable,0,,
2024-07-30 05:21:00,CNR7365056323,Success,CID760239,Prime Plus,Electronic City,Rajajinagar,210.0,45.0,Not Applicable,Not Applicable,No,Not Applicable,829,Cash,33,3.8,5.0
2024-07-09 16:35:00,CNR5868310264,Driver Not Found,CID826394,Prime Plus,Ramamurthy Nagar,Chickpet,,,Not Applicable,Not Applicable,Not Applicable,Not Applicable,292,Not Applicable,0,,
2024-07-10 06:23:00,CNR8052475387,Success,CID340124,Prime Sedan,Peenya,Bannerghatta Road,280.0,110.0,Not Applicable,Not Applicable,No,Not Applicable,429,Cash,12,3.3,4.9
2024-07-03 09:36:00,CNR2559642330,Success,CID474116,Prime SUV,JP Nagar,Yeshwanthpur,70.0,45.0,Not Applicable,Not Applicable,No,Not Applicable,746,Cash,16,4.9,3.4
2024-07-29 19:07:00,CNR6188482713,Success,CID999381,eBike,Mysore Road,Rajarajeshwari Nagar,294.0,105.0,Not Applicable,Not Applicable,No,Not Applicable,241,Cash,43,4.6,3.9
2024-07-02 06:51:00,CNR7005693736,Canceled by Driver,CID907850,Prime Sedan,Banashankari,Shantinagar,,,Not Applicable,Customer related issue,Not Applicable,Not Applicable,227,Not Applicable,0,,
2024-07-03 07:30:00,CNR4182857831,Driver Not Found,CID294111,eBike,Magadi Road,Varthur,,,Not Applicable,Not Applicable,Not Applicable,Not Applicable,471,Not Applicable,0,,
2024-07-17 12:26:00,CNR9626524616,Success,CID244095,Auto,Ramamurthy Nagar,Nagarbhavi,287.0,65.0,Not Applicable,Not Applicable,No,Not Applicable,473,UPI,6,4.7,3.5
2024-07-04 07:19:00,CNR6540120855,Success,CID930297,Bike,Varthur,Rajarajeshwari Nagar,259.0,45.0,Not Applicable,Not Applicable,No,Not Applicable,384,UPI,20,4.7,4.1
2024-07-21 15:21:00,CNR2828077142,Success,CID813953,Prime SUV,Rajarajeshwari Nagar,Bellandur,154.0,65.0,Not Applicable,Not Applicable,No,Not Applicable,102,Cash,33,3.5,4.5
2024-07-15 20:53:00,CNR4112261281,Success,CID244016,Prime Plus,Rajajinagar,Tumkur Road,175.0,145.0,Not Applicable,Not Applicable,No,Not Applicable,402,Cash,26,3.4,4.0
2024-07-23 06:55:00,CNR9062071898,Success,CID247045,eBike,Hennur,Whitefield,70.0,35.0,Not Applicable,Not Applicable,No,Not Applicable,819,UPI,36,4.8,3.2
2024-07-23 02:12:00,CNR1253392827,Success,CID894071,eBike,Cox Town,Varthur,133.0,45.0,Not Applicable,Not Applicable,No,Not Applicable,461,Cash,15,3.7,4.0
2024-07-23 21:34:00,CNR3055883618,Success,CID506180,Bike,Bannerghatta Road,Vijayanagar,259.0,55.0,Not Applicable,Not Applicable,No,Not Applicable,288,UPI,38,3.4,3.3
2024-07-01 16:44:00,CNR4778246647,Success,CID826841,eBike,KR Puram,Varthur,91.0,50.0,Not Applicable,Not Applicable,No,Not Applicable,229,UPI,43,3.2,5.0
2024-07-09 05:53:00,CNR7820134393,Success,CID161503,Prime SUV,Electronic City,Hulimavu,105.0,120.0,Not Applicable,Not Applicable,No,Not Applicable,246,UPI,30,4.6,3.4
2024-07-29 00:52:00,CNR4651424350,Canceled by Customer,CID158813,eBike,Padmanabhanagar,Nagarbhavi,,,AC is Not working,Not Applicable,Not Applicable,Not Applicable,439,Not Applicable,0,,
2024-07-15 23:01:00,CNR3586438992,Success,CID992202,Bike,Shantinagar,BTM Layout,91.0,125.0,Not Applicable,Not Applicable,No,Not Applicable,373,Cash,3,3.2,3.5
2024-07-30 00:53:00,CNR9103521210,Success,CID622086,Bike,Kadugodi,Indiranagar,266.0,40.0,Not Applicable,Not Applicable,No,Not Applicable,124,UPI,8,3.6,3.6
2024-07-12 09:22:00,CNR1778899783,Success,CID121236,eBike,Sahakar Nagar,Shivajinagar,259.0,110.0,Not Applicable,Not Applicable,No,Not Applicable,624,UPI,21,3.3,3.5
2024-07-30 11:11:00,CNR5070901816,Canceled by Driver,CID891288,Prime Plus,Chickpet,Whitefield,,,Not Applicable,Customer related issue,Not Applicable,Not Applicable,174,Not Applicable,0,,
2024-07-04 20:09:00,CNR4253405418,Success,CID706823,Bike,Yelahanka,Richmond Town,49.0,75.0,Not Applicable,Not Applicable,No,Not Applicable,2003,UPI,11,3.6,4.6
2024-07-16 11:41:00,CNR6988088772,Canceled by Customer,CID532598,Prime Sedan,Hebbal,Marathahalli,,,Wrong Address,Not Applicable,Not Applicable,Not Applicable,338,Not Applicable,0,,
2024-07-25 08:47:00,CNR5310080534,Canceled by Driver,CID649789,eBike,Majestic,Hennur,,,Not Applicable,More than permitted people in there,Not Applicable,Not Applicable,183,Not Applicable,0,,
2024-07-28 01:07:00,CNR9435311876,Canceled by Driver,CID783582,eBike,RT Nagar,Bellandur,,,Not Applicable,Customer related issue,Not Applicable,Not Applicable,192,Not Applicable,0,,
2024-07-16 04:31:00,CNR4446457390,Success,CID365671,Prime Sedan,Mysore Road,Yeshwanthpur,266.0,30.0,Not Applicable,Not Applicable,No,Not Applicable,360,UPI,11,4.4,4.1
2024-07-18 10:43:00,CNR7461901324,Driver Not Found,CID767461,eBike,Chamarajpet,Sarjapur Road,,,Not Applicable,Not Applicable,Not Applicable,Not Applicable,1184,Not Applicable,0,,
2024-07-21 17:20:00,CNR5708099229,Canceled by Driver,CID557897,Bike,Hennur,Kammanahalli,,,Not Applicable,Customer related issue,Not Applicable,Not Applicable,437,Not Applicable,0,,
2024-07-03 12:30:00,CNR3732131033,Driver Not Found,CID728215,Prime Plus,JP Nagar,BTM Layout,,,Not Applicable,Not Applicable,Not Applicable,Not Applicable,365,Not Applicable,0,,
2024-07-18 12:24:00,CNR3997292633,Success,CID465895,eBike,Richmond Town,Shantinagar,77.0,70.0,Not Applicable,Not Applicable,Yes,Customer Demand,127,UPI,36,4.9,3.7
2024-07-25 09:02:00,CNR2720325266,Success,CID188276,eBike,Nagarbhavi,Tumkur Road,154.0,40.0,Not Applicable,Not Applicable,No,Not Applicable,429,Cash,1,4.4,3.9
2024-07-03 14:33:00,CNR7524910478,Canceled by Customer,CID982785,eBike,Sahakar Nagar,Magadi Road,,,Driver asked to cancel,Not Applicable,Not Applicable,Not Applicable,862,Not Applicable,0,,
2024-07-16 04:49:00,CNR2953576994,Success,CID662327,Bike,Nagarbhavi,Banashankari,77.0,30.0,Not Applicable,Not Applicable,No,Not Applicable,123,Cash,45,3.2,3.0
2024-07-08 14:58:00,CNR2421048652,Canceled by Customer,CID832956,Prime Plus,Hosur Road,Sahakar Nagar,,,Driver is not moving towards pickup location,Not Applicable,Not Applicable,Not Applicable,354,Not Applicable,0,,
2024-07-12 06:38:00,CNR3623851623,Canceled by Driver,CID128227,Bike,Sarjapur Road,Varthur,,,Not Applicable,Customer related issue,Not Applicable,Not Applicable,124,Not Applicable,0,,
2024-07-24 18:34:00,CNR8484571194,Canceled by Customer,CID486469,Auto,Kengeri,Hennur,,,AC is Not working,Not Applicable,Not Applicable,Not Applicable,525,Not Applicable,0,,
2024-07-02 02:15:00,CNR6584230658,Canceled by Driver,CID707751,Prime Plus,Bannerghatta Road,Banashankari,,,Not Applicable,Customer was coughing/sick,Not Applicable,Not Applicable,441,Not Applicable,0,,
2024-07-17 16:33:00,CNR8395944518,Canceled by Driver,CID137080,eBike,Kengeri,Magadi Road,,,Not Applicable,Personal & Car related issue,Not Applicable,Not Applicable,274,Not Applicable,0,,
2024-07-17 03:37:00,CNR1696997066,Success,CID472080,Prime Sedan,Richmond Town,Hebbal,56.0,95.0,Not Applicable,Not Applicable,No,Not Applicable,319,UPI,44,3.3,4.4
2024-07-08 10:49:00,CNR5092869737,Success,CID432298,Prime Sedan,Indiranagar,Chickpet,91.0,50.0,Not Applicable,Not Applicable,No,Not Applicable,318,UPI,36,4.6,4.1
2024-07-06 00:50:00,CNR5228633478,Success,CID541150,Prime Plus,Kammanahalli,Devanahalli,133.0,110.0,Not Applicable,Not Applicable,Yes,Vehicle Breakdown,940,UPI,37,3.3,4.4
2024-07-21 03:36:00,CNR5259187800,Success,CID562976,Mini,Kammanahalli,Indiranagar,98.0,75.0,Not Applicable,Not Applicable,No,Not Applicable,975,Credit Card,24,3.5,3.6
2024-07-06 14:53:00,CNR4964630478,Canceled by Driver,CID276867,Mini,Rajarajeshwari Nagar,Hulimavu,,,Not Applicable,Personal & Car related issue,Not Applicable,Not Applicable,362,Not Applicable,0,,
2024-07-23 02:32:00,CNR4877461689,Success,CID242516,Prime Plus,Yelahanka,Vijayanagar,175.0,75.0,Not Applicable,Not Applicable,No,Not Applicable,445,Cash,44,4.3,4.2
2024-07-05 06:56:00,CNR4805953901,Driver Not Found,CID324029,Prime Plus,Varthur,Shantinagar,,,Not Applicable,Not Applicable,Not Applicable,Not Applicable,139,Not Applicable,0,,
2024-07-24 23:17:00,CNR2117793646,Success,CID421795,Prime Plus,Richmond Town,Koramangala,294.0,145.0,Not Applicable,Not Applicable,No,Not Applicable,430,Credit Card,15,4.5,3.8
2024-07-23 17:41:00,CNR8619366080,Success,CID999097,Prime SUV,Yelahanka,Sarjapur Road,217.0,105.0,Not Applicable,Not Applicable,No,Not Applicable,443,UPI,33,4.2,4.5
2024-07-28 22:12:00,CNR3312465598,Success,CID137897,Bike,Hosur Road,Banashankari,154.0,70.0,Not Applicable,Not Applicable,No,Not Applicable,457,Cash,6,3.6,4.8
2024-07-11 23:05:00,CNR2894030711,Success,CID539905,Auto,RT Nagar,Magadi Road,84.0,115.0,Not Applicable,Not Applicable,No,Not Applicable,1150,UPI,9,4.4,3.7
2024-07-06 17:27:00,CNR1336447716,Driver Not Found,CID317816,Auto,Chickpet,Richmond Town,,,Not Applicable,Not Applicable,Not Applicable,Not Applicable,421,Not Applicable,0,,
2024-07-15 06:15:00,CNR9922188906,Success,CID924964,Prime Plus,Bannerghatta Road,Ramamurthy Nagar,203.0,110.0,Not Applicable,Not Applicable,No,Not Applicable,351,Cash,45,4.8,3.2
2024-07-19 19:12:00,CNR2246640011,Success,CID273338,Prime SUV,Hosur Road,Magadi Road,189.0,80.0,Not Applicable,Not Applicable,No,Not Applicable,792,UPI,38,4.8,3.5
2024-07-12 06:31:00,CNR9447749952,Canceled by Customer,CID145058,Prime SUV,Kadugodi,Bellandur,,,Wrong Address,Not Applicable,Not Applicable,Not Applicable,733,Not Applicable,0,,
2024-07-16 17:54:00,CNR8917335908,Canceled by Customer,CID817612,Mini,Koramangala,Rajajinagar,,,Change of plans,Not Applicable,Not Applicable,Not Applicable,188,Not Applicable,0,,
2024-07-11 18:28:00,CNR4032793511,Success,CID155910,Prime Plus,Jayanagar,Vijayanagar,63.0,130.0,Not Applicable,Not Applicable,No,Not Applicable,480,UPI,21,3.0,3.6
2024-07-26 15:42:00,CNR5250520548,Success,CID834320,Prime Plus,Langford Town,Kammanahalli,147.0,35.0,Not Applicable,Not Applicable,No,Not Applicable,1145,Cash,20,4.5,4.1
2024-07-24 21:31:00,CNR8798997805,Canceled by Customer,CID373460,Prime Plus,Koramangala,Vijayanagar,,,Driver asked to cancel,Not Applicable,Not Applicable,Not Applicable,420,Not Applicable,0,,
2024-07-09 11:56:00,CNR7786435958,Success,CID832031,Prime Plus,Rajajinagar,Bellandur,252.0,95.0,Not Applicable,Not Applicable,No,Not Applicable,2477,UPI,23,4.2,3.1
2024-07-08 22:17:00,CNR4136055060,Success,CID758007,Prime SUV,Kengeri,JP Nagar,84.0,60.0,Not Applicable,Not Applicable,Yes,Vehicle Breakdown,403,UPI,19,3.2,4.0
2024-07-24 11:19:00,CNR8668306005,Success,CID586645,Bike,Bellandur,Sahakar Nagar,224.0,80.0,Not Applicable,Not Applicable,No,Not Applicable,321,UPI,1,4.5,4.2
2024-07-13 18:16:00,CNR5852774403,Success,CID339795,Prime Plus,Bannerghatta Road,Ulsoor,252.0,145.0,Not Applicable,Not Applicable,Yes,Other Issue,280,UPI,45,3.9,4.1
2024-07-11 13:18:00,CNR8689622190,Driver Not Found,CID254996,Mini,Devanahalli,Chamarajpet,,,Not Applicable,Not Applicable,Not Applicable,Not Applicable,547,Not Applicable,0,,
2024-07-01 07:28:00,CNR9850233150,Success,CID537513,Mini,Kammanahalli,Rajajinagar,245.0,120.0,Not Applicable,Not Applicable,No,Not Applicable,319,UPI,27,4.1,4.4
2024-07-23 03:40:00,CNR2919160204,Driver Not Found,CID577019,Prime SUV,KR Puram,Ulsoor,,,Not Applicable,Not Applicable,Not Applicable,Not Applicable,397,Not Applicable,0,,
2024-07-07 02:11:00,CNR8545188174,Success,CID933804,Prime Sedan,BTM Layout,Chickpet,133.0,90.0,Not Applicable,Not Applicable,No,Not Applicable,429,Cash,26,3.3,3.9
2024-07-28 14:17:00,CNR8324008285,Success,CID697415,eBike,Nagarbhavi,Chamarajpet,224.0,55.0,Not Applicable,Not Applicable,No,Not Applicable,131,UPI,10,3.5,3.4
2024-07-25 08:29:00,CNR7421555586,Canceled by Driver,CID277034,Prime Plus,HSR Layout,Rajarajeshwari Nagar,,,Not Applicable,Personal & Car related issue,Not Applicable,Not Applicable,329,Not Applicable,0,,
2024-07-10 11:48:00,CNR5848526885,Success,CID283707,Prime Sedan,Nagarbhavi,Tumkur Road,266.0,100.0,Not Applicable,Not Applicable,No,Not Applicable,333,UPI,6,3.5,3.6
2024-07-20 12:35:00,CNR7365127272,Canceled by Driver,CID536695,Mini,Bellandur,Devanahalli,,,Not Applicable,Customer was coughing/sick,Not Applicable,Not Applicable,560,Not Applicable,0,,
2024-07-12 11:11:00,CNR5168414331,Canceled by Driver,CID230743,eBike,Yelahanka,Devanahalli,,,Not Applicable,Customer was coughing/sick,Not Applicable,Not Applicable,531,Not Applicable,0,,
2024-07-15 00:52:00,CNR3465085428,Success,CID386056,Bike,Sarjapur Road,BTM Layout,147.0,25.0,Not Applicable,Not Applicable,No,Not Applicable,103,Cash,4,3.9,4.0
2024-07-07 22:32:00,CNR3024269802,Success,CID552550,eBike,Shantinagar,Peenya,287.0,95.0,Not Applicable,Not Applicable,No,Not Applicable,289,UPI,21,3.1,4.0
2024-07-16 14:20:00,CNR1975358993,Success,CID843709,Prime Plus,Frazer Town,Richmond Town,98.0,55.0,Not Applicable,Not Applicable,No,Not Applicable,109,Cash,38,3.9,5.0
2024-07-03 18:49:00,CNR1477823701,Success,CID145518,eBike,RT Nagar,Langford Town,168.0,75.0,Not Applicable,Not Applicable,No,Not Applicable,1730,UPI,19,4.5,3.7
2024-07-04 00:10:00,CNR7387896120,Driver Not Found,CID200568,eBike,Nagarbhavi,JP Nagar,,,Not Applicable,Not Applicable,Not Applicable,Not Applicable,696,Not Applicable,0,,
2024-07-16 15:49:00,CNR1035699136,Success,CID430140,Prime SUV,Basavanagudi,Magadi Road,77.0,135.0,Not Applicable,Not Applicable,No,Not Applicable,312,Cash,17,3.7,3.3
2024-07-19 10:04:00,CNR9438528301,Success,CID393486,Prime Sedan,Frazer Town,Mysore Road,252.0,70.0,Not Applicable,Not Applicable,No,Not Applicable,133,Cash,40,3.1,4.3
2024-07-09 03:59:00,CNR3111261934,Canceled by Customer,CID897232,Prime Sedan,Whitefield,Jayanagar,,,Driver asked to cancel,Not Applicable,Not Applicable,Not Applicable,191,Not Applicable,0,,
2024-07-12 17:48:00,CNR5113920623,Canceled by Driver,CID330284,Prime Plus,Majestic,KR Puram,,,Not Applicable,Customer related issue,Not Applicable,Not Applicable,1760,Not Applicable,0,,
2024-07-14 04:35:00,CNR4913958864,Canceled by Driver,CID773664,eBike,Magadi Road,KR Puram,,,Not Applicable,Personal & Car related issue,Not Applicable,Not Applicable,245,Not Applicable,0,,
2024-07-22 05:34:00,CNR5105944846,Driver Not Found,CID326553,Mini,Devanahalli,Ulsoor,,,Not Applicable,Not Applicable,Not Applicable,Not Applicable,498,Not Applicable,0,,
2024-07-02 01:24:00,CNR7341158091,Canceled by Driver,CID898222,Bike,Kengeri,Banashankari,,,Not Applicable,Customer related issue,Not Applicable,Not Applicable,148,Not Applicable,0,,
2024-07-11 05:10:00,CNR6831289374,Driver Not Found,CID208046,eBike,Ulsoor,Kengeri,,,Not Applicable,Not Applicable,Not Applicable,Not Applicable,223,Not Applicable,0,,
2024-07-13 20:49:00,CNR5760557613,Success,CID858545,Prime SUV,Hennur,Mysore Road,259.0,135.0,Not Applicable,Not Applicable,No,Not Applicable,2874,Cash,35,3.5,3.3
2024-07-05 11:20:00,CNR5669911535,Success,CID997952,Bike,Yeshwanthpur,MG Road,203.0,75.0,Not Applicable,Not Applicable,No,Not Applicable,609,Cash,16,3.2,3.8
2024-07-27 12:48:00,CNR1139896850,Success,CID478238,Prime SUV,Shantinagar,Richmond Town,245.0,120.0,Not Applicable,Not Applicable,No,Not Applicable,874,Cash,30,4.4,4.0
2024-07-03 08:30:00,CNR2890359597,Driver Not Found,CID887971,eBike,Yeshwanthpur,MG Road,,,Not Applicable,Not Applicable,Not Applicable,Not Applicable,339,Not Applicable,0,,
2024-07-27 23:18:00,CNR4999204935,Success,CID108676,Prime Plus,KR Puram,Hosur Road,133.0,75.0,Not Applicable,Not Applicable,No,Not Applicable,276,Cash,45,4.4,4.4
2024-07-06 15:14:00,CNR4107557472,Success,CID128737,Mini,Frazer Town,Majestic,77.0,75.0,Not Applicable,Not Applicable,No,Not Applicable,261,Cash,30,3.4,3.0
2024-07-14 17:57:00,CNR5925774756,Success,CID528592,Prime Sedan,HSR Layout,Peenya,105.0,40.0,Not Applicable,Not Applicable,No,Not Applicable,373,UPI,2,3.9,4.3
2024-07-11 21:56:00,CNR9138340542,Canceled by Customer,CID369517,Prime Plus,Peenya,Electronic City,,,Driver asked to cancel,Not Applicable,Not Applicable,Not Applicable,137,Not Applicable,0,,
2024-07-17 20:32:00,CNR9140465578,Canceled by Driver,CID476278,Prime SUV,Chickpet,Richmond Town,,,Not Applicable,Customer related issue,Not Applicable,Not Applicable,466,Not Applicable,0,,
2024-07-14 11:26:00,CNR8107474103,Success,CID442823,Prime Sedan,Indiranagar,Devanahalli,266.0,40.0,Not Applicable,Not Applicable,No,Not Applicable,364,Cash,16,3.9,3.8
2024-07-08 03:05:00,CNR5275478503,Success,CID408978,Prime Sedan,Padmanabhanagar,Sarjapur Road,266.0,105.0,Not Applicable,Not Applicable,No,Not Applicable,272,Cash,14,4.6,4.4
2024-07-04 17:56:00,CNR7153661946,Success,CID934140,Prime Plus,Yeshwanthpur,Marathahalli,280.0,30.0,Not Applicable,Not Applicable,No,Not Applicable,250,Cash,39,3.8,4.8
2024-07-16 05:24:00,CNR8485805728,Success,CID652409,eBike,Yelahanka,Yelahanka,84.0,40.0,Not Applicable,Not Applicable,No,Not Applicable,450,Cash,34,4.5,3.1
2024-07-28 12:49:00,CNR5822035649,Canceled by Driver,CID144049,Bike,Mysore Road,Sarjapur Road,,,Not Applicable,Personal & Car related issue,Not Applicable,Not Applicable,2902,Not Applicable,0,,
2024-07-05 04:58:00,CNR8056617514,Canceled by Driver,CID583554,Auto,JP Nagar,Hosur Road,,,Not Applicable,Personal & Car related issue,Not Applicable,Not Applicable,687,Not Applicable,0,,
2024-07-13 01:45:00,CNR6053346928,Canceled by Driver,CID417822,Bike,Shantinagar,Rajarajeshwari Nagar,,,Not Applicable,Customer was coughing/sick,Not Applicable,Not Applicable,102,Not Applicable,0,,
2024-07-05 22:55:00,CNR4572403821,Success,CID531845,Auto,Richmond Town,Marathahalli,126.0,125.0,Not Applicable,Not Applicable,No,Not Applicable,241,Cash,1,4.8,3.3
2024-07-16 06:24:00,CNR4669576921,Success,CID564424,Prime Plus,Devanahalli,Tumkur Road,308.0,75.0,Not Applicable,Not Applicable,No,Not Applicable,1361,Cash,7,3.4,4.6
2024-07-22 21:59:00,CNR6268839440,Canceled by Customer,CID226507,eBike,Bannerghatta Road,Kadugodi,,,Driver asked to cancel,Not Applicable,Not Applicable,Not Applicable,362,Not Applicable,0,,
2024-07-18 06:59:00,CNR8249445460,Success,CID504673,Prime Sedan,Bellandur,JP Nagar,56.0,115.0,Not Applicable,Not Applicable,No,Not Applicable,340,UPI,44,3.5,3.5
2024-07-26 20:46:00,CNR7701143766,Success,CID868247,Prime Plus,Padmanabhanagar,Jayanagar,140.0,80.0,Not Applicable,Not Applicable,No,Not Applicable,127,UPI,26,4.4,4.8
2024-07-02 02:28:00,CNR4334820549,Success,CID779942,Auto,Magadi Road,RT Nagar,196.0,110.0,Not Applicable,Not Applicable,No,Not Applicable,134,Cash,13,4.9,4.3
2024-07-20 23:39:00,CNR7089000232,Success,CID976044,Prime Plus,Rajajinagar,Banashankari,301.0,135.0,Not Applicable,Not Applicable,Yes,Customer Demand,352,Cash,20,4.8,4.2
2024-07-07 14:59:00,CNR3744504873,Driver Not Found,CID624425,Prime Plus,Rajajinagar,HSR Layout,,,Not Applicable,Not Applicable,Not Applicable,Not Applicable,487,Not Applicable,0,,
2024-07-13 10:27:00,CNR7811192134,Success,CID812803,Prime Plus,Kammanahalli,Jayanagar,294.0,140.0,Not Applicable,Not Applicable,No,Not Applicable,226,UPI,19,3.0,3.8
2024-07-15 00:02:00,CNR4284673210,Success,CID929814,eBike,Rajajinagar,Magadi Road,287.0,60.0,Not Applicable,Not Applicable,No,Not Applicable,185,Cash,45,4.5,4.8
2024-07-03 20:13:00,CNR3575034589,Driver Not Found,CID261178,Mini,RT Nagar,HSR Layout,,,Not Applicable,Not Applicable,Not Applicable,Not Applicable,357,Not Applicable,0,,
2024-07-13 20:51:00,CNR7238769125,Canceled by Customer,CID698723,Auto,Koramangala,Kadugodi,,,Driver asked to cancel,Not Applicable,Not Applicable,Not Applicable,2139,Not Applicable,0,,
2024-07-02 08:56:00,CNR2550407883,Success,CID790407,Prime Sedan,Sahakar Nagar,RT Nagar,133.0,115.0,Not Applicable,Not Applicable,No,Not Applicable,447,Cash,32,5.0,3.4
2024-07-10 20:05:00,CNR6181848341,Success,CID450792,Bike,Sahakar Nagar,HSR Layout,252.0,85.0,Not Applicable,Not Applicable,No,Not Applicable,286,UPI,35,3.2,5.0
2024-07-26 21:22:00,CNR2689158495,Canceled by Customer,CID971792,Mini,Chamarajpet,Koramangala,,,AC is Not working,Not Applicable,Not Applicable,Not Applicable,307,Not Applicable,0,,
2024-07-27 11:14:00,CNR5689574052,Canceled by Driver,CID665741,Mini,Varthur,Magadi Road,,,Not Applicable,Customer was coughing/sick,Not Applicable,Not Applicable,969,Not Applicable,0,,
2024-07-09 13:18:00,CNR2657082472,Canceled by Driver,CID885978,eBike,Varthur,Bannerghatta Road,,,Not Applicable,Customer related issue,Not Applicable,Not Applicable,460,Not Applicable,0,,
2024-07-06 13:33:00,CNR1660450490,Driver Not Found,CID558699,Prime Sedan,BTM Layout,Ulsoor,,,Not Applicable,Not Applicable,Not Applicable,Not Applicable,448,Not Applicable,0,,
2024-07-20 20:20:00,CNR5555291183,Success,CID658044,Mini,Hebbal,Yelahanka,196.0,105.0,Not Applicable,Not Applicable,No,Not Applicable,283,UPI,37,4.6,4.0
2024-07-15 12:42:00,CNR3978230212,Success,CID480061,Prime SUV,Tumkur Road,Hennur,154.0,55.0,Not Applicable,Not Applicable,No,Not Applicable,846,Cash,36,4.6,4.4
2024-07-11 12:00:00,CNR1630149960,Success,CID576580,Prime Sedan,Banashankari,Magadi Road,196.0,40.0,Not Applicable,Not Applicable,No,Not Applicable,810,Cash,49,3.9,4.8
2024-07-03 01:01:00,CNR7527118278,Canceled by Customer,CID176890,Prime Plus,Chamarajpet,BTM Layout,,,Driver is not moving towards pickup location,Not Applicable,Not Applicable,Not Applicable,249,Not Applicable,0,,
2024-07-22 06:43:00,CNR9101008542,Success,CID522114,Prime SUV,Jayanagar,Magadi Road,91.0,115.0,Not Applicable,Not Applicable,No,Not Applicable,276,UPI,41,3.3,5.0
2024-07-21 11:23:00,CNR7767514132,Success,CID538448,Mini,Mysore Road,Tumkur Road,238.0,140.0,Not Applicable,Not Applicable,No,Not Applicable,117,Cash,9,4.0,4.5
2024-07-09 12:23:00,CNR6877571902,Success,CID986757,Bike,Kengeri,RT Nagar,168.0,140.0,Not Applicable,Not Applicable,No,Not Applicable,225,UPI,49,4.6,4.1
2024-07-05 23:04:00,CNR9132519719,Driver Not Found,CID739428,Mini,Kadugodi,Sarjapur Road,,,Not Applicable,Not Applicable,Not Applicable,Not Applicable,2060,Not Applicable,0,,
2024-07-11 10:20:00,CNR8888674843,Success,CID706977,Prime SUV,Hennur,Chickpet,294.0,90.0,Not Applicable,Not Applicable,No,Not Applicable,411,Cash,2,4.6,3.2
2024-07-30 16:02:00,CNR7748840653,Driver Not Found,CID242355,Prime SUV,Bellandur,JP Nagar,,,Not Applicable,Not Applicable,Not Applicable,Not Applicable,358,Not Applicable,0,,
2024-07-14 02:40:00,CNR8692411192,Driver Not Found,CID614134,Prime Sedan,Yelahanka,MG Road,,,Not Applicable,Not Applicable,Not Applicable,Not Applicable,711,Not Applicable,0,,
2024-07-03 17:32:00,CNR6184813831,Success,CID874397,Bike,Tumkur Road,Koramangala,210.0,80.0,Not Applicable,Not Applicable,No,Not Applicable,2050,Cash,13,4.2,4.9
2024-07-07 19:06:00,CNR6562449691,Success,CID596547,Prime Sedan,Varthur,BTM Layout,210.0,135.0,Not Applicable,Not Applicable,No,Not Applicable,710,Credit Card,14,4.1,3.3
2024-07-07 16:16:00,CNR9451511254,Success,CID978145,Prime SUV,Bannerghatta Road,Rajarajeshwari Nagar,105.0,45.0,Not Applicable,Not Applicable,No,Not Applicable,992,Cash,8,4.5,4.6
2024-07-21 01:48:00,CNR5491413874,Success,CID273266,eBike,Majestic,Richmond Town,105.0,40.0,Not Applicable,Not Applicable,No,Not Applicable,303,Cash,14,4.1,3.3
2024-07-16 14:53:00,CNR3553244564,Success,CID934823,Prime Sedan,Devanahalli,Koramangala,77.0,135.0,Not Applicable,Not Applicable,No,Not Applicable,668,Cash,9,4.0,3.7
2024-07-14 11:21:00,CNR5794502142,Canceled by Driver,CID770713,Prime Plus,Vijayanagar,Electronic City,,,Not Applicable,Personal & Car related issue,Not Applicable,Not Applicable,780,Not Applicable,0,,
2024-07-22 18:49:00,CNR6385645044,Canceled by Customer,CID957619,Bike,Richmond Town,MG Road,,,Change of plans,Not Applicable,Not Applicable,Not Applicable,402,Not Applicable,0,,
2024-07-10 15:25:00,CNR2603908195,Canceled by Driver,CID560368,eBike,Whitefield,Bannerghatta Road,,,Not Applicable,Customer was coughing/sick,Not Applicable,Not Applicable,408,Not Applicable,0,,
2024-07-09 23:29:00,CNR3111390811,Driver Not Found,CID183668,eBike,Kadugodi,Richmond Town,,,Not Applicable,Not Applicable,Not Applicable,Not Applicable,213,Not Applicable,0,,
2024-07-14 13:52:00,CNR7479513704,Success,CID977556,Prime Sedan,Banashankari,Electronic City,189.0,135.0,Not Applicable,Not Applicable,No,Not Applicable,130,UPI,8,4.9,3.3
2024-07-04 13:52:00,CNR3265035898,Success,CID703080,Auto,Padmanabhanagar,Chickpet,126.0,130.0,Not Applicable,Not Applicable,No,Not Applicable,318,Cash,10,3.5,4.4
2024-07-02 03:58:00,CNR6081573682,Canceled by Driver,CID184251,Prime SUV,Devanahalli,Majestic,,,Not Applicable,Customer related issue,Not Applicable,Not Applicable,351,Not Applicable,0,,
2024-07-23 15:18:00,CNR5959090157,Success,CID845697,Mini,Richmond Town,Rajarajeshwari Nagar,56.0,135.0,Not Applicable,Not Applicable,No,Not Applicable,650,UPI,19,4.4,4.7
2024-07-21 08:06:00,CNR3811479715,Success,CID964746,Prime SUV,Nagarbhavi,Hebbal,42.0,130.0,Not Applicable,Not Applicable,No,Not Applicable,145,Cash,47,4.6,3.0
2024-07-17 06:22:00,CNR6863621493,Canceled by Customer,CID632037,Prime Plus,Bannerghatta Road,KR Puram,,,AC is Not working,Not Applicable,Not Applicable,Not Applicable,344,Not Applicable,0,,
2024-07-02 12:14:00,CNR6331405841,Success,CID909656,eBike,JP Nagar,Sahakar Nagar,189.0,50.0,Not Applicable,Not Applicable,No,Not Applicable,100,Credit Card,19,3.3,4.0
2024-07-21 14:53:00,CNR4170956607,Canceled by Customer,CID422772,Prime SUV,Koramangala,Rajajinagar,,,Driver asked to cancel,Not Applicable,Not Applicable,Not Applicable,171,Not Applicable,0,,
2024-07-30 20:02:00,CNR5736603986,Success,CID331039,eBike,Varthur,Marathahalli,77.0,60.0,Not Applicable,Not Applicable,Yes,Other Issue,482,Cash,46,4.9,4.7
2024-07-16 04:44:00,CNR9335780854,Success,CID965538,Auto,Bellandur,Bannerghatta Road,70.0,25.0,Not Applicable,Not Applicable,No,Not Applicable,309,Credit Card,6,4.3,4.8
2024-07-27 07:25:00,CNR3648637408,Driver Not Found,CID437794,Bike,HSR Layout,Jayanagar,,,Not Applicable,Not Applicable,Not Applicable,Not Applicable,420,Not Applicable,0,,
2024-07-26 20:40:00,CNR8556655098,Canceled by Customer,CID317577,eBike,HSR Layout,Hebbal,,,AC is Not working,Not Applicable,Not Applicable,Not Applicable,308,Not Applicable,0,,
2024-07-05 06:23:00,CNR3518558174,Canceled by Driver,CID618630,Prime Plus,Chickpet,Malleshwaram,,,Not Applicable,Customer was coughing/sick,Not Applicable,Not Applicable,239,Not Applicable,0,,
2024-07-14 14:33:00,CNR3218669745,Success,CID636638,Prime Plus,Langford Town,RT Nagar,147.0,35.0,Not Applicable,Not Applicable,No,Not Applicable,449,UPI,35,3.6,4.9
2024-07-22 06:32:00,CNR6503631418,Success,CID829550,Prime Sedan,Jayanagar,Mysore Road,182.0,80.0,Not Applicable,Not Applicable,No,Not Applicable,2915,UPI,16,4.8,4.6
2024-07-16 00:15:00,CNR4870142865,Driver Not Found,CID824631,Mini,Devanahalli,Sarjapur Road,,,Not Applicable,Not Applicable,Not Applicable,Not Applicable,720,Not Applicable,0,,
2024-07-14 22:36:00,CNR3622191405,Success,CID952645,Prime Sedan,Ramamurthy Nagar,Chickpet,42.0,85.0,Not Applicable,Not Applicable,No,Not Applicable,693,Cash,3,3.5,4.9
2024-07-27 19:10:00,CNR7248477719,Success,CID813650,Auto,Hebbal,Marathahalli,196.0,140.0,Not Applicable,Not Applicable,No,Not Applicable,480,Cash,16,3.4,4.4
2024-07-07 19:51:00,CNR6119547810,Success,CID412055,Prime Sedan,Bellandur,JP Nagar,112.0,135.0,Not Applicable,Not Applicable,Yes,Other Issue,175,UPI,23,4.8,3.9
2024-07-03 01:04:00,CNR8679221045,Driver Not Found,CID154357,Bike,Chickpet,Hebbal,,,Not Applicable,Not Applicable,Not Applicable,Not Applicable,568,Not Applicable,0,,
2024-07-22 21:37:00,CNR9123302841,Driver Not Found,CID478877,Prime SUV,Sarjapur Road,Jayanagar,,,Not Applicable,Not Applicable,Not Applicable,Not Applicable,116,Not Applicable,0,,
2024-07-22 23:44:00,CNR4952612960,Success,CID329882,Prime SUV,Hebbal,Yeshwanthpur,56.0,60.0,Not Applicable,Not Applicable,No,Not Applicable,152,UPI,8,3.3,3.4
2024-07-29 01:44:00,CNR6922850522,Success,CID288807,Prime Plus,Hennur,Tumkur Road,77.0,85.0,Not Applicable,Not Applicable,No,Not Applicable,465,Cash,37,3.1,3.7
2024-07-07 17:36:00,CNR2254239439,Canceled by Driver,CID663447,Prime Sedan,Peenya,RT Nagar,,,Not Applicable,Personal & Car related issue,Not Applicable,Not Applicable,966,Not Applicable,0,,
2024-07-13 04:55:00,CNR8539398322,Success,CID655692,eBike,Indiranagar,Marathahalli,203.0,105.0,Not Applicable,Not Applicable,No,Not Applicable,451,UPI,12,4.2,4.0
2024-07-11 05:15:00,CNR3858938172,Success,CID970956,eBike,Frazer Town,Bannerghatta Road,98.0,65.0,Not Applicable,Not Applicable,No,Not Applicable,331,UPI,44,3.5,4.9
2024-07-12 12:06:00,CNR2144605266,Success,CID659468,Auto,Hennur,Magadi Road,266.0,65.0,Not Applicable,Not Applicable,No,Not Applicable,1228,Cash,10,4.6,4.4
2024-07-07 03:05:00,CNR8300106486,Driver Not Found,CID395548,Prime Plus,Basavanagudi,Sarjapur Road,,,Not Applicable,Not Applicable,Not Applicable,Not Applicable,149,Not Applicable,0,,
2024-07-20 06:09:00,CNR9524728394,Success,CID393193,Mini,Hebbal,Richmond Town,280.0,80.0,Not Applicable,Not Applicable,No,Not Applicable,774,UPI,42,4.4,3.6
2024-07-01 08:37:00,CNR8595471248,Canceled by Driver,CID973965,Prime Plus,Majestic,Ulsoor,,,Not Applicable,Personal & Car related issue,Not Applicable,Not Applicable,622,Not Applicable,0,,
2024-07-21 18:55:00,CNR5055110657,Success,CID423756,Prime Sedan,JP Nagar,Vijayanagar,42.0,50.0,Not Applicable,Not Applicable,No,Not Applicable,708,UPI,8,3.9,4.0
2024-07-29 08:05:00,CNR1151060790,Success,CID791331,Prime Sedan,Jayanagar,Yeshwanthpur,266.0,40.0,Not Applicable,Not Applicable,No,Not Applicable,409,Cash,42,4.7,3.3
2024-07-20 02:34:00,CNR7149640182,Success,CID180436,Prime SUV,Vijayanagar,MG Road,70.0,125.0,Not Applicable,Not Applicable,No,Not Applicable,413,UPI,43,4.7,4.4
2024-07-22 17:43:00,CNR3455819097,Canceled by Driver,CID496300,Bike,Hulimavu,Indiranagar,,,Not Applicable,Customer was coughing/sick,Not Applicable,Not Applicable,202,Not Applicable,0,,
2024-07-22 12:23:00,CNR1025365098,Success,CID911225,Prime Plus,Bellandur,Whitefield,42.0,30.0,Not Applicable,Not Applicable,No,Not Applicable,188,Credit Card,6,4.7,4.2
2024-07-09 00:47:00,CNR4134238463,Success,CID236836,Bike,Chickpet,Hulimavu,140.0,145.0,Not Applicable,Not Applicable,No,Not Applicable,423,Cash,39,5.0,4.5
2024-07-04 16:32:00,CNR3842264023,Success,CID476904,Prime Sedan,Yeshwanthpur,Cox Town,259.0,115.0,Not Applicable,Not Applicable,No,Not Applicable,221,Cash,45,3.7,4.5
2024-07-03 16:03:00,CNR5261126580,Success,CID723279,Mini,Chamarajpet,Hebbal,105.0,80.0,Not Applicable,Not Applicable,No,Not Applicable,130,UPI,10,3.6,3.2
2024-07-05 19:14:00,CNR8484123979,Success,CID674635,Prime Plus,Hosur Road,Richmond Town,266.0,75.0,Not Applicable,Not Applicable,No,Not Applicable,1981,UPI,26,3.9,4.2
2024-07-09 11:20:00,CNR6878990571,Success,CID775711,Mini,RT Nagar,Whitefield,308.0,80.0,Not Applicable,Not Applicable,No,Not Applicable,458,Cash,49,3.4,3.5
2024-07-07 15:41:00,CNR4165511284,Canceled by Driver,CID982029,Prime Plus,Rajajinagar,Shantinagar,,,Not Applicable,Personal & Car related issue,Not Applicable,Not Applicable,142,Not Applicable,0,,
2024-07-07 03:13:00,CNR8829504829,Canceled by Driver,CID555015,Prime Plus,Kengeri,Yeshwanthpur,,,Not Applicable,More than permitted people in there,Not Applicable,Not Applicable,315,Not Applicable,0,,
2024-07-28 14:44:00,CNR6452006388,Canceled by Customer,CID733775,Mini,Kammanahalli,Frazer Town,,,Driver asked to cancel,Not Applicable,Not Applicable,Not Applicable,567,Not Applicable,0,,
2024-07-16 02:41:00,CNR5942659360,Success,CID844919,Prime Sedan,Ramamurthy Nagar,Kengeri,84.0,65.0,Not Applicable,Not Applicable,No,Not Applicable,345,UPI,44,3.2,3.4
2024-07-27 19:33:00,CNR4655845276,Success,CID945989,Auto,Ramamurthy Nagar,BTM Layout,112.0,30.0,Not Applicable,Not Applicable,No,Not Applicable,183,Cash,7,4.2,4.6
2024-07-05 06:24:00,CNR8287132326,Driver Not Found,CID119125,eBike,Yelahanka,Hebbal,,,Not Applicable,Not Applicable,Not Applicable,Not Applicable,187,Not Applicable,0,,
2024-07-18 13:44:00,CNR8902334146,Success,CID738671,Bike,Bellandur,Hosur Road,77.0,60.0,Not Applicable,Not Applicable,No,Not Applicable,451,Cash,3,4.1,4.4
2024-07-09 08:59:00,CNR3225604782,Canceled by Driver,CID411604,Prime Plus,Chamarajpet,Devanahalli,,,Not Applicable,Customer was coughing/sick,Not Applicable,Not Applicable,560,Not Applicable,0,,
2024-07-15 04:24:00,CNR7489330499,Canceled by Driver,CID610354,Bike,Rajarajeshwari Nagar,Electronic City,,,Not Applicable,Personal & Car related issue,Not Applicable,Not Applicable,810,Not Applicable,0,,
2024-07-14 05:49:00,CNR9594954862,Success,CID210058,Auto,JP Nagar,KR Puram,49.0,125.0,Not Applicable,Not Applicable,No,Not Applicable,478,UPI,2,4.0,4.9
2024-07-06 17:52:00,CNR4246285742,Canceled by Customer,CID782912,Auto,Yeshwanthpur,MG Road,,,Wrong Address,Not Applicable,Not Applicable,Not Applicable,1280,Not Applicable,0,,
2024-07-20 19:28:00,CNR8962217854,Success,CID929428,Bike,Frazer Town,Chickpet,112.0,45.0,Not Applicable,Not Applicable,No,Not Applicable,633,Cash,16,3.2,3.9
2024-07-13 13:59:00,CNR3690653015,Success,CID509240,Prime SUV,Malleshwaram,HSR Layout,252.0,30.0,Not Applicable,Not Applicable,No,Not Applicable,479,UPI,9,4.5,3.8
2024-07-12 14:10:00,CNR1234208380,Success,CID868848,Mini,Vijayanagar,Magadi Road,133.0,45.0,Not Applicable,Not Applicable,No,Not Applicable,386,Cash,36,4.7,4.9
2024-07-08 08:50:00,CNR7864519183,Success,CID878920,Prime Plus,Vijayanagar,Shantinagar,105.0,115.0,Not Applicable,Not Applicable,No,Not Applicable,256,Cash,7,4.0,3.7
2024-07-27 20:56:00,CNR2556858264,Success,CID522822,Prime Plus,Langford Town,Varthur,49.0,40.0,Not Applicable,Not Applicable,No,Not Applicable,199,UPI,42,3.5,3.5
2024-07-17 03:44:00,CNR7783527201,Success,CID634084,Mini,Yeshwanthpur,Electronic City,189.0,120.0,Not Applicable,Not Applicable,No,Not Applicable,324,Cash,44,3.8,3.5
2024-07-14 19:46:00,CNR4430571372,Success,CID424036,Prime SUV,Shivajinagar,Basavanagudi,266.0,140.0,Not Applicable,Not Applicable,No,Not Applicable,271,Cash,5,4.3,4.1
2024-07-29 17:32:00,CNR9964516253,Success,CID929943,Prime SUV,Yelahanka,Kammanahalli,84.0,25.0,Not Applicable,Not Applicable,No,Not Applicable,207,Cash,16,4.2,5.0
2024-07-16 20:02:00,CNR8122278443,Success,CID285504,Bike,Ulsoor,Ulsoor,112.0,35.0,Not Applicable,Not Applicable,No,Not Applicable,2393,UPI,29,3.7,3.6
2024-07-13 07:15:00,CNR3797845637,Success,CID136875,Prime Sedan,Whitefield,Yeshwanthpur,84.0,80.0,Not Applicable,Not Applicable,No,Not Applicable,347,Cash,40,4.5,4.8
2024-07-12 17:55:00,CNR5798400861,Driver Not Found,CID324145,Prime Plus,Kammanahalli,MG Road,,,Not Applicable,Not Applicable,Not Applicable,Not Applicable,996,Not Applicable,0,,
2024-07-20 01:14:00,CNR3946582099,Success,CID213204,Prime Plus,Indiranagar,Rajajinagar,245.0,40.0,Not Applicable,Not Applicable,No,Not Applicable,2271,Cash,18,4.9,4.6
2024-07-15 11:48:00,CNR8270960578,Success,CID917299,Auto,Magadi Road,Whitefield,273.0,40.0,Not Applicable,Not Applicable,No,Not Applicable,240,UPI,10,4.2,3.2
2024-07-03 21:09:00,CNR4844326544,Success,CID793949,Mini,Richmond Town,Majestic,84.0,35.0,Not Applicable,Not Applicable,No,Not Applicable,450,Cash,23,3.4,3.9
2024-07-25 11:37:00,CNR2326607469,Success,CID522573,Bike,Padmanabhanagar,Cox Town,56.0,95.0,Not Applicable,Not Applicable,No,Not Applicable,333,Cash,7,4.0,3.1
2024-07-29 16:30:00,CNR2845696486,Canceled by Customer,CID406658,Bike,Yelahanka,Hulimavu,,,Change of plans,Not Applicable,Not Applicable,Not Applicable,473,Not Applicable,0,,
2024-07-26 20:21:00,CNR5077864718,Success,CID345579,Prime Plus,Magadi Road,Sarjapur Road,287.0,95.0,Not Applicable,Not Applicable,No,Not Applicable,294,Credit Card,37,4.1,4.3
2024-07-23 14:43:00,CNR3582692222,Driver Not Found,CID926909,Prime SUV,Cox Town,Rajarajeshwari Nagar,,,Not Applicable,Not Applicable,Not Applicable,Not Applicable,474,Not Applicable,0,,
2024-07-24 18:02:00,CNR4307946566,Canceled by Driver,CID102163,Bike,Hebbal,MG Road,,,Not Applicable,Personal & Car related issue,Not Applicable,Not Applicable,400,Not Applicable,0,,
2024-07-19 08:20:00,CNR8847529568,Success,CID763101,Auto,Yeshwanthpur,Yelahanka,301.0,65.0,Not Applicable,Not Applicable,Yes,Customer Demand,814,UPI,18,3.7,5.0
2024-07-24 16:19:00,CNR2886825983,Canceled by Driver,CID837787,eBike,Devanahalli,Ulsoor,,,Not Applicable,Customer related issue,Not Applicable,Not Applicable,363,Not Applicable,0,,
2024-07-24 21:32:00,CNR5885544992,Canceled by Customer,CID706758,Mini,Hulimavu,Chamarajpet,,,Driver is not moving towards pickup location,Not Applicable,Not Applicable,Not Applicable,1071,Not Applicable,0,,
2024-07-21 18:19:00,CNR9510140129,Success,CID595897,Prime SUV,Mysore Road,Magadi Road,91.0,140.0,Not Applicable,Not Applicable,No,Not Applicable,519,UPI,26,3.7,4.1
2024-07-26 01:15:00,CNR5353301557,Success,CID858965,Auto,Hebbal,Langford Town,126.0,70.0,Not Applicable,Not Applicable,No,Not Applicable,237,Credit Card,17,3.8,3.4
2024-07-24 15:03:00,CNR3545335294,Canceled by Driver,CID146186,Bike,Kadugodi,Rajajinagar,,,Not Applicable,Customer was coughing/sick,Not Applicable,Not Applicable,475,Not Applicable,0,,
2024-07-16 14:59:00,CNR7378754303,Canceled by Driver,CID416006,Auto,Chamarajpet,Kadugodi,,,Not Applicable,Personal & Car related issue,Not Applicable,Not Applicable,296,Not Applicable,0,,
2024-07-08 18:24:00,CNR7360617914,Driver Not Found,CID744056,Prime Plus,Malleshwaram,Rajajinagar,,,Not Applicable,Not Applicable,Not Applicable,Not Applicable,467,Not Applicable,0,,
2024-07-13 18:44:00,CNR9806896307,Canceled by Customer,CID952465,Prime SUV,Chamarajpet,Magadi Road,,,Wrong Address,Not Applicable,Not Applicable,Not Applicable,832,Not Applicable,0,,
2024-07-13 10:26:00,CNR6503043330,Canceled by Customer,CID849649,Bike,Hebbal,Sarjapur Road,,,Change of plans,Not Applicable,Not Applicable,Not Applicable,216,Not Applicable,0,,
2024-07-01 21:00:00,CNR9110993207,Success,CID781479,Bike,Richmond Town,Richmond Town,245.0,105.0,Not Applicable,Not Applicable,No,Not Applicable,907,Debit Card,23,4.5,4.5
2024-07-12 15:14:00,CNR2601944847,Success,CID351838,Mini,Sahakar Nagar,Banashankari,84.0,25.0,Not Applicable,Not Applicable,No,Not Applicable,185,UPI,2,4.6,5.0
2024-07-27 01:37:00,CNR7663390221,Canceled by Customer,CID405073,Mini,Ulsoor,Vijayanagar,,,Driver is not moving towards pickup location,Not Applicable,Not Applicable,Not Applicable,340,Not Applicable,0,,
2024-07-07 04:38:00,CNR7881995091,Success,CID192093,Prime Plus,Varthur,JP Nagar,63.0,110.0,Not Applicable,Not Applicable,No,Not Applicable,385,UPI,36,4.9,4.0
2024-07-02 18:51:00,CNR4842555013,Success,CID505434,Auto,Hebbal,Shivajinagar,98.0,145.0,Not Applicable,Not Applicable,No,Not Applicable,425,Cash,4,5.0,3.0
2024-07-08 13:05:00,CNR5739669178,Canceled by Driver,CID329616,Prime SUV,Hebbal,Hulimavu,,,Not Applicable,Customer was coughing/sick,Not Applicable,Not Applicable,952,Not Applicable,0,,
2024-07-28 00:56:00,CNR2245524433,Driver Not Found,CID266886,Prime Sedan,Nagarbhavi,Vijayanagar,,,Not Applicable,Not Applicable,Not Applicable,Not Applicable,390,Not Applicable,0,,
2024-07-30 23:37:00,CNR3870170206,Success,CID349755,Prime Sedan,BTM Layout,Peenya,196.0,75.0,Not Applicable,Not Applicable,No,Not Applicable,292,UPI,10,4.0,4.9
2024-07-18 20:39:00,CNR7474166955,Success,CID692798,Prime SUV,Indiranagar,Hebbal,280.0,145.0,Not Applicable,Not Applicable,No,Not Applicable,478,UPI,5,3.4,4.3
2024-07-16 09:33:00,CNR1029575831,Driver Not Found,CID495091,Bike,Kammanahalli,Sahakar Nagar,,,Not Applicable,Not Applicable,Not Applicable,Not Applicable,397,Not Applicable,0,,
2024-07-24 10:05:00,CNR6537591189,Success,CID548385,Prime Sedan,JP Nagar,Malleshwaram,266.0,115.0,Not Applicable,Not Applicable,No,Not Applicable,435,UPI,15,3.2,4.9
2024-07-28 16:39:00,CNR2275255855,Success,CID933050,Prime SUV,Cox Town,Yelahanka,56.0,105.0,Not Applicable,Not Applicable,No,Not Applicable,459,UPI,47,4.3,4.2
2024-07-28 00:52:00,CNR9064351497,Success,CID844260,Mini,Mysore Road,Majestic,182.0,60.0,Not Applicable,Not Applicable,No,Not Applicable,135,UPI,17,4.9,4.2
2024-07-28 05:11:00,CNR5786652065,Canceled by Driver,CID608947,Auto,Ramamurthy Nagar,Indiranagar,,,Not Applicable,More than permitted people in there,Not Applicable,Not Applicable,143,Not Applicable,0,,
2024-07-05 20:01:00,CNR6104537719,Success,CID659403,eBike,Kammanahalli,Kengeri,98.0,90.0,Not Applicable,Not Applicable,No,Not Applicable,463,Cash,6,3.1,3.1
2024-07-15 04:50:00,CNR6749900807,Success,CID827659,Bike,Whitefield,Hennur,259.0,45.0,Not Applicable,Not Applicable,No,Not Applicable,701,Cash,12,4.4,4.5
2024-07-25 05:16:00,CNR1226938355,Success,CID228376,Prime Sedan,Sarjapur Road,Hulimavu,133.0,50.0,Not Applicable,Not Applicable,Yes,Customer Demand,735,Cash,28,4.5,4.4
2024-07-06 03:13:00,CNR7996465433,Canceled by Driver,CID375836,eBike,Marathahalli,Malleshwaram,,,Not Applicable,Customer related issue,Not Applicable,Not Applicable,146,Not Applicable,0,,
2024-07-04 12:46:00,CNR7751591752,Driver Not Found,CID673729,Auto,Yelahanka,Vijayanagar,,,Not Applicable,Not Applicable,Not Applicable,Not Applicable,187,Not Applicable,0,,
2024-07-10 05:40:00,CNR1563666050,Success,CID258282,Prime Plus,Devanahalli,Malleshwaram,196.0,45.0,Not Applicable,Not Applicable,No,Not Applicable,224,Cash,39,4.2,4.8
2024-07-15 23:56:00,CNR9968566127,Success,CID431109,eBike,Cox Town,Electronic City,245.0,50.0,Not Applicable,Not Applicable,No,Not Applicable,278,UPI,48,3.8,4.1
2024-07-25 18:17:00,CNR6031442155,Canceled by Customer,CID583920,eBike,Electronic City,RT Nagar,,,Driver asked to cancel,Not Applicable,Not Applicable,Not Applicable,348,Not Applicable,0,,
2024-07-21 09:54:00,CNR7748405924,Driver Not Found,CID596947,Prime Sedan,Ulsoor,Cox Town,,,Not Applicable,Not Applicable,Not Applicable,Not Applicable,381,Not Applicable,0,,
2024-07-05 23:24:00,CNR8068596596,Success,CID428125,Prime Sedan,RT Nagar,Malleshwaram,133.0,75.0,Not Applicable,Not Applicable,No,Not Applicable,326,Cash,21,4.2,4.5
2024-07-30 00:36:00,CNR9416637699,Success,CID959091,eBike,Sahakar Nagar,Rajarajeshwari Nagar,77.0,85.0,Not Applicable,Not Applicable,No,Not Applicable,455,Cash,10,4.9,4.2
2024-07-16 23:48:00,CNR4177843348,Success,CID603847,Mini,Ulsoor,Peenya,308.0,60.0,Not Applicable,Not Applicable,No,Not Applicable,454,Credit Card,30,4.4,3.6
2024-07-24 15:03:00,CNR7948399820,Success,CID781589,eBike,Indiranagar,Rajarajeshwari Nagar,147.0,85.0,Not Applicable,Not Applicable,No,Not Applicable,2352,Cash,13,3.8,3.5
2024-07-09 18:20:00,CNR6221381271,Canceled by Driver,CID228731,Auto,Basavanagudi,Nagarbhavi,,,Not Applicable,More than permitted people in there,Not Applicable,Not Applicable,1913,Not Applicable,0,,
2024-07-28 05:08:00,CNR9022611964,Canceled by Customer,CID300353,eBike,HSR Layout,Malleshwaram,,,Driver is not moving towards pickup location,Not Applicable,Not Applicable,Not Applicable,1835,Not Applicable,0,,
2024-07-25 06:20:00,CNR3534113007,Success,CID628811,Prime SUV,Frazer Town,Hosur Road,119.0,50.0,Not Applicable,Not Applicable,No,Not Applicable,207,Cash,17,3.8,3.8
2024-07-07 12:44:00,CNR8643475078,Driver Not Found,CID858836,Mini,Frazer Town,Marathahalli,,,Not Applicable,Not Applicable,Not Applicable,Not Applicable,139,Not Applicable,0,,
2024-07-21 08:58:00,CNR3463149770,Success,CID600448,Prime Plus,Yelahanka,Kengeri,161.0,110.0,Not Applicable,Not Applicable,Yes,Customer Demand,155,UPI,16,3.2,4.1
2024-07-07 19:58:00,CNR2760713343,Success,CID250696,Prime Sedan,Bannerghatta Road,Bellandur,77.0,120.0,Not Applicable,Not Applicable,No,Not Applicable,437,UPI,26,4.0,4.8
2024-07-25 04:16:00,CNR5392450192,Success,CID759092,Mini,Bellandur,Devanahalli,231.0,110.0,Not Applicable,Not Applicable,No,Not Applicable,317,UPI,11,4.1,4.2
2024-07-16 02:57:00,CNR4209166069,Canceled by Driver,CID261431,Prime Plus,Vijayanagar,Majestic,,,Not Applicable,Customer was coughing/sick,Not Applicable,Not Applicable,138,Not Applicable,0,,
2024-07-16 03:34:00,CNR6017899743,Success,CID115997,Prime SUV,Langford Town,Kammanahalli,238.0,90.0,Not Applicable,Not Applicable,No,Not Applicable,342,UPI,20,3.6,4.3
2024-07-22 23:17:00,CNR1999407479,Success,CID367614,Prime Sedan,Varthur,Sarjapur Road,175.0,125.0,Not Applicable,Not Applicable,No,Not Applicable,1192,UPI,21,3.4,5.0
2024-07-22 09:00:00,CNR7631395182,Canceled by Driver,CID168677,Mini,Richmond Town,Cox Town,,,Not Applicable,Personal & Car related issue,Not Applicable,Not Applicable,876,Not Applicable,0,,
2024-07-01 02:57:00,CNR3226886767,Success,CID138085,Prime Sedan,Shivajinagar,Frazer Town,287.0,40.0,Not Applicable,Not Applicable,No,Not Applicable,101,UPI,12,3.4,4.5
2024-07-23 04:42:00,CNR2780481647,Success,CID384535,Prime Sedan,Tumkur Road,Bellandur,63.0,90.0,Not Applicable,Not Applicable,No,Not Applicable,347,UPI,3,5.0,3.3
2024-07-26 18:34:00,CNR6913725356,Driver Not Found,CID772495,Prime SUV,BTM Layout,Whitefield,,,Not Applicable,Not Applicable,Not Applicable,Not Applicable,182,Not Applicable,0,,
2024-07-27 10:47:00,CNR2369772141,Success,CID964712,Mini,Peenya,Chickpet,231.0,55.0,Not Applicable,Not Applicable,Yes,Vehicle Breakdown,249,UPI,15,4.7,4.9
2024-07-05 01:22:00,CNR2467814557,Success,CID111658,Prime Sedan,Chickpet,RT Nagar,301.0,140.0,Not Applicable,Not Applicable,No,Not Applicable,116,UPI,12,3.4,4.8
2024-07-14 12:42:00,CNR5996676743,Success,CID718180,Auto,Mysore Road,Kammanahalli,98.0,30.0,Not Applicable,Not Applicable,No,Not Applicable,635,UPI,9,4.6,5.0
2024-07-20 07:29:00,CNR5491991392,Success,CID342960,Prime Plus,Richmond Town,Richmond Town,35.0,100.0,Not Applicable,Not Applicable,No,Not Applicable,395,UPI,23,4.8,4.7
2024-07-02 16:35:00,CNR8198707809,Canceled by Driver,CID260082,eBike,Chickpet,KR Puram,,,Not Applicable,Customer was coughing/sick,Not Applicable,Not Applicable,123,Not Applicable,0,,
2024-07-20 12:22:00,CNR1524791643,Success,CID954479,eBike,HSR Layout,Bellandur,56.0,65.0,Not Applicable,Not Applicable,No,Not Applicable,388,Cash,20,3.4,4.3
2024-07-22 13:45:00,CNR5299177284,Canceled by Driver,CID738549,Bike,Sarjapur Road,Peenya,,,Not Applicable,Customer was coughing/sick,Not Applicable,Not Applicable,489,Not Applicable,0,,
2024-07-03 11:53:00,CNR2521149130,Canceled by Driver,CID473310,Mini,Padmanabhanagar,Koramangala,,,Not Applicable,More than permitted people in there,Not Applicable,Not Applicable,160,Not Applicable,0,,
2024-07-30 07:19:00,CNR9516617960,Success,CID838054,Prime Sedan,Langford Town,Electronic City,84.0,70.0,Not Applicable,Not Applicable,Yes,Vehicle Breakdown,225,Cash,41,3.9,4.5
2024-07-30 13:17:00,CNR7757622733,Success,CID785112,Prime SUV,Bellandur,Hosur Road,161.0,75.0,Not Applicable,Not Applicable,No,Not Applicable,2137,Cash,16,4.6,4.6
2024-07-13 22:53:00,CNR7581112173,Driver Not Found,CID289875,eBike,Koramangala,Jayanagar,,,Not Applicable,Not Applicable,Not Applicable,Not Applicable,1589,Not Applicable,0,,
2024-07-14 14:58:00,CNR1259162609,Success,CID908874,Mini,Nagarbhavi,Kengeri,35.0,40.0,Not Applicable,Not Applicable,No,Not Applicable,387,UPI,23,3.2,4.6
2024-07-19 09:30:00,CNR2136280605,Success,CID507870,Bike,Majestic,Bannerghatta Road,119.0,50.0,Not Applicable,Not Applicable,No,Not Applicable,159,UPI,28,4.8,3.9
2024-07-11 08:34:00,CNR8119131140,Driver Not Found,CID503751,Prime Plus,Sarjapur Road,Malleshwaram,,,Not Applicable,Not Applicable,Not Applicable,Not Applicable,2610,Not Applicable,0,,
2024-07-26 00:36:00,CNR1515202847,Canceled by Driver,CID221566,Prime Sedan,Langford Town,Devanahalli,,,Not Applicable,More than permitted people in there,Not Applicable,Not Applicable,252,Not Applicable,0,,
2024-07-20 06:14:00,CNR2406051320,Driver Not Found,CID531456,Auto,Hulimavu,Cox Town,,,Not Applicable,Not Applicable,Not Applicable,Not Applicable,423,Not Applicable,0,,
2024-07-24 06:28:00,CNR2983456183,Success,CID541478,Prime SUV,Kammanahalli,Chamarajpet,259.0,115.0,Not Applicable,Not Applicable,No,Not Applicable,314,Cash,12,4.3,3.7
2024-07-07 21:34:00,CNR5686154251,Success,CID937571,Prime Sedan,KR Puram,Electronic City,217.0,25.0,Not Applicable,Not Applicable,No,Not Applicable,291,Cash,33,3.3,4.0
2024-07-19 15:40:00,CNR2731939969,Success,CID202941,Auto,Bellandur,Cox Town,238.0,90.0,Not Applicable,Not Applicable,No,Not Applicable,681,Cash,8,4.2,4.2
2024-07-04 01:57:00,CNR5201744550,Success,CID499503,Prime SUV,Jayanagar,Devanahalli,112.0,100.0,Not Applicable,Not Applicable,No,Not Applicable,1722,UPI,15,4.6,4.3
2024-07-13 13:00:00,CNR1275908324,Success,CID305030,eBike,Shivajinagar,HSR Layout,119.0,35.0,Not Applicable,Not Applicable,No,Not Applicable,174,UPI,26,4.6,4.2
2024-07-30 08:41:00,CNR3523671873,Canceled by Driver,CID877575,Bike,Kengeri,Hulimavu,,,Not Applicable,Personal & Car related issue,Not Applicable,Not Applicable,425,Not Applicable,0,,
2024-07-10 21:49:00,CNR1421545735,Canceled by Driver,CID897547,Mini,Yelahanka,Chamarajpet,,,Not Applicable,Personal & Car related issue,Not Applicable,Not Applicable,226,Not Applicable,0,,
2024-07-07 11:54:00,CNR8434208745,Success,CID368472,Prime Sedan,MG Road,BTM Layout,280.0,135.0,Not Applicable,Not Applicable,No,Not Applicable,661,UPI,44,3.5,4.3
2024-07-21 19:36:00,CNR3723753596,Success,CID922975,Prime Sedan,MG Road,Majestic,70.0,120.0,Not Applicable,Not Applicable,No,Not Applicable,2395,Cash,7,4.7,3.7
2024-07-28 21:46:00,CNR4434811511,Success,CID403723,Prime Sedan,Hosur Road,Koramangala,63.0,125.0,Not Applicable,Not Applicable,No,Not Applicable,1893,UPI,9,4.7,3.1
2024-07-26 00:19:00,CNR8116339549,Success,CID243926,Bike,Richmond Town,Bellandur,70.0,25.0,Not Applicable,Not Applicable,No,Not Applicable,664,UPI,17,4.5,3.0
2024-07-04 02:33:00,CNR9325725327,Success,CID595278,Auto,Kammanahalli,Ulsoor,238.0,45.0,Not Applicable,Not Applicable,Yes,Vehicle Breakdown,320,Cash,14,4.4,4.7
2024-07-04 09:50:00,CNR9995942564,Success,CID637319,Prime SUV,Whitefield,Malleshwaram,98.0,105.0,Not Applicable,Not Applicable,No,Not Applicable,1541,Cash,21,4.8,4.7
2024-07-20 12:12:00,CNR2195630690,Success,CID832339,Prime SUV,Shivajinagar,Kengeri,308.0,75.0,Not Applicable,Not Applicable,No,Not Applicable,319,Cash,24,4.0,4.2
2024-07-15 18:54:00,CNR1994611562,Driver Not Found,CID622402,eBike,Marathahalli,Whitefield,,,Not Applicable,Not Applicable,Not Applicable,Not Applicable,110,Not Applicable,0,,
2024-07-06 09:20:00,CNR8980275284,Success,CID237489,Mini,Hulimavu,BTM Layout,294.0,135.0,Not Applicable,Not Applicable,No,Not Applicable,429,UPI,43,4.2,4.7
2024-07-26 04:33:00,CNR1193520698,Canceled by Driver,CID873534,Bike,Rajarajeshwari Nagar,Bellandur,,,Not Applicable,Personal & Car related issue,Not Applicable,Not Applicable,385,Not Applicable,0,,
2024-07-23 12:05:00,CNR9193660723,Driver Not Found,CID186130,Mini,Kadugodi,Cox Town,,,Not Applicable,Not Applicable,Not Applicable,Not Applicable,630,Not Applicable,0,,
2024-07-21 12:43:00,CNR5041013678,Success,CID792941,Auto,Mysore Road,Chamarajpet,210.0,45.0,Not Applicable,Not Applicable,No,Not Applicable,145,UPI,15,3.6,3.2
2024-07-03 10:33:00,CNR7232177677,Success,CID615337,Prime SUV,Marathahalli,KR Puram,91.0,40.0,Not Applicable,Not Applicable,No,Not Applicable,489,UPI,31,3.8,3.8
2024-07-20 01:19:00,CNR6445070175,Canceled by Driver,CID965503,Prime SUV,Hosur Road,HSR Layout,,,Not Applicable,Customer related issue,Not Applicable,Not Applicable,2832,Not Applicable,0,,
2024-07-07 02:46:00,CNR4032873229,Success,CID129474,eBike,Tumkur Road,Shivajinagar,154.0,125.0,Not Applicable,Not Applicable,No,Not Applicable,377,Cash,8,3.6,3.2
2024-07-30 10:08:00,CNR1195345734,Success,CID190820,Prime Sedan,Ramamurthy Nagar,Rajajinagar,217.0,100.0,Not Applicable,Not Applicable,No,Not Applicable,250,Cash,15,3.4,4.7
2024-07-04 18:00:00,CNR4008846601,Success,CID861232,Prime Sedan,Chamarajpet,Vijayanagar,147.0,140.0,Not Applicable,Not Applicable,No,Not Applicable,656,Cash,30,4.4,4.6
2024-07-14 22:29:00,CNR1963100433,Canceled by Driver,CID188686,eBike,Rajajinagar,Richmond Town,,,Not Applicable,Customer related issue,Not Applicable,Not Applicable,481,Not Applicable,0,,
2024-07-25 20:50:00,CNR5494583546,Success,CID331865,Auto,Chickpet,Magadi Road,42.0,60.0,Not Applicable,Not Applicable,No,Not Applicable,1070,Cash,14,3.3,3.7
2024-07-11 05:49:00,CNR6167868382,Driver Not Found,CID356420,Prime Plus,Koramangala,Basavanagudi,,,Not Applicable,Not Applicable,Not Applicable,Not Applicable,223,Not Applicable,0,,
2024-07-17 21:19:00,CNR4969862897,Success,CID878517,Prime SUV,Tumkur Road,Ramamurthy Nagar,84.0,120.0,Not Applicable,Not Applicable,No,Not Applicable,561,Cash,7,3.3,4.3
2024-07-10 20:44:00,CNR1237675377,Success,CID884567,Auto,Electronic City,Tumkur Road,259.0,60.0,Not Applicable,Not Applicable,Yes,Customer Demand,206,UPI,17,3.2,3.9
2024-07-29 18:31:00,CNR6691272193,Driver Not Found,CID253377,Prime Plus,Basavanagudi,Kengeri,,,Not Applicable,Not Applicable,Not Applicable,Not Applicable,137,Not Applicable,0,,
2024-07-06 13:37:00,CNR7979946228,Success,CID665136,Auto,Yeshwanthpur,Padmanabhanagar,35.0,85.0,Not Applicable,Not Applicable,No,Not Applicable,401,Cash,11,4.7,4.3
2024-07-11 19:29:00,CNR3836427450,Success,CID760836,Prime SUV,Devanahalli,Marathahalli,189.0,30.0,Not Applicable,Not Applicable,No,Not Applicable,914,UPI,16,3.3,4.9
2024-07-06 19:38:00,CNR4363690058,Canceled by Driver,CID553903,Prime SUV,Varthur,JP Nagar,,,Not Applicable,Customer related issue,Not Applicable,Not Applicable,560,Not Applicable,0,,
2024-07-26 12:36:00,CNR5232699016,Canceled by Customer,CID833931,Mini,Rajarajeshwari Nagar,Kammanahalli,,,Driver is not moving towards pickup location,Not Applicable,Not Applicable,Not Applicable,466,Not Applicable,0,,
2024-07-02 20:32:00,CNR1529747244,Success,CID329428,Bike,Ramamurthy Nagar,Indiranagar,154.0,90.0,Not Applicable,Not Applicable,No,Not Applicable,966,UPI,11,3.4,3.7
2024-07-18 02:07:00,CNR3292396717,Success,CID902889,Mini,Langford Town,Hosur Road,266.0,130.0,Not Applicable,Not Applicable,No,Not Applicable,382,Cash,47,4.9,4.1
2024-07-29 19:09:00,CNR8596733627,Success,CID940008,Auto,HSR Layout,Richmond Town,133.0,30.0,Not Applicable,Not Applicable,No,Not Applicable,164,UPI,4,3.7,3.7
2024-07-11 06:31:00,CNR7001751476,Success,CID564353,Auto,BTM Layout,Tumkur Road,147.0,140.0,Not Applicable,Not Applicable,No,Not Applicable,131,Cash,18,3.4,4.9
2024-07-26 16:48:00,CNR4611236660,Success,CID687914,Prime Sedan,Bannerghatta Road,BTM Layout,203.0,70.0,Not Applicable,Not Applicable,No,Not Applicable,344,Cash,23,4.2,4.0
2024-07-10 04:39:00,CNR2433374820,Success,CID813443,eBike,Kengeri,Bellandur,231.0,70.0,Not Applicable,Not Applicable,No,Not Applicable,168,Cash,41,4.0,4.7
2024-07-16 01:58:00,CNR9368909512,Success,CID123962,Mini,Sarjapur Road,Richmond Town,147.0,120.0,Not Applicable,Not Applicable,No,Not Applicable,962,UPI,49,4.9,3.9
2024-07-13 12:35:00,CNR5667720359,Success,CID308978,Prime Sedan,Electronic City,Frazer Town,56.0,140.0,Not Applicable,Not Applicable,No,Not Applicable,997,Cash,16,3.0,4.0
2024-07-25 07:23:00,CNR4185330595,Success,CID771505,Mini,Basavanagudi,Hulimavu,140.0,110.0,Not Applicable,Not Applicable,No,Not Applicable,1365,Cash,29,4.5,3.8
2024-07-12 12:08:00,CNR5672349595,Success,CID130954,Prime Sedan,Kammanahalli,Langford Town,231.0,60.0,Not Applicable,Not Applicable,No,Not Applicable,213,Cash,14,3.5,4.2
2024-07-24 08:51:00,CNR9302906544,Canceled by Driver,CID975325,eBike,Vijayanagar,JP Nagar,,,Not Applicable,Personal & Car related issue,Not Applicable,Not Applicable,435,Not Applicable,0,,
2024-07-19 16:01:00,CNR8085077619,Canceled by Driver,CID450414,Mini,KR Puram,KR Puram,,,Not Applicable,Customer was coughing/sick,Not Applicable,Not Applicable,635,Not Applicable,0,,
2024-07-09 12:06:00,CNR2895391479,Driver Not Found,CID871370,Prime SUV,Hennur,KR Puram,,,Not Applicable,Not Applicable,Not Applicable,Not Applicable,815,Not Applicable,0,,
2024-07-02 10:44:00,CNR9338836439,Success,CID999308,Auto,Hennur,Nagarbhavi,77.0,50.0,Not Applicable,Not Applicable,No,Not Applicable,748,Credit Card,18,3.1,4.1
2024-07-21 14:50:00,CNR4738400801,Canceled by Customer,CID919597,Mini,Rajajinagar,MG Road,,,Driver is not moving towards pickup location,Not Applicable,Not Applicable,Not Applicable,219,Not Applicable,0,,
2024-07-27 00:19:00,CNR7801953097,Success,CID933655,Prime SUV,Rajarajeshwari Nagar,Yeshwanthpur,182.0,70.0,Not Applicable,Not Applicable,No,Not Applicable,387,UPI,29,3.7,3.6
2024-07-23 02:31:00,CNR7631613078,Canceled by Customer,CID642920,Prime Sedan,Peenya,Magadi Road,,,Driver is not moving towards pickup location,Not Applicable,Not Applicable,Not Applicable,479,Not Applicable,0,,
2024-07-28 11:06:00,CNR3750609480,Driver Not Found,CID636445,eBike,Jayanagar,Nagarbhavi,,,Not Applicable,Not Applicable,Not Applicable,Not Applicable,733,Not Applicable,0,,
2024-07-09 21:08:00,CNR3889627681,Success,CID808557,Mini,Bellandur,Hennur,168.0,25.0,Not Applicable,Not Applicable,Yes,Customer Demand,245,Cash,36,3.8,3.4
2024-07-07 06:53:00,CNR5668757353,Success,CID292844,Auto,Whitefield,Kammanahalli,105.0,50.0,Not Applicable,Not Applicable,No,Not Applicable,201,Cash,7,3.1,4.2
2024-07-18 17:14:00,CNR9791416718,Driver Not Found,CID419053,Auto,Hosur Road,Vijayanagar,,,Not Applicable,Not Applicable,Not Applicable,Not Applicable,633,Not Applicable,0,,
2024-07-04 23:06:00,CNR8107228150,Success,CID306244,Prime Plus,Hennur,Banashankari,161.0,65.0,Not Applicable,Not Applicable,No,Not Applicable,560,Cash,3,3.5,4.3
2024-07-13 22:11:00,CNR5518634441,Success,CID335866,Prime Plus,Rajajinagar,Majestic,196.0,55.0,Not Applicable,Not Applicable,No,Not Applicable,240,Cash,14,3.7,3.3
2024-07-03 04:02:00,CNR6548104175,Success,CID739085,eBike,Basavanagudi,Bellandur,189.0,100.0,Not Applicable,Not Applicable,No,Not Applicable,460,UPI,36,3.9,4.8
2024-07-09 13:28:00,CNR8862753768,Success,CID564600,Bike,HSR Layout,Padmanabhanagar,266.0,110.0,Not Applicable,Not Applicable,No,Not Applicable,237,Cash,42,3.5,3.6
2024-07-17 17:22:00,CNR9418931182,Success,CID612170,Prime SUV,Whitefield,Malleshwaram,308.0,110.0,Not Applicable,Not Applicable,No,Not Applicable,100,Cash,26,4.5,5.0
2024-07-08 02:46:00,CNR2032598963,Success,CID675024,Prime Sedan,Ramamurthy Nagar,Shivajinagar,70.0,80.0,Not Applicable,Not Applicable,No,Not Applicable,2450,UPI,38,4.2,3.2
2024-07-02 03:33:00,CNR6238324236,Success,CID383230,Mini,RT Nagar,Malleshwaram,210.0,35.0,Not Applicable,Not Applicable,No,Not Applicable,171,UPI,1,4.0,3.2
2024-07-15 07:56:00,CNR2751028927,Success,CID863004,Prime Sedan,Cox Town,Mysore Road,63.0,75.0,Not Applicable,Not Applicable,No,Not Applicable,365,Cash,49,4.1,3.5
2024-07-08 01:48:00,CNR3429312232,Success,CID612426,Auto,Magadi Road,Sarjapur Road,70.0,140.0,Not Applicable,Not Applicable,No,Not Applicable,838,UPI,18,3.6,4.1
2024-07-08 15:51:00,CNR3203896202,Success,CID402792,Prime Sedan,Langford Town,Richmond Town,308.0,85.0,Not Applicable,Not Applicable,No,Not Applicable,287,UPI,23,3.3,4.2
2024-07-26 18:20:00,CNR9169566801,Success,CID104064,Prime Plus,Jayanagar,Hebbal,49.0,115.0,Not Applicable,Not Applicable,No,Not Applicable,320,UPI,19,3.9,3.9
2024-07-15 14:23:00,CNR6917511700,Driver Not Found,CID879533,Bike,Richmond Town,Vijayanagar,,,Not Applicable,Not Applicable,Not Applicable,Not Applicable,372,Not Applicable,0,,
2024-07-07 03:08:00,CNR1837158531,Success,CID445591,Prime Sedan,Sahakar Nagar,Peenya,154.0,60.0,Not Applicable,Not Applicable,No,Not Applicable,463,Credit Card,22,4.8,3.9
2024-07-13 16:19:00,CNR3817734000,Success,CID745382,Auto,Majestic,KR Puram,308.0,95.0,Not Applicable,Not Applicable,No,Not Applicable,412,UPI,10,4.1,4.0
2024-07-09 00:40:00,CNR3832699866,Canceled by Customer,CID236436,Prime Sedan,Malleshwaram,Bellandur,,,Driver is not moving towards pickup location,Not Applicable,Not Applicable,Not Applicable,412,Not Applicable,0,,
2024-07-07 04:47:00,CNR8181447058,Canceled by Driver,CID115745,Auto,Tumkur Road,Magadi Road,,,Not Applicable,Customer was coughing/sick,Not Applicable,Not Applicable,1547,Not Applicable,0,,
2024-07-22 12:00:00,CNR3968121469,Canceled by Driver,CID670452,Mini,Banashankari,Shivajinagar,,,Not Applicable,More than permitted people in there,Not Applicable,Not Applicable,268,Not Applicable,0,,
2024-07-22 10:58:00,CNR6521858125,Canceled by Driver,CID478930,eBike,Whitefield,Rajajinagar,,,Not Applicable,Personal & Car related issue,Not Applicable,Not Applicable,615,Not Applicable,0,,
2024-07-05 19:27:00,CNR2790499346,Success,CID522522,Prime Plus,Varthur,Bellandur,259.0,60.0,Not Applicable,Not Applicable,No,Not Applicable,258,UPI,26,4.2,4.0
2024-07-18 15:40:00,CNR2301219324,Success,CID381935,Prime Sedan,Magadi Road,Cox Town,70.0,120.0,Not Applicable,Not Applicable,No,Not Applicable,115,UPI,33,4.6,3.9
2024-07-22 00:59:00,CNR8574528813,Success,CID727083,Auto,Richmond Town,Hulimavu,294.0,80.0,Not Applicable,Not Applicable,No,Not Applicable,925,UPI,15,3.2,3.2
2024-07-26 11:56:00,CNR3966140337,Canceled by Customer,CID865052,eBike,Devanahalli,Frazer Town,,,Change of plans,Not Applicable,Not Applicable,Not Applicable,102,Not Applicable,0,,
2024-07-16 03:01:00,CNR3381207775,Success,CID296329,eBike,Frazer Town,Majestic,49.0,60.0,Not Applicable,Not Applicable,No,Not Applicable,110,UPI,40,3.6,3.4
2024-07-12 09:22:00,CNR3435584270,Canceled by Customer,CID368512,Bike,Varthur,Tumkur Road,,,AC is Not working,Not Applicable,Not Applicable,Not Applicable,411,Not Applicable,0,,
2024-07-25 19:28:00,CNR8113721685,Success,CID381573,Mini,Hebbal,Ulsoor,140.0,105.0,Not Applicable,Not Applicable,No,Not Applicable,226,Cash,39,4.9,4.4
2024-07-22 03:28:00,CNR4828684288,Success,CID316877,eBike,Padmanabhanagar,Cox Town,49.0,110.0,Not Applicable,Not Applicable,No,Not Applicable,300,Cash,15,3.1,3.7
2024-07-04 02:38:00,CNR8134132378,Driver Not Found,CID497093,Mini,Bellandur,Vijayanagar,,,Not Applicable,Not Applicable,Not Applicable,Not Applicable,2862,Not Applicable,0,,
2024-07-17 12:55:00,CNR5426320508,Canceled by Driver,CID969476,Prime SUV,Padmanabhanagar,Nagarbhavi,,,Not Applicable,More than permitted people in there,Not Applicable,Not Applicable,913,Not Applicable,0,,
2024-07-07 09:57:00,CNR8976537000,Canceled by Customer,CID287159,Mini,Malleshwaram,Electronic City,,,Driver is not moving towards pickup location,Not Applicable,Not Applicable,Not Applicable,461,Not Applicable,0,,
2024-07-19 04:48:00,CNR3803176704,Success,CID526404,Mini,Hulimavu,Chickpet,287.0,120.0,Not Applicable,Not Applicable,No,Not Applicable,153,Cash,23,4.2,3.4
2024-07-16 19:55:00,CNR6064334433,Success,CID957570,Mini,Indiranagar,Basavanagudi,196.0,50.0,Not Applicable,Not Applicable,Yes,Customer Demand,233,UPI,29,3.7,3.8
2024-07-12 08:21:00,CNR7435921981,Success,CID731430,Prime Plus,HSR Layout,Shivajinagar,42.0,80.0,Not Applicable,Not Applicable,No,Not Applicable,287,Cash,23,4.1,4.4
2024-07-16 03:01:00,CNR5333635279,Canceled by Customer,CID618504,Prime Sedan,Padmanabhanagar,Magadi Road,,,Change of plans,Not Applicable,Not Applicable,Not Applicable,733,Not Applicable,0,,
2024-07-08 19:16:00,CNR5047838639,Success,CID504842,eBike,Devanahalli,Malleshwaram,308.0,135.0,Not Applicable,Not Applicable,Yes,Customer Demand,393,Cash,24,4.4,3.5
2024-07-14 13:20:00,CNR5003711225,Success,CID308510,Auto,Sarjapur Road,Banashankari,63.0,85.0,Not Applicable,Not Applicable,Yes,Customer Demand,108,Cash,15,3.8,5.0
2024-07-27 08:28:00,CNR9516746801,Driver Not Found,CID851221,Prime Sedan,Bellandur,Whitefield,,,Not Applicable,Not Applicable,Not Applicable,Not Applicable,194,Not Applicable,0,,
2024-07-23 15:48:00,CNR4170128860,Success,CID937468,Prime SUV,Bellandur,Magadi Road,84.0,130.0,Not Applicable,Not Applicable,No,Not Applicable,299,UPI,16,4.0,3.6
2024-07-24 12:31:00,CNR5952574089,Success,CID734498,Prime Plus,Ramamurthy Nagar,Kengeri,266.0,80.0,Not Applicable,Not Applicable,No,Not Applicable,2729,UPI,12,3.4,3.3
2024-07-10 10:24:00,CNR5365649221,Canceled by Customer,CID785793,Auto,Yeshwanthpur,Shantinagar,,,AC is Not working,Not Applicable,Not Applicable,Not Applicable,760,Not Applicable,0,,
2024-07-16 00:01:00,CNR8146551920,Success,CID738350,Bike,Jayanagar,Devanahalli,287.0,35.0,Not Applicable,Not Applicable,No,Not Applicable,692,UPI,40,4.1,3.2
2024-07-17 01:31:00,CNR1389282444,Canceled by Driver,CID777917,Mini,Banashankari,JP Nagar,,,Not Applicable,Personal & Car related issue,Not Applicable,Not Applicable,865,Not Applicable,0,,
2024-07-13 14:06:00,CNR1810490874,Driver Not Found,CID157777,Bike,Chamarajpet,Hebbal,,,Not Applicable,Not Applicable,Not Applicable,Not Applicable,603,Not Applicable,0,,
2024-07-26 06:26:00,CNR7976180461,Success,CID521843,Prime SUV,Malleshwaram,KR Puram,182.0,120.0,Not Applicable,Not Applicable,No,Not Applicable,477,Cash,7,4.3,3.2
2024-07-28 03:19:00,CNR5835354024,Canceled by Driver,CID251556,Prime Sedan,Frazer Town,Yelahanka,,,Not Applicable,More than permitted people in there,Not Applicable,Not Applicable,685,Not Applicable,0,,
2024-07-03 13:07:00,CNR8277046790,Canceled by Driver,CID761368,Prime Sedan,RT Nagar,Jayanagar,,,Not Applicable,Customer related issue,Not Applicable,Not Applicable,202,Not Applicable,0,,
2024-07-22 11:53:00,CNR8857562696,Success,CID417500,Prime SUV,Marathahalli,Marathahalli,308.0,40.0,Not Applicable,Not Applicable,No,Not Applicable,116,Cash,10,4.7,4.1
2024-07-22 13:24:00,CNR8713773904,Canceled by Driver,CID381354,eBike,Chickpet,Chamarajpet,,,Not Applicable,Customer related issue,Not Applicable,Not Applicable,842,Not Applicable,0,,
2024-07-02 23:01:00,CNR5557039339,Canceled by Driver,CID803823,eBike,Electronic City,Hulimavu,,,Not Applicable,Customer was coughing/sick,Not Applicable,Not Applicable,455,Not Applicable,0,,
2024-07-21 13:17:00,CNR7922331143,Success,CID997302,Mini,Shivajinagar,HSR Layout,105.0,90.0,Not Applicable,Not Applicable,No,Not Applicable,464,UPI,31,4.9,4.3
2024-07-07 08:13:00,CNR6259973052,Canceled by Driver,CID967445,Mini,Padmanabhanagar,Shantinagar,,,Not Applicable,Personal & Car related issue,Not Applicable,Not Applicable,259,Not Applicable,0,,
2024-07-04 02:59:00,CNR6513388084,Success,CID387652,Mini,Peenya,Bannerghatta Road,203.0,110.0,Not Applicable,Not Applicable,No,Not Applicable,423,UPI,47,4.8,3.6
2024-07-06 19:14:00,CNR3161058503,Success,CID292544,Bike,MG Road,RT Nagar,161.0,105.0,Not Applicable,Not Applicable,No,Not Applicable,736,Cash,3,4.5,3.6
2024-07-07 19:33:00,CNR2468802486,Canceled by Driver,CID549593,Prime SUV,Yeshwanthpur,Yelahanka,,,Not Applicable,Personal & Car related issue,Not Applicable,Not Applicable,130,Not Applicable,0,,
2024-07-07 08:17:00,CNR7281007438,Canceled by Driver,CID121228,Bike,Mysore Road,Chamarajpet,,,Not Applicable,Personal & Car related issue,Not Applicable,Not Applicable,487,Not Applicable,0,,
2024-07-05 19:33:00,CNR3338020242,Success,CID984095,Mini,Cox Town,Whitefield,294.0,90.0,Not Applicable,Not Applicable,No,Not Applicable,130,Cash,28,5.0,3.8
2024-07-09 07:24:00,CNR4749292392,Canceled by Driver,CID854115,Prime Sedan,Hebbal,Yelahanka,,,Not Applicable,Customer was coughing/sick,Not Applicable,Not Applicable,767,Not Applicable,0,,
2024-07-15 10:02:00,CNR5228219185,Success,CID662571,Mini,Sarjapur Road,Langford Town,49.0,45.0,Not Applicable,Not Applicable,No,Not Applicable,236,Debit Card,8,3.5,4.8
2024-07-22 22:21:00,CNR6309723022,Canceled by Driver,CID450280,Auto,Nagarbhavi,KR Puram,,,Not Applicable,Customer was coughing/sick,Not Applicable,Not Applicable,220,Not Applicable,0,,
2024-07-17 18:20:00,CNR5348032749,Canceled by Customer,CID694930,Mini,Tumkur Road,Koramangala,,,Driver asked to cancel,Not Applicable,Not Applicable,Not Applicable,435,Not Applicable,0,,
2024-07-24 11:23:00,CNR4004336300,Canceled by Driver,CID461228,eBike,Jayanagar,Yelahanka,,,Not Applicable,Personal & Car related issue,Not Applicable,Not Applicable,1920,Not Applicable,0,,
2024-07-12 14:54:00,CNR2655479636,Driver Not Found,CID984365,Auto,JP Nagar,Whitefield,,,Not Applicable,Not Applicable,Not Applicable,Not Applicable,249,Not Applicable,0,,
2024-07-18 13:53:00,CNR6883724675,Canceled by Customer,CID821864,Prime SUV,Magadi Road,Kadugodi,,,Wrong Address,Not Applicable,Not Applicable,Not Applicable,455,Not Applicable,0,,
2024-07-27 08:19:00,CNR5031749820,Success,CID190752,Auto,JP Nagar,Devanahalli,35.0,90.0,Not Applicable,Not Applicable,No,Not Applicable,301,Cash,19,4.1,4.5
2024-07-09 03:31:00,CNR6256652608,Canceled by Driver,CID301347,Mini,Jayanagar,Ulsoor,,,Not Applicable,Personal & Car related issue,Not Applicable,Not Applicable,452,Not Applicable,0,,
2024-07-09 06:19:00,CNR6459225376,Success,CID498218,Prime Sedan,Sahakar Nagar,Kengeri,210.0,80.0,Not Applicable,Not Applicable,No,Not Applicable,498,Cash,41,4.5,3.5
2024-07-30 04:50:00,CNR6842365284,Success,CID399770,Prime Sedan,Kammanahalli,Langford Town,161.0,30.0,Not Applicable,Not Applicable,No,Not Applicable,232,UPI,2,3.5,4.5
2024-07-02 14:55:00,CNR2045352407,Success,CID814861,Auto,Kengeri,Richmond Town,56.0,75.0,Not Applicable,Not Applicable,No,Not Applicable,231,Cash,14,3.5,4.9
2024-07-27 21:14:00,CNR1204846814,Success,CID190262,Auto,Rajarajeshwari Nagar,Basavanagudi,280.0,75.0,Not Applicable,Not Applicable,No,Not Applicable,177,UPI,17,3.1,4.0
2024-07-09 22:20:00,CNR9276319983,Driver Not Found,CID613602,Mini,Majestic,Shantinagar,,,Not Applicable,Not Applicable,Not Applicable,Not Applicable,2949,Not Applicable,0,,
2024-07-20 13:25:00,CNR6660843468,Driver Not Found,CID225643,Prime SUV,Hennur,Electronic City,,,Not Applicable,Not Applicable,Not Applicable,Not Applicable,269,Not Applicable,0,,
2024-07-22 17:20:00,CNR5854711141,Success,CID803449,Auto,Koramangala,Bannerghatta Road,210.0,60.0,Not Applicable,Not Applicable,Yes,Vehicle Breakdown,198,UPI,11,4.7,3.4
2024-07-05 08:19:00,CNR2519174793,Success,CID455379,Bike,KR Puram,Cox Town,119.0,105.0,Not Applicable,Not Applicable,No,Not Applicable,1888,UPI,42,3.2,4.5
2024-07-21 20:02:00,CNR6254187720,Canceled by Customer,CID116323,Prime SUV,JP Nagar,Langford Town,,,Change of plans,Not Applicable,Not Applicable,Not Applicable,1194,Not Applicable,0,,
2024-07-28 08:16:00,CNR9346018210,Driver Not Found,CID524145,Mini,Sarjapur Road,Langford Town,,,Not Applicable,Not Applicable,Not Applicable,Not Applicable,414,Not Applicable,0,,
2024-07-11 15:18:00,CNR4220438491,Canceled by Driver,CID411833,Prime SUV,Yelahanka,Peenya,,,Not Applicable,Customer was coughing/sick,Not Applicable,Not Applicable,469,Not Applicable,0,,
2024-07-11 14:19:00,CNR5137274254,Success,CID136165,Prime Plus,Indiranagar,Frazer Town,133.0,75.0,Not Applicable,Not Applicable,No,Not Applicable,120,Cash,23,4.1,4.7
2024-07-22 15:42:00,CNR8310997962,Success,CID476706,Prime Plus,Indiranagar,Nagarbhavi,308.0,55.0,Not Applicable,Not Applicable,No,Not Applicable,956,Cash,33,3.3,4.3
2024-07-29 23:09:00,CNR2112714544,Canceled by Driver,CID845481,Prime Plus,Hosur Road,Vijayanagar,,,Not Applicable,Personal & Car related issue,Not Applicable,Not Applicable,1553,Not Applicable,0,,
2024-07-28 10:32:00,CNR6523401494,Success,CID686289,Mini,Sarjapur Road,Rajarajeshwari Nagar,301.0,145.0,Not Applicable,Not Applicable,No,Not Applicable,350,Cash,3,3.9,3.4
2024-07-21 19:50:00,CNR6505880612,Success,CID479305,eBike,Kadugodi,Langford Town,294.0,70.0,Not Applicable,Not Applicable,No,Not Applicable,720,Cash,33,4.1,3.9
2024-07-12 22:55:00,CNR8277441522,Success,CID171890,Mini,Peenya,Kadugodi,147.0,55.0,Not Applicable,Not Applicable,No,Not Applicable,344,UPI,25,4.0,4.7
2024-07-30 23:22:00,CNR2150017208,Success,CID244715,Mini,BTM Layout,Kadugodi,35.0,60.0,Not Applicable,Not Applicable,No,Not Applicable,302,Cash,10,3.4,3.2
2024-07-12 12:02:00,CNR9108492754,Canceled by Customer,CID984468,Auto,Devanahalli,Frazer Town,,,Driver asked to cancel,Not Applicable,Not Applicable,Not Applicable,134,Not Applicable,0,,
2024-07-13 11:14:00,CNR7178011988,Canceled by Driver,CID739124,Auto,Frazer Town,Sahakar Nagar,,,Not Applicable,Personal & Car related issue,Not Applicable,Not Applicable,569,Not Applicable,0,,
2024-07-12 09:11:00,CNR6347436173,Success,CID104557,Mini,Hulimavu,Padmanabhanagar,273.0,145.0,Not Applicable,Not Applicable,No,Not Applicable,161,Cash,49,4.6,3.9
2024-07-18 16:39:00,CNR7958319041,Success,CID225392,Prime Sedan,KR Puram,Rajarajeshwari Nagar,266.0,130.0,Not Applicable,Not Applicable,No,Not Applicable,440,UPI,18,4.2,4.2
2024-07-29 22:51:00,CNR5852835711,Success,CID955127,Prime Plus,Ulsoor,Whitefield,63.0,50.0,Not Applicable,Not Applicable,No,Not Applicable,491,Credit Card,42,4.5,4.4
2024-07-26 14:03:00,CNR1312395492,Success,CID799727,eBike,Richmond Town,Langford Town,154.0,75.0,Not Applicable,Not Applicable,No,Not Applicable,2763,Cash,33,3.3,4.3
2024-07-05 10:38:00,CNR4754497577,Success,CID836563,Mini,Ulsoor,Devanahalli,217.0,40.0,Not Applicable,Not Applicable,No,Not Applicable,578,UPI,3,3.1,3.4
2024-07-19 00:42:00,CNR6396364161,Success,CID984979,Prime Plus,Electronic City,Langford Town,175.0,40.0,Not Applicable,Not Applicable,No,Not Applicable,462,UPI,18,4.5,4.1
2024-07-11 14:42:00,CNR2590516288,Success,CID594366,Prime SUV,Koramangala,Tumkur Road,273.0,100.0,Not Applicable,Not Applicable,No,Not Applicable,303,UPI,7,4.4,3.9
2024-07-13 20:26:00,CNR9716955518,Success,CID764290,Bike,Frazer Town,KR Puram,140.0,70.0,Not Applicable,Not Applicable,No,Not Applicable,258,Credit Card,22,3.9,4.9
2024-07-11 01:26:00,CNR1783156425,Driver Not Found,CID891978,Bike,Hennur,Chamarajpet,,,Not Applicable,Not Applicable,Not Applicable,Not Applicable,346,Not Applicable,0,,
2024-07-15 08:28:00,CNR4498336429,Success,CID172748,eBike,Majestic,Tumkur Road,154.0,125.0,Not Applicable,Not Applicable,No,Not Applicable,422,Cash,44,3.7,3.4
2024-07-16 08:01:00,CNR2193871114,Success,CID588443,eBike,Yeshwanthpur,Cox Town,231.0,30.0,Not Applicable,Not Applicable,No,Not Applicable,435,Cash,20,4.8,4.5
2024-07-05 18:30:00,CNR4754381693,Success,CID823036,Auto,Koramangala,Frazer Town,105.0,110.0,Not Applicable,Not Applicable,No,Not Applicable,320,Cash,9,3.3,3.5
2024-07-11 12:16:00,CNR7092939246,Success,CID486690,Bike,Koramangala,Chickpet,175.0,35.0,Not Applicable,Not Applicable,No,Not Applicable,161,Cash,3,4.7,3.6
2024-07-24 12:26:00,CNR6527067282,Driver Not Found,CID285126,Prime Plus,Hennur,Malleshwaram,,,Not Applicable,Not Applicable,Not Applicable,Not Applicable,266,Not Applicable,0,,
2024-07-07 12:31:00,CNR5707014076,Success,CID452452,Prime Plus,Padmanabhanagar,Ulsoor,147.0,35.0,Not Applicable,Not Applicable,Yes,Vehicle Breakdown,206,UPI,18,3.3,4.5
2024-07-07 16:53:00,CNR7362401827,Driver Not Found,CID570198,Prime Sedan,Bannerghatta Road,Shantinagar,,,Not Applicable,Not Applicable,Not Applicable,Not Applicable,955,Not Applicable,0,,
2024-07-20 17:28:00,CNR4725659934,Canceled by Driver,CID401325,Prime Sedan,Banashankari,RT Nagar,,,Not Applicable,More than permitted people in there,Not Applicable,Not Applicable,291,Not Applicable,0,,
2024-07-17 13:18:00,CNR2638330228,Success,CID586556,Mini,Hennur,MG Road,63.0,100.0,Not Applicable,Not Applicable,No,Not Applicable,164,Cash,30,4.5,3.1
2024-07-21 23:47:00,CNR2587841713,Canceled by Driver,CID172322,Prime Plus,KR Puram,Bannerghatta Road,,,Not Applicable,Customer was coughing/sick,Not Applicable,Not Applicable,375,Not Applicable,0,,
2024-07-11 17:42:00,CNR5747224718,Canceled by Customer,CID827603,eBike,Yeshwanthpur,Chamarajpet,,,Driver is not moving towards pickup location,Not Applicable,Not Applicable,Not Applicable,980,Not Applicable,0,,
2024-07-28 02:42:00,CNR1316093360,Success,CID294718,Prime Sedan,Chamarajpet,Hennur,182.0,30.0,Not Applicable,Not Applicable,No,Not Applicable,409,UPI,16,3.6,4.6
2024-07-18 05:54:00,CNR7710619703,Success,CID135382,eBike,RT Nagar,Koramangala,42.0,140.0,Not Applicable,Not Applicable,No,Not Applicable,364,UPI,13,5.0,4.5
2024-07-14 15:31:00,CNR4134118039,Success,CID595504,Prime SUV,Kammanahalli,Yeshwanthpur,35.0,25.0,Not Applicable,Not Applicable,No,Not Applicable,411,Cash,13,4.3,4.9
2024-07-10 14:37:00,CNR5723468806,Success,CID368193,eBike,Vijayanagar,Majestic,224.0,85.0,Not Applicable,Not Applicable,Yes,Customer Demand,189,Cash,12,3.5,4.5
2024-07-24 13:21:00,CNR3481941919,Canceled by Driver,CID804354,Prime Plus,Tumkur Road,MG Road,,,Not Applicable,Customer related issue,Not Applicable,Not Applicable,238,Not Applicable,0,,
2024-07-16 05:33:00,CNR5268744059,Canceled by Driver,CID518638,Prime Plus,Padmanabhanagar,Peenya,,,Not Applicable,Personal & Car related issue,Not Applicable,Not Applicable,964,Not Applicable,0,,
2024-07-12 13:52:00,CNR8938786696,Success,CID183217,Auto,Bannerghatta Road,Padmanabhanagar,287.0,95.0,Not Applicable,Not Applicable,No,Not Applicable,116,Credit Card,7,3.9,4.8
2024-07-21 20:08:00,CNR1863463161,Success,CID831208,Prime Plus,Tumkur Road,Koramangala,126.0,115.0,Not Applicable,Not Applicable,No,Not Applicable,347,Cash,8,4.5,3.3
2024-07-24 23:19:00,CNR9801556999,Success,CID918110,Prime Sedan,HSR Layout,Langford Town,133.0,80.0,Not Applicable,Not Applicable,No,Not Applicable,1122,Cash,41,3.9,3.6
2024-07-15 07:28:00,CNR9965212412,Success,CID555427,Prime Plus,Hennur,Nagarbhavi,224.0,85.0,Not Applicable,Not Applicable,No,Not Applicable,197,Cash,39,3.2,3.9
2024-07-10 06:33:00,CNR6674878504,Success,CID543861,eBike,Yeshwanthpur,Richmond Town,105.0,75.0,Not Applicable,Not Applicable,No,Not Applicable,239,Cash,49,3.1,3.4
2024-07-10 06:56:00,CNR2636597697,Success,CID293911,Prime SUV,Bannerghatta Road,HSR Layout,56.0,140.0,Not Applicable,Not Applicable,No,Not Applicable,441,Cash,47,3.7,4.7
2024-07-04 06:47:00,CNR5296100080,Success,CID273129,eBike,Basavanagudi,Yeshwanthpur,126.0,75.0,Not Applicable,Not Applicable,No,Not Applicable,103,UPI,15,3.6,4.0
2024-07-11 10:38:00,CNR5412591213,Success,CID444888,Auto,Marathahalli,BTM Layout,259.0,65.0,Not Applicable,Not Applicable,No,Not Applicable,483,Cash,14,4.7,3.2
2024-07-30 16:09:00,CNR2685868556,Canceled by Customer,CID353436,Auto,Hennur,Basavanagudi,,,Driver asked to cancel,Not Applicable,Not Applicable,Not Applicable,969,Not Applicable,0,,
2024-07-10 17:51:00,CNR2139054252,Canceled by Driver,CID949103,Prime SUV,Peenya,Peenya,,,Not Applicable,Personal & Car related issue,Not Applicable,Not Applicable,374,Not Applicable,0,,
2024-07-21 04:43:00,CNR8550956206,Success,CID978639,Prime Sedan,Marathahalli,Shantinagar,273.0,75.0,Not Applicable,Not Applicable,No,Not Applicable,169,Cash,39,3.5,4.0
2024-07-29 10:08:00,CNR8334235764,Canceled by Driver,CID653645,Prime Sedan,Ramamurthy Nagar,HSR Layout,,,Not Applicable,Customer was coughing/sick,Not Applicable,Not Applicable,2873,Not Applicable,0,,
2024-07-22 01:45:00,CNR4674506742,Driver Not Found,CID511320,Prime Plus,Ulsoor,Kammanahalli,,,Not Applicable,Not Applicable,Not Applicable,Not Applicable,2764,Not Applicable,0,,
2024-07-23 05:18:00,CNR1533365373,Canceled by Driver,CID662265,Mini,HSR Layout,HSR Layout,,,Not Applicable,Personal & Car related issue,Not Applicable,Not Applicable,349,Not Applicable,0,,
2024-07-17 11:16:00,CNR7065599706,Success,CID285326,Auto,Jayanagar,Bannerghatta Road,182.0,120.0,Not Applicable,Not Applicable,No,Not Applicable,380,UPI,13,3.7,3.8
2024-07-24 00:05:00,CNR8886330514,Success,CID853791,Mini,Yeshwanthpur,Indiranagar,63.0,55.0,Not Applicable,Not Applicable,No,Not Applicable,492,Credit Card,13,4.7,3.6
2024-07-25 15:11:00,CNR1045703238,Canceled by Customer,CID356394,Auto,Chickpet,Malleshwaram,,,Driver asked to cancel,Not Applicable,Not Applicable,Not Applicable,699,Not Applicable,0,,
2024-07-04 13:44:00,CNR6960456458,Canceled by Driver,CID429491,Auto,Varthur,Cox Town,,,Not Applicable,Customer was coughing/sick,Not Applicable,Not Applicable,644,Not Applicable,0,,
2024-07-03 02:23:00,CNR1709633992,Success,CID221544,Prime Sedan,Ulsoor,Banashankari,112.0,35.0,Not Applicable,Not Applicable,Yes,Vehicle Breakdown,980,Cash,18,4.0,3.6
2024-07-03 08:29:00,CNR8888393616,Canceled by Driver,CID757297,Prime Plus,Basavanagudi,RT Nagar,,,Not Applicable,Customer was coughing/sick,Not Applicable,Not Applicable,702,Not Applicable,0,,
2024-07-21 13:40:00,CNR2820039908,Canceled by Customer,CID631343,Prime SUV,Marathahalli,Sarjapur Road,,,Change of plans,Not Applicable,Not Applicable,Not Applicable,333,Not Applicable,0,,
2024-07-30 21:36:00,CNR8510152651,Canceled by Driver,CID707450,Auto,Kammanahalli,Tumkur Road,,,Not Applicable,Customer was coughing/sick,Not Applicable,Not Applicable,290,Not Applicable,0,,
2024-07-16 00:41:00,CNR9372203506,Success,CID431166,Auto,Shantinagar,Ramamurthy Nagar,91.0,100.0,Not Applicable,Not Applicable,No,Not Applicable,204,Cash,12,3.3,3.3
2024-07-14 23:24:00,CNR3786481158,Success,CID149544,Prime SUV,Kammanahalli,BTM Layout,203.0,110.0,Not Applicable,Not Applicable,No,Not Applicable,135,UPI,39,4.9,4.9
2024-07-28 05:09:00,CNR2592113917,Driver Not Found,CID863448,Bike,Majestic,Rajajinagar,,,Not Applicable,Not Applicable,Not Applicable,Not Applicable,385,Not Applicable,0,,
2024-07-07 07:23:00,CNR7990908172,Success,CID116569,Prime Sedan,Rajarajeshwari Nagar,Hebbal,77.0,30.0,Not Applicable,Not Applicable,No,Not Applicable,197,Cash,35,5.0,3.5
2024-07-18 07:47:00,CNR2050568347,Success,CID432911,Prime SUV,Shantinagar,RT Nagar,49.0,130.0,Not Applicable,Not Applicable,No,Not Applicable,333,Cash,48,4.0,4.6
2024-07-26 22:04:00,CNR7557121920,Success,CID735014,Mini,Varthur,Koramangala,252.0,25.0,Not Applicable,Not Applicable,No,Not Applicable,134,Cash,19,3.8,3.4
2024-07-12 17:32:00,CNR4161051602,Canceled by Driver,CID490559,Bike,Shantinagar,Mysore Road,,,Not Applicable,Customer related issue,Not Applicable,Not Applicable,449,Not Applicable,0,,
2024-07-17 03:16:00,CNR4522022541,Success,CID194226,Auto,JP Nagar,Sahakar Nagar,182.0,115.0,Not Applicable,Not Applicable,No,Not Applicable,438,UPI,11,4.7,3.2
2024-07-13 11:40:00,CNR8578879437,Success,CID194990,Bike,Langford Town,Bellandur,287.0,135.0,Not Applicable,Not Applicable,No,Not Applicable,735,UPI,40,4.4,3.1
2024-07-07 00:57:00,CNR6586936526,Success,CID415879,eBike,Malleshwaram,Yelahanka,154.0,140.0,Not Applicable,Not Applicable,No,Not Applicable,106,Cash,6,4.9,3.5
2024-07-26 10:51:00,CNR6082083155,Success,CID544452,Mini,Ramamurthy Nagar,Whitefield,245.0,75.0,Not Applicable,Not Applicable,No,Not Applicable,438,UPI,42,3.6,4.9
2024-07-17 08:32:00,CNR8161987377,Driver Not Found,CID398220,Mini,Padmanabhanagar,MG Road,,,Not Applicable,Not Applicable,Not Applicable,Not Applicable,478,Not Applicable,0,,
2024-07-19 18:25:00,CNR5823019287,Success,CID753888,Prime Plus,JP Nagar,Varthur,308.0,40.0,Not Applicable,Not Applicable,No,Not Applicable,647,UPI,25,3.6,4.3
2024-07-17 11:36:00,CNR1483733949,Success,CID389750,Auto,Padmanabhanagar,Richmond Town,252.0,95.0,Not Applicable,Not Applicable,No,Not Applicable,419,Cash,18,3.2,4.7
2024-07-26 11:08:00,CNR3277618321,Success,CID173300,Mini,Chickpet,Marathahalli,70.0,50.0,Not Applicable,Not Applicable,No,Not Applicable,515,Cash,37,4.4,4.7
2024-07-14 20:25:00,CNR6185684787,Success,CID438084,Prime Sedan,Hulimavu,Majestic,287.0,60.0,Not Applicable,Not Applicable,No,Not Applicable,697,Cash,20,4.3,3.0
2024-07-03 21:33:00,CNR6311862526,Canceled by Driver,CID641696,eBike,Chickpet,Kammanahalli,,,Not Applicable,Customer was coughing/sick,Not Applicable,Not Applicable,571,Not Applicable,0,,
2024-07-03 06:05:00,CNR8199776228,Canceled by Driver,CID339234,Prime Sedan,Padmanabhanagar,Sarjapur Road,,,Not Applicable,Customer related issue,Not Applicable,Not Applicable,626,Not Applicable,0,,
2024-07-24 22:39:00,CNR4614032344,Success,CID332661,Prime Sedan,Ulsoor,Frazer Town,182.0,40.0,Not Applicable,Not Applicable,No,Not Applicable,567,UPI,11,4.3,3.0
2024-07-24 19:46:00,CNR3295057656,Success,CID902647,Bike,Rajarajeshwari Nagar,Devanahalli,56.0,120.0,Not Applicable,Not Applicable,No,Not Applicable,313,UPI,48,4.6,4.9
2024-07-05 14:54:00,CNR1735554138,Canceled by Customer,CID252758,Prime SUV,Malleshwaram,Peenya,,,Wrong Address,Not Applicable,Not Applicable,Not Applicable,324,Not Applicable,0,,
2024-07-14 08:10:00,CNR4329748924,Success,CID224352,Prime Sedan,Padmanabhanagar,Kammanahalli,126.0,35.0,Not Applicable,Not Applicable,No,Not Applicable,384,UPI,13,3.9,4.1
2024-07-27 21:23:00,CNR3185531774,Success,CID138294,eBike,Kammanahalli,Mysore Road,168.0,85.0,Not Applicable,Not Applicable,No,Not Applicable,147,UPI,10,5.0,3.1
2024-07-16 00:00:00,CNR3055336980,Success,CID848831,Prime Plus,Majestic,Hosur Road,161.0,70.0,Not Applicable,Not Applicable,No,Not Applicable,344,UPI,7,4.3,3.6
2024-07-16 10:35:00,CNR4367174571,Canceled by Customer,CID684644,Prime SUV,BTM Layout,Chamarajpet,,,AC is Not working,Not Applicable,Not Applicable,Not Applicable,466,Not Applicable,0,,
2024-07-17 18:19:00,CNR5611183505,Driver Not Found,CID355126,eBike,KR Puram,Bellandur,,,Not Applicable,Not Applicable,Not Applicable,Not Applicable,617,Not Applicable,0,,
2024-07-21 08:45:00,CNR1948037277,Success,CID849378,Mini,Rajarajeshwari Nagar,Shivajinagar,252.0,55.0,Not Applicable,Not Applicable,No,Not Applicable,382,Cash,27,4.9,3.9
2024-07-09 04:55:00,CNR3659260055,Success,CID894180,Prime Sedan,Devanahalli,HSR Layout,189.0,50.0,Not Applicable,Not Applicable,No,Not Applicable,569,UPI,49,3.7,4.6
2024-07-04 01:41:00,CNR3802994987,Canceled by Customer,CID977801,Mini,Shivajinagar,Frazer Town,,,Driver is not moving towards pickup location,Not Applicable,Not Applicable,Not Applicable,429,Not Applicable,0,,
2024-07-08 10:26:00,CNR4187377424,Driver Not Found,CID846138,Prime Plus,Indiranagar,Kengeri,,,Not Applicable,Not Applicable,Not Applicable,Not Applicable,482,Not Applicable,0,,
2024-07-09 22:51:00,CNR4661977723,Success,CID186058,Mini,Kengeri,Chamarajpet,245.0,90.0,Not Applicable,Not Applicable,No,Not Applicable,259,Credit Card,20,4.4,4.5
2024-07-08 09:58:00,CNR9159413960,Success,CID774135,Prime Plus,Bellandur,HSR Layout,252.0,105.0,Not Applicable,Not Applicable,Yes,Vehicle Breakdown,363,UPI,11,3.6,3.5
2024-07-02 06:36:00,CNR7404295793,Canceled by Driver,CID116003,Auto,Hosur Road,Shivajinagar,,,Not Applicable,Customer related issue,Not Applicable,Not Applicable,283,Not Applicable,0,,
2024-07-03 23:55:00,CNR8341132237,Success,CID445031,eBike,Peenya,Hennur,49.0,115.0,Not Applicable,Not Applicable,Yes,Customer Demand,1450,UPI,6,3.7,3.2
2024-07-29 13:09:00,CNR9265172916,Success,CID698530,Bike,Bellandur,Vijayanagar,98.0,130.0,Not Applicable,Not Applicable,No,Not Applicable,118,Cash,26,3.0,4.0
2024-07-01 21:21:00,CNR2088691947,Success,CID828350,eBike,Basavanagudi,Rajajinagar,147.0,100.0,Not Applicable,Not Applicable,No,Not Applicable,424,Cash,47,3.6,4.8
2024-07-21 15:37:00,CNR3447773034,Canceled by Driver,CID817506,Prime Sedan,Kammanahalli,Ramamurthy Nagar,,,Not Applicable,Customer was coughing/sick,Not Applicable,Not Applicable,861,Not Applicable,0,,
2024-07-16 06:35:00,CNR6320921766,Driver Not Found,CID745442,Prime Plus,Yeshwanthpur,Whitefield,,,Not Applicable,Not Applicable,Not Applicable,Not Applicable,405,Not Applicable,0,,
2024-07-10 01:43:00,CNR9841780036,Success,CID928144,Prime SUV,JP Nagar,Hebbal,231.0,130.0,Not Applicable,Not Applicable,No,Not Applicable,283,UPI,37,3.7,4.0
2024-07-10 23:42:00,CNR3177595828,Success,CID424884,Mini,Vijayanagar,Magadi Road,210.0,60.0,Not Applicable,Not Applicable,No,Not Applicable,903,Cash,21,4.5,4.3
2024-07-09 09:53:00,CNR5564770265,Success,CID483782,Mini,Chamarajpet,Kammanahalli,56.0,85.0,Not Applicable,Not Applicable,No,Not Applicable,379,UPI,35,4.6,3.5
2024-07-09 11:26:00,CNR6548366937,Canceled by Driver,CID951311,Prime Sedan,Vijayanagar,Kammanahalli,,,Not Applicable,Customer related issue,Not Applicable,Not Applicable,451,Not Applicable,0,,
2024-07-03 16:26:00,CNR6018825876,Canceled by Customer,CID460014,Bike,Ulsoor,Hennur,,,Driver is not moving towards pickup location,Not Applicable,Not Applicable,Not Applicable,634,Not Applicable,0,,
2024-07-24 17:18:00,CNR3626333627,Canceled by Customer,CID554539,Bike,Malleshwaram,Bellandur,,,Change of plans,Not Applicable,Not Applicable,Not Applicable,325,Not Applicable,0,,
2024-07-12 15:47:00,CNR8855459629,Success,CID276928,Prime SUV,Whitefield,Shantinagar,252.0,70.0,Not Applicable,Not Applicable,No,Not Applicable,721,Cash,31,4.0,4.7
2024-07-22 21:14:00,CNR6292767510,Success,CID927946,Bike,Ramamurthy Nagar,Hosur Road,266.0,45.0,Not Applicable,Not Applicable,No,Not Applicable,344,Cash,28,4.3,3.6
2024-07-19 19:35:00,CNR6591663198,Canceled by Customer,CID264414,Prime Sedan,Jayanagar,Yeshwanthpur,,,Driver asked to cancel,Not Applicable,Not Applicable,Not Applicable,420,Not Applicable,0,,
2024-07-17 23:30:00,CNR8771971912,Canceled by Driver,CID164118,Prime Plus,Frazer Town,Indiranagar,,,Not Applicable,More than permitted people in there,Not Applicable,Not Applicable,275,Not Applicable,0,,
2024-07-25 01:56:00,CNR6039315547,Canceled by Driver,CID547378,Prime SUV,Majestic,Shantinagar,,,Not Applicable,More than permitted people in there,Not Applicable,Not Applicable,278,Not Applicable,0,,
2024-07-24 21:46:00,CNR6352412904,Success,CID564889,eBike,Chamarajpet,Langford Town,280.0,35.0,Not Applicable,Not Applicable,No,Not Applicable,285,Cash,8,4.9,4.3
2024-07-20 04:00:00,CNR2721101633,Success,CID586181,eBike,Banashankari,HSR Layout,252.0,135.0,Not Applicable,Not Applicable,No,Not Applicable,255,UPI,15,3.2,3.1
2024-07-18 09:00:00,CNR1334060212,Success,CID590532,Prime SUV,Padmanabhanagar,Kammanahalli,91.0,65.0,Not Applicable,Not Applicable,No,Not Applicable,429,Cash,31,4.4,3.4
2024-07-16 19:23:00,CNR2859610731,Success,CID404142,Prime SUV,Kadugodi,Magadi Road,301.0,115.0,Not Applicable,Not Applicable,No,Not Applicable,305,Cash,23,4.8,4.1
2024-07-13 09:34:00,CNR8646798233,Success,CID172569,Prime Sedan,HSR Layout,Varthur,119.0,50.0,Not Applicable,Not Applicable,No,Not Applicable,221,UPI,38,4.1,4.3
2024-07-08 18:55:00,CNR4136888556,Success,CID481624,Mini,MG Road,Majestic,287.0,50.0,Not Applicable,Not Applicable,No,Not Applicable,184,Credit Card,17,3.8,4.9
2024-07-23 00:11:00,CNR2269884286,Success,CID462738,eBike,Jayanagar,Richmond Town,161.0,50.0,Not Applicable,Not Applicable,No,Not Applicable,423,Cash,43,4.9,4.4
2024-07-28 13:40:00,CNR9764566384,Success,CID530702,Prime Sedan,Rajarajeshwari Nagar,Jayanagar,259.0,120.0,Not Applicable,Not Applicable,No,Not Applicable,121,Cash,49,4.2,4.4
2024-07-15 00:59:00,CNR1358052305,Success,CID248358,Prime SUV,Richmond Town,Padmanabhanagar,182.0,60.0,Not Applicable,Not Applicable,No,Not Applicable,356,Cash,38,4.4,3.9
2024-07-19 10:41:00,CNR1975034769,Success,CID902513,Prime SUV,Vijayanagar,Hosur Road,147.0,40.0,Not Applicable,Not Applicable,No,Not Applicable,951,UPI,49,3.1,3.7
2024-07-16 20:29:00,CNR2175893412,Canceled by Customer,CID663182,Mini,Yelahanka,Shivajinagar,,,AC is Not working,Not Applicable,Not Applicable,Not Applicable,236,Not Applicable,0,,
2024-07-01 21:33:00,CNR1462325460,Canceled by Customer,CID339431,Prime Sedan,Chamarajpet,Bellandur,,,Change of plans,Not Applicable,Not Applicable,Not Applicable,463,Not Applicable,0,,
2024-07-12 00:34:00,CNR3553281317,Success,CID711282,Prime Sedan,Ulsoor,Bannerghatta Road,308.0,70.0,Not Applicable,Not Applicable,No,Not Applicable,486,UPI,11,4.3,4.3
2024-07-26 12:21:00,CNR3907393234,Success,CID348542,Prime SUV,Majestic,Ramamurthy Nagar,238.0,110.0,Not Applicable,Not Applicable,No,Not Applicable,127,UPI,1,4.1,3.5
2024-07-08 19:05:00,CNR1166691516,Canceled by Driver,CID322332,Prime Plus,Hennur,Yeshwanthpur,,,Not Applicable,Personal & Car related issue,Not Applicable,Not Applicable,264,Not Applicable,0,,
2024-07-21 14:40:00,CNR3614630668,Canceled by Driver,CID852906,Prime SUV,Shantinagar,Ulsoor,,,Not Applicable,Personal & Car related issue,Not Applicable,Not Applicable,825,Not Applicable,0,,
2024-07-14 07:01:00,CNR9552144445,Success,CID911911,eBike,Koramangala,Basavanagudi,70.0,120.0,Not Applicable,Not Applicable,No,Not Applicable,283,Cash,44,4.3,4.2
2024-07-02 21:46:00,CNR9178057844,Success,CID269804,Auto,Banashankari,Koramangala,203.0,35.0,Not Applicable,Not Applicable,No,Not Applicable,434,UPI,15,4.9,3.3
2024-07-02 07:54:00,CNR8388994545,Success,CID481577,Auto,Kammanahalli,Majestic,168.0,120.0,Not Applicable,Not Applicable,No,Not Applicable,340,Cash,16,4.0,4.8
2024-07-22 17:30:00,CNR7646896275,Success,CID292930,Prime Sedan,Bellandur,BTM Layout,35.0,60.0,Not Applicable,Not Applicable,No,Not Applicable,111,Cash,22,3.1,4.0
2024-07-17 06:20:00,CNR3005859224,Canceled by Customer,CID364265,Prime Sedan,Peenya,Langford Town,,,Change of plans,Not Applicable,Not Applicable,Not Applicable,191,Not Applicable,0,,
2024-07-12 19:12:00,CNR9050885312,Success,CID284052,Auto,Richmond Town,Bannerghatta Road,231.0,125.0,Not Applicable,Not Applicable,No,Not Applicable,459,Cash,18,5.0,3.1
2024-07-18 19:40:00,CNR2303161465,Success,CID347562,eBike,MG Road,Mysore Road,280.0,85.0,Not Applicable,Not Applicable,No,Not Applicable,638,UPI,43,3.4,3.4
2024-07-14 22:25:00,CNR3425452363,Success,CID996138,Bike,BTM Layout,MG Road,252.0,85.0,Not Applicable,Not Applicable,No,Not Applicable,163,Cash,45,4.1,4.9
2024-07-11 08:29:00,CNR6816404427,Canceled by Driver,CID482453,Auto,BTM Layout,MG Road,,,Not Applicable,Customer related issue,Not Applicable,Not Applicable,1197,Not Applicable,0,,
2024-07-05 22:06:00,CNR2079546680,Driver Not Found,CID933283,Bike,Mysore Road,Whitefield,,,Not Applicable,Not Applicable,Not Applicable,Not Applicable,975,Not Applicable,0,,
2024-07-22 17:44:00,CNR4338976198,Canceled by Driver,CID406614,eBike,Peenya,Shivajinagar,,,Not Applicable,Personal & Car related issue,Not Applicable,Not Applicable,283,Not Applicable,0,,
2024-07-28 11:00:00,CNR8439831409,Success,CID458628,Prime Sedan,Ulsoor,Kengeri,224.0,95.0,Not Applicable,Not Applicable,No,Not Applicable,315,UPI,36,3.5,4.5
2024-07-20 02:01:00,CNR1245385144,Success,CID123726,Auto,Vijayanagar,Whitefield,154.0,115.0,Not Applicable,Not Applicable,No,Not Applicable,496,Cash,19,4.4,3.6
2024-07-23 19:01:00,CNR7759479485,Success,CID457352,Prime Plus,Malleshwaram,Shivajinagar,238.0,140.0,Not Applicable,Not Applicable,No,Not Applicable,468,Cash,28,4.9,4.4
2024-07-16 08:58:00,CNR7294391394,Canceled by Driver,CID568723,Prime Plus,Rajarajeshwari Nagar,Devanahalli,,,Not Applicable,More than permitted people in there,Not Applicable,Not Applicable,741,Not Applicable,0,,
2024-07-11 19:06:00,CNR7403128946,Canceled by Customer,CID854251,eBike,Chamarajpet,Yelahanka,,,Driver is not moving towards pickup location,Not Applicable,Not Applicable,Not Applicable,245,Not Applicable,0,,
2024-07-07 22:20:00,CNR3185369405,Success,CID678259,Prime Plus,Ulsoor,Hebbal,147.0,55.0,Not Applicable,Not Applicable,No,Not Applicable,981,UPI,42,4.5,3.4
2024-07-03 16:46:00,CNR8456385670,Success,CID805693,Prime SUV,Koramangala,Sarjapur Road,189.0,80.0,Not Applicable,Not Applicable,No,Not Applicable,383,Cash,9,3.2,3.1
2024-07-18 07:52:00,CNR5278665736,Success,CID205544,eBike,Electronic City,BTM Layout,189.0,55.0,Not Applicable,Not Applicable,No,Not Applicable,438,UPI,46,3.6,4.3
2024-07-26 13:37:00,CNR2058450670,Driver Not Found,CID289698,eBike,Whitefield,BTM Layout,,,Not Applicable,Not Applicable,Not Applicable,Not Applicable,454,Not Applicable,0,,
2024-07-29 19:10:00,CNR9304143844,Canceled by Driver,CID773209,Auto,Mysore Road,JP Nagar,,,Not Applicable,More than permitted people in there,Not Applicable,Not Applicable,1677,Not Applicable,0,,
2024-07-05 23:07:00,CNR5790254034,Success,CID753720,Prime SUV,Yeshwanthpur,Sarjapur Road,217.0,105.0,Not Applicable,Not Applicable,No,Not Applicable,412,Cash,15,4.5,4.9
2024-07-03 11:23:00,CNR6001270999,Canceled by Customer,CID462208,Mini,Chickpet,Whitefield,,,Driver is not moving towards pickup location,Not Applicable,Not Applicable,Not Applicable,172,Not Applicable,0,,
2024-07-19 18:41:00,CNR2947492930,Success,CID193851,Prime Plus,Basavanagudi,Frazer Town,252.0,40.0,Not Applicable,Not Applicable,No,Not Applicable,2871,UPI,17,4.7,4.6
2024-07-10 08:43:00,CNR4723665300,Canceled by Customer,CID776768,Mini,Vijayanagar,Nagarbhavi,,,Driver is not moving towards pickup location,Not Applicable,Not Applicable,Not Applicable,175,Not Applicable,0,,
2024-07-07 14:33:00,CNR9279896250,Success,CID567560,Prime SUV,Rajarajeshwari Nagar,Rajajinagar,133.0,50.0,Not Applicable,Not Applicable,No,Not Applicable,274,Cash,2,3.5,4.6
2024-07-15 17:17:00,CNR9454247520,Success,CID667425,Prime Plus,Marathahalli,MG Road,175.0,135.0,Not Applicable,Not Applicable,No,Not Applicable,727,Cash,11,4.9,4.9
2024-07-09 15:01:00,CNR3608907506,Success,CID584407,Bike,Basavanagudi,Peenya,133.0,70.0,Not Applicable,Not Applicable,No,Not Applicable,208,UPI,35,3.8,4.6
2024-07-06 19:07:00,CNR1161732943,Success,CID318682,Auto,Rajarajeshwari Nagar,Marathahalli,105.0,140.0,Not Applicable,Not Applicable,No,Not Applicable,1719,Cash,10,4.0,3.7
2024-07-01 01:46:00,CNR9900773712,Canceled by Driver,CID542256,Prime SUV,RT Nagar,Hebbal,,,Not Applicable,More than permitted people in there,Not Applicable,Not Applicable,2593,Not Applicable,0,,
2024-07-03 00:03:00,CNR7410458054,Success,CID745668,Bike,Shivajinagar,Chamarajpet,231.0,105.0,Not Applicable,Not Applicable,No,Not Applicable,424,Cash,36,4.9,4.1
2024-07-20 23:21:00,CNR6912134789,Driver Not Found,CID122861,Mini,Rajajinagar,Bannerghatta Road,,,Not Applicable,Not Applicable,Not Applicable,Not Applicable,541,Not Applicable,0,,
2024-07-04 03:03:00,CNR9072688211,Canceled by Driver,CID958403,Mini,Peenya,Electronic City,,,Not Applicable,Customer was coughing/sick,Not Applicable,Not Applicable,243,Not Applicable,0,,
2024-07-13 09:34:00,CNR6710492860,Canceled by Driver,CID283491,Prime Sedan,Yelahanka,Rajarajeshwari Nagar,,,Not Applicable,Personal & Car related issue,Not Applicable,Not Applicable,2523,Not Applicable,0,,
2024-07-04 19:22:00,CNR2889880685,Success,CID343334,Prime Sedan,Malleshwaram,Peenya,84.0,90.0,Not Applicable,Not Applicable,No,Not Applicable,125,Cash,29,4.2,3.1
2024-07-29 07:44:00,CNR2129346402,Success,CID172427,Prime Sedan,Kengeri,Hennur,252.0,75.0,Not Applicable,Not Applicable,No,Not Applicable,2041,Cash,46,3.7,3.1
2024-07-04 16:56:00,CNR4185777412,Success,CID617999,Prime Sedan,Kengeri,Bannerghatta Road,252.0,100.0,Not Applicable,Not Applicable,No,Not Applicable,151,Credit Card,22,4.8,3.9
2024-07-01 14:50:00,CNR9613233095,Success,CID827681,Prime Plus,Electronic City,BTM Layout,259.0,60.0,Not Applicable,Not Applicable,No,Not Applicable,197,UPI,27,3.1,4.6
2024-07-01 20:39:00,CNR5368763271,Success,CID203552,Mini,Nagarbhavi,Magadi Road,238.0,135.0,Not Applicable,Not Applicable,No,Not Applicable,378,UPI,23,3.1,4.4
2024-07-18 21:16:00,CNR5982573594,Driver Not Found,CID458654,Mini,Basavanagudi,Devanahalli,,,Not Applicable,Not Applicable,Not Applicable,Not Applicable,493,Not Applicable,0,,
2024-07-06 17:55:00,CNR5217518288,Success,CID267887,Auto,Bannerghatta Road,BTM Layout,42.0,125.0,Not Applicable,Not Applicable,No,Not Applicable,436,Cash,19,4.6,3.9
2024-07-02 00:30:00,CNR7521608070,Success,CID960064,Bike,Marathahalli,Chickpet,35.0,105.0,Not Applicable,Not Applicable,No,Not Applicable,472,UPI,47,4.2,3.8
2024-07-17 19:02:00,CNR4464887671,Canceled by Customer,CID505281,Auto,Kadugodi,Bannerghatta Road,,,Driver asked to cancel,Not Applicable,Not Applicable,Not Applicable,454,Not Applicable,0,,
2024-07-01 18:11:00,CNR1847975389,Success,CID758128,Prime SUV,Banashankari,Basavanagudi,259.0,130.0,Not Applicable,Not Applicable,No,Not Applicable,568,Cash,5,4.8,3.7
2024-07-29 22:24:00,CNR5334562445,Success,CID131521,Prime Plus,MG Road,Hosur Road,273.0,95.0,Not Applicable,Not Applicable,No,Not Applicable,406,Cash,32,3.3,4.5
2024-07-27 08:54:00,CNR5816157412,Success,CID814211,Prime SUV,Hebbal,Chickpet,259.0,60.0,Not Applicable,Not Applicable,No,Not Applicable,263,UPI,35,4.9,4.5
2024-07-30 20:13:00,CNR8907713515,Driver Not Found,CID692373,Prime Sedan,Chamarajpet,Peenya,,,Not Applicable,Not Applicable,Not Applicable,Not Applicable,831,Not Applicable,0,,
2024-07-02 12:45:00,CNR8715292186,Success,CID200057,eBike,Kadugodi,Ulsoor,308.0,110.0,Not Applicable,Not Applicable,No,Not Applicable,1648,Cash,23,4.2,3.6
2024-07-19 05:48:00,CNR8071041195,Success,CID902362,Prime SUV,BTM Layout,Hosur Road,182.0,55.0,Not Applicable,Not Applicable,No,Not Applicable,675,UPI,40,4.0,3.6
2024-07-03 01:36:00,CNR5229535990,Success,CID419089,Mini,Langford Town,Richmond Town,189.0,80.0,Not Applicable,Not Applicable,No,Not Applicable,413,Cash,32,3.5,4.2
2024-07-23 21:43:00,CNR2991361174,Success,CID776020,eBike,MG Road,Bannerghatta Road,42.0,80.0,Not Applicable,Not Applicable,No,Not Applicable,395,Cash,28,3.9,4.7
2024-07-30 05:32:00,CNR6722460195,Success,CID169653,Prime SUV,Sahakar Nagar,Ulsoor,231.0,135.0,Not Applicable,Not Applicable,No,Not Applicable,172,Cash,28,4.3,4.5
2024-07-20 23:19:00,CNR6614365778,Driver Not Found,CID913746,Mini,Devanahalli,Magadi Road,,,Not Applicable,Not Applicable,Not Applicable,Not Applicable,603,Not Applicable,0,,
2024-07-28 16:51:00,CNR6491322680,Canceled by Driver,CID984444,Mini,BTM Layout,Hebbal,,,Not Applicable,Customer related issue,Not Applicable,Not Applicable,714,Not Applicable,0,,
2024-07-18 04:19:00,CNR2930684315,Canceled by Customer,CID429626,eBike,Padmanabhanagar,Banashankari,,,Driver is not moving towards pickup location,Not Applicable,Not Applicable,Not Applicable,424,Not Applicable,0,,
2024-07-04 10:04:00,CNR1800985720,Canceled by Customer,CID667167,Auto,HSR Layout,Hulimavu,,,AC is Not working,Not Applicable,Not Applicable,Not Applicable,364,Not Applicable,0,,
2024-07-07 21:56:00,CNR6264323318,Canceled by Driver,CID335584,eBike,Peenya,BTM Layout,,,Not Applicable,Personal & Car related issue,Not Applicable,Not Applicable,256,Not Applicable,0,,
2024-07-13 20:56:00,CNR5849021845,Success,CID303042,eBike,Hulimavu,Hosur Road,63.0,115.0,Not Applicable,Not Applicable,No,Not Applicable,436,Cash,31,4.3,3.7
2024-07-30 03:09:00,CNR2863976225,Canceled by Customer,CID406492,Prime Sedan,Shantinagar,Shivajinagar,,,AC is Not working,Not Applicable,Not Applicable,Not Applicable,663,Not Applicable,0,,
2024-07-10 14:15:00,CNR6386896651,Canceled by Customer,CID864028,Prime SUV,Peenya,Ramamurthy Nagar,,,Wrong Address,Not Applicable,Not Applicable,Not Applicable,2955,Not Applicable,0,,
2024-07-27 05:36:00,CNR3638501850,Success,CID641308,Mini,Tumkur Road,Rajarajeshwari Nagar,49.0,130.0,Not Applicable,Not Applicable,No,Not Applicable,213,Cash,49,4.9,4.6
2024-07-18 16:35:00,CNR1310281811,Canceled by Driver,CID258362,eBike,Magadi Road,Indiranagar,,,Not Applicable,Personal & Car related issue,Not Applicable,Not Applicable,767,Not Applicable,0,,
2024-07-25 04:30:00,CNR7062746146,Success,CID207996,Prime SUV,Majestic,Vijayanagar,308.0,30.0,Not Applicable,Not Applicable,No,Not Applicable,259,Cash,28,3.9,3.0
2024-07-22 20:01:00,CNR3069132270,Canceled by Driver,CID935580,Prime Plus,Yelahanka,Rajajinagar,,,Not Applicable,More than permitted people in there,Not Applicable,Not Applicable,444,Not Applicable,0,,
2024-07-24 00:53:00,CNR2320847320,Success,CID630779,Auto,Tumkur Road,Sarjapur Road,63.0,120.0,Not Applicable,Not Applicable,Yes,Vehicle Breakdown,820,Cash,15,4.4,3.6
2024-07-09 03:03:00,CNR4252305915,Canceled by Driver,CID485260,Prime Sedan,Rajajinagar,Langford Town,,,Not Applicable,Customer related issue,Not Applicable,Not Applicable,590,Not Applicable,0,,
2024-07-16 16:20:00,CNR3032725612,Success,CID736273,Prime Plus,Bellandur,Kadugodi,301.0,110.0,Not Applicable,Not Applicable,No,Not Applicable,365,Cash,25,3.5,3.3
2024-07-23 19:44:00,CNR4363989609,Success,CID988911,Prime SUV,Vijayanagar,Shivajinagar,154.0,100.0,Not Applicable,Not Applicable,No,Not Applicable,416,UPI,8,4.8,4.5
2024-07-18 02:16:00,CNR6203795988,Success,CID609355,Mini,Bannerghatta Road,Richmond Town,91.0,140.0,Not Applicable,Not Applicable,Yes,Other Issue,252,UPI,43,4.7,4.4
2024-07-06 07:48:00,CNR5020079941,Canceled by Driver,CID428954,Prime Plus,Chickpet,Marathahalli,,,Not Applicable,Personal & Car related issue,Not Applicable,Not Applicable,256,Not Applicable,0,,
2024-07-11 11:00:00,CNR4261031587,Canceled by Driver,CID830185,Prime Sedan,Banashankari,Chickpet,,,Not Applicable,Customer related issue,Not Applicable,Not Applicable,917,Not Applicable,0,,
2024-07-10 02:03:00,CNR7261126698,Success,CID958346,Bike,Sarjapur Road,Shantinagar,182.0,125.0,Not Applicable,Not Applicable,No,Not Applicable,488,Cash,43,4.4,4.3
2024-07-27 05:46:00,CNR1607397323,Success,CID325258,Prime Sedan,Hosur Road,Langford Town,266.0,60.0,Not Applicable,Not Applicable,No,Not Applicable,468,Cash,17,4.5,4.1
2024-07-16 03:03:00,CNR8340638433,Success,CID390441,Mini,Tumkur Road,Chamarajpet,56.0,45.0,Not Applicable,Not Applicable,No,Not Applicable,2848,Cash,37,4.6,3.5
2024-07-12 11:55:00,CNR1263997719,Success,CID301300,Prime Sedan,Langford Town,Marathahalli,175.0,75.0,Not Applicable,Not Applicable,No,Not Applicable,437,UPI,2,3.4,4.8
2024-07-16 12:22:00,CNR5737292361,Success,CID579491,Prime Plus,BTM Layout,Malleshwaram,84.0,65.0,Not Applicable,Not Applicable,No,Not Applicable,477,Cash,36,4.6,4.1
2024-07-03 08:54:00,CNR5908208291,Canceled by Customer,CID809333,eBike,Cox Town,Whitefield,,,Driver is not moving towards pickup location,Not Applicable,Not Applicable,Not Applicable,103,Not Applicable,0,,
2024-07-26 07:45:00,CNR9307501110,Success,CID255287,Bike,Kammanahalli,Chamarajpet,203.0,145.0,Not Applicable,Not Applicable,Yes,Customer Demand,1789,UPI,43,4.9,3.4
2024-07-25 20:35:00,CNR8010768445,Success,CID728035,Prime SUV,Hosur Road,Kadugodi,112.0,25.0,Not Applicable,Not Applicable,No,Not Applicable,270,Cash,18,3.1,5.0
2024-07-10 11:32:00,CNR7365623359,Success,CID826608,Prime Plus,Bannerghatta Road,Ramamurthy Nagar,63.0,115.0,Not Applicable,Not Applicable,No,Not Applicable,318,Cash,35,3.0,3.7
2024-07-05 21:02:00,CNR7047891092,Canceled by Driver,CID382743,Prime Plus,Cox Town,Electronic City,,,Not Applicable,Customer was coughing/sick,Not Applicable,Not Applicable,483,Not Applicable,0,,
2024-07-06 22:57:00,CNR4271388019,Success,CID209153,Prime Plus,Shantinagar,RT Nagar,35.0,115.0,Not Applicable,Not Applicable,No,Not Applicable,496,UPI,31,4.5,4.9
2024-07-03 20:04:00,CNR7116063638,Success,CID865157,eBike,Yelahanka,Sarjapur Road,245.0,95.0,Not Applicable,Not Applicable,No,Not Applicable,568,Cash,16,4.1,3.7
2024-07-21 05:43:00,CNR6712955354,Canceled by Driver,CID237899,Prime Sedan,Basavanagudi,Hosur Road,,,Not Applicable,Personal & Car related issue,Not Applicable,Not Applicable,580,Not Applicable,0,,
2024-07-19 11:48:00,CNR9927696155,Success,CID448641,Prime Plus,Ulsoor,Majestic,147.0,130.0,Not Applicable,Not Applicable,No,Not Applicable,426,Cash,46,4.3,3.6
2024-07-09 15:58:00,CNR4838762214,Success,CID290254,eBike,Nagarbhavi,Basavanagudi,63.0,60.0,Not Applicable,Not Applicable,No,Not Applicable,538,UPI,29,4.1,4.8
2024-07-11 16:25:00,CNR7304548737,Success,CID964999,eBike,Hebbal,Kammanahalli,133.0,45.0,Not Applicable,Not Applicable,No,Not Applicable,348,Cash,40,5.0,3.1
2024-07-12 05:14:00,CNR9691983915,Success,CID280666,Prime Plus,Shantinagar,Yelahanka,210.0,85.0,Not Applicable,Not Applicable,No,Not Applicable,449,Cash,33,3.2,4.4
2024-07-10 22:04:00,CNR1834287430,Success,CID410416,eBike,Langford Town,Kammanahalli,133.0,45.0,Not Applicable,Not Applicable,No,Not Applicable,276,Cash,16,4.5,3.9
2024-07-28 20:59:00,CNR6538323870,Success,CID271891,Mini,Kammanahalli,Devanahalli,112.0,55.0,Not Applicable,Not Applicable,No,Not Applicable,200,Cash,47,3.6,4.8
2024-07-26 16:51:00,CNR1464087624,Canceled by Driver,CID581994,Mini,Chickpet,Mysore Road,,,Not Applicable,More than permitted people in there,Not Applicable,Not Applicable,411,Not Applicable,0,,
2024-07-29 02:39:00,CNR7016649408,Driver Not Found,CID775674,Bike,Varthur,Ramamurthy Nagar,,,Not Applicable,Not Applicable,Not Applicable,Not Applicable,218,Not Applicable,0,,
2024-07-22 00:58:00,CNR1727036737,Success,CID104084,Auto,Whitefield,HSR Layout,112.0,130.0,Not Applicable,Not Applicable,No,Not Applicable,493,Cash,8,3.3,4.6
2024-07-07 02:47:00,CNR8487429773,Success,CID655425,Auto,Hennur,Ramamurthy Nagar,35.0,135.0,Not Applicable,Not Applicable,No,Not Applicable,397,Cash,18,4.2,3.5
2024-07-19 09:20:00,CNR9145083841,Success,CID760779,Prime SUV,Chickpet,Devanahalli,168.0,35.0,Not Applicable,Not Applicable,No,Not Applicable,597,UPI,5,4.6,3.4
2024-07-15 10:53:00,CNR7652813605,Driver Not Found,CID826766,Prime SUV,Langford Town,BTM Layout,,,Not Applicable,Not Applicable,Not Applicable,Not Applicable,272,Not Applicable,0,,
2024-07-20 01:54:00,CNR6566291709,Success,CID282251,Bike,Chickpet,JP Nagar,91.0,145.0,Not Applicable,Not Applicable,No,Not Applicable,138,UPI,20,3.7,3.9
2024-07-15 10:10:00,CNR8604550088,Success,CID150974,Prime Sedan,RT Nagar,Whitefield,63.0,110.0,Not Applicable,Not Applicable,No,Not Applicable,169,UPI,7,3.3,3.3
2024-07-20 08:22:00,CNR2506206115,Driver Not Found,CID769481,Bike,Kammanahalli,BTM Layout,,,Not Applicable,Not Applicable,Not Applicable,Not Applicable,912,Not Applicable,0,,
2024-07-03 19:19:00,CNR6188805841,Canceled by Driver,CID591196,Bike,Shantinagar,MG Road,,,Not Applicable,More than permitted people in there,Not Applicable,Not Applicable,1520,Not Applicable,0,,
2024-07-30 17:19:00,CNR8078219679,Driver Not Found,CID489169,Prime Plus,Hennur,Kadugodi,,,Not Applicable,Not Applicable,Not Applicable,Not Applicable,750,Not Applicable,0,,
2024-07-13 10:37:00,CNR1626064227,Success,CID785396,Bike,Sahakar Nagar,Jayanagar,231.0,35.0,Not Applicable,Not Applicable,No,Not Applicable,705,Cash,15,3.7,4.8
2024-07-26 10:30:00,CNR5227987266,Success,CID353435,Prime Sedan,Basavanagudi,Koramangala,112.0,110.0,Not Applicable,Not Applicable,Yes,Customer Demand,752,Cash,24,4.7,3.9
2024-07-29 15:16:00,CNR9914173485,Success,CID703091,Bike,HSR Layout,Mysore Road,308.0,90.0,Not Applicable,Not Applicable,No,Not Applicable,354,Cash,6,3.9,3.4
2024-07-30 07:48:00,CNR5881574418,Success,CID222088,Mini,Sahakar Nagar,Chamarajpet,238.0,60.0,Not Applicable,Not Applicable,No,Not Applicable,135,Cash,20,3.8,3.2
2024-07-08 06:04:00,CNR8926178861,Success,CID854601,Bike,Jayanagar,Whitefield,259.0,65.0,Not Applicable,Not Applicable,No,Not Applicable,271,UPI,4,4.3,4.4
2024-07-28 11:27:00,CNR4895692133,Success,CID389464,Auto,Marathahalli,Indiranagar,210.0,60.0,Not Applicable,Not Applicable,No,Not Applicable,248,UPI,5,4.9,4.3
2024-07-19 08:35:00,CNR9241891925,Success,CID584729,Mini,Yeshwanthpur,Sahakar Nagar,56.0,80.0,Not Applicable,Not Applicable,Yes,Vehicle Breakdown,1660,Cash,15,3.9,4.0
2024-07-22 04:20:00,CNR9175819334,Driver Not Found,CID532928,Prime Plus,Bannerghatta Road,Sahakar Nagar,,,Not Applicable,Not Applicable,Not Applicable,Not Applicable,519,Not Applicable,0,,
2024-07-06 05:16:00,CNR5850379233,Success,CID218015,Bike,Bellandur,Jayanagar,294.0,105.0,Not Applicable,Not Applicable,No,Not Applicable,158,Cash,44,3.5,4.5
2024-07-22 22:59:00,CNR4739182946,Canceled by Driver,CID867813,Prime Sedan,Langford Town,Hennur,,,Not Applicable,Customer related issue,Not Applicable,Not Applicable,431,Not Applicable,0,,
2024-07-10 21:04:00,CNR5640081703,Canceled by Customer,CID552004,Prime Sedan,Sahakar Nagar,Vijayanagar,,,Driver is not moving towards pickup location,Not Applicable,Not Applicable,Not Applicable,452,Not Applicable,0,,
2024-07-03 07:20:00,CNR5228994054,Success,CID479455,Auto,Magadi Road,Tumkur Road,42.0,25.0,Not Applicable,Not Applicable,No,Not Applicable,205,Credit Card,12,3.3,4.1
2024-07-28 23:03:00,CNR8942063966,Success,CID574611,Auto,Nagarbhavi,Peenya,147.0,135.0,Not Applicable,Not Applicable,No,Not Applicable,711,Cash,1,4.8,3.7
2024-07-28 00:31:00,CNR1684130211,Canceled by Driver,CID868105,eBike,Kengeri,Magadi Road,,,Not Applicable,Customer was coughing/sick,Not Applicable,Not Applicable,127,Not Applicable,0,,
2024-07-24 04:17:00,CNR4667047821,Canceled by Customer,CID910452,eBike,Cox Town,Majestic,,,AC is Not working,Not Applicable,Not Applicable,Not Applicable,199,Not Applicable,0,,
2024-07-16 03:12:00,CNR8540176832,Canceled by Driver,CID316510,eBike,Kammanahalli,Bellandur,,,Not Applicable,Personal & Car related issue,Not Applicable,Not Applicable,395,Not Applicable,0,,
2024-07-25 21:26:00,CNR1036583760,Driver Not Found,CID476247,eBike,Shivajinagar,Jayanagar,,,Not Applicable,Not Applicable,Not Applicable,Not Applicable,278,Not Applicable,0,,
2024-07-24 18:47:00,CNR1344835057,Success,CID962988,eBike,HSR Layout,Indiranagar,301.0,95.0,Not Applicable,Not Applicable,No,Not Applicable,170,Credit Card,19,4.0,3.2
2024-07-24 05:23:00,CNR7741190355,Canceled by Customer,CID720146,Prime Plus,Sarjapur Road,Tumkur Road,,,Driver is not moving towards pickup location,Not Applicable,Not Applicable,Not Applicable,469,Not Applicable,0,,
2024-07-13 07:39:00,CNR5242351425,Success,CID516244,eBike,Frazer Town,Frazer Town,287.0,130.0,Not Applicable,Not Applicable,No,Not Applicable,137,Cash,33,4.3,4.7
2024-07-25 04:31:00,CNR8205027320,Success,CID264658,Auto,Kengeri,Nagarbhavi,35.0,35.0,Not Applicable,Not Applicable,No,Not Applicable,147,Cash,9,3.5,3.6
2024-07-26 08:00:00,CNR2083053746,Success,CID426370,Bike,Ramamurthy Nagar,MG Road,140.0,105.0,Not Applicable,Not Applicable,No,Not Applicable,448,Cash,30,3.2,4.6
2024-07-16 21:12:00,CNR6858765322,Canceled by Customer,CID293204,Prime Sedan,Bellandur,Kengeri,,,Driver asked to cancel,Not Applicable,Not Applicable,Not Applicable,182,Not Applicable,0,,
2024-07-06 11:37:00,CNR9724810307,Canceled by Driver,CID160531,Mini,Yeshwanthpur,Shivajinagar,,,Not Applicable,Customer related issue,Not Applicable,Not Applicable,312,Not Applicable,0,,
2024-07-13 19:04:00,CNR9799832480,Canceled by Customer,CID325551,Auto,Mysore Road,Kammanahalli,,,Driver is not moving towards pickup location,Not Applicable,Not Applicable,Not Applicable,493,Not Applicable,0,,
2024-07-14 01:23:00,CNR7165534752,Success,CID940895,eBike,Hennur,Ramamurthy Nagar,91.0,115.0,Not Applicable,Not Applicable,No,Not Applicable,434,UPI,9,3.9,3.4
2024-07-24 11:02:00,CNR6155633843,Success,CID642612,Prime SUV,Majestic,Shivajinagar,245.0,70.0,Not Applicable,Not Applicable,No,Not Applicable,476,Cash,33,4.9,3.8
2024-07-15 18:42:00,CNR9508707696,Success,CID945114,eBike,Yeshwanthpur,Sarjapur Road,294.0,80.0,Not Applicable,Not Applicable,No,Not Applicable,493,Cash,10,3.3,3.4
2024-07-21 17:00:00,CNR7944998026,Canceled by Driver,CID902159,Prime Plus,Langford Town,Rajarajeshwari Nagar,,,Not Applicable,Personal & Car related issue,Not Applicable,Not Applicable,729,Not Applicable,0,,
2024-07-15 03:37:00,CNR4870907606,Canceled by Driver,CID615652,Auto,Frazer Town,Electronic City,,,Not Applicable,Personal & Car related issue,Not Applicable,Not Applicable,487,Not Applicable,0,,
2024-07-29 18:41:00,CNR5525104199,Success,CID920169,Prime Plus,Whitefield,Banashankari,182.0,65.0,Not Applicable,Not Applicable,No,Not Applicable,383,Cash,36,4.6,3.3
2024-07-28 05:10:00,CNR6500141538,Success,CID803603,Mini,Richmond Town,Frazer Town,252.0,120.0,Not Applicable,Not Applicable,No,Not Applicable,200,Cash,26,4.0,3.7
2024-07-10 15:34:00,CNR9366688832,Canceled by Customer,CID360722,Auto,KR Puram,Rajarajeshwari Nagar,,,Driver asked to cancel,Not Applicable,Not Applicable,Not Applicable,277,Not Applicable,0,,
2024-07-03 14:58:00,CNR4597137162,Canceled by Driver,CID401544,Prime Sedan,Indiranagar,Hennur,,,Not Applicable,Customer related issue,Not Applicable,Not Applicable,976,Not Applicable,0,,
2024-07-20 16:49:00,CNR6381763059,Success,CID180614,Mini,Hennur,Banashankari,238.0,25.0,Not Applicable,Not Applicable,No,Not Applicable,196,Cash,8,3.5,5.0
2024-07-04 21:58:00,CNR2715951320,Driver Not Found,CID181413,Mini,Yeshwanthpur,Richmond Town,,,Not Applicable,Not Applicable,Not Applicable,Not Applicable,431,Not Applicable,0,,
2024-07-01 19:34:00,CNR7117703101,Success,CID906859,eBike,Shantinagar,Mysore Road,245.0,75.0,Not Applicable,Not Applicable,No,Not Applicable,509,Cash,36,3.9,3.2
2024-07-11 03:39:00,CNR7125219067,Success,CID875711,Bike,Devanahalli,Ulsoor,70.0,145.0,Not Applicable,Not Applicable,No,Not Applicable,836,Cash,13,4.6,4.7
2024-07-18 07:27:00,CNR9951329993,Canceled by Driver,CID857685,Prime SUV,Frazer Town,Rajajinagar,,,Not Applicable,Personal & Car related issue,Not Applicable,Not Applicable,313,Not Applicable,0,,
2024-07-04 16:06:00,CNR9603596144,Success,CID486913,eBike,Bellandur,Vijayanagar,77.0,135.0,Not Applicable,Not Applicable,No,Not Applicable,213,Cash,20,4.3,4.8
2024-07-21 03:43:00,CNR8510019710,Canceled by Driver,CID297848,Auto,Sahakar Nagar,HSR Layout,,,Not Applicable,Personal & Car related issue,Not Applicable,Not Applicable,360,Not Applicable,0,,
2024-07-10 16:17:00,CNR7743917345,Success,CID981888,Prime Sedan,Koramangala,Shantinagar,168.0,85.0,Not Applicable,Not Applicable,No,Not Applicable,698,Cash,38,4.3,3.9
2024-07-01 11:56:00,CNR1200622511,Success,CID287657,Bike,Yeshwanthpur,Marathahalli,77.0,60.0,Not Applicable,Not Applicable,No,Not Applicable,359,UPI,34,3.2,3.6
2024-07-05 17:42:00,CNR9264809806,Success,CID855186,Mini,KR Puram,HSR Layout,280.0,90.0,Not Applicable,Not Applicable,Yes,Customer Demand,415,Cash,14,4.8,4.6
2024-07-25 09:50:00,CNR8422858820,Success,CID888057,eBike,Hulimavu,Banashankari,168.0,50.0,Not Applicable,Not Applicable,No,Not Applicable,844,Cash,29,3.6,3.7
2024-07-18 03:44:00,CNR6106637854,Success,CID751189,Auto,Rajajinagar,Koramangala,266.0,60.0,Not Applicable,Not Applicable,No,Not Applicable,370,Cash,1,3.2,4.2
2024-07-13 02:26:00,CNR4204926994,Canceled by Driver,CID423156,Bike,Hulimavu,Whitefield,,,Not Applicable,Customer related issue,Not Applicable,Not Applicable,283,Not Applicable,0,,
2024-07-02 07:40:00,CNR9228957217,Success,CID400197,Prime SUV,Ramamurthy Nagar,Rajajinagar,224.0,115.0,Not Applicable,Not Applicable,No,Not Applicable,211,UPI,47,4.5,3.5
2024-07-07 14:55:00,CNR6588832918,Success,CID909889,Auto,Tumkur Road,Sarjapur Road,119.0,135.0,Not Applicable,Not Applicable,No,Not Applicable,114,UPI,2,3.7,3.2
2024-07-24 14:11:00,CNR1614291510,Success,CID453915,eBike,Varthur,Basavanagudi,56.0,120.0,Not Applicable,Not Applicable,No,Not Applicable,296,Cash,12,3.7,3.8
2024-07-07 17:20:00,CNR1242109058,Canceled by Customer,CID469219,Prime Sedan,Sarjapur Road,Ulsoor,,,Driver asked to cancel,Not Applicable,Not Applicable,Not Applicable,108,Not Applicable,0,,
2024-07-16 09:55:00,CNR1927022982,Success,CID922556,eBike,Richmond Town,RT Nagar,126.0,85.0,Not Applicable,Not Applicable,No,Not Applicable,137,Cash,18,4.2,3.5
2024-07-18 12:36:00,CNR4392678700,Success,CID941388,Prime SUV,Tumkur Road,Devanahalli,147.0,35.0,Not Applicable,Not Applicable,No,Not Applicable,353,Cash,22,5.0,3.8
2024-07-22 12:13:00,CNR4970613007,Success,CID397597,Auto,Koramangala,Padmanabhanagar,63.0,125.0,Not Applicable,Not Applicable,No,Not Applicable,133,Cash,9,3.6,3.5
2024-07-25 19:36:00,CNR4424314858,Canceled by Driver,CID609787,eBike,Richmond Town,Langford Town,,,Not Applicable,Personal & Car related issue,Not Applicable,Not Applicable,652,Not Applicable,0,,
2024-07-01 09:13:00,CNR9940031933,Canceled by Customer,CID818510,Mini,Ramamurthy Nagar,Devanahalli,,,Wrong Address,Not Applicable,Not Applicable,Not Applicable,610,Not Applicable,0,,
2024-07-25 10:13:00,CNR2793843958,Success,CID862412,Auto,Ulsoor,Basavanagudi,147.0,75.0,Not Applicable,Not Applicable,No,Not Applicable,819,UPI,9,4.8,3.1
2024-07-02 00:24:00,CNR5127673709,Success,CID369691,Bike,Bellandur,Kengeri,105.0,40.0,Not Applicable,Not Applicable,No,Not Applicable,595,Cash,18,3.7,3.5
2024-07-15 14:19:00,CNR6948817930,Success,CID943177,Auto,Shantinagar,Kadugodi,42.0,45.0,Not Applicable,Not Applicable,No,Not Applicable,125,Cash,17,4.8,3.5
2024-07-08 11:06:00,CNR7147838074,Success,CID316614,Prime Plus,MG Road,BTM Layout,196.0,100.0,Not Applicable,Not Applicable,No,Not Applicable,688,Cash,24,3.1,3.8
2024-07-13 16:38:00,CNR6232103374,Driver Not Found,CID786312,Prime SUV,MG Road,Shantinagar,,,Not Applicable,Not Applicable,Not Applicable,Not Applicable,166,Not Applicable,0,,
2024-07-08 01:30:00,CNR8215770277,Canceled by Customer,CID226045,Bike,Hebbal,Ulsoor,,,Driver is not moving towards pickup location,Not Applicable,Not Applicable,Not Applicable,191,Not Applicable,0,,
2024-07-18 19:39:00,CNR6938900126,Success,CID798161,Prime Plus,Kammanahalli,JP Nagar,63.0,85.0,Not Applicable,Not Applicable,No,Not Applicable,439,Credit Card,34,4.2,4.0
2024-07-30 06:58:00,CNR6901195641,Success,CID195264,Prime SUV,Whitefield,Basavanagudi,168.0,100.0,Not Applicable,Not Applicable,No,Not Applicable,2885,Cash,11,3.3,4.6
2024-07-19 10:01:00,CNR3342358417,Canceled by Driver,CID149798,Mini,Bannerghatta Road,BTM Layout,,,Not Applicable,Personal & Car related issue,Not Applicable,Not Applicable,480,Not Applicable,0,,
2024-07-14 09:32:00,CNR8887414369,Success,CID219449,Mini,Sahakar Nagar,Varthur,189.0,100.0,Not Applicable,Not Applicable,No,Not Applicable,144,UPI,14,3.0,3.8
2024-07-24 19:13:00,CNR2848835821,Success,CID709791,Mini,Nagarbhavi,Indiranagar,287.0,100.0,Not Applicable,Not Applicable,No,Not Applicable,321,Cash,47,4.6,4.2
2024-07-10 01:01:00,CNR7027329002,Success,CID623524,Mini,Malleshwaram,Banashankari,35.0,125.0,Not Applicable,Not Applicable,No,Not Applicable,1974,UPI,30,3.4,4.0
2024-07-20 22:38:00,CNR8044719706,Canceled by Customer,CID955437,Prime Sedan,Bannerghatta Road,Frazer Town,,,Change of plans,Not Applicable,Not Applicable,Not Applicable,290,Not Applicable,0,,
2024-07-02 23:09:00,CNR6774297403,Success,CID901025,eBike,MG Road,Banashankari,308.0,95.0,Not Applicable,Not Applicable,No,Not Applicable,194,Cash,44,3.9,3.3
2024-07-08 01:17:00,CNR8819051046,Success,CID642531,Prime Plus,RT Nagar,Ramamurthy Nagar,84.0,55.0,Not Applicable,Not Applicable,No,Not Applicable,222,Cash,49,3.5,4.3
2024-07-16 12:36:00,CNR5628129934,Driver Not Found,CID480410,eBike,Marathahalli,Banashankari,,,Not Applicable,Not Applicable,Not Applicable,Not Applicable,496,Not Applicable,0,,
2024-07-16 02:04:00,CNR8885710759,Success,CID256254,Mini,Ramamurthy Nagar,Rajajinagar,182.0,100.0,Not Applicable,Not Applicable,No,Not Applicable,395,Cash,37,3.4,3.7
2024-07-11 20:04:00,CNR6391339356,Success,CID561327,Mini,BTM Layout,Majestic,217.0,110.0,Not Applicable,Not Applicable,No,Not Applicable,871,Cash,12,5.0,4.9
2024-07-01 09:39:00,CNR5378511272,Success,CID527023,Prime Sedan,Banashankari,Hosur Road,294.0,85.0,Not Applicable,Not Applicable,No,Not Applicable,411,UPI,20,4.8,3.7
2024-07-10 05:53:00,CNR7953676282,Canceled by Customer,CID812497,Prime Sedan,Bellandur,Indiranagar,,,Driver asked to cancel,Not Applicable,Not Applicable,Not Applicable,903,Not Applicable,0,,
2024-07-11 21:11:00,CNR8060386720,Success,CID677586,Prime Plus,Koramangala,Shivajinagar,182.0,70.0,Not Applicable,Not Applicable,No,Not Applicable,117,Cash,29,3.9,4.4
2024-07-01 00:19:00,CNR2632149281,Canceled by Customer,CID176666,Prime Sedan,BTM Layout,Vijayanagar,,,AC is Not working,Not Applicable,Not Applicable,Not Applicable,490,Not Applicable,0,,
2024-07-21 20:44:00,CNR7089460595,Canceled by Customer,CID695933,Prime Sedan,Indiranagar,Ulsoor,,,Driver asked to cancel,Not Applicable,Not Applicable,Not Applicable,233,Not Applicable,0,,
2024-07-10 12:14:00,CNR7856772385,Success,CID316117,Prime SUV,Tumkur Road,Bannerghatta Road,238.0,120.0,Not Applicable,Not Applicable,No,Not Applicable,174,Cash,7,4.7,4.1
2024-07-03 20:14:00,CNR7575881958,Success,CID914084,Prime Plus,Richmond Town,Rajajinagar,287.0,135.0,Not Applicable,Not Applicable,No,Not Applicable,190,UPI,26,3.0,3.8
2024-07-20 00:46:00,CNR4316257010,Success,CID781098,Prime Plus,MG Road,Indiranagar,84.0,35.0,Not Applicable,Not Applicable,No,Not Applicable,514,Cash,28,3.1,4.5
2024-07-04 05:06:00,CNR5669520051,Success,CID168112,Bike,Langford Town,Koramangala,119.0,115.0,Not Applicable,Not Applicable,No,Not Applicable,480,UPI,41,3.3,4.7
2024-07-18 02:46:00,CNR6016303984,Canceled by Customer,CID347747,Prime Sedan,Richmond Town,JP Nagar,,,Driver asked to cancel,Not Applicable,Not Applicable,Not Applicable,407,Not Applicable,0,,
2024-07-20 07:56:00,CNR4688056192,Canceled by Driver,CID249465,Prime SUV,Chickpet,Magadi Road,,,Not Applicable,Personal & Car related issue,Not Applicable,Not Applicable,222,Not Applicable,0,,
2024-07-23 00:39:00,CNR2081625653,Driver Not Found,CID281333,Auto,Nagarbhavi,Jayanagar,,,Not Applicable,Not Applicable,Not Applicable,Not Applicable,241,Not Applicable,0,,
2024-07-13 09:37:00,CNR8503123601,Success,CID366208,Auto,Hennur,KR Puram,294.0,145.0,Not Applicable,Not Applicable,No,Not Applicable,179,Cash,19,4.4,3.5
2024-07-21 16:50:00,CNR1588319735,Canceled by Driver,CID230266,eBike,Hennur,Vijayanagar,,,Not Applicable,Customer related issue,Not Applicable,Not Applicable,320,Not Applicable,0,,
2024-07-02 20:38:00,CNR2438445727,Success,CID658356,eBike,Varthur,Jayanagar,147.0,125.0,Not Applicable,Not Applicable,No,Not Applicable,210,Cash,33,4.3,4.3
2024-07-29 01:11:00,CNR9999692997,Canceled by Driver,CID612533,Prime Plus,Rajajinagar,Hulimavu,,,Not Applicable,Personal & Car related issue,Not Applicable,Not Applicable,452,Not Applicable,0,,
2024-07-11 15:03:00,CNR1887562554,Success,CID428998,eBike,KR Puram,Hennur,63.0,90.0,Not Applicable,Not Applicable,No,Not Applicable,104,UPI,3,4.8,3.8
2024-07-01 12:35:00,CNR3785867791,Success,CID702476,Prime Plus,Hosur Road,Ulsoor,252.0,30.0,Not Applicable,Not Applicable,No,Not Applicable,435,Credit Card,43,3.5,3.4
2024-07-20 17:31:00,CNR9914068773,Success,CID362118,Mini,Yeshwanthpur,Chamarajpet,42.0,75.0,Not Applicable,Not Applicable,No,Not Applicable,322,UPI,6,3.3,3.5
2024-07-01 11:26:00,CNR8825128513,Canceled by Driver,CID716547,eBike,Mysore Road,Hebbal,,,Not Applicable,Customer was coughing/sick,Not Applicable,Not Applicable,461,Not Applicable,0,,
2024-07-03 06:44:00,CNR2521332231,Canceled by Driver,CID113924,Auto,Langford Town,Padmanabhanagar,,,Not Applicable,Personal & Car related issue,Not Applicable,Not Applicable,429,Not Applicable,0,,
2024-07-17 06:17:00,CNR6860036652,Canceled by Customer,CID583562,Prime Sedan,Bellandur,HSR Layout,,,Driver asked to cancel,Not Applicable,Not Applicable,Not Applicable,1742,Not Applicable,0,,
2024-07-30 22:57:00,CNR3181530904,Driver Not Found,CID857502,Prime Sedan,Bellandur,KR Puram,,,Not Applicable,Not Applicable,Not Applicable,Not Applicable,432,Not Applicable,0,,
2024-07-20 22:40:00,CNR5958037574,Success,CID313984,Auto,Vijayanagar,Nagarbhavi,105.0,55.0,Not Applicable,Not Applicable,No,Not Applicable,509,Cash,4,4.9,4.4
2024-07-23 18:38:00,CNR1315562248,Success,CID273019,Prime SUV,Electronic City,Bannerghatta Road,203.0,70.0,Not Applicable,Not Applicable,No,Not Applicable,334,UPI,42,3.9,4.0
2024-07-28 17:46:00,CNR3676668301,Success,CID917788,Prime Plus,Cox Town,Chickpet,245.0,35.0,Not Applicable,Not Applicable,No,Not Applicable,336,UPI,9,5.0,3.5
2024-07-06 06:11:00,CNR6418511971,Canceled by Driver,CID667866,Prime Plus,MG Road,Chickpet,,,Not Applicable,More than permitted people in there,Not Applicable,Not Applicable,738,Not Applicable,0,,
2024-07-18 10:18:00,CNR3345163074,Canceled by Driver,CID563804,Prime Sedan,JP Nagar,Hulimavu,,,Not Applicable,Customer was coughing/sick,Not Applicable,Not Applicable,787,Not Applicable,0,,
2024-07-06 15:47:00,CNR9765621868,Canceled by Driver,CID317517,Prime Plus,Bannerghatta Road,Rajarajeshwari Nagar,,,Not Applicable,More than permitted people in there,Not Applicable,Not Applicable,480,Not Applicable,0,,
2024-07-26 20:37:00,CNR6038304490,Success,CID722680,Prime SUV,Ulsoor,Bannerghatta Road,224.0,35.0,Not Applicable,Not Applicable,No,Not Applicable,462,UPI,8,4.5,4.5
2024-07-01 22:25:00,CNR4587183006,Canceled by Driver,CID349328,Prime SUV,Majestic,Yelahanka,,,Not Applicable,Customer was coughing/sick,Not Applicable,Not Applicable,395,Not Applicable,0,,
2024-07-04 17:45:00,CNR2625258451,Canceled by Driver,CID560023,Prime SUV,Cox Town,Basavanagudi,,,Not Applicable,Personal & Car related issue,Not Applicable,Not Applicable,332,Not Applicable,0,,
2024-07-26 00:00:00,CNR6797627624,Canceled by Driver,CID626043,Prime Plus,Mysore Road,Nagarbhavi,,,Not Applicable,Customer was coughing/sick,Not Applicable,Not Applicable,144,Not Applicable,0,,
2024-07-30 01:34:00,CNR1530318842,Success,CID289286,Prime Plus,Varthur,Malleshwaram,245.0,65.0,Not Applicable,Not Applicable,No,Not Applicable,925,UPI,47,3.5,4.0
2024-07-17 09:53:00,CNR7962912010,Canceled by Customer,CID718870,Prime SUV,MG Road,Hennur,,,Driver asked to cancel,Not Applicable,Not Applicable,Not Applicable,815,Not Applicable,0,,
2024-07-25 22:48:00,CNR9034619409,Success,CID888767,Prime SUV,Richmond Town,Shivajinagar,189.0,140.0,Not Applicable,Not Applicable,No,Not Applicable,376,Cash,35,3.3,4.0
2024-07-22 14:29:00,CNR4764814936,Success,CID223447,Mini,Nagarbhavi,BTM Layout,210.0,130.0,Not Applicable,Not Applicable,No,Not Applicable,624,Cash,40,3.9,4.8
2024-07-26 21:55:00,CNR7990913689,Success,CID567912,eBike,Padmanabhanagar,Bellandur,175.0,135.0,Not Applicable,Not Applicable,No,Not Applicable,489,Cash,15,3.5,4.0
2024-07-28 21:36:00,CNR1824819049,Success,CID801004,Prime Sedan,Hulimavu,MG Road,266.0,90.0,Not Applicable,Not Applicable,No,Not Applicable,2197,Cash,4,4.6,3.8
2024-07-02 11:24:00,CNR6944726421,Success,CID121114,Prime Sedan,RT Nagar,Hennur,175.0,65.0,Not Applicable,Not Applicable,No,Not Applicable,297,Cash,8,3.1,4.9
2024-07-27 22:29:00,CNR4142020064,Success,CID773044,Bike,Hosur Road,Yeshwanthpur,70.0,30.0,Not Applicable,Not Applicable,No,Not Applicable,795,Cash,20,4.0,4.4
2024-07-28 14:49:00,CNR5926009218,Success,CID420311,Auto,Ramamurthy Nagar,Devanahalli,252.0,25.0,Not Applicable,Not Applicable,No,Not Applicable,449,UPI,2,4.0,3.9
2024-07-09 23:18:00,CNR9172552831,Success,CID508762,Bike,Kadugodi,Cox Town,126.0,75.0,Not Applicable,Not Applicable,No,Not Applicable,271,Cash,20,4.7,3.7
2024-07-05 11:10:00,CNR2063925067,Success,CID483925,Mini,Shantinagar,Frazer Town,63.0,80.0,Not Applicable,Not Applicable,No,Not Applicable,487,Cash,26,4.1,4.8
2024-07-02 08:54:00,CNR6648236841,Success,CID478845,eBike,Yelahanka,Frazer Town,119.0,80.0,Not Applicable,Not Applicable,No,Not Applicable,271,Cash,22,4.6,4.9
2024-07-09 22:16:00,CNR6720495185,Success,CID302881,Bike,Yeshwanthpur,Kengeri,126.0,75.0,Not Applicable,Not Applicable,No,Not Applicable,330,Cash,7,3.9,3.0
2024-07-25 05:30:00,CNR9294186266,Success,CID790883,Mini,Richmond Town,Basavanagudi,77.0,140.0,Not Applicable,Not Applicable,No,Not Applicable,348,Cash,22,3.1,3.9
2024-07-05 03:13:00,CNR8558370271,Success,CID823609,Auto,Magadi Road,Chickpet,252.0,120.0,Not Applicable,Not Applicable,No,Not Applicable,752,Cash,9,3.3,3.7
2024-07-01 01:25:00,CNR7798348213,Success,CID826962,Prime Sedan,Ramamurthy Nagar,Whitefield,189.0,70.0,Not Applicable,Not Applicable,No,Not Applicable,567,UPI,21,4.3,4.4
2024-07-29 15:29:00,CNR5408716227,Success,CID505269,Prime SUV,Hebbal,Nagarbhavi,280.0,30.0,Not Applicable,Not Applicable,No,Not Applicable,778,UPI,40,4.4,4.0
2024-07-16 21:40:00,CNR4697068137,Canceled by Driver,CID864584,Mini,Peenya,Cox Town,,,Not Applicable,More than permitted people in there,Not Applicable,Not Applicable,2604,Not Applicable,0,,
2024-07-21 12:21:00,CNR1613848704,Canceled by Driver,CID817796,Prime Sedan,JP Nagar,Bellandur,,,Not Applicable,Customer related issue,Not Applicable,Not Applicable,432,Not Applicable,0,,
2024-07-09 12:54:00,CNR6887892861,Canceled by Driver,CID677282,Bike,Whitefield,Banashankari,,,Not Applicable,Customer was coughing/sick,Not Applicable,Not Applicable,439,Not Applicable,0,,
2024-07-05 08:31:00,CNR2124584435,Success,CID907478,Bike,Varthur,Mysore Road,301.0,65.0,Not Applicable,Not Applicable,No,Not Applicable,479,Cash,29,3.2,4.2
2024-07-09 12:32:00,CNR7714747663,Success,CID580976,Bike,Ulsoor,Frazer Town,217.0,140.0,Not Applicable,Not Applicable,No,Not Applicable,430,Cash,1,4.6,4.4
2024-07-25 22:26:00,CNR5807247878,Canceled by Driver,CID844246,Prime Plus,Kengeri,Banashankari,,,Not Applicable,Customer related issue,Not Applicable,Not Applicable,274,Not Applicable,0,,
2024-07-01 18:10:00,CNR9530049787,Success,CID692837,Auto,RT Nagar,Indiranagar,126.0,65.0,Not Applicable,Not Applicable,Yes,Vehicle Breakdown,345,UPI,4,4.7,3.1
2024-07-10 03:32:00,CNR7239933425,Success,CID244763,Prime SUV,Koramangala,Bannerghatta Road,126.0,35.0,Not Applicable,Not Applicable,No,Not Applicable,206,Cash,9,4.7,4.1
2024-07-25 04:01:00,CNR7241401743,Success,CID517331,eBike,Kammanahalli,Hulimavu,280.0,75.0,Not Applicable,Not Applicable,No,Not Applicable,284,Cash,30,3.6,3.2
2024-07-05 01:38:00,CNR4185846457,Driver Not Found,CID218314,Prime Plus,Hennur,Kadugodi,,,Not Applicable,Not Applicable,Not Applicable,Not Applicable,602,Not Applicable,0,,
2024-07-13 03:35:00,CNR9543077600,Success,CID842083,Bike,Chamarajpet,Basavanagudi,168.0,45.0,Not Applicable,Not Applicable,No,Not Applicable,127,Cash,48,4.7,4.0
2024-07-19 18:40:00,CNR7111246921,Canceled by Customer,CID517396,Mini,Hulimavu,BTM Layout,,,Driver is not moving towards pickup location,Not Applicable,Not Applicable,Not Applicable,286,Not Applicable,0,,
2024-07-30 16:49:00,CNR4045896786,Success,CID409019,eBike,Hebbal,Bellandur,84.0,105.0,Not Applicable,Not Applicable,No,Not Applicable,981,Cash,45,3.7,4.6
2024-07-30 08:20:00,CNR6555205675,Success,CID931557,Prime SUV,Hulimavu,Shivajinagar,84.0,25.0,Not Applicable,Not Applicable,No,Not Applicable,720,Cash,25,3.3,4.2
2024-07-13 17:14:00,CNR9840225015,Success,CID852349,Auto,Cox Town,Ulsoor,196.0,95.0,Not Applicable,Not Applicable,No,Not Applicable,418,UPI,1,3.2,4.2
2024-07-24 19:07:00,CNR3062418693,Success,CID959962,Prime SUV,HSR Layout,Yeshwanthpur,238.0,30.0,Not Applicable,Not Applicable,Yes,Other Issue,2299,Cash,31,3.1,3.8
2024-07-26 22:02:00,CNR9516929426,Driver Not Found,CID393170,Mini,Jayanagar,Koramangala,,,Not Applicable,Not Applicable,Not Applicable,Not Applicable,465,Not Applicable,0,,
2024-07-05 10:57:00,CNR5489202638,Canceled by Driver,CID922470,Prime Plus,Yeshwanthpur,KR Puram,,,Not Applicable,Customer was coughing/sick,Not Applicable,Not Applicable,347,Not Applicable,0,,
2024-07-10 09:44:00,CNR6185623073,Success,CID162312,Auto,Yelahanka,Rajarajeshwari Nagar,266.0,35.0,Not Applicable,Not Applicable,No,Not Applicable,749,Cash,1,4.3,3.4
2024-07-04 21:44:00,CNR9640302107,Success,CID368731,Prime Plus,Sarjapur Road,RT Nagar,203.0,140.0,Not Applicable,Not Applicable,No,Not Applicable,435,UPI,40,4.1,4.7
2024-07-24 13:13:00,CNR7276308888,Canceled by Driver,CID833201,Mini,HSR Layout,Richmond Town,,,Not Applicable,Personal & Car related issue,Not Applicable,Not Applicable,435,Not Applicable,0,,
2024-07-20 04:14:00,CNR2523653496,Canceled by Driver,CID713418,Prime SUV,JP Nagar,Vijayanagar,,,Not Applicable,Customer related issue,Not Applicable,Not Applicable,956,Not Applicable,0,,
2024-07-29 19:53:00,CNR8706783638,Success,CID460689,Bike,Padmanabhanagar,Cox Town,161.0,105.0,Not Applicable,Not Applicable,No,Not Applicable,2706,Cash,34,3.2,4.4
2024-07-12 10:01:00,CNR9229273375,Success,CID763918,Auto,Hosur Road,Hulimavu,245.0,90.0,Not Applicable,Not Applicable,No,Not Applicable,881,UPI,17,3.1,4.2
2024-07-24 02:36:00,CNR8684807466,Success,CID275442,Prime SUV,Hulimavu,HSR Layout,140.0,85.0,Not Applicable,Not Applicable,No,Not Applicable,811,UPI,39,4.8,3.9
2024-07-01 08:54:00,CNR6569151628,Success,CID425949,Mini,Whitefield,Nagarbhavi,301.0,30.0,Not Applicable,Not Applicable,No,Not Applicable,486,UPI,18,3.0,4.5
2024-07-18 03:00:00,CNR3760274771,Canceled by Customer,CID176024,Prime SUV,Varthur,Cox Town,,,Driver asked to cancel,Not Applicable,Not Applicable,Not Applicable,845,Not Applicable,0,,
2024-07-01 03:46:00,CNR9292432420,Success,CID978124,Bike,Ramamurthy Nagar,Padmanabhanagar,119.0,125.0,Not Applicable,Not Applicable,No,Not Applicable,198,Cash,47,3.3,4.3
2024-07-03 13:27:00,CNR6303817615,Success,CID811653,Bike,Basavanagudi,Tumkur Road,196.0,140.0,Not Applicable,Not Applicable,No,Not Applicable,419,Cash,3,4.0,3.8
2024-07-20 08:24:00,CNR1253977053,Success,CID477400,eBike,Hebbal,Vijayanagar,294.0,95.0,Not Applicable,Not Applicable,No,Not Applicable,105,UPI,1,3.7,3.2
2024-07-27 10:32:00,CNR7658599661,Success,CID193701,Auto,Tumkur Road,Padmanabhanagar,217.0,75.0,Not Applicable,Not Applicable,No,Not Applicable,475,Cash,7,3.2,3.3
2024-07-12 17:31:00,CNR5717583446,Canceled by Customer,CID838144,Auto,Ramamurthy Nagar,Devanahalli,,,Driver is not moving towards pickup location,Not Applicable,Not Applicable,Not Applicable,229,Not Applicable,0,,
2024-07-17 10:17:00,CNR7555148760,Success,CID541485,Bike,MG Road,Peenya,266.0,145.0,Not Applicable,Not Applicable,No,Not Applicable,458,Cash,34,3.3,3.4
2024-07-20 02:16:00,CNR6247103780,Success,CID678752,Prime Sedan,KR Puram,Electronic City,105.0,125.0,Not Applicable,Not Applicable,No,Not Applicable,140,Cash,22,3.4,4.0
2024-07-18 17:25:00,CNR2206423723,Success,CID645479,Auto,Tumkur Road,Mysore Road,266.0,40.0,Not Applicable,Not Applicable,No,Not Applicable,559,Cash,10,3.2,3.6
2024-07-25 11:52:00,CNR1307144945,Success,CID828314,Prime Sedan,Sahakar Nagar,Rajarajeshwari Nagar,252.0,125.0,Not Applicable,Not Applicable,No,Not Applicable,885,UPI,21,4.1,3.0
2024-07-27 05:32:00,CNR9355163283,Success,CID502311,Prime Plus,Cox Town,KR Puram,189.0,95.0,Not Applicable,Not Applicable,No,Not Applicable,206,UPI,1,3.7,3.2
2024-07-13 20:02:00,CNR7616849012,Success,CID901703,Mini,Bellandur,Tumkur Road,273.0,60.0,Not Applicable,Not Applicable,No,Not Applicable,157,UPI,38,3.1,3.5
2024-07-17 14:04:00,CNR8276098664,Success,CID447747,eBike,Majestic,Cox Town,42.0,85.0,Not Applicable,Not Applicable,No,Not Applicable,173,Cash,39,3.6,4.6
2024-07-11 13:09:00,CNR7468794612,Success,CID964262,Mini,Sarjapur Road,BTM Layout,259.0,55.0,Not Applicable,Not Applicable,Yes,Customer Demand,410,UPI,34,3.8,4.8
2024-07-13 17:24:00,CNR2745744129,Success,CID762012,eBike,Bellandur,Ramamurthy Nagar,133.0,60.0,Not Applicable,Not Applicable,No,Not Applicable,2864,Cash,18,4.7,4.8
2024-07-16 23:23:00,CNR6284932877,Canceled by Driver,CID346283,Mini,Tumkur Road,Basavanagudi,,,Not Applicable,Customer was coughing/sick,Not Applicable,Not Applicable,230,Not Applicable,0,,
2024-07-03 08:39:00,CNR8771654184,Success,CID183617,Prime Sedan,Hennur,Kadugodi,231.0,115.0,Not Applicable,Not Applicable,No,Not Applicable,1561,Cash,47,4.9,4.7
2024-07-28 21:10:00,CNR7602954394,Driver Not Found,CID807190,eBike,Kadugodi,Cox Town,,,Not Applicable,Not Applicable,Not Applicable,Not Applicable,259,Not Applicable,0,,
2024-07-03 21:27:00,CNR9613594648,Success,CID977942,Bike,Kammanahalli,Frazer Town,84.0,60.0,Not Applicable,Not Applicable,No,Not Applicable,706,UPI,29,3.6,3.6
2024-07-12 15:03:00,CNR9489454933,Canceled by Driver,CID998399,Bike,KR Puram,Yeshwanthpur,,,Not Applicable,More than permitted people in there,Not Applicable,Not Applicable,418,Not Applicable,0,,
2024-07-26 17:49:00,CNR1667415303,Canceled by Driver,CID906801,Mini,Bannerghatta Road,Marathahalli,,,Not Applicable,Customer related issue,Not Applicable,Not Applicable,185,Not Applicable,0,,
2024-07-14 10:03:00,CNR6212375479,Success,CID106295,Prime Sedan,Yeshwanthpur,Peenya,294.0,80.0,Not Applicable,Not Applicable,No,Not Applicable,203,Cash,2,4.1,4.6
2024-07-15 21:45:00,CNR5238217678,Driver Not Found,CID830555,eBike,Electronic City,Banashankari,,,Not Applicable,Not Applicable,Not Applicable,Not Applicable,2272,Not Applicable,0,,
2024-07-01 00:51:00,CNR2526065089,Success,CID817886,Mini,Sahakar Nagar,Chickpet,182.0,65.0,Not Applicable,Not Applicable,No,Not Applicable,208,Cash,27,3.2,3.5
2024-07-23 23:58:00,CNR9371131088,Success,CID369490,eBike,Koramangala,Koramangala,84.0,105.0,Not Applicable,Not Applicable,No,Not Applicable,475,Cash,20,4.0,3.5
2024-07-04 04:07:00,CNR5507424317,Success,CID820483,eBike,KR Puram,Indiranagar,238.0,95.0,Not Applicable,Not Applicable,No,Not Applicable,370,Cash,6,4.9,4.6
2024-07-21 00:45:00,CNR8291189810,Success,CID593813,Auto,KR Puram,Chamarajpet,273.0,35.0,Not Applicable,Not Applicable,No,Not Applicable,381,Cash,14,4.9,3.3
2024-07-13 08:53:00,CNR6217372080,Success,CID909950,Prime Plus,Hebbal,Whitefield,98.0,105.0,Not Applicable,Not Applicable,No,Not Applicable,172,UPI,17,3.3,4.9
2024-07-28 17:25:00,CNR8029552255,Success,CID250255,Bike,Koramangala,Vijayanagar,91.0,25.0,Not Applicable,Not Applicable,No,Not Applicable,228,Cash,33,3.1,4.0
2024-07-15 11:13:00,CNR1694207753,Driver Not Found,CID357471,Prime SUV,Indiranagar,Magadi Road,,,Not Applicable,Not Applicable,Not Applicable,Not Applicable,902,Not Applicable,0,,
2024-07-27 03:22:00,CNR1692376554,Canceled by Customer,CID836716,eBike,Jayanagar,Malleshwaram,,,Driver is not moving towards pickup location,Not Applicable,Not Applicable,Not Applicable,468,Not Applicable,0,,
2024-07-01 08:22:00,CNR2577086460,Success,CID599374,Auto,Nagarbhavi,Shantinagar,252.0,110.0,Not Applicable,Not Applicable,No,Not Applicable,453,Cash,15,3.4,3.8
2024-07-01 14:04:00,CNR8787092154,Success,CID241410,Bike,Frazer Town,BTM Layout,105.0,100.0,Not Applicable,Not Applicable,No,Not Applicable,189,Cash,34,3.5,3.8
2024-07-03 02:55:00,CNR1017226445,Success,CID220762,Auto,RT Nagar,Ramamurthy Nagar,294.0,90.0,Not Applicable,Not Applicable,No,Not Applicable,323,Cash,10,4.4,3.9
2024-07-21 00:07:00,CNR9889789844,Canceled by Driver,CID983129,Auto,Electronic City,Ulsoor,,,Not Applicable,Customer related issue,Not Applicable,Not Applicable,181,Not Applicable,0,,
2024-07-14 23:04:00,CNR9754320159,Canceled by Customer,CID237894,Auto,Kengeri,BTM Layout,,,Driver is not moving towards pickup location,Not Applicable,Not Applicable,Not Applicable,1681,Not Applicable,0,,
2024-07-24 12:11:00,CNR4668068040,Success,CID715035,Prime SUV,Ramamurthy Nagar,Yeshwanthpur,273.0,40.0,Not Applicable,Not Applicable,No,Not Applicable,152,UPI,45,4.2,3.7
2024-07-18 01:00:00,CNR8220774032,Success,CID160755,eBike,Chickpet,Padmanabhanagar,49.0,90.0,Not Applicable,Not Applicable,No,Not Applicable,2002,Cash,28,4.7,3.9
2024-07-18 22:39:00,CNR9940013703,Success,CID661035,Auto,Hosur Road,Malleshwaram,175.0,80.0,Not Applicable,Not Applicable,No,Not Applicable,541,UPI,10,3.2,3.3
2024-07-04 17:51:00,CNR3253387797,Success,CID353843,Prime Sedan,Devanahalli,Ulsoor,42.0,50.0,Not Applicable,Not Applicable,No,Not Applicable,325,Cash,26,3.7,3.4
2024-07-09 06:54:00,CNR5840702062,Canceled by Driver,CID470646,Mini,Vijayanagar,Frazer Town,,,Not Applicable,Customer related issue,Not Applicable,Not Applicable,422,Not Applicable,0,,
2024-07-02 12:02:00,CNR7735426198,Success,CID575535,Auto,Banashankari,BTM Layout,42.0,40.0,Not Applicable,Not Applicable,No,Not Applicable,933,UPI,3,3.1,3.0
2024-07-19 03:54:00,CNR8668448190,Success,CID842102,Auto,Yeshwanthpur,Kadugodi,77.0,60.0,Not Applicable,Not Applicable,No,Not Applicable,389,UPI,1,3.6,3.4
2024-07-26 00:43:00,CNR4936391381,Success,CID455257,Auto,Peenya,Sahakar Nagar,210.0,45.0,Not Applicable,Not Applicable,No,Not Applicable,182,Cash,13,4.5,4.1
2024-07-07 17:16:00,CNR5985855328,Canceled by Driver,CID649022,Prime Plus,Yeshwanthpur,Ulsoor,,,Not Applicable,Personal & Car related issue,Not Applicable,Not Applicable,110,Not Applicable,0,,
2024-07-19 04:29:00,CNR1124244199,Canceled by Driver,CID193982,eBike,Peenya,Shantinagar,,,Not Applicable,Personal & Car related issue,Not Applicable,Not Applicable,666,Not Applicable,0,,
2024-07-25 11:23:00,CNR6686241900,Canceled by Customer,CID437039,Prime Plus,BTM Layout,KR Puram,,,Change of plans,Not Applicable,Not Applicable,Not Applicable,366,Not Applicable,0,,
2024-07-05 07:14:00,CNR2029861238,Success,CID502742,Mini,Mysore Road,Ulsoor,224.0,70.0,Not Applicable,Not Applicable,No,Not Applicable,133,UPI,12,4.8,3.8
2024-07-11 01:00:00,CNR6113467218,Success,CID757383,Prime Plus,Chickpet,Whitefield,49.0,65.0,Not Applicable,Not Applicable,No,Not Applicable,186,Credit Card,12,4.8,4.8
2024-07-23 16:32:00,CNR9447256619,Success,CID113120,Bike,Indiranagar,Banashankari,49.0,115.0,Not Applicable,Not Applicable,No,Not Applicable,981,Cash,35,4.0,4.3
2024-07-06 22:15:00,CNR6734052394,Canceled by Driver,CID750378,Prime Sedan,Nagarbhavi,Yelahanka,,,Not Applicable,Personal & Car related issue,Not Applicable,Not Applicable,725,Not Applicable,0,,
2024-07-05 16:34:00,CNR3072385351,Success,CID622091,Bike,Hulimavu,JP Nagar,259.0,95.0,Not Applicable,Not Applicable,No,Not Applicable,614,UPI,47,4.9,4.8
2024-07-29 06:14:00,CNR5229330557,Success,CID134302,eBike,Jayanagar,Sahakar Nagar,63.0,90.0,Not Applicable,Not Applicable,No,Not Applicable,788,Cash,46,4.1,4.4
2024-07-21 20:59:00,CNR1947421717,Canceled by Driver,CID743512,Mini,Kammanahalli,RT Nagar,,,Not Applicable,Personal & Car related issue,Not Applicable,Not Applicable,281,Not Applicable,0,,
2024-07-04 01:06:00,CNR9562071321,Success,CID285730,Bike,Basavanagudi,Richmond Town,70.0,95.0,Not Applicable,Not Applicable,No,Not Applicable,237,UPI,25,3.9,4.8
2024-07-26 10:56:00,CNR8560233050,Driver Not Found,CID556479,Prime Plus,Kammanahalli,Ramamurthy Nagar,,,Not Applicable,Not Applicable,Not Applicable,Not Applicable,793,Not Applicable,0,,
2024-07-16 14:12:00,CNR7015621299,Success,CID946238,Prime Sedan,Shivajinagar,Hennur,273.0,35.0,Not Applicable,Not Applicable,No,Not Applicable,538,Cash,34,3.3,4.5
2024-07-13 11:15:00,CNR3810637260,Success,CID829371,Prime SUV,JP Nagar,Kammanahalli,259.0,35.0,Not Applicable,Not Applicable,No,Not Applicable,180,Cash,37,3.0,3.4
2024-07-08 12:53:00,CNR9201979670,Canceled by Driver,CID622982,Prime Plus,Peenya,Padmanabhanagar,,,Not Applicable,More than permitted people in there,Not Applicable,Not Applicable,1744,Not Applicable,0,,
2024-07-01 23:41:00,CNR3268423717,Canceled by Driver,CID471200,Auto,Richmond Town,Kammanahalli,,,Not Applicable,More than permitted people in there,Not Applicable,Not Applicable,983,Not Applicable,0,,
2024-07-14 22:45:00,CNR6131275956,Canceled by Customer,CID329192,Prime Sedan,Bannerghatta Road,KR Puram,,,Driver is not moving towards pickup location,Not Applicable,Not Applicable,Not Applicable,233,Not Applicable,0,,
2024-07-11 16:06:00,CNR5150060557,Canceled by Customer,CID893200,Mini,Sarjapur Road,Electronic City,,,Driver asked to cancel,Not Applicable,Not Applicable,Not Applicable,226,Not Applicable,0,,
2024-07-01 00:49:00,CNR2600700501,Success,CID774285,Bike,Magadi Road,Cox Town,252.0,30.0,Not Applicable,Not Applicable,No,Not Applicable,2159,Cash,18,3.5,3.2
2024-07-16 18:33:00,CNR5473826099,Success,CID495350,Bike,Yeshwanthpur,Shivajinagar,49.0,95.0,Not Applicable,Not Applicable,No,Not Applicable,725,Cash,14,3.4,3.8
2024-07-10 09:22:00,CNR5981362727,Canceled by Driver,CID685028,Prime Plus,Padmanabhanagar,Koramangala,,,Not Applicable,Customer related issue,Not Applicable,Not Applicable,333,Not Applicable,0,,
2024-07-18 08:26:00,CNR7908527138,Canceled by Customer,CID178378,Prime Sedan,Padmanabhanagar,Indiranagar,,,AC is Not working,Not Applicable,Not Applicable,Not Applicable,2347,Not Applicable,0,,
2024-07-21 03:30:00,CNR9317517227,Success,CID200550,Prime Sedan,Hennur,RT Nagar,91.0,60.0,Not Applicable,Not Applicable,No,Not Applicable,423,UPI,25,4.6,3.9
2024-07-14 04:16:00,CNR6312958798,Success,CID454030,Prime Plus,RT Nagar,Padmanabhanagar,182.0,90.0,Not Applicable,Not Applicable,No,Not Applicable,440,UPI,12,3.6,3.1
2024-07-04 08:31:00,CNR4300282293,Success,CID186112,Prime Plus,MG Road,Banashankari,49.0,65.0,Not Applicable,Not Applicable,No,Not Applicable,343,Cash,36,4.1,4.6
2024-07-25 19:49:00,CNR1060221909,Success,CID596416,Bike,Magadi Road,Indiranagar,245.0,30.0,Not Applicable,Not Applicable,No,Not Applicable,217,Cash,26,3.6,3.2
2024-07-20 12:43:00,CNR6120815726,Canceled by Driver,CID988575,Prime Plus,Devanahalli,Hennur,,,Not Applicable,Customer related issue,Not Applicable,Not Applicable,351,Not Applicable,0,,
2024-07-20 12:35:00,CNR5334579770,Driver Not Found,CID387591,Prime Plus,Yeshwanthpur,Ramamurthy Nagar,,,Not Applicable,Not Applicable,Not Applicable,Not Applicable,329,Not Applicable,0,,
2024-07-29 20:31:00,CNR6992856054,Success,CID218076,Bike,Hennur,Hennur,98.0,25.0,Not Applicable,Not Applicable,No,Not Applicable,627,UPI,43,4.6,4.9
2024-07-06 05:43:00,CNR7686461529,Success,CID610784,Mini,Hulimavu,Peenya,196.0,135.0,Not Applicable,Not Applicable,No,Not Applicable,608,Cash,34,4.8,3.9
2024-07-02 23:43:00,CNR3348261678,Success,CID674238,Prime SUV,Hosur Road,Banashankari,63.0,75.0,Not Applicable,Not Applicable,No,Not Applicable,212,UPI,48,4.0,4.7
2024-07-05 16:56:00,CNR1623343607,Success,CID477959,Prime Plus,Kammanahalli,HSR Layout,35.0,55.0,Not Applicable,Not Applicable,No,Not Applicable,170,Cash,14,4.3,3.0
2024-07-23 20:35:00,CNR2988127577,Driver Not Found,CID484351,eBike,Indiranagar,Langford Town,,,Not Applicable,Not Applicable,Not Applicable,Not Applicable,206,Not Applicable,0,,
2024-07-10 11:20:00,CNR5480118683,Success,CID122983,Prime SUV,Yelahanka,Hennur,70.0,95.0,Not Applicable,Not Applicable,No,Not Applicable,317,Cash,49,4.9,4.8
2024-07-30 18:09:00,CNR7197977099,Success,CID517077,Prime SUV,Devanahalli,Jayanagar,161.0,70.0,Not Applicable,Not Applicable,No,Not Applicable,121,UPI,8,4.0,3.7
2024-07-16 02:35:00,CNR4188947461,Driver Not Found,CID600935,Prime SUV,Chamarajpet,KR Puram,,,Not Applicable,Not Applicable,Not Applicable,Not Applicable,132,Not Applicable,0,,
2024-07-05 12:17:00,CNR9071570636,Success,CID626208,Prime Plus,Majestic,Shantinagar,175.0,130.0,Not Applicable,Not Applicable,No,Not Applicable,311,Cash,33,3.9,4.4
2024-07-12 09:02:00,CNR7475791608,Success,CID927709,Auto,Magadi Road,Sahakar Nagar,154.0,115.0,Not Applicable,Not Applicable,Yes,Vehicle Breakdown,319,UPI,11,4.7,3.6
2024-07-25 20:27:00,CNR6830051973,Success,CID286713,Prime Plus,Koramangala,Malleshwaram,245.0,80.0,Not Applicable,Not Applicable,No,Not Applicable,417,Cash,14,4.2,3.4
2024-07-08 02:23:00,CNR7862020729,Canceled by Customer,CID849579,Bike,Marathahalli,Mysore Road,,,AC is Not working,Not Applicable,Not Applicable,Not Applicable,416,Not Applicable,0,,
2024-07-18 16:10:00,CNR6647807658,Canceled by Driver,CID556019,Prime SUV,Koramangala,Hennur,,,Not Applicable,Personal & Car related issue,Not Applicable,Not Applicable,544,Not Applicable,0,,
2024-07-12 06:43:00,CNR9225343176,Success,CID620907,Bike,Peenya,Mysore Road,266.0,30.0,Not Applicable,Not Applicable,No,Not Applicable,1546,Cash,1,3.4,3.7
2024-07-26 21:16:00,CNR5152278691,Success,CID305962,Auto,Banashankari,Yelahanka,42.0,90.0,Not Applicable,Not Applicable,No,Not Applicable,475,Cash,15,4.9,3.7
2024-07-08 03:53:00,CNR3384416164,Success,CID176528,Auto,BTM Layout,Devanahalli,252.0,75.0,Not Applicable,Not Applicable,No,Not Applicable,196,Cash,3,3.2,4.4
2024-07-08 15:15:00,CNR6411241013,Success,CID493453,Prime SUV,Majestic,Devanahalli,70.0,125.0,Not Applicable,Not Applicable,No,Not Applicable,1854,UPI,3,3.7,4.4
2024-07-12 20:55:00,CNR8899043875,Success,CID429398,Prime SUV,Richmond Town,Bannerghatta Road,84.0,140.0,Not Applicable,Not Applicable,No,Not Applicable,227,UPI,26,3.8,3.8
2024-07-10 11:29:00,CNR6748937807,Canceled by Customer,CID389098,Mini,Mysore Road,Nagarbhavi,,,Driver is not moving towards pickup location,Not Applicable,Not Applicable,Not Applicable,377,Not Applicable,0,,
2024-07-26 13:09:00,CNR6200228353,Success,CID607598,Prime SUV,Shivajinagar,Shantinagar,294.0,75.0,Not Applicable,Not Applicable,No,Not Applicable,122,Cash,19,4.9,4.5
2024-07-04 05:23:00,CNR4794320329,Success,CID890971,Prime SUV,Rajarajeshwari Nagar,Ramamurthy Nagar,196.0,45.0,Not Applicable,Not Applicable,No,Not Applicable,751,UPI,14,3.1,4.5
2024-07-03 00:39:00,CNR1535054742,Success,CID182092,Auto,Yelahanka,Cox Town,161.0,75.0,Not Applicable,Not Applicable,No,Not Applicable,2716,Cash,7,4.0,3.9
2024-07-17 07:32:00,CNR9889775415,Success,CID689145,Prime SUV,Varthur,Mysore Road,287.0,80.0,Not Applicable,Not Applicable,No,Not Applicable,282,UPI,24,4.2,3.5
2024-07-04 18:33:00,CNR1203798299,Success,CID493387,Prime SUV,Bellandur,Padmanabhanagar,98.0,50.0,Not Applicable,Not Applicable,No,Not Applicable,448,UPI,16,3.4,4.9
2024-07-11 03:11:00,CNR3611391153,Driver Not Found,CID476284,Bike,Sahakar Nagar,HSR Layout,,,Not Applicable,Not Applicable,Not Applicable,Not Applicable,790,Not Applicable,0,,
2024-07-27 11:18:00,CNR4107874429,Canceled by Driver,CID730959,Mini,Whitefield,JP Nagar,,,Not Applicable,Customer related issue,Not Applicable,Not Applicable,524,Not Applicable,0,,
2024-07-01 21:31:00,CNR9191009241,Success,CID799670,Mini,Hulimavu,Kadugodi,70.0,80.0,Not Applicable,Not Applicable,No,Not Applicable,459,UPI,8,3.0,4.6
2024-07-23 19:03:00,CNR3903369049,Success,CID631657,Prime Sedan,Banashankari,Marathahalli,112.0,85.0,Not Applicable,Not Applicable,No,Not Applicable,293,Cash,45,4.4,3.4
2024-07-13 12:35:00,CNR7446954103,Success,CID543325,Bike,Ramamurthy Nagar,RT Nagar,294.0,90.0,Not Applicable,Not Applicable,Yes,Customer Demand,192,Cash,21,4.4,3.2
2024-07-05 15:02:00,CNR4361014306,Driver Not Found,CID593869,Bike,Ramamurthy Nagar,Peenya,,,Not Applicable,Not Applicable,Not Applicable,Not Applicable,343,Not Applicable,0,,
2024-07-27 19:44:00,CNR5705703326,Canceled by Driver,CID555863,Prime Sedan,Peenya,KR Puram,,,Not Applicable,Personal & Car related issue,Not Applicable,Not Applicable,2153,Not Applicable,0,,
2024-07-25 04:44:00,CNR8896676531,Canceled by Driver,CID367693,Prime SUV,Nagarbhavi,Kadugodi,,,Not Applicable,More than permitted people in there,Not Applicable,Not Applicable,296,Not Applicable,0,,
2024-07-13 15:00:00,CNR1751598544,Canceled by Driver,CID574438,Prime SUV,BTM Layout,Majestic,,,Not Applicable,Customer was coughing/sick,Not Applicable,Not Applicable,2441,Not Applicable,0,,
2024-07-23 19:04:00,CNR6387450159,Driver Not Found,CID712493,eBike,Bannerghatta Road,Marathahalli,,,Not Applicable,Not Applicable,Not Applicable,Not Applicable,316,Not Applicable,0,,
2024-07-22 18:35:00,CNR9666042119,Success,CID497996,Prime SUV,Koramangala,Kammanahalli,182.0,100.0,Not Applicable,Not Applicable,No,Not Applicable,817,Cash,1,3.4,4.5
2024-07-06 05:16:00,CNR6713946796,Canceled by Driver,CID927658,Prime Plus,Peenya,Yeshwanthpur,,,Not Applicable,Personal & Car related issue,Not Applicable,Not Applicable,129,Not Applicable,0,,
2024-07-12 06:30:00,CNR7420927986,Success,CID594595,Prime SUV,Hennur,Marathahalli,56.0,60.0,Not Applicable,Not Applicable,No,Not Applicable,1056,Cash,44,4.8,3.7
2024-07-20 22:34:00,CNR8791828909,Success,CID636977,Prime Sedan,Mysore Road,Frazer Town,175.0,75.0,Not Applicable,Not Applicable,No,Not Applicable,814,Cash,25,4.5,3.3
2024-07-09 08:01:00,CNR2862829680,Success,CID341718,Mini,Kadugodi,Kengeri,203.0,45.0,Not Applicable,Not Applicable,No,Not Applicable,681,Cash,43,3.3,4.2
2024-07-06 09:35:00,CNR9298755660,Canceled by Customer,CID221687,Mini,Peenya,Koramangala,,,Driver is not moving towards pickup location,Not Applicable,Not Applicable,Not Applicable,131,Not Applicable,0,,
2024-07-20 02:16:00,CNR2641827668,Success,CID771866,Mini,Kadugodi,Kammanahalli,35.0,145.0,Not Applicable,Not Applicable,No,Not Applicable,358,Cash,42,4.2,3.3
2024-07-21 12:00:00,CNR5804686968,Success,CID688951,eBike,Hosur Road,Malleshwaram,287.0,145.0,Not Applicable,Not Applicable,No,Not Applicable,486,Cash,10,3.9,3.4
2024-07-03 21:33:00,CNR8834829416,Canceled by Customer,CID843508,Prime Plus,Majestic,Ulsoor,,,Driver is not moving towards pickup location,Not Applicable,Not Applicable,Not Applicable,259,Not Applicable,0,,
2024-07-02 14:35:00,CNR1712044509,Canceled by Customer,CID390252,eBike,HSR Layout,Rajarajeshwari Nagar,,,Change of plans,Not Applicable,Not Applicable,Not Applicable,461,Not Applicable,0,,
2024-07-23 09:02:00,CNR9593120945,Canceled by Driver,CID166862,Bike,Richmond Town,Kadugodi,,,Not Applicable,Customer was coughing/sick,Not Applicable,Not Applicable,480,Not Applicable,0,,
2024-07-09 15:01:00,CNR4710433139,Success,CID721634,Prime Plus,Koramangala,Bannerghatta Road,224.0,25.0,Not Applicable,Not Applicable,No,Not Applicable,332,UPI,47,4.7,4.1
2024-07-20 12:35:00,CNR7204694827,Success,CID363394,Prime SUV,Richmond Town,Ulsoor,231.0,135.0,Not Applicable,Not Applicable,No,Not Applicable,409,Cash,47,4.0,4.3
2024-07-06 23:37:00,CNR4302923479,Success,CID905602,eBike,RT Nagar,Tumkur Road,203.0,50.0,Not Applicable,Not Applicable,No,Not Applicable,916,Cash,17,4.5,4.9
2024-07-02 00:13:00,CNR6005467090,Success,CID429105,Bike,Hosur Road,Shantinagar,91.0,30.0,Not Applicable,Not Applicable,No,Not Applicable,276,UPI,1,3.6,4.3
2024-07-01 15:12:00,CNR8617238266,Success,CID360914,Prime SUV,Vijayanagar,Electronic City,238.0,70.0,Not Applicable,Not Applicable,No,Not Applicable,160,UPI,5,4.9,5.0
2024-07-19 22:18:00,CNR3137125809,Success,CID883247,Mini,Malleshwaram,Sarjapur Road,182.0,85.0,Not Applicable,Not Applicable,No,Not Applicable,243,Cash,7,4.6,4.6
2024-07-08 15:37:00,CNR8405806880,Driver Not Found,CID684778,Mini,Marathahalli,Devanahalli,,,Not Applicable,Not Applicable,Not Applicable,Not Applicable,1096,Not Applicable,0,,
2024-07-06 16:54:00,CNR3774037036,Success,CID611104,Prime Plus,Jayanagar,HSR Layout,133.0,120.0,Not Applicable,Not Applicable,No,Not Applicable,784,UPI,15,3.0,3.1
2024-07-01 05:09:00,CNR6437426462,Canceled by Driver,CID573627,Prime SUV,JP Nagar,Hennur,,,Not Applicable,Customer was coughing/sick,Not Applicable,Not Applicable,1355,Not Applicable,0,,
2024-07-18 11:00:00,CNR8898039388,Canceled by Driver,CID886644,Auto,Hulimavu,Kadugodi,,,Not Applicable,Personal & Car related issue,Not Applicable,Not Applicable,219,Not Applicable,0,,
2024-07-14 00:40:00,CNR6120668995,Success,CID646998,Prime SUV,Koramangala,Richmond Town,168.0,55.0,Not Applicable,Not Applicable,No,Not Applicable,487,Cash,9,4.3,3.9
2024-07-05 22:35:00,CNR4159173098,Success,CID556379,Prime SUV,Koramangala,Hebbal,119.0,50.0,Not Applicable,Not Applicable,No,Not Applicable,429,UPI,16,3.2,4.1
2024-07-08 22:49:00,CNR4472978361,Success,CID702248,Prime SUV,Richmond Town,Richmond Town,266.0,100.0,Not Applicable,Not Applicable,Yes,Other Issue,444,UPI,8,4.0,4.2
2024-07-11 12:14:00,CNR3764344345,Success,CID821943,Bike,Shantinagar,Koramangala,231.0,25.0,Not Applicable,Not Applicable,No,Not Applicable,208,UPI,34,4.4,4.1
2024-07-25 19:05:00,CNR2077270116,Canceled by Driver,CID870634,eBike,Padmanabhanagar,Tumkur Road,,,Not Applicable,Customer related issue,Not Applicable,Not Applicable,957,Not Applicable,0,,
2024-07-24 16:32:00,CNR2444723714,Canceled by Customer,CID985920,Bike,Marathahalli,Hennur,,,Driver is not moving towards pickup location,Not Applicable,Not Applicable,Not Applicable,109,Not Applicable,0,,
2024-07-02 21:52:00,CNR5663290495,Success,CID790686,Auto,Whitefield,Indiranagar,245.0,125.0,Not Applicable,Not Applicable,No,Not Applicable,379,UPI,15,4.2,4.9
2024-07-06 14:43:00,CNR7956416969,Canceled by Driver,CID976025,Prime Plus,Indiranagar,Rajajinagar,,,Not Applicable,More than permitted people in there,Not Applicable,Not Applicable,226,Not Applicable,0,,
2024-07-14 07:19:00,CNR5653270334,Canceled by Driver,CID347436,Prime SUV,Langford Town,Hosur Road,,,Not Applicable,Customer related issue,Not Applicable,Not Applicable,457,Not Applicable,0,,
2024-07-26 23:41:00,CNR1076185343,Success,CID288081,Prime SUV,Richmond Town,KR Puram,161.0,85.0,Not Applicable,Not Applicable,No,Not Applicable,783,Credit Card,44,4.1,3.8
2024-07-03 05:51:00,CNR8228558896,Success,CID968580,eBike,Frazer Town,Koramangala,203.0,30.0,Not Applicable,Not Applicable,No,Not Applicable,162,Cash,16,3.9,4.2
2024-07-20 12:28:00,CNR6201615537,Canceled by Driver,CID252739,Bike,Richmond Town,Frazer Town,,,Not Applicable,Customer related issue,Not Applicable,Not Applicable,316,Not Applicable,0,,
2024-07-11 13:32:00,CNR6684460413,Success,CID996742,Mini,Hebbal,Peenya,98.0,145.0,Not Applicable,Not Applicable,No,Not Applicable,650,Cash,33,3.3,4.1
2024-07-23 07:33:00,CNR1466425256,Success,CID247152,Mini,Rajajinagar,Varthur,259.0,90.0,Not Applicable,Not Applicable,No,Not Applicable,147,Cash,30,3.2,3.2
2024-07-25 16:34:00,CNR5587275086,Canceled by Driver,CID985930,Auto,Whitefield,Sahakar Nagar,,,Not Applicable,Customer related issue,Not Applicable,Not Applicable,730,Not Applicable,0,,
2024-07-17 10:57:00,CNR7862604029,Success,CID846920,Bike,Marathahalli,Bellandur,105.0,125.0,Not Applicable,Not Applicable,No,Not Applicable,433,Cash,47,3.2,3.4
2024-07-11 14:55:00,CNR3255344092,Success,CID897945,Auto,RT Nagar,Whitefield,182.0,25.0,Not Applicable,Not Applicable,No,Not Applicable,826,Cash,4,3.5,4.6
2024-07-15 10:46:00,CNR8151881661,Success,CID598480,Mini,Magadi Road,Chickpet,91.0,105.0,Not Applicable,Not Applicable,No,Not Applicable,2091,UPI,47,5.0,3.0
2024-07-28 10:58:00,CNR3917809434,Success,CID767894,Auto,Nagarbhavi,Kadugodi,259.0,75.0,Not Applicable,Not Applicable,No,Not Applicable,1624,Credit Card,17,5.0,4.0
2024-07-19 23:00:00,CNR2445203599,Success,CID150227,Prime SUV,Yeshwanthpur,Magadi Road,84.0,95.0,Not Applicable,Not Applicable,No,Not Applicable,886,Cash,7,4.0,3.8
2024-07-02 14:48:00,CNR4211911935,Canceled by Customer,CID106639,Auto,Tumkur Road,Ulsoor,,,Driver asked to cancel,Not Applicable,Not Applicable,Not Applicable,219,Not Applicable,0,,
2024-07-30 11:33:00,CNR4682444261,Success,CID564335,Prime Sedan,Sahakar Nagar,KR Puram,119.0,140.0,Not Applicable,Not Applicable,No,Not Applicable,835,Cash,37,3.3,3.6
2024-07-17 19:28:00,CNR5615634771,Success,CID274846,Prime Sedan,Rajarajeshwari Nagar,MG Road,287.0,60.0,Not Applicable,Not Applicable,No,Not Applicable,673,Cash,24,4.6,3.5
2024-07-02 12:00:00,CNR3406094902,Success,CID168188,Prime SUV,Langford Town,Banashankari,210.0,145.0,Not Applicable,Not Applicable,No,Not Applicable,252,UPI,36,4.0,4.8
2024-07-23 03:16:00,CNR1677533764,Success,CID167993,Mini,Sahakar Nagar,Yelahanka,98.0,65.0,Not Applicable,Not Applicable,No,Not Applicable,888,Cash,30,4.1,4.9
2024-07-12 11:55:00,CNR4186470695,Success,CID901723,Prime Plus,Richmond Town,Ulsoor,126.0,40.0,Not Applicable,Not Applicable,No,Not Applicable,917,UPI,11,3.6,4.5
2024-07-10 17:20:00,CNR5453297690,Success,CID289825,Bike,Majestic,Jayanagar,224.0,115.0,Not Applicable,Not Applicable,No,Not Applicable,186,Cash,43,4.2,3.3
2024-07-26 23:55:00,CNR4757039049,Driver Not Found,CID441782,Prime Sedan,Yeshwanthpur,Ulsoor,,,Not Applicable,Not Applicable,Not Applicable,Not Applicable,242,Not Applicable,0,,
2024-07-13 14:49:00,CNR7860578139,Success,CID941234,Auto,BTM Layout,HSR Layout,91.0,110.0,Not Applicable,Not Applicable,No,Not Applicable,260,UPI,16,4.4,3.2
2024-07-03 17:19:00,CNR8040688874,Driver Not Found,CID698164,Bike,Hennur,Hennur,,,Not Applicable,Not Applicable,Not Applicable,Not Applicable,105,Not Applicable,0,,
2024-07-30 14:04:00,CNR6009575016,Canceled by Customer,CID623971,Prime SUV,MG Road,Indiranagar,,,Wrong Address,Not Applicable,Not Applicable,Not Applicable,356,Not Applicable,0,,
2024-07-21 09:10:00,CNR5403486119,Canceled by Driver,CID487161,Mini,Sarjapur Road,Ramamurthy Nagar,,,Not Applicable,More than permitted people in there,Not Applicable,Not Applicable,1738,Not Applicable,0,,
2024-07-26 21:17:00,CNR1129408411,Success,CID310647,Bike,Hulimavu,Ramamurthy Nagar,175.0,130.0,Not Applicable,Not Applicable,No,Not Applicable,482,Cash,13,3.8,4.9
2024-07-21 19:42:00,CNR3491354911,Success,CID137394,Mini,Cox Town,RT Nagar,301.0,80.0,Not Applicable,Not Applicable,No,Not Applicable,1736,Cash,3,3.3,4.0
2024-07-29 00:54:00,CNR7644915412,Canceled by Driver,CID642968,Mini,HSR Layout,Hebbal,,,Not Applicable,Personal & Car related issue,Not Applicable,Not Applicable,175,Not Applicable,0,,
2024-07-09 18:11:00,CNR9376096242,Success,CID828468,Prime Plus,Kengeri,Indiranagar,280.0,95.0,Not Applicable,Not Applicable,No,Not Applicable,122,UPI,20,4.5,3.0
2024-07-21 05:19:00,CNR2457742633,Driver Not Found,CID479557,Bike,Bannerghatta Road,Yelahanka,,,Not Applicable,Not Applicable,Not Applicable,Not Applicable,888,Not Applicable,0,,
2024-07-30 21:36:00,CNR4333288457,Success,CID909165,Prime SUV,Peenya,Hulimavu,49.0,120.0,Not Applicable,Not Applicable,No,Not Applicable,379,Cash,44,3.2,3.1
2024-07-13 11:17:00,CNR7958033194,Canceled by Customer,CID472212,Auto,Koramangala,BTM Layout,,,AC is Not working,Not Applicable,Not Applicable,Not Applicable,403,Not Applicable,0,,
2024-07-29 05:37:00,CNR3787556435,Canceled by Driver,CID581536,eBike,Kengeri,HSR Layout,,,Not Applicable,Personal & Car related issue,Not Applicable,Not Applicable,320,Not Applicable,0,,
2024-07-19 22:14:00,CNR7402734248,Success,CID582134,Prime Plus,Devanahalli,Jayanagar,119.0,90.0,Not Applicable,Not Applicable,No,Not Applicable,352,Cash,29,3.1,3.2
2024-07-08 11:17:00,CNR4902291255,Canceled by Driver,CID645562,Mini,RT Nagar,Magadi Road,,,Not Applicable,Customer related issue,Not Applicable,Not Applicable,805,Not Applicable,0,,
2024-07-28 16:37:00,CNR6008512838,Success,CID776830,eBike,Shivajinagar,Mysore Road,308.0,120.0,Not Applicable,Not Applicable,No,Not Applicable,250,UPI,13,3.4,4.3
2024-07-30 22:06:00,CNR5916315645,Success,CID928124,Auto,Bannerghatta Road,Bellandur,112.0,130.0,Not Applicable,Not Applicable,No,Not Applicable,899,UPI,18,3.2,4.7
2024-07-03 13:47:00,CNR5141013246,Success,CID927116,Bike,Jayanagar,Cox Town,182.0,145.0,Not Applicable,Not Applicable,No,Not Applicable,240,UPI,12,4.7,4.1
2024-07-02 08:39:00,CNR4414578396,Success,CID362807,Bike,Ramamurthy Nagar,Majestic,196.0,135.0,Not Applicable,Not Applicable,No,Not Applicable,1888,UPI,32,4.4,4.3
2024-07-20 03:00:00,CNR8101743774,Success,CID948995,Prime Sedan,Devanahalli,Rajajinagar,63.0,115.0,Not Applicable,Not Applicable,Yes,Other Issue,153,Cash,29,3.1,3.8
2024-07-08 03:22:00,CNR5616744839,Success,CID838065,Mini,Hulimavu,Richmond Town,119.0,40.0,Not Applicable,Not Applicable,No,Not Applicable,414,Cash,20,4.1,4.0
2024-07-14 04:47:00,CNR2808829936,Success,CID129934,Prime SUV,Richmond Town,Varthur,217.0,130.0,Not Applicable,Not Applicable,No,Not Applicable,891,Cash,3,4.7,3.5
2024-07-11 03:30:00,CNR3428377240,Success,CID913274,Prime SUV,Chickpet,Chamarajpet,84.0,100.0,Not Applicable,Not Applicable,No,Not Applicable,410,UPI,19,3.4,3.7
2024-07-14 22:23:00,CNR9765624487,Driver Not Found,CID429244,Auto,Sahakar Nagar,Kammanahalli,,,Not Applicable,Not Applicable,Not Applicable,Not Applicable,2780,Not Applicable,0,,
2024-07-30 22:56:00,CNR5236066903,Canceled by Driver,CID313836,Bike,Marathahalli,Chamarajpet,,,Not Applicable,Customer was coughing/sick,Not Applicable,Not Applicable,401,Not Applicable,0,,
2024-07-01 04:25:00,CNR8452239006,Success,CID245041,Prime Sedan,Majestic,Electronic City,280.0,90.0,Not Applicable,Not Applicable,No,Not Applicable,356,Cash,48,4.4,3.3
2024-07-11 16:01:00,CNR7014851987,Success,CID895418,Prime Plus,RT Nagar,Sarjapur Road,70.0,130.0,Not Applicable,Not Applicable,No,Not Applicable,401,Cash,32,4.1,4.3
2024-07-26 17:41:00,CNR4325943202,Success,CID799910,Auto,Hebbal,Hosur Road,126.0,40.0,Not Applicable,Not Applicable,No,Not Applicable,2054,Cash,18,3.4,3.9
2024-07-09 02:46:00,CNR6852957802,Success,CID258484,eBike,Hennur,Shantinagar,119.0,95.0,Not Applicable,Not Applicable,No,Not Applicable,280,Cash,39,4.7,3.5
2024-07-18 02:07:00,CNR7685650268,Canceled by Driver,CID630046,Mini,JP Nagar,Cox Town,,,Not Applicable,Customer was coughing/sick,Not Applicable,Not Applicable,323,Not Applicable,0,,
2024-07-08 14:23:00,CNR4858366933,Success,CID903711,Prime Plus,Indiranagar,Bellandur,182.0,50.0,Not Applicable,Not Applicable,No,Not Applicable,603,UPI,42,4.1,4.0
2024-07-23 15:04:00,CNR3793974081,Success,CID875524,Prime Plus,Vijayanagar,Sarjapur Road,91.0,55.0,Not Applicable,Not Applicable,No,Not Applicable,2778,UPI,38,4.5,4.0
2024-07-24 15:42:00,CNR9543019815,Canceled by Customer,CID870430,Prime SUV,Cox Town,Mysore Road,,,Change of plans,Not Applicable,Not Applicable,Not Applicable,372,Not Applicable,0,,
2024-07-12 14:19:00,CNR3478791455,Success,CID913266,eBike,Basavanagudi,Frazer Town,273.0,145.0,Not Applicable,Not Applicable,No,Not Applicable,257,UPI,41,3.3,4.8
2024-07-13 23:14:00,CNR2559635252,Success,CID142888,Prime SUV,Whitefield,Chickpet,56.0,125.0,Not Applicable,Not Applicable,No,Not Applicable,443,Cash,38,4.9,4.5
2024-07-14 07:56:00,CNR9748826467,Success,CID581577,Mini,Sahakar Nagar,Malleshwaram,259.0,30.0,Not Applicable,Not Applicable,No,Not Applicable,840,Cash,23,4.1,4.0
2024-07-24 01:20:00,CNR4252839335,Success,CID326948,Mini,Sarjapur Road,Rajajinagar,196.0,130.0,Not Applicable,Not Applicable,No,Not Applicable,942,Cash,10,3.0,3.4
2024-07-04 13:24:00,CNR3960783388,Canceled by Driver,CID119602,Mini,Indiranagar,Bellandur,,,Not Applicable,Personal & Car related issue,Not Applicable,Not Applicable,242,Not Applicable,0,,
2024-07-19 04:09:00,CNR3841943680,Canceled by Driver,CID263616,Prime Plus,Electronic City,Richmond Town,,,Not Applicable,Customer was coughing/sick,Not Applicable,Not Applicable,545,Not Applicable,0,,
2024-07-08 21:52:00,CNR4685334645,Success,CID850203,Prime SUV,Vijayanagar,Kengeri,168.0,125.0,Not Applicable,Not Applicable,No,Not Applicable,282,Cash,37,4.5,4.3
2024-07-04 04:58:00,CNR2979973976,Success,CID365509,eBike,Magadi Road,Banashankari,133.0,125.0,Not Applicable,Not Applicable,No,Not Applicable,1238,Cash,30,3.4,3.7
2024-07-19 06:07:00,CNR8678118853,Success,CID462990,Auto,Majestic,JP Nagar,238.0,105.0,Not Applicable,Not Applicable,No,Not Applicable,359,UPI,14,3.3,4.6
2024-07-26 15:11:00,CNR8668070413,Canceled by Driver,CID136531,Mini,Sarjapur Road,Marathahalli,,,Not Applicable,More than permitted people in there,Not Applicable,Not Applicable,177,Not Applicable,0,,
2024-07-06 22:30:00,CNR5682180973,Canceled by Driver,CID183860,Bike,Electronic City,Bannerghatta Road,,,Not Applicable,Customer related issue,Not Applicable,Not Applicable,2787,Not Applicable,0,,
2024-07-08 02:38:00,CNR7824628858,Canceled by Customer,CID514677,Auto,Peenya,Bannerghatta Road,,,Driver is not moving towards pickup location,Not Applicable,Not Applicable,Not Applicable,149,Not Applicable,0,,
2024-07-21 00:09:00,CNR9608528380,Canceled by Driver,CID818677,Auto,Hebbal,Chickpet,,,Not Applicable,Customer related issue,Not Applicable,Not Applicable,851,Not Applicable,0,,
2024-07-21 00:16:00,CNR4820209708,Canceled by Customer,CID821137,Prime Sedan,Hosur Road,Kengeri,,,Driver is not moving towards pickup location,Not Applicable,Not Applicable,Not Applicable,351,Not Applicable,0,,
2024-07-25 01:33:00,CNR3257758961,Success,CID674679,Auto,Yelahanka,Ulsoor,112.0,45.0,Not Applicable,Not Applicable,No,Not Applicable,396,UPI,5,3.2,3.5
2024-07-16 13:28:00,CNR5777303918,Success,CID593264,Bike,Sahakar Nagar,Magadi Road,196.0,140.0,Not Applicable,Not Applicable,No,Not Applicable,218,UPI,47,4.5,3.4
2024-07-13 13:38:00,CNR1902986807,Canceled by Customer,CID984232,Prime Plus,BTM Layout,Langford Town,,,Wrong Address,Not Applicable,Not Applicable,Not Applicable,350,Not Applicable,0,,
2024-07-01 04:37:00,CNR6310374191,Success,CID386499,eBike,RT Nagar,Jayanagar,105.0,30.0,Not Applicable,Not Applicable,No,Not Applicable,300,Cash,17,4.0,3.9
2024-07-13 11:25:00,CNR6732209640,Success,CID322801,Prime Sedan,Vijayanagar,KR Puram,238.0,90.0,Not Applicable,Not Applicable,No,Not Applicable,162,Cash,4,3.9,3.8
2024-07-26 09:22:00,CNR2364211540,Success,CID448153,Auto,Bannerghatta Road,Yelahanka,273.0,115.0,Not Applicable,Not Applicable,No,Not Applicable,832,UPI,4,3.4,3.5
2024-07-10 04:20:00,CNR4023322469,Canceled by Driver,CID838796,Prime Sedan,KR Puram,Rajarajeshwari Nagar,,,Not Applicable,Customer related issue,Not Applicable,Not Applicable,790,Not Applicable,0,,
2024-07-04 22:40:00,CNR9384673026,Canceled by Customer,CID269622,eBike,Devanahalli,Hennur,,,Driver asked to cancel,Not Applicable,Not Applicable,Not Applicable,2511,Not Applicable,0,,
2024-07-03 04:24:00,CNR4546500879,Canceled by Driver,CID514996,Mini,Devanahalli,Chickpet,,,Not Applicable,Customer was coughing/sick,Not Applicable,Not Applicable,376,Not Applicable,0,,
2024-07-18 13:17:00,CNR8997671210,Success,CID118918,Prime Sedan,JP Nagar,Mysore Road,196.0,60.0,Not Applicable,Not Applicable,No,Not Applicable,1525,Cash,36,3.4,4.0
2024-07-26 10:10:00,CNR7854735842,Success,CID739370,eBike,Indiranagar,Sahakar Nagar,154.0,30.0,Not Applicable,Not Applicable,No,Not Applicable,391,Cash,5,4.7,4.0
2024-07-05 05:58:00,CNR8416775232,Success,CID191000,eBike,Hennur,Yeshwanthpur,231.0,105.0,Not Applicable,Not Applicable,No,Not Applicable,131,Cash,47,4.5,4.1
2024-07-18 12:30:00,CNR7088157209,Success,CID902282,Auto,Padmanabhanagar,Ramamurthy Nagar,308.0,95.0,Not Applicable,Not Applicable,No,Not Applicable,122,UPI,3,4.3,4.7
2024-07-28 15:13:00,CNR7580705500,Success,CID265189,Prime Plus,Hennur,Rajajinagar,175.0,70.0,Not Applicable,Not Applicable,No,Not Applicable,462,UPI,39,4.7,3.4
2024-07-14 09:41:00,CNR1491509281,Success,CID801698,Bike,Richmond Town,Devanahalli,196.0,135.0,Not Applicable,Not Applicable,No,Not Applicable,246,UPI,8,3.4,3.5
2024-07-16 01:09:00,CNR8339207555,Success,CID275602,Mini,Magadi Road,Majestic,70.0,110.0,Not Applicable,Not Applicable,Yes,Vehicle Breakdown,234,UPI,32,4.4,3.4
2024-07-21 17:41:00,CNR7900615570,Success,CID335431,Prime SUV,Vijayanagar,Langford Town,126.0,130.0,Not Applicable,Not Applicable,No,Not Applicable,334,Cash,11,3.9,4.8
2024-07-07 18:10:00,CNR9994833337,Canceled by Driver,CID525852,Prime SUV,JP Nagar,Tumkur Road,,,Not Applicable,Personal & Car related issue,Not Applicable,Not Applicable,216,Not Applicable,0,,
2024-07-24 21:54:00,CNR8271112836,Canceled by Customer,CID257406,Mini,Sarjapur Road,Devanahalli,,,Driver asked to cancel,Not Applicable,Not Applicable,Not Applicable,2658,Not Applicable,0,,
2024-07-12 19:24:00,CNR7357182489,Canceled by Driver,CID671120,Prime Sedan,Hosur Road,Rajarajeshwari Nagar,,,Not Applicable,Personal & Car related issue,Not Applicable,Not Applicable,195,Not Applicable,0,,
2024-07-05 14:02:00,CNR3337680941,Success,CID986854,eBike,Magadi Road,Kengeri,56.0,50.0,Not Applicable,Not Applicable,No,Not Applicable,989,Cash,28,3.6,3.6
2024-07-10 01:24:00,CNR7190960861,Success,CID915275,Bike,Richmond Town,Malleshwaram,238.0,85.0,Not Applicable,Not Applicable,No,Not Applicable,939,UPI,29,3.1,4.6
2024-07-13 18:46:00,CNR2353270755,Success,CID153931,Bike,Whitefield,Richmond Town,203.0,85.0,Not Applicable,Not Applicable,No,Not Applicable,626,UPI,14,4.9,4.2
2024-07-23 04:42:00,CNR2731724430,Canceled by Driver,CID217110,eBike,Hulimavu,Yeshwanthpur,,,Not Applicable,Customer was coughing/sick,Not Applicable,Not Applicable,169,Not Applicable,0,,
2024-07-04 00:49:00,CNR9669286195,Success,CID785769,Bike,MG Road,Yelahanka,49.0,55.0,Not Applicable,Not Applicable,No,Not Applicable,521,UPI,30,3.0,3.5
2024-07-17 18:13:00,CNR8995062086,Success,CID208776,Prime Plus,Nagarbhavi,Electronic City,294.0,105.0,Not Applicable,Not Applicable,No,Not Applicable,411,Credit Card,13,4.4,4.0
2024-07-08 18:53:00,CNR2817218249,Canceled by Driver,CID460269,Auto,Kammanahalli,Tumkur Road,,,Not Applicable,More than permitted people in there,Not Applicable,Not Applicable,120,Not Applicable,0,,
2024-07-06 21:20:00,CNR3498349302,Success,CID408121,Prime Plus,Padmanabhanagar,Marathahalli,42.0,50.0,Not Applicable,Not Applicable,No,Not Applicable,782,Cash,21,5.0,3.9
2024-07-17 18:03:00,CNR8302799363,Success,CID219213,Prime SUV,Mysore Road,Nagarbhavi,140.0,120.0,Not Applicable,Not Applicable,No,Not Applicable,456,UPI,21,4.3,4.6
2024-07-25 23:26:00,CNR9945034475,Success,CID943661,Bike,Electronic City,Hosur Road,287.0,90.0,Not Applicable,Not Applicable,No,Not Applicable,405,UPI,24,3.1,3.2
2024-07-23 09:59:00,CNR3491633782,Success,CID534489,Bike,Yelahanka,Marathahalli,84.0,35.0,Not Applicable,Not Applicable,No,Not Applicable,456,UPI,18,3.6,3.7
2024-07-10 06:55:00,CNR7547347576,Canceled by Customer,CID288877,eBike,Bellandur,Cox Town,,,Driver asked to cancel,Not Applicable,Not Applicable,Not Applicable,196,Not Applicable,0,,
2024-07-30 07:24:00,CNR5292664335,Success,CID465615,Prime Plus,Hulimavu,Langford Town,84.0,140.0,Not Applicable,Not Applicable,No,Not Applicable,114,UPI,6,3.4,4.0
2024-07-03 22:59:00,CNR3752485682,Canceled by Driver,CID425357,Auto,Tumkur Road,KR Puram,,,Not Applicable,More than permitted people in there,Not Applicable,Not Applicable,684,Not Applicable,0,,
2024-07-12 04:35:00,CNR6874115177,Success,CID340182,Mini,Rajarajeshwari Nagar,Nagarbhavi,196.0,110.0,Not Applicable,Not Applicable,No,Not Applicable,879,UPI,2,3.2,3.8
2024-07-08 10:51:00,CNR8214155146,Success,CID322181,Prime Plus,Kammanahalli,MG Road,259.0,105.0,Not Applicable,Not Applicable,No,Not Applicable,403,UPI,48,4.7,4.1
2024-07-19 09:21:00,CNR6144578924,Success,CID732219,Auto,Frazer Town,Banashankari,161.0,115.0,Not Applicable,Not Applicable,No,Not Applicable,462,Cash,14,4.2,4.4
2024-07-23 00:52:00,CNR2043079883,Driver Not Found,CID225903,eBike,Varthur,Banashankari,,,Not Applicable,Not Applicable,Not Applicable,Not Applicable,2020,Not Applicable,0,,
2024-07-30 10:43:00,CNR4769448024,Success,CID458526,eBike,Vijayanagar,Padmanabhanagar,119.0,75.0,Not Applicable,Not Applicable,No,Not Applicable,904,Cash,43,3.9,3.3
2024-07-17 11:10:00,CNR2252470740,Success,CID786452,eBike,Mysore Road,Koramangala,308.0,70.0,Not Applicable,Not Applicable,No,Not Applicable,233,UPI,16,3.7,3.5
2024-07-18 07:51:00,CNR2877311729,Success,CID913292,Auto,Frazer Town,HSR Layout,98.0,30.0,Not Applicable,Not Applicable,No,Not Applicable,319,UPI,13,3.1,4.2
2024-07-21 02:35:00,CNR5580632840,Success,CID813639,Prime Sedan,Devanahalli,Richmond Town,77.0,25.0,Not Applicable,Not Applicable,No,Not Applicable,122,Cash,2,3.7,4.5
2024-07-05 06:19:00,CNR8491190793,Success,CID304426,Prime Sedan,Whitefield,Padmanabhanagar,112.0,45.0,Not Applicable,Not Applicable,No,Not Applicable,344,UPI,34,3.7,3.6
2024-07-26 19:10:00,CNR1420005530,Canceled by Driver,CID314094,eBike,Frazer Town,RT Nagar,,,Not Applicable,Customer related issue,Not Applicable,Not Applicable,477,Not Applicable,0,,
2024-07-29 22:39:00,CNR9080076308,Success,CID550387,eBike,Sahakar Nagar,Banashankari,147.0,25.0,Not Applicable,Not Applicable,No,Not Applicable,125,UPI,39,3.2,4.8
2024-07-14 14:01:00,CNR3496695295,Success,CID634154,Prime Plus,Kadugodi,Mysore Road,140.0,115.0,Not Applicable,Not Applicable,No,Not Applicable,594,Cash,36,3.6,3.2
2024-07-06 02:50:00,CNR6802577797,Canceled by Driver,CID939373,Prime Plus,Nagarbhavi,MG Road,,,Not Applicable,Personal & Car related issue,Not Applicable,Not Applicable,1935,Not Applicable,0,,
2024-07-03 08:57:00,CNR7393263428,Canceled by Driver,CID369119,Prime Sedan,Rajajinagar,Whitefield,,,Not Applicable,Personal & Car related issue,Not Applicable,Not Applicable,318,Not Applicable,0,,
2024-07-24 06:13:00,CNR9593156818,Success,CID928792,Prime Plus,Devanahalli,Vijayanagar,252.0,75.0,Not Applicable,Not Applicable,No,Not Applicable,143,Cash,26,3.2,4.7
2024-07-11 04:01:00,CNR2501200363,Success,CID956050,eBike,HSR Layout,Hulimavu,147.0,125.0,Not Applicable,Not Applicable,No,Not Applicable,408,Credit Card,46,4.7,3.1
2024-07-26 17:45:00,CNR2047858889,Driver Not Found,CID254316,Bike,Cox Town,Varthur,,,Not Applicable,Not Applicable,Not Applicable,Not Applicable,132,Not Applicable,0,,
2024-07-23 04:03:00,CNR2082521679,Driver Not Found,CID538718,Prime Sedan,Padmanabhanagar,Malleshwaram,,,Not Applicable,Not Applicable,Not Applicable,Not Applicable,629,Not Applicable,0,,
2024-07-05 15:36:00,CNR3824821005,Success,CID116144,Prime Sedan,Rajajinagar,Frazer Town,91.0,105.0,Not Applicable,Not Applicable,Yes,Vehicle Breakdown,654,Cash,37,3.2,4.3
2024-07-24 11:27:00,CNR8895045699,Canceled by Customer,CID672623,eBike,Padmanabhanagar,Magadi Road,,,Driver asked to cancel,Not Applicable,Not Applicable,Not Applicable,463,Not Applicable,0,,
2024-07-13 20:54:00,CNR8781263415,Success,CID479257,Prime SUV,Hebbal,Bellandur,224.0,115.0,Not Applicable,Not Applicable,No,Not Applicable,216,UPI,10,4.4,3.0
2024-07-28 02:34:00,CNR8368923130,Canceled by Driver,CID258890,Bike,BTM Layout,Kammanahalli,,,Not Applicable,Customer related issue,Not Applicable,Not Applicable,264,Not Applicable,0,,
2024-07-12 18:22:00,CNR2730318389,Success,CID438676,Prime Sedan,Ulsoor,Tumkur Road,308.0,90.0,Not Applicable,Not Applicable,No,Not Applicable,356,UPI,26,4.6,4.2
2024-07-24 14:27:00,CNR4337354051,Canceled by Driver,CID744237,Auto,Kadugodi,RT Nagar,,,Not Applicable,More than permitted people in there,Not Applicable,Not Applicable,1739,Not Applicable,0,,
2024-07-17 13:30:00,CNR1527871812,Canceled by Driver,CID902770,eBike,Hulimavu,Hulimavu,,,Not Applicable,Customer related issue,Not Applicable,Not Applicable,231,Not Applicable,0,,
2024-07-19 08:25:00,CNR4303606995,Success,CID949640,Prime SUV,Bannerghatta Road,Vijayanagar,196.0,80.0,Not Applicable,Not Applicable,No,Not Applicable,459,UPI,29,3.4,3.4
2024-07-25 05:33:00,CNR1888381478,Success,CID202799,Auto,Ulsoor,Bannerghatta Road,35.0,90.0,Not Applicable,Not Applicable,No,Not Applicable,591,Cash,3,3.4,3.0
2024-07-19 12:11:00,CNR6893313609,Success,CID454256,Bike,Sarjapur Road,Frazer Town,105.0,90.0,Not Applicable,Not Applicable,No,Not Applicable,384,Cash,18,3.8,3.9
2024-07-21 03:31:00,CNR9428742202,Success,CID363690,Prime Plus,Shantinagar,Chamarajpet,161.0,25.0,Not Applicable,Not Applicable,No,Not Applicable,908,Cash,2,4.7,4.0
2024-07-28 15:49:00,CNR1587436721,Canceled by Driver,CID544287,eBike,Yelahanka,Kadugodi,,,Not Applicable,Personal & Car related issue,Not Applicable,Not Applicable,340,Not Applicable,0,,
2024-07-07 22:53:00,CNR4530798482,Success,CID615783,Auto,JP Nagar,Devanahalli,175.0,130.0,Not Applicable,Not Applicable,No,Not Applicable,262,Cash,11,3.6,3.1
2024-07-28 08:28:00,CNR9484242102,Success,CID888781,Prime Sedan,Indiranagar,Chickpet,154.0,130.0,Not Applicable,Not Applicable,No,Not Applicable,375,Cash,36,4.5,4.9
2024-07-06 00:00:00,CNR6831740930,Canceled by Driver,CID964183,Prime SUV,Shivajinagar,Peenya,,,Not Applicable,Customer was coughing/sick,Not Applicable,Not Applicable,355,Not Applicable,0,,
2024-07-19 06:41:00,CNR4192997297,Canceled by Customer,CID293834,Prime Plus,Ulsoor,Yeshwanthpur,,,AC is Not working,Not Applicable,Not Applicable,Not Applicable,390,Not Applicable,0,,
2024-07-18 16:33:00,CNR7052163610,Success,CID312784,Prime SUV,Kammanahalli,Hennur,175.0,140.0,Not Applicable,Not Applicable,No,Not Applicable,1845,Cash,9,3.3,3.5
2024-07-20 12:40:00,CNR9918419390,Canceled by Customer,CID916348,Auto,HSR Layout,Indiranagar,,,Driver asked to cancel,Not Applicable,Not Applicable,Not Applicable,121,Not Applicable,0,,
2024-07-24 16:39:00,CNR1510258155,Driver Not Found,CID116584,eBike,Rajarajeshwari Nagar,Kammanahalli,,,Not Applicable,Not Applicable,Not Applicable,Not Applicable,397,Not Applicable,0,,
2024-07-04 02:31:00,CNR7667905633,Success,CID681163,Bike,Shivajinagar,Kammanahalli,84.0,135.0,Not Applicable,Not Applicable,No,Not Applicable,166,Cash,31,3.8,5.0
2024-07-04 11:41:00,CNR7212825931,Success,CID506092,Prime SUV,Kammanahalli,Hosur Road,77.0,65.0,Not Applicable,Not Applicable,No,Not Applicable,2230,Cash,48,4.8,4.6
2024-07-21 04:18:00,CNR7837873636,Success,CID250017,eBike,Magadi Road,Chickpet,259.0,65.0,Not Applicable,Not Applicable,No,Not Applicable,2619,UPI,40,3.7,3.7
2024-07-07 03:43:00,CNR1785451384,Success,CID180760,Auto,Cox Town,Bannerghatta Road,266.0,65.0,Not Applicable,Not Applicable,No,Not Applicable,165,Cash,19,3.7,5.0
2024-07-20 11:55:00,CNR3364627470,Success,CID925968,eBike,Devanahalli,Magadi Road,133.0,40.0,Not Applicable,Not Applicable,No,Not Applicable,888,Cash,34,3.8,3.9
2024-07-28 06:14:00,CNR9761422376,Canceled by Driver,CID973276,Bike,Rajajinagar,Sahakar Nagar,,,Not Applicable,More than permitted people in there,Not Applicable,Not Applicable,815,Not Applicable,0,,
2024-07-30 05:29:00,CNR3791460029,Success,CID749023,Prime Plus,Chickpet,Peenya,140.0,125.0,Not Applicable,Not Applicable,No,Not Applicable,257,UPI,29,3.0,4.5
2024-07-04 21:08:00,CNR2998998240,Canceled by Customer,CID490618,Mini,Hosur Road,Hennur,,,Driver asked to cancel,Not Applicable,Not Applicable,Not Applicable,911,Not Applicable,0,,
2024-07-16 23:15:00,CNR7372270796,Success,CID579608,Auto,Majestic,Chamarajpet,245.0,120.0,Not Applicable,Not Applicable,No,Not Applicable,619,UPI,9,3.8,4.1
2024-07-25 14:33:00,CNR3558641313,Canceled by Driver,CID927447,Auto,Vijayanagar,Cox Town,,,Not Applicable,Personal & Car related issue,Not Applicable,Not Applicable,673,Not Applicable,0,,
2024-07-01 17:52:00,CNR4599862986,Success,CID956743,Prime Plus,Shantinagar,Chamarajpet,49.0,30.0,Not Applicable,Not Applicable,No,Not Applicable,372,Cash,25,3.6,3.2
2024-07-26 17:46:00,CNR3552493378,Success,CID668514,Mini,Chickpet,Basavanagudi,280.0,125.0,Not Applicable,Not Applicable,Yes,Vehicle Breakdown,316,UPI,46,4.7,4.8
2024-07-26 14:28:00,CNR4139240913,Success,CID332997,Prime SUV,Hulimavu,Magadi Road,210.0,60.0,Not Applicable,Not Applicable,No,Not Applicable,2683,UPI,1,4.8,4.2
2024-07-01 23:48:00,CNR4682638428,Success,CID884409,Prime Sedan,Electronic City,Cox Town,119.0,140.0,Not Applicable,Not Applicable,No,Not Applicable,902,Cash,16,4.2,3.8
2024-07-12 00:50:00,CNR7525391156,Success,CID739022,Mini,Sarjapur Road,Basavanagudi,196.0,115.0,Not Applicable,Not Applicable,No,Not Applicable,1715,Cash,46,3.7,4.1
2024-07-28 01:09:00,CNR3281436506,Canceled by Driver,CID214110,Mini,Vijayanagar,Malleshwaram,,,Not Applicable,Customer related issue,Not Applicable,Not Applicable,1238,Not Applicable,0,,
2024-07-18 00:55:00,CNR5612368848,Success,CID805594,Bike,Ulsoor,Devanahalli,63.0,90.0,Not Applicable,Not Applicable,No,Not Applicable,257,UPI,5,3.6,3.2
2024-07-09 05:00:00,CNR5414654646,Canceled by Customer,CID392576,eBike,Kadugodi,Jayanagar,,,Driver is not moving towards pickup location,Not Applicable,Not Applicable,Not Applicable,204,Not Applicable,0,,
2024-07-04 03:55:00,CNR3345616455,Canceled by Driver,CID242366,Mini,Langford Town,KR Puram,,,Not Applicable,Customer was coughing/sick,Not Applicable,Not Applicable,896,Not Applicable,0,,
2024-07-22 07:43:00,CNR1797546481,Canceled by Driver,CID517028,Prime Plus,Whitefield,Majestic,,,Not Applicable,Personal & Car related issue,Not Applicable,Not Applicable,228,Not Applicable,0,,
2024-07-06 07:16:00,CNR1640378413,Success,CID890618,eBike,Ulsoor,Hennur,287.0,145.0,Not Applicable,Not Applicable,No,Not Applicable,159,Cash,45,4.6,3.1
2024-07-18 00:05:00,CNR6936071517,Success,CID957087,Prime Sedan,Sahakar Nagar,Indiranagar,224.0,135.0,Not Applicable,Not Applicable,No,Not Applicable,128,UPI,14,4.6,3.0
2024-07-17 05:08:00,CNR4658324374,Success,CID320490,Bike,Basavanagudi,Kengeri,161.0,115.0,Not Applicable,Not Applicable,No,Not Applicable,476,UPI,38,4.0,4.0
2024-07-01 04:46:00,CNR1064426772,Canceled by Driver,CID176778,eBike,Richmond Town,BTM Layout,,,Not Applicable,Personal & Car related issue,Not Applicable,Not Applicable,491,Not Applicable,0,,
2024-07-12 02:13:00,CNR1562329638,Canceled by Customer,CID839922,Prime Sedan,Devanahalli,Indiranagar,,,Change of plans,Not Applicable,Not Applicable,Not Applicable,1716,Not Applicable,0,,
2024-07-10 00:26:00,CNR7215335333,Driver Not Found,CID363969,Prime Sedan,Yelahanka,JP Nagar,,,Not Applicable,Not Applicable,Not Applicable,Not Applicable,959,Not Applicable,0,,
2024-07-07 05:10:00,CNR3090315148,Canceled by Driver,CID999125,Prime SUV,Langford Town,Peenya,,,Not Applicable,Personal & Car related issue,Not Applicable,Not Applicable,367,Not Applicable,0,,
2024-07-18 06:39:00,CNR1628397057,Success,CID645484,Prime Sedan,Vijayanagar,Hulimavu,147.0,95.0,Not Applicable,Not Applicable,No,Not Applicable,410,UPI,25,3.1,4.9
2024-07-01 19:08:00,CNR4215991304,Canceled by Driver,CID733321,Prime Sedan,Langford Town,HSR Layout,,,Not Applicable,Personal & Car related issue,Not Applicable,Not Applicable,393,Not Applicable,0,,
2024-07-10 10:01:00,CNR6842697508,Success,CID704095,Bike,Mysore Road,Langford Town,119.0,130.0,Not Applicable,Not Applicable,No,Not Applicable,2440,UPI,35,4.8,4.6
2024-07-13 12:54:00,CNR4389900439,Canceled by Driver,CID398187,Bike,Cox Town,Banashankari,,,Not Applicable,Personal & Car related issue,Not Applicable,Not Applicable,446,Not Applicable,0,,
2024-07-02 19:38:00,CNR6131205979,Success,CID974304,Bike,Chickpet,Chickpet,112.0,145.0,Not Applicable,Not Applicable,No,Not Applicable,491,Cash,7,4.5,4.1
2024-07-10 15:08:00,CNR1704810390,Success,CID972886,eBike,Richmond Town,Jayanagar,133.0,95.0,Not Applicable,Not Applicable,No,Not Applicable,877,UPI,26,3.9,4.6
2024-07-02 20:29:00,CNR2528086656,Success,CID948151,Prime SUV,Varthur,Langford Town,287.0,65.0,Not Applicable,Not Applicable,No,Not Applicable,376,UPI,13,4.9,4.0
2024-07-09 07:04:00,CNR3245015236,Success,CID910044,Prime Sedan,Yelahanka,Basavanagudi,308.0,30.0,Not Applicable,Not Applicable,No,Not Applicable,451,Cash,39,4.6,3.2
2024-07-25 21:43:00,CNR1118089169,Success,CID319133,Bike,Padmanabhanagar,Jayanagar,126.0,105.0,Not Applicable,Not Applicable,No,Not Applicable,706,Cash,2,3.9,4.2
2024-07-06 13:29:00,CNR2873277152,Success,CID555582,Auto,Ramamurthy Nagar,Basavanagudi,217.0,65.0,Not Applicable,Not Applicable,No,Not Applicable,491,UPI,14,4.8,4.7
2024-07-27 21:16:00,CNR2178588249,Canceled by Customer,CID412192,Prime SUV,Magadi Road,Kengeri,,,Driver is not moving towards pickup location,Not Applicable,Not Applicable,Not Applicable,288,Not Applicable,0,,
2024-07-27 06:44:00,CNR5494365708,Success,CID464402,Prime Plus,Ramamurthy Nagar,Magadi Road,161.0,35.0,Not Applicable,Not Applicable,No,Not Applicable,1679,UPI,39,3.9,3.7
2024-07-18 23:18:00,CNR7433139658,Canceled by Customer,CID305950,Prime Sedan,Hebbal,Varthur,,,Driver asked to cancel,Not Applicable,Not Applicable,Not Applicable,439,Not Applicable,0,,
2024-07-11 21:07:00,CNR9077844227,Success,CID820127,Prime SUV,Ramamurthy Nagar,Peenya,252.0,105.0,Not Applicable,Not Applicable,No,Not Applicable,341,Cash,42,3.6,3.9
2024-07-10 16:11:00,CNR8632323327,Canceled by Driver,CID316085,Mini,Vijayanagar,Electronic City,,,Not Applicable,Customer related issue,Not Applicable,Not Applicable,204,Not Applicable,0,,
2024-07-29 00:32:00,CNR4019529808,Canceled by Customer,CID545352,Bike,Ramamurthy Nagar,Yeshwanthpur,,,Driver asked to cancel,Not Applicable,Not Applicable,Not Applicable,325,Not Applicable,0,,
2024-07-26 10:00:00,CNR2050611739,Success,CID956471,Prime Sedan,Basavanagudi,Mysore Road,273.0,90.0,Not Applicable,Not Applicable,No,Not Applicable,437,Credit Card,7,3.3,4.3
2024-07-24 01:51:00,CNR3330810084,Success,CID469087,Mini,Rajarajeshwari Nagar,Hennur,210.0,125.0,Not Applicable,Not Applicable,No,Not Applicable,274,UPI,14,4.6,4.0
2024-07-16 20:40:00,CNR3009977334,Success,CID747718,Prime Sedan,Nagarbhavi,BTM Layout,259.0,95.0,Not Applicable,Not Applicable,No,Not Applicable,307,Cash,8,4.6,4.9
2024-07-24 07:08:00,CNR8057640978,Success,CID739624,eBike,Yelahanka,Whitefield,140.0,80.0,Not Applicable,Not Applicable,No,Not Applicable,370,Cash,37,4.1,4.4
2024-07-08 02:33:00,CNR8664592988,Success,CID281324,Prime Sedan,Electronic City,Mysore Road,252.0,125.0,Not Applicable,Not Applicable,No,Not Applicable,127,Cash,10,3.7,3.8
2024-07-15 10:41:00,CNR3047327092,Success,CID846381,eBike,Malleshwaram,Yelahanka,42.0,25.0,Not Applicable,Not Applicable,No,Not Applicable,108,Credit Card,28,4.0,4.9
2024-07-08 14:37:00,CNR7178009259,Driver Not Found,CID319510,Prime Plus,Basavanagudi,Malleshwaram,,,Not Applicable,Not Applicable,Not Applicable,Not Applicable,471,Not Applicable,0,,
2024-07-17 00:01:00,CNR6084152281,Success,CID822051,Bike,Rajajinagar,Sarjapur Road,133.0,90.0,Not Applicable,Not Applicable,No,Not Applicable,349,UPI,40,4.7,4.4
2024-07-10 14:00:00,CNR9077216957,Success,CID831650,Prime SUV,Devanahalli,Yeshwanthpur,105.0,125.0,Not Applicable,Not Applicable,No,Not Applicable,174,UPI,19,3.5,4.5
2024-07-12 03:46:00,CNR8766094465,Driver Not Found,CID609100,Prime Sedan,Shantinagar,Rajarajeshwari Nagar,,,Not Applicable,Not Applicable,Not Applicable,Not Applicable,310,Not Applicable,0,,
2024-07-06 02:42:00,CNR8164237062,Success,CID244520,Bike,Kadugodi,Varthur,182.0,130.0,Not Applicable,Not Applicable,No,Not Applicable,220,Cash,30,4.8,4.0
2024-07-08 02:34:00,CNR9330851711,Success,CID244384,Mini,Basavanagudi,Chickpet,35.0,140.0,Not Applicable,Not Applicable,No,Not Applicable,2186,Cash,19,4.2,4.0
2024-07-16 00:46:00,CNR7565444939,Canceled by Driver,CID133753,Bike,Magadi Road,BTM Layout,,,Not Applicable,Customer related issue,Not Applicable,Not Applicable,398,Not Applicable,0,,
2024-07-22 04:25:00,CNR9063716917,Canceled by Driver,CID618216,Prime Sedan,Richmond Town,MG Road,,,Not Applicable,Customer related issue,Not Applicable,Not Applicable,467,Not Applicable,0,,
2024-07-22 18:20:00,CNR7865608913,Canceled by Customer,CID768987,Mini,Mysore Road,Padmanabhanagar,,,AC is Not working,Not Applicable,Not Applicable,Not Applicable,973,Not Applicable,0,,
2024-07-01 11:23:00,CNR7178913998,Success,CID188923,Bike,HSR Layout,Indiranagar,147.0,65.0,Not Applicable,Not Applicable,No,Not Applicable,145,Cash,8,3.2,4.5
2024-07-11 20:26:00,CNR7644217630,Success,CID207724,Mini,Marathahalli,Mysore Road,84.0,145.0,Not Applicable,Not Applicable,No,Not Applicable,1763,Cash,27,3.8,4.7
2024-07-19 21:04:00,CNR5906546840,Success,CID764844,eBike,Koramangala,Tumkur Road,217.0,30.0,Not Applicable,Not Applicable,No,Not Applicable,330,UPI,22,3.0,4.7
2024-07-17 13:57:00,CNR5159345999,Success,CID498801,eBike,JP Nagar,Hennur,231.0,125.0,Not Applicable,Not Applicable,No,Not Applicable,2679,UPI,6,3.4,4.5
2024-07-15 20:41:00,CNR4482776270,Success,CID398246,eBike,Hosur Road,Cox Town,266.0,55.0,Not Applicable,Not Applicable,No,Not Applicable,117,UPI,25,3.4,3.0
2024-07-07 11:01:00,CNR2445638464,Success,CID610667,eBike,Yeshwanthpur,Cox Town,126.0,110.0,Not Applicable,Not Applicable,No,Not Applicable,247,UPI,14,3.8,4.0
2024-07-08 15:53:00,CNR6358286363,Success,CID336198,Auto,Richmond Town,Langford Town,56.0,25.0,Not Applicable,Not Applicable,No,Not Applicable,388,UPI,7,4.2,3.1
2024-07-20 20:05:00,CNR4322867157,Success,CID427424,Bike,Kammanahalli,BTM Layout,112.0,60.0,Not Applicable,Not Applicable,No,Not Applicable,862,UPI,9,4.9,3.7
2024-07-25 14:23:00,CNR5942992403,Success,CID440225,Prime Sedan,RT Nagar,Mysore Road,42.0,25.0,Not Applicable,Not Applicable,No,Not Applicable,826,Cash,45,3.3,4.9
2024-07-02 06:47:00,CNR9737229076,Success,CID578618,Prime Sedan,Indiranagar,Richmond Town,126.0,70.0,Not Applicable,Not Applicable,No,Not Applicable,353,UPI,22,3.3,3.8
2024-07-28 05:11:00,CNR6298490332,Success,CID495599,Bike,Varthur,JP Nagar,273.0,70.0,Not Applicable,Not Applicable,No,Not Applicable,352,Cash,42,3.2,3.6
2024-07-07 17:35:00,CNR8365322980,Success,CID571599,Prime Plus,Hosur Road,RT Nagar,84.0,70.0,Not Applicable,Not Applicable,Yes,Customer Demand,299,UPI,7,4.1,3.8
2024-07-22 10:03:00,CNR2270605987,Driver Not Found,CID281225,Prime Plus,Bannerghatta Road,Mysore Road,,,Not Applicable,Not Applicable,Not Applicable,Not Applicable,110,Not Applicable,0,,
2024-07-05 22:24:00,CNR7356287389,Driver Not Found,CID248032,Auto,Malleshwaram,Majestic,,,Not Applicable,Not Applicable,Not Applicable,Not Applicable,279,Not Applicable,0,,
2024-07-02 01:41:00,CNR8208592805,Success,CID866925,Prime SUV,Richmond Town,Sahakar Nagar,231.0,45.0,Not Applicable,Not Applicable,No,Not Applicable,177,UPI,20,4.7,3.2
2024-07-05 07:16:00,CNR4382875323,Success,CID498388,Prime Plus,Padmanabhanagar,Malleshwaram,252.0,135.0,Not Applicable,Not Applicable,No,Not Applicable,347,UPI,9,4.3,3.9
2024-07-13 11:46:00,CNR5093305092,Success,CID522006,Prime Sedan,Mysore Road,Langford Town,77.0,60.0,Not Applicable,Not Applicable,No,Not Applicable,1398,Cash,37,3.6,3.2
2024-07-02 12:14:00,CNR5408441274,Success,CID721484,Prime Plus,Indiranagar,Malleshwaram,126.0,65.0,Not Applicable,Not Applicable,No,Not Applicable,117,Cash,28,3.8,4.2
2024-07-06 13:56:00,CNR3763687254,Success,CID381625,Mini,Basavanagudi,Frazer Town,280.0,55.0,Not Applicable,Not Applicable,No,Not Applicable,184,Debit Card,26,4.4,3.8
2024-07-07 08:55:00,CNR1210096725,Canceled by Driver,CID776059,Prime SUV,Electronic City,Marathahalli,,,Not Applicable,Customer related issue,Not Applicable,Not Applicable,239,Not Applicable,0,,
2024-07-27 23:06:00,CNR5375173563,Canceled by Driver,CID770748,Auto,Ramamurthy Nagar,Hosur Road,,,Not Applicable,Customer related issue,Not Applicable,Not Applicable,129,Not Applicable,0,,
2024-07-11 11:32:00,CNR4812216632,Success,CID463997,Auto,Shivajinagar,Electronic City,210.0,145.0,Not Applicable,Not Applicable,No,Not Applicable,384,Cash,16,3.7,4.8
2024-07-16 01:19:00,CNR5187317614,Success,CID819068,Mini,Kammanahalli,Sarjapur Road,112.0,70.0,Not Applicable,Not Applicable,Yes,Customer Demand,191,UPI,15,4.4,4.8
2024-07-18 05:37:00,CNR1831796425,Driver Not Found,CID723558,Prime SUV,Bellandur,Chickpet,,,Not Applicable,Not Applicable,Not Applicable,Not Applicable,102,Not Applicable,0,,
2024-07-06 13:59:00,CNR1399549626,Canceled by Driver,CID166793,eBike,KR Puram,BTM Layout,,,Not Applicable,More than permitted people in there,Not Applicable,Not Applicable,649,Not Applicable,0,,
2024-07-10 21:46:00,CNR7698170071,Success,CID962247,eBike,Indiranagar,Shantinagar,273.0,50.0,Not Applicable,Not Applicable,No,Not Applicable,545,Debit Card,35,3.1,3.2
2024-07-08 15:16:00,CNR7707561271,Success,CID142174,Mini,Sarjapur Road,Mysore Road,77.0,80.0,Not Applicable,Not Applicable,No,Not Applicable,357,Cash,39,3.0,3.0
2024-07-13 16:43:00,CNR8886890916,Success,CID319098,Bike,Malleshwaram,JP Nagar,140.0,100.0,Not Applicable,Not Applicable,No,Not Applicable,464,Credit Card,35,3.4,4.9
2024-07-13 15:18:00,CNR2897640333,Success,CID973357,Mini,Vijayanagar,BTM Layout,49.0,105.0,Not Applicable,Not Applicable,No,Not Applicable,576,Cash,3,4.3,3.5
2024-07-13 09:41:00,CNR2224889260,Success,CID863577,Prime SUV,Vijayanagar,MG Road,154.0,90.0,Not Applicable,Not Applicable,No,Not Applicable,272,UPI,46,4.6,3.4
2024-07-30 12:07:00,CNR1490999737,Driver Not Found,CID537979,Prime SUV,Yeshwanthpur,Electronic City,,,Not Applicable,Not Applicable,Not Applicable,Not Applicable,239,Not Applicable,0,,
2024-07-16 04:08:00,CNR7720278338,Success,CID282328,eBike,Indiranagar,Rajarajeshwari Nagar,49.0,40.0,Not Applicable,Not Applicable,No,Not Applicable,345,Cash,24,4.2,4.2
2024-07-26 12:16:00,CNR7526145159,Success,CID108827,Prime Plus,Bannerghatta Road,Koramangala,196.0,130.0,Not Applicable,Not Applicable,No,Not Applicable,479,UPI,43,3.4,4.0
2024-07-10 07:19:00,CNR3249751101,Canceled by Driver,CID871991,Mini,Padmanabhanagar,Jayanagar,,,Not Applicable,Customer was coughing/sick,Not Applicable,Not Applicable,273,Not Applicable,0,,
2024-07-08 21:43:00,CNR1553609759,Success,CID260138,eBike,Sarjapur Road,Hulimavu,266.0,90.0,Not Applicable,Not Applicable,No,Not Applicable,425,UPI,10,4.7,3.1
2024-07-30 03:01:00,CNR1387119798,Canceled by Driver,CID218037,Auto,KR Puram,Sarjapur Road,,,Not Applicable,Personal & Car related issue,Not Applicable,Not Applicable,246,Not Applicable,0,,
2024-07-15 00:54:00,CNR4011109752,Success,CID472243,Prime Sedan,Varthur,Rajajinagar,119.0,75.0,Not Applicable,Not Applicable,No,Not Applicable,479,Cash,36,3.2,4.8
2024-07-27 14:05:00,CNR9608539242,Success,CID837319,Mini,Whitefield,Jayanagar,119.0,110.0,Not Applicable,Not Applicable,No,Not Applicable,624,UPI,34,4.2,4.8
2024-07-02 18:41:00,CNR8286272116,Canceled by Customer,CID812710,Bike,Majestic,BTM Layout,,,Driver is not moving towards pickup location,Not Applicable,Not Applicable,Not Applicable,153,Not Applicable,0,,
2024-07-22 09:01:00,CNR4073252058,Success,CID460729,Prime Plus,Bellandur,Basavanagudi,126.0,95.0,Not Applicable,Not Applicable,No,Not Applicable,2140,UPI,15,4.5,4.2
2024-07-02 16:58:00,CNR8507370729,Driver Not Found,CID585407,Prime Plus,Whitefield,Hebbal,,,Not Applicable,Not Applicable,Not Applicable,Not Applicable,116,Not Applicable,0,,
2024-07-15 05:22:00,CNR8396460408,Canceled by Customer,CID312904,Auto,Ramamurthy Nagar,Rajarajeshwari Nagar,,,Change of plans,Not Applicable,Not Applicable,Not Applicable,493,Not Applicable,0,,
2024-07-21 13:31:00,CNR5336501537,Canceled by Driver,CID678483,Bike,Hulimavu,Rajajinagar,,,Not Applicable,Customer related issue,Not Applicable,Not Applicable,306,Not Applicable,0,,
2024-07-15 13:27:00,CNR4857422563,Success,CID857576,Prime Plus,Basavanagudi,Hebbal,154.0,130.0,Not Applicable,Not Applicable,No,Not Applicable,498,UPI,37,3.1,3.8
2024-07-22 08:42:00,CNR1870287756,Success,CID955045,Prime Plus,KR Puram,Magadi Road,175.0,140.0,Not Applicable,Not Applicable,No,Not Applicable,542,Cash,29,4.9,3.7
2024-07-15 13:18:00,CNR3630545902,Success,CID895188,eBike,Bannerghatta Road,MG Road,259.0,65.0,Not Applicable,Not Applicable,No,Not Applicable,270,Cash,44,4.1,4.8
2024-07-12 10:36:00,CNR1556274114,Success,CID342350,Prime Plus,Richmond Town,JP Nagar,147.0,70.0,Not Applicable,Not Applicable,No,Not Applicable,311,Cash,8,3.6,4.5
2024-07-05 09:22:00,CNR9525627842,Canceled by Customer,CID793234,Prime Sedan,Basavanagudi,Sahakar Nagar,,,Change of plans,Not Applicable,Not Applicable,Not Applicable,170,Not Applicable,0,,
2024-07-07 03:47:00,CNR5282070350,Success,CID313399,Mini,Kadugodi,Ramamurthy Nagar,70.0,35.0,Not Applicable,Not Applicable,No,Not Applicable,202,UPI,7,4.0,3.6
2024-07-16 12:44:00,CNR8204365218,Success,CID913569,Prime SUV,Ulsoor,RT Nagar,175.0,110.0,Not Applicable,Not Applicable,No,Not Applicable,297,Cash,6,3.6,4.2
2024-07-13 10:44:00,CNR9250065695,Driver Not Found,CID499304,Prime SUV,Langford Town,Majestic,,,Not Applicable,Not Applicable,Not Applicable,Not Applicable,195,Not Applicable,0,,
2024-07-12 02:59:00,CNR4410644530,Success,CID472580,eBike,Richmond Town,Rajajinagar,119.0,110.0,Not Applicable,Not Applicable,No,Not Applicable,734,UPI,6,4.0,4.7
2024-07-25 20:28:00,CNR4706501644,Success,CID736975,Prime SUV,JP Nagar,Yelahanka,259.0,45.0,Not Applicable,Not Applicable,No,Not Applicable,1162,Cash,10,4.1,4.6
2024-07-04 23:11:00,CNR4885454136,Canceled by Customer,CID421300,Prime Plus,Hebbal,Kengeri,,,Driver asked to cancel,Not Applicable,Not Applicable,Not Applicable,130,Not Applicable,0,,
2024-07-19 04:37:00,CNR3636678921,Success,CID132157,Prime SUV,Electronic City,Banashankari,154.0,50.0,Not Applicable,Not Applicable,Yes,Vehicle Breakdown,355,Cash,33,4.6,4.2
2024-07-03 01:39:00,CNR8746440053,Success,CID522100,Mini,Yelahanka,Indiranagar,154.0,120.0,Not Applicable,Not Applicable,No,Not Applicable,154,UPI,6,4.7,3.9
2024-07-27 14:55:00,CNR5343018766,Success,CID289046,Prime Sedan,Ulsoor,Jayanagar,119.0,115.0,Not Applicable,Not Applicable,No,Not Applicable,479,UPI,16,5.0,3.3
2024-07-11 07:23:00,CNR2359784530,Driver Not Found,CID811344,Prime SUV,Majestic,Frazer Town,,,Not Applicable,Not Applicable,Not Applicable,Not Applicable,474,Not Applicable,0,,
2024-07-07 19:18:00,CNR1677053459,Canceled by Customer,CID730783,Prime SUV,Frazer Town,Peenya,,,Driver is not moving towards pickup location,Not Applicable,Not Applicable,Not Applicable,224,Not Applicable,0,,
2024-07-01 01:25:00,CNR6986071993,Success,CID569227,eBike,Majestic,Peenya,308.0,120.0,Not Applicable,Not Applicable,No,Not Applicable,1081,UPI,38,3.4,4.7
2024-07-10 20:55:00,CNR4795566443,Canceled by Driver,CID375935,Prime Plus,Devanahalli,Rajarajeshwari Nagar,,,Not Applicable,Personal & Car related issue,Not Applicable,Not Applicable,167,Not Applicable,0,,
2024-07-03 14:50:00,CNR2597628066,Canceled by Customer,CID569639,Bike,Magadi Road,Kammanahalli,,,Driver is not moving towards pickup location,Not Applicable,Not Applicable,Not Applicable,290,Not Applicable,0,,
2024-07-15 15:41:00,CNR5918870801,Driver Not Found,CID773161,Auto,Hosur Road,Nagarbhavi,,,Not Applicable,Not Applicable,Not Applicable,Not Applicable,440,Not Applicable,0,,
2024-07-14 20:36:00,CNR2087797292,Success,CID204373,Mini,Marathahalli,Malleshwaram,294.0,80.0,Not Applicable,Not Applicable,No,Not Applicable,416,Credit Card,5,4.7,4.0
2024-07-11 09:11:00,CNR3320806791,Success,CID913911,Prime Sedan,Rajajinagar,Sarjapur Road,308.0,105.0,Not Applicable,Not Applicable,No,Not Applicable,889,Cash,8,3.1,4.1
2024-07-30 21:06:00,CNR5886069681,Success,CID539631,Auto,Tumkur Road,Nagarbhavi,126.0,65.0,Not Applicable,Not Applicable,No,Not Applicable,209,UPI,5,3.9,4.9
2024-07-24 14:40:00,CNR1639569388,Success,CID255675,Mini,Basavanagudi,Indiranagar,231.0,70.0,Not Applicable,Not Applicable,No,Not Applicable,278,UPI,49,4.2,4.2
2024-07-06 12:31:00,CNR4326809791,Canceled by Driver,CID439369,Prime SUV,Devanahalli,Bellandur,,,Not Applicable,Customer related issue,Not Applicable,Not Applicable,393,Not Applicable,0,,
2024-07-14 14:07:00,CNR6412144141,Success,CID273868,Prime Plus,Whitefield,Bannerghatta Road,301.0,80.0,Not Applicable,Not Applicable,No,Not Applicable,382,Cash,28,3.7,3.5
2024-07-10 11:27:00,CNR9951711344,Canceled by Driver,CID600777,Mini,Chamarajpet,RT Nagar,,,Not Applicable,Customer related issue,Not Applicable,Not Applicable,353,Not Applicable,0,,
2024-07-17 09:06:00,CNR2908313749,Canceled by Driver,CID289999,Prime Sedan,Koramangala,Indiranagar,,,Not Applicable,Customer was coughing/sick,Not Applicable,Not Applicable,101,Not Applicable,0,,
2024-07-19 08:51:00,CNR7110100789,Driver Not Found,CID400114,Auto,Richmond Town,Bannerghatta Road,,,Not Applicable,Not Applicable,Not Applicable,Not Applicable,447,Not Applicable,0,,
2024-07-17 20:09:00,CNR6838562145,Success,CID739864,Prime Sedan,Nagarbhavi,Peenya,245.0,35.0,Not Applicable,Not Applicable,No,Not Applicable,743,UPI,15,3.2,4.4
2024-07-22 00:49:00,CNR5594404493,Canceled by Customer,CID966544,Mini,Vijayanagar,Sarjapur Road,,,Change of plans,Not Applicable,Not Applicable,Not Applicable,318,Not Applicable,0,,
2024-07-08 12:33:00,CNR9383663240,Success,CID732277,Prime SUV,Hennur,RT Nagar,140.0,30.0,Not Applicable,Not Applicable,No,Not Applicable,251,Cash,9,4.3,3.1
2024-07-02 07:45:00,CNR3789463833,Canceled by Customer,CID719063,Bike,Kadugodi,Bellandur,,,Wrong Address,Not Applicable,Not Applicable,Not Applicable,611,Not Applicable,0,,
2024-07-09 10:09:00,CNR1348510682,Success,CID952665,Auto,Rajarajeshwari Nagar,Langford Town,308.0,95.0,Not Applicable,Not Applicable,No,Not Applicable,398,UPI,4,3.8,3.3
2024-07-02 21:19:00,CNR1820752877,Canceled by Driver,CID719785,Bike,Sahakar Nagar,Ulsoor,,,Not Applicable,More than permitted people in there,Not Applicable,Not Applicable,352,Not Applicable,0,,
2024-07-01 03:41:00,CNR4224821956,Success,CID648114,Bike,Kadugodi,KR Puram,217.0,110.0,Not Applicable,Not Applicable,No,Not Applicable,330,Cash,16,3.8,5.0
2024-07-27 22:04:00,CNR9400693044,Canceled by Customer,CID708329,Prime Sedan,Marathahalli,Devanahalli,,,Driver is not moving towards pickup location,Not Applicable,Not Applicable,Not Applicable,576,Not Applicable,0,,
2024-07-05 03:28:00,CNR6692559035,Success,CID776661,Mini,Sahakar Nagar,Devanahalli,133.0,105.0,Not Applicable,Not Applicable,No,Not Applicable,281,Cash,29,4.7,3.8
2024-07-11 07:06:00,CNR3406492632,Success,CID320642,Prime Sedan,Majestic,Banashankari,119.0,55.0,Not Applicable,Not Applicable,No,Not Applicable,996,Cash,43,3.3,3.1
2024-07-24 11:35:00,CNR9967865711,Success,CID509075,Prime Sedan,Shantinagar,Frazer Town,147.0,50.0,Not Applicable,Not Applicable,No,Not Applicable,900,Cash,19,3.8,4.5
2024-07-15 19:44:00,CNR8179650958,Success,CID236066,Prime SUV,Vijayanagar,Chamarajpet,273.0,40.0,Not Applicable,Not Applicable,No,Not Applicable,877,Cash,29,4.2,3.5
2024-07-11 03:49:00,CNR9792895370,Canceled by Driver,CID272928,Prime Plus,Malleshwaram,Sahakar Nagar,,,Not Applicable,Customer was coughing/sick,Not Applicable,Not Applicable,258,Not Applicable,0,,
2024-07-05 00:31:00,CNR7643261688,Canceled by Driver,CID441536,Prime SUV,Hennur,Ramamurthy Nagar,,,Not Applicable,More than permitted people in there,Not Applicable,Not Applicable,533,Not Applicable,0,,
2024-07-02 07:11:00,CNR1087399075,Success,CID265994,Mini,HSR Layout,Sarjapur Road,112.0,65.0,Not Applicable,Not Applicable,No,Not Applicable,162,UPI,43,3.3,3.9
2024-07-21 13:42:00,CNR2159704719,Canceled by Driver,CID876634,Mini,Hosur Road,Malleshwaram,,,Not Applicable,More than permitted people in there,Not Applicable,Not Applicable,2764,Not Applicable,0,,
2024-07-19 22:41:00,CNR5892425242,Canceled by Driver,CID803552,Prime Plus,Richmond Town,Ramamurthy Nagar,,,Not Applicable,Personal & Car related issue,Not Applicable,Not Applicable,208,Not Applicable,0,,
2024-07-02 01:06:00,CNR5127025929,Success,CID551944,eBike,Sarjapur Road,Cox Town,273.0,50.0,Not Applicable,Not Applicable,No,Not Applicable,366,UPI,33,4.3,4.1
2024-07-03 22:43:00,CNR3376448476,Success,CID572423,Auto,Whitefield,Indiranagar,84.0,40.0,Not Applicable,Not Applicable,No,Not Applicable,974,Cash,2,4.3,3.3
2024-07-06 00:06:00,CNR3373833266,Success,CID454907,Prime Sedan,HSR Layout,RT Nagar,119.0,85.0,Not Applicable,Not Applicable,No,Not Applicable,287,UPI,18,4.1,3.2
2024-07-22 08:36:00,CNR5023732016,Success,CID240959,Auto,Hosur Road,RT Nagar,196.0,40.0,Not Applicable,Not Applicable,No,Not Applicable,453,Cash,7,4.6,3.7
2024-07-11 00:49:00,CNR8402002950,Success,CID700621,Bike,Whitefield,Sahakar Nagar,301.0,110.0,Not Applicable,Not Applicable,No,Not Applicable,225,UPI,18,4.2,3.5
2024-07-11 07:41:00,CNR2303169697,Canceled by Driver,CID586260,Prime Sedan,Hulimavu,Devanahalli,,,Not Applicable,Customer related issue,Not Applicable,Not Applicable,272,Not Applicable,0,,
2024-07-14 13:32:00,CNR8100421589,Canceled by Driver,CID798386,Mini,Varthur,Yelahanka,,,Not Applicable,Customer related issue,Not Applicable,Not Applicable,157,Not Applicable,0,,
2024-07-15 14:40:00,CNR4554915179,Success,CID725758,Mini,BTM Layout,Hennur,273.0,45.0,Not Applicable,Not Applicable,No,Not Applicable,550,Cash,32,4.5,4.5
2024-07-01 16:27:00,CNR5044165171,Success,CID358633,Mini,Malleshwaram,Ulsoor,301.0,40.0,Not Applicable,Not Applicable,No,Not Applicable,162,Cash,11,3.4,3.2
2024-07-08 05:23:00,CNR4434829213,Success,CID939115,Auto,Bannerghatta Road,Jayanagar,189.0,85.0,Not Applicable,Not Applicable,No,Not Applicable,913,Cash,4,3.9,4.0
2024-07-19 12:42:00,CNR2833952417,Success,CID525271,Auto,Koramangala,BTM Layout,252.0,95.0,Not Applicable,Not Applicable,No,Not Applicable,341,Cash,9,4.7,3.6
2024-07-22 02:05:00,CNR3934523570,Success,CID299397,Mini,Hebbal,Langford Town,77.0,145.0,Not Applicable,Not Applicable,No,Not Applicable,174,UPI,7,4.3,4.4
2024-07-28 19:33:00,CNR7389655834,Success,CID484334,Prime Plus,Hosur Road,Malleshwaram,105.0,50.0,Not Applicable,Not Applicable,No,Not Applicable,483,UPI,7,4.4,3.5
2024-07-20 17:07:00,CNR1626414281,Canceled by Driver,CID741757,Mini,Rajajinagar,Padmanabhanagar,,,Not Applicable,Customer was coughing/sick,Not Applicable,Not Applicable,174,Not Applicable,0,,
2024-07-16 03:01:00,CNR5578583319,Canceled by Customer,CID136953,Prime Plus,Langford Town,MG Road,,,Driver is not moving towards pickup location,Not Applicable,Not Applicable,Not Applicable,109,Not Applicable,0,,
2024-07-13 10:56:00,CNR8084272554,Success,CID527792,eBike,Peenya,Hebbal,287.0,120.0,Not Applicable,Not Applicable,No,Not Applicable,493,Cash,6,3.2,3.1
2024-07-02 10:55:00,CNR1166125067,Canceled by Driver,CID205661,Bike,Jayanagar,Shantinagar,,,Not Applicable,Customer was coughing/sick,Not Applicable,Not Applicable,208,Not Applicable,0,,
2024-07-17 22:31:00,CNR5566613650,Canceled by Customer,CID746750,Prime Sedan,Basavanagudi,Tumkur Road,,,Wrong Address,Not Applicable,Not Applicable,Not Applicable,578,Not Applicable,0,,
2024-07-20 09:56:00,CNR3019087854,Success,CID700404,eBike,Ramamurthy Nagar,Mysore Road,273.0,145.0,Not Applicable,Not Applicable,No,Not Applicable,464,Cash,5,4.8,3.9
2024-07-05 22:12:00,CNR2946344389,Success,CID779283,Prime SUV,Mysore Road,Yeshwanthpur,308.0,40.0,Not Applicable,Not Applicable,No,Not Applicable,1434,Cash,26,4.0,3.4
2024-07-06 05:37:00,CNR4983445620,Success,CID528783,eBike,Ulsoor,Kengeri,49.0,60.0,Not Applicable,Not Applicable,No,Not Applicable,206,Cash,10,4.2,4.8
2024-07-05 18:31:00,CNR3862605441,Canceled by Customer,CID758250,Prime SUV,Magadi Road,Varthur,,,Change of plans,Not Applicable,Not Applicable,Not Applicable,149,Not Applicable,0,,
2024-07-06 15:25:00,CNR4421398206,Success,CID102215,eBike,Shantinagar,Padmanabhanagar,217.0,120.0,Not Applicable,Not Applicable,No,Not Applicable,368,UPI,41,4.5,4.8
2024-07-06 11:29:00,CNR9797807617,Canceled by Driver,CID528356,Prime Plus,Banashankari,RT Nagar,,,Not Applicable,Personal & Car related issue,Not Applicable,Not Applicable,181,Not Applicable,0,,
2024-07-12 07:40:00,CNR4202910909,Success,CID787451,eBike,Basavanagudi,Hebbal,259.0,120.0,Not Applicable,Not Applicable,No,Not Applicable,656,UPI,37,3.1,3.4
2024-07-02 15:11:00,CNR8924391196,Success,CID560261,eBike,Frazer Town,Magadi Road,301.0,65.0,Not Applicable,Not Applicable,No,Not Applicable,407,Cash,40,3.6,4.6
2024-07-27 10:57:00,CNR4800292674,Success,CID434448,Prime Plus,Mysore Road,Mysore Road,42.0,140.0,Not Applicable,Not Applicable,No,Not Applicable,1635,UPI,10,4.0,4.2
2024-07-13 18:20:00,CNR6746138575,Canceled by Customer,CID291555,Prime Sedan,Kadugodi,Indiranagar,,,Driver is not moving towards pickup location,Not Applicable,Not Applicable,Not Applicable,319,Not Applicable,0,,
2024-07-29 18:32:00,CNR9152645689,Success,CID647374,Auto,Chamarajpet,Mysore Road,119.0,60.0,Not Applicable,Not Applicable,No,Not Applicable,308,UPI,14,4.6,4.5
2024-07-28 10:30:00,CNR5570713028,Success,CID338875,Prime Sedan,Majestic,Basavanagudi,154.0,55.0,Not Applicable,Not Applicable,No,Not Applicable,1147,Cash,32,4.6,4.3
2024-07-14 01:17:00,CNR4780478100,Driver Not Found,CID846146,Prime Sedan,RT Nagar,Marathahalli,,,Not Applicable,Not Applicable,Not Applicable,Not Applicable,1706,Not Applicable,0,,
2024-07-27 10:49:00,CNR8078472896,Canceled by Driver,CID521226,eBike,Sarjapur Road,Majestic,,,Not Applicable,Personal & Car related issue,Not Applicable,Not Applicable,368,Not Applicable,0,,
2024-07-07 21:12:00,CNR2544958889,Success,CID833686,Prime Sedan,Jayanagar,Kammanahalli,210.0,105.0,Not Applicable,Not Applicable,No,Not Applicable,520,UPI,4,3.1,3.5
2024-07-15 12:20:00,CNR7031684975,Success,CID832588,eBike,Kammanahalli,Kengeri,140.0,25.0,Not Applicable,Not Applicable,No,Not Applicable,2251,UPI,45,4.2,3.7
2024-07-14 20:12:00,CNR5108014611,Success,CID360976,Auto,Tumkur Road,MG Road,287.0,25.0,Not Applicable,Not Applicable,No,Not Applicable,332,Cash,9,4.1,3.2
2024-07-15 02:28:00,CNR1311696752,Success,CID597905,Mini,Hennur,Yelahanka,42.0,35.0,Not Applicable,Not Applicable,No,Not Applicable,832,Cash,19,4.7,3.6
2024-07-08 19:06:00,CNR4664307457,Canceled by Driver,CID473352,Bike,Yelahanka,Peenya,,,Not Applicable,Customer related issue,Not Applicable,Not Applicable,389,Not Applicable,0,,
2024-07-01 06:35:00,CNR3943846113,Success,CID115866,Prime SUV,Indiranagar,Sarjapur Road,35.0,55.0,Not Applicable,Not Applicable,No,Not Applicable,580,UPI,16,4.7,3.8
2024-07-08 02:15:00,CNR9802040852,Success,CID254710,Prime Sedan,RT Nagar,Hebbal,133.0,145.0,Not Applicable,Not Applicable,No,Not Applicable,170,Cash,34,4.7,4.1
2024-07-12 14:33:00,CNR9524554266,Success,CID377182,Auto,RT Nagar,Basavanagudi,266.0,135.0,Not Applicable,Not Applicable,No,Not Applicable,398,Cash,8,4.3,4.6
2024-07-15 11:44:00,CNR7195873146,Success,CID965691,Auto,Chickpet,Devanahalli,56.0,115.0,Not Applicable,Not Applicable,No,Not Applicable,371,UPI,13,3.8,3.0
2024-07-12 07:19:00,CNR4288702584,Success,CID435565,Mini,Langford Town,Kadugodi,189.0,60.0,Not Applicable,Not Applicable,No,Not Applicable,324,Cash,5,4.1,3.3
2024-07-10 08:28:00,CNR5359160750,Success,CID949322,Mini,BTM Layout,Peenya,196.0,105.0,Not Applicable,Not Applicable,No,Not Applicable,1069,Cash,9,3.6,3.1
2024-07-16 21:13:00,CNR1755797124,Canceled by Customer,CID982762,eBike,Bellandur,Sarjapur Road,,,Driver is not moving towards pickup location,Not Applicable,Not Applicable,Not Applicable,227,Not Applicable,0,,
2024-07-06 05:08:00,CNR2172851532,Success,CID121834,Auto,Tumkur Road,Chamarajpet,245.0,100.0,Not Applicable,Not Applicable,No,Not Applicable,281,UPI,13,4.5,4.6
2024-07-07 11:46:00,CNR5461952662,Canceled by Driver,CID891362,Bike,Langford Town,Sarjapur Road,,,Not Applicable,Personal & Car related issue,Not Applicable,Not Applicable,542,Not Applicable,0,,
2024-07-07 07:56:00,CNR4436590618,Success,CID830678,Auto,Hosur Road,MG Road,161.0,85.0,Not Applicable,Not Applicable,No,Not Applicable,243,UPI,17,4.5,4.8
2024-07-01 10:05:00,CNR8765760398,Canceled by Driver,CID462231,Bike,JP Nagar,Nagarbhavi,,,Not Applicable,Personal & Car related issue,Not Applicable,Not Applicable,379,Not Applicable,0,,
2024-07-26 14:03:00,CNR1032617713,Canceled by Driver,CID510982,Prime Plus,Malleshwaram,Peenya,,,Not Applicable,More than permitted people in there,Not Applicable,Not Applicable,134,Not Applicable,0,,
2024-07-23 03:06:00,CNR2343025550,Driver Not Found,CID166058,Mini,Sahakar Nagar,Sarjapur Road,,,Not Applicable,Not Applicable,Not Applicable,Not Applicable,770,Not Applicable,0,,
2024-07-17 15:18:00,CNR1463475826,Success,CID319282,Bike,Whitefield,Majestic,252.0,100.0,Not Applicable,Not Applicable,No,Not Applicable,2345,UPI,9,3.5,3.4
2024-07-08 17:38:00,CNR1615872904,Canceled by Driver,CID123126,Prime SUV,Marathahalli,Tumkur Road,,,Not Applicable,Personal & Car related issue,Not Applicable,Not Applicable,166,Not Applicable,0,,
2024-07-24 00:08:00,CNR6646784384,Canceled by Driver,CID978266,Auto,Richmond Town,Hulimavu,,,Not Applicable,Customer related issue,Not Applicable,Not Applicable,315,Not Applicable,0,,
2024-07-12 08:19:00,CNR8122741543,Success,CID795107,Auto,Hosur Road,Rajarajeshwari Nagar,140.0,25.0,Not Applicable,Not Applicable,No,Not Applicable,567,Cash,2,3.1,3.9
2024-07-21 03:35:00,CNR5268923971,Canceled by Customer,CID749964,Auto,Kadugodi,JP Nagar,,,AC is Not working,Not Applicable,Not Applicable,Not Applicable,379,Not Applicable,0,,
2024-07-15 01:32:00,CNR6494767225,Success,CID637373,Mini,Hulimavu,MG Road,308.0,95.0,Not Applicable,Not Applicable,No,Not Applicable,166,Cash,43,4.0,3.9
2024-07-09 08:42:00,CNR1522467478,Success,CID253762,Prime Sedan,Rajajinagar,Sahakar Nagar,238.0,145.0,Not Applicable,Not Applicable,Yes,Vehicle Breakdown,250,UPI,44,4.6,3.2
2024-07-22 03:21:00,CNR2681124130,Success,CID655092,Prime Plus,Bellandur,Basavanagudi,203.0,125.0,Not Applicable,Not Applicable,No,Not Applicable,841,UPI,12,4.6,3.2
2024-07-21 16:06:00,CNR7101737879,Success,CID534041,Prime Plus,Chamarajpet,Marathahalli,77.0,105.0,Not Applicable,Not Applicable,Yes,Vehicle Breakdown,459,Cash,16,4.3,4.9
2024-07-19 02:53:00,CNR4357491171,Canceled by Driver,CID523246,Prime SUV,Hosur Road,Hennur,,,Not Applicable,Customer was coughing/sick,Not Applicable,Not Applicable,404,Not Applicable,0,,
2024-07-12 10:17:00,CNR9967147957,Driver Not Found,CID921550,Prime Sedan,Whitefield,Magadi Road,,,Not Applicable,Not Applicable,Not Applicable,Not Applicable,132,Not Applicable,0,,
2024-07-29 04:05:00,CNR1704873496,Canceled by Driver,CID249705,Bike,Bellandur,Rajarajeshwari Nagar,,,Not Applicable,Customer related issue,Not Applicable,Not Applicable,157,Not Applicable,0,,
2024-07-13 17:25:00,CNR5693018074,Success,CID765829,Prime SUV,RT Nagar,Peenya,161.0,40.0,Not Applicable,Not Applicable,No,Not Applicable,225,UPI,27,3.7,4.7
2024-07-05 00:19:00,CNR8927604710,Success,CID888706,Prime Plus,Marathahalli,Magadi Road,175.0,80.0,Not Applicable,Not Applicable,No,Not Applicable,289,UPI,7,3.7,3.1
2024-07-30 03:55:00,CNR4862656281,Success,CID819312,Prime Plus,Richmond Town,Shivajinagar,266.0,80.0,Not Applicable,Not Applicable,No,Not Applicable,426,Cash,27,3.9,3.5
2024-07-05 10:45:00,CNR4505189817,Success,CID187900,Mini,Kadugodi,MG Road,308.0,50.0,Not Applicable,Not Applicable,No,Not Applicable,1936,Credit Card,7,4.7,4.3
2024-07-14 08:15:00,CNR3850524477,Success,CID336634,eBike,Magadi Road,Padmanabhanagar,84.0,30.0,Not Applicable,Not Applicable,No,Not Applicable,264,UPI,4,4.4,3.6
2024-07-12 21:51:00,CNR5059867107,Success,CID623180,Prime Plus,Richmond Town,Cox Town,98.0,35.0,Not Applicable,Not Applicable,No,Not Applicable,333,Cash,27,3.3,3.7
2024-07-30 00:48:00,CNR9124886015,Driver Not Found,CID683468,Prime Plus,Indiranagar,Majestic,,,Not Applicable,Not Applicable,Not Applicable,Not Applicable,359,Not Applicable,0,,
2024-07-06 03:20:00,CNR2501749692,Driver Not Found,CID388110,Prime SUV,Electronic City,Chamarajpet,,,Not Applicable,Not Applicable,Not Applicable,Not Applicable,299,Not Applicable,0,,
2024-07-20 01:08:00,CNR2974602210,Success,CID534395,Mini,JP Nagar,Shivajinagar,119.0,100.0,Not Applicable,Not Applicable,No,Not Applicable,182,Cash,36,4.2,3.9
2024-07-15 04:36:00,CNR7816808485,Success,CID847747,Mini,Malleshwaram,Magadi Road,287.0,145.0,Not Applicable,Not Applicable,No,Not Applicable,808,Cash,13,3.0,3.0
2024-07-18 05:28:00,CNR9166239015,Success,CID443830,Auto,Frazer Town,Ramamurthy Nagar,287.0,145.0,Not Applicable,Not Applicable,No,Not Applicable,2272,UPI,18,4.0,4.9
2024-07-30 03:26:00,CNR6727745411,Success,CID338391,Bike,Yelahanka,Devanahalli,56.0,70.0,Not Applicable,Not Applicable,No,Not Applicable,715,UPI,12,4.9,3.9
2024-07-28 01:04:00,CNR4841463971,Success,CID450357,Prime SUV,Whitefield,Kammanahalli,231.0,135.0,Not Applicable,Not Applicable,No,Not Applicable,154,UPI,20,4.4,3.5
2024-07-15 10:17:00,CNR5154911229,Success,CID925892,Mini,Hulimavu,Bellandur,161.0,80.0,Not Applicable,Not Applicable,No,Not Applicable,429,Cash,43,3.7,3.0
2024-07-05 06:01:00,CNR9080562790,Success,CID683229,Prime Plus,Magadi Road,Chamarajpet,210.0,40.0,Not Applicable,Not Applicable,No,Not Applicable,538,UPI,1,3.4,4.3
2024-07-18 04:13:00,CNR1957337095,Canceled by Driver,CID646682,Prime Sedan,Kammanahalli,Majestic,,,Not Applicable,More than permitted people in there,Not Applicable,Not Applicable,451,Not Applicable,0,,
2024-07-28 06:18:00,CNR6469413882,Success,CID410740,Prime Plus,Hebbal,HSR Layout,203.0,140.0,Not Applicable,Not Applicable,No,Not Applicable,786,UPI,36,3.9,3.4
2024-07-12 22:57:00,CNR7826916227,Success,CID134846,Auto,BTM Layout,Chamarajpet,301.0,145.0,Not Applicable,Not Applicable,No,Not Applicable,398,Cash,12,4.6,4.6
2024-07-07 06:27:00,CNR2227849060,Success,CID595880,Prime Sedan,Peenya,Kengeri,42.0,110.0,Not Applicable,Not Applicable,No,Not Applicable,2830,Cash,38,3.4,3.4
2024-07-28 14:30:00,CNR9958882732,Canceled by Customer,CID366425,Prime Plus,JP Nagar,Langford Town,,,Driver asked to cancel,Not Applicable,Not Applicable,Not Applicable,418,Not Applicable,0,,
2024-07-06 10:43:00,CNR1677611391,Canceled by Customer,CID406718,Prime Sedan,Shivajinagar,Langford Town,,,Change of plans,Not Applicable,Not Applicable,Not Applicable,788,Not Applicable,0,,
2024-07-17 01:25:00,CNR3603570468,Success,CID131761,Bike,Whitefield,Chamarajpet,196.0,90.0,Not Applicable,Not Applicable,No,Not Applicable,202,UPI,39,4.4,5.0
2024-07-23 10:45:00,CNR5544220841,Canceled by Driver,CID532889,Mini,Devanahalli,Electronic City,,,Not Applicable,Customer related issue,Not Applicable,Not Applicable,493,Not Applicable,0,,
2024-07-29 23:01:00,CNR8292000800,Success,CID137681,Prime Sedan,Indiranagar,Frazer Town,84.0,110.0,Not Applicable,Not Applicable,No,Not Applicable,455,UPI,47,4.1,4.6
2024-07-12 23:49:00,CNR2043951164,Success,CID672318,Mini,KR Puram,JP Nagar,196.0,135.0,Not Applicable,Not Applicable,No,Not Applicable,424,UPI,31,3.9,4.1
2024-07-23 16:32:00,CNR2908712473,Driver Not Found,CID161531,Prime Plus,Cox Town,Ramamurthy Nagar,,,Not Applicable,Not Applicable,Not Applicable,Not Applicable,335,Not Applicable,0,,
2024-07-25 19:37:00,CNR2691134531,Success,CID579501,Bike,Yeshwanthpur,Majestic,77.0,120.0,Not Applicable,Not Applicable,No,Not Applicable,367,UPI,8,3.4,4.2
2024-07-03 08:35:00,CNR5935110396,Success,CID882231,eBike,Chickpet,BTM Layout,49.0,120.0,Not Applicable,Not Applicable,No,Not Applicable,992,Cash,1,3.4,3.7
2024-07-11 02:28:00,CNR8908316355,Driver Not Found,CID121872,Mini,BTM Layout,Sarjapur Road,,,Not Applicable,Not Applicable,Not Applicable,Not Applicable,125,Not Applicable,0,,
2024-07-14 15:30:00,CNR8371811126,Success,CID938551,Mini,Yelahanka,Magadi Road,273.0,85.0,Not Applicable,Not Applicable,No,Not Applicable,130,UPI,45,3.2,3.4
2024-07-12 18:22:00,CNR9637610682,Success,CID491236,eBike,Sarjapur Road,Yeshwanthpur,49.0,75.0,Not Applicable,Not Applicable,No,Not Applicable,379,Credit Card,30,3.3,3.8
2024-07-26 22:50:00,CNR4927844531,Success,CID603374,Prime Plus,Richmond Town,BTM Layout,273.0,55.0,Not Applicable,Not Applicable,No,Not Applicable,138,Credit Card,43,4.1,3.2
2024-07-10 03:13:00,CNR6393141757,Success,CID942366,Prime Sedan,Marathahalli,Whitefield,196.0,140.0,Not Applicable,Not Applicable,No,Not Applicable,870,UPI,43,3.7,3.5
2024-07-05 03:39:00,CNR6923794339,Canceled by Driver,CID213324,Mini,Kadugodi,Vijayanagar,,,Not Applicable,Customer related issue,Not Applicable,Not Applicable,127,Not Applicable,0,,
2024-07-18 03:08:00,CNR6686035008,Success,CID938453,eBike,Kengeri,Majestic,133.0,100.0,Not Applicable,Not Applicable,No,Not Applicable,358,UPI,18,3.0,4.6
2024-07-20 13:49:00,CNR6720761149,Success,CID559352,Prime SUV,Hebbal,Chamarajpet,105.0,45.0,Not Applicable,Not Applicable,No,Not Applicable,1095,Cash,26,4.0,4.4
2024-07-26 19:29:00,CNR8224353980,Success,CID386328,Bike,Hennur,Mysore Road,147.0,100.0,Not Applicable,Not Applicable,Yes,Other Issue,2954,UPI,25,4.6,4.9
2024-07-22 10:49:00,CNR6219008424,Success,CID568535,Auto,Hulimavu,MG Road,147.0,95.0,Not Applicable,Not Applicable,No,Not Applicable,681,Cash,15,4.7,3.4
2024-07-19 10:26:00,CNR9463013015,Success,CID933571,Bike,Yeshwanthpur,MG Road,161.0,40.0,Not Applicable,Not Applicable,No,Not Applicable,346,UPI,31,4.9,4.8
2024-07-29 16:04:00,CNR6434243956,Success,CID412948,Prime Sedan,Vijayanagar,Frazer Town,266.0,65.0,Not Applicable,Not Applicable,No,Not Applicable,816,Cash,39,5.0,3.3
2024-07-21 19:34:00,CNR6737186599,Success,CID457407,Bike,Bannerghatta Road,BTM Layout,182.0,70.0,Not Applicable,Not Applicable,No,Not Applicable,321,Cash,3,3.8,3.3
2024-07-14 16:46:00,CNR4113239767,Success,CID310742,Bike,Devanahalli,Varthur,294.0,80.0,Not Applicable,Not Applicable,No,Not Applicable,305,Cash,25,4.4,4.7
2024-07-27 17:11:00,CNR6977592045,Success,CID596425,Prime SUV,Hosur Road,BTM Layout,42.0,30.0,Not Applicable,Not Applicable,No,Not Applicable,100,UPI,21,3.5,4.9
2024-07-01 22:43:00,CNR1173718893,Canceled by Driver,CID148881,Mini,Frazer Town,Nagarbhavi,,,Not Applicable,Customer related issue,Not Applicable,Not Applicable,479,Not Applicable,0,,
2024-07-15 09:12:00,CNR4216621061,Success,CID842749,Bike,MG Road,Banashankari,252.0,100.0,Not Applicable,Not Applicable,No,Not Applicable,344,UPI,7,3.9,4.7
2024-07-14 14:47:00,CNR1560651703,Success,CID815888,eBike,Varthur,Frazer Town,84.0,45.0,Not Applicable,Not Applicable,No,Not Applicable,611,UPI,25,5.0,4.1
2024-07-23 08:38:00,CNR8221776590,Canceled by Customer,CID973855,Prime SUV,Rajajinagar,Sahakar Nagar,,,Driver is not moving towards pickup location,Not Applicable,Not Applicable,Not Applicable,123,Not Applicable,0,,
2024-07-27 05:08:00,CNR1579153807,Canceled by Driver,CID985274,Prime Sedan,Hulimavu,Malleshwaram,,,Not Applicable,Customer related issue,Not Applicable,Not Applicable,433,Not Applicable,0,,
2024-07-24 01:40:00,CNR4432969667,Success,CID753688,Prime Plus,RT Nagar,Devanahalli,140.0,90.0,Not Applicable,Not Applicable,No,Not Applicable,845,Cash,42,3.8,3.8
2024-07-04 17:36:00,CNR8431636461,Success,CID460648,Mini,Sahakar Nagar,Hennur,126.0,90.0,Not Applicable,Not Applicable,No,Not Applicable,304,UPI,20,3.7,3.5
2024-07-19 15:30:00,CNR6667777871,Success,CID627952,Prime Plus,Bannerghatta Road,Hennur,70.0,110.0,Not Applicable,Not Applicable,No,Not Applicable,135,UPI,5,4.4,4.4
2024-07-10 17:37:00,CNR6397077283,Success,CID802936,Prime SUV,Hennur,Sarjapur Road,273.0,70.0,Not Applicable,Not Applicable,No,Not Applicable,325,Cash,1,3.4,3.6
2024-07-30 11:29:00,CNR6139188069,Success,CID975918,eBike,Shantinagar,Banashankari,203.0,25.0,Not Applicable,Not Applicable,No,Not Applicable,459,UPI,21,3.8,4.9
2024-07-16 01:33:00,CNR4242296664,Success,CID926177,Prime SUV,Koramangala,Kammanahalli,231.0,60.0,Not Applicable,Not Applicable,No,Not Applicable,575,UPI,7,4.1,5.0
2024-07-18 16:30:00,CNR7091002005,Canceled by Driver,CID744643,eBike,JP Nagar,Richmond Town,,,Not Applicable,Customer related issue,Not Applicable,Not Applicable,265,Not Applicable,0,,
2024-07-23 04:40:00,CNR5856322525,Success,CID546502,eBike,Kammanahalli,Hebbal,126.0,65.0,Not Applicable,Not Applicable,No,Not Applicable,546,UPI,31,5.0,4.4
2024-07-16 07:58:00,CNR5602719274,Driver Not Found,CID183795,Prime Plus,Rajarajeshwari Nagar,Vijayanagar,,,Not Applicable,Not Applicable,Not Applicable,Not Applicable,198,Not Applicable,0,,
2024-07-21 06:25:00,CNR4239622893,Success,CID237895,Prime Sedan,Yeshwanthpur,Malleshwaram,84.0,120.0,Not Applicable,Not Applicable,No,Not Applicable,256,Cash,23,3.4,3.2
2024-07-15 04:32:00,CNR4678186313,Success,CID653671,Prime Sedan,Hulimavu,Rajarajeshwari Nagar,42.0,45.0,Not Applicable,Not Applicable,No,Not Applicable,1637,Cash,31,3.3,4.1
2024-07-16 03:12:00,CNR2092078805,Success,CID380341,eBike,HSR Layout,Majestic,168.0,50.0,Not Applicable,Not Applicable,No,Not Applicable,1297,Cash,25,4.0,3.9
2024-07-08 05:33:00,CNR8435929783,Success,CID562809,Prime Plus,KR Puram,Cox Town,161.0,95.0,Not Applicable,Not Applicable,No,Not Applicable,380,Cash,6,4.3,4.4
2024-07-10 02:34:00,CNR8795230264,Success,CID907315,Prime Sedan,Hebbal,Rajajinagar,308.0,100.0,Not Applicable,Not Applicable,Yes,Other Issue,319,Cash,27,4.6,3.6
2024-07-20 08:38:00,CNR3216374178,Success,CID282275,Mini,Tumkur Road,Majestic,182.0,35.0,Not Applicable,Not Applicable,No,Not Applicable,418,UPI,30,4.4,3.3
2024-07-01 18:57:00,CNR4533915403,Success,CID152835,Prime Sedan,Malleshwaram,Sarjapur Road,63.0,25.0,Not Applicable,Not Applicable,No,Not Applicable,347,UPI,36,4.6,4.1
2024-07-29 01:27:00,CNR8903987376,Success,CID272149,eBike,Jayanagar,MG Road,210.0,95.0,Not Applicable,Not Applicable,No,Not Applicable,271,UPI,39,4.1,4.4
2024-07-22 21:51:00,CNR4416377387,Success,CID425779,Mini,Bellandur,Sarjapur Road,84.0,80.0,Not Applicable,Not Applicable,No,Not Applicable,889,UPI,41,3.5,4.1
2024-07-28 17:14:00,CNR3554091642,Canceled by Driver,CID445214,Prime Plus,Koramangala,Shantinagar,,,Not Applicable,Customer related issue,Not Applicable,Not Applicable,347,Not Applicable,0,,
2024-07-22 18:33:00,CNR5708826684,Driver Not Found,CID394335,Prime SUV,Vijayanagar,Bellandur,,,Not Applicable,Not Applicable,Not Applicable,Not Applicable,831,Not Applicable,0,,
2024-07-01 20:09:00,CNR1684380030,Success,CID651758,Prime Plus,Basavanagudi,Basavanagudi,49.0,135.0,Not Applicable,Not Applicable,No,Not Applicable,459,Cash,3,3.1,4.1
2024-07-21 07:02:00,CNR8634919528,Canceled by Driver,CID979876,Prime Sedan,Basavanagudi,Yeshwanthpur,,,Not Applicable,Personal & Car related issue,Not Applicable,Not Applicable,185,Not Applicable,0,,
2024-07-24 15:22:00,CNR3033603979,Success,CID913117,Auto,Ramamurthy Nagar,Yelahanka,70.0,25.0,Not Applicable,Not Applicable,No,Not Applicable,167,Cash,14,3.6,3.3
2024-07-15 14:48:00,CNR2153873365,Success,CID892216,Bike,Kadugodi,Padmanabhanagar,203.0,70.0,Not Applicable,Not Applicable,No,Not Applicable,198,UPI,24,4.3,4.1
2024-07-13 06:42:00,CNR7455691969,Canceled by Customer,CID259404,Prime Plus,Rajajinagar,Kadugodi,,,Change of plans,Not Applicable,Not Applicable,Not Applicable,332,Not Applicable,0,,
2024-07-03 20:42:00,CNR8838280894,Success,CID750478,Auto,Majestic,Frazer Town,287.0,110.0,Not Applicable,Not Applicable,No,Not Applicable,898,Cash,8,4.8,3.9
2024-07-28 05:19:00,CNR8441055031,Success,CID356249,Prime Sedan,Hulimavu,Sarjapur Road,217.0,110.0,Not Applicable,Not Applicable,No,Not Applicable,470,UPI,24,3.3,4.3
2024-07-07 16:25:00,CNR3670909416,Success,CID781347,Mini,Electronic City,Mysore Road,245.0,65.0,Not Applicable,Not Applicable,No,Not Applicable,171,UPI,44,4.3,4.8
2024-07-19 18:15:00,CNR3195322204,Canceled by Driver,CID148979,Prime SUV,MG Road,Kengeri,,,Not Applicable,Customer was coughing/sick,Not Applicable,Not Applicable,491,Not Applicable,0,,
2024-07-07 04:35:00,CNR2506987670,Canceled by Driver,CID437864,Prime Sedan,Ulsoor,Nagarbhavi,,,Not Applicable,Personal & Car related issue,Not Applicable,Not Applicable,2551,Not Applicable,0,,
2024-07-14 09:37:00,CNR2732951974,Canceled by Driver,CID662114,Prime Sedan,Sahakar Nagar,Langford Town,,,Not Applicable,More than permitted people in there,Not Applicable,Not Applicable,880,Not Applicable,0,,
2024-07-26 09:48:00,CNR9724587357,Canceled by Customer,CID239556,Bike,Varthur,Bellandur,,,Driver asked to cancel,Not Applicable,Not Applicable,Not Applicable,926,Not Applicable,0,,
2024-07-18 01:28:00,CNR6548781388,Success,CID331478,Bike,Sahakar Nagar,Hebbal,224.0,120.0,Not Applicable,Not Applicable,No,Not Applicable,147,Cash,19,4.7,4.8
2024-07-24 15:45:00,CNR8532833621,Success,CID553016,eBike,Shivajinagar,Chamarajpet,140.0,90.0,Not Applicable,Not Applicable,No,Not Applicable,253,Cash,32,3.7,3.7
2024-07-25 04:40:00,CNR5989406522,Success,CID721649,Mini,JP Nagar,Padmanabhanagar,168.0,30.0,Not Applicable,Not Applicable,No,Not Applicable,115,UPI,31,4.6,4.4
2024-07-25 06:15:00,CNR3623037803,Success,CID688930,Auto,RT Nagar,Varthur,42.0,25.0,Not Applicable,Not Applicable,No,Not Applicable,161,UPI,7,4.0,4.1
2024-07-28 12:59:00,CNR8176002577,Success,CID474979,Bike,Hosur Road,Frazer Town,140.0,100.0,Not Applicable,Not Applicable,No,Not Applicable,288,UPI,32,4.9,3.6
2024-07-28 07:16:00,CNR4703968301,Canceled by Customer,CID559675,Bike,MG Road,Magadi Road,,,Change of plans,Not Applicable,Not Applicable,Not Applicable,257,Not Applicable,0,,
2024-07-15 22:06:00,CNR2825175750,Success,CID569974,Mini,Yeshwanthpur,Varthur,287.0,90.0,Not Applicable,Not Applicable,Yes,Other Issue,316,Cash,26,3.2,4.9
2024-07-13 10:29:00,CNR7733193834,Driver Not Found,CID359572,Auto,Hosur Road,HSR Layout,,,Not Applicable,Not Applicable,Not Applicable,Not Applicable,941,Not Applicable,0,,
2024-07-09 14:16:00,CNR7080739838,Success,CID260271,Mini,Kadugodi,Padmanabhanagar,294.0,115.0,Not Applicable,Not Applicable,No,Not Applicable,182,UPI,33,3.5,4.1
2024-07-04 19:30:00,CNR3773963036,Canceled by Driver,CID422522,eBike,Kadugodi,Varthur,,,Not Applicable,Personal & Car related issue,Not Applicable,Not Applicable,213,Not Applicable,0,,
2024-07-19 06:08:00,CNR4709132884,Canceled by Customer,CID437981,Auto,Bannerghatta Road,Magadi Road,,,Driver asked to cancel,Not Applicable,Not Applicable,Not Applicable,163,Not Applicable,0,,
2024-07-26 19:17:00,CNR2762665960,Canceled by Driver,CID887087,Prime Plus,Chickpet,Padmanabhanagar,,,Not Applicable,Customer related issue,Not Applicable,Not Applicable,946,Not Applicable,0,,
2024-07-21 13:06:00,CNR4861259532,Success,CID694746,Auto,Padmanabhanagar,Malleshwaram,259.0,65.0,Not Applicable,Not Applicable,No,Not Applicable,371,Cash,14,3.2,3.7
2024-07-24 16:03:00,CNR8395983111,Success,CID945224,Prime Plus,Langford Town,Shivajinagar,70.0,35.0,Not Applicable,Not Applicable,No,Not Applicable,390,UPI,3,4.9,4.6
2024-07-13 23:19:00,CNR7594624686,Success,CID855254,Prime Sedan,Rajajinagar,Yeshwanthpur,217.0,140.0,Not Applicable,Not Applicable,No,Not Applicable,199,Cash,2,4.8,3.2
2024-07-22 22:47:00,CNR1114314344,Driver Not Found,CID657290,Mini,Indiranagar,Frazer Town,,,Not Applicable,Not Applicable,Not Applicable,Not Applicable,2612,Not Applicable,0,,
2024-07-16 03:11:00,CNR5268608691,Success,CID945287,Auto,Basavanagudi,Kengeri,245.0,50.0,Not Applicable,Not Applicable,No,Not Applicable,203,Cash,13,3.8,4.4
2024-07-01 14:58:00,CNR9668832495,Success,CID652451,Prime Plus,Nagarbhavi,Malleshwaram,266.0,85.0,Not Applicable,Not Applicable,No,Not Applicable,401,Cash,25,4.9,4.8
2024-07-28 17:49:00,CNR6833351429,Success,CID812788,Prime SUV,Peenya,Magadi Road,280.0,140.0,Not Applicable,Not Applicable,No,Not Applicable,326,Cash,35,3.5,4.4
2024-07-18 23:51:00,CNR7801722810,Success,CID308902,Bike,Yeshwanthpur,Devanahalli,105.0,85.0,Not Applicable,Not Applicable,No,Not Applicable,749,Cash,38,3.6,4.4
2024-07-21 19:16:00,CNR7895561128,Canceled by Driver,CID553343,Mini,Kengeri,Koramangala,,,Not Applicable,Customer was coughing/sick,Not Applicable,Not Applicable,160,Not Applicable,0,,
2024-07-19 10:25:00,CNR1643167229,Canceled by Customer,CID360858,Bike,Langford Town,Cox Town,,,Change of plans,Not Applicable,Not Applicable,Not Applicable,328,Not Applicable,0,,
2024-07-03 03:25:00,CNR6272480318,Success,CID857785,Auto,Yeshwanthpur,Kengeri,189.0,85.0,Not Applicable,Not Applicable,No,Not Applicable,317,UPI,13,4.0,4.3
2024-07-23 20:05:00,CNR1180948182,Success,CID386362,Mini,Yeshwanthpur,Bannerghatta Road,98.0,45.0,Not Applicable,Not Applicable,No,Not Applicable,322,UPI,15,3.0,4.1
2024-07-28 03:34:00,CNR3290076553,Success,CID192597,Prime SUV,Varthur,Langford Town,63.0,75.0,Not Applicable,Not Applicable,No,Not Applicable,445,Cash,34,3.6,3.3
2024-07-06 15:04:00,CNR8769754042,Success,CID317662,Mini,Sahakar Nagar,Devanahalli,196.0,100.0,Not Applicable,Not Applicable,No,Not Applicable,1209,Cash,16,4.4,4.2
2024-07-16 01:01:00,CNR1635722345,Success,CID826456,Prime Sedan,Chamarajpet,Basavanagudi,84.0,120.0,Not Applicable,Not Applicable,No,Not Applicable,330,UPI,13,3.6,4.8
2024-07-13 01:24:00,CNR5153513434,Canceled by Driver,CID175963,Prime SUV,Padmanabhanagar,Whitefield,,,Not Applicable,Customer related issue,Not Applicable,Not Applicable,180,Not Applicable,0,,
2024-07-16 15:03:00,CNR2606961633,Driver Not Found,CID641534,Prime SUV,Padmanabhanagar,BTM Layout,,,Not Applicable,Not Applicable,Not Applicable,Not Applicable,203,Not Applicable,0,,
2024-07-24 08:20:00,CNR1954403710,Success,CID751275,Prime Plus,JP Nagar,JP Nagar,126.0,135.0,Not Applicable,Not Applicable,No,Not Applicable,322,UPI,29,3.9,3.0
2024-07-28 09:29:00,CNR9790376260,Success,CID597631,Prime SUV,Devanahalli,Vijayanagar,42.0,100.0,Not Applicable,Not Applicable,No,Not Applicable,164,Cash,10,4.5,3.6
2024-07-25 22:47:00,CNR3276007499,Success,CID620404,eBike,Kadugodi,Ramamurthy Nagar,224.0,35.0,Not Applicable,Not Applicable,No,Not Applicable,243,Cash,39,3.8,3.2
2024-07-19 00:51:00,CNR9962498588,Success,CID236697,Auto,Sarjapur Road,Magadi Road,266.0,115.0,Not Applicable,Not Applicable,No,Not Applicable,363,UPI,11,4.4,3.6
2024-07-05 23:23:00,CNR3276787351,Success,CID782493,Prime Sedan,Hulimavu,Kammanahalli,154.0,125.0,Not Applicable,Not Applicable,No,Not Applicable,282,Cash,36,4.2,3.9
2024-07-14 13:18:00,CNR1855893918,Canceled by Driver,CID455502,Mini,Jayanagar,BTM Layout,,,Not Applicable,Customer was coughing/sick,Not Applicable,Not Applicable,2326,Not Applicable,0,,
2024-07-27 04:54:00,CNR2570091510,Canceled by Driver,CID224017,Auto,BTM Layout,BTM Layout,,,Not Applicable,Customer related issue,Not Applicable,Not Applicable,922,Not Applicable,0,,
2024-07-18 13:34:00,CNR3352596115,Success,CID637786,Auto,Sahakar Nagar,Basavanagudi,112.0,115.0,Not Applicable,Not Applicable,No,Not Applicable,246,Cash,2,3.8,3.0
2024-07-17 19:55:00,CNR1064994449,Success,CID744229,Prime SUV,Kengeri,Yeshwanthpur,294.0,40.0,Not Applicable,Not Applicable,No,Not Applicable,475,UPI,13,4.1,4.3
2024-07-27 09:10:00,CNR4395902271,Success,CID711885,Auto,Koramangala,Cox Town,210.0,70.0,Not Applicable,Not Applicable,No,Not Applicable,1851,UPI,5,4.8,4.0
2024-07-25 10:51:00,CNR9503480417,Success,CID880206,Prime Plus,Peenya,Whitefield,105.0,130.0,Not Applicable,Not Applicable,No,Not Applicable,924,Cash,13,4.5,4.9
2024-07-17 00:37:00,CNR8141544460,Driver Not Found,CID667834,Prime Sedan,Sahakar Nagar,Kammanahalli,,,Not Applicable,Not Applicable,Not Applicable,Not Applicable,488,Not Applicable,0,,
2024-07-06 08:11:00,CNR3686522921,Success,CID690561,Mini,Koramangala,Frazer Town,126.0,30.0,Not Applicable,Not Applicable,No,Not Applicable,352,UPI,14,4.8,3.8
2024-07-20 14:38:00,CNR2691865812,Success,CID208904,Bike,Banashankari,HSR Layout,77.0,35.0,Not Applicable,Not Applicable,Yes,Customer Demand,1902,UPI,49,4.2,4.6
2024-07-13 08:34:00,CNR1597981265,Success,CID907133,Prime Plus,Ulsoor,Koramangala,91.0,100.0,Not Applicable,Not Applicable,No,Not Applicable,2439,Cash,7,4.9,5.0
2024-07-05 00:19:00,CNR9353333056,Success,CID794228,eBike,Richmond Town,Langford Town,217.0,115.0,Not Applicable,Not Applicable,No,Not Applicable,328,Cash,6,3.5,3.3
2024-07-08 17:24:00,CNR8911800826,Canceled by Customer,CID680183,Mini,Ulsoor,Majestic,,,Driver asked to cancel,Not Applicable,Not Applicable,Not Applicable,710,Not Applicable,0,,
2024-07-18 12:34:00,CNR5670438246,Success,CID415516,Auto,Ulsoor,Varthur,203.0,80.0,Not Applicable,Not Applicable,No,Not Applicable,296,UPI,5,3.9,3.3
2024-07-16 14:00:00,CNR1668802450,Success,CID373953,Auto,Varthur,Padmanabhanagar,126.0,80.0,Not Applicable,Not Applicable,No,Not Applicable,2307,Cash,16,3.1,3.3
2024-07-08 07:27:00,CNR7626040169,Success,CID388765,eBike,Electronic City,Sahakar Nagar,154.0,100.0,Not Applicable,Not Applicable,No,Not Applicable,147,Cash,35,4.5,4.5
2024-07-20 08:04:00,CNR2844894126,Success,CID553566,Mini,Peenya,Peenya,119.0,85.0,Not Applicable,Not Applicable,No,Not Applicable,129,Cash,13,3.1,4.5
2024-07-23 11:48:00,CNR6170320588,Success,CID747409,Mini,Yelahanka,Nagarbhavi,294.0,105.0,Not Applicable,Not Applicable,No,Not Applicable,217,Cash,36,3.3,4.4
2024-07-02 09:25:00,CNR5131895200,Success,CID868307,Prime Plus,HSR Layout,Hosur Road,119.0,120.0,Not Applicable,Not Applicable,No,Not Applicable,560,UPI,19,3.7,4.3
2024-07-20 07:13:00,CNR5640344451,Canceled by Driver,CID955727,Bike,Langford Town,Malleshwaram,,,Not Applicable,Personal & Car related issue,Not Applicable,Not Applicable,172,Not Applicable,0,,
2024-07-22 04:27:00,CNR2875579688,Success,CID463306,Auto,Banashankari,Kengeri,154.0,105.0,Not Applicable,Not Applicable,No,Not Applicable,454,UPI,7,4.6,3.5
2024-07-02 11:28:00,CNR2456501117,Canceled by Customer,CID990977,Auto,Shantinagar,Yeshwanthpur,,,Driver asked to cancel,Not Applicable,Not Applicable,Not Applicable,322,Not Applicable,0,,
2024-07-03 00:49:00,CNR5594437458,Success,CID369054,Mini,Indiranagar,Kengeri,252.0,65.0,Not Applicable,Not Applicable,No,Not Applicable,315,UPI,27,4.4,3.9
2024-07-19 12:24:00,CNR5376428715,Success,CID170939,Prime SUV,Hulimavu,Chickpet,35.0,30.0,Not Applicable,Not Applicable,No,Not Applicable,493,UPI,28,3.5,4.3
2024-07-19 09:17:00,CNR7651095584,Driver Not Found,CID182688,eBike,Cox Town,Tumkur Road,,,Not Applicable,Not Applicable,Not Applicable,Not Applicable,528,Not Applicable,0,,
2024-07-21 12:01:00,CNR3922078434,Success,CID740429,Bike,Majestic,Indiranagar,56.0,145.0,Not Applicable,Not Applicable,No,Not Applicable,993,Cash,18,4.5,4.5
2024-07-06 11:23:00,CNR7206041803,Driver Not Found,CID620657,Mini,Richmond Town,Magadi Road,,,Not Applicable,Not Applicable,Not Applicable,Not Applicable,383,Not Applicable,0,,
2024-07-21 23:13:00,CNR2551819771,Success,CID459112,Prime Sedan,Sahakar Nagar,Electronic City,98.0,75.0,Not Applicable,Not Applicable,No,Not Applicable,296,Cash,9,3.0,4.1
2024-07-13 09:49:00,CNR2346463415,Driver Not Found,CID245113,Bike,Nagarbhavi,Rajarajeshwari Nagar,,,Not Applicable,Not Applicable,Not Applicable,Not Applicable,251,Not Applicable,0,,
2024-07-21 00:48:00,CNR3035212577,Canceled by Driver,CID363466,Prime Plus,Ulsoor,Hulimavu,,,Not Applicable,Customer related issue,Not Applicable,Not Applicable,287,Not Applicable,0,,
2024-07-11 02:53:00,CNR7826372943,Success,CID860099,Prime Sedan,Padmanabhanagar,Padmanabhanagar,112.0,100.0,Not Applicable,Not Applicable,No,Not Applicable,404,Cash,38,3.6,3.8
2024-07-13 17:32:00,CNR4706724801,Success,CID822065,Prime Sedan,Jayanagar,Bannerghatta Road,280.0,90.0,Not Applicable,Not Applicable,No,Not Applicable,264,Cash,26,3.1,4.6
2024-07-15 16:56:00,CNR8048601616,Driver Not Found,CID152591,eBike,Nagarbhavi,Mysore Road,,,Not Applicable,Not Applicable,Not Applicable,Not Applicable,106,Not Applicable,0,,
2024-07-12 03:47:00,CNR3509604963,Success,CID156026,Prime Plus,Banashankari,Indiranagar,231.0,125.0,Not Applicable,Not Applicable,No,Not Applicable,2494,UPI,32,3.9,4.4
2024-07-07 06:45:00,CNR4619348951,Success,CID974597,Bike,BTM Layout,BTM Layout,35.0,110.0,Not Applicable,Not Applicable,No,Not Applicable,384,Cash,18,3.9,4.3
2024-07-01 23:54:00,CNR2897626383,Success,CID666968,Auto,BTM Layout,Majestic,203.0,55.0,Not Applicable,Not Applicable,No,Not Applicable,185,Cash,18,4.8,4.1
2024-07-17 22:59:00,CNR6913846231,Success,CID759922,Prime Sedan,Yelahanka,Bannerghatta Road,259.0,105.0,Not Applicable,Not Applicable,No,Not Applicable,793,Cash,26,4.7,3.0
2024-07-24 12:05:00,CNR3374577128,Success,CID669130,Auto,Banashankari,RT Nagar,301.0,45.0,Not Applicable,Not Applicable,No,Not Applicable,2068,Cash,2,4.4,4.8
2024-07-27 14:08:00,CNR6466688603,Success,CID756782,Auto,Chickpet,Yelahanka,301.0,130.0,Not Applicable,Not Applicable,No,Not Applicable,234,Cash,9,4.3,4.9
2024-07-28 20:50:00,CNR7439973545,Success,CID235581,Prime Plus,Banashankari,Hulimavu,203.0,70.0,Not Applicable,Not Applicable,No,Not Applicable,483,Cash,3,4.6,3.1
2024-07-01 07:26:00,CNR7419140295,Driver Not Found,CID456259,Prime Plus,Hennur,Sarjapur Road,,,Not Applicable,Not Applicable,Not Applicable,Not Applicable,621,Not Applicable,0,,
2024-07-18 23:02:00,CNR9507159737,Success,CID567530,Prime Sedan,Yeshwanthpur,Hebbal,105.0,45.0,Not Applicable,Not Applicable,No,Not Applicable,289,Cash,41,4.6,4.0
2024-07-01 12:35:00,CNR4336911231,Success,CID460426,Prime Plus,KR Puram,Richmond Town,119.0,110.0,Not Applicable,Not Applicable,No,Not Applicable,455,Cash,31,4.5,3.7
2024-07-23 12:43:00,CNR7816943941,Success,CID311622,Prime Plus,Devanahalli,Shivajinagar,189.0,135.0,Not Applicable,Not Applicable,No,Not Applicable,228,Cash,4,3.8,4.1
2024-07-01 21:19:00,CNR1319905832,Success,CID793092,eBike,KR Puram,Jayanagar,210.0,85.0,Not Applicable,Not Applicable,No,Not Applicable,484,Cash,13,4.9,4.9
2024-07-18 05:40:00,CNR9501268406,Canceled by Driver,CID598864,eBike,Sarjapur Road,Banashankari,,,Not Applicable,More than permitted people in there,Not Applicable,Not Applicable,256,Not Applicable,0,,
2024-07-14 02:38:00,CNR7468666667,Success,CID675319,Prime SUV,Marathahalli,Sahakar Nagar,63.0,85.0,Not Applicable,Not Applicable,No,Not Applicable,163,Cash,9,4.9,4.8
2024-07-28 20:48:00,CNR1441384160,Canceled by Customer,CID144745,Prime Plus,Malleshwaram,Hulimavu,,,Driver asked to cancel,Not Applicable,Not Applicable,Not Applicable,487,Not Applicable,0,,
2024-07-09 17:24:00,CNR5934919613,Success,CID635301,Prime Plus,Yeshwanthpur,Koramangala,210.0,35.0,Not Applicable,Not Applicable,No,Not Applicable,364,Credit Card,9,5.0,4.4
2024-07-08 21:43:00,CNR6221246786,Success,CID118236,Prime SUV,Basavanagudi,Chamarajpet,105.0,65.0,Not Applicable,Not Applicable,No,Not Applicable,134,Cash,25,3.6,4.9
2024-07-08 05:22:00,CNR3094940464,Success,CID482879,Prime Sedan,Cox Town,Kadugodi,196.0,110.0,Not Applicable,Not Applicable,No,Not Applicable,242,Cash,17,4.5,3.3
2024-07-22 21:05:00,CNR9440693116,Canceled by Driver,CID488517,Prime Sedan,Rajarajeshwari Nagar,Vijayanagar,,,Not Applicable,Customer related issue,Not Applicable,Not Applicable,441,Not Applicable,0,,
2024-07-15 12:34:00,CNR4647947276,Canceled by Customer,CID711592,Prime Sedan,Tumkur Road,MG Road,,,Wrong Address,Not Applicable,Not Applicable,Not Applicable,373,Not Applicable,0,,
2024-07-09 12:45:00,CNR6597275342,Success,CID279621,Mini,Koramangala,Peenya,119.0,120.0,Not Applicable,Not Applicable,Yes,Customer Demand,282,UPI,29,4.8,3.7
2024-07-18 09:46:00,CNR1925091629,Canceled by Driver,CID335344,Bike,BTM Layout,RT Nagar,,,Not Applicable,Personal & Car related issue,Not Applicable,Not Applicable,167,Not Applicable,0,,
2024-07-17 23:07:00,CNR4022571284,Success,CID830457,eBike,Hulimavu,Ramamurthy Nagar,217.0,120.0,Not Applicable,Not Applicable,No,Not Applicable,317,Cash,18,3.2,4.3
2024-07-23 13:02:00,CNR8515041604,Success,CID962403,Prime SUV,Bannerghatta Road,Chamarajpet,126.0,115.0,Not Applicable,Not Applicable,No,Not Applicable,836,Credit Card,17,4.0,3.1
2024-07-15 02:37:00,CNR2153834446,Success,CID587429,Prime Plus,Magadi Road,Kammanahalli,308.0,60.0,Not Applicable,Not Applicable,No,Not Applicable,453,Credit Card,4,3.9,3.8
2024-07-15 10:51:00,CNR3521371550,Success,CID489607,Prime Sedan,Hebbal,JP Nagar,126.0,125.0,Not Applicable,Not Applicable,No,Not Applicable,1371,Cash,21,3.4,3.1
2024-07-15 13:26:00,CNR4312137067,Canceled by Customer,CID449082,Prime Plus,Yeshwanthpur,Ulsoor,,,Driver is not moving towards pickup location,Not Applicable,Not Applicable,Not Applicable,1120,Not Applicable,0,,
2024-07-25 14:57:00,CNR2061060277,Success,CID523901,Auto,Tumkur Road,Chickpet,245.0,115.0,Not Applicable,Not Applicable,No,Not Applicable,695,Cash,17,3.6,3.9
2024-07-08 15:34:00,CNR3375681653,Success,CID482633,Prime Plus,Basavanagudi,Majestic,161.0,90.0,Not Applicable,Not Applicable,No,Not Applicable,444,Cash,2,5.0,3.0
2024-07-21 05:51:00,CNR1927112990,Success,CID946642,Mini,Hosur Road,Indiranagar,301.0,55.0,Not Applicable,Not Applicable,No,Not Applicable,440,UPI,14,4.4,4.4
2024-07-26 15:41:00,CNR3743377146,Success,CID155920,eBike,Kammanahalli,Kadugodi,301.0,125.0,Not Applicable,Not Applicable,No,Not Applicable,1131,UPI,38,3.1,4.0
2024-07-04 14:12:00,CNR4128215788,Success,CID212142,Bike,Frazer Town,Rajajinagar,266.0,55.0,Not Applicable,Not Applicable,No,Not Applicable,102,UPI,23,4.3,3.3
2024-07-13 12:09:00,CNR2832947260,Canceled by Customer,CID227626,Mini,Varthur,Jayanagar,,,Wrong Address,Not Applicable,Not Applicable,Not Applicable,672,Not Applicable,0,,
2024-07-30 03:41:00,CNR8143333442,Success,CID850974,Prime Plus,Ulsoor,Cox Town,70.0,100.0,Not Applicable,Not Applicable,No,Not Applicable,118,Cash,4,4.7,4.0
2024-07-21 19:10:00,CNR7896217719,Canceled by Driver,CID819735,Prime SUV,Varthur,KR Puram,,,Not Applicable,Customer related issue,Not Applicable,Not Applicable,922,Not Applicable,0,,
2024-07-19 06:09:00,CNR5777471633,Canceled by Driver,CID288043,eBike,Bellandur,Yelahanka,,,Not Applicable,Customer was coughing/sick,Not Applicable,Not Applicable,182,Not Applicable,0,,
2024-07-24 07:05:00,CNR6646205282,Success,CID253107,Prime Sedan,Yeshwanthpur,Ramamurthy Nagar,77.0,95.0,Not Applicable,Not Applicable,No,Not Applicable,155,Cash,11,4.6,4.4
2024-07-22 23:39:00,CNR9748850372,Success,CID517782,Auto,Hosur Road,RT Nagar,287.0,105.0,Not Applicable,Not Applicable,No,Not Applicable,1073,UPI,10,3.3,4.5
2024-07-08 02:27:00,CNR2929581096,Canceled by Driver,CID763797,Prime Plus,Jayanagar,Ramamurthy Nagar,,,Not Applicable,Personal & Car related issue,Not Applicable,Not Applicable,246,Not Applicable,0,,
2024-07-13 00:12:00,CNR5651085630,Canceled by Driver,CID306576,eBike,Indiranagar,Devanahalli,,,Not Applicable,Personal & Car related issue,Not Applicable,Not Applicable,112,Not Applicable,0,,
2024-07-15 07:16:00,CNR5259774727,Success,CID250281,Prime Sedan,Hennur,Vijayanagar,231.0,80.0,Not Applicable,Not Applicable,No,Not Applicable,2794,Cash,17,3.3,4.3
2024-07-20 16:09:00,CNR9289963897,Success,CID222111,eBike,Yeshwanthpur,Hebbal,168.0,45.0,Not Applicable,Not Applicable,No,Not Applicable,369,Cash,18,3.6,3.2
2024-07-02 22:29:00,CNR6644637143,Success,CID952246,Auto,Basavanagudi,Kengeri,175.0,120.0,Not Applicable,Not Applicable,No,Not Applicable,631,Cash,2,3.4,4.8
2024-07-28 20:15:00,CNR1305351257,Success,CID643826,Prime Sedan,Hennur,Majestic,154.0,115.0,Not Applicable,Not Applicable,No,Not Applicable,157,Credit Card,29,4.9,3.6
2024-07-15 18:48:00,CNR9483394089,Success,CID119390,Mini,Ulsoor,Nagarbhavi,175.0,110.0,Not Applicable,Not Applicable,No,Not Applicable,438,Cash,21,4.2,4.5
2024-07-10 20:45:00,CNR7648783940,Driver Not Found,CID676125,Auto,HSR Layout,Ulsoor,,,Not Applicable,Not Applicable,Not Applicable,Not Applicable,273,Not Applicable,0,,
2024-07-14 07:19:00,CNR5247283178,Success,CID840749,Mini,Whitefield,JP Nagar,231.0,120.0,Not Applicable,Not Applicable,No,Not Applicable,547,UPI,36,3.7,3.3
2024-07-12 16:49:00,CNR2065736778,Driver Not Found,CID306242,eBike,Mysore Road,HSR Layout,,,Not Applicable,Not Applicable,Not Applicable,Not Applicable,150,Not Applicable,0,,
2024-07-22 07:03:00,CNR6501676852,Success,CID372088,Mini,Langford Town,Hosur Road,308.0,130.0,Not Applicable,Not Applicable,No,Not Applicable,833,Cash,41,4.6,4.4
2024-07-20 22:38:00,CNR4830558623,Canceled by Driver,CID592080,Prime Plus,Hennur,Sarjapur Road,,,Not Applicable,More than permitted people in there,Not Applicable,Not Applicable,893,Not Applicable,0,,
2024-07-20 03:42:00,CNR4954572247,Canceled by Driver,CID405154,Prime Sedan,Vijayanagar,Yelahanka,,,Not Applicable,Personal & Car related issue,Not Applicable,Not Applicable,214,Not Applicable,0,,
2024-07-23 01:13:00,CNR7131906932,Success,CID241083,Prime Sedan,Malleshwaram,Kammanahalli,133.0,140.0,Not Applicable,Not Applicable,No,Not Applicable,411,Cash,14,3.1,3.4
2024-07-01 03:53:00,CNR6381840605,Success,CID852948,eBike,Peenya,Hebbal,238.0,40.0,Not Applicable,Not Applicable,No,Not Applicable,182,Cash,40,4.8,3.1
2024-07-27 15:51:00,CNR6280039658,Driver Not Found,CID733333,Mini,Hosur Road,Shantinagar,,,Not Applicable,Not Applicable,Not Applicable,Not Applicable,306,Not Applicable,0,,
2024-07-13 07:42:00,CNR3953623146,Canceled by Driver,CID284670,Prime Sedan,Electronic City,Marathahalli,,,Not Applicable,Personal & Car related issue,Not Applicable,Not Applicable,138,Not Applicable,0,,
2024-07-22 07:28:00,CNR8344615746,Canceled by Customer,CID435713,eBike,Yeshwanthpur,Majestic,,,Driver is not moving towards pickup location,Not Applicable,Not Applicable,Not Applicable,167,Not Applicable,0,,
2024-07-16 14:59:00,CNR7639623050,Canceled by Driver,CID498855,Prime SUV,Kengeri,Varthur,,,Not Applicable,Personal & Car related issue,Not Applicable,Not Applicable,438,Not Applicable,0,,
2024-07-01 03:30:00,CNR1964417518,Success,CID132950,Bike,Banashankari,Ramamurthy Nagar,224.0,55.0,Not Applicable,Not Applicable,No,Not Applicable,106,UPI,12,3.2,4.3
2024-07-02 21:17:00,CNR1533562505,Canceled by Driver,CID118373,Prime Sedan,Magadi Road,Vijayanagar,,,Not Applicable,Customer was coughing/sick,Not Applicable,Not Applicable,264,Not Applicable,0,,
2024-07-04 21:57:00,CNR3411328234,Canceled by Driver,CID382193,Prime SUV,Sarjapur Road,Majestic,,,Not Applicable,Customer related issue,Not Applicable,Not Applicable,337,Not Applicable,0,,
2024-07-21 05:15:00,CNR7805920169,Success,CID941585,Mini,Shantinagar,Majestic,182.0,135.0,Not Applicable,Not Applicable,No,Not Applicable,256,UPI,15,4.3,4.9
2024-07-08 01:13:00,CNR4467322128,Success,CID945768,eBike,Richmond Town,Hulimavu,182.0,85.0,Not Applicable,Not Applicable,No,Not Applicable,1594,Cash,15,4.5,4.5
2024-07-29 09:12:00,CNR7982296142,Success,CID366962,Auto,Shantinagar,Shantinagar,259.0,50.0,Not Applicable,Not Applicable,No,Not Applicable,395,UPI,10,3.9,5.0
2024-07-15 18:48:00,CNR8075855579,Success,CID813712,Mini,Rajarajeshwari Nagar,Devanahalli,56.0,100.0,Not Applicable,Not Applicable,No,Not Applicable,443,Cash,12,3.8,3.6
2024-07-13 09:40:00,CNR1010870790,Success,CID842485,eBike,Yeshwanthpur,Rajarajeshwari Nagar,182.0,75.0,Not Applicable,Not Applicable,No,Not Applicable,178,UPI,41,3.4,3.8
2024-07-30 07:56:00,CNR9552074254,Success,CID134627,Prime Plus,Padmanabhanagar,Chickpet,252.0,100.0,Not Applicable,Not Applicable,No,Not Applicable,327,Cash,11,4.0,4.9
2024-07-27 08:55:00,CNR8203208176,Success,CID410340,Mini,MG Road,Whitefield,91.0,125.0,Not Applicable,Not Applicable,No,Not Applicable,462,UPI,43,3.1,4.2
2024-07-04 02:15:00,CNR9536949966,Success,CID131588,Bike,KR Puram,Shivajinagar,294.0,140.0,Not Applicable,Not Applicable,No,Not Applicable,1099,Cash,28,4.4,4.4
2024-07-03 12:40:00,CNR6471176865,Canceled by Driver,CID593311,Bike,Shivajinagar,Electronic City,,,Not Applicable,More than permitted people in there,Not Applicable,Not Applicable,488,Not Applicable,0,,
2024-07-05 04:31:00,CNR7624819082,Success,CID800143,Bike,Banashankari,Marathahalli,91.0,90.0,Not Applicable,Not Applicable,No,Not Applicable,311,Cash,33,4.8,5.0
2024-07-30 15:01:00,CNR5730793786,Canceled by Driver,CID506593,eBike,Indiranagar,MG Road,,,Not Applicable,Customer related issue,Not Applicable,Not Applicable,415,Not Applicable,0,,
2024-07-29 09:04:00,CNR1551764280,Success,CID795626,Mini,Jayanagar,Hosur Road,273.0,125.0,Not Applicable,Not Applicable,No,Not Applicable,288,Cash,47,3.8,3.3
2024-07-23 05:35:00,CNR6638768033,Success,CID895675,eBike,Sahakar Nagar,Bannerghatta Road,49.0,60.0,Not Applicable,Not Applicable,No,Not Applicable,710,Cash,24,4.2,4.2
2024-07-21 23:06:00,CNR1193867889,Driver Not Found,CID745670,Prime Sedan,Kammanahalli,Electronic City,,,Not Applicable,Not Applicable,Not Applicable,Not Applicable,110,Not Applicable,0,,
2024-07-29 06:59:00,CNR5063474186,Success,CID948903,Prime SUV,Vijayanagar,Jayanagar,245.0,75.0,Not Applicable,Not Applicable,No,Not Applicable,123,Cash,15,4.4,4.2
2024-07-26 15:42:00,CNR4238802898,Success,CID156755,Mini,Chamarajpet,Kadugodi,273.0,100.0,Not Applicable,Not Applicable,No,Not Applicable,842,UPI,4,3.2,4.0
2024-07-05 23:15:00,CNR2010436331,Canceled by Driver,CID320300,Prime Plus,Hennur,Nagarbhavi,,,Not Applicable,Customer was coughing/sick,Not Applicable,Not Applicable,983,Not Applicable,0,,
2024-07-23 08:19:00,CNR5327993522,Success,CID551844,Prime SUV,KR Puram,MG Road,266.0,135.0,Not Applicable,Not Applicable,No,Not Applicable,430,UPI,39,4.1,3.7
2024-07-09 13:10:00,CNR7725462048,Canceled by Driver,CID231515,eBike,Bannerghatta Road,Marathahalli,,,Not Applicable,Personal & Car related issue,Not Applicable,Not Applicable,974,Not Applicable,0,,
2024-07-11 13:03:00,CNR4210706117,Success,CID956191,Prime Sedan,BTM Layout,Yeshwanthpur,224.0,85.0,Not Applicable,Not Applicable,No,Not Applicable,314,UPI,30,4.8,4.9
2024-07-01 01:31:00,CNR4369135865,Success,CID712159,Mini,Hulimavu,Sarjapur Road,308.0,105.0,Not Applicable,Not Applicable,No,Not Applicable,270,Cash,33,4.5,4.2
2024-07-10 22:03:00,CNR2904491139,Success,CID391664,Prime Plus,Bellandur,Chickpet,287.0,45.0,Not Applicable,Not Applicable,No,Not Applicable,654,UPI,8,3.7,3.5
2024-07-14 16:38:00,CNR4803389224,Driver Not Found,CID380036,Prime Plus,Majestic,Chickpet,,,Not Applicable,Not Applicable,Not Applicable,Not Applicable,376,Not Applicable,0,,
2024-07-04 20:29:00,CNR5900531518,Canceled by Driver,CID227910,Prime Sedan,RT Nagar,Electronic City,,,Not Applicable,More than permitted people in there,Not Applicable,Not Applicable,998,Not Applicable,0,,
2024-07-23 07:54:00,CNR7472435458,Canceled by Customer,CID123292,Prime Sedan,Frazer Town,Jayanagar,,,Wrong Address,Not Applicable,Not Applicable,Not Applicable,470,Not Applicable,0,,
2024-07-04 23:43:00,CNR1958828837,Success,CID168941,Prime Sedan,Nagarbhavi,Shivajinagar,98.0,140.0,Not Applicable,Not Applicable,No,Not Applicable,708,Cash,48,4.4,4.3
2024-07-22 22:04:00,CNR2805184328,Success,CID772368,Prime Plus,Whitefield,JP Nagar,70.0,90.0,Not Applicable,Not Applicable,No,Not Applicable,141,Cash,39,4.0,3.6
2024-07-14 09:11:00,CNR7171344618,Success,CID971911,Bike,Vijayanagar,Koramangala,140.0,95.0,Not Applicable,Not Applicable,No,Not Applicable,406,UPI,40,3.8,4.8
2024-07-16 04:32:00,CNR6726259436,Success,CID354357,Bike,Hosur Road,Langford Town,77.0,35.0,Not Applicable,Not Applicable,No,Not Applicable,378,Cash,22,4.9,3.3
2024-07-08 12:25:00,CNR6392189867,Success,CID871802,Bike,Majestic,Jayanagar,84.0,85.0,Not Applicable,Not Applicable,No,Not Applicable,517,UPI,8,4.7,4.8
2024-07-05 22:46:00,CNR4290276948,Success,CID423027,Prime Plus,Kammanahalli,Magadi Road,154.0,60.0,Not Applicable,Not Applicable,No,Not Applicable,247,Cash,31,3.7,3.5
2024-07-10 17:04:00,CNR6834232822,Canceled by Driver,CID899581,Prime SUV,Chickpet,Majestic,,,Not Applicable,Personal & Car related issue,Not Applicable,Not Applicable,396,Not Applicable,0,,
2024-07-12 08:59:00,CNR1818209060,Canceled by Driver,CID803800,Bike,Vijayanagar,Basavanagudi,,,Not Applicable,Customer was coughing/sick,Not Applicable,Not Applicable,515,Not Applicable,0,,
2024-07-29 15:15:00,CNR1209682846,Canceled by Driver,CID141616,eBike,Hulimavu,Rajajinagar,,,Not Applicable,Personal & Car related issue,Not Applicable,Not Applicable,230,Not Applicable,0,,
2024-07-10 18:49:00,CNR7014800048,Driver Not Found,CID645580,Mini,Frazer Town,Electronic City,,,Not Applicable,Not Applicable,Not Applicable,Not Applicable,384,Not Applicable,0,,
2024-07-15 23:23:00,CNR6141530643,Success,CID541170,Bike,Rajarajeshwari Nagar,Hosur Road,252.0,60.0,Not Applicable,Not Applicable,No,Not Applicable,899,UPI,23,4.8,3.3
2024-07-03 00:21:00,CNR4660999519,Success,CID571458,Prime Sedan,Kengeri,Ramamurthy Nagar,112.0,65.0,Not Applicable,Not Applicable,No,Not Applicable,523,Cash,6,3.8,4.9
2024-07-28 11:00:00,CNR3362706930,Driver Not Found,CID506413,Mini,Tumkur Road,Varthur,,,Not Applicable,Not Applicable,Not Applicable,Not Applicable,1355,Not Applicable,0,,
2024-07-16 23:07:00,CNR2133961820,Driver Not Found,CID265815,Prime Sedan,JP Nagar,Majestic,,,Not Applicable,Not Applicable,Not Applicable,Not Applicable,426,Not Applicable,0,,
2024-07-09 08:01:00,CNR1039605145,Success,CID306637,Bike,Richmond Town,Basavanagudi,84.0,140.0,Not Applicable,Not Applicable,No,Not Applicable,285,Cash,2,3.6,3.6
2024-07-06 17:47:00,CNR4192281688,Success,CID783081,eBike,Sarjapur Road,Malleshwaram,91.0,95.0,Not Applicable,Not Applicable,No,Not Applicable,273,UPI,28,4.0,4.1
2024-07-08 16:55:00,CNR6518597895,Driver Not Found,CID134958,Prime SUV,Whitefield,Basavanagudi,,,Not Applicable,Not Applicable,Not Applicable,Not Applicable,340,Not Applicable,0,,
2024-07-20 10:30:00,CNR9135848291,Success,CID315490,Mini,Peenya,Peenya,112.0,45.0,Not Applicable,Not Applicable,No,Not Applicable,389,UPI,15,4.7,4.9
2024-07-24 02:43:00,CNR7477956350,Canceled by Driver,CID607544,Prime SUV,KR Puram,Banashankari,,,Not Applicable,Customer was coughing/sick,Not Applicable,Not Applicable,157,Not Applicable,0,,
2024-07-24 12:24:00,CNR6096465182,Success,CID182789,eBike,RT Nagar,Jayanagar,63.0,55.0,Not Applicable,Not Applicable,No,Not Applicable,106,Cash,33,3.5,4.6
2024-07-04 04:01:00,CNR7949065810,Success,CID683582,Prime Sedan,Banashankari,Padmanabhanagar,266.0,95.0,Not Applicable,Not Applicable,Yes,Vehicle Breakdown,662,UPI,26,5.0,4.5
2024-07-18 13:55:00,CNR5873294497,Canceled by Driver,CID136389,Bike,Richmond Town,Majestic,,,Not Applicable,Personal & Car related issue,Not Applicable,Not Applicable,363,Not Applicable,0,,
2024-07-12 10:13:00,CNR9968969876,Success,CID116398,Mini,BTM Layout,Hosur Road,140.0,90.0,Not Applicable,Not Applicable,No,Not Applicable,375,Cash,38,3.9,3.1
2024-07-24 21:44:00,CNR5445811273,Success,CID646333,Mini,Kammanahalli,Jayanagar,224.0,110.0,Not Applicable,Not Applicable,No,Not Applicable,423,Cash,16,5.0,3.5
2024-07-25 21:36:00,CNR9701989336,Driver Not Found,CID308170,Bike,Bannerghatta Road,Hulimavu,,,Not Applicable,Not Applicable,Not Applicable,Not Applicable,2851,Not Applicable,0,,
2024-07-01 10:17:00,CNR8949797595,Success,CID748219,Mini,Bellandur,Kammanahalli,161.0,135.0,Not Applicable,Not Applicable,No,Not Applicable,2869,UPI,40,4.6,4.7
2024-07-05 14:30:00,CNR7030149409,Success,CID907710,Prime Plus,Mysore Road,Hebbal,70.0,95.0,Not Applicable,Not Applicable,No,Not Applicable,269,Credit Card,46,4.3,4.2
2024-07-21 20:18:00,CNR8401530101,Driver Not Found,CID795713,Prime Plus,Indiranagar,Jayanagar,,,Not Applicable,Not Applicable,Not Applicable,Not Applicable,197,Not Applicable,0,,
2024-07-06 09:33:00,CNR5755182265,Driver Not Found,CID440222,Prime SUV,Cox Town,Hennur,,,Not Applicable,Not Applicable,Not Applicable,Not Applicable,219,Not Applicable,0,,
2024-07-24 10:22:00,CNR6884822331,Success,CID506528,Auto,RT Nagar,Frazer Town,112.0,35.0,Not Applicable,Not Applicable,No,Not Applicable,295,Cash,4,4.8,5.0
2024-07-21 09:14:00,CNR6517164345,Success,CID172370,Mini,Marathahalli,Kadugodi,70.0,85.0,Not Applicable,Not Applicable,No,Not Applicable,373,Cash,2,4.3,3.5
2024-07-09 11:25:00,CNR5269632213,Canceled by Customer,CID713075,Mini,Rajajinagar,Sahakar Nagar,,,Driver asked to cancel,Not Applicable,Not Applicable,Not Applicable,103,Not Applicable,0,,
2024-07-02 06:57:00,CNR8550777329,Success,CID590533,eBike,HSR Layout,Sarjapur Road,266.0,65.0,Not Applicable,Not Applicable,Yes,Customer Demand,379,Cash,42,4.8,3.7
2024-07-13 15:55:00,CNR7156461711,Canceled by Customer,CID715578,Bike,Shivajinagar,Kadugodi,,,Change of plans,Not Applicable,Not Applicable,Not Applicable,209,Not Applicable,0,,
2024-07-16 02:04:00,CNR7596118749,Canceled by Customer,CID605077,Auto,Cox Town,JP Nagar,,,Driver is not moving towards pickup location,Not Applicable,Not Applicable,Not Applicable,350,Not Applicable,0,,
2024-07-17 15:08:00,CNR6729066162,Canceled by Driver,CID520004,Prime SUV,Kadugodi,Hebbal,,,Not Applicable,Personal & Car related issue,Not Applicable,Not Applicable,163,Not Applicable,0,,
2024-07-07 09:41:00,CNR7326820048,Success,CID838428,Prime Sedan,Bannerghatta Road,Cox Town,126.0,85.0,Not Applicable,Not Applicable,No,Not Applicable,1916,UPI,46,4.5,4.8
2024-07-18 18:14:00,CNR4783043383,Success,CID532745,Prime SUV,Sarjapur Road,Richmond Town,63.0,70.0,Not Applicable,Not Applicable,No,Not Applicable,276,Cash,2,4.0,3.9
2024-07-28 01:40:00,CNR7106129559,Success,CID703243,Mini,Hebbal,Kengeri,231.0,105.0,Not Applicable,Not Applicable,No,Not Applicable,400,UPI,4,3.4,4.3
2024-07-04 11:24:00,CNR2851248753,Success,CID489312,Prime Plus,Devanahalli,Vijayanagar,98.0,105.0,Not Applicable,Not Applicable,Yes,Customer Demand,489,UPI,8,4.8,4.7
2024-07-20 16:04:00,CNR2544915500,Success,CID679897,Prime SUV,Nagarbhavi,Rajajinagar,147.0,70.0,Not Applicable,Not Applicable,No,Not Applicable,119,Cash,27,3.5,3.9
2024-07-20 19:26:00,CNR8618513658,Success,CID176639,Auto,Magadi Road,Peenya,294.0,75.0,Not Applicable,Not Applicable,No,Not Applicable,325,Cash,19,4.4,3.6
2024-07-06 20:03:00,CNR9913216020,Canceled by Driver,CID225743,Bike,Nagarbhavi,Langford Town,,,Not Applicable,Customer was coughing/sick,Not Applicable,Not Applicable,601,Not Applicable,0,,
2024-07-14 11:23:00,CNR2674981753,Success,CID555106,Bike,Chickpet,JP Nagar,259.0,130.0,Not Applicable,Not Applicable,No,Not Applicable,467,UPI,3,3.4,4.6
2024-07-28 13:18:00,CNR1132356189,Success,CID573221,Prime Sedan,Kammanahalli,Vijayanagar,217.0,75.0,Not Applicable,Not Applicable,No,Not Applicable,332,Cash,14,4.1,3.0
2024-07-30 23:46:00,CNR4767145589,Success,CID807790,Bike,Sahakar Nagar,Tumkur Road,224.0,70.0,Not Applicable,Not Applicable,No,Not Applicable,356,Cash,19,3.3,3.1
2024-07-12 20:21:00,CNR8994532770,Success,CID273005,eBike,Devanahalli,RT Nagar,245.0,60.0,Not Applicable,Not Applicable,No,Not Applicable,372,Cash,11,4.3,3.0
2024-07-20 17:11:00,CNR2709931256,Success,CID909618,Mini,Kengeri,Rajarajeshwari Nagar,112.0,55.0,Not Applicable,Not Applicable,No,Not Applicable,254,UPI,33,4.1,3.8
2024-07-12 21:39:00,CNR9428052153,Driver Not Found,CID655083,Auto,Chickpet,Rajarajeshwari Nagar,,,Not Applicable,Not Applicable,Not Applicable,Not Applicable,811,Not Applicable,0,,
2024-07-24 22:42:00,CNR4692163223,Canceled by Customer,CID891653,Auto,Peenya,BTM Layout,,,Change of plans,Not Applicable,Not Applicable,Not Applicable,834,Not Applicable,0,,
2024-07-21 15:16:00,CNR6489217631,Driver Not Found,CID153960,Auto,RT Nagar,Hulimavu,,,Not Applicable,Not Applicable,Not Applicable,Not Applicable,463,Not Applicable,0,,
2024-07-06 08:13:00,CNR2295749099,Canceled by Driver,CID293732,Mini,Yelahanka,Koramangala,,,Not Applicable,Personal & Car related issue,Not Applicable,Not Applicable,386,Not Applicable,0,,
2024-07-01 09:23:00,CNR6428273658,Success,CID556046,Prime Sedan,Hosur Road,HSR Layout,98.0,40.0,Not Applicable,Not Applicable,No,Not Applicable,126,Cash,49,3.3,4.4
2024-07-16 12:17:00,CNR3211721176,Success,CID174733,Prime SUV,Yelahanka,Chickpet,301.0,70.0,Not Applicable,Not Applicable,No,Not Applicable,201,Cash,36,4.0,3.6
2024-07-11 17:08:00,CNR7498357034,Canceled by Driver,CID234942,Mini,Indiranagar,Sarjapur Road,,,Not Applicable,Customer related issue,Not Applicable,Not Applicable,899,Not Applicable,0,,
2024-07-23 02:53:00,CNR7524480056,Driver Not Found,CID887513,Auto,Kengeri,Frazer Town,,,Not Applicable,Not Applicable,Not Applicable,Not Applicable,361,Not Applicable,0,,
2024-07-14 11:33:00,CNR4957815884,Success,CID865033,Auto,Whitefield,Electronic City,56.0,80.0,Not Applicable,Not Applicable,No,Not Applicable,424,UPI,12,4.2,4.2
2024-07-03 23:34:00,CNR9224470639,Success,CID141007,Prime Plus,Hennur,Bellandur,49.0,50.0,Not Applicable,Not Applicable,No,Not Applicable,333,Cash,7,3.4,4.5
2024-07-08 08:32:00,CNR3266253534,Canceled by Customer,CID709799,Bike,Vijayanagar,Richmond Town,,,Driver asked to cancel,Not Applicable,Not Applicable,Not Applicable,340,Not Applicable,0,,
2024-07-27 13:57:00,CNR8115318246,Success,CID967622,Auto,BTM Layout,Jayanagar,273.0,70.0,Not Applicable,Not Applicable,No,Not Applicable,352,Cash,19,3.2,3.6
2024-07-09 18:42:00,CNR4816144381,Canceled by Driver,CID279748,eBike,Whitefield,Malleshwaram,,,Not Applicable,More than permitted people in there,Not Applicable,Not Applicable,425,Not Applicable,0,,
2024-07-28 07:48:00,CNR4047116616,Success,CID459586,Mini,Peenya,Malleshwaram,273.0,60.0,Not Applicable,Not Applicable,No,Not Applicable,389,UPI,35,4.9,3.9
2024-07-23 00:38:00,CNR4526924439,Success,CID852834,Mini,Kengeri,Rajajinagar,49.0,40.0,Not Applicable,Not Applicable,No,Not Applicable,1045,UPI,8,4.4,3.0
2024-07-27 07:23:00,CNR9461722641,Success,CID347805,Mini,Koramangala,Sarjapur Road,259.0,50.0,Not Applicable,Not Applicable,No,Not Applicable,445,Cash,17,3.6,3.0
2024-07-20 15:58:00,CNR5143630306,Canceled by Driver,CID675720,eBike,Sarjapur Road,MG Road,,,Not Applicable,Personal & Car related issue,Not Applicable,Not Applicable,481,Not Applicable,0,,
2024-07-27 12:59:00,CNR8895949210,Canceled by Driver,CID429160,Prime SUV,Varthur,Bannerghatta Road,,,Not Applicable,Customer was coughing/sick,Not Applicable,Not Applicable,481,Not Applicable,0,,
2024-07-11 18:58:00,CNR1120460387,Canceled by Customer,CID335950,Prime Sedan,Langford Town,Hosur Road,,,Driver is not moving towards pickup location,Not Applicable,Not Applicable,Not Applicable,111,Not Applicable,0,,
2024-07-13 20:33:00,CNR4274523162,Success,CID744902,Prime SUV,Ramamurthy Nagar,Kengeri,196.0,90.0,Not Applicable,Not Applicable,No,Not Applicable,716,Cash,29,3.4,3.5
2024-07-24 15:39:00,CNR1898629975,Canceled by Driver,CID235341,eBike,Marathahalli,Basavanagudi,,,Not Applicable,Customer related issue,Not Applicable,Not Applicable,340,Not Applicable,0,,
2024-07-14 06:26:00,CNR4835537449,Success,CID749660,Prime Sedan,Chamarajpet,Hebbal,56.0,120.0,Not Applicable,Not Applicable,No,Not Applicable,309,UPI,24,4.5,4.5
2024-07-13 21:12:00,CNR6602337420,Success,CID460546,eBike,Hebbal,Hosur Road,105.0,135.0,Not Applicable,Not Applicable,No,Not Applicable,1536,Cash,47,3.2,3.7
2024-07-28 09:28:00,CNR4036128369,Success,CID682428,eBike,Cox Town,Basavanagudi,182.0,45.0,Not Applicable,Not Applicable,No,Not Applicable,291,UPI,48,4.6,4.0
2024-07-17 13:08:00,CNR9698883807,Driver Not Found,CID927766,Prime Plus,Devanahalli,Tumkur Road,,,Not Applicable,Not Applicable,Not Applicable,Not Applicable,356,Not Applicable,0,,
2024-07-14 04:17:00,CNR5988457304,Success,CID715595,Bike,Varthur,Ulsoor,273.0,140.0,Not Applicable,Not Applicable,No,Not Applicable,312,Cash,23,3.3,4.6
2024-07-13 15:06:00,CNR5397432694,Success,CID689224,Bike,Yeshwanthpur,Indiranagar,280.0,85.0,Not Applicable,Not Applicable,No,Not Applicable,392,UPI,43,4.9,3.1
2024-07-15 07:28:00,CNR5979561609,Success,CID199740,eBike,Shantinagar,Kammanahalli,140.0,65.0,Not Applicable,Not Applicable,No,Not Applicable,818,UPI,13,3.6,3.4
2024-07-22 17:31:00,CNR7073762622,Canceled by Customer,CID513807,Bike,Electronic City,Bellandur,,,Driver is not moving towards pickup location,Not Applicable,Not Applicable,Not Applicable,229,Not Applicable,0,,
2024-07-04 01:32:00,CNR3120166284,Canceled by Customer,CID392695,Prime SUV,Banashankari,Chickpet,,,Driver is not moving towards pickup location,Not Applicable,Not Applicable,Not Applicable,460,Not Applicable,0,,
2024-07-27 07:29:00,CNR4250305613,Success,CID577428,Bike,Chickpet,Mysore Road,308.0,130.0,Not Applicable,Not Applicable,No,Not Applicable,141,Credit Card,7,3.3,3.7
2024-07-20 00:21:00,CNR2226311533,Success,CID140032,Prime SUV,JP Nagar,Jayanagar,161.0,95.0,Not Applicable,Not Applicable,No,Not Applicable,495,UPI,28,3.6,4.4
2024-07-08 15:41:00,CNR4105008922,Success,CID954486,Prime Sedan,Ulsoor,Kengeri,245.0,80.0,Not Applicable,Not Applicable,No,Not Applicable,148,Credit Card,45,3.5,4.3
2024-07-17 23:18:00,CNR1285991873,Success,CID531255,Prime Sedan,Hebbal,JP Nagar,252.0,25.0,Not Applicable,Not Applicable,No,Not Applicable,343,Cash,21,3.9,3.1
2024-07-12 08:09:00,CNR4178740539,Driver Not Found,CID992477,Prime Sedan,Padmanabhanagar,Hennur,,,Not Applicable,Not Applicable,Not Applicable,Not Applicable,536,Not Applicable,0,,
2024-07-14 23:26:00,CNR5557610543,Success,CID417315,Bike,Majestic,Frazer Town,224.0,105.0,Not Applicable,Not Applicable,No,Not Applicable,914,Cash,34,4.6,4.3
2024-07-12 21:15:00,CNR6118376379,Success,CID111290,Prime Plus,Hulimavu,Marathahalli,182.0,105.0,Not Applicable,Not Applicable,No,Not Applicable,135,UPI,42,4.3,4.9
2024-07-24 05:30:00,CNR9177604247,Success,CID263483,Mini,Bannerghatta Road,Frazer Town,140.0,85.0,Not Applicable,Not Applicable,No,Not Applicable,179,Cash,47,3.9,3.2
2024-07-03 12:50:00,CNR5010717406,Success,CID420496,Prime SUV,Hosur Road,Shivajinagar,140.0,125.0,Not Applicable,Not Applicable,Yes,Other Issue,566,Cash,37,4.7,4.8
2024-07-02 09:00:00,CNR3707842715,Success,CID568749,eBike,Rajajinagar,HSR Layout,294.0,140.0,Not Applicable,Not Applicable,No,Not Applicable,201,Cash,49,4.6,3.4
2024-07-08 06:48:00,CNR7157719657,Success,CID262127,Mini,Sahakar Nagar,Peenya,105.0,55.0,Not Applicable,Not Applicable,No,Not Applicable,148,Cash,12,4.8,4.1
2024-07-26 06:58:00,CNR7100408015,Success,CID279413,Prime Plus,Cox Town,Ulsoor,266.0,35.0,Not Applicable,Not Applicable,No,Not Applicable,781,Cash,21,4.7,3.6
2024-07-10 17:20:00,CNR2428517082,Success,CID604742,Auto,Rajajinagar,Padmanabhanagar,161.0,135.0,Not Applicable,Not Applicable,No,Not Applicable,318,UPI,5,4.4,3.7
2024-07-24 02:23:00,CNR6898929434,Success,CID668919,Mini,Frazer Town,Hulimavu,266.0,35.0,Not Applicable,Not Applicable,No,Not Applicable,1593,UPI,26,3.8,4.6
2024-07-20 22:55:00,CNR6055007421,Success,CID291731,Prime Sedan,Sahakar Nagar,Indiranagar,245.0,95.0,Not Applicable,Not Applicable,Yes,Customer Demand,400,Cash,32,4.6,4.5
2024-07-07 14:06:00,CNR6596669293,Success,CID523412,Prime SUV,Padmanabhanagar,Yelahanka,147.0,130.0,Not Applicable,Not Applicable,No,Not Applicable,574,Cash,8,3.4,4.2
2024-07-19 15:34:00,CNR3863160134,Success,CID174393,Prime Sedan,Hennur,Vijayanagar,301.0,40.0,Not Applicable,Not Applicable,No,Not Applicable,472,Cash,3,3.0,3.4
2024-07-06 12:23:00,CNR2837152213,Success,CID887050,Prime SUV,Shantinagar,MG Road,98.0,35.0,Not Applicable,Not Applicable,No,Not Applicable,753,Cash,2,4.6,4.9
2024-07-24 20:16:00,CNR6338444278,Success,CID289528,Prime Sedan,Hebbal,Banashankari,70.0,45.0,Not Applicable,Not Applicable,No,Not Applicable,449,Cash,39,4.0,4.4
2024-07-20 13:25:00,CNR1669862786,Driver Not Found,CID430666,Bike,Sarjapur Road,Koramangala,,,Not Applicable,Not Applicable,Not Applicable,Not Applicable,361,Not Applicable,0,,
2024-07-09 17:13:00,CNR1298895729,Success,CID450065,Mini,Electronic City,Mysore Road,259.0,120.0,Not Applicable,Not Applicable,No,Not Applicable,239,UPI,22,3.4,4.6
2024-07-17 18:48:00,CNR5599214369,Canceled by Customer,CID111937,Prime Sedan,Basavanagudi,Varthur,,,Driver asked to cancel,Not Applicable,Not Applicable,Not Applicable,188,Not Applicable,0,,
2024-07-23 11:35:00,CNR3332460036,Success,CID406254,Prime Sedan,Shantinagar,Yelahanka,301.0,85.0,Not Applicable,Not Applicable,No,Not Applicable,358,Cash,12,4.8,3.4
2024-07-22 22:35:00,CNR5655504540,Success,CID494557,eBike,Devanahalli,Marathahalli,35.0,65.0,Not Applicable,Not Applicable,No,Not Applicable,998,UPI,43,4.2,4.0
2024-07-11 21:42:00,CNR1652992527,Success,CID477610,Prime Plus,Kengeri,Nagarbhavi,63.0,50.0,Not Applicable,Not Applicable,No,Not Applicable,626,UPI,19,3.8,4.0
2024-07-10 10:50:00,CNR9302824490,Success,CID374360,Prime Plus,Frazer Town,Vijayanagar,287.0,90.0,Not Applicable,Not Applicable,No,Not Applicable,363,Cash,33,4.7,3.3
2024-07-27 08:57:00,CNR7303077559,Success,CID129739,eBike,Sahakar Nagar,BTM Layout,112.0,130.0,Not Applicable,Not Applicable,No,Not Applicable,176,UPI,37,3.9,3.6
2024-07-17 14:55:00,CNR4009073314,Canceled by Driver,CID296792,Prime Sedan,Frazer Town,Magadi Road,,,Not Applicable,Customer related issue,Not Applicable,Not Applicable,432,Not Applicable,0,,
2024-07-01 16:42:00,CNR1629085117,Success,CID961956,Prime Sedan,Banashankari,Devanahalli,210.0,35.0,Not Applicable,Not Applicable,No,Not Applicable,737,UPI,13,4.2,4.0
2024-07-09 17:19:00,CNR7304626435,Success,CID847672,Prime SUV,Rajarajeshwari Nagar,Malleshwaram,182.0,120.0,Not Applicable,Not Applicable,No,Not Applicable,161,UPI,21,4.0,3.1
2024-07-28 10:59:00,CNR4378834920,Driver Not Found,CID545018,Auto,Rajajinagar,Magadi Road,,,Not Applicable,Not Applicable,Not Applicable,Not Applicable,489,Not Applicable,0,,
2024-07-22 11:54:00,CNR2240626769,Success,CID129957,Prime SUV,Malleshwaram,Magadi Road,217.0,30.0,Not Applicable,Not Applicable,No,Not Applicable,431,UPI,15,4.3,4.2
2024-07-12 08:47:00,CNR4957019388,Canceled by Driver,CID141048,Mini,Marathahalli,Bellandur,,,Not Applicable,Customer related issue,Not Applicable,Not Applicable,138,Not Applicable,0,,
2024-07-23 08:50:00,CNR6829498966,Canceled by Customer,CID503346,Mini,Langford Town,Cox Town,,,Driver asked to cancel,Not Applicable,Not Applicable,Not Applicable,315,Not Applicable,0,,
2024-07-18 23:50:00,CNR3405961246,Success,CID861013,Prime SUV,Shivajinagar,Bannerghatta Road,77.0,105.0,Not Applicable,Not Applicable,No,Not Applicable,289,Cash,18,4.9,4.8
2024-07-26 18:28:00,CNR5218139911,Canceled by Driver,CID930917,Prime Plus,Magadi Road,Bellandur,,,Not Applicable,Customer was coughing/sick,Not Applicable,Not Applicable,285,Not Applicable,0,,
2024-07-08 01:35:00,CNR2789765784,Success,CID851115,Mini,Frazer Town,Hulimavu,259.0,60.0,Not Applicable,Not Applicable,No,Not Applicable,325,Cash,38,3.6,4.3
2024-07-08 22:57:00,CNR5721557524,Success,CID514969,Auto,Yeshwanthpur,Devanahalli,147.0,65.0,Not Applicable,Not Applicable,No,Not Applicable,624,UPI,19,3.1,4.8
2024-07-28 07:48:00,CNR1980996582,Driver Not Found,CID261326,Prime Plus,Mysore Road,Jayanagar,,,Not Applicable,Not Applicable,Not Applicable,Not Applicable,110,Not Applicable,0,,
2024-07-04 06:22:00,CNR8544196707,Canceled by Driver,CID822293,Bike,Frazer Town,Peenya,,,Not Applicable,Personal & Car related issue,Not Applicable,Not Applicable,541,Not Applicable,0,,
2024-07-07 00:58:00,CNR6389993645,Success,CID895495,Prime SUV,Bannerghatta Road,HSR Layout,161.0,85.0,Not Applicable,Not Applicable,No,Not Applicable,104,Cash,18,3.1,4.4
2024-07-25 14:24:00,CNR2822521374,Canceled by Driver,CID434355,Mini,Whitefield,Nagarbhavi,,,Not Applicable,Personal & Car related issue,Not Applicable,Not Applicable,172,Not Applicable,0,,
2024-07-10 20:24:00,CNR9540467556,Success,CID656665,Mini,Shivajinagar,Hulimavu,287.0,120.0,Not Applicable,Not Applicable,No,Not Applicable,251,Cash,35,4.2,3.8
2024-07-28 03:46:00,CNR9902526437,Success,CID291991,Prime SUV,Hennur,Peenya,84.0,65.0,Not Applicable,Not Applicable,No,Not Applicable,177,Cash,15,3.1,3.0
2024-07-11 20:42:00,CNR4450019144,Success,CID527882,eBike,Basavanagudi,Vijayanagar,217.0,135.0,Not Applicable,Not Applicable,No,Not Applicable,712,Cash,25,4.9,3.5
2024-07-10 11:20:00,CNR3474112683,Success,CID855221,Prime SUV,MG Road,Jayanagar,133.0,50.0,Not Applicable,Not Applicable,Yes,Other Issue,119,UPI,46,3.6,3.2
2024-07-22 14:48:00,CNR3223032608,Canceled by Customer,CID867273,Bike,Banashankari,Majestic,,,Driver asked to cancel,Not Applicable,Not Applicable,Not Applicable,305,Not Applicable,0,,
2024-07-13 23:51:00,CNR1736968260,Success,CID957465,Bike,Chickpet,Koramangala,308.0,70.0,Not Applicable,Not Applicable,No,Not Applicable,433,Credit Card,14,4.0,3.5
2024-07-29 22:31:00,CNR3622903280,Success,CID628920,Prime Plus,Varthur,Devanahalli,35.0,30.0,Not Applicable,Not Applicable,No,Not Applicable,395,UPI,34,4.0,3.3
2024-07-18 12:33:00,CNR7381784052,Success,CID853303,Prime SUV,Peenya,Chamarajpet,147.0,30.0,Not Applicable,Not Applicable,No,Not Applicable,474,UPI,28,3.1,3.3
2024-07-11 08:55:00,CNR2936340162,Success,CID889270,eBike,Kengeri,Indiranagar,140.0,115.0,Not Applicable,Not Applicable,No,Not Applicable,819,Cash,17,3.8,4.6
2024-07-02 21:12:00,CNR1937300028,Success,CID328489,Prime SUV,Sahakar Nagar,Hosur Road,217.0,105.0,Not Applicable,Not Applicable,No,Not Applicable,150,Cash,46,3.7,4.7
2024-07-17 08:41:00,CNR5873118844,Success,CID805379,Auto,RT Nagar,Kammanahalli,210.0,130.0,Not Applicable,Not Applicable,No,Not Applicable,877,UPI,17,4.3,3.2
2024-07-05 21:07:00,CNR9020221117,Success,CID259501,Auto,Rajajinagar,MG Road,154.0,40.0,Not Applicable,Not Applicable,No,Not Applicable,409,Cash,6,4.2,4.4
2024-07-24 18:04:00,CNR7886164724,Success,CID329323,Prime Sedan,Sahakar Nagar,Whitefield,245.0,120.0,Not Applicable,Not Applicable,No,Not Applicable,332,Cash,15,4.8,3.6
2024-07-12 13:43:00,CNR2876620634,Success,CID312473,Prime SUV,Bellandur,Magadi Road,182.0,30.0,Not Applicable,Not Applicable,No,Not Applicable,225,Cash,44,4.8,4.5
2024-07-23 23:52:00,CNR8752085466,Success,CID490058,Prime SUV,Bannerghatta Road,Hennur,182.0,115.0,Not Applicable,Not Applicable,No,Not Applicable,290,UPI,20,4.9,4.5
2024-07-13 08:25:00,CNR4280697314,Canceled by Driver,CID297587,Mini,JP Nagar,HSR Layout,,,Not Applicable,Customer related issue,Not Applicable,Not Applicable,311,Not Applicable,0,,
2024-07-06 04:09:00,CNR2079004239,Success,CID523685,eBike,Jayanagar,Vijayanagar,126.0,100.0,Not Applicable,Not Applicable,No,Not Applicable,341,UPI,35,3.5,4.3
2024-07-02 23:50:00,CNR2958896812,Success,CID364363,Mini,Kadugodi,Chickpet,42.0,80.0,Not Applicable,Not Applicable,No,Not Applicable,425,Cash,28,4.6,4.3
2024-07-19 07:39:00,CNR9408321091,Success,CID824381,Prime Sedan,Majestic,Devanahalli,182.0,75.0,Not Applicable,Not Applicable,No,Not Applicable,450,Cash,20,4.4,4.1
2024-07-24 15:13:00,CNR1634106664,Success,CID988690,Auto,Nagarbhavi,RT Nagar,98.0,45.0,Not Applicable,Not Applicable,No,Not Applicable,341,Cash,14,3.8,4.0
2024-07-26 18:16:00,CNR4388302871,Success,CID446221,eBike,Tumkur Road,Kadugodi,154.0,25.0,Not Applicable,Not Applicable,No,Not Applicable,300,Cash,39,4.5,3.2
2024-07-09 12:12:00,CNR4928809234,Success,CID898445,Prime SUV,Chamarajpet,Vijayanagar,217.0,50.0,Not Applicable,Not Applicable,No,Not Applicable,254,UPI,19,4.0,3.8
2024-07-20 04:28:00,CNR2463397837,Success,CID366284,Auto,Yeshwanthpur,Marathahalli,70.0,35.0,Not Applicable,Not Applicable,No,Not Applicable,129,Cash,8,3.9,3.9
2024-07-13 16:36:00,CNR3935744487,Driver Not Found,CID382680,Mini,Electronic City,Kadugodi,,,Not Applicable,Not Applicable,Not Applicable,Not Applicable,174,Not Applicable,0,,
2024-07-12 00:26:00,CNR1015511132,Success,CID307698,eBike,Sarjapur Road,Kammanahalli,70.0,95.0,Not Applicable,Not Applicable,No,Not Applicable,369,UPI,14,4.1,4.3
2024-07-26 01:19:00,CNR7568614086,Success,CID741191,Prime SUV,Kengeri,Bellandur,105.0,75.0,Not Applicable,Not Applicable,No,Not Applicable,897,UPI,4,4.0,4.0
2024-07-27 22:32:00,CNR8474286558,Success,CID207121,Prime Plus,Hebbal,Hulimavu,203.0,145.0,Not Applicable,Not Applicable,No,Not Applicable,2560,Cash,9,3.8,3.6
2024-07-23 16:04:00,CNR4973198031,Success,CID810429,Bike,Hennur,Kengeri,259.0,30.0,Not Applicable,Not Applicable,No,Not Applicable,1975,Cash,28,4.2,4.9
2024-07-15 00:14:00,CNR9234971617,Success,CID544701,Prime Sedan,MG Road,Chickpet,105.0,30.0,Not Applicable,Not Applicable,No,Not Applicable,312,UPI,12,4.0,4.0
2024-07-07 09:13:00,CNR1329581661,Success,CID119608,Mini,Frazer Town,Sarjapur Road,154.0,145.0,Not Applicable,Not Applicable,No,Not Applicable,436,UPI,3,3.4,4.3
2024-07-12 02:55:00,CNR9131067834,Success,CID906839,Prime Plus,Marathahalli,Hulimavu,98.0,50.0,Not Applicable,Not Applicable,No,Not Applicable,2739,Cash,4,4.4,4.3
2024-07-09 21:13:00,CNR6723989321,Canceled by Customer,CID114137,Bike,Koramangala,Tumkur Road,,,Wrong Address,Not Applicable,Not Applicable,Not Applicable,624,Not Applicable,0,,
2024-07-16 21:51:00,CNR2179146656,Success,CID458009,Auto,Hosur Road,Rajarajeshwari Nagar,112.0,100.0,Not Applicable,Not Applicable,No,Not Applicable,287,Cash,7,4.5,3.9
2024-07-27 16:33:00,CNR8184719264,Success,CID863249,Mini,Koramangala,Yeshwanthpur,63.0,45.0,Not Applicable,Not Applicable,No,Not Applicable,540,Cash,44,3.8,4.7
2024-07-06 07:31:00,CNR6656980022,Success,CID997247,Prime SUV,Chamarajpet,Padmanabhanagar,84.0,65.0,Not Applicable,Not Applicable,No,Not Applicable,211,UPI,43,3.9,4.5
2024-07-23 08:08:00,CNR9512434218,Success,CID543669,Prime SUV,MG Road,Magadi Road,168.0,35.0,Not Applicable,Not Applicable,No,Not Applicable,294,UPI,36,3.9,3.2
2024-07-11 10:19:00,CNR8658892361,Canceled by Customer,CID240862,eBike,Shantinagar,Magadi Road,,,Driver is not moving towards pickup location,Not Applicable,Not Applicable,Not Applicable,157,Not Applicable,0,,
2024-07-28 15:30:00,CNR2960553523,Success,CID484531,Mini,Chickpet,Richmond Town,175.0,55.0,Not Applicable,Not Applicable,Yes,Vehicle Breakdown,427,UPI,23,3.0,4.6
2024-07-15 15:34:00,CNR4335558464,Driver Not Found,CID307136,Auto,Hulimavu,Hulimavu,,,Not Applicable,Not Applicable,Not Applicable,Not Applicable,382,Not Applicable,0,,
2024-07-01 08:00:00,CNR6599336614,Canceled by Driver,CID393998,Bike,Varthur,Kadugodi,,,Not Applicable,Personal & Car related issue,Not Applicable,Not Applicable,492,Not Applicable,0,,
2024-07-07 06:00:00,CNR6232729871,Success,CID299875,eBike,Ulsoor,Shivajinagar,140.0,125.0,Not Applicable,Not Applicable,No,Not Applicable,866,Cash,37,4.5,3.7
2024-07-12 20:56:00,CNR4860049783,Canceled by Driver,CID312182,Prime Sedan,Shivajinagar,JP Nagar,,,Not Applicable,Personal & Car related issue,Not Applicable,Not Applicable,1134,Not Applicable,0,,
2024-07-02 01:46:00,CNR4653402447,Driver Not Found,CID587516,Prime Plus,Kengeri,Basavanagudi,,,Not Applicable,Not Applicable,Not Applicable,Not Applicable,158,Not Applicable,0,,
2024-07-24 09:16:00,CNR4210795255,Success,CID445279,Auto,Yelahanka,Varthur,259.0,55.0,Not Applicable,Not Applicable,No,Not Applicable,486,Credit Card,11,3.5,4.0
2024-07-08 13:58:00,CNR3061023228,Success,CID917718,Bike,Shivajinagar,Hebbal,105.0,50.0,Not Applicable,Not Applicable,No,Not Applicable,227,Cash,31,4.0,4.2
2024-07-20 22:13:00,CNR9518558270,Success,CID663584,Prime Plus,Malleshwaram,Varthur,140.0,110.0,Not Applicable,Not Applicable,No,Not Applicable,153,UPI,24,4.7,3.7
2024-07-18 06:40:00,CNR9928427350,Canceled by Customer,CID411643,Bike,Bannerghatta Road,Frazer Town,,,Driver is not moving towards pickup location,Not Applicable,Not Applicable,Not Applicable,1530,Not Applicable,0,,
2024-07-18 14:38:00,CNR8102986930,Success,CID501037,Bike,MG Road,Frazer Town,49.0,95.0,Not Applicable,Not Applicable,No,Not Applicable,2659,Cash,18,3.5,3.8
2024-07-29 19:55:00,CNR7071797797,Success,CID786170,Auto,Koramangala,Electronic City,196.0,75.0,Not Applicable,Not Applicable,No,Not Applicable,876,Cash,3,4.3,4.1
2024-07-11 13:43:00,CNR3391371859,Canceled by Driver,CID700915,Prime SUV,Jayanagar,Bannerghatta Road,,,Not Applicable,Personal & Car related issue,Not Applicable,Not Applicable,411,Not Applicable,0,,
2024-07-14 00:46:00,CNR3716657562,Canceled by Driver,CID392080,Prime Sedan,Cox Town,Rajajinagar,,,Not Applicable,Customer related issue,Not Applicable,Not Applicable,1137,Not Applicable,0,,
2024-07-23 11:34:00,CNR9083866124,Success,CID878219,Mini,Sahakar Nagar,Rajarajeshwari Nagar,84.0,25.0,Not Applicable,Not Applicable,No,Not Applicable,113,UPI,7,4.7,4.3
2024-07-11 10:12:00,CNR4943952010,Success,CID369847,eBike,Mysore Road,Nagarbhavi,140.0,65.0,Not Applicable,Not Applicable,No,Not Applicable,499,Cash,27,4.5,4.9
2024-07-03 11:08:00,CNR5943896065,Success,CID142577,Prime Plus,Langford Town,Malleshwaram,210.0,105.0,Not Applicable,Not Applicable,No,Not Applicable,234,Cash,39,4.5,4.2
2024-07-08 23:17:00,CNR2175891711,Success,CID505487,Prime Sedan,Rajarajeshwari Nagar,Marathahalli,294.0,120.0,Not Applicable,Not Applicable,No,Not Applicable,846,Cash,48,3.4,3.1
2024-07-03 21:53:00,CNR2914875886,Success,CID501822,Bike,MG Road,Hulimavu,245.0,110.0,Not Applicable,Not Applicable,No,Not Applicable,209,Cash,23,3.7,3.6
2024-07-16 10:32:00,CNR1813263835,Success,CID641977,Auto,Bannerghatta Road,Bannerghatta Road,161.0,100.0,Not Applicable,Not Applicable,No,Not Applicable,223,UPI,3,4.8,4.8
2024-07-12 18:13:00,CNR4278728958,Success,CID948436,Prime Plus,Vijayanagar,KR Puram,42.0,40.0,Not Applicable,Not Applicable,No,Not Applicable,538,Cash,38,3.9,3.3
2024-07-04 19:29:00,CNR9948762240,Success,CID438088,Prime SUV,Bellandur,Kammanahalli,273.0,120.0,Not Applicable,Not Applicable,No,Not Applicable,151,UPI,24,3.0,3.5
2024-07-19 12:20:00,CNR2501123834,Canceled by Customer,CID766564,Mini,Frazer Town,Vijayanagar,,,Change of plans,Not Applicable,Not Applicable,Not Applicable,2956,Not Applicable,0,,
2024-07-27 04:22:00,CNR6451294876,Success,CID577046,Prime Sedan,Hennur,Jayanagar,245.0,135.0,Not Applicable,Not Applicable,No,Not Applicable,488,Cash,25,3.6,4.1
2024-07-09 14:31:00,CNR2364127596,Canceled by Driver,CID412899,Mini,Majestic,Hosur Road,,,Not Applicable,Customer related issue,Not Applicable,Not Applicable,391,Not Applicable,0,,
2024-07-21 09:16:00,CNR2562405128,Canceled by Driver,CID632857,Prime SUV,Indiranagar,Langford Town,,,Not Applicable,More than permitted people in there,Not Applicable,Not Applicable,437,Not Applicable,0,,
2024-07-28 02:02:00,CNR5782377289,Canceled by Customer,CID702090,Prime SUV,Kammanahalli,Shantinagar,,,Driver is not moving towards pickup location,Not Applicable,Not Applicable,Not Applicable,256,Not Applicable,0,,
2024-07-13 16:38:00,CNR1363760737,Success,CID189227,Mini,Vijayanagar,Hulimavu,56.0,35.0,Not Applicable,Not Applicable,No,Not Applicable,159,Cash,47,5.0,3.1
2024-07-20 01:29:00,CNR1088666569,Success,CID662962,Prime Plus,Langford Town,Kammanahalli,252.0,60.0,Not Applicable,Not Applicable,No,Not Applicable,252,Cash,38,3.4,3.2
2024-07-05 03:18:00,CNR3391315260,Driver Not Found,CID883341,Mini,Yelahanka,Jayanagar,,,Not Applicable,Not Applicable,Not Applicable,Not Applicable,2441,Not Applicable,0,,
2024-07-21 14:39:00,CNR6009550851,Canceled by Customer,CID990300,Prime SUV,Majestic,Varthur,,,Driver asked to cancel,Not Applicable,Not Applicable,Not Applicable,268,Not Applicable,0,,
2024-07-16 06:51:00,CNR8023192103,Driver Not Found,CID108085,Prime Sedan,Hebbal,Langford Town,,,Not Applicable,Not Applicable,Not Applicable,Not Applicable,1484,Not Applicable,0,,
2024-07-01 05:16:00,CNR6903826734,Success,CID627675,Mini,Kammanahalli,Frazer Town,91.0,105.0,Not Applicable,Not Applicable,No,Not Applicable,745,UPI,23,4.5,3.6
2024-07-06 09:56:00,CNR3343095365,Success,CID718703,Bike,Shivajinagar,Sarjapur Road,112.0,115.0,Not Applicable,Not Applicable,No,Not Applicable,325,UPI,42,4.5,3.9
2024-07-06 18:44:00,CNR8465542224,Driver Not Found,CID237241,eBike,Marathahalli,Banashankari,,,Not Applicable,Not Applicable,Not Applicable,Not Applicable,419,Not Applicable,0,,
2024-07-11 08:13:00,CNR2810443996,Success,CID523253,eBike,Electronic City,Koramangala,196.0,115.0,Not Applicable,Not Applicable,No,Not Applicable,1275,Cash,9,3.3,3.9
2024-07-01 05:13:00,CNR3848998598,Success,CID117774,Mini,Sahakar Nagar,Yeshwanthpur,98.0,45.0,Not Applicable,Not Applicable,No,Not Applicable,303,Cash,23,4.0,3.8
2024-07-14 10:25:00,CNR6010471909,Success,CID301201,eBike,BTM Layout,Sarjapur Road,231.0,75.0,Not Applicable,Not Applicable,No,Not Applicable,430,UPI,2,4.1,5.0
2024-07-23 14:20:00,CNR6933111310,Driver Not Found,CID643436,Prime Plus,RT Nagar,Hennur,,,Not Applicable,Not Applicable,Not Applicable,Not Applicable,947,Not Applicable,0,,
2024-07-03 08:25:00,CNR3293068506,Canceled by Driver,CID318470,eBike,Shantinagar,Rajarajeshwari Nagar,,,Not Applicable,Customer was coughing/sick,Not Applicable,Not Applicable,360,Not Applicable,0,,
2024-07-03 21:10:00,CNR8086054410,Canceled by Driver,CID195768,Auto,Indiranagar,Kammanahalli,,,Not Applicable,Customer related issue,Not Applicable,Not Applicable,119,Not Applicable,0,,
2024-07-26 01:45:00,CNR2259207861,Success,CID384039,Prime Sedan,Richmond Town,Sarjapur Road,56.0,75.0,Not Applicable,Not Applicable,No,Not Applicable,589,UPI,39,4.1,3.8
2024-07-28 03:18:00,CNR2161160972,Success,CID354485,Prime Sedan,Yeshwanthpur,Sarjapur Road,49.0,105.0,Not Applicable,Not Applicable,No,Not Applicable,1933,Cash,46,4.4,3.2
2024-07-21 00:17:00,CNR4139835060,Success,CID275006,Prime SUV,Yelahanka,Ramamurthy Nagar,203.0,60.0,Not Applicable,Not Applicable,No,Not Applicable,127,UPI,36,4.7,4.2
2024-07-26 17:44:00,CNR4747049645,Success,CID844524,eBike,Hebbal,Kammanahalli,105.0,75.0,Not Applicable,Not Applicable,No,Not Applicable,919,UPI,39,4.4,4.6
2024-07-29 15:54:00,CNR8216917455,Success,CID767139,Prime SUV,Kadugodi,Ramamurthy Nagar,245.0,60.0,Not Applicable,Not Applicable,No,Not Applicable,293,UPI,46,3.1,4.3
2024-07-07 04:31:00,CNR9311250912,Success,CID458441,eBike,Chamarajpet,Shivajinagar,301.0,120.0,Not Applicable,Not Applicable,No,Not Applicable,200,Cash,17,4.2,3.2
2024-07-17 03:31:00,CNR4216248264,Canceled by Driver,CID907971,Mini,BTM Layout,Ramamurthy Nagar,,,Not Applicable,Customer was coughing/sick,Not Applicable,Not Applicable,718,Not Applicable,0,,
2024-07-22 08:36:00,CNR2011955634,Success,CID981186,Bike,Chickpet,Kengeri,133.0,25.0,Not Applicable,Not Applicable,No,Not Applicable,157,Cash,37,3.3,4.2
2024-07-18 11:13:00,CNR4003086551,Canceled by Driver,CID473806,Mini,Indiranagar,Kammanahalli,,,Not Applicable,Customer related issue,Not Applicable,Not Applicable,425,Not Applicable,0,,
2024-07-14 13:12:00,CNR6517755507,Success,CID804383,Prime Sedan,Bellandur,Banashankari,210.0,40.0,Not Applicable,Not Applicable,No,Not Applicable,343,Cash,12,3.9,3.0
2024-07-28 16:31:00,CNR3699554932,Success,CID746115,eBike,Ramamurthy Nagar,Shivajinagar,231.0,55.0,Not Applicable,Not Applicable,Yes,Vehicle Breakdown,378,UPI,40,5.0,3.3
2024-07-28 19:09:00,CNR9550181601,Canceled by Driver,CID663071,eBike,Yelahanka,HSR Layout,,,Not Applicable,Customer related issue,Not Applicable,Not Applicable,1579,Not Applicable,0,,
2024-07-22 14:00:00,CNR3699593318,Success,CID702240,Mini,Bannerghatta Road,Malleshwaram,126.0,65.0,Not Applicable,Not Applicable,No,Not Applicable,222,UPI,9,4.3,4.8
2024-07-10 12:37:00,CNR6960153781,Success,CID552718,Prime SUV,Yelahanka,Kammanahalli,98.0,75.0,Not Applicable,Not Applicable,No,Not Applicable,148,Credit Card,4,3.4,3.1
2024-07-18 08:55:00,CNR2938173321,Success,CID606854,Auto,Jayanagar,Hosur Road,287.0,65.0,Not Applicable,Not Applicable,No,Not Applicable,266,UPI,12,4.0,3.5
2024-07-24 00:52:00,CNR7961333857,Success,CID246855,eBike,JP Nagar,MG Road,105.0,110.0,Not Applicable,Not Applicable,No,Not Applicable,132,Cash,47,4.5,3.9
2024-07-04 11:36:00,CNR6151742856,Canceled by Driver,CID758542,Mini,Shantinagar,Rajarajeshwari Nagar,,,Not Applicable,Customer related issue,Not Applicable,Not Applicable,315,Not Applicable,0,,
2024-07-16 13:05:00,CNR1921637611,Success,CID262980,Prime Plus,Kadugodi,Peenya,280.0,25.0,Not Applicable,Not Applicable,No,Not Applicable,485,Cash,30,3.6,3.8
2024-07-16 09:20:00,CNR8789493349,Driver Not Found,CID718406,Prime Plus,Marathahalli,Richmond Town,,,Not Applicable,Not Applicable,Not Applicable,Not Applicable,132,Not Applicable,0,,
2024-07-11 00:19:00,CNR7416674245,Success,CID763577,Mini,Peenya,HSR Layout,217.0,130.0,Not Applicable,Not Applicable,No,Not Applicable,189,Cash,9,4.3,4.0
2024-07-18 03:50:00,CNR6980089627,Canceled by Driver,CID156992,Auto,Shivajinagar,Malleshwaram,,,Not Applicable,Personal & Car related issue,Not Applicable,Not Applicable,2147,Not Applicable,0,,
2024-07-09 23:00:00,CNR6516733896,Canceled by Customer,CID964478,Bike,MG Road,Rajajinagar,,,Driver is not moving towards pickup location,Not Applicable,Not Applicable,Not Applicable,358,Not Applicable,0,,
2024-07-07 17:51:00,CNR7525447557,Success,CID961909,Auto,Kadugodi,Devanahalli,91.0,30.0,Not Applicable,Not Applicable,No,Not Applicable,823,Cash,8,4.5,4.7
2024-07-12 04:04:00,CNR1093127561,Canceled by Driver,CID308140,Auto,MG Road,Yeshwanthpur,,,Not Applicable,More than permitted people in there,Not Applicable,Not Applicable,462,Not Applicable,0,,
2024-07-16 17:35:00,CNR9100210717,Canceled by Driver,CID101587,eBike,Richmond Town,Banashankari,,,Not Applicable,Personal & Car related issue,Not Applicable,Not Applicable,310,Not Applicable,0,,
2024-07-08 14:37:00,CNR2053078832,Canceled by Driver,CID351587,Prime SUV,Hosur Road,Varthur,,,Not Applicable,Customer was coughing/sick,Not Applicable,Not Applicable,114,Not Applicable,0,,
2024-07-04 17:40:00,CNR1317460945,Driver Not Found,CID540080,Bike,Mysore Road,Nagarbhavi,,,Not Applicable,Not Applicable,Not Applicable,Not Applicable,185,Not Applicable,0,,
2024-07-15 23:37:00,CNR1332531799,Success,CID764102,Bike,Ramamurthy Nagar,Hulimavu,56.0,25.0,Not Applicable,Not Applicable,No,Not Applicable,251,UPI,11,3.2,3.4
2024-07-17 00:20:00,CNR1594408484,Canceled by Driver,CID275927,Mini,Sahakar Nagar,Vijayanagar,,,Not Applicable,Customer related issue,Not Applicable,Not Applicable,386,Not Applicable,0,,
2024-07-23 14:20:00,CNR9185515074,Canceled by Driver,CID794851,Auto,Marathahalli,Rajarajeshwari Nagar,,,Not Applicable,Customer related issue,Not Applicable,Not Applicable,882,Not Applicable,0,,
2024-07-14 18:33:00,CNR9749142554,Canceled by Driver,CID610809,Prime Plus,Cox Town,Yelahanka,,,Not Applicable,More than permitted people in there,Not Applicable,Not Applicable,884,Not Applicable,0,,
2024-07-26 15:05:00,CNR4670560279,Success,CID266467,Prime Sedan,Shivajinagar,MG Road,91.0,45.0,Not Applicable,Not Applicable,No,Not Applicable,164,Cash,41,3.5,4.2
2024-07-12 05:27:00,CNR9225173206,Success,CID663974,Bike,Hosur Road,Yeshwanthpur,182.0,55.0,Not Applicable,Not Applicable,No,Not Applicable,295,Cash,6,4.0,4.3
2024-07-14 21:46:00,CNR4578758595,Success,CID488306,Auto,Banashankari,Frazer Town,259.0,130.0,Not Applicable,Not Applicable,No,Not Applicable,218,Cash,5,4.9,3.2
2024-07-07 21:18:00,CNR1497115991,Success,CID982076,Prime Sedan,Hosur Road,Kengeri,126.0,100.0,Not Applicable,Not Applicable,No,Not Applicable,773,Cash,27,4.8,3.9
2024-07-29 08:46:00,CNR6030666814,Success,CID273171,Mini,Kammanahalli,Frazer Town,98.0,60.0,Not Applicable,Not Applicable,No,Not Applicable,204,UPI,37,3.3,4.8
2024-07-09 16:12:00,CNR4449593366,Canceled by Driver,CID322016,Prime SUV,Majestic,Koramangala,,,Not Applicable,Personal & Car related issue,Not Applicable,Not Applicable,140,Not Applicable,0,,
2024-07-12 11:34:00,CNR5105614891,Success,CID947426,Prime SUV,Cox Town,Kengeri,98.0,100.0,Not Applicable,Not Applicable,No,Not Applicable,289,UPI,44,4.7,4.3
2024-07-18 19:50:00,CNR3087573412,Canceled by Driver,CID703948,Bike,Nagarbhavi,Sahakar Nagar,,,Not Applicable,Customer related issue,Not Applicable,Not Applicable,435,Not Applicable,0,,
2024-07-08 01:06:00,CNR4396260304,Success,CID322087,Auto,Basavanagudi,Whitefield,133.0,40.0,Not Applicable,Not Applicable,No,Not Applicable,481,UPI,7,4.2,4.4
2024-07-27 03:29:00,CNR8248116749,Canceled by Driver,CID722394,Auto,Chamarajpet,Rajarajeshwari Nagar,,,Not Applicable,Customer was coughing/sick,Not Applicable,Not Applicable,627,Not Applicable,0,,
2024-07-23 16:39:00,CNR3912204657,Success,CID261693,Prime Sedan,Hosur Road,RT Nagar,70.0,90.0,Not Applicable,Not Applicable,No,Not Applicable,445,Cash,24,3.3,4.8
2024-07-18 19:16:00,CNR3849817875,Success,CID238057,Auto,MG Road,Kengeri,238.0,85.0,Not Applicable,Not Applicable,No,Not Applicable,206,Cash,4,4.5,4.8
2024-07-25 23:48:00,CNR7430491237,Canceled by Driver,CID389246,Prime SUV,Magadi Road,Langford Town,,,Not Applicable,Personal & Car related issue,Not Applicable,Not Applicable,522,Not Applicable,0,,
2024-07-20 01:36:00,CNR7437886752,Success,CID211693,Bike,Indiranagar,Sahakar Nagar,287.0,25.0,Not Applicable,Not Applicable,No,Not Applicable,328,Cash,45,3.3,3.1
2024-07-03 14:57:00,CNR9578046729,Success,CID656820,Prime SUV,RT Nagar,Banashankari,154.0,105.0,Not Applicable,Not Applicable,No,Not Applicable,125,UPI,34,4.5,4.1
2024-07-22 04:24:00,CNR1828826992,Canceled by Customer,CID547415,eBike,Hosur Road,Hulimavu,,,Wrong Address,Not Applicable,Not Applicable,Not Applicable,649,Not Applicable,0,,
2024-07-06 13:16:00,CNR7870233032,Success,CID268492,Prime Sedan,Shivajinagar,Tumkur Road,266.0,25.0,Not Applicable,Not Applicable,No,Not Applicable,383,UPI,46,4.4,4.1
2024-07-27 15:18:00,CNR5600664029,Success,CID382515,Bike,Kengeri,Hosur Road,182.0,70.0,Not Applicable,Not Applicable,No,Not Applicable,452,UPI,19,3.4,3.8
2024-07-04 22:59:00,CNR5230899723,Driver Not Found,CID600306,Prime SUV,HSR Layout,Whitefield,,,Not Applicable,Not Applicable,Not Applicable,Not Applicable,348,Not Applicable,0,,
2024-07-20 06:29:00,CNR5129247948,Success,CID614919,eBike,Kengeri,Mysore Road,301.0,135.0,Not Applicable,Not Applicable,Yes,Customer Demand,1086,Cash,22,3.7,3.0
2024-07-20 09:54:00,CNR2977156109,Success,CID958396,Prime Plus,Hennur,Ulsoor,56.0,90.0,Not Applicable,Not Applicable,No,Not Applicable,123,Cash,26,3.7,4.9
2024-07-18 01:10:00,CNR9017926428,Canceled by Driver,CID497317,Prime Sedan,Frazer Town,MG Road,,,Not Applicable,Customer was coughing/sick,Not Applicable,Not Applicable,352,Not Applicable,0,,
2024-07-27 02:05:00,CNR2873460721,Canceled by Driver,CID910183,Mini,Mysore Road,Jayanagar,,,Not Applicable,Personal & Car related issue,Not Applicable,Not Applicable,298,Not Applicable,0,,
2024-07-06 19:43:00,CNR8391991691,Success,CID534543,Prime SUV,Ramamurthy Nagar,Magadi Road,168.0,30.0,Not Applicable,Not Applicable,No,Not Applicable,296,UPI,10,3.7,4.6
2024-07-27 04:09:00,CNR7865696867,Success,CID189894,Auto,Nagarbhavi,Koramangala,35.0,115.0,Not Applicable,Not Applicable,No,Not Applicable,449,Cash,11,4.4,3.8
2024-07-05 02:20:00,CNR2867654347,Canceled by Driver,CID853750,Auto,Devanahalli,Nagarbhavi,,,Not Applicable,Customer related issue,Not Applicable,Not Applicable,382,Not Applicable,0,,
2024-07-28 16:19:00,CNR3053254660,Success,CID616165,Mini,HSR Layout,JP Nagar,308.0,110.0,Not Applicable,Not Applicable,No,Not Applicable,249,Cash,3,4.3,3.1
2024-07-01 11:40:00,CNR2005456493,Canceled by Driver,CID168846,Prime Sedan,Hosur Road,Jayanagar,,,Not Applicable,Customer was coughing/sick,Not Applicable,Not Applicable,718,Not Applicable,0,,
2024-07-28 03:31:00,CNR6142642429,Canceled by Driver,CID651208,Prime SUV,Sarjapur Road,Hulimavu,,,Not Applicable,More than permitted people in there,Not Applicable,Not Applicable,442,Not Applicable,0,,
2024-07-21 11:13:00,CNR4522319595,Success,CID611233,Prime SUV,Jayanagar,Hulimavu,231.0,135.0,Not Applicable,Not Applicable,No,Not Applicable,443,Cash,35,4.6,3.1
2024-07-26 01:00:00,CNR7054696618,Success,CID657731,eBike,Kengeri,Shivajinagar,231.0,145.0,Not Applicable,Not Applicable,No,Not Applicable,398,Cash,28,3.2,4.0
2024-07-14 13:48:00,CNR1772945190,Success,CID220111,Prime Sedan,Devanahalli,Peenya,231.0,60.0,Not Applicable,Not Applicable,No,Not Applicable,435,Cash,9,3.1,3.4
2024-07-13 09:22:00,CNR7494932606,Driver Not Found,CID122803,Bike,Hosur Road,Frazer Town,,,Not Applicable,Not Applicable,Not Applicable,Not Applicable,470,Not Applicable,0,,
2024-07-02 07:07:00,CNR1117481123,Driver Not Found,CID227942,Prime Plus,HSR Layout,Banashankari,,,Not Applicable,Not Applicable,Not Applicable,Not Applicable,635,Not Applicable,0,,
2024-07-26 23:10:00,CNR5424189706,Success,CID876518,Bike,Richmond Town,RT Nagar,140.0,95.0,Not Applicable,Not Applicable,No,Not Applicable,105,Cash,4,4.3,4.3
2024-07-06 05:29:00,CNR8918378307,Success,CID256398,Bike,Kengeri,Kadugodi,203.0,140.0,Not Applicable,Not Applicable,No,Not Applicable,879,UPI,39,4.1,4.9
2024-07-17 23:38:00,CNR2772764145,Success,CID595218,eBike,Magadi Road,Indiranagar,70.0,65.0,Not Applicable,Not Applicable,No,Not Applicable,1515,UPI,46,4.3,4.5
2024-07-09 23:18:00,CNR1365353565,Success,CID340444,Bike,Whitefield,BTM Layout,126.0,125.0,Not Applicable,Not Applicable,No,Not Applicable,404,UPI,41,3.7,4.3
2024-07-26 23:50:00,CNR4677736020,Success,CID399241,Bike,Varthur,Langford Town,210.0,70.0,Not Applicable,Not Applicable,No,Not Applicable,153,UPI,31,3.6,4.7
2024-07-08 19:47:00,CNR7583188648,Canceled by Customer,CID260690,Auto,Sahakar Nagar,Basavanagudi,,,Driver asked to cancel,Not Applicable,Not Applicable,Not Applicable,698,Not Applicable,0,,
2024-07-28 16:49:00,CNR6039857523,Success,CID394908,Prime Plus,Mysore Road,Chickpet,42.0,120.0,Not Applicable,Not Applicable,Yes,Other Issue,2775,Cash,47,3.1,4.8
2024-07-02 19:24:00,CNR3563566362,Success,CID668142,Mini,Ramamurthy Nagar,Cox Town,98.0,120.0,Not Applicable,Not Applicable,No,Not Applicable,2650,Cash,19,3.6,3.4
2024-07-27 13:13:00,CNR7525068834,Success,CID920198,Bike,Tumkur Road,Koramangala,119.0,25.0,Not Applicable,Not Applicable,No,Not Applicable,249,UPI,33,3.4,4.8
2024-07-23 11:50:00,CNR3182008860,Driver Not Found,CID983836,Bike,Kadugodi,Yeshwanthpur,,,Not Applicable,Not Applicable,Not Applicable,Not Applicable,699,Not Applicable,0,,
2024-07-28 14:21:00,CNR4754416722,Canceled by Customer,CID959641,Mini,Basavanagudi,Marathahalli,,,Driver asked to cancel,Not Applicable,Not Applicable,Not Applicable,229,Not Applicable,0,,
2024-07-15 13:57:00,CNR4670505345,Success,CID476652,Prime Sedan,Chamarajpet,Tumkur Road,182.0,105.0,Not Applicable,Not Applicable,No,Not Applicable,369,Cash,26,3.5,3.3
2024-07-01 23:16:00,CNR8186166108,Success,CID226521,Prime Plus,Shantinagar,Electronic City,168.0,60.0,Not Applicable,Not Applicable,No,Not Applicable,289,UPI,3,4.1,5.0
2024-07-10 22:17:00,CNR1292459629,Driver Not Found,CID928390,Mini,Marathahalli,RT Nagar,,,Not Applicable,Not Applicable,Not Applicable,Not Applicable,972,Not Applicable,0,,
2024-07-06 11:58:00,CNR7668150474,Success,CID338567,Prime SUV,Bellandur,Ulsoor,259.0,130.0,Not Applicable,Not Applicable,No,Not Applicable,365,UPI,22,4.0,3.6
2024-07-15 09:06:00,CNR6358922222,Driver Not Found,CID660429,Prime Sedan,Vijayanagar,Cox Town,,,Not Applicable,Not Applicable,Not Applicable,Not Applicable,406,Not Applicable,0,,
2024-07-04 07:44:00,CNR5984484416,Canceled by Customer,CID657035,Prime Sedan,Hebbal,Chickpet,,,Driver asked to cancel,Not Applicable,Not Applicable,Not Applicable,603,Not Applicable,0,,
2024-07-18 13:16:00,CNR2101162064,Success,CID914203,Auto,Rajajinagar,Padmanabhanagar,119.0,90.0,Not Applicable,Not Applicable,No,Not Applicable,945,UPI,7,3.3,3.4
2024-07-13 07:02:00,CNR1082549700,Success,CID895026,Mini,Tumkur Road,RT Nagar,231.0,105.0,Not Applicable,Not Applicable,No,Not Applicable,100,Cash,41,4.2,3.3
2024-07-11 01:11:00,CNR1325061764,Success,CID392579,Prime Plus,Yelahanka,Malleshwaram,147.0,145.0,Not Applicable,Not Applicable,No,Not Applicable,908,UPI,4,4.3,3.0
2024-07-09 23:29:00,CNR7184399384,Driver Not Found,CID269721,Prime Sedan,Magadi Road,Cox Town,,,Not Applicable,Not Applicable,Not Applicable,Not Applicable,213,Not Applicable,0,,
2024-07-01 12:19:00,CNR5940379827,Success,CID645077,Prime Sedan,Ramamurthy Nagar,Rajarajeshwari Nagar,217.0,60.0,Not Applicable,Not Applicable,No,Not Applicable,543,Cash,47,4.4,4.8
2024-07-13 04:40:00,CNR3469136039,Driver Not Found,CID603634,eBike,Hebbal,Bannerghatta Road,,,Not Applicable,Not Applicable,Not Applicable,Not Applicable,813,Not Applicable,0,,
2024-07-03 15:19:00,CNR1094163003,Driver Not Found,CID677472,eBike,Sarjapur Road,Bellandur,,,Not Applicable,Not Applicable,Not Applicable,Not Applicable,217,Not Applicable,0,,
2024-07-21 20:06:00,CNR1234041805,Canceled by Driver,CID154724,Bike,Frazer Town,Ramamurthy Nagar,,,Not Applicable,Personal & Car related issue,Not Applicable,Not Applicable,262,Not Applicable,0,,
2024-07-12 21:58:00,CNR6842907670,Success,CID799016,Mini,Rajarajeshwari Nagar,Malleshwaram,133.0,130.0,Not Applicable,Not Applicable,No,Not Applicable,126,UPI,30,4.5,3.8
2024-07-05 16:55:00,CNR3772378835,Success,CID463125,Bike,Ulsoor,Whitefield,175.0,110.0,Not Applicable,Not Applicable,No,Not Applicable,463,Cash,22,4.0,4.5
2024-07-01 16:44:00,CNR6691285442,Success,CID692534,Prime SUV,Koramangala,Jayanagar,84.0,65.0,Not Applicable,Not Applicable,No,Not Applicable,163,Cash,20,4.9,4.6
2024-07-23 15:00:00,CNR1572385300,Success,CID741523,Prime Plus,Electronic City,MG Road,70.0,140.0,Not Applicable,Not Applicable,No,Not Applicable,100,Cash,28,3.5,4.2
2024-07-18 08:10:00,CNR3765159566,Canceled by Driver,CID570719,Bike,Chamarajpet,Ramamurthy Nagar,,,Not Applicable,Personal & Car related issue,Not Applicable,Not Applicable,400,Not Applicable,0,,
2024-07-27 01:41:00,CNR2326043933,Success,CID223294,Auto,Hennur,Basavanagudi,308.0,110.0,Not Applicable,Not Applicable,No,Not Applicable,324,UPI,9,4.5,3.5
2024-07-20 11:03:00,CNR4705594156,Success,CID815616,Prime Sedan,Jayanagar,Hebbal,273.0,50.0,Not Applicable,Not Applicable,No,Not Applicable,440,Cash,26,3.5,4.5
2024-07-01 20:12:00,CNR7815244401,Canceled by Driver,CID703877,Prime Sedan,Ramamurthy Nagar,Koramangala,,,Not Applicable,Customer related issue,Not Applicable,Not Applicable,1250,Not Applicable,0,,
2024-07-21 12:59:00,CNR6569842310,Success,CID550526,Auto,Majestic,Marathahalli,140.0,75.0,Not Applicable,Not Applicable,No,Not Applicable,853,Cash,1,3.0,3.8
2024-07-21 22:05:00,CNR6327853400,Success,CID964714,Prime SUV,Vijayanagar,Kengeri,35.0,80.0,Not Applicable,Not Applicable,No,Not Applicable,678,UPI,46,3.8,3.1
2024-07-11 16:10:00,CNR3226007489,Success,CID437176,Bike,Richmond Town,MG Road,70.0,105.0,Not Applicable,Not Applicable,No,Not Applicable,216,Cash,28,4.9,4.8
2024-07-14 16:12:00,CNR4835126615,Success,CID481596,Mini,Electronic City,Shivajinagar,245.0,80.0,Not Applicable,Not Applicable,No,Not Applicable,176,Cash,28,4.1,4.8
2024-07-19 07:59:00,CNR9283931518,Canceled by Driver,CID444258,Prime Sedan,BTM Layout,Vijayanagar,,,Not Applicable,Customer related issue,Not Applicable,Not Applicable,405,Not Applicable,0,,
2024-07-17 21:22:00,CNR3779721873,Canceled by Customer,CID801218,Prime SUV,Peenya,Hulimavu,,,Change of plans,Not Applicable,Not Applicable,Not Applicable,152,Not Applicable,0,,
2024-07-13 20:23:00,CNR2545973856,Success,CID713544,Prime SUV,KR Puram,Mysore Road,196.0,95.0,Not Applicable,Not Applicable,No,Not Applicable,646,UPI,30,4.2,3.4
2024-07-17 08:25:00,CNR4504468976,Success,CID112403,Prime Sedan,Hulimavu,Kammanahalli,35.0,80.0,Not Applicable,Not Applicable,No,Not Applicable,727,UPI,20,4.6,4.5
2024-07-26 05:03:00,CNR4260166502,Success,CID556091,eBike,RT Nagar,Hulimavu,56.0,40.0,Not Applicable,Not Applicable,No,Not Applicable,145,Cash,9,4.7,4.8
2024-07-28 17:29:00,CNR8086922744,Success,CID190732,Prime Sedan,Mysore Road,Shivajinagar,140.0,60.0,Not Applicable,Not Applicable,No,Not Applicable,258,Cash,5,3.7,4.8
2024-07-05 20:18:00,CNR5397077326,Success,CID359226,Prime SUV,Hosur Road,Frazer Town,91.0,145.0,Not Applicable,Not Applicable,No,Not Applicable,228,UPI,9,3.7,3.1
2024-07-28 18:34:00,CNR8519152273,Success,CID697909,Prime Plus,Richmond Town,MG Road,84.0,80.0,Not Applicable,Not Applicable,No,Not Applicable,524,Cash,18,3.1,4.9
2024-07-06 23:07:00,CNR2511387332,Driver Not Found,CID873185,Mini,Richmond Town,Tumkur Road,,,Not Applicable,Not Applicable,Not Applicable,Not Applicable,241,Not Applicable,0,,
2024-07-24 03:33:00,CNR1598755272,Success,CID621850,Mini,Sarjapur Road,Koramangala,266.0,85.0,Not Applicable,Not Applicable,No,Not Applicable,362,UPI,47,4.7,4.7
2024-07-06 19:43:00,CNR3017473745,Success,CID915130,Auto,Cox Town,Richmond Town,182.0,105.0,Not Applicable,Not Applicable,No,Not Applicable,125,Cash,3,4.8,4.5
2024-07-29 09:23:00,CNR9371707027,Canceled by Driver,CID945666,Prime Plus,Sahakar Nagar,Bannerghatta Road,,,Not Applicable,Customer related issue,Not Applicable,Not Applicable,294,Not Applicable,0,,
2024-07-26 05:15:00,CNR9031788207,Success,CID249633,Prime Plus,Mysore Road,Bellandur,189.0,60.0,Not Applicable,Not Applicable,No,Not Applicable,557,Credit Card,24,3.6,3.5
2024-07-01 21:14:00,CNR5214304142,Success,CID588316,eBike,Kadugodi,Basavanagudi,154.0,35.0,Not Applicable,Not Applicable,No,Not Applicable,169,Cash,13,4.4,3.1
2024-07-15 08:29:00,CNR5761400173,Success,CID766836,Prime SUV,Rajajinagar,Hennur,77.0,75.0,Not Applicable,Not Applicable,Yes,Vehicle Breakdown,114,UPI,29,4.4,4.9
2024-07-09 20:41:00,CNR6588733634,Canceled by Driver,CID432297,Prime Plus,Basavanagudi,Banashankari,,,Not Applicable,More than permitted people in there,Not Applicable,Not Applicable,493,Not Applicable,0,,
2024-07-18 05:54:00,CNR6270520723,Success,CID851027,Auto,HSR Layout,Sahakar Nagar,210.0,60.0,Not Applicable,Not Applicable,No,Not Applicable,2924,Cash,7,3.0,3.8
2024-07-05 17:12:00,CNR4668809453,Success,CID351182,Auto,Indiranagar,Banashankari,308.0,140.0,Not Applicable,Not Applicable,No,Not Applicable,480,Credit Card,9,4.5,4.0
2024-07-18 05:23:00,CNR8338333649,Success,CID961640,Prime Sedan,Basavanagudi,Sahakar Nagar,308.0,140.0,Not Applicable,Not Applicable,No,Not Applicable,1685,UPI,46,4.8,4.3
2024-07-05 14:55:00,CNR6003925132,Success,CID326499,Auto,Varthur,Magadi Road,154.0,110.0,Not Applicable,Not Applicable,No,Not Applicable,162,UPI,3,5.0,4.9
2024-07-14 02:51:00,CNR5207324418,Canceled by Driver,CID651059,Bike,BTM Layout,Sarjapur Road,,,Not Applicable,Customer related issue,Not Applicable,Not Applicable,141,Not Applicable,0,,
2024-07-18 16:06:00,CNR3184005462,Success,CID364648,Mini,Hennur,Tumkur Road,203.0,30.0,Not Applicable,Not Applicable,No,Not Applicable,507,Cash,15,4.8,3.9
2024-07-03 00:05:00,CNR3355195196,Driver Not Found,CID958021,Mini,Hosur Road,Langford Town,,,Not Applicable,Not Applicable,Not Applicable,Not Applicable,141,Not Applicable,0,,
2024-07-19 20:18:00,CNR9223314265,Success,CID580838,Prime Plus,Ulsoor,Mysore Road,273.0,55.0,Not Applicable,Not Applicable,Yes,Customer Demand,969,Cash,26,4.6,4.9
2024-07-16 12:24:00,CNR4584330978,Canceled by Customer,CID281211,Bike,Ramamurthy Nagar,Basavanagudi,,,Driver is not moving towards pickup location,Not Applicable,Not Applicable,Not Applicable,836,Not Applicable,0,,
2024-07-29 23:40:00,CNR6465197728,Success,CID772598,eBike,Shantinagar,Rajajinagar,105.0,145.0,Not Applicable,Not Applicable,No,Not Applicable,1686,Cash,48,4.4,3.9
2024-07-27 08:59:00,CNR6963639117,Success,CID419264,Bike,BTM Layout,Shivajinagar,252.0,120.0,Not Applicable,Not Applicable,Yes,Vehicle Breakdown,458,Cash,14,3.3,3.6
2024-07-09 02:13:00,CNR4829686294,Success,CID718089,Bike,Sahakar Nagar,Marathahalli,287.0,100.0,Not Applicable,Not Applicable,No,Not Applicable,428,UPI,46,3.9,3.5
2024-07-23 00:00:00,CNR2358566012,Success,CID884790,Bike,Yelahanka,BTM Layout,84.0,90.0,Not Applicable,Not Applicable,No,Not Applicable,256,Cash,23,4.0,4.5
2024-07-17 11:12:00,CNR1505393055,Canceled by Driver,CID525132,Prime Sedan,MG Road,Langford Town,,,Not Applicable,Personal & Car related issue,Not Applicable,Not Applicable,682,Not Applicable,0,,
2024-07-24 11:03:00,CNR6874444016,Canceled by Driver,CID450241,Prime Plus,Kadugodi,Langford Town,,,Not Applicable,Customer was coughing/sick,Not Applicable,Not Applicable,428,Not Applicable,0,,
2024-07-10 18:03:00,CNR7485238824,Success,CID141516,Prime Sedan,Majestic,HSR Layout,238.0,30.0,Not Applicable,Not Applicable,No,Not Applicable,401,Credit Card,21,3.1,3.1
2024-07-26 02:42:00,CNR1258190091,Canceled by Driver,CID567483,Prime Plus,JP Nagar,Padmanabhanagar,,,Not Applicable,More than permitted people in there,Not Applicable,Not Applicable,101,Not Applicable,0,,
2024-07-08 04:26:00,CNR4291761986,Success,CID761365,Prime Plus,Whitefield,Vijayanagar,161.0,45.0,Not Applicable,Not Applicable,No,Not Applicable,1016,UPI,29,5.0,4.2
2024-07-13 21:35:00,CNR7575410063,Success,CID885718,Prime Sedan,Ramamurthy Nagar,Hosur Road,294.0,35.0,Not Applicable,Not Applicable,No,Not Applicable,151,Cash,7,4.6,4.5
2024-07-13 19:39:00,CNR6261773376,Success,CID303588,eBike,Nagarbhavi,Bellandur,161.0,135.0,Not Applicable,Not Applicable,No,Not Applicable,186,UPI,37,4.9,3.7
2024-07-28 12:07:00,CNR5917330197,Success,CID278825,Auto,Sarjapur Road,Indiranagar,266.0,120.0,Not Applicable,Not Applicable,No,Not Applicable,410,UPI,8,4.8,3.6
2024-07-01 15:44:00,CNR5887088629,Success,CID430715,Bike,Basavanagudi,Hebbal,231.0,140.0,Not Applicable,Not Applicable,Yes,Vehicle Breakdown,109,UPI,4,3.8,4.6
2024-07-09 12:45:00,CNR9468928426,Canceled by Customer,CID138107,Prime Sedan,Yeshwanthpur,RT Nagar,,,Wrong Address,Not Applicable,Not Applicable,Not Applicable,352,Not Applicable,0,,
2024-07-07 17:28:00,CNR8594660070,Success,CID889982,Mini,Bellandur,KR Puram,77.0,70.0,Not Applicable,Not Applicable,No,Not Applicable,431,Cash,12,3.8,4.4
2024-07-08 15:21:00,CNR4608904188,Success,CID298944,Auto,JP Nagar,Banashankari,98.0,125.0,Not Applicable,Not Applicable,Yes,Other Issue,872,UPI,19,3.9,3.4
2024-07-07 18:57:00,CNR7774697838,Driver Not Found,CID570095,Bike,Sarjapur Road,Magadi Road,,,Not Applicable,Not Applicable,Not Applicable,Not Applicable,272,Not Applicable,0,,
2024-07-18 03:08:00,CNR2533891909,Driver Not Found,CID924247,Bike,Kengeri,Whitefield,,,Not Applicable,Not Applicable,Not Applicable,Not Applicable,103,Not Applicable,0,,
2024-07-19 20:46:00,CNR4941771348,Driver Not Found,CID901351,Prime Plus,Mysore Road,Nagarbhavi,,,Not Applicable,Not Applicable,Not Applicable,Not Applicable,402,Not Applicable,0,,
2024-07-11 10:53:00,CNR7291381034,Canceled by Driver,CID666634,eBike,Shivajinagar,Padmanabhanagar,,,Not Applicable,Customer was coughing/sick,Not Applicable,Not Applicable,385,Not Applicable,0,,
2024-07-13 02:59:00,CNR5650969046,Canceled by Customer,CID435526,Auto,Whitefield,Ramamurthy Nagar,,,Driver is not moving towards pickup location,Not Applicable,Not Applicable,Not Applicable,645,Not Applicable,0,,
2024-07-17 15:05:00,CNR8148854097,Canceled by Driver,CID250587,Bike,Bannerghatta Road,Kammanahalli,,,Not Applicable,Customer related issue,Not Applicable,Not Applicable,365,Not Applicable,0,,
2024-07-14 14:52:00,CNR4316558454,Success,CID787704,Prime Sedan,Electronic City,Yeshwanthpur,140.0,105.0,Not Applicable,Not Applicable,No,Not Applicable,696,UPI,29,3.1,3.6
2024-07-16 08:11:00,CNR4107810909,Success,CID110216,eBike,Bellandur,Kadugodi,63.0,70.0,Not Applicable,Not Applicable,No,Not Applicable,147,Credit Card,24,4.3,3.3
2024-07-11 11:07:00,CNR7254775815,Canceled by Driver,CID276735,Prime SUV,Basavanagudi,Magadi Road,,,Not Applicable,More than permitted people in there,Not Applicable,Not Applicable,186,Not Applicable,0,,
2024-07-05 00:53:00,CNR3600159878,Canceled by Customer,CID654178,Prime Sedan,Rajajinagar,Devanahalli,,,AC is Not working,Not Applicable,Not Applicable,Not Applicable,259,Not Applicable,0,,
2024-07-26 03:57:00,CNR9985048469,Canceled by Driver,CID256718,Bike,Magadi Road,Kammanahalli,,,Not Applicable,Customer was coughing/sick,Not Applicable,Not Applicable,208,Not Applicable,0,,
2024-07-22 22:12:00,CNR2478236717,Canceled by Customer,CID608139,Auto,Jayanagar,Nagarbhavi,,,Driver is not moving towards pickup location,Not Applicable,Not Applicable,Not Applicable,177,Not Applicable,0,,
2024-07-06 14:09:00,CNR7207628501,Success,CID430684,Prime SUV,Sarjapur Road,Yelahanka,98.0,30.0,Not Applicable,Not Applicable,No,Not Applicable,329,Cash,9,4.0,4.3
2024-07-03 07:13:00,CNR8839166295,Canceled by Driver,CID797294,Auto,Kammanahalli,HSR Layout,,,Not Applicable,Personal & Car related issue,Not Applicable,Not Applicable,493,Not Applicable,0,,
2024-07-20 18:25:00,CNR2947405406,Success,CID101163,eBike,Shantinagar,Frazer Town,42.0,110.0,Not Applicable,Not Applicable,No,Not Applicable,231,Cash,19,4.8,3.1
2024-07-16 18:02:00,CNR1862362150,Canceled by Driver,CID825970,Mini,Bannerghatta Road,KR Puram,,,Not Applicable,Personal & Car related issue,Not Applicable,Not Applicable,179,Not Applicable,0,,
2024-07-25 02:29:00,CNR5644638506,Success,CID506629,Bike,JP Nagar,Rajajinagar,91.0,25.0,Not Applicable,Not Applicable,No,Not Applicable,619,Cash,18,4.1,4.5
2024-07-30 17:14:00,CNR2513812602,Success,CID595418,Auto,Indiranagar,Padmanabhanagar,147.0,50.0,Not Applicable,Not Applicable,No,Not Applicable,406,Cash,5,5.0,3.4
2024-07-01 03:57:00,CNR4238218717,Success,CID637145,Bike,Shantinagar,Marathahalli,189.0,120.0,Not Applicable,Not Applicable,Yes,Vehicle Breakdown,319,UPI,22,4.7,4.4
2024-07-12 02:16:00,CNR5219066250,Success,CID842865,Auto,Hosur Road,HSR Layout,126.0,25.0,Not Applicable,Not Applicable,No,Not Applicable,557,Cash,17,3.9,3.7
2024-07-28 10:43:00,CNR5410876727,Success,CID748849,Bike,RT Nagar,RT Nagar,301.0,45.0,Not Applicable,Not Applicable,No,Not Applicable,118,UPI,34,4.6,3.7
2024-07-21 10:52:00,CNR5480700418,Success,CID546714,Prime Plus,Chamarajpet,KR Puram,91.0,40.0,Not Applicable,Not Applicable,No,Not Applicable,117,Cash,40,4.6,4.9
2024-07-04 20:02:00,CNR9979332071,Canceled by Driver,CID226787,Prime Sedan,Marathahalli,Hennur,,,Not Applicable,Personal & Car related issue,Not Applicable,Not Applicable,237,Not Applicable,0,,
2024-07-13 13:28:00,CNR7703483501,Success,CID654085,Prime Plus,Shivajinagar,Kammanahalli,280.0,100.0,Not Applicable,Not Applicable,No,Not Applicable,426,UPI,27,4.4,4.5
2024-07-09 00:39:00,CNR9191108207,Success,CID117261,Prime Sedan,Vijayanagar,HSR Layout,238.0,60.0,Not Applicable,Not Applicable,No,Not Applicable,245,Cash,22,4.0,3.6
2024-07-13 16:56:00,CNR4309892320,Canceled by Customer,CID550224,Prime SUV,Banashankari,Magadi Road,,,Change of plans,Not Applicable,Not Applicable,Not Applicable,248,Not Applicable,0,,
2024-07-15 21:14:00,CNR6038418205,Success,CID495463,Prime SUV,RT Nagar,Cox Town,287.0,85.0,Not Applicable,Not Applicable,No,Not Applicable,157,Cash,4,4.7,4.7
2024-07-23 20:25:00,CNR7037899458,Success,CID502350,Prime Sedan,Vijayanagar,Kammanahalli,203.0,90.0,Not Applicable,Not Applicable,No,Not Applicable,130,Cash,45,4.7,3.5
2024-07-16 19:48:00,CNR3489070319,Success,CID270909,Bike,Whitefield,Majestic,245.0,120.0,Not Applicable,Not Applicable,No,Not Applicable,252,Cash,22,4.6,4.0
2024-07-09 00:45:00,CNR7438273945,Success,CID250500,Mini,Peenya,Frazer Town,140.0,130.0,Not Applicable,Not Applicable,No,Not Applicable,860,Cash,39,3.2,4.8
2024-07-21 08:59:00,CNR5212260002,Success,CID544775,Auto,Varthur,MG Road,182.0,90.0,Not Applicable,Not Applicable,No,Not Applicable,224,UPI,9,4.8,3.3
2024-07-07 18:10:00,CNR2119578218,Success,CID915280,Prime Sedan,Yeshwanthpur,BTM Layout,287.0,100.0,Not Applicable,Not Applicable,No,Not Applicable,106,UPI,37,3.4,3.7
2024-07-19 21:13:00,CNR7042356658,Canceled by Driver,CID436024,Auto,RT Nagar,Electronic City,,,Not Applicable,Customer was coughing/sick,Not Applicable,Not Applicable,113,Not Applicable,0,,
2024-07-04 15:49:00,CNR9505009299,Canceled by Customer,CID481323,eBike,Shivajinagar,Kadugodi,,,AC is Not working,Not Applicable,Not Applicable,Not Applicable,2891,Not Applicable,0,,
2024-07-25 14:29:00,CNR4783403852,Success,CID734675,Mini,Basavanagudi,BTM Layout,182.0,105.0,Not Applicable,Not Applicable,No,Not Applicable,406,Cash,36,4.2,4.2
2024-07-20 12:30:00,CNR7347313885,Success,CID260823,eBike,Shivajinagar,Marathahalli,154.0,45.0,Not Applicable,Not Applicable,No,Not Applicable,457,Cash,17,4.8,3.5
2024-07-17 08:47:00,CNR7285242962,Driver Not Found,CID235906,Bike,Yelahanka,Hebbal,,,Not Applicable,Not Applicable,Not Applicable,Not Applicable,279,Not Applicable,0,,
2024-07-04 09:59:00,CNR1553861359,Canceled by Driver,CID616237,Prime Sedan,Richmond Town,Yeshwanthpur,,,Not Applicable,Personal & Car related issue,Not Applicable,Not Applicable,122,Not Applicable,0,,
2024-07-20 19:08:00,CNR3733005434,Success,CID820661,Prime Plus,Hulimavu,Whitefield,126.0,60.0,Not Applicable,Not Applicable,No,Not Applicable,375,Credit Card,25,4.0,5.0
2024-07-02 02:13:00,CNR5626297073,Success,CID828459,Mini,Langford Town,Electronic City,63.0,130.0,Not Applicable,Not Applicable,No,Not Applicable,310,Cash,31,4.5,4.7
2024-07-24 21:47:00,CNR3567864311,Success,CID534163,Bike,Sahakar Nagar,Peenya,154.0,95.0,Not Applicable,Not Applicable,No,Not Applicable,214,Cash,17,3.9,4.4
2024-07-22 12:26:00,CNR7803340107,Success,CID684577,Prime Sedan,RT Nagar,Nagarbhavi,266.0,55.0,Not Applicable,Not Applicable,No,Not Applicable,163,UPI,13,3.1,4.3
2024-07-23 22:32:00,CNR8836558271,Success,CID474318,Prime Plus,Koramangala,JP Nagar,308.0,145.0,Not Applicable,Not Applicable,No,Not Applicable,255,UPI,14,3.9,3.2
2024-07-02 09:41:00,CNR5936640115,Success,CID162459,Auto,Sahakar Nagar,Langford Town,35.0,70.0,Not Applicable,Not Applicable,Yes,Customer Demand,329,Credit Card,18,3.6,4.9
2024-07-20 23:51:00,CNR3701958124,Success,CID874741,Prime Sedan,Chickpet,Whitefield,91.0,45.0,Not Applicable,Not Applicable,No,Not Applicable,285,UPI,5,4.9,4.3
2024-07-28 01:42:00,CNR8744620522,Canceled by Driver,CID359084,Prime Plus,Magadi Road,Banashankari,,,Not Applicable,More than permitted people in there,Not Applicable,Not Applicable,424,Not Applicable,0,,
2024-07-25 22:27:00,CNR2171011705,Success,CID308068,Prime SUV,Chamarajpet,Padmanabhanagar,98.0,95.0,Not Applicable,Not Applicable,No,Not Applicable,422,Cash,25,3.6,4.9
2024-07-25 07:57:00,CNR4681212521,Success,CID217356,eBike,Frazer Town,Sarjapur Road,119.0,35.0,Not Applicable,Not Applicable,No,Not Applicable,494,Debit Card,35,4.9,4.8
2024-07-02 04:14:00,CNR6007471378,Success,CID558464,Prime Sedan,Padmanabhanagar,Nagarbhavi,266.0,145.0,Not Applicable,Not Applicable,No,Not Applicable,992,Cash,21,4.2,3.1
2024-07-14 03:51:00,CNR1345507744,Canceled by Customer,CID349368,eBike,Frazer Town,Sahakar Nagar,,,Wrong Address,Not Applicable,Not Applicable,Not Applicable,411,Not Applicable,0,,
2024-07-13 01:32:00,CNR2677792894,Canceled by Customer,CID301516,Mini,Padmanabhanagar,Nagarbhavi,,,Wrong Address,Not Applicable,Not Applicable,Not Applicable,341,Not Applicable,0,,
2024-07-02 10:03:00,CNR7481840528,Canceled by Driver,CID798849,Bike,Mysore Road,Jayanagar,,,Not Applicable,Personal & Car related issue,Not Applicable,Not Applicable,364,Not Applicable,0,,
2024-07-20 00:46:00,CNR7096561812,Success,CID724565,Mini,Rajajinagar,KR Puram,210.0,110.0,Not Applicable,Not Applicable,No,Not Applicable,424,Cash,9,3.9,4.0
2024-07-26 11:22:00,CNR9872438179,Success,CID760998,Prime Plus,KR Puram,Chamarajpet,273.0,140.0,Not Applicable,Not Applicable,No,Not Applicable,466,UPI,39,3.4,4.4
2024-07-24 00:44:00,CNR2573703196,Success,CID489336,Prime SUV,Electronic City,Shivajinagar,280.0,145.0,Not Applicable,Not Applicable,No,Not Applicable,275,Cash,21,5.0,4.2
2024-07-16 05:18:00,CNR5845261909,Canceled by Driver,CID331801,Mini,Electronic City,Padmanabhanagar,,,Not Applicable,Customer related issue,Not Applicable,Not Applicable,321,Not Applicable,0,,
2024-07-17 08:01:00,CNR7501723174,Success,CID945119,eBike,Kammanahalli,Basavanagudi,308.0,90.0,Not Applicable,Not Applicable,Yes,Other Issue,376,Cash,25,3.1,3.5
2024-07-26 14:06:00,CNR1734315737,Canceled by Driver,CID390918,Prime Plus,RT Nagar,Chamarajpet,,,Not Applicable,Customer related issue,Not Applicable,Not Applicable,659,Not Applicable,0,,
2024-07-27 17:55:00,CNR4417254133,Canceled by Driver,CID764067,Auto,Hulimavu,Shantinagar,,,Not Applicable,Personal & Car related issue,Not Applicable,Not Applicable,652,Not Applicable,0,,
2024-07-05 23:03:00,CNR7332435002,Success,CID703395,Auto,Basavanagudi,Rajajinagar,203.0,80.0,Not Applicable,Not Applicable,No,Not Applicable,703,Cash,18,4.2,4.6
2024-07-02 02:41:00,CNR5944757850,Canceled by Driver,CID365293,eBike,Shantinagar,Malleshwaram,,,Not Applicable,Customer related issue,Not Applicable,Not Applicable,476,Not Applicable,0,,
2024-07-29 20:55:00,CNR4838615521,Success,CID652345,Mini,Jayanagar,Rajarajeshwari Nagar,273.0,90.0,Not Applicable,Not Applicable,No,Not Applicable,231,UPI,39,3.6,4.7
2024-07-17 13:51:00,CNR9655250755,Success,CID276569,Mini,BTM Layout,Padmanabhanagar,252.0,120.0,Not Applicable,Not Applicable,No,Not Applicable,2619,Cash,13,4.7,3.6
2024-07-24 11:21:00,CNR6897192105,Success,CID650586,Prime Sedan,Frazer Town,Hennur,175.0,80.0,Not Applicable,Not Applicable,No,Not Applicable,148,UPI,38,4.4,4.1
2024-07-05 07:04:00,CNR6038559153,Success,CID693164,Prime SUV,Bannerghatta Road,Hosur Road,112.0,135.0,Not Applicable,Not Applicable,No,Not Applicable,109,UPI,5,3.8,3.7
2024-07-12 13:55:00,CNR7650662192,Success,CID358360,Mini,Kadugodi,Sarjapur Road,98.0,140.0,Not Applicable,Not Applicable,No,Not Applicable,361,Cash,44,4.9,4.5
2024-07-03 08:38:00,CNR3515564957,Canceled by Driver,CID456923,Auto,Sahakar Nagar,Chamarajpet,,,Not Applicable,More than permitted people in there,Not Applicable,Not Applicable,407,Not Applicable,0,,
2024-07-19 06:35:00,CNR8738241686,Canceled by Driver,CID190762,Prime SUV,KR Puram,Kengeri,,,Not Applicable,Customer related issue,Not Applicable,Not Applicable,483,Not Applicable,0,,
2024-07-22 20:05:00,CNR4441010685,Success,CID177663,Prime Sedan,Yeshwanthpur,KR Puram,308.0,145.0,Not Applicable,Not Applicable,No,Not Applicable,347,Credit Card,34,3.2,3.0
2024-07-11 05:34:00,CNR2426804333,Driver Not Found,CID518494,Prime Plus,Varthur,Vijayanagar,,,Not Applicable,Not Applicable,Not Applicable,Not Applicable,316,Not Applicable,0,,
2024-07-26 00:41:00,CNR4396735587,Success,CID614687,Prime SUV,Richmond Town,Hennur,70.0,75.0,Not Applicable,Not Applicable,No,Not Applicable,2701,UPI,17,3.2,4.4
2024-07-06 01:45:00,CNR6513227770,Driver Not Found,CID654596,Prime Plus,Chickpet,Electronic City,,,Not Applicable,Not Applicable,Not Applicable,Not Applicable,180,Not Applicable,0,,
2024-07-17 14:30:00,CNR4232349171,Success,CID394205,Mini,Hulimavu,Shantinagar,231.0,65.0,Not Applicable,Not Applicable,No,Not Applicable,149,UPI,31,3.2,3.7
2024-07-19 10:27:00,CNR5795978012,Success,CID947855,Prime SUV,Banashankari,Hosur Road,259.0,65.0,Not Applicable,Not Applicable,Yes,Vehicle Breakdown,497,UPI,20,4.8,3.2
2024-07-22 15:11:00,CNR4856773641,Canceled by Customer,CID178131,Bike,Langford Town,Devanahalli,,,Change of plans,Not Applicable,Not Applicable,Not Applicable,128,Not Applicable,0,,
2024-07-26 17:09:00,CNR8516059477,Canceled by Driver,CID967523,Prime Sedan,Rajajinagar,Koramangala,,,Not Applicable,Personal & Car related issue,Not Applicable,Not Applicable,300,Not Applicable,0,,
2024-07-24 15:56:00,CNR6692405787,Success,CID750408,Prime Plus,Nagarbhavi,Nagarbhavi,224.0,105.0,Not Applicable,Not Applicable,No,Not Applicable,406,Cash,21,4.7,5.0
2024-07-16 05:01:00,CNR8182385006,Success,CID139441,eBike,Banashankari,MG Road,63.0,115.0,Not Applicable,Not Applicable,No,Not Applicable,461,UPI,12,4.4,4.4
2024-07-09 12:20:00,CNR8432425738,Driver Not Found,CID523170,Prime Plus,BTM Layout,Vijayanagar,,,Not Applicable,Not Applicable,Not Applicable,Not Applicable,339,Not Applicable,0,,
2024-07-25 17:51:00,CNR5726015005,Canceled by Driver,CID676811,Prime Plus,Hulimavu,Sarjapur Road,,,Not Applicable,Customer related issue,Not Applicable,Not Applicable,413,Not Applicable,0,,
2024-07-02 22:24:00,CNR4056276241,Success,CID999996,Bike,Majestic,Peenya,126.0,135.0,Not Applicable,Not Applicable,No,Not Applicable,571,Credit Card,39,3.2,3.2
2024-07-05 00:51:00,CNR8013733114,Driver Not Found,CID434197,eBike,MG Road,MG Road,,,Not Applicable,Not Applicable,Not Applicable,Not Applicable,928,Not Applicable,0,,
2024-07-16 04:44:00,CNR4621174287,Success,CID267544,Auto,Cox Town,JP Nagar,294.0,130.0,Not Applicable,Not Applicable,No,Not Applicable,761,Cash,9,3.3,4.2
2024-07-29 05:12:00,CNR2607150249,Canceled by Driver,CID230618,Auto,Chamarajpet,Devanahalli,,,Not Applicable,Personal & Car related issue,Not Applicable,Not Applicable,232,Not Applicable,0,,
2024-07-22 03:23:00,CNR5432893472,Success,CID544253,eBike,Ramamurthy Nagar,Vijayanagar,238.0,105.0,Not Applicable,Not Applicable,Yes,Customer Demand,613,UPI,36,3.6,3.6
2024-07-12 20:54:00,CNR5893762639,Canceled by Customer,CID637959,Prime Plus,Jayanagar,Nagarbhavi,,,Driver asked to cancel,Not Applicable,Not Applicable,Not Applicable,274,Not Applicable,0,,
2024-07-23 12:30:00,CNR8055308687,Canceled by Driver,CID842478,Prime Plus,Sahakar Nagar,Koramangala,,,Not Applicable,Customer related issue,Not Applicable,Not Applicable,842,Not Applicable,0,,
2024-07-06 05:23:00,CNR4122285994,Driver Not Found,CID330304,Mini,Yelahanka,Kadugodi,,,Not Applicable,Not Applicable,Not Applicable,Not Applicable,177,Not Applicable,0,,
2024-07-24 18:56:00,CNR9982233261,Success,CID540922,Bike,Bannerghatta Road,Chickpet,161.0,90.0,Not Applicable,Not Applicable,No,Not Applicable,133,UPI,34,4.4,4.1
2024-07-21 16:48:00,CNR1369104844,Success,CID293485,Mini,Majestic,Jayanagar,147.0,110.0,Not Applicable,Not Applicable,No,Not Applicable,248,Cash,16,4.7,4.7
2024-07-05 23:55:00,CNR1818551258,Success,CID602703,Bike,Langford Town,Devanahalli,287.0,110.0,Not Applicable,Not Applicable,No,Not Applicable,959,Cash,1,3.0,4.4
2024-07-06 11:11:00,CNR6591801837,Success,CID498142,eBike,Electronic City,Bellandur,147.0,40.0,Not Applicable,Not Applicable,No,Not Applicable,106,Cash,21,4.8,4.4
2024-07-29 06:03:00,CNR7377772108,Canceled by Driver,CID920666,eBike,Sarjapur Road,Jayanagar,,,Not Applicable,Customer was coughing/sick,Not Applicable,Not Applicable,717,Not Applicable,0,,
2024-07-10 00:32:00,CNR2656072741,Success,CID601752,Mini,RT Nagar,Devanahalli,210.0,95.0,Not Applicable,Not Applicable,No,Not Applicable,311,Cash,4,4.5,4.1
2024-07-23 21:39:00,CNR6366273320,Driver Not Found,CID669224,Prime SUV,Indiranagar,Richmond Town,,,Not Applicable,Not Applicable,Not Applicable,Not Applicable,372,Not Applicable,0,,
2024-07-24 16:41:00,CNR8368717176,Success,CID188192,eBike,Ramamurthy Nagar,Electronic City,63.0,130.0,Not Applicable,Not Applicable,No,Not Applicable,326,Cash,21,3.5,4.3
2024-07-03 04:04:00,CNR7014711531,Canceled by Driver,CID496195,Bike,Whitefield,Indiranagar,,,Not Applicable,Customer related issue,Not Applicable,Not Applicable,937,Not Applicable,0,,
2024-07-08 08:50:00,CNR1348331389,Success,CID945191,Prime SUV,Yeshwanthpur,Langford Town,280.0,100.0,Not Applicable,Not Applicable,No,Not Applicable,403,Cash,37,3.6,3.2
2024-07-26 04:59:00,CNR7765866837,Driver Not Found,CID299203,eBike,Koramangala,Richmond Town,,,Not Applicable,Not Applicable,Not Applicable,Not Applicable,247,Not Applicable,0,,
2024-07-05 14:49:00,CNR2155892649,Canceled by Driver,CID571648,Mini,Indiranagar,MG Road,,,Not Applicable,Personal & Car related issue,Not Applicable,Not Applicable,352,Not Applicable,0,,
2024-07-21 15:32:00,CNR3673421254,Canceled by Driver,CID637380,Bike,Langford Town,RT Nagar,,,Not Applicable,More than permitted people in there,Not Applicable,Not Applicable,418,Not Applicable,0,,
2024-07-21 03:10:00,CNR3320366925,Success,CID862823,Prime Plus,Vijayanagar,KR Puram,154.0,135.0,Not Applicable,Not Applicable,No,Not Applicable,464,Cash,23,3.9,3.7
2024-07-30 15:05:00,CNR4392361186,Canceled by Customer,CID647236,Prime Plus,Bellandur,Bannerghatta Road,,,AC is Not working,Not Applicable,Not Applicable,Not Applicable,231,Not Applicable,0,,
2024-07-17 07:25:00,CNR6304825701,Canceled by Customer,CID488034,Auto,Shivajinagar,Langford Town,,,Driver asked to cancel,Not Applicable,Not Applicable,Not Applicable,315,Not Applicable,0,,
2024-07-09 15:49:00,CNR5795561511,Success,CID497555,Prime Sedan,Jayanagar,Nagarbhavi,56.0,80.0,Not Applicable,Not Applicable,No,Not Applicable,504,Cash,21,3.3,5.0
2024-07-06 18:20:00,CNR3471724752,Canceled by Customer,CID416654,eBike,Marathahalli,Richmond Town,,,AC is Not working,Not Applicable,Not Applicable,Not Applicable,2374,Not Applicable,0,,
2024-07-28 03:53:00,CNR9652879706,Driver Not Found,CID907728,eBike,BTM Layout,BTM Layout,,,Not Applicable,Not Applicable,Not Applicable,Not Applicable,232,Not Applicable,0,,
2024-07-09 07:25:00,CNR5936125556,Driver Not Found,CID740402,Bike,Bellandur,BTM Layout,,,Not Applicable,Not Applicable,Not Applicable,Not Applicable,332,Not Applicable,0,,
2024-07-18 21:35:00,CNR6899325685,Canceled by Customer,CID109355,Auto,Cox Town,Indiranagar,,,Driver is not moving towards pickup location,Not Applicable,Not Applicable,Not Applicable,790,Not Applicable,0,,
2024-07-19 16:50:00,CNR7609720599,Success,CID784729,Prime Plus,Chamarajpet,Richmond Town,105.0,25.0,Not Applicable,Not Applicable,No,Not Applicable,190,UPI,13,3.3,4.2
2024-07-14 22:14:00,CNR8747973290,Canceled by Driver,CID287500,Bike,Malleshwaram,Chamarajpet,,,Not Applicable,Customer related issue,Not Applicable,Not Applicable,360,Not Applicable,0,,
2024-07-29 08:57:00,CNR3589758441,Canceled by Customer,CID863943,Prime SUV,Mysore Road,Vijayanagar,,,Change of plans,Not Applicable,Not Applicable,Not Applicable,406,Not Applicable,0,,
2024-07-02 19:46:00,CNR8531178482,Success,CID912769,Bike,Basavanagudi,Indiranagar,140.0,100.0,Not Applicable,Not Applicable,No,Not Applicable,1999,Cash,42,4.0,3.6
2024-07-25 13:15:00,CNR7190878956,Success,CID144440,Prime Sedan,JP Nagar,HSR Layout,224.0,110.0,Not Applicable,Not Applicable,No,Not Applicable,621,Cash,18,3.9,3.7
2024-07-24 20:54:00,CNR5922789656,Success,CID734157,Prime SUV,Rajarajeshwari Nagar,BTM Layout,105.0,75.0,Not Applicable,Not Applicable,No,Not Applicable,324,UPI,33,3.0,3.9
2024-07-19 22:32:00,CNR3977071088,Success,CID366878,Mini,Majestic,HSR Layout,245.0,50.0,Not Applicable,Not Applicable,No,Not Applicable,157,Cash,12,3.9,3.7
2024-07-17 16:47:00,CNR7263813089,Success,CID951523,Bike,Indiranagar,Shivajinagar,84.0,35.0,Not Applicable,Not Applicable,No,Not Applicable,300,Cash,21,4.2,3.0
2024-07-30 13:15:00,CNR2417080530,Driver Not Found,CID464001,Auto,Majestic,Cox Town,,,Not Applicable,Not Applicable,Not Applicable,Not Applicable,269,Not Applicable,0,,
2024-07-12 06:01:00,CNR4579523747,Success,CID520393,Prime Plus,Sahakar Nagar,Kadugodi,77.0,90.0,Not Applicable,Not Applicable,Yes,Vehicle Breakdown,829,Credit Card,19,4.2,3.1
2024-07-20 13:52:00,CNR1739031762,Success,CID801941,Bike,Padmanabhanagar,Ramamurthy Nagar,168.0,100.0,Not Applicable,Not Applicable,No,Not Applicable,439,UPI,1,4.5,3.7
2024-07-06 16:43:00,CNR2045792179,Success,CID514789,Mini,Sarjapur Road,Devanahalli,168.0,60.0,Not Applicable,Not Applicable,No,Not Applicable,255,UPI,30,3.9,3.7
2024-07-04 21:59:00,CNR6644767523,Success,CID117485,Prime Sedan,Electronic City,Jayanagar,175.0,50.0,Not Applicable,Not Applicable,No,Not Applicable,2485,Cash,19,4.7,4.3
2024-07-23 03:20:00,CNR5712365280,Success,CID590525,eBike,Nagarbhavi,Ulsoor,196.0,90.0,Not Applicable,Not Applicable,No,Not Applicable,238,Cash,9,3.3,3.8
2024-07-09 10:43:00,CNR8950010519,Success,CID358757,Bike,Devanahalli,Kengeri,210.0,105.0,Not Applicable,Not Applicable,No,Not Applicable,604,Cash,11,3.4,3.3
2024-07-22 02:47:00,CNR7150835865,Canceled by Driver,CID308311,Mini,Hulimavu,Hennur,,,Not Applicable,Personal & Car related issue,Not Applicable,Not Applicable,655,Not Applicable,0,,
2024-07-30 04:24:00,CNR5515989789,Success,CID831543,eBike,Hulimavu,Banashankari,161.0,135.0,Not Applicable,Not Applicable,No,Not Applicable,332,Cash,3,4.9,4.5
2024-07-06 01:32:00,CNR3882533549,Driver Not Found,CID589965,Prime SUV,Sarjapur Road,Hulimavu,,,Not Applicable,Not Applicable,Not Applicable,Not Applicable,303,Not Applicable,0,,
2024-07-23 12:57:00,CNR9289448694,Driver Not Found,CID774318,Prime SUV,Majestic,Yelahanka,,,Not Applicable,Not Applicable,Not Applicable,Not Applicable,685,Not Applicable,0,,
2024-07-09 16:16:00,CNR3890413397,Success,CID135517,eBike,Vijayanagar,Shantinagar,287.0,25.0,Not Applicable,Not Applicable,No,Not Applicable,493,Cash,32,3.1,4.8
2024-07-28 19:00:00,CNR9056602717,Success,CID955577,eBike,MG Road,Shivajinagar,49.0,115.0,Not Applicable,Not Applicable,No,Not Applicable,944,Cash,48,3.2,3.1
2024-07-11 19:47:00,CNR1610141737,Success,CID106405,Mini,Rajajinagar,Koramangala,210.0,95.0,Not Applicable,Not Applicable,No,Not Applicable,146,UPI,48,3.4,4.7
2024-07-09 08:28:00,CNR3899326190,Success,CID128502,Mini,Shivajinagar,Jayanagar,126.0,55.0,Not Applicable,Not Applicable,No,Not Applicable,721,UPI,31,4.8,3.6
2024-07-21 19:55:00,CNR6596942083,Driver Not Found,CID657526,Prime Plus,Chickpet,Cox Town,,,Not Applicable,Not Applicable,Not Applicable,Not Applicable,170,Not Applicable,0,,
2024-07-02 06:59:00,CNR5451659899,Success,CID930193,eBike,Hosur Road,Varthur,70.0,75.0,Not Applicable,Not Applicable,No,Not Applicable,324,UPI,8,4.0,3.4
2024-07-05 23:56:00,CNR7812509481,Success,CID786889,Prime Sedan,Banashankari,Rajajinagar,49.0,45.0,Not Applicable,Not Applicable,No,Not Applicable,404,Cash,26,4.2,4.3
2024-07-24 12:28:00,CNR1699329161,Canceled by Customer,CID338529,Auto,Banashankari,Banashankari,,,Wrong Address,Not Applicable,Not Applicable,Not Applicable,124,Not Applicable,0,,
2024-07-21 21:42:00,CNR6252451420,Success,CID162794,Prime Plus,Yeshwanthpur,Indiranagar,294.0,30.0,Not Applicable,Not Applicable,No,Not Applicable,481,Cash,3,4.7,3.5
2024-07-02 16:55:00,CNR2916765739,Success,CID749480,Mini,Bannerghatta Road,Frazer Town,280.0,45.0,Not Applicable,Not Applicable,No,Not Applicable,331,UPI,49,5.0,3.8
2024-07-03 09:07:00,CNR8179702624,Success,CID514414,eBike,Ramamurthy Nagar,MG Road,189.0,105.0,Not Applicable,Not Applicable,No,Not Applicable,655,UPI,39,4.2,4.2
2024-07-16 01:37:00,CNR1209404857,Success,CID356103,Prime Plus,Chamarajpet,Rajajinagar,203.0,115.0,Not Applicable,Not Applicable,No,Not Applicable,331,Cash,24,3.8,3.5
2024-07-25 22:25:00,CNR1808774457,Canceled by Driver,CID265193,Bike,Ramamurthy Nagar,Peenya,,,Not Applicable,Personal & Car related issue,Not Applicable,Not Applicable,2840,Not Applicable,0,,
2024-07-12 19:00:00,CNR7770428187,Canceled by Driver,CID270498,Prime SUV,JP Nagar,Nagarbhavi,,,Not Applicable,Personal & Car related issue,Not Applicable,Not Applicable,301,Not Applicable,0,,
2024-07-19 04:15:00,CNR3619193378,Canceled by Customer,CID366204,eBike,Hebbal,Chamarajpet,,,Wrong Address,Not Applicable,Not Applicable,Not Applicable,222,Not Applicable,0,,
2024-07-04 23:23:00,CNR4890647012,Success,CID142370,Prime Plus,Bannerghatta Road,Koramangala,119.0,50.0,Not Applicable,Not Applicable,No,Not Applicable,2565,Cash,46,3.2,4.6
2024-07-14 15:00:00,CNR7895832081,Driver Not Found,CID102698,eBike,Ulsoor,Ulsoor,,,Not Applicable,Not Applicable,Not Applicable,Not Applicable,136,Not Applicable,0,,
2024-07-24 10:10:00,CNR2011071090,Success,CID217024,eBike,Whitefield,Yeshwanthpur,280.0,125.0,Not Applicable,Not Applicable,No,Not Applicable,772,Cash,31,4.8,4.1
2024-07-09 00:55:00,CNR9323331842,Success,CID147492,Auto,Ulsoor,Koramangala,252.0,90.0,Not Applicable,Not Applicable,No,Not Applicable,145,UPI,18,4.5,4.9
2024-07-26 12:47:00,CNR9370826793,Success,CID490549,Prime Sedan,Shantinagar,Electronic City,238.0,30.0,Not Applicable,Not Applicable,Yes,Other Issue,474,UPI,2,4.4,3.6
2024-07-06 06:11:00,CNR3948172104,Canceled by Driver,CID192161,Prime SUV,Malleshwaram,Hebbal,,,Not Applicable,More than permitted people in there,Not Applicable,Not Applicable,329,Not Applicable,0,,
2024-07-07 13:42:00,CNR4079718809,Success,CID191279,Mini,Sarjapur Road,Vijayanagar,49.0,140.0,Not Applicable,Not Applicable,No,Not Applicable,1021,UPI,8,4.7,3.3
2024-07-17 22:51:00,CNR4650245968,Success,CID752975,eBike,Bellandur,Kammanahalli,91.0,85.0,Not Applicable,Not Applicable,No,Not Applicable,240,Cash,38,4.7,3.0
2024-07-16 13:21:00,CNR1163471489,Success,CID389982,Prime Plus,Koramangala,JP Nagar,245.0,100.0,Not Applicable,Not Applicable,No,Not Applicable,1254,Cash,28,4.4,4.3
2024-07-01 22:59:00,CNR8173563843,Success,CID209120,Prime Sedan,Vijayanagar,Basavanagudi,147.0,70.0,Not Applicable,Not Applicable,No,Not Applicable,300,UPI,4,4.5,4.4
2024-07-26 09:05:00,CNR1220717600,Canceled by Driver,CID667864,eBike,Whitefield,Jayanagar,,,Not Applicable,Personal & Car related issue,Not Applicable,Not Applicable,162,Not Applicable,0,,
2024-07-25 10:00:00,CNR8358903840,Success,CID341955,Bike,Richmond Town,Jayanagar,35.0,125.0,Not Applicable,Not Applicable,No,Not Applicable,475,UPI,2,4.1,4.6
2024-07-24 10:50:00,CNR7331230743,Driver Not Found,CID462409,Mini,Yelahanka,Sahakar Nagar,,,Not Applicable,Not Applicable,Not Applicable,Not Applicable,158,Not Applicable,0,,
2024-07-23 04:22:00,CNR6705940069,Success,CID354960,Auto,Hebbal,Cox Town,252.0,115.0,Not Applicable,Not Applicable,No,Not Applicable,749,Cash,5,4.6,3.7
2024-07-05 21:26:00,CNR3205978732,Canceled by Customer,CID187874,Prime Sedan,Kengeri,Shivajinagar,,,Driver asked to cancel,Not Applicable,Not Applicable,Not Applicable,1271,Not Applicable,0,,
2024-07-24 12:48:00,CNR6941198465,Canceled by Customer,CID691545,Bike,HSR Layout,RT Nagar,,,AC is Not working,Not Applicable,Not Applicable,Not Applicable,2595,Not Applicable,0,,
2024-07-16 01:51:00,CNR4093657900,Success,CID670785,Prime Plus,Nagarbhavi,Chamarajpet,147.0,135.0,Not Applicable,Not Applicable,No,Not Applicable,492,Cash,8,4.9,4.6
2024-07-26 20:02:00,CNR2165020753,Success,CID701958,Mini,Hulimavu,Devanahalli,294.0,115.0,Not Applicable,Not Applicable,No,Not Applicable,172,UPI,38,4.5,3.7
2024-07-05 08:00:00,CNR6650313188,Canceled by Customer,CID668197,Prime Plus,MG Road,Padmanabhanagar,,,AC is Not working,Not Applicable,Not Applicable,Not Applicable,417,Not Applicable,0,,
2024-07-28 21:36:00,CNR3599362245,Success,CID304576,Bike,Jayanagar,Chamarajpet,308.0,125.0,Not Applicable,Not Applicable,Yes,Customer Demand,203,Cash,2,3.7,4.6
2024-07-03 05:03:00,CNR9938897990,Success,CID783886,Bike,RT Nagar,Hennur,91.0,75.0,Not Applicable,Not Applicable,No,Not Applicable,204,Cash,1,3.3,3.2
2024-07-19 01:03:00,CNR9084112884,Success,CID825838,eBike,Koramangala,Richmond Town,35.0,125.0,Not Applicable,Not Applicable,No,Not Applicable,373,UPI,42,3.8,4.8
2024-07-18 23:58:00,CNR2874544029,Success,CID346641,Bike,Hulimavu,Malleshwaram,84.0,135.0,Not Applicable,Not Applicable,No,Not Applicable,1287,Credit Card,9,3.9,3.7
2024-07-28 08:28:00,CNR4716178479,Success,CID475320,Auto,JP Nagar,JP Nagar,49.0,25.0,Not Applicable,Not Applicable,No,Not Applicable,2077,Cash,5,4.4,4.6
2024-07-05 03:16:00,CNR1868420726,Canceled by Driver,CID618712,Bike,Hulimavu,Padmanabhanagar,,,Not Applicable,Customer related issue,Not Applicable,Not Applicable,238,Not Applicable,0,,
2024-07-24 18:11:00,CNR5012564597,Success,CID598188,Auto,Ramamurthy Nagar,Bannerghatta Road,259.0,145.0,Not Applicable,Not Applicable,No,Not Applicable,643,Cash,1,5.0,3.1
2024-07-24 10:21:00,CNR2532368955,Success,CID928678,Prime Plus,Hulimavu,Hulimavu,70.0,25.0,Not Applicable,Not Applicable,No,Not Applicable,390,UPI,5,4.8,3.8
2024-07-30 16:02:00,CNR2529425371,Success,CID770845,Prime SUV,Frazer Town,Devanahalli,196.0,95.0,Not Applicable,Not Applicable,Yes,Vehicle Breakdown,380,Cash,36,4.1,3.1
2024-07-01 23:44:00,CNR7216078485,Success,CID428568,eBike,Sarjapur Road,Frazer Town,266.0,140.0,Not Applicable,Not Applicable,No,Not Applicable,106,UPI,41,4.5,4.1
2024-07-08 21:20:00,CNR6734733500,Success,CID151660,Prime SUV,Banashankari,Mysore Road,252.0,115.0,Not Applicable,Not Applicable,No,Not Applicable,582,Cash,35,3.4,4.8
2024-07-23 12:43:00,CNR2337938770,Canceled by Driver,CID597742,Bike,Banashankari,Majestic,,,Not Applicable,Personal & Car related issue,Not Applicable,Not Applicable,581,Not Applicable,0,,
2024-07-15 16:20:00,CNR9200764001,Success,CID230537,Auto,Hebbal,Sarjapur Road,63.0,120.0,Not Applicable,Not Applicable,No,Not Applicable,787,UPI,6,3.4,4.7
2024-07-30 03:27:00,CNR2828472615,Canceled by Customer,CID779049,eBike,Yeshwanthpur,BTM Layout,,,Driver is not moving towards pickup location,Not Applicable,Not Applicable,Not Applicable,156,Not Applicable,0,,
2024-07-10 13:53:00,CNR5327395957,Success,CID609771,eBike,Hulimavu,HSR Layout,182.0,25.0,Not Applicable,Not Applicable,Yes,Customer Demand,188,Cash,31,4.3,3.1
2024-07-01 09:51:00,CNR7800727661,Driver Not Found,CID749684,Auto,Kadugodi,Sahakar Nagar,,,Not Applicable,Not Applicable,Not Applicable,Not Applicable,297,Not Applicable,0,,
2024-07-23 07:14:00,CNR1840552169,Success,CID724059,eBike,Whitefield,Rajajinagar,98.0,70.0,Not Applicable,Not Applicable,No,Not Applicable,198,Cash,47,3.1,4.6
2024-07-29 04:47:00,CNR2873397010,Success,CID241063,Prime Plus,Tumkur Road,Kammanahalli,56.0,135.0,Not Applicable,Not Applicable,No,Not Applicable,382,Cash,17,4.5,5.0
2024-07-10 03:23:00,CNR8355511945,Success,CID355089,Bike,Padmanabhanagar,Ramamurthy Nagar,77.0,90.0,Not Applicable,Not Applicable,No,Not Applicable,259,UPI,13,3.5,3.4
2024-07-25 10:36:00,CNR2047504564,Canceled by Customer,CID467841,Prime SUV,Cox Town,Kengeri,,,Driver asked to cancel,Not Applicable,Not Applicable,Not Applicable,296,Not Applicable,0,,
2024-07-14 01:04:00,CNR8695289860,Success,CID917096,Bike,Mysore Road,Electronic City,77.0,105.0,Not Applicable,Not Applicable,No,Not Applicable,533,Cash,16,4.8,3.2
2024-07-11 03:42:00,CNR4562496683,Success,CID723848,Auto,MG Road,Frazer Town,63.0,140.0,Not Applicable,Not Applicable,No,Not Applicable,321,Debit Card,3,3.5,3.2
2024-07-03 23:03:00,CNR4676930779,Success,CID976664,Mini,Varthur,Koramangala,210.0,145.0,Not Applicable,Not Applicable,No,Not Applicable,499,Cash,42,4.2,4.5
2024-07-14 08:20:00,CNR7987190895,Success,CID699842,Bike,Shantinagar,Hulimavu,49.0,95.0,Not Applicable,Not Applicable,No,Not Applicable,497,UPI,10,3.8,3.4
2024-07-10 19:25:00,CNR9599453112,Success,CID995553,Mini,Jayanagar,Sarjapur Road,203.0,40.0,Not Applicable,Not Applicable,No,Not Applicable,406,Cash,19,3.7,4.8
2024-07-17 21:12:00,CNR5653696112,Success,CID263147,eBike,Nagarbhavi,Langford Town,175.0,100.0,Not Applicable,Not Applicable,No,Not Applicable,384,UPI,13,4.6,3.1
2024-07-22 12:35:00,CNR8776938518,Driver Not Found,CID792329,Bike,Hosur Road,Electronic City,,,Not Applicable,Not Applicable,Not Applicable,Not Applicable,304,Not Applicable,0,,
2024-07-01 13:36:00,CNR5712530270,Success,CID667391,Prime Plus,KR Puram,Tumkur Road,70.0,80.0,Not Applicable,Not Applicable,No,Not Applicable,106,Cash,10,4.7,5.0
2024-07-01 03:31:00,CNR6792507294,Driver Not Found,CID390874,Prime Sedan,Electronic City,Whitefield,,,Not Applicable,Not Applicable,Not Applicable,Not Applicable,204,Not Applicable,0,,
2024-07-12 11:44:00,CNR5052351969,Canceled by Driver,CID690429,Mini,Padmanabhanagar,Varthur,,,Not Applicable,Customer was coughing/sick,Not Applicable,Not Applicable,1166,Not Applicable,0,,
2024-07-28 06:39:00,CNR1301868874,Success,CID485261,Prime Sedan,Nagarbhavi,RT Nagar,301.0,95.0,Not Applicable,Not Applicable,No,Not Applicable,207,Cash,42,4.0,3.7
2024-07-22 15:52:00,CNR3630477360,Canceled by Customer,CID420908,eBike,Electronic City,Hebbal,,,Driver asked to cancel,Not Applicable,Not Applicable,Not Applicable,199,Not Applicable,0,,
2024-07-19 20:33:00,CNR5686942341,Success,CID824131,eBike,Ulsoor,Hennur,252.0,95.0,Not Applicable,Not Applicable,Yes,Customer Demand,991,UPI,46,4.9,3.1
2024-07-16 12:33:00,CNR3400455362,Success,CID365309,Auto,KR Puram,Peenya,112.0,140.0,Not Applicable,Not Applicable,No,Not Applicable,146,Cash,3,4.3,3.1
2024-07-06 11:03:00,CNR3217124196,Success,CID541179,Prime Sedan,BTM Layout,Magadi Road,224.0,135.0,Not Applicable,Not Applicable,No,Not Applicable,193,UPI,31,4.0,3.5
2024-07-17 00:34:00,CNR5131160558,Driver Not Found,CID387587,Prime SUV,Vijayanagar,Yelahanka,,,Not Applicable,Not Applicable,Not Applicable,Not Applicable,462,Not Applicable,0,,
2024-07-04 07:01:00,CNR8883442793,Canceled by Customer,CID698196,Bike,Vijayanagar,Electronic City,,,Driver is not moving towards pickup location,Not Applicable,Not Applicable,Not Applicable,454,Not Applicable,0,,
2024-07-09 02:14:00,CNR6005129455,Canceled by Driver,CID724480,Mini,Kadugodi,Mysore Road,,,Not Applicable,Customer was coughing/sick,Not Applicable,Not Applicable,630,Not Applicable,0,,
2024-07-20 09:40:00,CNR3068585932,Success,CID553989,Mini,MG Road,Malleshwaram,231.0,140.0,Not Applicable,Not Applicable,No,Not Applicable,214,Cash,13,5.0,4.1
2024-07-30 23:58:00,CNR3338333334,Success,CID788833,Prime SUV,Yelahanka,BTM Layout,287.0,35.0,Not Applicable,Not Applicable,No,Not Applicable,697,Cash,47,4.5,3.0
2024-07-17 12:05:00,CNR2092119282,Success,CID265551,Bike,Shantinagar,Rajarajeshwari Nagar,231.0,55.0,Not Applicable,Not Applicable,No,Not Applicable,506,Credit Card,14,4.6,3.7
2024-07-04 04:41:00,CNR3058210407,Canceled by Driver,CID144856,Prime SUV,MG Road,Bannerghatta Road,,,Not Applicable,Customer related issue,Not Applicable,Not Applicable,157,Not Applicable,0,,
2024-07-31 00:00:00,CNR3782094311,Success,CID934323,eBike,Rajarajeshwari Nagar,Sahakar Nagar,126.0,50.0,Not Applicable,Not Applicable,No,Not Applicable,176,Cash,2,4.1,4.9
2024-07-15 19:52:00,CNR1465600174,Canceled by Driver,CID424393,Prime Sedan,Hennur,Mysore Road,,,Not Applicable,More than permitted people in there,Not Applicable,Not Applicable,132,Not Applicable,0,,
2024-07-20 10:45:00,CNR3019376342,Success,CID512195,Mini,Ramamurthy Nagar,Tumkur Road,70.0,115.0,Not Applicable,Not Applicable,No,Not Applicable,121,UPI,33,3.3,3.4
2024-07-18 15:27:00,CNR3815786187,Driver Not Found,CID963098,Mini,Kadugodi,Chamarajpet,,,Not Applicable,Not Applicable,Not Applicable,Not Applicable,373,Not Applicable,0,,
2024-07-28 10:54:00,CNR9337486836,Canceled by Driver,CID334641,Prime SUV,Ulsoor,Basavanagudi,,,Not Applicable,Personal & Car related issue,Not Applicable,Not Applicable,105,Not Applicable,0,,
2024-07-05 22:21:00,CNR3481525732,Driver Not Found,CID194194,eBike,HSR Layout,Cox Town,,,Not Applicable,Not Applicable,Not Applicable,Not Applicable,185,Not Applicable,0,,
2024-07-09 10:08:00,CNR2601264638,Success,CID985945,Mini,Hennur,Magadi Road,189.0,65.0,Not Applicable,Not Applicable,No,Not Applicable,608,Cash,28,3.3,4.8
2024-07-06 23:14:00,CNR6403027796,Success,CID556457,eBike,JP Nagar,Langford Town,112.0,85.0,Not Applicable,Not Applicable,No,Not Applicable,456,UPI,40,3.3,3.7
2024-07-10 05:05:00,CNR7581563509,Success,CID296851,Prime Sedan,Hulimavu,Majestic,189.0,110.0,Not Applicable,Not Applicable,No,Not Applicable,311,Cash,9,3.7,4.0
2024-07-18 04:03:00,CNR2930378820,Success,CID227842,Mini,Devanahalli,Basavanagudi,259.0,125.0,Not Applicable,Not Applicable,No,Not Applicable,433,Cash,26,3.8,3.4
2024-07-03 04:59:00,CNR3863099868,Success,CID828604,Prime Plus,JP Nagar,Malleshwaram,161.0,105.0,Not Applicable,Not Applicable,No,Not Applicable,236,UPI,11,3.0,4.9
2024-07-26 14:27:00,CNR4266521820,Canceled by Driver,CID192179,Prime SUV,Cox Town,Varthur,,,Not Applicable,Personal & Car related issue,Not Applicable,Not Applicable,568,Not Applicable,0,,
2024-07-25 22:24:00,CNR1839171753,Success,CID656817,Prime Plus,Indiranagar,Chickpet,133.0,55.0,Not Applicable,Not Applicable,No,Not Applicable,174,UPI,22,3.6,3.6
2024-07-27 03:01:00,CNR9820883095,Canceled by Customer,CID674496,Mini,Yelahanka,Kammanahalli,,,Driver is not moving towards pickup location,Not Applicable,Not Applicable,Not Applicable,452,Not Applicable,0,,
2024-07-22 22:36:00,CNR3632726882,Success,CID493288,Prime Sedan,Whitefield,Koramangala,35.0,85.0,Not Applicable,Not Applicable,No,Not Applicable,445,UPI,46,3.5,4.1
2024-07-08 03:56:00,CNR1515290040,Success,CID951597,Auto,Devanahalli,Kammanahalli,196.0,50.0,Not Applicable,Not Applicable,No,Not Applicable,415,UPI,4,3.1,4.6
2024-07-12 21:31:00,CNR8969817375,Canceled by Driver,CID635367,eBike,Sarjapur Road,Rajajinagar,,,Not Applicable,Personal & Car related issue,Not Applicable,Not Applicable,189,Not Applicable,0,,
2024-07-27 02:10:00,CNR2026722239,Success,CID104639,Auto,Indiranagar,Hebbal,182.0,50.0,Not Applicable,Not Applicable,No,Not Applicable,998,UPI,5,3.2,4.9
2024-07-12 22:35:00,CNR2525300661,Success,CID838397,Auto,Yelahanka,Malleshwaram,98.0,95.0,Not Applicable,Not Applicable,No,Not Applicable,710,UPI,12,4.0,4.3
2024-07-20 03:50:00,CNR6794954671,Success,CID883906,Prime SUV,Yelahanka,Frazer Town,245.0,100.0,Not Applicable,Not Applicable,No,Not Applicable,481,UPI,12,4.6,3.8
2024-07-16 00:56:00,CNR3269311338,Success,CID514910,Prime SUV,Kengeri,Langford Town,301.0,30.0,Not Applicable,Not Applicable,No,Not Applicable,328,Cash,24,4.1,4.0
2024-07-19 07:40:00,CNR5653470427,Success,CID912068,Bike,Indiranagar,Majestic,133.0,130.0,Not Applicable,Not Applicable,No,Not Applicable,946,UPI,25,3.6,3.0
2024-07-30 01:53:00,CNR1354967149,Success,CID256800,Prime SUV,Rajajinagar,Langford Town,252.0,65.0,Not Applicable,Not Applicable,No,Not Applicable,134,UPI,28,4.3,3.5
2024-07-13 11:08:00,CNR1018059373,Canceled by Customer,CID484079,Prime SUV,Padmanabhanagar,Banashankari,,,Change of plans,Not Applicable,Not Applicable,Not Applicable,378,Not Applicable,0,,
2024-07-29 22:09:00,CNR2581888658,Canceled by Customer,CID410678,Mini,JP Nagar,Indiranagar,,,Driver is not moving towards pickup location,Not Applicable,Not Applicable,Not Applicable,700,Not Applicable,0,,
2024-07-14 10:02:00,CNR6110565030,Success,CID276685,Prime Sedan,Hosur Road,Yelahanka,49.0,50.0,Not Applicable,Not Applicable,No,Not Applicable,399,UPI,37,4.1,3.5
2024-07-02 19:19:00,CNR6077764670,Success,CID329211,Prime SUV,Devanahalli,Marathahalli,154.0,120.0,Not Applicable,Not Applicable,No,Not Applicable,2332,UPI,17,3.8,4.8
2024-07-13 06:03:00,CNR5426861994,Canceled by Driver,CID485657,eBike,Marathahalli,Varthur,,,Not Applicable,Personal & Car related issue,Not Applicable,Not Applicable,528,Not Applicable,0,,
2024-07-16 12:26:00,CNR6224838504,Driver Not Found,CID509935,eBike,Banashankari,Malleshwaram,,,Not Applicable,Not Applicable,Not Applicable,Not Applicable,967,Not Applicable,0,,
2024-07-22 21:10:00,CNR8738132219,Success,CID521453,eBike,Sahakar Nagar,Kengeri,105.0,30.0,Not Applicable,Not Applicable,Yes,Other Issue,243,Cash,1,3.5,3.7
2024-07-01 15:51:00,CNR7061646414,Canceled by Driver,CID333958,Mini,Ulsoor,Electronic City,,,Not Applicable,Customer related issue,Not Applicable,Not Applicable,675,Not Applicable,0,,
2024-07-03 06:35:00,CNR5889243248,Success,CID222422,Prime SUV,Hulimavu,Yeshwanthpur,245.0,75.0,Not Applicable,Not Applicable,No,Not Applicable,254,UPI,5,3.1,4.5
2024-07-28 12:03:00,CNR5226206320,Success,CID930840,Prime Sedan,Jayanagar,Peenya,203.0,45.0,Not Applicable,Not Applicable,No,Not Applicable,375,Cash,30,3.0,3.8
2024-07-17 20:27:00,CNR7545225817,Canceled by Driver,CID506517,Bike,Tumkur Road,Peenya,,,Not Applicable,More than permitted people in there,Not Applicable,Not Applicable,126,Not Applicable,0,,
2024-07-08 22:52:00,CNR5479559838,Success,CID275627,Auto,Sarjapur Road,Cox Town,168.0,145.0,Not Applicable,Not Applicable,No,Not Applicable,766,Credit Card,14,4.9,3.2
2024-07-10 11:21:00,CNR7934704242,Success,CID345173,Prime SUV,Varthur,Ulsoor,182.0,75.0,Not Applicable,Not Applicable,No,Not Applicable,269,Cash,35,3.1,5.0
2024-07-06 16:11:00,CNR6102755493,Success,CID131943,Bike,Whitefield,Vijayanagar,259.0,25.0,Not Applicable,Not Applicable,No,Not Applicable,2011,Cash,46,3.5,3.3
2024-07-05 06:51:00,CNR4092369129,Success,CID675286,Prime SUV,Hosur Road,Chamarajpet,119.0,25.0,Not Applicable,Not Applicable,No,Not Applicable,900,UPI,9,4.4,4.3
2024-07-20 19:40:00,CNR5662830467,Success,CID305638,Mini,Mysore Road,Shantinagar,308.0,90.0,Not Applicable,Not Applicable,No,Not Applicable,333,Cash,3,3.9,3.4
2024-07-03 20:38:00,CNR3121449865,Canceled by Customer,CID407931,Bike,Magadi Road,Cox Town,,,AC is Not working,Not Applicable,Not Applicable,Not Applicable,162,Not Applicable,0,,
2024-07-28 08:19:00,CNR7006217089,Success,CID650532,Prime Plus,Majestic,JP Nagar,42.0,35.0,Not Applicable,Not Applicable,No,Not Applicable,1930,Cash,40,4.3,3.4
2024-07-01 16:34:00,CNR6464300565,Success,CID274337,Prime SUV,Sarjapur Road,Hennur,189.0,105.0,Not Applicable,Not Applicable,No,Not Applicable,479,Cash,16,3.4,4.2
2024-07-01 17:30:00,CNR7041840663,Success,CID864161,Prime Sedan,Koramangala,Tumkur Road,294.0,140.0,Not Applicable,Not Applicable,No,Not Applicable,758,Cash,30,4.3,4.2
2024-07-20 17:43:00,CNR7094550696,Success,CID540154,Prime Sedan,Padmanabhanagar,Mysore Road,35.0,90.0,Not Applicable,Not Applicable,No,Not Applicable,222,Cash,48,3.1,4.6
2024-07-15 01:27:00,CNR3816640857,Driver Not Found,CID512408,Prime Sedan,Banashankari,Nagarbhavi,,,Not Applicable,Not Applicable,Not Applicable,Not Applicable,397,Not Applicable,0,,
2024-07-18 04:14:00,CNR9345892289,Success,CID712350,Auto,Whitefield,Banashankari,63.0,115.0,Not Applicable,Not Applicable,No,Not Applicable,242,Cash,6,4.3,4.1
2024-07-26 01:08:00,CNR6119926380,Success,CID793037,Auto,Shantinagar,Whitefield,224.0,60.0,Not Applicable,Not Applicable,No,Not Applicable,388,Cash,5,4.5,4.1
2024-07-19 12:17:00,CNR3276836707,Success,CID546219,Bike,RT Nagar,Hebbal,84.0,65.0,Not Applicable,Not Applicable,No,Not Applicable,491,UPI,48,4.5,3.2
2024-07-28 09:06:00,CNR6227681570,Success,CID783296,Prime Plus,Majestic,Yeshwanthpur,168.0,85.0,Not Applicable,Not Applicable,No,Not Applicable,1560,Cash,31,3.7,3.2
2024-07-18 14:16:00,CNR1204163708,Success,CID637649,Auto,Shivajinagar,Sarjapur Road,224.0,100.0,Not Applicable,Not Applicable,No,Not Applicable,113,Cash,17,3.5,4.8
2024-07-01 12:37:00,CNR6258198575,Success,CID848599,Prime Sedan,Marathahalli,Hulimavu,112.0,140.0,Not Applicable,Not Applicable,No,Not Applicable,233,Credit Card,1,3.5,3.5
2024-07-22 21:18:00,CNR5379383538,Success,CID659239,Prime Plus,Padmanabhanagar,Langford Town,252.0,100.0,Not Applicable,Not Applicable,No,Not Applicable,360,Cash,25,4.7,4.4
2024-07-14 02:32:00,CNR6939666095,Driver Not Found,CID836966,Prime SUV,Chickpet,Frazer Town,,,Not Applicable,Not Applicable,Not Applicable,Not Applicable,598,Not Applicable,0,,
2024-07-08 23:13:00,CNR9400903251,Canceled by Customer,CID383879,Auto,Hosur Road,HSR Layout,,,Wrong Address,Not Applicable,Not Applicable,Not Applicable,362,Not Applicable,0,,
2024-07-03 23:09:00,CNR8381120133,Canceled by Customer,CID808926,Auto,Frazer Town,Ulsoor,,,Change of plans,Not Applicable,Not Applicable,Not Applicable,541,Not Applicable,0,,
2024-07-09 10:15:00,CNR8791853257,Canceled by Driver,CID458733,Bike,Shivajinagar,Hosur Road,,,Not Applicable,More than permitted people in there,Not Applicable,Not Applicable,383,Not Applicable,0,,
2024-07-05 06:15:00,CNR7537508253,Success,CID173225,Prime Plus,Peenya,BTM Layout,301.0,145.0,Not Applicable,Not Applicable,No,Not Applicable,251,UPI,41,3.1,4.1
2024-07-23 04:07:00,CNR9943551598,Success,CID324038,eBike,KR Puram,HSR Layout,77.0,30.0,Not Applicable,Not Applicable,No,Not Applicable,241,UPI,1,3.4,3.2
2024-07-21 09:54:00,CNR9044527607,Canceled by Driver,CID517422,Prime Sedan,RT Nagar,Koramangala,,,Not Applicable,More than permitted people in there,Not Applicable,Not Applicable,207,Not Applicable,0,,
2024-07-25 11:38:00,CNR3407019169,Success,CID952344,Prime Plus,Langford Town,Marathahalli,301.0,75.0,Not Applicable,Not Applicable,No,Not Applicable,310,Cash,29,4.5,4.9
2024-07-16 02:39:00,CNR4207476514,Canceled by Customer,CID447802,Prime Sedan,MG Road,HSR Layout,,,Driver is not moving towards pickup location,Not Applicable,Not Applicable,Not Applicable,805,Not Applicable,0,,
2024-07-21 17:55:00,CNR5685183840,Success,CID889987,Mini,Langford Town,MG Road,42.0,90.0,Not Applicable,Not Applicable,No,Not Applicable,503,Cash,32,4.7,3.6
2024-07-27 13:35:00,CNR4615497394,Success,CID996354,Mini,Sahakar Nagar,Yeshwanthpur,98.0,40.0,Not Applicable,Not Applicable,No,Not Applicable,143,UPI,25,3.3,4.5
2024-07-22 06:14:00,CNR7605617660,Success,CID571910,Prime Sedan,Yelahanka,Sahakar Nagar,56.0,25.0,Not Applicable,Not Applicable,No,Not Applicable,1506,Cash,45,3.8,3.1
2024-07-30 23:12:00,CNR7678428194,Canceled by Driver,CID340873,Prime SUV,Chamarajpet,Cox Town,,,Not Applicable,Personal & Car related issue,Not Applicable,Not Applicable,195,Not Applicable,0,,
2024-07-18 22:21:00,CNR3057017066,Success,CID725717,Bike,Marathahalli,Ulsoor,175.0,120.0,Not Applicable,Not Applicable,No,Not Applicable,309,Cash,1,3.8,3.3
2024-07-01 13:26:00,CNR2458246507,Success,CID877308,Auto,Malleshwaram,Malleshwaram,63.0,70.0,Not Applicable,Not Applicable,No,Not Applicable,691,Cash,10,3.7,3.2
2024-07-18 17:38:00,CNR8992647999,Success,CID864114,Prime Sedan,Ramamurthy Nagar,Nagarbhavi,84.0,65.0,Not Applicable,Not Applicable,No,Not Applicable,176,Cash,10,3.7,3.7
2024-07-07 06:52:00,CNR9324467988,Canceled by Customer,CID567747,Mini,Devanahalli,JP Nagar,,,Driver asked to cancel,Not Applicable,Not Applicable,Not Applicable,1212,Not Applicable,0,,
2024-07-05 06:49:00,CNR4073088712,Canceled by Driver,CID487215,Prime Sedan,Cox Town,Sarjapur Road,,,Not Applicable,More than permitted people in there,Not Applicable,Not Applicable,1358,Not Applicable,0,,
2024-07-25 09:38:00,CNR1758276157,Canceled by Driver,CID872932,Bike,Rajajinagar,Nagarbhavi,,,Not Applicable,Personal & Car related issue,Not Applicable,Not Applicable,313,Not Applicable,0,,
2024-07-21 06:47:00,CNR4392568403,Driver Not Found,CID478666,Auto,Chickpet,Whitefield,,,Not Applicable,Not Applicable,Not Applicable,Not Applicable,400,Not Applicable,0,,
2024-07-05 13:13:00,CNR8127782603,Success,CID873431,Prime Sedan,JP Nagar,Yelahanka,259.0,40.0,Not Applicable,Not Applicable,No,Not Applicable,464,Cash,17,4.5,4.8
2024-07-10 02:12:00,CNR7473323468,Success,CID247788,Prime SUV,Yeshwanthpur,Majestic,133.0,140.0,Not Applicable,Not Applicable,No,Not Applicable,570,Cash,14,3.4,3.4
2024-07-06 05:29:00,CNR4967956138,Success,CID264374,Prime Sedan,Chamarajpet,JP Nagar,147.0,115.0,Not Applicable,Not Applicable,No,Not Applicable,394,UPI,23,4.9,4.4
2024-07-18 06:05:00,CNR4964320863,Success,CID557160,Mini,Chickpet,Cox Town,84.0,60.0,Not Applicable,Not Applicable,No,Not Applicable,339,Credit Card,10,4.6,4.7
2024-07-17 14:17:00,CNR3679967724,Success,CID107630,Mini,Rajarajeshwari Nagar,Chickpet,70.0,100.0,Not Applicable,Not Applicable,No,Not Applicable,431,Cash,32,4.8,3.7
2024-07-10 14:48:00,CNR5950786136,Success,CID255623,Mini,Nagarbhavi,Whitefield,91.0,50.0,Not Applicable,Not Applicable,No,Not Applicable,421,Cash,1,4.2,4.5
2024-07-13 20:54:00,CNR5002030335,Success,CID393011,Prime Sedan,Kadugodi,Ramamurthy Nagar,259.0,135.0,Not Applicable,Not Applicable,No,Not Applicable,223,Cash,14,3.1,4.7
2024-07-01 08:15:00,CNR2286846261,Driver Not Found,CID464211,Auto,Hulimavu,Chickpet,,,Not Applicable,Not Applicable,Not Applicable,Not Applicable,808,Not Applicable,0,,
2024-07-04 07:53:00,CNR5745809571,Success,CID976665,Mini,Kammanahalli,Bannerghatta Road,273.0,40.0,Not Applicable,Not Applicable,No,Not Applicable,1565,Cash,1,3.9,3.1
2024-07-21 00:03:00,CNR4744882639,Success,CID477333,Auto,Indiranagar,Nagarbhavi,266.0,35.0,Not Applicable,Not Applicable,No,Not Applicable,278,Cash,17,3.6,4.7
2024-07-17 11:10:00,CNR7131777477,Success,CID241434,Prime Sedan,Frazer Town,Hebbal,210.0,80.0,Not Applicable,Not Applicable,No,Not Applicable,312,Debit Card,47,3.9,3.7
2024-07-22 22:59:00,CNR6831043073,Success,CID207717,Prime Plus,Richmond Town,Kengeri,301.0,65.0,Not Applicable,Not Applicable,No,Not Applicable,156,Cash,23,3.2,4.6
2024-07-14 05:02:00,CNR6108757355,Canceled by Driver,CID699520,Auto,HSR Layout,Hosur Road,,,Not Applicable,More than permitted people in there,Not Applicable,Not Applicable,399,Not Applicable,0,,
2024-07-27 03:13:00,CNR5023582546,Success,CID355158,Auto,MG Road,Hennur,35.0,120.0,Not Applicable,Not Applicable,No,Not Applicable,489,UPI,2,4.7,3.1
2024-07-20 15:47:00,CNR6124207369,Canceled by Customer,CID715125,Prime SUV,Kammanahalli,Jayanagar,,,Wrong Address,Not Applicable,Not Applicable,Not Applicable,352,Not Applicable,0,,
2024-07-07 07:10:00,CNR1633266280,Canceled by Customer,CID249062,Bike,Tumkur Road,Bannerghatta Road,,,Driver is not moving towards pickup location,Not Applicable,Not Applicable,Not Applicable,804,Not Applicable,0,,
2024-07-13 11:18:00,CNR4387351806,Success,CID978060,Mini,Kengeri,Vijayanagar,252.0,25.0,Not Applicable,Not Applicable,No,Not Applicable,304,Cash,36,3.6,4.8
2024-07-03 11:17:00,CNR1603989809,Success,CID981881,Prime Plus,MG Road,KR Puram,42.0,35.0,Not Applicable,Not Applicable,No,Not Applicable,493,UPI,39,3.9,4.0
2024-07-27 20:27:00,CNR5299505815,Success,CID212663,Bike,Electronic City,Richmond Town,210.0,80.0,Not Applicable,Not Applicable,No,Not Applicable,2118,Cash,15,3.1,3.2
2024-07-25 20:52:00,CNR2930484137,Driver Not Found,CID353829,Prime SUV,Ramamurthy Nagar,Devanahalli,,,Not Applicable,Not Applicable,Not Applicable,Not Applicable,251,Not Applicable,0,,
2024-07-11 05:51:00,CNR5446439642,Success,CID589423,Bike,Vijayanagar,Basavanagudi,105.0,45.0,Not Applicable,Not Applicable,No,Not Applicable,461,UPI,13,4.1,4.7
2024-07-17 08:30:00,CNR9703997185,Canceled by Driver,CID304343,eBike,Bannerghatta Road,Sarjapur Road,,,Not Applicable,Personal & Car related issue,Not Applicable,Not Applicable,236,Not Applicable,0,,
2024-07-07 00:44:00,CNR7112023094,Canceled by Customer,CID163185,Prime SUV,Sahakar Nagar,Vijayanagar,,,Driver is not moving towards pickup location,Not Applicable,Not Applicable,Not Applicable,424,Not Applicable,0,,
2024-07-15 03:14:00,CNR4539567350,Success,CID556766,Prime Sedan,Chamarajpet,BTM Layout,147.0,50.0,Not Applicable,Not Applicable,No,Not Applicable,1566,Cash,7,4.5,3.6
2024-07-08 07:08:00,CNR1191897820,Success,CID823745,eBike,Jayanagar,Rajarajeshwari Nagar,287.0,35.0,Not Applicable,Not Applicable,No,Not Applicable,386,Cash,11,3.3,4.2
2024-07-30 23:08:00,CNR4374592706,Canceled by Driver,CID702592,Mini,Sahakar Nagar,Kammanahalli,,,Not Applicable,Customer related issue,Not Applicable,Not Applicable,415,Not Applicable,0,,
2024-07-15 12:15:00,CNR4743081496,Success,CID679593,Prime Sedan,BTM Layout,Magadi Road,91.0,90.0,Not Applicable,Not Applicable,No,Not Applicable,969,UPI,23,4.9,4.3
2024-07-11 03:26:00,CNR7310433803,Driver Not Found,CID703149,eBike,BTM Layout,Shivajinagar,,,Not Applicable,Not Applicable,Not Applicable,Not Applicable,959,Not Applicable,0,,
2024-07-08 17:36:00,CNR2362362968,Success,CID386977,Bike,Padmanabhanagar,Shantinagar,77.0,105.0,Not Applicable,Not Applicable,No,Not Applicable,399,Cash,2,4.5,4.2
2024-07-27 19:25:00,CNR8973928275,Canceled by Customer,CID668710,Prime SUV,RT Nagar,Jayanagar,,,AC is Not working,Not Applicable,Not Applicable,Not Applicable,665,Not Applicable,0,,
2024-07-05 21:37:00,CNR4593318321,Canceled by Driver,CID328353,Mini,Banashankari,Majestic,,,Not Applicable,More than permitted people in there,Not Applicable,Not Applicable,215,Not Applicable,0,,
2024-07-17 03:33:00,CNR3465394416,Success,CID376856,Prime Sedan,Tumkur Road,Sahakar Nagar,70.0,55.0,Not Applicable,Not Applicable,No,Not Applicable,468,Credit Card,8,3.0,4.1
2024-07-12 14:03:00,CNR1264970658,Success,CID429423,Prime Sedan,Shantinagar,Hebbal,154.0,80.0,Not Applicable,Not Applicable,No,Not Applicable,179,Cash,10,4.6,4.9
2024-07-20 01:17:00,CNR2129548940,Canceled by Customer,CID310063,Bike,Vijayanagar,Kammanahalli,,,Driver is not moving towards pickup location,Not Applicable,Not Applicable,Not Applicable,677,Not Applicable,0,,
2024-07-14 10:51:00,CNR2590493655,Success,CID327663,eBike,MG Road,Electronic City,196.0,50.0,Not Applicable,Not Applicable,No,Not Applicable,250,Cash,41,3.7,4.2
2024-07-02 12:10:00,CNR5960811847,Success,CID857112,Prime Plus,Indiranagar,Ramamurthy Nagar,252.0,85.0,Not Applicable,Not Applicable,No,Not Applicable,227,Credit Card,24,3.3,3.1
2024-07-08 22:05:00,CNR8276712085,Success,CID625680,Bike,Vijayanagar,Electronic City,98.0,125.0,Not Applicable,Not Applicable,No,Not Applicable,646,UPI,25,3.6,4.5
2024-07-22 08:25:00,CNR3866394144,Success,CID315773,Prime Plus,Kammanahalli,Peenya,112.0,95.0,Not Applicable,Not Applicable,No,Not Applicable,207,UPI,35,3.8,4.0
2024-07-10 13:56:00,CNR7610897809,Success,CID406916,Bike,Shivajinagar,RT Nagar,112.0,130.0,Not Applicable,Not Applicable,No,Not Applicable,784,UPI,14,3.6,4.3
2024-07-07 10:57:00,CNR2765370504,Canceled by Driver,CID653568,Prime Sedan,Sahakar Nagar,Tumkur Road,,,Not Applicable,Customer related issue,Not Applicable,Not Applicable,158,Not Applicable,0,,
2024-07-07 06:12:00,CNR2961925276,Success,CID228929,Auto,Devanahalli,Bannerghatta Road,294.0,80.0,Not Applicable,Not Applicable,No,Not Applicable,831,UPI,16,4.2,3.4
2024-07-22 02:30:00,CNR3776066916,Success,CID917587,Bike,Cox Town,KR Puram,217.0,40.0,Not Applicable,Not Applicable,No,Not Applicable,171,UPI,12,4.9,3.8
2024-07-22 09:35:00,CNR1153908373,Success,CID526390,Prime Sedan,Yelahanka,Basavanagudi,161.0,135.0,Not Applicable,Not Applicable,No,Not Applicable,205,Cash,37,3.9,4.6
2024-07-20 01:29:00,CNR1557985110,Success,CID823682,eBike,Koramangala,Ramamurthy Nagar,259.0,120.0,Not Applicable,Not Applicable,No,Not Applicable,358,UPI,44,3.7,3.5
2024-07-22 04:52:00,CNR1332872166,Canceled by Driver,CID600896,Bike,Tumkur Road,Yelahanka,,,Not Applicable,Personal & Car related issue,Not Applicable,Not Applicable,497,Not Applicable,0,,
2024-07-10 17:27:00,CNR7324175529,Success,CID517043,eBike,Jayanagar,Yelahanka,196.0,55.0,Not Applicable,Not Applicable,No,Not Applicable,1598,UPI,26,4.0,3.0
2024-07-02 04:36:00,CNR3330897972,Canceled by Customer,CID561476,eBike,Koramangala,Sahakar Nagar,,,Driver is not moving towards pickup location,Not Applicable,Not Applicable,Not Applicable,148,Not Applicable,0,,
2024-07-13 06:16:00,CNR8951503931,Success,CID990909,Bike,Hosur Road,Richmond Town,70.0,110.0,Not Applicable,Not Applicable,No,Not Applicable,482,Cash,19,3.5,3.8
2024-07-09 08:20:00,CNR9514885008,Success,CID271336,Prime Plus,BTM Layout,Hulimavu,91.0,135.0,Not Applicable,Not Applicable,Yes,Vehicle Breakdown,2651,Cash,32,3.7,4.4
2024-07-03 11:50:00,CNR5021249818,Canceled by Customer,CID793792,Prime Plus,Banashankari,Nagarbhavi,,,Driver asked to cancel,Not Applicable,Not Applicable,Not Applicable,482,Not Applicable,0,,
2024-07-26 01:40:00,CNR4401768584,Success,CID427485,Prime Sedan,Banashankari,JP Nagar,70.0,25.0,Not Applicable,Not Applicable,No,Not Applicable,231,UPI,42,4.6,3.6
2024-07-15 00:25:00,CNR4288909971,Canceled by Driver,CID373138,Bike,Magadi Road,Richmond Town,,,Not Applicable,Customer was coughing/sick,Not Applicable,Not Applicable,141,Not Applicable,0,,
2024-07-05 03:29:00,CNR8791912664,Success,CID745169,Prime Sedan,BTM Layout,Bellandur,84.0,95.0,Not Applicable,Not Applicable,No,Not Applicable,269,Cash,33,3.4,4.6
2024-07-07 16:51:00,CNR9646755537,Canceled by Driver,CID657661,Auto,KR Puram,Electronic City,,,Not Applicable,Customer related issue,Not Applicable,Not Applicable,143,Not Applicable,0,,
2024-07-22 04:44:00,CNR9329248997,Success,CID814137,Bike,Kadugodi,Whitefield,42.0,140.0,Not Applicable,Not Applicable,No,Not Applicable,604,Cash,24,3.1,4.1
2024-07-26 10:21:00,CNR7380714204,Success,CID691479,Auto,Jayanagar,Basavanagudi,189.0,90.0,Not Applicable,Not Applicable,No,Not Applicable,453,UPI,17,4.0,3.7
2024-07-09 16:03:00,CNR4372881238,Driver Not Found,CID283288,Auto,Vijayanagar,Magadi Road,,,Not Applicable,Not Applicable,Not Applicable,Not Applicable,2481,Not Applicable,0,,
2024-07-03 09:23:00,CNR1215191266,Driver Not Found,CID826693,Prime SUV,Marathahalli,Langford Town,,,Not Applicable,Not Applicable,Not Applicable,Not Applicable,2341,Not Applicable,0,,
2024-07-28 02:51:00,CNR6533869358,Success,CID465101,eBike,Hebbal,Bannerghatta Road,105.0,65.0,Not Applicable,Not Applicable,No,Not Applicable,433,Cash,1,3.2,3.9
2024-07-25 20:47:00,CNR2711890373,Success,CID982890,Auto,Hennur,Frazer Town,154.0,95.0,Not Applicable,Not Applicable,No,Not Applicable,280,UPI,4,4.4,3.4
2024-07-27 08:44:00,CNR5532536593,Success,CID975383,Bike,Kammanahalli,Rajarajeshwari Nagar,91.0,60.0,Not Applicable,Not Applicable,No,Not Applicable,183,Cash,5,3.7,4.2
2024-07-26 16:42:00,CNR1540677302,Canceled by Driver,CID920686,Mini,Bannerghatta Road,Koramangala,,,Not Applicable,Customer was coughing/sick,Not Applicable,Not Applicable,222,Not Applicable,0,,
2024-07-13 09:16:00,CNR7041025464,Success,CID188904,Auto,BTM Layout,Rajarajeshwari Nagar,84.0,70.0,Not Applicable,Not Applicable,No,Not Applicable,277,Cash,12,3.6,4.2
2024-07-03 17:29:00,CNR7084963490,Canceled by Customer,CID321115,Prime SUV,Marathahalli,Langford Town,,,AC is Not working,Not Applicable,Not Applicable,Not Applicable,638,Not Applicable,0,,
2024-07-05 10:00:00,CNR1767685870,Success,CID760390,Mini,Marathahalli,HSR Layout,196.0,65.0,Not Applicable,Not Applicable,No,Not Applicable,938,UPI,23,3.1,3.5
2024-07-20 12:18:00,CNR6493056686,Success,CID840216,Prime Plus,Hennur,Kadugodi,91.0,110.0,Not Applicable,Not Applicable,No,Not Applicable,576,UPI,7,4.6,4.6
2024-07-29 14:17:00,CNR2547998199,Canceled by Customer,CID589604,Prime Plus,KR Puram,Richmond Town,,,Driver is not moving towards pickup location,Not Applicable,Not Applicable,Not Applicable,152,Not Applicable,0,,
2024-07-13 05:25:00,CNR3633878707,Canceled by Customer,CID556866,eBike,Ulsoor,JP Nagar,,,Driver is not moving towards pickup location,Not Applicable,Not Applicable,Not Applicable,458,Not Applicable,0,,
2024-07-30 07:37:00,CNR3461755855,Success,CID292604,Prime Plus,JP Nagar,RT Nagar,238.0,70.0,Not Applicable,Not Applicable,No,Not Applicable,143,Cash,18,4.5,3.7
2024-07-29 16:12:00,CNR3115687244,Success,CID521271,Auto,Magadi Road,Kammanahalli,294.0,25.0,Not Applicable,Not Applicable,Yes,Vehicle Breakdown,314,Cash,10,3.0,4.6
2024-07-15 16:17:00,CNR7231505081,Canceled by Driver,CID363433,Prime SUV,Peenya,Electronic City,,,Not Applicable,More than permitted people in there,Not Applicable,Not Applicable,832,Not Applicable,0,,
2024-07-18 01:35:00,CNR4354136769,Canceled by Driver,CID556661,Prime Sedan,KR Puram,MG Road,,,Not Applicable,Customer related issue,Not Applicable,Not Applicable,168,Not Applicable,0,,
2024-07-20 08:49:00,CNR1121313942,Success,CID894181,Auto,Yeshwanthpur,Kammanahalli,35.0,55.0,Not Applicable,Not Applicable,No,Not Applicable,556,Cash,13,3.8,4.1
2024-07-11 07:24:00,CNR9391431002,Driver Not Found,CID211925,Mini,Yelahanka,Peenya,,,Not Applicable,Not Applicable,Not Applicable,Not Applicable,245,Not Applicable,0,,
2024-07-10 11:10:00,CNR5661917336,Canceled by Customer,CID268561,Prime SUV,Yeshwanthpur,Hosur Road,,,Change of plans,Not Applicable,Not Applicable,Not Applicable,2505,Not Applicable,0,,
2024-07-15 09:51:00,CNR2155966739,Success,CID834600,eBike,Tumkur Road,Langford Town,224.0,85.0,Not Applicable,Not Applicable,No,Not Applicable,496,Cash,21,4.6,4.4
2024-07-12 13:20:00,CNR8827108679,Success,CID900534,Prime Plus,Rajajinagar,Malleshwaram,168.0,40.0,Not Applicable,Not Applicable,No,Not Applicable,358,Cash,44,4.5,3.1
2024-07-30 02:47:00,CNR8544921689,Success,CID697131,Bike,Kammanahalli,Rajarajeshwari Nagar,49.0,95.0,Not Applicable,Not Applicable,Yes,Vehicle Breakdown,162,Cash,16,4.1,4.6
2024-07-07 06:12:00,CNR7270284744,Success,CID998563,Prime SUV,Kadugodi,HSR Layout,42.0,110.0,Not Applicable,Not Applicable,No,Not Applicable,435,Cash,19,4.1,3.7
2024-07-28 06:19:00,CNR8265379482,Canceled by Customer,CID891388,Bike,Rajarajeshwari Nagar,Electronic City,,,Driver asked to cancel,Not Applicable,Not Applicable,Not Applicable,101,Not Applicable,0,,
2024-07-13 05:18:00,CNR2856326816,Success,CID370578,Prime Sedan,Majestic,Jayanagar,266.0,120.0,Not Applicable,Not Applicable,No,Not Applicable,443,UPI,1,3.2,4.3
2024-07-14 09:36:00,CNR7970480632,Success,CID910094,Prime Sedan,Sarjapur Road,Kadugodi,161.0,80.0,Not Applicable,Not Applicable,No,Not Applicable,2844,Cash,29,4.2,3.3
2024-07-22 21:42:00,CNR5059393954,Success,CID614385,Prime Sedan,RT Nagar,Rajarajeshwari Nagar,49.0,65.0,Not Applicable,Not Applicable,No,Not Applicable,499,Cash,15,3.1,4.7
2024-07-27 10:44:00,CNR4742461614,Success,CID298029,Bike,Electronic City,RT Nagar,175.0,105.0,Not Applicable,Not Applicable,No,Not Applicable,161,UPI,8,4.7,4.4
2024-07-22 06:34:00,CNR9583551032,Success,CID453695,Bike,Kammanahalli,Indiranagar,126.0,55.0,Not Applicable,Not Applicable,No,Not Applicable,336,Cash,31,4.4,4.4
2024-07-18 06:10:00,CNR2469921973,Success,CID558383,eBike,Koramangala,Malleshwaram,105.0,65.0,Not Applicable,Not Applicable,No,Not Applicable,254,Cash,39,4.4,3.7
2024-07-13 17:30:00,CNR9026977316,Success,CID522087,Prime Sedan,Jayanagar,Chamarajpet,133.0,75.0,Not Applicable,Not Applicable,No,Not Applicable,2970,UPI,22,4.1,3.4
2024-07-14 22:44:00,CNR7633498756,Success,CID204335,Prime SUV,Rajarajeshwari Nagar,Marathahalli,42.0,105.0,Not Applicable,Not Applicable,Yes,Vehicle Breakdown,105,Cash,14,3.0,4.8
2024-07-09 04:06:00,CNR7049708902,Canceled by Driver,CID597412,Prime Plus,Sarjapur Road,Sarjapur Road,,,Not Applicable,Personal & Car related issue,Not Applicable,Not Applicable,108,Not Applicable,0,,
2024-07-20 16:21:00,CNR5974030042,Success,CID672343,eBike,Basavanagudi,Richmond Town,84.0,90.0,Not Applicable,Not Applicable,No,Not Applicable,409,UPI,22,4.8,3.0
2024-07-21 22:57:00,CNR2091051654,Canceled by Driver,CID991559,Mini,RT Nagar,Koramangala,,,Not Applicable,More than permitted people in there,Not Applicable,Not Applicable,255,Not Applicable,0,,
2024-07-05 13:10:00,CNR8527650852,Success,CID132507,Bike,Chickpet,Varthur,308.0,75.0,Not Applicable,Not Applicable,No,Not Applicable,351,UPI,7,3.4,4.1
2024-07-17 14:08:00,CNR9736721698,Success,CID296323,Mini,Richmond Town,Chamarajpet,98.0,30.0,Not Applicable,Not Applicable,No,Not Applicable,129,Cash,25,3.1,4.0
2024-07-21 02:24:00,CNR6924504343,Success,CID914211,Auto,Whitefield,Shantinagar,280.0,140.0,Not Applicable,Not Applicable,No,Not Applicable,484,Cash,3,3.7,4.6
2024-07-11 17:11:00,CNR3346004577,Success,CID339067,eBike,Varthur,Basavanagudi,175.0,25.0,Not Applicable,Not Applicable,No,Not Applicable,428,UPI,45,4.0,3.1
2024-07-02 10:20:00,CNR7526629412,Success,CID963118,Prime Sedan,Bannerghatta Road,HSR Layout,133.0,130.0,Not Applicable,Not Applicable,No,Not Applicable,376,Cash,15,4.0,3.2
2024-07-17 19:00:00,CNR2211232657,Success,CID808041,Mini,Devanahalli,Shantinagar,175.0,35.0,Not Applicable,Not Applicable,No,Not Applicable,142,UPI,32,3.6,4.5
2024-07-20 03:31:00,CNR1983640459,Success,CID347431,Mini,Tumkur Road,Bannerghatta Road,35.0,115.0,Not Applicable,Not Applicable,No,Not Applicable,2694,Cash,31,4.9,4.8
2024-07-19 20:19:00,CNR3463369785,Success,CID804398,Bike,Malleshwaram,Electronic City,308.0,45.0,Not Applicable,Not Applicable,No,Not Applicable,641,Cash,6,4.2,4.4
2024-07-07 05:34:00,CNR4065336728,Driver Not Found,CID713738,Prime Sedan,Hulimavu,Rajarajeshwari Nagar,,,Not Applicable,Not Applicable,Not Applicable,Not Applicable,653,Not Applicable,0,,
2024-07-29 19:07:00,CNR9506410183,Canceled by Driver,CID160456,Prime SUV,Shivajinagar,Cox Town,,,Not Applicable,Customer was coughing/sick,Not Applicable,Not Applicable,819,Not Applicable,0,,
2024-07-02 16:22:00,CNR1048995104,Success,CID334712,eBike,Kadugodi,Kengeri,91.0,55.0,Not Applicable,Not Applicable,No,Not Applicable,489,Cash,25,3.7,3.6
2024-07-05 03:19:00,CNR9212818787,Driver Not Found,CID239669,eBike,Cox Town,Yeshwanthpur,,,Not Applicable,Not Applicable,Not Applicable,Not Applicable,237,Not Applicable,0,,
2024-07-14 12:33:00,CNR1521531637,Driver Not Found,CID578444,eBike,Hebbal,MG Road,,,Not Applicable,Not Applicable,Not Applicable,Not Applicable,325,Not Applicable,0,,
2024-07-20 02:50:00,CNR1625215539,Success,CID204839,Prime Sedan,Magadi Road,Whitefield,266.0,35.0,Not Applicable,Not Applicable,No,Not Applicable,167,UPI,33,3.5,3.2
2024-07-22 20:42:00,CNR5540969770,Driver Not Found,CID813776,Prime Plus,Koramangala,Magadi Road,,,Not Applicable,Not Applicable,Not Applicable,Not Applicable,232,Not Applicable,0,,
2024-07-13 16:58:00,CNR9895629606,Success,CID334966,Bike,Shantinagar,Cox Town,56.0,105.0,Not Applicable,Not Applicable,No,Not Applicable,183,Cash,35,4.6,3.1
2024-07-06 15:27:00,CNR3856624228,Driver Not Found,CID812642,eBike,Nagarbhavi,Devanahalli,,,Not Applicable,Not Applicable,Not Applicable,Not Applicable,646,Not Applicable,0,,
2024-07-19 05:01:00,CNR3679345659,Success,CID113374,Prime Plus,Whitefield,Ulsoor,252.0,100.0,Not Applicable,Not Applicable,No,Not Applicable,249,Cash,15,4.9,4.1
2024-07-19 06:12:00,CNR7606088738,Success,CID266626,Auto,Yeshwanthpur,Hebbal,273.0,40.0,Not Applicable,Not Applicable,No,Not Applicable,631,UPI,10,4.2,3.4
2024-07-02 21:23:00,CNR2556955628,Success,CID108624,Auto,Bannerghatta Road,Indiranagar,273.0,85.0,Not Applicable,Not Applicable,No,Not Applicable,398,Cash,5,3.7,3.3
2024-07-26 22:24:00,CNR1282886190,Success,CID661806,Mini,Ramamurthy Nagar,Sarjapur Road,42.0,105.0,Not Applicable,Not Applicable,No,Not Applicable,115,Cash,20,3.5,4.8
2024-07-10 12:08:00,CNR8545195029,Canceled by Customer,CID965906,Bike,Nagarbhavi,Sarjapur Road,,,Driver is not moving towards pickup location,Not Applicable,Not Applicable,Not Applicable,966,Not Applicable,0,,
2024-07-29 03:41:00,CNR1402619017,Canceled by Driver,CID270838,Auto,Bannerghatta Road,Bannerghatta Road,,,Not Applicable,Personal & Car related issue,Not Applicable,Not Applicable,420,Not Applicable,0,,
2024-07-19 00:34:00,CNR3707823402,Driver Not Found,CID787277,Prime SUV,Langford Town,Frazer Town,,,Not Applicable,Not Applicable,Not Applicable,Not Applicable,360,Not Applicable,0,,
2024-07-29 22:04:00,CNR1974307675,Driver Not Found,CID223853,Auto,Varthur,Vijayanagar,,,Not Applicable,Not Applicable,Not Applicable,Not Applicable,647,Not Applicable,0,,
2024-07-20 17:24:00,CNR7717759940,Canceled by Driver,CID635154,Prime Plus,Magadi Road,Kammanahalli,,,Not Applicable,Personal & Car related issue,Not Applicable,Not Applicable,297,Not Applicable,0,,
2024-07-12 03:07:00,CNR5340725396,Success,CID130545,Prime SUV,Yeshwanthpur,Chickpet,266.0,75.0,Not Applicable,Not Applicable,No,Not Applicable,441,Cash,47,3.3,3.1
2024-07-16 19:35:00,CNR3793671895,Success,CID660565,Prime Plus,MG Road,Majestic,168.0,100.0,Not Applicable,Not Applicable,No,Not Applicable,369,Cash,27,5.0,4.5
2024-07-26 23:25:00,CNR8889441467,Success,CID343472,eBike,Hosur Road,Malleshwaram,168.0,70.0,Not Applicable,Not Applicable,No,Not Applicable,161,Cash,20,4.4,3.5
2024-07-26 11:08:00,CNR7606539545,Success,CID867592,Prime Sedan,Indiranagar,Jayanagar,189.0,25.0,Not Applicable,Not Applicable,Yes,Vehicle Breakdown,163,Cash,19,4.4,4.1
2024-07-11 18:33:00,CNR9751092984,Canceled by Driver,CID563944,Bike,Hebbal,Tumkur Road,,,Not Applicable,Personal & Car related issue,Not Applicable,Not Applicable,509,Not Applicable,0,,
2024-07-12 10:00:00,CNR8291458119,Success,CID982541,Bike,Langford Town,MG Road,112.0,35.0,Not Applicable,Not Applicable,No,Not Applicable,355,Cash,10,4.8,4.2
2024-07-15 17:08:00,CNR4630179322,Canceled by Driver,CID125928,eBike,KR Puram,Kammanahalli,,,Not Applicable,Customer related issue,Not Applicable,Not Applicable,362,Not Applicable,0,,
2024-07-30 23:12:00,CNR2767223692,Success,CID685012,Bike,Varthur,Indiranagar,161.0,120.0,Not Applicable,Not Applicable,No,Not Applicable,149,UPI,33,5.0,3.4
2024-07-06 16:22:00,CNR6365841131,Success,CID780642,Prime Plus,Rajarajeshwari Nagar,Chamarajpet,224.0,55.0,Not Applicable,Not Applicable,No,Not Applicable,538,Cash,35,3.2,3.3
2024-07-20 20:42:00,CNR7033905515,Success,CID440306,Prime Sedan,Sahakar Nagar,Electronic City,91.0,85.0,Not Applicable,Not Applicable,No,Not Applicable,394,UPI,39,4.5,4.2
2024-07-04 12:07:00,CNR1593693437,Success,CID705733,Auto,Richmond Town,Basavanagudi,126.0,120.0,Not Applicable,Not Applicable,No,Not Applicable,296,Cash,16,4.0,4.0
2024-07-09 23:43:00,CNR8463818750,Canceled by Customer,CID285930,Prime Sedan,Devanahalli,Sarjapur Road,,,Driver is not moving towards pickup location,Not Applicable,Not Applicable,Not Applicable,345,Not Applicable,0,,
2024-07-04 14:30:00,CNR4024352418,Success,CID536041,Bike,Richmond Town,KR Puram,119.0,35.0,Not Applicable,Not Applicable,No,Not Applicable,885,Cash,7,4.6,4.9
2024-07-28 06:03:00,CNR5524677815,Driver Not Found,CID965865,Prime Plus,Sarjapur Road,Sahakar Nagar,,,Not Applicable,Not Applicable,Not Applicable,Not Applicable,384,Not Applicable,0,,
2024-07-18 17:05:00,CNR3777089781,Driver Not Found,CID940322,Bike,Kadugodi,BTM Layout,,,Not Applicable,Not Applicable,Not Applicable,Not Applicable,266,Not Applicable,0,,
2024-07-13 04:12:00,CNR9146287927,Success,CID884419,Bike,Ramamurthy Nagar,Banashankari,147.0,55.0,Not Applicable,Not Applicable,No,Not Applicable,402,Cash,22,3.1,4.7
2024-07-11 05:20:00,CNR4060121885,Driver Not Found,CID715253,Prime Plus,Devanahalli,Kammanahalli,,,Not Applicable,Not Applicable,Not Applicable,Not Applicable,359,Not Applicable,0,,
2024-07-01 00:45:00,CNR2277122933,Canceled by Driver,CID366142,Prime Sedan,Cox Town,Chamarajpet,,,Not Applicable,Customer related issue,Not Applicable,Not Applicable,462,Not Applicable,0,,
2024-07-07 01:22:00,CNR7295075526,Canceled by Customer,CID333836,Prime Sedan,Indiranagar,Whitefield,,,Change of plans,Not Applicable,Not Applicable,Not Applicable,687,Not Applicable,0,,
2024-07-14 13:35:00,CNR6797204695,Canceled by Driver,CID843904,Auto,KR Puram,Yeshwanthpur,,,Not Applicable,Customer was coughing/sick,Not Applicable,Not Applicable,358,Not Applicable,0,,
2024-07-16 03:23:00,CNR2519760276,Success,CID483941,Prime Sedan,Tumkur Road,BTM Layout,126.0,110.0,Not Applicable,Not Applicable,No,Not Applicable,345,Cash,5,4.1,3.2
2024-07-07 14:30:00,CNR7716432532,Success,CID973009,Prime Plus,Magadi Road,Whitefield,175.0,110.0,Not Applicable,Not Applicable,No,Not Applicable,2035,UPI,26,4.5,3.4
2024-07-26 18:27:00,CNR5279197805,Driver Not Found,CID898379,Auto,Peenya,Tumkur Road,,,Not Applicable,Not Applicable,Not Applicable,Not Applicable,2794,Not Applicable,0,,
2024-07-13 11:56:00,CNR7917083188,Success,CID308055,eBike,Mysore Road,Bannerghatta Road,77.0,145.0,Not Applicable,Not Applicable,No,Not Applicable,319,Cash,34,3.8,3.7
2024-07-27 10:30:00,CNR9678920688,Success,CID776981,eBike,Kengeri,Magadi Road,252.0,80.0,Not Applicable,Not Applicable,No,Not Applicable,2452,UPI,10,4.7,3.4
2024-07-29 12:43:00,CNR8973487836,Success,CID121147,eBike,JP Nagar,Nagarbhavi,203.0,50.0,Not Applicable,Not Applicable,No,Not Applicable,2543,Cash,21,4.8,4.4
2024-07-16 14:37:00,CNR9906859015,Canceled by Customer,CID981862,Mini,Basavanagudi,Rajarajeshwari Nagar,,,Driver is not moving towards pickup location,Not Applicable,Not Applicable,Not Applicable,796,Not Applicable,0,,
2024-07-04 00:04:00,CNR1912402931,Success,CID263966,Auto,RT Nagar,Frazer Town,266.0,115.0,Not Applicable,Not Applicable,No,Not Applicable,357,Cash,18,3.9,3.2
2024-07-12 00:43:00,CNR5326595023,Success,CID516301,eBike,Shantinagar,Hebbal,252.0,115.0,Not Applicable,Not Applicable,No,Not Applicable,349,Cash,26,3.5,3.4
2024-07-19 06:45:00,CNR4582500720,Canceled by Driver,CID392516,Prime Plus,MG Road,Ulsoor,,,Not Applicable,More than permitted people in there,Not Applicable,Not Applicable,289,Not Applicable,0,,
2024-07-19 13:07:00,CNR5479808150,Success,CID197180,Auto,Whitefield,Electronic City,182.0,85.0,Not Applicable,Not Applicable,No,Not Applicable,483,Cash,10,3.8,3.2
2024-07-05 18:11:00,CNR2094892986,Success,CID413641,Bike,Majestic,Malleshwaram,266.0,25.0,Not Applicable,Not Applicable,No,Not Applicable,235,Cash,27,3.5,3.3
2024-07-24 01:53:00,CNR1499240303,Success,CID182912,Prime SUV,Rajarajeshwari Nagar,Hebbal,294.0,75.0,Not Applicable,Not Applicable,No,Not Applicable,861,Cash,40,4.4,4.4
2024-07-05 04:59:00,CNR8371296718,Driver Not Found,CID304994,Prime Sedan,Padmanabhanagar,Langford Town,,,Not Applicable,Not Applicable,Not Applicable,Not Applicable,368,Not Applicable,0,,
2024-07-26 02:00:00,CNR1480643237,Success,CID631974,Auto,Kadugodi,HSR Layout,161.0,100.0,Not Applicable,Not Applicable,No,Not Applicable,328,Cash,16,4.1,3.1
2024-07-14 14:18:00,CNR8364705775,Driver Not Found,CID632512,eBike,Banashankari,Hebbal,,,Not Applicable,Not Applicable,Not Applicable,Not Applicable,455,Not Applicable,0,,
2024-07-23 19:46:00,CNR8836305488,Success,CID582479,eBike,Chickpet,Sahakar Nagar,238.0,95.0,Not Applicable,Not Applicable,Yes,Vehicle Breakdown,313,Cash,37,4.5,3.0
2024-07-13 08:28:00,CNR2894388291,Canceled by Customer,CID287417,Auto,Whitefield,Hennur,,,Driver is not moving towards pickup location,Not Applicable,Not Applicable,Not Applicable,1553,Not Applicable,0,,
2024-07-23 09:45:00,CNR5942615543,Success,CID718474,Prime SUV,Basavanagudi,RT Nagar,308.0,105.0,Not Applicable,Not Applicable,No,Not Applicable,2797,UPI,36,4.6,3.5
2024-07-30 05:00:00,CNR6077161886,Canceled by Driver,CID172351,Auto,RT Nagar,Basavanagudi,,,Not Applicable,Customer related issue,Not Applicable,Not Applicable,232,Not Applicable,0,,
2024-07-09 17:32:00,CNR2598549988,Success,CID812802,eBike,RT Nagar,Hebbal,252.0,60.0,Not Applicable,Not Applicable,No,Not Applicable,511,Cash,37,4.8,4.5
2024-07-24 02:17:00,CNR4738675524,Success,CID568684,Prime SUV,Langford Town,Ramamurthy Nagar,77.0,90.0,Not Applicable,Not Applicable,No,Not Applicable,387,Cash,43,3.6,3.4
2024-07-13 05:46:00,CNR5960619481,Driver Not Found,CID458385,Prime Plus,Padmanabhanagar,Basavanagudi,,,Not Applicable,Not Applicable,Not Applicable,Not Applicable,394,Not Applicable,0,,
2024-07-12 05:17:00,CNR3861614707,Canceled by Customer,CID220990,Bike,RT Nagar,Shantinagar,,,Driver asked to cancel,Not Applicable,Not Applicable,Not Applicable,325,Not Applicable,0,,
2024-07-05 16:40:00,CNR1904318849,Success,CID216413,Mini,Devanahalli,Jayanagar,168.0,110.0,Not Applicable,Not Applicable,No,Not Applicable,621,Cash,37,3.4,4.5
2024-07-01 22:18:00,CNR9532450638,Success,CID564822,Prime Plus,Whitefield,Basavanagudi,42.0,60.0,Not Applicable,Not Applicable,No,Not Applicable,255,Cash,32,4.8,3.7
2024-07-19 18:45:00,CNR8595741291,Success,CID988546,Prime SUV,RT Nagar,Chickpet,287.0,70.0,Not Applicable,Not Applicable,No,Not Applicable,296,UPI,28,3.1,3.8
2024-07-05 02:26:00,CNR4089592563,Success,CID907973,Prime Sedan,Banashankari,Malleshwaram,77.0,70.0,Not Applicable,Not Applicable,No,Not Applicable,452,UPI,11,3.6,3.9
2024-07-30 04:29:00,CNR7466164028,Success,CID976200,Prime Sedan,Kammanahalli,Majestic,308.0,90.0,Not Applicable,Not Applicable,No,Not Applicable,360,Cash,10,3.8,3.6
2024-07-30 00:26:00,CNR9312222925,Success,CID458766,Bike,Whitefield,Bellandur,203.0,145.0,Not Applicable,Not Applicable,No,Not Applicable,437,Cash,13,4.2,4.4
2024-07-30 00:43:00,CNR3787964441,Success,CID199652,Auto,Banashankari,RT Nagar,140.0,85.0,Not Applicable,Not Applicable,No,Not Applicable,2572,Cash,18,3.4,3.6
2024-07-03 08:34:00,CNR1630061899,Canceled by Driver,CID968271,Prime Sedan,Richmond Town,Nagarbhavi,,,Not Applicable,Personal & Car related issue,Not Applicable,Not Applicable,105,Not Applicable,0,,
2024-07-25 06:32:00,CNR6378224088,Success,CID803070,Prime Sedan,Padmanabhanagar,Rajarajeshwari Nagar,182.0,65.0,Not Applicable,Not Applicable,No,Not Applicable,532,Cash,35,4.4,4.6
2024-07-27 08:37:00,CNR1491026480,Driver Not Found,CID505346,Prime Plus,Ulsoor,MG Road,,,Not Applicable,Not Applicable,Not Applicable,Not Applicable,147,Not Applicable,0,,
2024-07-25 01:23:00,CNR5627634717,Canceled by Driver,CID222368,Bike,Sahakar Nagar,Yelahanka,,,Not Applicable,More than permitted people in there,Not Applicable,Not Applicable,660,Not Applicable,0,,
2024-07-23 15:52:00,CNR5073500253,Success,CID309486,Prime SUV,Vijayanagar,Nagarbhavi,154.0,135.0,Not Applicable,Not Applicable,No,Not Applicable,485,Cash,25,5.0,4.8
2024-07-11 14:03:00,CNR9886050094,Driver Not Found,CID737883,Prime Sedan,Nagarbhavi,Kammanahalli,,,Not Applicable,Not Applicable,Not Applicable,Not Applicable,957,Not Applicable,0,,
2024-07-14 10:02:00,CNR4549517089,Canceled by Customer,CID242051,Bike,Richmond Town,Kengeri,,,Driver asked to cancel,Not Applicable,Not Applicable,Not Applicable,387,Not Applicable,0,,
2024-07-25 01:11:00,CNR8871466998,Success,CID990923,eBike,Kengeri,Koramangala,196.0,30.0,Not Applicable,Not Applicable,No,Not Applicable,184,Cash,8,4.6,4.2
2024-07-10 00:34:00,CNR5575283296,Success,CID853793,Mini,Varthur,Devanahalli,154.0,65.0,Not Applicable,Not Applicable,No,Not Applicable,263,Cash,1,4.7,3.2
2024-07-07 00:10:00,CNR8756566381,Canceled by Customer,CID309737,Prime Sedan,Devanahalli,Padmanabhanagar,,,Driver asked to cancel,Not Applicable,Not Applicable,Not Applicable,343,Not Applicable,0,,
2024-07-30 13:20:00,CNR8763504507,Success,CID972415,Auto,Richmond Town,Hennur,231.0,145.0,Not Applicable,Not Applicable,No,Not Applicable,188,UPI,18,4.9,4.0
2024-07-07 13:46:00,CNR3743243285,Success,CID712916,Prime SUV,BTM Layout,Chamarajpet,217.0,130.0,Not Applicable,Not Applicable,Yes,Vehicle Breakdown,446,Cash,19,3.1,4.4
2024-07-02 17:07:00,CNR1144648283,Success,CID501235,Mini,Cox Town,Majestic,42.0,105.0,Not Applicable,Not Applicable,No,Not Applicable,150,Cash,29,3.9,4.5
2024-07-07 14:30:00,CNR2071414444,Canceled by Customer,CID153616,Mini,Rajajinagar,Bellandur,,,Driver is not moving towards pickup location,Not Applicable,Not Applicable,Not Applicable,461,Not Applicable,0,,
2024-07-22 03:19:00,CNR1707114106,Success,CID915419,Prime Plus,Chamarajpet,Devanahalli,259.0,115.0,Not Applicable,Not Applicable,No,Not Applicable,1608,Cash,41,4.1,3.5
2024-07-09 12:53:00,CNR1285969263,Canceled by Driver,CID575463,Prime Plus,Vijayanagar,Yelahanka,,,Not Applicable,Personal & Car related issue,Not Applicable,Not Applicable,546,Not Applicable,0,,
2024-07-09 15:13:00,CNR5155904656,Success,CID704442,Prime Sedan,Sahakar Nagar,HSR Layout,252.0,55.0,Not Applicable,Not Applicable,No,Not Applicable,170,Cash,21,4.2,3.3
2024-07-17 22:29:00,CNR8852034395,Success,CID123063,Prime Plus,Kadugodi,Peenya,133.0,40.0,Not Applicable,Not Applicable,No,Not Applicable,706,Cash,24,4.8,3.8
2024-07-14 21:28:00,CNR2077861761,Success,CID215206,Mini,Sahakar Nagar,Shantinagar,49.0,70.0,Not Applicable,Not Applicable,No,Not Applicable,533,UPI,43,3.9,3.4
2024-07-05 13:38:00,CNR1070412575,Success,CID914875,eBike,Bellandur,HSR Layout,231.0,35.0,Not Applicable,Not Applicable,No,Not Applicable,272,Cash,49,3.7,4.3
2024-07-29 06:10:00,CNR6067968405,Canceled by Driver,CID912050,eBike,Tumkur Road,Chickpet,,,Not Applicable,Personal & Car related issue,Not Applicable,Not Applicable,169,Not Applicable,0,,
2024-07-08 17:43:00,CNR4563068941,Success,CID353845,Prime Plus,Mysore Road,Basavanagudi,231.0,50.0,Not Applicable,Not Applicable,No,Not Applicable,366,Cash,13,3.4,4.4
2024-07-08 15:40:00,CNR2996040510,Driver Not Found,CID164230,eBike,MG Road,Padmanabhanagar,,,Not Applicable,Not Applicable,Not Applicable,Not Applicable,227,Not Applicable,0,,
2024-07-25 16:24:00,CNR9277562149,Success,CID318195,Bike,Yelahanka,Bellandur,231.0,55.0,Not Applicable,Not Applicable,No,Not Applicable,163,UPI,15,4.0,4.5
2024-07-24 06:22:00,CNR6351778221,Success,CID968941,Bike,KR Puram,BTM Layout,210.0,30.0,Not Applicable,Not Applicable,No,Not Applicable,232,Cash,25,3.1,3.1
2024-07-24 03:02:00,CNR2043253860,Canceled by Driver,CID552462,Prime Sedan,Electronic City,Langford Town,,,Not Applicable,Customer related issue,Not Applicable,Not Applicable,300,Not Applicable,0,,
2024-07-10 11:03:00,CNR4251939442,Canceled by Customer,CID189359,Auto,Devanahalli,Kammanahalli,,,Change of plans,Not Applicable,Not Applicable,Not Applicable,405,Not Applicable,0,,
2024-07-12 12:25:00,CNR8398482942,Canceled by Driver,CID960716,eBike,Devanahalli,Koramangala,,,Not Applicable,Personal & Car related issue,Not Applicable,Not Applicable,280,Not Applicable,0,,
2024-07-19 14:45:00,CNR5535679362,Success,CID100695,Prime SUV,Shantinagar,Hennur,287.0,35.0,Not Applicable,Not Applicable,No,Not Applicable,740,UPI,22,3.9,4.9
2024-07-09 00:33:00,CNR8459420469,Success,CID834099,Auto,Langford Town,HSR Layout,112.0,130.0,Not Applicable,Not Applicable,No,Not Applicable,405,Cash,2,4.7,4.4
2024-07-22 06:33:00,CNR8229919758,Success,CID401993,Prime Plus,Malleshwaram,MG Road,203.0,90.0,Not Applicable,Not Applicable,No,Not Applicable,686,Cash,44,4.5,4.9
2024-07-09 04:16:00,CNR8649834239,Success,CID954845,Prime Plus,Jayanagar,KR Puram,147.0,65.0,Not Applicable,Not Applicable,No,Not Applicable,428,Cash,17,4.7,3.4
2024-07-30 07:53:00,CNR3165822874,Canceled by Driver,CID451496,Auto,Hosur Road,Jayanagar,,,Not Applicable,Customer was coughing/sick,Not Applicable,Not Applicable,181,Not Applicable,0,,
2024-07-11 00:44:00,CNR9387637360,Success,CID246096,Auto,Nagarbhavi,Ulsoor,98.0,85.0,Not Applicable,Not Applicable,No,Not Applicable,384,Cash,11,4.8,4.2
2024-07-25 18:12:00,CNR1019593324,Success,CID222002,Prime SUV,Shivajinagar,Hulimavu,273.0,105.0,Not Applicable,Not Applicable,No,Not Applicable,440,UPI,32,4.2,3.2
2024-07-21 23:35:00,CNR4815095754,Success,CID651261,Bike,Hosur Road,Ramamurthy Nagar,301.0,80.0,Not Applicable,Not Applicable,No,Not Applicable,105,Cash,40,5.0,3.1
2024-07-05 05:24:00,CNR2219788531,Canceled by Driver,CID535312,Prime Sedan,Langford Town,Langford Town,,,Not Applicable,Personal & Car related issue,Not Applicable,Not Applicable,688,Not Applicable,0,,
2024-07-09 11:36:00,CNR3734956636,Canceled by Customer,CID659640,Prime Plus,Ramamurthy Nagar,Hulimavu,,,Driver asked to cancel,Not Applicable,Not Applicable,Not Applicable,1522,Not Applicable,0,,
2024-07-06 05:22:00,CNR9577681730,Success,CID914280,Auto,Sahakar Nagar,Magadi Road,196.0,50.0,Not Applicable,Not Applicable,No,Not Applicable,223,Cash,3,3.6,4.4
2024-07-24 04:15:00,CNR7070183337,Canceled by Customer,CID591290,eBike,Yelahanka,Yelahanka,,,Wrong Address,Not Applicable,Not Applicable,Not Applicable,416,Not Applicable,0,,
2024-07-13 12:00:00,CNR8330669969,Success,CID155922,Mini,Hulimavu,Langford Town,98.0,85.0,Not Applicable,Not Applicable,No,Not Applicable,177,Cash,37,4.4,5.0
2024-07-27 03:46:00,CNR1491674808,Success,CID438385,Bike,Majestic,Majestic,273.0,80.0,Not Applicable,Not Applicable,No,Not Applicable,399,Cash,24,4.6,4.2
2024-07-13 12:55:00,CNR6795537467,Driver Not Found,CID542438,Prime SUV,Hosur Road,Shivajinagar,,,Not Applicable,Not Applicable,Not Applicable,Not Applicable,154,Not Applicable,0,,
2024-07-17 08:09:00,CNR8962536722,Success,CID115709,Auto,Malleshwaram,Marathahalli,238.0,70.0,Not Applicable,Not Applicable,No,Not Applicable,115,Cash,3,3.8,4.6
2024-07-12 22:28:00,CNR8246619267,Success,CID272578,Prime SUV,Marathahalli,Ramamurthy Nagar,140.0,45.0,Not Applicable,Not Applicable,No,Not Applicable,351,Cash,45,5.0,3.1
2024-07-23 07:23:00,CNR5343606508,Success,CID792219,Prime Plus,HSR Layout,Kengeri,105.0,145.0,Not Applicable,Not Applicable,Yes,Vehicle Breakdown,736,Cash,40,3.1,3.1
2024-07-18 12:41:00,CNR1324005114,Success,CID417980,Prime Sedan,Majestic,Whitefield,77.0,45.0,Not Applicable,Not Applicable,No,Not Applicable,1939,Cash,35,4.0,3.3
2024-07-19 07:51:00,CNR7301766406,Success,CID807697,eBike,Shivajinagar,Varthur,112.0,45.0,Not Applicable,Not Applicable,Yes,Customer Demand,200,UPI,22,3.2,4.6
2024-07-14 03:52:00,CNR6997026261,Success,CID763285,Prime SUV,Tumkur Road,Electronic City,196.0,50.0,Not Applicable,Not Applicable,No,Not Applicable,409,UPI,44,3.6,3.3
2024-07-28 13:36:00,CNR1736879076,Success,CID347662,Prime Plus,Basavanagudi,RT Nagar,203.0,90.0,Not Applicable,Not Applicable,No,Not Applicable,340,UPI,39,4.3,4.4
2024-07-24 01:17:00,CNR4425028382,Canceled by Driver,CID272708,Prime SUV,Kammanahalli,Sarjapur Road,,,Not Applicable,Customer related issue,Not Applicable,Not Applicable,901,Not Applicable,0,,
2024-07-08 15:22:00,CNR4340311102,Success,CID428771,Prime Sedan,Vijayanagar,Koramangala,63.0,105.0,Not Applicable,Not Applicable,No,Not Applicable,449,Cash,45,3.2,3.6
2024-07-29 10:05:00,CNR9089104963,Driver Not Found,CID923375,Prime Plus,Nagarbhavi,Kengeri,,,Not Applicable,Not Applicable,Not Applicable,Not Applicable,491,Not Applicable,0,,
2024-07-22 03:46:00,CNR1768593690,Canceled by Driver,CID673938,Prime Sedan,Varthur,Hosur Road,,,Not Applicable,Personal & Car related issue,Not Applicable,Not Applicable,487,Not Applicable,0,,
2024-07-16 16:26:00,CNR1458376662,Canceled by Customer,CID454111,Bike,Rajajinagar,Banashankari,,,AC is Not working,Not Applicable,Not Applicable,Not Applicable,628,Not Applicable,0,,
2024-07-11 15:22:00,CNR3817086885,Driver Not Found,CID316767,eBike,Malleshwaram,Bellandur,,,Not Applicable,Not Applicable,Not Applicable,Not Applicable,170,Not Applicable,0,,
2024-07-24 20:59:00,CNR5847997529,Success,CID180417,Prime SUV,Banashankari,Magadi Road,42.0,70.0,Not Applicable,Not Applicable,No,Not Applicable,346,UPI,15,3.6,4.5
2024-07-12 22:45:00,CNR2578230871,Canceled by Driver,CID667310,Prime SUV,Vijayanagar,Padmanabhanagar,,,Not Applicable,Personal & Car related issue,Not Applicable,Not Applicable,314,Not Applicable,0,,
2024-07-27 14:02:00,CNR1533415098,Success,CID204438,Prime Plus,Malleshwaram,Majestic,154.0,85.0,Not Applicable,Not Applicable,No,Not Applicable,113,Cash,38,3.6,3.5
2024-07-17 16:29:00,CNR9019157499,Success,CID435039,Bike,HSR Layout,Kadugodi,105.0,75.0,Not Applicable,Not Applicable,No,Not Applicable,120,Cash,39,5.0,3.1
2024-07-23 21:33:00,CNR2778965887,Success,CID814875,Mini,Ramamurthy Nagar,Basavanagudi,98.0,40.0,Not Applicable,Not Applicable,No,Not Applicable,758,Cash,20,4.4,3.6
2024-07-25 03:08:00,CNR2176515764,Success,CID757729,Bike,MG Road,Electronic City,119.0,130.0,Not Applicable,Not Applicable,Yes,Vehicle Breakdown,426,Cash,42,4.5,3.2
2024-07-07 22:56:00,CNR8784241439,Canceled by Customer,CID952738,Bike,BTM Layout,Kengeri,,,Driver asked to cancel,Not Applicable,Not Applicable,Not Applicable,284,Not Applicable,0,,
2024-07-03 19:16:00,CNR7620868090,Success,CID212213,Prime Plus,Chickpet,Hennur,175.0,55.0,Not Applicable,Not Applicable,No,Not Applicable,299,Cash,30,4.0,4.2
2024-07-16 17:09:00,CNR4062146933,Success,CID341403,Prime SUV,Koramangala,Hulimavu,105.0,80.0,Not Applicable,Not Applicable,No,Not Applicable,221,UPI,22,4.2,3.6
2024-07-24 13:55:00,CNR5291290437,Canceled by Driver,CID799921,Auto,Hosur Road,Bannerghatta Road,,,Not Applicable,Customer was coughing/sick,Not Applicable,Not Applicable,438,Not Applicable,0,,
2024-07-28 21:28:00,CNR1990532857,Success,CID257525,eBike,Devanahalli,Shantinagar,189.0,85.0,Not Applicable,Not Applicable,No,Not Applicable,131,Cash,15,4.5,3.0
2024-07-24 00:14:00,CNR7601443994,Canceled by Driver,CID287059,Auto,HSR Layout,Malleshwaram,,,Not Applicable,Customer was coughing/sick,Not Applicable,Not Applicable,708,Not Applicable,0,,
2024-07-27 16:57:00,CNR8691364872,Success,CID957812,Prime Sedan,Whitefield,Ulsoor,84.0,90.0,Not Applicable,Not Applicable,No,Not Applicable,127,Cash,6,3.3,3.8
2024-07-29 13:42:00,CNR4353882466,Success,CID195274,Prime Sedan,Hebbal,Chickpet,91.0,60.0,Not Applicable,Not Applicable,No,Not Applicable,213,UPI,8,4.8,4.4
2024-07-09 22:41:00,CNR3289929155,Success,CID969216,Bike,MG Road,Indiranagar,168.0,120.0,Not Applicable,Not Applicable,No,Not Applicable,678,Credit Card,49,3.9,3.1
2024-07-23 21:51:00,CNR1976428293,Success,CID518388,Bike,Varthur,Marathahalli,77.0,95.0,Not Applicable,Not Applicable,No,Not Applicable,253,UPI,12,4.4,3.4
2024-07-22 19:07:00,CNR5129019111,Success,CID296316,Mini,Peenya,Rajajinagar,182.0,50.0,Not Applicable,Not Applicable,No,Not Applicable,296,UPI,42,3.0,4.1
2024-07-05 13:11:00,CNR2920990969,Success,CID731990,Auto,Peenya,Shantinagar,168.0,35.0,Not Applicable,Not Applicable,No,Not Applicable,448,Cash,1,4.4,3.8
2024-07-05 02:08:00,CNR2960561902,Success,CID884534,Prime SUV,Shantinagar,Hosur Road,168.0,135.0,Not Applicable,Not Applicable,Yes,Customer Demand,845,Cash,22,3.9,4.8
2024-07-23 14:24:00,CNR4757371896,Success,CID430740,eBike,Bellandur,Mysore Road,308.0,115.0,Not Applicable,Not Applicable,No,Not Applicable,494,Cash,36,3.2,5.0
2024-07-17 18:10:00,CNR9056469549,Success,CID115470,eBike,Jayanagar,Hosur Road,56.0,130.0,Not Applicable,Not Applicable,No,Not Applicable,487,UPI,33,3.4,4.0
2024-07-04 16:34:00,CNR1942967531,Success,CID826438,Prime Sedan,MG Road,Shivajinagar,175.0,65.0,Not Applicable,Not Applicable,No,Not Applicable,2767,UPI,14,4.5,4.7
2024-07-22 14:35:00,CNR8028301829,Success,CID158307,Mini,Varthur,Chamarajpet,84.0,60.0,Not Applicable,Not Applicable,No,Not Applicable,172,UPI,25,3.0,3.7
2024-07-01 06:13:00,CNR6631314367,Driver Not Found,CID649142,Auto,Majestic,Rajajinagar,,,Not Applicable,Not Applicable,Not Applicable,Not Applicable,374,Not Applicable,0,,
2024-07-26 12:40:00,CNR5103404572,Canceled by Driver,CID786936,eBike,Hennur,Marathahalli,,,Not Applicable,Customer related issue,Not Applicable,Not Applicable,163,Not Applicable,0,,
2024-07-13 21:44:00,CNR3572305317,Canceled by Driver,CID377188,Prime Sedan,Bannerghatta Road,Indiranagar,,,Not Applicable,Customer was coughing/sick,Not Applicable,Not Applicable,375,Not Applicable,0,,
2024-07-21 21:04:00,CNR3435053474,Driver Not Found,CID728603,Prime Sedan,Basavanagudi,Basavanagudi,,,Not Applicable,Not Applicable,Not Applicable,Not Applicable,649,Not Applicable,0,,
2024-07-29 21:29:00,CNR4245000639,Success,CID436451,Mini,Langford Town,Whitefield,175.0,140.0,Not Applicable,Not Applicable,No,Not Applicable,304,Cash,39,4.5,3.4
2024-07-26 16:23:00,CNR6035970985,Success,CID717053,Auto,Nagarbhavi,Rajarajeshwari Nagar,252.0,40.0,Not Applicable,Not Applicable,No,Not Applicable,240,UPI,1,4.6,3.7
2024-07-14 00:34:00,CNR5914746113,Success,CID193200,Prime Plus,Hulimavu,Hosur Road,105.0,95.0,Not Applicable,Not Applicable,No,Not Applicable,398,Debit Card,17,3.1,3.2
2024-07-07 14:33:00,CNR9464502604,Success,CID996641,Auto,Banashankari,Peenya,112.0,55.0,Not Applicable,Not Applicable,No,Not Applicable,115,Cash,8,3.7,4.5
2024-07-14 21:35:00,CNR5912384211,Success,CID341313,Prime Plus,Magadi Road,Bellandur,119.0,45.0,Not Applicable,Not Applicable,No,Not Applicable,965,Cash,14,4.8,3.2
2024-07-17 09:32:00,CNR1408385634,Canceled by Customer,CID830253,eBike,Hebbal,Hosur Road,,,AC is Not working,Not Applicable,Not Applicable,Not Applicable,2175,Not Applicable,0,,
2024-07-04 04:08:00,CNR6889004478,Canceled by Driver,CID640204,Bike,Koramangala,Devanahalli,,,Not Applicable,Personal & Car related issue,Not Applicable,Not Applicable,281,Not Applicable,0,,
2024-07-02 20:25:00,CNR9450851335,Success,CID204727,Bike,Rajarajeshwari Nagar,Mysore Road,231.0,25.0,Not Applicable,Not Applicable,No,Not Applicable,714,UPI,13,4.8,4.5
2024-07-03 12:32:00,CNR8646053326,Success,CID140955,Prime Plus,RT Nagar,Rajajinagar,126.0,115.0,Not Applicable,Not Applicable,No,Not Applicable,216,Cash,27,3.8,4.5
2024-07-17 23:07:00,CNR2041430580,Driver Not Found,CID370565,Auto,Indiranagar,Mysore Road,,,Not Applicable,Not Applicable,Not Applicable,Not Applicable,458,Not Applicable,0,,
2024-07-10 09:11:00,CNR9553531968,Success,CID679155,eBike,Hebbal,Varthur,280.0,135.0,Not Applicable,Not Applicable,No,Not Applicable,228,UPI,30,4.3,4.3
2024-07-26 18:34:00,CNR1954620550,Success,CID569621,Prime Sedan,Yeshwanthpur,Sarjapur Road,196.0,55.0,Not Applicable,Not Applicable,No,Not Applicable,207,UPI,47,4.7,3.6
2024-07-24 16:42:00,CNR6008876678,Success,CID832084,Prime Plus,Yeshwanthpur,Varthur,140.0,70.0,Not Applicable,Not Applicable,No,Not Applicable,671,Cash,36,3.8,3.1
2024-07-24 10:05:00,CNR3447439262,Success,CID290893,Prime Sedan,Hulimavu,Banashankari,91.0,60.0,Not Applicable,Not Applicable,No,Not Applicable,401,UPI,37,3.5,3.9
2024-07-10 15:11:00,CNR5369493664,Success,CID106068,eBike,Frazer Town,Kammanahalli,273.0,90.0,Not Applicable,Not Applicable,No,Not Applicable,118,UPI,22,4.5,3.0
2024-07-11 05:13:00,CNR2899872750,Canceled by Customer,CID790864,Auto,Whitefield,Indiranagar,,,Change of plans,Not Applicable,Not Applicable,Not Applicable,456,Not Applicable,0,,
2024-07-18 21:11:00,CNR9487187755,Success,CID556714,Mini,Bellandur,HSR Layout,301.0,135.0,Not Applicable,Not Applicable,No,Not Applicable,774,Cash,36,3.2,4.8
2024-07-29 22:10:00,CNR7063574491,Success,CID661518,Prime Plus,Cox Town,Basavanagudi,259.0,100.0,Not Applicable,Not Applicable,No,Not Applicable,121,Cash,19,4.4,4.2
2024-07-17 12:17:00,CNR7111187819,Success,CID105602,Prime SUV,Peenya,Richmond Town,238.0,30.0,Not Applicable,Not Applicable,No,Not Applicable,338,UPI,36,4.5,4.9
2024-07-27 05:24:00,CNR3522500722,Canceled by Customer,CID976955,Mini,KR Puram,Hulimavu,,,Wrong Address,Not Applicable,Not Applicable,Not Applicable,908,Not Applicable,0,,
2024-07-13 16:27:00,CNR9035447462,Success,CID551856,Mini,Mysore Road,Whitefield,301.0,100.0,Not Applicable,Not Applicable,No,Not Applicable,134,UPI,3,4.4,4.5
2024-07-20 02:59:00,CNR4695425280,Canceled by Driver,CID453829,Prime Plus,Bannerghatta Road,Shantinagar,,,Not Applicable,Customer related issue,Not Applicable,Not Applicable,464,Not Applicable,0,,
2024-07-08 18:17:00,CNR6528324327,Success,CID738050,Mini,Chickpet,Majestic,175.0,55.0,Not Applicable,Not Applicable,No,Not Applicable,120,Cash,13,4.6,4.6
2024-07-12 02:50:00,CNR2804017783,Success,CID609191,Prime Plus,Malleshwaram,Kadugodi,42.0,110.0,Not Applicable,Not Applicable,No,Not Applicable,104,Cash,9,4.5,4.2
2024-07-19 20:22:00,CNR8224906657,Success,CID826647,Prime Plus,Bannerghatta Road,JP Nagar,147.0,95.0,Not Applicable,Not Applicable,No,Not Applicable,302,UPI,2,3.6,3.1
2024-07-06 04:21:00,CNR7096061669,Success,CID759923,Prime Plus,Padmanabhanagar,Frazer Town,210.0,110.0,Not Applicable,Not Applicable,No,Not Applicable,306,Cash,7,3.3,3.8
2024-07-17 04:13:00,CNR7844586883,Success,CID829878,eBike,Hennur,Varthur,70.0,135.0,Not Applicable,Not Applicable,No,Not Applicable,373,Cash,31,3.5,3.8
2024-07-16 14:45:00,CNR2823373071,Success,CID392181,Auto,JP Nagar,Rajajinagar,308.0,105.0,Not Applicable,Not Applicable,No,Not Applicable,686,Cash,13,4.9,3.0
2024-07-11 04:49:00,CNR7333153026,Success,CID878728,Auto,Jayanagar,Bellandur,49.0,95.0,Not Applicable,Not Applicable,No,Not Applicable,867,Cash,7,3.2,4.1
2024-07-09 04:02:00,CNR7913403409,Success,CID898279,Prime Plus,Cox Town,Shivajinagar,189.0,95.0,Not Applicable,Not Applicable,No,Not Applicable,1299,UPI,12,3.9,3.3
2024-07-12 07:31:00,CNR3226545924,Success,CID116491,Prime Sedan,Hebbal,Banashankari,294.0,130.0,Not Applicable,Not Applicable,No,Not Applicable,333,Cash,39,3.2,3.5
2024-07-25 19:11:00,CNR2922510102,Success,CID338639,Prime Plus,HSR Layout,Kadugodi,175.0,70.0,Not Applicable,Not Applicable,No,Not Applicable,108,UPI,43,4.6,4.7
2024-07-09 18:57:00,CNR2335329738,Success,CID818119,Prime Plus,Varthur,Mysore Road,147.0,65.0,Not Applicable,Not Applicable,No,Not Applicable,126,UPI,1,3.8,4.4
2024-07-28 23:00:00,CNR6950218965,Driver Not Found,CID537452,Auto,Whitefield,Chickpet,,,Not Applicable,Not Applicable,Not Applicable,Not Applicable,136,Not Applicable,0,,
2024-07-20 06:48:00,CNR7562119633,Driver Not Found,CID863019,Prime Sedan,Peenya,Indiranagar,,,Not Applicable,Not Applicable,Not Applicable,Not Applicable,320,Not Applicable,0,,
2024-07-04 11:24:00,CNR4798610355,Success,CID823599,eBike,Yeshwanthpur,JP Nagar,245.0,110.0,Not Applicable,Not Applicable,No,Not Applicable,972,Cash,4,3.4,3.4
2024-07-27 18:00:00,CNR6428038879,Driver Not Found,CID287210,Auto,Nagarbhavi,Frazer Town,,,Not Applicable,Not Applicable,Not Applicable,Not Applicable,266,Not Applicable,0,,
2024-07-01 14:26:00,CNR9966543149,Success,CID391096,Mini,Kammanahalli,Chamarajpet,112.0,75.0,Not Applicable,Not Applicable,No,Not Applicable,305,Cash,46,4.5,4.0
2024-07-17 05:11:00,CNR9031787115,Success,CID199825,Prime Plus,Sarjapur Road,Nagarbhavi,259.0,55.0,Not Applicable,Not Applicable,No,Not Applicable,407,UPI,21,4.2,3.0
2024-07-08 03:43:00,CNR6940254480,Canceled by Customer,CID765567,Bike,Rajarajeshwari Nagar,Jayanagar,,,Change of plans,Not Applicable,Not Applicable,Not Applicable,448,Not Applicable,0,,
2024-07-12 20:15:00,CNR5987451436,Driver Not Found,CID375108,Auto,Nagarbhavi,Hulimavu,,,Not Applicable,Not Applicable,Not Applicable,Not Applicable,382,Not Applicable,0,,
2024-07-12 11:23:00,CNR2011600122,Success,CID377949,Bike,Banashankari,Hebbal,91.0,120.0,Not Applicable,Not Applicable,No,Not Applicable,644,Cash,15,3.3,3.7
2024-07-29 06:10:00,CNR6579374898,Canceled by Driver,CID854144,Auto,Varthur,Hennur,,,Not Applicable,Customer related issue,Not Applicable,Not Applicable,812,Not Applicable,0,,
2024-07-03 19:11:00,CNR1070722740,Success,CID295941,Auto,Padmanabhanagar,Mysore Road,287.0,45.0,Not Applicable,Not Applicable,No,Not Applicable,827,Cash,5,3.2,3.3
2024-07-17 23:46:00,CNR9798071441,Success,CID105453,Mini,RT Nagar,Bannerghatta Road,161.0,145.0,Not Applicable,Not Applicable,No,Not Applicable,349,Cash,3,4.4,4.3
2024-07-27 14:31:00,CNR3584580844,Driver Not Found,CID637801,Prime SUV,Chickpet,Marathahalli,,,Not Applicable,Not Applicable,Not Applicable,Not Applicable,439,Not Applicable,0,,
2024-07-15 05:33:00,CNR3715891449,Success,CID450044,Mini,MG Road,Chamarajpet,77.0,75.0,Not Applicable,Not Applicable,No,Not Applicable,787,Cash,47,3.7,3.1
2024-07-07 17:39:00,CNR2544479628,Success,CID972564,Mini,HSR Layout,Hulimavu,196.0,45.0,Not Applicable,Not Applicable,No,Not Applicable,192,Cash,30,4.6,4.0
2024-07-09 10:31:00,CNR5222406041,Canceled by Driver,CID516469,Mini,Langford Town,Hennur,,,Not Applicable,More than permitted people in there,Not Applicable,Not Applicable,127,Not Applicable,0,,
2024-07-04 18:11:00,CNR7560336551,Success,CID731147,Mini,Hulimavu,Devanahalli,119.0,145.0,Not Applicable,Not Applicable,No,Not Applicable,429,Cash,36,4.3,4.4
2024-07-25 03:11:00,CNR5207088399,Success,CID535007,eBike,JP Nagar,Yeshwanthpur,294.0,60.0,Not Applicable,Not Applicable,Yes,Other Issue,2448,Cash,6,4.4,4.5
2024-07-22 15:50:00,CNR3818433550,Success,CID822348,Prime Sedan,Vijayanagar,RT Nagar,168.0,135.0,Not Applicable,Not Applicable,No,Not Applicable,981,Cash,49,4.0,4.0
2024-07-22 09:38:00,CNR4480977026,Success,CID360411,Prime Sedan,Whitefield,Cox Town,266.0,95.0,Not Applicable,Not Applicable,No,Not Applicable,337,UPI,49,3.4,3.7
2024-07-03 16:08:00,CNR3263723666,Success,CID660930,Auto,Ulsoor,Chamarajpet,287.0,50.0,Not Applicable,Not Applicable,No,Not Applicable,483,Cash,12,3.5,4.5
2024-07-30 04:11:00,CNR9139830631,Canceled by Customer,CID675091,Prime Plus,Whitefield,Whitefield,,,Driver is not moving towards pickup location,Not Applicable,Not Applicable,Not Applicable,285,Not Applicable,0,,
2024-07-14 13:05:00,CNR4972821800,Success,CID377767,eBike,Kadugodi,Bannerghatta Road,280.0,75.0,Not Applicable,Not Applicable,No,Not Applicable,157,UPI,3,5.0,3.8
2024-07-17 00:26:00,CNR6216934715,Canceled by Driver,CID571855,Bike,Mysore Road,Kadugodi,,,Not Applicable,More than permitted people in there,Not Applicable,Not Applicable,385,Not Applicable,0,,
2024-07-25 02:18:00,CNR4385153657,Success,CID940651,eBike,KR Puram,Rajajinagar,56.0,80.0,Not Applicable,Not Applicable,No,Not Applicable,419,Cash,21,5.0,4.0
2024-07-01 07:30:00,CNR8435522745,Success,CID664655,Prime Plus,Magadi Road,Devanahalli,287.0,45.0,Not Applicable,Not Applicable,No,Not Applicable,146,Cash,37,3.3,4.2
2024-07-20 09:08:00,CNR6834216154,Success,CID201113,eBike,HSR Layout,Kammanahalli,112.0,55.0,Not Applicable,Not Applicable,No,Not Applicable,604,Cash,36,4.6,3.2
2024-07-14 18:08:00,CNR7587476562,Canceled by Driver,CID164209,Bike,Chamarajpet,Marathahalli,,,Not Applicable,Customer related issue,Not Applicable,Not Applicable,227,Not Applicable,0,,
2024-07-10 01:12:00,CNR9061858617,Driver Not Found,CID986585,Prime SUV,Tumkur Road,Koramangala,,,Not Applicable,Not Applicable,Not Applicable,Not Applicable,664,Not Applicable,0,,
2024-07-20 07:55:00,CNR7281340284,Success,CID777078,Auto,Whitefield,Padmanabhanagar,105.0,75.0,Not Applicable,Not Applicable,Yes,Vehicle Breakdown,118,UPI,17,4.8,3.6
2024-07-27 11:06:00,CNR3450876067,Canceled by Driver,CID220504,Auto,Hebbal,Marathahalli,,,Not Applicable,Personal & Car related issue,Not Applicable,Not Applicable,2925,Not Applicable,0,,
2024-07-19 14:28:00,CNR4394415984,Canceled by Driver,CID354908,Mini,RT Nagar,JP Nagar,,,Not Applicable,Customer related issue,Not Applicable,Not Applicable,420,Not Applicable,0,,
2024-07-25 08:12:00,CNR8622841412,Canceled by Customer,CID872253,Prime Plus,Koramangala,Sahakar Nagar,,,Change of plans,Not Applicable,Not Applicable,Not Applicable,296,Not Applicable,0,,
2024-07-09 08:43:00,CNR8375208802,Success,CID548508,Auto,Rajajinagar,Kammanahalli,98.0,60.0,Not Applicable,Not Applicable,No,Not Applicable,130,UPI,15,3.5,3.6
2024-07-21 21:05:00,CNR8873762076,Canceled by Driver,CID390661,Bike,RT Nagar,Langford Town,,,Not Applicable,Customer was coughing/sick,Not Applicable,Not Applicable,221,Not Applicable,0,,
2024-07-17 12:53:00,CNR3628252947,Success,CID871921,Prime Plus,Yeshwanthpur,Hulimavu,84.0,70.0,Not Applicable,Not Applicable,No,Not Applicable,775,Cash,48,4.7,4.9
2024-07-04 21:52:00,CNR7945543837,Success,CID940739,Prime SUV,RT Nagar,Majestic,98.0,95.0,Not Applicable,Not Applicable,No,Not Applicable,491,Cash,33,4.8,3.6
2024-07-04 00:53:00,CNR1006189618,Canceled by Driver,CID976240,Prime Sedan,Kadugodi,Majestic,,,Not Applicable,Customer was coughing/sick,Not Applicable,Not Applicable,100,Not Applicable,0,,
2024-07-03 03:31:00,CNR1964836991,Success,CID761414,Mini,Banashankari,Ulsoor,140.0,120.0,Not Applicable,Not Applicable,No,Not Applicable,382,UPI,21,3.7,3.6
2024-07-01 19:44:00,CNR4170540249,Canceled by Customer,CID760558,eBike,Jayanagar,Cox Town,,,Driver is not moving towards pickup location,Not Applicable,Not Applicable,Not Applicable,924,Not Applicable,0,,
2024-07-26 13:29:00,CNR5795554639,Canceled by Driver,CID482221,Prime Sedan,Chickpet,RT Nagar,,,Not Applicable,Customer was coughing/sick,Not Applicable,Not Applicable,187,Not Applicable,0,,
2024-07-05 23:53:00,CNR9121335601,Canceled by Customer,CID351424,Prime Plus,Kengeri,Hosur Road,,,Driver is not moving towards pickup location,Not Applicable,Not Applicable,Not Applicable,320,Not Applicable,0,,
2024-07-23 00:07:00,CNR5646940058,Canceled by Driver,CID970010,Auto,HSR Layout,Shivajinagar,,,Not Applicable,Customer related issue,Not Applicable,Not Applicable,795,Not Applicable,0,,
2024-07-01 07:20:00,CNR8426178298,Success,CID998138,Prime Plus,Langford Town,Kadugodi,105.0,50.0,Not Applicable,Not Applicable,Yes,Vehicle Breakdown,295,Cash,5,3.5,3.1
2024-07-29 02:06:00,CNR9202829800,Success,CID503036,eBike,Basavanagudi,JP Nagar,105.0,65.0,Not Applicable,Not Applicable,No,Not Applicable,346,Cash,14,4.0,3.7
2024-07-01 11:14:00,CNR5570133494,Success,CID112944,Bike,Cox Town,Varthur,49.0,25.0,Not Applicable,Not Applicable,No,Not Applicable,216,UPI,23,3.9,4.2
2024-07-22 15:51:00,CNR8145073603,Canceled by Driver,CID828971,Prime Sedan,Banashankari,Majestic,,,Not Applicable,Personal & Car related issue,Not Applicable,Not Applicable,155,Not Applicable,0,,
2024-07-14 18:45:00,CNR1870269680,Success,CID725835,Prime SUV,Richmond Town,Koramangala,105.0,145.0,Not Applicable,Not Applicable,No,Not Applicable,400,UPI,33,4.9,4.5
2024-07-20 04:37:00,CNR5484048603,Success,CID420453,Mini,Shivajinagar,Shivajinagar,245.0,140.0,Not Applicable,Not Applicable,No,Not Applicable,499,UPI,29,4.2,4.4
2024-07-29 06:20:00,CNR1791178196,Success,CID594391,Prime Sedan,Majestic,Banashankari,266.0,45.0,Not Applicable,Not Applicable,No,Not Applicable,2319,UPI,43,3.0,4.4
2024-07-04 18:01:00,CNR3401667172,Success,CID499377,Bike,Varthur,Yelahanka,196.0,50.0,Not Applicable,Not Applicable,No,Not Applicable,2147,UPI,27,3.9,4.3
2024-07-13 09:37:00,CNR6173140780,Success,CID544485,Prime Plus,Kammanahalli,Koramangala,126.0,65.0,Not Applicable,Not Applicable,No,Not Applicable,499,UPI,5,3.2,3.7
2024-07-12 18:50:00,CNR4896434269,Success,CID883540,Prime Sedan,Shantinagar,RT Nagar,84.0,140.0,Not Applicable,Not Applicable,No,Not Applicable,322,Cash,49,4.7,4.2
2024-07-09 08:35:00,CNR2267916120,Canceled by Driver,CID946402,Prime SUV,Malleshwaram,Malleshwaram,,,Not Applicable,Customer related issue,Not Applicable,Not Applicable,859,Not Applicable,0,,
2024-07-13 23:38:00,CNR6926796669,Success,CID801455,Prime Sedan,Hebbal,Hosur Road,49.0,85.0,Not Applicable,Not Applicable,No,Not Applicable,551,Cash,28,4.5,4.5
2024-07-12 23:00:00,CNR6734422163,Canceled by Driver,CID485086,Auto,Magadi Road,Sarjapur Road,,,Not Applicable,More than permitted people in there,Not Applicable,Not Applicable,104,Not Applicable,0,,
2024-07-28 11:36:00,CNR1104739591,Success,CID793414,Bike,BTM Layout,HSR Layout,168.0,100.0,Not Applicable,Not Applicable,No,Not Applicable,839,UPI,23,3.2,4.4
2024-07-21 14:18:00,CNR8317088875,Driver Not Found,CID518129,Prime SUV,Cox Town,Bellandur,,,Not Applicable,Not Applicable,Not Applicable,Not Applicable,540,Not Applicable,0,,
2024-07-10 06:24:00,CNR3681414554,Canceled by Driver,CID167158,Bike,Hennur,Yeshwanthpur,,,Not Applicable,Personal & Car related issue,Not Applicable,Not Applicable,327,Not Applicable,0,,
2024-07-16 23:04:00,CNR9976789763,Success,CID105346,Bike,Yeshwanthpur,Kadugodi,175.0,55.0,Not Applicable,Not Applicable,No,Not Applicable,438,Cash,45,4.3,3.7
2024-07-07 21:02:00,CNR9012497224,Success,CID871421,Prime Plus,RT Nagar,Shivajinagar,84.0,115.0,Not Applicable,Not Applicable,No,Not Applicable,213,Cash,31,3.2,4.1
2024-07-07 07:12:00,CNR4606947206,Canceled by Driver,CID309370,Prime Plus,Magadi Road,Hosur Road,,,Not Applicable,Personal & Car related issue,Not Applicable,Not Applicable,947,Not Applicable,0,,
2024-07-28 13:39:00,CNR5286337695,Canceled by Driver,CID554377,Prime Sedan,Bellandur,Malleshwaram,,,Not Applicable,Customer was coughing/sick,Not Applicable,Not Applicable,771,Not Applicable,0,,
2024-07-01 11:26:00,CNR9072228527,Success,CID644723,Prime Plus,Varthur,Banashankari,112.0,80.0,Not Applicable,Not Applicable,No,Not Applicable,176,Cash,47,4.5,3.0
2024-07-17 08:48:00,CNR2216072600,Canceled by Driver,CID340550,Prime SUV,Vijayanagar,Hulimavu,,,Not Applicable,Customer was coughing/sick,Not Applicable,Not Applicable,428,Not Applicable,0,,
2024-07-09 07:34:00,CNR6427748155,Success,CID679992,Prime Sedan,Peenya,Rajajinagar,147.0,60.0,Not Applicable,Not Applicable,No,Not Applicable,275,Cash,17,3.5,3.5
2024-07-04 10:57:00,CNR8501702986,Success,CID601302,Prime Sedan,Nagarbhavi,Majestic,175.0,70.0,Not Applicable,Not Applicable,Yes,Customer Demand,2374,Cash,20,3.0,3.3
2024-07-19 19:37:00,CNR3843453323,Driver Not Found,CID526471,Mini,Rajarajeshwari Nagar,Yeshwanthpur,,,Not Applicable,Not Applicable,Not Applicable,Not Applicable,427,Not Applicable,0,,
2024-07-21 16:52:00,CNR6003793891,Success,CID933031,Prime Plus,Devanahalli,Sahakar Nagar,77.0,135.0,Not Applicable,Not Applicable,No,Not Applicable,359,UPI,9,3.4,5.0
2024-07-21 15:57:00,CNR1598274812,Canceled by Customer,CID901633,Auto,Basavanagudi,Ramamurthy Nagar,,,AC is Not working,Not Applicable,Not Applicable,Not Applicable,170,Not Applicable,0,,
2024-07-28 11:18:00,CNR3114116141,Canceled by Driver,CID919424,Prime Sedan,Tumkur Road,Bannerghatta Road,,,Not Applicable,Personal & Car related issue,Not Applicable,Not Applicable,485,Not Applicable,0,,
2024-07-09 13:28:00,CNR2487367562,Canceled by Customer,CID876974,eBike,Yeshwanthpur,Shivajinagar,,,Driver is not moving towards pickup location,Not Applicable,Not Applicable,Not Applicable,454,Not Applicable,0,,
2024-07-12 06:23:00,CNR6124276570,Success,CID195129,eBike,Vijayanagar,Indiranagar,175.0,135.0,Not Applicable,Not Applicable,No,Not Applicable,305,Debit Card,49,3.7,4.8
2024-07-27 16:45:00,CNR2035351446,Canceled by Driver,CID649473,eBike,Vijayanagar,Jayanagar,,,Not Applicable,Personal & Car related issue,Not Applicable,Not Applicable,464,Not Applicable,0,,
2024-07-14 00:15:00,CNR1746333183,Driver Not Found,CID580772,Prime SUV,Kammanahalli,Basavanagudi,,,Not Applicable,Not Applicable,Not Applicable,Not Applicable,306,Not Applicable,0,,
2024-07-13 05:12:00,CNR7748463862,Driver Not Found,CID131485,Prime Sedan,Electronic City,Hebbal,,,Not Applicable,Not Applicable,Not Applicable,Not Applicable,224,Not Applicable,0,,
2024-07-24 12:39:00,CNR1040523739,Driver Not Found,CID386022,Prime Sedan,Bannerghatta Road,Chickpet,,,Not Applicable,Not Applicable,Not Applicable,Not Applicable,341,Not Applicable,0,,
2024-07-17 09:30:00,CNR9045420345,Success,CID504596,Prime SUV,Kammanahalli,Tumkur Road,133.0,90.0,Not Applicable,Not Applicable,No,Not Applicable,102,Cash,27,4.4,3.0
2024-07-10 02:36:00,CNR6200766501,Success,CID698117,Bike,Whitefield,BTM Layout,168.0,105.0,Not Applicable,Not Applicable,No,Not Applicable,610,Cash,12,4.0,3.2
2024-07-29 08:09:00,CNR3608942891,Success,CID354143,Auto,Ramamurthy Nagar,Whitefield,98.0,90.0,Not Applicable,Not Applicable,No,Not Applicable,813,Cash,15,3.1,3.2
2024-07-03 20:48:00,CNR3318394172,Success,CID647159,Mini,Varthur,Yelahanka,140.0,80.0,Not Applicable,Not Applicable,No,Not Applicable,486,UPI,18,4.5,4.0
2024-07-24 14:11:00,CNR2360208921,Success,CID557968,Auto,Kadugodi,Nagarbhavi,119.0,30.0,Not Applicable,Not Applicable,No,Not Applicable,319,UPI,3,4.6,3.4
2024-07-24 05:21:00,CNR2527579312,Driver Not Found,CID352476,Prime SUV,JP Nagar,Mysore Road,,,Not Applicable,Not Applicable,Not Applicable,Not Applicable,761,Not Applicable,0,,
2024-07-12 16:37:00,CNR7690069209,Success,CID395978,Mini,Tumkur Road,RT Nagar,154.0,105.0,Not Applicable,Not Applicable,No,Not Applicable,381,UPI,27,4.3,3.9
2024-07-15 11:55:00,CNR5715558910,Success,CID150021,eBike,Yeshwanthpur,BTM Layout,140.0,110.0,Not Applicable,Not Applicable,No,Not Applicable,385,Cash,40,3.7,4.5
2024-07-03 14:10:00,CNR7461057679,Success,CID591675,Bike,Kadugodi,Malleshwaram,294.0,130.0,Not Applicable,Not Applicable,Yes,Vehicle Breakdown,491,UPI,32,4.4,3.3
2024-07-12 05:25:00,CNR6071745380,Success,CID714968,Auto,Devanahalli,Shantinagar,238.0,35.0,Not Applicable,Not Applicable,No,Not Applicable,198,Cash,8,4.3,3.7
2024-07-06 16:26:00,CNR5892339198,Canceled by Driver,CID718311,Mini,Chickpet,Sahakar Nagar,,,Not Applicable,Personal & Car related issue,Not Applicable,Not Applicable,459,Not Applicable,0,,
2024-07-14 10:28:00,CNR7626525613,Canceled by Customer,CID117467,Prime SUV,Hulimavu,Yeshwanthpur,,,Driver asked to cancel,Not Applicable,Not Applicable,Not Applicable,188,Not Applicable,0,,
2024-07-28 02:58:00,CNR8763510889,Canceled by Driver,CID945934,Prime Plus,Hulimavu,Basavanagudi,,,Not Applicable,Personal & Car related issue,Not Applicable,Not Applicable,788,Not Applicable,0,,
2024-07-01 02:24:00,CNR3335015208,Success,CID683658,Prime Plus,Nagarbhavi,Marathahalli,42.0,65.0,Not Applicable,Not Applicable,No,Not Applicable,779,UPI,44,3.1,4.2
2024-07-08 12:40:00,CNR2030578806,Canceled by Customer,CID570991,Prime SUV,Hosur Road,Devanahalli,,,Driver asked to cancel,Not Applicable,Not Applicable,Not Applicable,585,Not Applicable,0,,
2024-07-14 17:22:00,CNR6049777425,Driver Not Found,CID835537,Prime SUV,Yeshwanthpur,Sarjapur Road,,,Not Applicable,Not Applicable,Not Applicable,Not Applicable,453,Not Applicable,0,,
2024-07-18 22:42:00,CNR4425087790,Canceled by Driver,CID799630,Mini,Yeshwanthpur,Basavanagudi,,,Not Applicable,Customer related issue,Not Applicable,Not Applicable,518,Not Applicable,0,,
2024-07-03 02:17:00,CNR2078359837,Success,CID464158,Mini,Chamarajpet,KR Puram,210.0,80.0,Not Applicable,Not Applicable,No,Not Applicable,109,UPI,37,4.0,3.5
2024-07-15 09:27:00,CNR5226904426,Success,CID158054,Prime SUV,Bannerghatta Road,Varthur,280.0,145.0,Not Applicable,Not Applicable,No,Not Applicable,135,Cash,38,3.0,5.0
2024-07-13 22:59:00,CNR6659387375,Success,CID127557,Prime SUV,Hennur,Sarjapur Road,245.0,25.0,Not Applicable,Not Applicable,No,Not Applicable,329,Cash,6,3.1,4.8
2024-07-25 18:41:00,CNR2411798261,Success,CID530575,Prime SUV,Marathahalli,Marathahalli,105.0,50.0,Not Applicable,Not Applicable,No,Not Applicable,219,UPI,36,4.2,4.9
2024-07-19 04:28:00,CNR7004086220,Success,CID880693,Auto,Peenya,Varthur,189.0,100.0,Not Applicable,Not Applicable,No,Not Applicable,266,Debit Card,12,4.0,4.4
2024-07-01 11:16:00,CNR9943531778,Success,CID520476,Prime Sedan,Hennur,Langford Town,175.0,130.0,Not Applicable,Not Applicable,No,Not Applicable,729,UPI,25,4.6,4.4
2024-07-02 16:17:00,CNR8290552106,Success,CID498174,Prime Sedan,Ramamurthy Nagar,Basavanagudi,105.0,50.0,Not Applicable,Not Applicable,No,Not Applicable,980,Cash,14,3.5,3.9
2024-07-03 10:05:00,CNR1582442319,Canceled by Customer,CID304856,Prime Plus,Shantinagar,Hennur,,,Change of plans,Not Applicable,Not Applicable,Not Applicable,207,Not Applicable,0,,
2024-07-09 06:25:00,CNR2284612212,Success,CID577382,Prime SUV,Nagarbhavi,Mysore Road,189.0,55.0,Not Applicable,Not Applicable,No,Not Applicable,421,Cash,40,3.1,3.6
2024-07-19 14:05:00,CNR7121427138,Success,CID794986,eBike,Magadi Road,Malleshwaram,126.0,120.0,Not Applicable,Not Applicable,No,Not Applicable,171,UPI,1,4.8,3.2
2024-07-12 20:39:00,CNR5924754762,Success,CID490165,Bike,Indiranagar,Tumkur Road,112.0,135.0,Not Applicable,Not Applicable,No,Not Applicable,2875,UPI,22,4.9,4.5
2024-07-12 12:32:00,CNR1233048217,Success,CID795898,Bike,Chickpet,Kammanahalli,42.0,90.0,Not Applicable,Not Applicable,No,Not Applicable,111,Cash,14,3.9,3.7
2024-07-19 09:27:00,CNR4372225450,Success,CID417605,Prime SUV,Sarjapur Road,Yelahanka,140.0,120.0,Not Applicable,Not Applicable,No,Not Applicable,142,UPI,8,3.1,4.7
2024-07-13 19:44:00,CNR1130073927,Canceled by Driver,CID363768,Auto,Basavanagudi,Chamarajpet,,,Not Applicable,Personal & Car related issue,Not Applicable,Not Applicable,641,Not Applicable,0,,
2024-07-30 12:13:00,CNR9894821525,Canceled by Customer,CID244112,eBike,Padmanabhanagar,Devanahalli,,,Change of plans,Not Applicable,Not Applicable,Not Applicable,441,Not Applicable,0,,
2024-07-27 21:40:00,CNR2486755476,Canceled by Customer,CID774679,Mini,Bellandur,BTM Layout,,,AC is Not working,Not Applicable,Not Applicable,Not Applicable,271,Not Applicable,0,,
2024-07-05 09:44:00,CNR8903274414,Canceled by Customer,CID142502,Prime SUV,Peenya,Devanahalli,,,Driver asked to cancel,Not Applicable,Not Applicable,Not Applicable,336,Not Applicable,0,,
2024-07-10 04:01:00,CNR8598668698,Canceled by Driver,CID110484,Prime Plus,Magadi Road,Yeshwanthpur,,,Not Applicable,Customer related issue,Not Applicable,Not Applicable,433,Not Applicable,0,,
2024-07-26 23:59:00,CNR3123512326,Driver Not Found,CID878517,eBike,Hosur Road,Rajajinagar,,,Not Applicable,Not Applicable,Not Applicable,Not Applicable,214,Not Applicable,0,,
2024-07-07 22:30:00,CNR7898558690,Canceled by Driver,CID103169,Mini,KR Puram,Shantinagar,,,Not Applicable,Customer related issue,Not Applicable,Not Applicable,988,Not Applicable,0,,
2024-07-08 14:16:00,CNR6900013892,Canceled by Customer,CID425275,Prime Sedan,RT Nagar,Ulsoor,,,Driver is not moving towards pickup location,Not Applicable,Not Applicable,Not Applicable,394,Not Applicable,0,,
2024-07-27 06:15:00,CNR4863067893,Success,CID670500,Prime SUV,HSR Layout,Frazer Town,203.0,25.0,Not Applicable,Not Applicable,No,Not Applicable,718,UPI,3,3.4,4.4
2024-07-21 14:56:00,CNR2763952200,Canceled by Driver,CID819818,Auto,Kadugodi,Hebbal,,,Not Applicable,Customer related issue,Not Applicable,Not Applicable,219,Not Applicable,0,,
2024-07-17 09:00:00,CNR3704285962,Canceled by Customer,CID255103,Auto,Shantinagar,Sahakar Nagar,,,Driver asked to cancel,Not Applicable,Not Applicable,Not Applicable,127,Not Applicable,0,,
2024-07-02 21:56:00,CNR9199659765,Success,CID709113,Prime Sedan,Hulimavu,Hebbal,63.0,125.0,Not Applicable,Not Applicable,No,Not Applicable,392,UPI,36,4.4,4.1
2024-07-22 04:12:00,CNR5856329740,Driver Not Found,CID707248,Bike,Electronic City,RT Nagar,,,Not Applicable,Not Applicable,Not Applicable,Not Applicable,174,Not Applicable,0,,
2024-07-17 14:45:00,CNR7943962970,Driver Not Found,CID412461,eBike,Peenya,Shivajinagar,,,Not Applicable,Not Applicable,Not Applicable,Not Applicable,882,Not Applicable,0,,
2024-07-29 03:00:00,CNR6200792236,Success,CID841330,Auto,Chickpet,Marathahalli,168.0,25.0,Not Applicable,Not Applicable,No,Not Applicable,602,Cash,10,4.5,3.1
2024-07-06 07:04:00,CNR1062831244,Success,CID172299,Mini,Marathahalli,Sarjapur Road,56.0,40.0,Not Applicable,Not Applicable,No,Not Applicable,114,Cash,13,4.3,4.1
2024-07-12 14:55:00,CNR7794787594,Success,CID560111,eBike,JP Nagar,Electronic City,210.0,25.0,Not Applicable,Not Applicable,No,Not Applicable,116,Cash,5,3.3,3.4
2024-07-05 03:17:00,CNR8462691801,Success,CID572788,Prime Sedan,HSR Layout,Malleshwaram,175.0,80.0,Not Applicable,Not Applicable,No,Not Applicable,2537,Cash,39,3.2,3.8
2024-07-14 19:44:00,CNR3179570517,Success,CID937337,Prime SUV,Sahakar Nagar,Jayanagar,147.0,145.0,Not Applicable,Not Applicable,No,Not Applicable,295,Cash,20,4.7,4.5
2024-07-19 03:27:00,CNR3954950531,Success,CID883737,Mini,Tumkur Road,Jayanagar,154.0,55.0,Not Applicable,Not Applicable,No,Not Applicable,826,UPI,31,3.7,4.9
2024-07-01 19:43:00,CNR5106911148,Success,CID582102,Prime Sedan,Frazer Town,RT Nagar,301.0,45.0,Not Applicable,Not Applicable,Yes,Vehicle Breakdown,408,Cash,35,3.7,4.7
2024-07-19 22:50:00,CNR4804449912,Canceled by Driver,CID703398,Bike,Chamarajpet,Chamarajpet,,,Not Applicable,Customer related issue,Not Applicable,Not Applicable,297,Not Applicable,0,,
2024-07-04 16:49:00,CNR4681400784,Success,CID867241,eBike,Koramangala,JP Nagar,147.0,55.0,Not Applicable,Not Applicable,No,Not Applicable,282,UPI,13,3.7,4.5
2024-07-19 04:17:00,CNR2173899540,Driver Not Found,CID452543,Prime Sedan,BTM Layout,Banashankari,,,Not Applicable,Not Applicable,Not Applicable,Not Applicable,121,Not Applicable,0,,
2024-07-18 09:02:00,CNR3244892633,Canceled by Driver,CID568438,Mini,Kengeri,Banashankari,,,Not Applicable,Customer was coughing/sick,Not Applicable,Not Applicable,904,Not Applicable,0,,
2024-07-02 00:08:00,CNR2478182547,Success,CID109761,eBike,Langford Town,Cox Town,273.0,55.0,Not Applicable,Not Applicable,No,Not Applicable,326,UPI,5,4.6,3.9
2024-07-14 21:53:00,CNR3384764561,Success,CID157534,Prime Plus,Tumkur Road,Kengeri,231.0,50.0,Not Applicable,Not Applicable,No,Not Applicable,192,Cash,30,4.2,4.1
2024-07-17 06:24:00,CNR3182464202,Success,CID996218,Bike,HSR Layout,Richmond Town,224.0,135.0,Not Applicable,Not Applicable,No,Not Applicable,265,Cash,3,3.4,4.4
2024-07-30 10:43:00,CNR1859452194,Canceled by Driver,CID104005,eBike,KR Puram,Bannerghatta Road,,,Not Applicable,Customer related issue,Not Applicable,Not Applicable,777,Not Applicable,0,,
2024-07-05 20:30:00,CNR5373928604,Success,CID157064,Mini,Shantinagar,JP Nagar,175.0,80.0,Not Applicable,Not Applicable,No,Not Applicable,248,UPI,37,4.4,5.0
2024-07-21 13:03:00,CNR6557275695,Success,CID429925,Prime SUV,Shantinagar,Rajarajeshwari Nagar,266.0,125.0,Not Applicable,Not Applicable,No,Not Applicable,424,Cash,41,4.3,4.8
2024-07-19 22:48:00,CNR7779447550,Success,CID982189,Prime SUV,Ulsoor,Kengeri,105.0,120.0,Not Applicable,Not Applicable,No,Not Applicable,662,UPI,21,3.9,5.0
2024-07-27 20:57:00,CNR3993743759,Success,CID454973,Prime Sedan,Whitefield,Sarjapur Road,42.0,55.0,Not Applicable,Not Applicable,No,Not Applicable,695,Cash,29,4.7,4.1
2024-07-17 13:59:00,CNR8367182883,Success,CID740482,Prime Plus,Ramamurthy Nagar,Langford Town,280.0,115.0,Not Applicable,Not Applicable,No,Not Applicable,1439,Cash,14,4.9,4.4
2024-07-28 14:56:00,CNR6392243893,Success,CID205864,eBike,Hennur,Varthur,203.0,45.0,Not Applicable,Not Applicable,No,Not Applicable,2018,UPI,10,3.8,3.8
2024-07-18 12:57:00,CNR4556855126,Canceled by Driver,CID826336,eBike,Basavanagudi,Nagarbhavi,,,Not Applicable,Customer was coughing/sick,Not Applicable,Not Applicable,433,Not Applicable,0,,
2024-07-22 21:38:00,CNR9770428129,Canceled by Driver,CID227820,Prime Plus,Koramangala,RT Nagar,,,Not Applicable,More than permitted people in there,Not Applicable,Not Applicable,1253,Not Applicable,0,,
2024-07-27 05:33:00,CNR2316124378,Success,CID600736,eBike,Whitefield,Hosur Road,49.0,100.0,Not Applicable,Not Applicable,No,Not Applicable,434,Cash,9,3.9,3.8
2024-07-14 02:15:00,CNR9774072733,Canceled by Driver,CID468401,Mini,Malleshwaram,Yeshwanthpur,,,Not Applicable,Customer was coughing/sick,Not Applicable,Not Applicable,446,Not Applicable,0,,
2024-07-01 02:06:00,CNR1409697634,Success,CID319144,Prime SUV,Hulimavu,Richmond Town,70.0,40.0,Not Applicable,Not Applicable,No,Not Applicable,319,UPI,14,4.5,4.4
2024-07-19 05:53:00,CNR8777836058,Success,CID704767,Mini,Hennur,Tumkur Road,217.0,80.0,Not Applicable,Not Applicable,No,Not Applicable,748,UPI,9,3.8,3.5
2024-07-16 04:26:00,CNR6619980552,Canceled by Driver,CID136524,Prime Sedan,Basavanagudi,Hulimavu,,,Not Applicable,Customer was coughing/sick,Not Applicable,Not Applicable,317,Not Applicable,0,,
2024-07-15 18:47:00,CNR9662336145,Success,CID562576,Prime Plus,Sahakar Nagar,Hulimavu,182.0,110.0,Not Applicable,Not Applicable,No,Not Applicable,320,UPI,40,3.1,4.1
2024-07-07 14:18:00,CNR5333833161,Success,CID106465,Prime Sedan,Ramamurthy Nagar,Rajajinagar,63.0,30.0,Not Applicable,Not Applicable,No,Not Applicable,479,Cash,46,3.1,4.2
2024-07-20 13:13:00,CNR7789641729,Driver Not Found,CID119860,Prime Plus,Chickpet,Basavanagudi,,,Not Applicable,Not Applicable,Not Applicable,Not Applicable,702,Not Applicable,0,,
2024-07-03 02:57:00,CNR7350378709,Success,CID959500,Prime Plus,Magadi Road,Hebbal,231.0,95.0,Not Applicable,Not Applicable,No,Not Applicable,290,UPI,9,3.8,4.4
2024-07-15 21:46:00,CNR1829644282,Success,CID589484,Auto,Banashankari,Magadi Road,238.0,80.0,Not Applicable,Not Applicable,No,Not Applicable,384,UPI,19,4.4,3.8
2024-07-14 18:23:00,CNR9151863770,Success,CID646860,Prime Plus,Hosur Road,Malleshwaram,168.0,50.0,Not Applicable,Not Applicable,No,Not Applicable,240,UPI,34,3.3,3.2
2024-07-15 23:13:00,CNR1129782155,Canceled by Driver,CID340113,eBike,Nagarbhavi,Shivajinagar,,,Not Applicable,Customer related issue,Not Applicable,Not Applicable,192,Not Applicable,0,,
2024-07-30 13:17:00,CNR5424933690,Success,CID515546,Bike,Shivajinagar,JP Nagar,112.0,105.0,Not Applicable,Not Applicable,No,Not Applicable,542,UPI,11,3.6,4.7
2024-07-28 05:33:00,CNR4897007259,Success,CID231366,Prime Sedan,Basavanagudi,Hennur,147.0,35.0,Not Applicable,Not Applicable,Yes,Customer Demand,362,Cash,3,4.8,3.6
2024-07-19 08:54:00,CNR2123493890,Canceled by Driver,CID338831,Prime Sedan,Ramamurthy Nagar,Hennur,,,Not Applicable,Customer was coughing/sick,Not Applicable,Not Applicable,128,Not Applicable,0,,
2024-07-04 12:53:00,CNR3492210696,Canceled by Driver,CID555964,Bike,Banashankari,JP Nagar,,,Not Applicable,Customer was coughing/sick,Not Applicable,Not Applicable,242,Not Applicable,0,,
2024-07-01 16:04:00,CNR1219189547,Success,CID190743,Bike,Hulimavu,Koramangala,161.0,75.0,Not Applicable,Not Applicable,No,Not Applicable,109,Cash,46,3.4,4.7
2024-07-03 10:07:00,CNR4082436507,Canceled by Driver,CID505614,Auto,Ulsoor,Vijayanagar,,,Not Applicable,More than permitted people in there,Not Applicable,Not Applicable,984,Not Applicable,0,,
2024-07-18 05:04:00,CNR9657949125,Success,CID500020,Prime Sedan,Kadugodi,Magadi Road,280.0,50.0,Not Applicable,Not Applicable,No,Not Applicable,325,Cash,15,4.7,5.0
2024-07-01 03:12:00,CNR1978585843,Canceled by Driver,CID786324,Prime Plus,Cox Town,Chickpet,,,Not Applicable,Customer related issue,Not Applicable,Not Applicable,472,Not Applicable,0,,
2024-07-22 02:18:00,CNR8758391099,Canceled by Customer,CID210702,Auto,Chamarajpet,Hosur Road,,,Driver is not moving towards pickup location,Not Applicable,Not Applicable,Not Applicable,381,Not Applicable,0,,
2024-07-22 06:32:00,CNR1123356364,Driver Not Found,CID871314,Prime Sedan,HSR Layout,Langford Town,,,Not Applicable,Not Applicable,Not Applicable,Not Applicable,2302,Not Applicable,0,,
2024-07-12 17:09:00,CNR4747136685,Driver Not Found,CID884778,Prime Plus,Jayanagar,RT Nagar,,,Not Applicable,Not Applicable,Not Applicable,Not Applicable,837,Not Applicable,0,,
2024-07-30 00:46:00,CNR7759162477,Success,CID534894,Prime Plus,Langford Town,Kengeri,49.0,75.0,Not Applicable,Not Applicable,No,Not Applicable,314,Credit Card,31,4.4,3.2
2024-07-03 03:19:00,CNR7253154285,Success,CID552015,Auto,Cox Town,Kadugodi,119.0,60.0,Not Applicable,Not Applicable,No,Not Applicable,322,Cash,2,3.7,4.4
2024-07-23 15:05:00,CNR9705630811,Canceled by Driver,CID676106,eBike,Chamarajpet,Koramangala,,,Not Applicable,Personal & Car related issue,Not Applicable,Not Applicable,158,Not Applicable,0,,
2024-07-26 04:59:00,CNR7576722380,Canceled by Driver,CID586342,Mini,Chamarajpet,Rajajinagar,,,Not Applicable,Personal & Car related issue,Not Applicable,Not Applicable,1490,Not Applicable,0,,
2024-07-30 23:36:00,CNR6497081018,Success,CID858268,eBike,Devanahalli,Banashankari,210.0,75.0,Not Applicable,Not Applicable,No,Not Applicable,515,Cash,21,4.3,4.7
2024-07-27 05:27:00,CNR4754685287,Success,CID207957,Prime Plus,Sarjapur Road,Chickpet,217.0,65.0,Not Applicable,Not Applicable,No,Not Applicable,1941,Cash,48,3.8,4.4
2024-07-15 22:21:00,CNR2533395508,Success,CID271757,eBike,Hulimavu,Kammanahalli,77.0,90.0,Not Applicable,Not Applicable,No,Not Applicable,388,Cash,35,3.6,3.3
2024-07-16 07:02:00,CNR1390574228,Success,CID133154,Prime Sedan,Langford Town,Shivajinagar,49.0,145.0,Not Applicable,Not Applicable,No,Not Applicable,247,UPI,23,3.6,4.8
2024-07-11 01:50:00,CNR8149112237,Success,CID224865,Mini,Jayanagar,Tumkur Road,140.0,125.0,Not Applicable,Not Applicable,Yes,Customer Demand,208,UPI,43,3.4,3.2
2024-07-25 08:49:00,CNR2555611623,Canceled by Customer,CID905198,Bike,Sarjapur Road,KR Puram,,,Driver is not moving towards pickup location,Not Applicable,Not Applicable,Not Applicable,481,Not Applicable,0,,
2024-07-09 01:22:00,CNR1045121376,Success,CID142107,Prime Sedan,Indiranagar,Banashankari,280.0,55.0,Not Applicable,Not Applicable,No,Not Applicable,795,Cash,35,4.8,4.0
2024-07-19 11:46:00,CNR4745796196,Canceled by Driver,CID451807,eBike,Jayanagar,Chamarajpet,,,Not Applicable,More than permitted people in there,Not Applicable,Not Applicable,557,Not Applicable,0,,
2024-07-01 01:45:00,CNR3283116042,Success,CID659100,Mini,Indiranagar,Mysore Road,35.0,130.0,Not Applicable,Not Applicable,No,Not Applicable,348,Cash,43,4.8,4.1
2024-07-12 10:13:00,CNR6732676062,Canceled by Customer,CID125299,Auto,Yeshwanthpur,Electronic City,,,AC is Not working,Not Applicable,Not Applicable,Not Applicable,351,Not Applicable,0,,
2024-07-30 15:44:00,CNR2717375801,Success,CID725318,Auto,Electronic City,Vijayanagar,84.0,40.0,Not Applicable,Not Applicable,No,Not Applicable,641,UPI,10,3.0,3.9
2024-07-25 02:03:00,CNR9312032170,Success,CID409514,Auto,Indiranagar,Jayanagar,308.0,120.0,Not Applicable,Not Applicable,No,Not Applicable,331,UPI,3,3.5,3.4
2024-07-20 21:18:00,CNR8254132909,Success,CID345494,Mini,Kadugodi,Devanahalli,301.0,40.0,Not Applicable,Not Applicable,No,Not Applicable,868,Cash,21,3.2,4.0
2024-07-22 10:15:00,CNR6032324037,Success,CID228232,Prime Plus,Magadi Road,MG Road,63.0,145.0,Not Applicable,Not Applicable,No,Not Applicable,393,Cash,49,4.6,4.8
2024-07-18 20:35:00,CNR4184381777,Success,CID426371,Bike,Whitefield,MG Road,259.0,60.0,Not Applicable,Not Applicable,No,Not Applicable,1252,Cash,13,3.9,4.8
2024-07-21 20:18:00,CNR6672880753,Driver Not Found,CID494230,Prime Plus,Cox Town,Chickpet,,,Not Applicable,Not Applicable,Not Applicable,Not Applicable,436,Not Applicable,0,,
2024-07-29 12:33:00,CNR6895106258,Success,CID917380,Prime Sedan,Padmanabhanagar,Banashankari,91.0,50.0,Not Applicable,Not Applicable,No,Not Applicable,251,Cash,13,4.1,3.1
2024-07-23 10:41:00,CNR8896439896,Driver Not Found,CID814924,Mini,Langford Town,Bannerghatta Road,,,Not Applicable,Not Applicable,Not Applicable,Not Applicable,2005,Not Applicable,0,,
2024-07-09 05:27:00,CNR1388239667,Success,CID266584,eBike,Richmond Town,Devanahalli,210.0,95.0,Not Applicable,Not Applicable,No,Not Applicable,246,UPI,44,3.9,4.8
2024-07-18 12:19:00,CNR2079975833,Canceled by Customer,CID789790,Prime SUV,Yelahanka,Indiranagar,,,AC is Not working,Not Applicable,Not Applicable,Not Applicable,191,Not Applicable,0,,
2024-07-03 18:53:00,CNR5047617734,Success,CID298908,Prime Plus,Tumkur Road,JP Nagar,203.0,60.0,Not Applicable,Not Applicable,No,Not Applicable,147,Cash,32,3.2,3.4
2024-07-18 08:50:00,CNR5260678884,Success,CID787333,Auto,Whitefield,Peenya,280.0,100.0,Not Applicable,Not Applicable,No,Not Applicable,795,Cash,8,4.6,4.7
2024-07-04 16:46:00,CNR3903084852,Success,CID493543,Mini,Hebbal,Shantinagar,112.0,55.0,Not Applicable,Not Applicable,No,Not Applicable,146,UPI,8,3.1,4.5
2024-07-20 17:30:00,CNR8259053638,Success,CID686824,Auto,Whitefield,Basavanagudi,91.0,55.0,Not Applicable,Not Applicable,No,Not Applicable,440,Credit Card,7,3.0,3.6
2024-07-08 21:53:00,CNR5142844616,Success,CID808342,Auto,KR Puram,Padmanabhanagar,63.0,80.0,Not Applicable,Not Applicable,No,Not Applicable,342,UPI,10,4.1,3.6
2024-07-20 18:50:00,CNR1548438340,Success,CID455361,eBike,Richmond Town,Hennur,210.0,55.0,Not Applicable,Not Applicable,Yes,Customer Demand,125,UPI,44,4.9,3.8
2024-07-12 21:37:00,CNR4642775320,Success,CID572948,Prime SUV,Tumkur Road,JP Nagar,91.0,125.0,Not Applicable,Not Applicable,No,Not Applicable,675,UPI,14,4.1,3.5
2024-07-25 04:14:00,CNR3057295998,Success,CID856570,eBike,BTM Layout,Malleshwaram,266.0,110.0,Not Applicable,Not Applicable,No,Not Applicable,120,Cash,8,3.9,3.6
2024-07-19 06:54:00,CNR3346534495,Success,CID529058,Prime Sedan,Kammanahalli,BTM Layout,98.0,110.0,Not Applicable,Not Applicable,No,Not Applicable,480,Cash,41,4.4,4.1
2024-07-04 19:09:00,CNR3389701722,Success,CID150879,Prime SUV,Rajajinagar,Kadugodi,91.0,50.0,Not Applicable,Not Applicable,No,Not Applicable,161,UPI,9,5.0,3.3
2024-07-24 08:52:00,CNR3542388737,Canceled by Driver,CID316013,Bike,Hulimavu,Bannerghatta Road,,,Not Applicable,More than permitted people in there,Not Applicable,Not Applicable,335,Not Applicable,0,,
2024-07-17 19:51:00,CNR5349778305,Success,CID729666,Mini,Magadi Road,Hulimavu,287.0,35.0,Not Applicable,Not Applicable,No,Not Applicable,2253,Cash,45,4.8,4.8
2024-07-17 06:37:00,CNR1161811552,Canceled by Driver,CID932426,Prime Sedan,Banashankari,KR Puram,,,Not Applicable,Personal & Car related issue,Not Applicable,Not Applicable,160,Not Applicable,0,,
2024-07-12 15:37:00,CNR4829617897,Canceled by Customer,CID154251,Bike,Shivajinagar,Langford Town,,,Change of plans,Not Applicable,Not Applicable,Not Applicable,978,Not Applicable,0,,
2024-07-06 09:12:00,CNR8242484837,Canceled by Customer,CID405649,Prime Sedan,Shivajinagar,Koramangala,,,Driver is not moving towards pickup location,Not Applicable,Not Applicable,Not Applicable,104,Not Applicable,0,,
2024-07-22 03:02:00,CNR3655716539,Success,CID537934,eBike,Marathahalli,Yelahanka,294.0,130.0,Not Applicable,Not Applicable,No,Not Applicable,332,Cash,39,4.5,4.8
2024-07-08 23:43:00,CNR6362240061,Success,CID812625,Prime SUV,Devanahalli,Shantinagar,84.0,65.0,Not Applicable,Not Applicable,No,Not Applicable,830,UPI,21,4.9,4.8
2024-07-19 14:15:00,CNR2396426984,Success,CID913671,Prime Sedan,Mysore Road,MG Road,154.0,90.0,Not Applicable,Not Applicable,No,Not Applicable,132,Cash,17,4.4,4.1
2024-07-06 19:02:00,CNR2420974615,Success,CID152209,Prime Sedan,RT Nagar,Bannerghatta Road,77.0,110.0,Not Applicable,Not Applicable,No,Not Applicable,1980,Cash,34,4.9,4.8
2024-07-04 03:11:00,CNR8749842427,Driver Not Found,CID655015,Prime Plus,Kengeri,Banashankari,,,Not Applicable,Not Applicable,Not Applicable,Not Applicable,154,Not Applicable,0,,
2024-07-11 19:49:00,CNR4884280252,Success,CID981014,Prime Sedan,Kengeri,Varthur,147.0,105.0,Not Applicable,Not Applicable,No,Not Applicable,1304,Cash,15,4.7,3.6
2024-07-12 18:04:00,CNR6873423995,Success,CID997661,Prime Sedan,Malleshwaram,Kengeri,287.0,115.0,Not Applicable,Not Applicable,No,Not Applicable,393,UPI,3,3.6,3.9
2024-07-17 18:05:00,CNR4782561465,Success,CID638764,eBike,JP Nagar,Rajarajeshwari Nagar,168.0,75.0,Not Applicable,Not Applicable,No,Not Applicable,324,UPI,16,3.7,4.3
2024-07-24 16:55:00,CNR2893838995,Canceled by Customer,CID504925,Mini,Tumkur Road,Rajajinagar,,,AC is Not working,Not Applicable,Not Applicable,Not Applicable,796,Not Applicable,0,,
2024-07-06 10:55:00,CNR9995807094,Success,CID389143,Prime Sedan,Sahakar Nagar,Mysore Road,77.0,110.0,Not Applicable,Not Applicable,No,Not Applicable,313,Cash,44,3.2,3.1
2024-07-10 19:32:00,CNR4858839986,Success,CID910030,Bike,Bellandur,KR Puram,133.0,135.0,Not Applicable,Not Applicable,No,Not Applicable,397,Cash,34,4.1,3.7
2024-07-11 08:00:00,CNR5891325928,Canceled by Driver,CID517489,Bike,Indiranagar,Chamarajpet,,,Not Applicable,Customer related issue,Not Applicable,Not Applicable,701,Not Applicable,0,,
2024-07-18 06:17:00,CNR3580961407,Canceled by Customer,CID379091,Mini,KR Puram,Marathahalli,,,AC is Not working,Not Applicable,Not Applicable,Not Applicable,207,Not Applicable,0,,
2024-07-08 07:41:00,CNR3586810192,Success,CID532733,Mini,Bannerghatta Road,Koramangala,154.0,30.0,Not Applicable,Not Applicable,No,Not Applicable,970,UPI,14,4.2,4.8
2024-07-19 15:43:00,CNR3062658306,Success,CID516628,Auto,Kadugodi,Chamarajpet,147.0,105.0,Not Applicable,Not Applicable,No,Not Applicable,460,UPI,5,4.9,3.6
2024-07-28 17:03:00,CNR3549599674,Success,CID658910,eBike,Vijayanagar,Electronic City,63.0,40.0,Not Applicable,Not Applicable,No,Not Applicable,463,Cash,28,4.5,3.2
2024-07-25 08:58:00,CNR3992241779,Success,CID329026,Prime SUV,Majestic,Jayanagar,245.0,75.0,Not Applicable,Not Applicable,No,Not Applicable,1410,UPI,42,4.7,3.3
2024-07-24 17:45:00,CNR9369007191,Success,CID233384,eBike,KR Puram,Yeshwanthpur,210.0,75.0,Not Applicable,Not Applicable,No,Not Applicable,730,Cash,24,3.3,4.4
2024-07-20 09:11:00,CNR1719748235,Success,CID141806,Bike,BTM Layout,MG Road,105.0,140.0,Not Applicable,Not Applicable,No,Not Applicable,323,Cash,28,4.2,4.9
2024-07-13 16:41:00,CNR6256258024,Success,CID115365,Mini,RT Nagar,Jayanagar,154.0,135.0,Not Applicable,Not Applicable,No,Not Applicable,441,Cash,46,4.9,3.7
2024-07-10 15:19:00,CNR3867410978,Canceled by Driver,CID563872,Prime SUV,Ramamurthy Nagar,Varthur,,,Not Applicable,Personal & Car related issue,Not Applicable,Not Applicable,432,Not Applicable,0,,
2024-07-12 22:18:00,CNR1150424947,Driver Not Found,CID431389,Prime Sedan,Basavanagudi,Electronic City,,,Not Applicable,Not Applicable,Not Applicable,Not Applicable,768,Not Applicable,0,,
2024-07-04 14:02:00,CNR9443542656,Success,CID449033,Prime SUV,Malleshwaram,Peenya,238.0,75.0,Not Applicable,Not Applicable,No,Not Applicable,1790,UPI,44,4.8,3.6
2024-07-20 00:44:00,CNR3831751102,Success,CID744090,Prime Plus,JP Nagar,Langford Town,35.0,135.0,Not Applicable,Not Applicable,No,Not Applicable,168,Cash,19,3.4,4.5
2024-07-12 06:20:00,CNR8796025669,Canceled by Customer,CID156828,eBike,Kadugodi,Whitefield,,,AC is Not working,Not Applicable,Not Applicable,Not Applicable,332,Not Applicable,0,,
2024-07-28 15:08:00,CNR5826970997,Success,CID311507,Mini,Mysore Road,Ulsoor,224.0,30.0,Not Applicable,Not Applicable,No,Not Applicable,737,Cash,10,4.7,4.3
2024-07-09 12:02:00,CNR5995959155,Success,CID530472,Prime Sedan,Langford Town,Banashankari,301.0,65.0,Not Applicable,Not Applicable,No,Not Applicable,140,Cash,4,3.8,3.2
2024-07-17 12:48:00,CNR3803249348,Success,CID822252,Bike,Kadugodi,BTM Layout,273.0,110.0,Not Applicable,Not Applicable,No,Not Applicable,203,UPI,14,5.0,4.3
2024-07-27 12:54:00,CNR8287020432,Success,CID891836,Prime Plus,Nagarbhavi,Yelahanka,126.0,75.0,Not Applicable,Not Applicable,No,Not Applicable,185,Cash,38,4.3,3.7
2024-07-08 04:19:00,CNR9751489121,Canceled by Driver,CID682599,Prime Plus,Yeshwanthpur,Nagarbhavi,,,Not Applicable,Personal & Car related issue,Not Applicable,Not Applicable,309,Not Applicable,0,,
2024-07-06 00:54:00,CNR4075445760,Success,CID934115,Prime SUV,Banashankari,Banashankari,259.0,135.0,Not Applicable,Not Applicable,No,Not Applicable,324,Cash,5,3.2,5.0
2024-07-11 11:05:00,CNR6078920818,Canceled by Customer,CID902031,Prime Sedan,Peenya,Mysore Road,,,Driver is not moving towards pickup location,Not Applicable,Not Applicable,Not Applicable,120,Not Applicable,0,,
2024-07-22 15:51:00,CNR9054039909,Canceled by Driver,CID958570,Prime Sedan,Indiranagar,Tumkur Road,,,Not Applicable,Personal & Car related issue,Not Applicable,Not Applicable,489,Not Applicable,0,,
2024-07-13 05:27:00,CNR1595280669,Canceled by Customer,CID902891,Prime SUV,Tumkur Road,Ulsoor,,,AC is Not working,Not Applicable,Not Applicable,Not Applicable,496,Not Applicable,0,,
2024-07-29 10:45:00,CNR7289429242,Success,CID227351,Prime Plus,Langford Town,Peenya,252.0,80.0,Not Applicable,Not Applicable,No,Not Applicable,828,UPI,35,4.4,3.2
2024-07-24 02:16:00,CNR3398595608,Success,CID892712,Auto,Sahakar Nagar,Mysore Road,287.0,120.0,Not Applicable,Not Applicable,No,Not Applicable,818,Cash,11,4.4,4.9
2024-07-21 08:24:00,CNR5953251381,Canceled by Customer,CID678532,Prime Plus,Yeshwanthpur,Hennur,,,Driver is not moving towards pickup location,Not Applicable,Not Applicable,Not Applicable,1998,Not Applicable,0,,
2024-07-18 16:00:00,CNR7819246733,Success,CID311898,Auto,Koramangala,Sahakar Nagar,49.0,105.0,Not Applicable,Not Applicable,No,Not Applicable,164,Cash,8,4.7,3.1
2024-07-06 17:09:00,CNR5674978194,Canceled by Driver,CID630810,Bike,Frazer Town,Nagarbhavi,,,Not Applicable,Personal & Car related issue,Not Applicable,Not Applicable,954,Not Applicable,0,,
2024-07-25 00:05:00,CNR4248837404,Success,CID806215,Prime Plus,Bannerghatta Road,Kammanahalli,119.0,30.0,Not Applicable,Not Applicable,No,Not Applicable,240,Cash,45,4.2,3.1
2024-07-18 21:41:00,CNR9345457548,Driver Not Found,CID437980,Mini,Kadugodi,Kammanahalli,,,Not Applicable,Not Applicable,Not Applicable,Not Applicable,462,Not Applicable,0,,
2024-07-06 12:11:00,CNR7342902261,Canceled by Driver,CID962097,Auto,Koramangala,Tumkur Road,,,Not Applicable,Customer related issue,Not Applicable,Not Applicable,1209,Not Applicable,0,,
2024-07-05 01:50:00,CNR5037788983,Driver Not Found,CID132145,Mini,HSR Layout,Basavanagudi,,,Not Applicable,Not Applicable,Not Applicable,Not Applicable,379,Not Applicable,0,,
2024-07-10 23:07:00,CNR9893474322,Canceled by Customer,CID229881,Prime SUV,Peenya,Shantinagar,,,Driver asked to cancel,Not Applicable,Not Applicable,Not Applicable,831,Not Applicable,0,,
2024-07-30 13:21:00,CNR7850324986,Success,CID189853,eBike,Majestic,Langford Town,266.0,80.0,Not Applicable,Not Applicable,No,Not Applicable,748,UPI,48,4.1,3.6
2024-07-02 03:13:00,CNR3654525360,Success,CID184290,Prime Plus,Rajajinagar,Jayanagar,280.0,80.0,Not Applicable,Not Applicable,No,Not Applicable,100,Cash,5,4.1,3.9
2024-07-11 15:59:00,CNR2773510634,Driver Not Found,CID123231,eBike,Marathahalli,Yeshwanthpur,,,Not Applicable,Not Applicable,Not Applicable,Not Applicable,104,Not Applicable,0,,
2024-07-09 15:41:00,CNR9941975988,Driver Not Found,CID246012,Auto,Sarjapur Road,Koramangala,,,Not Applicable,Not Applicable,Not Applicable,Not Applicable,193,Not Applicable,0,,
2024-07-14 23:08:00,CNR2354213209,Success,CID791929,Prime Plus,Bannerghatta Road,Shantinagar,154.0,40.0,Not Applicable,Not Applicable,No,Not Applicable,436,Credit Card,21,4.4,3.1
2024-07-18 16:23:00,CNR9474943269,Success,CID900086,Prime Plus,Hebbal,RT Nagar,133.0,40.0,Not Applicable,Not Applicable,No,Not Applicable,328,UPI,32,3.1,4.4
2024-07-08 20:48:00,CNR5226717541,Canceled by Driver,CID839990,Prime Plus,Richmond Town,Marathahalli,,,Not Applicable,Customer related issue,Not Applicable,Not Applicable,205,Not Applicable,0,,
2024-07-25 19:34:00,CNR1867091287,Success,CID212182,Auto,Nagarbhavi,Ramamurthy Nagar,231.0,40.0,Not Applicable,Not Applicable,No,Not Applicable,162,Cash,5,3.9,5.0
2024-07-15 00:09:00,CNR7822779503,Success,CID958032,Bike,Devanahalli,Rajajinagar,259.0,100.0,Not Applicable,Not Applicable,No,Not Applicable,379,Cash,5,3.9,3.7
2024-07-27 01:58:00,CNR1812594417,Success,CID552282,Prime Plus,RT Nagar,Shivajinagar,266.0,60.0,Not Applicable,Not Applicable,No,Not Applicable,255,Cash,19,5.0,4.6
2024-07-24 09:39:00,CNR7644323595,Success,CID420568,Mini,Padmanabhanagar,Richmond Town,35.0,105.0,Not Applicable,Not Applicable,No,Not Applicable,254,UPI,36,3.8,4.5
2024-07-11 05:29:00,CNR9933140866,Success,CID242598,Prime Plus,Marathahalli,Banashankari,70.0,130.0,Not Applicable,Not Applicable,No,Not Applicable,110,UPI,48,4.4,3.5
2024-07-28 19:36:00,CNR9843191843,Canceled by Driver,CID387282,eBike,Koramangala,Rajajinagar,,,Not Applicable,Customer related issue,Not Applicable,Not Applicable,242,Not Applicable,0,,
2024-07-22 08:07:00,CNR2242808120,Success,CID878459,Prime Plus,Rajajinagar,Tumkur Road,56.0,100.0,Not Applicable,Not Applicable,No,Not Applicable,579,Cash,9,4.6,4.2
2024-07-11 18:52:00,CNR5461132418,Success,CID988315,Mini,Hosur Road,Sarjapur Road,287.0,75.0,Not Applicable,Not Applicable,No,Not Applicable,363,Cash,49,4.2,4.2
2024-07-26 21:38:00,CNR8112798902,Success,CID528580,Bike,Yeshwanthpur,MG Road,49.0,30.0,Not Applicable,Not Applicable,No,Not Applicable,277,Cash,2,3.0,4.7
2024-07-10 19:23:00,CNR1982877143,Success,CID191493,Mini,Bannerghatta Road,Bellandur,210.0,140.0,Not Applicable,Not Applicable,No,Not Applicable,534,Cash,44,3.2,4.1
2024-07-09 11:29:00,CNR3143754274,Success,CID600227,eBike,Richmond Town,JP Nagar,63.0,80.0,Not Applicable,Not Applicable,No,Not Applicable,174,Cash,12,4.9,3.1
2024-07-05 16:01:00,CNR8458202453,Success,CID375253,Bike,Jayanagar,Sahakar Nagar,175.0,120.0,Not Applicable,Not Applicable,No,Not Applicable,271,Cash,47,3.3,4.3
2024-07-18 04:22:00,CNR9857357048,Canceled by Customer,CID196594,Prime Sedan,Hulimavu,Peenya,,,Change of plans,Not Applicable,Not Applicable,Not Applicable,579,Not Applicable,0,,
2024-07-29 00:31:00,CNR4614913277,Success,CID121702,Prime SUV,Electronic City,JP Nagar,63.0,60.0,Not Applicable,Not Applicable,Yes,Customer Demand,855,UPI,18,3.3,4.5
2024-07-07 00:05:00,CNR9539329176,Success,CID749942,eBike,Chickpet,Peenya,77.0,105.0,Not Applicable,Not Applicable,No,Not Applicable,457,Cash,16,4.1,4.1
2024-07-09 20:27:00,CNR3171312828,Canceled by Driver,CID494448,Mini,KR Puram,Malleshwaram,,,Not Applicable,Personal & Car related issue,Not Applicable,Not Applicable,332,Not Applicable,0,,
2024-07-16 14:06:00,CNR5018025849,Canceled by Customer,CID423783,Prime SUV,Majestic,Hennur,,,Driver asked to cancel,Not Applicable,Not Applicable,Not Applicable,883,Not Applicable,0,,
2024-07-28 15:55:00,CNR9006954018,Success,CID629811,Prime SUV,Varthur,Kadugodi,35.0,85.0,Not Applicable,Not Applicable,No,Not Applicable,434,UPI,21,4.7,4.1
2024-07-03 10:02:00,CNR3218648448,Success,CID240308,Prime SUV,Bannerghatta Road,Shantinagar,196.0,60.0,Not Applicable,Not Applicable,No,Not Applicable,479,Cash,27,3.9,3.5
2024-07-28 17:13:00,CNR2338504006,Canceled by Driver,CID859882,Bike,Vijayanagar,Bannerghatta Road,,,Not Applicable,Personal & Car related issue,Not Applicable,Not Applicable,439,Not Applicable,0,,
2024-07-23 19:20:00,CNR8284097122,Success,CID869845,Mini,Yeshwanthpur,HSR Layout,259.0,115.0,Not Applicable,Not Applicable,No,Not Applicable,749,UPI,20,4.1,4.4
2024-07-23 00:48:00,CNR8273227777,Success,CID428668,Mini,JP Nagar,Mysore Road,56.0,120.0,Not Applicable,Not Applicable,No,Not Applicable,1245,Cash,49,3.3,3.3
2024-07-01 19:52:00,CNR4380177534,Success,CID130807,Mini,Banashankari,Jayanagar,140.0,135.0,Not Applicable,Not Applicable,No,Not Applicable,149,Cash,19,3.1,4.1
2024-07-25 03:24:00,CNR9256440031,Success,CID506888,eBike,Richmond Town,Tumkur Road,35.0,130.0,Not Applicable,Not Applicable,No,Not Applicable,436,Cash,27,3.7,4.2
2024-07-27 19:29:00,CNR4257772925,Success,CID850290,Prime Sedan,Nagarbhavi,Shantinagar,35.0,55.0,Not Applicable,Not Applicable,No,Not Applicable,918,UPI,11,4.7,4.2
2024-07-13 07:57:00,CNR4292349077,Success,CID785823,Mini,Chickpet,Bannerghatta Road,63.0,90.0,Not Applicable,Not Applicable,No,Not Applicable,258,UPI,1,4.0,3.2
2024-07-09 21:34:00,CNR6675535428,Canceled by Driver,CID279840,Bike,Shivajinagar,Yelahanka,,,Not Applicable,Customer related issue,Not Applicable,Not Applicable,469,Not Applicable,0,,
2024-07-23 03:43:00,CNR1939768082,Success,CID793423,Prime Sedan,Chamarajpet,Whitefield,175.0,110.0,Not Applicable,Not Applicable,No,Not Applicable,195,UPI,9,4.5,4.9
2024-07-25 23:29:00,CNR3970299987,Success,CID488633,Prime Sedan,BTM Layout,Cox Town,126.0,135.0,Not Applicable,Not Applicable,No,Not Applicable,173,Cash,34,4.6,3.7
2024-07-11 09:37:00,CNR5144834453,Success,CID902730,Prime Plus,Malleshwaram,Kengeri,112.0,80.0,Not Applicable,Not Applicable,No,Not Applicable,663,Cash,32,4.4,3.8
2024-07-21 02:44:00,CNR6426920197,Driver Not Found,CID658709,Prime SUV,Shantinagar,Sahakar Nagar,,,Not Applicable,Not Applicable,Not Applicable,Not Applicable,497,Not Applicable,0,,
2024-07-12 23:10:00,CNR3404135933,Canceled by Driver,CID890910,Prime Plus,KR Puram,Magadi Road,,,Not Applicable,Customer was coughing/sick,Not Applicable,Not Applicable,660,Not Applicable,0,,
2024-07-09 06:57:00,CNR3963149319,Success,CID120476,Auto,Yeshwanthpur,Indiranagar,154.0,55.0,Not Applicable,Not Applicable,No,Not Applicable,387,Cash,10,4.7,3.9
2024-07-28 08:22:00,CNR3874101142,Canceled by Driver,CID587175,Prime Plus,Yelahanka,RT Nagar,,,Not Applicable,Personal & Car related issue,Not Applicable,Not Applicable,437,Not Applicable,0,,
2024-07-26 22:45:00,CNR4414055527,Success,CID866988,eBike,Basavanagudi,Kengeri,56.0,50.0,Not Applicable,Not Applicable,No,Not Applicable,158,UPI,35,4.8,3.2
2024-07-14 07:32:00,CNR2551419117,Success,CID884296,Auto,HSR Layout,Whitefield,91.0,110.0,Not Applicable,Not Applicable,No,Not Applicable,165,Cash,13,3.0,4.3
2024-07-26 07:34:00,CNR8336567886,Canceled by Driver,CID716351,Bike,Padmanabhanagar,Rajarajeshwari Nagar,,,Not Applicable,Personal & Car related issue,Not Applicable,Not Applicable,461,Not Applicable,0,,
2024-07-29 14:37:00,CNR5945920193,Success,CID348252,eBike,Sarjapur Road,Mysore Road,231.0,25.0,Not Applicable,Not Applicable,No,Not Applicable,230,Cash,32,4.0,4.5
2024-07-05 22:53:00,CNR4904251095,Success,CID628701,eBike,Sahakar Nagar,Devanahalli,308.0,135.0,Not Applicable,Not Applicable,No,Not Applicable,278,Cash,48,4.5,3.3
2024-07-07 15:07:00,CNR3995575265,Driver Not Found,CID265997,Bike,Chickpet,HSR Layout,,,Not Applicable,Not Applicable,Not Applicable,Not Applicable,186,Not Applicable,0,,
2024-07-14 10:38:00,CNR8721159197,Success,CID911222,Mini,Shivajinagar,HSR Layout,98.0,40.0,Not Applicable,Not Applicable,No,Not Applicable,454,UPI,39,3.8,4.1
2024-07-01 07:49:00,CNR6845552330,Success,CID381171,Prime Plus,Padmanabhanagar,Vijayanagar,70.0,45.0,Not Applicable,Not Applicable,No,Not Applicable,116,Cash,5,4.0,4.8
2024-07-05 07:54:00,CNR6831876702,Success,CID172560,eBike,Bellandur,Kadugodi,252.0,135.0,Not Applicable,Not Applicable,No,Not Applicable,657,Cash,19,3.2,3.5
2024-07-11 03:59:00,CNR6077965914,Success,CID884869,Prime Plus,Vijayanagar,Malleshwaram,168.0,145.0,Not Applicable,Not Applicable,No,Not Applicable,306,Credit Card,48,3.2,5.0
2024-07-13 22:12:00,CNR8790482246,Canceled by Driver,CID443459,Mini,Rajajinagar,Rajarajeshwari Nagar,,,Not Applicable,Personal & Car related issue,Not Applicable,Not Applicable,237,Not Applicable,0,,
2024-07-13 13:20:00,CNR5894617034,Success,CID883999,Prime SUV,Hulimavu,Banashankari,189.0,55.0,Not Applicable,Not Applicable,No,Not Applicable,321,Cash,13,3.0,4.8
2024-07-26 21:16:00,CNR6845161742,Success,CID996903,Auto,Shivajinagar,Hulimavu,175.0,85.0,Not Applicable,Not Applicable,No,Not Applicable,192,UPI,4,4.1,4.5
2024-07-26 16:08:00,CNR3533521626,Canceled by Customer,CID338753,Prime Plus,Frazer Town,MG Road,,,Driver asked to cancel,Not Applicable,Not Applicable,Not Applicable,903,Not Applicable,0,,
2024-07-15 09:08:00,CNR9815025702,Success,CID202874,Prime Sedan,Kadugodi,Kammanahalli,231.0,60.0,Not Applicable,Not Applicable,No,Not Applicable,348,UPI,46,3.6,3.8
2024-07-24 04:24:00,CNR4717276749,Canceled by Customer,CID661739,Prime Sedan,Kengeri,Chamarajpet,,,Driver is not moving towards pickup location,Not Applicable,Not Applicable,Not Applicable,323,Not Applicable,0,,
2024-07-18 15:29:00,CNR6024906554,Success,CID610537,Auto,KR Puram,Varthur,105.0,110.0,Not Applicable,Not Applicable,No,Not Applicable,2458,Cash,3,4.3,4.8
2024-07-20 11:59:00,CNR8578208196,Driver Not Found,CID978670,Auto,Ulsoor,Yeshwanthpur,,,Not Applicable,Not Applicable,Not Applicable,Not Applicable,369,Not Applicable,0,,
2024-07-10 07:23:00,CNR6939953193,Success,CID602091,eBike,Tumkur Road,Hosur Road,63.0,100.0,Not Applicable,Not Applicable,No,Not Applicable,542,Cash,34,3.3,4.5
2024-07-17 14:27:00,CNR5598124046,Canceled by Driver,CID884124,Bike,Hennur,Rajajinagar,,,Not Applicable,Customer was coughing/sick,Not Applicable,Not Applicable,109,Not Applicable,0,,
2024-07-20 00:23:00,CNR9979496511,Success,CID993038,Prime SUV,Shivajinagar,Langford Town,140.0,55.0,Not Applicable,Not Applicable,No,Not Applicable,383,UPI,7,4.7,4.7
2024-07-29 09:20:00,CNR4086325418,Driver Not Found,CID322293,Mini,Cox Town,Sahakar Nagar,,,Not Applicable,Not Applicable,Not Applicable,Not Applicable,199,Not Applicable,0,,
2024-07-07 02:01:00,CNR1303055401,Driver Not Found,CID261428,eBike,Marathahalli,Magadi Road,,,Not Applicable,Not Applicable,Not Applicable,Not Applicable,929,Not Applicable,0,,
2024-07-28 21:30:00,CNR8531830275,Success,CID267246,Prime SUV,Rajajinagar,Basavanagudi,42.0,60.0,Not Applicable,Not Applicable,No,Not Applicable,270,Cash,1,3.4,3.3
2024-07-01 08:23:00,CNR5941702511,Canceled by Customer,CID658469,Auto,Tumkur Road,Rajajinagar,,,Driver is not moving towards pickup location,Not Applicable,Not Applicable,Not Applicable,103,Not Applicable,0,,
2024-07-12 09:59:00,CNR3053876111,Canceled by Driver,CID714634,Mini,MG Road,Devanahalli,,,Not Applicable,Personal & Car related issue,Not Applicable,Not Applicable,290,Not Applicable,0,,
2024-07-06 20:22:00,CNR9480540773,Canceled by Customer,CID855301,Prime SUV,Mysore Road,Ramamurthy Nagar,,,Driver is not moving towards pickup location,Not Applicable,Not Applicable,Not Applicable,142,Not Applicable,0,,
2024-07-01 15:00:00,CNR5484246363,Canceled by Customer,CID574719,eBike,Mysore Road,Vijayanagar,,,Change of plans,Not Applicable,Not Applicable,Not Applicable,118,Not Applicable,0,,
2024-07-28 08:22:00,CNR4691345750,Driver Not Found,CID490008,Prime SUV,Chamarajpet,Sarjapur Road,,,Not Applicable,Not Applicable,Not Applicable,Not Applicable,888,Not Applicable,0,,
2024-07-21 00:19:00,CNR5195594245,Canceled by Driver,CID639986,Prime Plus,Malleshwaram,Banashankari,,,Not Applicable,Personal & Car related issue,Not Applicable,Not Applicable,2463,Not Applicable,0,,
2024-07-10 13:41:00,CNR1506963370,Success,CID289784,Auto,Rajajinagar,Marathahalli,252.0,140.0,Not Applicable,Not Applicable,No,Not Applicable,252,Cash,10,4.0,3.3
2024-07-25 03:21:00,CNR3851124902,Driver Not Found,CID708141,Prime SUV,Banashankari,Majestic,,,Not Applicable,Not Applicable,Not Applicable,Not Applicable,925,Not Applicable,0,,
2024-07-21 04:24:00,CNR4550626606,Success,CID498668,eBike,Bannerghatta Road,Vijayanagar,105.0,80.0,Not Applicable,Not Applicable,No,Not Applicable,171,UPI,31,3.5,4.1
2024-07-25 12:27:00,CNR6443152295,Success,CID259232,eBike,Tumkur Road,Ramamurthy Nagar,273.0,70.0,Not Applicable,Not Applicable,No,Not Applicable,985,Cash,6,3.8,4.0
2024-07-12 02:29:00,CNR8857695426,Canceled by Customer,CID664354,Bike,Rajajinagar,Hebbal,,,Driver is not moving towards pickup location,Not Applicable,Not Applicable,Not Applicable,830,Not Applicable,0,,
2024-07-08 05:33:00,CNR7613949285,Success,CID149401,Auto,Magadi Road,Jayanagar,196.0,100.0,Not Applicable,Not Applicable,No,Not Applicable,148,Cash,5,4.4,5.0
2024-07-04 16:40:00,CNR5289898976,Success,CID100587,Prime Plus,Shivajinagar,Devanahalli,161.0,30.0,Not Applicable,Not Applicable,No,Not Applicable,532,UPI,30,3.7,4.2
2024-07-22 05:50:00,CNR6707869416,Canceled by Driver,CID698264,Auto,Whitefield,Hosur Road,,,Not Applicable,Personal & Car related issue,Not Applicable,Not Applicable,165,Not Applicable,0,,
2024-07-03 02:12:00,CNR9755049268,Success,CID245538,Mini,Yeshwanthpur,Hulimavu,308.0,95.0,Not Applicable,Not Applicable,No,Not Applicable,444,Cash,19,4.4,3.4
2024-07-13 05:47:00,CNR8911981994,Success,CID154642,Prime SUV,Peenya,Frazer Town,105.0,35.0,Not Applicable,Not Applicable,No,Not Applicable,272,Cash,27,3.5,4.6
2024-07-08 06:42:00,CNR4600805177,Canceled by Customer,CID650588,Prime Sedan,Vijayanagar,Rajajinagar,,,Driver asked to cancel,Not Applicable,Not Applicable,Not Applicable,153,Not Applicable,0,,
2024-07-28 22:13:00,CNR8665192190,Success,CID664622,Prime SUV,Tumkur Road,Tumkur Road,168.0,90.0,Not Applicable,Not Applicable,No,Not Applicable,621,Cash,19,4.6,4.0
2024-07-16 19:22:00,CNR2537807691,Success,CID120578,eBike,Nagarbhavi,Nagarbhavi,252.0,80.0,Not Applicable,Not Applicable,No,Not Applicable,328,Cash,29,4.5,4.1
2024-07-23 08:01:00,CNR4790772457,Driver Not Found,CID386193,Auto,Sahakar Nagar,Sahakar Nagar,,,Not Applicable,Not Applicable,Not Applicable,Not Applicable,476,Not Applicable,0,,
2024-07-06 09:27:00,CNR4693415703,Success,CID718573,Prime Plus,Electronic City,Ulsoor,98.0,105.0,Not Applicable,Not Applicable,No,Not Applicable,180,Cash,26,3.6,4.2
2024-07-14 02:08:00,CNR1435848442,Canceled by Customer,CID477239,Bike,HSR Layout,Kadugodi,,,Change of plans,Not Applicable,Not Applicable,Not Applicable,704,Not Applicable,0,,
2024-07-04 12:36:00,CNR8917394750,Success,CID732212,Bike,Kadugodi,Langford Town,203.0,105.0,Not Applicable,Not Applicable,No,Not Applicable,107,UPI,42,3.1,3.5
2024-07-08 19:56:00,CNR3451978052,Driver Not Found,CID736455,Bike,Richmond Town,KR Puram,,,Not Applicable,Not Applicable,Not Applicable,Not Applicable,482,Not Applicable,0,,
2024-07-11 07:18:00,CNR4439135927,Success,CID872261,Auto,MG Road,Majestic,56.0,45.0,Not Applicable,Not Applicable,No,Not Applicable,202,Credit Card,16,3.8,3.9
2024-07-02 17:50:00,CNR7535651835,Success,CID931243,Prime Plus,Nagarbhavi,Padmanabhanagar,168.0,125.0,Not Applicable,Not Applicable,No,Not Applicable,976,UPI,11,4.1,4.9
2024-07-30 15:36:00,CNR8941433072,Success,CID775162,Auto,Bellandur,MG Road,273.0,50.0,Not Applicable,Not Applicable,No,Not Applicable,262,Cash,19,4.8,3.8
2024-07-21 01:28:00,CNR5431133633,Success,CID479881,Bike,Shantinagar,Kadugodi,42.0,90.0,Not Applicable,Not Applicable,No,Not Applicable,654,UPI,11,3.9,4.3
2024-07-27 08:48:00,CNR2852638138,Success,CID324173,Prime Plus,Richmond Town,Kadugodi,91.0,50.0,Not Applicable,Not Applicable,Yes,Other Issue,329,UPI,15,4.2,3.4
2024-07-12 20:28:00,CNR4176681078,Canceled by Customer,CID610475,eBike,Indiranagar,Whitefield,,,Change of plans,Not Applicable,Not Applicable,Not Applicable,521,Not Applicable,0,,
2024-07-28 19:37:00,CNR4855933263,Canceled by Customer,CID525060,Bike,Hulimavu,Malleshwaram,,,Wrong Address,Not Applicable,Not Applicable,Not Applicable,198,Not Applicable,0,,
2024-07-07 15:36:00,CNR8605850867,Canceled by Driver,CID557154,Mini,Chamarajpet,Jayanagar,,,Not Applicable,Customer was coughing/sick,Not Applicable,Not Applicable,147,Not Applicable,0,,
2024-07-07 05:53:00,CNR9317014952,Success,CID855843,Auto,Tumkur Road,Jayanagar,49.0,140.0,Not Applicable,Not Applicable,Yes,Vehicle Breakdown,355,Cash,11,4.5,4.0
2024-07-25 09:35:00,CNR7315452047,Success,CID501081,eBike,Frazer Town,Chickpet,175.0,45.0,Not Applicable,Not Applicable,No,Not Applicable,528,Cash,5,4.3,3.1
2024-07-16 14:23:00,CNR3018215183,Canceled by Driver,CID198469,Prime Sedan,Kadugodi,Richmond Town,,,Not Applicable,Customer was coughing/sick,Not Applicable,Not Applicable,920,Not Applicable,0,,
2024-07-12 00:19:00,CNR1878362947,Canceled by Driver,CID126493,Mini,Padmanabhanagar,Sahakar Nagar,,,Not Applicable,Personal & Car related issue,Not Applicable,Not Applicable,150,Not Applicable,0,,
2024-07-27 12:50:00,CNR2233021913,Canceled by Driver,CID665614,Prime Sedan,Ulsoor,Koramangala,,,Not Applicable,Personal & Car related issue,Not Applicable,Not Applicable,649,Not Applicable,0,,
2024-07-19 12:44:00,CNR4246974394,Success,CID161300,Prime SUV,Sahakar Nagar,Langford Town,308.0,35.0,Not Applicable,Not Applicable,No,Not Applicable,309,Cash,6,3.4,4.7
2024-07-10 12:53:00,CNR8337585220,Canceled by Driver,CID735425,eBike,Tumkur Road,Whitefield,,,Not Applicable,Customer related issue,Not Applicable,Not Applicable,251,Not Applicable,0,,
2024-07-15 11:40:00,CNR2876504352,Success,CID861049,Prime Plus,Rajajinagar,Chickpet,147.0,95.0,Not Applicable,Not Applicable,No,Not Applicable,481,UPI,18,3.5,4.3
2024-07-21 01:50:00,CNR6155797943,Driver Not Found,CID734372,Bike,Magadi Road,BTM Layout,,,Not Applicable,Not Applicable,Not Applicable,Not Applicable,292,Not Applicable,0,,
2024-07-11 15:34:00,CNR6347581513,Success,CID613782,Bike,Rajarajeshwari Nagar,Nagarbhavi,189.0,90.0,Not Applicable,Not Applicable,No,Not Applicable,309,Cash,14,4.8,5.0
2024-07-23 14:54:00,CNR1733811188,Success,CID157135,Prime SUV,RT Nagar,Banashankari,98.0,140.0,Not Applicable,Not Applicable,No,Not Applicable,292,Cash,31,3.0,3.8
2024-07-08 06:49:00,CNR8238121794,Canceled by Driver,CID530886,Mini,Kengeri,Vijayanagar,,,Not Applicable,More than permitted people in there,Not Applicable,Not Applicable,106,Not Applicable,0,,
2024-07-11 16:32:00,CNR8840420491,Success,CID274722,Prime Plus,RT Nagar,Rajarajeshwari Nagar,56.0,100.0,Not Applicable,Not Applicable,No,Not Applicable,179,UPI,25,3.9,4.1
2024-07-06 15:27:00,CNR9749831444,Driver Not Found,CID424337,Prime SUV,Kengeri,Padmanabhanagar,,,Not Applicable,Not Applicable,Not Applicable,Not Applicable,893,Not Applicable,0,,
2024-07-22 20:12:00,CNR5676034565,Canceled by Driver,CID943014,Bike,Hebbal,Nagarbhavi,,,Not Applicable,Personal & Car related issue,Not Applicable,Not Applicable,205,Not Applicable,0,,
2024-07-27 01:18:00,CNR6496801478,Canceled by Driver,CID875069,Bike,Rajarajeshwari Nagar,Ramamurthy Nagar,,,Not Applicable,Customer was coughing/sick,Not Applicable,Not Applicable,2904,Not Applicable,0,,
2024-07-14 02:16:00,CNR9971431067,Driver Not Found,CID256737,Mini,Shivajinagar,Bannerghatta Road,,,Not Applicable,Not Applicable,Not Applicable,Not Applicable,807,Not Applicable,0,,
2024-07-27 13:08:00,CNR8944829122,Success,CID976295,Mini,Magadi Road,Varthur,168.0,85.0,Not Applicable,Not Applicable,No,Not Applicable,509,UPI,48,4.3,4.9
2024-07-11 11:09:00,CNR9089191279,Success,CID454349,Auto,Chamarajpet,Banashankari,308.0,35.0,Not Applicable,Not Applicable,No,Not Applicable,2567,Cash,19,4.4,4.2
2024-07-02 17:17:00,CNR5069844584,Success,CID282182,Bike,Ulsoor,Rajarajeshwari Nagar,308.0,55.0,Not Applicable,Not Applicable,No,Not Applicable,123,Credit Card,14,3.3,4.0
2024-07-16 02:02:00,CNR4103867256,Success,CID489848,Mini,Majestic,Mysore Road,224.0,130.0,Not Applicable,Not Applicable,No,Not Applicable,180,UPI,45,3.6,3.7
2024-07-29 08:04:00,CNR3480157066,Success,CID427589,eBike,Varthur,JP Nagar,231.0,95.0,Not Applicable,Not Applicable,No,Not Applicable,137,Cash,36,4.1,3.6
2024-07-25 14:45:00,CNR7647153016,Success,CID188603,Bike,Majestic,Hosur Road,147.0,135.0,Not Applicable,Not Applicable,No,Not Applicable,1465,UPI,20,3.7,3.8
2024-07-03 11:51:00,CNR7922311621,Success,CID899393,Bike,Sahakar Nagar,Hulimavu,294.0,105.0,Not Applicable,Not Applicable,No,Not Applicable,133,Cash,10,3.9,3.6
2024-07-05 14:33:00,CNR3595541645,Canceled by Driver,CID677304,Bike,Malleshwaram,Yeshwanthpur,,,Not Applicable,Personal & Car related issue,Not Applicable,Not Applicable,411,Not Applicable,0,,
2024-07-10 12:27:00,CNR7865431816,Canceled by Customer,CID731737,Auto,Jayanagar,Bannerghatta Road,,,AC is Not working,Not Applicable,Not Applicable,Not Applicable,933,Not Applicable,0,,
2024-07-01 10:55:00,CNR5413276980,Success,CID932706,Prime Sedan,BTM Layout,Nagarbhavi,217.0,65.0,Not Applicable,Not Applicable,No,Not Applicable,459,Cash,35,3.1,4.1
2024-07-17 03:17:00,CNR6868454677,Success,CID224550,Mini,Langford Town,Majestic,189.0,25.0,Not Applicable,Not Applicable,No,Not Applicable,400,UPI,9,5.0,3.3
2024-07-22 09:07:00,CNR9610817249,Canceled by Driver,CID735723,Bike,Koramangala,Banashankari,,,Not Applicable,Personal & Car related issue,Not Applicable,Not Applicable,270,Not Applicable,0,,
2024-07-12 02:07:00,CNR9274955187,Driver Not Found,CID579363,Prime Sedan,Mysore Road,MG Road,,,Not Applicable,Not Applicable,Not Applicable,Not Applicable,284,Not Applicable,0,,
2024-07-17 11:17:00,CNR9046153965,Success,CID177346,Bike,Yelahanka,Indiranagar,154.0,35.0,Not Applicable,Not Applicable,No,Not Applicable,268,UPI,36,3.5,4.8
2024-07-14 03:11:00,CNR1464439687,Driver Not Found,CID684458,Mini,Peenya,Rajarajeshwari Nagar,,,Not Applicable,Not Applicable,Not Applicable,Not Applicable,535,Not Applicable,0,,
2024-07-22 09:04:00,CNR7063006498,Canceled by Driver,CID613013,Prime SUV,Shivajinagar,Rajajinagar,,,Not Applicable,More than permitted people in there,Not Applicable,Not Applicable,302,Not Applicable,0,,
2024-07-19 06:46:00,CNR5750288807,Driver Not Found,CID386050,Auto,RT Nagar,Rajajinagar,,,Not Applicable,Not Applicable,Not Applicable,Not Applicable,445,Not Applicable,0,,
2024-07-05 04:10:00,CNR1703508714,Canceled by Customer,CID626327,Prime Sedan,Ulsoor,Electronic City,,,Change of plans,Not Applicable,Not Applicable,Not Applicable,1042,Not Applicable,0,,
2024-07-12 00:59:00,CNR4442561351,Success,CID399732,Bike,Bannerghatta Road,Chickpet,42.0,35.0,Not Applicable,Not Applicable,No,Not Applicable,579,UPI,13,4.6,4.9
2024-07-13 17:55:00,CNR4754229754,Success,CID771838,Prime Plus,Padmanabhanagar,Cox Town,245.0,100.0,Not Applicable,Not Applicable,No,Not Applicable,1267,Cash,17,4.4,3.6
2024-07-13 23:19:00,CNR5258996079,Canceled by Customer,CID913426,eBike,Magadi Road,Hennur,,,Driver is not moving towards pickup location,Not Applicable,Not Applicable,Not Applicable,817,Not Applicable,0,,
2024-07-09 03:56:00,CNR7410588806,Canceled by Driver,CID316962,Prime Sedan,Marathahalli,Magadi Road,,,Not Applicable,Personal & Car related issue,Not Applicable,Not Applicable,559,Not Applicable,0,,
2024-07-30 21:46:00,CNR1720888671,Success,CID610803,Auto,HSR Layout,Hosur Road,203.0,145.0,Not Applicable,Not Applicable,No,Not Applicable,285,Cash,7,3.1,4.4
2024-07-25 16:41:00,CNR5155496195,Success,CID438127,Prime Sedan,Magadi Road,Koramangala,175.0,130.0,Not Applicable,Not Applicable,Yes,Other Issue,430,UPI,26,4.6,3.7
2024-07-05 05:09:00,CNR5863705518,Success,CID648586,Prime SUV,Chickpet,BTM Layout,210.0,40.0,Not Applicable,Not Applicable,Yes,Customer Demand,371,Cash,13,4.7,3.2
2024-07-13 00:20:00,CNR9372473626,Success,CID656170,eBike,Cox Town,Koramangala,294.0,40.0,Not Applicable,Not Applicable,No,Not Applicable,459,Cash,33,4.5,4.4
2024-07-13 10:14:00,CNR1546139627,Success,CID627176,Bike,Ulsoor,Jayanagar,70.0,80.0,Not Applicable,Not Applicable,No,Not Applicable,223,Cash,44,4.2,4.4
2024-07-11 20:34:00,CNR9799475428,Canceled by Driver,CID224834,Prime Plus,Nagarbhavi,Hennur,,,Not Applicable,Personal & Car related issue,Not Applicable,Not Applicable,113,Not Applicable,0,,
2024-07-30 09:14:00,CNR4946380695,Canceled by Driver,CID549301,Auto,Bannerghatta Road,Jayanagar,,,Not Applicable,Customer was coughing/sick,Not Applicable,Not Applicable,353,Not Applicable,0,,
2024-07-02 03:57:00,CNR1500786215,Canceled by Customer,CID578101,Prime SUV,Marathahalli,Nagarbhavi,,,Driver is not moving towards pickup location,Not Applicable,Not Applicable,Not Applicable,249,Not Applicable,0,,
2024-07-01 04:30:00,CNR8727361375,Success,CID584795,eBike,Mysore Road,Yeshwanthpur,63.0,50.0,Not Applicable,Not Applicable,No,Not Applicable,111,Cash,11,4.0,4.1
2024-07-08 01:39:00,CNR4512525173,Driver Not Found,CID203909,Prime SUV,Hebbal,Electronic City,,,Not Applicable,Not Applicable,Not Applicable,Not Applicable,229,Not Applicable,0,,
2024-07-22 04:42:00,CNR4935186907,Success,CID543218,eBike,Hebbal,Hulimavu,210.0,80.0,Not Applicable,Not Applicable,No,Not Applicable,498,UPI,18,4.8,3.1
2024-07-02 07:11:00,CNR2441266099,Success,CID905043,eBike,Tumkur Road,Chickpet,112.0,90.0,Not Applicable,Not Applicable,No,Not Applicable,201,UPI,49,3.4,3.2
2024-07-29 13:06:00,CNR1447702935,Success,CID209580,Bike,Kammanahalli,Indiranagar,252.0,115.0,Not Applicable,Not Applicable,No,Not Applicable,2575,Cash,16,3.0,4.6
2024-07-07 21:25:00,CNR6115992798,Canceled by Customer,CID317512,Auto,HSR Layout,RT Nagar,,,Driver asked to cancel,Not Applicable,Not Applicable,Not Applicable,394,Not Applicable,0,,
2024-07-13 21:55:00,CNR5792557226,Canceled by Customer,CID567647,Bike,KR Puram,Jayanagar,,,Change of plans,Not Applicable,Not Applicable,Not Applicable,109,Not Applicable,0,,
2024-07-03 02:20:00,CNR1440146445,Success,CID794467,Prime SUV,Ramamurthy Nagar,Chickpet,168.0,110.0,Not Applicable,Not Applicable,Yes,Vehicle Breakdown,499,UPI,38,3.2,3.3
2024-07-02 00:10:00,CNR6332436788,Success,CID919160,Auto,Indiranagar,Chamarajpet,105.0,45.0,Not Applicable,Not Applicable,No,Not Applicable,2956,UPI,19,4.8,4.0
2024-07-03 17:33:00,CNR1862400150,Success,CID396334,Bike,Sahakar Nagar,Vijayanagar,42.0,40.0,Not Applicable,Not Applicable,No,Not Applicable,537,UPI,15,3.1,3.3
2024-07-04 19:50:00,CNR5175576325,Success,CID668060,Prime Plus,KR Puram,RT Nagar,266.0,130.0,Not Applicable,Not Applicable,No,Not Applicable,874,Cash,47,4.9,3.2
2024-07-21 17:09:00,CNR6257972957,Success,CID497621,Bike,Jayanagar,Ulsoor,301.0,100.0,Not Applicable,Not Applicable,No,Not Applicable,108,Cash,37,3.0,3.4
2024-07-02 10:11:00,CNR7057068586,Canceled by Driver,CID269007,Bike,Indiranagar,Electronic City,,,Not Applicable,Customer related issue,Not Applicable,Not Applicable,187,Not Applicable,0,,
2024-07-21 18:57:00,CNR4856839680,Driver Not Found,CID194177,eBike,Kammanahalli,Devanahalli,,,Not Applicable,Not Applicable,Not Applicable,Not Applicable,2907,Not Applicable,0,,
2024-07-27 00:06:00,CNR4932337306,Canceled by Driver,CID210333,Auto,Marathahalli,Tumkur Road,,,Not Applicable,Customer was coughing/sick,Not Applicable,Not Applicable,414,Not Applicable,0,,
2024-07-01 23:45:00,CNR8439742639,Success,CID827135,Prime SUV,Sahakar Nagar,Shantinagar,56.0,45.0,Not Applicable,Not Applicable,No,Not Applicable,2660,UPI,26,3.9,3.2
2024-07-26 00:32:00,CNR1195366457,Success,CID972454,Prime Sedan,MG Road,Devanahalli,224.0,25.0,Not Applicable,Not Applicable,No,Not Applicable,460,UPI,38,4.8,3.4
2024-07-15 18:34:00,CNR7804979209,Canceled by Driver,CID562594,Prime Sedan,Banashankari,Malleshwaram,,,Not Applicable,Customer was coughing/sick,Not Applicable,Not Applicable,531,Not Applicable,0,,
2024-07-11 07:45:00,CNR1145664983,Success,CID304137,Mini,Magadi Road,Hebbal,301.0,65.0,Not Applicable,Not Applicable,No,Not Applicable,346,UPI,31,4.8,3.5
2024-07-28 18:59:00,CNR4138691417,Canceled by Driver,CID306276,Bike,Jayanagar,Varthur,,,Not Applicable,More than permitted people in there,Not Applicable,Not Applicable,301,Not Applicable,0,,
2024-07-08 14:20:00,CNR1519028667,Canceled by Driver,CID374371,Bike,Padmanabhanagar,Rajajinagar,,,Not Applicable,Customer was coughing/sick,Not Applicable,Not Applicable,269,Not Applicable,0,,
2024-07-18 22:36:00,CNR8456050937,Driver Not Found,CID894764,eBike,Majestic,BTM Layout,,,Not Applicable,Not Applicable,Not Applicable,Not Applicable,1316,Not Applicable,0,,
2024-07-28 13:55:00,CNR8184089931,Success,CID242053,Prime SUV,BTM Layout,Peenya,49.0,130.0,Not Applicable,Not Applicable,Yes,Other Issue,363,UPI,31,4.3,3.6
2024-07-25 20:28:00,CNR7625401437,Success,CID841478,Prime Sedan,Padmanabhanagar,Ulsoor,133.0,90.0,Not Applicable,Not Applicable,Yes,Vehicle Breakdown,2954,Credit Card,18,4.9,4.7
2024-07-14 15:47:00,CNR6457603695,Success,CID191881,Mini,BTM Layout,Shivajinagar,77.0,25.0,Not Applicable,Not Applicable,No,Not Applicable,127,Cash,47,3.7,4.1
2024-07-22 23:31:00,CNR1285436057,Success,CID834406,Auto,Banashankari,Malleshwaram,259.0,40.0,Not Applicable,Not Applicable,No,Not Applicable,283,Cash,15,5.0,3.4
2024-07-08 07:06:00,CNR8852814439,Canceled by Driver,CID114381,Prime Sedan,Frazer Town,KR Puram,,,Not Applicable,Personal & Car related issue,Not Applicable,Not Applicable,658,Not Applicable,0,,
2024-07-15 22:32:00,CNR4560964085,Canceled by Driver,CID218524,Auto,Cox Town,Basavanagudi,,,Not Applicable,More than permitted people in there,Not Applicable,Not Applicable,737,Not Applicable,0,,
2024-07-06 10:12:00,CNR4070991406,Success,CID852456,Mini,JP Nagar,JP Nagar,259.0,130.0,Not Applicable,Not Applicable,No,Not Applicable,120,Cash,33,4.9,3.9
2024-07-08 23:32:00,CNR8741558823,Canceled by Customer,CID334191,Bike,Malleshwaram,Frazer Town,,,Driver is not moving towards pickup location,Not Applicable,Not Applicable,Not Applicable,730,Not Applicable,0,,
2024-07-29 03:49:00,CNR4794428017,Success,CID551532,Bike,Indiranagar,HSR Layout,175.0,80.0,Not Applicable,Not Applicable,No,Not Applicable,249,Credit Card,4,4.8,4.3
2024-07-19 07:46:00,CNR4788222832,Canceled by Driver,CID931989,Prime Plus,Kammanahalli,Rajarajeshwari Nagar,,,Not Applicable,Personal & Car related issue,Not Applicable,Not Applicable,109,Not Applicable,0,,
2024-07-26 18:31:00,CNR2213025555,Success,CID202283,Prime Sedan,Langford Town,Sarjapur Road,259.0,130.0,Not Applicable,Not Applicable,No,Not Applicable,634,Cash,34,5.0,4.4
2024-07-18 03:09:00,CNR4672089825,Success,CID482153,Auto,Marathahalli,Hulimavu,140.0,125.0,Not Applicable,Not Applicable,No,Not Applicable,248,Cash,14,5.0,3.9
2024-07-20 17:30:00,CNR3146854822,Success,CID493343,Mini,Shantinagar,Shantinagar,105.0,55.0,Not Applicable,Not Applicable,Yes,Vehicle Breakdown,2988,Cash,19,4.9,4.6
2024-07-08 14:30:00,CNR4986961542,Canceled by Driver,CID192519,Bike,Ulsoor,Kengeri,,,Not Applicable,Customer related issue,Not Applicable,Not Applicable,180,Not Applicable,0,,
2024-07-15 20:09:00,CNR5815433359,Success,CID972447,Prime Plus,Indiranagar,Rajajinagar,140.0,130.0,Not Applicable,Not Applicable,No,Not Applicable,301,UPI,5,3.3,4.5
2024-07-28 17:50:00,CNR5231246175,Canceled by Customer,CID458383,Mini,Shantinagar,Koramangala,,,Change of plans,Not Applicable,Not Applicable,Not Applicable,105,Not Applicable,0,,
2024-07-20 19:56:00,CNR3742085947,Success,CID975824,Prime Plus,Hebbal,Varthur,77.0,120.0,Not Applicable,Not Applicable,No,Not Applicable,441,Cash,35,4.8,3.5
2024-07-29 18:25:00,CNR9880217832,Success,CID172612,eBike,Langford Town,Bellandur,105.0,85.0,Not Applicable,Not Applicable,No,Not Applicable,152,Cash,30,3.9,3.3
2024-07-27 22:42:00,CNR2821176795,Success,CID788487,Mini,Indiranagar,Padmanabhanagar,266.0,125.0,Not Applicable,Not Applicable,No,Not Applicable,410,Cash,34,3.9,3.9
2024-07-14 01:28:00,CNR9974856871,Canceled by Driver,CID636088,Prime SUV,Hulimavu,Banashankari,,,Not Applicable,Customer was coughing/sick,Not Applicable,Not Applicable,191,Not Applicable,0,,
2024-07-05 08:10:00,CNR2198892633,Success,CID576948,Prime SUV,Kammanahalli,Basavanagudi,154.0,115.0,Not Applicable,Not Applicable,No,Not Applicable,422,Cash,7,3.1,4.4
2024-07-30 15:58:00,CNR3783348673,Driver Not Found,CID995746,eBike,Shivajinagar,Malleshwaram,,,Not Applicable,Not Applicable,Not Applicable,Not Applicable,299,Not Applicable,0,,
2024-07-15 09:37:00,CNR7133609248,Canceled by Customer,CID195369,eBike,Shantinagar,RT Nagar,,,Wrong Address,Not Applicable,Not Applicable,Not Applicable,769,Not Applicable,0,,
2024-07-23 00:11:00,CNR7543604948,Canceled by Customer,CID483048,Prime Sedan,Bellandur,Malleshwaram,,,Driver is not moving towards pickup location,Not Applicable,Not Applicable,Not Applicable,181,Not Applicable,0,,
2024-07-20 04:17:00,CNR8368746927,Canceled by Driver,CID306958,Auto,Kadugodi,Indiranagar,,,Not Applicable,Personal & Car related issue,Not Applicable,Not Applicable,817,Not Applicable,0,,
2024-07-08 02:02:00,CNR4446727720,Success,CID177802,Prime Plus,Chickpet,Devanahalli,252.0,60.0,Not Applicable,Not Applicable,No,Not Applicable,502,UPI,23,3.4,3.3
2024-07-13 10:04:00,CNR5199355320,Driver Not Found,CID290176,Prime SUV,BTM Layout,Richmond Town,,,Not Applicable,Not Applicable,Not Applicable,Not Applicable,269,Not Applicable,0,,
2024-07-26 07:34:00,CNR4550329226,Canceled by Customer,CID993789,Prime SUV,Sahakar Nagar,Marathahalli,,,Change of plans,Not Applicable,Not Applicable,Not Applicable,2527,Not Applicable,0,,
2024-07-22 19:38:00,CNR9033536462,Success,CID293655,Bike,Koramangala,Hebbal,224.0,75.0,Not Applicable,Not Applicable,Yes,Customer Demand,704,Cash,36,4.9,3.1
2024-07-17 01:50:00,CNR9311082508,Success,CID961550,Mini,Kengeri,Majestic,280.0,40.0,Not Applicable,Not Applicable,No,Not Applicable,493,Cash,2,3.8,4.2
2024-07-28 15:20:00,CNR5871264950,Canceled by Driver,CID942399,Mini,Richmond Town,Electronic City,,,Not Applicable,Customer related issue,Not Applicable,Not Applicable,464,Not Applicable,0,,
2024-07-24 00:46:00,CNR3437358637,Success,CID432497,Prime Plus,Jayanagar,Ramamurthy Nagar,63.0,35.0,Not Applicable,Not Applicable,No,Not Applicable,444,Cash,18,4.0,3.4
2024-07-06 11:02:00,CNR5875002775,Canceled by Driver,CID601206,eBike,Magadi Road,Rajarajeshwari Nagar,,,Not Applicable,More than permitted people in there,Not Applicable,Not Applicable,269,Not Applicable,0,,
2024-07-17 08:06:00,CNR1009451704,Success,CID273935,Bike,Padmanabhanagar,Bellandur,294.0,75.0,Not Applicable,Not Applicable,No,Not Applicable,967,UPI,6,4.0,3.8
2024-07-25 18:21:00,CNR3319917333,Canceled by Customer,CID100843,Prime Sedan,RT Nagar,Banashankari,,,Driver is not moving towards pickup location,Not Applicable,Not Applicable,Not Applicable,503,Not Applicable,0,,
2024-07-29 20:39:00,CNR7934373479,Driver Not Found,CID883207,eBike,Cox Town,BTM Layout,,,Not Applicable,Not Applicable,Not Applicable,Not Applicable,333,Not Applicable,0,,
2024-07-22 06:07:00,CNR6288218325,Success,CID438249,Prime Sedan,Peenya,Tumkur Road,168.0,100.0,Not Applicable,Not Applicable,No,Not Applicable,1414,Cash,24,4.2,3.6
2024-07-16 17:43:00,CNR9274188300,Canceled by Customer,CID348425,Mini,JP Nagar,Hosur Road,,,Driver asked to cancel,Not Applicable,Not Applicable,Not Applicable,799,Not Applicable,0,,
2024-07-22 10:24:00,CNR4586831359,Canceled by Driver,CID408185,Bike,Padmanabhanagar,Shantinagar,,,Not Applicable,Customer was coughing/sick,Not Applicable,Not Applicable,568,Not Applicable,0,,
2024-07-23 02:53:00,CNR4263052367,Driver Not Found,CID665552,Auto,Nagarbhavi,Yelahanka,,,Not Applicable,Not Applicable,Not Applicable,Not Applicable,249,Not Applicable,0,,
2024-07-29 05:28:00,CNR7904742898,Driver Not Found,CID173447,Mini,Langford Town,MG Road,,,Not Applicable,Not Applicable,Not Applicable,Not Applicable,441,Not Applicable,0,,
2024-07-15 18:27:00,CNR3925002492,Driver Not Found,CID946168,Bike,Mysore Road,Chickpet,,,Not Applicable,Not Applicable,Not Applicable,Not Applicable,161,Not Applicable,0,,
2024-07-22 18:46:00,CNR2296765072,Driver Not Found,CID605012,Prime SUV,Hulimavu,Vijayanagar,,,Not Applicable,Not Applicable,Not Applicable,Not Applicable,117,Not Applicable,0,,
2024-07-07 20:29:00,CNR4034016633,Driver Not Found,CID177037,Auto,Vijayanagar,Basavanagudi,,,Not Applicable,Not Applicable,Not Applicable,Not Applicable,1830,Not Applicable,0,,
2024-07-22 01:20:00,CNR9554162364,Success,CID615919,Bike,Bannerghatta Road,Mysore Road,273.0,140.0,Not Applicable,Not Applicable,No,Not Applicable,707,UPI,20,3.1,4.4
2024-07-16 07:55:00,CNR5917851116,Canceled by Customer,CID189301,eBike,Hulimavu,Sarjapur Road,,,Driver is not moving towards pickup location,Not Applicable,Not Applicable,Not Applicable,356,Not Applicable,0,,
2024-07-02 17:48:00,CNR6367824711,Success,CID501713,Mini,Hulimavu,Kadugodi,203.0,65.0,Not Applicable,Not Applicable,No,Not Applicable,205,UPI,13,4.8,3.3
2024-07-14 08:43:00,CNR2010480333,Success,CID327465,eBike,Sahakar Nagar,Shantinagar,133.0,100.0,Not Applicable,Not Applicable,No,Not Applicable,350,UPI,24,4.2,3.2
2024-07-11 18:58:00,CNR1286016587,Success,CID579857,Auto,Hebbal,Bannerghatta Road,224.0,130.0,Not Applicable,Not Applicable,No,Not Applicable,431,Cash,1,4.5,3.3
2024-07-22 06:56:00,CNR4183842709,Success,CID282470,Bike,Hulimavu,Devanahalli,140.0,145.0,Not Applicable,Not Applicable,No,Not Applicable,113,Cash,12,3.1,4.9
2024-07-24 13:03:00,CNR7235751982,Canceled by Driver,CID290040,Prime SUV,Banashankari,Hebbal,,,Not Applicable,More than permitted people in there,Not Applicable,Not Applicable,750,Not Applicable,0,,
2024-07-05 22:58:00,CNR6303890185,Success,CID808460,eBike,Magadi Road,HSR Layout,84.0,35.0,Not Applicable,Not Applicable,No,Not Applicable,246,Cash,20,4.0,4.7
2024-07-13 17:38:00,CNR9168237749,Success,CID293456,Mini,Yeshwanthpur,Indiranagar,308.0,30.0,Not Applicable,Not Applicable,No,Not Applicable,304,UPI,34,4.5,3.7
2024-07-23 06:05:00,CNR9531798649,Canceled by Driver,CID669927,Prime SUV,Hulimavu,BTM Layout,,,Not Applicable,Personal & Car related issue,Not Applicable,Not Applicable,654,Not Applicable,0,,
2024-07-18 23:58:00,CNR7762896837,Canceled by Driver,CID864563,Prime Sedan,Mysore Road,Rajajinagar,,,Not Applicable,Personal & Car related issue,Not Applicable,Not Applicable,405,Not Applicable,0,,
2024-07-12 19:24:00,CNR5137659773,Canceled by Customer,CID541190,eBike,Kadugodi,Whitefield,,,Driver is not moving towards pickup location,Not Applicable,Not Applicable,Not Applicable,935,Not Applicable,0,,
2024-07-13 19:55:00,CNR2774201850,Success,CID448228,Prime Sedan,Shantinagar,Malleshwaram,154.0,55.0,Not Applicable,Not Applicable,No,Not Applicable,683,UPI,2,4.6,3.0
2024-07-18 17:47:00,CNR1480356055,Success,CID873063,eBike,MG Road,Sahakar Nagar,252.0,40.0,Not Applicable,Not Applicable,No,Not Applicable,225,UPI,6,3.5,4.7
2024-07-04 22:56:00,CNR4334509493,Success,CID727628,Prime SUV,Kadugodi,Whitefield,91.0,85.0,Not Applicable,Not Applicable,Yes,Customer Demand,369,Cash,2,3.4,3.2
2024-07-08 19:53:00,CNR9682878770,Driver Not Found,CID827097,Prime Sedan,Marathahalli,MG Road,,,Not Applicable,Not Applicable,Not Applicable,Not Applicable,188,Not Applicable,0,,
2024-07-22 11:15:00,CNR4560477881,Success,CID434588,Bike,Marathahalli,Bellandur,182.0,105.0,Not Applicable,Not Applicable,No,Not Applicable,1745,Cash,40,3.3,3.4
2024-07-28 21:59:00,CNR7672782851,Canceled by Driver,CID700600,Auto,Bannerghatta Road,Sahakar Nagar,,,Not Applicable,Customer related issue,Not Applicable,Not Applicable,778,Not Applicable,0,,
2024-07-04 03:14:00,CNR3394663306,Success,CID717740,Auto,Varthur,Sarjapur Road,301.0,95.0,Not Applicable,Not Applicable,No,Not Applicable,410,Cash,9,3.8,4.4
2024-07-25 20:17:00,CNR3605469345,Success,CID735874,Auto,Varthur,JP Nagar,301.0,25.0,Not Applicable,Not Applicable,No,Not Applicable,270,Cash,9,4.1,3.3
2024-07-05 05:12:00,CNR4852075711,Success,CID279290,Prime SUV,Magadi Road,Sarjapur Road,196.0,70.0,Not Applicable,Not Applicable,No,Not Applicable,340,Cash,26,5.0,4.9
2024-07-08 08:10:00,CNR5692700041,Success,CID888896,Prime SUV,Shantinagar,Electronic City,161.0,25.0,Not Applicable,Not Applicable,No,Not Applicable,140,Cash,48,3.9,3.8
2024-07-05 10:30:00,CNR2836684313,Success,CID406825,Bike,Rajajinagar,Hebbal,217.0,25.0,Not Applicable,Not Applicable,No,Not Applicable,447,Cash,7,4.3,4.9
2024-07-09 06:10:00,CNR9142496669,Canceled by Driver,CID994179,Mini,Bannerghatta Road,Jayanagar,,,Not Applicable,Customer was coughing/sick,Not Applicable,Not Applicable,336,Not Applicable,0,,
2024-07-30 12:18:00,CNR1806563381,Driver Not Found,CID607030,Mini,Jayanagar,RT Nagar,,,Not Applicable,Not Applicable,Not Applicable,Not Applicable,911,Not Applicable,0,,
2024-07-27 18:48:00,CNR5968096093,Success,CID412163,Auto,Magadi Road,Rajarajeshwari Nagar,119.0,55.0,Not Applicable,Not Applicable,No,Not Applicable,726,UPI,1,4.2,3.3
2024-07-06 08:17:00,CNR9591001965,Success,CID732397,Prime Sedan,Rajajinagar,Basavanagudi,140.0,140.0,Not Applicable,Not Applicable,No,Not Applicable,117,Cash,34,4.3,4.4
2024-07-02 10:11:00,CNR6536909785,Canceled by Customer,CID860896,Prime Sedan,KR Puram,Hebbal,,,Driver is not moving towards pickup location,Not Applicable,Not Applicable,Not Applicable,794,Not Applicable,0,,
2024-07-04 19:19:00,CNR7261872235,Success,CID446591,eBike,Peenya,Hennur,70.0,90.0,Not Applicable,Not Applicable,No,Not Applicable,568,Cash,35,4.1,3.1
2024-07-25 14:06:00,CNR6338320600,Success,CID568046,Mini,Richmond Town,Hosur Road,98.0,65.0,Not Applicable,Not Applicable,No,Not Applicable,461,Cash,26,4.0,4.0
2024-07-12 08:18:00,CNR7524917763,Canceled by Driver,CID522767,eBike,Hulimavu,Hulimavu,,,Not Applicable,Personal & Car related issue,Not Applicable,Not Applicable,260,Not Applicable,0,,
2024-07-22 02:03:00,CNR8992308153,Canceled by Driver,CID892608,Prime Sedan,Vijayanagar,Sarjapur Road,,,Not Applicable,Personal & Car related issue,Not Applicable,Not Applicable,287,Not Applicable,0,,
2024-07-15 08:18:00,CNR3672633700,Success,CID331825,Mini,Basavanagudi,Hebbal,280.0,30.0,Not Applicable,Not Applicable,No,Not Applicable,376,Cash,6,4.4,4.4
2024-07-13 20:42:00,CNR8930042348,Canceled by Customer,CID661214,Prime Sedan,Ramamurthy Nagar,Whitefield,,,Driver is not moving towards pickup location,Not Applicable,Not Applicable,Not Applicable,539,Not Applicable,0,,
2024-07-14 16:03:00,CNR6093568932,Canceled by Driver,CID305073,Prime Sedan,Shantinagar,Ulsoor,,,Not Applicable,Personal & Car related issue,Not Applicable,Not Applicable,349,Not Applicable,0,,
2024-07-17 19:39:00,CNR3473145294,Canceled by Driver,CID239869,eBike,MG Road,Malleshwaram,,,Not Applicable,Personal & Car related issue,Not Applicable,Not Applicable,314,Not Applicable,0,,
2024-07-29 06:22:00,CNR6451205814,Success,CID820038,Auto,Indiranagar,Bannerghatta Road,259.0,145.0,Not Applicable,Not Applicable,No,Not Applicable,406,Cash,5,4.2,4.3
2024-07-19 00:31:00,CNR5793660869,Canceled by Customer,CID546583,Prime SUV,Magadi Road,Bellandur,,,AC is Not working,Not Applicable,Not Applicable,Not Applicable,547,Not Applicable,0,,
2024-07-05 04:53:00,CNR4284608527,Canceled by Customer,CID593817,Prime Plus,Nagarbhavi,Indiranagar,,,AC is Not working,Not Applicable,Not Applicable,Not Applicable,929,Not Applicable,0,,
2024-07-15 14:51:00,CNR5188753066,Success,CID716018,Prime SUV,Sarjapur Road,Whitefield,210.0,65.0,Not Applicable,Not Applicable,No,Not Applicable,693,Cash,29,4.4,3.3
2024-07-29 09:08:00,CNR7714247933,Success,CID630035,Auto,Magadi Road,JP Nagar,98.0,145.0,Not Applicable,Not Applicable,No,Not Applicable,160,UPI,1,3.5,3.1
2024-07-14 03:40:00,CNR6278329082,Success,CID244767,Auto,KR Puram,Sahakar Nagar,35.0,90.0,Not Applicable,Not Applicable,No,Not Applicable,154,Cash,16,3.4,3.3
2024-07-16 12:01:00,CNR4055743605,Canceled by Customer,CID639957,Prime Plus,Bannerghatta Road,Chamarajpet,,,Driver asked to cancel,Not Applicable,Not Applicable,Not Applicable,371,Not Applicable,0,,
2024-07-02 03:38:00,CNR6407992616,Canceled by Driver,CID517199,Prime Plus,Hennur,Shivajinagar,,,Not Applicable,Personal & Car related issue,Not Applicable,Not Applicable,406,Not Applicable,0,,
2024-07-15 15:56:00,CNR9360041859,Canceled by Driver,CID358389,Prime Sedan,Koramangala,Bellandur,,,Not Applicable,Personal & Car related issue,Not Applicable,Not Applicable,839,Not Applicable,0,,
2024-07-02 20:52:00,CNR3962096707,Canceled by Driver,CID288818,Prime Plus,Bellandur,Kammanahalli,,,Not Applicable,Personal & Car related issue,Not Applicable,Not Applicable,755,Not Applicable,0,,
2024-07-24 18:35:00,CNR5166932298,Success,CID718468,Prime Sedan,Mysore Road,Chamarajpet,56.0,145.0,Not Applicable,Not Applicable,No,Not Applicable,395,UPI,3,4.0,4.8
2024-07-07 03:20:00,CNR9116726731,Success,CID277405,Prime SUV,Rajajinagar,Shivajinagar,203.0,50.0,Not Applicable,Not Applicable,No,Not Applicable,156,UPI,19,3.6,3.4
2024-07-23 14:42:00,CNR1258650391,Success,CID906975,Prime SUV,Frazer Town,JP Nagar,210.0,35.0,Not Applicable,Not Applicable,No,Not Applicable,371,UPI,34,4.7,4.5
2024-07-26 15:29:00,CNR2923736033,Success,CID780480,Mini,Shantinagar,Frazer Town,154.0,40.0,Not Applicable,Not Applicable,No,Not Applicable,2262,Cash,5,3.7,4.6
2024-07-02 01:33:00,CNR3835002813,Success,CID234620,Prime Sedan,Chickpet,Frazer Town,98.0,35.0,Not Applicable,Not Applicable,No,Not Applicable,171,UPI,27,4.6,3.3
2024-07-30 13:49:00,CNR6027559277,Success,CID644167,eBike,Devanahalli,Padmanabhanagar,35.0,70.0,Not Applicable,Not Applicable,No,Not Applicable,239,Cash,2,3.6,4.3
2024-07-23 00:18:00,CNR2445357459,Success,CID936010,Prime Sedan,Vijayanagar,Richmond Town,224.0,100.0,Not Applicable,Not Applicable,No,Not Applicable,209,UPI,41,3.2,3.3
2024-07-02 07:40:00,CNR7536312157,Canceled by Driver,CID219948,Prime Plus,Hebbal,Mysore Road,,,Not Applicable,More than permitted people in there,Not Applicable,Not Applicable,130,Not Applicable,0,,
2024-07-26 18:51:00,CNR2950997968,Canceled by Driver,CID128397,Prime Sedan,Bellandur,Chamarajpet,,,Not Applicable,Personal & Car related issue,Not Applicable,Not Applicable,132,Not Applicable,0,,
2024-07-09 03:20:00,CNR2640026449,Success,CID921139,Auto,RT Nagar,Hebbal,91.0,65.0,Not Applicable,Not Applicable,No,Not Applicable,952,Cash,13,3.8,5.0
2024-07-14 12:46:00,CNR1096336439,Success,CID942786,Prime SUV,Cox Town,KR Puram,189.0,125.0,Not Applicable,Not Applicable,No,Not Applicable,261,Cash,9,3.6,4.5
2024-07-06 18:48:00,CNR7837712836,Canceled by Customer,CID489497,Bike,Banashankari,Yeshwanthpur,,,Driver asked to cancel,Not Applicable,Not Applicable,Not Applicable,768,Not Applicable,0,,
2024-07-17 07:10:00,CNR4683821262,Success,CID267149,Auto,Kammanahalli,Bellandur,70.0,80.0,Not Applicable,Not Applicable,No,Not Applicable,1039,Cash,16,4.9,4.2
2024-07-19 02:03:00,CNR5010354143,Success,CID197988,Mini,Hennur,BTM Layout,56.0,45.0,Not Applicable,Not Applicable,No,Not Applicable,264,Cash,35,3.8,3.6
2024-07-25 20:59:00,CNR4414318523,Success,CID129683,Prime Plus,Sahakar Nagar,Sahakar Nagar,49.0,55.0,Not Applicable,Not Applicable,No,Not Applicable,348,UPI,4,4.4,4.6
2024-07-06 20:50:00,CNR3544067145,Canceled by Driver,CID197679,Prime Plus,Yeshwanthpur,Yeshwanthpur,,,Not Applicable,More than permitted people in there,Not Applicable,Not Applicable,293,Not Applicable,0,,
2024-07-06 08:05:00,CNR1502004165,Success,CID102844,Prime Sedan,Shivajinagar,Mysore Road,91.0,40.0,Not Applicable,Not Applicable,No,Not Applicable,216,Credit Card,13,3.5,4.2
2024-07-30 18:41:00,CNR1656634797,Canceled by Customer,CID789136,Prime Plus,Cox Town,Rajarajeshwari Nagar,,,Change of plans,Not Applicable,Not Applicable,Not Applicable,460,Not Applicable,0,,
2024-07-27 21:26:00,CNR9594138030,Success,CID495463,Bike,Bellandur,Padmanabhanagar,63.0,140.0,Not Applicable,Not Applicable,No,Not Applicable,272,Cash,12,3.1,3.4
2024-07-11 18:39:00,CNR1364539256,Canceled by Customer,CID877557,Mini,Sahakar Nagar,Shivajinagar,,,Change of plans,Not Applicable,Not Applicable,Not Applicable,711,Not Applicable,0,,
2024-07-13 18:17:00,CNR2463727314,Success,CID102982,Bike,Mysore Road,Bellandur,266.0,45.0,Not Applicable,Not Applicable,No,Not Applicable,712,Cash,35,4.1,3.4
2024-07-20 16:54:00,CNR4080632241,Canceled by Driver,CID668262,eBike,Whitefield,Rajajinagar,,,Not Applicable,More than permitted people in there,Not Applicable,Not Applicable,363,Not Applicable,0,,
2024-07-11 22:44:00,CNR5158591656,Canceled by Customer,CID697761,Mini,Magadi Road,Richmond Town,,,Change of plans,Not Applicable,Not Applicable,Not Applicable,530,Not Applicable,0,,
2024-07-08 21:41:00,CNR3794855010,Success,CID495719,Prime Plus,Hulimavu,KR Puram,224.0,70.0,Not Applicable,Not Applicable,No,Not Applicable,124,UPI,34,3.5,4.0
2024-07-28 05:19:00,CNR4682881571,Success,CID972622,Prime Sedan,Tumkur Road,Devanahalli,203.0,35.0,Not Applicable,Not Applicable,No,Not Applicable,229,Cash,31,5.0,4.0
2024-07-14 08:15:00,CNR1867798211,Success,CID298692,Bike,Richmond Town,Richmond Town,175.0,25.0,Not Applicable,Not Applicable,No,Not Applicable,876,Cash,36,3.0,4.3
2024-07-26 22:35:00,CNR8195218638,Success,CID783714,Prime Sedan,Hosur Road,Richmond Town,308.0,45.0,Not Applicable,Not Applicable,No,Not Applicable,285,UPI,34,4.1,3.5
2024-07-09 06:31:00,CNR2358205191,Success,CID312627,Mini,Kengeri,Devanahalli,168.0,55.0,Not Applicable,Not Applicable,No,Not Applicable,402,UPI,38,4.7,3.5
2024-07-28 02:29:00,CNR6167668988,Success,CID954145,Prime SUV,Yelahanka,Ramamurthy Nagar,175.0,130.0,Not Applicable,Not Applicable,No,Not Applicable,2308,Cash,45,4.0,4.6
2024-07-13 12:27:00,CNR3759707500,Success,CID870763,Prime SUV,Rajarajeshwari Nagar,Hosur Road,294.0,70.0,Not Applicable,Not Applicable,No,Not Applicable,754,Cash,17,4.5,3.6
2024-07-07 04:25:00,CNR9395072661,Success,CID263046,eBike,Rajajinagar,Tumkur Road,245.0,70.0,Not Applicable,Not Applicable,No,Not Applicable,343,Cash,49,4.2,3.4
2024-07-08 13:29:00,CNR9345649424,Success,CID935129,eBike,Padmanabhanagar,Bellandur,210.0,70.0,Not Applicable,Not Applicable,No,Not Applicable,163,UPI,31,4.5,3.1
2024-07-06 19:55:00,CNR1722995040,Success,CID551054,eBike,Majestic,Bannerghatta Road,161.0,45.0,Not Applicable,Not Applicable,No,Not Applicable,355,UPI,35,4.0,4.7
2024-07-03 23:37:00,CNR9343088036,Canceled by Driver,CID710003,eBike,Indiranagar,Yelahanka,,,Not Applicable,Personal & Car related issue,Not Applicable,Not Applicable,330,Not Applicable,0,,
2024-07-07 13:33:00,CNR6437235986,Success,CID445834,Bike,Magadi Road,Majestic,224.0,105.0,Not Applicable,Not Applicable,No,Not Applicable,425,Cash,23,3.4,3.9
2024-07-13 03:24:00,CNR6006943087,Success,CID664777,Prime Plus,Chickpet,Tumkur Road,217.0,55.0,Not Applicable,Not Applicable,No,Not Applicable,178,UPI,8,4.6,4.4
2024-07-06 21:20:00,CNR6425882669,Canceled by Customer,CID712453,Prime Plus,Malleshwaram,Yeshwanthpur,,,Driver asked to cancel,Not Applicable,Not Applicable,Not Applicable,494,Not Applicable,0,,
2024-07-15 02:04:00,CNR1634484232,Success,CID206044,Auto,Shantinagar,Sahakar Nagar,259.0,110.0,Not Applicable,Not Applicable,No,Not Applicable,482,Cash,17,4.2,4.3
2024-07-08 17:03:00,CNR1652503728,Canceled by Customer,CID848490,Auto,Vijayanagar,Kengeri,,,Driver asked to cancel,Not Applicable,Not Applicable,Not Applicable,310,Not Applicable,0,,
2024-07-14 09:38:00,CNR6049684983,Driver Not Found,CID597575,Prime SUV,Magadi Road,Marathahalli,,,Not Applicable,Not Applicable,Not Applicable,Not Applicable,135,Not Applicable,0,,
2024-07-23 07:34:00,CNR1948380514,Canceled by Customer,CID978150,eBike,Sarjapur Road,Sahakar Nagar,,,Driver is not moving towards pickup location,Not Applicable,Not Applicable,Not Applicable,838,Not Applicable,0,,
2024-07-29 19:33:00,CNR1692327282,Success,CID480768,eBike,Hosur Road,Rajarajeshwari Nagar,42.0,65.0,Not Applicable,Not Applicable,No,Not Applicable,185,Cash,15,5.0,4.9
2024-07-07 18:55:00,CNR8293208088,Success,CID139559,Prime Plus,Rajarajeshwari Nagar,Ulsoor,266.0,85.0,Not Applicable,Not Applicable,No,Not Applicable,129,Credit Card,45,4.7,3.6
2024-07-21 16:46:00,CNR9193801694,Success,CID382715,Auto,RT Nagar,Rajarajeshwari Nagar,266.0,80.0,Not Applicable,Not Applicable,No,Not Applicable,2484,Credit Card,1,4.7,3.2
2024-07-10 10:11:00,CNR4304935106,Canceled by Driver,CID280573,Prime Sedan,Chickpet,Bannerghatta Road,,,Not Applicable,Personal & Car related issue,Not Applicable,Not Applicable,690,Not Applicable,0,,
2024-07-21 17:28:00,CNR9787740668,Success,CID862033,Auto,Banashankari,Shantinagar,126.0,85.0,Not Applicable,Not Applicable,No,Not Applicable,486,UPI,14,3.0,3.8
2024-07-04 01:15:00,CNR9535336710,Success,CID948856,Prime SUV,MG Road,Peenya,105.0,75.0,Not Applicable,Not Applicable,No,Not Applicable,169,UPI,20,3.3,3.5
2024-07-21 02:45:00,CNR8711054921,Canceled by Customer,CID687823,Auto,Kammanahalli,Peenya,,,AC is Not working,Not Applicable,Not Applicable,Not Applicable,200,Not Applicable,0,,
2024-07-16 06:50:00,CNR5181433506,Success,CID161754,Mini,Ulsoor,Padmanabhanagar,203.0,95.0,Not Applicable,Not Applicable,No,Not Applicable,272,Cash,24,4.6,4.5
2024-07-14 11:42:00,CNR7629723915,Success,CID184722,Prime SUV,Electronic City,Indiranagar,77.0,130.0,Not Applicable,Not Applicable,No,Not Applicable,281,Cash,20,4.1,3.1
2024-07-12 00:25:00,CNR5010021242,Canceled by Driver,CID415671,eBike,Bellandur,Chickpet,,,Not Applicable,Personal & Car related issue,Not Applicable,Not Applicable,402,Not Applicable,0,,
2024-07-23 05:32:00,CNR9933916807,Driver Not Found,CID785214,Bike,Frazer Town,Padmanabhanagar,,,Not Applicable,Not Applicable,Not Applicable,Not Applicable,730,Not Applicable,0,,
2024-07-26 12:52:00,CNR6432522558,Canceled by Customer,CID945452,Bike,Bellandur,Rajarajeshwari Nagar,,,Driver is not moving towards pickup location,Not Applicable,Not Applicable,Not Applicable,929,Not Applicable,0,,
2024-07-07 05:08:00,CNR6269597084,Success,CID606843,Bike,Yeshwanthpur,Shantinagar,42.0,85.0,Not Applicable,Not Applicable,No,Not Applicable,1615,UPI,9,3.7,4.1
2024-07-07 14:34:00,CNR3861547603,Success,CID812286,eBike,Shantinagar,Majestic,175.0,70.0,Not Applicable,Not Applicable,Yes,Vehicle Breakdown,2538,UPI,27,3.0,4.9
2024-07-25 14:18:00,CNR4692594520,Success,CID224624,Bike,Malleshwaram,HSR Layout,287.0,55.0,Not Applicable,Not Applicable,No,Not Applicable,265,Cash,1,4.4,4.0
2024-07-26 09:51:00,CNR7604893896,Success,CID249771,Bike,Yeshwanthpur,Hennur,119.0,35.0,Not Applicable,Not Applicable,No,Not Applicable,593,UPI,25,3.3,4.2
2024-07-27 23:50:00,CNR4541356112,Canceled by Customer,CID859147,Prime SUV,Whitefield,Tumkur Road,,,Driver is not moving towards pickup location,Not Applicable,Not Applicable,Not Applicable,1541,Not Applicable,0,,
2024-07-23 14:02:00,CNR7595914117,Success,CID651355,eBike,Hosur Road,Magadi Road,161.0,35.0,Not Applicable,Not Applicable,No,Not Applicable,472,Cash,20,4.5,4.3
2024-07-01 00:55:00,CNR9024758483,Canceled by Driver,CID134381,Bike,Magadi Road,Vijayanagar,,,Not Applicable,More than permitted people in there,Not Applicable,Not Applicable,882,Not Applicable,0,,
2024-07-01 02:19:00,CNR5133650402,Driver Not Found,CID983394,Mini,Ulsoor,Basavanagudi,,,Not Applicable,Not Applicable,Not Applicable,Not Applicable,256,Not Applicable,0,,
2024-07-27 07:44:00,CNR4497839160,Success,CID964759,eBike,Banashankari,KR Puram,98.0,100.0,Not Applicable,Not Applicable,No,Not Applicable,552,UPI,7,4.9,3.7
2024-07-23 04:29:00,CNR2068268201,Driver Not Found,CID475967,Mini,Tumkur Road,Hulimavu,,,Not Applicable,Not Applicable,Not Applicable,Not Applicable,556,Not Applicable,0,,
2024-07-13 00:14:00,CNR1840612129,Success,CID161219,Mini,Ulsoor,Yelahanka,217.0,50.0,Not Applicable,Not Applicable,No,Not Applicable,377,UPI,42,4.7,3.0
2024-07-12 02:19:00,CNR8443826810,Success,CID659225,Mini,Indiranagar,Shivajinagar,126.0,60.0,Not Applicable,Not Applicable,Yes,Customer Demand,1462,Cash,48,4.0,4.9
2024-07-03 17:59:00,CNR5070305439,Success,CID493522,Prime Plus,Kadugodi,BTM Layout,217.0,95.0,Not Applicable,Not Applicable,No,Not Applicable,701,UPI,16,3.2,4.3
2024-07-19 08:31:00,CNR6408014428,Success,CID956006,Auto,Koramangala,Chamarajpet,35.0,145.0,Not Applicable,Not Applicable,No,Not Applicable,163,Cash,6,4.7,4.7
2024-07-11 04:52:00,CNR2537710645,Success,CID481843,Mini,Ulsoor,Malleshwaram,182.0,135.0,Not Applicable,Not Applicable,No,Not Applicable,352,Cash,31,3.5,4.5
2024-07-06 20:11:00,CNR7269394550,Canceled by Customer,CID517623,Mini,HSR Layout,BTM Layout,,,Change of plans,Not Applicable,Not Applicable,Not Applicable,506,Not Applicable,0,,
2024-07-08 11:32:00,CNR2041545710,Success,CID619408,Prime Sedan,Sarjapur Road,Nagarbhavi,42.0,35.0,Not Applicable,Not Applicable,No,Not Applicable,459,UPI,1,3.1,3.6
2024-07-10 10:48:00,CNR7745925965,Driver Not Found,CID508681,Prime SUV,KR Puram,Electronic City,,,Not Applicable,Not Applicable,Not Applicable,Not Applicable,262,Not Applicable,0,,
2024-07-08 18:09:00,CNR6148203888,Driver Not Found,CID622946,Auto,Tumkur Road,Sahakar Nagar,,,Not Applicable,Not Applicable,Not Applicable,Not Applicable,160,Not Applicable,0,,
2024-07-29 17:56:00,CNR3050380313,Success,CID796551,Prime Plus,Varthur,Whitefield,98.0,25.0,Not Applicable,Not Applicable,No,Not Applicable,157,Cash,34,4.9,4.3
2024-07-13 13:24:00,CNR5339245750,Success,CID662724,Prime SUV,HSR Layout,RT Nagar,49.0,50.0,Not Applicable,Not Applicable,No,Not Applicable,892,Cash,42,4.7,4.7
2024-07-30 17:55:00,CNR3720971943,Success,CID729680,Bike,MG Road,Yeshwanthpur,133.0,120.0,Not Applicable,Not Applicable,No,Not Applicable,329,UPI,48,3.1,4.2
2024-07-20 16:50:00,CNR9627427487,Canceled by Driver,CID723126,eBike,Padmanabhanagar,Banashankari,,,Not Applicable,Personal & Car related issue,Not Applicable,Not Applicable,169,Not Applicable,0,,
2024-07-15 13:04:00,CNR3662381898,Success,CID391249,Bike,Kammanahalli,Basavanagudi,273.0,95.0,Not Applicable,Not Applicable,No,Not Applicable,624,UPI,45,3.3,4.2
2024-07-17 21:18:00,CNR7522743311,Success,CID164831,Prime Plus,Yeshwanthpur,Majestic,308.0,140.0,Not Applicable,Not Applicable,No,Not Applicable,325,UPI,30,4.6,3.6
2024-07-17 15:25:00,CNR2173691137,Success,CID122450,Bike,Nagarbhavi,Kengeri,259.0,65.0,Not Applicable,Not Applicable,No,Not Applicable,355,UPI,25,4.8,4.0
2024-07-25 11:36:00,CNR8967473489,Canceled by Driver,CID960075,eBike,Langford Town,MG Road,,,Not Applicable,Customer related issue,Not Applicable,Not Applicable,623,Not Applicable,0,,
2024-07-10 20:26:00,CNR6233377739,Success,CID504597,Prime Plus,Ulsoor,Mysore Road,49.0,65.0,Not Applicable,Not Applicable,No,Not Applicable,244,Cash,19,4.9,4.6
2024-07-08 15:12:00,CNR9139637569,Canceled by Customer,CID886278,Prime Sedan,Shivajinagar,Shantinagar,,,Driver is not moving towards pickup location,Not Applicable,Not Applicable,Not Applicable,390,Not Applicable,0,,
2024-07-11 06:57:00,CNR1448845932,Success,CID272223,Auto,Malleshwaram,Hennur,252.0,145.0,Not Applicable,Not Applicable,No,Not Applicable,474,UPI,5,3.2,4.3
2024-07-22 02:52:00,CNR8717409961,Success,CID367270,Auto,Devanahalli,HSR Layout,98.0,30.0,Not Applicable,Not Applicable,No,Not Applicable,403,UPI,3,4.9,4.1
2024-07-01 12:56:00,CNR6689680356,Success,CID199462,Mini,Kammanahalli,Nagarbhavi,273.0,140.0,Not Applicable,Not Applicable,No,Not Applicable,199,UPI,4,3.5,3.1
2024-07-04 01:56:00,CNR1715176578,Canceled by Driver,CID721378,eBike,Marathahalli,Banashankari,,,Not Applicable,Customer related issue,Not Applicable,Not Applicable,432,Not Applicable,0,,
2024-07-09 21:49:00,CNR5314609081,Driver Not Found,CID176982,Bike,Hosur Road,Basavanagudi,,,Not Applicable,Not Applicable,Not Applicable,Not Applicable,351,Not Applicable,0,,
2024-07-23 14:59:00,CNR6323193000,Canceled by Driver,CID857458,Mini,Banashankari,Marathahalli,,,Not Applicable,Customer related issue,Not Applicable,Not Applicable,245,Not Applicable,0,,
2024-07-29 21:14:00,CNR4575360961,Success,CID931441,Auto,Sarjapur Road,Electronic City,231.0,95.0,Not Applicable,Not Applicable,No,Not Applicable,2850,UPI,13,3.5,4.7
2024-07-26 12:26:00,CNR8919838941,Success,CID146197,Bike,Hebbal,Shivajinagar,133.0,80.0,Not Applicable,Not Applicable,No,Not Applicable,362,Cash,47,4.2,4.6
2024-07-09 05:01:00,CNR8709869773,Canceled by Customer,CID417288,eBike,Magadi Road,Chamarajpet,,,Driver asked to cancel,Not Applicable,Not Applicable,Not Applicable,1248,Not Applicable,0,,
2024-07-19 21:53:00,CNR8572358170,Success,CID444602,Auto,Rajarajeshwari Nagar,Yelahanka,245.0,100.0,Not Applicable,Not Applicable,No,Not Applicable,157,Credit Card,4,3.7,4.8
2024-07-16 17:07:00,CNR4795719971,Success,CID752858,Bike,Vijayanagar,Basavanagudi,231.0,75.0,Not Applicable,Not Applicable,No,Not Applicable,692,UPI,11,3.9,4.2
2024-07-19 22:30:00,CNR5398182161,Driver Not Found,CID521073,Prime Sedan,Rajajinagar,RT Nagar,,,Not Applicable,Not Applicable,Not Applicable,Not Applicable,459,Not Applicable,0,,
2024-07-29 21:22:00,CNR1983481506,Canceled by Customer,CID515211,Prime SUV,Rajarajeshwari Nagar,Peenya,,,Driver is not moving towards pickup location,Not Applicable,Not Applicable,Not Applicable,2894,Not Applicable,0,,
2024-07-29 16:48:00,CNR8734750808,Success,CID601801,Prime Sedan,Chamarajpet,Mysore Road,49.0,50.0,Not Applicable,Not Applicable,No,Not Applicable,409,UPI,33,3.4,3.9
2024-07-10 04:39:00,CNR4679841001,Success,CID204524,Mini,Peenya,Koramangala,140.0,25.0,Not Applicable,Not Applicable,No,Not Applicable,430,UPI,40,3.2,3.0
2024-07-02 05:21:00,CNR9148814174,Driver Not Found,CID627111,Bike,Magadi Road,Majestic,,,Not Applicable,Not Applicable,Not Applicable,Not Applicable,1195,Not Applicable,0,,
2024-07-09 06:46:00,CNR4581931573,Success,CID887301,Bike,Marathahalli,JP Nagar,126.0,105.0,Not Applicable,Not Applicable,Yes,Vehicle Breakdown,515,Cash,33,4.7,3.5
2024-07-11 02:57:00,CNR9636857578,Canceled by Driver,CID253781,Bike,Banashankari,Nagarbhavi,,,Not Applicable,Customer related issue,Not Applicable,Not Applicable,496,Not Applicable,0,,
2024-07-11 21:32:00,CNR6769379370,Success,CID567988,Bike,HSR Layout,Peenya,133.0,105.0,Not Applicable,Not Applicable,No,Not Applicable,295,UPI,12,3.7,3.3
2024-07-25 18:59:00,CNR2251740410,Canceled by Customer,CID171134,Prime SUV,HSR Layout,Hosur Road,,,Driver is not moving towards pickup location,Not Applicable,Not Applicable,Not Applicable,477,Not Applicable,0,,
2024-07-26 21:47:00,CNR6247871182,Success,CID832902,Mini,Ramamurthy Nagar,Rajajinagar,63.0,115.0,Not Applicable,Not Applicable,No,Not Applicable,180,Cash,38,3.0,4.2
2024-07-19 21:02:00,CNR7782542917,Success,CID710765,Bike,Bannerghatta Road,Shivajinagar,154.0,70.0,Not Applicable,Not Applicable,No,Not Applicable,928,Cash,30,3.1,4.8
2024-07-08 19:55:00,CNR7551646288,Success,CID858397,Prime Sedan,Tumkur Road,Jayanagar,280.0,65.0,Not Applicable,Not Applicable,No,Not Applicable,257,Cash,34,4.0,4.8
2024-07-15 03:01:00,CNR1164789361,Canceled by Driver,CID220593,Bike,Kengeri,Indiranagar,,,Not Applicable,Personal & Car related issue,Not Applicable,Not Applicable,337,Not Applicable,0,,
2024-07-26 02:55:00,CNR6859740028,Canceled by Driver,CID813679,Prime SUV,Langford Town,Padmanabhanagar,,,Not Applicable,Customer related issue,Not Applicable,Not Applicable,480,Not Applicable,0,,
2024-07-21 17:16:00,CNR8028235279,Success,CID603628,Mini,BTM Layout,Tumkur Road,224.0,120.0,Not Applicable,Not Applicable,No,Not Applicable,397,Cash,5,5.0,4.9
2024-07-07 04:25:00,CNR1110006372,Success,CID738368,Mini,Whitefield,Marathahalli,63.0,30.0,Not Applicable,Not Applicable,No,Not Applicable,536,Cash,18,4.0,4.0
2024-07-27 13:58:00,CNR5575069730,Canceled by Driver,CID166407,Prime Plus,Yelahanka,Marathahalli,,,Not Applicable,Personal & Car related issue,Not Applicable,Not Applicable,319,Not Applicable,0,,
2024-07-11 13:20:00,CNR6261359721,Success,CID875891,eBike,Hosur Road,Koramangala,119.0,25.0,Not Applicable,Not Applicable,No,Not Applicable,762,Cash,34,3.8,4.7
2024-07-07 16:34:00,CNR7674355191,Canceled by Driver,CID798834,Bike,Magadi Road,Whitefield,,,Not Applicable,Customer related issue,Not Applicable,Not Applicable,269,Not Applicable,0,,
2024-07-22 11:34:00,CNR6928319743,Success,CID239279,Mini,Hebbal,BTM Layout,133.0,95.0,Not Applicable,Not Applicable,Yes,Vehicle Breakdown,297,Cash,49,3.3,5.0
2024-07-23 03:45:00,CNR1528439541,Success,CID795686,Prime Sedan,MG Road,MG Road,63.0,110.0,Not Applicable,Not Applicable,No,Not Applicable,423,UPI,48,3.0,4.7
2024-07-18 07:09:00,CNR8902885238,Success,CID221751,eBike,Ramamurthy Nagar,Jayanagar,238.0,125.0,Not Applicable,Not Applicable,No,Not Applicable,586,UPI,44,4.7,4.0
2024-07-29 07:21:00,CNR7786149498,Success,CID767781,eBike,Hulimavu,Vijayanagar,42.0,45.0,Not Applicable,Not Applicable,No,Not Applicable,400,Cash,12,5.0,4.7
2024-07-12 07:43:00,CNR5337419096,Success,CID528230,Prime Plus,Rajajinagar,Indiranagar,84.0,55.0,Not Applicable,Not Applicable,No,Not Applicable,461,Cash,9,3.1,4.2
2024-07-27 02:40:00,CNR7319735392,Canceled by Driver,CID237422,Prime SUV,Banashankari,Peenya,,,Not Applicable,More than permitted people in there,Not Applicable,Not Applicable,424,Not Applicable,0,,
2024-07-02 16:39:00,CNR2660177556,Success,CID249400,eBike,Kammanahalli,Peenya,287.0,45.0,Not Applicable,Not Applicable,No,Not Applicable,432,Cash,6,4.5,4.3
2024-07-19 12:53:00,CNR2854056662,Canceled by Driver,CID979213,Bike,Marathahalli,Sahakar Nagar,,,Not Applicable,Personal & Car related issue,Not Applicable,Not Applicable,172,Not Applicable,0,,
2024-07-04 19:49:00,CNR4302374900,Success,CID721670,Prime Plus,Sahakar Nagar,Indiranagar,238.0,25.0,Not Applicable,Not Applicable,No,Not Applicable,348,UPI,26,3.7,4.6
2024-07-24 01:40:00,CNR9401752715,Success,CID526075,Auto,Hebbal,Padmanabhanagar,259.0,60.0,Not Applicable,Not Applicable,No,Not Applicable,966,Cash,18,5.0,3.6
2024-07-20 17:20:00,CNR3547994196,Success,CID375436,Prime Plus,RT Nagar,Richmond Town,126.0,25.0,Not Applicable,Not Applicable,No,Not Applicable,233,UPI,16,4.5,4.8
2024-07-23 09:40:00,CNR1727767996,Success,CID872567,Prime Plus,Hosur Road,Magadi Road,154.0,110.0,Not Applicable,Not Applicable,No,Not Applicable,790,Cash,48,3.8,4.8
2024-07-17 07:45:00,CNR6936962983,Success,CID139092,eBike,Malleshwaram,Yeshwanthpur,259.0,80.0,Not Applicable,Not Applicable,No,Not Applicable,431,UPI,46,4.2,4.4
2024-07-21 07:31:00,CNR1233808587,Success,CID244159,Prime Sedan,Koramangala,Vijayanagar,119.0,80.0,Not Applicable,Not Applicable,No,Not Applicable,398,Cash,30,4.2,3.1
2024-07-01 10:55:00,CNR2378934311,Success,CID720323,Prime Plus,Chamarajpet,Whitefield,168.0,105.0,Not Applicable,Not Applicable,No,Not Applicable,697,Cash,17,3.5,4.1
2024-07-09 20:08:00,CNR7854244633,Success,CID460916,eBike,Langford Town,Sarjapur Road,112.0,60.0,Not Applicable,Not Applicable,No,Not Applicable,442,Cash,36,4.0,3.8
2024-07-09 00:21:00,CNR2759608259,Canceled by Driver,CID148578,eBike,Rajajinagar,Yelahanka,,,Not Applicable,Personal & Car related issue,Not Applicable,Not Applicable,308,Not Applicable,0,,
2024-07-10 15:27:00,CNR3893592620,Success,CID820832,Prime Sedan,Tumkur Road,Kadugodi,147.0,75.0,Not Applicable,Not Applicable,No,Not Applicable,151,UPI,5,4.9,4.5
2024-07-05 02:04:00,CNR6299088811,Success,CID278935,Prime SUV,Langford Town,Kengeri,210.0,105.0,Not Applicable,Not Applicable,No,Not Applicable,408,UPI,36,4.2,4.9
2024-07-24 06:35:00,CNR3539722484,Driver Not Found,CID271668,Bike,Jayanagar,Hulimavu,,,Not Applicable,Not Applicable,Not Applicable,Not Applicable,296,Not Applicable,0,,
2024-07-23 15:41:00,CNR1765912125,Canceled by Driver,CID758245,Mini,Padmanabhanagar,Shivajinagar,,,Not Applicable,Personal & Car related issue,Not Applicable,Not Applicable,300,Not Applicable,0,,
2024-07-24 02:12:00,CNR3290945073,Success,CID757665,eBike,Kammanahalli,Malleshwaram,56.0,110.0,Not Applicable,Not Applicable,No,Not Applicable,350,UPI,39,4.8,4.6
2024-07-24 18:35:00,CNR8072539367,Canceled by Driver,CID523095,Mini,Tumkur Road,Bannerghatta Road,,,Not Applicable,Personal & Car related issue,Not Applicable,Not Applicable,320,Not Applicable,0,,
2024-07-28 18:29:00,CNR9752884385,Canceled by Driver,CID764970,Auto,Richmond Town,Yelahanka,,,Not Applicable,Customer related issue,Not Applicable,Not Applicable,451,Not Applicable,0,,
2024-07-07 20:38:00,CNR8686124755,Canceled by Customer,CID561859,Mini,Bellandur,Shantinagar,,,AC is Not working,Not Applicable,Not Applicable,Not Applicable,141,Not Applicable,0,,
2024-07-30 19:12:00,CNR9282902104,Canceled by Driver,CID939619,Prime SUV,Koramangala,JP Nagar,,,Not Applicable,More than permitted people in there,Not Applicable,Not Applicable,940,Not Applicable,0,,
2024-07-15 08:16:00,CNR4826992385,Canceled by Driver,CID564009,Bike,Electronic City,Shivajinagar,,,Not Applicable,More than permitted people in there,Not Applicable,Not Applicable,325,Not Applicable,0,,
2024-07-02 12:15:00,CNR6711645578,Driver Not Found,CID343642,Prime SUV,Rajajinagar,Basavanagudi,,,Not Applicable,Not Applicable,Not Applicable,Not Applicable,288,Not Applicable,0,,
2024-07-22 06:41:00,CNR2359912711,Success,CID370786,Prime SUV,Ulsoor,Bellandur,294.0,35.0,Not Applicable,Not Applicable,No,Not Applicable,244,Cash,44,3.9,3.5
2024-07-09 07:30:00,CNR1266106083,Success,CID532537,Prime Plus,Jayanagar,Magadi Road,49.0,30.0,Not Applicable,Not Applicable,No,Not Applicable,119,Cash,41,3.8,4.1
2024-07-27 10:24:00,CNR3141775513,Canceled by Driver,CID204528,Auto,Electronic City,Koramangala,,,Not Applicable,Personal & Car related issue,Not Applicable,Not Applicable,920,Not Applicable,0,,
2024-07-21 22:55:00,CNR5709627119,Success,CID947555,Bike,Bannerghatta Road,Nagarbhavi,63.0,55.0,Not Applicable,Not Applicable,Yes,Other Issue,317,Cash,11,3.4,3.6
2024-07-15 00:33:00,CNR1945892367,Success,CID121696,Prime SUV,Bellandur,Hebbal,238.0,60.0,Not Applicable,Not Applicable,No,Not Applicable,270,UPI,6,4.1,4.3
2024-07-11 02:16:00,CNR7617681670,Success,CID548913,Auto,Vijayanagar,Ramamurthy Nagar,231.0,75.0,Not Applicable,Not Applicable,No,Not Applicable,435,UPI,1,4.4,3.6
2024-07-16 17:15:00,CNR1061477093,Success,CID877598,Prime SUV,Tumkur Road,Varthur,63.0,140.0,Not Applicable,Not Applicable,No,Not Applicable,918,Cash,31,3.6,4.8
2024-07-05 00:20:00,CNR3221540043,Success,CID827371,Prime Plus,Electronic City,Marathahalli,210.0,75.0,Not Applicable,Not Applicable,Yes,Customer Demand,602,Cash,45,3.9,4.0
2024-07-22 12:02:00,CNR2702838073,Success,CID556913,Bike,Varthur,Richmond Town,70.0,80.0,Not Applicable,Not Applicable,No,Not Applicable,2103,UPI,13,4.3,3.9
2024-07-18 21:49:00,CNR6976091804,Success,CID602797,Prime Plus,HSR Layout,BTM Layout,189.0,55.0,Not Applicable,Not Applicable,No,Not Applicable,127,Cash,22,4.7,4.1
2024-07-15 10:01:00,CNR3664598043,Driver Not Found,CID733795,Prime Plus,Tumkur Road,Ramamurthy Nagar,,,Not Applicable,Not Applicable,Not Applicable,Not Applicable,466,Not Applicable,0,,
2024-07-11 02:00:00,CNR9322380500,Canceled by Driver,CID110647,Prime SUV,Mysore Road,Shantinagar,,,Not Applicable,More than permitted people in there,Not Applicable,Not Applicable,341,Not Applicable,0,,
2024-07-12 02:10:00,CNR7224440418,Success,CID231850,Prime Sedan,Kadugodi,Padmanabhanagar,217.0,45.0,Not Applicable,Not Applicable,No,Not Applicable,287,Cash,25,3.5,4.0
2024-07-17 15:10:00,CNR6496649536,Canceled by Customer,CID132419,Prime SUV,MG Road,Devanahalli,,,AC is Not working,Not Applicable,Not Applicable,Not Applicable,334,Not Applicable,0,,
2024-07-28 05:11:00,CNR3287919715,Driver Not Found,CID912558,Prime Sedan,Bannerghatta Road,Mysore Road,,,Not Applicable,Not Applicable,Not Applicable,Not Applicable,538,Not Applicable,0,,
2024-07-12 06:19:00,CNR5071474596,Success,CID237569,Prime Plus,Kengeri,HSR Layout,35.0,115.0,Not Applicable,Not Applicable,No,Not Applicable,841,Cash,42,3.3,3.7
2024-07-29 15:32:00,CNR3428953108,Success,CID131463,eBike,Kadugodi,Peenya,105.0,70.0,Not Applicable,Not Applicable,No,Not Applicable,993,Cash,36,4.7,4.8
2024-07-24 21:12:00,CNR9557272246,Success,CID612153,Prime Sedan,Majestic,Hulimavu,77.0,135.0,Not Applicable,Not Applicable,No,Not Applicable,2089,UPI,16,3.5,3.5
2024-07-13 10:58:00,CNR4271372413,Driver Not Found,CID480475,eBike,Nagarbhavi,Langford Town,,,Not Applicable,Not Applicable,Not Applicable,Not Applicable,393,Not Applicable,0,,
2024-07-09 15:18:00,CNR9418363852,Success,CID846303,Prime Plus,Ulsoor,JP Nagar,217.0,35.0,Not Applicable,Not Applicable,No,Not Applicable,776,Cash,12,3.5,3.8
2024-07-13 12:17:00,CNR7148878866,Success,CID730225,Mini,Mysore Road,Hebbal,273.0,100.0,Not Applicable,Not Applicable,No,Not Applicable,735,Cash,14,4.7,3.5
2024-07-30 04:53:00,CNR5184209153,Canceled by Driver,CID504393,eBike,RT Nagar,Whitefield,,,Not Applicable,Customer related issue,Not Applicable,Not Applicable,195,Not Applicable,0,,
2024-07-20 19:40:00,CNR1165592666,Canceled by Driver,CID265931,eBike,Ramamurthy Nagar,Majestic,,,Not Applicable,Customer was coughing/sick,Not Applicable,Not Applicable,466,Not Applicable,0,,
2024-07-04 02:42:00,CNR4802781915,Success,CID868778,Prime SUV,Basavanagudi,Frazer Town,266.0,130.0,Not Applicable,Not Applicable,No,Not Applicable,173,Cash,34,3.3,4.5
2024-07-22 20:33:00,CNR4920752391,Canceled by Customer,CID152885,Prime SUV,HSR Layout,JP Nagar,,,AC is Not working,Not Applicable,Not Applicable,Not Applicable,466,Not Applicable,0,,
2024-07-13 17:56:00,CNR6756218554,Driver Not Found,CID336025,eBike,KR Puram,Kadugodi,,,Not Applicable,Not Applicable,Not Applicable,Not Applicable,1538,Not Applicable,0,,
2024-07-17 04:44:00,CNR4437558474,Driver Not Found,CID266979,Prime Sedan,Sahakar Nagar,Yeshwanthpur,,,Not Applicable,Not Applicable,Not Applicable,Not Applicable,459,Not Applicable,0,,
2024-07-19 21:37:00,CNR8616716070,Success,CID888655,Auto,Ulsoor,Rajajinagar,266.0,80.0,Not Applicable,Not Applicable,Yes,Vehicle Breakdown,458,Cash,1,4.4,4.3
2024-07-02 21:53:00,CNR9745745211,Success,CID617709,Prime SUV,Indiranagar,Kammanahalli,175.0,50.0,Not Applicable,Not Applicable,Yes,Other Issue,100,Cash,49,4.2,4.1
2024-07-19 01:51:00,CNR8984893529,Canceled by Driver,CID870278,Bike,Electronic City,Mysore Road,,,Not Applicable,Personal & Car related issue,Not Applicable,Not Applicable,417,Not Applicable,0,,
2024-07-16 03:08:00,CNR6955523820,Success,CID265063,Prime Sedan,Mysore Road,Sarjapur Road,175.0,120.0,Not Applicable,Not Applicable,No,Not Applicable,734,Cash,38,3.2,5.0
2024-07-18 20:06:00,CNR4916280749,Success,CID310074,Auto,Mysore Road,Rajarajeshwari Nagar,252.0,90.0,Not Applicable,Not Applicable,No,Not Applicable,247,Credit Card,14,4.6,4.1
2024-07-10 14:03:00,CNR1380139362,Canceled by Driver,CID878595,Prime SUV,Nagarbhavi,Peenya,,,Not Applicable,Personal & Car related issue,Not Applicable,Not Applicable,384,Not Applicable,0,,
2024-07-04 19:14:00,CNR1140583744,Success,CID329595,Prime Plus,Varthur,Ulsoor,105.0,120.0,Not Applicable,Not Applicable,No,Not Applicable,506,UPI,5,4.9,3.8
2024-07-19 04:45:00,CNR3478457543,Canceled by Customer,CID109783,Bike,Kengeri,Rajarajeshwari Nagar,,,AC is Not working,Not Applicable,Not Applicable,Not Applicable,640,Not Applicable,0,,
2024-07-14 19:00:00,CNR7364260209,Driver Not Found,CID538525,Prime Plus,Banashankari,Shivajinagar,,,Not Applicable,Not Applicable,Not Applicable,Not Applicable,127,Not Applicable,0,,
2024-07-21 22:15:00,CNR4473713990,Success,CID896045,Prime Sedan,Peenya,Peenya,105.0,135.0,Not Applicable,Not Applicable,No,Not Applicable,168,UPI,13,3.1,4.6
2024-07-24 03:04:00,CNR7559134091,Driver Not Found,CID944456,Prime Plus,Electronic City,Basavanagudi,,,Not Applicable,Not Applicable,Not Applicable,Not Applicable,850,Not Applicable,0,,
2024-07-09 02:14:00,CNR7100399381,Success,CID152677,Mini,Richmond Town,Richmond Town,56.0,140.0,Not Applicable,Not Applicable,No,Not Applicable,193,UPI,32,3.7,4.5
2024-07-28 00:11:00,CNR3863547375,Canceled by Driver,CID361007,eBike,Hennur,Richmond Town,,,Not Applicable,Customer related issue,Not Applicable,Not Applicable,429,Not Applicable,0,,
2024-07-13 19:04:00,CNR7003012219,Canceled by Customer,CID742463,Prime Plus,HSR Layout,Malleshwaram,,,Driver asked to cancel,Not Applicable,Not Applicable,Not Applicable,306,Not Applicable,0,,
2024-07-13 11:46:00,CNR3092201496,Success,CID181213,Prime Sedan,Kengeri,Rajarajeshwari Nagar,84.0,85.0,Not Applicable,Not Applicable,No,Not Applicable,262,Cash,18,4.2,4.2
2024-07-24 14:44:00,CNR2174773221,Canceled by Driver,CID458846,Bike,Malleshwaram,Rajajinagar,,,Not Applicable,Customer was coughing/sick,Not Applicable,Not Applicable,995,Not Applicable,0,,
2024-07-04 03:26:00,CNR9592855124,Canceled by Driver,CID769483,Prime Sedan,Whitefield,Bellandur,,,Not Applicable,Personal & Car related issue,Not Applicable,Not Applicable,553,Not Applicable,0,,
2024-07-04 11:13:00,CNR6311190202,Canceled by Driver,CID608930,Prime Sedan,Rajarajeshwari Nagar,Malleshwaram,,,Not Applicable,Customer related issue,Not Applicable,Not Applicable,670,Not Applicable,0,,
2024-07-20 13:21:00,CNR6823453148,Success,CID515710,Auto,BTM Layout,KR Puram,105.0,35.0,Not Applicable,Not Applicable,No,Not Applicable,533,UPI,3,4.6,3.9
2024-07-24 02:00:00,CNR4829577530,Canceled by Driver,CID593246,Prime Sedan,Richmond Town,Frazer Town,,,Not Applicable,Customer was coughing/sick,Not Applicable,Not Applicable,1216,Not Applicable,0,,
2024-07-26 18:01:00,CNR1894751292,Success,CID745749,Bike,MG Road,Bellandur,210.0,55.0,Not Applicable,Not Applicable,No,Not Applicable,470,Cash,15,4.0,4.1
2024-07-20 11:44:00,CNR9152071597,Canceled by Driver,CID663093,Bike,Sarjapur Road,Electronic City,,,Not Applicable,Customer related issue,Not Applicable,Not Applicable,111,Not Applicable,0,,
2024-07-08 06:54:00,CNR2502651077,Canceled by Driver,CID744301,Mini,Shantinagar,Shivajinagar,,,Not Applicable,More than permitted people in there,Not Applicable,Not Applicable,1174,Not Applicable,0,,
2024-07-15 19:57:00,CNR6801898123,Success,CID276071,Prime Sedan,Frazer Town,Majestic,154.0,40.0,Not Applicable,Not Applicable,No,Not Applicable,157,Cash,45,3.3,4.8
2024-07-11 21:15:00,CNR7171955200,Canceled by Driver,CID591257,Prime Plus,Banashankari,Hennur,,,Not Applicable,Customer related issue,Not Applicable,Not Applicable,343,Not Applicable,0,,
2024-07-15 06:47:00,CNR3689147998,Success,CID538355,Mini,Sahakar Nagar,Peenya,70.0,105.0,Not Applicable,Not Applicable,No,Not Applicable,424,UPI,13,3.7,3.2
2024-07-23 02:33:00,CNR1128192424,Success,CID427911,Bike,Kengeri,Banashankari,175.0,25.0,Not Applicable,Not Applicable,No,Not Applicable,125,Cash,6,4.7,3.1
2024-07-16 09:05:00,CNR7191345311,Success,CID920762,Prime Sedan,Koramangala,Tumkur Road,175.0,130.0,Not Applicable,Not Applicable,No,Not Applicable,362,Cash,45,4.9,3.3
2024-07-09 20:15:00,CNR1321817794,Canceled by Driver,CID633176,Prime SUV,Yeshwanthpur,Marathahalli,,,Not Applicable,Customer was coughing/sick,Not Applicable,Not Applicable,471,Not Applicable,0,,
2024-07-13 08:22:00,CNR3022239775,Success,CID844983,Auto,Ulsoor,Shivajinagar,266.0,85.0,Not Applicable,Not Applicable,No,Not Applicable,611,UPI,8,4.8,4.1
2024-07-04 14:32:00,CNR3525865055,Success,CID110075,Prime SUV,Mysore Road,Ramamurthy Nagar,294.0,90.0,Not Applicable,Not Applicable,No,Not Applicable,682,Cash,8,3.4,3.0
2024-07-11 12:34:00,CNR7130780573,Success,CID965555,Prime SUV,Devanahalli,Chamarajpet,77.0,90.0,Not Applicable,Not Applicable,No,Not Applicable,645,UPI,36,4.3,3.4
2024-07-26 07:28:00,CNR6345139853,Driver Not Found,CID993897,Auto,Langford Town,Langford Town,,,Not Applicable,Not Applicable,Not Applicable,Not Applicable,232,Not Applicable,0,,
2024-07-04 05:03:00,CNR9246929183,Canceled by Driver,CID848153,Prime Plus,Bannerghatta Road,Hulimavu,,,Not Applicable,More than permitted people in there,Not Applicable,Not Applicable,152,Not Applicable,0,,
2024-07-12 03:36:00,CNR3692576321,Success,CID701620,Auto,Frazer Town,Chickpet,119.0,40.0,Not Applicable,Not Applicable,No,Not Applicable,178,UPI,9,5.0,4.6
2024-07-16 12:40:00,CNR7246787881,Success,CID911090,eBike,Majestic,BTM Layout,252.0,30.0,Not Applicable,Not Applicable,No,Not Applicable,175,Cash,39,4.6,3.6
2024-07-18 22:04:00,CNR9466543292,Success,CID850454,eBike,Tumkur Road,Chickpet,77.0,120.0,Not Applicable,Not Applicable,No,Not Applicable,396,Cash,14,4.0,4.8
2024-07-24 08:45:00,CNR8433616526,Success,CID493778,Auto,Kengeri,Ramamurthy Nagar,147.0,140.0,Not Applicable,Not Applicable,No,Not Applicable,181,Cash,17,4.5,3.5
2024-07-29 05:26:00,CNR9845851700,Success,CID362955,Bike,MG Road,Electronic City,231.0,80.0,Not Applicable,Not Applicable,No,Not Applicable,546,Credit Card,44,4.1,4.8
2024-07-22 03:19:00,CNR3044138521,Canceled by Driver,CID734951,eBike,MG Road,JP Nagar,,,Not Applicable,Customer was coughing/sick,Not Applicable,Not Applicable,230,Not Applicable,0,,
2024-07-12 12:04:00,CNR9137574572,Success,CID332847,Prime Plus,Sarjapur Road,Peenya,35.0,45.0,Not Applicable,Not Applicable,No,Not Applicable,393,Debit Card,35,3.6,3.9
2024-07-23 08:22:00,CNR1704177712,Success,CID433189,Mini,Sarjapur Road,Yeshwanthpur,98.0,80.0,Not Applicable,Not Applicable,No,Not Applicable,350,UPI,47,4.3,3.3
2024-07-30 15:50:00,CNR3799776836,Canceled by Customer,CID251879,Prime Sedan,Richmond Town,Malleshwaram,,,Driver asked to cancel,Not Applicable,Not Applicable,Not Applicable,398,Not Applicable,0,,
2024-07-02 16:26:00,CNR9927540546,Success,CID615374,eBike,Basavanagudi,Marathahalli,280.0,25.0,Not Applicable,Not Applicable,No,Not Applicable,258,Cash,45,3.3,3.5
2024-07-20 14:03:00,CNR5265382298,Success,CID654855,Prime Sedan,Rajajinagar,Kadugodi,273.0,60.0,Not Applicable,Not Applicable,No,Not Applicable,257,Cash,38,4.6,3.1
2024-07-10 14:43:00,CNR3999501609,Success,CID745408,Bike,JP Nagar,Kadugodi,35.0,120.0,Not Applicable,Not Applicable,No,Not Applicable,220,Cash,22,3.7,3.1
2024-07-08 14:34:00,CNR4398720105,Success,CID752170,Bike,Peenya,Padmanabhanagar,119.0,130.0,Not Applicable,Not Applicable,No,Not Applicable,824,UPI,34,3.9,3.7
2024-07-27 20:34:00,CNR6647310713,Canceled by Driver,CID672077,Auto,Bannerghatta Road,Koramangala,,,Not Applicable,Personal & Car related issue,Not Applicable,Not Applicable,187,Not Applicable,0,,
2024-07-28 02:44:00,CNR5260138165,Canceled by Driver,CID487654,Mini,Magadi Road,Sarjapur Road,,,Not Applicable,Personal & Car related issue,Not Applicable,Not Applicable,234,Not Applicable,0,,
2024-07-20 14:40:00,CNR1054249726,Canceled by Driver,CID544082,Bike,Basavanagudi,Richmond Town,,,Not Applicable,Personal & Car related issue,Not Applicable,Not Applicable,314,Not Applicable,0,,
2024-07-24 13:59:00,CNR6293933276,Canceled by Driver,CID413293,eBike,Tumkur Road,Hebbal,,,Not Applicable,More than permitted people in there,Not Applicable,Not Applicable,254,Not Applicable,0,,
2024-07-06 01:14:00,CNR3637381581,Success,CID548679,Auto,Vijayanagar,Tumkur Road,196.0,125.0,Not Applicable,Not Applicable,No,Not Applicable,329,Cash,4,4.9,4.2
2024-07-07 03:47:00,CNR3651984598,Success,CID932042,Mini,MG Road,Chickpet,245.0,95.0,Not Applicable,Not Applicable,No,Not Applicable,443,Cash,13,4.4,3.9
2024-07-07 10:29:00,CNR3335000789,Driver Not Found,CID119755,eBike,Rajajinagar,Bellandur,,,Not Applicable,Not Applicable,Not Applicable,Not Applicable,160,Not Applicable,0,,
2024-07-12 21:26:00,CNR1926167747,Canceled by Customer,CID848764,Prime SUV,Padmanabhanagar,Majestic,,,Driver is not moving towards pickup location,Not Applicable,Not Applicable,Not Applicable,246,Not Applicable,0,,
2024-07-14 04:16:00,CNR9516840306,Driver Not Found,CID904297,Bike,Shantinagar,Rajajinagar,,,Not Applicable,Not Applicable,Not Applicable,Not Applicable,1058,Not Applicable,0,,
2024-07-15 19:29:00,CNR9875463042,Success,CID947871,Prime Sedan,Peenya,Hulimavu,70.0,65.0,Not Applicable,Not Applicable,No,Not Applicable,491,UPI,28,4.2,4.2
2024-07-04 20:32:00,CNR8562697166,Success,CID317710,Prime Sedan,Frazer Town,Chickpet,77.0,105.0,Not Applicable,Not Applicable,No,Not Applicable,141,Cash,40,4.1,3.7
2024-07-09 04:51:00,CNR5783185285,Success,CID891428,Prime SUV,Tumkur Road,MG Road,308.0,135.0,Not Applicable,Not Applicable,No,Not Applicable,415,UPI,22,3.9,4.9
2024-07-29 03:13:00,CNR4255314673,Success,CID814299,Prime Plus,Hebbal,Kammanahalli,77.0,45.0,Not Applicable,Not Applicable,No,Not Applicable,154,Cash,41,4.3,3.7
2024-07-28 19:48:00,CNR1236066367,Success,CID624126,Prime Sedan,Bannerghatta Road,Majestic,133.0,55.0,Not Applicable,Not Applicable,Yes,Customer Demand,928,Cash,21,4.9,3.0
2024-07-09 20:51:00,CNR4769950242,Success,CID122082,Prime Plus,Rajajinagar,Devanahalli,273.0,55.0,Not Applicable,Not Applicable,No,Not Applicable,605,Debit Card,13,3.8,3.9
2024-07-08 14:26:00,CNR2229297396,Canceled by Customer,CID147205,Bike,Varthur,Hosur Road,,,Driver is not moving towards pickup location,Not Applicable,Not Applicable,Not Applicable,2130,Not Applicable,0,,
2024-07-25 06:38:00,CNR8317788533,Canceled by Driver,CID743197,Auto,Majestic,Langford Town,,,Not Applicable,Customer related issue,Not Applicable,Not Applicable,733,Not Applicable,0,,
2024-07-04 11:16:00,CNR5214103689,Canceled by Driver,CID975929,Prime SUV,Rajajinagar,Varthur,,,Not Applicable,Personal & Car related issue,Not Applicable,Not Applicable,455,Not Applicable,0,,
2024-07-20 13:34:00,CNR5121524103,Success,CID309061,Mini,Electronic City,Hosur Road,196.0,35.0,Not Applicable,Not Applicable,No,Not Applicable,112,Cash,17,3.5,3.9
2024-07-02 07:32:00,CNR6433399857,Canceled by Driver,CID197535,Bike,Hulimavu,Bellandur,,,Not Applicable,Personal & Car related issue,Not Applicable,Not Applicable,232,Not Applicable,0,,
2024-07-17 03:04:00,CNR2572781532,Success,CID113720,Bike,Chamarajpet,JP Nagar,280.0,75.0,Not Applicable,Not Applicable,No,Not Applicable,209,UPI,5,3.9,4.8
2024-07-28 00:40:00,CNR4671936865,Canceled by Driver,CID453062,Prime SUV,Hosur Road,Rajarajeshwari Nagar,,,Not Applicable,Customer related issue,Not Applicable,Not Applicable,1883,Not Applicable,0,,
2024-07-11 08:16:00,CNR4733624883,Success,CID833621,Prime Plus,Chamarajpet,Devanahalli,84.0,60.0,Not Applicable,Not Applicable,No,Not Applicable,829,Cash,13,3.3,3.4
2024-07-02 03:19:00,CNR3289211596,Success,CID485246,Prime Plus,MG Road,Kammanahalli,203.0,105.0,Not Applicable,Not Applicable,No,Not Applicable,639,UPI,21,3.7,4.7
2024-07-21 22:09:00,CNR2205084851,Canceled by Driver,CID626209,Bike,HSR Layout,Yelahanka,,,Not Applicable,Customer was coughing/sick,Not Applicable,Not Applicable,485,Not Applicable,0,,
2024-07-27 20:42:00,CNR9897422726,Success,CID237801,Prime Plus,BTM Layout,MG Road,161.0,95.0,Not Applicable,Not Applicable,No,Not Applicable,440,UPI,49,3.4,3.7
2024-07-15 07:04:00,CNR9398588840,Success,CID649619,Mini,Shivajinagar,Chickpet,203.0,60.0,Not Applicable,Not Applicable,Yes,Other Issue,198,UPI,37,3.4,4.3
2024-07-23 07:01:00,CNR2517370749,Driver Not Found,CID313527,Prime Sedan,Yelahanka,Rajarajeshwari Nagar,,,Not Applicable,Not Applicable,Not Applicable,Not Applicable,799,Not Applicable,0,,
2024-07-02 23:13:00,CNR3112109522,Canceled by Customer,CID480060,Prime SUV,Shantinagar,Vijayanagar,,,Driver is not moving towards pickup location,Not Applicable,Not Applicable,Not Applicable,740,Not Applicable,0,,
2024-07-19 19:41:00,CNR8299989161,Canceled by Driver,CID954796,Bike,Richmond Town,Majestic,,,Not Applicable,More than permitted people in there,Not Applicable,Not Applicable,918,Not Applicable,0,,
2024-07-30 07:46:00,CNR3443231776,Success,CID615665,Prime Plus,Frazer Town,Sarjapur Road,196.0,140.0,Not Applicable,Not Applicable,No,Not Applicable,1516,UPI,33,4.9,3.1
2024-07-18 13:00:00,CNR2967279050,Canceled by Driver,CID919237,Bike,Hosur Road,Marathahalli,,,Not Applicable,More than permitted people in there,Not Applicable,Not Applicable,862,Not Applicable,0,,
2024-07-15 20:15:00,CNR7567424628,Success,CID475895,Auto,HSR Layout,Bannerghatta Road,154.0,30.0,Not Applicable,Not Applicable,No,Not Applicable,210,Cash,11,4.7,3.4
2024-07-09 08:45:00,CNR4523902928,Canceled by Driver,CID306913,eBike,Whitefield,Nagarbhavi,,,Not Applicable,More than permitted people in there,Not Applicable,Not Applicable,331,Not Applicable,0,,
2024-07-18 12:06:00,CNR7778168049,Success,CID970658,eBike,Shivajinagar,Jayanagar,77.0,30.0,Not Applicable,Not Applicable,No,Not Applicable,424,Cash,42,3.8,3.4
2024-07-07 06:30:00,CNR6243924745,Success,CID184481,Prime Plus,Kengeri,Hosur Road,77.0,70.0,Not Applicable,Not Applicable,No,Not Applicable,2137,Cash,39,4.2,4.5
2024-07-19 13:06:00,CNR9924873787,Success,CID597851,Mini,HSR Layout,Hulimavu,168.0,95.0,Not Applicable,Not Applicable,No,Not Applicable,347,Cash,41,3.5,3.6
2024-07-18 16:37:00,CNR2218709805,Success,CID191240,Mini,Nagarbhavi,Kadugodi,56.0,95.0,Not Applicable,Not Applicable,No,Not Applicable,241,UPI,24,3.6,3.6
2024-07-13 22:19:00,CNR9980322798,Success,CID898530,Prime SUV,Cox Town,Chamarajpet,70.0,65.0,Not Applicable,Not Applicable,No,Not Applicable,404,Cash,45,3.4,3.1
2024-07-21 16:10:00,CNR2961097122,Success,CID680028,Prime Sedan,Bellandur,Richmond Town,168.0,85.0,Not Applicable,Not Applicable,No,Not Applicable,496,UPI,2,4.4,4.0
2024-07-15 16:33:00,CNR2265555894,Success,CID873863,Mini,HSR Layout,JP Nagar,210.0,115.0,Not Applicable,Not Applicable,Yes,Other Issue,448,Cash,48,3.3,4.8
2024-07-28 00:02:00,CNR4292243575,Success,CID734611,Bike,Chickpet,Marathahalli,147.0,100.0,Not Applicable,Not Applicable,No,Not Applicable,294,UPI,6,4.6,4.3
2024-07-03 12:46:00,CNR6510675506,Canceled by Customer,CID434046,Prime Plus,Padmanabhanagar,Cox Town,,,Wrong Address,Not Applicable,Not Applicable,Not Applicable,298,Not Applicable,0,,
2024-07-14 01:25:00,CNR4085189027,Success,CID664470,eBike,Bellandur,Banashankari,91.0,120.0,Not Applicable,Not Applicable,No,Not Applicable,183,Cash,30,4.4,3.2
2024-07-17 07:00:00,CNR9031950360,Success,CID827573,Bike,Frazer Town,Electronic City,217.0,140.0,Not Applicable,Not Applicable,No,Not Applicable,191,Cash,17,4.2,3.1
2024-07-30 18:05:00,CNR4697522542,Success,CID209270,Prime Plus,Shivajinagar,Ramamurthy Nagar,294.0,140.0,Not Applicable,Not Applicable,No,Not Applicable,277,Cash,2,4.7,3.8
2024-07-03 05:52:00,CNR3867526063,Canceled by Driver,CID553663,Bike,Kammanahalli,Hulimavu,,,Not Applicable,Personal & Car related issue,Not Applicable,Not Applicable,446,Not Applicable,0,,
2024-07-18 08:44:00,CNR5121879599,Success,CID533269,Bike,Majestic,JP Nagar,196.0,110.0,Not Applicable,Not Applicable,No,Not Applicable,2628,Cash,34,4.4,4.8
2024-07-30 15:58:00,CNR5893230047,Success,CID702101,Prime SUV,Chamarajpet,Rajarajeshwari Nagar,217.0,70.0,Not Applicable,Not Applicable,No,Not Applicable,364,Cash,6,3.8,4.4
2024-07-22 06:22:00,CNR9770354372,Success,CID950581,eBike,Malleshwaram,Bellandur,112.0,75.0,Not Applicable,Not Applicable,No,Not Applicable,461,Credit Card,31,4.0,3.5
2024-07-10 19:42:00,CNR2456716090,Success,CID616852,Auto,Rajajinagar,Nagarbhavi,259.0,65.0,Not Applicable,Not Applicable,No,Not Applicable,2440,UPI,3,4.6,3.7
2024-07-09 07:11:00,CNR5467672237,Success,CID616661,Mini,Devanahalli,Kadugodi,245.0,90.0,Not Applicable,Not Applicable,No,Not Applicable,389,UPI,43,3.9,4.2
2024-07-18 03:26:00,CNR7106865049,Success,CID854521,Prime Sedan,KR Puram,Basavanagudi,308.0,65.0,Not Applicable,Not Applicable,No,Not Applicable,182,Cash,29,4.6,4.1
2024-07-22 02:28:00,CNR3793963368,Success,CID683062,Prime SUV,Marathahalli,Chamarajpet,280.0,30.0,Not Applicable,Not Applicable,No,Not Applicable,620,Cash,37,3.7,4.5
2024-07-26 21:59:00,CNR7639269556,Success,CID509294,Prime Sedan,Whitefield,Basavanagudi,196.0,115.0,Not Applicable,Not Applicable,No,Not Applicable,632,Cash,2,3.2,3.8
2024-07-09 15:34:00,CNR6956846056,Success,CID689142,Prime Sedan,Majestic,Langford Town,119.0,100.0,Not Applicable,Not Applicable,No,Not Applicable,704,Cash,33,4.6,4.0
2024-07-12 01:36:00,CNR1777467554,Success,CID700438,Mini,Whitefield,Koramangala,196.0,100.0,Not Applicable,Not Applicable,Yes,Customer Demand,207,UPI,14,3.4,3.9
2024-07-03 14:15:00,CNR7239440490,Success,CID145738,Mini,Kammanahalli,Jayanagar,77.0,50.0,Not Applicable,Not Applicable,No,Not Applicable,401,UPI,35,3.7,4.3
2024-07-17 11:50:00,CNR1697924858,Success,CID250133,eBike,Kadugodi,Peenya,35.0,40.0,Not Applicable,Not Applicable,No,Not Applicable,452,Cash,20,3.9,4.5
2024-07-10 01:28:00,CNR2829075350,Driver Not Found,CID427075,Auto,Yeshwanthpur,Malleshwaram,,,Not Applicable,Not Applicable,Not Applicable,Not Applicable,777,Not Applicable,0,,
2024-07-26 10:05:00,CNR2082739584,Success,CID621925,Bike,Hosur Road,Padmanabhanagar,308.0,105.0,Not Applicable,Not Applicable,No,Not Applicable,480,UPI,8,3.7,3.4
2024-07-04 16:10:00,CNR2559358513,Success,CID180950,Prime Sedan,Varthur,Kadugodi,154.0,65.0,Not Applicable,Not Applicable,No,Not Applicable,213,Cash,10,3.3,3.5
2024-07-16 21:58:00,CNR8548559658,Success,CID403156,Bike,Ulsoor,KR Puram,77.0,85.0,Not Applicable,Not Applicable,No,Not Applicable,120,Cash,49,3.9,3.1
2024-07-30 19:21:00,CNR4656878674,Success,CID236869,Prime Plus,Sarjapur Road,Chickpet,245.0,90.0,Not Applicable,Not Applicable,Yes,Customer Demand,268,Credit Card,29,3.4,4.8
2024-07-21 02:29:00,CNR3182653984,Success,CID746129,Prime Sedan,Hebbal,Chickpet,56.0,65.0,Not Applicable,Not Applicable,No,Not Applicable,490,Cash,22,4.2,4.3
2024-07-15 06:17:00,CNR3816528004,Canceled by Driver,CID691760,Prime Plus,Whitefield,Koramangala,,,Not Applicable,More than permitted people in there,Not Applicable,Not Applicable,432,Not Applicable,0,,
2024-07-28 05:47:00,CNR5061180768,Canceled by Customer,CID222666,Bike,Frazer Town,Indiranagar,,,Driver asked to cancel,Not Applicable,Not Applicable,Not Applicable,867,Not Applicable,0,,
2024-07-25 07:18:00,CNR5480510986,Success,CID396922,Prime Plus,Richmond Town,Cox Town,252.0,130.0,Not Applicable,Not Applicable,No,Not Applicable,489,Cash,7,4.0,4.2
2024-07-09 07:53:00,CNR9511407436,Canceled by Driver,CID126858,Prime SUV,Sarjapur Road,Ramamurthy Nagar,,,Not Applicable,Personal & Car related issue,Not Applicable,Not Applicable,262,Not Applicable,0,,
2024-07-19 05:55:00,CNR9411536442,Success,CID922160,Prime SUV,Banashankari,Bellandur,56.0,40.0,Not Applicable,Not Applicable,No,Not Applicable,267,Cash,31,3.4,3.9
2024-07-07 23:24:00,CNR1036789621,Driver Not Found,CID869188,Prime Plus,Shivajinagar,Peenya,,,Not Applicable,Not Applicable,Not Applicable,Not Applicable,574,Not Applicable,0,,
2024-07-07 08:36:00,CNR6479787965,Driver Not Found,CID105490,Prime SUV,Sahakar Nagar,Nagarbhavi,,,Not Applicable,Not Applicable,Not Applicable,Not Applicable,411,Not Applicable,0,,
2024-07-15 06:35:00,CNR1032537323,Driver Not Found,CID106685,Prime Plus,Padmanabhanagar,Chickpet,,,Not Applicable,Not Applicable,Not Applicable,Not Applicable,329,Not Applicable,0,,
2024-07-03 00:31:00,CNR7634965334,Driver Not Found,CID905098,Prime SUV,JP Nagar,Peenya,,,Not Applicable,Not Applicable,Not Applicable,Not Applicable,985,Not Applicable,0,,
2024-07-17 04:22:00,CNR4480737941,Success,CID330315,Auto,Kammanahalli,Bellandur,91.0,145.0,Not Applicable,Not Applicable,No,Not Applicable,157,Cash,17,4.8,3.2
2024-07-13 05:19:00,CNR6654637534,Success,CID114790,Prime Plus,Kengeri,KR Puram,98.0,115.0,Not Applicable,Not Applicable,No,Not Applicable,819,Cash,26,4.0,3.9
2024-07-30 02:32:00,CNR5768897164,Success,CID337578,Prime Plus,HSR Layout,Shantinagar,112.0,90.0,Not Applicable,Not Applicable,Yes,Customer Demand,270,Cash,44,4.3,4.0
2024-07-17 13:39:00,CNR2145529397,Driver Not Found,CID959334,Mini,Vijayanagar,HSR Layout,,,Not Applicable,Not Applicable,Not Applicable,Not Applicable,145,Not Applicable,0,,
2024-07-30 15:09:00,CNR9622561445,Success,CID781980,eBike,Frazer Town,Kengeri,35.0,65.0,Not Applicable,Not Applicable,No,Not Applicable,421,UPI,32,3.6,3.3
2024-07-15 16:25:00,CNR6541368281,Success,CID791347,Bike,Hulimavu,Whitefield,280.0,120.0,Not Applicable,Not Applicable,No,Not Applicable,2916,Cash,5,3.1,4.3
2024-07-17 06:32:00,CNR8810873691,Canceled by Customer,CID377961,Mini,Kammanahalli,Hulimavu,,,Wrong Address,Not Applicable,Not Applicable,Not Applicable,299,Not Applicable,0,,
2024-07-27 20:19:00,CNR2621051682,Success,CID885720,Auto,MG Road,Chamarajpet,175.0,60.0,Not Applicable,Not Applicable,No,Not Applicable,233,Credit Card,15,3.8,4.1
2024-07-09 22:08:00,CNR9258158940,Success,CID891667,Auto,JP Nagar,Shantinagar,140.0,40.0,Not Applicable,Not Applicable,No,Not Applicable,993,Cash,4,4.1,3.7
2024-07-05 13:11:00,CNR6698622593,Driver Not Found,CID925384,Mini,Indiranagar,Yelahanka,,,Not Applicable,Not Applicable,Not Applicable,Not Applicable,439,Not Applicable,0,,
2024-07-08 15:14:00,CNR5360465170,Success,CID977460,Prime SUV,Electronic City,Hennur,119.0,115.0,Not Applicable,Not Applicable,No,Not Applicable,294,Cash,24,5.0,4.1
2024-07-23 00:24:00,CNR6496153164,Success,CID456461,Mini,Sahakar Nagar,Bellandur,147.0,140.0,Not Applicable,Not Applicable,No,Not Applicable,195,Cash,16,4.5,3.4
2024-07-26 13:28:00,CNR8324284770,Success,CID887096,Prime Plus,Kadugodi,BTM Layout,77.0,120.0,Not Applicable,Not Applicable,No,Not Applicable,224,Cash,24,3.4,3.6
2024-07-16 11:31:00,CNR3322440468,Success,CID370164,Auto,Majestic,Padmanabhanagar,189.0,55.0,Not Applicable,Not Applicable,No,Not Applicable,272,UPI,10,3.6,4.8
2024-07-17 02:36:00,CNR4161567175,Success,CID475573,eBike,BTM Layout,MG Road,168.0,85.0,Not Applicable,Not Applicable,No,Not Applicable,412,Cash,37,3.4,3.4
2024-07-23 22:46:00,CNR8031503370,Success,CID767676,Mini,Vijayanagar,Majestic,273.0,135.0,Not Applicable,Not Applicable,No,Not Applicable,2497,UPI,11,4.5,4.8
2024-07-30 11:05:00,CNR8066314401,Success,CID673565,eBike,Ulsoor,MG Road,210.0,35.0,Not Applicable,Not Applicable,No,Not Applicable,153,Cash,2,4.1,4.9
2024-07-10 02:07:00,CNR1837446703,Success,CID387804,Mini,Ulsoor,Kengeri,168.0,75.0,Not Applicable,Not Applicable,No,Not Applicable,147,Cash,17,3.4,4.5
2024-07-16 11:04:00,CNR7175572846,Canceled by Customer,CID434891,Mini,Yelahanka,Sarjapur Road,,,Change of plans,Not Applicable,Not Applicable,Not Applicable,169,Not Applicable,0,,
2024-07-10 14:03:00,CNR2076125441,Success,CID166799,Auto,Sahakar Nagar,Chickpet,105.0,100.0,Not Applicable,Not Applicable,No,Not Applicable,484,Cash,14,4.4,4.0
2024-07-29 11:54:00,CNR3385825789,Success,CID535732,Prime Sedan,MG Road,Marathahalli,189.0,105.0,Not Applicable,Not Applicable,Yes,Customer Demand,450,Credit Card,28,3.8,4.5
2024-07-03 20:13:00,CNR4774024571,Success,CID528494,Mini,Electronic City,Varthur,189.0,105.0,Not Applicable,Not Applicable,No,Not Applicable,613,Cash,12,4.0,4.0
2024-07-03 12:14:00,CNR3220927843,Driver Not Found,CID859765,Auto,Frazer Town,Electronic City,,,Not Applicable,Not Applicable,Not Applicable,Not Applicable,2919,Not Applicable,0,,
2024-07-22 16:28:00,CNR6612792554,Success,CID604516,Prime Plus,Koramangala,Peenya,77.0,45.0,Not Applicable,Not Applicable,Yes,Customer Demand,390,Cash,26,3.6,4.9
2024-07-26 14:33:00,CNR4865887622,Success,CID484456,Prime SUV,Indiranagar,Chickpet,294.0,130.0,Not Applicable,Not Applicable,No,Not Applicable,390,Cash,44,5.0,4.2
2024-07-16 22:43:00,CNR5249261856,Success,CID787099,Bike,Kammanahalli,Vijayanagar,168.0,145.0,Not Applicable,Not Applicable,No,Not Applicable,391,Cash,24,3.1,3.6
2024-07-30 23:52:00,CNR6775570702,Success,CID236100,Prime Plus,RT Nagar,Bellandur,119.0,140.0,Not Applicable,Not Applicable,No,Not Applicable,968,Cash,25,3.5,3.5
2024-07-09 04:13:00,CNR7012982689,Driver Not Found,CID142595,eBike,Mysore Road,Yelahanka,,,Not Applicable,Not Applicable,Not Applicable,Not Applicable,210,Not Applicable,0,,
2024-07-20 03:52:00,CNR5844884919,Canceled by Customer,CID511442,Prime Sedan,Kadugodi,HSR Layout,,,Driver is not moving towards pickup location,Not Applicable,Not Applicable,Not Applicable,360,Not Applicable,0,,
2024-07-25 23:47:00,CNR8631316239,Success,CID555159,Prime Plus,Tumkur Road,Electronic City,56.0,115.0,Not Applicable,Not Applicable,No,Not Applicable,352,Credit Card,29,4.7,3.5
2024-07-13 02:01:00,CNR3348645638,Success,CID557959,eBike,Indiranagar,Basavanagudi,294.0,40.0,Not Applicable,Not Applicable,No,Not Applicable,401,UPI,16,3.5,4.9
2024-07-29 02:01:00,CNR5243631913,Success,CID791092,Prime Sedan,Padmanabhanagar,Hebbal,70.0,135.0,Not Applicable,Not Applicable,No,Not Applicable,189,Cash,4,4.2,4.9
2024-07-22 23:25:00,CNR9712199469,Success,CID793428,Prime Sedan,Kengeri,Majestic,168.0,120.0,Not Applicable,Not Applicable,No,Not Applicable,328,Cash,24,3.5,3.3
2024-07-29 19:15:00,CNR8842869657,Success,CID429108,Prime Sedan,Bellandur,Shivajinagar,70.0,115.0,Not Applicable,Not Applicable,No,Not Applicable,376,Cash,21,4.8,4.4
2024-07-15 02:01:00,CNR7022266107,Success,CID668604,eBike,Cox Town,Hulimavu,42.0,120.0,Not Applicable,Not Applicable,No,Not Applicable,868,UPI,31,4.6,4.3
2024-07-15 18:52:00,CNR7143530262,Success,CID612110,Mini,Marathahalli,Langford Town,259.0,45.0,Not Applicable,Not Applicable,No,Not Applicable,1956,Cash,9,3.5,4.4
2024-07-16 00:28:00,CNR6649511105,Driver Not Found,CID704693,Prime Sedan,Chickpet,Bellandur,,,Not Applicable,Not Applicable,Not Applicable,Not Applicable,512,Not Applicable,0,,
2024-07-02 09:43:00,CNR4677542348,Success,CID581839,Prime Plus,Devanahalli,Rajarajeshwari Nagar,35.0,85.0,Not Applicable,Not Applicable,No,Not Applicable,991,Cash,12,4.0,4.9
2024-07-30 15:09:00,CNR6406833280,Canceled by Customer,CID147408,Prime SUV,Richmond Town,JP Nagar,,,Driver asked to cancel,Not Applicable,Not Applicable,Not Applicable,134,Not Applicable,0,,
2024-07-05 20:26:00,CNR5010000317,Success,CID562184,Prime SUV,Magadi Road,Indiranagar,217.0,55.0,Not Applicable,Not Applicable,No,Not Applicable,159,UPI,29,3.7,5.0
2024-07-21 02:39:00,CNR3029017202,Canceled by Customer,CID629225,Bike,Peenya,Langford Town,,,AC is Not working,Not Applicable,Not Applicable,Not Applicable,220,Not Applicable,0,,
2024-07-17 11:50:00,CNR1895040428,Success,CID982776,eBike,RT Nagar,Kengeri,210.0,145.0,Not Applicable,Not Applicable,No,Not Applicable,590,UPI,48,3.8,3.2
2024-07-02 23:14:00,CNR6152829080,Canceled by Driver,CID944804,eBike,Kengeri,Bellandur,,,Not Applicable,Customer related issue,Not Applicable,Not Applicable,404,Not Applicable,0,,
2024-07-15 08:26:00,CNR2263713306,Success,CID593345,Bike,Yeshwanthpur,Sarjapur Road,182.0,40.0,Not Applicable,Not Applicable,No,Not Applicable,391,Cash,49,5.0,3.3
2024-07-24 03:27:00,CNR9024225881,Success,CID633534,Prime Sedan,RT Nagar,Hennur,294.0,145.0,Not Applicable,Not Applicable,Yes,Customer Demand,303,UPI,33,4.9,4.3
2024-07-17 13:50:00,CNR6606424574,Success,CID461941,Bike,Sahakar Nagar,Tumkur Road,210.0,60.0,Not Applicable,Not Applicable,No,Not Applicable,846,Cash,17,3.7,3.3
2024-07-11 17:49:00,CNR4198116408,Canceled by Customer,CID843464,Prime SUV,Banashankari,Banashankari,,,Driver asked to cancel,Not Applicable,Not Applicable,Not Applicable,541,Not Applicable,0,,
2024-07-15 17:06:00,CNR1730871994,Canceled by Driver,CID418425,Mini,MG Road,Majestic,,,Not Applicable,Personal & Car related issue,Not Applicable,Not Applicable,225,Not Applicable,0,,
2024-07-04 21:41:00,CNR5119937571,Success,CID719431,Auto,Kammanahalli,Langford Town,203.0,70.0,Not Applicable,Not Applicable,No,Not Applicable,417,Cash,2,3.7,3.3
2024-07-16 14:06:00,CNR2546757232,Driver Not Found,CID847161,Prime Plus,RT Nagar,Padmanabhanagar,,,Not Applicable,Not Applicable,Not Applicable,Not Applicable,1817,Not Applicable,0,,
2024-07-27 18:38:00,CNR6123423435,Success,CID808389,Mini,Kengeri,RT Nagar,154.0,95.0,Not Applicable,Not Applicable,No,Not Applicable,239,UPI,16,3.3,3.8
2024-07-20 22:41:00,CNR8139954566,Canceled by Customer,CID964905,eBike,Whitefield,Shivajinagar,,,Driver asked to cancel,Not Applicable,Not Applicable,Not Applicable,190,Not Applicable,0,,
2024-07-04 20:05:00,CNR9512441152,Success,CID973052,Prime SUV,Ramamurthy Nagar,HSR Layout,35.0,135.0,Not Applicable,Not Applicable,No,Not Applicable,158,Cash,30,5.0,4.8
2024-07-08 00:39:00,CNR4911579405,Canceled by Driver,CID161989,Auto,Banashankari,Frazer Town,,,Not Applicable,Customer related issue,Not Applicable,Not Applicable,1257,Not Applicable,0,,
2024-07-25 10:09:00,CNR8823718659,Canceled by Driver,CID151112,Prime SUV,Jayanagar,Marathahalli,,,Not Applicable,Personal & Car related issue,Not Applicable,Not Applicable,334,Not Applicable,0,,
2024-07-11 01:26:00,CNR2451262498,Canceled by Customer,CID310677,Prime Plus,Kammanahalli,Hebbal,,,Driver is not moving towards pickup location,Not Applicable,Not Applicable,Not Applicable,179,Not Applicable,0,,
2024-07-30 09:27:00,CNR5298394732,Success,CID239374,Prime Sedan,Vijayanagar,Hebbal,301.0,105.0,Not Applicable,Not Applicable,No,Not Applicable,491,Cash,26,3.1,3.6
2024-07-13 03:00:00,CNR4998331773,Canceled by Customer,CID345141,Bike,Bellandur,RT Nagar,,,Driver is not moving towards pickup location,Not Applicable,Not Applicable,Not Applicable,446,Not Applicable,0,,
2024-07-19 14:04:00,CNR6068371575,Driver Not Found,CID840177,Mini,Sarjapur Road,Malleshwaram,,,Not Applicable,Not Applicable,Not Applicable,Not Applicable,290,Not Applicable,0,,
2024-07-30 17:55:00,CNR1750196826,Success,CID738049,Prime SUV,Jayanagar,Ramamurthy Nagar,168.0,95.0,Not Applicable,Not Applicable,No,Not Applicable,111,UPI,3,4.8,3.0
2024-07-22 18:16:00,CNR5807871399,Success,CID790605,Auto,Bannerghatta Road,Banashankari,168.0,90.0,Not Applicable,Not Applicable,No,Not Applicable,222,UPI,18,4.4,4.1
2024-07-16 11:01:00,CNR1231819173,Success,CID210158,Prime SUV,Kammanahalli,Nagarbhavi,259.0,115.0,Not Applicable,Not Applicable,No,Not Applicable,101,UPI,18,4.6,3.7
2024-07-29 06:02:00,CNR8929070019,Success,CID151736,Bike,Richmond Town,MG Road,266.0,145.0,Not Applicable,Not Applicable,No,Not Applicable,474,Cash,42,4.6,4.5
2024-07-04 05:46:00,CNR3851651381,Success,CID333553,Prime SUV,Ramamurthy Nagar,Ulsoor,140.0,100.0,Not Applicable,Not Applicable,No,Not Applicable,483,Cash,16,4.4,3.5
2024-07-20 18:47:00,CNR1993170441,Canceled by Driver,CID633342,Bike,Bannerghatta Road,Shivajinagar,,,Not Applicable,Personal & Car related issue,Not Applicable,Not Applicable,108,Not Applicable,0,,
2024-07-24 22:16:00,CNR3609143973,Canceled by Driver,CID380383,Prime Plus,Chamarajpet,Kammanahalli,,,Not Applicable,Customer related issue,Not Applicable,Not Applicable,146,Not Applicable,0,,
2024-07-30 19:17:00,CNR6193403609,Success,CID540361,Mini,Hebbal,Shivajinagar,168.0,120.0,Not Applicable,Not Applicable,No,Not Applicable,1226,UPI,42,3.1,4.3
2024-07-17 09:49:00,CNR1600249055,Canceled by Driver,CID324523,Prime SUV,Varthur,Indiranagar,,,Not Applicable,Customer related issue,Not Applicable,Not Applicable,194,Not Applicable,0,,
2024-07-29 14:34:00,CNR8726746326,Success,CID241783,Auto,Mysore Road,RT Nagar,119.0,65.0,Not Applicable,Not Applicable,No,Not Applicable,212,UPI,18,3.1,3.2
2024-07-19 20:34:00,CNR9131911330,Success,CID454259,Mini,JP Nagar,Basavanagudi,42.0,120.0,Not Applicable,Not Applicable,No,Not Applicable,772,Cash,39,3.8,4.5
2024-07-19 06:54:00,CNR4006296681,Driver Not Found,CID750983,Auto,RT Nagar,Cox Town,,,Not Applicable,Not Applicable,Not Applicable,Not Applicable,350,Not Applicable,0,,
2024-07-04 10:05:00,CNR4880408210,Canceled by Customer,CID465510,Prime Plus,Frazer Town,Yeshwanthpur,,,Change of plans,Not Applicable,Not Applicable,Not Applicable,487,Not Applicable,0,,
2024-07-24 06:47:00,CNR8599997985,Canceled by Driver,CID992501,Prime Plus,Basavanagudi,Ulsoor,,,Not Applicable,More than permitted people in there,Not Applicable,Not Applicable,128,Not Applicable,0,,
2024-07-04 13:49:00,CNR3756078329,Success,CID705059,Prime Plus,Koramangala,Mysore Road,210.0,75.0,Not Applicable,Not Applicable,No,Not Applicable,407,UPI,26,3.1,4.9
2024-07-04 23:20:00,CNR4248622677,Canceled by Customer,CID451869,Prime Sedan,Jayanagar,Malleshwaram,,,Change of plans,Not Applicable,Not Applicable,Not Applicable,139,Not Applicable,0,,
2024-07-27 03:33:00,CNR8465414818,Canceled by Driver,CID957389,Prime SUV,Rajarajeshwari Nagar,BTM Layout,,,Not Applicable,Customer was coughing/sick,Not Applicable,Not Applicable,360,Not Applicable,0,,
2024-07-29 16:46:00,CNR1694641618,Driver Not Found,CID326783,Prime Plus,Jayanagar,Hennur,,,Not Applicable,Not Applicable,Not Applicable,Not Applicable,231,Not Applicable,0,,
2024-07-09 05:32:00,CNR4637747114,Success,CID992160,Prime Plus,Yeshwanthpur,Yelahanka,140.0,60.0,Not Applicable,Not Applicable,No,Not Applicable,106,Cash,11,3.3,5.0
2024-07-23 08:54:00,CNR7520671306,Success,CID210783,Bike,Jayanagar,Banashankari,105.0,50.0,Not Applicable,Not Applicable,No,Not Applicable,407,UPI,18,4.1,4.0
2024-07-30 15:07:00,CNR8110451494,Driver Not Found,CID686497,Prime Sedan,Shantinagar,Magadi Road,,,Not Applicable,Not Applicable,Not Applicable,Not Applicable,994,Not Applicable,0,,
2024-07-08 14:47:00,CNR6072722574,Canceled by Driver,CID969292,eBike,Ulsoor,Majestic,,,Not Applicable,Customer related issue,Not Applicable,Not Applicable,195,Not Applicable,0,,
2024-07-27 06:19:00,CNR4522922246,Success,CID404058,Prime SUV,Padmanabhanagar,Bellandur,203.0,40.0,Not Applicable,Not Applicable,No,Not Applicable,720,Cash,14,4.5,3.2
2024-07-20 22:47:00,CNR2741257164,Success,CID347492,Bike,Basavanagudi,Devanahalli,224.0,25.0,Not Applicable,Not Applicable,No,Not Applicable,649,Cash,14,4.7,4.6
2024-07-18 23:02:00,CNR5411285085,Success,CID591818,eBike,RT Nagar,Peenya,287.0,35.0,Not Applicable,Not Applicable,No,Not Applicable,465,Cash,18,3.2,3.1
2024-07-04 12:26:00,CNR1948518452,Success,CID430118,Prime Plus,Mysore Road,Sarjapur Road,70.0,35.0,Not Applicable,Not Applicable,No,Not Applicable,352,Cash,47,3.5,5.0
2024-07-20 15:01:00,CNR8801942910,Canceled by Driver,CID806521,Auto,Kadugodi,Chamarajpet,,,Not Applicable,Customer related issue,Not Applicable,Not Applicable,950,Not Applicable,0,,
2024-07-05 15:54:00,CNR4591312268,Success,CID429465,Bike,Malleshwaram,Mysore Road,168.0,45.0,Not Applicable,Not Applicable,No,Not Applicable,447,UPI,46,4.7,4.3
2024-07-01 11:52:00,CNR8142684280,Driver Not Found,CID898870,eBike,RT Nagar,Chickpet,,,Not Applicable,Not Applicable,Not Applicable,Not Applicable,115,Not Applicable,0,,
2024-07-12 23:53:00,CNR9612281383,Success,CID298500,Mini,Richmond Town,Rajajinagar,147.0,60.0,Not Applicable,Not Applicable,No,Not Applicable,605,UPI,6,3.9,4.2
2024-07-16 21:32:00,CNR5361716728,Success,CID966974,Auto,Yelahanka,Hosur Road,140.0,110.0,Not Applicable,Not Applicable,Yes,Customer Demand,494,Cash,15,3.8,4.5
2024-07-12 14:27:00,CNR9358680733,Success,CID533941,Prime Sedan,Sahakar Nagar,Kammanahalli,70.0,85.0,Not Applicable,Not Applicable,No,Not Applicable,238,Credit Card,48,3.5,3.6
2024-07-10 19:20:00,CNR1461428057,Canceled by Driver,CID980304,Prime Plus,Yeshwanthpur,Shantinagar,,,Not Applicable,Personal & Car related issue,Not Applicable,Not Applicable,338,Not Applicable,0,,
2024-07-03 04:41:00,CNR4346167146,Success,CID917248,eBike,Bellandur,Electronic City,175.0,80.0,Not Applicable,Not Applicable,No,Not Applicable,337,UPI,15,4.4,4.7
2024-07-02 23:12:00,CNR4565377592,Success,CID134010,Mini,Kammanahalli,Indiranagar,217.0,115.0,Not Applicable,Not Applicable,No,Not Applicable,414,UPI,4,4.0,3.8
2024-07-12 10:14:00,CNR5394327723,Driver Not Found,CID135064,eBike,Koramangala,HSR Layout,,,Not Applicable,Not Applicable,Not Applicable,Not Applicable,386,Not Applicable,0,,
2024-07-25 20:10:00,CNR3351814951,Success,CID357321,Prime Sedan,Mysore Road,Hebbal,168.0,110.0,Not Applicable,Not Applicable,No,Not Applicable,497,Cash,46,3.8,4.9
2024-07-27 01:49:00,CNR2994745714,Success,CID460145,Auto,Koramangala,HSR Layout,189.0,30.0,Not Applicable,Not Applicable,No,Not Applicable,348,UPI,18,3.8,4.0
2024-07-07 08:01:00,CNR7549081148,Driver Not Found,CID569114,Prime SUV,Tumkur Road,Kengeri,,,Not Applicable,Not Applicable,Not Applicable,Not Applicable,431,Not Applicable,0,,
2024-07-01 04:09:00,CNR7617615904,Success,CID942492,eBike,Shantinagar,Basavanagudi,301.0,105.0,Not Applicable,Not Applicable,No,Not Applicable,936,Cash,36,4.5,4.3
2024-07-19 09:39:00,CNR5668454195,Driver Not Found,CID191673,Bike,RT Nagar,Whitefield,,,Not Applicable,Not Applicable,Not Applicable,Not Applicable,929,Not Applicable,0,,
2024-07-22 20:45:00,CNR8263401669,Success,CID718246,Prime Sedan,Yeshwanthpur,Chamarajpet,49.0,95.0,Not Applicable,Not Applicable,No,Not Applicable,347,UPI,14,4.9,3.8
2024-07-22 21:12:00,CNR4350871080,Success,CID617857,Prime Sedan,Nagarbhavi,Hebbal,49.0,65.0,Not Applicable,Not Applicable,No,Not Applicable,477,Cash,31,3.8,4.6
2024-07-08 09:05:00,CNR1603274633,Success,CID627570,Prime SUV,Chickpet,Hulimavu,161.0,75.0,Not Applicable,Not Applicable,No,Not Applicable,327,Cash,44,3.2,3.4
2024-07-30 20:23:00,CNR2942633524,Success,CID433271,eBike,Shantinagar,MG Road,287.0,145.0,Not Applicable,Not Applicable,No,Not Applicable,120,Cash,14,4.5,3.3
2024-07-27 04:15:00,CNR7299685532,Success,CID604653,Bike,Malleshwaram,Hosur Road,98.0,35.0,Not Applicable,Not Applicable,No,Not Applicable,598,Cash,40,4.0,3.9
2024-07-04 12:46:00,CNR6015567009,Success,CID752244,Prime Sedan,Jayanagar,Majestic,217.0,75.0,Not Applicable,Not Applicable,Yes,Customer Demand,111,UPI,30,3.3,3.8
2024-07-22 06:52:00,CNR9427763512,Canceled by Customer,CID910841,Prime Sedan,Electronic City,Peenya,,,Change of plans,Not Applicable,Not Applicable,Not Applicable,199,Not Applicable,0,,
2024-07-18 11:10:00,CNR2050025962,Canceled by Driver,CID580485,Prime Sedan,Langford Town,Shivajinagar,,,Not Applicable,Personal & Car related issue,Not Applicable,Not Applicable,948,Not Applicable,0,,
2024-07-16 13:38:00,CNR7513597169,Success,CID254070,Mini,Ramamurthy Nagar,Padmanabhanagar,273.0,30.0,Not Applicable,Not Applicable,No,Not Applicable,352,UPI,43,4.3,3.9
2024-07-30 05:49:00,CNR3296422890,Success,CID356450,Bike,Koramangala,Koramangala,77.0,85.0,Not Applicable,Not Applicable,No,Not Applicable,434,Cash,37,4.6,3.8
2024-07-16 15:29:00,CNR1935621326,Success,CID612009,Prime Plus,Sarjapur Road,MG Road,217.0,100.0,Not Applicable,Not Applicable,No,Not Applicable,185,Cash,2,4.2,3.7
2024-07-08 02:53:00,CNR9710832298,Success,CID862577,Prime SUV,Whitefield,JP Nagar,203.0,35.0,Not Applicable,Not Applicable,Yes,Customer Demand,226,Cash,47,4.7,4.6
2024-07-04 09:48:00,CNR8806880902,Canceled by Driver,CID476967,Prime Sedan,Chamarajpet,Hosur Road,,,Not Applicable,More than permitted people in there,Not Applicable,Not Applicable,467,Not Applicable,0,,
2024-07-16 02:22:00,CNR1064172651,Success,CID147499,Prime SUV,Cox Town,Devanahalli,35.0,35.0,Not Applicable,Not Applicable,No,Not Applicable,171,Cash,31,3.8,4.4
2024-07-22 09:38:00,CNR6020746585,Success,CID631265,Auto,Sarjapur Road,Koramangala,273.0,135.0,Not Applicable,Not Applicable,No,Not Applicable,116,UPI,9,3.8,4.9
2024-07-20 17:14:00,CNR8687992948,Success,CID471889,Prime Plus,Cox Town,JP Nagar,189.0,85.0,Not Applicable,Not Applicable,No,Not Applicable,363,Cash,34,3.4,4.8
2024-07-11 17:28:00,CNR4726496964,Success,CID122476,Mini,Vijayanagar,Richmond Town,35.0,120.0,Not Applicable,Not Applicable,No,Not Applicable,199,UPI,49,4.8,4.5
2024-07-11 12:15:00,CNR7896517463,Success,CID214464,Mini,Shivajinagar,Shivajinagar,42.0,135.0,Not Applicable,Not Applicable,No,Not Applicable,112,Cash,49,3.8,4.3
2024-07-06 21:18:00,CNR8119879895,Canceled by Driver,CID777525,Prime Plus,Yelahanka,Yeshwanthpur,,,Not Applicable,More than permitted people in there,Not Applicable,Not Applicable,712,Not Applicable,0,,
2024-07-13 09:49:00,CNR9668539369,Driver Not Found,CID709380,Prime SUV,Ulsoor,Kengeri,,,Not Applicable,Not Applicable,Not Applicable,Not Applicable,449,Not Applicable,0,,
2024-07-12 10:19:00,CNR5328811486,Success,CID115971,Auto,Shivajinagar,HSR Layout,91.0,105.0,Not Applicable,Not Applicable,No,Not Applicable,137,UPI,14,3.7,3.2
2024-07-14 21:44:00,CNR8956539638,Success,CID445698,Bike,Hulimavu,HSR Layout,63.0,30.0,Not Applicable,Not Applicable,Yes,Other Issue,446,UPI,40,4.4,3.9
2024-07-24 16:25:00,CNR9485363376,Driver Not Found,CID473477,Mini,Magadi Road,Shivajinagar,,,Not Applicable,Not Applicable,Not Applicable,Not Applicable,212,Not Applicable,0,,
2024-07-03 09:23:00,CNR6037280605,Success,CID506771,Prime Plus,Chickpet,Varthur,56.0,70.0,Not Applicable,Not Applicable,No,Not Applicable,226,Cash,15,3.8,4.8
2024-07-10 16:21:00,CNR7934314257,Success,CID323535,Prime SUV,Yeshwanthpur,Koramangala,217.0,30.0,Not Applicable,Not Applicable,No,Not Applicable,119,Cash,2,4.0,4.9
2024-07-18 04:06:00,CNR6334844852,Success,CID929284,Prime Sedan,Rajarajeshwari Nagar,Cox Town,133.0,100.0,Not Applicable,Not Applicable,No,Not Applicable,984,UPI,48,4.7,4.8
2024-07-04 12:19:00,CNR1897030220,Success,CID839597,Auto,Electronic City,Chickpet,91.0,55.0,Not Applicable,Not Applicable,Yes,Customer Demand,2546,Cash,2,3.3,4.4
2024-07-17 04:59:00,CNR8240954441,Success,CID435502,Bike,Mysore Road,Marathahalli,301.0,85.0,Not Applicable,Not Applicable,No,Not Applicable,484,Cash,4,3.0,4.1
2024-07-06 14:28:00,CNR5619356524,Driver Not Found,CID224186,Prime Sedan,Marathahalli,BTM Layout,,,Not Applicable,Not Applicable,Not Applicable,Not Applicable,900,Not Applicable,0,,
2024-07-14 15:14:00,CNR1488952884,Success,CID986171,Mini,Indiranagar,Rajarajeshwari Nagar,196.0,110.0,Not Applicable,Not Applicable,Yes,Customer Demand,458,Cash,7,4.8,3.2
2024-07-04 19:12:00,CNR7445633180,Success,CID992196,eBike,Cox Town,Peenya,231.0,120.0,Not Applicable,Not Applicable,No,Not Applicable,117,Cash,16,4.1,4.3
2024-07-25 05:48:00,CNR2669171269,Success,CID853516,Mini,Magadi Road,Shivajinagar,217.0,95.0,Not Applicable,Not Applicable,No,Not Applicable,426,Cash,28,4.7,3.9
2024-07-28 22:51:00,CNR3459535175,Canceled by Customer,CID664815,Bike,Basavanagudi,MG Road,,,Driver is not moving towards pickup location,Not Applicable,Not Applicable,Not Applicable,606,Not Applicable,0,,
2024-07-23 09:42:00,CNR4939630555,Success,CID298935,Prime Sedan,Majestic,MG Road,196.0,85.0,Not Applicable,Not Applicable,No,Not Applicable,1103,UPI,11,4.4,4.1
2024-07-21 12:22:00,CNR5821060401,Success,CID787949,Auto,HSR Layout,Yelahanka,91.0,75.0,Not Applicable,Not Applicable,No,Not Applicable,208,Cash,12,4.3,3.9
2024-07-12 07:29:00,CNR9804426644,Canceled by Customer,CID694896,Bike,Basavanagudi,Rajarajeshwari Nagar,,,Wrong Address,Not Applicable,Not Applicable,Not Applicable,853,Not Applicable,0,,
2024-07-06 20:55:00,CNR6205238318,Canceled by Driver,CID382649,Bike,Yeshwanthpur,Padmanabhanagar,,,Not Applicable,Customer was coughing/sick,Not Applicable,Not Applicable,846,Not Applicable,0,,
2024-07-19 12:07:00,CNR3805866397,Success,CID392742,eBike,Yeshwanthpur,Yeshwanthpur,217.0,55.0,Not Applicable,Not Applicable,No,Not Applicable,494,Cash,34,4.8,4.4
2024-07-18 04:06:00,CNR3381212627,Success,CID941789,eBike,Ramamurthy Nagar,Yeshwanthpur,294.0,45.0,Not Applicable,Not Applicable,No,Not Applicable,234,Cash,48,4.0,4.0
2024-07-21 18:30:00,CNR2894677114,Success,CID167816,eBike,Sahakar Nagar,Devanahalli,70.0,45.0,Not Applicable,Not Applicable,No,Not Applicable,103,UPI,4,4.6,4.7
2024-07-11 06:00:00,CNR2977940427,Canceled by Customer,CID513185,Bike,Yelahanka,Hennur,,,Driver asked to cancel,Not Applicable,Not Applicable,Not Applicable,2522,Not Applicable,0,,
2024-07-19 17:52:00,CNR1716235477,Canceled by Customer,CID477515,Prime Sedan,Bellandur,Malleshwaram,,,Change of plans,Not Applicable,Not Applicable,Not Applicable,128,Not Applicable,0,,
2024-07-29 23:14:00,CNR4659437319,Success,CID722863,Prime SUV,Langford Town,Sahakar Nagar,294.0,135.0,Not Applicable,Not Applicable,No,Not Applicable,295,Cash,41,4.5,3.5
2024-07-17 10:02:00,CNR5961487050,Success,CID404893,Prime Plus,Hennur,Langford Town,245.0,35.0,Not Applicable,Not Applicable,No,Not Applicable,626,Cash,25,3.8,3.6
2024-07-15 12:34:00,CNR3137181642,Success,CID197630,Auto,Koramangala,Varthur,112.0,30.0,Not Applicable,Not Applicable,No,Not Applicable,627,Cash,15,4.3,4.8
2024-07-18 01:33:00,CNR9464552747,Success,CID830304,Prime SUV,Hebbal,Ulsoor,168.0,90.0,Not Applicable,Not Applicable,No,Not Applicable,369,UPI,21,4.6,4.3
2024-07-28 03:04:00,CNR4284620975,Canceled by Driver,CID638092,Bike,Kadugodi,Malleshwaram,,,Not Applicable,Personal & Car related issue,Not Applicable,Not Applicable,144,Not Applicable,0,,
2024-07-29 21:04:00,CNR4793723885,Success,CID842870,Prime SUV,Rajarajeshwari Nagar,Kadugodi,266.0,110.0,Not Applicable,Not Applicable,No,Not Applicable,293,Cash,28,3.2,3.3
2024-07-25 13:50:00,CNR3959564071,Success,CID676987,eBike,Yelahanka,Vijayanagar,63.0,65.0,Not Applicable,Not Applicable,Yes,Other Issue,404,Cash,20,3.7,4.9
2024-07-18 18:58:00,CNR1182702683,Success,CID921077,Prime Sedan,Marathahalli,RT Nagar,126.0,25.0,Not Applicable,Not Applicable,No,Not Applicable,157,Cash,43,3.8,3.0
2024-07-24 11:58:00,CNR8066937693,Success,CID627380,Prime Plus,Malleshwaram,Peenya,133.0,125.0,Not Applicable,Not Applicable,No,Not Applicable,369,UPI,30,4.0,4.0
2024-07-17 07:40:00,CNR5156337557,Success,CID192513,Prime Sedan,KR Puram,Shantinagar,49.0,90.0,Not Applicable,Not Applicable,No,Not Applicable,258,Cash,28,3.2,4.9
2024-07-08 08:17:00,CNR1392963688,Success,CID901390,eBike,Ramamurthy Nagar,Ramamurthy Nagar,147.0,105.0,Not Applicable,Not Applicable,No,Not Applicable,186,Cash,35,4.7,4.0
2024-07-23 17:37:00,CNR6805366540,Success,CID488052,Auto,Bannerghatta Road,Koramangala,301.0,65.0,Not Applicable,Not Applicable,No,Not Applicable,284,UPI,4,3.3,3.6
2024-07-06 23:54:00,CNR2822758689,Driver Not Found,CID570091,Prime SUV,MG Road,Shantinagar,,,Not Applicable,Not Applicable,Not Applicable,Not Applicable,887,Not Applicable,0,,
2024-07-07 18:35:00,CNR8319312339,Canceled by Driver,CID251192,Bike,Cox Town,Magadi Road,,,Not Applicable,Personal & Car related issue,Not Applicable,Not Applicable,696,Not Applicable,0,,
2024-07-16 02:30:00,CNR9343404783,Canceled by Customer,CID316365,Auto,Devanahalli,Rajarajeshwari Nagar,,,Driver is not moving towards pickup location,Not Applicable,Not Applicable,Not Applicable,430,Not Applicable,0,,
2024-07-10 18:44:00,CNR8626498805,Success,CID120695,Prime Plus,Majestic,Tumkur Road,301.0,135.0,Not Applicable,Not Applicable,No,Not Applicable,167,Cash,40,5.0,4.5
2024-07-29 16:36:00,CNR3687362287,Success,CID128318,Prime Sedan,Bannerghatta Road,Hennur,210.0,30.0,Not Applicable,Not Applicable,Yes,Other Issue,109,Cash,17,3.2,4.2
2024-07-18 16:55:00,CNR7703593574,Driver Not Found,CID868433,eBike,Peenya,Banashankari,,,Not Applicable,Not Applicable,Not Applicable,Not Applicable,866,Not Applicable,0,,
2024-07-19 21:12:00,CNR1365749781,Success,CID578689,Prime Sedan,Peenya,Kengeri,273.0,90.0,Not Applicable,Not Applicable,No,Not Applicable,355,UPI,36,3.7,4.5
2024-07-03 12:19:00,CNR1561163711,Success,CID864475,Prime Sedan,Yeshwanthpur,Cox Town,231.0,85.0,Not Applicable,Not Applicable,No,Not Applicable,510,Cash,26,3.8,3.3
2024-07-07 05:07:00,CNR2432709012,Success,CID320604,Prime SUV,Hennur,Rajarajeshwari Nagar,196.0,35.0,Not Applicable,Not Applicable,No,Not Applicable,794,UPI,10,3.5,4.0
2024-07-13 04:02:00,CNR8108442309,Success,CID840206,Prime SUV,Shantinagar,Kadugodi,35.0,130.0,Not Applicable,Not Applicable,No,Not Applicable,288,Debit Card,6,4.1,4.5
2024-07-11 02:21:00,CNR8567873172,Canceled by Driver,CID944810,Prime Plus,Koramangala,Kammanahalli,,,Not Applicable,Customer related issue,Not Applicable,Not Applicable,410,Not Applicable,0,,
2024-07-25 23:55:00,CNR6643725769,Success,CID922555,Mini,KR Puram,Chamarajpet,70.0,130.0,Not Applicable,Not Applicable,No,Not Applicable,271,UPI,7,3.8,3.1
2024-07-20 17:23:00,CNR5696218378,Success,CID231868,Mini,Ulsoor,Tumkur Road,203.0,115.0,Not Applicable,Not Applicable,No,Not Applicable,112,UPI,14,4.9,3.6
2024-07-19 02:22:00,CNR9620357942,Success,CID208902,Prime SUV,Hennur,Frazer Town,98.0,130.0,Not Applicable,Not Applicable,No,Not Applicable,143,UPI,26,4.3,3.0
2024-07-02 20:34:00,CNR5436079775,Success,CID635219,Mini,Ulsoor,Whitefield,98.0,70.0,Not Applicable,Not Applicable,No,Not Applicable,138,Cash,28,4.2,3.9
2024-07-15 08:12:00,CNR3030146470,Success,CID768421,eBike,Electronic City,Yelahanka,112.0,115.0,Not Applicable,Not Applicable,No,Not Applicable,526,UPI,25,3.6,3.2
2024-07-05 18:00:00,CNR9708913860,Canceled by Driver,CID458707,Prime Plus,Banashankari,Frazer Town,,,Not Applicable,More than permitted people in there,Not Applicable,Not Applicable,300,Not Applicable,0,,
2024-07-19 11:39:00,CNR2239024033,Success,CID165993,Prime Plus,Indiranagar,Jayanagar,133.0,70.0,Not Applicable,Not Applicable,No,Not Applicable,144,UPI,14,3.3,3.5
2024-07-30 08:47:00,CNR2961403363,Canceled by Driver,CID582053,Prime Sedan,Bellandur,Marathahalli,,,Not Applicable,Personal & Car related issue,Not Applicable,Not Applicable,834,Not Applicable,0,,
2024-07-21 12:10:00,CNR2762760085,Success,CID923015,eBike,Chamarajpet,BTM Layout,210.0,80.0,Not Applicable,Not Applicable,No,Not Applicable,119,Cash,19,3.5,4.3
2024-07-16 11:04:00,CNR1076058952,Success,CID702697,Auto,Banashankari,Malleshwaram,196.0,145.0,Not Applicable,Not Applicable,No,Not Applicable,187,Cash,7,4.5,3.9
2024-07-19 23:52:00,CNR3731774768,Success,CID717688,Bike,Cox Town,HSR Layout,105.0,95.0,Not Applicable,Not Applicable,No,Not Applicable,208,UPI,32,4.1,3.8
2024-07-09 04:50:00,CNR5150611917,Success,CID881344,eBike,RT Nagar,Banashankari,210.0,45.0,Not Applicable,Not Applicable,No,Not Applicable,589,Cash,37,3.5,3.9
2024-07-30 22:47:00,CNR5154292549,Driver Not Found,CID274716,eBike,Magadi Road,Padmanabhanagar,,,Not Applicable,Not Applicable,Not Applicable,Not Applicable,1364,Not Applicable,0,,
2024-07-29 15:11:00,CNR9915871473,Canceled by Customer,CID871956,Mini,Chamarajpet,Kadugodi,,,Driver is not moving towards pickup location,Not Applicable,Not Applicable,Not Applicable,136,Not Applicable,0,,
2024-07-28 12:16:00,CNR7327583418,Success,CID933485,Mini,Sahakar Nagar,Shivajinagar,301.0,55.0,Not Applicable,Not Applicable,No,Not Applicable,2905,Cash,20,3.8,4.9
2024-07-09 03:36:00,CNR6725555424,Success,CID166491,Prime Plus,Chickpet,Rajajinagar,154.0,125.0,Not Applicable,Not Applicable,No,Not Applicable,557,Cash,22,3.6,3.8
2024-07-07 21:33:00,CNR9391749707,Canceled by Driver,CID771613,Prime Sedan,Langford Town,Sarjapur Road,,,Not Applicable,Customer was coughing/sick,Not Applicable,Not Applicable,317,Not Applicable,0,,
2024-07-29 23:11:00,CNR9732630979,Canceled by Driver,CID178470,Prime SUV,Banashankari,Indiranagar,,,Not Applicable,Personal & Car related issue,Not Applicable,Not Applicable,1607,Not Applicable,0,,
2024-07-19 18:44:00,CNR8494020028,Canceled by Driver,CID445312,Prime SUV,Rajajinagar,Chickpet,,,Not Applicable,Customer related issue,Not Applicable,Not Applicable,177,Not Applicable,0,,
2024-07-09 19:26:00,CNR6827408801,Canceled by Driver,CID629065,Prime Sedan,Chickpet,Basavanagudi,,,Not Applicable,Customer was coughing/sick,Not Applicable,Not Applicable,409,Not Applicable,0,,
2024-07-04 15:44:00,CNR5954545743,Success,CID746265,Mini,Basavanagudi,Frazer Town,266.0,40.0,Not Applicable,Not Applicable,Yes,Vehicle Breakdown,403,UPI,19,4.8,3.9
2024-07-09 05:37:00,CNR3821183106,Success,CID413736,Mini,Vijayanagar,Nagarbhavi,224.0,120.0,Not Applicable,Not Applicable,Yes,Customer Demand,188,UPI,5,3.9,4.4
2024-07-12 18:07:00,CNR5818815038,Canceled by Driver,CID549032,Mini,Cox Town,Bellandur,,,Not Applicable,More than permitted people in there,Not Applicable,Not Applicable,996,Not Applicable,0,,
2024-07-30 02:05:00,CNR5587184265,Success,CID204689,Mini,Chamarajpet,Jayanagar,42.0,130.0,Not Applicable,Not Applicable,No,Not Applicable,234,Cash,13,4.8,4.1
2024-07-15 14:34:00,CNR3638388620,Canceled by Customer,CID601628,eBike,Mysore Road,Yelahanka,,,AC is Not working,Not Applicable,Not Applicable,Not Applicable,494,Not Applicable,0,,
2024-07-30 23:40:00,CNR5820639757,Driver Not Found,CID723106,Prime SUV,Hulimavu,Peenya,,,Not Applicable,Not Applicable,Not Applicable,Not Applicable,325,Not Applicable,0,,
2024-07-24 06:42:00,CNR8529084747,Success,CID617053,Prime Sedan,Ramamurthy Nagar,Jayanagar,98.0,95.0,Not Applicable,Not Applicable,No,Not Applicable,442,Cash,42,3.5,4.9
2024-07-22 12:02:00,CNR7104515846,Canceled by Driver,CID327164,Prime Sedan,Hebbal,Jayanagar,,,Not Applicable,Customer was coughing/sick,Not Applicable,Not Applicable,287,Not Applicable,0,,
2024-07-22 19:12:00,CNR1278529381,Driver Not Found,CID873355,eBike,Hennur,JP Nagar,,,Not Applicable,Not Applicable,Not Applicable,Not Applicable,217,Not Applicable,0,,
2024-07-14 19:15:00,CNR2435704037,Success,CID797854,Auto,Chickpet,Frazer Town,35.0,65.0,Not Applicable,Not Applicable,No,Not Applicable,325,UPI,17,4.2,4.9
2024-07-25 06:26:00,CNR3377480898,Success,CID789891,Prime Sedan,KR Puram,Yeshwanthpur,196.0,40.0,Not Applicable,Not Applicable,No,Not Applicable,121,UPI,47,3.1,3.7
2024-07-29 23:52:00,CNR3180424442,Success,CID278007,eBike,MG Road,Hennur,147.0,80.0,Not Applicable,Not Applicable,No,Not Applicable,316,UPI,30,4.8,4.5
2024-07-23 03:56:00,CNR4491732334,Success,CID885071,Mini,Ulsoor,Bannerghatta Road,77.0,115.0,Not Applicable,Not Applicable,No,Not Applicable,172,Cash,40,3.5,3.8
2024-07-20 21:10:00,CNR9180455915,Driver Not Found,CID755279,Prime SUV,Hulimavu,Frazer Town,,,Not Applicable,Not Applicable,Not Applicable,Not Applicable,753,Not Applicable,0,,
2024-07-06 16:34:00,CNR8378201578,Driver Not Found,CID794080,Prime SUV,Marathahalli,Yelahanka,,,Not Applicable,Not Applicable,Not Applicable,Not Applicable,152,Not Applicable,0,,
2024-07-12 22:50:00,CNR1790390180,Driver Not Found,CID912689,eBike,Ramamurthy Nagar,Chickpet,,,Not Applicable,Not Applicable,Not Applicable,Not Applicable,662,Not Applicable,0,,
2024-07-16 14:34:00,CNR7970709725,Success,CID375963,Prime Sedan,Shantinagar,Varthur,224.0,55.0,Not Applicable,Not Applicable,Yes,Other Issue,361,Cash,37,3.9,4.7
2024-07-07 08:31:00,CNR2599312172,Success,CID370625,Auto,MG Road,Chickpet,245.0,45.0,Not Applicable,Not Applicable,Yes,Other Issue,950,Cash,12,3.5,4.2
2024-07-10 12:03:00,CNR7644677596,Canceled by Customer,CID312064,Prime Sedan,Hulimavu,Cox Town,,,Change of plans,Not Applicable,Not Applicable,Not Applicable,729,Not Applicable,0,,
2024-07-28 18:27:00,CNR5402413467,Success,CID822898,Bike,Shantinagar,RT Nagar,56.0,80.0,Not Applicable,Not Applicable,No,Not Applicable,171,UPI,33,3.3,4.8
2024-07-18 09:51:00,CNR5152255504,Success,CID338298,Prime SUV,KR Puram,JP Nagar,112.0,75.0,Not Applicable,Not Applicable,No,Not Applicable,2010,Cash,31,4.1,4.3
2024-07-07 03:14:00,CNR5753635293,Success,CID821158,Bike,Banashankari,Ulsoor,42.0,85.0,Not Applicable,Not Applicable,No,Not Applicable,298,UPI,22,3.4,4.3
2024-07-26 01:09:00,CNR2498515910,Success,CID137019,Bike,Vijayanagar,Shivajinagar,168.0,85.0,Not Applicable,Not Applicable,No,Not Applicable,171,Cash,44,4.5,4.8
2024-07-13 13:33:00,CNR3861561407,Canceled by Customer,CID342214,Prime SUV,Bannerghatta Road,Nagarbhavi,,,Wrong Address,Not Applicable,Not Applicable,Not Applicable,829,Not Applicable,0,,
2024-07-10 09:33:00,CNR8601083644,Driver Not Found,CID139794,Mini,Nagarbhavi,Tumkur Road,,,Not Applicable,Not Applicable,Not Applicable,Not Applicable,338,Not Applicable,0,,
2024-07-17 11:39:00,CNR8554479438,Driver Not Found,CID339414,Auto,Banashankari,Koramangala,,,Not Applicable,Not Applicable,Not Applicable,Not Applicable,596,Not Applicable,0,,
2024-07-01 20:45:00,CNR6108053782,Success,CID606967,Prime Plus,Nagarbhavi,Shantinagar,161.0,80.0,Not Applicable,Not Applicable,No,Not Applicable,899,Cash,38,3.7,4.4
2024-07-27 01:26:00,CNR8259736633,Success,CID841213,Prime Plus,Bellandur,Mysore Road,56.0,130.0,Not Applicable,Not Applicable,Yes,Other Issue,1859,Cash,29,4.8,3.9
2024-07-13 04:42:00,CNR5923671811,Driver Not Found,CID756685,Prime Plus,Tumkur Road,Tumkur Road,,,Not Applicable,Not Applicable,Not Applicable,Not Applicable,558,Not Applicable,0,,
2024-07-17 00:34:00,CNR8539384425,Canceled by Customer,CID873380,Auto,Koramangala,Hulimavu,,,Driver asked to cancel,Not Applicable,Not Applicable,Not Applicable,768,Not Applicable,0,,
2024-07-10 07:01:00,CNR5649418463,Success,CID200629,Prime Sedan,Hulimavu,Hebbal,210.0,30.0,Not Applicable,Not Applicable,No,Not Applicable,208,Cash,22,4.0,4.2
2024-07-17 13:31:00,CNR9450657696,Success,CID478790,Prime Plus,Ulsoor,Mysore Road,238.0,35.0,Not Applicable,Not Applicable,No,Not Applicable,1495,Cash,44,4.1,4.0
2024-07-06 21:48:00,CNR7921251752,Canceled by Customer,CID491550,eBike,Padmanabhanagar,Chamarajpet,,,Driver is not moving towards pickup location,Not Applicable,Not Applicable,Not Applicable,558,Not Applicable,0,,
2024-07-23 15:35:00,CNR8172662676,Success,CID941690,Bike,Electronic City,Mysore Road,259.0,95.0,Not Applicable,Not Applicable,No,Not Applicable,355,Cash,45,3.8,4.9
2024-07-20 11:24:00,CNR5539588052,Driver Not Found,CID795539,Auto,Yelahanka,Yelahanka,,,Not Applicable,Not Applicable,Not Applicable,Not Applicable,499,Not Applicable,0,,
2024-07-07 10:30:00,CNR2771767960,Driver Not Found,CID414607,eBike,Kammanahalli,Electronic City,,,Not Applicable,Not Applicable,Not Applicable,Not Applicable,124,Not Applicable,0,,
2024-07-15 13:43:00,CNR4930008765,Success,CID415537,Bike,Langford Town,Ulsoor,280.0,55.0,Not Applicable,Not Applicable,No,Not Applicable,2505,UPI,8,3.1,3.9
2024-07-13 08:22:00,CNR1348464710,Success,CID549793,Mini,Frazer Town,Chickpet,266.0,50.0,Not Applicable,Not Applicable,No,Not Applicable,495,Debit Card,9,4.6,4.9
2024-07-29 17:44:00,CNR5445209966,Success,CID257883,Mini,Tumkur Road,Hosur Road,203.0,70.0,Not Applicable,Not Applicable,No,Not Applicable,257,UPI,15,4.1,4.3
2024-07-21 10:23:00,CNR1302081599,Canceled by Driver,CID226686,Bike,Mysore Road,Kammanahalli,,,Not Applicable,Personal & Car related issue,Not Applicable,Not Applicable,216,Not Applicable,0,,
2024-07-22 22:44:00,CNR5617446939,Success,CID800832,Mini,Hennur,Chamarajpet,105.0,80.0,Not Applicable,Not Applicable,No,Not Applicable,634,Cash,40,3.8,3.8
2024-07-17 22:00:00,CNR6670747221,Canceled by Customer,CID827242,Bike,Vijayanagar,Chamarajpet,,,AC is Not working,Not Applicable,Not Applicable,Not Applicable,504,Not Applicable,0,,
2024-07-13 03:57:00,CNR7416230093,Success,CID511120,Prime SUV,Tumkur Road,Basavanagudi,84.0,120.0,Not Applicable,Not Applicable,No,Not Applicable,289,UPI,3,3.4,4.1
2024-07-06 01:56:00,CNR4488835634,Success,CID642205,eBike,Bellandur,Ulsoor,70.0,125.0,Not Applicable,Not Applicable,No,Not Applicable,320,Cash,4,4.1,4.1
2024-07-30 04:04:00,CNR8037387964,Success,CID189629,Mini,Tumkur Road,RT Nagar,77.0,75.0,Not Applicable,Not Applicable,No,Not Applicable,131,UPI,43,4.4,4.0
2024-07-12 14:39:00,CNR8907705907,Success,CID908433,Prime Plus,Bellandur,Malleshwaram,308.0,45.0,Not Applicable,Not Applicable,No,Not Applicable,491,UPI,25,4.6,3.1
2024-07-07 07:43:00,CNR5955891659,Success,CID418432,Mini,Banashankari,Shivajinagar,105.0,145.0,Not Applicable,Not Applicable,No,Not Applicable,138,Cash,16,3.3,3.3
2024-07-10 07:36:00,CNR8713341894,Success,CID618124,Prime Sedan,Padmanabhanagar,Shantinagar,70.0,80.0,Not Applicable,Not Applicable,No,Not Applicable,274,Cash,39,3.7,4.4
2024-07-30 02:29:00,CNR6522560610,Canceled by Driver,CID832533,Mini,Electronic City,Koramangala,,,Not Applicable,Customer was coughing/sick,Not Applicable,Not Applicable,106,Not Applicable,0,,
2024-07-24 05:09:00,CNR6224591963,Success,CID623298,Prime Plus,Ramamurthy Nagar,Kadugodi,112.0,80.0,Not Applicable,Not Applicable,No,Not Applicable,334,UPI,11,4.4,4.4
2024-07-07 14:46:00,CNR7695367681,Success,CID759405,Prime Plus,Devanahalli,Electronic City,245.0,105.0,Not Applicable,Not Applicable,No,Not Applicable,258,Cash,3,3.2,3.9
2024-07-25 21:51:00,CNR3940337680,Success,CID356305,Auto,Tumkur Road,Magadi Road,259.0,55.0,Not Applicable,Not Applicable,No,Not Applicable,271,Cash,17,4.1,4.6
2024-07-09 19:30:00,CNR5005417494,Canceled by Driver,CID489816,Auto,Cox Town,Kammanahalli,,,Not Applicable,Personal & Car related issue,Not Applicable,Not Applicable,349,Not Applicable,0,,
2024-07-23 02:24:00,CNR6461101542,Driver Not Found,CID370636,eBike,Magadi Road,Basavanagudi,,,Not Applicable,Not Applicable,Not Applicable,Not Applicable,273,Not Applicable,0,,
2024-07-25 08:15:00,CNR7959725304,Success,CID758936,Mini,Jayanagar,Magadi Road,203.0,35.0,Not Applicable,Not Applicable,No,Not Applicable,211,Cash,32,4.2,3.6
2024-07-18 01:35:00,CNR5925234918,Success,CID841657,Mini,Devanahalli,Magadi Road,210.0,45.0,Not Applicable,Not Applicable,No,Not Applicable,420,UPI,45,5.0,3.2
2024-07-15 11:16:00,CNR8240540662,Success,CID631998,Bike,Rajarajeshwari Nagar,Kengeri,301.0,90.0,Not Applicable,Not Applicable,No,Not Applicable,189,Cash,49,4.4,4.1
2024-07-07 18:06:00,CNR9604526106,Driver Not Found,CID614626,Mini,Hennur,Nagarbhavi,,,Not Applicable,Not Applicable,Not Applicable,Not Applicable,140,Not Applicable,0,,
2024-07-17 04:54:00,CNR5289356394,Success,CID425408,eBike,HSR Layout,Kammanahalli,147.0,90.0,Not Applicable,Not Applicable,No,Not Applicable,314,Cash,15,3.1,3.4
2024-07-09 03:58:00,CNR7903200192,Success,CID323055,eBike,Shivajinagar,RT Nagar,294.0,125.0,Not Applicable,Not Applicable,No,Not Applicable,881,UPI,8,4.3,3.3
2024-07-01 19:33:00,CNR6429458059,Success,CID758219,Bike,Hennur,Shivajinagar,280.0,115.0,Not Applicable,Not Applicable,No,Not Applicable,243,Cash,35,4.6,3.9
2024-07-17 22:14:00,CNR3692264558,Driver Not Found,CID648681,Prime Sedan,Sarjapur Road,Sarjapur Road,,,Not Applicable,Not Applicable,Not Applicable,Not Applicable,288,Not Applicable,0,,
2024-07-23 08:29:00,CNR3008299573,Success,CID364099,Auto,Hennur,Electronic City,308.0,90.0,Not Applicable,Not Applicable,No,Not Applicable,420,Cash,16,4.0,4.9
2024-07-02 13:24:00,CNR2996466787,Driver Not Found,CID762000,Mini,Sarjapur Road,Hennur,,,Not Applicable,Not Applicable,Not Applicable,Not Applicable,272,Not Applicable,0,,
2024-07-14 08:56:00,CNR4190058046,Success,CID132801,Prime SUV,Bannerghatta Road,Kadugodi,280.0,125.0,Not Applicable,Not Applicable,No,Not Applicable,324,Cash,3,4.4,4.4
2024-07-10 16:27:00,CNR2515969496,Canceled by Customer,CID734604,Auto,Vijayanagar,Magadi Road,,,Driver is not moving towards pickup location,Not Applicable,Not Applicable,Not Applicable,712,Not Applicable,0,,
2024-07-06 19:43:00,CNR1296401811,Driver Not Found,CID738068,Prime Sedan,Chickpet,Banashankari,,,Not Applicable,Not Applicable,Not Applicable,Not Applicable,105,Not Applicable,0,,
2024-07-11 20:47:00,CNR9252261901,Canceled by Customer,CID316205,Bike,Banashankari,Majestic,,,Change of plans,Not Applicable,Not Applicable,Not Applicable,2368,Not Applicable,0,,
2024-07-22 01:44:00,CNR2726569215,Canceled by Customer,CID603205,Auto,Nagarbhavi,HSR Layout,,,Driver asked to cancel,Not Applicable,Not Applicable,Not Applicable,261,Not Applicable,0,,
2024-07-08 09:43:00,CNR2185914042,Success,CID591379,Prime SUV,KR Puram,Vijayanagar,189.0,115.0,Not Applicable,Not Applicable,No,Not Applicable,691,Cash,42,4.6,3.4
2024-07-25 02:31:00,CNR7925928318,Driver Not Found,CID787871,Prime Sedan,Sarjapur Road,Nagarbhavi,,,Not Applicable,Not Applicable,Not Applicable,Not Applicable,442,Not Applicable,0,,
2024-07-05 05:39:00,CNR4984633677,Success,CID418238,Prime SUV,HSR Layout,Hosur Road,273.0,60.0,Not Applicable,Not Applicable,No,Not Applicable,292,UPI,37,3.1,4.3
2024-07-22 14:29:00,CNR8425563357,Success,CID951034,eBike,Peenya,Mysore Road,245.0,65.0,Not Applicable,Not Applicable,No,Not Applicable,144,Cash,14,3.9,3.6
2024-07-27 22:58:00,CNR2325689229,Canceled by Customer,CID954159,eBike,MG Road,Marathahalli,,,Driver is not moving towards pickup location,Not Applicable,Not Applicable,Not Applicable,448,Not Applicable,0,,
2024-07-21 03:34:00,CNR4111434596,Success,CID664537,Bike,Padmanabhanagar,Hulimavu,224.0,140.0,Not Applicable,Not Applicable,No,Not Applicable,263,Cash,24,3.1,4.1
2024-07-08 18:02:00,CNR3298669255,Success,CID785918,Bike,Indiranagar,Bannerghatta Road,91.0,110.0,Not Applicable,Not Applicable,No,Not Applicable,999,Cash,29,3.7,4.6
2024-07-15 19:17:00,CNR2756787227,Canceled by Customer,CID455888,Prime Sedan,Hennur,Malleshwaram,,,Wrong Address,Not Applicable,Not Applicable,Not Applicable,2635,Not Applicable,0,,
2024-07-13 22:04:00,CNR4930979798,Driver Not Found,CID442047,eBike,Electronic City,Rajajinagar,,,Not Applicable,Not Applicable,Not Applicable,Not Applicable,232,Not Applicable,0,,
2024-07-06 15:05:00,CNR1230861389,Success,CID389609,Bike,Yeshwanthpur,Rajajinagar,238.0,145.0,Not Applicable,Not Applicable,No,Not Applicable,731,Cash,24,4.5,3.7
2024-07-10 20:54:00,CNR2440662332,Success,CID726885,Prime Plus,Vijayanagar,Rajarajeshwari Nagar,133.0,35.0,Not Applicable,Not Applicable,No,Not Applicable,407,UPI,22,5.0,4.0
2024-07-28 02:01:00,CNR3877342416,Canceled by Customer,CID302326,Auto,Banashankari,Richmond Town,,,AC is Not working,Not Applicable,Not Applicable,Not Applicable,911,Not Applicable,0,,
2024-07-13 16:24:00,CNR9352660879,Canceled by Customer,CID565352,Auto,Yelahanka,KR Puram,,,Driver asked to cancel,Not Applicable,Not Applicable,Not Applicable,263,Not Applicable,0,,
2024-07-19 02:40:00,CNR2593451129,Driver Not Found,CID962591,Prime SUV,Kammanahalli,KR Puram,,,Not Applicable,Not Applicable,Not Applicable,Not Applicable,893,Not Applicable,0,,
2024-07-19 11:01:00,CNR3580700603,Success,CID951944,Prime Sedan,Varthur,Bannerghatta Road,42.0,25.0,Not Applicable,Not Applicable,No,Not Applicable,499,Cash,12,4.2,3.9
2024-07-27 17:15:00,CNR5664456763,Canceled by Driver,CID260165,Prime SUV,Rajajinagar,Yeshwanthpur,,,Not Applicable,More than permitted people in there,Not Applicable,Not Applicable,195,Not Applicable,0,,
2024-07-19 08:45:00,CNR6549381794,Success,CID250184,Prime Plus,Yelahanka,Indiranagar,161.0,135.0,Not Applicable,Not Applicable,No,Not Applicable,581,UPI,1,4.1,4.3
2024-07-15 15:31:00,CNR6776669330,Driver Not Found,CID745954,eBike,Devanahalli,Devanahalli,,,Not Applicable,Not Applicable,Not Applicable,Not Applicable,471,Not Applicable,0,,
2024-07-23 23:57:00,CNR4874540359,Driver Not Found,CID859310,Mini,Marathahalli,Vijayanagar,,,Not Applicable,Not Applicable,Not Applicable,Not Applicable,133,Not Applicable,0,,
2024-07-19 03:20:00,CNR6540559503,Canceled by Customer,CID498132,Prime Sedan,Marathahalli,Devanahalli,,,Driver asked to cancel,Not Applicable,Not Applicable,Not Applicable,179,Not Applicable,0,,
2024-07-24 00:41:00,CNR8977482644,Driver Not Found,CID939348,Prime Sedan,Chamarajpet,Whitefield,,,Not Applicable,Not Applicable,Not Applicable,Not Applicable,244,Not Applicable,0,,
2024-07-03 16:09:00,CNR6745454139,Canceled by Driver,CID634019,Prime SUV,Nagarbhavi,Hosur Road,,,Not Applicable,Personal & Car related issue,Not Applicable,Not Applicable,327,Not Applicable,0,,
2024-07-14 15:31:00,CNR2917238793,Success,CID242871,Prime SUV,Electronic City,Ramamurthy Nagar,147.0,50.0,Not Applicable,Not Applicable,No,Not Applicable,117,UPI,19,4.3,3.1
2024-07-05 10:07:00,CNR7914018396,Success,CID928636,eBike,Bannerghatta Road,Kadugodi,224.0,140.0,Not Applicable,Not Applicable,No,Not Applicable,483,Cash,40,3.4,3.5
2024-07-01 07:40:00,CNR6144329991,Success,CID408123,Prime SUV,Cox Town,Rajajinagar,70.0,130.0,Not Applicable,Not Applicable,Yes,Customer Demand,797,Cash,27,4.5,4.6
2024-07-01 23:27:00,CNR2685909655,Success,CID597944,Auto,Kammanahalli,Richmond Town,182.0,25.0,Not Applicable,Not Applicable,No,Not Applicable,254,Cash,2,4.5,4.5
2024-07-26 19:36:00,CNR7450651940,Success,CID266363,Prime SUV,Chamarajpet,Tumkur Road,154.0,55.0,Not Applicable,Not Applicable,No,Not Applicable,356,Cash,49,4.8,4.4
2024-07-13 18:29:00,CNR5359125245,Success,CID147597,Prime Plus,Koramangala,Richmond Town,42.0,55.0,Not Applicable,Not Applicable,No,Not Applicable,610,Cash,4,4.1,4.9
2024-07-30 07:11:00,CNR4971721672,Canceled by Driver,CID761299,Prime Sedan,Varthur,Whitefield,,,Not Applicable,Customer was coughing/sick,Not Applicable,Not Applicable,302,Not Applicable,0,,
2024-07-22 05:12:00,CNR2970076710,Driver Not Found,CID972756,Prime Sedan,Kadugodi,Yelahanka,,,Not Applicable,Not Applicable,Not Applicable,Not Applicable,557,Not Applicable,0,,
2024-07-27 00:22:00,CNR4739828043,Canceled by Customer,CID350035,Prime SUV,Cox Town,Ramamurthy Nagar,,,Driver asked to cancel,Not Applicable,Not Applicable,Not Applicable,214,Not Applicable,0,,
2024-07-01 13:27:00,CNR6842497017,Driver Not Found,CID312322,Prime Sedan,Richmond Town,Devanahalli,,,Not Applicable,Not Applicable,Not Applicable,Not Applicable,259,Not Applicable,0,,
2024-07-11 07:21:00,CNR9981348142,Success,CID482300,Auto,Kammanahalli,Mysore Road,119.0,145.0,Not Applicable,Not Applicable,No,Not Applicable,288,Cash,15,4.5,4.4
2024-07-04 07:31:00,CNR3584128624,Success,CID500895,Prime Sedan,Rajajinagar,Majestic,224.0,115.0,Not Applicable,Not Applicable,No,Not Applicable,258,UPI,22,3.9,4.3
2024-07-22 15:19:00,CNR4362470154,Success,CID905360,Auto,Shivajinagar,Chickpet,154.0,110.0,Not Applicable,Not Applicable,No,Not Applicable,288,Cash,18,4.2,3.1
2024-07-15 09:27:00,CNR5199549079,Success,CID498805,Bike,Yelahanka,Bellandur,147.0,135.0,Not Applicable,Not Applicable,No,Not Applicable,175,UPI,49,3.8,4.8
2024-07-30 09:55:00,CNR9555547705,Success,CID498594,Bike,Chamarajpet,Tumkur Road,175.0,50.0,Not Applicable,Not Applicable,No,Not Applicable,223,Cash,3,4.5,4.3
2024-07-11 10:23:00,CNR8004057030,Success,CID859370,Prime Sedan,Devanahalli,Koramangala,140.0,125.0,Not Applicable,Not Applicable,No,Not Applicable,1087,UPI,28,3.3,4.0
2024-07-11 12:35:00,CNR7556548131,Success,CID813582,eBike,Richmond Town,Shivajinagar,203.0,140.0,Not Applicable,Not Applicable,No,Not Applicable,180,Cash,1,3.7,3.7
2024-07-20 04:53:00,CNR3399032544,Success,CID662933,Mini,Yeshwanthpur,Bannerghatta Road,280.0,130.0,Not Applicable,Not Applicable,Yes,Customer Demand,216,Cash,24,4.1,4.7
2024-07-02 18:33:00,CNR2354607707,Canceled by Driver,CID455968,Prime Sedan,Jayanagar,Ulsoor,,,Not Applicable,Customer was coughing/sick,Not Applicable,Not Applicable,254,Not Applicable,0,,
2024-07-16 21:35:00,CNR5237887214,Success,CID900271,Prime Sedan,Ramamurthy Nagar,Mysore Road,287.0,100.0,Not Applicable,Not Applicable,No,Not Applicable,410,Cash,5,3.4,3.2
2024-07-04 07:09:00,CNR9907122207,Canceled by Customer,CID172212,Mini,Basavanagudi,MG Road,,,Change of plans,Not Applicable,Not Applicable,Not Applicable,295,Not Applicable,0,,
2024-07-26 19:53:00,CNR4567533374,Success,CID192881,Prime SUV,RT Nagar,Peenya,77.0,45.0,Not Applicable,Not Applicable,Yes,Customer Demand,329,Cash,35,3.4,4.1
2024-07-09 19:46:00,CNR4120481672,Canceled by Customer,CID972830,Prime Plus,Ramamurthy Nagar,Yelahanka,,,AC is Not working,Not Applicable,Not Applicable,Not Applicable,459,Not Applicable,0,,
2024-07-14 15:03:00,CNR4400317533,Canceled by Driver,CID110269,Prime Plus,Devanahalli,Koramangala,,,Not Applicable,Customer was coughing/sick,Not Applicable,Not Applicable,1031,Not Applicable,0,,
2024-07-23 17:10:00,CNR9965002023,Success,CID714273,Prime Plus,Hennur,Malleshwaram,49.0,145.0,Not Applicable,Not Applicable,No,Not Applicable,950,Cash,3,4.7,3.0
2024-07-16 18:46:00,CNR8751981558,Success,CID378744,eBike,Majestic,Hulimavu,161.0,45.0,Not Applicable,Not Applicable,No,Not Applicable,489,UPI,3,4.7,4.8
2024-07-02 13:44:00,CNR5494280248,Success,CID726316,Mini,Kammanahalli,JP Nagar,147.0,85.0,Not Applicable,Not Applicable,No,Not Applicable,363,UPI,34,3.3,3.2
2024-07-20 15:11:00,CNR6088325846,Canceled by Customer,CID394301,Mini,Electronic City,Koramangala,,,Driver asked to cancel,Not Applicable,Not Applicable,Not Applicable,284,Not Applicable,0,,
2024-07-26 14:23:00,CNR2680498076,Success,CID497570,Auto,Kengeri,Richmond Town,105.0,115.0,Not Applicable,Not Applicable,Yes,Other Issue,199,Cash,7,4.8,4.6
2024-07-23 18:29:00,CNR5700401437,Success,CID349190,Mini,Banashankari,Sahakar Nagar,280.0,140.0,Not Applicable,Not Applicable,No,Not Applicable,626,Cash,26,3.3,3.6
2024-07-29 04:19:00,CNR3029612875,Success,CID351062,Auto,Yelahanka,Bellandur,294.0,35.0,Not Applicable,Not Applicable,No,Not Applicable,760,Cash,17,4.1,4.5
2024-07-14 05:45:00,CNR2263107212,Success,CID545705,Auto,Padmanabhanagar,Ulsoor,49.0,55.0,Not Applicable,Not Applicable,No,Not Applicable,747,Cash,7,3.1,4.6
2024-07-05 10:50:00,CNR9556661491,Canceled by Customer,CID910031,Prime Sedan,Chamarajpet,Varthur,,,Driver asked to cancel,Not Applicable,Not Applicable,Not Applicable,209,Not Applicable,0,,
2024-07-10 06:42:00,CNR3439066827,Success,CID744720,Prime Plus,Marathahalli,Chamarajpet,49.0,35.0,Not Applicable,Not Applicable,No,Not Applicable,613,UPI,34,4.5,4.2
2024-07-01 03:41:00,CNR5648212131,Success,CID774612,Bike,Rajajinagar,Sarjapur Road,168.0,60.0,Not Applicable,Not Applicable,No,Not Applicable,232,Cash,4,4.6,4.3
2024-07-03 04:23:00,CNR8646961551,Success,CID776355,eBike,Kengeri,Varthur,294.0,105.0,Not Applicable,Not Applicable,No,Not Applicable,218,UPI,28,4.2,4.9
2024-07-18 18:40:00,CNR4922384507,Success,CID796901,Prime Plus,Basavanagudi,Indiranagar,210.0,115.0,Not Applicable,Not Applicable,No,Not Applicable,232,Cash,27,5.0,4.4
2024-07-24 19:59:00,CNR4970434823,Success,CID867818,Mini,Hulimavu,Shivajinagar,301.0,100.0,Not Applicable,Not Applicable,No,Not Applicable,915,Cash,1,3.9,3.6
2024-07-18 21:21:00,CNR4760789990,Success,CID694900,Auto,BTM Layout,MG Road,189.0,40.0,Not Applicable,Not Applicable,No,Not Applicable,439,Cash,13,3.2,3.4
2024-07-23 15:41:00,CNR3608000587,Success,CID959891,Prime Sedan,HSR Layout,Indiranagar,231.0,55.0,Not Applicable,Not Applicable,No,Not Applicable,644,UPI,49,3.5,3.6
2024-07-07 18:28:00,CNR9580496183,Success,CID338866,Prime SUV,Jayanagar,Ramamurthy Nagar,133.0,65.0,Not Applicable,Not Applicable,No,Not Applicable,348,Cash,20,4.2,4.5
2024-07-24 01:31:00,CNR1078890763,Canceled by Driver,CID335554,eBike,Yelahanka,RT Nagar,,,Not Applicable,Customer related issue,Not Applicable,Not Applicable,269,Not Applicable,0,,
2024-07-04 08:44:00,CNR7041432751,Success,CID929576,Auto,HSR Layout,MG Road,147.0,55.0,Not Applicable,Not Applicable,Yes,Customer Demand,996,Cash,9,3.5,3.8
2024-07-18 22:10:00,CNR9113002863,Success,CID824393,Auto,Bellandur,Cox Town,308.0,115.0,Not Applicable,Not Applicable,No,Not Applicable,354,Cash,15,4.7,4.6
2024-07-19 16:40:00,CNR2591627727,Canceled by Driver,CID869293,Prime Plus,Whitefield,Basavanagudi,,,Not Applicable,Customer related issue,Not Applicable,Not Applicable,275,Not Applicable,0,,
2024-07-05 15:14:00,CNR1727805307,Success,CID538376,Prime Sedan,MG Road,Yelahanka,266.0,115.0,Not Applicable,Not Applicable,No,Not Applicable,462,UPI,48,3.9,3.6
2024-07-22 22:52:00,CNR7054216002,Success,CID881538,Bike,Indiranagar,Mysore Road,294.0,75.0,Not Applicable,Not Applicable,No,Not Applicable,273,Cash,30,3.0,5.0
2024-07-21 05:55:00,CNR8600824754,Success,CID999396,Prime SUV,Sarjapur Road,Devanahalli,42.0,125.0,Not Applicable,Not Applicable,No,Not Applicable,154,UPI,26,3.3,3.1
2024-07-23 02:32:00,CNR4015916202,Driver Not Found,CID384154,Prime SUV,Hebbal,Whitefield,,,Not Applicable,Not Applicable,Not Applicable,Not Applicable,258,Not Applicable,0,,
2024-07-21 13:05:00,CNR4509594487,Success,CID202107,eBike,Kadugodi,BTM Layout,35.0,45.0,Not Applicable,Not Applicable,No,Not Applicable,1201,UPI,20,4.1,3.5
2024-07-02 23:11:00,CNR3002640834,Success,CID436793,Prime Plus,Shantinagar,Banashankari,154.0,40.0,Not Applicable,Not Applicable,No,Not Applicable,472,UPI,19,4.0,4.8
2024-07-07 11:00:00,CNR9754472636,Driver Not Found,CID680198,Prime Sedan,Vijayanagar,Kammanahalli,,,Not Applicable,Not Applicable,Not Applicable,Not Applicable,2799,Not Applicable,0,,
2024-07-20 21:58:00,CNR3642835119,Canceled by Driver,CID965163,Bike,Sahakar Nagar,Yeshwanthpur,,,Not Applicable,Customer related issue,Not Applicable,Not Applicable,947,Not Applicable,0,,
2024-07-19 11:40:00,CNR4969820507,Success,CID389663,Prime Plus,BTM Layout,JP Nagar,238.0,75.0,Not Applicable,Not Applicable,No,Not Applicable,223,Cash,36,4.2,4.7
2024-07-30 07:39:00,CNR9971905478,Success,CID118359,Prime Plus,HSR Layout,Hulimavu,119.0,120.0,Not Applicable,Not Applicable,No,Not Applicable,530,Cash,14,3.4,4.4
2024-07-24 05:00:00,CNR3302949172,Success,CID115127,eBike,MG Road,Magadi Road,245.0,70.0,Not Applicable,Not Applicable,No,Not Applicable,175,Cash,35,4.3,4.2
2024-07-08 08:29:00,CNR2114504285,Success,CID877339,Auto,Vijayanagar,Kammanahalli,196.0,90.0,Not Applicable,Not Applicable,No,Not Applicable,472,UPI,1,4.3,4.3
2024-07-04 22:15:00,CNR7405168093,Canceled by Driver,CID998693,Mini,Sahakar Nagar,Tumkur Road,,,Not Applicable,Customer related issue,Not Applicable,Not Applicable,158,Not Applicable,0,,
2024-07-18 09:13:00,CNR3848388881,Success,CID265720,Prime Sedan,Varthur,MG Road,133.0,140.0,Not Applicable,Not Applicable,Yes,Customer Demand,101,Cash,40,4.5,3.8
2024-07-25 14:17:00,CNR9845351475,Success,CID409683,Prime Plus,Richmond Town,Ramamurthy Nagar,210.0,105.0,Not Applicable,Not Applicable,No,Not Applicable,315,UPI,1,3.2,4.8
2024-07-07 05:24:00,CNR1208282236,Canceled by Driver,CID671900,Auto,Kammanahalli,Magadi Road,,,Not Applicable,Customer related issue,Not Applicable,Not Applicable,415,Not Applicable,0,,
2024-07-29 00:50:00,CNR8804433026,Canceled by Customer,CID850474,Prime SUV,Hennur,Shantinagar,,,Driver is not moving towards pickup location,Not Applicable,Not Applicable,Not Applicable,230,Not Applicable,0,,
2024-07-23 10:23:00,CNR5883111049,Canceled by Driver,CID630980,Mini,Electronic City,Nagarbhavi,,,Not Applicable,Personal & Car related issue,Not Applicable,Not Applicable,449,Not Applicable,0,,
2024-07-13 08:24:00,CNR1137312182,Success,CID519108,Mini,Kadugodi,Hebbal,224.0,100.0,Not Applicable,Not Applicable,No,Not Applicable,304,UPI,31,3.6,3.8
2024-07-04 01:30:00,CNR1724147327,Success,CID643550,Auto,Jayanagar,Sarjapur Road,126.0,55.0,Not Applicable,Not Applicable,No,Not Applicable,242,UPI,2,3.1,3.2
2024-07-01 13:32:00,CNR9898714923,Success,CID353238,Auto,Bellandur,Hennur,42.0,115.0,Not Applicable,Not Applicable,No,Not Applicable,429,Cash,15,3.6,3.9
2024-07-20 02:39:00,CNR8352274842,Canceled by Driver,CID493477,Bike,Richmond Town,JP Nagar,,,Not Applicable,More than permitted people in there,Not Applicable,Not Applicable,2300,Not Applicable,0,,
2024-07-27 10:36:00,CNR8752870432,Canceled by Driver,CID803247,Prime Sedan,Mysore Road,Shivajinagar,,,Not Applicable,Customer related issue,Not Applicable,Not Applicable,497,Not Applicable,0,,
2024-07-12 09:51:00,CNR8838744464,Success,CID528541,eBike,Magadi Road,Yelahanka,49.0,135.0,Not Applicable,Not Applicable,No,Not Applicable,177,UPI,2,3.3,3.0
2024-07-14 07:06:00,CNR2390956149,Success,CID769177,Auto,Electronic City,Hennur,91.0,60.0,Not Applicable,Not Applicable,No,Not Applicable,227,Cash,17,4.1,4.1
2024-07-28 08:56:00,CNR8753455569,Success,CID893174,Prime SUV,Kengeri,Kammanahalli,238.0,110.0,Not Applicable,Not Applicable,Yes,Customer Demand,717,UPI,26,4.2,3.4
2024-07-24 10:00:00,CNR5500755781,Success,CID471686,Prime SUV,Devanahalli,Langford Town,126.0,125.0,Not Applicable,Not Applicable,No,Not Applicable,235,Cash,44,4.2,4.1
2024-07-18 15:53:00,CNR7150837431,Success,CID384103,eBike,Rajarajeshwari Nagar,Peenya,42.0,40.0,Not Applicable,Not Applicable,No,Not Applicable,2212,Cash,32,4.0,4.4
2024-07-26 01:26:00,CNR3163616881,Success,CID671462,Auto,Bellandur,Nagarbhavi,280.0,125.0,Not Applicable,Not Applicable,No,Not Applicable,433,Cash,10,3.3,4.0
2024-07-19 07:43:00,CNR4567390064,Canceled by Driver,CID969088,Mini,KR Puram,Indiranagar,,,Not Applicable,Personal & Car related issue,Not Applicable,Not Applicable,487,Not Applicable,0,,
2024-07-12 22:45:00,CNR8289066097,Success,CID899767,Prime Plus,Hennur,Frazer Town,77.0,95.0,Not Applicable,Not Applicable,No,Not Applicable,479,Cash,46,5.0,4.5
2024-07-14 23:39:00,CNR3651261961,Success,CID274368,Prime Plus,RT Nagar,Cox Town,77.0,110.0,Not Applicable,Not Applicable,No,Not Applicable,158,Cash,26,4.9,3.1
2024-07-26 06:25:00,CNR3551249394,Canceled by Driver,CID159314,Prime SUV,Hennur,Peenya,,,Not Applicable,Customer was coughing/sick,Not Applicable,Not Applicable,272,Not Applicable,0,,
2024-07-05 22:57:00,CNR8210618380,Driver Not Found,CID139044,Prime Plus,Yelahanka,Ramamurthy Nagar,,,Not Applicable,Not Applicable,Not Applicable,Not Applicable,639,Not Applicable,0,,
2024-07-12 07:28:00,CNR1790841411,Success,CID589451,Prime Sedan,MG Road,Hosur Road,154.0,55.0,Not Applicable,Not Applicable,No,Not Applicable,437,UPI,44,4.0,4.3
2024-07-06 17:17:00,CNR6927545007,Driver Not Found,CID579266,Prime SUV,Jayanagar,Kengeri,,,Not Applicable,Not Applicable,Not Applicable,Not Applicable,1558,Not Applicable,0,,
2024-07-04 22:20:00,CNR7000393842,Driver Not Found,CID969374,Prime Plus,Varthur,BTM Layout,,,Not Applicable,Not Applicable,Not Applicable,Not Applicable,277,Not Applicable,0,,
2024-07-22 18:37:00,CNR2541184568,Success,CID348541,Auto,Koramangala,Majestic,119.0,135.0,Not Applicable,Not Applicable,No,Not Applicable,436,UPI,17,3.1,3.2
2024-07-29 21:46:00,CNR1360757521,Success,CID705147,eBike,Rajajinagar,Sahakar Nagar,266.0,25.0,Not Applicable,Not Applicable,No,Not Applicable,340,UPI,47,3.6,3.7
2024-07-08 09:12:00,CNR3466669881,Success,CID188742,Prime Plus,Shantinagar,BTM Layout,112.0,35.0,Not Applicable,Not Applicable,No,Not Applicable,805,UPI,45,4.6,4.9
2024-07-20 11:31:00,CNR4026485409,Canceled by Driver,CID499102,Prime SUV,HSR Layout,Hebbal,,,Not Applicable,Personal & Car related issue,Not Applicable,Not Applicable,421,Not Applicable,0,,
2024-07-03 13:31:00,CNR4113389696,Driver Not Found,CID722434,Auto,Sarjapur Road,Yelahanka,,,Not Applicable,Not Applicable,Not Applicable,Not Applicable,293,Not Applicable,0,,
2024-07-25 11:23:00,CNR6759832671,Success,CID489174,Auto,Majestic,Shantinagar,308.0,140.0,Not Applicable,Not Applicable,Yes,Other Issue,234,Cash,18,4.6,4.6
2024-07-08 13:22:00,CNR6586417254,Canceled by Driver,CID436910,Mini,Mysore Road,Hosur Road,,,Not Applicable,Personal & Car related issue,Not Applicable,Not Applicable,709,Not Applicable,0,,
2024-07-19 04:15:00,CNR7021068216,Success,CID563784,Prime Plus,Sahakar Nagar,Ramamurthy Nagar,175.0,60.0,Not Applicable,Not Applicable,No,Not Applicable,133,Cash,43,3.8,4.3
2024-07-18 11:41:00,CNR7856482324,Success,CID576298,eBike,Hebbal,Langford Town,161.0,60.0,Not Applicable,Not Applicable,No,Not Applicable,1194,Cash,49,4.0,4.1
2024-07-18 03:37:00,CNR6585183300,Driver Not Found,CID303704,Prime Sedan,Chickpet,Mysore Road,,,Not Applicable,Not Applicable,Not Applicable,Not Applicable,226,Not Applicable,0,,
2024-07-17 11:39:00,CNR3528133955,Canceled by Customer,CID725628,Mini,Basavanagudi,Jayanagar,,,Driver is not moving towards pickup location,Not Applicable,Not Applicable,Not Applicable,983,Not Applicable,0,,
2024-07-16 01:18:00,CNR6433245261,Success,CID265509,Bike,Bellandur,Ulsoor,301.0,35.0,Not Applicable,Not Applicable,No,Not Applicable,369,UPI,12,4.7,3.5
2024-07-26 04:11:00,CNR8257165196,Success,CID590939,Prime SUV,BTM Layout,Jayanagar,259.0,115.0,Not Applicable,Not Applicable,No,Not Applicable,238,Cash,6,3.5,3.0
2024-07-01 02:28:00,CNR4171964065,Success,CID780322,Bike,Jayanagar,Yelahanka,140.0,120.0,Not Applicable,Not Applicable,No,Not Applicable,745,UPI,28,3.6,4.4
2024-07-24 04:17:00,CNR7851027603,Success,CID812937,eBike,Hosur Road,Chamarajpet,196.0,140.0,Not Applicable,Not Applicable,No,Not Applicable,303,Cash,32,3.7,3.0
2024-07-06 17:00:00,CNR5446653703,Success,CID980496,Auto,Devanahalli,HSR Layout,252.0,140.0,Not Applicable,Not Applicable,No,Not Applicable,810,UPI,12,4.9,4.5
2024-07-18 04:41:00,CNR5926239023,Success,CID158688,Prime Plus,HSR Layout,Basavanagudi,294.0,85.0,Not Applicable,Not Applicable,Yes,Vehicle Breakdown,405,Cash,16,3.9,4.2
2024-07-25 16:37:00,CNR1117729924,Canceled by Driver,CID219363,Bike,HSR Layout,Shivajinagar,,,Not Applicable,Personal & Car related issue,Not Applicable,Not Applicable,1912,Not Applicable,0,,
2024-07-21 02:50:00,CNR3438468515,Success,CID978947,Auto,Hulimavu,Frazer Town,182.0,100.0,Not Applicable,Not Applicable,No,Not Applicable,134,UPI,9,3.3,4.9
2024-07-04 18:09:00,CNR5691027466,Canceled by Driver,CID212610,Prime SUV,Indiranagar,Bellandur,,,Not Applicable,Customer related issue,Not Applicable,Not Applicable,950,Not Applicable,0,,
2024-07-25 09:18:00,CNR5080719120,Driver Not Found,CID737066,Auto,Richmond Town,Koramangala,,,Not Applicable,Not Applicable,Not Applicable,Not Applicable,275,Not Applicable,0,,
2024-07-27 09:31:00,CNR4657761039,Canceled by Driver,CID971038,Auto,Yeshwanthpur,Hulimavu,,,Not Applicable,Personal & Car related issue,Not Applicable,Not Applicable,934,Not Applicable,0,,
2024-07-10 15:09:00,CNR9118098018,Canceled by Driver,CID387346,Prime Plus,Chamarajpet,Devanahalli,,,Not Applicable,Customer related issue,Not Applicable,Not Applicable,369,Not Applicable,0,,
2024-07-13 20:22:00,CNR6525598030,Success,CID163153,Bike,Electronic City,Marathahalli,238.0,125.0,Not Applicable,Not Applicable,No,Not Applicable,2799,Cash,11,4.6,4.6
2024-07-01 22:44:00,CNR9693573462,Canceled by Customer,CID687490,Prime SUV,Mysore Road,Bannerghatta Road,,,Driver is not moving towards pickup location,Not Applicable,Not Applicable,Not Applicable,648,Not Applicable,0,,
2024-07-10 07:52:00,CNR5850599165,Canceled by Driver,CID527257,Prime Sedan,Majestic,Nagarbhavi,,,Not Applicable,Customer was coughing/sick,Not Applicable,Not Applicable,409,Not Applicable,0,,
2024-07-25 14:24:00,CNR5806205918,Driver Not Found,CID441625,Bike,Shivajinagar,Chamarajpet,,,Not Applicable,Not Applicable,Not Applicable,Not Applicable,632,Not Applicable,0,,
2024-07-06 17:09:00,CNR5878425584,Success,CID794209,Prime Sedan,Nagarbhavi,Devanahalli,98.0,145.0,Not Applicable,Not Applicable,No,Not Applicable,467,Cash,8,3.7,3.0
2024-07-04 18:09:00,CNR4737488409,Canceled by Driver,CID209963,Prime Plus,Bellandur,Whitefield,,,Not Applicable,Personal & Car related issue,Not Applicable,Not Applicable,602,Not Applicable,0,,
2024-07-01 20:21:00,CNR7568845757,Canceled by Customer,CID323155,Prime Plus,MG Road,HSR Layout,,,Driver is not moving towards pickup location,Not Applicable,Not Applicable,Not Applicable,411,Not Applicable,0,,
2024-07-29 19:43:00,CNR3031647206,Success,CID499994,Bike,Hulimavu,Tumkur Road,266.0,100.0,Not Applicable,Not Applicable,No,Not Applicable,533,Cash,31,4.3,3.5
2024-07-19 11:54:00,CNR1099810630,Success,CID555904,Prime Sedan,Marathahalli,BTM Layout,224.0,40.0,Not Applicable,Not Applicable,No,Not Applicable,907,UPI,27,3.2,3.6
2024-07-07 04:35:00,CNR2039002481,Success,CID484504,Mini,Langford Town,Sarjapur Road,224.0,145.0,Not Applicable,Not Applicable,No,Not Applicable,507,Cash,24,4.3,4.8
2024-07-29 18:47:00,CNR1169033236,Canceled by Customer,CID886714,Prime SUV,Rajarajeshwari Nagar,Yelahanka,,,Driver asked to cancel,Not Applicable,Not Applicable,Not Applicable,373,Not Applicable,0,,
2024-07-25 18:50:00,CNR3802120980,Success,CID128741,Prime Plus,Shantinagar,Marathahalli,168.0,110.0,Not Applicable,Not Applicable,No,Not Applicable,308,UPI,9,4.5,4.1
2024-07-29 21:15:00,CNR1070053440,Success,CID721413,Prime Plus,JP Nagar,Frazer Town,196.0,95.0,Not Applicable,Not Applicable,No,Not Applicable,441,Cash,46,3.6,4.1
2024-07-18 20:27:00,CNR1682054871,Success,CID940007,eBike,Frazer Town,Chamarajpet,189.0,120.0,Not Applicable,Not Applicable,No,Not Applicable,219,UPI,8,4.7,3.6
2024-07-29 11:03:00,CNR5959444929,Success,CID708272,Mini,Peenya,Tumkur Road,140.0,25.0,Not Applicable,Not Applicable,Yes,Vehicle Breakdown,746,Cash,27,3.7,3.6
2024-07-25 00:54:00,CNR2383855547,Canceled by Driver,CID591360,Bike,Electronic City,Malleshwaram,,,Not Applicable,Customer related issue,Not Applicable,Not Applicable,231,Not Applicable,0,,
2024-07-04 16:27:00,CNR4760130783,Canceled by Driver,CID522535,Prime Plus,Chamarajpet,Shivajinagar,,,Not Applicable,Personal & Car related issue,Not Applicable,Not Applicable,157,Not Applicable,0,,
2024-07-16 06:17:00,CNR5636301272,Canceled by Customer,CID570299,Prime Sedan,Yeshwanthpur,Kengeri,,,Driver asked to cancel,Not Applicable,Not Applicable,Not Applicable,328,Not Applicable,0,,
2024-07-12 11:46:00,CNR1038133655,Driver Not Found,CID772229,Prime SUV,Whitefield,HSR Layout,,,Not Applicable,Not Applicable,Not Applicable,Not Applicable,708,Not Applicable,0,,
2024-07-26 15:04:00,CNR7484725298,Success,CID257490,Prime SUV,Kadugodi,Marathahalli,63.0,120.0,Not Applicable,Not Applicable,No,Not Applicable,338,Cash,43,4.2,4.2
2024-07-28 23:49:00,CNR1285595116,Success,CID428197,Prime SUV,Majestic,Koramangala,63.0,110.0,Not Applicable,Not Applicable,No,Not Applicable,683,Cash,30,4.3,3.0
2024-07-22 16:26:00,CNR3076342495,Success,CID202847,Bike,JP Nagar,Peenya,42.0,90.0,Not Applicable,Not Applicable,Yes,Customer Demand,684,Credit Card,1,3.5,3.7
2024-07-14 02:19:00,CNR2889045701,Success,CID846428,Bike,Kengeri,Shantinagar,175.0,135.0,Not Applicable,Not Applicable,No,Not Applicable,143,UPI,20,4.4,4.3
2024-07-20 06:11:00,CNR9182212815,Success,CID808435,Prime SUV,Hebbal,Cox Town,252.0,110.0,Not Applicable,Not Applicable,No,Not Applicable,228,UPI,44,4.6,3.9
2024-07-24 06:19:00,CNR1110864867,Success,CID300590,Bike,Hebbal,Banashankari,217.0,35.0,Not Applicable,Not Applicable,No,Not Applicable,173,Cash,44,4.8,4.4
2024-07-29 04:13:00,CNR5655240709,Canceled by Driver,CID883600,Bike,BTM Layout,MG Road,,,Not Applicable,Customer related issue,Not Applicable,Not Applicable,680,Not Applicable,0,,
2024-07-10 13:41:00,CNR1797101152,Canceled by Driver,CID656460,Prime Plus,Malleshwaram,Langford Town,,,Not Applicable,Customer was coughing/sick,Not Applicable,Not Applicable,690,Not Applicable,0,,
2024-07-24 06:29:00,CNR1774678302,Canceled by Customer,CID834063,Bike,Shivajinagar,Kengeri,,,Wrong Address,Not Applicable,Not Applicable,Not Applicable,916,Not Applicable,0,,
2024-07-12 17:57:00,CNR2266507367,Canceled by Driver,CID144051,Auto,Shantinagar,Bannerghatta Road,,,Not Applicable,Customer related issue,Not Applicable,Not Applicable,348,Not Applicable,0,,
2024-07-10 12:11:00,CNR5810869593,Canceled by Customer,CID866006,Prime SUV,Chamarajpet,Kammanahalli,,,Change of plans,Not Applicable,Not Applicable,Not Applicable,362,Not Applicable,0,,
2024-07-11 01:55:00,CNR1779564940,Canceled by Driver,CID527497,Prime Sedan,Langford Town,Varthur,,,Not Applicable,Customer was coughing/sick,Not Applicable,Not Applicable,280,Not Applicable,0,,
2024-07-17 19:40:00,CNR2528418971,Success,CID359778,Prime Plus,Hebbal,Hosur Road,182.0,120.0,Not Applicable,Not Applicable,No,Not Applicable,394,Cash,12,3.5,4.3
2024-07-08 16:50:00,CNR4141309940,Driver Not Found,CID651425,Prime Plus,Shantinagar,Majestic,,,Not Applicable,Not Applicable,Not Applicable,Not Applicable,536,Not Applicable,0,,
2024-07-27 15:49:00,CNR8790845610,Success,CID292221,Auto,Basavanagudi,Jayanagar,203.0,100.0,Not Applicable,Not Applicable,No,Not Applicable,1419,Credit Card,8,4.1,3.2
2024-07-06 16:13:00,CNR9720105789,Canceled by Driver,CID882059,Auto,Mysore Road,KR Puram,,,Not Applicable,Customer related issue,Not Applicable,Not Applicable,169,Not Applicable,0,,
2024-07-03 07:40:00,CNR2494363889,Canceled by Driver,CID804470,Bike,Electronic City,Peenya,,,Not Applicable,More than permitted people in there,Not Applicable,Not Applicable,894,Not Applicable,0,,
2024-07-14 16:51:00,CNR3169855344,Canceled by Driver,CID626746,Auto,RT Nagar,Ulsoor,,,Not Applicable,Customer related issue,Not Applicable,Not Applicable,248,Not Applicable,0,,
2024-07-16 17:44:00,CNR3648829341,Success,CID589185,Prime Plus,Cox Town,Nagarbhavi,42.0,65.0,Not Applicable,Not Applicable,No,Not Applicable,260,Cash,31,4.0,4.8
2024-07-15 12:04:00,CNR6702905055,Success,CID752692,Auto,Electronic City,Padmanabhanagar,308.0,55.0,Not Applicable,Not Applicable,No,Not Applicable,284,UPI,4,3.0,4.2
2024-07-18 04:38:00,CNR3118009120,Success,CID636204,Prime SUV,Peenya,Koramangala,70.0,125.0,Not Applicable,Not Applicable,No,Not Applicable,109,Credit Card,15,3.7,3.2
2024-07-26 05:29:00,CNR5631190353,Success,CID122750,eBike,Ramamurthy Nagar,Hennur,231.0,80.0,Not Applicable,Not Applicable,No,Not Applicable,244,Cash,26,4.3,3.3
2024-07-06 01:20:00,CNR3005504319,Success,CID507829,Bike,Chamarajpet,Majestic,210.0,35.0,Not Applicable,Not Applicable,No,Not Applicable,341,Cash,44,4.5,3.7
2024-07-03 03:13:00,CNR4242309884,Success,CID202127,Mini,Basavanagudi,Varthur,49.0,75.0,Not Applicable,Not Applicable,No,Not Applicable,408,Cash,27,3.5,3.6
2024-07-19 18:12:00,CNR8594126254,Success,CID858691,Prime Plus,Banashankari,Koramangala,231.0,25.0,Not Applicable,Not Applicable,No,Not Applicable,569,UPI,35,4.2,3.2
2024-07-04 02:18:00,CNR4599469326,Success,CID117454,Prime SUV,Malleshwaram,Tumkur Road,252.0,95.0,Not Applicable,Not Applicable,No,Not Applicable,2277,Cash,48,3.1,4.3
2024-07-03 00:34:00,CNR6259951560,Canceled by Driver,CID910097,Prime Sedan,Vijayanagar,Chamarajpet,,,Not Applicable,Personal & Car related issue,Not Applicable,Not Applicable,107,Not Applicable,0,,
2024-07-24 10:11:00,CNR6326361113,Success,CID707489,Prime Sedan,Sahakar Nagar,Kadugodi,140.0,85.0,Not Applicable,Not Applicable,No,Not Applicable,295,UPI,17,4.7,3.1
2024-07-11 00:08:00,CNR3163701446,Canceled by Driver,CID713871,Auto,Hulimavu,Chamarajpet,,,Not Applicable,Customer related issue,Not Applicable,Not Applicable,595,Not Applicable,0,,
2024-07-11 05:32:00,CNR2505162907,Canceled by Driver,CID766777,Prime Sedan,Chamarajpet,RT Nagar,,,Not Applicable,More than permitted people in there,Not Applicable,Not Applicable,299,Not Applicable,0,,
2024-07-23 13:49:00,CNR9873967463,Driver Not Found,CID624066,eBike,Hulimavu,Tumkur Road,,,Not Applicable,Not Applicable,Not Applicable,Not Applicable,580,Not Applicable,0,,
2024-07-18 22:20:00,CNR2737222261,Canceled by Driver,CID105368,Auto,JP Nagar,Jayanagar,,,Not Applicable,Customer was coughing/sick,Not Applicable,Not Applicable,109,Not Applicable,0,,
2024-07-19 09:24:00,CNR9304745036,Success,CID328163,eBike,Rajarajeshwari Nagar,Electronic City,119.0,75.0,Not Applicable,Not Applicable,No,Not Applicable,241,UPI,8,4.8,3.2
2024-07-13 20:47:00,CNR6492878484,Success,CID190485,Prime Plus,Kengeri,Frazer Town,224.0,115.0,Not Applicable,Not Applicable,No,Not Applicable,814,Credit Card,42,4.6,4.6
2024-07-13 14:30:00,CNR7531308845,Success,CID913473,Prime Plus,Varthur,Majestic,238.0,55.0,Not Applicable,Not Applicable,No,Not Applicable,412,Cash,34,4.4,4.3
2024-07-25 16:10:00,CNR4769908221,Driver Not Found,CID699482,Auto,Whitefield,Frazer Town,,,Not Applicable,Not Applicable,Not Applicable,Not Applicable,216,Not Applicable,0,,
2024-07-08 13:08:00,CNR6409471418,Success,CID331536,Mini,Devanahalli,Ramamurthy Nagar,147.0,80.0,Not Applicable,Not Applicable,No,Not Applicable,593,Cash,8,4.7,3.0
2024-07-09 18:51:00,CNR1049404367,Success,CID650287,Auto,Rajajinagar,Rajarajeshwari Nagar,224.0,100.0,Not Applicable,Not Applicable,No,Not Applicable,827,UPI,2,4.9,3.4
2024-07-10 07:23:00,CNR8013207918,Success,CID598426,Auto,Shantinagar,Sarjapur Road,189.0,30.0,Not Applicable,Not Applicable,No,Not Applicable,460,Cash,12,3.8,4.8
2024-07-29 01:06:00,CNR5522365560,Success,CID512356,Mini,Frazer Town,Hosur Road,126.0,80.0,Not Applicable,Not Applicable,No,Not Applicable,216,UPI,16,4.6,4.3
2024-07-04 20:19:00,CNR6674053466,Canceled by Customer,CID256222,Prime Sedan,Indiranagar,Koramangala,,,Driver asked to cancel,Not Applicable,Not Applicable,Not Applicable,473,Not Applicable,0,,
2024-07-22 12:52:00,CNR1295091305,Success,CID301641,Prime SUV,Padmanabhanagar,Nagarbhavi,252.0,140.0,Not Applicable,Not Applicable,No,Not Applicable,330,Cash,45,4.1,3.7
2024-07-26 22:40:00,CNR1136457423,Success,CID642280,Prime Sedan,Indiranagar,Malleshwaram,35.0,140.0,Not Applicable,Not Applicable,No,Not Applicable,168,UPI,38,4.0,3.1
2024-07-10 00:20:00,CNR2685036130,Success,CID383228,Prime Sedan,Cox Town,Majestic,112.0,55.0,Not Applicable,Not Applicable,No,Not Applicable,320,UPI,35,3.2,3.0
2024-07-14 17:15:00,CNR3356912950,Success,CID417592,Bike,Shivajinagar,Hennur,196.0,30.0,Not Applicable,Not Applicable,No,Not Applicable,453,Cash,33,3.7,3.4
2024-07-27 04:40:00,CNR9838004976,Success,CID567273,Prime Sedan,HSR Layout,Electronic City,168.0,145.0,Not Applicable,Not Applicable,No,Not Applicable,118,Cash,20,4.3,4.5
2024-07-15 04:04:00,CNR7708669416,Success,CID275468,Prime Plus,Langford Town,Mysore Road,126.0,35.0,Not Applicable,Not Applicable,No,Not Applicable,134,Cash,1,3.5,4.0
2024-07-12 17:37:00,CNR7691605012,Success,CID428263,Prime Plus,Jayanagar,Varthur,42.0,25.0,Not Applicable,Not Applicable,No,Not Applicable,486,Cash,18,3.8,4.1
2024-07-25 10:35:00,CNR1106905966,Canceled by Driver,CID990133,Auto,Kammanahalli,Varthur,,,Not Applicable,Personal & Car related issue,Not Applicable,Not Applicable,190,Not Applicable,0,,
2024-07-12 19:34:00,CNR2952728394,Canceled by Customer,CID541212,Bike,Malleshwaram,HSR Layout,,,Wrong Address,Not Applicable,Not Applicable,Not Applicable,299,Not Applicable,0,,
2024-07-21 03:51:00,CNR1830447109,Success,CID261371,eBike,Rajarajeshwari Nagar,Tumkur Road,252.0,105.0,Not Applicable,Not Applicable,No,Not Applicable,371,UPI,8,3.7,4.3
2024-07-17 23:19:00,CNR5599172516,Canceled by Customer,CID562060,Mini,Richmond Town,Shantinagar,,,Driver is not moving towards pickup location,Not Applicable,Not Applicable,Not Applicable,130,Not Applicable,0,,
2024-07-20 08:01:00,CNR4914747624,Canceled by Customer,CID770302,eBike,Jayanagar,Shantinagar,,,Driver is not moving towards pickup location,Not Applicable,Not Applicable,Not Applicable,309,Not Applicable,0,,
2024-07-20 15:04:00,CNR8381393513,Driver Not Found,CID804251,Prime SUV,Richmond Town,Vijayanagar,,,Not Applicable,Not Applicable,Not Applicable,Not Applicable,183,Not Applicable,0,,
2024-07-10 19:57:00,CNR3929044456,Success,CID298449,Auto,Ulsoor,Shivajinagar,168.0,65.0,Not Applicable,Not Applicable,No,Not Applicable,197,UPI,17,4.1,4.2
2024-07-24 15:20:00,CNR5545428560,Success,CID876980,Prime SUV,Peenya,Richmond Town,245.0,75.0,Not Applicable,Not Applicable,Yes,Other Issue,2159,UPI,8,5.0,3.5
2024-07-22 16:48:00,CNR9435910246,Driver Not Found,CID376500,Mini,Malleshwaram,Nagarbhavi,,,Not Applicable,Not Applicable,Not Applicable,Not Applicable,313,Not Applicable,0,,
2024-07-16 20:09:00,CNR2313106468,Canceled by Driver,CID123428,Prime SUV,HSR Layout,Langford Town,,,Not Applicable,Personal & Car related issue,Not Applicable,Not Applicable,746,Not Applicable,0,,
2024-07-12 09:05:00,CNR9183759395,Success,CID338818,Bike,Basavanagudi,BTM Layout,133.0,95.0,Not Applicable,Not Applicable,No,Not Applicable,127,UPI,17,3.1,3.2
2024-07-15 04:27:00,CNR8376250243,Success,CID523928,Prime SUV,Ulsoor,Sarjapur Road,98.0,65.0,Not Applicable,Not Applicable,No,Not Applicable,339,Cash,35,4.4,3.3
2024-07-20 01:09:00,CNR9289411644,Success,CID761594,Mini,Langford Town,Yeshwanthpur,112.0,115.0,Not Applicable,Not Applicable,Yes,Customer Demand,241,Cash,26,4.5,4.3
2024-07-24 10:32:00,CNR7386849534,Success,CID635585,eBike,Chamarajpet,Tumkur Road,140.0,85.0,Not Applicable,Not Applicable,No,Not Applicable,730,Cash,46,4.5,4.3
2024-07-06 10:19:00,CNR6719386062,Success,CID362604,Mini,RT Nagar,Hennur,308.0,120.0,Not Applicable,Not Applicable,No,Not Applicable,897,Cash,35,5.0,4.0
2024-07-30 14:24:00,CNR4464803356,Success,CID439074,Prime Sedan,Bellandur,Chickpet,35.0,130.0,Not Applicable,Not Applicable,Yes,Customer Demand,350,Cash,12,4.8,3.5
2024-07-04 07:34:00,CNR3666464643,Canceled by Customer,CID819710,Prime Sedan,Ramamurthy Nagar,Shivajinagar,,,Change of plans,Not Applicable,Not Applicable,Not Applicable,429,Not Applicable,0,,
2024-07-21 04:24:00,CNR6847301165,Canceled by Driver,CID312293,Prime SUV,Kengeri,Basavanagudi,,,Not Applicable,Personal & Car related issue,Not Applicable,Not Applicable,2665,Not Applicable,0,,
2024-07-09 06:31:00,CNR4186114144,Success,CID530905,eBike,Bannerghatta Road,Majestic,231.0,55.0,Not Applicable,Not Applicable,No,Not Applicable,369,Cash,15,3.0,4.1
2024-07-05 02:27:00,CNR3540457111,Success,CID352798,Mini,Tumkur Road,Richmond Town,182.0,95.0,Not Applicable,Not Applicable,No,Not Applicable,2047,UPI,33,3.1,3.2
2024-07-10 07:51:00,CNR5593871128,Success,CID315215,Auto,Malleshwaram,Peenya,77.0,100.0,Not Applicable,Not Applicable,No,Not Applicable,584,Cash,17,3.9,3.1
2024-07-10 06:11:00,CNR8380774437,Canceled by Driver,CID324735,eBike,Indiranagar,Chickpet,,,Not Applicable,Customer related issue,Not Applicable,Not Applicable,968,Not Applicable,0,,
2024-07-05 20:19:00,CNR1210924520,Success,CID260501,eBike,JP Nagar,Vijayanagar,168.0,75.0,Not Applicable,Not Applicable,No,Not Applicable,460,UPI,26,3.6,5.0
2024-07-23 17:11:00,CNR3290519181,Success,CID915525,eBike,Bannerghatta Road,Frazer Town,238.0,85.0,Not Applicable,Not Applicable,No,Not Applicable,237,Cash,47,3.2,3.0
2024-07-02 22:21:00,CNR9004690102,Canceled by Driver,CID924736,Prime SUV,Bellandur,Electronic City,,,Not Applicable,Personal & Car related issue,Not Applicable,Not Applicable,402,Not Applicable,0,,
2024-07-15 18:02:00,CNR8467272890,Canceled by Driver,CID494004,Prime Sedan,Sarjapur Road,Basavanagudi,,,Not Applicable,Customer related issue,Not Applicable,Not Applicable,123,Not Applicable,0,,
2024-07-01 15:42:00,CNR2674216166,Canceled by Customer,CID421949,Mini,Shantinagar,Varthur,,,AC is Not working,Not Applicable,Not Applicable,Not Applicable,321,Not Applicable,0,,
2024-07-14 15:46:00,CNR7145626747,Success,CID906999,Auto,Yelahanka,Basavanagudi,175.0,50.0,Not Applicable,Not Applicable,No,Not Applicable,908,UPI,8,4.7,3.8
2024-07-28 12:13:00,CNR2174806181,Canceled by Driver,CID836603,Prime Plus,Kammanahalli,Ramamurthy Nagar,,,Not Applicable,Customer related issue,Not Applicable,Not Applicable,2097,Not Applicable,0,,
2024-07-23 12:15:00,CNR1826039250,Canceled by Driver,CID273672,Auto,Malleshwaram,Nagarbhavi,,,Not Applicable,Personal & Car related issue,Not Applicable,Not Applicable,826,Not Applicable,0,,
2024-07-17 03:40:00,CNR8798629806,Canceled by Customer,CID650735,Prime Plus,Shantinagar,Marathahalli,,,Wrong Address,Not Applicable,Not Applicable,Not Applicable,288,Not Applicable,0,,
2024-07-04 19:48:00,CNR2606995726,Driver Not Found,CID376843,Mini,Chickpet,Rajajinagar,,,Not Applicable,Not Applicable,Not Applicable,Not Applicable,869,Not Applicable,0,,
2024-07-08 21:20:00,CNR8919036408,Success,CID712121,eBike,Varthur,Devanahalli,56.0,45.0,Not Applicable,Not Applicable,No,Not Applicable,162,Cash,45,4.8,4.8
2024-07-20 06:30:00,CNR1543317594,Success,CID207361,Prime SUV,Basavanagudi,Varthur,280.0,30.0,Not Applicable,Not Applicable,No,Not Applicable,328,UPI,1,4.6,4.0
2024-07-10 17:35:00,CNR2125024972,Canceled by Driver,CID304922,Prime SUV,Sarjapur Road,Banashankari,,,Not Applicable,Customer related issue,Not Applicable,Not Applicable,245,Not Applicable,0,,
2024-07-12 04:01:00,CNR4892015193,Success,CID140042,Auto,KR Puram,Varthur,287.0,100.0,Not Applicable,Not Applicable,No,Not Applicable,938,UPI,16,3.8,3.9
2024-07-05 03:04:00,CNR7399679198,Success,CID315619,Prime SUV,Hebbal,Yelahanka,133.0,50.0,Not Applicable,Not Applicable,No,Not Applicable,825,Cash,1,3.6,3.4
2024-07-10 19:22:00,CNR4298588804,Success,CID861701,Prime SUV,Varthur,Yelahanka,168.0,125.0,Not Applicable,Not Applicable,No,Not Applicable,284,Cash,25,4.3,3.2
2024-07-02 13:12:00,CNR3838334111,Success,CID904537,Prime SUV,Basavanagudi,Basavanagudi,245.0,75.0,Not Applicable,Not Applicable,No,Not Applicable,486,UPI,41,4.1,3.9
2024-07-27 19:10:00,CNR2745188195,Success,CID742762,Mini,Rajarajeshwari Nagar,Frazer Town,273.0,80.0,Not Applicable,Not Applicable,No,Not Applicable,791,Cash,12,4.2,4.6
2024-07-11 00:33:00,CNR6487242734,Success,CID156608,eBike,Sarjapur Road,Rajarajeshwari Nagar,140.0,95.0,Not Applicable,Not Applicable,No,Not Applicable,344,UPI,31,4.3,4.5
2024-07-20 23:50:00,CNR7980806564,Success,CID989253,Bike,Bannerghatta Road,Mysore Road,182.0,115.0,Not Applicable,Not Applicable,No,Not Applicable,528,Cash,39,3.9,4.2
2024-07-22 04:43:00,CNR6822939928,Success,CID614313,Mini,KR Puram,Hulimavu,56.0,105.0,Not Applicable,Not Applicable,No,Not Applicable,241,Cash,29,4.8,3.7
2024-07-14 21:09:00,CNR9816929295,Success,CID204095,Auto,Whitefield,Kammanahalli,56.0,120.0,Not Applicable,Not Applicable,No,Not Applicable,407,Cash,16,4.1,4.0
2024-07-08 22:02:00,CNR7696605731,Success,CID858306,Prime Sedan,Hennur,Kammanahalli,252.0,145.0,Not Applicable,Not Applicable,No,Not Applicable,969,UPI,45,5.0,4.7
2024-07-21 03:01:00,CNR3364996415,Success,CID523192,Prime Plus,Hosur Road,Shantinagar,140.0,85.0,Not Applicable,Not Applicable,No,Not Applicable,249,UPI,36,4.7,3.3
2024-07-12 14:31:00,CNR9661918050,Canceled by Customer,CID728310,eBike,Rajajinagar,Sarjapur Road,,,Driver is not moving towards pickup location,Not Applicable,Not Applicable,Not Applicable,323,Not Applicable,0,,
2024-07-08 07:53:00,CNR3069829129,Driver Not Found,CID326820,Prime SUV,Frazer Town,Malleshwaram,,,Not Applicable,Not Applicable,Not Applicable,Not Applicable,208,Not Applicable,0,,
2024-07-17 22:15:00,CNR4085726964,Success,CID997868,Bike,Rajarajeshwari Nagar,Langford Town,175.0,115.0,Not Applicable,Not Applicable,No,Not Applicable,265,UPI,4,4.7,4.6
2024-07-10 10:09:00,CNR4022792019,Success,CID687989,Mini,Sarjapur Road,Yeshwanthpur,252.0,55.0,Not Applicable,Not Applicable,Yes,Vehicle Breakdown,222,Cash,43,3.2,4.5
2024-07-18 08:23:00,CNR6855209307,Success,CID908459,Prime Plus,Vijayanagar,Malleshwaram,210.0,135.0,Not Applicable,Not Applicable,No,Not Applicable,1021,UPI,41,4.6,3.0
2024-07-25 19:57:00,CNR6774221770,Success,CID748742,Mini,Ramamurthy Nagar,Langford Town,217.0,100.0,Not Applicable,Not Applicable,No,Not Applicable,163,Cash,14,4.2,4.0
2024-07-10 02:24:00,CNR8887736848,Canceled by Customer,CID150704,Auto,Kengeri,Hennur,,,Wrong Address,Not Applicable,Not Applicable,Not Applicable,144,Not Applicable,0,,
2024-07-20 14:45:00,CNR9036562672,Success,CID912852,eBike,Peenya,Rajajinagar,273.0,60.0,Not Applicable,Not Applicable,No,Not Applicable,280,UPI,8,4.9,4.0
2024-07-22 05:51:00,CNR1412197612,Success,CID304789,Prime Plus,Hulimavu,Kengeri,98.0,40.0,Not Applicable,Not Applicable,No,Not Applicable,902,Cash,49,3.6,4.3
2024-07-06 06:20:00,CNR1577092655,Canceled by Driver,CID292923,Prime SUV,Rajarajeshwari Nagar,Yelahanka,,,Not Applicable,Customer related issue,Not Applicable,Not Applicable,564,Not Applicable,0,,
2024-07-19 06:51:00,CNR6242980575,Success,CID210098,Bike,Magadi Road,MG Road,294.0,125.0,Not Applicable,Not Applicable,No,Not Applicable,159,Cash,40,3.3,3.3
2024-07-19 22:31:00,CNR4172113714,Success,CID731248,Bike,Bannerghatta Road,Rajarajeshwari Nagar,63.0,60.0,Not Applicable,Not Applicable,No,Not Applicable,179,Cash,2,4.1,3.5
2024-07-28 14:16:00,CNR6121138328,Canceled by Driver,CID888267,Prime Sedan,Peenya,Koramangala,,,Not Applicable,Customer was coughing/sick,Not Applicable,Not Applicable,189,Not Applicable,0,,
2024-07-20 20:27:00,CNR5912069436,Driver Not Found,CID641356,Prime Plus,Rajarajeshwari Nagar,Sarjapur Road,,,Not Applicable,Not Applicable,Not Applicable,Not Applicable,312,Not Applicable,0,,
2024-07-18 18:46:00,CNR1426398831,Canceled by Driver,CID418211,Prime SUV,Bellandur,Rajarajeshwari Nagar,,,Not Applicable,Customer was coughing/sick,Not Applicable,Not Applicable,180,Not Applicable,0,,
2024-07-19 15:07:00,CNR1615741970,Success,CID244510,Bike,Shivajinagar,Jayanagar,287.0,145.0,Not Applicable,Not Applicable,No,Not Applicable,105,Cash,25,4.3,4.0
2024-07-30 17:12:00,CNR1422006873,Success,CID791650,Prime SUV,Hosur Road,Yelahanka,105.0,30.0,Not Applicable,Not Applicable,No,Not Applicable,676,UPI,13,4.3,4.7
2024-07-09 21:33:00,CNR2762961900,Canceled by Driver,CID679676,Auto,Basavanagudi,Padmanabhanagar,,,Not Applicable,Customer related issue,Not Applicable,Not Applicable,478,Not Applicable,0,,
2024-07-08 14:43:00,CNR3426147184,Success,CID557972,eBike,Bellandur,Majestic,70.0,70.0,Not Applicable,Not Applicable,No,Not Applicable,243,UPI,30,4.0,3.6
2024-07-28 22:49:00,CNR1380733762,Success,CID455350,eBike,Hosur Road,Shivajinagar,56.0,30.0,Not Applicable,Not Applicable,No,Not Applicable,219,UPI,6,3.2,3.0
2024-07-28 23:05:00,CNR6414908494,Canceled by Driver,CID234651,Auto,Shivajinagar,Vijayanagar,,,Not Applicable,Customer related issue,Not Applicable,Not Applicable,111,Not Applicable,0,,
2024-07-15 17:54:00,CNR5593903243,Success,CID126441,Prime SUV,Bannerghatta Road,Richmond Town,112.0,85.0,Not Applicable,Not Applicable,No,Not Applicable,376,Cash,37,3.6,3.0
2024-07-05 18:33:00,CNR9629336719,Success,CID553650,Bike,Marathahalli,Ulsoor,294.0,60.0,Not Applicable,Not Applicable,No,Not Applicable,2755,Cash,49,4.4,3.4
2024-07-03 19:19:00,CNR7162999336,Success,CID553446,Prime Sedan,Indiranagar,Peenya,154.0,130.0,Not Applicable,Not Applicable,No,Not Applicable,481,Cash,23,4.0,4.0
2024-07-13 05:17:00,CNR5251441830,Success,CID979059,Prime SUV,Whitefield,Chamarajpet,105.0,140.0,Not Applicable,Not Applicable,No,Not Applicable,129,UPI,3,3.3,3.4
2024-07-11 04:43:00,CNR4262933151,Success,CID260096,Prime SUV,Ramamurthy Nagar,Yelahanka,182.0,120.0,Not Applicable,Not Applicable,No,Not Applicable,109,Cash,4,4.5,3.1
2024-07-13 20:15:00,CNR4918454974,Canceled by Customer,CID696956,Bike,Kengeri,KR Puram,,,Driver asked to cancel,Not Applicable,Not Applicable,Not Applicable,544,Not Applicable,0,,
2024-07-26 02:23:00,CNR4497079579,Canceled by Driver,CID951175,eBike,RT Nagar,Majestic,,,Not Applicable,Customer was coughing/sick,Not Applicable,Not Applicable,696,Not Applicable,0,,
2024-07-17 20:43:00,CNR7428348014,Success,CID290873,Mini,RT Nagar,Hulimavu,308.0,90.0,Not Applicable,Not Applicable,No,Not Applicable,1849,UPI,24,3.7,4.6
2024-07-14 00:06:00,CNR6557733640,Success,CID684663,Auto,Shivajinagar,Mysore Road,35.0,115.0,Not Applicable,Not Applicable,No,Not Applicable,283,Credit Card,8,3.4,3.5
2024-07-06 12:57:00,CNR8425627844,Success,CID213171,Prime Sedan,Padmanabhanagar,Ramamurthy Nagar,238.0,50.0,Not Applicable,Not Applicable,No,Not Applicable,483,UPI,10,3.8,4.1
2024-07-30 00:58:00,CNR6510163076,Success,CID657778,Prime Sedan,Cox Town,Kadugodi,140.0,140.0,Not Applicable,Not Applicable,No,Not Applicable,455,Cash,15,3.3,3.3
2024-07-27 05:23:00,CNR5073646737,Canceled by Driver,CID640628,Mini,BTM Layout,Electronic City,,,Not Applicable,Customer related issue,Not Applicable,Not Applicable,268,Not Applicable,0,,
2024-07-11 10:54:00,CNR6547571259,Success,CID371181,eBike,Electronic City,MG Road,49.0,110.0,Not Applicable,Not Applicable,No,Not Applicable,252,UPI,40,3.5,4.4
2024-07-25 01:46:00,CNR8333499883,Success,CID501830,Bike,Indiranagar,MG Road,266.0,55.0,Not Applicable,Not Applicable,No,Not Applicable,278,Cash,40,3.9,4.4
2024-07-17 08:54:00,CNR3052098977,Canceled by Customer,CID797056,eBike,Majestic,BTM Layout,,,Wrong Address,Not Applicable,Not Applicable,Not Applicable,473,Not Applicable,0,,
2024-07-27 04:28:00,CNR3577920803,Success,CID652197,eBike,Richmond Town,Kengeri,308.0,95.0,Not Applicable,Not Applicable,No,Not Applicable,260,Cash,23,4.7,3.2
2024-07-11 14:20:00,CNR5627581713,Canceled by Customer,CID978347,Prime SUV,Kengeri,Sahakar Nagar,,,Driver asked to cancel,Not Applicable,Not Applicable,Not Applicable,1045,Not Applicable,0,,
2024-07-20 21:26:00,CNR3381162307,Driver Not Found,CID574652,Prime Plus,Whitefield,Rajarajeshwari Nagar,,,Not Applicable,Not Applicable,Not Applicable,Not Applicable,423,Not Applicable,0,,
2024-07-26 13:22:00,CNR8758802889,Success,CID487494,Mini,Hennur,Padmanabhanagar,49.0,95.0,Not Applicable,Not Applicable,No,Not Applicable,254,UPI,30,3.1,3.3
2024-07-26 18:56:00,CNR6514400424,Canceled by Driver,CID556058,Prime Sedan,Banashankari,Yeshwanthpur,,,Not Applicable,Personal & Car related issue,Not Applicable,Not Applicable,241,Not Applicable,0,,
2024-07-29 19:19:00,CNR3167969645,Canceled by Driver,CID870732,Bike,Ulsoor,Richmond Town,,,Not Applicable,Customer related issue,Not Applicable,Not Applicable,335,Not Applicable,0,,
2024-07-20 00:32:00,CNR5545286333,Canceled by Driver,CID480518,Auto,Chickpet,Rajarajeshwari Nagar,,,Not Applicable,More than permitted people in there,Not Applicable,Not Applicable,2863,Not Applicable,0,,
2024-07-19 09:51:00,CNR1334369402,Success,CID305053,Prime Sedan,Basavanagudi,Langford Town,56.0,30.0,Not Applicable,Not Applicable,No,Not Applicable,248,UPI,36,3.7,4.9
2024-07-01 01:46:00,CNR5212185770,Success,CID480240,eBike,MG Road,Rajarajeshwari Nagar,112.0,90.0,Not Applicable,Not Applicable,No,Not Applicable,232,Cash,36,4.1,3.9
2024-07-14 06:26:00,CNR1026302889,Success,CID850670,Mini,Marathahalli,Shivajinagar,84.0,135.0,Not Applicable,Not Applicable,No,Not Applicable,475,UPI,21,4.8,3.4
2024-07-10 06:40:00,CNR1403332226,Driver Not Found,CID883453,Mini,HSR Layout,HSR Layout,,,Not Applicable,Not Applicable,Not Applicable,Not Applicable,318,Not Applicable,0,,
2024-07-07 22:46:00,CNR7297496981,Driver Not Found,CID332974,Bike,Magadi Road,Yeshwanthpur,,,Not Applicable,Not Applicable,Not Applicable,Not Applicable,786,Not Applicable,0,,
2024-07-26 06:11:00,CNR7093433972,Success,CID582143,Prime Sedan,KR Puram,Marathahalli,308.0,115.0,Not Applicable,Not Applicable,No,Not Applicable,396,UPI,46,4.7,5.0
2024-07-09 21:32:00,CNR2822484659,Success,CID737799,Auto,Magadi Road,Hosur Road,49.0,40.0,Not Applicable,Not Applicable,No,Not Applicable,2770,Cash,11,4.9,3.2
2024-07-02 09:16:00,CNR4523194521,Canceled by Driver,CID313834,Prime SUV,Cox Town,Chickpet,,,Not Applicable,Personal & Car related issue,Not Applicable,Not Applicable,389,Not Applicable,0,,
2024-07-13 01:59:00,CNR8208942326,Canceled by Customer,CID316084,Mini,Sarjapur Road,MG Road,,,Driver is not moving towards pickup location,Not Applicable,Not Applicable,Not Applicable,313,Not Applicable,0,,
2024-07-19 14:56:00,CNR1751985433,Canceled by Driver,CID590254,eBike,Sarjapur Road,Varthur,,,Not Applicable,Customer was coughing/sick,Not Applicable,Not Applicable,204,Not Applicable,0,,
2024-07-24 05:43:00,CNR5777448785,Success,CID572333,Mini,Shivajinagar,Devanahalli,301.0,45.0,Not Applicable,Not Applicable,No,Not Applicable,508,UPI,18,3.5,4.5
2024-07-19 08:12:00,CNR3280740476,Success,CID340240,eBike,Peenya,MG Road,56.0,55.0,Not Applicable,Not Applicable,No,Not Applicable,168,Cash,38,4.1,3.2
2024-07-20 02:01:00,CNR8268200269,Success,CID448014,eBike,Kammanahalli,Nagarbhavi,161.0,140.0,Not Applicable,Not Applicable,No,Not Applicable,411,Cash,4,4.4,3.6
2024-07-21 05:34:00,CNR1069549693,Success,CID489337,Bike,Chamarajpet,Ulsoor,56.0,100.0,Not Applicable,Not Applicable,No,Not Applicable,172,Cash,49,4.1,3.7
2024-07-26 10:01:00,CNR1372180386,Success,CID243597,Prime Plus,Hosur Road,Bellandur,287.0,90.0,Not Applicable,Not Applicable,No,Not Applicable,422,Cash,45,3.4,4.7
2024-07-19 21:53:00,CNR8929323326,Success,CID978259,Prime Sedan,Kadugodi,Shivajinagar,231.0,60.0,Not Applicable,Not Applicable,No,Not Applicable,141,UPI,20,3.6,4.7
2024-07-20 09:18:00,CNR9670455173,Success,CID427914,Auto,Magadi Road,JP Nagar,175.0,90.0,Not Applicable,Not Applicable,No,Not Applicable,359,Cash,1,3.2,4.7
2024-07-10 21:06:00,CNR5734810340,Success,CID915691,Prime Plus,Hosur Road,Shivajinagar,168.0,90.0,Not Applicable,Not Applicable,No,Not Applicable,620,UPI,46,3.3,4.8
2024-07-29 00:59:00,CNR2587287642,Canceled by Customer,CID165759,Auto,Majestic,Ulsoor,,,Driver is not moving towards pickup location,Not Applicable,Not Applicable,Not Applicable,223,Not Applicable,0,,
2024-07-14 22:44:00,CNR3572291773,Canceled by Customer,CID451134,Prime Sedan,Sahakar Nagar,Rajarajeshwari Nagar,,,Driver is not moving towards pickup location,Not Applicable,Not Applicable,Not Applicable,615,Not Applicable,0,,
2024-07-30 14:45:00,CNR4468861021,Driver Not Found,CID516989,Prime SUV,Kammanahalli,RT Nagar,,,Not Applicable,Not Applicable,Not Applicable,Not Applicable,223,Not Applicable,0,,
2024-07-27 13:38:00,CNR9306600855,Success,CID202021,Prime SUV,Rajarajeshwari Nagar,Langford Town,238.0,105.0,Not Applicable,Not Applicable,No,Not Applicable,2579,Cash,31,4.2,4.1
2024-07-15 07:16:00,CNR6435846053,Canceled by Driver,CID889078,Bike,Malleshwaram,Padmanabhanagar,,,Not Applicable,Personal & Car related issue,Not Applicable,Not Applicable,864,Not Applicable,0,,
2024-07-02 17:24:00,CNR1554991269,Driver Not Found,CID393382,Prime Plus,Shivajinagar,Whitefield,,,Not Applicable,Not Applicable,Not Applicable,Not Applicable,387,Not Applicable,0,,
2024-07-30 02:09:00,CNR4272761173,Success,CID266848,Bike,Whitefield,Hulimavu,126.0,40.0,Not Applicable,Not Applicable,No,Not Applicable,189,UPI,14,5.0,4.6
2024-07-01 20:08:00,CNR1317133267,Success,CID781183,Prime Plus,Frazer Town,Jayanagar,84.0,110.0,Not Applicable,Not Applicable,No,Not Applicable,574,UPI,2,3.7,4.6
2024-07-30 00:52:00,CNR7199235294,Success,CID514542,Mini,Yelahanka,Kengeri,140.0,90.0,Not Applicable,Not Applicable,No,Not Applicable,135,Cash,49,3.4,4.2
2024-07-03 03:32:00,CNR4744955798,Success,CID784458,Bike,Marathahalli,Rajarajeshwari Nagar,112.0,110.0,Not Applicable,Not Applicable,Yes,Vehicle Breakdown,592,UPI,13,3.6,4.0
2024-07-20 18:27:00,CNR6490318377,Canceled by Driver,CID829506,eBike,Rajarajeshwari Nagar,Devanahalli,,,Not Applicable,Customer related issue,Not Applicable,Not Applicable,591,Not Applicable,0,,
2024-07-09 09:56:00,CNR7847143339,Canceled by Driver,CID348477,Prime Plus,Hulimavu,Ramamurthy Nagar,,,Not Applicable,Personal & Car related issue,Not Applicable,Not Applicable,360,Not Applicable,0,,
2024-07-11 01:25:00,CNR3827082495,Success,CID406957,Prime Plus,Sahakar Nagar,Indiranagar,140.0,145.0,Not Applicable,Not Applicable,Yes,Customer Demand,673,UPI,22,4.2,4.2
2024-07-08 11:55:00,CNR4935771134,Success,CID613468,Mini,Yelahanka,Majestic,259.0,80.0,Not Applicable,Not Applicable,No,Not Applicable,532,Cash,20,3.7,4.1
2024-07-13 13:29:00,CNR8503323602,Canceled by Customer,CID417916,eBike,Majestic,Kadugodi,,,Driver asked to cancel,Not Applicable,Not Applicable,Not Applicable,439,Not Applicable,0,,
2024-07-12 10:26:00,CNR4725499326,Success,CID477894,Prime Plus,Frazer Town,Hosur Road,245.0,125.0,Not Applicable,Not Applicable,No,Not Applicable,177,Cash,36,3.8,4.9
2024-07-22 09:30:00,CNR6220678902,Canceled by Driver,CID180307,Prime SUV,Chickpet,Rajajinagar,,,Not Applicable,Customer related issue,Not Applicable,Not Applicable,395,Not Applicable,0,,
2024-07-26 15:17:00,CNR2470465505,Success,CID316729,Auto,Tumkur Road,Yeshwanthpur,210.0,105.0,Not Applicable,Not Applicable,No,Not Applicable,783,Cash,6,3.1,3.2
2024-07-19 12:11:00,CNR4408926898,Canceled by Customer,CID321988,Bike,MG Road,Devanahalli,,,Driver asked to cancel,Not Applicable,Not Applicable,Not Applicable,586,Not Applicable,0,,
2024-07-08 16:23:00,CNR1120952351,Success,CID279890,eBike,Peenya,Shivajinagar,161.0,35.0,Not Applicable,Not Applicable,No,Not Applicable,806,UPI,36,4.5,3.7
2024-07-29 19:17:00,CNR5691230978,Canceled by Customer,CID346774,Prime Sedan,Majestic,Yeshwanthpur,,,Driver is not moving towards pickup location,Not Applicable,Not Applicable,Not Applicable,2556,Not Applicable,0,,
2024-07-26 14:31:00,CNR7225401526,Driver Not Found,CID435724,Prime Sedan,Frazer Town,HSR Layout,,,Not Applicable,Not Applicable,Not Applicable,Not Applicable,127,Not Applicable,0,,
2024-07-03 22:39:00,CNR8964913708,Success,CID539310,Prime Plus,Basavanagudi,Kadugodi,308.0,110.0,Not Applicable,Not Applicable,No,Not Applicable,355,Cash,14,4.6,3.6
2024-07-24 22:06:00,CNR7126592412,Success,CID852347,Prime SUV,JP Nagar,Bellandur,203.0,130.0,Not Applicable,Not Applicable,No,Not Applicable,154,UPI,10,4.3,3.7
2024-07-30 12:00:00,CNR6360027644,Canceled by Driver,CID645947,eBike,Basavanagudi,Banashankari,,,Not Applicable,Personal & Car related issue,Not Applicable,Not Applicable,424,Not Applicable,0,,
2024-07-16 20:26:00,CNR1902971668,Success,CID490665,Auto,Kadugodi,JP Nagar,294.0,115.0,Not Applicable,Not Applicable,No,Not Applicable,231,Cash,7,4.6,3.8
2024-07-14 22:39:00,CNR8524116783,Canceled by Customer,CID923691,Prime SUV,Bannerghatta Road,Jayanagar,,,Wrong Address,Not Applicable,Not Applicable,Not Applicable,405,Not Applicable,0,,
2024-07-29 08:00:00,CNR5192130073,Success,CID467156,Prime Sedan,Yelahanka,Chickpet,49.0,110.0,Not Applicable,Not Applicable,No,Not Applicable,381,UPI,41,4.8,4.1
2024-07-19 02:29:00,CNR8780907095,Success,CID261164,eBike,Malleshwaram,Malleshwaram,70.0,45.0,Not Applicable,Not Applicable,No,Not Applicable,782,Cash,32,3.8,5.0
2024-07-02 08:22:00,CNR4738515873,Canceled by Customer,CID416966,Prime Sedan,Shantinagar,Rajajinagar,,,AC is Not working,Not Applicable,Not Applicable,Not Applicable,1180,Not Applicable,0,,
2024-07-06 10:44:00,CNR5399803626,Success,CID161853,Auto,Mysore Road,JP Nagar,266.0,25.0,Not Applicable,Not Applicable,No,Not Applicable,662,Cash,9,4.3,3.6
2024-07-01 21:32:00,CNR4228294749,Canceled by Driver,CID498229,Prime SUV,Padmanabhanagar,Malleshwaram,,,Not Applicable,Customer was coughing/sick,Not Applicable,Not Applicable,174,Not Applicable,0,,
2024-07-30 05:37:00,CNR8488324227,Success,CID231168,Prime Plus,Kengeri,Kengeri,196.0,130.0,Not Applicable,Not Applicable,No,Not Applicable,494,Cash,31,4.0,3.9
2024-07-12 10:45:00,CNR3204931898,Success,CID697086,Prime SUV,Nagarbhavi,Chickpet,140.0,70.0,Not Applicable,Not Applicable,No,Not Applicable,192,Cash,16,4.8,3.3
2024-07-15 12:40:00,CNR9879546833,Canceled by Customer,CID249609,Bike,Cox Town,HSR Layout,,,AC is Not working,Not Applicable,Not Applicable,Not Applicable,743,Not Applicable,0,,
2024-07-11 21:54:00,CNR6646201333,Success,CID107724,Prime Plus,Whitefield,Hulimavu,287.0,125.0,Not Applicable,Not Applicable,No,Not Applicable,257,Cash,27,4.2,3.6
2024-07-01 11:08:00,CNR8168410459,Success,CID342710,Bike,Yeshwanthpur,Nagarbhavi,105.0,60.0,Not Applicable,Not Applicable,No,Not Applicable,332,Cash,17,3.6,4.2
2024-07-29 02:36:00,CNR6130030935,Success,CID823221,Prime SUV,Kengeri,Magadi Road,294.0,85.0,Not Applicable,Not Applicable,No,Not Applicable,319,Cash,48,3.5,4.4
2024-07-15 22:19:00,CNR6242772780,Success,CID500895,Prime SUV,Varthur,Yelahanka,266.0,55.0,Not Applicable,Not Applicable,No,Not Applicable,403,Cash,46,3.2,3.6
2024-07-07 22:11:00,CNR6388010605,Success,CID218004,Prime Plus,Yeshwanthpur,RT Nagar,231.0,75.0,Not Applicable,Not Applicable,No,Not Applicable,441,Cash,37,3.4,3.2
2024-07-05 03:41:00,CNR8344233988,Canceled by Driver,CID950738,Prime Plus,Vijayanagar,Electronic City,,,Not Applicable,Personal & Car related issue,Not Applicable,Not Applicable,394,Not Applicable,0,,
2024-07-08 21:47:00,CNR9810974081,Success,CID544465,Prime SUV,BTM Layout,Jayanagar,84.0,110.0,Not Applicable,Not Applicable,No,Not Applicable,315,Cash,4,3.2,3.5
2024-07-02 20:53:00,CNR3608215664,Success,CID778725,Mini,Majestic,Kammanahalli,224.0,85.0,Not Applicable,Not Applicable,No,Not Applicable,277,Cash,41,3.4,3.0
2024-07-21 00:27:00,CNR7209486533,Canceled by Driver,CID803202,Auto,Electronic City,Basavanagudi,,,Not Applicable,Customer related issue,Not Applicable,Not Applicable,461,Not Applicable,0,,
2024-07-06 00:31:00,CNR5289166425,Success,CID632923,Prime Plus,Indiranagar,Yelahanka,182.0,65.0,Not Applicable,Not Applicable,No,Not Applicable,113,UPI,18,4.0,4.7
2024-07-19 07:18:00,CNR7073480240,Canceled by Driver,CID506122,Auto,Indiranagar,Basavanagudi,,,Not Applicable,Personal & Car related issue,Not Applicable,Not Applicable,989,Not Applicable,0,,
2024-07-03 23:54:00,CNR2273164851,Success,CID165390,eBike,Jayanagar,Peenya,189.0,80.0,Not Applicable,Not Applicable,No,Not Applicable,183,UPI,37,3.6,4.9
2024-07-08 15:05:00,CNR1656843840,Success,CID914547,Prime Sedan,Indiranagar,Mysore Road,259.0,135.0,Not Applicable,Not Applicable,No,Not Applicable,341,UPI,4,4.2,4.9
2024-07-04 07:24:00,CNR7253883542,Success,CID367937,Bike,Electronic City,RT Nagar,224.0,135.0,Not Applicable,Not Applicable,No,Not Applicable,377,UPI,8,4.9,4.6
2024-07-01 04:50:00,CNR4486936072,Canceled by Customer,CID706815,Auto,Bellandur,Hosur Road,,,AC is Not working,Not Applicable,Not Applicable,Not Applicable,374,Not Applicable,0,,
2024-07-03 07:35:00,CNR4822021733,Canceled by Customer,CID738086,Auto,Nagarbhavi,Marathahalli,,,Change of plans,Not Applicable,Not Applicable,Not Applicable,413,Not Applicable,0,,
2024-07-26 12:09:00,CNR8249952076,Success,CID292809,Prime Plus,Sarjapur Road,Mysore Road,210.0,85.0,Not Applicable,Not Applicable,No,Not Applicable,1091,UPI,22,4.2,3.7
2024-07-22 13:13:00,CNR1379249537,Success,CID852265,eBike,Shivajinagar,Tumkur Road,56.0,60.0,Not Applicable,Not Applicable,No,Not Applicable,193,Cash,32,4.8,4.5
2024-07-26 20:07:00,CNR8426399627,Success,CID555882,Auto,JP Nagar,Frazer Town,63.0,115.0,Not Applicable,Not Applicable,No,Not Applicable,859,Cash,15,5.0,4.6
2024-07-21 10:33:00,CNR3668682375,Success,CID307852,eBike,Nagarbhavi,Majestic,287.0,125.0,Not Applicable,Not Applicable,No,Not Applicable,692,UPI,25,4.0,3.4
2024-07-17 05:54:00,CNR8967147887,Canceled by Customer,CID269743,Auto,Bannerghatta Road,JP Nagar,,,AC is Not working,Not Applicable,Not Applicable,Not Applicable,345,Not Applicable,0,,
2024-07-15 22:35:00,CNR1620192420,Canceled by Driver,CID725877,Prime SUV,BTM Layout,Vijayanagar,,,Not Applicable,Customer related issue,Not Applicable,Not Applicable,295,Not Applicable,0,,
2024-07-26 15:45:00,CNR1033962606,Success,CID871896,Auto,Shivajinagar,Whitefield,112.0,90.0,Not Applicable,Not Applicable,No,Not Applicable,112,UPI,4,4.2,3.1
2024-07-14 22:40:00,CNR8869118536,Success,CID355435,Bike,Varthur,Malleshwaram,266.0,35.0,Not Applicable,Not Applicable,No,Not Applicable,296,UPI,46,3.4,3.3
2024-07-29 19:06:00,CNR2198943698,Success,CID634305,Prime SUV,Frazer Town,Rajajinagar,154.0,60.0,Not Applicable,Not Applicable,Yes,Customer Demand,176,Cash,14,4.9,4.8
2024-07-28 23:57:00,CNR2585067830,Success,CID251932,Prime Plus,JP Nagar,Shantinagar,168.0,65.0,Not Applicable,Not Applicable,No,Not Applicable,231,Cash,31,4.0,4.9
2024-07-21 05:20:00,CNR7242663498,Success,CID576725,Auto,Shantinagar,Tumkur Road,231.0,65.0,Not Applicable,Not Applicable,No,Not Applicable,249,Cash,10,3.3,3.6
2024-07-11 23:00:00,CNR1436654173,Canceled by Driver,CID541336,Prime Plus,Sahakar Nagar,Hebbal,,,Not Applicable,Customer was coughing/sick,Not Applicable,Not Applicable,433,Not Applicable,0,,
2024-07-28 05:32:00,CNR1722042753,Success,CID205272,Prime SUV,Jayanagar,Chamarajpet,252.0,70.0,Not Applicable,Not Applicable,Yes,Customer Demand,2280,UPI,27,4.5,4.3
2024-07-05 12:12:00,CNR5057362770,Success,CID696509,Prime Plus,Peenya,Electronic City,252.0,85.0,Not Applicable,Not Applicable,No,Not Applicable,327,Cash,33,4.3,4.8
2024-07-07 09:31:00,CNR6098785464,Canceled by Driver,CID595124,eBike,Richmond Town,Hulimavu,,,Not Applicable,More than permitted people in there,Not Applicable,Not Applicable,397,Not Applicable,0,,
2024-07-26 17:40:00,CNR6702768876,Success,CID389144,eBike,Shantinagar,Langford Town,252.0,70.0,Not Applicable,Not Applicable,No,Not Applicable,1019,Cash,30,3.8,4.1
2024-07-20 01:56:00,CNR5173781038,Success,CID288110,eBike,Ulsoor,Kammanahalli,84.0,30.0,Not Applicable,Not Applicable,No,Not Applicable,396,Cash,49,4.3,3.4
2024-07-10 11:10:00,CNR2522203020,Driver Not Found,CID941539,Auto,Cox Town,Ramamurthy Nagar,,,Not Applicable,Not Applicable,Not Applicable,Not Applicable,302,Not Applicable,0,,
2024-07-27 10:05:00,CNR1234683295,Success,CID557855,Prime Sedan,Frazer Town,Frazer Town,196.0,55.0,Not Applicable,Not Applicable,No,Not Applicable,222,Cash,34,4.2,4.0
2024-07-28 01:20:00,CNR7641552118,Success,CID413389,Prime Sedan,Hebbal,Shantinagar,70.0,35.0,Not Applicable,Not Applicable,No,Not Applicable,457,UPI,49,3.2,3.7
2024-07-22 11:16:00,CNR9277136107,Driver Not Found,CID437008,Prime SUV,Peenya,Basavanagudi,,,Not Applicable,Not Applicable,Not Applicable,Not Applicable,297,Not Applicable,0,,
2024-07-17 20:07:00,CNR8965684932,Success,CID739303,Prime SUV,Padmanabhanagar,Vijayanagar,70.0,45.0,Not Applicable,Not Applicable,No,Not Applicable,362,Cash,30,3.8,4.4
2024-07-28 04:52:00,CNR2888349618,Success,CID302604,Auto,Devanahalli,Frazer Town,259.0,65.0,Not Applicable,Not Applicable,No,Not Applicable,839,Cash,18,4.4,4.4
2024-07-28 08:01:00,CNR5490236677,Success,CID102900,Auto,Langford Town,MG Road,161.0,50.0,Not Applicable,Not Applicable,No,Not Applicable,182,UPI,19,3.9,3.7
2024-07-27 01:17:00,CNR2097789425,Success,CID279346,Mini,JP Nagar,Koramangala,133.0,30.0,Not Applicable,Not Applicable,No,Not Applicable,442,UPI,26,4.1,3.5
2024-07-18 03:31:00,CNR1076415418,Success,CID774061,Prime Sedan,Hebbal,Yeshwanthpur,77.0,135.0,Not Applicable,Not Applicable,No,Not Applicable,273,UPI,22,3.6,3.5
2024-07-17 11:46:00,CNR2485901805,Success,CID914368,Prime Plus,Bellandur,Varthur,168.0,75.0,Not Applicable,Not Applicable,No,Not Applicable,390,Cash,47,3.6,4.9
2024-07-09 07:43:00,CNR3219667901,Success,CID165501,Prime Plus,Sarjapur Road,Hebbal,301.0,115.0,Not Applicable,Not Applicable,No,Not Applicable,254,Cash,23,3.1,3.2
2024-07-18 10:48:00,CNR1064848855,Success,CID554039,Auto,Magadi Road,Malleshwaram,308.0,125.0,Not Applicable,Not Applicable,No,Not Applicable,254,Cash,16,3.3,4.1
2024-07-20 16:40:00,CNR4138820909,Success,CID662947,Auto,Basavanagudi,Ulsoor,175.0,65.0,Not Applicable,Not Applicable,No,Not Applicable,320,UPI,14,3.4,4.0
2024-07-25 22:57:00,CNR8149345552,Success,CID105913,Mini,JP Nagar,RT Nagar,63.0,125.0,Not Applicable,Not Applicable,No,Not Applicable,167,UPI,32,3.1,3.4
2024-07-05 15:39:00,CNR2976899211,Canceled by Driver,CID359943,Prime Sedan,Shivajinagar,Shivajinagar,,,Not Applicable,Customer related issue,Not Applicable,Not Applicable,222,Not Applicable,0,,
2024-07-25 00:48:00,CNR6841119974,Success,CID467670,Bike,Shantinagar,Nagarbhavi,147.0,130.0,Not Applicable,Not Applicable,No,Not Applicable,489,Cash,44,4.9,4.6
2024-07-14 18:35:00,CNR1379923615,Success,CID700392,Bike,Ulsoor,Majestic,119.0,95.0,Not Applicable,Not Applicable,Yes,Vehicle Breakdown,1579,Cash,28,3.4,4.2
2024-07-08 23:51:00,CNR5929335108,Success,CID626432,Mini,Whitefield,KR Puram,231.0,90.0,Not Applicable,Not Applicable,No,Not Applicable,137,UPI,48,3.4,3.5
2024-07-30 04:27:00,CNR6378778368,Success,CID938458,Bike,Tumkur Road,Peenya,133.0,130.0,Not Applicable,Not Applicable,No,Not Applicable,281,Cash,8,3.5,4.9
2024-07-25 08:53:00,CNR7706843595,Canceled by Driver,CID319981,Bike,JP Nagar,Hebbal,,,Not Applicable,Personal & Car related issue,Not Applicable,Not Applicable,155,Not Applicable,0,,
2024-07-29 12:47:00,CNR6891863706,Success,CID491494,Prime Sedan,Chickpet,Yeshwanthpur,273.0,45.0,Not Applicable,Not Applicable,No,Not Applicable,327,UPI,15,4.5,4.4
2024-07-22 21:43:00,CNR9022346724,Success,CID652985,Prime Sedan,Bannerghatta Road,Electronic City,301.0,35.0,Not Applicable,Not Applicable,No,Not Applicable,435,UPI,35,3.7,5.0
2024-07-05 01:03:00,CNR7415776897,Success,CID216968,Mini,Jayanagar,Devanahalli,112.0,55.0,Not Applicable,Not Applicable,No,Not Applicable,885,Cash,44,3.7,4.8
2024-07-02 03:11:00,CNR6100069328,Success,CID293571,Bike,KR Puram,Devanahalli,252.0,145.0,Not Applicable,Not Applicable,No,Not Applicable,449,Cash,18,4.8,4.7
2024-07-14 12:57:00,CNR3078695422,Canceled by Customer,CID629223,Prime SUV,Electronic City,Kengeri,,,Change of plans,Not Applicable,Not Applicable,Not Applicable,493,Not Applicable,0,,
2024-07-03 05:29:00,CNR1131385196,Success,CID432216,Prime Plus,Sarjapur Road,Hulimavu,175.0,95.0,Not Applicable,Not Applicable,No,Not Applicable,470,UPI,1,4.3,4.8
2024-07-09 20:42:00,CNR6662125849,Canceled by Driver,CID674478,Prime Sedan,Basavanagudi,Hennur,,,Not Applicable,Personal & Car related issue,Not Applicable,Not Applicable,490,Not Applicable,0,,
2024-07-06 19:26:00,CNR7941472829,Canceled by Customer,CID222213,Auto,HSR Layout,Yelahanka,,,Driver asked to cancel,Not Applicable,Not Applicable,Not Applicable,2126,Not Applicable,0,,
2024-07-18 13:03:00,CNR3481702942,Success,CID170052,Mini,Hennur,JP Nagar,294.0,95.0,Not Applicable,Not Applicable,No,Not Applicable,1038,Cash,47,4.6,3.5
2024-07-19 17:00:00,CNR4742290527,Canceled by Customer,CID322055,eBike,HSR Layout,Hebbal,,,Driver is not moving towards pickup location,Not Applicable,Not Applicable,Not Applicable,772,Not Applicable,0,,
2024-07-10 02:39:00,CNR8544761363,Success,CID650800,Auto,Shantinagar,Koramangala,161.0,80.0,Not Applicable,Not Applicable,No,Not Applicable,525,UPI,6,3.4,3.0
2024-07-11 23:47:00,CNR4736567926,Success,CID521847,Prime SUV,Koramangala,Kadugodi,238.0,135.0,Not Applicable,Not Applicable,No,Not Applicable,239,UPI,15,4.7,3.2
2024-07-12 17:45:00,CNR1535201130,Success,CID265545,Prime Plus,Hebbal,JP Nagar,161.0,110.0,Not Applicable,Not Applicable,No,Not Applicable,126,Cash,14,4.9,4.6
2024-07-19 19:42:00,CNR5643397261,Success,CID621883,Prime Plus,Frazer Town,Rajarajeshwari Nagar,91.0,100.0,Not Applicable,Not Applicable,No,Not Applicable,712,UPI,29,4.7,4.6
2024-07-27 09:23:00,CNR8133458323,Canceled by Customer,CID551885,Auto,Padmanabhanagar,Koramangala,,,AC is Not working,Not Applicable,Not Applicable,Not Applicable,245,Not Applicable,0,,
2024-07-13 14:20:00,CNR9509181127,Success,CID920188,Prime SUV,KR Puram,Yelahanka,126.0,120.0,Not Applicable,Not Applicable,No,Not Applicable,289,Cash,6,3.3,3.5
2024-07-05 05:25:00,CNR6478445479,Canceled by Driver,CID607533,Bike,RT Nagar,Bannerghatta Road,,,Not Applicable,Customer related issue,Not Applicable,Not Applicable,119,Not Applicable,0,,
2024-07-06 15:48:00,CNR6990947864,Success,CID716051,Bike,Jayanagar,Yeshwanthpur,175.0,35.0,Not Applicable,Not Applicable,No,Not Applicable,162,UPI,21,3.1,3.0
2024-07-10 23:03:00,CNR5919851773,Success,CID614549,Auto,Basavanagudi,Marathahalli,189.0,55.0,Not Applicable,Not Applicable,No,Not Applicable,103,UPI,19,4.7,3.4
2024-07-23 06:30:00,CNR9561380954,Canceled by Customer,CID130978,Mini,Banashankari,Malleshwaram,,,Driver is not moving towards pickup location,Not Applicable,Not Applicable,Not Applicable,184,Not Applicable,0,,
2024-07-23 20:00:00,CNR6270090457,Success,CID651360,Prime SUV,Peenya,Shivajinagar,224.0,75.0,Not Applicable,Not Applicable,No,Not Applicable,416,Cash,42,3.6,3.5
2024-07-10 04:06:00,CNR4524503646,Canceled by Driver,CID274726,eBike,Hulimavu,Ulsoor,,,Not Applicable,Personal & Car related issue,Not Applicable,Not Applicable,2921,Not Applicable,0,,
2024-07-26 10:18:00,CNR1149779180,Success,CID769918,Bike,MG Road,Peenya,301.0,75.0,Not Applicable,Not Applicable,No,Not Applicable,137,UPI,23,5.0,4.6
2024-07-26 01:21:00,CNR5416868909,Success,CID666681,Prime Sedan,Vijayanagar,Malleshwaram,63.0,115.0,Not Applicable,Not Applicable,No,Not Applicable,281,Cash,29,4.0,4.0
2024-07-17 17:40:00,CNR2856707089,Driver Not Found,CID726041,Prime SUV,Vijayanagar,Hulimavu,,,Not Applicable,Not Applicable,Not Applicable,Not Applicable,794,Not Applicable,0,,
2024-07-27 09:13:00,CNR4302683172,Success,CID673489,Prime Sedan,Marathahalli,HSR Layout,301.0,105.0,Not Applicable,Not Applicable,No,Not Applicable,364,Cash,49,4.7,4.7
2024-07-14 09:31:00,CNR7069095204,Success,CID862312,Mini,Peenya,Bannerghatta Road,112.0,95.0,Not Applicable,Not Applicable,No,Not Applicable,117,UPI,44,3.9,3.6
2024-07-23 15:47:00,CNR7284933943,Success,CID842860,Auto,Peenya,Yelahanka,98.0,140.0,Not Applicable,Not Applicable,No,Not Applicable,957,Cash,19,4.5,4.8
2024-07-11 06:37:00,CNR6016594639,Success,CID605106,Bike,Langford Town,Malleshwaram,35.0,145.0,Not Applicable,Not Applicable,No,Not Applicable,2747,Cash,22,4.7,3.1
2024-07-25 11:01:00,CNR7229102129,Canceled by Customer,CID998488,Prime SUV,Chickpet,Yeshwanthpur,,,Driver asked to cancel,Not Applicable,Not Applicable,Not Applicable,569,Not Applicable,0,,
2024-07-02 17:06:00,CNR9522668527,Success,CID122848,Prime SUV,Hennur,Rajajinagar,224.0,55.0,Not Applicable,Not Applicable,No,Not Applicable,2490,Cash,45,3.4,3.9
2024-07-26 16:46:00,CNR8084476903,Success,CID761521,Prime Plus,Devanahalli,Rajarajeshwari Nagar,301.0,55.0,Not Applicable,Not Applicable,Yes,Other Issue,883,Cash,14,4.6,3.2
2024-07-19 19:02:00,CNR7686415433,Success,CID652755,Auto,Bannerghatta Road,Mysore Road,182.0,130.0,Not Applicable,Not Applicable,No,Not Applicable,551,Cash,4,3.4,4.1
2024-07-27 18:44:00,CNR1174023723,Success,CID163239,Prime Sedan,Indiranagar,Malleshwaram,301.0,55.0,Not Applicable,Not Applicable,No,Not Applicable,2520,UPI,8,4.1,3.5
2024-07-16 23:30:00,CNR2613854147,Success,CID186437,Prime Sedan,Varthur,Hulimavu,182.0,90.0,Not Applicable,Not Applicable,No,Not Applicable,675,Cash,4,3.8,3.2
2024-07-22 10:39:00,CNR7443373760,Success,CID878436,Prime Sedan,Whitefield,Basavanagudi,252.0,60.0,Not Applicable,Not Applicable,Yes,Other Issue,271,UPI,22,4.5,4.7
2024-07-30 15:11:00,CNR5333068930,Canceled by Driver,CID597579,Prime Plus,Hebbal,Hulimavu,,,Not Applicable,Personal & Car related issue,Not Applicable,Not Applicable,296,Not Applicable,0,,
2024-07-21 03:20:00,CNR8886330200,Success,CID578469,Auto,Indiranagar,Mysore Road,217.0,130.0,Not Applicable,Not Applicable,No,Not Applicable,399,Cash,1,4.9,4.5
2024-07-18 07:39:00,CNR7129145404,Driver Not Found,CID906149,Bike,Hosur Road,Rajarajeshwari Nagar,,,Not Applicable,Not Applicable,Not Applicable,Not Applicable,156,Not Applicable,0,,
2024-07-21 18:35:00,CNR7334307604,Success,CID251001,eBike,Vijayanagar,JP Nagar,91.0,135.0,Not Applicable,Not Applicable,No,Not Applicable,434,UPI,15,4.3,5.0
2024-07-03 23:27:00,CNR8039238362,Canceled by Customer,CID855709,Auto,Chamarajpet,Nagarbhavi,,,Wrong Address,Not Applicable,Not Applicable,Not Applicable,198,Not Applicable,0,,
2024-07-09 03:53:00,CNR1078810574,Success,CID962398,Prime Sedan,Tumkur Road,Kammanahalli,56.0,60.0,Not Applicable,Not Applicable,No,Not Applicable,446,Cash,9,3.7,4.9
2024-07-19 01:44:00,CNR2451154600,Success,CID513262,Auto,Malleshwaram,Basavanagudi,63.0,45.0,Not Applicable,Not Applicable,No,Not Applicable,241,Cash,6,3.7,4.8
2024-07-07 17:15:00,CNR3640298307,Driver Not Found,CID836716,Prime Sedan,Chickpet,Frazer Town,,,Not Applicable,Not Applicable,Not Applicable,Not Applicable,392,Not Applicable,0,,
2024-07-14 19:45:00,CNR6282838797,Canceled by Driver,CID804874,Prime SUV,Rajarajeshwari Nagar,HSR Layout,,,Not Applicable,Personal & Car related issue,Not Applicable,Not Applicable,365,Not Applicable,0,,
2024-07-04 07:50:00,CNR3925848871,Canceled by Driver,CID501497,Prime SUV,Hennur,Kammanahalli,,,Not Applicable,More than permitted people in there,Not Applicable,Not Applicable,506,Not Applicable,0,,
2024-07-11 19:03:00,CNR3455126254,Driver Not Found,CID122161,Auto,Bellandur,Shantinagar,,,Not Applicable,Not Applicable,Not Applicable,Not Applicable,202,Not Applicable,0,,
2024-07-26 03:46:00,CNR2684654033,Canceled by Driver,CID232480,Auto,Hennur,Bannerghatta Road,,,Not Applicable,Customer was coughing/sick,Not Applicable,Not Applicable,1879,Not Applicable,0,,
2024-07-08 03:31:00,CNR5932785186,Driver Not Found,CID654569,Prime SUV,Electronic City,Yelahanka,,,Not Applicable,Not Applicable,Not Applicable,Not Applicable,393,Not Applicable,0,,
2024-07-03 05:20:00,CNR8078830247,Success,CID440613,Auto,Marathahalli,RT Nagar,154.0,85.0,Not Applicable,Not Applicable,No,Not Applicable,255,Credit Card,7,3.8,3.1
2024-07-26 19:48:00,CNR6745093654,Success,CID980556,Prime SUV,Peenya,Ramamurthy Nagar,301.0,70.0,Not Applicable,Not Applicable,No,Not Applicable,277,UPI,34,3.3,3.4
2024-07-13 00:05:00,CNR7783033993,Success,CID575642,Prime Sedan,Marathahalli,Hulimavu,231.0,35.0,Not Applicable,Not Applicable,No,Not Applicable,443,UPI,26,3.1,4.6
2024-07-09 12:21:00,CNR1676980790,Success,CID575590,Prime Sedan,Marathahalli,Hulimavu,189.0,65.0,Not Applicable,Not Applicable,No,Not Applicable,404,Cash,13,4.4,3.3
2024-07-02 01:33:00,CNR4200583524,Success,CID384854,Bike,Electronic City,RT Nagar,203.0,85.0,Not Applicable,Not Applicable,No,Not Applicable,301,Cash,42,4.3,4.1
2024-07-26 17:09:00,CNR6558846298,Success,CID286870,Auto,RT Nagar,Banashankari,147.0,95.0,Not Applicable,Not Applicable,No,Not Applicable,390,Cash,11,4.7,3.4
2024-07-24 09:29:00,CNR7290687435,Success,CID228528,Prime Plus,Magadi Road,Peenya,35.0,45.0,Not Applicable,Not Applicable,No,Not Applicable,179,Cash,18,4.6,3.6
2024-07-18 11:19:00,CNR9808360003,Success,CID861803,Prime Plus,Chamarajpet,Malleshwaram,252.0,85.0,Not Applicable,Not Applicable,No,Not Applicable,355,Cash,32,3.2,3.9
2024-07-26 17:13:00,CNR9426990094,Canceled by Customer,CID290635,Prime SUV,Ulsoor,Tumkur Road,,,AC is Not working,Not Applicable,Not Applicable,Not Applicable,139,Not Applicable,0,,
2024-07-15 14:43:00,CNR2702572776,Success,CID741150,Auto,Tumkur Road,Rajarajeshwari Nagar,42.0,95.0,Not Applicable,Not Applicable,No,Not Applicable,408,Cash,17,4.7,4.8
2024-07-10 00:37:00,CNR1111968019,Success,CID297733,Mini,Sahakar Nagar,MG Road,77.0,125.0,Not Applicable,Not Applicable,No,Not Applicable,378,Cash,5,4.7,3.1
2024-07-20 07:40:00,CNR4715351359,Success,CID125575,eBike,Shantinagar,Koramangala,84.0,75.0,Not Applicable,Not Applicable,No,Not Applicable,179,Credit Card,17,3.0,3.1
2024-07-22 13:42:00,CNR1841536005,Driver Not Found,CID688596,Bike,RT Nagar,Rajajinagar,,,Not Applicable,Not Applicable,Not Applicable,Not Applicable,975,Not Applicable,0,,
2024-07-10 06:32:00,CNR5622737376,Canceled by Driver,CID857034,eBike,Jayanagar,Marathahalli,,,Not Applicable,Customer related issue,Not Applicable,Not Applicable,548,Not Applicable,0,,
2024-07-27 14:01:00,CNR7590134766,Success,CID197893,Prime SUV,Nagarbhavi,Frazer Town,147.0,120.0,Not Applicable,Not Applicable,No,Not Applicable,315,Cash,30,4.1,3.3
2024-07-12 01:44:00,CNR6935781964,Success,CID293209,Auto,BTM Layout,Electronic City,231.0,110.0,Not Applicable,Not Applicable,No,Not Applicable,257,UPI,10,3.9,3.0
2024-07-23 10:55:00,CNR6309316457,Success,CID562080,Prime Sedan,Nagarbhavi,Bannerghatta Road,63.0,45.0,Not Applicable,Not Applicable,No,Not Applicable,323,Cash,47,3.4,4.1
2024-07-09 08:53:00,CNR5891914088,Success,CID706140,Prime SUV,Peenya,Hennur,112.0,125.0,Not Applicable,Not Applicable,No,Not Applicable,136,Cash,41,4.7,4.9
2024-07-22 03:41:00,CNR1587855118,Canceled by Customer,CID631473,Bike,Bellandur,Chickpet,,,Driver asked to cancel,Not Applicable,Not Applicable,Not Applicable,398,Not Applicable,0,,
2024-07-21 00:53:00,CNR9503412374,Success,CID573800,Prime Sedan,Kammanahalli,Malleshwaram,154.0,35.0,Not Applicable,Not Applicable,No,Not Applicable,462,Cash,22,4.7,4.3
2024-07-15 19:00:00,CNR6135410948,Canceled by Driver,CID332446,Mini,Vijayanagar,Hulimavu,,,Not Applicable,Customer was coughing/sick,Not Applicable,Not Applicable,397,Not Applicable,0,,
2024-07-29 16:01:00,CNR2404342998,Driver Not Found,CID268565,Prime SUV,HSR Layout,HSR Layout,,,Not Applicable,Not Applicable,Not Applicable,Not Applicable,198,Not Applicable,0,,
2024-07-10 23:29:00,CNR9512474327,Canceled by Driver,CID131139,Auto,Rajarajeshwari Nagar,Koramangala,,,Not Applicable,Personal & Car related issue,Not Applicable,Not Applicable,147,Not Applicable,0,,
2024-07-03 03:20:00,CNR1137815899,Success,CID972208,Prime SUV,Majestic,Hebbal,301.0,90.0,Not Applicable,Not Applicable,No,Not Applicable,410,Cash,24,3.4,3.8
2024-07-04 08:49:00,CNR2139811933,Success,CID320994,Prime Plus,Varthur,Marathahalli,287.0,145.0,Not Applicable,Not Applicable,No,Not Applicable,214,Cash,11,4.2,4.5
2024-07-07 05:00:00,CNR6869350964,Success,CID626240,Prime Plus,Mysore Road,HSR Layout,133.0,65.0,Not Applicable,Not Applicable,No,Not Applicable,272,UPI,31,4.9,3.3
2024-07-04 21:00:00,CNR8898495539,Success,CID879029,Prime Sedan,Vijayanagar,Peenya,147.0,90.0,Not Applicable,Not Applicable,No,Not Applicable,723,UPI,29,4.8,3.9
2024-07-16 22:25:00,CNR9658152906,Success,CID173498,Prime SUV,Devanahalli,JP Nagar,224.0,65.0,Not Applicable,Not Applicable,No,Not Applicable,2912,Cash,16,3.2,3.8
2024-07-22 22:53:00,CNR2095308687,Canceled by Driver,CID272874,Prime Plus,Cox Town,Cox Town,,,Not Applicable,Personal & Car related issue,Not Applicable,Not Applicable,476,Not Applicable,0,,
2024-07-20 08:31:00,CNR6034867060,Success,CID982307,Auto,RT Nagar,Yeshwanthpur,238.0,115.0,Not Applicable,Not Applicable,No,Not Applicable,286,Cash,3,3.7,5.0
2024-07-06 07:10:00,CNR4566879363,Success,CID862974,Mini,Devanahalli,Yelahanka,77.0,30.0,Not Applicable,Not Applicable,No,Not Applicable,123,UPI,7,4.0,4.7
2024-07-01 07:02:00,CNR6942444266,Success,CID716231,Prime SUV,Magadi Road,Basavanagudi,301.0,90.0,Not Applicable,Not Applicable,No,Not Applicable,203,Cash,24,4.5,3.6
2024-07-05 13:42:00,CNR4034920747,Driver Not Found,CID437643,Prime Sedan,Sahakar Nagar,Yeshwanthpur,,,Not Applicable,Not Applicable,Not Applicable,Not Applicable,344,Not Applicable,0,,
2024-07-14 12:18:00,CNR6467910892,Success,CID233264,Prime Plus,Langford Town,Richmond Town,287.0,40.0,Not Applicable,Not Applicable,No,Not Applicable,357,Cash,1,4.5,4.3
2024-07-19 17:26:00,CNR8866051474,Success,CID145825,Prime Sedan,Cox Town,Basavanagudi,210.0,40.0,Not Applicable,Not Applicable,No,Not Applicable,559,UPI,30,3.9,4.0
2024-07-18 23:06:00,CNR3308231005,Success,CID271604,Bike,Ulsoor,Cox Town,98.0,140.0,Not Applicable,Not Applicable,No,Not Applicable,497,Cash,39,3.1,4.8
2024-07-11 20:29:00,CNR7235091824,Success,CID588330,eBike,Sahakar Nagar,Malleshwaram,280.0,50.0,Not Applicable,Not Applicable,No,Not Applicable,248,UPI,22,3.3,3.4
2024-07-13 16:54:00,CNR6518127478,Success,CID100404,Mini,Kengeri,Padmanabhanagar,196.0,100.0,Not Applicable,Not Applicable,No,Not Applicable,525,Cash,48,3.2,3.8
2024-07-03 17:05:00,CNR7710438408,Canceled by Driver,CID504750,Prime Sedan,JP Nagar,Marathahalli,,,Not Applicable,Personal & Car related issue,Not Applicable,Not Applicable,2168,Not Applicable,0,,
2024-07-11 07:39:00,CNR4703641465,Canceled by Customer,CID677741,Prime SUV,Nagarbhavi,Jayanagar,,,Driver is not moving towards pickup location,Not Applicable,Not Applicable,Not Applicable,2177,Not Applicable,0,,
2024-07-23 13:43:00,CNR7179817590,Driver Not Found,CID105382,Prime Sedan,Hennur,Banashankari,,,Not Applicable,Not Applicable,Not Applicable,Not Applicable,966,Not Applicable,0,,
2024-07-05 01:17:00,CNR6668005494,Success,CID743767,Prime Sedan,Majestic,Bannerghatta Road,217.0,35.0,Not Applicable,Not Applicable,Yes,Other Issue,163,Cash,41,3.8,3.2
2024-07-25 01:11:00,CNR6707889121,Success,CID619547,Prime Sedan,Hennur,Mysore Road,182.0,115.0,Not Applicable,Not Applicable,No,Not Applicable,709,Cash,30,4.2,4.4
2024-07-04 23:32:00,CNR8670641191,Success,CID983795,Prime Sedan,Peenya,Hebbal,133.0,25.0,Not Applicable,Not Applicable,Yes,Customer Demand,125,UPI,4,4.9,4.4
2024-07-07 11:28:00,CNR6051541358,Success,CID880943,eBike,Langford Town,Peenya,35.0,145.0,Not Applicable,Not Applicable,No,Not Applicable,177,UPI,3,5.0,4.2
2024-07-13 02:37:00,CNR3103986369,Canceled by Driver,CID966745,Bike,Kengeri,Shivajinagar,,,Not Applicable,Customer was coughing/sick,Not Applicable,Not Applicable,431,Not Applicable,0,,
2024-07-01 15:40:00,CNR6547504181,Canceled by Driver,CID838255,Mini,Frazer Town,Mysore Road,,,Not Applicable,Customer was coughing/sick,Not Applicable,Not Applicable,374,Not Applicable,0,,
2024-07-10 09:04:00,CNR2120177112,Success,CID414442,Auto,Shantinagar,Padmanabhanagar,56.0,105.0,Not Applicable,Not Applicable,No,Not Applicable,336,UPI,9,3.8,4.9
2024-07-23 14:12:00,CNR9995459145,Canceled by Driver,CID776529,Prime SUV,Ramamurthy Nagar,Ramamurthy Nagar,,,Not Applicable,Customer related issue,Not Applicable,Not Applicable,582,Not Applicable,0,,
2024-07-27 17:15:00,CNR1816904615,Success,CID601931,Mini,Bannerghatta Road,Kadugodi,294.0,70.0,Not Applicable,Not Applicable,No,Not Applicable,170,Cash,3,3.3,4.1
2024-07-25 03:07:00,CNR7630695776,Success,CID156038,Prime SUV,Kadugodi,Rajarajeshwari Nagar,203.0,115.0,Not Applicable,Not Applicable,No,Not Applicable,300,Cash,9,4.2,3.5
2024-07-19 14:49:00,CNR2380556070,Canceled by Customer,CID341742,Prime Plus,Whitefield,Malleshwaram,,,Driver asked to cancel,Not Applicable,Not Applicable,Not Applicable,345,Not Applicable,0,,
2024-07-08 20:58:00,CNR4073161634,Success,CID143186,Auto,Tumkur Road,Yelahanka,182.0,85.0,Not Applicable,Not Applicable,No,Not Applicable,640,UPI,18,4.4,3.5
2024-07-20 11:07:00,CNR2840562859,Success,CID339733,Prime Sedan,Kadugodi,Shivajinagar,266.0,130.0,Not Applicable,Not Applicable,No,Not Applicable,293,Cash,22,4.6,3.0
2024-07-17 19:16:00,CNR7533170033,Success,CID210038,Prime Sedan,Bannerghatta Road,Banashankari,84.0,95.0,Not Applicable,Not Applicable,No,Not Applicable,332,Cash,46,4.3,3.5
2024-07-21 23:40:00,CNR4131490838,Canceled by Customer,CID458410,Prime Sedan,KR Puram,Ramamurthy Nagar,,,Change of plans,Not Applicable,Not Applicable,Not Applicable,892,Not Applicable,0,,
2024-07-03 20:00:00,CNR1770949261,Success,CID478350,Prime SUV,Peenya,JP Nagar,49.0,105.0,Not Applicable,Not Applicable,No,Not Applicable,397,UPI,34,3.4,4.2
2024-07-02 08:43:00,CNR8001342159,Canceled by Driver,CID472930,Prime SUV,Hennur,Hosur Road,,,Not Applicable,Customer was coughing/sick,Not Applicable,Not Applicable,267,Not Applicable,0,,
2024-07-15 15:54:00,CNR8443953759,Driver Not Found,CID394524,Mini,Koramangala,Chamarajpet,,,Not Applicable,Not Applicable,Not Applicable,Not Applicable,694,Not Applicable,0,,
2024-07-02 07:08:00,CNR3541446942,Success,CID792411,Prime Plus,Hosur Road,Yelahanka,238.0,95.0,Not Applicable,Not Applicable,No,Not Applicable,195,UPI,16,3.3,4.3
2024-07-02 23:12:00,CNR6464011137,Success,CID184987,eBike,Langford Town,Ulsoor,224.0,125.0,Not Applicable,Not Applicable,No,Not Applicable,461,Cash,22,4.5,4.7
2024-07-23 03:17:00,CNR2048173489,Success,CID217524,Prime SUV,Kadugodi,Varthur,42.0,45.0,Not Applicable,Not Applicable,No,Not Applicable,466,Cash,30,4.1,4.8
2024-07-13 14:15:00,CNR3482793833,Success,CID386102,eBike,Peenya,Sarjapur Road,203.0,85.0,Not Applicable,Not Applicable,No,Not Applicable,782,UPI,14,3.4,4.6
2024-07-07 17:03:00,CNR1585070284,Success,CID194368,Prime Plus,Varthur,Malleshwaram,224.0,35.0,Not Applicable,Not Applicable,No,Not Applicable,984,UPI,34,4.4,4.9
2024-07-10 13:27:00,CNR1202725859,Success,CID540442,Prime SUV,Chamarajpet,MG Road,245.0,40.0,Not Applicable,Not Applicable,No,Not Applicable,205,Cash,36,3.5,3.7
2024-07-18 19:20:00,CNR9445346767,Driver Not Found,CID612294,Mini,Hebbal,Yelahanka,,,Not Applicable,Not Applicable,Not Applicable,Not Applicable,298,Not Applicable,0,,
2024-07-11 18:43:00,CNR8984902260,Success,CID440049,Prime Sedan,RT Nagar,MG Road,210.0,125.0,Not Applicable,Not Applicable,No,Not Applicable,428,Cash,43,4.7,4.1
2024-07-01 02:51:00,CNR3950299838,Driver Not Found,CID722757,Mini,Sarjapur Road,Frazer Town,,,Not Applicable,Not Applicable,Not Applicable,Not Applicable,377,Not Applicable,0,,
2024-07-30 02:49:00,CNR2659475962,Success,CID882989,Bike,RT Nagar,Majestic,280.0,115.0,Not Applicable,Not Applicable,No,Not Applicable,253,Cash,26,3.7,5.0
2024-07-24 05:18:00,CNR7084388422,Driver Not Found,CID768599,Prime Sedan,Hulimavu,BTM Layout,,,Not Applicable,Not Applicable,Not Applicable,Not Applicable,251,Not Applicable,0,,
2024-07-20 03:19:00,CNR7817352484,Canceled by Customer,CID471996,eBike,Koramangala,Sarjapur Road,,,Wrong Address,Not Applicable,Not Applicable,Not Applicable,130,Not Applicable,0,,
2024-07-01 00:04:00,CNR4467034507,Success,CID783274,Prime Plus,Cox Town,Yelahanka,224.0,125.0,Not Applicable,Not Applicable,No,Not Applicable,432,Cash,26,3.8,3.5
2024-07-09 13:29:00,CNR8287704564,Success,CID163565,Prime SUV,Bannerghatta Road,Hulimavu,189.0,110.0,Not Applicable,Not Applicable,No,Not Applicable,308,UPI,6,4.3,4.1
2024-07-25 17:27:00,CNR4274805461,Success,CID372330,Auto,RT Nagar,Basavanagudi,280.0,45.0,Not Applicable,Not Applicable,No,Not Applicable,220,Debit Card,12,4.3,4.1
2024-07-18 15:53:00,CNR6496669463,Canceled by Customer,CID566112,Prime SUV,Frazer Town,Padmanabhanagar,,,Driver is not moving towards pickup location,Not Applicable,Not Applicable,Not Applicable,209,Not Applicable,0,,
2024-07-09 20:10:00,CNR8348715844,Canceled by Customer,CID620628,Auto,Hosur Road,KR Puram,,,Wrong Address,Not Applicable,Not Applicable,Not Applicable,2017,Not Applicable,0,,
2024-07-03 09:12:00,CNR1494857714,Success,CID255885,Prime SUV,KR Puram,Padmanabhanagar,210.0,125.0,Not Applicable,Not Applicable,No,Not Applicable,277,UPI,29,3.9,3.0
2024-07-17 13:45:00,CNR9012339882,Success,CID884308,Auto,Malleshwaram,JP Nagar,84.0,60.0,Not Applicable,Not Applicable,No,Not Applicable,513,UPI,14,3.7,4.5
2024-07-11 15:13:00,CNR8948957945,Success,CID300523,Bike,Chamarajpet,Magadi Road,308.0,70.0,Not Applicable,Not Applicable,No,Not Applicable,192,UPI,29,4.8,4.7
2024-07-07 01:03:00,CNR3349511170,Success,CID487917,Prime Plus,Magadi Road,Ulsoor,308.0,60.0,Not Applicable,Not Applicable,No,Not Applicable,918,Cash,16,4.2,4.9
2024-07-27 15:19:00,CNR7895937869,Success,CID331797,Mini,Kadugodi,Kammanahalli,189.0,65.0,Not Applicable,Not Applicable,No,Not Applicable,280,UPI,29,4.8,3.8
2024-07-13 14:40:00,CNR7567510617,Success,CID422146,Bike,Ulsoor,Whitefield,126.0,55.0,Not Applicable,Not Applicable,No,Not Applicable,619,Cash,25,4.2,3.0
2024-07-19 13:30:00,CNR3584615401,Success,CID283817,Mini,Indiranagar,Marathahalli,84.0,30.0,Not Applicable,Not Applicable,No,Not Applicable,305,UPI,14,3.2,4.3
2024-07-21 19:26:00,CNR6081462365,Canceled by Driver,CID752998,eBike,Yeshwanthpur,Hulimavu,,,Not Applicable,Personal & Car related issue,Not Applicable,Not Applicable,160,Not Applicable,0,,
2024-07-04 21:45:00,CNR7991967983,Canceled by Driver,CID547009,Prime Sedan,Frazer Town,Hulimavu,,,Not Applicable,Personal & Car related issue,Not Applicable,Not Applicable,281,Not Applicable,0,,
2024-07-26 12:07:00,CNR8422318262,Canceled by Driver,CID298677,Bike,Hebbal,KR Puram,,,Not Applicable,More than permitted people in there,Not Applicable,Not Applicable,463,Not Applicable,0,,
2024-07-24 19:31:00,CNR1078001800,Success,CID277971,Bike,Ulsoor,Kengeri,119.0,95.0,Not Applicable,Not Applicable,No,Not Applicable,400,UPI,43,4.9,4.9
2024-07-16 02:19:00,CNR8033840228,Success,CID853237,Prime Sedan,Peenya,Marathahalli,238.0,125.0,Not Applicable,Not Applicable,No,Not Applicable,250,UPI,45,4.2,3.0
2024-07-29 13:53:00,CNR5472647424,Canceled by Customer,CID230786,Bike,Malleshwaram,Hennur,,,Driver asked to cancel,Not Applicable,Not Applicable,Not Applicable,867,Not Applicable,0,,
2024-07-26 06:38:00,CNR3607978433,Canceled by Customer,CID878977,Prime SUV,Basavanagudi,Mysore Road,,,Driver is not moving towards pickup location,Not Applicable,Not Applicable,Not Applicable,995,Not Applicable,0,,
2024-07-10 08:51:00,CNR7376914134,Success,CID625991,Auto,Chickpet,Langford Town,245.0,70.0,Not Applicable,Not Applicable,No,Not Applicable,277,UPI,5,3.7,4.0
2024-07-05 16:54:00,CNR6950038139,Canceled by Driver,CID797847,Prime Sedan,Nagarbhavi,Vijayanagar,,,Not Applicable,Customer related issue,Not Applicable,Not Applicable,793,Not Applicable,0,,
2024-07-21 06:06:00,CNR5263276399,Success,CID931566,Auto,Mysore Road,Malleshwaram,287.0,75.0,Not Applicable,Not Applicable,No,Not Applicable,922,Cash,6,4.5,4.3
2024-07-18 14:41:00,CNR4484520495,Success,CID938893,Prime SUV,Chamarajpet,Peenya,154.0,75.0,Not Applicable,Not Applicable,No,Not Applicable,615,UPI,29,3.6,5.0
2024-07-04 16:02:00,CNR9135288570,Driver Not Found,CID345958,Prime Plus,Magadi Road,Hulimavu,,,Not Applicable,Not Applicable,Not Applicable,Not Applicable,455,Not Applicable,0,,
2024-07-08 08:25:00,CNR4270660077,Canceled by Customer,CID519315,eBike,Devanahalli,Chamarajpet,,,Change of plans,Not Applicable,Not Applicable,Not Applicable,488,Not Applicable,0,,
2024-07-20 21:17:00,CNR5542242247,Success,CID165921,Bike,Whitefield,Basavanagudi,196.0,100.0,Not Applicable,Not Applicable,No,Not Applicable,958,UPI,28,3.9,4.2
2024-07-21 02:51:00,CNR4957925624,Success,CID947838,Prime Plus,Shantinagar,RT Nagar,196.0,55.0,Not Applicable,Not Applicable,No,Not Applicable,517,UPI,20,4.5,4.9
2024-07-18 02:57:00,CNR1720392386,Success,CID446936,Prime SUV,Kengeri,JP Nagar,154.0,40.0,Not Applicable,Not Applicable,No,Not Applicable,718,Cash,8,3.6,4.4
2024-07-06 04:50:00,CNR5911374394,Success,CID821913,Mini,Magadi Road,Electronic City,98.0,55.0,Not Applicable,Not Applicable,No,Not Applicable,164,UPI,30,3.3,3.7
2024-07-27 10:14:00,CNR1182222348,Canceled by Driver,CID591770,eBike,Ramamurthy Nagar,Chickpet,,,Not Applicable,Personal & Car related issue,Not Applicable,Not Applicable,185,Not Applicable,0,,
2024-07-01 11:50:00,CNR2872183752,Success,CID821202,Prime Sedan,Electronic City,Indiranagar,259.0,95.0,Not Applicable,Not Applicable,No,Not Applicable,280,Cash,19,4.2,4.4
2024-07-13 04:26:00,CNR9437107538,Success,CID734512,Bike,Chamarajpet,Sahakar Nagar,273.0,75.0,Not Applicable,Not Applicable,No,Not Applicable,337,Cash,4,4.7,4.8
2024-07-28 12:43:00,CNR1478022127,Success,CID347986,Auto,Marathahalli,Hulimavu,161.0,120.0,Not Applicable,Not Applicable,No,Not Applicable,321,Cash,16,4.0,3.3
2024-07-24 21:55:00,CNR4127176735,Canceled by Driver,CID510540,eBike,Malleshwaram,Chickpet,,,Not Applicable,More than permitted people in there,Not Applicable,Not Applicable,317,Not Applicable,0,,
2024-07-10 09:06:00,CNR3326184821,Canceled by Customer,CID649016,Mini,Magadi Road,Hulimavu,,,AC is Not working,Not Applicable,Not Applicable,Not Applicable,257,Not Applicable,0,,
2024-07-27 08:27:00,CNR3325523304,Success,CID772745,eBike,JP Nagar,RT Nagar,224.0,80.0,Not Applicable,Not Applicable,No,Not Applicable,346,Cash,15,3.1,3.8
2024-07-08 19:09:00,CNR8270090085,Success,CID341522,Prime Sedan,HSR Layout,Bellandur,238.0,50.0,Not Applicable,Not Applicable,No,Not Applicable,2648,UPI,45,4.6,4.0
2024-07-26 19:03:00,CNR8447466650,Success,CID223547,eBike,Nagarbhavi,Ulsoor,154.0,55.0,Not Applicable,Not Applicable,No,Not Applicable,634,Cash,21,3.6,4.0
2024-07-05 14:03:00,CNR8231022851,Success,CID316354,Auto,Magadi Road,Rajajinagar,196.0,65.0,Not Applicable,Not Applicable,No,Not Applicable,340,UPI,17,3.2,5.0
2024-07-09 00:23:00,CNR7976630294,Success,CID974434,Bike,RT Nagar,Devanahalli,238.0,70.0,Not Applicable,Not Applicable,No,Not Applicable,282,Cash,25,3.2,3.1
2024-07-09 17:28:00,CNR9613493311,Success,CID169531,Prime Sedan,Nagarbhavi,Indiranagar,63.0,60.0,Not Applicable,Not Applicable,No,Not Applicable,1895,Cash,22,4.9,3.7
2024-07-11 18:00:00,CNR6761197111,Canceled by Driver,CID709918,Auto,Kengeri,Hebbal,,,Not Applicable,More than permitted people in there,Not Applicable,Not Applicable,472,Not Applicable,0,,
2024-07-28 15:37:00,CNR1609749795,Canceled by Driver,CID490071,Prime Plus,HSR Layout,Majestic,,,Not Applicable,More than permitted people in there,Not Applicable,Not Applicable,148,Not Applicable,0,,
2024-07-19 13:05:00,CNR2260952906,Canceled by Driver,CID678581,Prime Sedan,RT Nagar,Varthur,,,Not Applicable,Customer related issue,Not Applicable,Not Applicable,249,Not Applicable,0,,
2024-07-15 19:09:00,CNR1737607406,Canceled by Driver,CID429203,Bike,Whitefield,Hulimavu,,,Not Applicable,Personal & Car related issue,Not Applicable,Not Applicable,376,Not Applicable,0,,
2024-07-04 09:51:00,CNR3689248514,Success,CID529579,Prime SUV,Hulimavu,Chickpet,77.0,120.0,Not Applicable,Not Applicable,No,Not Applicable,394,Cash,8,4.9,3.3
2024-07-30 23:01:00,CNR6345454402,Success,CID320463,Prime Sedan,Majestic,Jayanagar,98.0,120.0,Not Applicable,Not Applicable,No,Not Applicable,498,Cash,35,4.2,4.7
2024-07-17 09:29:00,CNR5990456379,Canceled by Driver,CID209971,eBike,Kadugodi,Electronic City,,,Not Applicable,Customer related issue,Not Applicable,Not Applicable,510,Not Applicable,0,,
2024-07-18 07:05:00,CNR4669036148,Success,CID224918,Prime Sedan,BTM Layout,Jayanagar,238.0,105.0,Not Applicable,Not Applicable,No,Not Applicable,365,UPI,23,3.5,4.9
2024-07-13 05:21:00,CNR2192114766,Canceled by Driver,CID925609,Auto,BTM Layout,BTM Layout,,,Not Applicable,Personal & Car related issue,Not Applicable,Not Applicable,1588,Not Applicable,0,,
2024-07-08 18:18:00,CNR6046149247,Canceled by Customer,CID934967,Auto,Shantinagar,Ramamurthy Nagar,,,Driver is not moving towards pickup location,Not Applicable,Not Applicable,Not Applicable,580,Not Applicable,0,,
2024-07-01 16:11:00,CNR8701944074,Canceled by Customer,CID215176,eBike,Mysore Road,Banashankari,,,Driver is not moving towards pickup location,Not Applicable,Not Applicable,Not Applicable,2371,Not Applicable,0,,
2024-07-25 00:11:00,CNR4314051761,Success,CID114253,Prime Plus,Whitefield,JP Nagar,98.0,85.0,Not Applicable,Not Applicable,No,Not Applicable,2429,UPI,4,3.7,3.1
2024-07-10 15:25:00,CNR4074426298,Success,CID135293,Prime Plus,Shantinagar,Malleshwaram,133.0,135.0,Not Applicable,Not Applicable,No,Not Applicable,256,UPI,24,4.6,4.6
2024-07-27 20:14:00,CNR5544949575,Canceled by Customer,CID221012,Prime Plus,Vijayanagar,Indiranagar,,,Change of plans,Not Applicable,Not Applicable,Not Applicable,485,Not Applicable,0,,
2024-07-23 02:07:00,CNR4085173701,Success,CID192136,Prime Plus,Hosur Road,Marathahalli,189.0,70.0,Not Applicable,Not Applicable,No,Not Applicable,255,UPI,14,3.1,4.8
2024-07-16 09:31:00,CNR6667666988,Success,CID931244,Auto,Marathahalli,MG Road,112.0,135.0,Not Applicable,Not Applicable,No,Not Applicable,438,Cash,13,3.9,4.1
2024-07-09 07:38:00,CNR5889755476,Success,CID249701,Prime Plus,Hennur,Koramangala,77.0,125.0,Not Applicable,Not Applicable,No,Not Applicable,448,Cash,41,4.8,3.0
2024-07-26 03:28:00,CNR4162691785,Success,CID302640,Auto,Bellandur,Whitefield,133.0,55.0,Not Applicable,Not Applicable,No,Not Applicable,378,UPI,16,5.0,4.5
2024-07-24 19:59:00,CNR2163460437,Success,CID467774,Bike,Ulsoor,Kammanahalli,168.0,110.0,Not Applicable,Not Applicable,No,Not Applicable,2916,Cash,49,4.1,3.3
2024-07-29 23:32:00,CNR3452795402,Canceled by Customer,CID696491,Prime Plus,Banashankari,Rajajinagar,,,Driver is not moving towards pickup location,Not Applicable,Not Applicable,Not Applicable,329,Not Applicable,0,,
2024-07-11 17:27:00,CNR9065878312,Canceled by Driver,CID130750,Mini,Banashankari,Devanahalli,,,Not Applicable,Customer related issue,Not Applicable,Not Applicable,739,Not Applicable,0,,
2024-07-14 06:53:00,CNR5385975170,Canceled by Driver,CID531356,Prime SUV,Hebbal,Sahakar Nagar,,,Not Applicable,Personal & Car related issue,Not Applicable,Not Applicable,846,Not Applicable,0,,
2024-07-04 23:32:00,CNR5823240294,Canceled by Customer,CID941259,Bike,Magadi Road,Ulsoor,,,Driver asked to cancel,Not Applicable,Not Applicable,Not Applicable,351,Not Applicable,0,,
2024-07-21 08:32:00,CNR3101330668,Success,CID318182,Mini,RT Nagar,Indiranagar,189.0,115.0,Not Applicable,Not Applicable,No,Not Applicable,204,Cash,42,4.9,3.6
2024-07-02 17:09:00,CNR1196737351,Success,CID294586,Prime Plus,Koramangala,Majestic,105.0,40.0,Not Applicable,Not Applicable,No,Not Applicable,461,UPI,13,4.4,3.6
2024-07-17 23:50:00,CNR6953316980,Driver Not Found,CID734977,Mini,Vijayanagar,Yelahanka,,,Not Applicable,Not Applicable,Not Applicable,Not Applicable,324,Not Applicable,0,,
2024-07-01 09:43:00,CNR5759688938,Canceled by Driver,CID824209,Prime SUV,Hosur Road,Chamarajpet,,,Not Applicable,Customer related issue,Not Applicable,Not Applicable,110,Not Applicable,0,,
2024-07-21 03:38:00,CNR8874178027,Success,CID466396,Bike,Kammanahalli,Shantinagar,217.0,85.0,Not Applicable,Not Applicable,No,Not Applicable,1942,Cash,38,3.1,3.3
2024-07-09 05:46:00,CNR3777273043,Success,CID204024,Auto,Kadugodi,Tumkur Road,119.0,100.0,Not Applicable,Not Applicable,No,Not Applicable,538,Cash,15,3.0,4.1
2024-07-12 04:17:00,CNR6361287451,Success,CID568967,Auto,Hosur Road,MG Road,112.0,140.0,Not Applicable,Not Applicable,No,Not Applicable,279,UPI,7,4.7,4.2
2024-07-09 19:43:00,CNR7723856860,Success,CID536322,Prime SUV,Magadi Road,Richmond Town,182.0,130.0,Not Applicable,Not Applicable,No,Not Applicable,110,Cash,29,3.4,3.0
2024-07-28 23:49:00,CNR3707091117,Success,CID670740,Bike,Yelahanka,Koramangala,266.0,70.0,Not Applicable,Not Applicable,No,Not Applicable,2811,UPI,14,4.2,5.0
2024-07-01 23:25:00,CNR7793611764,Success,CID184525,Prime SUV,Marathahalli,Majestic,182.0,115.0,Not Applicable,Not Applicable,Yes,Vehicle Breakdown,380,Credit Card,35,4.3,4.3
2024-07-11 02:17:00,CNR6839587599,Success,CID712386,Prime SUV,Peenya,Cox Town,84.0,85.0,Not Applicable,Not Applicable,No,Not Applicable,200,UPI,15,3.3,3.6
2024-07-30 09:26:00,CNR7239885139,Success,CID717661,Mini,Mysore Road,Sarjapur Road,280.0,35.0,Not Applicable,Not Applicable,No,Not Applicable,897,UPI,21,4.2,4.4
2024-07-18 23:10:00,CNR6565893528,Success,CID903350,Prime Sedan,Marathahalli,Hennur,98.0,115.0,Not Applicable,Not Applicable,No,Not Applicable,1859,Cash,25,4.0,4.8
2024-07-23 16:57:00,CNR3556839473,Success,CID984359,Auto,Langford Town,RT Nagar,105.0,95.0,Not Applicable,Not Applicable,No,Not Applicable,581,Cash,3,3.1,3.3
2024-07-12 15:14:00,CNR8473665886,Success,CID911493,Prime Sedan,Nagarbhavi,Hennur,280.0,75.0,Not Applicable,Not Applicable,No,Not Applicable,489,UPI,22,3.1,3.4
2024-07-26 03:11:00,CNR3545477877,Canceled by Driver,CID828793,Auto,Langford Town,Whitefield,,,Not Applicable,Personal & Car related issue,Not Applicable,Not Applicable,295,Not Applicable,0,,
2024-07-12 11:56:00,CNR1019706487,Canceled by Customer,CID298270,Prime Sedan,Malleshwaram,Rajarajeshwari Nagar,,,Change of plans,Not Applicable,Not Applicable,Not Applicable,191,Not Applicable,0,,
2024-07-29 13:09:00,CNR5863198041,Success,CID380168,eBike,Frazer Town,Basavanagudi,245.0,90.0,Not Applicable,Not Applicable,No,Not Applicable,670,Cash,13,4.3,5.0
2024-07-26 22:47:00,CNR4231673612,Success,CID655542,Bike,Magadi Road,Langford Town,238.0,135.0,Not Applicable,Not Applicable,No,Not Applicable,230,UPI,5,5.0,4.5
2024-07-30 18:21:00,CNR3079415586,Success,CID565202,Auto,Electronic City,Bannerghatta Road,147.0,25.0,Not Applicable,Not Applicable,No,Not Applicable,152,UPI,5,3.7,3.8
2024-07-26 16:44:00,CNR2583169188,Success,CID565106,Auto,Malleshwaram,Ulsoor,273.0,145.0,Not Applicable,Not Applicable,No,Not Applicable,207,UPI,7,3.9,4.8
2024-07-23 11:10:00,CNR8921146641,Success,CID477332,Bike,JP Nagar,HSR Layout,217.0,105.0,Not Applicable,Not Applicable,No,Not Applicable,1075,Cash,8,4.2,4.2
2024-07-20 08:22:00,CNR9182209694,Success,CID773712,Bike,HSR Layout,HSR Layout,119.0,65.0,Not Applicable,Not Applicable,Yes,Vehicle Breakdown,888,UPI,12,4.3,4.6
2024-07-26 01:13:00,CNR9691140200,Success,CID854341,Prime Sedan,Frazer Town,Varthur,35.0,95.0,Not Applicable,Not Applicable,No,Not Applicable,224,UPI,34,3.5,3.7
2024-07-13 14:51:00,CNR8241312174,Success,CID339395,eBike,Electronic City,Magadi Road,224.0,40.0,Not Applicable,Not Applicable,No,Not Applicable,628,Cash,18,3.4,3.4
2024-07-13 04:24:00,CNR5216459232,Success,CID961987,Prime Sedan,Chamarajpet,Hebbal,224.0,55.0,Not Applicable,Not Applicable,No,Not Applicable,517,Cash,38,3.2,4.5
2024-07-28 13:53:00,CNR4966883539,Canceled by Driver,CID874021,eBike,Richmond Town,Sarjapur Road,,,Not Applicable,Personal & Car related issue,Not Applicable,Not Applicable,2192,Not Applicable,0,,
2024-07-19 16:30:00,CNR6109931411,Canceled by Driver,CID352602,eBike,Ramamurthy Nagar,Kammanahalli,,,Not Applicable,Customer related issue,Not Applicable,Not Applicable,298,Not Applicable,0,,
2024-07-22 15:26:00,CNR4354266852,Canceled by Driver,CID619690,Prime Plus,Banashankari,Hennur,,,Not Applicable,Personal & Car related issue,Not Applicable,Not Applicable,304,Not Applicable,0,,
2024-07-01 19:01:00,CNR1943147999,Canceled by Driver,CID730527,Prime SUV,Peenya,HSR Layout,,,Not Applicable,Customer was coughing/sick,Not Applicable,Not Applicable,409,Not Applicable,0,,
2024-07-03 12:08:00,CNR2534570495,Success,CID101368,Mini,Kengeri,Tumkur Road,210.0,70.0,Not Applicable,Not Applicable,No,Not Applicable,149,Cash,46,4.6,3.3
2024-07-06 04:23:00,CNR1229480551,Canceled by Customer,CID346506,Bike,Peenya,Chickpet,,,Driver asked to cancel,Not Applicable,Not Applicable,Not Applicable,114,Not Applicable,0,,
2024-07-09 03:30:00,CNR8424138296,Success,CID642567,Prime Plus,Basavanagudi,Sahakar Nagar,280.0,75.0,Not Applicable,Not Applicable,No,Not Applicable,480,Cash,1,3.7,3.9
2024-07-04 01:52:00,CNR6374152665,Canceled by Driver,CID829740,Mini,Rajarajeshwari Nagar,Vijayanagar,,,Not Applicable,Customer was coughing/sick,Not Applicable,Not Applicable,256,Not Applicable,0,,
2024-07-24 21:02:00,CNR6385550615,Success,CID262069,Prime Sedan,Sahakar Nagar,Malleshwaram,35.0,130.0,Not Applicable,Not Applicable,No,Not Applicable,436,UPI,8,3.1,4.9
2024-07-02 05:34:00,CNR2166485444,Canceled by Driver,CID817448,Prime SUV,Magadi Road,Electronic City,,,Not Applicable,Personal & Car related issue,Not Applicable,Not Applicable,467,Not Applicable,0,,
2024-07-04 05:29:00,CNR6054249040,Canceled by Driver,CID860908,eBike,Yelahanka,Electronic City,,,Not Applicable,Personal & Car related issue,Not Applicable,Not Applicable,402,Not Applicable,0,,
2024-07-23 16:46:00,CNR1140613921,Success,CID168456,Prime Sedan,Shivajinagar,JP Nagar,140.0,120.0,Not Applicable,Not Applicable,No,Not Applicable,492,UPI,47,3.5,3.7
2024-07-10 12:39:00,CNR9822277130,Success,CID727790,eBike,Rajarajeshwari Nagar,Nagarbhavi,252.0,110.0,Not Applicable,Not Applicable,No,Not Applicable,294,Cash,11,4.7,3.1
2024-07-19 18:48:00,CNR8832999605,Canceled by Customer,CID421775,Bike,Malleshwaram,Yeshwanthpur,,,AC is Not working,Not Applicable,Not Applicable,Not Applicable,1631,Not Applicable,0,,
2024-07-18 05:34:00,CNR5373853120,Canceled by Driver,CID299833,Auto,Malleshwaram,Peenya,,,Not Applicable,More than permitted people in there,Not Applicable,Not Applicable,181,Not Applicable,0,,
2024-07-30 04:29:00,CNR5915361209,Success,CID527801,eBike,Hebbal,Hebbal,231.0,70.0,Not Applicable,Not Applicable,No,Not Applicable,144,Cash,42,3.6,4.3
2024-07-15 08:02:00,CNR4919467159,Success,CID988163,Prime SUV,Kadugodi,Shivajinagar,112.0,35.0,Not Applicable,Not Applicable,No,Not Applicable,305,Cash,34,3.8,3.7
2024-07-22 10:14:00,CNR2919704090,Driver Not Found,CID445461,eBike,Chickpet,Devanahalli,,,Not Applicable,Not Applicable,Not Applicable,Not Applicable,388,Not Applicable,0,,
2024-07-05 02:12:00,CNR6726979890,Success,CID759736,Prime Sedan,Hebbal,Magadi Road,224.0,135.0,Not Applicable,Not Applicable,No,Not Applicable,312,UPI,39,3.5,3.4
2024-07-14 07:50:00,CNR8749955591,Success,CID673662,eBike,Hebbal,Shivajinagar,287.0,50.0,Not Applicable,Not Applicable,No,Not Applicable,770,Cash,16,4.3,3.2
2024-07-21 18:49:00,CNR9985558623,Success,CID820078,Prime SUV,KR Puram,Koramangala,259.0,50.0,Not Applicable,Not Applicable,No,Not Applicable,113,Credit Card,49,4.6,4.8
2024-07-30 18:44:00,CNR2558724975,Success,CID881450,Prime Plus,Padmanabhanagar,Hosur Road,98.0,65.0,Not Applicable,Not Applicable,No,Not Applicable,443,Cash,7,3.4,4.7
2024-07-16 06:13:00,CNR1593682245,Canceled by Customer,CID595500,eBike,Malleshwaram,Kammanahalli,,,Driver is not moving towards pickup location,Not Applicable,Not Applicable,Not Applicable,805,Not Applicable,0,,
2024-07-23 19:57:00,CNR6892640924,Canceled by Customer,CID904243,Bike,Tumkur Road,Kammanahalli,,,Driver is not moving towards pickup location,Not Applicable,Not Applicable,Not Applicable,481,Not Applicable,0,,
2024-07-25 07:27:00,CNR8549063191,Success,CID830334,eBike,Ramamurthy Nagar,BTM Layout,245.0,65.0,Not Applicable,Not Applicable,No,Not Applicable,465,UPI,20,4.0,3.8
2024-07-03 17:19:00,CNR2930754879,Success,CID382569,Auto,Hulimavu,Peenya,175.0,35.0,Not Applicable,Not Applicable,No,Not Applicable,176,UPI,11,3.4,3.2
2024-07-03 05:05:00,CNR2379194119,Success,CID807697,Auto,Mysore Road,Kengeri,147.0,60.0,Not Applicable,Not Applicable,No,Not Applicable,807,UPI,3,3.3,4.0
2024-07-30 16:16:00,CNR1263698644,Canceled by Driver,CID982823,Prime SUV,Basavanagudi,Hosur Road,,,Not Applicable,Personal & Car related issue,Not Applicable,Not Applicable,1299,Not Applicable,0,,
2024-07-04 05:38:00,CNR1460919387,Canceled by Driver,CID838087,Auto,Tumkur Road,Sarjapur Road,,,Not Applicable,Customer related issue,Not Applicable,Not Applicable,379,Not Applicable,0,,
2024-07-24 14:22:00,CNR8031337736,Success,CID333443,Mini,Majestic,Sahakar Nagar,98.0,25.0,Not Applicable,Not Applicable,No,Not Applicable,352,Cash,40,3.8,3.7
2024-07-17 00:14:00,CNR4281960337,Canceled by Driver,CID624481,Auto,Langford Town,JP Nagar,,,Not Applicable,Customer was coughing/sick,Not Applicable,Not Applicable,201,Not Applicable,0,,
2024-07-06 06:17:00,CNR9455613336,Driver Not Found,CID743201,Mini,Frazer Town,Mysore Road,,,Not Applicable,Not Applicable,Not Applicable,Not Applicable,122,Not Applicable,0,,
2024-07-22 05:12:00,CNR8969769295,Canceled by Driver,CID276247,Prime Plus,Shantinagar,BTM Layout,,,Not Applicable,Personal & Car related issue,Not Applicable,Not Applicable,234,Not Applicable,0,,
2024-07-20 16:40:00,CNR6732527966,Canceled by Driver,CID943368,Mini,Varthur,Indiranagar,,,Not Applicable,Customer was coughing/sick,Not Applicable,Not Applicable,100,Not Applicable,0,,
2024-07-23 17:10:00,CNR1143718005,Canceled by Customer,CID585476,eBike,RT Nagar,Peenya,,,Driver is not moving towards pickup location,Not Applicable,Not Applicable,Not Applicable,148,Not Applicable,0,,
2024-07-18 01:32:00,CNR3448074982,Success,CID684235,Mini,Malleshwaram,Jayanagar,210.0,90.0,Not Applicable,Not Applicable,No,Not Applicable,597,Cash,41,3.9,4.4
2024-07-25 23:32:00,CNR5259167950,Driver Not Found,CID663423,Bike,Nagarbhavi,Varthur,,,Not Applicable,Not Applicable,Not Applicable,Not Applicable,147,Not Applicable,0,,
2024-07-22 01:32:00,CNR1736257080,Canceled by Driver,CID136159,Bike,Malleshwaram,Vijayanagar,,,Not Applicable,Customer related issue,Not Applicable,Not Applicable,184,Not Applicable,0,,
2024-07-22 21:08:00,CNR3709467609,Success,CID834222,Prime Sedan,Peenya,Koramangala,147.0,85.0,Not Applicable,Not Applicable,No,Not Applicable,201,Cash,18,4.4,3.7
2024-07-12 12:33:00,CNR1657609364,Driver Not Found,CID931227,Auto,Chickpet,Kadugodi,,,Not Applicable,Not Applicable,Not Applicable,Not Applicable,2242,Not Applicable,0,,
2024-07-05 16:17:00,CNR6168988000,Canceled by Customer,CID381731,Mini,Nagarbhavi,Frazer Town,,,Change of plans,Not Applicable,Not Applicable,Not Applicable,502,Not Applicable,0,,
2024-07-20 08:56:00,CNR7352874556,Success,CID141972,eBike,Electronic City,Whitefield,266.0,125.0,Not Applicable,Not Applicable,No,Not Applicable,207,UPI,38,4.1,3.9
2024-07-14 10:10:00,CNR7454015131,Success,CID758093,Auto,Rajarajeshwari Nagar,Bellandur,273.0,60.0,Not Applicable,Not Applicable,Yes,Vehicle Breakdown,478,UPI,19,3.5,4.5
2024-07-10 10:46:00,CNR8449450509,Success,CID577980,Auto,Hosur Road,KR Puram,70.0,35.0,Not Applicable,Not Applicable,No,Not Applicable,370,UPI,16,4.4,3.1
2024-07-09 22:18:00,CNR8072068936,Canceled by Driver,CID924543,Prime SUV,Magadi Road,Shivajinagar,,,Not Applicable,Customer related issue,Not Applicable,Not Applicable,2486,Not Applicable,0,,
2024-07-22 10:18:00,CNR5545099581,Success,CID465914,Auto,Shantinagar,Hosur Road,308.0,55.0,Not Applicable,Not Applicable,No,Not Applicable,358,UPI,4,3.4,3.9
2024-07-21 11:14:00,CNR7912461584,Canceled by Customer,CID504800,Auto,Sahakar Nagar,Basavanagudi,,,AC is Not working,Not Applicable,Not Applicable,Not Applicable,102,Not Applicable,0,,
2024-07-28 11:13:00,CNR9174804903,Driver Not Found,CID773919,Mini,Basavanagudi,Shantinagar,,,Not Applicable,Not Applicable,Not Applicable,Not Applicable,402,Not Applicable,0,,
2024-07-25 06:56:00,CNR8948767184,Success,CID250623,Prime Sedan,Vijayanagar,HSR Layout,77.0,55.0,Not Applicable,Not Applicable,No,Not Applicable,488,Cash,11,3.7,4.4
2024-07-29 17:03:00,CNR4655426666,Canceled by Driver,CID288522,Prime Plus,Chickpet,KR Puram,,,Not Applicable,Customer related issue,Not Applicable,Not Applicable,1861,Not Applicable,0,,
2024-07-08 08:37:00,CNR4552092965,Driver Not Found,CID182012,Auto,BTM Layout,KR Puram,,,Not Applicable,Not Applicable,Not Applicable,Not Applicable,458,Not Applicable,0,,
2024-07-22 16:42:00,CNR5577403629,Success,CID379140,Prime Plus,MG Road,Marathahalli,105.0,105.0,Not Applicable,Not Applicable,No,Not Applicable,155,Cash,21,3.8,4.8
2024-07-27 18:50:00,CNR4817206629,Success,CID541361,Prime Sedan,Kammanahalli,Shivajinagar,308.0,115.0,Not Applicable,Not Applicable,No,Not Applicable,140,UPI,49,4.6,3.7
2024-07-06 19:01:00,CNR2329826955,Driver Not Found,CID269846,Mini,Chickpet,Majestic,,,Not Applicable,Not Applicable,Not Applicable,Not Applicable,609,Not Applicable,0,,
2024-07-13 15:57:00,CNR2697562922,Canceled by Driver,CID665574,Auto,Mysore Road,Sahakar Nagar,,,Not Applicable,Customer was coughing/sick,Not Applicable,Not Applicable,237,Not Applicable,0,,
2024-07-16 13:03:00,CNR4110199902,Driver Not Found,CID532999,Mini,Yeshwanthpur,MG Road,,,Not Applicable,Not Applicable,Not Applicable,Not Applicable,859,Not Applicable,0,,
2024-07-01 09:11:00,CNR6148381481,Driver Not Found,CID103853,Prime SUV,Rajarajeshwari Nagar,Varthur,,,Not Applicable,Not Applicable,Not Applicable,Not Applicable,413,Not Applicable,0,,
2024-07-27 02:02:00,CNR8022144180,Success,CID486821,Prime Plus,Cox Town,Chamarajpet,175.0,95.0,Not Applicable,Not Applicable,No,Not Applicable,261,UPI,6,3.9,3.3
2024-07-30 13:50:00,CNR5942503333,Canceled by Customer,CID315745,Prime Plus,Electronic City,Indiranagar,,,AC is Not working,Not Applicable,Not Applicable,Not Applicable,809,Not Applicable,0,,
2024-07-27 17:45:00,CNR7954406509,Canceled by Customer,CID706176,Prime SUV,Malleshwaram,Jayanagar,,,AC is Not working,Not Applicable,Not Applicable,Not Applicable,1394,Not Applicable,0,,
2024-07-23 19:34:00,CNR5191113660,Success,CID933463,Prime Plus,Tumkur Road,Yeshwanthpur,203.0,60.0,Not Applicable,Not Applicable,No,Not Applicable,362,Cash,36,4.2,3.4
2024-07-13 02:38:00,CNR2141459546,Success,CID741610,Prime Plus,Sarjapur Road,Yelahanka,196.0,25.0,Not Applicable,Not Applicable,No,Not Applicable,426,Cash,26,3.1,3.7
2024-07-14 01:50:00,CNR8751043297,Success,CID755645,eBike,Majestic,Chamarajpet,70.0,115.0,Not Applicable,Not Applicable,No,Not Applicable,609,Cash,28,4.3,4.1
2024-07-30 03:42:00,CNR4986597405,Driver Not Found,CID346136,eBike,Malleshwaram,Ramamurthy Nagar,,,Not Applicable,Not Applicable,Not Applicable,Not Applicable,254,Not Applicable,0,,
2024-07-02 01:45:00,CNR2857618380,Success,CID425305,Auto,Yeshwanthpur,Richmond Town,245.0,80.0,Not Applicable,Not Applicable,No,Not Applicable,341,UPI,6,4.9,4.1
2024-07-03 19:00:00,CNR8681197722,Success,CID105880,Auto,Hennur,Indiranagar,273.0,145.0,Not Applicable,Not Applicable,No,Not Applicable,350,Cash,14,4.9,3.8
2024-07-11 15:53:00,CNR2473288611,Success,CID708635,Prime Plus,Rajajinagar,Marathahalli,147.0,75.0,Not Applicable,Not Applicable,No,Not Applicable,1117,UPI,16,3.6,3.5
2024-07-23 01:31:00,CNR1347789024,Canceled by Customer,CID384647,Prime SUV,HSR Layout,HSR Layout,,,Driver is not moving towards pickup location,Not Applicable,Not Applicable,Not Applicable,720,Not Applicable,0,,
2024-07-22 03:32:00,CNR8410186570,Canceled by Customer,CID884581,Prime SUV,JP Nagar,Yeshwanthpur,,,Driver asked to cancel,Not Applicable,Not Applicable,Not Applicable,242,Not Applicable,0,,
2024-07-10 23:54:00,CNR2702512658,Canceled by Driver,CID322258,eBike,Chickpet,Devanahalli,,,Not Applicable,Customer related issue,Not Applicable,Not Applicable,388,Not Applicable,0,,
2024-07-13 03:56:00,CNR7065761976,Success,CID622798,Mini,Koramangala,Bellandur,98.0,100.0,Not Applicable,Not Applicable,No,Not Applicable,648,UPI,16,4.4,3.2
2024-07-12 22:10:00,CNR4610639566,Canceled by Driver,CID839096,Auto,Sarjapur Road,MG Road,,,Not Applicable,Customer related issue,Not Applicable,Not Applicable,478,Not Applicable,0,,
2024-07-08 23:42:00,CNR2289122159,Success,CID144551,Prime SUV,Hulimavu,Ramamurthy Nagar,126.0,70.0,Not Applicable,Not Applicable,No,Not Applicable,2436,Cash,24,3.2,4.7
2024-07-26 14:36:00,CNR8472290350,Success,CID572553,Prime Sedan,Padmanabhanagar,Hebbal,119.0,115.0,Not Applicable,Not Applicable,Yes,Customer Demand,170,UPI,23,4.0,4.0
2024-07-06 15:52:00,CNR6757561669,Success,CID254714,eBike,Magadi Road,Hulimavu,280.0,105.0,Not Applicable,Not Applicable,No,Not Applicable,435,Cash,36,5.0,3.1
2024-07-04 16:19:00,CNR9191524641,Success,CID102336,Prime Plus,Peenya,Sarjapur Road,98.0,130.0,Not Applicable,Not Applicable,No,Not Applicable,300,Cash,30,4.2,3.8
2024-07-21 19:28:00,CNR7005342326,Success,CID372796,Mini,Bellandur,Majestic,189.0,125.0,Not Applicable,Not Applicable,Yes,Customer Demand,492,UPI,20,3.1,4.2
2024-07-26 15:14:00,CNR5345103608,Success,CID729814,Prime Sedan,Yelahanka,MG Road,182.0,65.0,Not Applicable,Not Applicable,No,Not Applicable,397,UPI,49,4.9,4.3
2024-07-29 07:53:00,CNR8713207785,Success,CID195017,Mini,Sarjapur Road,Malleshwaram,112.0,45.0,Not Applicable,Not Applicable,No,Not Applicable,717,Cash,43,4.8,3.5
2024-07-10 19:23:00,CNR3967848393,Canceled by Driver,CID659294,Bike,Banashankari,Malleshwaram,,,Not Applicable,More than permitted people in there,Not Applicable,Not Applicable,631,Not Applicable,0,,
2024-07-26 04:54:00,CNR8835735502,Success,CID516226,Prime Plus,Yelahanka,Banashankari,189.0,75.0,Not Applicable,Not Applicable,No,Not Applicable,143,Cash,9,4.1,3.6
2024-07-05 06:56:00,CNR6941329671,Canceled by Driver,CID888421,Prime SUV,Hebbal,Hebbal,,,Not Applicable,Personal & Car related issue,Not Applicable,Not Applicable,486,Not Applicable,0,,
2024-07-08 16:14:00,CNR5125179973,Success,CID919175,eBike,Vijayanagar,Vijayanagar,245.0,95.0,Not Applicable,Not Applicable,No,Not Applicable,111,Cash,24,3.1,4.2
2024-07-26 16:53:00,CNR3607731287,Canceled by Driver,CID930598,Mini,Hennur,BTM Layout,,,Not Applicable,Customer was coughing/sick,Not Applicable,Not Applicable,283,Not Applicable,0,,
2024-07-24 02:40:00,CNR4664403618,Success,CID718881,Mini,Frazer Town,Banashankari,84.0,50.0,Not Applicable,Not Applicable,No,Not Applicable,948,UPI,10,4.3,3.3
2024-07-20 19:48:00,CNR6134018078,Success,CID655675,Prime Plus,Electronic City,Kammanahalli,154.0,35.0,Not Applicable,Not Applicable,Yes,Customer Demand,458,Cash,13,3.7,4.3
2024-07-08 12:30:00,CNR8999725959,Success,CID335854,Bike,Yeshwanthpur,Rajajinagar,259.0,145.0,Not Applicable,Not Applicable,No,Not Applicable,512,Cash,41,3.8,4.5
2024-07-28 08:41:00,CNR5177036987,Success,CID502016,Prime SUV,Sahakar Nagar,KR Puram,210.0,135.0,Not Applicable,Not Applicable,No,Not Applicable,355,Credit Card,28,4.5,4.8
2024-07-01 21:11:00,CNR8661182467,Canceled by Customer,CID506350,Prime Sedan,KR Puram,Magadi Road,,,Wrong Address,Not Applicable,Not Applicable,Not Applicable,116,Not Applicable,0,,
2024-07-20 12:49:00,CNR6167693155,Success,CID273936,eBike,Chickpet,Sarjapur Road,231.0,30.0,Not Applicable,Not Applicable,No,Not Applicable,120,Cash,16,3.6,4.8
2024-07-30 02:02:00,CNR8410258064,Success,CID479806,Auto,Jayanagar,Koramangala,273.0,120.0,Not Applicable,Not Applicable,No,Not Applicable,406,Cash,7,3.3,3.6
2024-07-09 21:26:00,CNR4819709492,Success,CID892683,Prime SUV,Shantinagar,Peenya,266.0,110.0,Not Applicable,Not Applicable,No,Not Applicable,449,Cash,3,4.8,4.6
2024-07-14 16:14:00,CNR6081174339,Success,CID102346,eBike,Bellandur,Yelahanka,294.0,120.0,Not Applicable,Not Applicable,No,Not Applicable,236,Cash,40,4.4,4.3
2024-07-14 07:14:00,CNR5172316491,Success,CID938276,Prime Sedan,Banashankari,Tumkur Road,245.0,135.0,Not Applicable,Not Applicable,No,Not Applicable,682,Cash,49,3.8,3.3
2024-07-08 00:16:00,CNR2246426182,Success,CID922047,Prime SUV,Vijayanagar,Chamarajpet,175.0,55.0,Not Applicable,Not Applicable,No,Not Applicable,428,Cash,47,3.7,5.0
2024-07-21 22:28:00,CNR5523352107,Driver Not Found,CID292393,Mini,HSR Layout,Indiranagar,,,Not Applicable,Not Applicable,Not Applicable,Not Applicable,191,Not Applicable,0,,
2024-07-28 21:57:00,CNR8652401077,Canceled by Customer,CID830924,Auto,Hennur,Kengeri,,,Change of plans,Not Applicable,Not Applicable,Not Applicable,299,Not Applicable,0,,
2024-07-09 01:59:00,CNR2219759013,Canceled by Driver,CID273243,Bike,Tumkur Road,Jayanagar,,,Not Applicable,Customer related issue,Not Applicable,Not Applicable,181,Not Applicable,0,,
2024-07-24 20:27:00,CNR8681430952,Success,CID896464,Prime Plus,BTM Layout,Sahakar Nagar,189.0,100.0,Not Applicable,Not Applicable,No,Not Applicable,769,Cash,30,3.5,4.4
2024-07-26 07:23:00,CNR1224631104,Canceled by Customer,CID566499,Prime Sedan,Yeshwanthpur,BTM Layout,,,AC is Not working,Not Applicable,Not Applicable,Not Applicable,188,Not Applicable,0,,
2024-07-28 09:21:00,CNR8101946531,Success,CID277704,Auto,Majestic,Marathahalli,238.0,40.0,Not Applicable,Not Applicable,No,Not Applicable,420,Debit Card,2,3.7,4.2
2024-07-26 17:10:00,CNR9784810506,Success,CID243679,Prime SUV,Rajajinagar,Hebbal,252.0,70.0,Not Applicable,Not Applicable,No,Not Applicable,177,Cash,8,4.0,4.6
2024-07-06 04:50:00,CNR8556074699,Success,CID601831,eBike,Yeshwanthpur,Bannerghatta Road,182.0,55.0,Not Applicable,Not Applicable,No,Not Applicable,132,Cash,17,3.4,4.2
2024-07-27 19:02:00,CNR7265409542,Canceled by Customer,CID477919,Prime Sedan,Banashankari,Electronic City,,,AC is Not working,Not Applicable,Not Applicable,Not Applicable,2386,Not Applicable,0,,
2024-07-21 21:14:00,CNR4418765653,Success,CID860345,eBike,Basavanagudi,Hosur Road,119.0,125.0,Not Applicable,Not Applicable,No,Not Applicable,2294,Cash,18,4.5,4.2
2024-07-08 11:11:00,CNR3703484778,Success,CID580666,eBike,Shivajinagar,Hebbal,49.0,105.0,Not Applicable,Not Applicable,No,Not Applicable,135,Cash,23,4.2,4.6
2024-07-22 10:43:00,CNR2851159164,Success,CID205998,Mini,Bannerghatta Road,Sarjapur Road,294.0,70.0,Not Applicable,Not Applicable,No,Not Applicable,505,Cash,30,4.8,4.4
2024-07-11 09:41:00,CNR6124592250,Success,CID539801,eBike,Bellandur,Nagarbhavi,70.0,50.0,Not Applicable,Not Applicable,No,Not Applicable,207,Cash,25,4.1,4.4
2024-07-22 01:45:00,CNR9146742504,Success,CID412537,Mini,Rajarajeshwari Nagar,Chickpet,245.0,100.0,Not Applicable,Not Applicable,No,Not Applicable,986,Cash,33,3.3,4.7
2024-07-10 02:12:00,CNR1439288705,Success,CID653853,Mini,Kadugodi,Mysore Road,252.0,55.0,Not Applicable,Not Applicable,No,Not Applicable,376,UPI,40,4.7,4.1
2024-07-03 03:33:00,CNR7703297035,Driver Not Found,CID394105,eBike,Nagarbhavi,HSR Layout,,,Not Applicable,Not Applicable,Not Applicable,Not Applicable,2758,Not Applicable,0,,
2024-07-26 09:51:00,CNR5855849046,Driver Not Found,CID351982,Prime Plus,Basavanagudi,Vijayanagar,,,Not Applicable,Not Applicable,Not Applicable,Not Applicable,136,Not Applicable,0,,
2024-07-12 06:26:00,CNR4571457909,Success,CID980445,Prime SUV,Hennur,Bellandur,42.0,90.0,Not Applicable,Not Applicable,No,Not Applicable,160,Cash,22,3.2,3.0
2024-07-08 10:41:00,CNR2722957847,Success,CID819866,eBike,Chickpet,Tumkur Road,126.0,65.0,Not Applicable,Not Applicable,Yes,Vehicle Breakdown,562,Cash,47,4.9,4.1
2024-07-09 14:54:00,CNR2105936936,Success,CID535846,Prime SUV,Nagarbhavi,Bannerghatta Road,91.0,100.0,Not Applicable,Not Applicable,No,Not Applicable,184,Cash,3,4.4,3.8
2024-07-22 06:10:00,CNR6559189946,Driver Not Found,CID656821,Prime Sedan,JP Nagar,Koramangala,,,Not Applicable,Not Applicable,Not Applicable,Not Applicable,238,Not Applicable,0,,
2024-07-12 09:38:00,CNR9130479428,Success,CID998701,Bike,Rajarajeshwari Nagar,Hulimavu,168.0,145.0,Not Applicable,Not Applicable,No,Not Applicable,289,UPI,5,4.4,3.3
2024-07-13 23:30:00,CNR1221582065,Success,CID971831,Mini,Varthur,Koramangala,77.0,60.0,Not Applicable,Not Applicable,No,Not Applicable,222,UPI,30,3.2,4.0
2024-07-29 11:31:00,CNR6730179851,Success,CID949971,Prime Sedan,Malleshwaram,Shivajinagar,49.0,115.0,Not Applicable,Not Applicable,No,Not Applicable,314,Cash,29,3.6,3.9
2024-07-22 15:20:00,CNR5897958218,Success,CID862740,Mini,Whitefield,Marathahalli,168.0,100.0,Not Applicable,Not Applicable,No,Not Applicable,734,UPI,37,3.3,3.2
2024-07-03 18:35:00,CNR7355316279,Canceled by Driver,CID905611,Bike,Shivajinagar,Richmond Town,,,Not Applicable,Personal & Car related issue,Not Applicable,Not Applicable,341,Not Applicable,0,,
2024-07-13 10:27:00,CNR4952886401,Success,CID983084,Bike,Yeshwanthpur,MG Road,70.0,70.0,Not Applicable,Not Applicable,No,Not Applicable,146,Cash,20,3.7,3.3
2024-07-23 10:11:00,CNR2611164226,Success,CID573200,eBike,BTM Layout,Nagarbhavi,63.0,80.0,Not Applicable,Not Applicable,No,Not Applicable,109,Cash,7,4.3,4.7
2024-07-27 10:03:00,CNR8572547009,Success,CID928665,eBike,Sarjapur Road,Yelahanka,140.0,95.0,Not Applicable,Not Applicable,No,Not Applicable,1708,UPI,20,3.9,4.0
2024-07-05 23:03:00,CNR3817564160,Canceled by Customer,CID560827,Bike,Tumkur Road,Varthur,,,Change of plans,Not Applicable,Not Applicable,Not Applicable,306,Not Applicable,0,,
2024-07-08 17:16:00,CNR3245943657,Success,CID208286,Prime SUV,Sahakar Nagar,Hennur,189.0,75.0,Not Applicable,Not Applicable,No,Not Applicable,411,Cash,36,4.2,3.8
2024-07-10 12:20:00,CNR5856976030,Success,CID843161,Prime Plus,Kengeri,Hosur Road,154.0,130.0,Not Applicable,Not Applicable,No,Not Applicable,298,Cash,41,3.5,3.2
2024-07-02 10:33:00,CNR9868533773,Success,CID876867,Prime Plus,Kengeri,Marathahalli,175.0,60.0,Not Applicable,Not Applicable,No,Not Applicable,833,Cash,9,4.5,4.1
2024-07-05 18:10:00,CNR1806750390,Success,CID128381,Prime Sedan,HSR Layout,Vijayanagar,56.0,90.0,Not Applicable,Not Applicable,No,Not Applicable,238,Cash,34,5.0,3.3
2024-07-12 17:42:00,CNR9856625270,Success,CID357984,Prime Plus,Indiranagar,Ulsoor,42.0,70.0,Not Applicable,Not Applicable,No,Not Applicable,313,Cash,5,4.5,4.7
2024-07-16 19:56:00,CNR8968604521,Success,CID767701,Prime SUV,Cox Town,BTM Layout,175.0,50.0,Not Applicable,Not Applicable,No,Not Applicable,965,UPI,27,4.0,4.2
2024-07-07 10:15:00,CNR6049573239,Success,CID467391,eBike,HSR Layout,Hebbal,224.0,60.0,Not Applicable,Not Applicable,No,Not Applicable,204,UPI,17,4.2,4.8
2024-07-15 13:01:00,CNR4331257921,Canceled by Driver,CID273495,Prime Sedan,Kengeri,Hennur,,,Not Applicable,Customer was coughing/sick,Not Applicable,Not Applicable,1405,Not Applicable,0,,
2024-07-18 00:14:00,CNR4681273999,Success,CID562496,eBike,Rajarajeshwari Nagar,Majestic,98.0,130.0,Not Applicable,Not Applicable,No,Not Applicable,164,Cash,40,4.7,3.3
2024-07-08 18:22:00,CNR2445899121,Success,CID939539,Mini,Basavanagudi,Vijayanagar,35.0,100.0,Not Applicable,Not Applicable,No,Not Applicable,460,Cash,39,4.1,4.3
2024-07-29 04:13:00,CNR8062610847,Success,CID712398,Prime Sedan,Chickpet,Yelahanka,35.0,125.0,Not Applicable,Not Applicable,No,Not Applicable,256,Cash,47,4.8,4.0
2024-07-23 09:23:00,CNR3357927543,Canceled by Customer,CID864166,eBike,Vijayanagar,Cox Town,,,Change of plans,Not Applicable,Not Applicable,Not Applicable,160,Not Applicable,0,,
2024-07-19 10:49:00,CNR8065474518,Success,CID125807,Prime SUV,Hennur,Richmond Town,42.0,100.0,Not Applicable,Not Applicable,No,Not Applicable,740,UPI,12,3.9,3.3
2024-07-17 09:46:00,CNR4236170374,Success,CID383036,Prime Sedan,MG Road,Koramangala,175.0,140.0,Not Applicable,Not Applicable,No,Not Applicable,131,Cash,22,3.1,4.3
2024-07-19 03:06:00,CNR7497204858,Success,CID787291,Mini,Ramamurthy Nagar,BTM Layout,147.0,100.0,Not Applicable,Not Applicable,No,Not Applicable,410,UPI,26,3.2,4.9
2024-07-11 02:27:00,CNR9993787248,Success,CID720991,Mini,Vijayanagar,Devanahalli,70.0,95.0,Not Applicable,Not Applicable,No,Not Applicable,402,Cash,15,3.1,3.9
2024-07-04 13:13:00,CNR5385876881,Driver Not Found,CID573066,Auto,Sahakar Nagar,Padmanabhanagar,,,Not Applicable,Not Applicable,Not Applicable,Not Applicable,190,Not Applicable,0,,
2024-07-28 21:02:00,CNR2307903058,Canceled by Customer,CID947393,eBike,Magadi Road,Kammanahalli,,,Driver asked to cancel,Not Applicable,Not Applicable,Not Applicable,328,Not Applicable,0,,
2024-07-17 00:30:00,CNR8604967480,Driver Not Found,CID390868,Mini,Richmond Town,Yeshwanthpur,,,Not Applicable,Not Applicable,Not Applicable,Not Applicable,111,Not Applicable,0,,
2024-07-27 19:00:00,CNR5276894741,Success,CID269447,Mini,Electronic City,Mysore Road,182.0,40.0,Not Applicable,Not Applicable,No,Not Applicable,286,UPI,36,4.3,4.9
2024-07-07 19:14:00,CNR8469146574,Success,CID466261,Prime Sedan,Frazer Town,Electronic City,273.0,40.0,Not Applicable,Not Applicable,No,Not Applicable,254,UPI,15,4.2,4.5
2024-07-29 03:28:00,CNR7342058063,Success,CID843825,Prime Sedan,Kengeri,Hulimavu,112.0,95.0,Not Applicable,Not Applicable,No,Not Applicable,2146,Cash,47,4.2,4.9
2024-07-05 02:49:00,CNR8429459858,Success,CID480198,Bike,Chamarajpet,Frazer Town,245.0,130.0,Not Applicable,Not Applicable,No,Not Applicable,913,Cash,39,4.8,3.8
2024-07-17 19:14:00,CNR9926430827,Canceled by Driver,CID876450,Bike,Rajarajeshwari Nagar,Bannerghatta Road,,,Not Applicable,Customer was coughing/sick,Not Applicable,Not Applicable,288,Not Applicable,0,,
2024-07-14 14:30:00,CNR3559091636,Canceled by Driver,CID565947,Auto,Cox Town,KR Puram,,,Not Applicable,More than permitted people in there,Not Applicable,Not Applicable,156,Not Applicable,0,,
2024-07-18 11:45:00,CNR9407758699,Canceled by Driver,CID199644,Prime Sedan,Chamarajpet,Jayanagar,,,Not Applicable,Customer was coughing/sick,Not Applicable,Not Applicable,195,Not Applicable,0,,
2024-07-10 04:52:00,CNR1522611196,Canceled by Driver,CID513737,Bike,Hebbal,Basavanagudi,,,Not Applicable,Personal & Car related issue,Not Applicable,Not Applicable,498,Not Applicable,0,,
2024-07-30 19:09:00,CNR9798914818,Success,CID920033,eBike,Malleshwaram,RT Nagar,42.0,115.0,Not Applicable,Not Applicable,No,Not Applicable,623,UPI,30,4.6,3.4
2024-07-07 17:29:00,CNR7697955779,Driver Not Found,CID803034,Prime SUV,Hennur,Shivajinagar,,,Not Applicable,Not Applicable,Not Applicable,Not Applicable,232,Not Applicable,0,,
2024-07-18 00:44:00,CNR6869754244,Success,CID564422,Auto,Shivajinagar,Tumkur Road,203.0,105.0,Not Applicable,Not Applicable,No,Not Applicable,963,Cash,14,4.1,3.5
2024-07-22 13:51:00,CNR6577788202,Success,CID833143,Auto,Hebbal,Ulsoor,287.0,70.0,Not Applicable,Not Applicable,No,Not Applicable,456,UPI,10,4.6,4.9
2024-07-20 09:57:00,CNR1998755509,Success,CID853967,Prime SUV,Varthur,Electronic City,273.0,145.0,Not Applicable,Not Applicable,No,Not Applicable,563,Cash,10,3.0,3.2
2024-07-09 13:24:00,CNR3921588136,Success,CID412614,Mini,Richmond Town,HSR Layout,238.0,90.0,Not Applicable,Not Applicable,No,Not Applicable,110,UPI,33,3.4,3.1
2024-07-27 01:02:00,CNR4929685782,Driver Not Found,CID645890,Auto,Yeshwanthpur,Koramangala,,,Not Applicable,Not Applicable,Not Applicable,Not Applicable,344,Not Applicable,0,,
2024-07-08 23:58:00,CNR3646824703,Success,CID742864,Prime Sedan,Marathahalli,Bellandur,245.0,120.0,Not Applicable,Not Applicable,No,Not Applicable,155,Cash,4,3.4,4.6
2024-07-16 01:39:00,CNR6274735814,Success,CID820624,Prime Plus,Devanahalli,Rajarajeshwari Nagar,119.0,70.0,Not Applicable,Not Applicable,Yes,Other Issue,441,UPI,31,4.6,3.9
2024-07-05 22:29:00,CNR6091851048,Success,CID575108,Prime Plus,Whitefield,Nagarbhavi,77.0,90.0,Not Applicable,Not Applicable,No,Not Applicable,1494,Cash,17,4.0,3.1
2024-07-25 14:22:00,CNR8779862956,Success,CID630427,Bike,Chickpet,Mysore Road,77.0,115.0,Not Applicable,Not Applicable,No,Not Applicable,237,UPI,33,5.0,3.5
2024-07-13 06:29:00,CNR4690772033,Driver Not Found,CID730074,Prime Plus,Sarjapur Road,Richmond Town,,,Not Applicable,Not Applicable,Not Applicable,Not Applicable,415,Not Applicable,0,,
2024-07-13 19:10:00,CNR5554127541,Canceled by Driver,CID480761,eBike,Yeshwanthpur,Kammanahalli,,,Not Applicable,Customer was coughing/sick,Not Applicable,Not Applicable,208,Not Applicable,0,,
2024-07-19 19:50:00,CNR8795653706,Driver Not Found,CID800037,Bike,RT Nagar,RT Nagar,,,Not Applicable,Not Applicable,Not Applicable,Not Applicable,349,Not Applicable,0,,
2024-07-26 06:11:00,CNR9195821716,Success,CID927742,Bike,Kengeri,Shantinagar,189.0,30.0,Not Applicable,Not Applicable,No,Not Applicable,2899,Cash,43,4.4,4.8
2024-07-14 22:36:00,CNR5720112077,Success,CID558012,Mini,Nagarbhavi,Kammanahalli,294.0,80.0,Not Applicable,Not Applicable,No,Not Applicable,169,Cash,4,3.5,3.5
2024-07-13 22:16:00,CNR8000182365,Success,CID143693,Bike,Ramamurthy Nagar,Kammanahalli,266.0,25.0,Not Applicable,Not Applicable,No,Not Applicable,466,Cash,34,3.8,4.5
2024-07-07 09:21:00,CNR8962767443,Success,CID666433,Prime Plus,Chickpet,Peenya,175.0,70.0,Not Applicable,Not Applicable,No,Not Applicable,141,UPI,12,3.4,3.5
2024-07-01 00:16:00,CNR3132850384,Success,CID989882,Prime Sedan,RT Nagar,Hulimavu,35.0,110.0,Not Applicable,Not Applicable,No,Not Applicable,730,UPI,17,4.4,3.6
2024-07-16 12:40:00,CNR3789102800,Driver Not Found,CID310688,Prime Plus,Ulsoor,RT Nagar,,,Not Applicable,Not Applicable,Not Applicable,Not Applicable,224,Not Applicable,0,,
2024-07-23 01:33:00,CNR7357516948,Success,CID516233,Prime Plus,Hosur Road,Mysore Road,140.0,40.0,Not Applicable,Not Applicable,Yes,Vehicle Breakdown,446,Cash,43,4.1,4.5
2024-07-01 21:32:00,CNR8180069971,Canceled by Driver,CID787606,eBike,Yeshwanthpur,Whitefield,,,Not Applicable,Customer related issue,Not Applicable,Not Applicable,781,Not Applicable,0,,
2024-07-16 09:48:00,CNR7791501661,Success,CID991632,Bike,Whitefield,Koramangala,56.0,105.0,Not Applicable,Not Applicable,No,Not Applicable,477,Cash,12,3.7,3.6
2024-07-29 16:13:00,CNR9263065723,Success,CID237469,Bike,Vijayanagar,Vijayanagar,301.0,65.0,Not Applicable,Not Applicable,No,Not Applicable,333,Cash,40,3.3,4.9
2024-07-20 19:47:00,CNR6886731265,Canceled by Customer,CID164297,Bike,Richmond Town,Cox Town,,,Driver is not moving towards pickup location,Not Applicable,Not Applicable,Not Applicable,316,Not Applicable,0,,
2024-07-20 12:47:00,CNR1642453713,Canceled by Customer,CID801053,Prime SUV,Cox Town,Chamarajpet,,,Driver asked to cancel,Not Applicable,Not Applicable,Not Applicable,268,Not Applicable,0,,
2024-07-07 05:51:00,CNR3694814445,Success,CID309438,Prime Plus,Hulimavu,Jayanagar,154.0,25.0,Not Applicable,Not Applicable,No,Not Applicable,183,Cash,22,4.1,3.2
2024-07-11 10:26:00,CNR8633758628,Canceled by Driver,CID493976,Mini,Koramangala,Bannerghatta Road,,,Not Applicable,Personal & Car related issue,Not Applicable,Not Applicable,538,Not Applicable,0,,
2024-07-27 02:54:00,CNR9581624682,Success,CID580156,eBike,KR Puram,Varthur,301.0,75.0,Not Applicable,Not Applicable,Yes,Vehicle Breakdown,970,Cash,25,4.6,4.5
2024-07-26 15:33:00,CNR8158250710,Success,CID549887,Auto,Mysore Road,Basavanagudi,266.0,110.0,Not Applicable,Not Applicable,No,Not Applicable,231,Cash,19,3.9,3.5
2024-07-17 16:30:00,CNR6074538765,Driver Not Found,CID769830,eBike,Banashankari,Kengeri,,,Not Applicable,Not Applicable,Not Applicable,Not Applicable,293,Not Applicable,0,,
2024-07-29 06:59:00,CNR9390509466,Success,CID106915,Prime Plus,Kadugodi,Varthur,77.0,100.0,Not Applicable,Not Applicable,Yes,Vehicle Breakdown,352,UPI,46,3.4,4.7
2024-07-20 02:23:00,CNR2411206213,Success,CID807450,Prime SUV,Indiranagar,Kengeri,294.0,110.0,Not Applicable,Not Applicable,No,Not Applicable,418,Cash,14,3.7,3.0
2024-07-18 09:45:00,CNR3265379829,Success,CID578049,Bike,Jayanagar,Sahakar Nagar,119.0,115.0,Not Applicable,Not Applicable,No,Not Applicable,411,Cash,4,4.7,3.6
2024-07-23 21:32:00,CNR2885983948,Success,CID977827,Auto,Ulsoor,Varthur,273.0,75.0,Not Applicable,Not Applicable,No,Not Applicable,462,Cash,8,3.0,4.4
2024-07-29 03:25:00,CNR5593246729,Success,CID991289,Prime Plus,RT Nagar,Richmond Town,308.0,80.0,Not Applicable,Not Applicable,No,Not Applicable,432,Cash,9,3.9,4.6
2024-07-24 10:43:00,CNR2296900885,Canceled by Customer,CID569635,Prime SUV,Tumkur Road,Kengeri,,,AC is Not working,Not Applicable,Not Applicable,Not Applicable,138,Not Applicable,0,,
2024-07-13 10:11:00,CNR2409268454,Success,CID129244,Auto,Peenya,RT Nagar,105.0,105.0,Not Applicable,Not Applicable,No,Not Applicable,366,UPI,17,4.4,3.2
2024-07-18 14:47:00,CNR8461047537,Canceled by Customer,CID211521,eBike,Rajarajeshwari Nagar,Peenya,,,Driver asked to cancel,Not Applicable,Not Applicable,Not Applicable,410,Not Applicable,0,,
2024-07-28 17:02:00,CNR6972846808,Success,CID461143,Bike,Chamarajpet,Malleshwaram,70.0,50.0,Not Applicable,Not Applicable,No,Not Applicable,455,Cash,18,4.0,3.1
2024-07-20 19:59:00,CNR1057103205,Success,CID451991,eBike,Varthur,Shantinagar,273.0,25.0,Not Applicable,Not Applicable,No,Not Applicable,132,Credit Card,39,3.5,3.4
2024-07-12 06:43:00,CNR1399099364,Driver Not Found,CID901268,Prime Plus,Hulimavu,Kadugodi,,,Not Applicable,Not Applicable,Not Applicable,Not Applicable,348,Not Applicable,0,,
2024-07-24 04:29:00,CNR5057698743,Success,CID751507,Mini,Bannerghatta Road,Ramamurthy Nagar,280.0,130.0,Not Applicable,Not Applicable,No,Not Applicable,2820,UPI,16,3.3,3.9
2024-07-15 07:07:00,CNR9834268248,Canceled by Driver,CID173626,Prime SUV,JP Nagar,Rajajinagar,,,Not Applicable,Customer related issue,Not Applicable,Not Applicable,339,Not Applicable,0,,
2024-07-04 11:36:00,CNR4500449689,Canceled by Driver,CID251678,Prime SUV,Richmond Town,Whitefield,,,Not Applicable,Customer related issue,Not Applicable,Not Applicable,319,Not Applicable,0,,
2024-07-24 03:38:00,CNR4176054197,Success,CID449971,Prime Sedan,Rajarajeshwari Nagar,Koramangala,133.0,145.0,Not Applicable,Not Applicable,No,Not Applicable,316,UPI,39,3.1,3.4
2024-07-28 19:15:00,CNR1069044036,Canceled by Customer,CID950099,Prime Sedan,Chamarajpet,Rajarajeshwari Nagar,,,AC is Not working,Not Applicable,Not Applicable,Not Applicable,214,Not Applicable,0,,
2024-07-19 10:00:00,CNR2457116629,Driver Not Found,CID478904,Prime SUV,Kammanahalli,Varthur,,,Not Applicable,Not Applicable,Not Applicable,Not Applicable,182,Not Applicable,0,,
2024-07-19 03:28:00,CNR5821262746,Success,CID774186,Prime Sedan,Bellandur,Magadi Road,210.0,50.0,Not Applicable,Not Applicable,No,Not Applicable,124,Cash,49,4.5,3.7
2024-07-26 12:29:00,CNR1127921300,Success,CID871988,eBike,Richmond Town,Langford Town,119.0,30.0,Not Applicable,Not Applicable,No,Not Applicable,182,UPI,49,4.6,4.6
2024-07-02 04:24:00,CNR4120602797,Success,CID918673,Prime Sedan,Banashankari,Chickpet,189.0,145.0,Not Applicable,Not Applicable,No,Not Applicable,401,UPI,44,3.1,3.1
2024-07-08 13:20:00,CNR9586099596,Success,CID444918,Prime SUV,Indiranagar,Hulimavu,140.0,135.0,Not Applicable,Not Applicable,No,Not Applicable,393,UPI,19,4.5,4.3
2024-07-09 09:02:00,CNR7393713977,Success,CID524325,Prime SUV,Kengeri,Sahakar Nagar,49.0,125.0,Not Applicable,Not Applicable,No,Not Applicable,268,UPI,19,4.7,4.3
2024-07-06 13:34:00,CNR7630187125,Success,CID266694,Mini,KR Puram,MG Road,154.0,115.0,Not Applicable,Not Applicable,No,Not Applicable,116,Cash,8,3.7,4.0
2024-07-01 18:21:00,CNR1916234814,Driver Not Found,CID381415,Prime Sedan,MG Road,Marathahalli,,,Not Applicable,Not Applicable,Not Applicable,Not Applicable,305,Not Applicable,0,,
2024-07-22 04:28:00,CNR4997614030,Success,CID607892,Mini,Chickpet,Bannerghatta Road,91.0,90.0,Not Applicable,Not Applicable,No,Not Applicable,260,Credit Card,43,3.6,4.5
2024-07-17 15:59:00,CNR9691746279,Canceled by Driver,CID865382,Prime Plus,Banashankari,Padmanabhanagar,,,Not Applicable,Personal & Car related issue,Not Applicable,Not Applicable,362,Not Applicable,0,,
2024-07-23 17:50:00,CNR3128733271,Canceled by Driver,CID281151,Bike,Rajajinagar,Vijayanagar,,,Not Applicable,Customer related issue,Not Applicable,Not Applicable,223,Not Applicable,0,,
2024-07-02 19:04:00,CNR6268187762,Success,CID406962,Auto,Langford Town,Bannerghatta Road,175.0,105.0,Not Applicable,Not Applicable,No,Not Applicable,741,UPI,14,4.6,3.1
2024-07-23 08:28:00,CNR9562440267,Success,CID364593,Mini,Malleshwaram,Sarjapur Road,259.0,30.0,Not Applicable,Not Applicable,No,Not Applicable,1380,Cash,39,4.1,4.2
2024-07-12 02:25:00,CNR7583893658,Success,CID313823,Prime SUV,Malleshwaram,Devanahalli,56.0,55.0,Not Applicable,Not Applicable,No,Not Applicable,435,Cash,21,4.2,4.3
2024-07-03 06:47:00,CNR2548320827,Success,CID533630,eBike,Majestic,Jayanagar,182.0,80.0,Not Applicable,Not Applicable,No,Not Applicable,193,Cash,28,4.3,4.4
2024-07-17 20:25:00,CNR4487904396,Success,CID878523,Auto,Bannerghatta Road,MG Road,56.0,55.0,Not Applicable,Not Applicable,No,Not Applicable,459,UPI,17,4.5,4.3
2024-07-10 13:58:00,CNR3789027635,Success,CID205546,Mini,Peenya,Shivajinagar,98.0,80.0,Not Applicable,Not Applicable,No,Not Applicable,731,UPI,48,3.0,3.5
2024-07-14 09:50:00,CNR9220762131,Canceled by Driver,CID878096,Prime SUV,Yelahanka,Padmanabhanagar,,,Not Applicable,Customer related issue,Not Applicable,Not Applicable,306,Not Applicable,0,,
2024-07-23 07:58:00,CNR9393211571,Success,CID193546,Prime Plus,Padmanabhanagar,Whitefield,84.0,60.0,Not Applicable,Not Applicable,No,Not Applicable,145,UPI,30,3.6,3.7
2024-07-04 10:18:00,CNR4360217308,Success,CID532692,Mini,KR Puram,Kadugodi,56.0,80.0,Not Applicable,Not Applicable,No,Not Applicable,987,Cash,1,3.2,3.3
2024-07-22 13:06:00,CNR1085809004,Success,CID484359,eBike,Chamarajpet,Richmond Town,217.0,25.0,Not Applicable,Not Applicable,No,Not Applicable,349,UPI,39,3.7,3.7
2024-07-15 09:49:00,CNR4311392710,Success,CID683632,eBike,Jayanagar,Hebbal,287.0,135.0,Not Applicable,Not Applicable,No,Not Applicable,205,UPI,21,3.7,3.5
2024-07-08 17:23:00,CNR9998589184,Success,CID387423,Mini,Basavanagudi,Bannerghatta Road,77.0,95.0,Not Applicable,Not Applicable,No,Not Applicable,278,UPI,15,4.4,3.6
2024-07-04 03:54:00,CNR2681202685,Success,CID622967,Prime Sedan,Frazer Town,Hosur Road,259.0,130.0,Not Applicable,Not Applicable,No,Not Applicable,495,Cash,6,4.8,3.8
2024-07-07 06:14:00,CNR2332843904,Canceled by Driver,CID372699,Bike,Marathahalli,Tumkur Road,,,Not Applicable,Personal & Car related issue,Not Applicable,Not Applicable,911,Not Applicable,0,,
2024-07-15 02:19:00,CNR6452641084,Success,CID721340,Bike,Hosur Road,Shantinagar,35.0,80.0,Not Applicable,Not Applicable,No,Not Applicable,371,UPI,9,3.0,4.2
2024-07-27 22:27:00,CNR8652368099,Canceled by Customer,CID869085,Prime SUV,Padmanabhanagar,RT Nagar,,,Wrong Address,Not Applicable,Not Applicable,Not Applicable,452,Not Applicable,0,,
2024-07-06 11:58:00,CNR4848754673,Driver Not Found,CID163475,Prime SUV,Richmond Town,Rajajinagar,,,Not Applicable,Not Applicable,Not Applicable,Not Applicable,468,Not Applicable,0,,
2024-07-10 14:34:00,CNR5252745354,Canceled by Driver,CID765504,Prime Plus,Hosur Road,KR Puram,,,Not Applicable,Customer related issue,Not Applicable,Not Applicable,493,Not Applicable,0,,
2024-07-02 21:44:00,CNR2516328701,Success,CID108268,Prime Plus,Whitefield,Hebbal,182.0,60.0,Not Applicable,Not Applicable,No,Not Applicable,186,UPI,13,3.2,4.1
2024-07-24 13:08:00,CNR6671571632,Canceled by Customer,CID694387,Mini,Richmond Town,RT Nagar,,,Driver asked to cancel,Not Applicable,Not Applicable,Not Applicable,217,Not Applicable,0,,
2024-07-12 15:08:00,CNR5239785196,Success,CID643965,Bike,Nagarbhavi,Shivajinagar,245.0,60.0,Not Applicable,Not Applicable,No,Not Applicable,2517,Cash,46,3.6,3.7
2024-07-21 01:44:00,CNR6209909674,Canceled by Driver,CID265515,Prime Plus,KR Puram,Majestic,,,Not Applicable,Customer was coughing/sick,Not Applicable,Not Applicable,402,Not Applicable,0,,
2024-07-03 21:25:00,CNR9734305472,Canceled by Driver,CID635758,Auto,RT Nagar,Rajarajeshwari Nagar,,,Not Applicable,Customer related issue,Not Applicable,Not Applicable,809,Not Applicable,0,,
2024-07-10 07:39:00,CNR7859744267,Driver Not Found,CID817146,Bike,Kadugodi,Marathahalli,,,Not Applicable,Not Applicable,Not Applicable,Not Applicable,575,Not Applicable,0,,
2024-07-02 18:53:00,CNR4962450023,Canceled by Driver,CID819034,Bike,Electronic City,Indiranagar,,,Not Applicable,Personal & Car related issue,Not Applicable,Not Applicable,847,Not Applicable,0,,
2024-07-25 13:45:00,CNR2567063181,Canceled by Customer,CID433066,Prime Sedan,Banashankari,Shivajinagar,,,Change of plans,Not Applicable,Not Applicable,Not Applicable,343,Not Applicable,0,,
2024-07-17 22:25:00,CNR2086137662,Success,CID795716,Auto,Varthur,Varthur,77.0,35.0,Not Applicable,Not Applicable,No,Not Applicable,350,UPI,11,4.5,4.9
2024-07-01 12:19:00,CNR1605402881,Driver Not Found,CID607403,Bike,Mysore Road,Kammanahalli,,,Not Applicable,Not Applicable,Not Applicable,Not Applicable,222,Not Applicable,0,,
2024-07-30 20:50:00,CNR5169460656,Canceled by Driver,CID239764,Bike,RT Nagar,Malleshwaram,,,Not Applicable,Personal & Car related issue,Not Applicable,Not Applicable,1559,Not Applicable,0,,
2024-07-28 18:30:00,CNR5818181201,Success,CID372228,Auto,Banashankari,Rajajinagar,210.0,75.0,Not Applicable,Not Applicable,No,Not Applicable,455,Cash,19,4.4,4.8
2024-07-14 08:43:00,CNR2810385967,Success,CID689466,Prime SUV,Yelahanka,Marathahalli,280.0,40.0,Not Applicable,Not Applicable,No,Not Applicable,111,UPI,13,3.8,4.5
2024-07-20 02:19:00,CNR7136018461,Success,CID954205,Prime Sedan,Shantinagar,Chamarajpet,175.0,75.0,Not Applicable,Not Applicable,No,Not Applicable,538,Cash,41,4.1,4.5
2024-07-11 08:21:00,CNR8785028949,Success,CID704201,Mini,Yeshwanthpur,Malleshwaram,294.0,75.0,Not Applicable,Not Applicable,No,Not Applicable,126,Cash,17,3.6,3.5
2024-07-30 15:07:00,CNR2972548164,Success,CID989175,eBike,Shantinagar,Frazer Town,168.0,140.0,Not Applicable,Not Applicable,No,Not Applicable,672,UPI,36,4.4,3.7
2024-07-26 01:07:00,CNR8928132843,Canceled by Driver,CID230885,Auto,Ulsoor,BTM Layout,,,Not Applicable,Personal & Car related issue,Not Applicable,Not Applicable,295,Not Applicable,0,,
2024-07-18 04:09:00,CNR2345553115,Canceled by Customer,CID617698,Bike,Shivajinagar,HSR Layout,,,Wrong Address,Not Applicable,Not Applicable,Not Applicable,354,Not Applicable,0,,
2024-07-20 14:09:00,CNR1292889734,Success,CID824319,Auto,MG Road,Nagarbhavi,42.0,55.0,Not Applicable,Not Applicable,No,Not Applicable,396,Cash,4,3.3,4.8
2024-07-16 09:15:00,CNR9398139211,Success,CID454133,Auto,RT Nagar,Padmanabhanagar,77.0,40.0,Not Applicable,Not Applicable,No,Not Applicable,494,Credit Card,5,4.1,3.3
2024-07-27 13:50:00,CNR5061386969,Success,CID682198,eBike,Yelahanka,Cox Town,147.0,95.0,Not Applicable,Not Applicable,No,Not Applicable,1467,UPI,19,4.5,4.5
2024-07-05 15:36:00,CNR9155933216,Success,CID343455,Mini,HSR Layout,HSR Layout,56.0,60.0,Not Applicable,Not Applicable,No,Not Applicable,293,UPI,29,3.9,4.2
2024-07-22 14:23:00,CNR8320357075,Canceled by Driver,CID873130,Bike,Hulimavu,Vijayanagar,,,Not Applicable,Personal & Car related issue,Not Applicable,Not Applicable,2980,Not Applicable,0,,
2024-07-18 23:55:00,CNR6921930215,Success,CID792022,Prime SUV,Hebbal,Padmanabhanagar,259.0,130.0,Not Applicable,Not Applicable,No,Not Applicable,260,UPI,41,4.0,4.5
2024-07-19 17:44:00,CNR2743559416,Canceled by Driver,CID372445,Prime Sedan,Bannerghatta Road,Ramamurthy Nagar,,,Not Applicable,Customer related issue,Not Applicable,Not Applicable,283,Not Applicable,0,,
2024-07-06 11:44:00,CNR6560001688,Success,CID311054,eBike,Bannerghatta Road,Shantinagar,231.0,65.0,Not Applicable,Not Applicable,No,Not Applicable,471,Cash,39,4.1,4.2
2024-07-06 01:07:00,CNR9719981620,Success,CID566490,Prime Plus,Kammanahalli,Bellandur,231.0,95.0,Not Applicable,Not Applicable,No,Not Applicable,325,Cash,39,4.4,4.7
2024-07-23 21:19:00,CNR1090393000,Success,CID203822,Bike,Rajarajeshwari Nagar,Frazer Town,175.0,70.0,Not Applicable,Not Applicable,No,Not Applicable,168,Cash,30,3.2,3.3
2024-07-14 00:18:00,CNR6048105095,Success,CID107355,Mini,Rajajinagar,Vijayanagar,98.0,35.0,Not Applicable,Not Applicable,No,Not Applicable,644,Cash,48,4.3,3.3
2024-07-23 08:16:00,CNR9784714585,Success,CID811928,eBike,KR Puram,Magadi Road,308.0,75.0,Not Applicable,Not Applicable,No,Not Applicable,119,Cash,18,4.5,3.4
2024-07-17 23:39:00,CNR7254055540,Success,CID139027,Prime Plus,Hennur,Kammanahalli,84.0,25.0,Not Applicable,Not Applicable,No,Not Applicable,447,UPI,45,4.8,4.8
2024-07-29 01:02:00,CNR4608635062,Canceled by Driver,CID672085,Bike,Majestic,Sahakar Nagar,,,Not Applicable,More than permitted people in there,Not Applicable,Not Applicable,1177,Not Applicable,0,,
2024-07-21 08:15:00,CNR5774264241,Success,CID736129,Prime SUV,Magadi Road,BTM Layout,56.0,40.0,Not Applicable,Not Applicable,No,Not Applicable,193,Cash,20,3.5,4.3
2024-07-14 14:39:00,CNR8310037822,Driver Not Found,CID401911,Prime Sedan,Malleshwaram,Shantinagar,,,Not Applicable,Not Applicable,Not Applicable,Not Applicable,1381,Not Applicable,0,,
2024-07-12 21:43:00,CNR5460529970,Success,CID109790,Bike,Hosur Road,Hulimavu,231.0,60.0,Not Applicable,Not Applicable,No,Not Applicable,778,UPI,11,3.8,4.6
2024-07-21 06:46:00,CNR8175647732,Success,CID324209,Auto,Kadugodi,Hebbal,42.0,45.0,Not Applicable,Not Applicable,No,Not Applicable,261,Cash,14,4.4,4.4
2024-07-22 11:29:00,CNR1763697392,Success,CID330853,Auto,Rajarajeshwari Nagar,Sarjapur Road,238.0,110.0,Not Applicable,Not Applicable,No,Not Applicable,521,UPI,15,3.6,3.1
2024-07-19 07:00:00,CNR3281077747,Canceled by Driver,CID436570,Bike,Frazer Town,Vijayanagar,,,Not Applicable,Customer related issue,Not Applicable,Not Applicable,652,Not Applicable,0,,
2024-07-24 15:49:00,CNR8889858657,Driver Not Found,CID164263,Auto,Jayanagar,Marathahalli,,,Not Applicable,Not Applicable,Not Applicable,Not Applicable,113,Not Applicable,0,,
2024-07-20 22:45:00,CNR7455820421,Success,CID459810,Prime Plus,Richmond Town,Peenya,63.0,115.0,Not Applicable,Not Applicable,No,Not Applicable,2118,UPI,38,3.5,3.2
2024-07-16 21:17:00,CNR1575042043,Success,CID364321,Prime Plus,Sahakar Nagar,Vijayanagar,175.0,110.0,Not Applicable,Not Applicable,No,Not Applicable,361,UPI,24,4.9,4.0
2024-07-11 09:25:00,CNR2678472470,Success,CID491150,Prime Plus,MG Road,Indiranagar,217.0,95.0,Not Applicable,Not Applicable,No,Not Applicable,380,UPI,45,4.5,4.2
2024-07-26 09:52:00,CNR6658523325,Success,CID927444,eBike,Rajajinagar,Sarjapur Road,203.0,35.0,Not Applicable,Not Applicable,No,Not Applicable,369,UPI,44,3.9,4.9
2024-07-03 15:17:00,CNR6283465342,Success,CID886364,Prime Plus,Sarjapur Road,Mysore Road,126.0,95.0,Not Applicable,Not Applicable,No,Not Applicable,370,UPI,22,3.6,3.5
2024-07-15 13:46:00,CNR8389761295,Success,CID839763,Prime Sedan,Kadugodi,Sahakar Nagar,280.0,40.0,Not Applicable,Not Applicable,No,Not Applicable,300,Cash,25,3.6,3.4
2024-07-24 13:25:00,CNR4098252740,Driver Not Found,CID613049,Mini,Bannerghatta Road,Indiranagar,,,Not Applicable,Not Applicable,Not Applicable,Not Applicable,405,Not Applicable,0,,
2024-07-18 06:15:00,CNR7378145397,Success,CID883039,Prime SUV,Whitefield,Chickpet,105.0,125.0,Not Applicable,Not Applicable,No,Not Applicable,353,Cash,43,3.9,4.3
2024-07-15 13:25:00,CNR7790249578,Success,CID385044,Prime SUV,Ramamurthy Nagar,Shantinagar,308.0,110.0,Not Applicable,Not Applicable,No,Not Applicable,2505,Credit Card,11,4.2,3.3
2024-07-23 16:04:00,CNR4637238436,Success,CID939026,Prime Plus,Rajarajeshwari Nagar,Cox Town,168.0,65.0,Not Applicable,Not Applicable,No,Not Applicable,658,Cash,22,4.4,4.5
2024-07-16 04:05:00,CNR9572153646,Success,CID170774,Bike,Kengeri,Majestic,301.0,65.0,Not Applicable,Not Applicable,No,Not Applicable,1042,Cash,1,4.0,3.6
2024-07-27 01:57:00,CNR1928119507,Success,CID590059,eBike,Chickpet,Ramamurthy Nagar,84.0,50.0,Not Applicable,Not Applicable,No,Not Applicable,823,UPI,49,4.8,4.9
2024-07-28 21:16:00,CNR8444366220,Canceled by Customer,CID874526,Bike,Bellandur,JP Nagar,,,Driver is not moving towards pickup location,Not Applicable,Not Applicable,Not Applicable,356,Not Applicable,0,,
2024-07-13 12:52:00,CNR9003027181,Success,CID434396,Auto,Cox Town,Bellandur,196.0,95.0,Not Applicable,Not Applicable,No,Not Applicable,487,UPI,15,4.3,4.9
2024-07-30 01:39:00,CNR7001050795,Success,CID457272,Auto,Hulimavu,Shantinagar,112.0,85.0,Not Applicable,Not Applicable,No,Not Applicable,2279,Cash,6,3.0,3.2
2024-07-13 02:15:00,CNR9687771513,Success,CID526475,Prime Sedan,Magadi Road,Mysore Road,56.0,50.0,Not Applicable,Not Applicable,No,Not Applicable,191,Cash,11,3.3,3.2
2024-07-09 03:52:00,CNR3917106042,Success,CID512017,Prime SUV,HSR Layout,Bellandur,42.0,105.0,Not Applicable,Not Applicable,No,Not Applicable,2719,Credit Card,3,4.4,3.5
2024-07-26 10:52:00,CNR6378599165,Canceled by Customer,CID399295,Prime SUV,Vijayanagar,Basavanagudi,,,AC is Not working,Not Applicable,Not Applicable,Not Applicable,2725,Not Applicable,0,,
2024-07-08 10:49:00,CNR5375216733,Success,CID676994,Prime Plus,RT Nagar,Chickpet,91.0,65.0,Not Applicable,Not Applicable,No,Not Applicable,348,Cash,36,4.3,4.0
2024-07-29 23:10:00,CNR5463370631,Success,CID723366,Prime Plus,Marathahalli,Hebbal,126.0,30.0,Not Applicable,Not Applicable,No,Not Applicable,631,UPI,9,4.4,5.0
2024-07-17 20:48:00,CNR5970988058,Success,CID164292,Mini,Peenya,Banashankari,147.0,110.0,Not Applicable,Not Applicable,No,Not Applicable,651,UPI,47,4.7,4.8
2024-07-18 01:48:00,CNR7684474582,Success,CID444809,Prime Sedan,Hulimavu,Varthur,196.0,100.0,Not Applicable,Not Applicable,No,Not Applicable,617,Cash,21,3.0,4.2
2024-07-05 00:26:00,CNR7969251130,Success,CID683818,Bike,BTM Layout,Yeshwanthpur,42.0,65.0,Not Applicable,Not Applicable,No,Not Applicable,358,UPI,38,3.9,4.0
2024-07-02 19:17:00,CNR9752957712,Success,CID489420,Prime Plus,Yeshwanthpur,Sahakar Nagar,259.0,125.0,Not Applicable,Not Applicable,No,Not Applicable,355,Cash,12,4.9,3.1
2024-07-03 17:46:00,CNR4546456503,Driver Not Found,CID868631,Bike,Hosur Road,HSR Layout,,,Not Applicable,Not Applicable,Not Applicable,Not Applicable,137,Not Applicable,0,,
2024-07-02 17:08:00,CNR2628867147,Success,CID721574,Prime Plus,Peenya,JP Nagar,266.0,115.0,Not Applicable,Not Applicable,No,Not Applicable,408,Cash,3,3.1,4.5
2024-07-15 20:48:00,CNR3718103819,Canceled by Driver,CID916223,Bike,Frazer Town,Electronic City,,,Not Applicable,Personal & Car related issue,Not Applicable,Not Applicable,449,Not Applicable,0,,
2024-07-24 22:01:00,CNR9066005866,Success,CID608137,Mini,Koramangala,Chickpet,133.0,80.0,Not Applicable,Not Applicable,No,Not Applicable,139,Cash,46,3.6,4.0
2024-07-11 17:29:00,CNR3387099020,Success,CID878137,Bike,Rajajinagar,Bannerghatta Road,280.0,125.0,Not Applicable,Not Applicable,No,Not Applicable,698,Cash,15,3.1,3.2
2024-07-24 03:19:00,CNR7894674087,Success,CID824581,Bike,Banashankari,Hennur,91.0,100.0,Not Applicable,Not Applicable,Yes,Vehicle Breakdown,314,UPI,17,4.6,3.9
2024-07-29 06:54:00,CNR9352075429,Canceled by Customer,CID395044,Prime Sedan,Hennur,Mysore Road,,,Driver asked to cancel,Not Applicable,Not Applicable,Not Applicable,155,Not Applicable,0,,
2024-07-14 06:41:00,CNR6362266097,Success,CID450722,Bike,Hebbal,Marathahalli,147.0,100.0,Not Applicable,Not Applicable,No,Not Applicable,188,UPI,47,3.2,3.4
2024-07-20 20:00:00,CNR1370124245,Canceled by Customer,CID403300,eBike,Mysore Road,Yeshwanthpur,,,Driver is not moving towards pickup location,Not Applicable,Not Applicable,Not Applicable,241,Not Applicable,0,,
2024-07-13 08:21:00,CNR2490441454,Success,CID900288,Auto,Chickpet,Richmond Town,84.0,30.0,Not Applicable,Not Applicable,No,Not Applicable,851,UPI,8,3.7,3.4
2024-07-23 08:09:00,CNR3355169547,Success,CID823514,Prime Plus,Whitefield,Shantinagar,294.0,120.0,Not Applicable,Not Applicable,No,Not Applicable,329,UPI,39,4.1,4.7
2024-07-17 22:55:00,CNR8948266016,Canceled by Customer,CID304305,Mini,Banashankari,Majestic,,,Change of plans,Not Applicable,Not Applicable,Not Applicable,956,Not Applicable,0,,
2024-07-03 14:59:00,CNR8346567400,Canceled by Customer,CID656256,Bike,Peenya,Shantinagar,,,Wrong Address,Not Applicable,Not Applicable,Not Applicable,2166,Not Applicable,0,,
2024-07-22 23:23:00,CNR8807013064,Success,CID485324,Auto,Hosur Road,Ulsoor,189.0,135.0,Not Applicable,Not Applicable,No,Not Applicable,2140,Cash,12,3.6,4.1
2024-07-05 14:36:00,CNR1768222111,Canceled by Driver,CID138191,Prime Plus,Langford Town,Whitefield,,,Not Applicable,Customer was coughing/sick,Not Applicable,Not Applicable,306,Not Applicable,0,,
2024-07-08 08:39:00,CNR3063072102,Driver Not Found,CID178858,Bike,Chickpet,Padmanabhanagar,,,Not Applicable,Not Applicable,Not Applicable,Not Applicable,788,Not Applicable,0,,
2024-07-09 03:21:00,CNR3756365155,Canceled by Driver,CID491352,Mini,MG Road,Shantinagar,,,Not Applicable,More than permitted people in there,Not Applicable,Not Applicable,2485,Not Applicable,0,,
2024-07-09 03:55:00,CNR4220282393,Success,CID904088,Auto,Basavanagudi,Langford Town,105.0,95.0,Not Applicable,Not Applicable,No,Not Applicable,160,UPI,14,5.0,4.8
2024-07-01 11:03:00,CNR8644107181,Canceled by Driver,CID325854,eBike,BTM Layout,Hennur,,,Not Applicable,Personal & Car related issue,Not Applicable,Not Applicable,473,Not Applicable,0,,
2024-07-26 06:48:00,CNR5244196460,Success,CID470945,Mini,Nagarbhavi,Bellandur,175.0,45.0,Not Applicable,Not Applicable,No,Not Applicable,907,Cash,46,3.9,4.4
2024-07-16 10:30:00,CNR9266906379,Canceled by Driver,CID640886,Prime Sedan,Electronic City,Rajajinagar,,,Not Applicable,Personal & Car related issue,Not Applicable,Not Applicable,637,Not Applicable,0,,
2024-07-23 06:34:00,CNR4947493002,Success,CID216516,Auto,RT Nagar,HSR Layout,98.0,130.0,Not Applicable,Not Applicable,Yes,Customer Demand,765,UPI,3,3.3,4.5
2024-07-16 04:42:00,CNR3719590459,Success,CID772689,Bike,Yelahanka,Ulsoor,147.0,35.0,Not Applicable,Not Applicable,Yes,Customer Demand,251,Cash,20,3.1,3.1
2024-07-17 16:18:00,CNR7776149906,Driver Not Found,CID170041,Auto,Marathahalli,Sarjapur Road,,,Not Applicable,Not Applicable,Not Applicable,Not Applicable,132,Not Applicable,0,,
2024-07-02 23:20:00,CNR9746469096,Success,CID971419,Bike,Majestic,Rajajinagar,203.0,50.0,Not Applicable,Not Applicable,No,Not Applicable,399,Debit Card,35,3.5,3.2
2024-07-22 17:33:00,CNR4217901752,Success,CID414576,eBike,Frazer Town,Magadi Road,273.0,145.0,Not Applicable,Not Applicable,No,Not Applicable,358,UPI,43,4.1,4.9
2024-07-11 02:06:00,CNR3987480127,Success,CID335099,Prime Plus,Whitefield,Kengeri,35.0,115.0,Not Applicable,Not Applicable,No,Not Applicable,311,Cash,11,4.7,3.5
2024-07-02 07:25:00,CNR8631675659,Driver Not Found,CID396641,Prime SUV,Peenya,Tumkur Road,,,Not Applicable,Not Applicable,Not Applicable,Not Applicable,161,Not Applicable,0,,
2024-07-01 06:46:00,CNR7251875929,Driver Not Found,CID624135,Mini,Varthur,Koramangala,,,Not Applicable,Not Applicable,Not Applicable,Not Applicable,415,Not Applicable,0,,
2024-07-17 05:33:00,CNR3961610532,Success,CID842107,Prime Sedan,Marathahalli,Shivajinagar,70.0,90.0,Not Applicable,Not Applicable,No,Not Applicable,328,UPI,24,4.1,4.6
2024-07-29 10:44:00,CNR1103972087,Canceled by Driver,CID260541,Prime SUV,Sahakar Nagar,Shivajinagar,,,Not Applicable,Customer was coughing/sick,Not Applicable,Not Applicable,563,Not Applicable,0,,
2024-07-06 13:28:00,CNR5175860990,Success,CID882473,eBike,JP Nagar,Nagarbhavi,259.0,75.0,Not Applicable,Not Applicable,Yes,Vehicle Breakdown,275,Cash,17,3.7,3.7
2024-07-11 05:14:00,CNR9967865051,Success,CID844843,Prime SUV,Cox Town,Magadi Road,112.0,90.0,Not Applicable,Not Applicable,No,Not Applicable,128,Cash,24,4.5,4.1
2024-07-20 20:04:00,CNR1472195476,Success,CID833324,eBike,Nagarbhavi,Chamarajpet,301.0,85.0,Not Applicable,Not Applicable,No,Not Applicable,543,Credit Card,17,4.3,3.5
2024-07-29 18:24:00,CNR2955723776,Success,CID895741,Prime Sedan,RT Nagar,Cox Town,210.0,30.0,Not Applicable,Not Applicable,No,Not Applicable,209,UPI,5,3.4,4.0
2024-07-09 10:09:00,CNR4739071703,Canceled by Customer,CID550864,Prime Plus,Langford Town,Bellandur,,,Driver asked to cancel,Not Applicable,Not Applicable,Not Applicable,300,Not Applicable,0,,
2024-07-12 20:05:00,CNR6592506452,Canceled by Driver,CID647211,Bike,Peenya,Ramamurthy Nagar,,,Not Applicable,Customer was coughing/sick,Not Applicable,Not Applicable,327,Not Applicable,0,,
2024-07-24 10:39:00,CNR7827211701,Success,CID919651,Prime Plus,Yeshwanthpur,Kammanahalli,42.0,95.0,Not Applicable,Not Applicable,No,Not Applicable,747,Cash,9,4.9,4.2
2024-07-24 03:19:00,CNR7944487785,Canceled by Customer,CID494685,Mini,Devanahalli,Langford Town,,,Change of plans,Not Applicable,Not Applicable,Not Applicable,845,Not Applicable,0,,
2024-07-11 02:15:00,CNR5561041747,Success,CID873335,Auto,Bellandur,JP Nagar,280.0,75.0,Not Applicable,Not Applicable,No,Not Applicable,490,UPI,10,4.4,3.8
2024-07-19 05:06:00,CNR2314730895,Canceled by Driver,CID906213,eBike,Hosur Road,BTM Layout,,,Not Applicable,Personal & Car related issue,Not Applicable,Not Applicable,150,Not Applicable,0,,
2024-07-26 04:46:00,CNR3647314650,Driver Not Found,CID391795,Bike,Nagarbhavi,RT Nagar,,,Not Applicable,Not Applicable,Not Applicable,Not Applicable,414,Not Applicable,0,,
2024-07-22 22:42:00,CNR6344369614,Canceled by Customer,CID393574,Mini,Shantinagar,Kadugodi,,,AC is Not working,Not Applicable,Not Applicable,Not Applicable,436,Not Applicable,0,,
2024-07-08 22:53:00,CNR7824839477,Success,CID411208,Bike,Indiranagar,BTM Layout,308.0,75.0,Not Applicable,Not Applicable,No,Not Applicable,615,Cash,26,3.4,3.7
2024-07-19 02:49:00,CNR3836231892,Success,CID156833,eBike,Rajarajeshwari Nagar,Langford Town,168.0,75.0,Not Applicable,Not Applicable,No,Not Applicable,874,Cash,34,4.6,3.3
2024-07-18 02:42:00,CNR3182632042,Canceled by Customer,CID500530,Bike,Sarjapur Road,Basavanagudi,,,Driver asked to cancel,Not Applicable,Not Applicable,Not Applicable,199,Not Applicable,0,,
2024-07-28 10:30:00,CNR6435789930,Success,CID802073,Auto,Majestic,Basavanagudi,126.0,125.0,Not Applicable,Not Applicable,No,Not Applicable,124,UPI,15,4.1,4.2
2024-07-20 23:46:00,CNR8869946230,Success,CID287839,Mini,Chamarajpet,Sarjapur Road,112.0,100.0,Not Applicable,Not Applicable,No,Not Applicable,496,UPI,11,4.2,4.9
2024-07-02 06:13:00,CNR4609515518,Success,CID294641,eBike,Vijayanagar,Shivajinagar,140.0,140.0,Not Applicable,Not Applicable,No,Not Applicable,462,UPI,7,3.7,3.8
2024-07-10 15:23:00,CNR5123763108,Canceled by Driver,CID146762,Mini,Frazer Town,Frazer Town,,,Not Applicable,More than permitted people in there,Not Applicable,Not Applicable,392,Not Applicable,0,,
2024-07-05 15:48:00,CNR3534771514,Success,CID616188,Bike,Bannerghatta Road,Frazer Town,147.0,45.0,Not Applicable,Not Applicable,No,Not Applicable,669,Cash,2,3.8,4.9
2024-07-03 02:20:00,CNR6214442337,Success,CID887027,Prime Plus,Banashankari,Chamarajpet,161.0,30.0,Not Applicable,Not Applicable,No,Not Applicable,711,Cash,27,3.0,4.2
2024-07-16 22:05:00,CNR3435066390,Driver Not Found,CID779562,Prime SUV,RT Nagar,MG Road,,,Not Applicable,Not Applicable,Not Applicable,Not Applicable,705,Not Applicable,0,,
2024-07-24 04:45:00,CNR4638718595,Success,CID751821,Prime Sedan,Bellandur,Basavanagudi,224.0,75.0,Not Applicable,Not Applicable,No,Not Applicable,100,UPI,23,3.2,4.4
2024-07-19 10:53:00,CNR4627550754,Canceled by Driver,CID602826,Mini,Hosur Road,Langford Town,,,Not Applicable,Customer related issue,Not Applicable,Not Applicable,836,Not Applicable,0,,
2024-07-30 16:12:00,CNR4208549076,Success,CID555743,Bike,Yeshwanthpur,Rajarajeshwari Nagar,224.0,70.0,Not Applicable,Not Applicable,No,Not Applicable,2121,Cash,49,4.3,4.1
2024-07-06 05:19:00,CNR2814115839,Canceled by Customer,CID961429,Prime Plus,Hosur Road,Electronic City,,,Driver is not moving towards pickup location,Not Applicable,Not Applicable,Not Applicable,1061,Not Applicable,0,,
2024-07-07 07:07:00,CNR2310349005,Success,CID263086,Mini,RT Nagar,Marathahalli,154.0,140.0,Not Applicable,Not Applicable,No,Not Applicable,331,Cash,23,4.4,4.9
2024-07-09 12:52:00,CNR8999927859,Success,CID879841,Prime SUV,Ulsoor,Ulsoor,35.0,135.0,Not Applicable,Not Applicable,Yes,Vehicle Breakdown,169,Cash,34,3.7,3.9
2024-07-12 11:23:00,CNR1089627232,Canceled by Customer,CID766960,eBike,Kammanahalli,Sahakar Nagar,,,Driver asked to cancel,Not Applicable,Not Applicable,Not Applicable,350,Not Applicable,0,,
2024-07-28 15:15:00,CNR8251570553,Canceled by Driver,CID287130,Prime Plus,Rajarajeshwari Nagar,Magadi Road,,,Not Applicable,Personal & Car related issue,Not Applicable,Not Applicable,718,Not Applicable,0,,
2024-07-08 22:43:00,CNR4286595929,Success,CID963312,Prime Sedan,Hulimavu,Devanahalli,98.0,90.0,Not Applicable,Not Applicable,No,Not Applicable,530,Cash,46,4.3,4.9
2024-07-16 23:14:00,CNR2561795980,Driver Not Found,CID244138,Mini,Shantinagar,Tumkur Road,,,Not Applicable,Not Applicable,Not Applicable,Not Applicable,251,Not Applicable,0,,
2024-07-21 00:13:00,CNR8821376696,Canceled by Driver,CID535549,Auto,Bannerghatta Road,Sarjapur Road,,,Not Applicable,More than permitted people in there,Not Applicable,Not Applicable,313,Not Applicable,0,,
2024-07-14 09:20:00,CNR1157089610,Driver Not Found,CID442932,eBike,Mysore Road,Chamarajpet,,,Not Applicable,Not Applicable,Not Applicable,Not Applicable,595,Not Applicable,0,,
2024-07-27 03:46:00,CNR6610212661,Success,CID194886,Bike,Electronic City,Yelahanka,98.0,35.0,Not Applicable,Not Applicable,No,Not Applicable,313,Cash,38,4.7,3.8
2024-07-16 19:01:00,CNR8926948093,Success,CID547368,Prime Plus,Banashankari,Richmond Town,84.0,70.0,Not Applicable,Not Applicable,No,Not Applicable,532,UPI,6,4.9,3.7
2024-07-06 17:36:00,CNR1716785899,Success,CID947053,Prime Plus,Vijayanagar,Bannerghatta Road,238.0,70.0,Not Applicable,Not Applicable,No,Not Applicable,132,Cash,45,3.8,4.7
2024-07-03 18:37:00,CNR2906441544,Canceled by Customer,CID320035,Mini,Shivajinagar,Magadi Road,,,Driver asked to cancel,Not Applicable,Not Applicable,Not Applicable,336,Not Applicable,0,,
2024-07-14 18:08:00,CNR7451900036,Success,CID167084,Auto,Vijayanagar,Basavanagudi,217.0,30.0,Not Applicable,Not Applicable,No,Not Applicable,241,Cash,14,4.3,5.0
2024-07-23 12:02:00,CNR9015196209,Success,CID252066,Prime Sedan,Jayanagar,MG Road,301.0,120.0,Not Applicable,Not Applicable,Yes,Customer Demand,103,Cash,22,4.5,3.3
2024-07-06 05:10:00,CNR8505869016,Canceled by Customer,CID611273,Prime SUV,Shivajinagar,RT Nagar,,,Driver is not moving towards pickup location,Not Applicable,Not Applicable,Not Applicable,410,Not Applicable,0,,
2024-07-25 04:04:00,CNR8993792084,Success,CID986735,Prime Plus,Hosur Road,Magadi Road,266.0,55.0,Not Applicable,Not Applicable,No,Not Applicable,336,Credit Card,23,3.6,3.9
2024-07-28 06:25:00,CNR8080829304,Success,CID955171,Bike,Hebbal,Basavanagudi,105.0,45.0,Not Applicable,Not Applicable,Yes,Customer Demand,1196,Cash,32,4.3,3.2
2024-07-16 14:03:00,CNR1257306674,Canceled by Customer,CID500294,Auto,Indiranagar,KR Puram,,,Driver asked to cancel,Not Applicable,Not Applicable,Not Applicable,394,Not Applicable,0,,
2024-07-20 08:18:00,CNR9821691318,Success,CID202979,eBike,Hebbal,Shantinagar,42.0,35.0,Not Applicable,Not Applicable,No,Not Applicable,2789,Cash,12,3.8,3.9
2024-07-17 19:02:00,CNR9392082306,Success,CID642225,Auto,Marathahalli,Hebbal,224.0,65.0,Not Applicable,Not Applicable,No,Not Applicable,417,Cash,9,3.9,4.0
2024-07-29 23:47:00,CNR6771783437,Canceled by Driver,CID352674,eBike,HSR Layout,Hulimavu,,,Not Applicable,More than permitted people in there,Not Applicable,Not Applicable,223,Not Applicable,0,,
2024-07-30 12:34:00,CNR1924126853,Success,CID992680,Prime Plus,Kengeri,Rajajinagar,119.0,30.0,Not Applicable,Not Applicable,No,Not Applicable,474,Cash,16,3.7,3.8
2024-07-04 00:39:00,CNR7843384393,Success,CID898290,Mini,Ramamurthy Nagar,Koramangala,217.0,95.0,Not Applicable,Not Applicable,Yes,Vehicle Breakdown,726,UPI,17,3.1,4.3
2024-07-18 19:36:00,CNR7747772297,Canceled by Customer,CID628064,Auto,Hulimavu,Basavanagudi,,,Driver asked to cancel,Not Applicable,Not Applicable,Not Applicable,266,Not Applicable,0,,
2024-07-07 09:10:00,CNR1218111589,Success,CID476269,Bike,Ramamurthy Nagar,Yelahanka,245.0,40.0,Not Applicable,Not Applicable,No,Not Applicable,177,Cash,43,4.9,4.9
2024-07-25 02:28:00,CNR4056010044,Success,CID625671,Auto,Marathahalli,Hulimavu,210.0,90.0,Not Applicable,Not Applicable,No,Not Applicable,425,Cash,10,4.9,4.6
2024-07-06 01:20:00,CNR7843330856,Canceled by Customer,CID302679,Prime Sedan,JP Nagar,Rajarajeshwari Nagar,,,Change of plans,Not Applicable,Not Applicable,Not Applicable,172,Not Applicable,0,,
2024-07-29 15:13:00,CNR3960511183,Canceled by Driver,CID460570,Prime Sedan,Indiranagar,Mysore Road,,,Not Applicable,Personal & Car related issue,Not Applicable,Not Applicable,210,Not Applicable,0,,
2024-07-23 13:32:00,CNR9614946499,Success,CID607029,Mini,Kadugodi,Varthur,273.0,125.0,Not Applicable,Not Applicable,No,Not Applicable,379,Cash,25,3.1,4.1
2024-07-10 23:28:00,CNR6795235591,Success,CID318131,Prime Plus,Rajajinagar,Chamarajpet,259.0,125.0,Not Applicable,Not Applicable,No,Not Applicable,906,Cash,20,3.9,4.3
2024-07-17 07:20:00,CNR2279269070,Success,CID442711,eBike,Kammanahalli,Richmond Town,245.0,65.0,Not Applicable,Not Applicable,No,Not Applicable,513,Cash,32,3.3,4.8
2024-07-04 14:42:00,CNR2452032699,Canceled by Customer,CID906427,Mini,MG Road,Peenya,,,Driver is not moving towards pickup location,Not Applicable,Not Applicable,Not Applicable,263,Not Applicable,0,,
2024-07-17 21:38:00,CNR2703813804,Success,CID919015,eBike,Padmanabhanagar,JP Nagar,147.0,55.0,Not Applicable,Not Applicable,No,Not Applicable,118,UPI,41,3.1,4.4
2024-07-24 22:41:00,CNR7789929770,Success,CID304082,Mini,Tumkur Road,Bannerghatta Road,154.0,135.0,Not Applicable,Not Applicable,Yes,Vehicle Breakdown,316,Cash,23,3.3,3.9
2024-07-26 02:36:00,CNR2804902554,Canceled by Driver,CID554057,Auto,Nagarbhavi,Bellandur,,,Not Applicable,Personal & Car related issue,Not Applicable,Not Applicable,226,Not Applicable,0,,
2024-07-05 06:38:00,CNR6278159606,Canceled by Customer,CID574798,Auto,Bannerghatta Road,Vijayanagar,,,Driver asked to cancel,Not Applicable,Not Applicable,Not Applicable,601,Not Applicable,0,,
2024-07-28 00:24:00,CNR2453463728,Canceled by Customer,CID487208,eBike,Richmond Town,KR Puram,,,Driver is not moving towards pickup location,Not Applicable,Not Applicable,Not Applicable,461,Not Applicable,0,,
2024-07-22 23:53:00,CNR4794130563,Success,CID379708,Bike,KR Puram,Rajajinagar,266.0,85.0,Not Applicable,Not Applicable,No,Not Applicable,279,Cash,10,3.0,4.3
2024-07-29 18:00:00,CNR9445318644,Driver Not Found,CID512100,Prime SUV,KR Puram,Indiranagar,,,Not Applicable,Not Applicable,Not Applicable,Not Applicable,404,Not Applicable,0,,
2024-07-01 12:50:00,CNR1483537771,Canceled by Customer,CID924630,Prime Plus,Whitefield,Richmond Town,,,Driver asked to cancel,Not Applicable,Not Applicable,Not Applicable,1639,Not Applicable,0,,
2024-07-22 01:33:00,CNR6731289468,Success,CID170891,Prime Sedan,Cox Town,Langford Town,70.0,145.0,Not Applicable,Not Applicable,No,Not Applicable,2811,Cash,42,4.0,4.1
2024-07-24 15:43:00,CNR3714782847,Success,CID895499,eBike,Majestic,Ramamurthy Nagar,70.0,105.0,Not Applicable,Not Applicable,No,Not Applicable,248,Cash,36,4.6,4.3
2024-07-06 18:09:00,CNR5344392965,Canceled by Customer,CID285458,Prime SUV,Kammanahalli,Vijayanagar,,,Driver is not moving towards pickup location,Not Applicable,Not Applicable,Not Applicable,403,Not Applicable,0,,
2024-07-15 09:44:00,CNR8417031207,Success,CID800947,eBike,Indiranagar,Banashankari,245.0,140.0,Not Applicable,Not Applicable,No,Not Applicable,351,Credit Card,36,4.3,3.8
2024-07-23 03:28:00,CNR5663866563,Success,CID808977,Bike,Majestic,Yeshwanthpur,35.0,35.0,Not Applicable,Not Applicable,No,Not Applicable,196,Cash,4,3.7,3.6
2024-07-17 07:44:00,CNR9571461121,Canceled by Driver,CID690001,Prime SUV,Kengeri,HSR Layout,,,Not Applicable,Customer related issue,Not Applicable,Not Applicable,286,Not Applicable,0,,
2024-07-21 08:21:00,CNR3113217196,Driver Not Found,CID526342,Prime Sedan,Varthur,Basavanagudi,,,Not Applicable,Not Applicable,Not Applicable,Not Applicable,328,Not Applicable,0,,
2024-07-27 15:30:00,CNR3037604052,Canceled by Driver,CID904188,Prime SUV,Hebbal,Shivajinagar,,,Not Applicable,Customer related issue,Not Applicable,Not Applicable,490,Not Applicable,0,,
2024-07-30 13:47:00,CNR4369643947,Success,CID618211,Auto,Malleshwaram,Ramamurthy Nagar,70.0,65.0,Not Applicable,Not Applicable,No,Not Applicable,406,Cash,2,4.4,4.4
2024-07-17 02:10:00,CNR7174599464,Success,CID806752,Bike,Sahakar Nagar,Chickpet,168.0,65.0,Not Applicable,Not Applicable,No,Not Applicable,347,UPI,7,5.0,4.2
2024-07-05 23:43:00,CNR7025813234,Success,CID797444,Prime Sedan,Vijayanagar,Langford Town,231.0,135.0,Not Applicable,Not Applicable,No,Not Applicable,867,UPI,3,3.1,4.0
2024-07-14 02:21:00,CNR7314576885,Canceled by Driver,CID184257,Prime Plus,RT Nagar,Rajarajeshwari Nagar,,,Not Applicable,Personal & Car related issue,Not Applicable,Not Applicable,248,Not Applicable,0,,
2024-07-08 15:49:00,CNR9284044706,Success,CID102427,Prime Plus,Hennur,Cox Town,273.0,135.0,Not Applicable,Not Applicable,No,Not Applicable,132,UPI,39,3.2,4.2
2024-07-26 20:35:00,CNR1407526966,Success,CID209931,Prime SUV,Hosur Road,Basavanagudi,56.0,105.0,Not Applicable,Not Applicable,No,Not Applicable,175,UPI,11,3.7,4.3
2024-07-19 22:17:00,CNR8472582545,Success,CID381504,Auto,Vijayanagar,Yelahanka,91.0,35.0,Not Applicable,Not Applicable,No,Not Applicable,401,Cash,1,3.9,3.4
2024-07-05 21:47:00,CNR4867786593,Success,CID967964,Prime Sedan,Frazer Town,Nagarbhavi,210.0,55.0,Not Applicable,Not Applicable,No,Not Applicable,199,UPI,48,3.7,3.7
2024-07-12 15:21:00,CNR7125737246,Driver Not Found,CID532760,eBike,Kadugodi,Rajajinagar,,,Not Applicable,Not Applicable,Not Applicable,Not Applicable,255,Not Applicable,0,,
2024-07-22 01:31:00,CNR8615272004,Success,CID121084,Auto,Peenya,Sahakar Nagar,210.0,110.0,Not Applicable,Not Applicable,No,Not Applicable,1289,Cash,9,3.1,4.0
2024-07-29 08:39:00,CNR2939877552,Canceled by Customer,CID116895,eBike,Langford Town,Whitefield,,,Change of plans,Not Applicable,Not Applicable,Not Applicable,295,Not Applicable,0,,
2024-07-15 23:12:00,CNR1447538796,Success,CID117003,Prime Plus,Bellandur,Basavanagudi,119.0,80.0,Not Applicable,Not Applicable,No,Not Applicable,851,Credit Card,47,3.4,3.8
2024-07-18 12:23:00,CNR7770910580,Success,CID696024,Prime SUV,Frazer Town,Frazer Town,119.0,135.0,Not Applicable,Not Applicable,No,Not Applicable,461,UPI,35,4.6,3.7
2024-07-02 18:59:00,CNR4946488768,Success,CID584484,Prime SUV,JP Nagar,Mysore Road,245.0,120.0,Not Applicable,Not Applicable,No,Not Applicable,272,Cash,20,3.5,3.2
2024-07-03 17:07:00,CNR2989331169,Success,CID936666,Auto,Bellandur,Rajarajeshwari Nagar,105.0,40.0,Not Applicable,Not Applicable,No,Not Applicable,395,Cash,10,3.1,3.5
2024-07-29 19:56:00,CNR7129616190,Canceled by Driver,CID623191,Auto,Ramamurthy Nagar,Chickpet,,,Not Applicable,More than permitted people in there,Not Applicable,Not Applicable,138,Not Applicable,0,,
2024-07-06 10:08:00,CNR2261725404,Canceled by Driver,CID102024,Auto,Hennur,Varthur,,,Not Applicable,More than permitted people in there,Not Applicable,Not Applicable,123,Not Applicable,0,,
2024-07-08 21:36:00,CNR6887781293,Success,CID190564,Prime SUV,Cox Town,Bellandur,189.0,40.0,Not Applicable,Not Applicable,No,Not Applicable,104,UPI,13,4.1,3.8
2024-07-23 20:08:00,CNR8321483044,Driver Not Found,CID779453,Bike,Shantinagar,Jayanagar,,,Not Applicable,Not Applicable,Not Applicable,Not Applicable,321,Not Applicable,0,,
2024-07-06 04:37:00,CNR7821020093,Success,CID933019,Bike,Sahakar Nagar,Indiranagar,98.0,65.0,Not Applicable,Not Applicable,No,Not Applicable,238,Cash,13,4.1,4.6
2024-07-06 00:18:00,CNR6365176302,Driver Not Found,CID448171,eBike,Shantinagar,Hulimavu,,,Not Applicable,Not Applicable,Not Applicable,Not Applicable,153,Not Applicable,0,,
2024-07-14 20:37:00,CNR6568618475,Success,CID900836,Mini,Chickpet,Shivajinagar,182.0,85.0,Not Applicable,Not Applicable,No,Not Applicable,2125,Cash,37,4.5,3.3
2024-07-13 08:49:00,CNR8210262862,Canceled by Driver,CID749944,Prime Plus,Hulimavu,Whitefield,,,Not Applicable,Personal & Car related issue,Not Applicable,Not Applicable,315,Not Applicable,0,,
2024-07-02 12:19:00,CNR4817972979,Success,CID913107,Prime SUV,Shivajinagar,Richmond Town,189.0,55.0,Not Applicable,Not Applicable,Yes,Other Issue,2053,Cash,23,4.8,3.4
2024-07-10 15:14:00,CNR4798357644,Canceled by Driver,CID186683,eBike,Peenya,Ulsoor,,,Not Applicable,Personal & Car related issue,Not Applicable,Not Applicable,369,Not Applicable,0,,
2024-07-22 07:08:00,CNR6062810175,Success,CID441554,Mini,Magadi Road,Majestic,259.0,50.0,Not Applicable,Not Applicable,No,Not Applicable,448,UPI,36,4.9,4.3
2024-07-25 19:10:00,CNR3542269466,Success,CID462803,Prime SUV,Bannerghatta Road,Banashankari,238.0,75.0,Not Applicable,Not Applicable,No,Not Applicable,266,Cash,40,3.3,3.2
2024-07-13 15:22:00,CNR2345076559,Canceled by Driver,CID703833,Auto,Shantinagar,Indiranagar,,,Not Applicable,Customer related issue,Not Applicable,Not Applicable,139,Not Applicable,0,,
2024-07-15 15:52:00,CNR3520074932,Canceled by Customer,CID188655,Mini,Varthur,Ramamurthy Nagar,,,Driver asked to cancel,Not Applicable,Not Applicable,Not Applicable,149,Not Applicable,0,,
2024-07-13 23:01:00,CNR1445555684,Success,CID712713,Prime Plus,HSR Layout,Shivajinagar,154.0,40.0,Not Applicable,Not Applicable,No,Not Applicable,473,Cash,21,4.2,3.9
2024-07-02 07:36:00,CNR4980936554,Canceled by Driver,CID173296,eBike,Vijayanagar,Marathahalli,,,Not Applicable,More than permitted people in there,Not Applicable,Not Applicable,475,Not Applicable,0,,
2024-07-20 13:25:00,CNR1495296936,Success,CID200765,Prime Sedan,Ramamurthy Nagar,Langford Town,140.0,70.0,Not Applicable,Not Applicable,No,Not Applicable,815,Cash,43,4.3,3.8
2024-07-01 21:08:00,CNR7608021140,Success,CID736190,Prime SUV,Malleshwaram,Nagarbhavi,126.0,55.0,Not Applicable,Not Applicable,No,Not Applicable,154,UPI,30,4.7,5.0
2024-07-02 16:09:00,CNR4623948335,Success,CID128912,Bike,Kadugodi,Tumkur Road,238.0,140.0,Not Applicable,Not Applicable,No,Not Applicable,2910,UPI,39,3.5,5.0
2024-07-03 19:04:00,CNR1068770255,Success,CID914260,Bike,Banashankari,Peenya,210.0,30.0,Not Applicable,Not Applicable,Yes,Customer Demand,499,Cash,29,4.5,4.6
2024-07-16 12:35:00,CNR5740855445,Success,CID697639,eBike,Shivajinagar,Magadi Road,119.0,30.0,Not Applicable,Not Applicable,No,Not Applicable,640,UPI,1,4.4,3.4
2024-07-05 15:35:00,CNR8011628480,Success,CID523617,Prime Plus,Chickpet,Frazer Town,259.0,35.0,Not Applicable,Not Applicable,No,Not Applicable,369,Cash,13,4.2,3.5
2024-07-23 16:12:00,CNR2980750131,Driver Not Found,CID100478,Prime Sedan,Banashankari,Yelahanka,,,Not Applicable,Not Applicable,Not Applicable,Not Applicable,388,Not Applicable,0,,
2024-07-20 11:12:00,CNR4548302227,Success,CID973273,Auto,Shantinagar,Sahakar Nagar,280.0,140.0,Not Applicable,Not Applicable,No,Not Applicable,884,Cash,9,4.7,3.4
2024-07-07 01:20:00,CNR9639089827,Success,CID462004,Bike,Padmanabhanagar,Basavanagudi,98.0,95.0,Not Applicable,Not Applicable,No,Not Applicable,1231,UPI,42,3.6,3.7
2024-07-24 05:03:00,CNR1621185989,Success,CID860528,Prime SUV,Tumkur Road,Tumkur Road,98.0,75.0,Not Applicable,Not Applicable,No,Not Applicable,189,Credit Card,24,3.0,3.2
2024-07-09 07:57:00,CNR6941713692,Success,CID787676,Prime SUV,Hosur Road,Banashankari,308.0,45.0,Not Applicable,Not Applicable,No,Not Applicable,304,UPI,16,3.1,4.3
2024-07-27 20:05:00,CNR4520279059,Canceled by Driver,CID570153,Auto,Kengeri,Sahakar Nagar,,,Not Applicable,More than permitted people in there,Not Applicable,Not Applicable,328,Not Applicable,0,,
2024-07-08 02:08:00,CNR7774617803,Success,CID706526,Auto,Magadi Road,Indiranagar,287.0,135.0,Not Applicable,Not Applicable,No,Not Applicable,175,Cash,1,4.8,3.4
2024-07-23 10:26:00,CNR1403958916,Success,CID685387,Prime SUV,Chamarajpet,Banashankari,301.0,145.0,Not Applicable,Not Applicable,No,Not Applicable,319,Cash,21,4.1,3.6
2024-07-22 16:19:00,CNR1275468340,Canceled by Driver,CID605394,Mini,MG Road,Banashankari,,,Not Applicable,Customer was coughing/sick,Not Applicable,Not Applicable,426,Not Applicable,0,,
2024-07-18 12:02:00,CNR2323856780,Success,CID171268,Bike,Varthur,Majestic,189.0,140.0,Not Applicable,Not Applicable,No,Not Applicable,316,Cash,6,4.0,5.0
2024-07-20 06:38:00,CNR6019282936,Success,CID843966,Prime Sedan,Richmond Town,Kengeri,98.0,80.0,Not Applicable,Not Applicable,No,Not Applicable,253,UPI,25,3.5,4.7
2024-07-02 20:20:00,CNR3373295066,Canceled by Customer,CID217215,Prime Sedan,KR Puram,Banashankari,,,Change of plans,Not Applicable,Not Applicable,Not Applicable,285,Not Applicable,0,,
2024-07-21 11:35:00,CNR6801008944,Success,CID273186,Bike,Magadi Road,Bellandur,189.0,105.0,Not Applicable,Not Applicable,No,Not Applicable,297,UPI,16,3.0,4.3
2024-07-01 18:47:00,CNR7392447724,Driver Not Found,CID448789,Bike,Mysore Road,Yelahanka,,,Not Applicable,Not Applicable,Not Applicable,Not Applicable,331,Not Applicable,0,,
2024-07-03 15:12:00,CNR1850960301,Success,CID302227,eBike,Bellandur,Basavanagudi,70.0,105.0,Not Applicable,Not Applicable,No,Not Applicable,418,Cash,15,3.4,3.0
2024-07-09 15:43:00,CNR5124555402,Success,CID576304,Prime SUV,Sahakar Nagar,Magadi Road,231.0,100.0,Not Applicable,Not Applicable,No,Not Applicable,331,Cash,28,3.7,3.7
2024-07-18 16:35:00,CNR7103096159,Success,CID608572,Auto,Peenya,Chamarajpet,266.0,100.0,Not Applicable,Not Applicable,No,Not Applicable,428,Cash,1,4.8,3.5
2024-07-30 12:32:00,CNR5382800132,Driver Not Found,CID511576,Prime Sedan,Yelahanka,Ulsoor,,,Not Applicable,Not Applicable,Not Applicable,Not Applicable,238,Not Applicable,0,,
2024-07-01 00:58:00,CNR9316658028,Success,CID142860,Prime SUV,Kammanahalli,Malleshwaram,42.0,70.0,Not Applicable,Not Applicable,No,Not Applicable,236,Cash,33,3.2,3.8
2024-07-25 08:30:00,CNR3811436096,Success,CID839132,Prime Sedan,Tumkur Road,Vijayanagar,210.0,25.0,Not Applicable,Not Applicable,No,Not Applicable,375,Cash,17,3.8,4.9
2024-07-04 13:25:00,CNR1801172670,Success,CID861627,Prime Sedan,Shantinagar,Kadugodi,259.0,25.0,Not Applicable,Not Applicable,No,Not Applicable,280,Cash,26,3.5,4.1
2024-07-24 23:47:00,CNR3508430691,Success,CID157274,Prime Plus,Whitefield,Padmanabhanagar,266.0,105.0,Not Applicable,Not Applicable,No,Not Applicable,488,Cash,24,4.7,3.6
2024-07-15 07:51:00,CNR6386045317,Success,CID510218,Prime SUV,Yelahanka,Cox Town,259.0,70.0,Not Applicable,Not Applicable,No,Not Applicable,264,Cash,11,3.2,3.6
2024-07-04 16:27:00,CNR9286523390,Success,CID751141,Auto,Sarjapur Road,Chickpet,35.0,60.0,Not Applicable,Not Applicable,No,Not Applicable,449,Cash,13,4.2,4.0
2024-07-12 09:50:00,CNR1770282324,Canceled by Customer,CID381800,Prime Sedan,Magadi Road,Ramamurthy Nagar,,,Driver is not moving towards pickup location,Not Applicable,Not Applicable,Not Applicable,142,Not Applicable,0,,
2024-07-26 09:43:00,CNR3778877289,Success,CID718060,eBike,Jayanagar,Peenya,238.0,70.0,Not Applicable,Not Applicable,Yes,Customer Demand,492,Cash,28,4.2,4.2
2024-07-06 13:38:00,CNR9318702074,Success,CID953827,Prime SUV,Yeshwanthpur,Shantinagar,301.0,30.0,Not Applicable,Not Applicable,No,Not Applicable,602,UPI,4,3.1,3.5
2024-07-19 18:34:00,CNR8518861204,Canceled by Customer,CID686231,Prime Sedan,Majestic,Sahakar Nagar,,,AC is Not working,Not Applicable,Not Applicable,Not Applicable,984,Not Applicable,0,,
2024-07-07 21:16:00,CNR4711958251,Canceled by Driver,CID365643,Prime Sedan,Electronic City,Nagarbhavi,,,Not Applicable,More than permitted people in there,Not Applicable,Not Applicable,223,Not Applicable,0,,
2024-07-23 10:57:00,CNR8826816755,Success,CID677614,Bike,Varthur,Hulimavu,217.0,125.0,Not Applicable,Not Applicable,No,Not Applicable,315,Cash,26,4.1,3.5
2024-07-28 01:47:00,CNR7747205718,Success,CID146193,Prime SUV,Yelahanka,Vijayanagar,252.0,100.0,Not Applicable,Not Applicable,No,Not Applicable,614,Cash,44,3.8,4.3
2024-07-08 15:39:00,CNR4273516250,Canceled by Driver,CID988282,Bike,Ramamurthy Nagar,Langford Town,,,Not Applicable,Personal & Car related issue,Not Applicable,Not Applicable,213,Not Applicable,0,,
2024-07-04 19:39:00,CNR8672725050,Success,CID899749,Prime Plus,Padmanabhanagar,Banashankari,154.0,75.0,Not Applicable,Not Applicable,Yes,Vehicle Breakdown,300,Cash,23,3.6,3.9
2024-07-13 18:32:00,CNR6628416108,Success,CID498360,eBike,Shivajinagar,Yeshwanthpur,280.0,30.0,Not Applicable,Not Applicable,No,Not Applicable,208,Cash,21,3.2,3.8
2024-07-02 19:29:00,CNR7515723283,Success,CID594212,Prime Plus,Padmanabhanagar,Ramamurthy Nagar,224.0,115.0,Not Applicable,Not Applicable,No,Not Applicable,434,UPI,45,3.2,4.5
2024-07-03 01:37:00,CNR4958852096,Success,CID880519,Mini,MG Road,Banashankari,133.0,95.0,Not Applicable,Not Applicable,No,Not Applicable,106,Cash,41,4.0,4.7
2024-07-28 05:57:00,CNR5331479823,Success,CID420778,Auto,RT Nagar,Chamarajpet,63.0,125.0,Not Applicable,Not Applicable,No,Not Applicable,151,Cash,1,3.6,4.6
2024-07-23 00:49:00,CNR7461205702,Success,CID672580,Prime Plus,Yelahanka,Tumkur Road,112.0,80.0,Not Applicable,Not Applicable,No,Not Applicable,216,UPI,30,3.9,3.2
2024-07-02 08:48:00,CNR5723561691,Success,CID676511,Auto,JP Nagar,Malleshwaram,301.0,55.0,Not Applicable,Not Applicable,No,Not Applicable,484,UPI,16,3.3,4.1
2024-07-17 21:09:00,CNR9415427633,Success,CID211872,Prime Sedan,Marathahalli,Devanahalli,112.0,55.0,Not Applicable,Not Applicable,No,Not Applicable,438,Debit Card,28,3.4,3.1
2024-07-03 02:28:00,CNR9134074166,Success,CID719425,Mini,Bannerghatta Road,Padmanabhanagar,147.0,135.0,Not Applicable,Not Applicable,No,Not Applicable,471,UPI,34,3.7,3.6
2024-07-13 17:36:00,CNR6459221583,Success,CID239420,Bike,Hebbal,Bannerghatta Road,42.0,65.0,Not Applicable,Not Applicable,No,Not Applicable,256,Cash,40,4.4,4.4
2024-07-30 16:57:00,CNR9349228002,Canceled by Customer,CID666844,Mini,Richmond Town,HSR Layout,,,Driver asked to cancel,Not Applicable,Not Applicable,Not Applicable,1929,Not Applicable,0,,
2024-07-23 21:12:00,CNR2178134570,Canceled by Driver,CID138527,eBike,Yeshwanthpur,Majestic,,,Not Applicable,More than permitted people in there,Not Applicable,Not Applicable,156,Not Applicable,0,,
2024-07-06 23:49:00,CNR5005957774,Success,CID616455,Bike,BTM Layout,Magadi Road,133.0,45.0,Not Applicable,Not Applicable,No,Not Applicable,804,UPI,39,4.8,3.7
2024-07-27 22:10:00,CNR1316543495,Canceled by Driver,CID486603,Bike,Ramamurthy Nagar,Cox Town,,,Not Applicable,Customer related issue,Not Applicable,Not Applicable,223,Not Applicable,0,,
2024-07-17 23:29:00,CNR9036720811,Canceled by Driver,CID543164,Bike,Hennur,Kammanahalli,,,Not Applicable,Customer was coughing/sick,Not Applicable,Not Applicable,446,Not Applicable,0,,
2024-07-24 07:05:00,CNR7842900049,Success,CID645657,eBike,Indiranagar,Varthur,273.0,140.0,Not Applicable,Not Applicable,No,Not Applicable,704,Cash,17,3.4,4.1
2024-07-02 14:30:00,CNR6186488845,Canceled by Driver,CID488433,Prime Sedan,Sarjapur Road,Cox Town,,,Not Applicable,More than permitted people in there,Not Applicable,Not Applicable,1674,Not Applicable,0,,
2024-07-13 17:00:00,CNR4626183971,Driver Not Found,CID185936,Bike,JP Nagar,Langford Town,,,Not Applicable,Not Applicable,Not Applicable,Not Applicable,269,Not Applicable,0,,
2024-07-24 20:21:00,CNR9010741775,Driver Not Found,CID178042,Mini,Indiranagar,Tumkur Road,,,Not Applicable,Not Applicable,Not Applicable,Not Applicable,2008,Not Applicable,0,,
2024-07-25 03:05:00,CNR4297273757,Success,CID738428,Prime Plus,Langford Town,Hulimavu,252.0,80.0,Not Applicable,Not Applicable,No,Not Applicable,877,UPI,10,3.3,4.3
2024-07-20 15:29:00,CNR3224596501,Canceled by Driver,CID852680,Prime Plus,Malleshwaram,Bellandur,,,Not Applicable,Personal & Car related issue,Not Applicable,Not Applicable,667,Not Applicable,0,,
2024-07-08 01:43:00,CNR1879841266,Success,CID691971,Prime Sedan,Bellandur,Tumkur Road,112.0,110.0,Not Applicable,Not Applicable,No,Not Applicable,2554,Cash,25,4.5,4.7
2024-07-06 07:00:00,CNR9972505367,Success,CID348665,Prime Sedan,Chickpet,Chamarajpet,126.0,35.0,Not Applicable,Not Applicable,No,Not Applicable,166,Cash,13,3.5,4.7
2024-07-05 23:58:00,CNR1012888371,Canceled by Driver,CID282847,Mini,MG Road,Frazer Town,,,Not Applicable,Customer related issue,Not Applicable,Not Applicable,213,Not Applicable,0,,
2024-07-26 14:32:00,CNR1234694021,Success,CID193604,Prime Plus,Cox Town,Malleshwaram,140.0,110.0,Not Applicable,Not Applicable,No,Not Applicable,1750,Cash,18,4.4,3.4
2024-07-29 16:47:00,CNR3390180200,Success,CID821334,Auto,Malleshwaram,Richmond Town,175.0,55.0,Not Applicable,Not Applicable,No,Not Applicable,304,Cash,4,3.2,3.8
2024-07-22 00:22:00,CNR5847492530,Driver Not Found,CID197684,Prime Sedan,Kadugodi,Hosur Road,,,Not Applicable,Not Applicable,Not Applicable,Not Applicable,475,Not Applicable,0,,
2024-07-17 13:37:00,CNR4538067559,Canceled by Customer,CID215271,Auto,Tumkur Road,Tumkur Road,,,Driver is not moving towards pickup location,Not Applicable,Not Applicable,Not Applicable,385,Not Applicable,0,,
2024-07-10 22:46:00,CNR5037934762,Success,CID448660,Prime Sedan,HSR Layout,Malleshwaram,238.0,30.0,Not Applicable,Not Applicable,No,Not Applicable,151,Cash,17,3.2,4.8
2024-07-22 03:02:00,CNR1463890134,Canceled by Driver,CID277008,Mini,Kengeri,HSR Layout,,,Not Applicable,More than permitted people in there,Not Applicable,Not Applicable,339,Not Applicable,0,,
2024-07-08 00:50:00,CNR4602786918,Success,CID808592,eBike,Ramamurthy Nagar,Frazer Town,259.0,140.0,Not Applicable,Not Applicable,No,Not Applicable,2614,UPI,3,3.1,3.5
2024-07-01 15:17:00,CNR2396765983,Canceled by Driver,CID942649,Prime Sedan,Yeshwanthpur,Sahakar Nagar,,,Not Applicable,Personal & Car related issue,Not Applicable,Not Applicable,557,Not Applicable,0,,
2024-07-27 02:35:00,CNR2252257284,Canceled by Driver,CID223096,eBike,Frazer Town,Bannerghatta Road,,,Not Applicable,Personal & Car related issue,Not Applicable,Not Applicable,825,Not Applicable,0,,
2024-07-07 07:37:00,CNR2958086184,Canceled by Driver,CID789733,Prime Plus,Shivajinagar,MG Road,,,Not Applicable,More than permitted people in there,Not Applicable,Not Applicable,1936,Not Applicable,0,,
2024-07-09 23:45:00,CNR1302185272,Success,CID245190,Mini,Langford Town,JP Nagar,119.0,120.0,Not Applicable,Not Applicable,No,Not Applicable,495,Cash,28,4.6,4.3
2024-07-27 19:23:00,CNR4078082068,Canceled by Customer,CID832202,Prime SUV,Malleshwaram,Ulsoor,,,Change of plans,Not Applicable,Not Applicable,Not Applicable,227,Not Applicable,0,,
2024-07-12 13:16:00,CNR3000980803,Driver Not Found,CID398564,Prime SUV,Rajajinagar,Banashankari,,,Not Applicable,Not Applicable,Not Applicable,Not Applicable,163,Not Applicable,0,,
2024-07-03 17:02:00,CNR2623990618,Success,CID702949,eBike,Rajajinagar,Kengeri,98.0,55.0,Not Applicable,Not Applicable,Yes,Vehicle Breakdown,2971,Cash,40,5.0,4.6
2024-07-15 20:48:00,CNR5591544950,Driver Not Found,CID287137,Prime Plus,Kadugodi,Jayanagar,,,Not Applicable,Not Applicable,Not Applicable,Not Applicable,2884,Not Applicable,0,,
2024-07-26 00:21:00,CNR6997426391,Driver Not Found,CID976807,Auto,Majestic,HSR Layout,,,Not Applicable,Not Applicable,Not Applicable,Not Applicable,660,Not Applicable,0,,
2024-07-22 22:00:00,CNR2688153201,Success,CID131182,Auto,Richmond Town,HSR Layout,42.0,30.0,Not Applicable,Not Applicable,No,Not Applicable,448,Cash,1,3.7,3.5
2024-07-30 08:35:00,CNR7826068509,Canceled by Customer,CID174426,Prime SUV,Bellandur,Chamarajpet,,,Wrong Address,Not Applicable,Not Applicable,Not Applicable,333,Not Applicable,0,,
2024-07-22 02:36:00,CNR2312181195,Success,CID115823,Prime SUV,Banashankari,KR Puram,140.0,60.0,Not Applicable,Not Applicable,No,Not Applicable,248,Cash,5,3.4,4.4
2024-07-15 18:01:00,CNR2471624116,Canceled by Driver,CID200633,eBike,Peenya,JP Nagar,,,Not Applicable,Personal & Car related issue,Not Applicable,Not Applicable,419,Not Applicable,0,,
2024-07-09 11:46:00,CNR9884290926,Success,CID635326,Prime SUV,Indiranagar,Peenya,126.0,85.0,Not Applicable,Not Applicable,No,Not Applicable,336,Cash,35,4.9,5.0
2024-07-26 01:36:00,CNR4712270509,Success,CID181087,Bike,Magadi Road,Malleshwaram,112.0,35.0,Not Applicable,Not Applicable,No,Not Applicable,204,Cash,18,4.3,3.8
2024-07-28 15:36:00,CNR1750525848,Canceled by Customer,CID188387,Prime SUV,Yeshwanthpur,HSR Layout,,,Wrong Address,Not Applicable,Not Applicable,Not Applicable,188,Not Applicable,0,,
2024-07-26 15:09:00,CNR8601188300,Success,CID378597,Prime SUV,Magadi Road,Padmanabhanagar,154.0,50.0,Not Applicable,Not Applicable,No,Not Applicable,458,UPI,46,4.7,4.4
2024-07-09 21:39:00,CNR9355119456,Canceled by Driver,CID455502,Prime Plus,Electronic City,Malleshwaram,,,Not Applicable,Customer was coughing/sick,Not Applicable,Not Applicable,2634,Not Applicable,0,,
2024-07-29 13:58:00,CNR3341152013,Canceled by Driver,CID761017,Prime Plus,Jayanagar,BTM Layout,,,Not Applicable,Personal & Car related issue,Not Applicable,Not Applicable,139,Not Applicable,0,,
2024-07-19 07:29:00,CNR1238381471,Success,CID917821,Prime Plus,JP Nagar,Sarjapur Road,224.0,30.0,Not Applicable,Not Applicable,No,Not Applicable,305,UPI,33,5.0,4.3
2024-07-23 13:46:00,CNR3961784621,Success,CID565173,eBike,Magadi Road,Basavanagudi,126.0,30.0,Not Applicable,Not Applicable,No,Not Applicable,478,UPI,29,3.2,3.9
2024-07-25 07:24:00,CNR7323725232,Driver Not Found,CID877136,eBike,Vijayanagar,Rajarajeshwari Nagar,,,Not Applicable,Not Applicable,Not Applicable,Not Applicable,323,Not Applicable,0,,
2024-07-30 08:59:00,CNR3825399654,Driver Not Found,CID130698,Bike,Rajarajeshwari Nagar,Shivajinagar,,,Not Applicable,Not Applicable,Not Applicable,Not Applicable,458,Not Applicable,0,,
2024-07-30 20:45:00,CNR2733549785,Success,CID286461,Prime SUV,Nagarbhavi,Indiranagar,189.0,40.0,Not Applicable,Not Applicable,No,Not Applicable,222,Cash,1,4.4,3.1
2024-07-16 11:56:00,CNR1324135206,Canceled by Customer,CID463891,Bike,Devanahalli,Jayanagar,,,Driver is not moving towards pickup location,Not Applicable,Not Applicable,Not Applicable,116,Not Applicable,0,,
2024-07-12 10:39:00,CNR7923848988,Success,CID846734,Auto,KR Puram,Mysore Road,252.0,120.0,Not Applicable,Not Applicable,No,Not Applicable,144,UPI,9,4.0,4.4
2024-07-14 20:22:00,CNR1962458739,Success,CID415213,Mini,Nagarbhavi,MG Road,119.0,80.0,Not Applicable,Not Applicable,No,Not Applicable,627,Cash,5,4.6,3.1
2024-07-24 05:20:00,CNR3104870504,Success,CID729032,Mini,Shantinagar,Shantinagar,210.0,50.0,Not Applicable,Not Applicable,No,Not Applicable,365,UPI,29,4.3,3.2
2024-07-24 22:15:00,CNR4534622103,Success,CID990577,Prime Sedan,Varthur,Koramangala,133.0,115.0,Not Applicable,Not Applicable,No,Not Applicable,820,Cash,35,3.5,3.2
2024-07-22 23:55:00,CNR9732728345,Driver Not Found,CID253830,Prime SUV,KR Puram,Electronic City,,,Not Applicable,Not Applicable,Not Applicable,Not Applicable,1990,Not Applicable,0,,
2024-07-22 19:39:00,CNR3877299947,Success,CID491250,Auto,Banashankari,JP Nagar,119.0,95.0,Not Applicable,Not Applicable,No,Not Applicable,189,UPI,18,3.2,3.3
2024-07-25 22:48:00,CNR2455110319,Canceled by Driver,CID402572,Prime SUV,Majestic,Varthur,,,Not Applicable,Customer was coughing/sick,Not Applicable,Not Applicable,169,Not Applicable,0,,
2024-07-22 20:30:00,CNR3887259731,Canceled by Driver,CID477436,Prime Plus,Bellandur,Shivajinagar,,,Not Applicable,Personal & Car related issue,Not Applicable,Not Applicable,121,Not Applicable,0,,
2024-07-14 21:01:00,CNR9370279672,Success,CID452015,Bike,JP Nagar,Rajarajeshwari Nagar,49.0,95.0,Not Applicable,Not Applicable,No,Not Applicable,482,UPI,8,4.3,4.8
2024-07-08 19:06:00,CNR8978107937,Success,CID554137,eBike,Jayanagar,Ulsoor,56.0,140.0,Not Applicable,Not Applicable,No,Not Applicable,225,Credit Card,7,3.6,3.7
2024-07-09 02:18:00,CNR8101723080,Success,CID871841,Prime Sedan,Kadugodi,Majestic,280.0,40.0,Not Applicable,Not Applicable,No,Not Applicable,600,Credit Card,27,3.8,3.1
2024-07-01 12:45:00,CNR2849846817,Canceled by Driver,CID904794,Prime Plus,Chamarajpet,Majestic,,,Not Applicable,Customer was coughing/sick,Not Applicable,Not Applicable,267,Not Applicable,0,,
2024-07-05 23:35:00,CNR4080549062,Canceled by Driver,CID748596,Prime Plus,MG Road,Hennur,,,Not Applicable,Customer was coughing/sick,Not Applicable,Not Applicable,239,Not Applicable,0,,
2024-07-28 10:40:00,CNR9071895076,Success,CID460633,Prime Plus,Indiranagar,Kengeri,84.0,30.0,Not Applicable,Not Applicable,No,Not Applicable,294,Cash,2,3.9,4.4
2024-07-30 23:57:00,CNR4354913454,Canceled by Customer,CID342675,Auto,Hulimavu,Devanahalli,,,AC is Not working,Not Applicable,Not Applicable,Not Applicable,409,Not Applicable,0,,
2024-07-14 07:32:00,CNR1224488545,Driver Not Found,CID131046,Auto,Sarjapur Road,Padmanabhanagar,,,Not Applicable,Not Applicable,Not Applicable,Not Applicable,434,Not Applicable,0,,
2024-07-13 23:07:00,CNR3776400910,Success,CID790759,Prime SUV,Malleshwaram,Indiranagar,196.0,60.0,Not Applicable,Not Applicable,No,Not Applicable,495,Credit Card,32,3.5,4.3
2024-07-05 09:41:00,CNR7520607124,Success,CID995384,Mini,Varthur,Chamarajpet,196.0,25.0,Not Applicable,Not Applicable,No,Not Applicable,133,Cash,16,3.4,5.0
2024-07-11 22:06:00,CNR1914639929,Success,CID531256,Prime SUV,Yelahanka,Chickpet,175.0,40.0,Not Applicable,Not Applicable,No,Not Applicable,269,Cash,18,4.4,4.1
2024-07-25 12:18:00,CNR2543253269,Canceled by Driver,CID986862,Prime Sedan,Whitefield,Whitefield,,,Not Applicable,Personal & Car related issue,Not Applicable,Not Applicable,347,Not Applicable,0,,
2024-07-22 01:49:00,CNR8682640605,Success,CID933000,Bike,Basavanagudi,Marathahalli,56.0,25.0,Not Applicable,Not Applicable,Yes,Customer Demand,241,UPI,7,4.7,3.4
2024-07-26 15:46:00,CNR7716036944,Success,CID631572,Auto,Nagarbhavi,Nagarbhavi,287.0,55.0,Not Applicable,Not Applicable,No,Not Applicable,876,Cash,6,4.0,3.1
2024-07-16 11:08:00,CNR3984663575,Success,CID499612,Prime Plus,Vijayanagar,Magadi Road,273.0,65.0,Not Applicable,Not Applicable,No,Not Applicable,189,UPI,10,3.2,3.7
2024-07-17 04:23:00,CNR5694396355,Success,CID558205,Bike,JP Nagar,Varthur,77.0,95.0,Not Applicable,Not Applicable,No,Not Applicable,850,Cash,31,4.4,3.3
2024-07-29 18:28:00,CNR9918835071,Success,CID647295,Bike,Richmond Town,Malleshwaram,210.0,65.0,Not Applicable,Not Applicable,No,Not Applicable,259,UPI,7,4.9,3.6
2024-07-09 05:32:00,CNR7393635464,Canceled by Driver,CID121310,Bike,Yelahanka,HSR Layout,,,Not Applicable,Customer was coughing/sick,Not Applicable,Not Applicable,447,Not Applicable,0,,
2024-07-11 01:51:00,CNR3465765686,Canceled by Customer,CID230467,Prime Sedan,KR Puram,Hulimavu,,,Change of plans,Not Applicable,Not Applicable,Not Applicable,372,Not Applicable,0,,
2024-07-28 16:48:00,CNR9262026071,Success,CID321603,Auto,Hebbal,Banashankari,154.0,40.0,Not Applicable,Not Applicable,No,Not Applicable,413,UPI,15,4.7,4.5
2024-07-23 03:19:00,CNR4021759455,Success,CID763430,Bike,Sarjapur Road,BTM Layout,245.0,30.0,Not Applicable,Not Applicable,No,Not Applicable,325,UPI,7,4.3,4.6
2024-07-16 00:11:00,CNR9379034430,Success,CID721643,Auto,Bellandur,Electronic City,119.0,75.0,Not Applicable,Not Applicable,No,Not Applicable,251,UPI,8,3.4,3.0
2024-07-25 19:07:00,CNR5195772613,Canceled by Customer,CID779054,Bike,Electronic City,KR Puram,,,Change of plans,Not Applicable,Not Applicable,Not Applicable,217,Not Applicable,0,,
2024-07-07 19:28:00,CNR1115745487,Success,CID419823,Prime SUV,Richmond Town,Hebbal,105.0,140.0,Not Applicable,Not Applicable,Yes,Vehicle Breakdown,473,UPI,45,4.6,4.8
2024-07-26 16:35:00,CNR3785497355,Canceled by Driver,CID493954,Mini,Jayanagar,Basavanagudi,,,Not Applicable,Customer related issue,Not Applicable,Not Applicable,1110,Not Applicable,0,,
2024-07-08 09:41:00,CNR6262815827,Success,CID549385,Prime Sedan,Peenya,Hennur,91.0,100.0,Not Applicable,Not Applicable,No,Not Applicable,676,UPI,7,3.6,4.2
2024-07-24 12:00:00,CNR3303515791,Success,CID994083,eBike,MG Road,Majestic,301.0,115.0,Not Applicable,Not Applicable,No,Not Applicable,459,Cash,42,3.4,4.2
2024-07-05 15:28:00,CNR2512238592,Success,CID580055,Mini,RT Nagar,Majestic,49.0,45.0,Not Applicable,Not Applicable,No,Not Applicable,220,Cash,21,3.6,3.9
2024-07-19 14:52:00,CNR8552262321,Success,CID389843,Prime SUV,Mysore Road,Bannerghatta Road,245.0,105.0,Not Applicable,Not Applicable,No,Not Applicable,183,UPI,5,4.6,4.3
2024-07-09 20:05:00,CNR9103215873,Success,CID906601,eBike,MG Road,Bannerghatta Road,154.0,35.0,Not Applicable,Not Applicable,No,Not Applicable,483,Cash,26,3.1,3.7
2024-07-23 01:06:00,CNR4812286923,Success,CID386501,Prime Sedan,Hennur,Padmanabhanagar,133.0,140.0,Not Applicable,Not Applicable,No,Not Applicable,783,UPI,44,3.7,3.8
2024-07-19 03:15:00,CNR2103461049,Driver Not Found,CID445930,Prime SUV,Malleshwaram,Kammanahalli,,,Not Applicable,Not Applicable,Not Applicable,Not Applicable,169,Not Applicable,0,,
2024-07-08 11:42:00,CNR5882334064,Canceled by Customer,CID662209,Auto,Magadi Road,Hebbal,,,Change of plans,Not Applicable,Not Applicable,Not Applicable,961,Not Applicable,0,,
2024-07-25 11:41:00,CNR5742999617,Success,CID670997,eBike,Malleshwaram,HSR Layout,273.0,120.0,Not Applicable,Not Applicable,No,Not Applicable,157,Cash,38,4.8,3.2
2024-07-08 22:39:00,CNR3765622150,Success,CID264808,Prime Sedan,Kammanahalli,Jayanagar,245.0,140.0,Not Applicable,Not Applicable,No,Not Applicable,358,Cash,23,4.7,4.7
2024-07-08 23:50:00,CNR3929432680,Canceled by Customer,CID651752,Prime SUV,Ramamurthy Nagar,Devanahalli,,,Driver asked to cancel,Not Applicable,Not Applicable,Not Applicable,660,Not Applicable,0,,
2024-07-15 18:01:00,CNR9732735002,Success,CID582458,Mini,Ramamurthy Nagar,Yelahanka,224.0,65.0,Not Applicable,Not Applicable,No,Not Applicable,172,Cash,22,3.6,3.4
2024-07-26 19:38:00,CNR9270187367,Canceled by Driver,CID796257,Auto,Tumkur Road,Hulimavu,,,Not Applicable,Customer related issue,Not Applicable,Not Applicable,657,Not Applicable,0,,
2024-07-22 20:30:00,CNR2519289301,Success,CID843901,eBike,Magadi Road,Koramangala,84.0,40.0,Not Applicable,Not Applicable,No,Not Applicable,169,UPI,17,3.0,3.3
2024-07-14 10:04:00,CNR6636325399,Success,CID463372,Prime SUV,Shantinagar,Koramangala,49.0,90.0,Not Applicable,Not Applicable,No,Not Applicable,439,UPI,23,3.6,3.9
2024-07-19 23:13:00,CNR7341127010,Success,CID669865,Bike,Majestic,Marathahalli,161.0,25.0,Not Applicable,Not Applicable,No,Not Applicable,252,Cash,7,4.4,3.4
2024-07-18 15:28:00,CNR7078879348,Success,CID522061,Mini,Langford Town,KR Puram,266.0,80.0,Not Applicable,Not Applicable,No,Not Applicable,120,Cash,30,3.4,3.8
2024-07-28 04:54:00,CNR2284835260,Canceled by Driver,CID337921,eBike,Bannerghatta Road,RT Nagar,,,Not Applicable,More than permitted people in there,Not Applicable,Not Applicable,116,Not Applicable,0,,
2024-07-09 12:07:00,CNR5060959445,Success,CID677942,Mini,Hulimavu,BTM Layout,287.0,140.0,Not Applicable,Not Applicable,No,Not Applicable,115,Cash,3,3.1,4.6
2024-07-03 08:20:00,CNR5048779659,Success,CID566508,Prime SUV,Basavanagudi,Ulsoor,280.0,80.0,Not Applicable,Not Applicable,No,Not Applicable,765,UPI,10,4.1,3.6
2024-07-12 17:45:00,CNR6624748836,Driver Not Found,CID952110,Mini,Kammanahalli,Hebbal,,,Not Applicable,Not Applicable,Not Applicable,Not Applicable,355,Not Applicable,0,,
2024-07-26 08:48:00,CNR2517002344,Success,CID329217,Mini,Hennur,Malleshwaram,175.0,100.0,Not Applicable,Not Applicable,No,Not Applicable,391,Cash,8,3.3,4.7
2024-07-08 02:46:00,CNR7891035734,Success,CID568642,Prime Sedan,Electronic City,Hulimavu,112.0,25.0,Not Applicable,Not Applicable,No,Not Applicable,2887,Cash,13,3.3,3.3
2024-07-04 03:19:00,CNR6902553207,Canceled by Driver,CID883234,Bike,Bellandur,RT Nagar,,,Not Applicable,Customer was coughing/sick,Not Applicable,Not Applicable,728,Not Applicable,0,,
2024-07-10 16:25:00,CNR9226083131,Success,CID431505,Prime Sedan,Kengeri,Rajajinagar,63.0,130.0,Not Applicable,Not Applicable,No,Not Applicable,862,UPI,9,3.4,3.1
2024-07-30 17:44:00,CNR2379750360,Success,CID277773,Prime Sedan,Bellandur,Vijayanagar,154.0,35.0,Not Applicable,Not Applicable,No,Not Applicable,1858,UPI,31,4.2,3.7
2024-07-17 22:19:00,CNR1387174809,Canceled by Customer,CID117498,Mini,Kadugodi,Banashankari,,,Driver is not moving towards pickup location,Not Applicable,Not Applicable,Not Applicable,387,Not Applicable,0,,
2024-07-19 05:41:00,CNR9037933669,Canceled by Customer,CID340630,Prime Plus,Yelahanka,Langford Town,,,Driver is not moving towards pickup location,Not Applicable,Not Applicable,Not Applicable,165,Not Applicable,0,,
2024-07-21 00:39:00,CNR5443922568,Success,CID546303,Prime Plus,Electronic City,Langford Town,217.0,115.0,Not Applicable,Not Applicable,No,Not Applicable,255,Cash,28,3.5,4.4
2024-07-06 14:23:00,CNR9119900179,Success,CID166149,eBike,Ramamurthy Nagar,Jayanagar,133.0,120.0,Not Applicable,Not Applicable,No,Not Applicable,100,UPI,33,3.2,4.8
2024-07-24 12:09:00,CNR5451935790,Success,CID655516,Prime Plus,Rajarajeshwari Nagar,Cox Town,245.0,140.0,Not Applicable,Not Applicable,No,Not Applicable,451,Cash,15,4.2,3.6
2024-07-06 19:29:00,CNR1356622913,Success,CID670937,Prime Plus,Langford Town,JP Nagar,287.0,95.0,Not Applicable,Not Applicable,No,Not Applicable,335,UPI,35,4.3,3.7
2024-07-25 08:03:00,CNR4887804613,Success,CID999908,Mini,Vijayanagar,Shivajinagar,98.0,50.0,Not Applicable,Not Applicable,No,Not Applicable,170,Cash,12,4.7,4.0
2024-07-24 02:45:00,CNR4784045446,Success,CID225135,eBike,Padmanabhanagar,Hebbal,98.0,95.0,Not Applicable,Not Applicable,No,Not Applicable,419,UPI,37,3.3,4.2
2024-07-11 08:54:00,CNR7447322158,Success,CID361346,Prime Plus,Devanahalli,Richmond Town,126.0,120.0,Not Applicable,Not Applicable,No,Not Applicable,267,Cash,48,4.7,4.0
2024-07-11 00:59:00,CNR6111160737,Canceled by Customer,CID310681,Auto,Magadi Road,Hosur Road,,,Driver is not moving towards pickup location,Not Applicable,Not Applicable,Not Applicable,177,Not Applicable,0,,
2024-07-07 16:02:00,CNR3932973941,Success,CID585410,eBike,Vijayanagar,Sarjapur Road,301.0,105.0,Not Applicable,Not Applicable,No,Not Applicable,281,UPI,19,4.4,3.5
2024-07-27 10:50:00,CNR9780816461,Canceled by Customer,CID871141,eBike,Hebbal,Shantinagar,,,Wrong Address,Not Applicable,Not Applicable,Not Applicable,277,Not Applicable,0,,
2024-07-12 23:55:00,CNR7048970373,Success,CID843973,Mini,Nagarbhavi,Hebbal,63.0,35.0,Not Applicable,Not Applicable,No,Not Applicable,297,UPI,37,4.9,3.8
2024-07-21 23:47:00,CNR8596111199,Success,CID864939,Prime Sedan,Rajajinagar,Koramangala,294.0,35.0,Not Applicable,Not Applicable,No,Not Applicable,413,Cash,33,3.1,3.1
2024-07-26 11:20:00,CNR8219198652,Canceled by Customer,CID238803,eBike,JP Nagar,Hulimavu,,,Driver asked to cancel,Not Applicable,Not Applicable,Not Applicable,2775,Not Applicable,0,,
2024-07-21 19:02:00,CNR1064545856,Canceled by Driver,CID387541,Prime Sedan,Kadugodi,Malleshwaram,,,Not Applicable,Customer related issue,Not Applicable,Not Applicable,695,Not Applicable,0,,
2024-07-01 12:18:00,CNR5297408852,Success,CID871611,Prime Plus,Ulsoor,JP Nagar,266.0,90.0,Not Applicable,Not Applicable,No,Not Applicable,1985,Cash,34,3.8,4.1
2024-07-15 09:19:00,CNR4456010964,Canceled by Customer,CID798930,Bike,Hebbal,Jayanagar,,,Change of plans,Not Applicable,Not Applicable,Not Applicable,258,Not Applicable,0,,
2024-07-10 16:59:00,CNR7431734958,Canceled by Customer,CID239403,eBike,RT Nagar,Malleshwaram,,,Driver is not moving towards pickup location,Not Applicable,Not Applicable,Not Applicable,340,Not Applicable,0,,
2024-07-23 03:45:00,CNR4379845864,Canceled by Driver,CID269688,Prime SUV,RT Nagar,Majestic,,,Not Applicable,More than permitted people in there,Not Applicable,Not Applicable,334,Not Applicable,0,,
2024-07-24 04:51:00,CNR7026470050,Canceled by Customer,CID642466,Mini,HSR Layout,Shantinagar,,,Driver asked to cancel,Not Applicable,Not Applicable,Not Applicable,479,Not Applicable,0,,
2024-07-16 03:42:00,CNR8844979569,Canceled by Driver,CID392405,Bike,Bannerghatta Road,Peenya,,,Not Applicable,Personal & Car related issue,Not Applicable,Not Applicable,455,Not Applicable,0,,
2024-07-24 00:20:00,CNR8905807248,Success,CID213753,Mini,Rajarajeshwari Nagar,Rajajinagar,56.0,140.0,Not Applicable,Not Applicable,No,Not Applicable,576,Cash,27,4.0,3.4
2024-07-01 06:10:00,CNR7944744212,Driver Not Found,CID782700,eBike,Rajajinagar,Shantinagar,,,Not Applicable,Not Applicable,Not Applicable,Not Applicable,814,Not Applicable,0,,
2024-07-28 16:55:00,CNR7233960197,Success,CID915043,Bike,Banashankari,Hulimavu,63.0,35.0,Not Applicable,Not Applicable,No,Not Applicable,2047,Cash,40,4.5,4.8
2024-07-02 19:51:00,CNR9887008151,Success,CID472808,Bike,Chamarajpet,Banashankari,280.0,90.0,Not Applicable,Not Applicable,No,Not Applicable,407,Cash,39,4.8,3.8
2024-07-04 17:48:00,CNR1511542825,Success,CID243347,Auto,KR Puram,Kammanahalli,231.0,25.0,Not Applicable,Not Applicable,No,Not Applicable,832,Cash,7,4.1,4.9
2024-07-02 17:42:00,CNR1521796609,Success,CID173167,Prime Plus,Vijayanagar,Vijayanagar,280.0,130.0,Not Applicable,Not Applicable,No,Not Applicable,240,Cash,9,4.1,3.8
2024-07-04 23:59:00,CNR5422004414,Canceled by Customer,CID516060,Mini,KR Puram,Chamarajpet,,,Driver is not moving towards pickup location,Not Applicable,Not Applicable,Not Applicable,488,Not Applicable,0,,
2024-07-25 17:58:00,CNR1962574705,Success,CID711936,Auto,Vijayanagar,Vijayanagar,119.0,130.0,Not Applicable,Not Applicable,Yes,Vehicle Breakdown,494,UPI,4,3.2,3.0
2024-07-06 02:40:00,CNR6027502826,Success,CID263121,Mini,Whitefield,Kadugodi,140.0,80.0,Not Applicable,Not Applicable,No,Not Applicable,353,Cash,32,4.2,4.3
2024-07-06 19:48:00,CNR6242994249,Canceled by Customer,CID234269,Bike,Electronic City,Rajajinagar,,,Driver asked to cancel,Not Applicable,Not Applicable,Not Applicable,370,Not Applicable,0,,
2024-07-22 03:23:00,CNR9323981278,Success,CID962002,Bike,Whitefield,Jayanagar,147.0,125.0,Not Applicable,Not Applicable,Yes,Vehicle Breakdown,742,UPI,40,3.3,4.3
2024-07-14 03:26:00,CNR8611586226,Success,CID891118,Bike,Kengeri,Ramamurthy Nagar,56.0,75.0,Not Applicable,Not Applicable,No,Not Applicable,2586,Cash,49,3.6,4.4
2024-07-25 09:31:00,CNR3890737684,Success,CID140263,Bike,Peenya,Vijayanagar,63.0,25.0,Not Applicable,Not Applicable,No,Not Applicable,412,Cash,47,4.8,4.7
2024-07-25 10:43:00,CNR9925725069,Success,CID529385,Mini,Ulsoor,Electronic City,259.0,25.0,Not Applicable,Not Applicable,No,Not Applicable,390,Cash,9,4.0,4.8
2024-07-10 15:08:00,CNR6006118578,Canceled by Customer,CID152004,Prime SUV,Chamarajpet,Jayanagar,,,AC is Not working,Not Applicable,Not Applicable,Not Applicable,340,Not Applicable,0,,
2024-07-24 07:25:00,CNR5008080904,Canceled by Driver,CID264971,Prime Sedan,Koramangala,Electronic City,,,Not Applicable,Customer related issue,Not Applicable,Not Applicable,522,Not Applicable,0,,
2024-07-04 17:52:00,CNR5902483077,Success,CID340851,Mini,Bannerghatta Road,HSR Layout,70.0,65.0,Not Applicable,Not Applicable,No,Not Applicable,680,Cash,10,4.7,3.8
2024-07-12 18:34:00,CNR6212495631,Canceled by Driver,CID854237,Prime Sedan,Padmanabhanagar,Nagarbhavi,,,Not Applicable,Customer was coughing/sick,Not Applicable,Not Applicable,604,Not Applicable,0,,
2024-07-09 00:49:00,CNR1762354365,Success,CID412230,Prime Plus,Mysore Road,Richmond Town,294.0,30.0,Not Applicable,Not Applicable,No,Not Applicable,279,UPI,31,4.6,4.8
2024-07-25 16:55:00,CNR2946497253,Success,CID498286,Bike,Bannerghatta Road,Hennur,168.0,35.0,Not Applicable,Not Applicable,No,Not Applicable,728,UPI,35,3.2,3.3
2024-07-14 13:38:00,CNR2888209628,Success,CID291289,Prime Plus,Mysore Road,BTM Layout,35.0,35.0,Not Applicable,Not Applicable,No,Not Applicable,403,Cash,6,3.7,4.0
2024-07-19 15:57:00,CNR9851163009,Success,CID417945,Prime Plus,Cox Town,Richmond Town,133.0,90.0,Not Applicable,Not Applicable,Yes,Customer Demand,2847,Cash,37,4.3,4.4
2024-07-06 08:44:00,CNR2358964253,Canceled by Driver,CID660404,Prime SUV,Electronic City,Hennur,,,Not Applicable,More than permitted people in there,Not Applicable,Not Applicable,262,Not Applicable,0,,
2024-07-25 05:20:00,CNR6384922509,Success,CID625697,Mini,Nagarbhavi,RT Nagar,119.0,70.0,Not Applicable,Not Applicable,No,Not Applicable,450,Cash,30,4.5,3.9
2024-07-26 04:51:00,CNR5397658042,Canceled by Customer,CID689677,Prime Sedan,Kengeri,Frazer Town,,,Wrong Address,Not Applicable,Not Applicable,Not Applicable,814,Not Applicable,0,,
2024-07-22 21:57:00,CNR3019869738,Canceled by Customer,CID129217,Prime Plus,Peenya,Marathahalli,,,Driver is not moving towards pickup location,Not Applicable,Not Applicable,Not Applicable,1360,Not Applicable,0,,
2024-07-29 16:55:00,CNR7118283228,Success,CID634280,Auto,Jayanagar,HSR Layout,231.0,75.0,Not Applicable,Not Applicable,No,Not Applicable,470,Cash,15,3.2,3.9
2024-07-12 13:48:00,CNR7064658766,Canceled by Customer,CID391931,Auto,HSR Layout,Sahakar Nagar,,,Driver asked to cancel,Not Applicable,Not Applicable,Not Applicable,102,Not Applicable,0,,
2024-07-05 02:38:00,CNR3399382356,Canceled by Driver,CID503459,Bike,Nagarbhavi,Magadi Road,,,Not Applicable,Customer was coughing/sick,Not Applicable,Not Applicable,119,Not Applicable,0,,
2024-07-28 04:36:00,CNR2890283819,Success,CID966441,Prime Plus,Malleshwaram,Tumkur Road,196.0,125.0,Not Applicable,Not Applicable,No,Not Applicable,400,Cash,13,4.7,3.0
2024-07-14 16:39:00,CNR4429793708,Success,CID696656,Mini,Kadugodi,Majestic,119.0,40.0,Not Applicable,Not Applicable,No,Not Applicable,697,UPI,6,4.1,4.5
2024-07-09 04:50:00,CNR7653148462,Success,CID507347,Prime Plus,Richmond Town,Bannerghatta Road,252.0,30.0,Not Applicable,Not Applicable,No,Not Applicable,957,UPI,1,3.3,3.6
2024-07-27 15:36:00,CNR9557587819,Success,CID616106,Mini,Chamarajpet,Hosur Road,98.0,90.0,Not Applicable,Not Applicable,No,Not Applicable,177,Cash,39,3.9,3.7
2024-07-22 12:12:00,CNR1936443114,Canceled by Customer,CID611414,Bike,Shantinagar,Sahakar Nagar,,,Driver is not moving towards pickup location,Not Applicable,Not Applicable,Not Applicable,294,Not Applicable,0,,
2024-07-24 22:04:00,CNR7837003474,Success,CID862766,Prime Plus,Padmanabhanagar,Shantinagar,112.0,35.0,Not Applicable,Not Applicable,No,Not Applicable,193,Cash,49,3.7,5.0
2024-07-02 04:31:00,CNR4337076424,Success,CID688704,Auto,Basavanagudi,Majestic,49.0,60.0,Not Applicable,Not Applicable,No,Not Applicable,230,Cash,5,3.2,4.2
2024-07-25 05:30:00,CNR7556513961,Success,CID868154,Prime SUV,Hebbal,Jayanagar,189.0,70.0,Not Applicable,Not Applicable,No,Not Applicable,181,Cash,19,3.3,4.7
2024-07-15 07:00:00,CNR8076788044,Canceled by Driver,CID960003,Bike,Jayanagar,RT Nagar,,,Not Applicable,Personal & Car related issue,Not Applicable,Not Applicable,478,Not Applicable,0,,
2024-07-17 07:45:00,CNR9774024308,Success,CID695500,Prime Sedan,Whitefield,Hebbal,161.0,60.0,Not Applicable,Not Applicable,No,Not Applicable,117,UPI,18,3.1,4.6
2024-07-07 13:48:00,CNR3891055688,Success,CID555638,Mini,Frazer Town,Kadugodi,203.0,80.0,Not Applicable,Not Applicable,No,Not Applicable,370,Credit Card,8,4.8,4.7
2024-07-18 06:03:00,CNR8840567067,Success,CID171861,Prime Sedan,Tumkur Road,Yelahanka,168.0,120.0,Not Applicable,Not Applicable,No,Not Applicable,830,Credit Card,42,4.0,4.3
2024-07-06 05:39:00,CNR6098548550,Success,CID513293,Auto,Marathahalli,Indiranagar,245.0,55.0,Not Applicable,Not Applicable,Yes,Other Issue,2528,Cash,11,3.4,4.3
2024-07-22 05:56:00,CNR9339126872,Canceled by Driver,CID139867,Mini,Magadi Road,Padmanabhanagar,,,Not Applicable,Personal & Car related issue,Not Applicable,Not Applicable,161,Not Applicable,0,,
2024-07-27 03:19:00,CNR9010197992,Canceled by Customer,CID942727,Mini,Majestic,Peenya,,,Driver asked to cancel,Not Applicable,Not Applicable,Not Applicable,177,Not Applicable,0,,
2024-07-17 00:41:00,CNR7122543910,Success,CID448121,Auto,Kengeri,Basavanagudi,140.0,90.0,Not Applicable,Not Applicable,No,Not Applicable,390,Cash,14,3.7,3.2
2024-07-03 19:45:00,CNR8730889107,Canceled by Driver,CID594943,eBike,Hulimavu,Yelahanka,,,Not Applicable,Personal & Car related issue,Not Applicable,Not Applicable,621,Not Applicable,0,,
2024-07-21 22:23:00,CNR9459546064,Driver Not Found,CID307155,Bike,Nagarbhavi,Kadugodi,,,Not Applicable,Not Applicable,Not Applicable,Not Applicable,270,Not Applicable,0,,
2024-07-13 22:06:00,CNR2209327569,Driver Not Found,CID128670,eBike,JP Nagar,Varthur,,,Not Applicable,Not Applicable,Not Applicable,Not Applicable,405,Not Applicable,0,,
2024-07-06 13:42:00,CNR1877849321,Success,CID911052,Auto,Padmanabhanagar,Whitefield,168.0,135.0,Not Applicable,Not Applicable,No,Not Applicable,430,Cash,17,4.8,4.0
2024-07-06 12:27:00,CNR3522539476,Canceled by Driver,CID343815,Mini,Bannerghatta Road,Varthur,,,Not Applicable,Personal & Car related issue,Not Applicable,Not Applicable,115,Not Applicable,0,,
2024-07-03 09:59:00,CNR5134041494,Success,CID989686,Bike,RT Nagar,Shivajinagar,294.0,125.0,Not Applicable,Not Applicable,No,Not Applicable,417,Cash,20,3.2,4.6
2024-07-02 15:38:00,CNR8456202955,Success,CID277094,Prime Sedan,Chamarajpet,Basavanagudi,84.0,40.0,Not Applicable,Not Applicable,No,Not Applicable,330,Cash,35,3.6,4.1
2024-07-10 23:27:00,CNR3534287171,Success,CID954899,Auto,Varthur,Jayanagar,259.0,120.0,Not Applicable,Not Applicable,No,Not Applicable,154,Cash,8,3.2,4.0
2024-07-22 23:47:00,CNR8315044670,Driver Not Found,CID114425,eBike,Sahakar Nagar,Malleshwaram,,,Not Applicable,Not Applicable,Not Applicable,Not Applicable,247,Not Applicable,0,,
2024-07-05 15:49:00,CNR1536540198,Success,CID818471,Bike,Electronic City,Basavanagudi,259.0,40.0,Not Applicable,Not Applicable,No,Not Applicable,285,UPI,43,3.1,3.1
2024-07-19 16:25:00,CNR4663177964,Canceled by Driver,CID834229,eBike,Devanahalli,Hulimavu,,,Not Applicable,Customer related issue,Not Applicable,Not Applicable,944,Not Applicable,0,,
2024-07-21 06:31:00,CNR8769213486,Success,CID902080,Prime Sedan,Yelahanka,Koramangala,238.0,90.0,Not Applicable,Not Applicable,No,Not Applicable,666,UPI,14,3.3,4.3
2024-07-03 16:49:00,CNR9498228535,Canceled by Driver,CID847343,Mini,Koramangala,Padmanabhanagar,,,Not Applicable,Personal & Car related issue,Not Applicable,Not Applicable,323,Not Applicable,0,,
2024-07-27 01:40:00,CNR7370950063,Success,CID976240,eBike,JP Nagar,Whitefield,259.0,30.0,Not Applicable,Not Applicable,No,Not Applicable,2733,Cash,28,4.9,4.4
2024-07-02 13:35:00,CNR1491167900,Success,CID814786,Mini,Sahakar Nagar,Indiranagar,273.0,40.0,Not Applicable,Not Applicable,Yes,Customer Demand,148,Cash,27,3.7,4.1
2024-07-03 05:49:00,CNR6657893810,Canceled by Customer,CID358960,Mini,Magadi Road,Magadi Road,,,Change of plans,Not Applicable,Not Applicable,Not Applicable,388,Not Applicable,0,,
2024-07-30 02:37:00,CNR6164058387,Canceled by Customer,CID643907,eBike,Yeshwanthpur,Rajajinagar,,,AC is Not working,Not Applicable,Not Applicable,Not Applicable,178,Not Applicable,0,,
2024-07-13 12:33:00,CNR7674527386,Success,CID821064,Bike,Marathahalli,Hennur,126.0,25.0,Not Applicable,Not Applicable,No,Not Applicable,134,Cash,6,4.0,3.7
2024-07-18 14:37:00,CNR8772257445,Success,CID603800,Mini,Marathahalli,Frazer Town,42.0,50.0,Not Applicable,Not Applicable,No,Not Applicable,427,UPI,32,5.0,3.2
2024-07-07 02:57:00,CNR9276883669,Success,CID310846,Prime Sedan,RT Nagar,Vijayanagar,98.0,120.0,Not Applicable,Not Applicable,No,Not Applicable,101,Credit Card,6,4.2,4.7
2024-07-08 20:34:00,CNR7645798470,Success,CID434090,Auto,Basavanagudi,Majestic,294.0,130.0,Not Applicable,Not Applicable,No,Not Applicable,303,UPI,10,3.9,4.7
2024-07-25 20:12:00,CNR6641168312,Driver Not Found,CID820781,Prime Plus,KR Puram,Malleshwaram,,,Not Applicable,Not Applicable,Not Applicable,Not Applicable,2697,Not Applicable,0,,
2024-07-09 11:19:00,CNR8610979654,Success,CID538925,Prime SUV,Jayanagar,Chickpet,56.0,90.0,Not Applicable,Not Applicable,No,Not Applicable,274,UPI,39,4.3,4.9
2024-07-06 06:37:00,CNR9329023790,Canceled by Customer,CID348330,Prime SUV,Koramangala,Kengeri,,,Driver asked to cancel,Not Applicable,Not Applicable,Not Applicable,370,Not Applicable,0,,
2024-07-16 06:53:00,CNR8147443299,Success,CID780708,Prime Plus,Nagarbhavi,Padmanabhanagar,112.0,80.0,Not Applicable,Not Applicable,No,Not Applicable,193,UPI,37,3.1,3.3
2024-07-28 08:15:00,CNR2308300878,Success,CID460370,Auto,Chickpet,Majestic,259.0,45.0,Not Applicable,Not Applicable,No,Not Applicable,372,UPI,11,3.2,3.4
2024-07-19 18:11:00,CNR5221680494,Success,CID410529,Mini,Bannerghatta Road,Sarjapur Road,245.0,90.0,Not Applicable,Not Applicable,No,Not Applicable,280,UPI,22,4.5,3.7
2024-07-23 10:14:00,CNR9089723473,Success,CID245584,Mini,Shantinagar,Cox Town,105.0,140.0,Not Applicable,Not Applicable,No,Not Applicable,789,UPI,48,4.0,4.7
2024-07-27 17:59:00,CNR7481726340,Canceled by Customer,CID333965,Mini,Varthur,Cox Town,,,AC is Not working,Not Applicable,Not Applicable,Not Applicable,382,Not Applicable,0,,
2024-07-17 06:37:00,CNR1507147827,Success,CID363523,Prime Plus,Cox Town,Rajajinagar,112.0,70.0,Not Applicable,Not Applicable,Yes,Vehicle Breakdown,211,UPI,16,3.1,3.4
2024-07-10 00:45:00,CNR5865493065,Success,CID383182,Prime SUV,Magadi Road,Ramamurthy Nagar,217.0,110.0,Not Applicable,Not Applicable,No,Not Applicable,160,Cash,6,3.2,3.2
2024-07-26 17:10:00,CNR8594573305,Canceled by Driver,CID144158,Bike,Ramamurthy Nagar,Basavanagudi,,,Not Applicable,Personal & Car related issue,Not Applicable,Not Applicable,453,Not Applicable,0,,
2024-07-26 04:24:00,CNR3807067962,Success,CID566470,Mini,Bellandur,Ramamurthy Nagar,147.0,65.0,Not Applicable,Not Applicable,No,Not Applicable,812,Cash,44,3.8,4.5
2024-07-27 06:03:00,CNR1481818709,Success,CID531712,Prime Plus,Ulsoor,Rajarajeshwari Nagar,189.0,90.0,Not Applicable,Not Applicable,No,Not Applicable,158,Cash,45,3.7,4.3
2024-07-24 17:31:00,CNR7578412251,Canceled by Customer,CID295643,Prime Sedan,Marathahalli,Chamarajpet,,,Wrong Address,Not Applicable,Not Applicable,Not Applicable,588,Not Applicable,0,,
2024-07-09 23:15:00,CNR8111811952,Success,CID709671,Bike,Vijayanagar,Ramamurthy Nagar,301.0,55.0,Not Applicable,Not Applicable,No,Not Applicable,376,UPI,2,3.2,4.3
2024-07-28 15:59:00,CNR8019977652,Success,CID148448,Auto,Tumkur Road,Mysore Road,133.0,45.0,Not Applicable,Not Applicable,No,Not Applicable,145,Cash,4,3.4,3.7
2024-07-14 23:42:00,CNR6654044918,Success,CID429717,Prime Plus,Mysore Road,Electronic City,217.0,65.0,Not Applicable,Not Applicable,No,Not Applicable,568,UPI,26,3.0,3.8
2024-07-23 16:24:00,CNR6313655099,Success,CID540716,Auto,Kadugodi,Hebbal,294.0,140.0,Not Applicable,Not Applicable,No,Not Applicable,418,Cash,15,3.8,3.9
2024-07-04 23:48:00,CNR3148157586,Success,CID206693,Prime Plus,Sahakar Nagar,RT Nagar,273.0,75.0,Not Applicable,Not Applicable,No,Not Applicable,414,Cash,47,4.4,4.6
2024-07-15 02:22:00,CNR7424680473,Success,CID382092,Prime Plus,Peenya,JP Nagar,210.0,130.0,Not Applicable,Not Applicable,No,Not Applicable,294,UPI,47,3.8,4.3
2024-07-10 15:42:00,CNR5077371234,Success,CID782496,Prime Sedan,Cox Town,Whitefield,259.0,35.0,Not Applicable,Not Applicable,No,Not Applicable,347,UPI,2,4.6,3.1
2024-07-25 08:13:00,CNR4211569248,Success,CID386423,Prime Sedan,Ulsoor,Kammanahalli,140.0,105.0,Not Applicable,Not Applicable,No,Not Applicable,1635,Cash,36,3.7,4.7
2024-07-26 19:46:00,CNR7115298961,Canceled by Customer,CID454573,eBike,Yelahanka,Jayanagar,,,Driver is not moving towards pickup location,Not Applicable,Not Applicable,Not Applicable,799,Not Applicable,0,,
2024-07-09 06:18:00,CNR7678396649,Success,CID996020,Bike,Sarjapur Road,JP Nagar,49.0,25.0,Not Applicable,Not Applicable,No,Not Applicable,316,UPI,28,3.9,3.0
2024-07-12 17:05:00,CNR3761757783,Success,CID377076,eBike,Yeshwanthpur,Majestic,294.0,65.0,Not Applicable,Not Applicable,No,Not Applicable,183,Cash,17,4.0,4.1
2024-07-17 06:59:00,CNR7175298302,Driver Not Found,CID931652,Prime Sedan,Shivajinagar,Hosur Road,,,Not Applicable,Not Applicable,Not Applicable,Not Applicable,279,Not Applicable,0,,
2024-07-12 09:10:00,CNR6431135482,Driver Not Found,CID736131,Prime Sedan,Hebbal,Peenya,,,Not Applicable,Not Applicable,Not Applicable,Not Applicable,613,Not Applicable,0,,
2024-07-02 16:10:00,CNR7964224236,Driver Not Found,CID912605,Bike,Hosur Road,Banashankari,,,Not Applicable,Not Applicable,Not Applicable,Not Applicable,391,Not Applicable,0,,
2024-07-20 21:47:00,CNR1843320229,Success,CID759561,eBike,Magadi Road,Kengeri,42.0,60.0,Not Applicable,Not Applicable,No,Not Applicable,433,Cash,23,3.7,3.5
2024-07-12 06:10:00,CNR8975125752,Success,CID477482,Auto,Banashankari,Langford Town,182.0,30.0,Not Applicable,Not Applicable,No,Not Applicable,331,Cash,8,3.6,4.8
2024-07-22 16:53:00,CNR9795117889,Success,CID497083,Mini,Jayanagar,Yeshwanthpur,168.0,120.0,Not Applicable,Not Applicable,No,Not Applicable,734,UPI,49,4.1,3.1
2024-07-25 13:40:00,CNR2686402107,Canceled by Customer,CID532813,eBike,Vijayanagar,Sahakar Nagar,,,Driver is not moving towards pickup location,Not Applicable,Not Applicable,Not Applicable,354,Not Applicable,0,,
2024-07-25 09:37:00,CNR6045279495,Driver Not Found,CID381387,Prime SUV,Kadugodi,HSR Layout,,,Not Applicable,Not Applicable,Not Applicable,Not Applicable,437,Not Applicable,0,,
2024-07-15 10:25:00,CNR2826640717,Canceled by Driver,CID761215,Prime Plus,Chamarajpet,Kammanahalli,,,Not Applicable,Customer related issue,Not Applicable,Not Applicable,342,Not Applicable,0,,
2024-07-28 22:09:00,CNR4610856921,Canceled by Customer,CID290476,Prime Plus,Indiranagar,Sarjapur Road,,,Change of plans,Not Applicable,Not Applicable,Not Applicable,406,Not Applicable,0,,
2024-07-02 13:29:00,CNR6967036874,Canceled by Driver,CID541029,eBike,Chamarajpet,JP Nagar,,,Not Applicable,Customer was coughing/sick,Not Applicable,Not Applicable,201,Not Applicable,0,,
2024-07-15 09:55:00,CNR3755502964,Success,CID256573,Prime Sedan,Chamarajpet,BTM Layout,133.0,25.0,Not Applicable,Not Applicable,No,Not Applicable,2549,Cash,31,3.4,3.2
2024-07-14 16:00:00,CNR7125670930,Success,CID337915,Mini,JP Nagar,Nagarbhavi,98.0,65.0,Not Applicable,Not Applicable,No,Not Applicable,390,UPI,13,4.2,4.7
2024-07-22 00:39:00,CNR3672477828,Success,CID683055,Mini,Ulsoor,Kammanahalli,308.0,140.0,Not Applicable,Not Applicable,No,Not Applicable,190,UPI,13,3.2,3.8
2024-07-21 06:51:00,CNR6129435822,Success,CID883976,Mini,Ramamurthy Nagar,Frazer Town,112.0,35.0,Not Applicable,Not Applicable,No,Not Applicable,250,Cash,41,3.5,3.7
2024-07-08 07:22:00,CNR7795799148,Success,CID338674,Mini,Richmond Town,Sarjapur Road,210.0,105.0,Not Applicable,Not Applicable,No,Not Applicable,943,UPI,19,4.7,4.2
2024-07-12 22:03:00,CNR8743645588,Success,CID371925,Prime SUV,Langford Town,Malleshwaram,140.0,110.0,Not Applicable,Not Applicable,No,Not Applicable,744,UPI,27,4.5,4.3
2024-07-10 19:08:00,CNR3748617005,Driver Not Found,CID805237,Bike,Yeshwanthpur,Rajarajeshwari Nagar,,,Not Applicable,Not Applicable,Not Applicable,Not Applicable,245,Not Applicable,0,,
2024-07-16 14:13:00,CNR7840672730,Success,CID668799,Prime Plus,Sahakar Nagar,Yeshwanthpur,140.0,135.0,Not Applicable,Not Applicable,No,Not Applicable,275,Cash,42,4.1,4.6
2024-07-25 08:17:00,CNR4487948564,Driver Not Found,CID108454,eBike,Bellandur,Tumkur Road,,,Not Applicable,Not Applicable,Not Applicable,Not Applicable,770,Not Applicable,0,,
2024-07-06 12:14:00,CNR6726413686,Driver Not Found,CID373904,Mini,Frazer Town,Basavanagudi,,,Not Applicable,Not Applicable,Not Applicable,Not Applicable,408,Not Applicable,0,,
2024-07-16 17:06:00,CNR5506383493,Canceled by Driver,CID422210,Prime Sedan,Chamarajpet,Bannerghatta Road,,,Not Applicable,Personal & Car related issue,Not Applicable,Not Applicable,543,Not Applicable,0,,
2024-07-28 18:15:00,CNR9596534474,Canceled by Driver,CID730763,Mini,Hebbal,Chickpet,,,Not Applicable,Personal & Car related issue,Not Applicable,Not Applicable,213,Not Applicable,0,,
2024-07-07 08:46:00,CNR3099070542,Driver Not Found,CID971566,eBike,Frazer Town,Hosur Road,,,Not Applicable,Not Applicable,Not Applicable,Not Applicable,154,Not Applicable,0,,
2024-07-29 10:37:00,CNR1464848041,Success,CID951802,eBike,Bellandur,Mysore Road,56.0,60.0,Not Applicable,Not Applicable,No,Not Applicable,195,UPI,15,3.6,4.5
2024-07-19 15:00:00,CNR6574937549,Canceled by Customer,CID311294,Prime Sedan,KR Puram,Electronic City,,,Driver is not moving towards pickup location,Not Applicable,Not Applicable,Not Applicable,360,Not Applicable,0,,
2024-07-13 21:10:00,CNR7692944507,Success,CID217576,Mini,Koramangala,Cox Town,280.0,65.0,Not Applicable,Not Applicable,No,Not Applicable,415,UPI,49,3.1,4.6
2024-07-24 13:12:00,CNR2561857582,Success,CID855486,Prime Sedan,Langford Town,Frazer Town,189.0,90.0,Not Applicable,Not Applicable,No,Not Applicable,368,Cash,17,3.6,4.7
2024-07-30 07:19:00,CNR8631090160,Canceled by Driver,CID623175,Prime Sedan,Koramangala,Peenya,,,Not Applicable,More than permitted people in there,Not Applicable,Not Applicable,424,Not Applicable,0,,
2024-07-14 11:30:00,CNR4237359431,Canceled by Customer,CID498927,Prime Plus,HSR Layout,Bannerghatta Road,,,Driver asked to cancel,Not Applicable,Not Applicable,Not Applicable,260,Not Applicable,0,,
2024-07-11 18:58:00,CNR5010613365,Success,CID106552,Bike,Ramamurthy Nagar,Langford Town,35.0,115.0,Not Applicable,Not Applicable,No,Not Applicable,186,UPI,34,5.0,4.3
2024-07-18 16:41:00,CNR7039750348,Canceled by Driver,CID201860,Auto,Shivajinagar,Banashankari,,,Not Applicable,Customer was coughing/sick,Not Applicable,Not Applicable,871,Not Applicable,0,,
2024-07-23 15:20:00,CNR3438721197,Canceled by Driver,CID418702,Auto,Malleshwaram,JP Nagar,,,Not Applicable,More than permitted people in there,Not Applicable,Not Applicable,608,Not Applicable,0,,
2024-07-08 11:01:00,CNR3832004706,Canceled by Driver,CID913716,Auto,Majestic,MG Road,,,Not Applicable,Customer related issue,Not Applicable,Not Applicable,337,Not Applicable,0,,
2024-07-11 00:44:00,CNR9444442318,Success,CID923512,Bike,Shantinagar,MG Road,63.0,145.0,Not Applicable,Not Applicable,No,Not Applicable,816,UPI,45,3.6,4.6
2024-07-06 15:18:00,CNR6304933084,Success,CID217929,eBike,Bannerghatta Road,Peenya,273.0,30.0,Not Applicable,Not Applicable,No,Not Applicable,301,UPI,2,4.2,4.2
2024-07-01 15:32:00,CNR6328924329,Success,CID528750,Bike,Marathahalli,Frazer Town,252.0,85.0,Not Applicable,Not Applicable,No,Not Applicable,401,UPI,39,4.5,3.5
2024-07-28 01:14:00,CNR4047833390,Canceled by Customer,CID921038,eBike,Bellandur,Peenya,,,AC is Not working,Not Applicable,Not Applicable,Not Applicable,322,Not Applicable,0,,
2024-07-27 07:08:00,CNR8732947819,Canceled by Customer,CID818252,Prime Plus,Hennur,Kammanahalli,,,Wrong Address,Not Applicable,Not Applicable,Not Applicable,497,Not Applicable,0,,
2024-07-21 19:00:00,CNR3576204683,Success,CID187007,eBike,Yeshwanthpur,Vijayanagar,133.0,140.0,Not Applicable,Not Applicable,No,Not Applicable,406,Cash,43,4.2,3.5
2024-07-24 07:13:00,CNR4298309918,Success,CID709411,Prime SUV,Magadi Road,Hebbal,105.0,45.0,Not Applicable,Not Applicable,No,Not Applicable,208,UPI,47,3.7,4.0
2024-07-12 17:31:00,CNR1584325557,Success,CID906318,eBike,Kadugodi,Frazer Town,161.0,80.0,Not Applicable,Not Applicable,No,Not Applicable,404,UPI,27,3.8,4.6
2024-07-07 16:52:00,CNR8967999481,Driver Not Found,CID223680,Auto,Marathahalli,BTM Layout,,,Not Applicable,Not Applicable,Not Applicable,Not Applicable,518,Not Applicable,0,,
2024-07-22 14:44:00,CNR5133711415,Success,CID593015,Bike,Shantinagar,Rajarajeshwari Nagar,287.0,115.0,Not Applicable,Not Applicable,No,Not Applicable,204,Cash,25,3.7,4.9
2024-07-10 12:54:00,CNR1710332676,Driver Not Found,CID623121,Bike,Bellandur,Bellandur,,,Not Applicable,Not Applicable,Not Applicable,Not Applicable,607,Not Applicable,0,,
2024-07-12 10:03:00,CNR6158109108,Success,CID539295,eBike,Richmond Town,Ramamurthy Nagar,203.0,80.0,Not Applicable,Not Applicable,No,Not Applicable,218,UPI,2,5.0,4.3
2024-07-08 21:33:00,CNR4925902589,Driver Not Found,CID221029,Prime Plus,Hebbal,KR Puram,,,Not Applicable,Not Applicable,Not Applicable,Not Applicable,168,Not Applicable,0,,
2024-07-17 17:13:00,CNR8930298093,Success,CID128399,Bike,Majestic,Basavanagudi,273.0,65.0,Not Applicable,Not Applicable,No,Not Applicable,561,Cash,22,3.0,4.9
2024-07-16 06:57:00,CNR4363008240,Success,CID113378,Mini,Yelahanka,Chamarajpet,140.0,80.0,Not Applicable,Not Applicable,No,Not Applicable,432,UPI,20,3.0,3.5
2024-07-12 06:51:00,CNR3515592259,Success,CID849847,Mini,Magadi Road,Vijayanagar,35.0,35.0,Not Applicable,Not Applicable,No,Not Applicable,486,UPI,8,3.2,3.2
2024-07-15 21:18:00,CNR3551144261,Success,CID885510,Prime Plus,Indiranagar,Padmanabhanagar,287.0,40.0,Not Applicable,Not Applicable,No,Not Applicable,946,UPI,27,4.0,4.3
2024-07-30 13:39:00,CNR1245941667,Success,CID368437,Mini,Yeshwanthpur,Varthur,91.0,30.0,Not Applicable,Not Applicable,No,Not Applicable,410,UPI,33,3.2,3.5
2024-07-18 19:24:00,CNR1990508674,Success,CID338224,Bike,Kammanahalli,Yelahanka,231.0,95.0,Not Applicable,Not Applicable,No,Not Applicable,370,UPI,45,4.3,4.2
2024-07-22 13:47:00,CNR8801575627,Success,CID700074,Mini,Hennur,Indiranagar,98.0,125.0,Not Applicable,Not Applicable,No,Not Applicable,433,UPI,25,4.8,4.5
2024-07-11 11:05:00,CNR6972588168,Success,CID255143,Prime SUV,Frazer Town,JP Nagar,266.0,120.0,Not Applicable,Not Applicable,No,Not Applicable,422,UPI,23,4.3,3.4
2024-07-10 07:22:00,CNR7166996353,Canceled by Customer,CID847358,Prime SUV,Ramamurthy Nagar,MG Road,,,Driver asked to cancel,Not Applicable,Not Applicable,Not Applicable,429,Not Applicable,0,,
2024-07-06 12:22:00,CNR3257778375,Canceled by Driver,CID356100,Auto,Mysore Road,Koramangala,,,Not Applicable,Customer related issue,Not Applicable,Not Applicable,370,Not Applicable,0,,
2024-07-25 18:18:00,CNR9304668457,Success,CID453459,Mini,Vijayanagar,KR Puram,98.0,80.0,Not Applicable,Not Applicable,No,Not Applicable,601,UPI,29,4.1,4.4
2024-07-19 20:53:00,CNR8054238858,Success,CID962188,Mini,Hosur Road,Marathahalli,196.0,130.0,Not Applicable,Not Applicable,No,Not Applicable,268,Cash,33,4.6,4.4
2024-07-10 01:22:00,CNR4515063173,Success,CID515354,Bike,Langford Town,Richmond Town,238.0,110.0,Not Applicable,Not Applicable,No,Not Applicable,662,Cash,24,4.1,4.1
2024-07-12 10:07:00,CNR3113302746,Success,CID835452,Prime Sedan,Rajarajeshwari Nagar,Basavanagudi,196.0,65.0,Not Applicable,Not Applicable,No,Not Applicable,622,UPI,2,3.9,3.5
2024-07-11 18:35:00,CNR9238874928,Canceled by Customer,CID270485,eBike,Hulimavu,Yelahanka,,,Driver is not moving towards pickup location,Not Applicable,Not Applicable,Not Applicable,557,Not Applicable,0,,
2024-07-22 14:44:00,CNR3233583752,Success,CID700877,Mini,MG Road,Hennur,49.0,130.0,Not Applicable,Not Applicable,No,Not Applicable,452,Cash,37,4.7,3.9
2024-07-02 16:58:00,CNR4241703669,Driver Not Found,CID882388,Prime Sedan,Yelahanka,Ramamurthy Nagar,,,Not Applicable,Not Applicable,Not Applicable,Not Applicable,457,Not Applicable,0,,
2024-07-08 07:36:00,CNR2819093095,Canceled by Customer,CID580634,Bike,Banashankari,Kadugodi,,,AC is Not working,Not Applicable,Not Applicable,Not Applicable,324,Not Applicable,0,,
2024-07-30 21:45:00,CNR7950558875,Canceled by Customer,CID968303,Prime Plus,Yeshwanthpur,Kengeri,,,Change of plans,Not Applicable,Not Applicable,Not Applicable,192,Not Applicable,0,,
2024-07-14 04:16:00,CNR3486687123,Success,CID204315,Mini,Ulsoor,Padmanabhanagar,133.0,115.0,Not Applicable,Not Applicable,No,Not Applicable,170,UPI,40,4.4,4.4
2024-07-02 04:20:00,CNR3949862126,Success,CID289617,Prime SUV,Padmanabhanagar,Varthur,133.0,65.0,Not Applicable,Not Applicable,No,Not Applicable,414,Cash,43,3.6,3.7
2024-07-21 15:42:00,CNR7261817697,Success,CID161064,Prime SUV,Indiranagar,Electronic City,196.0,30.0,Not Applicable,Not Applicable,No,Not Applicable,1159,Cash,33,3.1,3.8
2024-07-05 17:43:00,CNR3439117573,Canceled by Driver,CID255179,eBike,BTM Layout,Mysore Road,,,Not Applicable,Customer related issue,Not Applicable,Not Applicable,943,Not Applicable,0,,
2024-07-23 16:42:00,CNR5767744275,Driver Not Found,CID392884,Prime Sedan,Sarjapur Road,Hosur Road,,,Not Applicable,Not Applicable,Not Applicable,Not Applicable,428,Not Applicable,0,,
2024-07-22 04:02:00,CNR4198527229,Success,CID274695,Bike,Kammanahalli,Hosur Road,133.0,125.0,Not Applicable,Not Applicable,No,Not Applicable,466,UPI,15,4.4,3.2
2024-07-26 07:25:00,CNR6192774020,Canceled by Driver,CID286369,Auto,MG Road,Jayanagar,,,Not Applicable,More than permitted people in there,Not Applicable,Not Applicable,543,Not Applicable,0,,
2024-07-23 00:07:00,CNR4586819163,Success,CID766980,Auto,Whitefield,Varthur,126.0,145.0,Not Applicable,Not Applicable,No,Not Applicable,954,Cash,13,4.0,4.6
2024-07-10 07:24:00,CNR6226816577,Success,CID742661,Bike,Shantinagar,MG Road,308.0,110.0,Not Applicable,Not Applicable,Yes,Vehicle Breakdown,244,UPI,23,3.2,4.6
2024-07-15 23:03:00,CNR5329169960,Success,CID141476,Auto,Kammanahalli,Hulimavu,224.0,60.0,Not Applicable,Not Applicable,No,Not Applicable,2436,UPI,16,3.2,4.5
2024-07-22 21:25:00,CNR3364356554,Success,CID437295,Prime SUV,Bellandur,Hennur,301.0,80.0,Not Applicable,Not Applicable,No,Not Applicable,384,Credit Card,24,4.0,4.8
2024-07-01 03:59:00,CNR3991951242,Success,CID332581,Mini,Sahakar Nagar,Varthur,301.0,55.0,Not Applicable,Not Applicable,No,Not Applicable,204,UPI,31,4.4,4.0
2024-07-20 16:32:00,CNR7804798774,Success,CID992572,Mini,Hennur,Ramamurthy Nagar,252.0,70.0,Not Applicable,Not Applicable,No,Not Applicable,2256,Cash,47,4.0,4.5
2024-07-22 06:33:00,CNR7643204214,Canceled by Driver,CID439260,eBike,Indiranagar,Richmond Town,,,Not Applicable,Customer was coughing/sick,Not Applicable,Not Applicable,757,Not Applicable,0,,
2024-07-10 01:33:00,CNR4504538523,Success,CID150237,Prime Sedan,Ulsoor,HSR Layout,49.0,100.0,Not Applicable,Not Applicable,No,Not Applicable,180,UPI,19,3.5,3.3
2024-07-28 06:00:00,CNR6143596227,Success,CID826308,Prime SUV,Frazer Town,Electronic City,308.0,40.0,Not Applicable,Not Applicable,No,Not Applicable,497,Cash,19,3.9,4.5
2024-07-16 05:32:00,CNR5148031331,Canceled by Driver,CID690710,Prime SUV,Chickpet,Bellandur,,,Not Applicable,More than permitted people in there,Not Applicable,Not Applicable,346,Not Applicable,0,,
2024-07-01 05:34:00,CNR3998739164,Success,CID820615,eBike,Hulimavu,Hennur,77.0,50.0,Not Applicable,Not Applicable,No,Not Applicable,317,UPI,5,3.5,4.7
2024-07-27 03:53:00,CNR9999003386,Canceled by Driver,CID190578,Prime Sedan,Ramamurthy Nagar,Chamarajpet,,,Not Applicable,More than permitted people in there,Not Applicable,Not Applicable,418,Not Applicable,0,,
2024-07-15 22:50:00,CNR3450987095,Success,CID997951,eBike,Hosur Road,Marathahalli,231.0,130.0,Not Applicable,Not Applicable,No,Not Applicable,150,UPI,47,4.7,4.3
2024-07-13 21:05:00,CNR2393581724,Canceled by Customer,CID748285,Prime Plus,Rajarajeshwari Nagar,Varthur,,,Change of plans,Not Applicable,Not Applicable,Not Applicable,360,Not Applicable,0,,
2024-07-21 16:57:00,CNR2150509609,Success,CID131743,Prime Sedan,Hulimavu,Hulimavu,294.0,50.0,Not Applicable,Not Applicable,No,Not Applicable,319,UPI,17,3.9,4.0
2024-07-27 16:13:00,CNR4075141895,Canceled by Driver,CID939912,Prime Plus,Ramamurthy Nagar,Electronic City,,,Not Applicable,Customer related issue,Not Applicable,Not Applicable,244,Not Applicable,0,,
2024-07-30 11:14:00,CNR9470255787,Success,CID385789,Prime Plus,BTM Layout,Hulimavu,231.0,45.0,Not Applicable,Not Applicable,No,Not Applicable,345,Cash,28,4.4,3.7
2024-07-28 08:25:00,CNR5067595562,Success,CID367437,Prime Sedan,Chamarajpet,Mysore Road,56.0,30.0,Not Applicable,Not Applicable,No,Not Applicable,285,Credit Card,6,3.0,3.3
2024-07-03 00:59:00,CNR4375902214,Success,CID962960,Auto,Devanahalli,Vijayanagar,77.0,60.0,Not Applicable,Not Applicable,No,Not Applicable,141,Cash,6,3.6,3.6
2024-07-19 19:39:00,CNR3043343351,Success,CID768507,Prime SUV,Marathahalli,Richmond Town,105.0,85.0,Not Applicable,Not Applicable,No,Not Applicable,167,Cash,13,4.9,3.6
2024-07-11 04:34:00,CNR1761809810,Canceled by Customer,CID461981,Mini,Nagarbhavi,Hulimavu,,,Driver asked to cancel,Not Applicable,Not Applicable,Not Applicable,333,Not Applicable,0,,
2024-07-25 05:26:00,CNR9738133262,Canceled by Driver,CID313659,Bike,KR Puram,Cox Town,,,Not Applicable,Personal & Car related issue,Not Applicable,Not Applicable,398,Not Applicable,0,,
2024-07-23 04:38:00,CNR5012334119,Success,CID831038,Auto,Koramangala,Devanahalli,273.0,45.0,Not Applicable,Not Applicable,No,Not Applicable,332,UPI,2,4.3,3.1
2024-07-22 04:16:00,CNR6934427174,Success,CID583718,Mini,KR Puram,Hebbal,84.0,30.0,Not Applicable,Not Applicable,No,Not Applicable,973,Cash,18,3.6,4.6
2024-07-21 03:45:00,CNR8518163451,Success,CID823502,Mini,Cox Town,KR Puram,105.0,145.0,Not Applicable,Not Applicable,No,Not Applicable,176,Cash,23,4.7,3.7
2024-07-01 04:20:00,CNR6137067041,Canceled by Customer,CID828826,Prime Sedan,Sahakar Nagar,Majestic,,,AC is Not working,Not Applicable,Not Applicable,Not Applicable,412,Not Applicable,0,,
2024-07-17 07:20:00,CNR3567675560,Success,CID129063,Prime Sedan,Mysore Road,Indiranagar,266.0,140.0,Not Applicable,Not Applicable,No,Not Applicable,468,Cash,24,4.9,3.8
2024-07-15 03:21:00,CNR7331068652,Success,CID236576,eBike,Koramangala,HSR Layout,91.0,35.0,Not Applicable,Not Applicable,No,Not Applicable,1685,Debit Card,1,4.1,4.3
2024-07-16 04:37:00,CNR6392412228,Success,CID262749,eBike,Hennur,Devanahalli,301.0,145.0,Not Applicable,Not Applicable,No,Not Applicable,697,UPI,19,4.2,4.7
2024-07-06 18:10:00,CNR7932696114,Success,CID434257,Prime SUV,Majestic,Kammanahalli,182.0,130.0,Not Applicable,Not Applicable,No,Not Applicable,174,Cash,6,4.0,4.4
2024-07-08 00:46:00,CNR8815370263,Success,CID135685,eBike,Banashankari,Hennur,217.0,55.0,Not Applicable,Not Applicable,No,Not Applicable,857,Credit Card,26,4.1,4.4
2024-07-05 22:17:00,CNR8314625146,Success,CID789505,eBike,Jayanagar,Frazer Town,105.0,75.0,Not Applicable,Not Applicable,No,Not Applicable,1827,UPI,28,4.5,4.8
2024-07-18 11:34:00,CNR9769664088,Success,CID247057,eBike,Ulsoor,Sahakar Nagar,49.0,30.0,Not Applicable,Not Applicable,No,Not Applicable,369,UPI,35,3.4,3.4
2024-07-16 05:22:00,CNR6944124043,Driver Not Found,CID988069,Mini,Yeshwanthpur,Sahakar Nagar,,,Not Applicable,Not Applicable,Not Applicable,Not Applicable,445,Not Applicable,0,,
2024-07-07 06:37:00,CNR5204525995,Success,CID430830,Prime Plus,Electronic City,MG Road,84.0,140.0,Not Applicable,Not Applicable,No,Not Applicable,316,Cash,41,4.2,4.2
2024-07-27 05:23:00,CNR6211612792,Success,CID887614,Prime Sedan,Langford Town,Hebbal,231.0,100.0,Not Applicable,Not Applicable,No,Not Applicable,159,Cash,26,3.3,3.6
2024-07-23 15:54:00,CNR1748815698,Success,CID347845,Mini,Bannerghatta Road,Chamarajpet,252.0,120.0,Not Applicable,Not Applicable,No,Not Applicable,267,Cash,23,4.6,4.4
2024-07-08 14:01:00,CNR7834450132,Success,CID134033,Prime Sedan,Nagarbhavi,Jayanagar,196.0,100.0,Not Applicable,Not Applicable,No,Not Applicable,254,Credit Card,38,3.5,3.8
2024-07-02 08:32:00,CNR2053461695,Canceled by Customer,CID314728,Auto,Peenya,Shantinagar,,,Driver asked to cancel,Not Applicable,Not Applicable,Not Applicable,145,Not Applicable,0,,
2024-07-28 14:27:00,CNR9275090810,Canceled by Customer,CID272915,Auto,Majestic,Chickpet,,,Wrong Address,Not Applicable,Not Applicable,Not Applicable,589,Not Applicable,0,,
2024-07-19 05:30:00,CNR2522683501,Canceled by Driver,CID241020,Bike,Yeshwanthpur,MG Road,,,Not Applicable,Personal & Car related issue,Not Applicable,Not Applicable,432,Not Applicable,0,,
2024-07-20 13:25:00,CNR8321637460,Success,CID958666,Prime SUV,Frazer Town,Cox Town,217.0,40.0,Not Applicable,Not Applicable,No,Not Applicable,305,Cash,17,4.8,4.8
2024-07-19 08:22:00,CNR5548862696,Success,CID786651,eBike,Ulsoor,Yelahanka,91.0,120.0,Not Applicable,Not Applicable,No,Not Applicable,310,Cash,42,3.7,3.5
2024-07-17 21:44:00,CNR9248670935,Success,CID367679,Prime Plus,Chamarajpet,Sarjapur Road,49.0,110.0,Not Applicable,Not Applicable,No,Not Applicable,401,Cash,42,3.7,4.5
2024-07-16 21:51:00,CNR8213229292,Success,CID383455,eBike,Langford Town,Padmanabhanagar,35.0,140.0,Not Applicable,Not Applicable,No,Not Applicable,214,UPI,24,3.7,4.4
2024-07-13 00:13:00,CNR3427035947,Success,CID846217,Prime Plus,Banashankari,Basavanagudi,35.0,50.0,Not Applicable,Not Applicable,No,Not Applicable,441,Cash,44,3.7,3.8
2024-07-30 14:29:00,CNR6746642300,Success,CID698568,Auto,Kengeri,Peenya,140.0,65.0,Not Applicable,Not Applicable,No,Not Applicable,714,Cash,4,4.8,3.0
2024-07-12 05:07:00,CNR3328303894,Success,CID987716,Mini,Yeshwanthpur,Majestic,154.0,140.0,Not Applicable,Not Applicable,No,Not Applicable,514,Cash,13,4.7,4.4
2024-07-30 12:44:00,CNR7284982866,Success,CID879623,Auto,MG Road,HSR Layout,210.0,140.0,Not Applicable,Not Applicable,No,Not Applicable,391,UPI,16,4.8,4.3
2024-07-28 01:53:00,CNR9663546115,Success,CID223408,Prime SUV,Hulimavu,Shivajinagar,154.0,130.0,Not Applicable,Not Applicable,No,Not Applicable,283,Cash,4,4.2,4.9
2024-07-18 10:04:00,CNR8592352516,Success,CID773906,Prime SUV,Jayanagar,Peenya,259.0,70.0,Not Applicable,Not Applicable,No,Not Applicable,324,UPI,24,4.5,3.4
2024-07-01 20:18:00,CNR4967176302,Canceled by Driver,CID744630,Prime SUV,Nagarbhavi,Bellandur,,,Not Applicable,Customer related issue,Not Applicable,Not Applicable,319,Not Applicable,0,,
2024-07-30 20:50:00,CNR3076274417,Success,CID834946,Bike,Kammanahalli,Bellandur,49.0,115.0,Not Applicable,Not Applicable,No,Not Applicable,324,Cash,16,3.6,4.8
2024-07-25 06:24:00,CNR9154162773,Canceled by Driver,CID408056,Prime Plus,HSR Layout,Jayanagar,,,Not Applicable,Customer was coughing/sick,Not Applicable,Not Applicable,992,Not Applicable,0,,
2024-07-01 01:22:00,CNR8944464567,Success,CID956579,Auto,Kammanahalli,Chamarajpet,56.0,80.0,Not Applicable,Not Applicable,No,Not Applicable,353,UPI,9,3.1,4.6
2024-07-03 02:48:00,CNR4802886288,Canceled by Customer,CID936298,Prime SUV,Magadi Road,Magadi Road,,,Driver asked to cancel,Not Applicable,Not Applicable,Not Applicable,333,Not Applicable,0,,
2024-07-18 13:42:00,CNR4925098831,Success,CID829870,Prime SUV,Koramangala,Varthur,91.0,85.0,Not Applicable,Not Applicable,Yes,Vehicle Breakdown,494,Cash,44,3.0,4.3
2024-07-04 03:00:00,CNR9771042760,Canceled by Driver,CID143837,Auto,HSR Layout,Jayanagar,,,Not Applicable,Customer related issue,Not Applicable,Not Applicable,907,Not Applicable,0,,
2024-07-27 15:47:00,CNR6476610566,Success,CID192996,Mini,Rajajinagar,Majestic,112.0,145.0,Not Applicable,Not Applicable,No,Not Applicable,970,UPI,39,4.2,4.7
2024-07-01 07:25:00,CNR2164617721,Canceled by Driver,CID319281,Prime SUV,Yeshwanthpur,Vijayanagar,,,Not Applicable,Personal & Car related issue,Not Applicable,Not Applicable,482,Not Applicable,0,,
2024-07-01 23:39:00,CNR2957836322,Canceled by Driver,CID630314,Prime SUV,Shivajinagar,Kengeri,,,Not Applicable,Customer related issue,Not Applicable,Not Applicable,485,Not Applicable,0,,
2024-07-04 09:26:00,CNR9302612182,Success,CID650190,Prime Sedan,Sarjapur Road,Bellandur,301.0,145.0,Not Applicable,Not Applicable,No,Not Applicable,1298,Cash,9,3.0,4.5
2024-07-28 02:27:00,CNR9259997559,Success,CID537898,Prime Plus,Rajajinagar,Varthur,84.0,65.0,Not Applicable,Not Applicable,No,Not Applicable,441,UPI,34,3.4,4.9
2024-07-23 04:08:00,CNR5049193717,Success,CID337927,Auto,Kengeri,Marathahalli,280.0,40.0,Not Applicable,Not Applicable,No,Not Applicable,205,UPI,10,3.1,3.8
2024-07-08 01:04:00,CNR4775400257,Driver Not Found,CID894852,Bike,Hosur Road,Yeshwanthpur,,,Not Applicable,Not Applicable,Not Applicable,Not Applicable,328,Not Applicable,0,,
2024-07-06 22:46:00,CNR9198507165,Canceled by Driver,CID534699,Mini,Ulsoor,Marathahalli,,,Not Applicable,Customer was coughing/sick,Not Applicable,Not Applicable,282,Not Applicable,0,,
2024-07-12 10:08:00,CNR8066737290,Success,CID263896,eBike,Banashankari,Hennur,119.0,95.0,Not Applicable,Not Applicable,No,Not Applicable,368,Cash,27,4.3,3.0
2024-07-27 11:10:00,CNR2668456474,Success,CID525457,Prime SUV,Rajajinagar,BTM Layout,238.0,85.0,Not Applicable,Not Applicable,No,Not Applicable,595,UPI,27,3.7,4.1
2024-07-19 05:58:00,CNR2739886739,Success,CID739411,eBike,Hulimavu,Jayanagar,189.0,60.0,Not Applicable,Not Applicable,No,Not Applicable,1703,UPI,35,4.7,3.8
2024-07-29 16:36:00,CNR1953341684,Driver Not Found,CID881551,Mini,Langford Town,Yelahanka,,,Not Applicable,Not Applicable,Not Applicable,Not Applicable,103,Not Applicable,0,,
2024-07-26 18:03:00,CNR9307948001,Canceled by Driver,CID559940,eBike,Majestic,Banashankari,,,Not Applicable,Customer was coughing/sick,Not Applicable,Not Applicable,114,Not Applicable,0,,
2024-07-11 17:26:00,CNR7845608430,Canceled by Customer,CID343137,Bike,Cox Town,Shantinagar,,,Driver asked to cancel,Not Applicable,Not Applicable,Not Applicable,377,Not Applicable,0,,
2024-07-07 05:37:00,CNR8495185569,Canceled by Driver,CID144318,Auto,Sahakar Nagar,Electronic City,,,Not Applicable,Customer was coughing/sick,Not Applicable,Not Applicable,636,Not Applicable,0,,
2024-07-13 08:25:00,CNR7199877215,Success,CID883623,Prime Sedan,Frazer Town,Varthur,112.0,65.0,Not Applicable,Not Applicable,No,Not Applicable,321,Cash,23,3.8,3.6
2024-07-18 17:14:00,CNR7388994936,Driver Not Found,CID720113,eBike,Marathahalli,Koramangala,,,Not Applicable,Not Applicable,Not Applicable,Not Applicable,104,Not Applicable,0,,
2024-07-26 14:14:00,CNR5015601922,Canceled by Customer,CID104261,Prime Plus,Richmond Town,Nagarbhavi,,,Driver asked to cancel,Not Applicable,Not Applicable,Not Applicable,1520,Not Applicable,0,,
2024-07-12 15:16:00,CNR4791340477,Success,CID239295,Mini,Electronic City,Koramangala,56.0,40.0,Not Applicable,Not Applicable,No,Not Applicable,835,Cash,34,4.3,4.1
2024-07-09 01:02:00,CNR7767434922,Driver Not Found,CID199769,Prime Plus,Chickpet,Hulimavu,,,Not Applicable,Not Applicable,Not Applicable,Not Applicable,114,Not Applicable,0,,
2024-07-02 14:36:00,CNR3150669247,Success,CID119546,Auto,Yelahanka,Basavanagudi,175.0,145.0,Not Applicable,Not Applicable,No,Not Applicable,1039,UPI,18,3.6,4.8
2024-07-14 20:52:00,CNR5587485658,Success,CID500992,Bike,Basavanagudi,Cox Town,280.0,115.0,Not Applicable,Not Applicable,No,Not Applicable,793,Credit Card,9,4.5,3.4
2024-07-29 12:54:00,CNR8396304135,Success,CID266228,Prime Sedan,Marathahalli,Yeshwanthpur,77.0,80.0,Not Applicable,Not Applicable,No,Not Applicable,728,Cash,27,4.5,3.2
2024-07-22 05:14:00,CNR5432159084,Canceled by Customer,CID790668,Auto,Shantinagar,Rajajinagar,,,AC is Not working,Not Applicable,Not Applicable,Not Applicable,431,Not Applicable,0,,
2024-07-26 08:26:00,CNR5578066916,Driver Not Found,CID645945,Auto,Nagarbhavi,Frazer Town,,,Not Applicable,Not Applicable,Not Applicable,Not Applicable,265,Not Applicable,0,,
2024-07-19 04:37:00,CNR6140111549,Canceled by Driver,CID513542,Auto,Padmanabhanagar,Basavanagudi,,,Not Applicable,Customer related issue,Not Applicable,Not Applicable,382,Not Applicable,0,,
2024-07-23 05:43:00,CNR1518875975,Success,CID636964,Auto,Hosur Road,Kadugodi,161.0,60.0,Not Applicable,Not Applicable,No,Not Applicable,171,UPI,4,4.6,3.5
2024-07-16 19:17:00,CNR7311541401,Canceled by Customer,CID407625,Mini,Ulsoor,Indiranagar,,,Change of plans,Not Applicable,Not Applicable,Not Applicable,918,Not Applicable,0,,
2024-07-20 06:19:00,CNR4189880150,Driver Not Found,CID239709,Prime SUV,Electronic City,RT Nagar,,,Not Applicable,Not Applicable,Not Applicable,Not Applicable,523,Not Applicable,0,,
2024-07-03 03:45:00,CNR6947446281,Canceled by Customer,CID185970,Prime Sedan,Frazer Town,Bannerghatta Road,,,AC is Not working,Not Applicable,Not Applicable,Not Applicable,2879,Not Applicable,0,,
2024-07-07 02:30:00,CNR5550231300,Canceled by Driver,CID737943,Mini,Nagarbhavi,Yeshwanthpur,,,Not Applicable,Personal & Car related issue,Not Applicable,Not Applicable,130,Not Applicable,0,,
2024-07-28 19:57:00,CNR9801081885,Success,CID635963,Prime SUV,Hennur,Magadi Road,98.0,130.0,Not Applicable,Not Applicable,No,Not Applicable,716,Cash,48,3.4,4.2
2024-07-08 03:43:00,CNR3173267842,Success,CID176587,eBike,Whitefield,Kadugodi,161.0,30.0,Not Applicable,Not Applicable,No,Not Applicable,219,UPI,38,4.6,3.5
2024-07-06 19:32:00,CNR4253325052,Driver Not Found,CID703464,Auto,Hosur Road,Padmanabhanagar,,,Not Applicable,Not Applicable,Not Applicable,Not Applicable,197,Not Applicable,0,,
2024-07-27 18:49:00,CNR3615398524,Driver Not Found,CID110852,Mini,Banashankari,Devanahalli,,,Not Applicable,Not Applicable,Not Applicable,Not Applicable,403,Not Applicable,0,,
2024-07-26 11:22:00,CNR8554539285,Driver Not Found,CID514377,Auto,Ulsoor,Ulsoor,,,Not Applicable,Not Applicable,Not Applicable,Not Applicable,488,Not Applicable,0,,
2024-07-19 07:00:00,CNR3808092877,Success,CID435394,Prime Sedan,Koramangala,Yeshwanthpur,91.0,110.0,Not Applicable,Not Applicable,No,Not Applicable,295,Cash,45,3.8,3.6
2024-07-28 10:10:00,CNR9750247951,Success,CID845373,Mini,Whitefield,Marathahalli,294.0,135.0,Not Applicable,Not Applicable,No,Not Applicable,207,UPI,32,4.1,3.9
2024-07-07 16:34:00,CNR6062558161,Driver Not Found,CID589212,Auto,MG Road,Hulimavu,,,Not Applicable,Not Applicable,Not Applicable,Not Applicable,158,Not Applicable,0,,
2024-07-17 11:17:00,CNR3728691662,Canceled by Driver,CID971506,Mini,Richmond Town,Frazer Town,,,Not Applicable,Personal & Car related issue,Not Applicable,Not Applicable,482,Not Applicable,0,,
2024-07-06 18:25:00,CNR2893297581,Success,CID979632,eBike,Mysore Road,Indiranagar,182.0,60.0,Not Applicable,Not Applicable,No,Not Applicable,301,Cash,49,3.3,3.5
2024-07-17 15:03:00,CNR8912420672,Success,CID837198,Mini,Electronic City,Langford Town,105.0,55.0,Not Applicable,Not Applicable,No,Not Applicable,491,Cash,39,4.8,4.0
2024-07-21 20:46:00,CNR2082502818,Canceled by Customer,CID438337,Prime SUV,Hebbal,MG Road,,,Driver is not moving towards pickup location,Not Applicable,Not Applicable,Not Applicable,347,Not Applicable,0,,
2024-07-09 02:11:00,CNR3258885251,Success,CID443631,Prime SUV,Kadugodi,Chamarajpet,203.0,60.0,Not Applicable,Not Applicable,No,Not Applicable,489,UPI,11,4.5,4.7
2024-07-21 08:31:00,CNR2523374707,Canceled by Customer,CID857700,Prime SUV,Bannerghatta Road,Magadi Road,,,Driver asked to cancel,Not Applicable,Not Applicable,Not Applicable,798,Not Applicable,0,,
2024-07-28 14:29:00,CNR7136299771,Canceled by Driver,CID974095,eBike,Whitefield,Hulimavu,,,Not Applicable,Customer was coughing/sick,Not Applicable,Not Applicable,132,Not Applicable,0,,
2024-07-05 22:22:00,CNR1361941225,Canceled by Customer,CID771829,Mini,Rajarajeshwari Nagar,Devanahalli,,,Driver asked to cancel,Not Applicable,Not Applicable,Not Applicable,130,Not Applicable,0,,
2024-07-17 01:28:00,CNR1588343087,Success,CID576949,eBike,RT Nagar,Majestic,105.0,45.0,Not Applicable,Not Applicable,No,Not Applicable,400,Cash,40,3.9,4.2
2024-07-01 11:35:00,CNR6658789815,Success,CID323220,Prime Plus,Chickpet,Devanahalli,147.0,140.0,Not Applicable,Not Applicable,No,Not Applicable,2644,Cash,33,4.0,3.9
2024-07-09 22:29:00,CNR6581729993,Success,CID366818,Prime SUV,Kammanahalli,BTM Layout,126.0,105.0,Not Applicable,Not Applicable,No,Not Applicable,267,Credit Card,15,4.9,4.0
2024-07-20 01:39:00,CNR5998071971,Canceled by Customer,CID305766,Prime Plus,Mysore Road,RT Nagar,,,Wrong Address,Not Applicable,Not Applicable,Not Applicable,102,Not Applicable,0,,
2024-07-17 00:31:00,CNR4331964556,Success,CID986355,Prime Plus,Banashankari,Indiranagar,231.0,65.0,Not Applicable,Not Applicable,No,Not Applicable,429,Credit Card,4,3.7,3.5
2024-07-09 00:13:00,CNR1384906045,Success,CID742734,eBike,Varthur,Whitefield,224.0,25.0,Not Applicable,Not Applicable,No,Not Applicable,208,Cash,44,3.1,4.6
2024-07-10 23:39:00,CNR5898486013,Success,CID549828,Mini,Kammanahalli,Banashankari,161.0,135.0,Not Applicable,Not Applicable,No,Not Applicable,178,UPI,25,4.2,4.1
2024-07-11 14:11:00,CNR8806933705,Success,CID461831,Prime Plus,Basavanagudi,Koramangala,196.0,65.0,Not Applicable,Not Applicable,No,Not Applicable,431,Cash,28,3.4,3.9
2024-07-23 19:09:00,CNR2765417642,Success,CID897073,eBike,Yelahanka,Shivajinagar,308.0,70.0,Not Applicable,Not Applicable,No,Not Applicable,386,Cash,32,3.8,3.1
2024-07-27 13:14:00,CNR1142111769,Success,CID268359,Auto,Bannerghatta Road,Sarjapur Road,84.0,80.0,Not Applicable,Not Applicable,No,Not Applicable,449,Cash,10,3.8,3.7
2024-07-14 08:30:00,CNR5855188556,Success,CID407494,Prime Plus,Kammanahalli,Tumkur Road,49.0,110.0,Not Applicable,Not Applicable,No,Not Applicable,142,UPI,24,4.5,3.9
2024-07-19 14:17:00,CNR5853277129,Success,CID438995,Prime Plus,Electronic City,Rajajinagar,182.0,125.0,Not Applicable,Not Applicable,Yes,Vehicle Breakdown,251,UPI,15,3.5,4.3
2024-07-23 13:22:00,CNR6025176539,Success,CID457539,eBike,Kammanahalli,Koramangala,112.0,145.0,Not Applicable,Not Applicable,No,Not Applicable,193,Cash,22,3.5,4.6
2024-07-19 10:51:00,CNR5603244009,Success,CID863180,Auto,Koramangala,Nagarbhavi,259.0,110.0,Not Applicable,Not Applicable,Yes,Vehicle Breakdown,987,Cash,4,4.7,4.3
2024-07-21 05:54:00,CNR1899433319,Success,CID403049,Auto,Varthur,Bannerghatta Road,98.0,130.0,Not Applicable,Not Applicable,No,Not Applicable,305,Cash,6,5.0,4.8
2024-07-11 08:53:00,CNR5325070074,Success,CID310010,Bike,Indiranagar,Shivajinagar,238.0,120.0,Not Applicable,Not Applicable,No,Not Applicable,317,Cash,11,3.5,3.4
2024-07-21 04:22:00,CNR9960173837,Success,CID492331,Prime SUV,Rajajinagar,Bellandur,175.0,145.0,Not Applicable,Not Applicable,No,Not Applicable,124,Cash,34,3.6,3.0
2024-07-26 06:28:00,CNR1791531986,Success,CID594245,Bike,Langford Town,MG Road,266.0,135.0,Not Applicable,Not Applicable,No,Not Applicable,443,Cash,42,3.2,4.0
2024-07-01 01:14:00,CNR9414438560,Success,CID638544,Prime Sedan,Sahakar Nagar,Kammanahalli,105.0,100.0,Not Applicable,Not Applicable,No,Not Applicable,200,UPI,20,4.1,3.7
2024-07-18 11:11:00,CNR5682922540,Success,CID761735,Prime SUV,Whitefield,Yelahanka,98.0,120.0,Not Applicable,Not Applicable,No,Not Applicable,268,Cash,36,4.2,4.7
2024-07-04 01:46:00,CNR7943619653,Success,CID808583,Prime Plus,Sahakar Nagar,Sarjapur Road,287.0,55.0,Not Applicable,Not Applicable,No,Not Applicable,176,Cash,25,3.4,3.7
2024-07-16 14:04:00,CNR8716704030,Success,CID399923,eBike,Shivajinagar,Ulsoor,77.0,70.0,Not Applicable,Not Applicable,Yes,Customer Demand,1148,Cash,27,5.0,4.3
2024-07-18 20:18:00,CNR4322989971,Canceled by Driver,CID964848,Prime SUV,Mysore Road,MG Road,,,Not Applicable,Personal & Car related issue,Not Applicable,Not Applicable,144,Not Applicable,0,,
2024-07-16 03:27:00,CNR1308017555,Success,CID771357,Prime SUV,Ulsoor,Rajarajeshwari Nagar,182.0,50.0,Not Applicable,Not Applicable,No,Not Applicable,577,UPI,2,4.0,3.4
2024-07-28 19:12:00,CNR3602141598,Canceled by Driver,CID327395,eBike,Richmond Town,Cox Town,,,Not Applicable,Customer related issue,Not Applicable,Not Applicable,539,Not Applicable,0,,
2024-07-18 07:31:00,CNR7725914022,Success,CID120104,Auto,JP Nagar,Malleshwaram,252.0,50.0,Not Applicable,Not Applicable,No,Not Applicable,247,Cash,10,3.8,3.8
2024-07-23 06:13:00,CNR9312959085,Success,CID788226,Prime Plus,Rajarajeshwari Nagar,Rajajinagar,126.0,85.0,Not Applicable,Not Applicable,No,Not Applicable,2005,Cash,40,4.5,3.8
2024-07-20 04:42:00,CNR2937654612,Success,CID104172,Auto,HSR Layout,Yeshwanthpur,49.0,25.0,Not Applicable,Not Applicable,No,Not Applicable,573,Cash,8,3.6,3.8
2024-07-01 01:44:00,CNR7250444496,Success,CID265402,Mini,Varthur,Indiranagar,259.0,75.0,Not Applicable,Not Applicable,No,Not Applicable,324,Cash,29,3.3,3.3
2024-07-14 21:31:00,CNR4509925294,Success,CID671434,Prime SUV,Shantinagar,Electronic City,42.0,95.0,Not Applicable,Not Applicable,No,Not Applicable,219,UPI,48,3.5,3.3
2024-07-02 10:08:00,CNR3344394511,Canceled by Driver,CID154418,Bike,Devanahalli,RT Nagar,,,Not Applicable,More than permitted people in there,Not Applicable,Not Applicable,498,Not Applicable,0,,
2024-07-29 19:10:00,CNR8991859085,Success,CID329503,Prime SUV,Tumkur Road,Indiranagar,245.0,140.0,Not Applicable,Not Applicable,No,Not Applicable,992,Cash,23,3.9,3.7
2024-07-15 02:27:00,CNR8595348098,Success,CID627650,Prime SUV,Vijayanagar,Sahakar Nagar,49.0,60.0,Not Applicable,Not Applicable,No,Not Applicable,339,UPI,10,4.6,4.2
2024-07-16 01:29:00,CNR1703829353,Success,CID856989,Mini,Basavanagudi,Shantinagar,56.0,45.0,Not Applicable,Not Applicable,No,Not Applicable,337,UPI,14,4.0,4.1
2024-07-02 12:16:00,CNR9149482760,Canceled by Customer,CID168280,Prime SUV,Koramangala,Langford Town,,,Driver is not moving towards pickup location,Not Applicable,Not Applicable,Not Applicable,791,Not Applicable,0,,
2024-07-02 16:33:00,CNR4527712091,Canceled by Customer,CID878893,Prime Sedan,Ramamurthy Nagar,Devanahalli,,,Driver asked to cancel,Not Applicable,Not Applicable,Not Applicable,856,Not Applicable,0,,
2024-07-04 11:59:00,CNR3916023026,Success,CID184027,eBike,Richmond Town,Vijayanagar,147.0,35.0,Not Applicable,Not Applicable,No,Not Applicable,149,Cash,47,3.2,4.8
2024-07-29 23:43:00,CNR4978770556,Success,CID504132,Prime SUV,Koramangala,Mysore Road,133.0,85.0,Not Applicable,Not Applicable,No,Not Applicable,661,Cash,21,4.8,3.5
2024-07-14 10:01:00,CNR3003688167,Canceled by Driver,CID713004,Auto,Richmond Town,Kammanahalli,,,Not Applicable,Customer related issue,Not Applicable,Not Applicable,104,Not Applicable,0,,
2024-07-19 11:35:00,CNR2269328838,Canceled by Customer,CID720327,Auto,Varthur,Vijayanagar,,,Change of plans,Not Applicable,Not Applicable,Not Applicable,133,Not Applicable,0,,
2024-07-14 10:46:00,CNR1688570268,Canceled by Driver,CID990692,Prime Sedan,Basavanagudi,Kadugodi,,,Not Applicable,Customer related issue,Not Applicable,Not Applicable,466,Not Applicable,0,,
2024-07-02 15:04:00,CNR1706442400,Success,CID710550,Prime SUV,BTM Layout,Yeshwanthpur,126.0,35.0,Not Applicable,Not Applicable,Yes,Customer Demand,630,Cash,17,3.3,3.1
2024-07-05 16:24:00,CNR4842757626,Driver Not Found,CID295901,Prime Sedan,Cox Town,MG Road,,,Not Applicable,Not Applicable,Not Applicable,Not Applicable,521,Not Applicable,0,,
2024-07-07 02:35:00,CNR8743574751,Canceled by Driver,CID885744,Prime Sedan,Kadugodi,Basavanagudi,,,Not Applicable,Customer related issue,Not Applicable,Not Applicable,258,Not Applicable,0,,
2024-07-07 01:49:00,CNR9018587407,Success,CID185425,Prime SUV,Yeshwanthpur,Vijayanagar,105.0,95.0,Not Applicable,Not Applicable,No,Not Applicable,228,Cash,32,3.3,4.4
2024-07-29 21:04:00,CNR6210184009,Success,CID192594,Prime Plus,Chickpet,MG Road,259.0,105.0,Not Applicable,Not Applicable,No,Not Applicable,418,UPI,7,4.4,4.3
2024-07-17 00:39:00,CNR1207152974,Canceled by Driver,CID710499,Auto,Rajarajeshwari Nagar,Varthur,,,Not Applicable,Customer was coughing/sick,Not Applicable,Not Applicable,661,Not Applicable,0,,
2024-07-26 02:41:00,CNR1999516008,Success,CID565526,eBike,Hulimavu,Padmanabhanagar,287.0,105.0,Not Applicable,Not Applicable,No,Not Applicable,462,UPI,33,3.5,3.1
2024-07-13 00:39:00,CNR8967273386,Success,CID324316,Mini,Tumkur Road,Kadugodi,98.0,130.0,Not Applicable,Not Applicable,No,Not Applicable,207,UPI,24,3.7,4.3
2024-07-30 17:23:00,CNR5726129198,Success,CID761425,Mini,Vijayanagar,Sarjapur Road,301.0,55.0,Not Applicable,Not Applicable,No,Not Applicable,396,Cash,44,4.7,3.5
2024-07-24 12:57:00,CNR4858400786,Success,CID478507,eBike,Kadugodi,Langford Town,280.0,30.0,Not Applicable,Not Applicable,No,Not Applicable,358,UPI,8,4.0,3.0
2024-07-11 17:55:00,CNR6672388372,Success,CID284009,Auto,Vijayanagar,Indiranagar,252.0,100.0,Not Applicable,Not Applicable,No,Not Applicable,328,Cash,7,4.4,4.5
2024-07-11 14:14:00,CNR9360729696,Success,CID973054,Prime Plus,Vijayanagar,Tumkur Road,105.0,75.0,Not Applicable,Not Applicable,Yes,Other Issue,167,UPI,26,4.8,3.9
2024-07-23 19:18:00,CNR4699969724,Canceled by Customer,CID998415,Bike,Cox Town,Koramangala,,,Driver asked to cancel,Not Applicable,Not Applicable,Not Applicable,440,Not Applicable,0,,
2024-07-23 13:41:00,CNR1248361352,Canceled by Driver,CID793942,Mini,Kengeri,Marathahalli,,,Not Applicable,Customer related issue,Not Applicable,Not Applicable,2096,Not Applicable,0,,
2024-07-02 11:52:00,CNR9305021266,Driver Not Found,CID210346,Prime Plus,Langford Town,Banashankari,,,Not Applicable,Not Applicable,Not Applicable,Not Applicable,116,Not Applicable,0,,
2024-07-20 18:20:00,CNR8226660840,Driver Not Found,CID761555,Bike,Ramamurthy Nagar,Frazer Town,,,Not Applicable,Not Applicable,Not Applicable,Not Applicable,340,Not Applicable,0,,
2024-07-03 07:11:00,CNR3787506805,Success,CID482711,Prime Plus,Indiranagar,Electronic City,168.0,50.0,Not Applicable,Not Applicable,No,Not Applicable,162,Cash,8,5.0,3.2
2024-07-13 14:29:00,CNR8436431176,Success,CID163792,Prime Sedan,KR Puram,Basavanagudi,119.0,75.0,Not Applicable,Not Applicable,No,Not Applicable,2380,Credit Card,9,4.5,4.0
2024-07-18 02:26:00,CNR4599889961,Driver Not Found,CID108147,Prime SUV,Hennur,Vijayanagar,,,Not Applicable,Not Applicable,Not Applicable,Not Applicable,916,Not Applicable,0,,
2024-07-06 17:56:00,CNR1047665634,Success,CID194077,Auto,Banashankari,Richmond Town,301.0,35.0,Not Applicable,Not Applicable,No,Not Applicable,1009,Cash,18,4.6,3.3
2024-07-26 17:39:00,CNR4924523693,Success,CID343773,eBike,Nagarbhavi,Marathahalli,175.0,35.0,Not Applicable,Not Applicable,No,Not Applicable,330,Cash,37,3.6,4.2
2024-07-10 08:43:00,CNR9637063798,Canceled by Driver,CID334632,Auto,MG Road,Basavanagudi,,,Not Applicable,Customer related issue,Not Applicable,Not Applicable,394,Not Applicable,0,,
2024-07-07 21:20:00,CNR4275453298,Driver Not Found,CID699699,Auto,Basavanagudi,Malleshwaram,,,Not Applicable,Not Applicable,Not Applicable,Not Applicable,357,Not Applicable,0,,
2024-07-15 16:35:00,CNR4130217816,Canceled by Driver,CID863091,Bike,Kammanahalli,Richmond Town,,,Not Applicable,More than permitted people in there,Not Applicable,Not Applicable,378,Not Applicable,0,,
2024-07-20 18:53:00,CNR8569196312,Success,CID303105,Prime SUV,Marathahalli,Yelahanka,168.0,70.0,Not Applicable,Not Applicable,No,Not Applicable,508,Cash,43,3.3,4.7
2024-07-13 15:04:00,CNR2251134490,Success,CID817598,Prime SUV,Banashankari,Basavanagudi,238.0,40.0,Not Applicable,Not Applicable,No,Not Applicable,793,UPI,20,3.5,3.9
2024-07-03 16:27:00,CNR1674401189,Canceled by Driver,CID880042,Prime Plus,Kammanahalli,Langford Town,,,Not Applicable,Customer related issue,Not Applicable,Not Applicable,218,Not Applicable,0,,
2024-07-18 12:55:00,CNR7787365084,Canceled by Customer,CID232942,Mini,Langford Town,Yeshwanthpur,,,Change of plans,Not Applicable,Not Applicable,Not Applicable,592,Not Applicable,0,,
2024-07-30 05:57:00,CNR9142670931,Driver Not Found,CID762002,Mini,JP Nagar,Basavanagudi,,,Not Applicable,Not Applicable,Not Applicable,Not Applicable,559,Not Applicable,0,,
2024-07-12 05:54:00,CNR4476307224,Success,CID181284,Prime Sedan,Varthur,Ramamurthy Nagar,154.0,75.0,Not Applicable,Not Applicable,No,Not Applicable,347,Cash,24,3.5,3.5
2024-07-05 22:03:00,CNR1755908487,Canceled by Customer,CID430017,Mini,Malleshwaram,Marathahalli,,,AC is Not working,Not Applicable,Not Applicable,Not Applicable,347,Not Applicable,0,,
2024-07-22 05:13:00,CNR2219623155,Success,CID404743,eBike,JP Nagar,Hennur,77.0,110.0,Not Applicable,Not Applicable,No,Not Applicable,670,UPI,2,4.6,4.9
2024-07-01 06:41:00,CNR1540698374,Success,CID821154,Prime Sedan,Kadugodi,Bannerghatta Road,231.0,110.0,Not Applicable,Not Applicable,No,Not Applicable,2500,Cash,18,3.6,4.6
2024-07-11 09:09:00,CNR1822747207,Canceled by Driver,CID650505,Prime Plus,Cox Town,Ulsoor,,,Not Applicable,Customer was coughing/sick,Not Applicable,Not Applicable,275,Not Applicable,0,,
2024-07-10 15:08:00,CNR3327757762,Success,CID331784,Prime SUV,Basavanagudi,Tumkur Road,98.0,100.0,Not Applicable,Not Applicable,No,Not Applicable,143,Cash,3,3.0,4.7
2024-07-17 21:31:00,CNR6137231198,Canceled by Customer,CID117844,Prime Sedan,Indiranagar,Marathahalli,,,Driver is not moving towards pickup location,Not Applicable,Not Applicable,Not Applicable,355,Not Applicable,0,,
2024-07-19 19:42:00,CNR7785117833,Success,CID278550,eBike,Chamarajpet,Devanahalli,133.0,75.0,Not Applicable,Not Applicable,No,Not Applicable,221,UPI,11,3.5,3.4
2024-07-26 07:56:00,CNR4785569489,Canceled by Driver,CID679683,Prime Sedan,Padmanabhanagar,Tumkur Road,,,Not Applicable,Personal & Car related issue,Not Applicable,Not Applicable,2927,Not Applicable,0,,
2024-07-17 10:19:00,CNR6883397536,Canceled by Driver,CID886572,Mini,Varthur,RT Nagar,,,Not Applicable,Customer was coughing/sick,Not Applicable,Not Applicable,577,Not Applicable,0,,
2024-07-14 04:06:00,CNR5568368798,Canceled by Driver,CID964901,eBike,Shantinagar,Nagarbhavi,,,Not Applicable,Customer related issue,Not Applicable,Not Applicable,418,Not Applicable,0,,
2024-07-04 09:41:00,CNR2144706373,Canceled by Driver,CID269895,Mini,MG Road,Richmond Town,,,Not Applicable,Personal & Car related issue,Not Applicable,Not Applicable,537,Not Applicable,0,,
2024-07-02 22:07:00,CNR9764583313,Driver Not Found,CID344205,Auto,Ramamurthy Nagar,Rajarajeshwari Nagar,,,Not Applicable,Not Applicable,Not Applicable,Not Applicable,330,Not Applicable,0,,
2024-07-12 18:56:00,CNR2037863831,Success,CID300741,Prime SUV,Koramangala,Ramamurthy Nagar,49.0,85.0,Not Applicable,Not Applicable,Yes,Other Issue,264,Cash,37,3.4,3.5
2024-07-17 23:39:00,CNR3476081667,Success,CID763977,Mini,Sahakar Nagar,KR Puram,294.0,145.0,Not Applicable,Not Applicable,No,Not Applicable,2940,UPI,31,3.7,5.0
2024-07-03 18:00:00,CNR9136253651,Canceled by Driver,CID956689,Prime SUV,Cox Town,Whitefield,,,Not Applicable,Customer was coughing/sick,Not Applicable,Not Applicable,157,Not Applicable,0,,
2024-07-01 22:44:00,CNR7173082432,Success,CID338391,eBike,Tumkur Road,Kengeri,308.0,85.0,Not Applicable,Not Applicable,No,Not Applicable,499,UPI,37,4.7,4.2
2024-07-07 18:00:00,CNR7547019850,Canceled by Customer,CID428746,Bike,Vijayanagar,Malleshwaram,,,Driver is not moving towards pickup location,Not Applicable,Not Applicable,Not Applicable,223,Not Applicable,0,,
2024-07-06 05:03:00,CNR1491021845,Canceled by Customer,CID579017,eBike,Nagarbhavi,Bannerghatta Road,,,Driver is not moving towards pickup location,Not Applicable,Not Applicable,Not Applicable,201,Not Applicable,0,,
2024-07-03 09:36:00,CNR1489381644,Canceled by Driver,CID138388,Auto,Padmanabhanagar,Whitefield,,,Not Applicable,Customer was coughing/sick,Not Applicable,Not Applicable,432,Not Applicable,0,,
2024-07-23 06:31:00,CNR7576516710,Success,CID324770,Prime Sedan,Yelahanka,BTM Layout,140.0,45.0,Not Applicable,Not Applicable,No,Not Applicable,508,Cash,2,4.0,3.7
2024-07-02 08:39:00,CNR5674142237,Success,CID270370,Prime SUV,Kadugodi,Chamarajpet,294.0,125.0,Not Applicable,Not Applicable,No,Not Applicable,415,Cash,49,3.7,3.4
2024-07-19 22:05:00,CNR4117795380,Success,CID770600,Bike,Whitefield,Hennur,210.0,120.0,Not Applicable,Not Applicable,No,Not Applicable,398,UPI,35,3.2,3.2
2024-07-18 02:13:00,CNR5582587137,Success,CID431233,Prime Plus,Richmond Town,Devanahalli,238.0,140.0,Not Applicable,Not Applicable,No,Not Applicable,237,Cash,35,4.8,3.1
2024-07-03 15:35:00,CNR6290053968,Success,CID798130,Prime Plus,Hebbal,Nagarbhavi,280.0,110.0,Not Applicable,Not Applicable,No,Not Applicable,401,Cash,45,4.6,3.1
2024-07-21 15:25:00,CNR5980223671,Success,CID534847,Bike,Malleshwaram,KR Puram,161.0,95.0,Not Applicable,Not Applicable,No,Not Applicable,268,Cash,44,3.8,3.2
2024-07-19 01:00:00,CNR6282937739,Driver Not Found,CID459050,Prime SUV,Bannerghatta Road,Cox Town,,,Not Applicable,Not Applicable,Not Applicable,Not Applicable,388,Not Applicable,0,,
2024-07-28 15:06:00,CNR3919891869,Canceled by Driver,CID983182,Prime Sedan,Frazer Town,Sahakar Nagar,,,Not Applicable,Personal & Car related issue,Not Applicable,Not Applicable,826,Not Applicable,0,,
2024-07-27 13:17:00,CNR3323127137,Success,CID770323,Mini,Rajajinagar,Rajarajeshwari Nagar,70.0,45.0,Not Applicable,Not Applicable,No,Not Applicable,155,Cash,7,3.4,4.7
2024-07-05 10:37:00,CNR6496216822,Success,CID700345,Auto,Hulimavu,Banashankari,161.0,100.0,Not Applicable,Not Applicable,No,Not Applicable,302,Cash,18,3.1,4.3
2024-07-01 15:48:00,CNR1120211451,Success,CID388465,Prime Plus,MG Road,Nagarbhavi,105.0,30.0,Not Applicable,Not Applicable,No,Not Applicable,365,Credit Card,20,4.3,5.0
2024-07-02 14:26:00,CNR5613974736,Success,CID957405,Prime SUV,Mysore Road,KR Puram,231.0,120.0,Not Applicable,Not Applicable,No,Not Applicable,618,UPI,6,3.2,3.2
2024-07-11 15:18:00,CNR6111953199,Canceled by Customer,CID214230,Prime Sedan,Hebbal,Kammanahalli,,,Driver asked to cancel,Not Applicable,Not Applicable,Not Applicable,487,Not Applicable,0,,
2024-07-22 16:54:00,CNR5258935774,Success,CID559647,Prime Plus,Devanahalli,Varthur,168.0,140.0,Not Applicable,Not Applicable,No,Not Applicable,468,Cash,31,3.4,4.4
2024-07-29 01:51:00,CNR7054607041,Success,CID755214,Prime Sedan,Kengeri,Basavanagudi,252.0,120.0,Not Applicable,Not Applicable,No,Not Applicable,1061,Cash,18,3.0,3.1
2024-07-16 09:15:00,CNR4283217492,Success,CID505588,Bike,Ulsoor,Ramamurthy Nagar,238.0,35.0,Not Applicable,Not Applicable,No,Not Applicable,404,Cash,26,4.5,3.3
2024-07-15 09:04:00,CNR3260331889,Driver Not Found,CID638814,Auto,Peenya,Tumkur Road,,,Not Applicable,Not Applicable,Not Applicable,Not Applicable,178,Not Applicable,0,,
2024-07-27 07:12:00,CNR3046228821,Success,CID545910,Prime SUV,Sahakar Nagar,Ulsoor,203.0,35.0,Not Applicable,Not Applicable,No,Not Applicable,2117,UPI,23,4.1,4.8
2024-07-11 16:14:00,CNR2911209368,Driver Not Found,CID236379,Prime Sedan,Hennur,Jayanagar,,,Not Applicable,Not Applicable,Not Applicable,Not Applicable,381,Not Applicable,0,,
2024-07-22 21:04:00,CNR3987643919,Driver Not Found,CID834341,Prime Plus,Bannerghatta Road,Padmanabhanagar,,,Not Applicable,Not Applicable,Not Applicable,Not Applicable,273,Not Applicable,0,,
2024-07-10 10:49:00,CNR6742274379,Success,CID831834,Prime Plus,Whitefield,Tumkur Road,147.0,50.0,Not Applicable,Not Applicable,No,Not Applicable,309,Cash,16,3.3,5.0
2024-07-23 00:15:00,CNR7368512810,Success,CID341729,eBike,Chickpet,Magadi Road,119.0,25.0,Not Applicable,Not Applicable,No,Not Applicable,280,UPI,31,4.5,4.0
2024-07-23 03:56:00,CNR6380645207,Driver Not Found,CID284771,Prime Sedan,Frazer Town,Mysore Road,,,Not Applicable,Not Applicable,Not Applicable,Not Applicable,309,Not Applicable,0,,
2024-07-03 16:43:00,CNR3083998910,Canceled by Driver,CID554167,eBike,Whitefield,Hulimavu,,,Not Applicable,Personal & Car related issue,Not Applicable,Not Applicable,902,Not Applicable,0,,
2024-07-20 21:53:00,CNR3331251852,Success,CID661785,Prime Plus,Sarjapur Road,Malleshwaram,91.0,60.0,Not Applicable,Not Applicable,No,Not Applicable,424,UPI,16,4.3,4.2
2024-07-14 11:22:00,CNR2054784215,Success,CID542321,eBike,Kammanahalli,Chickpet,56.0,115.0,Not Applicable,Not Applicable,No,Not Applicable,2493,Cash,12,3.2,4.0
2024-07-20 18:55:00,CNR8390498501,Success,CID461338,Prime Plus,Sahakar Nagar,Hosur Road,105.0,50.0,Not Applicable,Not Applicable,No,Not Applicable,177,UPI,31,4.0,4.5
2024-07-26 19:28:00,CNR2652720492,Success,CID779201,Mini,Sahakar Nagar,Rajajinagar,126.0,30.0,Not Applicable,Not Applicable,No,Not Applicable,324,Cash,2,4.6,3.0
2024-07-11 16:59:00,CNR2525152789,Success,CID319987,Auto,Whitefield,Majestic,77.0,25.0,Not Applicable,Not Applicable,No,Not Applicable,383,Cash,6,3.9,3.5
2024-07-13 05:44:00,CNR8986765193,Canceled by Driver,CID524589,Prime Plus,Yelahanka,Sahakar Nagar,,,Not Applicable,Personal & Car related issue,Not Applicable,Not Applicable,347,Not Applicable,0,,
2024-07-02 23:52:00,CNR4297321995,Success,CID572473,Prime SUV,Basavanagudi,Banashankari,77.0,80.0,Not Applicable,Not Applicable,No,Not Applicable,136,UPI,31,5.0,4.2
2024-07-04 01:03:00,CNR4751328226,Success,CID423791,Prime SUV,Yelahanka,Rajarajeshwari Nagar,287.0,110.0,Not Applicable,Not Applicable,No,Not Applicable,188,Cash,48,3.0,4.9
2024-07-29 21:17:00,CNR2975263835,Success,CID588715,Prime SUV,Magadi Road,Rajajinagar,301.0,105.0,Not Applicable,Not Applicable,No,Not Applicable,353,UPI,27,3.7,5.0
2024-07-06 20:31:00,CNR4633983236,Success,CID184605,Prime Plus,Tumkur Road,Indiranagar,196.0,105.0,Not Applicable,Not Applicable,No,Not Applicable,183,UPI,36,3.6,4.7
2024-07-03 00:48:00,CNR3841869871,Canceled by Driver,CID544105,Prime SUV,Electronic City,Whitefield,,,Not Applicable,Customer related issue,Not Applicable,Not Applicable,1190,Not Applicable,0,,
2024-07-08 03:40:00,CNR5714295780,Canceled by Customer,CID919460,Prime Sedan,Mysore Road,Majestic,,,Change of plans,Not Applicable,Not Applicable,Not Applicable,237,Not Applicable,0,,
2024-07-25 21:15:00,CNR9199568735,Success,CID569623,Mini,Vijayanagar,Vijayanagar,42.0,95.0,Not Applicable,Not Applicable,No,Not Applicable,349,Cash,24,3.7,4.2
2024-07-11 21:28:00,CNR2289517193,Success,CID999364,Auto,Kadugodi,Langford Town,196.0,25.0,Not Applicable,Not Applicable,No,Not Applicable,130,Cash,13,3.9,4.2
2024-07-27 12:03:00,CNR2226933512,Driver Not Found,CID503292,Mini,Bellandur,Langford Town,,,Not Applicable,Not Applicable,Not Applicable,Not Applicable,101,Not Applicable,0,,
2024-07-15 16:48:00,CNR4543520660,Canceled by Driver,CID106043,eBike,Frazer Town,Peenya,,,Not Applicable,Personal & Car related issue,Not Applicable,Not Applicable,269,Not Applicable,0,,
2024-07-21 10:54:00,CNR1826583633,Driver Not Found,CID739982,Prime Plus,Mysore Road,Devanahalli,,,Not Applicable,Not Applicable,Not Applicable,Not Applicable,469,Not Applicable,0,,
2024-07-03 16:49:00,CNR1723321451,Success,CID954181,Mini,Hosur Road,Hennur,98.0,50.0,Not Applicable,Not Applicable,No,Not Applicable,2007,Cash,37,4.3,3.4
2024-07-28 11:22:00,CNR6311085087,Canceled by Customer,CID707829,eBike,Marathahalli,Peenya,,,Driver is not moving towards pickup location,Not Applicable,Not Applicable,Not Applicable,379,Not Applicable,0,,
2024-07-13 17:32:00,CNR4793722136,Success,CID304697,Prime SUV,Majestic,Rajarajeshwari Nagar,259.0,95.0,Not Applicable,Not Applicable,No,Not Applicable,433,UPI,21,3.3,4.4
2024-07-30 08:16:00,CNR3055416169,Success,CID853937,eBike,MG Road,Sarjapur Road,105.0,80.0,Not Applicable,Not Applicable,No,Not Applicable,331,UPI,1,4.3,3.4
2024-07-02 11:37:00,CNR1926783084,Success,CID193429,Mini,Shantinagar,KR Puram,161.0,110.0,Not Applicable,Not Applicable,No,Not Applicable,247,UPI,21,3.0,3.7
2024-07-18 18:03:00,CNR9479305599,Success,CID956776,Prime SUV,Chickpet,Rajajinagar,210.0,125.0,Not Applicable,Not Applicable,No,Not Applicable,2834,Cash,37,5.0,4.0
2024-07-26 17:18:00,CNR3803736354,Success,CID750617,eBike,Kammanahalli,Tumkur Road,140.0,25.0,Not Applicable,Not Applicable,No,Not Applicable,1772,Cash,1,4.1,3.5
2024-07-11 01:08:00,CNR8536503822,Canceled by Customer,CID572212,Prime Sedan,Electronic City,Sahakar Nagar,,,Change of plans,Not Applicable,Not Applicable,Not Applicable,408,Not Applicable,0,,
2024-07-18 18:45:00,CNR3952866923,Success,CID936287,Prime Plus,Langford Town,Shivajinagar,252.0,30.0,Not Applicable,Not Applicable,No,Not Applicable,220,UPI,15,3.8,3.5
2024-07-09 03:06:00,CNR5899691738,Driver Not Found,CID542700,Auto,Yelahanka,Padmanabhanagar,,,Not Applicable,Not Applicable,Not Applicable,Not Applicable,980,Not Applicable,0,,
2024-07-18 14:48:00,CNR2699900753,Canceled by Driver,CID220290,Prime Plus,Devanahalli,Ramamurthy Nagar,,,Not Applicable,Personal & Car related issue,Not Applicable,Not Applicable,622,Not Applicable,0,,
2024-07-24 18:05:00,CNR6392113623,Success,CID910407,Bike,Magadi Road,Sahakar Nagar,224.0,145.0,Not Applicable,Not Applicable,No,Not Applicable,350,Cash,10,4.8,3.7
2024-07-02 06:22:00,CNR8553316555,Canceled by Customer,CID526784,Bike,RT Nagar,Sahakar Nagar,,,Driver asked to cancel,Not Applicable,Not Applicable,Not Applicable,449,Not Applicable,0,,
2024-07-15 09:18:00,CNR5531389912,Canceled by Driver,CID583218,Bike,Varthur,BTM Layout,,,Not Applicable,Personal & Car related issue,Not Applicable,Not Applicable,138,Not Applicable,0,,
2024-07-05 03:08:00,CNR1301594081,Success,CID543659,Prime Plus,Frazer Town,Shivajinagar,245.0,145.0,Not Applicable,Not Applicable,No,Not Applicable,379,Cash,4,4.7,3.1
2024-07-17 10:53:00,CNR5630332851,Success,CID824976,eBike,Padmanabhanagar,Mysore Road,112.0,125.0,Not Applicable,Not Applicable,No,Not Applicable,147,Cash,45,4.0,3.3
2024-07-04 20:05:00,CNR8092050191,Driver Not Found,CID755477,Prime Sedan,Kammanahalli,Malleshwaram,,,Not Applicable,Not Applicable,Not Applicable,Not Applicable,305,Not Applicable,0,,
2024-07-05 21:16:00,CNR3974276438,Success,CID988592,Mini,Hosur Road,Hosur Road,175.0,70.0,Not Applicable,Not Applicable,No,Not Applicable,516,UPI,1,4.9,3.7
2024-07-08 10:00:00,CNR6964270799,Canceled by Customer,CID427191,Mini,Cox Town,Hebbal,,,Change of plans,Not Applicable,Not Applicable,Not Applicable,216,Not Applicable,0,,
2024-07-17 21:58:00,CNR1593016580,Driver Not Found,CID109788,Mini,Jayanagar,Devanahalli,,,Not Applicable,Not Applicable,Not Applicable,Not Applicable,499,Not Applicable,0,,
2024-07-21 20:14:00,CNR5648548984,Canceled by Driver,CID629954,Prime Plus,JP Nagar,Rajajinagar,,,Not Applicable,Customer related issue,Not Applicable,Not Applicable,716,Not Applicable,0,,
2024-07-13 22:06:00,CNR4262935714,Canceled by Driver,CID828893,Mini,Ulsoor,Yelahanka,,,Not Applicable,More than permitted people in there,Not Applicable,Not Applicable,275,Not Applicable,0,,
2024-07-12 04:44:00,CNR2808072847,Success,CID891138,Prime Sedan,KR Puram,Rajajinagar,105.0,100.0,Not Applicable,Not Applicable,No,Not Applicable,561,Cash,25,4.2,3.1
2024-07-29 21:38:00,CNR9590765779,Success,CID930213,Prime Sedan,Indiranagar,Ramamurthy Nagar,161.0,95.0,Not Applicable,Not Applicable,No,Not Applicable,533,Cash,45,3.1,3.9
2024-07-14 13:25:00,CNR9196198549,Success,CID236339,Prime SUV,Tumkur Road,Devanahalli,70.0,95.0,Not Applicable,Not Applicable,No,Not Applicable,115,Cash,44,3.7,4.9
2024-07-08 20:41:00,CNR2437550800,Success,CID709606,Mini,Hulimavu,Indiranagar,210.0,80.0,Not Applicable,Not Applicable,No,Not Applicable,158,Cash,35,3.9,4.0
2024-07-16 04:11:00,CNR1565277174,Success,CID808998,Prime Sedan,Nagarbhavi,HSR Layout,231.0,70.0,Not Applicable,Not Applicable,No,Not Applicable,470,Cash,36,4.9,3.8
2024-07-27 15:23:00,CNR6748696468,Success,CID830199,Prime Plus,Langford Town,Peenya,287.0,25.0,Not Applicable,Not Applicable,No,Not Applicable,278,Cash,8,3.9,3.4
2024-07-15 11:12:00,CNR2257508507,Canceled by Driver,CID203391,Bike,Electronic City,RT Nagar,,,Not Applicable,More than permitted people in there,Not Applicable,Not Applicable,195,Not Applicable,0,,
2024-07-28 19:16:00,CNR7330356004,Driver Not Found,CID294753,Auto,Majestic,Richmond Town,,,Not Applicable,Not Applicable,Not Applicable,Not Applicable,309,Not Applicable,0,,
2024-07-16 09:48:00,CNR1117074310,Driver Not Found,CID973863,eBike,Rajajinagar,Frazer Town,,,Not Applicable,Not Applicable,Not Applicable,Not Applicable,339,Not Applicable,0,,
2024-07-15 08:19:00,CNR8999704869,Success,CID446460,eBike,Bellandur,Banashankari,259.0,30.0,Not Applicable,Not Applicable,No,Not Applicable,330,Cash,5,3.9,3.0
2024-07-30 20:43:00,CNR8566393012,Success,CID399180,Prime Plus,Hennur,Sahakar Nagar,168.0,125.0,Not Applicable,Not Applicable,No,Not Applicable,2224,Cash,9,4.6,3.2
2024-07-13 03:32:00,CNR3889659772,Success,CID608015,Bike,Majestic,Hennur,266.0,75.0,Not Applicable,Not Applicable,No,Not Applicable,618,UPI,26,3.5,3.5
2024-07-06 05:00:00,CNR4546696130,Success,CID560448,Mini,Chamarajpet,JP Nagar,224.0,60.0,Not Applicable,Not Applicable,No,Not Applicable,456,Credit Card,45,4.4,3.6
2024-07-17 01:36:00,CNR6681360229,Success,CID201983,Prime Sedan,Yelahanka,RT Nagar,133.0,105.0,Not Applicable,Not Applicable,No,Not Applicable,131,Cash,6,3.2,4.7
2024-07-12 01:28:00,CNR9458524942,Success,CID483340,Mini,Marathahalli,Richmond Town,161.0,115.0,Not Applicable,Not Applicable,Yes,Customer Demand,1097,UPI,42,3.0,4.1
2024-07-05 12:29:00,CNR9488105816,Canceled by Driver,CID630444,Prime Sedan,Rajajinagar,Nagarbhavi,,,Not Applicable,More than permitted people in there,Not Applicable,Not Applicable,102,Not Applicable,0,,
2024-07-15 21:39:00,CNR5306234000,Canceled by Customer,CID198164,Prime SUV,HSR Layout,Malleshwaram,,,Driver asked to cancel,Not Applicable,Not Applicable,Not Applicable,312,Not Applicable,0,,
2024-07-28 03:37:00,CNR7066271533,Canceled by Customer,CID487768,Auto,Indiranagar,Malleshwaram,,,Driver asked to cancel,Not Applicable,Not Applicable,Not Applicable,2063,Not Applicable,0,,
2024-07-13 14:11:00,CNR5068313096,Success,CID859966,Auto,Peenya,Chickpet,147.0,55.0,Not Applicable,Not Applicable,No,Not Applicable,268,UPI,12,4.7,4.5
2024-07-20 03:41:00,CNR7594527845,Success,CID246207,Prime SUV,Kengeri,Bellandur,105.0,140.0,Not Applicable,Not Applicable,No,Not Applicable,2150,Credit Card,14,3.6,4.1
2024-07-22 20:05:00,CNR8423193517,Canceled by Driver,CID871604,Auto,Hulimavu,Sahakar Nagar,,,Not Applicable,More than permitted people in there,Not Applicable,Not Applicable,171,Not Applicable,0,,
2024-07-29 11:36:00,CNR4168346374,Success,CID759736,Mini,Mysore Road,Hebbal,49.0,40.0,Not Applicable,Not Applicable,No,Not Applicable,316,UPI,36,4.8,3.5
2024-07-21 22:06:00,CNR1618209384,Canceled by Driver,CID501802,Prime Plus,Cox Town,Chickpet,,,Not Applicable,Customer related issue,Not Applicable,Not Applicable,241,Not Applicable,0,,
2024-07-07 13:59:00,CNR6718948978,Success,CID639177,Bike,Marathahalli,Hosur Road,98.0,30.0,Not Applicable,Not Applicable,No,Not Applicable,909,Cash,14,4.0,3.6
2024-07-21 03:34:00,CNR6693335952,Success,CID230098,Mini,Chickpet,Padmanabhanagar,252.0,55.0,Not Applicable,Not Applicable,No,Not Applicable,352,UPI,37,4.0,4.0
2024-07-17 12:04:00,CNR7507917392,Canceled by Driver,CID869096,Mini,Marathahalli,Chickpet,,,Not Applicable,Customer related issue,Not Applicable,Not Applicable,269,Not Applicable,0,,
2024-07-12 03:09:00,CNR1237521591,Canceled by Customer,CID539246,Bike,Shivajinagar,Mysore Road,,,AC is Not working,Not Applicable,Not Applicable,Not Applicable,246,Not Applicable,0,,
2024-07-15 16:55:00,CNR2227319959,Success,CID444932,Prime SUV,Hulimavu,Basavanagudi,182.0,80.0,Not Applicable,Not Applicable,No,Not Applicable,472,UPI,25,4.3,4.8
2024-07-25 12:18:00,CNR9605875134,Canceled by Customer,CID768701,Prime Sedan,Bannerghatta Road,Sahakar Nagar,,,Change of plans,Not Applicable,Not Applicable,Not Applicable,339,Not Applicable,0,,
2024-07-19 22:22:00,CNR5501895923,Success,CID378708,Prime SUV,Peenya,Frazer Town,35.0,45.0,Not Applicable,Not Applicable,No,Not Applicable,399,UPI,16,4.8,4.2
2024-07-19 17:18:00,CNR8218668351,Success,CID185118,Prime Sedan,Kadugodi,Banashankari,119.0,100.0,Not Applicable,Not Applicable,No,Not Applicable,371,UPI,40,4.3,3.4
2024-07-21 16:32:00,CNR5892725859,Canceled by Customer,CID482831,Auto,Vijayanagar,Sahakar Nagar,,,AC is Not working,Not Applicable,Not Applicable,Not Applicable,495,Not Applicable,0,,
2024-07-02 21:39:00,CNR7584536346,Success,CID122100,Bike,Padmanabhanagar,Devanahalli,63.0,125.0,Not Applicable,Not Applicable,No,Not Applicable,1867,Cash,1,3.8,3.8
2024-07-09 05:10:00,CNR1436793970,Success,CID106505,Prime Plus,Yeshwanthpur,Magadi Road,147.0,55.0,Not Applicable,Not Applicable,No,Not Applicable,442,UPI,18,4.9,4.4
2024-07-04 00:24:00,CNR6918907189,Success,CID459927,Prime Sedan,Bannerghatta Road,Yeshwanthpur,231.0,70.0,Not Applicable,Not Applicable,No,Not Applicable,441,Cash,2,3.5,4.6
2024-07-17 22:48:00,CNR9888602257,Success,CID768329,Bike,Sahakar Nagar,Electronic City,259.0,75.0,Not Applicable,Not Applicable,No,Not Applicable,199,UPI,14,4.6,4.3
2024-07-22 08:37:00,CNR9422280559,Success,CID288577,Bike,Majestic,Kengeri,294.0,80.0,Not Applicable,Not Applicable,No,Not Applicable,865,Cash,11,3.9,4.9
2024-07-16 05:19:00,CNR2067296825,Success,CID153162,Prime Plus,Banashankari,Vijayanagar,196.0,25.0,Not Applicable,Not Applicable,No,Not Applicable,202,Cash,23,4.1,4.3
2024-07-29 09:10:00,CNR4017392765,Success,CID349140,Mini,Jayanagar,HSR Layout,84.0,40.0,Not Applicable,Not Applicable,No,Not Applicable,539,UPI,46,4.4,4.1
2024-07-10 20:17:00,CNR5414643295,Success,CID604600,Prime Plus,Jayanagar,Devanahalli,182.0,105.0,Not Applicable,Not Applicable,No,Not Applicable,507,UPI,30,4.4,3.5
2024-07-09 12:52:00,CNR7211789097,Canceled by Driver,CID614794,Mini,Nagarbhavi,Banashankari,,,Not Applicable,Customer related issue,Not Applicable,Not Applicable,117,Not Applicable,0,,
2024-07-11 13:47:00,CNR5769339442,Driver Not Found,CID405592,Prime Sedan,MG Road,Majestic,,,Not Applicable,Not Applicable,Not Applicable,Not Applicable,1376,Not Applicable,0,,
2024-07-20 19:55:00,CNR3186976349,Success,CID563522,Bike,Devanahalli,BTM Layout,189.0,130.0,Not Applicable,Not Applicable,No,Not Applicable,227,Cash,45,4.0,3.4
2024-07-13 10:21:00,CNR7949511271,Success,CID598296,Prime Plus,Majestic,Hennur,119.0,135.0,Not Applicable,Not Applicable,No,Not Applicable,239,UPI,41,3.2,4.8
2024-07-29 01:30:00,CNR5652476217,Canceled by Driver,CID377288,Auto,Basavanagudi,Langford Town,,,Not Applicable,Customer was coughing/sick,Not Applicable,Not Applicable,987,Not Applicable,0,,
2024-07-01 01:12:00,CNR3946841728,Success,CID979652,Mini,Koramangala,HSR Layout,147.0,25.0,Not Applicable,Not Applicable,Yes,Vehicle Breakdown,281,Cash,8,5.0,3.7
2024-07-01 05:58:00,CNR1473990801,Success,CID590661,Prime Plus,Kengeri,Hosur Road,56.0,95.0,Not Applicable,Not Applicable,No,Not Applicable,772,Cash,13,4.9,3.8
2024-07-12 13:26:00,CNR3442141230,Canceled by Customer,CID690396,eBike,JP Nagar,Marathahalli,,,Wrong Address,Not Applicable,Not Applicable,Not Applicable,770,Not Applicable,0,,
2024-07-08 00:00:00,CNR6941054266,Success,CID201625,Mini,Malleshwaram,Basavanagudi,154.0,65.0,Not Applicable,Not Applicable,No,Not Applicable,468,Cash,32,4.9,3.5
2024-07-15 21:56:00,CNR3037684582,Success,CID603582,Auto,Indiranagar,Nagarbhavi,217.0,105.0,Not Applicable,Not Applicable,No,Not Applicable,445,UPI,6,3.6,3.5
2024-07-15 02:05:00,CNR3976901607,Success,CID874658,Prime SUV,Banashankari,Shivajinagar,231.0,90.0,Not Applicable,Not Applicable,No,Not Applicable,987,Cash,46,4.7,4.5
2024-07-03 23:11:00,CNR2050577508,Canceled by Customer,CID114494,eBike,Kengeri,JP Nagar,,,AC is Not working,Not Applicable,Not Applicable,Not Applicable,986,Not Applicable,0,,
2024-07-20 21:09:00,CNR7946591322,Success,CID741177,eBike,Hosur Road,HSR Layout,154.0,50.0,Not Applicable,Not Applicable,No,Not Applicable,337,UPI,28,3.5,4.1
2024-07-10 23:14:00,CNR3452265454,Driver Not Found,CID943292,Prime SUV,Basavanagudi,Yeshwanthpur,,,Not Applicable,Not Applicable,Not Applicable,Not Applicable,760,Not Applicable,0,,
2024-07-08 14:14:00,CNR5479528832,Success,CID824671,Prime Sedan,Ulsoor,MG Road,273.0,85.0,Not Applicable,Not Applicable,No,Not Applicable,374,UPI,42,4.1,3.4
2024-07-04 12:41:00,CNR7925211446,Success,CID141995,Bike,Koramangala,Chickpet,140.0,140.0,Not Applicable,Not Applicable,No,Not Applicable,392,Cash,38,3.2,3.5
2024-07-14 20:05:00,CNR5113562773,Canceled by Customer,CID999938,Auto,Koramangala,Kengeri,,,Driver is not moving towards pickup location,Not Applicable,Not Applicable,Not Applicable,235,Not Applicable,0,,
2024-07-15 22:25:00,CNR7580068232,Canceled by Driver,CID394774,eBike,Ramamurthy Nagar,MG Road,,,Not Applicable,More than permitted people in there,Not Applicable,Not Applicable,727,Not Applicable,0,,
2024-07-15 10:55:00,CNR9451654863,Success,CID784015,Auto,Marathahalli,Langford Town,280.0,110.0,Not Applicable,Not Applicable,No,Not Applicable,396,Cash,17,3.0,4.6
2024-07-12 19:10:00,CNR7469264775,Driver Not Found,CID561853,eBike,Bellandur,Banashankari,,,Not Applicable,Not Applicable,Not Applicable,Not Applicable,396,Not Applicable,0,,
2024-07-05 14:29:00,CNR5038683942,Success,CID618174,eBike,JP Nagar,Devanahalli,203.0,140.0,Not Applicable,Not Applicable,No,Not Applicable,183,Cash,43,4.2,4.8
2024-07-05 21:25:00,CNR9908276042,Success,CID333569,Mini,Kengeri,Kengeri,133.0,105.0,Not Applicable,Not Applicable,No,Not Applicable,439,Cash,24,3.4,3.6
2024-07-14 01:40:00,CNR8451258631,Driver Not Found,CID824810,Prime Plus,Frazer Town,Peenya,,,Not Applicable,Not Applicable,Not Applicable,Not Applicable,277,Not Applicable,0,,
2024-07-06 23:40:00,CNR2893782522,Success,CID145410,Bike,JP Nagar,Indiranagar,70.0,40.0,Not Applicable,Not Applicable,No,Not Applicable,341,UPI,14,3.1,4.2
2024-07-04 16:33:00,CNR8860604533,Success,CID251956,Prime SUV,Indiranagar,Basavanagudi,266.0,75.0,Not Applicable,Not Applicable,No,Not Applicable,195,Cash,40,3.5,4.4
2024-07-21 03:38:00,CNR9486530421,Success,CID484485,Auto,Bannerghatta Road,Bannerghatta Road,189.0,35.0,Not Applicable,Not Applicable,No,Not Applicable,250,Cash,4,4.7,3.0
2024-07-19 13:51:00,CNR6685934792,Success,CID976433,Bike,Basavanagudi,Whitefield,308.0,95.0,Not Applicable,Not Applicable,No,Not Applicable,152,Cash,19,5.0,4.8
2024-07-10 00:47:00,CNR3616625958,Canceled by Driver,CID911539,eBike,BTM Layout,JP Nagar,,,Not Applicable,Customer related issue,Not Applicable,Not Applicable,885,Not Applicable,0,,
2024-07-02 21:15:00,CNR5115710324,Success,CID628143,Prime Plus,Rajajinagar,BTM Layout,56.0,35.0,Not Applicable,Not Applicable,No,Not Applicable,678,Cash,36,4.8,3.7
2024-07-21 00:26:00,CNR5165786947,Success,CID244295,eBike,Kengeri,Rajajinagar,301.0,110.0,Not Applicable,Not Applicable,No,Not Applicable,946,UPI,12,4.5,4.5
2024-07-29 08:07:00,CNR1656613697,Success,CID702358,Prime SUV,Langford Town,Majestic,182.0,65.0,Not Applicable,Not Applicable,No,Not Applicable,308,Cash,16,4.8,4.3
2024-07-08 11:06:00,CNR4679829953,Success,CID474099,Prime Plus,Vijayanagar,Whitefield,77.0,135.0,Not Applicable,Not Applicable,No,Not Applicable,815,Cash,4,3.7,4.3
2024-07-13 20:47:00,CNR4909412078,Success,CID501473,Auto,Chamarajpet,Langford Town,63.0,50.0,Not Applicable,Not Applicable,Yes,Vehicle Breakdown,220,Cash,16,4.0,4.4
2024-07-26 14:49:00,CNR5449270401,Canceled by Customer,CID307735,eBike,Mysore Road,Tumkur Road,,,Driver asked to cancel,Not Applicable,Not Applicable,Not Applicable,372,Not Applicable,0,,
2024-07-29 11:27:00,CNR2432279643,Success,CID749332,Prime Plus,Tumkur Road,Rajarajeshwari Nagar,70.0,100.0,Not Applicable,Not Applicable,No,Not Applicable,456,Cash,14,4.1,4.9
2024-07-07 02:30:00,CNR9878070043,Success,CID131253,Bike,Padmanabhanagar,KR Puram,84.0,30.0,Not Applicable,Not Applicable,No,Not Applicable,428,UPI,47,3.9,4.3
2024-07-04 17:35:00,CNR5666232776,Success,CID638040,Prime Plus,RT Nagar,KR Puram,98.0,130.0,Not Applicable,Not Applicable,No,Not Applicable,1001,Cash,7,4.5,3.5
2024-07-21 18:51:00,CNR7599454485,Success,CID930612,Auto,RT Nagar,Bellandur,308.0,45.0,Not Applicable,Not Applicable,Yes,Vehicle Breakdown,190,Cash,12,3.9,4.0
2024-07-08 19:05:00,CNR7123760777,Driver Not Found,CID515858,Mini,HSR Layout,Varthur,,,Not Applicable,Not Applicable,Not Applicable,Not Applicable,401,Not Applicable,0,,
2024-07-13 01:17:00,CNR6092077836,Canceled by Customer,CID482944,Bike,Shivajinagar,Chamarajpet,,,AC is Not working,Not Applicable,Not Applicable,Not Applicable,2106,Not Applicable,0,,
2024-07-14 06:42:00,CNR3361782565,Canceled by Customer,CID909485,Prime Sedan,Koramangala,Chamarajpet,,,Driver is not moving towards pickup location,Not Applicable,Not Applicable,Not Applicable,748,Not Applicable,0,,
2024-07-26 07:48:00,CNR8922036956,Success,CID460104,eBike,Yelahanka,Frazer Town,161.0,125.0,Not Applicable,Not Applicable,No,Not Applicable,295,Cash,34,3.6,3.2
2024-07-17 12:46:00,CNR1145951038,Canceled by Driver,CID413332,Auto,Padmanabhanagar,RT Nagar,,,Not Applicable,Customer related issue,Not Applicable,Not Applicable,857,Not Applicable,0,,
2024-07-10 23:29:00,CNR6764034854,Success,CID444298,Mini,Bellandur,Shivajinagar,224.0,45.0,Not Applicable,Not Applicable,No,Not Applicable,180,UPI,5,3.5,3.3
2024-07-17 00:26:00,CNR7202277823,Success,CID753809,Mini,Cox Town,Tumkur Road,182.0,65.0,Not Applicable,Not Applicable,No,Not Applicable,169,Cash,44,4.7,4.8
2024-07-30 00:02:00,CNR9691356653,Driver Not Found,CID246672,Mini,Mysore Road,Koramangala,,,Not Applicable,Not Applicable,Not Applicable,Not Applicable,311,Not Applicable,0,,
2024-07-13 02:52:00,CNR1756961461,Driver Not Found,CID581713,Mini,Rajajinagar,Ramamurthy Nagar,,,Not Applicable,Not Applicable,Not Applicable,Not Applicable,191,Not Applicable,0,,
2024-07-23 06:40:00,CNR3999010691,Canceled by Customer,CID331035,Prime Sedan,Sarjapur Road,Kengeri,,,Driver asked to cancel,Not Applicable,Not Applicable,Not Applicable,323,Not Applicable,0,,
2024-07-19 18:11:00,CNR8778554146,Success,CID996256,Prime Sedan,Marathahalli,Nagarbhavi,140.0,85.0,Not Applicable,Not Applicable,No,Not Applicable,102,Cash,39,3.8,3.4
2024-07-23 20:19:00,CNR9940463278,Success,CID465585,Auto,Majestic,Marathahalli,189.0,70.0,Not Applicable,Not Applicable,No,Not Applicable,442,Cash,7,4.2,4.2
2024-07-23 00:27:00,CNR9490084964,Success,CID868258,Bike,Kengeri,Vijayanagar,77.0,45.0,Not Applicable,Not Applicable,No,Not Applicable,616,Cash,10,4.8,3.7
2024-07-10 02:39:00,CNR7747159866,Success,CID555998,Auto,RT Nagar,Sahakar Nagar,84.0,130.0,Not Applicable,Not Applicable,No,Not Applicable,300,UPI,18,3.1,3.2
2024-07-19 15:43:00,CNR3951382323,Driver Not Found,CID285377,Mini,Langford Town,Sarjapur Road,,,Not Applicable,Not Applicable,Not Applicable,Not Applicable,151,Not Applicable,0,,
2024-07-22 09:12:00,CNR3605982229,Canceled by Customer,CID366873,Auto,Sarjapur Road,Hulimavu,,,Driver is not moving towards pickup location,Not Applicable,Not Applicable,Not Applicable,102,Not Applicable,0,,
2024-07-01 20:01:00,CNR9700066694,Success,CID143105,Prime Plus,Ramamurthy Nagar,Sahakar Nagar,231.0,120.0,Not Applicable,Not Applicable,No,Not Applicable,375,Cash,6,4.2,4.7
2024-07-27 07:06:00,CNR8629555062,Canceled by Driver,CID415008,Auto,Koramangala,Hulimavu,,,Not Applicable,Personal & Car related issue,Not Applicable,Not Applicable,464,Not Applicable,0,,
2024-07-10 18:14:00,CNR3072958716,Canceled by Driver,CID737987,Prime Plus,Kadugodi,Ramamurthy Nagar,,,Not Applicable,More than permitted people in there,Not Applicable,Not Applicable,1638,Not Applicable,0,,
2024-07-24 08:11:00,CNR5831411020,Canceled by Driver,CID686406,Mini,Hosur Road,Kadugodi,,,Not Applicable,Customer was coughing/sick,Not Applicable,Not Applicable,114,Not Applicable,0,,
2024-07-22 09:24:00,CNR9477841903,Success,CID410141,eBike,Langford Town,Rajajinagar,203.0,70.0,Not Applicable,Not Applicable,No,Not Applicable,266,Cash,45,3.4,4.5
2024-07-02 13:28:00,CNR2422392303,Success,CID431067,eBike,BTM Layout,Sarjapur Road,126.0,135.0,Not Applicable,Not Applicable,No,Not Applicable,365,UPI,37,3.7,3.5
2024-07-04 19:52:00,CNR9441305742,Canceled by Customer,CID256504,Prime Sedan,Bellandur,Kammanahalli,,,Driver is not moving towards pickup location,Not Applicable,Not Applicable,Not Applicable,631,Not Applicable,0,,
2024-07-25 18:18:00,CNR2410417779,Success,CID985345,Auto,KR Puram,Yeshwanthpur,147.0,100.0,Not Applicable,Not Applicable,No,Not Applicable,748,Cash,14,3.8,4.6
2024-07-02 09:16:00,CNR9907083088,Canceled by Driver,CID770343,Auto,Kengeri,Hennur,,,Not Applicable,Customer related issue,Not Applicable,Not Applicable,377,Not Applicable,0,,
2024-07-27 08:18:00,CNR9889148031,Success,CID239520,Bike,Basavanagudi,Vijayanagar,259.0,110.0,Not Applicable,Not Applicable,No,Not Applicable,130,UPI,27,4.2,4.3
2024-07-29 08:20:00,CNR9370905566,Canceled by Driver,CID312423,Bike,Banashankari,Mysore Road,,,Not Applicable,More than permitted people in there,Not Applicable,Not Applicable,283,Not Applicable,0,,
2024-07-15 10:36:00,CNR5418367951,Canceled by Driver,CID529979,Auto,Indiranagar,Marathahalli,,,Not Applicable,Personal & Car related issue,Not Applicable,Not Applicable,306,Not Applicable,0,,
2024-07-08 06:52:00,CNR1300938902,Success,CID554969,eBike,Hebbal,HSR Layout,196.0,115.0,Not Applicable,Not Applicable,No,Not Applicable,430,UPI,10,3.9,3.9
2024-07-15 09:15:00,CNR7584058160,Success,CID723911,Prime Plus,Ramamurthy Nagar,Marathahalli,70.0,45.0,Not Applicable,Not Applicable,No,Not Applicable,314,Cash,33,3.5,3.4
2024-07-26 14:57:00,CNR8892769777,Success,CID183232,Prime SUV,Tumkur Road,Sarjapur Road,119.0,40.0,Not Applicable,Not Applicable,No,Not Applicable,175,Cash,17,4.1,3.5
2024-07-17 07:55:00,CNR7724504753,Success,CID428220,Prime SUV,Bannerghatta Road,Rajajinagar,231.0,130.0,Not Applicable,Not Applicable,No,Not Applicable,619,UPI,39,3.9,4.0
2024-07-22 03:45:00,CNR2856080822,Canceled by Driver,CID533841,Prime Sedan,Yelahanka,Ulsoor,,,Not Applicable,Customer related issue,Not Applicable,Not Applicable,143,Not Applicable,0,,
2024-07-29 19:10:00,CNR7011969602,Driver Not Found,CID998793,Mini,Koramangala,Bellandur,,,Not Applicable,Not Applicable,Not Applicable,Not Applicable,125,Not Applicable,0,,
2024-07-10 09:17:00,CNR4236577087,Driver Not Found,CID584819,Prime SUV,HSR Layout,Yelahanka,,,Not Applicable,Not Applicable,Not Applicable,Not Applicable,312,Not Applicable,0,,
2024-07-25 20:24:00,CNR7072173591,Success,CID125882,eBike,Vijayanagar,Vijayanagar,301.0,90.0,Not Applicable,Not Applicable,No,Not Applicable,305,Cash,25,3.9,4.4
2024-07-08 15:47:00,CNR4449672502,Success,CID196081,Auto,Cox Town,Koramangala,182.0,140.0,Not Applicable,Not Applicable,No,Not Applicable,447,UPI,11,3.8,4.1
2024-07-18 03:18:00,CNR8769930051,Success,CID379358,eBike,Vijayanagar,Electronic City,252.0,45.0,Not Applicable,Not Applicable,No,Not Applicable,1063,Cash,32,4.3,3.9
2024-07-29 11:47:00,CNR1514908311,Canceled by Customer,CID781396,Auto,Marathahalli,Hebbal,,,Driver is not moving towards pickup location,Not Applicable,Not Applicable,Not Applicable,617,Not Applicable,0,,
2024-07-09 05:48:00,CNR2823430547,Success,CID806512,Prime SUV,Magadi Road,Whitefield,154.0,130.0,Not Applicable,Not Applicable,No,Not Applicable,875,UPI,2,3.1,4.1
2024-07-30 15:31:00,CNR5909569845,Success,CID711958,Auto,Vijayanagar,Indiranagar,252.0,90.0,Not Applicable,Not Applicable,No,Not Applicable,192,Cash,1,3.7,3.6
2024-07-22 19:40:00,CNR8493628525,Canceled by Driver,CID407040,Bike,Ramamurthy Nagar,Cox Town,,,Not Applicable,Customer related issue,Not Applicable,Not Applicable,355,Not Applicable,0,,
2024-07-22 06:02:00,CNR1465987501,Success,CID530416,Prime Sedan,Nagarbhavi,Ramamurthy Nagar,35.0,90.0,Not Applicable,Not Applicable,No,Not Applicable,393,Cash,13,3.9,3.9
2024-07-08 17:08:00,CNR6426135375,Success,CID864005,Mini,Magadi Road,Banashankari,119.0,25.0,Not Applicable,Not Applicable,No,Not Applicable,287,Cash,41,4.9,3.0
2024-07-19 02:16:00,CNR9793863210,Success,CID194227,eBike,Majestic,Whitefield,196.0,135.0,Not Applicable,Not Applicable,No,Not Applicable,2731,Credit Card,35,4.1,4.1
2024-07-15 10:23:00,CNR3688826429,Success,CID439968,Prime SUV,Koramangala,Bellandur,42.0,40.0,Not Applicable,Not Applicable,No,Not Applicable,227,Cash,38,4.9,4.9
2024-07-01 01:01:00,CNR4613754567,Success,CID281345,Mini,Kadugodi,Kammanahalli,175.0,65.0,Not Applicable,Not Applicable,No,Not Applicable,403,Credit Card,40,4.4,3.7
2024-07-16 02:06:00,CNR6886881210,Success,CID472567,Bike,Ulsoor,Koramangala,266.0,85.0,Not Applicable,Not Applicable,No,Not Applicable,299,Cash,24,4.6,4.0
2024-07-09 07:02:00,CNR4860801235,Canceled by Customer,CID952723,eBike,Rajajinagar,HSR Layout,,,Change of plans,Not Applicable,Not Applicable,Not Applicable,479,Not Applicable,0,,
2024-07-01 02:07:00,CNR5485721652,Success,CID330184,Mini,Jayanagar,Varthur,35.0,100.0,Not Applicable,Not Applicable,Yes,Customer Demand,398,Cash,12,4.0,3.0
2024-07-02 21:50:00,CNR7961342012,Success,CID532229,Prime SUV,Bannerghatta Road,Electronic City,98.0,125.0,Not Applicable,Not Applicable,No,Not Applicable,632,Cash,36,4.5,4.4
2024-07-20 12:31:00,CNR8879670165,Driver Not Found,CID742939,Prime SUV,Kadugodi,Kengeri,,,Not Applicable,Not Applicable,Not Applicable,Not Applicable,352,Not Applicable,0,,
2024-07-26 04:26:00,CNR4546116194,Canceled by Customer,CID515344,eBike,Jayanagar,JP Nagar,,,Driver asked to cancel,Not Applicable,Not Applicable,Not Applicable,681,Not Applicable,0,,
2024-07-07 04:11:00,CNR8277987793,Driver Not Found,CID258990,Prime SUV,Bannerghatta Road,Shivajinagar,,,Not Applicable,Not Applicable,Not Applicable,Not Applicable,371,Not Applicable,0,,
2024-07-14 12:40:00,CNR5431987022,Success,CID437008,eBike,Jayanagar,Basavanagudi,252.0,60.0,Not Applicable,Not Applicable,No,Not Applicable,102,Cash,28,3.5,3.6
2024-07-29 00:38:00,CNR2539588958,Success,CID512147,Auto,Basavanagudi,Sahakar Nagar,259.0,25.0,Not Applicable,Not Applicable,No,Not Applicable,171,Cash,17,3.4,3.0
2024-07-13 13:11:00,CNR1364889870,Success,CID557654,Prime Plus,Yeshwanthpur,Varthur,168.0,105.0,Not Applicable,Not Applicable,No,Not Applicable,281,UPI,33,3.9,3.1
2024-07-30 05:04:00,CNR2748013709,Success,CID837095,Mini,Yeshwanthpur,Majestic,49.0,65.0,Not Applicable,Not Applicable,No,Not Applicable,410,UPI,46,4.0,4.0
2024-07-16 00:06:00,CNR9057611633,Success,CID683788,Bike,Magadi Road,Basavanagudi,154.0,140.0,Not Applicable,Not Applicable,No,Not Applicable,466,Cash,9,3.9,4.4
2024-07-03 17:10:00,CNR2073360365,Success,CID460789,Prime SUV,Jayanagar,Shantinagar,245.0,60.0,Not Applicable,Not Applicable,No,Not Applicable,422,UPI,20,3.1,4.3
2024-07-25 13:25:00,CNR6067552175,Canceled by Driver,CID894018,Bike,Chamarajpet,MG Road,,,Not Applicable,More than permitted people in there,Not Applicable,Not Applicable,115,Not Applicable,0,,
2024-07-15 06:35:00,CNR2021001139,Canceled by Driver,CID425005,eBike,Padmanabhanagar,Kammanahalli,,,Not Applicable,Customer was coughing/sick,Not Applicable,Not Applicable,2637,Not Applicable,0,,
2024-07-04 19:39:00,CNR9570243524,Canceled by Customer,CID139075,Auto,Varthur,Hulimavu,,,Driver is not moving towards pickup location,Not Applicable,Not Applicable,Not Applicable,144,Not Applicable,0,,
2024-07-07 13:28:00,CNR4292706251,Canceled by Customer,CID293931,eBike,BTM Layout,Nagarbhavi,,,Driver asked to cancel,Not Applicable,Not Applicable,Not Applicable,254,Not Applicable,0,,
2024-07-02 13:45:00,CNR2540327371,Canceled by Driver,CID991038,eBike,KR Puram,Magadi Road,,,Not Applicable,Personal & Car related issue,Not Applicable,Not Applicable,149,Not Applicable,0,,
2024-07-08 08:05:00,CNR5510810649,Driver Not Found,CID141981,eBike,Rajarajeshwari Nagar,Hebbal,,,Not Applicable,Not Applicable,Not Applicable,Not Applicable,760,Not Applicable,0,,
2024-07-17 10:22:00,CNR9485152614,Canceled by Customer,CID920612,Prime SUV,Yeshwanthpur,Whitefield,,,AC is Not working,Not Applicable,Not Applicable,Not Applicable,215,Not Applicable,0,,
2024-07-13 13:12:00,CNR8593343147,Success,CID871911,Prime Sedan,Richmond Town,Chickpet,196.0,40.0,Not Applicable,Not Applicable,No,Not Applicable,928,UPI,45,4.0,4.2
2024-07-11 07:55:00,CNR5351159354,Canceled by Driver,CID996721,Prime Sedan,Basavanagudi,Whitefield,,,Not Applicable,Customer was coughing/sick,Not Applicable,Not Applicable,128,Not Applicable,0,,
2024-07-02 14:54:00,CNR1158838586,Canceled by Driver,CID833096,Prime SUV,Jayanagar,Chamarajpet,,,Not Applicable,Customer related issue,Not Applicable,Not Applicable,160,Not Applicable,0,,
2024-07-13 05:01:00,CNR8603898311,Success,CID368568,Prime SUV,Whitefield,Padmanabhanagar,140.0,105.0,Not Applicable,Not Applicable,Yes,Customer Demand,791,UPI,14,4.0,4.2
2024-07-16 01:21:00,CNR4157606422,Canceled by Driver,CID961352,Prime Sedan,Devanahalli,Nagarbhavi,,,Not Applicable,Personal & Car related issue,Not Applicable,Not Applicable,368,Not Applicable,0,,
2024-07-09 02:55:00,CNR6670564176,Success,CID930259,eBike,KR Puram,KR Puram,140.0,80.0,Not Applicable,Not Applicable,No,Not Applicable,1481,Cash,47,3.3,4.1
2024-07-13 09:35:00,CNR1908644343,Success,CID240810,Auto,Hosur Road,Frazer Town,287.0,50.0,Not Applicable,Not Applicable,No,Not Applicable,211,Cash,13,4.9,4.5
2024-07-19 04:07:00,CNR4713603112,Success,CID788167,eBike,HSR Layout,Indiranagar,280.0,135.0,Not Applicable,Not Applicable,No,Not Applicable,914,UPI,43,4.0,3.8
2024-07-30 09:01:00,CNR9315630931,Canceled by Customer,CID183454,Prime Sedan,Yelahanka,HSR Layout,,,AC is Not working,Not Applicable,Not Applicable,Not Applicable,326,Not Applicable,0,,
2024-07-25 04:51:00,CNR7480757355,Success,CID807046,Prime SUV,Vijayanagar,Yelahanka,231.0,85.0,Not Applicable,Not Applicable,No,Not Applicable,861,UPI,8,3.4,4.9
2024-07-15 21:38:00,CNR8817710248,Success,CID351421,Mini,Indiranagar,Chickpet,91.0,85.0,Not Applicable,Not Applicable,No,Not Applicable,392,Cash,43,4.1,3.6
2024-07-08 19:00:00,CNR7874327628,Success,CID862285,Prime Sedan,MG Road,Frazer Town,168.0,35.0,Not Applicable,Not Applicable,No,Not Applicable,1411,Cash,27,3.2,3.3
2024-07-26 18:03:00,CNR3373671662,Success,CID750999,Bike,Bellandur,Rajarajeshwari Nagar,203.0,140.0,Not Applicable,Not Applicable,No,Not Applicable,465,UPI,17,3.1,4.2
2024-07-20 23:07:00,CNR1011688388,Success,CID725630,Prime Sedan,Whitefield,Devanahalli,70.0,85.0,Not Applicable,Not Applicable,No,Not Applicable,427,Cash,7,4.0,3.4
2024-07-29 22:17:00,CNR4056193735,Success,CID199280,Mini,Hebbal,Peenya,287.0,145.0,Not Applicable,Not Applicable,No,Not Applicable,129,Cash,6,3.1,3.7
2024-07-10 14:07:00,CNR3555571627,Success,CID758666,Mini,Padmanabhanagar,Bellandur,63.0,95.0,Not Applicable,Not Applicable,No,Not Applicable,975,Cash,49,4.7,3.5
2024-07-22 20:17:00,CNR4669457601,Canceled by Driver,CID247561,Auto,KR Puram,Mysore Road,,,Not Applicable,Customer related issue,Not Applicable,Not Applicable,230,Not Applicable,0,,
2024-07-14 12:22:00,CNR7475007535,Canceled by Customer,CID307378,eBike,Basavanagudi,Kengeri,,,Driver asked to cancel,Not Applicable,Not Applicable,Not Applicable,900,Not Applicable,0,,
2024-07-22 21:56:00,CNR8530164737,Success,CID476506,Auto,Magadi Road,Peenya,133.0,75.0,Not Applicable,Not Applicable,No,Not Applicable,914,UPI,15,4.2,3.4
2024-07-26 15:12:00,CNR6944962811,Success,CID274044,Prime Plus,Banashankari,Majestic,189.0,45.0,Not Applicable,Not Applicable,No,Not Applicable,559,UPI,16,4.6,4.6
2024-07-12 00:35:00,CNR5373034325,Success,CID390123,eBike,Kadugodi,Chamarajpet,35.0,50.0,Not Applicable,Not Applicable,No,Not Applicable,110,Cash,36,4.9,4.5
2024-07-10 21:06:00,CNR9461796981,Driver Not Found,CID535664,eBike,Rajarajeshwari Nagar,Shantinagar,,,Not Applicable,Not Applicable,Not Applicable,Not Applicable,497,Not Applicable,0,,
2024-07-15 17:59:00,CNR3848713803,Success,CID333799,eBike,Hennur,Chamarajpet,91.0,85.0,Not Applicable,Not Applicable,Yes,Vehicle Breakdown,2702,UPI,39,4.7,4.4
2024-07-09 09:29:00,CNR2348435909,Canceled by Driver,CID348260,Prime Plus,KR Puram,Cox Town,,,Not Applicable,Customer related issue,Not Applicable,Not Applicable,487,Not Applicable,0,,
2024-07-30 15:28:00,CNR8704841538,Success,CID582883,Prime Plus,Hosur Road,Mysore Road,63.0,80.0,Not Applicable,Not Applicable,No,Not Applicable,114,UPI,4,4.9,3.3
2024-07-05 21:36:00,CNR6539053953,Success,CID345586,eBike,Majestic,Shivajinagar,84.0,90.0,Not Applicable,Not Applicable,No,Not Applicable,338,Cash,11,3.1,3.3
2024-07-04 03:50:00,CNR1238357329,Success,CID469604,Bike,Chickpet,Chamarajpet,112.0,65.0,Not Applicable,Not Applicable,No,Not Applicable,332,UPI,19,3.4,3.6
2024-07-27 06:59:00,CNR4885202976,Canceled by Customer,CID237188,Prime Sedan,Malleshwaram,BTM Layout,,,AC is Not working,Not Applicable,Not Applicable,Not Applicable,118,Not Applicable,0,,
2024-07-07 04:24:00,CNR9006391163,Success,CID756566,Auto,Sarjapur Road,BTM Layout,266.0,125.0,Not Applicable,Not Applicable,No,Not Applicable,364,Cash,9,3.4,5.0
2024-07-05 01:41:00,CNR5169991106,Success,CID264207,Prime Plus,Koramangala,Varthur,126.0,65.0,Not Applicable,Not Applicable,No,Not Applicable,221,Cash,31,4.5,4.5
2024-07-05 15:34:00,CNR6893239425,Canceled by Driver,CID892969,Prime Plus,Langford Town,Hulimavu,,,Not Applicable,Personal & Car related issue,Not Applicable,Not Applicable,187,Not Applicable,0,,
2024-07-07 07:12:00,CNR3139163162,Success,CID336098,eBike,Sarjapur Road,Rajajinagar,112.0,35.0,Not Applicable,Not Applicable,No,Not Applicable,311,Cash,5,3.2,3.4
2024-07-05 17:41:00,CNR7032077520,Canceled by Customer,CID475345,Auto,RT Nagar,Kammanahalli,,,Driver is not moving towards pickup location,Not Applicable,Not Applicable,Not Applicable,284,Not Applicable,0,,
2024-07-25 08:44:00,CNR6277941543,Canceled by Driver,CID549551,Mini,Indiranagar,Banashankari,,,Not Applicable,Personal & Car related issue,Not Applicable,Not Applicable,249,Not Applicable,0,,
2024-07-09 02:34:00,CNR5007418307,Driver Not Found,CID988997,Prime Plus,Padmanabhanagar,Hulimavu,,,Not Applicable,Not Applicable,Not Applicable,Not Applicable,432,Not Applicable,0,,
2024-07-17 19:52:00,CNR7484579424,Success,CID233320,Mini,Koramangala,Shantinagar,35.0,145.0,Not Applicable,Not Applicable,Yes,Other Issue,111,Cash,42,4.3,4.3
2024-07-14 17:42:00,CNR6270732627,Canceled by Driver,CID218728,Prime Plus,Rajajinagar,Hulimavu,,,Not Applicable,Personal & Car related issue,Not Applicable,Not Applicable,362,Not Applicable,0,,
2024-07-14 16:29:00,CNR9976924924,Canceled by Driver,CID915869,Prime SUV,Hulimavu,Malleshwaram,,,Not Applicable,Personal & Car related issue,Not Applicable,Not Applicable,191,Not Applicable,0,,
2024-07-15 14:36:00,CNR8062503783,Canceled by Customer,CID995497,Auto,Majestic,Majestic,,,Driver is not moving towards pickup location,Not Applicable,Not Applicable,Not Applicable,401,Not Applicable,0,,
2024-07-11 21:27:00,CNR2103112848,Success,CID993488,Prime SUV,Malleshwaram,Yelahanka,49.0,60.0,Not Applicable,Not Applicable,No,Not Applicable,520,UPI,12,4.7,4.5
2024-07-05 11:30:00,CNR7186272281,Success,CID497871,Mini,Rajarajeshwari Nagar,Nagarbhavi,126.0,120.0,Not Applicable,Not Applicable,No,Not Applicable,427,UPI,16,3.4,4.0
2024-07-08 08:10:00,CNR6008606939,Success,CID807666,Prime Plus,Indiranagar,Marathahalli,77.0,45.0,Not Applicable,Not Applicable,No,Not Applicable,355,Cash,30,4.0,3.7
2024-07-10 11:57:00,CNR9165318246,Canceled by Driver,CID953314,Auto,BTM Layout,Varthur,,,Not Applicable,Customer related issue,Not Applicable,Not Applicable,383,Not Applicable,0,,
2024-07-24 12:28:00,CNR2736314801,Success,CID862490,Mini,Electronic City,Nagarbhavi,224.0,95.0,Not Applicable,Not Applicable,No,Not Applicable,348,UPI,37,4.6,4.8
2024-07-08 06:59:00,CNR7572787202,Canceled by Driver,CID942564,Bike,Langford Town,MG Road,,,Not Applicable,Customer related issue,Not Applicable,Not Applicable,447,Not Applicable,0,,
2024-07-13 10:09:00,CNR6958890024,Success,CID576715,Prime Sedan,Vijayanagar,Hennur,35.0,80.0,Not Applicable,Not Applicable,No,Not Applicable,936,UPI,21,3.7,4.3
2024-07-25 18:38:00,CNR6302468052,Canceled by Customer,CID526579,Mini,Chickpet,Nagarbhavi,,,Driver is not moving towards pickup location,Not Applicable,Not Applicable,Not Applicable,443,Not Applicable,0,,
2024-07-29 20:08:00,CNR2306137159,Canceled by Driver,CID218551,Prime Sedan,Tumkur Road,Hebbal,,,Not Applicable,Personal & Car related issue,Not Applicable,Not Applicable,173,Not Applicable,0,,
2024-07-15 17:24:00,CNR5043894665,Success,CID742459,eBike,Whitefield,Devanahalli,56.0,35.0,Not Applicable,Not Applicable,No,Not Applicable,535,UPI,49,4.1,4.1
2024-07-24 19:24:00,CNR7314273753,Success,CID380234,eBike,Kadugodi,Mysore Road,168.0,115.0,Not Applicable,Not Applicable,No,Not Applicable,1712,Cash,26,4.2,4.0
2024-07-25 08:23:00,CNR2265292390,Canceled by Driver,CID108292,Mini,Rajajinagar,RT Nagar,,,Not Applicable,Customer related issue,Not Applicable,Not Applicable,144,Not Applicable,0,,
2024-07-18 13:09:00,CNR3568160388,Canceled by Driver,CID493766,eBike,Vijayanagar,Banashankari,,,Not Applicable,More than permitted people in there,Not Applicable,Not Applicable,131,Not Applicable,0,,
2024-07-01 21:30:00,CNR1985506068,Success,CID804896,Bike,Hosur Road,Hebbal,133.0,85.0,Not Applicable,Not Applicable,No,Not Applicable,167,UPI,32,4.3,4.0
2024-07-25 06:27:00,CNR2322306518,Success,CID167937,Bike,Sarjapur Road,Ulsoor,49.0,95.0,Not Applicable,Not Applicable,No,Not Applicable,2523,UPI,3,3.9,4.2
2024-07-19 10:22:00,CNR5251452466,Success,CID949767,Prime SUV,JP Nagar,Cox Town,245.0,115.0,Not Applicable,Not Applicable,No,Not Applicable,241,Cash,42,3.8,3.2
2024-07-17 13:02:00,CNR4743963538,Success,CID276251,Auto,Hennur,Hulimavu,301.0,35.0,Not Applicable,Not Applicable,No,Not Applicable,149,Cash,10,3.5,4.7
2024-07-16 12:19:00,CNR8024320751,Driver Not Found,CID290614,Prime SUV,Varthur,Sahakar Nagar,,,Not Applicable,Not Applicable,Not Applicable,Not Applicable,592,Not Applicable,0,,
2024-07-07 22:13:00,CNR8774157655,Canceled by Customer,CID141704,Auto,Mysore Road,HSR Layout,,,Driver asked to cancel,Not Applicable,Not Applicable,Not Applicable,461,Not Applicable,0,,
2024-07-23 10:12:00,CNR5400066562,Success,CID902554,Prime Sedan,Varthur,Majestic,126.0,75.0,Not Applicable,Not Applicable,No,Not Applicable,457,UPI,49,3.3,4.7
2024-07-15 17:25:00,CNR6289947048,Success,CID383343,Prime Plus,Ramamurthy Nagar,Electronic City,252.0,110.0,Not Applicable,Not Applicable,No,Not Applicable,183,Cash,10,3.3,3.7
2024-07-04 23:33:00,CNR9145437690,Success,CID699562,Prime Plus,Banashankari,Indiranagar,91.0,75.0,Not Applicable,Not Applicable,No,Not Applicable,894,UPI,30,4.9,3.6
2024-07-02 11:45:00,CNR8858374729,Success,CID986233,Mini,Mysore Road,JP Nagar,49.0,50.0,Not Applicable,Not Applicable,No,Not Applicable,398,Cash,20,3.9,4.6
2024-07-29 07:39:00,CNR6428421440,Canceled by Driver,CID699645,Prime Plus,Cox Town,Chamarajpet,,,Not Applicable,Personal & Car related issue,Not Applicable,Not Applicable,470,Not Applicable,0,,
2024-07-12 13:02:00,CNR8977976237,Canceled by Driver,CID570914,Mini,Rajajinagar,Hebbal,,,Not Applicable,More than permitted people in there,Not Applicable,Not Applicable,2536,Not Applicable,0,,
2024-07-10 21:41:00,CNR2530041293,Success,CID596760,Prime Sedan,Rajarajeshwari Nagar,Jayanagar,273.0,65.0,Not Applicable,Not Applicable,No,Not Applicable,445,Credit Card,43,3.5,3.2
2024-07-04 10:36:00,CNR1492402676,Success,CID933446,Prime SUV,Cox Town,Banashankari,49.0,65.0,Not Applicable,Not Applicable,No,Not Applicable,187,UPI,44,3.3,4.0
2024-07-17 02:04:00,CNR3016551470,Success,CID121804,eBike,Kammanahalli,Kammanahalli,70.0,35.0,Not Applicable,Not Applicable,No,Not Applicable,383,Cash,43,3.8,3.6
2024-07-07 02:51:00,CNR3055789687,Success,CID197745,Auto,Hulimavu,Rajajinagar,42.0,100.0,Not Applicable,Not Applicable,No,Not Applicable,499,Cash,14,4.5,3.2
2024-07-27 21:32:00,CNR4446868571,Canceled by Customer,CID510020,Prime SUV,Hulimavu,Tumkur Road,,,Driver asked to cancel,Not Applicable,Not Applicable,Not Applicable,191,Not Applicable,0,,
2024-07-09 21:44:00,CNR7071860159,Success,CID610914,Bike,Varthur,Sahakar Nagar,238.0,65.0,Not Applicable,Not Applicable,No,Not Applicable,219,Cash,44,3.9,3.6
2024-07-30 13:26:00,CNR5950742923,Canceled by Driver,CID238626,Prime Sedan,Richmond Town,Chickpet,,,Not Applicable,Personal & Car related issue,Not Applicable,Not Applicable,218,Not Applicable,0,,
2024-07-22 16:50:00,CNR1798237166,Success,CID673341,Prime Plus,Mysore Road,Nagarbhavi,259.0,90.0,Not Applicable,Not Applicable,No,Not Applicable,110,UPI,35,4.1,3.1
2024-07-22 18:01:00,CNR9506081355,Success,CID905812,Bike,Vijayanagar,Whitefield,196.0,30.0,Not Applicable,Not Applicable,Yes,Other Issue,105,Cash,23,3.5,4.7
2024-07-26 10:14:00,CNR2327214460,Canceled by Driver,CID756973,Bike,Frazer Town,Hennur,,,Not Applicable,Personal & Car related issue,Not Applicable,Not Applicable,113,Not Applicable,0,,
2024-07-17 16:40:00,CNR9635232075,Driver Not Found,CID457082,eBike,Bannerghatta Road,Bellandur,,,Not Applicable,Not Applicable,Not Applicable,Not Applicable,348,Not Applicable,0,,
2024-07-03 07:35:00,CNR8003810126,Success,CID118150,Bike,Indiranagar,Chickpet,168.0,120.0,Not Applicable,Not Applicable,No,Not Applicable,432,UPI,34,3.3,3.2
2024-07-25 08:46:00,CNR4468018060,Canceled by Driver,CID408263,Bike,Sarjapur Road,Chickpet,,,Not Applicable,Customer was coughing/sick,Not Applicable,Not Applicable,390,Not Applicable,0,,
2024-07-15 14:44:00,CNR8090342975,Driver Not Found,CID944362,Bike,MG Road,Rajajinagar,,,Not Applicable,Not Applicable,Not Applicable,Not Applicable,787,Not Applicable,0,,
2024-07-16 03:26:00,CNR2641117237,Success,CID592316,Prime SUV,JP Nagar,Jayanagar,119.0,95.0,Not Applicable,Not Applicable,No,Not Applicable,370,Cash,10,4.7,4.3
2024-07-17 08:09:00,CNR3907100168,Canceled by Customer,CID800344,Prime Sedan,Tumkur Road,Shivajinagar,,,Driver is not moving towards pickup location,Not Applicable,Not Applicable,Not Applicable,271,Not Applicable,0,,
2024-07-25 00:49:00,CNR8562144818,Success,CID431457,Prime SUV,Kadugodi,Tumkur Road,287.0,70.0,Not Applicable,Not Applicable,Yes,Other Issue,260,UPI,16,3.5,3.6
2024-07-18 05:25:00,CNR5924599312,Success,CID595708,Prime Sedan,Ramamurthy Nagar,Frazer Town,126.0,35.0,Not Applicable,Not Applicable,No,Not Applicable,185,UPI,33,3.1,4.1
2024-07-16 19:20:00,CNR5910646596,Success,CID381856,eBike,Varthur,Chamarajpet,294.0,145.0,Not Applicable,Not Applicable,No,Not Applicable,244,UPI,42,3.3,3.9
2024-07-25 08:46:00,CNR3831333896,Driver Not Found,CID363176,eBike,Bannerghatta Road,Shivajinagar,,,Not Applicable,Not Applicable,Not Applicable,Not Applicable,108,Not Applicable,0,,
2024-07-15 00:39:00,CNR3239257363,Success,CID451468,Bike,Rajajinagar,Ulsoor,42.0,105.0,Not Applicable,Not Applicable,No,Not Applicable,324,Cash,32,3.5,4.8
2024-07-09 12:31:00,CNR9244930224,Success,CID188745,Prime Sedan,Jayanagar,KR Puram,70.0,145.0,Not Applicable,Not Applicable,No,Not Applicable,812,Cash,43,3.0,3.2
2024-07-14 18:47:00,CNR9520768475,Success,CID367845,Auto,Bannerghatta Road,Ulsoor,105.0,25.0,Not Applicable,Not Applicable,Yes,Vehicle Breakdown,395,Cash,19,4.0,4.8
2024-07-16 02:41:00,CNR3847148448,Success,CID326393,Bike,HSR Layout,Nagarbhavi,210.0,125.0,Not Applicable,Not Applicable,No,Not Applicable,189,UPI,16,3.6,3.7
2024-07-14 22:19:00,CNR4255627201,Success,CID757461,Mini,Kadugodi,Magadi Road,231.0,40.0,Not Applicable,Not Applicable,No,Not Applicable,979,UPI,30,3.3,4.2
2024-07-02 04:45:00,CNR7326917823,Success,CID379726,eBike,Jayanagar,Frazer Town,42.0,35.0,Not Applicable,Not Applicable,No,Not Applicable,491,Cash,13,4.2,4.6
2024-07-25 18:15:00,CNR1116372431,Success,CID262851,Prime Sedan,Jayanagar,Devanahalli,203.0,130.0,Not Applicable,Not Applicable,No,Not Applicable,117,UPI,37,3.7,3.0
2024-07-16 09:43:00,CNR2501910259,Success,CID803976,eBike,RT Nagar,Magadi Road,105.0,115.0,Not Applicable,Not Applicable,No,Not Applicable,507,Cash,13,4.8,3.0
2024-07-03 23:36:00,CNR5561368987,Canceled by Customer,CID306935,eBike,Malleshwaram,Chamarajpet,,,Driver asked to cancel,Not Applicable,Not Applicable,Not Applicable,116,Not Applicable,0,,
2024-07-11 18:42:00,CNR8114079257,Success,CID371854,Bike,Vijayanagar,Hennur,238.0,85.0,Not Applicable,Not Applicable,No,Not Applicable,162,Cash,17,5.0,4.0
2024-07-07 17:31:00,CNR1641310542,Canceled by Driver,CID964088,Mini,Mysore Road,Bellandur,,,Not Applicable,Personal & Car related issue,Not Applicable,Not Applicable,447,Not Applicable,0,,
2024-07-06 14:02:00,CNR4450007569,Canceled by Driver,CID117314,Prime Sedan,Cox Town,Cox Town,,,Not Applicable,Customer was coughing/sick,Not Applicable,Not Applicable,1422,Not Applicable,0,,
2024-07-17 00:35:00,CNR2023367845,Success,CID459474,Prime Plus,Hosur Road,KR Puram,182.0,90.0,Not Applicable,Not Applicable,No,Not Applicable,375,UPI,33,3.9,3.6
2024-07-06 12:53:00,CNR4624274559,Success,CID654186,Prime Plus,Basavanagudi,Banashankari,119.0,90.0,Not Applicable,Not Applicable,No,Not Applicable,370,Cash,34,4.9,3.1
2024-07-25 23:31:00,CNR6614418689,Success,CID595393,eBike,Kammanahalli,Jayanagar,119.0,35.0,Not Applicable,Not Applicable,No,Not Applicable,404,Cash,37,4.2,3.8
2024-07-12 18:13:00,CNR1233730927,Canceled by Driver,CID194004,Auto,Yeshwanthpur,Yeshwanthpur,,,Not Applicable,Personal & Car related issue,Not Applicable,Not Applicable,316,Not Applicable,0,,
2024-07-24 04:50:00,CNR9964193724,Canceled by Customer,CID929747,Mini,Marathahalli,Banashankari,,,Change of plans,Not Applicable,Not Applicable,Not Applicable,122,Not Applicable,0,,
2024-07-26 18:38:00,CNR5268866339,Success,CID736989,Prime SUV,Shivajinagar,Sahakar Nagar,259.0,55.0,Not Applicable,Not Applicable,No,Not Applicable,355,UPI,5,3.0,4.5
2024-07-21 06:13:00,CNR2315134332,Canceled by Customer,CID378800,Prime Plus,Malleshwaram,Tumkur Road,,,Driver asked to cancel,Not Applicable,Not Applicable,Not Applicable,873,Not Applicable,0,,
2024-07-18 17:00:00,CNR7243785235,Success,CID865917,Prime Plus,Sahakar Nagar,Shivajinagar,112.0,115.0,Not Applicable,Not Applicable,No,Not Applicable,927,Cash,18,3.7,4.9
2024-07-04 01:07:00,CNR5242542138,Success,CID108614,eBike,Chamarajpet,Ulsoor,252.0,100.0,Not Applicable,Not Applicable,No,Not Applicable,2963,UPI,13,3.2,4.2
2024-07-17 02:05:00,CNR4549010565,Success,CID940023,Prime SUV,Shivajinagar,Peenya,308.0,55.0,Not Applicable,Not Applicable,No,Not Applicable,309,Cash,37,4.3,4.7
2024-07-02 08:48:00,CNR2259323121,Success,CID252299,Bike,Banashankari,Langford Town,154.0,40.0,Not Applicable,Not Applicable,No,Not Applicable,608,UPI,20,4.3,3.1
2024-07-27 21:09:00,CNR4306332394,Success,CID838297,Prime SUV,Hosur Road,Indiranagar,189.0,30.0,Not Applicable,Not Applicable,No,Not Applicable,937,UPI,21,4.5,3.6
2024-07-12 07:12:00,CNR2665040607,Success,CID645618,Bike,MG Road,Electronic City,287.0,30.0,Not Applicable,Not Applicable,No,Not Applicable,181,UPI,9,3.5,4.5
2024-07-23 04:40:00,CNR2244946265,Canceled by Customer,CID846977,Auto,Nagarbhavi,Yeshwanthpur,,,Driver is not moving towards pickup location,Not Applicable,Not Applicable,Not Applicable,2588,Not Applicable,0,,
2024-07-05 00:23:00,CNR3369093137,Canceled by Driver,CID953804,Prime Sedan,Rajajinagar,Koramangala,,,Not Applicable,Personal & Car related issue,Not Applicable,Not Applicable,307,Not Applicable,0,,
2024-07-29 06:53:00,CNR2233787409,Success,CID445643,Prime Sedan,Basavanagudi,Magadi Road,259.0,125.0,Not Applicable,Not Applicable,Yes,Vehicle Breakdown,486,UPI,6,3.2,4.5
2024-07-27 09:25:00,CNR1069744557,Success,CID792409,Prime Plus,Bannerghatta Road,Yelahanka,259.0,35.0,Not Applicable,Not Applicable,No,Not Applicable,1025,Cash,10,5.0,4.7
2024-07-09 16:59:00,CNR1734174609,Canceled by Customer,CID484551,eBike,HSR Layout,Cox Town,,,Driver is not moving towards pickup location,Not Applicable,Not Applicable,Not Applicable,225,Not Applicable,0,,
2024-07-05 23:03:00,CNR3320518866,Canceled by Customer,CID727588,Prime SUV,Nagarbhavi,Rajajinagar,,,Change of plans,Not Applicable,Not Applicable,Not Applicable,953,Not Applicable,0,,
2024-07-05 15:26:00,CNR9216807264,Success,CID262223,Prime Sedan,Hulimavu,Ulsoor,203.0,115.0,Not Applicable,Not Applicable,Yes,Customer Demand,918,Cash,19,4.3,3.3
2024-07-10 00:00:00,CNR9936252982,Success,CID308784,Bike,Nagarbhavi,Kengeri,189.0,50.0,Not Applicable,Not Applicable,No,Not Applicable,986,UPI,12,5.0,4.1
2024-07-17 09:48:00,CNR4251649733,Success,CID512937,Prime SUV,Magadi Road,Hosur Road,273.0,100.0,Not Applicable,Not Applicable,No,Not Applicable,135,UPI,39,4.3,4.7
2024-07-13 00:20:00,CNR6414452069,Canceled by Driver,CID793140,Auto,Shantinagar,JP Nagar,,,Not Applicable,Customer was coughing/sick,Not Applicable,Not Applicable,361,Not Applicable,0,,
2024-07-08 20:28:00,CNR3005214497,Success,CID729782,Bike,Mysore Road,Mysore Road,259.0,40.0,Not Applicable,Not Applicable,No,Not Applicable,2410,Cash,4,4.4,3.1
2024-07-28 21:57:00,CNR8970565445,Success,CID432873,Prime Plus,Indiranagar,Chickpet,126.0,110.0,Not Applicable,Not Applicable,No,Not Applicable,214,UPI,47,4.8,4.3
2024-07-03 15:34:00,CNR8389856602,Driver Not Found,CID177533,Prime Plus,MG Road,Rajarajeshwari Nagar,,,Not Applicable,Not Applicable,Not Applicable,Not Applicable,368,Not Applicable,0,,
2024-07-10 22:52:00,CNR9558570173,Canceled by Driver,CID493324,Prime SUV,Kengeri,Kengeri,,,Not Applicable,Customer related issue,Not Applicable,Not Applicable,104,Not Applicable,0,,
2024-07-01 01:16:00,CNR9472085122,Canceled by Driver,CID181769,Bike,Malleshwaram,Varthur,,,Not Applicable,Customer related issue,Not Applicable,Not Applicable,687,Not Applicable,0,,
2024-07-14 04:06:00,CNR4552430124,Success,CID707513,Prime Sedan,Langford Town,Nagarbhavi,273.0,95.0,Not Applicable,Not Applicable,No,Not Applicable,2132,Cash,37,4.0,3.9
2024-07-01 13:47:00,CNR6680141057,Success,CID365452,Prime Plus,Bannerghatta Road,Cox Town,77.0,50.0,Not Applicable,Not Applicable,No,Not Applicable,2179,UPI,29,4.6,4.8
2024-07-20 11:23:00,CNR2687628396,Canceled by Customer,CID656248,Mini,Ramamurthy Nagar,Marathahalli,,,Driver is not moving towards pickup location,Not Applicable,Not Applicable,Not Applicable,223,Not Applicable,0,,
2024-07-29 07:44:00,CNR3736214664,Canceled by Driver,CID662463,Prime Sedan,Hennur,Tumkur Road,,,Not Applicable,Customer related issue,Not Applicable,Not Applicable,287,Not Applicable,0,,
2024-07-28 21:19:00,CNR9432976312,Success,CID152369,Prime SUV,Ramamurthy Nagar,Rajajinagar,231.0,65.0,Not Applicable,Not Applicable,No,Not Applicable,103,Cash,6,4.5,3.7
2024-07-14 20:10:00,CNR8936476014,Canceled by Customer,CID139496,Prime Sedan,Shivajinagar,Tumkur Road,,,Driver asked to cancel,Not Applicable,Not Applicable,Not Applicable,480,Not Applicable,0,,
2024-07-05 00:37:00,CNR7980860594,Canceled by Driver,CID581925,Prime Sedan,Padmanabhanagar,Hulimavu,,,Not Applicable,Personal & Car related issue,Not Applicable,Not Applicable,755,Not Applicable,0,,
2024-07-25 02:23:00,CNR8468800173,Success,CID573597,Prime Plus,Shantinagar,Malleshwaram,294.0,40.0,Not Applicable,Not Applicable,No,Not Applicable,623,Cash,49,3.6,4.5
2024-07-10 09:44:00,CNR2994738955,Success,CID113608,Auto,KR Puram,RT Nagar,126.0,120.0,Not Applicable,Not Applicable,No,Not Applicable,226,UPI,16,3.4,3.8
2024-07-22 08:51:00,CNR8429684651,Success,CID536628,Prime Sedan,Bellandur,Shantinagar,105.0,50.0,Not Applicable,Not Applicable,No,Not Applicable,1177,Cash,2,3.5,4.1
2024-07-15 04:23:00,CNR3423267649,Driver Not Found,CID305118,eBike,Varthur,Varthur,,,Not Applicable,Not Applicable,Not Applicable,Not Applicable,2412,Not Applicable,0,,
2024-07-06 08:33:00,CNR7382810864,Success,CID487157,Prime Plus,Devanahalli,JP Nagar,112.0,115.0,Not Applicable,Not Applicable,No,Not Applicable,431,UPI,6,4.3,4.5
2024-07-27 08:16:00,CNR5881680174,Canceled by Customer,CID962854,Bike,Kengeri,Sahakar Nagar,,,Driver asked to cancel,Not Applicable,Not Applicable,Not Applicable,654,Not Applicable,0,,
2024-07-05 11:28:00,CNR2645587630,Canceled by Driver,CID473609,Prime Plus,Ulsoor,Yelahanka,,,Not Applicable,Customer was coughing/sick,Not Applicable,Not Applicable,922,Not Applicable,0,,
2024-07-18 06:27:00,CNR9534748526,Success,CID717289,Mini,Varthur,Bellandur,224.0,55.0,Not Applicable,Not Applicable,No,Not Applicable,361,Cash,3,3.6,3.3
2024-07-13 10:57:00,CNR8554990951,Success,CID399279,Bike,Chickpet,Malleshwaram,175.0,70.0,Not Applicable,Not Applicable,No,Not Applicable,475,UPI,16,4.2,4.3
2024-07-04 20:35:00,CNR7628687407,Driver Not Found,CID796584,Auto,Sarjapur Road,Malleshwaram,,,Not Applicable,Not Applicable,Not Applicable,Not Applicable,496,Not Applicable,0,,
2024-07-03 09:24:00,CNR8323641321,Success,CID285297,Prime Sedan,Chamarajpet,Electronic City,294.0,135.0,Not Applicable,Not Applicable,No,Not Applicable,452,UPI,22,3.3,4.9
2024-07-09 03:49:00,CNR9136883127,Success,CID885263,Prime Plus,Majestic,Nagarbhavi,126.0,30.0,Not Applicable,Not Applicable,No,Not Applicable,683,UPI,16,3.3,5.0
2024-07-10 10:26:00,CNR2289182444,Canceled by Customer,CID373235,Bike,Rajajinagar,KR Puram,,,Driver is not moving towards pickup location,Not Applicable,Not Applicable,Not Applicable,272,Not Applicable,0,,
2024-07-07 04:05:00,CNR1638501972,Success,CID771627,Prime SUV,Richmond Town,BTM Layout,182.0,25.0,Not Applicable,Not Applicable,No,Not Applicable,208,Cash,38,4.2,4.7
2024-07-01 06:35:00,CNR9919728800,Success,CID611795,Bike,Shantinagar,Devanahalli,224.0,60.0,Not Applicable,Not Applicable,No,Not Applicable,461,UPI,46,3.6,4.2
2024-07-24 13:05:00,CNR1398250769,Canceled by Driver,CID303417,Prime SUV,Padmanabhanagar,Magadi Road,,,Not Applicable,Personal & Car related issue,Not Applicable,Not Applicable,314,Not Applicable,0,,
2024-07-17 00:31:00,CNR8831067891,Canceled by Driver,CID897780,Auto,Whitefield,Langford Town,,,Not Applicable,Personal & Car related issue,Not Applicable,Not Applicable,457,Not Applicable,0,,
2024-07-19 17:21:00,CNR8243253683,Success,CID825214,Auto,Basavanagudi,Kengeri,161.0,40.0,Not Applicable,Not Applicable,No,Not Applicable,371,UPI,19,3.5,3.5
2024-07-21 09:29:00,CNR6727316901,Canceled by Driver,CID743374,Prime Sedan,Hebbal,Yeshwanthpur,,,Not Applicable,More than permitted people in there,Not Applicable,Not Applicable,843,Not Applicable,0,,
2024-07-06 15:02:00,CNR7881527653,Canceled by Driver,CID758474,eBike,Kammanahalli,Ramamurthy Nagar,,,Not Applicable,Personal & Car related issue,Not Applicable,Not Applicable,484,Not Applicable,0,,
2024-07-08 00:53:00,CNR4801294798,Canceled by Customer,CID798981,Prime Sedan,Koramangala,KR Puram,,,Change of plans,Not Applicable,Not Applicable,Not Applicable,156,Not Applicable,0,,
2024-07-06 08:02:00,CNR4282133597,Success,CID723006,Prime Plus,Jayanagar,Varthur,42.0,80.0,Not Applicable,Not Applicable,No,Not Applicable,120,Cash,41,4.7,4.8
2024-07-29 11:47:00,CNR7774059835,Canceled by Driver,CID377003,Prime Plus,Hennur,Malleshwaram,,,Not Applicable,Personal & Car related issue,Not Applicable,Not Applicable,137,Not Applicable,0,,
2024-07-15 08:09:00,CNR2203257180,Success,CID739296,Prime Plus,KR Puram,Peenya,35.0,55.0,Not Applicable,Not Applicable,No,Not Applicable,453,UPI,11,4.4,4.8
2024-07-28 05:31:00,CNR3254740388,Canceled by Driver,CID337942,Prime Plus,Koramangala,Rajajinagar,,,Not Applicable,Customer was coughing/sick,Not Applicable,Not Applicable,489,Not Applicable,0,,
2024-07-17 16:34:00,CNR2420365267,Success,CID830057,Prime SUV,KR Puram,Tumkur Road,175.0,75.0,Not Applicable,Not Applicable,No,Not Applicable,416,Cash,41,4.1,3.6
2024-07-06 15:35:00,CNR3473984818,Success,CID507865,Auto,Basavanagudi,Hosur Road,70.0,145.0,Not Applicable,Not Applicable,No,Not Applicable,563,UPI,13,4.5,3.6
2024-07-04 03:16:00,CNR2324572530,Canceled by Driver,CID190832,Mini,Sahakar Nagar,Rajajinagar,,,Not Applicable,More than permitted people in there,Not Applicable,Not Applicable,323,Not Applicable,0,,
2024-07-27 02:56:00,CNR6089804710,Canceled by Customer,CID851343,Auto,BTM Layout,MG Road,,,Driver asked to cancel,Not Applicable,Not Applicable,Not Applicable,998,Not Applicable,0,,
2024-07-19 17:57:00,CNR2973034974,Success,CID545355,Prime Plus,Hulimavu,Basavanagudi,224.0,50.0,Not Applicable,Not Applicable,No,Not Applicable,225,Cash,21,3.8,4.9
2024-07-17 14:25:00,CNR1663154354,Canceled by Customer,CID343266,Bike,Richmond Town,Peenya,,,Driver asked to cancel,Not Applicable,Not Applicable,Not Applicable,150,Not Applicable,0,,
2024-07-30 03:08:00,CNR9854993040,Canceled by Driver,CID688819,Bike,Malleshwaram,Hennur,,,Not Applicable,Customer related issue,Not Applicable,Not Applicable,405,Not Applicable,0,,
2024-07-17 07:09:00,CNR1052049036,Success,CID266592,Prime SUV,Kammanahalli,Devanahalli,203.0,25.0,Not Applicable,Not Applicable,No,Not Applicable,110,Cash,23,4.4,4.7
2024-07-07 19:28:00,CNR2040730028,Success,CID140299,Prime Plus,Padmanabhanagar,Ulsoor,266.0,55.0,Not Applicable,Not Applicable,No,Not Applicable,274,UPI,26,4.2,4.6
2024-07-08 19:57:00,CNR3775193846,Driver Not Found,CID615552,Prime Plus,JP Nagar,Mysore Road,,,Not Applicable,Not Applicable,Not Applicable,Not Applicable,643,Not Applicable,0,,
2024-07-09 13:48:00,CNR5936993823,Success,CID833392,eBike,Rajajinagar,Tumkur Road,210.0,140.0,Not Applicable,Not Applicable,No,Not Applicable,732,Cash,19,4.1,3.6
2024-07-15 04:43:00,CNR8847692865,Canceled by Driver,CID415135,Prime Sedan,Langford Town,Padmanabhanagar,,,Not Applicable,Customer related issue,Not Applicable,Not Applicable,298,Not Applicable,0,,
2024-07-15 10:17:00,CNR4121836866,Success,CID536614,Auto,HSR Layout,Basavanagudi,42.0,135.0,Not Applicable,Not Applicable,No,Not Applicable,289,Cash,1,4.0,4.1
2024-07-14 01:55:00,CNR6781941158,Success,CID793579,Prime Plus,Jayanagar,Bannerghatta Road,294.0,30.0,Not Applicable,Not Applicable,No,Not Applicable,749,Cash,20,4.7,4.2
2024-07-07 15:59:00,CNR7574420462,Success,CID222253,Mini,Malleshwaram,Koramangala,168.0,30.0,Not Applicable,Not Applicable,No,Not Applicable,353,Credit Card,26,3.5,3.1
2024-07-03 03:05:00,CNR4602954180,Success,CID598576,Bike,Varthur,Hebbal,259.0,25.0,Not Applicable,Not Applicable,No,Not Applicable,858,Cash,5,4.5,3.0
2024-07-14 15:14:00,CNR6796356652,Driver Not Found,CID366923,Prime SUV,Malleshwaram,HSR Layout,,,Not Applicable,Not Applicable,Not Applicable,Not Applicable,443,Not Applicable,0,,
2024-07-21 08:02:00,CNR8643358088,Success,CID780523,eBike,Indiranagar,HSR Layout,91.0,50.0,Not Applicable,Not Applicable,No,Not Applicable,250,UPI,39,4.5,4.8
2024-07-26 07:30:00,CNR9612508763,Success,CID797370,Auto,Whitefield,Peenya,49.0,100.0,Not Applicable,Not Applicable,No,Not Applicable,933,UPI,15,3.1,3.5
2024-07-01 12:57:00,CNR6407922266,Success,CID445539,eBike,Tumkur Road,Whitefield,126.0,55.0,Not Applicable,Not Applicable,Yes,Other Issue,256,UPI,33,3.6,4.1
2024-07-20 18:36:00,CNR7467658152,Canceled by Customer,CID881570,Prime Sedan,Banashankari,Hennur,,,Change of plans,Not Applicable,Not Applicable,Not Applicable,755,Not Applicable,0,,
2024-07-11 04:23:00,CNR3027940359,Success,CID997502,Auto,Bannerghatta Road,Hebbal,175.0,85.0,Not Applicable,Not Applicable,No,Not Applicable,2142,Cash,16,3.7,4.3
2024-07-07 23:40:00,CNR8728252165,Success,CID744771,Auto,Indiranagar,Nagarbhavi,252.0,60.0,Not Applicable,Not Applicable,No,Not Applicable,607,UPI,18,4.3,4.5
2024-07-20 04:29:00,CNR4047982576,Success,CID625900,Auto,BTM Layout,BTM Layout,70.0,70.0,Not Applicable,Not Applicable,No,Not Applicable,371,Cash,12,4.4,4.9
2024-07-04 14:53:00,CNR7616327817,Canceled by Driver,CID601546,Mini,Bannerghatta Road,Devanahalli,,,Not Applicable,Customer was coughing/sick,Not Applicable,Not Applicable,344,Not Applicable,0,,
2024-07-18 00:08:00,CNR2909984534,Canceled by Driver,CID161498,Prime Sedan,Tumkur Road,Hosur Road,,,Not Applicable,Personal & Car related issue,Not Applicable,Not Applicable,2159,Not Applicable,0,,
2024-07-30 15:41:00,CNR1790043259,Success,CID824846,Auto,Kammanahalli,Shantinagar,161.0,25.0,Not Applicable,Not Applicable,No,Not Applicable,249,UPI,18,5.0,4.4
2024-07-08 03:01:00,CNR1770787373,Success,CID123715,Prime Sedan,Devanahalli,Chickpet,77.0,65.0,Not Applicable,Not Applicable,No,Not Applicable,425,Credit Card,39,3.5,4.2
2024-07-29 21:14:00,CNR7207261204,Canceled by Driver,CID588649,Bike,Indiranagar,Kadugodi,,,Not Applicable,Customer was coughing/sick,Not Applicable,Not Applicable,494,Not Applicable,0,,
2024-07-17 09:05:00,CNR1741635815,Canceled by Driver,CID409956,Prime SUV,RT Nagar,Mysore Road,,,Not Applicable,Customer related issue,Not Applicable,Not Applicable,176,Not Applicable,0,,
2024-07-12 20:31:00,CNR8510671697,Success,CID107878,Bike,Indiranagar,HSR Layout,56.0,70.0,Not Applicable,Not Applicable,No,Not Applicable,289,UPI,12,3.2,3.7
2024-07-11 11:36:00,CNR2159702751,Success,CID914644,Prime Sedan,Devanahalli,Chamarajpet,168.0,115.0,Not Applicable,Not Applicable,No,Not Applicable,750,UPI,4,3.7,3.6
2024-07-02 06:30:00,CNR2814302863,Success,CID567664,Prime Plus,MG Road,Devanahalli,56.0,130.0,Not Applicable,Not Applicable,No,Not Applicable,550,Cash,27,4.5,4.9
2024-07-10 12:37:00,CNR8712067643,Success,CID457574,Prime SUV,Padmanabhanagar,JP Nagar,224.0,65.0,Not Applicable,Not Applicable,No,Not Applicable,797,UPI,8,3.2,4.4
2024-07-21 20:02:00,CNR3641552945,Success,CID756636,Prime SUV,Majestic,Frazer Town,49.0,145.0,Not Applicable,Not Applicable,No,Not Applicable,118,Cash,20,4.4,4.7
2024-07-15 11:23:00,CNR9969033782,Canceled by Driver,CID565449,eBike,Indiranagar,Magadi Road,,,Not Applicable,Personal & Car related issue,Not Applicable,Not Applicable,200,Not Applicable,0,,
2024-07-21 07:38:00,CNR6241325265,Success,CID149671,Prime Plus,Indiranagar,Jayanagar,77.0,95.0,Not Applicable,Not Applicable,No,Not Applicable,415,Cash,48,3.1,4.8
2024-07-04 22:45:00,CNR8114606757,Success,CID440009,Prime SUV,Electronic City,Ramamurthy Nagar,245.0,60.0,Not Applicable,Not Applicable,No,Not Applicable,477,Cash,21,3.2,4.5
2024-07-08 02:11:00,CNR7188294846,Success,CID701444,Bike,Tumkur Road,MG Road,287.0,60.0,Not Applicable,Not Applicable,No,Not Applicable,504,UPI,22,4.4,4.4
2024-07-24 14:29:00,CNR6437061091,Success,CID901236,Bike,Banashankari,Indiranagar,91.0,115.0,Not Applicable,Not Applicable,No,Not Applicable,371,UPI,44,3.8,3.3
2024-07-12 09:31:00,CNR7148287489,Driver Not Found,CID126331,Prime SUV,Bannerghatta Road,Hulimavu,,,Not Applicable,Not Applicable,Not Applicable,Not Applicable,766,Not Applicable,0,,
2024-07-07 06:25:00,CNR9445329036,Canceled by Driver,CID969343,eBike,MG Road,Basavanagudi,,,Not Applicable,More than permitted people in there,Not Applicable,Not Applicable,175,Not Applicable,0,,
2024-07-18 18:46:00,CNR5300138747,Success,CID426699,Mini,Sahakar Nagar,Devanahalli,210.0,120.0,Not Applicable,Not Applicable,No,Not Applicable,2782,Cash,6,3.7,3.4
2024-07-15 18:35:00,CNR9151978004,Success,CID182932,Bike,Banashankari,Banashankari,294.0,55.0,Not Applicable,Not Applicable,No,Not Applicable,600,Credit Card,21,3.2,4.2
2024-07-20 16:33:00,CNR5956303907,Canceled by Driver,CID140377,Auto,Varthur,BTM Layout,,,Not Applicable,Customer related issue,Not Applicable,Not Applicable,365,Not Applicable,0,,
2024-07-24 03:09:00,CNR8605439311,Success,CID985047,Prime Plus,Sarjapur Road,Sarjapur Road,224.0,35.0,Not Applicable,Not Applicable,No,Not Applicable,152,Cash,39,3.9,4.8
2024-07-10 00:27:00,CNR1233493126,Canceled by Customer,CID909910,Bike,Peenya,Shantinagar,,,Driver asked to cancel,Not Applicable,Not Applicable,Not Applicable,104,Not Applicable,0,,
2024-07-08 11:28:00,CNR4420310802,Success,CID996040,eBike,Indiranagar,Chickpet,196.0,110.0,Not Applicable,Not Applicable,No,Not Applicable,850,Cash,1,4.4,3.9
2024-07-21 13:15:00,CNR6600927082,Driver Not Found,CID934003,Prime Sedan,Langford Town,Hulimavu,,,Not Applicable,Not Applicable,Not Applicable,Not Applicable,442,Not Applicable,0,,
2024-07-10 12:28:00,CNR7300896565,Success,CID981804,Prime SUV,Kammanahalli,Electronic City,49.0,25.0,Not Applicable,Not Applicable,Yes,Vehicle Breakdown,448,Cash,32,3.7,3.4
2024-07-30 01:08:00,CNR5832806258,Success,CID210498,Prime SUV,Richmond Town,Ramamurthy Nagar,154.0,125.0,Not Applicable,Not Applicable,No,Not Applicable,230,Cash,24,4.2,3.9
2024-07-15 00:20:00,CNR7490791617,Canceled by Driver,CID205357,Bike,MG Road,Devanahalli,,,Not Applicable,More than permitted people in there,Not Applicable,Not Applicable,183,Not Applicable,0,,
2024-07-25 15:44:00,CNR3880802413,Success,CID582383,Prime SUV,Rajarajeshwari Nagar,Kengeri,294.0,95.0,Not Applicable,Not Applicable,No,Not Applicable,173,UPI,24,3.3,3.9
2024-07-12 17:03:00,CNR9706478561,Success,CID960551,Prime Plus,Rajajinagar,Basavanagudi,182.0,55.0,Not Applicable,Not Applicable,Yes,Vehicle Breakdown,277,Cash,33,3.2,4.2
2024-07-21 12:04:00,CNR2935614637,Success,CID487812,Mini,Peenya,Kengeri,217.0,90.0,Not Applicable,Not Applicable,No,Not Applicable,419,Cash,4,3.3,3.3
2024-07-18 10:47:00,CNR2392051347,Canceled by Customer,CID675335,eBike,Langford Town,Hosur Road,,,Change of plans,Not Applicable,Not Applicable,Not Applicable,100,Not Applicable,0,,
2024-07-03 22:17:00,CNR9012614202,Driver Not Found,CID791324,Auto,Rajarajeshwari Nagar,Frazer Town,,,Not Applicable,Not Applicable,Not Applicable,Not Applicable,153,Not Applicable,0,,
2024-07-18 13:22:00,CNR1808762269,Canceled by Driver,CID777891,Prime SUV,Basavanagudi,Shantinagar,,,Not Applicable,Customer was coughing/sick,Not Applicable,Not Applicable,121,Not Applicable,0,,
2024-07-27 04:22:00,CNR1135474878,Canceled by Driver,CID959803,Bike,Kammanahalli,MG Road,,,Not Applicable,Customer related issue,Not Applicable,Not Applicable,456,Not Applicable,0,,
2024-07-17 04:13:00,CNR2969867683,Success,CID606630,Prime Plus,RT Nagar,RT Nagar,140.0,25.0,Not Applicable,Not Applicable,No,Not Applicable,2250,UPI,21,3.3,4.8
2024-07-06 18:26:00,CNR3498463034,Canceled by Customer,CID557591,Mini,Jayanagar,Peenya,,,Driver is not moving towards pickup location,Not Applicable,Not Applicable,Not Applicable,643,Not Applicable,0,,
2024-07-25 19:16:00,CNR2365331663,Canceled by Driver,CID579918,Prime SUV,Malleshwaram,Hennur,,,Not Applicable,Personal & Car related issue,Not Applicable,Not Applicable,2806,Not Applicable,0,,
2024-07-01 23:32:00,CNR1998518105,Success,CID407035,Prime Sedan,Mysore Road,Chickpet,63.0,140.0,Not Applicable,Not Applicable,No,Not Applicable,2374,Cash,40,4.8,4.8
2024-07-29 08:26:00,CNR8646306305,Canceled by Customer,CID576984,Mini,Shivajinagar,HSR Layout,,,AC is Not working,Not Applicable,Not Applicable,Not Applicable,1677,Not Applicable,0,,
2024-07-04 15:14:00,CNR4709578311,Success,CID389642,eBike,Magadi Road,JP Nagar,98.0,105.0,Not Applicable,Not Applicable,No,Not Applicable,460,UPI,22,3.4,3.3
2024-07-17 18:18:00,CNR5833954419,Success,CID700715,Prime SUV,Nagarbhavi,Basavanagudi,35.0,25.0,Not Applicable,Not Applicable,No,Not Applicable,119,UPI,13,4.8,4.1
2024-07-09 01:16:00,CNR8872038379,Success,CID873266,Prime SUV,Shantinagar,Devanahalli,140.0,45.0,Not Applicable,Not Applicable,No,Not Applicable,125,Cash,46,4.0,3.3
2024-07-05 06:30:00,CNR1254525075,Canceled by Driver,CID958093,Auto,Yelahanka,Malleshwaram,,,Not Applicable,More than permitted people in there,Not Applicable,Not Applicable,652,Not Applicable,0,,
2024-07-20 14:38:00,CNR6831275349,Driver Not Found,CID661527,Mini,BTM Layout,Chickpet,,,Not Applicable,Not Applicable,Not Applicable,Not Applicable,480,Not Applicable,0,,
2024-07-14 15:29:00,CNR6488484082,Success,CID153188,eBike,Richmond Town,Yelahanka,161.0,25.0,Not Applicable,Not Applicable,No,Not Applicable,561,Cash,9,3.7,3.9
2024-07-05 08:24:00,CNR9100328251,Driver Not Found,CID168572,Prime SUV,Hulimavu,Kadugodi,,,Not Applicable,Not Applicable,Not Applicable,Not Applicable,339,Not Applicable,0,,
2024-07-23 13:00:00,CNR3199696276,Canceled by Customer,CID726536,Prime SUV,Magadi Road,Ulsoor,,,Driver is not moving towards pickup location,Not Applicable,Not Applicable,Not Applicable,2968,Not Applicable,0,,
2024-07-14 03:00:00,CNR5541993808,Canceled by Customer,CID522004,eBike,Whitefield,MG Road,,,Driver asked to cancel,Not Applicable,Not Applicable,Not Applicable,2089,Not Applicable,0,,
2024-07-22 15:04:00,CNR3083392039,Success,CID611728,eBike,Cox Town,Peenya,294.0,80.0,Not Applicable,Not Applicable,No,Not Applicable,829,Cash,47,3.2,4.8
2024-07-11 18:36:00,CNR1764290734,Success,CID672482,Prime SUV,Magadi Road,Jayanagar,140.0,40.0,Not Applicable,Not Applicable,No,Not Applicable,1207,Cash,8,3.8,3.9
2024-07-17 18:43:00,CNR7272766342,Canceled by Driver,CID669778,Prime Sedan,Mysore Road,Nagarbhavi,,,Not Applicable,Customer was coughing/sick,Not Applicable,Not Applicable,689,Not Applicable,0,,
2024-07-09 05:52:00,CNR3494048141,Success,CID518287,Prime SUV,Kammanahalli,JP Nagar,245.0,65.0,Not Applicable,Not Applicable,No,Not Applicable,716,UPI,39,3.7,4.1
2024-07-22 11:13:00,CNR4057193330,Canceled by Driver,CID391051,Auto,Varthur,JP Nagar,,,Not Applicable,Personal & Car related issue,Not Applicable,Not Applicable,320,Not Applicable,0,,
2024-07-16 02:54:00,CNR4155389769,Success,CID813125,Prime SUV,Electronic City,Devanahalli,280.0,100.0,Not Applicable,Not Applicable,No,Not Applicable,126,Cash,27,3.9,4.8
2024-07-22 18:59:00,CNR6453486039,Success,CID824885,eBike,Sahakar Nagar,Whitefield,112.0,85.0,Not Applicable,Not Applicable,No,Not Applicable,430,UPI,33,4.7,3.5
2024-07-17 19:19:00,CNR2547105337,Success,CID814516,Mini,Jayanagar,Cox Town,252.0,140.0,Not Applicable,Not Applicable,No,Not Applicable,393,UPI,34,3.2,4.6
2024-07-19 05:13:00,CNR2628959939,Success,CID320327,Prime Sedan,Rajarajeshwari Nagar,Majestic,126.0,70.0,Not Applicable,Not Applicable,No,Not Applicable,162,Cash,24,3.4,4.8
2024-07-08 04:48:00,CNR9806726241,Success,CID378608,Bike,Majestic,Marathahalli,161.0,115.0,Not Applicable,Not Applicable,No,Not Applicable,815,Cash,13,4.2,3.3
2024-07-12 00:44:00,CNR9708110349,Canceled by Customer,CID991938,Bike,Electronic City,Whitefield,,,Driver asked to cancel,Not Applicable,Not Applicable,Not Applicable,856,Not Applicable,0,,
2024-07-29 12:52:00,CNR2964331826,Success,CID222004,Mini,KR Puram,Chamarajpet,140.0,45.0,Not Applicable,Not Applicable,No,Not Applicable,366,UPI,27,4.3,3.3
2024-07-04 12:43:00,CNR3170142585,Success,CID951469,Prime Plus,JP Nagar,Banashankari,140.0,105.0,Not Applicable,Not Applicable,No,Not Applicable,854,Credit Card,40,3.3,3.4
2024-07-04 22:46:00,CNR6497343405,Success,CID624813,Bike,Yeshwanthpur,Malleshwaram,98.0,105.0,Not Applicable,Not Applicable,No,Not Applicable,133,Cash,10,3.8,3.4
2024-07-04 23:54:00,CNR6417423567,Success,CID976117,Prime SUV,Varthur,Mysore Road,56.0,25.0,Not Applicable,Not Applicable,Yes,Vehicle Breakdown,446,UPI,34,3.9,4.3
2024-07-23 05:30:00,CNR1853350398,Canceled by Driver,CID411654,Bike,Tumkur Road,Richmond Town,,,Not Applicable,More than permitted people in there,Not Applicable,Not Applicable,750,Not Applicable,0,,
2024-07-20 14:49:00,CNR7703529594,Success,CID815699,Mini,Yeshwanthpur,Kadugodi,259.0,100.0,Not Applicable,Not Applicable,No,Not Applicable,999,Cash,21,4.8,4.3
2024-07-05 06:40:00,CNR1545791947,Canceled by Driver,CID682166,Prime Plus,Padmanabhanagar,Chamarajpet,,,Not Applicable,Customer was coughing/sick,Not Applicable,Not Applicable,169,Not Applicable,0,,
2024-07-19 07:41:00,CNR1419327732,Canceled by Customer,CID800600,eBike,Yelahanka,Hebbal,,,Driver is not moving towards pickup location,Not Applicable,Not Applicable,Not Applicable,550,Not Applicable,0,,
2024-07-27 19:32:00,CNR8578139177,Success,CID597100,Prime SUV,MG Road,Bellandur,91.0,130.0,Not Applicable,Not Applicable,No,Not Applicable,2559,Cash,24,4.5,4.8
2024-07-04 20:04:00,CNR6733251866,Driver Not Found,CID802522,Bike,JP Nagar,Nagarbhavi,,,Not Applicable,Not Applicable,Not Applicable,Not Applicable,538,Not Applicable,0,,
2024-07-10 02:06:00,CNR2582920768,Canceled by Customer,CID163291,Mini,Indiranagar,BTM Layout,,,Driver is not moving towards pickup location,Not Applicable,Not Applicable,Not Applicable,258,Not Applicable,0,,
2024-07-23 15:49:00,CNR6576879580,Canceled by Customer,CID236632,Mini,MG Road,Bellandur,,,Driver is not moving towards pickup location,Not Applicable,Not Applicable,Not Applicable,328,Not Applicable,0,,
2024-07-13 22:02:00,CNR4304021438,Success,CID934658,Bike,Sahakar Nagar,Jayanagar,49.0,45.0,Not Applicable,Not Applicable,No,Not Applicable,250,Cash,24,3.5,3.0
2024-07-19 01:56:00,CNR6387943897,Canceled by Customer,CID665356,Auto,Mysore Road,HSR Layout,,,Change of plans,Not Applicable,Not Applicable,Not Applicable,1895,Not Applicable,0,,
2024-07-09 03:40:00,CNR7653063861,Success,CID616856,Bike,Hebbal,Hulimavu,189.0,85.0,Not Applicable,Not Applicable,No,Not Applicable,160,Cash,26,3.9,3.7
2024-07-24 16:37:00,CNR8713598637,Canceled by Driver,CID113884,Auto,Cox Town,Cox Town,,,Not Applicable,Customer related issue,Not Applicable,Not Applicable,526,Not Applicable,0,,
2024-07-20 07:03:00,CNR1866460170,Canceled by Driver,CID160315,Bike,Kengeri,Nagarbhavi,,,Not Applicable,Customer related issue,Not Applicable,Not Applicable,173,Not Applicable,0,,
2024-07-07 16:49:00,CNR7399330077,Success,CID482190,Auto,HSR Layout,Rajarajeshwari Nagar,147.0,35.0,Not Applicable,Not Applicable,No,Not Applicable,199,UPI,5,3.0,3.7
2024-07-06 05:49:00,CNR9064799326,Success,CID665398,eBike,JP Nagar,Langford Town,203.0,110.0,Not Applicable,Not Applicable,No,Not Applicable,259,Cash,11,4.2,3.6
2024-07-02 15:52:00,CNR8301193083,Driver Not Found,CID455829,Bike,RT Nagar,Chamarajpet,,,Not Applicable,Not Applicable,Not Applicable,Not Applicable,401,Not Applicable,0,,
2024-07-15 02:48:00,CNR2401720633,Success,CID738811,Mini,Nagarbhavi,RT Nagar,35.0,110.0,Not Applicable,Not Applicable,Yes,Customer Demand,157,UPI,32,4.3,3.7
2024-07-12 10:26:00,CNR5498144500,Success,CID101834,Prime SUV,Vijayanagar,Rajajinagar,84.0,145.0,Not Applicable,Not Applicable,No,Not Applicable,979,Credit Card,13,3.9,3.6
2024-07-10 13:41:00,CNR9445018854,Success,CID241495,Prime SUV,Jayanagar,Kengeri,84.0,90.0,Not Applicable,Not Applicable,No,Not Applicable,362,Cash,36,4.3,3.9
2024-07-23 20:42:00,CNR5850662729,Driver Not Found,CID291345,Mini,Peenya,Tumkur Road,,,Not Applicable,Not Applicable,Not Applicable,Not Applicable,158,Not Applicable,0,,
2024-07-06 15:21:00,CNR8660856328,Canceled by Driver,CID667038,Prime Sedan,HSR Layout,Yelahanka,,,Not Applicable,Personal & Car related issue,Not Applicable,Not Applicable,1827,Not Applicable,0,,
2024-07-14 22:07:00,CNR4131346331,Success,CID213700,Mini,KR Puram,Banashankari,91.0,55.0,Not Applicable,Not Applicable,No,Not Applicable,480,UPI,7,4.6,4.8
2024-07-04 18:28:00,CNR5708954973,Canceled by Driver,CID768655,Auto,Ramamurthy Nagar,Whitefield,,,Not Applicable,More than permitted people in there,Not Applicable,Not Applicable,480,Not Applicable,0,,
2024-07-30 08:55:00,CNR5490242072,Success,CID471413,Prime Sedan,Mysore Road,Hebbal,77.0,110.0,Not Applicable,Not Applicable,No,Not Applicable,179,Credit Card,13,4.0,4.3
2024-07-27 22:16:00,CNR1275426636,Success,CID711791,Prime SUV,Majestic,MG Road,231.0,125.0,Not Applicable,Not Applicable,No,Not Applicable,142,UPI,26,4.3,3.3
2024-07-12 01:50:00,CNR9014180182,Success,CID915345,Prime Sedan,Shantinagar,MG Road,203.0,55.0,Not Applicable,Not Applicable,No,Not Applicable,179,UPI,44,3.1,4.0
2024-07-07 01:04:00,CNR3659758049,Canceled by Driver,CID261158,Prime SUV,Kengeri,Malleshwaram,,,Not Applicable,Personal & Car related issue,Not Applicable,Not Applicable,937,Not Applicable,0,,
2024-07-06 05:08:00,CNR9955728247,Canceled by Driver,CID554476,Prime Sedan,Kadugodi,Langford Town,,,Not Applicable,Customer related issue,Not Applicable,Not Applicable,323,Not Applicable,0,,
2024-07-29 09:18:00,CNR6391843578,Driver Not Found,CID570281,Prime SUV,Chickpet,Richmond Town,,,Not Applicable,Not Applicable,Not Applicable,Not Applicable,234,Not Applicable,0,,
2024-07-25 19:22:00,CNR5660103969,Success,CID138688,Bike,BTM Layout,Chickpet,126.0,65.0,Not Applicable,Not Applicable,No,Not Applicable,492,UPI,11,4.5,4.7
2024-07-29 11:17:00,CNR6142329645,Canceled by Customer,CID120092,Bike,Marathahalli,Padmanabhanagar,,,AC is Not working,Not Applicable,Not Applicable,Not Applicable,163,Not Applicable,0,,
2024-07-22 15:01:00,CNR4005118234,Success,CID935636,Mini,Nagarbhavi,Vijayanagar,56.0,80.0,Not Applicable,Not Applicable,No,Not Applicable,667,UPI,22,3.9,3.3
2024-07-06 04:35:00,CNR7495953937,Success,CID290807,Bike,Cox Town,Rajarajeshwari Nagar,224.0,75.0,Not Applicable,Not Applicable,No,Not Applicable,464,Cash,8,3.4,3.4
2024-07-24 02:48:00,CNR9175314064,Success,CID510362,Auto,BTM Layout,Mysore Road,56.0,115.0,Not Applicable,Not Applicable,No,Not Applicable,249,Cash,9,3.9,3.1
2024-07-26 23:20:00,CNR7213409319,Success,CID398375,Prime Plus,Ramamurthy Nagar,Hebbal,35.0,55.0,Not Applicable,Not Applicable,No,Not Applicable,420,Debit Card,31,4.5,3.9
2024-07-08 14:04:00,CNR9588146615,Success,CID451745,eBike,Banashankari,Magadi Road,280.0,75.0,Not Applicable,Not Applicable,Yes,Other Issue,603,Cash,40,4.6,4.6
2024-07-01 04:16:00,CNR3168778669,Canceled by Driver,CID202155,Prime Sedan,Yeshwanthpur,Bannerghatta Road,,,Not Applicable,Personal & Car related issue,Not Applicable,Not Applicable,256,Not Applicable,0,,
2024-07-13 11:43:00,CNR7271132721,Success,CID394820,eBike,Koramangala,Frazer Town,35.0,130.0,Not Applicable,Not Applicable,No,Not Applicable,476,UPI,11,4.5,3.6
2024-07-15 10:05:00,CNR9342844074,Canceled by Customer,CID676086,Prime Plus,Sahakar Nagar,Sarjapur Road,,,Driver is not moving towards pickup location,Not Applicable,Not Applicable,Not Applicable,501,Not Applicable,0,,
2024-07-15 14:46:00,CNR2873945564,Success,CID842676,eBike,Tumkur Road,Bannerghatta Road,189.0,30.0,Not Applicable,Not Applicable,No,Not Applicable,263,UPI,23,3.2,4.9
2024-07-19 05:35:00,CNR9654786188,Success,CID443846,Prime SUV,Richmond Town,Kadugodi,35.0,145.0,Not Applicable,Not Applicable,No,Not Applicable,387,Cash,30,4.2,4.2
2024-07-05 17:41:00,CNR8556639699,Canceled by Driver,CID329334,Auto,Jayanagar,Padmanabhanagar,,,Not Applicable,Personal & Car related issue,Not Applicable,Not Applicable,203,Not Applicable,0,,
2024-07-10 14:15:00,CNR6880435891,Success,CID663450,Prime Sedan,Chamarajpet,Richmond Town,140.0,90.0,Not Applicable,Not Applicable,No,Not Applicable,824,UPI,19,3.8,3.3
2024-07-02 18:51:00,CNR7441897086,Success,CID418419,Auto,RT Nagar,KR Puram,126.0,75.0,Not Applicable,Not Applicable,No,Not Applicable,385,UPI,15,3.5,4.0
2024-07-29 02:12:00,CNR6203823112,Canceled by Driver,CID180717,Prime Sedan,Koramangala,Sahakar Nagar,,,Not Applicable,Customer was coughing/sick,Not Applicable,Not Applicable,448,Not Applicable,0,,
2024-07-27 13:52:00,CNR7221522057,Canceled by Driver,CID655358,Bike,Bannerghatta Road,Koramangala,,,Not Applicable,Customer was coughing/sick,Not Applicable,Not Applicable,145,Not Applicable,0,,
2024-07-10 14:44:00,CNR7597481090,Success,CID303095,eBike,MG Road,Devanahalli,63.0,140.0,Not Applicable,Not Applicable,No,Not Applicable,126,Cash,1,4.5,3.4
2024-07-18 11:50:00,CNR2646076696,Success,CID381594,eBike,Rajarajeshwari Nagar,Rajajinagar,252.0,60.0,Not Applicable,Not Applicable,No,Not Applicable,789,UPI,16,3.7,4.6
2024-07-19 19:33:00,CNR9053670187,Success,CID448442,Prime Sedan,Magadi Road,Hosur Road,231.0,125.0,Not Applicable,Not Applicable,No,Not Applicable,413,UPI,11,5.0,3.8
2024-07-12 20:48:00,CNR7999519578,Success,CID584627,Bike,Hebbal,Ramamurthy Nagar,210.0,115.0,Not Applicable,Not Applicable,No,Not Applicable,368,Cash,17,3.9,4.1
2024-07-13 10:54:00,CNR8983941300,Success,CID475434,Prime Plus,Tumkur Road,Hosur Road,63.0,90.0,Not Applicable,Not Applicable,No,Not Applicable,316,UPI,31,4.4,4.1
2024-07-10 01:07:00,CNR3812484184,Driver Not Found,CID848796,Prime SUV,Chamarajpet,Mysore Road,,,Not Applicable,Not Applicable,Not Applicable,Not Applicable,1680,Not Applicable,0,,
2024-07-08 09:57:00,CNR3986435010,Success,CID795759,Mini,Mysore Road,Peenya,182.0,115.0,Not Applicable,Not Applicable,No,Not Applicable,148,Cash,19,4.2,4.7
2024-07-17 05:56:00,CNR9715468360,Driver Not Found,CID624126,Prime Sedan,Mysore Road,Peenya,,,Not Applicable,Not Applicable,Not Applicable,Not Applicable,215,Not Applicable,0,,
2024-07-18 15:17:00,CNR8912440221,Success,CID149961,Prime SUV,Banashankari,Tumkur Road,98.0,135.0,Not Applicable,Not Applicable,No,Not Applicable,301,UPI,4,3.0,4.6
2024-07-10 02:01:00,CNR6316934474,Canceled by Driver,CID690573,Prime Sedan,Vijayanagar,Hulimavu,,,Not Applicable,Customer related issue,Not Applicable,Not Applicable,230,Not Applicable,0,,
2024-07-04 23:44:00,CNR2750828846,Canceled by Driver,CID478001,Prime Sedan,Magadi Road,Ramamurthy Nagar,,,Not Applicable,Personal & Car related issue,Not Applicable,Not Applicable,345,Not Applicable,0,,
2024-07-28 09:20:00,CNR2003145454,Canceled by Driver,CID553119,Auto,Nagarbhavi,Yeshwanthpur,,,Not Applicable,Customer related issue,Not Applicable,Not Applicable,222,Not Applicable,0,,
2024-07-16 14:09:00,CNR6030618099,Success,CID160318,Prime Sedan,Ramamurthy Nagar,Frazer Town,56.0,95.0,Not Applicable,Not Applicable,No,Not Applicable,397,UPI,10,4.9,4.0
2024-07-05 05:16:00,CNR7024883526,Success,CID680178,Bike,Sarjapur Road,Cox Town,168.0,135.0,Not Applicable,Not Applicable,No,Not Applicable,160,Cash,35,4.3,4.0
2024-07-19 10:14:00,CNR3825529378,Success,CID499833,Prime SUV,Kammanahalli,Bannerghatta Road,84.0,95.0,Not Applicable,Not Applicable,No,Not Applicable,960,UPI,7,3.3,4.2
2024-07-03 18:45:00,CNR7741557870,Success,CID428058,Prime Plus,Indiranagar,RT Nagar,210.0,145.0,Not Applicable,Not Applicable,No,Not Applicable,185,Cash,20,4.0,3.7
2024-07-20 14:32:00,CNR6810011558,Success,CID990632,Prime SUV,Rajarajeshwari Nagar,BTM Layout,119.0,90.0,Not Applicable,Not Applicable,No,Not Applicable,203,UPI,17,3.6,4.9
2024-07-01 05:03:00,CNR5738544287,Driver Not Found,CID857898,Mini,Koramangala,Bellandur,,,Not Applicable,Not Applicable,Not Applicable,Not Applicable,397,Not Applicable,0,,
2024-07-27 00:38:00,CNR2287104723,Success,CID443669,Prime Plus,Bannerghatta Road,HSR Layout,105.0,55.0,Not Applicable,Not Applicable,No,Not Applicable,981,Cash,34,4.7,4.1
2024-07-28 04:34:00,CNR7937913042,Success,CID334914,Prime Plus,Nagarbhavi,Malleshwaram,203.0,115.0,Not Applicable,Not Applicable,No,Not Applicable,414,Cash,15,4.6,4.2
2024-07-24 14:26:00,CNR5667134227,Success,CID911280,Auto,Devanahalli,BTM Layout,224.0,45.0,Not Applicable,Not Applicable,No,Not Applicable,1328,Cash,1,4.6,3.6
2024-07-16 09:58:00,CNR1318551348,Success,CID884624,Prime SUV,Hulimavu,Chickpet,210.0,45.0,Not Applicable,Not Applicable,No,Not Applicable,414,Debit Card,26,3.2,4.2
2024-07-25 09:56:00,CNR8864433229,Success,CID879833,Auto,Hosur Road,Devanahalli,252.0,110.0,Not Applicable,Not Applicable,No,Not Applicable,174,UPI,9,3.2,4.1
2024-07-01 19:45:00,CNR6563896521,Driver Not Found,CID335006,Bike,MG Road,Hosur Road,,,Not Applicable,Not Applicable,Not Applicable,Not Applicable,122,Not Applicable,0,,
2024-07-14 15:13:00,CNR1564752318,Canceled by Driver,CID470550,eBike,Hebbal,Koramangala,,,Not Applicable,Customer was coughing/sick,Not Applicable,Not Applicable,810,Not Applicable,0,,
2024-07-12 16:59:00,CNR4378399703,Driver Not Found,CID792113,Prime Sedan,KR Puram,Kadugodi,,,Not Applicable,Not Applicable,Not Applicable,Not Applicable,673,Not Applicable,0,,
2024-07-30 17:23:00,CNR4204268867,Success,CID539021,Mini,Bellandur,Basavanagudi,154.0,90.0,Not Applicable,Not Applicable,No,Not Applicable,348,Cash,42,3.3,3.8
2024-07-18 04:25:00,CNR3522691065,Canceled by Customer,CID708837,eBike,RT Nagar,Cox Town,,,Change of plans,Not Applicable,Not Applicable,Not Applicable,169,Not Applicable,0,,
2024-07-19 23:43:00,CNR5879750847,Success,CID245948,Mini,Yeshwanthpur,Sarjapur Road,154.0,115.0,Not Applicable,Not Applicable,No,Not Applicable,2821,UPI,45,4.8,3.7
2024-07-27 15:01:00,CNR9423618903,Success,CID341185,Prime Sedan,RT Nagar,Frazer Town,280.0,40.0,Not Applicable,Not Applicable,No,Not Applicable,263,Cash,17,4.5,3.1
2024-07-18 08:33:00,CNR1333941571,Success,CID469416,Bike,Rajajinagar,Bannerghatta Road,126.0,80.0,Not Applicable,Not Applicable,No,Not Applicable,244,Credit Card,28,3.5,3.8
2024-07-08 00:58:00,CNR3829936272,Success,CID707194,Prime Plus,Yeshwanthpur,Richmond Town,245.0,85.0,Not Applicable,Not Applicable,No,Not Applicable,191,UPI,11,4.4,4.8
2024-07-19 09:14:00,CNR3352619293,Success,CID771028,Prime Plus,Ulsoor,BTM Layout,252.0,70.0,Not Applicable,Not Applicable,No,Not Applicable,195,UPI,28,3.9,3.4
2024-07-30 02:14:00,CNR8428833411,Success,CID136882,Prime Plus,Koramangala,Sahakar Nagar,77.0,40.0,Not Applicable,Not Applicable,No,Not Applicable,291,Cash,13,3.6,3.5
2024-07-10 03:29:00,CNR5888355136,Success,CID904161,Prime SUV,Basavanagudi,Ramamurthy Nagar,301.0,130.0,Not Applicable,Not Applicable,No,Not Applicable,335,UPI,28,3.9,3.1
2024-07-08 09:10:00,CNR5188723776,Success,CID887945,Prime Sedan,Hebbal,Indiranagar,294.0,110.0,Not Applicable,Not Applicable,Yes,Customer Demand,646,UPI,30,4.1,4.3
2024-07-10 21:04:00,CNR6518142239,Driver Not Found,CID648437,Prime SUV,Magadi Road,Mysore Road,,,Not Applicable,Not Applicable,Not Applicable,Not Applicable,471,Not Applicable,0,,
2024-07-23 12:15:00,CNR4021409635,Success,CID183289,eBike,Hennur,Tumkur Road,84.0,50.0,Not Applicable,Not Applicable,No,Not Applicable,358,Credit Card,14,3.2,3.3
2024-07-30 09:50:00,CNR9024777262,Success,CID694299,Mini,Electronic City,Langford Town,266.0,40.0,Not Applicable,Not Applicable,No,Not Applicable,434,UPI,17,4.4,4.2
2024-07-12 06:11:00,CNR7570701885,Success,CID326857,Prime SUV,Tumkur Road,BTM Layout,224.0,125.0,Not Applicable,Not Applicable,No,Not Applicable,767,UPI,30,3.9,4.3
2024-07-05 06:28:00,CNR2639354980,Success,CID997218,eBike,Koramangala,Shantinagar,308.0,25.0,Not Applicable,Not Applicable,No,Not Applicable,490,UPI,16,3.7,3.2
2024-07-03 07:17:00,CNR1795113209,Canceled by Customer,CID781189,Prime Plus,Basavanagudi,Hulimavu,,,Driver asked to cancel,Not Applicable,Not Applicable,Not Applicable,299,Not Applicable,0,,
2024-07-12 17:03:00,CNR4389125629,Success,CID586017,Mini,Vijayanagar,Bellandur,189.0,45.0,Not Applicable,Not Applicable,No,Not Applicable,997,Cash,5,5.0,4.7
2024-07-25 21:48:00,CNR3797834864,Success,CID197194,Auto,Banashankari,Hosur Road,210.0,105.0,Not Applicable,Not Applicable,No,Not Applicable,306,UPI,3,3.2,4.1
2024-07-04 11:36:00,CNR3125380987,Success,CID895694,Mini,Ramamurthy Nagar,Sahakar Nagar,63.0,50.0,Not Applicable,Not Applicable,No,Not Applicable,214,Cash,28,4.2,3.2
2024-07-18 16:59:00,CNR8799981034,Success,CID111228,Auto,Chamarajpet,Ramamurthy Nagar,133.0,115.0,Not Applicable,Not Applicable,No,Not Applicable,325,UPI,19,3.2,4.0
2024-07-02 22:21:00,CNR8459706155,Canceled by Driver,CID369543,Prime Sedan,Malleshwaram,Shantinagar,,,Not Applicable,Customer related issue,Not Applicable,Not Applicable,483,Not Applicable,0,,
2024-07-11 22:23:00,CNR1004148737,Success,CID283897,Bike,Koramangala,Whitefield,126.0,120.0,Not Applicable,Not Applicable,No,Not Applicable,362,Cash,47,3.9,3.2
2024-07-18 21:27:00,CNR5521963911,Driver Not Found,CID947275,Prime SUV,Malleshwaram,Chickpet,,,Not Applicable,Not Applicable,Not Applicable,Not Applicable,241,Not Applicable,0,,
2024-07-01 03:00:00,CNR7013685952,Success,CID510082,Prime Plus,Varthur,MG Road,154.0,40.0,Not Applicable,Not Applicable,No,Not Applicable,1327,UPI,39,3.3,4.6
2024-07-23 18:06:00,CNR1735056739,Success,CID968231,Mini,Varthur,Magadi Road,63.0,95.0,Not Applicable,Not Applicable,No,Not Applicable,545,UPI,29,4.4,4.4
2024-07-09 11:49:00,CNR7869719182,Canceled by Customer,CID551420,eBike,Devanahalli,Kammanahalli,,,Driver is not moving towards pickup location,Not Applicable,Not Applicable,Not Applicable,107,Not Applicable,0,,
2024-07-11 10:55:00,CNR8729593561,Canceled by Driver,CID671221,Mini,Malleshwaram,Kengeri,,,Not Applicable,Customer related issue,Not Applicable,Not Applicable,921,Not Applicable,0,,
2024-07-09 14:02:00,CNR2402240428,Success,CID429763,eBike,Frazer Town,Hennur,105.0,60.0,Not Applicable,Not Applicable,No,Not Applicable,666,UPI,42,3.2,4.1
2024-07-03 23:36:00,CNR1576198303,Canceled by Driver,CID265534,Prime SUV,Sarjapur Road,Kammanahalli,,,Not Applicable,Personal & Car related issue,Not Applicable,Not Applicable,258,Not Applicable,0,,
2024-07-23 07:52:00,CNR9024687411,Canceled by Customer,CID534715,Prime Sedan,Kengeri,HSR Layout,,,Change of plans,Not Applicable,Not Applicable,Not Applicable,223,Not Applicable,0,,
2024-07-12 20:31:00,CNR4252181655,Canceled by Driver,CID565126,Prime SUV,Shivajinagar,Devanahalli,,,Not Applicable,Personal & Car related issue,Not Applicable,Not Applicable,123,Not Applicable,0,,
2024-07-23 21:00:00,CNR6373279528,Success,CID158119,Auto,Langford Town,Devanahalli,182.0,35.0,Not Applicable,Not Applicable,No,Not Applicable,328,UPI,1,3.7,3.1
2024-07-05 16:19:00,CNR8864146210,Canceled by Driver,CID574453,Bike,Vijayanagar,Sahakar Nagar,,,Not Applicable,Personal & Car related issue,Not Applicable,Not Applicable,447,Not Applicable,0,,
2024-07-18 22:43:00,CNR4245691587,Success,CID786776,Auto,Marathahalli,Hulimavu,245.0,75.0,Not Applicable,Not Applicable,No,Not Applicable,246,UPI,6,4.4,3.6
2024-07-29 09:25:00,CNR4451183413,Success,CID493599,eBike,Yeshwanthpur,Nagarbhavi,70.0,130.0,Not Applicable,Not Applicable,No,Not Applicable,280,Cash,13,3.8,3.0
2024-07-19 11:05:00,CNR5848721640,Canceled by Customer,CID537043,Prime SUV,Richmond Town,Frazer Town,,,AC is Not working,Not Applicable,Not Applicable,Not Applicable,429,Not Applicable,0,,
2024-07-02 12:30:00,CNR1306217581,Canceled by Customer,CID457373,Prime SUV,BTM Layout,Chickpet,,,Driver asked to cancel,Not Applicable,Not Applicable,Not Applicable,697,Not Applicable,0,,
2024-07-15 04:49:00,CNR4281024854,Success,CID923624,Prime Sedan,JP Nagar,Bellandur,154.0,145.0,Not Applicable,Not Applicable,No,Not Applicable,304,Cash,40,3.8,4.2
2024-07-04 17:11:00,CNR5789880486,Driver Not Found,CID608867,Prime SUV,RT Nagar,Shantinagar,,,Not Applicable,Not Applicable,Not Applicable,Not Applicable,134,Not Applicable,0,,
2024-07-23 05:08:00,CNR4897057958,Success,CID690453,eBike,Ulsoor,Basavanagudi,161.0,110.0,Not Applicable,Not Applicable,No,Not Applicable,722,UPI,18,3.3,4.4
2024-07-04 20:53:00,CNR1047618925,Success,CID550411,Auto,Electronic City,Kammanahalli,35.0,25.0,Not Applicable,Not Applicable,No,Not Applicable,474,Cash,3,3.2,3.2
2024-07-12 14:23:00,CNR9384193959,Success,CID495733,Auto,Sarjapur Road,Hulimavu,252.0,80.0,Not Applicable,Not Applicable,No,Not Applicable,469,Cash,14,4.4,3.0
2024-07-21 14:46:00,CNR8490504769,Success,CID881034,Prime Sedan,Rajarajeshwari Nagar,Sarjapur Road,203.0,95.0,Not Applicable,Not Applicable,No,Not Applicable,294,Cash,5,4.9,3.5
2024-07-21 17:44:00,CNR1131763487,Success,CID846541,Prime Plus,Yeshwanthpur,Kammanahalli,98.0,130.0,Not Applicable,Not Applicable,No,Not Applicable,564,UPI,31,3.8,3.2
2024-07-05 13:18:00,CNR6774756613,Success,CID355133,Auto,MG Road,Shivajinagar,252.0,25.0,Not Applicable,Not Applicable,No,Not Applicable,428,Cash,15,3.4,3.2
2024-07-02 07:23:00,CNR9279575373,Success,CID170097,Prime Sedan,JP Nagar,Kengeri,133.0,135.0,Not Applicable,Not Applicable,No,Not Applicable,462,Cash,33,3.1,4.0
2024-07-12 13:15:00,CNR4212249628,Success,CID536872,Auto,RT Nagar,Ramamurthy Nagar,126.0,60.0,Not Applicable,Not Applicable,No,Not Applicable,476,Cash,17,3.2,3.9
2024-07-14 20:07:00,CNR7886575318,Success,CID962818,Prime Sedan,Varthur,Kengeri,224.0,85.0,Not Applicable,Not Applicable,No,Not Applicable,583,Cash,41,4.5,5.0
2024-07-17 12:24:00,CNR1118496133,Success,CID298144,eBike,Devanahalli,Banashankari,140.0,30.0,Not Applicable,Not Applicable,No,Not Applicable,117,Cash,37,4.0,4.6
2024-07-27 14:33:00,CNR6076586722,Success,CID140060,Bike,Whitefield,BTM Layout,56.0,80.0,Not Applicable,Not Applicable,No,Not Applicable,593,Cash,24,3.8,3.1
2024-07-18 13:48:00,CNR1316485338,Canceled by Customer,CID251611,Prime Plus,Jayanagar,Marathahalli,,,Driver is not moving towards pickup location,Not Applicable,Not Applicable,Not Applicable,266,Not Applicable,0,,
2024-07-09 02:16:00,CNR5517026121,Success,CID823005,Bike,Marathahalli,Kadugodi,182.0,80.0,Not Applicable,Not Applicable,No,Not Applicable,339,UPI,48,3.2,4.0
2024-07-15 03:27:00,CNR7339380307,Success,CID510770,Prime Plus,Whitefield,Sarjapur Road,308.0,100.0,Not Applicable,Not Applicable,No,Not Applicable,240,Credit Card,21,4.6,3.5
2024-07-29 01:48:00,CNR5548230028,Success,CID449989,Prime Sedan,Malleshwaram,Ulsoor,56.0,145.0,Not Applicable,Not Applicable,No,Not Applicable,146,UPI,6,4.5,3.1
2024-07-25 01:09:00,CNR3924207398,Success,CID849705,Auto,Rajajinagar,Shantinagar,238.0,140.0,Not Applicable,Not Applicable,No,Not Applicable,162,Cash,18,4.7,4.2
2024-07-19 09:09:00,CNR7040069301,Success,CID186614,Mini,MG Road,Langford Town,259.0,110.0,Not Applicable,Not Applicable,No,Not Applicable,293,Cash,22,3.8,3.9
2024-07-30 09:18:00,CNR9085219115,Success,CID906161,Mini,Electronic City,Richmond Town,238.0,75.0,Not Applicable,Not Applicable,No,Not Applicable,117,Cash,48,3.3,4.9
2024-07-26 04:53:00,CNR8754201211,Canceled by Driver,CID168841,Prime Plus,Hebbal,Kengeri,,,Not Applicable,Customer related issue,Not Applicable,Not Applicable,839,Not Applicable,0,,
2024-07-14 10:01:00,CNR3484862295,Driver Not Found,CID186560,Prime Sedan,RT Nagar,Electronic City,,,Not Applicable,Not Applicable,Not Applicable,Not Applicable,228,Not Applicable,0,,
2024-07-10 03:24:00,CNR1430542374,Driver Not Found,CID463509,Mini,Varthur,Frazer Town,,,Not Applicable,Not Applicable,Not Applicable,Not Applicable,392,Not Applicable,0,,
2024-07-15 16:13:00,CNR8307388102,Canceled by Driver,CID394599,Prime Sedan,KR Puram,MG Road,,,Not Applicable,Personal & Car related issue,Not Applicable,Not Applicable,206,Not Applicable,0,,
2024-07-10 05:48:00,CNR2954551219,Success,CID401330,Prime Sedan,Ramamurthy Nagar,JP Nagar,245.0,35.0,Not Applicable,Not Applicable,No,Not Applicable,426,Cash,16,3.0,4.2
2024-07-02 20:17:00,CNR4316551596,Canceled by Driver,CID566523,Prime SUV,JP Nagar,Bellandur,,,Not Applicable,Personal & Car related issue,Not Applicable,Not Applicable,824,Not Applicable,0,,
2024-07-15 10:43:00,CNR5912970515,Success,CID430733,eBike,Chickpet,Rajajinagar,196.0,25.0,Not Applicable,Not Applicable,No,Not Applicable,441,Cash,1,4.5,4.4
2024-07-07 23:47:00,CNR7643844288,Canceled by Driver,CID846714,Prime SUV,Varthur,Indiranagar,,,Not Applicable,Personal & Car related issue,Not Applicable,Not Applicable,403,Not Applicable,0,,
2024-07-17 19:09:00,CNR3062360741,Success,CID220301,Prime Sedan,Magadi Road,Kammanahalli,77.0,25.0,Not Applicable,Not Applicable,No,Not Applicable,128,Cash,33,3.8,3.9
2024-07-15 20:59:00,CNR6048995409,Success,CID720928,Mini,Ulsoor,JP Nagar,217.0,130.0,Not Applicable,Not Applicable,No,Not Applicable,449,Cash,13,3.7,4.3
2024-07-05 14:27:00,CNR5273255244,Driver Not Found,CID593973,Bike,Tumkur Road,Mysore Road,,,Not Applicable,Not Applicable,Not Applicable,Not Applicable,450,Not Applicable,0,,
2024-07-30 10:07:00,CNR9186811287,Success,CID184661,Bike,Hennur,HSR Layout,224.0,40.0,Not Applicable,Not Applicable,No,Not Applicable,555,Cash,21,4.5,4.7
2024-07-14 04:25:00,CNR1151242332,Success,CID790053,Prime Sedan,Mysore Road,JP Nagar,63.0,130.0,Not Applicable,Not Applicable,No,Not Applicable,803,Credit Card,27,3.5,4.3
2024-07-27 10:13:00,CNR3934279870,Driver Not Found,CID696604,Bike,Sahakar Nagar,Tumkur Road,,,Not Applicable,Not Applicable,Not Applicable,Not Applicable,154,Not Applicable,0,,
2024-07-02 08:55:00,CNR8882294091,Success,CID563116,eBike,BTM Layout,Cox Town,98.0,135.0,Not Applicable,Not Applicable,No,Not Applicable,124,UPI,22,4.0,4.0
2024-07-04 21:37:00,CNR5935920394,Success,CID416877,Prime Sedan,Ulsoor,Frazer Town,252.0,25.0,Not Applicable,Not Applicable,No,Not Applicable,385,UPI,28,4.2,4.4
2024-07-21 08:17:00,CNR5119336215,Driver Not Found,CID516073,Bike,KR Puram,Marathahalli,,,Not Applicable,Not Applicable,Not Applicable,Not Applicable,1471,Not Applicable,0,,
2024-07-05 10:20:00,CNR3978049051,Canceled by Customer,CID970765,Auto,Hosur Road,Padmanabhanagar,,,Driver is not moving towards pickup location,Not Applicable,Not Applicable,Not Applicable,214,Not Applicable,0,,
2024-07-13 00:27:00,CNR1995093410,Success,CID921833,Prime SUV,Jayanagar,KR Puram,140.0,115.0,Not Applicable,Not Applicable,No,Not Applicable,438,UPI,21,5.0,4.3
2024-07-21 02:43:00,CNR6349870478,Success,CID576011,Bike,Frazer Town,Chamarajpet,63.0,90.0,Not Applicable,Not Applicable,No,Not Applicable,385,Cash,6,4.6,3.4
2024-07-04 21:14:00,CNR2987598214,Canceled by Driver,CID444805,Auto,Rajarajeshwari Nagar,Bellandur,,,Not Applicable,Customer related issue,Not Applicable,Not Applicable,509,Not Applicable,0,,
2024-07-26 22:36:00,CNR1798203726,Success,CID207182,Prime Plus,Marathahalli,BTM Layout,154.0,145.0,Not Applicable,Not Applicable,No,Not Applicable,387,Cash,1,4.1,3.5
2024-07-17 23:14:00,CNR9023138663,Driver Not Found,CID408299,Prime Sedan,Kengeri,Malleshwaram,,,Not Applicable,Not Applicable,Not Applicable,Not Applicable,131,Not Applicable,0,,
2024-07-27 06:17:00,CNR1766825045,Canceled by Customer,CID401160,eBike,Magadi Road,Frazer Town,,,AC is Not working,Not Applicable,Not Applicable,Not Applicable,330,Not Applicable,0,,
2024-07-11 08:18:00,CNR9615440982,Success,CID107568,Auto,Ulsoor,Rajarajeshwari Nagar,161.0,135.0,Not Applicable,Not Applicable,No,Not Applicable,444,Cash,12,4.4,4.8
2024-07-26 20:06:00,CNR4297019124,Canceled by Driver,CID760643,Prime SUV,MG Road,Magadi Road,,,Not Applicable,Personal & Car related issue,Not Applicable,Not Applicable,202,Not Applicable,0,,
2024-07-22 20:16:00,CNR4556179899,Success,CID804920,Bike,Sarjapur Road,Shantinagar,84.0,85.0,Not Applicable,Not Applicable,No,Not Applicable,117,UPI,45,4.2,3.8
2024-07-16 23:36:00,CNR3392699210,Success,CID191899,Bike,Yelahanka,Varthur,126.0,115.0,Not Applicable,Not Applicable,No,Not Applicable,154,Cash,8,3.5,4.0
2024-07-29 18:31:00,CNR4117630478,Canceled by Driver,CID414465,Bike,Koramangala,JP Nagar,,,Not Applicable,Customer related issue,Not Applicable,Not Applicable,2080,Not Applicable,0,,
2024-07-06 19:35:00,CNR8439285404,Driver Not Found,CID870150,Prime SUV,Sarjapur Road,Bellandur,,,Not Applicable,Not Applicable,Not Applicable,Not Applicable,333,Not Applicable,0,,
2024-07-18 12:27:00,CNR6629592507,Canceled by Driver,CID610981,eBike,Whitefield,Kammanahalli,,,Not Applicable,Customer related issue,Not Applicable,Not Applicable,539,Not Applicable,0,,
2024-07-15 17:00:00,CNR1062914262,Success,CID125123,Prime Sedan,Sahakar Nagar,Peenya,196.0,45.0,Not Applicable,Not Applicable,Yes,Vehicle Breakdown,852,UPI,42,4.0,4.9
2024-07-02 10:26:00,CNR4608147086,Success,CID703257,Prime SUV,Tumkur Road,Cox Town,98.0,45.0,Not Applicable,Not Applicable,No,Not Applicable,835,UPI,30,4.4,3.6
2024-07-27 09:58:00,CNR8245396614,Success,CID217176,Bike,Kammanahalli,KR Puram,259.0,120.0,Not Applicable,Not Applicable,No,Not Applicable,520,UPI,3,3.1,3.6
2024-07-08 14:00:00,CNR9462979272,Success,CID749174,Bike,Hebbal,Nagarbhavi,308.0,65.0,Not Applicable,Not Applicable,No,Not Applicable,218,UPI,32,3.3,3.8
2024-07-07 22:23:00,CNR6949930550,Canceled by Customer,CID762845,Prime Plus,RT Nagar,Malleshwaram,,,Driver is not moving towards pickup location,Not Applicable,Not Applicable,Not Applicable,230,Not Applicable,0,,
2024-07-11 16:18:00,CNR9083007766,Success,CID521875,Prime Sedan,Koramangala,HSR Layout,196.0,110.0,Not Applicable,Not Applicable,No,Not Applicable,143,Cash,37,4.6,3.7
2024-07-03 09:49:00,CNR8873893050,Success,CID132843,Prime SUV,Kadugodi,Chamarajpet,182.0,110.0,Not Applicable,Not Applicable,No,Not Applicable,381,Cash,29,3.5,3.2
2024-07-05 06:27:00,CNR4555146451,Success,CID635915,Auto,Tumkur Road,Electronic City,175.0,60.0,Not Applicable,Not Applicable,No,Not Applicable,1844,UPI,11,3.9,4.1
2024-07-15 23:20:00,CNR5231391763,Success,CID328698,Prime SUV,Malleshwaram,Electronic City,140.0,85.0,Not Applicable,Not Applicable,No,Not Applicable,407,Credit Card,3,4.3,3.1
2024-07-12 07:39:00,CNR4307637059,Success,CID694399,Mini,Yeshwanthpur,Frazer Town,182.0,75.0,Not Applicable,Not Applicable,No,Not Applicable,293,Cash,49,4.0,3.0
2024-07-14 09:49:00,CNR5641082819,Success,CID328843,Auto,Banashankari,Chamarajpet,196.0,35.0,Not Applicable,Not Applicable,No,Not Applicable,490,Cash,14,4.6,4.0
2024-07-17 20:31:00,CNR5647477326,Canceled by Customer,CID335005,Mini,Devanahalli,Shantinagar,,,Change of plans,Not Applicable,Not Applicable,Not Applicable,161,Not Applicable,0,,
2024-07-11 04:04:00,CNR7537845664,Success,CID669376,Bike,Sahakar Nagar,Kadugodi,105.0,140.0,Not Applicable,Not Applicable,No,Not Applicable,573,UPI,33,3.6,3.0
2024-07-17 03:07:00,CNR1772854059,Success,CID461466,Prime Plus,Koramangala,MG Road,252.0,145.0,Not Applicable,Not Applicable,No,Not Applicable,369,Cash,20,4.4,3.8
2024-07-22 18:59:00,CNR5554989092,Success,CID894042,Prime SUV,Langford Town,Magadi Road,140.0,40.0,Not Applicable,Not Applicable,No,Not Applicable,497,Cash,38,3.4,3.1
2024-07-16 09:01:00,CNR9779161522,Canceled by Driver,CID611345,Prime Sedan,KR Puram,Electronic City,,,Not Applicable,Personal & Car related issue,Not Applicable,Not Applicable,164,Not Applicable,0,,
2024-07-15 02:39:00,CNR1572862948,Success,CID792547,Prime Sedan,Rajarajeshwari Nagar,Majestic,42.0,30.0,Not Applicable,Not Applicable,No,Not Applicable,414,Cash,37,4.4,4.6
2024-07-23 06:40:00,CNR1745312165,Success,CID221940,Bike,HSR Layout,Tumkur Road,105.0,60.0,Not Applicable,Not Applicable,No,Not Applicable,467,UPI,47,3.7,3.6
2024-07-12 00:21:00,CNR3511421815,Success,CID309370,Prime SUV,Whitefield,Bannerghatta Road,63.0,140.0,Not Applicable,Not Applicable,No,Not Applicable,172,Cash,17,3.3,3.2
2024-07-30 00:55:00,CNR4774332736,Success,CID454060,Prime SUV,Sahakar Nagar,Yeshwanthpur,245.0,85.0,Not Applicable,Not Applicable,No,Not Applicable,189,Cash,2,4.5,4.6
2024-07-09 11:09:00,CNR4249104532,Success,CID955944,Auto,Kammanahalli,HSR Layout,175.0,60.0,Not Applicable,Not Applicable,No,Not Applicable,754,Cash,14,4.7,3.1
2024-07-05 18:56:00,CNR7727612449,Canceled by Driver,CID878297,Prime Plus,Hennur,Chickpet,,,Not Applicable,More than permitted people in there,Not Applicable,Not Applicable,402,Not Applicable,0,,
2024-07-26 15:08:00,CNR3645929778,Success,CID408107,Prime SUV,Shantinagar,Ulsoor,112.0,100.0,Not Applicable,Not Applicable,No,Not Applicable,1022,Cash,32,4.7,4.0
2024-07-27 00:43:00,CNR7642317807,Success,CID468230,Prime Sedan,Padmanabhanagar,Indiranagar,182.0,75.0,Not Applicable,Not Applicable,No,Not Applicable,487,Cash,2,3.7,3.1
2024-07-06 22:59:00,CNR8874781084,Success,CID977934,Mini,Hennur,Richmond Town,126.0,105.0,Not Applicable,Not Applicable,Yes,Vehicle Breakdown,199,UPI,30,4.8,4.1
2024-07-01 05:56:00,CNR2016923156,Success,CID649435,Auto,RT Nagar,RT Nagar,35.0,125.0,Not Applicable,Not Applicable,No,Not Applicable,339,UPI,18,4.1,3.8
2024-07-03 06:37:00,CNR2226399496,Success,CID225084,Auto,Hulimavu,HSR Layout,189.0,130.0,Not Applicable,Not Applicable,No,Not Applicable,178,Cash,5,3.1,4.4
2024-07-04 04:25:00,CNR2747702109,Canceled by Customer,CID724248,Auto,Frazer Town,Chamarajpet,,,Driver asked to cancel,Not Applicable,Not Applicable,Not Applicable,168,Not Applicable,0,,
2024-07-17 21:51:00,CNR7471763561,Success,CID561229,Prime Sedan,Ulsoor,Cox Town,84.0,140.0,Not Applicable,Not Applicable,No,Not Applicable,168,Cash,45,4.5,3.4
2024-07-12 18:23:00,CNR8207749901,Driver Not Found,CID352288,Prime Plus,KR Puram,Ramamurthy Nagar,,,Not Applicable,Not Applicable,Not Applicable,Not Applicable,278,Not Applicable,0,,
2024-07-08 18:53:00,CNR2991184759,Success,CID281824,Prime Sedan,RT Nagar,Peenya,273.0,100.0,Not Applicable,Not Applicable,No,Not Applicable,970,Cash,19,3.0,4.5
2024-07-08 22:29:00,CNR5871931928,Success,CID999765,Bike,Padmanabhanagar,Koramangala,287.0,145.0,Not Applicable,Not Applicable,No,Not Applicable,165,Cash,20,4.2,4.2
2024-07-20 19:09:00,CNR9063049558,Driver Not Found,CID987042,Auto,Electronic City,Kammanahalli,,,Not Applicable,Not Applicable,Not Applicable,Not Applicable,321,Not Applicable,0,,
2024-07-30 20:55:00,CNR5666334141,Success,CID433254,Bike,Kengeri,Basavanagudi,266.0,140.0,Not Applicable,Not Applicable,No,Not Applicable,321,UPI,31,3.2,4.9
2024-07-12 23:29:00,CNR8872759248,Success,CID502292,Bike,Devanahalli,Tumkur Road,217.0,65.0,Not Applicable,Not Applicable,No,Not Applicable,155,Credit Card,11,4.3,4.1
2024-07-27 08:22:00,CNR7256719605,Success,CID279629,Prime Sedan,Shantinagar,Magadi Road,126.0,110.0,Not Applicable,Not Applicable,No,Not Applicable,317,Cash,13,4.4,3.5
2024-07-09 01:26:00,CNR6815924308,Driver Not Found,CID696409,Mini,Rajarajeshwari Nagar,Shivajinagar,,,Not Applicable,Not Applicable,Not Applicable,Not Applicable,577,Not Applicable,0,,
2024-07-14 00:32:00,CNR3475205773,Canceled by Driver,CID562474,eBike,Marathahalli,Chamarajpet,,,Not Applicable,More than permitted people in there,Not Applicable,Not Applicable,182,Not Applicable,0,,
2024-07-17 03:24:00,CNR3484381319,Canceled by Driver,CID892590,Prime Sedan,Electronic City,Langford Town,,,Not Applicable,Customer related issue,Not Applicable,Not Applicable,2875,Not Applicable,0,,
2024-07-04 07:19:00,CNR7754077621,Success,CID141304,eBike,Yeshwanthpur,MG Road,175.0,90.0,Not Applicable,Not Applicable,Yes,Customer Demand,2148,Cash,30,4.2,4.7
2024-07-02 12:38:00,CNR2548171663,Success,CID375369,eBike,Banashankari,Sarjapur Road,63.0,90.0,Not Applicable,Not Applicable,No,Not Applicable,171,Cash,4,3.7,4.4
2024-07-30 07:55:00,CNR8190304185,Success,CID533458,Prime SUV,Malleshwaram,Chickpet,154.0,75.0,Not Applicable,Not Applicable,No,Not Applicable,1851,Cash,14,5.0,4.6
2024-07-17 05:30:00,CNR4094549550,Canceled by Driver,CID370054,Prime SUV,Varthur,Yeshwanthpur,,,Not Applicable,Customer was coughing/sick,Not Applicable,Not Applicable,498,Not Applicable,0,,
2024-07-02 05:03:00,CNR2961974904,Success,CID735122,eBike,Majestic,Hulimavu,42.0,145.0,Not Applicable,Not Applicable,No,Not Applicable,858,UPI,45,4.1,3.2
2024-07-14 04:17:00,CNR9116744373,Success,CID653235,Bike,Yeshwanthpur,Malleshwaram,112.0,105.0,Not Applicable,Not Applicable,No,Not Applicable,297,UPI,43,4.6,4.0
2024-07-27 13:08:00,CNR9446891598,Canceled by Driver,CID757498,eBike,Yeshwanthpur,KR Puram,,,Not Applicable,More than permitted people in there,Not Applicable,Not Applicable,195,Not Applicable,0,,
2024-07-15 01:34:00,CNR4072363179,Success,CID757295,Mini,Sarjapur Road,Malleshwaram,280.0,100.0,Not Applicable,Not Applicable,No,Not Applicable,117,UPI,9,4.4,4.1
2024-07-21 17:42:00,CNR6196906783,Success,CID783219,Prime Sedan,HSR Layout,Hulimavu,49.0,40.0,Not Applicable,Not Applicable,No,Not Applicable,227,UPI,26,4.9,3.4
2024-07-04 23:11:00,CNR8594997463,Success,CID762549,Prime Sedan,Hosur Road,Yelahanka,294.0,75.0,Not Applicable,Not Applicable,No,Not Applicable,1292,Cash,48,4.8,4.3
2024-07-24 03:55:00,CNR1382472062,Driver Not Found,CID130148,Prime Sedan,Langford Town,Yeshwanthpur,,,Not Applicable,Not Applicable,Not Applicable,Not Applicable,127,Not Applicable,0,,
2024-07-05 08:00:00,CNR3355341899,Canceled by Customer,CID365840,eBike,KR Puram,Frazer Town,,,Driver is not moving towards pickup location,Not Applicable,Not Applicable,Not Applicable,420,Not Applicable,0,,
2024-07-08 04:01:00,CNR3222209607,Success,CID393340,Prime Sedan,Indiranagar,Bellandur,154.0,70.0,Not Applicable,Not Applicable,No,Not Applicable,491,UPI,22,5.0,4.6
2024-07-24 06:55:00,CNR7264187304,Canceled by Driver,CID104429,Bike,Koramangala,MG Road,,,Not Applicable,More than permitted people in there,Not Applicable,Not Applicable,236,Not Applicable,0,,
2024-07-13 07:13:00,CNR6204323719,Canceled by Driver,CID813794,Prime Plus,RT Nagar,Kadugodi,,,Not Applicable,Personal & Car related issue,Not Applicable,Not Applicable,193,Not Applicable,0,,
2024-07-09 17:00:00,CNR2895710089,Canceled by Driver,CID112525,Prime Sedan,Sahakar Nagar,Electronic City,,,Not Applicable,Personal & Car related issue,Not Applicable,Not Applicable,399,Not Applicable,0,,
2024-07-23 07:46:00,CNR8047172410,Success,CID239644,Prime SUV,Banashankari,Shivajinagar,266.0,120.0,Not Applicable,Not Applicable,No,Not Applicable,2899,Cash,40,4.7,4.6
2024-07-14 16:55:00,CNR2383923755,Success,CID681007,Prime Plus,Varthur,Hulimavu,217.0,30.0,Not Applicable,Not Applicable,No,Not Applicable,412,Cash,35,4.3,4.6
2024-07-28 22:28:00,CNR4530816144,Success,CID444834,eBike,Vijayanagar,Sahakar Nagar,280.0,50.0,Not Applicable,Not Applicable,No,Not Applicable,149,Cash,47,3.1,3.3
2024-07-09 00:05:00,CNR5153317395,Success,CID602938,Mini,Rajajinagar,Richmond Town,161.0,80.0,Not Applicable,Not Applicable,No,Not Applicable,873,Cash,12,3.1,3.8
2024-07-14 07:39:00,CNR8675774537,Driver Not Found,CID290588,Bike,Hosur Road,Jayanagar,,,Not Applicable,Not Applicable,Not Applicable,Not Applicable,368,Not Applicable,0,,
2024-07-04 23:11:00,CNR2780170309,Success,CID519808,Prime SUV,Ramamurthy Nagar,Varthur,154.0,30.0,Not Applicable,Not Applicable,No,Not Applicable,113,UPI,3,4.2,3.8
2024-07-07 15:45:00,CNR2210904062,Success,CID583133,Bike,Bannerghatta Road,Tumkur Road,126.0,105.0,Not Applicable,Not Applicable,No,Not Applicable,380,Cash,38,3.5,3.5
2024-07-13 10:24:00,CNR4419120226,Success,CID547278,Prime SUV,Frazer Town,MG Road,105.0,30.0,Not Applicable,Not Applicable,No,Not Applicable,995,UPI,5,4.7,3.5
2024-07-28 14:05:00,CNR4165214213,Success,CID753448,eBike,Hulimavu,Majestic,259.0,110.0,Not Applicable,Not Applicable,No,Not Applicable,212,Cash,6,3.1,3.0
2024-07-17 12:51:00,CNR9736930085,Success,CID263152,Mini,Cox Town,Kengeri,98.0,105.0,Not Applicable,Not Applicable,No,Not Applicable,591,UPI,38,3.4,4.5
2024-07-02 23:08:00,CNR8474841556,Success,CID546267,Bike,Magadi Road,Whitefield,259.0,80.0,Not Applicable,Not Applicable,No,Not Applicable,348,UPI,14,4.0,3.7
2024-07-20 15:44:00,CNR7339105079,Success,CID334274,Mini,Chamarajpet,Cox Town,287.0,145.0,Not Applicable,Not Applicable,No,Not Applicable,385,Credit Card,46,3.8,4.0
2024-07-16 07:00:00,CNR4292550097,Canceled by Driver,CID649434,Prime Plus,Hosur Road,Shivajinagar,,,Not Applicable,Customer related issue,Not Applicable,Not Applicable,481,Not Applicable,0,,
2024-07-14 17:21:00,CNR1207073897,Success,CID771821,Prime SUV,Nagarbhavi,Tumkur Road,112.0,90.0,Not Applicable,Not Applicable,No,Not Applicable,132,Cash,19,4.1,4.3
2024-07-01 15:32:00,CNR9331617763,Driver Not Found,CID449363,Mini,Shantinagar,Hebbal,,,Not Applicable,Not Applicable,Not Applicable,Not Applicable,456,Not Applicable,0,,
2024-07-11 08:40:00,CNR9987373080,Success,CID870060,eBike,Hosur Road,Shivajinagar,217.0,105.0,Not Applicable,Not Applicable,No,Not Applicable,342,UPI,20,3.2,3.0
2024-07-12 11:25:00,CNR6009292717,Driver Not Found,CID426599,Auto,BTM Layout,Jayanagar,,,Not Applicable,Not Applicable,Not Applicable,Not Applicable,397,Not Applicable,0,,
2024-07-17 16:22:00,CNR6207982755,Success,CID504835,Prime SUV,Indiranagar,Ulsoor,210.0,65.0,Not Applicable,Not Applicable,No,Not Applicable,760,Cash,46,3.7,3.7
2024-07-18 06:39:00,CNR4704506845,Success,CID721484,Auto,Chamarajpet,Koramangala,308.0,25.0,Not Applicable,Not Applicable,No,Not Applicable,165,Cash,9,3.9,3.1
2024-07-03 20:41:00,CNR1467035296,Success,CID114241,Prime Sedan,Peenya,BTM Layout,224.0,70.0,Not Applicable,Not Applicable,No,Not Applicable,284,UPI,45,3.9,4.5
2024-07-20 23:09:00,CNR8928363944,Driver Not Found,CID170136,Bike,RT Nagar,Marathahalli,,,Not Applicable,Not Applicable,Not Applicable,Not Applicable,602,Not Applicable,0,,
2024-07-04 22:08:00,CNR8429334237,Driver Not Found,CID880834,Auto,Vijayanagar,Hosur Road,,,Not Applicable,Not Applicable,Not Applicable,Not Applicable,572,Not Applicable,0,,
2024-07-23 04:51:00,CNR2877445761,Driver Not Found,CID304512,Bike,Magadi Road,Cox Town,,,Not Applicable,Not Applicable,Not Applicable,Not Applicable,284,Not Applicable,0,,
2024-07-05 06:55:00,CNR2586128946,Success,CID277978,Bike,Marathahalli,JP Nagar,224.0,145.0,Not Applicable,Not Applicable,No,Not Applicable,313,Cash,40,3.8,3.1
2024-07-01 02:35:00,CNR4598946619,Canceled by Customer,CID519211,Prime Plus,Shivajinagar,Kadugodi,,,Driver asked to cancel,Not Applicable,Not Applicable,Not Applicable,491,Not Applicable,0,,
2024-07-08 12:00:00,CNR3805727361,Success,CID570217,Bike,Majestic,Marathahalli,175.0,120.0,Not Applicable,Not Applicable,No,Not Applicable,166,UPI,47,4.0,3.5
2024-07-19 01:41:00,CNR3456234487,Driver Not Found,CID367070,Prime SUV,Kengeri,Cox Town,,,Not Applicable,Not Applicable,Not Applicable,Not Applicable,471,Not Applicable,0,,
2024-07-20 10:00:00,CNR4858016048,Success,CID314100,Prime Sedan,HSR Layout,Yelahanka,70.0,135.0,Not Applicable,Not Applicable,No,Not Applicable,356,Credit Card,13,3.1,3.5
2024-07-07 00:00:00,CNR5800999814,Canceled by Customer,CID368122,Bike,RT Nagar,Majestic,,,AC is Not working,Not Applicable,Not Applicable,Not Applicable,305,Not Applicable,0,,
2024-07-12 02:51:00,CNR4119265098,Canceled by Driver,CID547111,Auto,Bellandur,Vijayanagar,,,Not Applicable,Personal & Car related issue,Not Applicable,Not Applicable,375,Not Applicable,0,,
2024-07-30 01:18:00,CNR1929043512,Success,CID315811,Prime Sedan,Hosur Road,Malleshwaram,231.0,105.0,Not Applicable,Not Applicable,No,Not Applicable,211,UPI,47,3.2,4.4
2024-07-28 04:43:00,CNR7070849506,Success,CID322856,Bike,JP Nagar,Magadi Road,231.0,60.0,Not Applicable,Not Applicable,No,Not Applicable,170,Cash,41,3.6,4.3
2024-07-19 21:52:00,CNR9886967672,Success,CID205443,Bike,Yeshwanthpur,MG Road,119.0,105.0,Not Applicable,Not Applicable,No,Not Applicable,499,UPI,15,4.3,4.1
2024-07-23 11:17:00,CNR4862852475,Success,CID940209,Mini,KR Puram,Electronic City,231.0,85.0,Not Applicable,Not Applicable,No,Not Applicable,189,Credit Card,13,4.7,3.8
2024-07-15 05:23:00,CNR5855812088,Canceled by Customer,CID152926,Prime SUV,Hosur Road,BTM Layout,,,Driver asked to cancel,Not Applicable,Not Applicable,Not Applicable,937,Not Applicable,0,,
2024-07-17 10:29:00,CNR1284031005,Success,CID188269,Prime Plus,Langford Town,KR Puram,308.0,140.0,Not Applicable,Not Applicable,No,Not Applicable,402,UPI,3,4.9,3.2
2024-07-04 07:24:00,CNR8564760424,Success,CID894470,eBike,Yelahanka,Chamarajpet,140.0,45.0,Not Applicable,Not Applicable,No,Not Applicable,398,Cash,21,4.8,4.3
2024-07-08 16:04:00,CNR4877902155,Success,CID683098,Prime Plus,Electronic City,Jayanagar,49.0,85.0,Not Applicable,Not Applicable,No,Not Applicable,311,UPI,20,4.0,3.4
2024-07-24 06:39:00,CNR8469289116,Success,CID454190,Prime Plus,Hennur,Chamarajpet,280.0,110.0,Not Applicable,Not Applicable,No,Not Applicable,444,Cash,11,3.6,4.0
2024-07-13 20:41:00,CNR6437813019,Canceled by Driver,CID911682,Prime Plus,Devanahalli,Hebbal,,,Not Applicable,Personal & Car related issue,Not Applicable,Not Applicable,158,Not Applicable,0,,
2024-07-14 19:59:00,CNR3202273335,Success,CID812472,Bike,Chamarajpet,Hennur,273.0,120.0,Not Applicable,Not Applicable,Yes,Customer Demand,127,Cash,38,4.5,3.3
2024-07-06 14:15:00,CNR7392762932,Success,CID674018,Bike,Cox Town,Kengeri,287.0,60.0,Not Applicable,Not Applicable,No,Not Applicable,546,Cash,1,4.6,3.8
2024-07-26 05:24:00,CNR2651981248,Success,CID963265,Prime SUV,Devanahalli,Malleshwaram,63.0,125.0,Not Applicable,Not Applicable,No,Not Applicable,195,Cash,28,4.3,4.2
2024-07-01 10:21:00,CNR8832845777,Driver Not Found,CID496186,Prime Plus,Varthur,Kammanahalli,,,Not Applicable,Not Applicable,Not Applicable,Not Applicable,923,Not Applicable,0,,
2024-07-30 12:52:00,CNR1308989874,Success,CID609760,eBike,Richmond Town,Marathahalli,175.0,100.0,Not Applicable,Not Applicable,No,Not Applicable,217,UPI,17,3.7,4.7
2024-07-12 11:38:00,CNR5164595457,Success,CID225582,Mini,Richmond Town,Shivajinagar,301.0,125.0,Not Applicable,Not Applicable,No,Not Applicable,564,Cash,9,4.2,4.4
2024-07-27 03:58:00,CNR3448484462,Driver Not Found,CID780594,Prime Plus,Marathahalli,Tumkur Road,,,Not Applicable,Not Applicable,Not Applicable,Not Applicable,898,Not Applicable,0,,
2024-07-13 12:00:00,CNR1568720150,Canceled by Driver,CID720013,Prime SUV,Bellandur,Rajajinagar,,,Not Applicable,Customer related issue,Not Applicable,Not Applicable,426,Not Applicable,0,,
2024-07-04 21:39:00,CNR6483404116,Canceled by Customer,CID390730,Mini,Kadugodi,Kammanahalli,,,Driver asked to cancel,Not Applicable,Not Applicable,Not Applicable,161,Not Applicable,0,,
2024-07-19 23:44:00,CNR3414716325,Canceled by Customer,CID730283,eBike,Shivajinagar,Ulsoor,,,Driver asked to cancel,Not Applicable,Not Applicable,Not Applicable,145,Not Applicable,0,,
2024-07-12 10:41:00,CNR3831172960,Driver Not Found,CID387207,Prime SUV,Devanahalli,Majestic,,,Not Applicable,Not Applicable,Not Applicable,Not Applicable,388,Not Applicable,0,,
2024-07-12 17:53:00,CNR8583948800,Success,CID137811,Mini,Marathahalli,Banashankari,105.0,25.0,Not Applicable,Not Applicable,No,Not Applicable,2261,Cash,41,3.9,3.2
2024-07-13 06:08:00,CNR8787780161,Success,CID619316,Prime Sedan,Hulimavu,Kengeri,196.0,75.0,Not Applicable,Not Applicable,No,Not Applicable,335,Cash,32,3.6,4.6
2024-07-02 21:47:00,CNR7031248992,Success,CID349157,Mini,Frazer Town,RT Nagar,308.0,115.0,Not Applicable,Not Applicable,No,Not Applicable,754,Cash,24,5.0,3.6
2024-07-30 07:44:00,CNR6413160739,Canceled by Driver,CID935934,Prime SUV,Mysore Road,Yelahanka,,,Not Applicable,Customer was coughing/sick,Not Applicable,Not Applicable,994,Not Applicable,0,,
2024-07-28 12:46:00,CNR4198404403,Success,CID148592,Prime Plus,Varthur,BTM Layout,231.0,30.0,Not Applicable,Not Applicable,No,Not Applicable,421,UPI,28,4.6,4.3
2024-07-12 15:11:00,CNR9415743343,Canceled by Driver,CID751377,Bike,Sahakar Nagar,Cox Town,,,Not Applicable,Customer related issue,Not Applicable,Not Applicable,203,Not Applicable,0,,
2024-07-21 19:40:00,CNR7258374417,Success,CID536250,eBike,Mysore Road,RT Nagar,98.0,60.0,Not Applicable,Not Applicable,No,Not Applicable,268,Cash,40,3.9,5.0
2024-07-28 04:41:00,CNR1616668674,Canceled by Driver,CID123067,Prime Plus,Hulimavu,Sahakar Nagar,,,Not Applicable,Personal & Car related issue,Not Applicable,Not Applicable,361,Not Applicable,0,,
2024-07-21 05:26:00,CNR1066492929,Success,CID243233,Mini,HSR Layout,Marathahalli,84.0,115.0,Not Applicable,Not Applicable,No,Not Applicable,349,Cash,18,3.9,4.6
2024-07-28 08:40:00,CNR3154804942,Success,CID479623,Mini,Shivajinagar,Padmanabhanagar,168.0,135.0,Not Applicable,Not Applicable,No,Not Applicable,345,UPI,9,5.0,4.5
2024-07-01 20:13:00,CNR7337968736,Success,CID279832,Prime SUV,Rajarajeshwari Nagar,Magadi Road,63.0,50.0,Not Applicable,Not Applicable,No,Not Applicable,222,Cash,45,3.6,4.8
2024-07-12 01:12:00,CNR3188392598,Canceled by Customer,CID199660,Prime SUV,Marathahalli,Devanahalli,,,Change of plans,Not Applicable,Not Applicable,Not Applicable,224,Not Applicable,0,,
2024-07-10 00:44:00,CNR4929062175,Success,CID449985,eBike,Electronic City,Basavanagudi,56.0,145.0,Not Applicable,Not Applicable,No,Not Applicable,670,UPI,28,4.2,4.5
2024-07-02 13:39:00,CNR1811295598,Success,CID195600,Prime SUV,Bellandur,Bellandur,210.0,55.0,Not Applicable,Not Applicable,Yes,Other Issue,243,UPI,31,3.1,4.3
2024-07-19 05:03:00,CNR1838055720,Canceled by Driver,CID575951,Mini,Bellandur,Hosur Road,,,Not Applicable,Customer was coughing/sick,Not Applicable,Not Applicable,208,Not Applicable,0,,
2024-07-09 04:08:00,CNR4273992240,Success,CID254276,Prime Plus,Peenya,KR Puram,203.0,105.0,Not Applicable,Not Applicable,No,Not Applicable,270,Cash,37,3.5,3.2
2024-07-18 10:53:00,CNR8221357443,Success,CID844993,Auto,Rajarajeshwari Nagar,Yeshwanthpur,238.0,65.0,Not Applicable,Not Applicable,Yes,Customer Demand,240,Cash,9,4.3,3.5
2024-07-12 11:44:00,CNR5797930021,Success,CID760850,Prime Plus,Rajarajeshwari Nagar,Padmanabhanagar,189.0,115.0,Not Applicable,Not Applicable,No,Not Applicable,314,Debit Card,30,3.2,3.0
2024-07-19 10:28:00,CNR4618209420,Canceled by Driver,CID192251,Prime Sedan,Whitefield,Marathahalli,,,Not Applicable,Customer related issue,Not Applicable,Not Applicable,1407,Not Applicable,0,,
2024-07-25 07:30:00,CNR8963788650,Success,CID396519,Mini,Mysore Road,HSR Layout,217.0,100.0,Not Applicable,Not Applicable,No,Not Applicable,103,Cash,6,4.2,4.5
2024-07-29 11:56:00,CNR5044597126,Success,CID261256,eBike,Banashankari,Yeshwanthpur,196.0,80.0,Not Applicable,Not Applicable,No,Not Applicable,286,UPI,39,3.2,3.3
2024-07-20 22:42:00,CNR7120012979,Canceled by Driver,CID335548,Prime Sedan,Rajajinagar,Kengeri,,,Not Applicable,Personal & Car related issue,Not Applicable,Not Applicable,197,Not Applicable,0,,
2024-07-16 19:37:00,CNR2648613532,Success,CID118423,Auto,Koramangala,Indiranagar,259.0,45.0,Not Applicable,Not Applicable,No,Not Applicable,1079,Cash,17,3.5,4.5
2024-07-05 16:01:00,CNR4341375089,Canceled by Driver,CID293746,Prime SUV,Rajarajeshwari Nagar,Majestic,,,Not Applicable,Customer was coughing/sick,Not Applicable,Not Applicable,187,Not Applicable,0,,
2024-07-01 10:28:00,CNR8132439987,Canceled by Customer,CID910430,Prime SUV,Ulsoor,Peenya,,,Change of plans,Not Applicable,Not Applicable,Not Applicable,470,Not Applicable,0,,
2024-07-22 09:37:00,CNR3912103695,Success,CID810657,Prime SUV,Bannerghatta Road,Nagarbhavi,70.0,50.0,Not Applicable,Not Applicable,No,Not Applicable,280,Cash,1,3.9,3.6
2024-07-26 18:57:00,CNR3537140495,Success,CID937259,Bike,Indiranagar,Padmanabhanagar,42.0,80.0,Not Applicable,Not Applicable,Yes,Vehicle Breakdown,849,Cash,15,4.2,3.9
2024-07-04 19:21:00,CNR3018535760,Success,CID365983,Prime SUV,Devanahalli,Indiranagar,56.0,40.0,Not Applicable,Not Applicable,Yes,Vehicle Breakdown,110,Cash,30,4.5,3.4
2024-07-05 20:11:00,CNR1291006801,Success,CID335742,Prime SUV,Hebbal,Tumkur Road,126.0,130.0,Not Applicable,Not Applicable,No,Not Applicable,350,Cash,8,3.1,4.1
2024-07-18 15:10:00,CNR2104614156,Success,CID376290,Prime Sedan,BTM Layout,Sahakar Nagar,49.0,100.0,Not Applicable,Not Applicable,No,Not Applicable,1890,UPI,47,3.7,3.2
2024-07-01 05:36:00,CNR8705677955,Canceled by Customer,CID957679,Prime Sedan,Hebbal,Ulsoor,,,Driver asked to cancel,Not Applicable,Not Applicable,Not Applicable,984,Not Applicable,0,,
2024-07-24 17:23:00,CNR6805493723,Driver Not Found,CID371371,Mini,Magadi Road,Mysore Road,,,Not Applicable,Not Applicable,Not Applicable,Not Applicable,387,Not Applicable,0,,
2024-07-04 08:30:00,CNR2918043866,Canceled by Driver,CID990666,Bike,Tumkur Road,Yeshwanthpur,,,Not Applicable,Personal & Car related issue,Not Applicable,Not Applicable,281,Not Applicable,0,,
2024-07-06 14:12:00,CNR8906927063,Canceled by Driver,CID573848,Prime SUV,Banashankari,Shivajinagar,,,Not Applicable,Customer was coughing/sick,Not Applicable,Not Applicable,916,Not Applicable,0,,
2024-07-15 06:06:00,CNR1380024013,Canceled by Driver,CID559579,Prime Plus,Kengeri,Bannerghatta Road,,,Not Applicable,Customer was coughing/sick,Not Applicable,Not Applicable,130,Not Applicable,0,,
2024-07-18 01:40:00,CNR2635391553,Success,CID468679,Prime SUV,Banashankari,Magadi Road,287.0,110.0,Not Applicable,Not Applicable,No,Not Applicable,466,UPI,6,4.9,4.1
2024-07-12 10:48:00,CNR1999479465,Success,CID749262,Prime Plus,Majestic,Kengeri,301.0,90.0,Not Applicable,Not Applicable,No,Not Applicable,329,Cash,44,3.1,4.2
2024-07-08 10:13:00,CNR5425765538,Success,CID966929,Mini,Jayanagar,Ramamurthy Nagar,203.0,140.0,Not Applicable,Not Applicable,No,Not Applicable,845,UPI,32,4.3,3.1
2024-07-26 04:25:00,CNR6148707584,Success,CID838691,Auto,Magadi Road,Basavanagudi,203.0,25.0,Not Applicable,Not Applicable,No,Not Applicable,176,Cash,17,3.1,3.1
2024-07-28 11:24:00,CNR1112195042,Canceled by Driver,CID552579,Prime SUV,Jayanagar,Vijayanagar,,,Not Applicable,Personal & Car related issue,Not Applicable,Not Applicable,879,Not Applicable,0,,
2024-07-20 08:56:00,CNR5122578833,Driver Not Found,CID425190,eBike,Kengeri,Yeshwanthpur,,,Not Applicable,Not Applicable,Not Applicable,Not Applicable,2903,Not Applicable,0,,
2024-07-23 23:02:00,CNR4882888423,Success,CID657333,Bike,Ramamurthy Nagar,Indiranagar,224.0,25.0,Not Applicable,Not Applicable,No,Not Applicable,302,Cash,45,4.3,3.3
2024-07-07 18:06:00,CNR3173792278,Success,CID903330,Mini,HSR Layout,Devanahalli,217.0,70.0,Not Applicable,Not Applicable,No,Not Applicable,549,UPI,5,3.6,3.5
2024-07-15 16:00:00,CNR1482099003,Canceled by Driver,CID660105,Bike,Shantinagar,Yelahanka,,,Not Applicable,Customer was coughing/sick,Not Applicable,Not Applicable,391,Not Applicable,0,,
2024-07-20 12:13:00,CNR7875748375,Driver Not Found,CID216511,Prime SUV,Kadugodi,Malleshwaram,,,Not Applicable,Not Applicable,Not Applicable,Not Applicable,185,Not Applicable,0,,
2024-07-11 17:12:00,CNR6294878920,Driver Not Found,CID277365,Bike,Indiranagar,Electronic City,,,Not Applicable,Not Applicable,Not Applicable,Not Applicable,276,Not Applicable,0,,
2024-07-16 05:52:00,CNR5517701729,Canceled by Driver,CID213118,Prime Sedan,Tumkur Road,Majestic,,,Not Applicable,Customer related issue,Not Applicable,Not Applicable,635,Not Applicable,0,,
2024-07-09 08:51:00,CNR3617613879,Success,CID689583,eBike,Ulsoor,Tumkur Road,259.0,30.0,Not Applicable,Not Applicable,No,Not Applicable,373,Cash,2,3.7,3.9
2024-07-12 15:47:00,CNR3646155652,Success,CID617363,Bike,Basavanagudi,Ramamurthy Nagar,266.0,55.0,Not Applicable,Not Applicable,No,Not Applicable,446,Debit Card,43,4.2,3.8
2024-07-08 09:23:00,CNR7935468183,Canceled by Driver,CID852831,Bike,Magadi Road,Hosur Road,,,Not Applicable,More than permitted people in there,Not Applicable,Not Applicable,914,Not Applicable,0,,
2024-07-11 03:02:00,CNR4666461051,Canceled by Driver,CID996501,Mini,Frazer Town,Whitefield,,,Not Applicable,More than permitted people in there,Not Applicable,Not Applicable,455,Not Applicable,0,,
2024-07-13 22:30:00,CNR3753089713,Success,CID145810,eBike,Yeshwanthpur,Ulsoor,217.0,45.0,Not Applicable,Not Applicable,No,Not Applicable,119,Cash,2,3.7,4.9
2024-07-17 18:56:00,CNR6369824471,Success,CID470593,Prime Plus,Banashankari,Magadi Road,294.0,40.0,Not Applicable,Not Applicable,No,Not Applicable,396,Cash,47,3.6,3.7
2024-07-22 08:28:00,CNR6534615821,Success,CID291633,eBike,Majestic,Mysore Road,273.0,65.0,Not Applicable,Not Applicable,No,Not Applicable,130,UPI,9,4.8,4.2
2024-07-01 21:21:00,CNR2504736458,Success,CID211923,Auto,RT Nagar,Malleshwaram,294.0,135.0,Not Applicable,Not Applicable,No,Not Applicable,316,Cash,19,4.4,4.1
2024-07-24 00:36:00,CNR2619989289,Success,CID487539,Prime SUV,Electronic City,Indiranagar,35.0,35.0,Not Applicable,Not Applicable,No,Not Applicable,896,UPI,41,4.7,3.3
2024-07-21 12:42:00,CNR3645685066,Driver Not Found,CID712745,Auto,KR Puram,Tumkur Road,,,Not Applicable,Not Applicable,Not Applicable,Not Applicable,303,Not Applicable,0,,
2024-07-02 04:55:00,CNR1766795011,Success,CID690960,Prime SUV,BTM Layout,Indiranagar,301.0,145.0,Not Applicable,Not Applicable,No,Not Applicable,807,Cash,22,4.5,4.2
2024-07-02 08:48:00,CNR5384875577,Success,CID422126,Prime SUV,Marathahalli,Kengeri,203.0,140.0,Not Applicable,Not Applicable,No,Not Applicable,198,Cash,21,3.1,3.3
2024-07-09 05:50:00,CNR7731028398,Canceled by Driver,CID421723,Mini,Hulimavu,Cox Town,,,Not Applicable,Customer was coughing/sick,Not Applicable,Not Applicable,208,Not Applicable,0,,
2024-07-09 00:35:00,CNR6569027912,Success,CID869912,Prime SUV,Sahakar Nagar,Marathahalli,175.0,145.0,Not Applicable,Not Applicable,No,Not Applicable,342,Cash,2,4.3,3.1
2024-07-29 19:54:00,CNR8136546862,Canceled by Customer,CID668493,Auto,Yeshwanthpur,Rajajinagar,,,Driver asked to cancel,Not Applicable,Not Applicable,Not Applicable,123,Not Applicable,0,,
2024-07-03 06:28:00,CNR9510962095,Success,CID145882,Mini,Shivajinagar,Basavanagudi,252.0,60.0,Not Applicable,Not Applicable,No,Not Applicable,399,UPI,7,4.3,3.9
2024-07-18 11:57:00,CNR2498223648,Success,CID481942,Bike,Hebbal,Hulimavu,35.0,135.0,Not Applicable,Not Applicable,No,Not Applicable,1210,Cash,27,3.5,3.2
2024-07-23 03:30:00,CNR8123597764,Driver Not Found,CID373192,eBike,Kengeri,Kengeri,,,Not Applicable,Not Applicable,Not Applicable,Not Applicable,289,Not Applicable,0,,
2024-07-19 17:36:00,CNR3508764525,Canceled by Customer,CID618617,Bike,Ramamurthy Nagar,Chickpet,,,Change of plans,Not Applicable,Not Applicable,Not Applicable,235,Not Applicable,0,,
2024-07-05 04:42:00,CNR2440497948,Canceled by Driver,CID294889,Prime Plus,Hebbal,BTM Layout,,,Not Applicable,Customer related issue,Not Applicable,Not Applicable,202,Not Applicable,0,,
2024-07-22 08:11:00,CNR7062354172,Success,CID463835,Auto,Malleshwaram,Hennur,147.0,90.0,Not Applicable,Not Applicable,No,Not Applicable,315,Cash,12,4.4,4.6
2024-07-28 04:40:00,CNR3997540947,Success,CID612909,Auto,Hosur Road,Padmanabhanagar,77.0,125.0,Not Applicable,Not Applicable,No,Not Applicable,369,Cash,18,4.9,3.0
2024-07-10 15:11:00,CNR2014773922,Success,CID303523,Prime Plus,RT Nagar,Malleshwaram,210.0,80.0,Not Applicable,Not Applicable,No,Not Applicable,313,Credit Card,3,4.1,4.0
2024-07-25 20:26:00,CNR2565667067,Success,CID549099,Prime SUV,Peenya,Langford Town,301.0,55.0,Not Applicable,Not Applicable,No,Not Applicable,445,Cash,13,3.5,3.6
2024-07-30 09:20:00,CNR4673631826,Success,CID307086,Bike,Bannerghatta Road,RT Nagar,224.0,45.0,Not Applicable,Not Applicable,No,Not Applicable,374,Cash,18,4.5,4.0
2024-07-24 04:59:00,CNR8458968956,Canceled by Driver,CID596753,Prime Sedan,Hulimavu,Malleshwaram,,,Not Applicable,Personal & Car related issue,Not Applicable,Not Applicable,822,Not Applicable,0,,
2024-07-16 01:53:00,CNR7924765677,Success,CID606497,Auto,Chickpet,Jayanagar,91.0,110.0,Not Applicable,Not Applicable,No,Not Applicable,383,Cash,13,3.4,4.4
2024-07-15 06:52:00,CNR6439680576,Canceled by Driver,CID804733,Mini,Vijayanagar,Koramangala,,,Not Applicable,Customer was coughing/sick,Not Applicable,Not Applicable,317,Not Applicable,0,,
2024-07-14 06:58:00,CNR2132918829,Canceled by Customer,CID309828,Mini,Koramangala,Richmond Town,,,Driver asked to cancel,Not Applicable,Not Applicable,Not Applicable,139,Not Applicable,0,,
2024-07-02 05:58:00,CNR2810399415,Success,CID806974,Mini,Ramamurthy Nagar,MG Road,287.0,85.0,Not Applicable,Not Applicable,No,Not Applicable,268,Cash,25,3.4,3.4
2024-07-14 17:35:00,CNR4922570237,Success,CID735551,Auto,Mysore Road,Koramangala,84.0,85.0,Not Applicable,Not Applicable,No,Not Applicable,323,Cash,8,4.7,4.5
2024-07-16 01:58:00,CNR8268570088,Driver Not Found,CID660364,Prime Plus,Vijayanagar,Marathahalli,,,Not Applicable,Not Applicable,Not Applicable,Not Applicable,165,Not Applicable,0,,
2024-07-22 18:21:00,CNR6209600107,Driver Not Found,CID494179,Prime Sedan,Richmond Town,Hosur Road,,,Not Applicable,Not Applicable,Not Applicable,Not Applicable,122,Not Applicable,0,,
2024-07-18 15:23:00,CNR8618014931,Driver Not Found,CID687753,Mini,Peenya,Yelahanka,,,Not Applicable,Not Applicable,Not Applicable,Not Applicable,188,Not Applicable,0,,
2024-07-27 22:48:00,CNR9616626409,Success,CID265537,Auto,Shivajinagar,Magadi Road,182.0,130.0,Not Applicable,Not Applicable,No,Not Applicable,252,Credit Card,3,4.5,3.6
2024-07-16 13:08:00,CNR3873483749,Success,CID254509,Bike,Hulimavu,KR Puram,294.0,50.0,Not Applicable,Not Applicable,No,Not Applicable,333,Cash,13,4.0,4.2
2024-07-21 18:56:00,CNR1755316704,Success,CID984052,Auto,Whitefield,KR Puram,126.0,90.0,Not Applicable,Not Applicable,No,Not Applicable,285,Cash,1,4.1,4.1
2024-07-09 01:33:00,CNR1804883638,Canceled by Driver,CID443066,Prime Sedan,Hulimavu,Devanahalli,,,Not Applicable,Customer related issue,Not Applicable,Not Applicable,217,Not Applicable,0,,
2024-07-22 04:25:00,CNR5949899919,Canceled by Driver,CID177675,Prime SUV,Rajarajeshwari Nagar,Electronic City,,,Not Applicable,Customer related issue,Not Applicable,Not Applicable,319,Not Applicable,0,,
2024-07-21 05:53:00,CNR7227023758,Success,CID914692,Prime Plus,Hebbal,RT Nagar,91.0,60.0,Not Applicable,Not Applicable,No,Not Applicable,303,Credit Card,2,3.4,3.6
2024-07-22 07:07:00,CNR5365678638,Success,CID625251,Bike,Padmanabhanagar,MG Road,133.0,100.0,Not Applicable,Not Applicable,No,Not Applicable,160,Cash,42,4.3,3.7
2024-07-08 02:43:00,CNR9025962104,Success,CID888037,Auto,Devanahalli,JP Nagar,126.0,110.0,Not Applicable,Not Applicable,No,Not Applicable,127,Cash,12,3.5,4.8
2024-07-26 14:18:00,CNR2195348240,Canceled by Driver,CID433914,Prime SUV,Devanahalli,Malleshwaram,,,Not Applicable,Customer related issue,Not Applicable,Not Applicable,124,Not Applicable,0,,
2024-07-19 19:25:00,CNR2536224491,Canceled by Customer,CID746466,Auto,KR Puram,Tumkur Road,,,Driver is not moving towards pickup location,Not Applicable,Not Applicable,Not Applicable,2121,Not Applicable,0,,
2024-07-07 13:08:00,CNR8040858038,Canceled by Driver,CID793454,Mini,Magadi Road,BTM Layout,,,Not Applicable,Customer related issue,Not Applicable,Not Applicable,150,Not Applicable,0,,
2024-07-21 10:45:00,CNR2240124403,Canceled by Driver,CID231108,Prime Plus,JP Nagar,Yelahanka,,,Not Applicable,Customer was coughing/sick,Not Applicable,Not Applicable,140,Not Applicable,0,,
2024-07-11 10:27:00,CNR6657866130,Success,CID491401,Prime Plus,KR Puram,Vijayanagar,287.0,145.0,Not Applicable,Not Applicable,No,Not Applicable,874,Cash,9,4.9,4.5
2024-07-23 20:07:00,CNR5516078807,Success,CID740943,eBike,Indiranagar,BTM Layout,280.0,110.0,Not Applicable,Not Applicable,No,Not Applicable,713,Cash,42,4.6,3.9
2024-07-26 23:46:00,CNR5389823791,Driver Not Found,CID152817,Bike,Ramamurthy Nagar,MG Road,,,Not Applicable,Not Applicable,Not Applicable,Not Applicable,708,Not Applicable,0,,
2024-07-23 19:48:00,CNR3971787132,Success,CID837109,eBike,Varthur,Cox Town,182.0,25.0,Not Applicable,Not Applicable,No,Not Applicable,460,Cash,49,4.8,3.7
2024-07-07 23:34:00,CNR3535888112,Canceled by Customer,CID181020,Prime Sedan,Hosur Road,Banashankari,,,Wrong Address,Not Applicable,Not Applicable,Not Applicable,171,Not Applicable,0,,
2024-07-16 20:02:00,CNR6189713502,Success,CID107107,eBike,Chickpet,Rajajinagar,154.0,120.0,Not Applicable,Not Applicable,No,Not Applicable,442,Cash,16,4.7,4.8
2024-07-03 11:37:00,CNR9417077013,Success,CID510547,Prime Sedan,Banashankari,Chickpet,273.0,40.0,Not Applicable,Not Applicable,No,Not Applicable,857,Cash,12,3.9,4.7
2024-07-19 02:04:00,CNR2988966473,Success,CID818089,eBike,Electronic City,Whitefield,161.0,90.0,Not Applicable,Not Applicable,Yes,Vehicle Breakdown,292,UPI,10,4.9,4.6
2024-07-14 04:22:00,CNR9702999550,Success,CID164829,Prime Plus,Hennur,JP Nagar,224.0,50.0,Not Applicable,Not Applicable,No,Not Applicable,325,UPI,7,3.0,3.2
2024-07-12 07:25:00,CNR3246171541,Success,CID564234,Prime SUV,Magadi Road,Padmanabhanagar,84.0,80.0,Not Applicable,Not Applicable,Yes,Vehicle Breakdown,2869,UPI,16,4.9,3.6
2024-07-07 12:41:00,CNR8716909480,Success,CID842568,Auto,Bannerghatta Road,Hulimavu,287.0,145.0,Not Applicable,Not Applicable,No,Not Applicable,387,Cash,13,3.5,4.4
2024-07-28 15:40:00,CNR1097075807,Canceled by Customer,CID858867,Prime SUV,MG Road,Peenya,,,Change of plans,Not Applicable,Not Applicable,Not Applicable,442,Not Applicable,0,,
2024-07-06 01:04:00,CNR9634403429,Driver Not Found,CID785274,Auto,Mysore Road,Kadugodi,,,Not Applicable,Not Applicable,Not Applicable,Not Applicable,2147,Not Applicable,0,,
2024-07-26 08:10:00,CNR5712890292,Success,CID657477,Prime Plus,Sarjapur Road,MG Road,273.0,100.0,Not Applicable,Not Applicable,No,Not Applicable,167,Cash,40,3.5,4.1
2024-07-17 08:56:00,CNR1325411901,Success,CID360113,Mini,Banashankari,Basavanagudi,70.0,30.0,Not Applicable,Not Applicable,No,Not Applicable,362,UPI,13,4.6,4.9
2024-07-22 04:49:00,CNR2755910695,Success,CID682100,Prime Plus,Frazer Town,Vijayanagar,231.0,80.0,Not Applicable,Not Applicable,No,Not Applicable,107,Cash,19,3.3,3.6
2024-07-22 00:17:00,CNR3455972537,Success,CID459060,Auto,Kengeri,Chickpet,91.0,110.0,Not Applicable,Not Applicable,No,Not Applicable,350,Cash,9,4.3,4.5
2024-07-02 02:55:00,CNR5816908697,Success,CID404565,Auto,Varthur,Langford Town,231.0,90.0,Not Applicable,Not Applicable,No,Not Applicable,340,Cash,19,3.0,4.2
2024-07-21 23:53:00,CNR8388969550,Driver Not Found,CID865730,Prime Sedan,Electronic City,Shantinagar,,,Not Applicable,Not Applicable,Not Applicable,Not Applicable,317,Not Applicable,0,,
2024-07-01 05:53:00,CNR5937897876,Driver Not Found,CID797551,Auto,Hulimavu,Kengeri,,,Not Applicable,Not Applicable,Not Applicable,Not Applicable,223,Not Applicable,0,,
2024-07-22 14:10:00,CNR7733784352,Canceled by Customer,CID602675,Prime Sedan,Hebbal,KR Puram,,,Driver is not moving towards pickup location,Not Applicable,Not Applicable,Not Applicable,463,Not Applicable,0,,
2024-07-06 20:20:00,CNR9225913041,Success,CID243984,Mini,Bannerghatta Road,Hebbal,133.0,70.0,Not Applicable,Not Applicable,No,Not Applicable,675,Cash,40,4.3,4.0
2024-07-23 23:25:00,CNR4343552043,Success,CID802186,Prime SUV,Hebbal,Yelahanka,203.0,40.0,Not Applicable,Not Applicable,No,Not Applicable,465,Cash,20,3.6,3.3
2024-07-07 19:48:00,CNR6305347578,Success,CID545491,Bike,Majestic,Yelahanka,301.0,65.0,Not Applicable,Not Applicable,No,Not Applicable,450,Cash,24,4.1,4.9
2024-07-14 05:45:00,CNR9360400785,Success,CID533086,Prime Plus,Banashankari,Cox Town,203.0,135.0,Not Applicable,Not Applicable,No,Not Applicable,162,Cash,31,4.5,3.2
2024-07-27 12:56:00,CNR8656669560,Canceled by Customer,CID544514,Mini,Majestic,Malleshwaram,,,AC is Not working,Not Applicable,Not Applicable,Not Applicable,868,Not Applicable,0,,
2024-07-03 10:28:00,CNR5694405952,Success,CID231824,Auto,Kadugodi,Hennur,49.0,75.0,Not Applicable,Not Applicable,No,Not Applicable,433,UPI,18,3.2,4.4
2024-07-25 10:59:00,CNR8930060139,Canceled by Customer,CID262455,Mini,Cox Town,Richmond Town,,,Driver asked to cancel,Not Applicable,Not Applicable,Not Applicable,225,Not Applicable,0,,
2024-07-07 15:22:00,CNR6865078496,Success,CID842990,Mini,Sarjapur Road,Varthur,140.0,105.0,Not Applicable,Not Applicable,No,Not Applicable,700,Cash,28,4.8,3.4
2024-07-05 16:22:00,CNR8804199377,Success,CID682961,Prime Sedan,Ramamurthy Nagar,BTM Layout,49.0,110.0,Not Applicable,Not Applicable,No,Not Applicable,151,Cash,24,5.0,3.6
2024-07-28 12:24:00,CNR6998388830,Success,CID117191,Prime Plus,BTM Layout,Bellandur,245.0,95.0,Not Applicable,Not Applicable,No,Not Applicable,280,Credit Card,32,3.4,3.6
2024-07-27 03:02:00,CNR9915513232,Canceled by Driver,CID845391,Mini,Chamarajpet,Hulimavu,,,Not Applicable,Customer related issue,Not Applicable,Not Applicable,776,Not Applicable,0,,
2024-07-23 07:10:00,CNR4688778307,Canceled by Driver,CID452813,Bike,Hebbal,Sahakar Nagar,,,Not Applicable,Customer related issue,Not Applicable,Not Applicable,165,Not Applicable,0,,
2024-07-17 08:01:00,CNR6158317269,Success,CID198028,Bike,Majestic,Rajajinagar,112.0,90.0,Not Applicable,Not Applicable,No,Not Applicable,226,Cash,35,4.5,3.5
2024-07-17 22:41:00,CNR3303974684,Canceled by Driver,CID837833,Prime Plus,Tumkur Road,Hennur,,,Not Applicable,Customer related issue,Not Applicable,Not Applicable,297,Not Applicable,0,,
2024-07-26 20:24:00,CNR5480092454,Canceled by Customer,CID875038,Prime Plus,Malleshwaram,Yelahanka,,,Wrong Address,Not Applicable,Not Applicable,Not Applicable,546,Not Applicable,0,,
2024-07-11 21:59:00,CNR3205907922,Canceled by Customer,CID326296,Prime Plus,Varthur,Yeshwanthpur,,,Driver is not moving towards pickup location,Not Applicable,Not Applicable,Not Applicable,393,Not Applicable,0,,
2024-07-29 13:30:00,CNR1571694626,Success,CID588654,Bike,Peenya,HSR Layout,301.0,130.0,Not Applicable,Not Applicable,No,Not Applicable,147,UPI,39,4.9,4.4
2024-07-24 13:39:00,CNR6628042301,Success,CID590183,Bike,Kengeri,Cox Town,77.0,90.0,Not Applicable,Not Applicable,No,Not Applicable,398,Cash,46,4.4,4.4
2024-07-13 08:50:00,CNR5339224255,Driver Not Found,CID447237,Mini,Malleshwaram,Hebbal,,,Not Applicable,Not Applicable,Not Applicable,Not Applicable,1988,Not Applicable,0,,
2024-07-28 03:31:00,CNR6983661931,Success,CID650326,Mini,Frazer Town,KR Puram,287.0,40.0,Not Applicable,Not Applicable,No,Not Applicable,320,UPI,29,4.7,3.6
2024-07-05 10:58:00,CNR2718889077,Success,CID902144,Prime Plus,Langford Town,Majestic,63.0,110.0,Not Applicable,Not Applicable,No,Not Applicable,211,UPI,38,3.7,3.5
2024-07-09 18:49:00,CNR7362591010,Success,CID302875,Prime Plus,Devanahalli,Yelahanka,175.0,125.0,Not Applicable,Not Applicable,No,Not Applicable,204,Cash,22,3.3,3.7
2024-07-19 15:12:00,CNR3083887729,Success,CID318714,Mini,Ulsoor,Whitefield,294.0,115.0,Not Applicable,Not Applicable,No,Not Applicable,144,UPI,17,3.5,3.1
2024-07-13 15:08:00,CNR7560205945,Success,CID493525,Bike,Varthur,Shivajinagar,259.0,120.0,Not Applicable,Not Applicable,No,Not Applicable,169,Cash,18,3.3,4.8
2024-07-14 07:28:00,CNR9880186461,Canceled by Driver,CID477632,Prime SUV,Rajarajeshwari Nagar,Nagarbhavi,,,Not Applicable,Personal & Car related issue,Not Applicable,Not Applicable,363,Not Applicable,0,,
2024-07-02 02:53:00,CNR5081037539,Success,CID203686,Prime Sedan,KR Puram,Shantinagar,210.0,75.0,Not Applicable,Not Applicable,No,Not Applicable,179,UPI,1,3.7,4.5
2024-07-15 07:03:00,CNR1090644972,Success,CID646709,Prime Plus,Sarjapur Road,Marathahalli,98.0,55.0,Not Applicable,Not Applicable,No,Not Applicable,101,UPI,9,4.3,4.9
2024-07-29 14:05:00,CNR9781807514,Success,CID485757,Prime Sedan,MG Road,BTM Layout,182.0,105.0,Not Applicable,Not Applicable,No,Not Applicable,129,Cash,45,4.5,3.5
2024-07-22 17:47:00,CNR7711580923,Success,CID829583,Bike,Basavanagudi,Yelahanka,56.0,65.0,Not Applicable,Not Applicable,No,Not Applicable,1912,Cash,30,3.8,4.0
2024-07-21 10:56:00,CNR3884472069,Success,CID902050,eBike,Chamarajpet,Padmanabhanagar,224.0,105.0,Not Applicable,Not Applicable,No,Not Applicable,145,UPI,6,3.1,3.3
2024-07-26 01:38:00,CNR2107827240,Success,CID765329,Prime SUV,Indiranagar,Magadi Road,217.0,115.0,Not Applicable,Not Applicable,Yes,Customer Demand,352,Cash,44,3.7,3.2
2024-07-18 05:43:00,CNR7176062820,Success,CID831172,Prime Sedan,Mysore Road,HSR Layout,224.0,140.0,Not Applicable,Not Applicable,No,Not Applicable,1256,Cash,26,4.1,4.4
2024-07-03 01:11:00,CNR1594538753,Success,CID589603,Prime Sedan,Bannerghatta Road,Padmanabhanagar,70.0,105.0,Not Applicable,Not Applicable,No,Not Applicable,293,Cash,28,4.5,3.4
2024-07-13 00:48:00,CNR4809576852,Success,CID251614,Bike,JP Nagar,Ulsoor,140.0,100.0,Not Applicable,Not Applicable,No,Not Applicable,674,UPI,4,4.6,3.3
2024-07-12 04:37:00,CNR4318709000,Success,CID651031,Bike,Chickpet,Frazer Town,224.0,50.0,Not Applicable,Not Applicable,Yes,Vehicle Breakdown,477,UPI,39,3.5,4.1
2024-07-16 05:57:00,CNR8464470892,Driver Not Found,CID365528,eBike,JP Nagar,Richmond Town,,,Not Applicable,Not Applicable,Not Applicable,Not Applicable,2213,Not Applicable,0,,
2024-07-10 08:25:00,CNR9183458796,Driver Not Found,CID737676,eBike,Jayanagar,Chickpet,,,Not Applicable,Not Applicable,Not Applicable,Not Applicable,618,Not Applicable,0,,
2024-07-30 09:51:00,CNR5122479390,Canceled by Driver,CID478769,Prime Plus,Padmanabhanagar,Marathahalli,,,Not Applicable,Personal & Car related issue,Not Applicable,Not Applicable,207,Not Applicable,0,,
2024-07-17 21:29:00,CNR2407281796,Success,CID392670,eBike,Varthur,Frazer Town,56.0,25.0,Not Applicable,Not Applicable,No,Not Applicable,632,UPI,44,4.4,3.0
2024-07-09 01:55:00,CNR6659774732,Canceled by Driver,CID833167,Auto,Hennur,Padmanabhanagar,,,Not Applicable,Personal & Car related issue,Not Applicable,Not Applicable,416,Not Applicable,0,,
2024-07-30 08:13:00,CNR6328550692,Canceled by Customer,CID967788,Bike,Ulsoor,HSR Layout,,,Driver is not moving towards pickup location,Not Applicable,Not Applicable,Not Applicable,404,Not Applicable,0,,
2024-07-09 05:16:00,CNR1217418236,Canceled by Driver,CID385839,Bike,Richmond Town,Chamarajpet,,,Not Applicable,Customer was coughing/sick,Not Applicable,Not Applicable,700,Not Applicable,0,,
2024-07-12 08:42:00,CNR8349181392,Success,CID726942,Prime Plus,Yelahanka,Hosur Road,98.0,110.0,Not Applicable,Not Applicable,No,Not Applicable,219,UPI,7,3.8,4.6
2024-07-19 05:17:00,CNR1230193156,Canceled by Driver,CID790273,Bike,MG Road,KR Puram,,,Not Applicable,Customer related issue,Not Applicable,Not Applicable,811,Not Applicable,0,,
2024-07-03 22:35:00,CNR7050485881,Success,CID645977,Mini,Vijayanagar,Richmond Town,105.0,140.0,Not Applicable,Not Applicable,No,Not Applicable,259,Cash,13,3.4,4.9
2024-07-12 23:11:00,CNR9358846486,Driver Not Found,CID213200,Prime SUV,BTM Layout,Rajajinagar,,,Not Applicable,Not Applicable,Not Applicable,Not Applicable,251,Not Applicable,0,,
2024-07-10 01:13:00,CNR1552911959,Success,CID996236,Prime Sedan,Whitefield,Bannerghatta Road,168.0,85.0,Not Applicable,Not Applicable,No,Not Applicable,1824,UPI,12,4.7,4.4
2024-07-14 14:37:00,CNR5355350781,Canceled by Driver,CID134708,Auto,Magadi Road,JP Nagar,,,Not Applicable,Customer related issue,Not Applicable,Not Applicable,241,Not Applicable,0,,
2024-07-06 23:12:00,CNR6207107045,Success,CID931585,Prime Sedan,Rajarajeshwari Nagar,Chamarajpet,112.0,45.0,Not Applicable,Not Applicable,No,Not Applicable,299,Cash,1,3.1,3.5
2024-07-07 07:05:00,CNR9594236059,Success,CID779201,eBike,JP Nagar,Bellandur,105.0,75.0,Not Applicable,Not Applicable,No,Not Applicable,878,UPI,11,4.6,3.6
2024-07-14 16:29:00,CNR9133796161,Success,CID587139,Auto,Jayanagar,JP Nagar,231.0,145.0,Not Applicable,Not Applicable,No,Not Applicable,444,Cash,15,3.8,5.0
2024-07-20 00:48:00,CNR2149636750,Success,CID484955,eBike,Marathahalli,Ulsoor,287.0,135.0,Not Applicable,Not Applicable,No,Not Applicable,438,Cash,44,4.4,3.2
2024-07-17 12:46:00,CNR2486293149,Success,CID565224,Prime SUV,Rajajinagar,Kadugodi,119.0,130.0,Not Applicable,Not Applicable,No,Not Applicable,386,Cash,46,3.0,4.1
2024-07-26 20:00:00,CNR8059558084,Success,CID450431,Prime SUV,Rajarajeshwari Nagar,Chickpet,105.0,50.0,Not Applicable,Not Applicable,No,Not Applicable,360,UPI,39,4.8,3.1
2024-07-04 18:45:00,CNR2754449946,Success,CID815993,Auto,JP Nagar,Koramangala,147.0,30.0,Not Applicable,Not Applicable,No,Not Applicable,426,Cash,14,3.9,4.0
2024-07-06 07:22:00,CNR7666752391,Success,CID674288,Auto,Frazer Town,Bannerghatta Road,238.0,95.0,Not Applicable,Not Applicable,No,Not Applicable,393,UPI,5,3.6,3.4
2024-07-29 05:03:00,CNR9820216870,Success,CID818177,Mini,Whitefield,Sahakar Nagar,84.0,50.0,Not Applicable,Not Applicable,No,Not Applicable,244,UPI,37,3.5,3.4
2024-07-19 15:04:00,CNR1444146645,Driver Not Found,CID522347,Prime Plus,Hulimavu,Majestic,,,Not Applicable,Not Applicable,Not Applicable,Not Applicable,230,Not Applicable,0,,
2024-07-10 10:54:00,CNR6967776208,Success,CID916416,Prime Plus,Hulimavu,Frazer Town,266.0,110.0,Not Applicable,Not Applicable,No,Not Applicable,394,Cash,8,3.3,4.7
2024-07-08 07:13:00,CNR7910832270,Success,CID671562,Mini,Kengeri,Chamarajpet,77.0,85.0,Not Applicable,Not Applicable,No,Not Applicable,364,Cash,17,4.8,4.2
2024-07-17 09:07:00,CNR7017405486,Canceled by Driver,CID289956,Prime Sedan,Whitefield,Hennur,,,Not Applicable,Customer was coughing/sick,Not Applicable,Not Applicable,873,Not Applicable,0,,
2024-07-22 02:35:00,CNR1888070656,Success,CID500912,eBike,Malleshwaram,Mysore Road,112.0,30.0,Not Applicable,Not Applicable,No,Not Applicable,351,UPI,1,4.1,3.7
2024-07-03 05:10:00,CNR1106856000,Canceled by Driver,CID121749,Auto,Indiranagar,Nagarbhavi,,,Not Applicable,Personal & Car related issue,Not Applicable,Not Applicable,316,Not Applicable,0,,
2024-07-20 13:08:00,CNR8700370788,Success,CID713005,Prime Plus,Indiranagar,Hennur,77.0,145.0,Not Applicable,Not Applicable,No,Not Applicable,345,Cash,41,5.0,4.4
2024-07-25 09:40:00,CNR5745421882,Success,CID338787,Prime Sedan,Ulsoor,Varthur,147.0,125.0,Not Applicable,Not Applicable,No,Not Applicable,429,UPI,24,3.1,3.4
2024-07-25 10:05:00,CNR9415940386,Success,CID629020,eBike,Frazer Town,Magadi Road,98.0,135.0,Not Applicable,Not Applicable,No,Not Applicable,485,Credit Card,4,4.1,4.6
2024-07-11 01:18:00,CNR6033708632,Success,CID406325,Auto,Shivajinagar,Yelahanka,112.0,85.0,Not Applicable,Not Applicable,No,Not Applicable,379,Cash,17,3.1,3.9
2024-07-03 12:32:00,CNR8933355647,Success,CID544923,Mini,Shivajinagar,Chickpet,84.0,95.0,Not Applicable,Not Applicable,No,Not Applicable,297,Cash,10,4.0,3.1
2024-07-21 19:18:00,CNR2324414332,Canceled by Driver,CID765669,Mini,Rajarajeshwari Nagar,Marathahalli,,,Not Applicable,Customer related issue,Not Applicable,Not Applicable,150,Not Applicable,0,,
2024-07-27 10:24:00,CNR8170104867,Canceled by Driver,CID987304,Auto,Shivajinagar,KR Puram,,,Not Applicable,Customer related issue,Not Applicable,Not Applicable,380,Not Applicable,0,,
2024-07-12 12:10:00,CNR6757109354,Driver Not Found,CID288537,Mini,Padmanabhanagar,Basavanagudi,,,Not Applicable,Not Applicable,Not Applicable,Not Applicable,435,Not Applicable,0,,
2024-07-04 06:00:00,CNR2468843986,Success,CID914798,Prime Plus,BTM Layout,Nagarbhavi,238.0,115.0,Not Applicable,Not Applicable,Yes,Other Issue,2694,Cash,44,4.6,3.8
2024-07-02 17:03:00,CNR4911930659,Success,CID879103,Bike,Malleshwaram,Whitefield,308.0,115.0,Not Applicable,Not Applicable,No,Not Applicable,923,Cash,26,4.0,4.3
2024-07-14 17:50:00,CNR2305269447,Canceled by Driver,CID385874,Mini,MG Road,Magadi Road,,,Not Applicable,Customer related issue,Not Applicable,Not Applicable,767,Not Applicable,0,,
2024-07-27 22:55:00,CNR3494448854,Success,CID596985,Auto,Hebbal,Yeshwanthpur,70.0,125.0,Not Applicable,Not Applicable,No,Not Applicable,946,UPI,8,4.7,3.1
2024-07-26 22:49:00,CNR2052533750,Success,CID258424,Prime SUV,Devanahalli,Kadugodi,56.0,115.0,Not Applicable,Not Applicable,No,Not Applicable,394,Cash,33,3.5,3.6
2024-07-08 06:42:00,CNR5071799305,Success,CID870726,Prime Sedan,Varthur,Sahakar Nagar,217.0,90.0,Not Applicable,Not Applicable,No,Not Applicable,253,Cash,47,3.5,4.4
2024-07-05 13:07:00,CNR4054678662,Success,CID220053,Prime Plus,Rajajinagar,HSR Layout,189.0,45.0,Not Applicable,Not Applicable,No,Not Applicable,417,UPI,40,3.8,4.9
2024-07-23 08:23:00,CNR1717698014,Driver Not Found,CID940374,eBike,RT Nagar,Banashankari,,,Not Applicable,Not Applicable,Not Applicable,Not Applicable,441,Not Applicable,0,,
2024-07-13 02:56:00,CNR8160030836,Canceled by Customer,CID262627,Prime SUV,Bellandur,Bellandur,,,Driver is not moving towards pickup location,Not Applicable,Not Applicable,Not Applicable,276,Not Applicable,0,,
2024-07-26 05:26:00,CNR6291195232,Success,CID779789,Prime SUV,Koramangala,Sarjapur Road,105.0,85.0,Not Applicable,Not Applicable,No,Not Applicable,390,UPI,40,4.2,3.7
2024-07-11 17:01:00,CNR7087578388,Success,CID818761,Prime Plus,Nagarbhavi,Marathahalli,210.0,130.0,Not Applicable,Not Applicable,No,Not Applicable,687,Cash,26,4.7,3.1
2024-07-18 07:08:00,CNR7120942560,Success,CID120994,Auto,Shivajinagar,Hulimavu,42.0,105.0,Not Applicable,Not Applicable,No,Not Applicable,254,Cash,18,4.4,4.6
2024-07-28 23:50:00,CNR7028450348,Success,CID784924,Prime Plus,Bellandur,Basavanagudi,189.0,45.0,Not Applicable,Not Applicable,No,Not Applicable,258,UPI,16,3.2,3.6
2024-07-27 23:38:00,CNR2402697285,Success,CID272908,Prime SUV,Chamarajpet,Varthur,105.0,95.0,Not Applicable,Not Applicable,No,Not Applicable,414,Cash,32,4.1,4.8
2024-07-22 05:28:00,CNR4057408409,Success,CID941856,Auto,Rajajinagar,Hosur Road,133.0,90.0,Not Applicable,Not Applicable,No,Not Applicable,380,Cash,14,4.6,4.8
2024-07-29 18:21:00,CNR4171691035,Canceled by Driver,CID827071,Prime Plus,Rajajinagar,Jayanagar,,,Not Applicable,More than permitted people in there,Not Applicable,Not Applicable,472,Not Applicable,0,,
2024-07-29 10:26:00,CNR5405218945,Canceled by Customer,CID734503,Bike,Yeshwanthpur,Hennur,,,Change of plans,Not Applicable,Not Applicable,Not Applicable,364,Not Applicable,0,,
2024-07-04 04:40:00,CNR3925897545,Success,CID836719,Prime Sedan,Peenya,Varthur,182.0,130.0,Not Applicable,Not Applicable,No,Not Applicable,643,Cash,19,3.4,3.1
2024-07-04 14:24:00,CNR6944069049,Success,CID140817,eBike,Rajarajeshwari Nagar,Kammanahalli,259.0,65.0,Not Applicable,Not Applicable,No,Not Applicable,161,UPI,18,3.8,4.2
2024-07-21 07:47:00,CNR4308953966,Success,CID477582,eBike,Indiranagar,Ramamurthy Nagar,133.0,90.0,Not Applicable,Not Applicable,No,Not Applicable,397,Cash,47,5.0,3.9
2024-07-17 20:02:00,CNR2984171372,Success,CID922474,Prime Sedan,Yeshwanthpur,Hebbal,98.0,45.0,Not Applicable,Not Applicable,No,Not Applicable,634,UPI,8,5.0,3.5
2024-07-20 03:29:00,CNR6192011467,Success,CID988138,Bike,Magadi Road,MG Road,231.0,60.0,Not Applicable,Not Applicable,No,Not Applicable,749,Cash,5,5.0,5.0
2024-07-21 08:34:00,CNR9366872860,Success,CID724923,Bike,Marathahalli,Yeshwanthpur,245.0,60.0,Not Applicable,Not Applicable,No,Not Applicable,285,UPI,32,3.7,4.9
2024-07-19 04:35:00,CNR9375385687,Success,CID373638,Bike,Nagarbhavi,Sahakar Nagar,119.0,40.0,Not Applicable,Not Applicable,No,Not Applicable,800,UPI,14,3.3,4.9
2024-07-02 13:05:00,CNR2221430315,Canceled by Customer,CID482038,Prime Plus,Koramangala,Koramangala,,,Driver is not moving towards pickup location,Not Applicable,Not Applicable,Not Applicable,204,Not Applicable,0,,
2024-07-26 05:26:00,CNR3077857903,Success,CID549232,eBike,Mysore Road,Shantinagar,196.0,75.0,Not Applicable,Not Applicable,No,Not Applicable,224,UPI,41,3.5,3.6
2024-07-05 21:52:00,CNR4092271204,Success,CID581986,eBike,Mysore Road,RT Nagar,182.0,30.0,Not Applicable,Not Applicable,No,Not Applicable,781,Cash,38,3.1,5.0
2024-07-03 18:28:00,CNR4821234404,Canceled by Driver,CID835352,Bike,Varthur,Jayanagar,,,Not Applicable,Customer was coughing/sick,Not Applicable,Not Applicable,296,Not Applicable,0,,
2024-07-16 03:33:00,CNR6435401121,Success,CID847240,eBike,Ulsoor,Hulimavu,49.0,95.0,Not Applicable,Not Applicable,No,Not Applicable,261,UPI,27,3.9,4.8
2024-07-03 12:04:00,CNR8330229360,Success,CID408489,Prime Plus,Hosur Road,Rajarajeshwari Nagar,252.0,65.0,Not Applicable,Not Applicable,No,Not Applicable,2511,Debit Card,29,4.3,3.5
2024-07-20 06:05:00,CNR9479873719,Success,CID771156,eBike,Basavanagudi,Ramamurthy Nagar,70.0,135.0,Not Applicable,Not Applicable,No,Not Applicable,894,Cash,13,3.7,5.0
2024-07-19 06:41:00,CNR4280903782,Success,CID109962,eBike,Bellandur,Yelahanka,210.0,100.0,Not Applicable,Not Applicable,No,Not Applicable,268,UPI,13,3.2,4.8
2024-07-28 17:01:00,CNR2929039182,Canceled by Driver,CID698414,Bike,Ulsoor,Rajarajeshwari Nagar,,,Not Applicable,Customer was coughing/sick,Not Applicable,Not Applicable,132,Not Applicable,0,,
2024-07-15 10:58:00,CNR3799092297,Success,CID255057,Prime Plus,Kadugodi,Kammanahalli,98.0,55.0,Not Applicable,Not Applicable,No,Not Applicable,356,Cash,5,4.7,3.8
2024-07-27 03:37:00,CNR7111856587,Success,CID445173,Bike,Hulimavu,Chamarajpet,301.0,105.0,Not Applicable,Not Applicable,No,Not Applicable,455,Credit Card,26,4.3,3.4
2024-07-09 07:44:00,CNR5155857818,Success,CID707762,Prime SUV,Hebbal,Kadugodi,252.0,35.0,Not Applicable,Not Applicable,No,Not Applicable,479,Credit Card,4,3.5,3.7
2024-07-04 05:11:00,CNR8580994680,Success,CID804070,Prime Sedan,Vijayanagar,Langford Town,252.0,30.0,Not Applicable,Not Applicable,No,Not Applicable,303,Cash,7,3.5,4.2
2024-07-24 14:33:00,CNR2397512392,Success,CID446531,Prime SUV,KR Puram,Chickpet,35.0,145.0,Not Applicable,Not Applicable,No,Not Applicable,183,Cash,4,3.1,3.4
2024-07-25 20:05:00,CNR6381801285,Success,CID247330,Prime SUV,Majestic,BTM Layout,77.0,70.0,Not Applicable,Not Applicable,No,Not Applicable,103,Cash,45,3.4,4.2
2024-07-03 23:35:00,CNR1916358256,Success,CID736051,Prime Plus,Chickpet,Chamarajpet,84.0,110.0,Not Applicable,Not Applicable,No,Not Applicable,274,UPI,37,4.5,4.3
2024-07-07 12:32:00,CNR5717449818,Success,CID239404,Auto,Koramangala,Chickpet,98.0,70.0,Not Applicable,Not Applicable,No,Not Applicable,128,Cash,15,4.9,4.5
2024-07-09 19:51:00,CNR9100167203,Success,CID694134,Auto,Yeshwanthpur,Yelahanka,91.0,95.0,Not Applicable,Not Applicable,No,Not Applicable,292,UPI,9,3.8,4.7
2024-07-08 10:34:00,CNR4727694055,Canceled by Driver,CID856884,eBike,Ramamurthy Nagar,Koramangala,,,Not Applicable,Customer related issue,Not Applicable,Not Applicable,123,Not Applicable,0,,
2024-07-23 11:48:00,CNR7530806889,Success,CID842302,Prime SUV,Ramamurthy Nagar,Electronic City,98.0,70.0,Not Applicable,Not Applicable,No,Not Applicable,465,Cash,4,3.9,3.9
2024-07-08 01:49:00,CNR3273030207,Driver Not Found,CID412051,Prime Sedan,Chickpet,BTM Layout,,,Not Applicable,Not Applicable,Not Applicable,Not Applicable,179,Not Applicable,0,,
2024-07-08 20:23:00,CNR3445320466,Driver Not Found,CID151566,eBike,Sarjapur Road,Chickpet,,,Not Applicable,Not Applicable,Not Applicable,Not Applicable,202,Not Applicable,0,,
2024-07-07 07:53:00,CNR9834205236,Success,CID695935,Prime Sedan,Mysore Road,JP Nagar,154.0,90.0,Not Applicable,Not Applicable,No,Not Applicable,221,UPI,47,3.7,4.7
2024-07-28 02:24:00,CNR2658418524,Canceled by Customer,CID335132,Mini,Shantinagar,JP Nagar,,,Driver is not moving towards pickup location,Not Applicable,Not Applicable,Not Applicable,197,Not Applicable,0,,
2024-07-15 01:40:00,CNR7141617874,Success,CID688644,Prime SUV,Hebbal,Ramamurthy Nagar,77.0,25.0,Not Applicable,Not Applicable,No,Not Applicable,545,Cash,41,4.1,4.8
2024-07-15 05:44:00,CNR6337862212,Success,CID683953,Prime SUV,MG Road,Hulimavu,84.0,25.0,Not Applicable,Not Applicable,No,Not Applicable,579,UPI,16,3.8,4.3
2024-07-08 04:07:00,CNR3646136711,Success,CID806540,Prime Sedan,Varthur,Magadi Road,182.0,110.0,Not Applicable,Not Applicable,No,Not Applicable,981,Cash,5,3.3,3.7
2024-07-12 23:48:00,CNR8790177923,Success,CID597384,Mini,Langford Town,Vijayanagar,56.0,70.0,Not Applicable,Not Applicable,No,Not Applicable,284,Cash,2,3.4,4.9
2024-07-12 06:09:00,CNR8940825859,Success,CID224846,eBike,Hebbal,Shivajinagar,231.0,65.0,Not Applicable,Not Applicable,No,Not Applicable,319,Cash,46,4.6,4.1
2024-07-20 06:26:00,CNR7596111043,Success,CID473441,eBike,Ramamurthy Nagar,Chickpet,98.0,115.0,Not Applicable,Not Applicable,No,Not Applicable,982,Cash,5,3.2,4.7
2024-07-15 19:26:00,CNR1981040074,Canceled by Driver,CID448503,eBike,Indiranagar,MG Road,,,Not Applicable,Personal & Car related issue,Not Applicable,Not Applicable,464,Not Applicable,0,,
2024-07-25 19:55:00,CNR7338921666,Success,CID535043,Auto,Sarjapur Road,Basavanagudi,140.0,30.0,Not Applicable,Not Applicable,No,Not Applicable,748,Cash,12,4.6,4.0
2024-07-11 18:23:00,CNR5264272377,Driver Not Found,CID161249,eBike,Kadugodi,Tumkur Road,,,Not Applicable,Not Applicable,Not Applicable,Not Applicable,185,Not Applicable,0,,
2024-07-02 09:45:00,CNR7265066874,Success,CID322231,Mini,Kadugodi,Banashankari,112.0,105.0,Not Applicable,Not Applicable,No,Not Applicable,352,UPI,34,3.1,3.4
2024-07-29 21:43:00,CNR4525991148,Success,CID464270,Prime SUV,Kammanahalli,Padmanabhanagar,119.0,30.0,Not Applicable,Not Applicable,No,Not Applicable,898,Cash,35,4.7,3.6
2024-07-25 13:05:00,CNR7951574019,Canceled by Customer,CID141930,Auto,Padmanabhanagar,Padmanabhanagar,,,Change of plans,Not Applicable,Not Applicable,Not Applicable,969,Not Applicable,0,,
2024-07-23 00:46:00,CNR6476571381,Success,CID151540,Auto,Yeshwanthpur,Peenya,133.0,50.0,Not Applicable,Not Applicable,No,Not Applicable,633,Cash,13,3.6,3.0
2024-07-11 13:58:00,CNR5072589647,Canceled by Customer,CID659285,Bike,Vijayanagar,Padmanabhanagar,,,AC is Not working,Not Applicable,Not Applicable,Not Applicable,1058,Not Applicable,0,,
2024-07-30 14:11:00,CNR4530231453,Canceled by Customer,CID838978,Bike,Varthur,MG Road,,,Driver asked to cancel,Not Applicable,Not Applicable,Not Applicable,923,Not Applicable,0,,
2024-07-03 09:02:00,CNR8848793864,Success,CID807080,Auto,Mysore Road,Shivajinagar,147.0,45.0,Not Applicable,Not Applicable,No,Not Applicable,396,UPI,1,3.8,3.6
2024-07-23 13:55:00,CNR1530983495,Success,CID330791,Bike,BTM Layout,Rajajinagar,280.0,105.0,Not Applicable,Not Applicable,No,Not Applicable,758,Cash,21,4.1,3.8
2024-07-21 20:52:00,CNR8975356202,Success,CID390101,Prime SUV,Yelahanka,Hulimavu,77.0,50.0,Not Applicable,Not Applicable,No,Not Applicable,350,Cash,20,4.3,4.6
2024-07-22 20:55:00,CNR1421733189,Driver Not Found,CID366022,Bike,Ulsoor,Ramamurthy Nagar,,,Not Applicable,Not Applicable,Not Applicable,Not Applicable,465,Not Applicable,0,,
2024-07-05 23:08:00,CNR7068659229,Success,CID670290,Mini,Richmond Town,Richmond Town,245.0,70.0,Not Applicable,Not Applicable,No,Not Applicable,650,Cash,36,4.8,4.1
2024-07-09 01:46:00,CNR2850910071,Driver Not Found,CID170885,Prime Sedan,Hulimavu,Majestic,,,Not Applicable,Not Applicable,Not Applicable,Not Applicable,109,Not Applicable,0,,
2024-07-25 09:41:00,CNR4805679203,Success,CID273512,Prime Sedan,Nagarbhavi,HSR Layout,35.0,95.0,Not Applicable,Not Applicable,No,Not Applicable,860,Cash,32,3.8,3.8
2024-07-21 14:54:00,CNR7431814763,Success,CID240829,Prime Plus,Banashankari,Ulsoor,301.0,90.0,Not Applicable,Not Applicable,No,Not Applicable,780,Cash,13,3.7,3.8
2024-07-07 01:14:00,CNR6487617869,Canceled by Driver,CID180928,Prime SUV,Yeshwanthpur,Bellandur,,,Not Applicable,Personal & Car related issue,Not Applicable,Not Applicable,573,Not Applicable,0,,
2024-07-19 14:39:00,CNR2362090864,Success,CID813136,Auto,Langford Town,Koramangala,217.0,140.0,Not Applicable,Not Applicable,No,Not Applicable,1687,UPI,5,4.8,4.5
2024-07-15 17:21:00,CNR8612634620,Success,CID359153,Auto,Yeshwanthpur,Malleshwaram,287.0,120.0,Not Applicable,Not Applicable,No,Not Applicable,363,Cash,6,3.1,3.6
2024-07-28 14:32:00,CNR3478022750,Success,CID394900,Auto,Hennur,Ulsoor,119.0,115.0,Not Applicable,Not Applicable,No,Not Applicable,460,UPI,5,4.1,4.9
2024-07-20 08:38:00,CNR3223510023,Success,CID649596,Auto,Frazer Town,Majestic,112.0,45.0,Not Applicable,Not Applicable,No,Not Applicable,125,Cash,1,3.7,4.5
2024-07-18 11:02:00,CNR1313132563,Success,CID907476,Prime Plus,Kadugodi,Richmond Town,273.0,110.0,Not Applicable,Not Applicable,No,Not Applicable,302,UPI,23,4.4,4.9
2024-07-27 06:53:00,CNR5715636112,Success,CID110708,Auto,HSR Layout,Frazer Town,42.0,110.0,Not Applicable,Not Applicable,No,Not Applicable,283,UPI,7,3.3,3.9
2024-07-14 00:49:00,CNR4296150723,Success,CID480904,Prime SUV,Ulsoor,Ramamurthy Nagar,119.0,145.0,Not Applicable,Not Applicable,No,Not Applicable,776,UPI,41,4.6,3.9
2024-07-04 15:00:00,CNR2400516626,Success,CID739842,Prime Sedan,Bellandur,Ulsoor,133.0,30.0,Not Applicable,Not Applicable,No,Not Applicable,136,UPI,45,3.2,3.7
2024-07-02 11:47:00,CNR7958018162,Success,CID189260,Prime Sedan,Yeshwanthpur,Cox Town,252.0,135.0,Not Applicable,Not Applicable,No,Not Applicable,473,Cash,37,4.8,4.0
2024-07-14 15:39:00,CNR2864014880,Canceled by Driver,CID842993,Mini,MG Road,Vijayanagar,,,Not Applicable,Customer was coughing/sick,Not Applicable,Not Applicable,295,Not Applicable,0,,
2024-07-15 08:49:00,CNR1089264315,Success,CID297967,Prime SUV,Rajajinagar,Banashankari,280.0,90.0,Not Applicable,Not Applicable,No,Not Applicable,490,UPI,9,4.9,3.7
2024-07-27 05:04:00,CNR5100031287,Canceled by Customer,CID563776,Mini,Kammanahalli,Marathahalli,,,Driver asked to cancel,Not Applicable,Not Applicable,Not Applicable,146,Not Applicable,0,,
2024-07-14 00:39:00,CNR5777177870,Success,CID517162,Auto,Ramamurthy Nagar,Varthur,77.0,115.0,Not Applicable,Not Applicable,No,Not Applicable,450,Cash,16,4.5,4.6
2024-07-20 10:50:00,CNR9807886661,Driver Not Found,CID822637,Auto,Hulimavu,Ramamurthy Nagar,,,Not Applicable,Not Applicable,Not Applicable,Not Applicable,490,Not Applicable,0,,
2024-07-10 12:59:00,CNR3366073918,Success,CID703942,Mini,Indiranagar,Frazer Town,231.0,75.0,Not Applicable,Not Applicable,Yes,Customer Demand,175,UPI,33,3.9,4.8
2024-07-08 16:06:00,CNR2512244534,Success,CID231734,Prime SUV,Malleshwaram,MG Road,56.0,60.0,Not Applicable,Not Applicable,No,Not Applicable,137,UPI,16,4.7,4.8
2024-07-09 00:59:00,CNR5361329398,Success,CID377294,Auto,Jayanagar,Vijayanagar,217.0,105.0,Not Applicable,Not Applicable,No,Not Applicable,556,Cash,7,3.8,4.5
2024-07-17 21:50:00,CNR1801719827,Success,CID924799,Mini,Ramamurthy Nagar,Hennur,266.0,115.0,Not Applicable,Not Applicable,No,Not Applicable,2995,UPI,26,4.7,4.6
2024-07-19 17:27:00,CNR8754379508,Success,CID646650,Prime Plus,Yelahanka,Malleshwaram,294.0,45.0,Not Applicable,Not Applicable,Yes,Customer Demand,439,Cash,7,3.5,4.8
2024-07-24 16:29:00,CNR5053494789,Success,CID300134,Prime Plus,Hosur Road,Chamarajpet,42.0,50.0,Not Applicable,Not Applicable,No,Not Applicable,281,UPI,22,4.4,4.6
2024-07-06 22:43:00,CNR8236005653,Success,CID235611,eBike,KR Puram,Varthur,154.0,75.0,Not Applicable,Not Applicable,No,Not Applicable,316,Cash,48,3.3,3.8
2024-07-03 17:04:00,CNR4343308621,Success,CID708639,eBike,MG Road,Sahakar Nagar,70.0,145.0,Not Applicable,Not Applicable,Yes,Customer Demand,153,Cash,47,3.0,3.9
2024-07-24 20:04:00,CNR4062177997,Success,CID264752,Auto,Hennur,Varthur,133.0,95.0,Not Applicable,Not Applicable,No,Not Applicable,301,UPI,11,5.0,3.7
2024-07-06 22:49:00,CNR1815699898,Success,CID356611,Mini,KR Puram,KR Puram,231.0,105.0,Not Applicable,Not Applicable,No,Not Applicable,231,Cash,31,3.4,3.2
2024-07-27 07:54:00,CNR8339882933,Success,CID640976,eBike,Kammanahalli,Kadugodi,245.0,100.0,Not Applicable,Not Applicable,No,Not Applicable,328,UPI,40,3.2,4.4
2024-07-22 18:32:00,CNR6336338206,Canceled by Customer,CID203017,Prime Plus,Sahakar Nagar,Bannerghatta Road,,,Change of plans,Not Applicable,Not Applicable,Not Applicable,896,Not Applicable,0,,
2024-07-03 07:02:00,CNR7384647566,Canceled by Driver,CID711477,Bike,Richmond Town,Basavanagudi,,,Not Applicable,Personal & Car related issue,Not Applicable,Not Applicable,432,Not Applicable,0,,
2024-07-19 09:11:00,CNR1934940699,Success,CID444683,Bike,Majestic,Hulimavu,84.0,85.0,Not Applicable,Not Applicable,No,Not Applicable,419,Cash,29,4.7,3.0
2024-07-06 07:59:00,CNR2524808867,Canceled by Driver,CID277986,Prime Plus,Ramamurthy Nagar,JP Nagar,,,Not Applicable,Personal & Car related issue,Not Applicable,Not Applicable,349,Not Applicable,0,,
2024-07-12 19:31:00,CNR3843481958,Success,CID172437,eBike,Ulsoor,Chamarajpet,70.0,90.0,Not Applicable,Not Applicable,No,Not Applicable,390,Cash,30,3.8,3.0
2024-07-24 01:55:00,CNR4839446624,Success,CID458323,Mini,Shivajinagar,Rajarajeshwari Nagar,84.0,90.0,Not Applicable,Not Applicable,No,Not Applicable,2640,Credit Card,43,3.5,4.9
2024-07-27 11:16:00,CNR7901035948,Success,CID677281,Prime Plus,Bellandur,Sahakar Nagar,196.0,140.0,Not Applicable,Not Applicable,Yes,Customer Demand,473,UPI,38,4.1,3.2
2024-07-17 13:50:00,CNR3382152180,Success,CID432057,Mini,Indiranagar,Hosur Road,147.0,50.0,Not Applicable,Not Applicable,No,Not Applicable,220,Cash,46,4.4,3.6
2024-07-07 18:54:00,CNR3118235172,Success,CID973969,eBike,Marathahalli,Indiranagar,217.0,75.0,Not Applicable,Not Applicable,No,Not Applicable,868,Cash,4,4.1,4.8
2024-07-06 20:36:00,CNR9160469537,Success,CID615844,Auto,Cox Town,Koramangala,105.0,145.0,Not Applicable,Not Applicable,No,Not Applicable,754,Cash,9,3.4,3.4
2024-07-14 08:13:00,CNR7078578525,Success,CID617153,eBike,MG Road,Ramamurthy Nagar,196.0,110.0,Not Applicable,Not Applicable,No,Not Applicable,460,UPI,4,4.3,3.3
2024-07-16 12:31:00,CNR6872004488,Success,CID603814,Mini,Frazer Town,Peenya,126.0,105.0,Not Applicable,Not Applicable,No,Not Applicable,256,UPI,41,3.0,4.8
2024-07-27 22:19:00,CNR3003016538,Success,CID175939,Auto,Varthur,MG Road,133.0,105.0,Not Applicable,Not Applicable,No,Not Applicable,959,Cash,3,4.9,4.7
2024-07-28 21:30:00,CNR6803641948,Success,CID309373,Prime Plus,Vijayanagar,Kengeri,126.0,35.0,Not Applicable,Not Applicable,No,Not Applicable,104,UPI,13,3.7,3.1
2024-07-05 08:28:00,CNR7762544458,Success,CID947146,Prime Plus,Frazer Town,MG Road,91.0,40.0,Not Applicable,Not Applicable,No,Not Applicable,1348,Cash,12,4.7,4.9
2024-07-08 06:08:00,CNR4869885142,Canceled by Customer,CID830428,eBike,Chickpet,KR Puram,,,Driver asked to cancel,Not Applicable,Not Applicable,Not Applicable,210,Not Applicable,0,,
2024-07-09 16:49:00,CNR1147019245,Driver Not Found,CID513894,Prime Plus,RT Nagar,Kammanahalli,,,Not Applicable,Not Applicable,Not Applicable,Not Applicable,317,Not Applicable,0,,
2024-07-26 23:21:00,CNR1794813734,Success,CID185541,Prime Sedan,Bellandur,Frazer Town,133.0,75.0,Not Applicable,Not Applicable,No,Not Applicable,346,Cash,10,4.2,3.4
2024-07-15 21:15:00,CNR5994694381,Success,CID483668,Bike,Tumkur Road,Ramamurthy Nagar,154.0,110.0,Not Applicable,Not Applicable,No,Not Applicable,440,Cash,43,4.2,3.3
2024-07-19 16:17:00,CNR9503323633,Canceled by Driver,CID476920,eBike,Sahakar Nagar,Malleshwaram,,,Not Applicable,More than permitted people in there,Not Applicable,Not Applicable,706,Not Applicable,0,,
2024-07-01 22:18:00,CNR4660546389,Canceled by Customer,CID725314,Prime Plus,Peenya,Whitefield,,,Driver is not moving towards pickup location,Not Applicable,Not Applicable,Not Applicable,283,Not Applicable,0,,
2024-07-14 21:55:00,CNR4657206097,Canceled by Driver,CID167385,Bike,Ulsoor,Bellandur,,,Not Applicable,Personal & Car related issue,Not Applicable,Not Applicable,770,Not Applicable,0,,
2024-07-30 08:59:00,CNR2095404045,Canceled by Driver,CID828847,Prime SUV,Hulimavu,Electronic City,,,Not Applicable,Customer was coughing/sick,Not Applicable,Not Applicable,995,Not Applicable,0,,
2024-07-09 14:11:00,CNR3061631217,Success,CID997642,Prime Sedan,JP Nagar,Banashankari,203.0,50.0,Not Applicable,Not Applicable,No,Not Applicable,353,Cash,3,3.7,3.2
2024-07-13 06:52:00,CNR1516822315,Success,CID870013,Mini,Langford Town,Marathahalli,105.0,90.0,Not Applicable,Not Applicable,No,Not Applicable,276,Cash,45,4.2,3.7
2024-07-25 07:36:00,CNR5418002226,Success,CID125422,Prime Plus,Hosur Road,Malleshwaram,35.0,100.0,Not Applicable,Not Applicable,No,Not Applicable,2051,UPI,22,3.5,4.9
2024-07-18 09:08:00,CNR4887655271,Success,CID594088,eBike,Ramamurthy Nagar,Tumkur Road,168.0,40.0,Not Applicable,Not Applicable,No,Not Applicable,123,UPI,36,3.8,4.0
2024-07-14 22:16:00,CNR1323299527,Success,CID378860,Auto,Chamarajpet,Kengeri,252.0,35.0,Not Applicable,Not Applicable,No,Not Applicable,995,UPI,5,3.8,4.8
2024-07-09 06:54:00,CNR4377369791,Canceled by Driver,CID925844,Prime SUV,Shantinagar,Ramamurthy Nagar,,,Not Applicable,Customer related issue,Not Applicable,Not Applicable,329,Not Applicable,0,,
2024-07-22 21:39:00,CNR5385321112,Driver Not Found,CID309695,Auto,Koramangala,Padmanabhanagar,,,Not Applicable,Not Applicable,Not Applicable,Not Applicable,465,Not Applicable,0,,
2024-07-10 08:34:00,CNR2993190143,Driver Not Found,CID300189,Mini,Sahakar Nagar,HSR Layout,,,Not Applicable,Not Applicable,Not Applicable,Not Applicable,689,Not Applicable,0,,
2024-07-28 02:01:00,CNR3602637006,Success,CID613702,Prime SUV,Varthur,MG Road,203.0,100.0,Not Applicable,Not Applicable,No,Not Applicable,496,Cash,49,3.9,4.8
2024-07-24 19:53:00,CNR3455923127,Success,CID802879,Auto,Hosur Road,Magadi Road,119.0,25.0,Not Applicable,Not Applicable,No,Not Applicable,295,Cash,4,3.1,3.9
2024-07-18 08:00:00,CNR9146524055,Canceled by Customer,CID723456,Auto,Marathahalli,Ulsoor,,,Driver asked to cancel,Not Applicable,Not Applicable,Not Applicable,221,Not Applicable,0,,
2024-07-15 14:35:00,CNR5000513583,Success,CID945773,Auto,Sahakar Nagar,Indiranagar,245.0,120.0,Not Applicable,Not Applicable,No,Not Applicable,217,UPI,10,3.2,4.5
2024-07-01 20:27:00,CNR9564866903,Success,CID471320,eBike,Rajarajeshwari Nagar,Yeshwanthpur,49.0,30.0,Not Applicable,Not Applicable,No,Not Applicable,226,Cash,30,3.0,4.8
2024-07-12 18:25:00,CNR9127804434,Canceled by Driver,CID835669,Auto,Hosur Road,HSR Layout,,,Not Applicable,Customer related issue,Not Applicable,Not Applicable,410,Not Applicable,0,,
2024-07-23 22:45:00,CNR2902162562,Success,CID715985,Prime SUV,Vijayanagar,Indiranagar,280.0,145.0,Not Applicable,Not Applicable,No,Not Applicable,220,Cash,42,4.3,3.7
2024-07-21 05:22:00,CNR4525689160,Canceled by Customer,CID560710,Prime Sedan,Rajajinagar,Kammanahalli,,,Wrong Address,Not Applicable,Not Applicable,Not Applicable,426,Not Applicable,0,,
2024-07-15 03:10:00,CNR7805179774,Success,CID522301,Auto,Vijayanagar,Bellandur,49.0,75.0,Not Applicable,Not Applicable,Yes,Vehicle Breakdown,361,UPI,8,4.9,3.1
2024-07-06 10:40:00,CNR2014298687,Success,CID793950,eBike,Yelahanka,RT Nagar,238.0,140.0,Not Applicable,Not Applicable,No,Not Applicable,257,Cash,29,3.2,3.5
2024-07-26 23:42:00,CNR4590386312,Success,CID226023,Prime SUV,Frazer Town,Indiranagar,84.0,120.0,Not Applicable,Not Applicable,No,Not Applicable,260,UPI,20,4.5,4.1
2024-07-21 00:26:00,CNR7336726465,Canceled by Driver,CID855655,Bike,Hulimavu,Chamarajpet,,,Not Applicable,Customer was coughing/sick,Not Applicable,Not Applicable,312,Not Applicable,0,,
2024-07-05 02:41:00,CNR7685803240,Success,CID693305,eBike,Nagarbhavi,Kammanahalli,56.0,35.0,Not Applicable,Not Applicable,No,Not Applicable,137,Cash,43,4.7,4.1
2024-07-27 06:05:00,CNR5990526902,Success,CID634950,Prime SUV,Padmanabhanagar,BTM Layout,175.0,110.0,Not Applicable,Not Applicable,No,Not Applicable,945,Credit Card,25,3.8,4.2
2024-07-12 00:48:00,CNR1242178808,Canceled by Driver,CID800160,Auto,Koramangala,Rajarajeshwari Nagar,,,Not Applicable,Personal & Car related issue,Not Applicable,Not Applicable,853,Not Applicable,0,,
2024-07-11 18:25:00,CNR4191927201,Driver Not Found,CID720719,Mini,Mysore Road,Frazer Town,,,Not Applicable,Not Applicable,Not Applicable,Not Applicable,252,Not Applicable,0,,
2024-07-09 01:53:00,CNR4992535616,Success,CID443918,Bike,Whitefield,Varthur,119.0,75.0,Not Applicable,Not Applicable,No,Not Applicable,197,Cash,31,3.9,5.0
2024-07-16 10:52:00,CNR1149905589,Success,CID673137,Prime Sedan,Bannerghatta Road,Cox Town,308.0,75.0,Not Applicable,Not Applicable,No,Not Applicable,2684,Cash,36,3.6,4.8
2024-07-05 01:06:00,CNR6644651006,Canceled by Driver,CID519691,Auto,Yeshwanthpur,Malleshwaram,,,Not Applicable,Personal & Car related issue,Not Applicable,Not Applicable,108,Not Applicable,0,,
2024-07-04 21:39:00,CNR4436982648,Canceled by Driver,CID107740,Prime Sedan,Sahakar Nagar,Whitefield,,,Not Applicable,Customer related issue,Not Applicable,Not Applicable,273,Not Applicable,0,,
2024-07-13 16:10:00,CNR1988763248,Canceled by Driver,CID721342,Mini,Sahakar Nagar,Whitefield,,,Not Applicable,Customer was coughing/sick,Not Applicable,Not Applicable,163,Not Applicable,0,,
2024-07-18 12:14:00,CNR2268375434,Driver Not Found,CID275531,Mini,Padmanabhanagar,Ramamurthy Nagar,,,Not Applicable,Not Applicable,Not Applicable,Not Applicable,361,Not Applicable,0,,
2024-07-28 06:35:00,CNR5356546333,Success,CID282091,Bike,Bannerghatta Road,RT Nagar,42.0,125.0,Not Applicable,Not Applicable,No,Not Applicable,977,Cash,47,4.0,4.9
2024-07-05 22:13:00,CNR9546651948,Success,CID351537,Prime SUV,Richmond Town,Indiranagar,91.0,40.0,Not Applicable,Not Applicable,No,Not Applicable,530,Cash,3,3.9,4.6
2024-07-26 13:09:00,CNR5262492061,Success,CID813006,Prime SUV,Yelahanka,KR Puram,252.0,25.0,Not Applicable,Not Applicable,No,Not Applicable,258,Cash,38,3.8,5.0
2024-07-26 14:33:00,CNR6124514820,Success,CID590501,Auto,Ramamurthy Nagar,Banashankari,161.0,105.0,Not Applicable,Not Applicable,No,Not Applicable,100,Cash,13,3.4,3.1
2024-07-09 10:21:00,CNR2210230804,Success,CID473465,Prime Sedan,Peenya,KR Puram,35.0,60.0,Not Applicable,Not Applicable,Yes,Vehicle Breakdown,392,Cash,49,4.4,4.4
2024-07-06 05:52:00,CNR2472500547,Success,CID447237,Mini,Yeshwanthpur,Hebbal,252.0,95.0,Not Applicable,Not Applicable,No,Not Applicable,459,Cash,42,4.2,5.0
2024-07-01 05:16:00,CNR7112500552,Success,CID893670,eBike,Marathahalli,Yeshwanthpur,98.0,80.0,Not Applicable,Not Applicable,No,Not Applicable,176,Cash,37,4.8,3.4
2024-07-18 14:06:00,CNR2306695041,Success,CID462817,Prime Sedan,Banashankari,Chickpet,224.0,135.0,Not Applicable,Not Applicable,No,Not Applicable,389,UPI,32,4.8,3.9
2024-07-11 19:49:00,CNR8242347946,Driver Not Found,CID651746,Auto,RT Nagar,Rajajinagar,,,Not Applicable,Not Applicable,Not Applicable,Not Applicable,314,Not Applicable,0,,
2024-07-30 02:10:00,CNR9697426474,Driver Not Found,CID749863,Prime Plus,Rajajinagar,Richmond Town,,,Not Applicable,Not Applicable,Not Applicable,Not Applicable,119,Not Applicable,0,,
2024-07-13 22:03:00,CNR2778424361,Canceled by Driver,CID409444,Auto,Koramangala,Devanahalli,,,Not Applicable,Customer was coughing/sick,Not Applicable,Not Applicable,180,Not Applicable,0,,
2024-07-11 13:34:00,CNR9693014696,Success,CID879071,Bike,Cox Town,JP Nagar,63.0,90.0,Not Applicable,Not Applicable,No,Not Applicable,277,UPI,17,4.8,3.6
2024-07-09 00:20:00,CNR5771819900,Canceled by Driver,CID288839,Bike,Shantinagar,Nagarbhavi,,,Not Applicable,Personal & Car related issue,Not Applicable,Not Applicable,175,Not Applicable,0,,
2024-07-12 05:35:00,CNR6789007517,Success,CID710287,Prime Plus,Frazer Town,Hebbal,70.0,110.0,Not Applicable,Not Applicable,No,Not Applicable,602,Credit Card,14,3.4,4.6
2024-07-16 05:44:00,CNR4231191649,Success,CID258578,Prime SUV,Marathahalli,Nagarbhavi,35.0,130.0,Not Applicable,Not Applicable,No,Not Applicable,479,Cash,23,4.4,3.1
2024-07-26 23:15:00,CNR3098375520,Success,CID274948,Bike,Varthur,Kadugodi,133.0,60.0,Not Applicable,Not Applicable,No,Not Applicable,150,Cash,41,4.2,3.0
2024-07-12 21:43:00,CNR7801350085,Success,CID127420,Bike,Koramangala,Magadi Road,252.0,35.0,Not Applicable,Not Applicable,Yes,Vehicle Breakdown,775,Cash,1,4.4,3.8
2024-07-14 17:43:00,CNR5261527736,Success,CID645634,Prime SUV,Ramamurthy Nagar,Frazer Town,147.0,35.0,Not Applicable,Not Applicable,No,Not Applicable,368,UPI,23,4.4,3.9
2024-07-15 07:16:00,CNR9713386951,Canceled by Driver,CID179439,Bike,Peenya,Mysore Road,,,Not Applicable,Customer was coughing/sick,Not Applicable,Not Applicable,169,Not Applicable,0,,
2024-07-16 06:35:00,CNR9065199430,Success,CID940237,Prime Plus,Malleshwaram,Richmond Town,112.0,130.0,Not Applicable,Not Applicable,No,Not Applicable,173,Cash,28,4.5,4.5
2024-07-03 08:07:00,CNR7448083620,Driver Not Found,CID153101,Prime Plus,Ulsoor,Chamarajpet,,,Not Applicable,Not Applicable,Not Applicable,Not Applicable,397,Not Applicable,0,,
2024-07-12 04:31:00,CNR4658937188,Canceled by Customer,CID692786,eBike,Marathahalli,Hebbal,,,Change of plans,Not Applicable,Not Applicable,Not Applicable,600,Not Applicable,0,,
2024-07-21 10:48:00,CNR3401406216,Success,CID349969,Prime Plus,Shivajinagar,Kadugodi,308.0,135.0,Not Applicable,Not Applicable,Yes,Customer Demand,2178,UPI,2,3.5,4.3
2024-07-04 06:18:00,CNR9046633283,Canceled by Customer,CID129272,eBike,BTM Layout,Kammanahalli,,,Wrong Address,Not Applicable,Not Applicable,Not Applicable,494,Not Applicable,0,,
2024-07-27 06:23:00,CNR7657824260,Success,CID310082,Auto,Kammanahalli,Majestic,84.0,60.0,Not Applicable,Not Applicable,No,Not Applicable,847,UPI,16,3.8,4.1
2024-07-12 09:18:00,CNR4753841089,Success,CID323104,Auto,Basavanagudi,Yelahanka,280.0,25.0,Not Applicable,Not Applicable,No,Not Applicable,425,Cash,13,4.7,3.5
2024-07-17 08:51:00,CNR7900080716,Success,CID948584,Auto,Varthur,Indiranagar,56.0,125.0,Not Applicable,Not Applicable,No,Not Applicable,247,Cash,5,4.7,3.8
2024-07-23 16:10:00,CNR3479162142,Success,CID508742,Bike,Kammanahalli,Hennur,280.0,40.0,Not Applicable,Not Applicable,No,Not Applicable,459,UPI,2,3.1,4.1
2024-07-21 02:30:00,CNR5883613777,Success,CID795862,Auto,Shantinagar,Sarjapur Road,168.0,95.0,Not Applicable,Not Applicable,No,Not Applicable,1127,UPI,17,4.8,4.0
2024-07-03 11:56:00,CNR7249594305,Success,CID791889,Bike,Banashankari,Cox Town,308.0,25.0,Not Applicable,Not Applicable,No,Not Applicable,543,UPI,25,3.5,4.8
2024-07-10 07:27:00,CNR6742998884,Canceled by Customer,CID989417,Prime Sedan,Vijayanagar,Koramangala,,,Driver is not moving towards pickup location,Not Applicable,Not Applicable,Not Applicable,158,Not Applicable,0,,
2024-07-10 06:11:00,CNR2667844939,Driver Not Found,CID834965,Prime SUV,Yeshwanthpur,Bellandur,,,Not Applicable,Not Applicable,Not Applicable,Not Applicable,653,Not Applicable,0,,
2024-07-07 23:17:00,CNR8687618167,Success,CID376909,eBike,Ulsoor,Ramamurthy Nagar,56.0,145.0,Not Applicable,Not Applicable,No,Not Applicable,617,UPI,29,4.7,3.8
2024-07-17 03:53:00,CNR5049149637,Success,CID882253,Prime Sedan,Shantinagar,Mysore Road,70.0,45.0,Not Applicable,Not Applicable,No,Not Applicable,420,Cash,14,4.3,5.0
2024-07-12 00:34:00,CNR1249302111,Canceled by Driver,CID150002,Mini,Ramamurthy Nagar,Majestic,,,Not Applicable,Personal & Car related issue,Not Applicable,Not Applicable,486,Not Applicable,0,,
2024-07-30 12:29:00,CNR3067051485,Success,CID702780,Prime SUV,Chickpet,Kadugodi,84.0,135.0,Not Applicable,Not Applicable,No,Not Applicable,985,Cash,33,4.8,4.5
2024-07-19 14:05:00,CNR2966098713,Driver Not Found,CID654472,Auto,KR Puram,Frazer Town,,,Not Applicable,Not Applicable,Not Applicable,Not Applicable,305,Not Applicable,0,,
2024-07-28 22:42:00,CNR4037290673,Driver Not Found,CID317020,Bike,KR Puram,Sarjapur Road,,,Not Applicable,Not Applicable,Not Applicable,Not Applicable,995,Not Applicable,0,,
2024-07-24 19:04:00,CNR6332331487,Canceled by Customer,CID326093,Bike,Yeshwanthpur,Chickpet,,,Change of plans,Not Applicable,Not Applicable,Not Applicable,207,Not Applicable,0,,
2024-07-13 16:51:00,CNR9780767117,Success,CID623378,Prime SUV,Richmond Town,Langford Town,105.0,35.0,Not Applicable,Not Applicable,No,Not Applicable,419,Cash,31,5.0,4.0
2024-07-13 10:58:00,CNR9020953333,Success,CID303885,Auto,Hulimavu,Richmond Town,168.0,75.0,Not Applicable,Not Applicable,No,Not Applicable,2809,UPI,17,3.8,3.2
2024-07-30 18:38:00,CNR9162127503,Canceled by Driver,CID139312,Prime Plus,Majestic,Kammanahalli,,,Not Applicable,Personal & Car related issue,Not Applicable,Not Applicable,455,Not Applicable,0,,
2024-07-12 07:35:00,CNR4322776398,Success,CID508485,Mini,Marathahalli,Marathahalli,154.0,95.0,Not Applicable,Not Applicable,No,Not Applicable,591,UPI,49,3.8,3.0
2024-07-11 19:54:00,CNR5959642275,Canceled by Driver,CID687789,Prime SUV,Ulsoor,Shantinagar,,,Not Applicable,More than permitted people in there,Not Applicable,Not Applicable,116,Not Applicable,0,,
2024-07-22 07:29:00,CNR4784178498,Success,CID939371,Mini,Frazer Town,Tumkur Road,280.0,95.0,Not Applicable,Not Applicable,No,Not Applicable,400,Debit Card,47,4.8,3.7
2024-07-03 01:22:00,CNR1469614993,Success,CID253161,Prime Sedan,Devanahalli,Ulsoor,196.0,100.0,Not Applicable,Not Applicable,No,Not Applicable,308,UPI,3,3.5,3.8
2024-07-04 04:28:00,CNR7942821838,Success,CID299225,Auto,HSR Layout,Electronic City,252.0,90.0,Not Applicable,Not Applicable,No,Not Applicable,2964,UPI,7,4.0,3.5
2024-07-30 19:59:00,CNR7655836135,Canceled by Customer,CID557888,Prime Sedan,Ulsoor,Malleshwaram,,,Change of plans,Not Applicable,Not Applicable,Not Applicable,383,Not Applicable,0,,
2024-07-07 23:05:00,CNR5175494784,Success,CID621121,Prime Sedan,Sahakar Nagar,Indiranagar,91.0,65.0,Not Applicable,Not Applicable,No,Not Applicable,742,Cash,33,4.2,3.8
2024-07-06 20:18:00,CNR2295118588,Driver Not Found,CID484071,eBike,Rajarajeshwari Nagar,Hulimavu,,,Not Applicable,Not Applicable,Not Applicable,Not Applicable,713,Not Applicable,0,,
2024-07-28 12:34:00,CNR2279999838,Driver Not Found,CID577076,Prime Sedan,Sahakar Nagar,Hulimavu,,,Not Applicable,Not Applicable,Not Applicable,Not Applicable,394,Not Applicable,0,,
2024-07-06 01:04:00,CNR4509452850,Success,CID356800,Prime Sedan,Devanahalli,MG Road,175.0,110.0,Not Applicable,Not Applicable,No,Not Applicable,345,UPI,6,3.7,4.9
2024-07-08 19:27:00,CNR2738316999,Success,CID365729,Prime Plus,Langford Town,Hosur Road,301.0,60.0,Not Applicable,Not Applicable,No,Not Applicable,659,Cash,36,4.1,5.0
2024-07-17 06:49:00,CNR6837787058,Success,CID584092,Bike,KR Puram,Koramangala,259.0,120.0,Not Applicable,Not Applicable,No,Not Applicable,112,Cash,44,3.9,4.1
2024-07-25 14:34:00,CNR3936193477,Canceled by Driver,CID133293,eBike,Bellandur,Malleshwaram,,,Not Applicable,Customer related issue,Not Applicable,Not Applicable,908,Not Applicable,0,,
2024-07-12 01:39:00,CNR7371900405,Driver Not Found,CID617540,Bike,Varthur,MG Road,,,Not Applicable,Not Applicable,Not Applicable,Not Applicable,445,Not Applicable,0,,
2024-07-13 07:55:00,CNR7436833383,Driver Not Found,CID269451,Mini,Kadugodi,Kammanahalli,,,Not Applicable,Not Applicable,Not Applicable,Not Applicable,781,Not Applicable,0,,
2024-07-21 08:42:00,CNR9734618440,Driver Not Found,CID750990,eBike,BTM Layout,Hosur Road,,,Not Applicable,Not Applicable,Not Applicable,Not Applicable,434,Not Applicable,0,,
2024-07-05 21:17:00,CNR9100730834,Driver Not Found,CID468869,Prime Plus,Bellandur,Banashankari,,,Not Applicable,Not Applicable,Not Applicable,Not Applicable,831,Not Applicable,0,,
2024-07-06 01:52:00,CNR4607926107,Success,CID562998,Mini,Chamarajpet,Whitefield,224.0,135.0,Not Applicable,Not Applicable,No,Not Applicable,2386,UPI,17,3.1,3.9
2024-07-18 13:27:00,CNR5565708532,Driver Not Found,CID672167,eBike,Richmond Town,Shantinagar,,,Not Applicable,Not Applicable,Not Applicable,Not Applicable,251,Not Applicable,0,,
2024-07-24 20:54:00,CNR3622605231,Canceled by Driver,CID595448,Auto,JP Nagar,Indiranagar,,,Not Applicable,Personal & Car related issue,Not Applicable,Not Applicable,120,Not Applicable,0,,
2024-07-21 09:02:00,CNR2136195546,Canceled by Driver,CID485313,Mini,Peenya,KR Puram,,,Not Applicable,Personal & Car related issue,Not Applicable,Not Applicable,812,Not Applicable,0,,
2024-07-02 23:57:00,CNR9759355724,Driver Not Found,CID788119,Prime Plus,Hennur,Vijayanagar,,,Not Applicable,Not Applicable,Not Applicable,Not Applicable,418,Not Applicable,0,,
2024-07-20 16:35:00,CNR7836593749,Success,CID828994,Mini,Banashankari,Yeshwanthpur,98.0,100.0,Not Applicable,Not Applicable,No,Not Applicable,425,Cash,37,3.4,4.3
2024-07-29 10:31:00,CNR9615492586,Success,CID982243,Prime Plus,Hosur Road,Ramamurthy Nagar,217.0,40.0,Not Applicable,Not Applicable,Yes,Other Issue,985,Cash,29,3.6,4.3
2024-07-25 10:38:00,CNR9455363853,Canceled by Driver,CID575978,Prime Sedan,Sarjapur Road,Electronic City,,,Not Applicable,Customer related issue,Not Applicable,Not Applicable,336,Not Applicable,0,,
2024-07-24 08:50:00,CNR3854134761,Success,CID194208,Mini,Majestic,Ulsoor,252.0,90.0,Not Applicable,Not Applicable,No,Not Applicable,141,Cash,2,3.1,4.1
2024-07-18 12:24:00,CNR7637774272,Success,CID749116,Prime Plus,Mysore Road,Nagarbhavi,98.0,120.0,Not Applicable,Not Applicable,No,Not Applicable,474,Cash,16,4.4,4.1
2024-07-23 14:13:00,CNR6395220239,Canceled by Driver,CID958635,eBike,Whitefield,Cox Town,,,Not Applicable,More than permitted people in there,Not Applicable,Not Applicable,383,Not Applicable,0,,
2024-07-04 15:10:00,CNR8404885080,Success,CID126255,Auto,Sahakar Nagar,Sarjapur Road,119.0,95.0,Not Applicable,Not Applicable,No,Not Applicable,102,Cash,7,4.5,3.9
2024-07-05 23:41:00,CNR2335244855,Success,CID416133,Prime Plus,Varthur,Kammanahalli,154.0,75.0,Not Applicable,Not Applicable,No,Not Applicable,2743,Cash,32,4.5,3.5
2024-07-21 10:23:00,CNR7940910173,Driver Not Found,CID540449,eBike,Kadugodi,Shivajinagar,,,Not Applicable,Not Applicable,Not Applicable,Not Applicable,260,Not Applicable,0,,
2024-07-23 11:13:00,CNR7287404777,Canceled by Customer,CID588333,Prime Plus,Ulsoor,Whitefield,,,Wrong Address,Not Applicable,Not Applicable,Not Applicable,2859,Not Applicable,0,,
2024-07-07 05:51:00,CNR9050920940,Canceled by Customer,CID291928,Prime Plus,Varthur,MG Road,,,Driver asked to cancel,Not Applicable,Not Applicable,Not Applicable,342,Not Applicable,0,,
2024-07-02 02:47:00,CNR1221741166,Driver Not Found,CID990289,Prime Plus,Koramangala,JP Nagar,,,Not Applicable,Not Applicable,Not Applicable,Not Applicable,569,Not Applicable,0,,
2024-07-24 10:29:00,CNR2579162049,Success,CID538142,Prime Sedan,Tumkur Road,Chickpet,161.0,75.0,Not Applicable,Not Applicable,No,Not Applicable,506,UPI,47,4.3,4.5
2024-07-26 06:22:00,CNR9668726430,Success,CID172668,Mini,Yeshwanthpur,Frazer Town,84.0,50.0,Not Applicable,Not Applicable,No,Not Applicable,128,UPI,18,5.0,4.2
2024-07-09 14:19:00,CNR9651936683,Success,CID108285,Auto,BTM Layout,Tumkur Road,280.0,25.0,Not Applicable,Not Applicable,No,Not Applicable,280,Cash,10,3.2,4.5
2024-07-01 00:53:00,CNR8876590789,Success,CID851584,Prime SUV,Basavanagudi,Hebbal,273.0,65.0,Not Applicable,Not Applicable,No,Not Applicable,321,Cash,4,3.8,4.7
2024-07-18 19:37:00,CNR8517985968,Canceled by Driver,CID290773,Prime Sedan,Cox Town,RT Nagar,,,Not Applicable,Personal & Car related issue,Not Applicable,Not Applicable,682,Not Applicable,0,,
2024-07-02 09:13:00,CNR8155283860,Canceled by Driver,CID790050,Prime SUV,Hennur,HSR Layout,,,Not Applicable,Customer related issue,Not Applicable,Not Applicable,450,Not Applicable,0,,
2024-07-19 18:59:00,CNR2008743731,Success,CID790803,Prime SUV,Hennur,Kadugodi,273.0,105.0,Not Applicable,Not Applicable,No,Not Applicable,205,Cash,6,4.6,4.8
2024-07-26 11:21:00,CNR6702810579,Driver Not Found,CID143005,Auto,KR Puram,MG Road,,,Not Applicable,Not Applicable,Not Applicable,Not Applicable,351,Not Applicable,0,,
2024-07-23 16:34:00,CNR2023718764,Canceled by Customer,CID910303,Auto,BTM Layout,Electronic City,,,Driver is not moving towards pickup location,Not Applicable,Not Applicable,Not Applicable,409,Not Applicable,0,,
2024-07-23 12:35:00,CNR1651041678,Canceled by Driver,CID219633,eBike,Sahakar Nagar,Koramangala,,,Not Applicable,Customer related issue,Not Applicable,Not Applicable,284,Not Applicable,0,,
2024-07-20 05:34:00,CNR6867918004,Driver Not Found,CID879300,Bike,Bellandur,Basavanagudi,,,Not Applicable,Not Applicable,Not Applicable,Not Applicable,929,Not Applicable,0,,
2024-07-05 04:41:00,CNR1816974030,Driver Not Found,CID912244,eBike,Kammanahalli,Basavanagudi,,,Not Applicable,Not Applicable,Not Applicable,Not Applicable,712,Not Applicable,0,,
2024-07-23 22:25:00,CNR8968181760,Success,CID200469,eBike,Cox Town,Yelahanka,63.0,145.0,Not Applicable,Not Applicable,No,Not Applicable,286,Cash,46,4.1,4.0
2024-07-13 03:21:00,CNR5375912078,Success,CID613596,Mini,Bannerghatta Road,Indiranagar,231.0,55.0,Not Applicable,Not Applicable,No,Not Applicable,155,UPI,23,4.4,4.1
2024-07-08 14:41:00,CNR3321565696,Success,CID767238,Auto,Hebbal,Langford Town,210.0,105.0,Not Applicable,Not Applicable,No,Not Applicable,490,UPI,6,3.3,5.0
2024-07-29 18:27:00,CNR8888879058,Success,CID938236,Prime Sedan,Magadi Road,Hebbal,154.0,145.0,Not Applicable,Not Applicable,No,Not Applicable,327,UPI,19,3.9,4.3
2024-07-14 04:32:00,CNR5168672184,Canceled by Driver,CID365689,Auto,Jayanagar,Banashankari,,,Not Applicable,More than permitted people in there,Not Applicable,Not Applicable,280,Not Applicable,0,,
2024-07-25 04:02:00,CNR4215540197,Canceled by Customer,CID479203,Prime SUV,Malleshwaram,Electronic City,,,Driver asked to cancel,Not Applicable,Not Applicable,Not Applicable,438,Not Applicable,0,,
2024-07-23 20:00:00,CNR1311478241,Success,CID772966,Prime SUV,Nagarbhavi,KR Puram,112.0,95.0,Not Applicable,Not Applicable,No,Not Applicable,464,Cash,39,3.3,3.7
2024-07-07 10:01:00,CNR7646728243,Success,CID253503,Prime Sedan,Magadi Road,Rajajinagar,35.0,50.0,Not Applicable,Not Applicable,No,Not Applicable,496,UPI,30,3.3,3.7
2024-07-14 17:02:00,CNR6760147870,Canceled by Driver,CID244780,Prime SUV,Banashankari,Ulsoor,,,Not Applicable,Customer related issue,Not Applicable,Not Applicable,456,Not Applicable,0,,
2024-07-30 06:00:00,CNR8805427793,Success,CID615347,Mini,Langford Town,Shivajinagar,252.0,35.0,Not Applicable,Not Applicable,Yes,Other Issue,269,UPI,41,3.2,4.1
2024-07-14 14:39:00,CNR7593048219,Success,CID187577,Prime SUV,Tumkur Road,Basavanagudi,217.0,65.0,Not Applicable,Not Applicable,No,Not Applicable,2218,Cash,46,3.1,4.7
2024-07-26 18:30:00,CNR3318214040,Success,CID183735,eBike,Hulimavu,JP Nagar,105.0,60.0,Not Applicable,Not Applicable,No,Not Applicable,201,Cash,40,3.0,4.8
2024-07-19 04:07:00,CNR7427909378,Driver Not Found,CID543964,Auto,Ulsoor,Rajarajeshwari Nagar,,,Not Applicable,Not Applicable,Not Applicable,Not Applicable,280,Not Applicable,0,,
2024-07-29 21:34:00,CNR4071789883,Canceled by Driver,CID548989,Prime Plus,Peenya,JP Nagar,,,Not Applicable,Customer related issue,Not Applicable,Not Applicable,191,Not Applicable,0,,
2024-07-15 09:55:00,CNR3199510512,Canceled by Driver,CID596130,eBike,Shantinagar,Whitefield,,,Not Applicable,Customer was coughing/sick,Not Applicable,Not Applicable,304,Not Applicable,0,,
2024-07-27 11:10:00,CNR3119152299,Success,CID138337,eBike,Hennur,Hulimavu,308.0,85.0,Not Applicable,Not Applicable,No,Not Applicable,1803,UPI,2,4.1,3.2
2024-07-06 18:39:00,CNR2408793089,Success,CID288550,Bike,Shantinagar,Jayanagar,224.0,100.0,Not Applicable,Not Applicable,No,Not Applicable,580,Cash,2,4.7,3.7
2024-07-11 05:34:00,CNR6264479656,Success,CID717043,Auto,Hulimavu,Hosur Road,189.0,125.0,Not Applicable,Not Applicable,No,Not Applicable,378,Cash,5,3.1,3.8
2024-07-20 19:50:00,CNR8136290161,Success,CID142772,Prime SUV,Sahakar Nagar,Richmond Town,35.0,145.0,Not Applicable,Not Applicable,No,Not Applicable,913,UPI,31,3.5,3.5
2024-07-14 02:47:00,CNR9467909322,Canceled by Customer,CID614665,Prime Sedan,Bannerghatta Road,RT Nagar,,,Driver is not moving towards pickup location,Not Applicable,Not Applicable,Not Applicable,336,Not Applicable,0,,
2024-07-15 05:10:00,CNR7053861101,Success,CID388906,Prime Plus,Malleshwaram,Magadi Road,308.0,110.0,Not Applicable,Not Applicable,No,Not Applicable,2524,Cash,36,4.7,3.2
2024-07-18 02:01:00,CNR9327307273,Success,CID315278,eBike,Malleshwaram,Bannerghatta Road,252.0,120.0,Not Applicable,Not Applicable,No,Not Applicable,484,Cash,44,3.1,3.7
2024-07-03 23:58:00,CNR2634129685,Success,CID981940,Prime Sedan,Bellandur,Padmanabhanagar,182.0,55.0,Not Applicable,Not Applicable,No,Not Applicable,311,UPI,38,3.8,3.4
2024-07-18 15:15:00,CNR1037146403,Canceled by Driver,CID589310,Prime SUV,Shivajinagar,Jayanagar,,,Not Applicable,Customer related issue,Not Applicable,Not Applicable,219,Not Applicable,0,,
2024-07-23 12:21:00,CNR5347259612,Canceled by Driver,CID114741,Bike,Padmanabhanagar,KR Puram,,,Not Applicable,Personal & Car related issue,Not Applicable,Not Applicable,385,Not Applicable,0,,
2024-07-04 06:32:00,CNR8717023270,Success,CID833955,Bike,MG Road,Sarjapur Road,63.0,40.0,Not Applicable,Not Applicable,No,Not Applicable,378,UPI,3,4.6,3.3
2024-07-19 05:28:00,CNR9290531540,Driver Not Found,CID422270,Auto,Devanahalli,Whitefield,,,Not Applicable,Not Applicable,Not Applicable,Not Applicable,295,Not Applicable,0,,
2024-07-28 23:04:00,CNR4466882000,Canceled by Customer,CID363580,Mini,Tumkur Road,Banashankari,,,Change of plans,Not Applicable,Not Applicable,Not Applicable,488,Not Applicable,0,,
2024-07-05 02:54:00,CNR8687614808,Canceled by Driver,CID856246,eBike,Malleshwaram,Frazer Town,,,Not Applicable,Personal & Car related issue,Not Applicable,Not Applicable,181,Not Applicable,0,,
2024-07-26 13:38:00,CNR8370950370,Success,CID566865,Prime Sedan,Rajajinagar,Yeshwanthpur,98.0,30.0,Not Applicable,Not Applicable,No,Not Applicable,413,UPI,6,4.3,3.7
2024-07-13 18:33:00,CNR9259551399,Canceled by Driver,CID105063,eBike,Yeshwanthpur,Mysore Road,,,Not Applicable,Personal & Car related issue,Not Applicable,Not Applicable,225,Not Applicable,0,,
2024-07-07 01:28:00,CNR6437430794,Driver Not Found,CID219707,Auto,Banashankari,Majestic,,,Not Applicable,Not Applicable,Not Applicable,Not Applicable,687,Not Applicable,0,,
2024-07-23 20:12:00,CNR1001894460,Success,CID925706,Prime SUV,Jayanagar,Shantinagar,133.0,75.0,Not Applicable,Not Applicable,No,Not Applicable,378,UPI,38,3.9,3.8
2024-07-13 00:10:00,CNR3622811340,Success,CID791234,Mini,Devanahalli,HSR Layout,161.0,130.0,Not Applicable,Not Applicable,No,Not Applicable,355,Cash,32,3.6,3.8
2024-07-27 17:40:00,CNR7935820188,Success,CID497001,Prime Plus,Vijayanagar,Yeshwanthpur,203.0,65.0,Not Applicable,Not Applicable,Yes,Vehicle Breakdown,1892,Cash,11,4.3,4.6
2024-07-15 07:28:00,CNR4845899699,Success,CID970132,Prime SUV,Peenya,Rajarajeshwari Nagar,238.0,110.0,Not Applicable,Not Applicable,No,Not Applicable,667,UPI,41,4.3,4.8
2024-07-16 08:12:00,CNR6527083312,Success,CID168471,eBike,Magadi Road,Richmond Town,35.0,45.0,Not Applicable,Not Applicable,No,Not Applicable,1013,Cash,20,3.7,4.0
2024-07-09 00:05:00,CNR1786000817,Driver Not Found,CID315727,eBike,Majestic,Yeshwanthpur,,,Not Applicable,Not Applicable,Not Applicable,Not Applicable,826,Not Applicable,0,,
2024-07-01 10:58:00,CNR7671366570,Canceled by Driver,CID638796,Mini,Varthur,Sarjapur Road,,,Not Applicable,Customer was coughing/sick,Not Applicable,Not Applicable,129,Not Applicable,0,,
2024-07-15 00:27:00,CNR9759907724,Success,CID195653,Prime Sedan,Rajarajeshwari Nagar,Shantinagar,42.0,85.0,Not Applicable,Not Applicable,No,Not Applicable,433,Cash,36,4.1,4.2
2024-07-25 18:38:00,CNR6582030302,Success,CID817018,eBike,Cox Town,Magadi Road,147.0,105.0,Not Applicable,Not Applicable,No,Not Applicable,950,UPI,44,4.5,3.1
2024-07-25 20:28:00,CNR6657673131,Success,CID441080,Prime Sedan,Hebbal,Devanahalli,217.0,70.0,Not Applicable,Not Applicable,No,Not Applicable,599,Cash,42,3.5,4.4
2024-07-25 23:30:00,CNR8611138763,Success,CID372230,Prime Sedan,Devanahalli,Basavanagudi,112.0,120.0,Not Applicable,Not Applicable,No,Not Applicable,836,Cash,29,4.3,4.6
2024-07-30 18:16:00,CNR1344199355,Success,CID185014,Mini,Varthur,Varthur,245.0,130.0,Not Applicable,Not Applicable,No,Not Applicable,977,Cash,28,3.4,3.6
2024-07-07 17:29:00,CNR3829402920,Canceled by Customer,CID810086,Prime SUV,Malleshwaram,Bannerghatta Road,,,Driver is not moving towards pickup location,Not Applicable,Not Applicable,Not Applicable,272,Not Applicable,0,,
2024-07-29 00:09:00,CNR4420217347,Success,CID807468,Prime Plus,MG Road,Basavanagudi,196.0,100.0,Not Applicable,Not Applicable,No,Not Applicable,104,Cash,7,4.6,4.6
2024-07-09 00:32:00,CNR2364796754,Driver Not Found,CID310562,Prime SUV,Langford Town,Magadi Road,,,Not Applicable,Not Applicable,Not Applicable,Not Applicable,859,Not Applicable,0,,
2024-07-05 03:46:00,CNR8296119110,Success,CID706681,Prime Sedan,Devanahalli,Bannerghatta Road,308.0,65.0,Not Applicable,Not Applicable,No,Not Applicable,901,UPI,12,3.7,4.4
2024-07-02 21:11:00,CNR4411416047,Driver Not Found,CID760196,Prime SUV,Banashankari,JP Nagar,,,Not Applicable,Not Applicable,Not Applicable,Not Applicable,299,Not Applicable,0,,
2024-07-13 21:05:00,CNR5348624374,Success,CID271488,eBike,Rajarajeshwari Nagar,Ramamurthy Nagar,203.0,90.0,Not Applicable,Not Applicable,No,Not Applicable,494,Cash,33,3.9,3.1
2024-07-16 07:10:00,CNR6009438576,Success,CID780526,Bike,Bellandur,Basavanagudi,217.0,50.0,Not Applicable,Not Applicable,No,Not Applicable,334,UPI,10,4.0,4.2
2024-07-05 16:56:00,CNR6989094134,Success,CID393943,Auto,Kadugodi,Marathahalli,273.0,95.0,Not Applicable,Not Applicable,No,Not Applicable,333,UPI,2,4.1,3.1
2024-07-30 01:58:00,CNR6640689126,Canceled by Customer,CID956045,Auto,Jayanagar,Vijayanagar,,,Wrong Address,Not Applicable,Not Applicable,Not Applicable,329,Not Applicable,0,,
2024-07-04 01:45:00,CNR6738617590,Success,CID869009,Prime Sedan,Hennur,Bannerghatta Road,168.0,35.0,Not Applicable,Not Applicable,No,Not Applicable,321,UPI,28,3.8,3.7
2024-07-08 06:02:00,CNR4298140225,Canceled by Customer,CID275257,Bike,Whitefield,Varthur,,,Wrong Address,Not Applicable,Not Applicable,Not Applicable,563,Not Applicable,0,,
2024-07-01 19:44:00,CNR9526715155,Driver Not Found,CID886823,Auto,Rajarajeshwari Nagar,Yeshwanthpur,,,Not Applicable,Not Applicable,Not Applicable,Not Applicable,333,Not Applicable,0,,
2024-07-07 10:35:00,CNR5565263780,Canceled by Driver,CID690275,Prime Plus,Nagarbhavi,Magadi Road,,,Not Applicable,Customer related issue,Not Applicable,Not Applicable,563,Not Applicable,0,,
2024-07-04 00:01:00,CNR1445729559,Success,CID244598,Prime Sedan,Langford Town,Jayanagar,168.0,65.0,Not Applicable,Not Applicable,No,Not Applicable,164,UPI,28,4.2,3.1
2024-07-27 08:16:00,CNR6381688482,Success,CID728112,Prime Plus,Sahakar Nagar,Tumkur Road,196.0,65.0,Not Applicable,Not Applicable,No,Not Applicable,857,Cash,8,4.2,4.3
2024-07-17 17:33:00,CNR3060703736,Success,CID924371,eBike,Chamarajpet,Kammanahalli,287.0,50.0,Not Applicable,Not Applicable,No,Not Applicable,367,Cash,16,4.0,4.4
2024-07-21 13:04:00,CNR4204908679,Driver Not Found,CID825624,Mini,Peenya,Hennur,,,Not Applicable,Not Applicable,Not Applicable,Not Applicable,425,Not Applicable,0,,
2024-07-15 12:39:00,CNR5195836071,Success,CID354145,Prime Sedan,Shivajinagar,Kadugodi,224.0,145.0,Not Applicable,Not Applicable,No,Not Applicable,378,UPI,35,4.3,4.2
2024-07-11 14:19:00,CNR9902585378,Canceled by Driver,CID916150,eBike,HSR Layout,Marathahalli,,,Not Applicable,Customer related issue,Not Applicable,Not Applicable,696,Not Applicable,0,,
2024-07-21 04:35:00,CNR8125974182,Success,CID929579,Mini,Malleshwaram,Majestic,217.0,145.0,Not Applicable,Not Applicable,No,Not Applicable,364,Cash,38,4.6,4.6
2024-07-12 05:27:00,CNR9592151933,Success,CID454501,Prime Sedan,Bellandur,Varthur,133.0,65.0,Not Applicable,Not Applicable,No,Not Applicable,847,Cash,31,4.7,4.6
2024-07-08 21:36:00,CNR5906292265,Success,CID314691,Auto,Magadi Road,Electronic City,56.0,70.0,Not Applicable,Not Applicable,No,Not Applicable,163,UPI,1,4.0,5.0
2024-07-20 08:14:00,CNR1103016127,Success,CID145166,Prime Sedan,Hosur Road,Banashankari,119.0,125.0,Not Applicable,Not Applicable,No,Not Applicable,241,UPI,36,3.8,3.7
2024-07-16 23:21:00,CNR1932850885,Success,CID631203,Prime Plus,Mysore Road,Rajajinagar,266.0,100.0,Not Applicable,Not Applicable,No,Not Applicable,149,Cash,15,3.2,4.0
2024-07-08 19:48:00,CNR7481699402,Success,CID803754,Auto,Malleshwaram,Hebbal,252.0,70.0,Not Applicable,Not Applicable,No,Not Applicable,148,UPI,6,4.4,4.7
2024-07-09 00:38:00,CNR8557409098,Success,CID426356,Mini,Basavanagudi,Kengeri,210.0,100.0,Not Applicable,Not Applicable,No,Not Applicable,324,Credit Card,2,4.6,3.2
2024-07-01 07:42:00,CNR8045871726,Canceled by Driver,CID303992,Prime Sedan,Hosur Road,Peenya,,,Not Applicable,More than permitted people in there,Not Applicable,Not Applicable,339,Not Applicable,0,,
2024-07-03 05:10:00,CNR5717588293,Driver Not Found,CID247018,Prime Sedan,Varthur,Hebbal,,,Not Applicable,Not Applicable,Not Applicable,Not Applicable,290,Not Applicable,0,,
2024-07-13 14:43:00,CNR6675895843,Canceled by Driver,CID363750,Prime SUV,Vijayanagar,Hebbal,,,Not Applicable,Customer was coughing/sick,Not Applicable,Not Applicable,115,Not Applicable,0,,
2024-07-17 14:02:00,CNR6101192059,Canceled by Customer,CID185817,Prime Sedan,Varthur,Nagarbhavi,,,Change of plans,Not Applicable,Not Applicable,Not Applicable,394,Not Applicable,0,,
2024-07-22 02:32:00,CNR7476950611,Success,CID208808,Prime Plus,Shivajinagar,Marathahalli,84.0,130.0,Not Applicable,Not Applicable,No,Not Applicable,277,Cash,34,4.0,4.8
2024-07-17 18:04:00,CNR6939346108,Canceled by Driver,CID611855,Prime Sedan,Magadi Road,Bannerghatta Road,,,Not Applicable,More than permitted people in there,Not Applicable,Not Applicable,1193,Not Applicable,0,,
2024-07-28 14:49:00,CNR4638373632,Canceled by Customer,CID363737,eBike,Chickpet,Sahakar Nagar,,,Driver is not moving towards pickup location,Not Applicable,Not Applicable,Not Applicable,781,Not Applicable,0,,
2024-07-16 05:07:00,CNR5478190472,Success,CID903568,Bike,Sarjapur Road,Shantinagar,70.0,30.0,Not Applicable,Not Applicable,No,Not Applicable,2873,UPI,7,3.7,4.1
2024-07-01 12:50:00,CNR1240298773,Success,CID215466,Prime Sedan,Varthur,Kammanahalli,91.0,120.0,Not Applicable,Not Applicable,No,Not Applicable,371,UPI,8,3.4,3.3
2024-07-28 18:16:00,CNR8143134245,Success,CID177591,Bike,Frazer Town,Chickpet,259.0,60.0,Not Applicable,Not Applicable,No,Not Applicable,441,Cash,46,5.0,4.5
2024-07-12 08:57:00,CNR5929795238,Success,CID933679,Prime Plus,Indiranagar,Varthur,147.0,40.0,Not Applicable,Not Applicable,No,Not Applicable,508,Cash,35,4.5,4.1
2024-07-13 13:36:00,CNR3991062580,Success,CID808695,Prime SUV,Richmond Town,BTM Layout,308.0,25.0,Not Applicable,Not Applicable,No,Not Applicable,230,Cash,4,3.5,4.0
2024-07-28 17:41:00,CNR1807923156,Success,CID878896,eBike,Tumkur Road,Magadi Road,189.0,25.0,Not Applicable,Not Applicable,No,Not Applicable,462,UPI,30,4.1,4.7
2024-07-24 22:09:00,CNR7950342964,Canceled by Driver,CID355083,Mini,Yelahanka,Electronic City,,,Not Applicable,Personal & Car related issue,Not Applicable,Not Applicable,294,Not Applicable,0,,
2024-07-05 13:25:00,CNR8103981761,Canceled by Driver,CID793072,eBike,Kengeri,Shivajinagar,,,Not Applicable,Personal & Car related issue,Not Applicable,Not Applicable,461,Not Applicable,0,,
2024-07-20 01:35:00,CNR9977302860,Canceled by Driver,CID685862,Auto,Shantinagar,MG Road,,,Not Applicable,Personal & Car related issue,Not Applicable,Not Applicable,373,Not Applicable,0,,
2024-07-04 23:52:00,CNR9846966550,Success,CID879094,eBike,Padmanabhanagar,Whitefield,294.0,85.0,Not Applicable,Not Applicable,No,Not Applicable,561,UPI,34,3.1,4.1
2024-07-06 23:50:00,CNR5186348009,Driver Not Found,CID807609,Auto,Hennur,Hebbal,,,Not Applicable,Not Applicable,Not Applicable,Not Applicable,579,Not Applicable,0,,
2024-07-25 06:54:00,CNR5892147240,Success,CID972917,Prime SUV,Ramamurthy Nagar,Yeshwanthpur,175.0,60.0,Not Applicable,Not Applicable,No,Not Applicable,268,UPI,43,4.7,4.6
2024-07-10 19:11:00,CNR3292120926,Canceled by Driver,CID570757,Prime Sedan,Hennur,Shivajinagar,,,Not Applicable,Personal & Car related issue,Not Applicable,Not Applicable,219,Not Applicable,0,,
2024-07-05 22:02:00,CNR5318849904,Canceled by Driver,CID178006,Prime SUV,Magadi Road,Majestic,,,Not Applicable,Customer related issue,Not Applicable,Not Applicable,349,Not Applicable,0,,
2024-07-26 21:34:00,CNR5390155879,Success,CID908941,Bike,Jayanagar,Chickpet,280.0,90.0,Not Applicable,Not Applicable,No,Not Applicable,1709,Cash,40,4.8,4.1
2024-07-10 15:17:00,CNR4088478792,Success,CID119178,Prime Sedan,Sarjapur Road,Nagarbhavi,42.0,40.0,Not Applicable,Not Applicable,No,Not Applicable,218,Cash,14,3.6,4.6
2024-07-12 22:51:00,CNR1408866233,Canceled by Driver,CID466692,eBike,Richmond Town,Peenya,,,Not Applicable,Customer was coughing/sick,Not Applicable,Not Applicable,167,Not Applicable,0,,
2024-07-15 09:37:00,CNR1578707505,Success,CID794310,Prime SUV,Mysore Road,Yeshwanthpur,140.0,75.0,Not Applicable,Not Applicable,No,Not Applicable,426,Cash,39,3.6,3.0
2024-07-12 23:13:00,CNR3863986671,Canceled by Driver,CID646782,eBike,Chamarajpet,Sahakar Nagar,,,Not Applicable,Personal & Car related issue,Not Applicable,Not Applicable,851,Not Applicable,0,,
2024-07-11 17:06:00,CNR2210023914,Success,CID806048,Mini,Tumkur Road,Jayanagar,154.0,90.0,Not Applicable,Not Applicable,No,Not Applicable,441,Cash,19,3.7,4.8
2024-07-26 16:01:00,CNR5839517015,Success,CID860797,Prime SUV,Banashankari,Vijayanagar,301.0,25.0,Not Applicable,Not Applicable,No,Not Applicable,303,Cash,33,3.3,3.4
2024-07-08 14:16:00,CNR2324995710,Success,CID985802,Prime Sedan,Ulsoor,Devanahalli,112.0,110.0,Not Applicable,Not Applicable,No,Not Applicable,460,Cash,21,5.0,4.5
2024-07-27 01:13:00,CNR7667040474,Driver Not Found,CID611716,eBike,Kammanahalli,Indiranagar,,,Not Applicable,Not Applicable,Not Applicable,Not Applicable,710,Not Applicable,0,,
2024-07-27 17:00:00,CNR6431561810,Success,CID136233,Bike,Hebbal,Cox Town,70.0,30.0,Not Applicable,Not Applicable,No,Not Applicable,699,Cash,13,4.0,4.2
2024-07-09 17:35:00,CNR6629517455,Success,CID331513,Prime Plus,Sarjapur Road,BTM Layout,273.0,125.0,Not Applicable,Not Applicable,No,Not Applicable,162,UPI,26,4.1,4.5
2024-07-05 11:24:00,CNR6435620282,Canceled by Driver,CID497033,Prime Sedan,Chamarajpet,Hosur Road,,,Not Applicable,Customer related issue,Not Applicable,Not Applicable,280,Not Applicable,0,,
2024-07-30 05:57:00,CNR8583320150,Success,CID187025,Prime SUV,Hulimavu,Majestic,210.0,110.0,Not Applicable,Not Applicable,No,Not Applicable,416,Cash,42,4.2,3.6
2024-07-22 17:08:00,CNR7182540148,Canceled by Customer,CID787905,Prime Sedan,Basavanagudi,MG Road,,,AC is Not working,Not Applicable,Not Applicable,Not Applicable,232,Not Applicable,0,,
2024-07-09 12:33:00,CNR8988607369,Driver Not Found,CID188494,Prime SUV,Cox Town,Whitefield,,,Not Applicable,Not Applicable,Not Applicable,Not Applicable,879,Not Applicable,0,,
2024-07-14 04:37:00,CNR6876382989,Canceled by Driver,CID587438,Auto,Mysore Road,Tumkur Road,,,Not Applicable,More than permitted people in there,Not Applicable,Not Applicable,615,Not Applicable,0,,
2024-07-30 14:17:00,CNR8593943100,Success,CID603268,Prime Plus,Banashankari,Hosur Road,217.0,40.0,Not Applicable,Not Applicable,No,Not Applicable,445,UPI,25,4.6,3.0
2024-07-16 19:41:00,CNR4225026422,Success,CID417099,Prime Plus,Whitefield,Electronic City,175.0,105.0,Not Applicable,Not Applicable,No,Not Applicable,443,Cash,11,4.4,4.1
2024-07-01 00:42:00,CNR8397170578,Success,CID295398,Mini,Padmanabhanagar,Whitefield,189.0,110.0,Not Applicable,Not Applicable,No,Not Applicable,594,Cash,35,3.5,3.8
2024-07-02 07:42:00,CNR5802606706,Success,CID174198,Prime SUV,KR Puram,Padmanabhanagar,42.0,35.0,Not Applicable,Not Applicable,No,Not Applicable,2362,Cash,26,3.5,4.9
2024-07-02 11:48:00,CNR6228705332,Canceled by Customer,CID503727,Bike,Sarjapur Road,JP Nagar,,,AC is Not working,Not Applicable,Not Applicable,Not Applicable,561,Not Applicable,0,,
2024-07-21 04:46:00,CNR1460487041,Success,CID409510,Bike,Bellandur,Shivajinagar,147.0,140.0,Not Applicable,Not Applicable,No,Not Applicable,703,UPI,31,4.5,4.3
2024-07-19 06:45:00,CNR8086883543,Canceled by Driver,CID298096,Bike,Rajajinagar,Koramangala,,,Not Applicable,Personal & Car related issue,Not Applicable,Not Applicable,326,Not Applicable,0,,
2024-07-13 19:34:00,CNR7408019296,Success,CID160116,Mini,MG Road,Mysore Road,35.0,45.0,Not Applicable,Not Applicable,No,Not Applicable,412,UPI,34,4.1,4.4
2024-07-15 10:37:00,CNR2877894514,Canceled by Customer,CID509173,Bike,Kengeri,Majestic,,,Driver is not moving towards pickup location,Not Applicable,Not Applicable,Not Applicable,226,Not Applicable,0,,
2024-07-05 16:59:00,CNR5621939278,Success,CID977764,Prime SUV,Sahakar Nagar,Kengeri,210.0,130.0,Not Applicable,Not Applicable,No,Not Applicable,358,Cash,7,4.7,3.6
2024-07-20 05:26:00,CNR9241246487,Canceled by Driver,CID378539,Mini,Sarjapur Road,Electronic City,,,Not Applicable,More than permitted people in there,Not Applicable,Not Applicable,435,Not Applicable,0,,
2024-07-18 07:21:00,CNR2767058858,Success,CID879648,Prime SUV,Rajajinagar,Shivajinagar,126.0,85.0,Not Applicable,Not Applicable,No,Not Applicable,141,Cash,37,4.2,4.4
2024-07-03 12:55:00,CNR6113965604,Canceled by Customer,CID775768,Prime SUV,Koramangala,Richmond Town,,,Driver is not moving towards pickup location,Not Applicable,Not Applicable,Not Applicable,938,Not Applicable,0,,
2024-07-20 04:24:00,CNR6532377785,Canceled by Driver,CID542160,Mini,Indiranagar,Langford Town,,,Not Applicable,More than permitted people in there,Not Applicable,Not Applicable,251,Not Applicable,0,,
2024-07-13 23:39:00,CNR6397840098,Canceled by Driver,CID624024,Prime Sedan,Sahakar Nagar,MG Road,,,Not Applicable,Customer related issue,Not Applicable,Not Applicable,377,Not Applicable,0,,
2024-07-18 09:27:00,CNR1312628468,Success,CID946100,Mini,Hennur,Cox Town,161.0,125.0,Not Applicable,Not Applicable,No,Not Applicable,323,Cash,29,3.0,3.1
2024-07-30 22:47:00,CNR5093315544,Driver Not Found,CID581020,Prime Plus,Magadi Road,BTM Layout,,,Not Applicable,Not Applicable,Not Applicable,Not Applicable,132,Not Applicable,0,,
2024-07-05 03:41:00,CNR4509571201,Success,CID511963,Prime Sedan,KR Puram,Padmanabhanagar,112.0,30.0,Not Applicable,Not Applicable,No,Not Applicable,385,UPI,40,3.8,5.0
2024-07-13 16:05:00,CNR9880015557,Canceled by Driver,CID773538,Mini,Electronic City,JP Nagar,,,Not Applicable,Customer related issue,Not Applicable,Not Applicable,322,Not Applicable,0,,
2024-07-04 04:47:00,CNR2448324206,Success,CID625867,Prime Plus,Padmanabhanagar,Frazer Town,112.0,70.0,Not Applicable,Not Applicable,No,Not Applicable,1247,UPI,2,4.0,5.0
2024-07-28 20:40:00,CNR5188281482,Success,CID626641,Bike,Shivajinagar,RT Nagar,35.0,65.0,Not Applicable,Not Applicable,No,Not Applicable,575,Cash,19,4.8,3.8
2024-07-12 01:19:00,CNR8995504937,Success,CID494827,Prime SUV,Frazer Town,Devanahalli,105.0,30.0,Not Applicable,Not Applicable,No,Not Applicable,310,UPI,29,3.7,4.4
2024-07-12 03:06:00,CNR2349856395,Success,CID603621,Prime SUV,Tumkur Road,Yeshwanthpur,266.0,105.0,Not Applicable,Not Applicable,No,Not Applicable,181,Cash,27,4.2,3.8
2024-07-02 09:43:00,CNR2903241986,Success,CID175813,Prime Plus,BTM Layout,Langford Town,168.0,120.0,Not Applicable,Not Applicable,No,Not Applicable,337,Cash,49,4.9,4.1
2024-07-19 19:36:00,CNR2632794610,Canceled by Driver,CID494302,eBike,Chickpet,Whitefield,,,Not Applicable,Customer related issue,Not Applicable,Not Applicable,802,Not Applicable,0,,
2024-07-17 21:15:00,CNR7856978956,Canceled by Customer,CID681338,Prime SUV,Padmanabhanagar,Yelahanka,,,Wrong Address,Not Applicable,Not Applicable,Not Applicable,123,Not Applicable,0,,
2024-07-12 01:29:00,CNR1789443303,Success,CID956301,Prime SUV,Shivajinagar,Sahakar Nagar,217.0,125.0,Not Applicable,Not Applicable,No,Not Applicable,741,Cash,32,3.4,3.4
2024-07-04 10:46:00,CNR6886406109,Success,CID199381,Prime Plus,JP Nagar,Banashankari,301.0,125.0,Not Applicable,Not Applicable,No,Not Applicable,393,UPI,19,4.4,4.7
2024-07-21 14:45:00,CNR7169296154,Canceled by Driver,CID637288,Mini,Majestic,Bannerghatta Road,,,Not Applicable,Customer related issue,Not Applicable,Not Applicable,254,Not Applicable,0,,
2024-07-04 17:10:00,CNR2700262946,Success,CID730562,Prime Sedan,Ramamurthy Nagar,Devanahalli,49.0,45.0,Not Applicable,Not Applicable,No,Not Applicable,860,UPI,3,3.5,3.1
2024-07-21 19:08:00,CNR7253913168,Success,CID931800,eBike,Cox Town,Hebbal,77.0,30.0,Not Applicable,Not Applicable,No,Not Applicable,589,UPI,6,3.3,3.4
2024-07-24 08:22:00,CNR9476563197,Success,CID826197,Prime Plus,Ramamurthy Nagar,Hebbal,189.0,140.0,Not Applicable,Not Applicable,No,Not Applicable,673,UPI,22,3.1,4.7
2024-07-16 21:42:00,CNR1794753920,Driver Not Found,CID207672,eBike,Marathahalli,Frazer Town,,,Not Applicable,Not Applicable,Not Applicable,Not Applicable,919,Not Applicable,0,,
2024-07-14 21:46:00,CNR5662042977,Success,CID281848,Prime SUV,Jayanagar,Shivajinagar,147.0,80.0,Not Applicable,Not Applicable,No,Not Applicable,2217,UPI,32,4.3,3.2
2024-07-20 21:21:00,CNR7742682904,Canceled by Driver,CID789616,Bike,Nagarbhavi,Varthur,,,Not Applicable,Personal & Car related issue,Not Applicable,Not Applicable,156,Not Applicable,0,,
2024-07-04 18:54:00,CNR1532113308,Driver Not Found,CID908181,Prime Plus,Vijayanagar,HSR Layout,,,Not Applicable,Not Applicable,Not Applicable,Not Applicable,312,Not Applicable,0,,
2024-07-21 12:05:00,CNR1821589191,Canceled by Customer,CID787368,Prime Plus,Jayanagar,Richmond Town,,,Driver is not moving towards pickup location,Not Applicable,Not Applicable,Not Applicable,452,Not Applicable,0,,
2024-07-08 07:17:00,CNR9779178113,Driver Not Found,CID376022,Prime Plus,Hosur Road,Bellandur,,,Not Applicable,Not Applicable,Not Applicable,Not Applicable,429,Not Applicable,0,,
2024-07-27 03:39:00,CNR5747934087,Success,CID563218,Prime SUV,Banashankari,Kengeri,231.0,40.0,Not Applicable,Not Applicable,No,Not Applicable,839,UPI,11,4.5,4.4
2024-07-14 14:05:00,CNR1601684300,Success,CID826294,Auto,Chamarajpet,Kengeri,91.0,100.0,Not Applicable,Not Applicable,No,Not Applicable,541,UPI,17,3.6,3.3
2024-07-30 00:13:00,CNR2947029625,Success,CID253479,Prime Sedan,Ulsoor,Hennur,196.0,110.0,Not Applicable,Not Applicable,No,Not Applicable,431,UPI,23,3.6,4.2
2024-07-16 13:46:00,CNR3206883458,Canceled by Driver,CID984514,Prime Plus,Chickpet,JP Nagar,,,Not Applicable,Personal & Car related issue,Not Applicable,Not Applicable,198,Not Applicable,0,,
2024-07-16 04:32:00,CNR8519367503,Success,CID961335,Mini,Malleshwaram,KR Puram,231.0,70.0,Not Applicable,Not Applicable,Yes,Vehicle Breakdown,207,UPI,41,4.7,4.0
2024-07-10 16:26:00,CNR9181488649,Success,CID724881,eBike,JP Nagar,Bannerghatta Road,217.0,30.0,Not Applicable,Not Applicable,No,Not Applicable,332,Cash,3,4.1,4.5
2024-07-30 23:57:00,CNR4920297007,Canceled by Driver,CID945713,Prime Plus,Devanahalli,Rajajinagar,,,Not Applicable,Personal & Car related issue,Not Applicable,Not Applicable,117,Not Applicable,0,,
2024-07-07 16:22:00,CNR2498800722,Canceled by Customer,CID930373,Bike,Electronic City,Yelahanka,,,Driver is not moving towards pickup location,Not Applicable,Not Applicable,Not Applicable,441,Not Applicable,0,,
2024-07-16 22:26:00,CNR3624602254,Success,CID743320,Prime SUV,Kammanahalli,Cox Town,84.0,25.0,Not Applicable,Not Applicable,No,Not Applicable,347,UPI,27,4.6,4.3
2024-07-13 05:09:00,CNR7937522258,Success,CID144275,Mini,KR Puram,Indiranagar,294.0,135.0,Not Applicable,Not Applicable,No,Not Applicable,456,Cash,45,4.4,4.9
2024-07-02 10:05:00,CNR2762196974,Success,CID544871,Auto,Yeshwanthpur,Hennur,182.0,80.0,Not Applicable,Not Applicable,No,Not Applicable,460,Cash,15,3.3,4.7
2024-07-08 06:39:00,CNR6502118459,Canceled by Driver,CID200629,Mini,Koramangala,Kammanahalli,,,Not Applicable,Personal & Car related issue,Not Applicable,Not Applicable,417,Not Applicable,0,,
2024-07-21 02:49:00,CNR8972756199,Driver Not Found,CID165157,eBike,Hosur Road,Banashankari,,,Not Applicable,Not Applicable,Not Applicable,Not Applicable,1261,Not Applicable,0,,
2024-07-03 07:12:00,CNR9963640838,Success,CID562008,Prime Sedan,Frazer Town,Hebbal,189.0,70.0,Not Applicable,Not Applicable,No,Not Applicable,958,Cash,3,3.7,3.9
2024-07-23 20:47:00,CNR8095198699,Success,CID351732,Prime Sedan,Nagarbhavi,Kengeri,147.0,40.0,Not Applicable,Not Applicable,No,Not Applicable,134,Cash,43,3.7,3.4
2024-07-20 14:43:00,CNR8033011416,Success,CID960236,eBike,Rajarajeshwari Nagar,Malleshwaram,287.0,40.0,Not Applicable,Not Applicable,Yes,Vehicle Breakdown,237,UPI,30,3.2,3.6
2024-07-26 04:22:00,CNR7376980586,Canceled by Driver,CID205242,Auto,Marathahalli,Nagarbhavi,,,Not Applicable,Customer related issue,Not Applicable,Not Applicable,116,Not Applicable,0,,
2024-07-12 01:56:00,CNR8167320053,Success,CID732101,Prime Sedan,Bannerghatta Road,Bannerghatta Road,42.0,55.0,Not Applicable,Not Applicable,No,Not Applicable,712,UPI,13,4.0,4.6
2024-07-24 13:45:00,CNR2197317508,Success,CID756970,Prime Plus,Majestic,Sahakar Nagar,182.0,110.0,Not Applicable,Not Applicable,No,Not Applicable,109,Cash,14,3.9,3.2
2024-07-12 04:26:00,CNR2959110897,Success,CID170253,eBike,Marathahalli,Hosur Road,245.0,130.0,Not Applicable,Not Applicable,No,Not Applicable,493,Cash,2,3.4,3.9
2024-07-01 01:32:00,CNR2979976619,Driver Not Found,CID591648,Auto,Majestic,JP Nagar,,,Not Applicable,Not Applicable,Not Applicable,Not Applicable,569,Not Applicable,0,,
2024-07-26 10:49:00,CNR1566083254,Success,CID253160,Bike,Magadi Road,Indiranagar,301.0,70.0,Not Applicable,Not Applicable,No,Not Applicable,488,Cash,14,4.1,4.3
2024-07-30 05:41:00,CNR4955484861,Success,CID830699,Prime Sedan,Peenya,RT Nagar,210.0,145.0,Not Applicable,Not Applicable,No,Not Applicable,319,UPI,39,3.1,4.7
2024-07-05 23:43:00,CNR2362605912,Success,CID883786,Prime Sedan,Devanahalli,MG Road,147.0,125.0,Not Applicable,Not Applicable,No,Not Applicable,170,UPI,25,3.1,4.5
2024-07-22 23:36:00,CNR5685393214,Canceled by Driver,CID244203,Mini,Cox Town,Ramamurthy Nagar,,,Not Applicable,Personal & Car related issue,Not Applicable,Not Applicable,407,Not Applicable,0,,
2024-07-04 15:20:00,CNR8238409046,Success,CID632149,Bike,Padmanabhanagar,Bellandur,245.0,140.0,Not Applicable,Not Applicable,No,Not Applicable,191,Cash,9,4.6,3.0
2024-07-27 23:56:00,CNR3118320404,Success,CID221449,eBike,Rajarajeshwari Nagar,Chamarajpet,140.0,40.0,Not Applicable,Not Applicable,No,Not Applicable,213,Cash,37,4.6,3.8
2024-07-09 21:27:00,CNR9172723000,Success,CID351022,Prime Sedan,MG Road,JP Nagar,168.0,120.0,Not Applicable,Not Applicable,Yes,Customer Demand,132,UPI,4,4.4,3.7
2024-07-06 01:48:00,CNR6402829743,Driver Not Found,CID580702,Mini,Richmond Town,Hennur,,,Not Applicable,Not Applicable,Not Applicable,Not Applicable,262,Not Applicable,0,,
2024-07-10 04:27:00,CNR8315127718,Success,CID994072,Prime Sedan,Hebbal,Varthur,238.0,50.0,Not Applicable,Not Applicable,No,Not Applicable,415,UPI,36,4.0,3.4
2024-07-12 06:33:00,CNR2880251100,Canceled by Customer,CID244831,eBike,Ramamurthy Nagar,HSR Layout,,,Change of plans,Not Applicable,Not Applicable,Not Applicable,265,Not Applicable,0,,
2024-07-08 00:42:00,CNR6542715432,Success,CID286285,Bike,Hebbal,Hebbal,161.0,135.0,Not Applicable,Not Applicable,No,Not Applicable,399,Cash,42,3.4,3.6
2024-07-20 11:25:00,CNR9264922183,Success,CID786729,Mini,Yelahanka,Kadugodi,70.0,110.0,Not Applicable,Not Applicable,No,Not Applicable,300,UPI,22,4.3,3.6
2024-07-08 20:35:00,CNR8298112260,Canceled by Driver,CID605655,Mini,Cox Town,Rajarajeshwari Nagar,,,Not Applicable,Customer related issue,Not Applicable,Not Applicable,1640,Not Applicable,0,,
2024-07-16 00:32:00,CNR1736373778,Canceled by Driver,CID902082,Auto,Shantinagar,Bannerghatta Road,,,Not Applicable,More than permitted people in there,Not Applicable,Not Applicable,261,Not Applicable,0,,
2024-07-29 00:49:00,CNR7374921772,Canceled by Driver,CID816617,Prime Plus,Rajarajeshwari Nagar,Hosur Road,,,Not Applicable,More than permitted people in there,Not Applicable,Not Applicable,156,Not Applicable,0,,
2024-07-21 01:16:00,CNR8184674303,Success,CID809871,eBike,Ramamurthy Nagar,Bannerghatta Road,224.0,95.0,Not Applicable,Not Applicable,No,Not Applicable,178,Credit Card,18,3.1,4.1
2024-07-01 06:04:00,CNR8905218576,Success,CID168627,Prime Sedan,Mysore Road,Chickpet,287.0,125.0,Not Applicable,Not Applicable,No,Not Applicable,355,Cash,12,5.0,4.5
2024-07-15 15:59:00,CNR8404847613,Success,CID710412,Bike,Vijayanagar,Yeshwanthpur,63.0,140.0,Not Applicable,Not Applicable,Yes,Vehicle Breakdown,1371,UPI,30,4.0,3.9
2024-07-17 08:14:00,CNR2808968346,Driver Not Found,CID512339,Mini,KR Puram,Kammanahalli,,,Not Applicable,Not Applicable,Not Applicable,Not Applicable,417,Not Applicable,0,,
2024-07-16 19:57:00,CNR9593217000,Success,CID353827,Prime Plus,Yelahanka,Langford Town,259.0,85.0,Not Applicable,Not Applicable,No,Not Applicable,328,UPI,23,4.4,4.3
2024-07-09 07:07:00,CNR5924815445,Driver Not Found,CID864779,Prime SUV,Frazer Town,Electronic City,,,Not Applicable,Not Applicable,Not Applicable,Not Applicable,185,Not Applicable,0,,
2024-07-25 06:42:00,CNR1387445769,Canceled by Customer,CID709003,eBike,Hulimavu,Devanahalli,,,Driver is not moving towards pickup location,Not Applicable,Not Applicable,Not Applicable,293,Not Applicable,0,,
2024-07-17 18:31:00,CNR9971582243,Canceled by Driver,CID966991,Prime SUV,Ulsoor,Jayanagar,,,Not Applicable,Customer related issue,Not Applicable,Not Applicable,512,Not Applicable,0,,
2024-07-21 20:11:00,CNR9528146738,Success,CID913560,Bike,Basavanagudi,HSR Layout,77.0,90.0,Not Applicable,Not Applicable,No,Not Applicable,502,UPI,28,5.0,4.4
2024-07-10 08:42:00,CNR6702993783,Canceled by Driver,CID277970,Auto,Vijayanagar,Nagarbhavi,,,Not Applicable,More than permitted people in there,Not Applicable,Not Applicable,1356,Not Applicable,0,,
2024-07-24 15:29:00,CNR2702774830,Success,CID512411,eBike,Chamarajpet,Marathahalli,105.0,65.0,Not Applicable,Not Applicable,No,Not Applicable,126,Cash,6,3.9,4.3
2024-07-24 19:00:00,CNR6756638678,Success,CID288608,Prime SUV,Indiranagar,Banashankari,259.0,25.0,Not Applicable,Not Applicable,Yes,Other Issue,130,Cash,34,4.7,4.8
2024-07-25 23:15:00,CNR2747089806,Canceled by Customer,CID500039,Bike,Sahakar Nagar,Ulsoor,,,Wrong Address,Not Applicable,Not Applicable,Not Applicable,410,Not Applicable,0,,
2024-07-14 04:57:00,CNR9413955201,Success,CID376926,Mini,Devanahalli,Bellandur,161.0,100.0,Not Applicable,Not Applicable,No,Not Applicable,251,Cash,15,4.0,3.1
2024-07-30 09:10:00,CNR4916225401,Success,CID425027,Prime Sedan,Yelahanka,HSR Layout,49.0,110.0,Not Applicable,Not Applicable,No,Not Applicable,238,UPI,29,3.7,3.9
2024-07-21 20:55:00,CNR5654764642,Driver Not Found,CID135781,Prime Plus,Vijayanagar,Bannerghatta Road,,,Not Applicable,Not Applicable,Not Applicable,Not Applicable,403,Not Applicable,0,,
2024-07-20 03:18:00,CNR1632573991,Success,CID253563,eBike,Cox Town,Majestic,35.0,30.0,Not Applicable,Not Applicable,No,Not Applicable,116,Cash,39,3.1,3.2
2024-07-08 04:59:00,CNR5841189222,Driver Not Found,CID550866,Prime Sedan,Magadi Road,Banashankari,,,Not Applicable,Not Applicable,Not Applicable,Not Applicable,143,Not Applicable,0,,
2024-07-03 04:10:00,CNR6774599421,Canceled by Driver,CID948127,Prime Sedan,Tumkur Road,MG Road,,,Not Applicable,More than permitted people in there,Not Applicable,Not Applicable,844,Not Applicable,0,,
2024-07-25 07:28:00,CNR7761716541,Success,CID712935,Bike,Kengeri,Kengeri,84.0,95.0,Not Applicable,Not Applicable,No,Not Applicable,856,Cash,29,3.3,3.9
2024-07-24 19:05:00,CNR9859579102,Driver Not Found,CID573495,Prime Plus,Shivajinagar,Majestic,,,Not Applicable,Not Applicable,Not Applicable,Not Applicable,661,Not Applicable,0,,
2024-07-14 17:37:00,CNR7161752284,Canceled by Driver,CID456175,Prime Sedan,Peenya,Vijayanagar,,,Not Applicable,More than permitted people in there,Not Applicable,Not Applicable,526,Not Applicable,0,,
2024-07-19 18:39:00,CNR3737401812,Success,CID789690,Prime SUV,Sarjapur Road,Koramangala,140.0,130.0,Not Applicable,Not Applicable,No,Not Applicable,384,Cash,6,4.2,5.0
2024-07-13 12:04:00,CNR4477152494,Success,CID848427,Prime Sedan,Malleshwaram,Bannerghatta Road,301.0,125.0,Not Applicable,Not Applicable,No,Not Applicable,340,UPI,41,4.0,4.0
2024-07-14 12:19:00,CNR7187464501,Success,CID998449,Bike,KR Puram,Kammanahalli,280.0,50.0,Not Applicable,Not Applicable,No,Not Applicable,2659,UPI,1,3.0,3.0
2024-07-10 06:21:00,CNR5989122747,Success,CID628880,Auto,Chickpet,Marathahalli,119.0,25.0,Not Applicable,Not Applicable,No,Not Applicable,435,UPI,14,3.5,4.0
2024-07-02 07:23:00,CNR2892098465,Canceled by Driver,CID731292,Mini,Kammanahalli,Indiranagar,,,Not Applicable,Personal & Car related issue,Not Applicable,Not Applicable,1993,Not Applicable,0,,
2024-07-05 02:50:00,CNR8989918119,Success,CID738640,Prime Sedan,Hebbal,KR Puram,133.0,100.0,Not Applicable,Not Applicable,No,Not Applicable,407,UPI,33,4.0,3.8
2024-07-30 19:50:00,CNR5761895927,Success,CID665279,Prime Plus,Hosur Road,Rajarajeshwari Nagar,224.0,125.0,Not Applicable,Not Applicable,No,Not Applicable,384,UPI,24,4.4,4.2
2024-07-28 02:16:00,CNR3825172616,Success,CID812731,eBike,Chickpet,Richmond Town,308.0,140.0,Not Applicable,Not Applicable,No,Not Applicable,338,Cash,18,3.1,3.9
2024-07-24 18:27:00,CNR6379499100,Success,CID622149,Auto,Whitefield,Shivajinagar,98.0,85.0,Not Applicable,Not Applicable,No,Not Applicable,276,Cash,18,4.6,4.2
2024-07-25 19:37:00,CNR8066688315,Driver Not Found,CID349601,Prime Plus,KR Puram,Langford Town,,,Not Applicable,Not Applicable,Not Applicable,Not Applicable,428,Not Applicable,0,,
2024-07-03 19:46:00,CNR7996350556,Success,CID801524,Prime Plus,Kengeri,BTM Layout,245.0,45.0,Not Applicable,Not Applicable,No,Not Applicable,852,Cash,44,5.0,3.9
2024-07-05 04:30:00,CNR9698124845,Success,CID325874,Prime Sedan,Marathahalli,Ramamurthy Nagar,91.0,145.0,Not Applicable,Not Applicable,No,Not Applicable,225,Cash,11,3.8,3.5
2024-07-29 14:41:00,CNR5974349792,Success,CID963184,Prime SUV,Hennur,Kadugodi,70.0,105.0,Not Applicable,Not Applicable,No,Not Applicable,167,UPI,22,3.6,4.2
2024-07-11 14:36:00,CNR2709307174,Success,CID946157,Mini,Bannerghatta Road,Yelahanka,252.0,105.0,Not Applicable,Not Applicable,No,Not Applicable,266,Cash,17,3.5,4.4
2024-07-20 08:15:00,CNR3819862510,Canceled by Driver,CID854420,Bike,Richmond Town,Malleshwaram,,,Not Applicable,Personal & Car related issue,Not Applicable,Not Applicable,710,Not Applicable,0,,
2024-07-23 21:37:00,CNR9013215401,Success,CID433231,Prime Plus,Frazer Town,Hulimavu,308.0,90.0,Not Applicable,Not Applicable,No,Not Applicable,434,Cash,5,4.2,4.3
2024-07-26 20:29:00,CNR7654647828,Canceled by Driver,CID475733,Prime Plus,Koramangala,Rajarajeshwari Nagar,,,Not Applicable,Personal & Car related issue,Not Applicable,Not Applicable,141,Not Applicable,0,,
2024-07-03 20:16:00,CNR4696319280,Success,CID895069,Auto,Langford Town,KR Puram,42.0,70.0,Not Applicable,Not Applicable,No,Not Applicable,1926,UPI,11,4.3,3.9
2024-07-05 20:35:00,CNR8652248467,Canceled by Driver,CID653846,Prime Plus,Shantinagar,Rajarajeshwari Nagar,,,Not Applicable,Customer was coughing/sick,Not Applicable,Not Applicable,297,Not Applicable,0,,
2024-07-09 19:54:00,CNR4085615245,Success,CID540242,eBike,Bellandur,BTM Layout,196.0,125.0,Not Applicable,Not Applicable,No,Not Applicable,106,UPI,46,3.3,4.9
2024-07-09 16:21:00,CNR8396593753,Success,CID290775,Auto,Sarjapur Road,Shantinagar,84.0,50.0,Not Applicable,Not Applicable,No,Not Applicable,107,Cash,9,3.2,4.6
2024-07-11 22:34:00,CNR7114083710,Success,CID902517,Bike,Vijayanagar,Electronic City,210.0,130.0,Not Applicable,Not Applicable,No,Not Applicable,468,UPI,20,4.4,4.1
2024-07-19 04:51:00,CNR2097665608,Canceled by Driver,CID204878,eBike,Ulsoor,Chickpet,,,Not Applicable,Personal & Car related issue,Not Applicable,Not Applicable,140,Not Applicable,0,,
2024-07-18 23:56:00,CNR1861297361,Canceled by Customer,CID502435,Bike,Hebbal,Richmond Town,,,Driver asked to cancel,Not Applicable,Not Applicable,Not Applicable,376,Not Applicable,0,,
2024-07-15 11:55:00,CNR1324165497,Success,CID834577,Prime Plus,Majestic,Rajarajeshwari Nagar,294.0,45.0,Not Applicable,Not Applicable,No,Not Applicable,217,UPI,35,4.2,3.0
2024-07-27 06:29:00,CNR7793219794,Success,CID337742,Auto,Hebbal,Hebbal,294.0,80.0,Not Applicable,Not Applicable,No,Not Applicable,346,Cash,15,4.6,3.8
2024-07-16 21:02:00,CNR5371068428,Success,CID908189,Bike,Chamarajpet,Magadi Road,126.0,40.0,Not Applicable,Not Applicable,No,Not Applicable,197,UPI,1,4.5,3.7
2024-07-08 17:09:00,CNR1800902545,Canceled by Driver,CID442465,Prime SUV,Basavanagudi,Hebbal,,,Not Applicable,Customer related issue,Not Applicable,Not Applicable,176,Not Applicable,0,,
2024-07-18 12:50:00,CNR3546809930,Success,CID465394,eBike,Whitefield,Koramangala,126.0,130.0,Not Applicable,Not Applicable,No,Not Applicable,480,UPI,48,4.5,4.1
2024-07-18 12:37:00,CNR8920667703,Success,CID767674,Prime Sedan,Rajarajeshwari Nagar,Ramamurthy Nagar,210.0,55.0,Not Applicable,Not Applicable,No,Not Applicable,433,UPI,12,3.5,3.4
2024-07-13 08:28:00,CNR4576773632,Success,CID441023,Mini,Rajarajeshwari Nagar,Hebbal,308.0,95.0,Not Applicable,Not Applicable,No,Not Applicable,303,Credit Card,4,3.5,4.0
2024-07-19 16:50:00,CNR3337594309,Success,CID742167,Auto,Malleshwaram,Electronic City,140.0,115.0,Not Applicable,Not Applicable,No,Not Applicable,945,Cash,2,3.4,3.8
2024-07-14 22:51:00,CNR4994364961,Success,CID815993,Mini,Kammanahalli,Hebbal,168.0,105.0,Not Applicable,Not Applicable,No,Not Applicable,481,UPI,1,4.1,3.6
2024-07-12 16:26:00,CNR9751621253,Success,CID198078,Prime SUV,Langford Town,HSR Layout,217.0,45.0,Not Applicable,Not Applicable,No,Not Applicable,165,Cash,2,4.3,5.0
2024-07-07 02:04:00,CNR5306641582,Success,CID778787,Prime Sedan,Hennur,Banashankari,63.0,140.0,Not Applicable,Not Applicable,No,Not Applicable,393,UPI,45,3.6,3.0
2024-07-27 13:04:00,CNR2714999861,Canceled by Driver,CID587233,Auto,Richmond Town,HSR Layout,,,Not Applicable,Customer was coughing/sick,Not Applicable,Not Applicable,467,Not Applicable,0,,
2024-07-27 22:51:00,CNR9549872254,Success,CID895495,Bike,Chamarajpet,Electronic City,231.0,75.0,Not Applicable,Not Applicable,No,Not Applicable,308,Cash,23,3.2,3.6
2024-07-17 06:33:00,CNR3359759907,Canceled by Driver,CID936041,Bike,Yelahanka,Yeshwanthpur,,,Not Applicable,More than permitted people in there,Not Applicable,Not Applicable,175,Not Applicable,0,,
2024-07-24 16:04:00,CNR8762510507,Driver Not Found,CID753314,Prime Plus,Chickpet,Basavanagudi,,,Not Applicable,Not Applicable,Not Applicable,Not Applicable,282,Not Applicable,0,,
2024-07-21 21:26:00,CNR5194357583,Success,CID494088,Prime Sedan,Whitefield,Vijayanagar,175.0,80.0,Not Applicable,Not Applicable,No,Not Applicable,454,Cash,33,3.6,3.4
2024-07-11 15:55:00,CNR5914550918,Canceled by Driver,CID779169,Prime SUV,Malleshwaram,Peenya,,,Not Applicable,More than permitted people in there,Not Applicable,Not Applicable,464,Not Applicable,0,,
2024-07-04 03:12:00,CNR2276280840,Canceled by Driver,CID395514,Mini,Peenya,Shantinagar,,,Not Applicable,Personal & Car related issue,Not Applicable,Not Applicable,100,Not Applicable,0,,
2024-07-28 01:54:00,CNR9635291905,Canceled by Driver,CID574196,Prime Sedan,Yelahanka,Hulimavu,,,Not Applicable,More than permitted people in there,Not Applicable,Not Applicable,347,Not Applicable,0,,
2024-07-16 22:02:00,CNR9350497627,Success,CID134756,Bike,Majestic,Varthur,203.0,70.0,Not Applicable,Not Applicable,No,Not Applicable,977,UPI,27,3.1,4.7
2024-07-06 11:15:00,CNR2738169225,Canceled by Driver,CID108974,Mini,Kengeri,Richmond Town,,,Not Applicable,Personal & Car related issue,Not Applicable,Not Applicable,348,Not Applicable,0,,
2024-07-12 23:23:00,CNR7949425760,Success,CID235544,Bike,Jayanagar,Magadi Road,273.0,25.0,Not Applicable,Not Applicable,No,Not Applicable,525,UPI,1,3.8,4.9
2024-07-08 00:38:00,CNR5036243121,Success,CID475594,eBike,Bannerghatta Road,Hennur,112.0,140.0,Not Applicable,Not Applicable,No,Not Applicable,480,UPI,8,3.4,3.9
2024-07-17 04:40:00,CNR2196358727,Success,CID829865,eBike,Malleshwaram,Varthur,91.0,145.0,Not Applicable,Not Applicable,No,Not Applicable,438,UPI,22,3.8,4.5
2024-07-04 02:08:00,CNR8899638275,Success,CID700465,Prime SUV,Chamarajpet,Rajajinagar,203.0,140.0,Not Applicable,Not Applicable,No,Not Applicable,252,Cash,8,4.2,4.9
2024-07-14 08:19:00,CNR3429280979,Success,CID135830,Auto,BTM Layout,Majestic,147.0,85.0,Not Applicable,Not Applicable,No,Not Applicable,634,Cash,18,4.6,3.1
2024-07-12 01:56:00,CNR2704541276,Success,CID909718,Bike,Hennur,Shivajinagar,308.0,125.0,Not Applicable,Not Applicable,Yes,Customer Demand,363,Cash,31,4.9,4.9
2024-07-30 07:41:00,CNR7793290861,Canceled by Driver,CID400969,eBike,Rajarajeshwari Nagar,Ulsoor,,,Not Applicable,Customer was coughing/sick,Not Applicable,Not Applicable,208,Not Applicable,0,,
2024-07-02 17:19:00,CNR5080962984,Driver Not Found,CID134567,Prime SUV,Tumkur Road,JP Nagar,,,Not Applicable,Not Applicable,Not Applicable,Not Applicable,299,Not Applicable,0,,
2024-07-20 03:57:00,CNR4577364904,Canceled by Driver,CID219921,eBike,Varthur,Devanahalli,,,Not Applicable,Personal & Car related issue,Not Applicable,Not Applicable,558,Not Applicable,0,,
2024-07-15 09:41:00,CNR1601377673,Canceled by Driver,CID842841,Prime Plus,Hulimavu,Hebbal,,,Not Applicable,Personal & Car related issue,Not Applicable,Not Applicable,124,Not Applicable,0,,
2024-07-14 21:23:00,CNR3860815706,Success,CID264860,Bike,Hebbal,Hulimavu,119.0,45.0,Not Applicable,Not Applicable,No,Not Applicable,420,Cash,8,3.2,3.4
2024-07-24 02:00:00,CNR7431025083,Success,CID130954,Auto,Sarjapur Road,Cox Town,154.0,55.0,Not Applicable,Not Applicable,No,Not Applicable,475,UPI,15,4.4,4.3
2024-07-23 11:03:00,CNR2071205869,Canceled by Customer,CID895054,Auto,Sahakar Nagar,Sarjapur Road,,,Change of plans,Not Applicable,Not Applicable,Not Applicable,2708,Not Applicable,0,,
2024-07-02 12:50:00,CNR5765498622,Success,CID269385,Prime Plus,Whitefield,Peenya,126.0,145.0,Not Applicable,Not Applicable,Yes,Vehicle Breakdown,310,UPI,38,3.9,4.6
2024-07-30 09:41:00,CNR1188464701,Driver Not Found,CID540038,Mini,Cox Town,HSR Layout,,,Not Applicable,Not Applicable,Not Applicable,Not Applicable,393,Not Applicable,0,,
2024-07-20 08:59:00,CNR1338657780,Success,CID522860,eBike,Kammanahalli,Hosur Road,154.0,50.0,Not Applicable,Not Applicable,No,Not Applicable,186,Cash,46,3.9,4.6
2024-07-08 02:38:00,CNR1212046421,Driver Not Found,CID625415,Prime Sedan,Marathahalli,Chamarajpet,,,Not Applicable,Not Applicable,Not Applicable,Not Applicable,415,Not Applicable,0,,
2024-07-24 11:03:00,CNR9405181199,Driver Not Found,CID152928,Auto,Hosur Road,Bannerghatta Road,,,Not Applicable,Not Applicable,Not Applicable,Not Applicable,203,Not Applicable,0,,
2024-07-29 03:39:00,CNR8741778215,Success,CID530180,Prime SUV,Peenya,Hulimavu,203.0,95.0,Not Applicable,Not Applicable,No,Not Applicable,442,Cash,14,4.2,4.9
2024-07-11 22:43:00,CNR5710356948,Canceled by Customer,CID603616,Bike,Hennur,Banashankari,,,Driver asked to cancel,Not Applicable,Not Applicable,Not Applicable,866,Not Applicable,0,,
2024-07-28 13:39:00,CNR1977247250,Canceled by Driver,CID807168,Mini,Shantinagar,Magadi Road,,,Not Applicable,More than permitted people in there,Not Applicable,Not Applicable,301,Not Applicable,0,,
2024-07-17 14:52:00,CNR5182877814,Driver Not Found,CID115915,Prime Sedan,KR Puram,Richmond Town,,,Not Applicable,Not Applicable,Not Applicable,Not Applicable,172,Not Applicable,0,,
2024-07-16 05:50:00,CNR2605708983,Driver Not Found,CID959225,Auto,Rajajinagar,Vijayanagar,,,Not Applicable,Not Applicable,Not Applicable,Not Applicable,145,Not Applicable,0,,
2024-07-20 20:14:00,CNR6035049157,Success,CID801659,Mini,Yeshwanthpur,Nagarbhavi,294.0,95.0,Not Applicable,Not Applicable,No,Not Applicable,190,Cash,29,3.2,3.8
2024-07-15 19:55:00,CNR7357390499,Canceled by Driver,CID285546,Mini,Shantinagar,Shantinagar,,,Not Applicable,Customer related issue,Not Applicable,Not Applicable,293,Not Applicable,0,,
2024-07-13 22:08:00,CNR7561027709,Success,CID583676,Mini,BTM Layout,Basavanagudi,147.0,45.0,Not Applicable,Not Applicable,No,Not Applicable,962,UPI,4,3.9,4.6
2024-07-09 22:12:00,CNR2598987950,Driver Not Found,CID965239,Bike,Chamarajpet,Sarjapur Road,,,Not Applicable,Not Applicable,Not Applicable,Not Applicable,358,Not Applicable,0,,
2024-07-11 23:30:00,CNR8111125130,Canceled by Driver,CID712381,Prime Plus,Bellandur,Bannerghatta Road,,,Not Applicable,More than permitted people in there,Not Applicable,Not Applicable,115,Not Applicable,0,,
2024-07-09 15:47:00,CNR7907035681,Driver Not Found,CID910476,Prime Plus,HSR Layout,Rajarajeshwari Nagar,,,Not Applicable,Not Applicable,Not Applicable,Not Applicable,417,Not Applicable,0,,
2024-07-23 19:37:00,CNR7304309300,Success,CID776044,Prime Sedan,JP Nagar,Chamarajpet,273.0,115.0,Not Applicable,Not Applicable,No,Not Applicable,338,Cash,15,4.4,3.7
2024-07-16 12:38:00,CNR1651288457,Success,CID328256,Bike,Richmond Town,Electronic City,189.0,135.0,Not Applicable,Not Applicable,No,Not Applicable,276,Cash,16,4.9,3.4
2024-07-02 10:59:00,CNR5547434901,Success,CID669651,Bike,Rajarajeshwari Nagar,Rajajinagar,182.0,80.0,Not Applicable,Not Applicable,No,Not Applicable,899,UPI,35,4.5,3.6
2024-07-10 06:40:00,CNR5258821622,Success,CID122427,Bike,Padmanabhanagar,Ramamurthy Nagar,196.0,35.0,Not Applicable,Not Applicable,No,Not Applicable,2146,Cash,21,4.7,3.6
2024-07-14 03:39:00,CNR7325198939,Success,CID416629,Auto,JP Nagar,Hennur,42.0,145.0,Not Applicable,Not Applicable,No,Not Applicable,158,Cash,2,4.3,3.6
2024-07-14 08:42:00,CNR7657240369,Success,CID976839,Prime SUV,Langford Town,Rajajinagar,259.0,40.0,Not Applicable,Not Applicable,No,Not Applicable,487,Cash,12,3.5,4.2
2024-07-21 22:33:00,CNR5795921958,Success,CID998367,Mini,Varthur,Bannerghatta Road,126.0,65.0,Not Applicable,Not Applicable,Yes,Other Issue,504,Cash,23,3.1,4.7
2024-07-06 19:23:00,CNR2142355947,Driver Not Found,CID227356,Prime Plus,Malleshwaram,Malleshwaram,,,Not Applicable,Not Applicable,Not Applicable,Not Applicable,219,Not Applicable,0,,
2024-07-26 09:23:00,CNR1314580588,Success,CID260337,eBike,Banashankari,Kammanahalli,154.0,140.0,Not Applicable,Not Applicable,No,Not Applicable,739,Cash,17,3.1,4.3
2024-07-30 01:26:00,CNR1094556372,Success,CID670196,Prime Plus,Padmanabhanagar,Kammanahalli,217.0,40.0,Not Applicable,Not Applicable,No,Not Applicable,1847,Cash,28,4.2,5.0
2024-07-05 13:31:00,CNR5039779506,Success,CID870379,Mini,Magadi Road,Magadi Road,231.0,85.0,Not Applicable,Not Applicable,No,Not Applicable,411,Cash,35,4.3,4.7
2024-07-10 21:56:00,CNR1764635878,Success,CID797974,Auto,Ramamurthy Nagar,Banashankari,189.0,45.0,Not Applicable,Not Applicable,No,Not Applicable,1803,UPI,14,4.7,4.8
2024-07-23 23:10:00,CNR1642874935,Canceled by Driver,CID205564,eBike,Malleshwaram,Yelahanka,,,Not Applicable,Personal & Car related issue,Not Applicable,Not Applicable,357,Not Applicable,0,,
2024-07-24 18:09:00,CNR2158561599,Success,CID862228,Prime SUV,Jayanagar,Mysore Road,140.0,75.0,Not Applicable,Not Applicable,No,Not Applicable,1896,Cash,8,4.7,4.2
2024-07-03 17:05:00,CNR8775365309,Success,CID872189,Prime Sedan,HSR Layout,Kammanahalli,84.0,75.0,Not Applicable,Not Applicable,No,Not Applicable,253,Cash,21,3.2,4.2
2024-07-09 19:49:00,CNR3145804352,Success,CID984728,eBike,Yeshwanthpur,Peenya,259.0,145.0,Not Applicable,Not Applicable,No,Not Applicable,341,Cash,47,4.9,4.7
2024-07-23 22:41:00,CNR2843692645,Success,CID540201,Prime Sedan,Hebbal,RT Nagar,119.0,80.0,Not Applicable,Not Applicable,No,Not Applicable,722,Cash,23,3.8,4.7
2024-07-05 05:56:00,CNR4897412952,Canceled by Customer,CID656362,Prime Sedan,Chickpet,Whitefield,,,AC is Not working,Not Applicable,Not Applicable,Not Applicable,140,Not Applicable,0,,
2024-07-02 12:23:00,CNR3368486087,Success,CID317247,Prime Plus,Hulimavu,Hulimavu,203.0,65.0,Not Applicable,Not Applicable,No,Not Applicable,514,Cash,16,3.4,4.6
2024-07-23 08:15:00,CNR8356302212,Driver Not Found,CID758927,Auto,Electronic City,Mysore Road,,,Not Applicable,Not Applicable,Not Applicable,Not Applicable,354,Not Applicable,0,,
2024-07-06 01:29:00,CNR5842429586,Success,CID763460,Prime SUV,Ulsoor,Indiranagar,154.0,100.0,Not Applicable,Not Applicable,No,Not Applicable,320,UPI,17,5.0,4.6
2024-07-02 22:48:00,CNR3094607635,Canceled by Customer,CID921905,Prime Sedan,Banashankari,MG Road,,,AC is Not working,Not Applicable,Not Applicable,Not Applicable,477,Not Applicable,0,,
2024-07-11 08:39:00,CNR8478592011,Canceled by Customer,CID838764,Prime Sedan,Sarjapur Road,Bellandur,,,AC is Not working,Not Applicable,Not Applicable,Not Applicable,441,Not Applicable,0,,
2024-07-10 17:19:00,CNR1687456350,Success,CID784040,Prime SUV,Langford Town,JP Nagar,42.0,100.0,Not Applicable,Not Applicable,No,Not Applicable,644,Cash,4,3.4,4.1
2024-07-22 02:03:00,CNR3182928794,Canceled by Customer,CID460576,Bike,Bellandur,Chickpet,,,Driver is not moving towards pickup location,Not Applicable,Not Applicable,Not Applicable,113,Not Applicable,0,,
2024-07-26 09:26:00,CNR6735145585,Success,CID479676,Prime Sedan,Hulimavu,Marathahalli,98.0,50.0,Not Applicable,Not Applicable,No,Not Applicable,632,UPI,42,3.5,4.7
2024-07-26 07:05:00,CNR9678035611,Canceled by Customer,CID585008,Prime Plus,Magadi Road,Basavanagudi,,,Wrong Address,Not Applicable,Not Applicable,Not Applicable,403,Not Applicable,0,,
2024-07-01 06:09:00,CNR8457232901,Success,CID110273,Prime Sedan,BTM Layout,Langford Town,266.0,85.0,Not Applicable,Not Applicable,No,Not Applicable,441,UPI,33,3.9,4.2
2024-07-02 05:00:00,CNR3731395774,Success,CID861205,Prime Plus,Chickpet,Devanahalli,182.0,35.0,Not Applicable,Not Applicable,No,Not Applicable,168,UPI,48,4.2,3.2
2024-07-23 15:09:00,CNR5443064469,Success,CID871659,Auto,KR Puram,Langford Town,231.0,120.0,Not Applicable,Not Applicable,No,Not Applicable,2968,Cash,7,5.0,5.0
2024-07-10 06:27:00,CNR1528702484,Success,CID888387,Bike,Padmanabhanagar,JP Nagar,161.0,145.0,Not Applicable,Not Applicable,Yes,Vehicle Breakdown,980,UPI,19,4.8,3.5
2024-07-06 17:11:00,CNR5511363654,Canceled by Customer,CID313780,Prime Plus,Padmanabhanagar,Electronic City,,,Change of plans,Not Applicable,Not Applicable,Not Applicable,305,Not Applicable,0,,
2024-07-07 01:26:00,CNR2122211707,Canceled by Driver,CID215096,Mini,Vijayanagar,MG Road,,,Not Applicable,Customer was coughing/sick,Not Applicable,Not Applicable,110,Not Applicable,0,,
2024-07-02 11:11:00,CNR2911028734,Success,CID556520,Prime SUV,Chamarajpet,HSR Layout,91.0,100.0,Not Applicable,Not Applicable,No,Not Applicable,384,Cash,28,3.3,3.5
2024-07-27 05:45:00,CNR3012961639,Canceled by Customer,CID607107,Bike,Peenya,Electronic City,,,Change of plans,Not Applicable,Not Applicable,Not Applicable,720,Not Applicable,0,,
2024-07-04 09:33:00,CNR9188962295,Success,CID295609,Prime SUV,Basavanagudi,Cox Town,70.0,35.0,Not Applicable,Not Applicable,No,Not Applicable,746,Cash,4,4.4,3.9
2024-07-11 20:55:00,CNR6992559376,Success,CID284534,Mini,Nagarbhavi,Langford Town,259.0,65.0,Not Applicable,Not Applicable,No,Not Applicable,476,UPI,7,3.4,4.3
2024-07-08 19:23:00,CNR8562164207,Success,CID184543,Bike,Malleshwaram,Sarjapur Road,287.0,125.0,Not Applicable,Not Applicable,No,Not Applicable,288,UPI,20,3.1,4.6
2024-07-14 14:29:00,CNR5244409969,Canceled by Driver,CID615315,Prime Plus,JP Nagar,Hennur,,,Not Applicable,Personal & Car related issue,Not Applicable,Not Applicable,119,Not Applicable,0,,
2024-07-17 20:53:00,CNR2010090005,Success,CID833450,eBike,Whitefield,Vijayanagar,147.0,30.0,Not Applicable,Not Applicable,No,Not Applicable,983,Cash,43,5.0,3.3
2024-07-14 16:23:00,CNR3006779592,Canceled by Customer,CID637794,eBike,Yeshwanthpur,Chickpet,,,Change of plans,Not Applicable,Not Applicable,Not Applicable,351,Not Applicable,0,,
2024-07-08 07:11:00,CNR8460199838,Canceled by Driver,CID468810,Prime SUV,Ulsoor,Mysore Road,,,Not Applicable,Personal & Car related issue,Not Applicable,Not Applicable,329,Not Applicable,0,,
2024-07-19 15:27:00,CNR3704174589,Success,CID268026,eBike,Jayanagar,Sahakar Nagar,98.0,115.0,Not Applicable,Not Applicable,No,Not Applicable,1540,UPI,34,4.0,5.0
2024-07-11 00:25:00,CNR8804071988,Canceled by Driver,CID162339,Mini,Kengeri,Majestic,,,Not Applicable,Customer related issue,Not Applicable,Not Applicable,134,Not Applicable,0,,
2024-07-09 12:54:00,CNR1890242639,Success,CID610900,Bike,Mysore Road,Basavanagudi,35.0,130.0,Not Applicable,Not Applicable,No,Not Applicable,967,Cash,13,3.2,3.2
2024-07-15 05:39:00,CNR8450215668,Canceled by Driver,CID308218,eBike,Peenya,Rajarajeshwari Nagar,,,Not Applicable,Customer related issue,Not Applicable,Not Applicable,128,Not Applicable,0,,
2024-07-25 14:15:00,CNR8200224542,Success,CID419973,Auto,KR Puram,Richmond Town,140.0,65.0,Not Applicable,Not Applicable,No,Not Applicable,401,Cash,3,4.3,4.7
2024-07-14 03:34:00,CNR4631868040,Success,CID303400,Prime SUV,Rajajinagar,Sarjapur Road,161.0,90.0,Not Applicable,Not Applicable,Yes,Customer Demand,745,UPI,45,3.3,4.3
2024-07-12 10:08:00,CNR1068139772,Success,CID131263,Prime SUV,BTM Layout,Vijayanagar,154.0,50.0,Not Applicable,Not Applicable,No,Not Applicable,462,UPI,32,4.6,4.5
2024-07-04 18:05:00,CNR9503089440,Success,CID835894,eBike,Rajajinagar,Sahakar Nagar,112.0,145.0,Not Applicable,Not Applicable,No,Not Applicable,473,Cash,44,4.8,5.0
2024-07-14 04:31:00,CNR2208117082,Success,CID733131,Auto,Kadugodi,Ulsoor,231.0,100.0,Not Applicable,Not Applicable,No,Not Applicable,380,UPI,3,4.0,4.9
2024-07-02 02:25:00,CNR6999791392,Success,CID782510,eBike,Koramangala,Yeshwanthpur,287.0,45.0,Not Applicable,Not Applicable,No,Not Applicable,826,UPI,22,3.0,3.5
2024-07-14 06:31:00,CNR7774597199,Success,CID767121,Prime Sedan,Indiranagar,HSR Layout,182.0,125.0,Not Applicable,Not Applicable,No,Not Applicable,437,UPI,8,4.3,4.4
2024-07-05 13:44:00,CNR9305606163,Success,CID416853,Prime Plus,Chickpet,Indiranagar,126.0,45.0,Not Applicable,Not Applicable,No,Not Applicable,303,Cash,3,3.9,4.6
2024-07-23 13:08:00,CNR3336484143,Success,CID400526,Auto,BTM Layout,Kengeri,105.0,90.0,Not Applicable,Not Applicable,No,Not Applicable,2776,Cash,4,3.2,3.7
2024-07-19 05:24:00,CNR9376220529,Success,CID693985,Auto,Bannerghatta Road,Hulimavu,105.0,65.0,Not Applicable,Not Applicable,No,Not Applicable,433,UPI,11,5.0,4.5
2024-07-20 07:52:00,CNR6621224933,Success,CID872276,Prime SUV,Basavanagudi,Cox Town,252.0,95.0,Not Applicable,Not Applicable,No,Not Applicable,252,Cash,8,4.7,3.4
2024-07-14 06:46:00,CNR6499701890,Success,CID645119,Auto,Ramamurthy Nagar,Malleshwaram,70.0,45.0,Not Applicable,Not Applicable,No,Not Applicable,306,Credit Card,15,3.3,4.2
2024-07-03 12:11:00,CNR7553008775,Canceled by Customer,CID557731,Prime SUV,Magadi Road,Ramamurthy Nagar,,,Driver is not moving towards pickup location,Not Applicable,Not Applicable,Not Applicable,471,Not Applicable,0,,
2024-07-14 23:14:00,CNR3596387542,Canceled by Driver,CID895072,eBike,Magadi Road,Majestic,,,Not Applicable,Personal & Car related issue,Not Applicable,Not Applicable,1580,Not Applicable,0,,
2024-07-24 22:26:00,CNR4755458055,Success,CID387305,Prime SUV,Sahakar Nagar,Majestic,63.0,50.0,Not Applicable,Not Applicable,No,Not Applicable,995,Credit Card,29,4.4,3.8
2024-07-14 03:41:00,CNR3306873196,Canceled by Customer,CID758779,Prime SUV,Rajarajeshwari Nagar,Rajarajeshwari Nagar,,,AC is Not working,Not Applicable,Not Applicable,Not Applicable,151,Not Applicable,0,,
2024-07-01 05:41:00,CNR2180102543,Driver Not Found,CID833378,Bike,Peenya,Bannerghatta Road,,,Not Applicable,Not Applicable,Not Applicable,Not Applicable,461,Not Applicable,0,,
2024-07-11 01:52:00,CNR5854066014,Success,CID289356,Mini,Indiranagar,Shivajinagar,238.0,35.0,Not Applicable,Not Applicable,No,Not Applicable,458,UPI,41,4.3,4.4
2024-07-01 14:02:00,CNR3953230456,Canceled by Driver,CID221935,Prime Sedan,Electronic City,Langford Town,,,Not Applicable,Personal & Car related issue,Not Applicable,Not Applicable,212,Not Applicable,0,,
2024-07-17 08:59:00,CNR6385890676,Success,CID357310,Prime Sedan,KR Puram,Yelahanka,77.0,50.0,Not Applicable,Not Applicable,No,Not Applicable,487,Debit Card,7,4.7,3.4
2024-07-28 14:16:00,CNR8263468961,Success,CID703225,Mini,Majestic,Yeshwanthpur,189.0,70.0,Not Applicable,Not Applicable,No,Not Applicable,1039,Cash,34,4.7,3.1
2024-07-06 07:18:00,CNR8052864253,Success,CID425681,Mini,Peenya,Kadugodi,259.0,40.0,Not Applicable,Not Applicable,No,Not Applicable,387,UPI,42,3.1,4.1
2024-07-15 14:18:00,CNR8975099806,Canceled by Driver,CID162067,Prime SUV,Kengeri,Kengeri,,,Not Applicable,Customer related issue,Not Applicable,Not Applicable,305,Not Applicable,0,,
2024-07-13 05:30:00,CNR2600124007,Canceled by Driver,CID962322,Mini,Kammanahalli,Yeshwanthpur,,,Not Applicable,Customer related issue,Not Applicable,Not Applicable,898,Not Applicable,0,,
2024-07-24 07:26:00,CNR9465505526,Success,CID990978,Prime Plus,Whitefield,Varthur,196.0,125.0,Not Applicable,Not Applicable,No,Not Applicable,461,UPI,12,4.0,4.1
2024-07-03 22:38:00,CNR2176768534,Canceled by Customer,CID461989,Prime Sedan,Nagarbhavi,Whitefield,,,Change of plans,Not Applicable,Not Applicable,Not Applicable,542,Not Applicable,0,,
2024-07-11 10:22:00,CNR3083619667,Success,CID283090,Prime SUV,Bellandur,Indiranagar,49.0,30.0,Not Applicable,Not Applicable,No,Not Applicable,166,Cash,45,3.1,4.5
2024-07-05 06:52:00,CNR7805428238,Success,CID343923,Prime Plus,Hosur Road,Marathahalli,35.0,25.0,Not Applicable,Not Applicable,No,Not Applicable,303,UPI,29,4.8,3.7
2024-07-01 18:20:00,CNR2556487487,Success,CID801563,Bike,Bannerghatta Road,Magadi Road,42.0,55.0,Not Applicable,Not Applicable,No,Not Applicable,2551,Cash,25,4.6,4.6
2024-07-09 13:26:00,CNR5837473127,Success,CID475793,Prime Sedan,Vijayanagar,Peenya,266.0,65.0,Not Applicable,Not Applicable,No,Not Applicable,261,Cash,36,3.5,4.3
2024-07-12 04:00:00,CNR1636646005,Success,CID310955,Mini,Devanahalli,Nagarbhavi,182.0,85.0,Not Applicable,Not Applicable,No,Not Applicable,327,Cash,12,3.4,4.2
2024-07-30 10:34:00,CNR4738480680,Success,CID697203,eBike,Chickpet,Rajarajeshwari Nagar,49.0,60.0,Not Applicable,Not Applicable,No,Not Applicable,494,UPI,19,4.3,4.8
2024-07-04 21:02:00,CNR5441286228,Success,CID520139,eBike,Marathahalli,Bellandur,161.0,135.0,Not Applicable,Not Applicable,No,Not Applicable,416,UPI,7,4.1,4.7
2024-07-26 14:53:00,CNR3178443361,Success,CID459338,Bike,Majestic,Banashankari,63.0,90.0,Not Applicable,Not Applicable,No,Not Applicable,212,Cash,13,4.6,4.9
2024-07-11 19:04:00,CNR3840731128,Success,CID139655,Prime Sedan,Yelahanka,Tumkur Road,91.0,95.0,Not Applicable,Not Applicable,No,Not Applicable,415,Cash,23,4.0,4.5
2024-07-19 05:52:00,CNR4894841049,Success,CID496973,Mini,Varthur,Malleshwaram,224.0,100.0,Not Applicable,Not Applicable,No,Not Applicable,642,UPI,17,3.5,3.5
2024-07-28 12:00:00,CNR9005318604,Success,CID673999,Bike,KR Puram,Rajarajeshwari Nagar,112.0,65.0,Not Applicable,Not Applicable,No,Not Applicable,352,Cash,33,3.3,3.6
2024-07-28 09:25:00,CNR1096370840,Success,CID379002,Auto,Hosur Road,Basavanagudi,168.0,100.0,Not Applicable,Not Applicable,No,Not Applicable,462,Cash,16,4.2,3.5
2024-07-24 07:16:00,CNR7237929734,Driver Not Found,CID601510,Prime SUV,Basavanagudi,Hennur,,,Not Applicable,Not Applicable,Not Applicable,Not Applicable,682,Not Applicable,0,,
2024-07-09 04:46:00,CNR7061349754,Canceled by Driver,CID701316,Prime SUV,Magadi Road,Hulimavu,,,Not Applicable,Customer related issue,Not Applicable,Not Applicable,133,Not Applicable,0,,
2024-07-21 06:18:00,CNR4984331769,Success,CID372919,eBike,Hosur Road,Richmond Town,77.0,105.0,Not Applicable,Not Applicable,No,Not Applicable,461,Cash,10,4.5,3.0
2024-07-30 10:47:00,CNR5931465376,Success,CID766265,Prime Plus,Rajarajeshwari Nagar,Langford Town,133.0,80.0,Not Applicable,Not Applicable,No,Not Applicable,357,Cash,41,4.3,3.7
2024-07-13 07:48:00,CNR9294372766,Driver Not Found,CID284434,eBike,Koramangala,Mysore Road,,,Not Applicable,Not Applicable,Not Applicable,Not Applicable,2367,Not Applicable,0,,
2024-07-28 13:06:00,CNR4385248285,Success,CID917444,Prime Sedan,BTM Layout,Marathahalli,182.0,30.0,Not Applicable,Not Applicable,No,Not Applicable,352,Cash,44,3.5,3.8
2024-07-12 10:43:00,CNR5409746260,Success,CID857915,Bike,MG Road,Peenya,112.0,35.0,Not Applicable,Not Applicable,No,Not Applicable,835,Cash,41,4.7,4.8
2024-07-30 18:00:00,CNR7241648491,Canceled by Driver,CID331101,Prime Plus,Chickpet,Nagarbhavi,,,Not Applicable,Personal & Car related issue,Not Applicable,Not Applicable,443,Not Applicable,0,,
2024-07-20 15:48:00,CNR2121933966,Success,CID999269,Prime Sedan,Varthur,Kadugodi,63.0,130.0,Not Applicable,Not Applicable,No,Not Applicable,468,Cash,30,4.3,4.2
2024-07-09 17:06:00,CNR1978894009,Success,CID300758,Bike,Chickpet,KR Puram,49.0,135.0,Not Applicable,Not Applicable,No,Not Applicable,2404,Cash,45,4.2,3.6
2024-07-13 13:32:00,CNR6110484261,Canceled by Customer,CID855516,eBike,Indiranagar,Sarjapur Road,,,Wrong Address,Not Applicable,Not Applicable,Not Applicable,184,Not Applicable,0,,
2024-07-30 12:54:00,CNR7669331880,Driver Not Found,CID345983,eBike,Kengeri,Hennur,,,Not Applicable,Not Applicable,Not Applicable,Not Applicable,188,Not Applicable,0,,
2024-07-30 00:18:00,CNR5832977920,Success,CID737773,Prime Plus,Padmanabhanagar,Yelahanka,231.0,25.0,Not Applicable,Not Applicable,No,Not Applicable,326,Cash,12,4.4,5.0
2024-07-02 11:45:00,CNR2306469525,Success,CID748888,Mini,Bellandur,Magadi Road,182.0,40.0,Not Applicable,Not Applicable,No,Not Applicable,473,Cash,17,3.8,4.6
2024-07-20 03:28:00,CNR2052322447,Success,CID881404,Mini,Shantinagar,MG Road,35.0,140.0,Not Applicable,Not Applicable,Yes,Customer Demand,413,UPI,45,4.2,4.6
2024-07-29 13:21:00,CNR3315512346,Canceled by Driver,CID423176,eBike,Hebbal,Mysore Road,,,Not Applicable,Customer related issue,Not Applicable,Not Applicable,2023,Not Applicable,0,,
2024-07-07 22:17:00,CNR1753020750,Success,CID653016,eBike,Hosur Road,Devanahalli,294.0,120.0,Not Applicable,Not Applicable,No,Not Applicable,201,Cash,7,3.6,4.8
2024-07-04 17:45:00,CNR1077366745,Success,CID656022,Prime Sedan,Sahakar Nagar,Frazer Town,308.0,40.0,Not Applicable,Not Applicable,No,Not Applicable,587,Cash,31,4.3,4.6
2024-07-25 12:11:00,CNR7182336462,Success,CID812557,Prime Plus,Bannerghatta Road,Marathahalli,105.0,125.0,Not Applicable,Not Applicable,No,Not Applicable,921,Cash,19,3.2,3.6
2024-07-11 00:54:00,CNR5192964657,Success,CID970133,Prime Sedan,Ulsoor,Varthur,217.0,30.0,Not Applicable,Not Applicable,No,Not Applicable,268,Credit Card,19,3.7,4.8
2024-07-20 09:01:00,CNR8515867046,Success,CID930280,eBike,Bannerghatta Road,JP Nagar,287.0,100.0,Not Applicable,Not Applicable,Yes,Vehicle Breakdown,1105,Cash,15,3.9,4.4
2024-07-13 07:26:00,CNR3569707889,Success,CID685764,eBike,Tumkur Road,KR Puram,49.0,30.0,Not Applicable,Not Applicable,No,Not Applicable,2757,Credit Card,26,4.1,4.9
2024-07-23 13:47:00,CNR9377899921,Success,CID732631,Prime SUV,Kadugodi,Yelahanka,189.0,140.0,Not Applicable,Not Applicable,No,Not Applicable,231,UPI,33,4.5,3.0
2024-07-04 19:29:00,CNR2028958481,Success,CID126891,Auto,Malleshwaram,Richmond Town,77.0,110.0,Not Applicable,Not Applicable,No,Not Applicable,774,Cash,3,4.1,3.8
2024-07-12 03:04:00,CNR5836708700,Success,CID808614,Bike,Rajajinagar,Yeshwanthpur,224.0,105.0,Not Applicable,Not Applicable,No,Not Applicable,739,Cash,41,3.4,4.1
2024-07-16 04:52:00,CNR4637481990,Success,CID635974,eBike,Jayanagar,Kammanahalli,161.0,145.0,Not Applicable,Not Applicable,No,Not Applicable,883,Cash,49,4.8,4.3
2024-07-09 10:53:00,CNR3912671807,Success,CID935064,Prime Plus,Padmanabhanagar,Bellandur,273.0,90.0,Not Applicable,Not Applicable,No,Not Applicable,192,UPI,47,4.8,3.4
2024-07-02 18:14:00,CNR9321558452,Success,CID676216,Prime Sedan,Hulimavu,Bannerghatta Road,266.0,55.0,Not Applicable,Not Applicable,No,Not Applicable,222,UPI,45,4.5,3.3
2024-07-03 15:26:00,CNR5511103528,Canceled by Driver,CID436708,Prime Sedan,Nagarbhavi,Shivajinagar,,,Not Applicable,Personal & Car related issue,Not Applicable,Not Applicable,355,Not Applicable,0,,
2024-07-23 16:49:00,CNR6447731062,Success,CID724233,Mini,Yelahanka,HSR Layout,266.0,60.0,Not Applicable,Not Applicable,No,Not Applicable,130,UPI,42,4.5,3.0
2024-07-19 21:56:00,CNR8604575752,Success,CID565607,Auto,Ulsoor,Hosur Road,189.0,125.0,Not Applicable,Not Applicable,No,Not Applicable,312,Cash,6,3.2,4.0
2024-07-17 02:58:00,CNR5841820969,Success,CID942327,Bike,Kengeri,Basavanagudi,112.0,110.0,Not Applicable,Not Applicable,No,Not Applicable,474,Cash,5,3.8,4.7
2024-07-03 03:51:00,CNR3880708143,Success,CID761004,Prime Plus,Sahakar Nagar,MG Road,259.0,65.0,Not Applicable,Not Applicable,No,Not Applicable,345,Cash,5,4.6,3.1
2024-07-14 11:38:00,CNR3198704159,Success,CID477850,Prime Sedan,Jayanagar,Rajajinagar,49.0,70.0,Not Applicable,Not Applicable,No,Not Applicable,387,Cash,16,4.0,3.1
2024-07-01 04:16:00,CNR1864252861,Success,CID119260,Bike,Shantinagar,Hennur,266.0,45.0,Not Applicable,Not Applicable,No,Not Applicable,333,Cash,1,4.7,3.9
2024-07-30 05:50:00,CNR6766925996,Canceled by Driver,CID367544,Prime Plus,Bellandur,Shivajinagar,,,Not Applicable,More than permitted people in there,Not Applicable,Not Applicable,130,Not Applicable,0,,
2024-07-24 08:09:00,CNR7086111076,Driver Not Found,CID429556,Mini,BTM Layout,RT Nagar,,,Not Applicable,Not Applicable,Not Applicable,Not Applicable,451,Not Applicable,0,,
2024-07-27 03:26:00,CNR3754204347,Success,CID531533,Auto,Nagarbhavi,Chickpet,210.0,140.0,Not Applicable,Not Applicable,No,Not Applicable,196,UPI,6,4.5,4.4
2024-07-18 20:38:00,CNR4246947557,Success,CID186941,Bike,Jayanagar,Indiranagar,196.0,55.0,Not Applicable,Not Applicable,No,Not Applicable,480,UPI,28,3.2,4.0
2024-07-01 16:11:00,CNR8161174632,Success,CID531695,Mini,Peenya,Rajajinagar,126.0,95.0,Not Applicable,Not Applicable,No,Not Applicable,475,UPI,1,4.6,4.4
2024-07-16 06:34:00,CNR5688414513,Success,CID959972,eBike,Cox Town,Tumkur Road,49.0,85.0,Not Applicable,Not Applicable,No,Not Applicable,394,Cash,32,3.3,5.0
2024-07-18 22:02:00,CNR7662448540,Success,CID284085,Prime Plus,Whitefield,HSR Layout,203.0,55.0,Not Applicable,Not Applicable,No,Not Applicable,410,Cash,18,4.7,4.3
2024-07-26 05:48:00,CNR5856110042,Success,CID120391,Mini,Sahakar Nagar,Malleshwaram,126.0,55.0,Not Applicable,Not Applicable,No,Not Applicable,2478,UPI,5,3.6,4.3
2024-07-30 07:06:00,CNR9484091266,Canceled by Customer,CID463787,Prime SUV,Ulsoor,Jayanagar,,,Driver is not moving towards pickup location,Not Applicable,Not Applicable,Not Applicable,278,Not Applicable,0,,
2024-07-29 22:45:00,CNR4678688591,Canceled by Driver,CID511101,Mini,Koramangala,HSR Layout,,,Not Applicable,Personal & Car related issue,Not Applicable,Not Applicable,187,Not Applicable,0,,
2024-07-17 23:04:00,CNR3131109842,Success,CID293522,Bike,Ramamurthy Nagar,Frazer Town,168.0,70.0,Not Applicable,Not Applicable,No,Not Applicable,102,Cash,12,4.3,4.7
2024-07-14 23:17:00,CNR2805177142,Success,CID792102,Prime Plus,Ulsoor,RT Nagar,287.0,105.0,Not Applicable,Not Applicable,No,Not Applicable,282,Cash,24,3.7,4.8
2024-07-13 10:59:00,CNR1844963740,Canceled by Driver,CID491740,Prime SUV,Frazer Town,JP Nagar,,,Not Applicable,More than permitted people in there,Not Applicable,Not Applicable,350,Not Applicable,0,,
2024-07-06 16:14:00,CNR9390568610,Success,CID126703,Mini,Bellandur,Cox Town,252.0,90.0,Not Applicable,Not Applicable,No,Not Applicable,128,UPI,45,4.5,3.4
2024-07-15 14:42:00,CNR7904707237,Success,CID586246,Prime Plus,Indiranagar,Padmanabhanagar,196.0,140.0,Not Applicable,Not Applicable,No,Not Applicable,2285,Debit Card,43,4.7,4.4
2024-07-05 08:51:00,CNR7413317334,Success,CID964794,Prime Plus,Peenya,Basavanagudi,91.0,145.0,Not Applicable,Not Applicable,No,Not Applicable,469,Cash,44,3.5,3.5
2024-07-02 22:33:00,CNR8802597897,Canceled by Driver,CID227645,Auto,Richmond Town,Hennur,,,Not Applicable,Personal & Car related issue,Not Applicable,Not Applicable,208,Not Applicable,0,,
2024-07-15 23:00:00,CNR7991524598,Driver Not Found,CID890225,Bike,Nagarbhavi,Rajajinagar,,,Not Applicable,Not Applicable,Not Applicable,Not Applicable,355,Not Applicable,0,,
2024-07-23 07:56:00,CNR5236676007,Success,CID495329,Prime Plus,Nagarbhavi,Frazer Town,210.0,70.0,Not Applicable,Not Applicable,Yes,Customer Demand,1393,UPI,21,3.3,3.4
2024-07-13 07:42:00,CNR4674705744,Success,CID867884,Prime Plus,Hosur Road,Yeshwanthpur,224.0,50.0,Not Applicable,Not Applicable,No,Not Applicable,685,Cash,48,4.7,3.3
2024-07-25 05:50:00,CNR1858078997,Canceled by Customer,CID979114,eBike,Bannerghatta Road,Bannerghatta Road,,,Driver asked to cancel,Not Applicable,Not Applicable,Not Applicable,487,Not Applicable,0,,
2024-07-03 04:28:00,CNR4276157526,Success,CID754351,Mini,Koramangala,Vijayanagar,49.0,105.0,Not Applicable,Not Applicable,No,Not Applicable,2182,Cash,25,3.9,3.4
2024-07-18 23:54:00,CNR9977828242,Canceled by Driver,CID390230,Prime SUV,Cox Town,JP Nagar,,,Not Applicable,Customer related issue,Not Applicable,Not Applicable,296,Not Applicable,0,,
2024-07-09 06:57:00,CNR7338664984,Driver Not Found,CID143481,eBike,Jayanagar,Malleshwaram,,,Not Applicable,Not Applicable,Not Applicable,Not Applicable,1633,Not Applicable,0,,
2024-07-26 23:11:00,CNR6718770930,Success,CID241217,Prime SUV,Richmond Town,KR Puram,238.0,35.0,Not Applicable,Not Applicable,No,Not Applicable,367,Cash,3,3.4,3.2
2024-07-09 06:40:00,CNR3018021203,Success,CID182714,Bike,Malleshwaram,Kadugodi,301.0,130.0,Not Applicable,Not Applicable,No,Not Applicable,516,Cash,10,3.5,4.8
2024-07-06 15:20:00,CNR5914364058,Success,CID871537,Prime Plus,Chickpet,Kammanahalli,154.0,50.0,Not Applicable,Not Applicable,No,Not Applicable,412,UPI,41,3.8,3.8
2024-07-22 23:02:00,CNR2905611792,Success,CID157605,Prime SUV,KR Puram,Hebbal,98.0,110.0,Not Applicable,Not Applicable,No,Not Applicable,425,Cash,45,4.5,4.1
2024-07-20 22:30:00,CNR2752022802,Success,CID466629,Prime SUV,Mysore Road,Jayanagar,203.0,115.0,Not Applicable,Not Applicable,No,Not Applicable,300,Cash,34,3.3,4.3
2024-07-27 22:38:00,CNR8380177099,Success,CID494616,Prime Sedan,Malleshwaram,Rajajinagar,210.0,135.0,Not Applicable,Not Applicable,No,Not Applicable,413,UPI,6,4.3,3.0
2024-07-02 02:29:00,CNR8827058904,Driver Not Found,CID812623,Prime SUV,Ramamurthy Nagar,Jayanagar,,,Not Applicable,Not Applicable,Not Applicable,Not Applicable,118,Not Applicable,0,,
2024-07-13 22:32:00,CNR9648141924,Driver Not Found,CID427470,Mini,Yelahanka,Basavanagudi,,,Not Applicable,Not Applicable,Not Applicable,Not Applicable,2209,Not Applicable,0,,
2024-07-09 14:43:00,CNR7969445458,Success,CID583510,Prime Sedan,Varthur,Hennur,56.0,145.0,Not Applicable,Not Applicable,No,Not Applicable,496,UPI,23,4.2,3.7
2024-07-07 00:36:00,CNR4902494278,Success,CID713610,Auto,Rajajinagar,Padmanabhanagar,35.0,65.0,Not Applicable,Not Applicable,No,Not Applicable,418,Cash,9,4.7,3.5
2024-07-08 14:09:00,CNR4510847509,Success,CID116348,Prime Sedan,Chamarajpet,RT Nagar,301.0,40.0,Not Applicable,Not Applicable,No,Not Applicable,249,Cash,11,3.0,3.8
2024-07-01 20:00:00,CNR8446523842,Success,CID909990,Auto,Frazer Town,Banashankari,42.0,145.0,Not Applicable,Not Applicable,No,Not Applicable,187,UPI,13,3.2,4.2
2024-07-26 07:29:00,CNR6594612414,Canceled by Customer,CID429001,Prime Plus,Frazer Town,Padmanabhanagar,,,Driver asked to cancel,Not Applicable,Not Applicable,Not Applicable,472,Not Applicable,0,,
2024-07-19 18:52:00,CNR9549990306,Canceled by Driver,CID980850,Prime Plus,Rajajinagar,MG Road,,,Not Applicable,Personal & Car related issue,Not Applicable,Not Applicable,380,Not Applicable,0,,
2024-07-21 22:59:00,CNR9859366908,Canceled by Customer,CID968050,Mini,Frazer Town,Koramangala,,,Change of plans,Not Applicable,Not Applicable,Not Applicable,385,Not Applicable,0,,
2024-07-28 19:03:00,CNR1202393049,Canceled by Driver,CID356172,Mini,RT Nagar,Malleshwaram,,,Not Applicable,Customer was coughing/sick,Not Applicable,Not Applicable,398,Not Applicable,0,,
2024-07-19 08:43:00,CNR6397818813,Success,CID971305,Prime Plus,Kengeri,MG Road,133.0,30.0,Not Applicable,Not Applicable,No,Not Applicable,465,Cash,27,3.6,4.7
2024-07-01 18:09:00,CNR2577420864,Success,CID115782,Prime Sedan,Malleshwaram,Jayanagar,182.0,95.0,Not Applicable,Not Applicable,No,Not Applicable,1955,UPI,3,4.0,3.1
2024-07-06 17:24:00,CNR9051910453,Success,CID497106,Prime SUV,Padmanabhanagar,Ramamurthy Nagar,252.0,145.0,Not Applicable,Not Applicable,No,Not Applicable,283,UPI,9,3.3,4.9
2024-07-29 23:52:00,CNR1495280546,Success,CID639904,Mini,JP Nagar,Shantinagar,182.0,115.0,Not Applicable,Not Applicable,No,Not Applicable,464,Cash,6,3.7,3.8
2024-07-12 20:24:00,CNR4737678597,Canceled by Customer,CID412718,Auto,Bannerghatta Road,Devanahalli,,,Change of plans,Not Applicable,Not Applicable,Not Applicable,153,Not Applicable,0,,
2024-07-19 01:15:00,CNR1445991959,Canceled by Driver,CID562351,Prime Sedan,Kammanahalli,Chickpet,,,Not Applicable,Customer related issue,Not Applicable,Not Applicable,454,Not Applicable,0,,
2024-07-13 22:23:00,CNR6681649893,Success,CID170612,Prime Plus,Yeshwanthpur,Varthur,224.0,25.0,Not Applicable,Not Applicable,No,Not Applicable,275,UPI,47,3.1,3.8
2024-07-26 05:11:00,CNR6207183373,Success,CID345155,Prime Plus,Langford Town,Magadi Road,196.0,110.0,Not Applicable,Not Applicable,No,Not Applicable,245,Credit Card,43,4.2,3.4
2024-07-15 17:24:00,CNR9479914169,Success,CID142163,Bike,Basavanagudi,MG Road,91.0,85.0,Not Applicable,Not Applicable,Yes,Other Issue,825,Cash,44,4.6,3.3
2024-07-19 22:12:00,CNR7996623571,Driver Not Found,CID412667,eBike,HSR Layout,RT Nagar,,,Not Applicable,Not Applicable,Not Applicable,Not Applicable,191,Not Applicable,0,,
2024-07-03 19:15:00,CNR7510336515,Success,CID470732,Prime Sedan,Malleshwaram,Electronic City,168.0,105.0,Not Applicable,Not Applicable,No,Not Applicable,504,Cash,2,4.1,5.0
2024-07-26 10:06:00,CNR8364964619,Canceled by Customer,CID169262,Mini,Vijayanagar,Chamarajpet,,,Driver is not moving towards pickup location,Not Applicable,Not Applicable,Not Applicable,166,Not Applicable,0,,
2024-07-20 20:54:00,CNR9530405607,Canceled by Customer,CID776533,Prime Plus,Banashankari,Bellandur,,,Driver is not moving towards pickup location,Not Applicable,Not Applicable,Not Applicable,146,Not Applicable,0,,
2024-07-24 08:57:00,CNR3558974595,Success,CID245923,Prime Sedan,Malleshwaram,Peenya,84.0,105.0,Not Applicable,Not Applicable,No,Not Applicable,1653,Cash,13,3.4,5.0
2024-07-11 19:45:00,CNR6285159350,Canceled by Customer,CID355954,Prime Plus,Sahakar Nagar,Nagarbhavi,,,Driver is not moving towards pickup location,Not Applicable,Not Applicable,Not Applicable,2452,Not Applicable,0,,
2024-07-15 13:51:00,CNR4557545710,Canceled by Driver,CID825632,Mini,RT Nagar,Hebbal,,,Not Applicable,Customer was coughing/sick,Not Applicable,Not Applicable,172,Not Applicable,0,,
2024-07-11 18:30:00,CNR9434747565,Success,CID296662,Bike,Shivajinagar,Rajarajeshwari Nagar,217.0,55.0,Not Applicable,Not Applicable,No,Not Applicable,226,Cash,11,4.1,3.7
2024-07-12 06:58:00,CNR5247866008,Success,CID803500,Mini,Koramangala,MG Road,140.0,60.0,Not Applicable,Not Applicable,No,Not Applicable,773,Cash,18,4.1,3.1
2024-07-25 16:03:00,CNR5192255623,Success,CID996701,Prime Plus,Sarjapur Road,Vijayanagar,189.0,40.0,Not Applicable,Not Applicable,No,Not Applicable,667,UPI,8,3.5,4.1
2024-07-12 16:17:00,CNR6538295352,Success,CID211855,Prime Plus,Jayanagar,Shivajinagar,252.0,65.0,Not Applicable,Not Applicable,No,Not Applicable,329,Cash,7,4.7,3.7
2024-07-16 03:53:00,CNR9046350387,Success,CID470194,Mini,Frazer Town,Magadi Road,133.0,85.0,Not Applicable,Not Applicable,No,Not Applicable,355,UPI,31,3.2,4.7
2024-07-06 19:55:00,CNR3360956798,Canceled by Driver,CID423728,Mini,Chamarajpet,Devanahalli,,,Not Applicable,Personal & Car related issue,Not Applicable,Not Applicable,177,Not Applicable,0,,
2024-07-05 23:24:00,CNR7750326266,Success,CID386857,Prime Plus,Hulimavu,Padmanabhanagar,42.0,50.0,Not Applicable,Not Applicable,No,Not Applicable,796,UPI,14,3.8,3.4
2024-07-10 14:44:00,CNR1711429635,Canceled by Customer,CID962071,Auto,Vijayanagar,Koramangala,,,Driver is not moving towards pickup location,Not Applicable,Not Applicable,Not Applicable,265,Not Applicable,0,,
2024-07-14 14:06:00,CNR6346416975,Canceled by Customer,CID573790,Prime Sedan,Langford Town,Bellandur,,,Driver asked to cancel,Not Applicable,Not Applicable,Not Applicable,426,Not Applicable,0,,
2024-07-15 18:53:00,CNR6438865963,Canceled by Driver,CID225851,Prime Sedan,Hulimavu,Padmanabhanagar,,,Not Applicable,Customer was coughing/sick,Not Applicable,Not Applicable,766,Not Applicable,0,,
2024-07-21 21:27:00,CNR2620435040,Success,CID798764,Prime Sedan,Kammanahalli,Peenya,35.0,65.0,Not Applicable,Not Applicable,No,Not Applicable,2621,UPI,29,3.3,4.0
2024-07-15 01:45:00,CNR3439981594,Success,CID392675,Prime SUV,Majestic,Magadi Road,112.0,130.0,Not Applicable,Not Applicable,No,Not Applicable,2397,Cash,31,4.9,3.7
2024-07-30 00:50:00,CNR9461194355,Success,CID157933,Prime Sedan,Hosur Road,Yeshwanthpur,77.0,65.0,Not Applicable,Not Applicable,No,Not Applicable,470,Cash,34,4.9,3.0
2024-07-06 18:28:00,CNR9806356149,Canceled by Customer,CID146487,Prime Plus,Richmond Town,Electronic City,,,Driver is not moving towards pickup location,Not Applicable,Not Applicable,Not Applicable,422,Not Applicable,0,,
2024-07-05 07:31:00,CNR4862018041,Success,CID126425,Prime Sedan,Indiranagar,Malleshwaram,224.0,50.0,Not Applicable,Not Applicable,No,Not Applicable,639,Cash,41,4.6,5.0
2024-07-29 08:12:00,CNR3637361789,Success,CID690803,Prime Plus,Malleshwaram,Kadugodi,280.0,35.0,Not Applicable,Not Applicable,No,Not Applicable,210,Cash,18,3.7,3.2
2024-07-30 20:48:00,CNR4272333458,Success,CID184516,Prime Plus,Chickpet,Kammanahalli,245.0,100.0,Not Applicable,Not Applicable,No,Not Applicable,709,Cash,14,4.6,4.6
2024-07-12 15:57:00,CNR3094048959,Success,CID899520,Prime SUV,Mysore Road,Jayanagar,294.0,90.0,Not Applicable,Not Applicable,No,Not Applicable,125,Cash,21,3.2,3.4
2024-07-08 01:13:00,CNR8192419975,Success,CID344488,Prime Plus,Majestic,Frazer Town,231.0,120.0,Not Applicable,Not Applicable,No,Not Applicable,934,Cash,18,4.8,3.0
2024-07-07 16:42:00,CNR5840376967,Success,CID525245,Prime Plus,Rajarajeshwari Nagar,Hosur Road,252.0,65.0,Not Applicable,Not Applicable,No,Not Applicable,436,Cash,26,3.6,3.7
2024-07-05 20:55:00,CNR2767540469,Success,CID501848,eBike,Sarjapur Road,Langford Town,238.0,145.0,Not Applicable,Not Applicable,Yes,Vehicle Breakdown,381,Cash,45,4.1,4.8
2024-07-26 01:17:00,CNR7950942198,Canceled by Driver,CID300460,Prime Sedan,Cox Town,Sahakar Nagar,,,Not Applicable,Personal & Car related issue,Not Applicable,Not Applicable,410,Not Applicable,0,,
2024-07-26 12:17:00,CNR5449790552,Canceled by Driver,CID847012,Prime SUV,Chamarajpet,Malleshwaram,,,Not Applicable,More than permitted people in there,Not Applicable,Not Applicable,479,Not Applicable,0,,
2024-07-07 02:47:00,CNR6375061997,Driver Not Found,CID651283,Bike,Sarjapur Road,Varthur,,,Not Applicable,Not Applicable,Not Applicable,Not Applicable,693,Not Applicable,0,,
2024-07-12 08:16:00,CNR1709142462,Success,CID997267,Prime SUV,Magadi Road,Chamarajpet,203.0,80.0,Not Applicable,Not Applicable,No,Not Applicable,718,Cash,4,3.4,3.8
2024-07-04 09:29:00,CNR9358554241,Success,CID203749,Mini,Ulsoor,Chamarajpet,112.0,80.0,Not Applicable,Not Applicable,No,Not Applicable,364,UPI,31,3.2,4.0
2024-07-18 10:11:00,CNR8715421192,Success,CID262580,eBike,Chamarajpet,Hosur Road,266.0,145.0,Not Applicable,Not Applicable,No,Not Applicable,339,UPI,35,4.0,3.3
2024-07-22 15:46:00,CNR1549236256,Success,CID633169,Auto,Magadi Road,Malleshwaram,105.0,135.0,Not Applicable,Not Applicable,No,Not Applicable,644,UPI,4,4.3,3.6
2024-07-08 16:48:00,CNR5667635629,Success,CID292831,Mini,Majestic,Electronic City,189.0,145.0,Not Applicable,Not Applicable,No,Not Applicable,198,Cash,35,3.2,4.2
2024-07-02 06:10:00,CNR9311153571,Canceled by Customer,CID162669,Bike,Hebbal,Kengeri,,,Driver is not moving towards pickup location,Not Applicable,Not Applicable,Not Applicable,241,Not Applicable,0,,
2024-07-22 10:13:00,CNR8287801296,Success,CID565601,Mini,Bannerghatta Road,Bannerghatta Road,112.0,90.0,Not Applicable,Not Applicable,No,Not Applicable,254,Credit Card,25,3.7,3.8
2024-07-23 21:51:00,CNR3766347941,Canceled by Driver,CID366908,Prime Plus,Indiranagar,MG Road,,,Not Applicable,Customer related issue,Not Applicable,Not Applicable,280,Not Applicable,0,,
2024-07-04 18:43:00,CNR1131974200,Success,CID913225,Prime Plus,Hennur,Marathahalli,70.0,35.0,Not Applicable,Not Applicable,No,Not Applicable,500,UPI,8,4.2,4.3
2024-07-15 15:34:00,CNR1689295262,Success,CID900755,Prime Sedan,Sahakar Nagar,JP Nagar,98.0,50.0,Not Applicable,Not Applicable,No,Not Applicable,212,Cash,12,3.5,4.5
2024-07-12 03:22:00,CNR5067862351,Canceled by Customer,CID814785,Auto,Hebbal,Jayanagar,,,Driver is not moving towards pickup location,Not Applicable,Not Applicable,Not Applicable,382,Not Applicable,0,,
2024-07-13 08:15:00,CNR6239090433,Success,CID283239,Prime Plus,Peenya,Kadugodi,147.0,95.0,Not Applicable,Not Applicable,No,Not Applicable,731,UPI,21,3.7,4.9
2024-07-27 14:18:00,CNR9103747384,Success,CID409549,Prime SUV,Bellandur,Devanahalli,182.0,100.0,Not Applicable,Not Applicable,No,Not Applicable,251,Cash,39,4.7,3.3
2024-07-01 16:38:00,CNR5588729017,Success,CID949646,Auto,Padmanabhanagar,RT Nagar,196.0,80.0,Not Applicable,Not Applicable,No,Not Applicable,2054,UPI,18,4.5,5.0
2024-07-08 23:33:00,CNR7581636393,Success,CID752459,Mini,Shantinagar,Basavanagudi,154.0,50.0,Not Applicable,Not Applicable,No,Not Applicable,171,Cash,6,4.7,4.8
2024-07-19 07:27:00,CNR1962525763,Canceled by Customer,CID531289,eBike,Jayanagar,Bellandur,,,AC is Not working,Not Applicable,Not Applicable,Not Applicable,514,Not Applicable,0,,
2024-07-21 05:28:00,CNR6233839953,Success,CID133112,eBike,Ramamurthy Nagar,Hennur,126.0,80.0,Not Applicable,Not Applicable,No,Not Applicable,1295,Cash,9,4.0,3.1
2024-07-09 07:43:00,CNR1301390953,Success,CID746924,Prime SUV,Nagarbhavi,Cox Town,98.0,55.0,Not Applicable,Not Applicable,Yes,Customer Demand,1668,Cash,10,3.1,4.0
2024-07-17 14:00:00,CNR7243766222,Success,CID102701,Auto,Hosur Road,Kadugodi,98.0,135.0,Not Applicable,Not Applicable,No,Not Applicable,350,UPI,3,4.6,3.8
2024-07-29 14:04:00,CNR8016800651,Canceled by Driver,CID903169,eBike,Varthur,Sarjapur Road,,,Not Applicable,Personal & Car related issue,Not Applicable,Not Applicable,345,Not Applicable,0,,
2024-07-19 01:56:00,CNR4540039677,Success,CID327985,Prime SUV,Bellandur,MG Road,231.0,95.0,Not Applicable,Not Applicable,Yes,Customer Demand,410,Cash,15,4.6,3.7
2024-07-30 02:25:00,CNR5135720958,Success,CID605301,Prime SUV,Ramamurthy Nagar,Yeshwanthpur,105.0,30.0,Not Applicable,Not Applicable,No,Not Applicable,1330,Cash,47,4.1,3.3
2024-07-23 08:55:00,CNR1644663109,Canceled by Driver,CID243130,Mini,MG Road,Indiranagar,,,Not Applicable,Customer was coughing/sick,Not Applicable,Not Applicable,334,Not Applicable,0,,
2024-07-12 10:47:00,CNR9317120819,Success,CID729185,Auto,Devanahalli,Nagarbhavi,154.0,80.0,Not Applicable,Not Applicable,No,Not Applicable,400,UPI,6,4.8,3.3
2024-07-01 23:45:00,CNR9508426593,Canceled by Driver,CID341895,Mini,Yeshwanthpur,Kengeri,,,Not Applicable,More than permitted people in there,Not Applicable,Not Applicable,469,Not Applicable,0,,
2024-07-28 08:33:00,CNR5878036687,Success,CID677535,Auto,Kadugodi,Chamarajpet,35.0,115.0,Not Applicable,Not Applicable,No,Not Applicable,908,Cash,14,5.0,4.9
2024-07-10 11:15:00,CNR8767184624,Success,CID254222,Prime Sedan,Langford Town,Magadi Road,98.0,100.0,Not Applicable,Not Applicable,No,Not Applicable,232,UPI,3,4.5,3.2
2024-07-18 05:00:00,CNR3547189742,Success,CID435148,Auto,Kengeri,Richmond Town,119.0,145.0,Not Applicable,Not Applicable,No,Not Applicable,391,Cash,7,3.9,4.5
2024-07-19 06:53:00,CNR5404758037,Success,CID112539,Auto,HSR Layout,Frazer Town,175.0,140.0,Not Applicable,Not Applicable,No,Not Applicable,271,Cash,14,4.9,4.7
2024-07-11 08:52:00,CNR5330096121,Canceled by Customer,CID658060,Mini,Rajajinagar,JP Nagar,,,Driver is not moving towards pickup location,Not Applicable,Not Applicable,Not Applicable,275,Not Applicable,0,,
2024-07-25 06:29:00,CNR9216811264,Canceled by Driver,CID263173,Prime SUV,Majestic,Shivajinagar,,,Not Applicable,Customer related issue,Not Applicable,Not Applicable,749,Not Applicable,0,,
2024-07-18 00:00:00,CNR3981460992,Success,CID892937,Mini,Hosur Road,RT Nagar,91.0,145.0,Not Applicable,Not Applicable,No,Not Applicable,222,UPI,37,3.0,4.2
2024-07-13 11:11:00,CNR9540586624,Canceled by Driver,CID595513,Prime Plus,Rajarajeshwari Nagar,Jayanagar,,,Not Applicable,Customer related issue,Not Applicable,Not Applicable,853,Not Applicable,0,,
2024-07-01 02:39:00,CNR2488298532,Canceled by Customer,CID608283,Mini,Devanahalli,Kadugodi,,,Driver asked to cancel,Not Applicable,Not Applicable,Not Applicable,419,Not Applicable,0,,
2024-07-16 02:49:00,CNR2987826597,Canceled by Customer,CID330567,Prime Plus,Kammanahalli,Sahakar Nagar,,,AC is Not working,Not Applicable,Not Applicable,Not Applicable,150,Not Applicable,0,,
2024-07-20 03:47:00,CNR5332027951,Success,CID314821,Prime Sedan,Majestic,Kadugodi,210.0,120.0,Not Applicable,Not Applicable,No,Not Applicable,155,Cash,38,3.1,4.9
2024-07-01 12:54:00,CNR9743295068,Canceled by Driver,CID637932,Auto,Majestic,KR Puram,,,Not Applicable,Customer was coughing/sick,Not Applicable,Not Applicable,939,Not Applicable,0,,
2024-07-18 01:47:00,CNR8793320737,Success,CID729538,Mini,Majestic,MG Road,133.0,115.0,Not Applicable,Not Applicable,No,Not Applicable,209,UPI,19,4.4,4.6
2024-07-15 02:54:00,CNR7301476919,Success,CID730914,Prime Plus,Koramangala,Yelahanka,140.0,70.0,Not Applicable,Not Applicable,No,Not Applicable,237,Cash,4,4.5,4.6
2024-07-11 05:53:00,CNR2785568489,Success,CID730161,Bike,Marathahalli,Cox Town,98.0,125.0,Not Applicable,Not Applicable,No,Not Applicable,240,Cash,15,4.7,4.7
2024-07-28 05:45:00,CNR6505566376,Success,CID319036,Prime SUV,Langford Town,Ulsoor,175.0,45.0,Not Applicable,Not Applicable,No,Not Applicable,275,Cash,45,4.2,4.7
2024-07-02 05:27:00,CNR6720598381,Success,CID857821,Prime SUV,Ulsoor,Kengeri,189.0,55.0,Not Applicable,Not Applicable,No,Not Applicable,791,Cash,17,3.5,4.0
2024-07-21 10:19:00,CNR5477366213,Success,CID619812,Auto,Richmond Town,Magadi Road,217.0,105.0,Not Applicable,Not Applicable,No,Not Applicable,319,UPI,15,5.0,4.5
2024-07-26 05:42:00,CNR4848080719,Success,CID822849,Prime SUV,Rajajinagar,Rajajinagar,105.0,130.0,Not Applicable,Not Applicable,Yes,Vehicle Breakdown,1607,Cash,21,4.9,4.5
2024-07-02 05:53:00,CNR3764118841,Success,CID632681,Mini,Hebbal,Majestic,294.0,135.0,Not Applicable,Not Applicable,No,Not Applicable,413,Cash,32,4.7,3.5
2024-07-27 01:06:00,CNR5840772912,Canceled by Driver,CID919213,eBike,Rajajinagar,Varthur,,,Not Applicable,Customer related issue,Not Applicable,Not Applicable,405,Not Applicable,0,,
2024-07-19 01:26:00,CNR1956677465,Success,CID569111,Bike,Rajajinagar,RT Nagar,231.0,25.0,Not Applicable,Not Applicable,No,Not Applicable,395,Cash,46,4.7,4.2
2024-07-04 11:18:00,CNR1776215646,Success,CID361890,Prime Plus,Chamarajpet,Vijayanagar,287.0,100.0,Not Applicable,Not Applicable,No,Not Applicable,1602,Cash,15,3.5,3.8
2024-07-25 21:47:00,CNR3890600038,Success,CID401584,Mini,Peenya,Shivajinagar,175.0,60.0,Not Applicable,Not Applicable,No,Not Applicable,455,Cash,18,4.9,4.0
2024-07-08 23:31:00,CNR2887395573,Success,CID787128,Prime Sedan,Vijayanagar,RT Nagar,266.0,120.0,Not Applicable,Not Applicable,No,Not Applicable,785,Cash,30,3.0,5.0
2024-07-26 11:39:00,CNR7260759460,Success,CID256900,eBike,Tumkur Road,Kammanahalli,231.0,90.0,Not Applicable,Not Applicable,No,Not Applicable,326,UPI,8,4.4,3.0
2024-07-17 22:05:00,CNR1487310755,Success,CID958432,Auto,Jayanagar,Devanahalli,133.0,55.0,Not Applicable,Not Applicable,No,Not Applicable,599,UPI,16,3.7,4.2
2024-07-07 15:58:00,CNR6232773734,Success,CID552451,Auto,Tumkur Road,Nagarbhavi,182.0,90.0,Not Applicable,Not Applicable,No,Not Applicable,256,UPI,16,4.9,3.0
2024-07-05 11:17:00,CNR1756202973,Success,CID662385,Prime Sedan,Hulimavu,Devanahalli,301.0,35.0,Not Applicable,Not Applicable,Yes,Customer Demand,265,Cash,18,4.9,4.0
2024-07-24 06:59:00,CNR6692669778,Canceled by Customer,CID324591,Prime SUV,Sahakar Nagar,Shivajinagar,,,Driver asked to cancel,Not Applicable,Not Applicable,Not Applicable,413,Not Applicable,0,,
2024-07-29 14:01:00,CNR3897158541,Success,CID219802,Mini,Tumkur Road,Yeshwanthpur,147.0,130.0,Not Applicable,Not Applicable,Yes,Vehicle Breakdown,497,UPI,35,4.2,3.1
2024-07-20 23:05:00,CNR5792214345,Success,CID947322,eBike,Hulimavu,BTM Layout,98.0,80.0,Not Applicable,Not Applicable,No,Not Applicable,307,UPI,3,4.2,4.7
2024-07-27 17:39:00,CNR4731217180,Canceled by Driver,CID990424,eBike,Sahakar Nagar,JP Nagar,,,Not Applicable,Customer was coughing/sick,Not Applicable,Not Applicable,210,Not Applicable,0,,
2024-07-06 06:54:00,CNR4950893693,Success,CID760116,Prime SUV,Chamarajpet,HSR Layout,266.0,135.0,Not Applicable,Not Applicable,No,Not Applicable,1254,UPI,33,3.5,4.1
2024-07-01 12:53:00,CNR1469496068,Success,CID225377,Prime SUV,Mysore Road,MG Road,182.0,90.0,Not Applicable,Not Applicable,No,Not Applicable,2405,UPI,14,3.7,4.9
2024-07-03 21:02:00,CNR6041860980,Canceled by Customer,CID267869,Prime Plus,Jayanagar,Rajajinagar,,,AC is Not working,Not Applicable,Not Applicable,Not Applicable,1837,Not Applicable,0,,
2024-07-04 20:59:00,CNR7588402739,Success,CID908390,Prime Sedan,MG Road,Majestic,301.0,85.0,Not Applicable,Not Applicable,No,Not Applicable,118,Cash,1,3.8,3.5
2024-07-13 08:07:00,CNR4237510981,Success,CID832899,Mini,Electronic City,Chickpet,140.0,30.0,Not Applicable,Not Applicable,No,Not Applicable,487,UPI,23,3.9,3.6
2024-07-28 21:44:00,CNR2348966346,Canceled by Driver,CID445971,Prime SUV,Peenya,Hosur Road,,,Not Applicable,Personal & Car related issue,Not Applicable,Not Applicable,360,Not Applicable,0,,
2024-07-13 13:06:00,CNR3778668261,Success,CID951349,eBike,Malleshwaram,BTM Layout,308.0,145.0,Not Applicable,Not Applicable,No,Not Applicable,225,UPI,36,4.5,4.2
2024-07-07 19:26:00,CNR4173187459,Driver Not Found,CID361323,Prime SUV,Tumkur Road,Chamarajpet,,,Not Applicable,Not Applicable,Not Applicable,Not Applicable,475,Not Applicable,0,,
2024-07-24 00:01:00,CNR4427998514,Driver Not Found,CID961812,Prime Plus,Magadi Road,Peenya,,,Not Applicable,Not Applicable,Not Applicable,Not Applicable,171,Not Applicable,0,,
2024-07-23 20:51:00,CNR2417178263,Canceled by Driver,CID509937,eBike,Chickpet,Sarjapur Road,,,Not Applicable,More than permitted people in there,Not Applicable,Not Applicable,850,Not Applicable,0,,
2024-07-23 13:49:00,CNR5903206177,Canceled by Driver,CID837978,Auto,JP Nagar,Devanahalli,,,Not Applicable,Customer related issue,Not Applicable,Not Applicable,729,Not Applicable,0,,
2024-07-08 12:46:00,CNR5736185977,Canceled by Driver,CID186545,Auto,Sarjapur Road,Tumkur Road,,,Not Applicable,Personal & Car related issue,Not Applicable,Not Applicable,164,Not Applicable,0,,
2024-07-02 03:33:00,CNR2326804576,Canceled by Customer,CID439909,Mini,Varthur,Hulimavu,,,Change of plans,Not Applicable,Not Applicable,Not Applicable,122,Not Applicable,0,,
2024-07-26 12:08:00,CNR7242538192,Canceled by Customer,CID311891,Prime Plus,Peenya,Shantinagar,,,Driver asked to cancel,Not Applicable,Not Applicable,Not Applicable,611,Not Applicable,0,,
2024-07-05 11:51:00,CNR8303253315,Canceled by Driver,CID313755,Prime Plus,Hennur,Kammanahalli,,,Not Applicable,Customer related issue,Not Applicable,Not Applicable,348,Not Applicable,0,,
2024-07-25 23:57:00,CNR2481204257,Success,CID790389,Auto,Bellandur,Kammanahalli,133.0,125.0,Not Applicable,Not Applicable,No,Not Applicable,919,UPI,8,3.2,4.0
2024-07-29 00:42:00,CNR4235028687,Success,CID330528,Prime Plus,Ramamurthy Nagar,Jayanagar,294.0,30.0,Not Applicable,Not Applicable,No,Not Applicable,215,UPI,38,3.8,4.8
2024-07-13 05:53:00,CNR5932645867,Success,CID648331,Prime Plus,Basavanagudi,Indiranagar,161.0,95.0,Not Applicable,Not Applicable,No,Not Applicable,220,Cash,43,4.2,4.4
2024-07-06 09:25:00,CNR4620006183,Success,CID839274,Prime SUV,Kadugodi,Sahakar Nagar,301.0,50.0,Not Applicable,Not Applicable,No,Not Applicable,966,Cash,47,4.1,3.8
2024-07-17 16:47:00,CNR9727232896,Driver Not Found,CID375036,Prime SUV,Hosur Road,Chamarajpet,,,Not Applicable,Not Applicable,Not Applicable,Not Applicable,106,Not Applicable,0,,
2024-07-21 17:52:00,CNR3878204772,Canceled by Driver,CID253781,eBike,Bellandur,Langford Town,,,Not Applicable,Personal & Car related issue,Not Applicable,Not Applicable,140,Not Applicable,0,,
2024-07-22 22:34:00,CNR4123083728,Canceled by Driver,CID150381,Bike,Kadugodi,Rajarajeshwari Nagar,,,Not Applicable,Personal & Car related issue,Not Applicable,Not Applicable,337,Not Applicable,0,,
2024-07-20 14:34:00,CNR4266839431,Driver Not Found,CID702925,Mini,Banashankari,MG Road,,,Not Applicable,Not Applicable,Not Applicable,Not Applicable,221,Not Applicable,0,,
2024-07-19 07:55:00,CNR2695903781,Success,CID295555,Prime Sedan,Hennur,Nagarbhavi,35.0,85.0,Not Applicable,Not Applicable,No,Not Applicable,137,UPI,24,4.3,4.2
2024-07-02 18:26:00,CNR6714047926,Success,CID130926,Auto,Yelahanka,Shivajinagar,203.0,110.0,Not Applicable,Not Applicable,No,Not Applicable,2358,Cash,1,3.3,4.3
2024-07-04 08:37:00,CNR4440124184,Success,CID659499,Prime Sedan,Basavanagudi,KR Puram,273.0,95.0,Not Applicable,Not Applicable,No,Not Applicable,188,UPI,20,3.2,4.3
2024-07-17 11:24:00,CNR7897799934,Success,CID394077,Prime Sedan,Shantinagar,Sahakar Nagar,154.0,90.0,Not Applicable,Not Applicable,No,Not Applicable,390,UPI,16,3.5,3.9
2024-07-09 13:27:00,CNR4434892788,Success,CID288669,Prime Sedan,Rajarajeshwari Nagar,Cox Town,252.0,120.0,Not Applicable,Not Applicable,No,Not Applicable,403,UPI,27,5.0,4.5
2024-07-07 02:48:00,CNR6115462427,Canceled by Driver,CID304010,Mini,Chickpet,Koramangala,,,Not Applicable,Customer was coughing/sick,Not Applicable,Not Applicable,700,Not Applicable,0,,
2024-07-05 02:32:00,CNR2859966416,Success,CID776129,eBike,Sarjapur Road,Sahakar Nagar,175.0,140.0,Not Applicable,Not Applicable,No,Not Applicable,777,Cash,38,3.3,4.9
2024-07-04 21:09:00,CNR8069969269,Success,CID125973,Auto,Richmond Town,Cox Town,280.0,60.0,Not Applicable,Not Applicable,No,Not Applicable,302,Cash,2,3.8,4.2
2024-07-23 13:10:00,CNR1612055630,Success,CID830693,Bike,Kengeri,Bannerghatta Road,245.0,140.0,Not Applicable,Not Applicable,No,Not Applicable,495,Cash,10,4.0,3.9
2024-07-29 20:22:00,CNR4449126759,Success,CID848062,Prime Sedan,Rajajinagar,Chickpet,63.0,145.0,Not Applicable,Not Applicable,No,Not Applicable,582,UPI,10,4.0,3.8
2024-07-27 09:47:00,CNR1832066904,Success,CID946562,Auto,Langford Town,HSR Layout,189.0,30.0,Not Applicable,Not Applicable,No,Not Applicable,937,UPI,18,4.2,4.5
2024-07-20 16:31:00,CNR1489979874,Canceled by Customer,CID442120,Prime Sedan,Magadi Road,Koramangala,,,Driver asked to cancel,Not Applicable,Not Applicable,Not Applicable,399,Not Applicable,0,,
2024-07-13 16:31:00,CNR1890838525,Success,CID184230,Bike,Ramamurthy Nagar,BTM Layout,147.0,105.0,Not Applicable,Not Applicable,No,Not Applicable,150,UPI,34,4.9,4.9
2024-07-12 22:29:00,CNR4714351848,Success,CID525253,Prime SUV,Yeshwanthpur,KR Puram,245.0,25.0,Not Applicable,Not Applicable,No,Not Applicable,396,UPI,47,3.5,4.6
2024-07-25 01:52:00,CNR5058044296,Success,CID378320,Mini,Sarjapur Road,Ramamurthy Nagar,42.0,90.0,Not Applicable,Not Applicable,No,Not Applicable,1430,UPI,12,4.3,3.7
2024-07-17 18:03:00,CNR4546619149,Success,CID428641,eBike,RT Nagar,Marathahalli,245.0,35.0,Not Applicable,Not Applicable,No,Not Applicable,499,Cash,40,4.2,3.9
2024-07-02 08:28:00,CNR6931910349,Driver Not Found,CID478961,Mini,Hebbal,Hulimavu,,,Not Applicable,Not Applicable,Not Applicable,Not Applicable,219,Not Applicable,0,,
2024-07-04 18:22:00,CNR5727538077,Driver Not Found,CID597439,eBike,Mysore Road,Koramangala,,,Not Applicable,Not Applicable,Not Applicable,Not Applicable,148,Not Applicable,0,,
2024-07-27 13:40:00,CNR3774141224,Success,CID216738,Prime Plus,Sarjapur Road,Sarjapur Road,196.0,70.0,Not Applicable,Not Applicable,No,Not Applicable,423,Credit Card,14,4.1,4.9
2024-07-11 16:57:00,CNR2490518602,Success,CID523713,Mini,Nagarbhavi,Devanahalli,91.0,125.0,Not Applicable,Not Applicable,No,Not Applicable,1190,Cash,2,4.6,5.0
2024-07-11 19:29:00,CNR4733373314,Success,CID784328,Prime Plus,Banashankari,Banashankari,63.0,115.0,Not Applicable,Not Applicable,No,Not Applicable,191,UPI,47,4.2,3.4
2024-07-01 01:24:00,CNR9566961083,Success,CID171646,eBike,Tumkur Road,Kengeri,140.0,120.0,Not Applicable,Not Applicable,No,Not Applicable,319,UPI,17,4.3,3.5
2024-07-13 23:59:00,CNR6233684788,Canceled by Driver,CID680876,Bike,Marathahalli,Tumkur Road,,,Not Applicable,More than permitted people in there,Not Applicable,Not Applicable,469,Not Applicable,0,,
2024-07-27 18:27:00,CNR8854768481,Success,CID848971,Auto,Magadi Road,Devanahalli,252.0,60.0,Not Applicable,Not Applicable,No,Not Applicable,262,Cash,4,4.6,4.3
2024-07-09 00:53:00,CNR9586750654,Success,CID401210,eBike,Ramamurthy Nagar,Ramamurthy Nagar,301.0,95.0,Not Applicable,Not Applicable,No,Not Applicable,270,Cash,48,3.9,4.5
2024-07-04 00:20:00,CNR1239389777,Success,CID402627,Bike,Frazer Town,Bellandur,98.0,75.0,Not Applicable,Not Applicable,No,Not Applicable,1581,UPI,29,3.9,3.7
2024-07-07 05:20:00,CNR4200150433,Canceled by Driver,CID537615,Auto,Bannerghatta Road,Devanahalli,,,Not Applicable,More than permitted people in there,Not Applicable,Not Applicable,440,Not Applicable,0,,
2024-07-30 17:04:00,CNR3722868912,Success,CID172110,Prime Plus,Ulsoor,Yelahanka,112.0,65.0,Not Applicable,Not Applicable,No,Not Applicable,2436,UPI,48,3.3,5.0
2024-07-14 09:36:00,CNR5828147466,Success,CID647099,Mini,Jayanagar,Basavanagudi,252.0,120.0,Not Applicable,Not Applicable,No,Not Applicable,208,Cash,29,4.8,4.7
2024-07-03 17:28:00,CNR9503865943,Canceled by Driver,CID858717,Bike,Hebbal,Padmanabhanagar,,,Not Applicable,Customer related issue,Not Applicable,Not Applicable,2087,Not Applicable,0,,
2024-07-19 14:03:00,CNR4243059398,Success,CID842962,eBike,Yelahanka,Padmanabhanagar,91.0,105.0,Not Applicable,Not Applicable,No,Not Applicable,134,UPI,4,4.7,4.7
2024-07-07 20:05:00,CNR9443049024,Canceled by Customer,CID391164,Prime Sedan,RT Nagar,Ramamurthy Nagar,,,Driver asked to cancel,Not Applicable,Not Applicable,Not Applicable,158,Not Applicable,0,,
2024-07-06 19:19:00,CNR4225066622,Canceled by Driver,CID190473,Prime SUV,Hosur Road,RT Nagar,,,Not Applicable,Personal & Car related issue,Not Applicable,Not Applicable,234,Not Applicable,0,,
2024-07-18 17:07:00,CNR3978944976,Success,CID645381,Bike,Cox Town,Indiranagar,175.0,100.0,Not Applicable,Not Applicable,No,Not Applicable,340,Cash,34,4.9,4.5
2024-07-03 08:50:00,CNR1221969314,Driver Not Found,CID835990,Mini,HSR Layout,Langford Town,,,Not Applicable,Not Applicable,Not Applicable,Not Applicable,348,Not Applicable,0,,
2024-07-10 00:25:00,CNR6440348090,Success,CID350120,Prime SUV,Malleshwaram,KR Puram,112.0,70.0,Not Applicable,Not Applicable,No,Not Applicable,180,UPI,12,4.8,3.3
2024-07-20 02:08:00,CNR3525841615,Success,CID111333,Prime SUV,Padmanabhanagar,Bellandur,273.0,65.0,Not Applicable,Not Applicable,No,Not Applicable,548,Cash,13,3.8,4.5
2024-07-29 02:06:00,CNR8066724576,Success,CID935229,Mini,Koramangala,JP Nagar,280.0,100.0,Not Applicable,Not Applicable,No,Not Applicable,436,UPI,35,3.2,3.7
2024-07-04 21:22:00,CNR9230643677,Success,CID184073,Prime Sedan,MG Road,Sarjapur Road,70.0,90.0,Not Applicable,Not Applicable,No,Not Applicable,773,Cash,42,4.8,3.8
2024-07-16 14:11:00,CNR8035479484,Success,CID651951,Prime SUV,Frazer Town,Electronic City,35.0,115.0,Not Applicable,Not Applicable,No,Not Applicable,106,UPI,7,3.4,4.8
2024-07-28 23:37:00,CNR7034369482,Success,CID510699,Prime Sedan,Yelahanka,BTM Layout,133.0,45.0,Not Applicable,Not Applicable,No,Not Applicable,197,UPI,38,4.9,3.5
2024-07-21 02:06:00,CNR9446198072,Driver Not Found,CID332117,Bike,Shivajinagar,BTM Layout,,,Not Applicable,Not Applicable,Not Applicable,Not Applicable,383,Not Applicable,0,,
2024-07-19 00:40:00,CNR8083947569,Success,CID564437,Prime Plus,KR Puram,Marathahalli,273.0,80.0,Not Applicable,Not Applicable,No,Not Applicable,332,Cash,25,3.6,4.1
2024-07-29 11:09:00,CNR6922199477,Success,CID387932,Prime Plus,Electronic City,Hebbal,63.0,25.0,Not Applicable,Not Applicable,No,Not Applicable,153,Cash,23,3.5,4.5
2024-07-03 23:40:00,CNR3924352991,Success,CID538377,eBike,Bellandur,Tumkur Road,203.0,105.0,Not Applicable,Not Applicable,No,Not Applicable,676,UPI,26,3.1,3.7
2024-07-13 06:15:00,CNR6433773574,Success,CID899392,Prime Plus,Vijayanagar,Hebbal,308.0,30.0,Not Applicable,Not Applicable,No,Not Applicable,1207,Cash,29,3.8,3.9
2024-07-18 11:32:00,CNR2383267788,Canceled by Customer,CID425033,Prime SUV,BTM Layout,Mysore Road,,,Driver asked to cancel,Not Applicable,Not Applicable,Not Applicable,459,Not Applicable,0,,
2024-07-07 05:33:00,CNR4341250105,Driver Not Found,CID860341,Prime SUV,Rajarajeshwari Nagar,BTM Layout,,,Not Applicable,Not Applicable,Not Applicable,Not Applicable,646,Not Applicable,0,,
2024-07-21 04:45:00,CNR5005540092,Success,CID662491,eBike,Hebbal,Chamarajpet,161.0,80.0,Not Applicable,Not Applicable,No,Not Applicable,431,Cash,44,3.8,4.2
2024-07-23 12:39:00,CNR8269090277,Success,CID816309,Auto,Sarjapur Road,JP Nagar,217.0,95.0,Not Applicable,Not Applicable,No,Not Applicable,464,UPI,18,3.1,4.6
2024-07-14 09:52:00,CNR2236810751,Success,CID755830,Prime Sedan,Koramangala,Jayanagar,112.0,145.0,Not Applicable,Not Applicable,No,Not Applicable,232,Cash,46,3.8,3.1
2024-07-25 01:12:00,CNR1649638504,Canceled by Driver,CID737217,eBike,Shivajinagar,Vijayanagar,,,Not Applicable,Personal & Car related issue,Not Applicable,Not Applicable,537,Not Applicable,0,,
2024-07-23 13:31:00,CNR2168242793,Success,CID872934,Mini,BTM Layout,Hulimavu,98.0,115.0,Not Applicable,Not Applicable,No,Not Applicable,488,UPI,16,4.6,3.6
2024-07-22 20:28:00,CNR1404491465,Success,CID546651,eBike,Sarjapur Road,Kengeri,252.0,65.0,Not Applicable,Not Applicable,No,Not Applicable,431,Cash,37,4.2,3.4
2024-07-25 00:42:00,CNR2090549612,Success,CID419639,eBike,Shivajinagar,Sarjapur Road,217.0,140.0,Not Applicable,Not Applicable,No,Not Applicable,197,UPI,2,3.9,4.5
2024-07-25 11:59:00,CNR3157808993,Success,CID755470,Prime Plus,Hulimavu,Shantinagar,63.0,30.0,Not Applicable,Not Applicable,No,Not Applicable,306,Cash,7,4.1,4.3
2024-07-20 13:12:00,CNR2848771974,Success,CID609422,eBike,Kadugodi,Langford Town,280.0,70.0,Not Applicable,Not Applicable,No,Not Applicable,558,Cash,41,4.7,4.6
2024-07-04 18:49:00,CNR2183273653,Success,CID284603,Prime SUV,Frazer Town,Hosur Road,56.0,115.0,Not Applicable,Not Applicable,No,Not Applicable,242,Cash,39,3.4,4.9
2024-07-13 04:30:00,CNR1949970396,Success,CID319639,Prime SUV,Padmanabhanagar,Koramangala,154.0,100.0,Not Applicable,Not Applicable,No,Not Applicable,137,Debit Card,44,3.6,3.5
2024-07-29 05:57:00,CNR2216063246,Success,CID939810,Prime SUV,Chamarajpet,Shivajinagar,84.0,45.0,Not Applicable,Not Applicable,No,Not Applicable,244,Cash,32,3.6,4.3
2024-07-30 08:12:00,CNR3170902216,Success,CID895746,Prime Plus,Chamarajpet,Whitefield,42.0,115.0,Not Applicable,Not Applicable,No,Not Applicable,476,Cash,5,3.6,3.5
2024-07-26 17:49:00,CNR7318398919,Success,CID539457,Prime SUV,Chamarajpet,Kengeri,35.0,130.0,Not Applicable,Not Applicable,No,Not Applicable,122,Cash,11,4.2,3.0
2024-07-16 20:45:00,CNR4981150551,Canceled by Customer,CID432988,Prime SUV,Cox Town,Hulimavu,,,AC is Not working,Not Applicable,Not Applicable,Not Applicable,111,Not Applicable,0,,
2024-07-28 03:15:00,CNR2536956722,Driver Not Found,CID194923,Prime Sedan,Sahakar Nagar,Sarjapur Road,,,Not Applicable,Not Applicable,Not Applicable,Not Applicable,430,Not Applicable,0,,
2024-07-30 09:22:00,CNR8097322602,Driver Not Found,CID310856,Mini,Frazer Town,Whitefield,,,Not Applicable,Not Applicable,Not Applicable,Not Applicable,200,Not Applicable,0,,
2024-07-09 20:20:00,CNR8728415438,Driver Not Found,CID943310,Bike,Hennur,Kammanahalli,,,Not Applicable,Not Applicable,Not Applicable,Not Applicable,405,Not Applicable,0,,
2024-07-21 08:29:00,CNR1654479337,Success,CID802461,Mini,Langford Town,Rajarajeshwari Nagar,189.0,75.0,Not Applicable,Not Applicable,No,Not Applicable,421,Cash,3,3.2,4.1
2024-07-12 10:43:00,CNR8172716783,Success,CID944625,eBike,Bannerghatta Road,Ramamurthy Nagar,301.0,45.0,Not Applicable,Not Applicable,No,Not Applicable,147,UPI,14,4.8,3.5
2024-07-11 21:58:00,CNR3413834357,Canceled by Customer,CID957937,Bike,Electronic City,Hulimavu,,,AC is Not working,Not Applicable,Not Applicable,Not Applicable,354,Not Applicable,0,,
2024-07-02 23:33:00,CNR4118290705,Success,CID251640,Mini,Yelahanka,Tumkur Road,287.0,55.0,Not Applicable,Not Applicable,No,Not Applicable,261,Cash,17,4.7,3.3
2024-07-02 07:07:00,CNR1963551912,Canceled by Driver,CID198185,eBike,Koramangala,Majestic,,,Not Applicable,Customer related issue,Not Applicable,Not Applicable,370,Not Applicable,0,,
2024-07-18 11:22:00,CNR1280022673,Canceled by Driver,CID791438,Auto,KR Puram,Sahakar Nagar,,,Not Applicable,Customer related issue,Not Applicable,Not Applicable,943,Not Applicable,0,,
2024-07-30 00:25:00,CNR5016013377,Canceled by Customer,CID312465,Prime Sedan,Hulimavu,Basavanagudi,,,Driver is not moving towards pickup location,Not Applicable,Not Applicable,Not Applicable,446,Not Applicable,0,,
2024-07-20 18:33:00,CNR5626405081,Success,CID592782,Prime Sedan,Tumkur Road,Kadugodi,294.0,55.0,Not Applicable,Not Applicable,No,Not Applicable,280,Cash,11,3.3,4.3
2024-07-29 18:55:00,CNR1599536132,Success,CID876514,Mini,JP Nagar,Sarjapur Road,182.0,125.0,Not Applicable,Not Applicable,No,Not Applicable,195,Cash,40,3.7,4.7
2024-07-08 00:12:00,CNR7615413588,Driver Not Found,CID613868,Bike,Hebbal,Chickpet,,,Not Applicable,Not Applicable,Not Applicable,Not Applicable,260,Not Applicable,0,,
2024-07-05 06:33:00,CNR3348468281,Canceled by Driver,CID456796,Bike,Rajarajeshwari Nagar,Tumkur Road,,,Not Applicable,Personal & Car related issue,Not Applicable,Not Applicable,588,Not Applicable,0,,
2024-07-17 16:32:00,CNR8173093858,Success,CID892909,eBike,Cox Town,Chickpet,147.0,95.0,Not Applicable,Not Applicable,Yes,Vehicle Breakdown,677,UPI,6,3.8,3.1
2024-07-16 19:33:00,CNR5785075532,Success,CID242342,Bike,HSR Layout,Tumkur Road,210.0,70.0,Not Applicable,Not Applicable,No,Not Applicable,271,UPI,24,4.0,3.2
2024-07-30 15:50:00,CNR5237589309,Success,CID922442,Bike,Tumkur Road,JP Nagar,70.0,55.0,Not Applicable,Not Applicable,No,Not Applicable,316,UPI,39,4.0,4.1
2024-07-25 01:30:00,CNR4849981253,Canceled by Customer,CID243898,Mini,Bannerghatta Road,Magadi Road,,,Change of plans,Not Applicable,Not Applicable,Not Applicable,451,Not Applicable,0,,
2024-07-10 12:19:00,CNR3659906813,Success,CID181487,Prime Sedan,Basavanagudi,Peenya,196.0,145.0,Not Applicable,Not Applicable,No,Not Applicable,118,UPI,34,4.7,4.3
2024-07-13 16:47:00,CNR9596595222,Success,CID791968,Bike,Malleshwaram,Kengeri,98.0,140.0,Not Applicable,Not Applicable,No,Not Applicable,585,UPI,48,4.8,4.3
2024-07-25 02:10:00,CNR8101962944,Success,CID905181,Bike,Chamarajpet,Koramangala,126.0,65.0,Not Applicable,Not Applicable,No,Not Applicable,405,UPI,40,4.5,4.4
2024-07-19 09:27:00,CNR4154212279,Driver Not Found,CID432654,Auto,Richmond Town,Magadi Road,,,Not Applicable,Not Applicable,Not Applicable,Not Applicable,599,Not Applicable,0,,
2024-07-10 12:27:00,CNR4459752691,Canceled by Driver,CID645215,eBike,Koramangala,Magadi Road,,,Not Applicable,More than permitted people in there,Not Applicable,Not Applicable,669,Not Applicable,0,,
2024-07-07 09:18:00,CNR9263246324,Success,CID875910,Prime SUV,Banashankari,Nagarbhavi,273.0,140.0,Not Applicable,Not Applicable,No,Not Applicable,429,UPI,35,5.0,3.2
2024-07-24 12:51:00,CNR3201523345,Success,CID967804,eBike,Hulimavu,Yelahanka,77.0,60.0,Not Applicable,Not Applicable,No,Not Applicable,222,Cash,19,3.5,3.1
2024-07-30 21:43:00,CNR1794364305,Success,CID348368,Bike,Whitefield,Devanahalli,210.0,85.0,Not Applicable,Not Applicable,No,Not Applicable,432,Cash,32,3.4,3.6
2024-07-16 22:47:00,CNR7091461709,Success,CID583274,Bike,KR Puram,Marathahalli,287.0,65.0,Not Applicable,Not Applicable,No,Not Applicable,216,UPI,34,4.8,4.1
2024-07-06 01:12:00,CNR4697947139,Success,CID779085,Auto,Chamarajpet,Cox Town,273.0,25.0,Not Applicable,Not Applicable,No,Not Applicable,190,UPI,4,3.0,4.6
2024-07-29 21:39:00,CNR3593294917,Success,CID632678,Prime Plus,Ramamurthy Nagar,Frazer Town,280.0,120.0,Not Applicable,Not Applicable,No,Not Applicable,319,Cash,11,3.5,3.2
2024-07-10 14:09:00,CNR3190027487,Canceled by Customer,CID733218,Auto,Magadi Road,Bellandur,,,Driver is not moving towards pickup location,Not Applicable,Not Applicable,Not Applicable,422,Not Applicable,0,,
2024-07-25 20:43:00,CNR4434437849,Canceled by Driver,CID930102,Auto,Kadugodi,Peenya,,,Not Applicable,Customer was coughing/sick,Not Applicable,Not Applicable,446,Not Applicable,0,,
2024-07-13 08:56:00,CNR6470694436,Success,CID849346,Prime Sedan,RT Nagar,Bellandur,217.0,60.0,Not Applicable,Not Applicable,No,Not Applicable,1678,Credit Card,14,3.4,3.3
2024-07-01 04:36:00,CNR5874845369,Canceled by Driver,CID210772,Mini,Jayanagar,Sahakar Nagar,,,Not Applicable,Customer related issue,Not Applicable,Not Applicable,479,Not Applicable,0,,
2024-07-02 10:53:00,CNR1557058592,Success,CID678655,Prime Plus,JP Nagar,Yeshwanthpur,252.0,30.0,Not Applicable,Not Applicable,No,Not Applicable,409,Cash,25,4.9,3.5
2024-07-08 21:57:00,CNR9354731188,Success,CID101516,Prime Plus,Hosur Road,Malleshwaram,105.0,50.0,Not Applicable,Not Applicable,No,Not Applicable,127,Cash,7,3.5,3.6
2024-07-30 00:44:00,CNR6814750504,Success,CID349383,Prime Plus,Chamarajpet,Yeshwanthpur,140.0,45.0,Not Applicable,Not Applicable,No,Not Applicable,155,UPI,16,3.0,3.5
2024-07-20 02:54:00,CNR6582863139,Success,CID310730,Prime Sedan,Mysore Road,Majestic,126.0,25.0,Not Applicable,Not Applicable,Yes,Other Issue,439,UPI,33,3.9,4.3
2024-07-21 19:47:00,CNR3682912528,Canceled by Customer,CID663359,Prime SUV,Mysore Road,JP Nagar,,,Driver asked to cancel,Not Applicable,Not Applicable,Not Applicable,2763,Not Applicable,0,,
2024-07-26 17:17:00,CNR1893098616,Canceled by Driver,CID217268,eBike,Rajajinagar,Padmanabhanagar,,,Not Applicable,More than permitted people in there,Not Applicable,Not Applicable,1122,Not Applicable,0,,
2024-07-14 18:20:00,CNR8909537047,Success,CID232526,Prime Sedan,Whitefield,Ulsoor,224.0,100.0,Not Applicable,Not Applicable,No,Not Applicable,743,UPI,39,3.6,3.7
2024-07-30 14:37:00,CNR5425244642,Canceled by Customer,CID680375,eBike,Bellandur,Whitefield,,,Wrong Address,Not Applicable,Not Applicable,Not Applicable,467,Not Applicable,0,,
2024-07-01 14:27:00,CNR4084291865,Success,CID496444,Prime SUV,Magadi Road,Bellandur,217.0,75.0,Not Applicable,Not Applicable,No,Not Applicable,154,Cash,9,4.4,3.8
2024-07-03 20:53:00,CNR5956218686,Success,CID523369,Bike,Hosur Road,Sahakar Nagar,175.0,140.0,Not Applicable,Not Applicable,No,Not Applicable,1734,Cash,22,4.6,4.6
2024-07-07 03:41:00,CNR7375223295,Success,CID954088,Mini,Sarjapur Road,Bellandur,203.0,95.0,Not Applicable,Not Applicable,No,Not Applicable,495,UPI,17,4.0,4.6
2024-07-16 13:23:00,CNR9689269713,Success,CID596890,Prime SUV,Marathahalli,RT Nagar,189.0,120.0,Not Applicable,Not Applicable,Yes,Customer Demand,399,Cash,41,4.0,4.9
2024-07-03 08:41:00,CNR4830105460,Success,CID865262,Bike,Richmond Town,Kammanahalli,252.0,105.0,Not Applicable,Not Applicable,Yes,Other Issue,275,UPI,47,3.8,3.0
2024-07-01 03:44:00,CNR6351018463,Driver Not Found,CID856835,Prime SUV,MG Road,Chamarajpet,,,Not Applicable,Not Applicable,Not Applicable,Not Applicable,379,Not Applicable,0,,
2024-07-08 19:31:00,CNR1225098579,Success,CID210416,eBike,Kengeri,BTM Layout,84.0,115.0,Not Applicable,Not Applicable,No,Not Applicable,259,Credit Card,27,4.1,4.1
2024-07-04 07:08:00,CNR2384480639,Canceled by Customer,CID133696,Prime Sedan,RT Nagar,Langford Town,,,Driver asked to cancel,Not Applicable,Not Applicable,Not Applicable,328,Not Applicable,0,,
2024-07-08 05:11:00,CNR5446876333,Canceled by Driver,CID442791,Mini,Ulsoor,Kadugodi,,,Not Applicable,Customer was coughing/sick,Not Applicable,Not Applicable,189,Not Applicable,0,,
2024-07-20 09:35:00,CNR4333873273,Success,CID427220,Auto,Hebbal,Nagarbhavi,105.0,35.0,Not Applicable,Not Applicable,No,Not Applicable,610,Credit Card,2,4.7,3.5
2024-07-17 17:58:00,CNR7444135510,Driver Not Found,CID250239,Bike,Majestic,Kadugodi,,,Not Applicable,Not Applicable,Not Applicable,Not Applicable,2400,Not Applicable,0,,
2024-07-25 10:02:00,CNR3245839078,Canceled by Customer,CID899416,Prime Plus,Langford Town,Yeshwanthpur,,,AC is Not working,Not Applicable,Not Applicable,Not Applicable,497,Not Applicable,0,,
2024-07-08 17:13:00,CNR7182494733,Driver Not Found,CID218627,Prime Plus,Sahakar Nagar,Hebbal,,,Not Applicable,Not Applicable,Not Applicable,Not Applicable,256,Not Applicable,0,,
2024-07-19 12:00:00,CNR3023552711,Canceled by Driver,CID490348,Auto,Rajarajeshwari Nagar,Frazer Town,,,Not Applicable,Personal & Car related issue,Not Applicable,Not Applicable,369,Not Applicable,0,,
2024-07-26 12:30:00,CNR8274413634,Success,CID409154,eBike,Yeshwanthpur,Hosur Road,133.0,90.0,Not Applicable,Not Applicable,No,Not Applicable,469,Cash,32,3.5,4.6
2024-07-05 12:25:00,CNR1832143286,Success,CID219984,Mini,Whitefield,Basavanagudi,84.0,105.0,Not Applicable,Not Applicable,No,Not Applicable,116,Cash,16,4.3,4.8
2024-07-24 14:48:00,CNR6726851089,Success,CID515882,Mini,Varthur,Shantinagar,161.0,55.0,Not Applicable,Not Applicable,No,Not Applicable,154,Cash,35,4.1,4.1
2024-07-01 16:42:00,CNR3656263538,Success,CID319744,eBike,Hebbal,Vijayanagar,168.0,65.0,Not Applicable,Not Applicable,No,Not Applicable,889,Cash,40,4.0,4.9
2024-07-24 22:48:00,CNR1079362307,Success,CID896950,Prime Sedan,Shantinagar,Vijayanagar,203.0,105.0,Not Applicable,Not Applicable,No,Not Applicable,860,Cash,4,3.9,5.0
2024-07-03 11:09:00,CNR3691094829,Canceled by Driver,CID193785,Auto,Cox Town,Cox Town,,,Not Applicable,Customer related issue,Not Applicable,Not Applicable,406,Not Applicable,0,,
2024-07-10 06:42:00,CNR7637030152,Success,CID327016,Prime Sedan,Bellandur,BTM Layout,70.0,90.0,Not Applicable,Not Applicable,No,Not Applicable,386,Cash,48,4.0,5.0
2024-07-18 03:18:00,CNR9379764544,Canceled by Driver,CID500312,eBike,Tumkur Road,Padmanabhanagar,,,Not Applicable,Customer was coughing/sick,Not Applicable,Not Applicable,112,Not Applicable,0,,
2024-07-23 14:46:00,CNR9469000219,Success,CID459381,eBike,Bannerghatta Road,Varthur,70.0,130.0,Not Applicable,Not Applicable,No,Not Applicable,644,Cash,28,4.6,3.9
2024-07-10 00:29:00,CNR9909890776,Success,CID356166,Prime Plus,Electronic City,Koramangala,147.0,70.0,Not Applicable,Not Applicable,No,Not Applicable,225,Credit Card,40,4.0,3.7
2024-07-27 15:24:00,CNR3551162082,Canceled by Customer,CID701381,Prime SUV,Whitefield,Rajajinagar,,,Driver asked to cancel,Not Applicable,Not Applicable,Not Applicable,111,Not Applicable,0,,
2024-07-10 20:10:00,CNR9019624432,Success,CID179835,Bike,Whitefield,Tumkur Road,63.0,100.0,Not Applicable,Not Applicable,Yes,Vehicle Breakdown,1009,Cash,9,4.9,3.4
2024-07-04 05:18:00,CNR1109539838,Success,CID424882,Prime Plus,Varthur,Frazer Town,42.0,130.0,Not Applicable,Not Applicable,No,Not Applicable,742,UPI,28,3.4,4.1
2024-07-07 01:54:00,CNR6794115999,Success,CID633352,Prime Plus,Cox Town,Sarjapur Road,154.0,100.0,Not Applicable,Not Applicable,No,Not Applicable,340,UPI,8,4.5,3.1
2024-07-23 14:34:00,CNR7016591291,Success,CID440583,Auto,Chickpet,JP Nagar,280.0,115.0,Not Applicable,Not Applicable,No,Not Applicable,483,Cash,13,4.8,4.4
2024-07-04 02:37:00,CNR3278448897,Success,CID861860,Prime SUV,Kadugodi,Ramamurthy Nagar,287.0,75.0,Not Applicable,Not Applicable,No,Not Applicable,170,Cash,13,3.0,4.5
2024-07-27 16:25:00,CNR6628861590,Canceled by Customer,CID520205,Prime Sedan,Electronic City,Chickpet,,,Driver is not moving towards pickup location,Not Applicable,Not Applicable,Not Applicable,206,Not Applicable,0,,
2024-07-25 16:08:00,CNR1572921554,Canceled by Customer,CID148497,eBike,Yelahanka,Devanahalli,,,Change of plans,Not Applicable,Not Applicable,Not Applicable,2509,Not Applicable,0,,
2024-07-14 19:51:00,CNR6796647094,Canceled by Driver,CID122540,Prime Sedan,BTM Layout,Ulsoor,,,Not Applicable,Personal & Car related issue,Not Applicable,Not Applicable,272,Not Applicable,0,,
2024-07-26 03:58:00,CNR6477540754,Canceled by Driver,CID148035,Prime Sedan,Varthur,Chamarajpet,,,Not Applicable,Customer related issue,Not Applicable,Not Applicable,215,Not Applicable,0,,
2024-07-29 02:40:00,CNR1960288194,Canceled by Customer,CID803340,Auto,Richmond Town,Hosur Road,,,Change of plans,Not Applicable,Not Applicable,Not Applicable,351,Not Applicable,0,,
2024-07-06 06:42:00,CNR1454947419,Driver Not Found,CID945955,Bike,Sarjapur Road,HSR Layout,,,Not Applicable,Not Applicable,Not Applicable,Not Applicable,378,Not Applicable,0,,
2024-07-22 08:25:00,CNR7444066654,Driver Not Found,CID975030,Auto,Mysore Road,Varthur,,,Not Applicable,Not Applicable,Not Applicable,Not Applicable,174,Not Applicable,0,,
2024-07-15 19:22:00,CNR6742736726,Success,CID189723,Mini,Sahakar Nagar,Majestic,266.0,40.0,Not Applicable,Not Applicable,No,Not Applicable,2072,UPI,24,3.8,3.7
2024-07-23 11:18:00,CNR8506683789,Driver Not Found,CID282467,eBike,Ulsoor,Ramamurthy Nagar,,,Not Applicable,Not Applicable,Not Applicable,Not Applicable,914,Not Applicable,0,,
2024-07-28 15:46:00,CNR1614392450,Success,CID457043,Prime SUV,Bannerghatta Road,Hennur,119.0,140.0,Not Applicable,Not Applicable,No,Not Applicable,122,UPI,3,4.7,4.0
2024-07-28 07:34:00,CNR3205172066,Canceled by Driver,CID672568,Bike,Richmond Town,Whitefield,,,Not Applicable,Customer related issue,Not Applicable,Not Applicable,224,Not Applicable,0,,
2024-07-21 02:26:00,CNR4817957048,Success,CID716120,Auto,Kengeri,Rajajinagar,245.0,120.0,Not Applicable,Not Applicable,No,Not Applicable,214,Cash,11,4.6,4.6
2024-07-16 01:19:00,CNR1305213242,Driver Not Found,CID602079,eBike,Langford Town,Chamarajpet,,,Not Applicable,Not Applicable,Not Applicable,Not Applicable,423,Not Applicable,0,,
2024-07-02 21:00:00,CNR8702195835,Canceled by Driver,CID414679,Auto,Marathahalli,Bellandur,,,Not Applicable,Customer was coughing/sick,Not Applicable,Not Applicable,1890,Not Applicable,0,,
2024-07-22 17:15:00,CNR4627081542,Success,CID460991,Bike,Rajarajeshwari Nagar,HSR Layout,70.0,80.0,Not Applicable,Not Applicable,No,Not Applicable,484,UPI,2,3.5,4.6
2024-07-24 12:10:00,CNR9811109714,Canceled by Customer,CID547020,Mini,Sarjapur Road,Vijayanagar,,,Change of plans,Not Applicable,Not Applicable,Not Applicable,786,Not Applicable,0,,
2024-07-08 06:23:00,CNR6938543746,Canceled by Customer,CID253935,Mini,Langford Town,Kengeri,,,Driver asked to cancel,Not Applicable,Not Applicable,Not Applicable,111,Not Applicable,0,,
2024-07-01 09:30:00,CNR9636460630,Success,CID143849,eBike,Kammanahalli,Ulsoor,161.0,50.0,Not Applicable,Not Applicable,No,Not Applicable,684,Cash,32,3.5,3.3
2024-07-06 09:13:00,CNR6291146624,Success,CID250303,Prime Sedan,Richmond Town,Yelahanka,294.0,90.0,Not Applicable,Not Applicable,No,Not Applicable,449,Cash,33,3.8,4.5
2024-07-28 06:11:00,CNR2538711357,Canceled by Driver,CID453465,Prime SUV,Marathahalli,RT Nagar,,,Not Applicable,Customer related issue,Not Applicable,Not Applicable,2045,Not Applicable,0,,
2024-07-01 12:31:00,CNR1293770196,Driver Not Found,CID856174,eBike,Shivajinagar,Rajarajeshwari Nagar,,,Not Applicable,Not Applicable,Not Applicable,Not Applicable,204,Not Applicable,0,,
2024-07-27 14:37:00,CNR7887912743,Success,CID657703,Bike,Yeshwanthpur,Vijayanagar,189.0,120.0,Not Applicable,Not Applicable,No,Not Applicable,898,Cash,32,4.7,4.4
2024-07-12 22:54:00,CNR3250425161,Success,CID538519,Mini,Kengeri,Chickpet,252.0,105.0,Not Applicable,Not Applicable,No,Not Applicable,903,Cash,27,3.6,3.2
2024-07-20 05:31:00,CNR4423638811,Success,CID196569,eBike,Majestic,Chamarajpet,266.0,75.0,Not Applicable,Not Applicable,No,Not Applicable,2127,Cash,10,5.0,3.1
2024-07-25 15:42:00,CNR9682388426,Success,CID172881,Bike,Sarjapur Road,Chamarajpet,49.0,110.0,Not Applicable,Not Applicable,No,Not Applicable,218,Cash,10,3.8,3.4
2024-07-09 09:06:00,CNR9911786098,Canceled by Driver,CID115541,Prime Sedan,Varthur,Ramamurthy Nagar,,,Not Applicable,Customer related issue,Not Applicable,Not Applicable,710,Not Applicable,0,,
2024-07-02 22:17:00,CNR4023083689,Success,CID879328,Bike,Cox Town,MG Road,119.0,145.0,Not Applicable,Not Applicable,No,Not Applicable,403,Cash,39,3.7,4.3
2024-07-12 02:17:00,CNR9163174351,Canceled by Driver,CID620443,Mini,Chickpet,Shantinagar,,,Not Applicable,Customer was coughing/sick,Not Applicable,Not Applicable,303,Not Applicable,0,,
2024-07-29 08:03:00,CNR3155163314,Success,CID985565,Prime Plus,Tumkur Road,MG Road,238.0,35.0,Not Applicable,Not Applicable,No,Not Applicable,412,Cash,24,4.5,3.8
2024-07-13 11:07:00,CNR8588982597,Success,CID648747,Prime Sedan,Mysore Road,Varthur,224.0,70.0,Not Applicable,Not Applicable,No,Not Applicable,207,UPI,44,4.0,4.5
2024-07-06 15:57:00,CNR8180511968,Success,CID844459,Prime Plus,Padmanabhanagar,Bannerghatta Road,245.0,35.0,Not Applicable,Not Applicable,No,Not Applicable,814,UPI,24,3.7,3.8
2024-07-08 03:02:00,CNR8258395393,Success,CID747970,eBike,HSR Layout,Koramangala,154.0,60.0,Not Applicable,Not Applicable,No,Not Applicable,1877,UPI,26,4.9,4.0
2024-07-28 23:59:00,CNR9918251034,Success,CID259699,Prime SUV,Kammanahalli,Kammanahalli,147.0,50.0,Not Applicable,Not Applicable,No,Not Applicable,135,Cash,47,3.9,3.9
2024-07-20 22:26:00,CNR7755759642,Success,CID744931,Bike,Ramamurthy Nagar,Frazer Town,280.0,105.0,Not Applicable,Not Applicable,No,Not Applicable,375,Cash,49,4.2,4.8
2024-07-23 13:46:00,CNR6786919109,Canceled by Driver,CID669433,Mini,Sahakar Nagar,Chickpet,,,Not Applicable,Personal & Car related issue,Not Applicable,Not Applicable,759,Not Applicable,0,,
2024-07-27 23:10:00,CNR1398260406,Canceled by Driver,CID304996,eBike,Yelahanka,Basavanagudi,,,Not Applicable,More than permitted people in there,Not Applicable,Not Applicable,431,Not Applicable,0,,
2024-07-11 05:27:00,CNR1479874857,Canceled by Driver,CID273713,Prime SUV,MG Road,Rajajinagar,,,Not Applicable,Personal & Car related issue,Not Applicable,Not Applicable,796,Not Applicable,0,,
2024-07-17 07:09:00,CNR6979605843,Canceled by Customer,CID363223,Prime Sedan,KR Puram,Vijayanagar,,,Driver asked to cancel,Not Applicable,Not Applicable,Not Applicable,438,Not Applicable,0,,
2024-07-07 01:45:00,CNR8006620070,Canceled by Driver,CID875595,Auto,HSR Layout,HSR Layout,,,Not Applicable,Personal & Car related issue,Not Applicable,Not Applicable,164,Not Applicable,0,,
2024-07-12 11:38:00,CNR2582525958,Success,CID865867,Bike,Varthur,Bannerghatta Road,224.0,125.0,Not Applicable,Not Applicable,No,Not Applicable,421,UPI,48,3.3,4.2
2024-07-30 19:05:00,CNR1097374698,Driver Not Found,CID668388,Auto,RT Nagar,Devanahalli,,,Not Applicable,Not Applicable,Not Applicable,Not Applicable,486,Not Applicable,0,,
2024-07-25 05:20:00,CNR9023775740,Canceled by Driver,CID378683,Prime SUV,Magadi Road,Chamarajpet,,,Not Applicable,Personal & Car related issue,Not Applicable,Not Applicable,427,Not Applicable,0,,
2024-07-26 05:11:00,CNR7904497007,Driver Not Found,CID881382,Prime Plus,Hebbal,Basavanagudi,,,Not Applicable,Not Applicable,Not Applicable,Not Applicable,1461,Not Applicable,0,,
2024-07-06 08:21:00,CNR5010458669,Canceled by Driver,CID903338,Prime Plus,Bellandur,Bellandur,,,Not Applicable,Personal & Car related issue,Not Applicable,Not Applicable,115,Not Applicable,0,,
2024-07-07 22:29:00,CNR2567021824,Canceled by Customer,CID723916,Bike,Rajarajeshwari Nagar,MG Road,,,AC is Not working,Not Applicable,Not Applicable,Not Applicable,188,Not Applicable,0,,
2024-07-13 01:11:00,CNR4187129836,Canceled by Driver,CID237058,Prime SUV,Marathahalli,Varthur,,,Not Applicable,Personal & Car related issue,Not Applicable,Not Applicable,103,Not Applicable,0,,
2024-07-12 00:27:00,CNR4971678870,Canceled by Driver,CID727561,eBike,Nagarbhavi,Vijayanagar,,,Not Applicable,Customer was coughing/sick,Not Applicable,Not Applicable,709,Not Applicable,0,,
2024-07-14 05:35:00,CNR9202461006,Success,CID466171,Prime Sedan,Nagarbhavi,Koramangala,217.0,45.0,Not Applicable,Not Applicable,No,Not Applicable,222,UPI,39,3.7,3.0
2024-07-04 03:08:00,CNR2134748601,Success,CID689379,eBike,JP Nagar,Peenya,273.0,35.0,Not Applicable,Not Applicable,No,Not Applicable,691,UPI,38,4.6,4.6
2024-07-03 21:14:00,CNR7399640499,Success,CID253107,Prime Plus,Devanahalli,Nagarbhavi,84.0,125.0,Not Applicable,Not Applicable,No,Not Applicable,411,Cash,47,3.2,4.8
2024-07-03 10:29:00,CNR2760566048,Canceled by Driver,CID265900,Prime Sedan,Majestic,Langford Town,,,Not Applicable,Personal & Car related issue,Not Applicable,Not Applicable,120,Not Applicable,0,,
2024-07-06 12:51:00,CNR3810151523,Success,CID817447,Prime Plus,Kammanahalli,Kengeri,224.0,115.0,Not Applicable,Not Applicable,No,Not Applicable,109,Cash,24,4.7,4.2
2024-07-14 05:02:00,CNR1828748620,Success,CID738937,Prime Sedan,JP Nagar,Tumkur Road,273.0,145.0,Not Applicable,Not Applicable,No,Not Applicable,138,UPI,6,4.2,4.7
2024-07-11 18:50:00,CNR2533213470,Success,CID598009,Prime SUV,Yelahanka,Hosur Road,217.0,105.0,Not Applicable,Not Applicable,No,Not Applicable,363,UPI,18,3.5,3.8
2024-07-13 02:49:00,CNR1782907416,Success,CID882303,eBike,MG Road,JP Nagar,140.0,95.0,Not Applicable,Not Applicable,No,Not Applicable,701,UPI,8,3.1,4.1
2024-07-07 12:07:00,CNR8982743856,Success,CID141362,Prime Plus,Basavanagudi,Tumkur Road,287.0,80.0,Not Applicable,Not Applicable,No,Not Applicable,2268,UPI,17,3.1,3.5
2024-07-24 18:00:00,CNR7146566094,Success,CID920927,Bike,Padmanabhanagar,Yelahanka,273.0,55.0,Not Applicable,Not Applicable,No,Not Applicable,377,UPI,34,4.4,4.5
2024-07-15 13:12:00,CNR9074255838,Success,CID719769,Bike,Nagarbhavi,Frazer Town,217.0,25.0,Not Applicable,Not Applicable,No,Not Applicable,397,Cash,45,4.3,3.2
2024-07-25 15:16:00,CNR3414648493,Success,CID151768,Prime SUV,Kammanahalli,Frazer Town,168.0,35.0,Not Applicable,Not Applicable,No,Not Applicable,844,Cash,40,4.6,5.0
2024-07-12 06:48:00,CNR6684164509,Success,CID434711,Prime Sedan,Hennur,Varthur,161.0,60.0,Not Applicable,Not Applicable,No,Not Applicable,336,Cash,17,3.3,3.0
2024-07-11 10:18:00,CNR7578223941,Success,CID893641,eBike,MG Road,Electronic City,119.0,50.0,Not Applicable,Not Applicable,No,Not Applicable,749,UPI,38,4.5,3.4
2024-07-07 04:53:00,CNR3035763361,Canceled by Driver,CID276295,eBike,Marathahalli,KR Puram,,,Not Applicable,Customer related issue,Not Applicable,Not Applicable,565,Not Applicable,0,,
2024-07-26 02:15:00,CNR2996533945,Success,CID918584,eBike,Marathahalli,Bellandur,280.0,100.0,Not Applicable,Not Applicable,No,Not Applicable,195,UPI,10,3.4,3.7
2024-07-09 20:42:00,CNR7491618233,Success,CID584944,eBike,BTM Layout,Chamarajpet,35.0,130.0,Not Applicable,Not Applicable,No,Not Applicable,478,Cash,35,3.1,3.6
2024-07-13 20:43:00,CNR7844144067,Success,CID909439,eBike,Tumkur Road,Hosur Road,70.0,95.0,Not Applicable,Not Applicable,No,Not Applicable,201,Cash,45,3.8,3.6
2024-07-19 09:04:00,CNR7791981769,Success,CID509594,eBike,Chickpet,Varthur,294.0,35.0,Not Applicable,Not Applicable,No,Not Applicable,146,UPI,32,4.7,4.6
2024-07-08 01:16:00,CNR1549308648,Success,CID465030,Prime Plus,Banashankari,Rajarajeshwari Nagar,294.0,105.0,Not Applicable,Not Applicable,No,Not Applicable,469,Cash,46,3.9,4.1
2024-07-24 16:01:00,CNR4674277174,Success,CID967944,Bike,Chamarajpet,Kammanahalli,196.0,75.0,Not Applicable,Not Applicable,No,Not Applicable,200,Cash,14,4.4,4.0
2024-07-16 20:02:00,CNR9932685347,Success,CID344558,Prime Sedan,Mysore Road,Vijayanagar,266.0,25.0,Not Applicable,Not Applicable,No,Not Applicable,1040,Cash,33,3.7,3.7
2024-07-18 10:40:00,CNR3885105282,Success,CID603213,Auto,Majestic,Kadugodi,154.0,140.0,Not Applicable,Not Applicable,No,Not Applicable,977,Cash,2,3.4,4.6
2024-07-07 02:54:00,CNR7414852841,Success,CID477310,Mini,JP Nagar,Bannerghatta Road,42.0,140.0,Not Applicable,Not Applicable,No,Not Applicable,359,Cash,43,4.6,5.0
2024-07-23 03:10:00,CNR2699300142,Canceled by Driver,CID690849,eBike,Bellandur,Koramangala,,,Not Applicable,More than permitted people in there,Not Applicable,Not Applicable,109,Not Applicable,0,,
2024-07-28 11:31:00,CNR5488214939,Driver Not Found,CID568560,Bike,Rajarajeshwari Nagar,Padmanabhanagar,,,Not Applicable,Not Applicable,Not Applicable,Not Applicable,362,Not Applicable,0,,
2024-07-06 06:34:00,CNR8874204688,Success,CID873512,Auto,Yelahanka,Magadi Road,91.0,100.0,Not Applicable,Not Applicable,No,Not Applicable,298,Cash,6,4.7,4.3
2024-07-25 15:06:00,CNR6107084662,Canceled by Customer,CID946780,eBike,Kengeri,Whitefield,,,Change of plans,Not Applicable,Not Applicable,Not Applicable,700,Not Applicable,0,,
2024-07-05 03:53:00,CNR7828885514,Driver Not Found,CID784171,Bike,Marathahalli,Shivajinagar,,,Not Applicable,Not Applicable,Not Applicable,Not Applicable,150,Not Applicable,0,,
2024-07-16 20:58:00,CNR7864908596,Success,CID792890,Bike,RT Nagar,Shivajinagar,294.0,145.0,Not Applicable,Not Applicable,No,Not Applicable,457,UPI,41,4.9,4.2
2024-07-24 17:35:00,CNR4548126206,Driver Not Found,CID875598,Prime Sedan,Chamarajpet,Ulsoor,,,Not Applicable,Not Applicable,Not Applicable,Not Applicable,249,Not Applicable,0,,
2024-07-04 03:11:00,CNR6523199701,Canceled by Driver,CID378384,Bike,Kadugodi,Nagarbhavi,,,Not Applicable,Personal & Car related issue,Not Applicable,Not Applicable,897,Not Applicable,0,,
2024-07-11 15:59:00,CNR8635232227,Success,CID760045,Mini,Langford Town,Kammanahalli,294.0,35.0,Not Applicable,Not Applicable,No,Not Applicable,141,Cash,21,3.1,3.7
2024-07-23 07:21:00,CNR5583300762,Success,CID598575,Bike,Malleshwaram,Malleshwaram,259.0,145.0,Not Applicable,Not Applicable,No,Not Applicable,231,Cash,30,4.5,3.7
2024-07-08 19:43:00,CNR1035458283,Canceled by Driver,CID482686,Prime Sedan,Whitefield,Frazer Town,,,Not Applicable,Customer related issue,Not Applicable,Not Applicable,2895,Not Applicable,0,,
2024-07-11 00:48:00,CNR8219897419,Success,CID679894,Prime SUV,Sahakar Nagar,Sarjapur Road,301.0,145.0,Not Applicable,Not Applicable,No,Not Applicable,634,Cash,45,4.5,4.8
2024-07-22 11:21:00,CNR9357090363,Success,CID345732,Prime Plus,Jayanagar,Malleshwaram,252.0,90.0,Not Applicable,Not Applicable,No,Not Applicable,884,UPI,13,3.4,3.2
2024-07-21 06:27:00,CNR6842147227,Success,CID583209,Prime Sedan,Chickpet,Ramamurthy Nagar,203.0,85.0,Not Applicable,Not Applicable,No,Not Applicable,334,UPI,33,3.9,4.2
2024-07-18 00:41:00,CNR1252478153,Driver Not Found,CID754195,Mini,Kadugodi,Kengeri,,,Not Applicable,Not Applicable,Not Applicable,Not Applicable,163,Not Applicable,0,,
2024-07-14 21:55:00,CNR9498297060,Success,CID609759,Auto,BTM Layout,Kammanahalli,147.0,105.0,Not Applicable,Not Applicable,No,Not Applicable,2977,UPI,4,4.4,4.9
2024-07-01 07:13:00,CNR2966393557,Success,CID301828,Bike,Marathahalli,Hulimavu,35.0,25.0,Not Applicable,Not Applicable,No,Not Applicable,493,Cash,19,4.0,3.2
2024-07-08 19:33:00,CNR8356808965,Success,CID970851,Prime SUV,Nagarbhavi,Mysore Road,259.0,95.0,Not Applicable,Not Applicable,No,Not Applicable,113,UPI,2,4.9,3.5
2024-07-14 09:10:00,CNR3320202026,Canceled by Driver,CID298281,Bike,Hebbal,Bannerghatta Road,,,Not Applicable,Customer was coughing/sick,Not Applicable,Not Applicable,939,Not Applicable,0,,
2024-07-11 19:25:00,CNR5683125309,Canceled by Customer,CID474844,Mini,Cox Town,Sahakar Nagar,,,AC is Not working,Not Applicable,Not Applicable,Not Applicable,186,Not Applicable,0,,
2024-07-06 23:37:00,CNR7799263811,Canceled by Driver,CID781335,Prime SUV,Chamarajpet,Sarjapur Road,,,Not Applicable,Customer was coughing/sick,Not Applicable,Not Applicable,950,Not Applicable,0,,
2024-07-22 17:21:00,CNR8798135020,Canceled by Customer,CID893993,Prime Plus,RT Nagar,Chickpet,,,Change of plans,Not Applicable,Not Applicable,Not Applicable,697,Not Applicable,0,,
2024-07-05 12:32:00,CNR6440525579,Canceled by Driver,CID835763,Prime Sedan,Majestic,Rajajinagar,,,Not Applicable,Customer related issue,Not Applicable,Not Applicable,589,Not Applicable,0,,
2024-07-06 20:15:00,CNR5631149281,Canceled by Customer,CID683174,Prime Plus,Bannerghatta Road,Hennur,,,Change of plans,Not Applicable,Not Applicable,Not Applicable,271,Not Applicable,0,,
2024-07-11 03:34:00,CNR1845567804,Success,CID681066,Auto,Frazer Town,Magadi Road,259.0,50.0,Not Applicable,Not Applicable,No,Not Applicable,161,Credit Card,18,3.8,3.9
2024-07-11 04:32:00,CNR6008048312,Canceled by Driver,CID658046,eBike,Shivajinagar,Kammanahalli,,,Not Applicable,More than permitted people in there,Not Applicable,Not Applicable,351,Not Applicable,0,,
2024-07-16 01:36:00,CNR2575315085,Success,CID321384,Auto,Whitefield,JP Nagar,259.0,140.0,Not Applicable,Not Applicable,No,Not Applicable,1829,Cash,19,4.5,3.4
2024-07-03 13:46:00,CNR6146029734,Canceled by Driver,CID871654,Bike,Chickpet,Banashankari,,,Not Applicable,Personal & Car related issue,Not Applicable,Not Applicable,2900,Not Applicable,0,,
2024-07-18 07:30:00,CNR7210121408,Success,CID888985,Auto,Ulsoor,Whitefield,147.0,70.0,Not Applicable,Not Applicable,No,Not Applicable,295,Cash,15,4.5,4.0
2024-07-12 05:10:00,CNR6191521597,Canceled by Driver,CID857627,Prime SUV,KR Puram,Padmanabhanagar,,,Not Applicable,Personal & Car related issue,Not Applicable,Not Applicable,147,Not Applicable,0,,
2024-07-18 13:45:00,CNR4239732349,Success,CID102595,Mini,Mysore Road,Yeshwanthpur,308.0,30.0,Not Applicable,Not Applicable,No,Not Applicable,960,UPI,22,3.4,4.4
2024-07-28 09:24:00,CNR6068482856,Canceled by Customer,CID473964,Bike,Padmanabhanagar,Langford Town,,,Driver is not moving towards pickup location,Not Applicable,Not Applicable,Not Applicable,164,Not Applicable,0,,
2024-07-08 21:11:00,CNR6760353966,Success,CID467400,Prime Plus,BTM Layout,Vijayanagar,154.0,60.0,Not Applicable,Not Applicable,No,Not Applicable,386,Cash,35,4.2,4.0
2024-07-17 08:34:00,CNR4199152680,Driver Not Found,CID573754,Prime Plus,Sahakar Nagar,Mysore Road,,,Not Applicable,Not Applicable,Not Applicable,Not Applicable,478,Not Applicable,0,,
2024-07-26 22:29:00,CNR3164243285,Canceled by Customer,CID853960,Auto,HSR Layout,Mysore Road,,,Driver asked to cancel,Not Applicable,Not Applicable,Not Applicable,832,Not Applicable,0,,
2024-07-22 22:50:00,CNR5469227093,Success,CID112964,Prime Plus,Sahakar Nagar,Jayanagar,112.0,30.0,Not Applicable,Not Applicable,No,Not Applicable,294,Cash,40,3.6,4.0
2024-07-12 21:05:00,CNR1694711793,Canceled by Driver,CID955046,Auto,Basavanagudi,Rajajinagar,,,Not Applicable,Customer related issue,Not Applicable,Not Applicable,186,Not Applicable,0,,
2024-07-04 00:06:00,CNR4658300158,Success,CID957075,Prime SUV,JP Nagar,Indiranagar,126.0,75.0,Not Applicable,Not Applicable,No,Not Applicable,760,Cash,45,3.4,4.8
2024-07-24 11:17:00,CNR1996987939,Success,CID891611,Auto,Bellandur,Hulimavu,70.0,95.0,Not Applicable,Not Applicable,Yes,Other Issue,378,UPI,4,3.2,3.0
2024-07-08 15:20:00,CNR6885182925,Success,CID170890,Auto,Padmanabhanagar,Chamarajpet,63.0,135.0,Not Applicable,Not Applicable,No,Not Applicable,462,Cash,1,5.0,4.1
2024-07-10 06:45:00,CNR5095863247,Success,CID326450,Bike,JP Nagar,Chickpet,126.0,55.0,Not Applicable,Not Applicable,No,Not Applicable,294,Debit Card,1,3.8,4.7
2024-07-15 04:10:00,CNR9748138413,Driver Not Found,CID927748,Auto,Bannerghatta Road,Rajarajeshwari Nagar,,,Not Applicable,Not Applicable,Not Applicable,Not Applicable,2761,Not Applicable,0,,
2024-07-18 05:18:00,CNR8029695287,Success,CID863469,Bike,Kengeri,MG Road,35.0,55.0,Not Applicable,Not Applicable,No,Not Applicable,873,UPI,47,3.8,3.2
2024-07-30 04:05:00,CNR1301887431,Driver Not Found,CID245458,Bike,Kammanahalli,Vijayanagar,,,Not Applicable,Not Applicable,Not Applicable,Not Applicable,467,Not Applicable,0,,
2024-07-11 15:43:00,CNR9697056707,Success,CID771206,Prime Sedan,Chamarajpet,Mysore Road,273.0,115.0,Not Applicable,Not Applicable,No,Not Applicable,303,UPI,15,4.9,4.4
2024-07-14 14:13:00,CNR7403396147,Success,CID760570,Bike,Sahakar Nagar,Koramangala,175.0,45.0,Not Applicable,Not Applicable,Yes,Vehicle Breakdown,142,UPI,48,3.2,4.7
2024-07-11 09:36:00,CNR3672171984,Success,CID677410,Prime Plus,Vijayanagar,Peenya,63.0,40.0,Not Applicable,Not Applicable,No,Not Applicable,408,UPI,32,3.0,3.6
2024-07-04 22:34:00,CNR9798517637,Success,CID841749,Auto,HSR Layout,Bannerghatta Road,252.0,85.0,Not Applicable,Not Applicable,No,Not Applicable,271,UPI,15,4.3,4.6
2024-07-01 12:34:00,CNR2523561251,Canceled by Driver,CID655015,Auto,Koramangala,Marathahalli,,,Not Applicable,Personal & Car related issue,Not Applicable,Not Applicable,425,Not Applicable,0,,
2024-07-18 19:10:00,CNR4901075500,Success,CID424789,Prime Plus,Marathahalli,RT Nagar,98.0,60.0,Not Applicable,Not Applicable,No,Not Applicable,264,Cash,20,4.0,4.5
2024-07-16 08:39:00,CNR7201527828,Canceled by Driver,CID418781,Prime Plus,Yeshwanthpur,Hennur,,,Not Applicable,Customer was coughing/sick,Not Applicable,Not Applicable,331,Not Applicable,0,,
2024-07-19 15:52:00,CNR2762663064,Success,CID264286,Mini,Basavanagudi,Langford Town,98.0,65.0,Not Applicable,Not Applicable,No,Not Applicable,422,Cash,10,3.1,4.2
2024-07-05 13:19:00,CNR8665318019,Success,CID442446,Prime SUV,Whitefield,BTM Layout,140.0,35.0,Not Applicable,Not Applicable,No,Not Applicable,259,Debit Card,36,4.9,4.9
2024-07-22 17:13:00,CNR4739085394,Success,CID219917,Prime Sedan,Frazer Town,Ramamurthy Nagar,84.0,80.0,Not Applicable,Not Applicable,No,Not Applicable,1896,UPI,44,4.1,4.3
2024-07-12 18:27:00,CNR1415742252,Success,CID481788,Prime Plus,Peenya,Hebbal,294.0,125.0,Not Applicable,Not Applicable,No,Not Applicable,166,Cash,39,3.1,3.7
2024-07-23 20:11:00,CNR1900773010,Canceled by Driver,CID964106,Auto,Rajarajeshwari Nagar,Mysore Road,,,Not Applicable,Personal & Car related issue,Not Applicable,Not Applicable,159,Not Applicable,0,,
2024-07-17 23:56:00,CNR1027768942,Success,CID266133,Prime Plus,Ramamurthy Nagar,Peenya,301.0,75.0,Not Applicable,Not Applicable,No,Not Applicable,940,Cash,1,4.3,3.8
2024-07-28 04:19:00,CNR7793683385,Success,CID591013,Prime Sedan,Rajajinagar,Bannerghatta Road,196.0,60.0,Not Applicable,Not Applicable,No,Not Applicable,265,UPI,30,3.3,3.6
2024-07-30 09:57:00,CNR2874410119,Success,CID562046,Mini,Hosur Road,Ulsoor,63.0,85.0,Not Applicable,Not Applicable,No,Not Applicable,315,UPI,19,4.4,4.5
2024-07-24 09:25:00,CNR2576283649,Success,CID137438,eBike,Hennur,JP Nagar,77.0,95.0,Not Applicable,Not Applicable,Yes,Other Issue,422,Cash,36,4.5,3.2
2024-07-12 10:40:00,CNR8446280220,Canceled by Driver,CID765940,Bike,Malleshwaram,Ramamurthy Nagar,,,Not Applicable,Personal & Car related issue,Not Applicable,Not Applicable,195,Not Applicable,0,,
2024-07-08 14:34:00,CNR6210048473,Driver Not Found,CID556878,Prime Sedan,Hulimavu,Banashankari,,,Not Applicable,Not Applicable,Not Applicable,Not Applicable,491,Not Applicable,0,,
2024-07-09 18:36:00,CNR7549599928,Success,CID240168,Auto,Malleshwaram,Devanahalli,238.0,45.0,Not Applicable,Not Applicable,No,Not Applicable,430,UPI,7,4.1,4.4
2024-07-02 08:18:00,CNR9293359194,Success,CID423095,eBike,Bannerghatta Road,Yeshwanthpur,35.0,70.0,Not Applicable,Not Applicable,No,Not Applicable,153,Cash,33,4.3,4.6
2024-07-03 08:20:00,CNR2585372268,Success,CID627377,Mini,Bannerghatta Road,Marathahalli,266.0,125.0,Not Applicable,Not Applicable,No,Not Applicable,390,Cash,32,4.2,3.7
2024-07-23 22:49:00,CNR2401247249,Success,CID666512,Prime SUV,Bellandur,Kengeri,42.0,65.0,Not Applicable,Not Applicable,No,Not Applicable,456,Cash,14,3.8,4.4
2024-07-03 04:22:00,CNR1843626968,Success,CID452165,eBike,Kammanahalli,Chamarajpet,133.0,90.0,Not Applicable,Not Applicable,No,Not Applicable,156,Cash,13,3.7,3.9
2024-07-21 18:32:00,CNR3884025352,Success,CID255864,Prime SUV,Bellandur,JP Nagar,56.0,100.0,Not Applicable,Not Applicable,No,Not Applicable,416,Cash,10,3.8,3.3
2024-07-06 12:27:00,CNR8633115337,Success,CID799166,Bike,Basavanagudi,Chamarajpet,189.0,145.0,Not Applicable,Not Applicable,No,Not Applicable,610,Cash,1,3.3,3.4
2024-07-07 23:12:00,CNR9492897332,Success,CID333788,Auto,JP Nagar,Padmanabhanagar,280.0,100.0,Not Applicable,Not Applicable,No,Not Applicable,408,UPI,5,4.1,3.0
2024-07-02 09:02:00,CNR1930587342,Success,CID269593,Bike,Kadugodi,Shantinagar,210.0,135.0,Not Applicable,Not Applicable,No,Not Applicable,182,UPI,6,4.5,4.0
2024-07-08 11:49:00,CNR7499857487,Canceled by Customer,CID800995,Prime Sedan,Chickpet,KR Puram,,,Driver is not moving towards pickup location,Not Applicable,Not Applicable,Not Applicable,646,Not Applicable,0,,
2024-07-22 20:45:00,CNR9637794971,Success,CID394325,Bike,Ramamurthy Nagar,Shivajinagar,175.0,90.0,Not Applicable,Not Applicable,No,Not Applicable,239,Cash,33,4.0,4.9
2024-07-18 04:59:00,CNR3643059937,Canceled by Driver,CID102577,Bike,Peenya,Rajarajeshwari Nagar,,,Not Applicable,Customer related issue,Not Applicable,Not Applicable,464,Not Applicable,0,,
2024-07-22 22:51:00,CNR8726856689,Success,CID911266,Auto,MG Road,Yeshwanthpur,70.0,140.0,Not Applicable,Not Applicable,No,Not Applicable,363,Cash,15,3.0,3.5
2024-07-01 04:18:00,CNR1865725577,Canceled by Customer,CID308512,Bike,Jayanagar,Ulsoor,,,Driver is not moving towards pickup location,Not Applicable,Not Applicable,Not Applicable,167,Not Applicable,0,,
2024-07-01 20:05:00,CNR8632287994,Success,CID739733,Prime Sedan,Kammanahalli,Indiranagar,63.0,65.0,Not Applicable,Not Applicable,No,Not Applicable,574,UPI,31,4.2,3.6
2024-07-20 08:57:00,CNR1883381536,Canceled by Driver,CID443481,Prime Plus,Basavanagudi,Sahakar Nagar,,,Not Applicable,Customer was coughing/sick,Not Applicable,Not Applicable,577,Not Applicable,0,,
2024-07-21 08:37:00,CNR9851246931,Driver Not Found,CID808131,Mini,Ulsoor,Rajarajeshwari Nagar,,,Not Applicable,Not Applicable,Not Applicable,Not Applicable,215,Not Applicable,0,,
2024-07-15 18:39:00,CNR2981608201,Success,CID630974,Prime Sedan,Tumkur Road,Langford Town,49.0,135.0,Not Applicable,Not Applicable,No,Not Applicable,202,Cash,38,3.9,3.9
2024-07-20 04:23:00,CNR8490256561,Success,CID422802,Mini,Bannerghatta Road,Hebbal,133.0,120.0,Not Applicable,Not Applicable,No,Not Applicable,581,Cash,24,3.5,4.7
2024-07-12 11:29:00,CNR2267325649,Success,CID985463,Prime Plus,Langford Town,Rajarajeshwari Nagar,280.0,125.0,Not Applicable,Not Applicable,No,Not Applicable,299,Cash,35,3.0,4.1
2024-07-18 04:47:00,CNR4587693248,Success,CID996814,Prime Sedan,Chamarajpet,Padmanabhanagar,63.0,75.0,Not Applicable,Not Applicable,No,Not Applicable,256,UPI,22,4.9,3.3
2024-07-08 05:24:00,CNR8631067049,Success,CID422698,Prime Plus,RT Nagar,Peenya,49.0,60.0,Not Applicable,Not Applicable,No,Not Applicable,158,Cash,18,3.1,3.9
2024-07-16 15:52:00,CNR5697187806,Canceled by Customer,CID942335,Auto,Devanahalli,Banashankari,,,Wrong Address,Not Applicable,Not Applicable,Not Applicable,147,Not Applicable,0,,
2024-07-13 22:29:00,CNR4695276755,Canceled by Driver,CID488578,Mini,Rajarajeshwari Nagar,Devanahalli,,,Not Applicable,Personal & Car related issue,Not Applicable,Not Applicable,870,Not Applicable,0,,
2024-07-07 16:04:00,CNR6063407421,Success,CID181782,eBike,Bellandur,Sarjapur Road,217.0,115.0,Not Applicable,Not Applicable,No,Not Applicable,1391,Cash,2,4.6,3.3
2024-07-11 16:50:00,CNR6461600895,Success,CID886565,Prime Plus,Bannerghatta Road,MG Road,112.0,115.0,Not Applicable,Not Applicable,No,Not Applicable,434,Cash,11,3.8,4.6
2024-07-15 22:36:00,CNR8410083021,Success,CID562960,Mini,Banashankari,Bellandur,259.0,145.0,Not Applicable,Not Applicable,No,Not Applicable,1172,UPI,17,3.9,4.7
2024-07-23 03:30:00,CNR4984174383,Success,CID760459,Mini,Koramangala,Yelahanka,35.0,65.0,Not Applicable,Not Applicable,No,Not Applicable,103,Cash,49,4.5,4.8
2024-07-02 17:54:00,CNR2410190251,Success,CID795296,Prime Plus,Sarjapur Road,Shivajinagar,126.0,75.0,Not Applicable,Not Applicable,No,Not Applicable,1209,Cash,45,4.3,3.3
2024-07-18 17:25:00,CNR4636863704,Canceled by Driver,CID855687,Auto,Hennur,JP Nagar,,,Not Applicable,Customer related issue,Not Applicable,Not Applicable,686,Not Applicable,0,,
2024-07-06 04:31:00,CNR9078809529,Canceled by Driver,CID317804,Prime SUV,Electronic City,Indiranagar,,,Not Applicable,Customer related issue,Not Applicable,Not Applicable,216,Not Applicable,0,,
2024-07-01 20:03:00,CNR2121488939,Success,CID347819,Mini,Padmanabhanagar,Hosur Road,259.0,30.0,Not Applicable,Not Applicable,No,Not Applicable,445,UPI,48,3.3,4.4
2024-07-06 19:42:00,CNR6483325703,Canceled by Driver,CID161258,Prime Plus,Shantinagar,Mysore Road,,,Not Applicable,More than permitted people in there,Not Applicable,Not Applicable,492,Not Applicable,0,,
2024-07-05 11:04:00,CNR6297105290,Success,CID215471,Auto,Rajarajeshwari Nagar,Yeshwanthpur,105.0,110.0,Not Applicable,Not Applicable,Yes,Customer Demand,874,Cash,16,4.5,4.0
2024-07-29 10:49:00,CNR8339425809,Canceled by Driver,CID518614,Prime Plus,MG Road,Koramangala,,,Not Applicable,Customer related issue,Not Applicable,Not Applicable,827,Not Applicable,0,,
2024-07-28 16:41:00,CNR3117046298,Success,CID305121,Prime Plus,RT Nagar,HSR Layout,231.0,125.0,Not Applicable,Not Applicable,No,Not Applicable,289,Credit Card,33,4.2,4.9
2024-07-19 19:27:00,CNR3231211788,Canceled by Driver,CID774894,Mini,Nagarbhavi,JP Nagar,,,Not Applicable,Customer related issue,Not Applicable,Not Applicable,129,Not Applicable,0,,
2024-07-28 18:38:00,CNR4081735736,Canceled by Driver,CID227828,Auto,HSR Layout,Varthur,,,Not Applicable,Customer related issue,Not Applicable,Not Applicable,479,Not Applicable,0,,
2024-07-26 13:04:00,CNR5831810036,Success,CID875932,Mini,Marathahalli,Magadi Road,56.0,30.0,Not Applicable,Not Applicable,No,Not Applicable,296,Cash,31,4.8,4.7
2024-07-25 09:12:00,CNR8830259199,Canceled by Driver,CID342053,Prime Plus,Yeshwanthpur,Marathahalli,,,Not Applicable,Customer was coughing/sick,Not Applicable,Not Applicable,490,Not Applicable,0,,
2024-07-20 18:58:00,CNR2493299661,Canceled by Driver,CID137652,Bike,Chickpet,Richmond Town,,,Not Applicable,Personal & Car related issue,Not Applicable,Not Applicable,381,Not Applicable,0,,
2024-07-05 04:12:00,CNR9855460603,Success,CID396604,Bike,Bellandur,Peenya,210.0,95.0,Not Applicable,Not Applicable,No,Not Applicable,212,UPI,26,3.4,4.9
2024-07-18 06:19:00,CNR3254938373,Canceled by Driver,CID700238,Bike,Peenya,Basavanagudi,,,Not Applicable,Customer related issue,Not Applicable,Not Applicable,710,Not Applicable,0,,
2024-07-06 17:47:00,CNR9944424531,Canceled by Driver,CID135775,Bike,Kammanahalli,Mysore Road,,,Not Applicable,Personal & Car related issue,Not Applicable,Not Applicable,456,Not Applicable,0,,
2024-07-18 13:38:00,CNR2383300159,Success,CID110640,Bike,Hebbal,Hennur,294.0,80.0,Not Applicable,Not Applicable,No,Not Applicable,472,UPI,26,4.0,3.2
2024-07-04 19:15:00,CNR9356847628,Success,CID390779,Auto,Hebbal,Rajajinagar,217.0,95.0,Not Applicable,Not Applicable,No,Not Applicable,543,Cash,12,4.0,3.4
2024-07-20 07:44:00,CNR4902879434,Success,CID743818,eBike,Padmanabhanagar,MG Road,287.0,130.0,Not Applicable,Not Applicable,No,Not Applicable,815,Cash,5,3.2,3.5
2024-07-18 09:03:00,CNR1477093037,Success,CID304116,Prime SUV,Hosur Road,Richmond Town,140.0,125.0,Not Applicable,Not Applicable,No,Not Applicable,637,UPI,46,4.5,3.2
2024-07-15 23:33:00,CNR2239299965,Driver Not Found,CID889692,eBike,Hennur,Majestic,,,Not Applicable,Not Applicable,Not Applicable,Not Applicable,494,Not Applicable,0,,
2024-07-05 07:26:00,CNR8389545464,Success,CID954023,Auto,Majestic,Nagarbhavi,273.0,75.0,Not Applicable,Not Applicable,Yes,Other Issue,792,UPI,15,3.6,3.3
2024-07-06 09:26:00,CNR8558799765,Canceled by Driver,CID890884,eBike,Nagarbhavi,JP Nagar,,,Not Applicable,Customer was coughing/sick,Not Applicable,Not Applicable,391,Not Applicable,0,,
2024-07-25 07:38:00,CNR6980032803,Driver Not Found,CID459698,Prime SUV,Bannerghatta Road,Yelahanka,,,Not Applicable,Not Applicable,Not Applicable,Not Applicable,281,Not Applicable,0,,
2024-07-20 06:26:00,CNR5076575154,Success,CID176066,Auto,Yeshwanthpur,Tumkur Road,126.0,100.0,Not Applicable,Not Applicable,No,Not Applicable,989,Credit Card,4,4.5,3.4
2024-07-12 20:12:00,CNR8033189463,Canceled by Driver,CID917976,Mini,Bannerghatta Road,Kadugodi,,,Not Applicable,Customer was coughing/sick,Not Applicable,Not Applicable,104,Not Applicable,0,,
2024-07-30 23:47:00,CNR7554261230,Success,CID876047,eBike,Hulimavu,Padmanabhanagar,224.0,110.0,Not Applicable,Not Applicable,No,Not Applicable,2559,UPI,17,3.0,3.2
2024-07-18 17:15:00,CNR4676641421,Success,CID953657,Auto,JP Nagar,Padmanabhanagar,238.0,70.0,Not Applicable,Not Applicable,No,Not Applicable,236,Debit Card,18,3.3,3.2
2024-07-22 11:40:00,CNR2693970853,Success,CID883193,Bike,Kengeri,HSR Layout,70.0,75.0,Not Applicable,Not Applicable,No,Not Applicable,294,Cash,7,3.6,4.5
2024-07-21 20:14:00,CNR3302717644,Success,CID715985,Mini,Basavanagudi,Indiranagar,56.0,110.0,Not Applicable,Not Applicable,No,Not Applicable,979,Cash,48,4.9,4.8
2024-07-09 14:25:00,CNR7835745381,Success,CID926459,eBike,JP Nagar,Magadi Road,294.0,100.0,Not Applicable,Not Applicable,No,Not Applicable,492,Cash,2,3.3,4.1
2024-07-13 04:29:00,CNR9165877042,Canceled by Driver,CID892202,Mini,Tumkur Road,Kadugodi,,,Not Applicable,Customer was coughing/sick,Not Applicable,Not Applicable,2667,Not Applicable,0,,
2024-07-30 01:20:00,CNR2736377872,Canceled by Customer,CID331845,Prime SUV,Bellandur,Kadugodi,,,Change of plans,Not Applicable,Not Applicable,Not Applicable,235,Not Applicable,0,,
2024-07-16 15:47:00,CNR4896937761,Canceled by Driver,CID832644,Prime Sedan,Varthur,Cox Town,,,Not Applicable,More than permitted people in there,Not Applicable,Not Applicable,308,Not Applicable,0,,
2024-07-02 18:44:00,CNR5692982187,Success,CID881988,Auto,Shantinagar,Koramangala,210.0,145.0,Not Applicable,Not Applicable,No,Not Applicable,690,UPI,4,3.8,4.9
2024-07-27 23:20:00,CNR3020021350,Success,CID197847,Prime Sedan,Hosur Road,Sarjapur Road,210.0,145.0,Not Applicable,Not Applicable,No,Not Applicable,366,UPI,20,3.2,4.4
2024-07-23 03:37:00,CNR7825161361,Canceled by Driver,CID997911,Bike,Frazer Town,Vijayanagar,,,Not Applicable,Customer was coughing/sick,Not Applicable,Not Applicable,381,Not Applicable,0,,
2024-07-20 11:04:00,CNR8850899718,Success,CID551437,Mini,Koramangala,Cox Town,168.0,60.0,Not Applicable,Not Applicable,No,Not Applicable,228,Cash,49,3.7,4.8
2024-07-04 11:24:00,CNR8997605288,Success,CID630562,Prime SUV,Malleshwaram,Peenya,35.0,135.0,Not Applicable,Not Applicable,No,Not Applicable,488,UPI,43,4.0,4.3
2024-07-05 12:13:00,CNR3582446237,Canceled by Driver,CID614488,Prime Sedan,Langford Town,Hebbal,,,Not Applicable,Customer was coughing/sick,Not Applicable,Not Applicable,145,Not Applicable,0,,
2024-07-08 05:35:00,CNR5563686856,Canceled by Customer,CID150607,Auto,Hennur,Jayanagar,,,Change of plans,Not Applicable,Not Applicable,Not Applicable,228,Not Applicable,0,,
2024-07-28 16:06:00,CNR7235825634,Driver Not Found,CID711999,Bike,Basavanagudi,Banashankari,,,Not Applicable,Not Applicable,Not Applicable,Not Applicable,542,Not Applicable,0,,
2024-07-18 17:49:00,CNR8004187175,Success,CID174626,Prime SUV,Richmond Town,Banashankari,70.0,95.0,Not Applicable,Not Applicable,No,Not Applicable,216,Cash,28,3.7,4.4
2024-07-26 07:25:00,CNR9091566306,Success,CID317491,Prime Sedan,Ramamurthy Nagar,Majestic,49.0,95.0,Not Applicable,Not Applicable,No,Not Applicable,1800,Cash,47,3.5,4.8
2024-07-28 03:04:00,CNR9625003931,Success,CID571087,Prime Sedan,Magadi Road,BTM Layout,42.0,40.0,Not Applicable,Not Applicable,No,Not Applicable,245,Cash,29,3.1,4.8
2024-07-05 09:17:00,CNR5819305462,Canceled by Driver,CID344249,Auto,Frazer Town,Whitefield,,,Not Applicable,Customer was coughing/sick,Not Applicable,Not Applicable,222,Not Applicable,0,,
2024-07-27 09:54:00,CNR3683693737,Success,CID486510,Mini,Basavanagudi,Bannerghatta Road,98.0,115.0,Not Applicable,Not Applicable,No,Not Applicable,1310,Cash,47,3.4,3.9
2024-07-01 03:47:00,CNR7603195994,Canceled by Driver,CID722782,Prime Plus,Banashankari,Electronic City,,,Not Applicable,Customer was coughing/sick,Not Applicable,Not Applicable,116,Not Applicable,0,,
2024-07-04 07:29:00,CNR6295605155,Success,CID870348,Bike,Ramamurthy Nagar,Richmond Town,294.0,55.0,Not Applicable,Not Applicable,No,Not Applicable,529,Cash,12,4.3,3.4
2024-07-23 09:04:00,CNR9665812841,Success,CID553766,Mini,Tumkur Road,Cox Town,63.0,50.0,Not Applicable,Not Applicable,No,Not Applicable,346,Cash,39,3.2,3.5
2024-07-12 15:21:00,CNR9562104130,Success,CID322432,Auto,Padmanabhanagar,Chickpet,119.0,120.0,Not Applicable,Not Applicable,No,Not Applicable,2697,Cash,13,4.9,3.2
2024-07-26 16:41:00,CNR5342935287,Success,CID487561,eBike,Nagarbhavi,KR Puram,273.0,145.0,Not Applicable,Not Applicable,No,Not Applicable,341,Cash,12,3.3,4.3
2024-07-04 12:13:00,CNR2555505498,Success,CID884082,Bike,Sahakar Nagar,RT Nagar,168.0,130.0,Not Applicable,Not Applicable,Yes,Customer Demand,401,Cash,6,4.9,4.4
2024-07-14 07:15:00,CNR4242478315,Canceled by Driver,CID391226,Prime Sedan,Chamarajpet,Yeshwanthpur,,,Not Applicable,Personal & Car related issue,Not Applicable,Not Applicable,407,Not Applicable,0,,
2024-07-04 16:36:00,CNR5542724335,Driver Not Found,CID974507,Prime Plus,Cox Town,Kadugodi,,,Not Applicable,Not Applicable,Not Applicable,Not Applicable,529,Not Applicable,0,,
2024-07-20 00:25:00,CNR1928425143,Success,CID849012,Prime SUV,Electronic City,Devanahalli,280.0,40.0,Not Applicable,Not Applicable,No,Not Applicable,2422,Cash,45,3.2,4.3
2024-07-21 01:29:00,CNR7496382291,Success,CID719771,eBike,Malleshwaram,Varthur,147.0,40.0,Not Applicable,Not Applicable,No,Not Applicable,295,Cash,42,5.0,4.2
2024-07-19 22:14:00,CNR5616190257,Success,CID718088,Prime SUV,Mysore Road,Bellandur,203.0,135.0,Not Applicable,Not Applicable,No,Not Applicable,467,Cash,49,4.1,5.0
2024-07-20 01:21:00,CNR9058629137,Canceled by Driver,CID518801,Prime Plus,Shivajinagar,Basavanagudi,,,Not Applicable,Customer related issue,Not Applicable,Not Applicable,184,Not Applicable,0,,
2024-07-19 02:08:00,CNR3268867229,Driver Not Found,CID256656,eBike,Hulimavu,Hulimavu,,,Not Applicable,Not Applicable,Not Applicable,Not Applicable,272,Not Applicable,0,,
2024-07-06 16:36:00,CNR2687216532,Driver Not Found,CID989361,Bike,Majestic,Padmanabhanagar,,,Not Applicable,Not Applicable,Not Applicable,Not Applicable,127,Not Applicable,0,,
2024-07-17 07:18:00,CNR9186132241,Canceled by Driver,CID461387,Mini,Peenya,Nagarbhavi,,,Not Applicable,Personal & Car related issue,Not Applicable,Not Applicable,340,Not Applicable,0,,
2024-07-19 06:53:00,CNR3233900851,Canceled by Driver,CID940707,eBike,Peenya,Koramangala,,,Not Applicable,Customer related issue,Not Applicable,Not Applicable,1764,Not Applicable,0,,
2024-07-27 00:33:00,CNR2873866201,Canceled by Driver,CID834721,Mini,RT Nagar,Kadugodi,,,Not Applicable,Personal & Car related issue,Not Applicable,Not Applicable,337,Not Applicable,0,,
2024-07-23 05:13:00,CNR4606250716,Success,CID236039,Prime SUV,Cox Town,Mysore Road,175.0,85.0,Not Applicable,Not Applicable,No,Not Applicable,1246,Cash,40,4.6,3.4
2024-07-01 11:40:00,CNR8759425845,Success,CID567948,Bike,Frazer Town,Bellandur,294.0,135.0,Not Applicable,Not Applicable,No,Not Applicable,375,UPI,5,4.6,4.4
2024-07-04 04:21:00,CNR9110325005,Success,CID928908,Prime Plus,JP Nagar,Shantinagar,154.0,50.0,Not Applicable,Not Applicable,No,Not Applicable,481,Cash,23,3.8,3.2
2024-07-28 01:17:00,CNR6617284927,Success,CID852375,eBike,Mysore Road,Cox Town,266.0,115.0,Not Applicable,Not Applicable,No,Not Applicable,117,Credit Card,35,3.0,4.9
2024-07-08 17:01:00,CNR1109945135,Success,CID926658,Prime Sedan,Banashankari,Mysore Road,189.0,105.0,Not Applicable,Not Applicable,No,Not Applicable,472,UPI,2,4.1,3.1
2024-07-12 03:46:00,CNR2207620131,Success,CID276434,Prime SUV,Sahakar Nagar,Majestic,308.0,145.0,Not Applicable,Not Applicable,Yes,Customer Demand,855,UPI,48,3.6,3.9
2024-07-16 15:30:00,CNR6739158554,Canceled by Customer,CID607189,Prime Plus,Jayanagar,Shivajinagar,,,AC is Not working,Not Applicable,Not Applicable,Not Applicable,452,Not Applicable,0,,
2024-07-25 08:12:00,CNR3792898066,Success,CID657272,Mini,Indiranagar,Chickpet,168.0,65.0,Not Applicable,Not Applicable,No,Not Applicable,1362,Cash,33,3.4,4.1
2024-07-17 10:18:00,CNR6172118784,Driver Not Found,CID508496,Prime Plus,Nagarbhavi,Peenya,,,Not Applicable,Not Applicable,Not Applicable,Not Applicable,220,Not Applicable,0,,
2024-07-26 10:55:00,CNR8286301565,Success,CID741851,Auto,Chickpet,Indiranagar,266.0,30.0,Not Applicable,Not Applicable,No,Not Applicable,276,Cash,4,4.5,4.9
2024-07-23 14:29:00,CNR7481267545,Canceled by Customer,CID758597,Mini,Nagarbhavi,Mysore Road,,,AC is Not working,Not Applicable,Not Applicable,Not Applicable,1445,Not Applicable,0,,
2024-07-01 12:59:00,CNR4222953981,Driver Not Found,CID476544,Prime SUV,Chamarajpet,Jayanagar,,,Not Applicable,Not Applicable,Not Applicable,Not Applicable,402,Not Applicable,0,,
2024-07-27 18:21:00,CNR1197307492,Success,CID653838,Prime Plus,MG Road,Malleshwaram,182.0,40.0,Not Applicable,Not Applicable,No,Not Applicable,369,UPI,15,3.4,4.9
2024-07-21 14:13:00,CNR7030244517,Success,CID132811,Bike,Hulimavu,Koramangala,224.0,35.0,Not Applicable,Not Applicable,Yes,Vehicle Breakdown,2699,Cash,14,4.2,4.4
2024-07-06 08:20:00,CNR7208769680,Success,CID804101,Prime Sedan,Rajajinagar,Hosur Road,119.0,65.0,Not Applicable,Not Applicable,No,Not Applicable,371,UPI,7,3.4,4.7
2024-07-14 17:58:00,CNR2504782122,Canceled by Customer,CID540582,Auto,Indiranagar,Whitefield,,,AC is Not working,Not Applicable,Not Applicable,Not Applicable,229,Not Applicable,0,,
2024-07-26 00:07:00,CNR8504032446,Driver Not Found,CID633492,Bike,Padmanabhanagar,Kammanahalli,,,Not Applicable,Not Applicable,Not Applicable,Not Applicable,482,Not Applicable,0,,
2024-07-23 04:41:00,CNR6519929665,Success,CID181117,Auto,Magadi Road,Whitefield,119.0,85.0,Not Applicable,Not Applicable,No,Not Applicable,2846,Cash,10,4.8,4.0
2024-07-09 11:17:00,CNR2778575862,Success,CID784055,Mini,Hulimavu,Hulimavu,294.0,45.0,Not Applicable,Not Applicable,No,Not Applicable,403,Cash,27,3.9,4.4
2024-07-02 14:21:00,CNR9260025718,Success,CID336294,Auto,Hennur,Devanahalli,175.0,135.0,Not Applicable,Not Applicable,No,Not Applicable,230,Cash,11,3.3,4.7
2024-07-11 00:23:00,CNR9235279046,Success,CID696457,Bike,Hennur,Sarjapur Road,266.0,100.0,Not Applicable,Not Applicable,No,Not Applicable,302,Cash,31,4.9,4.1
2024-07-22 13:21:00,CNR6181638996,Canceled by Driver,CID559325,Mini,Shantinagar,Yelahanka,,,Not Applicable,Personal & Car related issue,Not Applicable,Not Applicable,317,Not Applicable,0,,
2024-07-29 11:34:00,CNR1053377965,Success,CID815347,Prime SUV,Tumkur Road,Yelahanka,77.0,55.0,Not Applicable,Not Applicable,No,Not Applicable,478,Cash,41,4.0,4.0
2024-07-30 06:29:00,CNR8557037910,Success,CID507939,Prime Plus,KR Puram,Padmanabhanagar,133.0,105.0,Not Applicable,Not Applicable,No,Not Applicable,2991,UPI,31,3.3,3.1
2024-07-27 13:08:00,CNR8356192552,Canceled by Driver,CID811411,Auto,Mysore Road,Sarjapur Road,,,Not Applicable,Customer was coughing/sick,Not Applicable,Not Applicable,345,Not Applicable,0,,
2024-07-05 12:53:00,CNR8667955096,Success,CID929548,Prime Plus,Kadugodi,Peenya,238.0,75.0,Not Applicable,Not Applicable,No,Not Applicable,2226,UPI,9,4.6,4.6
2024-07-10 01:13:00,CNR7481840212,Success,CID192961,Mini,RT Nagar,Bannerghatta Road,49.0,115.0,Not Applicable,Not Applicable,No,Not Applicable,128,UPI,1,3.5,3.1
2024-07-21 14:20:00,CNR3835463209,Success,CID394068,Prime Plus,Mysore Road,Hebbal,42.0,105.0,Not Applicable,Not Applicable,No,Not Applicable,2743,UPI,11,4.5,3.9
2024-07-29 14:20:00,CNR7598904471,Success,CID315035,Prime Sedan,Chickpet,Kadugodi,273.0,25.0,Not Applicable,Not Applicable,No,Not Applicable,339,Cash,25,4.4,4.9
2024-07-18 17:14:00,CNR1179138341,Driver Not Found,CID431098,eBike,Mysore Road,Electronic City,,,Not Applicable,Not Applicable,Not Applicable,Not Applicable,1944,Not Applicable,0,,
2024-07-23 20:58:00,CNR5548387183,Canceled by Driver,CID667899,Mini,Indiranagar,Varthur,,,Not Applicable,Personal & Car related issue,Not Applicable,Not Applicable,224,Not Applicable,0,,
2024-07-08 05:19:00,CNR5775741341,Canceled by Customer,CID342160,Prime SUV,Yeshwanthpur,BTM Layout,,,Driver is not moving towards pickup location,Not Applicable,Not Applicable,Not Applicable,497,Not Applicable,0,,
2024-07-12 21:17:00,CNR7021888135,Canceled by Driver,CID873416,Prime SUV,Sarjapur Road,Basavanagudi,,,Not Applicable,Customer was coughing/sick,Not Applicable,Not Applicable,888,Not Applicable,0,,
2024-07-12 04:41:00,CNR6962727704,Canceled by Driver,CID240798,Prime Plus,KR Puram,Langford Town,,,Not Applicable,Customer was coughing/sick,Not Applicable,Not Applicable,337,Not Applicable,0,,
2024-07-17 18:38:00,CNR4372084814,Success,CID888818,Auto,Vijayanagar,Devanahalli,280.0,30.0,Not Applicable,Not Applicable,No,Not Applicable,218,UPI,9,4.4,4.8
2024-07-07 07:41:00,CNR9338454828,Canceled by Driver,CID387633,Prime SUV,Indiranagar,Sarjapur Road,,,Not Applicable,Personal & Car related issue,Not Applicable,Not Applicable,597,Not Applicable,0,,
2024-07-23 02:58:00,CNR7566163449,Success,CID818190,Prime Plus,Ramamurthy Nagar,Kengeri,147.0,45.0,Not Applicable,Not Applicable,No,Not Applicable,1051,Cash,30,4.5,5.0
2024-07-17 05:57:00,CNR9239551933,Canceled by Driver,CID655748,eBike,Sarjapur Road,Koramangala,,,Not Applicable,Personal & Car related issue,Not Applicable,Not Applicable,401,Not Applicable,0,,
2024-07-21 01:24:00,CNR5432436008,Success,CID744022,eBike,Koramangala,Jayanagar,196.0,105.0,Not Applicable,Not Applicable,No,Not Applicable,750,UPI,4,4.0,3.3
2024-07-18 08:38:00,CNR1315703349,Success,CID339344,Bike,RT Nagar,Indiranagar,238.0,55.0,Not Applicable,Not Applicable,No,Not Applicable,122,Cash,29,3.3,3.2
2024-07-14 12:28:00,CNR6066498939,Canceled by Driver,CID956186,eBike,Ulsoor,Ramamurthy Nagar,,,Not Applicable,Customer was coughing/sick,Not Applicable,Not Applicable,167,Not Applicable,0,,
2024-07-29 20:44:00,CNR4900629639,Driver Not Found,CID324815,Prime SUV,Rajajinagar,Malleshwaram,,,Not Applicable,Not Applicable,Not Applicable,Not Applicable,323,Not Applicable,0,,
2024-07-27 10:59:00,CNR1418336795,Success,CID943411,Auto,Ulsoor,KR Puram,182.0,110.0,Not Applicable,Not Applicable,Yes,Vehicle Breakdown,368,UPI,13,4.0,4.1
2024-07-03 18:52:00,CNR3397260609,Canceled by Customer,CID918591,Bike,Yeshwanthpur,Padmanabhanagar,,,Driver asked to cancel,Not Applicable,Not Applicable,Not Applicable,901,Not Applicable,0,,
2024-07-05 03:54:00,CNR3790475041,Success,CID361320,Prime Plus,Yelahanka,BTM Layout,231.0,140.0,Not Applicable,Not Applicable,No,Not Applicable,120,UPI,3,3.7,3.9
2024-07-15 08:54:00,CNR5358601504,Success,CID997481,eBike,Rajarajeshwari Nagar,Vijayanagar,259.0,25.0,Not Applicable,Not Applicable,No,Not Applicable,303,Cash,33,3.3,3.7
2024-07-23 00:37:00,CNR8807222250,Success,CID325221,Bike,Sarjapur Road,Malleshwaram,189.0,140.0,Not Applicable,Not Applicable,No,Not Applicable,358,Cash,22,3.2,3.1
2024-07-27 20:08:00,CNR5596590183,Success,CID275206,Bike,Varthur,Langford Town,224.0,125.0,Not Applicable,Not Applicable,No,Not Applicable,237,Cash,35,3.0,4.2
2024-07-18 01:11:00,CNR1871321573,Success,CID975122,Mini,Basavanagudi,Jayanagar,175.0,85.0,Not Applicable,Not Applicable,No,Not Applicable,368,UPI,2,3.7,4.3
2024-07-20 01:04:00,CNR9000907972,Success,CID445738,Bike,Marathahalli,Richmond Town,224.0,95.0,Not Applicable,Not Applicable,No,Not Applicable,303,UPI,38,3.1,3.7
2024-07-09 20:32:00,CNR6785342423,Canceled by Customer,CID774266,Prime Plus,Devanahalli,Nagarbhavi,,,Change of plans,Not Applicable,Not Applicable,Not Applicable,787,Not Applicable,0,,
2024-07-12 17:21:00,CNR5468535110,Canceled by Driver,CID304246,Mini,Rajarajeshwari Nagar,Marathahalli,,,Not Applicable,More than permitted people in there,Not Applicable,Not Applicable,457,Not Applicable,0,,
2024-07-15 14:02:00,CNR9212594415,Canceled by Driver,CID333193,Prime Sedan,Kammanahalli,HSR Layout,,,Not Applicable,Customer was coughing/sick,Not Applicable,Not Applicable,283,Not Applicable,0,,
2024-07-24 07:43:00,CNR7474545612,Success,CID519081,eBike,Cox Town,RT Nagar,77.0,100.0,Not Applicable,Not Applicable,No,Not Applicable,247,Cash,10,3.3,4.3
2024-07-10 17:36:00,CNR2425535803,Success,CID820547,Prime SUV,Kadugodi,Richmond Town,182.0,65.0,Not Applicable,Not Applicable,No,Not Applicable,445,UPI,10,4.0,4.6
2024-07-19 13:58:00,CNR8214368062,Success,CID733580,Prime SUV,Yelahanka,Marathahalli,63.0,35.0,Not Applicable,Not Applicable,No,Not Applicable,276,UPI,33,4.1,4.1
2024-07-04 17:53:00,CNR9339404343,Canceled by Customer,CID353714,eBike,Majestic,Whitefield,,,Change of plans,Not Applicable,Not Applicable,Not Applicable,359,Not Applicable,0,,
2024-07-10 11:54:00,CNR9174141467,Success,CID675687,Prime SUV,Varthur,Electronic City,301.0,140.0,Not Applicable,Not Applicable,No,Not Applicable,420,UPI,21,4.4,4.5
2024-07-07 20:29:00,CNR1347239729,Success,CID663988,Prime Plus,Rajajinagar,Varthur,147.0,40.0,Not Applicable,Not Applicable,No,Not Applicable,413,Cash,24,3.9,4.8
2024-07-02 14:20:00,CNR2632074664,Canceled by Customer,CID330689,Auto,Electronic City,Banashankari,,,AC is Not working,Not Applicable,Not Applicable,Not Applicable,374,Not Applicable,0,,
2024-07-10 21:03:00,CNR6898966046,Success,CID368434,Prime Plus,Hosur Road,KR Puram,196.0,50.0,Not Applicable,Not Applicable,No,Not Applicable,383,Credit Card,39,3.1,4.4
2024-07-04 21:53:00,CNR1916228453,Success,CID659489,Auto,Jayanagar,Kadugodi,252.0,35.0,Not Applicable,Not Applicable,No,Not Applicable,2757,UPI,4,3.3,4.3
2024-07-25 06:08:00,CNR5871959232,Canceled by Customer,CID454811,eBike,Hebbal,Rajarajeshwari Nagar,,,AC is Not working,Not Applicable,Not Applicable,Not Applicable,154,Not Applicable,0,,
2024-07-18 10:26:00,CNR8673380448,Driver Not Found,CID241055,Prime SUV,Rajajinagar,Shantinagar,,,Not Applicable,Not Applicable,Not Applicable,Not Applicable,557,Not Applicable,0,,
2024-07-16 18:25:00,CNR1459796938,Canceled by Customer,CID338639,Prime Sedan,Banashankari,HSR Layout,,,Change of plans,Not Applicable,Not Applicable,Not Applicable,127,Not Applicable,0,,
2024-07-05 11:28:00,CNR9129350679,Success,CID368751,Mini,Whitefield,Ramamurthy Nagar,266.0,30.0,Not Applicable,Not Applicable,No,Not Applicable,293,Cash,42,4.3,3.7
2024-07-21 22:49:00,CNR3378036867,Success,CID814825,eBike,Tumkur Road,Koramangala,35.0,50.0,Not Applicable,Not Applicable,No,Not Applicable,137,Cash,16,3.1,4.2
2024-07-24 07:54:00,CNR2185190753,Canceled by Driver,CID638606,Prime Plus,Sahakar Nagar,Ulsoor,,,Not Applicable,Customer related issue,Not Applicable,Not Applicable,376,Not Applicable,0,,
2024-07-26 10:51:00,CNR7566572877,Success,CID467123,eBike,Hulimavu,Hulimavu,294.0,110.0,Not Applicable,Not Applicable,No,Not Applicable,253,Cash,19,4.5,3.1
2024-07-14 06:53:00,CNR1053663172,Canceled by Driver,CID632673,Mini,Yeshwanthpur,Hosur Road,,,Not Applicable,Customer was coughing/sick,Not Applicable,Not Applicable,430,Not Applicable,0,,
2024-07-13 03:17:00,CNR6510829677,Driver Not Found,CID506681,eBike,Bellandur,Ulsoor,,,Not Applicable,Not Applicable,Not Applicable,Not Applicable,471,Not Applicable,0,,
2024-07-10 15:43:00,CNR4879601339,Success,CID327534,Auto,Yelahanka,Hebbal,49.0,40.0,Not Applicable,Not Applicable,No,Not Applicable,1289,Cash,8,4.8,3.1
2024-07-24 00:53:00,CNR9246923134,Canceled by Driver,CID218226,Prime SUV,Yelahanka,MG Road,,,Not Applicable,Customer was coughing/sick,Not Applicable,Not Applicable,229,Not Applicable,0,,
2024-07-05 12:45:00,CNR8906963323,Canceled by Customer,CID642234,Bike,Jayanagar,Chickpet,,,AC is Not working,Not Applicable,Not Applicable,Not Applicable,1321,Not Applicable,0,,
2024-07-24 11:02:00,CNR1659151431,Success,CID743454,eBike,Rajajinagar,Sarjapur Road,245.0,125.0,Not Applicable,Not Applicable,No,Not Applicable,158,Cash,39,3.8,4.3
2024-07-07 14:19:00,CNR5565660425,Success,CID276347,Bike,Magadi Road,Varthur,98.0,45.0,Not Applicable,Not Applicable,Yes,Customer Demand,217,UPI,14,4.7,3.1
2024-07-09 10:39:00,CNR2655117703,Canceled by Customer,CID974307,eBike,Basavanagudi,Yelahanka,,,Driver asked to cancel,Not Applicable,Not Applicable,Not Applicable,185,Not Applicable,0,,
2024-07-05 06:01:00,CNR2417858490,Success,CID840609,Mini,Sahakar Nagar,Ramamurthy Nagar,217.0,60.0,Not Applicable,Not Applicable,No,Not Applicable,441,Credit Card,24,3.1,5.0
2024-07-26 11:05:00,CNR4572003658,Success,CID685077,Prime SUV,Banashankari,Varthur,140.0,70.0,Not Applicable,Not Applicable,No,Not Applicable,672,UPI,16,4.2,3.8
2024-07-07 11:11:00,CNR6503441929,Canceled by Customer,CID311729,Auto,Yeshwanthpur,Malleshwaram,,,AC is Not working,Not Applicable,Not Applicable,Not Applicable,436,Not Applicable,0,,
2024-07-20 19:28:00,CNR2927334083,Canceled by Driver,CID576819,Prime Plus,Whitefield,Whitefield,,,Not Applicable,More than permitted people in there,Not Applicable,Not Applicable,2115,Not Applicable,0,,
2024-07-27 08:05:00,CNR8453099702,Driver Not Found,CID111204,Bike,HSR Layout,Peenya,,,Not Applicable,Not Applicable,Not Applicable,Not Applicable,338,Not Applicable,0,,
2024-07-05 08:47:00,CNR8444338104,Success,CID645143,Prime SUV,Ulsoor,Richmond Town,126.0,50.0,Not Applicable,Not Applicable,No,Not Applicable,430,UPI,13,4.9,3.3
2024-07-19 18:21:00,CNR9984821395,Driver Not Found,CID192024,eBike,BTM Layout,Nagarbhavi,,,Not Applicable,Not Applicable,Not Applicable,Not Applicable,385,Not Applicable,0,,
2024-07-18 11:42:00,CNR6030685910,Canceled by Driver,CID878673,Mini,Langford Town,Peenya,,,Not Applicable,Customer related issue,Not Applicable,Not Applicable,205,Not Applicable,0,,
2024-07-30 15:57:00,CNR9638685176,Canceled by Customer,CID730020,Auto,MG Road,Peenya,,,Driver is not moving towards pickup location,Not Applicable,Not Applicable,Not Applicable,165,Not Applicable,0,,
2024-07-22 02:29:00,CNR8006929660,Success,CID914101,Prime Sedan,Bellandur,Kengeri,189.0,110.0,Not Applicable,Not Applicable,No,Not Applicable,639,Cash,2,4.2,4.6
2024-07-24 17:24:00,CNR3854821667,Success,CID902902,Auto,Shantinagar,Devanahalli,238.0,65.0,Not Applicable,Not Applicable,No,Not Applicable,750,Cash,9,4.8,4.5
2024-07-17 16:39:00,CNR6381566890,Success,CID759870,Prime Sedan,Koramangala,Kengeri,196.0,55.0,Not Applicable,Not Applicable,No,Not Applicable,526,Cash,41,3.2,4.9
2024-07-16 07:02:00,CNR5418443383,Success,CID576740,Prime Sedan,Sarjapur Road,Magadi Road,42.0,145.0,Not Applicable,Not Applicable,No,Not Applicable,198,Cash,31,4.5,3.0
2024-07-27 10:56:00,CNR8018578392,Success,CID377183,Auto,Ramamurthy Nagar,Shivajinagar,231.0,70.0,Not Applicable,Not Applicable,No,Not Applicable,370,Cash,6,3.8,3.9
2024-07-02 00:14:00,CNR7473187366,Canceled by Driver,CID615207,Mini,Yeshwanthpur,Indiranagar,,,Not Applicable,Personal & Car related issue,Not Applicable,Not Applicable,194,Not Applicable,0,,
2024-07-29 15:30:00,CNR5898037275,Driver Not Found,CID603674,Auto,Hebbal,Majestic,,,Not Applicable,Not Applicable,Not Applicable,Not Applicable,123,Not Applicable,0,,
2024-07-19 02:52:00,CNR4797844225,Canceled by Driver,CID653737,Prime Sedan,Padmanabhanagar,Chickpet,,,Not Applicable,Personal & Car related issue,Not Applicable,Not Applicable,600,Not Applicable,0,,
2024-07-01 09:08:00,CNR5048775172,Success,CID922395,eBike,Ulsoor,Hulimavu,217.0,135.0,Not Applicable,Not Applicable,No,Not Applicable,179,Cash,20,4.5,3.1
2024-07-04 22:14:00,CNR3297891973,Success,CID717103,Prime Sedan,Kammanahalli,Koramangala,294.0,140.0,Not Applicable,Not Applicable,No,Not Applicable,414,Cash,28,3.5,4.2
2024-07-01 08:03:00,CNR4849086383,Canceled by Driver,CID348929,Prime Plus,Banashankari,Sahakar Nagar,,,Not Applicable,Customer related issue,Not Applicable,Not Applicable,216,Not Applicable,0,,
2024-07-28 10:42:00,CNR1095020018,Driver Not Found,CID425642,Bike,Rajajinagar,Ulsoor,,,Not Applicable,Not Applicable,Not Applicable,Not Applicable,378,Not Applicable,0,,
2024-07-20 05:27:00,CNR1415500092,Success,CID491283,Mini,Mysore Road,Varthur,259.0,70.0,Not Applicable,Not Applicable,No,Not Applicable,780,Cash,26,4.2,3.2
2024-07-13 08:16:00,CNR1644630648,Canceled by Driver,CID186620,Mini,Varthur,Indiranagar,,,Not Applicable,Personal & Car related issue,Not Applicable,Not Applicable,296,Not Applicable,0,,
2024-07-19 14:44:00,CNR5514016826,Success,CID288575,Prime SUV,MG Road,Hebbal,161.0,145.0,Not Applicable,Not Applicable,No,Not Applicable,355,Cash,9,4.8,4.7
2024-07-18 19:56:00,CNR9159581316,Success,CID352847,Prime Plus,Rajarajeshwari Nagar,Electronic City,56.0,50.0,Not Applicable,Not Applicable,No,Not Applicable,179,Cash,36,3.7,4.1
2024-07-24 10:56:00,CNR4481027735,Success,CID310960,Prime SUV,Marathahalli,Sahakar Nagar,266.0,65.0,Not Applicable,Not Applicable,No,Not Applicable,400,Credit Card,46,4.7,3.3
2024-07-19 08:35:00,CNR4676128180,Success,CID778170,Bike,Shivajinagar,Richmond Town,84.0,95.0,Not Applicable,Not Applicable,No,Not Applicable,460,UPI,16,4.7,4.7
2024-07-13 02:02:00,CNR8130746615,Success,CID947618,Prime Plus,Banashankari,Hebbal,280.0,70.0,Not Applicable,Not Applicable,No,Not Applicable,2912,Cash,4,3.1,4.1
2024-07-06 20:53:00,CNR3088761507,Success,CID590630,Auto,Basavanagudi,Varthur,91.0,45.0,Not Applicable,Not Applicable,No,Not Applicable,526,UPI,17,4.4,4.8
2024-07-24 15:48:00,CNR3719548004,Success,CID200863,Prime SUV,Bellandur,Shivajinagar,119.0,60.0,Not Applicable,Not Applicable,No,Not Applicable,347,Cash,48,4.8,3.8
2024-07-03 22:32:00,CNR2724924677,Success,CID760029,Bike,Basavanagudi,Hulimavu,266.0,70.0,Not Applicable,Not Applicable,No,Not Applicable,441,UPI,41,3.8,4.4
2024-07-25 04:48:00,CNR8363300650,Success,CID591007,Prime SUV,Chickpet,BTM Layout,301.0,25.0,Not Applicable,Not Applicable,No,Not Applicable,321,UPI,47,4.9,3.9
2024-07-30 19:05:00,CNR6010388803,Success,CID107024,eBike,Kammanahalli,Hebbal,245.0,120.0,Not Applicable,Not Applicable,Yes,Customer Demand,617,Cash,44,3.4,3.0
2024-07-17 12:19:00,CNR4423649078,Success,CID542317,Prime Plus,Langford Town,Kammanahalli,98.0,120.0,Not Applicable,Not Applicable,No,Not Applicable,321,UPI,1,4.0,4.5
2024-07-30 18:16:00,CNR6819655546,Canceled by Driver,CID247154,Prime SUV,JP Nagar,Cox Town,,,Not Applicable,Personal & Car related issue,Not Applicable,Not Applicable,286,Not Applicable,0,,
2024-07-01 06:43:00,CNR8081925178,Success,CID128388,Mini,Padmanabhanagar,Sahakar Nagar,105.0,55.0,Not Applicable,Not Applicable,No,Not Applicable,201,Cash,1,4.4,3.8
2024-07-28 22:05:00,CNR1000167481,Success,CID515808,Prime SUV,Bellandur,Tumkur Road,63.0,25.0,Not Applicable,Not Applicable,No,Not Applicable,152,UPI,23,4.0,4.5
2024-07-29 10:33:00,CNR9178639876,Canceled by Driver,CID155754,Prime SUV,Yelahanka,Koramangala,,,Not Applicable,More than permitted people in there,Not Applicable,Not Applicable,457,Not Applicable,0,,
2024-07-18 15:39:00,CNR9961328913,Success,CID488366,Mini,Richmond Town,Chickpet,266.0,35.0,Not Applicable,Not Applicable,No,Not Applicable,197,UPI,7,4.4,4.9
2024-07-09 11:36:00,CNR4549711951,Success,CID635172,Mini,Langford Town,Bellandur,63.0,70.0,Not Applicable,Not Applicable,No,Not Applicable,340,Cash,12,4.9,4.9
2024-07-17 21:52:00,CNR3106792537,Canceled by Driver,CID174495,eBike,Nagarbhavi,Koramangala,,,Not Applicable,Customer was coughing/sick,Not Applicable,Not Applicable,316,Not Applicable,0,,
2024-07-05 22:18:00,CNR1562450237,Canceled by Driver,CID255128,Prime SUV,Marathahalli,Shantinagar,,,Not Applicable,Customer was coughing/sick,Not Applicable,Not Applicable,372,Not Applicable,0,,
2024-07-02 12:19:00,CNR6806473939,Success,CID635862,Mini,Mysore Road,RT Nagar,63.0,40.0,Not Applicable,Not Applicable,No,Not Applicable,196,UPI,42,4.4,3.2
2024-07-28 22:52:00,CNR1151764763,Success,CID535110,Prime SUV,Langford Town,Rajajinagar,196.0,25.0,Not Applicable,Not Applicable,No,Not Applicable,292,Cash,34,3.2,3.9
2024-07-30 15:21:00,CNR5031184707,Success,CID528501,eBike,Nagarbhavi,JP Nagar,238.0,90.0,Not Applicable,Not Applicable,Yes,Vehicle Breakdown,226,UPI,49,4.0,4.1
2024-07-26 14:16:00,CNR2390198826,Success,CID470601,Mini,Sarjapur Road,Devanahalli,217.0,80.0,Not Applicable,Not Applicable,No,Not Applicable,719,Cash,10,4.3,4.5
2024-07-23 02:03:00,CNR2461825074,Canceled by Driver,CID675461,Bike,Langford Town,Hosur Road,,,Not Applicable,Customer related issue,Not Applicable,Not Applicable,476,Not Applicable,0,,
2024-07-04 05:22:00,CNR5445600070,Canceled by Customer,CID413516,Prime Plus,JP Nagar,Indiranagar,,,Change of plans,Not Applicable,Not Applicable,Not Applicable,1335,Not Applicable,0,,
2024-07-25 03:49:00,CNR1896980309,Success,CID604732,Mini,Sarjapur Road,Richmond Town,301.0,95.0,Not Applicable,Not Applicable,No,Not Applicable,260,Cash,12,3.3,4.8
2024-07-14 19:01:00,CNR4893250600,Success,CID168483,Mini,Hosur Road,Shantinagar,63.0,75.0,Not Applicable,Not Applicable,No,Not Applicable,186,UPI,47,4.8,3.9
2024-07-01 14:17:00,CNR7725710139,Canceled by Customer,CID917612,Auto,Ulsoor,Whitefield,,,Driver is not moving towards pickup location,Not Applicable,Not Applicable,Not Applicable,493,Not Applicable,0,,
2024-07-10 01:26:00,CNR3425948351,Success,CID468635,Prime Plus,Devanahalli,MG Road,273.0,30.0,Not Applicable,Not Applicable,No,Not Applicable,957,Cash,24,4.3,4.2
2024-07-27 00:56:00,CNR8287940892,Canceled by Customer,CID772724,Prime Plus,MG Road,MG Road,,,Driver is not moving towards pickup location,Not Applicable,Not Applicable,Not Applicable,2910,Not Applicable,0,,
2024-07-25 03:25:00,CNR5623732822,Canceled by Driver,CID893886,Prime SUV,Hosur Road,Hennur,,,Not Applicable,Customer related issue,Not Applicable,Not Applicable,445,Not Applicable,0,,
2024-07-14 17:12:00,CNR7866586113,Canceled by Customer,CID567148,Prime Sedan,Kengeri,Mysore Road,,,Change of plans,Not Applicable,Not Applicable,Not Applicable,126,Not Applicable,0,,
2024-07-07 07:52:00,CNR6804098364,Canceled by Customer,CID927327,Prime SUV,MG Road,Frazer Town,,,Change of plans,Not Applicable,Not Applicable,Not Applicable,154,Not Applicable,0,,
2024-07-14 05:54:00,CNR7763201894,Success,CID835977,Mini,KR Puram,RT Nagar,140.0,120.0,Not Applicable,Not Applicable,No,Not Applicable,496,UPI,22,5.0,4.2
2024-07-23 15:48:00,CNR9989531036,Canceled by Driver,CID930428,Prime Sedan,Electronic City,Vijayanagar,,,Not Applicable,Personal & Car related issue,Not Applicable,Not Applicable,342,Not Applicable,0,,
2024-07-30 12:03:00,CNR3467911836,Canceled by Customer,CID221872,Prime Sedan,BTM Layout,Marathahalli,,,Driver asked to cancel,Not Applicable,Not Applicable,Not Applicable,114,Not Applicable,0,,
2024-07-15 07:49:00,CNR8784579844,Success,CID617205,Prime SUV,Malleshwaram,Hennur,238.0,60.0,Not Applicable,Not Applicable,No,Not Applicable,105,UPI,12,4.2,4.0
2024-07-17 00:27:00,CNR6554644737,Canceled by Customer,CID861490,Bike,KR Puram,Magadi Road,,,Driver is not moving towards pickup location,Not Applicable,Not Applicable,Not Applicable,365,Not Applicable,0,,
2024-07-29 23:49:00,CNR2380265835,Success,CID354371,Auto,Ramamurthy Nagar,Sarjapur Road,196.0,140.0,Not Applicable,Not Applicable,No,Not Applicable,281,Cash,19,3.7,4.3
2024-07-29 01:18:00,CNR3942686120,Canceled by Customer,CID503503,eBike,Sarjapur Road,Richmond Town,,,Driver is not moving towards pickup location,Not Applicable,Not Applicable,Not Applicable,104,Not Applicable,0,,
2024-07-18 18:31:00,CNR1902686694,Canceled by Customer,CID260679,Prime Sedan,Magadi Road,Koramangala,,,Driver is not moving towards pickup location,Not Applicable,Not Applicable,Not Applicable,450,Not Applicable,0,,
2024-07-23 11:32:00,CNR2492025289,Success,CID991989,Bike,Marathahalli,Jayanagar,133.0,90.0,Not Applicable,Not Applicable,Yes,Vehicle Breakdown,225,Cash,43,4.4,3.9
2024-07-17 15:58:00,CNR1640352464,Success,CID525562,Mini,Varthur,Chickpet,175.0,115.0,Not Applicable,Not Applicable,No,Not Applicable,504,Cash,22,4.8,3.8
2024-07-21 09:15:00,CNR5238230229,Success,CID436037,Prime Sedan,Rajajinagar,Shivajinagar,224.0,80.0,Not Applicable,Not Applicable,No,Not Applicable,263,UPI,1,4.0,4.1
2024-07-12 03:55:00,CNR1567518194,Success,CID632723,eBike,Hulimavu,Mysore Road,280.0,85.0,Not Applicable,Not Applicable,Yes,Vehicle Breakdown,1288,UPI,3,4.5,4.6
2024-07-26 05:21:00,CNR8069208444,Canceled by Customer,CID988927,Bike,Vijayanagar,Yelahanka,,,Driver is not moving towards pickup location,Not Applicable,Not Applicable,Not Applicable,387,Not Applicable,0,,
2024-07-16 10:41:00,CNR3476114412,Driver Not Found,CID377123,eBike,Ulsoor,Varthur,,,Not Applicable,Not Applicable,Not Applicable,Not Applicable,141,Not Applicable,0,,
2024-07-22 19:31:00,CNR2116067213,Success,CID239404,Prime Sedan,Chickpet,MG Road,105.0,95.0,Not Applicable,Not Applicable,No,Not Applicable,298,Cash,42,3.9,5.0
2024-07-02 04:34:00,CNR7192510238,Success,CID363395,eBike,Koramangala,Chamarajpet,161.0,65.0,Not Applicable,Not Applicable,No,Not Applicable,2175,UPI,32,4.2,3.4
2024-07-17 04:44:00,CNR1544375106,Success,CID495047,eBike,Majestic,KR Puram,266.0,105.0,Not Applicable,Not Applicable,No,Not Applicable,806,UPI,40,3.5,4.3
2024-07-11 18:53:00,CNR1361047550,Success,CID838795,Bike,Chickpet,Padmanabhanagar,126.0,55.0,Not Applicable,Not Applicable,No,Not Applicable,168,UPI,8,4.1,3.5
2024-07-25 07:36:00,CNR3017815768,Canceled by Driver,CID977231,Mini,JP Nagar,RT Nagar,,,Not Applicable,Personal & Car related issue,Not Applicable,Not Applicable,185,Not Applicable,0,,
2024-07-02 23:39:00,CNR5183305642,Success,CID781437,Prime Plus,Mysore Road,Shivajinagar,168.0,90.0,Not Applicable,Not Applicable,No,Not Applicable,2943,Credit Card,32,5.0,4.2
2024-07-07 22:09:00,CNR8536367375,Success,CID624085,Prime Plus,Ramamurthy Nagar,Frazer Town,217.0,110.0,Not Applicable,Not Applicable,No,Not Applicable,226,Cash,7,3.7,4.8
2024-07-27 23:54:00,CNR6372752673,Canceled by Customer,CID654546,Auto,Devanahalli,Bannerghatta Road,,,Driver asked to cancel,Not Applicable,Not Applicable,Not Applicable,1059,Not Applicable,0,,
2024-07-16 11:41:00,CNR3638157609,Driver Not Found,CID872201,eBike,Bannerghatta Road,Hennur,,,Not Applicable,Not Applicable,Not Applicable,Not Applicable,146,Not Applicable,0,,
2024-07-25 04:57:00,CNR4741364540,Success,CID711524,eBike,BTM Layout,Devanahalli,147.0,135.0,Not Applicable,Not Applicable,No,Not Applicable,504,Cash,1,4.1,4.9
2024-07-09 05:42:00,CNR9140458282,Success,CID729453,Prime Plus,Tumkur Road,Magadi Road,133.0,110.0,Not Applicable,Not Applicable,No,Not Applicable,291,Credit Card,16,3.2,4.4
2024-07-12 20:25:00,CNR5678600247,Success,CID189275,eBike,KR Puram,RT Nagar,49.0,90.0,Not Applicable,Not Applicable,No,Not Applicable,297,Cash,1,3.1,4.2
2024-07-03 14:15:00,CNR9091149059,Success,CID694626,Prime SUV,Chamarajpet,Rajarajeshwari Nagar,84.0,25.0,Not Applicable,Not Applicable,No,Not Applicable,302,UPI,42,4.6,3.5
2024-07-18 14:15:00,CNR6717761270,Success,CID479168,Auto,Banashankari,HSR Layout,301.0,110.0,Not Applicable,Not Applicable,No,Not Applicable,379,Cash,4,3.6,4.0
2024-07-10 03:30:00,CNR9788164276,Success,CID699943,Prime Sedan,Majestic,Hebbal,77.0,70.0,Not Applicable,Not Applicable,Yes,Customer Demand,846,Cash,20,3.2,3.5
2024-07-26 04:17:00,CNR4977709832,Driver Not Found,CID477418,Auto,Indiranagar,Rajajinagar,,,Not Applicable,Not Applicable,Not Applicable,Not Applicable,139,Not Applicable,0,,
2024-07-07 14:12:00,CNR4932179120,Canceled by Driver,CID946134,Mini,Frazer Town,Peenya,,,Not Applicable,Personal & Car related issue,Not Applicable,Not Applicable,247,Not Applicable,0,,
2024-07-29 13:02:00,CNR7653810306,Success,CID549662,Prime SUV,Cox Town,HSR Layout,119.0,75.0,Not Applicable,Not Applicable,No,Not Applicable,360,UPI,33,3.5,3.6
2024-07-15 03:44:00,CNR4855238826,Success,CID999286,Prime Plus,Hennur,Devanahalli,126.0,85.0,Not Applicable,Not Applicable,No,Not Applicable,1571,UPI,21,4.7,4.4
2024-07-16 00:02:00,CNR2267801706,Success,CID224487,eBike,Bellandur,Marathahalli,280.0,65.0,Not Applicable,Not Applicable,No,Not Applicable,360,Cash,3,4.5,3.2
2024-07-24 13:11:00,CNR5347030665,Canceled by Customer,CID202938,Prime Plus,Shivajinagar,Yeshwanthpur,,,Driver is not moving towards pickup location,Not Applicable,Not Applicable,Not Applicable,236,Not Applicable,0,,
2024-07-23 15:58:00,CNR2317035316,Success,CID394121,Prime Sedan,Shantinagar,Bellandur,224.0,120.0,Not Applicable,Not Applicable,No,Not Applicable,480,Cash,21,3.3,3.7
2024-07-11 10:28:00,CNR8050685172,Canceled by Customer,CID342785,Mini,Nagarbhavi,Rajarajeshwari Nagar,,,Driver asked to cancel,Not Applicable,Not Applicable,Not Applicable,191,Not Applicable,0,,
2024-07-23 20:26:00,CNR9916186820,Driver Not Found,CID994541,Prime Plus,Kammanahalli,Peenya,,,Not Applicable,Not Applicable,Not Applicable,Not Applicable,252,Not Applicable,0,,
2024-07-10 21:26:00,CNR6814008130,Driver Not Found,CID175137,Prime Sedan,Yelahanka,Cox Town,,,Not Applicable,Not Applicable,Not Applicable,Not Applicable,454,Not Applicable,0,,
2024-07-11 06:04:00,CNR4285509098,Canceled by Customer,CID397405,Prime SUV,Nagarbhavi,Sahakar Nagar,,,Driver is not moving towards pickup location,Not Applicable,Not Applicable,Not Applicable,175,Not Applicable,0,,
2024-07-28 23:37:00,CNR6025719708,Success,CID673581,Mini,Kammanahalli,Yeshwanthpur,308.0,135.0,Not Applicable,Not Applicable,No,Not Applicable,282,Cash,14,3.9,3.5
2024-07-24 03:52:00,CNR1283400093,Success,CID417608,Bike,Cox Town,Basavanagudi,56.0,90.0,Not Applicable,Not Applicable,No,Not Applicable,465,Cash,46,4.0,3.9
2024-07-09 06:22:00,CNR9710232125,Success,CID136786,Bike,Sahakar Nagar,Shantinagar,245.0,55.0,Not Applicable,Not Applicable,No,Not Applicable,740,UPI,40,3.5,3.9
2024-07-22 20:26:00,CNR3141821553,Canceled by Customer,CID693149,eBike,Rajajinagar,Majestic,,,Driver is not moving towards pickup location,Not Applicable,Not Applicable,Not Applicable,884,Not Applicable,0,,
2024-07-21 20:53:00,CNR2712319030,Success,CID806758,Bike,Sahakar Nagar,Peenya,42.0,60.0,Not Applicable,Not Applicable,No,Not Applicable,248,UPI,49,4.3,4.1
2024-07-04 11:07:00,CNR5159352388,Success,CID967785,eBike,Whitefield,Sahakar Nagar,140.0,65.0,Not Applicable,Not Applicable,No,Not Applicable,156,Cash,20,3.6,4.3
2024-07-27 22:37:00,CNR8727490159,Driver Not Found,CID715692,Prime Plus,Jayanagar,Ramamurthy Nagar,,,Not Applicable,Not Applicable,Not Applicable,Not Applicable,223,Not Applicable,0,,
2024-07-03 22:08:00,CNR4075968464,Success,CID393327,eBike,Malleshwaram,Sahakar Nagar,182.0,60.0,Not Applicable,Not Applicable,No,Not Applicable,1174,Cash,18,4.4,4.9
2024-07-29 05:38:00,CNR3869739807,Driver Not Found,CID833568,Prime SUV,Rajajinagar,JP Nagar,,,Not Applicable,Not Applicable,Not Applicable,Not Applicable,220,Not Applicable,0,,
2024-07-03 18:57:00,CNR7379392678,Canceled by Driver,CID485459,Prime SUV,Sarjapur Road,Hosur Road,,,Not Applicable,Customer related issue,Not Applicable,Not Applicable,179,Not Applicable,0,,
2024-07-30 11:08:00,CNR4350911081,Success,CID687647,Bike,Koramangala,Devanahalli,133.0,110.0,Not Applicable,Not Applicable,No,Not Applicable,216,Cash,23,3.1,3.9
2024-07-17 01:30:00,CNR2299176480,Success,CID975910,Bike,Indiranagar,Bellandur,70.0,30.0,Not Applicable,Not Applicable,No,Not Applicable,1168,UPI,47,4.1,3.8
2024-07-11 20:41:00,CNR5999113375,Success,CID950932,Mini,BTM Layout,Hennur,266.0,95.0,Not Applicable,Not Applicable,No,Not Applicable,300,Credit Card,20,4.0,3.1
2024-07-10 16:25:00,CNR3578030523,Success,CID873547,Mini,Chamarajpet,KR Puram,308.0,130.0,Not Applicable,Not Applicable,No,Not Applicable,496,Cash,12,4.9,4.7
2024-07-06 19:53:00,CNR7404740695,Canceled by Customer,CID859002,Prime SUV,Devanahalli,Marathahalli,,,AC is Not working,Not Applicable,Not Applicable,Not Applicable,445,Not Applicable,0,,
2024-07-19 01:08:00,CNR6229060173,Success,CID542631,Bike,Peenya,JP Nagar,98.0,110.0,Not Applicable,Not Applicable,No,Not Applicable,340,UPI,40,4.3,4.9
2024-07-27 11:54:00,CNR8806975916,Canceled by Driver,CID412258,Prime Plus,Frazer Town,Chamarajpet,,,Not Applicable,Customer related issue,Not Applicable,Not Applicable,174,Not Applicable,0,,
2024-07-21 15:45:00,CNR8022005809,Success,CID587923,eBike,Malleshwaram,Banashankari,168.0,60.0,Not Applicable,Not Applicable,No,Not Applicable,159,Cash,23,4.8,4.5
2024-07-23 09:25:00,CNR7551904848,Success,CID155192,Bike,Sarjapur Road,RT Nagar,154.0,125.0,Not Applicable,Not Applicable,No,Not Applicable,819,Cash,49,4.0,4.4
2024-07-15 09:33:00,CNR7461555154,Success,CID282479,Auto,Rajarajeshwari Nagar,RT Nagar,161.0,100.0,Not Applicable,Not Applicable,No,Not Applicable,310,UPI,5,4.2,3.8
2024-07-11 21:47:00,CNR8568848473,Success,CID961301,Auto,Shivajinagar,Electronic City,231.0,100.0,Not Applicable,Not Applicable,No,Not Applicable,467,UPI,18,4.1,3.7
2024-07-22 01:09:00,CNR5429837465,Success,CID820721,Auto,Richmond Town,KR Puram,98.0,85.0,Not Applicable,Not Applicable,No,Not Applicable,170,Cash,19,5.0,4.2
2024-07-06 17:09:00,CNR4444176670,Success,CID699103,Bike,Langford Town,Rajarajeshwari Nagar,224.0,105.0,Not Applicable,Not Applicable,Yes,Customer Demand,447,Cash,37,3.3,4.1
2024-07-18 03:20:00,CNR9760763754,Success,CID979078,Prime Sedan,Chamarajpet,Ramamurthy Nagar,126.0,110.0,Not Applicable,Not Applicable,No,Not Applicable,474,Cash,20,3.3,4.5
2024-07-22 19:43:00,CNR7959981122,Canceled by Customer,CID244079,eBike,Peenya,Sarjapur Road,,,Driver is not moving towards pickup location,Not Applicable,Not Applicable,Not Applicable,107,Not Applicable,0,,
2024-07-12 13:53:00,CNR8605941309,Driver Not Found,CID465042,Prime SUV,Tumkur Road,Hebbal,,,Not Applicable,Not Applicable,Not Applicable,Not Applicable,412,Not Applicable,0,,
2024-07-20 15:40:00,CNR5055706653,Success,CID935013,Prime Plus,Nagarbhavi,Hebbal,210.0,110.0,Not Applicable,Not Applicable,Yes,Vehicle Breakdown,352,Cash,33,4.5,3.3
2024-07-03 06:45:00,CNR9059435065,Success,CID280069,Prime Plus,Shantinagar,Bannerghatta Road,308.0,60.0,Not Applicable,Not Applicable,No,Not Applicable,402,Cash,10,4.7,5.0
2024-07-22 09:15:00,CNR1863181132,Driver Not Found,CID245489,Prime SUV,BTM Layout,Kengeri,,,Not Applicable,Not Applicable,Not Applicable,Not Applicable,352,Not Applicable,0,,
2024-07-18 14:23:00,CNR6053398235,Success,CID886385,Prime Sedan,Richmond Town,Rajajinagar,203.0,35.0,Not Applicable,Not Applicable,No,Not Applicable,225,UPI,11,3.8,3.5
2024-07-01 23:17:00,CNR6799924440,Success,CID681512,eBike,Kammanahalli,Shantinagar,203.0,145.0,Not Applicable,Not Applicable,No,Not Applicable,236,UPI,45,4.4,3.4
2024-07-27 13:57:00,CNR5412071010,Success,CID920997,Auto,Varthur,KR Puram,217.0,130.0,Not Applicable,Not Applicable,No,Not Applicable,401,Credit Card,16,3.3,4.2
2024-07-14 18:58:00,CNR1536881794,Canceled by Customer,CID271106,Bike,Bellandur,Malleshwaram,,,Change of plans,Not Applicable,Not Applicable,Not Applicable,182,Not Applicable,0,,
2024-07-08 03:50:00,CNR4023774437,Canceled by Driver,CID391690,Prime Plus,Kengeri,Hulimavu,,,Not Applicable,Personal & Car related issue,Not Applicable,Not Applicable,302,Not Applicable,0,,
2024-07-15 19:50:00,CNR8498858474,Success,CID666641,Prime Plus,Tumkur Road,Tumkur Road,259.0,85.0,Not Applicable,Not Applicable,No,Not Applicable,133,UPI,39,3.9,3.9
2024-07-23 06:47:00,CNR6139539966,Success,CID592789,Bike,Kadugodi,Sahakar Nagar,119.0,65.0,Not Applicable,Not Applicable,No,Not Applicable,355,UPI,46,4.4,3.2
2024-07-07 09:24:00,CNR8226324115,Success,CID496471,eBike,Vijayanagar,Varthur,42.0,55.0,Not Applicable,Not Applicable,No,Not Applicable,246,Cash,13,3.2,4.6
2024-07-17 06:41:00,CNR4943756277,Success,CID755751,Auto,Hulimavu,Varthur,245.0,105.0,Not Applicable,Not Applicable,No,Not Applicable,290,UPI,16,3.5,4.2
2024-07-04 02:15:00,CNR6180642835,Success,CID625863,Auto,Kengeri,Devanahalli,266.0,100.0,Not Applicable,Not Applicable,No,Not Applicable,233,UPI,6,3.5,3.9
2024-07-13 04:17:00,CNR7718555126,Success,CID743411,Auto,Shivajinagar,Ulsoor,168.0,95.0,Not Applicable,Not Applicable,No,Not Applicable,137,Cash,3,3.9,4.7
2024-07-21 13:44:00,CNR6704953102,Canceled by Driver,CID386340,Mini,Hennur,KR Puram,,,Not Applicable,Personal & Car related issue,Not Applicable,Not Applicable,1929,Not Applicable,0,,
2024-07-17 02:51:00,CNR1808460760,Success,CID331053,Prime Plus,BTM Layout,Devanahalli,161.0,110.0,Not Applicable,Not Applicable,No,Not Applicable,204,Cash,3,3.1,4.5
2024-07-21 23:14:00,CNR9018251994,Success,CID425760,Prime SUV,MG Road,Sarjapur Road,252.0,125.0,Not Applicable,Not Applicable,No,Not Applicable,2135,UPI,23,3.8,4.5
2024-07-06 06:58:00,CNR7362847354,Canceled by Customer,CID491741,eBike,Tumkur Road,MG Road,,,Driver is not moving towards pickup location,Not Applicable,Not Applicable,Not Applicable,832,Not Applicable,0,,
2024-07-29 20:44:00,CNR4847385274,Success,CID265287,Mini,Tumkur Road,Kadugodi,154.0,120.0,Not Applicable,Not Applicable,No,Not Applicable,202,UPI,5,3.6,4.2
2024-07-21 09:50:00,CNR4553090211,Success,CID295633,Prime Plus,Ulsoor,Whitefield,77.0,70.0,Not Applicable,Not Applicable,No,Not Applicable,689,Cash,12,4.7,3.9
2024-07-17 09:51:00,CNR9879365131,Success,CID973158,eBike,Jayanagar,Varthur,280.0,30.0,Not Applicable,Not Applicable,No,Not Applicable,827,Cash,20,3.2,3.2
2024-07-11 05:39:00,CNR6331360600,Canceled by Customer,CID938860,Auto,Chamarajpet,Tumkur Road,,,Change of plans,Not Applicable,Not Applicable,Not Applicable,334,Not Applicable,0,,
2024-07-02 00:31:00,CNR1514678694,Success,CID797480,Auto,Marathahalli,Magadi Road,308.0,70.0,Not Applicable,Not Applicable,No,Not Applicable,243,Cash,6,4.3,3.4
2024-07-17 23:33:00,CNR7894850737,Success,CID603972,eBike,RT Nagar,Shantinagar,273.0,115.0,Not Applicable,Not Applicable,No,Not Applicable,222,UPI,47,4.3,3.1
2024-07-21 23:01:00,CNR2958042518,Success,CID954610,Prime Sedan,Tumkur Road,Chickpet,168.0,45.0,Not Applicable,Not Applicable,No,Not Applicable,324,UPI,7,4.2,3.8
2024-07-09 02:31:00,CNR2663195774,Canceled by Customer,CID539803,Bike,Kadugodi,Kadugodi,,,AC is Not working,Not Applicable,Not Applicable,Not Applicable,978,Not Applicable,0,,
2024-07-24 15:47:00,CNR2288488284,Success,CID649533,eBike,Koramangala,Basavanagudi,252.0,90.0,Not Applicable,Not Applicable,No,Not Applicable,477,UPI,45,3.4,4.1
2024-07-15 17:03:00,CNR3299583826,Driver Not Found,CID963959,Prime Sedan,Rajarajeshwari Nagar,Malleshwaram,,,Not Applicable,Not Applicable,Not Applicable,Not Applicable,406,Not Applicable,0,,
2024-07-15 19:03:00,CNR4690545246,Success,CID988594,Prime Plus,RT Nagar,RT Nagar,203.0,70.0,Not Applicable,Not Applicable,No,Not Applicable,245,Cash,31,3.6,3.7
2024-07-30 18:03:00,CNR6841472142,Driver Not Found,CID843416,Prime SUV,Devanahalli,Hosur Road,,,Not Applicable,Not Applicable,Not Applicable,Not Applicable,1599,Not Applicable,0,,
2024-07-13 19:38:00,CNR1065665174,Success,CID915018,Mini,Devanahalli,HSR Layout,133.0,75.0,Not Applicable,Not Applicable,No,Not Applicable,399,UPI,26,3.0,3.9
2024-07-06 18:40:00,CNR9222063619,Canceled by Driver,CID704348,Prime Sedan,Indiranagar,Rajajinagar,,,Not Applicable,Customer related issue,Not Applicable,Not Applicable,368,Not Applicable,0,,
2024-07-07 08:55:00,CNR3940019036,Success,CID593618,Bike,Devanahalli,Tumkur Road,77.0,45.0,Not Applicable,Not Applicable,No,Not Applicable,909,Cash,34,3.8,4.2
2024-07-22 02:53:00,CNR7805338977,Success,CID857450,Prime SUV,Sarjapur Road,Varthur,224.0,40.0,Not Applicable,Not Applicable,No,Not Applicable,422,UPI,35,3.3,4.6
2024-07-29 19:22:00,CNR8744073796,Success,CID358062,Prime SUV,MG Road,MG Road,56.0,140.0,Not Applicable,Not Applicable,No,Not Applicable,320,UPI,42,3.5,3.2
2024-07-04 00:37:00,CNR5280751634,Success,CID915932,Prime SUV,Hosur Road,Sahakar Nagar,63.0,140.0,Not Applicable,Not Applicable,No,Not Applicable,316,Cash,24,4.1,4.8
2024-07-03 20:06:00,CNR9824645406,Canceled by Customer,CID376210,Prime Sedan,Malleshwaram,Majestic,,,Driver is not moving towards pickup location,Not Applicable,Not Applicable,Not Applicable,362,Not Applicable,0,,
2024-07-29 01:51:00,CNR7220128759,Success,CID113616,Mini,Padmanabhanagar,Kammanahalli,84.0,120.0,Not Applicable,Not Applicable,No,Not Applicable,191,UPI,4,3.5,3.7
2024-07-10 07:10:00,CNR3391392032,Canceled by Customer,CID441523,Prime SUV,Ramamurthy Nagar,Sarjapur Road,,,Change of plans,Not Applicable,Not Applicable,Not Applicable,846,Not Applicable,0,,
2024-07-12 14:30:00,CNR3889302756,Success,CID612831,Prime SUV,Banashankari,Majestic,273.0,40.0,Not Applicable,Not Applicable,No,Not Applicable,404,Cash,29,4.6,4.5
2024-07-01 07:14:00,CNR7625501209,Success,CID926304,eBike,Kadugodi,Padmanabhanagar,203.0,100.0,Not Applicable,Not Applicable,No,Not Applicable,2258,Credit Card,31,3.7,3.9
2024-07-09 03:25:00,CNR4679677324,Success,CID882955,Auto,Hosur Road,Basavanagudi,280.0,105.0,Not Applicable,Not Applicable,No,Not Applicable,147,UPI,2,4.3,4.7
2024-07-24 01:33:00,CNR5137113328,Success,CID439864,Bike,JP Nagar,Basavanagudi,252.0,50.0,Not Applicable,Not Applicable,No,Not Applicable,997,Cash,39,3.6,4.9
2024-07-17 02:35:00,CNR1454484028,Driver Not Found,CID876978,Mini,Ulsoor,Basavanagudi,,,Not Applicable,Not Applicable,Not Applicable,Not Applicable,505,Not Applicable,0,,
2024-07-12 14:25:00,CNR4436023485,Success,CID128196,Prime Plus,Indiranagar,Padmanabhanagar,35.0,60.0,Not Applicable,Not Applicable,No,Not Applicable,184,UPI,3,4.2,4.0
2024-07-12 11:38:00,CNR7721373967,Success,CID290082,Bike,BTM Layout,Shivajinagar,238.0,55.0,Not Applicable,Not Applicable,No,Not Applicable,383,UPI,19,3.9,5.0
2024-07-07 05:31:00,CNR5343818160,Success,CID152472,Auto,Sarjapur Road,Nagarbhavi,119.0,140.0,Not Applicable,Not Applicable,No,Not Applicable,2878,UPI,5,4.6,3.7
2024-07-05 22:31:00,CNR9651530916,Success,CID902914,eBike,Mysore Road,Vijayanagar,231.0,45.0,Not Applicable,Not Applicable,No,Not Applicable,436,Credit Card,22,4.4,4.5
2024-07-28 05:46:00,CNR1248117630,Success,CID461758,Prime Plus,Cox Town,Majestic,238.0,75.0,Not Applicable,Not Applicable,No,Not Applicable,172,Cash,27,4.5,3.5
2024-07-13 05:21:00,CNR1511575220,Success,CID771971,Auto,Koramangala,Hosur Road,56.0,130.0,Not Applicable,Not Applicable,No,Not Applicable,1769,Cash,5,4.4,3.6
2024-07-16 11:39:00,CNR3429077298,Success,CID198181,Prime Plus,Hennur,Chamarajpet,119.0,35.0,Not Applicable,Not Applicable,No,Not Applicable,282,Cash,6,4.8,3.7
2024-07-21 03:06:00,CNR4498307938,Success,CID223239,Auto,Sahakar Nagar,Malleshwaram,56.0,55.0,Not Applicable,Not Applicable,No,Not Applicable,863,Cash,16,4.6,4.1
2024-07-19 15:58:00,CNR6198413289,Canceled by Customer,CID246493,Mini,Nagarbhavi,Vijayanagar,,,Driver asked to cancel,Not Applicable,Not Applicable,Not Applicable,169,Not Applicable,0,,
2024-07-10 01:50:00,CNR6737901237,Canceled by Driver,CID678231,Auto,Kammanahalli,Cox Town,,,Not Applicable,Customer related issue,Not Applicable,Not Applicable,796,Not Applicable,0,,
2024-07-04 04:20:00,CNR4144144688,Canceled by Driver,CID833551,Auto,Peenya,Kadugodi,,,Not Applicable,Personal & Car related issue,Not Applicable,Not Applicable,218,Not Applicable,0,,
2024-07-18 16:58:00,CNR1566962442,Success,CID457592,eBike,Peenya,Sarjapur Road,63.0,40.0,Not Applicable,Not Applicable,No,Not Applicable,397,Cash,2,3.0,4.1
2024-07-27 12:17:00,CNR1951792782,Success,CID844772,Prime SUV,Jayanagar,Electronic City,238.0,120.0,Not Applicable,Not Applicable,No,Not Applicable,1376,Cash,30,3.7,3.0
2024-07-25 14:10:00,CNR5551447374,Success,CID104422,Bike,Koramangala,Mysore Road,245.0,105.0,Not Applicable,Not Applicable,No,Not Applicable,444,UPI,19,4.2,3.7
2024-07-20 05:42:00,CNR7293969689,Success,CID698224,Mini,Electronic City,Shantinagar,189.0,70.0,Not Applicable,Not Applicable,No,Not Applicable,615,UPI,3,3.3,4.2
2024-07-26 17:26:00,CNR3551043900,Success,CID995967,Prime Plus,JP Nagar,Jayanagar,140.0,140.0,Not Applicable,Not Applicable,Yes,Customer Demand,166,Cash,24,4.7,3.3
2024-07-29 14:13:00,CNR7517946400,Success,CID348797,Auto,Yeshwanthpur,Yelahanka,154.0,130.0,Not Applicable,Not Applicable,No,Not Applicable,114,Cash,16,4.1,4.2
2024-07-24 02:33:00,CNR8111953527,Canceled by Customer,CID160945,Prime Plus,Magadi Road,Yeshwanthpur,,,Driver asked to cancel,Not Applicable,Not Applicable,Not Applicable,129,Not Applicable,0,,
2024-07-30 16:01:00,CNR2944749498,Success,CID743489,Prime Plus,Hennur,Hulimavu,231.0,110.0,Not Applicable,Not Applicable,No,Not Applicable,157,Cash,26,3.5,3.7
2024-07-02 23:45:00,CNR1321812503,Success,CID900331,Prime Sedan,Whitefield,Tumkur Road,287.0,95.0,Not Applicable,Not Applicable,No,Not Applicable,190,Cash,9,5.0,3.2
2024-07-05 12:22:00,CNR8900830180,Success,CID966701,Bike,Basavanagudi,Mysore Road,70.0,25.0,Not Applicable,Not Applicable,No,Not Applicable,922,Cash,19,4.7,3.9
2024-07-28 19:25:00,CNR7707699864,Success,CID551723,Bike,Tumkur Road,Whitefield,49.0,105.0,Not Applicable,Not Applicable,No,Not Applicable,470,Cash,48,4.3,4.6
2024-07-30 20:10:00,CNR1903884752,Success,CID758351,Mini,HSR Layout,Cox Town,266.0,95.0,Not Applicable,Not Applicable,No,Not Applicable,411,UPI,31,5.0,3.3
2024-07-29 12:35:00,CNR5696996383,Success,CID632081,Prime SUV,Devanahalli,Marathahalli,133.0,135.0,Not Applicable,Not Applicable,No,Not Applicable,991,UPI,39,3.4,4.2
2024-07-21 13:13:00,CNR2941550430,Canceled by Customer,CID480599,Prime Plus,Banashankari,Yeshwanthpur,,,Change of plans,Not Applicable,Not Applicable,Not Applicable,331,Not Applicable,0,,
2024-07-25 06:53:00,CNR5969191470,Success,CID196429,Auto,Chamarajpet,Yelahanka,294.0,120.0,Not Applicable,Not Applicable,No,Not Applicable,450,UPI,18,4.4,3.9
2024-07-03 11:22:00,CNR6975633945,Canceled by Driver,CID155564,Mini,Tumkur Road,HSR Layout,,,Not Applicable,Personal & Car related issue,Not Applicable,Not Applicable,277,Not Applicable,0,,
2024-07-09 11:48:00,CNR4210954778,Success,CID981539,Prime Sedan,BTM Layout,Cox Town,35.0,110.0,Not Applicable,Not Applicable,No,Not Applicable,319,UPI,22,3.1,4.3
2024-07-17 21:38:00,CNR4671743105,Success,CID268570,eBike,Banashankari,JP Nagar,217.0,145.0,Not Applicable,Not Applicable,Yes,Customer Demand,363,Cash,8,4.2,4.2
2024-07-19 05:17:00,CNR4250854975,Success,CID332086,eBike,Hosur Road,Malleshwaram,133.0,100.0,Not Applicable,Not Applicable,No,Not Applicable,166,Cash,40,4.2,4.0
2024-07-03 13:10:00,CNR1405934137,Success,CID589059,Prime Sedan,Electronic City,Frazer Town,161.0,95.0,Not Applicable,Not Applicable,No,Not Applicable,1239,Cash,13,4.5,3.3
2024-07-14 12:32:00,CNR5330290533,Success,CID409200,Bike,Whitefield,Sahakar Nagar,49.0,80.0,Not Applicable,Not Applicable,No,Not Applicable,202,UPI,29,5.0,4.1
2024-07-18 18:15:00,CNR3597597582,Driver Not Found,CID930264,Bike,Hebbal,Hosur Road,,,Not Applicable,Not Applicable,Not Applicable,Not Applicable,394,Not Applicable,0,,
2024-07-02 01:58:00,CNR8554420561,Success,CID552704,Prime SUV,Sahakar Nagar,Rajajinagar,217.0,120.0,Not Applicable,Not Applicable,No,Not Applicable,277,UPI,25,3.4,4.5
2024-07-22 14:09:00,CNR3542081178,Success,CID807850,eBike,Rajarajeshwari Nagar,Electronic City,217.0,60.0,Not Applicable,Not Applicable,No,Not Applicable,470,Cash,2,4.4,3.1
2024-07-12 23:04:00,CNR1573536722,Success,CID599666,Bike,Nagarbhavi,Mysore Road,287.0,90.0,Not Applicable,Not Applicable,No,Not Applicable,982,UPI,35,3.9,4.7
2024-07-21 02:20:00,CNR3586991242,Success,CID876065,Prime Sedan,Richmond Town,Mysore Road,119.0,145.0,Not Applicable,Not Applicable,No,Not Applicable,125,UPI,29,4.3,4.2
2024-07-27 05:36:00,CNR4865186430,Success,CID505040,Auto,Tumkur Road,Ulsoor,294.0,130.0,Not Applicable,Not Applicable,No,Not Applicable,496,UPI,16,3.1,3.4
2024-07-12 19:28:00,CNR8567778019,Success,CID224810,Prime SUV,Chamarajpet,Hosur Road,217.0,90.0,Not Applicable,Not Applicable,No,Not Applicable,706,UPI,28,3.4,3.8
2024-07-19 04:49:00,CNR9843729923,Success,CID295304,Mini,Shantinagar,Hulimavu,35.0,130.0,Not Applicable,Not Applicable,No,Not Applicable,641,UPI,16,3.7,4.8
2024-07-11 06:52:00,CNR5713855520,Canceled by Driver,CID434703,eBike,Hulimavu,Jayanagar,,,Not Applicable,Customer was coughing/sick,Not Applicable,Not Applicable,194,Not Applicable,0,,
2024-07-24 17:24:00,CNR1807965448,Success,CID649166,Prime Plus,Chickpet,KR Puram,63.0,30.0,Not Applicable,Not Applicable,No,Not Applicable,227,Credit Card,3,4.9,3.6
2024-07-09 10:58:00,CNR8668313475,Canceled by Driver,CID606237,Auto,Shantinagar,Hennur,,,Not Applicable,Personal & Car related issue,Not Applicable,Not Applicable,2926,Not Applicable,0,,
2024-07-16 05:29:00,CNR2044410614,Success,CID995481,Bike,MG Road,Frazer Town,189.0,120.0,Not Applicable,Not Applicable,Yes,Customer Demand,103,UPI,21,3.7,3.3
2024-07-13 15:52:00,CNR2932114202,Success,CID515635,Mini,Yeshwanthpur,Rajajinagar,91.0,120.0,Not Applicable,Not Applicable,No,Not Applicable,1370,Cash,43,3.2,5.0
2024-07-05 03:24:00,CNR8818007504,Success,CID349100,Prime Sedan,JP Nagar,Magadi Road,203.0,140.0,Not Applicable,Not Applicable,No,Not Applicable,978,Cash,7,4.8,3.9
2024-07-08 15:21:00,CNR4127277974,Success,CID996998,Prime SUV,Hebbal,Mysore Road,168.0,70.0,Not Applicable,Not Applicable,No,Not Applicable,420,Cash,45,3.1,4.2
2024-07-01 11:26:00,CNR2917038692,Success,CID954441,Prime Plus,Padmanabhanagar,Jayanagar,280.0,50.0,Not Applicable,Not Applicable,No,Not Applicable,838,Cash,10,4.7,3.3
2024-07-13 00:59:00,CNR8481787708,Success,CID315813,Auto,Chickpet,Chamarajpet,91.0,115.0,Not Applicable,Not Applicable,No,Not Applicable,408,UPI,15,4.8,3.2
2024-07-18 23:19:00,CNR6304617693,Success,CID594181,Mini,Shantinagar,Banashankari,217.0,105.0,Not Applicable,Not Applicable,No,Not Applicable,581,UPI,5,3.4,4.5
2024-07-12 03:19:00,CNR1135440780,Success,CID613283,Mini,Padmanabhanagar,Malleshwaram,203.0,115.0,Not Applicable,Not Applicable,No,Not Applicable,117,UPI,16,3.9,3.2
2024-07-03 18:56:00,CNR1071350478,Driver Not Found,CID437694,Bike,RT Nagar,Kadugodi,,,Not Applicable,Not Applicable,Not Applicable,Not Applicable,285,Not Applicable,0,,
2024-07-19 17:42:00,CNR2764157927,Canceled by Driver,CID103550,Mini,Sahakar Nagar,Hulimavu,,,Not Applicable,Customer was coughing/sick,Not Applicable,Not Applicable,426,Not Applicable,0,,
2024-07-25 15:53:00,CNR2121260955,Success,CID176108,Prime Plus,Peenya,Koramangala,42.0,115.0,Not Applicable,Not Applicable,No,Not Applicable,275,Debit Card,7,4.6,3.0
2024-07-21 10:27:00,CNR3933288023,Canceled by Driver,CID816351,Prime Plus,Ramamurthy Nagar,Padmanabhanagar,,,Not Applicable,Personal & Car related issue,Not Applicable,Not Applicable,888,Not Applicable,0,,
2024-07-16 04:40:00,CNR4883727146,Success,CID881911,Prime Sedan,Padmanabhanagar,Whitefield,203.0,110.0,Not Applicable,Not Applicable,No,Not Applicable,674,UPI,14,3.7,4.7
2024-07-17 17:56:00,CNR9166500964,Success,CID609250,Prime Plus,Nagarbhavi,Nagarbhavi,161.0,140.0,Not Applicable,Not Applicable,No,Not Applicable,584,Cash,43,4.8,4.1
2024-07-09 12:57:00,CNR1590511791,Success,CID491052,Bike,Yeshwanthpur,Peenya,259.0,120.0,Not Applicable,Not Applicable,No,Not Applicable,178,Cash,40,3.1,3.1
2024-07-09 03:09:00,CNR2902169933,Success,CID168960,Prime Sedan,Chamarajpet,Koramangala,133.0,95.0,Not Applicable,Not Applicable,No,Not Applicable,347,UPI,28,3.4,4.1
2024-07-25 10:08:00,CNR9183618559,Driver Not Found,CID385776,Mini,Chamarajpet,MG Road,,,Not Applicable,Not Applicable,Not Applicable,Not Applicable,445,Not Applicable,0,,
2024-07-25 07:31:00,CNR1903461503,Driver Not Found,CID255852,Auto,Banashankari,Vijayanagar,,,Not Applicable,Not Applicable,Not Applicable,Not Applicable,186,Not Applicable,0,,
2024-07-12 00:31:00,CNR3274547400,Success,CID345680,Prime Plus,Rajarajeshwari Nagar,Devanahalli,49.0,105.0,Not Applicable,Not Applicable,No,Not Applicable,231,Cash,40,3.5,4.7
2024-07-24 22:14:00,CNR2117029810,Success,CID492975,Mini,MG Road,Kammanahalli,294.0,105.0,Not Applicable,Not Applicable,No,Not Applicable,758,Cash,25,3.1,3.2
2024-07-04 09:46:00,CNR4858136279,Canceled by Driver,CID248860,Mini,Whitefield,Ulsoor,,,Not Applicable,Personal & Car related issue,Not Applicable,Not Applicable,933,Not Applicable,0,,
2024-07-24 01:38:00,CNR7818576288,Success,CID196704,Mini,Ulsoor,Whitefield,287.0,115.0,Not Applicable,Not Applicable,No,Not Applicable,452,UPI,1,3.4,4.7
2024-07-28 01:02:00,CNR6556274511,Driver Not Found,CID177888,Bike,Shantinagar,Rajarajeshwari Nagar,,,Not Applicable,Not Applicable,Not Applicable,Not Applicable,492,Not Applicable,0,,
2024-07-16 20:53:00,CNR9406931063,Success,CID549261,Mini,Cox Town,Devanahalli,133.0,70.0,Not Applicable,Not Applicable,No,Not Applicable,922,Cash,16,4.9,4.7
2024-07-17 08:32:00,CNR3099609836,Canceled by Driver,CID837712,Auto,Chamarajpet,BTM Layout,,,Not Applicable,Customer related issue,Not Applicable,Not Applicable,142,Not Applicable,0,,
2024-07-18 05:45:00,CNR5617302413,Canceled by Driver,CID994010,eBike,Banashankari,Majestic,,,Not Applicable,Personal & Car related issue,Not Applicable,Not Applicable,472,Not Applicable,0,,
2024-07-19 07:00:00,CNR8482872170,Success,CID454108,Auto,Marathahalli,Mysore Road,77.0,125.0,Not Applicable,Not Applicable,No,Not Applicable,431,UPI,19,5.0,3.8
2024-07-13 15:05:00,CNR4089440728,Success,CID716190,eBike,Rajajinagar,Peenya,119.0,130.0,Not Applicable,Not Applicable,No,Not Applicable,311,Cash,6,4.0,4.7
2024-07-07 18:03:00,CNR5203052569,Success,CID563623,Auto,Chamarajpet,Hulimavu,133.0,60.0,Not Applicable,Not Applicable,No,Not Applicable,440,Cash,12,3.5,4.5
2024-07-07 08:04:00,CNR1265799091,Canceled by Driver,CID577204,Prime SUV,Kammanahalli,Majestic,,,Not Applicable,Personal & Car related issue,Not Applicable,Not Applicable,127,Not Applicable,0,,
2024-07-27 11:42:00,CNR5609620059,Success,CID531085,Auto,Cox Town,Shantinagar,84.0,75.0,Not Applicable,Not Applicable,No,Not Applicable,304,Credit Card,11,3.9,4.0
2024-07-25 23:04:00,CNR4028382979,Success,CID233602,Prime SUV,Devanahalli,Padmanabhanagar,231.0,145.0,Not Applicable,Not Applicable,No,Not Applicable,198,UPI,4,4.8,3.5
2024-07-27 21:39:00,CNR9463582308,Success,CID818452,Bike,Hebbal,Marathahalli,210.0,110.0,Not Applicable,Not Applicable,No,Not Applicable,222,UPI,16,4.2,3.2
2024-07-24 21:59:00,CNR4722159534,Success,CID343100,Prime Sedan,Hosur Road,Majestic,238.0,145.0,Not Applicable,Not Applicable,No,Not Applicable,352,Cash,10,4.7,4.2
2024-07-06 03:35:00,CNR8322898903,Success,CID147990,Bike,RT Nagar,JP Nagar,70.0,35.0,Not Applicable,Not Applicable,No,Not Applicable,433,UPI,17,4.4,3.8
2024-07-19 18:50:00,CNR3398362908,Success,CID613044,Auto,Vijayanagar,Devanahalli,126.0,95.0,Not Applicable,Not Applicable,No,Not Applicable,186,Cash,17,4.4,4.4
2024-07-09 10:46:00,CNR2537138469,Driver Not Found,CID653752,Prime Plus,Basavanagudi,Yelahanka,,,Not Applicable,Not Applicable,Not Applicable,Not Applicable,419,Not Applicable,0,,
2024-07-22 22:38:00,CNR3814997890,Success,CID747988,Bike,Banashankari,Magadi Road,224.0,125.0,Not Applicable,Not Applicable,No,Not Applicable,983,Cash,37,3.3,3.2
2024-07-30 07:05:00,CNR5442712303,Success,CID471397,eBike,Jayanagar,Jayanagar,245.0,80.0,Not Applicable,Not Applicable,No,Not Applicable,858,Cash,23,4.4,3.2
2024-07-04 23:03:00,CNR1952118253,Success,CID868989,Prime SUV,Ramamurthy Nagar,Chickpet,98.0,140.0,Not Applicable,Not Applicable,No,Not Applicable,125,Cash,44,4.3,4.8
2024-07-22 10:00:00,CNR1729892184,Success,CID437455,Prime SUV,Nagarbhavi,Hennur,266.0,130.0,Not Applicable,Not Applicable,No,Not Applicable,339,Cash,48,4.9,3.9
2024-07-02 08:34:00,CNR6539647044,Success,CID446842,Prime Sedan,Marathahalli,Bannerghatta Road,42.0,135.0,Not Applicable,Not Applicable,No,Not Applicable,602,UPI,18,4.1,3.4
2024-07-01 22:30:00,CNR3785521837,Canceled by Driver,CID180033,Prime SUV,Vijayanagar,Bannerghatta Road,,,Not Applicable,Customer was coughing/sick,Not Applicable,Not Applicable,334,Not Applicable,0,,
2024-07-05 15:23:00,CNR8277778451,Success,CID379513,eBike,Hennur,BTM Layout,147.0,70.0,Not Applicable,Not Applicable,No,Not Applicable,279,UPI,19,5.0,3.6
2024-07-28 21:38:00,CNR3774925567,Driver Not Found,CID641371,eBike,Vijayanagar,Varthur,,,Not Applicable,Not Applicable,Not Applicable,Not Applicable,177,Not Applicable,0,,
2024-07-03 02:59:00,CNR8467075352,Success,CID124193,Bike,Langford Town,Whitefield,280.0,95.0,Not Applicable,Not Applicable,No,Not Applicable,2108,Cash,32,3.7,3.8
2024-07-23 13:01:00,CNR5749266332,Success,CID705038,Prime Plus,Chickpet,Vijayanagar,112.0,45.0,Not Applicable,Not Applicable,No,Not Applicable,741,UPI,12,3.4,4.3
2024-07-26 10:06:00,CNR2360274752,Success,CID499285,eBike,Chamarajpet,Peenya,126.0,135.0,Not Applicable,Not Applicable,No,Not Applicable,254,UPI,44,4.9,4.2
2024-07-16 20:13:00,CNR7049398238,Canceled by Driver,CID752405,Auto,Bellandur,Marathahalli,,,Not Applicable,Customer related issue,Not Applicable,Not Applicable,118,Not Applicable,0,,
2024-07-26 22:14:00,CNR1044900364,Success,CID135692,eBike,Hulimavu,Nagarbhavi,112.0,110.0,Not Applicable,Not Applicable,No,Not Applicable,410,UPI,2,4.8,4.1
2024-07-22 12:41:00,CNR6491193171,Canceled by Driver,CID931994,Mini,Varthur,Hebbal,,,Not Applicable,Customer was coughing/sick,Not Applicable,Not Applicable,474,Not Applicable,0,,
2024-07-13 03:49:00,CNR2987218197,Canceled by Driver,CID377264,Prime Plus,Majestic,Hulimavu,,,Not Applicable,Customer related issue,Not Applicable,Not Applicable,423,Not Applicable,0,,
2024-07-23 10:03:00,CNR1237100848,Success,CID684442,Prime SUV,Chickpet,Bannerghatta Road,301.0,105.0,Not Applicable,Not Applicable,No,Not Applicable,478,Cash,38,4.0,3.2
2024-07-01 02:42:00,CNR7889288439,Canceled by Driver,CID773838,eBike,Electronic City,Kadugodi,,,Not Applicable,More than permitted people in there,Not Applicable,Not Applicable,108,Not Applicable,0,,
2024-07-22 18:05:00,CNR3106338552,Driver Not Found,CID386190,eBike,Padmanabhanagar,Langford Town,,,Not Applicable,Not Applicable,Not Applicable,Not Applicable,424,Not Applicable,0,,
2024-07-06 14:59:00,CNR9581247361,Canceled by Driver,CID739878,Prime Plus,Bellandur,Kengeri,,,Not Applicable,Personal & Car related issue,Not Applicable,Not Applicable,1198,Not Applicable,0,,
2024-07-12 17:19:00,CNR3817239654,Success,CID322763,Bike,Shantinagar,Tumkur Road,196.0,85.0,Not Applicable,Not Applicable,No,Not Applicable,650,Cash,4,4.9,4.6
2024-07-18 01:37:00,CNR1260444414,Success,CID739217,Mini,Hosur Road,Mysore Road,175.0,35.0,Not Applicable,Not Applicable,No,Not Applicable,452,UPI,38,4.2,3.4
2024-07-10 10:07:00,CNR8182170443,Canceled by Customer,CID349916,Prime Sedan,Malleshwaram,Peenya,,,Driver asked to cancel,Not Applicable,Not Applicable,Not Applicable,252,Not Applicable,0,,
2024-07-10 19:02:00,CNR8324660772,Canceled by Driver,CID995753,Prime SUV,Rajajinagar,Cox Town,,,Not Applicable,Personal & Car related issue,Not Applicable,Not Applicable,2807,Not Applicable,0,,
2024-07-17 23:58:00,CNR6047736356,Success,CID519670,Auto,Mysore Road,HSR Layout,287.0,50.0,Not Applicable,Not Applicable,No,Not Applicable,1101,UPI,12,3.2,4.3
2024-07-06 13:12:00,CNR7110290615,Success,CID931730,Prime Sedan,Bellandur,Cox Town,189.0,55.0,Not Applicable,Not Applicable,No,Not Applicable,309,UPI,21,3.2,4.0
2024-07-18 14:05:00,CNR8985046243,Canceled by Driver,CID773319,Prime Plus,Hebbal,Richmond Town,,,Not Applicable,Customer was coughing/sick,Not Applicable,Not Applicable,136,Not Applicable,0,,
2024-07-30 21:10:00,CNR8623230420,Canceled by Driver,CID950133,Bike,Banashankari,Koramangala,,,Not Applicable,Personal & Car related issue,Not Applicable,Not Applicable,848,Not Applicable,0,,
2024-07-24 17:29:00,CNR9132438425,Success,CID619156,Auto,Varthur,Sarjapur Road,77.0,125.0,Not Applicable,Not Applicable,No,Not Applicable,148,UPI,12,3.6,4.9
2024-07-21 08:18:00,CNR2747501220,Canceled by Customer,CID189507,Prime SUV,Yelahanka,Kengeri,,,Driver is not moving towards pickup location,Not Applicable,Not Applicable,Not Applicable,111,Not Applicable,0,,
2024-07-29 04:14:00,CNR9809175932,Success,CID341266,Mini,Hebbal,Hulimavu,196.0,120.0,Not Applicable,Not Applicable,No,Not Applicable,406,UPI,8,4.1,4.5
2024-07-25 10:37:00,CNR1428529502,Success,CID271062,Prime Sedan,Peenya,Hebbal,203.0,125.0,Not Applicable,Not Applicable,No,Not Applicable,579,UPI,41,4.9,3.9
2024-07-05 04:25:00,CNR6315014043,Canceled by Customer,CID921509,Prime Sedan,Sahakar Nagar,Whitefield,,,Driver is not moving towards pickup location,Not Applicable,Not Applicable,Not Applicable,285,Not Applicable,0,,
2024-07-23 12:31:00,CNR8171509351,Canceled by Driver,CID907146,Prime Plus,Shantinagar,Bellandur,,,Not Applicable,Customer related issue,Not Applicable,Not Applicable,303,Not Applicable,0,,
2024-07-12 06:18:00,CNR4005414023,Success,CID678093,Bike,Cox Town,Devanahalli,168.0,130.0,Not Applicable,Not Applicable,No,Not Applicable,370,Cash,37,4.7,3.0
2024-07-25 05:47:00,CNR3101651119,Success,CID131960,Bike,Majestic,Koramangala,77.0,120.0,Not Applicable,Not Applicable,No,Not Applicable,363,Cash,5,4.6,4.0
2024-07-23 05:30:00,CNR3947172867,Success,CID788930,eBike,Majestic,Ramamurthy Nagar,49.0,140.0,Not Applicable,Not Applicable,No,Not Applicable,563,Debit Card,21,3.6,4.8
2024-07-27 10:48:00,CNR5455494116,Success,CID313414,Auto,Marathahalli,Rajarajeshwari Nagar,70.0,80.0,Not Applicable,Not Applicable,No,Not Applicable,574,Cash,3,4.5,3.2
2024-07-29 03:01:00,CNR1287130577,Canceled by Driver,CID953747,Bike,Hosur Road,Nagarbhavi,,,Not Applicable,Personal & Car related issue,Not Applicable,Not Applicable,2071,Not Applicable,0,,
2024-07-18 08:33:00,CNR2124351637,Success,CID539144,Prime Plus,Yelahanka,Shantinagar,42.0,115.0,Not Applicable,Not Applicable,No,Not Applicable,626,UPI,25,4.6,3.3
2024-07-22 09:07:00,CNR1290378653,Driver Not Found,CID962948,Bike,Electronic City,Nagarbhavi,,,Not Applicable,Not Applicable,Not Applicable,Not Applicable,2739,Not Applicable,0,,
2024-07-25 23:22:00,CNR7823685186,Success,CID873840,Prime Sedan,Kengeri,HSR Layout,196.0,145.0,Not Applicable,Not Applicable,No,Not Applicable,117,UPI,22,4.8,3.2
2024-07-26 14:49:00,CNR9349962870,Driver Not Found,CID641149,eBike,Kengeri,Shivajinagar,,,Not Applicable,Not Applicable,Not Applicable,Not Applicable,185,Not Applicable,0,,
2024-07-22 07:33:00,CNR7549874706,Canceled by Customer,CID767923,Prime SUV,Rajajinagar,Varthur,,,Change of plans,Not Applicable,Not Applicable,Not Applicable,484,Not Applicable,0,,
2024-07-05 20:15:00,CNR8638575733,Success,CID803664,Prime Sedan,KR Puram,Yelahanka,63.0,30.0,Not Applicable,Not Applicable,No,Not Applicable,174,UPI,37,4.9,4.5
2024-07-24 10:10:00,CNR4968364988,Success,CID984958,Prime Plus,Chickpet,JP Nagar,217.0,60.0,Not Applicable,Not Applicable,No,Not Applicable,287,UPI,3,3.2,4.3
2024-07-01 17:24:00,CNR7723734939,Driver Not Found,CID895155,Prime Plus,Tumkur Road,Chamarajpet,,,Not Applicable,Not Applicable,Not Applicable,Not Applicable,904,Not Applicable,0,,
2024-07-08 00:37:00,CNR1689782171,Success,CID398351,Auto,Rajarajeshwari Nagar,Devanahalli,119.0,75.0,Not Applicable,Not Applicable,No,Not Applicable,498,UPI,5,3.8,4.8
2024-07-13 10:56:00,CNR7558184631,Success,CID288969,Bike,Sarjapur Road,Magadi Road,126.0,120.0,Not Applicable,Not Applicable,No,Not Applicable,356,Cash,3,3.6,3.4
2024-07-17 22:54:00,CNR5061512722,Success,CID562946,Prime SUV,Sarjapur Road,Mysore Road,168.0,135.0,Not Applicable,Not Applicable,No,Not Applicable,421,UPI,24,4.7,4.1
2024-07-19 05:35:00,CNR4895648313,Canceled by Driver,CID581207,Mini,Koramangala,Indiranagar,,,Not Applicable,Personal & Car related issue,Not Applicable,Not Applicable,1918,Not Applicable,0,,
2024-07-28 14:58:00,CNR8486013397,Success,CID979703,eBike,Whitefield,Hosur Road,301.0,40.0,Not Applicable,Not Applicable,No,Not Applicable,103,Cash,19,3.9,3.3
2024-07-03 05:43:00,CNR8397668226,Success,CID654913,Prime SUV,Kadugodi,Chickpet,70.0,40.0,Not Applicable,Not Applicable,No,Not Applicable,829,Cash,11,3.4,3.9
2024-07-17 21:42:00,CNR8896487241,Success,CID166184,Prime SUV,Sarjapur Road,Koramangala,49.0,125.0,Not Applicable,Not Applicable,No,Not Applicable,117,UPI,43,4.8,3.4
2024-07-09 22:17:00,CNR8014008354,Success,CID642692,Auto,Rajarajeshwari Nagar,JP Nagar,63.0,95.0,Not Applicable,Not Applicable,No,Not Applicable,495,Cash,11,3.4,3.5
2024-07-17 01:26:00,CNR4309856243,Success,CID830192,Bike,MG Road,KR Puram,203.0,145.0,Not Applicable,Not Applicable,No,Not Applicable,417,UPI,49,4.5,3.6
2024-07-19 18:03:00,CNR8902384358,Success,CID350613,Auto,Kammanahalli,Kammanahalli,217.0,75.0,Not Applicable,Not Applicable,No,Not Applicable,2808,UPI,4,4.4,4.5
2024-07-16 01:15:00,CNR6043134590,Success,CID226956,Bike,Rajajinagar,Sahakar Nagar,196.0,40.0,Not Applicable,Not Applicable,No,Not Applicable,201,Cash,42,4.5,3.6
2024-07-08 20:29:00,CNR1121102118,Canceled by Customer,CID292191,Prime SUV,Mysore Road,Chamarajpet,,,Wrong Address,Not Applicable,Not Applicable,Not Applicable,261,Not Applicable,0,,
2024-07-17 08:43:00,CNR3831672711,Success,CID249773,Auto,Devanahalli,Tumkur Road,49.0,30.0,Not Applicable,Not Applicable,No,Not Applicable,177,Cash,8,4.6,4.8
2024-07-13 17:39:00,CNR7079407125,Success,CID106392,Mini,Hulimavu,Devanahalli,35.0,70.0,Not Applicable,Not Applicable,No,Not Applicable,176,Cash,1,3.4,4.5
2024-07-08 18:39:00,CNR8875245184,Canceled by Driver,CID215917,Auto,Hulimavu,Devanahalli,,,Not Applicable,Customer related issue,Not Applicable,Not Applicable,203,Not Applicable,0,,
2024-07-01 00:13:00,CNR2552609808,Driver Not Found,CID252468,Prime Sedan,Tumkur Road,Indiranagar,,,Not Applicable,Not Applicable,Not Applicable,Not Applicable,110,Not Applicable,0,,
2024-07-03 07:29:00,CNR3726439265,Canceled by Driver,CID111788,Mini,Whitefield,Peenya,,,Not Applicable,More than permitted people in there,Not Applicable,Not Applicable,304,Not Applicable,0,,
2024-07-26 13:36:00,CNR6134994239,Success,CID964298,Prime Plus,Electronic City,JP Nagar,308.0,40.0,Not Applicable,Not Applicable,No,Not Applicable,201,Cash,5,3.1,3.2
2024-07-08 18:46:00,CNR3079509287,Success,CID354233,Auto,Kammanahalli,Ramamurthy Nagar,182.0,100.0,Not Applicable,Not Applicable,No,Not Applicable,293,Cash,7,3.6,4.5
2024-07-08 03:23:00,CNR1003913979,Canceled by Driver,CID241047,Mini,Sarjapur Road,Yeshwanthpur,,,Not Applicable,More than permitted people in there,Not Applicable,Not Applicable,127,Not Applicable,0,,
2024-07-16 00:02:00,CNR8219741220,Success,CID536435,Prime Sedan,Peenya,Malleshwaram,175.0,115.0,Not Applicable,Not Applicable,No,Not Applicable,2536,Cash,46,3.2,3.6
2024-07-19 18:06:00,CNR1550647412,Success,CID585739,eBike,Vijayanagar,Frazer Town,238.0,120.0,Not Applicable,Not Applicable,No,Not Applicable,435,UPI,36,3.5,3.6
2024-07-07 14:35:00,CNR7072713384,Success,CID359107,eBike,Yeshwanthpur,Mysore Road,203.0,90.0,Not Applicable,Not Applicable,No,Not Applicable,204,UPI,21,4.4,3.4
2024-07-25 20:34:00,CNR5947555468,Success,CID477426,Auto,JP Nagar,Vijayanagar,245.0,100.0,Not Applicable,Not Applicable,No,Not Applicable,314,UPI,2,3.1,4.2
2024-07-19 07:07:00,CNR5897782325,Success,CID731726,Auto,Tumkur Road,Peenya,49.0,95.0,Not Applicable,Not Applicable,No,Not Applicable,265,Cash,14,4.9,3.5
2024-07-25 20:07:00,CNR7664511447,Success,CID469408,Bike,Indiranagar,Richmond Town,217.0,100.0,Not Applicable,Not Applicable,No,Not Applicable,2985,UPI,4,4.9,3.7
2024-07-30 22:57:00,CNR1050570170,Success,CID870589,Prime SUV,Bannerghatta Road,Koramangala,77.0,65.0,Not Applicable,Not Applicable,No,Not Applicable,134,Cash,32,3.7,4.0
2024-07-01 11:35:00,CNR9440195985,Canceled by Customer,CID672542,Prime Sedan,Vijayanagar,Rajajinagar,,,Driver asked to cancel,Not Applicable,Not Applicable,Not Applicable,234,Not Applicable,0,,
2024-07-18 18:28:00,CNR2378221271,Success,CID149795,Mini,MG Road,Shivajinagar,63.0,110.0,Not Applicable,Not Applicable,No,Not Applicable,276,Cash,19,4.3,3.3
2024-07-23 16:21:00,CNR8576234196,Success,CID801395,Bike,Sahakar Nagar,Majestic,168.0,70.0,Not Applicable,Not Applicable,No,Not Applicable,425,Cash,8,4.5,4.5
2024-07-17 06:06:00,CNR1374968150,Canceled by Customer,CID642136,Prime Sedan,Cox Town,Hulimavu,,,Driver is not moving towards pickup location,Not Applicable,Not Applicable,Not Applicable,306,Not Applicable,0,,
2024-07-05 02:45:00,CNR2498082077,Canceled by Customer,CID844766,Prime SUV,HSR Layout,Yelahanka,,,Driver asked to cancel,Not Applicable,Not Applicable,Not Applicable,218,Not Applicable,0,,
2024-07-10 13:28:00,CNR7514392246,Canceled by Driver,CID332501,Prime Plus,Frazer Town,Koramangala,,,Not Applicable,Customer was coughing/sick,Not Applicable,Not Applicable,196,Not Applicable,0,,
2024-07-06 04:41:00,CNR8684555161,Success,CID727835,Prime Sedan,Yeshwanthpur,Marathahalli,175.0,45.0,Not Applicable,Not Applicable,No,Not Applicable,971,Cash,43,3.4,4.1
2024-07-24 02:39:00,CNR6771132507,Success,CID772341,Prime SUV,Padmanabhanagar,Marathahalli,154.0,65.0,Not Applicable,Not Applicable,No,Not Applicable,459,UPI,23,4.3,5.0
2024-07-03 01:26:00,CNR4817718069,Success,CID603137,eBike,Nagarbhavi,Basavanagudi,56.0,110.0,Not Applicable,Not Applicable,No,Not Applicable,130,UPI,6,4.4,3.1
2024-07-09 12:23:00,CNR5813463830,Success,CID659437,Auto,Yelahanka,BTM Layout,217.0,40.0,Not Applicable,Not Applicable,No,Not Applicable,475,Cash,9,3.3,4.1
2024-07-20 02:30:00,CNR7915821712,Success,CID746561,Mini,Frazer Town,Langford Town,35.0,130.0,Not Applicable,Not Applicable,No,Not Applicable,134,UPI,34,3.5,4.0
2024-07-21 12:20:00,CNR9903356002,Success,CID202779,Bike,Jayanagar,Whitefield,210.0,135.0,Not Applicable,Not Applicable,No,Not Applicable,985,UPI,28,4.1,3.3
2024-07-03 11:28:00,CNR1303839268,Driver Not Found,CID373692,eBike,Kengeri,Kadugodi,,,Not Applicable,Not Applicable,Not Applicable,Not Applicable,2726,Not Applicable,0,,
2024-07-12 23:00:00,CNR1270533247,Success,CID721913,eBike,Koramangala,Frazer Town,266.0,100.0,Not Applicable,Not Applicable,No,Not Applicable,920,UPI,35,3.1,4.8
2024-07-21 16:29:00,CNR2120448002,Driver Not Found,CID890068,Prime Plus,Mysore Road,Padmanabhanagar,,,Not Applicable,Not Applicable,Not Applicable,Not Applicable,340,Not Applicable,0,,
2024-07-17 02:06:00,CNR4427710396,Success,CID961527,Auto,Padmanabhanagar,Richmond Town,196.0,65.0,Not Applicable,Not Applicable,No,Not Applicable,189,Cash,12,4.7,3.3
2024-07-12 14:57:00,CNR2621736712,Success,CID582475,Auto,Kengeri,Majestic,273.0,125.0,Not Applicable,Not Applicable,No,Not Applicable,477,Cash,10,4.3,4.9
2024-07-03 14:48:00,CNR4586136611,Success,CID764490,Prime Plus,JP Nagar,KR Puram,35.0,75.0,Not Applicable,Not Applicable,No,Not Applicable,498,Cash,45,4.7,4.9
2024-07-16 17:29:00,CNR1366725244,Success,CID487300,Prime SUV,Basavanagudi,RT Nagar,203.0,65.0,Not Applicable,Not Applicable,No,Not Applicable,273,Credit Card,5,3.8,4.5
2024-07-13 10:24:00,CNR9419721364,Driver Not Found,CID181093,Bike,Marathahalli,Malleshwaram,,,Not Applicable,Not Applicable,Not Applicable,Not Applicable,924,Not Applicable,0,,
2024-07-15 08:34:00,CNR6152267665,Driver Not Found,CID578835,eBike,KR Puram,HSR Layout,,,Not Applicable,Not Applicable,Not Applicable,Not Applicable,318,Not Applicable,0,,
2024-07-24 05:05:00,CNR4826808028,Canceled by Driver,CID599928,Bike,Kengeri,MG Road,,,Not Applicable,Customer related issue,Not Applicable,Not Applicable,195,Not Applicable,0,,
2024-07-05 03:13:00,CNR1095636563,Success,CID619104,Prime Sedan,Bannerghatta Road,Hennur,189.0,105.0,Not Applicable,Not Applicable,No,Not Applicable,931,Cash,32,3.8,4.6
2024-07-20 21:19:00,CNR7918839118,Success,CID756987,Bike,Vijayanagar,Bannerghatta Road,210.0,135.0,Not Applicable,Not Applicable,No,Not Applicable,345,Cash,45,4.4,4.1
2024-07-10 11:38:00,CNR5390291593,Success,CID409156,eBike,Yelahanka,Marathahalli,273.0,55.0,Not Applicable,Not Applicable,No,Not Applicable,2345,UPI,4,3.6,4.2
2024-07-10 18:31:00,CNR9373865991,Success,CID972085,eBike,Rajarajeshwari Nagar,Frazer Town,280.0,55.0,Not Applicable,Not Applicable,No,Not Applicable,379,UPI,37,4.7,3.0
2024-07-17 15:46:00,CNR4860117074,Canceled by Driver,CID868226,Prime SUV,Bannerghatta Road,Ulsoor,,,Not Applicable,Customer was coughing/sick,Not Applicable,Not Applicable,250,Not Applicable,0,,
2024-07-01 00:43:00,CNR6359594660,Success,CID600844,Auto,Yelahanka,Rajarajeshwari Nagar,84.0,65.0,Not Applicable,Not Applicable,No,Not Applicable,283,Cash,2,4.8,3.7
2024-07-05 19:50:00,CNR2769865041,Success,CID671123,Prime Plus,Sahakar Nagar,Kengeri,196.0,60.0,Not Applicable,Not Applicable,No,Not Applicable,476,Cash,17,4.9,4.8
2024-07-04 11:11:00,CNR4400463370,Success,CID467380,Prime SUV,Hulimavu,Basavanagudi,77.0,25.0,Not Applicable,Not Applicable,No,Not Applicable,340,Cash,37,3.7,4.0
2024-07-28 20:39:00,CNR4814870949,Success,CID588606,eBike,Whitefield,Vijayanagar,210.0,120.0,Not Applicable,Not Applicable,No,Not Applicable,2755,Cash,35,4.8,3.1
2024-07-16 22:01:00,CNR1742416228,Success,CID561110,Prime Plus,Banashankari,Nagarbhavi,140.0,55.0,Not Applicable,Not Applicable,No,Not Applicable,102,UPI,13,3.8,4.0
2024-07-03 17:35:00,CNR2858016797,Success,CID332161,Prime Plus,Electronic City,JP Nagar,105.0,85.0,Not Applicable,Not Applicable,No,Not Applicable,479,Cash,25,4.6,4.4
2024-07-28 09:41:00,CNR6915608247,Canceled by Customer,CID866516,Prime SUV,Vijayanagar,Devanahalli,,,Driver asked to cancel,Not Applicable,Not Applicable,Not Applicable,601,Not Applicable,0,,
2024-07-09 10:53:00,CNR6817776102,Success,CID903481,Auto,Chamarajpet,Jayanagar,126.0,90.0,Not Applicable,Not Applicable,No,Not Applicable,175,UPI,8,4.0,4.0
2024-07-14 18:46:00,CNR8547366755,Canceled by Customer,CID213685,Auto,BTM Layout,Devanahalli,,,Driver is not moving towards pickup location,Not Applicable,Not Applicable,Not Applicable,302,Not Applicable,0,,
2024-07-22 00:23:00,CNR5413958172,Success,CID517674,Mini,Tumkur Road,Indiranagar,175.0,90.0,Not Applicable,Not Applicable,No,Not Applicable,362,UPI,37,4.2,3.9
2024-07-01 11:54:00,CNR2567331077,Success,CID125502,Auto,Cox Town,Peenya,70.0,30.0,Not Applicable,Not Applicable,No,Not Applicable,977,Cash,11,4.9,3.9
2024-07-14 03:24:00,CNR4448397600,Success,CID145568,Prime Sedan,Ulsoor,Rajarajeshwari Nagar,266.0,95.0,Not Applicable,Not Applicable,No,Not Applicable,122,UPI,20,3.9,4.6
2024-07-20 22:23:00,CNR4845283699,Canceled by Driver,CID335036,Prime SUV,Whitefield,Shantinagar,,,Not Applicable,Personal & Car related issue,Not Applicable,Not Applicable,454,Not Applicable,0,,
2024-07-15 18:30:00,CNR4300564757,Success,CID636431,Prime Sedan,KR Puram,Chickpet,203.0,40.0,Not Applicable,Not Applicable,No,Not Applicable,2938,Cash,11,3.6,4.2
2024-07-02 07:04:00,CNR1152752335,Success,CID772053,Mini,Rajarajeshwari Nagar,Nagarbhavi,224.0,45.0,Not Applicable,Not Applicable,No,Not Applicable,279,Cash,35,4.1,4.0
2024-07-25 19:21:00,CNR1210902266,Success,CID281633,Auto,Magadi Road,Whitefield,119.0,95.0,Not Applicable,Not Applicable,No,Not Applicable,253,Cash,10,4.4,3.6
2024-07-19 08:40:00,CNR1928511553,Success,CID571495,Prime Sedan,Devanahalli,Jayanagar,287.0,110.0,Not Applicable,Not Applicable,No,Not Applicable,374,UPI,46,4.5,4.7
2024-07-18 09:20:00,CNR2151556118,Success,CID263334,Mini,Devanahalli,Rajajinagar,105.0,35.0,Not Applicable,Not Applicable,Yes,Vehicle Breakdown,210,Cash,3,3.5,3.4
2024-07-19 04:40:00,CNR3763649224,Success,CID289300,Bike,MG Road,RT Nagar,273.0,95.0,Not Applicable,Not Applicable,Yes,Customer Demand,953,UPI,45,3.1,4.6
2024-07-28 20:00:00,CNR7687486607,Success,CID322016,Auto,Ramamurthy Nagar,Whitefield,112.0,95.0,Not Applicable,Not Applicable,No,Not Applicable,618,UPI,15,4.1,4.0
2024-07-26 22:27:00,CNR1875159784,Success,CID376423,Prime Plus,Nagarbhavi,Shivajinagar,161.0,75.0,Not Applicable,Not Applicable,No,Not Applicable,593,Cash,22,3.8,3.7
2024-07-07 01:59:00,CNR7111175855,Success,CID481074,eBike,HSR Layout,Yelahanka,126.0,25.0,Not Applicable,Not Applicable,No,Not Applicable,296,Cash,14,4.0,4.3
2024-07-08 15:59:00,CNR2965593427,Driver Not Found,CID334208,Bike,Chamarajpet,KR Puram,,,Not Applicable,Not Applicable,Not Applicable,Not Applicable,231,Not Applicable,0,,
2024-07-23 07:01:00,CNR3459249306,Success,CID442204,Prime Sedan,Mysore Road,Bellandur,140.0,85.0,Not Applicable,Not Applicable,No,Not Applicable,503,Cash,46,3.3,4.1
2024-07-22 22:21:00,CNR8900480156,Driver Not Found,CID456042,Prime Plus,Vijayanagar,Whitefield,,,Not Applicable,Not Applicable,Not Applicable,Not Applicable,296,Not Applicable,0,,
2024-07-16 09:55:00,CNR1790099338,Driver Not Found,CID770678,Prime Sedan,KR Puram,Tumkur Road,,,Not Applicable,Not Applicable,Not Applicable,Not Applicable,292,Not Applicable,0,,
2024-07-22 13:17:00,CNR7583765741,Success,CID554171,Prime Plus,Bannerghatta Road,MG Road,77.0,30.0,Not Applicable,Not Applicable,Yes,Other Issue,157,Cash,1,3.9,4.8
2024-07-16 11:26:00,CNR8887788411,Success,CID614301,Prime SUV,Magadi Road,Whitefield,49.0,25.0,Not Applicable,Not Applicable,No,Not Applicable,307,Cash,41,4.8,4.0
2024-07-29 13:57:00,CNR2157303174,Canceled by Customer,CID188600,Prime Plus,Whitefield,Tumkur Road,,,Driver is not moving towards pickup location,Not Applicable,Not Applicable,Not Applicable,820,Not Applicable,0,,
2024-07-16 20:56:00,CNR2757212106,Canceled by Customer,CID793747,Bike,Langford Town,Nagarbhavi,,,Wrong Address,Not Applicable,Not Applicable,Not Applicable,448,Not Applicable,0,,
2024-07-17 23:33:00,CNR4944434890,Success,CID958547,Prime Sedan,Ramamurthy Nagar,Nagarbhavi,287.0,75.0,Not Applicable,Not Applicable,No,Not Applicable,203,UPI,46,4.4,3.7
2024-07-29 11:48:00,CNR9054114515,Driver Not Found,CID758262,Bike,Shivajinagar,Frazer Town,,,Not Applicable,Not Applicable,Not Applicable,Not Applicable,140,Not Applicable,0,,
2024-07-07 20:42:00,CNR8821547398,Canceled by Driver,CID310109,Mini,Cox Town,Rajarajeshwari Nagar,,,Not Applicable,Personal & Car related issue,Not Applicable,Not Applicable,498,Not Applicable,0,,
2024-07-14 09:23:00,CNR5869287324,Canceled by Driver,CID315337,eBike,Banashankari,Hennur,,,Not Applicable,Personal & Car related issue,Not Applicable,Not Applicable,349,Not Applicable,0,,
2024-07-23 15:08:00,CNR6722331905,Canceled by Driver,CID445116,Bike,Chamarajpet,KR Puram,,,Not Applicable,Customer was coughing/sick,Not Applicable,Not Applicable,368,Not Applicable,0,,
2024-07-02 16:59:00,CNR9621268498,Success,CID393124,eBike,Koramangala,Langford Town,245.0,25.0,Not Applicable,Not Applicable,No,Not Applicable,299,Cash,32,3.4,4.5
2024-07-17 04:00:00,CNR2277665548,Success,CID170341,Bike,Hennur,Chamarajpet,252.0,110.0,Not Applicable,Not Applicable,Yes,Vehicle Breakdown,479,UPI,6,3.6,3.1
2024-07-03 07:09:00,CNR9282054874,Canceled by Customer,CID480667,eBike,Sarjapur Road,Banashankari,,,Change of plans,Not Applicable,Not Applicable,Not Applicable,354,Not Applicable,0,,
2024-07-16 12:56:00,CNR4680387595,Canceled by Driver,CID800514,Prime Plus,Marathahalli,Richmond Town,,,Not Applicable,Customer was coughing/sick,Not Applicable,Not Applicable,161,Not Applicable,0,,
2024-07-20 14:09:00,CNR8235815108,Success,CID830926,Prime Plus,Kammanahalli,Sarjapur Road,210.0,40.0,Not Applicable,Not Applicable,No,Not Applicable,813,UPI,26,3.2,4.0
2024-07-05 15:45:00,CNR6336334333,Driver Not Found,CID967268,Bike,RT Nagar,Richmond Town,,,Not Applicable,Not Applicable,Not Applicable,Not Applicable,396,Not Applicable,0,,
2024-07-27 10:45:00,CNR1261827396,Canceled by Customer,CID394517,eBike,Shivajinagar,Ramamurthy Nagar,,,Driver is not moving towards pickup location,Not Applicable,Not Applicable,Not Applicable,867,Not Applicable,0,,
2024-07-09 05:50:00,CNR1650241899,Canceled by Driver,CID757564,Bike,Bannerghatta Road,Yelahanka,,,Not Applicable,Customer was coughing/sick,Not Applicable,Not Applicable,1745,Not Applicable,0,,
2024-07-12 14:26:00,CNR9192457902,Success,CID149356,Bike,RT Nagar,BTM Layout,280.0,120.0,Not Applicable,Not Applicable,Yes,Customer Demand,793,UPI,18,3.5,4.5
2024-07-06 02:03:00,CNR8490895100,Success,CID804080,Auto,Yeshwanthpur,Banashankari,238.0,80.0,Not Applicable,Not Applicable,No,Not Applicable,106,Cash,6,4.4,3.3
2024-07-29 21:23:00,CNR4532526928,Success,CID836619,Bike,Chickpet,Hebbal,98.0,130.0,Not Applicable,Not Applicable,No,Not Applicable,384,Cash,47,3.2,4.2
2024-07-21 14:00:00,CNR9066824311,Success,CID179587,Prime Sedan,Hebbal,Hennur,147.0,75.0,Not Applicable,Not Applicable,No,Not Applicable,354,UPI,17,3.1,3.3
2024-07-01 04:24:00,CNR2048538728,Canceled by Customer,CID558299,eBike,Chickpet,Kadugodi,,,Change of plans,Not Applicable,Not Applicable,Not Applicable,291,Not Applicable,0,,
2024-07-01 11:32:00,CNR4939658364,Success,CID195085,Bike,Shantinagar,KR Puram,147.0,130.0,Not Applicable,Not Applicable,No,Not Applicable,1088,Cash,36,5.0,4.5
2024-07-13 06:09:00,CNR9373876062,Driver Not Found,CID372038,eBike,RT Nagar,Richmond Town,,,Not Applicable,Not Applicable,Not Applicable,Not Applicable,2953,Not Applicable,0,,
2024-07-07 21:07:00,CNR8668879383,Success,CID662583,Mini,Hulimavu,Frazer Town,308.0,40.0,Not Applicable,Not Applicable,No,Not Applicable,392,Cash,37,3.8,4.5
2024-07-08 08:05:00,CNR9145846986,Driver Not Found,CID936864,Mini,Cox Town,MG Road,,,Not Applicable,Not Applicable,Not Applicable,Not Applicable,187,Not Applicable,0,,
2024-07-10 02:52:00,CNR6395634048,Canceled by Driver,CID452840,Mini,Indiranagar,Mysore Road,,,Not Applicable,Customer was coughing/sick,Not Applicable,Not Applicable,213,Not Applicable,0,,
2024-07-09 17:11:00,CNR2593216345,Success,CID306781,Prime Plus,Whitefield,HSR Layout,308.0,60.0,Not Applicable,Not Applicable,No,Not Applicable,123,Cash,31,4.7,3.4
2024-07-25 01:28:00,CNR9488203533,Canceled by Customer,CID259245,eBike,Cox Town,Langford Town,,,AC is Not working,Not Applicable,Not Applicable,Not Applicable,486,Not Applicable,0,,
2024-07-16 20:03:00,CNR8423400347,Success,CID129788,Prime Sedan,BTM Layout,Frazer Town,35.0,30.0,Not Applicable,Not Applicable,No,Not Applicable,276,Cash,39,4.1,4.5
2024-07-15 02:42:00,CNR9433341935,Driver Not Found,CID880044,Mini,Bellandur,Bellandur,,,Not Applicable,Not Applicable,Not Applicable,Not Applicable,498,Not Applicable,0,,
2024-07-25 15:46:00,CNR9077469318,Success,CID990830,Bike,Chamarajpet,MG Road,112.0,115.0,Not Applicable,Not Applicable,No,Not Applicable,284,UPI,41,3.5,3.9
2024-07-30 12:18:00,CNR6435004444,Canceled by Customer,CID252312,Prime Sedan,Yeshwanthpur,Chickpet,,,Driver is not moving towards pickup location,Not Applicable,Not Applicable,Not Applicable,563,Not Applicable,0,,
2024-07-22 05:43:00,CNR2807198241,Success,CID235083,Mini,Rajajinagar,Varthur,301.0,135.0,Not Applicable,Not Applicable,No,Not Applicable,317,Cash,34,3.3,3.6
2024-07-22 00:32:00,CNR7208099279,Success,CID386201,Prime Sedan,Nagarbhavi,Hulimavu,294.0,70.0,Not Applicable,Not Applicable,No,Not Applicable,599,Cash,41,5.0,3.6
2024-07-29 17:08:00,CNR1885763715,Success,CID881852,Prime Sedan,Hebbal,Indiranagar,196.0,75.0,Not Applicable,Not Applicable,No,Not Applicable,608,Cash,7,4.3,3.8
2024-07-23 02:08:00,CNR4245665181,Success,CID708396,Bike,Kammanahalli,Kammanahalli,259.0,30.0,Not Applicable,Not Applicable,No,Not Applicable,455,Cash,46,4.1,5.0
2024-07-26 20:18:00,CNR3020998986,Success,CID377039,Prime Sedan,Majestic,Hennur,77.0,110.0,Not Applicable,Not Applicable,No,Not Applicable,361,Cash,17,3.6,4.1
2024-07-24 10:08:00,CNR1166893446,Success,CID935995,Auto,Hulimavu,Mysore Road,196.0,110.0,Not Applicable,Not Applicable,No,Not Applicable,1106,UPI,9,4.1,3.9
2024-07-14 01:07:00,CNR8314967440,Canceled by Driver,CID543837,Prime Plus,Shivajinagar,Devanahalli,,,Not Applicable,Customer was coughing/sick,Not Applicable,Not Applicable,369,Not Applicable,0,,
2024-07-02 07:45:00,CNR1901281544,Success,CID901120,Bike,Kammanahalli,Sarjapur Road,49.0,50.0,Not Applicable,Not Applicable,Yes,Other Issue,416,Cash,31,4.1,4.7
2024-07-13 00:53:00,CNR2251858437,Driver Not Found,CID381487,Auto,Magadi Road,Hennur,,,Not Applicable,Not Applicable,Not Applicable,Not Applicable,471,Not Applicable,0,,
2024-07-08 20:37:00,CNR4208003132,Success,CID274622,Auto,Hebbal,BTM Layout,133.0,120.0,Not Applicable,Not Applicable,No,Not Applicable,902,UPI,5,3.1,3.9
2024-07-26 06:22:00,CNR1373609618,Success,CID805100,Prime SUV,Majestic,Nagarbhavi,203.0,60.0,Not Applicable,Not Applicable,No,Not Applicable,735,Cash,42,3.0,4.5
2024-07-11 14:16:00,CNR6269375419,Success,CID764961,Prime Plus,Shivajinagar,Frazer Town,77.0,125.0,Not Applicable,Not Applicable,No,Not Applicable,1242,Cash,13,4.2,3.9
2024-07-06 15:45:00,CNR1851735544,Success,CID183909,eBike,Hebbal,Cox Town,245.0,50.0,Not Applicable,Not Applicable,No,Not Applicable,454,Cash,34,4.3,3.9
2024-07-04 19:51:00,CNR8057705740,Success,CID238481,eBike,Bannerghatta Road,Kammanahalli,154.0,140.0,Not Applicable,Not Applicable,No,Not Applicable,532,Cash,3,3.2,3.1
2024-07-13 03:08:00,CNR2024597703,Success,CID564393,Prime Plus,Shivajinagar,Hulimavu,91.0,95.0,Not Applicable,Not Applicable,No,Not Applicable,316,Cash,47,3.1,3.1
2024-07-06 09:39:00,CNR1639623648,Success,CID464545,Prime SUV,Marathahalli,Nagarbhavi,273.0,80.0,Not Applicable,Not Applicable,No,Not Applicable,191,Debit Card,30,4.6,4.4
2024-07-12 08:06:00,CNR9683480605,Driver Not Found,CID763559,Mini,Jayanagar,Ulsoor,,,Not Applicable,Not Applicable,Not Applicable,Not Applicable,420,Not Applicable,0,,
2024-07-08 12:34:00,CNR9914443986,Success,CID648034,Prime SUV,Kammanahalli,Nagarbhavi,294.0,65.0,Not Applicable,Not Applicable,No,Not Applicable,2419,Cash,14,3.3,3.4
2024-07-19 23:06:00,CNR6489483703,Canceled by Driver,CID957043,Prime Sedan,Ulsoor,Kadugodi,,,Not Applicable,Personal & Car related issue,Not Applicable,Not Applicable,213,Not Applicable,0,,
2024-07-30 10:21:00,CNR3424737247,Success,CID611170,Auto,Chamarajpet,RT Nagar,266.0,115.0,Not Applicable,Not Applicable,No,Not Applicable,424,Cash,14,4.6,3.8
2024-07-24 11:12:00,CNR3107922878,Success,CID461435,Prime Plus,Chickpet,Bannerghatta Road,224.0,100.0,Not Applicable,Not Applicable,No,Not Applicable,424,UPI,31,4.0,4.4
2024-07-09 23:17:00,CNR9103209689,Success,CID837775,Prime Sedan,Shantinagar,Majestic,245.0,45.0,Not Applicable,Not Applicable,No,Not Applicable,388,UPI,34,4.9,3.9
2024-07-27 04:53:00,CNR6583234955,Success,CID505919,eBike,Nagarbhavi,Shivajinagar,217.0,65.0,Not Applicable,Not Applicable,No,Not Applicable,136,Cash,37,4.4,3.1
2024-07-27 05:52:00,CNR1084611535,Success,CID232481,Bike,Hennur,Sarjapur Road,168.0,55.0,Not Applicable,Not Applicable,No,Not Applicable,541,Cash,5,3.6,4.5
2024-07-08 07:22:00,CNR6897591469,Canceled by Driver,CID684083,eBike,Hebbal,RT Nagar,,,Not Applicable,More than permitted people in there,Not Applicable,Not Applicable,148,Not Applicable,0,,
2024-07-16 15:56:00,CNR1560214285,Canceled by Customer,CID733710,Bike,Langford Town,Sahakar Nagar,,,Change of plans,Not Applicable,Not Applicable,Not Applicable,758,Not Applicable,0,,
2024-07-01 21:05:00,CNR9182903012,Success,CID523879,Prime SUV,HSR Layout,Tumkur Road,119.0,60.0,Not Applicable,Not Applicable,No,Not Applicable,227,UPI,1,4.8,3.9
2024-07-02 03:44:00,CNR7553239284,Success,CID192536,Prime Plus,Basavanagudi,Varthur,259.0,105.0,Not Applicable,Not Applicable,No,Not Applicable,183,UPI,27,3.5,3.8
2024-07-19 22:33:00,CNR1545870421,Success,CID291467,Prime Sedan,BTM Layout,Devanahalli,294.0,145.0,Not Applicable,Not Applicable,No,Not Applicable,218,UPI,39,3.6,4.5
2024-07-03 16:04:00,CNR6890949051,Success,CID882698,Bike,Nagarbhavi,Sarjapur Road,77.0,45.0,Not Applicable,Not Applicable,Yes,Other Issue,1098,Credit Card,13,3.5,3.7
2024-07-18 03:24:00,CNR3219304609,Success,CID933821,eBike,Malleshwaram,Indiranagar,175.0,105.0,Not Applicable,Not Applicable,No,Not Applicable,469,UPI,42,3.7,4.7
2024-07-19 00:51:00,CNR5419575320,Success,CID109264,Prime Sedan,Sarjapur Road,Rajarajeshwari Nagar,168.0,60.0,Not Applicable,Not Applicable,No,Not Applicable,1566,Cash,37,4.0,5.0
2024-07-01 04:25:00,CNR2685785787,Canceled by Driver,CID593580,Mini,Shantinagar,HSR Layout,,,Not Applicable,Customer related issue,Not Applicable,Not Applicable,2349,Not Applicable,0,,
2024-07-10 18:52:00,CNR5488701686,Success,CID749865,Mini,RT Nagar,Chamarajpet,189.0,40.0,Not Applicable,Not Applicable,No,Not Applicable,878,Cash,3,3.4,4.1
2024-07-03 08:21:00,CNR5524145662,Success,CID806310,Prime Plus,Hulimavu,Banashankari,105.0,40.0,Not Applicable,Not Applicable,No,Not Applicable,315,UPI,21,4.3,3.8
2024-07-20 20:58:00,CNR3295160387,Driver Not Found,CID957321,Prime Sedan,Bannerghatta Road,Bannerghatta Road,,,Not Applicable,Not Applicable,Not Applicable,Not Applicable,115,Not Applicable,0,,
2024-07-12 11:46:00,CNR1270212755,Success,CID835619,Prime Sedan,HSR Layout,Shivajinagar,119.0,140.0,Not Applicable,Not Applicable,No,Not Applicable,287,UPI,43,3.5,4.8
2024-07-28 20:56:00,CNR4759743612,Success,CID756152,Mini,Jayanagar,Yeshwanthpur,245.0,25.0,Not Applicable,Not Applicable,No,Not Applicable,394,Cash,20,4.2,4.4
2024-07-14 21:22:00,CNR3361212046,Success,CID952809,Prime Plus,Ulsoor,Tumkur Road,49.0,145.0,Not Applicable,Not Applicable,No,Not Applicable,479,Cash,20,3.2,3.3
2024-07-30 23:18:00,CNR1374876006,Success,CID802779,Auto,Magadi Road,MG Road,147.0,30.0,Not Applicable,Not Applicable,No,Not Applicable,986,Cash,5,4.8,4.2
2024-07-10 10:28:00,CNR7366688558,Canceled by Customer,CID638962,Prime Sedan,Tumkur Road,Mysore Road,,,AC is Not working,Not Applicable,Not Applicable,Not Applicable,455,Not Applicable,0,,
2024-07-13 16:11:00,CNR9886678404,Driver Not Found,CID443433,Auto,Kammanahalli,Hosur Road,,,Not Applicable,Not Applicable,Not Applicable,Not Applicable,126,Not Applicable,0,,
2024-07-05 01:13:00,CNR2377358676,Success,CID344962,Prime Plus,Kammanahalli,Kadugodi,203.0,35.0,Not Applicable,Not Applicable,No,Not Applicable,116,Cash,22,4.1,3.7
2024-07-02 21:00:00,CNR8141762687,Driver Not Found,CID399106,Prime Plus,KR Puram,Rajajinagar,,,Not Applicable,Not Applicable,Not Applicable,Not Applicable,615,Not Applicable,0,,
2024-07-16 22:15:00,CNR2499294952,Success,CID145198,Bike,Hosur Road,Rajajinagar,140.0,75.0,Not Applicable,Not Applicable,No,Not Applicable,531,Cash,49,4.5,5.0
2024-07-08 03:00:00,CNR7418173109,Success,CID446579,Auto,Frazer Town,Kadugodi,77.0,105.0,Not Applicable,Not Applicable,No,Not Applicable,898,Debit Card,15,4.2,4.6
2024-07-07 14:59:00,CNR3912721097,Canceled by Driver,CID414440,eBike,Devanahalli,Richmond Town,,,Not Applicable,Personal & Car related issue,Not Applicable,Not Applicable,161,Not Applicable,0,,
2024-07-12 05:59:00,CNR4333717171,Canceled by Customer,CID149543,Prime SUV,Ulsoor,Ramamurthy Nagar,,,Driver is not moving towards pickup location,Not Applicable,Not Applicable,Not Applicable,250,Not Applicable,0,,
2024-07-11 05:20:00,CNR1937806398,Canceled by Driver,CID617130,Bike,Sarjapur Road,Magadi Road,,,Not Applicable,Customer related issue,Not Applicable,Not Applicable,142,Not Applicable,0,,
2024-07-23 19:25:00,CNR9823907204,Driver Not Found,CID122298,eBike,Marathahalli,Rajarajeshwari Nagar,,,Not Applicable,Not Applicable,Not Applicable,Not Applicable,200,Not Applicable,0,,
2024-07-24 08:07:00,CNR1669641766,Success,CID194523,Prime Plus,Hosur Road,Varthur,77.0,130.0,Not Applicable,Not Applicable,No,Not Applicable,2208,Cash,37,4.1,4.4
2024-07-01 14:15:00,CNR1488346989,Canceled by Driver,CID679064,Auto,Kadugodi,Yeshwanthpur,,,Not Applicable,Customer related issue,Not Applicable,Not Applicable,425,Not Applicable,0,,
2024-07-21 06:09:00,CNR8485831738,Success,CID603647,Mini,Koramangala,Hennur,259.0,120.0,Not Applicable,Not Applicable,No,Not Applicable,456,Cash,22,4.2,4.4
2024-07-24 19:27:00,CNR4119765420,Success,CID212757,Prime Plus,HSR Layout,Kammanahalli,112.0,110.0,Not Applicable,Not Applicable,No,Not Applicable,657,UPI,12,3.5,4.8
2024-07-21 12:22:00,CNR2603077956,Success,CID695601,Prime Plus,Sarjapur Road,Hennur,301.0,105.0,Not Applicable,Not Applicable,No,Not Applicable,240,Cash,47,3.6,4.6
2024-07-20 15:29:00,CNR7996903510,Success,CID733466,Mini,Frazer Town,HSR Layout,112.0,95.0,Not Applicable,Not Applicable,No,Not Applicable,834,Cash,14,3.7,3.8
2024-07-24 08:32:00,CNR8110410998,Success,CID450131,Prime Sedan,Vijayanagar,Chickpet,161.0,55.0,Not Applicable,Not Applicable,No,Not Applicable,344,Cash,47,3.1,4.6
2024-07-25 01:59:00,CNR1452667458,Success,CID142500,Bike,Yelahanka,Koramangala,196.0,100.0,Not Applicable,Not Applicable,No,Not Applicable,368,UPI,36,3.4,3.6
2024-07-03 14:33:00,CNR2085439191,Driver Not Found,CID692945,eBike,Malleshwaram,Peenya,,,Not Applicable,Not Applicable,Not Applicable,Not Applicable,293,Not Applicable,0,,
2024-07-05 02:23:00,CNR1058469454,Canceled by Customer,CID867793,Auto,Rajarajeshwari Nagar,KR Puram,,,AC is Not working,Not Applicable,Not Applicable,Not Applicable,653,Not Applicable,0,,
2024-07-07 19:22:00,CNR4289788940,Canceled by Driver,CID361542,Auto,Jayanagar,Richmond Town,,,Not Applicable,More than permitted people in there,Not Applicable,Not Applicable,652,Not Applicable,0,,
2024-07-16 11:49:00,CNR1300266074,Canceled by Customer,CID182551,Bike,Bellandur,Indiranagar,,,AC is Not working,Not Applicable,Not Applicable,Not Applicable,450,Not Applicable,0,,
2024-07-21 16:29:00,CNR1859759413,Success,CID329458,Bike,Kammanahalli,Devanahalli,56.0,90.0,Not Applicable,Not Applicable,Yes,Vehicle Breakdown,222,UPI,13,3.2,3.4
2024-07-24 13:38:00,CNR2262735078,Success,CID903910,Mini,Sahakar Nagar,Hosur Road,259.0,120.0,Not Applicable,Not Applicable,No,Not Applicable,1922,Cash,33,3.5,4.2
2024-07-18 12:34:00,CNR5217625584,Canceled by Driver,CID732466,Prime SUV,Yelahanka,Shivajinagar,,,Not Applicable,Personal & Car related issue,Not Applicable,Not Applicable,232,Not Applicable,0,,
2024-07-30 03:25:00,CNR3641743425,Success,CID786546,Mini,Malleshwaram,Frazer Town,280.0,55.0,Not Applicable,Not Applicable,No,Not Applicable,344,Cash,42,3.2,3.3
2024-07-23 03:19:00,CNR8464259936,Success,CID990763,eBike,Bannerghatta Road,Sahakar Nagar,35.0,75.0,Not Applicable,Not Applicable,No,Not Applicable,955,Cash,6,3.9,3.2
2024-07-04 16:16:00,CNR3614948905,Success,CID578952,Bike,Sahakar Nagar,Whitefield,287.0,140.0,Not Applicable,Not Applicable,Yes,Customer Demand,274,UPI,22,4.2,4.0
2024-07-06 13:28:00,CNR5090570095,Success,CID595602,Prime Plus,Richmond Town,Varthur,273.0,70.0,Not Applicable,Not Applicable,No,Not Applicable,364,UPI,10,4.5,3.9
2024-07-10 04:16:00,CNR5877833748,Success,CID939396,eBike,Cox Town,Peenya,70.0,55.0,Not Applicable,Not Applicable,No,Not Applicable,287,Cash,13,5.0,4.1
2024-07-01 12:59:00,CNR8848062382,Canceled by Driver,CID739461,Prime SUV,BTM Layout,Jayanagar,,,Not Applicable,Personal & Car related issue,Not Applicable,Not Applicable,828,Not Applicable,0,,
2024-07-19 10:10:00,CNR7991174689,Driver Not Found,CID301192,Prime Sedan,Chamarajpet,JP Nagar,,,Not Applicable,Not Applicable,Not Applicable,Not Applicable,151,Not Applicable,0,,
2024-07-08 04:32:00,CNR3103962808,Success,CID680315,eBike,Basavanagudi,Chamarajpet,154.0,110.0,Not Applicable,Not Applicable,No,Not Applicable,326,UPI,12,4.3,3.7
2024-07-24 18:21:00,CNR8520133505,Success,CID458385,Prime Sedan,BTM Layout,Yeshwanthpur,84.0,135.0,Not Applicable,Not Applicable,No,Not Applicable,423,UPI,39,4.2,4.5
2024-07-19 02:41:00,CNR1689448453,Success,CID284557,Bike,Electronic City,Marathahalli,294.0,30.0,Not Applicable,Not Applicable,No,Not Applicable,230,UPI,43,4.2,4.0
2024-07-20 07:36:00,CNR1139475691,Driver Not Found,CID160839,Prime Plus,Marathahalli,Malleshwaram,,,Not Applicable,Not Applicable,Not Applicable,Not Applicable,204,Not Applicable,0,,
2024-07-02 21:26:00,CNR6377336306,Canceled by Driver,CID137430,Prime SUV,Kadugodi,Banashankari,,,Not Applicable,Customer was coughing/sick,Not Applicable,Not Applicable,753,Not Applicable,0,,
2024-07-22 11:14:00,CNR3813032739,Canceled by Customer,CID248121,Mini,Hulimavu,Langford Town,,,Change of plans,Not Applicable,Not Applicable,Not Applicable,115,Not Applicable,0,,
2024-07-20 18:14:00,CNR7730718479,Success,CID390822,Prime SUV,Kammanahalli,Frazer Town,231.0,135.0,Not Applicable,Not Applicable,No,Not Applicable,2948,UPI,33,3.1,4.7
2024-07-14 05:22:00,CNR3171748273,Canceled by Driver,CID544397,Prime SUV,Kengeri,Hulimavu,,,Not Applicable,Personal & Car related issue,Not Applicable,Not Applicable,452,Not Applicable,0,,
2024-07-17 18:21:00,CNR3400178429,Success,CID885921,Mini,Basavanagudi,Yelahanka,175.0,105.0,Not Applicable,Not Applicable,No,Not Applicable,115,Cash,6,4.8,4.3
2024-07-07 03:38:00,CNR5137396789,Canceled by Customer,CID988159,Prime Sedan,Electronic City,Yelahanka,,,Driver is not moving towards pickup location,Not Applicable,Not Applicable,Not Applicable,560,Not Applicable,0,,
2024-07-09 20:09:00,CNR9700741253,Canceled by Driver,CID912293,Prime Plus,Jayanagar,Hosur Road,,,Not Applicable,Customer related issue,Not Applicable,Not Applicable,318,Not Applicable,0,,
2024-07-01 00:35:00,CNR2057750360,Canceled by Driver,CID369584,Mini,Yeshwanthpur,Chickpet,,,Not Applicable,Personal & Car related issue,Not Applicable,Not Applicable,986,Not Applicable,0,,
2024-07-03 09:54:00,CNR5572285924,Success,CID162173,Auto,Varthur,Koramangala,126.0,60.0,Not Applicable,Not Applicable,No,Not Applicable,1560,Cash,18,4.3,4.1
2024-07-30 14:31:00,CNR6717025985,Driver Not Found,CID746964,Prime SUV,Ulsoor,Langford Town,,,Not Applicable,Not Applicable,Not Applicable,Not Applicable,725,Not Applicable,0,,
2024-07-09 10:40:00,CNR6125582498,Success,CID586712,eBike,Rajarajeshwari Nagar,HSR Layout,161.0,35.0,Not Applicable,Not Applicable,No,Not Applicable,325,UPI,8,4.9,3.3
2024-07-14 23:56:00,CNR1437587216,Success,CID719457,Prime Plus,Kadugodi,Rajajinagar,308.0,75.0,Not Applicable,Not Applicable,No,Not Applicable,665,Cash,41,3.3,3.1
2024-07-11 06:47:00,CNR5492250313,Driver Not Found,CID698638,Prime SUV,Marathahalli,Nagarbhavi,,,Not Applicable,Not Applicable,Not Applicable,Not Applicable,200,Not Applicable,0,,
2024-07-06 03:50:00,CNR9535634771,Success,CID308152,eBike,KR Puram,Peenya,63.0,55.0,Not Applicable,Not Applicable,No,Not Applicable,589,Cash,43,3.9,3.8
2024-07-29 09:35:00,CNR4383103571,Canceled by Customer,CID792617,Mini,Sarjapur Road,Basavanagudi,,,Driver is not moving towards pickup location,Not Applicable,Not Applicable,Not Applicable,472,Not Applicable,0,,
2024-07-14 12:06:00,CNR6037409634,Success,CID873683,Prime Plus,Whitefield,Indiranagar,49.0,100.0,Not Applicable,Not Applicable,No,Not Applicable,2787,Cash,19,4.8,3.8
2024-07-14 18:57:00,CNR4387773019,Canceled by Driver,CID530396,eBike,Langford Town,Vijayanagar,,,Not Applicable,Customer was coughing/sick,Not Applicable,Not Applicable,124,Not Applicable,0,,
2024-07-13 02:27:00,CNR6108561349,Canceled by Driver,CID676785,Auto,Jayanagar,Varthur,,,Not Applicable,Customer related issue,Not Applicable,Not Applicable,405,Not Applicable,0,,
2024-07-12 16:11:00,CNR4903767454,Success,CID379052,Mini,Jayanagar,Whitefield,49.0,100.0,Not Applicable,Not Applicable,No,Not Applicable,463,UPI,35,4.8,3.8
2024-07-05 17:53:00,CNR6566553581,Success,CID972093,Auto,Electronic City,Cox Town,49.0,75.0,Not Applicable,Not Applicable,No,Not Applicable,460,UPI,19,4.0,4.1
2024-07-08 12:23:00,CNR4158906906,Success,CID274345,Prime Plus,Koramangala,Chamarajpet,175.0,110.0,Not Applicable,Not Applicable,No,Not Applicable,326,UPI,37,3.6,3.5
2024-07-13 13:30:00,CNR8306695211,Canceled by Driver,CID836927,Prime SUV,RT Nagar,Hosur Road,,,Not Applicable,Customer related issue,Not Applicable,Not Applicable,304,Not Applicable,0,,
2024-07-15 03:19:00,CNR1949070299,Success,CID323193,Prime Plus,JP Nagar,Magadi Road,91.0,95.0,Not Applicable,Not Applicable,No,Not Applicable,496,Cash,26,3.3,4.0
2024-07-12 10:33:00,CNR6248705176,Canceled by Customer,CID695381,Prime SUV,Chickpet,Indiranagar,,,Driver asked to cancel,Not Applicable,Not Applicable,Not Applicable,266,Not Applicable,0,,
2024-07-24 06:27:00,CNR9558853456,Canceled by Driver,CID905341,eBike,Devanahalli,MG Road,,,Not Applicable,Personal & Car related issue,Not Applicable,Not Applicable,326,Not Applicable,0,,
2024-07-05 14:08:00,CNR9527168770,Canceled by Driver,CID870500,Mini,RT Nagar,Nagarbhavi,,,Not Applicable,Customer related issue,Not Applicable,Not Applicable,270,Not Applicable,0,,
2024-07-01 13:41:00,CNR1671900488,Success,CID598083,Prime Plus,Chickpet,Mysore Road,287.0,55.0,Not Applicable,Not Applicable,No,Not Applicable,643,UPI,22,3.1,3.4
2024-07-17 22:21:00,CNR9600415489,Success,CID906796,Prime Plus,Marathahalli,Marathahalli,217.0,85.0,Not Applicable,Not Applicable,No,Not Applicable,499,Debit Card,22,3.6,3.7
2024-07-12 12:39:00,CNR4478702857,Driver Not Found,CID576897,Prime SUV,JP Nagar,Bellandur,,,Not Applicable,Not Applicable,Not Applicable,Not Applicable,162,Not Applicable,0,,
2024-07-19 14:09:00,CNR8074477905,Canceled by Customer,CID786728,Prime Plus,Whitefield,Hosur Road,,,AC is Not working,Not Applicable,Not Applicable,Not Applicable,273,Not Applicable,0,,
2024-07-28 11:11:00,CNR9069189060,Success,CID569231,eBike,Richmond Town,Rajarajeshwari Nagar,77.0,75.0,Not Applicable,Not Applicable,No,Not Applicable,251,Cash,49,4.7,4.3
2024-07-07 23:16:00,CNR6148448315,Success,CID775904,Prime Plus,Majestic,MG Road,252.0,70.0,Not Applicable,Not Applicable,No,Not Applicable,299,UPI,46,3.7,3.9
2024-07-11 23:15:00,CNR8029350538,Success,CID776953,eBike,Chamarajpet,Rajajinagar,42.0,60.0,Not Applicable,Not Applicable,No,Not Applicable,1699,Cash,33,4.7,3.9
2024-07-21 01:49:00,CNR5278210396,Driver Not Found,CID996922,Prime SUV,Yeshwanthpur,Richmond Town,,,Not Applicable,Not Applicable,Not Applicable,Not Applicable,914,Not Applicable,0,,
2024-07-10 01:24:00,CNR7424942742,Success,CID559751,Prime SUV,Hulimavu,Rajarajeshwari Nagar,245.0,90.0,Not Applicable,Not Applicable,No,Not Applicable,2920,Cash,28,3.4,4.5
2024-07-04 17:57:00,CNR7855399952,Success,CID842649,Prime Sedan,Jayanagar,Jayanagar,140.0,45.0,Not Applicable,Not Applicable,Yes,Vehicle Breakdown,338,Cash,13,3.9,4.9
2024-07-23 23:11:00,CNR9823285697,Success,CID252256,eBike,RT Nagar,Langford Town,280.0,130.0,Not Applicable,Not Applicable,No,Not Applicable,988,Cash,47,4.8,4.9
2024-07-11 05:22:00,CNR8044553213,Success,CID500242,Prime SUV,Chickpet,Kammanahalli,224.0,110.0,Not Applicable,Not Applicable,Yes,Vehicle Breakdown,367,Cash,22,3.6,3.8
2024-07-28 17:24:00,CNR9075673445,Driver Not Found,CID894213,Bike,Kengeri,Hulimavu,,,Not Applicable,Not Applicable,Not Applicable,Not Applicable,132,Not Applicable,0,,
2024-07-10 06:39:00,CNR7353705971,Canceled by Customer,CID428912,eBike,Magadi Road,Vijayanagar,,,Driver is not moving towards pickup location,Not Applicable,Not Applicable,Not Applicable,284,Not Applicable,0,,
2024-07-11 17:24:00,CNR1591950262,Canceled by Customer,CID199508,Bike,Hosur Road,Hennur,,,Change of plans,Not Applicable,Not Applicable,Not Applicable,309,Not Applicable,0,,
2024-07-10 17:25:00,CNR9412170344,Success,CID519708,Mini,Langford Town,Bellandur,266.0,25.0,Not Applicable,Not Applicable,Yes,Vehicle Breakdown,770,UPI,3,4.2,3.2
2024-07-25 16:44:00,CNR4601343569,Success,CID449576,Prime Sedan,Indiranagar,Banashankari,259.0,65.0,Not Applicable,Not Applicable,No,Not Applicable,1491,Cash,44,3.5,4.1
2024-07-04 17:55:00,CNR7925681812,Driver Not Found,CID650691,Prime SUV,Kadugodi,Rajarajeshwari Nagar,,,Not Applicable,Not Applicable,Not Applicable,Not Applicable,428,Not Applicable,0,,
2024-07-09 16:16:00,CNR4856276098,Success,CID851188,Auto,Nagarbhavi,JP Nagar,161.0,60.0,Not Applicable,Not Applicable,No,Not Applicable,2356,Cash,18,3.9,3.1
2024-07-24 20:29:00,CNR8875260247,Canceled by Customer,CID288986,Auto,HSR Layout,Chickpet,,,Change of plans,Not Applicable,Not Applicable,Not Applicable,163,Not Applicable,0,,
2024-07-10 16:18:00,CNR1930532529,Driver Not Found,CID755576,Prime Sedan,Richmond Town,Langford Town,,,Not Applicable,Not Applicable,Not Applicable,Not Applicable,244,Not Applicable,0,,
2024-07-06 01:28:00,CNR9161794670,Success,CID996393,Prime Sedan,HSR Layout,Langford Town,252.0,90.0,Not Applicable,Not Applicable,No,Not Applicable,241,Cash,19,4.2,3.8
2024-07-20 18:53:00,CNR8170077130,Canceled by Customer,CID667337,Prime Sedan,Shantinagar,Padmanabhanagar,,,Driver asked to cancel,Not Applicable,Not Applicable,Not Applicable,133,Not Applicable,0,,
2024-07-02 04:18:00,CNR2074974864,Canceled by Driver,CID788029,Mini,MG Road,Ramamurthy Nagar,,,Not Applicable,Personal & Car related issue,Not Applicable,Not Applicable,210,Not Applicable,0,,
2024-07-20 09:16:00,CNR8975660447,Success,CID568535,Prime SUV,Jayanagar,Kengeri,189.0,25.0,Not Applicable,Not Applicable,No,Not Applicable,489,Cash,10,3.1,3.3
2024-07-24 08:17:00,CNR1189258741,Canceled by Driver,CID803716,Prime SUV,JP Nagar,KR Puram,,,Not Applicable,Personal & Car related issue,Not Applicable,Not Applicable,479,Not Applicable,0,,
2024-07-23 14:54:00,CNR3049981187,Success,CID205383,Prime Sedan,Kammanahalli,MG Road,70.0,100.0,Not Applicable,Not Applicable,No,Not Applicable,481,UPI,23,3.7,5.0
2024-07-05 13:01:00,CNR5648412378,Success,CID976793,Prime SUV,Langford Town,Langford Town,273.0,60.0,Not Applicable,Not Applicable,No,Not Applicable,195,Cash,46,3.6,3.4
2024-07-23 11:27:00,CNR5118230806,Success,CID311287,eBike,Basavanagudi,Mysore Road,91.0,65.0,Not Applicable,Not Applicable,No,Not Applicable,141,Cash,5,3.9,3.5
2024-07-02 09:44:00,CNR4932023959,Driver Not Found,CID549367,Prime Plus,Bellandur,Padmanabhanagar,,,Not Applicable,Not Applicable,Not Applicable,Not Applicable,492,Not Applicable,0,,
2024-07-25 14:28:00,CNR6318429150,Canceled by Driver,CID842097,Prime SUV,Tumkur Road,Rajajinagar,,,Not Applicable,Customer was coughing/sick,Not Applicable,Not Applicable,925,Not Applicable,0,,
2024-07-29 16:19:00,CNR6165854111,Success,CID723900,Mini,Chamarajpet,Hosur Road,63.0,25.0,Not Applicable,Not Applicable,No,Not Applicable,512,UPI,42,3.1,4.2
2024-07-11 20:25:00,CNR4335836522,Canceled by Customer,CID792666,eBike,KR Puram,Frazer Town,,,AC is Not working,Not Applicable,Not Applicable,Not Applicable,433,Not Applicable,0,,
2024-07-02 01:31:00,CNR8601760320,Success,CID319310,Prime Sedan,Rajarajeshwari Nagar,Majestic,294.0,50.0,Not Applicable,Not Applicable,No,Not Applicable,114,UPI,36,4.6,4.7
2024-07-26 00:36:00,CNR5340067108,Driver Not Found,CID773244,Prime Plus,Banashankari,MG Road,,,Not Applicable,Not Applicable,Not Applicable,Not Applicable,207,Not Applicable,0,,
2024-07-02 20:45:00,CNR9084663049,Success,CID371344,Bike,Kadugodi,Rajajinagar,238.0,125.0,Not Applicable,Not Applicable,No,Not Applicable,172,Cash,28,3.6,3.7
2024-07-02 08:33:00,CNR4172517976,Success,CID854151,Mini,Rajarajeshwari Nagar,Whitefield,133.0,135.0,Not Applicable,Not Applicable,No,Not Applicable,440,UPI,12,4.6,3.3
2024-07-29 19:31:00,CNR9744605030,Success,CID917257,Auto,Malleshwaram,Mysore Road,56.0,110.0,Not Applicable,Not Applicable,No,Not Applicable,918,Cash,8,4.9,4.1
2024-07-26 02:32:00,CNR9948167074,Success,CID387003,Prime SUV,Basavanagudi,Varthur,245.0,45.0,Not Applicable,Not Applicable,No,Not Applicable,305,Cash,31,5.0,4.0
2024-07-12 12:35:00,CNR7053581923,Canceled by Driver,CID802341,Mini,Kadugodi,Vijayanagar,,,Not Applicable,Customer related issue,Not Applicable,Not Applicable,338,Not Applicable,0,,
2024-07-08 06:00:00,CNR8355677252,Success,CID573308,Mini,Kadugodi,Bannerghatta Road,112.0,140.0,Not Applicable,Not Applicable,No,Not Applicable,755,UPI,49,3.9,4.6
2024-07-09 17:23:00,CNR9273462401,Success,CID384319,Bike,Shantinagar,Kammanahalli,273.0,145.0,Not Applicable,Not Applicable,No,Not Applicable,147,Cash,10,4.3,3.5
2024-07-06 20:30:00,CNR4737609387,Success,CID423722,Prime Sedan,KR Puram,Bellandur,112.0,120.0,Not Applicable,Not Applicable,No,Not Applicable,186,UPI,17,3.3,3.1
2024-07-18 20:57:00,CNR2545356892,Canceled by Driver,CID919846,Bike,Yeshwanthpur,Hulimavu,,,Not Applicable,Personal & Car related issue,Not Applicable,Not Applicable,443,Not Applicable,0,,
2024-07-16 04:56:00,CNR9488515677,Canceled by Driver,CID518520,Mini,Electronic City,Rajarajeshwari Nagar,,,Not Applicable,Customer related issue,Not Applicable,Not Applicable,454,Not Applicable,0,,
2024-07-25 01:50:00,CNR5182408049,Success,CID539331,Prime Plus,Ramamurthy Nagar,Basavanagudi,308.0,40.0,Not Applicable,Not Applicable,No,Not Applicable,1359,Cash,36,4.3,4.9
2024-07-27 23:22:00,CNR4622204997,Success,CID798579,Prime Sedan,HSR Layout,KR Puram,91.0,60.0,Not Applicable,Not Applicable,No,Not Applicable,848,Cash,25,4.2,4.1
2024-07-10 10:25:00,CNR3954078006,Driver Not Found,CID457232,Prime Sedan,Kengeri,Majestic,,,Not Applicable,Not Applicable,Not Applicable,Not Applicable,132,Not Applicable,0,,
2024-07-13 06:42:00,CNR9683162319,Canceled by Driver,CID953777,Auto,RT Nagar,Frazer Town,,,Not Applicable,Customer was coughing/sick,Not Applicable,Not Applicable,381,Not Applicable,0,,
2024-07-25 21:20:00,CNR2632273166,Success,CID312906,Prime Sedan,Bannerghatta Road,Majestic,140.0,50.0,Not Applicable,Not Applicable,No,Not Applicable,149,Cash,9,4.3,3.5
2024-07-14 22:10:00,CNR9332781292,Success,CID116154,Mini,Basavanagudi,Yeshwanthpur,91.0,35.0,Not Applicable,Not Applicable,No,Not Applicable,2681,UPI,7,3.2,3.8
2024-07-23 01:43:00,CNR2619079369,Success,CID694831,eBike,Banashankari,Padmanabhanagar,91.0,140.0,Not Applicable,Not Applicable,No,Not Applicable,244,Cash,27,4.5,4.9
2024-07-22 14:41:00,CNR9486759464,Success,CID472124,eBike,Mysore Road,Rajajinagar,189.0,120.0,Not Applicable,Not Applicable,Yes,Vehicle Breakdown,208,Cash,7,3.5,3.2
2024-07-13 22:07:00,CNR9598262261,Driver Not Found,CID219577,Prime SUV,Tumkur Road,RT Nagar,,,Not Applicable,Not Applicable,Not Applicable,Not Applicable,467,Not Applicable,0,,
2024-07-30 01:25:00,CNR2842900438,Success,CID240365,eBike,Nagarbhavi,Hosur Road,266.0,45.0,Not Applicable,Not Applicable,Yes,Vehicle Breakdown,367,Cash,49,3.8,3.9
2024-07-07 14:13:00,CNR5894490364,Success,CID741502,Prime SUV,Bannerghatta Road,Padmanabhanagar,112.0,50.0,Not Applicable,Not Applicable,No,Not Applicable,587,Cash,8,4.7,4.4
2024-07-11 19:43:00,CNR5094449896,Canceled by Customer,CID280813,Prime Sedan,KR Puram,BTM Layout,,,AC is Not working,Not Applicable,Not Applicable,Not Applicable,674,Not Applicable,0,,
2024-07-20 22:07:00,CNR9572994955,Success,CID786161,Prime Plus,Jayanagar,Chamarajpet,70.0,40.0,Not Applicable,Not Applicable,No,Not Applicable,451,Cash,39,3.5,5.0
2024-07-17 11:48:00,CNR4187946906,Canceled by Driver,CID552757,Prime Sedan,Whitefield,Marathahalli,,,Not Applicable,Personal & Car related issue,Not Applicable,Not Applicable,881,Not Applicable,0,,
2024-07-14 14:32:00,CNR5852196589,Success,CID236902,Auto,RT Nagar,Ramamurthy Nagar,49.0,105.0,Not Applicable,Not Applicable,No,Not Applicable,1220,Cash,8,3.7,4.7
2024-07-16 12:15:00,CNR5641775382,Success,CID626681,Prime Sedan,Vijayanagar,Koramangala,245.0,95.0,Not Applicable,Not Applicable,Yes,Vehicle Breakdown,867,Cash,26,4.6,4.6
2024-07-04 12:18:00,CNR8402793313,Canceled by Driver,CID706554,eBike,Hosur Road,Bannerghatta Road,,,Not Applicable,Personal & Car related issue,Not Applicable,Not Applicable,181,Not Applicable,0,,
2024-07-04 04:25:00,CNR6382117878,Success,CID602059,Bike,Indiranagar,KR Puram,70.0,105.0,Not Applicable,Not Applicable,No,Not Applicable,742,UPI,27,3.3,3.4
2024-07-28 02:01:00,CNR5396256779,Canceled by Driver,CID846752,Auto,Jayanagar,Kengeri,,,Not Applicable,Customer related issue,Not Applicable,Not Applicable,1079,Not Applicable,0,,
2024-07-08 14:36:00,CNR1941296777,Success,CID377336,Bike,Yelahanka,Mysore Road,91.0,50.0,Not Applicable,Not Applicable,No,Not Applicable,1051,UPI,35,4.6,4.4
2024-07-26 14:02:00,CNR7541312391,Canceled by Customer,CID811830,eBike,Bannerghatta Road,Whitefield,,,AC is Not working,Not Applicable,Not Applicable,Not Applicable,278,Not Applicable,0,,
2024-07-17 05:26:00,CNR9766131198,Success,CID545924,Auto,Kengeri,Richmond Town,245.0,115.0,Not Applicable,Not Applicable,No,Not Applicable,1767,UPI,12,3.2,3.7
2024-07-17 10:18:00,CNR7370409798,Success,CID143978,Mini,Hennur,Basavanagudi,224.0,90.0,Not Applicable,Not Applicable,No,Not Applicable,492,Cash,6,3.6,3.5
2024-07-12 08:43:00,CNR7143008458,Success,CID743441,Prime Plus,Jayanagar,Hennur,259.0,135.0,Not Applicable,Not Applicable,No,Not Applicable,452,UPI,43,3.8,5.0
2024-07-21 08:56:00,CNR6369382418,Success,CID627728,Prime Plus,Majestic,Peenya,175.0,65.0,Not Applicable,Not Applicable,No,Not Applicable,147,Cash,42,3.2,3.5
2024-07-09 14:08:00,CNR3955410071,Success,CID991085,Auto,Devanahalli,Chickpet,56.0,85.0,Not Applicable,Not Applicable,No,Not Applicable,879,Debit Card,5,3.0,3.1
2024-07-16 13:23:00,CNR4281829186,Success,CID386709,Auto,Vijayanagar,Ulsoor,287.0,110.0,Not Applicable,Not Applicable,No,Not Applicable,204,Cash,9,4.4,3.6
2024-07-29 23:46:00,CNR9402241405,Canceled by Driver,CID205223,Prime Plus,Banashankari,HSR Layout,,,Not Applicable,Customer related issue,Not Applicable,Not Applicable,126,Not Applicable,0,,
2024-07-07 19:39:00,CNR3034308630,Success,CID495864,Prime Plus,Chamarajpet,Frazer Town,189.0,45.0,Not Applicable,Not Applicable,No,Not Applicable,170,UPI,39,3.0,3.2
2024-07-21 08:19:00,CNR9309883799,Canceled by Driver,CID847784,Prime Sedan,RT Nagar,Marathahalli,,,Not Applicable,Personal & Car related issue,Not Applicable,Not Applicable,239,Not Applicable,0,,
2024-07-11 22:44:00,CNR9997598732,Canceled by Customer,CID519889,Prime SUV,Cox Town,Chickpet,,,Driver is not moving towards pickup location,Not Applicable,Not Applicable,Not Applicable,695,Not Applicable,0,,
2024-07-24 17:17:00,CNR2023485599,Canceled by Customer,CID890365,Bike,Chickpet,Mysore Road,,,AC is Not working,Not Applicable,Not Applicable,Not Applicable,1756,Not Applicable,0,,
2024-07-25 09:15:00,CNR8225982454,Canceled by Driver,CID706338,Mini,Rajarajeshwari Nagar,Langford Town,,,Not Applicable,Customer was coughing/sick,Not Applicable,Not Applicable,1688,Not Applicable,0,,
2024-07-23 04:51:00,CNR9920231816,Success,CID208603,Mini,Varthur,Shantinagar,63.0,60.0,Not Applicable,Not Applicable,No,Not Applicable,1942,Cash,32,4.4,4.3
2024-07-01 08:12:00,CNR8832529265,Success,CID389666,Prime Plus,Shantinagar,Yeshwanthpur,77.0,100.0,Not Applicable,Not Applicable,No,Not Applicable,309,UPI,22,4.6,3.2
2024-07-01 18:45:00,CNR1081689590,Success,CID540555,Prime Plus,Kadugodi,Frazer Town,231.0,40.0,Not Applicable,Not Applicable,No,Not Applicable,286,UPI,28,4.3,4.6
2024-07-05 23:03:00,CNR4907656053,Canceled by Driver,CID262284,Prime Sedan,Tumkur Road,Majestic,,,Not Applicable,Customer was coughing/sick,Not Applicable,Not Applicable,266,Not Applicable,0,,
2024-07-09 07:34:00,CNR7035450070,Success,CID671627,Auto,Mysore Road,Mysore Road,133.0,125.0,Not Applicable,Not Applicable,No,Not Applicable,131,UPI,1,4.2,4.8
2024-07-19 05:07:00,CNR8766106728,Canceled by Customer,CID182065,Prime Sedan,Richmond Town,Padmanabhanagar,,,Driver is not moving towards pickup location,Not Applicable,Not Applicable,Not Applicable,912,Not Applicable,0,,
2024-07-15 05:47:00,CNR9238307727,Success,CID692908,Prime SUV,Ulsoor,Magadi Road,224.0,145.0,Not Applicable,Not Applicable,No,Not Applicable,551,Cash,43,4.9,4.6
2024-07-09 23:35:00,CNR9818018173,Success,CID278006,Prime Plus,Kammanahalli,Chickpet,56.0,25.0,Not Applicable,Not Applicable,No,Not Applicable,509,Cash,14,4.2,4.3
2024-07-11 23:13:00,CNR7506010289,Canceled by Customer,CID115804,Auto,Kammanahalli,Vijayanagar,,,AC is Not working,Not Applicable,Not Applicable,Not Applicable,246,Not Applicable,0,,
2024-07-26 14:43:00,CNR7346326107,Success,CID509855,eBike,Indiranagar,Bannerghatta Road,245.0,120.0,Not Applicable,Not Applicable,No,Not Applicable,975,Cash,37,3.7,4.1
2024-07-15 19:33:00,CNR5651956271,Success,CID238406,Prime SUV,Varthur,KR Puram,294.0,115.0,Not Applicable,Not Applicable,No,Not Applicable,452,Cash,21,3.3,4.5
2024-07-11 04:02:00,CNR2462282049,Canceled by Customer,CID968300,eBike,Yelahanka,Sahakar Nagar,,,Driver is not moving towards pickup location,Not Applicable,Not Applicable,Not Applicable,186,Not Applicable,0,,
2024-07-04 15:21:00,CNR7354504255,Success,CID791567,Auto,Sarjapur Road,Majestic,182.0,75.0,Not Applicable,Not Applicable,No,Not Applicable,130,Cash,15,4.2,4.5
2024-07-20 15:01:00,CNR3953880739,Success,CID577790,Bike,Kengeri,Hosur Road,140.0,75.0,Not Applicable,Not Applicable,No,Not Applicable,220,UPI,48,4.4,3.8
2024-07-11 12:42:00,CNR1821256878,Success,CID170458,Prime SUV,Langford Town,Hennur,98.0,65.0,Not Applicable,Not Applicable,No,Not Applicable,454,Debit Card,9,3.5,4.5
2024-07-18 10:45:00,CNR7538360745,Success,CID919154,Bike,Devanahalli,Jayanagar,252.0,115.0,Not Applicable,Not Applicable,No,Not Applicable,297,UPI,3,3.4,4.8
2024-07-28 13:04:00,CNR4284534090,Driver Not Found,CID178821,Mini,Banashankari,Marathahalli,,,Not Applicable,Not Applicable,Not Applicable,Not Applicable,497,Not Applicable,0,,
2024-07-18 06:16:00,CNR2239705864,Canceled by Customer,CID692516,Mini,Frazer Town,Ulsoor,,,Driver is not moving towards pickup location,Not Applicable,Not Applicable,Not Applicable,353,Not Applicable,0,,
2024-07-16 13:41:00,CNR3263609265,Canceled by Driver,CID969235,Mini,Koramangala,Cox Town,,,Not Applicable,Personal & Car related issue,Not Applicable,Not Applicable,149,Not Applicable,0,,
2024-07-07 01:19:00,CNR3351999788,Driver Not Found,CID810155,Mini,Indiranagar,Magadi Road,,,Not Applicable,Not Applicable,Not Applicable,Not Applicable,748,Not Applicable,0,,
2024-07-18 03:30:00,CNR3000955536,Success,CID598547,Mini,Chamarajpet,Varthur,133.0,30.0,Not Applicable,Not Applicable,No,Not Applicable,2533,UPI,9,4.8,4.0
2024-07-05 13:30:00,CNR9507667958,Success,CID484980,Prime Plus,Hosur Road,Yelahanka,35.0,30.0,Not Applicable,Not Applicable,No,Not Applicable,449,Cash,36,4.3,3.6
2024-07-03 04:37:00,CNR5848167876,Success,CID156791,Bike,Peenya,Frazer Town,112.0,120.0,Not Applicable,Not Applicable,No,Not Applicable,794,UPI,38,4.1,3.1
2024-07-04 05:56:00,CNR2155217690,Success,CID263952,Mini,Jayanagar,JP Nagar,189.0,55.0,Not Applicable,Not Applicable,No,Not Applicable,965,Credit Card,32,4.7,3.2
2024-07-29 13:31:00,CNR7658837366,Success,CID517484,Auto,HSR Layout,Padmanabhanagar,42.0,55.0,Not Applicable,Not Applicable,No,Not Applicable,812,UPI,1,4.4,3.2
2024-07-12 17:59:00,CNR7688945127,Canceled by Driver,CID261760,Prime Sedan,Nagarbhavi,Chickpet,,,Not Applicable,More than permitted people in there,Not Applicable,Not Applicable,132,Not Applicable,0,,
2024-07-17 08:49:00,CNR9031657963,Driver Not Found,CID745245,Prime SUV,Bannerghatta Road,Malleshwaram,,,Not Applicable,Not Applicable,Not Applicable,Not Applicable,443,Not Applicable,0,,
2024-07-27 05:53:00,CNR3300019552,Success,CID332049,Mini,Shivajinagar,Rajarajeshwari Nagar,77.0,125.0,Not Applicable,Not Applicable,No,Not Applicable,231,Cash,46,4.9,4.2
2024-07-14 10:02:00,CNR4708038635,Canceled by Driver,CID761076,Prime Sedan,Peenya,KR Puram,,,Not Applicable,Personal & Car related issue,Not Applicable,Not Applicable,267,Not Applicable,0,,
2024-07-17 11:06:00,CNR6409233131,Canceled by Driver,CID518228,Prime SUV,Basavanagudi,Rajajinagar,,,Not Applicable,Customer related issue,Not Applicable,Not Applicable,209,Not Applicable,0,,
2024-07-09 06:30:00,CNR8762635897,Success,CID337247,Bike,Varthur,Electronic City,203.0,140.0,Not Applicable,Not Applicable,No,Not Applicable,182,Cash,36,3.8,3.6
2024-07-15 07:48:00,CNR1303178339,Success,CID867913,Prime Plus,Chickpet,Rajarajeshwari Nagar,294.0,50.0,Not Applicable,Not Applicable,No,Not Applicable,810,UPI,19,3.7,3.6
2024-07-30 02:54:00,CNR5333535838,Canceled by Driver,CID552057,eBike,KR Puram,Bellandur,,,Not Applicable,Customer was coughing/sick,Not Applicable,Not Applicable,419,Not Applicable,0,,
2024-07-23 21:13:00,CNR2484136693,Driver Not Found,CID343813,eBike,Ramamurthy Nagar,Richmond Town,,,Not Applicable,Not Applicable,Not Applicable,Not Applicable,1426,Not Applicable,0,,
2024-07-28 17:29:00,CNR2818957989,Success,CID765423,Bike,Ramamurthy Nagar,Majestic,119.0,85.0,Not Applicable,Not Applicable,No,Not Applicable,396,UPI,6,3.2,3.9
2024-07-03 16:22:00,CNR7617154510,Canceled by Driver,CID592086,Prime SUV,Peenya,Vijayanagar,,,Not Applicable,Customer related issue,Not Applicable,Not Applicable,1755,Not Applicable,0,,
2024-07-09 06:26:00,CNR2337356164,Success,CID127514,Prime Plus,Padmanabhanagar,Chickpet,49.0,125.0,Not Applicable,Not Applicable,No,Not Applicable,800,UPI,43,3.1,3.9
2024-07-25 05:33:00,CNR9489951635,Success,CID872007,eBike,Sahakar Nagar,Chickpet,287.0,140.0,Not Applicable,Not Applicable,No,Not Applicable,191,UPI,34,4.1,4.8
2024-07-14 03:16:00,CNR3626314672,Success,CID971249,Mini,Marathahalli,Frazer Town,280.0,110.0,Not Applicable,Not Applicable,Yes,Vehicle Breakdown,807,Credit Card,33,4.7,4.7
2024-07-04 12:31:00,CNR6339389939,Canceled by Customer,CID173288,Mini,Rajarajeshwari Nagar,Langford Town,,,Driver is not moving towards pickup location,Not Applicable,Not Applicable,Not Applicable,245,Not Applicable,0,,
2024-07-22 16:35:00,CNR8231040863,Canceled by Customer,CID627485,Bike,Tumkur Road,Koramangala,,,AC is Not working,Not Applicable,Not Applicable,Not Applicable,184,Not Applicable,0,,
2024-07-14 16:12:00,CNR5938516384,Driver Not Found,CID610936,Prime Sedan,Jayanagar,Rajajinagar,,,Not Applicable,Not Applicable,Not Applicable,Not Applicable,363,Not Applicable,0,,
2024-07-13 14:58:00,CNR7665891950,Canceled by Driver,CID267898,Mini,Yelahanka,Shivajinagar,,,Not Applicable,Customer related issue,Not Applicable,Not Applicable,379,Not Applicable,0,,
2024-07-27 01:35:00,CNR4211259053,Success,CID345104,Auto,Majestic,Magadi Road,245.0,130.0,Not Applicable,Not Applicable,No,Not Applicable,164,UPI,18,4.7,3.2
2024-07-05 14:21:00,CNR5500055545,Success,CID648312,Prime Plus,Vijayanagar,Ulsoor,210.0,70.0,Not Applicable,Not Applicable,No,Not Applicable,742,Cash,15,4.8,3.6
2024-07-06 08:08:00,CNR2144962242,Canceled by Driver,CID997175,Bike,Chamarajpet,Chickpet,,,Not Applicable,Personal & Car related issue,Not Applicable,Not Applicable,119,Not Applicable,0,,
2024-07-08 16:46:00,CNR2257922652,Canceled by Driver,CID287702,Prime Plus,Kadugodi,Rajarajeshwari Nagar,,,Not Applicable,Personal & Car related issue,Not Applicable,Not Applicable,485,Not Applicable,0,,
2024-07-21 11:23:00,CNR7474256617,Success,CID176386,Auto,Ramamurthy Nagar,RT Nagar,273.0,45.0,Not Applicable,Not Applicable,No,Not Applicable,480,UPI,4,4.4,3.5
2024-07-22 04:37:00,CNR7431089566,Canceled by Driver,CID178528,Prime Plus,Peenya,Sahakar Nagar,,,Not Applicable,Customer related issue,Not Applicable,Not Applicable,555,Not Applicable,0,,
2024-07-29 21:35:00,CNR9528473788,Success,CID676386,Bike,Richmond Town,Hulimavu,287.0,125.0,Not Applicable,Not Applicable,No,Not Applicable,906,Cash,5,4.8,4.4
2024-07-03 11:05:00,CNR7350091164,Canceled by Driver,CID237294,Bike,KR Puram,Frazer Town,,,Not Applicable,Customer related issue,Not Applicable,Not Applicable,166,Not Applicable,0,,
2024-07-15 11:15:00,CNR8591466253,Success,CID350859,eBike,Whitefield,Nagarbhavi,63.0,40.0,Not Applicable,Not Applicable,No,Not Applicable,120,Cash,45,4.9,4.3
2024-07-07 19:37:00,CNR7929983089,Canceled by Customer,CID456008,Prime SUV,Banashankari,Electronic City,,,Wrong Address,Not Applicable,Not Applicable,Not Applicable,624,Not Applicable,0,,
2024-07-17 23:18:00,CNR7105181014,Success,CID193237,Prime Plus,JP Nagar,Majestic,42.0,140.0,Not Applicable,Not Applicable,No,Not Applicable,342,Cash,3,3.8,3.0
2024-07-18 17:28:00,CNR1014111109,Success,CID898214,Auto,Jayanagar,Shantinagar,273.0,55.0,Not Applicable,Not Applicable,No,Not Applicable,703,Cash,18,3.7,3.4
2024-07-20 06:43:00,CNR1887740432,Canceled by Driver,CID105833,Bike,Hosur Road,Frazer Town,,,Not Applicable,Customer related issue,Not Applicable,Not Applicable,507,Not Applicable,0,,
2024-07-17 19:39:00,CNR2359258698,Success,CID963019,Mini,BTM Layout,Yeshwanthpur,35.0,145.0,Not Applicable,Not Applicable,No,Not Applicable,284,UPI,21,4.5,4.7
2024-07-25 22:20:00,CNR6619439642,Canceled by Customer,CID300943,eBike,Magadi Road,MG Road,,,Driver is not moving towards pickup location,Not Applicable,Not Applicable,Not Applicable,418,Not Applicable,0,,
2024-07-06 05:09:00,CNR1275987269,Canceled by Customer,CID794370,Auto,Jayanagar,JP Nagar,,,Driver asked to cancel,Not Applicable,Not Applicable,Not Applicable,2411,Not Applicable,0,,
2024-07-14 14:47:00,CNR8715515732,Success,CID401226,Bike,Basavanagudi,Ulsoor,259.0,120.0,Not Applicable,Not Applicable,No,Not Applicable,294,UPI,22,3.8,3.8
2024-07-26 22:09:00,CNR1116866445,Success,CID612748,Prime SUV,Mysore Road,Padmanabhanagar,210.0,80.0,Not Applicable,Not Applicable,No,Not Applicable,259,UPI,41,3.3,3.9
2024-07-27 15:01:00,CNR4396930567,Success,CID411832,Auto,Malleshwaram,Chamarajpet,119.0,25.0,Not Applicable,Not Applicable,Yes,Customer Demand,834,Cash,7,3.4,3.9
2024-07-05 06:56:00,CNR4554330647,Success,CID649852,Prime Sedan,RT Nagar,Langford Town,287.0,100.0,Not Applicable,Not Applicable,No,Not Applicable,934,Cash,30,3.1,4.1
2024-07-26 12:54:00,CNR9731032989,Success,CID223495,eBike,Ramamurthy Nagar,Whitefield,63.0,80.0,Not Applicable,Not Applicable,No,Not Applicable,2754,UPI,14,4.7,3.1
2024-07-04 02:54:00,CNR7189174664,Success,CID881023,Bike,Peenya,Padmanabhanagar,168.0,40.0,Not Applicable,Not Applicable,No,Not Applicable,899,Cash,12,4.6,4.0
2024-07-02 09:28:00,CNR2508131489,Success,CID649557,Prime Sedan,Frazer Town,Koramangala,182.0,80.0,Not Applicable,Not Applicable,Yes,Vehicle Breakdown,464,UPI,6,4.6,4.9
2024-07-25 05:36:00,CNR6546933937,Success,CID136496,eBike,Malleshwaram,Banashankari,91.0,35.0,Not Applicable,Not Applicable,No,Not Applicable,260,Cash,34,4.3,4.3
2024-07-24 02:24:00,CNR8480857542,Success,CID598433,Prime Plus,Jayanagar,Mysore Road,70.0,70.0,Not Applicable,Not Applicable,No,Not Applicable,172,Cash,41,3.3,3.4
2024-07-05 04:17:00,CNR4618399705,Canceled by Customer,CID738940,eBike,Jayanagar,Sahakar Nagar,,,Change of plans,Not Applicable,Not Applicable,Not Applicable,822,Not Applicable,0,,
2024-07-11 07:22:00,CNR1542465979,Canceled by Driver,CID140947,Prime Sedan,Devanahalli,Koramangala,,,Not Applicable,Personal & Car related issue,Not Applicable,Not Applicable,371,Not Applicable,0,,
2024-07-27 03:52:00,CNR4523482346,Success,CID997978,Prime SUV,Magadi Road,Ulsoor,217.0,105.0,Not Applicable,Not Applicable,No,Not Applicable,496,UPI,16,3.7,4.4
2024-07-04 03:02:00,CNR2041364983,Driver Not Found,CID616518,Prime Plus,Hennur,MG Road,,,Not Applicable,Not Applicable,Not Applicable,Not Applicable,906,Not Applicable,0,,
2024-07-07 10:57:00,CNR6713644847,Success,CID822840,Mini,Jayanagar,BTM Layout,84.0,90.0,Not Applicable,Not Applicable,No,Not Applicable,954,UPI,1,3.9,4.3
2024-07-12 16:41:00,CNR1216805899,Success,CID832158,Prime Sedan,Ulsoor,Vijayanagar,133.0,35.0,Not Applicable,Not Applicable,No,Not Applicable,808,UPI,41,3.9,4.1
2024-07-11 02:44:00,CNR2160345170,Success,CID478345,Prime SUV,Yelahanka,Hebbal,182.0,25.0,Not Applicable,Not Applicable,No,Not Applicable,497,Credit Card,43,4.7,4.5
2024-07-25 09:45:00,CNR1373202437,Success,CID907209,Prime SUV,Whitefield,Malleshwaram,63.0,135.0,Not Applicable,Not Applicable,No,Not Applicable,456,Cash,19,4.9,4.8
2024-07-13 16:08:00,CNR2258693676,Success,CID360190,Prime SUV,BTM Layout,Magadi Road,301.0,35.0,Not Applicable,Not Applicable,No,Not Applicable,339,UPI,12,3.7,4.0
2024-07-04 11:22:00,CNR9128047943,Success,CID730228,Prime SUV,Tumkur Road,Indiranagar,175.0,85.0,Not Applicable,Not Applicable,No,Not Applicable,651,Cash,7,3.2,4.9
2024-07-09 18:59:00,CNR8613915592,Success,CID562219,Prime Plus,RT Nagar,Chamarajpet,301.0,135.0,Not Applicable,Not Applicable,No,Not Applicable,251,Credit Card,14,3.7,3.9
2024-07-17 06:20:00,CNR8949695674,Success,CID195475,Prime SUV,Kadugodi,Vijayanagar,112.0,120.0,Not Applicable,Not Applicable,No,Not Applicable,171,Cash,19,4.6,3.8
2024-07-30 11:40:00,CNR7355132096,Success,CID498678,Prime SUV,Hosur Road,BTM Layout,126.0,75.0,Not Applicable,Not Applicable,No,Not Applicable,546,UPI,47,3.6,3.4
2024-07-09 05:06:00,CNR7812780965,Success,CID750782,Prime Plus,Jayanagar,Sarjapur Road,287.0,115.0,Not Applicable,Not Applicable,Yes,Customer Demand,952,UPI,30,3.4,4.6
2024-07-05 08:37:00,CNR2614199455,Canceled by Driver,CID151119,Auto,Nagarbhavi,Jayanagar,,,Not Applicable,Personal & Car related issue,Not Applicable,Not Applicable,147,Not Applicable,0,,
2024-07-04 22:15:00,CNR2601198083,Success,CID837086,Prime Plus,Varthur,BTM Layout,133.0,70.0,Not Applicable,Not Applicable,No,Not Applicable,252,UPI,48,4.1,4.8
2024-07-15 04:22:00,CNR6764204383,Canceled by Driver,CID269149,Prime Plus,Banashankari,Shantinagar,,,Not Applicable,Customer related issue,Not Applicable,Not Applicable,369,Not Applicable,0,,
2024-07-29 19:23:00,CNR3310055459,Success,CID658991,Bike,Kammanahalli,Kengeri,175.0,135.0,Not Applicable,Not Applicable,No,Not Applicable,2001,Cash,5,3.0,3.5
2024-07-22 03:38:00,CNR9873286502,Canceled by Driver,CID616042,Prime Plus,Kadugodi,KR Puram,,,Not Applicable,Personal & Car related issue,Not Applicable,Not Applicable,1814,Not Applicable,0,,
2024-07-03 17:46:00,CNR3356191879,Success,CID213124,eBike,Hennur,Ramamurthy Nagar,287.0,35.0,Not Applicable,Not Applicable,No,Not Applicable,636,Cash,16,4.1,3.1
2024-07-05 02:07:00,CNR6300669885,Success,CID338166,Prime Plus,Sahakar Nagar,Marathahalli,35.0,95.0,Not Applicable,Not Applicable,No,Not Applicable,300,UPI,24,3.1,3.9
2024-07-15 04:40:00,CNR3853289452,Driver Not Found,CID552089,Prime SUV,Malleshwaram,Basavanagudi,,,Not Applicable,Not Applicable,Not Applicable,Not Applicable,256,Not Applicable,0,,
2024-07-01 02:19:00,CNR3988559716,Success,CID356772,Mini,Yelahanka,JP Nagar,168.0,70.0,Not Applicable,Not Applicable,No,Not Applicable,2881,Cash,13,4.5,4.9
2024-07-18 05:13:00,CNR3698810577,Success,CID485681,Mini,Padmanabhanagar,Mysore Road,287.0,105.0,Not Applicable,Not Applicable,No,Not Applicable,462,Cash,4,4.6,4.8
2024-07-01 10:18:00,CNR4377863696,Success,CID820285,Prime Plus,Rajajinagar,Malleshwaram,77.0,120.0,Not Applicable,Not Applicable,No,Not Applicable,2220,Cash,2,3.5,3.8
2024-07-05 02:32:00,CNR4429175483,Success,CID142586,Mini,Whitefield,Yelahanka,224.0,130.0,Not Applicable,Not Applicable,No,Not Applicable,201,UPI,34,4.9,4.9
2024-07-09 11:26:00,CNR6035811650,Canceled by Customer,CID963357,Mini,Varthur,Nagarbhavi,,,Driver is not moving towards pickup location,Not Applicable,Not Applicable,Not Applicable,928,Not Applicable,0,,
2024-07-09 13:35:00,CNR9845888172,Canceled by Driver,CID455394,Mini,Electronic City,RT Nagar,,,Not Applicable,Customer was coughing/sick,Not Applicable,Not Applicable,2016,Not Applicable,0,,
2024-07-27 08:07:00,CNR7271801612,Success,CID747430,Auto,Sahakar Nagar,Chamarajpet,42.0,135.0,Not Applicable,Not Applicable,No,Not Applicable,132,Cash,4,3.7,4.6
2024-07-24 11:50:00,CNR1519901332,Driver Not Found,CID659778,Prime Plus,Electronic City,HSR Layout,,,Not Applicable,Not Applicable,Not Applicable,Not Applicable,307,Not Applicable,0,,
2024-07-30 17:22:00,CNR2561027942,Canceled by Driver,CID181452,Prime Plus,JP Nagar,HSR Layout,,,Not Applicable,Customer related issue,Not Applicable,Not Applicable,232,Not Applicable,0,,
2024-07-16 04:07:00,CNR2809150054,Success,CID711638,Prime SUV,Langford Town,Malleshwaram,56.0,35.0,Not Applicable,Not Applicable,No,Not Applicable,830,UPI,37,4.6,3.4
2024-07-24 02:23:00,CNR7750956718,Success,CID548670,Bike,KR Puram,Tumkur Road,161.0,100.0,Not Applicable,Not Applicable,No,Not Applicable,294,Cash,42,4.8,4.4
2024-07-02 03:42:00,CNR4586610827,Success,CID383942,Bike,Koramangala,Electronic City,98.0,50.0,Not Applicable,Not Applicable,No,Not Applicable,336,UPI,16,4.1,4.9
2024-07-05 04:54:00,CNR1597271640,Canceled by Customer,CID161354,eBike,Cox Town,Chamarajpet,,,Driver asked to cancel,Not Applicable,Not Applicable,Not Applicable,281,Not Applicable,0,,
2024-07-26 01:35:00,CNR9378898171,Canceled by Customer,CID286283,Prime SUV,Padmanabhanagar,Cox Town,,,Driver is not moving towards pickup location,Not Applicable,Not Applicable,Not Applicable,432,Not Applicable,0,,
2024-07-16 17:18:00,CNR9483367025,Success,CID321401,Auto,Frazer Town,HSR Layout,301.0,115.0,Not Applicable,Not Applicable,No,Not Applicable,770,UPI,4,3.2,3.4
2024-07-16 09:57:00,CNR1690801171,Driver Not Found,CID566377,Mini,JP Nagar,Koramangala,,,Not Applicable,Not Applicable,Not Applicable,Not Applicable,468,Not Applicable,0,,
2024-07-20 18:31:00,CNR8949626930,Driver Not Found,CID129116,Prime SUV,Frazer Town,Hulimavu,,,Not Applicable,Not Applicable,Not Applicable,Not Applicable,403,Not Applicable,0,,
2024-07-28 00:33:00,CNR8405408485,Canceled by Driver,CID908070,Mini,Richmond Town,Yelahanka,,,Not Applicable,More than permitted people in there,Not Applicable,Not Applicable,329,Not Applicable,0,,
2024-07-15 21:51:00,CNR7376138864,Success,CID569776,Mini,Ulsoor,Yelahanka,91.0,25.0,Not Applicable,Not Applicable,No,Not Applicable,496,Cash,30,3.5,4.2
2024-07-08 21:40:00,CNR1906351555,Driver Not Found,CID934216,eBike,Varthur,Koramangala,,,Not Applicable,Not Applicable,Not Applicable,Not Applicable,277,Not Applicable,0,,
2024-07-06 16:59:00,CNR8419154427,Success,CID611646,eBike,MG Road,HSR Layout,154.0,140.0,Not Applicable,Not Applicable,No,Not Applicable,481,Cash,2,4.7,3.8
2024-07-12 17:55:00,CNR3626023523,Success,CID198248,Auto,Vijayanagar,Chickpet,105.0,55.0,Not Applicable,Not Applicable,No,Not Applicable,634,Cash,15,4.2,3.4
2024-07-13 18:20:00,CNR3097643911,Success,CID857526,eBike,Hebbal,BTM Layout,42.0,130.0,Not Applicable,Not Applicable,No,Not Applicable,462,Cash,33,4.2,4.1
2024-07-21 10:39:00,CNR2761559965,Canceled by Driver,CID518189,Prime SUV,Hulimavu,Tumkur Road,,,Not Applicable,Customer was coughing/sick,Not Applicable,Not Applicable,338,Not Applicable,0,,
2024-07-28 02:29:00,CNR4743955325,Driver Not Found,CID183217,Auto,Koramangala,Kadugodi,,,Not Applicable,Not Applicable,Not Applicable,Not Applicable,238,Not Applicable,0,,
2024-07-14 23:56:00,CNR2850340812,Success,CID602094,Auto,Frazer Town,Rajarajeshwari Nagar,196.0,35.0,Not Applicable,Not Applicable,No,Not Applicable,230,UPI,6,4.3,3.9
2024-07-26 20:13:00,CNR6100733173,Success,CID102743,Prime SUV,Magadi Road,Frazer Town,154.0,65.0,Not Applicable,Not Applicable,No,Not Applicable,155,Cash,3,3.3,4.3
2024-07-13 03:38:00,CNR7873355310,Canceled by Customer,CID536011,Prime Sedan,Hulimavu,Peenya,,,Change of plans,Not Applicable,Not Applicable,Not Applicable,557,Not Applicable,0,,
2024-07-22 22:56:00,CNR4927833812,Canceled by Driver,CID495628,Prime Sedan,Marathahalli,Devanahalli,,,Not Applicable,Customer related issue,Not Applicable,Not Applicable,203,Not Applicable,0,,
2024-07-01 15:40:00,CNR7523750372,Success,CID449356,Prime SUV,Kammanahalli,Basavanagudi,175.0,25.0,Not Applicable,Not Applicable,No,Not Applicable,428,UPI,26,4.7,4.3
2024-07-06 23:53:00,CNR2291721895,Canceled by Driver,CID672275,Auto,Jayanagar,Electronic City,,,Not Applicable,Customer related issue,Not Applicable,Not Applicable,181,Not Applicable,0,,
2024-07-16 13:16:00,CNR2440759970,Driver Not Found,CID880756,eBike,Mysore Road,Vijayanagar,,,Not Applicable,Not Applicable,Not Applicable,Not Applicable,314,Not Applicable,0,,
2024-07-13 05:01:00,CNR7242388218,Success,CID580069,Auto,Mysore Road,Hosur Road,301.0,135.0,Not Applicable,Not Applicable,Yes,Vehicle Breakdown,940,UPI,7,5.0,3.2
2024-07-09 07:58:00,CNR8888175672,Driver Not Found,CID762648,Bike,Kammanahalli,Shivajinagar,,,Not Applicable,Not Applicable,Not Applicable,Not Applicable,490,Not Applicable,0,,
2024-07-10 13:06:00,CNR4928682368,Success,CID301227,Prime Sedan,Frazer Town,Yeshwanthpur,245.0,105.0,Not Applicable,Not Applicable,No,Not Applicable,494,Debit Card,21,3.5,3.8
2024-07-14 17:07:00,CNR3518360069,Success,CID559761,Prime Sedan,MG Road,Hennur,238.0,70.0,Not Applicable,Not Applicable,No,Not Applicable,761,UPI,45,3.3,3.2
2024-07-23 19:12:00,CNR8428865282,Canceled by Driver,CID312794,Auto,Marathahalli,Sahakar Nagar,,,Not Applicable,Personal & Car related issue,Not Applicable,Not Applicable,608,Not Applicable,0,,
2024-07-25 05:44:00,CNR8834096679,Canceled by Driver,CID653065,Prime SUV,Majestic,Ulsoor,,,Not Applicable,Customer was coughing/sick,Not Applicable,Not Applicable,112,Not Applicable,0,,
2024-07-03 09:48:00,CNR4368813977,Canceled by Customer,CID210078,Prime Plus,Indiranagar,Yeshwanthpur,,,Driver asked to cancel,Not Applicable,Not Applicable,Not Applicable,534,Not Applicable,0,,
2024-07-27 12:28:00,CNR6546838308,Success,CID111688,Auto,Hennur,Banashankari,70.0,90.0,Not Applicable,Not Applicable,No,Not Applicable,434,Cash,12,4.2,3.1
2024-07-30 07:21:00,CNR7212632204,Canceled by Driver,CID961192,Auto,Sahakar Nagar,HSR Layout,,,Not Applicable,Personal & Car related issue,Not Applicable,Not Applicable,319,Not Applicable,0,,
2024-07-14 09:39:00,CNR4538961490,Driver Not Found,CID405312,Mini,RT Nagar,Jayanagar,,,Not Applicable,Not Applicable,Not Applicable,Not Applicable,492,Not Applicable,0,,
2024-07-20 11:40:00,CNR6120332255,Success,CID633786,Auto,Richmond Town,Bannerghatta Road,77.0,130.0,Not Applicable,Not Applicable,No,Not Applicable,573,Cash,18,4.7,3.6
2024-07-08 18:23:00,CNR3192048844,Canceled by Driver,CID596606,Mini,Kadugodi,RT Nagar,,,Not Applicable,More than permitted people in there,Not Applicable,Not Applicable,372,Not Applicable,0,,
2024-07-06 20:24:00,CNR8360719837,Driver Not Found,CID744176,Prime Plus,Yelahanka,Magadi Road,,,Not Applicable,Not Applicable,Not Applicable,Not Applicable,817,Not Applicable,0,,
2024-07-07 09:16:00,CNR2965023153,Success,CID612117,Prime Sedan,KR Puram,Hennur,161.0,35.0,Not Applicable,Not Applicable,No,Not Applicable,2519,Cash,12,3.6,4.8
2024-07-26 07:01:00,CNR1574659240,Success,CID514016,Mini,Banashankari,Kadugodi,49.0,40.0,Not Applicable,Not Applicable,No,Not Applicable,343,UPI,30,3.9,4.6
2024-07-17 09:00:00,CNR7282707519,Canceled by Driver,CID120688,eBike,BTM Layout,Hosur Road,,,Not Applicable,Personal & Car related issue,Not Applicable,Not Applicable,472,Not Applicable,0,,
2024-07-11 04:20:00,CNR8457419914,Success,CID923657,Prime Plus,Electronic City,JP Nagar,112.0,50.0,Not Applicable,Not Applicable,No,Not Applicable,968,Credit Card,40,3.3,4.3
2024-07-04 23:23:00,CNR2376592307,Success,CID898929,Prime SUV,Kadugodi,KR Puram,182.0,30.0,Not Applicable,Not Applicable,No,Not Applicable,2892,UPI,37,3.9,4.2
2024-07-28 04:44:00,CNR3525677955,Success,CID580554,Bike,Padmanabhanagar,Banashankari,238.0,55.0,Not Applicable,Not Applicable,No,Not Applicable,468,Cash,29,3.0,3.2
2024-07-30 13:33:00,CNR1236565324,Canceled by Driver,CID382069,eBike,Shivajinagar,Chamarajpet,,,Not Applicable,More than permitted people in there,Not Applicable,Not Applicable,734,Not Applicable,0,,
2024-07-05 06:04:00,CNR7940254278,Success,CID500425,Bike,KR Puram,Ulsoor,84.0,140.0,Not Applicable,Not Applicable,No,Not Applicable,657,Debit Card,28,4.5,3.6
2024-07-26 05:11:00,CNR6266331455,Canceled by Customer,CID499840,eBike,Marathahalli,Richmond Town,,,Change of plans,Not Applicable,Not Applicable,Not Applicable,428,Not Applicable,0,,
2024-07-05 01:06:00,CNR2097736383,Success,CID586603,Bike,Bannerghatta Road,Hulimavu,175.0,125.0,Not Applicable,Not Applicable,No,Not Applicable,795,Cash,1,3.5,4.8
2024-07-28 10:51:00,CNR2601246006,Canceled by Customer,CID587003,Prime Plus,Hennur,Magadi Road,,,Driver asked to cancel,Not Applicable,Not Applicable,Not Applicable,486,Not Applicable,0,,
2024-07-27 10:17:00,CNR8572483985,Canceled by Customer,CID422625,Prime Sedan,Bannerghatta Road,Malleshwaram,,,Change of plans,Not Applicable,Not Applicable,Not Applicable,261,Not Applicable,0,,
2024-07-29 00:22:00,CNR1444177981,Success,CID373846,Prime Sedan,Banashankari,Frazer Town,154.0,80.0,Not Applicable,Not Applicable,No,Not Applicable,328,UPI,46,3.4,4.3
2024-07-16 13:33:00,CNR4879235087,Canceled by Driver,CID492107,Auto,Banashankari,Jayanagar,,,Not Applicable,Customer related issue,Not Applicable,Not Applicable,320,Not Applicable,0,,
2024-07-18 23:16:00,CNR1388544787,Success,CID959458,Mini,Hosur Road,Electronic City,70.0,35.0,Not Applicable,Not Applicable,No,Not Applicable,166,UPI,42,4.6,4.7
2024-07-28 02:30:00,CNR1911635758,Success,CID579740,Prime SUV,Banashankari,Richmond Town,280.0,60.0,Not Applicable,Not Applicable,No,Not Applicable,567,Cash,1,4.0,4.8
2024-07-20 00:07:00,CNR2936993669,Canceled by Driver,CID587044,Prime Plus,Sahakar Nagar,Hennur,,,Not Applicable,Customer related issue,Not Applicable,Not Applicable,840,Not Applicable,0,,
2024-07-16 14:40:00,CNR2234049097,Success,CID343095,Auto,Whitefield,RT Nagar,252.0,140.0,Not Applicable,Not Applicable,No,Not Applicable,461,UPI,10,3.7,3.7
2024-07-13 07:43:00,CNR8307355615,Driver Not Found,CID903118,Prime Plus,Whitefield,Shantinagar,,,Not Applicable,Not Applicable,Not Applicable,Not Applicable,348,Not Applicable,0,,
2024-07-13 07:50:00,CNR6330898214,Success,CID109581,Prime Sedan,Padmanabhanagar,Malleshwaram,56.0,105.0,Not Applicable,Not Applicable,No,Not Applicable,634,Cash,1,4.9,4.2
2024-07-05 15:29:00,CNR3484768450,Driver Not Found,CID264397,Bike,Koramangala,MG Road,,,Not Applicable,Not Applicable,Not Applicable,Not Applicable,484,Not Applicable,0,,
2024-07-23 08:33:00,CNR2024019790,Driver Not Found,CID580602,Prime Plus,Rajajinagar,Kammanahalli,,,Not Applicable,Not Applicable,Not Applicable,Not Applicable,315,Not Applicable,0,,
2024-07-30 23:55:00,CNR4608299514,Canceled by Driver,CID384626,eBike,Bannerghatta Road,Magadi Road,,,Not Applicable,Customer related issue,Not Applicable,Not Applicable,339,Not Applicable,0,,
2024-07-03 09:53:00,CNR6675313714,Driver Not Found,CID845335,eBike,Electronic City,Koramangala,,,Not Applicable,Not Applicable,Not Applicable,Not Applicable,883,Not Applicable,0,,
2024-07-12 17:28:00,CNR4090832380,Canceled by Customer,CID535606,Prime Sedan,Rajajinagar,Bellandur,,,Change of plans,Not Applicable,Not Applicable,Not Applicable,609,Not Applicable,0,,
2024-07-18 01:29:00,CNR4184173433,Canceled by Customer,CID188299,Prime SUV,Devanahalli,Langford Town,,,Driver asked to cancel,Not Applicable,Not Applicable,Not Applicable,470,Not Applicable,0,,
2024-07-06 15:07:00,CNR9019172328,Canceled by Driver,CID552669,Prime SUV,Malleshwaram,Indiranagar,,,Not Applicable,Customer was coughing/sick,Not Applicable,Not Applicable,871,Not Applicable,0,,
2024-07-09 17:29:00,CNR8604320812,Canceled by Customer,CID939141,eBike,Mysore Road,Chickpet,,,Driver asked to cancel,Not Applicable,Not Applicable,Not Applicable,392,Not Applicable,0,,
2024-07-10 10:04:00,CNR7334813478,Driver Not Found,CID972826,Auto,Jayanagar,Vijayanagar,,,Not Applicable,Not Applicable,Not Applicable,Not Applicable,336,Not Applicable,0,,
2024-07-05 14:07:00,CNR6968256564,Success,CID309537,Mini,Marathahalli,Frazer Town,252.0,55.0,Not Applicable,Not Applicable,No,Not Applicable,115,Cash,23,3.9,4.5
2024-07-11 01:55:00,CNR7642432227,Canceled by Customer,CID900692,eBike,Kadugodi,Chamarajpet,,,Driver asked to cancel,Not Applicable,Not Applicable,Not Applicable,207,Not Applicable,0,,
2024-07-25 06:05:00,CNR8345345545,Canceled by Customer,CID896052,Mini,Peenya,Peenya,,,Driver is not moving towards pickup location,Not Applicable,Not Applicable,Not Applicable,382,Not Applicable,0,,
2024-07-13 00:35:00,CNR9336518603,Success,CID417744,Prime Sedan,Kammanahalli,JP Nagar,301.0,145.0,Not Applicable,Not Applicable,No,Not Applicable,824,UPI,11,4.0,4.0
2024-07-21 00:23:00,CNR7291993437,Success,CID417404,Mini,Sarjapur Road,RT Nagar,70.0,100.0,Not Applicable,Not Applicable,No,Not Applicable,448,UPI,1,3.3,4.1
2024-07-15 09:52:00,CNR6421879970,Success,CID442573,Prime Sedan,JP Nagar,Nagarbhavi,119.0,120.0,Not Applicable,Not Applicable,No,Not Applicable,484,Cash,8,4.7,4.0
2024-07-18 15:11:00,CNR4754193273,Success,CID308902,Prime Sedan,Koramangala,Koramangala,63.0,60.0,Not Applicable,Not Applicable,Yes,Vehicle Breakdown,303,UPI,9,4.2,3.5
2024-07-13 07:03:00,CNR4830646684,Success,CID747357,Prime Plus,Yelahanka,Jayanagar,112.0,35.0,Not Applicable,Not Applicable,No,Not Applicable,382,UPI,3,3.2,4.3
2024-07-28 08:00:00,CNR7187394678,Success,CID101131,Prime Plus,Peenya,Indiranagar,161.0,90.0,Not Applicable,Not Applicable,No,Not Applicable,427,Cash,48,4.8,5.0
2024-07-23 00:47:00,CNR9478289591,Canceled by Driver,CID749179,Prime Plus,Varthur,KR Puram,,,Not Applicable,Customer related issue,Not Applicable,Not Applicable,2448,Not Applicable,0,,
2024-07-14 05:28:00,CNR2697289202,Success,CID196360,Prime SUV,Hosur Road,Frazer Town,301.0,140.0,Not Applicable,Not Applicable,No,Not Applicable,498,UPI,11,4.2,4.4
2024-07-02 03:34:00,CNR2415776591,Canceled by Driver,CID707281,Prime Plus,Peenya,Varthur,,,Not Applicable,More than permitted people in there,Not Applicable,Not Applicable,456,Not Applicable,0,,
2024-07-06 08:34:00,CNR6558137732,Success,CID182423,Prime Sedan,Hosur Road,Kengeri,91.0,145.0,Not Applicable,Not Applicable,No,Not Applicable,398,UPI,47,4.9,3.7
2024-07-21 11:49:00,CNR9668617319,Canceled by Driver,CID631879,eBike,JP Nagar,Mysore Road,,,Not Applicable,Personal & Car related issue,Not Applicable,Not Applicable,449,Not Applicable,0,,
2024-07-17 08:50:00,CNR8274000411,Success,CID647714,eBike,HSR Layout,Hebbal,49.0,125.0,Not Applicable,Not Applicable,No,Not Applicable,603,Cash,45,3.9,4.3
2024-07-03 15:13:00,CNR9206076010,Success,CID328794,Prime SUV,Nagarbhavi,Basavanagudi,203.0,60.0,Not Applicable,Not Applicable,No,Not Applicable,113,UPI,28,4.6,3.6
2024-07-26 07:39:00,CNR6943689347,Success,CID376881,Auto,Rajajinagar,Nagarbhavi,147.0,105.0,Not Applicable,Not Applicable,No,Not Applicable,176,Cash,13,4.1,4.7
2024-07-18 02:00:00,CNR6859960295,Success,CID731028,Prime SUV,KR Puram,Koramangala,280.0,65.0,Not Applicable,Not Applicable,No,Not Applicable,978,UPI,38,4.2,3.9
2024-07-28 05:37:00,CNR4852611671,Success,CID463141,Prime Plus,Frazer Town,Rajarajeshwari Nagar,140.0,135.0,Not Applicable,Not Applicable,No,Not Applicable,106,Cash,23,3.9,3.9
2024-07-18 14:07:00,CNR3316979688,Success,CID871223,Prime SUV,Kadugodi,Bannerghatta Road,112.0,130.0,Not Applicable,Not Applicable,No,Not Applicable,366,UPI,18,3.9,5.0
2024-07-11 06:59:00,CNR8302947839,Success,CID755897,eBike,Tumkur Road,Electronic City,294.0,25.0,Not Applicable,Not Applicable,No,Not Applicable,280,Credit Card,7,4.6,3.1
2024-07-07 08:45:00,CNR8881566743,Canceled by Driver,CID887206,Bike,Yelahanka,Frazer Town,,,Not Applicable,Customer related issue,Not Applicable,Not Applicable,486,Not Applicable,0,,
2024-07-02 08:48:00,CNR8307563104,Success,CID182659,Prime Plus,Banashankari,Nagarbhavi,112.0,125.0,Not Applicable,Not Applicable,Yes,Vehicle Breakdown,956,Cash,6,4.0,3.1
2024-07-25 23:30:00,CNR7491969302,Success,CID334734,Prime SUV,Koramangala,Hennur,112.0,100.0,Not Applicable,Not Applicable,No,Not Applicable,368,Cash,20,5.0,4.7
2024-07-18 00:47:00,CNR1646472249,Success,CID457735,eBike,Yeshwanthpur,Hosur Road,203.0,55.0,Not Applicable,Not Applicable,Yes,Customer Demand,554,Cash,48,3.5,3.6
2024-07-19 03:36:00,CNR2850438401,Canceled by Customer,CID436740,eBike,Jayanagar,Sarjapur Road,,,Driver asked to cancel,Not Applicable,Not Applicable,Not Applicable,466,Not Applicable,0,,
2024-07-19 14:07:00,CNR7636125169,Success,CID340615,Prime Plus,JP Nagar,Hebbal,245.0,105.0,Not Applicable,Not Applicable,No,Not Applicable,399,UPI,10,3.8,4.5
2024-07-04 01:23:00,CNR7363992661,Canceled by Driver,CID105941,Prime Sedan,RT Nagar,Cox Town,,,Not Applicable,Customer related issue,Not Applicable,Not Applicable,142,Not Applicable,0,,
2024-07-03 18:55:00,CNR5574212026,Success,CID221611,Prime Plus,Chickpet,Kammanahalli,77.0,30.0,Not Applicable,Not Applicable,No,Not Applicable,1568,UPI,33,3.9,4.0
2024-07-09 23:22:00,CNR8477222451,Canceled by Driver,CID459258,Prime Sedan,Magadi Road,Jayanagar,,,Not Applicable,More than permitted people in there,Not Applicable,Not Applicable,490,Not Applicable,0,,
2024-07-18 23:24:00,CNR8593175628,Success,CID150120,Prime Plus,Hosur Road,Peenya,217.0,115.0,Not Applicable,Not Applicable,No,Not Applicable,170,UPI,24,4.1,4.9
2024-07-25 06:55:00,CNR2752671610,Success,CID106848,Auto,Hosur Road,Hosur Road,154.0,125.0,Not Applicable,Not Applicable,No,Not Applicable,141,Cash,18,3.2,3.8
2024-07-03 19:28:00,CNR4684994466,Success,CID102594,Mini,Shivajinagar,Chamarajpet,301.0,95.0,Not Applicable,Not Applicable,No,Not Applicable,449,UPI,11,4.0,4.9
2024-07-25 05:17:00,CNR9792302552,Driver Not Found,CID317593,Auto,Nagarbhavi,Chickpet,,,Not Applicable,Not Applicable,Not Applicable,Not Applicable,238,Not Applicable,0,,
2024-07-10 07:23:00,CNR3685714418,Driver Not Found,CID856975,Prime Plus,Banashankari,Nagarbhavi,,,Not Applicable,Not Applicable,Not Applicable,Not Applicable,459,Not Applicable,0,,
2024-07-29 03:09:00,CNR9563760409,Canceled by Customer,CID365880,Prime Sedan,Rajajinagar,Hennur,,,Driver is not moving towards pickup location,Not Applicable,Not Applicable,Not Applicable,144,Not Applicable,0,,
2024-07-25 14:52:00,CNR8929229011,Canceled by Customer,CID890320,Auto,Shivajinagar,Varthur,,,Driver asked to cancel,Not Applicable,Not Applicable,Not Applicable,1828,Not Applicable,0,,
2024-07-09 19:27:00,CNR7173108496,Success,CID697731,Mini,KR Puram,BTM Layout,217.0,125.0,Not Applicable,Not Applicable,No,Not Applicable,1737,UPI,15,4.7,3.7
2024-07-08 21:37:00,CNR1053416548,Success,CID967109,Prime SUV,Kengeri,Hulimavu,161.0,30.0,Not Applicable,Not Applicable,No,Not Applicable,470,Cash,9,3.8,4.5
2024-07-18 16:02:00,CNR5270147816,Canceled by Driver,CID391633,eBike,Koramangala,Padmanabhanagar,,,Not Applicable,Customer was coughing/sick,Not Applicable,Not Applicable,379,Not Applicable,0,,
2024-07-26 01:37:00,CNR6936001218,Canceled by Driver,CID577407,eBike,Frazer Town,Banashankari,,,Not Applicable,Customer related issue,Not Applicable,Not Applicable,203,Not Applicable,0,,
2024-07-16 04:16:00,CNR2226497269,Driver Not Found,CID727862,Bike,Hennur,Langford Town,,,Not Applicable,Not Applicable,Not Applicable,Not Applicable,452,Not Applicable,0,,
2024-07-10 19:36:00,CNR6118386136,Canceled by Customer,CID460299,Prime SUV,Basavanagudi,Yelahanka,,,Driver is not moving towards pickup location,Not Applicable,Not Applicable,Not Applicable,230,Not Applicable,0,,
2024-07-27 04:45:00,CNR8090419987,Success,CID798064,Prime SUV,Devanahalli,Yelahanka,301.0,40.0,Not Applicable,Not Applicable,No,Not Applicable,913,Cash,17,4.6,4.2
2024-07-21 07:53:00,CNR1389927182,Canceled by Driver,CID710674,Auto,BTM Layout,Cox Town,,,Not Applicable,Customer related issue,Not Applicable,Not Applicable,466,Not Applicable,0,,
2024-07-13 16:02:00,CNR4325157556,Success,CID851889,Auto,Rajajinagar,Sahakar Nagar,287.0,90.0,Not Applicable,Not Applicable,No,Not Applicable,677,UPI,6,3.4,5.0
2024-07-10 15:43:00,CNR2154225942,Success,CID468164,Auto,Vijayanagar,Rajarajeshwari Nagar,280.0,25.0,Not Applicable,Not Applicable,No,Not Applicable,842,Cash,13,3.3,4.8
2024-07-21 19:36:00,CNR4704990686,Driver Not Found,CID717699,Prime SUV,Bannerghatta Road,Hulimavu,,,Not Applicable,Not Applicable,Not Applicable,Not Applicable,237,Not Applicable,0,,
2024-07-05 13:50:00,CNR2197912993,Driver Not Found,CID270436,Prime Plus,Rajarajeshwari Nagar,Chickpet,,,Not Applicable,Not Applicable,Not Applicable,Not Applicable,331,Not Applicable,0,,
2024-07-08 08:07:00,CNR6563258202,Canceled by Driver,CID204804,Mini,Sarjapur Road,BTM Layout,,,Not Applicable,More than permitted people in there,Not Applicable,Not Applicable,950,Not Applicable,0,,
2024-07-12 14:17:00,CNR5312121698,Success,CID858920,Prime Sedan,Hulimavu,Cox Town,308.0,130.0,Not Applicable,Not Applicable,No,Not Applicable,124,Cash,1,3.8,3.7
2024-07-11 10:46:00,CNR9694659099,Success,CID660791,Prime Sedan,Basavanagudi,Jayanagar,63.0,105.0,Not Applicable,Not Applicable,No,Not Applicable,194,UPI,33,4.2,3.6
2024-07-04 15:55:00,CNR5777439734,Success,CID980254,Mini,JP Nagar,Sarjapur Road,35.0,145.0,Not Applicable,Not Applicable,No,Not Applicable,202,Cash,6,3.9,3.1
2024-07-01 03:47:00,CNR8217534080,Success,CID223388,Prime Plus,Varthur,Electronic City,175.0,60.0,Not Applicable,Not Applicable,No,Not Applicable,374,Cash,23,3.3,4.8
2024-07-07 02:44:00,CNR2557427006,Success,CID843785,Bike,Marathahalli,BTM Layout,91.0,50.0,Not Applicable,Not Applicable,No,Not Applicable,157,UPI,31,3.1,4.9
2024-07-07 02:02:00,CNR9026905097,Success,CID957740,Prime Sedan,Yeshwanthpur,Kammanahalli,49.0,145.0,Not Applicable,Not Applicable,No,Not Applicable,620,Cash,30,4.3,3.3
2024-07-27 08:02:00,CNR6219448123,Success,CID954762,Bike,Whitefield,Yeshwanthpur,98.0,55.0,Not Applicable,Not Applicable,No,Not Applicable,231,Cash,48,4.5,3.7
2024-07-22 10:00:00,CNR1160611536,Success,CID150414,Prime Sedan,Majestic,Hosur Road,84.0,75.0,Not Applicable,Not Applicable,No,Not Applicable,914,UPI,35,3.1,3.3
2024-07-10 12:06:00,CNR7916773486,Success,CID920260,Bike,JP Nagar,Tumkur Road,287.0,90.0,Not Applicable,Not Applicable,No,Not Applicable,2380,Cash,5,4.5,3.9
2024-07-15 11:06:00,CNR1314959678,Success,CID709273,Prime Plus,Malleshwaram,Chickpet,42.0,125.0,Not Applicable,Not Applicable,No,Not Applicable,757,Cash,13,4.8,4.5
2024-07-25 04:25:00,CNR5278084537,Canceled by Driver,CID860881,Prime Plus,Ulsoor,Rajarajeshwari Nagar,,,Not Applicable,Personal & Car related issue,Not Applicable,Not Applicable,153,Not Applicable,0,,
2024-07-24 11:21:00,CNR2190784866,Success,CID138701,eBike,Hennur,Devanahalli,98.0,140.0,Not Applicable,Not Applicable,No,Not Applicable,790,UPI,3,4.7,3.4
2024-07-21 02:59:00,CNR9161753046,Success,CID306445,eBike,RT Nagar,Hulimavu,210.0,80.0,Not Applicable,Not Applicable,No,Not Applicable,482,Cash,33,4.8,3.7
2024-07-27 14:06:00,CNR5961655721,Success,CID278781,Mini,Bellandur,Yeshwanthpur,238.0,55.0,Not Applicable,Not Applicable,No,Not Applicable,863,UPI,46,4.9,4.3
2024-07-12 08:09:00,CNR2452216381,Success,CID837494,Bike,Magadi Road,Mysore Road,168.0,35.0,Not Applicable,Not Applicable,No,Not Applicable,262,UPI,3,4.0,3.3
2024-07-23 01:08:00,CNR4676494004,Success,CID744968,Auto,Nagarbhavi,Rajarajeshwari Nagar,77.0,30.0,Not Applicable,Not Applicable,No,Not Applicable,2232,UPI,19,4.1,3.7
2024-07-13 00:29:00,CNR1325389433,Success,CID291953,Prime Sedan,Whitefield,Malleshwaram,189.0,55.0,Not Applicable,Not Applicable,Yes,Other Issue,778,Cash,26,4.4,4.5
2024-07-26 01:06:00,CNR1393835968,Canceled by Driver,CID323945,Prime Plus,Jayanagar,Devanahalli,,,Not Applicable,Personal & Car related issue,Not Applicable,Not Applicable,1044,Not Applicable,0,,
2024-07-20 23:38:00,CNR6297972327,Canceled by Customer,CID864208,Mini,Banashankari,Majestic,,,AC is Not working,Not Applicable,Not Applicable,Not Applicable,113,Not Applicable,0,,
2024-07-25 14:23:00,CNR4636538197,Success,CID319312,Auto,Sahakar Nagar,Bannerghatta Road,238.0,25.0,Not Applicable,Not Applicable,No,Not Applicable,711,Cash,9,3.4,3.5
2024-07-14 05:37:00,CNR3058317458,Success,CID622213,Prime SUV,Majestic,Basavanagudi,266.0,25.0,Not Applicable,Not Applicable,No,Not Applicable,684,UPI,8,4.5,4.5
2024-07-13 11:05:00,CNR9606743798,Success,CID328943,Bike,Mysore Road,Hulimavu,196.0,50.0,Not Applicable,Not Applicable,No,Not Applicable,247,Cash,18,4.2,3.6
2024-07-14 19:12:00,CNR3924453820,Success,CID798077,Auto,Kadugodi,Ramamurthy Nagar,280.0,145.0,Not Applicable,Not Applicable,No,Not Applicable,302,Cash,17,3.1,4.9
2024-07-09 17:09:00,CNR3272705785,Success,CID149329,Prime Sedan,Hosur Road,Bannerghatta Road,91.0,120.0,Not Applicable,Not Applicable,No,Not Applicable,328,UPI,5,4.6,3.9
2024-07-12 16:34:00,CNR7720340867,Success,CID970836,Auto,RT Nagar,Magadi Road,42.0,100.0,Not Applicable,Not Applicable,No,Not Applicable,181,UPI,4,4.9,4.8
2024-07-13 12:27:00,CNR5725471729,Canceled by Driver,CID945240,Auto,Kengeri,Shantinagar,,,Not Applicable,Customer was coughing/sick,Not Applicable,Not Applicable,605,Not Applicable,0,,
2024-07-10 01:31:00,CNR1293696565,Success,CID349568,Auto,Kengeri,BTM Layout,259.0,70.0,Not Applicable,Not Applicable,No,Not Applicable,250,UPI,16,4.3,3.8
2024-07-10 10:48:00,CNR8814266152,Success,CID621746,Auto,Peenya,Vijayanagar,196.0,80.0,Not Applicable,Not Applicable,No,Not Applicable,213,Cash,3,3.7,4.2
2024-07-18 01:55:00,CNR2044399916,Canceled by Driver,CID480781,Mini,Sarjapur Road,MG Road,,,Not Applicable,Customer was coughing/sick,Not Applicable,Not Applicable,1726,Not Applicable,0,,
2024-07-09 13:00:00,CNR2766661103,Success,CID896983,Prime Plus,Hulimavu,Hennur,84.0,35.0,Not Applicable,Not Applicable,No,Not Applicable,537,Cash,30,4.7,3.2
2024-07-05 13:34:00,CNR6611654137,Success,CID682757,Mini,Tumkur Road,Devanahalli,112.0,60.0,Not Applicable,Not Applicable,No,Not Applicable,466,UPI,10,3.8,3.5
2024-07-29 17:59:00,CNR4439980896,Success,CID944975,Auto,Indiranagar,Richmond Town,140.0,90.0,Not Applicable,Not Applicable,No,Not Applicable,350,Cash,5,3.7,4.4
2024-07-27 13:25:00,CNR7617045485,Success,CID614843,Bike,Richmond Town,JP Nagar,259.0,30.0,Not Applicable,Not Applicable,No,Not Applicable,2668,UPI,15,4.2,3.6
2024-07-18 03:08:00,CNR6455848611,Success,CID719148,Prime SUV,JP Nagar,Varthur,84.0,75.0,Not Applicable,Not Applicable,No,Not Applicable,127,UPI,13,3.7,3.4
2024-07-17 04:08:00,CNR8310754462,Success,CID912494,Auto,Langford Town,Sarjapur Road,224.0,75.0,Not Applicable,Not Applicable,No,Not Applicable,354,Cash,6,4.3,3.2
2024-07-10 08:01:00,CNR5134465421,Canceled by Driver,CID906786,Prime SUV,Yeshwanthpur,Langford Town,,,Not Applicable,Customer was coughing/sick,Not Applicable,Not Applicable,330,Not Applicable,0,,
2024-07-12 03:26:00,CNR2763172523,Success,CID968669,Auto,Whitefield,Hebbal,70.0,70.0,Not Applicable,Not Applicable,No,Not Applicable,189,Cash,19,3.5,3.1
2024-07-04 15:56:00,CNR8829422439,Success,CID132800,Auto,Banashankari,Nagarbhavi,252.0,45.0,Not Applicable,Not Applicable,No,Not Applicable,973,Cash,9,4.7,3.2
2024-07-08 20:57:00,CNR7168334884,Canceled by Driver,CID430804,Prime Sedan,HSR Layout,Electronic City,,,Not Applicable,Customer was coughing/sick,Not Applicable,Not Applicable,577,Not Applicable,0,,
2024-07-13 15:12:00,CNR2665026665,Canceled by Driver,CID203072,Auto,Kammanahalli,Basavanagudi,,,Not Applicable,Personal & Car related issue,Not Applicable,Not Applicable,285,Not Applicable,0,,
2024-07-25 23:42:00,CNR7163986303,Success,CID790919,Prime SUV,Nagarbhavi,Hebbal,245.0,125.0,Not Applicable,Not Applicable,No,Not Applicable,443,Cash,41,4.3,3.3
2024-07-09 18:58:00,CNR4810559518,Success,CID963658,eBike,Rajajinagar,Sarjapur Road,308.0,80.0,Not Applicable,Not Applicable,No,Not Applicable,351,Cash,5,3.4,4.9
2024-07-26 21:54:00,CNR5873491767,Success,CID326632,Auto,Rajajinagar,HSR Layout,49.0,50.0,Not Applicable,Not Applicable,No,Not Applicable,2146,UPI,10,4.6,3.4
2024-07-03 10:51:00,CNR2569281735,Success,CID336427,Mini,Peenya,Hulimavu,161.0,75.0,Not Applicable,Not Applicable,No,Not Applicable,872,UPI,37,3.2,3.8
2024-07-18 00:39:00,CNR6518653550,Success,CID647518,Bike,Hulimavu,Hebbal,224.0,115.0,Not Applicable,Not Applicable,No,Not Applicable,774,UPI,41,4.6,3.4
2024-07-30 18:29:00,CNR5573128791,Canceled by Customer,CID461188,Mini,Shivajinagar,Hennur,,,Change of plans,Not Applicable,Not Applicable,Not Applicable,1046,Not Applicable,0,,
2024-07-24 17:06:00,CNR6754822391,Success,CID296937,Auto,Banashankari,Sahakar Nagar,77.0,130.0,Not Applicable,Not Applicable,No,Not Applicable,705,UPI,8,4.4,4.5
2024-07-28 15:58:00,CNR1763615039,Canceled by Customer,CID697125,Bike,Frazer Town,Hosur Road,,,Driver asked to cancel,Not Applicable,Not Applicable,Not Applicable,257,Not Applicable,0,,
2024-07-20 19:32:00,CNR7010599103,Success,CID651238,Prime Sedan,Padmanabhanagar,Jayanagar,238.0,135.0,Not Applicable,Not Applicable,No,Not Applicable,278,Credit Card,24,3.3,3.5
2024-07-14 17:58:00,CNR8498499251,Success,CID607148,Mini,Kammanahalli,Whitefield,217.0,25.0,Not Applicable,Not Applicable,No,Not Applicable,200,Cash,14,3.5,4.1
2024-07-23 05:37:00,CNR3875696456,Success,CID172886,Prime Plus,Hosur Road,Varthur,42.0,70.0,Not Applicable,Not Applicable,No,Not Applicable,600,UPI,16,4.1,3.5
2024-07-26 18:06:00,CNR5813882322,Success,CID818332,Bike,Richmond Town,Devanahalli,49.0,35.0,Not Applicable,Not Applicable,No,Not Applicable,134,UPI,23,3.8,4.9
2024-07-29 23:37:00,CNR8381123752,Success,CID428863,Prime SUV,Hosur Road,Padmanabhanagar,98.0,120.0,Not Applicable,Not Applicable,No,Not Applicable,430,UPI,23,4.7,4.6
2024-07-24 14:24:00,CNR9538633264,Success,CID386376,eBike,MG Road,JP Nagar,161.0,80.0,Not Applicable,Not Applicable,No,Not Applicable,304,Cash,4,3.8,4.6
2024-07-21 15:49:00,CNR8479734668,Success,CID255929,Prime Sedan,Ulsoor,Malleshwaram,42.0,135.0,Not Applicable,Not Applicable,No,Not Applicable,153,Cash,40,4.9,4.9
2024-07-14 04:41:00,CNR2576876481,Canceled by Driver,CID865428,Prime Plus,JP Nagar,Varthur,,,Not Applicable,Personal & Car related issue,Not Applicable,Not Applicable,552,Not Applicable,0,,
2024-07-29 08:37:00,CNR3528680012,Canceled by Driver,CID468113,Mini,Ulsoor,Shivajinagar,,,Not Applicable,Customer related issue,Not Applicable,Not Applicable,978,Not Applicable,0,,
2024-07-28 18:24:00,CNR1666442844,Success,CID491154,eBike,Hosur Road,Hulimavu,189.0,145.0,Not Applicable,Not Applicable,No,Not Applicable,2291,Cash,32,5.0,3.6
2024-07-02 07:51:00,CNR2534454495,Success,CID249389,Prime SUV,Hennur,Rajarajeshwari Nagar,112.0,25.0,Not Applicable,Not Applicable,No,Not Applicable,844,UPI,39,3.9,3.2
2024-07-17 00:42:00,CNR5107153201,Success,CID440663,Bike,Marathahalli,Frazer Town,98.0,100.0,Not Applicable,Not Applicable,No,Not Applicable,1180,Cash,11,3.6,4.0
2024-07-07 21:16:00,CNR5600285375,Success,CID286927,Prime SUV,Hosur Road,BTM Layout,119.0,60.0,Not Applicable,Not Applicable,No,Not Applicable,867,Cash,49,4.7,4.4
2024-07-25 22:21:00,CNR9344237063,Success,CID818976,Prime Plus,Hulimavu,Magadi Road,154.0,30.0,Not Applicable,Not Applicable,No,Not Applicable,281,Cash,13,4.6,3.6
2024-07-25 07:49:00,CNR2609755777,Canceled by Driver,CID726628,Prime Sedan,Peenya,Richmond Town,,,Not Applicable,Customer was coughing/sick,Not Applicable,Not Applicable,2503,Not Applicable,0,,
2024-07-27 09:19:00,CNR7353543516,Success,CID164266,eBike,Rajajinagar,Frazer Town,266.0,45.0,Not Applicable,Not Applicable,No,Not Applicable,352,UPI,29,4.0,3.8
2024-07-15 15:50:00,CNR1492584223,Success,CID470191,Mini,Kengeri,Sahakar Nagar,217.0,30.0,Not Applicable,Not Applicable,No,Not Applicable,2625,UPI,20,4.4,4.8
2024-07-27 15:29:00,CNR9161089770,Success,CID311157,Mini,Banashankari,Cox Town,175.0,135.0,Not Applicable,Not Applicable,No,Not Applicable,608,Cash,33,5.0,3.8
2024-07-27 02:47:00,CNR6380788687,Success,CID195029,Mini,Shivajinagar,Banashankari,217.0,95.0,Not Applicable,Not Applicable,No,Not Applicable,968,Cash,41,4.8,4.1
2024-07-06 09:55:00,CNR9943362092,Success,CID369542,Prime SUV,BTM Layout,Mysore Road,56.0,85.0,Not Applicable,Not Applicable,No,Not Applicable,2035,Cash,22,3.3,4.6
2024-07-22 19:54:00,CNR1395549962,Success,CID302313,Auto,Malleshwaram,Hennur,203.0,55.0,Not Applicable,Not Applicable,No,Not Applicable,359,UPI,4,5.0,4.1
2024-07-17 00:03:00,CNR4083305083,Canceled by Driver,CID614141,Prime Plus,Basavanagudi,Jayanagar,,,Not Applicable,Customer related issue,Not Applicable,Not Applicable,307,Not Applicable,0,,
2024-07-24 22:13:00,CNR7445886217,Driver Not Found,CID485616,Prime Plus,Tumkur Road,Richmond Town,,,Not Applicable,Not Applicable,Not Applicable,Not Applicable,118,Not Applicable,0,,
2024-07-17 14:02:00,CNR7224615478,Success,CID242933,Prime SUV,Bellandur,HSR Layout,133.0,115.0,Not Applicable,Not Applicable,No,Not Applicable,721,Cash,37,3.0,4.1
2024-07-24 13:07:00,CNR8958766802,Success,CID452354,Bike,Mysore Road,Koramangala,84.0,85.0,Not Applicable,Not Applicable,No,Not Applicable,207,Cash,11,3.7,4.2
2024-07-22 04:03:00,CNR8777034313,Success,CID710031,Prime Sedan,Jayanagar,BTM Layout,252.0,145.0,Not Applicable,Not Applicable,No,Not Applicable,687,Debit Card,37,3.8,4.3
2024-07-25 06:33:00,CNR7971539571,Success,CID716381,Prime SUV,Whitefield,Malleshwaram,217.0,115.0,Not Applicable,Not Applicable,No,Not Applicable,731,UPI,27,4.1,3.9
2024-07-02 15:35:00,CNR6458449321,Canceled by Customer,CID211583,Auto,Kengeri,MG Road,,,Wrong Address,Not Applicable,Not Applicable,Not Applicable,428,Not Applicable,0,,
2024-07-28 07:51:00,CNR9253458075,Canceled by Customer,CID517768,Bike,Rajajinagar,Shantinagar,,,Wrong Address,Not Applicable,Not Applicable,Not Applicable,1505,Not Applicable,0,,
2024-07-06 00:08:00,CNR1650678032,Success,CID437348,Bike,Bellandur,Hulimavu,154.0,90.0,Not Applicable,Not Applicable,No,Not Applicable,761,Cash,43,4.9,4.2
2024-07-09 02:41:00,CNR4348886493,Success,CID937355,Bike,Jayanagar,HSR Layout,70.0,85.0,Not Applicable,Not Applicable,No,Not Applicable,1418,Cash,2,4.3,3.8
2024-07-05 00:43:00,CNR4653101630,Success,CID175872,Mini,Sahakar Nagar,Shantinagar,308.0,45.0,Not Applicable,Not Applicable,No,Not Applicable,1772,UPI,32,3.5,4.3
2024-07-28 19:28:00,CNR7657565698,Canceled by Driver,CID617752,Bike,RT Nagar,Ulsoor,,,Not Applicable,Personal & Car related issue,Not Applicable,Not Applicable,119,Not Applicable,0,,
2024-07-04 08:26:00,CNR5288821009,Success,CID168071,Mini,Varthur,Vijayanagar,189.0,95.0,Not Applicable,Not Applicable,No,Not Applicable,201,UPI,39,3.1,3.8
2024-07-18 05:09:00,CNR2911068035,Success,CID610970,Prime Sedan,Majestic,Peenya,133.0,25.0,Not Applicable,Not Applicable,Yes,Vehicle Breakdown,117,UPI,13,3.7,5.0
2024-07-02 06:56:00,CNR4751405333,Driver Not Found,CID798748,Prime Plus,Mysore Road,Richmond Town,,,Not Applicable,Not Applicable,Not Applicable,Not Applicable,355,Not Applicable,0,,
2024-07-21 02:31:00,CNR7585435700,Success,CID131938,Mini,Jayanagar,Shivajinagar,245.0,25.0,Not Applicable,Not Applicable,No,Not Applicable,776,UPI,36,4.8,3.2
2024-07-19 21:52:00,CNR6482455388,Canceled by Driver,CID175712,Prime Sedan,Koramangala,Tumkur Road,,,Not Applicable,Personal & Car related issue,Not Applicable,Not Applicable,292,Not Applicable,0,,
2024-07-02 18:11:00,CNR3403263125,Driver Not Found,CID680202,Auto,Hosur Road,JP Nagar,,,Not Applicable,Not Applicable,Not Applicable,Not Applicable,311,Not Applicable,0,,
2024-07-25 14:28:00,CNR2002393937,Success,CID685625,Prime Plus,Magadi Road,Marathahalli,231.0,95.0,Not Applicable,Not Applicable,No,Not Applicable,409,UPI,46,3.6,4.3
2024-07-23 01:13:00,CNR5219490045,Success,CID171627,Mini,Kammanahalli,Chickpet,70.0,145.0,Not Applicable,Not Applicable,No,Not Applicable,925,UPI,3,4.2,4.6
2024-07-18 15:11:00,CNR3849561135,Canceled by Driver,CID735859,Prime SUV,Frazer Town,Rajajinagar,,,Not Applicable,Customer related issue,Not Applicable,Not Applicable,310,Not Applicable,0,,
2024-07-01 14:06:00,CNR8417340754,Success,CID292644,Prime SUV,Mysore Road,Sarjapur Road,252.0,85.0,Not Applicable,Not Applicable,No,Not Applicable,698,UPI,6,4.1,3.4
2024-07-28 12:31:00,CNR4155607381,Success,CID671342,Mini,Bellandur,Kammanahalli,147.0,25.0,Not Applicable,Not Applicable,No,Not Applicable,203,Cash,48,4.0,3.9
2024-07-28 08:46:00,CNR5107755601,Driver Not Found,CID692558,Prime Plus,Basavanagudi,Sahakar Nagar,,,Not Applicable,Not Applicable,Not Applicable,Not Applicable,462,Not Applicable,0,,
2024-07-17 06:47:00,CNR2827866378,Success,CID534280,Auto,Sahakar Nagar,Basavanagudi,161.0,110.0,Not Applicable,Not Applicable,No,Not Applicable,141,Cash,4,3.6,4.0
2024-07-17 21:06:00,CNR8074290339,Canceled by Customer,CID637098,Mini,Mysore Road,Ramamurthy Nagar,,,Change of plans,Not Applicable,Not Applicable,Not Applicable,448,Not Applicable,0,,
2024-07-27 13:16:00,CNR1494821879,Success,CID526444,Prime SUV,Hulimavu,Sarjapur Road,161.0,55.0,Not Applicable,Not Applicable,No,Not Applicable,375,Cash,47,3.5,3.4
2024-07-25 00:07:00,CNR4575202829,Canceled by Driver,CID581232,Auto,KR Puram,Chamarajpet,,,Not Applicable,Customer related issue,Not Applicable,Not Applicable,737,Not Applicable,0,,
2024-07-12 00:30:00,CNR9512412566,Canceled by Driver,CID116936,Auto,Majestic,Jayanagar,,,Not Applicable,Personal & Car related issue,Not Applicable,Not Applicable,213,Not Applicable,0,,
2024-07-01 11:56:00,CNR3430234128,Success,CID102121,Bike,Basavanagudi,Koramangala,287.0,25.0,Not Applicable,Not Applicable,No,Not Applicable,283,Cash,45,4.2,3.4
2024-07-04 07:53:00,CNR4437268588,Canceled by Driver,CID911411,Mini,Devanahalli,Majestic,,,Not Applicable,Customer related issue,Not Applicable,Not Applicable,548,Not Applicable,0,,
2024-07-03 20:26:00,CNR1318871229,Success,CID843635,Mini,Vijayanagar,Shivajinagar,56.0,60.0,Not Applicable,Not Applicable,No,Not Applicable,416,UPI,18,4.0,4.9
2024-07-06 16:45:00,CNR2025147840,Success,CID201700,Mini,Padmanabhanagar,Hosur Road,245.0,45.0,Not Applicable,Not Applicable,Yes,Vehicle Breakdown,273,Cash,16,3.9,4.3
2024-07-03 16:42:00,CNR3780846616,Canceled by Driver,CID408942,eBike,Rajarajeshwari Nagar,Cox Town,,,Not Applicable,Customer related issue,Not Applicable,Not Applicable,231,Not Applicable,0,,
2024-07-28 02:05:00,CNR2043798637,Driver Not Found,CID754128,Mini,Devanahalli,BTM Layout,,,Not Applicable,Not Applicable,Not Applicable,Not Applicable,1842,Not Applicable,0,,
2024-07-15 23:38:00,CNR8368981705,Canceled by Customer,CID393881,Bike,Electronic City,Nagarbhavi,,,AC is Not working,Not Applicable,Not Applicable,Not Applicable,2542,Not Applicable,0,,
2024-07-21 15:16:00,CNR1578482783,Success,CID950859,Prime Sedan,Nagarbhavi,Hosur Road,266.0,105.0,Not Applicable,Not Applicable,No,Not Applicable,441,Credit Card,46,4.1,4.6
2024-07-25 05:33:00,CNR1042903444,Success,CID973193,Prime Sedan,Rajajinagar,Cox Town,210.0,75.0,Not Applicable,Not Applicable,No,Not Applicable,433,UPI,46,3.4,4.9
2024-07-21 23:36:00,CNR5972584223,Success,CID778077,Auto,Indiranagar,Jayanagar,98.0,60.0,Not Applicable,Not Applicable,No,Not Applicable,346,UPI,14,3.2,3.6
2024-07-12 14:56:00,CNR1776523669,Success,CID823052,Prime SUV,Chamarajpet,Chamarajpet,84.0,90.0,Not Applicable,Not Applicable,No,Not Applicable,108,UPI,16,3.4,4.7
2024-07-27 08:52:00,CNR9720111562,Success,CID642029,Prime Plus,Rajajinagar,Hosur Road,259.0,40.0,Not Applicable,Not Applicable,No,Not Applicable,1757,Cash,8,3.0,3.5
2024-07-28 19:27:00,CNR9601618707,Success,CID916343,Mini,Malleshwaram,HSR Layout,147.0,120.0,Not Applicable,Not Applicable,No,Not Applicable,310,UPI,17,4.5,4.0
2024-07-01 07:49:00,CNR1394090202,Success,CID562821,eBike,Marathahalli,Sarjapur Road,203.0,130.0,Not Applicable,Not Applicable,No,Not Applicable,167,Cash,23,4.7,3.4
2024-07-06 01:24:00,CNR2106457095,Success,CID537053,Auto,Hosur Road,Padmanabhanagar,119.0,120.0,Not Applicable,Not Applicable,No,Not Applicable,381,Cash,7,4.6,4.3
2024-07-12 00:07:00,CNR5408309966,Success,CID815462,Prime Sedan,Ulsoor,Ulsoor,210.0,120.0,Not Applicable,Not Applicable,No,Not Applicable,124,UPI,42,4.3,4.1
2024-07-16 09:25:00,CNR7987981674,Success,CID250036,Prime SUV,Sarjapur Road,Shantinagar,252.0,115.0,Not Applicable,Not Applicable,No,Not Applicable,1683,Cash,12,3.6,4.1
2024-07-05 17:15:00,CNR9823558286,Success,CID211219,Mini,Kengeri,Rajarajeshwari Nagar,259.0,135.0,Not Applicable,Not Applicable,No,Not Applicable,277,UPI,40,4.6,4.9
2024-07-25 10:38:00,CNR2976333099,Canceled by Customer,CID304364,Auto,RT Nagar,Varthur,,,AC is Not working,Not Applicable,Not Applicable,Not Applicable,269,Not Applicable,0,,
2024-07-17 22:31:00,CNR2827423219,Success,CID218099,Bike,Chickpet,Marathahalli,133.0,50.0,Not Applicable,Not Applicable,No,Not Applicable,401,UPI,13,5.0,3.6
2024-07-30 09:52:00,CNR4989114044,Success,CID252682,Bike,Chickpet,KR Puram,301.0,110.0,Not Applicable,Not Applicable,No,Not Applicable,825,Credit Card,24,3.5,3.3
2024-07-18 17:34:00,CNR8147965994,Success,CID414328,Auto,Hebbal,Ulsoor,56.0,30.0,Not Applicable,Not Applicable,No,Not Applicable,145,UPI,18,4.4,3.2
2024-07-01 10:04:00,CNR3435829978,Driver Not Found,CID325878,Bike,Hennur,Malleshwaram,,,Not Applicable,Not Applicable,Not Applicable,Not Applicable,386,Not Applicable,0,,
2024-07-27 06:05:00,CNR1276549549,Success,CID648037,Prime Plus,Marathahalli,Hulimavu,56.0,75.0,Not Applicable,Not Applicable,No,Not Applicable,457,UPI,35,3.9,4.2
2024-07-19 20:21:00,CNR6977031051,Success,CID471868,Prime Plus,Malleshwaram,Magadi Road,224.0,100.0,Not Applicable,Not Applicable,No,Not Applicable,311,UPI,25,3.7,4.7
2024-07-19 16:03:00,CNR4870292043,Driver Not Found,CID866932,Bike,Kengeri,Ulsoor,,,Not Applicable,Not Applicable,Not Applicable,Not Applicable,102,Not Applicable,0,,
2024-07-22 17:01:00,CNR7358899790,Canceled by Driver,CID301318,eBike,Indiranagar,Chickpet,,,Not Applicable,Personal & Car related issue,Not Applicable,Not Applicable,233,Not Applicable,0,,
2024-07-01 19:36:00,CNR7941600062,Success,CID778306,Mini,Chickpet,Sahakar Nagar,294.0,60.0,Not Applicable,Not Applicable,No,Not Applicable,311,Cash,8,3.3,4.5
2024-07-02 03:16:00,CNR2919954355,Success,CID643196,eBike,MG Road,Rajarajeshwari Nagar,98.0,60.0,Not Applicable,Not Applicable,No,Not Applicable,239,Credit Card,16,3.2,4.3
2024-07-26 22:32:00,CNR1637686206,Success,CID629475,Prime SUV,Majestic,Basavanagudi,56.0,55.0,Not Applicable,Not Applicable,No,Not Applicable,1255,Cash,30,4.4,4.4
2024-07-05 00:23:00,CNR8164352270,Success,CID199924,Auto,Kadugodi,Devanahalli,147.0,30.0,Not Applicable,Not Applicable,No,Not Applicable,473,Cash,16,4.8,4.7
2024-07-09 11:15:00,CNR2534563217,Success,CID811786,Prime Plus,Richmond Town,Devanahalli,49.0,120.0,Not Applicable,Not Applicable,No,Not Applicable,2648,Cash,45,3.3,4.9
2024-07-10 15:25:00,CNR3918216736,Success,CID681593,Prime Plus,Varthur,Ulsoor,189.0,55.0,Not Applicable,Not Applicable,No,Not Applicable,282,UPI,1,4.5,3.5
2024-07-23 22:21:00,CNR7051442387,Success,CID956106,Bike,Banashankari,Ulsoor,245.0,90.0,Not Applicable,Not Applicable,Yes,Customer Demand,119,Cash,5,4.9,4.5
2024-07-09 08:27:00,CNR4886980648,Success,CID994232,eBike,Indiranagar,Hebbal,168.0,105.0,Not Applicable,Not Applicable,No,Not Applicable,187,UPI,30,3.2,3.9
2024-07-06 22:53:00,CNR5820865693,Success,CID884514,Auto,MG Road,Yeshwanthpur,224.0,60.0,Not Applicable,Not Applicable,No,Not Applicable,344,UPI,16,4.1,3.0
2024-07-02 06:05:00,CNR3320069769,Canceled by Driver,CID983792,Bike,Hennur,Bellandur,,,Not Applicable,Customer related issue,Not Applicable,Not Applicable,368,Not Applicable,0,,
2024-07-19 04:50:00,CNR8676563768,Success,CID508079,Prime Sedan,Chickpet,Koramangala,119.0,70.0,Not Applicable,Not Applicable,Yes,Vehicle Breakdown,340,Cash,25,4.5,4.9
2024-07-26 02:36:00,CNR6688383297,Success,CID823669,Mini,Rajarajeshwari Nagar,Kadugodi,154.0,75.0,Not Applicable,Not Applicable,No,Not Applicable,222,UPI,41,3.3,3.4
2024-07-29 07:30:00,CNR1289998201,Success,CID536350,Prime SUV,Ulsoor,BTM Layout,98.0,115.0,Not Applicable,Not Applicable,No,Not Applicable,271,Cash,33,4.3,3.9
2024-07-16 22:30:00,CNR1425180743,Success,CID874456,Prime SUV,Koramangala,Yeshwanthpur,70.0,115.0,Not Applicable,Not Applicable,No,Not Applicable,938,UPI,5,4.8,4.9
2024-07-28 06:57:00,CNR1056461295,Driver Not Found,CID353595,Prime Plus,MG Road,Bannerghatta Road,,,Not Applicable,Not Applicable,Not Applicable,Not Applicable,675,Not Applicable,0,,
2024-07-19 06:57:00,CNR5142286587,Canceled by Customer,CID340888,Auto,RT Nagar,Cox Town,,,Driver asked to cancel,Not Applicable,Not Applicable,Not Applicable,2365,Not Applicable,0,,
2024-07-12 20:32:00,CNR6863820992,Success,CID830175,Prime Plus,HSR Layout,Basavanagudi,63.0,130.0,Not Applicable,Not Applicable,No,Not Applicable,256,Cash,12,4.1,3.4
2024-07-27 22:49:00,CNR8275761518,Success,CID846132,Prime Sedan,Jayanagar,Chamarajpet,238.0,30.0,Not Applicable,Not Applicable,No,Not Applicable,2067,UPI,15,3.6,4.5
2024-07-21 08:12:00,CNR6208594095,Success,CID705254,Mini,Rajarajeshwari Nagar,Rajajinagar,42.0,60.0,Not Applicable,Not Applicable,No,Not Applicable,234,Cash,29,3.9,3.8
2024-07-04 14:57:00,CNR9616700636,Success,CID295148,Prime SUV,Kadugodi,Cox Town,273.0,65.0,Not Applicable,Not Applicable,No,Not Applicable,164,Cash,29,4.4,3.9
2024-07-10 01:55:00,CNR7242233686,Success,CID740312,Prime Plus,Kadugodi,Whitefield,203.0,45.0,Not Applicable,Not Applicable,No,Not Applicable,310,Cash,44,4.9,3.3
2024-07-20 13:48:00,CNR3401159783,Success,CID167838,Bike,Shantinagar,Shivajinagar,133.0,25.0,Not Applicable,Not Applicable,No,Not Applicable,492,Cash,17,4.9,3.1
2024-07-07 10:29:00,CNR7974003300,Success,CID763072,Auto,Chamarajpet,Richmond Town,63.0,45.0,Not Applicable,Not Applicable,No,Not Applicable,388,Cash,16,3.6,3.2
2024-07-11 10:43:00,CNR9113328875,Success,CID934724,Auto,KR Puram,Varthur,105.0,95.0,Not Applicable,Not Applicable,No,Not Applicable,291,Cash,8,3.6,5.0
2024-07-16 17:17:00,CNR3664614733,Success,CID621213,eBike,Bellandur,Rajajinagar,140.0,60.0,Not Applicable,Not Applicable,No,Not Applicable,892,Cash,9,3.8,4.3
2024-07-04 07:47:00,CNR5431092828,Success,CID380087,Prime Sedan,Mysore Road,Mysore Road,231.0,40.0,Not Applicable,Not Applicable,No,Not Applicable,441,Cash,7,4.3,3.2
2024-07-12 14:34:00,CNR4101196661,Driver Not Found,CID292247,eBike,Malleshwaram,Bannerghatta Road,,,Not Applicable,Not Applicable,Not Applicable,Not Applicable,106,Not Applicable,0,,
2024-07-13 20:20:00,CNR9101597891,Driver Not Found,CID584449,Mini,Bannerghatta Road,Varthur,,,Not Applicable,Not Applicable,Not Applicable,Not Applicable,197,Not Applicable,0,,
2024-07-08 16:52:00,CNR2956262700,Success,CID305178,Bike,Kengeri,Jayanagar,168.0,95.0,Not Applicable,Not Applicable,No,Not Applicable,331,Cash,20,4.0,5.0
2024-07-07 03:04:00,CNR3486828022,Success,CID435898,Prime SUV,Langford Town,Rajarajeshwari Nagar,210.0,120.0,Not Applicable,Not Applicable,No,Not Applicable,178,UPI,36,3.8,3.5
2024-07-05 00:41:00,CNR4709771564,Success,CID484303,Prime Sedan,Cox Town,BTM Layout,161.0,35.0,Not Applicable,Not Applicable,No,Not Applicable,295,Cash,32,4.2,4.0
2024-07-21 16:24:00,CNR2999584871,Success,CID491279,Prime Sedan,Langford Town,Nagarbhavi,266.0,145.0,Not Applicable,Not Applicable,No,Not Applicable,238,UPI,47,3.8,3.3
2024-07-02 11:22:00,CNR2627763686,Success,CID320578,Prime Plus,Whitefield,Malleshwaram,168.0,130.0,Not Applicable,Not Applicable,No,Not Applicable,690,UPI,44,3.4,4.7
2024-07-25 03:51:00,CNR8678224725,Canceled by Customer,CID992192,Prime Sedan,Hebbal,Vijayanagar,,,Driver is not moving towards pickup location,Not Applicable,Not Applicable,Not Applicable,879,Not Applicable,0,,
2024-07-02 07:09:00,CNR2181864265,Canceled by Driver,CID876029,Mini,Richmond Town,Peenya,,,Not Applicable,Customer was coughing/sick,Not Applicable,Not Applicable,480,Not Applicable,0,,
2024-07-05 03:01:00,CNR8365083636,Success,CID992173,Auto,Rajajinagar,Koramangala,147.0,40.0,Not Applicable,Not Applicable,No,Not Applicable,393,Credit Card,4,4.4,4.4
2024-07-16 00:31:00,CNR7612054106,Success,CID680658,Prime Plus,Banashankari,Richmond Town,42.0,65.0,Not Applicable,Not Applicable,No,Not Applicable,660,UPI,43,3.2,3.4
2024-07-19 22:14:00,CNR3839632327,Success,CID422727,Auto,MG Road,Bellandur,119.0,125.0,Not Applicable,Not Applicable,No,Not Applicable,187,Cash,13,4.9,3.6
2024-07-25 22:43:00,CNR4580474166,Success,CID112063,Prime Sedan,Shivajinagar,Rajajinagar,217.0,125.0,Not Applicable,Not Applicable,No,Not Applicable,124,UPI,5,4.8,3.5
2024-07-28 18:40:00,CNR7213514959,Canceled by Driver,CID731058,Prime SUV,Sarjapur Road,Nagarbhavi,,,Not Applicable,Personal & Car related issue,Not Applicable,Not Applicable,132,Not Applicable,0,,
2024-07-01 00:08:00,CNR1887248333,Success,CID114881,Prime SUV,Bannerghatta Road,Whitefield,112.0,110.0,Not Applicable,Not Applicable,No,Not Applicable,2785,UPI,35,4.2,3.2
2024-07-01 11:47:00,CNR1967829836,Canceled by Driver,CID896713,Bike,Tumkur Road,Peenya,,,Not Applicable,Personal & Car related issue,Not Applicable,Not Applicable,172,Not Applicable,0,,
2024-07-03 11:04:00,CNR2022646844,Success,CID407285,Prime Plus,Vijayanagar,Hennur,196.0,45.0,Not Applicable,Not Applicable,No,Not Applicable,533,UPI,1,3.5,4.4
2024-07-06 18:46:00,CNR7522502593,Success,CID595870,Bike,Chamarajpet,Hebbal,301.0,60.0,Not Applicable,Not Applicable,No,Not Applicable,430,Cash,15,3.5,3.2
2024-07-08 20:14:00,CNR3395876178,Success,CID840153,Prime SUV,HSR Layout,Frazer Town,245.0,55.0,Not Applicable,Not Applicable,No,Not Applicable,123,Cash,22,4.0,4.6
2024-07-20 12:05:00,CNR1742740371,Success,CID160248,Mini,Shivajinagar,Sahakar Nagar,56.0,30.0,Not Applicable,Not Applicable,No,Not Applicable,186,UPI,2,3.2,4.0
2024-07-29 15:11:00,CNR3828267210,Success,CID975444,Prime Plus,Majestic,Mysore Road,182.0,140.0,Not Applicable,Not Applicable,No,Not Applicable,690,UPI,12,4.7,4.1
2024-07-27 07:23:00,CNR7192672999,Success,CID131097,eBike,Shivajinagar,Devanahalli,56.0,145.0,Not Applicable,Not Applicable,No,Not Applicable,2515,UPI,1,4.1,3.6
2024-07-12 20:59:00,CNR3092970013,Success,CID992192,Prime Plus,Sahakar Nagar,Ulsoor,105.0,130.0,Not Applicable,Not Applicable,No,Not Applicable,332,Cash,9,3.2,5.0
2024-07-26 17:17:00,CNR9401728776,Success,CID692252,Auto,Rajarajeshwari Nagar,Kammanahalli,70.0,60.0,Not Applicable,Not Applicable,No,Not Applicable,421,Credit Card,2,4.7,3.2
2024-07-29 12:10:00,CNR5379981510,Canceled by Driver,CID707831,Prime Plus,Hebbal,BTM Layout,,,Not Applicable,Customer related issue,Not Applicable,Not Applicable,491,Not Applicable,0,,
2024-07-22 09:31:00,CNR9273661575,Driver Not Found,CID321088,Prime SUV,Vijayanagar,Varthur,,,Not Applicable,Not Applicable,Not Applicable,Not Applicable,141,Not Applicable,0,,
2024-07-11 22:48:00,CNR8209254469,Success,CID173686,Prime Sedan,Hebbal,Chickpet,112.0,140.0,Not Applicable,Not Applicable,Yes,Vehicle Breakdown,112,Cash,48,4.1,3.0
2024-07-25 00:36:00,CNR9470642324,Success,CID624028,Auto,Yeshwanthpur,Basavanagudi,91.0,120.0,Not Applicable,Not Applicable,No,Not Applicable,129,UPI,5,3.0,3.8
2024-07-10 00:05:00,CNR2211360115,Success,CID859082,Prime Sedan,Rajarajeshwari Nagar,Ulsoor,119.0,95.0,Not Applicable,Not Applicable,No,Not Applicable,450,Cash,37,3.9,3.5
2024-07-23 06:12:00,CNR8340046560,Canceled by Customer,CID349132,Prime SUV,Devanahalli,Shivajinagar,,,Driver is not moving towards pickup location,Not Applicable,Not Applicable,Not Applicable,120,Not Applicable,0,,
2024-07-17 06:00:00,CNR8380518653,Success,CID838189,Prime Plus,Malleshwaram,Ulsoor,133.0,30.0,Not Applicable,Not Applicable,No,Not Applicable,372,UPI,4,4.3,4.6
2024-07-29 22:49:00,CNR2941578609,Canceled by Customer,CID335417,Prime Plus,Hulimavu,Majestic,,,Driver asked to cancel,Not Applicable,Not Applicable,Not Applicable,361,Not Applicable,0,,
2024-07-12 05:10:00,CNR8951732193,Success,CID619351,Prime Plus,BTM Layout,Richmond Town,273.0,35.0,Not Applicable,Not Applicable,No,Not Applicable,322,Cash,9,4.2,4.8
2024-07-22 16:15:00,CNR1334703847,Canceled by Driver,CID426732,Mini,Shivajinagar,Richmond Town,,,Not Applicable,Customer was coughing/sick,Not Applicable,Not Applicable,366,Not Applicable,0,,
2024-07-02 15:10:00,CNR7672942645,Canceled by Customer,CID358672,Prime SUV,Bannerghatta Road,Shantinagar,,,Driver asked to cancel,Not Applicable,Not Applicable,Not Applicable,244,Not Applicable,0,,
2024-07-19 19:40:00,CNR2872891451,Canceled by Customer,CID957572,Prime Sedan,Rajarajeshwari Nagar,Shantinagar,,,Driver asked to cancel,Not Applicable,Not Applicable,Not Applicable,331,Not Applicable,0,,
2024-07-10 00:29:00,CNR8571725485,Success,CID397217,Prime SUV,Sahakar Nagar,Sahakar Nagar,70.0,130.0,Not Applicable,Not Applicable,No,Not Applicable,353,Cash,36,4.1,4.8
2024-07-03 20:26:00,CNR7491633788,Success,CID182830,Bike,Kadugodi,Basavanagudi,266.0,75.0,Not Applicable,Not Applicable,No,Not Applicable,144,UPI,27,4.1,4.6
2024-07-27 04:55:00,CNR9549413422,Canceled by Driver,CID567756,Prime Sedan,Chickpet,Rajajinagar,,,Not Applicable,Customer was coughing/sick,Not Applicable,Not Applicable,432,Not Applicable,0,,
2024-07-28 09:41:00,CNR4561573709,Success,CID887681,Prime SUV,Hennur,KR Puram,259.0,65.0,Not Applicable,Not Applicable,Yes,Customer Demand,2281,UPI,6,3.8,4.7
2024-07-07 12:15:00,CNR9931228534,Success,CID246161,Auto,Kengeri,Indiranagar,175.0,135.0,Not Applicable,Not Applicable,No,Not Applicable,542,UPI,1,3.7,4.9
2024-07-26 04:23:00,CNR3784689938,Canceled by Driver,CID819338,Prime Sedan,Koramangala,Varthur,,,Not Applicable,Personal & Car related issue,Not Applicable,Not Applicable,159,Not Applicable,0,,
2024-07-25 17:04:00,CNR9390063573,Success,CID434175,Prime Plus,Jayanagar,BTM Layout,280.0,75.0,Not Applicable,Not Applicable,No,Not Applicable,387,Cash,40,3.8,4.3
2024-07-12 00:23:00,CNR7535080327,Success,CID888788,eBike,Hennur,Hebbal,182.0,35.0,Not Applicable,Not Applicable,No,Not Applicable,388,Cash,4,4.2,3.2
2024-07-04 00:58:00,CNR1099930098,Success,CID943663,Auto,Tumkur Road,HSR Layout,112.0,110.0,Not Applicable,Not Applicable,No,Not Applicable,386,UPI,8,3.3,3.1
2024-07-07 23:14:00,CNR4892845399,Canceled by Customer,CID420722,Bike,Tumkur Road,Mysore Road,,,Change of plans,Not Applicable,Not Applicable,Not Applicable,101,Not Applicable,0,,
2024-07-27 13:27:00,CNR1501502787,Success,CID490871,Prime Sedan,Bannerghatta Road,Kammanahalli,252.0,140.0,Not Applicable,Not Applicable,No,Not Applicable,123,UPI,12,4.4,4.1
2024-07-14 03:47:00,CNR3523506797,Success,CID657588,Prime Sedan,Varthur,Mysore Road,161.0,45.0,Not Applicable,Not Applicable,No,Not Applicable,358,Cash,20,4.1,4.4
2024-07-24 11:16:00,CNR2275669469,Success,CID766097,Prime SUV,Kadugodi,Kammanahalli,154.0,125.0,Not Applicable,Not Applicable,No,Not Applicable,2026,UPI,2,4.0,4.6
2024-07-15 15:46:00,CNR8543590676,Success,CID329009,Mini,Yelahanka,Banashankari,112.0,140.0,Not Applicable,Not Applicable,No,Not Applicable,377,Cash,22,3.6,3.0
2024-07-12 06:51:00,CNR8258444174,Canceled by Driver,CID855704,eBike,MG Road,BTM Layout,,,Not Applicable,Personal & Car related issue,Not Applicable,Not Applicable,121,Not Applicable,0,,
2024-07-07 06:12:00,CNR2393263149,Canceled by Customer,CID619974,Bike,Shantinagar,Electronic City,,,Driver is not moving towards pickup location,Not Applicable,Not Applicable,Not Applicable,300,Not Applicable,0,,
2024-07-08 13:34:00,CNR8597420278,Success,CID756975,Prime SUV,Ramamurthy Nagar,Peenya,154.0,110.0,Not Applicable,Not Applicable,No,Not Applicable,115,UPI,35,4.2,4.3
2024-07-30 18:24:00,CNR1299497754,Canceled by Driver,CID536760,Prime Plus,Shantinagar,Kammanahalli,,,Not Applicable,Personal & Car related issue,Not Applicable,Not Applicable,431,Not Applicable,0,,
2024-07-30 17:42:00,CNR1289354545,Success,CID643634,Mini,JP Nagar,Marathahalli,161.0,145.0,Not Applicable,Not Applicable,No,Not Applicable,287,Cash,10,3.7,3.2
2024-07-18 23:44:00,CNR1962381322,Canceled by Customer,CID427577,Prime Plus,Chamarajpet,Langford Town,,,Driver is not moving towards pickup location,Not Applicable,Not Applicable,Not Applicable,412,Not Applicable,0,,
2024-07-29 19:55:00,CNR1475994872,Canceled by Driver,CID307772,Auto,Chickpet,Sahakar Nagar,,,Not Applicable,Customer was coughing/sick,Not Applicable,Not Applicable,673,Not Applicable,0,,
2024-07-02 04:26:00,CNR5892674249,Success,CID246344,eBike,Whitefield,Shivajinagar,217.0,140.0,Not Applicable,Not Applicable,No,Not Applicable,330,Debit Card,12,3.5,3.2
2024-07-03 10:10:00,CNR5800531606,Success,CID908798,Auto,Chickpet,Richmond Town,161.0,120.0,Not Applicable,Not Applicable,No,Not Applicable,470,Cash,10,4.7,4.7
2024-07-29 11:06:00,CNR9012863210,Canceled by Driver,CID401383,Mini,Yelahanka,Tumkur Road,,,Not Applicable,More than permitted people in there,Not Applicable,Not Applicable,879,Not Applicable,0,,
2024-07-20 05:06:00,CNR9255912608,Canceled by Driver,CID343832,Mini,Langford Town,Chickpet,,,Not Applicable,Customer related issue,Not Applicable,Not Applicable,130,Not Applicable,0,,
2024-07-06 23:31:00,CNR7406847116,Success,CID527182,Prime Sedan,Chickpet,Padmanabhanagar,112.0,95.0,Not Applicable,Not Applicable,No,Not Applicable,2683,Cash,40,4.0,3.9
2024-07-09 14:47:00,CNR4677079437,Success,CID859187,Prime Plus,HSR Layout,Varthur,147.0,105.0,Not Applicable,Not Applicable,No,Not Applicable,101,Cash,2,3.6,4.6
2024-07-23 23:38:00,CNR3664748100,Canceled by Driver,CID563472,Prime SUV,Devanahalli,Devanahalli,,,Not Applicable,Customer related issue,Not Applicable,Not Applicable,365,Not Applicable,0,,
2024-07-22 03:20:00,CNR8809974206,Success,CID258305,Prime Sedan,Kengeri,Kadugodi,224.0,25.0,Not Applicable,Not Applicable,No,Not Applicable,227,Credit Card,45,4.4,4.4
2024-07-24 22:20:00,CNR7842835683,Success,CID117897,Prime SUV,Banashankari,Yeshwanthpur,301.0,25.0,Not Applicable,Not Applicable,Yes,Other Issue,162,UPI,19,3.3,3.4
2024-07-08 01:26:00,CNR8619816413,Success,CID134966,Bike,Hosur Road,Bellandur,49.0,55.0,Not Applicable,Not Applicable,No,Not Applicable,402,UPI,7,3.5,3.7
2024-07-25 04:37:00,CNR5447317186,Success,CID348071,Mini,RT Nagar,Vijayanagar,301.0,125.0,Not Applicable,Not Applicable,No,Not Applicable,168,Cash,6,4.0,4.6
2024-07-04 05:02:00,CNR2384139342,Canceled by Driver,CID957063,Auto,Bellandur,Banashankari,,,Not Applicable,Personal & Car related issue,Not Applicable,Not Applicable,255,Not Applicable,0,,
2024-07-29 22:18:00,CNR7386579418,Success,CID621354,Mini,Shivajinagar,HSR Layout,210.0,25.0,Not Applicable,Not Applicable,No,Not Applicable,601,UPI,11,4.3,3.5
2024-07-04 16:24:00,CNR6324208425,Success,CID864405,Prime Plus,Shivajinagar,Banashankari,42.0,60.0,Not Applicable,Not Applicable,No,Not Applicable,459,UPI,34,3.0,3.7
2024-07-13 14:01:00,CNR3871962638,Success,CID934613,Prime Plus,Hennur,Hulimavu,294.0,130.0,Not Applicable,Not Applicable,No,Not Applicable,348,Cash,38,4.8,4.3
2024-07-26 11:43:00,CNR4428227092,Canceled by Driver,CID639524,eBike,KR Puram,Cox Town,,,Not Applicable,Customer related issue,Not Applicable,Not Applicable,412,Not Applicable,0,,
2024-07-14 06:50:00,CNR7360730586,Success,CID360346,Prime SUV,HSR Layout,Chickpet,210.0,60.0,Not Applicable,Not Applicable,No,Not Applicable,487,Cash,18,4.8,4.5
2024-07-23 05:40:00,CNR8595784330,Canceled by Driver,CID118275,Auto,RT Nagar,Koramangala,,,Not Applicable,Customer related issue,Not Applicable,Not Applicable,590,Not Applicable,0,,
2024-07-03 14:06:00,CNR1473033137,Success,CID240137,Bike,Banashankari,Sahakar Nagar,77.0,110.0,Not Applicable,Not Applicable,No,Not Applicable,454,Cash,28,3.4,4.5
2024-07-01 13:49:00,CNR4792405895,Canceled by Driver,CID901637,Auto,Tumkur Road,Shantinagar,,,Not Applicable,Customer related issue,Not Applicable,Not Applicable,297,Not Applicable,0,,
2024-07-19 12:12:00,CNR4545413167,Driver Not Found,CID113971,eBike,Bellandur,Hulimavu,,,Not Applicable,Not Applicable,Not Applicable,Not Applicable,276,Not Applicable,0,,
2024-07-28 06:24:00,CNR6923994480,Success,CID435774,Prime SUV,Indiranagar,Padmanabhanagar,42.0,40.0,Not Applicable,Not Applicable,No,Not Applicable,734,Cash,23,4.2,4.8
2024-07-06 12:58:00,CNR1862172834,Driver Not Found,CID113094,Prime Sedan,BTM Layout,Chamarajpet,,,Not Applicable,Not Applicable,Not Applicable,Not Applicable,441,Not Applicable,0,,
2024-07-10 22:23:00,CNR5873165484,Success,CID771539,Mini,Sarjapur Road,Shantinagar,91.0,100.0,Not Applicable,Not Applicable,No,Not Applicable,306,UPI,34,3.9,4.2
2024-07-19 19:18:00,CNR2405891307,Success,CID434324,Prime Plus,Langford Town,Majestic,105.0,30.0,Not Applicable,Not Applicable,No,Not Applicable,680,Cash,10,4.4,4.2
2024-07-22 05:21:00,CNR8226086935,Success,CID506019,Prime Sedan,Electronic City,Yeshwanthpur,217.0,40.0,Not Applicable,Not Applicable,No,Not Applicable,299,UPI,49,4.6,4.9
2024-07-18 10:32:00,CNR5770013911,Success,CID844022,Prime Sedan,Whitefield,RT Nagar,231.0,75.0,Not Applicable,Not Applicable,No,Not Applicable,392,Cash,20,3.7,4.5
2024-07-17 09:32:00,CNR1076216797,Success,CID370328,Bike,Indiranagar,Chamarajpet,70.0,75.0,Not Applicable,Not Applicable,No,Not Applicable,838,UPI,3,4.9,3.9
2024-07-26 18:17:00,CNR4755050690,Success,CID132803,Mini,Shantinagar,Magadi Road,77.0,110.0,Not Applicable,Not Applicable,No,Not Applicable,495,Cash,18,3.2,4.0
2024-07-03 18:20:00,CNR5490024247,Success,CID929846,Auto,Varthur,Electronic City,84.0,60.0,Not Applicable,Not Applicable,No,Not Applicable,954,Credit Card,15,4.8,4.0
2024-07-03 22:16:00,CNR7642288102,Success,CID809695,Prime Plus,Kengeri,Hennur,91.0,85.0,Not Applicable,Not Applicable,No,Not Applicable,405,Cash,11,4.3,3.1
2024-07-20 07:11:00,CNR8702501005,Success,CID512821,Mini,RT Nagar,Hennur,126.0,140.0,Not Applicable,Not Applicable,No,Not Applicable,135,UPI,2,4.9,4.6
2024-07-19 12:31:00,CNR9580646389,Canceled by Driver,CID922737,Bike,Indiranagar,Kammanahalli,,,Not Applicable,Customer related issue,Not Applicable,Not Applicable,319,Not Applicable,0,,
2024-07-16 02:05:00,CNR3752981062,Canceled by Customer,CID629989,Auto,Kengeri,Ramamurthy Nagar,,,Driver is not moving towards pickup location,Not Applicable,Not Applicable,Not Applicable,275,Not Applicable,0,,
2024-07-18 11:08:00,CNR2201591736,Driver Not Found,CID266362,eBike,Electronic City,Devanahalli,,,Not Applicable,Not Applicable,Not Applicable,Not Applicable,479,Not Applicable,0,,
2024-07-26 01:15:00,CNR6989360558,Driver Not Found,CID565638,Bike,MG Road,Chamarajpet,,,Not Applicable,Not Applicable,Not Applicable,Not Applicable,475,Not Applicable,0,,
2024-07-11 03:30:00,CNR7877951149,Success,CID138396,Mini,Banashankari,Vijayanagar,147.0,45.0,Not Applicable,Not Applicable,No,Not Applicable,625,UPI,25,3.4,3.3
2024-07-17 20:08:00,CNR7620616419,Success,CID836448,Prime Sedan,Langford Town,Bannerghatta Road,224.0,135.0,Not Applicable,Not Applicable,No,Not Applicable,382,Cash,1,3.5,3.5
2024-07-03 21:36:00,CNR4963705412,Driver Not Found,CID372361,Prime SUV,Peenya,Malleshwaram,,,Not Applicable,Not Applicable,Not Applicable,Not Applicable,351,Not Applicable,0,,
2024-07-01 01:33:00,CNR4373245611,Success,CID507904,Prime Plus,Bannerghatta Road,Mysore Road,35.0,60.0,Not Applicable,Not Applicable,No,Not Applicable,246,Cash,41,4.2,4.6
2024-07-27 15:42:00,CNR7730694232,Success,CID705587,Mini,Varthur,Chamarajpet,238.0,95.0,Not Applicable,Not Applicable,No,Not Applicable,427,Credit Card,22,4.2,4.9
2024-07-13 19:58:00,CNR4953054410,Success,CID130414,Prime SUV,Whitefield,MG Road,182.0,120.0,Not Applicable,Not Applicable,No,Not Applicable,390,Cash,31,4.1,5.0
2024-07-14 13:36:00,CNR2007876233,Success,CID879236,Prime Sedan,Nagarbhavi,Rajarajeshwari Nagar,280.0,85.0,Not Applicable,Not Applicable,No,Not Applicable,2246,Cash,26,3.1,3.1
2024-07-13 07:46:00,CNR8922603245,Success,CID774567,Mini,Frazer Town,Sahakar Nagar,56.0,60.0,Not Applicable,Not Applicable,No,Not Applicable,320,UPI,5,5.0,3.8
2024-07-11 03:43:00,CNR4108427262,Canceled by Customer,CID557978,Prime Sedan,Chamarajpet,Yelahanka,,,Wrong Address,Not Applicable,Not Applicable,Not Applicable,392,Not Applicable,0,,
2024-07-12 12:44:00,CNR5402590389,Success,CID723581,Bike,Peenya,Frazer Town,245.0,55.0,Not Applicable,Not Applicable,No,Not Applicable,462,UPI,29,4.4,3.7
2024-07-23 14:54:00,CNR5482127948,Canceled by Driver,CID820393,Prime Sedan,Mysore Road,Rajarajeshwari Nagar,,,Not Applicable,Customer related issue,Not Applicable,Not Applicable,133,Not Applicable,0,,
2024-07-06 13:11:00,CNR5893167788,Success,CID339509,Prime Sedan,Rajarajeshwari Nagar,Indiranagar,224.0,55.0,Not Applicable,Not Applicable,No,Not Applicable,336,UPI,21,4.9,3.6
2024-07-17 12:17:00,CNR2785832237,Success,CID298637,Prime Sedan,Bellandur,Ramamurthy Nagar,259.0,125.0,Not Applicable,Not Applicable,Yes,Customer Demand,406,Cash,47,3.9,4.9
2024-07-04 02:33:00,CNR5541247725,Canceled by Driver,CID845558,Mini,Majestic,Sarjapur Road,,,Not Applicable,More than permitted people in there,Not Applicable,Not Applicable,351,Not Applicable,0,,
2024-07-02 00:49:00,CNR2173746014,Success,CID848914,eBike,Hulimavu,Electronic City,259.0,65.0,Not Applicable,Not Applicable,No,Not Applicable,844,Cash,35,4.6,3.9
2024-07-24 05:11:00,CNR2563477238,Canceled by Customer,CID334539,Mini,Hennur,Yeshwanthpur,,,Driver is not moving towards pickup location,Not Applicable,Not Applicable,Not Applicable,334,Not Applicable,0,,
2024-07-27 02:18:00,CNR2692660251,Success,CID277404,Prime SUV,Bellandur,JP Nagar,294.0,95.0,Not Applicable,Not Applicable,No,Not Applicable,2446,Cash,15,4.8,4.9
2024-07-13 03:10:00,CNR1504336624,Driver Not Found,CID779336,Prime Sedan,Shivajinagar,HSR Layout,,,Not Applicable,Not Applicable,Not Applicable,Not Applicable,185,Not Applicable,0,,
2024-07-03 03:54:00,CNR5651637161,Driver Not Found,CID484802,Bike,Magadi Road,Ramamurthy Nagar,,,Not Applicable,Not Applicable,Not Applicable,Not Applicable,2697,Not Applicable,0,,
2024-07-21 19:50:00,CNR5170938269,Success,CID275961,Auto,Varthur,Marathahalli,154.0,85.0,Not Applicable,Not Applicable,No,Not Applicable,108,Cash,15,3.0,5.0
2024-07-09 11:03:00,CNR2617040861,Success,CID733805,Prime SUV,HSR Layout,Magadi Road,238.0,115.0,Not Applicable,Not Applicable,No,Not Applicable,167,UPI,14,5.0,4.6
2024-07-18 02:06:00,CNR4334122956,Success,CID323783,eBike,Hulimavu,Rajajinagar,91.0,50.0,Not Applicable,Not Applicable,No,Not Applicable,263,Cash,37,3.6,4.1
2024-07-29 10:58:00,CNR8562071231,Canceled by Driver,CID665792,Prime Plus,Chickpet,Magadi Road,,,Not Applicable,More than permitted people in there,Not Applicable,Not Applicable,440,Not Applicable,0,,
2024-07-02 13:28:00,CNR6785374899,Success,CID956659,Mini,Rajarajeshwari Nagar,Mysore Road,49.0,35.0,Not Applicable,Not Applicable,No,Not Applicable,400,Cash,32,4.1,3.5
2024-07-30 01:40:00,CNR3736422164,Success,CID806213,Mini,Shivajinagar,Sahakar Nagar,98.0,140.0,Not Applicable,Not Applicable,No,Not Applicable,404,UPI,43,4.8,4.0
2024-07-13 15:37:00,CNR4656026637,Success,CID471200,Auto,Electronic City,Whitefield,182.0,30.0,Not Applicable,Not Applicable,Yes,Customer Demand,474,Cash,13,3.3,3.8
2024-07-03 01:17:00,CNR3076421786,Canceled by Driver,CID745104,eBike,Devanahalli,Padmanabhanagar,,,Not Applicable,Customer was coughing/sick,Not Applicable,Not Applicable,199,Not Applicable,0,,
2024-07-20 21:12:00,CNR6340392010,Success,CID166414,Prime Sedan,Basavanagudi,Richmond Town,189.0,145.0,Not Applicable,Not Applicable,No,Not Applicable,135,UPI,21,4.8,4.9
2024-07-13 20:34:00,CNR3048941467,Success,CID643471,eBike,Mysore Road,Banashankari,252.0,40.0,Not Applicable,Not Applicable,No,Not Applicable,629,Cash,32,4.8,3.8
2024-07-27 00:09:00,CNR5905498310,Success,CID475477,Bike,Bannerghatta Road,Cox Town,259.0,55.0,Not Applicable,Not Applicable,No,Not Applicable,183,UPI,10,3.5,3.4
2024-07-06 10:46:00,CNR2198214097,Canceled by Customer,CID252866,Prime SUV,Peenya,Shantinagar,,,Wrong Address,Not Applicable,Not Applicable,Not Applicable,677,Not Applicable,0,,
2024-07-10 09:48:00,CNR8181264769,Canceled by Driver,CID133786,Prime SUV,Malleshwaram,KR Puram,,,Not Applicable,Customer was coughing/sick,Not Applicable,Not Applicable,471,Not Applicable,0,,
2024-07-09 03:29:00,CNR8854172746,Success,CID917844,Prime Sedan,Basavanagudi,Electronic City,98.0,60.0,Not Applicable,Not Applicable,No,Not Applicable,659,Cash,18,4.9,3.0
2024-07-23 07:41:00,CNR4805462628,Canceled by Driver,CID979201,eBike,Sahakar Nagar,Vijayanagar,,,Not Applicable,Personal & Car related issue,Not Applicable,Not Applicable,1500,Not Applicable,0,,
2024-07-25 19:39:00,CNR7047620863,Success,CID637462,eBike,Indiranagar,Cox Town,224.0,60.0,Not Applicable,Not Applicable,No,Not Applicable,174,UPI,26,4.9,3.7
2024-07-24 11:15:00,CNR3140596680,Success,CID170675,Prime SUV,KR Puram,BTM Layout,273.0,100.0,Not Applicable,Not Applicable,No,Not Applicable,108,Cash,6,4.3,4.2
2024-07-13 11:39:00,CNR6894368089,Success,CID934142,Mini,KR Puram,Indiranagar,56.0,130.0,Not Applicable,Not Applicable,No,Not Applicable,135,Cash,9,4.0,4.0
2024-07-10 14:48:00,CNR8130226086,Canceled by Customer,CID630706,Bike,Whitefield,Rajarajeshwari Nagar,,,AC is Not working,Not Applicable,Not Applicable,Not Applicable,619,Not Applicable,0,,
2024-07-22 19:59:00,CNR6755620216,Success,CID955238,Prime SUV,Kengeri,Peenya,98.0,125.0,Not Applicable,Not Applicable,No,Not Applicable,425,UPI,18,3.8,4.3
2024-07-25 17:24:00,CNR4074789243,Driver Not Found,CID408413,Bike,Marathahalli,Jayanagar,,,Not Applicable,Not Applicable,Not Applicable,Not Applicable,410,Not Applicable,0,,
2024-07-17 19:42:00,CNR2135385349,Success,CID663508,Bike,Rajajinagar,Cox Town,35.0,80.0,Not Applicable,Not Applicable,No,Not Applicable,331,Cash,26,3.2,4.7
2024-07-15 22:22:00,CNR6958965784,Driver Not Found,CID726290,Prime Sedan,Koramangala,Langford Town,,,Not Applicable,Not Applicable,Not Applicable,Not Applicable,431,Not Applicable,0,,
2024-07-26 09:13:00,CNR4269429099,Canceled by Driver,CID336642,Bike,Vijayanagar,Chickpet,,,Not Applicable,Personal & Car related issue,Not Applicable,Not Applicable,174,Not Applicable,0,,
2024-07-04 02:24:00,CNR3363176777,Success,CID920527,eBike,Hebbal,KR Puram,252.0,115.0,Not Applicable,Not Applicable,No,Not Applicable,308,Cash,11,3.7,4.8
2024-07-02 03:13:00,CNR7513197382,Canceled by Driver,CID700535,Prime Plus,Kammanahalli,Varthur,,,Not Applicable,Customer was coughing/sick,Not Applicable,Not Applicable,967,Not Applicable,0,,
2024-07-03 20:58:00,CNR5410567281,Driver Not Found,CID837879,Mini,Kammanahalli,Yeshwanthpur,,,Not Applicable,Not Applicable,Not Applicable,Not Applicable,276,Not Applicable,0,,
2024-07-02 04:37:00,CNR6422762111,Canceled by Driver,CID949304,Auto,Devanahalli,Koramangala,,,Not Applicable,More than permitted people in there,Not Applicable,Not Applicable,923,Not Applicable,0,,
2024-07-08 19:15:00,CNR1306203220,Driver Not Found,CID985357,Prime Sedan,Shivajinagar,RT Nagar,,,Not Applicable,Not Applicable,Not Applicable,Not Applicable,974,Not Applicable,0,,
2024-07-20 08:30:00,CNR7294286933,Success,CID219645,Prime Sedan,Yeshwanthpur,KR Puram,273.0,130.0,Not Applicable,Not Applicable,No,Not Applicable,355,Cash,31,3.4,3.5
2024-07-28 20:41:00,CNR3920826426,Canceled by Customer,CID363385,Mini,Yeshwanthpur,Vijayanagar,,,Driver asked to cancel,Not Applicable,Not Applicable,Not Applicable,2244,Not Applicable,0,,
2024-07-02 01:22:00,CNR5606243062,Success,CID435644,Auto,Indiranagar,Sarjapur Road,77.0,145.0,Not Applicable,Not Applicable,No,Not Applicable,368,Cash,13,3.8,4.0
2024-07-19 03:43:00,CNR9270733374,Success,CID912988,Auto,Varthur,Vijayanagar,105.0,70.0,Not Applicable,Not Applicable,No,Not Applicable,434,Credit Card,11,3.6,3.7
2024-07-29 13:20:00,CNR8692523807,Canceled by Driver,CID127066,Mini,Hebbal,Shantinagar,,,Not Applicable,Customer related issue,Not Applicable,Not Applicable,434,Not Applicable,0,,
2024-07-19 04:18:00,CNR3008120355,Success,CID154833,Bike,Electronic City,Malleshwaram,224.0,50.0,Not Applicable,Not Applicable,No,Not Applicable,211,Cash,14,4.8,4.6
2024-07-27 12:40:00,CNR8414662824,Success,CID995230,Mini,Hebbal,Langford Town,98.0,145.0,Not Applicable,Not Applicable,No,Not Applicable,131,Cash,13,3.8,3.1
2024-07-13 07:53:00,CNR5172536491,Success,CID511362,Mini,Yelahanka,Hulimavu,112.0,145.0,Not Applicable,Not Applicable,No,Not Applicable,303,UPI,26,5.0,3.5
2024-07-23 16:02:00,CNR4893416356,Success,CID766296,Prime Plus,Chamarajpet,Hebbal,203.0,55.0,Not Applicable,Not Applicable,No,Not Applicable,739,Debit Card,15,3.2,4.5
2024-07-13 02:33:00,CNR2782813450,Success,CID837156,Mini,Rajajinagar,Varthur,77.0,60.0,Not Applicable,Not Applicable,No,Not Applicable,1783,Cash,7,3.1,3.8
2024-07-29 09:33:00,CNR2089756840,Canceled by Driver,CID943875,Prime Sedan,Magadi Road,Yeshwanthpur,,,Not Applicable,Personal & Car related issue,Not Applicable,Not Applicable,271,Not Applicable,0,,
2024-07-22 03:08:00,CNR8181265500,Driver Not Found,CID598784,Prime Sedan,Hennur,Majestic,,,Not Applicable,Not Applicable,Not Applicable,Not Applicable,918,Not Applicable,0,,
2024-07-30 09:56:00,CNR2822611687,Canceled by Driver,CID227469,Prime SUV,Indiranagar,Sahakar Nagar,,,Not Applicable,Personal & Car related issue,Not Applicable,Not Applicable,154,Not Applicable,0,,
2024-07-13 20:20:00,CNR6289360328,Driver Not Found,CID804051,Prime SUV,Basavanagudi,Jayanagar,,,Not Applicable,Not Applicable,Not Applicable,Not Applicable,2068,Not Applicable,0,,
2024-07-16 04:50:00,CNR1401711036,Success,CID594963,Prime Plus,Vijayanagar,Bellandur,224.0,120.0,Not Applicable,Not Applicable,Yes,Vehicle Breakdown,583,Cash,37,4.5,4.5
2024-07-14 06:16:00,CNR6489735178,Canceled by Driver,CID210579,eBike,Cox Town,Hebbal,,,Not Applicable,More than permitted people in there,Not Applicable,Not Applicable,540,Not Applicable,0,,
2024-07-10 22:01:00,CNR3872775207,Success,CID620646,Auto,Shivajinagar,Nagarbhavi,98.0,140.0,Not Applicable,Not Applicable,No,Not Applicable,120,Cash,16,4.8,4.6
2024-07-11 06:54:00,CNR8166148498,Driver Not Found,CID738199,Auto,Sahakar Nagar,Electronic City,,,Not Applicable,Not Applicable,Not Applicable,Not Applicable,119,Not Applicable,0,,
2024-07-22 10:39:00,CNR8812472481,Canceled by Driver,CID242251,Prime SUV,Whitefield,Rajarajeshwari Nagar,,,Not Applicable,Customer was coughing/sick,Not Applicable,Not Applicable,813,Not Applicable,0,,
2024-07-05 20:56:00,CNR3991703359,Success,CID683743,Mini,Marathahalli,Marathahalli,266.0,35.0,Not Applicable,Not Applicable,No,Not Applicable,109,Cash,36,3.6,4.9
2024-07-09 20:38:00,CNR8860462154,Canceled by Customer,CID894841,Mini,Ulsoor,BTM Layout,,,Driver asked to cancel,Not Applicable,Not Applicable,Not Applicable,411,Not Applicable,0,,
2024-07-26 02:13:00,CNR7740667874,Driver Not Found,CID181068,Prime Plus,BTM Layout,Indiranagar,,,Not Applicable,Not Applicable,Not Applicable,Not Applicable,851,Not Applicable,0,,
2024-07-11 22:10:00,CNR6204173087,Success,CID646476,Prime SUV,Varthur,Malleshwaram,287.0,70.0,Not Applicable,Not Applicable,No,Not Applicable,145,Cash,11,4.2,4.2
2024-07-13 20:28:00,CNR7809440404,Driver Not Found,CID523814,Prime SUV,Electronic City,Kadugodi,,,Not Applicable,Not Applicable,Not Applicable,Not Applicable,484,Not Applicable,0,,
2024-07-01 00:24:00,CNR4044940733,Canceled by Driver,CID535320,Mini,Basavanagudi,Sarjapur Road,,,Not Applicable,Customer was coughing/sick,Not Applicable,Not Applicable,550,Not Applicable,0,,
2024-07-15 16:00:00,CNR5877013559,Success,CID265507,Bike,Devanahalli,Hennur,308.0,140.0,Not Applicable,Not Applicable,No,Not Applicable,191,UPI,37,3.7,3.4
2024-07-10 20:33:00,CNR9360078384,Driver Not Found,CID122128,Prime Sedan,Devanahalli,Marathahalli,,,Not Applicable,Not Applicable,Not Applicable,Not Applicable,226,Not Applicable,0,,
2024-07-23 11:00:00,CNR9791654091,Success,CID951916,Auto,Shivajinagar,Electronic City,308.0,115.0,Not Applicable,Not Applicable,No,Not Applicable,329,Cash,13,3.7,3.4
2024-07-24 11:13:00,CNR9829493793,Success,CID435167,Prime Sedan,Nagarbhavi,Chamarajpet,203.0,45.0,Not Applicable,Not Applicable,Yes,Vehicle Breakdown,179,Cash,37,3.5,4.7
2024-07-03 22:39:00,CNR7607384985,Success,CID260082,Prime Plus,Basavanagudi,Shantinagar,224.0,135.0,Not Applicable,Not Applicable,No,Not Applicable,693,Cash,10,4.7,3.0
2024-07-16 12:24:00,CNR7105664424,Success,CID445194,Auto,MG Road,Yeshwanthpur,49.0,65.0,Not Applicable,Not Applicable,No,Not Applicable,118,UPI,17,4.5,3.8
2024-07-11 15:48:00,CNR4186650857,Success,CID797156,Auto,KR Puram,Sahakar Nagar,77.0,50.0,Not Applicable,Not Applicable,No,Not Applicable,104,UPI,3,4.3,3.4
2024-07-13 13:39:00,CNR7222158596,Canceled by Driver,CID368329,Mini,Hebbal,Banashankari,,,Not Applicable,More than permitted people in there,Not Applicable,Not Applicable,995,Not Applicable,0,,
2024-07-09 13:53:00,CNR2931668469,Canceled by Driver,CID240786,Prime Sedan,Bellandur,Langford Town,,,Not Applicable,Customer related issue,Not Applicable,Not Applicable,106,Not Applicable,0,,
2024-07-29 01:50:00,CNR8945627522,Success,CID546060,Prime SUV,Langford Town,KR Puram,49.0,135.0,Not Applicable,Not Applicable,No,Not Applicable,2788,Cash,13,4.3,3.6
2024-07-02 03:48:00,CNR1245959896,Success,CID177719,Auto,Kadugodi,Marathahalli,126.0,140.0,Not Applicable,Not Applicable,No,Not Applicable,361,UPI,9,3.5,4.3
2024-07-21 00:28:00,CNR3309901651,Success,CID656069,Prime Sedan,BTM Layout,JP Nagar,84.0,70.0,Not Applicable,Not Applicable,No,Not Applicable,771,UPI,8,4.3,4.7
2024-07-19 10:33:00,CNR6718949567,Success,CID620503,Prime Plus,Kadugodi,Sahakar Nagar,308.0,110.0,Not Applicable,Not Applicable,No,Not Applicable,1101,Cash,23,4.4,3.4
2024-07-06 15:47:00,CNR6535800669,Success,CID602164,Auto,Kadugodi,Jayanagar,70.0,140.0,Not Applicable,Not Applicable,No,Not Applicable,182,Cash,8,4.9,3.1
2024-07-29 08:46:00,CNR8128724612,Driver Not Found,CID423910,Bike,Cox Town,Peenya,,,Not Applicable,Not Applicable,Not Applicable,Not Applicable,1033,Not Applicable,0,,
2024-07-25 00:43:00,CNR5368969268,Success,CID524635,Prime Plus,Ramamurthy Nagar,Rajarajeshwari Nagar,133.0,120.0,Not Applicable,Not Applicable,No,Not Applicable,335,Cash,1,4.5,5.0
2024-07-21 03:46:00,CNR6928907376,Canceled by Driver,CID430913,Prime Sedan,Bellandur,Bellandur,,,Not Applicable,Customer related issue,Not Applicable,Not Applicable,287,Not Applicable,0,,
2024-07-07 06:01:00,CNR5593692622,Canceled by Customer,CID837775,Prime Plus,Banashankari,Tumkur Road,,,Driver asked to cancel,Not Applicable,Not Applicable,Not Applicable,1854,Not Applicable,0,,
2024-07-22 10:46:00,CNR2489607341,Canceled by Customer,CID306086,Prime SUV,Mysore Road,Sarjapur Road,,,Driver is not moving towards pickup location,Not Applicable,Not Applicable,Not Applicable,232,Not Applicable,0,,
2024-07-30 15:46:00,CNR3371365328,Driver Not Found,CID412907,Mini,Hebbal,Varthur,,,Not Applicable,Not Applicable,Not Applicable,Not Applicable,476,Not Applicable,0,,
2024-07-09 12:42:00,CNR9435657569,Success,CID813154,Auto,Electronic City,Kengeri,238.0,85.0,Not Applicable,Not Applicable,No,Not Applicable,420,UPI,12,3.3,4.8
2024-07-04 06:51:00,CNR7230549250,Success,CID884903,Prime SUV,BTM Layout,Hebbal,280.0,135.0,Not Applicable,Not Applicable,No,Not Applicable,2430,Cash,22,4.5,4.7
2024-07-17 06:02:00,CNR1329865051,Success,CID779836,Mini,Mysore Road,Marathahalli,112.0,35.0,Not Applicable,Not Applicable,No,Not Applicable,350,UPI,14,3.4,3.8
2024-07-15 10:32:00,CNR9233836312,Canceled by Driver,CID359277,eBike,Chickpet,Shivajinagar,,,Not Applicable,Customer related issue,Not Applicable,Not Applicable,278,Not Applicable,0,,
2024-07-03 15:23:00,CNR6953287057,Success,CID938149,Bike,Yeshwanthpur,HSR Layout,189.0,40.0,Not Applicable,Not Applicable,No,Not Applicable,272,Cash,20,3.5,3.1
2024-07-05 04:30:00,CNR2288765774,Success,CID401707,Mini,Sarjapur Road,RT Nagar,308.0,70.0,Not Applicable,Not Applicable,No,Not Applicable,432,Cash,13,3.1,4.8
2024-07-28 16:35:00,CNR9314550898,Success,CID327378,Bike,Frazer Town,Ramamurthy Nagar,252.0,50.0,Not Applicable,Not Applicable,No,Not Applicable,316,UPI,20,4.3,3.2
2024-07-14 15:40:00,CNR7578912852,Driver Not Found,CID265213,Prime SUV,Bellandur,Kadugodi,,,Not Applicable,Not Applicable,Not Applicable,Not Applicable,138,Not Applicable,0,,
2024-07-26 10:14:00,CNR6978003749,Success,CID218562,eBike,Vijayanagar,Koramangala,280.0,60.0,Not Applicable,Not Applicable,No,Not Applicable,1151,UPI,16,4.2,3.8
2024-07-17 04:29:00,CNR1204708810,Success,CID976983,Prime Plus,Devanahalli,Rajajinagar,189.0,45.0,Not Applicable,Not Applicable,No,Not Applicable,474,Cash,3,3.9,4.9
2024-07-19 21:34:00,CNR3609063574,Success,CID829797,Mini,MG Road,Chamarajpet,175.0,140.0,Not Applicable,Not Applicable,No,Not Applicable,111,UPI,45,3.7,4.3
2024-07-10 23:31:00,CNR8713155516,Canceled by Driver,CID155482,Prime Plus,Majestic,Bellandur,,,Not Applicable,Personal & Car related issue,Not Applicable,Not Applicable,125,Not Applicable,0,,
2024-07-23 23:30:00,CNR3817517859,Success,CID783931,Prime SUV,BTM Layout,Richmond Town,77.0,65.0,Not Applicable,Not Applicable,No,Not Applicable,165,Cash,16,4.7,3.3
2024-07-11 05:09:00,CNR1262229118,Success,CID127460,Auto,Nagarbhavi,KR Puram,35.0,70.0,Not Applicable,Not Applicable,No,Not Applicable,470,UPI,14,3.5,3.5
2024-07-14 04:36:00,CNR5271796838,Success,CID705559,Mini,HSR Layout,Varthur,63.0,40.0,Not Applicable,Not Applicable,No,Not Applicable,451,UPI,12,4.3,4.3
2024-07-09 02:04:00,CNR6088173990,Success,CID923303,eBike,Banashankari,Vijayanagar,119.0,145.0,Not Applicable,Not Applicable,No,Not Applicable,1199,Cash,27,4.1,4.1
2024-07-04 09:08:00,CNR1090846345,Driver Not Found,CID121075,eBike,Sarjapur Road,Indiranagar,,,Not Applicable,Not Applicable,Not Applicable,Not Applicable,875,Not Applicable,0,,
2024-07-24 07:43:00,CNR5656715659,Canceled by Driver,CID907556,Auto,Padmanabhanagar,Magadi Road,,,Not Applicable,More than permitted people in there,Not Applicable,Not Applicable,553,Not Applicable,0,,
2024-07-07 15:45:00,CNR7619760221,Canceled by Driver,CID464029,Prime SUV,Majestic,Malleshwaram,,,Not Applicable,More than permitted people in there,Not Applicable,Not Applicable,301,Not Applicable,0,,
2024-07-17 18:03:00,CNR3668449314,Success,CID177599,Prime SUV,KR Puram,Shantinagar,42.0,85.0,Not Applicable,Not Applicable,No,Not Applicable,933,UPI,8,4.5,3.2
2024-07-17 22:36:00,CNR4482431944,Success,CID178331,Prime Sedan,Kengeri,Hosur Road,126.0,45.0,Not Applicable,Not Applicable,No,Not Applicable,495,Cash,12,3.4,4.3
2024-07-16 08:22:00,CNR2692974528,Success,CID148807,Mini,Peenya,Rajajinagar,245.0,90.0,Not Applicable,Not Applicable,No,Not Applicable,334,UPI,33,4.4,4.5
2024-07-21 02:31:00,CNR2984313098,Success,CID534781,Mini,Sarjapur Road,Whitefield,119.0,85.0,Not Applicable,Not Applicable,No,Not Applicable,760,UPI,35,4.3,4.7
2024-07-30 06:57:00,CNR3952936131,Success,CID480229,Auto,Peenya,Padmanabhanagar,63.0,70.0,Not Applicable,Not Applicable,No,Not Applicable,415,UPI,6,4.8,3.7
2024-07-30 04:33:00,CNR8991230369,Driver Not Found,CID230136,Mini,Vijayanagar,Hennur,,,Not Applicable,Not Applicable,Not Applicable,Not Applicable,784,Not Applicable,0,,
2024-07-09 13:16:00,CNR3275471184,Success,CID802998,Prime Plus,Langford Town,Malleshwaram,224.0,145.0,Not Applicable,Not Applicable,No,Not Applicable,272,UPI,40,5.0,4.0
2024-07-12 00:33:00,CNR1398717325,Success,CID673437,eBike,Shivajinagar,Electronic City,280.0,120.0,Not Applicable,Not Applicable,No,Not Applicable,494,Cash,7,3.3,3.5
2024-07-09 12:20:00,CNR5789980519,Canceled by Driver,CID187010,Prime Sedan,Malleshwaram,Marathahalli,,,Not Applicable,Customer related issue,Not Applicable,Not Applicable,186,Not Applicable,0,,
2024-07-14 18:48:00,CNR4510715431,Driver Not Found,CID784938,Mini,KR Puram,Sahakar Nagar,,,Not Applicable,Not Applicable,Not Applicable,Not Applicable,385,Not Applicable,0,,
2024-07-06 18:12:00,CNR9756985447,Canceled by Driver,CID442415,Prime Plus,Bellandur,Koramangala,,,Not Applicable,Personal & Car related issue,Not Applicable,Not Applicable,488,Not Applicable,0,,
2024-07-20 15:36:00,CNR1880896938,Success,CID100548,Prime Plus,Kammanahalli,Chamarajpet,63.0,65.0,Not Applicable,Not Applicable,No,Not Applicable,244,UPI,4,3.3,3.3
2024-07-08 01:05:00,CNR7318533442,Success,CID254079,Prime Plus,HSR Layout,Majestic,91.0,100.0,Not Applicable,Not Applicable,No,Not Applicable,484,Cash,32,4.5,3.9
2024-07-05 18:15:00,CNR9883739159,Canceled by Driver,CID808293,Mini,Sarjapur Road,Ulsoor,,,Not Applicable,Personal & Car related issue,Not Applicable,Not Applicable,543,Not Applicable,0,,
2024-07-15 06:35:00,CNR4926157174,Canceled by Driver,CID434554,Bike,HSR Layout,MG Road,,,Not Applicable,Personal & Car related issue,Not Applicable,Not Applicable,487,Not Applicable,0,,
2024-07-28 18:47:00,CNR4508101033,Success,CID930721,Bike,Koramangala,Marathahalli,105.0,35.0,Not Applicable,Not Applicable,No,Not Applicable,351,UPI,16,3.8,4.3
2024-07-26 06:10:00,CNR8067529149,Success,CID124749,Bike,Frazer Town,Peenya,182.0,100.0,Not Applicable,Not Applicable,Yes,Customer Demand,456,Cash,9,4.0,4.5
2024-07-17 10:05:00,CNR1629684341,Canceled by Driver,CID488784,Auto,Hennur,Majestic,,,Not Applicable,More than permitted people in there,Not Applicable,Not Applicable,381,Not Applicable,0,,
2024-07-15 07:56:00,CNR8100041676,Canceled by Driver,CID690354,Prime Plus,Indiranagar,Magadi Road,,,Not Applicable,Personal & Car related issue,Not Applicable,Not Applicable,218,Not Applicable,0,,
2024-07-11 08:04:00,CNR1365931263,Success,CID639555,Auto,Tumkur Road,Tumkur Road,154.0,80.0,Not Applicable,Not Applicable,No,Not Applicable,153,Cash,16,4.6,4.9
2024-07-16 14:45:00,CNR6988766600,Success,CID154124,Bike,Chamarajpet,Rajajinagar,175.0,115.0,Not Applicable,Not Applicable,No,Not Applicable,265,UPI,41,3.5,3.4
2024-07-21 01:10:00,CNR7997079545,Success,CID204370,Prime Sedan,Whitefield,Sahakar Nagar,119.0,35.0,Not Applicable,Not Applicable,No,Not Applicable,499,UPI,11,4.2,3.3
2024-07-27 21:09:00,CNR8071311381,Canceled by Driver,CID924791,Bike,Malleshwaram,Kammanahalli,,,Not Applicable,More than permitted people in there,Not Applicable,Not Applicable,664,Not Applicable,0,,
2024-07-30 07:18:00,CNR2436008204,Success,CID810704,Prime Sedan,Koramangala,Malleshwaram,112.0,60.0,Not Applicable,Not Applicable,No,Not Applicable,593,Cash,10,3.5,3.1
2024-07-17 17:27:00,CNR5568413716,Canceled by Customer,CID258274,Mini,Nagarbhavi,Rajarajeshwari Nagar,,,AC is Not working,Not Applicable,Not Applicable,Not Applicable,444,Not Applicable,0,,
2024-07-20 05:39:00,CNR8097164687,Success,CID340422,eBike,Majestic,Frazer Town,77.0,115.0,Not Applicable,Not Applicable,No,Not Applicable,2336,UPI,42,4.3,4.5
2024-07-27 21:55:00,CNR3517071313,Canceled by Customer,CID835916,Auto,MG Road,Varthur,,,AC is Not working,Not Applicable,Not Applicable,Not Applicable,760,Not Applicable,0,,
2024-07-02 09:08:00,CNR8262860779,Success,CID634214,Prime Plus,Basavanagudi,Basavanagudi,133.0,145.0,Not Applicable,Not Applicable,No,Not Applicable,272,Cash,11,3.8,3.5
2024-07-15 10:37:00,CNR4837215272,Canceled by Driver,CID367236,eBike,Majestic,Cox Town,,,Not Applicable,Customer related issue,Not Applicable,Not Applicable,437,Not Applicable,0,,
2024-07-03 09:35:00,CNR1901198237,Success,CID927144,Prime Sedan,Devanahalli,Shantinagar,154.0,30.0,Not Applicable,Not Applicable,No,Not Applicable,430,Cash,10,4.8,3.9
2024-07-08 07:06:00,CNR4483142457,Success,CID656485,Mini,Magadi Road,Bannerghatta Road,91.0,40.0,Not Applicable,Not Applicable,No,Not Applicable,404,Cash,5,3.2,3.7
2024-07-17 08:04:00,CNR9044578877,Driver Not Found,CID411077,Auto,Devanahalli,Shivajinagar,,,Not Applicable,Not Applicable,Not Applicable,Not Applicable,731,Not Applicable,0,,
2024-07-01 07:29:00,CNR4841562756,Driver Not Found,CID870420,Auto,Yeshwanthpur,Marathahalli,,,Not Applicable,Not Applicable,Not Applicable,Not Applicable,2036,Not Applicable,0,,
2024-07-19 12:23:00,CNR3426851086,Canceled by Driver,CID491513,Mini,Frazer Town,Hosur Road,,,Not Applicable,Personal & Car related issue,Not Applicable,Not Applicable,1633,Not Applicable,0,,
2024-07-10 02:24:00,CNR7432747236,Canceled by Customer,CID345653,Bike,Bellandur,Jayanagar,,,Driver is not moving towards pickup location,Not Applicable,Not Applicable,Not Applicable,231,Not Applicable,0,,
2024-07-16 15:53:00,CNR4589788126,Canceled by Customer,CID414657,eBike,Richmond Town,HSR Layout,,,Driver is not moving towards pickup location,Not Applicable,Not Applicable,Not Applicable,303,Not Applicable,0,,
2024-07-19 23:54:00,CNR3265140433,Canceled by Driver,CID719571,Bike,Sahakar Nagar,Shantinagar,,,Not Applicable,Personal & Car related issue,Not Applicable,Not Applicable,493,Not Applicable,0,,
2024-07-26 09:44:00,CNR6017860660,Canceled by Driver,CID432198,eBike,Mysore Road,Yelahanka,,,Not Applicable,Personal & Car related issue,Not Applicable,Not Applicable,285,Not Applicable,0,,
2024-07-20 04:50:00,CNR2463768586,Success,CID717869,Prime SUV,Ulsoor,Tumkur Road,238.0,110.0,Not Applicable,Not Applicable,No,Not Applicable,340,UPI,40,3.3,3.7
2024-07-12 02:27:00,CNR1523622900,Driver Not Found,CID669225,Prime Plus,Peenya,Vijayanagar,,,Not Applicable,Not Applicable,Not Applicable,Not Applicable,323,Not Applicable,0,,
2024-07-03 12:55:00,CNR7990847112,Success,CID871697,Bike,Kammanahalli,HSR Layout,154.0,50.0,Not Applicable,Not Applicable,No,Not Applicable,269,UPI,26,4.0,3.9
2024-07-12 19:18:00,CNR8453512485,Success,CID796646,Bike,Ulsoor,Bellandur,161.0,25.0,Not Applicable,Not Applicable,No,Not Applicable,268,Cash,17,3.4,3.7
2024-07-14 08:14:00,CNR1679311511,Success,CID889346,Auto,Kadugodi,Jayanagar,35.0,50.0,Not Applicable,Not Applicable,No,Not Applicable,285,Cash,5,4.2,3.3
2024-07-17 14:37:00,CNR8306808619,Driver Not Found,CID772272,Mini,Varthur,Sarjapur Road,,,Not Applicable,Not Applicable,Not Applicable,Not Applicable,2113,Not Applicable,0,,
2024-07-07 01:18:00,CNR3439174461,Success,CID592459,Mini,Vijayanagar,Frazer Town,287.0,25.0,Not Applicable,Not Applicable,Yes,Other Issue,594,Cash,30,3.7,4.0
2024-07-11 16:53:00,CNR7278975842,Canceled by Driver,CID139690,Prime SUV,Tumkur Road,KR Puram,,,Not Applicable,Customer related issue,Not Applicable,Not Applicable,233,Not Applicable,0,,
2024-07-06 14:41:00,CNR9899904986,Canceled by Driver,CID793875,Prime Sedan,Kadugodi,Langford Town,,,Not Applicable,Customer was coughing/sick,Not Applicable,Not Applicable,457,Not Applicable,0,,
2024-07-23 12:56:00,CNR3211449727,Driver Not Found,CID763229,eBike,Frazer Town,RT Nagar,,,Not Applicable,Not Applicable,Not Applicable,Not Applicable,460,Not Applicable,0,,
2024-07-20 17:56:00,CNR8899883131,Canceled by Driver,CID743669,eBike,Hosur Road,Shantinagar,,,Not Applicable,Customer was coughing/sick,Not Applicable,Not Applicable,309,Not Applicable,0,,
2024-07-12 10:14:00,CNR7123149982,Success,CID866777,eBike,BTM Layout,Koramangala,245.0,90.0,Not Applicable,Not Applicable,No,Not Applicable,263,Cash,30,3.1,3.6
2024-07-23 21:41:00,CNR2080748218,Canceled by Driver,CID362420,Prime Sedan,Shivajinagar,BTM Layout,,,Not Applicable,Customer related issue,Not Applicable,Not Applicable,279,Not Applicable,0,,
2024-07-13 04:33:00,CNR5586013892,Driver Not Found,CID766019,Prime Sedan,Kengeri,JP Nagar,,,Not Applicable,Not Applicable,Not Applicable,Not Applicable,1291,Not Applicable,0,,
2024-07-16 11:35:00,CNR8569009057,Success,CID810424,eBike,Kadugodi,Kammanahalli,98.0,100.0,Not Applicable,Not Applicable,No,Not Applicable,355,Cash,10,4.5,3.0
2024-07-10 04:12:00,CNR2110634047,Success,CID180240,Prime Sedan,JP Nagar,Kammanahalli,126.0,30.0,Not Applicable,Not Applicable,No,Not Applicable,345,UPI,39,3.7,4.9
2024-07-21 17:00:00,CNR4238836238,Driver Not Found,CID930981,eBike,Kammanahalli,Yeshwanthpur,,,Not Applicable,Not Applicable,Not Applicable,Not Applicable,504,Not Applicable,0,,
2024-07-17 06:50:00,CNR9138993085,Canceled by Driver,CID855685,Mini,Shivajinagar,Koramangala,,,Not Applicable,More than permitted people in there,Not Applicable,Not Applicable,940,Not Applicable,0,,
2024-07-24 22:14:00,CNR3397350852,Success,CID582626,eBike,Tumkur Road,Shivajinagar,182.0,110.0,Not Applicable,Not Applicable,No,Not Applicable,119,UPI,45,3.6,4.0
2024-07-16 19:40:00,CNR6630330798,Success,CID358678,Prime SUV,Cox Town,Varthur,280.0,35.0,Not Applicable,Not Applicable,No,Not Applicable,375,Cash,3,4.5,3.2
2024-07-07 20:46:00,CNR9162854778,Success,CID132660,Prime Plus,Magadi Road,Shantinagar,217.0,130.0,Not Applicable,Not Applicable,No,Not Applicable,633,Credit Card,27,3.0,4.5
2024-07-01 21:01:00,CNR5763994841,Success,CID925572,Prime Sedan,Hennur,Hebbal,210.0,135.0,Not Applicable,Not Applicable,No,Not Applicable,320,Cash,31,4.0,5.0
2024-07-02 09:42:00,CNR8964101034,Success,CID265572,Bike,Hosur Road,Chamarajpet,231.0,35.0,Not Applicable,Not Applicable,No,Not Applicable,437,UPI,35,3.4,3.9
2024-07-06 15:24:00,CNR4852529253,Success,CID580072,Mini,Rajajinagar,Koramangala,147.0,120.0,Not Applicable,Not Applicable,No,Not Applicable,1866,UPI,1,4.0,3.7
2024-07-05 21:03:00,CNR1085988332,Success,CID267895,Prime SUV,Whitefield,Cox Town,287.0,35.0,Not Applicable,Not Applicable,No,Not Applicable,896,Cash,9,3.0,4.9
2024-07-27 21:54:00,CNR6887600162,Success,CID847205,Bike,Kadugodi,Ulsoor,245.0,35.0,Not Applicable,Not Applicable,No,Not Applicable,109,Cash,14,4.2,4.8
2024-07-27 18:35:00,CNR6156417497,Canceled by Driver,CID649359,Bike,Bannerghatta Road,Whitefield,,,Not Applicable,More than permitted people in there,Not Applicable,Not Applicable,459,Not Applicable,0,,
2024-07-05 05:41:00,CNR5393287989,Success,CID788104,Prime SUV,Devanahalli,Sarjapur Road,49.0,135.0,Not Applicable,Not Applicable,No,Not Applicable,295,Cash,27,4.0,3.3
2024-07-09 19:16:00,CNR2339316127,Driver Not Found,CID790704,Auto,Chickpet,Nagarbhavi,,,Not Applicable,Not Applicable,Not Applicable,Not Applicable,633,Not Applicable,0,,
2024-07-20 09:46:00,CNR5361065094,Success,CID886585,Auto,Yeshwanthpur,Mysore Road,91.0,100.0,Not Applicable,Not Applicable,No,Not Applicable,392,Cash,12,4.7,4.6
2024-07-20 17:11:00,CNR3801546583,Canceled by Driver,CID810804,Auto,Malleshwaram,Mysore Road,,,Not Applicable,Customer related issue,Not Applicable,Not Applicable,331,Not Applicable,0,,
2024-07-24 15:46:00,CNR3772881853,Success,CID580579,Auto,Jayanagar,Majestic,245.0,35.0,Not Applicable,Not Applicable,No,Not Applicable,253,Cash,3,3.4,3.6
2024-07-27 08:04:00,CNR2421196926,Success,CID363685,eBike,Bannerghatta Road,Rajajinagar,259.0,70.0,Not Applicable,Not Applicable,No,Not Applicable,2311,Cash,45,5.0,4.0
2024-07-30 09:49:00,CNR8219750658,Success,CID961706,Mini,Magadi Road,RT Nagar,238.0,50.0,Not Applicable,Not Applicable,No,Not Applicable,2662,UPI,12,4.7,3.7
2024-07-25 00:04:00,CNR1461975984,Success,CID140318,Prime SUV,Malleshwaram,Hebbal,49.0,60.0,Not Applicable,Not Applicable,No,Not Applicable,172,Cash,5,3.2,4.0
2024-07-22 01:09:00,CNR2133828251,Canceled by Driver,CID138212,Mini,Electronic City,Hennur,,,Not Applicable,Personal & Car related issue,Not Applicable,Not Applicable,138,Not Applicable,0,,
2024-07-29 15:10:00,CNR5178620489,Success,CID247188,Auto,Sahakar Nagar,Indiranagar,210.0,145.0,Not Applicable,Not Applicable,No,Not Applicable,427,UPI,13,3.5,3.0
2024-07-20 18:24:00,CNR6399209594,Success,CID800622,eBike,Rajarajeshwari Nagar,Basavanagudi,140.0,65.0,Not Applicable,Not Applicable,No,Not Applicable,292,Cash,26,3.4,4.0
2024-07-24 01:52:00,CNR3051202903,Success,CID881614,Prime Plus,Majestic,HSR Layout,77.0,60.0,Not Applicable,Not Applicable,No,Not Applicable,2804,UPI,16,4.2,3.8
2024-07-14 01:04:00,CNR6657457097,Success,CID811414,Prime Plus,Electronic City,JP Nagar,112.0,65.0,Not Applicable,Not Applicable,No,Not Applicable,237,UPI,12,3.2,4.2
2024-07-05 18:47:00,CNR9793372248,Driver Not Found,CID887323,Bike,Sarjapur Road,Hosur Road,,,Not Applicable,Not Applicable,Not Applicable,Not Applicable,835,Not Applicable,0,,
2024-07-11 03:41:00,CNR6727860156,Success,CID717855,Auto,Shivajinagar,Bannerghatta Road,56.0,110.0,Not Applicable,Not Applicable,No,Not Applicable,330,UPI,11,3.6,3.5
2024-07-14 15:38:00,CNR5075441718,Success,CID725601,Prime Plus,Shantinagar,Yeshwanthpur,154.0,120.0,Not Applicable,Not Applicable,No,Not Applicable,200,Cash,33,4.3,4.5
2024-07-16 01:06:00,CNR3928703002,Success,CID380186,Prime Sedan,Electronic City,Kadugodi,154.0,75.0,Not Applicable,Not Applicable,No,Not Applicable,274,UPI,2,4.1,3.4
2024-07-28 10:59:00,CNR5679031318,Success,CID310943,Mini,Banashankari,Nagarbhavi,98.0,105.0,Not Applicable,Not Applicable,No,Not Applicable,573,Cash,14,3.1,4.5
2024-07-25 15:08:00,CNR6929207969,Canceled by Customer,CID961602,Prime Sedan,MG Road,Banashankari,,,Driver is not moving towards pickup location,Not Applicable,Not Applicable,Not Applicable,296,Not Applicable,0,,
2024-07-04 02:17:00,CNR2846517135,Success,CID837460,Prime SUV,Shantinagar,Whitefield,189.0,55.0,Not Applicable,Not Applicable,No,Not Applicable,886,Cash,43,4.3,3.8
2024-07-11 17:24:00,CNR3936394621,Success,CID822190,Prime Plus,Tumkur Road,Marathahalli,126.0,60.0,Not Applicable,Not Applicable,No,Not Applicable,114,UPI,43,3.0,4.9
2024-07-24 09:00:00,CNR7973640956,Canceled by Driver,CID848141,Auto,Hennur,Koramangala,,,Not Applicable,Customer related issue,Not Applicable,Not Applicable,126,Not Applicable,0,,
2024-07-25 21:50:00,CNR6583354705,Success,CID425129,Prime Plus,Marathahalli,Hennur,119.0,120.0,Not Applicable,Not Applicable,No,Not Applicable,427,Cash,47,4.8,4.0
2024-07-04 22:39:00,CNR5048511952,Driver Not Found,CID394389,Prime Sedan,Kammanahalli,Kadugodi,,,Not Applicable,Not Applicable,Not Applicable,Not Applicable,490,Not Applicable,0,,
2024-07-06 17:19:00,CNR9143343808,Success,CID294069,eBike,JP Nagar,JP Nagar,189.0,25.0,Not Applicable,Not Applicable,No,Not Applicable,410,Cash,38,4.4,4.5
2024-07-10 05:46:00,CNR9169925830,Success,CID169002,Prime Sedan,Indiranagar,Malleshwaram,56.0,50.0,Not Applicable,Not Applicable,No,Not Applicable,454,Cash,4,4.0,3.8
2024-07-18 13:26:00,CNR5781159489,Canceled by Driver,CID622822,Prime SUV,Frazer Town,JP Nagar,,,Not Applicable,Personal & Car related issue,Not Applicable,Not Applicable,367,Not Applicable,0,,
2024-07-19 04:40:00,CNR5800248973,Success,CID387410,Prime Plus,Hennur,Banashankari,133.0,60.0,Not Applicable,Not Applicable,No,Not Applicable,235,Cash,14,3.2,4.9
2024-07-19 07:17:00,CNR1425848966,Success,CID219691,Prime Plus,Sahakar Nagar,Electronic City,84.0,125.0,Not Applicable,Not Applicable,No,Not Applicable,865,Cash,16,3.6,4.0
2024-07-09 17:18:00,CNR4544222437,Success,CID208847,eBike,RT Nagar,Banashankari,224.0,70.0,Not Applicable,Not Applicable,No,Not Applicable,115,Cash,3,3.9,4.7
2024-07-27 17:23:00,CNR9933886018,Success,CID907137,Mini,Ulsoor,Hulimavu,147.0,110.0,Not Applicable,Not Applicable,No,Not Applicable,340,Cash,2,4.6,4.5
2024-07-17 22:48:00,CNR7242054122,Success,CID928463,Prime Sedan,Cox Town,MG Road,42.0,30.0,Not Applicable,Not Applicable,No,Not Applicable,143,Cash,46,4.6,3.8
2024-07-16 21:54:00,CNR2901251208,Driver Not Found,CID657264,Prime Plus,MG Road,Indiranagar,,,Not Applicable,Not Applicable,Not Applicable,Not Applicable,165,Not Applicable,0,,
2024-07-02 13:18:00,CNR1925544823,Success,CID121094,Bike,MG Road,RT Nagar,189.0,30.0,Not Applicable,Not Applicable,No,Not Applicable,2517,UPI,38,3.9,3.1
2024-07-20 15:03:00,CNR1418346960,Success,CID166016,Mini,Mysore Road,Yelahanka,259.0,105.0,Not Applicable,Not Applicable,No,Not Applicable,419,UPI,1,3.6,4.7
2024-07-17 01:43:00,CNR7244083183,Success,CID670697,Prime Plus,Shantinagar,Shivajinagar,56.0,100.0,Not Applicable,Not Applicable,No,Not Applicable,437,UPI,5,3.5,4.6
2024-07-24 05:11:00,CNR3520267245,Success,CID299770,Prime Plus,Banashankari,Rajajinagar,280.0,135.0,Not Applicable,Not Applicable,No,Not Applicable,193,UPI,46,4.8,4.1
2024-07-21 22:38:00,CNR4820654823,Success,CID169396,Mini,Whitefield,Jayanagar,182.0,80.0,Not Applicable,Not Applicable,No,Not Applicable,311,UPI,23,4.6,3.7
2024-07-06 06:48:00,CNR4123206035,Canceled by Driver,CID817719,Prime Sedan,Basavanagudi,Mysore Road,,,Not Applicable,Customer related issue,Not Applicable,Not Applicable,147,Not Applicable,0,,
2024-07-11 23:13:00,CNR9123373202,Driver Not Found,CID271282,Auto,Jayanagar,Mysore Road,,,Not Applicable,Not Applicable,Not Applicable,Not Applicable,404,Not Applicable,0,,
2024-07-08 04:24:00,CNR7214524266,Success,CID785318,Mini,Nagarbhavi,Mysore Road,252.0,135.0,Not Applicable,Not Applicable,No,Not Applicable,468,UPI,16,4.2,4.9
2024-07-23 21:35:00,CNR4288672408,Success,CID204906,Prime Sedan,Cox Town,Hulimavu,273.0,60.0,Not Applicable,Not Applicable,No,Not Applicable,454,Cash,12,4.8,4.4
2024-07-07 22:26:00,CNR7527472171,Canceled by Driver,CID152101,Prime Plus,Yeshwanthpur,Padmanabhanagar,,,Not Applicable,Customer related issue,Not Applicable,Not Applicable,187,Not Applicable,0,,
2024-07-19 14:28:00,CNR3843569694,Success,CID215971,Mini,Devanahalli,Hosur Road,42.0,145.0,Not Applicable,Not Applicable,No,Not Applicable,352,Cash,8,3.9,3.7
2024-07-12 15:05:00,CNR8444628085,Success,CID992514,Prime Plus,RT Nagar,Shivajinagar,168.0,45.0,Not Applicable,Not Applicable,No,Not Applicable,326,Cash,32,4.3,3.4
2024-07-22 17:40:00,CNR1260660409,Canceled by Driver,CID858103,eBike,Kammanahalli,Basavanagudi,,,Not Applicable,More than permitted people in there,Not Applicable,Not Applicable,252,Not Applicable,0,,
2024-07-02 19:35:00,CNR7432852246,Success,CID946737,Auto,Sahakar Nagar,Varthur,266.0,65.0,Not Applicable,Not Applicable,No,Not Applicable,119,UPI,6,5.0,4.5
2024-07-23 21:58:00,CNR5943211035,Success,CID281458,Prime Sedan,Shantinagar,Hosur Road,133.0,45.0,Not Applicable,Not Applicable,No,Not Applicable,259,Cash,13,3.9,3.8
2024-07-21 17:30:00,CNR9752817975,Canceled by Driver,CID865122,Auto,Magadi Road,Mysore Road,,,Not Applicable,Personal & Car related issue,Not Applicable,Not Applicable,216,Not Applicable,0,,
2024-07-16 02:19:00,CNR1435532862,Driver Not Found,CID140534,Auto,Vijayanagar,Yelahanka,,,Not Applicable,Not Applicable,Not Applicable,Not Applicable,1974,Not Applicable,0,,
2024-07-18 01:40:00,CNR9415535309,Success,CID373809,Prime SUV,Banashankari,Banashankari,175.0,50.0,Not Applicable,Not Applicable,No,Not Applicable,570,Cash,15,4.9,5.0
2024-07-26 00:11:00,CNR9384138724,Success,CID845014,Auto,Shivajinagar,Rajarajeshwari Nagar,203.0,115.0,Not Applicable,Not Applicable,No,Not Applicable,885,Credit Card,6,4.5,4.3
2024-07-23 20:36:00,CNR8353102640,Success,CID507330,Prime Sedan,Magadi Road,Marathahalli,77.0,100.0,Not Applicable,Not Applicable,No,Not Applicable,199,Cash,38,4.9,4.7
2024-07-09 14:12:00,CNR8680303894,Canceled by Driver,CID144467,eBike,Hosur Road,Hosur Road,,,Not Applicable,Customer was coughing/sick,Not Applicable,Not Applicable,770,Not Applicable,0,,
2024-07-05 02:14:00,CNR1989469924,Success,CID373359,Bike,Tumkur Road,Sahakar Nagar,133.0,145.0,Not Applicable,Not Applicable,No,Not Applicable,254,Cash,44,4.2,3.7
2024-07-16 12:19:00,CNR7986975446,Canceled by Customer,CID330604,Bike,Mysore Road,Devanahalli,,,Driver asked to cancel,Not Applicable,Not Applicable,Not Applicable,381,Not Applicable,0,,
2024-07-13 10:44:00,CNR8611180433,Success,CID620871,Auto,Chamarajpet,Frazer Town,231.0,130.0,Not Applicable,Not Applicable,No,Not Applicable,873,Cash,3,3.6,4.1
2024-07-30 08:24:00,CNR6430733866,Success,CID958984,Prime Sedan,Basavanagudi,Bannerghatta Road,294.0,135.0,Not Applicable,Not Applicable,No,Not Applicable,368,Cash,32,3.5,5.0
2024-07-19 18:11:00,CNR4530439859,Canceled by Driver,CID663610,Prime Plus,Malleshwaram,Hennur,,,Not Applicable,Personal & Car related issue,Not Applicable,Not Applicable,136,Not Applicable,0,,
2024-07-08 23:54:00,CNR3276098095,Driver Not Found,CID864999,eBike,Richmond Town,Ramamurthy Nagar,,,Not Applicable,Not Applicable,Not Applicable,Not Applicable,414,Not Applicable,0,,
2024-07-27 16:21:00,CNR8250139586,Success,CID722559,eBike,Sarjapur Road,Rajarajeshwari Nagar,182.0,85.0,Not Applicable,Not Applicable,No,Not Applicable,344,UPI,29,3.4,4.2
2024-07-06 06:59:00,CNR2165763845,Canceled by Driver,CID833392,Prime SUV,Devanahalli,Frazer Town,,,Not Applicable,Personal & Car related issue,Not Applicable,Not Applicable,1701,Not Applicable,0,,
2024-07-14 15:08:00,CNR9566453505,Success,CID154751,Prime Sedan,Electronic City,Basavanagudi,70.0,100.0,Not Applicable,Not Applicable,Yes,Other Issue,412,UPI,22,3.1,4.8
2024-07-15 01:29:00,CNR3365607506,Canceled by Driver,CID571827,Mini,Hennur,Varthur,,,Not Applicable,Customer was coughing/sick,Not Applicable,Not Applicable,373,Not Applicable,0,,
2024-07-27 22:33:00,CNR1691159837,Success,CID682251,eBike,Hulimavu,JP Nagar,252.0,135.0,Not Applicable,Not Applicable,No,Not Applicable,341,UPI,11,3.2,3.6
2024-07-21 18:36:00,CNR4958641379,Canceled by Driver,CID202907,Auto,Frazer Town,Richmond Town,,,Not Applicable,Customer was coughing/sick,Not Applicable,Not Applicable,292,Not Applicable,0,,
2024-07-30 11:09:00,CNR1457950515,Success,CID925243,Auto,Indiranagar,Rajarajeshwari Nagar,49.0,40.0,Not Applicable,Not Applicable,No,Not Applicable,170,Cash,11,4.2,4.4
2024-07-12 16:45:00,CNR7155698516,Success,CID909207,eBike,BTM Layout,Jayanagar,294.0,30.0,Not Applicable,Not Applicable,No,Not Applicable,436,UPI,30,4.0,4.3
2024-07-30 15:59:00,CNR7715576157,Canceled by Driver,CID295203,Bike,RT Nagar,Majestic,,,Not Applicable,Customer was coughing/sick,Not Applicable,Not Applicable,244,Not Applicable,0,,
2024-07-27 11:47:00,CNR3960223115,Success,CID541820,Prime SUV,Sarjapur Road,Mysore Road,105.0,30.0,Not Applicable,Not Applicable,No,Not Applicable,228,Cash,32,3.9,4.4
2024-07-07 20:16:00,CNR2901662408,Success,CID361139,Prime Plus,HSR Layout,BTM Layout,91.0,50.0,Not Applicable,Not Applicable,No,Not Applicable,436,UPI,42,3.1,4.2
2024-07-30 06:14:00,CNR5599575129,Canceled by Driver,CID917015,Prime Plus,Cox Town,Devanahalli,,,Not Applicable,Customer related issue,Not Applicable,Not Applicable,586,Not Applicable,0,,
2024-07-12 17:33:00,CNR2861180452,Driver Not Found,CID107153,Prime Sedan,Electronic City,Cox Town,,,Not Applicable,Not Applicable,Not Applicable,Not Applicable,273,Not Applicable,0,,
2024-07-09 09:27:00,CNR1707592602,Canceled by Driver,CID311688,Prime Plus,Kengeri,Sahakar Nagar,,,Not Applicable,Customer related issue,Not Applicable,Not Applicable,249,Not Applicable,0,,
2024-07-11 06:55:00,CNR7904128301,Canceled by Driver,CID296266,Bike,Peenya,KR Puram,,,Not Applicable,Customer was coughing/sick,Not Applicable,Not Applicable,148,Not Applicable,0,,
2024-07-30 10:12:00,CNR6231707502,Canceled by Customer,CID645150,Prime SUV,Hebbal,Kammanahalli,,,Driver asked to cancel,Not Applicable,Not Applicable,Not Applicable,307,Not Applicable,0,,
2024-07-18 10:38:00,CNR4416468185,Canceled by Customer,CID588543,Prime SUV,Yeshwanthpur,Hosur Road,,,Driver asked to cancel,Not Applicable,Not Applicable,Not Applicable,2188,Not Applicable,0,,
2024-07-06 10:52:00,CNR6497258018,Canceled by Driver,CID903336,Prime Plus,Kengeri,Cox Town,,,Not Applicable,Customer related issue,Not Applicable,Not Applicable,874,Not Applicable,0,,
2024-07-01 09:37:00,CNR1588453269,Success,CID359369,Prime Plus,Indiranagar,Richmond Town,294.0,80.0,Not Applicable,Not Applicable,No,Not Applicable,258,Cash,13,4.4,4.9
2024-07-29 03:37:00,CNR4307490169,Canceled by Customer,CID269707,Prime Plus,Rajarajeshwari Nagar,Hulimavu,,,AC is Not working,Not Applicable,Not Applicable,Not Applicable,2833,Not Applicable,0,,
2024-07-25 23:48:00,CNR7834308080,Canceled by Customer,CID452723,eBike,Richmond Town,Yeshwanthpur,,,Driver asked to cancel,Not Applicable,Not Applicable,Not Applicable,245,Not Applicable,0,,
2024-07-02 06:37:00,CNR7432451311,Success,CID652502,Auto,Padmanabhanagar,Ulsoor,70.0,60.0,Not Applicable,Not Applicable,No,Not Applicable,119,Cash,3,4.9,3.7
2024-07-27 12:56:00,CNR7105906314,Success,CID310641,Auto,Richmond Town,Nagarbhavi,56.0,35.0,Not Applicable,Not Applicable,No,Not Applicable,633,Credit Card,4,3.2,3.5
2024-07-23 11:29:00,CNR5164619961,Canceled by Driver,CID471790,Bike,Rajajinagar,Rajajinagar,,,Not Applicable,Personal & Car related issue,Not Applicable,Not Applicable,358,Not Applicable,0,,
2024-07-04 17:48:00,CNR5527950575,Driver Not Found,CID222639,Prime Sedan,JP Nagar,Langford Town,,,Not Applicable,Not Applicable,Not Applicable,Not Applicable,252,Not Applicable,0,,
2024-07-18 13:41:00,CNR3590186777,Canceled by Driver,CID630776,eBike,Hennur,HSR Layout,,,Not Applicable,Personal & Car related issue,Not Applicable,Not Applicable,471,Not Applicable,0,,
2024-07-28 11:07:00,CNR5647734262,Canceled by Driver,CID336797,Bike,JP Nagar,Yelahanka,,,Not Applicable,Personal & Car related issue,Not Applicable,Not Applicable,1317,Not Applicable,0,,
2024-07-11 14:04:00,CNR9940361562,Success,CID514879,Bike,Chickpet,Chickpet,224.0,35.0,Not Applicable,Not Applicable,No,Not Applicable,433,Cash,19,3.8,3.3
2024-07-21 13:28:00,CNR8472222184,Success,CID112528,Prime Plus,Kengeri,Peenya,196.0,45.0,Not Applicable,Not Applicable,No,Not Applicable,482,Cash,43,4.3,3.9
2024-07-29 08:12:00,CNR4352050526,Canceled by Customer,CID600830,Prime Sedan,BTM Layout,Marathahalli,,,Driver asked to cancel,Not Applicable,Not Applicable,Not Applicable,1941,Not Applicable,0,,
2024-07-12 22:26:00,CNR9698145261,Success,CID434213,Prime Sedan,RT Nagar,Nagarbhavi,140.0,30.0,Not Applicable,Not Applicable,No,Not Applicable,158,UPI,26,3.3,4.7
2024-07-15 07:25:00,CNR4217939420,Success,CID940158,Mini,Nagarbhavi,Chamarajpet,280.0,100.0,Not Applicable,Not Applicable,No,Not Applicable,513,Cash,23,4.8,4.0
2024-07-29 13:00:00,CNR1526910577,Success,CID177847,Prime Plus,Devanahalli,Hosur Road,203.0,95.0,Not Applicable,Not Applicable,No,Not Applicable,169,Cash,48,4.7,3.5
2024-07-24 08:21:00,CNR8631239275,Success,CID512787,Prime Plus,Peenya,Bellandur,287.0,145.0,Not Applicable,Not Applicable,No,Not Applicable,369,Credit Card,40,4.7,4.2
2024-07-06 20:40:00,CNR6345026279,Driver Not Found,CID354881,Prime SUV,Varthur,HSR Layout,,,Not Applicable,Not Applicable,Not Applicable,Not Applicable,892,Not Applicable,0,,
2024-07-21 02:16:00,CNR5778422136,Success,CID545523,eBike,Mysore Road,MG Road,217.0,80.0,Not Applicable,Not Applicable,No,Not Applicable,354,Cash,4,4.3,4.1
2024-07-14 23:31:00,CNR8621251688,Success,CID435250,Mini,Bannerghatta Road,Kammanahalli,133.0,145.0,Not Applicable,Not Applicable,No,Not Applicable,553,Cash,20,3.1,4.3
2024-07-12 14:35:00,CNR5750476434,Driver Not Found,CID565546,Mini,Cox Town,Shantinagar,,,Not Applicable,Not Applicable,Not Applicable,Not Applicable,182,Not Applicable,0,,
2024-07-29 11:37:00,CNR5767469485,Success,CID971484,Prime Sedan,Sahakar Nagar,Chamarajpet,238.0,70.0,Not Applicable,Not Applicable,No,Not Applicable,489,Credit Card,36,4.6,4.5
2024-07-27 16:27:00,CNR6020063509,Success,CID222437,Bike,Padmanabhanagar,RT Nagar,126.0,125.0,Not Applicable,Not Applicable,No,Not Applicable,349,UPI,41,5.0,4.2
2024-07-23 09:00:00,CNR4324078932,Canceled by Driver,CID335230,eBike,JP Nagar,Nagarbhavi,,,Not Applicable,Personal & Car related issue,Not Applicable,Not Applicable,223,Not Applicable,0,,
2024-07-27 23:47:00,CNR6698157443,Canceled by Customer,CID470129,Prime SUV,Richmond Town,Padmanabhanagar,,,Driver asked to cancel,Not Applicable,Not Applicable,Not Applicable,293,Not Applicable,0,,
2024-07-29 20:17:00,CNR5622182557,Success,CID223229,Prime Plus,Varthur,Kadugodi,203.0,145.0,Not Applicable,Not Applicable,No,Not Applicable,219,UPI,18,4.5,3.0
2024-07-14 20:15:00,CNR4562268095,Success,CID506629,Bike,Hulimavu,Banashankari,217.0,60.0,Not Applicable,Not Applicable,No,Not Applicable,188,Cash,24,4.4,4.2
2024-07-22 14:42:00,CNR1752609766,Success,CID223048,Mini,Chickpet,Mysore Road,308.0,85.0,Not Applicable,Not Applicable,No,Not Applicable,1355,Cash,28,3.9,4.9
2024-07-17 01:44:00,CNR6071196235,Success,CID729308,Prime SUV,Chickpet,Chickpet,273.0,25.0,Not Applicable,Not Applicable,No,Not Applicable,121,Cash,24,3.2,4.3
2024-07-27 16:42:00,CNR8849473903,Canceled by Driver,CID466878,Prime Sedan,Shantinagar,Hebbal,,,Not Applicable,Personal & Car related issue,Not Applicable,Not Applicable,550,Not Applicable,0,,
2024-07-18 12:41:00,CNR2379270931,Driver Not Found,CID446303,Auto,KR Puram,Peenya,,,Not Applicable,Not Applicable,Not Applicable,Not Applicable,360,Not Applicable,0,,
2024-07-28 16:09:00,CNR7173998061,Success,CID762344,Bike,HSR Layout,Shantinagar,294.0,140.0,Not Applicable,Not Applicable,No,Not Applicable,480,Cash,48,4.9,4.7
2024-07-19 12:52:00,CNR2830686673,Success,CID709659,Bike,Varthur,Banashankari,196.0,80.0,Not Applicable,Not Applicable,No,Not Applicable,863,Cash,16,4.0,3.1
2024-07-23 23:44:00,CNR7836090567,Canceled by Customer,CID721584,Auto,Shivajinagar,JP Nagar,,,AC is Not working,Not Applicable,Not Applicable,Not Applicable,329,Not Applicable,0,,
2024-07-22 03:24:00,CNR1288519242,Success,CID531989,Bike,Bannerghatta Road,Hosur Road,308.0,145.0,Not Applicable,Not Applicable,No,Not Applicable,350,Cash,2,4.1,4.2
2024-07-30 00:50:00,CNR1611684373,Success,CID748158,Auto,Padmanabhanagar,Richmond Town,84.0,105.0,Not Applicable,Not Applicable,No,Not Applicable,300,Cash,14,3.8,4.7
2024-07-05 14:27:00,CNR2805909848,Success,CID423719,eBike,Majestic,Rajarajeshwari Nagar,266.0,110.0,Not Applicable,Not Applicable,No,Not Applicable,277,UPI,39,4.2,3.9
2024-07-25 13:08:00,CNR3124467442,Success,CID648945,Mini,Shantinagar,Majestic,105.0,45.0,Not Applicable,Not Applicable,No,Not Applicable,326,UPI,3,3.6,4.9
2024-07-24 01:59:00,CNR7326385437,Success,CID273082,Mini,HSR Layout,Whitefield,245.0,70.0,Not Applicable,Not Applicable,No,Not Applicable,347,UPI,42,4.4,3.1
2024-07-03 20:01:00,CNR2753240942,Success,CID739236,Bike,Banashankari,KR Puram,98.0,115.0,Not Applicable,Not Applicable,No,Not Applicable,249,Cash,40,3.7,3.4
2024-07-23 07:53:00,CNR3022784906,Driver Not Found,CID135708,Prime Sedan,Hulimavu,Bellandur,,,Not Applicable,Not Applicable,Not Applicable,Not Applicable,437,Not Applicable,0,,
2024-07-07 07:30:00,CNR3769477709,Success,CID162676,eBike,Richmond Town,Frazer Town,91.0,70.0,Not Applicable,Not Applicable,No,Not Applicable,258,Cash,41,3.9,3.3
2024-07-23 12:50:00,CNR6028352539,Success,CID729653,Auto,Vijayanagar,Ramamurthy Nagar,70.0,50.0,Not Applicable,Not Applicable,Yes,Customer Demand,309,UPI,3,3.4,3.9
2024-07-19 13:34:00,CNR6362572677,Canceled by Customer,CID627772,eBike,Devanahalli,Chamarajpet,,,AC is Not working,Not Applicable,Not Applicable,Not Applicable,101,Not Applicable,0,,
2024-07-20 03:42:00,CNR8284329783,Success,CID235418,Bike,Kengeri,Mysore Road,196.0,60.0,Not Applicable,Not Applicable,No,Not Applicable,258,Cash,4,3.7,3.7
2024-07-28 08:50:00,CNR5448694002,Canceled by Customer,CID361217,Mini,Hebbal,Bannerghatta Road,,,Driver asked to cancel,Not Applicable,Not Applicable,Not Applicable,214,Not Applicable,0,,
2024-07-08 07:37:00,CNR3470749204,Canceled by Driver,CID836753,Mini,Shivajinagar,Koramangala,,,Not Applicable,Customer was coughing/sick,Not Applicable,Not Applicable,344,Not Applicable,0,,
2024-07-02 17:37:00,CNR7193329754,Canceled by Customer,CID630482,Prime SUV,Bannerghatta Road,Whitefield,,,Wrong Address,Not Applicable,Not Applicable,Not Applicable,1084,Not Applicable,0,,
2024-07-15 05:16:00,CNR8065438881,Success,CID394854,Mini,MG Road,Mysore Road,161.0,105.0,Not Applicable,Not Applicable,No,Not Applicable,216,Cash,9,3.6,3.9
2024-07-09 01:25:00,CNR9803479549,Canceled by Driver,CID178444,Prime SUV,MG Road,Whitefield,,,Not Applicable,Personal & Car related issue,Not Applicable,Not Applicable,916,Not Applicable,0,,
2024-07-19 04:37:00,CNR7327639463,Success,CID115988,Auto,Varthur,Jayanagar,119.0,45.0,Not Applicable,Not Applicable,Yes,Other Issue,873,UPI,9,3.7,3.7
2024-07-06 14:47:00,CNR1886203639,Driver Not Found,CID120443,Auto,Jayanagar,Frazer Town,,,Not Applicable,Not Applicable,Not Applicable,Not Applicable,534,Not Applicable,0,,
2024-07-20 13:58:00,CNR7488920482,Canceled by Driver,CID816831,Prime Sedan,Jayanagar,Marathahalli,,,Not Applicable,Customer was coughing/sick,Not Applicable,Not Applicable,337,Not Applicable,0,,
2024-07-18 19:36:00,CNR7381829360,Canceled by Driver,CID861158,eBike,Yeshwanthpur,Bannerghatta Road,,,Not Applicable,More than permitted people in there,Not Applicable,Not Applicable,270,Not Applicable,0,,
2024-07-04 00:01:00,CNR7042069760,Success,CID792636,Mini,Langford Town,Chickpet,42.0,30.0,Not Applicable,Not Applicable,No,Not Applicable,2150,Credit Card,7,3.9,3.4
2024-07-24 18:08:00,CNR9322956386,Success,CID883366,Bike,Mysore Road,Malleshwaram,105.0,30.0,Not Applicable,Not Applicable,No,Not Applicable,197,Cash,13,4.6,3.5
2024-07-28 01:43:00,CNR8177332758,Success,CID171864,Bike,Electronic City,Frazer Town,112.0,80.0,Not Applicable,Not Applicable,No,Not Applicable,268,Debit Card,13,4.0,3.3
2024-07-30 23:28:00,CNR2695011771,Driver Not Found,CID513770,Prime Plus,Kadugodi,Richmond Town,,,Not Applicable,Not Applicable,Not Applicable,Not Applicable,447,Not Applicable,0,,
2024-07-09 09:16:00,CNR1992947872,Canceled by Customer,CID168482,Mini,Koramangala,Indiranagar,,,AC is Not working,Not Applicable,Not Applicable,Not Applicable,250,Not Applicable,0,,
2024-07-18 07:28:00,CNR3844938062,Success,CID333601,Prime Plus,Whitefield,Hennur,140.0,70.0,Not Applicable,Not Applicable,No,Not Applicable,218,Credit Card,20,3.1,3.3
2024-07-22 01:01:00,CNR5504898239,Canceled by Driver,CID762933,Prime SUV,JP Nagar,Magadi Road,,,Not Applicable,More than permitted people in there,Not Applicable,Not Applicable,201,Not Applicable,0,,
2024-07-07 18:38:00,CNR8924105277,Success,CID896704,eBike,Basavanagudi,Majestic,259.0,55.0,Not Applicable,Not Applicable,No,Not Applicable,280,Cash,31,3.4,3.4
2024-07-01 05:40:00,CNR7298418515,Canceled by Driver,CID150080,Prime Sedan,Rajarajeshwari Nagar,Basavanagudi,,,Not Applicable,Personal & Car related issue,Not Applicable,Not Applicable,256,Not Applicable,0,,
2024-07-20 21:37:00,CNR8989224279,Canceled by Driver,CID830928,Bike,HSR Layout,Shivajinagar,,,Not Applicable,Personal & Car related issue,Not Applicable,Not Applicable,2561,Not Applicable,0,,
2024-07-11 10:36:00,CNR6749462201,Success,CID417160,Auto,Marathahalli,Whitefield,112.0,135.0,Not Applicable,Not Applicable,Yes,Vehicle Breakdown,482,Cash,12,3.4,4.2
2024-07-16 13:10:00,CNR9863395362,Success,CID724099,Bike,Frazer Town,Bellandur,308.0,100.0,Not Applicable,Not Applicable,No,Not Applicable,195,Cash,30,4.5,3.1
2024-07-30 16:52:00,CNR6780820658,Success,CID692567,Prime Plus,Sarjapur Road,Basavanagudi,273.0,55.0,Not Applicable,Not Applicable,No,Not Applicable,263,Cash,3,3.7,3.8
2024-07-30 07:15:00,CNR4350843759,Success,CID718593,Prime Plus,Electronic City,Ulsoor,154.0,25.0,Not Applicable,Not Applicable,No,Not Applicable,351,Cash,11,4.9,4.5
2024-07-25 23:34:00,CNR1811833611,Success,CID129588,Mini,Devanahalli,Mysore Road,280.0,75.0,Not Applicable,Not Applicable,No,Not Applicable,221,Cash,48,4.2,3.8
2024-07-15 10:55:00,CNR2200868759,Canceled by Customer,CID262369,Prime SUV,MG Road,Vijayanagar,,,Driver asked to cancel,Not Applicable,Not Applicable,Not Applicable,2635,Not Applicable,0,,
2024-07-06 12:14:00,CNR8069480198,Success,CID338054,Prime Sedan,RT Nagar,Nagarbhavi,105.0,40.0,Not Applicable,Not Applicable,No,Not Applicable,1072,UPI,21,4.0,4.9
2024-07-13 09:12:00,CNR1741323188,Success,CID368853,Prime Sedan,Mysore Road,Kadugodi,196.0,85.0,Not Applicable,Not Applicable,No,Not Applicable,472,Cash,16,4.6,4.4
2024-07-29 10:39:00,CNR8173596362,Success,CID109477,eBike,Vijayanagar,Hulimavu,189.0,55.0,Not Applicable,Not Applicable,No,Not Applicable,397,UPI,23,3.0,4.2
2024-07-12 06:54:00,CNR8111372868,Canceled by Customer,CID673632,Prime Plus,Devanahalli,Kengeri,,,Wrong Address,Not Applicable,Not Applicable,Not Applicable,561,Not Applicable,0,,
2024-07-05 16:58:00,CNR6769600398,Canceled by Driver,CID787589,Prime Plus,Chickpet,Ramamurthy Nagar,,,Not Applicable,More than permitted people in there,Not Applicable,Not Applicable,640,Not Applicable,0,,
2024-07-18 09:10:00,CNR9980942886,Driver Not Found,CID411578,Auto,Rajarajeshwari Nagar,Hosur Road,,,Not Applicable,Not Applicable,Not Applicable,Not Applicable,145,Not Applicable,0,,
2024-07-13 18:34:00,CNR7971827216,Success,CID722025,eBike,Electronic City,Kengeri,217.0,60.0,Not Applicable,Not Applicable,No,Not Applicable,267,UPI,13,4.9,4.4
2024-07-30 06:46:00,CNR4863253764,Success,CID698574,Mini,Tumkur Road,Kammanahalli,189.0,65.0,Not Applicable,Not Applicable,No,Not Applicable,707,UPI,44,3.3,3.2
2024-07-05 06:16:00,CNR1838016853,Success,CID820721,Auto,Chamarajpet,HSR Layout,287.0,40.0,Not Applicable,Not Applicable,No,Not Applicable,978,Cash,5,3.3,4.0
2024-07-30 05:49:00,CNR6606472998,Success,CID741675,Prime Plus,Hosur Road,JP Nagar,35.0,85.0,Not Applicable,Not Applicable,No,Not Applicable,449,Cash,38,4.7,3.8
2024-07-06 01:04:00,CNR5698527702,Success,CID655943,Prime Plus,Sahakar Nagar,Koramangala,119.0,135.0,Not Applicable,Not Applicable,No,Not Applicable,172,Cash,5,4.6,4.6
2024-07-21 17:02:00,CNR8018490146,Success,CID721666,Prime Sedan,Cox Town,Koramangala,63.0,110.0,Not Applicable,Not Applicable,No,Not Applicable,399,UPI,46,4.2,3.3
2024-07-24 03:36:00,CNR1135460418,Success,CID389378,Prime SUV,Peenya,Kammanahalli,140.0,70.0,Not Applicable,Not Applicable,No,Not Applicable,2903,Cash,3,3.7,3.2
2024-07-12 05:43:00,CNR2023138763,Canceled by Customer,CID799954,Prime Sedan,Banashankari,Chickpet,,,Driver asked to cancel,Not Applicable,Not Applicable,Not Applicable,114,Not Applicable,0,,
2024-07-04 13:50:00,CNR1121902652,Success,CID687417,eBike,Nagarbhavi,Langford Town,35.0,145.0,Not Applicable,Not Applicable,No,Not Applicable,562,Cash,8,4.2,3.2
2024-07-04 06:17:00,CNR7495820515,Success,CID835781,Prime Plus,Bellandur,Shantinagar,84.0,80.0,Not Applicable,Not Applicable,No,Not Applicable,461,Credit Card,37,3.4,3.5
2024-07-25 21:00:00,CNR3775069598,Canceled by Driver,CID595807,Bike,Sarjapur Road,Whitefield,,,Not Applicable,More than permitted people in there,Not Applicable,Not Applicable,1735,Not Applicable,0,,
2024-07-17 05:36:00,CNR3421090680,Canceled by Driver,CID877403,Auto,BTM Layout,Yelahanka,,,Not Applicable,Customer was coughing/sick,Not Applicable,Not Applicable,105,Not Applicable,0,,
2024-07-03 21:38:00,CNR1977529584,Driver Not Found,CID460273,Prime SUV,Frazer Town,Sarjapur Road,,,Not Applicable,Not Applicable,Not Applicable,Not Applicable,136,Not Applicable,0,,
2024-07-21 05:29:00,CNR1849182165,Driver Not Found,CID155046,Auto,Sahakar Nagar,RT Nagar,,,Not Applicable,Not Applicable,Not Applicable,Not Applicable,290,Not Applicable,0,,
2024-07-23 10:06:00,CNR7442960953,Canceled by Driver,CID972231,Prime Sedan,Marathahalli,Hosur Road,,,Not Applicable,Personal & Car related issue,Not Applicable,Not Applicable,391,Not Applicable,0,,
2024-07-25 13:51:00,CNR9386314692,Success,CID227687,Bike,Cox Town,Malleshwaram,175.0,135.0,Not Applicable,Not Applicable,No,Not Applicable,100,UPI,16,3.6,3.7
2024-07-26 00:15:00,CNR9638776659,Success,CID379067,Auto,Yelahanka,Kadugodi,161.0,140.0,Not Applicable,Not Applicable,No,Not Applicable,817,Cash,14,4.8,4.9
2024-07-02 00:18:00,CNR4766047851,Success,CID379778,Auto,RT Nagar,Padmanabhanagar,63.0,35.0,Not Applicable,Not Applicable,No,Not Applicable,2120,Cash,19,3.5,4.9
2024-07-21 17:04:00,CNR5784788286,Canceled by Driver,CID163582,Prime Plus,Electronic City,Majestic,,,Not Applicable,More than permitted people in there,Not Applicable,Not Applicable,290,Not Applicable,0,,
2024-07-21 22:12:00,CNR5676870100,Canceled by Driver,CID209851,eBike,Chamarajpet,Sarjapur Road,,,Not Applicable,Customer was coughing/sick,Not Applicable,Not Applicable,151,Not Applicable,0,,
2024-07-30 20:59:00,CNR7259145561,Canceled by Driver,CID865036,Mini,JP Nagar,Jayanagar,,,Not Applicable,Customer related issue,Not Applicable,Not Applicable,418,Not Applicable,0,,
2024-07-17 17:24:00,CNR1394734691,Canceled by Customer,CID567265,Auto,Hebbal,Richmond Town,,,Driver is not moving towards pickup location,Not Applicable,Not Applicable,Not Applicable,1326,Not Applicable,0,,
2024-07-11 23:16:00,CNR5231736279,Canceled by Customer,CID701140,eBike,Bannerghatta Road,Langford Town,,,AC is Not working,Not Applicable,Not Applicable,Not Applicable,214,Not Applicable,0,,
2024-07-01 02:09:00,CNR7756549621,Canceled by Customer,CID966565,Prime SUV,Yelahanka,Devanahalli,,,Driver asked to cancel,Not Applicable,Not Applicable,Not Applicable,755,Not Applicable,0,,
2024-07-19 18:32:00,CNR3768027981,Driver Not Found,CID771696,Prime Sedan,Malleshwaram,Chickpet,,,Not Applicable,Not Applicable,Not Applicable,Not Applicable,604,Not Applicable,0,,
2024-07-20 06:10:00,CNR4803255490,Success,CID275933,Prime Sedan,Peenya,Koramangala,161.0,110.0,Not Applicable,Not Applicable,No,Not Applicable,207,UPI,21,3.8,3.5
2024-07-05 23:39:00,CNR7729264627,Success,CID587064,Mini,JP Nagar,Chamarajpet,70.0,140.0,Not Applicable,Not Applicable,No,Not Applicable,475,Cash,35,4.3,3.1
2024-07-08 14:14:00,CNR2111305085,Canceled by Driver,CID983838,Prime Sedan,Sarjapur Road,Jayanagar,,,Not Applicable,Customer was coughing/sick,Not Applicable,Not Applicable,393,Not Applicable,0,,
2024-07-24 13:35:00,CNR9315866420,Canceled by Driver,CID477892,Prime Sedan,Yelahanka,JP Nagar,,,Not Applicable,Personal & Car related issue,Not Applicable,Not Applicable,170,Not Applicable,0,,
2024-07-28 12:39:00,CNR6202472454,Success,CID264480,Prime Sedan,Ramamurthy Nagar,Shantinagar,63.0,95.0,Not Applicable,Not Applicable,No,Not Applicable,409,Cash,3,3.9,3.3
2024-07-24 06:55:00,CNR8726818354,Success,CID964487,Prime Plus,Kadugodi,Bellandur,77.0,35.0,Not Applicable,Not Applicable,No,Not Applicable,1496,Cash,46,4.9,3.8
2024-07-09 21:29:00,CNR6405477011,Canceled by Driver,CID942519,Prime SUV,Whitefield,Hulimavu,,,Not Applicable,Personal & Car related issue,Not Applicable,Not Applicable,2749,Not Applicable,0,,
2024-07-10 22:42:00,CNR2675914918,Canceled by Customer,CID289795,Prime SUV,Whitefield,KR Puram,,,Driver is not moving towards pickup location,Not Applicable,Not Applicable,Not Applicable,343,Not Applicable,0,,
2024-07-29 06:10:00,CNR1634304346,Canceled by Customer,CID853810,Mini,Majestic,Electronic City,,,Driver asked to cancel,Not Applicable,Not Applicable,Not Applicable,273,Not Applicable,0,,
2024-07-16 01:06:00,CNR2607169495,Success,CID296473,Mini,Kadugodi,Sahakar Nagar,49.0,60.0,Not Applicable,Not Applicable,No,Not Applicable,529,Debit Card,23,3.6,3.8
2024-07-16 16:54:00,CNR8427422222,Canceled by Driver,CID532998,Bike,Sahakar Nagar,Marathahalli,,,Not Applicable,Customer was coughing/sick,Not Applicable,Not Applicable,196,Not Applicable,0,,
2024-07-13 16:59:00,CNR4001227045,Success,CID580640,Prime Plus,Peenya,Hosur Road,245.0,70.0,Not Applicable,Not Applicable,No,Not Applicable,858,UPI,49,4.2,3.9
2024-07-19 10:11:00,CNR2028232161,Success,CID164713,Prime SUV,Indiranagar,BTM Layout,126.0,70.0,Not Applicable,Not Applicable,No,Not Applicable,383,UPI,48,4.0,4.7
2024-07-04 08:32:00,CNR9431365741,Success,CID795851,eBike,Padmanabhanagar,RT Nagar,161.0,80.0,Not Applicable,Not Applicable,No,Not Applicable,154,Cash,3,3.6,4.1
2024-07-14 07:25:00,CNR3906603662,Driver Not Found,CID487186,Prime Plus,Electronic City,Nagarbhavi,,,Not Applicable,Not Applicable,Not Applicable,Not Applicable,1722,Not Applicable,0,,
2024-07-19 17:54:00,CNR1214217787,Success,CID417698,Auto,Cox Town,RT Nagar,308.0,80.0,Not Applicable,Not Applicable,No,Not Applicable,1140,Cash,5,4.9,4.7
2024-07-18 13:03:00,CNR6987968826,Canceled by Driver,CID196049,Prime Plus,Nagarbhavi,Richmond Town,,,Not Applicable,More than permitted people in there,Not Applicable,Not Applicable,125,Not Applicable,0,,
2024-07-21 11:10:00,CNR3295220359,Driver Not Found,CID262151,Bike,Yelahanka,Sahakar Nagar,,,Not Applicable,Not Applicable,Not Applicable,Not Applicable,112,Not Applicable,0,,
2024-07-26 14:52:00,CNR3989601556,Success,CID356009,Prime Sedan,Ramamurthy Nagar,Shivajinagar,196.0,40.0,Not Applicable,Not Applicable,No,Not Applicable,945,Cash,49,3.7,3.6
2024-07-09 04:54:00,CNR8296514537,Canceled by Driver,CID916776,Prime Plus,Hennur,Chickpet,,,Not Applicable,Personal & Car related issue,Not Applicable,Not Applicable,288,Not Applicable,0,,
2024-07-08 07:12:00,CNR2832830697,Success,CID947115,Bike,Richmond Town,Electronic City,273.0,40.0,Not Applicable,Not Applicable,No,Not Applicable,2669,UPI,20,3.2,3.7
2024-07-10 15:19:00,CNR5809860234,Success,CID492546,eBike,Sahakar Nagar,Rajajinagar,301.0,75.0,Not Applicable,Not Applicable,No,Not Applicable,1332,Cash,30,4.0,3.7
2024-07-30 14:06:00,CNR6104394633,Success,CID289580,eBike,Whitefield,Electronic City,203.0,85.0,Not Applicable,Not Applicable,No,Not Applicable,425,Cash,19,3.8,4.4
2024-07-17 08:12:00,CNR2918809905,Success,CID840483,Prime Sedan,Kammanahalli,Rajarajeshwari Nagar,245.0,70.0,Not Applicable,Not Applicable,No,Not Applicable,134,Cash,43,3.9,3.9
2024-07-08 23:47:00,CNR1664506992,Success,CID419981,Auto,Rajajinagar,Yeshwanthpur,126.0,65.0,Not Applicable,Not Applicable,No,Not Applicable,358,UPI,18,3.9,4.0
2024-07-28 03:37:00,CNR6219785308,Success,CID456915,Prime Plus,Bellandur,Sarjapur Road,224.0,100.0,Not Applicable,Not Applicable,No,Not Applicable,186,Debit Card,30,3.7,4.1
2024-07-08 00:53:00,CNR9842034539,Success,CID692410,eBike,Mysore Road,Richmond Town,105.0,140.0,Not Applicable,Not Applicable,No,Not Applicable,272,UPI,39,3.2,3.6
2024-07-20 11:57:00,CNR3283214261,Success,CID410199,Auto,Malleshwaram,Majestic,147.0,125.0,Not Applicable,Not Applicable,No,Not Applicable,340,UPI,4,4.8,5.0
2024-07-26 16:18:00,CNR1208405054,Success,CID492570,Prime Plus,Sahakar Nagar,Chickpet,161.0,45.0,Not Applicable,Not Applicable,No,Not Applicable,370,Cash,27,3.4,4.3
2024-07-10 12:42:00,CNR2191373107,Success,CID434470,Prime Sedan,Koramangala,Marathahalli,49.0,125.0,Not Applicable,Not Applicable,Yes,Customer Demand,2631,Cash,32,4.3,4.1
2024-07-05 23:58:00,CNR7150843235,Driver Not Found,CID393461,Prime SUV,Shivajinagar,RT Nagar,,,Not Applicable,Not Applicable,Not Applicable,Not Applicable,749,Not Applicable,0,,
2024-07-24 10:26:00,CNR7614180334,Success,CID835380,eBike,Sarjapur Road,Shantinagar,140.0,145.0,Not Applicable,Not Applicable,No,Not Applicable,436,UPI,25,3.0,3.1
2024-07-03 01:49:00,CNR9856217795,Canceled by Driver,CID256247,Mini,JP Nagar,Ramamurthy Nagar,,,Not Applicable,Customer was coughing/sick,Not Applicable,Not Applicable,820,Not Applicable,0,,
2024-07-06 03:16:00,CNR9674597091,Success,CID580272,eBike,Chamarajpet,Koramangala,266.0,35.0,Not Applicable,Not Applicable,No,Not Applicable,397,Cash,44,4.3,4.3
2024-07-11 22:06:00,CNR2617587583,Driver Not Found,CID446420,Prime Sedan,Ulsoor,RT Nagar,,,Not Applicable,Not Applicable,Not Applicable,Not Applicable,329,Not Applicable,0,,
2024-07-04 03:54:00,CNR1984604431,Success,CID335714,Mini,BTM Layout,Bannerghatta Road,70.0,85.0,Not Applicable,Not Applicable,No,Not Applicable,222,UPI,7,4.0,4.5
2024-07-03 02:03:00,CNR8830633767,Success,CID580781,Prime Sedan,Hennur,Marathahalli,35.0,115.0,Not Applicable,Not Applicable,No,Not Applicable,164,UPI,13,4.8,3.7
2024-07-15 01:01:00,CNR2398891988,Driver Not Found,CID814493,Auto,Banashankari,HSR Layout,,,Not Applicable,Not Applicable,Not Applicable,Not Applicable,762,Not Applicable,0,,
2024-07-05 14:12:00,CNR6561700133,Canceled by Driver,CID750002,Prime Plus,Shivajinagar,Yelahanka,,,Not Applicable,Personal & Car related issue,Not Applicable,Not Applicable,978,Not Applicable,0,,
2024-07-04 04:01:00,CNR7171906180,Success,CID278242,Prime SUV,Malleshwaram,Hulimavu,84.0,25.0,Not Applicable,Not Applicable,No,Not Applicable,252,Cash,37,4.4,4.2
2024-07-21 07:52:00,CNR5688326169,Canceled by Driver,CID363657,Bike,Bannerghatta Road,Hosur Road,,,Not Applicable,Customer related issue,Not Applicable,Not Applicable,351,Not Applicable,0,,
2024-07-02 20:49:00,CNR4062686690,Success,CID820748,Prime Plus,Hennur,Devanahalli,91.0,140.0,Not Applicable,Not Applicable,No,Not Applicable,1178,UPI,31,3.2,4.4
2024-07-12 17:08:00,CNR1727389917,Canceled by Driver,CID914891,Prime Sedan,Chamarajpet,Majestic,,,Not Applicable,Personal & Car related issue,Not Applicable,Not Applicable,257,Not Applicable,0,,
2024-07-29 22:35:00,CNR9864417268,Success,CID121484,Auto,Richmond Town,Hebbal,210.0,120.0,Not Applicable,Not Applicable,No,Not Applicable,305,UPI,5,3.2,3.4
2024-07-06 18:46:00,CNR7194573008,Success,CID302705,Auto,Shivajinagar,Koramangala,189.0,135.0,Not Applicable,Not Applicable,No,Not Applicable,106,Cash,10,4.9,4.2
2024-07-09 19:29:00,CNR6032062468,Success,CID624514,Mini,JP Nagar,Hosur Road,42.0,80.0,Not Applicable,Not Applicable,No,Not Applicable,368,UPI,19,3.5,4.9
2024-07-15 11:23:00,CNR7116939257,Success,CID265783,Auto,Shantinagar,Malleshwaram,182.0,60.0,Not Applicable,Not Applicable,No,Not Applicable,269,UPI,17,4.2,3.2
2024-07-19 13:38:00,CNR4043011463,Success,CID522830,Prime Sedan,Shantinagar,Shantinagar,203.0,65.0,Not Applicable,Not Applicable,No,Not Applicable,211,Credit Card,37,4.8,4.8
2024-07-19 10:12:00,CNR7433815047,Success,CID616709,eBike,Shivajinagar,Vijayanagar,91.0,115.0,Not Applicable,Not Applicable,No,Not Applicable,118,UPI,35,4.1,4.4
2024-07-27 09:10:00,CNR8392968797,Canceled by Customer,CID934299,Bike,Sahakar Nagar,Nagarbhavi,,,Change of plans,Not Applicable,Not Applicable,Not Applicable,153,Not Applicable,0,,
2024-07-21 07:44:00,CNR7337142681,Success,CID531677,eBike,Vijayanagar,JP Nagar,119.0,80.0,Not Applicable,Not Applicable,No,Not Applicable,374,Cash,33,3.7,4.6
2024-07-02 22:57:00,CNR6276075048,Success,CID202958,Auto,Shantinagar,Chickpet,154.0,90.0,Not Applicable,Not Applicable,No,Not Applicable,165,Cash,7,3.2,3.9
2024-07-06 02:33:00,CNR3374068283,Success,CID461250,Prime Plus,Padmanabhanagar,Rajarajeshwari Nagar,273.0,90.0,Not Applicable,Not Applicable,No,Not Applicable,128,Cash,21,3.9,4.8
2024-07-16 08:26:00,CNR7865690704,Success,CID935730,Mini,Sarjapur Road,Hulimavu,273.0,100.0,Not Applicable,Not Applicable,No,Not Applicable,402,Cash,18,3.9,4.0
2024-07-24 22:33:00,CNR2638126033,Success,CID867208,Auto,RT Nagar,KR Puram,168.0,25.0,Not Applicable,Not Applicable,No,Not Applicable,668,UPI,9,3.7,3.4
2024-07-05 16:48:00,CNR6725928223,Success,CID330473,Prime Sedan,Peenya,Sarjapur Road,126.0,115.0,Not Applicable,Not Applicable,No,Not Applicable,285,Cash,31,4.3,4.5
2024-07-13 02:08:00,CNR2003089084,Success,CID476876,Mini,Rajarajeshwari Nagar,Whitefield,231.0,40.0,Not Applicable,Not Applicable,Yes,Customer Demand,290,Cash,36,4.4,4.9
2024-07-10 15:39:00,CNR8849548354,Success,CID645644,Prime Sedan,Padmanabhanagar,Tumkur Road,259.0,140.0,Not Applicable,Not Applicable,No,Not Applicable,1277,Cash,32,4.2,5.0
2024-07-25 16:27:00,CNR7028778904,Success,CID606413,eBike,Kengeri,Koramangala,231.0,115.0,Not Applicable,Not Applicable,No,Not Applicable,579,UPI,44,3.3,4.8
2024-07-07 10:11:00,CNR8160899559,Canceled by Customer,CID713195,Mini,BTM Layout,BTM Layout,,,Change of plans,Not Applicable,Not Applicable,Not Applicable,496,Not Applicable,0,,
2024-07-14 03:56:00,CNR5243817400,Success,CID404810,Prime Sedan,RT Nagar,MG Road,56.0,135.0,Not Applicable,Not Applicable,No,Not Applicable,157,Cash,16,3.4,4.3
2024-07-24 05:54:00,CNR5450986725,Success,CID378772,eBike,Electronic City,Richmond Town,98.0,120.0,Not Applicable,Not Applicable,No,Not Applicable,134,Cash,35,4.4,4.2
2024-07-21 08:20:00,CNR7361970031,Canceled by Driver,CID661396,eBike,Nagarbhavi,Kammanahalli,,,Not Applicable,Customer was coughing/sick,Not Applicable,Not Applicable,350,Not Applicable,0,,
2024-07-10 19:06:00,CNR2473886589,Canceled by Customer,CID931264,Prime SUV,Yeshwanthpur,Indiranagar,,,Wrong Address,Not Applicable,Not Applicable,Not Applicable,475,Not Applicable,0,,
2024-07-06 10:41:00,CNR2163406657,Canceled by Driver,CID547417,Prime SUV,Hulimavu,Ulsoor,,,Not Applicable,More than permitted people in there,Not Applicable,Not Applicable,893,Not Applicable,0,,
2024-07-04 03:26:00,CNR6954474880,Success,CID828897,Prime SUV,Cox Town,Shivajinagar,273.0,85.0,Not Applicable,Not Applicable,No,Not Applicable,149,Cash,36,3.9,3.5
2024-07-05 04:28:00,CNR5066875173,Success,CID637168,Prime Sedan,Hulimavu,Mysore Road,98.0,65.0,Not Applicable,Not Applicable,No,Not Applicable,138,Cash,35,4.3,4.2
2024-07-03 08:18:00,CNR1120802244,Canceled by Customer,CID110860,eBike,Frazer Town,Hebbal,,,Driver is not moving towards pickup location,Not Applicable,Not Applicable,Not Applicable,844,Not Applicable,0,,
2024-07-19 08:29:00,CNR3845804011,Canceled by Driver,CID582157,Prime SUV,Cox Town,Koramangala,,,Not Applicable,Personal & Car related issue,Not Applicable,Not Applicable,1547,Not Applicable,0,,
2024-07-19 00:47:00,CNR9253876965,Success,CID135172,Prime SUV,Jayanagar,Chickpet,147.0,110.0,Not Applicable,Not Applicable,No,Not Applicable,313,UPI,42,4.1,5.0
2024-07-21 15:06:00,CNR5816795812,Canceled by Customer,CID361097,Auto,Hosur Road,Jayanagar,,,Driver asked to cancel,Not Applicable,Not Applicable,Not Applicable,682,Not Applicable,0,,
2024-07-16 05:37:00,CNR3650965570,Success,CID861197,eBike,Marathahalli,Basavanagudi,266.0,115.0,Not Applicable,Not Applicable,No,Not Applicable,1552,UPI,5,3.9,3.2
2024-07-25 21:27:00,CNR4399238105,Success,CID506566,Bike,RT Nagar,HSR Layout,56.0,100.0,Not Applicable,Not Applicable,No,Not Applicable,768,Cash,40,4.4,4.0
2024-07-12 01:32:00,CNR6870840991,Success,CID802998,Auto,Bannerghatta Road,Mysore Road,126.0,85.0,Not Applicable,Not Applicable,No,Not Applicable,521,UPI,13,3.3,3.7
2024-07-05 16:58:00,CNR9291330593,Canceled by Customer,CID679245,Prime Plus,Shivajinagar,Yelahanka,,,Change of plans,Not Applicable,Not Applicable,Not Applicable,321,Not Applicable,0,,
2024-07-02 07:17:00,CNR5823680295,Canceled by Driver,CID645531,Prime Sedan,Varthur,Shantinagar,,,Not Applicable,Customer related issue,Not Applicable,Not Applicable,384,Not Applicable,0,,
2024-07-30 19:16:00,CNR6476510217,Success,CID307332,Prime Plus,Tumkur Road,Chickpet,189.0,55.0,Not Applicable,Not Applicable,No,Not Applicable,462,UPI,37,3.9,3.3
2024-07-09 05:24:00,CNR6390494595,Driver Not Found,CID455700,eBike,MG Road,Indiranagar,,,Not Applicable,Not Applicable,Not Applicable,Not Applicable,770,Not Applicable,0,,
2024-07-10 04:46:00,CNR2442042408,Success,CID483507,Auto,Basavanagudi,Bellandur,147.0,50.0,Not Applicable,Not Applicable,No,Not Applicable,2840,Credit Card,2,4.1,4.0
2024-07-04 06:17:00,CNR2386722048,Success,CID757189,Mini,Shivajinagar,Kadugodi,91.0,45.0,Not Applicable,Not Applicable,No,Not Applicable,371,UPI,39,4.1,4.2
2024-07-09 10:40:00,CNR9111149470,Success,CID309532,Prime Sedan,Hebbal,Chamarajpet,280.0,135.0,Not Applicable,Not Applicable,No,Not Applicable,356,Cash,5,4.8,3.5
2024-07-25 01:36:00,CNR6540799709,Success,CID343907,eBike,Peenya,Kammanahalli,301.0,140.0,Not Applicable,Not Applicable,No,Not Applicable,275,Cash,16,4.8,4.9
2024-07-27 07:05:00,CNR1801283149,Canceled by Customer,CID168165,Mini,Hulimavu,Tumkur Road,,,Wrong Address,Not Applicable,Not Applicable,Not Applicable,1781,Not Applicable,0,,
2024-07-04 06:27:00,CNR8511366686,Success,CID185299,Prime Sedan,Kadugodi,Mysore Road,266.0,95.0,Not Applicable,Not Applicable,No,Not Applicable,199,UPI,40,3.6,4.2
2024-07-03 22:51:00,CNR3905137004,Canceled by Driver,CID608706,Bike,Langford Town,Varthur,,,Not Applicable,Customer related issue,Not Applicable,Not Applicable,854,Not Applicable,0,,
2024-07-15 16:16:00,CNR1466154622,Success,CID831121,Prime Plus,Malleshwaram,Ramamurthy Nagar,105.0,55.0,Not Applicable,Not Applicable,No,Not Applicable,661,UPI,10,4.9,4.9
2024-07-07 08:09:00,CNR4515278053,Driver Not Found,CID807390,Mini,Hosur Road,Yeshwanthpur,,,Not Applicable,Not Applicable,Not Applicable,Not Applicable,2223,Not Applicable,0,,
2024-07-19 02:45:00,CNR9964198001,Canceled by Driver,CID532020,eBike,Basavanagudi,Cox Town,,,Not Applicable,More than permitted people in there,Not Applicable,Not Applicable,770,Not Applicable,0,,
2024-07-20 08:55:00,CNR1147601195,Success,CID311525,Prime SUV,Kadugodi,Bellandur,140.0,35.0,Not Applicable,Not Applicable,No,Not Applicable,202,Cash,20,3.6,3.5
2024-07-19 14:04:00,CNR5957417511,Success,CID819237,Auto,Cox Town,Cox Town,105.0,115.0,Not Applicable,Not Applicable,No,Not Applicable,577,Cash,1,4.2,4.9
2024-07-22 19:15:00,CNR2135684817,Success,CID797461,Prime Sedan,Chickpet,Cox Town,112.0,145.0,Not Applicable,Not Applicable,No,Not Applicable,293,UPI,44,3.6,3.5
2024-07-17 13:26:00,CNR3797076757,Success,CID602584,Prime Plus,Bellandur,Sarjapur Road,77.0,30.0,Not Applicable,Not Applicable,No,Not Applicable,370,Cash,38,3.4,4.9
2024-07-28 05:14:00,CNR6459805679,Canceled by Driver,CID349259,Bike,Varthur,Yelahanka,,,Not Applicable,Customer was coughing/sick,Not Applicable,Not Applicable,322,Not Applicable,0,,
2024-07-20 01:28:00,CNR4546739866,Success,CID911618,Mini,Devanahalli,Cox Town,182.0,80.0,Not Applicable,Not Applicable,No,Not Applicable,282,Credit Card,12,4.8,4.9
2024-07-21 04:57:00,CNR2988435964,Success,CID766539,Prime SUV,Frazer Town,Electronic City,245.0,140.0,Not Applicable,Not Applicable,No,Not Applicable,221,Cash,44,4.0,4.9
2024-07-12 16:47:00,CNR8074815823,Canceled by Driver,CID393410,Prime SUV,Kammanahalli,Hebbal,,,Not Applicable,More than permitted people in there,Not Applicable,Not Applicable,1838,Not Applicable,0,,
2024-07-07 12:20:00,CNR5921748560,Success,CID968406,Auto,Shivajinagar,Shivajinagar,280.0,95.0,Not Applicable,Not Applicable,No,Not Applicable,1037,Cash,4,4.2,3.7
2024-07-01 17:48:00,CNR7685289190,Success,CID630693,Mini,Whitefield,Kammanahalli,231.0,130.0,Not Applicable,Not Applicable,No,Not Applicable,1569,Cash,36,3.4,3.3
2024-07-09 01:12:00,CNR1377370499,Success,CID177018,Mini,Richmond Town,Kengeri,287.0,145.0,Not Applicable,Not Applicable,No,Not Applicable,128,UPI,9,4.7,3.3
2024-07-10 01:41:00,CNR6031720373,Canceled by Driver,CID714279,Prime Sedan,Nagarbhavi,Cox Town,,,Not Applicable,Personal & Car related issue,Not Applicable,Not Applicable,327,Not Applicable,0,,
2024-07-18 04:11:00,CNR1346924458,Success,CID782318,Auto,Varthur,Kengeri,217.0,135.0,Not Applicable,Not Applicable,No,Not Applicable,252,Credit Card,5,4.2,3.7
2024-07-16 12:28:00,CNR1502965772,Canceled by Customer,CID658052,Prime Sedan,Hebbal,Richmond Town,,,Driver asked to cancel,Not Applicable,Not Applicable,Not Applicable,242,Not Applicable,0,,
2024-07-07 14:33:00,CNR6301820965,Success,CID266510,Prime Plus,BTM Layout,Electronic City,133.0,65.0,Not Applicable,Not Applicable,No,Not Applicable,285,Cash,27,4.7,4.9
2024-07-22 12:55:00,CNR1076174231,Success,CID933010,Prime SUV,Hebbal,Bannerghatta Road,91.0,50.0,Not Applicable,Not Applicable,No,Not Applicable,449,Cash,47,3.3,3.7
2024-07-30 00:58:00,CNR7229536759,Driver Not Found,CID464704,Prime Plus,Varthur,Kengeri,,,Not Applicable,Not Applicable,Not Applicable,Not Applicable,277,Not Applicable,0,,
2024-07-03 01:33:00,CNR5075812570,Canceled by Driver,CID213115,Bike,Bannerghatta Road,Tumkur Road,,,Not Applicable,Customer related issue,Not Applicable,Not Applicable,716,Not Applicable,0,,
2024-07-15 17:19:00,CNR9856936663,Success,CID316147,Prime Sedan,Cox Town,Bellandur,119.0,65.0,Not Applicable,Not Applicable,No,Not Applicable,2834,UPI,45,3.4,3.5
2024-07-14 13:57:00,CNR6011545942,Canceled by Driver,CID218800,Prime Sedan,Rajarajeshwari Nagar,Marathahalli,,,Not Applicable,Customer related issue,Not Applicable,Not Applicable,345,Not Applicable,0,,
2024-07-09 23:14:00,CNR9037856058,Success,CID136261,Prime Sedan,Devanahalli,Richmond Town,217.0,65.0,Not Applicable,Not Applicable,No,Not Applicable,313,Cash,47,3.3,4.6
2024-07-08 17:14:00,CNR5195524850,Success,CID457433,Mini,HSR Layout,Tumkur Road,168.0,135.0,Not Applicable,Not Applicable,No,Not Applicable,194,Cash,30,3.0,3.1
2024-07-14 04:56:00,CNR5715230757,Success,CID745628,Prime SUV,Yelahanka,Kadugodi,294.0,35.0,Not Applicable,Not Applicable,No,Not Applicable,2576,Cash,16,4.5,3.4
2024-07-21 02:04:00,CNR4250492683,Canceled by Driver,CID826908,Prime SUV,Banashankari,KR Puram,,,Not Applicable,Personal & Car related issue,Not Applicable,Not Applicable,705,Not Applicable,0,,
2024-07-08 23:01:00,CNR2468693592,Success,CID179038,Prime Plus,Sarjapur Road,MG Road,168.0,35.0,Not Applicable,Not Applicable,No,Not Applicable,191,UPI,45,3.8,4.2
2024-07-09 23:59:00,CNR3123423249,Success,CID492816,Mini,Electronic City,Banashankari,231.0,35.0,Not Applicable,Not Applicable,No,Not Applicable,225,Cash,41,4.7,3.9
2024-07-24 12:22:00,CNR9073849823,Success,CID170908,Prime SUV,Chamarajpet,Indiranagar,161.0,75.0,Not Applicable,Not Applicable,No,Not Applicable,323,Cash,21,5.0,4.5
2024-07-20 00:08:00,CNR2008037771,Success,CID219687,Prime SUV,Tumkur Road,Richmond Town,294.0,80.0,Not Applicable,Not Applicable,No,Not Applicable,424,Cash,13,4.7,4.3
2024-07-16 07:27:00,CNR4092749595,Canceled by Driver,CID748571,Mini,Indiranagar,Yeshwanthpur,,,Not Applicable,Personal & Car related issue,Not Applicable,Not Applicable,189,Not Applicable,0,,
2024-07-23 04:52:00,CNR7020634643,Canceled by Driver,CID253915,Prime Plus,Hosur Road,MG Road,,,Not Applicable,Personal & Car related issue,Not Applicable,Not Applicable,163,Not Applicable,0,,
2024-07-13 23:08:00,CNR3580194378,Canceled by Driver,CID247120,Prime Plus,Kadugodi,Marathahalli,,,Not Applicable,Personal & Car related issue,Not Applicable,Not Applicable,303,Not Applicable,0,,
2024-07-11 14:37:00,CNR9503413749,Success,CID157012,Prime SUV,Kadugodi,Malleshwaram,266.0,75.0,Not Applicable,Not Applicable,No,Not Applicable,338,Cash,40,4.9,4.6
2024-07-26 15:00:00,CNR2416612094,Success,CID602806,Prime Plus,Shivajinagar,Koramangala,203.0,95.0,Not Applicable,Not Applicable,No,Not Applicable,106,Cash,34,4.1,4.2
2024-07-14 11:50:00,CNR5606144668,Success,CID497193,Auto,Ramamurthy Nagar,Yeshwanthpur,98.0,135.0,Not Applicable,Not Applicable,No,Not Applicable,379,Cash,10,4.3,3.5
2024-07-30 01:42:00,CNR7917609988,Success,CID793454,Bike,Chamarajpet,Kadugodi,196.0,110.0,Not Applicable,Not Applicable,No,Not Applicable,222,UPI,11,3.1,3.4
2024-07-25 06:56:00,CNR9196568921,Canceled by Driver,CID602976,eBike,Yelahanka,Chickpet,,,Not Applicable,Customer related issue,Not Applicable,Not Applicable,417,Not Applicable,0,,
2024-07-21 19:23:00,CNR3539034080,Success,CID881970,eBike,Banashankari,Rajajinagar,266.0,75.0,Not Applicable,Not Applicable,No,Not Applicable,363,Cash,46,4.7,3.7
2024-07-05 07:55:00,CNR6576167798,Success,CID299081,eBike,Varthur,Ulsoor,189.0,100.0,Not Applicable,Not Applicable,No,Not Applicable,249,UPI,5,4.4,4.8
2024-07-18 14:06:00,CNR2378838823,Success,CID851792,Auto,RT Nagar,Cox Town,231.0,110.0,Not Applicable,Not Applicable,No,Not Applicable,817,UPI,5,3.1,3.7
2024-07-01 16:11:00,CNR5129855134,Success,CID488428,Auto,Magadi Road,Bellandur,273.0,125.0,Not Applicable,Not Applicable,No,Not Applicable,559,UPI,8,4.7,4.8
2024-07-19 20:54:00,CNR4842349410,Success,CID284787,Bike,Ulsoor,Rajarajeshwari Nagar,252.0,85.0,Not Applicable,Not Applicable,No,Not Applicable,442,UPI,18,4.9,4.4
2024-07-16 07:20:00,CNR7434569764,Success,CID747504,Bike,Chickpet,Varthur,231.0,125.0,Not Applicable,Not Applicable,No,Not Applicable,153,Cash,35,3.2,3.5
2024-07-29 14:24:00,CNR9716791409,Success,CID458212,Prime Plus,Koramangala,Bannerghatta Road,189.0,110.0,Not Applicable,Not Applicable,No,Not Applicable,343,UPI,14,3.7,4.2
2024-07-29 18:51:00,CNR3076621635,Canceled by Driver,CID857205,Bike,Jayanagar,Peenya,,,Not Applicable,Customer was coughing/sick,Not Applicable,Not Applicable,312,Not Applicable,0,,
2024-07-11 00:15:00,CNR7367800948,Success,CID602114,Auto,Basavanagudi,Ramamurthy Nagar,189.0,140.0,Not Applicable,Not Applicable,No,Not Applicable,762,Cash,2,4.6,3.3
2024-07-07 17:37:00,CNR2693835883,Success,CID911719,Prime SUV,Langford Town,Mysore Road,42.0,125.0,Not Applicable,Not Applicable,No,Not Applicable,688,UPI,1,4.0,5.0
2024-07-01 19:10:00,CNR8021589501,Driver Not Found,CID102300,Prime Plus,Langford Town,Banashankari,,,Not Applicable,Not Applicable,Not Applicable,Not Applicable,307,Not Applicable,0,,
2024-07-19 20:09:00,CNR3279951033,Success,CID192326,Prime Plus,Vijayanagar,Hosur Road,196.0,100.0,Not Applicable,Not Applicable,No,Not Applicable,223,Cash,27,3.8,3.1
2024-07-22 03:32:00,CNR3839576321,Success,CID839823,Prime Sedan,Tumkur Road,Yelahanka,217.0,90.0,Not Applicable,Not Applicable,No,Not Applicable,497,UPI,4,3.7,3.4
2024-07-16 08:14:00,CNR2436517167,Success,CID505502,Auto,Koramangala,Whitefield,119.0,30.0,Not Applicable,Not Applicable,No,Not Applicable,472,Cash,13,3.8,3.8
2024-07-10 00:09:00,CNR8872965144,Success,CID568430,Mini,Sarjapur Road,Peenya,175.0,40.0,Not Applicable,Not Applicable,No,Not Applicable,270,Cash,3,4.4,3.9
2024-07-18 13:22:00,CNR3600154619,Success,CID294007,Auto,Kengeri,Frazer Town,147.0,100.0,Not Applicable,Not Applicable,No,Not Applicable,2312,Cash,11,4.4,3.9
2024-07-11 02:04:00,CNR9704277463,Driver Not Found,CID456512,eBike,Mysore Road,Varthur,,,Not Applicable,Not Applicable,Not Applicable,Not Applicable,416,Not Applicable,0,,
2024-07-08 13:10:00,CNR6565619325,Success,CID665991,Auto,Bellandur,Yeshwanthpur,252.0,30.0,Not Applicable,Not Applicable,No,Not Applicable,870,UPI,3,4.5,3.7
2024-07-07 17:29:00,CNR1517898769,Canceled by Driver,CID768612,Mini,Rajajinagar,Majestic,,,Not Applicable,Personal & Car related issue,Not Applicable,Not Applicable,289,Not Applicable,0,,
2024-07-08 19:59:00,CNR1606045813,Success,CID757070,Bike,Ramamurthy Nagar,Marathahalli,182.0,50.0,Not Applicable,Not Applicable,No,Not Applicable,107,UPI,20,3.8,3.1
2024-07-29 16:39:00,CNR3606217020,Success,CID804546,Prime Plus,Richmond Town,KR Puram,238.0,100.0,Not Applicable,Not Applicable,No,Not Applicable,339,Cash,2,3.2,3.2
2024-07-03 02:38:00,CNR5902936796,Success,CID199349,Prime Sedan,Rajajinagar,Whitefield,126.0,25.0,Not Applicable,Not Applicable,No,Not Applicable,370,Credit Card,1,4.8,3.5
2024-07-20 21:17:00,CNR6104311430,Success,CID623444,Prime Sedan,Majestic,KR Puram,238.0,145.0,Not Applicable,Not Applicable,No,Not Applicable,752,Cash,48,4.6,4.0
2024-07-02 07:08:00,CNR8101638751,Canceled by Driver,CID956219,Bike,Rajarajeshwari Nagar,MG Road,,,Not Applicable,Customer related issue,Not Applicable,Not Applicable,370,Not Applicable,0,,
2024-07-10 04:12:00,CNR1987866742,Success,CID202471,eBike,Richmond Town,Ramamurthy Nagar,224.0,105.0,Not Applicable,Not Applicable,No,Not Applicable,331,Cash,35,3.5,4.4
2024-07-23 14:21:00,CNR5791500703,Success,CID307800,Prime Plus,Varthur,Vijayanagar,42.0,25.0,Not Applicable,Not Applicable,No,Not Applicable,2132,Cash,29,4.3,3.8
2024-07-04 08:52:00,CNR9867043178,Driver Not Found,CID829552,Bike,Shantinagar,Peenya,,,Not Applicable,Not Applicable,Not Applicable,Not Applicable,378,Not Applicable,0,,
2024-07-16 00:00:00,CNR6152909597,Success,CID837469,eBike,Hosur Road,Peenya,224.0,115.0,Not Applicable,Not Applicable,No,Not Applicable,354,UPI,33,4.7,4.2
2024-07-13 23:33:00,CNR6650461343,Canceled by Customer,CID113864,Bike,Magadi Road,Tumkur Road,,,AC is Not working,Not Applicable,Not Applicable,Not Applicable,394,Not Applicable,0,,
2024-07-03 08:48:00,CNR3467149690,Canceled by Customer,CID657165,Prime Sedan,Devanahalli,Chamarajpet,,,Change of plans,Not Applicable,Not Applicable,Not Applicable,472,Not Applicable,0,,
2024-07-11 17:34:00,CNR4208308226,Success,CID635074,Mini,Electronic City,HSR Layout,301.0,140.0,Not Applicable,Not Applicable,No,Not Applicable,187,UPI,32,4.2,4.9
2024-07-26 10:49:00,CNR6023927255,Success,CID283043,Bike,Varthur,Sarjapur Road,42.0,125.0,Not Applicable,Not Applicable,No,Not Applicable,344,Cash,5,3.5,4.4
2024-07-09 11:32:00,CNR9075889966,Success,CID115994,Bike,Bellandur,Richmond Town,231.0,50.0,Not Applicable,Not Applicable,No,Not Applicable,876,Cash,4,4.1,4.8
2024-07-14 05:55:00,CNR7419907982,Success,CID349999,Mini,Malleshwaram,RT Nagar,238.0,55.0,Not Applicable,Not Applicable,Yes,Vehicle Breakdown,584,UPI,5,3.8,4.0
2024-07-27 09:04:00,CNR3851292074,Canceled by Driver,CID503241,Prime Plus,Banashankari,Sarjapur Road,,,Not Applicable,More than permitted people in there,Not Applicable,Not Applicable,404,Not Applicable,0,,
2024-07-19 00:48:00,CNR9229477248,Success,CID442906,Mini,Chickpet,Kengeri,280.0,95.0,Not Applicable,Not Applicable,No,Not Applicable,104,Cash,8,4.8,3.7
2024-07-29 02:13:00,CNR4573882417,Success,CID477906,Prime SUV,Kengeri,Magadi Road,84.0,55.0,Not Applicable,Not Applicable,No,Not Applicable,313,UPI,24,3.5,3.6
2024-07-28 11:49:00,CNR9263304739,Success,CID711977,Bike,Marathahalli,Malleshwaram,112.0,60.0,Not Applicable,Not Applicable,No,Not Applicable,592,Cash,5,3.9,3.9
2024-07-14 20:19:00,CNR7501600286,Success,CID525304,Prime Sedan,Basavanagudi,Shantinagar,301.0,25.0,Not Applicable,Not Applicable,No,Not Applicable,198,Cash,15,3.4,4.4
2024-07-10 22:20:00,CNR4944046735,Success,CID218905,eBike,Yelahanka,Indiranagar,91.0,110.0,Not Applicable,Not Applicable,No,Not Applicable,464,Cash,49,4.7,4.0
2024-07-26 19:36:00,CNR3996952343,Canceled by Driver,CID376905,Prime Plus,Vijayanagar,Indiranagar,,,Not Applicable,Customer was coughing/sick,Not Applicable,Not Applicable,345,Not Applicable,0,,
2024-07-15 22:32:00,CNR4266525936,Canceled by Driver,CID417613,eBike,Tumkur Road,Tumkur Road,,,Not Applicable,Personal & Car related issue,Not Applicable,Not Applicable,393,Not Applicable,0,,
2024-07-27 18:58:00,CNR8633708988,Success,CID298022,eBike,Hebbal,Electronic City,308.0,85.0,Not Applicable,Not Applicable,No,Not Applicable,484,Cash,13,3.1,4.6
2024-07-26 16:59:00,CNR5875303670,Success,CID784082,Mini,Koramangala,Mysore Road,49.0,145.0,Not Applicable,Not Applicable,No,Not Applicable,308,Cash,47,3.8,4.1
2024-07-01 07:02:00,CNR4523002437,Success,CID504614,Auto,Varthur,MG Road,259.0,135.0,Not Applicable,Not Applicable,No,Not Applicable,463,Cash,11,3.9,4.2
2024-07-08 13:22:00,CNR2903668943,Success,CID976381,eBike,Peenya,Banashankari,245.0,50.0,Not Applicable,Not Applicable,No,Not Applicable,812,Cash,6,4.8,4.8
2024-07-29 20:03:00,CNR3935981850,Canceled by Customer,CID659365,eBike,KR Puram,Yelahanka,,,Wrong Address,Not Applicable,Not Applicable,Not Applicable,894,Not Applicable,0,,
2024-07-18 04:11:00,CNR2438946229,Canceled by Driver,CID202801,Auto,Mysore Road,Whitefield,,,Not Applicable,Customer related issue,Not Applicable,Not Applicable,420,Not Applicable,0,,
2024-07-12 19:41:00,CNR6771062063,Success,CID955736,Prime Sedan,Vijayanagar,Indiranagar,287.0,30.0,Not Applicable,Not Applicable,No,Not Applicable,225,Cash,23,4.2,4.7
2024-07-07 00:25:00,CNR4021111991,Success,CID184817,Prime Plus,Tumkur Road,JP Nagar,56.0,140.0,Not Applicable,Not Applicable,No,Not Applicable,175,Credit Card,5,3.8,4.4
2024-07-22 15:59:00,CNR5852696772,Success,CID253967,Prime Sedan,Bellandur,Basavanagudi,140.0,55.0,Not Applicable,Not Applicable,No,Not Applicable,245,Cash,25,3.2,3.1
2024-07-09 06:10:00,CNR6974366071,Success,CID643135,Mini,Vijayanagar,Sarjapur Road,189.0,25.0,Not Applicable,Not Applicable,No,Not Applicable,336,UPI,32,4.2,3.7
2024-07-06 01:26:00,CNR4666681549,Success,CID509222,Mini,Indiranagar,Chamarajpet,294.0,40.0,Not Applicable,Not Applicable,No,Not Applicable,569,Cash,39,3.1,3.5
2024-07-08 01:40:00,CNR1525648579,Success,CID902758,Prime Sedan,Hosur Road,Mysore Road,175.0,90.0,Not Applicable,Not Applicable,No,Not Applicable,128,UPI,13,3.1,4.9
2024-07-18 02:54:00,CNR5777659203,Canceled by Driver,CID197734,Auto,MG Road,Hulimavu,,,Not Applicable,Personal & Car related issue,Not Applicable,Not Applicable,376,Not Applicable,0,,
2024-07-16 13:57:00,CNR7711934476,Success,CID836807,Prime Plus,Sarjapur Road,Majestic,126.0,90.0,Not Applicable,Not Applicable,No,Not Applicable,1072,Cash,9,4.8,4.9
2024-07-15 20:04:00,CNR3372912609,Canceled by Driver,CID638695,Bike,Indiranagar,Bellandur,,,Not Applicable,Personal & Car related issue,Not Applicable,Not Applicable,364,Not Applicable,0,,
2024-07-02 10:02:00,CNR9618865539,Success,CID628038,Prime Plus,Ulsoor,Yelahanka,49.0,115.0,Not Applicable,Not Applicable,No,Not Applicable,2467,Cash,16,4.7,5.0
2024-07-09 09:04:00,CNR8330246645,Canceled by Driver,CID636474,Mini,Jayanagar,Varthur,,,Not Applicable,More than permitted people in there,Not Applicable,Not Applicable,438,Not Applicable,0,,
2024-07-24 07:06:00,CNR2124040012,Driver Not Found,CID454128,Prime Sedan,Indiranagar,Varthur,,,Not Applicable,Not Applicable,Not Applicable,Not Applicable,109,Not Applicable,0,,
2024-07-18 18:24:00,CNR2110161959,Success,CID617341,Auto,Indiranagar,KR Puram,245.0,70.0,Not Applicable,Not Applicable,No,Not Applicable,2616,Cash,4,3.1,4.5
2024-07-10 03:11:00,CNR9421857968,Success,CID444637,Prime Sedan,Tumkur Road,Langford Town,126.0,140.0,Not Applicable,Not Applicable,No,Not Applicable,2159,Cash,10,3.2,4.3
2024-07-25 21:15:00,CNR5638407352,Canceled by Driver,CID957626,Prime Sedan,Padmanabhanagar,Sarjapur Road,,,Not Applicable,Customer related issue,Not Applicable,Not Applicable,263,Not Applicable,0,,
2024-07-07 02:03:00,CNR1080279225,Success,CID749186,Prime Plus,Shantinagar,Hebbal,77.0,130.0,Not Applicable,Not Applicable,No,Not Applicable,349,Cash,24,4.3,4.7
2024-07-22 01:23:00,CNR3597507117,Success,CID661955,Prime Plus,Marathahalli,MG Road,161.0,135.0,Not Applicable,Not Applicable,No,Not Applicable,366,Cash,44,3.0,4.7
2024-07-01 07:39:00,CNR1356298032,Success,CID318587,Prime Sedan,Tumkur Road,Magadi Road,224.0,50.0,Not Applicable,Not Applicable,No,Not Applicable,968,Cash,27,3.1,4.3
2024-07-02 10:56:00,CNR4357731514,Success,CID442273,eBike,Magadi Road,Ramamurthy Nagar,77.0,40.0,Not Applicable,Not Applicable,No,Not Applicable,959,Cash,13,4.8,3.5
2024-07-28 18:09:00,CNR2494106945,Success,CID300966,Mini,Hennur,Frazer Town,84.0,40.0,Not Applicable,Not Applicable,No,Not Applicable,324,Cash,37,5.0,3.8
2024-07-20 15:23:00,CNR6316253172,Canceled by Customer,CID843907,Bike,Banashankari,Mysore Road,,,Driver is not moving towards pickup location,Not Applicable,Not Applicable,Not Applicable,429,Not Applicable,0,,
2024-07-17 17:05:00,CNR2389945391,Success,CID924388,eBike,Hosur Road,Vijayanagar,77.0,80.0,Not Applicable,Not Applicable,No,Not Applicable,2707,Cash,49,4.1,3.8
2024-07-30 16:04:00,CNR9161629259,Success,CID996094,Bike,Hebbal,Mysore Road,70.0,50.0,Not Applicable,Not Applicable,No,Not Applicable,320,Cash,43,3.4,3.6
2024-07-14 16:39:00,CNR5969494013,Success,CID742579,Bike,Tumkur Road,Indiranagar,231.0,95.0,Not Applicable,Not Applicable,No,Not Applicable,299,UPI,26,4.3,3.3
2024-07-27 09:50:00,CNR7955424297,Success,CID312662,Prime SUV,Nagarbhavi,KR Puram,105.0,110.0,Not Applicable,Not Applicable,No,Not Applicable,413,Cash,21,3.7,3.4
2024-07-01 23:11:00,CNR1785346662,Success,CID796381,Auto,HSR Layout,Rajarajeshwari Nagar,56.0,50.0,Not Applicable,Not Applicable,No,Not Applicable,245,Cash,12,4.4,4.1
2024-07-13 03:09:00,CNR3404041474,Driver Not Found,CID989744,Prime Plus,Chamarajpet,Ulsoor,,,Not Applicable,Not Applicable,Not Applicable,Not Applicable,478,Not Applicable,0,,
2024-07-06 19:08:00,CNR7191550649,Driver Not Found,CID301346,Auto,MG Road,Shantinagar,,,Not Applicable,Not Applicable,Not Applicable,Not Applicable,381,Not Applicable,0,,
2024-07-19 14:36:00,CNR2035887200,Driver Not Found,CID378444,eBike,Electronic City,Nagarbhavi,,,Not Applicable,Not Applicable,Not Applicable,Not Applicable,435,Not Applicable,0,,
2024-07-07 05:17:00,CNR1437849795,Success,CID533381,Bike,Majestic,Kadugodi,287.0,40.0,Not Applicable,Not Applicable,No,Not Applicable,296,Cash,41,4.3,4.0
2024-07-18 08:20:00,CNR8356613211,Driver Not Found,CID425681,Prime Plus,Sarjapur Road,Banashankari,,,Not Applicable,Not Applicable,Not Applicable,Not Applicable,392,Not Applicable,0,,
2024-07-05 16:06:00,CNR7671342652,Success,CID117643,Auto,Frazer Town,Padmanabhanagar,301.0,35.0,Not Applicable,Not Applicable,No,Not Applicable,496,Cash,14,4.7,3.1
2024-07-23 15:50:00,CNR2907738846,Success,CID804301,eBike,Indiranagar,Hosur Road,140.0,95.0,Not Applicable,Not Applicable,No,Not Applicable,377,UPI,29,4.1,4.2
2024-07-03 06:34:00,CNR8783014834,Driver Not Found,CID311287,Auto,Basavanagudi,Frazer Town,,,Not Applicable,Not Applicable,Not Applicable,Not Applicable,155,Not Applicable,0,,
2024-07-13 04:41:00,CNR7212755905,Success,CID288748,Mini,Ulsoor,Chamarajpet,161.0,115.0,Not Applicable,Not Applicable,No,Not Applicable,233,UPI,17,4.5,5.0
2024-07-25 17:38:00,CNR8081204616,Canceled by Customer,CID601792,Bike,Padmanabhanagar,Malleshwaram,,,Change of plans,Not Applicable,Not Applicable,Not Applicable,500,Not Applicable,0,,
2024-07-25 18:49:00,CNR9663262869,Canceled by Customer,CID315306,Prime Plus,Shantinagar,Peenya,,,Driver asked to cancel,Not Applicable,Not Applicable,Not Applicable,124,Not Applicable,0,,
2024-07-24 16:25:00,CNR5006791846,Canceled by Customer,CID161415,Auto,Jayanagar,Kadugodi,,,Change of plans,Not Applicable,Not Applicable,Not Applicable,199,Not Applicable,0,,
2024-07-11 07:29:00,CNR6554249225,Success,CID726307,Bike,Varthur,Tumkur Road,231.0,80.0,Not Applicable,Not Applicable,No,Not Applicable,365,UPI,46,4.0,4.5
2024-07-04 06:02:00,CNR7173415019,Success,CID420472,Bike,Kadugodi,Devanahalli,42.0,40.0,Not Applicable,Not Applicable,No,Not Applicable,576,UPI,32,4.0,4.6
2024-07-25 02:12:00,CNR4300942911,Driver Not Found,CID619564,Prime SUV,Rajajinagar,Basavanagudi,,,Not Applicable,Not Applicable,Not Applicable,Not Applicable,417,Not Applicable,0,,
2024-07-30 16:55:00,CNR5287785808,Canceled by Customer,CID226409,Prime SUV,Cox Town,Indiranagar,,,AC is Not working,Not Applicable,Not Applicable,Not Applicable,372,Not Applicable,0,,
2024-07-08 10:02:00,CNR8190821033,Success,CID628995,Bike,Kengeri,KR Puram,49.0,60.0,Not Applicable,Not Applicable,No,Not Applicable,287,Credit Card,34,4.7,3.2
2024-07-01 00:45:00,CNR1779443928,Canceled by Driver,CID306150,Mini,Nagarbhavi,Hosur Road,,,Not Applicable,Personal & Car related issue,Not Applicable,Not Applicable,148,Not Applicable,0,,
2024-07-09 09:55:00,CNR7713417171,Success,CID180012,Auto,Padmanabhanagar,RT Nagar,252.0,110.0,Not Applicable,Not Applicable,No,Not Applicable,762,Cash,3,3.3,3.1
2024-07-26 11:32:00,CNR7361390611,Success,CID987230,Prime Plus,Hulimavu,Chamarajpet,175.0,120.0,Not Applicable,Not Applicable,No,Not Applicable,293,Cash,23,4.5,3.7
2024-07-10 20:03:00,CNR6654963864,Success,CID657449,Mini,Hosur Road,Jayanagar,238.0,65.0,Not Applicable,Not Applicable,No,Not Applicable,163,Cash,40,4.4,3.5
2024-07-18 06:25:00,CNR6830607776,Canceled by Driver,CID182024,Bike,Whitefield,Frazer Town,,,Not Applicable,Customer was coughing/sick,Not Applicable,Not Applicable,244,Not Applicable,0,,
2024-07-28 16:45:00,CNR5152986607,Success,CID431258,Mini,Kammanahalli,Banashankari,210.0,95.0,Not Applicable,Not Applicable,No,Not Applicable,1349,Cash,47,4.1,3.2
2024-07-03 20:56:00,CNR3547693396,Success,CID262448,Prime SUV,KR Puram,Yeshwanthpur,287.0,85.0,Not Applicable,Not Applicable,No,Not Applicable,504,UPI,37,4.3,3.4
2024-07-25 12:53:00,CNR7284949515,Canceled by Customer,CID755663,Prime SUV,JP Nagar,Hennur,,,Driver is not moving towards pickup location,Not Applicable,Not Applicable,Not Applicable,123,Not Applicable,0,,
2024-07-26 16:52:00,CNR2692865605,Driver Not Found,CID623081,Prime SUV,Marathahalli,Magadi Road,,,Not Applicable,Not Applicable,Not Applicable,Not Applicable,270,Not Applicable,0,,
2024-07-20 21:53:00,CNR5666549770,Success,CID960957,Prime SUV,Langford Town,RT Nagar,217.0,30.0,Not Applicable,Not Applicable,No,Not Applicable,178,Cash,22,4.3,3.9
2024-07-24 02:05:00,CNR1176328275,Success,CID615315,Auto,Peenya,Hosur Road,91.0,140.0,Not Applicable,Not Applicable,No,Not Applicable,174,Cash,1,4.3,4.5
2024-07-26 19:44:00,CNR9375912813,Driver Not Found,CID603087,Bike,KR Puram,MG Road,,,Not Applicable,Not Applicable,Not Applicable,Not Applicable,123,Not Applicable,0,,
2024-07-01 12:41:00,CNR5740384477,Canceled by Driver,CID417116,Prime SUV,Langford Town,Whitefield,,,Not Applicable,Personal & Car related issue,Not Applicable,Not Applicable,174,Not Applicable,0,,
2024-07-02 17:50:00,CNR2108329753,Canceled by Customer,CID604792,eBike,Ulsoor,Kadugodi,,,AC is Not working,Not Applicable,Not Applicable,Not Applicable,320,Not Applicable,0,,
2024-07-12 08:10:00,CNR3015477390,Success,CID444008,eBike,Varthur,BTM Layout,231.0,120.0,Not Applicable,Not Applicable,No,Not Applicable,156,UPI,27,4.8,3.0
2024-07-23 09:07:00,CNR8321988509,Success,CID931294,eBike,Hennur,Whitefield,196.0,70.0,Not Applicable,Not Applicable,No,Not Applicable,428,UPI,24,4.2,4.0
2024-07-09 17:27:00,CNR4661416265,Success,CID319549,Bike,Shantinagar,Devanahalli,70.0,70.0,Not Applicable,Not Applicable,No,Not Applicable,1934,Debit Card,29,3.3,3.4
2024-07-10 00:36:00,CNR6069681361,Success,CID941407,Auto,Devanahalli,RT Nagar,196.0,40.0,Not Applicable,Not Applicable,No,Not Applicable,2211,UPI,9,4.4,4.7
2024-07-27 19:55:00,CNR1819205255,Canceled by Driver,CID794821,Mini,Electronic City,Hennur,,,Not Applicable,Customer related issue,Not Applicable,Not Applicable,255,Not Applicable,0,,
2024-07-26 17:44:00,CNR1157600951,Success,CID176659,eBike,Koramangala,Whitefield,119.0,30.0,Not Applicable,Not Applicable,No,Not Applicable,190,UPI,32,4.7,4.8
2024-07-07 17:50:00,CNR4653890286,Canceled by Driver,CID374050,Prime Sedan,Marathahalli,Chamarajpet,,,Not Applicable,Personal & Car related issue,Not Applicable,Not Applicable,258,Not Applicable,0,,
2024-07-20 20:00:00,CNR7761802245,Canceled by Driver,CID381262,Auto,Rajarajeshwari Nagar,Kadugodi,,,Not Applicable,More than permitted people in there,Not Applicable,Not Applicable,510,Not Applicable,0,,
2024-07-24 11:12:00,CNR7779054689,Driver Not Found,CID434415,Prime Sedan,Padmanabhanagar,Cox Town,,,Not Applicable,Not Applicable,Not Applicable,Not Applicable,753,Not Applicable,0,,
2024-07-09 17:43:00,CNR6887159201,Success,CID104333,eBike,Kengeri,JP Nagar,189.0,105.0,Not Applicable,Not Applicable,No,Not Applicable,191,UPI,33,3.3,3.0
2024-07-20 17:08:00,CNR5208451574,Success,CID493169,Prime SUV,Hosur Road,Banashankari,140.0,90.0,Not Applicable,Not Applicable,No,Not Applicable,2636,Cash,48,4.6,4.4
2024-07-24 17:44:00,CNR6345743749,Driver Not Found,CID649885,Prime SUV,Majestic,Electronic City,,,Not Applicable,Not Applicable,Not Applicable,Not Applicable,305,Not Applicable,0,,
2024-07-04 04:29:00,CNR8928347420,Canceled by Customer,CID459449,Prime SUV,Vijayanagar,Shivajinagar,,,Driver is not moving towards pickup location,Not Applicable,Not Applicable,Not Applicable,352,Not Applicable,0,,
2024-07-28 11:56:00,CNR1582151090,Success,CID986202,eBike,RT Nagar,Hosur Road,245.0,110.0,Not Applicable,Not Applicable,No,Not Applicable,875,UPI,34,4.3,3.7
2024-07-10 08:35:00,CNR2439917761,Success,CID605360,eBike,Basavanagudi,Chickpet,287.0,90.0,Not Applicable,Not Applicable,No,Not Applicable,356,UPI,3,3.1,3.0
2024-07-15 04:02:00,CNR8048622356,Success,CID692659,Bike,Koramangala,Kengeri,245.0,35.0,Not Applicable,Not Applicable,No,Not Applicable,203,Cash,36,4.6,4.8
2024-07-12 10:44:00,CNR4180192072,Driver Not Found,CID173328,Prime Plus,Shivajinagar,Peenya,,,Not Applicable,Not Applicable,Not Applicable,Not Applicable,454,Not Applicable,0,,
2024-07-15 17:23:00,CNR4401218986,Success,CID902700,Mini,Ulsoor,Majestic,63.0,135.0,Not Applicable,Not Applicable,No,Not Applicable,894,Cash,19,4.9,4.8
2024-07-23 06:08:00,CNR8492722416,Driver Not Found,CID914235,Auto,Vijayanagar,Marathahalli,,,Not Applicable,Not Applicable,Not Applicable,Not Applicable,373,Not Applicable,0,,
2024-07-22 04:50:00,CNR4668474781,Success,CID544418,Prime Plus,Rajarajeshwari Nagar,Chickpet,189.0,105.0,Not Applicable,Not Applicable,No,Not Applicable,140,UPI,13,3.3,4.9
2024-07-09 10:43:00,CNR3843961256,Canceled by Driver,CID281447,Bike,Banashankari,Magadi Road,,,Not Applicable,Personal & Car related issue,Not Applicable,Not Applicable,1836,Not Applicable,0,,
2024-07-15 21:27:00,CNR3937877816,Canceled by Driver,CID609969,Bike,RT Nagar,Ramamurthy Nagar,,,Not Applicable,Customer related issue,Not Applicable,Not Applicable,852,Not Applicable,0,,
2024-07-12 04:45:00,CNR3162370843,Success,CID205090,Prime SUV,Electronic City,Hennur,119.0,95.0,Not Applicable,Not Applicable,No,Not Applicable,158,UPI,16,3.8,3.3
2024-07-05 19:16:00,CNR9603207535,Canceled by Driver,CID301600,Bike,Hulimavu,Devanahalli,,,Not Applicable,Personal & Car related issue,Not Applicable,Not Applicable,472,Not Applicable,0,,
2024-07-11 09:03:00,CNR5127750810,Success,CID546057,Prime Sedan,Padmanabhanagar,Shivajinagar,35.0,90.0,Not Applicable,Not Applicable,No,Not Applicable,462,Cash,25,3.8,4.2
2024-07-24 11:04:00,CNR7213451354,Success,CID157783,Auto,Chamarajpet,Bannerghatta Road,259.0,145.0,Not Applicable,Not Applicable,No,Not Applicable,205,UPI,12,3.7,3.9
2024-07-26 08:52:00,CNR6131625689,Success,CID169154,Prime Sedan,Shantinagar,Chamarajpet,161.0,25.0,Not Applicable,Not Applicable,No,Not Applicable,453,Cash,20,4.8,4.6
2024-07-21 16:46:00,CNR8974849920,Driver Not Found,CID987470,eBike,Richmond Town,Rajajinagar,,,Not Applicable,Not Applicable,Not Applicable,Not Applicable,311,Not Applicable,0,,
2024-07-26 16:17:00,CNR9175541832,Canceled by Customer,CID589442,Mini,Marathahalli,Hebbal,,,Driver is not moving towards pickup location,Not Applicable,Not Applicable,Not Applicable,244,Not Applicable,0,,
2024-07-21 08:48:00,CNR1801930909,Success,CID876733,eBike,Magadi Road,RT Nagar,203.0,40.0,Not Applicable,Not Applicable,No,Not Applicable,262,Cash,17,4.2,3.8
2024-07-02 12:06:00,CNR7763847529,Success,CID807952,Mini,Magadi Road,Hennur,98.0,80.0,Not Applicable,Not Applicable,No,Not Applicable,322,Cash,23,3.3,4.5
2024-07-22 16:04:00,CNR5907377051,Canceled by Customer,CID125271,eBike,Basavanagudi,Hennur,,,Driver asked to cancel,Not Applicable,Not Applicable,Not Applicable,525,Not Applicable,0,,
2024-07-30 19:13:00,CNR2991930043,Canceled by Customer,CID796152,Prime SUV,Devanahalli,Richmond Town,,,Driver is not moving towards pickup location,Not Applicable,Not Applicable,Not Applicable,328,Not Applicable,0,,
2024-07-08 22:59:00,CNR5573136193,Success,CID220397,Bike,Chickpet,Bannerghatta Road,35.0,35.0,Not Applicable,Not Applicable,No,Not Applicable,978,Cash,12,3.0,3.9
2024-07-25 11:35:00,CNR5320014922,Canceled by Driver,CID639510,Prime Sedan,Jayanagar,Rajajinagar,,,Not Applicable,Customer related issue,Not Applicable,Not Applicable,285,Not Applicable,0,,
2024-07-25 16:33:00,CNR6178536831,Success,CID352880,eBike,Bannerghatta Road,Marathahalli,154.0,30.0,Not Applicable,Not Applicable,No,Not Applicable,257,UPI,4,4.4,4.6
2024-07-17 10:59:00,CNR1522449763,Success,CID954102,Prime Plus,Indiranagar,Koramangala,224.0,35.0,Not Applicable,Not Applicable,No,Not Applicable,729,Cash,47,4.7,4.2
2024-07-28 11:37:00,CNR2477495397,Canceled by Driver,CID881871,Prime Plus,Indiranagar,MG Road,,,Not Applicable,Personal & Car related issue,Not Applicable,Not Applicable,438,Not Applicable,0,,
2024-07-02 00:39:00,CNR8614110251,Canceled by Customer,CID245330,Prime Sedan,Yelahanka,HSR Layout,,,Wrong Address,Not Applicable,Not Applicable,Not Applicable,447,Not Applicable,0,,
2024-07-09 21:49:00,CNR1794187919,Success,CID951864,Prime Sedan,Peenya,Hosur Road,56.0,100.0,Not Applicable,Not Applicable,No,Not Applicable,129,Cash,33,4.0,4.0
2024-07-01 09:11:00,CNR4023646996,Success,CID315247,Prime Sedan,Indiranagar,Whitefield,140.0,135.0,Not Applicable,Not Applicable,No,Not Applicable,590,UPI,17,3.8,4.4
2024-07-22 17:26:00,CNR2257955937,Success,CID758358,Prime Sedan,Jayanagar,Kadugodi,287.0,50.0,Not Applicable,Not Applicable,No,Not Applicable,310,UPI,8,3.5,4.0
2024-07-03 22:30:00,CNR2513494192,Success,CID730613,Prime Plus,Cox Town,Mysore Road,266.0,45.0,Not Applicable,Not Applicable,No,Not Applicable,366,Debit Card,20,3.2,4.0
2024-07-21 08:40:00,CNR1485191767,Canceled by Driver,CID181768,Prime SUV,Yelahanka,Langford Town,,,Not Applicable,More than permitted people in there,Not Applicable,Not Applicable,453,Not Applicable,0,,
2024-07-01 06:23:00,CNR1922022443,Success,CID702382,Prime Plus,Hebbal,Electronic City,210.0,100.0,Not Applicable,Not Applicable,No,Not Applicable,176,Cash,45,4.3,3.4
2024-07-04 07:34:00,CNR7560994164,Driver Not Found,CID171946,Bike,Whitefield,Langford Town,,,Not Applicable,Not Applicable,Not Applicable,Not Applicable,193,Not Applicable,0,,
2024-07-20 03:18:00,CNR5336362463,Success,CID241090,Bike,Koramangala,Koramangala,245.0,65.0,Not Applicable,Not Applicable,No,Not Applicable,338,Credit Card,12,3.2,3.7
2024-07-02 14:29:00,CNR2480632567,Success,CID302073,Prime Plus,Marathahalli,Varthur,49.0,85.0,Not Applicable,Not Applicable,Yes,Vehicle Breakdown,187,Cash,37,4.5,4.9
2024-07-08 17:15:00,CNR1788789938,Success,CID254468,Prime SUV,BTM Layout,Richmond Town,91.0,85.0,Not Applicable,Not Applicable,No,Not Applicable,834,Cash,34,4.1,4.8
2024-07-16 18:31:00,CNR7329536818,Success,CID776386,eBike,Nagarbhavi,Chickpet,175.0,80.0,Not Applicable,Not Applicable,No,Not Applicable,743,Cash,25,4.9,3.1
2024-07-19 19:17:00,CNR2133889059,Success,CID882444,Bike,Frazer Town,Kengeri,287.0,120.0,Not Applicable,Not Applicable,No,Not Applicable,341,Cash,40,3.4,3.4
2024-07-14 06:47:00,CNR8353704004,Success,CID834487,Bike,Chamarajpet,Rajarajeshwari Nagar,77.0,55.0,Not Applicable,Not Applicable,No,Not Applicable,266,Cash,37,3.8,4.2
2024-07-04 02:54:00,CNR1415665792,Canceled by Customer,CID228892,Prime Plus,Ramamurthy Nagar,Ulsoor,,,Driver is not moving towards pickup location,Not Applicable,Not Applicable,Not Applicable,1496,Not Applicable,0,,
2024-07-28 09:14:00,CNR2112930553,Driver Not Found,CID141017,Bike,Chamarajpet,Yelahanka,,,Not Applicable,Not Applicable,Not Applicable,Not Applicable,417,Not Applicable,0,,
2024-07-26 19:29:00,CNR3861622558,Driver Not Found,CID368581,Auto,Nagarbhavi,KR Puram,,,Not Applicable,Not Applicable,Not Applicable,Not Applicable,209,Not Applicable,0,,
2024-07-30 22:10:00,CNR3560873565,Canceled by Driver,CID516590,Auto,Ulsoor,Bellandur,,,Not Applicable,More than permitted people in there,Not Applicable,Not Applicable,268,Not Applicable,0,,
2024-07-18 23:09:00,CNR8160083436,Success,CID931674,eBike,Tumkur Road,JP Nagar,280.0,60.0,Not Applicable,Not Applicable,No,Not Applicable,938,Cash,15,3.0,3.5
2024-07-11 21:16:00,CNR2549720130,Driver Not Found,CID531782,Mini,Devanahalli,Kengeri,,,Not Applicable,Not Applicable,Not Applicable,Not Applicable,2443,Not Applicable,0,,
2024-07-07 19:23:00,CNR2952173625,Success,CID464318,eBike,Varthur,Hebbal,203.0,90.0,Not Applicable,Not Applicable,No,Not Applicable,498,UPI,16,3.5,3.2
2024-07-18 09:57:00,CNR6330605939,Success,CID486886,Auto,Hebbal,Indiranagar,280.0,95.0,Not Applicable,Not Applicable,Yes,Other Issue,482,Cash,14,5.0,4.4
2024-07-10 16:36:00,CNR7837212207,Canceled by Driver,CID429736,Mini,Hosur Road,HSR Layout,,,Not Applicable,Customer related issue,Not Applicable,Not Applicable,109,Not Applicable,0,,
2024-07-04 02:05:00,CNR3456675711,Success,CID584313,Bike,Banashankari,Ramamurthy Nagar,287.0,45.0,Not Applicable,Not Applicable,No,Not Applicable,624,UPI,15,3.9,4.9
2024-07-08 02:13:00,CNR3228217847,Canceled by Customer,CID153066,Prime Sedan,Varthur,MG Road,,,AC is Not working,Not Applicable,Not Applicable,Not Applicable,165,Not Applicable,0,,
2024-07-13 02:38:00,CNR5624087821,Success,CID959070,Prime Plus,Malleshwaram,Chamarajpet,161.0,40.0,Not Applicable,Not Applicable,No,Not Applicable,649,UPI,40,3.8,3.3
2024-07-22 08:09:00,CNR5010798373,Canceled by Driver,CID433182,Prime Plus,Hulimavu,Koramangala,,,Not Applicable,Personal & Car related issue,Not Applicable,Not Applicable,343,Not Applicable,0,,
2024-07-17 12:55:00,CNR7754434571,Success,CID134799,Prime Sedan,Magadi Road,Sarjapur Road,280.0,115.0,Not Applicable,Not Applicable,No,Not Applicable,238,Cash,14,3.2,4.3
2024-07-07 21:27:00,CNR2768691649,Canceled by Driver,CID591007,Mini,Hosur Road,Vijayanagar,,,Not Applicable,Customer related issue,Not Applicable,Not Applicable,269,Not Applicable,0,,
2024-07-01 19:30:00,CNR9969990128,Success,CID251820,Bike,Varthur,Rajarajeshwari Nagar,294.0,60.0,Not Applicable,Not Applicable,No,Not Applicable,882,UPI,49,3.1,4.3
2024-07-15 17:08:00,CNR6226255658,Success,CID148700,Bike,Frazer Town,Basavanagudi,287.0,125.0,Not Applicable,Not Applicable,No,Not Applicable,498,UPI,43,4.2,4.4
2024-07-25 23:07:00,CNR3739894113,Success,CID568209,Prime SUV,Richmond Town,Chickpet,56.0,110.0,Not Applicable,Not Applicable,No,Not Applicable,440,UPI,2,3.3,4.8
2024-07-18 20:45:00,CNR7944324856,Driver Not Found,CID876902,eBike,Hebbal,BTM Layout,,,Not Applicable,Not Applicable,Not Applicable,Not Applicable,174,Not Applicable,0,,
2024-07-02 10:03:00,CNR8786448742,Driver Not Found,CID257260,Mini,Kadugodi,Kadugodi,,,Not Applicable,Not Applicable,Not Applicable,Not Applicable,930,Not Applicable,0,,
2024-07-27 10:15:00,CNR1055763679,Success,CID993832,Prime Plus,Kengeri,KR Puram,133.0,65.0,Not Applicable,Not Applicable,No,Not Applicable,807,Cash,22,3.2,4.1
2024-07-11 08:08:00,CNR4649353258,Canceled by Driver,CID463751,Bike,Hennur,Nagarbhavi,,,Not Applicable,Customer related issue,Not Applicable,Not Applicable,103,Not Applicable,0,,
2024-07-03 09:13:00,CNR5672468309,Driver Not Found,CID902424,eBike,Shantinagar,Magadi Road,,,Not Applicable,Not Applicable,Not Applicable,Not Applicable,383,Not Applicable,0,,
2024-07-10 01:46:00,CNR9971438699,Success,CID154330,Mini,Frazer Town,Cox Town,42.0,135.0,Not Applicable,Not Applicable,No,Not Applicable,318,Cash,24,4.5,3.5
2024-07-11 16:45:00,CNR9695532095,Canceled by Driver,CID314717,Mini,Devanahalli,Marathahalli,,,Not Applicable,Personal & Car related issue,Not Applicable,Not Applicable,753,Not Applicable,0,,
2024-07-20 21:46:00,CNR1259541494,Success,CID332094,Prime Plus,Yelahanka,Tumkur Road,280.0,40.0,Not Applicable,Not Applicable,No,Not Applicable,388,Cash,35,4.4,4.0
2024-07-12 00:34:00,CNR2813335054,Canceled by Customer,CID161917,Prime Plus,Electronic City,Hulimavu,,,Change of plans,Not Applicable,Not Applicable,Not Applicable,1106,Not Applicable,0,,
2024-07-30 13:31:00,CNR8536569276,Canceled by Customer,CID170882,Bike,Sahakar Nagar,BTM Layout,,,Driver is not moving towards pickup location,Not Applicable,Not Applicable,Not Applicable,677,Not Applicable,0,,
2024-07-03 12:22:00,CNR3113189164,Canceled by Customer,CID993272,Mini,Majestic,Sarjapur Road,,,AC is Not working,Not Applicable,Not Applicable,Not Applicable,438,Not Applicable,0,,
2024-07-11 03:43:00,CNR2034403139,Success,CID697735,Prime Plus,Basavanagudi,Majestic,217.0,140.0,Not Applicable,Not Applicable,No,Not Applicable,336,UPI,21,4.7,4.5
2024-07-09 05:21:00,CNR7203621104,Success,CID760738,Mini,Nagarbhavi,KR Puram,280.0,125.0,Not Applicable,Not Applicable,No,Not Applicable,406,UPI,24,5.0,4.1
2024-07-13 07:04:00,CNR1797063244,Canceled by Driver,CID807021,Prime Plus,Bellandur,Tumkur Road,,,Not Applicable,Customer was coughing/sick,Not Applicable,Not Applicable,954,Not Applicable,0,,
2024-07-03 11:31:00,CNR5821653180,Success,CID976060,eBike,Whitefield,Hebbal,231.0,70.0,Not Applicable,Not Applicable,No,Not Applicable,733,UPI,1,3.1,4.5
2024-07-19 04:01:00,CNR8295143095,Canceled by Driver,CID861896,Prime Plus,Chamarajpet,Padmanabhanagar,,,Not Applicable,Personal & Car related issue,Not Applicable,Not Applicable,114,Not Applicable,0,,
2024-07-28 00:58:00,CNR6014298819,Success,CID904819,Mini,Rajajinagar,Richmond Town,84.0,115.0,Not Applicable,Not Applicable,Yes,Other Issue,128,UPI,41,3.8,3.3
2024-07-11 04:13:00,CNR2212344144,Success,CID948551,Auto,Kammanahalli,Kadugodi,70.0,115.0,Not Applicable,Not Applicable,No,Not Applicable,179,UPI,2,3.4,4.9
2024-07-25 05:54:00,CNR2269688513,Success,CID841285,eBike,Vijayanagar,Rajajinagar,77.0,125.0,Not Applicable,Not Applicable,Yes,Other Issue,461,Debit Card,22,4.1,4.6
2024-07-18 22:48:00,CNR5090225709,Driver Not Found,CID304188,Mini,Bellandur,Hennur,,,Not Applicable,Not Applicable,Not Applicable,Not Applicable,451,Not Applicable,0,,
2024-07-28 17:37:00,CNR1267391985,Success,CID316714,Mini,Padmanabhanagar,Ulsoor,168.0,110.0,Not Applicable,Not Applicable,No,Not Applicable,583,UPI,48,3.1,4.7
2024-07-07 23:58:00,CNR6599162827,Success,CID153039,Prime Sedan,Hulimavu,Bannerghatta Road,266.0,125.0,Not Applicable,Not Applicable,No,Not Applicable,279,UPI,10,4.2,3.5
2024-07-06 22:31:00,CNR4057495519,Canceled by Driver,CID598491,Prime Sedan,HSR Layout,Mysore Road,,,Not Applicable,Personal & Car related issue,Not Applicable,Not Applicable,409,Not Applicable,0,,
2024-07-19 13:10:00,CNR7250085468,Canceled by Driver,CID648774,Prime SUV,Whitefield,BTM Layout,,,Not Applicable,Personal & Car related issue,Not Applicable,Not Applicable,396,Not Applicable,0,,
2024-07-11 03:52:00,CNR8871990457,Canceled by Customer,CID828847,Prime SUV,HSR Layout,JP Nagar,,,Driver asked to cancel,Not Applicable,Not Applicable,Not Applicable,575,Not Applicable,0,,
2024-07-25 18:24:00,CNR4671301992,Success,CID781724,Auto,Nagarbhavi,Tumkur Road,126.0,40.0,Not Applicable,Not Applicable,No,Not Applicable,430,UPI,1,4.3,4.2
2024-07-27 14:02:00,CNR3850753231,Driver Not Found,CID145683,Bike,Shantinagar,Kengeri,,,Not Applicable,Not Applicable,Not Applicable,Not Applicable,294,Not Applicable,0,,
2024-07-21 12:01:00,CNR2819532548,Success,CID872427,Prime Sedan,Sarjapur Road,Sahakar Nagar,245.0,140.0,Not Applicable,Not Applicable,No,Not Applicable,125,UPI,11,4.3,3.4
2024-07-13 09:00:00,CNR8435916566,Canceled by Driver,CID354693,Bike,HSR Layout,Kengeri,,,Not Applicable,More than permitted people in there,Not Applicable,Not Applicable,2632,Not Applicable,0,,
2024-07-05 08:51:00,CNR6156026609,Driver Not Found,CID191094,Prime SUV,Chickpet,Basavanagudi,,,Not Applicable,Not Applicable,Not Applicable,Not Applicable,2241,Not Applicable,0,,
2024-07-22 15:37:00,CNR9103782119,Driver Not Found,CID479946,Bike,Sahakar Nagar,Frazer Town,,,Not Applicable,Not Applicable,Not Applicable,Not Applicable,153,Not Applicable,0,,
2024-07-30 00:29:00,CNR8318000924,Success,CID744726,Mini,Whitefield,Koramangala,105.0,115.0,Not Applicable,Not Applicable,No,Not Applicable,966,Cash,38,3.9,4.5
2024-07-13 21:33:00,CNR6757892457,Canceled by Driver,CID462713,Mini,JP Nagar,Vijayanagar,,,Not Applicable,Customer related issue,Not Applicable,Not Applicable,547,Not Applicable,0,,
2024-07-23 10:59:00,CNR9413349810,Canceled by Customer,CID804070,Bike,Yelahanka,Tumkur Road,,,Driver asked to cancel,Not Applicable,Not Applicable,Not Applicable,639,Not Applicable,0,,
2024-07-30 10:48:00,CNR2788978855,Success,CID794404,Mini,Basavanagudi,Vijayanagar,287.0,100.0,Not Applicable,Not Applicable,No,Not Applicable,440,UPI,24,4.3,4.5
2024-07-03 20:44:00,CNR2246464056,Success,CID606651,Mini,Bannerghatta Road,Shantinagar,238.0,35.0,Not Applicable,Not Applicable,No,Not Applicable,756,Cash,5,4.5,4.6
2024-07-01 07:06:00,CNR6018224481,Success,CID663725,Bike,Shantinagar,Malleshwaram,189.0,65.0,Not Applicable,Not Applicable,No,Not Applicable,609,UPI,28,4.3,4.8
2024-07-22 17:33:00,CNR2076915048,Success,CID694691,Mini,Banashankari,Jayanagar,280.0,135.0,Not Applicable,Not Applicable,No,Not Applicable,2441,UPI,40,5.0,3.4
2024-07-30 01:16:00,CNR2533866538,Canceled by Driver,CID234358,Mini,JP Nagar,Bellandur,,,Not Applicable,Personal & Car related issue,Not Applicable,Not Applicable,341,Not Applicable,0,,
2024-07-25 18:10:00,CNR2208398212,Success,CID819034,Mini,Marathahalli,BTM Layout,231.0,115.0,Not Applicable,Not Applicable,No,Not Applicable,374,Cash,9,3.3,4.9
2024-07-05 18:56:00,CNR9125527567,Canceled by Customer,CID630091,eBike,JP Nagar,Hebbal,,,Driver asked to cancel,Not Applicable,Not Applicable,Not Applicable,299,Not Applicable,0,,
2024-07-08 11:53:00,CNR3766115033,Success,CID106181,Auto,Ramamurthy Nagar,Frazer Town,231.0,25.0,Not Applicable,Not Applicable,No,Not Applicable,180,Cash,16,3.8,4.5
2024-07-04 13:35:00,CNR3843062482,Canceled by Customer,CID469978,Prime Plus,Malleshwaram,RT Nagar,,,Driver asked to cancel,Not Applicable,Not Applicable,Not Applicable,234,Not Applicable,0,,
2024-07-22 05:11:00,CNR1379108395,Success,CID883223,Prime Sedan,Hennur,Hosur Road,231.0,25.0,Not Applicable,Not Applicable,No,Not Applicable,905,UPI,5,4.9,3.6
2024-07-29 02:25:00,CNR6574704539,Driver Not Found,CID680339,eBike,Chickpet,Shivajinagar,,,Not Applicable,Not Applicable,Not Applicable,Not Applicable,479,Not Applicable,0,,
2024-07-12 06:16:00,CNR9289746328,Canceled by Customer,CID315904,Auto,JP Nagar,Banashankari,,,Driver is not moving towards pickup location,Not Applicable,Not Applicable,Not Applicable,624,Not Applicable,0,,
2024-07-28 23:52:00,CNR5280890126,Success,CID735797,Prime Sedan,Varthur,Ulsoor,280.0,90.0,Not Applicable,Not Applicable,No,Not Applicable,384,Cash,36,3.6,3.1
2024-07-30 22:43:00,CNR9913130866,Success,CID413614,Auto,KR Puram,RT Nagar,154.0,40.0,Not Applicable,Not Applicable,No,Not Applicable,160,UPI,3,3.4,4.1
2024-07-18 01:12:00,CNR3257250750,Success,CID553028,Auto,JP Nagar,Cox Town,231.0,50.0,Not Applicable,Not Applicable,No,Not Applicable,249,UPI,9,3.7,3.6
2024-07-09 04:43:00,CNR6298240785,Success,CID341519,Mini,Basavanagudi,Bellandur,224.0,110.0,Not Applicable,Not Applicable,No,Not Applicable,148,UPI,7,3.9,3.1
2024-07-25 14:44:00,CNR7756028558,Success,CID275808,eBike,Hulimavu,Sahakar Nagar,98.0,35.0,Not Applicable,Not Applicable,No,Not Applicable,304,Cash,11,3.6,3.8
2024-07-27 05:43:00,CNR7432147059,Success,CID430589,eBike,Shantinagar,Hennur,35.0,55.0,Not Applicable,Not Applicable,No,Not Applicable,327,UPI,18,3.6,4.7
2024-07-18 12:06:00,CNR3838198821,Success,CID882959,Prime Plus,Bellandur,Rajarajeshwari Nagar,98.0,95.0,Not Applicable,Not Applicable,No,Not Applicable,832,Credit Card,25,4.2,3.2
2024-07-08 20:52:00,CNR7587232651,Canceled by Driver,CID918991,Mini,HSR Layout,Sarjapur Road,,,Not Applicable,Customer related issue,Not Applicable,Not Applicable,153,Not Applicable,0,,
2024-07-20 04:31:00,CNR2908744335,Success,CID466134,Prime SUV,Tumkur Road,Sarjapur Road,280.0,110.0,Not Applicable,Not Applicable,No,Not Applicable,828,Credit Card,16,3.4,3.4
2024-07-14 12:44:00,CNR6573839430,Canceled by Driver,CID483311,Prime Sedan,Padmanabhanagar,Ulsoor,,,Not Applicable,More than permitted people in there,Not Applicable,Not Applicable,465,Not Applicable,0,,
2024-07-30 07:10:00,CNR1936020413,Success,CID805077,Auto,Mysore Road,Hosur Road,154.0,130.0,Not Applicable,Not Applicable,No,Not Applicable,766,UPI,15,3.8,4.5
2024-07-26 11:15:00,CNR2302573033,Canceled by Driver,CID799952,Bike,Devanahalli,Tumkur Road,,,Not Applicable,More than permitted people in there,Not Applicable,Not Applicable,175,Not Applicable,0,,
2024-07-07 18:22:00,CNR2308951022,Success,CID609589,Mini,Banashankari,Richmond Town,217.0,45.0,Not Applicable,Not Applicable,No,Not Applicable,180,UPI,43,3.8,3.9
2024-07-27 01:45:00,CNR8494590227,Success,CID321584,Prime SUV,Frazer Town,Rajajinagar,224.0,70.0,Not Applicable,Not Applicable,No,Not Applicable,129,UPI,15,3.1,4.0
2024-07-13 11:38:00,CNR9600008104,Success,CID931155,eBike,KR Puram,Kadugodi,175.0,45.0,Not Applicable,Not Applicable,No,Not Applicable,267,UPI,20,4.3,3.0
2024-07-21 08:39:00,CNR9234176769,Canceled by Driver,CID158992,Prime Sedan,Majestic,Kengeri,,,Not Applicable,Personal & Car related issue,Not Applicable,Not Applicable,790,Not Applicable,0,,
2024-07-19 12:35:00,CNR8000627710,Success,CID855395,Mini,Yeshwanthpur,KR Puram,308.0,145.0,Not Applicable,Not Applicable,No,Not Applicable,129,UPI,35,3.3,3.8
2024-07-14 12:31:00,CNR1181492917,Canceled by Driver,CID695790,Prime Sedan,Tumkur Road,Cox Town,,,Not Applicable,Personal & Car related issue,Not Applicable,Not Applicable,371,Not Applicable,0,,
2024-07-26 11:03:00,CNR5787452836,Success,CID229865,Auto,Devanahalli,Bellandur,161.0,115.0,Not Applicable,Not Applicable,No,Not Applicable,407,Cash,15,4.4,4.0
2024-07-12 21:49:00,CNR8182867686,Success,CID941290,Mini,Shivajinagar,Langford Town,280.0,120.0,Not Applicable,Not Applicable,No,Not Applicable,436,Cash,40,4.2,4.3
2024-07-01 20:39:00,CNR8340193670,Driver Not Found,CID546501,Prime Sedan,Tumkur Road,Cox Town,,,Not Applicable,Not Applicable,Not Applicable,Not Applicable,455,Not Applicable,0,,
2024-07-04 19:04:00,CNR6027418610,Canceled by Driver,CID657486,eBike,Peenya,Bannerghatta Road,,,Not Applicable,Customer related issue,Not Applicable,Not Applicable,232,Not Applicable,0,,
2024-07-21 17:19:00,CNR9992446316,Success,CID967163,Auto,Indiranagar,Hennur,126.0,120.0,Not Applicable,Not Applicable,No,Not Applicable,252,UPI,2,3.4,3.6
2024-07-06 14:07:00,CNR5803989602,Success,CID333098,Prime Sedan,Nagarbhavi,Kadugodi,273.0,65.0,Not Applicable,Not Applicable,No,Not Applicable,2663,UPI,30,3.1,3.1
2024-07-07 22:53:00,CNR1072054074,Success,CID200221,Mini,Rajarajeshwari Nagar,Electronic City,70.0,95.0,Not Applicable,Not Applicable,No,Not Applicable,434,UPI,48,4.2,4.0
2024-07-28 08:29:00,CNR9168139320,Success,CID601596,Bike,Koramangala,Yelahanka,231.0,35.0,Not Applicable,Not Applicable,No,Not Applicable,133,UPI,24,3.5,3.4
2024-07-20 10:06:00,CNR1187290921,Canceled by Driver,CID187573,Prime Plus,Cox Town,Kammanahalli,,,Not Applicable,Personal & Car related issue,Not Applicable,Not Applicable,438,Not Applicable,0,,
2024-07-07 18:34:00,CNR3201253168,Success,CID127962,Prime SUV,Whitefield,Marathahalli,287.0,145.0,Not Applicable,Not Applicable,No,Not Applicable,2745,Cash,7,4.1,3.9
2024-07-21 08:55:00,CNR1627796518,Success,CID420741,Bike,Rajajinagar,Sahakar Nagar,35.0,130.0,Not Applicable,Not Applicable,No,Not Applicable,482,Cash,41,5.0,4.3
2024-07-04 01:43:00,CNR7816028210,Success,CID550665,Bike,Ramamurthy Nagar,Kammanahalli,147.0,55.0,Not Applicable,Not Applicable,No,Not Applicable,458,Cash,15,3.7,4.8
2024-07-01 02:05:00,CNR4061702761,Success,CID897761,Prime Sedan,Cox Town,Peenya,91.0,40.0,Not Applicable,Not Applicable,No,Not Applicable,473,UPI,37,3.5,4.2
2024-07-26 20:05:00,CNR8415416046,Driver Not Found,CID842046,Prime SUV,Chamarajpet,Hosur Road,,,Not Applicable,Not Applicable,Not Applicable,Not Applicable,106,Not Applicable,0,,
2024-07-30 09:16:00,CNR6351292396,Canceled by Driver,CID241907,Prime Plus,HSR Layout,Vijayanagar,,,Not Applicable,Personal & Car related issue,Not Applicable,Not Applicable,429,Not Applicable,0,,
2024-07-23 02:15:00,CNR5404807018,Canceled by Customer,CID459027,Prime Sedan,KR Puram,Chickpet,,,Change of plans,Not Applicable,Not Applicable,Not Applicable,444,Not Applicable,0,,
2024-07-08 11:52:00,CNR5219340092,Success,CID176700,Auto,Richmond Town,Kengeri,245.0,145.0,Not Applicable,Not Applicable,No,Not Applicable,2498,UPI,15,4.7,4.7
2024-07-05 22:41:00,CNR6656077502,Success,CID911603,Prime SUV,Hulimavu,Whitefield,70.0,95.0,Not Applicable,Not Applicable,No,Not Applicable,2018,Cash,18,4.8,4.1
2024-07-25 01:09:00,CNR7323889709,Success,CID977313,eBike,Vijayanagar,Sarjapur Road,238.0,30.0,Not Applicable,Not Applicable,No,Not Applicable,1217,UPI,22,3.3,4.9
2024-07-18 16:40:00,CNR5647735366,Success,CID304718,Bike,Yeshwanthpur,BTM Layout,49.0,105.0,Not Applicable,Not Applicable,No,Not Applicable,305,Cash,18,3.3,3.2
2024-07-23 09:47:00,CNR3941655499,Driver Not Found,CID200930,Bike,Vijayanagar,Vijayanagar,,,Not Applicable,Not Applicable,Not Applicable,Not Applicable,335,Not Applicable,0,,
2024-07-21 10:44:00,CNR8274840999,Canceled by Driver,CID240063,Prime Plus,Whitefield,Sarjapur Road,,,Not Applicable,Personal & Car related issue,Not Applicable,Not Applicable,263,Not Applicable,0,,
2024-07-18 15:54:00,CNR1063468982,Success,CID514453,Auto,RT Nagar,Kadugodi,49.0,30.0,Not Applicable,Not Applicable,No,Not Applicable,325,Cash,13,3.7,3.4
2024-07-19 05:43:00,CNR7433836328,Success,CID399640,Mini,Kammanahalli,Hebbal,182.0,140.0,Not Applicable,Not Applicable,No,Not Applicable,230,UPI,13,3.3,3.9
2024-07-01 02:35:00,CNR1115371425,Success,CID454802,Prime SUV,KR Puram,Kengeri,70.0,75.0,Not Applicable,Not Applicable,No,Not Applicable,915,Cash,8,3.6,3.1
2024-07-29 21:47:00,CNR4041755140,Canceled by Driver,CID378573,Prime Sedan,Ramamurthy Nagar,Richmond Town,,,Not Applicable,Personal & Car related issue,Not Applicable,Not Applicable,2179,Not Applicable,0,,
2024-07-06 00:01:00,CNR3422750599,Success,CID512194,Prime Sedan,Ramamurthy Nagar,Devanahalli,70.0,35.0,Not Applicable,Not Applicable,No,Not Applicable,637,Cash,22,3.3,3.0
2024-07-23 05:29:00,CNR5662396924,Success,CID649108,Bike,Varthur,Chickpet,217.0,130.0,Not Applicable,Not Applicable,No,Not Applicable,355,UPI,47,3.2,4.3
2024-07-02 18:23:00,CNR5904904571,Success,CID363744,Bike,Tumkur Road,Kadugodi,154.0,125.0,Not Applicable,Not Applicable,No,Not Applicable,2010,UPI,35,4.7,4.7
2024-07-07 03:06:00,CNR8496066342,Success,CID474965,Prime Sedan,Bellandur,Electronic City,245.0,135.0,Not Applicable,Not Applicable,No,Not Applicable,726,Cash,8,4.9,3.4
2024-07-10 05:00:00,CNR9621957426,Success,CID757095,Mini,Kammanahalli,BTM Layout,84.0,130.0,Not Applicable,Not Applicable,No,Not Applicable,140,Cash,21,4.1,3.2
2024-07-23 08:24:00,CNR2119680024,Driver Not Found,CID481345,Auto,Chickpet,Ramamurthy Nagar,,,Not Applicable,Not Applicable,Not Applicable,Not Applicable,142,Not Applicable,0,,
2024-07-09 01:22:00,CNR5845274914,Driver Not Found,CID612140,Auto,Rajarajeshwari Nagar,Nagarbhavi,,,Not Applicable,Not Applicable,Not Applicable,Not Applicable,529,Not Applicable,0,,
2024-07-20 03:43:00,CNR5945953720,Success,CID637795,Prime Sedan,Kengeri,Basavanagudi,126.0,140.0,Not Applicable,Not Applicable,No,Not Applicable,395,Cash,30,3.7,4.7
2024-07-14 03:08:00,CNR5789604861,Success,CID622429,Bike,Varthur,Koramangala,294.0,135.0,Not Applicable,Not Applicable,No,Not Applicable,630,Cash,14,3.2,4.7
2024-07-07 03:34:00,CNR5482969721,Canceled by Driver,CID253737,Prime SUV,HSR Layout,Frazer Town,,,Not Applicable,Customer was coughing/sick,Not Applicable,Not Applicable,527,Not Applicable,0,,
2024-07-30 22:43:00,CNR9662024541,Success,CID206376,Mini,JP Nagar,RT Nagar,294.0,95.0,Not Applicable,Not Applicable,Yes,Vehicle Breakdown,461,Cash,1,3.9,3.9
2024-07-18 18:28:00,CNR3955195802,Canceled by Driver,CID708235,Auto,Richmond Town,Vijayanagar,,,Not Applicable,More than permitted people in there,Not Applicable,Not Applicable,395,Not Applicable,0,,
2024-07-25 07:24:00,CNR9050215599,Success,CID199054,Prime Sedan,Chickpet,Kammanahalli,196.0,135.0,Not Applicable,Not Applicable,Yes,Customer Demand,1898,UPI,11,4.0,3.2
2024-07-23 22:02:00,CNR3238624628,Success,CID414838,eBike,Whitefield,RT Nagar,280.0,90.0,Not Applicable,Not Applicable,No,Not Applicable,305,Cash,26,4.4,4.5
2024-07-24 19:06:00,CNR2076195491,Canceled by Customer,CID606344,Mini,Tumkur Road,Frazer Town,,,Driver asked to cancel,Not Applicable,Not Applicable,Not Applicable,129,Not Applicable,0,,
2024-07-09 10:46:00,CNR5493495791,Success,CID235821,Prime Plus,Kadugodi,Jayanagar,70.0,75.0,Not Applicable,Not Applicable,No,Not Applicable,1871,UPI,35,4.6,3.4
2024-07-04 04:31:00,CNR3759400929,Canceled by Driver,CID505151,Prime SUV,HSR Layout,Chickpet,,,Not Applicable,More than permitted people in there,Not Applicable,Not Applicable,213,Not Applicable,0,,
2024-07-27 15:58:00,CNR1524698677,Driver Not Found,CID704893,Prime Sedan,Marathahalli,Varthur,,,Not Applicable,Not Applicable,Not Applicable,Not Applicable,330,Not Applicable,0,,
2024-07-03 04:07:00,CNR1593495544,Success,CID649044,Prime SUV,Peenya,JP Nagar,56.0,100.0,Not Applicable,Not Applicable,No,Not Applicable,168,Cash,21,3.8,3.5
2024-07-27 14:22:00,CNR2736101641,Canceled by Driver,CID764419,Prime Sedan,Electronic City,Kadugodi,,,Not Applicable,Customer related issue,Not Applicable,Not Applicable,688,Not Applicable,0,,
2024-07-15 18:13:00,CNR7584831024,Success,CID226872,Bike,Banashankari,Sahakar Nagar,133.0,40.0,Not Applicable,Not Applicable,No,Not Applicable,2970,Cash,20,4.4,4.4
2024-07-30 22:34:00,CNR7183169972,Canceled by Driver,CID557487,Bike,Whitefield,Kadugodi,,,Not Applicable,Customer related issue,Not Applicable,Not Applicable,121,Not Applicable,0,,
2024-07-15 20:47:00,CNR2293185160,Driver Not Found,CID901367,Mini,Devanahalli,Hennur,,,Not Applicable,Not Applicable,Not Applicable,Not Applicable,660,Not Applicable,0,,
2024-07-27 20:43:00,CNR8370963393,Success,CID823428,eBike,Tumkur Road,Koramangala,91.0,55.0,Not Applicable,Not Applicable,No,Not Applicable,213,Cash,46,4.4,4.8
2024-07-13 00:27:00,CNR1951890404,Success,CID835489,Auto,HSR Layout,Hulimavu,203.0,75.0,Not Applicable,Not Applicable,No,Not Applicable,724,UPI,19,4.0,4.3
2024-07-19 10:23:00,CNR3387520613,Success,CID933520,Prime Sedan,Magadi Road,Rajarajeshwari Nagar,252.0,145.0,Not Applicable,Not Applicable,No,Not Applicable,732,Cash,33,3.5,3.1
2024-07-09 12:26:00,CNR3281058907,Success,CID947132,Prime Plus,Magadi Road,Padmanabhanagar,112.0,100.0,Not Applicable,Not Applicable,No,Not Applicable,298,UPI,46,4.0,4.0
2024-07-06 15:06:00,CNR8277827869,Success,CID624868,Prime SUV,Hennur,Nagarbhavi,168.0,30.0,Not Applicable,Not Applicable,No,Not Applicable,167,UPI,38,3.8,3.7
2024-07-05 04:21:00,CNR9046711385,Success,CID503698,Mini,Jayanagar,Yeshwanthpur,112.0,50.0,Not Applicable,Not Applicable,No,Not Applicable,322,Cash,44,4.8,4.8
2024-07-22 23:13:00,CNR5699403784,Success,CID368536,Prime SUV,MG Road,Chamarajpet,63.0,135.0,Not Applicable,Not Applicable,No,Not Applicable,115,Cash,40,4.0,4.8
2024-07-26 23:23:00,CNR7062339546,Driver Not Found,CID233577,eBike,Ulsoor,Hulimavu,,,Not Applicable,Not Applicable,Not Applicable,Not Applicable,472,Not Applicable,0,,
2024-07-18 00:28:00,CNR5219950397,Success,CID112946,eBike,Rajarajeshwari Nagar,Richmond Town,70.0,105.0,Not Applicable,Not Applicable,No,Not Applicable,418,UPI,5,3.7,3.2
2024-07-19 23:54:00,CNR5850880654,Success,CID209432,Prime Sedan,Bellandur,Ulsoor,189.0,45.0,Not Applicable,Not Applicable,No,Not Applicable,391,Cash,7,4.0,3.5
2024-07-05 14:49:00,CNR9509620357,Canceled by Driver,CID857367,Auto,Ramamurthy Nagar,Malleshwaram,,,Not Applicable,Personal & Car related issue,Not Applicable,Not Applicable,283,Not Applicable,0,,
2024-07-06 04:41:00,CNR8463670220,Success,CID363240,eBike,Varthur,Rajajinagar,287.0,105.0,Not Applicable,Not Applicable,No,Not Applicable,503,UPI,20,4.6,4.7
2024-07-19 20:37:00,CNR5446543623,Canceled by Customer,CID533355,Prime Sedan,Marathahalli,JP Nagar,,,Driver is not moving towards pickup location,Not Applicable,Not Applicable,Not Applicable,271,Not Applicable,0,,
2024-07-29 15:23:00,CNR3883727476,Success,CID291089,Prime Plus,Peenya,Hosur Road,182.0,120.0,Not Applicable,Not Applicable,Yes,Vehicle Breakdown,235,Cash,43,3.1,4.1
2024-07-10 14:32:00,CNR3479890751,Canceled by Driver,CID475611,Prime SUV,Hosur Road,Ulsoor,,,Not Applicable,Personal & Car related issue,Not Applicable,Not Applicable,1303,Not Applicable,0,,
2024-07-24 21:22:00,CNR4062177888,Canceled by Driver,CID475758,Prime Plus,Shivajinagar,Kengeri,,,Not Applicable,Personal & Car related issue,Not Applicable,Not Applicable,318,Not Applicable,0,,
2024-07-08 15:51:00,CNR5330295864,Success,CID195059,Prime Sedan,Shantinagar,Langford Town,287.0,100.0,Not Applicable,Not Applicable,No,Not Applicable,656,Cash,24,4.5,4.6
2024-07-21 02:54:00,CNR5567279081,Success,CID221761,Prime SUV,Kammanahalli,Vijayanagar,280.0,125.0,Not Applicable,Not Applicable,No,Not Applicable,266,UPI,48,3.9,4.3
2024-07-20 15:20:00,CNR4643325669,Canceled by Customer,CID533727,Auto,MG Road,Magadi Road,,,AC is Not working,Not Applicable,Not Applicable,Not Applicable,220,Not Applicable,0,,
2024-07-23 21:02:00,CNR7207644594,Success,CID544851,Prime SUV,Langford Town,Chamarajpet,210.0,55.0,Not Applicable,Not Applicable,No,Not Applicable,303,Cash,17,4.6,3.6
2024-07-15 23:30:00,CNR7918485013,Canceled by Driver,CID784117,Auto,Vijayanagar,Shantinagar,,,Not Applicable,Customer was coughing/sick,Not Applicable,Not Applicable,662,Not Applicable,0,,
2024-07-18 03:50:00,CNR3559522301,Success,CID993007,Mini,Ramamurthy Nagar,Kadugodi,112.0,55.0,Not Applicable,Not Applicable,No,Not Applicable,479,UPI,22,4.9,3.4
2024-07-19 13:54:00,CNR1469928421,Success,CID147686,Prime SUV,Rajarajeshwari Nagar,Ulsoor,217.0,80.0,Not Applicable,Not Applicable,No,Not Applicable,291,Cash,42,4.0,3.6
2024-07-04 14:59:00,CNR6233179604,Driver Not Found,CID910992,Mini,Banashankari,Mysore Road,,,Not Applicable,Not Applicable,Not Applicable,Not Applicable,430,Not Applicable,0,,
2024-07-30 19:18:00,CNR2366555899,Canceled by Customer,CID773562,Prime Sedan,JP Nagar,Magadi Road,,,Driver is not moving towards pickup location,Not Applicable,Not Applicable,Not Applicable,2723,Not Applicable,0,,
2024-07-23 06:18:00,CNR3714678404,Success,CID785312,Auto,Hebbal,Langford Town,63.0,45.0,Not Applicable,Not Applicable,No,Not Applicable,2151,Cash,10,3.1,3.8
2024-07-23 22:48:00,CNR6416943275,Driver Not Found,CID895879,Prime Plus,Sarjapur Road,Malleshwaram,,,Not Applicable,Not Applicable,Not Applicable,Not Applicable,118,Not Applicable,0,,
2024-07-24 21:49:00,CNR8002698385,Success,CID456626,eBike,Kammanahalli,BTM Layout,294.0,125.0,Not Applicable,Not Applicable,No,Not Applicable,2326,UPI,16,4.6,4.6
2024-07-24 18:33:00,CNR3921893175,Success,CID966764,Bike,Ulsoor,Kadugodi,161.0,35.0,Not Applicable,Not Applicable,No,Not Applicable,241,Cash,11,3.4,3.9
2024-07-30 16:26:00,CNR4420044368,Success,CID540040,Prime SUV,Rajarajeshwari Nagar,Devanahalli,140.0,135.0,Not Applicable,Not Applicable,No,Not Applicable,223,UPI,33,4.6,4.6
2024-07-28 14:51:00,CNR2749078222,Success,CID442832,Mini,Koramangala,Mysore Road,238.0,90.0,Not Applicable,Not Applicable,No,Not Applicable,481,Cash,17,3.5,4.0
2024-07-19 03:46:00,CNR5545614705,Success,CID489796,Prime Sedan,Whitefield,Chickpet,203.0,100.0,Not Applicable,Not Applicable,No,Not Applicable,208,UPI,29,4.9,3.9
2024-07-15 14:52:00,CNR9982614917,Success,CID141928,Prime Sedan,Ramamurthy Nagar,Jayanagar,140.0,140.0,Not Applicable,Not Applicable,No,Not Applicable,132,Cash,22,3.0,4.9
2024-07-28 11:05:00,CNR5370999252,Success,CID355942,Bike,Vijayanagar,JP Nagar,210.0,35.0,Not Applicable,Not Applicable,No,Not Applicable,1409,UPI,4,3.2,3.4
2024-07-02 03:32:00,CNR5108231888,Success,CID132275,Prime Sedan,Indiranagar,BTM Layout,77.0,90.0,Not Applicable,Not Applicable,No,Not Applicable,268,Cash,19,4.4,5.0
2024-07-22 07:21:00,CNR6623816306,Success,CID842220,Prime Sedan,Whitefield,Bellandur,126.0,55.0,Not Applicable,Not Applicable,No,Not Applicable,240,UPI,33,3.8,3.8
2024-07-28 01:42:00,CNR4814785239,Success,CID619141,eBike,MG Road,Bannerghatta Road,98.0,140.0,Not Applicable,Not Applicable,No,Not Applicable,346,UPI,26,4.9,4.2
2024-07-01 21:06:00,CNR3006981209,Canceled by Customer,CID979628,Mini,Basavanagudi,Kadugodi,,,Change of plans,Not Applicable,Not Applicable,Not Applicable,110,Not Applicable,0,,
2024-07-24 02:36:00,CNR1134447058,Canceled by Customer,CID605982,Prime SUV,Devanahalli,Tumkur Road,,,Change of plans,Not Applicable,Not Applicable,Not Applicable,628,Not Applicable,0,,
2024-07-24 05:10:00,CNR4025445444,Success,CID530351,Auto,Cox Town,Vijayanagar,301.0,50.0,Not Applicable,Not Applicable,No,Not Applicable,694,UPI,13,3.6,3.2
2024-07-15 02:32:00,CNR4469577889,Success,CID536503,Auto,Sahakar Nagar,BTM Layout,49.0,35.0,Not Applicable,Not Applicable,No,Not Applicable,342,Cash,2,3.8,4.0
2024-07-06 21:52:00,CNR7372584662,Success,CID502302,Bike,Langford Town,RT Nagar,252.0,40.0,Not Applicable,Not Applicable,No,Not Applicable,410,Cash,4,4.3,3.5
2024-07-21 19:14:00,CNR4202381636,Canceled by Customer,CID451847,Prime SUV,Richmond Town,Langford Town,,,Driver is not moving towards pickup location,Not Applicable,Not Applicable,Not Applicable,1712,Not Applicable,0,,
2024-07-13 02:05:00,CNR5478923619,Canceled by Driver,CID422219,Mini,Hosur Road,Shantinagar,,,Not Applicable,Personal & Car related issue,Not Applicable,Not Applicable,536,Not Applicable,0,,
2024-07-11 20:47:00,CNR7515538494,Success,CID335241,Mini,Vijayanagar,Richmond Town,161.0,110.0,Not Applicable,Not Applicable,No,Not Applicable,446,Cash,20,3.6,4.0
2024-07-08 19:58:00,CNR7657290803,Canceled by Driver,CID348882,Prime Plus,Langford Town,JP Nagar,,,Not Applicable,Customer related issue,Not Applicable,Not Applicable,385,Not Applicable,0,,
2024-07-26 09:33:00,CNR5210897166,Success,CID178730,Prime Plus,Malleshwaram,Majestic,119.0,130.0,Not Applicable,Not Applicable,No,Not Applicable,2553,Cash,38,4.2,3.1
2024-07-14 19:52:00,CNR9598878663,Success,CID711360,Prime Plus,Kengeri,Hosur Road,182.0,80.0,Not Applicable,Not Applicable,No,Not Applicable,237,Cash,35,4.7,4.2
2024-07-09 17:39:00,CNR4757925970,Success,CID871688,Mini,Ulsoor,Hosur Road,63.0,140.0,Not Applicable,Not Applicable,No,Not Applicable,216,UPI,26,4.6,4.3
2024-07-01 22:08:00,CNR4261346965,Canceled by Customer,CID240762,Bike,Kammanahalli,Cox Town,,,Driver is not moving towards pickup location,Not Applicable,Not Applicable,Not Applicable,763,Not Applicable,0,,
2024-07-18 21:55:00,CNR8739037220,Success,CID546321,Mini,Yeshwanthpur,Hosur Road,224.0,135.0,Not Applicable,Not Applicable,No,Not Applicable,789,UPI,6,3.7,4.5
2024-07-18 20:27:00,CNR6234519963,Canceled by Customer,CID278035,Prime SUV,Cox Town,Banashankari,,,Change of plans,Not Applicable,Not Applicable,Not Applicable,264,Not Applicable,0,,
2024-07-30 10:03:00,CNR9000115619,Success,CID796789,Prime Plus,Marathahalli,Nagarbhavi,238.0,40.0,Not Applicable,Not Applicable,Yes,Other Issue,394,UPI,18,3.8,4.7
2024-07-16 21:17:00,CNR4722327253,Canceled by Driver,CID649119,Mini,Indiranagar,Hosur Road,,,Not Applicable,Customer was coughing/sick,Not Applicable,Not Applicable,162,Not Applicable,0,,
2024-07-12 15:32:00,CNR4970373474,Success,CID324509,Prime Sedan,Chickpet,Mysore Road,231.0,45.0,Not Applicable,Not Applicable,No,Not Applicable,443,Cash,38,3.8,4.4
2024-07-26 16:22:00,CNR7817108769,Success,CID841673,Prime SUV,Jayanagar,Nagarbhavi,203.0,30.0,Not Applicable,Not Applicable,No,Not Applicable,134,Cash,1,3.5,4.5
2024-07-05 03:34:00,CNR6396346969,Success,CID334903,Prime Plus,Marathahalli,Yelahanka,105.0,25.0,Not Applicable,Not Applicable,No,Not Applicable,195,UPI,30,3.2,3.9
2024-07-14 07:21:00,CNR3741767952,Canceled by Customer,CID204383,Auto,Ramamurthy Nagar,Bellandur,,,Driver is not moving towards pickup location,Not Applicable,Not Applicable,Not Applicable,913,Not Applicable,0,,
2024-07-08 07:59:00,CNR2187472245,Success,CID976165,Prime SUV,Kammanahalli,Magadi Road,126.0,55.0,Not Applicable,Not Applicable,No,Not Applicable,782,UPI,11,3.7,4.6
2024-07-22 08:48:00,CNR8842142970,Canceled by Driver,CID394554,Bike,Magadi Road,Nagarbhavi,,,Not Applicable,Customer related issue,Not Applicable,Not Applicable,183,Not Applicable,0,,
2024-07-07 23:01:00,CNR1609464133,Success,CID586898,Bike,Kammanahalli,Magadi Road,203.0,45.0,Not Applicable,Not Applicable,No,Not Applicable,117,Credit Card,18,5.0,4.8
2024-07-25 01:37:00,CNR1766966938,Driver Not Found,CID239187,Prime SUV,Koramangala,Electronic City,,,Not Applicable,Not Applicable,Not Applicable,Not Applicable,353,Not Applicable,0,,
2024-07-25 22:14:00,CNR3810895746,Success,CID622917,Prime Sedan,Vijayanagar,Yeshwanthpur,154.0,55.0,Not Applicable,Not Applicable,No,Not Applicable,201,UPI,12,4.7,4.8
2024-07-03 07:06:00,CNR8438039918,Driver Not Found,CID216786,Prime Sedan,Padmanabhanagar,RT Nagar,,,Not Applicable,Not Applicable,Not Applicable,Not Applicable,258,Not Applicable,0,,
2024-07-27 07:36:00,CNR7766447616,Canceled by Customer,CID114831,eBike,Rajajinagar,Bannerghatta Road,,,Driver asked to cancel,Not Applicable,Not Applicable,Not Applicable,610,Not Applicable,0,,
2024-07-13 19:58:00,CNR3672324603,Canceled by Driver,CID399848,Prime Sedan,Richmond Town,JP Nagar,,,Not Applicable,Personal & Car related issue,Not Applicable,Not Applicable,174,Not Applicable,0,,
2024-07-21 08:32:00,CNR7798798906,Success,CID264679,Mini,Marathahalli,Shivajinagar,119.0,30.0,Not Applicable,Not Applicable,No,Not Applicable,841,UPI,49,5.0,3.9
2024-07-21 07:46:00,CNR3357074013,Success,CID773438,Mini,Padmanabhanagar,Shivajinagar,175.0,125.0,Not Applicable,Not Applicable,No,Not Applicable,136,UPI,37,4.8,4.8
2024-07-05 07:47:00,CNR5166309822,Success,CID564548,Prime Sedan,Yelahanka,Magadi Road,70.0,40.0,Not Applicable,Not Applicable,No,Not Applicable,798,Cash,40,4.0,3.2
2024-07-11 02:26:00,CNR5290533286,Success,CID787522,Auto,Yeshwanthpur,Vijayanagar,126.0,75.0,Not Applicable,Not Applicable,No,Not Applicable,318,UPI,8,4.5,4.3
2024-07-14 11:07:00,CNR7468073188,Canceled by Driver,CID214552,Mini,Nagarbhavi,Frazer Town,,,Not Applicable,Customer was coughing/sick,Not Applicable,Not Applicable,1397,Not Applicable,0,,
2024-07-18 12:20:00,CNR4171363984,Success,CID842077,Prime Sedan,Malleshwaram,Vijayanagar,91.0,75.0,Not Applicable,Not Applicable,No,Not Applicable,966,Cash,39,4.9,4.1
2024-07-30 13:21:00,CNR6426573738,Success,CID756273,Prime Plus,Ramamurthy Nagar,RT Nagar,63.0,25.0,Not Applicable,Not Applicable,No,Not Applicable,205,Cash,28,3.9,3.5
2024-07-15 02:54:00,CNR2507469008,Driver Not Found,CID916104,Bike,Electronic City,Mysore Road,,,Not Applicable,Not Applicable,Not Applicable,Not Applicable,468,Not Applicable,0,,
2024-07-18 00:27:00,CNR5292122180,Driver Not Found,CID726363,Prime Plus,Sarjapur Road,HSR Layout,,,Not Applicable,Not Applicable,Not Applicable,Not Applicable,154,Not Applicable,0,,
2024-07-18 19:11:00,CNR8194189570,Canceled by Customer,CID469544,Prime Plus,Indiranagar,Bellandur,,,Wrong Address,Not Applicable,Not Applicable,Not Applicable,294,Not Applicable,0,,
2024-07-12 08:23:00,CNR4968003760,Canceled by Customer,CID412427,Mini,Ramamurthy Nagar,Jayanagar,,,Driver is not moving towards pickup location,Not Applicable,Not Applicable,Not Applicable,906,Not Applicable,0,,
2024-07-01 07:00:00,CNR1427520416,Success,CID454430,Prime Plus,Mysore Road,Tumkur Road,133.0,115.0,Not Applicable,Not Applicable,Yes,Vehicle Breakdown,113,Cash,1,3.7,4.4
2024-07-24 01:37:00,CNR2590290196,Success,CID565685,Bike,Shantinagar,Yelahanka,210.0,120.0,Not Applicable,Not Applicable,Yes,Other Issue,1078,Cash,36,4.9,4.8
2024-07-17 02:08:00,CNR2082667422,Success,CID569862,Mini,Whitefield,Devanahalli,210.0,95.0,Not Applicable,Not Applicable,No,Not Applicable,161,Cash,6,3.7,4.6
2024-07-27 20:47:00,CNR9495632498,Canceled by Customer,CID990694,Prime Plus,Hebbal,Richmond Town,,,Driver is not moving towards pickup location,Not Applicable,Not Applicable,Not Applicable,399,Not Applicable,0,,
2024-07-24 20:50:00,CNR1319034381,Success,CID844959,Prime SUV,Rajarajeshwari Nagar,KR Puram,91.0,130.0,Not Applicable,Not Applicable,No,Not Applicable,2473,Cash,37,4.4,3.0
2024-07-28 01:17:00,CNR1723064969,Canceled by Driver,CID761018,Prime Plus,Tumkur Road,Hosur Road,,,Not Applicable,Personal & Car related issue,Not Applicable,Not Applicable,2255,Not Applicable,0,,
2024-07-10 18:26:00,CNR4569066250,Success,CID246097,Prime Plus,KR Puram,Peenya,210.0,125.0,Not Applicable,Not Applicable,No,Not Applicable,422,Cash,36,4.0,4.4
2024-07-12 06:17:00,CNR6155266960,Success,CID559078,Prime Sedan,Chickpet,Yeshwanthpur,133.0,80.0,Not Applicable,Not Applicable,No,Not Applicable,710,Cash,30,3.8,3.6
2024-07-11 17:02:00,CNR4456549751,Success,CID395358,Mini,Kadugodi,Yeshwanthpur,182.0,115.0,Not Applicable,Not Applicable,No,Not Applicable,274,UPI,35,4.6,3.1
2024-07-21 13:22:00,CNR3004100957,Success,CID852547,Prime Sedan,JP Nagar,Banashankari,84.0,135.0,Not Applicable,Not Applicable,No,Not Applicable,393,Cash,27,4.0,4.8
2024-07-05 13:33:00,CNR4044582340,Canceled by Customer,CID593339,Prime Sedan,Cox Town,Yelahanka,,,Change of plans,Not Applicable,Not Applicable,Not Applicable,418,Not Applicable,0,,
2024-07-04 14:29:00,CNR4018803075,Success,CID602882,eBike,Chickpet,Nagarbhavi,266.0,30.0,Not Applicable,Not Applicable,No,Not Applicable,199,UPI,22,4.4,3.9
2024-07-16 13:20:00,CNR9306654729,Canceled by Driver,CID557006,Prime Plus,Electronic City,Nagarbhavi,,,Not Applicable,Customer related issue,Not Applicable,Not Applicable,184,Not Applicable,0,,
2024-07-14 16:18:00,CNR8463370185,Success,CID968702,Prime Plus,Ramamurthy Nagar,Basavanagudi,119.0,140.0,Not Applicable,Not Applicable,No,Not Applicable,736,Cash,4,3.4,4.5
2024-07-17 07:36:00,CNR4699260643,Success,CID443995,eBike,MG Road,Electronic City,49.0,140.0,Not Applicable,Not Applicable,No,Not Applicable,534,Cash,41,3.2,3.6
2024-07-08 15:08:00,CNR4849695237,Driver Not Found,CID447733,Mini,Yelahanka,Malleshwaram,,,Not Applicable,Not Applicable,Not Applicable,Not Applicable,2534,Not Applicable,0,,
2024-07-16 19:38:00,CNR2993580352,Canceled by Driver,CID906886,Prime SUV,Jayanagar,Nagarbhavi,,,Not Applicable,Customer related issue,Not Applicable,Not Applicable,347,Not Applicable,0,,
2024-07-29 08:03:00,CNR5244296792,Success,CID617803,Mini,Richmond Town,Whitefield,49.0,70.0,Not Applicable,Not Applicable,No,Not Applicable,351,UPI,27,3.8,4.5
2024-07-02 22:32:00,CNR5160381550,Canceled by Customer,CID358745,Prime Plus,Sahakar Nagar,Frazer Town,,,Driver asked to cancel,Not Applicable,Not Applicable,Not Applicable,172,Not Applicable,0,,
2024-07-29 03:15:00,CNR7129855734,Success,CID454757,Prime Plus,Jayanagar,Hebbal,259.0,75.0,Not Applicable,Not Applicable,No,Not Applicable,384,UPI,30,3.2,3.1
2024-07-15 09:23:00,CNR4610868174,Success,CID871574,Bike,Ulsoor,Shivajinagar,308.0,130.0,Not Applicable,Not Applicable,No,Not Applicable,275,Credit Card,4,4.1,3.2
2024-07-05 10:14:00,CNR9412122751,Canceled by Customer,CID293136,Prime Plus,Kengeri,KR Puram,,,AC is Not working,Not Applicable,Not Applicable,Not Applicable,384,Not Applicable,0,,
2024-07-07 00:49:00,CNR3414393711,Success,CID161809,Prime SUV,Nagarbhavi,RT Nagar,84.0,30.0,Not Applicable,Not Applicable,No,Not Applicable,1276,Cash,16,3.5,3.6
2024-07-13 08:04:00,CNR3708312900,Canceled by Driver,CID364882,Prime SUV,Langford Town,RT Nagar,,,Not Applicable,Customer related issue,Not Applicable,Not Applicable,606,Not Applicable,0,,
2024-07-19 09:04:00,CNR6716060794,Success,CID758517,Prime SUV,Chickpet,Varthur,294.0,80.0,Not Applicable,Not Applicable,No,Not Applicable,209,UPI,19,3.7,4.5
2024-07-22 18:13:00,CNR5086584421,Success,CID934895,Prime Plus,RT Nagar,Yelahanka,140.0,95.0,Not Applicable,Not Applicable,No,Not Applicable,489,UPI,28,4.1,3.4
2024-07-09 13:13:00,CNR4107385754,Success,CID560383,eBike,Frazer Town,Varthur,210.0,30.0,Not Applicable,Not Applicable,No,Not Applicable,612,Cash,21,3.1,3.2
2024-07-30 03:22:00,CNR3900050273,Success,CID173538,Mini,Devanahalli,Electronic City,189.0,125.0,Not Applicable,Not Applicable,No,Not Applicable,1418,UPI,38,4.8,3.7
2024-07-29 13:40:00,CNR9685683456,Driver Not Found,CID644327,Bike,Tumkur Road,Nagarbhavi,,,Not Applicable,Not Applicable,Not Applicable,Not Applicable,368,Not Applicable,0,,
2024-07-08 06:57:00,CNR9028280343,Driver Not Found,CID202352,Prime Sedan,Padmanabhanagar,Mysore Road,,,Not Applicable,Not Applicable,Not Applicable,Not Applicable,167,Not Applicable,0,,
2024-07-05 18:50:00,CNR4618794511,Canceled by Customer,CID749608,Bike,Ramamurthy Nagar,Whitefield,,,Driver asked to cancel,Not Applicable,Not Applicable,Not Applicable,295,Not Applicable,0,,
2024-07-13 05:09:00,CNR7625818766,Success,CID153337,eBike,Jayanagar,Kengeri,175.0,105.0,Not Applicable,Not Applicable,No,Not Applicable,804,Credit Card,10,3.6,4.8
2024-07-19 19:49:00,CNR4894098868,Success,CID649710,Prime SUV,Ulsoor,Electronic City,224.0,120.0,Not Applicable,Not Applicable,No,Not Applicable,409,Cash,29,4.4,3.1
2024-07-06 10:39:00,CNR9508572453,Success,CID339390,Auto,Whitefield,Ramamurthy Nagar,168.0,100.0,Not Applicable,Not Applicable,No,Not Applicable,307,Cash,11,3.3,4.3
2024-07-03 04:11:00,CNR5197740332,Canceled by Customer,CID175805,Auto,KR Puram,KR Puram,,,Driver is not moving towards pickup location,Not Applicable,Not Applicable,Not Applicable,153,Not Applicable,0,,
2024-07-16 03:14:00,CNR5271583873,Canceled by Customer,CID927170,eBike,Vijayanagar,Malleshwaram,,,Change of plans,Not Applicable,Not Applicable,Not Applicable,167,Not Applicable,0,,
2024-07-04 12:01:00,CNR3132333589,Success,CID321044,Auto,Majestic,Chickpet,168.0,60.0,Not Applicable,Not Applicable,No,Not Applicable,475,Cash,8,3.1,4.4
2024-07-15 04:34:00,CNR5076987551,Canceled by Driver,CID684510,Auto,Bellandur,MG Road,,,Not Applicable,Customer related issue,Not Applicable,Not Applicable,302,Not Applicable,0,,
2024-07-22 15:22:00,CNR4867518177,Success,CID726839,Prime SUV,Hulimavu,Chickpet,182.0,115.0,Not Applicable,Not Applicable,No,Not Applicable,245,UPI,12,4.7,4.5
2024-07-16 23:58:00,CNR9646216529,Success,CID430947,Bike,Chamarajpet,Hulimavu,280.0,145.0,Not Applicable,Not Applicable,No,Not Applicable,177,Cash,9,3.1,4.1
2024-07-09 03:36:00,CNR3517990861,Success,CID720858,Prime Plus,Rajarajeshwari Nagar,Langford Town,182.0,25.0,Not Applicable,Not Applicable,No,Not Applicable,459,Cash,48,3.2,4.6
2024-07-18 01:23:00,CNR5836558855,Success,CID708410,Auto,MG Road,RT Nagar,252.0,50.0,Not Applicable,Not Applicable,No,Not Applicable,690,Cash,12,4.9,5.0
2024-07-29 22:19:00,CNR2255135226,Success,CID102043,Bike,Sarjapur Road,Hennur,161.0,45.0,Not Applicable,Not Applicable,No,Not Applicable,274,Cash,5,3.7,3.7
2024-07-05 12:20:00,CNR8304523933,Success,CID210283,Mini,Tumkur Road,Richmond Town,140.0,55.0,Not Applicable,Not Applicable,No,Not Applicable,188,UPI,38,3.4,4.2
2024-07-28 17:46:00,CNR3951069668,Canceled by Customer,CID721701,Mini,Langford Town,Nagarbhavi,,,Driver asked to cancel,Not Applicable,Not Applicable,Not Applicable,2597,Not Applicable,0,,
2024-07-28 12:17:00,CNR7634073800,Canceled by Driver,CID562648,Prime Plus,Padmanabhanagar,Ramamurthy Nagar,,,Not Applicable,Customer was coughing/sick,Not Applicable,Not Applicable,296,Not Applicable,0,,
2024-07-13 23:40:00,CNR7007400281,Success,CID130706,Auto,Malleshwaram,JP Nagar,84.0,120.0,Not Applicable,Not Applicable,No,Not Applicable,474,Cash,6,3.1,4.1
2024-07-13 12:19:00,CNR9898694085,Success,CID166722,Bike,Bellandur,Sahakar Nagar,182.0,125.0,Not Applicable,Not Applicable,No,Not Applicable,183,Credit Card,8,3.5,4.8
2024-07-12 17:59:00,CNR7318146534,Success,CID360056,Mini,Rajarajeshwari Nagar,Whitefield,217.0,55.0,Not Applicable,Not Applicable,No,Not Applicable,990,Cash,3,3.2,3.5
2024-07-14 11:05:00,CNR6390834265,Success,CID226799,Prime Plus,Whitefield,Varthur,91.0,40.0,Not Applicable,Not Applicable,No,Not Applicable,471,UPI,38,4.5,3.9
2024-07-07 01:15:00,CNR7631955958,Success,CID780266,Prime Sedan,Nagarbhavi,Majestic,42.0,100.0,Not Applicable,Not Applicable,No,Not Applicable,115,Cash,6,4.5,4.9
2024-07-17 12:23:00,CNR1930263878,Success,CID114041,eBike,Kammanahalli,Banashankari,294.0,25.0,Not Applicable,Not Applicable,No,Not Applicable,1452,UPI,11,3.2,3.0
2024-07-11 12:00:00,CNR7819531348,Canceled by Customer,CID511076,Prime Sedan,Yeshwanthpur,Shivajinagar,,,Change of plans,Not Applicable,Not Applicable,Not Applicable,682,Not Applicable,0,,
2024-07-25 16:02:00,CNR2750196456,Canceled by Driver,CID634659,Prime Plus,Kadugodi,Nagarbhavi,,,Not Applicable,Customer related issue,Not Applicable,Not Applicable,493,Not Applicable,0,,
2024-07-20 00:04:00,CNR9868053083,Success,CID818885,Bike,Jayanagar,Rajarajeshwari Nagar,140.0,140.0,Not Applicable,Not Applicable,No,Not Applicable,245,Cash,21,4.9,3.7
2024-07-22 08:51:00,CNR9800708267,Success,CID990676,Auto,Electronic City,Rajarajeshwari Nagar,287.0,55.0,Not Applicable,Not Applicable,No,Not Applicable,485,Cash,17,3.9,4.3
2024-07-25 01:38:00,CNR9950014269,Canceled by Driver,CID766067,Prime Plus,Bellandur,Kengeri,,,Not Applicable,Customer related issue,Not Applicable,Not Applicable,164,Not Applicable,0,,
2024-07-05 23:11:00,CNR8319766647,Success,CID235748,Prime Sedan,Shivajinagar,Jayanagar,245.0,30.0,Not Applicable,Not Applicable,No,Not Applicable,149,Cash,47,3.3,3.2
2024-07-23 18:20:00,CNR2995860091,Canceled by Customer,CID624832,Mini,Hennur,Peenya,,,Change of plans,Not Applicable,Not Applicable,Not Applicable,156,Not Applicable,0,,
2024-07-08 02:28:00,CNR3047459826,Success,CID802002,Prime Sedan,Kammanahalli,Kadugodi,112.0,50.0,Not Applicable,Not Applicable,No,Not Applicable,564,UPI,42,3.0,4.8
2024-07-25 16:59:00,CNR1898479997,Success,CID468821,Prime SUV,Electronic City,Langford Town,280.0,60.0,Not Applicable,Not Applicable,No,Not Applicable,224,UPI,3,3.6,4.0
2024-07-16 16:08:00,CNR1714856252,Canceled by Driver,CID419682,eBike,Whitefield,Ulsoor,,,Not Applicable,Customer was coughing/sick,Not Applicable,Not Applicable,861,Not Applicable,0,,
2024-07-06 11:07:00,CNR8326213617,Success,CID145558,Prime Sedan,RT Nagar,Varthur,147.0,70.0,Not Applicable,Not Applicable,No,Not Applicable,494,Credit Card,40,3.8,4.6
2024-07-23 17:57:00,CNR2033309638,Driver Not Found,CID110916,Mini,Shantinagar,KR Puram,,,Not Applicable,Not Applicable,Not Applicable,Not Applicable,318,Not Applicable,0,,
2024-07-09 22:48:00,CNR6435977024,Canceled by Customer,CID321087,eBike,MG Road,Frazer Town,,,Change of plans,Not Applicable,Not Applicable,Not Applicable,810,Not Applicable,0,,
2024-07-18 04:35:00,CNR4772823193,Success,CID433592,Mini,Vijayanagar,Chickpet,133.0,125.0,Not Applicable,Not Applicable,No,Not Applicable,330,Cash,32,3.1,4.7
2024-07-13 11:01:00,CNR2674335957,Success,CID112865,eBike,Kammanahalli,Kadugodi,280.0,95.0,Not Applicable,Not Applicable,No,Not Applicable,325,Cash,24,3.5,3.4
2024-07-04 09:23:00,CNR1982593108,Success,CID568650,eBike,Nagarbhavi,Nagarbhavi,287.0,35.0,Not Applicable,Not Applicable,No,Not Applicable,223,Cash,10,3.2,4.4
2024-07-01 17:14:00,CNR6817363141,Success,CID118367,Prime Sedan,Ramamurthy Nagar,Magadi Road,70.0,145.0,Not Applicable,Not Applicable,No,Not Applicable,282,Cash,7,3.0,3.9
2024-07-02 11:35:00,CNR9159902048,Success,CID915600,Mini,Ulsoor,Jayanagar,77.0,115.0,Not Applicable,Not Applicable,No,Not Applicable,277,Cash,21,3.2,3.6
2024-07-01 15:44:00,CNR6640146739,Success,CID224716,Prime Sedan,BTM Layout,Hosur Road,91.0,30.0,Not Applicable,Not Applicable,No,Not Applicable,778,UPI,2,4.5,3.3
2024-07-07 15:34:00,CNR3515830101,Success,CID197372,Mini,Nagarbhavi,Yelahanka,49.0,140.0,Not Applicable,Not Applicable,No,Not Applicable,174,Cash,45,4.3,4.6
2024-07-06 14:56:00,CNR2367805050,Success,CID711260,Prime SUV,Frazer Town,Chickpet,238.0,55.0,Not Applicable,Not Applicable,No,Not Applicable,834,Cash,20,3.2,4.0
2024-07-08 15:08:00,CNR8835849304,Driver Not Found,CID469226,Prime SUV,Devanahalli,Sarjapur Road,,,Not Applicable,Not Applicable,Not Applicable,Not Applicable,722,Not Applicable,0,,
2024-07-25 07:03:00,CNR5054344491,Success,CID705032,Prime Sedan,Cox Town,Chickpet,224.0,50.0,Not Applicable,Not Applicable,No,Not Applicable,379,Cash,34,4.8,4.0
2024-07-23 14:28:00,CNR8073186613,Success,CID972927,Prime Sedan,Cox Town,MG Road,266.0,70.0,Not Applicable,Not Applicable,No,Not Applicable,331,UPI,10,3.4,4.9
2024-07-10 02:29:00,CNR7597061477,Success,CID856212,eBike,Ramamurthy Nagar,Hulimavu,126.0,40.0,Not Applicable,Not Applicable,No,Not Applicable,117,Cash,24,4.4,3.4
2024-07-17 03:00:00,CNR9898723834,Success,CID117328,Prime Plus,Basavanagudi,Padmanabhanagar,133.0,125.0,Not Applicable,Not Applicable,No,Not Applicable,130,UPI,38,3.8,4.6
2024-07-11 16:19:00,CNR5499175958,Canceled by Customer,CID925297,Prime SUV,MG Road,Chickpet,,,Driver asked to cancel,Not Applicable,Not Applicable,Not Applicable,1784,Not Applicable,0,,
2024-07-12 05:21:00,CNR8191482140,Canceled by Driver,CID976266,Auto,Jayanagar,Chamarajpet,,,Not Applicable,Personal & Car related issue,Not Applicable,Not Applicable,477,Not Applicable,0,,
2024-07-01 17:50:00,CNR3904563506,Success,CID323448,Mini,Rajajinagar,Electronic City,77.0,45.0,Not Applicable,Not Applicable,No,Not Applicable,175,UPI,17,4.5,3.7
2024-07-24 20:58:00,CNR6323007982,Success,CID812420,Prime Sedan,Frazer Town,Hulimavu,196.0,90.0,Not Applicable,Not Applicable,No,Not Applicable,293,UPI,32,3.7,4.5
2024-07-01 21:03:00,CNR8085504764,Success,CID339543,eBike,Indiranagar,Electronic City,168.0,50.0,Not Applicable,Not Applicable,Yes,Vehicle Breakdown,1563,Debit Card,6,4.3,3.7
2024-07-29 08:45:00,CNR2581435236,Success,CID810943,Prime Sedan,Vijayanagar,Richmond Town,119.0,45.0,Not Applicable,Not Applicable,No,Not Applicable,104,UPI,34,3.9,3.6
2024-07-10 07:21:00,CNR5255515010,Success,CID328933,Mini,Magadi Road,Kadugodi,91.0,135.0,Not Applicable,Not Applicable,No,Not Applicable,290,Cash,11,4.3,3.1
2024-07-25 17:49:00,CNR2774179436,Canceled by Driver,CID451849,Prime Sedan,Kengeri,Richmond Town,,,Not Applicable,Customer related issue,Not Applicable,Not Applicable,2803,Not Applicable,0,,
2024-07-03 09:37:00,CNR6325184794,Canceled by Driver,CID556435,eBike,BTM Layout,Ulsoor,,,Not Applicable,Personal & Car related issue,Not Applicable,Not Applicable,859,Not Applicable,0,,
2024-07-15 12:04:00,CNR8900591837,Driver Not Found,CID314369,eBike,Yelahanka,Bellandur,,,Not Applicable,Not Applicable,Not Applicable,Not Applicable,452,Not Applicable,0,,
2024-07-08 13:46:00,CNR2441661433,Driver Not Found,CID861604,Prime SUV,Nagarbhavi,Cox Town,,,Not Applicable,Not Applicable,Not Applicable,Not Applicable,233,Not Applicable,0,,
2024-07-14 13:26:00,CNR4124566174,Canceled by Driver,CID103579,Prime Plus,Electronic City,Padmanabhanagar,,,Not Applicable,Customer was coughing/sick,Not Applicable,Not Applicable,290,Not Applicable,0,,
2024-07-16 20:30:00,CNR4452275295,Driver Not Found,CID371958,Bike,Cox Town,Ramamurthy Nagar,,,Not Applicable,Not Applicable,Not Applicable,Not Applicable,758,Not Applicable,0,,
2024-07-08 20:28:00,CNR3032256726,Success,CID161191,Mini,Yeshwanthpur,Electronic City,77.0,70.0,Not Applicable,Not Applicable,No,Not Applicable,139,Cash,36,3.5,3.2
2024-07-29 08:49:00,CNR9496447928,Canceled by Driver,CID556836,Mini,Padmanabhanagar,Mysore Road,,,Not Applicable,Customer related issue,Not Applicable,Not Applicable,339,Not Applicable,0,,
2024-07-17 00:46:00,CNR8137006813,Canceled by Driver,CID254802,Prime Sedan,Marathahalli,Basavanagudi,,,Not Applicable,Customer was coughing/sick,Not Applicable,Not Applicable,227,Not Applicable,0,,
2024-07-24 07:42:00,CNR3396101857,Success,CID175971,Prime Plus,Chamarajpet,Rajarajeshwari Nagar,203.0,45.0,Not Applicable,Not Applicable,No,Not Applicable,876,UPI,29,3.4,4.6
2024-07-29 14:55:00,CNR9321782778,Success,CID157575,Bike,Basavanagudi,Ramamurthy Nagar,196.0,115.0,Not Applicable,Not Applicable,No,Not Applicable,1326,Cash,41,3.6,4.7
2024-07-08 19:07:00,CNR9624211711,Canceled by Driver,CID659270,Prime Plus,Chickpet,KR Puram,,,Not Applicable,Personal & Car related issue,Not Applicable,Not Applicable,527,Not Applicable,0,,
2024-07-12 14:06:00,CNR6118059067,Success,CID384792,Prime Plus,Vijayanagar,Padmanabhanagar,287.0,35.0,Not Applicable,Not Applicable,No,Not Applicable,275,Cash,39,3.8,4.5
2024-07-05 10:10:00,CNR4381063959,Canceled by Customer,CID586892,Prime Sedan,Majestic,Rajajinagar,,,Driver asked to cancel,Not Applicable,Not Applicable,Not Applicable,142,Not Applicable,0,,
2024-07-05 18:32:00,CNR3146632648,Success,CID162340,Bike,Malleshwaram,Hennur,70.0,55.0,Not Applicable,Not Applicable,No,Not Applicable,190,Cash,13,4.0,4.0
2024-07-09 19:36:00,CNR7757378499,Success,CID235535,Prime SUV,Basavanagudi,Hosur Road,56.0,45.0,Not Applicable,Not Applicable,No,Not Applicable,678,Cash,23,3.1,4.6
2024-07-02 22:40:00,CNR1908923845,Success,CID560130,Auto,Indiranagar,Jayanagar,161.0,25.0,Not Applicable,Not Applicable,No,Not Applicable,735,Cash,19,4.9,4.1
2024-07-28 23:59:00,CNR3045299237,Canceled by Customer,CID275255,eBike,Nagarbhavi,Padmanabhanagar,,,Driver is not moving towards pickup location,Not Applicable,Not Applicable,Not Applicable,336,Not Applicable,0,,
2024-07-03 15:36:00,CNR4144471549,Success,CID818295,Prime Sedan,Indiranagar,Bellandur,42.0,135.0,Not Applicable,Not Applicable,No,Not Applicable,998,UPI,24,3.9,3.7
2024-07-21 08:35:00,CNR9772920926,Canceled by Driver,CID586383,Bike,Padmanabhanagar,Rajarajeshwari Nagar,,,Not Applicable,Customer was coughing/sick,Not Applicable,Not Applicable,864,Not Applicable,0,,
2024-07-17 03:48:00,CNR9379387642,Canceled by Driver,CID134817,Prime Plus,KR Puram,Jayanagar,,,Not Applicable,More than permitted people in there,Not Applicable,Not Applicable,114,Not Applicable,0,,
2024-07-30 07:20:00,CNR7919866539,Success,CID664698,eBike,Bannerghatta Road,BTM Layout,140.0,140.0,Not Applicable,Not Applicable,No,Not Applicable,2632,Cash,43,3.9,4.4
2024-07-19 04:35:00,CNR7247659286,Canceled by Customer,CID376180,Prime Sedan,BTM Layout,Ulsoor,,,Wrong Address,Not Applicable,Not Applicable,Not Applicable,138,Not Applicable,0,,
2024-07-08 23:17:00,CNR6291007716,Success,CID880834,Auto,RT Nagar,Rajajinagar,259.0,85.0,Not Applicable,Not Applicable,No,Not Applicable,487,Cash,18,4.7,3.6
2024-07-11 09:27:00,CNR9654495410,Success,CID993998,Auto,Electronic City,Varthur,287.0,70.0,Not Applicable,Not Applicable,No,Not Applicable,482,UPI,15,3.5,3.5
2024-07-12 16:36:00,CNR3209311775,Success,CID797537,Prime Sedan,Kadugodi,Shantinagar,301.0,75.0,Not Applicable,Not Applicable,No,Not Applicable,440,UPI,14,3.8,4.0
2024-07-28 19:32:00,CNR2899385208,Success,CID430826,Bike,KR Puram,Marathahalli,203.0,130.0,Not Applicable,Not Applicable,No,Not Applicable,528,Cash,5,3.1,4.9
2024-07-12 16:39:00,CNR8652521122,Success,CID566700,Bike,Whitefield,Devanahalli,287.0,60.0,Not Applicable,Not Applicable,No,Not Applicable,262,Cash,2,3.6,3.8
2024-07-01 21:08:00,CNR2118052651,Success,CID506946,Prime SUV,Yeshwanthpur,Magadi Road,119.0,115.0,Not Applicable,Not Applicable,No,Not Applicable,200,Cash,22,3.8,3.2
2024-07-13 01:34:00,CNR1242246529,Canceled by Customer,CID784943,Mini,Richmond Town,Ulsoor,,,Driver is not moving towards pickup location,Not Applicable,Not Applicable,Not Applicable,396,Not Applicable,0,,
2024-07-03 00:57:00,CNR1180828643,Canceled by Driver,CID167550,eBike,KR Puram,Kammanahalli,,,Not Applicable,Personal & Car related issue,Not Applicable,Not Applicable,391,Not Applicable,0,,
2024-07-28 15:01:00,CNR7388930175,Success,CID968733,Auto,Indiranagar,Hosur Road,84.0,95.0,Not Applicable,Not Applicable,No,Not Applicable,198,UPI,2,4.0,3.7
2024-07-17 16:58:00,CNR5076155868,Canceled by Driver,CID385442,Auto,JP Nagar,RT Nagar,,,Not Applicable,More than permitted people in there,Not Applicable,Not Applicable,2747,Not Applicable,0,,
2024-07-03 13:19:00,CNR1445804885,Success,CID486883,Bike,Kengeri,Hebbal,133.0,90.0,Not Applicable,Not Applicable,No,Not Applicable,329,Cash,14,4.2,3.9
2024-07-07 18:18:00,CNR8469700917,Canceled by Customer,CID993689,Prime SUV,Sahakar Nagar,Kengeri,,,AC is Not working,Not Applicable,Not Applicable,Not Applicable,479,Not Applicable,0,,
2024-07-28 08:07:00,CNR4405989124,Success,CID417016,Mini,Varthur,Ulsoor,77.0,65.0,Not Applicable,Not Applicable,No,Not Applicable,386,Credit Card,38,4.8,4.4
2024-07-28 13:07:00,CNR6319309332,Success,CID955119,Prime Sedan,Langford Town,Bellandur,35.0,130.0,Not Applicable,Not Applicable,No,Not Applicable,921,Cash,3,3.7,3.7
2024-07-25 00:38:00,CNR2850243297,Success,CID419564,Prime SUV,HSR Layout,Mysore Road,77.0,105.0,Not Applicable,Not Applicable,No,Not Applicable,2249,Credit Card,21,3.3,4.7
2024-07-20 09:43:00,CNR9187889558,Success,CID749995,Bike,Kammanahalli,Ramamurthy Nagar,63.0,140.0,Not Applicable,Not Applicable,No,Not Applicable,402,UPI,4,3.1,3.4
2024-07-08 11:37:00,CNR9727929214,Canceled by Driver,CID746045,Bike,Rajarajeshwari Nagar,Magadi Road,,,Not Applicable,More than permitted people in there,Not Applicable,Not Applicable,330,Not Applicable,0,,
2024-07-09 13:13:00,CNR4995405322,Success,CID712777,Auto,Yeshwanthpur,Hulimavu,231.0,45.0,Not Applicable,Not Applicable,No,Not Applicable,527,Cash,12,3.8,4.4
2024-07-14 23:07:00,CNR1061598722,Success,CID457306,Prime Plus,Peenya,Rajarajeshwari Nagar,161.0,45.0,Not Applicable,Not Applicable,No,Not Applicable,891,Credit Card,46,3.3,3.8
2024-07-15 08:32:00,CNR9529457986,Success,CID939054,eBike,Hosur Road,Hennur,154.0,30.0,Not Applicable,Not Applicable,No,Not Applicable,145,UPI,29,3.7,3.1
2024-07-12 01:46:00,CNR4760756083,Canceled by Driver,CID372082,Prime Plus,Rajarajeshwari Nagar,Langford Town,,,Not Applicable,Personal & Car related issue,Not Applicable,Not Applicable,444,Not Applicable,0,,
2024-07-02 13:33:00,CNR9847798855,Canceled by Customer,CID233877,Auto,Ramamurthy Nagar,Basavanagudi,,,Driver asked to cancel,Not Applicable,Not Applicable,Not Applicable,391,Not Applicable,0,,
2024-07-06 01:31:00,CNR3825397362,Success,CID265976,eBike,Chamarajpet,KR Puram,210.0,25.0,Not Applicable,Not Applicable,No,Not Applicable,317,UPI,34,3.3,3.2
2024-07-04 22:51:00,CNR5202198542,Success,CID135605,Mini,Devanahalli,Electronic City,301.0,100.0,Not Applicable,Not Applicable,No,Not Applicable,177,Cash,19,4.5,3.1
2024-07-24 21:12:00,CNR4861839394,Success,CID593429,Prime Plus,Basavanagudi,MG Road,210.0,90.0,Not Applicable,Not Applicable,No,Not Applicable,481,UPI,32,3.5,4.0
2024-07-08 11:33:00,CNR7609699064,Canceled by Driver,CID542872,Bike,Chickpet,Jayanagar,,,Not Applicable,Customer was coughing/sick,Not Applicable,Not Applicable,773,Not Applicable,0,,
2024-07-27 13:27:00,CNR1269524616,Success,CID631780,Prime Sedan,RT Nagar,Whitefield,259.0,110.0,Not Applicable,Not Applicable,No,Not Applicable,191,Cash,7,4.3,3.4
2024-07-08 22:28:00,CNR7492732201,Success,CID119233,eBike,Jayanagar,Nagarbhavi,133.0,50.0,Not Applicable,Not Applicable,No,Not Applicable,473,Cash,28,3.1,3.5
2024-07-10 01:25:00,CNR1829803507,Success,CID939201,Prime SUV,RT Nagar,Vijayanagar,77.0,90.0,Not Applicable,Not Applicable,No,Not Applicable,866,UPI,43,3.6,4.0
2024-07-08 11:56:00,CNR6391811392,Canceled by Customer,CID231513,Bike,Chamarajpet,Cox Town,,,Change of plans,Not Applicable,Not Applicable,Not Applicable,324,Not Applicable,0,,
2024-07-29 15:36:00,CNR2265208407,Success,CID135102,eBike,Sahakar Nagar,Ulsoor,35.0,90.0,Not Applicable,Not Applicable,No,Not Applicable,356,UPI,35,4.9,4.0
2024-07-29 17:24:00,CNR4860582202,Success,CID705263,Prime Sedan,Malleshwaram,Marathahalli,273.0,125.0,Not Applicable,Not Applicable,No,Not Applicable,855,Cash,21,4.5,3.5
2024-07-19 17:33:00,CNR9804564573,Success,CID561345,Mini,Richmond Town,Sahakar Nagar,77.0,125.0,Not Applicable,Not Applicable,No,Not Applicable,208,Cash,8,4.6,4.2
2024-07-28 12:38:00,CNR9905201643,Canceled by Driver,CID814729,eBike,Peenya,Majestic,,,Not Applicable,Personal & Car related issue,Not Applicable,Not Applicable,148,Not Applicable,0,,
2024-07-29 20:56:00,CNR4004212194,Success,CID564888,Prime Plus,Kadugodi,Peenya,133.0,140.0,Not Applicable,Not Applicable,No,Not Applicable,291,UPI,7,3.5,4.7
2024-07-20 19:56:00,CNR1460706691,Canceled by Driver,CID622000,Prime Plus,Bannerghatta Road,Bannerghatta Road,,,Not Applicable,More than permitted people in there,Not Applicable,Not Applicable,403,Not Applicable,0,,
2024-07-28 00:34:00,CNR1603613587,Success,CID585055,Prime SUV,MG Road,Hosur Road,224.0,70.0,Not Applicable,Not Applicable,No,Not Applicable,1209,Cash,7,3.0,4.6
2024-07-07 13:27:00,CNR9464314198,Driver Not Found,CID101244,eBike,Bannerghatta Road,Yelahanka,,,Not Applicable,Not Applicable,Not Applicable,Not Applicable,174,Not Applicable,0,,
2024-07-23 22:53:00,CNR3504143651,Success,CID619988,Auto,Koramangala,BTM Layout,245.0,130.0,Not Applicable,Not Applicable,No,Not Applicable,2821,Cash,8,3.0,4.6
2024-07-11 07:13:00,CNR4620026093,Success,CID950973,Mini,Kengeri,Richmond Town,133.0,145.0,Not Applicable,Not Applicable,No,Not Applicable,486,Cash,7,3.8,4.5
2024-07-22 18:50:00,CNR7817361329,Success,CID564315,Bike,Majestic,Frazer Town,238.0,85.0,Not Applicable,Not Applicable,No,Not Applicable,421,Credit Card,20,3.3,3.0
2024-07-17 22:35:00,CNR2197789438,Success,CID791066,Bike,Ramamurthy Nagar,Peenya,140.0,105.0,Not Applicable,Not Applicable,No,Not Applicable,197,UPI,17,3.3,3.5
2024-07-05 06:59:00,CNR7718905044,Success,CID494836,Prime Plus,HSR Layout,Tumkur Road,56.0,135.0,Not Applicable,Not Applicable,No,Not Applicable,416,UPI,14,4.9,3.0
2024-07-20 12:42:00,CNR8751318563,Success,CID276655,Mini,Koramangala,Padmanabhanagar,70.0,90.0,Not Applicable,Not Applicable,Yes,Customer Demand,694,UPI,21,3.6,3.0
2024-07-16 23:00:00,CNR4486097763,Success,CID941622,eBike,Chamarajpet,Ulsoor,42.0,140.0,Not Applicable,Not Applicable,No,Not Applicable,671,Cash,15,3.3,4.2
2024-07-09 00:35:00,CNR8686249647,Success,CID435891,Auto,Padmanabhanagar,Sahakar Nagar,126.0,75.0,Not Applicable,Not Applicable,No,Not Applicable,365,UPI,1,3.6,4.9
2024-07-03 12:43:00,CNR6838833061,Canceled by Customer,CID256045,Bike,Kammanahalli,Malleshwaram,,,Change of plans,Not Applicable,Not Applicable,Not Applicable,484,Not Applicable,0,,
2024-07-09 18:45:00,CNR4429587240,Success,CID548309,Mini,Yeshwanthpur,Devanahalli,287.0,70.0,Not Applicable,Not Applicable,No,Not Applicable,489,Cash,38,4.0,4.9
2024-07-05 12:49:00,CNR9502930103,Success,CID743907,eBike,Electronic City,Cox Town,259.0,90.0,Not Applicable,Not Applicable,No,Not Applicable,953,Cash,33,3.7,3.8
2024-07-23 01:52:00,CNR6655999722,Success,CID867700,Prime Plus,Rajarajeshwari Nagar,Hebbal,210.0,50.0,Not Applicable,Not Applicable,No,Not Applicable,333,UPI,47,5.0,3.7
2024-07-29 03:01:00,CNR5983075799,Canceled by Driver,CID391006,Auto,Malleshwaram,Majestic,,,Not Applicable,Personal & Car related issue,Not Applicable,Not Applicable,531,Not Applicable,0,,
2024-07-09 12:21:00,CNR5755310818,Success,CID644349,Bike,Padmanabhanagar,Rajajinagar,252.0,90.0,Not Applicable,Not Applicable,No,Not Applicable,494,Cash,46,3.7,4.8
2024-07-29 07:02:00,CNR4132912329,Canceled by Driver,CID218007,Mini,Rajajinagar,Shivajinagar,,,Not Applicable,Customer related issue,Not Applicable,Not Applicable,326,Not Applicable,0,,
2024-07-10 01:18:00,CNR7796074226,Success,CID558002,Bike,Rajajinagar,Basavanagudi,70.0,145.0,Not Applicable,Not Applicable,No,Not Applicable,206,UPI,3,4.4,3.7
2024-07-21 12:38:00,CNR5400298811,Success,CID401221,Auto,Koramangala,Ulsoor,308.0,80.0,Not Applicable,Not Applicable,No,Not Applicable,1539,Cash,19,3.4,4.0
2024-07-18 20:20:00,CNR4984542573,Driver Not Found,CID280351,Mini,Hennur,Kammanahalli,,,Not Applicable,Not Applicable,Not Applicable,Not Applicable,669,Not Applicable,0,,
2024-07-23 14:10:00,CNR1358314534,Canceled by Driver,CID427190,Mini,Sahakar Nagar,KR Puram,,,Not Applicable,Customer related issue,Not Applicable,Not Applicable,440,Not Applicable,0,,
2024-07-01 02:47:00,CNR4624152258,Success,CID293794,Prime SUV,Mysore Road,Hosur Road,91.0,85.0,Not Applicable,Not Applicable,No,Not Applicable,992,UPI,35,4.9,4.4
2024-07-15 10:42:00,CNR7350165453,Canceled by Driver,CID392239,Auto,Langford Town,Chickpet,,,Not Applicable,More than permitted people in there,Not Applicable,Not Applicable,333,Not Applicable,0,,
2024-07-07 22:42:00,CNR4043561158,Success,CID198677,Prime SUV,Mysore Road,RT Nagar,252.0,65.0,Not Applicable,Not Applicable,No,Not Applicable,448,UPI,5,3.8,3.5
2024-07-01 02:14:00,CNR2203471760,Success,CID291313,Prime Plus,Sarjapur Road,RT Nagar,91.0,35.0,Not Applicable,Not Applicable,No,Not Applicable,233,UPI,15,4.9,3.1
2024-07-28 05:17:00,CNR6047987256,Success,CID347476,Auto,Sarjapur Road,HSR Layout,175.0,125.0,Not Applicable,Not Applicable,Yes,Other Issue,161,Cash,11,3.4,3.8
2024-07-27 16:10:00,CNR9052596711,Success,CID528679,Bike,Chamarajpet,Bellandur,84.0,75.0,Not Applicable,Not Applicable,No,Not Applicable,116,Cash,42,4.1,3.8
2024-07-29 07:27:00,CNR2026028010,Success,CID965724,Auto,Sarjapur Road,Tumkur Road,70.0,120.0,Not Applicable,Not Applicable,No,Not Applicable,1747,Cash,10,4.0,4.5
2024-07-07 18:06:00,CNR9374348297,Success,CID176392,Mini,Malleshwaram,Sarjapur Road,147.0,65.0,Not Applicable,Not Applicable,No,Not Applicable,893,Cash,21,3.0,3.6
2024-07-20 05:57:00,CNR6654990013,Success,CID223528,Auto,Hennur,Chickpet,42.0,60.0,Not Applicable,Not Applicable,No,Not Applicable,125,Cash,14,3.5,3.3
2024-07-22 20:03:00,CNR8781252249,Driver Not Found,CID755622,Mini,Marathahalli,Kengeri,,,Not Applicable,Not Applicable,Not Applicable,Not Applicable,711,Not Applicable,0,,
2024-07-29 09:02:00,CNR2829428722,Success,CID585768,eBike,Koramangala,Varthur,119.0,115.0,Not Applicable,Not Applicable,No,Not Applicable,218,Cash,44,3.4,4.1
2024-07-13 14:18:00,CNR2641762964,Canceled by Customer,CID843075,Mini,Malleshwaram,Rajajinagar,,,Wrong Address,Not Applicable,Not Applicable,Not Applicable,2728,Not Applicable,0,,
2024-07-25 17:50:00,CNR1709906746,Canceled by Driver,CID345168,Auto,Kadugodi,RT Nagar,,,Not Applicable,Personal & Car related issue,Not Applicable,Not Applicable,884,Not Applicable,0,,
2024-07-05 16:35:00,CNR6378169687,Success,CID983030,Bike,MG Road,HSR Layout,56.0,135.0,Not Applicable,Not Applicable,No,Not Applicable,810,Cash,1,4.5,4.1
2024-07-28 12:12:00,CNR3883355860,Success,CID630665,Auto,Marathahalli,Kammanahalli,147.0,95.0,Not Applicable,Not Applicable,No,Not Applicable,282,Cash,14,4.4,4.5
2024-07-03 15:24:00,CNR2698741942,Success,CID136424,eBike,Banashankari,Devanahalli,105.0,85.0,Not Applicable,Not Applicable,No,Not Applicable,169,UPI,30,4.1,4.3
2024-07-10 07:02:00,CNR5153575534,Canceled by Customer,CID512471,Prime Plus,Varthur,Kadugodi,,,Driver asked to cancel,Not Applicable,Not Applicable,Not Applicable,896,Not Applicable,0,,
2024-07-22 00:50:00,CNR9117260232,Success,CID992852,Prime Sedan,Whitefield,Sahakar Nagar,154.0,135.0,Not Applicable,Not Applicable,Yes,Customer Demand,320,Cash,13,3.4,4.4
2024-07-03 22:55:00,CNR9263202137,Driver Not Found,CID199252,Prime SUV,Electronic City,Kengeri,,,Not Applicable,Not Applicable,Not Applicable,Not Applicable,397,Not Applicable,0,,
2024-07-12 06:06:00,CNR2642218622,Driver Not Found,CID487186,eBike,Richmond Town,Nagarbhavi,,,Not Applicable,Not Applicable,Not Applicable,Not Applicable,443,Not Applicable,0,,
2024-07-23 19:36:00,CNR3574684640,Success,CID649175,Prime Plus,Mysore Road,Banashankari,42.0,145.0,Not Applicable,Not Applicable,No,Not Applicable,340,Cash,4,3.2,4.5
2024-07-18 16:14:00,CNR9526434066,Success,CID460503,Bike,Sarjapur Road,Shantinagar,252.0,25.0,Not Applicable,Not Applicable,No,Not Applicable,235,Cash,32,3.2,3.9
2024-07-09 04:51:00,CNR9713087549,Success,CID129548,Mini,Bellandur,Majestic,168.0,130.0,Not Applicable,Not Applicable,Yes,Customer Demand,415,Cash,16,3.4,4.0
2024-07-18 05:46:00,CNR4843336252,Success,CID118488,Bike,Kadugodi,Hulimavu,168.0,40.0,Not Applicable,Not Applicable,No,Not Applicable,139,UPI,36,4.7,3.0
2024-07-07 16:48:00,CNR6475750714,Success,CID306872,Auto,MG Road,Chickpet,287.0,130.0,Not Applicable,Not Applicable,Yes,Vehicle Breakdown,252,Cash,7,4.9,3.5
2024-07-13 11:12:00,CNR4572780309,Canceled by Driver,CID797222,eBike,Kengeri,Hennur,,,Not Applicable,More than permitted people in there,Not Applicable,Not Applicable,762,Not Applicable,0,,
2024-07-09 09:33:00,CNR6642739931,Success,CID627656,Prime SUV,Bannerghatta Road,Jayanagar,91.0,80.0,Not Applicable,Not Applicable,No,Not Applicable,177,UPI,23,3.4,3.3
2024-07-29 15:54:00,CNR7170871272,Success,CID790412,eBike,Vijayanagar,MG Road,119.0,85.0,Not Applicable,Not Applicable,No,Not Applicable,2077,Cash,43,4.6,3.8
2024-07-18 01:53:00,CNR3732099922,Canceled by Driver,CID467852,Prime SUV,KR Puram,Hosur Road,,,Not Applicable,Customer related issue,Not Applicable,Not Applicable,214,Not Applicable,0,,
2024-07-01 01:50:00,CNR3922386968,Success,CID677598,Mini,Chickpet,Shantinagar,189.0,75.0,Not Applicable,Not Applicable,No,Not Applicable,157,UPI,2,3.1,4.7
2024-07-12 06:50:00,CNR6316759193,Success,CID784085,Prime SUV,Whitefield,MG Road,140.0,85.0,Not Applicable,Not Applicable,Yes,Vehicle Breakdown,425,Cash,9,4.9,4.9
2024-07-13 04:54:00,CNR5022377185,Canceled by Customer,CID638996,Prime Sedan,Kadugodi,Indiranagar,,,Driver is not moving towards pickup location,Not Applicable,Not Applicable,Not Applicable,363,Not Applicable,0,,
2024-07-17 08:36:00,CNR5360844146,Success,CID103284,Bike,Shivajinagar,Chamarajpet,168.0,125.0,Not Applicable,Not Applicable,No,Not Applicable,196,UPI,32,3.6,3.9
2024-07-30 11:11:00,CNR5669420915,Success,CID643372,Mini,Hebbal,Yelahanka,301.0,90.0,Not Applicable,Not Applicable,No,Not Applicable,497,Cash,49,4.2,4.2
2024-07-11 06:35:00,CNR4721364407,Canceled by Customer,CID242562,Prime Plus,Richmond Town,Basavanagudi,,,Driver is not moving towards pickup location,Not Applicable,Not Applicable,Not Applicable,236,Not Applicable,0,,
2024-07-14 07:13:00,CNR3801688654,Success,CID579019,Mini,Bannerghatta Road,Ulsoor,63.0,105.0,Not Applicable,Not Applicable,No,Not Applicable,126,Cash,31,3.2,4.4
2024-07-09 19:55:00,CNR9998167766,Canceled by Driver,CID306697,Prime SUV,BTM Layout,Ulsoor,,,Not Applicable,Personal & Car related issue,Not Applicable,Not Applicable,710,Not Applicable,0,,
2024-07-24 22:58:00,CNR6770277478,Success,CID154928,Auto,Yeshwanthpur,Basavanagudi,119.0,60.0,Not Applicable,Not Applicable,No,Not Applicable,326,UPI,8,5.0,4.1
2024-07-21 22:49:00,CNR1628405332,Canceled by Customer,CID668298,eBike,Malleshwaram,Basavanagudi,,,Driver asked to cancel,Not Applicable,Not Applicable,Not Applicable,346,Not Applicable,0,,
2024-07-21 07:46:00,CNR7269553640,Success,CID351022,Prime SUV,MG Road,Yelahanka,245.0,75.0,Not Applicable,Not Applicable,No,Not Applicable,267,Cash,42,3.1,4.2
2024-07-26 05:06:00,CNR4001461434,Canceled by Customer,CID419794,Prime Plus,Ramamurthy Nagar,Chickpet,,,Driver is not moving towards pickup location,Not Applicable,Not Applicable,Not Applicable,376,Not Applicable,0,,
2024-07-26 08:12:00,CNR9576328296,Success,CID448924,Prime SUV,JP Nagar,Yeshwanthpur,91.0,105.0,Not Applicable,Not Applicable,No,Not Applicable,848,UPI,36,4.7,5.0
2024-07-25 13:07:00,CNR2546727824,Success,CID567607,Auto,Ulsoor,Nagarbhavi,84.0,100.0,Not Applicable,Not Applicable,No,Not Applicable,535,UPI,5,3.7,3.2
2024-07-08 08:25:00,CNR8959447068,Canceled by Customer,CID349418,Auto,Sarjapur Road,Peenya,,,Driver is not moving towards pickup location,Not Applicable,Not Applicable,Not Applicable,586,Not Applicable,0,,
2024-07-07 13:34:00,CNR6224972081,Success,CID423963,Prime Sedan,Banashankari,Shantinagar,287.0,130.0,Not Applicable,Not Applicable,No,Not Applicable,157,Cash,8,3.9,3.4
2024-07-01 03:15:00,CNR6361646306,Success,CID658620,Mini,Whitefield,Magadi Road,91.0,70.0,Not Applicable,Not Applicable,No,Not Applicable,426,Cash,32,3.1,4.5
2024-07-09 03:40:00,CNR3553300799,Canceled by Customer,CID574479,eBike,Rajajinagar,Basavanagudi,,,Driver is not moving towards pickup location,Not Applicable,Not Applicable,Not Applicable,227,Not Applicable,0,,
2024-07-02 15:46:00,CNR3803663756,Canceled by Driver,CID346799,Bike,Ulsoor,Shantinagar,,,Not Applicable,More than permitted people in there,Not Applicable,Not Applicable,275,Not Applicable,0,,
2024-07-24 04:09:00,CNR5301882920,Success,CID797418,Prime Plus,Electronic City,Jayanagar,259.0,25.0,Not Applicable,Not Applicable,Yes,Customer Demand,274,Cash,49,4.0,3.0
2024-07-04 08:28:00,CNR6328076628,Canceled by Driver,CID539118,Prime Plus,Langford Town,Electronic City,,,Not Applicable,Customer was coughing/sick,Not Applicable,Not Applicable,372,Not Applicable,0,,
2024-07-13 12:03:00,CNR1225995088,Driver Not Found,CID409762,Prime SUV,Jayanagar,Hennur,,,Not Applicable,Not Applicable,Not Applicable,Not Applicable,438,Not Applicable,0,,
2024-07-18 09:23:00,CNR3331394073,Success,CID375622,eBike,KR Puram,Jayanagar,182.0,45.0,Not Applicable,Not Applicable,No,Not Applicable,2110,Cash,33,4.6,3.9
2024-07-17 08:05:00,CNR3680841337,Success,CID418514,Prime Plus,Bannerghatta Road,Rajarajeshwari Nagar,56.0,130.0,Not Applicable,Not Applicable,No,Not Applicable,741,Cash,19,4.0,3.6
2024-07-02 16:38:00,CNR2752695949,Success,CID764770,Bike,RT Nagar,Electronic City,266.0,105.0,Not Applicable,Not Applicable,No,Not Applicable,690,UPI,24,3.7,4.7
2024-07-18 19:08:00,CNR3991165029,Canceled by Driver,CID690686,Bike,Bannerghatta Road,Shantinagar,,,Not Applicable,Customer related issue,Not Applicable,Not Applicable,577,Not Applicable,0,,
2024-07-28 07:07:00,CNR6520051237,Success,CID760615,Prime Sedan,MG Road,BTM Layout,91.0,140.0,Not Applicable,Not Applicable,No,Not Applicable,2972,Credit Card,35,4.7,4.4
2024-07-08 17:41:00,CNR9787278161,Success,CID236324,Auto,Kadugodi,Frazer Town,49.0,95.0,Not Applicable,Not Applicable,No,Not Applicable,422,UPI,19,4.6,3.8
2024-07-21 08:22:00,CNR9732380003,Success,CID745515,Prime Plus,Chickpet,Rajarajeshwari Nagar,308.0,50.0,Not Applicable,Not Applicable,No,Not Applicable,771,Cash,26,3.7,3.2
2024-07-07 06:13:00,CNR1418322006,Success,CID475336,Prime SUV,Sahakar Nagar,Hulimavu,301.0,50.0,Not Applicable,Not Applicable,No,Not Applicable,426,Cash,7,3.9,3.6
2024-07-02 02:50:00,CNR3054066589,Canceled by Driver,CID761100,Auto,Indiranagar,Padmanabhanagar,,,Not Applicable,Customer was coughing/sick,Not Applicable,Not Applicable,994,Not Applicable,0,,
2024-07-10 07:43:00,CNR5935677744,Success,CID754445,Prime Plus,Kengeri,Sarjapur Road,273.0,100.0,Not Applicable,Not Applicable,No,Not Applicable,1254,Cash,4,5.0,4.5
2024-07-22 11:27:00,CNR2589036451,Canceled by Driver,CID929561,Bike,Hebbal,Langford Town,,,Not Applicable,Personal & Car related issue,Not Applicable,Not Applicable,555,Not Applicable,0,,
2024-07-28 17:33:00,CNR1749649706,Canceled by Driver,CID796996,Auto,Shivajinagar,Electronic City,,,Not Applicable,Customer was coughing/sick,Not Applicable,Not Applicable,446,Not Applicable,0,,
2024-07-18 20:09:00,CNR5459315257,Driver Not Found,CID359130,Prime Plus,Richmond Town,Rajarajeshwari Nagar,,,Not Applicable,Not Applicable,Not Applicable,Not Applicable,1773,Not Applicable,0,,
2024-07-06 21:53:00,CNR3320312881,Success,CID146632,eBike,Malleshwaram,Varthur,308.0,130.0,Not Applicable,Not Applicable,No,Not Applicable,310,Credit Card,22,3.7,3.7
2024-07-14 05:27:00,CNR3236724221,Success,CID736739,Auto,Vijayanagar,Kammanahalli,245.0,80.0,Not Applicable,Not Applicable,No,Not Applicable,448,Cash,5,4.6,4.3
2024-07-01 22:30:00,CNR9534402081,Success,CID249982,Prime Plus,Chickpet,Banashankari,126.0,95.0,Not Applicable,Not Applicable,No,Not Applicable,2131,Cash,47,4.7,3.7
2024-07-08 23:39:00,CNR8088385611,Success,CID408952,Bike,Ulsoor,Banashankari,70.0,25.0,Not Applicable,Not Applicable,No,Not Applicable,354,UPI,28,3.4,3.0
2024-07-21 08:48:00,CNR8337297099,Success,CID595161,Prime Plus,Padmanabhanagar,Vijayanagar,119.0,115.0,Not Applicable,Not Applicable,No,Not Applicable,178,Cash,27,5.0,3.9
2024-07-26 23:00:00,CNR7733775800,Canceled by Customer,CID574092,Prime Sedan,Shivajinagar,BTM Layout,,,Driver is not moving towards pickup location,Not Applicable,Not Applicable,Not Applicable,992,Not Applicable,0,,
2024-07-29 05:51:00,CNR2664496894,Success,CID706110,eBike,Hulimavu,Magadi Road,119.0,90.0,Not Applicable,Not Applicable,No,Not Applicable,431,Credit Card,37,3.9,3.9
2024-07-15 19:41:00,CNR7007903907,Success,CID314116,Bike,Padmanabhanagar,JP Nagar,238.0,65.0,Not Applicable,Not Applicable,No,Not Applicable,272,UPI,12,3.2,4.9
2024-07-15 08:23:00,CNR6989557815,Success,CID565509,Mini,Rajarajeshwari Nagar,Shivajinagar,63.0,40.0,Not Applicable,Not Applicable,No,Not Applicable,416,Cash,4,3.5,3.8
2024-07-14 23:19:00,CNR7994932785,Success,CID448883,Prime Plus,HSR Layout,Rajajinagar,301.0,120.0,Not Applicable,Not Applicable,No,Not Applicable,277,Credit Card,22,4.2,3.5
2024-07-21 00:31:00,CNR3891007059,Canceled by Customer,CID518873,Mini,Sarjapur Road,Devanahalli,,,AC is Not working,Not Applicable,Not Applicable,Not Applicable,387,Not Applicable,0,,
2024-07-06 16:26:00,CNR1399273221,Driver Not Found,CID734472,Prime Sedan,Hennur,MG Road,,,Not Applicable,Not Applicable,Not Applicable,Not Applicable,358,Not Applicable,0,,
2024-07-28 22:01:00,CNR5837125503,Success,CID484439,eBike,KR Puram,Malleshwaram,308.0,145.0,Not Applicable,Not Applicable,No,Not Applicable,523,UPI,21,4.0,4.2
2024-07-18 20:45:00,CNR5169823961,Canceled by Driver,CID267359,eBike,Sarjapur Road,HSR Layout,,,Not Applicable,Customer related issue,Not Applicable,Not Applicable,936,Not Applicable,0,,
2024-07-19 13:09:00,CNR9799703678,Success,CID155898,Bike,Langford Town,RT Nagar,91.0,140.0,Not Applicable,Not Applicable,No,Not Applicable,993,Cash,7,4.6,4.0
2024-07-29 22:33:00,CNR4076156021,Success,CID394410,Prime Plus,Yeshwanthpur,Ramamurthy Nagar,175.0,40.0,Not Applicable,Not Applicable,No,Not Applicable,939,Cash,25,3.0,4.3
2024-07-29 15:27:00,CNR5670554143,Canceled by Customer,CID545696,eBike,Mysore Road,Tumkur Road,,,Driver asked to cancel,Not Applicable,Not Applicable,Not Applicable,991,Not Applicable,0,,
2024-07-07 15:29:00,CNR1197800538,Canceled by Customer,CID366320,eBike,Vijayanagar,Frazer Town,,,Wrong Address,Not Applicable,Not Applicable,Not Applicable,880,Not Applicable,0,,
2024-07-14 17:27:00,CNR5623322713,Canceled by Driver,CID766385,Bike,Banashankari,JP Nagar,,,Not Applicable,Personal & Car related issue,Not Applicable,Not Applicable,702,Not Applicable,0,,
2024-07-22 10:20:00,CNR1357219340,Success,CID148877,Bike,Ramamurthy Nagar,Malleshwaram,42.0,110.0,Not Applicable,Not Applicable,No,Not Applicable,959,Cash,48,3.1,4.5
2024-07-13 10:54:00,CNR9570229160,Canceled by Driver,CID457872,Auto,KR Puram,Majestic,,,Not Applicable,Customer related issue,Not Applicable,Not Applicable,1315,Not Applicable,0,,
2024-07-04 20:00:00,CNR6397591547,Canceled by Customer,CID942919,Prime Plus,Yelahanka,Yeshwanthpur,,,Driver asked to cancel,Not Applicable,Not Applicable,Not Applicable,282,Not Applicable,0,,
2024-07-09 01:25:00,CNR7820096137,Success,CID662847,Auto,Hennur,Indiranagar,133.0,90.0,Not Applicable,Not Applicable,No,Not Applicable,319,Cash,15,4.5,3.3
2024-07-13 06:57:00,CNR3367035820,Success,CID799239,Auto,Cox Town,Langford Town,112.0,65.0,Not Applicable,Not Applicable,No,Not Applicable,427,Cash,18,3.9,4.1
2024-07-23 03:19:00,CNR2066518016,Success,CID721261,Prime Sedan,Mysore Road,Mysore Road,175.0,145.0,Not Applicable,Not Applicable,No,Not Applicable,431,Cash,39,3.7,3.0
2024-07-16 22:08:00,CNR3235999470,Success,CID384819,Mini,Kammanahalli,KR Puram,154.0,105.0,Not Applicable,Not Applicable,No,Not Applicable,2412,Cash,30,4.5,4.1
2024-07-14 19:23:00,CNR5266656774,Driver Not Found,CID347643,Bike,Mysore Road,Hennur,,,Not Applicable,Not Applicable,Not Applicable,Not Applicable,407,Not Applicable,0,,
2024-07-20 03:35:00,CNR1941519218,Canceled by Driver,CID250984,Bike,Yeshwanthpur,Majestic,,,Not Applicable,Personal & Car related issue,Not Applicable,Not Applicable,370,Not Applicable,0,,
2024-07-01 15:24:00,CNR5982409830,Success,CID573655,Mini,Marathahalli,Yeshwanthpur,91.0,140.0,Not Applicable,Not Applicable,Yes,Vehicle Breakdown,415,UPI,9,4.8,4.7
2024-07-22 17:01:00,CNR7762952197,Canceled by Driver,CID842392,Prime SUV,Ulsoor,Padmanabhanagar,,,Not Applicable,Customer related issue,Not Applicable,Not Applicable,936,Not Applicable,0,,
2024-07-06 09:50:00,CNR2946655405,Canceled by Driver,CID538151,Bike,Whitefield,Indiranagar,,,Not Applicable,Customer related issue,Not Applicable,Not Applicable,137,Not Applicable,0,,
2024-07-04 15:39:00,CNR5168040119,Canceled by Driver,CID743164,Auto,Kammanahalli,Cox Town,,,Not Applicable,Customer related issue,Not Applicable,Not Applicable,319,Not Applicable,0,,
2024-07-07 17:57:00,CNR8498395493,Success,CID714284,eBike,KR Puram,Malleshwaram,210.0,50.0,Not Applicable,Not Applicable,No,Not Applicable,189,Cash,7,3.0,4.3
2024-07-25 09:23:00,CNR6490866374,Success,CID547153,Prime SUV,MG Road,Peenya,294.0,145.0,Not Applicable,Not Applicable,No,Not Applicable,322,Cash,14,3.0,3.9
2024-07-19 01:15:00,CNR9041158009,Canceled by Driver,CID642526,Prime SUV,Shivajinagar,Richmond Town,,,Not Applicable,More than permitted people in there,Not Applicable,Not Applicable,883,Not Applicable,0,,
2024-07-11 19:51:00,CNR1122342111,Success,CID778597,eBike,Padmanabhanagar,Koramangala,196.0,60.0,Not Applicable,Not Applicable,No,Not Applicable,190,Cash,18,3.6,3.4
2024-07-05 11:34:00,CNR2104905834,Driver Not Found,CID546751,eBike,Nagarbhavi,Hebbal,,,Not Applicable,Not Applicable,Not Applicable,Not Applicable,203,Not Applicable,0,,
2024-07-11 19:56:00,CNR1279922635,Canceled by Customer,CID703513,Prime Sedan,Rajajinagar,Sarjapur Road,,,Driver asked to cancel,Not Applicable,Not Applicable,Not Applicable,104,Not Applicable,0,,
2024-07-29 01:52:00,CNR1244034743,Success,CID662158,eBike,Jayanagar,Peenya,259.0,90.0,Not Applicable,Not Applicable,No,Not Applicable,167,Cash,34,4.4,4.2
2024-07-12 09:35:00,CNR8639381592,Success,CID567388,eBike,Sahakar Nagar,BTM Layout,56.0,60.0,Not Applicable,Not Applicable,No,Not Applicable,495,UPI,46,4.4,3.0
2024-07-30 17:57:00,CNR5883704333,Success,CID292315,Mini,MG Road,Yelahanka,245.0,75.0,Not Applicable,Not Applicable,No,Not Applicable,877,Cash,42,4.5,3.8
2024-07-02 06:29:00,CNR7819361944,Canceled by Customer,CID742617,Prime Sedan,KR Puram,HSR Layout,,,AC is Not working,Not Applicable,Not Applicable,Not Applicable,476,Not Applicable,0,,
2024-07-10 14:35:00,CNR8844554069,Canceled by Driver,CID870374,Prime Sedan,Marathahalli,Padmanabhanagar,,,Not Applicable,Customer was coughing/sick,Not Applicable,Not Applicable,297,Not Applicable,0,,
2024-07-30 05:56:00,CNR9282254975,Canceled by Customer,CID420680,Auto,Marathahalli,Hosur Road,,,Driver asked to cancel,Not Applicable,Not Applicable,Not Applicable,438,Not Applicable,0,,
2024-07-20 13:28:00,CNR6983933722,Success,CID286359,Prime Sedan,HSR Layout,Cox Town,266.0,115.0,Not Applicable,Not Applicable,No,Not Applicable,400,Cash,38,3.1,4.9
2024-07-19 09:24:00,CNR1293833249,Driver Not Found,CID275930,Mini,Hulimavu,RT Nagar,,,Not Applicable,Not Applicable,Not Applicable,Not Applicable,241,Not Applicable,0,,
2024-07-15 05:22:00,CNR1680346190,Canceled by Driver,CID273341,eBike,Shantinagar,Hosur Road,,,Not Applicable,More than permitted people in there,Not Applicable,Not Applicable,259,Not Applicable,0,,
2024-07-19 03:06:00,CNR8780791961,Success,CID358980,Bike,RT Nagar,Tumkur Road,42.0,30.0,Not Applicable,Not Applicable,No,Not Applicable,1276,UPI,20,4.9,4.9
2024-07-07 01:21:00,CNR2798060532,Success,CID148417,Prime SUV,Hosur Road,BTM Layout,126.0,135.0,Not Applicable,Not Applicable,No,Not Applicable,140,UPI,32,4.5,3.5
2024-07-07 20:52:00,CNR1188267243,Success,CID851746,Prime Sedan,Nagarbhavi,Bellandur,84.0,105.0,Not Applicable,Not Applicable,No,Not Applicable,379,UPI,2,3.5,4.0
2024-07-03 17:39:00,CNR1004252939,Success,CID930089,Bike,Shantinagar,Indiranagar,105.0,130.0,Not Applicable,Not Applicable,No,Not Applicable,245,UPI,2,4.1,3.5
2024-07-22 03:35:00,CNR9305408288,Driver Not Found,CID706913,Bike,Hosur Road,Chickpet,,,Not Applicable,Not Applicable,Not Applicable,Not Applicable,126,Not Applicable,0,,
2024-07-15 23:30:00,CNR6026637170,Canceled by Driver,CID927598,Prime Sedan,Peenya,Jayanagar,,,Not Applicable,Personal & Car related issue,Not Applicable,Not Applicable,1085,Not Applicable,0,,
2024-07-22 02:12:00,CNR7596380599,Driver Not Found,CID487931,eBike,Jayanagar,Tumkur Road,,,Not Applicable,Not Applicable,Not Applicable,Not Applicable,608,Not Applicable,0,,
2024-07-04 20:37:00,CNR2853259227,Success,CID571575,Prime Sedan,Kadugodi,Devanahalli,266.0,50.0,Not Applicable,Not Applicable,No,Not Applicable,2484,Cash,10,4.6,5.0
2024-07-22 05:28:00,CNR3685877546,Success,CID137238,Prime Sedan,Frazer Town,Padmanabhanagar,196.0,110.0,Not Applicable,Not Applicable,No,Not Applicable,404,Cash,46,3.7,4.6
2024-07-01 02:37:00,CNR5577418891,Success,CID657536,Bike,Shivajinagar,Devanahalli,77.0,90.0,Not Applicable,Not Applicable,No,Not Applicable,825,Cash,26,3.3,4.1
2024-07-17 17:35:00,CNR5000780276,Success,CID426415,eBike,Tumkur Road,Chickpet,70.0,55.0,Not Applicable,Not Applicable,No,Not Applicable,302,Cash,13,3.8,3.8
2024-07-02 07:16:00,CNR1348151861,Success,CID662269,Auto,Ramamurthy Nagar,Richmond Town,182.0,95.0,Not Applicable,Not Applicable,No,Not Applicable,386,UPI,12,3.8,3.7
2024-07-19 06:09:00,CNR3774428591,Success,CID934551,Auto,Hosur Road,RT Nagar,91.0,60.0,Not Applicable,Not Applicable,No,Not Applicable,604,Cash,2,4.4,3.6
2024-07-05 16:01:00,CNR8590585502,Canceled by Driver,CID698013,Auto,KR Puram,Jayanagar,,,Not Applicable,Personal & Car related issue,Not Applicable,Not Applicable,2930,Not Applicable,0,,
2024-07-12 12:01:00,CNR3059659479,Success,CID395870,Mini,Yelahanka,HSR Layout,105.0,25.0,Not Applicable,Not Applicable,No,Not Applicable,272,Cash,10,4.2,4.4
2024-07-13 11:01:00,CNR4834588567,Success,CID997547,Prime Plus,Devanahalli,Varthur,84.0,50.0,Not Applicable,Not Applicable,No,Not Applicable,928,UPI,29,3.4,3.4
2024-07-03 09:24:00,CNR1947719325,Driver Not Found,CID191950,Prime Sedan,Sahakar Nagar,Shantinagar,,,Not Applicable,Not Applicable,Not Applicable,Not Applicable,133,Not Applicable,0,,
2024-07-13 21:25:00,CNR1952078909,Success,CID863881,Bike,Langford Town,Hulimavu,119.0,110.0,Not Applicable,Not Applicable,No,Not Applicable,793,Cash,27,4.1,3.2
2024-07-16 23:46:00,CNR8212861469,Success,CID208167,Prime Sedan,Rajarajeshwari Nagar,Marathahalli,266.0,70.0,Not Applicable,Not Applicable,No,Not Applicable,111,UPI,43,4.2,3.6
2024-07-20 01:08:00,CNR1419878899,Success,CID134983,Prime Plus,Hulimavu,Basavanagudi,49.0,55.0,Not Applicable,Not Applicable,No,Not Applicable,2161,Cash,31,3.0,3.4
2024-07-16 08:53:00,CNR7248553572,Success,CID849880,eBike,Ramamurthy Nagar,Richmond Town,126.0,75.0,Not Applicable,Not Applicable,No,Not Applicable,524,Cash,29,4.9,3.1
2024-07-12 16:15:00,CNR8825693863,Canceled by Customer,CID166803,Prime Plus,Basavanagudi,Rajajinagar,,,Driver asked to cancel,Not Applicable,Not Applicable,Not Applicable,478,Not Applicable,0,,
2024-07-26 00:47:00,CNR3141940317,Driver Not Found,CID368584,Prime Sedan,Hosur Road,Kadugodi,,,Not Applicable,Not Applicable,Not Applicable,Not Applicable,1615,Not Applicable,0,,
2024-07-02 07:12:00,CNR7188059889,Success,CID428014,Bike,Hebbal,JP Nagar,294.0,50.0,Not Applicable,Not Applicable,No,Not Applicable,931,UPI,43,3.7,3.4
2024-07-03 02:23:00,CNR1885277786,Canceled by Customer,CID365886,Mini,Basavanagudi,Cox Town,,,Change of plans,Not Applicable,Not Applicable,Not Applicable,572,Not Applicable,0,,
2024-07-19 09:35:00,CNR2545670529,Driver Not Found,CID819188,Bike,Rajarajeshwari Nagar,Sahakar Nagar,,,Not Applicable,Not Applicable,Not Applicable,Not Applicable,425,Not Applicable,0,,
2024-07-19 21:37:00,CNR1910756487,Success,CID722641,eBike,Shantinagar,Jayanagar,119.0,140.0,Not Applicable,Not Applicable,No,Not Applicable,695,Credit Card,38,4.5,5.0
2024-07-11 03:29:00,CNR6968016154,Driver Not Found,CID538394,Mini,Chamarajpet,Hulimavu,,,Not Applicable,Not Applicable,Not Applicable,Not Applicable,2931,Not Applicable,0,,
2024-07-26 03:37:00,CNR8752263089,Success,CID397344,Prime Sedan,Hulimavu,Hennur,91.0,25.0,Not Applicable,Not Applicable,No,Not Applicable,576,UPI,5,3.3,3.5
2024-07-10 08:19:00,CNR8901082965,Success,CID179258,Prime Plus,KR Puram,Frazer Town,105.0,135.0,Not Applicable,Not Applicable,No,Not Applicable,348,Cash,43,4.8,3.2
2024-07-14 15:18:00,CNR3347364816,Success,CID378806,Prime SUV,Basavanagudi,Langford Town,105.0,70.0,Not Applicable,Not Applicable,No,Not Applicable,298,UPI,41,3.2,3.8
2024-07-16 20:25:00,CNR4739392160,Success,CID175267,Auto,Sahakar Nagar,Kengeri,84.0,80.0,Not Applicable,Not Applicable,Yes,Customer Demand,203,Credit Card,6,3.6,3.6
2024-07-29 23:20:00,CNR2785523454,Success,CID768564,Auto,Kammanahalli,Rajarajeshwari Nagar,182.0,50.0,Not Applicable,Not Applicable,No,Not Applicable,110,Cash,7,4.1,3.9
2024-07-09 02:01:00,CNR5523347620,Success,CID649731,Prime SUV,Hebbal,Varthur,259.0,35.0,Not Applicable,Not Applicable,No,Not Applicable,655,Credit Card,46,3.6,3.1
2024-07-26 13:59:00,CNR8647780152,Canceled by Driver,CID793599,Auto,Chickpet,Kadugodi,,,Not Applicable,Personal & Car related issue,Not Applicable,Not Applicable,176,Not Applicable,0,,
2024-07-19 00:20:00,CNR7939454795,Success,CID562868,Prime SUV,Bannerghatta Road,Tumkur Road,280.0,60.0,Not Applicable,Not Applicable,No,Not Applicable,276,Cash,16,3.8,3.2
2024-07-25 18:38:00,CNR5587911960,Canceled by Customer,CID533002,eBike,JP Nagar,JP Nagar,,,Wrong Address,Not Applicable,Not Applicable,Not Applicable,977,Not Applicable,0,,
2024-07-29 09:09:00,CNR5357888447,Driver Not Found,CID355334,Prime Sedan,Magadi Road,Marathahalli,,,Not Applicable,Not Applicable,Not Applicable,Not Applicable,457,Not Applicable,0,,
2024-07-22 10:58:00,CNR9354570376,Success,CID895900,Mini,Peenya,Koramangala,252.0,60.0,Not Applicable,Not Applicable,No,Not Applicable,131,Cash,1,4.5,4.3
2024-07-10 22:18:00,CNR6946754608,Success,CID512790,Auto,Bellandur,MG Road,238.0,70.0,Not Applicable,Not Applicable,No,Not Applicable,158,Cash,7,3.8,4.0
2024-07-20 16:57:00,CNR4699494304,Driver Not Found,CID338059,Auto,Hosur Road,Chamarajpet,,,Not Applicable,Not Applicable,Not Applicable,Not Applicable,334,Not Applicable,0,,
2024-07-30 20:43:00,CNR1313751843,Canceled by Driver,CID846194,Auto,Koramangala,Cox Town,,,Not Applicable,Customer was coughing/sick,Not Applicable,Not Applicable,2458,Not Applicable,0,,
2024-07-24 01:42:00,CNR1790281926,Canceled by Driver,CID109617,Prime Sedan,Electronic City,Kadugodi,,,Not Applicable,More than permitted people in there,Not Applicable,Not Applicable,253,Not Applicable,0,,
2024-07-07 15:36:00,CNR7742215688,Success,CID294552,Auto,Varthur,Vijayanagar,175.0,50.0,Not Applicable,Not Applicable,Yes,Customer Demand,113,UPI,2,3.7,4.9
2024-07-21 10:06:00,CNR3744280843,Success,CID893511,Mini,Yeshwanthpur,Padmanabhanagar,259.0,115.0,Not Applicable,Not Applicable,Yes,Other Issue,204,Cash,5,4.4,4.2
2024-07-12 16:18:00,CNR9537852276,Canceled by Driver,CID542921,Prime Sedan,Shantinagar,Richmond Town,,,Not Applicable,Customer was coughing/sick,Not Applicable,Not Applicable,273,Not Applicable,0,,
2024-07-18 17:20:00,CNR5072798979,Success,CID934568,Prime SUV,Yelahanka,HSR Layout,98.0,30.0,Not Applicable,Not Applicable,No,Not Applicable,417,Cash,20,4.8,4.9
2024-07-25 12:50:00,CNR9671751974,Driver Not Found,CID295740,Prime Sedan,Yeshwanthpur,JP Nagar,,,Not Applicable,Not Applicable,Not Applicable,Not Applicable,150,Not Applicable,0,,
2024-07-14 10:49:00,CNR2648788330,Driver Not Found,CID739722,Prime SUV,Kammanahalli,Electronic City,,,Not Applicable,Not Applicable,Not Applicable,Not Applicable,904,Not Applicable,0,,
2024-07-28 09:55:00,CNR2133765862,Canceled by Customer,CID617794,Prime Plus,Padmanabhanagar,Chamarajpet,,,Driver is not moving towards pickup location,Not Applicable,Not Applicable,Not Applicable,769,Not Applicable,0,,
2024-07-17 09:49:00,CNR9289206135,Driver Not Found,CID706460,eBike,Bannerghatta Road,Magadi Road,,,Not Applicable,Not Applicable,Not Applicable,Not Applicable,132,Not Applicable,0,,
2024-07-21 19:08:00,CNR7003554085,Success,CID809826,eBike,Magadi Road,Vijayanagar,252.0,50.0,Not Applicable,Not Applicable,No,Not Applicable,808,UPI,49,3.4,4.8
2024-07-15 14:20:00,CNR7728736812,Success,CID411974,Prime SUV,Magadi Road,KR Puram,126.0,80.0,Not Applicable,Not Applicable,No,Not Applicable,176,UPI,37,3.2,4.3
2024-07-15 16:08:00,CNR9712114904,Success,CID570416,Prime Sedan,RT Nagar,Nagarbhavi,98.0,75.0,Not Applicable,Not Applicable,No,Not Applicable,691,UPI,12,4.7,4.5
2024-07-27 11:30:00,CNR4734864933,Success,CID874949,Prime SUV,KR Puram,Sahakar Nagar,147.0,60.0,Not Applicable,Not Applicable,No,Not Applicable,899,UPI,13,3.5,4.0
2024-07-21 03:38:00,CNR3008291284,Driver Not Found,CID853350,Mini,JP Nagar,Sahakar Nagar,,,Not Applicable,Not Applicable,Not Applicable,Not Applicable,392,Not Applicable,0,,
2024-07-12 08:48:00,CNR3128380342,Success,CID297588,Prime Plus,Rajarajeshwari Nagar,Chickpet,161.0,75.0,Not Applicable,Not Applicable,No,Not Applicable,147,UPI,47,4.6,4.6
2024-07-07 22:44:00,CNR8238437412,Canceled by Driver,CID668983,Prime SUV,Sarjapur Road,Majestic,,,Not Applicable,Personal & Car related issue,Not Applicable,Not Applicable,882,Not Applicable,0,,
2024-07-20 04:20:00,CNR1274842953,Success,CID957412,Prime Sedan,Hennur,Kammanahalli,238.0,70.0,Not Applicable,Not Applicable,No,Not Applicable,394,UPI,3,4.7,4.2
2024-07-19 07:32:00,CNR4307466923,Canceled by Customer,CID861165,eBike,Koramangala,Richmond Town,,,AC is Not working,Not Applicable,Not Applicable,Not Applicable,385,Not Applicable,0,,
2024-07-05 17:57:00,CNR8375759470,Success,CID664362,Prime Plus,BTM Layout,Peenya,105.0,60.0,Not Applicable,Not Applicable,No,Not Applicable,357,Cash,16,4.2,3.9
2024-07-29 02:58:00,CNR4511640861,Success,CID875936,Prime Plus,Kammanahalli,Tumkur Road,294.0,105.0,Not Applicable,Not Applicable,No,Not Applicable,407,Cash,39,4.2,4.3
2024-07-02 00:16:00,CNR8854775047,Success,CID169148,Prime Sedan,Sahakar Nagar,Rajarajeshwari Nagar,42.0,50.0,Not Applicable,Not Applicable,No,Not Applicable,1729,UPI,22,4.5,4.0
2024-07-06 15:01:00,CNR8525810316,Success,CID479082,Prime Plus,Jayanagar,Sahakar Nagar,182.0,40.0,Not Applicable,Not Applicable,No,Not Applicable,342,Credit Card,44,5.0,3.2
2024-07-25 16:32:00,CNR8711233371,Canceled by Driver,CID179961,Prime Sedan,Sarjapur Road,Mysore Road,,,Not Applicable,Customer was coughing/sick,Not Applicable,Not Applicable,418,Not Applicable,0,,
2024-07-04 20:35:00,CNR6954107789,Success,CID767633,Auto,Malleshwaram,Electronic City,266.0,140.0,Not Applicable,Not Applicable,No,Not Applicable,348,Cash,13,3.2,3.5
2024-07-04 00:32:00,CNR4674266576,Success,CID338288,Mini,HSR Layout,Kengeri,210.0,130.0,Not Applicable,Not Applicable,No,Not Applicable,253,Cash,34,4.4,4.2
2024-07-22 17:01:00,CNR7452710915,Success,CID636343,Mini,Magadi Road,Hosur Road,161.0,135.0,Not Applicable,Not Applicable,No,Not Applicable,327,UPI,7,4.3,3.7
2024-07-11 20:16:00,CNR5184825873,Success,CID315642,Prime SUV,Hulimavu,Kengeri,168.0,120.0,Not Applicable,Not Applicable,Yes,Vehicle Breakdown,143,Cash,34,3.6,3.1
2024-07-29 21:13:00,CNR6181357500,Success,CID844818,Mini,Chamarajpet,BTM Layout,266.0,50.0,Not Applicable,Not Applicable,No,Not Applicable,478,UPI,17,3.3,4.1
2024-07-18 07:41:00,CNR6938997971,Canceled by Driver,CID246368,Prime Sedan,KR Puram,Nagarbhavi,,,Not Applicable,Customer related issue,Not Applicable,Not Applicable,496,Not Applicable,0,,
2024-07-21 00:14:00,CNR3963468369,Success,CID933941,Auto,Nagarbhavi,Sarjapur Road,238.0,60.0,Not Applicable,Not Applicable,No,Not Applicable,424,Cash,5,4.2,4.9
2024-07-03 01:12:00,CNR2650944585,Success,CID852092,Bike,Hennur,Nagarbhavi,308.0,90.0,Not Applicable,Not Applicable,No,Not Applicable,240,UPI,1,4.9,4.5
2024-07-08 01:37:00,CNR3086717975,Canceled by Customer,CID226107,Prime Sedan,Peenya,Jayanagar,,,AC is Not working,Not Applicable,Not Applicable,Not Applicable,535,Not Applicable,0,,
2024-07-12 04:40:00,CNR1008189398,Success,CID872302,Prime Plus,Whitefield,RT Nagar,70.0,30.0,Not Applicable,Not Applicable,No,Not Applicable,851,UPI,1,3.1,4.4
2024-07-04 00:46:00,CNR5838845239,Canceled by Driver,CID109809,eBike,Hulimavu,Nagarbhavi,,,Not Applicable,More than permitted people in there,Not Applicable,Not Applicable,477,Not Applicable,0,,
2024-07-22 12:14:00,CNR1453879719,Canceled by Customer,CID913225,Bike,MG Road,Langford Town,,,AC is Not working,Not Applicable,Not Applicable,Not Applicable,494,Not Applicable,0,,
2024-07-13 09:24:00,CNR2274835232,Canceled by Customer,CID977150,Prime Sedan,Chickpet,Sahakar Nagar,,,Driver asked to cancel,Not Applicable,Not Applicable,Not Applicable,890,Not Applicable,0,,
2024-07-09 16:25:00,CNR1911954795,Success,CID117233,Prime SUV,Kammanahalli,Hennur,189.0,60.0,Not Applicable,Not Applicable,No,Not Applicable,374,Cash,32,4.8,3.1
2024-07-23 07:25:00,CNR6112890926,Driver Not Found,CID876371,Prime Plus,Indiranagar,Frazer Town,,,Not Applicable,Not Applicable,Not Applicable,Not Applicable,365,Not Applicable,0,,
2024-07-26 17:24:00,CNR8201459640,Canceled by Customer,CID806850,Prime Plus,MG Road,Padmanabhanagar,,,Driver is not moving towards pickup location,Not Applicable,Not Applicable,Not Applicable,412,Not Applicable,0,,
2024-07-03 23:15:00,CNR2819011240,Success,CID153607,Prime SUV,Rajarajeshwari Nagar,Varthur,266.0,80.0,Not Applicable,Not Applicable,No,Not Applicable,1751,UPI,31,5.0,3.6
2024-07-17 19:01:00,CNR7760474291,Success,CID922444,Prime Sedan,Electronic City,Hosur Road,196.0,40.0,Not Applicable,Not Applicable,No,Not Applicable,801,UPI,39,3.8,3.9
2024-07-13 15:17:00,CNR7913350387,Canceled by Customer,CID301919,Bike,Ulsoor,Frazer Town,,,Driver is not moving towards pickup location,Not Applicable,Not Applicable,Not Applicable,210,Not Applicable,0,,
2024-07-14 12:00:00,CNR2692175128,Success,CID584430,Prime Plus,Basavanagudi,Magadi Road,119.0,120.0,Not Applicable,Not Applicable,No,Not Applicable,194,Cash,18,4.1,3.0
2024-07-29 20:38:00,CNR1976860616,Driver Not Found,CID706803,Prime SUV,Mysore Road,JP Nagar,,,Not Applicable,Not Applicable,Not Applicable,Not Applicable,983,Not Applicable,0,,
2024-07-28 15:02:00,CNR6232585286,Canceled by Customer,CID123463,Auto,Kadugodi,JP Nagar,,,Driver is not moving towards pickup location,Not Applicable,Not Applicable,Not Applicable,722,Not Applicable,0,,
2024-07-17 15:04:00,CNR8626381909,Canceled by Driver,CID316543,Prime SUV,Yelahanka,Nagarbhavi,,,Not Applicable,Customer related issue,Not Applicable,Not Applicable,926,Not Applicable,0,,
2024-07-21 05:22:00,CNR7634050938,Success,CID183772,Prime SUV,Rajarajeshwari Nagar,Chickpet,161.0,60.0,Not Applicable,Not Applicable,No,Not Applicable,390,Cash,1,3.8,4.1
2024-07-21 23:59:00,CNR3494236053,Canceled by Customer,CID307849,Prime Sedan,MG Road,Yelahanka,,,Driver asked to cancel,Not Applicable,Not Applicable,Not Applicable,329,Not Applicable,0,,
2024-07-10 04:18:00,CNR3650112383,Driver Not Found,CID969342,Prime SUV,Basavanagudi,Langford Town,,,Not Applicable,Not Applicable,Not Applicable,Not Applicable,188,Not Applicable,0,,
2024-07-09 17:20:00,CNR5077603648,Success,CID560801,Bike,HSR Layout,Koramangala,126.0,105.0,Not Applicable,Not Applicable,No,Not Applicable,223,UPI,18,3.4,4.0
2024-07-24 16:11:00,CNR3778727763,Success,CID787930,eBike,Mysore Road,Langford Town,119.0,120.0,Not Applicable,Not Applicable,No,Not Applicable,290,Debit Card,23,4.8,4.1
2024-07-21 13:28:00,CNR8277515547,Driver Not Found,CID420908,Prime Sedan,Majestic,Kadugodi,,,Not Applicable,Not Applicable,Not Applicable,Not Applicable,343,Not Applicable,0,,
2024-07-16 02:38:00,CNR3694778582,Canceled by Driver,CID837109,Prime Plus,Magadi Road,Banashankari,,,Not Applicable,Customer was coughing/sick,Not Applicable,Not Applicable,414,Not Applicable,0,,
2024-07-13 14:50:00,CNR2240053521,Success,CID534374,Prime SUV,Sahakar Nagar,Indiranagar,63.0,115.0,Not Applicable,Not Applicable,Yes,Customer Demand,493,UPI,39,3.2,4.9
2024-07-21 04:18:00,CNR8054296801,Canceled by Customer,CID741602,Bike,KR Puram,Majestic,,,Driver is not moving towards pickup location,Not Applicable,Not Applicable,Not Applicable,1191,Not Applicable,0,,
2024-07-10 05:49:00,CNR1346135366,Canceled by Driver,CID657968,Bike,Kammanahalli,Indiranagar,,,Not Applicable,Customer was coughing/sick,Not Applicable,Not Applicable,213,Not Applicable,0,,
2024-07-14 10:50:00,CNR7780452977,Driver Not Found,CID876304,Prime Sedan,Devanahalli,Kadugodi,,,Not Applicable,Not Applicable,Not Applicable,Not Applicable,344,Not Applicable,0,,
2024-07-24 10:56:00,CNR7516998140,Success,CID999139,Bike,Sarjapur Road,Jayanagar,217.0,100.0,Not Applicable,Not Applicable,No,Not Applicable,297,Cash,47,4.7,4.4
2024-07-19 15:40:00,CNR3788711073,Canceled by Driver,CID914175,Prime SUV,Langford Town,Varthur,,,Not Applicable,Customer related issue,Not Applicable,Not Applicable,768,Not Applicable,0,,
2024-07-24 08:49:00,CNR4274202604,Success,CID377831,Prime Sedan,Marathahalli,Cox Town,84.0,135.0,Not Applicable,Not Applicable,No,Not Applicable,257,Cash,18,4.8,3.1
2024-07-07 15:02:00,CNR6186775679,Success,CID891595,Prime Sedan,Jayanagar,Chickpet,84.0,100.0,Not Applicable,Not Applicable,No,Not Applicable,104,UPI,38,4.3,4.4
2024-07-16 13:43:00,CNR2800163011,Success,CID569115,Prime Plus,Kadugodi,Shivajinagar,238.0,120.0,Not Applicable,Not Applicable,No,Not Applicable,2408,Cash,44,4.3,4.0
2024-07-02 09:53:00,CNR6583035831,Success,CID238938,Prime Plus,Yelahanka,Banashankari,77.0,75.0,Not Applicable,Not Applicable,No,Not Applicable,2044,Cash,29,4.7,3.9
2024-07-21 10:27:00,CNR7735911053,Success,CID638204,Mini,Ulsoor,Frazer Town,168.0,115.0,Not Applicable,Not Applicable,No,Not Applicable,732,Cash,41,3.1,4.4
2024-07-09 05:06:00,CNR4587984488,Success,CID930165,eBike,Ulsoor,BTM Layout,182.0,45.0,Not Applicable,Not Applicable,No,Not Applicable,439,Cash,28,5.0,3.8
2024-07-25 03:42:00,CNR5315063273,Success,CID674201,Mini,Bellandur,Koramangala,105.0,135.0,Not Applicable,Not Applicable,No,Not Applicable,441,Cash,27,4.3,4.6
2024-07-28 13:35:00,CNR9808312454,Success,CID375230,Prime Sedan,Kadugodi,BTM Layout,77.0,30.0,Not Applicable,Not Applicable,No,Not Applicable,429,Cash,4,4.9,3.5
2024-07-20 06:58:00,CNR1360220690,Success,CID802532,Bike,Marathahalli,Banashankari,259.0,105.0,Not Applicable,Not Applicable,No,Not Applicable,395,Cash,28,3.5,3.5
2024-07-29 18:09:00,CNR4096973727,Success,CID747713,Mini,Mysore Road,Indiranagar,84.0,80.0,Not Applicable,Not Applicable,No,Not Applicable,445,Cash,31,4.5,5.0
2024-07-22 10:17:00,CNR7525901593,Canceled by Customer,CID376742,Prime Sedan,Magadi Road,Bellandur,,,AC is Not working,Not Applicable,Not Applicable,Not Applicable,231,Not Applicable,0,,
2024-07-21 08:14:00,CNR1100751322,Success,CID542637,eBike,Frazer Town,Kammanahalli,147.0,110.0,Not Applicable,Not Applicable,No,Not Applicable,661,UPI,4,3.8,4.0
2024-07-19 02:28:00,CNR3014844765,Canceled by Driver,CID144551,Bike,Majestic,Varthur,,,Not Applicable,Customer related issue,Not Applicable,Not Applicable,204,Not Applicable,0,,
2024-07-20 21:33:00,CNR9254111794,Success,CID860212,Auto,Koramangala,Nagarbhavi,280.0,120.0,Not Applicable,Not Applicable,No,Not Applicable,311,UPI,4,3.6,4.0
2024-07-15 21:59:00,CNR3939944802,Driver Not Found,CID213619,Bike,Majestic,Basavanagudi,,,Not Applicable,Not Applicable,Not Applicable,Not Applicable,942,Not Applicable,0,,
2024-07-12 10:51:00,CNR2460461445,Success,CID466097,eBike,BTM Layout,Whitefield,35.0,85.0,Not Applicable,Not Applicable,No,Not Applicable,320,UPI,31,3.2,3.9
2024-07-22 07:33:00,CNR6074894933,Driver Not Found,CID382734,Auto,Yeshwanthpur,Ramamurthy Nagar,,,Not Applicable,Not Applicable,Not Applicable,Not Applicable,247,Not Applicable,0,,
2024-07-18 15:34:00,CNR1797794325,Driver Not Found,CID258850,Mini,Sarjapur Road,Ramamurthy Nagar,,,Not Applicable,Not Applicable,Not Applicable,Not Applicable,390,Not Applicable,0,,
2024-07-14 09:49:00,CNR8409743818,Driver Not Found,CID414564,eBike,MG Road,Indiranagar,,,Not Applicable,Not Applicable,Not Applicable,Not Applicable,342,Not Applicable,0,,
2024-07-25 03:32:00,CNR5368088335,Driver Not Found,CID522895,Bike,Electronic City,Devanahalli,,,Not Applicable,Not Applicable,Not Applicable,Not Applicable,890,Not Applicable,0,,
2024-07-04 03:14:00,CNR4396068452,Success,CID560944,eBike,Frazer Town,Richmond Town,63.0,35.0,Not Applicable,Not Applicable,No,Not Applicable,424,Cash,43,3.7,4.5
2024-07-10 07:16:00,CNR6232922510,Success,CID341913,Prime Plus,BTM Layout,Malleshwaram,140.0,130.0,Not Applicable,Not Applicable,No,Not Applicable,1823,UPI,32,3.9,4.9
2024-07-19 21:15:00,CNR7931570113,Canceled by Driver,CID976727,Auto,Electronic City,Kammanahalli,,,Not Applicable,Customer related issue,Not Applicable,Not Applicable,302,Not Applicable,0,,
2024-07-09 14:51:00,CNR5515171040,Success,CID836942,Mini,Langford Town,Indiranagar,273.0,40.0,Not Applicable,Not Applicable,No,Not Applicable,361,Cash,12,3.4,3.9
2024-07-02 16:51:00,CNR9306337793,Canceled by Customer,CID383429,eBike,Bellandur,Richmond Town,,,Driver is not moving towards pickup location,Not Applicable,Not Applicable,Not Applicable,431,Not Applicable,0,,
2024-07-28 18:09:00,CNR6832304711,Canceled by Driver,CID611726,Prime SUV,Bannerghatta Road,Rajajinagar,,,Not Applicable,Personal & Car related issue,Not Applicable,Not Applicable,372,Not Applicable,0,,
2024-07-05 05:05:00,CNR3194901850,Canceled by Driver,CID680346,Mini,Varthur,Rajajinagar,,,Not Applicable,Personal & Car related issue,Not Applicable,Not Applicable,440,Not Applicable,0,,
2024-07-22 12:53:00,CNR1936788491,Success,CID133898,Prime SUV,Mysore Road,Kadugodi,112.0,55.0,Not Applicable,Not Applicable,No,Not Applicable,330,Cash,5,3.4,4.8
2024-07-23 06:36:00,CNR4467248461,Canceled by Customer,CID876303,Auto,Koramangala,Sahakar Nagar,,,Driver is not moving towards pickup location,Not Applicable,Not Applicable,Not Applicable,315,Not Applicable,0,,
2024-07-05 17:18:00,CNR6108092955,Canceled by Customer,CID285482,Mini,Vijayanagar,Peenya,,,Driver is not moving towards pickup location,Not Applicable,Not Applicable,Not Applicable,2293,Not Applicable,0,,
2024-07-29 19:24:00,CNR2123505028,Canceled by Driver,CID458548,Prime SUV,Marathahalli,Vijayanagar,,,Not Applicable,Personal & Car related issue,Not Applicable,Not Applicable,265,Not Applicable,0,,
2024-07-01 01:36:00,CNR9824890340,Canceled by Driver,CID372041,eBike,Nagarbhavi,Shantinagar,,,Not Applicable,Personal & Car related issue,Not Applicable,Not Applicable,1352,Not Applicable,0,,
2024-07-15 14:48:00,CNR4954329577,Success,CID753529,Bike,Marathahalli,Mysore Road,63.0,60.0,Not Applicable,Not Applicable,No,Not Applicable,308,Cash,27,3.5,4.0
2024-07-02 05:37:00,CNR5985122219,Success,CID601182,Mini,Indiranagar,Devanahalli,252.0,35.0,Not Applicable,Not Applicable,No,Not Applicable,398,UPI,30,3.3,3.6
2024-07-21 03:02:00,CNR1422175823,Canceled by Driver,CID927717,Auto,Rajarajeshwari Nagar,Kadugodi,,,Not Applicable,Customer related issue,Not Applicable,Not Applicable,171,Not Applicable,0,,
2024-07-15 12:12:00,CNR1185078482,Canceled by Driver,CID345326,Bike,Rajarajeshwari Nagar,Mysore Road,,,Not Applicable,Customer related issue,Not Applicable,Not Applicable,191,Not Applicable,0,,
2024-07-09 23:42:00,CNR8418383913,Canceled by Driver,CID561048,Prime Sedan,Chickpet,Rajarajeshwari Nagar,,,Not Applicable,Customer related issue,Not Applicable,Not Applicable,145,Not Applicable,0,,
2024-07-26 02:33:00,CNR1297708765,Canceled by Customer,CID310222,Prime SUV,Frazer Town,Electronic City,,,AC is Not working,Not Applicable,Not Applicable,Not Applicable,935,Not Applicable,0,,
2024-07-29 17:26:00,CNR4568404965,Success,CID513150,Prime SUV,Malleshwaram,Whitefield,210.0,80.0,Not Applicable,Not Applicable,Yes,Customer Demand,824,UPI,46,4.8,3.9
2024-07-03 04:42:00,CNR6320313393,Success,CID836736,Auto,RT Nagar,Shivajinagar,147.0,35.0,Not Applicable,Not Applicable,No,Not Applicable,347,Cash,17,3.6,3.4
2024-07-15 19:10:00,CNR3732147030,Canceled by Customer,CID801677,Bike,HSR Layout,Electronic City,,,Wrong Address,Not Applicable,Not Applicable,Not Applicable,117,Not Applicable,0,,
2024-07-29 19:23:00,CNR6257883285,Success,CID745755,Bike,Indiranagar,Devanahalli,56.0,145.0,Not Applicable,Not Applicable,No,Not Applicable,488,Cash,46,4.2,3.3
2024-07-23 18:42:00,CNR4073324303,Success,CID751848,Mini,Basavanagudi,Banashankari,287.0,50.0,Not Applicable,Not Applicable,No,Not Applicable,156,Cash,27,3.6,4.5
2024-07-19 20:02:00,CNR8992776142,Success,CID510224,Prime SUV,Hennur,Sarjapur Road,147.0,75.0,Not Applicable,Not Applicable,No,Not Applicable,335,UPI,20,4.9,3.2
2024-07-07 08:42:00,CNR3385620740,Success,CID430668,Prime Sedan,Bannerghatta Road,Koramangala,77.0,65.0,Not Applicable,Not Applicable,No,Not Applicable,105,UPI,33,4.4,4.5
2024-07-17 23:28:00,CNR3892473165,Success,CID392915,eBike,Shantinagar,Hennur,140.0,130.0,Not Applicable,Not Applicable,No,Not Applicable,268,UPI,40,4.3,3.7
2024-07-07 09:02:00,CNR1240849121,Canceled by Driver,CID274214,Bike,Varthur,Cox Town,,,Not Applicable,Personal & Car related issue,Not Applicable,Not Applicable,465,Not Applicable,0,,
2024-07-10 14:47:00,CNR4748752235,Success,CID196208,Mini,RT Nagar,Yeshwanthpur,210.0,85.0,Not Applicable,Not Applicable,No,Not Applicable,852,Cash,5,4.3,4.7
2024-07-18 22:42:00,CNR4734416243,Success,CID788214,Auto,Devanahalli,Hosur Road,42.0,125.0,Not Applicable,Not Applicable,No,Not Applicable,408,Cash,7,3.2,4.8
2024-07-11 12:43:00,CNR8969185075,Canceled by Driver,CID739792,Auto,MG Road,HSR Layout,,,Not Applicable,More than permitted people in there,Not Applicable,Not Applicable,143,Not Applicable,0,,
2024-07-18 08:00:00,CNR4787573190,Success,CID795484,Prime Sedan,Chamarajpet,Basavanagudi,259.0,125.0,Not Applicable,Not Applicable,No,Not Applicable,203,UPI,17,4.5,4.1
2024-07-15 18:27:00,CNR7467740179,Success,CID823481,Prime Sedan,Tumkur Road,Varthur,266.0,135.0,Not Applicable,Not Applicable,No,Not Applicable,213,UPI,36,3.7,5.0
2024-07-29 14:14:00,CNR4972922030,Canceled by Customer,CID849018,Mini,Magadi Road,Bellandur,,,AC is Not working,Not Applicable,Not Applicable,Not Applicable,803,Not Applicable,0,,
2024-07-27 14:56:00,CNR6617514671,Success,CID294808,Prime Plus,Varthur,KR Puram,252.0,145.0,Not Applicable,Not Applicable,No,Not Applicable,238,Cash,43,3.6,3.3
2024-07-10 04:33:00,CNR4876139755,Success,CID822752,Prime Plus,KR Puram,Tumkur Road,35.0,145.0,Not Applicable,Not Applicable,No,Not Applicable,477,Cash,40,4.2,3.5
2024-07-17 09:16:00,CNR1866170471,Canceled by Customer,CID963811,Auto,MG Road,Basavanagudi,,,Driver asked to cancel,Not Applicable,Not Applicable,Not Applicable,757,Not Applicable,0,,
2024-07-07 14:14:00,CNR1394143940,Success,CID650362,Prime SUV,MG Road,Banashankari,266.0,55.0,Not Applicable,Not Applicable,No,Not Applicable,241,Cash,46,4.4,3.1
2024-07-19 14:27:00,CNR1253220171,Success,CID357231,Prime SUV,Bannerghatta Road,Sarjapur Road,196.0,55.0,Not Applicable,Not Applicable,No,Not Applicable,427,UPI,33,4.6,4.7
2024-07-05 17:22:00,CNR2870931090,Success,CID867775,Mini,Padmanabhanagar,Shivajinagar,273.0,115.0,Not Applicable,Not Applicable,No,Not Applicable,481,UPI,13,4.5,4.4
2024-07-25 23:31:00,CNR6396875357,Success,CID915178,Prime Sedan,Bellandur,Yeshwanthpur,35.0,85.0,Not Applicable,Not Applicable,No,Not Applicable,790,UPI,35,3.9,4.6
2024-07-20 04:10:00,CNR9802554944,Success,CID117693,Bike,Padmanabhanagar,Ulsoor,49.0,45.0,Not Applicable,Not Applicable,No,Not Applicable,475,UPI,10,3.2,3.8
2024-07-11 13:21:00,CNR2848539407,Success,CID180893,Prime Plus,Langford Town,Bellandur,91.0,25.0,Not Applicable,Not Applicable,No,Not Applicable,566,Cash,17,4.4,4.9
2024-07-21 23:32:00,CNR2623406185,Success,CID864438,Bike,Mysore Road,Tumkur Road,126.0,110.0,Not Applicable,Not Applicable,No,Not Applicable,428,Cash,19,4.7,4.3
2024-07-04 02:24:00,CNR2846995384,Driver Not Found,CID856393,eBike,Peenya,Bellandur,,,Not Applicable,Not Applicable,Not Applicable,Not Applicable,196,Not Applicable,0,,
2024-07-04 23:43:00,CNR9179252414,Success,CID776960,Prime Sedan,Cox Town,Cox Town,147.0,140.0,Not Applicable,Not Applicable,No,Not Applicable,143,UPI,19,3.5,4.0
2024-07-07 12:06:00,CNR7875758096,Success,CID228291,Prime Plus,Langford Town,BTM Layout,140.0,90.0,Not Applicable,Not Applicable,No,Not Applicable,733,Cash,31,3.9,3.6
2024-07-10 17:40:00,CNR5761361135,Canceled by Customer,CID818913,Prime Plus,Hennur,Rajajinagar,,,Change of plans,Not Applicable,Not Applicable,Not Applicable,1552,Not Applicable,0,,
2024-07-13 19:53:00,CNR3194625692,Success,CID545800,Auto,Indiranagar,Rajarajeshwari Nagar,98.0,75.0,Not Applicable,Not Applicable,No,Not Applicable,109,UPI,2,4.7,4.3
2024-07-30 21:08:00,CNR9197285847,Driver Not Found,CID797287,Prime SUV,Vijayanagar,MG Road,,,Not Applicable,Not Applicable,Not Applicable,Not Applicable,1921,Not Applicable,0,,
2024-07-19 08:54:00,CNR6294749223,Success,CID996802,Prime Sedan,KR Puram,Electronic City,133.0,125.0,Not Applicable,Not Applicable,No,Not Applicable,460,UPI,20,3.8,4.6
2024-07-20 12:05:00,CNR5655624147,Canceled by Driver,CID648695,Auto,Tumkur Road,Padmanabhanagar,,,Not Applicable,Personal & Car related issue,Not Applicable,Not Applicable,844,Not Applicable,0,,
2024-07-23 13:36:00,CNR4036329437,Canceled by Customer,CID863624,Prime SUV,Indiranagar,Electronic City,,,AC is Not working,Not Applicable,Not Applicable,Not Applicable,597,Not Applicable,0,,
2024-07-21 16:48:00,CNR8265639433,Canceled by Customer,CID755437,Mini,Vijayanagar,Hosur Road,,,Driver asked to cancel,Not Applicable,Not Applicable,Not Applicable,261,Not Applicable,0,,
2024-07-05 13:54:00,CNR1492284449,Success,CID708733,Bike,Yelahanka,Cox Town,56.0,145.0,Not Applicable,Not Applicable,Yes,Customer Demand,304,Cash,25,3.6,3.9
2024-07-14 21:03:00,CNR6930655657,Success,CID521794,eBike,BTM Layout,Malleshwaram,42.0,30.0,Not Applicable,Not Applicable,No,Not Applicable,778,Cash,28,3.2,4.0
2024-07-22 14:07:00,CNR8123261103,Success,CID996353,eBike,RT Nagar,JP Nagar,308.0,130.0,Not Applicable,Not Applicable,No,Not Applicable,185,Cash,28,3.7,3.9
2024-07-10 03:34:00,CNR4164424284,Success,CID997829,Prime Plus,Hosur Road,Ramamurthy Nagar,98.0,65.0,Not Applicable,Not Applicable,No,Not Applicable,449,UPI,11,3.4,3.1
2024-07-13 18:53:00,CNR1180289552,Success,CID945681,Prime Plus,Chickpet,Mysore Road,77.0,140.0,Not Applicable,Not Applicable,No,Not Applicable,713,Cash,36,3.7,4.0
2024-07-05 17:11:00,CNR1582311040,Driver Not Found,CID848361,Prime SUV,Sahakar Nagar,RT Nagar,,,Not Applicable,Not Applicable,Not Applicable,Not Applicable,100,Not Applicable,0,,
2024-07-02 13:14:00,CNR4759998650,Success,CID584121,eBike,Rajajinagar,KR Puram,252.0,90.0,Not Applicable,Not Applicable,No,Not Applicable,1296,UPI,38,4.1,3.9
2024-07-25 06:46:00,CNR9337853872,Canceled by Customer,CID523331,Mini,Magadi Road,Hulimavu,,,Wrong Address,Not Applicable,Not Applicable,Not Applicable,144,Not Applicable,0,,
2024-07-06 07:59:00,CNR9814466929,Success,CID408388,Prime SUV,Mysore Road,Hulimavu,217.0,90.0,Not Applicable,Not Applicable,No,Not Applicable,1190,Cash,45,3.7,3.5
2024-07-04 12:39:00,CNR7086884212,Success,CID961573,Prime Sedan,Nagarbhavi,Majestic,210.0,80.0,Not Applicable,Not Applicable,No,Not Applicable,778,Cash,5,3.2,5.0
2024-07-25 09:19:00,CNR7594835597,Canceled by Customer,CID673321,Auto,Devanahalli,Kammanahalli,,,Change of plans,Not Applicable,Not Applicable,Not Applicable,649,Not Applicable,0,,
2024-07-03 05:06:00,CNR5780008468,Canceled by Customer,CID733483,Bike,JP Nagar,Whitefield,,,AC is Not working,Not Applicable,Not Applicable,Not Applicable,119,Not Applicable,0,,
2024-07-03 07:22:00,CNR4047665766,Canceled by Driver,CID864673,eBike,Banashankari,BTM Layout,,,Not Applicable,Customer related issue,Not Applicable,Not Applicable,2177,Not Applicable,0,,
2024-07-29 18:10:00,CNR6017158753,Canceled by Driver,CID456327,Prime Plus,Devanahalli,Peenya,,,Not Applicable,More than permitted people in there,Not Applicable,Not Applicable,453,Not Applicable,0,,
2024-07-23 22:12:00,CNR4694622501,Success,CID496101,Mini,Whitefield,Magadi Road,119.0,145.0,Not Applicable,Not Applicable,No,Not Applicable,642,UPI,44,4.0,3.8
2024-07-27 05:36:00,CNR7198737739,Success,CID541774,Prime Sedan,Varthur,Shantinagar,49.0,110.0,Not Applicable,Not Applicable,No,Not Applicable,236,Cash,10,4.9,4.0
2024-07-03 16:52:00,CNR7865674885,Canceled by Driver,CID135304,Auto,Hulimavu,Frazer Town,,,Not Applicable,Personal & Car related issue,Not Applicable,Not Applicable,404,Not Applicable,0,,
2024-07-16 10:05:00,CNR2738983547,Canceled by Customer,CID884730,Prime Sedan,Vijayanagar,Rajarajeshwari Nagar,,,Change of plans,Not Applicable,Not Applicable,Not Applicable,122,Not Applicable,0,,
2024-07-20 03:09:00,CNR9334968500,Success,CID773935,eBike,Kadugodi,Shivajinagar,245.0,70.0,Not Applicable,Not Applicable,No,Not Applicable,246,Cash,43,3.8,4.6
2024-07-22 03:58:00,CNR2561817237,Success,CID838445,Prime Sedan,Hosur Road,BTM Layout,98.0,115.0,Not Applicable,Not Applicable,No,Not Applicable,186,Cash,18,4.8,3.6
2024-07-14 19:25:00,CNR5504359884,Driver Not Found,CID246507,Mini,Bellandur,Langford Town,,,Not Applicable,Not Applicable,Not Applicable,Not Applicable,362,Not Applicable,0,,
2024-07-14 16:30:00,CNR2208620078,Success,CID136151,Prime Sedan,Koramangala,Hebbal,98.0,30.0,Not Applicable,Not Applicable,No,Not Applicable,1079,Cash,30,4.0,3.8
2024-07-21 22:43:00,CNR6579237056,Success,CID297661,eBike,Hebbal,Varthur,35.0,70.0,Not Applicable,Not Applicable,No,Not Applicable,185,UPI,40,4.3,3.5
2024-07-16 10:24:00,CNR4732116851,Success,CID315334,Prime Plus,Hulimavu,JP Nagar,238.0,115.0,Not Applicable,Not Applicable,No,Not Applicable,226,Cash,8,4.8,4.4
2024-07-17 21:51:00,CNR8794046680,Success,CID250501,Bike,Bellandur,Frazer Town,77.0,90.0,Not Applicable,Not Applicable,No,Not Applicable,440,Cash,5,4.6,4.0
2024-07-12 07:33:00,CNR6894301257,Canceled by Customer,CID878193,Prime SUV,Rajarajeshwari Nagar,Ramamurthy Nagar,,,AC is Not working,Not Applicable,Not Applicable,Not Applicable,268,Not Applicable,0,,
2024-07-18 06:19:00,CNR7326681632,Success,CID387659,Auto,RT Nagar,Chickpet,217.0,25.0,Not Applicable,Not Applicable,Yes,Vehicle Breakdown,144,UPI,14,4.8,4.7
2024-07-23 18:40:00,CNR7759285136,Driver Not Found,CID347016,Bike,Ulsoor,Richmond Town,,,Not Applicable,Not Applicable,Not Applicable,Not Applicable,244,Not Applicable,0,,
2024-07-18 18:03:00,CNR5763414044,Success,CID863535,Prime Sedan,Hulimavu,Devanahalli,91.0,140.0,Not Applicable,Not Applicable,No,Not Applicable,296,UPI,4,4.2,4.0
2024-07-12 17:35:00,CNR5847042157,Success,CID590968,Auto,Whitefield,Peenya,196.0,115.0,Not Applicable,Not Applicable,No,Not Applicable,494,Cash,14,3.6,4.6
2024-07-16 01:57:00,CNR2802298679,Success,CID329154,Auto,Devanahalli,Richmond Town,91.0,90.0,Not Applicable,Not Applicable,No,Not Applicable,248,UPI,13,3.5,4.5
2024-07-24 03:02:00,CNR3336450077,Success,CID849476,Auto,Indiranagar,Tumkur Road,119.0,45.0,Not Applicable,Not Applicable,No,Not Applicable,664,Cash,4,5.0,4.2
2024-07-03 14:14:00,CNR1347595672,Success,CID689418,Bike,Varthur,Hennur,182.0,115.0,Not Applicable,Not Applicable,No,Not Applicable,919,UPI,25,5.0,3.2
2024-07-14 05:33:00,CNR4041286808,Canceled by Driver,CID706727,Auto,Bannerghatta Road,KR Puram,,,Not Applicable,Customer was coughing/sick,Not Applicable,Not Applicable,424,Not Applicable,0,,
2024-07-18 12:22:00,CNR8810146819,Success,CID206378,Bike,Peenya,Kadugodi,84.0,50.0,Not Applicable,Not Applicable,No,Not Applicable,493,UPI,27,4.9,4.3
2024-07-19 05:44:00,CNR2166430664,Driver Not Found,CID236307,Bike,Shantinagar,BTM Layout,,,Not Applicable,Not Applicable,Not Applicable,Not Applicable,241,Not Applicable,0,,
2024-07-28 02:38:00,CNR7947098960,Canceled by Driver,CID868098,Prime Sedan,Cox Town,Bellandur,,,Not Applicable,Personal & Car related issue,Not Applicable,Not Applicable,560,Not Applicable,0,,
2024-07-14 17:51:00,CNR3983817972,Success,CID960728,Auto,Koramangala,Electronic City,42.0,130.0,Not Applicable,Not Applicable,No,Not Applicable,138,Cash,16,3.1,3.9
2024-07-14 18:54:00,CNR4434711772,Success,CID271975,Prime SUV,Hosur Road,Jayanagar,63.0,65.0,Not Applicable,Not Applicable,No,Not Applicable,673,Cash,30,4.7,3.4
2024-07-25 10:56:00,CNR8517569978,Success,CID835684,Mini,Basavanagudi,Varthur,238.0,90.0,Not Applicable,Not Applicable,No,Not Applicable,173,UPI,42,3.6,4.5
2024-07-25 00:34:00,CNR3941431938,Success,CID945596,eBike,Bannerghatta Road,Yeshwanthpur,63.0,50.0,Not Applicable,Not Applicable,No,Not Applicable,182,UPI,10,3.9,4.8
2024-07-19 15:07:00,CNR5086641174,Success,CID326610,Prime Sedan,Basavanagudi,MG Road,140.0,40.0,Not Applicable,Not Applicable,Yes,Customer Demand,451,Cash,25,3.6,4.4
2024-07-08 04:55:00,CNR7534567881,Success,CID935515,Prime Plus,Ulsoor,Varthur,168.0,90.0,Not Applicable,Not Applicable,No,Not Applicable,477,Cash,33,3.0,3.4
2024-07-04 15:43:00,CNR8465530135,Success,CID448797,Mini,Basavanagudi,KR Puram,294.0,65.0,Not Applicable,Not Applicable,No,Not Applicable,485,Cash,25,4.1,3.6
2024-07-05 01:18:00,CNR4308667589,Success,CID809071,Mini,Whitefield,Bannerghatta Road,238.0,60.0,Not Applicable,Not Applicable,No,Not Applicable,116,Cash,49,4.6,3.9
2024-07-07 02:17:00,CNR6677289398,Canceled by Driver,CID282648,Bike,Malleshwaram,Kammanahalli,,,Not Applicable,Personal & Car related issue,Not Applicable,Not Applicable,321,Not Applicable,0,,
2024-07-11 20:16:00,CNR2142819976,Success,CID500668,Prime Plus,Rajarajeshwari Nagar,Hulimavu,147.0,45.0,Not Applicable,Not Applicable,No,Not Applicable,2529,Cash,3,3.2,3.6
2024-07-27 20:44:00,CNR4494462635,Success,CID709436,Prime Plus,Yeshwanthpur,Kammanahalli,224.0,100.0,Not Applicable,Not Applicable,No,Not Applicable,142,Cash,5,4.9,4.1
2024-07-14 22:12:00,CNR6216703995,Success,CID807622,Prime Plus,Yelahanka,Hulimavu,231.0,105.0,Not Applicable,Not Applicable,No,Not Applicable,319,Cash,17,3.5,4.9
2024-07-25 12:34:00,CNR8595850412,Success,CID190333,Bike,Sarjapur Road,Hennur,273.0,60.0,Not Applicable,Not Applicable,No,Not Applicable,215,Cash,18,4.9,4.1
2024-07-17 06:04:00,CNR5878221917,Success,CID813209,Prime Plus,MG Road,Devanahalli,140.0,70.0,Not Applicable,Not Applicable,No,Not Applicable,420,Cash,19,4.0,3.5
2024-07-02 11:23:00,CNR1527846083,Canceled by Driver,CID867093,Prime Plus,Kengeri,Shivajinagar,,,Not Applicable,Personal & Car related issue,Not Applicable,Not Applicable,152,Not Applicable,0,,
2024-07-21 21:54:00,CNR8120331097,Success,CID924575,Bike,Indiranagar,Bellandur,63.0,90.0,Not Applicable,Not Applicable,No,Not Applicable,492,UPI,35,3.1,3.4
2024-07-19 04:43:00,CNR2524222303,Canceled by Driver,CID608673,Mini,Devanahalli,Kengeri,,,Not Applicable,More than permitted people in there,Not Applicable,Not Applicable,150,Not Applicable,0,,
2024-07-30 12:48:00,CNR5291089763,Success,CID965391,Prime Sedan,Nagarbhavi,Shivajinagar,280.0,40.0,Not Applicable,Not Applicable,No,Not Applicable,281,Cash,1,3.8,4.6
2024-07-20 20:40:00,CNR9495729421,Success,CID249155,Prime Plus,Hebbal,Malleshwaram,182.0,125.0,Not Applicable,Not Applicable,No,Not Applicable,133,Cash,39,4.2,4.7
2024-07-15 20:22:00,CNR4808047301,Success,CID239368,eBike,KR Puram,Rajarajeshwari Nagar,182.0,30.0,Not Applicable,Not Applicable,No,Not Applicable,600,Cash,11,3.7,4.6
2024-07-28 23:49:00,CNR9997713880,Success,CID857759,Mini,Yelahanka,Malleshwaram,126.0,35.0,Not Applicable,Not Applicable,No,Not Applicable,516,UPI,15,3.8,4.3
2024-07-22 21:10:00,CNR7817984969,Success,CID178811,Prime SUV,Shantinagar,Jayanagar,56.0,85.0,Not Applicable,Not Applicable,No,Not Applicable,402,Cash,48,4.5,4.9
2024-07-29 05:55:00,CNR3800352446,Canceled by Driver,CID291614,Bike,Peenya,Hulimavu,,,Not Applicable,Personal & Car related issue,Not Applicable,Not Applicable,398,Not Applicable,0,,
2024-07-18 05:41:00,CNR1517374397,Success,CID435278,Bike,Chickpet,Whitefield,231.0,50.0,Not Applicable,Not Applicable,No,Not Applicable,171,UPI,4,3.6,4.2
2024-07-30 21:34:00,CNR7313075537,Success,CID614634,eBike,Malleshwaram,Indiranagar,84.0,145.0,Not Applicable,Not Applicable,No,Not Applicable,305,UPI,5,3.7,3.1
2024-07-30 17:14:00,CNR9888284456,Success,CID947360,Auto,Mysore Road,Sarjapur Road,224.0,140.0,Not Applicable,Not Applicable,No,Not Applicable,153,Cash,1,4.5,4.3
2024-07-12 13:16:00,CNR7635978047,Canceled by Customer,CID797458,Prime Plus,Marathahalli,Magadi Road,,,Driver asked to cancel,Not Applicable,Not Applicable,Not Applicable,180,Not Applicable,0,,
2024-07-10 09:37:00,CNR7603441572,Canceled by Customer,CID951484,Mini,Hebbal,Devanahalli,,,Wrong Address,Not Applicable,Not Applicable,Not Applicable,224,Not Applicable,0,,
2024-07-24 16:01:00,CNR6575469377,Canceled by Driver,CID605394,Bike,Tumkur Road,Shantinagar,,,Not Applicable,More than permitted people in there,Not Applicable,Not Applicable,748,Not Applicable,0,,
2024-07-13 05:19:00,CNR8271761727,Success,CID793391,Auto,Kadugodi,Ramamurthy Nagar,259.0,70.0,Not Applicable,Not Applicable,No,Not Applicable,498,UPI,9,4.2,4.3
2024-07-10 16:40:00,CNR8478324679,Driver Not Found,CID532126,Prime SUV,Hosur Road,Jayanagar,,,Not Applicable,Not Applicable,Not Applicable,Not Applicable,935,Not Applicable,0,,
2024-07-24 19:53:00,CNR8612668019,Canceled by Customer,CID317830,Mini,Magadi Road,Vijayanagar,,,Driver is not moving towards pickup location,Not Applicable,Not Applicable,Not Applicable,658,Not Applicable,0,,
2024-07-11 12:05:00,CNR4361104992,Canceled by Customer,CID948361,Mini,Shivajinagar,Koramangala,,,Driver is not moving towards pickup location,Not Applicable,Not Applicable,Not Applicable,289,Not Applicable,0,,
2024-07-08 05:22:00,CNR2060247550,Success,CID633223,Prime SUV,Magadi Road,Vijayanagar,224.0,125.0,Not Applicable,Not Applicable,No,Not Applicable,794,UPI,38,4.0,4.3
2024-07-21 04:08:00,CNR5122475805,Success,CID693495,Auto,Ramamurthy Nagar,Koramangala,56.0,105.0,Not Applicable,Not Applicable,No,Not Applicable,690,UPI,16,3.5,5.0
2024-07-09 18:57:00,CNR5874083967,Driver Not Found,CID809327,Auto,Varthur,Bannerghatta Road,,,Not Applicable,Not Applicable,Not Applicable,Not Applicable,177,Not Applicable,0,,
2024-07-30 22:17:00,CNR2127191120,Canceled by Customer,CID371060,Prime Plus,JP Nagar,Kadugodi,,,Driver is not moving towards pickup location,Not Applicable,Not Applicable,Not Applicable,575,Not Applicable,0,,
2024-07-13 05:28:00,CNR3386168975,Success,CID599856,eBike,Hebbal,Varthur,273.0,130.0,Not Applicable,Not Applicable,No,Not Applicable,2998,Cash,7,3.9,3.5
2024-07-07 07:27:00,CNR2370913381,Canceled by Customer,CID438156,Prime SUV,Sahakar Nagar,Malleshwaram,,,Change of plans,Not Applicable,Not Applicable,Not Applicable,429,Not Applicable,0,,
2024-07-01 11:53:00,CNR3235578551,Canceled by Driver,CID608179,Prime SUV,Hosur Road,Marathahalli,,,Not Applicable,Customer was coughing/sick,Not Applicable,Not Applicable,115,Not Applicable,0,,
2024-07-08 13:59:00,CNR1018691401,Success,CID768535,Prime Sedan,Peenya,Chamarajpet,217.0,50.0,Not Applicable,Not Applicable,No,Not Applicable,463,UPI,46,4.9,4.1
2024-07-11 12:35:00,CNR6882671271,Success,CID188745,Prime Sedan,Shivajinagar,Sahakar Nagar,252.0,30.0,Not Applicable,Not Applicable,No,Not Applicable,487,UPI,10,4.4,4.8
2024-07-20 22:57:00,CNR9933078009,Success,CID155551,Auto,Bellandur,Basavanagudi,238.0,50.0,Not Applicable,Not Applicable,No,Not Applicable,206,Cash,3,4.7,3.9
2024-07-30 19:38:00,CNR3558765730,Success,CID938811,Bike,Shivajinagar,KR Puram,56.0,130.0,Not Applicable,Not Applicable,No,Not Applicable,220,UPI,39,3.7,4.5
2024-07-19 21:51:00,CNR8711828351,Success,CID640000,Prime Plus,Devanahalli,Shantinagar,84.0,120.0,Not Applicable,Not Applicable,No,Not Applicable,218,Cash,40,4.0,3.4
2024-07-12 09:13:00,CNR5474932650,Success,CID563655,Bike,Kengeri,Peenya,77.0,45.0,Not Applicable,Not Applicable,No,Not Applicable,334,Cash,47,4.9,5.0
2024-07-01 22:58:00,CNR5612924035,Driver Not Found,CID185014,Prime Sedan,Chickpet,Banashankari,,,Not Applicable,Not Applicable,Not Applicable,Not Applicable,108,Not Applicable,0,,
2024-07-28 13:38:00,CNR1790231531,Success,CID621528,Prime Plus,Shivajinagar,Nagarbhavi,154.0,110.0,Not Applicable,Not Applicable,No,Not Applicable,404,UPI,27,3.2,3.7
2024-07-03 10:39:00,CNR4713592574,Success,CID443384,Prime Plus,Padmanabhanagar,Chamarajpet,196.0,50.0,Not Applicable,Not Applicable,No,Not Applicable,145,Credit Card,1,3.6,3.8
2024-07-13 12:18:00,CNR1548355079,Success,CID184959,Auto,Bannerghatta Road,Nagarbhavi,224.0,145.0,Not Applicable,Not Applicable,No,Not Applicable,385,UPI,14,4.7,3.8
2024-07-04 01:19:00,CNR6608917539,Canceled by Driver,CID870933,Auto,Basavanagudi,Rajarajeshwari Nagar,,,Not Applicable,Customer related issue,Not Applicable,Not Applicable,2979,Not Applicable,0,,
2024-07-26 16:01:00,CNR1156674196,Driver Not Found,CID560492,Prime Plus,Hennur,Electronic City,,,Not Applicable,Not Applicable,Not Applicable,Not Applicable,345,Not Applicable,0,,
2024-07-02 23:00:00,CNR6725097865,Success,CID924548,Mini,Koramangala,Mysore Road,77.0,135.0,Not Applicable,Not Applicable,No,Not Applicable,465,Cash,46,3.4,4.2
2024-07-11 08:42:00,CNR6483354521,Canceled by Driver,CID989660,Prime Sedan,Chamarajpet,Cox Town,,,Not Applicable,More than permitted people in there,Not Applicable,Not Applicable,370,Not Applicable,0,,
2024-07-03 00:29:00,CNR6042170573,Canceled by Driver,CID672343,Prime Sedan,Rajarajeshwari Nagar,Marathahalli,,,Not Applicable,More than permitted people in there,Not Applicable,Not Applicable,560,Not Applicable,0,,
2024-07-03 16:04:00,CNR8526448142,Success,CID528717,Bike,Padmanabhanagar,Marathahalli,70.0,80.0,Not Applicable,Not Applicable,No,Not Applicable,406,Cash,1,4.5,4.0
2024-07-26 08:43:00,CNR6858824194,Success,CID141548,Prime Plus,Shivajinagar,Whitefield,133.0,110.0,Not Applicable,Not Applicable,No,Not Applicable,150,Cash,14,3.1,3.7
2024-07-21 20:18:00,CNR7738944394,Success,CID651696,Prime Plus,Varthur,Hulimavu,196.0,45.0,Not Applicable,Not Applicable,No,Not Applicable,482,UPI,19,3.9,3.0
2024-07-14 07:31:00,CNR1249411807,Success,CID162692,Prime Sedan,Kadugodi,BTM Layout,266.0,25.0,Not Applicable,Not Applicable,No,Not Applicable,886,UPI,9,4.2,4.4
2024-07-25 14:06:00,CNR5380596232,Success,CID818752,Auto,Rajarajeshwari Nagar,Kengeri,287.0,100.0,Not Applicable,Not Applicable,No,Not Applicable,837,Cash,17,3.3,4.1
2024-07-12 06:28:00,CNR4941714268,Canceled by Driver,CID567416,Bike,Shivajinagar,Chamarajpet,,,Not Applicable,Personal & Car related issue,Not Applicable,Not Applicable,521,Not Applicable,0,,
2024-07-03 05:08:00,CNR6623937609,Success,CID412518,eBike,Basavanagudi,Peenya,273.0,100.0,Not Applicable,Not Applicable,No,Not Applicable,326,Cash,35,3.8,4.2
2024-07-23 14:32:00,CNR2428691640,Driver Not Found,CID199103,Prime Sedan,Basavanagudi,BTM Layout,,,Not Applicable,Not Applicable,Not Applicable,Not Applicable,1400,Not Applicable,0,,
2024-07-05 11:46:00,CNR2964048812,Success,CID390350,Bike,Kengeri,Langford Town,161.0,125.0,Not Applicable,Not Applicable,No,Not Applicable,198,Cash,16,3.4,3.5
2024-07-24 14:39:00,CNR8706596145,Canceled by Driver,CID645118,Auto,HSR Layout,Chickpet,,,Not Applicable,Customer was coughing/sick,Not Applicable,Not Applicable,315,Not Applicable,0,,
2024-07-12 21:16:00,CNR3408433428,Canceled by Customer,CID709365,Prime SUV,Bellandur,Bellandur,,,AC is Not working,Not Applicable,Not Applicable,Not Applicable,430,Not Applicable,0,,
2024-07-03 01:57:00,CNR9140471899,Success,CID858596,Auto,Varthur,Magadi Road,133.0,70.0,Not Applicable,Not Applicable,No,Not Applicable,138,Cash,1,4.4,4.9
2024-07-04 00:08:00,CNR4341235241,Success,CID173454,eBike,Magadi Road,Mysore Road,231.0,90.0,Not Applicable,Not Applicable,No,Not Applicable,551,Cash,40,3.4,4.4
2024-07-17 19:30:00,CNR5814361610,Success,CID534116,Auto,Mysore Road,Sarjapur Road,154.0,25.0,Not Applicable,Not Applicable,No,Not Applicable,217,Cash,10,4.3,4.0
2024-07-23 17:09:00,CNR6318440093,Driver Not Found,CID246345,Prime Sedan,Devanahalli,Koramangala,,,Not Applicable,Not Applicable,Not Applicable,Not Applicable,425,Not Applicable,0,,
2024-07-03 19:59:00,CNR7002582248,Success,CID384835,Prime SUV,Indiranagar,Whitefield,259.0,70.0,Not Applicable,Not Applicable,No,Not Applicable,404,UPI,17,4.6,4.8
2024-07-07 23:53:00,CNR7190758700,Success,CID560689,Bike,Magadi Road,Sahakar Nagar,196.0,140.0,Not Applicable,Not Applicable,No,Not Applicable,425,Cash,13,3.0,4.0
2024-07-02 23:56:00,CNR9248249574,Success,CID139675,eBike,Vijayanagar,Indiranagar,252.0,135.0,Not Applicable,Not Applicable,No,Not Applicable,1245,Cash,1,3.7,4.9
2024-07-22 17:44:00,CNR8427250121,Canceled by Customer,CID680763,Mini,Bellandur,Padmanabhanagar,,,Driver is not moving towards pickup location,Not Applicable,Not Applicable,Not Applicable,342,Not Applicable,0,,
2024-07-09 22:43:00,CNR3029869857,Driver Not Found,CID102290,Prime SUV,Peenya,Jayanagar,,,Not Applicable,Not Applicable,Not Applicable,Not Applicable,374,Not Applicable,0,,
2024-07-19 11:33:00,CNR8467603130,Success,CID930385,Prime SUV,Majestic,Ulsoor,56.0,35.0,Not Applicable,Not Applicable,No,Not Applicable,2842,Cash,15,3.3,3.4
2024-07-13 03:16:00,CNR5706918281,Driver Not Found,CID934255,Bike,Jayanagar,HSR Layout,,,Not Applicable,Not Applicable,Not Applicable,Not Applicable,325,Not Applicable,0,,
2024-07-28 22:39:00,CNR9247766664,Canceled by Driver,CID822291,Auto,Jayanagar,Vijayanagar,,,Not Applicable,Personal & Car related issue,Not Applicable,Not Applicable,992,Not Applicable,0,,
2024-07-21 08:09:00,CNR6810265417,Success,CID786014,Bike,Frazer Town,Kengeri,287.0,25.0,Not Applicable,Not Applicable,No,Not Applicable,913,UPI,27,3.2,4.1
2024-07-13 09:47:00,CNR5646784173,Success,CID378408,Prime SUV,Magadi Road,Hosur Road,105.0,95.0,Not Applicable,Not Applicable,No,Not Applicable,146,UPI,29,3.9,3.7
2024-07-25 08:04:00,CNR8722052048,Success,CID942174,Mini,Magadi Road,Rajajinagar,126.0,95.0,Not Applicable,Not Applicable,No,Not Applicable,871,UPI,25,4.9,4.4
2024-07-12 15:47:00,CNR4035742864,Success,CID244592,Prime Plus,Langford Town,Marathahalli,189.0,115.0,Not Applicable,Not Applicable,No,Not Applicable,822,UPI,43,4.9,3.5
2024-07-07 05:57:00,CNR4493573910,Success,CID835738,eBike,Kammanahalli,Mysore Road,280.0,95.0,Not Applicable,Not Applicable,No,Not Applicable,274,Cash,27,3.5,4.4
2024-07-28 09:56:00,CNR1606975589,Success,CID234078,eBike,Indiranagar,RT Nagar,147.0,50.0,Not Applicable,Not Applicable,No,Not Applicable,793,Cash,9,3.8,4.6
2024-07-28 08:55:00,CNR2023905216,Success,CID154082,Prime SUV,Frazer Town,HSR Layout,280.0,25.0,Not Applicable,Not Applicable,No,Not Applicable,494,Credit Card,36,3.2,4.2
2024-07-25 09:37:00,CNR1329031649,Success,CID462591,Prime SUV,Mysore Road,KR Puram,105.0,75.0,Not Applicable,Not Applicable,No,Not Applicable,411,UPI,41,3.4,4.0
2024-07-25 17:04:00,CNR8333928640,Canceled by Customer,CID940798,Bike,Padmanabhanagar,Kengeri,,,Driver is not moving towards pickup location,Not Applicable,Not Applicable,Not Applicable,443,Not Applicable,0,,
2024-07-13 04:59:00,CNR1761793904,Success,CID367470,Mini,Bellandur,Yeshwanthpur,140.0,70.0,Not Applicable,Not Applicable,No,Not Applicable,476,Cash,27,4.0,3.7
2024-07-18 14:24:00,CNR3044160069,Driver Not Found,CID548608,Mini,Mysore Road,Hebbal,,,Not Applicable,Not Applicable,Not Applicable,Not Applicable,343,Not Applicable,0,,
2024-07-08 01:48:00,CNR8059565365,Canceled by Driver,CID404215,Prime SUV,Chamarajpet,Indiranagar,,,Not Applicable,Customer related issue,Not Applicable,Not Applicable,330,Not Applicable,0,,
2024-07-22 08:20:00,CNR6638716725,Success,CID636034,Prime Plus,Kammanahalli,Magadi Road,77.0,45.0,Not Applicable,Not Applicable,No,Not Applicable,210,Cash,7,4.2,3.1
2024-07-28 14:38:00,CNR6450048204,Success,CID531317,Mini,Hulimavu,Varthur,308.0,120.0,Not Applicable,Not Applicable,No,Not Applicable,135,Cash,19,3.1,4.2
2024-07-15 08:45:00,CNR5140311401,Driver Not Found,CID411470,Prime Sedan,Chamarajpet,Ramamurthy Nagar,,,Not Applicable,Not Applicable,Not Applicable,Not Applicable,458,Not Applicable,0,,
2024-07-04 18:50:00,CNR3614650320,Success,CID924598,Auto,Hennur,Sarjapur Road,84.0,75.0,Not Applicable,Not Applicable,No,Not Applicable,240,UPI,7,3.6,4.9
2024-07-10 22:18:00,CNR8592422542,Canceled by Driver,CID706876,Bike,Kengeri,Kengeri,,,Not Applicable,Personal & Car related issue,Not Applicable,Not Applicable,442,Not Applicable,0,,
2024-07-26 06:36:00,CNR5952336034,Driver Not Found,CID543619,Mini,Shivajinagar,Magadi Road,,,Not Applicable,Not Applicable,Not Applicable,Not Applicable,130,Not Applicable,0,,
2024-07-15 08:19:00,CNR9447808122,Success,CID174081,Mini,Kammanahalli,JP Nagar,105.0,60.0,Not Applicable,Not Applicable,No,Not Applicable,167,Cash,21,4.4,4.2
2024-07-21 21:58:00,CNR6386956730,Success,CID285559,eBike,Hennur,Basavanagudi,35.0,125.0,Not Applicable,Not Applicable,No,Not Applicable,203,UPI,5,4.6,3.8
2024-07-03 16:25:00,CNR2912066564,Success,CID558787,eBike,Tumkur Road,MG Road,63.0,70.0,Not Applicable,Not Applicable,No,Not Applicable,145,Cash,40,3.1,4.8
2024-07-30 21:39:00,CNR4369269566,Success,CID498717,Bike,BTM Layout,Nagarbhavi,301.0,100.0,Not Applicable,Not Applicable,No,Not Applicable,821,UPI,17,4.2,4.8
2024-07-25 11:52:00,CNR2494053722,Success,CID786382,Bike,Kengeri,Basavanagudi,294.0,145.0,Not Applicable,Not Applicable,No,Not Applicable,307,Cash,10,3.8,4.5
2024-07-04 03:50:00,CNR6963244918,Success,CID754351,Mini,HSR Layout,KR Puram,175.0,60.0,Not Applicable,Not Applicable,No,Not Applicable,588,Cash,33,3.9,3.8
2024-07-09 00:17:00,CNR5404742536,Success,CID151142,Prime Sedan,Kengeri,Ulsoor,245.0,135.0,Not Applicable,Not Applicable,No,Not Applicable,274,UPI,27,4.7,4.6
2024-07-02 07:16:00,CNR9227683897,Canceled by Driver,CID277444,Prime SUV,Peenya,KR Puram,,,Not Applicable,Personal & Car related issue,Not Applicable,Not Applicable,204,Not Applicable,0,,
2024-07-16 02:32:00,CNR2373018630,Success,CID495907,Prime Plus,Koramangala,Kadugodi,294.0,110.0,Not Applicable,Not Applicable,No,Not Applicable,382,UPI,25,3.2,4.8
2024-07-08 16:08:00,CNR2595456293,Success,CID999782,Prime SUV,Hebbal,Hulimavu,105.0,125.0,Not Applicable,Not Applicable,No,Not Applicable,870,Cash,35,3.4,4.6
2024-07-01 14:37:00,CNR5928671889,Success,CID102944,Prime Plus,Ulsoor,Chamarajpet,91.0,140.0,Not Applicable,Not Applicable,No,Not Applicable,331,UPI,17,3.1,4.4
2024-07-29 00:44:00,CNR2668327643,Success,CID917433,Auto,BTM Layout,Magadi Road,210.0,50.0,Not Applicable,Not Applicable,No,Not Applicable,305,Cash,18,4.9,4.6
2024-07-10 08:37:00,CNR3237238395,Canceled by Customer,CID627371,Bike,Indiranagar,Majestic,,,Wrong Address,Not Applicable,Not Applicable,Not Applicable,173,Not Applicable,0,,
2024-07-27 14:34:00,CNR3100944601,Canceled by Driver,CID648773,Bike,Malleshwaram,Indiranagar,,,Not Applicable,More than permitted people in there,Not Applicable,Not Applicable,467,Not Applicable,0,,
2024-07-24 11:44:00,CNR4059302924,Canceled by Driver,CID272459,Mini,Shantinagar,Sahakar Nagar,,,Not Applicable,Personal & Car related issue,Not Applicable,Not Applicable,493,Not Applicable,0,,
2024-07-19 11:25:00,CNR3967186011,Success,CID961866,Mini,Shantinagar,RT Nagar,105.0,40.0,Not Applicable,Not Applicable,No,Not Applicable,198,Cash,10,4.6,4.4
2024-07-11 03:31:00,CNR6862893424,Success,CID507234,Auto,Whitefield,Kengeri,70.0,105.0,Not Applicable,Not Applicable,No,Not Applicable,356,UPI,7,3.8,4.5
2024-07-22 18:30:00,CNR1869503565,Canceled by Driver,CID329224,eBike,Ulsoor,Shivajinagar,,,Not Applicable,More than permitted people in there,Not Applicable,Not Applicable,316,Not Applicable,0,,
2024-07-23 22:44:00,CNR7983277658,Success,CID760358,eBike,Whitefield,Mysore Road,287.0,25.0,Not Applicable,Not Applicable,No,Not Applicable,363,Cash,42,4.9,4.7
2024-07-28 21:20:00,CNR1652856179,Success,CID456112,Bike,Kammanahalli,Indiranagar,238.0,125.0,Not Applicable,Not Applicable,No,Not Applicable,262,UPI,32,3.3,4.6
2024-07-21 12:47:00,CNR6414586111,Canceled by Driver,CID938349,Auto,Hulimavu,Kadugodi,,,Not Applicable,Personal & Car related issue,Not Applicable,Not Applicable,185,Not Applicable,0,,
2024-07-24 13:01:00,CNR7484899428,Success,CID855078,Bike,Hosur Road,Hosur Road,301.0,45.0,Not Applicable,Not Applicable,No,Not Applicable,182,Cash,28,4.4,4.7
2024-07-18 13:25:00,CNR5668303151,Success,CID358925,Prime Plus,Kengeri,Hosur Road,63.0,145.0,Not Applicable,Not Applicable,No,Not Applicable,211,UPI,22,3.7,4.0
2024-07-04 13:42:00,CNR5361844710,Success,CID778929,Bike,Nagarbhavi,JP Nagar,189.0,115.0,Not Applicable,Not Applicable,No,Not Applicable,2475,UPI,45,3.1,4.9
2024-07-10 03:48:00,CNR9582305501,Driver Not Found,CID102049,eBike,Marathahalli,Koramangala,,,Not Applicable,Not Applicable,Not Applicable,Not Applicable,198,Not Applicable,0,,
2024-07-30 09:32:00,CNR5913316777,Canceled by Driver,CID440493,eBike,Hebbal,Vijayanagar,,,Not Applicable,Customer related issue,Not Applicable,Not Applicable,480,Not Applicable,0,,
2024-07-18 10:00:00,CNR2396391862,Success,CID289972,Mini,Banashankari,Ulsoor,133.0,95.0,Not Applicable,Not Applicable,No,Not Applicable,188,UPI,45,4.9,4.3
2024-07-24 14:01:00,CNR1297047719,Success,CID770250,Mini,Varthur,Padmanabhanagar,308.0,75.0,Not Applicable,Not Applicable,No,Not Applicable,326,UPI,19,3.9,3.0
2024-07-17 10:20:00,CNR1183787410,Canceled by Driver,CID115194,eBike,Hulimavu,Tumkur Road,,,Not Applicable,Personal & Car related issue,Not Applicable,Not Applicable,142,Not Applicable,0,,
2024-07-01 11:33:00,CNR3614071722,Driver Not Found,CID992071,Bike,Magadi Road,Banashankari,,,Not Applicable,Not Applicable,Not Applicable,Not Applicable,732,Not Applicable,0,,
2024-07-20 07:22:00,CNR6675388358,Driver Not Found,CID318572,Mini,Bannerghatta Road,Basavanagudi,,,Not Applicable,Not Applicable,Not Applicable,Not Applicable,468,Not Applicable,0,,
2024-07-29 00:00:00,CNR4810200146,Success,CID705062,Mini,Frazer Town,Malleshwaram,252.0,140.0,Not Applicable,Not Applicable,No,Not Applicable,193,Credit Card,42,4.2,3.9
2024-07-08 03:43:00,CNR4552906975,Success,CID354041,Bike,Basavanagudi,Sarjapur Road,77.0,45.0,Not Applicable,Not Applicable,No,Not Applicable,290,Cash,29,3.9,4.3
2024-07-26 08:35:00,CNR4310174612,Canceled by Customer,CID552532,Bike,Whitefield,Marathahalli,,,Driver is not moving towards pickup location,Not Applicable,Not Applicable,Not Applicable,472,Not Applicable,0,,
2024-07-13 06:54:00,CNR2810749127,Canceled by Driver,CID322450,Auto,Padmanabhanagar,Ulsoor,,,Not Applicable,Customer related issue,Not Applicable,Not Applicable,227,Not Applicable,0,,
2024-07-30 16:09:00,CNR4515574712,Canceled by Customer,CID851158,Bike,Tumkur Road,Kammanahalli,,,Driver asked to cancel,Not Applicable,Not Applicable,Not Applicable,972,Not Applicable,0,,
2024-07-25 08:22:00,CNR8249188984,Success,CID939871,Prime Sedan,Nagarbhavi,Nagarbhavi,238.0,140.0,Not Applicable,Not Applicable,No,Not Applicable,219,UPI,49,3.3,4.1
2024-07-28 06:51:00,CNR7368885429,Success,CID302295,Auto,Chickpet,Varthur,280.0,120.0,Not Applicable,Not Applicable,No,Not Applicable,354,UPI,7,3.8,3.8
2024-07-24 06:17:00,CNR9037668445,Success,CID950975,Mini,Koramangala,Frazer Town,231.0,60.0,Not Applicable,Not Applicable,No,Not Applicable,294,Cash,28,3.3,3.4
2024-07-09 13:39:00,CNR7958786946,Success,CID168659,eBike,Sarjapur Road,Langford Town,308.0,130.0,Not Applicable,Not Applicable,No,Not Applicable,429,UPI,19,3.1,4.9
2024-07-14 12:39:00,CNR1533293901,Driver Not Found,CID215186,eBike,Rajarajeshwari Nagar,Magadi Road,,,Not Applicable,Not Applicable,Not Applicable,Not Applicable,384,Not Applicable,0,,
2024-07-27 04:36:00,CNR6425296427,Canceled by Customer,CID375721,Bike,Marathahalli,Jayanagar,,,Wrong Address,Not Applicable,Not Applicable,Not Applicable,126,Not Applicable,0,,
2024-07-30 16:06:00,CNR2689025403,Success,CID366746,Bike,Rajajinagar,Malleshwaram,231.0,135.0,Not Applicable,Not Applicable,No,Not Applicable,1862,Cash,43,3.7,3.4
2024-07-26 03:45:00,CNR3108079379,Canceled by Customer,CID956342,Prime SUV,Rajajinagar,Indiranagar,,,Change of plans,Not Applicable,Not Applicable,Not Applicable,188,Not Applicable,0,,
2024-07-23 10:51:00,CNR1954256057,Success,CID990699,Mini,Rajarajeshwari Nagar,Frazer Town,105.0,110.0,Not Applicable,Not Applicable,No,Not Applicable,120,Cash,35,3.0,3.1
2024-07-09 03:25:00,CNR7332189519,Canceled by Driver,CID187746,Prime SUV,Whitefield,Indiranagar,,,Not Applicable,Personal & Car related issue,Not Applicable,Not Applicable,209,Not Applicable,0,,
2024-07-24 08:01:00,CNR9433187097,Canceled by Driver,CID468787,eBike,Peenya,Hulimavu,,,Not Applicable,Personal & Car related issue,Not Applicable,Not Applicable,639,Not Applicable,0,,
2024-07-23 08:33:00,CNR1977824215,Success,CID658284,Prime SUV,Vijayanagar,Indiranagar,63.0,100.0,Not Applicable,Not Applicable,No,Not Applicable,574,UPI,33,4.1,5.0
2024-07-02 08:28:00,CNR9478034774,Canceled by Customer,CID110550,Prime Sedan,Vijayanagar,KR Puram,,,Driver asked to cancel,Not Applicable,Not Applicable,Not Applicable,139,Not Applicable,0,,
2024-07-12 06:53:00,CNR4046329143,Canceled by Driver,CID709691,Mini,Padmanabhanagar,Hulimavu,,,Not Applicable,Customer related issue,Not Applicable,Not Applicable,450,Not Applicable,0,,
2024-07-24 23:34:00,CNR7315424374,Success,CID903329,Bike,Whitefield,Peenya,259.0,45.0,Not Applicable,Not Applicable,No,Not Applicable,788,UPI,5,4.1,3.5
2024-07-04 22:46:00,CNR3795060213,Success,CID162208,Prime SUV,Yeshwanthpur,Yelahanka,294.0,45.0,Not Applicable,Not Applicable,No,Not Applicable,361,UPI,15,4.2,3.4
2024-07-21 10:05:00,CNR2565583563,Driver Not Found,CID454433,Prime Plus,Chickpet,Hulimavu,,,Not Applicable,Not Applicable,Not Applicable,Not Applicable,381,Not Applicable,0,,
2024-07-13 14:51:00,CNR9676660830,Canceled by Driver,CID200762,eBike,Whitefield,BTM Layout,,,Not Applicable,Customer was coughing/sick,Not Applicable,Not Applicable,174,Not Applicable,0,,
2024-07-19 12:44:00,CNR6445603431,Driver Not Found,CID186361,Auto,Hulimavu,Kadugodi,,,Not Applicable,Not Applicable,Not Applicable,Not Applicable,124,Not Applicable,0,,
2024-07-18 05:06:00,CNR3304756309,Canceled by Driver,CID359547,eBike,Magadi Road,Kadugodi,,,Not Applicable,More than permitted people in there,Not Applicable,Not Applicable,338,Not Applicable,0,,
2024-07-18 06:35:00,CNR7908825339,Success,CID423827,Mini,Rajarajeshwari Nagar,BTM Layout,119.0,130.0,Not Applicable,Not Applicable,No,Not Applicable,312,UPI,7,4.0,3.9
2024-07-05 23:44:00,CNR3697754694,Success,CID199270,Mini,Nagarbhavi,Rajarajeshwari Nagar,119.0,75.0,Not Applicable,Not Applicable,No,Not Applicable,215,Cash,30,3.0,5.0
2024-07-23 11:07:00,CNR9210444974,Success,CID665730,Mini,Bannerghatta Road,Malleshwaram,308.0,45.0,Not Applicable,Not Applicable,No,Not Applicable,237,Cash,35,3.1,4.0
2024-07-30 08:58:00,CNR2843785010,Driver Not Found,CID572413,Bike,Jayanagar,Langford Town,,,Not Applicable,Not Applicable,Not Applicable,Not Applicable,365,Not Applicable,0,,
2024-07-06 13:07:00,CNR6071989398,Success,CID753566,Prime Plus,Rajajinagar,Whitefield,161.0,80.0,Not Applicable,Not Applicable,No,Not Applicable,190,UPI,12,3.7,4.0
2024-07-16 06:21:00,CNR7052357813,Canceled by Customer,CID266075,Prime Plus,Cox Town,Hosur Road,,,Driver asked to cancel,Not Applicable,Not Applicable,Not Applicable,294,Not Applicable,0,,
2024-07-23 08:14:00,CNR4363283052,Driver Not Found,CID780705,Prime Sedan,Kammanahalli,Tumkur Road,,,Not Applicable,Not Applicable,Not Applicable,Not Applicable,259,Not Applicable,0,,
2024-07-12 01:53:00,CNR7371854790,Driver Not Found,CID521125,Bike,Rajajinagar,Shivajinagar,,,Not Applicable,Not Applicable,Not Applicable,Not Applicable,989,Not Applicable,0,,
2024-07-02 13:14:00,CNR2080276412,Success,CID781198,Prime Sedan,Mysore Road,Rajajinagar,210.0,110.0,Not Applicable,Not Applicable,No,Not Applicable,616,UPI,17,4.6,3.6
2024-07-13 20:50:00,CNR8481835682,Success,CID623596,Prime SUV,Basavanagudi,Bellandur,161.0,35.0,Not Applicable,Not Applicable,No,Not Applicable,235,Credit Card,3,4.1,4.7
2024-07-21 18:18:00,CNR5210170117,Canceled by Customer,CID652152,eBike,Electronic City,BTM Layout,,,Driver asked to cancel,Not Applicable,Not Applicable,Not Applicable,158,Not Applicable,0,,
2024-07-24 07:24:00,CNR2998794079,Canceled by Driver,CID680943,eBike,Cox Town,Hulimavu,,,Not Applicable,Customer was coughing/sick,Not Applicable,Not Applicable,285,Not Applicable,0,,
2024-07-16 10:21:00,CNR2464377964,Success,CID237058,eBike,Langford Town,Majestic,182.0,130.0,Not Applicable,Not Applicable,No,Not Applicable,870,UPI,14,4.2,3.4
2024-07-17 11:16:00,CNR6801114548,Canceled by Driver,CID792247,eBike,Hulimavu,Devanahalli,,,Not Applicable,Personal & Car related issue,Not Applicable,Not Applicable,348,Not Applicable,0,,
2024-07-07 09:49:00,CNR2506055057,Canceled by Driver,CID303676,Prime Sedan,Padmanabhanagar,Yeshwanthpur,,,Not Applicable,Customer related issue,Not Applicable,Not Applicable,2749,Not Applicable,0,,
2024-07-30 19:40:00,CNR9748523083,Success,CID347759,Bike,Ramamurthy Nagar,Yelahanka,49.0,100.0,Not Applicable,Not Applicable,No,Not Applicable,381,UPI,48,3.7,3.8
2024-07-25 21:38:00,CNR5073455797,Canceled by Driver,CID293859,eBike,Magadi Road,Peenya,,,Not Applicable,Customer related issue,Not Applicable,Not Applicable,992,Not Applicable,0,,
2024-07-14 09:28:00,CNR1889658104,Success,CID266052,Mini,Bellandur,Frazer Town,245.0,95.0,Not Applicable,Not Applicable,No,Not Applicable,108,Cash,41,3.7,3.4
2024-07-26 04:06:00,CNR3063046980,Success,CID502278,Prime SUV,Marathahalli,Padmanabhanagar,84.0,110.0,Not Applicable,Not Applicable,No,Not Applicable,239,Cash,28,3.9,3.5
2024-07-18 15:41:00,CNR1533819203,Driver Not Found,CID725948,Auto,Bannerghatta Road,Langford Town,,,Not Applicable,Not Applicable,Not Applicable,Not Applicable,415,Not Applicable,0,,
2024-07-23 05:39:00,CNR5420694622,Success,CID561037,Auto,Koramangala,Devanahalli,224.0,60.0,Not Applicable,Not Applicable,No,Not Applicable,414,Cash,14,3.7,3.7
2024-07-04 19:42:00,CNR2747682502,Driver Not Found,CID392982,Auto,Padmanabhanagar,Ramamurthy Nagar,,,Not Applicable,Not Applicable,Not Applicable,Not Applicable,223,Not Applicable,0,,
2024-07-18 10:55:00,CNR4685890438,Success,CID570069,Bike,Hebbal,Marathahalli,266.0,70.0,Not Applicable,Not Applicable,No,Not Applicable,360,Cash,16,3.9,4.6
2024-07-03 16:07:00,CNR2258397397,Success,CID717924,eBike,Chamarajpet,Cox Town,301.0,140.0,Not Applicable,Not Applicable,No,Not Applicable,235,Cash,30,4.0,4.0
2024-07-17 14:18:00,CNR2342025318,Canceled by Customer,CID268100,Prime SUV,Mysore Road,Jayanagar,,,Wrong Address,Not Applicable,Not Applicable,Not Applicable,336,Not Applicable,0,,
2024-07-02 06:52:00,CNR8954964388,Success,CID797624,eBike,Varthur,Langford Town,98.0,95.0,Not Applicable,Not Applicable,No,Not Applicable,474,UPI,36,4.5,3.1
2024-07-25 15:32:00,CNR4545969412,Canceled by Driver,CID118917,Auto,Basavanagudi,Tumkur Road,,,Not Applicable,Personal & Car related issue,Not Applicable,Not Applicable,249,Not Applicable,0,,
2024-07-23 14:06:00,CNR1980659349,Success,CID180468,Prime SUV,Peenya,Magadi Road,70.0,55.0,Not Applicable,Not Applicable,No,Not Applicable,960,Cash,38,4.1,3.1
2024-07-18 16:31:00,CNR3377232574,Success,CID658781,Prime Sedan,Langford Town,Ramamurthy Nagar,308.0,145.0,Not Applicable,Not Applicable,No,Not Applicable,353,UPI,37,4.1,4.0
2024-07-29 19:52:00,CNR3218098795,Success,CID607075,Mini,Basavanagudi,Hulimavu,287.0,55.0,Not Applicable,Not Applicable,Yes,Vehicle Breakdown,362,Cash,19,4.2,4.9
2024-07-30 16:27:00,CNR6219735310,Canceled by Customer,CID576345,eBike,Hosur Road,Kengeri,,,Driver is not moving towards pickup location,Not Applicable,Not Applicable,Not Applicable,421,Not Applicable,0,,
2024-07-23 15:17:00,CNR1038933695,Success,CID564596,Mini,Basavanagudi,Bellandur,126.0,140.0,Not Applicable,Not Applicable,No,Not Applicable,587,Cash,19,4.8,3.4
2024-07-16 10:52:00,CNR6414227248,Canceled by Driver,CID539741,Prime SUV,Frazer Town,Banashankari,,,Not Applicable,Customer was coughing/sick,Not Applicable,Not Applicable,801,Not Applicable,0,,
2024-07-18 12:28:00,CNR7295546978,Canceled by Driver,CID956208,eBike,Rajarajeshwari Nagar,KR Puram,,,Not Applicable,More than permitted people in there,Not Applicable,Not Applicable,285,Not Applicable,0,,
2024-07-27 11:44:00,CNR5702181484,Driver Not Found,CID441594,Prime Sedan,Koramangala,Sarjapur Road,,,Not Applicable,Not Applicable,Not Applicable,Not Applicable,101,Not Applicable,0,,
2024-07-27 06:21:00,CNR6966822617,Success,CID859261,Mini,Nagarbhavi,Kengeri,196.0,30.0,Not Applicable,Not Applicable,No,Not Applicable,261,Cash,1,3.6,4.3
2024-07-26 07:18:00,CNR8765550243,Success,CID865906,eBike,Kadugodi,Tumkur Road,238.0,130.0,Not Applicable,Not Applicable,No,Not Applicable,234,UPI,49,3.6,5.0
2024-07-27 01:27:00,CNR7937049161,Canceled by Customer,CID450653,Mini,Malleshwaram,HSR Layout,,,AC is Not working,Not Applicable,Not Applicable,Not Applicable,393,Not Applicable,0,,
2024-07-03 04:47:00,CNR5140920376,Success,CID785085,Auto,Nagarbhavi,Hebbal,273.0,45.0,Not Applicable,Not Applicable,No,Not Applicable,2150,Cash,3,3.6,3.2
2024-07-11 15:20:00,CNR4048125629,Success,CID625626,Auto,MG Road,HSR Layout,294.0,60.0,Not Applicable,Not Applicable,No,Not Applicable,280,Cash,1,3.7,4.0
2024-07-15 10:09:00,CNR8663690251,Success,CID992694,Prime SUV,Malleshwaram,Bannerghatta Road,49.0,135.0,Not Applicable,Not Applicable,No,Not Applicable,476,UPI,25,3.4,3.3
2024-07-30 05:15:00,CNR3709653061,Success,CID389048,Auto,RT Nagar,Koramangala,42.0,40.0,Not Applicable,Not Applicable,No,Not Applicable,210,Cash,4,4.9,4.5
2024-07-22 15:59:00,CNR1920486182,Success,CID672009,Mini,Devanahalli,Chickpet,231.0,115.0,Not Applicable,Not Applicable,No,Not Applicable,114,Cash,6,3.2,4.9
2024-07-22 22:18:00,CNR1875836964,Canceled by Driver,CID874394,eBike,Nagarbhavi,HSR Layout,,,Not Applicable,More than permitted people in there,Not Applicable,Not Applicable,409,Not Applicable,0,,
2024-07-06 15:03:00,CNR5349513280,Success,CID732611,Mini,Majestic,Rajarajeshwari Nagar,154.0,100.0,Not Applicable,Not Applicable,No,Not Applicable,294,Cash,16,3.1,4.6
2024-07-30 23:56:00,CNR8073281245,Success,CID898062,Prime SUV,Varthur,JP Nagar,189.0,65.0,Not Applicable,Not Applicable,No,Not Applicable,114,Cash,49,3.1,4.6
2024-07-10 16:01:00,CNR7456819514,Success,CID497018,eBike,Kadugodi,Cox Town,49.0,45.0,Not Applicable,Not Applicable,No,Not Applicable,462,Cash,4,4.1,3.7
2024-07-01 15:31:00,CNR1096099332,Success,CID385545,Bike,Cox Town,Bellandur,42.0,40.0,Not Applicable,Not Applicable,No,Not Applicable,335,Cash,26,4.0,3.9
2024-07-25 00:38:00,CNR4635335741,Driver Not Found,CID665121,Prime SUV,Indiranagar,Marathahalli,,,Not Applicable,Not Applicable,Not Applicable,Not Applicable,373,Not Applicable,0,,
2024-07-28 03:44:00,CNR2783773633,Driver Not Found,CID315598,Prime SUV,Chickpet,Basavanagudi,,,Not Applicable,Not Applicable,Not Applicable,Not Applicable,285,Not Applicable,0,,
2024-07-06 12:23:00,CNR6129062120,Success,CID313670,Prime Sedan,Frazer Town,Mysore Road,231.0,30.0,Not Applicable,Not Applicable,No,Not Applicable,207,Cash,26,4.4,4.7
2024-07-03 19:39:00,CNR9617888088,Canceled by Driver,CID265857,Prime SUV,Ramamurthy Nagar,Chamarajpet,,,Not Applicable,Personal & Car related issue,Not Applicable,Not Applicable,247,Not Applicable,0,,
2024-07-26 03:48:00,CNR1379783559,Canceled by Driver,CID709975,eBike,Bellandur,Basavanagudi,,,Not Applicable,More than permitted people in there,Not Applicable,Not Applicable,193,Not Applicable,0,,
2024-07-19 23:48:00,CNR2072017730,Success,CID207452,eBike,Yelahanka,Majestic,217.0,70.0,Not Applicable,Not Applicable,No,Not Applicable,160,Cash,49,3.5,3.9
2024-07-21 02:30:00,CNR2625911632,Canceled by Customer,CID775993,Bike,Basavanagudi,Hulimavu,,,Driver is not moving towards pickup location,Not Applicable,Not Applicable,Not Applicable,161,Not Applicable,0,,
2024-07-27 17:09:00,CNR6302477474,Success,CID996021,Bike,Chamarajpet,Kadugodi,77.0,45.0,Not Applicable,Not Applicable,No,Not Applicable,251,UPI,13,4.0,4.3
2024-07-11 18:17:00,CNR1077860626,Canceled by Driver,CID749789,Auto,Ramamurthy Nagar,Frazer Town,,,Not Applicable,Customer was coughing/sick,Not Applicable,Not Applicable,343,Not Applicable,0,,
2024-07-15 05:28:00,CNR5331041179,Success,CID217956,eBike,Rajarajeshwari Nagar,Kadugodi,224.0,105.0,Not Applicable,Not Applicable,No,Not Applicable,1366,UPI,18,4.9,4.5
2024-07-26 17:06:00,CNR3843655492,Canceled by Customer,CID785014,eBike,Sahakar Nagar,Sahakar Nagar,,,Wrong Address,Not Applicable,Not Applicable,Not Applicable,251,Not Applicable,0,,
2024-07-26 04:49:00,CNR5852356976,Success,CID314934,eBike,Sarjapur Road,Hulimavu,238.0,140.0,Not Applicable,Not Applicable,No,Not Applicable,712,UPI,29,4.5,4.4
2024-07-01 10:58:00,CNR4001882247,Canceled by Driver,CID502886,eBike,Ulsoor,Magadi Road,,,Not Applicable,Customer was coughing/sick,Not Applicable,Not Applicable,1762,Not Applicable,0,,
2024-07-29 23:27:00,CNR1739838109,Success,CID515527,Prime Plus,Hosur Road,Peenya,119.0,110.0,Not Applicable,Not Applicable,No,Not Applicable,252,Cash,6,3.1,3.9
2024-07-22 20:55:00,CNR4371108431,Canceled by Driver,CID188765,eBike,Frazer Town,Devanahalli,,,Not Applicable,Customer related issue,Not Applicable,Not Applicable,352,Not Applicable,0,,
2024-07-18 13:33:00,CNR4800859281,Success,CID804381,Auto,Nagarbhavi,Mysore Road,238.0,40.0,Not Applicable,Not Applicable,No,Not Applicable,2546,UPI,4,4.3,4.3
2024-07-14 17:13:00,CNR3777615158,Success,CID309379,eBike,Langford Town,Malleshwaram,231.0,75.0,Not Applicable,Not Applicable,No,Not Applicable,537,UPI,35,4.4,3.5
2024-07-19 18:08:00,CNR2760841131,Canceled by Customer,CID466047,Auto,Vijayanagar,Nagarbhavi,,,Driver asked to cancel,Not Applicable,Not Applicable,Not Applicable,314,Not Applicable,0,,
2024-07-30 12:52:00,CNR9511774698,Success,CID626992,Auto,Tumkur Road,Bellandur,266.0,40.0,Not Applicable,Not Applicable,No,Not Applicable,807,UPI,15,4.6,4.1
2024-07-13 05:59:00,CNR4003078693,Canceled by Driver,CID519969,Auto,Vijayanagar,Shivajinagar,,,Not Applicable,Customer related issue,Not Applicable,Not Applicable,413,Not Applicable,0,,
2024-07-22 02:49:00,CNR2759146879,Success,CID398952,Prime Plus,Basavanagudi,Kammanahalli,231.0,65.0,Not Applicable,Not Applicable,No,Not Applicable,253,Debit Card,3,4.2,4.7
2024-07-21 21:55:00,CNR2940111558,Driver Not Found,CID969638,Prime Sedan,Yeshwanthpur,Chickpet,,,Not Applicable,Not Applicable,Not Applicable,Not Applicable,1538,Not Applicable,0,,
2024-07-11 07:25:00,CNR3418473890,Success,CID541274,Prime Plus,Peenya,Langford Town,84.0,90.0,Not Applicable,Not Applicable,No,Not Applicable,2806,Cash,32,3.2,3.3
2024-07-18 09:25:00,CNR5888894640,Success,CID290171,Bike,Indiranagar,Hennur,126.0,130.0,Not Applicable,Not Applicable,No,Not Applicable,711,Cash,11,3.3,4.3
2024-07-21 10:28:00,CNR5898834512,Canceled by Driver,CID373491,Bike,Devanahalli,Varthur,,,Not Applicable,Customer was coughing/sick,Not Applicable,Not Applicable,448,Not Applicable,0,,
2024-07-27 08:41:00,CNR2376178385,Success,CID198770,eBike,Frazer Town,Varthur,70.0,105.0,Not Applicable,Not Applicable,No,Not Applicable,276,UPI,44,4.0,4.3
2024-07-14 20:06:00,CNR2528729646,Success,CID208154,Auto,Vijayanagar,Sarjapur Road,203.0,30.0,Not Applicable,Not Applicable,No,Not Applicable,246,Credit Card,14,3.6,3.1
2024-07-23 08:03:00,CNR8926622234,Success,CID297475,Prime Plus,Devanahalli,Langford Town,168.0,140.0,Not Applicable,Not Applicable,Yes,Other Issue,894,Cash,35,5.0,3.9
2024-07-04 09:19:00,CNR4609691062,Success,CID803760,Auto,Rajarajeshwari Nagar,Malleshwaram,245.0,30.0,Not Applicable,Not Applicable,No,Not Applicable,107,UPI,13,3.6,3.1
2024-07-23 04:42:00,CNR7798411061,Driver Not Found,CID228421,Bike,Majestic,Malleshwaram,,,Not Applicable,Not Applicable,Not Applicable,Not Applicable,289,Not Applicable,0,,
2024-07-08 15:34:00,CNR5852024437,Success,CID479958,Prime SUV,Chickpet,Nagarbhavi,105.0,130.0,Not Applicable,Not Applicable,No,Not Applicable,134,UPI,34,3.5,4.0
2024-07-05 18:53:00,CNR7761857074,Success,CID940879,Prime Plus,Indiranagar,Hulimavu,231.0,110.0,Not Applicable,Not Applicable,No,Not Applicable,846,UPI,2,4.6,4.6
2024-07-14 22:56:00,CNR5094285288,Success,CID413542,Mini,Electronic City,Whitefield,133.0,75.0,Not Applicable,Not Applicable,No,Not Applicable,327,UPI,39,3.5,4.9
2024-07-27 15:31:00,CNR6513987373,Success,CID126664,Bike,Richmond Town,KR Puram,77.0,105.0,Not Applicable,Not Applicable,No,Not Applicable,612,Cash,18,4.6,4.9
2024-07-03 15:16:00,CNR3981840110,Canceled by Customer,CID456537,eBike,Chamarajpet,Indiranagar,,,Driver is not moving towards pickup location,Not Applicable,Not Applicable,Not Applicable,166,Not Applicable,0,,
2024-07-21 16:04:00,CNR2328085169,Success,CID171097,Bike,Varthur,Kammanahalli,294.0,70.0,Not Applicable,Not Applicable,No,Not Applicable,418,UPI,3,4.6,3.9
2024-07-11 15:57:00,CNR8870143024,Success,CID628770,Prime SUV,Varthur,KR Puram,245.0,145.0,Not Applicable,Not Applicable,No,Not Applicable,2086,Cash,49,4.2,3.4
2024-07-10 09:28:00,CNR5625876526,Canceled by Customer,CID688566,Prime Plus,Padmanabhanagar,Banashankari,,,Driver is not moving towards pickup location,Not Applicable,Not Applicable,Not Applicable,344,Not Applicable,0,,
2024-07-30 02:38:00,CNR5655954477,Canceled by Customer,CID883088,eBike,Cox Town,JP Nagar,,,Driver asked to cancel,Not Applicable,Not Applicable,Not Applicable,474,Not Applicable,0,,
2024-07-26 09:30:00,CNR1360923616,Canceled by Customer,CID702466,Mini,Banashankari,Yelahanka,,,Change of plans,Not Applicable,Not Applicable,Not Applicable,318,Not Applicable,0,,
2024-07-06 19:43:00,CNR2485827217,Driver Not Found,CID691583,Prime SUV,Vijayanagar,RT Nagar,,,Not Applicable,Not Applicable,Not Applicable,Not Applicable,189,Not Applicable,0,,
2024-07-16 00:45:00,CNR9519268102,Canceled by Customer,CID587407,Auto,Majestic,BTM Layout,,,Driver asked to cancel,Not Applicable,Not Applicable,Not Applicable,444,Not Applicable,0,,
2024-07-07 13:17:00,CNR7115560451,Canceled by Customer,CID187105,Mini,Devanahalli,Banashankari,,,Driver asked to cancel,Not Applicable,Not Applicable,Not Applicable,224,Not Applicable,0,,
2024-07-08 15:26:00,CNR2437953746,Success,CID810288,Auto,Sarjapur Road,Hennur,126.0,140.0,Not Applicable,Not Applicable,No,Not Applicable,223,UPI,13,4.5,4.9
2024-07-09 14:23:00,CNR1383364008,Success,CID427731,Prime SUV,BTM Layout,Mysore Road,42.0,60.0,Not Applicable,Not Applicable,No,Not Applicable,436,UPI,19,4.5,4.1
2024-07-22 18:03:00,CNR1448167035,Canceled by Customer,CID542472,Auto,Langford Town,Indiranagar,,,Driver is not moving towards pickup location,Not Applicable,Not Applicable,Not Applicable,313,Not Applicable,0,,
2024-07-22 21:44:00,CNR5139586818,Canceled by Customer,CID521279,Mini,Chickpet,Kammanahalli,,,Change of plans,Not Applicable,Not Applicable,Not Applicable,435,Not Applicable,0,,
2024-07-17 04:19:00,CNR2827337159,Success,CID946176,Bike,Kengeri,Electronic City,49.0,45.0,Not Applicable,Not Applicable,No,Not Applicable,813,Cash,11,3.9,3.2
2024-07-03 13:09:00,CNR4579556601,Success,CID433964,Mini,Ramamurthy Nagar,Ramamurthy Nagar,217.0,80.0,Not Applicable,Not Applicable,No,Not Applicable,297,UPI,12,4.3,4.3
2024-07-16 06:59:00,CNR2115972098,Canceled by Driver,CID540599,eBike,Kengeri,Marathahalli,,,Not Applicable,Customer related issue,Not Applicable,Not Applicable,138,Not Applicable,0,,
2024-07-18 11:37:00,CNR9815412579,Success,CID217499,Bike,Sahakar Nagar,Shivajinagar,84.0,100.0,Not Applicable,Not Applicable,No,Not Applicable,129,Cash,41,3.9,5.0
2024-07-03 11:16:00,CNR4782848403,Success,CID368634,eBike,Ulsoor,Hennur,35.0,145.0,Not Applicable,Not Applicable,No,Not Applicable,641,Cash,8,4.0,3.5
2024-07-15 03:50:00,CNR7432676669,Success,CID862381,Prime SUV,Rajajinagar,Kengeri,280.0,125.0,Not Applicable,Not Applicable,No,Not Applicable,972,UPI,43,5.0,4.0
2024-07-01 00:53:00,CNR8379913751,Success,CID533763,Prime SUV,Ramamurthy Nagar,Kengeri,70.0,30.0,Not Applicable,Not Applicable,No,Not Applicable,234,UPI,29,3.2,4.3
2024-07-26 17:32:00,CNR2925678247,Success,CID307889,Prime Sedan,Rajarajeshwari Nagar,Indiranagar,238.0,70.0,Not Applicable,Not Applicable,No,Not Applicable,443,UPI,6,4.4,4.9
2024-07-27 14:41:00,CNR3172221289,Canceled by Driver,CID376969,eBike,BTM Layout,Frazer Town,,,Not Applicable,Customer related issue,Not Applicable,Not Applicable,161,Not Applicable,0,,
2024-07-03 01:09:00,CNR7674212943,Success,CID482080,Auto,Shivajinagar,Kammanahalli,49.0,30.0,Not Applicable,Not Applicable,No,Not Applicable,196,Cash,3,4.6,4.2
2024-07-27 05:02:00,CNR3383440991,Success,CID850146,Prime SUV,Kengeri,Ulsoor,77.0,30.0,Not Applicable,Not Applicable,No,Not Applicable,317,Cash,49,3.8,4.5
2024-07-20 11:58:00,CNR9881312274,Success,CID344269,Auto,Tumkur Road,Banashankari,308.0,100.0,Not Applicable,Not Applicable,No,Not Applicable,366,Cash,4,4.8,3.5
2024-07-12 06:51:00,CNR3920657644,Success,CID668542,Prime SUV,Bellandur,Mysore Road,280.0,80.0,Not Applicable,Not Applicable,No,Not Applicable,570,UPI,43,4.3,4.2
2024-07-13 02:13:00,CNR9606855639,Success,CID403122,Prime Plus,Majestic,Bellandur,259.0,105.0,Not Applicable,Not Applicable,No,Not Applicable,292,UPI,32,4.9,3.5
2024-07-01 09:39:00,CNR8202680316,Success,CID465396,Auto,Yeshwanthpur,Ulsoor,161.0,80.0,Not Applicable,Not Applicable,No,Not Applicable,915,Cash,9,3.7,3.6
2024-07-30 16:31:00,CNR1033657033,Driver Not Found,CID962668,Prime Plus,Jayanagar,Whitefield,,,Not Applicable,Not Applicable,Not Applicable,Not Applicable,304,Not Applicable,0,,
2024-07-28 18:37:00,CNR4361627351,Success,CID950996,Prime Sedan,Malleshwaram,MG Road,280.0,35.0,Not Applicable,Not Applicable,No,Not Applicable,186,UPI,30,3.2,3.3
2024-07-18 01:52:00,CNR6618825141,Success,CID113669,Prime Sedan,Sahakar Nagar,Basavanagudi,49.0,90.0,Not Applicable,Not Applicable,No,Not Applicable,288,Cash,19,4.1,3.8
2024-07-13 15:45:00,CNR3439472407,Canceled by Driver,CID882284,Bike,Marathahalli,Basavanagudi,,,Not Applicable,Customer was coughing/sick,Not Applicable,Not Applicable,120,Not Applicable,0,,
2024-07-17 05:53:00,CNR3721605268,Success,CID317481,Mini,Sarjapur Road,Banashankari,35.0,70.0,Not Applicable,Not Applicable,No,Not Applicable,181,UPI,42,4.9,3.2
2024-07-10 23:48:00,CNR6271885449,Success,CID872782,Auto,Majestic,Majestic,266.0,40.0,Not Applicable,Not Applicable,No,Not Applicable,117,Cash,8,3.1,4.6
2024-07-09 12:46:00,CNR7250282944,Success,CID179147,Mini,Sahakar Nagar,BTM Layout,175.0,60.0,Not Applicable,Not Applicable,No,Not Applicable,147,UPI,49,4.6,4.5
2024-07-30 20:44:00,CNR2720938069,Canceled by Customer,CID971838,eBike,Bannerghatta Road,Bannerghatta Road,,,Wrong Address,Not Applicable,Not Applicable,Not Applicable,420,Not Applicable,0,,
2024-07-03 13:21:00,CNR3758406369,Canceled by Driver,CID726839,Prime Plus,Ulsoor,Hulimavu,,,Not Applicable,More than permitted people in there,Not Applicable,Not Applicable,152,Not Applicable,0,,
2024-07-26 17:46:00,CNR5117208778,Canceled by Customer,CID577144,eBike,Electronic City,RT Nagar,,,Driver asked to cancel,Not Applicable,Not Applicable,Not Applicable,1802,Not Applicable,0,,
2024-07-02 11:28:00,CNR5779547637,Driver Not Found,CID996596,eBike,Basavanagudi,Whitefield,,,Not Applicable,Not Applicable,Not Applicable,Not Applicable,164,Not Applicable,0,,
2024-07-02 21:01:00,CNR8711167902,Driver Not Found,CID467555,Prime Plus,Hennur,Langford Town,,,Not Applicable,Not Applicable,Not Applicable,Not Applicable,867,Not Applicable,0,,
2024-07-17 03:22:00,CNR2439045993,Success,CID430988,Bike,Shivajinagar,Shantinagar,119.0,115.0,Not Applicable,Not Applicable,No,Not Applicable,2980,UPI,25,3.8,3.5
2024-07-21 12:53:00,CNR2588103774,Success,CID650059,Prime Sedan,Frazer Town,Rajajinagar,126.0,110.0,Not Applicable,Not Applicable,No,Not Applicable,411,Cash,3,3.4,4.4
2024-07-26 04:10:00,CNR6368263922,Success,CID808327,Prime Plus,RT Nagar,Ulsoor,49.0,55.0,Not Applicable,Not Applicable,No,Not Applicable,149,UPI,21,4.5,3.3
2024-07-25 12:35:00,CNR5584448276,Success,CID641377,Prime Plus,Hulimavu,Devanahalli,182.0,100.0,Not Applicable,Not Applicable,No,Not Applicable,136,Cash,47,4.8,3.1
2024-07-19 09:08:00,CNR6449256175,Success,CID578233,Prime SUV,Bellandur,Richmond Town,42.0,115.0,Not Applicable,Not Applicable,No,Not Applicable,2706,UPI,19,4.2,4.4
2024-07-24 18:52:00,CNR5714550591,Canceled by Driver,CID144356,Bike,Tumkur Road,RT Nagar,,,Not Applicable,Customer related issue,Not Applicable,Not Applicable,370,Not Applicable,0,,
2024-07-16 00:06:00,CNR1111693834,Success,CID802065,Bike,Banashankari,Rajajinagar,189.0,115.0,Not Applicable,Not Applicable,No,Not Applicable,243,UPI,25,4.6,3.6
2024-07-22 02:34:00,CNR3736299379,Success,CID751876,Prime Sedan,Rajajinagar,Ulsoor,182.0,40.0,Not Applicable,Not Applicable,No,Not Applicable,273,Cash,46,3.0,3.4
2024-07-05 23:19:00,CNR9580737822,Driver Not Found,CID829053,Prime SUV,Cox Town,Banashankari,,,Not Applicable,Not Applicable,Not Applicable,Not Applicable,412,Not Applicable,0,,
2024-07-06 14:32:00,CNR2755722267,Success,CID939572,Prime SUV,Hebbal,Richmond Town,168.0,70.0,Not Applicable,Not Applicable,No,Not Applicable,275,UPI,37,4.3,4.3
2024-07-24 00:11:00,CNR6112044759,Canceled by Customer,CID952592,Prime SUV,Peenya,Vijayanagar,,,Driver is not moving towards pickup location,Not Applicable,Not Applicable,Not Applicable,208,Not Applicable,0,,
2024-07-03 20:43:00,CNR8941731459,Driver Not Found,CID820754,Prime Sedan,Chamarajpet,Yelahanka,,,Not Applicable,Not Applicable,Not Applicable,Not Applicable,205,Not Applicable,0,,
2024-07-03 16:58:00,CNR3548220646,Success,CID551783,Prime Sedan,Hebbal,HSR Layout,168.0,70.0,Not Applicable,Not Applicable,No,Not Applicable,337,Cash,10,4.6,3.2
2024-07-19 13:48:00,CNR8448931206,Canceled by Driver,CID109186,Auto,Hulimavu,Indiranagar,,,Not Applicable,Customer was coughing/sick,Not Applicable,Not Applicable,420,Not Applicable,0,,
2024-07-20 03:52:00,CNR4456612086,Success,CID488915,eBike,Basavanagudi,Kadugodi,112.0,45.0,Not Applicable,Not Applicable,No,Not Applicable,252,Cash,36,3.4,4.2
2024-07-21 18:30:00,CNR6665644469,Canceled by Driver,CID673900,eBike,Mysore Road,Kengeri,,,Not Applicable,Customer related issue,Not Applicable,Not Applicable,1236,Not Applicable,0,,
2024-07-16 06:50:00,CNR2109506888,Success,CID188564,Bike,Padmanabhanagar,RT Nagar,252.0,30.0,Not Applicable,Not Applicable,No,Not Applicable,713,Credit Card,6,4.7,4.6
2024-07-19 23:10:00,CNR6375794937,Success,CID925549,Mini,Banashankari,Magadi Road,77.0,85.0,Not Applicable,Not Applicable,No,Not Applicable,111,Cash,25,3.5,4.3
2024-07-16 01:01:00,CNR2053564359,Success,CID160048,Auto,Padmanabhanagar,MG Road,238.0,80.0,Not Applicable,Not Applicable,No,Not Applicable,310,Cash,19,4.3,4.4
2024-07-27 10:16:00,CNR1362070741,Canceled by Customer,CID724424,eBike,Ulsoor,Yelahanka,,,Wrong Address,Not Applicable,Not Applicable,Not Applicable,220,Not Applicable,0,,
2024-07-14 14:59:00,CNR2753002464,Success,CID739150,eBike,RT Nagar,Peenya,196.0,125.0,Not Applicable,Not Applicable,No,Not Applicable,462,UPI,48,4.2,4.7
2024-07-22 18:03:00,CNR6670043502,Canceled by Customer,CID880758,Mini,Vijayanagar,Nagarbhavi,,,Driver asked to cancel,Not Applicable,Not Applicable,Not Applicable,177,Not Applicable,0,,
2024-07-30 04:43:00,CNR2235568205,Success,CID251433,Bike,Rajajinagar,HSR Layout,259.0,125.0,Not Applicable,Not Applicable,No,Not Applicable,322,Cash,21,3.3,5.0
2024-07-10 13:07:00,CNR3826836617,Success,CID724151,Bike,Kadugodi,Rajajinagar,196.0,120.0,Not Applicable,Not Applicable,No,Not Applicable,281,Cash,8,3.1,3.0
2024-07-15 20:05:00,CNR8241282991,Canceled by Driver,CID463269,Prime SUV,Vijayanagar,Padmanabhanagar,,,Not Applicable,More than permitted people in there,Not Applicable,Not Applicable,193,Not Applicable,0,,
2024-07-03 14:40:00,CNR8369846397,Success,CID985363,Prime SUV,Langford Town,Shantinagar,217.0,80.0,Not Applicable,Not Applicable,No,Not Applicable,461,Cash,17,4.1,4.6
2024-07-07 00:32:00,CNR4567283532,Canceled by Driver,CID515710,Auto,Shivajinagar,Basavanagudi,,,Not Applicable,More than permitted people in there,Not Applicable,Not Applicable,514,Not Applicable,0,,
2024-07-30 17:15:00,CNR9649844348,Canceled by Customer,CID297458,Mini,Vijayanagar,Vijayanagar,,,Driver asked to cancel,Not Applicable,Not Applicable,Not Applicable,140,Not Applicable,0,,
2024-07-26 22:08:00,CNR8731384259,Success,CID431149,eBike,Nagarbhavi,Electronic City,203.0,85.0,Not Applicable,Not Applicable,Yes,Other Issue,253,UPI,49,4.8,3.2
2024-07-22 12:45:00,CNR4546620605,Driver Not Found,CID762864,Auto,Whitefield,Kammanahalli,,,Not Applicable,Not Applicable,Not Applicable,Not Applicable,439,Not Applicable,0,,
2024-07-07 00:32:00,CNR6618413123,Success,CID324335,eBike,Whitefield,Mysore Road,168.0,100.0,Not Applicable,Not Applicable,No,Not Applicable,332,Cash,5,3.9,4.6
2024-07-27 12:35:00,CNR8242069098,Canceled by Customer,CID689536,Prime SUV,Hulimavu,Malleshwaram,,,Driver asked to cancel,Not Applicable,Not Applicable,Not Applicable,416,Not Applicable,0,,
2024-07-07 10:49:00,CNR7007960905,Success,CID172993,Auto,Hulimavu,Rajarajeshwari Nagar,210.0,75.0,Not Applicable,Not Applicable,No,Not Applicable,174,UPI,12,4.9,4.6
2024-07-22 13:14:00,CNR9655655461,Success,CID523770,Auto,Majestic,HSR Layout,273.0,30.0,Not Applicable,Not Applicable,No,Not Applicable,122,UPI,15,3.8,4.2
2024-07-20 12:09:00,CNR9943415765,Canceled by Driver,CID759886,Prime SUV,Ramamurthy Nagar,Devanahalli,,,Not Applicable,Personal & Car related issue,Not Applicable,Not Applicable,663,Not Applicable,0,,
2024-07-21 17:55:00,CNR3823273822,Success,CID939000,eBike,Ulsoor,Vijayanagar,182.0,110.0,Not Applicable,Not Applicable,Yes,Vehicle Breakdown,417,Cash,1,4.2,3.2
2024-07-24 03:27:00,CNR3454656921,Canceled by Customer,CID636566,Auto,BTM Layout,MG Road,,,Driver asked to cancel,Not Applicable,Not Applicable,Not Applicable,268,Not Applicable,0,,
2024-07-30 04:07:00,CNR7252828181,Success,CID974619,Auto,Banashankari,Jayanagar,175.0,75.0,Not Applicable,Not Applicable,Yes,Vehicle Breakdown,185,Cash,14,4.7,4.4
2024-07-17 09:28:00,CNR1908454236,Success,CID632651,eBike,Kengeri,Hosur Road,210.0,75.0,Not Applicable,Not Applicable,No,Not Applicable,364,Cash,5,3.0,4.0
2024-07-30 00:21:00,CNR7457808747,Success,CID838805,Prime Sedan,Sahakar Nagar,Hennur,161.0,65.0,Not Applicable,Not Applicable,No,Not Applicable,383,UPI,31,3.0,3.5
2024-07-23 01:48:00,CNR9429593902,Success,CID355319,Prime Plus,Mysore Road,Yeshwanthpur,308.0,60.0,Not Applicable,Not Applicable,No,Not Applicable,103,UPI,31,3.0,4.1
2024-07-23 19:42:00,CNR9896755993,Success,CID581392,Bike,Yelahanka,Majestic,203.0,135.0,Not Applicable,Not Applicable,No,Not Applicable,962,Cash,38,3.1,4.0
2024-07-15 22:23:00,CNR6904875127,Success,CID139098,Bike,Sarjapur Road,Frazer Town,126.0,30.0,Not Applicable,Not Applicable,No,Not Applicable,102,UPI,40,3.4,4.0
2024-07-03 04:06:00,CNR2430331433,Canceled by Driver,CID260637,eBike,Langford Town,Ulsoor,,,Not Applicable,Personal & Car related issue,Not Applicable,Not Applicable,105,Not Applicable,0,,
2024-07-01 07:25:00,CNR2002931856,Canceled by Driver,CID124727,Bike,MG Road,Kammanahalli,,,Not Applicable,Customer was coughing/sick,Not Applicable,Not Applicable,944,Not Applicable,0,,
2024-07-24 18:36:00,CNR9773390780,Canceled by Driver,CID600464,Prime Plus,Chickpet,Electronic City,,,Not Applicable,Personal & Car related issue,Not Applicable,Not Applicable,839,Not Applicable,0,,
2024-07-21 10:38:00,CNR2620235782,Canceled by Customer,CID176737,eBike,Ulsoor,Cox Town,,,Change of plans,Not Applicable,Not Applicable,Not Applicable,448,Not Applicable,0,,
2024-07-08 12:23:00,CNR3057070812,Canceled by Driver,CID866343,eBike,Hosur Road,Hosur Road,,,Not Applicable,Personal & Car related issue,Not Applicable,Not Applicable,126,Not Applicable,0,,
2024-07-12 14:46:00,CNR7443283297,Success,CID128190,eBike,Chamarajpet,Richmond Town,84.0,110.0,Not Applicable,Not Applicable,No,Not Applicable,344,UPI,13,3.0,5.0
2024-07-02 20:40:00,CNR9546519012,Success,CID590438,Mini,Vijayanagar,Sahakar Nagar,294.0,25.0,Not Applicable,Not Applicable,No,Not Applicable,254,UPI,20,4.6,4.2
2024-07-20 12:06:00,CNR6360110071,Canceled by Driver,CID759608,Bike,Kadugodi,Basavanagudi,,,Not Applicable,Personal & Car related issue,Not Applicable,Not Applicable,475,Not Applicable,0,,
2024-07-22 01:01:00,CNR9131277766,Success,CID690155,Bike,Basavanagudi,Richmond Town,189.0,145.0,Not Applicable,Not Applicable,No,Not Applicable,728,Cash,6,4.4,4.0
2024-07-23 18:39:00,CNR1085450477,Driver Not Found,CID185851,Prime Sedan,Kengeri,Peenya,,,Not Applicable,Not Applicable,Not Applicable,Not Applicable,850,Not Applicable,0,,
2024-07-23 14:36:00,CNR7122510905,Canceled by Customer,CID578965,eBike,Hennur,Indiranagar,,,Driver is not moving towards pickup location,Not Applicable,Not Applicable,Not Applicable,185,Not Applicable,0,,
2024-07-18 13:39:00,CNR2336743176,Success,CID645649,eBike,Kammanahalli,Frazer Town,308.0,70.0,Not Applicable,Not Applicable,No,Not Applicable,329,UPI,41,3.0,4.7
2024-07-19 10:11:00,CNR2693589000,Success,CID191852,Auto,Frazer Town,Cox Town,245.0,40.0,Not Applicable,Not Applicable,No,Not Applicable,1315,Cash,16,3.1,3.1
2024-07-29 08:58:00,CNR6707136963,Success,CID312453,Bike,KR Puram,Vijayanagar,161.0,130.0,Not Applicable,Not Applicable,No,Not Applicable,856,UPI,36,5.0,3.3
2024-07-17 10:14:00,CNR7739635190,Canceled by Customer,CID229014,Mini,Chamarajpet,Bannerghatta Road,,,Driver asked to cancel,Not Applicable,Not Applicable,Not Applicable,891,Not Applicable,0,,
2024-07-25 01:32:00,CNR1225847211,Success,CID774008,Prime SUV,Chamarajpet,Hennur,252.0,120.0,Not Applicable,Not Applicable,No,Not Applicable,658,Cash,34,3.0,3.2
2024-07-04 06:11:00,CNR9844179503,Driver Not Found,CID325319,Mini,Shivajinagar,HSR Layout,,,Not Applicable,Not Applicable,Not Applicable,Not Applicable,247,Not Applicable,0,,
2024-07-11 20:55:00,CNR8756175245,Canceled by Driver,CID962643,Auto,Nagarbhavi,Majestic,,,Not Applicable,Customer related issue,Not Applicable,Not Applicable,808,Not Applicable,0,,
2024-07-05 20:12:00,CNR7040675911,Canceled by Driver,CID301007,Prime SUV,JP Nagar,Jayanagar,,,Not Applicable,Personal & Car related issue,Not Applicable,Not Applicable,423,Not Applicable,0,,
2024-07-07 10:56:00,CNR6536651265,Success,CID703402,Prime Sedan,Banashankari,Sarjapur Road,203.0,30.0,Not Applicable,Not Applicable,No,Not Applicable,132,UPI,44,3.9,4.8
2024-07-18 02:16:00,CNR7641011261,Success,CID705539,Bike,Basavanagudi,Jayanagar,224.0,145.0,Not Applicable,Not Applicable,No,Not Applicable,253,Cash,49,3.2,3.3
2024-07-24 01:18:00,CNR9729537619,Canceled by Driver,CID295938,Bike,Magadi Road,Banashankari,,,Not Applicable,Personal & Car related issue,Not Applicable,Not Applicable,1473,Not Applicable,0,,
2024-07-20 14:16:00,CNR2141791299,Canceled by Customer,CID905791,Prime Plus,Varthur,Hosur Road,,,Change of plans,Not Applicable,Not Applicable,Not Applicable,386,Not Applicable,0,,
2024-07-19 11:01:00,CNR3189061312,Success,CID537357,Auto,JP Nagar,Yelahanka,98.0,80.0,Not Applicable,Not Applicable,No,Not Applicable,286,Cash,5,4.2,3.6
2024-07-26 09:39:00,CNR1243079655,Success,CID933458,Bike,Whitefield,Shivajinagar,161.0,140.0,Not Applicable,Not Applicable,No,Not Applicable,374,Cash,19,4.9,4.0
2024-07-27 10:06:00,CNR2617791155,Success,CID474469,Prime Sedan,Chamarajpet,Bellandur,245.0,130.0,Not Applicable,Not Applicable,No,Not Applicable,214,UPI,2,3.3,3.1
2024-07-30 08:06:00,CNR5827178662,Success,CID789890,Auto,Majestic,Ulsoor,280.0,130.0,Not Applicable,Not Applicable,No,Not Applicable,539,Cash,9,3.7,4.0
2024-07-28 18:35:00,CNR4278956947,Canceled by Driver,CID474060,Auto,Devanahalli,Bannerghatta Road,,,Not Applicable,Customer related issue,Not Applicable,Not Applicable,448,Not Applicable,0,,
2024-07-29 23:27:00,CNR7900230788,Success,CID748445,Auto,Hennur,Chickpet,154.0,80.0,Not Applicable,Not Applicable,No,Not Applicable,293,Cash,10,3.5,4.4
2024-07-29 12:55:00,CNR9223688186,Success,CID957337,Prime Plus,Varthur,Rajarajeshwari Nagar,105.0,105.0,Not Applicable,Not Applicable,No,Not Applicable,269,Cash,11,4.5,4.2
2024-07-06 03:12:00,CNR9384155082,Driver Not Found,CID474117,Prime Sedan,Rajarajeshwari Nagar,Hennur,,,Not Applicable,Not Applicable,Not Applicable,Not Applicable,179,Not Applicable,0,,
2024-07-20 12:40:00,CNR2448319808,Success,CID326733,Mini,Chickpet,Koramangala,119.0,140.0,Not Applicable,Not Applicable,No,Not Applicable,137,Cash,17,4.1,4.2
2024-07-09 15:17:00,CNR6145004386,Canceled by Driver,CID467979,Auto,Koramangala,Nagarbhavi,,,Not Applicable,Personal & Car related issue,Not Applicable,Not Applicable,993,Not Applicable,0,,
2024-07-09 13:45:00,CNR3688281687,Success,CID812808,Auto,Kammanahalli,Jayanagar,287.0,85.0,Not Applicable,Not Applicable,No,Not Applicable,442,Cash,19,4.8,4.5
2024-07-15 09:38:00,CNR6810513547,Success,CID156497,Prime Plus,Banashankari,Hennur,266.0,135.0,Not Applicable,Not Applicable,No,Not Applicable,153,Cash,9,4.4,4.9
2024-07-03 13:57:00,CNR4827272969,Success,CID417829,Prime Plus,Magadi Road,Varthur,140.0,135.0,Not Applicable,Not Applicable,No,Not Applicable,2767,UPI,49,4.1,4.3
2024-07-25 04:01:00,CNR7017967720,Driver Not Found,CID536009,Prime Plus,Frazer Town,Yelahanka,,,Not Applicable,Not Applicable,Not Applicable,Not Applicable,392,Not Applicable,0,,
2024-07-28 04:59:00,CNR3864888866,Success,CID260363,Prime Sedan,Frazer Town,Sarjapur Road,273.0,60.0,Not Applicable,Not Applicable,No,Not Applicable,258,UPI,49,4.7,4.1
2024-07-16 14:44:00,CNR7181831766,Success,CID711759,Prime SUV,Sahakar Nagar,Kadugodi,105.0,115.0,Not Applicable,Not Applicable,Yes,Vehicle Breakdown,381,UPI,27,4.4,4.6
2024-07-10 04:42:00,CNR4965665384,Success,CID988417,Auto,Sahakar Nagar,Chickpet,301.0,30.0,Not Applicable,Not Applicable,No,Not Applicable,974,UPI,9,3.4,4.6
2024-07-19 20:59:00,CNR2934740823,Success,CID996640,Prime Plus,Bannerghatta Road,Hebbal,56.0,60.0,Not Applicable,Not Applicable,No,Not Applicable,2114,Cash,37,3.4,4.5
2024-07-03 21:58:00,CNR5901923202,Success,CID498802,Prime Sedan,Kadugodi,JP Nagar,273.0,145.0,Not Applicable,Not Applicable,No,Not Applicable,220,Credit Card,7,4.0,3.3
2024-07-13 19:12:00,CNR4286555032,Canceled by Driver,CID743204,eBike,Hosur Road,Hosur Road,,,Not Applicable,Personal & Car related issue,Not Applicable,Not Applicable,186,Not Applicable,0,,
2024-07-26 03:34:00,CNR4779108653,Success,CID422584,Prime Plus,Ulsoor,Hulimavu,42.0,135.0,Not Applicable,Not Applicable,No,Not Applicable,448,Cash,26,5.0,4.5
2024-07-02 14:07:00,CNR4395462317,Success,CID580324,Mini,Varthur,MG Road,119.0,65.0,Not Applicable,Not Applicable,No,Not Applicable,687,UPI,3,4.2,3.2
2024-07-27 17:28:00,CNR8572235032,Canceled by Driver,CID607465,Prime SUV,Cox Town,Whitefield,,,Not Applicable,Personal & Car related issue,Not Applicable,Not Applicable,457,Not Applicable,0,,
2024-07-19 18:00:00,CNR7279578460,Canceled by Driver,CID935826,Prime Plus,JP Nagar,Frazer Town,,,Not Applicable,More than permitted people in there,Not Applicable,Not Applicable,661,Not Applicable,0,,
2024-07-02 10:40:00,CNR2655064790,Driver Not Found,CID806770,Prime Plus,Malleshwaram,Koramangala,,,Not Applicable,Not Applicable,Not Applicable,Not Applicable,347,Not Applicable,0,,
2024-07-12 20:38:00,CNR2540755753,Success,CID825866,Bike,Electronic City,Hulimavu,308.0,30.0,Not Applicable,Not Applicable,No,Not Applicable,221,Cash,24,3.0,4.7
2024-07-10 00:43:00,CNR9256394623,Success,CID862831,Prime Sedan,Marathahalli,Basavanagudi,189.0,30.0,Not Applicable,Not Applicable,Yes,Customer Demand,397,Cash,16,4.9,5.0
2024-07-18 06:23:00,CNR6869071467,Success,CID396729,Prime Plus,Devanahalli,Yeshwanthpur,126.0,45.0,Not Applicable,Not Applicable,No,Not Applicable,144,Cash,16,3.1,4.0
2024-07-24 22:03:00,CNR8338180502,Success,CID578154,Prime Plus,Chickpet,Kengeri,77.0,125.0,Not Applicable,Not Applicable,No,Not Applicable,1763,Cash,31,3.3,3.2
2024-07-06 16:06:00,CNR3550385882,Success,CID954581,Bike,Tumkur Road,Hulimavu,147.0,35.0,Not Applicable,Not Applicable,No,Not Applicable,876,UPI,15,4.0,4.1
2024-07-20 23:11:00,CNR4451724893,Success,CID395936,Auto,Peenya,Magadi Road,189.0,120.0,Not Applicable,Not Applicable,Yes,Vehicle Breakdown,298,Cash,13,4.6,3.2
2024-07-24 08:36:00,CNR3739131602,Success,CID459212,eBike,Chamarajpet,Peenya,140.0,120.0,Not Applicable,Not Applicable,No,Not Applicable,301,Cash,8,3.1,3.8
2024-07-02 11:40:00,CNR3047640021,Canceled by Driver,CID455155,Prime SUV,Tumkur Road,Electronic City,,,Not Applicable,More than permitted people in there,Not Applicable,Not Applicable,878,Not Applicable,0,,
2024-07-06 01:44:00,CNR4399448123,Driver Not Found,CID566302,Prime Plus,Marathahalli,Shantinagar,,,Not Applicable,Not Applicable,Not Applicable,Not Applicable,191,Not Applicable,0,,
2024-07-25 02:17:00,CNR8899530808,Canceled by Driver,CID614383,Prime Plus,Rajarajeshwari Nagar,RT Nagar,,,Not Applicable,More than permitted people in there,Not Applicable,Not Applicable,140,Not Applicable,0,,
2024-07-16 05:04:00,CNR2082338069,Success,CID405683,Prime SUV,Kadugodi,Langford Town,196.0,25.0,Not Applicable,Not Applicable,No,Not Applicable,407,Cash,43,3.8,4.2
2024-07-26 19:34:00,CNR9358165042,Canceled by Driver,CID362601,Prime Plus,Devanahalli,Devanahalli,,,Not Applicable,More than permitted people in there,Not Applicable,Not Applicable,1441,Not Applicable,0,,
2024-07-08 21:36:00,CNR6992781143,Success,CID669844,Auto,Hulimavu,Padmanabhanagar,49.0,140.0,Not Applicable,Not Applicable,No,Not Applicable,246,Cash,18,4.6,3.1
2024-07-27 01:39:00,CNR3090804367,Success,CID340207,Prime Plus,Bellandur,Sahakar Nagar,280.0,70.0,Not Applicable,Not Applicable,No,Not Applicable,214,Cash,2,3.3,4.4
2024-07-29 22:29:00,CNR1864003759,Success,CID166305,Bike,Mysore Road,Ramamurthy Nagar,147.0,90.0,Not Applicable,Not Applicable,No,Not Applicable,631,Cash,49,4.0,3.2
2024-07-08 14:16:00,CNR5039298348,Success,CID560252,Prime Plus,Hennur,Basavanagudi,154.0,80.0,Not Applicable,Not Applicable,No,Not Applicable,333,Cash,22,4.2,4.8
2024-07-21 04:36:00,CNR4218643523,Success,CID752949,Auto,Ulsoor,Peenya,63.0,110.0,Not Applicable,Not Applicable,No,Not Applicable,406,Cash,5,3.9,4.2
2024-07-12 16:31:00,CNR9745795901,Driver Not Found,CID685241,eBike,Hosur Road,Devanahalli,,,Not Applicable,Not Applicable,Not Applicable,Not Applicable,1460,Not Applicable,0,,
2024-07-15 21:51:00,CNR7768354657,Driver Not Found,CID603983,eBike,Nagarbhavi,Richmond Town,,,Not Applicable,Not Applicable,Not Applicable,Not Applicable,179,Not Applicable,0,,
2024-07-06 15:39:00,CNR8201055088,Canceled by Driver,CID672654,Prime Plus,Peenya,Magadi Road,,,Not Applicable,Personal & Car related issue,Not Applicable,Not Applicable,495,Not Applicable,0,,
2024-07-18 17:16:00,CNR2809295032,Success,CID314291,Prime Plus,Yeshwanthpur,Yeshwanthpur,126.0,115.0,Not Applicable,Not Applicable,No,Not Applicable,355,Credit Card,10,3.9,4.1
2024-07-18 15:52:00,CNR7983634885,Canceled by Customer,CID648272,Auto,Koramangala,Rajarajeshwari Nagar,,,AC is Not working,Not Applicable,Not Applicable,Not Applicable,523,Not Applicable,0,,
2024-07-15 13:26:00,CNR5034330441,Canceled by Driver,CID119729,Bike,Bellandur,Yelahanka,,,Not Applicable,Customer related issue,Not Applicable,Not Applicable,876,Not Applicable,0,,
2024-07-17 21:51:00,CNR4803750136,Canceled by Customer,CID746965,Bike,Peenya,BTM Layout,,,Change of plans,Not Applicable,Not Applicable,Not Applicable,814,Not Applicable,0,,
2024-07-27 02:26:00,CNR2519291394,Success,CID296023,Prime SUV,Chickpet,JP Nagar,49.0,30.0,Not Applicable,Not Applicable,No,Not Applicable,119,Cash,47,3.8,3.8
2024-07-05 23:08:00,CNR8707758795,Success,CID918556,Prime Sedan,Hulimavu,Shivajinagar,133.0,125.0,Not Applicable,Not Applicable,No,Not Applicable,664,UPI,19,4.5,3.9
2024-07-06 05:08:00,CNR9668618133,Success,CID993142,Auto,Indiranagar,MG Road,98.0,70.0,Not Applicable,Not Applicable,Yes,Vehicle Breakdown,353,UPI,2,3.1,3.5
2024-07-15 04:21:00,CNR5519861699,Driver Not Found,CID966092,Mini,Koramangala,Mysore Road,,,Not Applicable,Not Applicable,Not Applicable,Not Applicable,483,Not Applicable,0,,
2024-07-15 14:41:00,CNR8651802670,Success,CID763867,Prime SUV,Electronic City,Rajajinagar,133.0,115.0,Not Applicable,Not Applicable,No,Not Applicable,456,UPI,12,4.8,3.8
2024-07-10 00:59:00,CNR2674632368,Canceled by Customer,CID932635,Prime Plus,Koramangala,Malleshwaram,,,Driver is not moving towards pickup location,Not Applicable,Not Applicable,Not Applicable,778,Not Applicable,0,,
2024-07-30 05:21:00,CNR6552149981,Success,CID994195,Mini,Peenya,Shivajinagar,98.0,50.0,Not Applicable,Not Applicable,No,Not Applicable,830,UPI,31,4.7,4.1
2024-07-30 15:58:00,CNR7231969631,Driver Not Found,CID924833,Auto,Hulimavu,Ulsoor,,,Not Applicable,Not Applicable,Not Applicable,Not Applicable,381,Not Applicable,0,,
2024-07-04 15:04:00,CNR9183756691,Success,CID616385,Prime Plus,Hebbal,Chickpet,287.0,25.0,Not Applicable,Not Applicable,No,Not Applicable,537,UPI,22,4.3,4.4
2024-07-26 17:59:00,CNR6389263065,Canceled by Driver,CID536462,eBike,Koramangala,Electronic City,,,Not Applicable,Personal & Car related issue,Not Applicable,Not Applicable,418,Not Applicable,0,,
2024-07-20 01:53:00,CNR4976600098,Canceled by Driver,CID883502,Prime SUV,Bellandur,Kammanahalli,,,Not Applicable,Customer was coughing/sick,Not Applicable,Not Applicable,256,Not Applicable,0,,
2024-07-09 14:13:00,CNR1365155440,Canceled by Driver,CID431112,Prime Sedan,Rajarajeshwari Nagar,Chickpet,,,Not Applicable,Personal & Car related issue,Not Applicable,Not Applicable,1816,Not Applicable,0,,
2024-07-12 00:55:00,CNR9300113831,Canceled by Driver,CID605926,Mini,Kammanahalli,Langford Town,,,Not Applicable,Customer was coughing/sick,Not Applicable,Not Applicable,606,Not Applicable,0,,
2024-07-24 03:35:00,CNR6697339188,Canceled by Driver,CID815458,Bike,Padmanabhanagar,Kammanahalli,,,Not Applicable,Customer related issue,Not Applicable,Not Applicable,308,Not Applicable,0,,
2024-07-12 12:15:00,CNR7148249773,Canceled by Driver,CID682047,Mini,Nagarbhavi,Shivajinagar,,,Not Applicable,Customer related issue,Not Applicable,Not Applicable,484,Not Applicable,0,,
2024-07-05 06:48:00,CNR5107152791,Success,CID438841,Auto,Indiranagar,Whitefield,91.0,95.0,Not Applicable,Not Applicable,No,Not Applicable,476,UPI,17,4.4,3.5
2024-07-11 15:10:00,CNR8565844929,Success,CID681040,Bike,Cox Town,Bellandur,182.0,45.0,Not Applicable,Not Applicable,No,Not Applicable,365,Cash,33,3.2,4.7
2024-07-25 12:29:00,CNR1338531950,Driver Not Found,CID901296,Prime Sedan,Kammanahalli,Bannerghatta Road,,,Not Applicable,Not Applicable,Not Applicable,Not Applicable,227,Not Applicable,0,,
2024-07-14 23:16:00,CNR3002421203,Success,CID175223,Prime Sedan,Langford Town,Peenya,224.0,55.0,Not Applicable,Not Applicable,No,Not Applicable,667,UPI,42,4.5,4.4
2024-07-13 14:24:00,CNR4848066660,Success,CID325653,Prime Plus,Sahakar Nagar,BTM Layout,140.0,25.0,Not Applicable,Not Applicable,No,Not Applicable,485,UPI,45,3.2,4.2
2024-07-04 02:05:00,CNR7586855911,Success,CID126193,Prime Plus,Devanahalli,Frazer Town,112.0,70.0,Not Applicable,Not Applicable,No,Not Applicable,610,Cash,10,4.0,3.4
2024-07-16 11:37:00,CNR5644993816,Driver Not Found,CID705442,Mini,Koramangala,Whitefield,,,Not Applicable,Not Applicable,Not Applicable,Not Applicable,156,Not Applicable,0,,
2024-07-23 16:24:00,CNR5536357794,Success,CID982130,Bike,Shivajinagar,Devanahalli,189.0,145.0,Not Applicable,Not Applicable,No,Not Applicable,460,Cash,40,4.2,3.1
2024-07-11 18:48:00,CNR2350466424,Canceled by Customer,CID898383,Prime SUV,Malleshwaram,Hennur,,,Driver is not moving towards pickup location,Not Applicable,Not Applicable,Not Applicable,398,Not Applicable,0,,
2024-07-25 10:28:00,CNR1577777579,Driver Not Found,CID420295,eBike,Chickpet,Basavanagudi,,,Not Applicable,Not Applicable,Not Applicable,Not Applicable,2663,Not Applicable,0,,
2024-07-14 18:55:00,CNR7918428994,Canceled by Driver,CID757424,Prime Sedan,KR Puram,Whitefield,,,Not Applicable,Personal & Car related issue,Not Applicable,Not Applicable,385,Not Applicable,0,,
2024-07-17 20:21:00,CNR6459948330,Success,CID293319,Prime Sedan,Sahakar Nagar,Indiranagar,182.0,125.0,Not Applicable,Not Applicable,No,Not Applicable,2897,Cash,49,4.9,3.3
2024-07-15 03:44:00,CNR5193845293,Success,CID819652,Auto,RT Nagar,Banashankari,287.0,120.0,Not Applicable,Not Applicable,No,Not Applicable,149,Cash,4,3.0,4.5
2024-07-03 13:29:00,CNR9917340249,Success,CID861648,Mini,Kammanahalli,Basavanagudi,273.0,45.0,Not Applicable,Not Applicable,No,Not Applicable,493,Cash,13,4.3,5.0
2024-07-24 04:31:00,CNR7462733268,Success,CID973911,Prime SUV,MG Road,Shantinagar,63.0,110.0,Not Applicable,Not Applicable,No,Not Applicable,492,UPI,12,4.8,3.6
2024-07-03 09:09:00,CNR9078966326,Success,CID139049,Prime SUV,Cox Town,Rajarajeshwari Nagar,182.0,45.0,Not Applicable,Not Applicable,No,Not Applicable,229,Cash,34,3.8,4.6
2024-07-07 07:58:00,CNR6940128535,Driver Not Found,CID659430,Mini,Chamarajpet,Ulsoor,,,Not Applicable,Not Applicable,Not Applicable,Not Applicable,561,Not Applicable,0,,
2024-07-09 02:53:00,CNR7984364405,Success,CID403840,Mini,Yeshwanthpur,RT Nagar,77.0,145.0,Not Applicable,Not Applicable,No,Not Applicable,131,Cash,34,4.9,3.2
2024-07-13 15:28:00,CNR5058857917,Success,CID822636,Prime Sedan,Padmanabhanagar,Marathahalli,224.0,145.0,Not Applicable,Not Applicable,No,Not Applicable,422,UPI,16,3.7,4.5
2024-07-03 18:20:00,CNR4251163944,Canceled by Driver,CID355828,Mini,Koramangala,Hennur,,,Not Applicable,Personal & Car related issue,Not Applicable,Not Applicable,2105,Not Applicable,0,,
2024-07-17 17:51:00,CNR3500137107,Canceled by Driver,CID261840,Bike,Richmond Town,Yelahanka,,,Not Applicable,Customer was coughing/sick,Not Applicable,Not Applicable,124,Not Applicable,0,,
2024-07-23 07:42:00,CNR9000159613,Canceled by Customer,CID827056,Auto,Hebbal,Ramamurthy Nagar,,,AC is Not working,Not Applicable,Not Applicable,Not Applicable,931,Not Applicable,0,,
2024-07-25 23:57:00,CNR2428822586,Driver Not Found,CID152590,Bike,Basavanagudi,Ulsoor,,,Not Applicable,Not Applicable,Not Applicable,Not Applicable,380,Not Applicable,0,,
2024-07-11 09:20:00,CNR9273523621,Canceled by Driver,CID904850,Prime SUV,Magadi Road,Ulsoor,,,Not Applicable,Personal & Car related issue,Not Applicable,Not Applicable,2439,Not Applicable,0,,
2024-07-26 12:04:00,CNR4302576861,Success,CID491763,Prime SUV,Vijayanagar,Vijayanagar,168.0,85.0,Not Applicable,Not Applicable,No,Not Applicable,388,Cash,19,4.6,3.6
2024-07-06 14:06:00,CNR7983585751,Canceled by Driver,CID994101,Prime Plus,Rajajinagar,Frazer Town,,,Not Applicable,Customer related issue,Not Applicable,Not Applicable,214,Not Applicable,0,,
2024-07-11 04:55:00,CNR3141416327,Success,CID562802,Prime SUV,KR Puram,Langford Town,189.0,80.0,Not Applicable,Not Applicable,No,Not Applicable,906,UPI,44,4.0,3.3
2024-07-23 06:26:00,CNR9423118909,Canceled by Customer,CID202964,Prime SUV,MG Road,Basavanagudi,,,AC is Not working,Not Applicable,Not Applicable,Not Applicable,125,Not Applicable,0,,
2024-07-15 07:12:00,CNR4647654379,Canceled by Customer,CID766591,Prime Plus,Kadugodi,Chamarajpet,,,Driver is not moving towards pickup location,Not Applicable,Not Applicable,Not Applicable,371,Not Applicable,0,,
2024-07-21 12:43:00,CNR9226234576,Canceled by Customer,CID502978,Mini,MG Road,Varthur,,,Wrong Address,Not Applicable,Not Applicable,Not Applicable,129,Not Applicable,0,,
2024-07-01 00:13:00,CNR8702786865,Success,CID964450,Prime Plus,Richmond Town,Koramangala,287.0,75.0,Not Applicable,Not Applicable,No,Not Applicable,1603,UPI,13,3.0,4.8
2024-07-24 18:59:00,CNR8679802165,Driver Not Found,CID368601,Auto,Hebbal,BTM Layout,,,Not Applicable,Not Applicable,Not Applicable,Not Applicable,427,Not Applicable,0,,
2024-07-24 17:49:00,CNR1006764870,Canceled by Driver,CID362922,Auto,RT Nagar,Chamarajpet,,,Not Applicable,More than permitted people in there,Not Applicable,Not Applicable,662,Not Applicable,0,,
2024-07-11 06:38:00,CNR1993836071,Canceled by Customer,CID574764,Prime SUV,Kadugodi,Hulimavu,,,Driver asked to cancel,Not Applicable,Not Applicable,Not Applicable,435,Not Applicable,0,,
2024-07-15 07:13:00,CNR7331098277,Success,CID799258,Prime SUV,Whitefield,KR Puram,273.0,60.0,Not Applicable,Not Applicable,No,Not Applicable,410,Cash,11,3.8,4.1
2024-07-27 19:40:00,CNR9952635066,Success,CID274074,Prime SUV,Rajajinagar,Vijayanagar,175.0,135.0,Not Applicable,Not Applicable,No,Not Applicable,179,UPI,21,3.9,3.7
2024-07-12 03:18:00,CNR6648142952,Success,CID160008,Prime SUV,Banashankari,Ulsoor,105.0,100.0,Not Applicable,Not Applicable,No,Not Applicable,630,Credit Card,2,4.5,4.6
2024-07-28 20:44:00,CNR3648891016,Success,CID366914,Mini,Bellandur,Cox Town,112.0,60.0,Not Applicable,Not Applicable,No,Not Applicable,139,Cash,30,4.6,4.3
2024-07-23 23:47:00,CNR5846478591,Success,CID282992,eBike,Hulimavu,Banashankari,140.0,50.0,Not Applicable,Not Applicable,No,Not Applicable,113,UPI,35,4.7,3.9
2024-07-16 11:54:00,CNR3079205697,Success,CID641592,Prime Plus,Peenya,Bellandur,112.0,65.0,Not Applicable,Not Applicable,No,Not Applicable,114,Cash,40,3.1,4.6
2024-07-27 12:26:00,CNR5839141420,Success,CID325571,Prime Sedan,Hennur,HSR Layout,231.0,35.0,Not Applicable,Not Applicable,No,Not Applicable,933,Cash,36,4.1,3.6
2024-07-16 04:38:00,CNR4759210269,Success,CID180500,eBike,Hennur,MG Road,196.0,45.0,Not Applicable,Not Applicable,No,Not Applicable,141,Cash,7,3.6,3.3
2024-07-27 08:17:00,CNR7718051125,Success,CID984315,Auto,Yeshwanthpur,Electronic City,49.0,25.0,Not Applicable,Not Applicable,No,Not Applicable,429,Cash,5,4.0,3.6
2024-07-12 16:34:00,CNR9922484190,Canceled by Driver,CID737948,Prime Sedan,Shivajinagar,Kengeri,,,Not Applicable,Customer related issue,Not Applicable,Not Applicable,473,Not Applicable,0,,
2024-07-10 04:36:00,CNR6261605981,Canceled by Driver,CID994934,Prime Plus,Vijayanagar,Malleshwaram,,,Not Applicable,Personal & Car related issue,Not Applicable,Not Applicable,183,Not Applicable,0,,
2024-07-29 04:11:00,CNR8144395946,Success,CID318290,eBike,Langford Town,Bannerghatta Road,154.0,105.0,Not Applicable,Not Applicable,No,Not Applicable,296,UPI,28,4.7,5.0
2024-07-04 09:02:00,CNR7375891379,Success,CID637472,Prime SUV,Chickpet,Frazer Town,154.0,35.0,Not Applicable,Not Applicable,No,Not Applicable,723,UPI,8,4.5,4.8
2024-07-27 20:25:00,CNR5422971197,Success,CID529595,Auto,Koramangala,Rajarajeshwari Nagar,105.0,40.0,Not Applicable,Not Applicable,No,Not Applicable,838,UPI,14,3.2,3.7
2024-07-11 22:01:00,CNR4354927958,Success,CID508136,Prime Plus,Langford Town,Hulimavu,210.0,125.0,Not Applicable,Not Applicable,No,Not Applicable,825,Cash,42,4.4,3.2
2024-07-29 19:14:00,CNR9082757908,Success,CID867264,eBike,Rajajinagar,Tumkur Road,238.0,75.0,Not Applicable,Not Applicable,No,Not Applicable,277,Cash,47,4.5,4.3
2024-07-30 10:08:00,CNR6463899540,Canceled by Driver,CID575486,eBike,Rajarajeshwari Nagar,Indiranagar,,,Not Applicable,Customer related issue,Not Applicable,Not Applicable,195,Not Applicable,0,,
2024-07-12 17:14:00,CNR4283653790,Success,CID859925,Mini,Hebbal,Basavanagudi,91.0,105.0,Not Applicable,Not Applicable,No,Not Applicable,249,UPI,10,4.5,3.1
2024-07-07 02:42:00,CNR9985245870,Success,CID534281,Mini,KR Puram,Koramangala,35.0,25.0,Not Applicable,Not Applicable,No,Not Applicable,171,UPI,27,4.2,3.0
2024-07-01 19:13:00,CNR1302888456,Canceled by Customer,CID479056,Prime Sedan,Vijayanagar,Hebbal,,,Driver is not moving towards pickup location,Not Applicable,Not Applicable,Not Applicable,461,Not Applicable,0,,
2024-07-23 04:16:00,CNR9843400991,Canceled by Customer,CID813457,eBike,Peenya,Bellandur,,,Driver is not moving towards pickup location,Not Applicable,Not Applicable,Not Applicable,479,Not Applicable,0,,
2024-07-26 15:22:00,CNR8387878248,Success,CID975098,Mini,Shivajinagar,Ulsoor,266.0,40.0,Not Applicable,Not Applicable,No,Not Applicable,833,Debit Card,40,3.6,3.1
2024-07-29 15:29:00,CNR8666691996,Driver Not Found,CID834869,Mini,Richmond Town,Whitefield,,,Not Applicable,Not Applicable,Not Applicable,Not Applicable,198,Not Applicable,0,,
2024-07-28 07:11:00,CNR2756889560,Canceled by Driver,CID103397,Prime Plus,JP Nagar,Richmond Town,,,Not Applicable,Customer related issue,Not Applicable,Not Applicable,109,Not Applicable,0,,
2024-07-20 15:29:00,CNR9022836840,Success,CID829291,Bike,JP Nagar,Bannerghatta Road,91.0,75.0,Not Applicable,Not Applicable,No,Not Applicable,140,UPI,16,4.6,4.7
2024-07-19 13:20:00,CNR1453511738,Success,CID335579,Prime Plus,Shantinagar,Ulsoor,154.0,135.0,Not Applicable,Not Applicable,Yes,Customer Demand,687,Cash,34,4.9,3.3
2024-07-12 09:42:00,CNR6265264904,Driver Not Found,CID866382,eBike,BTM Layout,Frazer Town,,,Not Applicable,Not Applicable,Not Applicable,Not Applicable,165,Not Applicable,0,,
2024-07-23 17:21:00,CNR9122302209,Canceled by Driver,CID624590,Auto,Chamarajpet,Yeshwanthpur,,,Not Applicable,Personal & Car related issue,Not Applicable,Not Applicable,513,Not Applicable,0,,
2024-07-22 14:59:00,CNR5428818206,Success,CID947629,Bike,Cox Town,Yelahanka,301.0,120.0,Not Applicable,Not Applicable,No,Not Applicable,320,Cash,42,3.5,4.5
2024-07-11 18:08:00,CNR5293473335,Canceled by Driver,CID783329,eBike,Ulsoor,Electronic City,,,Not Applicable,Personal & Car related issue,Not Applicable,Not Applicable,1758,Not Applicable,0,,
2024-07-21 12:21:00,CNR2036173381,Canceled by Customer,CID223468,Prime Plus,Indiranagar,Hosur Road,,,Driver is not moving towards pickup location,Not Applicable,Not Applicable,Not Applicable,759,Not Applicable,0,,
2024-07-11 02:00:00,CNR4875097778,Canceled by Driver,CID775801,Bike,Kadugodi,Tumkur Road,,,Not Applicable,Personal & Car related issue,Not Applicable,Not Applicable,388,Not Applicable,0,,
2024-07-04 22:59:00,CNR7740203269,Driver Not Found,CID784476,Prime Plus,Mysore Road,Vijayanagar,,,Not Applicable,Not Applicable,Not Applicable,Not Applicable,294,Not Applicable,0,,
2024-07-27 08:04:00,CNR4421971650,Success,CID874550,Auto,Vijayanagar,MG Road,91.0,40.0,Not Applicable,Not Applicable,No,Not Applicable,784,UPI,16,4.2,4.5
2024-07-07 23:43:00,CNR1503198225,Canceled by Customer,CID752047,Mini,Hosur Road,Indiranagar,,,Driver is not moving towards pickup location,Not Applicable,Not Applicable,Not Applicable,264,Not Applicable,0,,
2024-07-01 17:01:00,CNR7705883316,Success,CID471941,Prime Sedan,Shantinagar,Majestic,273.0,55.0,Not Applicable,Not Applicable,No,Not Applicable,104,UPI,30,4.4,4.0
2024-07-27 14:39:00,CNR5640660798,Success,CID907499,Prime Plus,Bannerghatta Road,Cox Town,70.0,105.0,Not Applicable,Not Applicable,No,Not Applicable,419,UPI,38,3.6,3.1
2024-07-12 00:21:00,CNR2925822301,Driver Not Found,CID318728,Prime Sedan,HSR Layout,Padmanabhanagar,,,Not Applicable,Not Applicable,Not Applicable,Not Applicable,647,Not Applicable,0,,
2024-07-28 12:52:00,CNR2559636415,Success,CID490553,Bike,Whitefield,Yeshwanthpur,231.0,95.0,Not Applicable,Not Applicable,No,Not Applicable,2736,UPI,26,3.2,5.0
2024-07-09 00:46:00,CNR2072248811,Success,CID146059,Prime Sedan,Koramangala,Kammanahalli,84.0,35.0,Not Applicable,Not Applicable,No,Not Applicable,600,Cash,39,4.4,3.7
2024-07-23 00:10:00,CNR1591779108,Canceled by Customer,CID817341,Prime Plus,Mysore Road,MG Road,,,AC is Not working,Not Applicable,Not Applicable,Not Applicable,866,Not Applicable,0,,
2024-07-03 15:58:00,CNR5997130972,Canceled by Customer,CID262363,eBike,Padmanabhanagar,Cox Town,,,Driver asked to cancel,Not Applicable,Not Applicable,Not Applicable,279,Not Applicable,0,,
2024-07-15 01:23:00,CNR3555026912,Canceled by Driver,CID563622,Prime Plus,Whitefield,Hebbal,,,Not Applicable,More than permitted people in there,Not Applicable,Not Applicable,869,Not Applicable,0,,
2024-07-14 06:52:00,CNR3600390816,Success,CID861994,Prime Plus,Jayanagar,Chickpet,63.0,55.0,Not Applicable,Not Applicable,No,Not Applicable,367,Cash,29,3.2,4.1
2024-07-02 07:52:00,CNR8571252526,Success,CID301426,Prime Sedan,Yeshwanthpur,Kadugodi,161.0,55.0,Not Applicable,Not Applicable,No,Not Applicable,140,UPI,25,3.4,4.0
2024-07-25 10:48:00,CNR5451032282,Canceled by Driver,CID311509,Bike,Indiranagar,Hosur Road,,,Not Applicable,Personal & Car related issue,Not Applicable,Not Applicable,581,Not Applicable,0,,
2024-07-15 08:03:00,CNR6151365235,Success,CID274979,Prime Plus,Richmond Town,Nagarbhavi,63.0,135.0,Not Applicable,Not Applicable,No,Not Applicable,684,UPI,1,3.4,3.1
2024-07-13 02:32:00,CNR4560777869,Success,CID278385,Prime Plus,Richmond Town,Langford Town,84.0,140.0,Not Applicable,Not Applicable,No,Not Applicable,159,Cash,44,3.5,3.1
2024-07-12 15:25:00,CNR7298355961,Driver Not Found,CID107082,Prime Sedan,Rajarajeshwari Nagar,Hosur Road,,,Not Applicable,Not Applicable,Not Applicable,Not Applicable,247,Not Applicable,0,,
2024-07-29 03:50:00,CNR8712357078,Success,CID527895,Auto,Kadugodi,Sahakar Nagar,70.0,115.0,Not Applicable,Not Applicable,No,Not Applicable,379,UPI,11,4.3,3.3
2024-07-10 17:07:00,CNR5185607476,Success,CID834556,Prime Sedan,Shivajinagar,Padmanabhanagar,161.0,105.0,Not Applicable,Not Applicable,No,Not Applicable,434,UPI,2,4.8,4.5
2024-07-19 10:32:00,CNR7785182413,Success,CID764413,Mini,Basavanagudi,Sahakar Nagar,63.0,55.0,Not Applicable,Not Applicable,No,Not Applicable,130,Cash,24,4.8,4.4
2024-07-06 07:02:00,CNR1558846988,Success,CID282808,Mini,Ulsoor,Jayanagar,301.0,50.0,Not Applicable,Not Applicable,No,Not Applicable,1736,UPI,32,4.2,3.1
2024-07-25 08:28:00,CNR4903754087,Driver Not Found,CID490618,Mini,Koramangala,Shantinagar,,,Not Applicable,Not Applicable,Not Applicable,Not Applicable,547,Not Applicable,0,,
2024-07-29 10:32:00,CNR4636901987,Canceled by Driver,CID635235,Prime SUV,Hebbal,Magadi Road,,,Not Applicable,Customer related issue,Not Applicable,Not Applicable,349,Not Applicable,0,,
2024-07-04 05:17:00,CNR7237257116,Success,CID772929,Prime Plus,Magadi Road,Tumkur Road,301.0,25.0,Not Applicable,Not Applicable,No,Not Applicable,951,Cash,28,3.5,3.3
2024-07-06 01:06:00,CNR5762779432,Canceled by Driver,CID397022,Prime Plus,Cox Town,Hulimavu,,,Not Applicable,Customer related issue,Not Applicable,Not Applicable,922,Not Applicable,0,,
2024-07-04 01:45:00,CNR6182979412,Canceled by Customer,CID500315,Auto,Kadugodi,Padmanabhanagar,,,Driver asked to cancel,Not Applicable,Not Applicable,Not Applicable,899,Not Applicable,0,,
2024-07-27 20:38:00,CNR6029742937,Success,CID466203,Prime Sedan,JP Nagar,Peenya,287.0,50.0,Not Applicable,Not Applicable,No,Not Applicable,170,Cash,24,3.5,3.9
2024-07-15 20:43:00,CNR5068357050,Canceled by Customer,CID905593,Prime Sedan,Banashankari,KR Puram,,,Change of plans,Not Applicable,Not Applicable,Not Applicable,103,Not Applicable,0,,
2024-07-16 04:49:00,CNR4731726639,Success,CID679605,Mini,Hosur Road,Banashankari,203.0,100.0,Not Applicable,Not Applicable,No,Not Applicable,1504,UPI,26,3.3,3.4
2024-07-21 12:52:00,CNR6612067352,Driver Not Found,CID927059,Auto,Magadi Road,Kammanahalli,,,Not Applicable,Not Applicable,Not Applicable,Not Applicable,913,Not Applicable,0,,
2024-07-24 15:46:00,CNR5307204496,Success,CID599511,Bike,Ulsoor,Rajarajeshwari Nagar,238.0,140.0,Not Applicable,Not Applicable,No,Not Applicable,316,UPI,18,3.3,4.8
2024-07-24 01:32:00,CNR7088308093,Success,CID885508,Prime SUV,Ramamurthy Nagar,Nagarbhavi,154.0,75.0,Not Applicable,Not Applicable,No,Not Applicable,209,Cash,33,4.8,3.3
2024-07-20 07:23:00,CNR8810727234,Success,CID436487,eBike,Malleshwaram,Chickpet,224.0,45.0,Not Applicable,Not Applicable,No,Not Applicable,225,Cash,16,3.8,3.3
2024-07-08 02:20:00,CNR4291256362,Success,CID912425,eBike,Koramangala,Malleshwaram,224.0,90.0,Not Applicable,Not Applicable,No,Not Applicable,271,Credit Card,17,3.1,3.9
2024-07-24 01:59:00,CNR9562020485,Success,CID429440,Auto,Kadugodi,Langford Town,294.0,75.0,Not Applicable,Not Applicable,No,Not Applicable,163,UPI,10,3.4,3.5
2024-07-06 00:38:00,CNR1559635463,Canceled by Driver,CID135479,Bike,Kengeri,RT Nagar,,,Not Applicable,Personal & Car related issue,Not Applicable,Not Applicable,643,Not Applicable,0,,
2024-07-05 15:58:00,CNR5629101683,Success,CID312444,eBike,Kadugodi,JP Nagar,294.0,80.0,Not Applicable,Not Applicable,No,Not Applicable,408,UPI,35,3.6,4.9
2024-07-25 10:53:00,CNR5321543091,Success,CID364939,Prime Sedan,Devanahalli,Hennur,49.0,70.0,Not Applicable,Not Applicable,No,Not Applicable,155,Cash,6,4.4,3.6
2024-07-28 07:54:00,CNR9993689981,Driver Not Found,CID661846,eBike,JP Nagar,Indiranagar,,,Not Applicable,Not Applicable,Not Applicable,Not Applicable,311,Not Applicable,0,,
2024-07-21 10:16:00,CNR1379781065,Success,CID394964,Prime SUV,KR Puram,Indiranagar,224.0,100.0,Not Applicable,Not Applicable,No,Not Applicable,304,UPI,22,3.9,4.7
2024-07-09 02:42:00,CNR1805244355,Success,CID951079,Prime Plus,Frazer Town,MG Road,70.0,50.0,Not Applicable,Not Applicable,No,Not Applicable,151,Cash,22,4.4,4.9
2024-07-22 16:31:00,CNR6435116823,Canceled by Driver,CID958236,Prime Plus,JP Nagar,Jayanagar,,,Not Applicable,Customer related issue,Not Applicable,Not Applicable,338,Not Applicable,0,,
2024-07-11 19:12:00,CNR5286278977,Success,CID845193,eBike,Rajajinagar,Richmond Town,77.0,90.0,Not Applicable,Not Applicable,No,Not Applicable,165,Cash,3,4.2,3.8
2024-07-22 12:37:00,CNR9887355417,Success,CID634182,Mini,Padmanabhanagar,MG Road,133.0,60.0,Not Applicable,Not Applicable,No,Not Applicable,108,UPI,32,4.0,4.6
2024-07-02 06:34:00,CNR5122178932,Success,CID303734,Auto,Electronic City,Hennur,203.0,120.0,Not Applicable,Not Applicable,No,Not Applicable,481,UPI,7,4.4,4.9
2024-07-13 08:30:00,CNR3190474798,Success,CID135966,eBike,MG Road,Rajajinagar,245.0,135.0,Not Applicable,Not Applicable,No,Not Applicable,2905,Cash,12,4.6,4.2
2024-07-08 12:42:00,CNR6663383505,Success,CID611675,eBike,Padmanabhanagar,Frazer Town,301.0,60.0,Not Applicable,Not Applicable,No,Not Applicable,359,Cash,24,4.1,3.1
2024-07-14 10:35:00,CNR5931394857,Success,CID984401,Prime Sedan,Bellandur,Indiranagar,70.0,80.0,Not Applicable,Not Applicable,No,Not Applicable,387,UPI,43,4.0,4.6
2024-07-03 11:36:00,CNR1665309356,Canceled by Driver,CID581793,Prime Sedan,Sarjapur Road,Ramamurthy Nagar,,,Not Applicable,Customer was coughing/sick,Not Applicable,Not Applicable,425,Not Applicable,0,,
2024-07-14 14:32:00,CNR4286692774,Success,CID414993,Prime Sedan,Richmond Town,Kammanahalli,252.0,110.0,Not Applicable,Not Applicable,No,Not Applicable,306,UPI,43,4.8,3.9
2024-07-06 09:36:00,CNR4062818877,Success,CID383775,Prime Sedan,Chamarajpet,Devanahalli,140.0,35.0,Not Applicable,Not Applicable,No,Not Applicable,391,UPI,10,3.5,3.6
2024-07-02 00:49:00,CNR9069283609,Success,CID939169,Auto,Cox Town,Kammanahalli,119.0,50.0,Not Applicable,Not Applicable,No,Not Applicable,115,UPI,8,4.5,3.0
2024-07-05 21:06:00,CNR2129808482,Canceled by Customer,CID643728,Prime Plus,Basavanagudi,Vijayanagar,,,Driver asked to cancel,Not Applicable,Not Applicable,Not Applicable,222,Not Applicable,0,,
2024-07-11 00:29:00,CNR9329464550,Success,CID184388,eBike,Hennur,Bellandur,84.0,120.0,Not Applicable,Not Applicable,No,Not Applicable,681,Credit Card,7,4.7,3.7
2024-07-19 10:45:00,CNR4662203922,Driver Not Found,CID541469,Mini,Kengeri,BTM Layout,,,Not Applicable,Not Applicable,Not Applicable,Not Applicable,364,Not Applicable,0,,
2024-07-13 11:12:00,CNR4211251417,Success,CID505641,eBike,Bannerghatta Road,Hennur,196.0,25.0,Not Applicable,Not Applicable,No,Not Applicable,107,UPI,13,4.0,3.2
2024-07-28 04:59:00,CNR3073370964,Success,CID760532,Prime SUV,Chamarajpet,Hosur Road,189.0,40.0,Not Applicable,Not Applicable,No,Not Applicable,923,Cash,33,3.8,3.6
2024-07-21 01:15:00,CNR6075181427,Success,CID754154,Prime Plus,KR Puram,Bannerghatta Road,91.0,125.0,Not Applicable,Not Applicable,No,Not Applicable,477,UPI,40,4.2,4.3
2024-07-02 18:34:00,CNR3285226600,Success,CID106577,Auto,Shantinagar,Shivajinagar,119.0,100.0,Not Applicable,Not Applicable,No,Not Applicable,138,Cash,13,3.8,4.7
2024-07-24 22:11:00,CNR6984648915,Canceled by Customer,CID988711,Prime Sedan,Yeshwanthpur,Marathahalli,,,Driver asked to cancel,Not Applicable,Not Applicable,Not Applicable,286,Not Applicable,0,,
2024-07-18 16:12:00,CNR6522984641,Success,CID228824,Mini,KR Puram,BTM Layout,280.0,90.0,Not Applicable,Not Applicable,No,Not Applicable,224,UPI,16,3.4,4.9
2024-07-22 05:31:00,CNR7939887766,Success,CID635375,Prime Sedan,Banashankari,Chickpet,98.0,90.0,Not Applicable,Not Applicable,No,Not Applicable,248,UPI,28,4.0,4.4
2024-07-03 00:24:00,CNR3945949238,Success,CID597407,Auto,Chickpet,Rajajinagar,175.0,60.0,Not Applicable,Not Applicable,No,Not Applicable,124,Cash,12,3.6,4.1
2024-07-05 04:22:00,CNR7030932254,Success,CID309268,Mini,Shantinagar,Kengeri,42.0,85.0,Not Applicable,Not Applicable,No,Not Applicable,270,UPI,29,4.2,4.7
2024-07-27 21:45:00,CNR9352423033,Success,CID857083,Prime Plus,Rajarajeshwari Nagar,Koramangala,126.0,115.0,Not Applicable,Not Applicable,No,Not Applicable,382,UPI,3,3.3,4.8
2024-07-17 19:55:00,CNR3029529453,Driver Not Found,CID989663,Auto,BTM Layout,Jayanagar,,,Not Applicable,Not Applicable,Not Applicable,Not Applicable,263,Not Applicable,0,,
2024-07-13 04:22:00,CNR4571812701,Success,CID986322,Mini,Hennur,Hennur,91.0,55.0,Not Applicable,Not Applicable,No,Not Applicable,182,UPI,6,4.7,3.3
2024-07-22 08:52:00,CNR3236921573,Success,CID179189,Prime SUV,Malleshwaram,Basavanagudi,308.0,45.0,Not Applicable,Not Applicable,Yes,Customer Demand,497,Cash,26,3.1,4.3
2024-07-27 00:00:00,CNR4581942809,Success,CID622613,Prime Plus,RT Nagar,Jayanagar,210.0,25.0,Not Applicable,Not Applicable,No,Not Applicable,490,Cash,2,4.8,3.7
2024-07-27 12:58:00,CNR1836047223,Canceled by Driver,CID439729,Prime Plus,BTM Layout,Ulsoor,,,Not Applicable,Personal & Car related issue,Not Applicable,Not Applicable,136,Not Applicable,0,,
2024-07-25 08:58:00,CNR4075416447,Success,CID801441,Prime SUV,KR Puram,Frazer Town,147.0,35.0,Not Applicable,Not Applicable,No,Not Applicable,174,UPI,15,3.7,5.0
2024-07-24 23:15:00,CNR6796656443,Success,CID375935,Prime SUV,Ramamurthy Nagar,BTM Layout,210.0,90.0,Not Applicable,Not Applicable,No,Not Applicable,251,UPI,14,4.0,4.5
2024-07-04 23:48:00,CNR5979899649,Canceled by Customer,CID733166,Auto,MG Road,Chickpet,,,AC is Not working,Not Applicable,Not Applicable,Not Applicable,262,Not Applicable,0,,
2024-07-28 09:03:00,CNR9050087944,Success,CID290454,Auto,Indiranagar,Basavanagudi,119.0,50.0,Not Applicable,Not Applicable,No,Not Applicable,691,Cash,4,3.2,4.8
2024-07-24 09:25:00,CNR9445307367,Canceled by Customer,CID220470,Prime Plus,Vijayanagar,MG Road,,,Change of plans,Not Applicable,Not Applicable,Not Applicable,329,Not Applicable,0,,
2024-07-01 01:02:00,CNR9371175340,Canceled by Driver,CID147572,Bike,Hennur,Langford Town,,,Not Applicable,More than permitted people in there,Not Applicable,Not Applicable,385,Not Applicable,0,,
2024-07-27 01:47:00,CNR4289324651,Canceled by Driver,CID913058,Mini,Malleshwaram,Vijayanagar,,,Not Applicable,Customer was coughing/sick,Not Applicable,Not Applicable,412,Not Applicable,0,,
2024-07-10 07:31:00,CNR4151908787,Canceled by Driver,CID865824,Prime Sedan,Sarjapur Road,Whitefield,,,Not Applicable,Personal & Car related issue,Not Applicable,Not Applicable,589,Not Applicable,0,,
2024-07-14 17:28:00,CNR1052206857,Success,CID850781,Prime Plus,Malleshwaram,Devanahalli,35.0,65.0,Not Applicable,Not Applicable,No,Not Applicable,845,UPI,4,4.3,3.8
2024-07-09 05:21:00,CNR5272313103,Canceled by Customer,CID415579,eBike,Frazer Town,Chamarajpet,,,Wrong Address,Not Applicable,Not Applicable,Not Applicable,749,Not Applicable,0,,
2024-07-09 00:56:00,CNR6996763445,Canceled by Customer,CID337645,Mini,Sahakar Nagar,Langford Town,,,Driver is not moving towards pickup location,Not Applicable,Not Applicable,Not Applicable,435,Not Applicable,0,,
2024-07-07 04:00:00,CNR8649662153,Success,CID817161,Prime Sedan,Hennur,Vijayanagar,182.0,50.0,Not Applicable,Not Applicable,No,Not Applicable,934,Credit Card,38,3.1,3.8
2024-07-29 18:07:00,CNR5157759421,Driver Not Found,CID202966,Mini,Devanahalli,Whitefield,,,Not Applicable,Not Applicable,Not Applicable,Not Applicable,470,Not Applicable,0,,
2024-07-21 19:56:00,CNR8318405187,Canceled by Driver,CID167177,eBike,Varthur,Padmanabhanagar,,,Not Applicable,Personal & Car related issue,Not Applicable,Not Applicable,170,Not Applicable,0,,
2024-07-27 09:50:00,CNR9056532776,Canceled by Driver,CID301774,Mini,Hosur Road,Banashankari,,,Not Applicable,Personal & Car related issue,Not Applicable,Not Applicable,902,Not Applicable,0,,
2024-07-15 19:08:00,CNR4652039724,Canceled by Customer,CID847759,Prime Plus,Vijayanagar,Yelahanka,,,Driver is not moving towards pickup location,Not Applicable,Not Applicable,Not Applicable,209,Not Applicable,0,,
2024-07-02 16:37:00,CNR6427347468,Success,CID944307,Prime Plus,Chamarajpet,Kengeri,56.0,55.0,Not Applicable,Not Applicable,No,Not Applicable,612,Cash,5,4.7,3.3
2024-07-05 11:58:00,CNR4039609849,Success,CID841295,Bike,Sarjapur Road,Indiranagar,224.0,120.0,Not Applicable,Not Applicable,No,Not Applicable,400,Cash,47,4.9,3.3
2024-07-07 18:33:00,CNR2463864064,Canceled by Customer,CID489129,Prime Sedan,Tumkur Road,Tumkur Road,,,Wrong Address,Not Applicable,Not Applicable,Not Applicable,108,Not Applicable,0,,
2024-07-28 08:31:00,CNR1115150372,Success,CID990823,eBike,Indiranagar,RT Nagar,56.0,90.0,Not Applicable,Not Applicable,No,Not Applicable,308,UPI,18,4.6,3.2
2024-07-13 22:16:00,CNR8575603083,Canceled by Customer,CID746561,Auto,Ulsoor,Electronic City,,,Change of plans,Not Applicable,Not Applicable,Not Applicable,223,Not Applicable,0,,
2024-07-28 10:30:00,CNR6744175806,Success,CID910534,Bike,Magadi Road,Devanahalli,161.0,60.0,Not Applicable,Not Applicable,No,Not Applicable,451,UPI,39,3.9,4.6
2024-07-30 02:25:00,CNR9177363867,Canceled by Driver,CID970127,Bike,Kengeri,Bellandur,,,Not Applicable,Personal & Car related issue,Not Applicable,Not Applicable,393,Not Applicable,0,,
2024-07-02 20:28:00,CNR5472376928,Canceled by Driver,CID574776,Auto,Bannerghatta Road,Nagarbhavi,,,Not Applicable,More than permitted people in there,Not Applicable,Not Applicable,1678,Not Applicable,0,,
2024-07-26 18:26:00,CNR6199242494,Success,CID330144,Mini,Whitefield,Bannerghatta Road,266.0,80.0,Not Applicable,Not Applicable,No,Not Applicable,2723,UPI,28,4.0,3.3
2024-07-26 01:00:00,CNR5719987871,Success,CID876649,Bike,Vijayanagar,RT Nagar,112.0,60.0,Not Applicable,Not Applicable,No,Not Applicable,151,Cash,38,3.2,3.6
2024-07-16 12:29:00,CNR5189247647,Success,CID445021,Prime Sedan,Bellandur,Devanahalli,35.0,70.0,Not Applicable,Not Applicable,No,Not Applicable,348,UPI,7,3.5,3.6
2024-07-02 10:47:00,CNR1764594636,Success,CID270733,Prime Sedan,Shantinagar,Rajajinagar,77.0,145.0,Not Applicable,Not Applicable,No,Not Applicable,128,UPI,43,4.9,3.4
2024-07-01 00:12:00,CNR8043211596,Canceled by Driver,CID101586,Bike,Ramamurthy Nagar,Devanahalli,,,Not Applicable,Personal & Car related issue,Not Applicable,Not Applicable,142,Not Applicable,0,,
2024-07-09 20:09:00,CNR8579890471,Canceled by Customer,CID589416,eBike,Chamarajpet,Indiranagar,,,Driver is not moving towards pickup location,Not Applicable,Not Applicable,Not Applicable,1965,Not Applicable,0,,
2024-07-04 05:23:00,CNR7965879815,Success,CID624527,Prime Plus,Tumkur Road,Electronic City,140.0,105.0,Not Applicable,Not Applicable,No,Not Applicable,309,Cash,30,4.9,3.2
2024-07-02 19:34:00,CNR2259890679,Success,CID479981,Auto,Mysore Road,Kengeri,91.0,85.0,Not Applicable,Not Applicable,No,Not Applicable,832,Cash,16,3.7,3.4
2024-07-11 06:15:00,CNR4627452968,Canceled by Driver,CID953389,Prime Plus,Cox Town,Indiranagar,,,Not Applicable,More than permitted people in there,Not Applicable,Not Applicable,454,Not Applicable,0,,
2024-07-07 10:14:00,CNR9369123938,Success,CID131057,Prime SUV,Koramangala,Hosur Road,119.0,110.0,Not Applicable,Not Applicable,No,Not Applicable,490,UPI,21,3.9,3.4
2024-07-10 07:51:00,CNR5134890541,Success,CID144405,Mini,JP Nagar,Kengeri,119.0,115.0,Not Applicable,Not Applicable,No,Not Applicable,192,UPI,37,4.8,4.5
2024-07-30 17:59:00,CNR7748791744,Success,CID279870,Bike,Cox Town,Basavanagudi,56.0,135.0,Not Applicable,Not Applicable,No,Not Applicable,280,Cash,43,4.0,4.0
2024-07-16 10:40:00,CNR8317928641,Success,CID682077,Prime Sedan,Yeshwanthpur,Yeshwanthpur,273.0,95.0,Not Applicable,Not Applicable,No,Not Applicable,320,UPI,11,3.5,3.2
2024-07-10 12:10:00,CNR1266672387,Success,CID935447,Prime Sedan,RT Nagar,Shantinagar,273.0,80.0,Not Applicable,Not Applicable,No,Not Applicable,303,UPI,17,3.9,4.2
2024-07-26 16:08:00,CNR2616272708,Success,CID662734,eBike,Basavanagudi,Devanahalli,175.0,100.0,Not Applicable,Not Applicable,No,Not Applicable,420,Credit Card,22,3.6,3.8
2024-07-30 06:33:00,CNR5306128069,Canceled by Customer,CID456486,Prime Sedan,Padmanabhanagar,Hulimavu,,,Driver is not moving towards pickup location,Not Applicable,Not Applicable,Not Applicable,163,Not Applicable,0,,
2024-07-28 06:00:00,CNR6208540022,Canceled by Driver,CID911858,Auto,BTM Layout,Tumkur Road,,,Not Applicable,More than permitted people in there,Not Applicable,Not Applicable,307,Not Applicable,0,,
2024-07-29 16:00:00,CNR5152102398,Success,CID620027,Auto,Banashankari,Frazer Town,56.0,100.0,Not Applicable,Not Applicable,No,Not Applicable,434,UPI,18,3.4,3.8
2024-07-13 14:55:00,CNR3934895037,Success,CID396250,Mini,Yelahanka,Electronic City,140.0,135.0,Not Applicable,Not Applicable,No,Not Applicable,370,UPI,28,4.7,4.0
2024-07-20 08:36:00,CNR2367555113,Success,CID782831,Bike,Shantinagar,Hosur Road,224.0,60.0,Not Applicable,Not Applicable,Yes,Other Issue,279,Cash,28,3.1,3.8
2024-07-14 23:58:00,CNR7120016345,Success,CID536142,Auto,Koramangala,Chamarajpet,294.0,130.0,Not Applicable,Not Applicable,No,Not Applicable,653,Cash,13,3.9,3.1
2024-07-12 06:37:00,CNR4347882174,Success,CID306641,Prime Sedan,Hosur Road,Tumkur Road,224.0,145.0,Not Applicable,Not Applicable,No,Not Applicable,254,UPI,35,3.5,5.0
2024-07-29 09:37:00,CNR8606623396,Success,CID617471,eBike,Frazer Town,Electronic City,147.0,35.0,Not Applicable,Not Applicable,No,Not Applicable,967,Cash,18,4.1,3.5
2024-07-25 16:15:00,CNR7365295138,Success,CID780791,Bike,Majestic,Frazer Town,203.0,95.0,Not Applicable,Not Applicable,No,Not Applicable,290,UPI,10,3.4,4.4
2024-07-11 18:05:00,CNR3004108336,Success,CID385819,Prime Sedan,Malleshwaram,Bellandur,84.0,40.0,Not Applicable,Not Applicable,No,Not Applicable,478,UPI,29,3.6,3.2
2024-07-12 03:28:00,CNR9012140921,Canceled by Driver,CID276211,Prime Sedan,Kengeri,JP Nagar,,,Not Applicable,More than permitted people in there,Not Applicable,Not Applicable,2425,Not Applicable,0,,
2024-07-28 14:14:00,CNR5302212349,Success,CID174617,Auto,Hebbal,Ramamurthy Nagar,84.0,85.0,Not Applicable,Not Applicable,No,Not Applicable,231,UPI,12,3.2,4.9
2024-07-28 03:57:00,CNR8524797752,Success,CID266682,Prime Plus,Vijayanagar,Hosur Road,287.0,70.0,Not Applicable,Not Applicable,No,Not Applicable,989,UPI,48,4.5,3.6
2024-07-21 08:30:00,CNR9368818359,Success,CID745840,Prime SUV,Whitefield,Sahakar Nagar,259.0,55.0,Not Applicable,Not Applicable,No,Not Applicable,494,UPI,26,4.5,5.0
2024-07-23 03:57:00,CNR1311075373,Success,CID923244,Prime Sedan,Langford Town,Shivajinagar,238.0,25.0,Not Applicable,Not Applicable,Yes,Vehicle Breakdown,142,Cash,26,3.9,3.6
2024-07-14 10:43:00,CNR6023470305,Success,CID593212,Auto,Varthur,Langford Town,49.0,70.0,Not Applicable,Not Applicable,No,Not Applicable,269,Cash,9,4.3,4.2
2024-07-10 11:19:00,CNR5065081340,Success,CID456692,Bike,Magadi Road,Banashankari,280.0,95.0,Not Applicable,Not Applicable,No,Not Applicable,207,Cash,4,4.1,4.7
2024-07-09 19:25:00,CNR9150990766,Success,CID127539,Bike,Bellandur,Chickpet,189.0,90.0,Not Applicable,Not Applicable,No,Not Applicable,226,Debit Card,20,4.3,3.9
2024-07-24 17:43:00,CNR4601448795,Success,CID356356,Prime Plus,Kadugodi,RT Nagar,105.0,75.0,Not Applicable,Not Applicable,No,Not Applicable,372,Cash,2,4.5,3.0
2024-07-07 07:52:00,CNR2858850596,Canceled by Driver,CID766372,eBike,Frazer Town,Shivajinagar,,,Not Applicable,More than permitted people in there,Not Applicable,Not Applicable,331,Not Applicable,0,,
2024-07-17 18:29:00,CNR9337850724,Canceled by Driver,CID152968,Bike,Vijayanagar,Whitefield,,,Not Applicable,Customer related issue,Not Applicable,Not Applicable,210,Not Applicable,0,,
2024-07-04 05:28:00,CNR8280801550,Success,CID548036,eBike,RT Nagar,Jayanagar,301.0,45.0,Not Applicable,Not Applicable,No,Not Applicable,2964,UPI,47,3.8,4.8
2024-07-30 03:33:00,CNR9502562888,Success,CID153895,Bike,Langford Town,JP Nagar,119.0,70.0,Not Applicable,Not Applicable,Yes,Customer Demand,402,UPI,11,4.9,4.7
2024-07-22 06:48:00,CNR8841297362,Success,CID174710,Prime Plus,Jayanagar,Bellandur,35.0,130.0,Not Applicable,Not Applicable,No,Not Applicable,482,Cash,4,4.9,3.6
2024-07-09 12:26:00,CNR1036546351,Success,CID269496,Prime Plus,Devanahalli,Jayanagar,126.0,45.0,Not Applicable,Not Applicable,No,Not Applicable,429,UPI,7,4.8,4.6
2024-07-11 00:28:00,CNR1198261032,Success,CID673017,Prime Sedan,Hosur Road,Kadugodi,189.0,60.0,Not Applicable,Not Applicable,Yes,Customer Demand,125,UPI,41,4.3,3.6
2024-07-07 08:27:00,CNR1626364367,Success,CID572870,Prime Plus,Sahakar Nagar,Frazer Town,203.0,40.0,Not Applicable,Not Applicable,Yes,Customer Demand,471,UPI,39,3.3,3.7
2024-07-21 08:49:00,CNR3079988541,Success,CID466312,Bike,Basavanagudi,Hosur Road,189.0,40.0,Not Applicable,Not Applicable,No,Not Applicable,249,UPI,23,4.6,3.8
2024-07-13 21:24:00,CNR8395022247,Success,CID528083,Bike,Hennur,Hulimavu,252.0,145.0,Not Applicable,Not Applicable,No,Not Applicable,2240,UPI,7,3.2,4.0
2024-07-29 10:31:00,CNR1001739928,Success,CID863311,Prime SUV,Malleshwaram,Peenya,133.0,80.0,Not Applicable,Not Applicable,No,Not Applicable,609,Credit Card,30,4.2,4.0
2024-07-27 08:22:00,CNR5842475740,Success,CID631925,Prime Sedan,Sahakar Nagar,Indiranagar,70.0,65.0,Not Applicable,Not Applicable,No,Not Applicable,1306,Cash,28,4.7,3.3
2024-07-03 00:49:00,CNR5245812826,Canceled by Driver,CID293022,Prime Sedan,Rajajinagar,Malleshwaram,,,Not Applicable,Customer related issue,Not Applicable,Not Applicable,352,Not Applicable,0,,
2024-07-25 16:04:00,CNR9656401716,Success,CID132497,Prime SUV,Rajajinagar,Indiranagar,210.0,50.0,Not Applicable,Not Applicable,No,Not Applicable,186,Cash,37,4.8,4.5
2024-07-02 01:22:00,CNR7673974622,Canceled by Customer,CID296707,Prime Plus,Shivajinagar,Hennur,,,Driver is not moving towards pickup location,Not Applicable,Not Applicable,Not Applicable,104,Not Applicable,0,,
2024-07-03 17:39:00,CNR4936616609,Success,CID152071,Mini,Ulsoor,Padmanabhanagar,203.0,105.0,Not Applicable,Not Applicable,No,Not Applicable,880,UPI,39,3.6,4.0
2024-07-15 23:30:00,CNR9183807194,Canceled by Customer,CID816830,Prime Sedan,Shantinagar,Cox Town,,,AC is Not working,Not Applicable,Not Applicable,Not Applicable,287,Not Applicable,0,,
2024-07-16 00:14:00,CNR7588184455,Success,CID268289,eBike,Whitefield,JP Nagar,217.0,70.0,Not Applicable,Not Applicable,No,Not Applicable,475,Cash,27,4.1,3.3
2024-07-28 14:58:00,CNR5604455704,Success,CID989006,Prime SUV,Kengeri,HSR Layout,70.0,35.0,Not Applicable,Not Applicable,No,Not Applicable,149,Cash,37,4.8,4.5
2024-07-13 12:14:00,CNR4101693682,Success,CID878629,Mini,BTM Layout,HSR Layout,147.0,80.0,Not Applicable,Not Applicable,No,Not Applicable,289,Cash,49,4.5,4.2
2024-07-29 21:44:00,CNR7707928986,Success,CID707027,Mini,Yelahanka,Chamarajpet,147.0,75.0,Not Applicable,Not Applicable,No,Not Applicable,2914,UPI,6,3.7,4.4
2024-07-08 20:14:00,CNR5363707517,Success,CID494928,Prime Sedan,Peenya,Bellandur,63.0,35.0,Not Applicable,Not Applicable,No,Not Applicable,521,Cash,13,4.7,3.8
2024-07-30 00:15:00,CNR5706273835,Success,CID847711,eBike,Mysore Road,Tumkur Road,245.0,55.0,Not Applicable,Not Applicable,No,Not Applicable,133,UPI,41,5.0,3.5
2024-07-12 15:32:00,CNR7738499497,Canceled by Driver,CID907916,Prime SUV,Marathahalli,Chamarajpet,,,Not Applicable,Personal & Car related issue,Not Applicable,Not Applicable,843,Not Applicable,0,,
2024-07-26 12:03:00,CNR2891608993,Canceled by Customer,CID864779,Prime SUV,HSR Layout,Bellandur,,,Driver asked to cancel,Not Applicable,Not Applicable,Not Applicable,565,Not Applicable,0,,
2024-07-14 18:14:00,CNR2323635767,Canceled by Driver,CID547688,Mini,Malleshwaram,Richmond Town,,,Not Applicable,More than permitted people in there,Not Applicable,Not Applicable,2018,Not Applicable,0,,
2024-07-01 20:33:00,CNR5487621009,Canceled by Driver,CID951860,Bike,HSR Layout,Hosur Road,,,Not Applicable,Personal & Car related issue,Not Applicable,Not Applicable,412,Not Applicable,0,,
2024-07-05 01:24:00,CNR5606110606,Success,CID958595,Prime Sedan,Rajarajeshwari Nagar,Ramamurthy Nagar,147.0,35.0,Not Applicable,Not Applicable,No,Not Applicable,303,Cash,1,4.2,4.5
2024-07-14 14:22:00,CNR5272583300,Success,CID500141,eBike,BTM Layout,Hennur,217.0,80.0,Not Applicable,Not Applicable,No,Not Applicable,205,Cash,26,3.5,3.2
2024-07-10 02:32:00,CNR6389470369,Driver Not Found,CID105093,Auto,Frazer Town,Sahakar Nagar,,,Not Applicable,Not Applicable,Not Applicable,Not Applicable,488,Not Applicable,0,,
2024-07-10 17:23:00,CNR6182261760,Success,CID686115,Prime Plus,HSR Layout,Indiranagar,196.0,95.0,Not Applicable,Not Applicable,No,Not Applicable,391,Cash,1,4.5,3.0
2024-07-18 01:02:00,CNR5274046389,Success,CID919642,Auto,Shivajinagar,Ulsoor,98.0,30.0,Not Applicable,Not Applicable,No,Not Applicable,413,Cash,17,3.8,4.9
2024-07-11 23:36:00,CNR8379911921,Driver Not Found,CID640687,Prime Plus,Hennur,Frazer Town,,,Not Applicable,Not Applicable,Not Applicable,Not Applicable,2396,Not Applicable,0,,
2024-07-30 10:34:00,CNR9586734453,Canceled by Driver,CID705177,Prime Sedan,Nagarbhavi,Shivajinagar,,,Not Applicable,Customer was coughing/sick,Not Applicable,Not Applicable,239,Not Applicable,0,,
2024-07-10 23:50:00,CNR9283058450,Success,CID828463,Prime SUV,Magadi Road,Koramangala,210.0,130.0,Not Applicable,Not Applicable,No,Not Applicable,287,Credit Card,34,3.8,3.2
2024-07-28 01:54:00,CNR6122825265,Driver Not Found,CID623989,Prime Sedan,Yeshwanthpur,Hennur,,,Not Applicable,Not Applicable,Not Applicable,Not Applicable,784,Not Applicable,0,,
2024-07-27 10:58:00,CNR3218127118,Canceled by Driver,CID509941,Prime Plus,MG Road,Majestic,,,Not Applicable,Customer was coughing/sick,Not Applicable,Not Applicable,459,Not Applicable,0,,
2024-07-04 00:21:00,CNR3952252916,Canceled by Customer,CID209262,Mini,BTM Layout,Chamarajpet,,,Driver asked to cancel,Not Applicable,Not Applicable,Not Applicable,768,Not Applicable,0,,
2024-07-12 16:00:00,CNR2453802398,Success,CID894633,Bike,Devanahalli,Vijayanagar,203.0,80.0,Not Applicable,Not Applicable,No,Not Applicable,668,Cash,46,4.8,4.8
2024-07-01 08:01:00,CNR3316523482,Success,CID661694,Prime Plus,Banashankari,Peenya,294.0,120.0,Not Applicable,Not Applicable,No,Not Applicable,344,Cash,2,3.4,4.6
2024-07-06 16:20:00,CNR2279863754,Success,CID367085,eBike,Electronic City,Sarjapur Road,77.0,65.0,Not Applicable,Not Applicable,No,Not Applicable,408,Cash,11,4.7,3.8
2024-07-24 17:01:00,CNR2316945892,Success,CID581906,Auto,Mysore Road,Vijayanagar,119.0,50.0,Not Applicable,Not Applicable,No,Not Applicable,658,UPI,19,5.0,3.4
2024-07-06 01:10:00,CNR3149350077,Canceled by Customer,CID840881,Auto,Banashankari,Banashankari,,,Driver is not moving towards pickup location,Not Applicable,Not Applicable,Not Applicable,115,Not Applicable,0,,
2024-07-10 18:00:00,CNR6898199187,Canceled by Driver,CID210661,Prime Sedan,Hosur Road,Bellandur,,,Not Applicable,Personal & Car related issue,Not Applicable,Not Applicable,570,Not Applicable,0,,
2024-07-27 17:19:00,CNR7612405107,Success,CID522083,Prime Plus,Kammanahalli,Jayanagar,280.0,125.0,Not Applicable,Not Applicable,No,Not Applicable,311,Cash,27,3.7,3.8
2024-07-30 02:02:00,CNR7261069650,Canceled by Customer,CID294870,Auto,Bellandur,Whitefield,,,Driver is not moving towards pickup location,Not Applicable,Not Applicable,Not Applicable,400,Not Applicable,0,,
2024-07-21 13:18:00,CNR7358260047,Canceled by Driver,CID674241,Prime Plus,Tumkur Road,Mysore Road,,,Not Applicable,Personal & Car related issue,Not Applicable,Not Applicable,185,Not Applicable,0,,
2024-07-18 03:47:00,CNR6343976738,Success,CID333165,Auto,Jayanagar,Chickpet,119.0,35.0,Not Applicable,Not Applicable,No,Not Applicable,1661,Cash,15,4.9,4.6
2024-07-02 16:00:00,CNR6495682176,Canceled by Customer,CID239173,Mini,Bannerghatta Road,Chamarajpet,,,Driver is not moving towards pickup location,Not Applicable,Not Applicable,Not Applicable,178,Not Applicable,0,,
2024-07-06 20:31:00,CNR2533685725,Canceled by Customer,CID587349,eBike,Mysore Road,Varthur,,,Change of plans,Not Applicable,Not Applicable,Not Applicable,116,Not Applicable,0,,
2024-07-03 18:51:00,CNR3660169787,Success,CID216706,Mini,Electronic City,Jayanagar,91.0,125.0,Not Applicable,Not Applicable,No,Not Applicable,461,UPI,3,4.7,3.5
2024-07-10 19:07:00,CNR1305482641,Success,CID247538,Bike,Peenya,HSR Layout,77.0,40.0,Not Applicable,Not Applicable,No,Not Applicable,153,Cash,33,3.2,4.4
2024-07-29 14:17:00,CNR7782401157,Success,CID308243,Prime Plus,Langford Town,Magadi Road,217.0,105.0,Not Applicable,Not Applicable,No,Not Applicable,148,Cash,45,3.8,3.1
2024-07-19 16:47:00,CNR7497732230,Success,CID831936,Mini,Whitefield,Nagarbhavi,301.0,100.0,Not Applicable,Not Applicable,No,Not Applicable,407,UPI,5,3.4,3.1
2024-07-22 17:56:00,CNR1296183561,Success,CID433539,Prime SUV,Hosur Road,Bannerghatta Road,301.0,135.0,Not Applicable,Not Applicable,No,Not Applicable,316,Cash,1,3.2,4.1
2024-07-25 04:00:00,CNR1749604302,Canceled by Driver,CID842524,Prime Sedan,Malleshwaram,Electronic City,,,Not Applicable,Customer related issue,Not Applicable,Not Applicable,490,Not Applicable,0,,
2024-07-04 21:54:00,CNR3970176783,Canceled by Driver,CID729646,Prime SUV,Basavanagudi,Vijayanagar,,,Not Applicable,Customer was coughing/sick,Not Applicable,Not Applicable,175,Not Applicable,0,,
2024-07-30 15:56:00,CNR2794482224,Canceled by Driver,CID193033,Auto,Varthur,Chickpet,,,Not Applicable,Customer related issue,Not Applicable,Not Applicable,1900,Not Applicable,0,,
2024-07-07 12:11:00,CNR6708389499,Canceled by Driver,CID306865,Mini,Banashankari,Peenya,,,Not Applicable,More than permitted people in there,Not Applicable,Not Applicable,484,Not Applicable,0,,
2024-07-28 16:52:00,CNR9953848745,Canceled by Driver,CID545712,Mini,Majestic,MG Road,,,Not Applicable,Customer related issue,Not Applicable,Not Applicable,488,Not Applicable,0,,
2024-07-12 04:21:00,CNR5330761701,Success,CID107023,eBike,Chickpet,Sahakar Nagar,77.0,30.0,Not Applicable,Not Applicable,No,Not Applicable,210,Debit Card,36,4.5,4.4
2024-07-24 07:06:00,CNR8294692143,Canceled by Driver,CID119645,Auto,Electronic City,Shivajinagar,,,Not Applicable,Personal & Car related issue,Not Applicable,Not Applicable,113,Not Applicable,0,,
2024-07-28 07:28:00,CNR4436955423,Success,CID181445,Prime SUV,Indiranagar,Nagarbhavi,308.0,60.0,Not Applicable,Not Applicable,No,Not Applicable,533,Credit Card,4,3.8,5.0
2024-07-01 23:36:00,CNR5781758007,Success,CID360119,Prime SUV,Ramamurthy Nagar,Marathahalli,42.0,120.0,Not Applicable,Not Applicable,No,Not Applicable,2825,Cash,33,3.2,5.0
2024-07-27 09:52:00,CNR2152210683,Canceled by Driver,CID879169,Prime SUV,Cox Town,Sahakar Nagar,,,Not Applicable,Personal & Car related issue,Not Applicable,Not Applicable,271,Not Applicable,0,,
2024-07-30 21:18:00,CNR7441266329,Driver Not Found,CID314818,Mini,Varthur,Varthur,,,Not Applicable,Not Applicable,Not Applicable,Not Applicable,449,Not Applicable,0,,
2024-07-17 16:09:00,CNR5992448576,Canceled by Driver,CID903975,Prime Sedan,Devanahalli,Bannerghatta Road,,,Not Applicable,Customer related issue,Not Applicable,Not Applicable,451,Not Applicable,0,,
2024-07-09 13:00:00,CNR6373948742,Success,CID782855,Prime Sedan,Kammanahalli,Majestic,308.0,35.0,Not Applicable,Not Applicable,No,Not Applicable,342,UPI,13,3.2,4.8
2024-07-17 06:25:00,CNR1161047903,Success,CID887941,Auto,Ulsoor,Hosur Road,203.0,90.0,Not Applicable,Not Applicable,No,Not Applicable,149,UPI,19,3.3,4.2
2024-07-26 02:18:00,CNR7306355079,Success,CID343198,eBike,Koramangala,Malleshwaram,182.0,65.0,Not Applicable,Not Applicable,No,Not Applicable,115,UPI,18,3.5,4.5
2024-07-24 16:31:00,CNR2226990972,Canceled by Customer,CID209445,Mini,Padmanabhanagar,Marathahalli,,,Driver asked to cancel,Not Applicable,Not Applicable,Not Applicable,442,Not Applicable,0,,
2024-07-13 22:15:00,CNR4886485598,Success,CID479740,eBike,Ramamurthy Nagar,Richmond Town,308.0,125.0,Not Applicable,Not Applicable,No,Not Applicable,613,Cash,7,4.1,4.8
2024-07-05 21:56:00,CNR4218729601,Success,CID339400,Bike,JP Nagar,Magadi Road,280.0,120.0,Not Applicable,Not Applicable,No,Not Applicable,654,UPI,40,4.7,3.9
2024-07-15 04:54:00,CNR8558421570,Success,CID244663,Mini,Yeshwanthpur,Kammanahalli,91.0,70.0,Not Applicable,Not Applicable,No,Not Applicable,212,UPI,42,4.4,4.2
2024-07-18 18:07:00,CNR1090528940,Success,CID911597,Auto,Shivajinagar,Mysore Road,161.0,115.0,Not Applicable,Not Applicable,No,Not Applicable,169,UPI,18,4.6,4.1
2024-07-01 06:37:00,CNR6702791411,Canceled by Customer,CID606584,Bike,BTM Layout,Rajajinagar,,,Driver asked to cancel,Not Applicable,Not Applicable,Not Applicable,465,Not Applicable,0,,
2024-07-19 01:03:00,CNR8131191719,Success,CID818446,Mini,Majestic,Majestic,189.0,25.0,Not Applicable,Not Applicable,No,Not Applicable,984,Cash,39,3.6,4.5
2024-07-10 02:04:00,CNR8114105849,Success,CID623456,Prime Sedan,Kammanahalli,Indiranagar,140.0,90.0,Not Applicable,Not Applicable,No,Not Applicable,164,Cash,24,4.0,4.0
2024-07-19 14:02:00,CNR9127185971,Success,CID247078,Prime Plus,Yelahanka,Chickpet,245.0,40.0,Not Applicable,Not Applicable,No,Not Applicable,343,UPI,37,3.8,3.5
2024-07-16 07:29:00,CNR7974297003,Success,CID714171,Prime Sedan,Sahakar Nagar,Chamarajpet,126.0,120.0,Not Applicable,Not Applicable,No,Not Applicable,351,Cash,24,3.0,3.9
2024-07-24 22:56:00,CNR4231696480,Canceled by Customer,CID794055,Auto,Langford Town,Mysore Road,,,Change of plans,Not Applicable,Not Applicable,Not Applicable,172,Not Applicable,0,,
2024-07-16 08:53:00,CNR2213389360,Success,CID845797,Bike,Padmanabhanagar,Electronic City,308.0,65.0,Not Applicable,Not Applicable,No,Not Applicable,591,Cash,17,4.5,3.3
2024-07-18 05:04:00,CNR1017981452,Success,CID482321,eBike,Hosur Road,Cox Town,49.0,50.0,Not Applicable,Not Applicable,No,Not Applicable,252,Cash,13,4.2,3.0
2024-07-13 16:31:00,CNR7712834772,Success,CID979350,Mini,Varthur,Ulsoor,133.0,80.0,Not Applicable,Not Applicable,Yes,Vehicle Breakdown,1184,Cash,3,3.3,3.0
2024-07-29 07:22:00,CNR3340528708,Success,CID697321,Mini,Bellandur,Rajajinagar,231.0,25.0,Not Applicable,Not Applicable,No,Not Applicable,139,UPI,16,3.2,4.8
2024-07-19 20:06:00,CNR7388597967,Success,CID133443,eBike,Banashankari,Malleshwaram,56.0,50.0,Not Applicable,Not Applicable,No,Not Applicable,346,UPI,26,4.4,4.9
2024-07-09 21:58:00,CNR8628299905,Success,CID466192,Auto,BTM Layout,RT Nagar,196.0,115.0,Not Applicable,Not Applicable,No,Not Applicable,797,Cash,11,3.2,3.3
2024-07-20 22:59:00,CNR8854528745,Driver Not Found,CID256096,Bike,Majestic,JP Nagar,,,Not Applicable,Not Applicable,Not Applicable,Not Applicable,195,Not Applicable,0,,
2024-07-07 16:07:00,CNR6466298285,Success,CID764192,Mini,Whitefield,Yeshwanthpur,294.0,80.0,Not Applicable,Not Applicable,No,Not Applicable,2515,Cash,2,4.0,4.3
2024-07-08 09:52:00,CNR3874624787,Canceled by Driver,CID488712,Prime Plus,Ramamurthy Nagar,Whitefield,,,Not Applicable,Personal & Car related issue,Not Applicable,Not Applicable,171,Not Applicable,0,,
2024-07-08 15:00:00,CNR9186362822,Success,CID867721,eBike,RT Nagar,Jayanagar,91.0,125.0,Not Applicable,Not Applicable,No,Not Applicable,921,UPI,49,4.6,4.2
2024-07-23 23:32:00,CNR2650998341,Canceled by Customer,CID119988,Prime SUV,Vijayanagar,Yelahanka,,,Driver asked to cancel,Not Applicable,Not Applicable,Not Applicable,979,Not Applicable,0,,
2024-07-17 22:39:00,CNR5524658857,Canceled by Driver,CID286402,Prime Plus,Hosur Road,Sahakar Nagar,,,Not Applicable,Customer related issue,Not Applicable,Not Applicable,799,Not Applicable,0,,
2024-07-22 21:04:00,CNR8676621320,Driver Not Found,CID150219,eBike,Basavanagudi,Kadugodi,,,Not Applicable,Not Applicable,Not Applicable,Not Applicable,412,Not Applicable,0,,
2024-07-09 21:58:00,CNR9885751507,Success,CID560088,eBike,Koramangala,Marathahalli,49.0,40.0,Not Applicable,Not Applicable,No,Not Applicable,1077,Cash,41,3.5,3.1
2024-07-11 04:48:00,CNR2234117465,Success,CID508646,eBike,Electronic City,RT Nagar,161.0,50.0,Not Applicable,Not Applicable,No,Not Applicable,324,UPI,6,4.6,4.2
2024-07-01 22:49:00,CNR9440170839,Success,CID695607,Bike,Jayanagar,Kammanahalli,203.0,90.0,Not Applicable,Not Applicable,No,Not Applicable,286,Cash,20,3.2,4.7
2024-07-28 04:53:00,CNR9828787401,Canceled by Customer,CID344335,Mini,RT Nagar,Marathahalli,,,Change of plans,Not Applicable,Not Applicable,Not Applicable,299,Not Applicable,0,,
2024-07-01 21:02:00,CNR2476942789,Success,CID957686,Prime Sedan,Chickpet,Yelahanka,147.0,135.0,Not Applicable,Not Applicable,No,Not Applicable,429,Cash,38,4.6,4.3
2024-07-25 04:47:00,CNR2312858098,Success,CID899410,Bike,Frazer Town,Peenya,84.0,85.0,Not Applicable,Not Applicable,No,Not Applicable,301,UPI,40,4.4,3.2
2024-07-28 11:50:00,CNR8527121341,Driver Not Found,CID730076,Auto,Banashankari,Devanahalli,,,Not Applicable,Not Applicable,Not Applicable,Not Applicable,303,Not Applicable,0,,
2024-07-23 22:05:00,CNR2705044148,Driver Not Found,CID595925,Auto,Padmanabhanagar,BTM Layout,,,Not Applicable,Not Applicable,Not Applicable,Not Applicable,113,Not Applicable,0,,
2024-07-06 07:54:00,CNR9629980439,Success,CID174567,Bike,Hennur,Sarjapur Road,245.0,40.0,Not Applicable,Not Applicable,No,Not Applicable,2870,UPI,7,4.2,4.0
2024-07-17 00:54:00,CNR6036592198,Canceled by Driver,CID587420,Auto,Marathahalli,RT Nagar,,,Not Applicable,Customer related issue,Not Applicable,Not Applicable,352,Not Applicable,0,,
2024-07-24 20:41:00,CNR3136429137,Success,CID469263,Prime Plus,Hosur Road,MG Road,301.0,145.0,Not Applicable,Not Applicable,No,Not Applicable,402,Cash,33,3.2,3.9
2024-07-03 01:22:00,CNR5958722373,Success,CID546869,Prime Plus,Cox Town,Frazer Town,112.0,105.0,Not Applicable,Not Applicable,Yes,Customer Demand,280,UPI,1,4.4,3.5
2024-07-17 06:46:00,CNR5486611741,Success,CID524505,Bike,Peenya,Hebbal,210.0,100.0,Not Applicable,Not Applicable,No,Not Applicable,797,UPI,47,4.2,3.7
2024-07-02 08:00:00,CNR6348406470,Success,CID630277,Prime Plus,Ulsoor,Cox Town,49.0,95.0,Not Applicable,Not Applicable,No,Not Applicable,926,Cash,31,4.2,3.4
2024-07-14 04:29:00,CNR1323917136,Success,CID867782,Prime SUV,Varthur,MG Road,280.0,65.0,Not Applicable,Not Applicable,No,Not Applicable,1499,Cash,48,4.6,4.0
2024-07-12 21:53:00,CNR9906809361,Driver Not Found,CID523361,eBike,Bellandur,Bannerghatta Road,,,Not Applicable,Not Applicable,Not Applicable,Not Applicable,432,Not Applicable,0,,
2024-07-15 02:20:00,CNR8538209108,Driver Not Found,CID492524,Prime SUV,Vijayanagar,HSR Layout,,,Not Applicable,Not Applicable,Not Applicable,Not Applicable,434,Not Applicable,0,,
2024-07-27 17:42:00,CNR5327570159,Success,CID425314,Bike,Hosur Road,Padmanabhanagar,259.0,60.0,Not Applicable,Not Applicable,No,Not Applicable,368,Cash,36,3.8,3.1
2024-07-21 21:07:00,CNR1673241590,Success,CID846891,Auto,Hosur Road,Sarjapur Road,168.0,45.0,Not Applicable,Not Applicable,No,Not Applicable,596,Credit Card,9,3.1,3.6
2024-07-07 07:15:00,CNR6689986384,Success,CID743234,Prime Plus,Hennur,Majestic,287.0,40.0,Not Applicable,Not Applicable,No,Not Applicable,128,Credit Card,30,4.6,4.8
2024-07-07 10:08:00,CNR1290927310,Canceled by Driver,CID167587,Bike,Jayanagar,Malleshwaram,,,Not Applicable,Customer was coughing/sick,Not Applicable,Not Applicable,113,Not Applicable,0,,
2024-07-23 22:53:00,CNR8894141507,Success,CID675078,Auto,Sahakar Nagar,Jayanagar,56.0,45.0,Not Applicable,Not Applicable,No,Not Applicable,399,Cash,15,4.4,4.6
2024-07-11 21:35:00,CNR1450068664,Success,CID736610,Auto,Frazer Town,Ulsoor,294.0,70.0,Not Applicable,Not Applicable,No,Not Applicable,621,UPI,18,4.5,4.0
2024-07-04 20:22:00,CNR5021482811,Success,CID398021,Bike,Whitefield,HSR Layout,98.0,30.0,Not Applicable,Not Applicable,No,Not Applicable,444,Cash,4,4.0,4.0
2024-07-29 07:25:00,CNR6963064420,Success,CID665134,Prime Plus,MG Road,Jayanagar,147.0,90.0,Not Applicable,Not Applicable,No,Not Applicable,402,Credit Card,45,3.9,3.3
2024-07-26 03:46:00,CNR2599237130,Driver Not Found,CID925833,Bike,Yeshwanthpur,Banashankari,,,Not Applicable,Not Applicable,Not Applicable,Not Applicable,210,Not Applicable,0,,
2024-07-19 05:23:00,CNR1271166968,Canceled by Driver,CID539453,eBike,Richmond Town,HSR Layout,,,Not Applicable,Customer related issue,Not Applicable,Not Applicable,279,Not Applicable,0,,
2024-07-22 01:32:00,CNR8570426336,Success,CID589626,Mini,Varthur,Chamarajpet,210.0,45.0,Not Applicable,Not Applicable,No,Not Applicable,964,Cash,23,3.8,4.4
2024-07-01 11:14:00,CNR4409940498,Success,CID668138,Bike,Banashankari,Kengeri,210.0,115.0,Not Applicable,Not Applicable,No,Not Applicable,201,Cash,39,4.8,4.5
2024-07-29 23:28:00,CNR5047974864,Success,CID681862,Bike,MG Road,Vijayanagar,84.0,30.0,Not Applicable,Not Applicable,No,Not Applicable,475,Cash,28,4.3,4.3
2024-07-22 13:59:00,CNR7835548331,Success,CID988374,Mini,Richmond Town,Nagarbhavi,301.0,45.0,Not Applicable,Not Applicable,No,Not Applicable,993,UPI,23,3.9,3.8
2024-07-26 09:51:00,CNR1299677177,Success,CID214304,Bike,Yelahanka,Sahakar Nagar,273.0,65.0,Not Applicable,Not Applicable,No,Not Applicable,341,UPI,29,5.0,4.7
2024-07-20 10:06:00,CNR7194867126,Success,CID780866,Prime Plus,Basavanagudi,Richmond Town,175.0,105.0,Not Applicable,Not Applicable,No,Not Applicable,380,Cash,45,4.7,4.0
2024-07-06 11:14:00,CNR6757141095,Success,CID444828,Prime Sedan,HSR Layout,Yeshwanthpur,105.0,90.0,Not Applicable,Not Applicable,No,Not Applicable,955,UPI,8,4.8,3.7
2024-07-22 01:32:00,CNR2149017602,Canceled by Driver,CID855170,Bike,Hosur Road,Nagarbhavi,,,Not Applicable,More than permitted people in there,Not Applicable,Not Applicable,1505,Not Applicable,0,,
2024-07-20 08:28:00,CNR7886336865,Success,CID639018,Prime SUV,Shantinagar,Jayanagar,168.0,145.0,Not Applicable,Not Applicable,No,Not Applicable,1973,Cash,44,4.3,4.0
2024-07-20 09:43:00,CNR7940544533,Success,CID995244,eBike,Chamarajpet,Shivajinagar,98.0,145.0,Not Applicable,Not Applicable,No,Not Applicable,576,Cash,31,3.6,4.4
2024-07-01 21:45:00,CNR8446262307,Success,CID370067,Prime SUV,Majestic,Rajarajeshwari Nagar,245.0,65.0,Not Applicable,Not Applicable,No,Not Applicable,343,Cash,32,4.3,4.3
2024-07-05 14:14:00,CNR1470881419,Canceled by Customer,CID787024,Mini,Kadugodi,Sarjapur Road,,,Wrong Address,Not Applicable,Not Applicable,Not Applicable,517,Not Applicable,0,,
2024-07-28 05:01:00,CNR7819019917,Success,CID573085,Bike,Devanahalli,Richmond Town,168.0,85.0,Not Applicable,Not Applicable,No,Not Applicable,280,UPI,49,3.3,3.8
2024-07-28 16:07:00,CNR9114726885,Success,CID429385,Prime SUV,Rajajinagar,Kadugodi,168.0,140.0,Not Applicable,Not Applicable,No,Not Applicable,182,Cash,16,3.3,3.4
2024-07-14 13:26:00,CNR2760605261,Canceled by Customer,CID381630,Mini,Rajarajeshwari Nagar,Kengeri,,,Driver is not moving towards pickup location,Not Applicable,Not Applicable,Not Applicable,491,Not Applicable,0,,
2024-07-13 14:59:00,CNR6133080119,Success,CID136210,Prime Plus,Ramamurthy Nagar,Frazer Town,98.0,125.0,Not Applicable,Not Applicable,No,Not Applicable,227,UPI,45,3.7,4.0
2024-07-23 14:39:00,CNR1123672670,Success,CID779867,Auto,Shantinagar,Hulimavu,49.0,35.0,Not Applicable,Not Applicable,Yes,Vehicle Breakdown,478,Cash,18,4.4,3.6
2024-07-05 07:45:00,CNR8480376348,Driver Not Found,CID605606,Bike,BTM Layout,Sarjapur Road,,,Not Applicable,Not Applicable,Not Applicable,Not Applicable,233,Not Applicable,0,,
2024-07-26 06:55:00,CNR2043356218,Success,CID582025,Mini,Sahakar Nagar,Yelahanka,140.0,35.0,Not Applicable,Not Applicable,No,Not Applicable,669,Cash,21,3.4,3.1
2024-07-24 01:08:00,CNR3624880989,Success,CID752289,Mini,Hennur,Yeshwanthpur,266.0,35.0,Not Applicable,Not Applicable,No,Not Applicable,436,Cash,30,5.0,3.4
2024-07-19 09:47:00,CNR5487393216,Success,CID811638,Bike,Rajajinagar,Banashankari,70.0,140.0,Not Applicable,Not Applicable,No,Not Applicable,182,Cash,29,4.3,4.9
2024-07-06 07:34:00,CNR5213273621,Driver Not Found,CID684463,Prime Sedan,Hosur Road,Hulimavu,,,Not Applicable,Not Applicable,Not Applicable,Not Applicable,170,Not Applicable,0,,
2024-07-23 22:11:00,CNR9564334772,Canceled by Driver,CID934012,Bike,HSR Layout,Chickpet,,,Not Applicable,Customer was coughing/sick,Not Applicable,Not Applicable,941,Not Applicable,0,,
2024-07-21 02:07:00,CNR6924369504,Canceled by Customer,CID664472,Bike,Basavanagudi,Rajajinagar,,,Change of plans,Not Applicable,Not Applicable,Not Applicable,191,Not Applicable,0,,
2024-07-05 07:59:00,CNR1979669453,Driver Not Found,CID120915,Prime SUV,JP Nagar,Cox Town,,,Not Applicable,Not Applicable,Not Applicable,Not Applicable,1575,Not Applicable,0,,
2024-07-12 13:03:00,CNR2775236537,Success,CID623973,Bike,Shantinagar,KR Puram,175.0,120.0,Not Applicable,Not Applicable,No,Not Applicable,843,Cash,37,4.1,3.0
2024-07-20 04:07:00,CNR1123195239,Driver Not Found,CID880757,Prime SUV,Chamarajpet,Yeshwanthpur,,,Not Applicable,Not Applicable,Not Applicable,Not Applicable,464,Not Applicable,0,,
2024-07-20 21:52:00,CNR1446656373,Canceled by Driver,CID249272,Prime Plus,HSR Layout,Malleshwaram,,,Not Applicable,Customer was coughing/sick,Not Applicable,Not Applicable,473,Not Applicable,0,,
2024-07-28 21:44:00,CNR9240502595,Success,CID539200,Bike,Varthur,RT Nagar,217.0,145.0,Not Applicable,Not Applicable,No,Not Applicable,2838,UPI,8,3.5,4.3
2024-07-13 00:25:00,CNR3920230461,Success,CID993189,Prime SUV,Chamarajpet,Indiranagar,168.0,95.0,Not Applicable,Not Applicable,No,Not Applicable,338,Cash,24,3.5,3.3
2024-07-10 12:59:00,CNR6240969838,Success,CID380903,Prime Sedan,Kadugodi,Rajarajeshwari Nagar,238.0,35.0,Not Applicable,Not Applicable,Yes,Vehicle Breakdown,548,Cash,39,3.1,3.2
2024-07-19 06:26:00,CNR1575878585,Canceled by Driver,CID737288,Prime SUV,HSR Layout,Shantinagar,,,Not Applicable,Personal & Car related issue,Not Applicable,Not Applicable,2073,Not Applicable,0,,
2024-07-13 12:22:00,CNR6330476681,Canceled by Customer,CID761705,Prime Sedan,Yelahanka,Frazer Town,,,Driver is not moving towards pickup location,Not Applicable,Not Applicable,Not Applicable,552,Not Applicable,0,,
2024-07-05 07:40:00,CNR2400555217,Success,CID323794,Mini,Majestic,Magadi Road,210.0,95.0,Not Applicable,Not Applicable,No,Not Applicable,374,UPI,44,3.4,4.7
2024-07-30 23:19:00,CNR1924628768,Canceled by Customer,CID516586,Prime Plus,Electronic City,Nagarbhavi,,,Driver asked to cancel,Not Applicable,Not Applicable,Not Applicable,2249,Not Applicable,0,,
2024-07-22 18:35:00,CNR9078981503,Success,CID491651,Mini,Yelahanka,Basavanagudi,196.0,105.0,Not Applicable,Not Applicable,No,Not Applicable,319,Cash,6,4.6,4.9
2024-07-22 21:54:00,CNR8671160054,Driver Not Found,CID880473,eBike,Majestic,Ulsoor,,,Not Applicable,Not Applicable,Not Applicable,Not Applicable,101,Not Applicable,0,,
2024-07-13 17:46:00,CNR6523005599,Success,CID240645,Prime SUV,Rajarajeshwari Nagar,Rajajinagar,273.0,45.0,Not Applicable,Not Applicable,No,Not Applicable,158,Credit Card,15,4.6,3.9
2024-07-20 08:49:00,CNR3672736602,Driver Not Found,CID483126,Prime Sedan,Malleshwaram,Devanahalli,,,Not Applicable,Not Applicable,Not Applicable,Not Applicable,152,Not Applicable,0,,
2024-07-10 08:34:00,CNR6921565796,Canceled by Driver,CID741836,Prime Plus,Whitefield,BTM Layout,,,Not Applicable,Customer related issue,Not Applicable,Not Applicable,388,Not Applicable,0,,
2024-07-10 03:09:00,CNR6646587373,Success,CID241197,Prime Plus,Kadugodi,Basavanagudi,280.0,65.0,Not Applicable,Not Applicable,No,Not Applicable,438,Cash,8,3.7,3.3
2024-07-09 17:05:00,CNR3557331438,Driver Not Found,CID507532,eBike,Padmanabhanagar,KR Puram,,,Not Applicable,Not Applicable,Not Applicable,Not Applicable,417,Not Applicable,0,,
2024-07-10 05:13:00,CNR5025712421,Canceled by Driver,CID176804,Prime Sedan,Rajajinagar,Whitefield,,,Not Applicable,More than permitted people in there,Not Applicable,Not Applicable,300,Not Applicable,0,,
2024-07-16 01:22:00,CNR4975881511,Success,CID159310,Prime Plus,Bannerghatta Road,Hennur,273.0,45.0,Not Applicable,Not Applicable,No,Not Applicable,191,Cash,43,4.8,4.7
2024-07-11 22:19:00,CNR5155341285,Canceled by Driver,CID591756,Bike,JP Nagar,BTM Layout,,,Not Applicable,Customer related issue,Not Applicable,Not Applicable,492,Not Applicable,0,,
2024-07-05 04:33:00,CNR6126929265,Success,CID724567,eBike,Shantinagar,KR Puram,259.0,135.0,Not Applicable,Not Applicable,No,Not Applicable,1499,Cash,44,3.6,3.7
2024-07-02 17:41:00,CNR8173750068,Success,CID431877,Prime Plus,Hosur Road,Malleshwaram,77.0,100.0,Not Applicable,Not Applicable,No,Not Applicable,347,Cash,19,4.8,5.0
2024-07-17 23:55:00,CNR4824549811,Canceled by Driver,CID569871,eBike,Koramangala,Banashankari,,,Not Applicable,Personal & Car related issue,Not Applicable,Not Applicable,733,Not Applicable,0,,
2024-07-07 21:44:00,CNR1425337900,Success,CID162279,Mini,Sarjapur Road,Yeshwanthpur,196.0,70.0,Not Applicable,Not Applicable,No,Not Applicable,101,Cash,24,3.5,4.0
2024-07-27 08:07:00,CNR3913057027,Success,CID468557,Mini,Yelahanka,Yelahanka,42.0,25.0,Not Applicable,Not Applicable,No,Not Applicable,336,Cash,21,3.8,3.1
2024-07-02 07:04:00,CNR5885627413,Canceled by Driver,CID790577,Prime Sedan,Whitefield,Langford Town,,,Not Applicable,More than permitted people in there,Not Applicable,Not Applicable,367,Not Applicable,0,,
2024-07-28 03:11:00,CNR6839066142,Success,CID227668,Bike,Bannerghatta Road,MG Road,77.0,75.0,Not Applicable,Not Applicable,No,Not Applicable,375,Debit Card,3,4.3,5.0
2024-07-17 04:15:00,CNR8670624228,Success,CID676418,Prime SUV,RT Nagar,Tumkur Road,231.0,75.0,Not Applicable,Not Applicable,No,Not Applicable,388,Cash,29,4.3,4.2
2024-07-08 00:03:00,CNR8955962168,Success,CID475445,Mini,Kammanahalli,Langford Town,42.0,80.0,Not Applicable,Not Applicable,No,Not Applicable,722,Cash,7,3.3,4.6
2024-07-15 05:32:00,CNR4381807021,Canceled by Customer,CID691888,Mini,Basavanagudi,Marathahalli,,,Driver is not moving towards pickup location,Not Applicable,Not Applicable,Not Applicable,839,Not Applicable,0,,
2024-07-27 21:50:00,CNR5410025666,Success,CID497099,eBike,RT Nagar,KR Puram,189.0,25.0,Not Applicable,Not Applicable,Yes,Customer Demand,467,Cash,33,3.2,4.1
2024-07-20 04:57:00,CNR5421118856,Success,CID259729,Prime SUV,Frazer Town,Ramamurthy Nagar,273.0,30.0,Not Applicable,Not Applicable,No,Not Applicable,335,Cash,16,3.7,3.0
2024-07-03 19:20:00,CNR6414129420,Success,CID860823,Mini,Sahakar Nagar,Kammanahalli,224.0,120.0,Not Applicable,Not Applicable,No,Not Applicable,256,UPI,47,3.9,4.0
2024-07-03 07:15:00,CNR5642004253,Success,CID911958,Prime Plus,Sarjapur Road,Basavanagudi,98.0,65.0,Not Applicable,Not Applicable,No,Not Applicable,959,Cash,44,3.4,4.4
2024-07-25 19:27:00,CNR8686511023,Driver Not Found,CID269540,Auto,Varthur,Marathahalli,,,Not Applicable,Not Applicable,Not Applicable,Not Applicable,346,Not Applicable,0,,
2024-07-25 09:18:00,CNR8341903415,Canceled by Customer,CID568117,Prime SUV,Kammanahalli,KR Puram,,,Driver is not moving towards pickup location,Not Applicable,Not Applicable,Not Applicable,2111,Not Applicable,0,,
2024-07-26 08:39:00,CNR5311591850,Canceled by Driver,CID967906,Auto,Chamarajpet,Tumkur Road,,,Not Applicable,Customer related issue,Not Applicable,Not Applicable,410,Not Applicable,0,,
2024-07-02 06:17:00,CNR3398177290,Canceled by Customer,CID488125,eBike,Majestic,Chamarajpet,,,AC is Not working,Not Applicable,Not Applicable,Not Applicable,495,Not Applicable,0,,
2024-07-03 11:11:00,CNR9358690298,Canceled by Driver,CID804231,Auto,Yeshwanthpur,Rajajinagar,,,Not Applicable,Personal & Car related issue,Not Applicable,Not Applicable,132,Not Applicable,0,,
2024-07-12 16:58:00,CNR9544678165,Success,CID450457,Auto,RT Nagar,Peenya,182.0,145.0,Not Applicable,Not Applicable,No,Not Applicable,405,Cash,11,3.4,4.9
2024-07-21 12:33:00,CNR3650828081,Success,CID333995,Mini,JP Nagar,Rajarajeshwari Nagar,189.0,145.0,Not Applicable,Not Applicable,No,Not Applicable,453,Cash,37,4.5,4.5
2024-07-08 05:16:00,CNR4969923895,Driver Not Found,CID730914,Bike,Ramamurthy Nagar,HSR Layout,,,Not Applicable,Not Applicable,Not Applicable,Not Applicable,792,Not Applicable,0,,
2024-07-06 05:54:00,CNR6555167209,Success,CID199933,Prime SUV,Padmanabhanagar,Bannerghatta Road,203.0,140.0,Not Applicable,Not Applicable,No,Not Applicable,926,Cash,29,3.3,3.9
2024-07-07 18:29:00,CNR8675979955,Driver Not Found,CID497716,Prime SUV,Kadugodi,Chickpet,,,Not Applicable,Not Applicable,Not Applicable,Not Applicable,463,Not Applicable,0,,
2024-07-16 18:52:00,CNR8415302869,Canceled by Driver,CID487555,eBike,Koramangala,Cox Town,,,Not Applicable,Personal & Car related issue,Not Applicable,Not Applicable,998,Not Applicable,0,,
2024-07-17 00:20:00,CNR5079922147,Success,CID112349,Bike,Koramangala,Frazer Town,217.0,45.0,Not Applicable,Not Applicable,No,Not Applicable,122,Cash,35,4.9,3.2
2024-07-27 12:31:00,CNR4661227410,Success,CID312526,Prime Sedan,Magadi Road,Basavanagudi,91.0,85.0,Not Applicable,Not Applicable,No,Not Applicable,190,UPI,13,4.6,3.3
2024-07-19 10:24:00,CNR9320531819,Success,CID190681,Mini,Whitefield,Basavanagudi,266.0,35.0,Not Applicable,Not Applicable,No,Not Applicable,325,Cash,44,4.5,3.2
2024-07-25 18:08:00,CNR8504969702,Canceled by Customer,CID293284,Prime Plus,Shivajinagar,Ramamurthy Nagar,,,Change of plans,Not Applicable,Not Applicable,Not Applicable,455,Not Applicable,0,,
2024-07-13 23:57:00,CNR1821428758,Canceled by Customer,CID760652,eBike,MG Road,Hennur,,,Driver is not moving towards pickup location,Not Applicable,Not Applicable,Not Applicable,112,Not Applicable,0,,
2024-07-25 08:40:00,CNR3973781959,Canceled by Driver,CID530017,Mini,Cox Town,Marathahalli,,,Not Applicable,Customer related issue,Not Applicable,Not Applicable,388,Not Applicable,0,,
2024-07-08 05:06:00,CNR1411839988,Success,CID130238,Prime Sedan,HSR Layout,Hennur,203.0,80.0,Not Applicable,Not Applicable,No,Not Applicable,582,UPI,47,3.9,3.9
2024-07-20 11:39:00,CNR8944871495,Success,CID927598,Prime SUV,Peenya,Bannerghatta Road,49.0,95.0,Not Applicable,Not Applicable,No,Not Applicable,593,Cash,14,4.4,4.6
2024-07-16 18:49:00,CNR3419712161,Canceled by Driver,CID496668,Bike,Electronic City,Bellandur,,,Not Applicable,Customer was coughing/sick,Not Applicable,Not Applicable,1631,Not Applicable,0,,
2024-07-01 02:10:00,CNR3013497758,Success,CID614687,eBike,Basavanagudi,Ramamurthy Nagar,133.0,110.0,Not Applicable,Not Applicable,No,Not Applicable,110,UPI,44,4.3,3.2
2024-07-06 10:28:00,CNR9315946377,Success,CID999911,Mini,Shantinagar,Vijayanagar,231.0,50.0,Not Applicable,Not Applicable,No,Not Applicable,1049,UPI,25,3.8,4.5
2024-07-19 11:57:00,CNR6877393075,Canceled by Driver,CID483222,Prime SUV,Koramangala,Whitefield,,,Not Applicable,Personal & Car related issue,Not Applicable,Not Applicable,389,Not Applicable,0,,
2024-07-18 11:53:00,CNR3370169477,Success,CID423294,Prime Sedan,RT Nagar,RT Nagar,168.0,130.0,Not Applicable,Not Applicable,No,Not Applicable,272,Cash,11,4.6,4.0
2024-07-19 08:24:00,CNR3767614359,Canceled by Driver,CID980090,Prime SUV,Bannerghatta Road,Shantinagar,,,Not Applicable,Personal & Car related issue,Not Applicable,Not Applicable,115,Not Applicable,0,,
2024-07-08 09:31:00,CNR2686708243,Driver Not Found,CID733652,Bike,RT Nagar,Ulsoor,,,Not Applicable,Not Applicable,Not Applicable,Not Applicable,335,Not Applicable,0,,
2024-07-24 19:47:00,CNR6230656681,Success,CID486873,Prime Sedan,Magadi Road,Richmond Town,280.0,100.0,Not Applicable,Not Applicable,Yes,Other Issue,236,UPI,11,4.0,4.6
2024-07-13 01:17:00,CNR1705557273,Driver Not Found,CID196187,Prime SUV,Chamarajpet,Shantinagar,,,Not Applicable,Not Applicable,Not Applicable,Not Applicable,228,Not Applicable,0,,
2024-07-04 11:32:00,CNR2597343698,Success,CID516511,Bike,Rajarajeshwari Nagar,JP Nagar,217.0,120.0,Not Applicable,Not Applicable,No,Not Applicable,265,Cash,13,4.0,3.4
2024-07-24 12:40:00,CNR5857760027,Canceled by Driver,CID312052,Bike,Frazer Town,Kengeri,,,Not Applicable,More than permitted people in there,Not Applicable,Not Applicable,463,Not Applicable,0,,
2024-07-05 08:27:00,CNR1300665120,Canceled by Driver,CID878083,Auto,Devanahalli,Shivajinagar,,,Not Applicable,Customer related issue,Not Applicable,Not Applicable,240,Not Applicable,0,,
2024-07-19 22:25:00,CNR5535812572,Success,CID452874,Bike,Shantinagar,Marathahalli,84.0,135.0,Not Applicable,Not Applicable,No,Not Applicable,139,UPI,39,4.1,3.5
2024-07-26 11:09:00,CNR5434791956,Success,CID126653,Prime Plus,Kadugodi,Vijayanagar,231.0,105.0,Not Applicable,Not Applicable,No,Not Applicable,1165,UPI,18,3.7,4.4
2024-07-27 14:54:00,CNR4653993744,Driver Not Found,CID454971,Auto,Whitefield,Yeshwanthpur,,,Not Applicable,Not Applicable,Not Applicable,Not Applicable,450,Not Applicable,0,,
2024-07-20 16:33:00,CNR7083774406,Success,CID437855,Prime Sedan,Hennur,Shivajinagar,77.0,55.0,Not Applicable,Not Applicable,No,Not Applicable,292,Cash,24,3.6,4.7
2024-07-07 09:45:00,CNR9412863968,Success,CID291917,Mini,Chickpet,HSR Layout,266.0,55.0,Not Applicable,Not Applicable,No,Not Applicable,451,Cash,11,4.3,3.6
2024-07-13 05:31:00,CNR4707972905,Success,CID500701,Bike,Yeshwanthpur,Koramangala,126.0,80.0,Not Applicable,Not Applicable,No,Not Applicable,773,Credit Card,38,4.3,4.2
2024-07-09 05:06:00,CNR5286926893,Driver Not Found,CID128410,Bike,RT Nagar,Whitefield,,,Not Applicable,Not Applicable,Not Applicable,Not Applicable,665,Not Applicable,0,,
2024-07-18 00:04:00,CNR1489652567,Driver Not Found,CID380006,Prime Plus,Padmanabhanagar,Rajajinagar,,,Not Applicable,Not Applicable,Not Applicable,Not Applicable,400,Not Applicable,0,,
2024-07-20 00:33:00,CNR2341768807,Success,CID824778,Bike,RT Nagar,Bellandur,63.0,25.0,Not Applicable,Not Applicable,No,Not Applicable,131,Cash,37,3.9,3.3
2024-07-09 02:29:00,CNR9519299328,Success,CID344631,Mini,BTM Layout,Ulsoor,196.0,65.0,Not Applicable,Not Applicable,No,Not Applicable,364,UPI,18,4.6,4.9
2024-07-02 14:41:00,CNR8437064762,Canceled by Driver,CID371898,Prime SUV,Shantinagar,Chamarajpet,,,Not Applicable,Customer related issue,Not Applicable,Not Applicable,232,Not Applicable,0,,
2024-07-29 12:09:00,CNR6037507893,Success,CID800377,eBike,Hosur Road,Koramangala,189.0,95.0,Not Applicable,Not Applicable,No,Not Applicable,308,UPI,7,3.1,4.2
2024-07-16 13:47:00,CNR4905432170,Canceled by Driver,CID704159,Prime Plus,Shantinagar,Yelahanka,,,Not Applicable,Personal & Car related issue,Not Applicable,Not Applicable,117,Not Applicable,0,,
2024-07-12 10:27:00,CNR9420592428,Success,CID488570,Mini,MG Road,Yelahanka,112.0,120.0,Not Applicable,Not Applicable,No,Not Applicable,253,UPI,48,4.4,3.2
2024-07-11 07:48:00,CNR7194179130,Canceled by Driver,CID298239,Auto,Hosur Road,Majestic,,,Not Applicable,Customer related issue,Not Applicable,Not Applicable,516,Not Applicable,0,,
2024-07-09 12:29:00,CNR5954413139,Success,CID283326,eBike,KR Puram,Shivajinagar,308.0,30.0,Not Applicable,Not Applicable,No,Not Applicable,248,Cash,43,3.3,3.0
2024-07-29 18:40:00,CNR7843719463,Success,CID732907,Mini,Hulimavu,Ramamurthy Nagar,217.0,100.0,Not Applicable,Not Applicable,No,Not Applicable,391,Cash,26,4.5,4.6
2024-07-20 11:34:00,CNR2885247179,Success,CID757250,Prime SUV,Devanahalli,BTM Layout,245.0,145.0,Not Applicable,Not Applicable,No,Not Applicable,487,UPI,5,4.7,4.2
2024-07-03 17:00:00,CNR5977807199,Success,CID395025,Prime Sedan,BTM Layout,Rajarajeshwari Nagar,49.0,100.0,Not Applicable,Not Applicable,No,Not Applicable,844,UPI,22,3.9,3.8
2024-07-02 05:34:00,CNR4935570900,Canceled by Driver,CID897881,Prime Sedan,Yelahanka,Hulimavu,,,Not Applicable,Personal & Car related issue,Not Applicable,Not Applicable,364,Not Applicable,0,,
2024-07-10 05:32:00,CNR8548188913,Success,CID695046,Auto,Shivajinagar,Kammanahalli,294.0,85.0,Not Applicable,Not Applicable,No,Not Applicable,2383,UPI,8,3.0,4.6
2024-07-27 10:21:00,CNR8138119819,Success,CID881638,Prime SUV,HSR Layout,Electronic City,301.0,95.0,Not Applicable,Not Applicable,No,Not Applicable,301,Cash,3,4.2,4.6
2024-07-04 16:32:00,CNR2175341404,Driver Not Found,CID451016,Prime SUV,Frazer Town,Langford Town,,,Not Applicable,Not Applicable,Not Applicable,Not Applicable,411,Not Applicable,0,,
2024-07-01 22:17:00,CNR7155621629,Success,CID630022,Prime SUV,Sarjapur Road,Koramangala,161.0,100.0,Not Applicable,Not Applicable,No,Not Applicable,397,UPI,22,3.8,3.1
2024-07-19 22:03:00,CNR5119949436,Success,CID129064,Prime Sedan,Rajajinagar,MG Road,56.0,80.0,Not Applicable,Not Applicable,No,Not Applicable,258,Cash,27,3.5,4.5
2024-07-04 04:48:00,CNR8884695975,Success,CID767819,Bike,Cox Town,Devanahalli,70.0,105.0,Not Applicable,Not Applicable,No,Not Applicable,329,Credit Card,1,3.8,3.4
2024-07-19 04:30:00,CNR1248779370,Success,CID143960,Auto,Ramamurthy Nagar,Basavanagudi,49.0,115.0,Not Applicable,Not Applicable,No,Not Applicable,476,UPI,8,4.8,3.2
2024-07-08 23:51:00,CNR4718158312,Canceled by Customer,CID277374,Mini,Electronic City,Koramangala,,,Wrong Address,Not Applicable,Not Applicable,Not Applicable,854,Not Applicable,0,,
2024-07-24 14:45:00,CNR8426088629,Success,CID950083,Prime SUV,Hebbal,Kammanahalli,210.0,100.0,Not Applicable,Not Applicable,No,Not Applicable,299,Cash,12,4.9,3.4
2024-07-02 13:39:00,CNR2160058723,Success,CID440222,eBike,Ulsoor,Ramamurthy Nagar,196.0,25.0,Not Applicable,Not Applicable,No,Not Applicable,371,UPI,7,4.0,4.3
2024-07-17 04:47:00,CNR4365053876,Success,CID264035,Prime SUV,Shivajinagar,Sarjapur Road,238.0,115.0,Not Applicable,Not Applicable,No,Not Applicable,234,UPI,20,4.4,4.6
2024-07-29 02:30:00,CNR5017849234,Success,CID942511,Prime Sedan,Electronic City,BTM Layout,231.0,120.0,Not Applicable,Not Applicable,No,Not Applicable,1447,Cash,9,3.3,4.1
2024-07-13 22:20:00,CNR9140511568,Success,CID507646,Mini,Bellandur,Majestic,42.0,85.0,Not Applicable,Not Applicable,No,Not Applicable,467,Cash,33,3.9,3.2
2024-07-19 13:44:00,CNR8169424840,Success,CID615795,Prime Sedan,Bannerghatta Road,Peenya,210.0,60.0,Not Applicable,Not Applicable,No,Not Applicable,1156,UPI,49,3.3,3.7
2024-07-05 22:49:00,CNR4687018105,Success,CID169583,Bike,Hennur,Banashankari,266.0,25.0,Not Applicable,Not Applicable,No,Not Applicable,115,UPI,41,3.3,3.5
2024-07-06 01:39:00,CNR8464711806,Success,CID601458,eBike,Rajarajeshwari Nagar,Chickpet,98.0,25.0,Not Applicable,Not Applicable,No,Not Applicable,113,UPI,32,3.0,4.8
2024-07-01 00:29:00,CNR9448468810,Driver Not Found,CID458401,Prime Plus,HSR Layout,Kadugodi,,,Not Applicable,Not Applicable,Not Applicable,Not Applicable,178,Not Applicable,0,,
2024-07-01 08:33:00,CNR8289335255,Canceled by Driver,CID665635,eBike,Devanahalli,Chamarajpet,,,Not Applicable,Customer related issue,Not Applicable,Not Applicable,420,Not Applicable,0,,
2024-07-19 23:34:00,CNR3451799366,Success,CID302667,Auto,Marathahalli,Ulsoor,70.0,145.0,Not Applicable,Not Applicable,No,Not Applicable,265,UPI,14,4.9,4.5
2024-07-17 03:50:00,CNR4273259036,Success,CID281505,Auto,MG Road,Varthur,154.0,140.0,Not Applicable,Not Applicable,No,Not Applicable,250,Cash,3,3.3,4.0
2024-07-01 04:52:00,CNR4143000392,Success,CID315810,Auto,Mysore Road,Kammanahalli,63.0,90.0,Not Applicable,Not Applicable,No,Not Applicable,337,Cash,14,4.0,3.3
2024-07-26 10:34:00,CNR5625218823,Success,CID581390,Prime SUV,Basavanagudi,Indiranagar,280.0,45.0,Not Applicable,Not Applicable,No,Not Applicable,2668,Cash,24,4.3,4.5
2024-07-24 03:28:00,CNR2882944640,Success,CID295340,Bike,Vijayanagar,Mysore Road,203.0,35.0,Not Applicable,Not Applicable,No,Not Applicable,367,Cash,12,3.6,3.2
2024-07-05 04:49:00,CNR8957615207,Success,CID540158,Prime SUV,Mysore Road,HSR Layout,77.0,140.0,Not Applicable,Not Applicable,No,Not Applicable,646,UPI,8,4.1,3.6
2024-07-23 07:52:00,CNR1467951293,Success,CID675157,Prime Plus,Jayanagar,Sahakar Nagar,217.0,40.0,Not Applicable,Not Applicable,No,Not Applicable,282,UPI,24,3.6,3.2
2024-07-26 22:28:00,CNR3520702355,Success,CID884562,Prime Plus,Indiranagar,Jayanagar,231.0,135.0,Not Applicable,Not Applicable,No,Not Applicable,107,Cash,45,4.5,3.9
2024-07-20 23:40:00,CNR1412515868,Driver Not Found,CID732315,Prime Plus,Banashankari,Hulimavu,,,Not Applicable,Not Applicable,Not Applicable,Not Applicable,394,Not Applicable,0,,
2024-07-27 13:01:00,CNR6110498813,Canceled by Customer,CID998508,Prime Sedan,Sahakar Nagar,Majestic,,,Wrong Address,Not Applicable,Not Applicable,Not Applicable,180,Not Applicable,0,,
2024-07-28 18:58:00,CNR9184058378,Success,CID606955,Prime Sedan,Langford Town,Koramangala,287.0,85.0,Not Applicable,Not Applicable,No,Not Applicable,162,UPI,2,3.6,4.9
2024-07-24 23:41:00,CNR6399091419,Success,CID149781,Mini,Jayanagar,Hosur Road,280.0,70.0,Not Applicable,Not Applicable,No,Not Applicable,599,UPI,22,4.3,3.9
2024-07-29 07:14:00,CNR3379973142,Canceled by Driver,CID481896,Bike,RT Nagar,Hebbal,,,Not Applicable,Customer related issue,Not Applicable,Not Applicable,192,Not Applicable,0,,
2024-07-01 16:27:00,CNR2004291415,Success,CID523030,Mini,Hennur,Kammanahalli,231.0,115.0,Not Applicable,Not Applicable,No,Not Applicable,239,UPI,7,3.4,4.7
2024-07-07 10:30:00,CNR9727810940,Success,CID918263,Prime SUV,Sahakar Nagar,BTM Layout,210.0,50.0,Not Applicable,Not Applicable,Yes,Vehicle Breakdown,485,Cash,34,3.7,3.7
2024-07-21 08:28:00,CNR4369292207,Success,CID992048,Auto,Sahakar Nagar,Richmond Town,63.0,50.0,Not Applicable,Not Applicable,No,Not Applicable,334,UPI,3,3.9,4.5
2024-07-26 12:59:00,CNR7372422885,Success,CID958715,eBike,HSR Layout,Ulsoor,56.0,120.0,Not Applicable,Not Applicable,No,Not Applicable,304,UPI,46,3.3,4.0
2024-07-17 04:16:00,CNR3680677793,Canceled by Customer,CID977050,Mini,Hennur,Vijayanagar,,,Driver is not moving towards pickup location,Not Applicable,Not Applicable,Not Applicable,325,Not Applicable,0,,
2024-07-24 21:17:00,CNR1945997142,Canceled by Driver,CID984007,Prime SUV,Indiranagar,MG Road,,,Not Applicable,More than permitted people in there,Not Applicable,Not Applicable,107,Not Applicable,0,,
2024-07-21 13:53:00,CNR1085894521,Success,CID597236,Prime Sedan,Kadugodi,Varthur,35.0,45.0,Not Applicable,Not Applicable,Yes,Customer Demand,667,Cash,28,4.8,4.6
2024-07-15 06:59:00,CNR6902090982,Success,CID670720,Auto,HSR Layout,Frazer Town,77.0,125.0,Not Applicable,Not Applicable,No,Not Applicable,945,Cash,14,3.8,3.2
2024-07-27 04:47:00,CNR8627837781,Success,CID919615,Bike,Tumkur Road,Yeshwanthpur,168.0,40.0,Not Applicable,Not Applicable,No,Not Applicable,827,UPI,4,3.4,4.9
2024-07-04 08:27:00,CNR9066468279,Driver Not Found,CID146431,Prime Sedan,Hebbal,Bannerghatta Road,,,Not Applicable,Not Applicable,Not Applicable,Not Applicable,380,Not Applicable,0,,
2024-07-14 00:12:00,CNR1160192807,Success,CID368687,Prime Sedan,Ulsoor,Peenya,301.0,115.0,Not Applicable,Not Applicable,Yes,Vehicle Breakdown,411,Cash,48,4.6,3.9
2024-07-14 11:34:00,CNR5926350406,Driver Not Found,CID881688,Prime Sedan,Mysore Road,Indiranagar,,,Not Applicable,Not Applicable,Not Applicable,Not Applicable,360,Not Applicable,0,,
2024-07-01 16:12:00,CNR8721691990,Success,CID254617,Prime Plus,Langford Town,Shantinagar,203.0,80.0,Not Applicable,Not Applicable,No,Not Applicable,1225,UPI,15,4.2,3.7
2024-07-22 02:41:00,CNR6026164017,Driver Not Found,CID164023,Prime Sedan,Marathahalli,HSR Layout,,,Not Applicable,Not Applicable,Not Applicable,Not Applicable,279,Not Applicable,0,,
2024-07-13 07:29:00,CNR7339219118,Success,CID246465,Mini,Mysore Road,Kadugodi,280.0,105.0,Not Applicable,Not Applicable,No,Not Applicable,418,Cash,14,4.0,4.1
2024-07-22 13:39:00,CNR6895983271,Canceled by Driver,CID912740,Prime Plus,Chickpet,RT Nagar,,,Not Applicable,Customer was coughing/sick,Not Applicable,Not Applicable,420,Not Applicable,0,,
2024-07-10 13:26:00,CNR1229936814,Success,CID753679,Auto,Yelahanka,Kengeri,189.0,70.0,Not Applicable,Not Applicable,No,Not Applicable,446,UPI,14,3.1,3.8
2024-07-16 23:50:00,CNR6002494476,Success,CID202500,eBike,Shivajinagar,Richmond Town,203.0,100.0,Not Applicable,Not Applicable,No,Not Applicable,1143,Cash,43,3.5,4.1
2024-07-26 05:20:00,CNR1784516325,Success,CID614669,Bike,Hulimavu,Magadi Road,105.0,120.0,Not Applicable,Not Applicable,No,Not Applicable,454,Cash,28,3.6,4.4
2024-07-07 19:24:00,CNR1667457082,Success,CID562092,Prime Plus,Langford Town,Ramamurthy Nagar,112.0,70.0,Not Applicable,Not Applicable,No,Not Applicable,311,Cash,37,4.6,3.3
2024-07-21 04:17:00,CNR2589398636,Canceled by Driver,CID299777,Prime Plus,Kammanahalli,Basavanagudi,,,Not Applicable,Customer was coughing/sick,Not Applicable,Not Applicable,374,Not Applicable,0,,
2024-07-20 11:38:00,CNR8177680608,Success,CID825698,Bike,Peenya,Hennur,301.0,135.0,Not Applicable,Not Applicable,No,Not Applicable,427,Cash,49,3.2,4.6
2024-07-08 02:53:00,CNR1675493148,Canceled by Driver,CID114358,Prime SUV,BTM Layout,Hulimavu,,,Not Applicable,Customer related issue,Not Applicable,Not Applicable,442,Not Applicable,0,,
2024-07-18 23:51:00,CNR4091969054,Success,CID594113,Auto,JP Nagar,Rajarajeshwari Nagar,308.0,30.0,Not Applicable,Not Applicable,No,Not Applicable,388,UPI,13,3.8,4.2
2024-07-28 16:02:00,CNR2267006610,Canceled by Driver,CID313328,eBike,Kadugodi,Kadugodi,,,Not Applicable,Personal & Car related issue,Not Applicable,Not Applicable,268,Not Applicable,0,,
2024-07-03 04:00:00,CNR9094397001,Success,CID322360,Prime Sedan,Rajajinagar,RT Nagar,168.0,100.0,Not Applicable,Not Applicable,No,Not Applicable,575,Cash,7,4.8,4.3
2024-07-23 05:19:00,CNR6193646365,Success,CID360131,Prime Sedan,Koramangala,Basavanagudi,189.0,55.0,Not Applicable,Not Applicable,No,Not Applicable,396,UPI,4,4.8,5.0
2024-07-05 02:37:00,CNR9511796437,Success,CID450294,Auto,Majestic,Devanahalli,280.0,45.0,Not Applicable,Not Applicable,No,Not Applicable,154,Cash,18,4.9,3.8
2024-07-15 13:37:00,CNR1806503392,Driver Not Found,CID721250,Prime SUV,Richmond Town,Shantinagar,,,Not Applicable,Not Applicable,Not Applicable,Not Applicable,553,Not Applicable,0,,
2024-07-24 00:00:00,CNR5969603474,Success,CID488205,Prime Plus,Majestic,Ulsoor,231.0,125.0,Not Applicable,Not Applicable,No,Not Applicable,289,Cash,15,3.0,3.0
2024-07-18 19:09:00,CNR1730546277,Canceled by Customer,CID683653,Prime SUV,Hennur,Peenya,,,Driver asked to cancel,Not Applicable,Not Applicable,Not Applicable,108,Not Applicable,0,,
2024-07-08 03:32:00,CNR1603035107,Canceled by Driver,CID996035,Bike,Kadugodi,Rajarajeshwari Nagar,,,Not Applicable,Customer related issue,Not Applicable,Not Applicable,309,Not Applicable,0,,
2024-07-25 08:30:00,CNR9716951339,Success,CID976809,Prime Sedan,Bellandur,HSR Layout,42.0,145.0,Not Applicable,Not Applicable,No,Not Applicable,422,UPI,49,3.8,4.6
2024-07-24 15:59:00,CNR9464738665,Success,CID850853,Prime Sedan,Langford Town,Malleshwaram,182.0,115.0,Not Applicable,Not Applicable,No,Not Applicable,153,Cash,11,4.6,4.6
2024-07-21 00:22:00,CNR6710097723,Driver Not Found,CID588591,Prime Sedan,Kammanahalli,Kammanahalli,,,Not Applicable,Not Applicable,Not Applicable,Not Applicable,321,Not Applicable,0,,
2024-07-21 15:48:00,CNR1270373709,Success,CID935940,Mini,HSR Layout,Chickpet,133.0,110.0,Not Applicable,Not Applicable,No,Not Applicable,457,Cash,13,3.2,3.6
2024-07-09 06:23:00,CNR6338841229,Success,CID302696,Mini,Sarjapur Road,Richmond Town,280.0,30.0,Not Applicable,Not Applicable,No,Not Applicable,429,UPI,48,4.9,3.4
2024-07-29 18:48:00,CNR1082670213,Success,CID211662,Prime Plus,Magadi Road,Bannerghatta Road,189.0,80.0,Not Applicable,Not Applicable,No,Not Applicable,407,UPI,29,4.9,3.5
2024-07-05 21:14:00,CNR3703216140,Success,CID592780,eBike,Yelahanka,Yeshwanthpur,189.0,120.0,Not Applicable,Not Applicable,No,Not Applicable,183,UPI,7,4.4,3.6
2024-07-24 21:02:00,CNR2517197519,Success,CID843815,eBike,Mysore Road,Cox Town,112.0,130.0,Not Applicable,Not Applicable,No,Not Applicable,496,Cash,44,4.2,3.7
2024-07-14 06:15:00,CNR2906444486,Success,CID591188,Prime SUV,Kengeri,Chickpet,70.0,90.0,Not Applicable,Not Applicable,No,Not Applicable,932,Cash,27,4.2,4.2
2024-07-10 01:53:00,CNR3699765726,Success,CID116994,Prime Sedan,MG Road,Banashankari,140.0,125.0,Not Applicable,Not Applicable,No,Not Applicable,175,Cash,2,4.8,3.2
2024-07-12 21:40:00,CNR6069958384,Success,CID144277,eBike,Kadugodi,Vijayanagar,273.0,125.0,Not Applicable,Not Applicable,No,Not Applicable,215,UPI,10,4.4,4.8
2024-07-24 15:21:00,CNR2215881852,Driver Not Found,CID129192,Prime Sedan,Cox Town,Jayanagar,,,Not Applicable,Not Applicable,Not Applicable,Not Applicable,363,Not Applicable,0,,
2024-07-29 23:45:00,CNR9489891528,Success,CID923565,Auto,Majestic,Chickpet,98.0,140.0,Not Applicable,Not Applicable,No,Not Applicable,597,UPI,2,3.6,4.8
2024-07-16 02:22:00,CNR7758970007,Success,CID867263,Prime Plus,Peenya,Rajarajeshwari Nagar,189.0,65.0,Not Applicable,Not Applicable,No,Not Applicable,198,UPI,34,3.4,4.9
2024-07-21 07:40:00,CNR2968817998,Canceled by Customer,CID626699,Prime Sedan,Banashankari,KR Puram,,,Driver is not moving towards pickup location,Not Applicable,Not Applicable,Not Applicable,416,Not Applicable,0,,
2024-07-15 04:31:00,CNR3935334615,Canceled by Driver,CID634171,Auto,Rajarajeshwari Nagar,Shivajinagar,,,Not Applicable,Customer related issue,Not Applicable,Not Applicable,295,Not Applicable,0,,
2024-07-13 18:17:00,CNR2772405631,Success,CID453831,Prime Plus,Chamarajpet,Frazer Town,273.0,105.0,Not Applicable,Not Applicable,No,Not Applicable,402,UPI,26,3.6,4.3
2024-07-03 18:15:00,CNR9587580974,Success,CID478262,Auto,Banashankari,Koramangala,91.0,90.0,Not Applicable,Not Applicable,No,Not Applicable,403,Credit Card,6,3.4,3.8
2024-07-26 21:29:00,CNR1354600739,Canceled by Customer,CID262689,Mini,Tumkur Road,Padmanabhanagar,,,Driver asked to cancel,Not Applicable,Not Applicable,Not Applicable,2856,Not Applicable,0,,
2024-07-26 16:54:00,CNR6708967157,Driver Not Found,CID221127,eBike,Nagarbhavi,Shivajinagar,,,Not Applicable,Not Applicable,Not Applicable,Not Applicable,377,Not Applicable,0,,
2024-07-17 18:30:00,CNR9695876159,Canceled by Customer,CID389661,eBike,Koramangala,Shivajinagar,,,Driver asked to cancel,Not Applicable,Not Applicable,Not Applicable,225,Not Applicable,0,,
2024-07-28 16:16:00,CNR6198810950,Canceled by Customer,CID173917,Prime Sedan,Marathahalli,Padmanabhanagar,,,Driver asked to cancel,Not Applicable,Not Applicable,Not Applicable,888,Not Applicable,0,,
2024-07-11 07:21:00,CNR8906901067,Success,CID448832,Prime Sedan,Cox Town,Hulimavu,112.0,85.0,Not Applicable,Not Applicable,No,Not Applicable,2407,UPI,27,4.4,4.3
2024-07-11 23:22:00,CNR4946662425,Canceled by Driver,CID224730,Mini,Ramamurthy Nagar,Indiranagar,,,Not Applicable,Customer related issue,Not Applicable,Not Applicable,582,Not Applicable,0,,
2024-07-29 20:25:00,CNR6887396273,Success,CID561207,Prime Plus,Majestic,Kadugodi,217.0,120.0,Not Applicable,Not Applicable,No,Not Applicable,386,Cash,11,4.5,4.8
2024-07-10 00:05:00,CNR9376767237,Success,CID923218,Bike,Varthur,Yeshwanthpur,238.0,145.0,Not Applicable,Not Applicable,No,Not Applicable,219,UPI,3,4.2,3.9
2024-07-07 23:21:00,CNR3135579617,Canceled by Customer,CID825281,Bike,Langford Town,Electronic City,,,Driver asked to cancel,Not Applicable,Not Applicable,Not Applicable,838,Not Applicable,0,,
2024-07-04 14:32:00,CNR6824613588,Canceled by Driver,CID137603,Mini,Yeshwanthpur,MG Road,,,Not Applicable,Customer related issue,Not Applicable,Not Applicable,459,Not Applicable,0,,
2024-07-19 02:16:00,CNR7881444702,Driver Not Found,CID615714,Prime SUV,Indiranagar,Hebbal,,,Not Applicable,Not Applicable,Not Applicable,Not Applicable,484,Not Applicable,0,,
2024-07-24 04:12:00,CNR8003056166,Success,CID309832,Mini,Kammanahalli,Indiranagar,238.0,90.0,Not Applicable,Not Applicable,No,Not Applicable,449,UPI,38,4.6,3.0
2024-07-24 03:59:00,CNR5902466841,Canceled by Driver,CID590107,eBike,Koramangala,Marathahalli,,,Not Applicable,More than permitted people in there,Not Applicable,Not Applicable,462,Not Applicable,0,,
2024-07-16 12:51:00,CNR1795178139,Success,CID298076,Prime SUV,Mysore Road,Jayanagar,217.0,85.0,Not Applicable,Not Applicable,No,Not Applicable,303,Cash,11,3.2,4.5
2024-07-02 10:54:00,CNR3418543551,Success,CID241968,Mini,Hennur,Malleshwaram,112.0,115.0,Not Applicable,Not Applicable,No,Not Applicable,433,UPI,29,4.5,4.9
2024-07-12 02:59:00,CNR3065274666,Success,CID460420,Auto,JP Nagar,Bellandur,140.0,60.0,Not Applicable,Not Applicable,No,Not Applicable,204,Cash,16,4.6,4.2
2024-07-17 21:05:00,CNR6411289376,Success,CID666817,Bike,Magadi Road,Hosur Road,189.0,65.0,Not Applicable,Not Applicable,No,Not Applicable,1257,Cash,33,3.1,4.3
2024-07-04 16:36:00,CNR4694540564,Success,CID537489,eBike,Cox Town,Malleshwaram,224.0,80.0,Not Applicable,Not Applicable,No,Not Applicable,483,Cash,47,4.1,4.0
2024-07-13 20:55:00,CNR7947953142,Success,CID305732,Mini,Yelahanka,Shivajinagar,140.0,40.0,Not Applicable,Not Applicable,No,Not Applicable,359,UPI,12,4.3,3.6
2024-07-12 08:09:00,CNR7246977078,Success,CID751635,Prime SUV,Rajajinagar,Tumkur Road,161.0,90.0,Not Applicable,Not Applicable,No,Not Applicable,212,UPI,20,3.3,3.7
2024-07-23 23:42:00,CNR6395911661,Canceled by Customer,CID676700,Prime SUV,Ulsoor,Hebbal,,,Driver is not moving towards pickup location,Not Applicable,Not Applicable,Not Applicable,258,Not Applicable,0,,
2024-07-13 22:39:00,CNR1487746848,Canceled by Customer,CID939935,Bike,Marathahalli,Electronic City,,,AC is Not working,Not Applicable,Not Applicable,Not Applicable,169,Not Applicable,0,,
2024-07-12 19:11:00,CNR2589269863,Success,CID193231,Prime Sedan,Tumkur Road,HSR Layout,98.0,75.0,Not Applicable,Not Applicable,No,Not Applicable,463,Cash,5,3.2,4.9
2024-07-12 02:43:00,CNR9235046041,Canceled by Driver,CID632630,eBike,Hennur,Devanahalli,,,Not Applicable,Personal & Car related issue,Not Applicable,Not Applicable,370,Not Applicable,0,,
2024-07-02 07:51:00,CNR4052210231,Success,CID420273,Mini,Jayanagar,Koramangala,308.0,40.0,Not Applicable,Not Applicable,Yes,Vehicle Breakdown,709,Cash,18,4.7,3.9
2024-07-20 04:51:00,CNR1552880228,Canceled by Driver,CID537665,eBike,Yeshwanthpur,Kammanahalli,,,Not Applicable,Customer related issue,Not Applicable,Not Applicable,319,Not Applicable,0,,
2024-07-27 16:53:00,CNR3749542615,Success,CID136605,eBike,Sarjapur Road,Majestic,301.0,40.0,Not Applicable,Not Applicable,Yes,Customer Demand,605,Cash,7,3.7,3.6
2024-07-11 13:10:00,CNR4247191565,Success,CID482361,Prime SUV,Hebbal,Hosur Road,287.0,40.0,Not Applicable,Not Applicable,Yes,Customer Demand,392,UPI,27,4.9,3.1
2024-07-08 06:48:00,CNR6530537776,Success,CID764930,Mini,Bellandur,Rajajinagar,189.0,40.0,Not Applicable,Not Applicable,No,Not Applicable,525,Cash,4,4.0,4.0
2024-07-09 09:26:00,CNR9128427458,Canceled by Customer,CID320657,Bike,Yeshwanthpur,Shantinagar,,,AC is Not working,Not Applicable,Not Applicable,Not Applicable,879,Not Applicable,0,,
2024-07-03 11:58:00,CNR2946106112,Success,CID233239,Mini,Rajarajeshwari Nagar,Cox Town,203.0,95.0,Not Applicable,Not Applicable,No,Not Applicable,421,UPI,12,4.3,4.3
2024-07-22 02:14:00,CNR6925929268,Success,CID372913,Mini,Shivajinagar,Basavanagudi,224.0,60.0,Not Applicable,Not Applicable,No,Not Applicable,115,Credit Card,46,3.2,4.9
2024-07-14 06:39:00,CNR9101890671,Success,CID896463,Mini,Kammanahalli,Frazer Town,105.0,70.0,Not Applicable,Not Applicable,No,Not Applicable,240,UPI,11,4.0,4.3
2024-07-14 12:14:00,CNR1614729115,Canceled by Driver,CID428918,Prime Plus,Nagarbhavi,Marathahalli,,,Not Applicable,Customer was coughing/sick,Not Applicable,Not Applicable,360,Not Applicable,0,,
2024-07-12 00:21:00,CNR1224706487,Canceled by Driver,CID264659,Mini,Hulimavu,Peenya,,,Not Applicable,Customer related issue,Not Applicable,Not Applicable,106,Not Applicable,0,,
2024-07-16 17:39:00,CNR9139465919,Success,CID896217,Prime Sedan,HSR Layout,Hebbal,301.0,75.0,Not Applicable,Not Applicable,No,Not Applicable,140,Credit Card,31,3.3,3.4
2024-07-14 00:59:00,CNR8433666446,Success,CID108099,Prime SUV,Koramangala,KR Puram,35.0,130.0,Not Applicable,Not Applicable,No,Not Applicable,335,Cash,2,4.4,3.8
2024-07-27 13:09:00,CNR6010668832,Success,CID373795,Auto,Rajajinagar,Majestic,280.0,25.0,Not Applicable,Not Applicable,No,Not Applicable,128,UPI,18,3.6,4.4
2024-07-28 22:06:00,CNR6977858377,Driver Not Found,CID840470,Auto,Ulsoor,Hennur,,,Not Applicable,Not Applicable,Not Applicable,Not Applicable,255,Not Applicable,0,,
2024-07-03 18:15:00,CNR2003072853,Success,CID653799,eBike,Malleshwaram,Bannerghatta Road,168.0,60.0,Not Applicable,Not Applicable,No,Not Applicable,464,UPI,29,4.2,5.0
2024-07-22 08:52:00,CNR1619657417,Driver Not Found,CID593443,Bike,Hulimavu,Richmond Town,,,Not Applicable,Not Applicable,Not Applicable,Not Applicable,1452,Not Applicable,0,,
2024-07-08 04:55:00,CNR9744492564,Success,CID711488,eBike,Hulimavu,Whitefield,259.0,65.0,Not Applicable,Not Applicable,No,Not Applicable,447,UPI,29,4.3,4.3
2024-07-05 02:20:00,CNR1587862457,Success,CID458866,Mini,Bellandur,Chamarajpet,308.0,65.0,Not Applicable,Not Applicable,No,Not Applicable,415,UPI,20,4.1,3.2
2024-07-19 07:04:00,CNR7421397878,Success,CID815250,Prime Sedan,Tumkur Road,Tumkur Road,175.0,60.0,Not Applicable,Not Applicable,No,Not Applicable,493,Cash,9,3.7,4.3
2024-07-05 01:05:00,CNR2352187748,Canceled by Customer,CID458055,Mini,Hennur,Malleshwaram,,,AC is Not working,Not Applicable,Not Applicable,Not Applicable,921,Not Applicable,0,,
2024-07-30 11:15:00,CNR9508394341,Canceled by Driver,CID365492,Auto,Marathahalli,Jayanagar,,,Not Applicable,More than permitted people in there,Not Applicable,Not Applicable,1999,Not Applicable,0,,
2024-07-12 23:45:00,CNR7014335747,Driver Not Found,CID486021,Prime Sedan,Peenya,Rajajinagar,,,Not Applicable,Not Applicable,Not Applicable,Not Applicable,175,Not Applicable,0,,
2024-07-10 09:03:00,CNR1218589785,Success,CID425899,Prime SUV,Shivajinagar,Peenya,112.0,105.0,Not Applicable,Not Applicable,No,Not Applicable,851,Cash,30,3.2,4.3
2024-07-11 14:20:00,CNR9306888286,Success,CID153329,Prime Sedan,Banashankari,Majestic,224.0,100.0,Not Applicable,Not Applicable,No,Not Applicable,320,UPI,8,3.3,4.1
2024-07-10 11:04:00,CNR4045884498,Success,CID916488,Mini,Basavanagudi,Marathahalli,49.0,25.0,Not Applicable,Not Applicable,No,Not Applicable,507,Cash,40,3.7,3.7
2024-07-06 14:08:00,CNR2209183482,Canceled by Driver,CID284065,Prime SUV,Banashankari,Vijayanagar,,,Not Applicable,Customer related issue,Not Applicable,Not Applicable,528,Not Applicable,0,,
2024-07-21 10:12:00,CNR1306128016,Canceled by Driver,CID868871,Prime SUV,Kammanahalli,Frazer Town,,,Not Applicable,Customer related issue,Not Applicable,Not Applicable,119,Not Applicable,0,,
2024-07-21 20:19:00,CNR7639430344,Driver Not Found,CID573590,Prime Sedan,Electronic City,Kammanahalli,,,Not Applicable,Not Applicable,Not Applicable,Not Applicable,498,Not Applicable,0,,
2024-07-06 16:43:00,CNR2016594055,Success,CID349333,Bike,Whitefield,Kadugodi,147.0,70.0,Not Applicable,Not Applicable,No,Not Applicable,146,UPI,46,3.7,3.7
2024-07-14 14:23:00,CNR4906267826,Success,CID421659,Prime SUV,Ramamurthy Nagar,Indiranagar,126.0,115.0,Not Applicable,Not Applicable,No,Not Applicable,1737,Credit Card,46,4.0,4.9
2024-07-08 18:21:00,CNR9924931008,Canceled by Driver,CID175109,Bike,Whitefield,Koramangala,,,Not Applicable,Personal & Car related issue,Not Applicable,Not Applicable,420,Not Applicable,0,,
2024-07-19 19:38:00,CNR3713558331,Success,CID874260,Prime SUV,Majestic,Chamarajpet,70.0,80.0,Not Applicable,Not Applicable,No,Not Applicable,124,UPI,22,4.7,3.3
2024-07-28 12:05:00,CNR1338656287,Driver Not Found,CID692016,Mini,Vijayanagar,Kadugodi,,,Not Applicable,Not Applicable,Not Applicable,Not Applicable,765,Not Applicable,0,,
2024-07-26 10:59:00,CNR3542171009,Success,CID736599,Prime Sedan,Hulimavu,Hulimavu,42.0,70.0,Not Applicable,Not Applicable,No,Not Applicable,170,UPI,7,4.0,4.3
2024-07-10 09:30:00,CNR2357237385,Success,CID955888,Bike,Whitefield,Hulimavu,217.0,90.0,Not Applicable,Not Applicable,No,Not Applicable,142,Cash,26,3.4,4.7
2024-07-07 08:48:00,CNR1261615292,Canceled by Driver,CID526592,Prime Plus,Richmond Town,Hebbal,,,Not Applicable,Personal & Car related issue,Not Applicable,Not Applicable,197,Not Applicable,0,,
2024-07-26 03:33:00,CNR6089971652,Success,CID743517,Prime Plus,Bellandur,Hosur Road,224.0,55.0,Not Applicable,Not Applicable,No,Not Applicable,409,UPI,2,4.4,3.5
2024-07-21 03:24:00,CNR3965899930,Success,CID875985,Bike,Malleshwaram,Vijayanagar,203.0,145.0,Not Applicable,Not Applicable,No,Not Applicable,376,UPI,30,3.2,3.2
2024-07-09 04:20:00,CNR2061660296,Success,CID258124,eBike,Devanahalli,Chickpet,133.0,45.0,Not Applicable,Not Applicable,No,Not Applicable,332,Cash,4,4.5,4.6
2024-07-02 11:16:00,CNR5005821975,Canceled by Customer,CID927110,Prime SUV,Hulimavu,Chamarajpet,,,Change of plans,Not Applicable,Not Applicable,Not Applicable,527,Not Applicable,0,,
2024-07-14 20:52:00,CNR8736959131,Driver Not Found,CID863571,eBike,Hebbal,Sarjapur Road,,,Not Applicable,Not Applicable,Not Applicable,Not Applicable,868,Not Applicable,0,,
2024-07-01 02:35:00,CNR6239301118,Success,CID283024,Auto,Kadugodi,Rajarajeshwari Nagar,238.0,100.0,Not Applicable,Not Applicable,No,Not Applicable,318,UPI,10,4.6,4.0
2024-07-22 00:39:00,CNR1946488670,Canceled by Driver,CID566174,Auto,Majestic,Electronic City,,,Not Applicable,Customer related issue,Not Applicable,Not Applicable,750,Not Applicable,0,,
2024-07-13 21:45:00,CNR1078212687,Canceled by Driver,CID896145,eBike,Chickpet,Ulsoor,,,Not Applicable,Customer was coughing/sick,Not Applicable,Not Applicable,473,Not Applicable,0,,
2024-07-21 21:08:00,CNR6319306756,Success,CID576314,Mini,Rajajinagar,Mysore Road,287.0,65.0,Not Applicable,Not Applicable,No,Not Applicable,830,Cash,24,3.6,4.2
2024-07-19 23:35:00,CNR9037782119,Success,CID627939,eBike,Yeshwanthpur,Tumkur Road,112.0,35.0,Not Applicable,Not Applicable,Yes,Other Issue,473,UPI,25,4.3,3.4
2024-07-27 19:17:00,CNR1377202610,Canceled by Driver,CID268281,Prime Plus,Chamarajpet,Hulimavu,,,Not Applicable,More than permitted people in there,Not Applicable,Not Applicable,381,Not Applicable,0,,
2024-07-10 15:18:00,CNR9933476327,Success,CID883980,Mini,Frazer Town,Malleshwaram,147.0,55.0,Not Applicable,Not Applicable,No,Not Applicable,618,Cash,48,5.0,3.7
2024-07-03 02:00:00,CNR3161244812,Canceled by Driver,CID176264,Bike,Electronic City,Kengeri,,,Not Applicable,Customer related issue,Not Applicable,Not Applicable,185,Not Applicable,0,,
2024-07-07 13:52:00,CNR3872788980,Success,CID410729,Prime Sedan,Kammanahalli,Devanahalli,231.0,145.0,Not Applicable,Not Applicable,No,Not Applicable,1414,Cash,30,4.5,5.0
2024-07-09 19:34:00,CNR1507699199,Success,CID277873,Prime Plus,Richmond Town,Kadugodi,70.0,125.0,Not Applicable,Not Applicable,No,Not Applicable,354,UPI,34,4.7,3.4
2024-07-15 04:28:00,CNR6856440156,Success,CID983121,eBike,Basavanagudi,Bellandur,280.0,120.0,Not Applicable,Not Applicable,No,Not Applicable,403,Cash,12,4.3,4.8
2024-07-30 10:22:00,CNR6449222666,Success,CID761407,Mini,Varthur,Rajajinagar,56.0,60.0,Not Applicable,Not Applicable,No,Not Applicable,789,Cash,23,4.5,3.8
2024-07-16 10:19:00,CNR3238236239,Success,CID565704,Prime Sedan,Basavanagudi,Rajarajeshwari Nagar,42.0,115.0,Not Applicable,Not Applicable,No,Not Applicable,475,UPI,34,4.9,3.0
2024-07-11 05:18:00,CNR8157713762,Success,CID472763,Prime Sedan,Indiranagar,Frazer Town,56.0,125.0,Not Applicable,Not Applicable,No,Not Applicable,333,Credit Card,25,3.9,4.8
2024-07-29 10:57:00,CNR3927660748,Success,CID496927,Prime Plus,Chickpet,Varthur,161.0,110.0,Not Applicable,Not Applicable,No,Not Applicable,288,Credit Card,35,4.1,3.1
2024-07-26 03:27:00,CNR8667135601,Success,CID888902,Prime Plus,Indiranagar,Marathahalli,63.0,25.0,Not Applicable,Not Applicable,No,Not Applicable,217,Cash,21,4.7,4.1
2024-07-01 13:52:00,CNR6766443068,Canceled by Driver,CID485555,Prime Sedan,Ulsoor,Langford Town,,,Not Applicable,Personal & Car related issue,Not Applicable,Not Applicable,130,Not Applicable,0,,
2024-07-11 10:13:00,CNR6311795867,Canceled by Driver,CID863892,Prime Sedan,Mysore Road,JP Nagar,,,Not Applicable,Personal & Car related issue,Not Applicable,Not Applicable,302,Not Applicable,0,,
2024-07-23 06:29:00,CNR5563698665,Success,CID758711,eBike,Whitefield,Kammanahalli,98.0,145.0,Not Applicable,Not Applicable,No,Not Applicable,173,UPI,42,4.5,3.9
2024-07-16 21:17:00,CNR5652960926,Success,CID893853,Mini,Ulsoor,Padmanabhanagar,182.0,140.0,Not Applicable,Not Applicable,No,Not Applicable,633,Cash,35,4.4,4.4
2024-07-19 21:19:00,CNR7706990395,Success,CID764816,eBike,Sahakar Nagar,Ramamurthy Nagar,210.0,125.0,Not Applicable,Not Applicable,No,Not Applicable,1877,Cash,17,4.3,3.0
2024-07-02 00:06:00,CNR1363656308,Success,CID919551,Bike,Shantinagar,Tumkur Road,217.0,40.0,Not Applicable,Not Applicable,No,Not Applicable,425,UPI,29,4.2,4.0
2024-07-01 20:54:00,CNR1431461317,Success,CID538913,Prime Plus,Peenya,Indiranagar,210.0,60.0,Not Applicable,Not Applicable,No,Not Applicable,505,UPI,30,3.5,4.8
2024-07-10 17:06:00,CNR8192169975,Success,CID223337,eBike,Sahakar Nagar,Sarjapur Road,238.0,145.0,Not Applicable,Not Applicable,No,Not Applicable,568,Cash,37,4.8,4.0
2024-07-27 04:51:00,CNR8520193162,Success,CID251444,Mini,Malleshwaram,Whitefield,105.0,120.0,Not Applicable,Not Applicable,No,Not Applicable,495,Cash,35,4.2,3.9
2024-07-12 09:07:00,CNR6109754675,Canceled by Driver,CID434037,Bike,Peenya,Langford Town,,,Not Applicable,Customer related issue,Not Applicable,Not Applicable,876,Not Applicable,0,,
2024-07-10 16:59:00,CNR7163534574,Canceled by Driver,CID168587,eBike,RT Nagar,Electronic City,,,Not Applicable,Personal & Car related issue,Not Applicable,Not Applicable,491,Not Applicable,0,,
2024-07-28 12:28:00,CNR7098045595,Success,CID825687,Prime SUV,Tumkur Road,Ramamurthy Nagar,210.0,70.0,Not Applicable,Not Applicable,No,Not Applicable,784,Cash,38,3.0,4.9
2024-07-11 20:17:00,CNR3840985181,Success,CID732239,Mini,Hebbal,Chamarajpet,308.0,60.0,Not Applicable,Not Applicable,No,Not Applicable,314,Cash,11,4.8,4.5
2024-07-04 00:16:00,CNR8129074001,Canceled by Customer,CID590432,Prime Plus,BTM Layout,Nagarbhavi,,,Driver is not moving towards pickup location,Not Applicable,Not Applicable,Not Applicable,857,Not Applicable,0,,
2024-07-03 08:15:00,CNR8798711220,Canceled by Driver,CID730238,Prime Plus,Sarjapur Road,Whitefield,,,Not Applicable,Customer related issue,Not Applicable,Not Applicable,233,Not Applicable,0,,
2024-07-02 11:01:00,CNR3913419958,Driver Not Found,CID819145,Prime Plus,Frazer Town,Basavanagudi,,,Not Applicable,Not Applicable,Not Applicable,Not Applicable,465,Not Applicable,0,,
2024-07-28 16:40:00,CNR6070737409,Success,CID536581,Bike,KR Puram,JP Nagar,168.0,115.0,Not Applicable,Not Applicable,Yes,Vehicle Breakdown,288,UPI,3,4.3,4.4
2024-07-24 13:07:00,CNR9829797625,Canceled by Driver,CID773397,Mini,Yeshwanthpur,Yeshwanthpur,,,Not Applicable,Personal & Car related issue,Not Applicable,Not Applicable,284,Not Applicable,0,,
2024-07-29 17:52:00,CNR8612627910,Success,CID227216,Prime Plus,Langford Town,Jayanagar,154.0,95.0,Not Applicable,Not Applicable,No,Not Applicable,368,Cash,24,3.6,4.1
2024-07-18 01:02:00,CNR9851949319,Success,CID913272,Prime SUV,Hennur,Shivajinagar,119.0,65.0,Not Applicable,Not Applicable,No,Not Applicable,138,UPI,26,4.2,3.5
2024-07-13 06:06:00,CNR8776765392,Success,CID472686,Mini,Chickpet,Mysore Road,273.0,50.0,Not Applicable,Not Applicable,No,Not Applicable,1878,Cash,16,4.9,4.0
2024-07-20 02:14:00,CNR7830294996,Success,CID818819,Mini,Hosur Road,Kammanahalli,133.0,70.0,Not Applicable,Not Applicable,No,Not Applicable,789,UPI,22,4.0,4.7
2024-07-24 03:57:00,CNR3534576535,Canceled by Driver,CID140554,Mini,Hennur,Frazer Town,,,Not Applicable,More than permitted people in there,Not Applicable,Not Applicable,1539,Not Applicable,0,,
2024-07-06 08:46:00,CNR1589150950,Driver Not Found,CID359191,Prime Plus,Banashankari,Marathahalli,,,Not Applicable,Not Applicable,Not Applicable,Not Applicable,957,Not Applicable,0,,
2024-07-23 06:31:00,CNR4708397771,Canceled by Driver,CID767877,eBike,Sarjapur Road,Langford Town,,,Not Applicable,Customer related issue,Not Applicable,Not Applicable,427,Not Applicable,0,,
2024-07-05 00:24:00,CNR4818188212,Success,CID596596,Prime SUV,Shantinagar,Devanahalli,119.0,75.0,Not Applicable,Not Applicable,No,Not Applicable,495,Cash,46,3.5,4.2
2024-07-11 15:54:00,CNR6784589277,Canceled by Driver,CID301951,Bike,RT Nagar,Kengeri,,,Not Applicable,Customer related issue,Not Applicable,Not Applicable,462,Not Applicable,0,,
2024-07-11 13:40:00,CNR9947392107,Success,CID583591,Prime SUV,Vijayanagar,Richmond Town,224.0,45.0,Not Applicable,Not Applicable,No,Not Applicable,371,Cash,6,4.6,3.6
2024-07-19 07:56:00,CNR9243767690,Success,CID178811,Auto,Richmond Town,BTM Layout,140.0,140.0,Not Applicable,Not Applicable,No,Not Applicable,305,UPI,2,3.7,4.1
2024-07-05 13:17:00,CNR8353463302,Success,CID863626,Mini,Koramangala,RT Nagar,252.0,30.0,Not Applicable,Not Applicable,No,Not Applicable,243,UPI,1,4.4,4.0
2024-07-08 17:08:00,CNR5344534032,Canceled by Driver,CID851740,Prime SUV,MG Road,Sahakar Nagar,,,Not Applicable,Customer was coughing/sick,Not Applicable,Not Applicable,953,Not Applicable,0,,
2024-07-06 12:30:00,CNR3144148255,Canceled by Driver,CID335719,Mini,Whitefield,Kengeri,,,Not Applicable,Personal & Car related issue,Not Applicable,Not Applicable,295,Not Applicable,0,,
2024-07-10 10:54:00,CNR9507705542,Success,CID239284,Prime Sedan,Sarjapur Road,Magadi Road,70.0,75.0,Not Applicable,Not Applicable,No,Not Applicable,118,Cash,31,5.0,3.7
2024-07-19 17:02:00,CNR3543816035,Canceled by Customer,CID233966,Prime Plus,Shivajinagar,Devanahalli,,,Wrong Address,Not Applicable,Not Applicable,Not Applicable,113,Not Applicable,0,,
2024-07-17 13:12:00,CNR1168394230,Success,CID995467,Mini,Whitefield,Bellandur,91.0,55.0,Not Applicable,Not Applicable,No,Not Applicable,2481,Debit Card,9,3.8,4.2
2024-07-12 14:30:00,CNR6310455028,Success,CID795501,Prime Sedan,Shantinagar,Sarjapur Road,245.0,75.0,Not Applicable,Not Applicable,No,Not Applicable,551,UPI,15,3.1,4.0
2024-07-16 04:04:00,CNR5488865360,Success,CID796897,Prime Plus,Bannerghatta Road,Magadi Road,147.0,105.0,Not Applicable,Not Applicable,No,Not Applicable,100,UPI,23,4.8,3.4
2024-07-03 14:50:00,CNR7975908700,Success,CID333609,Prime Sedan,Hennur,Majestic,42.0,75.0,Not Applicable,Not Applicable,No,Not Applicable,290,Cash,36,3.5,3.2
2024-07-09 22:48:00,CNR1717289538,Canceled by Customer,CID753947,Bike,Hebbal,BTM Layout,,,Driver asked to cancel,Not Applicable,Not Applicable,Not Applicable,297,Not Applicable,0,,
2024-07-09 03:46:00,CNR7225831001,Canceled by Driver,CID621471,Auto,Kammanahalli,Sahakar Nagar,,,Not Applicable,More than permitted people in there,Not Applicable,Not Applicable,220,Not Applicable,0,,
2024-07-05 19:09:00,CNR5354924545,Success,CID474375,Bike,Langford Town,HSR Layout,245.0,30.0,Not Applicable,Not Applicable,No,Not Applicable,2087,Cash,15,3.9,4.4
2024-07-06 22:00:00,CNR5248402282,Canceled by Driver,CID988623,Mini,Magadi Road,Peenya,,,Not Applicable,Personal & Car related issue,Not Applicable,Not Applicable,495,Not Applicable,0,,
2024-07-10 20:30:00,CNR5029317185,Canceled by Customer,CID944025,Prime Plus,Sarjapur Road,Jayanagar,,,AC is Not working,Not Applicable,Not Applicable,Not Applicable,249,Not Applicable,0,,
2024-07-14 05:22:00,CNR7895243852,Success,CID434435,Prime Plus,Ramamurthy Nagar,Yeshwanthpur,147.0,95.0,Not Applicable,Not Applicable,No,Not Applicable,336,Cash,42,4.8,4.5
2024-07-19 18:19:00,CNR4680270193,Success,CID634529,Auto,Padmanabhanagar,Banashankari,168.0,80.0,Not Applicable,Not Applicable,No,Not Applicable,382,Cash,16,3.5,3.6
2024-07-21 19:02:00,CNR7308085085,Success,CID910323,Mini,Varthur,Bannerghatta Road,84.0,140.0,Not Applicable,Not Applicable,Yes,Customer Demand,362,UPI,23,4.6,3.3
2024-07-19 23:39:00,CNR5896785487,Canceled by Customer,CID221976,eBike,RT Nagar,Magadi Road,,,Driver asked to cancel,Not Applicable,Not Applicable,Not Applicable,172,Not Applicable,0,,
2024-07-16 13:45:00,CNR1951425986,Canceled by Customer,CID880247,Bike,Yeshwanthpur,Hosur Road,,,Driver asked to cancel,Not Applicable,Not Applicable,Not Applicable,407,Not Applicable,0,,
2024-07-08 01:23:00,CNR6618707202,Canceled by Driver,CID509589,Prime Plus,Shantinagar,Chickpet,,,Not Applicable,Customer related issue,Not Applicable,Not Applicable,583,Not Applicable,0,,
2024-07-04 17:08:00,CNR7838734971,Success,CID146924,Auto,Bannerghatta Road,BTM Layout,112.0,65.0,Not Applicable,Not Applicable,No,Not Applicable,463,UPI,15,3.5,4.3
2024-07-23 01:01:00,CNR4816587443,Success,CID127602,Prime Sedan,Hennur,HSR Layout,273.0,45.0,Not Applicable,Not Applicable,No,Not Applicable,461,Cash,27,3.3,3.2
2024-07-28 13:44:00,CNR3514477377,Canceled by Driver,CID595878,eBike,Richmond Town,Mysore Road,,,Not Applicable,Personal & Car related issue,Not Applicable,Not Applicable,1321,Not Applicable,0,,
2024-07-09 05:20:00,CNR3111933785,Success,CID323787,Auto,Padmanabhanagar,Basavanagudi,273.0,125.0,Not Applicable,Not Applicable,Yes,Customer Demand,438,Cash,15,4.3,3.3
2024-07-02 18:01:00,CNR1405229009,Success,CID316416,Bike,Peenya,Rajajinagar,84.0,90.0,Not Applicable,Not Applicable,No,Not Applicable,383,Cash,8,4.1,3.1
2024-07-18 23:09:00,CNR2737443605,Canceled by Driver,CID369550,eBike,Ulsoor,Whitefield,,,Not Applicable,Personal & Car related issue,Not Applicable,Not Applicable,344,Not Applicable,0,,
2024-07-23 22:24:00,CNR6108452381,Success,CID405771,Prime Sedan,Rajarajeshwari Nagar,Sarjapur Road,238.0,105.0,Not Applicable,Not Applicable,No,Not Applicable,622,Cash,40,3.7,4.1
2024-07-31 00:00:00,CNR7684872160,Success,CID654550,Prime Sedan,Devanahalli,Hebbal,56.0,35.0,Not Applicable,Not Applicable,No,Not Applicable,163,Cash,36,4.4,3.6
2024-07-04 21:44:00,CNR1167943575,Success,CID685352,Prime Sedan,Rajarajeshwari Nagar,Yeshwanthpur,231.0,45.0,Not Applicable,Not Applicable,No,Not Applicable,706,Cash,8,4.4,4.8
2024-07-12 20:57:00,CNR3312130095,Canceled by Driver,CID403387,Prime Plus,Yelahanka,Nagarbhavi,,,Not Applicable,More than permitted people in there,Not Applicable,Not Applicable,337,Not Applicable,0,,
2024-07-08 03:17:00,CNR7548870864,Canceled by Driver,CID505877,Prime SUV,Kengeri,Ramamurthy Nagar,,,Not Applicable,Personal & Car related issue,Not Applicable,Not Applicable,475,Not Applicable,0,,
2024-07-30 08:17:00,CNR9761594972,Canceled by Driver,CID300845,Prime Sedan,Jayanagar,BTM Layout,,,Not Applicable,Personal & Car related issue,Not Applicable,Not Applicable,484,Not Applicable,0,,
2024-07-13 22:10:00,CNR1614318361,Success,CID300636,eBike,Vijayanagar,Hennur,56.0,115.0,Not Applicable,Not Applicable,No,Not Applicable,480,Cash,25,3.9,3.8
2024-07-15 10:07:00,CNR7842960923,Success,CID723684,Prime Sedan,Sahakar Nagar,Tumkur Road,259.0,125.0,Not Applicable,Not Applicable,No,Not Applicable,247,Cash,30,3.7,4.4
2024-07-25 02:54:00,CNR9144475722,Driver Not Found,CID655486,Mini,Rajajinagar,Chickpet,,,Not Applicable,Not Applicable,Not Applicable,Not Applicable,301,Not Applicable,0,,
2024-07-26 14:04:00,CNR9354621969,Canceled by Driver,CID115826,eBike,Padmanabhanagar,Devanahalli,,,Not Applicable,Customer related issue,Not Applicable,Not Applicable,491,Not Applicable,0,,
2024-07-19 13:32:00,CNR2592119652,Success,CID557114,Prime Sedan,Vijayanagar,Chickpet,189.0,100.0,Not Applicable,Not Applicable,Yes,Other Issue,432,UPI,8,4.2,3.9
2024-07-05 16:36:00,CNR4879246238,Canceled by Driver,CID945551,Auto,Whitefield,Majestic,,,Not Applicable,Customer related issue,Not Applicable,Not Applicable,258,Not Applicable,0,,
2024-07-02 09:49:00,CNR2939258992,Success,CID586717,eBike,Sarjapur Road,Whitefield,91.0,90.0,Not Applicable,Not Applicable,No,Not Applicable,472,Credit Card,39,3.9,3.9
2024-07-30 10:51:00,CNR6730866855,Success,CID571064,Prime SUV,Kadugodi,Bannerghatta Road,203.0,100.0,Not Applicable,Not Applicable,No,Not Applicable,102,UPI,46,3.6,3.2
2024-07-04 11:26:00,CNR4100126639,Success,CID509954,Prime Plus,Kammanahalli,Indiranagar,224.0,45.0,Not Applicable,Not Applicable,No,Not Applicable,469,Credit Card,28,4.6,3.3
2024-07-03 04:12:00,CNR6615107908,Canceled by Driver,CID683713,eBike,Electronic City,Chamarajpet,,,Not Applicable,Personal & Car related issue,Not Applicable,Not Applicable,309,Not Applicable,0,,
2024-07-04 12:44:00,CNR2024671612,Success,CID448488,Prime Plus,JP Nagar,Bellandur,273.0,45.0,Not Applicable,Not Applicable,No,Not Applicable,482,UPI,48,3.9,3.1
2024-07-10 09:30:00,CNR8014657763,Canceled by Customer,CID539678,Prime Plus,Langford Town,Malleshwaram,,,AC is Not working,Not Applicable,Not Applicable,Not Applicable,299,Not Applicable,0,,
2024-07-30 02:58:00,CNR3735024774,Success,CID816659,Bike,Chamarajpet,Rajajinagar,119.0,130.0,Not Applicable,Not Applicable,No,Not Applicable,379,UPI,41,4.7,3.2
2024-07-30 20:16:00,CNR9049223957,Success,CID552898,Prime Sedan,Nagarbhavi,Cox Town,126.0,130.0,Not Applicable,Not Applicable,No,Not Applicable,423,Cash,42,4.7,4.0
2024-07-27 21:41:00,CNR8415109145,Success,CID682409,Auto,Yeshwanthpur,Padmanabhanagar,294.0,135.0,Not Applicable,Not Applicable,No,Not Applicable,890,Cash,19,3.2,3.7
2024-07-18 17:58:00,CNR5936091788,Success,CID814832,Prime Plus,Marathahalli,Hennur,252.0,105.0,Not Applicable,Not Applicable,No,Not Applicable,287,UPI,42,3.9,3.4
2024-07-16 03:52:00,CNR3103098292,Driver Not Found,CID368990,Prime Plus,Chamarajpet,KR Puram,,,Not Applicable,Not Applicable,Not Applicable,Not Applicable,493,Not Applicable,0,,
2024-07-19 00:35:00,CNR8884866569,Success,CID675440,eBike,Magadi Road,Chickpet,294.0,30.0,Not Applicable,Not Applicable,No,Not Applicable,110,Cash,31,4.0,3.3
2024-07-05 03:01:00,CNR4774724630,Success,CID890368,Mini,Whitefield,Cox Town,112.0,70.0,Not Applicable,Not Applicable,No,Not Applicable,392,UPI,24,3.7,3.6
2024-07-05 04:37:00,CNR9905189845,Success,CID441670,Prime Plus,Varthur,RT Nagar,63.0,90.0,Not Applicable,Not Applicable,No,Not Applicable,2169,UPI,23,3.1,3.2
2024-07-27 07:01:00,CNR8385770085,Success,CID787403,Bike,Shantinagar,Padmanabhanagar,119.0,35.0,Not Applicable,Not Applicable,No,Not Applicable,474,Cash,11,4.6,4.9
2024-07-21 03:30:00,CNR4872474247,Success,CID503176,Mini,Kadugodi,Shivajinagar,175.0,115.0,Not Applicable,Not Applicable,No,Not Applicable,353,Cash,4,3.6,3.2
2024-07-15 21:35:00,CNR7355134834,Success,CID696602,Prime SUV,Magadi Road,Peenya,224.0,105.0,Not Applicable,Not Applicable,No,Not Applicable,2186,UPI,48,3.4,3.7
2024-07-03 12:24:00,CNR5088357344,Canceled by Customer,CID734273,Mini,Indiranagar,Sarjapur Road,,,Change of plans,Not Applicable,Not Applicable,Not Applicable,163,Not Applicable,0,,
2024-07-08 23:39:00,CNR2551069114,Success,CID803384,Prime Sedan,Malleshwaram,Vijayanagar,126.0,135.0,Not Applicable,Not Applicable,No,Not Applicable,168,Cash,26,3.5,3.8
2024-07-19 00:54:00,CNR2663114344,Success,CID847181,Bike,Magadi Road,Nagarbhavi,105.0,75.0,Not Applicable,Not Applicable,No,Not Applicable,415,UPI,40,3.5,3.2
2024-07-27 14:52:00,CNR2304595525,Canceled by Driver,CID782112,Prime Plus,Magadi Road,Peenya,,,Not Applicable,Personal & Car related issue,Not Applicable,Not Applicable,364,Not Applicable,0,,
2024-07-02 20:50:00,CNR5597723235,Success,CID271012,Prime Sedan,Kengeri,Whitefield,217.0,120.0,Not Applicable,Not Applicable,No,Not Applicable,491,Cash,15,4.8,4.0
2024-07-23 21:32:00,CNR8603808915,Success,CID391696,Bike,Kammanahalli,Electronic City,161.0,75.0,Not Applicable,Not Applicable,No,Not Applicable,401,Cash,40,4.0,4.0
2024-07-17 06:39:00,CNR5958002358,Success,CID439006,Prime SUV,Cox Town,Varthur,49.0,125.0,Not Applicable,Not Applicable,No,Not Applicable,202,Cash,32,3.4,4.7
2024-07-27 03:37:00,CNR8697609115,Success,CID826760,Prime SUV,Magadi Road,KR Puram,126.0,25.0,Not Applicable,Not Applicable,No,Not Applicable,937,UPI,41,4.2,3.7
2024-07-23 01:51:00,CNR5727158741,Success,CID267342,Bike,Chickpet,Shivajinagar,273.0,80.0,Not Applicable,Not Applicable,No,Not Applicable,399,UPI,17,4.5,4.6
2024-07-13 18:35:00,CNR5140309295,Canceled by Customer,CID677690,Bike,BTM Layout,Kadugodi,,,Driver asked to cancel,Not Applicable,Not Applicable,Not Applicable,659,Not Applicable,0,,
2024-07-06 09:52:00,CNR7386600899,Success,CID467748,Prime Plus,Jayanagar,Rajarajeshwari Nagar,119.0,135.0,Not Applicable,Not Applicable,No,Not Applicable,994,Cash,38,4.8,3.8
2024-07-26 23:47:00,CNR9073040314,Success,CID892014,Prime SUV,Chickpet,Yelahanka,35.0,70.0,Not Applicable,Not Applicable,No,Not Applicable,393,Cash,39,3.3,4.4
2024-07-06 01:50:00,CNR1083064643,Success,CID806621,Bike,Bannerghatta Road,Padmanabhanagar,112.0,95.0,Not Applicable,Not Applicable,No,Not Applicable,245,Debit Card,29,3.9,3.5
2024-07-11 05:02:00,CNR1888408752,Success,CID546251,Prime Plus,Tumkur Road,Koramangala,252.0,120.0,Not Applicable,Not Applicable,No,Not Applicable,764,UPI,36,3.6,3.5
2024-07-18 14:38:00,CNR3686920224,Driver Not Found,CID555663,Prime SUV,Nagarbhavi,Devanahalli,,,Not Applicable,Not Applicable,Not Applicable,Not Applicable,539,Not Applicable,0,,
2024-07-12 14:45:00,CNR7217842720,Success,CID566692,Prime Sedan,Vijayanagar,Hebbal,259.0,35.0,Not Applicable,Not Applicable,No,Not Applicable,211,Cash,44,3.9,4.7
2024-07-24 09:29:00,CNR6913830702,Success,CID525824,Bike,Sahakar Nagar,Langford Town,210.0,70.0,Not Applicable,Not Applicable,No,Not Applicable,1141,Cash,35,4.2,3.5
2024-07-07 05:26:00,CNR9234769740,Driver Not Found,CID760765,Prime Sedan,RT Nagar,Hennur,,,Not Applicable,Not Applicable,Not Applicable,Not Applicable,363,Not Applicable,0,,
2024-07-09 13:03:00,CNR3291389267,Canceled by Customer,CID641133,Mini,Tumkur Road,Hosur Road,,,Driver is not moving towards pickup location,Not Applicable,Not Applicable,Not Applicable,200,Not Applicable,0,,
2024-07-06 16:29:00,CNR3468806858,Success,CID557222,Auto,Sarjapur Road,Hosur Road,140.0,120.0,Not Applicable,Not Applicable,No,Not Applicable,292,Cash,19,3.7,4.7
2024-07-28 12:47:00,CNR2238314695,Success,CID129975,Prime SUV,Padmanabhanagar,Yeshwanthpur,168.0,100.0,Not Applicable,Not Applicable,No,Not Applicable,206,UPI,17,3.6,3.9
2024-07-22 02:45:00,CNR9547608179,Success,CID326192,Mini,Yeshwanthpur,Sarjapur Road,98.0,95.0,Not Applicable,Not Applicable,No,Not Applicable,384,UPI,11,4.1,3.1
2024-07-10 03:15:00,CNR6320917381,Driver Not Found,CID994067,Bike,Whitefield,MG Road,,,Not Applicable,Not Applicable,Not Applicable,Not Applicable,486,Not Applicable,0,,
2024-07-02 19:34:00,CNR6712048531,Success,CID106086,eBike,Langford Town,Hulimavu,35.0,40.0,Not Applicable,Not Applicable,No,Not Applicable,692,Credit Card,19,3.1,4.0
2024-07-28 14:55:00,CNR7988330789,Success,CID117147,Prime Plus,Nagarbhavi,HSR Layout,308.0,110.0,Not Applicable,Not Applicable,No,Not Applicable,902,Debit Card,23,4.9,4.6
2024-07-15 00:56:00,CNR3486781503,Success,CID317421,Auto,Richmond Town,Koramangala,56.0,60.0,Not Applicable,Not Applicable,No,Not Applicable,2368,Cash,3,4.1,4.8
2024-07-13 09:41:00,CNR2732065710,Success,CID840553,Auto,Richmond Town,Langford Town,119.0,115.0,Not Applicable,Not Applicable,No,Not Applicable,352,Cash,12,4.3,4.6
2024-07-22 11:31:00,CNR4098751351,Success,CID617147,Prime Sedan,Basavanagudi,Devanahalli,301.0,130.0,Not Applicable,Not Applicable,No,Not Applicable,225,UPI,35,3.1,4.4
2024-07-13 01:44:00,CNR4115277096,Success,CID998456,Prime SUV,Banashankari,Ramamurthy Nagar,105.0,40.0,Not Applicable,Not Applicable,No,Not Applicable,1763,Cash,35,4.5,3.3
2024-07-11 05:42:00,CNR3378791371,Driver Not Found,CID328733,Bike,Malleshwaram,Sarjapur Road,,,Not Applicable,Not Applicable,Not Applicable,Not Applicable,327,Not Applicable,0,,
2024-07-14 05:23:00,CNR1173871346,Success,CID813436,Prime SUV,Koramangala,HSR Layout,63.0,60.0,Not Applicable,Not Applicable,No,Not Applicable,461,UPI,32,3.5,4.1
2024-07-08 23:38:00,CNR4893027624,Success,CID165438,Auto,Devanahalli,KR Puram,161.0,145.0,Not Applicable,Not Applicable,No,Not Applicable,251,UPI,3,3.5,4.7
2024-07-13 22:04:00,CNR7881990416,Canceled by Customer,CID545128,eBike,Indiranagar,Hennur,,,Wrong Address,Not Applicable,Not Applicable,Not Applicable,295,Not Applicable,0,,
2024-07-24 12:19:00,CNR7644071716,Success,CID224447,Auto,Whitefield,Tumkur Road,147.0,105.0,Not Applicable,Not Applicable,No,Not Applicable,481,Cash,8,4.8,3.1
2024-07-12 06:34:00,CNR2871163672,Success,CID260152,eBike,Richmond Town,Majestic,84.0,30.0,Not Applicable,Not Applicable,No,Not Applicable,498,UPI,15,3.6,4.7
2024-07-20 15:51:00,CNR7520830903,Success,CID111801,Bike,HSR Layout,Malleshwaram,168.0,115.0,Not Applicable,Not Applicable,Yes,Vehicle Breakdown,2684,Cash,1,4.0,4.3
2024-07-14 05:00:00,CNR9604382389,Success,CID418283,Prime Sedan,KR Puram,Koramangala,273.0,65.0,Not Applicable,Not Applicable,No,Not Applicable,480,Cash,47,3.9,4.3
2024-07-22 00:33:00,CNR8875530875,Canceled by Driver,CID210039,Bike,Whitefield,Malleshwaram,,,Not Applicable,Personal & Car related issue,Not Applicable,Not Applicable,449,Not Applicable,0,,
2024-07-22 13:52:00,CNR2972719913,Canceled by Driver,CID774244,Prime SUV,Tumkur Road,Kadugodi,,,Not Applicable,Customer related issue,Not Applicable,Not Applicable,437,Not Applicable,0,,
2024-07-26 21:08:00,CNR1194566745,Success,CID238142,Prime SUV,Bannerghatta Road,Kadugodi,133.0,90.0,Not Applicable,Not Applicable,No,Not Applicable,985,Cash,34,3.8,3.4
2024-07-04 21:23:00,CNR6298531983,Success,CID644385,Bike,Banashankari,Hosur Road,280.0,75.0,Not Applicable,Not Applicable,Yes,Customer Demand,215,Cash,28,3.3,4.1
2024-07-02 08:14:00,CNR5252032148,Success,CID570584,Prime Sedan,Mysore Road,Basavanagudi,294.0,35.0,Not Applicable,Not Applicable,No,Not Applicable,224,Cash,27,4.2,3.5
2024-07-20 04:40:00,CNR6491749501,Success,CID335661,Auto,Marathahalli,Yelahanka,287.0,50.0,Not Applicable,Not Applicable,No,Not Applicable,930,UPI,19,4.4,3.0
2024-07-27 12:45:00,CNR9131353189,Success,CID981526,Prime Plus,Peenya,Vijayanagar,168.0,105.0,Not Applicable,Not Applicable,No,Not Applicable,819,UPI,11,5.0,3.7
2024-07-14 06:42:00,CNR1886571582,Driver Not Found,CID354383,Prime Sedan,Richmond Town,Yelahanka,,,Not Applicable,Not Applicable,Not Applicable,Not Applicable,223,Not Applicable,0,,
2024-07-10 00:01:00,CNR3112535932,Success,CID202691,Bike,Kengeri,Koramangala,35.0,135.0,Not Applicable,Not Applicable,No,Not Applicable,350,Cash,33,4.6,4.1
2024-07-03 21:32:00,CNR7095989915,Success,CID442959,Mini,Bannerghatta Road,Richmond Town,203.0,115.0,Not Applicable,Not Applicable,No,Not Applicable,1822,UPI,44,4.5,4.5
2024-07-09 17:29:00,CNR5920789859,Success,CID373757,Prime Plus,Rajarajeshwari Nagar,Hebbal,35.0,30.0,Not Applicable,Not Applicable,No,Not Applicable,104,Cash,46,3.8,4.4
2024-07-04 01:24:00,CNR9185824035,Canceled by Customer,CID275034,Prime SUV,Electronic City,Shantinagar,,,Driver is not moving towards pickup location,Not Applicable,Not Applicable,Not Applicable,395,Not Applicable,0,,
2024-07-20 01:54:00,CNR9210503230,Canceled by Driver,CID147333,Prime Plus,Kadugodi,RT Nagar,,,Not Applicable,Customer related issue,Not Applicable,Not Applicable,614,Not Applicable,0,,
2024-07-02 09:30:00,CNR5907979240,Canceled by Customer,CID892070,Auto,Langford Town,Sarjapur Road,,,AC is Not working,Not Applicable,Not Applicable,Not Applicable,318,Not Applicable,0,,
2024-07-30 15:02:00,CNR7662139006,Success,CID786923,Bike,Kammanahalli,Chamarajpet,77.0,55.0,Not Applicable,Not Applicable,Yes,Other Issue,170,Cash,11,3.0,5.0
2024-07-01 08:42:00,CNR8081852189,Success,CID364314,Prime Sedan,Hebbal,Basavanagudi,287.0,145.0,Not Applicable,Not Applicable,No,Not Applicable,433,UPI,8,4.0,4.0
2024-07-18 03:56:00,CNR1704849981,Success,CID853869,Prime Sedan,Chamarajpet,Yeshwanthpur,210.0,130.0,Not Applicable,Not Applicable,Yes,Vehicle Breakdown,726,UPI,1,4.2,3.0
2024-07-11 09:03:00,CNR2203754640,Canceled by Customer,CID466683,eBike,Langford Town,Yelahanka,,,Change of plans,Not Applicable,Not Applicable,Not Applicable,529,Not Applicable,0,,
2024-07-27 21:23:00,CNR3640814661,Canceled by Driver,CID941698,Bike,Mysore Road,RT Nagar,,,Not Applicable,More than permitted people in there,Not Applicable,Not Applicable,868,Not Applicable,0,,
2024-07-14 06:17:00,CNR4620791735,Success,CID658896,Bike,Ramamurthy Nagar,Ulsoor,98.0,140.0,Not Applicable,Not Applicable,No,Not Applicable,423,UPI,19,4.1,4.4
2024-07-29 07:18:00,CNR9378305938,Success,CID829389,Auto,Hennur,Sahakar Nagar,238.0,25.0,Not Applicable,Not Applicable,No,Not Applicable,393,Cash,7,3.7,4.2
2024-07-18 09:50:00,CNR4748797998,Canceled by Driver,CID560522,Prime Sedan,Indiranagar,HSR Layout,,,Not Applicable,Personal & Car related issue,Not Applicable,Not Applicable,287,Not Applicable,0,,
2024-07-30 05:47:00,CNR5401508019,Success,CID569274,Auto,Jayanagar,Banashankari,147.0,55.0,Not Applicable,Not Applicable,No,Not Applicable,217,UPI,19,4.3,4.7
2024-07-09 13:38:00,CNR5109067201,Canceled by Customer,CID577083,Auto,Rajajinagar,Majestic,,,Driver is not moving towards pickup location,Not Applicable,Not Applicable,Not Applicable,371,Not Applicable,0,,
2024-07-16 00:31:00,CNR7961127355,Driver Not Found,CID184882,Prime Plus,Shantinagar,Kengeri,,,Not Applicable,Not Applicable,Not Applicable,Not Applicable,156,Not Applicable,0,,
2024-07-02 16:13:00,CNR8953617611,Success,CID840840,Prime Sedan,BTM Layout,KR Puram,133.0,45.0,Not Applicable,Not Applicable,No,Not Applicable,2247,Cash,14,4.9,4.1
2024-07-24 07:23:00,CNR6370846866,Success,CID314983,Prime Plus,Indiranagar,Jayanagar,301.0,45.0,Not Applicable,Not Applicable,No,Not Applicable,329,UPI,22,4.2,3.3
2024-07-16 10:06:00,CNR3029386764,Canceled by Customer,CID895304,Bike,Mysore Road,Ramamurthy Nagar,,,Wrong Address,Not Applicable,Not Applicable,Not Applicable,539,Not Applicable,0,,
2024-07-03 02:04:00,CNR2766251881,Driver Not Found,CID504346,Prime SUV,Basavanagudi,Hebbal,,,Not Applicable,Not Applicable,Not Applicable,Not Applicable,463,Not Applicable,0,,
2024-07-22 21:52:00,CNR9619288753,Canceled by Customer,CID828005,Prime SUV,Shantinagar,Whitefield,,,Driver is not moving towards pickup location,Not Applicable,Not Applicable,Not Applicable,716,Not Applicable,0,,
2024-07-28 02:52:00,CNR1526239514,Success,CID996158,Bike,Kammanahalli,Chamarajpet,126.0,135.0,Not Applicable,Not Applicable,No,Not Applicable,240,Credit Card,47,3.8,3.0
2024-07-04 00:22:00,CNR6296306064,Canceled by Driver,CID766200,Bike,BTM Layout,HSR Layout,,,Not Applicable,Customer was coughing/sick,Not Applicable,Not Applicable,163,Not Applicable,0,,
2024-07-05 03:30:00,CNR4797493316,Success,CID116113,eBike,Rajajinagar,Koramangala,189.0,130.0,Not Applicable,Not Applicable,No,Not Applicable,406,Cash,16,4.2,4.6
2024-07-15 01:56:00,CNR1378226045,Success,CID583297,eBike,JP Nagar,Hulimavu,182.0,40.0,Not Applicable,Not Applicable,No,Not Applicable,375,UPI,33,3.5,3.9
2024-07-21 16:50:00,CNR9067822189,Success,CID181282,Mini,JP Nagar,Koramangala,168.0,75.0,Not Applicable,Not Applicable,No,Not Applicable,117,Cash,5,3.1,4.2
2024-07-09 03:18:00,CNR7164102251,Canceled by Customer,CID181261,Auto,Hulimavu,Varthur,,,Driver is not moving towards pickup location,Not Applicable,Not Applicable,Not Applicable,135,Not Applicable,0,,
2024-07-01 07:57:00,CNR3992477984,Success,CID977805,Auto,MG Road,HSR Layout,245.0,130.0,Not Applicable,Not Applicable,No,Not Applicable,455,UPI,5,4.6,4.3
2024-07-23 08:06:00,CNR3094329567,Canceled by Driver,CID452159,Mini,Sahakar Nagar,HSR Layout,,,Not Applicable,Personal & Car related issue,Not Applicable,Not Applicable,448,Not Applicable,0,,
2024-07-09 06:47:00,CNR3424145465,Success,CID648852,Mini,Shivajinagar,Rajarajeshwari Nagar,70.0,125.0,Not Applicable,Not Applicable,No,Not Applicable,422,UPI,14,4.4,3.6
2024-07-01 18:53:00,CNR5690221378,Canceled by Customer,CID410033,Prime Plus,Langford Town,Kadugodi,,,Driver asked to cancel,Not Applicable,Not Applicable,Not Applicable,279,Not Applicable,0,,
2024-07-02 05:45:00,CNR8179360755,Canceled by Driver,CID545861,Prime Sedan,Sahakar Nagar,Banashankari,,,Not Applicable,Personal & Car related issue,Not Applicable,Not Applicable,276,Not Applicable,0,,
2024-07-14 04:55:00,CNR2197769536,Success,CID477061,Prime SUV,BTM Layout,Koramangala,112.0,25.0,Not Applicable,Not Applicable,No,Not Applicable,495,UPI,19,3.8,4.3
2024-07-12 02:55:00,CNR7510859901,Success,CID719436,Mini,BTM Layout,Cox Town,259.0,95.0,Not Applicable,Not Applicable,No,Not Applicable,284,Credit Card,19,4.6,3.9
2024-07-24 13:12:00,CNR7390782840,Canceled by Driver,CID573770,Prime Plus,Ulsoor,KR Puram,,,Not Applicable,Personal & Car related issue,Not Applicable,Not Applicable,441,Not Applicable,0,,
2024-07-21 19:49:00,CNR2699472830,Success,CID154057,Prime Sedan,Yeshwanthpur,Hebbal,301.0,75.0,Not Applicable,Not Applicable,No,Not Applicable,358,Cash,33,3.8,3.9
2024-07-02 14:19:00,CNR8604509159,Success,CID220418,Prime Plus,MG Road,Tumkur Road,196.0,50.0,Not Applicable,Not Applicable,No,Not Applicable,601,UPI,48,4.0,3.3
2024-07-04 21:35:00,CNR5559399151,Success,CID154441,Prime Sedan,Bannerghatta Road,Hebbal,280.0,55.0,Not Applicable,Not Applicable,No,Not Applicable,331,Cash,41,3.0,3.4
2024-07-22 23:45:00,CNR3711096169,Canceled by Driver,CID450961,Auto,Rajarajeshwari Nagar,HSR Layout,,,Not Applicable,More than permitted people in there,Not Applicable,Not Applicable,290,Not Applicable,0,,
2024-07-08 09:30:00,CNR6003556067,Canceled by Driver,CID508491,Prime SUV,Varthur,Richmond Town,,,Not Applicable,Customer related issue,Not Applicable,Not Applicable,846,Not Applicable,0,,
2024-07-16 17:33:00,CNR8172156312,Success,CID645324,Bike,KR Puram,Hennur,245.0,45.0,Not Applicable,Not Applicable,No,Not Applicable,137,Cash,12,4.1,3.5
2024-07-23 11:06:00,CNR7194426716,Canceled by Driver,CID271895,eBike,Indiranagar,JP Nagar,,,Not Applicable,Personal & Car related issue,Not Applicable,Not Applicable,1458,Not Applicable,0,,
2024-07-03 19:12:00,CNR5175235825,Success,CID417816,Prime SUV,Peenya,Malleshwaram,119.0,45.0,Not Applicable,Not Applicable,No,Not Applicable,115,Cash,31,3.5,3.1
2024-07-12 21:30:00,CNR9662976737,Canceled by Customer,CID541964,Prime Sedan,Richmond Town,Nagarbhavi,,,AC is Not working,Not Applicable,Not Applicable,Not Applicable,483,Not Applicable,0,,
2024-07-25 10:03:00,CNR9891712094,Success,CID356329,Prime Plus,Yelahanka,Magadi Road,175.0,135.0,Not Applicable,Not Applicable,No,Not Applicable,2116,Cash,6,3.2,4.1
2024-07-25 22:01:00,CNR6264334206,Canceled by Driver,CID193198,Mini,JP Nagar,Devanahalli,,,Not Applicable,Personal & Car related issue,Not Applicable,Not Applicable,237,Not Applicable,0,,
2024-07-16 04:19:00,CNR7638326672,Success,CID824691,eBike,Nagarbhavi,Devanahalli,238.0,140.0,Not Applicable,Not Applicable,No,Not Applicable,375,UPI,18,4.1,3.4
2024-07-11 09:48:00,CNR2374632351,Success,CID859674,Prime SUV,Padmanabhanagar,Ulsoor,182.0,95.0,Not Applicable,Not Applicable,No,Not Applicable,378,UPI,15,4.7,4.0
2024-07-05 10:47:00,CNR1458479228,Success,CID508723,eBike,Devanahalli,Sahakar Nagar,189.0,25.0,Not Applicable,Not Applicable,No,Not Applicable,465,Cash,37,4.1,3.4
2024-07-25 21:29:00,CNR8631989397,Success,CID828141,eBike,Kadugodi,Hebbal,252.0,90.0,Not Applicable,Not Applicable,No,Not Applicable,174,UPI,7,4.7,3.1
2024-07-07 15:59:00,CNR1955557307,Canceled by Driver,CID612008,eBike,Shantinagar,BTM Layout,,,Not Applicable,Personal & Car related issue,Not Applicable,Not Applicable,283,Not Applicable,0,,
2024-07-05 08:25:00,CNR7344907066,Success,CID437973,Mini,RT Nagar,Shantinagar,273.0,70.0,Not Applicable,Not Applicable,No,Not Applicable,452,Cash,12,3.2,4.9
2024-07-24 02:48:00,CNR1358741650,Success,CID639443,Prime Sedan,Hulimavu,Vijayanagar,63.0,50.0,Not Applicable,Not Applicable,No,Not Applicable,789,UPI,30,3.4,3.8
2024-07-13 13:00:00,CNR5308063449,Success,CID874240,Prime SUV,Hebbal,Sahakar Nagar,280.0,65.0,Not Applicable,Not Applicable,No,Not Applicable,203,UPI,8,3.3,4.2
2024-07-01 07:47:00,CNR1189146804,Success,CID160283,Auto,Basavanagudi,JP Nagar,56.0,100.0,Not Applicable,Not Applicable,No,Not Applicable,437,Cash,6,4.8,4.4
2024-07-24 04:21:00,CNR1980505583,Success,CID755874,Prime SUV,Whitefield,Bannerghatta Road,49.0,115.0,Not Applicable,Not Applicable,No,Not Applicable,481,Cash,31,3.6,4.8
2024-07-21 18:49:00,CNR9185459348,Success,CID687356,Prime SUV,Tumkur Road,RT Nagar,98.0,60.0,Not Applicable,Not Applicable,No,Not Applicable,153,Cash,24,4.0,3.5
2024-07-06 17:17:00,CNR7230880456,Canceled by Driver,CID691899,Auto,Vijayanagar,Frazer Town,,,Not Applicable,More than permitted people in there,Not Applicable,Not Applicable,167,Not Applicable,0,,
2024-07-16 09:34:00,CNR3493045128,Success,CID887020,Bike,Basavanagudi,Ulsoor,294.0,65.0,Not Applicable,Not Applicable,No,Not Applicable,1100,Debit Card,13,3.7,4.5
2024-07-04 10:24:00,CNR2501974389,Success,CID917533,Prime Sedan,Vijayanagar,Frazer Town,245.0,25.0,Not Applicable,Not Applicable,No,Not Applicable,1165,UPI,15,4.4,3.3
2024-07-29 15:51:00,CNR1044379973,Success,CID728594,Prime Sedan,Chamarajpet,Padmanabhanagar,224.0,135.0,Not Applicable,Not Applicable,No,Not Applicable,942,Cash,25,4.2,4.5
2024-07-26 04:32:00,CNR7084773450,Success,CID853382,Bike,Tumkur Road,Sahakar Nagar,168.0,45.0,Not Applicable,Not Applicable,No,Not Applicable,2825,Cash,41,3.1,3.4
2024-07-10 13:07:00,CNR7941380842,Success,CID951676,Mini,Indiranagar,Majestic,147.0,35.0,Not Applicable,Not Applicable,No,Not Applicable,405,Cash,23,3.7,3.8
2024-07-16 00:26:00,CNR3171624924,Success,CID968343,Prime Plus,Malleshwaram,Bannerghatta Road,98.0,115.0,Not Applicable,Not Applicable,No,Not Applicable,750,UPI,32,3.0,3.7
2024-07-29 12:13:00,CNR4838950721,Canceled by Driver,CID157511,Prime Sedan,Yeshwanthpur,Shantinagar,,,Not Applicable,Customer related issue,Not Applicable,Not Applicable,343,Not Applicable,0,,
2024-07-24 04:06:00,CNR2365364335,Canceled by Customer,CID565836,Prime Sedan,HSR Layout,Hennur,,,Driver is not moving towards pickup location,Not Applicable,Not Applicable,Not Applicable,1006,Not Applicable,0,,
2024-07-22 04:35:00,CNR8077088764,Driver Not Found,CID191607,eBike,Shantinagar,Langford Town,,,Not Applicable,Not Applicable,Not Applicable,Not Applicable,174,Not Applicable,0,,
2024-07-30 08:21:00,CNR5848323985,Canceled by Driver,CID790985,Mini,Rajajinagar,Shivajinagar,,,Not Applicable,Customer related issue,Not Applicable,Not Applicable,779,Not Applicable,0,,
2024-07-29 10:35:00,CNR2054185233,Canceled by Customer,CID601328,Auto,HSR Layout,Majestic,,,Driver is not moving towards pickup location,Not Applicable,Not Applicable,Not Applicable,394,Not Applicable,0,,
2024-07-29 21:13:00,CNR8261805662,Success,CID326005,Mini,Vijayanagar,Kammanahalli,119.0,25.0,Not Applicable,Not Applicable,No,Not Applicable,144,UPI,36,3.7,3.2
2024-07-28 09:11:00,CNR6074341100,Success,CID642786,Prime Sedan,Nagarbhavi,Devanahalli,259.0,140.0,Not Applicable,Not Applicable,No,Not Applicable,474,Cash,9,4.2,4.7
2024-07-17 22:58:00,CNR9470870751,Success,CID771786,Prime SUV,Hennur,Mysore Road,203.0,135.0,Not Applicable,Not Applicable,No,Not Applicable,383,UPI,41,3.0,3.8
2024-07-29 08:16:00,CNR2495616662,Success,CID866188,Auto,Kadugodi,Hennur,238.0,100.0,Not Applicable,Not Applicable,No,Not Applicable,392,Cash,16,4.3,3.6
2024-07-10 08:02:00,CNR1375355376,Success,CID246843,Prime Sedan,KR Puram,Chamarajpet,294.0,45.0,Not Applicable,Not Applicable,No,Not Applicable,524,Cash,30,3.6,4.5
2024-07-02 16:52:00,CNR2362827776,Success,CID864520,Bike,Electronic City,Hebbal,133.0,40.0,Not Applicable,Not Applicable,No,Not Applicable,305,Cash,35,3.5,4.0
2024-07-18 01:48:00,CNR6676481133,Success,CID251159,Prime Plus,Shantinagar,HSR Layout,175.0,115.0,Not Applicable,Not Applicable,No,Not Applicable,346,UPI,39,4.1,4.0
2024-07-10 07:30:00,CNR9286415848,Success,CID971786,Prime Plus,Bannerghatta Road,HSR Layout,308.0,115.0,Not Applicable,Not Applicable,No,Not Applicable,185,Cash,12,4.4,3.3
2024-07-26 12:25:00,CNR6832650232,Canceled by Driver,CID715379,Bike,Sarjapur Road,Langford Town,,,Not Applicable,Customer related issue,Not Applicable,Not Applicable,2683,Not Applicable,0,,
2024-07-21 14:33:00,CNR4759710277,Success,CID215127,Prime Plus,Koramangala,Magadi Road,210.0,30.0,Not Applicable,Not Applicable,No,Not Applicable,259,UPI,5,4.4,3.8
2024-07-22 00:55:00,CNR4479043151,Success,CID518381,Prime SUV,Ulsoor,Bellandur,217.0,130.0,Not Applicable,Not Applicable,No,Not Applicable,273,Cash,23,4.4,3.5
2024-07-16 01:21:00,CNR9569097254,Success,CID482383,Prime SUV,MG Road,Chamarajpet,77.0,75.0,Not Applicable,Not Applicable,No,Not Applicable,348,UPI,9,3.1,3.5
2024-07-30 01:06:00,CNR3896959852,Driver Not Found,CID189985,Prime Sedan,Rajarajeshwari Nagar,Devanahalli,,,Not Applicable,Not Applicable,Not Applicable,Not Applicable,796,Not Applicable,0,,
2024-07-07 15:26:00,CNR9496972660,Success,CID383259,eBike,Basavanagudi,Tumkur Road,189.0,25.0,Not Applicable,Not Applicable,No,Not Applicable,2973,UPI,44,3.4,4.1
2024-07-12 04:55:00,CNR1733233381,Success,CID762852,Bike,Tumkur Road,Chamarajpet,210.0,25.0,Not Applicable,Not Applicable,No,Not Applicable,331,UPI,3,4.8,4.7
2024-07-19 03:45:00,CNR3485512948,Canceled by Driver,CID336160,Bike,Hulimavu,Shivajinagar,,,Not Applicable,Customer related issue,Not Applicable,Not Applicable,483,Not Applicable,0,,
2024-07-06 20:01:00,CNR6074047248,Canceled by Customer,CID831534,Prime Plus,Magadi Road,Sahakar Nagar,,,Wrong Address,Not Applicable,Not Applicable,Not Applicable,463,Not Applicable,0,,
2024-07-22 10:05:00,CNR7413603333,Success,CID234631,Prime Sedan,Shantinagar,Shivajinagar,119.0,50.0,Not Applicable,Not Applicable,No,Not Applicable,326,UPI,25,3.4,4.6
2024-07-18 10:29:00,CNR4819749792,Canceled by Driver,CID209871,Bike,Richmond Town,Whitefield,,,Not Applicable,Personal & Car related issue,Not Applicable,Not Applicable,468,Not Applicable,0,,
2024-07-17 04:48:00,CNR4268067438,Success,CID974265,Bike,Kengeri,Chickpet,42.0,135.0,Not Applicable,Not Applicable,No,Not Applicable,286,Debit Card,28,4.1,4.9
2024-07-30 19:59:00,CNR7698650927,Canceled by Driver,CID467820,Auto,Padmanabhanagar,Basavanagudi,,,Not Applicable,Customer related issue,Not Applicable,Not Applicable,2242,Not Applicable,0,,
2024-07-28 16:01:00,CNR6712858742,Success,CID519982,Prime Plus,Nagarbhavi,RT Nagar,56.0,45.0,Not Applicable,Not Applicable,No,Not Applicable,2854,Cash,4,4.4,4.8
2024-07-23 23:02:00,CNR1468451868,Canceled by Driver,CID350241,Prime Sedan,Hennur,Shantinagar,,,Not Applicable,Personal & Car related issue,Not Applicable,Not Applicable,464,Not Applicable,0,,
2024-07-16 23:07:00,CNR3330948579,Success,CID280460,Auto,JP Nagar,HSR Layout,280.0,90.0,Not Applicable,Not Applicable,No,Not Applicable,479,UPI,8,4.2,4.9
2024-07-22 18:59:00,CNR8650447075,Canceled by Driver,CID331332,Bike,Indiranagar,Tumkur Road,,,Not Applicable,Customer related issue,Not Applicable,Not Applicable,144,Not Applicable,0,,
2024-07-08 08:15:00,CNR2430756063,Driver Not Found,CID269801,Auto,Yelahanka,Shantinagar,,,Not Applicable,Not Applicable,Not Applicable,Not Applicable,1881,Not Applicable,0,,
2024-07-16 12:50:00,CNR7411704171,Success,CID189584,eBike,Ramamurthy Nagar,Hennur,224.0,40.0,Not Applicable,Not Applicable,No,Not Applicable,217,UPI,41,3.5,4.3
2024-07-19 06:52:00,CNR9471968767,Success,CID578545,Prime SUV,Varthur,Shivajinagar,63.0,85.0,Not Applicable,Not Applicable,No,Not Applicable,1377,UPI,4,4.7,4.7
2024-07-10 01:03:00,CNR7215682399,Success,CID508826,Prime SUV,Sarjapur Road,JP Nagar,308.0,145.0,Not Applicable,Not Applicable,No,Not Applicable,869,Cash,37,3.7,4.1
2024-07-15 21:46:00,CNR4119782281,Canceled by Driver,CID494175,Auto,Sahakar Nagar,Mysore Road,,,Not Applicable,More than permitted people in there,Not Applicable,Not Applicable,250,Not Applicable,0,,
2024-07-09 12:35:00,CNR7986619885,Canceled by Driver,CID917834,Mini,Rajarajeshwari Nagar,Malleshwaram,,,Not Applicable,Customer related issue,Not Applicable,Not Applicable,134,Not Applicable,0,,
2024-07-06 02:03:00,CNR1970558855,Success,CID230146,Auto,Devanahalli,Chamarajpet,280.0,120.0,Not Applicable,Not Applicable,No,Not Applicable,124,UPI,19,3.3,3.7
2024-07-14 05:15:00,CNR4329525146,Driver Not Found,CID129920,Bike,Kadugodi,Vijayanagar,,,Not Applicable,Not Applicable,Not Applicable,Not Applicable,705,Not Applicable,0,,
2024-07-06 08:56:00,CNR7071854528,Success,CID586844,Prime Sedan,Bellandur,Mysore Road,126.0,125.0,Not Applicable,Not Applicable,No,Not Applicable,160,UPI,41,4.9,4.0
2024-07-04 19:28:00,CNR1742066619,Driver Not Found,CID965290,Auto,Banashankari,BTM Layout,,,Not Applicable,Not Applicable,Not Applicable,Not Applicable,403,Not Applicable,0,,
2024-07-27 00:31:00,CNR4550634909,Success,CID574921,Prime SUV,Shivajinagar,Indiranagar,168.0,125.0,Not Applicable,Not Applicable,No,Not Applicable,382,UPI,35,5.0,4.2
2024-07-28 03:46:00,CNR5301932431,Success,CID182306,Prime Sedan,Sahakar Nagar,HSR Layout,287.0,50.0,Not Applicable,Not Applicable,No,Not Applicable,220,Cash,40,3.2,4.5
2024-07-14 19:07:00,CNR9117974148,Success,CID515586,Prime SUV,Malleshwaram,Electronic City,98.0,90.0,Not Applicable,Not Applicable,No,Not Applicable,378,Cash,20,4.3,4.0
2024-07-28 21:15:00,CNR6858916928,Success,CID831687,Prime Plus,Yelahanka,Rajarajeshwari Nagar,154.0,145.0,Not Applicable,Not Applicable,No,Not Applicable,2906,Cash,15,3.8,4.9
2024-07-16 03:16:00,CNR9991801074,Success,CID858067,eBike,Chamarajpet,HSR Layout,203.0,40.0,Not Applicable,Not Applicable,Yes,Customer Demand,380,Cash,42,3.5,3.9
2024-07-24 20:24:00,CNR2037548800,Success,CID448025,Prime Sedan,Vijayanagar,Mysore Road,231.0,40.0,Not Applicable,Not Applicable,No,Not Applicable,2619,Credit Card,38,3.5,4.4
2024-07-15 16:44:00,CNR5885059942,Driver Not Found,CID517552,Prime Sedan,Marathahalli,Richmond Town,,,Not Applicable,Not Applicable,Not Applicable,Not Applicable,186,Not Applicable,0,,
2024-07-22 20:18:00,CNR3855621851,Success,CID685292,Prime SUV,Majestic,Chickpet,84.0,60.0,Not Applicable,Not Applicable,No,Not Applicable,217,Cash,5,4.4,3.6
2024-07-17 16:07:00,CNR3072795749,Driver Not Found,CID928768,Bike,KR Puram,Richmond Town,,,Not Applicable,Not Applicable,Not Applicable,Not Applicable,178,Not Applicable,0,,
2024-07-24 00:39:00,CNR7361370577,Success,CID541172,Mini,KR Puram,Sahakar Nagar,84.0,130.0,Not Applicable,Not Applicable,No,Not Applicable,201,UPI,47,4.1,3.2
2024-07-20 00:23:00,CNR8962610847,Canceled by Customer,CID707593,Auto,Kengeri,Kengeri,,,AC is Not working,Not Applicable,Not Applicable,Not Applicable,581,Not Applicable,0,,
2024-07-24 15:03:00,CNR5014284824,Success,CID890518,Auto,Rajarajeshwari Nagar,Ramamurthy Nagar,168.0,145.0,Not Applicable,Not Applicable,No,Not Applicable,1255,UPI,10,4.1,3.7
2024-07-14 17:04:00,CNR3638227564,Success,CID669769,Prime Sedan,Bannerghatta Road,HSR Layout,140.0,70.0,Not Applicable,Not Applicable,No,Not Applicable,236,Cash,16,4.1,3.2
2024-07-22 13:16:00,CNR6744365965,Success,CID151422,Prime Plus,Kadugodi,Koramangala,203.0,35.0,Not Applicable,Not Applicable,No,Not Applicable,534,Cash,36,3.1,3.9
2024-07-21 00:34:00,CNR7588583402,Success,CID352628,Auto,Varthur,Devanahalli,56.0,105.0,Not Applicable,Not Applicable,No,Not Applicable,381,Cash,12,3.8,4.8
2024-07-01 08:33:00,CNR7120921961,Canceled by Driver,CID277499,Auto,JP Nagar,Kadugodi,,,Not Applicable,More than permitted people in there,Not Applicable,Not Applicable,314,Not Applicable,0,,
2024-07-12 13:16:00,CNR5568987758,Success,CID375003,Mini,Sarjapur Road,Whitefield,168.0,140.0,Not Applicable,Not Applicable,No,Not Applicable,496,Cash,16,4.2,3.1
2024-07-16 02:08:00,CNR3483778522,Canceled by Driver,CID429088,Bike,Hennur,KR Puram,,,Not Applicable,Personal & Car related issue,Not Applicable,Not Applicable,429,Not Applicable,0,,
2024-07-08 10:02:00,CNR4429997171,Success,CID752268,Prime Sedan,Rajajinagar,Kengeri,280.0,135.0,Not Applicable,Not Applicable,No,Not Applicable,282,Cash,38,4.4,4.4
2024-07-10 18:05:00,CNR3446272513,Success,CID717361,Mini,Nagarbhavi,Chickpet,203.0,65.0,Not Applicable,Not Applicable,No,Not Applicable,176,UPI,27,3.1,3.9
2024-07-27 14:35:00,CNR9751254571,Success,CID257850,Prime Plus,Shantinagar,Rajarajeshwari Nagar,189.0,65.0,Not Applicable,Not Applicable,No,Not Applicable,430,UPI,21,4.6,3.4
2024-07-27 14:38:00,CNR2758179767,Canceled by Driver,CID758934,Prime SUV,Hennur,Rajarajeshwari Nagar,,,Not Applicable,More than permitted people in there,Not Applicable,Not Applicable,479,Not Applicable,0,,
2024-07-30 21:04:00,CNR5495286733,Driver Not Found,CID350107,Auto,Koramangala,Hosur Road,,,Not Applicable,Not Applicable,Not Applicable,Not Applicable,411,Not Applicable,0,,
2024-07-03 19:49:00,CNR5001015092,Success,CID124158,Mini,Malleshwaram,Hulimavu,70.0,60.0,Not Applicable,Not Applicable,No,Not Applicable,273,UPI,7,5.0,3.2
2024-07-20 03:30:00,CNR8335584131,Success,CID566596,Prime SUV,Banashankari,Shantinagar,77.0,90.0,Not Applicable,Not Applicable,No,Not Applicable,365,UPI,16,4.2,4.4
2024-07-15 22:18:00,CNR1674780709,Canceled by Driver,CID967892,eBike,Yeshwanthpur,Kengeri,,,Not Applicable,Personal & Car related issue,Not Applicable,Not Applicable,448,Not Applicable,0,,
2024-07-02 18:42:00,CNR6688227468,Canceled by Customer,CID715809,Prime Sedan,Koramangala,JP Nagar,,,Driver is not moving towards pickup location,Not Applicable,Not Applicable,Not Applicable,154,Not Applicable,0,,
2024-07-09 11:08:00,CNR8770556517,Success,CID749434,Auto,Jayanagar,Rajajinagar,112.0,80.0,Not Applicable,Not Applicable,No,Not Applicable,381,Cash,14,3.4,3.9
2024-07-19 11:39:00,CNR8588818633,Success,CID335533,eBike,Peenya,JP Nagar,154.0,145.0,Not Applicable,Not Applicable,No,Not Applicable,426,Cash,31,4.0,5.0
2024-07-12 01:38:00,CNR8562580322,Canceled by Driver,CID270484,Mini,Hebbal,Varthur,,,Not Applicable,Personal & Car related issue,Not Applicable,Not Applicable,253,Not Applicable,0,,
2024-07-15 23:09:00,CNR2431609823,Success,CID816195,Auto,Devanahalli,BTM Layout,266.0,25.0,Not Applicable,Not Applicable,No,Not Applicable,156,Cash,6,3.2,4.3
2024-07-15 14:08:00,CNR9700981756,Success,CID262680,Prime Sedan,Varthur,Banashankari,140.0,130.0,Not Applicable,Not Applicable,No,Not Applicable,232,UPI,23,4.6,4.6
2024-07-07 00:01:00,CNR6316748634,Success,CID448739,Bike,Frazer Town,KR Puram,168.0,35.0,Not Applicable,Not Applicable,No,Not Applicable,697,UPI,11,4.9,3.5
2024-07-14 03:17:00,CNR4994018446,Success,CID861361,Auto,Hennur,Electronic City,91.0,25.0,Not Applicable,Not Applicable,Yes,Vehicle Breakdown,622,UPI,8,4.7,3.8
2024-07-24 17:02:00,CNR2291149856,Success,CID978966,Auto,Malleshwaram,Marathahalli,259.0,90.0,Not Applicable,Not Applicable,No,Not Applicable,195,UPI,19,3.9,4.6
2024-07-05 17:10:00,CNR2298321702,Canceled by Customer,CID323161,Auto,Malleshwaram,Banashankari,,,AC is Not working,Not Applicable,Not Applicable,Not Applicable,856,Not Applicable,0,,
2024-07-19 19:59:00,CNR1867266077,Success,CID923087,Bike,Whitefield,MG Road,56.0,30.0,Not Applicable,Not Applicable,No,Not Applicable,210,Cash,43,3.2,3.8
2024-07-27 01:39:00,CNR1987812545,Canceled by Customer,CID294310,Prime SUV,Chickpet,Devanahalli,,,Driver asked to cancel,Not Applicable,Not Applicable,Not Applicable,367,Not Applicable,0,,
2024-07-27 06:33:00,CNR4769575894,Success,CID834760,Mini,Devanahalli,Bellandur,280.0,40.0,Not Applicable,Not Applicable,Yes,Vehicle Breakdown,113,UPI,14,3.5,3.4
2024-07-26 09:15:00,CNR4109928219,Driver Not Found,CID114240,Bike,JP Nagar,Langford Town,,,Not Applicable,Not Applicable,Not Applicable,Not Applicable,271,Not Applicable,0,,
2024-07-30 10:41:00,CNR4919032591,Success,CID369641,eBike,Yelahanka,Rajajinagar,126.0,115.0,Not Applicable,Not Applicable,Yes,Customer Demand,457,UPI,4,3.8,4.7
2024-07-21 03:22:00,CNR1092608199,Canceled by Driver,CID335525,Mini,Electronic City,Nagarbhavi,,,Not Applicable,Customer related issue,Not Applicable,Not Applicable,337,Not Applicable,0,,
2024-07-09 14:43:00,CNR7557242483,Success,CID844405,Prime Plus,Koramangala,Bannerghatta Road,119.0,135.0,Not Applicable,Not Applicable,No,Not Applicable,421,UPI,49,3.3,4.5
2024-07-26 13:42:00,CNR5292780179,Success,CID868367,Mini,Majestic,JP Nagar,210.0,70.0,Not Applicable,Not Applicable,No,Not Applicable,137,Cash,10,4.1,3.4
2024-07-23 07:06:00,CNR1066337574,Success,CID737481,Auto,Tumkur Road,RT Nagar,266.0,50.0,Not Applicable,Not Applicable,No,Not Applicable,342,Cash,5,4.5,3.6
2024-07-09 10:47:00,CNR4177110887,Canceled by Driver,CID928664,Prime Plus,Padmanabhanagar,Tumkur Road,,,Not Applicable,Customer related issue,Not Applicable,Not Applicable,470,Not Applicable,0,,
2024-07-01 10:50:00,CNR6846536420,Success,CID525113,Prime Sedan,Hosur Road,Kammanahalli,119.0,40.0,Not Applicable,Not Applicable,No,Not Applicable,1717,UPI,3,3.6,3.4
2024-07-02 02:43:00,CNR2479788991,Success,CID641264,Prime Plus,Yeshwanthpur,RT Nagar,252.0,30.0,Not Applicable,Not Applicable,No,Not Applicable,308,Cash,17,3.8,4.0
2024-07-09 23:57:00,CNR6090548843,Success,CID739541,eBike,Shivajinagar,Bellandur,210.0,145.0,Not Applicable,Not Applicable,No,Not Applicable,389,UPI,34,4.7,4.5
2024-07-05 15:59:00,CNR1463584763,Success,CID369066,eBike,HSR Layout,Basavanagudi,77.0,40.0,Not Applicable,Not Applicable,No,Not Applicable,865,Cash,47,3.8,4.6
2024-07-26 20:40:00,CNR7589658384,Canceled by Customer,CID789946,Bike,Hulimavu,Kammanahalli,,,Driver asked to cancel,Not Applicable,Not Applicable,Not Applicable,372,Not Applicable,0,,
2024-07-17 02:40:00,CNR9097362168,Success,CID378181,Mini,Shantinagar,Sahakar Nagar,168.0,115.0,Not Applicable,Not Applicable,No,Not Applicable,479,Cash,31,4.4,3.7
2024-07-20 19:26:00,CNR5645702988,Canceled by Driver,CID345661,eBike,MG Road,Bannerghatta Road,,,Not Applicable,Personal & Car related issue,Not Applicable,Not Applicable,396,Not Applicable,0,,
2024-07-09 09:46:00,CNR2742148552,Success,CID727595,Prime SUV,Basavanagudi,Basavanagudi,252.0,40.0,Not Applicable,Not Applicable,No,Not Applicable,248,Cash,30,3.9,3.9
2024-07-23 22:27:00,CNR9299720319,Canceled by Driver,CID205363,Prime Plus,Rajajinagar,Frazer Town,,,Not Applicable,Customer related issue,Not Applicable,Not Applicable,368,Not Applicable,0,,
2024-07-22 19:49:00,CNR3483580491,Success,CID476741,Mini,BTM Layout,Shantinagar,301.0,95.0,Not Applicable,Not Applicable,No,Not Applicable,148,Cash,12,3.5,4.6
2024-07-29 21:40:00,CNR1166417218,Success,CID749310,eBike,Richmond Town,Bellandur,175.0,125.0,Not Applicable,Not Applicable,No,Not Applicable,359,Credit Card,21,4.5,4.6
2024-07-24 23:03:00,CNR2166106859,Success,CID924538,Prime SUV,Malleshwaram,Bellandur,35.0,145.0,Not Applicable,Not Applicable,No,Not Applicable,493,Debit Card,37,4.1,3.8
2024-07-16 01:53:00,CNR3486758797,Success,CID469499,Prime Plus,Nagarbhavi,Richmond Town,154.0,30.0,Not Applicable,Not Applicable,No,Not Applicable,108,UPI,3,3.7,3.9
2024-07-19 11:00:00,CNR9656881255,Success,CID898072,eBike,Electronic City,Padmanabhanagar,133.0,95.0,Not Applicable,Not Applicable,No,Not Applicable,312,UPI,22,3.3,3.1
2024-07-02 15:47:00,CNR8790419845,Canceled by Driver,CID419900,Prime Plus,Ulsoor,Devanahalli,,,Not Applicable,Customer related issue,Not Applicable,Not Applicable,616,Not Applicable,0,,
2024-07-08 03:59:00,CNR2825710854,Canceled by Driver,CID534865,Prime SUV,Shivajinagar,Hosur Road,,,Not Applicable,Customer was coughing/sick,Not Applicable,Not Applicable,1649,Not Applicable,0,,
2024-07-15 20:49:00,CNR3840105000,Success,CID170490,Mini,Jayanagar,RT Nagar,273.0,100.0,Not Applicable,Not Applicable,No,Not Applicable,127,UPI,9,3.1,4.1
2024-07-02 13:21:00,CNR3224431059,Canceled by Driver,CID725285,Bike,Langford Town,Nagarbhavi,,,Not Applicable,Customer related issue,Not Applicable,Not Applicable,468,Not Applicable,0,,
2024-07-19 09:20:00,CNR8624772821,Success,CID333385,Mini,Chamarajpet,Shivajinagar,140.0,85.0,Not Applicable,Not Applicable,No,Not Applicable,938,Cash,37,3.2,4.2
2024-07-08 14:27:00,CNR1692309571,Success,CID936663,eBike,Rajajinagar,Yeshwanthpur,49.0,90.0,Not Applicable,Not Applicable,No,Not Applicable,100,Cash,48,4.3,3.0
2024-07-09 09:02:00,CNR8282336526,Success,CID585511,Auto,BTM Layout,Richmond Town,259.0,45.0,Not Applicable,Not Applicable,No,Not Applicable,477,Cash,6,3.7,3.3
2024-07-02 04:23:00,CNR7253238976,Success,CID142240,eBike,KR Puram,BTM Layout,105.0,75.0,Not Applicable,Not Applicable,No,Not Applicable,668,UPI,10,3.2,4.8
2024-07-22 14:13:00,CNR7652462561,Success,CID116213,Mini,Langford Town,Ramamurthy Nagar,133.0,45.0,Not Applicable,Not Applicable,No,Not Applicable,109,Cash,34,4.4,4.4
2024-07-13 18:15:00,CNR6893119751,Success,CID713585,eBike,Shantinagar,Malleshwaram,238.0,110.0,Not Applicable,Not Applicable,No,Not Applicable,103,UPI,27,3.7,3.7
2024-07-26 12:31:00,CNR8441163863,Canceled by Customer,CID163237,Auto,Banashankari,KR Puram,,,Driver is not moving towards pickup location,Not Applicable,Not Applicable,Not Applicable,434,Not Applicable,0,,
2024-07-20 02:21:00,CNR7654428021,Driver Not Found,CID188333,Mini,Jayanagar,Shivajinagar,,,Not Applicable,Not Applicable,Not Applicable,Not Applicable,402,Not Applicable,0,,
2024-07-20 17:26:00,CNR9741570563,Success,CID508905,Bike,Richmond Town,BTM Layout,84.0,65.0,Not Applicable,Not Applicable,No,Not Applicable,969,Cash,19,4.4,4.7
2024-07-06 14:23:00,CNR6038637928,Canceled by Driver,CID752493,Bike,Banashankari,Kadugodi,,,Not Applicable,More than permitted people in there,Not Applicable,Not Applicable,229,Not Applicable,0,,
2024-07-27 18:36:00,CNR5136827531,Success,CID633975,eBike,JP Nagar,Hebbal,147.0,110.0,Not Applicable,Not Applicable,Yes,Customer Demand,755,UPI,25,4.4,4.9
2024-07-11 23:24:00,CNR1374558281,Canceled by Driver,CID310589,Prime Plus,JP Nagar,Peenya,,,Not Applicable,Customer related issue,Not Applicable,Not Applicable,788,Not Applicable,0,,
2024-07-21 02:04:00,CNR4596770275,Success,CID378356,Prime Sedan,Yelahanka,Varthur,189.0,60.0,Not Applicable,Not Applicable,No,Not Applicable,146,Cash,40,4.3,3.6
2024-07-30 20:38:00,CNR8620668641,Canceled by Driver,CID212868,Auto,Hosur Road,Padmanabhanagar,,,Not Applicable,Personal & Car related issue,Not Applicable,Not Applicable,208,Not Applicable,0,,
2024-07-12 23:27:00,CNR6067901704,Canceled by Driver,CID802739,Prime SUV,Chickpet,Mysore Road,,,Not Applicable,More than permitted people in there,Not Applicable,Not Applicable,2834,Not Applicable,0,,
2024-07-13 13:51:00,CNR9964576675,Success,CID329417,Prime Sedan,Kammanahalli,Shantinagar,42.0,60.0,Not Applicable,Not Applicable,No,Not Applicable,665,UPI,42,3.9,4.8
2024-07-17 03:25:00,CNR6491600271,Canceled by Driver,CID459605,Auto,Yeshwanthpur,Majestic,,,Not Applicable,Customer was coughing/sick,Not Applicable,Not Applicable,257,Not Applicable,0,,
2024-07-12 19:51:00,CNR4660829631,Success,CID433036,Mini,Kengeri,Peenya,154.0,115.0,Not Applicable,Not Applicable,No,Not Applicable,1592,Cash,45,4.8,3.8
2024-07-06 18:08:00,CNR7437966066,Success,CID116225,Auto,MG Road,Langford Town,189.0,65.0,Not Applicable,Not Applicable,No,Not Applicable,735,UPI,4,4.2,4.8
2024-07-16 23:16:00,CNR1732386541,Canceled by Customer,CID233540,Mini,Hulimavu,Mysore Road,,,AC is Not working,Not Applicable,Not Applicable,Not Applicable,1374,Not Applicable,0,,
2024-07-10 04:11:00,CNR2434552359,Success,CID437174,eBike,Chickpet,Electronic City,189.0,50.0,Not Applicable,Not Applicable,No,Not Applicable,115,Cash,45,3.8,4.6
2024-07-12 23:44:00,CNR6060523967,Canceled by Driver,CID371541,Auto,Chickpet,Basavanagudi,,,Not Applicable,Personal & Car related issue,Not Applicable,Not Applicable,286,Not Applicable,0,,
2024-07-12 18:05:00,CNR1234884855,Success,CID299679,Prime Plus,Magadi Road,Kengeri,294.0,55.0,Not Applicable,Not Applicable,No,Not Applicable,439,UPI,10,3.3,3.1
2024-07-11 00:31:00,CNR7888377246,Canceled by Customer,CID961366,Bike,Electronic City,Vijayanagar,,,Driver is not moving towards pickup location,Not Applicable,Not Applicable,Not Applicable,707,Not Applicable,0,,
2024-07-25 03:20:00,CNR1067497071,Success,CID508648,Mini,Hennur,Basavanagudi,35.0,135.0,Not Applicable,Not Applicable,No,Not Applicable,205,UPI,18,3.1,3.2
2024-07-04 21:14:00,CNR7853706827,Success,CID886734,Prime Plus,Rajajinagar,Rajajinagar,252.0,75.0,Not Applicable,Not Applicable,No,Not Applicable,2416,Cash,48,3.6,4.2
2024-07-15 16:40:00,CNR9735653130,Success,CID813491,Prime SUV,Indiranagar,Bellandur,35.0,50.0,Not Applicable,Not Applicable,No,Not Applicable,133,UPI,16,3.9,4.2
2024-07-11 03:31:00,CNR4646415076,Canceled by Driver,CID915414,Prime SUV,Hebbal,Jayanagar,,,Not Applicable,Customer related issue,Not Applicable,Not Applicable,266,Not Applicable,0,,
2024-07-07 18:14:00,CNR5785740891,Success,CID511475,Mini,Kengeri,Chickpet,210.0,135.0,Not Applicable,Not Applicable,No,Not Applicable,497,Cash,6,4.8,3.5
2024-07-01 22:56:00,CNR5577442685,Success,CID834818,Bike,Yeshwanthpur,Peenya,245.0,135.0,Not Applicable,Not Applicable,No,Not Applicable,968,UPI,42,3.1,5.0
2024-07-20 17:45:00,CNR5955467572,Success,CID326120,Prime Plus,Bellandur,Malleshwaram,217.0,45.0,Not Applicable,Not Applicable,No,Not Applicable,785,Debit Card,25,3.6,3.3
2024-07-20 23:01:00,CNR8278973539,Canceled by Driver,CID117621,Prime Sedan,Chamarajpet,Shivajinagar,,,Not Applicable,Personal & Car related issue,Not Applicable,Not Applicable,373,Not Applicable,0,,
2024-07-20 06:43:00,CNR7758259109,Driver Not Found,CID147043,Prime Sedan,KR Puram,Malleshwaram,,,Not Applicable,Not Applicable,Not Applicable,Not Applicable,259,Not Applicable,0,,
2024-07-17 16:57:00,CNR2314347977,Canceled by Driver,CID778881,Prime SUV,Varthur,Basavanagudi,,,Not Applicable,Personal & Car related issue,Not Applicable,Not Applicable,202,Not Applicable,0,,
2024-07-09 06:42:00,CNR8817774737,Success,CID187787,eBike,Yeshwanthpur,Koramangala,231.0,100.0,Not Applicable,Not Applicable,No,Not Applicable,2588,Cash,33,4.3,4.5
2024-07-13 18:54:00,CNR4258795549,Canceled by Driver,CID504153,Prime Plus,Electronic City,Banashankari,,,Not Applicable,Customer related issue,Not Applicable,Not Applicable,449,Not Applicable,0,,
2024-07-01 03:36:00,CNR3216420078,Success,CID638156,Prime Sedan,Bellandur,Sarjapur Road,119.0,85.0,Not Applicable,Not Applicable,No,Not Applicable,134,UPI,2,3.4,3.4
2024-07-07 20:03:00,CNR6097178984,Success,CID714049,eBike,Magadi Road,Bannerghatta Road,280.0,35.0,Not Applicable,Not Applicable,No,Not Applicable,254,Cash,29,3.4,4.2
2024-07-19 10:03:00,CNR6807793408,Success,CID882337,eBike,Kengeri,Kengeri,224.0,120.0,Not Applicable,Not Applicable,No,Not Applicable,396,Cash,19,3.6,4.3
2024-07-22 02:25:00,CNR2103552443,Success,CID292613,Mini,Hennur,Vijayanagar,182.0,85.0,Not Applicable,Not Applicable,No,Not Applicable,130,UPI,27,4.4,4.4
2024-07-01 21:16:00,CNR8727369580,Canceled by Driver,CID309057,Prime SUV,Yelahanka,Mysore Road,,,Not Applicable,Personal & Car related issue,Not Applicable,Not Applicable,996,Not Applicable,0,,
2024-07-15 15:21:00,CNR6117850103,Canceled by Driver,CID248375,Prime Sedan,Marathahalli,Ulsoor,,,Not Applicable,Personal & Car related issue,Not Applicable,Not Applicable,140,Not Applicable,0,,
2024-07-12 05:59:00,CNR3810367526,Canceled by Driver,CID211516,eBike,Cox Town,Ramamurthy Nagar,,,Not Applicable,Personal & Car related issue,Not Applicable,Not Applicable,338,Not Applicable,0,,
2024-07-18 15:02:00,CNR4966816165,Success,CID369291,Prime Plus,Devanahalli,Bannerghatta Road,245.0,95.0,Not Applicable,Not Applicable,No,Not Applicable,481,Cash,27,3.8,4.4
2024-07-07 17:55:00,CNR7031970106,Canceled by Customer,CID794101,Mini,Devanahalli,Jayanagar,,,Change of plans,Not Applicable,Not Applicable,Not Applicable,111,Not Applicable,0,,
2024-07-23 10:12:00,CNR2515998791,Canceled by Customer,CID453940,Prime Sedan,Padmanabhanagar,Richmond Town,,,Change of plans,Not Applicable,Not Applicable,Not Applicable,413,Not Applicable,0,,
2024-07-16 19:49:00,CNR1286259608,Success,CID229419,Auto,Ulsoor,Bellandur,182.0,105.0,Not Applicable,Not Applicable,No,Not Applicable,323,Cash,14,4.6,4.1
2024-07-09 19:51:00,CNR1278861411,Canceled by Customer,CID772245,Mini,Tumkur Road,Kadugodi,,,Wrong Address,Not Applicable,Not Applicable,Not Applicable,359,Not Applicable,0,,
2024-07-23 18:27:00,CNR9467206162,Driver Not Found,CID989362,eBike,Shivajinagar,Electronic City,,,Not Applicable,Not Applicable,Not Applicable,Not Applicable,947,Not Applicable,0,,
2024-07-30 03:27:00,CNR9931123333,Canceled by Customer,CID415628,Prime Plus,HSR Layout,Tumkur Road,,,Change of plans,Not Applicable,Not Applicable,Not Applicable,706,Not Applicable,0,,
2024-07-21 16:07:00,CNR9925145731,Success,CID525328,Bike,Hulimavu,Hosur Road,161.0,85.0,Not Applicable,Not Applicable,No,Not Applicable,765,UPI,29,4.8,4.9
2024-07-30 08:18:00,CNR7838226843,Success,CID839239,eBike,BTM Layout,Hebbal,42.0,60.0,Not Applicable,Not Applicable,No,Not Applicable,986,Credit Card,41,4.8,4.7
2024-07-29 03:26:00,CNR8808462266,Success,CID479054,Mini,BTM Layout,Koramangala,112.0,55.0,Not Applicable,Not Applicable,Yes,Vehicle Breakdown,321,UPI,32,3.8,3.1
2024-07-11 22:57:00,CNR5941808058,Canceled by Driver,CID462545,Prime Sedan,Sarjapur Road,Kengeri,,,Not Applicable,Customer related issue,Not Applicable,Not Applicable,447,Not Applicable,0,,
2024-07-26 22:03:00,CNR9843219452,Driver Not Found,CID845688,Bike,MG Road,Magadi Road,,,Not Applicable,Not Applicable,Not Applicable,Not Applicable,200,Not Applicable,0,,
2024-07-21 17:57:00,CNR4382867334,Canceled by Customer,CID675290,Auto,KR Puram,Basavanagudi,,,AC is Not working,Not Applicable,Not Applicable,Not Applicable,833,Not Applicable,0,,
2024-07-02 04:44:00,CNR4053159416,Canceled by Customer,CID597719,Auto,Cox Town,Whitefield,,,Wrong Address,Not Applicable,Not Applicable,Not Applicable,261,Not Applicable,0,,
2024-07-30 02:57:00,CNR9910733759,Success,CID411047,eBike,Mysore Road,Langford Town,154.0,60.0,Not Applicable,Not Applicable,No,Not Applicable,2105,Credit Card,30,4.1,3.5
2024-07-06 11:13:00,CNR2168066432,Success,CID745583,Auto,Sahakar Nagar,Devanahalli,98.0,115.0,Not Applicable,Not Applicable,No,Not Applicable,214,UPI,14,4.5,4.9
2024-07-08 21:44:00,CNR8838845948,Success,CID114698,Prime Sedan,HSR Layout,Bellandur,280.0,40.0,Not Applicable,Not Applicable,No,Not Applicable,888,Cash,28,4.5,4.5
2024-07-16 02:39:00,CNR1966806247,Driver Not Found,CID532634,Prime Plus,Frazer Town,Ramamurthy Nagar,,,Not Applicable,Not Applicable,Not Applicable,Not Applicable,107,Not Applicable,0,,
2024-07-20 08:07:00,CNR7146595344,Driver Not Found,CID849633,Mini,Shivajinagar,Marathahalli,,,Not Applicable,Not Applicable,Not Applicable,Not Applicable,822,Not Applicable,0,,
2024-07-22 13:29:00,CNR2799141573,Driver Not Found,CID502093,Auto,Electronic City,Tumkur Road,,,Not Applicable,Not Applicable,Not Applicable,Not Applicable,339,Not Applicable,0,,
2024-07-24 20:03:00,CNR3980758908,Success,CID348652,Prime SUV,Sahakar Nagar,Devanahalli,287.0,85.0,Not Applicable,Not Applicable,No,Not Applicable,113,Cash,21,3.2,3.1
2024-07-10 07:40:00,CNR4493619426,Success,CID595266,Prime Sedan,JP Nagar,Rajarajeshwari Nagar,154.0,130.0,Not Applicable,Not Applicable,No,Not Applicable,538,Cash,37,3.8,4.7
2024-07-30 19:52:00,CNR2018295698,Success,CID545820,Mini,Indiranagar,BTM Layout,245.0,80.0,Not Applicable,Not Applicable,No,Not Applicable,335,Cash,49,4.3,3.2
2024-07-03 05:28:00,CNR5200321704,Success,CID906924,eBike,KR Puram,Richmond Town,161.0,80.0,Not Applicable,Not Applicable,No,Not Applicable,282,Cash,34,4.3,4.3
2024-07-17 05:18:00,CNR8342823315,Success,CID788140,Mini,Magadi Road,Ramamurthy Nagar,56.0,95.0,Not Applicable,Not Applicable,No,Not Applicable,137,UPI,44,4.5,3.1
2024-07-09 06:23:00,CNR5665979107,Canceled by Customer,CID665788,Prime Plus,Indiranagar,Sarjapur Road,,,Driver is not moving towards pickup location,Not Applicable,Not Applicable,Not Applicable,386,Not Applicable,0,,
2024-07-09 15:04:00,CNR2009984139,Success,CID427130,Prime SUV,Richmond Town,Langford Town,245.0,90.0,Not Applicable,Not Applicable,No,Not Applicable,432,Cash,1,4.0,3.1
2024-07-26 06:17:00,CNR9545901812,Driver Not Found,CID285615,Prime Sedan,Tumkur Road,Varthur,,,Not Applicable,Not Applicable,Not Applicable,Not Applicable,147,Not Applicable,0,,
2024-07-08 21:18:00,CNR9183174802,Canceled by Driver,CID425767,Prime Sedan,Ulsoor,HSR Layout,,,Not Applicable,Personal & Car related issue,Not Applicable,Not Applicable,414,Not Applicable,0,,
2024-07-30 10:04:00,CNR4490924639,Success,CID575974,Auto,KR Puram,JP Nagar,231.0,110.0,Not Applicable,Not Applicable,No,Not Applicable,343,UPI,4,4.4,3.1
2024-07-19 02:47:00,CNR1972927078,Success,CID277841,Prime Plus,Nagarbhavi,Frazer Town,189.0,85.0,Not Applicable,Not Applicable,No,Not Applicable,781,UPI,27,3.3,4.4
2024-07-03 16:37:00,CNR7927955841,Success,CID672247,Auto,Cox Town,BTM Layout,287.0,95.0,Not Applicable,Not Applicable,No,Not Applicable,328,Cash,4,4.3,3.7
2024-07-11 14:42:00,CNR3367766236,Success,CID308436,Prime SUV,Koramangala,Marathahalli,301.0,125.0,Not Applicable,Not Applicable,No,Not Applicable,388,UPI,12,4.4,3.3
2024-07-22 03:44:00,CNR6324150620,Canceled by Driver,CID669186,Bike,Cox Town,Nagarbhavi,,,Not Applicable,Personal & Car related issue,Not Applicable,Not Applicable,773,Not Applicable,0,,
2024-07-22 22:36:00,CNR1467367194,Success,CID774163,Prime Sedan,Kadugodi,Chickpet,259.0,125.0,Not Applicable,Not Applicable,No,Not Applicable,323,Cash,8,4.2,3.1
2024-07-21 17:53:00,CNR7085226608,Success,CID143354,eBike,Malleshwaram,Sahakar Nagar,35.0,50.0,Not Applicable,Not Applicable,No,Not Applicable,437,UPI,38,3.3,3.3
2024-07-06 18:58:00,CNR1952891096,Success,CID683474,Mini,Kadugodi,Ramamurthy Nagar,98.0,35.0,Not Applicable,Not Applicable,No,Not Applicable,1221,UPI,28,5.0,3.2
2024-07-05 17:35:00,CNR7643592109,Driver Not Found,CID518143,Auto,Chamarajpet,Padmanabhanagar,,,Not Applicable,Not Applicable,Not Applicable,Not Applicable,288,Not Applicable,0,,
2024-07-21 11:29:00,CNR3794401410,Driver Not Found,CID264877,eBike,Chamarajpet,Peenya,,,Not Applicable,Not Applicable,Not Applicable,Not Applicable,407,Not Applicable,0,,
2024-07-21 17:55:00,CNR6602415284,Success,CID167496,Prime SUV,Tumkur Road,Chickpet,161.0,65.0,Not Applicable,Not Applicable,No,Not Applicable,416,UPI,32,3.2,3.9
2024-07-14 03:25:00,CNR5308686182,Success,CID953922,Prime Plus,Frazer Town,Kadugodi,98.0,90.0,Not Applicable,Not Applicable,No,Not Applicable,320,UPI,32,3.9,4.3
2024-07-15 08:44:00,CNR7561809658,Success,CID935633,Prime Sedan,JP Nagar,JP Nagar,147.0,120.0,Not Applicable,Not Applicable,Yes,Customer Demand,110,Cash,24,4.0,3.3
2024-07-29 10:05:00,CNR3871103664,Success,CID838849,Bike,Mysore Road,Tumkur Road,231.0,145.0,Not Applicable,Not Applicable,No,Not Applicable,140,UPI,2,4.7,4.6
2024-07-05 22:30:00,CNR5219679376,Success,CID316207,Bike,Bannerghatta Road,Kammanahalli,35.0,80.0,Not Applicable,Not Applicable,No,Not Applicable,169,UPI,41,3.3,3.4
2024-07-08 04:47:00,CNR8572469877,Driver Not Found,CID951728,Prime Sedan,Banashankari,Koramangala,,,Not Applicable,Not Applicable,Not Applicable,Not Applicable,108,Not Applicable,0,,
2024-07-06 18:23:00,CNR7465537865,Success,CID937914,Prime Plus,Vijayanagar,Whitefield,203.0,140.0,Not Applicable,Not Applicable,No,Not Applicable,358,UPI,30,4.7,4.1
2024-07-02 10:37:00,CNR5582776799,Canceled by Driver,CID974863,Prime Sedan,Whitefield,RT Nagar,,,Not Applicable,More than permitted people in there,Not Applicable,Not Applicable,118,Not Applicable,0,,
2024-07-04 07:52:00,CNR7520106085,Driver Not Found,CID159663,Bike,KR Puram,Basavanagudi,,,Not Applicable,Not Applicable,Not Applicable,Not Applicable,500,Not Applicable,0,,
2024-07-08 07:47:00,CNR5932215988,Success,CID974502,Bike,Majestic,Jayanagar,259.0,115.0,Not Applicable,Not Applicable,No,Not Applicable,440,Cash,1,4.4,3.4
2024-07-15 08:17:00,CNR8829766423,Success,CID875371,Prime Plus,Varthur,Rajajinagar,154.0,140.0,Not Applicable,Not Applicable,No,Not Applicable,539,Credit Card,42,4.3,4.9
2024-07-03 21:27:00,CNR8469945747,Canceled by Customer,CID730285,Bike,Nagarbhavi,Shantinagar,,,Driver asked to cancel,Not Applicable,Not Applicable,Not Applicable,980,Not Applicable,0,,
2024-07-09 20:48:00,CNR2658508829,Success,CID660718,Mini,Majestic,Mysore Road,224.0,95.0,Not Applicable,Not Applicable,No,Not Applicable,298,Credit Card,16,4.5,4.4
2024-07-23 12:54:00,CNR8204975400,Success,CID154325,Auto,Hebbal,Mysore Road,161.0,125.0,Not Applicable,Not Applicable,No,Not Applicable,456,UPI,15,4.7,3.8
2024-07-02 19:14:00,CNR1049360758,Driver Not Found,CID106485,Bike,RT Nagar,HSR Layout,,,Not Applicable,Not Applicable,Not Applicable,Not Applicable,318,Not Applicable,0,,
2024-07-30 22:11:00,CNR5624789970,Driver Not Found,CID242583,Auto,Majestic,Hebbal,,,Not Applicable,Not Applicable,Not Applicable,Not Applicable,212,Not Applicable,0,,
2024-07-25 11:55:00,CNR8719991886,Success,CID140310,Prime Sedan,Kadugodi,Rajajinagar,133.0,85.0,Not Applicable,Not Applicable,No,Not Applicable,390,Cash,5,4.0,3.6
2024-07-10 10:58:00,CNR6467384445,Success,CID148008,Prime Plus,Electronic City,Mysore Road,203.0,35.0,Not Applicable,Not Applicable,No,Not Applicable,294,UPI,33,3.6,4.8
2024-07-30 23:41:00,CNR4102157342,Success,CID870276,eBike,Magadi Road,Whitefield,280.0,45.0,Not Applicable,Not Applicable,No,Not Applicable,1813,Cash,18,3.9,4.6
2024-07-15 15:26:00,CNR3034806782,Success,CID912651,Mini,Rajajinagar,Vijayanagar,266.0,45.0,Not Applicable,Not Applicable,No,Not Applicable,327,UPI,22,3.3,4.8
2024-07-05 22:32:00,CNR5333431047,Success,CID582491,Auto,Koramangala,Hosur Road,252.0,100.0,Not Applicable,Not Applicable,No,Not Applicable,407,UPI,6,4.6,3.0
2024-07-08 10:03:00,CNR6855197486,Canceled by Driver,CID673493,eBike,Kengeri,MG Road,,,Not Applicable,Customer related issue,Not Applicable,Not Applicable,366,Not Applicable,0,,
2024-07-23 22:58:00,CNR1653200421,Success,CID171284,Prime Sedan,Nagarbhavi,Rajajinagar,259.0,35.0,Not Applicable,Not Applicable,Yes,Other Issue,148,Cash,36,3.0,3.1
2024-07-05 10:34:00,CNR4902267289,Success,CID129696,Prime SUV,Sarjapur Road,Indiranagar,35.0,75.0,Not Applicable,Not Applicable,No,Not Applicable,961,Cash,19,4.6,3.4
2024-07-23 19:18:00,CNR9495838770,Success,CID847500,Mini,Chamarajpet,Jayanagar,35.0,70.0,Not Applicable,Not Applicable,No,Not Applicable,765,UPI,33,3.5,4.2
2024-07-15 06:41:00,CNR3398148739,Success,CID302106,Prime SUV,Shantinagar,Sahakar Nagar,77.0,105.0,Not Applicable,Not Applicable,No,Not Applicable,445,UPI,4,4.4,3.7
2024-07-16 17:37:00,CNR4828107834,Success,CID883280,Auto,Majestic,Magadi Road,119.0,55.0,Not Applicable,Not Applicable,No,Not Applicable,256,UPI,17,3.9,4.4
2024-07-30 20:54:00,CNR5727960135,Driver Not Found,CID101946,Bike,Mysore Road,Ramamurthy Nagar,,,Not Applicable,Not Applicable,Not Applicable,Not Applicable,184,Not Applicable,0,,
2024-07-02 08:59:00,CNR7211021387,Success,CID340677,Bike,Peenya,Hennur,259.0,110.0,Not Applicable,Not Applicable,No,Not Applicable,346,Cash,26,3.3,4.3
2024-07-23 08:38:00,CNR6138536963,Success,CID532952,Auto,Koramangala,Hennur,308.0,90.0,Not Applicable,Not Applicable,No,Not Applicable,458,UPI,17,4.7,3.7
2024-07-06 23:56:00,CNR7601044258,Success,CID588753,Prime Plus,BTM Layout,Devanahalli,301.0,75.0,Not Applicable,Not Applicable,No,Not Applicable,207,Cash,20,4.5,3.9
2024-07-02 12:30:00,CNR8036830370,Success,CID278820,Mini,Kadugodi,MG Road,154.0,145.0,Not Applicable,Not Applicable,No,Not Applicable,767,UPI,43,3.7,3.2
2024-07-07 17:57:00,CNR1924241118,Success,CID485298,Bike,Kadugodi,Varthur,63.0,115.0,Not Applicable,Not Applicable,No,Not Applicable,122,UPI,28,4.2,3.6
2024-07-30 22:13:00,CNR2389331017,Success,CID784086,Prime Sedan,Peenya,MG Road,217.0,120.0,Not Applicable,Not Applicable,No,Not Applicable,461,UPI,44,3.8,4.5
2024-07-16 15:57:00,CNR4042102890,Success,CID943865,Prime Plus,Ramamurthy Nagar,Kengeri,259.0,55.0,Not Applicable,Not Applicable,No,Not Applicable,2321,UPI,43,4.2,4.8
2024-07-29 16:44:00,CNR5713624014,Success,CID280414,eBike,Ulsoor,Marathahalli,210.0,110.0,Not Applicable,Not Applicable,No,Not Applicable,151,Cash,38,3.9,4.6
2024-07-22 04:05:00,CNR5763553963,Success,CID106262,Prime Plus,Whitefield,Bellandur,63.0,50.0,Not Applicable,Not Applicable,No,Not Applicable,162,UPI,43,3.7,4.6
2024-07-06 16:22:00,CNR8233802992,Success,CID252602,Prime Sedan,Padmanabhanagar,Malleshwaram,154.0,125.0,Not Applicable,Not Applicable,No,Not Applicable,2188,Cash,32,3.5,4.0
2024-07-04 04:05:00,CNR7886404566,Success,CID127581,Prime Sedan,Hosur Road,Sahakar Nagar,294.0,125.0,Not Applicable,Not Applicable,No,Not Applicable,991,Cash,45,3.9,4.5
2024-07-28 19:06:00,CNR2465983178,Canceled by Driver,CID534597,eBike,Richmond Town,Yelahanka,,,Not Applicable,Personal & Car related issue,Not Applicable,Not Applicable,892,Not Applicable,0,,
2024-07-21 09:09:00,CNR9462456717,Success,CID682578,Auto,Varthur,Devanahalli,266.0,105.0,Not Applicable,Not Applicable,No,Not Applicable,111,UPI,11,3.8,4.4
2024-07-15 11:57:00,CNR6980498669,Canceled by Customer,CID961391,Mini,BTM Layout,Rajarajeshwari Nagar,,,Driver is not moving towards pickup location,Not Applicable,Not Applicable,Not Applicable,354,Not Applicable,0,,
2024-07-08 20:49:00,CNR9845772708,Success,CID763005,Prime Sedan,Tumkur Road,Kadugodi,238.0,60.0,Not Applicable,Not Applicable,Yes,Vehicle Breakdown,829,Cash,8,3.5,3.4
2024-07-20 15:14:00,CNR7172355610,Canceled by Driver,CID581395,Prime Sedan,Chickpet,Richmond Town,,,Not Applicable,Personal & Car related issue,Not Applicable,Not Applicable,641,Not Applicable,0,,
2024-07-10 07:54:00,CNR1998155773,Success,CID113526,Auto,MG Road,Hebbal,196.0,55.0,Not Applicable,Not Applicable,No,Not Applicable,244,Cash,8,4.1,3.1
2024-07-26 11:27:00,CNR6037259335,Success,CID181859,Prime SUV,Nagarbhavi,Langford Town,231.0,45.0,Not Applicable,Not Applicable,No,Not Applicable,234,UPI,34,3.3,3.7
2024-07-03 01:28:00,CNR7531638744,Success,CID555064,Prime SUV,MG Road,BTM Layout,196.0,75.0,Not Applicable,Not Applicable,No,Not Applicable,299,Cash,39,3.3,3.4
2024-07-24 20:20:00,CNR1833174009,Canceled by Driver,CID970094,Mini,Hulimavu,RT Nagar,,,Not Applicable,Personal & Car related issue,Not Applicable,Not Applicable,1071,Not Applicable,0,,
2024-07-15 01:14:00,CNR1353910974,Success,CID715356,Bike,Shivajinagar,Sarjapur Road,77.0,70.0,Not Applicable,Not Applicable,No,Not Applicable,250,Cash,26,3.9,3.6
2024-07-12 01:45:00,CNR4146625293,Success,CID842471,Auto,Kengeri,Chamarajpet,259.0,115.0,Not Applicable,Not Applicable,No,Not Applicable,345,UPI,6,4.5,4.1
2024-07-02 16:28:00,CNR5635118913,Success,CID111964,Auto,Jayanagar,Yeshwanthpur,140.0,80.0,Not Applicable,Not Applicable,Yes,Customer Demand,747,UPI,10,3.8,3.0
2024-07-05 22:05:00,CNR6165851721,Success,CID563926,Auto,Mysore Road,Kadugodi,147.0,105.0,Not Applicable,Not Applicable,Yes,Vehicle Breakdown,300,Cash,11,3.5,4.1
2024-07-13 07:55:00,CNR5392654620,Success,CID256721,eBike,Nagarbhavi,Chamarajpet,182.0,55.0,Not Applicable,Not Applicable,No,Not Applicable,505,UPI,2,3.5,3.1
2024-07-08 16:05:00,CNR7412722386,Canceled by Customer,CID809970,Prime Plus,MG Road,Sarjapur Road,,,Change of plans,Not Applicable,Not Applicable,Not Applicable,469,Not Applicable,0,,
2024-07-16 07:22:00,CNR6490924461,Success,CID220026,Prime Plus,Shivajinagar,Chickpet,294.0,65.0,Not Applicable,Not Applicable,No,Not Applicable,325,Credit Card,29,4.4,4.6
2024-07-05 16:43:00,CNR5810390601,Driver Not Found,CID952830,Bike,Hebbal,Whitefield,,,Not Applicable,Not Applicable,Not Applicable,Not Applicable,332,Not Applicable,0,,
2024-07-28 00:01:00,CNR2222007372,Success,CID224397,Prime Sedan,Hosur Road,Kammanahalli,238.0,45.0,Not Applicable,Not Applicable,No,Not Applicable,343,UPI,17,4.0,3.7
2024-07-22 18:42:00,CNR4097102178,Success,CID855000,Bike,Shivajinagar,Basavanagudi,210.0,25.0,Not Applicable,Not Applicable,No,Not Applicable,426,UPI,48,3.4,3.1
2024-07-11 22:52:00,CNR9564287348,Canceled by Customer,CID356540,Prime Sedan,Ramamurthy Nagar,RT Nagar,,,Driver is not moving towards pickup location,Not Applicable,Not Applicable,Not Applicable,894,Not Applicable,0,,
2024-07-23 22:34:00,CNR3468354423,Success,CID513885,Prime SUV,Langford Town,Whitefield,140.0,55.0,Not Applicable,Not Applicable,No,Not Applicable,820,Cash,48,3.5,4.5
2024-07-07 07:41:00,CNR1927728239,Success,CID832680,Auto,Chamarajpet,Yelahanka,287.0,40.0,Not Applicable,Not Applicable,No,Not Applicable,816,Cash,5,4.6,3.5
2024-07-09 21:20:00,CNR5257418575,Canceled by Driver,CID135906,Auto,BTM Layout,Chickpet,,,Not Applicable,Personal & Car related issue,Not Applicable,Not Applicable,179,Not Applicable,0,,
2024-07-22 23:19:00,CNR6558185870,Canceled by Driver,CID212114,Prime SUV,BTM Layout,KR Puram,,,Not Applicable,Customer was coughing/sick,Not Applicable,Not Applicable,241,Not Applicable,0,,
2024-07-25 10:36:00,CNR4941257859,Success,CID522266,Prime Plus,Hulimavu,Malleshwaram,56.0,115.0,Not Applicable,Not Applicable,No,Not Applicable,120,UPI,1,4.4,4.4
2024-07-25 22:45:00,CNR3991726150,Success,CID298081,Mini,Nagarbhavi,Hennur,252.0,115.0,Not Applicable,Not Applicable,No,Not Applicable,396,Cash,30,4.3,4.5
2024-07-25 17:43:00,CNR5333230691,Success,CID464640,Bike,Shantinagar,Tumkur Road,42.0,75.0,Not Applicable,Not Applicable,No,Not Applicable,848,UPI,29,3.8,4.6
2024-07-18 17:22:00,CNR7406423286,Success,CID268244,Prime Plus,BTM Layout,Frazer Town,133.0,110.0,Not Applicable,Not Applicable,No,Not Applicable,344,Cash,19,3.4,4.8
2024-07-01 18:32:00,CNR4631941907,Canceled by Customer,CID846244,Prime Plus,Hulimavu,Kammanahalli,,,Driver asked to cancel,Not Applicable,Not Applicable,Not Applicable,451,Not Applicable,0,,
2024-07-18 03:41:00,CNR3882934893,Success,CID861917,Prime Plus,BTM Layout,Langford Town,49.0,115.0,Not Applicable,Not Applicable,No,Not Applicable,270,UPI,29,4.0,3.8
2024-07-06 22:22:00,CNR6932256748,Success,CID914715,Prime Plus,Frazer Town,Sahakar Nagar,210.0,95.0,Not Applicable,Not Applicable,No,Not Applicable,331,UPI,18,4.5,3.6
2024-07-17 12:29:00,CNR7690599187,Success,CID336810,Auto,Shivajinagar,Yelahanka,182.0,135.0,Not Applicable,Not Applicable,No,Not Applicable,399,Cash,14,4.6,4.8
2024-07-16 12:09:00,CNR7994242891,Canceled by Driver,CID315511,Mini,Padmanabhanagar,Shantinagar,,,Not Applicable,Customer related issue,Not Applicable,Not Applicable,966,Not Applicable,0,,
2024-07-04 23:54:00,CNR7170373324,Success,CID947241,Auto,Vijayanagar,Frazer Town,70.0,85.0,Not Applicable,Not Applicable,No,Not Applicable,907,Cash,9,4.5,3.1
2024-07-27 00:52:00,CNR2918128149,Canceled by Driver,CID948435,eBike,Chickpet,Sahakar Nagar,,,Not Applicable,More than permitted people in there,Not Applicable,Not Applicable,857,Not Applicable,0,,
2024-07-12 19:03:00,CNR8475372532,Canceled by Driver,CID601273,Mini,Ulsoor,Shantinagar,,,Not Applicable,Customer related issue,Not Applicable,Not Applicable,394,Not Applicable,0,,
2024-07-08 14:57:00,CNR6533075726,Canceled by Customer,CID750390,Prime SUV,MG Road,Whitefield,,,Driver asked to cancel,Not Applicable,Not Applicable,Not Applicable,386,Not Applicable,0,,
2024-07-20 04:29:00,CNR4428797810,Success,CID175733,Prime SUV,Kadugodi,KR Puram,119.0,55.0,Not Applicable,Not Applicable,No,Not Applicable,319,UPI,42,3.4,3.1
2024-07-18 17:03:00,CNR7817275103,Success,CID889754,eBike,Indiranagar,Indiranagar,126.0,95.0,Not Applicable,Not Applicable,Yes,Vehicle Breakdown,458,Cash,24,3.6,4.2
2024-07-02 10:03:00,CNR9256955909,Success,CID108456,eBike,Richmond Town,Frazer Town,280.0,65.0,Not Applicable,Not Applicable,No,Not Applicable,324,Cash,29,4.3,3.2
2024-07-11 20:41:00,CNR6067334950,Canceled by Driver,CID888240,Bike,MG Road,Rajajinagar,,,Not Applicable,Personal & Car related issue,Not Applicable,Not Applicable,518,Not Applicable,0,,
2024-07-01 09:53:00,CNR6003839556,Canceled by Driver,CID876396,Mini,Magadi Road,Hulimavu,,,Not Applicable,Personal & Car related issue,Not Applicable,Not Applicable,144,Not Applicable,0,,
2024-07-05 00:36:00,CNR9157154878,Success,CID544672,Mini,Sahakar Nagar,Padmanabhanagar,182.0,100.0,Not Applicable,Not Applicable,No,Not Applicable,465,Cash,40,4.9,3.1
2024-07-16 22:59:00,CNR5511174432,Success,CID667498,Prime Plus,BTM Layout,Peenya,287.0,45.0,Not Applicable,Not Applicable,No,Not Applicable,189,Cash,20,3.2,4.0
2024-07-15 04:49:00,CNR2229853297,Driver Not Found,CID394645,Mini,Shivajinagar,Hulimavu,,,Not Applicable,Not Applicable,Not Applicable,Not Applicable,247,Not Applicable,0,,
2024-07-07 18:51:00,CNR3070317212,Success,CID895277,Bike,Jayanagar,Richmond Town,175.0,50.0,Not Applicable,Not Applicable,No,Not Applicable,296,Cash,48,3.4,4.7
2024-07-22 04:20:00,CNR7084234396,Success,CID712403,Mini,Marathahalli,JP Nagar,224.0,85.0,Not Applicable,Not Applicable,No,Not Applicable,216,Cash,5,4.3,3.9
2024-07-25 23:32:00,CNR8827294349,Success,CID698778,Mini,Yeshwanthpur,Ulsoor,161.0,110.0,Not Applicable,Not Applicable,No,Not Applicable,371,UPI,28,4.9,3.0
2024-07-21 05:23:00,CNR7675773544,Success,CID435623,Prime Plus,Marathahalli,Chickpet,161.0,145.0,Not Applicable,Not Applicable,No,Not Applicable,210,UPI,3,3.7,4.7
2024-07-29 15:20:00,CNR8637708948,Canceled by Driver,CID274960,Mini,Hebbal,Hosur Road,,,Not Applicable,Personal & Car related issue,Not Applicable,Not Applicable,283,Not Applicable,0,,
2024-07-18 11:43:00,CNR3359377973,Success,CID467079,Bike,Kengeri,KR Puram,147.0,30.0,Not Applicable,Not Applicable,No,Not Applicable,385,UPI,38,4.8,3.3
2024-07-19 19:29:00,CNR8676435829,Success,CID366085,Mini,Malleshwaram,Jayanagar,287.0,70.0,Not Applicable,Not Applicable,No,Not Applicable,127,Cash,28,4.1,5.0
2024-07-09 01:47:00,CNR8309196975,Driver Not Found,CID785477,Mini,KR Puram,Electronic City,,,Not Applicable,Not Applicable,Not Applicable,Not Applicable,2004,Not Applicable,0,,
2024-07-15 11:19:00,CNR4586886203,Success,CID901428,Bike,Chamarajpet,Kengeri,280.0,35.0,Not Applicable,Not Applicable,No,Not Applicable,209,UPI,26,3.1,3.9
2024-07-18 16:21:00,CNR9859319450,Success,CID705276,Mini,Langford Town,Indiranagar,231.0,30.0,Not Applicable,Not Applicable,No,Not Applicable,303,UPI,39,4.5,3.1
2024-07-02 06:22:00,CNR8840865145,Success,CID595301,Prime Sedan,Kengeri,Peenya,56.0,30.0,Not Applicable,Not Applicable,Yes,Customer Demand,493,Cash,4,3.6,3.6
2024-07-21 03:06:00,CNR8148333770,Success,CID757132,Auto,Basavanagudi,Electronic City,210.0,125.0,Not Applicable,Not Applicable,No,Not Applicable,286,UPI,19,3.7,3.0
2024-07-19 19:30:00,CNR1753163855,Success,CID803320,Prime Sedan,Rajarajeshwari Nagar,KR Puram,294.0,100.0,Not Applicable,Not Applicable,No,Not Applicable,424,Cash,17,3.8,5.0
2024-07-05 09:18:00,CNR7048411421,Driver Not Found,CID313229,Prime SUV,Padmanabhanagar,Bannerghatta Road,,,Not Applicable,Not Applicable,Not Applicable,Not Applicable,2563,Not Applicable,0,,
2024-07-25 06:37:00,CNR4208661641,Success,CID967420,Auto,Kammanahalli,Cox Town,252.0,135.0,Not Applicable,Not Applicable,Yes,Customer Demand,2613,UPI,1,4.6,4.9
2024-07-18 19:26:00,CNR7385697141,Success,CID450320,Prime Sedan,HSR Layout,Langford Town,217.0,95.0,Not Applicable,Not Applicable,No,Not Applicable,200,Cash,13,3.6,3.0
2024-07-08 09:01:00,CNR8974919996,Success,CID733029,Prime Plus,Frazer Town,Hebbal,77.0,55.0,Not Applicable,Not Applicable,Yes,Customer Demand,659,UPI,43,3.6,4.1
2024-07-01 12:07:00,CNR6743772730,Success,CID133913,Prime SUV,Langford Town,Hebbal,63.0,35.0,Not Applicable,Not Applicable,No,Not Applicable,151,UPI,40,3.2,4.2
2024-07-23 06:13:00,CNR5534007980,Canceled by Driver,CID729041,eBike,Rajajinagar,Varthur,,,Not Applicable,Customer was coughing/sick,Not Applicable,Not Applicable,461,Not Applicable,0,,
2024-07-04 05:29:00,CNR1492961986,Driver Not Found,CID579989,Prime Plus,Tumkur Road,Sarjapur Road,,,Not Applicable,Not Applicable,Not Applicable,Not Applicable,417,Not Applicable,0,,
2024-07-22 04:57:00,CNR9016116512,Canceled by Driver,CID773264,Prime SUV,Shantinagar,Padmanabhanagar,,,Not Applicable,Personal & Car related issue,Not Applicable,Not Applicable,236,Not Applicable,0,,
2024-07-25 06:05:00,CNR1038809809,Success,CID148470,Prime SUV,Sarjapur Road,Chickpet,294.0,140.0,Not Applicable,Not Applicable,No,Not Applicable,478,Cash,17,4.1,3.6
2024-07-06 08:38:00,CNR7332981585,Success,CID502265,Auto,Vijayanagar,Kadugodi,35.0,100.0,Not Applicable,Not Applicable,No,Not Applicable,450,UPI,1,3.1,3.4
2024-07-05 12:59:00,CNR8981037823,Success,CID198396,Mini,Hennur,Yelahanka,42.0,60.0,Not Applicable,Not Applicable,No,Not Applicable,248,Cash,25,4.0,4.9
2024-07-13 10:13:00,CNR2051622954,Driver Not Found,CID948031,Mini,Marathahalli,Chamarajpet,,,Not Applicable,Not Applicable,Not Applicable,Not Applicable,395,Not Applicable,0,,
2024-07-06 22:42:00,CNR1954231206,Canceled by Driver,CID282947,eBike,Bannerghatta Road,RT Nagar,,,Not Applicable,Customer related issue,Not Applicable,Not Applicable,398,Not Applicable,0,,
2024-07-11 11:37:00,CNR6233707301,Success,CID199693,eBike,Ramamurthy Nagar,RT Nagar,42.0,100.0,Not Applicable,Not Applicable,No,Not Applicable,398,Cash,18,4.0,4.1
2024-07-15 06:40:00,CNR3703579767,Success,CID798943,Prime SUV,Ulsoor,Kadugodi,224.0,30.0,Not Applicable,Not Applicable,No,Not Applicable,451,UPI,42,3.2,3.3
2024-07-05 18:18:00,CNR4007107263,Success,CID715245,Prime Plus,Chickpet,Sahakar Nagar,252.0,40.0,Not Applicable,Not Applicable,No,Not Applicable,470,UPI,46,5.0,3.8
2024-07-10 04:03:00,CNR4661021994,Success,CID136877,Prime SUV,Malleshwaram,Langford Town,147.0,120.0,Not Applicable,Not Applicable,No,Not Applicable,2055,Cash,41,3.8,3.8
2024-07-24 15:28:00,CNR4909277627,Driver Not Found,CID977613,Prime Sedan,Frazer Town,Varthur,,,Not Applicable,Not Applicable,Not Applicable,Not Applicable,103,Not Applicable,0,,
2024-07-13 10:59:00,CNR6875558098,Success,CID365739,Bike,Malleshwaram,Hulimavu,203.0,75.0,Not Applicable,Not Applicable,No,Not Applicable,457,UPI,17,4.0,4.3
2024-07-12 13:47:00,CNR6368182135,Canceled by Customer,CID900456,Mini,Cox Town,Peenya,,,Driver asked to cancel,Not Applicable,Not Applicable,Not Applicable,365,Not Applicable,0,,
2024-07-27 02:46:00,CNR5928611843,Success,CID594547,Auto,BTM Layout,Hennur,294.0,125.0,Not Applicable,Not Applicable,No,Not Applicable,527,Cash,6,4.0,4.0
2024-07-18 23:32:00,CNR1098636514,Success,CID838979,Auto,Hosur Road,Jayanagar,273.0,145.0,Not Applicable,Not Applicable,No,Not Applicable,340,UPI,15,4.2,4.9
2024-07-25 00:59:00,CNR2796178257,Success,CID911246,Prime SUV,Whitefield,Hulimavu,168.0,65.0,Not Applicable,Not Applicable,No,Not Applicable,249,Cash,1,5.0,3.3
2024-07-04 01:15:00,CNR9984126282,Driver Not Found,CID396358,eBike,Basavanagudi,Basavanagudi,,,Not Applicable,Not Applicable,Not Applicable,Not Applicable,182,Not Applicable,0,,
2024-07-06 05:11:00,CNR4947669670,Driver Not Found,CID820133,Auto,Richmond Town,Langford Town,,,Not Applicable,Not Applicable,Not Applicable,Not Applicable,145,Not Applicable,0,,
2024-07-10 03:47:00,CNR9946017171,Success,CID816894,Prime Plus,JP Nagar,Majestic,154.0,50.0,Not Applicable,Not Applicable,No,Not Applicable,343,Cash,14,3.2,4.2
2024-07-28 19:01:00,CNR2491549593,Success,CID152446,Prime Sedan,Marathahalli,MG Road,203.0,115.0,Not Applicable,Not Applicable,No,Not Applicable,253,Cash,46,5.0,4.4
2024-07-17 17:50:00,CNR6067014039,Success,CID515618,Bike,Nagarbhavi,Ramamurthy Nagar,154.0,45.0,Not Applicable,Not Applicable,No,Not Applicable,558,Cash,48,3.3,4.8
2024-07-30 02:48:00,CNR9725710193,Canceled by Customer,CID308170,Prime Sedan,Whitefield,Nagarbhavi,,,Wrong Address,Not Applicable,Not Applicable,Not Applicable,329,Not Applicable,0,,
2024-07-11 17:02:00,CNR5426029912,Success,CID816808,Prime SUV,JP Nagar,Peenya,35.0,90.0,Not Applicable,Not Applicable,No,Not Applicable,486,UPI,11,4.5,4.0
2024-07-22 09:40:00,CNR8171051920,Canceled by Customer,CID911375,Bike,Marathahalli,Hosur Road,,,Wrong Address,Not Applicable,Not Applicable,Not Applicable,368,Not Applicable,0,,
2024-07-18 03:26:00,CNR7948785748,Success,CID612288,Auto,Mysore Road,Chamarajpet,294.0,45.0,Not Applicable,Not Applicable,No,Not Applicable,158,Cash,4,3.2,4.1
2024-07-07 21:41:00,CNR6153618297,Success,CID506305,Mini,Malleshwaram,Peenya,126.0,55.0,Not Applicable,Not Applicable,No,Not Applicable,474,UPI,2,4.4,3.1
2024-07-07 07:02:00,CNR2319717381,Success,CID647608,Prime Sedan,Banashankari,Frazer Town,280.0,40.0,Not Applicable,Not Applicable,No,Not Applicable,128,Debit Card,47,3.0,3.2
2024-07-11 09:35:00,CNR7131636633,Success,CID506007,eBike,Basavanagudi,Chamarajpet,168.0,25.0,Not Applicable,Not Applicable,No,Not Applicable,1851,Cash,14,4.0,4.2
2024-07-12 22:09:00,CNR1860029348,Canceled by Customer,CID483531,eBike,Bellandur,RT Nagar,,,AC is Not working,Not Applicable,Not Applicable,Not Applicable,201,Not Applicable,0,,
2024-07-01 08:00:00,CNR8276950553,Canceled by Driver,CID913735,Prime Sedan,Majestic,Kadugodi,,,Not Applicable,Customer related issue,Not Applicable,Not Applicable,145,Not Applicable,0,,
2024-07-19 23:52:00,CNR9560091245,Success,CID473464,Prime SUV,Rajarajeshwari Nagar,Vijayanagar,140.0,125.0,Not Applicable,Not Applicable,No,Not Applicable,307,Cash,17,4.5,4.1
2024-07-01 02:44:00,CNR4652625269,Canceled by Driver,CID994957,Bike,Bannerghatta Road,Richmond Town,,,Not Applicable,More than permitted people in there,Not Applicable,Not Applicable,319,Not Applicable,0,,
2024-07-05 00:50:00,CNR9992881260,Success,CID135944,Mini,Varthur,Ramamurthy Nagar,266.0,115.0,Not Applicable,Not Applicable,No,Not Applicable,560,Cash,42,3.2,3.9
2024-07-14 01:42:00,CNR2220886993,Canceled by Driver,CID410082,Prime SUV,JP Nagar,Marathahalli,,,Not Applicable,Customer related issue,Not Applicable,Not Applicable,837,Not Applicable,0,,
2024-07-14 20:50:00,CNR2428335579,Canceled by Customer,CID884025,Prime Plus,HSR Layout,Shivajinagar,,,Change of plans,Not Applicable,Not Applicable,Not Applicable,256,Not Applicable,0,,
2024-07-24 15:15:00,CNR1110063260,Driver Not Found,CID697223,Prime Sedan,Peenya,Tumkur Road,,,Not Applicable,Not Applicable,Not Applicable,Not Applicable,416,Not Applicable,0,,
2024-07-25 22:26:00,CNR7276915328,Success,CID538657,Bike,Hebbal,Hulimavu,147.0,100.0,Not Applicable,Not Applicable,No,Not Applicable,188,Cash,18,3.6,4.4
2024-07-08 16:47:00,CNR4978311664,Success,CID878693,Prime SUV,Marathahalli,Varthur,308.0,40.0,Not Applicable,Not Applicable,No,Not Applicable,982,Cash,48,3.7,4.8
2024-07-17 17:14:00,CNR3854460860,Driver Not Found,CID411129,Auto,Chickpet,Basavanagudi,,,Not Applicable,Not Applicable,Not Applicable,Not Applicable,905,Not Applicable,0,,
2024-07-22 13:54:00,CNR3925578020,Canceled by Driver,CID637020,Prime Sedan,Sahakar Nagar,Whitefield,,,Not Applicable,Personal & Car related issue,Not Applicable,Not Applicable,262,Not Applicable,0,,
2024-07-06 02:15:00,CNR2364558577,Canceled by Customer,CID847026,Bike,Electronic City,Hulimavu,,,Driver asked to cancel,Not Applicable,Not Applicable,Not Applicable,1244,Not Applicable,0,,
2024-07-16 07:25:00,CNR4067332480,Canceled by Driver,CID618116,Prime SUV,Hulimavu,Nagarbhavi,,,Not Applicable,More than permitted people in there,Not Applicable,Not Applicable,852,Not Applicable,0,,
2024-07-26 21:45:00,CNR9342025482,Success,CID425418,Mini,Varthur,Hebbal,140.0,90.0,Not Applicable,Not Applicable,No,Not Applicable,377,UPI,4,3.7,3.0
2024-07-20 01:20:00,CNR5640323603,Success,CID495193,Auto,Varthur,Chickpet,252.0,130.0,Not Applicable,Not Applicable,No,Not Applicable,114,UPI,1,3.9,4.0
2024-07-24 13:52:00,CNR7893636750,Driver Not Found,CID496105,Prime Plus,Langford Town,BTM Layout,,,Not Applicable,Not Applicable,Not Applicable,Not Applicable,900,Not Applicable,0,,
2024-07-02 03:08:00,CNR6496418092,Canceled by Driver,CID710174,Bike,Hulimavu,Rajarajeshwari Nagar,,,Not Applicable,Personal & Car related issue,Not Applicable,Not Applicable,738,Not Applicable,0,,
2024-07-19 16:05:00,CNR2308606340,Success,CID670086,Auto,Vijayanagar,KR Puram,56.0,125.0,Not Applicable,Not Applicable,No,Not Applicable,138,UPI,4,4.4,3.9
2024-07-18 06:29:00,CNR5160558468,Success,CID206078,Bike,Magadi Road,Ramamurthy Nagar,77.0,25.0,Not Applicable,Not Applicable,No,Not Applicable,856,UPI,36,3.5,3.4
2024-07-19 19:14:00,CNR1193706935,Success,CID633633,Mini,Hennur,Hosur Road,308.0,125.0,Not Applicable,Not Applicable,No,Not Applicable,392,Cash,48,4.5,4.1
2024-07-22 01:27:00,CNR7732545676,Canceled by Customer,CID769509,Prime Plus,Koramangala,Basavanagudi,,,Driver is not moving towards pickup location,Not Applicable,Not Applicable,Not Applicable,648,Not Applicable,0,,
2024-07-15 02:20:00,CNR7410151207,Success,CID807581,Auto,Hennur,Hebbal,119.0,65.0,Not Applicable,Not Applicable,No,Not Applicable,446,UPI,9,3.7,3.4
2024-07-02 03:46:00,CNR9310138223,Success,CID699832,eBike,Electronic City,Electronic City,91.0,90.0,Not Applicable,Not Applicable,No,Not Applicable,566,UPI,11,4.8,4.7
2024-07-03 18:55:00,CNR2128721473,Canceled by Customer,CID745658,Prime Plus,Bellandur,Shivajinagar,,,Driver asked to cancel,Not Applicable,Not Applicable,Not Applicable,341,Not Applicable,0,,
2024-07-25 09:50:00,CNR1618861473,Success,CID157128,Auto,Tumkur Road,Cox Town,280.0,115.0,Not Applicable,Not Applicable,No,Not Applicable,462,Credit Card,14,4.3,4.9
2024-07-25 08:32:00,CNR1732106529,Success,CID593008,Prime Sedan,Electronic City,Langford Town,112.0,30.0,Not Applicable,Not Applicable,No,Not Applicable,765,Cash,40,4.4,4.7
2024-07-08 00:11:00,CNR5343222318,Success,CID738711,Prime Sedan,Hulimavu,Devanahalli,266.0,125.0,Not Applicable,Not Applicable,No,Not Applicable,471,Cash,9,4.9,4.4
2024-07-14 19:42:00,CNR1894495512,Success,CID213029,Prime Plus,Marathahalli,Sahakar Nagar,210.0,55.0,Not Applicable,Not Applicable,No,Not Applicable,330,Cash,14,4.1,3.8
2024-07-14 10:06:00,CNR9798097579,Success,CID617225,Prime Sedan,Hebbal,Nagarbhavi,189.0,80.0,Not Applicable,Not Applicable,No,Not Applicable,325,UPI,31,3.0,3.0
2024-07-09 03:55:00,CNR2198441812,Success,CID279519,Prime SUV,Rajarajeshwari Nagar,Rajajinagar,154.0,25.0,Not Applicable,Not Applicable,No,Not Applicable,336,Cash,46,3.5,3.8
2024-07-03 13:46:00,CNR5622503981,Canceled by Driver,CID842985,Bike,Magadi Road,Cox Town,,,Not Applicable,More than permitted people in there,Not Applicable,Not Applicable,285,Not Applicable,0,,
2024-07-27 16:06:00,CNR3371508632,Success,CID822362,Prime SUV,Nagarbhavi,Shantinagar,49.0,40.0,Not Applicable,Not Applicable,No,Not Applicable,613,UPI,34,3.4,3.9
2024-07-02 15:50:00,CNR6599029834,Success,CID268705,Auto,Hebbal,JP Nagar,56.0,125.0,Not Applicable,Not Applicable,No,Not Applicable,131,Cash,11,3.6,4.9
2024-07-16 04:11:00,CNR7586063102,Canceled by Driver,CID269580,Mini,Jayanagar,Cox Town,,,Not Applicable,Personal & Car related issue,Not Applicable,Not Applicable,910,Not Applicable,0,,
2024-07-26 09:05:00,CNR5914159958,Success,CID360817,Auto,Kammanahalli,Chamarajpet,105.0,60.0,Not Applicable,Not Applicable,No,Not Applicable,268,UPI,15,3.1,5.0
2024-07-16 10:58:00,CNR6241005433,Canceled by Customer,CID175412,Auto,Devanahalli,Kammanahalli,,,Driver asked to cancel,Not Applicable,Not Applicable,Not Applicable,178,Not Applicable,0,,
2024-07-30 19:21:00,CNR8567427140,Success,CID145479,Auto,Malleshwaram,Ulsoor,308.0,55.0,Not Applicable,Not Applicable,No,Not Applicable,594,Cash,4,3.1,4.3
2024-07-11 07:33:00,CNR1783365133,Success,CID750645,Prime SUV,Indiranagar,Peenya,119.0,85.0,Not Applicable,Not Applicable,No,Not Applicable,656,Cash,28,3.4,3.2
2024-07-04 15:05:00,CNR7063931133,Success,CID631516,Bike,KR Puram,Indiranagar,245.0,65.0,Not Applicable,Not Applicable,No,Not Applicable,149,UPI,30,4.4,3.0
2024-07-25 09:51:00,CNR8611142758,Canceled by Driver,CID123940,Prime Sedan,Basavanagudi,Hebbal,,,Not Applicable,Customer related issue,Not Applicable,Not Applicable,339,Not Applicable,0,,
2024-07-03 01:41:00,CNR8984414411,Success,CID612918,eBike,Banashankari,Shantinagar,56.0,85.0,Not Applicable,Not Applicable,No,Not Applicable,346,UPI,42,3.7,3.4
2024-07-27 13:25:00,CNR5611538023,Success,CID744550,Prime Plus,Mysore Road,Rajarajeshwari Nagar,301.0,120.0,Not Applicable,Not Applicable,No,Not Applicable,2652,UPI,45,4.2,3.4
2024-07-05 14:45:00,CNR5800408520,Driver Not Found,CID502768,Bike,Yelahanka,BTM Layout,,,Not Applicable,Not Applicable,Not Applicable,Not Applicable,118,Not Applicable,0,,
2024-07-09 22:15:00,CNR6184229211,Driver Not Found,CID896430,Mini,Rajarajeshwari Nagar,Rajajinagar,,,Not Applicable,Not Applicable,Not Applicable,Not Applicable,450,Not Applicable,0,,
2024-07-18 03:50:00,CNR5070357989,Success,CID332920,Auto,Indiranagar,Tumkur Road,189.0,35.0,Not Applicable,Not Applicable,Yes,Customer Demand,554,UPI,8,4.7,4.9
2024-07-06 21:29:00,CNR6214433947,Success,CID507517,Prime Sedan,Basavanagudi,HSR Layout,119.0,30.0,Not Applicable,Not Applicable,No,Not Applicable,532,Cash,24,4.7,3.5
2024-07-16 18:54:00,CNR2891934707,Success,CID646025,Prime Sedan,Nagarbhavi,Rajarajeshwari Nagar,126.0,25.0,Not Applicable,Not Applicable,No,Not Applicable,246,Cash,47,3.0,3.3
2024-07-19 19:48:00,CNR9901389416,Canceled by Customer,CID193315,Prime Sedan,Peenya,Chickpet,,,Driver is not moving towards pickup location,Not Applicable,Not Applicable,Not Applicable,119,Not Applicable,0,,
2024-07-12 00:10:00,CNR6585434002,Success,CID799132,Bike,Hosur Road,Hennur,140.0,65.0,Not Applicable,Not Applicable,No,Not Applicable,254,UPI,16,3.6,3.2
2024-07-12 15:53:00,CNR2262173265,Success,CID861795,Mini,Rajajinagar,Whitefield,77.0,70.0,Not Applicable,Not Applicable,No,Not Applicable,164,Cash,20,3.8,3.4
2024-07-17 20:29:00,CNR7116746303,Success,CID275196,Prime Plus,Nagarbhavi,RT Nagar,35.0,95.0,Not Applicable,Not Applicable,No,Not Applicable,235,Cash,35,3.6,4.0
2024-07-16 22:24:00,CNR4030398405,Canceled by Customer,CID416513,eBike,Hulimavu,Richmond Town,,,AC is Not working,Not Applicable,Not Applicable,Not Applicable,476,Not Applicable,0,,
2024-07-30 00:17:00,CNR5514240485,Success,CID469718,Bike,Electronic City,Hosur Road,259.0,25.0,Not Applicable,Not Applicable,No,Not Applicable,411,Cash,26,3.2,4.3
2024-07-25 08:11:00,CNR3653295452,Canceled by Driver,CID868426,Auto,Bannerghatta Road,Kengeri,,,Not Applicable,Personal & Car related issue,Not Applicable,Not Applicable,972,Not Applicable,0,,
2024-07-21 04:42:00,CNR1984053735,Success,CID825390,Prime Sedan,Whitefield,Yeshwanthpur,70.0,75.0,Not Applicable,Not Applicable,No,Not Applicable,111,Cash,20,3.5,4.1
2024-07-24 03:56:00,CNR5127129778,Canceled by Driver,CID750295,Prime Sedan,Majestic,Devanahalli,,,Not Applicable,Customer related issue,Not Applicable,Not Applicable,722,Not Applicable,0,,
2024-07-21 23:00:00,CNR4686964922,Success,CID241393,Prime Sedan,Ulsoor,Yeshwanthpur,126.0,35.0,Not Applicable,Not Applicable,No,Not Applicable,116,UPI,40,4.3,4.0
2024-07-25 13:50:00,CNR8962635975,Driver Not Found,CID892358,Prime SUV,MG Road,Whitefield,,,Not Applicable,Not Applicable,Not Applicable,Not Applicable,2193,Not Applicable,0,,
2024-07-04 03:19:00,CNR4209920937,Success,CID593207,Bike,Tumkur Road,Tumkur Road,175.0,125.0,Not Applicable,Not Applicable,No,Not Applicable,265,Credit Card,49,3.1,4.0
2024-07-20 23:47:00,CNR6776567431,Success,CID838024,Bike,Sarjapur Road,Malleshwaram,252.0,125.0,Not Applicable,Not Applicable,No,Not Applicable,309,Cash,44,3.4,4.0
2024-07-09 16:54:00,CNR1805325918,Canceled by Driver,CID228980,Prime Plus,Chamarajpet,Yelahanka,,,Not Applicable,Customer was coughing/sick,Not Applicable,Not Applicable,851,Not Applicable,0,,
2024-07-21 05:47:00,CNR7331104081,Success,CID403134,Bike,Banashankari,Marathahalli,161.0,145.0,Not Applicable,Not Applicable,No,Not Applicable,791,Cash,4,3.5,4.3
2024-07-30 01:23:00,CNR6206499433,Canceled by Customer,CID363546,Mini,Basavanagudi,Ulsoor,,,Driver is not moving towards pickup location,Not Applicable,Not Applicable,Not Applicable,504,Not Applicable,0,,
2024-07-03 17:39:00,CNR7905229146,Success,CID749171,Prime Sedan,Bellandur,Hennur,112.0,50.0,Not Applicable,Not Applicable,No,Not Applicable,479,Cash,6,3.5,3.7
2024-07-10 11:49:00,CNR9784433385,Success,CID556642,Prime Sedan,Majestic,Kammanahalli,168.0,30.0,Not Applicable,Not Applicable,No,Not Applicable,250,Cash,46,3.2,3.6
2024-07-28 18:02:00,CNR7861508482,Canceled by Customer,CID140093,Prime SUV,Chamarajpet,MG Road,,,Driver is not moving towards pickup location,Not Applicable,Not Applicable,Not Applicable,236,Not Applicable,0,,
2024-07-28 20:32:00,CNR1297753072,Success,CID761337,Auto,Rajajinagar,Sarjapur Road,196.0,30.0,Not Applicable,Not Applicable,No,Not Applicable,227,Cash,3,3.2,3.1
2024-07-05 16:46:00,CNR5773908405,Success,CID354535,Prime Sedan,Shivajinagar,Shivajinagar,112.0,35.0,Not Applicable,Not Applicable,No,Not Applicable,392,UPI,25,4.4,4.0
2024-07-10 15:20:00,CNR4185421426,Success,CID580646,Prime SUV,Ulsoor,Yeshwanthpur,35.0,100.0,Not Applicable,Not Applicable,No,Not Applicable,557,UPI,11,3.3,3.7
2024-07-27 13:45:00,CNR3939901797,Canceled by Customer,CID280637,Prime Plus,Hennur,Richmond Town,,,Driver asked to cancel,Not Applicable,Not Applicable,Not Applicable,352,Not Applicable,0,,
2024-07-04 01:44:00,CNR4524193753,Success,CID185496,Prime SUV,Sahakar Nagar,Padmanabhanagar,105.0,50.0,Not Applicable,Not Applicable,No,Not Applicable,105,Cash,46,3.8,4.2
2024-07-22 04:37:00,CNR4724173000,Driver Not Found,CID505378,Prime SUV,Banashankari,Peenya,,,Not Applicable,Not Applicable,Not Applicable,Not Applicable,847,Not Applicable,0,,
2024-07-17 09:26:00,CNR5091574207,Success,CID935171,Auto,Peenya,Majestic,77.0,25.0,Not Applicable,Not Applicable,No,Not Applicable,228,Cash,3,3.4,3.9
2024-07-22 05:08:00,CNR4223511157,Success,CID511767,Prime Sedan,Majestic,Mysore Road,182.0,105.0,Not Applicable,Not Applicable,No,Not Applicable,313,UPI,31,4.7,4.2
2024-07-08 19:01:00,CNR6855090218,Success,CID858443,Bike,Nagarbhavi,Malleshwaram,231.0,60.0,Not Applicable,Not Applicable,No,Not Applicable,465,UPI,1,3.4,4.8
2024-07-29 15:56:00,CNR6688099867,Driver Not Found,CID122373,Bike,Marathahalli,Shantinagar,,,Not Applicable,Not Applicable,Not Applicable,Not Applicable,303,Not Applicable,0,,
2024-07-24 04:29:00,CNR9950554524,Success,CID964812,Auto,Devanahalli,Indiranagar,280.0,55.0,Not Applicable,Not Applicable,No,Not Applicable,167,UPI,7,3.3,3.8
2024-07-25 09:42:00,CNR5591929894,Success,CID587072,eBike,RT Nagar,Malleshwaram,168.0,55.0,Not Applicable,Not Applicable,No,Not Applicable,163,Cash,1,3.4,3.1
2024-07-30 15:15:00,CNR1916293229,Success,CID920477,Mini,Cox Town,Devanahalli,196.0,75.0,Not Applicable,Not Applicable,No,Not Applicable,731,Cash,4,4.8,3.9
2024-07-28 05:29:00,CNR9912086244,Canceled by Driver,CID821423,Bike,Frazer Town,MG Road,,,Not Applicable,Personal & Car related issue,Not Applicable,Not Applicable,324,Not Applicable,0,,
2024-07-15 09:08:00,CNR9786611870,Canceled by Customer,CID550172,Bike,Varthur,Kengeri,,,Driver asked to cancel,Not Applicable,Not Applicable,Not Applicable,251,Not Applicable,0,,
2024-07-01 14:17:00,CNR4177252971,Success,CID849679,Prime Sedan,Cox Town,Shivajinagar,210.0,110.0,Not Applicable,Not Applicable,No,Not Applicable,459,UPI,13,3.6,4.0
2024-07-18 03:23:00,CNR9190865028,Canceled by Customer,CID333343,eBike,Mysore Road,Padmanabhanagar,,,Driver asked to cancel,Not Applicable,Not Applicable,Not Applicable,2923,Not Applicable,0,,
2024-07-20 04:15:00,CNR9536759951,Canceled by Customer,CID879466,Prime SUV,Kengeri,Tumkur Road,,,AC is Not working,Not Applicable,Not Applicable,Not Applicable,958,Not Applicable,0,,
2024-07-24 05:36:00,CNR2384302282,Success,CID932603,Prime Plus,Cox Town,Chickpet,91.0,75.0,Not Applicable,Not Applicable,No,Not Applicable,301,Cash,13,4.8,3.2
2024-07-25 15:35:00,CNR8065860626,Success,CID773240,Prime SUV,Majestic,Cox Town,112.0,85.0,Not Applicable,Not Applicable,No,Not Applicable,2702,UPI,45,4.6,4.7
2024-07-14 19:05:00,CNR1715473243,Success,CID189247,Bike,Whitefield,Rajajinagar,91.0,70.0,Not Applicable,Not Applicable,No,Not Applicable,238,UPI,45,3.4,4.7
2024-07-08 01:51:00,CNR8251868793,Driver Not Found,CID515430,Prime SUV,Sarjapur Road,Koramangala,,,Not Applicable,Not Applicable,Not Applicable,Not Applicable,415,Not Applicable,0,,
2024-07-02 00:49:00,CNR2204946380,Success,CID547414,Bike,HSR Layout,Hebbal,126.0,100.0,Not Applicable,Not Applicable,No,Not Applicable,882,UPI,46,3.9,4.3
2024-07-02 04:17:00,CNR7034552994,Success,CID376603,Bike,Ulsoor,Banashankari,77.0,135.0,Not Applicable,Not Applicable,No,Not Applicable,236,Cash,32,3.7,3.8
2024-07-22 05:36:00,CNR6845000691,Driver Not Found,CID769490,Prime Plus,Vijayanagar,Hulimavu,,,Not Applicable,Not Applicable,Not Applicable,Not Applicable,198,Not Applicable,0,,
2024-07-14 12:17:00,CNR8551117609,Canceled by Driver,CID190989,Auto,Yelahanka,Kammanahalli,,,Not Applicable,Customer was coughing/sick,Not Applicable,Not Applicable,209,Not Applicable,0,,
2024-07-01 10:19:00,CNR1610653424,Success,CID915347,Prime Sedan,Malleshwaram,Vijayanagar,273.0,70.0,Not Applicable,Not Applicable,No,Not Applicable,171,UPI,15,4.9,4.6
2024-07-06 18:02:00,CNR9167920382,Success,CID849169,Prime SUV,Koramangala,Yeshwanthpur,210.0,25.0,Not Applicable,Not Applicable,No,Not Applicable,482,Cash,45,4.5,4.5
2024-07-06 07:54:00,CNR7637475215,Success,CID140291,Prime SUV,Banashankari,Malleshwaram,280.0,120.0,Not Applicable,Not Applicable,No,Not Applicable,325,Credit Card,20,4.9,4.5
2024-07-03 21:53:00,CNR2795144891,Canceled by Customer,CID323327,eBike,BTM Layout,Cox Town,,,Wrong Address,Not Applicable,Not Applicable,Not Applicable,149,Not Applicable,0,,
2024-07-11 20:02:00,CNR5300313115,Success,CID736284,eBike,Koramangala,Chamarajpet,119.0,115.0,Not Applicable,Not Applicable,No,Not Applicable,603,UPI,4,3.3,3.2
2024-07-29 13:50:00,CNR5804870701,Success,CID731187,Mini,MG Road,Rajajinagar,105.0,25.0,Not Applicable,Not Applicable,No,Not Applicable,708,UPI,25,4.7,4.4
2024-07-22 08:43:00,CNR4126974655,Success,CID376102,Prime Plus,JP Nagar,Yelahanka,119.0,85.0,Not Applicable,Not Applicable,No,Not Applicable,992,Cash,5,4.4,4.1
2024-07-02 03:42:00,CNR1451390489,Success,CID672148,Prime Sedan,Hulimavu,Vijayanagar,105.0,100.0,Not Applicable,Not Applicable,No,Not Applicable,175,UPI,4,3.5,4.8
2024-07-22 15:35:00,CNR9634927277,Canceled by Driver,CID377761,eBike,Bannerghatta Road,Marathahalli,,,Not Applicable,Personal & Car related issue,Not Applicable,Not Applicable,235,Not Applicable,0,,
2024-07-09 23:08:00,CNR8002701138,Success,CID228517,Auto,Banashankari,Malleshwaram,63.0,125.0,Not Applicable,Not Applicable,Yes,Customer Demand,209,Cash,12,4.2,5.0
2024-07-29 12:15:00,CNR5471464847,Success,CID630550,eBike,Hebbal,Hulimavu,42.0,100.0,Not Applicable,Not Applicable,No,Not Applicable,442,UPI,47,4.1,4.0
2024-07-11 02:47:00,CNR3640922514,Canceled by Driver,CID392192,Mini,RT Nagar,Jayanagar,,,Not Applicable,Personal & Car related issue,Not Applicable,Not Applicable,246,Not Applicable,0,,
2024-07-04 13:55:00,CNR1068015666,Success,CID874404,Prime SUV,Devanahalli,MG Road,35.0,85.0,Not Applicable,Not Applicable,No,Not Applicable,1970,Cash,1,4.5,4.0
2024-07-05 10:48:00,CNR3757117737,Canceled by Customer,CID192684,Prime Plus,Tumkur Road,Mysore Road,,,Wrong Address,Not Applicable,Not Applicable,Not Applicable,386,Not Applicable,0,,
2024-07-02 07:29:00,CNR9964380808,Canceled by Driver,CID246921,Auto,Ramamurthy Nagar,Ramamurthy Nagar,,,Not Applicable,Customer was coughing/sick,Not Applicable,Not Applicable,313,Not Applicable,0,,
2024-07-12 01:54:00,CNR5104316012,Success,CID338201,Auto,Bannerghatta Road,Hebbal,140.0,30.0,Not Applicable,Not Applicable,No,Not Applicable,327,Cash,2,4.5,3.6
2024-07-19 01:27:00,CNR9380302135,Success,CID705284,Mini,Yelahanka,Hennur,301.0,145.0,Not Applicable,Not Applicable,No,Not Applicable,368,Cash,49,3.0,4.1
2024-07-25 07:42:00,CNR1816957785,Success,CID164011,Mini,Ulsoor,Whitefield,77.0,135.0,Not Applicable,Not Applicable,No,Not Applicable,650,Credit Card,32,3.8,4.2
2024-07-20 23:39:00,CNR2530206349,Canceled by Customer,CID859187,Bike,Bellandur,Whitefield,,,Driver is not moving towards pickup location,Not Applicable,Not Applicable,Not Applicable,188,Not Applicable,0,,
2024-07-21 12:02:00,CNR4774044675,Success,CID448437,Bike,HSR Layout,Chamarajpet,119.0,45.0,Not Applicable,Not Applicable,No,Not Applicable,134,Cash,34,3.5,3.4
2024-07-14 20:17:00,CNR4147642962,Success,CID360044,Mini,Padmanabhanagar,Ulsoor,273.0,55.0,Not Applicable,Not Applicable,No,Not Applicable,225,UPI,1,3.9,4.7
2024-07-07 08:11:00,CNR9136830884,Success,CID648106,Bike,RT Nagar,Electronic City,168.0,145.0,Not Applicable,Not Applicable,No,Not Applicable,435,UPI,9,3.2,3.5
2024-07-14 02:37:00,CNR1065492458,Canceled by Driver,CID513147,Prime Sedan,Langford Town,Cox Town,,,Not Applicable,Personal & Car related issue,Not Applicable,Not Applicable,506,Not Applicable,0,,
2024-07-11 10:01:00,CNR4231709782,Canceled by Customer,CID432343,Prime SUV,Whitefield,Padmanabhanagar,,,Driver is not moving towards pickup location,Not Applicable,Not Applicable,Not Applicable,440,Not Applicable,0,,
2024-07-23 16:20:00,CNR5313667546,Canceled by Driver,CID105536,Prime SUV,Shantinagar,Peenya,,,Not Applicable,Personal & Car related issue,Not Applicable,Not Applicable,604,Not Applicable,0,,
2024-07-10 20:13:00,CNR4771431266,Success,CID786104,Mini,Shantinagar,MG Road,231.0,125.0,Not Applicable,Not Applicable,No,Not Applicable,286,UPI,22,3.8,3.8
2024-07-10 05:26:00,CNR6550193621,Canceled by Customer,CID663408,eBike,Yelahanka,Magadi Road,,,Driver is not moving towards pickup location,Not Applicable,Not Applicable,Not Applicable,195,Not Applicable,0,,
2024-07-11 08:51:00,CNR5222538742,Canceled by Customer,CID600517,Prime Sedan,Ramamurthy Nagar,KR Puram,,,Driver is not moving towards pickup location,Not Applicable,Not Applicable,Not Applicable,785,Not Applicable,0,,
2024-07-29 15:49:00,CNR4256714836,Driver Not Found,CID218567,Prime SUV,Frazer Town,BTM Layout,,,Not Applicable,Not Applicable,Not Applicable,Not Applicable,241,Not Applicable,0,,
2024-07-24 15:42:00,CNR4210490761,Canceled by Customer,CID920453,Bike,Shivajinagar,Frazer Town,,,Change of plans,Not Applicable,Not Applicable,Not Applicable,544,Not Applicable,0,,
2024-07-10 19:06:00,CNR7073671985,Canceled by Driver,CID689534,Bike,Padmanabhanagar,MG Road,,,Not Applicable,Customer related issue,Not Applicable,Not Applicable,300,Not Applicable,0,,
2024-07-04 08:01:00,CNR2247652972,Success,CID860940,Auto,Basavanagudi,Jayanagar,189.0,30.0,Not Applicable,Not Applicable,No,Not Applicable,489,UPI,7,4.0,4.9
2024-07-05 03:08:00,CNR2648680173,Driver Not Found,CID805255,Auto,Chickpet,Koramangala,,,Not Applicable,Not Applicable,Not Applicable,Not Applicable,741,Not Applicable,0,,
2024-07-19 12:58:00,CNR9696694439,Canceled by Driver,CID477980,Bike,Kadugodi,Peenya,,,Not Applicable,Personal & Car related issue,Not Applicable,Not Applicable,225,Not Applicable,0,,
2024-07-22 19:48:00,CNR6893571238,Canceled by Customer,CID730046,Prime Plus,Nagarbhavi,Bellandur,,,Change of plans,Not Applicable,Not Applicable,Not Applicable,403,Not Applicable,0,,
2024-07-07 01:42:00,CNR1130532176,Success,CID982171,Prime SUV,MG Road,Nagarbhavi,196.0,145.0,Not Applicable,Not Applicable,No,Not Applicable,399,Cash,4,3.2,3.0
2024-07-18 14:15:00,CNR4764476655,Canceled by Customer,CID533155,Prime Sedan,Majestic,Marathahalli,,,Driver is not moving towards pickup location,Not Applicable,Not Applicable,Not Applicable,288,Not Applicable,0,,
2024-07-24 11:35:00,CNR7372065465,Success,CID159589,Mini,Rajajinagar,Kengeri,126.0,55.0,Not Applicable,Not Applicable,No,Not Applicable,173,Cash,23,3.8,4.1
2024-07-18 21:04:00,CNR9199529922,Canceled by Driver,CID339032,Auto,Kadugodi,BTM Layout,,,Not Applicable,Customer related issue,Not Applicable,Not Applicable,411,Not Applicable,0,,
2024-07-22 09:20:00,CNR6230541895,Canceled by Driver,CID663671,Bike,Nagarbhavi,KR Puram,,,Not Applicable,Personal & Car related issue,Not Applicable,Not Applicable,450,Not Applicable,0,,
2024-07-04 10:25:00,CNR9926973673,Canceled by Customer,CID847342,Prime Plus,Chamarajpet,Nagarbhavi,,,Change of plans,Not Applicable,Not Applicable,Not Applicable,747,Not Applicable,0,,
2024-07-07 20:35:00,CNR2070684700,Driver Not Found,CID284789,Prime SUV,Bellandur,Whitefield,,,Not Applicable,Not Applicable,Not Applicable,Not Applicable,2532,Not Applicable,0,,
2024-07-02 02:29:00,CNR6095736453,Success,CID506952,Prime SUV,Kadugodi,Magadi Road,175.0,90.0,Not Applicable,Not Applicable,No,Not Applicable,498,UPI,8,3.6,4.4
2024-07-17 00:19:00,CNR4427169300,Success,CID912626,Prime Sedan,Basavanagudi,Shivajinagar,175.0,35.0,Not Applicable,Not Applicable,No,Not Applicable,436,UPI,49,4.3,4.3
2024-07-27 00:09:00,CNR2744496146,Success,CID422797,Prime Plus,Marathahalli,Hosur Road,105.0,120.0,Not Applicable,Not Applicable,No,Not Applicable,293,UPI,32,3.8,3.1
2024-07-27 02:00:00,CNR9940199970,Success,CID327954,eBike,Yelahanka,Peenya,203.0,145.0,Not Applicable,Not Applicable,No,Not Applicable,316,UPI,19,3.9,3.7
2024-07-10 03:21:00,CNR4212762793,Canceled by Driver,CID977820,eBike,Shantinagar,Jayanagar,,,Not Applicable,Personal & Car related issue,Not Applicable,Not Applicable,403,Not Applicable,0,,
2024-07-18 22:35:00,CNR4232151712,Success,CID938353,Prime Plus,KR Puram,Kammanahalli,133.0,145.0,Not Applicable,Not Applicable,No,Not Applicable,626,UPI,14,4.8,3.2
2024-07-05 07:16:00,CNR2477167118,Success,CID766099,Bike,Electronic City,Sarjapur Road,231.0,55.0,Not Applicable,Not Applicable,No,Not Applicable,168,Debit Card,29,3.6,4.0
2024-07-14 11:21:00,CNR8268171025,Success,CID125976,Mini,Peenya,Chickpet,126.0,135.0,Not Applicable,Not Applicable,No,Not Applicable,467,UPI,38,3.9,4.3
2024-07-03 16:19:00,CNR2385959455,Canceled by Driver,CID583602,Prime SUV,Vijayanagar,Tumkur Road,,,Not Applicable,Customer was coughing/sick,Not Applicable,Not Applicable,449,Not Applicable,0,,
2024-07-29 16:42:00,CNR3901748752,Canceled by Customer,CID241796,Mini,Kammanahalli,Sahakar Nagar,,,Driver asked to cancel,Not Applicable,Not Applicable,Not Applicable,140,Not Applicable,0,,
2024-07-18 21:39:00,CNR3738031188,Canceled by Driver,CID227001,Auto,Varthur,Whitefield,,,Not Applicable,Personal & Car related issue,Not Applicable,Not Applicable,470,Not Applicable,0,,
2024-07-04 08:17:00,CNR8376799689,Success,CID610298,Prime Plus,BTM Layout,Indiranagar,231.0,70.0,Not Applicable,Not Applicable,No,Not Applicable,919,UPI,3,3.8,4.9
2024-07-16 04:21:00,CNR3912161168,Success,CID243142,Mini,Hosur Road,Hebbal,182.0,25.0,Not Applicable,Not Applicable,No,Not Applicable,218,Cash,36,3.7,3.8
2024-07-13 06:39:00,CNR4032475795,Success,CID162294,Prime Plus,Electronic City,Banashankari,168.0,125.0,Not Applicable,Not Applicable,No,Not Applicable,142,Cash,11,3.1,4.4
2024-07-05 06:16:00,CNR6640193798,Canceled by Customer,CID592871,Auto,Vijayanagar,HSR Layout,,,Driver is not moving towards pickup location,Not Applicable,Not Applicable,Not Applicable,141,Not Applicable,0,,
2024-07-02 20:21:00,CNR3773710966,Success,CID427884,Auto,Frazer Town,Ramamurthy Nagar,245.0,25.0,Not Applicable,Not Applicable,No,Not Applicable,2097,UPI,2,4.1,3.3
2024-07-28 21:37:00,CNR3825976950,Success,CID767029,Bike,HSR Layout,Peenya,154.0,65.0,Not Applicable,Not Applicable,No,Not Applicable,124,UPI,10,3.7,3.3
2024-07-27 00:13:00,CNR4339879674,Canceled by Customer,CID196449,Bike,Bellandur,Bellandur,,,Driver is not moving towards pickup location,Not Applicable,Not Applicable,Not Applicable,139,Not Applicable,0,,
2024-07-27 11:06:00,CNR6778575161,Success,CID746336,Prime SUV,Vijayanagar,Magadi Road,42.0,140.0,Not Applicable,Not Applicable,Yes,Customer Demand,542,Cash,46,3.1,4.7
2024-07-04 12:20:00,CNR8804403764,Success,CID890856,Mini,Hulimavu,Banashankari,259.0,50.0,Not Applicable,Not Applicable,Yes,Vehicle Breakdown,1521,UPI,3,3.0,4.7
2024-07-15 03:04:00,CNR2696392336,Canceled by Customer,CID861314,Prime Plus,Marathahalli,Shivajinagar,,,Change of plans,Not Applicable,Not Applicable,Not Applicable,301,Not Applicable,0,,
2024-07-16 17:01:00,CNR9062710024,Success,CID638589,Bike,Majestic,Yeshwanthpur,63.0,50.0,Not Applicable,Not Applicable,No,Not Applicable,181,Cash,3,4.1,4.0
2024-07-28 09:02:00,CNR2062077505,Success,CID388579,Mini,Malleshwaram,Mysore Road,245.0,30.0,Not Applicable,Not Applicable,No,Not Applicable,468,Cash,29,3.8,3.9
2024-07-23 18:55:00,CNR5994627872,Success,CID201034,Bike,Bellandur,Hosur Road,203.0,65.0,Not Applicable,Not Applicable,No,Not Applicable,339,UPI,16,4.0,5.0
2024-07-29 08:34:00,CNR6658151543,Success,CID475313,Prime SUV,Kammanahalli,Majestic,70.0,35.0,Not Applicable,Not Applicable,No,Not Applicable,161,Cash,33,4.4,3.7
2024-07-12 22:27:00,CNR1548603036,Canceled by Driver,CID832054,Prime Plus,Nagarbhavi,Sahakar Nagar,,,Not Applicable,Customer related issue,Not Applicable,Not Applicable,474,Not Applicable,0,,
2024-07-14 11:33:00,CNR8004283060,Success,CID812991,Auto,Cox Town,Marathahalli,231.0,105.0,Not Applicable,Not Applicable,No,Not Applicable,339,UPI,16,4.5,4.7
2024-07-20 19:35:00,CNR1553117967,Success,CID338811,Bike,JP Nagar,Ramamurthy Nagar,203.0,35.0,Not Applicable,Not Applicable,No,Not Applicable,373,UPI,11,3.6,3.1
2024-07-20 17:54:00,CNR7502333441,Canceled by Driver,CID615338,Prime SUV,Mysore Road,Chamarajpet,,,Not Applicable,Customer was coughing/sick,Not Applicable,Not Applicable,331,Not Applicable,0,,
2024-07-24 00:42:00,CNR3232854356,Success,CID646817,eBike,Yeshwanthpur,Tumkur Road,308.0,35.0,Not Applicable,Not Applicable,No,Not Applicable,195,UPI,40,4.5,3.6
2024-07-08 22:31:00,CNR9683869768,Success,CID576483,Auto,Kammanahalli,BTM Layout,126.0,65.0,Not Applicable,Not Applicable,No,Not Applicable,250,Cash,1,4.9,3.9
2024-07-10 21:20:00,CNR2226440794,Success,CID714479,Prime Plus,Cox Town,Hebbal,238.0,75.0,Not Applicable,Not Applicable,No,Not Applicable,156,UPI,25,3.1,3.9
2024-07-12 17:04:00,CNR7570450196,Success,CID797387,Auto,Whitefield,Devanahalli,238.0,50.0,Not Applicable,Not Applicable,No,Not Applicable,841,UPI,7,4.6,4.4
2024-07-07 11:43:00,CNR5750849713,Success,CID231843,Bike,Hennur,Banashankari,259.0,85.0,Not Applicable,Not Applicable,No,Not Applicable,119,Cash,36,4.3,4.5
2024-07-17 10:24:00,CNR9294358682,Driver Not Found,CID206602,Auto,Frazer Town,Magadi Road,,,Not Applicable,Not Applicable,Not Applicable,Not Applicable,331,Not Applicable,0,,
2024-07-23 21:31:00,CNR4301724757,Success,CID350452,eBike,Bannerghatta Road,Shantinagar,161.0,30.0,Not Applicable,Not Applicable,No,Not Applicable,436,UPI,33,3.7,3.5
2024-07-23 23:09:00,CNR8834556527,Success,CID385233,Auto,Whitefield,Magadi Road,42.0,60.0,Not Applicable,Not Applicable,No,Not Applicable,827,Credit Card,14,4.1,3.7
2024-07-10 02:37:00,CNR6068801234,Driver Not Found,CID220798,Prime SUV,Jayanagar,Sarjapur Road,,,Not Applicable,Not Applicable,Not Applicable,Not Applicable,187,Not Applicable,0,,
2024-07-27 08:38:00,CNR3682247223,Success,CID403444,Auto,Nagarbhavi,RT Nagar,266.0,80.0,Not Applicable,Not Applicable,No,Not Applicable,282,UPI,8,3.9,3.4
2024-07-13 17:33:00,CNR8069103357,Success,CID852690,Prime Sedan,Marathahalli,Basavanagudi,196.0,50.0,Not Applicable,Not Applicable,Yes,Customer Demand,2054,Cash,36,4.6,4.9
2024-07-18 11:29:00,CNR2820127002,Canceled by Customer,CID837485,Mini,Shivajinagar,Cox Town,,,AC is Not working,Not Applicable,Not Applicable,Not Applicable,404,Not Applicable,0,,
2024-07-19 08:15:00,CNR5037323326,Success,CID602256,Prime SUV,RT Nagar,MG Road,161.0,60.0,Not Applicable,Not Applicable,No,Not Applicable,284,Credit Card,25,3.8,3.5
2024-07-19 15:54:00,CNR4250461750,Canceled by Customer,CID298307,Bike,Kammanahalli,Devanahalli,,,Wrong Address,Not Applicable,Not Applicable,Not Applicable,434,Not Applicable,0,,
2024-07-03 13:13:00,CNR4231259771,Canceled by Driver,CID994581,Prime SUV,Ramamurthy Nagar,Richmond Town,,,Not Applicable,Personal & Car related issue,Not Applicable,Not Applicable,240,Not Applicable,0,,
2024-07-05 03:05:00,CNR1373441229,Success,CID287082,Mini,Yeshwanthpur,KR Puram,231.0,65.0,Not Applicable,Not Applicable,No,Not Applicable,226,Cash,19,4.5,4.8
2024-07-21 12:49:00,CNR4634134575,Canceled by Driver,CID195786,Mini,Hennur,Yeshwanthpur,,,Not Applicable,Customer was coughing/sick,Not Applicable,Not Applicable,410,Not Applicable,0,,
2024-07-11 08:47:00,CNR9320170804,Success,CID175139,Prime Plus,Malleshwaram,Mysore Road,126.0,135.0,Not Applicable,Not Applicable,No,Not Applicable,227,Credit Card,2,4.9,4.4
2024-07-13 17:16:00,CNR5738221031,Canceled by Driver,CID372867,eBike,Kadugodi,Bellandur,,,Not Applicable,More than permitted people in there,Not Applicable,Not Applicable,157,Not Applicable,0,,
2024-07-28 08:49:00,CNR8158568647,Success,CID572693,Mini,Marathahalli,Chamarajpet,154.0,140.0,Not Applicable,Not Applicable,No,Not Applicable,283,Cash,33,4.7,4.1
2024-07-16 10:12:00,CNR7788750566,Canceled by Driver,CID279941,Mini,Mysore Road,Langford Town,,,Not Applicable,Personal & Car related issue,Not Applicable,Not Applicable,304,Not Applicable,0,,
2024-07-21 11:56:00,CNR1743513524,Canceled by Driver,CID460649,Mini,Padmanabhanagar,Tumkur Road,,,Not Applicable,Personal & Car related issue,Not Applicable,Not Applicable,339,Not Applicable,0,,
2024-07-16 02:22:00,CNR3269756714,Success,CID503377,eBike,Electronic City,Basavanagudi,273.0,45.0,Not Applicable,Not Applicable,No,Not Applicable,301,Cash,45,3.9,4.9
2024-07-04 16:41:00,CNR2963737613,Success,CID271105,Prime Plus,Electronic City,Padmanabhanagar,42.0,125.0,Not Applicable,Not Applicable,No,Not Applicable,847,Cash,43,3.3,4.4
2024-07-02 19:52:00,CNR8129380867,Canceled by Customer,CID289151,Prime Sedan,Ulsoor,Padmanabhanagar,,,Change of plans,Not Applicable,Not Applicable,Not Applicable,2264,Not Applicable,0,,
2024-07-20 16:14:00,CNR8245733629,Success,CID471945,Prime SUV,Koramangala,Padmanabhanagar,147.0,115.0,Not Applicable,Not Applicable,No,Not Applicable,339,UPI,24,4.5,3.7
2024-07-01 00:37:00,CNR9336391720,Canceled by Driver,CID291198,Prime Plus,Malleshwaram,Yelahanka,,,Not Applicable,Customer related issue,Not Applicable,Not Applicable,273,Not Applicable,0,,
2024-07-10 23:08:00,CNR7228094051,Success,CID828396,Prime SUV,Hulimavu,HSR Layout,63.0,120.0,Not Applicable,Not Applicable,No,Not Applicable,595,Credit Card,9,3.5,4.2
2024-07-05 03:06:00,CNR6537934608,Canceled by Customer,CID189554,Bike,Malleshwaram,Hebbal,,,Wrong Address,Not Applicable,Not Applicable,Not Applicable,128,Not Applicable,0,,
2024-07-01 01:58:00,CNR1359245162,Canceled by Driver,CID612078,Auto,BTM Layout,HSR Layout,,,Not Applicable,Personal & Car related issue,Not Applicable,Not Applicable,388,Not Applicable,0,,
2024-07-28 22:16:00,CNR7901718321,Success,CID444630,Bike,Vijayanagar,Padmanabhanagar,63.0,35.0,Not Applicable,Not Applicable,No,Not Applicable,2585,Cash,36,4.4,3.5
2024-07-20 05:24:00,CNR1836525297,Success,CID879170,Prime Sedan,Basavanagudi,MG Road,273.0,65.0,Not Applicable,Not Applicable,No,Not Applicable,110,Cash,20,4.8,4.5
2024-07-19 01:10:00,CNR4144793591,Success,CID610268,Mini,Padmanabhanagar,Jayanagar,308.0,25.0,Not Applicable,Not Applicable,No,Not Applicable,594,UPI,18,3.1,4.8
2024-07-23 03:03:00,CNR9583682274,Success,CID500466,Prime Plus,BTM Layout,Cox Town,105.0,60.0,Not Applicable,Not Applicable,No,Not Applicable,830,UPI,16,3.0,3.4
2024-07-24 20:10:00,CNR1133017806,Driver Not Found,CID756962,Prime SUV,Yeshwanthpur,Kammanahalli,,,Not Applicable,Not Applicable,Not Applicable,Not Applicable,172,Not Applicable,0,,
2024-07-04 18:53:00,CNR1890928329,Canceled by Driver,CID911553,Prime Sedan,Hulimavu,Shivajinagar,,,Not Applicable,Customer was coughing/sick,Not Applicable,Not Applicable,741,Not Applicable,0,,
2024-07-28 08:35:00,CNR4860031771,Canceled by Customer,CID257593,Auto,Sahakar Nagar,Shivajinagar,,,Change of plans,Not Applicable,Not Applicable,Not Applicable,363,Not Applicable,0,,
2024-07-13 11:46:00,CNR1106619784,Success,CID904684,Prime SUV,Bannerghatta Road,MG Road,252.0,90.0,Not Applicable,Not Applicable,No,Not Applicable,110,UPI,43,5.0,4.0
2024-07-03 08:22:00,CNR1139792664,Success,CID632032,Bike,MG Road,Koramangala,161.0,50.0,Not Applicable,Not Applicable,No,Not Applicable,382,Cash,2,3.8,3.8
2024-07-24 11:40:00,CNR3856335228,Canceled by Driver,CID112834,Prime Plus,Shantinagar,Kammanahalli,,,Not Applicable,Personal & Car related issue,Not Applicable,Not Applicable,797,Not Applicable,0,,
2024-07-08 14:44:00,CNR1891144831,Success,CID938463,eBike,MG Road,Padmanabhanagar,301.0,135.0,Not Applicable,Not Applicable,No,Not Applicable,224,Cash,18,4.9,3.3
2024-07-26 21:58:00,CNR9999617236,Canceled by Driver,CID745306,Auto,Bannerghatta Road,Kadugodi,,,Not Applicable,More than permitted people in there,Not Applicable,Not Applicable,441,Not Applicable,0,,
2024-07-17 22:09:00,CNR4330111875,Canceled by Driver,CID285758,Prime SUV,RT Nagar,Langford Town,,,Not Applicable,More than permitted people in there,Not Applicable,Not Applicable,462,Not Applicable,0,,
2024-07-25 10:49:00,CNR7939013281,Success,CID729505,Prime SUV,Basavanagudi,Richmond Town,154.0,35.0,Not Applicable,Not Applicable,No,Not Applicable,135,UPI,9,4.7,4.9
2024-07-26 06:47:00,CNR3661167563,Canceled by Driver,CID312770,Prime Sedan,Tumkur Road,Nagarbhavi,,,Not Applicable,Personal & Car related issue,Not Applicable,Not Applicable,976,Not Applicable,0,,
2024-07-13 17:14:00,CNR8760215784,Canceled by Driver,CID194727,Mini,Frazer Town,Kammanahalli,,,Not Applicable,Customer related issue,Not Applicable,Not Applicable,1793,Not Applicable,0,,
2024-07-24 19:30:00,CNR7689993907,Success,CID354392,Prime SUV,MG Road,Sarjapur Road,112.0,45.0,Not Applicable,Not Applicable,No,Not Applicable,444,UPI,10,4.9,4.0
2024-07-13 21:52:00,CNR1299227548,Canceled by Customer,CID725335,eBike,Frazer Town,Hennur,,,Driver asked to cancel,Not Applicable,Not Applicable,Not Applicable,1357,Not Applicable,0,,
2024-07-29 07:51:00,CNR7041957362,Canceled by Driver,CID169836,Bike,BTM Layout,RT Nagar,,,Not Applicable,Customer related issue,Not Applicable,Not Applicable,425,Not Applicable,0,,
2024-07-02 23:03:00,CNR1400497452,Canceled by Customer,CID491534,Bike,Vijayanagar,Chickpet,,,AC is Not working,Not Applicable,Not Applicable,Not Applicable,406,Not Applicable,0,,
2024-07-03 14:01:00,CNR2603074523,Success,CID385124,Prime Sedan,Nagarbhavi,Padmanabhanagar,259.0,85.0,Not Applicable,Not Applicable,Yes,Vehicle Breakdown,356,UPI,45,3.9,4.2
2024-07-17 17:28:00,CNR1907733965,Success,CID272108,Prime Sedan,Indiranagar,Shivajinagar,245.0,120.0,Not Applicable,Not Applicable,No,Not Applicable,338,Cash,36,3.7,4.9
2024-07-06 06:42:00,CNR7275403988,Success,CID377037,Bike,Cox Town,Banashankari,217.0,115.0,Not Applicable,Not Applicable,No,Not Applicable,142,Cash,9,4.3,4.9
2024-07-28 05:39:00,CNR2963046037,Success,CID865366,eBike,Peenya,Ulsoor,217.0,50.0,Not Applicable,Not Applicable,No,Not Applicable,980,Cash,40,3.5,3.0
2024-07-27 19:21:00,CNR4098179011,Canceled by Customer,CID711773,Auto,Magadi Road,KR Puram,,,Driver is not moving towards pickup location,Not Applicable,Not Applicable,Not Applicable,706,Not Applicable,0,,
2024-07-11 06:13:00,CNR7674048107,Success,CID579823,Mini,Varthur,Kammanahalli,196.0,45.0,Not Applicable,Not Applicable,No,Not Applicable,191,UPI,13,4.7,4.3
2024-07-26 15:33:00,CNR5117368760,Driver Not Found,CID995330,Prime Plus,Shantinagar,Banashankari,,,Not Applicable,Not Applicable,Not Applicable,Not Applicable,542,Not Applicable,0,,
2024-07-10 10:58:00,CNR5008623973,Success,CID248517,Prime Plus,Chickpet,BTM Layout,287.0,55.0,Not Applicable,Not Applicable,No,Not Applicable,672,Cash,14,3.6,4.0
2024-07-27 19:05:00,CNR3517194280,Success,CID816383,Mini,Yelahanka,JP Nagar,217.0,75.0,Not Applicable,Not Applicable,No,Not Applicable,249,Cash,32,4.4,4.4
2024-07-01 07:40:00,CNR8156571697,Canceled by Driver,CID556274,Bike,HSR Layout,Sarjapur Road,,,Not Applicable,Personal & Car related issue,Not Applicable,Not Applicable,793,Not Applicable,0,,
2024-07-28 05:14:00,CNR1508676497,Success,CID642748,Bike,Basavanagudi,Devanahalli,133.0,145.0,Not Applicable,Not Applicable,No,Not Applicable,109,Cash,32,4.7,4.9
2024-07-25 03:23:00,CNR2104484313,Success,CID139487,Mini,Kengeri,Peenya,63.0,105.0,Not Applicable,Not Applicable,No,Not Applicable,1809,Cash,47,4.2,3.2
2024-07-21 16:19:00,CNR9976363200,Success,CID830877,eBike,Whitefield,MG Road,147.0,95.0,Not Applicable,Not Applicable,No,Not Applicable,191,UPI,35,4.3,4.9
2024-07-18 06:10:00,CNR3637621006,Driver Not Found,CID743631,Prime SUV,Ulsoor,Hosur Road,,,Not Applicable,Not Applicable,Not Applicable,Not Applicable,597,Not Applicable,0,,
2024-07-27 03:48:00,CNR7407280206,Canceled by Customer,CID396867,Prime Sedan,Marathahalli,Chickpet,,,Driver is not moving towards pickup location,Not Applicable,Not Applicable,Not Applicable,297,Not Applicable,0,,
2024-07-10 22:17:00,CNR5423075205,Canceled by Driver,CID347799,eBike,Padmanabhanagar,RT Nagar,,,Not Applicable,Personal & Car related issue,Not Applicable,Not Applicable,206,Not Applicable,0,,
2024-07-01 16:13:00,CNR1957584506,Canceled by Driver,CID546785,Mini,Padmanabhanagar,BTM Layout,,,Not Applicable,Customer was coughing/sick,Not Applicable,Not Applicable,115,Not Applicable,0,,
2024-07-18 05:53:00,CNR7125403183,Success,CID273398,Prime SUV,Mysore Road,Chickpet,77.0,145.0,Not Applicable,Not Applicable,No,Not Applicable,478,UPI,23,4.8,3.7
2024-07-02 19:12:00,CNR5452960692,Canceled by Driver,CID971200,Auto,MG Road,Hosur Road,,,Not Applicable,Customer was coughing/sick,Not Applicable,Not Applicable,2934,Not Applicable,0,,
2024-07-23 12:23:00,CNR7481702364,Driver Not Found,CID626320,Prime Sedan,Bannerghatta Road,Richmond Town,,,Not Applicable,Not Applicable,Not Applicable,Not Applicable,360,Not Applicable,0,,
2024-07-07 03:52:00,CNR1360324134,Success,CID440638,Auto,Electronic City,Kengeri,35.0,40.0,Not Applicable,Not Applicable,No,Not Applicable,1264,Cash,14,5.0,3.5
2024-07-01 09:45:00,CNR7692393520,Canceled by Driver,CID730523,Prime Sedan,Basavanagudi,RT Nagar,,,Not Applicable,Customer was coughing/sick,Not Applicable,Not Applicable,469,Not Applicable,0,,
2024-07-06 22:19:00,CNR2295660719,Success,CID741194,Auto,Shivajinagar,Bellandur,196.0,50.0,Not Applicable,Not Applicable,No,Not Applicable,348,Cash,8,3.8,3.8
2024-07-13 01:11:00,CNR3782590674,Success,CID423964,Prime Plus,Kammanahalli,HSR Layout,147.0,35.0,Not Applicable,Not Applicable,No,Not Applicable,293,Cash,48,4.6,4.8
2024-07-17 13:19:00,CNR1411659077,Success,CID702025,Prime Sedan,Bellandur,Cox Town,112.0,145.0,Not Applicable,Not Applicable,No,Not Applicable,665,Cash,1,5.0,4.6
2024-07-26 07:46:00,CNR4645360887,Success,CID446838,Prime Plus,Bellandur,Electronic City,56.0,95.0,Not Applicable,Not Applicable,No,Not Applicable,466,Cash,42,4.9,4.8
2024-07-19 21:28:00,CNR9264627283,Canceled by Customer,CID910011,Bike,Nagarbhavi,Kammanahalli,,,Change of plans,Not Applicable,Not Applicable,Not Applicable,740,Not Applicable,0,,
2024-07-29 23:46:00,CNR2725601218,Success,CID550617,eBike,Hosur Road,Yelahanka,49.0,45.0,Not Applicable,Not Applicable,No,Not Applicable,675,Cash,36,5.0,4.4
2024-07-08 07:21:00,CNR8375854394,Driver Not Found,CID285155,Prime SUV,Vijayanagar,BTM Layout,,,Not Applicable,Not Applicable,Not Applicable,Not Applicable,744,Not Applicable,0,,
2024-07-10 00:42:00,CNR4533220719,Success,CID347927,Prime Sedan,Indiranagar,Sahakar Nagar,287.0,50.0,Not Applicable,Not Applicable,No,Not Applicable,123,Cash,46,4.1,4.9
2024-07-27 12:45:00,CNR1733266445,Success,CID246932,Prime Plus,Nagarbhavi,Varthur,133.0,105.0,Not Applicable,Not Applicable,No,Not Applicable,322,Cash,11,4.3,4.9
2024-07-10 10:55:00,CNR4782946050,Success,CID296547,eBike,Jayanagar,Chickpet,49.0,135.0,Not Applicable,Not Applicable,No,Not Applicable,786,Cash,8,3.4,3.0
2024-07-27 16:35:00,CNR3846466039,Success,CID882329,eBike,Varthur,Vijayanagar,189.0,30.0,Not Applicable,Not Applicable,No,Not Applicable,267,Cash,44,4.6,4.9
2024-07-12 18:39:00,CNR5717177782,Canceled by Driver,CID487183,Auto,Koramangala,Bellandur,,,Not Applicable,Customer was coughing/sick,Not Applicable,Not Applicable,369,Not Applicable,0,,
2024-07-25 03:55:00,CNR4233819059,Success,CID481831,Bike,Rajarajeshwari Nagar,JP Nagar,182.0,80.0,Not Applicable,Not Applicable,Yes,Other Issue,471,Cash,41,3.8,3.2
2024-07-20 09:57:00,CNR6832998073,Success,CID670976,Mini,Padmanabhanagar,Richmond Town,63.0,55.0,Not Applicable,Not Applicable,No,Not Applicable,428,Cash,36,4.4,4.9
2024-07-08 01:44:00,CNR8300462683,Success,CID216431,Prime SUV,Hulimavu,RT Nagar,196.0,50.0,Not Applicable,Not Applicable,No,Not Applicable,177,Cash,6,3.0,4.6
2024-07-20 22:09:00,CNR9963287540,Success,CID141271,Prime Plus,Kammanahalli,HSR Layout,252.0,145.0,Not Applicable,Not Applicable,No,Not Applicable,473,Cash,39,3.7,4.2
2024-07-14 03:40:00,CNR7793924340,Success,CID454530,Auto,Marathahalli,Tumkur Road,133.0,55.0,Not Applicable,Not Applicable,No,Not Applicable,128,Cash,7,3.6,4.2
2024-07-18 19:07:00,CNR2018623859,Success,CID366432,Mini,Peenya,Sarjapur Road,182.0,110.0,Not Applicable,Not Applicable,No,Not Applicable,808,Cash,17,4.5,3.4
2024-07-15 19:45:00,CNR8203331114,Success,CID697483,Auto,Richmond Town,Whitefield,224.0,85.0,Not Applicable,Not Applicable,No,Not Applicable,169,UPI,4,4.0,4.5
2024-07-27 09:31:00,CNR5589149981,Success,CID225195,Prime Sedan,Ulsoor,BTM Layout,203.0,90.0,Not Applicable,Not Applicable,No,Not Applicable,272,Cash,20,4.9,3.2
2024-07-09 02:41:00,CNR7605948166,Success,CID109122,Prime Sedan,Hosur Road,Hulimavu,259.0,55.0,Not Applicable,Not Applicable,No,Not Applicable,316,Cash,10,3.5,3.2
2024-07-26 10:05:00,CNR5776468923,Success,CID378256,Bike,Electronic City,Mysore Road,210.0,80.0,Not Applicable,Not Applicable,No,Not Applicable,392,Cash,29,3.3,4.6
2024-07-09 16:50:00,CNR2614598109,Canceled by Customer,CID933986,eBike,Koramangala,Langford Town,,,Driver asked to cancel,Not Applicable,Not Applicable,Not Applicable,359,Not Applicable,0,,
2024-07-12 06:44:00,CNR3964010449,Success,CID947715,eBike,Kengeri,Kammanahalli,77.0,90.0,Not Applicable,Not Applicable,No,Not Applicable,431,Cash,40,3.8,4.6
2024-07-26 13:05:00,CNR6035038695,Success,CID169383,Bike,Peenya,Sarjapur Road,294.0,35.0,Not Applicable,Not Applicable,Yes,Vehicle Breakdown,239,Cash,14,4.4,3.2
2024-07-16 02:22:00,CNR7186676000,Driver Not Found,CID852391,Auto,Marathahalli,Majestic,,,Not Applicable,Not Applicable,Not Applicable,Not Applicable,104,Not Applicable,0,,
2024-07-09 15:23:00,CNR6810447052,Driver Not Found,CID531686,Bike,Kammanahalli,Bannerghatta Road,,,Not Applicable,Not Applicable,Not Applicable,Not Applicable,223,Not Applicable,0,,
2024-07-28 04:46:00,CNR5718604275,Success,CID514843,Prime SUV,Ramamurthy Nagar,Rajajinagar,168.0,65.0,Not Applicable,Not Applicable,No,Not Applicable,473,Cash,2,3.4,3.1
2024-07-30 00:26:00,CNR7640811442,Success,CID156325,eBike,Mysore Road,JP Nagar,259.0,125.0,Not Applicable,Not Applicable,No,Not Applicable,199,Cash,31,3.6,4.6
2024-07-03 09:33:00,CNR2375714744,Success,CID851118,Auto,Frazer Town,Mysore Road,56.0,105.0,Not Applicable,Not Applicable,No,Not Applicable,422,Cash,2,4.8,4.1
2024-07-23 22:59:00,CNR1468569872,Driver Not Found,CID453425,Prime SUV,Kammanahalli,Yeshwanthpur,,,Not Applicable,Not Applicable,Not Applicable,Not Applicable,931,Not Applicable,0,,
2024-07-07 15:20:00,CNR1327522426,Success,CID301627,Auto,Sahakar Nagar,Indiranagar,56.0,55.0,Not Applicable,Not Applicable,No,Not Applicable,455,Cash,13,3.8,3.5
2024-07-05 15:03:00,CNR5102600237,Success,CID682562,eBike,Majestic,Frazer Town,301.0,60.0,Not Applicable,Not Applicable,No,Not Applicable,110,Cash,34,3.9,4.0
2024-07-21 00:32:00,CNR2793623877,Success,CID806964,Bike,Langford Town,Basavanagudi,175.0,95.0,Not Applicable,Not Applicable,No,Not Applicable,321,UPI,34,4.3,4.6
2024-07-16 09:49:00,CNR5202993590,Success,CID142914,Prime SUV,RT Nagar,Yeshwanthpur,189.0,35.0,Not Applicable,Not Applicable,No,Not Applicable,981,UPI,30,3.5,4.2
2024-07-02 13:40:00,CNR1349903263,Driver Not Found,CID767408,Prime Sedan,Koramangala,Chickpet,,,Not Applicable,Not Applicable,Not Applicable,Not Applicable,985,Not Applicable,0,,
2024-07-17 05:04:00,CNR6828722050,Success,CID441902,Prime Plus,Hennur,Ramamurthy Nagar,280.0,35.0,Not Applicable,Not Applicable,No,Not Applicable,581,Cash,44,4.1,4.8
2024-07-19 06:03:00,CNR1633757402,Canceled by Driver,CID647990,Prime Sedan,Richmond Town,Sahakar Nagar,,,Not Applicable,More than permitted people in there,Not Applicable,Not Applicable,1053,Not Applicable,0,,
2024-07-17 04:32:00,CNR8759747260,Success,CID432181,Bike,Sahakar Nagar,KR Puram,203.0,50.0,Not Applicable,Not Applicable,No,Not Applicable,334,Cash,35,4.9,3.4
2024-07-15 10:45:00,CNR9430000597,Success,CID614916,Prime Sedan,Yelahanka,Bellandur,42.0,65.0,Not Applicable,Not Applicable,No,Not Applicable,522,UPI,15,4.4,4.3
2024-07-16 21:16:00,CNR5679203909,Success,CID466864,Prime Sedan,Frazer Town,Bannerghatta Road,42.0,135.0,Not Applicable,Not Applicable,No,Not Applicable,959,UPI,10,3.2,3.3
2024-07-19 05:01:00,CNR2796105683,Success,CID639776,Prime Plus,MG Road,Yeshwanthpur,217.0,40.0,Not Applicable,Not Applicable,No,Not Applicable,315,Cash,39,4.4,4.8
2024-07-28 20:48:00,CNR7933413581,Success,CID365569,Auto,Kadugodi,Hosur Road,168.0,105.0,Not Applicable,Not Applicable,No,Not Applicable,227,Cash,4,3.7,3.8
2024-07-27 18:09:00,CNR4962394449,Canceled by Driver,CID587075,Mini,Mysore Road,Rajajinagar,,,Not Applicable,Customer was coughing/sick,Not Applicable,Not Applicable,338,Not Applicable,0,,
2024-07-04 06:25:00,CNR3153703157,Canceled by Customer,CID655221,Prime Sedan,Kadugodi,Ramamurthy Nagar,,,Driver is not moving towards pickup location,Not Applicable,Not Applicable,Not Applicable,681,Not Applicable,0,,
2024-07-30 13:53:00,CNR9697244136,Success,CID655961,Auto,JP Nagar,Bellandur,287.0,45.0,Not Applicable,Not Applicable,Yes,Customer Demand,1447,Cash,17,4.3,3.3
2024-07-16 05:52:00,CNR8536892775,Success,CID197359,Prime Sedan,Marathahalli,Nagarbhavi,175.0,65.0,Not Applicable,Not Applicable,No,Not Applicable,206,Cash,33,4.3,4.4
2024-07-30 07:41:00,CNR1730121677,Canceled by Driver,CID354509,Prime SUV,BTM Layout,Hulimavu,,,Not Applicable,Customer was coughing/sick,Not Applicable,Not Applicable,1238,Not Applicable,0,,
2024-07-12 02:07:00,CNR7810374932,Success,CID133601,Prime SUV,Devanahalli,Langford Town,70.0,25.0,Not Applicable,Not Applicable,No,Not Applicable,425,UPI,2,4.4,3.7
2024-07-13 01:05:00,CNR4221700069,Success,CID778210,Auto,Sarjapur Road,Indiranagar,91.0,55.0,Not Applicable,Not Applicable,No,Not Applicable,893,UPI,16,4.7,4.2
2024-07-28 10:24:00,CNR7941848857,Success,CID490785,Prime Plus,Malleshwaram,Marathahalli,280.0,100.0,Not Applicable,Not Applicable,No,Not Applicable,337,Credit Card,49,3.8,3.3
2024-07-23 16:07:00,CNR4896423860,Success,CID915790,Auto,Rajajinagar,MG Road,42.0,120.0,Not Applicable,Not Applicable,No,Not Applicable,572,Cash,10,3.7,3.8
2024-07-03 22:42:00,CNR9561475660,Driver Not Found,CID731376,Bike,Whitefield,Rajajinagar,,,Not Applicable,Not Applicable,Not Applicable,Not Applicable,275,Not Applicable,0,,
2024-07-09 00:01:00,CNR8821571015,Success,CID662978,Auto,Hebbal,Kammanahalli,245.0,90.0,Not Applicable,Not Applicable,No,Not Applicable,335,UPI,2,4.7,4.5
2024-07-30 20:16:00,CNR5773418175,Success,CID387113,Bike,Marathahalli,Kammanahalli,224.0,55.0,Not Applicable,Not Applicable,No,Not Applicable,376,UPI,24,4.3,4.8
2024-07-16 05:48:00,CNR5658580539,Canceled by Driver,CID724078,Prime Sedan,Varthur,HSR Layout,,,Not Applicable,Personal & Car related issue,Not Applicable,Not Applicable,460,Not Applicable,0,,
2024-07-15 15:13:00,CNR2265932942,Canceled by Customer,CID771590,Mini,Bellandur,Chickpet,,,Driver asked to cancel,Not Applicable,Not Applicable,Not Applicable,107,Not Applicable,0,,
2024-07-04 04:31:00,CNR6804779958,Canceled by Customer,CID475484,Prime SUV,KR Puram,Basavanagudi,,,Driver is not moving towards pickup location,Not Applicable,Not Applicable,Not Applicable,1535,Not Applicable,0,,
2024-07-08 16:40:00,CNR2276434118,Success,CID371014,Prime Plus,Majestic,Hulimavu,35.0,60.0,Not Applicable,Not Applicable,No,Not Applicable,853,Cash,24,3.3,3.2
2024-07-25 05:30:00,CNR9251003491,Success,CID203016,Mini,Ulsoor,Jayanagar,273.0,70.0,Not Applicable,Not Applicable,No,Not Applicable,165,Cash,12,4.6,4.0
2024-07-13 09:07:00,CNR3064710796,Success,CID247384,Prime Sedan,Whitefield,Ramamurthy Nagar,210.0,90.0,Not Applicable,Not Applicable,No,Not Applicable,1452,Cash,27,3.4,3.6
2024-07-20 05:41:00,CNR4890879075,Driver Not Found,CID192292,Bike,JP Nagar,Magadi Road,,,Not Applicable,Not Applicable,Not Applicable,Not Applicable,803,Not Applicable,0,,
2024-07-01 21:00:00,CNR1574782615,Success,CID519122,Bike,Kengeri,Varthur,77.0,95.0,Not Applicable,Not Applicable,No,Not Applicable,413,UPI,49,4.4,4.3
2024-07-28 11:45:00,CNR7870855060,Success,CID205327,Auto,KR Puram,MG Road,231.0,55.0,Not Applicable,Not Applicable,No,Not Applicable,114,UPI,10,3.4,4.5
2024-07-19 11:32:00,CNR9817131256,Success,CID470087,eBike,Yeshwanthpur,Chickpet,224.0,50.0,Not Applicable,Not Applicable,No,Not Applicable,372,Cash,9,4.3,3.0
2024-07-05 04:53:00,CNR9200841371,Success,CID565862,Auto,Cox Town,Hebbal,70.0,25.0,Not Applicable,Not Applicable,No,Not Applicable,419,Cash,9,4.9,3.4
2024-07-17 01:20:00,CNR9906832747,Success,CID922707,Prime Sedan,Banashankari,Kengeri,140.0,90.0,Not Applicable,Not Applicable,No,Not Applicable,382,Cash,11,3.9,4.4
2024-07-11 09:08:00,CNR7980828183,Success,CID543105,Mini,Rajajinagar,Ulsoor,238.0,25.0,Not Applicable,Not Applicable,No,Not Applicable,426,UPI,46,3.8,4.3
2024-07-01 21:36:00,CNR3372950024,Canceled by Driver,CID131368,Mini,Ramamurthy Nagar,KR Puram,,,Not Applicable,Customer related issue,Not Applicable,Not Applicable,479,Not Applicable,0,,
2024-07-01 12:08:00,CNR7967613865,Canceled by Customer,CID356328,Prime SUV,Mysore Road,Basavanagudi,,,AC is Not working,Not Applicable,Not Applicable,Not Applicable,993,Not Applicable,0,,
2024-07-06 09:02:00,CNR9770863418,Driver Not Found,CID192289,Mini,RT Nagar,Bannerghatta Road,,,Not Applicable,Not Applicable,Not Applicable,Not Applicable,389,Not Applicable,0,,
2024-07-01 07:22:00,CNR2328023892,Driver Not Found,CID158729,Bike,KR Puram,Shivajinagar,,,Not Applicable,Not Applicable,Not Applicable,Not Applicable,269,Not Applicable,0,,
2024-07-16 10:51:00,CNR8064231255,Canceled by Driver,CID755118,Mini,JP Nagar,Peenya,,,Not Applicable,Customer was coughing/sick,Not Applicable,Not Applicable,648,Not Applicable,0,,
2024-07-29 16:42:00,CNR9344927812,Success,CID311564,Prime Sedan,Malleshwaram,JP Nagar,126.0,90.0,Not Applicable,Not Applicable,No,Not Applicable,522,UPI,22,3.6,3.7
2024-07-15 08:04:00,CNR1109765702,Success,CID602920,Bike,Cox Town,Rajajinagar,84.0,50.0,Not Applicable,Not Applicable,No,Not Applicable,111,UPI,3,3.9,3.4
2024-07-09 17:58:00,CNR8976523545,Success,CID211597,Prime SUV,Rajajinagar,Magadi Road,119.0,105.0,Not Applicable,Not Applicable,No,Not Applicable,345,UPI,4,4.3,4.5
2024-07-16 13:24:00,CNR9064009969,Canceled by Driver,CID574386,eBike,Hennur,Basavanagudi,,,Not Applicable,Customer related issue,Not Applicable,Not Applicable,2138,Not Applicable,0,,
2024-07-25 07:43:00,CNR4301977899,Success,CID819966,Prime Sedan,Sarjapur Road,Basavanagudi,182.0,145.0,Not Applicable,Not Applicable,No,Not Applicable,2580,Cash,14,4.3,3.2
2024-07-14 00:40:00,CNR4380329794,Driver Not Found,CID959156,Mini,Bellandur,Cox Town,,,Not Applicable,Not Applicable,Not Applicable,Not Applicable,970,Not Applicable,0,,
2024-07-15 07:41:00,CNR7582180499,Success,CID897048,eBike,Tumkur Road,Devanahalli,196.0,30.0,Not Applicable,Not Applicable,No,Not Applicable,2731,UPI,40,4.4,3.4
2024-07-15 14:17:00,CNR9662365347,Canceled by Customer,CID433634,Prime Sedan,Marathahalli,Jayanagar,,,AC is Not working,Not Applicable,Not Applicable,Not Applicable,136,Not Applicable,0,,
2024-07-22 23:25:00,CNR5311418547,Success,CID652118,Prime Sedan,Chamarajpet,Rajajinagar,308.0,140.0,Not Applicable,Not Applicable,No,Not Applicable,505,UPI,49,3.4,4.3
2024-07-20 09:33:00,CNR1216621702,Canceled by Driver,CID499770,Prime SUV,Bannerghatta Road,Rajarajeshwari Nagar,,,Not Applicable,Customer was coughing/sick,Not Applicable,Not Applicable,462,Not Applicable,0,,
2024-07-16 19:56:00,CNR8142413017,Success,CID491866,Mini,Hennur,Frazer Town,147.0,70.0,Not Applicable,Not Applicable,No,Not Applicable,348,UPI,10,3.7,3.9
2024-07-04 18:16:00,CNR4726683086,Success,CID704258,Prime Sedan,Vijayanagar,Rajajinagar,161.0,105.0,Not Applicable,Not Applicable,No,Not Applicable,196,UPI,11,4.3,4.1
2024-07-16 06:07:00,CNR5821944631,Success,CID924820,Bike,Peenya,Padmanabhanagar,161.0,130.0,Not Applicable,Not Applicable,No,Not Applicable,850,UPI,29,3.4,4.7
2024-07-05 17:26:00,CNR7517705069,Success,CID177752,Auto,KR Puram,RT Nagar,308.0,30.0,Not Applicable,Not Applicable,No,Not Applicable,800,UPI,10,3.4,4.4
2024-07-29 23:02:00,CNR9816240809,Success,CID981943,Mini,BTM Layout,Padmanabhanagar,175.0,125.0,Not Applicable,Not Applicable,No,Not Applicable,357,Cash,21,3.7,4.8
2024-07-25 09:38:00,CNR3481790917,Success,CID666038,Mini,Majestic,KR Puram,203.0,125.0,Not Applicable,Not Applicable,No,Not Applicable,422,UPI,14,4.4,4.4
2024-07-09 07:56:00,CNR7136309099,Success,CID629696,eBike,Majestic,Nagarbhavi,49.0,85.0,Not Applicable,Not Applicable,No,Not Applicable,293,UPI,14,4.9,3.8
2024-07-27 02:47:00,CNR3961316571,Success,CID325564,eBike,Jayanagar,Bannerghatta Road,49.0,50.0,Not Applicable,Not Applicable,No,Not Applicable,437,Cash,27,4.0,4.2
2024-07-12 06:12:00,CNR1585610265,Success,CID743677,Auto,Sahakar Nagar,Varthur,98.0,35.0,Not Applicable,Not Applicable,No,Not Applicable,782,Cash,16,4.8,4.9
2024-07-11 16:23:00,CNR4681038756,Success,CID494415,Prime Sedan,Ulsoor,Tumkur Road,189.0,90.0,Not Applicable,Not Applicable,No,Not Applicable,352,UPI,36,4.7,3.9
2024-07-06 02:16:00,CNR9517437213,Success,CID654474,Prime SUV,Jayanagar,Frazer Town,224.0,80.0,Not Applicable,Not Applicable,No,Not Applicable,421,UPI,35,4.4,4.0
2024-07-29 09:12:00,CNR4642423192,Canceled by Customer,CID509891,Auto,Kengeri,Majestic,,,AC is Not working,Not Applicable,Not Applicable,Not Applicable,156,Not Applicable,0,,
2024-07-08 15:51:00,CNR2407307771,Canceled by Driver,CID790974,Bike,Rajajinagar,Electronic City,,,Not Applicable,Personal & Car related issue,Not Applicable,Not Applicable,422,Not Applicable,0,,
2024-07-01 15:27:00,CNR6813522194,Success,CID785202,Bike,Yelahanka,RT Nagar,231.0,140.0,Not Applicable,Not Applicable,No,Not Applicable,407,Cash,13,4.4,3.9
2024-07-21 06:25:00,CNR3399769675,Success,CID303187,eBike,Sarjapur Road,Varthur,189.0,105.0,Not Applicable,Not Applicable,No,Not Applicable,136,Cash,39,3.0,4.7
2024-07-03 05:39:00,CNR9910214024,Success,CID177018,Mini,HSR Layout,Chamarajpet,42.0,95.0,Not Applicable,Not Applicable,No,Not Applicable,474,Cash,11,4.2,4.2
2024-07-07 03:54:00,CNR2755719614,Success,CID134165,Prime Plus,Malleshwaram,Hosur Road,217.0,130.0,Not Applicable,Not Applicable,No,Not Applicable,166,UPI,2,3.3,3.8
2024-07-28 20:46:00,CNR5621489310,Success,CID893997,Prime Sedan,Shantinagar,Whitefield,147.0,45.0,Not Applicable,Not Applicable,No,Not Applicable,983,Cash,6,3.2,3.1
2024-07-20 12:40:00,CNR8142951376,Success,CID649356,Prime Sedan,Yeshwanthpur,Peenya,91.0,30.0,Not Applicable,Not Applicable,Yes,Vehicle Breakdown,358,UPI,18,3.7,3.0
2024-07-08 05:14:00,CNR2769423081,Canceled by Driver,CID114634,Auto,Majestic,Peenya,,,Not Applicable,Personal & Car related issue,Not Applicable,Not Applicable,550,Not Applicable,0,,
2024-07-22 15:49:00,CNR7799767726,Driver Not Found,CID512737,eBike,Kammanahalli,Yeshwanthpur,,,Not Applicable,Not Applicable,Not Applicable,Not Applicable,267,Not Applicable,0,,
2024-07-08 15:18:00,CNR8155051379,Driver Not Found,CID925231,Mini,Indiranagar,Peenya,,,Not Applicable,Not Applicable,Not Applicable,Not Applicable,111,Not Applicable,0,,
2024-07-18 13:11:00,CNR4714049830,Success,CID862023,Prime Sedan,Kengeri,Frazer Town,84.0,25.0,Not Applicable,Not Applicable,No,Not Applicable,455,Credit Card,46,3.9,3.2
2024-07-05 19:02:00,CNR8729073331,Success,CID976805,Bike,Hulimavu,Malleshwaram,91.0,45.0,Not Applicable,Not Applicable,No,Not Applicable,102,Cash,21,4.5,3.8
2024-07-07 23:25:00,CNR9380212482,Success,CID797650,eBike,Bannerghatta Road,Ulsoor,252.0,45.0,Not Applicable,Not Applicable,No,Not Applicable,912,UPI,25,4.1,3.5
2024-07-14 21:46:00,CNR8848063666,Canceled by Driver,CID217478,Prime Plus,Hebbal,Frazer Town,,,Not Applicable,Personal & Car related issue,Not Applicable,Not Applicable,544,Not Applicable,0,,
2024-07-14 13:51:00,CNR2222673675,Canceled by Driver,CID593016,Auto,Kammanahalli,Marathahalli,,,Not Applicable,Personal & Car related issue,Not Applicable,Not Applicable,334,Not Applicable,0,,
2024-07-17 19:54:00,CNR5800818285,Success,CID770648,Prime Plus,Cox Town,Rajarajeshwari Nagar,49.0,90.0,Not Applicable,Not Applicable,No,Not Applicable,2417,Cash,3,3.6,4.3
2024-07-15 22:51:00,CNR3059028373,Success,CID881044,Mini,Hosur Road,Majestic,196.0,115.0,Not Applicable,Not Applicable,Yes,Other Issue,141,Cash,38,4.0,4.1
2024-07-07 05:46:00,CNR1164591433,Success,CID514270,Bike,Hulimavu,RT Nagar,245.0,40.0,Not Applicable,Not Applicable,No,Not Applicable,474,Cash,7,4.8,4.3
2024-07-28 18:10:00,CNR8790721549,Canceled by Driver,CID810296,Mini,Kadugodi,Kengeri,,,Not Applicable,Personal & Car related issue,Not Applicable,Not Applicable,756,Not Applicable,0,,
2024-07-27 18:32:00,CNR8551153005,Success,CID849256,Prime Sedan,RT Nagar,Whitefield,308.0,80.0,Not Applicable,Not Applicable,No,Not Applicable,772,Cash,26,4.9,3.2
2024-07-05 13:25:00,CNR8951173718,Canceled by Customer,CID573773,Mini,Banashankari,Marathahalli,,,Driver asked to cancel,Not Applicable,Not Applicable,Not Applicable,555,Not Applicable,0,,
2024-07-19 15:10:00,CNR3559718751,Success,CID183027,Prime Plus,Magadi Road,Whitefield,252.0,25.0,Not Applicable,Not Applicable,No,Not Applicable,376,Cash,35,3.2,4.0
2024-07-18 04:29:00,CNR1494094698,Canceled by Driver,CID461454,Prime Sedan,Shantinagar,Bannerghatta Road,,,Not Applicable,Personal & Car related issue,Not Applicable,Not Applicable,500,Not Applicable,0,,
2024-07-12 00:35:00,CNR5326472436,Success,CID211374,Prime SUV,Basavanagudi,Banashankari,49.0,90.0,Not Applicable,Not Applicable,No,Not Applicable,432,UPI,42,4.5,5.0
2024-07-06 03:51:00,CNR7968449111,Success,CID832400,eBike,Hebbal,Banashankari,196.0,60.0,Not Applicable,Not Applicable,No,Not Applicable,788,Credit Card,1,4.9,4.8
2024-07-21 12:32:00,CNR2536081311,Canceled by Driver,CID656430,eBike,Yelahanka,Sahakar Nagar,,,Not Applicable,Customer was coughing/sick,Not Applicable,Not Applicable,1195,Not Applicable,0,,
2024-07-02 18:35:00,CNR7295773343,Canceled by Customer,CID294697,Mini,Hosur Road,Varthur,,,Change of plans,Not Applicable,Not Applicable,Not Applicable,126,Not Applicable,0,,
2024-07-23 03:20:00,CNR2783043710,Success,CID791305,Mini,Bellandur,Cox Town,112.0,80.0,Not Applicable,Not Applicable,No,Not Applicable,368,Cash,13,3.8,4.4
2024-07-21 10:34:00,CNR2876350612,Canceled by Driver,CID990331,Auto,Hennur,Kengeri,,,Not Applicable,More than permitted people in there,Not Applicable,Not Applicable,1533,Not Applicable,0,,
2024-07-04 22:45:00,CNR3803021280,Canceled by Driver,CID204713,Prime Sedan,Indiranagar,Hulimavu,,,Not Applicable,Personal & Car related issue,Not Applicable,Not Applicable,156,Not Applicable,0,,
2024-07-12 04:07:00,CNR6462128895,Success,CID929862,Auto,Jayanagar,Sahakar Nagar,161.0,110.0,Not Applicable,Not Applicable,No,Not Applicable,472,Cash,7,3.7,3.7
2024-07-03 03:25:00,CNR6627322510,Success,CID631175,Prime Plus,Kengeri,Kammanahalli,49.0,105.0,Not Applicable,Not Applicable,No,Not Applicable,206,Cash,32,4.5,4.2
2024-07-28 23:39:00,CNR1080464574,Success,CID509549,Prime Sedan,Langford Town,Yelahanka,224.0,25.0,Not Applicable,Not Applicable,No,Not Applicable,467,Cash,48,3.0,4.7
2024-07-03 07:30:00,CNR1777867802,Success,CID593323,Prime SUV,Tumkur Road,Majestic,154.0,25.0,Not Applicable,Not Applicable,No,Not Applicable,218,UPI,15,4.1,4.0
2024-07-16 00:12:00,CNR2372496016,Success,CID642351,Auto,Banashankari,BTM Layout,182.0,145.0,Not Applicable,Not Applicable,No,Not Applicable,472,UPI,5,4.9,3.0
2024-07-24 15:57:00,CNR9755784891,Success,CID591745,Prime Plus,Ulsoor,MG Road,112.0,145.0,Not Applicable,Not Applicable,No,Not Applicable,298,Cash,45,3.3,3.5
2024-07-19 08:06:00,CNR2753806906,Success,CID676779,Mini,Shivajinagar,HSR Layout,77.0,60.0,Not Applicable,Not Applicable,No,Not Applicable,894,Cash,36,3.3,3.5
2024-07-23 08:48:00,CNR1469224202,Success,CID599771,Mini,Hosur Road,Koramangala,231.0,60.0,Not Applicable,Not Applicable,No,Not Applicable,546,UPI,46,3.2,3.4
2024-07-19 07:20:00,CNR9372988365,Success,CID621288,Prime Plus,RT Nagar,Rajarajeshwari Nagar,77.0,130.0,Not Applicable,Not Applicable,No,Not Applicable,873,Cash,42,3.7,3.2
2024-07-27 19:55:00,CNR5517408789,Success,CID139575,eBike,MG Road,Malleshwaram,294.0,115.0,Not Applicable,Not Applicable,No,Not Applicable,374,Cash,34,4.0,4.2
2024-07-06 04:52:00,CNR6562284163,Canceled by Customer,CID206345,Prime Plus,Vijayanagar,Koramangala,,,Driver asked to cancel,Not Applicable,Not Applicable,Not Applicable,1991,Not Applicable,0,,
2024-07-29 00:43:00,CNR1554111657,Success,CID241738,Bike,Majestic,Magadi Road,133.0,90.0,Not Applicable,Not Applicable,No,Not Applicable,197,Cash,7,4.3,3.3
2024-07-25 17:51:00,CNR6142977708,Canceled by Driver,CID485307,Prime Sedan,HSR Layout,Varthur,,,Not Applicable,Personal & Car related issue,Not Applicable,Not Applicable,182,Not Applicable,0,,
2024-07-03 08:42:00,CNR3231982446,Canceled by Driver,CID621795,Prime SUV,Varthur,Shantinagar,,,Not Applicable,Customer related issue,Not Applicable,Not Applicable,344,Not Applicable,0,,
2024-07-05 20:23:00,CNR6105302624,Success,CID853863,Auto,Malleshwaram,Yeshwanthpur,147.0,70.0,Not Applicable,Not Applicable,Yes,Other Issue,863,UPI,19,3.0,4.6
2024-07-17 00:39:00,CNR1136938309,Canceled by Driver,CID805956,Mini,Kengeri,Frazer Town,,,Not Applicable,Personal & Car related issue,Not Applicable,Not Applicable,613,Not Applicable,0,,
2024-07-28 00:22:00,CNR1158505223,Success,CID993810,Prime Sedan,Yeshwanthpur,Chamarajpet,273.0,95.0,Not Applicable,Not Applicable,No,Not Applicable,288,UPI,49,4.7,3.9
2024-07-07 23:34:00,CNR4870103887,Success,CID120172,Prime SUV,Richmond Town,Nagarbhavi,49.0,120.0,Not Applicable,Not Applicable,No,Not Applicable,203,Cash,27,4.8,4.8
2024-07-22 11:06:00,CNR4893392007,Canceled by Customer,CID419212,Mini,Sahakar Nagar,Chamarajpet,,,Driver is not moving towards pickup location,Not Applicable,Not Applicable,Not Applicable,563,Not Applicable,0,,
2024-07-10 04:41:00,CNR3716546340,Success,CID927394,Prime Plus,Sahakar Nagar,Peenya,42.0,140.0,Not Applicable,Not Applicable,No,Not Applicable,498,Cash,2,3.5,4.9
2024-07-12 06:13:00,CNR4939643460,Success,CID769071,Mini,Yelahanka,Devanahalli,126.0,65.0,Not Applicable,Not Applicable,No,Not Applicable,191,Cash,43,4.4,4.8
2024-07-29 07:40:00,CNR5591283781,Success,CID923017,Prime Sedan,Yeshwanthpur,Vijayanagar,42.0,140.0,Not Applicable,Not Applicable,No,Not Applicable,1522,Cash,6,4.1,3.3
2024-07-08 02:02:00,CNR3843112659,Success,CID675455,Bike,Sarjapur Road,Tumkur Road,231.0,80.0,Not Applicable,Not Applicable,No,Not Applicable,156,Cash,5,3.7,3.7
2024-07-22 06:07:00,CNR8318108118,Success,CID260102,Mini,Hebbal,Frazer Town,182.0,35.0,Not Applicable,Not Applicable,No,Not Applicable,2690,Cash,14,3.2,4.8
2024-07-07 23:55:00,CNR5858122712,Success,CID174970,Prime Sedan,Bannerghatta Road,Shivajinagar,189.0,100.0,Not Applicable,Not Applicable,No,Not Applicable,474,UPI,9,4.1,4.6
2024-07-03 11:28:00,CNR2731458516,Canceled by Driver,CID672762,Bike,Kengeri,Tumkur Road,,,Not Applicable,Personal & Car related issue,Not Applicable,Not Applicable,569,Not Applicable,0,,
2024-07-10 19:06:00,CNR1382177066,Success,CID724503,Bike,Rajajinagar,Yeshwanthpur,91.0,85.0,Not Applicable,Not Applicable,No,Not Applicable,210,UPI,6,4.6,4.1
2024-07-14 02:54:00,CNR8844977681,Success,CID218180,Prime Plus,Banashankari,Kadugodi,70.0,35.0,Not Applicable,Not Applicable,No,Not Applicable,122,Credit Card,9,4.5,3.1
2024-07-16 00:32:00,CNR4745658248,Success,CID914630,Bike,Basavanagudi,Padmanabhanagar,105.0,25.0,Not Applicable,Not Applicable,No,Not Applicable,943,UPI,35,4.8,3.9
2024-07-14 17:29:00,CNR2848114193,Success,CID719690,Prime SUV,Hosur Road,Cox Town,35.0,115.0,Not Applicable,Not Applicable,No,Not Applicable,416,Cash,47,3.7,3.4
2024-07-30 07:42:00,CNR5196567340,Canceled by Customer,CID867762,eBike,Magadi Road,Vijayanagar,,,Driver asked to cancel,Not Applicable,Not Applicable,Not Applicable,2127,Not Applicable,0,,
2024-07-01 22:11:00,CNR6588849912,Success,CID379145,Prime Sedan,Frazer Town,Magadi Road,119.0,40.0,Not Applicable,Not Applicable,No,Not Applicable,235,Cash,28,3.5,4.0
2024-07-12 12:38:00,CNR5143294470,Canceled by Customer,CID168032,eBike,BTM Layout,Ulsoor,,,Driver asked to cancel,Not Applicable,Not Applicable,Not Applicable,242,Not Applicable,0,,
2024-07-09 13:36:00,CNR4770571302,Canceled by Driver,CID635345,Bike,RT Nagar,Jayanagar,,,Not Applicable,Customer related issue,Not Applicable,Not Applicable,449,Not Applicable,0,,
2024-07-08 14:00:00,CNR9850644695,Success,CID535811,Prime Sedan,Sahakar Nagar,Yeshwanthpur,266.0,70.0,Not Applicable,Not Applicable,No,Not Applicable,144,Cash,13,4.9,3.0
2024-07-11 09:23:00,CNR1505401157,Driver Not Found,CID600734,Auto,MG Road,Koramangala,,,Not Applicable,Not Applicable,Not Applicable,Not Applicable,224,Not Applicable,0,,
2024-07-14 22:44:00,CNR4157389921,Canceled by Customer,CID821517,Prime SUV,Mysore Road,Shantinagar,,,Driver is not moving towards pickup location,Not Applicable,Not Applicable,Not Applicable,283,Not Applicable,0,,
2024-07-07 03:19:00,CNR4742449901,Canceled by Driver,CID659483,Prime SUV,Rajajinagar,Rajajinagar,,,Not Applicable,More than permitted people in there,Not Applicable,Not Applicable,191,Not Applicable,0,,
2024-07-12 08:01:00,CNR6500438542,Success,CID511130,eBike,KR Puram,Varthur,294.0,50.0,Not Applicable,Not Applicable,No,Not Applicable,439,UPI,29,4.6,3.2
2024-07-16 06:43:00,CNR9542397788,Success,CID251983,Bike,Chickpet,MG Road,308.0,110.0,Not Applicable,Not Applicable,No,Not Applicable,100,Cash,16,3.1,3.1
2024-07-14 01:09:00,CNR1401357287,Success,CID511525,Prime Plus,KR Puram,Ulsoor,182.0,30.0,Not Applicable,Not Applicable,Yes,Customer Demand,372,Credit Card,39,3.6,3.1
2024-07-07 20:52:00,CNR2472727073,Success,CID225109,Prime SUV,Hebbal,Chamarajpet,196.0,55.0,Not Applicable,Not Applicable,No,Not Applicable,260,UPI,15,3.5,4.8
2024-07-23 12:14:00,CNR1975308879,Success,CID912182,Prime Plus,Yeshwanthpur,JP Nagar,126.0,115.0,Not Applicable,Not Applicable,No,Not Applicable,190,UPI,35,4.4,3.4
2024-07-16 09:48:00,CNR3145479149,Driver Not Found,CID960439,Prime SUV,Koramangala,Tumkur Road,,,Not Applicable,Not Applicable,Not Applicable,Not Applicable,603,Not Applicable,0,,
2024-07-23 10:08:00,CNR8402515409,Success,CID678914,Prime SUV,Majestic,Chickpet,105.0,130.0,Not Applicable,Not Applicable,No,Not Applicable,109,UPI,9,4.5,3.2
2024-07-09 06:00:00,CNR7962595678,Success,CID396660,Prime Plus,Peenya,Jayanagar,98.0,100.0,Not Applicable,Not Applicable,No,Not Applicable,467,Cash,31,4.6,4.1
2024-07-13 01:53:00,CNR2443534140,Canceled by Driver,CID540280,Prime Sedan,Ulsoor,Kengeri,,,Not Applicable,More than permitted people in there,Not Applicable,Not Applicable,206,Not Applicable,0,,
2024-07-01 20:22:00,CNR9599649887,Success,CID972969,Prime Plus,Chickpet,Rajajinagar,287.0,120.0,Not Applicable,Not Applicable,No,Not Applicable,1157,Cash,27,4.6,3.2
2024-07-26 07:40:00,CNR1295540466,Success,CID949964,Prime Plus,Ulsoor,Cox Town,280.0,35.0,Not Applicable,Not Applicable,No,Not Applicable,774,UPI,19,3.1,3.4
2024-07-27 15:34:00,CNR6571673410,Success,CID271425,Auto,Kammanahalli,Kadugodi,35.0,35.0,Not Applicable,Not Applicable,No,Not Applicable,202,Cash,5,4.7,3.6
2024-07-17 23:39:00,CNR5799255460,Success,CID917517,Prime SUV,Cox Town,Ulsoor,231.0,90.0,Not Applicable,Not Applicable,No,Not Applicable,451,Cash,18,4.1,3.9
2024-07-15 23:32:00,CNR9073206167,Success,CID445975,Mini,Hosur Road,Rajajinagar,308.0,115.0,Not Applicable,Not Applicable,No,Not Applicable,613,Cash,30,4.8,4.2
2024-07-23 13:54:00,CNR5837514574,Driver Not Found,CID789871,Mini,Hulimavu,KR Puram,,,Not Applicable,Not Applicable,Not Applicable,Not Applicable,535,Not Applicable,0,,
2024-07-03 00:45:00,CNR2129487935,Success,CID500086,Bike,Vijayanagar,Kadugodi,154.0,135.0,Not Applicable,Not Applicable,No,Not Applicable,2797,Cash,12,3.0,4.9
2024-07-06 01:35:00,CNR6402145095,Success,CID624639,Prime Sedan,Indiranagar,MG Road,56.0,25.0,Not Applicable,Not Applicable,No,Not Applicable,491,UPI,21,4.2,3.2
2024-07-10 10:08:00,CNR7269174973,Driver Not Found,CID806281,Prime SUV,BTM Layout,BTM Layout,,,Not Applicable,Not Applicable,Not Applicable,Not Applicable,486,Not Applicable,0,,
2024-07-25 02:39:00,CNR2903806713,Success,CID868895,Mini,Chamarajpet,Chickpet,182.0,95.0,Not Applicable,Not Applicable,No,Not Applicable,798,Cash,8,3.6,3.4
2024-07-23 11:45:00,CNR5235792199,Success,CID463775,Bike,Cox Town,Vijayanagar,49.0,115.0,Not Applicable,Not Applicable,No,Not Applicable,130,Cash,27,4.1,4.5
2024-07-04 01:15:00,CNR9770103813,Success,CID346923,Prime SUV,Bannerghatta Road,Padmanabhanagar,98.0,35.0,Not Applicable,Not Applicable,No,Not Applicable,358,Cash,42,4.4,3.1
2024-07-15 18:55:00,CNR1208401370,Driver Not Found,CID571949,Prime SUV,Tumkur Road,Basavanagudi,,,Not Applicable,Not Applicable,Not Applicable,Not Applicable,242,Not Applicable,0,,
2024-07-30 15:20:00,CNR1100323520,Canceled by Driver,CID244214,Bike,Varthur,Malleshwaram,,,Not Applicable,Customer was coughing/sick,Not Applicable,Not Applicable,436,Not Applicable,0,,
2024-07-15 06:34:00,CNR2644964606,Success,CID886530,Auto,RT Nagar,JP Nagar,175.0,85.0,Not Applicable,Not Applicable,No,Not Applicable,406,UPI,13,3.9,3.8
2024-07-27 08:01:00,CNR7531238081,Success,CID133795,Prime Plus,Jayanagar,Shantinagar,182.0,60.0,Not Applicable,Not Applicable,No,Not Applicable,700,Cash,20,4.6,3.6
2024-07-11 14:41:00,CNR5144902339,Success,CID408077,Prime SUV,Chamarajpet,Kadugodi,147.0,110.0,Not Applicable,Not Applicable,No,Not Applicable,482,Credit Card,9,3.7,3.3
2024-07-01 22:06:00,CNR7502903509,Canceled by Driver,CID958377,Bike,Padmanabhanagar,Kammanahalli,,,Not Applicable,Customer was coughing/sick,Not Applicable,Not Applicable,200,Not Applicable,0,,
2024-07-05 10:27:00,CNR3657550302,Success,CID541628,Bike,Ramamurthy Nagar,Marathahalli,182.0,125.0,Not Applicable,Not Applicable,No,Not Applicable,147,Cash,8,3.9,4.9
2024-07-01 11:50:00,CNR7934356070,Success,CID762324,Prime Plus,Koramangala,Vijayanagar,273.0,75.0,Not Applicable,Not Applicable,No,Not Applicable,392,Credit Card,44,4.1,4.4
2024-07-08 06:20:00,CNR2096134087,Success,CID991772,eBike,Electronic City,Hosur Road,70.0,40.0,Not Applicable,Not Applicable,No,Not Applicable,301,Cash,5,4.8,4.0
2024-07-25 06:43:00,CNR1338566833,Success,CID922658,Prime SUV,Koramangala,Yelahanka,49.0,130.0,Not Applicable,Not Applicable,No,Not Applicable,182,Cash,23,4.3,3.5
2024-07-09 03:23:00,CNR1555454104,Driver Not Found,CID911483,eBike,Rajarajeshwari Nagar,Hosur Road,,,Not Applicable,Not Applicable,Not Applicable,Not Applicable,182,Not Applicable,0,,
2024-07-30 19:05:00,CNR2632626324,Canceled by Driver,CID646750,Auto,Hulimavu,BTM Layout,,,Not Applicable,Customer was coughing/sick,Not Applicable,Not Applicable,407,Not Applicable,0,,
2024-07-14 08:03:00,CNR8208278395,Success,CID224090,eBike,Majestic,Chamarajpet,252.0,60.0,Not Applicable,Not Applicable,No,Not Applicable,561,Cash,28,3.3,4.8
2024-07-26 22:08:00,CNR6122968595,Success,CID788435,Mini,Kammanahalli,Majestic,140.0,55.0,Not Applicable,Not Applicable,No,Not Applicable,203,UPI,4,4.2,4.6
2024-07-17 04:57:00,CNR2529445076,Canceled by Driver,CID202190,Prime SUV,Richmond Town,Ulsoor,,,Not Applicable,Personal & Car related issue,Not Applicable,Not Applicable,300,Not Applicable,0,,
2024-07-12 10:29:00,CNR8350925605,Success,CID346196,Prime SUV,Hulimavu,Bannerghatta Road,84.0,135.0,Not Applicable,Not Applicable,No,Not Applicable,608,Cash,30,4.4,3.4
2024-07-10 17:00:00,CNR9220945264,Success,CID203944,Bike,Tumkur Road,Tumkur Road,98.0,135.0,Not Applicable,Not Applicable,No,Not Applicable,951,Cash,8,5.0,4.2
2024-07-17 01:49:00,CNR8938557197,Success,CID985014,Prime Plus,Rajarajeshwari Nagar,Shivajinagar,259.0,105.0,Not Applicable,Not Applicable,No,Not Applicable,111,UPI,14,3.5,3.3
2024-07-16 10:56:00,CNR3855452281,Success,CID429196,Prime SUV,Bellandur,Majestic,56.0,65.0,Not Applicable,Not Applicable,No,Not Applicable,225,Cash,41,3.6,4.0
2024-07-25 14:42:00,CNR2194229714,Canceled by Driver,CID635140,Prime SUV,Vijayanagar,Frazer Town,,,Not Applicable,Customer related issue,Not Applicable,Not Applicable,558,Not Applicable,0,,
2024-07-15 19:59:00,CNR8576767958,Canceled by Customer,CID389788,Bike,Rajarajeshwari Nagar,Jayanagar,,,Driver is not moving towards pickup location,Not Applicable,Not Applicable,Not Applicable,299,Not Applicable,0,,
2024-07-21 23:17:00,CNR9442633009,Canceled by Customer,CID979001,Mini,Yelahanka,Sarjapur Road,,,Wrong Address,Not Applicable,Not Applicable,Not Applicable,457,Not Applicable,0,,
2024-07-08 09:24:00,CNR7332262386,Success,CID707087,Auto,Whitefield,Kadugodi,49.0,50.0,Not Applicable,Not Applicable,No,Not Applicable,463,UPI,10,3.1,4.1
2024-07-19 21:59:00,CNR4706212454,Canceled by Driver,CID116151,Bike,Cox Town,Mysore Road,,,Not Applicable,Personal & Car related issue,Not Applicable,Not Applicable,352,Not Applicable,0,,
2024-07-11 12:32:00,CNR2081440610,Success,CID168326,Auto,Kammanahalli,MG Road,245.0,45.0,Not Applicable,Not Applicable,No,Not Applicable,482,UPI,5,4.7,4.4
2024-07-01 03:27:00,CNR4419597529,Canceled by Driver,CID927031,Auto,Basavanagudi,JP Nagar,,,Not Applicable,More than permitted people in there,Not Applicable,Not Applicable,742,Not Applicable,0,,
2024-07-12 21:39:00,CNR7910154767,Canceled by Driver,CID337779,Auto,Ramamurthy Nagar,Richmond Town,,,Not Applicable,Customer related issue,Not Applicable,Not Applicable,1180,Not Applicable,0,,
2024-07-08 15:19:00,CNR6326595384,Success,CID511610,Auto,HSR Layout,Koramangala,119.0,85.0,Not Applicable,Not Applicable,No,Not Applicable,380,Cash,14,3.2,4.0
2024-07-25 01:05:00,CNR9044669108,Canceled by Customer,CID456425,Bike,Frazer Town,Nagarbhavi,,,Driver asked to cancel,Not Applicable,Not Applicable,Not Applicable,211,Not Applicable,0,,
2024-07-14 05:20:00,CNR9953356645,Success,CID212815,eBike,Mysore Road,Hulimavu,154.0,95.0,Not Applicable,Not Applicable,No,Not Applicable,952,Cash,37,4.4,3.4
2024-07-11 04:43:00,CNR9467029327,Canceled by Driver,CID211385,Mini,Marathahalli,Koramangala,,,Not Applicable,Customer was coughing/sick,Not Applicable,Not Applicable,696,Not Applicable,0,,
2024-07-07 18:15:00,CNR3436649577,Success,CID830525,Prime Sedan,Banashankari,Sahakar Nagar,105.0,145.0,Not Applicable,Not Applicable,No,Not Applicable,922,UPI,16,3.8,4.7
2024-07-29 22:54:00,CNR5548096091,Success,CID113396,Prime Sedan,Majestic,Basavanagudi,224.0,25.0,Not Applicable,Not Applicable,No,Not Applicable,160,UPI,41,4.8,3.4
2024-07-19 09:56:00,CNR7049313400,Canceled by Driver,CID846571,Prime Sedan,BTM Layout,HSR Layout,,,Not Applicable,Customer was coughing/sick,Not Applicable,Not Applicable,136,Not Applicable,0,,
2024-07-27 14:56:00,CNR5857502803,Success,CID460984,Auto,Whitefield,Kammanahalli,77.0,80.0,Not Applicable,Not Applicable,No,Not Applicable,214,Cash,16,4.7,4.8
2024-07-16 01:43:00,CNR3843189510,Canceled by Customer,CID580567,eBike,HSR Layout,JP Nagar,,,Driver is not moving towards pickup location,Not Applicable,Not Applicable,Not Applicable,211,Not Applicable,0,,
2024-07-23 07:38:00,CNR6118248907,Success,CID210431,eBike,Electronic City,Vijayanagar,224.0,80.0,Not Applicable,Not Applicable,No,Not Applicable,1993,UPI,27,4.8,4.3
2024-07-06 12:03:00,CNR7046469828,Success,CID662823,Mini,Whitefield,Yelahanka,196.0,50.0,Not Applicable,Not Applicable,No,Not Applicable,372,UPI,40,3.4,3.6
2024-07-13 22:39:00,CNR7135961180,Success,CID140580,Auto,Devanahalli,Tumkur Road,133.0,140.0,Not Applicable,Not Applicable,No,Not Applicable,1567,Cash,3,3.2,4.2
2024-07-07 19:38:00,CNR2015392234,Canceled by Driver,CID107882,Auto,Majestic,Yeshwanthpur,,,Not Applicable,Personal & Car related issue,Not Applicable,Not Applicable,124,Not Applicable,0,,
2024-07-26 17:18:00,CNR6476767949,Success,CID498545,Auto,Electronic City,Richmond Town,273.0,60.0,Not Applicable,Not Applicable,No,Not Applicable,191,Cash,12,4.1,3.4
2024-07-11 17:00:00,CNR4543980777,Success,CID442525,Auto,Bellandur,Varthur,133.0,85.0,Not Applicable,Not Applicable,No,Not Applicable,879,UPI,14,4.3,3.3
2024-07-14 18:35:00,CNR1051609413,Success,CID402867,eBike,Magadi Road,Majestic,294.0,75.0,Not Applicable,Not Applicable,No,Not Applicable,426,UPI,37,3.6,3.1
2024-07-11 15:12:00,CNR5272336272,Success,CID291934,Bike,Peenya,Malleshwaram,35.0,45.0,Not Applicable,Not Applicable,No,Not Applicable,463,UPI,38,3.8,4.1
2024-07-25 02:32:00,CNR6620749032,Canceled by Customer,CID623141,Prime Plus,Hebbal,Frazer Town,,,Driver asked to cancel,Not Applicable,Not Applicable,Not Applicable,422,Not Applicable,0,,
2024-07-11 02:53:00,CNR3936602357,Success,CID492417,Prime SUV,Langford Town,Kadugodi,231.0,135.0,Not Applicable,Not Applicable,No,Not Applicable,301,UPI,33,3.4,3.1
2024-07-24 23:40:00,CNR5920667424,Canceled by Driver,CID455445,Mini,Yelahanka,Electronic City,,,Not Applicable,Customer related issue,Not Applicable,Not Applicable,1611,Not Applicable,0,,
2024-07-24 22:53:00,CNR4524220654,Canceled by Customer,CID867326,eBike,Electronic City,Nagarbhavi,,,Driver asked to cancel,Not Applicable,Not Applicable,Not Applicable,191,Not Applicable,0,,
2024-07-04 09:51:00,CNR2328662644,Success,CID625687,Mini,Magadi Road,Hulimavu,112.0,95.0,Not Applicable,Not Applicable,No,Not Applicable,777,Cash,44,4.3,4.9
2024-07-29 11:27:00,CNR1024620434,Driver Not Found,CID807371,Auto,KR Puram,Devanahalli,,,Not Applicable,Not Applicable,Not Applicable,Not Applicable,194,Not Applicable,0,,
2024-07-27 15:23:00,CNR2339177465,Canceled by Driver,CID440960,Bike,Hosur Road,Varthur,,,Not Applicable,Personal & Car related issue,Not Applicable,Not Applicable,483,Not Applicable,0,,
2024-07-28 18:33:00,CNR2041614951,Canceled by Customer,CID251511,Auto,Banashankari,Hennur,,,Change of plans,Not Applicable,Not Applicable,Not Applicable,301,Not Applicable,0,,
2024-07-27 20:14:00,CNR1658643810,Success,CID672046,eBike,Whitefield,RT Nagar,63.0,55.0,Not Applicable,Not Applicable,No,Not Applicable,1215,UPI,39,4.2,3.7
2024-07-24 15:01:00,CNR6064425159,Driver Not Found,CID421887,Prime Plus,Chickpet,Bannerghatta Road,,,Not Applicable,Not Applicable,Not Applicable,Not Applicable,2529,Not Applicable,0,,
2024-07-25 10:50:00,CNR8836483731,Success,CID806291,Prime Sedan,Peenya,RT Nagar,105.0,55.0,Not Applicable,Not Applicable,No,Not Applicable,491,Cash,1,3.5,3.2
2024-07-09 18:46:00,CNR4276903783,Driver Not Found,CID477472,Bike,HSR Layout,Yeshwanthpur,,,Not Applicable,Not Applicable,Not Applicable,Not Applicable,477,Not Applicable,0,,
2024-07-09 10:04:00,CNR6947448386,Canceled by Driver,CID375243,Prime Plus,MG Road,Richmond Town,,,Not Applicable,Customer related issue,Not Applicable,Not Applicable,147,Not Applicable,0,,
2024-07-02 15:45:00,CNR3524838425,Success,CID306856,Auto,Tumkur Road,Indiranagar,210.0,85.0,Not Applicable,Not Applicable,No,Not Applicable,2430,UPI,4,3.2,4.9
2024-07-22 10:49:00,CNR5281162081,Driver Not Found,CID408323,Prime Plus,Majestic,JP Nagar,,,Not Applicable,Not Applicable,Not Applicable,Not Applicable,640,Not Applicable,0,,
2024-07-24 08:14:00,CNR6635121869,Success,CID843980,Prime Plus,Hosur Road,Bannerghatta Road,182.0,25.0,Not Applicable,Not Applicable,No,Not Applicable,891,Cash,17,4.2,4.9
2024-07-18 01:34:00,CNR1402260522,Success,CID293769,eBike,Devanahalli,Nagarbhavi,133.0,25.0,Not Applicable,Not Applicable,No,Not Applicable,235,UPI,23,4.2,4.3
2024-07-17 23:22:00,CNR9566779436,Success,CID998834,Prime Plus,Ulsoor,Padmanabhanagar,196.0,80.0,Not Applicable,Not Applicable,No,Not Applicable,184,Cash,11,4.7,4.4
2024-07-29 19:23:00,CNR2653157287,Canceled by Driver,CID819560,Auto,Hulimavu,Yelahanka,,,Not Applicable,More than permitted people in there,Not Applicable,Not Applicable,605,Not Applicable,0,,
2024-07-26 20:07:00,CNR6716013585,Canceled by Driver,CID918325,Prime Sedan,Shivajinagar,MG Road,,,Not Applicable,More than permitted people in there,Not Applicable,Not Applicable,318,Not Applicable,0,,
2024-07-02 00:39:00,CNR6662671961,Canceled by Driver,CID558251,Prime Sedan,Bellandur,Banashankari,,,Not Applicable,More than permitted people in there,Not Applicable,Not Applicable,2564,Not Applicable,0,,
2024-07-28 13:18:00,CNR5008559127,Canceled by Driver,CID367471,Prime SUV,Devanahalli,Sahakar Nagar,,,Not Applicable,More than permitted people in there,Not Applicable,Not Applicable,926,Not Applicable,0,,
2024-07-07 22:25:00,CNR9998603243,Canceled by Driver,CID391073,Mini,Yelahanka,Nagarbhavi,,,Not Applicable,More than permitted people in there,Not Applicable,Not Applicable,119,Not Applicable,0,,
2024-07-26 23:40:00,CNR1398605389,Canceled by Customer,CID508285,eBike,Vijayanagar,Shantinagar,,,Driver is not moving towards pickup location,Not Applicable,Not Applicable,Not Applicable,1220,Not Applicable,0,,
2024-07-03 03:52:00,CNR5691686668,Success,CID322629,Prime Plus,Vijayanagar,Sarjapur Road,154.0,70.0,Not Applicable,Not Applicable,No,Not Applicable,493,UPI,19,3.5,5.0
2024-07-11 14:27:00,CNR9009095716,Success,CID184045,Prime Plus,Devanahalli,Koramangala,273.0,85.0,Not Applicable,Not Applicable,No,Not Applicable,111,Cash,4,4.1,3.2
2024-07-20 00:02:00,CNR9648662880,Success,CID110385,Prime Sedan,Tumkur Road,Cox Town,308.0,135.0,Not Applicable,Not Applicable,No,Not Applicable,460,Cash,37,3.0,3.1
2024-07-10 04:04:00,CNR1631749293,Success,CID361620,Auto,Marathahalli,Sahakar Nagar,35.0,120.0,Not Applicable,Not Applicable,No,Not Applicable,301,Cash,19,3.9,3.9
2024-07-08 21:01:00,CNR7617630089,Canceled by Customer,CID857156,Auto,Kengeri,Rajarajeshwari Nagar,,,Change of plans,Not Applicable,Not Applicable,Not Applicable,113,Not Applicable,0,,
2024-07-06 00:57:00,CNR6427966392,Canceled by Driver,CID362494,Prime Plus,HSR Layout,Bellandur,,,Not Applicable,Personal & Car related issue,Not Applicable,Not Applicable,710,Not Applicable,0,,
2024-07-04 16:37:00,CNR7439631887,Success,CID618687,Bike,Nagarbhavi,Indiranagar,168.0,125.0,Not Applicable,Not Applicable,No,Not Applicable,306,Cash,17,3.9,4.9
2024-07-01 06:01:00,CNR3805597282,Success,CID981244,Auto,BTM Layout,HSR Layout,77.0,25.0,Not Applicable,Not Applicable,No,Not Applicable,932,Cash,2,3.7,4.6
2024-07-20 13:24:00,CNR5148744137,Canceled by Driver,CID899253,eBike,Shantinagar,KR Puram,,,Not Applicable,Personal & Car related issue,Not Applicable,Not Applicable,997,Not Applicable,0,,
2024-07-13 08:26:00,CNR1020917597,Canceled by Driver,CID914441,eBike,MG Road,Cox Town,,,Not Applicable,Personal & Car related issue,Not Applicable,Not Applicable,450,Not Applicable,0,,
2024-07-16 02:57:00,CNR9594132677,Driver Not Found,CID800770,Bike,Tumkur Road,Banashankari,,,Not Applicable,Not Applicable,Not Applicable,Not Applicable,355,Not Applicable,0,,
2024-07-29 06:36:00,CNR3965284983,Success,CID752726,Auto,Ulsoor,Magadi Road,140.0,30.0,Not Applicable,Not Applicable,No,Not Applicable,720,UPI,6,3.3,4.3
2024-07-17 06:01:00,CNR5426972990,Canceled by Customer,CID742740,Mini,Marathahalli,Electronic City,,,Change of plans,Not Applicable,Not Applicable,Not Applicable,460,Not Applicable,0,,
2024-07-22 13:45:00,CNR5206350790,Success,CID353642,Prime SUV,Bellandur,Shantinagar,133.0,50.0,Not Applicable,Not Applicable,No,Not Applicable,226,UPI,7,3.4,3.7
2024-07-20 18:13:00,CNR2822108790,Canceled by Customer,CID866823,Auto,Cox Town,Mysore Road,,,Driver is not moving towards pickup location,Not Applicable,Not Applicable,Not Applicable,2312,Not Applicable,0,,
2024-07-23 07:32:00,CNR4196709013,Canceled by Customer,CID371016,Mini,Banashankari,Whitefield,,,Driver asked to cancel,Not Applicable,Not Applicable,Not Applicable,100,Not Applicable,0,,
2024-07-08 14:56:00,CNR7497845534,Canceled by Driver,CID654412,Mini,Malleshwaram,Nagarbhavi,,,Not Applicable,Personal & Car related issue,Not Applicable,Not Applicable,2560,Not Applicable,0,,
2024-07-05 03:50:00,CNR3020795872,Success,CID350621,Bike,Langford Town,Magadi Road,259.0,45.0,Not Applicable,Not Applicable,Yes,Customer Demand,454,Cash,45,4.4,3.4
2024-07-26 14:37:00,CNR9805927667,Success,CID710990,Prime SUV,Bannerghatta Road,Sarjapur Road,189.0,35.0,Not Applicable,Not Applicable,No,Not Applicable,317,Cash,43,3.6,4.4
2024-07-12 06:01:00,CNR2481584873,Canceled by Driver,CID497699,Prime SUV,BTM Layout,Indiranagar,,,Not Applicable,Customer related issue,Not Applicable,Not Applicable,154,Not Applicable,0,,
2024-07-08 22:56:00,CNR1637312187,Success,CID784636,Bike,MG Road,JP Nagar,112.0,120.0,Not Applicable,Not Applicable,No,Not Applicable,411,UPI,13,4.5,4.3
2024-07-11 02:52:00,CNR3244870696,Canceled by Driver,CID818751,Prime Sedan,Yeshwanthpur,Yeshwanthpur,,,Not Applicable,Customer was coughing/sick,Not Applicable,Not Applicable,632,Not Applicable,0,,
2024-07-25 02:50:00,CNR9883888201,Success,CID638977,Auto,Chickpet,Magadi Road,42.0,75.0,Not Applicable,Not Applicable,No,Not Applicable,287,UPI,19,3.8,4.9
2024-07-20 02:40:00,CNR3800787203,Canceled by Customer,CID405338,Auto,Ulsoor,KR Puram,,,Wrong Address,Not Applicable,Not Applicable,Not Applicable,188,Not Applicable,0,,
2024-07-05 01:23:00,CNR1805777826,Canceled by Customer,CID886040,Mini,Devanahalli,Kadugodi,,,Driver asked to cancel,Not Applicable,Not Applicable,Not Applicable,380,Not Applicable,0,,
2024-07-05 03:58:00,CNR5074424900,Driver Not Found,CID491934,Prime Sedan,Marathahalli,Rajajinagar,,,Not Applicable,Not Applicable,Not Applicable,Not Applicable,792,Not Applicable,0,,
2024-07-23 08:40:00,CNR3594633227,Success,CID688899,eBike,Banashankari,JP Nagar,154.0,25.0,Not Applicable,Not Applicable,No,Not Applicable,261,UPI,43,4.9,4.6
2024-07-23 22:58:00,CNR6299615276,Success,CID773663,Prime Sedan,Langford Town,Varthur,154.0,35.0,Not Applicable,Not Applicable,No,Not Applicable,402,Cash,1,4.9,4.9
2024-07-14 02:37:00,CNR1823285716,Canceled by Driver,CID307760,Prime Plus,Shivajinagar,Kadugodi,,,Not Applicable,Personal & Car related issue,Not Applicable,Not Applicable,299,Not Applicable,0,,
2024-07-23 05:25:00,CNR6311074064,Canceled by Driver,CID765536,Prime Plus,Yeshwanthpur,Richmond Town,,,Not Applicable,Customer related issue,Not Applicable,Not Applicable,2339,Not Applicable,0,,
2024-07-01 22:47:00,CNR3685991491,Canceled by Driver,CID697015,Mini,Basavanagudi,Bannerghatta Road,,,Not Applicable,Customer was coughing/sick,Not Applicable,Not Applicable,898,Not Applicable,0,,
2024-07-26 23:33:00,CNR6277485323,Success,CID862515,Prime Sedan,Rajajinagar,Cox Town,231.0,100.0,Not Applicable,Not Applicable,No,Not Applicable,309,Cash,25,3.5,5.0
2024-07-09 12:19:00,CNR1109851832,Success,CID275666,Auto,JP Nagar,Jayanagar,154.0,105.0,Not Applicable,Not Applicable,No,Not Applicable,1485,Cash,7,3.4,3.3
2024-07-28 06:00:00,CNR3740777135,Driver Not Found,CID484976,eBike,Shantinagar,Rajarajeshwari Nagar,,,Not Applicable,Not Applicable,Not Applicable,Not Applicable,832,Not Applicable,0,,
2024-07-26 00:19:00,CNR1757045728,Success,CID925850,eBike,Banashankari,Sarjapur Road,287.0,30.0,Not Applicable,Not Applicable,No,Not Applicable,169,Cash,26,3.8,3.5
2024-07-12 04:38:00,CNR9433505494,Success,CID532138,Prime SUV,Devanahalli,Kadugodi,154.0,45.0,Not Applicable,Not Applicable,No,Not Applicable,741,Cash,19,3.8,3.3
2024-07-03 04:24:00,CNR2787121330,Canceled by Driver,CID339401,Prime Sedan,Frazer Town,Jayanagar,,,Not Applicable,Customer related issue,Not Applicable,Not Applicable,713,Not Applicable,0,,
2024-07-13 19:29:00,CNR6628227425,Driver Not Found,CID448265,Mini,Nagarbhavi,Majestic,,,Not Applicable,Not Applicable,Not Applicable,Not Applicable,886,Not Applicable,0,,
2024-07-11 20:09:00,CNR1598733796,Success,CID370616,Prime Plus,Chickpet,Rajajinagar,294.0,25.0,Not Applicable,Not Applicable,No,Not Applicable,330,Cash,19,4.9,4.1
2024-07-20 04:01:00,CNR3321644830,Success,CID397581,Mini,Peenya,Yelahanka,56.0,60.0,Not Applicable,Not Applicable,No,Not Applicable,194,Cash,47,4.6,4.0
2024-07-23 03:08:00,CNR6189074766,Canceled by Driver,CID942342,Auto,HSR Layout,Jayanagar,,,Not Applicable,More than permitted people in there,Not Applicable,Not Applicable,256,Not Applicable,0,,
2024-07-13 02:33:00,CNR6668336626,Driver Not Found,CID944478,eBike,Majestic,Kengeri,,,Not Applicable,Not Applicable,Not Applicable,Not Applicable,424,Not Applicable,0,,
2024-07-19 10:55:00,CNR6595207305,Driver Not Found,CID418151,Prime SUV,Kengeri,Yeshwanthpur,,,Not Applicable,Not Applicable,Not Applicable,Not Applicable,102,Not Applicable,0,,
2024-07-20 00:33:00,CNR7596247400,Success,CID589068,Bike,Indiranagar,BTM Layout,196.0,25.0,Not Applicable,Not Applicable,No,Not Applicable,474,UPI,17,5.0,4.2
2024-07-19 22:29:00,CNR7553896019,Canceled by Driver,CID285465,Prime SUV,Varthur,Banashankari,,,Not Applicable,Personal & Car related issue,Not Applicable,Not Applicable,444,Not Applicable,0,,
2024-07-25 05:38:00,CNR6307650535,Success,CID411351,Bike,Basavanagudi,Mysore Road,105.0,145.0,Not Applicable,Not Applicable,No,Not Applicable,1568,Cash,8,4.8,4.8
2024-07-29 07:09:00,CNR2114916551,Success,CID978140,eBike,Hebbal,Kammanahalli,112.0,40.0,Not Applicable,Not Applicable,No,Not Applicable,271,Credit Card,8,4.0,4.5
2024-07-15 19:00:00,CNR5571100258,Success,CID813036,Prime SUV,Hebbal,Langford Town,63.0,30.0,Not Applicable,Not Applicable,No,Not Applicable,174,Cash,15,3.8,3.9
2024-07-07 02:34:00,CNR1342889831,Canceled by Driver,CID255394,Bike,Hosur Road,Tumkur Road,,,Not Applicable,Personal & Car related issue,Not Applicable,Not Applicable,754,Not Applicable,0,,
2024-07-20 18:44:00,CNR4705245039,Success,CID739679,Mini,Rajarajeshwari Nagar,Electronic City,119.0,140.0,Not Applicable,Not Applicable,No,Not Applicable,956,Cash,49,3.8,4.5
2024-07-05 20:43:00,CNR1713646052,Canceled by Driver,CID615841,Bike,Banashankari,Vijayanagar,,,Not Applicable,Personal & Car related issue,Not Applicable,Not Applicable,701,Not Applicable,0,,
2024-07-02 10:48:00,CNR3215951929,Driver Not Found,CID189494,Auto,Hebbal,Whitefield,,,Not Applicable,Not Applicable,Not Applicable,Not Applicable,252,Not Applicable,0,,
2024-07-07 09:03:00,CNR3542400967,Canceled by Driver,CID734040,Prime SUV,Richmond Town,Cox Town,,,Not Applicable,More than permitted people in there,Not Applicable,Not Applicable,481,Not Applicable,0,,
2024-07-09 15:45:00,CNR9375316175,Success,CID260156,Bike,Nagarbhavi,Rajajinagar,301.0,80.0,Not Applicable,Not Applicable,No,Not Applicable,447,Cash,45,3.8,3.5
2024-07-08 01:47:00,CNR7140365874,Success,CID657577,eBike,JP Nagar,Majestic,119.0,60.0,Not Applicable,Not Applicable,No,Not Applicable,399,UPI,25,4.2,4.2
2024-07-13 14:49:00,CNR7682151334,Success,CID696313,Prime SUV,Basavanagudi,Shantinagar,112.0,135.0,Not Applicable,Not Applicable,No,Not Applicable,461,UPI,43,4.2,4.2
2024-07-09 13:29:00,CNR5791030191,Canceled by Driver,CID919524,Prime SUV,JP Nagar,Hebbal,,,Not Applicable,Personal & Car related issue,Not Applicable,Not Applicable,957,Not Applicable,0,,
2024-07-29 16:59:00,CNR3561746925,Success,CID809571,Bike,Sahakar Nagar,Bellandur,287.0,70.0,Not Applicable,Not Applicable,No,Not Applicable,213,UPI,27,4.1,4.8
2024-07-30 16:47:00,CNR8754005378,Canceled by Driver,CID718396,Prime Sedan,Shivajinagar,Hulimavu,,,Not Applicable,Customer was coughing/sick,Not Applicable,Not Applicable,346,Not Applicable,0,,
2024-07-11 22:27:00,CNR2216465386,Success,CID173810,Mini,Malleshwaram,Hosur Road,245.0,110.0,Not Applicable,Not Applicable,No,Not Applicable,253,Cash,31,4.2,4.0
2024-07-25 03:31:00,CNR2651272212,Success,CID709934,Auto,Kammanahalli,Ramamurthy Nagar,308.0,65.0,Not Applicable,Not Applicable,No,Not Applicable,457,UPI,13,4.0,3.5
2024-07-16 15:45:00,CNR6379642297,Success,CID487351,Prime Plus,Ramamurthy Nagar,Hulimavu,238.0,100.0,Not Applicable,Not Applicable,No,Not Applicable,164,UPI,18,4.7,3.1
2024-07-22 10:57:00,CNR2912075571,Success,CID149510,Mini,Nagarbhavi,Banashankari,91.0,45.0,Not Applicable,Not Applicable,No,Not Applicable,338,UPI,32,4.7,4.0
2024-07-04 09:43:00,CNR8389947039,Success,CID496655,Bike,Hebbal,Varthur,203.0,80.0,Not Applicable,Not Applicable,No,Not Applicable,865,Cash,12,4.8,3.5
2024-07-27 18:50:00,CNR8693494266,Success,CID689421,Bike,Devanahalli,Hebbal,63.0,130.0,Not Applicable,Not Applicable,No,Not Applicable,176,Credit Card,30,3.6,4.2
2024-07-20 09:09:00,CNR2420224185,Success,CID151514,Prime Plus,Kengeri,MG Road,161.0,115.0,Not Applicable,Not Applicable,No,Not Applicable,921,UPI,17,3.6,3.6
2024-07-01 17:00:00,CNR2978379653,Canceled by Driver,CID819968,Prime SUV,BTM Layout,Majestic,,,Not Applicable,Customer related issue,Not Applicable,Not Applicable,102,Not Applicable,0,,
2024-07-09 21:52:00,CNR8360674007,Success,CID411566,Mini,Tumkur Road,Banashankari,196.0,70.0,Not Applicable,Not Applicable,No,Not Applicable,867,Cash,44,4.4,4.0
2024-07-25 20:13:00,CNR9622801188,Success,CID705859,Prime Plus,Magadi Road,Bellandur,35.0,70.0,Not Applicable,Not Applicable,No,Not Applicable,139,Cash,20,4.8,4.4
2024-07-21 09:18:00,CNR3933603514,Success,CID557982,Auto,Rajarajeshwari Nagar,Hebbal,259.0,110.0,Not Applicable,Not Applicable,No,Not Applicable,2724,Cash,10,4.9,3.3
2024-07-10 18:32:00,CNR5422786216,Canceled by Driver,CID148152,Prime SUV,Kengeri,MG Road,,,Not Applicable,Customer related issue,Not Applicable,Not Applicable,403,Not Applicable,0,,
2024-07-18 21:52:00,CNR5305348686,Success,CID750577,Prime Plus,Varthur,Basavanagudi,308.0,130.0,Not Applicable,Not Applicable,No,Not Applicable,149,UPI,30,3.5,3.5
2024-07-15 05:41:00,CNR3778808384,Canceled by Customer,CID631432,Prime SUV,RT Nagar,Rajajinagar,,,AC is Not working,Not Applicable,Not Applicable,Not Applicable,171,Not Applicable,0,,
2024-07-04 04:59:00,CNR8585797394,Success,CID536652,Mini,Nagarbhavi,Hebbal,301.0,60.0,Not Applicable,Not Applicable,No,Not Applicable,358,UPI,9,4.7,4.8
2024-07-15 06:30:00,CNR9297399041,Success,CID576062,Prime SUV,Yelahanka,Hosur Road,133.0,65.0,Not Applicable,Not Applicable,No,Not Applicable,269,UPI,49,3.9,3.9
2024-07-18 03:55:00,CNR2031584374,Success,CID988528,Bike,Basavanagudi,Hosur Road,84.0,125.0,Not Applicable,Not Applicable,No,Not Applicable,395,UPI,6,3.1,4.8
2024-07-04 09:40:00,CNR4190712010,Canceled by Customer,CID496363,eBike,Bellandur,Indiranagar,,,Driver asked to cancel,Not Applicable,Not Applicable,Not Applicable,420,Not Applicable,0,,
2024-07-15 12:27:00,CNR2909695438,Success,CID213273,Prime Plus,KR Puram,Hennur,147.0,70.0,Not Applicable,Not Applicable,Yes,Vehicle Breakdown,2903,Cash,43,4.9,3.2
2024-07-29 07:04:00,CNR3912417697,Success,CID727714,Prime Sedan,Malleshwaram,Marathahalli,217.0,50.0,Not Applicable,Not Applicable,No,Not Applicable,410,UPI,20,3.0,4.8
2024-07-04 16:22:00,CNR6735738575,Success,CID869098,Prime Plus,Electronic City,RT Nagar,91.0,40.0,Not Applicable,Not Applicable,No,Not Applicable,364,UPI,28,3.9,4.4
2024-07-03 23:56:00,CNR1669933271,Canceled by Driver,CID112619,Auto,Peenya,Yeshwanthpur,,,Not Applicable,Personal & Car related issue,Not Applicable,Not Applicable,897,Not Applicable,0,,
2024-07-05 03:52:00,CNR9901569781,Success,CID141359,Bike,Kammanahalli,Magadi Road,245.0,140.0,Not Applicable,Not Applicable,No,Not Applicable,326,Cash,46,4.9,5.0
2024-07-23 06:11:00,CNR5833785845,Canceled by Driver,CID748002,Prime SUV,Varthur,Padmanabhanagar,,,Not Applicable,Customer was coughing/sick,Not Applicable,Not Applicable,469,Not Applicable,0,,
2024-07-23 13:35:00,CNR7699046252,Canceled by Driver,CID494556,Prime Sedan,Hebbal,Kengeri,,,Not Applicable,Customer related issue,Not Applicable,Not Applicable,333,Not Applicable,0,,
2024-07-25 03:49:00,CNR8712020626,Success,CID557334,Auto,Tumkur Road,Koramangala,84.0,105.0,Not Applicable,Not Applicable,No,Not Applicable,232,UPI,9,3.0,3.0
2024-07-21 12:23:00,CNR4931742948,Success,CID346136,Mini,Indiranagar,Basavanagudi,168.0,135.0,Not Applicable,Not Applicable,No,Not Applicable,1727,Cash,45,4.6,3.1
2024-07-19 00:18:00,CNR8175679215,Success,CID130045,Auto,Hennur,Padmanabhanagar,245.0,145.0,Not Applicable,Not Applicable,No,Not Applicable,188,Cash,14,4.4,3.5
2024-07-21 20:18:00,CNR6705858772,Driver Not Found,CID580100,Prime Plus,Nagarbhavi,Hennur,,,Not Applicable,Not Applicable,Not Applicable,Not Applicable,314,Not Applicable,0,,
2024-07-14 22:47:00,CNR1979614129,Canceled by Driver,CID350194,Auto,KR Puram,Yeshwanthpur,,,Not Applicable,Customer related issue,Not Applicable,Not Applicable,380,Not Applicable,0,,
2024-07-06 03:51:00,CNR9744668595,Success,CID583140,Prime Sedan,Magadi Road,Shantinagar,245.0,120.0,Not Applicable,Not Applicable,No,Not Applicable,250,Cash,32,4.7,3.9
2024-07-05 13:05:00,CNR7806405268,Canceled by Driver,CID952795,Mini,Richmond Town,Whitefield,,,Not Applicable,Personal & Car related issue,Not Applicable,Not Applicable,248,Not Applicable,0,,
2024-07-19 22:12:00,CNR2593675220,Success,CID473058,Prime Plus,Varthur,Devanahalli,42.0,135.0,Not Applicable,Not Applicable,No,Not Applicable,286,UPI,6,3.2,3.3
2024-07-28 04:44:00,CNR9475303048,Driver Not Found,CID663005,Mini,Whitefield,JP Nagar,,,Not Applicable,Not Applicable,Not Applicable,Not Applicable,675,Not Applicable,0,,
2024-07-16 14:16:00,CNR2311915537,Success,CID672486,Prime Sedan,RT Nagar,Bellandur,210.0,115.0,Not Applicable,Not Applicable,No,Not Applicable,476,UPI,12,4.9,3.1
2024-07-29 03:22:00,CNR7318074974,Canceled by Driver,CID311314,Prime Sedan,Hennur,Devanahalli,,,Not Applicable,Customer was coughing/sick,Not Applicable,Not Applicable,465,Not Applicable,0,,
2024-07-30 15:27:00,CNR5345062927,Success,CID266704,Prime Sedan,Kengeri,Electronic City,308.0,145.0,Not Applicable,Not Applicable,No,Not Applicable,414,UPI,36,4.4,3.8
2024-07-28 06:36:00,CNR5347852229,Canceled by Driver,CID579105,Bike,Basavanagudi,Malleshwaram,,,Not Applicable,Customer was coughing/sick,Not Applicable,Not Applicable,436,Not Applicable,0,,
2024-07-20 01:11:00,CNR5320729858,Success,CID932403,Bike,Peenya,Shantinagar,280.0,140.0,Not Applicable,Not Applicable,No,Not Applicable,782,UPI,6,4.8,3.3
2024-07-11 10:52:00,CNR3455917704,Success,CID669883,Auto,Rajarajeshwari Nagar,Whitefield,238.0,65.0,Not Applicable,Not Applicable,Yes,Vehicle Breakdown,454,Cash,17,4.6,3.7
2024-07-20 08:55:00,CNR1459902790,Canceled by Driver,CID831558,Prime Plus,Bellandur,Malleshwaram,,,Not Applicable,Customer related issue,Not Applicable,Not Applicable,143,Not Applicable,0,,
2024-07-30 17:18:00,CNR8562927188,Success,CID566017,Mini,Kadugodi,Mysore Road,189.0,60.0,Not Applicable,Not Applicable,No,Not Applicable,173,Cash,18,4.0,4.3
2024-07-04 12:05:00,CNR4240694539,Canceled by Customer,CID241724,Bike,Hosur Road,Cox Town,,,Change of plans,Not Applicable,Not Applicable,Not Applicable,707,Not Applicable,0,,
2024-07-24 02:14:00,CNR1295476416,Success,CID649261,eBike,HSR Layout,Magadi Road,91.0,105.0,Not Applicable,Not Applicable,No,Not Applicable,714,Cash,7,3.1,4.7
2024-07-29 01:57:00,CNR2897686202,Success,CID347306,Bike,Shivajinagar,Shivajinagar,273.0,110.0,Not Applicable,Not Applicable,Yes,Vehicle Breakdown,260,Cash,49,4.9,4.8
2024-07-05 09:29:00,CNR6087104439,Canceled by Customer,CID179249,Prime SUV,Banashankari,Langford Town,,,Driver is not moving towards pickup location,Not Applicable,Not Applicable,Not Applicable,898,Not Applicable,0,,
2024-07-17 03:11:00,CNR9143033616,Success,CID167043,eBike,Sahakar Nagar,Marathahalli,210.0,35.0,Not Applicable,Not Applicable,No,Not Applicable,475,Cash,15,4.6,4.9
2024-07-25 15:09:00,CNR6673353820,Success,CID634383,Prime SUV,JP Nagar,MG Road,98.0,40.0,Not Applicable,Not Applicable,No,Not Applicable,223,Cash,49,4.3,4.8
2024-07-11 13:29:00,CNR3268163770,Success,CID429064,Prime Sedan,Padmanabhanagar,Hosur Road,154.0,125.0,Not Applicable,Not Applicable,No,Not Applicable,243,UPI,37,4.0,5.0
2024-07-06 13:14:00,CNR5702049694,Success,CID326687,Prime Plus,Shantinagar,Hulimavu,203.0,110.0,Not Applicable,Not Applicable,Yes,Vehicle Breakdown,2159,UPI,2,4.1,3.4
2024-07-19 06:47:00,CNR6495690168,Success,CID707629,Prime Sedan,Chamarajpet,Nagarbhavi,56.0,130.0,Not Applicable,Not Applicable,No,Not Applicable,444,UPI,22,4.1,3.4
2024-07-02 20:15:00,CNR9839657619,Canceled by Driver,CID614839,Auto,Kengeri,Hebbal,,,Not Applicable,Personal & Car related issue,Not Applicable,Not Applicable,787,Not Applicable,0,,
2024-07-29 01:27:00,CNR9762819328,Canceled by Driver,CID266480,Auto,Varthur,Marathahalli,,,Not Applicable,Personal & Car related issue,Not Applicable,Not Applicable,231,Not Applicable,0,,
2024-07-10 06:26:00,CNR4662096607,Success,CID865418,Auto,Basavanagudi,Yelahanka,140.0,145.0,Not Applicable,Not Applicable,No,Not Applicable,165,Cash,2,4.8,3.1
2024-07-17 19:58:00,CNR2667289865,Canceled by Driver,CID153319,Auto,JP Nagar,Sarjapur Road,,,Not Applicable,Customer related issue,Not Applicable,Not Applicable,310,Not Applicable,0,,
2024-07-06 22:07:00,CNR7653457504,Success,CID364420,Prime Plus,Devanahalli,Kadugodi,266.0,85.0,Not Applicable,Not Applicable,No,Not Applicable,302,UPI,20,3.0,3.1
2024-07-14 04:42:00,CNR7424827358,Canceled by Customer,CID480765,Auto,Bellandur,Frazer Town,,,Driver asked to cancel,Not Applicable,Not Applicable,Not Applicable,439,Not Applicable,0,,
2024-07-22 21:22:00,CNR9392200873,Canceled by Customer,CID710212,Auto,Chickpet,MG Road,,,Change of plans,Not Applicable,Not Applicable,Not Applicable,219,Not Applicable,0,,
2024-07-27 02:42:00,CNR9970239579,Success,CID962270,Prime SUV,Rajarajeshwari Nagar,Langford Town,273.0,115.0,Not Applicable,Not Applicable,No,Not Applicable,767,Cash,35,3.6,3.0
2024-07-17 06:16:00,CNR2352166382,Success,CID781221,Mini,Hulimavu,Hebbal,266.0,130.0,Not Applicable,Not Applicable,No,Not Applicable,214,UPI,28,3.2,4.0
2024-07-14 00:25:00,CNR7618085445,Success,CID967400,Bike,Whitefield,Ramamurthy Nagar,42.0,25.0,Not Applicable,Not Applicable,No,Not Applicable,345,UPI,17,4.3,4.8
2024-07-26 03:19:00,CNR6545745750,Success,CID926932,Prime Sedan,MG Road,Marathahalli,91.0,125.0,Not Applicable,Not Applicable,No,Not Applicable,266,Cash,8,4.3,3.2
2024-07-20 06:06:00,CNR2901963080,Canceled by Customer,CID697794,Mini,Hennur,Nagarbhavi,,,Change of plans,Not Applicable,Not Applicable,Not Applicable,932,Not Applicable,0,,
2024-07-29 16:45:00,CNR4999126273,Success,CID725591,Prime Plus,Majestic,Kadugodi,119.0,55.0,Not Applicable,Not Applicable,No,Not Applicable,429,UPI,41,4.9,4.0
2024-07-28 04:02:00,CNR2472656754,Success,CID313986,Prime Plus,Majestic,Chamarajpet,168.0,130.0,Not Applicable,Not Applicable,No,Not Applicable,489,Cash,23,3.2,4.8
2024-07-01 11:22:00,CNR2808628265,Canceled by Customer,CID330824,eBike,Kammanahalli,Mysore Road,,,AC is Not working,Not Applicable,Not Applicable,Not Applicable,313,Not Applicable,0,,
2024-07-30 23:39:00,CNR6690508109,Success,CID758550,eBike,Koramangala,Richmond Town,231.0,125.0,Not Applicable,Not Applicable,No,Not Applicable,184,Cash,6,4.5,3.3
2024-07-27 15:53:00,CNR9813232361,Success,CID329291,eBike,Hebbal,Peenya,42.0,65.0,Not Applicable,Not Applicable,No,Not Applicable,224,Cash,32,4.3,4.1
2024-07-27 19:01:00,CNR8456409483,Success,CID640684,Prime Plus,Bannerghatta Road,Kengeri,91.0,55.0,Not Applicable,Not Applicable,No,Not Applicable,2371,UPI,44,3.9,3.9
2024-07-16 12:34:00,CNR8440203762,Driver Not Found,CID721458,Prime Plus,Padmanabhanagar,Devanahalli,,,Not Applicable,Not Applicable,Not Applicable,Not Applicable,949,Not Applicable,0,,
2024-07-21 19:06:00,CNR4632466088,Success,CID210270,Mini,Majestic,Yelahanka,56.0,115.0,Not Applicable,Not Applicable,No,Not Applicable,421,Cash,1,4.6,3.5
2024-07-10 06:36:00,CNR9659458564,Success,CID565491,Prime SUV,Marathahalli,BTM Layout,189.0,45.0,Not Applicable,Not Applicable,No,Not Applicable,619,Cash,49,3.6,4.4
2024-07-23 17:41:00,CNR7080165441,Success,CID345671,Auto,Padmanabhanagar,KR Puram,63.0,80.0,Not Applicable,Not Applicable,No,Not Applicable,953,Credit Card,10,3.9,4.1
2024-07-28 19:37:00,CNR1043435443,Driver Not Found,CID431242,Bike,KR Puram,HSR Layout,,,Not Applicable,Not Applicable,Not Applicable,Not Applicable,103,Not Applicable,0,,
2024-07-03 13:26:00,CNR8429737024,Success,CID832766,Auto,Bellandur,Hennur,119.0,30.0,Not Applicable,Not Applicable,No,Not Applicable,1587,Cash,16,3.9,4.6
2024-07-16 19:57:00,CNR7914133557,Canceled by Customer,CID732573,Prime Plus,Malleshwaram,Ulsoor,,,Driver is not moving towards pickup location,Not Applicable,Not Applicable,Not Applicable,291,Not Applicable,0,,
2024-07-13 12:41:00,CNR7398724698,Success,CID536958,Prime Sedan,Peenya,Hosur Road,42.0,50.0,Not Applicable,Not Applicable,No,Not Applicable,197,UPI,26,4.2,4.8
2024-07-16 11:42:00,CNR6017852738,Success,CID736493,Prime SUV,Whitefield,Hennur,119.0,95.0,Not Applicable,Not Applicable,No,Not Applicable,237,Cash,12,3.7,3.2
2024-07-09 07:44:00,CNR9826554887,Canceled by Driver,CID565881,eBike,Shivajinagar,Langford Town,,,Not Applicable,More than permitted people in there,Not Applicable,Not Applicable,179,Not Applicable,0,,
2024-07-27 03:18:00,CNR6447762642,Canceled by Customer,CID956853,Prime SUV,Vijayanagar,Varthur,,,Change of plans,Not Applicable,Not Applicable,Not Applicable,945,Not Applicable,0,,
2024-07-09 19:07:00,CNR3224770068,Success,CID650798,Prime Plus,Rajarajeshwari Nagar,Shantinagar,189.0,40.0,Not Applicable,Not Applicable,No,Not Applicable,549,Cash,39,3.7,5.0
2024-07-28 17:27:00,CNR7421036398,Canceled by Driver,CID808656,eBike,Kammanahalli,Electronic City,,,Not Applicable,Customer was coughing/sick,Not Applicable,Not Applicable,119,Not Applicable,0,,
2024-07-01 19:28:00,CNR1162855568,Canceled by Driver,CID843054,Prime Sedan,Koramangala,BTM Layout,,,Not Applicable,Customer related issue,Not Applicable,Not Applicable,312,Not Applicable,0,,
2024-07-09 11:37:00,CNR8813230713,Success,CID677781,Prime Sedan,Rajarajeshwari Nagar,Yeshwanthpur,196.0,125.0,Not Applicable,Not Applicable,No,Not Applicable,644,UPI,8,4.8,4.2
2024-07-02 13:15:00,CNR5531272577,Canceled by Driver,CID132067,Auto,Devanahalli,Cox Town,,,Not Applicable,Customer was coughing/sick,Not Applicable,Not Applicable,162,Not Applicable,0,,
2024-07-01 16:59:00,CNR3771436034,Canceled by Driver,CID947339,eBike,MG Road,RT Nagar,,,Not Applicable,Personal & Car related issue,Not Applicable,Not Applicable,2466,Not Applicable,0,,
2024-07-11 11:48:00,CNR1597578670,Canceled by Customer,CID188151,Prime SUV,Frazer Town,Shantinagar,,,Driver is not moving towards pickup location,Not Applicable,Not Applicable,Not Applicable,112,Not Applicable,0,,
2024-07-30 12:56:00,CNR5191415541,Driver Not Found,CID225018,Prime Plus,Chamarajpet,Malleshwaram,,,Not Applicable,Not Applicable,Not Applicable,Not Applicable,308,Not Applicable,0,,
2024-07-24 05:49:00,CNR7638297769,Success,CID409999,Bike,Hosur Road,KR Puram,175.0,140.0,Not Applicable,Not Applicable,No,Not Applicable,393,Cash,29,3.2,4.0
2024-07-13 21:35:00,CNR2778922773,Canceled by Driver,CID913105,Prime Plus,Kammanahalli,Mysore Road,,,Not Applicable,Personal & Car related issue,Not Applicable,Not Applicable,380,Not Applicable,0,,
2024-07-29 22:55:00,CNR4761024442,Canceled by Driver,CID826002,eBike,Hennur,Hosur Road,,,Not Applicable,Customer was coughing/sick,Not Applicable,Not Applicable,1738,Not Applicable,0,,
2024-07-06 19:28:00,CNR2142127858,Canceled by Driver,CID897477,Prime Sedan,Bellandur,Shivajinagar,,,Not Applicable,Personal & Car related issue,Not Applicable,Not Applicable,326,Not Applicable,0,,
2024-07-16 14:24:00,CNR2699475907,Success,CID165490,Bike,Magadi Road,Devanahalli,35.0,30.0,Not Applicable,Not Applicable,No,Not Applicable,489,Cash,35,4.9,3.5
2024-07-22 20:11:00,CNR9060764661,Driver Not Found,CID388639,eBike,Hosur Road,Hulimavu,,,Not Applicable,Not Applicable,Not Applicable,Not Applicable,477,Not Applicable,0,,
2024-07-09 13:19:00,CNR7172707473,Driver Not Found,CID508455,Prime Sedan,HSR Layout,BTM Layout,,,Not Applicable,Not Applicable,Not Applicable,Not Applicable,450,Not Applicable,0,,
2024-07-01 14:32:00,CNR8335735891,Success,CID819901,Prime Sedan,HSR Layout,Koramangala,112.0,35.0,Not Applicable,Not Applicable,No,Not Applicable,742,Cash,46,4.1,3.1
2024-07-06 20:05:00,CNR3424411826,Success,CID207304,Mini,Jayanagar,Frazer Town,217.0,70.0,Not Applicable,Not Applicable,No,Not Applicable,438,Cash,25,4.6,4.5
2024-07-18 02:59:00,CNR9007432982,Canceled by Customer,CID334929,Prime Plus,Sarjapur Road,Rajarajeshwari Nagar,,,Driver is not moving towards pickup location,Not Applicable,Not Applicable,Not Applicable,248,Not Applicable,0,,
2024-07-02 13:06:00,CNR9427305300,Canceled by Driver,CID354019,Mini,Chamarajpet,Vijayanagar,,,Not Applicable,Personal & Car related issue,Not Applicable,Not Applicable,1924,Not Applicable,0,,
2024-07-09 15:58:00,CNR5231278175,Driver Not Found,CID297306,Mini,Chamarajpet,Hosur Road,,,Not Applicable,Not Applicable,Not Applicable,Not Applicable,816,Not Applicable,0,,
2024-07-27 12:17:00,CNR3158460972,Success,CID805662,eBike,Varthur,Bannerghatta Road,196.0,35.0,Not Applicable,Not Applicable,No,Not Applicable,952,UPI,41,3.4,4.3
2024-07-07 07:59:00,CNR4893925364,Success,CID874944,Prime Sedan,Majestic,Yeshwanthpur,175.0,125.0,Not Applicable,Not Applicable,No,Not Applicable,713,Cash,27,4.6,3.2
2024-07-06 17:11:00,CNR2325113015,Canceled by Driver,CID968094,Prime Plus,Frazer Town,Kengeri,,,Not Applicable,Customer related issue,Not Applicable,Not Applicable,334,Not Applicable,0,,
2024-07-23 22:34:00,CNR6304792554,Success,CID876426,Prime Sedan,Malleshwaram,Yelahanka,224.0,75.0,Not Applicable,Not Applicable,No,Not Applicable,200,UPI,41,3.9,4.1
2024-07-27 16:51:00,CNR3787610771,Success,CID513318,Auto,Chamarajpet,Yeshwanthpur,308.0,125.0,Not Applicable,Not Applicable,No,Not Applicable,292,Cash,9,3.4,4.1
2024-07-19 15:01:00,CNR6747004264,Success,CID658745,eBike,Sahakar Nagar,Whitefield,91.0,75.0,Not Applicable,Not Applicable,No,Not Applicable,100,Cash,9,3.8,3.5
2024-07-21 13:50:00,CNR2752033235,Success,CID203953,Bike,Marathahalli,Yelahanka,133.0,95.0,Not Applicable,Not Applicable,No,Not Applicable,422,UPI,7,4.7,4.5
2024-07-21 08:10:00,CNR1696905178,Success,CID309501,Mini,Hennur,Bellandur,203.0,125.0,Not Applicable,Not Applicable,No,Not Applicable,383,Cash,5,3.5,3.9
2024-07-09 15:35:00,CNR3580314955,Canceled by Driver,CID943331,Prime SUV,Bannerghatta Road,Koramangala,,,Not Applicable,Personal & Car related issue,Not Applicable,Not Applicable,319,Not Applicable,0,,
2024-07-04 23:12:00,CNR7923471879,Success,CID280456,eBike,Ulsoor,KR Puram,182.0,30.0,Not Applicable,Not Applicable,No,Not Applicable,1868,Cash,33,4.8,3.2
2024-07-26 13:31:00,CNR1518489074,Canceled by Driver,CID826975,Prime Sedan,Langford Town,Koramangala,,,Not Applicable,Customer related issue,Not Applicable,Not Applicable,360,Not Applicable,0,,
2024-07-02 17:51:00,CNR9089217689,Success,CID194566,eBike,Kengeri,Varthur,49.0,25.0,Not Applicable,Not Applicable,No,Not Applicable,143,UPI,1,4.4,4.9
2024-07-19 14:47:00,CNR8984369149,Canceled by Driver,CID709373,Prime SUV,Bellandur,Langford Town,,,Not Applicable,Customer related issue,Not Applicable,Not Applicable,477,Not Applicable,0,,
2024-07-03 16:51:00,CNR3505606509,Success,CID435159,eBike,Yeshwanthpur,Rajarajeshwari Nagar,35.0,135.0,Not Applicable,Not Applicable,No,Not Applicable,212,Cash,43,4.4,3.4
2024-07-21 18:44:00,CNR6800695501,Canceled by Driver,CID342281,Bike,Vijayanagar,Hosur Road,,,Not Applicable,Customer related issue,Not Applicable,Not Applicable,184,Not Applicable,0,,
2024-07-06 12:04:00,CNR7250217887,Canceled by Driver,CID848557,Prime Plus,Sahakar Nagar,Rajajinagar,,,Not Applicable,Personal & Car related issue,Not Applicable,Not Applicable,137,Not Applicable,0,,
2024-07-18 23:38:00,CNR5806343235,Success,CID744632,eBike,Kammanahalli,Peenya,63.0,55.0,Not Applicable,Not Applicable,No,Not Applicable,191,Debit Card,49,4.4,4.6
2024-07-29 18:40:00,CNR7018147595,Success,CID623506,eBike,Padmanabhanagar,RT Nagar,224.0,125.0,Not Applicable,Not Applicable,No,Not Applicable,288,Cash,25,3.3,4.7
2024-07-20 22:34:00,CNR3768817721,Success,CID873655,Bike,Sahakar Nagar,KR Puram,231.0,25.0,Not Applicable,Not Applicable,No,Not Applicable,188,UPI,48,4.6,3.5
2024-07-09 05:45:00,CNR9407969501,Success,CID201384,eBike,Cox Town,Devanahalli,98.0,30.0,Not Applicable,Not Applicable,No,Not Applicable,448,Cash,40,3.6,3.2
2024-07-29 14:20:00,CNR4146953321,Success,CID855016,Mini,Sarjapur Road,Shantinagar,112.0,125.0,Not Applicable,Not Applicable,No,Not Applicable,222,UPI,26,3.6,4.4
2024-07-20 11:24:00,CNR4386272259,Success,CID611498,Prime Plus,Ulsoor,Frazer Town,133.0,40.0,Not Applicable,Not Applicable,No,Not Applicable,292,Cash,5,4.2,3.2
2024-07-09 13:40:00,CNR4162467303,Success,CID664779,Prime Sedan,Sahakar Nagar,HSR Layout,56.0,90.0,Not Applicable,Not Applicable,No,Not Applicable,360,Cash,39,4.7,3.0
2024-07-07 11:44:00,CNR7327964460,Success,CID820105,Prime SUV,MG Road,Bannerghatta Road,49.0,85.0,Not Applicable,Not Applicable,No,Not Applicable,725,Cash,41,3.4,3.8
2024-07-02 12:48:00,CNR5839982644,Driver Not Found,CID647345,eBike,Ramamurthy Nagar,Kadugodi,,,Not Applicable,Not Applicable,Not Applicable,Not Applicable,147,Not Applicable,0,,
2024-07-06 04:36:00,CNR7745892705,Canceled by Driver,CID650583,Prime Sedan,Vijayanagar,Shantinagar,,,Not Applicable,Customer related issue,Not Applicable,Not Applicable,889,Not Applicable,0,,
2024-07-01 18:53:00,CNR3262068918,Success,CID903572,Prime Sedan,Nagarbhavi,Hennur,196.0,25.0,Not Applicable,Not Applicable,No,Not Applicable,668,UPI,43,4.9,4.4
2024-07-14 05:19:00,CNR6362439398,Canceled by Customer,CID873024,Mini,Koramangala,Tumkur Road,,,Driver is not moving towards pickup location,Not Applicable,Not Applicable,Not Applicable,235,Not Applicable,0,,
2024-07-30 13:00:00,CNR5476208935,Success,CID776453,Prime Plus,Devanahalli,MG Road,252.0,55.0,Not Applicable,Not Applicable,No,Not Applicable,248,Cash,13,4.4,5.0
2024-07-04 06:12:00,CNR7705926724,Success,CID327809,eBike,Yelahanka,Indiranagar,140.0,125.0,Not Applicable,Not Applicable,No,Not Applicable,530,Cash,6,3.5,3.2
2024-07-11 23:29:00,CNR8076114373,Success,CID792250,eBike,Tumkur Road,Shantinagar,252.0,25.0,Not Applicable,Not Applicable,No,Not Applicable,930,Cash,25,5.0,3.8
2024-07-18 22:51:00,CNR9652718266,Canceled by Driver,CID203312,eBike,Richmond Town,Majestic,,,Not Applicable,More than permitted people in there,Not Applicable,Not Applicable,459,Not Applicable,0,,
2024-07-15 00:23:00,CNR4870486498,Success,CID669224,Prime SUV,Bellandur,Banashankari,189.0,60.0,Not Applicable,Not Applicable,No,Not Applicable,867,Cash,36,3.8,3.7
2024-07-22 15:46:00,CNR1806136555,Success,CID107223,Bike,Vijayanagar,Indiranagar,259.0,70.0,Not Applicable,Not Applicable,No,Not Applicable,2427,Cash,5,3.7,4.1
2024-07-12 11:43:00,CNR8957762593,Canceled by Customer,CID841331,Prime Sedan,Kadugodi,Varthur,,,Driver is not moving towards pickup location,Not Applicable,Not Applicable,Not Applicable,483,Not Applicable,0,,
2024-07-25 16:25:00,CNR5732035203,Canceled by Driver,CID442405,Prime Plus,Koramangala,Koramangala,,,Not Applicable,Customer was coughing/sick,Not Applicable,Not Applicable,481,Not Applicable,0,,
2024-07-07 16:44:00,CNR1774724490,Success,CID132333,Prime Plus,Shantinagar,HSR Layout,154.0,145.0,Not Applicable,Not Applicable,No,Not Applicable,379,Cash,34,3.3,3.3
2024-07-05 10:58:00,CNR7178265695,Driver Not Found,CID511818,Auto,Ulsoor,MG Road,,,Not Applicable,Not Applicable,Not Applicable,Not Applicable,1608,Not Applicable,0,,
2024-07-26 23:27:00,CNR2800302134,Success,CID755594,Mini,Marathahalli,Richmond Town,168.0,30.0,Not Applicable,Not Applicable,No,Not Applicable,333,UPI,22,3.4,3.3
2024-07-17 09:34:00,CNR1471702203,Canceled by Driver,CID427911,Prime Plus,BTM Layout,Cox Town,,,Not Applicable,More than permitted people in there,Not Applicable,Not Applicable,109,Not Applicable,0,,
2024-07-15 15:11:00,CNR8000687703,Success,CID400197,Auto,RT Nagar,MG Road,35.0,120.0,Not Applicable,Not Applicable,No,Not Applicable,931,Cash,16,4.8,3.6
2024-07-04 22:33:00,CNR4131305671,Success,CID829677,eBike,Hosur Road,Banashankari,294.0,45.0,Not Applicable,Not Applicable,No,Not Applicable,181,UPI,44,3.8,4.1
2024-07-13 17:00:00,CNR4788904143,Success,CID466479,Prime Plus,Varthur,Nagarbhavi,210.0,105.0,Not Applicable,Not Applicable,No,Not Applicable,292,Cash,25,5.0,4.3
2024-07-20 20:48:00,CNR1695659022,Success,CID659166,Prime SUV,Chamarajpet,Frazer Town,105.0,50.0,Not Applicable,Not Applicable,No,Not Applicable,668,UPI,36,3.2,3.5
2024-07-13 08:00:00,CNR9681301899,Success,CID736814,Prime Sedan,Rajarajeshwari Nagar,Frazer Town,217.0,85.0,Not Applicable,Not Applicable,No,Not Applicable,105,Cash,27,4.8,4.4
2024-07-07 23:53:00,CNR5624713071,Success,CID248051,Prime SUV,Magadi Road,Kengeri,189.0,50.0,Not Applicable,Not Applicable,No,Not Applicable,709,Cash,21,3.3,4.2
2024-07-25 07:50:00,CNR2912443600,Canceled by Driver,CID219462,Mini,Hennur,Hebbal,,,Not Applicable,Personal & Car related issue,Not Applicable,Not Applicable,854,Not Applicable,0,,
2024-07-01 02:02:00,CNR7710447532,Canceled by Customer,CID734896,Mini,Majestic,Shivajinagar,,,AC is Not working,Not Applicable,Not Applicable,Not Applicable,360,Not Applicable,0,,
2024-07-06 15:23:00,CNR4278451191,Success,CID756096,Auto,Bellandur,Electronic City,273.0,110.0,Not Applicable,Not Applicable,No,Not Applicable,387,UPI,12,3.0,3.6
2024-07-22 04:38:00,CNR8787181313,Canceled by Driver,CID961445,Auto,Tumkur Road,Cox Town,,,Not Applicable,Customer related issue,Not Applicable,Not Applicable,247,Not Applicable,0,,
2024-07-16 05:11:00,CNR6042679073,Driver Not Found,CID939085,Bike,Bellandur,MG Road,,,Not Applicable,Not Applicable,Not Applicable,Not Applicable,422,Not Applicable,0,,
2024-07-03 22:07:00,CNR8871373769,Canceled by Driver,CID126487,Auto,Nagarbhavi,Basavanagudi,,,Not Applicable,Personal & Car related issue,Not Applicable,Not Applicable,147,Not Applicable,0,,
2024-07-25 05:20:00,CNR4648854757,Driver Not Found,CID469754,Prime Plus,Chickpet,Rajarajeshwari Nagar,,,Not Applicable,Not Applicable,Not Applicable,Not Applicable,427,Not Applicable,0,,
2024-07-06 18:00:00,CNR8450884212,Driver Not Found,CID410336,eBike,Marathahalli,Kadugodi,,,Not Applicable,Not Applicable,Not Applicable,Not Applicable,195,Not Applicable,0,,
2024-07-14 10:03:00,CNR2538255196,Success,CID476767,Prime Plus,JP Nagar,Shivajinagar,168.0,90.0,Not Applicable,Not Applicable,No,Not Applicable,558,UPI,23,3.5,4.9
2024-07-11 11:27:00,CNR8223697391,Success,CID198410,Prime Plus,Peenya,Majestic,49.0,125.0,Not Applicable,Not Applicable,No,Not Applicable,307,UPI,23,3.8,4.0
2024-07-13 09:05:00,CNR9656794267,Canceled by Customer,CID554644,Auto,Kengeri,Banashankari,,,Driver is not moving towards pickup location,Not Applicable,Not Applicable,Not Applicable,404,Not Applicable,0,,
2024-07-29 23:37:00,CNR5839148148,Success,CID497862,Bike,Yeshwanthpur,Sahakar Nagar,140.0,120.0,Not Applicable,Not Applicable,No,Not Applicable,763,Cash,37,4.6,3.9
2024-07-14 00:24:00,CNR9218764935,Success,CID647485,Auto,Ulsoor,Yeshwanthpur,140.0,110.0,Not Applicable,Not Applicable,No,Not Applicable,958,UPI,9,4.4,4.2
2024-07-04 16:08:00,CNR7122363418,Canceled by Customer,CID984017,Auto,Koramangala,Tumkur Road,,,AC is Not working,Not Applicable,Not Applicable,Not Applicable,1148,Not Applicable,0,,
2024-07-08 16:18:00,CNR5381561407,Success,CID150885,eBike,Kammanahalli,Malleshwaram,175.0,90.0,Not Applicable,Not Applicable,No,Not Applicable,981,UPI,14,3.9,4.4
2024-07-21 06:57:00,CNR3103393442,Success,CID893000,Prime Sedan,Cox Town,Devanahalli,280.0,80.0,Not Applicable,Not Applicable,Yes,Vehicle Breakdown,187,UPI,37,3.7,3.4
2024-07-21 10:12:00,CNR8761190127,Success,CID658575,Mini,Shantinagar,Shivajinagar,168.0,75.0,Not Applicable,Not Applicable,No,Not Applicable,213,Cash,18,3.7,3.0
2024-07-11 07:44:00,CNR4569696745,Driver Not Found,CID445152,Prime Sedan,MG Road,HSR Layout,,,Not Applicable,Not Applicable,Not Applicable,Not Applicable,146,Not Applicable,0,,
2024-07-14 11:40:00,CNR4551593574,Success,CID915524,Prime Sedan,Cox Town,Chickpet,98.0,25.0,Not Applicable,Not Applicable,No,Not Applicable,169,Cash,34,3.0,4.0
2024-07-10 03:53:00,CNR5770604594,Success,CID708028,Mini,Padmanabhanagar,Kammanahalli,301.0,75.0,Not Applicable,Not Applicable,No,Not Applicable,321,Cash,19,4.5,3.2
2024-07-06 12:50:00,CNR1322464793,Success,CID176906,Prime Sedan,Rajajinagar,Malleshwaram,91.0,145.0,Not Applicable,Not Applicable,No,Not Applicable,213,Cash,48,3.8,4.0
2024-07-19 19:16:00,CNR5848613182,Success,CID119987,Prime Sedan,Sarjapur Road,Kengeri,35.0,40.0,Not Applicable,Not Applicable,No,Not Applicable,264,Cash,47,3.6,4.0
2024-07-19 14:01:00,CNR3761915437,Canceled by Driver,CID547958,Prime Sedan,Hosur Road,Banashankari,,,Not Applicable,Personal & Car related issue,Not Applicable,Not Applicable,207,Not Applicable,0,,
2024-07-24 07:56:00,CNR1165798770,Success,CID223386,Bike,Rajarajeshwari Nagar,Kammanahalli,42.0,25.0,Not Applicable,Not Applicable,No,Not Applicable,434,UPI,11,3.8,4.3
2024-07-07 23:54:00,CNR5252718954,Canceled by Driver,CID438791,Auto,Devanahalli,Basavanagudi,,,Not Applicable,Customer related issue,Not Applicable,Not Applicable,376,Not Applicable,0,,
2024-07-28 18:16:00,CNR5095528291,Canceled by Driver,CID712353,Prime Sedan,Kammanahalli,Marathahalli,,,Not Applicable,Personal & Car related issue,Not Applicable,Not Applicable,184,Not Applicable,0,,
2024-07-18 11:42:00,CNR1060372497,Success,CID207838,Mini,RT Nagar,Richmond Town,224.0,45.0,Not Applicable,Not Applicable,No,Not Applicable,441,UPI,29,4.7,3.0
2024-07-15 19:01:00,CNR9358076739,Success,CID571404,Prime Plus,Koramangala,Shivajinagar,224.0,70.0,Not Applicable,Not Applicable,No,Not Applicable,269,Cash,7,3.3,4.6
2024-07-09 22:03:00,CNR7416084554,Success,CID798454,Prime SUV,Ramamurthy Nagar,Ulsoor,49.0,85.0,Not Applicable,Not Applicable,No,Not Applicable,336,Cash,31,4.9,4.9
2024-07-14 00:45:00,CNR9575597084,Canceled by Driver,CID560708,Bike,Bellandur,Koramangala,,,Not Applicable,Customer was coughing/sick,Not Applicable,Not Applicable,364,Not Applicable,0,,
2024-07-30 23:00:00,CNR1610692035,Canceled by Driver,CID996237,Auto,Tumkur Road,Sarjapur Road,,,Not Applicable,Customer was coughing/sick,Not Applicable,Not Applicable,561,Not Applicable,0,,
2024-07-22 06:13:00,CNR1860558911,Success,CID253356,Prime Plus,Chamarajpet,Basavanagudi,35.0,140.0,Not Applicable,Not Applicable,No,Not Applicable,149,Cash,31,4.3,3.2
2024-07-20 07:50:00,CNR3555272202,Success,CID496889,Prime SUV,Padmanabhanagar,Kadugodi,119.0,35.0,Not Applicable,Not Applicable,No,Not Applicable,974,Cash,26,4.1,3.5
2024-07-13 05:18:00,CNR2440219308,Success,CID719333,Auto,Frazer Town,Hulimavu,105.0,100.0,Not Applicable,Not Applicable,No,Not Applicable,366,UPI,13,3.6,4.7
2024-07-25 05:35:00,CNR2630248907,Success,CID465569,Prime Sedan,BTM Layout,MG Road,189.0,110.0,Not Applicable,Not Applicable,No,Not Applicable,191,UPI,15,4.1,4.9
2024-07-20 04:02:00,CNR4733329889,Success,CID566667,Prime Plus,Majestic,Yelahanka,126.0,40.0,Not Applicable,Not Applicable,No,Not Applicable,474,Cash,46,4.1,4.4
2024-07-16 21:39:00,CNR9446326167,Driver Not Found,CID390756,Bike,Kammanahalli,Sarjapur Road,,,Not Applicable,Not Applicable,Not Applicable,Not Applicable,338,Not Applicable,0,,
2024-07-14 13:49:00,CNR3103245384,Success,CID886633,Prime Plus,Hennur,RT Nagar,224.0,105.0,Not Applicable,Not Applicable,No,Not Applicable,645,Cash,8,4.6,4.5
2024-07-20 21:26:00,CNR8400148196,Success,CID882852,Auto,Rajajinagar,Rajajinagar,91.0,145.0,Not Applicable,Not Applicable,No,Not Applicable,2416,UPI,19,4.3,4.3
2024-07-01 23:48:00,CNR5745961208,Canceled by Driver,CID890232,Prime Sedan,Richmond Town,Mysore Road,,,Not Applicable,Customer related issue,Not Applicable,Not Applicable,343,Not Applicable,0,,
2024-07-30 05:35:00,CNR7340168700,Canceled by Driver,CID690118,Prime Sedan,Frazer Town,Hulimavu,,,Not Applicable,More than permitted people in there,Not Applicable,Not Applicable,768,Not Applicable,0,,
2024-07-19 03:40:00,CNR2299691076,Success,CID767550,Auto,Whitefield,HSR Layout,224.0,140.0,Not Applicable,Not Applicable,No,Not Applicable,148,Cash,2,3.4,4.5
2024-07-26 12:50:00,CNR5246259996,Driver Not Found,CID974794,Prime SUV,Sahakar Nagar,Rajajinagar,,,Not Applicable,Not Applicable,Not Applicable,Not Applicable,203,Not Applicable,0,,
2024-07-16 04:27:00,CNR4192812041,Canceled by Customer,CID763446,eBike,Vijayanagar,Koramangala,,,Change of plans,Not Applicable,Not Applicable,Not Applicable,312,Not Applicable,0,,
2024-07-13 20:31:00,CNR1714791184,Success,CID357875,Prime SUV,Nagarbhavi,Bannerghatta Road,84.0,45.0,Not Applicable,Not Applicable,No,Not Applicable,1409,UPI,10,3.8,3.5
2024-07-12 22:48:00,CNR5927289805,Success,CID830359,Auto,Sarjapur Road,HSR Layout,133.0,25.0,Not Applicable,Not Applicable,No,Not Applicable,493,Cash,6,4.6,3.5
2024-07-07 04:36:00,CNR8312643604,Success,CID751112,Auto,Yelahanka,Hennur,203.0,120.0,Not Applicable,Not Applicable,No,Not Applicable,378,UPI,17,4.9,3.1
2024-07-10 08:31:00,CNR3179493325,Success,CID834272,eBike,Varthur,Hebbal,273.0,115.0,Not Applicable,Not Applicable,No,Not Applicable,400,UPI,38,4.3,4.7
2024-07-03 08:22:00,CNR8566187461,Driver Not Found,CID394330,Auto,Shivajinagar,Bellandur,,,Not Applicable,Not Applicable,Not Applicable,Not Applicable,2892,Not Applicable,0,,
2024-07-18 07:35:00,CNR6124319467,Canceled by Driver,CID614926,Mini,Kengeri,Basavanagudi,,,Not Applicable,Customer related issue,Not Applicable,Not Applicable,979,Not Applicable,0,,
2024-07-10 00:07:00,CNR1354165773,Success,CID962191,Prime Plus,Sahakar Nagar,JP Nagar,196.0,110.0,Not Applicable,Not Applicable,No,Not Applicable,149,UPI,4,4.2,3.4
2024-07-19 06:17:00,CNR8675753016,Success,CID573517,eBike,Majestic,Hosur Road,119.0,80.0,Not Applicable,Not Applicable,Yes,Customer Demand,277,Credit Card,4,4.7,4.9
2024-07-21 05:10:00,CNR8777127635,Success,CID595529,Prime Sedan,Langford Town,Sahakar Nagar,84.0,125.0,Not Applicable,Not Applicable,No,Not Applicable,363,Cash,35,3.6,3.8
2024-07-26 04:57:00,CNR5089391658,Driver Not Found,CID588644,Mini,HSR Layout,Bannerghatta Road,,,Not Applicable,Not Applicable,Not Applicable,Not Applicable,464,Not Applicable,0,,
2024-07-26 03:20:00,CNR6836577601,Success,CID324757,Auto,Richmond Town,Kengeri,168.0,125.0,Not Applicable,Not Applicable,No,Not Applicable,451,Cash,9,5.0,3.7
2024-07-29 10:01:00,CNR3188153584,Canceled by Driver,CID904425,Bike,Whitefield,Rajarajeshwari Nagar,,,Not Applicable,Customer related issue,Not Applicable,Not Applicable,636,Not Applicable,0,,
2024-07-23 20:02:00,CNR9221094332,Success,CID782331,Prime Plus,Rajajinagar,JP Nagar,63.0,110.0,Not Applicable,Not Applicable,No,Not Applicable,291,Cash,6,4.3,4.7
2024-07-20 05:41:00,CNR3596549452,Driver Not Found,CID359451,Bike,Whitefield,Majestic,,,Not Applicable,Not Applicable,Not Applicable,Not Applicable,665,Not Applicable,0,,
2024-07-04 15:53:00,CNR7591239841,Success,CID882497,Auto,Frazer Town,Rajajinagar,245.0,140.0,Not Applicable,Not Applicable,No,Not Applicable,119,Cash,4,3.7,3.7
2024-07-29 22:10:00,CNR8739994676,Success,CID257536,Prime Sedan,Kadugodi,Sarjapur Road,77.0,130.0,Not Applicable,Not Applicable,Yes,Vehicle Breakdown,370,Cash,36,4.7,3.5
2024-07-06 20:24:00,CNR5465409097,Success,CID886790,Prime Sedan,Kengeri,Nagarbhavi,294.0,30.0,Not Applicable,Not Applicable,No,Not Applicable,318,Cash,2,4.5,3.1
2024-07-11 08:39:00,CNR6297138617,Success,CID233009,eBike,Mysore Road,Tumkur Road,224.0,45.0,Not Applicable,Not Applicable,No,Not Applicable,708,Cash,6,3.9,3.1
2024-07-20 16:33:00,CNR1858660822,Canceled by Driver,CID617364,Prime SUV,Vijayanagar,Rajajinagar,,,Not Applicable,Personal & Car related issue,Not Applicable,Not Applicable,498,Not Applicable,0,,
2024-07-01 21:51:00,CNR2831167425,Success,CID244829,Auto,Yeshwanthpur,Langford Town,133.0,55.0,Not Applicable,Not Applicable,No,Not Applicable,352,Cash,6,4.5,4.4
2024-07-06 01:10:00,CNR9996151370,Canceled by Driver,CID105269,Prime Sedan,Jayanagar,JP Nagar,,,Not Applicable,Customer was coughing/sick,Not Applicable,Not Applicable,154,Not Applicable,0,,
2024-07-12 01:43:00,CNR3287264055,Success,CID216395,Mini,Yelahanka,Yeshwanthpur,196.0,100.0,Not Applicable,Not Applicable,No,Not Applicable,456,Cash,4,4.8,3.3
2024-07-01 03:28:00,CNR2042541313,Success,CID432506,Prime Plus,Basavanagudi,Ramamurthy Nagar,203.0,35.0,Not Applicable,Not Applicable,No,Not Applicable,928,Cash,4,3.1,4.7
2024-07-14 03:56:00,CNR6560773779,Canceled by Driver,CID951138,Prime Plus,Sarjapur Road,Vijayanagar,,,Not Applicable,Customer was coughing/sick,Not Applicable,Not Applicable,403,Not Applicable,0,,
2024-07-16 22:27:00,CNR6756970888,Driver Not Found,CID752677,Prime Plus,Koramangala,Peenya,,,Not Applicable,Not Applicable,Not Applicable,Not Applicable,272,Not Applicable,0,,
2024-07-20 20:58:00,CNR4900826596,Canceled by Customer,CID569633,Bike,Nagarbhavi,Majestic,,,Driver is not moving towards pickup location,Not Applicable,Not Applicable,Not Applicable,385,Not Applicable,0,,
2024-07-19 23:50:00,CNR2032372472,Success,CID993676,Mini,Nagarbhavi,Rajarajeshwari Nagar,308.0,25.0,Not Applicable,Not Applicable,No,Not Applicable,377,Cash,10,4.0,5.0
2024-07-02 13:12:00,CNR4823180004,Success,CID415997,Mini,KR Puram,Malleshwaram,196.0,65.0,Not Applicable,Not Applicable,No,Not Applicable,131,UPI,44,4.0,4.2
2024-07-22 20:12:00,CNR3469119260,Success,CID374872,Auto,Shivajinagar,Hulimavu,140.0,60.0,Not Applicable,Not Applicable,No,Not Applicable,324,UPI,15,3.1,3.3
2024-07-26 03:54:00,CNR8719251094,Success,CID633855,Mini,Kadugodi,MG Road,196.0,40.0,Not Applicable,Not Applicable,No,Not Applicable,405,UPI,35,4.4,4.7
2024-07-06 08:21:00,CNR2004652340,Success,CID681729,Mini,Banashankari,Basavanagudi,168.0,145.0,Not Applicable,Not Applicable,No,Not Applicable,884,UPI,48,3.1,3.8
2024-07-15 15:45:00,CNR7999322389,Success,CID940083,eBike,Indiranagar,Rajarajeshwari Nagar,301.0,45.0,Not Applicable,Not Applicable,No,Not Applicable,441,UPI,16,4.5,4.8
2024-07-25 22:09:00,CNR7350976387,Canceled by Customer,CID834253,Mini,Devanahalli,Hulimavu,,,Change of plans,Not Applicable,Not Applicable,Not Applicable,358,Not Applicable,0,,
2024-07-26 04:33:00,CNR8041003433,Success,CID575092,eBike,BTM Layout,Peenya,175.0,70.0,Not Applicable,Not Applicable,No,Not Applicable,419,Cash,4,3.5,3.7
2024-07-09 18:49:00,CNR2823675966,Success,CID342702,Prime SUV,HSR Layout,Magadi Road,238.0,85.0,Not Applicable,Not Applicable,No,Not Applicable,1866,Cash,4,3.7,3.3
2024-07-20 13:56:00,CNR1144900095,Success,CID555181,Mini,Bellandur,Banashankari,280.0,50.0,Not Applicable,Not Applicable,No,Not Applicable,323,Cash,20,4.2,3.4
2024-07-24 06:18:00,CNR4535277620,Success,CID496612,Prime Sedan,Varthur,Kammanahalli,49.0,80.0,Not Applicable,Not Applicable,Yes,Customer Demand,204,Cash,40,4.2,4.8
2024-07-26 09:55:00,CNR3802643214,Success,CID785131,Auto,Kengeri,Shivajinagar,161.0,55.0,Not Applicable,Not Applicable,No,Not Applicable,128,Cash,7,4.2,3.4
2024-07-18 04:30:00,CNR6842083895,Success,CID570812,eBike,Hennur,Magadi Road,161.0,65.0,Not Applicable,Not Applicable,No,Not Applicable,204,Cash,6,3.4,3.2
2024-07-25 12:25:00,CNR3441832031,Success,CID182602,Prime SUV,Sarjapur Road,Banashankari,77.0,85.0,Not Applicable,Not Applicable,No,Not Applicable,760,Cash,36,5.0,3.3
2024-07-23 06:36:00,CNR7974575453,Canceled by Customer,CID981227,eBike,Shivajinagar,Sarjapur Road,,,Driver is not moving towards pickup location,Not Applicable,Not Applicable,Not Applicable,2867,Not Applicable,0,,
2024-07-09 10:23:00,CNR9973832045,Success,CID549409,eBike,Cox Town,Devanahalli,56.0,50.0,Not Applicable,Not Applicable,No,Not Applicable,263,Credit Card,49,3.9,4.5
2024-07-20 12:48:00,CNR9092358828,Canceled by Customer,CID777283,Bike,Frazer Town,Tumkur Road,,,Driver is not moving towards pickup location,Not Applicable,Not Applicable,Not Applicable,379,Not Applicable,0,,
2024-07-16 21:29:00,CNR7998817485,Success,CID438671,Prime Plus,Devanahalli,Nagarbhavi,126.0,40.0,Not Applicable,Not Applicable,No,Not Applicable,361,Cash,11,4.1,3.7
2024-07-20 19:56:00,CNR1542363695,Success,CID991585,eBike,HSR Layout,Malleshwaram,217.0,145.0,Not Applicable,Not Applicable,No,Not Applicable,100,UPI,6,3.7,3.9
2024-07-22 01:19:00,CNR7455256931,Success,CID150380,Mini,Mysore Road,Bannerghatta Road,217.0,130.0,Not Applicable,Not Applicable,No,Not Applicable,224,Credit Card,15,3.3,4.9
2024-07-24 19:34:00,CNR7719986940,Success,CID549178,Prime Sedan,HSR Layout,Nagarbhavi,63.0,60.0,Not Applicable,Not Applicable,No,Not Applicable,400,UPI,10,3.1,3.9
2024-07-25 15:23:00,CNR5198864888,Success,CID635514,Bike,JP Nagar,Hennur,203.0,110.0,Not Applicable,Not Applicable,No,Not Applicable,335,UPI,17,3.0,3.7
2024-07-29 23:30:00,CNR9637653813,Canceled by Driver,CID978324,Prime Plus,Magadi Road,Ulsoor,,,Not Applicable,Personal & Car related issue,Not Applicable,Not Applicable,459,Not Applicable,0,,
2024-07-24 13:47:00,CNR9468578938,Success,CID996081,Auto,Malleshwaram,Electronic City,266.0,45.0,Not Applicable,Not Applicable,No,Not Applicable,387,UPI,11,3.8,3.7
2024-07-04 12:41:00,CNR2919400947,Success,CID877775,Mini,Mysore Road,Basavanagudi,259.0,135.0,Not Applicable,Not Applicable,No,Not Applicable,400,Cash,25,4.4,3.8
2024-07-09 03:28:00,CNR8293930893,Canceled by Driver,CID834572,Bike,Basavanagudi,Basavanagudi,,,Not Applicable,Customer was coughing/sick,Not Applicable,Not Applicable,902,Not Applicable,0,,
2024-07-26 07:11:00,CNR5934108059,Success,CID618836,Prime SUV,Bellandur,BTM Layout,84.0,95.0,Not Applicable,Not Applicable,Yes,Other Issue,592,UPI,30,3.6,3.6
2024-07-06 09:19:00,CNR8468829815,Canceled by Customer,CID386713,Bike,Majestic,Jayanagar,,,Change of plans,Not Applicable,Not Applicable,Not Applicable,453,Not Applicable,0,,
2024-07-28 15:33:00,CNR5797043021,Success,CID126699,Prime SUV,Padmanabhanagar,Sahakar Nagar,175.0,85.0,Not Applicable,Not Applicable,No,Not Applicable,489,Cash,44,3.8,3.9
2024-07-24 15:09:00,CNR6242642469,Success,CID149029,Bike,Koramangala,Yeshwanthpur,147.0,45.0,Not Applicable,Not Applicable,No,Not Applicable,993,Cash,21,3.5,3.9
2024-07-30 11:55:00,CNR9296844576,Success,CID961262,eBike,Ulsoor,Rajarajeshwari Nagar,308.0,120.0,Not Applicable,Not Applicable,No,Not Applicable,326,UPI,11,4.4,3.6
2024-07-23 20:55:00,CNR6016580487,Driver Not Found,CID629978,Prime Sedan,BTM Layout,Hosur Road,,,Not Applicable,Not Applicable,Not Applicable,Not Applicable,337,Not Applicable,0,,
2024-07-29 14:18:00,CNR2642850521,Success,CID356779,eBike,Richmond Town,Devanahalli,42.0,25.0,Not Applicable,Not Applicable,Yes,Vehicle Breakdown,110,Cash,33,4.6,4.0
2024-07-13 04:15:00,CNR5270695826,Success,CID954299,Prime Plus,BTM Layout,Varthur,168.0,55.0,Not Applicable,Not Applicable,No,Not Applicable,214,Credit Card,41,3.7,3.4
2024-07-12 00:19:00,CNR6743982928,Success,CID314363,Prime Sedan,Electronic City,Kengeri,238.0,40.0,Not Applicable,Not Applicable,No,Not Applicable,256,UPI,48,4.3,3.9
2024-07-26 11:55:00,CNR5178924310,Success,CID810696,eBike,Electronic City,JP Nagar,301.0,145.0,Not Applicable,Not Applicable,No,Not Applicable,164,UPI,29,4.9,4.1
2024-07-15 08:33:00,CNR2273908698,Success,CID682996,Prime Sedan,Cox Town,Devanahalli,245.0,40.0,Not Applicable,Not Applicable,No,Not Applicable,347,Cash,47,3.3,4.1
2024-07-21 09:52:00,CNR9828779312,Canceled by Driver,CID375186,Prime Sedan,Varthur,Rajajinagar,,,Not Applicable,Personal & Car related issue,Not Applicable,Not Applicable,271,Not Applicable,0,,
2024-07-10 20:18:00,CNR6937822593,Success,CID238220,Prime SUV,Magadi Road,HSR Layout,126.0,40.0,Not Applicable,Not Applicable,No,Not Applicable,2258,Cash,29,5.0,3.8
2024-07-06 06:08:00,CNR5890891873,Canceled by Driver,CID457696,Auto,Sarjapur Road,Nagarbhavi,,,Not Applicable,Personal & Car related issue,Not Applicable,Not Applicable,822,Not Applicable,0,,
2024-07-09 19:43:00,CNR1323585659,Success,CID361188,Mini,Vijayanagar,Peenya,161.0,95.0,Not Applicable,Not Applicable,No,Not Applicable,375,Credit Card,7,5.0,4.0
2024-07-20 04:15:00,CNR6447683623,Driver Not Found,CID779004,Auto,JP Nagar,Shantinagar,,,Not Applicable,Not Applicable,Not Applicable,Not Applicable,675,Not Applicable,0,,
2024-07-26 21:13:00,CNR8173448524,Success,CID683597,Mini,MG Road,Varthur,42.0,85.0,Not Applicable,Not Applicable,No,Not Applicable,524,Cash,9,4.3,4.0
2024-07-30 06:46:00,CNR9655277453,Driver Not Found,CID978626,Prime SUV,Bannerghatta Road,Marathahalli,,,Not Applicable,Not Applicable,Not Applicable,Not Applicable,747,Not Applicable,0,,
2024-07-13 20:03:00,CNR9335332739,Success,CID558209,eBike,Nagarbhavi,Whitefield,217.0,60.0,Not Applicable,Not Applicable,No,Not Applicable,362,Cash,49,4.7,4.7
2024-07-21 23:38:00,CNR2782826196,Success,CID388588,Prime Sedan,Basavanagudi,Bannerghatta Road,196.0,130.0,Not Applicable,Not Applicable,No,Not Applicable,2725,Cash,8,4.1,3.9
2024-07-05 01:42:00,CNR2071185892,Canceled by Driver,CID510336,eBike,Yeshwanthpur,Jayanagar,,,Not Applicable,Personal & Car related issue,Not Applicable,Not Applicable,717,Not Applicable,0,,
2024-07-15 07:23:00,CNR6972114835,Success,CID990016,Prime Sedan,Tumkur Road,Hosur Road,49.0,50.0,Not Applicable,Not Applicable,No,Not Applicable,174,Cash,29,4.9,4.9
2024-07-22 05:59:00,CNR8806564176,Canceled by Driver,CID566379,Auto,Kengeri,Ramamurthy Nagar,,,Not Applicable,Customer related issue,Not Applicable,Not Applicable,128,Not Applicable,0,,
2024-07-01 04:09:00,CNR4736995615,Canceled by Driver,CID961292,Prime Sedan,Mysore Road,HSR Layout,,,Not Applicable,Customer related issue,Not Applicable,Not Applicable,401,Not Applicable,0,,
2024-07-29 16:35:00,CNR2053607935,Canceled by Driver,CID688650,Prime Plus,Malleshwaram,Ulsoor,,,Not Applicable,Personal & Car related issue,Not Applicable,Not Applicable,914,Not Applicable,0,,
2024-07-15 11:53:00,CNR9774034991,Success,CID164499,Auto,JP Nagar,Magadi Road,35.0,110.0,Not Applicable,Not Applicable,No,Not Applicable,765,Cash,10,4.4,3.8
2024-07-12 12:07:00,CNR8708765923,Driver Not Found,CID402139,Bike,Langford Town,Marathahalli,,,Not Applicable,Not Applicable,Not Applicable,Not Applicable,392,Not Applicable,0,,
2024-07-04 15:21:00,CNR7383638191,Canceled by Driver,CID934544,Prime Sedan,Padmanabhanagar,Chickpet,,,Not Applicable,Customer was coughing/sick,Not Applicable,Not Applicable,262,Not Applicable,0,,
2024-07-11 09:47:00,CNR2305954003,Success,CID393864,Prime SUV,Shantinagar,Ramamurthy Nagar,266.0,100.0,Not Applicable,Not Applicable,No,Not Applicable,463,Cash,24,4.2,4.5
2024-07-12 06:17:00,CNR7454741059,Success,CID297962,Prime Plus,Ramamurthy Nagar,HSR Layout,280.0,90.0,Not Applicable,Not Applicable,Yes,Customer Demand,186,Cash,37,4.0,3.4
2024-07-30 06:48:00,CNR8350429560,Canceled by Driver,CID618335,Bike,MG Road,Chamarajpet,,,Not Applicable,Customer related issue,Not Applicable,Not Applicable,153,Not Applicable,0,,
2024-07-25 12:03:00,CNR3695716181,Canceled by Driver,CID662288,Prime Plus,Sahakar Nagar,Ulsoor,,,Not Applicable,Customer related issue,Not Applicable,Not Applicable,204,Not Applicable,0,,
2024-07-17 17:12:00,CNR3166008447,Success,CID319413,eBike,Shantinagar,KR Puram,112.0,100.0,Not Applicable,Not Applicable,No,Not Applicable,221,UPI,29,4.3,4.8
2024-07-10 19:16:00,CNR3757539679,Canceled by Driver,CID798376,Prime SUV,Hosur Road,Peenya,,,Not Applicable,Customer related issue,Not Applicable,Not Applicable,301,Not Applicable,0,,
2024-07-26 11:20:00,CNR3036928207,Success,CID240721,Mini,Bellandur,Yelahanka,56.0,100.0,Not Applicable,Not Applicable,No,Not Applicable,161,Cash,10,4.3,4.3
2024-07-11 20:15:00,CNR9487668688,Success,CID975983,Auto,Banashankari,Banashankari,238.0,140.0,Not Applicable,Not Applicable,No,Not Applicable,575,Cash,18,4.4,4.4
2024-07-04 11:34:00,CNR1147029675,Success,CID614520,Bike,Yelahanka,Richmond Town,252.0,80.0,Not Applicable,Not Applicable,No,Not Applicable,828,Cash,18,3.2,4.8
2024-07-30 21:15:00,CNR3693229711,Success,CID277679,Prime SUV,Kengeri,Cox Town,140.0,30.0,Not Applicable,Not Applicable,No,Not Applicable,895,Cash,22,4.9,3.9
2024-07-05 22:56:00,CNR8797327639,Canceled by Customer,CID808447,eBike,Cox Town,Padmanabhanagar,,,Change of plans,Not Applicable,Not Applicable,Not Applicable,1543,Not Applicable,0,,
2024-07-28 13:48:00,CNR4931797919,Canceled by Driver,CID682535,Mini,Frazer Town,Tumkur Road,,,Not Applicable,Personal & Car related issue,Not Applicable,Not Applicable,364,Not Applicable,0,,
2024-07-18 20:07:00,CNR6904236008,Success,CID628493,Prime Sedan,Electronic City,Magadi Road,217.0,105.0,Not Applicable,Not Applicable,No,Not Applicable,2979,Cash,3,3.6,4.6
2024-07-05 12:22:00,CNR7697885149,Success,CID829609,Mini,Basavanagudi,Bellandur,133.0,45.0,Not Applicable,Not Applicable,No,Not Applicable,762,Cash,20,4.9,4.4
2024-07-18 01:04:00,CNR3746088197,Success,CID666727,Prime Plus,Banashankari,Rajajinagar,308.0,60.0,Not Applicable,Not Applicable,No,Not Applicable,382,Cash,10,4.0,3.4
2024-07-22 09:21:00,CNR9482656345,Canceled by Driver,CID841436,Prime SUV,Bannerghatta Road,Sahakar Nagar,,,Not Applicable,Customer related issue,Not Applicable,Not Applicable,274,Not Applicable,0,,
2024-07-23 03:10:00,CNR4270679246,Success,CID298822,Mini,Basavanagudi,Mysore Road,308.0,80.0,Not Applicable,Not Applicable,No,Not Applicable,190,UPI,44,3.5,3.2
2024-07-22 13:06:00,CNR9102352740,Success,CID337715,Prime SUV,HSR Layout,Tumkur Road,119.0,35.0,Not Applicable,Not Applicable,No,Not Applicable,260,Cash,37,3.5,4.0
2024-07-29 07:54:00,CNR7109520536,Driver Not Found,CID434569,eBike,Bannerghatta Road,Devanahalli,,,Not Applicable,Not Applicable,Not Applicable,Not Applicable,788,Not Applicable,0,,
2024-07-18 22:56:00,CNR9285259726,Success,CID776979,Auto,Peenya,Shantinagar,210.0,70.0,Not Applicable,Not Applicable,No,Not Applicable,388,Cash,5,4.1,3.3
2024-07-14 21:30:00,CNR6362123949,Success,CID560725,Auto,Whitefield,Devanahalli,182.0,140.0,Not Applicable,Not Applicable,No,Not Applicable,460,Cash,10,5.0,4.3
2024-07-30 09:24:00,CNR9221981909,Success,CID707883,Mini,Jayanagar,Hebbal,196.0,45.0,Not Applicable,Not Applicable,Yes,Other Issue,2563,Cash,40,4.4,3.4
2024-07-07 11:53:00,CNR8392921362,Success,CID716875,eBike,HSR Layout,Jayanagar,308.0,40.0,Not Applicable,Not Applicable,No,Not Applicable,469,UPI,26,4.4,3.7
2024-07-02 23:50:00,CNR4469550428,Canceled by Driver,CID645953,Prime SUV,Koramangala,Frazer Town,,,Not Applicable,Customer related issue,Not Applicable,Not Applicable,723,Not Applicable,0,,
2024-07-30 14:00:00,CNR9467362333,Success,CID627908,eBike,Langford Town,Langford Town,301.0,110.0,Not Applicable,Not Applicable,No,Not Applicable,303,UPI,18,4.6,4.3
2024-07-18 00:31:00,CNR4084863834,Canceled by Driver,CID821779,Auto,Frazer Town,JP Nagar,,,Not Applicable,Personal & Car related issue,Not Applicable,Not Applicable,721,Not Applicable,0,,
2024-07-01 09:46:00,CNR2209579467,Success,CID649441,Bike,Hennur,Richmond Town,273.0,85.0,Not Applicable,Not Applicable,No,Not Applicable,129,UPI,20,3.6,4.4
2024-07-01 11:03:00,CNR7515841565,Success,CID420209,Auto,Marathahalli,Electronic City,259.0,95.0,Not Applicable,Not Applicable,No,Not Applicable,422,Cash,1,4.1,4.3
2024-07-03 04:57:00,CNR3797271563,Success,CID715158,Bike,HSR Layout,Bellandur,182.0,115.0,Not Applicable,Not Applicable,No,Not Applicable,307,Cash,46,3.7,4.0
2024-07-02 15:20:00,CNR4261480718,Success,CID801098,Prime SUV,Nagarbhavi,Frazer Town,175.0,130.0,Not Applicable,Not Applicable,No,Not Applicable,345,Cash,9,4.8,3.6
2024-07-26 05:53:00,CNR6597019185,Success,CID449708,Auto,Hennur,Vijayanagar,266.0,25.0,Not Applicable,Not Applicable,No,Not Applicable,348,UPI,2,3.9,4.1
2024-07-25 22:32:00,CNR6166648562,Success,CID264703,Prime SUV,Bellandur,Malleshwaram,231.0,70.0,Not Applicable,Not Applicable,No,Not Applicable,489,UPI,35,3.7,3.8
2024-07-19 10:33:00,CNR3227178182,Canceled by Customer,CID838775,Mini,HSR Layout,Bellandur,,,Driver asked to cancel,Not Applicable,Not Applicable,Not Applicable,492,Not Applicable,0,,
2024-07-12 07:55:00,CNR3808908565,Driver Not Found,CID960213,Prime SUV,Padmanabhanagar,Magadi Road,,,Not Applicable,Not Applicable,Not Applicable,Not Applicable,366,Not Applicable,0,,
2024-07-28 17:01:00,CNR7878856060,Canceled by Customer,CID642911,Auto,Malleshwaram,Sahakar Nagar,,,Driver is not moving towards pickup location,Not Applicable,Not Applicable,Not Applicable,149,Not Applicable,0,,
2024-07-02 01:00:00,CNR2545350709,Success,CID776001,eBike,Kadugodi,RT Nagar,84.0,95.0,Not Applicable,Not Applicable,No,Not Applicable,226,Cash,9,4.4,3.5
2024-07-23 04:34:00,CNR7672954346,Success,CID517004,Auto,Sarjapur Road,Bannerghatta Road,273.0,90.0,Not Applicable,Not Applicable,No,Not Applicable,220,Cash,5,3.9,4.6
2024-07-02 23:44:00,CNR6608142647,Success,CID443890,Bike,JP Nagar,Electronic City,147.0,120.0,Not Applicable,Not Applicable,Yes,Customer Demand,213,Cash,25,3.5,3.2
2024-07-07 03:58:00,CNR6068147061,Success,CID334046,Prime Sedan,MG Road,Devanahalli,203.0,35.0,Not Applicable,Not Applicable,No,Not Applicable,276,Cash,8,4.4,4.0
2024-07-17 05:49:00,CNR6732218319,Success,CID911514,eBike,Hebbal,BTM Layout,196.0,135.0,Not Applicable,Not Applicable,No,Not Applicable,310,UPI,45,3.9,4.5
2024-07-29 02:38:00,CNR6042896082,Canceled by Driver,CID535515,Prime Sedan,Kengeri,Sarjapur Road,,,Not Applicable,Personal & Car related issue,Not Applicable,Not Applicable,298,Not Applicable,0,,
2024-07-12 06:47:00,CNR9201512108,Success,CID117670,eBike,Rajajinagar,Frazer Town,168.0,140.0,Not Applicable,Not Applicable,No,Not Applicable,602,Credit Card,39,3.8,3.9
2024-07-05 07:03:00,CNR3981687986,Success,CID569779,Prime SUV,Marathahalli,Yelahanka,56.0,40.0,Not Applicable,Not Applicable,No,Not Applicable,468,UPI,46,3.7,3.3
2024-07-04 14:45:00,CNR1130157992,Driver Not Found,CID504224,Mini,Indiranagar,Banashankari,,,Not Applicable,Not Applicable,Not Applicable,Not Applicable,2633,Not Applicable,0,,
2024-07-08 16:10:00,CNR9518270728,Success,CID694282,Bike,HSR Layout,Sahakar Nagar,140.0,55.0,Not Applicable,Not Applicable,No,Not Applicable,337,UPI,3,3.8,3.8
2024-07-19 08:55:00,CNR6919037154,Success,CID493303,Bike,Varthur,Malleshwaram,91.0,130.0,Not Applicable,Not Applicable,No,Not Applicable,144,Cash,43,4.0,3.8
2024-07-26 05:43:00,CNR9433414160,Canceled by Customer,CID757443,Prime Plus,Devanahalli,Shantinagar,,,AC is Not working,Not Applicable,Not Applicable,Not Applicable,185,Not Applicable,0,,
2024-07-21 08:01:00,CNR8891180086,Canceled by Customer,CID717262,Bike,Langford Town,Varthur,,,Change of plans,Not Applicable,Not Applicable,Not Applicable,264,Not Applicable,0,,
2024-07-04 08:29:00,CNR3663737183,Success,CID196265,Bike,Majestic,Vijayanagar,147.0,55.0,Not Applicable,Not Applicable,No,Not Applicable,679,Cash,24,4.2,3.9
2024-07-17 07:53:00,CNR8091705145,Driver Not Found,CID119189,Auto,Vijayanagar,Yelahanka,,,Not Applicable,Not Applicable,Not Applicable,Not Applicable,383,Not Applicable,0,,
2024-07-23 19:51:00,CNR1070484268,Driver Not Found,CID924417,Auto,Varthur,Vijayanagar,,,Not Applicable,Not Applicable,Not Applicable,Not Applicable,376,Not Applicable,0,,
2024-07-20 23:55:00,CNR5980733809,Canceled by Customer,CID270639,Bike,Frazer Town,Koramangala,,,Driver is not moving towards pickup location,Not Applicable,Not Applicable,Not Applicable,203,Not Applicable,0,,
2024-07-07 17:22:00,CNR2271815507,Canceled by Customer,CID393950,Bike,Indiranagar,Kengeri,,,Change of plans,Not Applicable,Not Applicable,Not Applicable,694,Not Applicable,0,,
2024-07-03 10:03:00,CNR5875684672,Canceled by Customer,CID909703,Bike,Nagarbhavi,RT Nagar,,,Driver asked to cancel,Not Applicable,Not Applicable,Not Applicable,369,Not Applicable,0,,
2024-07-17 06:31:00,CNR5611003232,Success,CID357689,Prime Sedan,Sarjapur Road,Nagarbhavi,91.0,50.0,Not Applicable,Not Applicable,No,Not Applicable,483,UPI,25,4.2,3.6
2024-07-29 11:51:00,CNR3991395561,Canceled by Customer,CID888834,Prime SUV,Majestic,Electronic City,,,AC is Not working,Not Applicable,Not Applicable,Not Applicable,2065,Not Applicable,0,,
2024-07-10 21:36:00,CNR5527207483,Canceled by Customer,CID762091,Mini,Sarjapur Road,Indiranagar,,,Driver is not moving towards pickup location,Not Applicable,Not Applicable,Not Applicable,989,Not Applicable,0,,
2024-07-05 19:06:00,CNR4116666900,Canceled by Driver,CID921637,Auto,Mysore Road,Malleshwaram,,,Not Applicable,Customer related issue,Not Applicable,Not Applicable,355,Not Applicable,0,,
2024-07-03 21:10:00,CNR1398470262,Canceled by Customer,CID603761,Bike,Devanahalli,Yeshwanthpur,,,Driver is not moving towards pickup location,Not Applicable,Not Applicable,Not Applicable,454,Not Applicable,0,,
2024-07-09 04:57:00,CNR9691848898,Success,CID341998,Auto,Varthur,Whitefield,140.0,50.0,Not Applicable,Not Applicable,No,Not Applicable,748,UPI,18,3.2,3.9
2024-07-05 23:36:00,CNR2490023611,Success,CID480873,Prime Plus,Chamarajpet,Vijayanagar,84.0,85.0,Not Applicable,Not Applicable,No,Not Applicable,426,UPI,11,4.0,3.5
2024-07-13 11:01:00,CNR7086516024,Canceled by Customer,CID707826,Bike,Rajajinagar,Yelahanka,,,Driver is not moving towards pickup location,Not Applicable,Not Applicable,Not Applicable,986,Not Applicable,0,,
2024-07-15 12:21:00,CNR1232342923,Success,CID777756,Prime SUV,Majestic,Hennur,35.0,85.0,Not Applicable,Not Applicable,Yes,Customer Demand,190,UPI,37,3.1,3.7
2024-07-13 05:21:00,CNR5431562224,Success,CID926343,Auto,Kengeri,Hulimavu,63.0,85.0,Not Applicable,Not Applicable,No,Not Applicable,312,Credit Card,2,3.4,4.3
2024-07-11 06:36:00,CNR1768268202,Canceled by Customer,CID790332,Bike,Electronic City,Sarjapur Road,,,Driver asked to cancel,Not Applicable,Not Applicable,Not Applicable,370,Not Applicable,0,,
2024-07-07 03:15:00,CNR5653020499,Success,CID684261,Prime Sedan,Hennur,Hebbal,259.0,50.0,Not Applicable,Not Applicable,No,Not Applicable,362,UPI,39,3.1,3.7
2024-07-14 05:21:00,CNR9168974463,Success,CID398204,Prime SUV,Marathahalli,KR Puram,245.0,55.0,Not Applicable,Not Applicable,No,Not Applicable,488,UPI,28,4.8,4.9
2024-07-19 23:14:00,CNR9208280085,Canceled by Driver,CID180007,eBike,Chickpet,RT Nagar,,,Not Applicable,Personal & Car related issue,Not Applicable,Not Applicable,389,Not Applicable,0,,
2024-07-06 00:45:00,CNR9704844657,Driver Not Found,CID624579,Prime Plus,Yeshwanthpur,Majestic,,,Not Applicable,Not Applicable,Not Applicable,Not Applicable,274,Not Applicable,0,,
2024-07-29 08:34:00,CNR9449656543,Success,CID135346,Auto,Hosur Road,Basavanagudi,238.0,75.0,Not Applicable,Not Applicable,No,Not Applicable,776,UPI,9,3.1,3.5
2024-07-25 01:29:00,CNR5978150582,Success,CID331153,Auto,Chamarajpet,Shantinagar,280.0,125.0,Not Applicable,Not Applicable,No,Not Applicable,992,Cash,1,3.7,3.8
2024-07-09 00:12:00,CNR7398622218,Success,CID240801,Prime Plus,Richmond Town,Bannerghatta Road,42.0,100.0,Not Applicable,Not Applicable,No,Not Applicable,343,Cash,9,4.6,4.3
2024-07-12 02:14:00,CNR7196375971,Success,CID811027,Prime SUV,KR Puram,Mysore Road,105.0,30.0,Not Applicable,Not Applicable,No,Not Applicable,449,Cash,14,4.4,4.3
2024-07-07 03:33:00,CNR6511155570,Success,CID326662,Prime Sedan,Ulsoor,Yeshwanthpur,105.0,115.0,Not Applicable,Not Applicable,No,Not Applicable,179,Cash,37,4.5,3.8
2024-07-05 22:27:00,CNR7639134980,Success,CID894997,Auto,Koramangala,Kammanahalli,161.0,120.0,Not Applicable,Not Applicable,No,Not Applicable,817,Cash,10,4.0,4.5
2024-07-11 08:15:00,CNR3971583009,Success,CID577756,Prime SUV,Kammanahalli,Kengeri,105.0,140.0,Not Applicable,Not Applicable,No,Not Applicable,188,Cash,44,3.1,4.1
2024-07-27 21:21:00,CNR2371703589,Canceled by Driver,CID209120,Prime SUV,Sahakar Nagar,Shivajinagar,,,Not Applicable,Customer was coughing/sick,Not Applicable,Not Applicable,154,Not Applicable,0,,
2024-07-16 22:21:00,CNR9454674903,Success,CID605110,Prime Sedan,Shantinagar,Chickpet,91.0,65.0,Not Applicable,Not Applicable,No,Not Applicable,287,Cash,47,3.8,4.6
2024-07-26 21:53:00,CNR1393356440,Canceled by Driver,CID972683,Prime Sedan,Jayanagar,Shivajinagar,,,Not Applicable,Personal & Car related issue,Not Applicable,Not Applicable,202,Not Applicable,0,,
2024-07-02 11:42:00,CNR9895184667,Success,CID136601,Prime SUV,Kengeri,Peenya,196.0,95.0,Not Applicable,Not Applicable,No,Not Applicable,590,UPI,38,4.7,4.1
2024-07-12 20:59:00,CNR3031238045,Success,CID574788,eBike,MG Road,Shantinagar,238.0,90.0,Not Applicable,Not Applicable,No,Not Applicable,169,Cash,4,3.8,3.7
2024-07-24 04:30:00,CNR2554082987,Success,CID280597,eBike,Marathahalli,Banashankari,266.0,110.0,Not Applicable,Not Applicable,No,Not Applicable,480,UPI,45,3.4,4.8
2024-07-27 23:41:00,CNR7942601803,Success,CID705253,Prime SUV,Shantinagar,Bellandur,105.0,75.0,Not Applicable,Not Applicable,No,Not Applicable,1028,Cash,35,3.9,4.5
2024-07-18 09:09:00,CNR3853652935,Success,CID655998,Prime Plus,Frazer Town,Kadugodi,70.0,110.0,Not Applicable,Not Applicable,No,Not Applicable,652,Cash,35,3.4,3.7
2024-07-26 02:34:00,CNR8202566847,Success,CID937667,Prime Plus,Ramamurthy Nagar,Hennur,280.0,90.0,Not Applicable,Not Applicable,No,Not Applicable,288,Cash,43,4.4,3.3
2024-07-13 03:37:00,CNR6353602170,Success,CID232374,Prime Sedan,Electronic City,Kengeri,273.0,105.0,Not Applicable,Not Applicable,No,Not Applicable,475,Cash,12,3.2,3.7
2024-07-15 02:57:00,CNR5359325215,Success,CID843637,Prime Plus,Sarjapur Road,KR Puram,252.0,95.0,Not Applicable,Not Applicable,No,Not Applicable,201,UPI,12,3.7,4.8
2024-07-11 07:34:00,CNR1915555773,Success,CID882309,Bike,Kadugodi,RT Nagar,168.0,50.0,Not Applicable,Not Applicable,No,Not Applicable,185,Cash,40,3.7,3.3
2024-07-28 23:39:00,CNR5812967107,Success,CID546034,Auto,Kadugodi,Yeshwanthpur,63.0,145.0,Not Applicable,Not Applicable,No,Not Applicable,791,Cash,13,4.9,3.1
2024-07-19 05:15:00,CNR1873529772,Canceled by Driver,CID985846,Prime SUV,Yeshwanthpur,Majestic,,,Not Applicable,Personal & Car related issue,Not Applicable,Not Applicable,220,Not Applicable,0,,
2024-07-20 13:36:00,CNR4392167110,Success,CID500043,Auto,Basavanagudi,Devanahalli,252.0,130.0,Not Applicable,Not Applicable,No,Not Applicable,289,Cash,17,4.9,3.4
2024-07-04 11:26:00,CNR2971984934,Success,CID758096,Prime Plus,Sahakar Nagar,Rajajinagar,266.0,90.0,Not Applicable,Not Applicable,No,Not Applicable,474,Cash,35,4.4,3.1
2024-07-24 06:13:00,CNR5758616216,Success,CID273546,Prime Plus,Rajarajeshwari Nagar,Peenya,63.0,55.0,Not Applicable,Not Applicable,No,Not Applicable,909,Cash,45,3.8,4.8
2024-07-18 13:10:00,CNR8884999321,Canceled by Driver,CID839834,Prime SUV,Vijayanagar,Whitefield,,,Not Applicable,Customer was coughing/sick,Not Applicable,Not Applicable,151,Not Applicable,0,,
2024-07-10 02:13:00,CNR2560262993,Success,CID913463,Prime Plus,Chamarajpet,Varthur,154.0,30.0,Not Applicable,Not Applicable,Yes,Customer Demand,157,Cash,44,4.6,3.0
2024-07-25 16:37:00,CNR3965345606,Canceled by Driver,CID551821,Prime SUV,Kengeri,Cox Town,,,Not Applicable,Personal & Car related issue,Not Applicable,Not Applicable,434,Not Applicable,0,,
2024-07-22 19:42:00,CNR4073286489,Canceled by Driver,CID309100,Prime Plus,Ulsoor,Bellandur,,,Not Applicable,Personal & Car related issue,Not Applicable,Not Applicable,286,Not Applicable,0,,
2024-07-06 08:29:00,CNR6108232799,Canceled by Driver,CID885986,Mini,Shivajinagar,Basavanagudi,,,Not Applicable,More than permitted people in there,Not Applicable,Not Applicable,137,Not Applicable,0,,
2024-07-01 16:47:00,CNR7580456237,Success,CID632642,Bike,Varthur,Nagarbhavi,112.0,140.0,Not Applicable,Not Applicable,No,Not Applicable,308,UPI,49,3.3,4.2
2024-07-30 04:32:00,CNR2824631727,Canceled by Driver,CID449976,Mini,Rajajinagar,Mysore Road,,,Not Applicable,Customer was coughing/sick,Not Applicable,Not Applicable,431,Not Applicable,0,,
2024-07-04 00:58:00,CNR5667569689,Success,CID671054,eBike,Shantinagar,Ramamurthy Nagar,147.0,75.0,Not Applicable,Not Applicable,No,Not Applicable,852,Cash,12,3.1,3.9
2024-07-22 20:44:00,CNR1402158943,Driver Not Found,CID711971,Auto,Marathahalli,Padmanabhanagar,,,Not Applicable,Not Applicable,Not Applicable,Not Applicable,192,Not Applicable,0,,
2024-07-15 22:06:00,CNR6817587526,Success,CID151875,Prime Plus,Majestic,Frazer Town,140.0,75.0,Not Applicable,Not Applicable,No,Not Applicable,109,Cash,9,3.9,3.3
2024-07-10 10:19:00,CNR5335655722,Canceled by Customer,CID540563,Bike,Peenya,Devanahalli,,,Driver asked to cancel,Not Applicable,Not Applicable,Not Applicable,903,Not Applicable,0,,
2024-07-01 06:49:00,CNR6845771048,Success,CID861751,Mini,Majestic,Devanahalli,217.0,135.0,Not Applicable,Not Applicable,No,Not Applicable,327,UPI,27,4.5,4.1
2024-07-02 06:26:00,CNR4909937680,Success,CID370472,Prime Plus,Majestic,Bellandur,49.0,120.0,Not Applicable,Not Applicable,No,Not Applicable,107,UPI,1,4.2,4.9
2024-07-03 22:57:00,CNR7942793736,Success,CID306777,Mini,Tumkur Road,Rajajinagar,84.0,95.0,Not Applicable,Not Applicable,No,Not Applicable,542,UPI,20,4.4,3.7
2024-07-05 04:09:00,CNR1984032923,Success,CID160592,Mini,Kammanahalli,Hosur Road,154.0,50.0,Not Applicable,Not Applicable,No,Not Applicable,1969,Cash,17,3.7,3.0
2024-07-03 04:44:00,CNR3593945261,Canceled by Driver,CID459652,Mini,Koramangala,MG Road,,,Not Applicable,Personal & Car related issue,Not Applicable,Not Applicable,456,Not Applicable,0,,
2024-07-01 10:21:00,CNR5942423627,Canceled by Driver,CID650932,Auto,Chamarajpet,Vijayanagar,,,Not Applicable,Personal & Car related issue,Not Applicable,Not Applicable,468,Not Applicable,0,,
2024-07-23 01:32:00,CNR4566922171,Success,CID151473,Mini,Indiranagar,Mysore Road,161.0,100.0,Not Applicable,Not Applicable,No,Not Applicable,257,Cash,8,3.7,4.1
2024-07-20 12:30:00,CNR9883505464,Success,CID421594,Mini,KR Puram,JP Nagar,273.0,45.0,Not Applicable,Not Applicable,No,Not Applicable,182,Cash,47,5.0,3.7
2024-07-12 06:01:00,CNR2380594025,Success,CID505739,Prime Plus,Hebbal,Sarjapur Road,63.0,30.0,Not Applicable,Not Applicable,Yes,Customer Demand,250,Cash,48,4.0,3.0
2024-07-01 21:34:00,CNR2273235087,Canceled by Customer,CID371373,Prime Sedan,Bannerghatta Road,Shantinagar,,,Driver is not moving towards pickup location,Not Applicable,Not Applicable,Not Applicable,207,Not Applicable,0,,
2024-07-04 08:42:00,CNR5352668359,Success,CID911204,Bike,Indiranagar,Banashankari,56.0,35.0,Not Applicable,Not Applicable,No,Not Applicable,498,Cash,16,3.4,3.3
2024-07-10 09:10:00,CNR9414976968,Success,CID783984,Auto,Malleshwaram,Vijayanagar,238.0,85.0,Not Applicable,Not Applicable,No,Not Applicable,351,Cash,10,4.5,5.0
2024-07-28 09:02:00,CNR9904283653,Success,CID470939,Mini,Basavanagudi,Richmond Town,77.0,130.0,Not Applicable,Not Applicable,No,Not Applicable,1497,Cash,17,4.3,3.1
2024-07-27 18:10:00,CNR1190624850,Success,CID235515,Bike,BTM Layout,Banashankari,161.0,105.0,Not Applicable,Not Applicable,No,Not Applicable,435,Cash,42,4.9,4.5
2024-07-16 13:22:00,CNR4727999508,Driver Not Found,CID853480,Mini,MG Road,JP Nagar,,,Not Applicable,Not Applicable,Not Applicable,Not Applicable,216,Not Applicable,0,,
2024-07-25 16:35:00,CNR1553019190,Success,CID132061,eBike,KR Puram,Peenya,63.0,45.0,Not Applicable,Not Applicable,No,Not Applicable,206,Cash,14,4.2,3.3
2024-07-16 00:37:00,CNR9930856506,Success,CID651302,Prime Sedan,Shivajinagar,MG Road,266.0,75.0,Not Applicable,Not Applicable,Yes,Other Issue,245,UPI,41,4.0,4.7
2024-07-03 10:10:00,CNR1254687160,Canceled by Driver,CID604336,eBike,Tumkur Road,Hennur,,,Not Applicable,Customer related issue,Not Applicable,Not Applicable,278,Not Applicable,0,,
2024-07-12 14:35:00,CNR7560630314,Success,CID609721,Prime Plus,BTM Layout,Langford Town,238.0,115.0,Not Applicable,Not Applicable,Yes,Other Issue,140,UPI,14,3.7,4.5
2024-07-20 21:05:00,CNR4299890123,Success,CID924709,Prime SUV,Chickpet,Marathahalli,42.0,55.0,Not Applicable,Not Applicable,No,Not Applicable,377,Cash,42,3.6,3.5
2024-07-15 07:18:00,CNR6820269759,Success,CID581836,Mini,HSR Layout,Hebbal,133.0,85.0,Not Applicable,Not Applicable,No,Not Applicable,156,Cash,28,4.4,3.3
2024-07-06 20:09:00,CNR1914028440,Success,CID179189,Auto,Shantinagar,Magadi Road,133.0,130.0,Not Applicable,Not Applicable,No,Not Applicable,340,Cash,9,4.8,3.9
2024-07-10 08:53:00,CNR2773374044,Success,CID481213,eBike,Sarjapur Road,Varthur,91.0,80.0,Not Applicable,Not Applicable,Yes,Vehicle Breakdown,161,Cash,2,4.3,4.5
2024-07-27 18:11:00,CNR2269685724,Canceled by Driver,CID203263,eBike,Jayanagar,Shivajinagar,,,Not Applicable,Customer was coughing/sick,Not Applicable,Not Applicable,286,Not Applicable,0,,
2024-07-27 20:01:00,CNR2053274200,Success,CID695409,Prime Plus,Kadugodi,Sarjapur Road,98.0,115.0,Not Applicable,Not Applicable,No,Not Applicable,597,UPI,11,4.1,4.4
2024-07-01 18:54:00,CNR9429278740,Canceled by Customer,CID865774,Auto,JP Nagar,Electronic City,,,Driver is not moving towards pickup location,Not Applicable,Not Applicable,Not Applicable,575,Not Applicable,0,,
2024-07-02 23:08:00,CNR2478098978,Success,CID798091,Auto,KR Puram,Padmanabhanagar,56.0,65.0,Not Applicable,Not Applicable,No,Not Applicable,770,Credit Card,4,4.8,3.6
2024-07-02 21:14:00,CNR4044168988,Success,CID260688,Prime SUV,Yeshwanthpur,Shantinagar,266.0,100.0,Not Applicable,Not Applicable,No,Not Applicable,490,Cash,37,3.6,3.1
2024-07-26 11:39:00,CNR3532319156,Success,CID533624,Prime Plus,MG Road,Bellandur,140.0,65.0,Not Applicable,Not Applicable,Yes,Customer Demand,161,Cash,2,4.4,4.7
2024-07-26 12:44:00,CNR8619762577,Success,CID141845,Prime SUV,Koramangala,Sarjapur Road,175.0,75.0,Not Applicable,Not Applicable,No,Not Applicable,2049,UPI,44,3.3,4.1
2024-07-02 02:59:00,CNR7384994879,Canceled by Customer,CID777401,Auto,Mysore Road,BTM Layout,,,Change of plans,Not Applicable,Not Applicable,Not Applicable,487,Not Applicable,0,,
2024-07-02 07:13:00,CNR5693250901,Success,CID662088,Auto,Ulsoor,Banashankari,63.0,110.0,Not Applicable,Not Applicable,No,Not Applicable,837,Cash,10,3.6,4.8
2024-07-22 21:41:00,CNR9518522304,Success,CID514913,Mini,Chamarajpet,Kammanahalli,112.0,80.0,Not Applicable,Not Applicable,No,Not Applicable,794,UPI,41,4.2,4.4
2024-07-20 01:56:00,CNR3894662679,Success,CID152330,eBike,Koramangala,Kammanahalli,224.0,85.0,Not Applicable,Not Applicable,No,Not Applicable,886,UPI,42,3.8,4.4
2024-07-23 18:11:00,CNR3148286620,Success,CID542563,Auto,Shantinagar,Mysore Road,217.0,60.0,Not Applicable,Not Applicable,No,Not Applicable,847,Credit Card,5,3.7,3.5
2024-07-03 04:15:00,CNR2210779038,Success,CID800218,Prime Sedan,Peenya,Bellandur,175.0,35.0,Not Applicable,Not Applicable,No,Not Applicable,168,UPI,10,4.9,3.1
2024-07-14 00:23:00,CNR8826354623,Success,CID982583,Auto,Jayanagar,RT Nagar,105.0,80.0,Not Applicable,Not Applicable,No,Not Applicable,328,UPI,4,4.2,4.5
2024-07-04 03:10:00,CNR7184680740,Success,CID110047,Prime Sedan,Jayanagar,Hennur,161.0,55.0,Not Applicable,Not Applicable,No,Not Applicable,220,Cash,12,4.9,3.8
2024-07-06 00:58:00,CNR8602831344,Success,CID557282,Auto,Ramamurthy Nagar,Bannerghatta Road,147.0,85.0,Not Applicable,Not Applicable,No,Not Applicable,454,Cash,2,3.1,4.1
2024-07-22 12:04:00,CNR1586286720,Canceled by Driver,CID153445,Prime Sedan,MG Road,Nagarbhavi,,,Not Applicable,More than permitted people in there,Not Applicable,Not Applicable,375,Not Applicable,0,,
2024-07-28 17:14:00,CNR5405814827,Success,CID902921,Prime Plus,Jayanagar,Peenya,49.0,75.0,Not Applicable,Not Applicable,No,Not Applicable,343,Cash,1,4.3,3.4
2024-07-06 06:44:00,CNR5673307117,Success,CID359756,Prime Plus,Sahakar Nagar,Yeshwanthpur,210.0,110.0,Not Applicable,Not Applicable,No,Not Applicable,181,UPI,6,5.0,5.0
2024-07-18 07:52:00,CNR3181570676,Success,CID982383,Bike,Rajajinagar,Malleshwaram,91.0,100.0,Not Applicable,Not Applicable,No,Not Applicable,898,UPI,1,4.5,4.2
2024-07-26 19:37:00,CNR2155254836,Driver Not Found,CID533928,Prime Sedan,Hebbal,Nagarbhavi,,,Not Applicable,Not Applicable,Not Applicable,Not Applicable,1662,Not Applicable,0,,
2024-07-14 16:31:00,CNR5792597714,Canceled by Customer,CID754276,Prime Plus,Hulimavu,Hebbal,,,Driver asked to cancel,Not Applicable,Not Applicable,Not Applicable,606,Not Applicable,0,,
2024-07-18 11:48:00,CNR6421330040,Success,CID201490,Prime Plus,KR Puram,Padmanabhanagar,63.0,45.0,Not Applicable,Not Applicable,No,Not Applicable,414,UPI,28,4.3,3.0
2024-07-15 12:58:00,CNR6243534697,Success,CID354572,Bike,Sahakar Nagar,Shivajinagar,266.0,105.0,Not Applicable,Not Applicable,No,Not Applicable,683,Cash,30,3.1,4.6
2024-07-28 15:34:00,CNR5600802796,Canceled by Customer,CID703895,Auto,Nagarbhavi,Tumkur Road,,,AC is Not working,Not Applicable,Not Applicable,Not Applicable,254,Not Applicable,0,,
2024-07-06 00:40:00,CNR3623926054,Driver Not Found,CID914067,Prime Sedan,Vijayanagar,Sarjapur Road,,,Not Applicable,Not Applicable,Not Applicable,Not Applicable,1616,Not Applicable,0,,
2024-07-28 21:47:00,CNR3418502959,Canceled by Customer,CID432963,Prime Sedan,Whitefield,Ulsoor,,,Wrong Address,Not Applicable,Not Applicable,Not Applicable,220,Not Applicable,0,,
2024-07-04 20:24:00,CNR4801411053,Canceled by Customer,CID223085,Mini,KR Puram,Sahakar Nagar,,,Driver is not moving towards pickup location,Not Applicable,Not Applicable,Not Applicable,1354,Not Applicable,0,,
2024-07-14 01:55:00,CNR8272324138,Success,CID934153,Prime SUV,Jayanagar,Basavanagudi,161.0,25.0,Not Applicable,Not Applicable,No,Not Applicable,400,UPI,11,3.8,4.8
2024-07-11 04:29:00,CNR3774291621,Canceled by Customer,CID800789,Prime Plus,Koramangala,Rajarajeshwari Nagar,,,Driver asked to cancel,Not Applicable,Not Applicable,Not Applicable,836,Not Applicable,0,,
2024-07-26 14:23:00,CNR4190836646,Canceled by Customer,CID488466,eBike,Marathahalli,Rajarajeshwari Nagar,,,AC is Not working,Not Applicable,Not Applicable,Not Applicable,232,Not Applicable,0,,
2024-07-02 12:53:00,CNR6188076990,Success,CID120858,Bike,Sarjapur Road,Cox Town,245.0,35.0,Not Applicable,Not Applicable,No,Not Applicable,249,Cash,41,4.5,3.5
2024-07-12 10:33:00,CNR2981743327,Driver Not Found,CID804964,Mini,Yelahanka,Indiranagar,,,Not Applicable,Not Applicable,Not Applicable,Not Applicable,327,Not Applicable,0,,
2024-07-23 16:37:00,CNR6365596233,Canceled by Driver,CID416347,Prime Plus,Vijayanagar,Hosur Road,,,Not Applicable,More than permitted people in there,Not Applicable,Not Applicable,216,Not Applicable,0,,
2024-07-09 15:52:00,CNR2304727968,Success,CID369441,Prime Plus,HSR Layout,Magadi Road,119.0,115.0,Not Applicable,Not Applicable,No,Not Applicable,2303,UPI,11,4.6,3.6
2024-07-23 03:52:00,CNR8796858676,Canceled by Driver,CID170945,eBike,Koramangala,Rajajinagar,,,Not Applicable,Customer related issue,Not Applicable,Not Applicable,119,Not Applicable,0,,
2024-07-02 15:57:00,CNR5518193528,Success,CID377667,Bike,MG Road,Kadugodi,273.0,50.0,Not Applicable,Not Applicable,No,Not Applicable,186,UPI,9,4.8,4.7
2024-07-30 10:20:00,CNR8074554068,Success,CID672486,Mini,Banashankari,Padmanabhanagar,119.0,35.0,Not Applicable,Not Applicable,No,Not Applicable,775,Cash,25,3.1,3.7
2024-07-04 10:03:00,CNR6433132963,Success,CID869238,eBike,RT Nagar,Rajarajeshwari Nagar,56.0,55.0,Not Applicable,Not Applicable,No,Not Applicable,333,UPI,21,4.6,4.5
2024-07-14 04:58:00,CNR4686162214,Success,CID700310,Prime Plus,Devanahalli,Ramamurthy Nagar,280.0,25.0,Not Applicable,Not Applicable,No,Not Applicable,521,Cash,38,4.9,4.0
2024-07-15 13:30:00,CNR4698705845,Success,CID821049,Mini,Nagarbhavi,Kadugodi,147.0,45.0,Not Applicable,Not Applicable,No,Not Applicable,366,UPI,1,4.1,3.3
2024-07-25 11:06:00,CNR2389244738,Success,CID818126,Auto,Marathahalli,JP Nagar,252.0,65.0,Not Applicable,Not Applicable,No,Not Applicable,963,Credit Card,7,4.1,3.2
2024-07-30 05:55:00,CNR5311200713,Success,CID523306,Prime Sedan,Majestic,Kadugodi,203.0,25.0,Not Applicable,Not Applicable,No,Not Applicable,1216,Cash,41,3.7,3.3
2024-07-02 11:10:00,CNR3982014198,Success,CID814415,Bike,BTM Layout,BTM Layout,210.0,25.0,Not Applicable,Not Applicable,Yes,Customer Demand,207,Cash,18,4.2,3.2
2024-07-27 08:32:00,CNR9926836454,Success,CID414113,eBike,Hosur Road,Frazer Town,140.0,130.0,Not Applicable,Not Applicable,No,Not Applicable,435,Cash,20,4.4,4.8
2024-07-16 06:38:00,CNR6212315546,Success,CID259815,Prime Sedan,Shivajinagar,Rajajinagar,224.0,85.0,Not Applicable,Not Applicable,No,Not Applicable,263,Cash,10,3.0,3.3
2024-07-19 09:33:00,CNR6707572222,Success,CID476460,Bike,Shivajinagar,BTM Layout,224.0,75.0,Not Applicable,Not Applicable,No,Not Applicable,421,UPI,21,3.1,4.3
2024-07-18 05:22:00,CNR3184466762,Success,CID978587,Bike,Koramangala,Kammanahalli,301.0,95.0,Not Applicable,Not Applicable,No,Not Applicable,740,UPI,5,3.8,3.7
2024-07-13 08:18:00,CNR3613601997,Success,CID836587,Auto,Peenya,Bellandur,56.0,85.0,Not Applicable,Not Applicable,No,Not Applicable,417,Cash,1,3.1,3.3
2024-07-16 12:09:00,CNR3930250335,Success,CID960808,Mini,Ramamurthy Nagar,Bannerghatta Road,154.0,75.0,Not Applicable,Not Applicable,No,Not Applicable,160,Credit Card,13,3.6,4.5
2024-07-13 04:36:00,CNR7911663621,Canceled by Customer,CID604206,Prime Plus,Kadugodi,Frazer Town,,,AC is Not working,Not Applicable,Not Applicable,Not Applicable,128,Not Applicable,0,,
2024-07-25 21:02:00,CNR1510208449,Success,CID567642,Prime Plus,Ramamurthy Nagar,JP Nagar,238.0,105.0,Not Applicable,Not Applicable,No,Not Applicable,622,Cash,16,4.9,3.1
2024-07-25 12:28:00,CNR8956255630,Success,CID771157,Auto,Chamarajpet,MG Road,175.0,140.0,Not Applicable,Not Applicable,No,Not Applicable,371,UPI,15,3.8,3.8
2024-07-09 09:00:00,CNR2692252892,Canceled by Driver,CID724304,Prime Sedan,Devanahalli,JP Nagar,,,Not Applicable,More than permitted people in there,Not Applicable,Not Applicable,223,Not Applicable,0,,
2024-07-22 07:34:00,CNR1369652314,Success,CID543130,Prime SUV,Mysore Road,Frazer Town,224.0,85.0,Not Applicable,Not Applicable,No,Not Applicable,295,UPI,19,3.1,3.7
2024-07-11 09:40:00,CNR4132338806,Canceled by Driver,CID456036,Mini,RT Nagar,Chamarajpet,,,Not Applicable,More than permitted people in there,Not Applicable,Not Applicable,382,Not Applicable,0,,
2024-07-23 09:51:00,CNR7663805982,Canceled by Driver,CID980382,Auto,Hosur Road,Hebbal,,,Not Applicable,Customer related issue,Not Applicable,Not Applicable,886,Not Applicable,0,,
2024-07-08 05:42:00,CNR7456400431,Success,CID549644,Prime Plus,Majestic,Kammanahalli,175.0,140.0,Not Applicable,Not Applicable,No,Not Applicable,391,UPI,16,3.1,5.0
2024-07-11 14:29:00,CNR2582958176,Canceled by Customer,CID836893,Auto,Yeshwanthpur,Richmond Town,,,Driver asked to cancel,Not Applicable,Not Applicable,Not Applicable,522,Not Applicable,0,,
2024-07-17 18:48:00,CNR8253120659,Success,CID934528,Prime Plus,Chamarajpet,Tumkur Road,63.0,120.0,Not Applicable,Not Applicable,No,Not Applicable,330,Cash,15,4.1,3.4
2024-07-20 05:52:00,CNR9926507599,Canceled by Driver,CID126712,Prime SUV,Shantinagar,Yelahanka,,,Not Applicable,Customer related issue,Not Applicable,Not Applicable,370,Not Applicable,0,,
2024-07-19 05:10:00,CNR7207103087,Success,CID269644,Prime SUV,Electronic City,Varthur,266.0,115.0,Not Applicable,Not Applicable,No,Not Applicable,333,UPI,47,4.4,3.6
2024-07-14 17:08:00,CNR5059590740,Driver Not Found,CID245717,Prime SUV,Electronic City,BTM Layout,,,Not Applicable,Not Applicable,Not Applicable,Not Applicable,510,Not Applicable,0,,
2024-07-16 02:28:00,CNR8072911069,Success,CID683914,Auto,Cox Town,KR Puram,112.0,135.0,Not Applicable,Not Applicable,No,Not Applicable,593,Cash,16,3.3,4.7
2024-07-08 18:09:00,CNR4652246297,Canceled by Driver,CID908828,Prime SUV,Hebbal,RT Nagar,,,Not Applicable,Personal & Car related issue,Not Applicable,Not Applicable,349,Not Applicable,0,,
2024-07-06 05:54:00,CNR9397584255,Success,CID223809,Mini,Langford Town,Varthur,273.0,45.0,Not Applicable,Not Applicable,No,Not Applicable,479,Cash,1,3.3,3.7
2024-07-26 01:49:00,CNR7926443013,Success,CID386658,Mini,Malleshwaram,Richmond Town,217.0,145.0,Not Applicable,Not Applicable,No,Not Applicable,272,Cash,1,3.5,3.7
2024-07-12 06:49:00,CNR6908215954,Success,CID673802,Bike,Rajajinagar,Ramamurthy Nagar,35.0,25.0,Not Applicable,Not Applicable,No,Not Applicable,821,UPI,38,3.5,4.0
2024-07-19 15:42:00,CNR1556411405,Success,CID920106,Prime Plus,Tumkur Road,Chickpet,56.0,95.0,Not Applicable,Not Applicable,No,Not Applicable,193,UPI,45,3.9,4.2
2024-07-28 15:19:00,CNR9481416536,Success,CID861281,Prime Plus,Devanahalli,KR Puram,91.0,145.0,Not Applicable,Not Applicable,Yes,Customer Demand,123,Cash,12,4.1,3.5
2024-07-05 08:32:00,CNR1353224877,Success,CID773955,Bike,Hosur Road,Marathahalli,224.0,55.0,Not Applicable,Not Applicable,No,Not Applicable,365,Cash,49,4.7,5.0
2024-07-20 00:16:00,CNR1180570795,Driver Not Found,CID773682,eBike,Chamarajpet,Frazer Town,,,Not Applicable,Not Applicable,Not Applicable,Not Applicable,174,Not Applicable,0,,
2024-07-13 00:22:00,CNR2554834704,Success,CID767850,Auto,Ulsoor,MG Road,35.0,85.0,Not Applicable,Not Applicable,No,Not Applicable,931,UPI,14,4.9,3.5
2024-07-21 07:47:00,CNR3959337808,Driver Not Found,CID166859,Bike,Rajarajeshwari Nagar,Hennur,,,Not Applicable,Not Applicable,Not Applicable,Not Applicable,628,Not Applicable,0,,
2024-07-20 14:09:00,CNR1266557342,Success,CID290545,Prime Sedan,KR Puram,Chamarajpet,168.0,140.0,Not Applicable,Not Applicable,No,Not Applicable,300,Cash,39,3.7,4.4
2024-07-28 13:15:00,CNR5338773178,Success,CID445365,Auto,Sarjapur Road,Ramamurthy Nagar,273.0,45.0,Not Applicable,Not Applicable,No,Not Applicable,384,UPI,10,4.0,3.2
2024-07-03 23:08:00,CNR2673495245,Driver Not Found,CID790343,Prime Plus,Bannerghatta Road,Banashankari,,,Not Applicable,Not Applicable,Not Applicable,Not Applicable,737,Not Applicable,0,,
2024-07-13 00:36:00,CNR8243878831,Success,CID152526,Prime SUV,Sahakar Nagar,Yeshwanthpur,252.0,70.0,Not Applicable,Not Applicable,No,Not Applicable,159,Cash,30,3.4,3.8
2024-07-05 12:30:00,CNR5876854540,Canceled by Driver,CID922057,eBike,MG Road,Rajajinagar,,,Not Applicable,Personal & Car related issue,Not Applicable,Not Applicable,175,Not Applicable,0,,
2024-07-28 05:48:00,CNR1695707026,Canceled by Driver,CID963599,Bike,Ramamurthy Nagar,Padmanabhanagar,,,Not Applicable,Customer was coughing/sick,Not Applicable,Not Applicable,175,Not Applicable,0,,
2024-07-25 04:39:00,CNR8655908711,Success,CID771131,Bike,Varthur,Yeshwanthpur,203.0,80.0,Not Applicable,Not Applicable,No,Not Applicable,142,Cash,15,4.8,4.9
2024-07-02 13:54:00,CNR6390235350,Success,CID874817,Prime Sedan,Chickpet,KR Puram,77.0,25.0,Not Applicable,Not Applicable,No,Not Applicable,290,Cash,14,4.3,3.4
2024-07-04 16:33:00,CNR1146506551,Success,CID807409,eBike,Richmond Town,Ramamurthy Nagar,231.0,140.0,Not Applicable,Not Applicable,No,Not Applicable,203,UPI,32,4.8,3.3
2024-07-30 10:27:00,CNR5947595998,Success,CID450884,Prime SUV,Vijayanagar,Frazer Town,56.0,65.0,Not Applicable,Not Applicable,No,Not Applicable,518,Cash,48,3.6,4.8
2024-07-24 08:06:00,CNR8528840367,Success,CID650561,Prime SUV,Koramangala,Padmanabhanagar,182.0,55.0,Not Applicable,Not Applicable,No,Not Applicable,814,UPI,15,4.5,5.0
2024-07-23 08:12:00,CNR3006090601,Driver Not Found,CID844836,Mini,Padmanabhanagar,Bellandur,,,Not Applicable,Not Applicable,Not Applicable,Not Applicable,701,Not Applicable,0,,
2024-07-18 00:13:00,CNR3389264139,Driver Not Found,CID610713,eBike,Banashankari,Peenya,,,Not Applicable,Not Applicable,Not Applicable,Not Applicable,874,Not Applicable,0,,
2024-07-30 16:44:00,CNR5530324101,Canceled by Driver,CID793461,Auto,BTM Layout,Hulimavu,,,Not Applicable,Personal & Car related issue,Not Applicable,Not Applicable,1830,Not Applicable,0,,
2024-07-29 12:46:00,CNR1524362369,Canceled by Driver,CID957377,Auto,Magadi Road,Bannerghatta Road,,,Not Applicable,Personal & Car related issue,Not Applicable,Not Applicable,182,Not Applicable,0,,
2024-07-15 02:50:00,CNR9393625664,Success,CID998184,Prime Plus,Kengeri,Hebbal,133.0,65.0,Not Applicable,Not Applicable,No,Not Applicable,320,Cash,3,3.1,3.9
2024-07-27 05:16:00,CNR1193122802,Success,CID214050,Mini,Frazer Town,Rajarajeshwari Nagar,175.0,70.0,Not Applicable,Not Applicable,No,Not Applicable,419,Cash,23,4.0,3.4
2024-07-16 22:19:00,CNR1298344934,Success,CID779322,Mini,Cox Town,BTM Layout,259.0,35.0,Not Applicable,Not Applicable,No,Not Applicable,2152,Cash,7,3.2,4.3
2024-07-29 13:48:00,CNR7647845466,Success,CID763732,Prime SUV,Devanahalli,Richmond Town,203.0,55.0,Not Applicable,Not Applicable,No,Not Applicable,281,UPI,30,4.1,4.3
2024-07-08 08:35:00,CNR1830543610,Canceled by Driver,CID734874,eBike,HSR Layout,Hennur,,,Not Applicable,Customer related issue,Not Applicable,Not Applicable,497,Not Applicable,0,,
2024-07-05 07:24:00,CNR3492152001,Success,CID644107,Auto,Indiranagar,BTM Layout,147.0,60.0,Not Applicable,Not Applicable,No,Not Applicable,613,UPI,13,4.3,3.0
2024-07-18 03:25:00,CNR9427160066,Success,CID253659,Prime Plus,Vijayanagar,Vijayanagar,154.0,100.0,Not Applicable,Not Applicable,No,Not Applicable,2139,UPI,42,3.6,4.2
2024-07-17 12:48:00,CNR9559316340,Success,CID702703,Prime Plus,Yeshwanthpur,Devanahalli,49.0,100.0,Not Applicable,Not Applicable,No,Not Applicable,921,UPI,21,4.4,4.5
2024-07-27 04:33:00,CNR6438436070,Driver Not Found,CID609957,Prime Plus,Koramangala,Basavanagudi,,,Not Applicable,Not Applicable,Not Applicable,Not Applicable,459,Not Applicable,0,,
2024-07-18 18:24:00,CNR2284622214,Canceled by Driver,CID701334,Bike,Devanahalli,Banashankari,,,Not Applicable,Customer was coughing/sick,Not Applicable,Not Applicable,439,Not Applicable,0,,
2024-07-29 02:12:00,CNR8575534060,Success,CID835780,Prime SUV,MG Road,Cox Town,231.0,140.0,Not Applicable,Not Applicable,No,Not Applicable,348,Cash,8,4.1,3.2
2024-07-01 03:20:00,CNR7025064125,Success,CID310618,Prime SUV,Marathahalli,Varthur,273.0,35.0,Not Applicable,Not Applicable,No,Not Applicable,298,UPI,15,4.8,3.4
2024-07-07 04:32:00,CNR4507885551,Canceled by Driver,CID862784,Prime Sedan,Marathahalli,MG Road,,,Not Applicable,Customer was coughing/sick,Not Applicable,Not Applicable,489,Not Applicable,0,,
2024-07-25 13:30:00,CNR2178310030,Success,CID246186,Mini,Basavanagudi,Cox Town,147.0,85.0,Not Applicable,Not Applicable,Yes,Customer Demand,489,Cash,27,4.2,3.0
2024-07-21 19:34:00,CNR5683905890,Canceled by Customer,CID879741,eBike,Peenya,JP Nagar,,,Driver asked to cancel,Not Applicable,Not Applicable,Not Applicable,251,Not Applicable,0,,
2024-07-25 08:51:00,CNR6317706777,Canceled by Driver,CID975422,Prime SUV,Rajajinagar,MG Road,,,Not Applicable,Personal & Car related issue,Not Applicable,Not Applicable,396,Not Applicable,0,,
2024-07-27 06:38:00,CNR4255399210,Success,CID310329,Mini,Vijayanagar,Hosur Road,182.0,35.0,Not Applicable,Not Applicable,No,Not Applicable,791,Cash,29,3.2,4.2
2024-07-01 04:32:00,CNR1778699336,Success,CID157662,Mini,Yelahanka,Mysore Road,91.0,130.0,Not Applicable,Not Applicable,No,Not Applicable,366,Cash,6,3.2,3.8
2024-07-07 01:49:00,CNR5222725372,Canceled by Driver,CID876778,Mini,Hennur,Cox Town,,,Not Applicable,Personal & Car related issue,Not Applicable,Not Applicable,441,Not Applicable,0,,
2024-07-18 10:31:00,CNR6195369448,Success,CID286453,eBike,Nagarbhavi,RT Nagar,294.0,65.0,Not Applicable,Not Applicable,Yes,Vehicle Breakdown,811,Credit Card,5,4.7,5.0
2024-07-18 01:09:00,CNR6103042211,Success,CID413792,Prime Plus,Banashankari,Koramangala,287.0,45.0,Not Applicable,Not Applicable,No,Not Applicable,193,Cash,33,5.0,4.8
2024-07-03 08:54:00,CNR9560659579,Canceled by Driver,CID339335,Auto,Mysore Road,Basavanagudi,,,Not Applicable,Personal & Car related issue,Not Applicable,Not Applicable,394,Not Applicable,0,,
2024-07-03 18:38:00,CNR5805250853,Success,CID687880,Auto,Ramamurthy Nagar,JP Nagar,119.0,50.0,Not Applicable,Not Applicable,No,Not Applicable,365,Debit Card,10,3.3,4.2
2024-07-20 07:12:00,CNR8694812692,Success,CID374328,Prime SUV,Majestic,Cox Town,119.0,140.0,Not Applicable,Not Applicable,No,Not Applicable,124,Cash,25,4.1,4.9
2024-07-13 03:30:00,CNR8167708745,Success,CID442767,Mini,Rajajinagar,Tumkur Road,35.0,40.0,Not Applicable,Not Applicable,No,Not Applicable,269,Cash,22,4.0,4.3
2024-07-15 07:03:00,CNR9710481859,Success,CID390446,Prime Plus,Marathahalli,BTM Layout,63.0,100.0,Not Applicable,Not Applicable,No,Not Applicable,390,UPI,7,4.0,3.4
2024-07-11 00:53:00,CNR4716369940,Success,CID960960,Prime Plus,Frazer Town,Varthur,56.0,95.0,Not Applicable,Not Applicable,No,Not Applicable,433,UPI,26,3.4,3.4
2024-07-12 01:58:00,CNR7917102166,Success,CID675201,Prime Sedan,Electronic City,Frazer Town,273.0,60.0,Not Applicable,Not Applicable,No,Not Applicable,223,Cash,36,3.9,4.2
2024-07-10 05:45:00,CNR1997759128,Canceled by Customer,CID721017,Auto,Whitefield,Indiranagar,,,Driver asked to cancel,Not Applicable,Not Applicable,Not Applicable,101,Not Applicable,0,,
2024-07-07 10:29:00,CNR2696637686,Success,CID747837,Mini,Basavanagudi,Varthur,245.0,115.0,Not Applicable,Not Applicable,No,Not Applicable,941,UPI,32,3.4,3.1
2024-07-23 07:05:00,CNR8099325220,Success,CID427313,Bike,Bellandur,Basavanagudi,294.0,75.0,Not Applicable,Not Applicable,No,Not Applicable,199,UPI,26,4.2,4.8
2024-07-18 05:24:00,CNR4351106399,Success,CID894114,Bike,Sarjapur Road,Shantinagar,287.0,95.0,Not Applicable,Not Applicable,No,Not Applicable,239,UPI,49,4.1,3.3
2024-07-10 21:43:00,CNR7661927715,Success,CID983850,Bike,Vijayanagar,JP Nagar,49.0,60.0,Not Applicable,Not Applicable,Yes,Vehicle Breakdown,196,UPI,47,4.9,4.8
2024-07-29 18:43:00,CNR5977256041,Canceled by Driver,CID949767,Prime Plus,Hulimavu,Indiranagar,,,Not Applicable,More than permitted people in there,Not Applicable,Not Applicable,113,Not Applicable,0,,
2024-07-02 03:05:00,CNR7382109441,Success,CID835498,Auto,Chamarajpet,Magadi Road,105.0,65.0,Not Applicable,Not Applicable,No,Not Applicable,701,UPI,18,4.9,3.1
2024-07-12 18:04:00,CNR6139262951,Success,CID913018,Prime Plus,Chamarajpet,Tumkur Road,280.0,85.0,Not Applicable,Not Applicable,No,Not Applicable,418,UPI,35,3.1,3.8
2024-07-10 06:00:00,CNR7178298586,Success,CID565860,Mini,JP Nagar,Rajarajeshwari Nagar,105.0,25.0,Not Applicable,Not Applicable,No,Not Applicable,207,Cash,7,4.2,4.2
2024-07-21 15:21:00,CNR2077605508,Canceled by Customer,CID409366,Auto,JP Nagar,Jayanagar,,,Wrong Address,Not Applicable,Not Applicable,Not Applicable,442,Not Applicable,0,,
2024-07-06 11:38:00,CNR4096988477,Success,CID481965,eBike,Sahakar Nagar,HSR Layout,105.0,60.0,Not Applicable,Not Applicable,No,Not Applicable,431,Cash,30,4.7,4.9
2024-07-18 04:07:00,CNR6815029969,Canceled by Driver,CID147505,Prime SUV,Rajajinagar,Hebbal,,,Not Applicable,Customer was coughing/sick,Not Applicable,Not Applicable,276,Not Applicable,0,,
2024-07-15 07:55:00,CNR9158186347,Canceled by Customer,CID475195,Prime SUV,Padmanabhanagar,Majestic,,,Driver asked to cancel,Not Applicable,Not Applicable,Not Applicable,495,Not Applicable,0,,
2024-07-21 15:01:00,CNR2862552984,Driver Not Found,CID808154,Prime Sedan,Tumkur Road,Ulsoor,,,Not Applicable,Not Applicable,Not Applicable,Not Applicable,207,Not Applicable,0,,
2024-07-06 05:39:00,CNR2007410550,Success,CID527590,eBike,Basavanagudi,Nagarbhavi,189.0,120.0,Not Applicable,Not Applicable,No,Not Applicable,469,Cash,42,4.4,4.5
2024-07-09 19:08:00,CNR4206773993,Driver Not Found,CID948070,Prime Plus,Chickpet,Magadi Road,,,Not Applicable,Not Applicable,Not Applicable,Not Applicable,343,Not Applicable,0,,
2024-07-24 14:06:00,CNR8745216134,Success,CID586237,Prime Plus,Cox Town,Varthur,133.0,85.0,Not Applicable,Not Applicable,No,Not Applicable,366,UPI,16,3.7,3.4
2024-07-25 17:37:00,CNR5077788748,Success,CID229695,eBike,Peenya,Whitefield,91.0,135.0,Not Applicable,Not Applicable,No,Not Applicable,152,UPI,17,4.4,4.0
2024-07-18 00:39:00,CNR2123522857,Success,CID585456,Auto,Basavanagudi,Indiranagar,308.0,125.0,Not Applicable,Not Applicable,No,Not Applicable,310,UPI,16,4.8,3.9
2024-07-26 15:50:00,CNR9198258481,Canceled by Customer,CID115326,Prime SUV,Bellandur,Hebbal,,,Change of plans,Not Applicable,Not Applicable,Not Applicable,1905,Not Applicable,0,,
2024-07-01 14:21:00,CNR2907284844,Driver Not Found,CID186878,Prime SUV,Devanahalli,KR Puram,,,Not Applicable,Not Applicable,Not Applicable,Not Applicable,191,Not Applicable,0,,
2024-07-29 12:12:00,CNR7410536186,Success,CID731756,Auto,Yelahanka,Bannerghatta Road,182.0,45.0,Not Applicable,Not Applicable,No,Not Applicable,158,UPI,17,3.7,4.9
2024-07-27 18:15:00,CNR4579415350,Success,CID143381,Auto,Hennur,Shantinagar,147.0,110.0,Not Applicable,Not Applicable,No,Not Applicable,252,UPI,7,4.2,4.0
2024-07-05 16:45:00,CNR4162884463,Driver Not Found,CID301722,Prime Plus,Padmanabhanagar,Sahakar Nagar,,,Not Applicable,Not Applicable,Not Applicable,Not Applicable,563,Not Applicable,0,,
2024-07-26 19:48:00,CNR2377936497,Canceled by Driver,CID537465,Prime Sedan,Majestic,Yelahanka,,,Not Applicable,More than permitted people in there,Not Applicable,Not Applicable,108,Not Applicable,0,,
2024-07-19 01:18:00,CNR7617347687,Success,CID715877,Bike,Jayanagar,Koramangala,231.0,25.0,Not Applicable,Not Applicable,No,Not Applicable,414,Cash,31,4.8,3.3
2024-07-27 19:16:00,CNR3292013643,Success,CID362781,Prime Sedan,Devanahalli,Electronic City,105.0,145.0,Not Applicable,Not Applicable,No,Not Applicable,150,Cash,19,3.8,4.2
2024-07-05 05:41:00,CNR1764875430,Success,CID732032,Prime Sedan,Sarjapur Road,Ulsoor,294.0,55.0,Not Applicable,Not Applicable,No,Not Applicable,593,Cash,24,3.6,4.7
2024-07-01 20:31:00,CNR8927819221,Canceled by Driver,CID465211,Prime Sedan,BTM Layout,JP Nagar,,,Not Applicable,Customer was coughing/sick,Not Applicable,Not Applicable,111,Not Applicable,0,,
2024-07-06 14:50:00,CNR6677987745,Success,CID257415,Prime Plus,Bannerghatta Road,Banashankari,294.0,50.0,Not Applicable,Not Applicable,No,Not Applicable,855,UPI,4,4.8,3.5
2024-07-06 05:56:00,CNR3584231509,Success,CID717635,Bike,Vijayanagar,Rajarajeshwari Nagar,119.0,135.0,Not Applicable,Not Applicable,No,Not Applicable,1666,Cash,26,4.3,4.4
2024-07-24 00:39:00,CNR8784701175,Success,CID588412,Prime SUV,MG Road,Cox Town,273.0,40.0,Not Applicable,Not Applicable,No,Not Applicable,218,Cash,22,3.6,4.6
2024-07-20 02:10:00,CNR3108435130,Success,CID610433,Prime Sedan,Langford Town,MG Road,301.0,70.0,Not Applicable,Not Applicable,No,Not Applicable,346,UPI,31,4.4,3.8
2024-07-12 00:07:00,CNR1354237444,Success,CID670463,Auto,Banashankari,Ulsoor,238.0,140.0,Not Applicable,Not Applicable,No,Not Applicable,725,Cash,4,4.9,4.4
2024-07-05 11:09:00,CNR7494678578,Driver Not Found,CID236863,Bike,Hebbal,BTM Layout,,,Not Applicable,Not Applicable,Not Applicable,Not Applicable,511,Not Applicable,0,,
2024-07-30 22:33:00,CNR9042874098,Success,CID719136,Prime SUV,KR Puram,Majestic,245.0,120.0,Not Applicable,Not Applicable,No,Not Applicable,288,UPI,49,4.6,4.9
2024-07-10 05:35:00,CNR5967917433,Success,CID204226,Bike,Peenya,Varthur,161.0,115.0,Not Applicable,Not Applicable,No,Not Applicable,315,Cash,1,4.7,4.5
2024-07-04 07:19:00,CNR6887631397,Success,CID820156,Prime Sedan,Ulsoor,RT Nagar,84.0,90.0,Not Applicable,Not Applicable,No,Not Applicable,203,UPI,35,3.5,3.7
2024-07-05 14:37:00,CNR2355723554,Success,CID387791,Prime SUV,Malleshwaram,Kengeri,189.0,115.0,Not Applicable,Not Applicable,No,Not Applicable,127,Cash,33,4.1,3.5
2024-07-07 04:38:00,CNR8199787207,Canceled by Customer,CID497009,Prime SUV,Chickpet,Hulimavu,,,Driver asked to cancel,Not Applicable,Not Applicable,Not Applicable,344,Not Applicable,0,,
2024-07-12 14:50:00,CNR4253004372,Success,CID124330,Prime SUV,Devanahalli,Rajajinagar,77.0,45.0,Not Applicable,Not Applicable,No,Not Applicable,361,Cash,21,4.0,4.1
2024-07-25 01:40:00,CNR7321927000,Canceled by Customer,CID795290,Mini,Majestic,Whitefield,,,Driver is not moving towards pickup location,Not Applicable,Not Applicable,Not Applicable,493,Not Applicable,0,,
2024-07-05 20:37:00,CNR5804300910,Canceled by Driver,CID386260,Prime Plus,Hulimavu,Majestic,,,Not Applicable,Customer related issue,Not Applicable,Not Applicable,1594,Not Applicable,0,,
2024-07-27 01:43:00,CNR6390532420,Canceled by Customer,CID598007,Prime Sedan,Devanahalli,Peenya,,,Driver asked to cancel,Not Applicable,Not Applicable,Not Applicable,137,Not Applicable,0,,
2024-07-07 10:52:00,CNR6985404976,Success,CID568177,Prime Sedan,Frazer Town,Malleshwaram,308.0,40.0,Not Applicable,Not Applicable,No,Not Applicable,458,UPI,47,4.9,4.1
2024-07-23 07:22:00,CNR6374654304,Canceled by Driver,CID489003,Prime SUV,KR Puram,Jayanagar,,,Not Applicable,Personal & Car related issue,Not Applicable,Not Applicable,213,Not Applicable,0,,
2024-07-17 07:09:00,CNR3833193480,Success,CID816880,Mini,Indiranagar,Peenya,280.0,85.0,Not Applicable,Not Applicable,No,Not Applicable,377,Cash,38,4.8,3.4
2024-07-07 20:41:00,CNR8997446151,Canceled by Driver,CID458388,Bike,Kammanahalli,Chickpet,,,Not Applicable,Personal & Car related issue,Not Applicable,Not Applicable,107,Not Applicable,0,,
2024-07-23 00:29:00,CNR8492518802,Success,CID163828,Mini,Ramamurthy Nagar,MG Road,294.0,125.0,Not Applicable,Not Applicable,Yes,Customer Demand,571,UPI,27,4.6,4.1
2024-07-14 02:52:00,CNR1542644144,Success,CID570218,Prime Sedan,Langford Town,Devanahalli,203.0,60.0,Not Applicable,Not Applicable,Yes,Vehicle Breakdown,684,Cash,37,4.7,4.4
2024-07-21 16:30:00,CNR8098125872,Success,CID181612,Prime Sedan,Hebbal,Rajajinagar,238.0,125.0,Not Applicable,Not Applicable,No,Not Applicable,238,Cash,7,3.0,4.1
2024-07-22 12:09:00,CNR5640975903,Canceled by Customer,CID299856,Mini,Jayanagar,Vijayanagar,,,Driver asked to cancel,Not Applicable,Not Applicable,Not Applicable,344,Not Applicable,0,,
2024-07-22 07:37:00,CNR8355581210,Success,CID253242,Prime SUV,Yelahanka,BTM Layout,161.0,70.0,Not Applicable,Not Applicable,No,Not Applicable,935,Cash,27,3.9,3.5
2024-07-05 14:21:00,CNR4026256670,Canceled by Driver,CID795261,Prime Sedan,Indiranagar,Mysore Road,,,Not Applicable,Personal & Car related issue,Not Applicable,Not Applicable,295,Not Applicable,0,,
2024-07-14 12:03:00,CNR1461274567,Success,CID599748,Auto,Tumkur Road,KR Puram,70.0,95.0,Not Applicable,Not Applicable,No,Not Applicable,108,UPI,15,3.4,4.3
2024-07-10 03:58:00,CNR5466494671,Success,CID984879,Bike,Langford Town,Chamarajpet,56.0,85.0,Not Applicable,Not Applicable,No,Not Applicable,714,UPI,35,3.6,4.6
2024-07-18 12:52:00,CNR4356355912,Success,CID720575,Prime SUV,Bannerghatta Road,Bannerghatta Road,126.0,25.0,Not Applicable,Not Applicable,No,Not Applicable,281,UPI,18,4.4,4.8
2024-07-02 18:31:00,CNR6756104400,Canceled by Driver,CID146582,Bike,Frazer Town,Kadugodi,,,Not Applicable,Personal & Car related issue,Not Applicable,Not Applicable,918,Not Applicable,0,,
2024-07-25 02:39:00,CNR9074948978,Success,CID847028,Auto,Bannerghatta Road,Varthur,231.0,70.0,Not Applicable,Not Applicable,No,Not Applicable,457,Cash,16,4.6,3.5
2024-07-06 16:38:00,CNR2011628366,Success,CID392309,Prime Plus,HSR Layout,Yelahanka,301.0,135.0,Not Applicable,Not Applicable,No,Not Applicable,230,Credit Card,11,3.5,3.5
2024-07-05 21:56:00,CNR5804790070,Success,CID680482,Mini,Richmond Town,Chamarajpet,294.0,130.0,Not Applicable,Not Applicable,No,Not Applicable,424,Cash,16,3.5,5.0
2024-07-24 05:34:00,CNR4616339008,Canceled by Customer,CID424024,Prime Sedan,Kengeri,Marathahalli,,,Wrong Address,Not Applicable,Not Applicable,Not Applicable,978,Not Applicable,0,,
2024-07-14 10:14:00,CNR8026552603,Success,CID656390,Prime SUV,Hebbal,Sarjapur Road,175.0,40.0,Not Applicable,Not Applicable,No,Not Applicable,2147,Cash,12,3.2,3.0
2024-07-09 20:11:00,CNR4497263280,Success,CID292731,Prime Plus,Chamarajpet,Richmond Town,182.0,125.0,Not Applicable,Not Applicable,No,Not Applicable,368,UPI,15,4.2,3.3
2024-07-26 04:29:00,CNR6955048066,Canceled by Customer,CID217291,Prime Sedan,Basavanagudi,MG Road,,,Driver is not moving towards pickup location,Not Applicable,Not Applicable,Not Applicable,180,Not Applicable,0,,
2024-07-05 18:23:00,CNR2511181269,Success,CID523274,Auto,Electronic City,MG Road,126.0,90.0,Not Applicable,Not Applicable,No,Not Applicable,976,UPI,12,5.0,4.4
2024-07-04 03:49:00,CNR3508718412,Success,CID694279,Prime Plus,Frazer Town,BTM Layout,266.0,100.0,Not Applicable,Not Applicable,No,Not Applicable,2274,Cash,43,3.8,4.5
2024-07-11 07:52:00,CNR1590204793,Success,CID858974,Mini,Sarjapur Road,Basavanagudi,294.0,35.0,Not Applicable,Not Applicable,No,Not Applicable,171,Cash,5,3.2,3.2
2024-07-13 08:14:00,CNR1118192592,Success,CID247460,Prime SUV,Banashankari,Yeshwanthpur,175.0,40.0,Not Applicable,Not Applicable,No,Not Applicable,539,Cash,40,4.2,4.6
2024-07-29 22:18:00,CNR7611140426,Success,CID824256,Prime Sedan,Peenya,Ramamurthy Nagar,63.0,75.0,Not Applicable,Not Applicable,No,Not Applicable,252,Cash,44,4.2,3.2
2024-07-13 21:22:00,CNR1957808744,Success,CID541176,eBike,Basavanagudi,Vijayanagar,210.0,115.0,Not Applicable,Not Applicable,No,Not Applicable,141,UPI,17,3.6,3.4
2024-07-30 12:00:00,CNR7726259695,Driver Not Found,CID433545,Bike,Devanahalli,Cox Town,,,Not Applicable,Not Applicable,Not Applicable,Not Applicable,259,Not Applicable,0,,
2024-07-23 15:52:00,CNR1765603473,Success,CID186725,Mini,Vijayanagar,Whitefield,84.0,80.0,Not Applicable,Not Applicable,No,Not Applicable,384,Cash,20,3.7,3.1
2024-07-27 17:04:00,CNR6033968511,Canceled by Driver,CID938664,Prime SUV,Cox Town,Hosur Road,,,Not Applicable,Customer related issue,Not Applicable,Not Applicable,109,Not Applicable,0,,
2024-07-25 11:59:00,CNR8640947414,Success,CID257509,Mini,RT Nagar,Nagarbhavi,238.0,115.0,Not Applicable,Not Applicable,No,Not Applicable,175,UPI,11,4.3,4.3
2024-07-24 16:06:00,CNR5405784632,Canceled by Driver,CID297527,Prime SUV,Nagarbhavi,Electronic City,,,Not Applicable,Customer related issue,Not Applicable,Not Applicable,174,Not Applicable,0,,
2024-07-22 09:19:00,CNR6498865384,Success,CID801219,Prime Sedan,Majestic,Ramamurthy Nagar,210.0,55.0,Not Applicable,Not Applicable,No,Not Applicable,255,Cash,11,3.9,4.8
2024-07-27 01:49:00,CNR5621712006,Success,CID730227,Prime SUV,Ramamurthy Nagar,Shantinagar,147.0,85.0,Not Applicable,Not Applicable,No,Not Applicable,204,UPI,40,3.4,4.5
2024-07-01 15:32:00,CNR1369416609,Success,CID127877,Prime Plus,RT Nagar,Rajajinagar,217.0,90.0,Not Applicable,Not Applicable,No,Not Applicable,176,Cash,18,3.9,3.9
2024-07-16 22:29:00,CNR7203283808,Success,CID403501,Prime SUV,Banashankari,Cox Town,105.0,25.0,Not Applicable,Not Applicable,No,Not Applicable,191,Cash,41,4.7,3.1
2024-07-21 23:57:00,CNR1855952961,Success,CID100128,eBike,Yelahanka,Marathahalli,182.0,80.0,Not Applicable,Not Applicable,No,Not Applicable,844,Cash,36,4.2,4.4
2024-07-19 15:36:00,CNR8985282123,Canceled by Customer,CID784829,Prime Sedan,Peenya,Rajarajeshwari Nagar,,,Driver is not moving towards pickup location,Not Applicable,Not Applicable,Not Applicable,321,Not Applicable,0,,
2024-07-12 09:21:00,CNR8446849887,Canceled by Driver,CID810854,Prime Sedan,Rajarajeshwari Nagar,Ulsoor,,,Not Applicable,More than permitted people in there,Not Applicable,Not Applicable,601,Not Applicable,0,,
2024-07-02 03:36:00,CNR7566448879,Success,CID135050,Prime Sedan,Varthur,Sahakar Nagar,70.0,65.0,Not Applicable,Not Applicable,No,Not Applicable,408,Cash,30,4.0,3.3
2024-07-18 06:16:00,CNR1420278855,Success,CID492290,Mini,Jayanagar,Chamarajpet,35.0,140.0,Not Applicable,Not Applicable,No,Not Applicable,170,Credit Card,40,4.7,3.8
2024-07-18 19:03:00,CNR2020878405,Success,CID332673,Mini,Bannerghatta Road,Banashankari,266.0,55.0,Not Applicable,Not Applicable,No,Not Applicable,359,Cash,42,3.1,4.1
2024-07-29 00:50:00,CNR6157996249,Canceled by Customer,CID879270,Prime Sedan,Whitefield,Varthur,,,Driver asked to cancel,Not Applicable,Not Applicable,Not Applicable,142,Not Applicable,0,,
2024-07-13 06:58:00,CNR4141552100,Canceled by Driver,CID217150,Prime SUV,Padmanabhanagar,MG Road,,,Not Applicable,Customer was coughing/sick,Not Applicable,Not Applicable,447,Not Applicable,0,,
2024-07-01 07:14:00,CNR8235972520,Driver Not Found,CID448980,Auto,Chamarajpet,Shivajinagar,,,Not Applicable,Not Applicable,Not Applicable,Not Applicable,266,Not Applicable,0,,
2024-07-04 00:24:00,CNR4348950417,Success,CID924787,Prime Plus,Banashankari,Hosur Road,140.0,40.0,Not Applicable,Not Applicable,Yes,Other Issue,2150,UPI,46,4.4,4.5
2024-07-25 17:10:00,CNR1568870262,Canceled by Customer,CID215253,Prime Sedan,Bellandur,KR Puram,,,Driver asked to cancel,Not Applicable,Not Applicable,Not Applicable,268,Not Applicable,0,,
2024-07-30 11:48:00,CNR2087170151,Success,CID272634,Bike,Chamarajpet,KR Puram,119.0,135.0,Not Applicable,Not Applicable,No,Not Applicable,185,UPI,24,3.8,4.6
2024-07-14 08:36:00,CNR5408179646,Canceled by Driver,CID649357,Prime Plus,Yelahanka,Majestic,,,Not Applicable,Customer was coughing/sick,Not Applicable,Not Applicable,301,Not Applicable,0,,
2024-07-07 04:47:00,CNR6279034984,Canceled by Customer,CID166084,Mini,Frazer Town,Yeshwanthpur,,,Change of plans,Not Applicable,Not Applicable,Not Applicable,494,Not Applicable,0,,
2024-07-14 14:43:00,CNR8383867281,Success,CID501966,Prime Sedan,Peenya,Padmanabhanagar,189.0,55.0,Not Applicable,Not Applicable,No,Not Applicable,162,Credit Card,19,3.9,3.5
2024-07-22 15:15:00,CNR4503349980,Success,CID934087,Bike,Shivajinagar,Nagarbhavi,112.0,75.0,Not Applicable,Not Applicable,No,Not Applicable,187,UPI,4,3.8,4.9
2024-07-17 07:20:00,CNR4113252707,Success,CID371150,eBike,Hosur Road,Whitefield,140.0,110.0,Not Applicable,Not Applicable,No,Not Applicable,278,Cash,10,3.1,4.9
2024-07-13 21:02:00,CNR8702512943,Success,CID197678,Prime SUV,Sahakar Nagar,RT Nagar,273.0,40.0,Not Applicable,Not Applicable,No,Not Applicable,312,Cash,21,5.0,4.4
2024-07-20 07:41:00,CNR9643315161,Success,CID589271,Prime SUV,Banashankari,KR Puram,98.0,45.0,Not Applicable,Not Applicable,No,Not Applicable,426,Cash,40,4.5,4.8
2024-07-05 16:25:00,CNR8016403240,Driver Not Found,CID323660,Prime SUV,Cox Town,Chickpet,,,Not Applicable,Not Applicable,Not Applicable,Not Applicable,748,Not Applicable,0,,
2024-07-07 17:03:00,CNR5241335217,Success,CID790049,Mini,Shantinagar,Basavanagudi,238.0,85.0,Not Applicable,Not Applicable,No,Not Applicable,305,Cash,13,4.6,3.8
2024-07-05 19:26:00,CNR4470084143,Success,CID520219,Prime SUV,Chamarajpet,Frazer Town,77.0,115.0,Not Applicable,Not Applicable,No,Not Applicable,224,UPI,36,3.1,4.5
2024-07-20 02:59:00,CNR5082046448,Canceled by Driver,CID914805,Prime Sedan,KR Puram,Richmond Town,,,Not Applicable,Personal & Car related issue,Not Applicable,Not Applicable,178,Not Applicable,0,,
2024-07-22 05:12:00,CNR5797512294,Driver Not Found,CID657895,Bike,Whitefield,Yeshwanthpur,,,Not Applicable,Not Applicable,Not Applicable,Not Applicable,490,Not Applicable,0,,
2024-07-25 15:59:00,CNR9986292806,Success,CID666917,eBike,Magadi Road,Hosur Road,175.0,30.0,Not Applicable,Not Applicable,No,Not Applicable,417,UPI,21,4.7,3.3
2024-07-18 17:40:00,CNR3363687955,Success,CID493862,Prime SUV,Rajajinagar,JP Nagar,91.0,75.0,Not Applicable,Not Applicable,No,Not Applicable,128,Cash,7,3.1,3.0
2024-07-14 18:38:00,CNR5807989045,Success,CID663728,Auto,Hennur,Frazer Town,91.0,30.0,Not Applicable,Not Applicable,No,Not Applicable,174,UPI,1,4.5,4.2
2024-07-07 07:57:00,CNR2163894456,Success,CID713290,Prime Sedan,Majestic,Hulimavu,133.0,110.0,Not Applicable,Not Applicable,No,Not Applicable,933,Cash,4,4.8,4.7
2024-07-03 03:08:00,CNR6258345236,Success,CID980639,Auto,Hulimavu,BTM Layout,105.0,105.0,Not Applicable,Not Applicable,No,Not Applicable,374,UPI,4,3.1,4.4
2024-07-16 10:45:00,CNR8004066125,Driver Not Found,CID568473,Mini,Bellandur,Kadugodi,,,Not Applicable,Not Applicable,Not Applicable,Not Applicable,215,Not Applicable,0,,
2024-07-24 16:57:00,CNR5439923285,Success,CID501962,Auto,Banashankari,Banashankari,161.0,115.0,Not Applicable,Not Applicable,No,Not Applicable,361,Cash,14,3.2,3.8
2024-07-18 19:24:00,CNR3830846592,Canceled by Customer,CID929358,Bike,Bellandur,Hennur,,,Wrong Address,Not Applicable,Not Applicable,Not Applicable,320,Not Applicable,0,,
2024-07-26 04:10:00,CNR5499077317,Success,CID515805,Bike,Indiranagar,Yeshwanthpur,308.0,25.0,Not Applicable,Not Applicable,No,Not Applicable,197,UPI,7,3.0,3.1
2024-07-27 03:34:00,CNR3225003602,Success,CID650646,Mini,Chickpet,Padmanabhanagar,91.0,40.0,Not Applicable,Not Applicable,No,Not Applicable,117,Cash,49,3.5,4.0
2024-07-07 01:14:00,CNR2806515846,Driver Not Found,CID778148,Auto,Majestic,Shivajinagar,,,Not Applicable,Not Applicable,Not Applicable,Not Applicable,498,Not Applicable,0,,
2024-07-16 15:54:00,CNR4801765672,Success,CID248483,Prime Plus,Marathahalli,Chamarajpet,77.0,100.0,Not Applicable,Not Applicable,No,Not Applicable,239,Cash,11,4.4,3.2
2024-07-26 00:07:00,CNR1449678346,Success,CID856629,Prime Plus,Langford Town,Richmond Town,77.0,140.0,Not Applicable,Not Applicable,No,Not Applicable,217,UPI,32,4.9,4.0
2024-07-06 09:09:00,CNR6701668356,Success,CID347907,Mini,Hosur Road,Richmond Town,42.0,40.0,Not Applicable,Not Applicable,No,Not Applicable,300,Cash,41,4.9,4.1
2024-07-09 16:14:00,CNR3816719734,Success,CID719174,eBike,Malleshwaram,Kengeri,266.0,45.0,Not Applicable,Not Applicable,No,Not Applicable,482,UPI,24,3.2,3.3
2024-07-03 10:28:00,CNR7844831619,Success,CID114551,Prime Sedan,Rajajinagar,MG Road,42.0,110.0,Not Applicable,Not Applicable,No,Not Applicable,461,Cash,30,4.5,4.0
2024-07-12 06:02:00,CNR3511418805,Driver Not Found,CID422687,Prime SUV,Chamarajpet,Sarjapur Road,,,Not Applicable,Not Applicable,Not Applicable,Not Applicable,853,Not Applicable,0,,
2024-07-01 22:23:00,CNR9975225371,Success,CID419696,Auto,Marathahalli,Hennur,266.0,50.0,Not Applicable,Not Applicable,No,Not Applicable,416,UPI,7,3.5,4.9
2024-07-13 12:23:00,CNR5493998909,Success,CID134484,eBike,Magadi Road,Marathahalli,231.0,40.0,Not Applicable,Not Applicable,No,Not Applicable,498,Cash,29,4.0,4.4
2024-07-13 16:34:00,CNR3366218728,Success,CID599302,Prime Plus,Padmanabhanagar,Mysore Road,77.0,85.0,Not Applicable,Not Applicable,No,Not Applicable,363,UPI,25,4.8,4.7
2024-07-14 11:50:00,CNR9946272410,Success,CID419186,Auto,JP Nagar,Kammanahalli,245.0,70.0,Not Applicable,Not Applicable,No,Not Applicable,466,Cash,7,3.5,4.5
2024-07-25 09:58:00,CNR1298801358,Canceled by Customer,CID554562,Auto,Nagarbhavi,Yelahanka,,,Driver asked to cancel,Not Applicable,Not Applicable,Not Applicable,534,Not Applicable,0,,
2024-07-04 01:43:00,CNR7279565921,Success,CID853566,Mini,Banashankari,Nagarbhavi,231.0,85.0,Not Applicable,Not Applicable,No,Not Applicable,1486,UPI,23,3.9,4.4
2024-07-27 09:24:00,CNR5283452373,Driver Not Found,CID204514,Auto,Chamarajpet,Yelahanka,,,Not Applicable,Not Applicable,Not Applicable,Not Applicable,460,Not Applicable,0,,
2024-07-19 21:07:00,CNR8564653182,Canceled by Driver,CID189782,Auto,Hennur,Nagarbhavi,,,Not Applicable,Customer related issue,Not Applicable,Not Applicable,2511,Not Applicable,0,,
2024-07-20 21:34:00,CNR7133605961,Success,CID802667,Prime Plus,Koramangala,Majestic,245.0,145.0,Not Applicable,Not Applicable,No,Not Applicable,251,UPI,8,3.6,3.1
2024-07-07 02:18:00,CNR7026822672,Success,CID440277,Prime Sedan,Ramamurthy Nagar,Koramangala,133.0,130.0,Not Applicable,Not Applicable,No,Not Applicable,350,UPI,26,3.3,4.0
2024-07-26 09:14:00,CNR3963955974,Canceled by Driver,CID917406,Prime Sedan,Hosur Road,Hulimavu,,,Not Applicable,Personal & Car related issue,Not Applicable,Not Applicable,165,Not Applicable,0,,
2024-07-18 09:57:00,CNR5773189255,Success,CID407632,Prime Sedan,Hennur,KR Puram,70.0,90.0,Not Applicable,Not Applicable,No,Not Applicable,385,Cash,15,3.3,4.0
2024-07-10 10:12:00,CNR2192616390,Canceled by Customer,CID258841,Prime SUV,Chickpet,Mysore Road,,,Driver is not moving towards pickup location,Not Applicable,Not Applicable,Not Applicable,396,Not Applicable,0,,
2024-07-18 11:39:00,CNR6229015890,Success,CID227778,Auto,Hebbal,BTM Layout,238.0,40.0,Not Applicable,Not Applicable,No,Not Applicable,434,UPI,18,4.6,4.3
2024-07-11 03:16:00,CNR9318459266,Driver Not Found,CID171668,eBike,Hennur,Rajarajeshwari Nagar,,,Not Applicable,Not Applicable,Not Applicable,Not Applicable,464,Not Applicable,0,,
2024-07-02 08:22:00,CNR8099586131,Success,CID863749,Prime Sedan,Sahakar Nagar,Bannerghatta Road,70.0,140.0,Not Applicable,Not Applicable,Yes,Vehicle Breakdown,129,UPI,27,4.1,4.9
2024-07-20 10:41:00,CNR2477661355,Success,CID900219,Prime Sedan,Cox Town,Frazer Town,63.0,140.0,Not Applicable,Not Applicable,No,Not Applicable,296,Cash,8,4.6,3.4
2024-07-10 07:07:00,CNR2826395965,Success,CID300429,eBike,Majestic,Basavanagudi,112.0,25.0,Not Applicable,Not Applicable,No,Not Applicable,513,UPI,48,3.8,3.4
2024-07-28 17:08:00,CNR9668514851,Driver Not Found,CID462461,Mini,Ulsoor,MG Road,,,Not Applicable,Not Applicable,Not Applicable,Not Applicable,655,Not Applicable,0,,
2024-07-04 13:39:00,CNR1005377322,Success,CID547968,Auto,Marathahalli,Peenya,273.0,25.0,Not Applicable,Not Applicable,No,Not Applicable,318,UPI,15,3.3,4.1
2024-07-24 08:00:00,CNR8524759931,Success,CID878737,eBike,MG Road,Ramamurthy Nagar,168.0,60.0,Not Applicable,Not Applicable,No,Not Applicable,950,Cash,46,3.3,4.3
2024-07-29 08:51:00,CNR1463546679,Canceled by Driver,CID657690,Auto,Basavanagudi,Indiranagar,,,Not Applicable,Customer was coughing/sick,Not Applicable,Not Applicable,126,Not Applicable,0,,
2024-07-05 22:38:00,CNR4156627889,Success,CID342896,Prime Sedan,Kengeri,Tumkur Road,35.0,100.0,Not Applicable,Not Applicable,No,Not Applicable,440,Cash,25,3.0,4.2
2024-07-24 06:31:00,CNR5293032160,Canceled by Driver,CID135592,Bike,Hennur,Rajajinagar,,,Not Applicable,Personal & Car related issue,Not Applicable,Not Applicable,311,Not Applicable,0,,
2024-07-08 16:02:00,CNR3077197760,Success,CID874785,Prime Plus,Kadugodi,Shantinagar,49.0,95.0,Not Applicable,Not Applicable,No,Not Applicable,148,UPI,8,4.1,3.6
2024-07-20 19:18:00,CNR5152008250,Success,CID607881,Prime Plus,Vijayanagar,RT Nagar,266.0,80.0,Not Applicable,Not Applicable,No,Not Applicable,427,UPI,2,3.7,4.3
2024-07-04 14:07:00,CNR9289937802,Driver Not Found,CID653225,Prime SUV,Yeshwanthpur,Whitefield,,,Not Applicable,Not Applicable,Not Applicable,Not Applicable,381,Not Applicable,0,,
2024-07-06 08:33:00,CNR8280503193,Driver Not Found,CID915489,eBike,Kengeri,Tumkur Road,,,Not Applicable,Not Applicable,Not Applicable,Not Applicable,2226,Not Applicable,0,,
2024-07-25 02:51:00,CNR2874973565,Canceled by Driver,CID813996,Prime Sedan,Bellandur,Banashankari,,,Not Applicable,Personal & Car related issue,Not Applicable,Not Applicable,325,Not Applicable,0,,
2024-07-09 16:19:00,CNR4011994660,Success,CID830406,Prime SUV,Kadugodi,KR Puram,91.0,85.0,Not Applicable,Not Applicable,No,Not Applicable,185,Cash,49,4.1,4.9
2024-07-03 22:30:00,CNR2419307907,Success,CID815276,Prime SUV,Peenya,Kadugodi,77.0,30.0,Not Applicable,Not Applicable,No,Not Applicable,1117,Cash,44,4.1,4.9
2024-07-23 11:35:00,CNR8678415895,Success,CID759179,Prime SUV,Rajajinagar,Yelahanka,168.0,60.0,Not Applicable,Not Applicable,No,Not Applicable,339,Cash,17,3.9,3.5
2024-07-03 12:54:00,CNR2239561169,Success,CID711474,eBike,Sahakar Nagar,MG Road,294.0,70.0,Not Applicable,Not Applicable,No,Not Applicable,134,UPI,32,3.9,3.2
2024-07-22 02:54:00,CNR8399390816,Success,CID469864,Prime Sedan,MG Road,Rajajinagar,168.0,120.0,Not Applicable,Not Applicable,Yes,Customer Demand,226,Cash,7,3.0,3.5
2024-07-13 12:18:00,CNR1473331683,Success,CID695318,Bike,RT Nagar,Nagarbhavi,105.0,120.0,Not Applicable,Not Applicable,No,Not Applicable,324,Cash,10,4.8,3.2
2024-07-24 08:00:00,CNR8415729452,Driver Not Found,CID107644,Prime Plus,Yeshwanthpur,Chickpet,,,Not Applicable,Not Applicable,Not Applicable,Not Applicable,289,Not Applicable,0,,
2024-07-21 03:49:00,CNR2810704851,Success,CID635818,Bike,Koramangala,Whitefield,147.0,35.0,Not Applicable,Not Applicable,No,Not Applicable,329,Cash,38,3.2,3.4
2024-07-17 02:46:00,CNR8622934051,Success,CID885951,Bike,Sarjapur Road,Vijayanagar,203.0,115.0,Not Applicable,Not Applicable,No,Not Applicable,480,UPI,49,3.8,3.4
2024-07-29 00:53:00,CNR1994373504,Success,CID171290,Prime Plus,Nagarbhavi,Rajajinagar,175.0,120.0,Not Applicable,Not Applicable,No,Not Applicable,197,Cash,40,4.3,4.1
2024-07-21 02:45:00,CNR3693593858,Success,CID174768,Bike,HSR Layout,Kadugodi,42.0,100.0,Not Applicable,Not Applicable,No,Not Applicable,126,UPI,25,4.6,4.8
2024-07-22 15:36:00,CNR8240166429,Canceled by Customer,CID154344,Mini,Cox Town,KR Puram,,,Driver is not moving towards pickup location,Not Applicable,Not Applicable,Not Applicable,173,Not Applicable,0,,
2024-07-30 04:41:00,CNR2223968546,Success,CID111213,Prime Plus,Banashankari,Majestic,301.0,105.0,Not Applicable,Not Applicable,No,Not Applicable,253,UPI,3,3.0,3.4
2024-07-26 15:55:00,CNR8047568568,Success,CID930083,Prime SUV,Banashankari,Magadi Road,147.0,25.0,Not Applicable,Not Applicable,No,Not Applicable,569,Cash,9,4.0,5.0
2024-07-08 21:20:00,CNR5727078464,Success,CID317538,Prime Plus,Kadugodi,Hulimavu,35.0,135.0,Not Applicable,Not Applicable,No,Not Applicable,315,Cash,5,4.5,4.4
2024-07-29 09:17:00,CNR2758778078,Canceled by Customer,CID858059,Prime Sedan,Electronic City,Jayanagar,,,Driver asked to cancel,Not Applicable,Not Applicable,Not Applicable,509,Not Applicable,0,,
2024-07-18 10:03:00,CNR6445700290,Success,CID478933,Prime Plus,Shantinagar,Electronic City,119.0,60.0,Not Applicable,Not Applicable,No,Not Applicable,675,Cash,18,4.9,4.2
2024-07-13 05:51:00,CNR5584132676,Canceled by Driver,CID304305,Prime Plus,Indiranagar,Basavanagudi,,,Not Applicable,Customer related issue,Not Applicable,Not Applicable,381,Not Applicable,0,,
2024-07-02 23:17:00,CNR7734787463,Canceled by Driver,CID295993,Prime SUV,Cox Town,Frazer Town,,,Not Applicable,Customer was coughing/sick,Not Applicable,Not Applicable,344,Not Applicable,0,,
2024-07-18 08:28:00,CNR2297794976,Canceled by Customer,CID127265,Bike,JP Nagar,Bannerghatta Road,,,Change of plans,Not Applicable,Not Applicable,Not Applicable,419,Not Applicable,0,,
2024-07-12 06:39:00,CNR3324989237,Canceled by Driver,CID654092,Prime SUV,Devanahalli,Chamarajpet,,,Not Applicable,Personal & Car related issue,Not Applicable,Not Applicable,157,Not Applicable,0,,
2024-07-11 21:05:00,CNR7332978843,Success,CID480033,Bike,Bellandur,Bellandur,147.0,125.0,Not Applicable,Not Applicable,No,Not Applicable,706,UPI,18,4.7,4.2
2024-07-29 06:58:00,CNR9626734251,Success,CID467268,Auto,MG Road,Peenya,84.0,45.0,Not Applicable,Not Applicable,No,Not Applicable,178,Cash,17,3.4,4.6
2024-07-07 12:57:00,CNR4624403996,Canceled by Driver,CID838581,Prime SUV,Frazer Town,Varthur,,,Not Applicable,Personal & Car related issue,Not Applicable,Not Applicable,430,Not Applicable,0,,
2024-07-09 15:57:00,CNR1006147523,Success,CID526377,Prime Sedan,Whitefield,Shantinagar,49.0,115.0,Not Applicable,Not Applicable,No,Not Applicable,416,UPI,20,4.1,3.4
2024-07-27 21:05:00,CNR6657798995,Success,CID381775,eBike,Frazer Town,Jayanagar,126.0,45.0,Not Applicable,Not Applicable,No,Not Applicable,451,Cash,13,4.0,4.7
2024-07-30 02:22:00,CNR8231195993,Success,CID321914,Bike,Yelahanka,Shivajinagar,119.0,95.0,Not Applicable,Not Applicable,Yes,Vehicle Breakdown,120,Cash,37,3.2,4.8
2024-07-11 08:58:00,CNR1945462591,Driver Not Found,CID965427,Auto,Shantinagar,Malleshwaram,,,Not Applicable,Not Applicable,Not Applicable,Not Applicable,132,Not Applicable,0,,
2024-07-24 00:02:00,CNR9727418472,Success,CID371208,eBike,Magadi Road,JP Nagar,196.0,100.0,Not Applicable,Not Applicable,No,Not Applicable,1555,Cash,19,3.2,3.1
2024-07-10 07:21:00,CNR9855136940,Canceled by Driver,CID627467,Prime SUV,Basavanagudi,JP Nagar,,,Not Applicable,More than permitted people in there,Not Applicable,Not Applicable,366,Not Applicable,0,,
2024-07-21 23:39:00,CNR4147734510,Canceled by Driver,CID960528,Prime SUV,Nagarbhavi,Whitefield,,,Not Applicable,Customer was coughing/sick,Not Applicable,Not Applicable,340,Not Applicable,0,,
2024-07-23 18:59:00,CNR9839975258,Driver Not Found,CID592805,Mini,Malleshwaram,Hennur,,,Not Applicable,Not Applicable,Not Applicable,Not Applicable,423,Not Applicable,0,,
2024-07-21 02:23:00,CNR7472087061,Success,CID721719,Bike,Devanahalli,Frazer Town,35.0,120.0,Not Applicable,Not Applicable,No,Not Applicable,727,UPI,27,3.6,4.6
2024-07-05 16:46:00,CNR6552666706,Canceled by Customer,CID197265,Auto,Sarjapur Road,MG Road,,,Driver is not moving towards pickup location,Not Applicable,Not Applicable,Not Applicable,556,Not Applicable,0,,
2024-07-10 12:29:00,CNR3674320457,Success,CID605639,Mini,Rajarajeshwari Nagar,Nagarbhavi,294.0,50.0,Not Applicable,Not Applicable,No,Not Applicable,197,Cash,14,3.4,3.6
2024-07-17 15:49:00,CNR5329619679,Canceled by Driver,CID308154,Auto,Chamarajpet,Electronic City,,,Not Applicable,Personal & Car related issue,Not Applicable,Not Applicable,270,Not Applicable,0,,
2024-07-23 04:50:00,CNR7933245133,Success,CID228772,Mini,Frazer Town,Hennur,154.0,100.0,Not Applicable,Not Applicable,No,Not Applicable,262,Cash,35,4.2,3.9
2024-07-14 12:49:00,CNR8554078604,Success,CID579152,Prime Sedan,Koramangala,Varthur,112.0,30.0,Not Applicable,Not Applicable,No,Not Applicable,358,Cash,38,4.5,4.4
2024-07-13 07:28:00,CNR9475120816,Canceled by Driver,CID718670,Prime SUV,Tumkur Road,Kammanahalli,,,Not Applicable,Personal & Car related issue,Not Applicable,Not Applicable,150,Not Applicable,0,,
2024-07-15 23:06:00,CNR3982802977,Canceled by Driver,CID817424,Auto,Langford Town,Richmond Town,,,Not Applicable,Personal & Car related issue,Not Applicable,Not Applicable,112,Not Applicable,0,,
2024-07-03 21:04:00,CNR4513172026,Success,CID235302,Bike,Padmanabhanagar,Tumkur Road,259.0,60.0,Not Applicable,Not Applicable,No,Not Applicable,865,UPI,37,4.2,4.3
2024-07-16 22:37:00,CNR4674396134,Canceled by Driver,CID228880,Auto,Malleshwaram,Hebbal,,,Not Applicable,Customer related issue,Not Applicable,Not Applicable,1622,Not Applicable,0,,
2024-07-26 09:29:00,CNR9702816155,Success,CID870923,Auto,Sarjapur Road,Ulsoor,154.0,60.0,Not Applicable,Not Applicable,No,Not Applicable,371,Cash,11,4.0,4.3
2024-07-08 11:55:00,CNR8351889867,Success,CID134270,Mini,Kengeri,HSR Layout,301.0,50.0,Not Applicable,Not Applicable,No,Not Applicable,178,Cash,14,3.3,3.8
2024-07-25 12:41:00,CNR5576198346,Canceled by Customer,CID157196,Auto,Ulsoor,Frazer Town,,,AC is Not working,Not Applicable,Not Applicable,Not Applicable,2844,Not Applicable,0,,
2024-07-13 09:28:00,CNR7506163175,Success,CID676167,Prime SUV,Whitefield,Sarjapur Road,189.0,125.0,Not Applicable,Not Applicable,No,Not Applicable,321,Cash,44,4.6,4.2
2024-07-08 16:09:00,CNR6975123564,Success,CID507165,Prime SUV,Hebbal,Chamarajpet,119.0,100.0,Not Applicable,Not Applicable,No,Not Applicable,860,UPI,47,3.1,3.6
2024-07-10 01:29:00,CNR5826102807,Success,CID294863,eBike,Rajarajeshwari Nagar,Ramamurthy Nagar,140.0,85.0,Not Applicable,Not Applicable,No,Not Applicable,434,Cash,27,4.4,3.4
2024-07-29 22:37:00,CNR3925420462,Success,CID612029,Auto,Hosur Road,Chamarajpet,189.0,130.0,Not Applicable,Not Applicable,No,Not Applicable,339,Cash,13,3.9,4.6
2024-07-17 04:37:00,CNR4162143315,Success,CID385568,eBike,Koramangala,Rajarajeshwari Nagar,196.0,105.0,Not Applicable,Not Applicable,No,Not Applicable,634,UPI,48,4.4,4.9
2024-07-02 20:38:00,CNR6175042537,Success,CID597215,Auto,Tumkur Road,Cox Town,168.0,130.0,Not Applicable,Not Applicable,No,Not Applicable,343,UPI,15,4.9,4.1
2024-07-13 20:15:00,CNR1450185316,Success,CID273285,Bike,Whitefield,Cox Town,77.0,25.0,Not Applicable,Not Applicable,No,Not Applicable,311,Credit Card,35,4.3,4.9
2024-07-23 13:43:00,CNR7361757786,Success,CID893606,Bike,Shivajinagar,Jayanagar,294.0,125.0,Not Applicable,Not Applicable,No,Not Applicable,151,Cash,9,3.9,3.5
2024-07-05 19:45:00,CNR8859385758,Success,CID974779,Prime Plus,Padmanabhanagar,BTM Layout,175.0,110.0,Not Applicable,Not Applicable,No,Not Applicable,181,UPI,40,4.0,3.6
2024-07-11 11:45:00,CNR4276195574,Canceled by Driver,CID125491,Prime Plus,Shantinagar,Peenya,,,Not Applicable,Customer was coughing/sick,Not Applicable,Not Applicable,729,Not Applicable,0,,
2024-07-21 12:10:00,CNR8409407288,Canceled by Driver,CID398867,Prime Plus,HSR Layout,HSR Layout,,,Not Applicable,Customer related issue,Not Applicable,Not Applicable,261,Not Applicable,0,,
2024-07-29 09:32:00,CNR6203630472,Success,CID982603,eBike,Shivajinagar,Peenya,77.0,140.0,Not Applicable,Not Applicable,No,Not Applicable,967,Cash,25,4.4,3.8
2024-07-17 02:45:00,CNR4701450825,Success,CID790251,Mini,Sahakar Nagar,Nagarbhavi,287.0,45.0,Not Applicable,Not Applicable,No,Not Applicable,392,UPI,13,3.5,3.9
2024-07-20 17:03:00,CNR1060294836,Success,CID200382,eBike,BTM Layout,Hebbal,182.0,105.0,Not Applicable,Not Applicable,No,Not Applicable,471,Cash,34,3.4,3.5
2024-07-02 19:15:00,CNR5295015186,Success,CID734803,Prime Sedan,Jayanagar,Basavanagudi,287.0,70.0,Not Applicable,Not Applicable,No,Not Applicable,106,Cash,6,4.7,4.8
2024-07-27 20:38:00,CNR8782891642,Success,CID511997,Prime Sedan,KR Puram,Ramamurthy Nagar,287.0,75.0,Not Applicable,Not Applicable,No,Not Applicable,184,UPI,45,4.5,3.7
2024-07-16 12:23:00,CNR2118575918,Canceled by Customer,CID334352,Bike,Langford Town,Peenya,,,Driver is not moving towards pickup location,Not Applicable,Not Applicable,Not Applicable,1653,Not Applicable,0,,
2024-07-27 05:58:00,CNR2181218306,Success,CID368225,Auto,Peenya,Rajajinagar,84.0,70.0,Not Applicable,Not Applicable,No,Not Applicable,653,UPI,10,4.8,4.4
2024-07-26 17:23:00,CNR4128131363,Canceled by Driver,CID548281,Prime Plus,Hosur Road,MG Road,,,Not Applicable,Customer related issue,Not Applicable,Not Applicable,263,Not Applicable,0,,
2024-07-21 19:42:00,CNR7217028203,Success,CID872776,Prime Plus,Mysore Road,Koramangala,168.0,60.0,Not Applicable,Not Applicable,No,Not Applicable,221,Cash,42,4.4,3.5
2024-07-04 19:20:00,CNR2093136176,Canceled by Customer,CID517783,Auto,Majestic,JP Nagar,,,Driver asked to cancel,Not Applicable,Not Applicable,Not Applicable,343,Not Applicable,0,,
2024-07-11 22:15:00,CNR7211558700,Success,CID271694,Prime SUV,Yeshwanthpur,Shivajinagar,42.0,55.0,Not Applicable,Not Applicable,No,Not Applicable,169,UPI,34,3.8,4.6
2024-07-18 13:47:00,CNR8499048725,Success,CID736936,Bike,Yeshwanthpur,Malleshwaram,308.0,130.0,Not Applicable,Not Applicable,No,Not Applicable,2773,Cash,35,3.2,4.6
2024-07-06 17:49:00,CNR2394440591,Canceled by Driver,CID364642,Prime Sedan,Vijayanagar,Rajajinagar,,,Not Applicable,Personal & Car related issue,Not Applicable,Not Applicable,973,Not Applicable,0,,
2024-07-24 20:43:00,CNR1504926377,Driver Not Found,CID365376,Mini,Marathahalli,Nagarbhavi,,,Not Applicable,Not Applicable,Not Applicable,Not Applicable,129,Not Applicable,0,,
2024-07-05 14:12:00,CNR3131664330,Canceled by Driver,CID250983,Mini,Majestic,Banashankari,,,Not Applicable,More than permitted people in there,Not Applicable,Not Applicable,618,Not Applicable,0,,
2024-07-30 07:13:00,CNR9141853098,Success,CID146456,Prime SUV,Hennur,Banashankari,98.0,35.0,Not Applicable,Not Applicable,No,Not Applicable,377,UPI,5,4.4,4.1
2024-07-27 03:31:00,CNR5033529475,Success,CID497993,eBike,Richmond Town,Marathahalli,301.0,80.0,Not Applicable,Not Applicable,No,Not Applicable,258,UPI,16,3.5,4.9
2024-07-22 08:22:00,CNR2462638510,Success,CID683876,Prime Sedan,Indiranagar,Padmanabhanagar,308.0,65.0,Not Applicable,Not Applicable,No,Not Applicable,227,UPI,16,4.1,4.4
2024-07-24 15:49:00,CNR4828329535,Success,CID565142,Prime Sedan,Mysore Road,Kadugodi,105.0,120.0,Not Applicable,Not Applicable,No,Not Applicable,472,UPI,6,4.8,3.2
2024-07-14 15:28:00,CNR1582322707,Success,CID458353,Bike,JP Nagar,Yelahanka,273.0,40.0,Not Applicable,Not Applicable,No,Not Applicable,1956,Cash,47,4.7,4.6
2024-07-14 00:15:00,CNR4199622537,Canceled by Driver,CID154862,Prime Plus,Magadi Road,Rajarajeshwari Nagar,,,Not Applicable,More than permitted people in there,Not Applicable,Not Applicable,579,Not Applicable,0,,
2024-07-12 09:50:00,CNR1295796846,Success,CID446918,Prime Plus,Padmanabhanagar,Banashankari,273.0,95.0,Not Applicable,Not Applicable,No,Not Applicable,342,Cash,19,4.4,3.2
2024-07-05 21:38:00,CNR8921402223,Success,CID175656,Prime Plus,Malleshwaram,Hebbal,245.0,40.0,Not Applicable,Not Applicable,Yes,Vehicle Breakdown,321,Credit Card,40,4.7,3.5
2024-07-30 01:08:00,CNR9604602972,Canceled by Driver,CID459950,Bike,Bellandur,Indiranagar,,,Not Applicable,Customer was coughing/sick,Not Applicable,Not Applicable,310,Not Applicable,0,,
2024-07-18 13:55:00,CNR9755038547,Success,CID960012,eBike,Indiranagar,Peenya,133.0,80.0,Not Applicable,Not Applicable,No,Not Applicable,255,UPI,13,3.0,4.8
2024-07-16 03:39:00,CNR7299957533,Success,CID490038,Prime Sedan,Indiranagar,Mysore Road,301.0,70.0,Not Applicable,Not Applicable,No,Not Applicable,1387,Cash,13,3.6,4.7
2024-07-02 10:56:00,CNR8123075287,Success,CID163459,Prime Sedan,Chamarajpet,Bannerghatta Road,308.0,130.0,Not Applicable,Not Applicable,No,Not Applicable,222,Cash,21,4.6,4.3
2024-07-27 23:14:00,CNR8119371379,Canceled by Customer,CID623223,Auto,Devanahalli,HSR Layout,,,Driver asked to cancel,Not Applicable,Not Applicable,Not Applicable,1403,Not Applicable,0,,
2024-07-02 17:49:00,CNR4529123691,Success,CID110972,Bike,Cox Town,Ramamurthy Nagar,231.0,50.0,Not Applicable,Not Applicable,No,Not Applicable,709,UPI,6,4.3,3.6
2024-07-29 04:51:00,CNR3767140378,Canceled by Driver,CID958210,Auto,Tumkur Road,Tumkur Road,,,Not Applicable,Customer related issue,Not Applicable,Not Applicable,300,Not Applicable,0,,
2024-07-01 15:03:00,CNR6326824501,Canceled by Driver,CID960378,Prime SUV,Ulsoor,HSR Layout,,,Not Applicable,Personal & Car related issue,Not Applicable,Not Applicable,981,Not Applicable,0,,
2024-07-13 12:34:00,CNR4380765999,Canceled by Driver,CID622922,Auto,Yelahanka,Hennur,,,Not Applicable,More than permitted people in there,Not Applicable,Not Applicable,329,Not Applicable,0,,
2024-07-19 16:16:00,CNR9310609452,Success,CID894151,Auto,Devanahalli,Vijayanagar,238.0,70.0,Not Applicable,Not Applicable,No,Not Applicable,397,UPI,5,4.8,4.8
2024-07-07 22:43:00,CNR1458702325,Canceled by Driver,CID349990,eBike,Sahakar Nagar,Banashankari,,,Not Applicable,More than permitted people in there,Not Applicable,Not Applicable,486,Not Applicable,0,,
2024-07-09 16:11:00,CNR8686498765,Canceled by Customer,CID686686,Prime Plus,Shantinagar,Cox Town,,,Wrong Address,Not Applicable,Not Applicable,Not Applicable,884,Not Applicable,0,,
2024-07-26 03:13:00,CNR7066296374,Canceled by Driver,CID981886,Mini,Whitefield,MG Road,,,Not Applicable,Customer related issue,Not Applicable,Not Applicable,320,Not Applicable,0,,
2024-07-09 19:03:00,CNR2762077336,Canceled by Driver,CID625873,Auto,Ulsoor,RT Nagar,,,Not Applicable,Customer related issue,Not Applicable,Not Applicable,153,Not Applicable,0,,
2024-07-10 22:36:00,CNR3667283704,Success,CID475250,Prime Sedan,Peenya,Hulimavu,147.0,125.0,Not Applicable,Not Applicable,No,Not Applicable,258,UPI,4,4.4,4.3
2024-07-06 19:50:00,CNR8158484620,Canceled by Driver,CID580432,Bike,Cox Town,JP Nagar,,,Not Applicable,Customer was coughing/sick,Not Applicable,Not Applicable,494,Not Applicable,0,,
2024-07-04 13:29:00,CNR4822312241,Canceled by Driver,CID920220,Prime Sedan,Langford Town,Richmond Town,,,Not Applicable,Personal & Car related issue,Not Applicable,Not Applicable,357,Not Applicable,0,,
2024-07-04 02:09:00,CNR7577433927,Canceled by Driver,CID408912,Bike,Langford Town,Yelahanka,,,Not Applicable,Personal & Car related issue,Not Applicable,Not Applicable,378,Not Applicable,0,,
2024-07-24 15:44:00,CNR7329004178,Success,CID485936,Bike,Vijayanagar,Sahakar Nagar,154.0,145.0,Not Applicable,Not Applicable,No,Not Applicable,316,Cash,16,4.2,3.9
2024-07-03 21:23:00,CNR6450597418,Success,CID715664,eBike,Devanahalli,Ulsoor,154.0,75.0,Not Applicable,Not Applicable,Yes,Vehicle Breakdown,110,UPI,18,3.6,4.5
2024-07-05 15:47:00,CNR4315712411,Success,CID708206,eBike,Chamarajpet,Varthur,147.0,90.0,Not Applicable,Not Applicable,No,Not Applicable,720,Cash,22,5.0,3.6
2024-07-04 06:53:00,CNR9806146318,Canceled by Customer,CID127461,eBike,Padmanabhanagar,Whitefield,,,AC is Not working,Not Applicable,Not Applicable,Not Applicable,396,Not Applicable,0,,
2024-07-25 16:14:00,CNR5885564219,Success,CID440083,Bike,Rajarajeshwari Nagar,Frazer Town,196.0,25.0,Not Applicable,Not Applicable,No,Not Applicable,500,UPI,26,4.1,4.9
2024-07-12 17:46:00,CNR9077010500,Driver Not Found,CID235708,Prime Sedan,RT Nagar,Malleshwaram,,,Not Applicable,Not Applicable,Not Applicable,Not Applicable,433,Not Applicable,0,,
2024-07-27 04:03:00,CNR1876278738,Success,CID618392,Mini,Nagarbhavi,Bannerghatta Road,98.0,140.0,Not Applicable,Not Applicable,No,Not Applicable,320,UPI,24,4.8,4.8
2024-07-24 07:24:00,CNR3790427402,Canceled by Customer,CID210947,Mini,Shivajinagar,Langford Town,,,AC is Not working,Not Applicable,Not Applicable,Not Applicable,613,Not Applicable,0,,
2024-07-14 19:59:00,CNR6048206517,Driver Not Found,CID970791,Mini,Cox Town,Frazer Town,,,Not Applicable,Not Applicable,Not Applicable,Not Applicable,467,Not Applicable,0,,
2024-07-09 14:35:00,CNR1260321781,Driver Not Found,CID190832,Prime SUV,Bellandur,Kadugodi,,,Not Applicable,Not Applicable,Not Applicable,Not Applicable,334,Not Applicable,0,,
2024-07-09 01:12:00,CNR3586146487,Driver Not Found,CID631278,Auto,Bannerghatta Road,Peenya,,,Not Applicable,Not Applicable,Not Applicable,Not Applicable,913,Not Applicable,0,,
2024-07-23 17:50:00,CNR9537439819,Success,CID378304,Prime Plus,Ulsoor,Cox Town,245.0,125.0,Not Applicable,Not Applicable,No,Not Applicable,452,UPI,41,3.2,3.4
2024-07-28 11:08:00,CNR8349396490,Success,CID646803,Prime Plus,Kengeri,Whitefield,119.0,105.0,Not Applicable,Not Applicable,No,Not Applicable,515,UPI,43,3.6,4.8
2024-07-09 20:28:00,CNR5211027974,Success,CID390269,Bike,JP Nagar,Sahakar Nagar,266.0,105.0,Not Applicable,Not Applicable,No,Not Applicable,191,Cash,47,4.6,4.9
2024-07-09 09:00:00,CNR1813660416,Canceled by Driver,CID620103,Bike,Yelahanka,Mysore Road,,,Not Applicable,More than permitted people in there,Not Applicable,Not Applicable,304,Not Applicable,0,,
2024-07-28 13:50:00,CNR1933457707,Canceled by Driver,CID808262,Prime Sedan,Banashankari,Whitefield,,,Not Applicable,Customer related issue,Not Applicable,Not Applicable,243,Not Applicable,0,,
2024-07-22 23:44:00,CNR3178340736,Success,CID755872,Mini,Rajarajeshwari Nagar,Peenya,217.0,145.0,Not Applicable,Not Applicable,No,Not Applicable,338,UPI,47,3.9,4.5
2024-07-19 11:52:00,CNR8412830840,Success,CID838016,Bike,KR Puram,Sahakar Nagar,154.0,85.0,Not Applicable,Not Applicable,No,Not Applicable,837,UPI,35,4.3,4.6
2024-07-07 12:12:00,CNR4797467151,Canceled by Driver,CID664384,eBike,Ulsoor,Peenya,,,Not Applicable,Personal & Car related issue,Not Applicable,Not Applicable,387,Not Applicable,0,,
2024-07-25 02:46:00,CNR8943943519,Success,CID143101,Auto,JP Nagar,Hebbal,189.0,80.0,Not Applicable,Not Applicable,No,Not Applicable,131,Cash,4,3.7,3.9
2024-07-15 18:02:00,CNR8250452539,Success,CID933177,Auto,Devanahalli,Kammanahalli,168.0,110.0,Not Applicable,Not Applicable,No,Not Applicable,147,Cash,10,3.9,4.3
2024-07-18 03:14:00,CNR4816929467,Success,CID930662,Prime SUV,Magadi Road,Hulimavu,287.0,105.0,Not Applicable,Not Applicable,No,Not Applicable,229,Cash,42,3.1,4.2
2024-07-22 07:25:00,CNR7245674751,Success,CID200017,eBike,Yelahanka,HSR Layout,112.0,145.0,Not Applicable,Not Applicable,No,Not Applicable,234,UPI,39,3.8,4.3
2024-07-14 01:20:00,CNR4395394377,Canceled by Customer,CID886114,Prime SUV,Magadi Road,RT Nagar,,,AC is Not working,Not Applicable,Not Applicable,Not Applicable,461,Not Applicable,0,,
2024-07-17 10:09:00,CNR7056124675,Success,CID396867,Prime Plus,Hulimavu,Nagarbhavi,189.0,90.0,Not Applicable,Not Applicable,No,Not Applicable,831,Cash,30,3.2,3.5
2024-07-08 13:03:00,CNR3281417247,Success,CID541104,Auto,Tumkur Road,Koramangala,238.0,35.0,Not Applicable,Not Applicable,No,Not Applicable,522,Cash,18,4.1,3.9
2024-07-24 05:45:00,CNR1616884849,Canceled by Driver,CID383102,Prime SUV,BTM Layout,Majestic,,,Not Applicable,Customer was coughing/sick,Not Applicable,Not Applicable,667,Not Applicable,0,,
2024-07-09 09:44:00,CNR7295793874,Success,CID212052,Prime Plus,Malleshwaram,Ramamurthy Nagar,252.0,60.0,Not Applicable,Not Applicable,No,Not Applicable,871,Cash,35,3.7,4.7
2024-07-11 20:00:00,CNR3645974997,Canceled by Customer,CID521599,Bike,Sarjapur Road,Hulimavu,,,Driver is not moving towards pickup location,Not Applicable,Not Applicable,Not Applicable,863,Not Applicable,0,,
2024-07-03 21:08:00,CNR1196036935,Canceled by Driver,CID396321,Prime Sedan,Yelahanka,Malleshwaram,,,Not Applicable,Customer related issue,Not Applicable,Not Applicable,130,Not Applicable,0,,
2024-07-06 22:44:00,CNR5332258213,Driver Not Found,CID496081,Auto,Magadi Road,Yelahanka,,,Not Applicable,Not Applicable,Not Applicable,Not Applicable,967,Not Applicable,0,,
2024-07-30 04:03:00,CNR7369324572,Success,CID824866,Auto,KR Puram,Electronic City,280.0,40.0,Not Applicable,Not Applicable,No,Not Applicable,147,Credit Card,11,4.5,4.0
2024-07-24 04:27:00,CNR1606044478,Success,CID656704,Bike,Ulsoor,Richmond Town,280.0,85.0,Not Applicable,Not Applicable,No,Not Applicable,459,Cash,14,3.2,4.1
2024-07-09 14:38:00,CNR7414705730,Success,CID954083,Prime SUV,RT Nagar,Mysore Road,49.0,135.0,Not Applicable,Not Applicable,No,Not Applicable,346,UPI,23,4.8,4.5
2024-07-21 00:08:00,CNR6750061457,Driver Not Found,CID428657,eBike,Yelahanka,Sarjapur Road,,,Not Applicable,Not Applicable,Not Applicable,Not Applicable,465,Not Applicable,0,,
2024-07-18 04:37:00,CNR7333575109,Success,CID135873,Mini,Ramamurthy Nagar,KR Puram,287.0,50.0,Not Applicable,Not Applicable,No,Not Applicable,2339,UPI,12,4.5,4.8
2024-07-18 20:00:00,CNR8687319131,Success,CID803983,Mini,Magadi Road,Electronic City,91.0,40.0,Not Applicable,Not Applicable,Yes,Other Issue,276,UPI,30,3.9,4.7
2024-07-25 11:16:00,CNR4818522664,Success,CID885746,Bike,Sahakar Nagar,Hosur Road,231.0,80.0,Not Applicable,Not Applicable,No,Not Applicable,934,Cash,39,3.0,3.0
2024-07-04 15:40:00,CNR9049091759,Driver Not Found,CID200867,eBike,Mysore Road,Kengeri,,,Not Applicable,Not Applicable,Not Applicable,Not Applicable,2374,Not Applicable,0,,
2024-07-17 05:36:00,CNR3289575502,Success,CID817084,eBike,Majestic,Padmanabhanagar,196.0,145.0,Not Applicable,Not Applicable,No,Not Applicable,277,UPI,47,4.7,4.8
2024-07-03 10:59:00,CNR5400440754,Success,CID548010,Bike,Banashankari,Shivajinagar,189.0,145.0,Not Applicable,Not Applicable,No,Not Applicable,230,UPI,1,4.2,4.2
2024-07-04 15:10:00,CNR9508474053,Canceled by Customer,CID492611,Prime Sedan,Bannerghatta Road,RT Nagar,,,Change of plans,Not Applicable,Not Applicable,Not Applicable,355,Not Applicable,0,,
2024-07-29 03:16:00,CNR2821127329,Canceled by Driver,CID632946,Prime Plus,Malleshwaram,HSR Layout,,,Not Applicable,Customer was coughing/sick,Not Applicable,Not Applicable,949,Not Applicable,0,,
2024-07-29 18:59:00,CNR7587595109,Canceled by Driver,CID548056,Mini,Basavanagudi,MG Road,,,Not Applicable,More than permitted people in there,Not Applicable,Not Applicable,185,Not Applicable,0,,
2024-07-22 22:37:00,CNR7520561348,Canceled by Customer,CID539064,Bike,Nagarbhavi,Marathahalli,,,AC is Not working,Not Applicable,Not Applicable,Not Applicable,1555,Not Applicable,0,,
2024-07-05 09:44:00,CNR9448272036,Canceled by Customer,CID813467,Mini,Mysore Road,Chickpet,,,Driver is not moving towards pickup location,Not Applicable,Not Applicable,Not Applicable,472,Not Applicable,0,,
2024-07-24 21:28:00,CNR1572183691,Success,CID587566,eBike,Rajajinagar,Jayanagar,35.0,90.0,Not Applicable,Not Applicable,No,Not Applicable,112,Cash,18,3.0,3.7
2024-07-27 03:38:00,CNR1159503516,Success,CID899856,Bike,Yelahanka,MG Road,308.0,55.0,Not Applicable,Not Applicable,No,Not Applicable,136,Cash,37,4.8,3.8
2024-07-11 16:40:00,CNR9073634717,Success,CID227447,Mini,Bellandur,Hulimavu,63.0,65.0,Not Applicable,Not Applicable,No,Not Applicable,231,UPI,27,3.7,3.7
2024-07-01 05:40:00,CNR8039779847,Success,CID506255,Bike,MG Road,Whitefield,308.0,140.0,Not Applicable,Not Applicable,No,Not Applicable,752,UPI,15,3.6,4.3
2024-07-07 11:03:00,CNR2681257426,Success,CID451773,Mini,Hosur Road,Rajarajeshwari Nagar,259.0,100.0,Not Applicable,Not Applicable,No,Not Applicable,399,UPI,2,3.2,3.8
2024-07-03 05:34:00,CNR5165308978,Success,CID902731,Bike,Mysore Road,Hosur Road,126.0,115.0,Not Applicable,Not Applicable,No,Not Applicable,272,Cash,11,3.2,3.0
2024-07-30 15:59:00,CNR3178271825,Success,CID769163,Auto,Sahakar Nagar,Indiranagar,154.0,65.0,Not Applicable,Not Applicable,No,Not Applicable,119,UPI,19,3.9,4.0
2024-07-08 21:19:00,CNR5097301365,Success,CID131440,Bike,Richmond Town,Devanahalli,224.0,135.0,Not Applicable,Not Applicable,No,Not Applicable,725,UPI,42,4.0,3.6
2024-07-06 02:13:00,CNR2513035334,Success,CID666256,Bike,Hennur,Chamarajpet,161.0,125.0,Not Applicable,Not Applicable,No,Not Applicable,144,UPI,42,4.4,3.2
2024-07-26 00:35:00,CNR4594163364,Canceled by Driver,CID469303,Mini,Yelahanka,Yeshwanthpur,,,Not Applicable,Customer related issue,Not Applicable,Not Applicable,220,Not Applicable,0,,
2024-07-11 07:24:00,CNR7767724308,Success,CID965331,Bike,Shivajinagar,Basavanagudi,91.0,125.0,Not Applicable,Not Applicable,No,Not Applicable,694,UPI,5,4.6,4.2
2024-07-25 07:05:00,CNR6116431877,Success,CID107241,Prime Plus,Hulimavu,Sahakar Nagar,98.0,125.0,Not Applicable,Not Applicable,No,Not Applicable,301,Cash,6,4.2,3.9
2024-07-07 16:29:00,CNR8779554551,Success,CID842169,Prime Sedan,Tumkur Road,Tumkur Road,133.0,110.0,Not Applicable,Not Applicable,No,Not Applicable,225,UPI,30,4.2,3.3
2024-07-17 06:43:00,CNR9591067582,Success,CID837127,Prime Plus,Malleshwaram,Yelahanka,210.0,145.0,Not Applicable,Not Applicable,No,Not Applicable,360,Credit Card,40,4.6,3.7
2024-07-26 07:01:00,CNR7527733132,Driver Not Found,CID903524,Mini,Langford Town,Whitefield,,,Not Applicable,Not Applicable,Not Applicable,Not Applicable,484,Not Applicable,0,,
2024-07-24 16:17:00,CNR5689963865,Canceled by Driver,CID924786,Auto,Langford Town,BTM Layout,,,Not Applicable,Customer was coughing/sick,Not Applicable,Not Applicable,340,Not Applicable,0,,
2024-07-06 16:14:00,CNR4993449150,Canceled by Driver,CID559329,eBike,Langford Town,Shivajinagar,,,Not Applicable,Personal & Car related issue,Not Applicable,Not Applicable,434,Not Applicable,0,,
2024-07-14 18:08:00,CNR8753001201,Canceled by Driver,CID983047,Prime SUV,Bannerghatta Road,Koramangala,,,Not Applicable,More than permitted people in there,Not Applicable,Not Applicable,799,Not Applicable,0,,
2024-07-03 17:13:00,CNR5065788249,Success,CID903473,Prime Sedan,Devanahalli,Vijayanagar,273.0,140.0,Not Applicable,Not Applicable,No,Not Applicable,767,Cash,29,3.8,3.8
2024-07-06 10:28:00,CNR2125901587,Canceled by Driver,CID322152,Auto,Hosur Road,Indiranagar,,,Not Applicable,Customer was coughing/sick,Not Applicable,Not Applicable,650,Not Applicable,0,,
2024-07-28 21:09:00,CNR7493359816,Success,CID477171,Prime Plus,Chickpet,Nagarbhavi,301.0,50.0,Not Applicable,Not Applicable,No,Not Applicable,342,UPI,18,4.6,4.0
2024-07-18 15:43:00,CNR5638195629,Canceled by Customer,CID624306,Bike,Padmanabhanagar,MG Road,,,Driver asked to cancel,Not Applicable,Not Applicable,Not Applicable,498,Not Applicable,0,,
2024-07-08 08:25:00,CNR8106708698,Success,CID784299,Mini,Hulimavu,Vijayanagar,42.0,55.0,Not Applicable,Not Applicable,No,Not Applicable,466,Cash,25,3.9,3.9
2024-07-03 02:29:00,CNR4852702555,Canceled by Driver,CID821449,Prime Plus,Koramangala,MG Road,,,Not Applicable,More than permitted people in there,Not Applicable,Not Applicable,323,Not Applicable,0,,
2024-07-27 08:18:00,CNR1729143506,Success,CID186109,Bike,Cox Town,Banashankari,133.0,30.0,Not Applicable,Not Applicable,No,Not Applicable,491,UPI,3,3.7,3.3
2024-07-27 07:55:00,CNR8545250775,Success,CID223322,Prime SUV,Rajarajeshwari Nagar,Kadugodi,196.0,115.0,Not Applicable,Not Applicable,No,Not Applicable,107,Cash,41,4.9,4.8
2024-07-23 22:07:00,CNR7786992291,Success,CID270845,Mini,Sahakar Nagar,Varthur,161.0,60.0,Not Applicable,Not Applicable,No,Not Applicable,294,UPI,33,3.8,4.5
2024-07-07 00:02:00,CNR1669927622,Success,CID780057,Auto,Nagarbhavi,Yelahanka,119.0,50.0,Not Applicable,Not Applicable,No,Not Applicable,565,Cash,8,4.0,3.1
2024-07-12 12:17:00,CNR4782753447,Canceled by Driver,CID598419,Auto,Marathahalli,Banashankari,,,Not Applicable,Customer was coughing/sick,Not Applicable,Not Applicable,268,Not Applicable,0,,
2024-07-12 14:49:00,CNR6399836412,Driver Not Found,CID574082,Prime Plus,BTM Layout,Langford Town,,,Not Applicable,Not Applicable,Not Applicable,Not Applicable,766,Not Applicable,0,,
2024-07-10 23:27:00,CNR9620653207,Success,CID282954,Bike,Mysore Road,Shivajinagar,217.0,110.0,Not Applicable,Not Applicable,No,Not Applicable,232,UPI,41,3.8,4.8
2024-07-13 13:38:00,CNR8443471797,Driver Not Found,CID748417,Bike,Sarjapur Road,Electronic City,,,Not Applicable,Not Applicable,Not Applicable,Not Applicable,1529,Not Applicable,0,,
2024-07-15 04:17:00,CNR5730908480,Success,CID832841,Mini,Tumkur Road,Sahakar Nagar,245.0,105.0,Not Applicable,Not Applicable,No,Not Applicable,446,UPI,22,3.4,4.8
2024-07-13 12:30:00,CNR2346733867,Success,CID327246,Mini,Majestic,Devanahalli,56.0,65.0,Not Applicable,Not Applicable,No,Not Applicable,377,Cash,4,3.5,3.7
2024-07-30 22:26:00,CNR2565717372,Success,CID749295,Prime Plus,Frazer Town,Hebbal,77.0,70.0,Not Applicable,Not Applicable,No,Not Applicable,381,UPI,42,3.7,3.5
2024-07-01 04:11:00,CNR4012274308,Canceled by Driver,CID275101,Auto,Bannerghatta Road,Yeshwanthpur,,,Not Applicable,Personal & Car related issue,Not Applicable,Not Applicable,144,Not Applicable,0,,
2024-07-15 01:39:00,CNR5830836129,Driver Not Found,CID461276,eBike,Koramangala,Hennur,,,Not Applicable,Not Applicable,Not Applicable,Not Applicable,353,Not Applicable,0,,
2024-07-27 02:43:00,CNR3343795865,Canceled by Customer,CID143632,Bike,Marathahalli,Cox Town,,,Driver is not moving towards pickup location,Not Applicable,Not Applicable,Not Applicable,136,Not Applicable,0,,
2024-07-02 10:33:00,CNR3841551517,Canceled by Customer,CID946016,eBike,Frazer Town,JP Nagar,,,AC is Not working,Not Applicable,Not Applicable,Not Applicable,2347,Not Applicable,0,,
2024-07-09 23:41:00,CNR4403357231,Success,CID267337,Prime Plus,Electronic City,Ulsoor,182.0,90.0,Not Applicable,Not Applicable,No,Not Applicable,208,UPI,29,4.5,3.6
2024-07-18 21:53:00,CNR5798235198,Canceled by Driver,CID189781,Prime SUV,Majestic,Chamarajpet,,,Not Applicable,Personal & Car related issue,Not Applicable,Not Applicable,214,Not Applicable,0,,
2024-07-23 13:12:00,CNR5185581606,Canceled by Driver,CID299217,Bike,Yeshwanthpur,Vijayanagar,,,Not Applicable,Customer related issue,Not Applicable,Not Applicable,279,Not Applicable,0,,
2024-07-19 19:22:00,CNR5044804963,Success,CID394588,Auto,Hennur,Tumkur Road,294.0,50.0,Not Applicable,Not Applicable,No,Not Applicable,580,Cash,16,3.4,4.1
2024-07-27 21:39:00,CNR9445279902,Success,CID906601,Mini,Devanahalli,Devanahalli,308.0,70.0,Not Applicable,Not Applicable,Yes,Customer Demand,185,UPI,36,3.9,3.5
2024-07-03 05:20:00,CNR3725453691,Driver Not Found,CID369487,Mini,Frazer Town,Rajajinagar,,,Not Applicable,Not Applicable,Not Applicable,Not Applicable,360,Not Applicable,0,,
2024-07-09 22:40:00,CNR7967305525,Success,CID471216,eBike,Peenya,Ulsoor,175.0,120.0,Not Applicable,Not Applicable,No,Not Applicable,158,UPI,46,3.2,4.7
2024-07-25 14:24:00,CNR8031486829,Driver Not Found,CID240388,eBike,Ramamurthy Nagar,Electronic City,,,Not Applicable,Not Applicable,Not Applicable,Not Applicable,661,Not Applicable,0,,
2024-07-06 13:57:00,CNR5838790263,Success,CID577808,Prime Plus,Hosur Road,KR Puram,140.0,50.0,Not Applicable,Not Applicable,No,Not Applicable,1842,Cash,28,3.3,4.5
2024-07-21 22:29:00,CNR2956368584,Canceled by Customer,CID824644,Prime Sedan,HSR Layout,Peenya,,,Driver is not moving towards pickup location,Not Applicable,Not Applicable,Not Applicable,1196,Not Applicable,0,,
2024-07-22 17:00:00,CNR7637739763,Success,CID742646,Prime Plus,Malleshwaram,KR Puram,182.0,25.0,Not Applicable,Not Applicable,No,Not Applicable,482,UPI,19,4.5,3.1
2024-07-24 08:27:00,CNR9968968131,Canceled by Driver,CID325436,eBike,Magadi Road,Varthur,,,Not Applicable,Customer related issue,Not Applicable,Not Applicable,164,Not Applicable,0,,
2024-07-08 20:58:00,CNR8893345859,Driver Not Found,CID956880,Prime Sedan,Majestic,Kengeri,,,Not Applicable,Not Applicable,Not Applicable,Not Applicable,443,Not Applicable,0,,
2024-07-04 16:44:00,CNR4126052716,Canceled by Driver,CID979484,Prime Sedan,Koramangala,RT Nagar,,,Not Applicable,Customer was coughing/sick,Not Applicable,Not Applicable,258,Not Applicable,0,,
2024-07-09 06:56:00,CNR5806032444,Driver Not Found,CID235263,Prime Sedan,Sahakar Nagar,BTM Layout,,,Not Applicable,Not Applicable,Not Applicable,Not Applicable,2555,Not Applicable,0,,
2024-07-19 14:04:00,CNR6486030116,Canceled by Customer,CID240642,Prime Sedan,Rajarajeshwari Nagar,Hennur,,,Driver asked to cancel,Not Applicable,Not Applicable,Not Applicable,581,Not Applicable,0,,
2024-07-08 05:44:00,CNR4115439701,Success,CID483409,Auto,BTM Layout,Hosur Road,140.0,105.0,Not Applicable,Not Applicable,No,Not Applicable,418,UPI,8,3.7,3.4
2024-07-04 05:23:00,CNR9789240054,Success,CID144675,Mini,Chamarajpet,Shantinagar,35.0,125.0,Not Applicable,Not Applicable,No,Not Applicable,899,Cash,44,4.7,4.2
2024-07-26 17:20:00,CNR8199631462,Success,CID753275,Auto,Kammanahalli,Richmond Town,189.0,125.0,Not Applicable,Not Applicable,No,Not Applicable,192,UPI,13,4.6,4.0
2024-07-10 08:11:00,CNR9778293953,Canceled by Driver,CID364491,Prime SUV,KR Puram,Magadi Road,,,Not Applicable,Customer related issue,Not Applicable,Not Applicable,254,Not Applicable,0,,
2024-07-29 09:05:00,CNR1306579688,Success,CID588802,eBike,Jayanagar,Vijayanagar,280.0,145.0,Not Applicable,Not Applicable,No,Not Applicable,646,UPI,43,3.3,4.3
2024-07-14 05:14:00,CNR9793135367,Canceled by Customer,CID252464,eBike,BTM Layout,Hennur,,,Change of plans,Not Applicable,Not Applicable,Not Applicable,977,Not Applicable,0,,
2024-07-02 01:21:00,CNR5046833202,Success,CID650966,Bike,Chamarajpet,Basavanagudi,294.0,35.0,Not Applicable,Not Applicable,No,Not Applicable,797,Credit Card,19,3.9,3.1
2024-07-29 13:41:00,CNR1087163956,Success,CID866086,Mini,HSR Layout,Sahakar Nagar,77.0,140.0,Not Applicable,Not Applicable,No,Not Applicable,970,Credit Card,35,4.2,4.1
2024-07-10 22:47:00,CNR4750067859,Success,CID489152,eBike,Kengeri,MG Road,147.0,30.0,Not Applicable,Not Applicable,No,Not Applicable,276,Cash,34,4.2,4.5
2024-07-04 02:26:00,CNR7147876601,Success,CID251731,Prime Plus,Marathahalli,Hebbal,301.0,145.0,Not Applicable,Not Applicable,No,Not Applicable,522,Cash,4,3.3,3.4
2024-07-28 23:44:00,CNR3028898034,Success,CID590234,Prime SUV,Magadi Road,Magadi Road,294.0,100.0,Not Applicable,Not Applicable,No,Not Applicable,679,Cash,20,3.1,4.4
2024-07-09 03:10:00,CNR4302158105,Success,CID440012,eBike,MG Road,Bannerghatta Road,49.0,125.0,Not Applicable,Not Applicable,No,Not Applicable,228,UPI,1,4.4,4.6
2024-07-02 05:36:00,CNR6067292214,Success,CID482536,Prime Sedan,BTM Layout,Mysore Road,84.0,35.0,Not Applicable,Not Applicable,No,Not Applicable,394,Cash,23,4.8,3.5
2024-07-11 04:05:00,CNR3350336067,Success,CID767336,eBike,Shivajinagar,Ramamurthy Nagar,301.0,30.0,Not Applicable,Not Applicable,No,Not Applicable,149,UPI,20,4.7,3.3
2024-07-17 01:05:00,CNR8450732967,Success,CID463963,Prime Sedan,Padmanabhanagar,KR Puram,168.0,100.0,Not Applicable,Not Applicable,No,Not Applicable,476,UPI,35,4.0,4.8
2024-07-07 07:50:00,CNR2131276534,Success,CID588760,Prime SUV,Hennur,Hennur,224.0,135.0,Not Applicable,Not Applicable,No,Not Applicable,472,UPI,11,3.7,4.0
2024-07-02 04:02:00,CNR3732793468,Success,CID417779,Prime Sedan,Bellandur,Tumkur Road,56.0,100.0,Not Applicable,Not Applicable,No,Not Applicable,134,Cash,32,3.5,3.2
2024-07-01 04:06:00,CNR7940454871,Success,CID120258,eBike,Devanahalli,Sahakar Nagar,175.0,90.0,Not Applicable,Not Applicable,No,Not Applicable,658,UPI,27,4.0,3.7
2024-07-07 16:23:00,CNR8316216131,Canceled by Driver,CID469904,Bike,Rajarajeshwari Nagar,Hulimavu,,,Not Applicable,Personal & Car related issue,Not Applicable,Not Applicable,241,Not Applicable,0,,
2024-07-16 13:29:00,CNR9019183796,Success,CID584568,eBike,Rajarajeshwari Nagar,Nagarbhavi,154.0,65.0,Not Applicable,Not Applicable,No,Not Applicable,215,UPI,46,3.6,3.7
2024-07-10 23:08:00,CNR4520495595,Canceled by Driver,CID748484,Auto,Sarjapur Road,Sarjapur Road,,,Not Applicable,Personal & Car related issue,Not Applicable,Not Applicable,306,Not Applicable,0,,
2024-07-06 10:40:00,CNR3110596383,Success,CID719158,Prime SUV,Marathahalli,Bannerghatta Road,189.0,55.0,Not Applicable,Not Applicable,No,Not Applicable,392,Credit Card,41,3.7,4.3
2024-07-22 14:59:00,CNR7682696942,Canceled by Customer,CID686972,Prime Sedan,BTM Layout,Ulsoor,,,Driver asked to cancel,Not Applicable,Not Applicable,Not Applicable,1546,Not Applicable,0,,
2024-07-30 10:52:00,CNR6714208990,Canceled by Customer,CID990144,eBike,Indiranagar,Rajajinagar,,,Driver is not moving towards pickup location,Not Applicable,Not Applicable,Not Applicable,341,Not Applicable,0,,
2024-07-26 20:48:00,CNR2882375203,Success,CID426877,Auto,Kengeri,Padmanabhanagar,77.0,50.0,Not Applicable,Not Applicable,No,Not Applicable,648,UPI,4,5.0,3.4
2024-07-17 17:50:00,CNR1953180663,Success,CID806750,Prime Sedan,Mysore Road,Hennur,294.0,30.0,Not Applicable,Not Applicable,No,Not Applicable,167,Cash,21,4.4,3.7
2024-07-01 08:06:00,CNR1608806189,Success,CID537934,Prime SUV,Hennur,Chickpet,224.0,25.0,Not Applicable,Not Applicable,No,Not Applicable,549,Cash,35,4.4,4.6
2024-07-29 10:56:00,CNR8247847425,Canceled by Driver,CID702189,Auto,Nagarbhavi,Banashankari,,,Not Applicable,Personal & Car related issue,Not Applicable,Not Applicable,295,Not Applicable,0,,
2024-07-08 01:07:00,CNR8530064450,Success,CID140392,Mini,Varthur,Chamarajpet,287.0,140.0,Not Applicable,Not Applicable,Yes,Other Issue,906,Cash,22,4.5,3.7
2024-07-13 12:52:00,CNR8206685267,Success,CID762206,Bike,Magadi Road,Basavanagudi,189.0,85.0,Not Applicable,Not Applicable,No,Not Applicable,986,Cash,17,3.8,4.7
2024-07-10 06:25:00,CNR9295803475,Success,CID989737,Prime SUV,Tumkur Road,Vijayanagar,238.0,110.0,Not Applicable,Not Applicable,No,Not Applicable,236,Cash,16,4.2,4.7
2024-07-07 04:05:00,CNR8331946236,Success,CID265120,Mini,Kengeri,Majestic,35.0,90.0,Not Applicable,Not Applicable,Yes,Customer Demand,124,UPI,1,3.9,3.9
2024-07-17 06:27:00,CNR5652684535,Success,CID522194,eBike,Mysore Road,Bellandur,126.0,135.0,Not Applicable,Not Applicable,No,Not Applicable,207,Cash,26,4.0,3.8
2024-07-22 18:51:00,CNR6809419019,Canceled by Customer,CID701978,Prime Plus,Chamarajpet,Banashankari,,,Driver is not moving towards pickup location,Not Applicable,Not Applicable,Not Applicable,719,Not Applicable,0,,
2024-07-22 15:10:00,CNR1905819444,Success,CID693171,Auto,Majestic,RT Nagar,133.0,80.0,Not Applicable,Not Applicable,Yes,Vehicle Breakdown,475,Cash,13,3.2,3.0
2024-07-16 22:49:00,CNR9293992238,Success,CID617647,Auto,Marathahalli,Chickpet,70.0,115.0,Not Applicable,Not Applicable,No,Not Applicable,397,Cash,15,4.0,4.9
2024-07-25 22:11:00,CNR3864777563,Success,CID125008,Auto,Yelahanka,Devanahalli,35.0,75.0,Not Applicable,Not Applicable,No,Not Applicable,969,Cash,6,4.5,4.8
2024-07-27 15:43:00,CNR7004784022,Success,CID151907,Mini,Electronic City,Padmanabhanagar,133.0,100.0,Not Applicable,Not Applicable,No,Not Applicable,295,UPI,14,4.7,3.0
2024-07-15 18:36:00,CNR9453973608,Canceled by Driver,CID280194,Auto,Varthur,RT Nagar,,,Not Applicable,Customer related issue,Not Applicable,Not Applicable,990,Not Applicable,0,,
2024-07-26 00:40:00,CNR7106053093,Success,CID850176,Prime SUV,Kammanahalli,Peenya,49.0,60.0,Not Applicable,Not Applicable,No,Not Applicable,316,Cash,5,3.7,4.4
2024-07-17 14:39:00,CNR1696173311,Success,CID259461,Prime SUV,Sahakar Nagar,Bellandur,126.0,90.0,Not Applicable,Not Applicable,No,Not Applicable,106,Cash,38,4.9,3.4
2024-07-30 06:05:00,CNR1028325185,Canceled by Driver,CID761240,Auto,Kadugodi,Whitefield,,,Not Applicable,More than permitted people in there,Not Applicable,Not Applicable,381,Not Applicable,0,,
2024-07-29 22:11:00,CNR4098621676,Canceled by Customer,CID992751,Prime Plus,Hebbal,Padmanabhanagar,,,Driver asked to cancel,Not Applicable,Not Applicable,Not Applicable,129,Not Applicable,0,,
2024-07-22 18:52:00,CNR4926679282,Success,CID692158,Bike,Banashankari,Marathahalli,238.0,110.0,Not Applicable,Not Applicable,No,Not Applicable,331,Cash,10,4.3,3.1
2024-07-19 06:33:00,CNR6388883784,Success,CID287026,Prime Plus,Rajajinagar,Hulimavu,91.0,45.0,Not Applicable,Not Applicable,No,Not Applicable,647,Cash,32,4.0,3.6
2024-07-20 13:33:00,CNR8726827851,Success,CID102813,Auto,Marathahalli,Hosur Road,301.0,75.0,Not Applicable,Not Applicable,No,Not Applicable,171,UPI,14,4.8,3.4
2024-07-20 19:48:00,CNR2093523225,Canceled by Driver,CID230680,Prime SUV,Hosur Road,Padmanabhanagar,,,Not Applicable,Customer related issue,Not Applicable,Not Applicable,178,Not Applicable,0,,
2024-07-05 05:35:00,CNR7531680671,Driver Not Found,CID253071,Prime Plus,Devanahalli,Rajarajeshwari Nagar,,,Not Applicable,Not Applicable,Not Applicable,Not Applicable,272,Not Applicable,0,,
2024-07-09 05:41:00,CNR8279222615,Success,CID821105,Bike,RT Nagar,Banashankari,280.0,145.0,Not Applicable,Not Applicable,No,Not Applicable,402,UPI,31,4.5,3.7
2024-07-05 21:05:00,CNR9085552510,Canceled by Driver,CID587071,Prime SUV,Marathahalli,Nagarbhavi,,,Not Applicable,Customer related issue,Not Applicable,Not Applicable,651,Not Applicable,0,,
2024-07-04 18:41:00,CNR9960653013,Success,CID986128,Bike,HSR Layout,HSR Layout,266.0,75.0,Not Applicable,Not Applicable,No,Not Applicable,495,Cash,20,4.1,4.7
2024-07-28 11:53:00,CNR3344430671,Driver Not Found,CID910642,eBike,Sarjapur Road,Richmond Town,,,Not Applicable,Not Applicable,Not Applicable,Not Applicable,203,Not Applicable,0,,
2024-07-12 17:52:00,CNR4179601436,Success,CID979810,Bike,Nagarbhavi,HSR Layout,301.0,105.0,Not Applicable,Not Applicable,No,Not Applicable,462,Cash,24,3.8,4.2
2024-07-18 09:10:00,CNR7836903773,Success,CID683403,Mini,Ramamurthy Nagar,Chamarajpet,98.0,40.0,Not Applicable,Not Applicable,No,Not Applicable,272,UPI,38,3.1,4.9
2024-07-28 00:50:00,CNR1984155036,Canceled by Driver,CID645949,eBike,Yeshwanthpur,Hulimavu,,,Not Applicable,Personal & Car related issue,Not Applicable,Not Applicable,436,Not Applicable,0,,
2024-07-19 10:02:00,CNR6467842554,Canceled by Customer,CID950047,Prime Sedan,Koramangala,JP Nagar,,,Change of plans,Not Applicable,Not Applicable,Not Applicable,489,Not Applicable,0,,
2024-07-14 06:00:00,CNR7122083171,Canceled by Driver,CID122665,Bike,Hennur,Hebbal,,,Not Applicable,Customer was coughing/sick,Not Applicable,Not Applicable,1399,Not Applicable,0,,
2024-07-03 14:57:00,CNR9323890615,Driver Not Found,CID596101,Prime Plus,Langford Town,Vijayanagar,,,Not Applicable,Not Applicable,Not Applicable,Not Applicable,1889,Not Applicable,0,,
2024-07-29 21:25:00,CNR1706051680,Success,CID711637,Prime Plus,Bellandur,Tumkur Road,77.0,50.0,Not Applicable,Not Applicable,No,Not Applicable,951,Cash,38,4.2,5.0
2024-07-08 05:57:00,CNR6540537344,Canceled by Customer,CID968918,Auto,Chickpet,Shivajinagar,,,Driver is not moving towards pickup location,Not Applicable,Not Applicable,Not Applicable,236,Not Applicable,0,,
2024-07-09 09:11:00,CNR9660081952,Success,CID367634,Mini,Mysore Road,Kengeri,119.0,25.0,Not Applicable,Not Applicable,No,Not Applicable,634,Cash,6,3.1,4.2
2024-07-08 20:42:00,CNR1788551998,Canceled by Driver,CID621849,Mini,Padmanabhanagar,Malleshwaram,,,Not Applicable,Customer related issue,Not Applicable,Not Applicable,254,Not Applicable,0,,
2024-07-04 02:46:00,CNR1966801599,Success,CID505911,Prime Plus,Basavanagudi,Ulsoor,217.0,90.0,Not Applicable,Not Applicable,No,Not Applicable,248,Cash,21,3.5,4.1
2024-07-17 19:52:00,CNR4646789016,Canceled by Driver,CID279641,Prime Sedan,Shivajinagar,Basavanagudi,,,Not Applicable,More than permitted people in there,Not Applicable,Not Applicable,171,Not Applicable,0,,
2024-07-04 01:24:00,CNR1989528344,Canceled by Driver,CID391876,Prime Plus,Sarjapur Road,Chickpet,,,Not Applicable,More than permitted people in there,Not Applicable,Not Applicable,151,Not Applicable,0,,
2024-07-18 14:32:00,CNR7434384422,Canceled by Driver,CID479243,Mini,Nagarbhavi,Nagarbhavi,,,Not Applicable,Customer related issue,Not Applicable,Not Applicable,148,Not Applicable,0,,
2024-07-18 04:06:00,CNR6862597183,Success,CID495628,Prime SUV,Kengeri,Koramangala,182.0,25.0,Not Applicable,Not Applicable,No,Not Applicable,571,UPI,49,4.3,5.0
2024-07-04 14:41:00,CNR2228589672,Success,CID740260,Auto,Hulimavu,Banashankari,49.0,130.0,Not Applicable,Not Applicable,No,Not Applicable,114,UPI,14,4.3,4.0
2024-07-08 23:24:00,CNR2204170625,Canceled by Customer,CID931391,Prime Sedan,Electronic City,Tumkur Road,,,Driver is not moving towards pickup location,Not Applicable,Not Applicable,Not Applicable,345,Not Applicable,0,,
2024-07-11 17:27:00,CNR5866883294,Success,CID412607,Prime Sedan,Marathahalli,BTM Layout,175.0,40.0,Not Applicable,Not Applicable,No,Not Applicable,459,Cash,6,3.1,4.8
2024-07-14 09:44:00,CNR9047851600,Success,CID637857,Prime Sedan,Electronic City,Hebbal,168.0,80.0,Not Applicable,Not Applicable,No,Not Applicable,460,Cash,7,3.7,3.9
2024-07-16 01:19:00,CNR1781479656,Success,CID715700,Bike,MG Road,Marathahalli,308.0,140.0,Not Applicable,Not Applicable,No,Not Applicable,422,UPI,31,3.4,4.8
2024-07-30 01:29:00,CNR2772288735,Success,CID404948,Bike,Malleshwaram,Hosur Road,126.0,75.0,Not Applicable,Not Applicable,No,Not Applicable,1943,Cash,7,4.9,4.8
2024-07-25 04:35:00,CNR9963539009,Success,CID851613,Auto,Frazer Town,Sahakar Nagar,35.0,145.0,Not Applicable,Not Applicable,No,Not Applicable,263,Cash,1,3.9,4.4
2024-07-29 16:39:00,CNR9921014214,Success,CID222705,Bike,Langford Town,Chamarajpet,280.0,45.0,Not Applicable,Not Applicable,No,Not Applicable,246,Cash,14,4.8,4.6
2024-07-09 13:30:00,CNR6252440255,Canceled by Customer,CID452181,Prime Sedan,Varthur,Electronic City,,,Driver asked to cancel,Not Applicable,Not Applicable,Not Applicable,169,Not Applicable,0,,
2024-07-23 09:56:00,CNR4550790296,Success,CID149366,Prime SUV,Ulsoor,Padmanabhanagar,287.0,65.0,Not Applicable,Not Applicable,No,Not Applicable,161,UPI,19,4.3,3.4
2024-07-05 04:40:00,CNR8319048920,Canceled by Driver,CID756000,Auto,Vijayanagar,Jayanagar,,,Not Applicable,Customer was coughing/sick,Not Applicable,Not Applicable,303,Not Applicable,0,,
2024-07-19 05:58:00,CNR7355450509,Success,CID650137,Prime Sedan,Hennur,Ramamurthy Nagar,308.0,40.0,Not Applicable,Not Applicable,Yes,Vehicle Breakdown,1806,UPI,49,3.3,4.9
2024-07-01 15:49:00,CNR2760954021,Success,CID249740,Auto,Yeshwanthpur,Chickpet,70.0,60.0,Not Applicable,Not Applicable,No,Not Applicable,431,Cash,13,3.1,4.3
2024-07-20 02:28:00,CNR8947719589,Canceled by Driver,CID375894,Prime SUV,Magadi Road,Hulimavu,,,Not Applicable,Customer was coughing/sick,Not Applicable,Not Applicable,492,Not Applicable,0,,
2024-07-23 11:45:00,CNR5021771868,Canceled by Driver,CID586859,Auto,Rajajinagar,Malleshwaram,,,Not Applicable,More than permitted people in there,Not Applicable,Not Applicable,837,Not Applicable,0,,
2024-07-02 05:43:00,CNR2365738647,Success,CID842146,Bike,Nagarbhavi,Basavanagudi,245.0,115.0,Not Applicable,Not Applicable,No,Not Applicable,442,Cash,15,4.6,3.6
2024-07-25 18:28:00,CNR6880615685,Canceled by Driver,CID843512,Mini,Chickpet,Varthur,,,Not Applicable,Customer was coughing/sick,Not Applicable,Not Applicable,247,Not Applicable,0,,
2024-07-22 17:47:00,CNR1464898341,Success,CID281672,Prime Plus,Yeshwanthpur,Kadugodi,98.0,115.0,Not Applicable,Not Applicable,No,Not Applicable,425,UPI,29,4.1,4.4
2024-07-10 22:55:00,CNR7617944547,Success,CID884985,Prime Plus,Bannerghatta Road,Malleshwaram,119.0,90.0,Not Applicable,Not Applicable,Yes,Customer Demand,344,Cash,11,4.7,3.6
2024-07-25 04:27:00,CNR5869677634,Success,CID250410,eBike,Hebbal,Sahakar Nagar,49.0,130.0,Not Applicable,Not Applicable,No,Not Applicable,813,UPI,49,4.8,4.6
2024-07-19 23:03:00,CNR6768936954,Success,CID741511,Mini,Rajajinagar,Kammanahalli,126.0,35.0,Not Applicable,Not Applicable,No,Not Applicable,112,Cash,17,4.0,4.4
2024-07-29 16:58:00,CNR2141136881,Canceled by Driver,CID354822,eBike,Ramamurthy Nagar,Ulsoor,,,Not Applicable,Customer was coughing/sick,Not Applicable,Not Applicable,315,Not Applicable,0,,
2024-07-24 10:18:00,CNR8314780791,Success,CID924398,Auto,Majestic,Bellandur,210.0,115.0,Not Applicable,Not Applicable,No,Not Applicable,125,Cash,19,4.9,4.8
2024-07-12 16:59:00,CNR5729108163,Canceled by Driver,CID438891,Bike,KR Puram,Chamarajpet,,,Not Applicable,Customer related issue,Not Applicable,Not Applicable,537,Not Applicable,0,,
2024-07-02 19:04:00,CNR2145517225,Success,CID473925,Prime SUV,Langford Town,Rajarajeshwari Nagar,133.0,110.0,Not Applicable,Not Applicable,No,Not Applicable,467,Cash,22,3.3,3.7
2024-07-28 14:38:00,CNR4306111070,Success,CID549232,Auto,Rajajinagar,Jayanagar,287.0,145.0,Not Applicable,Not Applicable,No,Not Applicable,451,Cash,14,4.0,3.6
2024-07-07 09:23:00,CNR2490426978,Driver Not Found,CID553064,Prime Plus,Sarjapur Road,Vijayanagar,,,Not Applicable,Not Applicable,Not Applicable,Not Applicable,424,Not Applicable,0,,
2024-07-06 23:12:00,CNR1526166442,Success,CID184671,eBike,Basavanagudi,Tumkur Road,175.0,110.0,Not Applicable,Not Applicable,No,Not Applicable,186,Cash,45,3.7,4.8
2024-07-26 16:58:00,CNR5224713022,Success,CID771383,Auto,Banashankari,Jayanagar,77.0,130.0,Not Applicable,Not Applicable,Yes,Customer Demand,215,Cash,10,3.3,4.5
2024-07-27 13:25:00,CNR6903098381,Success,CID531968,Prime Sedan,Peenya,Bannerghatta Road,91.0,130.0,Not Applicable,Not Applicable,No,Not Applicable,461,Cash,1,3.1,4.2
2024-07-09 15:02:00,CNR6048486393,Success,CID186215,Prime Plus,Mysore Road,MG Road,168.0,70.0,Not Applicable,Not Applicable,No,Not Applicable,144,UPI,13,4.7,4.6
2024-07-16 22:36:00,CNR2248457821,Canceled by Driver,CID318669,Prime SUV,Cox Town,Mysore Road,,,Not Applicable,Personal & Car related issue,Not Applicable,Not Applicable,2723,Not Applicable,0,,
2024-07-13 14:11:00,CNR7882756152,Success,CID938568,Auto,MG Road,RT Nagar,119.0,135.0,Not Applicable,Not Applicable,No,Not Applicable,157,UPI,11,4.2,3.7
2024-07-30 07:26:00,CNR9251114471,Success,CID870394,Mini,Rajarajeshwari Nagar,Ulsoor,287.0,135.0,Not Applicable,Not Applicable,No,Not Applicable,419,UPI,16,3.6,4.0
2024-07-23 01:50:00,CNR5621807955,Success,CID288363,eBike,Sarjapur Road,Majestic,252.0,55.0,Not Applicable,Not Applicable,No,Not Applicable,158,Cash,22,4.8,4.0
2024-07-01 17:43:00,CNR3862239414,Success,CID103722,eBike,Koramangala,Sarjapur Road,273.0,75.0,Not Applicable,Not Applicable,Yes,Other Issue,599,Cash,44,4.6,3.6
2024-07-29 10:31:00,CNR6545796401,Success,CID163088,Prime Plus,Vijayanagar,Langford Town,182.0,115.0,Not Applicable,Not Applicable,No,Not Applicable,237,Cash,47,4.1,3.4
2024-07-26 19:21:00,CNR9581126521,Success,CID441562,Mini,Malleshwaram,Kammanahalli,294.0,40.0,Not Applicable,Not Applicable,No,Not Applicable,139,Cash,8,3.1,4.3
2024-07-12 16:35:00,CNR6711903211,Driver Not Found,CID909286,Prime Plus,Bellandur,Hulimavu,,,Not Applicable,Not Applicable,Not Applicable,Not Applicable,530,Not Applicable,0,,
2024-07-26 21:32:00,CNR8504524560,Canceled by Driver,CID712548,Prime SUV,Langford Town,Peenya,,,Not Applicable,Customer related issue,Not Applicable,Not Applicable,697,Not Applicable,0,,
2024-07-13 00:45:00,CNR9000701257,Canceled by Driver,CID139262,eBike,Cox Town,BTM Layout,,,Not Applicable,Customer related issue,Not Applicable,Not Applicable,337,Not Applicable,0,,
2024-07-22 11:36:00,CNR2064157989,Canceled by Customer,CID955436,Prime Sedan,Marathahalli,Yelahanka,,,Driver asked to cancel,Not Applicable,Not Applicable,Not Applicable,1603,Not Applicable,0,,
2024-07-08 19:17:00,CNR1595829526,Success,CID406083,Prime SUV,RT Nagar,KR Puram,252.0,125.0,Not Applicable,Not Applicable,No,Not Applicable,491,UPI,4,4.7,4.5
2024-07-21 22:18:00,CNR7801738506,Success,CID226016,Prime Sedan,Hebbal,Varthur,140.0,40.0,Not Applicable,Not Applicable,No,Not Applicable,279,Cash,15,4.4,3.7
2024-07-23 04:20:00,CNR9254197208,Canceled by Driver,CID418564,Prime SUV,Majestic,RT Nagar,,,Not Applicable,Customer was coughing/sick,Not Applicable,Not Applicable,192,Not Applicable,0,,
2024-07-12 13:59:00,CNR8891940565,Success,CID906482,Prime SUV,Magadi Road,Nagarbhavi,238.0,80.0,Not Applicable,Not Applicable,No,Not Applicable,970,Cash,16,3.9,5.0
2024-07-01 06:27:00,CNR1177883660,Success,CID867241,eBike,Hennur,Jayanagar,266.0,135.0,Not Applicable,Not Applicable,No,Not Applicable,212,Cash,20,3.9,4.4
2024-07-06 10:20:00,CNR4994038314,Success,CID252860,Prime Sedan,Magadi Road,Peenya,301.0,115.0,Not Applicable,Not Applicable,No,Not Applicable,801,Cash,23,3.1,3.0
2024-07-04 14:19:00,CNR9631751384,Success,CID358295,Auto,Devanahalli,Padmanabhanagar,112.0,65.0,Not Applicable,Not Applicable,No,Not Applicable,1560,Cash,13,3.1,3.1
2024-07-18 12:55:00,CNR4961952893,Success,CID125278,eBike,Kengeri,Padmanabhanagar,210.0,120.0,Not Applicable,Not Applicable,No,Not Applicable,436,Cash,17,3.1,3.4
2024-07-16 14:59:00,CNR4000635620,Success,CID689306,Mini,Mysore Road,Sahakar Nagar,98.0,35.0,Not Applicable,Not Applicable,No,Not Applicable,357,Cash,37,3.6,3.4
2024-07-19 12:53:00,CNR4485788340,Success,CID178012,Prime Plus,Varthur,Rajajinagar,217.0,30.0,Not Applicable,Not Applicable,No,Not Applicable,913,UPI,33,4.2,4.1
2024-07-29 20:31:00,CNR6753531584,Canceled by Driver,CID839634,Prime Plus,RT Nagar,Magadi Road,,,Not Applicable,Customer was coughing/sick,Not Applicable,Not Applicable,413,Not Applicable,0,,
2024-07-27 10:14:00,CNR5310316104,Success,CID872406,Bike,Koramangala,Banashankari,42.0,40.0,Not Applicable,Not Applicable,No,Not Applicable,217,Cash,7,3.3,3.6
2024-07-27 13:42:00,CNR8075786644,Success,CID311692,Prime Plus,Kengeri,HSR Layout,63.0,80.0,Not Applicable,Not Applicable,No,Not Applicable,261,UPI,47,4.5,4.4
2024-07-10 07:23:00,CNR4490806266,Success,CID195369,Auto,KR Puram,BTM Layout,308.0,80.0,Not Applicable,Not Applicable,No,Not Applicable,400,UPI,1,4.5,3.9
2024-07-17 01:49:00,CNR4088065346,Success,CID813667,eBike,Magadi Road,Jayanagar,189.0,110.0,Not Applicable,Not Applicable,No,Not Applicable,225,Cash,41,4.2,4.3
2024-07-22 19:08:00,CNR2314768829,Success,CID902426,Mini,Kengeri,Ulsoor,294.0,130.0,Not Applicable,Not Applicable,No,Not Applicable,170,UPI,1,4.3,3.4
2024-07-23 21:07:00,CNR8559387677,Success,CID639531,Prime Sedan,Kadugodi,Ulsoor,238.0,120.0,Not Applicable,Not Applicable,No,Not Applicable,819,Cash,45,4.6,3.9
2024-07-26 21:12:00,CNR3887249857,Canceled by Driver,CID372336,Auto,Ramamurthy Nagar,Nagarbhavi,,,Not Applicable,Customer was coughing/sick,Not Applicable,Not Applicable,224,Not Applicable,0,,
2024-07-11 10:04:00,CNR6192036495,Success,CID811869,Auto,Varthur,Yeshwanthpur,126.0,145.0,Not Applicable,Not Applicable,No,Not Applicable,962,Cash,1,3.6,4.6
2024-07-19 22:23:00,CNR2747919960,Canceled by Driver,CID340351,Prime Plus,Cox Town,Indiranagar,,,Not Applicable,Customer related issue,Not Applicable,Not Applicable,154,Not Applicable,0,,
2024-07-28 04:52:00,CNR3660662482,Success,CID483228,Prime SUV,Cox Town,Basavanagudi,294.0,35.0,Not Applicable,Not Applicable,No,Not Applicable,136,Cash,1,3.8,4.7
2024-07-15 22:29:00,CNR2932001077,Driver Not Found,CID803382,Mini,Frazer Town,Kadugodi,,,Not Applicable,Not Applicable,Not Applicable,Not Applicable,295,Not Applicable,0,,
2024-07-10 14:21:00,CNR3626848264,Success,CID328421,Mini,Richmond Town,Mysore Road,189.0,75.0,Not Applicable,Not Applicable,No,Not Applicable,957,Cash,48,3.6,4.2
2024-07-20 14:40:00,CNR9913808108,Success,CID630380,Prime Sedan,Cox Town,Banashankari,189.0,105.0,Not Applicable,Not Applicable,No,Not Applicable,154,UPI,8,4.2,3.0
2024-07-03 18:49:00,CNR5516160840,Success,CID710719,Auto,Chamarajpet,Shivajinagar,105.0,140.0,Not Applicable,Not Applicable,No,Not Applicable,264,Cash,1,4.4,4.4
2024-07-18 16:01:00,CNR5728917064,Success,CID344231,Prime SUV,Yeshwanthpur,Langford Town,70.0,145.0,Not Applicable,Not Applicable,No,Not Applicable,484,Cash,26,4.9,4.0
2024-07-10 14:10:00,CNR9642613703,Success,CID614812,Prime SUV,Shivajinagar,Hebbal,84.0,95.0,Not Applicable,Not Applicable,No,Not Applicable,409,UPI,36,3.0,3.2
2024-07-27 01:59:00,CNR7433236788,Canceled by Customer,CID171474,Bike,Vijayanagar,Cox Town,,,Change of plans,Not Applicable,Not Applicable,Not Applicable,351,Not Applicable,0,,
2024-07-22 05:57:00,CNR4652185135,Canceled by Customer,CID551592,Prime SUV,Padmanabhanagar,Bellandur,,,AC is Not working,Not Applicable,Not Applicable,Not Applicable,432,Not Applicable,0,,
2024-07-19 16:01:00,CNR9665765687,Success,CID615599,Bike,Richmond Town,Sahakar Nagar,182.0,80.0,Not Applicable,Not Applicable,No,Not Applicable,301,Cash,20,4.1,4.1
2024-07-29 21:34:00,CNR2558694273,Driver Not Found,CID235373,Auto,Yelahanka,Vijayanagar,,,Not Applicable,Not Applicable,Not Applicable,Not Applicable,669,Not Applicable,0,,
2024-07-08 00:55:00,CNR7544860675,Success,CID685874,Bike,Bellandur,Devanahalli,217.0,50.0,Not Applicable,Not Applicable,No,Not Applicable,427,UPI,29,3.7,3.6
2024-07-18 07:09:00,CNR6452155657,Driver Not Found,CID413983,eBike,Vijayanagar,BTM Layout,,,Not Applicable,Not Applicable,Not Applicable,Not Applicable,2080,Not Applicable,0,,
2024-07-06 01:31:00,CNR8757789648,Success,CID233146,Prime SUV,Whitefield,Marathahalli,105.0,140.0,Not Applicable,Not Applicable,No,Not Applicable,216,UPI,15,4.3,3.2
2024-07-15 03:28:00,CNR4628635084,Success,CID268687,Prime SUV,Padmanabhanagar,Majestic,252.0,75.0,Not Applicable,Not Applicable,No,Not Applicable,190,UPI,45,3.6,3.8
2024-07-09 14:25:00,CNR8594296855,Driver Not Found,CID452027,Prime Plus,Electronic City,Padmanabhanagar,,,Not Applicable,Not Applicable,Not Applicable,Not Applicable,430,Not Applicable,0,,
2024-07-08 20:30:00,CNR5418580295,Success,CID364688,Prime Plus,Chamarajpet,Marathahalli,140.0,65.0,Not Applicable,Not Applicable,No,Not Applicable,849,Cash,26,5.0,3.6
2024-07-04 19:26:00,CNR5884092328,Success,CID687889,Mini,Padmanabhanagar,Hennur,168.0,65.0,Not Applicable,Not Applicable,No,Not Applicable,498,UPI,38,3.7,3.9
2024-07-23 21:04:00,CNR4775693287,Success,CID319738,Mini,Langford Town,Langford Town,147.0,30.0,Not Applicable,Not Applicable,No,Not Applicable,791,Credit Card,29,4.9,3.4
2024-07-02 15:39:00,CNR7233565593,Success,CID636224,Prime Plus,Kengeri,Banashankari,287.0,120.0,Not Applicable,Not Applicable,No,Not Applicable,337,Cash,2,3.6,4.5
2024-07-23 17:24:00,CNR9878611862,Success,CID143874,Prime Plus,MG Road,Peenya,161.0,125.0,Not Applicable,Not Applicable,No,Not Applicable,350,Cash,38,4.0,5.0
2024-07-30 14:08:00,CNR6945722548,Success,CID889488,Auto,Kengeri,Whitefield,308.0,135.0,Not Applicable,Not Applicable,No,Not Applicable,262,Credit Card,2,4.6,4.2
2024-07-15 09:47:00,CNR1583675320,Success,CID615946,Bike,Kammanahalli,Ramamurthy Nagar,280.0,80.0,Not Applicable,Not Applicable,No,Not Applicable,781,UPI,17,4.0,3.5
2024-07-30 12:46:00,CNR9743094433,Success,CID786929,Auto,Kengeri,KR Puram,203.0,30.0,Not Applicable,Not Applicable,No,Not Applicable,401,Cash,12,3.9,3.8
2024-07-04 19:54:00,CNR9583758454,Success,CID120531,Prime SUV,Hebbal,Jayanagar,308.0,30.0,Not Applicable,Not Applicable,No,Not Applicable,305,UPI,6,3.8,4.8
2024-07-18 21:42:00,CNR5631292218,Success,CID200962,Auto,Varthur,Bellandur,189.0,95.0,Not Applicable,Not Applicable,No,Not Applicable,158,Cash,12,4.2,4.3
2024-07-23 22:42:00,CNR2749940695,Success,CID977251,Prime SUV,Padmanabhanagar,Nagarbhavi,133.0,50.0,Not Applicable,Not Applicable,No,Not Applicable,469,Cash,41,3.8,4.2
2024-07-15 07:33:00,CNR6311728424,Success,CID385445,Mini,Devanahalli,Basavanagudi,140.0,40.0,Not Applicable,Not Applicable,No,Not Applicable,103,UPI,36,3.1,4.5
2024-07-06 09:15:00,CNR1270435736,Success,CID333106,Prime SUV,RT Nagar,Hosur Road,56.0,70.0,Not Applicable,Not Applicable,No,Not Applicable,453,Cash,31,3.9,4.4
2024-07-01 06:02:00,CNR9143771135,Success,CID705585,Mini,Peenya,Yeshwanthpur,210.0,90.0,Not Applicable,Not Applicable,No,Not Applicable,123,Cash,20,4.7,4.1
2024-07-28 00:44:00,CNR8866590048,Success,CID831551,Mini,Cox Town,Kadugodi,133.0,60.0,Not Applicable,Not Applicable,No,Not Applicable,429,UPI,41,3.2,4.3
2024-07-12 08:08:00,CNR7550203398,Canceled by Driver,CID479558,Prime Plus,Nagarbhavi,Shivajinagar,,,Not Applicable,More than permitted people in there,Not Applicable,Not Applicable,107,Not Applicable,0,,
2024-07-28 00:09:00,CNR6267375734,Success,CID546418,Prime SUV,Kengeri,Ramamurthy Nagar,98.0,30.0,Not Applicable,Not Applicable,No,Not Applicable,104,UPI,48,3.1,5.0
2024-07-03 23:17:00,CNR3442495799,Canceled by Customer,CID582246,Mini,Varthur,Peenya,,,Driver is not moving towards pickup location,Not Applicable,Not Applicable,Not Applicable,460,Not Applicable,0,,
2024-07-28 03:43:00,CNR3138246011,Canceled by Customer,CID240496,Prime Plus,Shantinagar,Kadugodi,,,AC is Not working,Not Applicable,Not Applicable,Not Applicable,263,Not Applicable,0,,
2024-07-02 07:08:00,CNR2737136641,Success,CID334518,Prime SUV,Jayanagar,Padmanabhanagar,112.0,75.0,Not Applicable,Not Applicable,No,Not Applicable,209,Cash,39,4.3,4.3
2024-07-30 01:54:00,CNR9881141323,Canceled by Customer,CID777526,eBike,Banashankari,Peenya,,,Change of plans,Not Applicable,Not Applicable,Not Applicable,287,Not Applicable,0,,
2024-07-20 12:18:00,CNR7294918198,Success,CID200857,Auto,Rajarajeshwari Nagar,KR Puram,280.0,125.0,Not Applicable,Not Applicable,No,Not Applicable,1393,UPI,13,4.3,3.6
2024-07-14 15:04:00,CNR6784179340,Driver Not Found,CID104004,Prime Sedan,Frazer Town,Electronic City,,,Not Applicable,Not Applicable,Not Applicable,Not Applicable,140,Not Applicable,0,,
2024-07-26 15:16:00,CNR7657108059,Canceled by Customer,CID300373,Prime SUV,Cox Town,Marathahalli,,,Change of plans,Not Applicable,Not Applicable,Not Applicable,966,Not Applicable,0,,
2024-07-03 08:01:00,CNR4238021909,Success,CID497326,Auto,Nagarbhavi,Hulimavu,182.0,120.0,Not Applicable,Not Applicable,No,Not Applicable,744,Cash,5,3.3,3.3
2024-07-18 14:03:00,CNR3762121309,Success,CID215317,Prime Sedan,Devanahalli,Cox Town,238.0,95.0,Not Applicable,Not Applicable,No,Not Applicable,252,Cash,49,4.5,4.6
2024-07-30 09:45:00,CNR7641771745,Driver Not Found,CID117735,Bike,Varthur,Mysore Road,,,Not Applicable,Not Applicable,Not Applicable,Not Applicable,816,Not Applicable,0,,
2024-07-11 07:20:00,CNR6276926110,Canceled by Customer,CID605873,Bike,Yeshwanthpur,Jayanagar,,,Driver asked to cancel,Not Applicable,Not Applicable,Not Applicable,330,Not Applicable,0,,
2024-07-29 19:54:00,CNR6314234635,Success,CID341703,Auto,MG Road,JP Nagar,154.0,140.0,Not Applicable,Not Applicable,No,Not Applicable,483,Cash,3,3.1,4.5
2024-07-06 11:18:00,CNR4340911652,Success,CID596871,eBike,Varthur,Devanahalli,252.0,140.0,Not Applicable,Not Applicable,Yes,Customer Demand,286,Cash,32,4.1,3.6
2024-07-12 07:01:00,CNR7871799736,Success,CID642558,Mini,RT Nagar,RT Nagar,42.0,85.0,Not Applicable,Not Applicable,Yes,Customer Demand,330,Cash,24,3.9,4.6
2024-07-24 11:15:00,CNR3605769721,Success,CID325614,eBike,Banashankari,Yelahanka,49.0,60.0,Not Applicable,Not Applicable,No,Not Applicable,797,UPI,26,3.9,4.0
2024-07-08 14:38:00,CNR2468301263,Success,CID698771,Prime Sedan,Rajajinagar,Chamarajpet,231.0,90.0,Not Applicable,Not Applicable,No,Not Applicable,455,Cash,39,3.5,4.5
2024-07-30 19:42:00,CNR7800819209,Success,CID214061,eBike,Cox Town,Shantinagar,35.0,75.0,Not Applicable,Not Applicable,No,Not Applicable,179,Cash,33,4.2,4.9
2024-07-12 11:13:00,CNR7879963098,Success,CID687262,Prime SUV,Nagarbhavi,HSR Layout,238.0,25.0,Not Applicable,Not Applicable,No,Not Applicable,794,Cash,43,4.7,4.6
2024-07-09 20:13:00,CNR8454425898,Success,CID857325,Auto,Chickpet,Sahakar Nagar,189.0,60.0,Not Applicable,Not Applicable,No,Not Applicable,583,Cash,19,3.2,4.7
2024-07-09 13:27:00,CNR8504988968,Success,CID199251,eBike,Tumkur Road,Langford Town,203.0,60.0,Not Applicable,Not Applicable,No,Not Applicable,118,UPI,44,3.9,3.2
2024-07-16 15:53:00,CNR6376758299,Driver Not Found,CID196899,Mini,BTM Layout,Ramamurthy Nagar,,,Not Applicable,Not Applicable,Not Applicable,Not Applicable,181,Not Applicable,0,,
2024-07-28 16:40:00,CNR9791158203,Driver Not Found,CID820856,Prime SUV,Frazer Town,Kammanahalli,,,Not Applicable,Not Applicable,Not Applicable,Not Applicable,488,Not Applicable,0,,
2024-07-04 13:00:00,CNR1883899404,Success,CID131517,Auto,Sahakar Nagar,Cox Town,35.0,75.0,Not Applicable,Not Applicable,No,Not Applicable,496,UPI,6,3.7,3.2
2024-07-15 21:20:00,CNR7845845455,Success,CID140428,eBike,Hebbal,HSR Layout,35.0,30.0,Not Applicable,Not Applicable,Yes,Customer Demand,269,UPI,11,4.0,3.1
2024-07-25 06:00:00,CNR2387390630,Success,CID478355,Prime Sedan,Kammanahalli,HSR Layout,126.0,90.0,Not Applicable,Not Applicable,No,Not Applicable,101,Cash,30,3.5,4.0
2024-07-04 23:42:00,CNR4102651177,Canceled by Driver,CID322971,Mini,Richmond Town,Mysore Road,,,Not Applicable,Customer was coughing/sick,Not Applicable,Not Applicable,542,Not Applicable,0,,
2024-07-09 18:47:00,CNR9029475269,Canceled by Customer,CID870366,Auto,Banashankari,Bannerghatta Road,,,Driver is not moving towards pickup location,Not Applicable,Not Applicable,Not Applicable,543,Not Applicable,0,,
2024-07-17 06:31:00,CNR6733604340,Success,CID728711,Auto,Langford Town,RT Nagar,308.0,110.0,Not Applicable,Not Applicable,No,Not Applicable,178,Cash,4,3.8,4.3
2024-07-11 11:01:00,CNR9802919530,Success,CID683751,Prime SUV,Indiranagar,Cox Town,42.0,85.0,Not Applicable,Not Applicable,No,Not Applicable,113,Cash,14,3.8,3.9
2024-07-22 16:05:00,CNR1023233455,Success,CID348191,Prime SUV,Whitefield,Hosur Road,196.0,135.0,Not Applicable,Not Applicable,No,Not Applicable,1526,UPI,38,3.6,3.2
2024-07-23 07:51:00,CNR5753088406,Success,CID242135,Prime SUV,Marathahalli,Rajajinagar,224.0,30.0,Not Applicable,Not Applicable,No,Not Applicable,401,Cash,24,4.7,4.2
2024-07-18 09:35:00,CNR5555845394,Success,CID483296,Mini,Ramamurthy Nagar,Sahakar Nagar,217.0,60.0,Not Applicable,Not Applicable,No,Not Applicable,255,Cash,30,4.2,4.0
2024-07-09 05:39:00,CNR7668552007,Canceled by Driver,CID375142,Prime Sedan,Sahakar Nagar,BTM Layout,,,Not Applicable,Customer related issue,Not Applicable,Not Applicable,224,Not Applicable,0,,
2024-07-20 10:53:00,CNR7491698061,Driver Not Found,CID751277,eBike,Richmond Town,Kengeri,,,Not Applicable,Not Applicable,Not Applicable,Not Applicable,541,Not Applicable,0,,
2024-07-24 05:38:00,CNR6489245466,Canceled by Driver,CID321492,Auto,Hosur Road,MG Road,,,Not Applicable,More than permitted people in there,Not Applicable,Not Applicable,459,Not Applicable,0,,
2024-07-15 13:05:00,CNR8772056382,Canceled by Driver,CID854972,Prime Sedan,BTM Layout,BTM Layout,,,Not Applicable,Customer related issue,Not Applicable,Not Applicable,1378,Not Applicable,0,,
2024-07-25 02:41:00,CNR3560857271,Success,CID208083,Auto,Richmond Town,Yelahanka,287.0,70.0,Not Applicable,Not Applicable,No,Not Applicable,466,UPI,9,5.0,4.1
2024-07-13 04:06:00,CNR1892536502,Success,CID675632,Mini,Frazer Town,Marathahalli,168.0,30.0,Not Applicable,Not Applicable,No,Not Applicable,468,Cash,34,4.9,4.3
2024-07-06 03:29:00,CNR3415923911,Canceled by Customer,CID665819,Mini,Bellandur,KR Puram,,,Change of plans,Not Applicable,Not Applicable,Not Applicable,307,Not Applicable,0,,
2024-07-26 02:39:00,CNR2467948706,Success,CID924442,Prime SUV,Marathahalli,Koramangala,105.0,55.0,Not Applicable,Not Applicable,Yes,Other Issue,270,Cash,10,3.5,5.0
2024-07-26 17:15:00,CNR4830278347,Driver Not Found,CID853601,eBike,Sarjapur Road,Banashankari,,,Not Applicable,Not Applicable,Not Applicable,Not Applicable,342,Not Applicable,0,,
2024-07-03 07:43:00,CNR9450832910,Success,CID601498,Prime Sedan,Banashankari,Malleshwaram,42.0,110.0,Not Applicable,Not Applicable,No,Not Applicable,421,Cash,27,4.3,3.7
2024-07-05 02:46:00,CNR4369654323,Success,CID136438,Auto,Cox Town,Marathahalli,238.0,130.0,Not Applicable,Not Applicable,No,Not Applicable,169,UPI,3,3.3,3.6
2024-07-08 03:39:00,CNR3140266504,Success,CID527433,Prime Sedan,Padmanabhanagar,Peenya,105.0,70.0,Not Applicable,Not Applicable,No,Not Applicable,242,Cash,44,3.4,3.7
2024-07-01 12:49:00,CNR9248383736,Canceled by Customer,CID179670,Prime Plus,Padmanabhanagar,Frazer Town,,,Driver asked to cancel,Not Applicable,Not Applicable,Not Applicable,736,Not Applicable,0,,
2024-07-02 00:33:00,CNR2544937892,Canceled by Driver,CID812106,eBike,Sahakar Nagar,Hulimavu,,,Not Applicable,Customer was coughing/sick,Not Applicable,Not Applicable,661,Not Applicable,0,,
2024-07-07 10:09:00,CNR8029183405,Canceled by Driver,CID345841,Mini,Bannerghatta Road,Malleshwaram,,,Not Applicable,Customer related issue,Not Applicable,Not Applicable,504,Not Applicable,0,,
2024-07-16 23:02:00,CNR3599834807,Success,CID987677,Prime SUV,Cox Town,Shivajinagar,294.0,85.0,Not Applicable,Not Applicable,No,Not Applicable,180,UPI,10,4.9,4.2
2024-07-07 11:43:00,CNR5237244715,Canceled by Driver,CID515042,Auto,Bellandur,Frazer Town,,,Not Applicable,More than permitted people in there,Not Applicable,Not Applicable,102,Not Applicable,0,,
2024-07-17 19:31:00,CNR9071140136,Canceled by Driver,CID437759,eBike,Richmond Town,Hennur,,,Not Applicable,Personal & Car related issue,Not Applicable,Not Applicable,260,Not Applicable,0,,
2024-07-06 07:42:00,CNR9733061126,Canceled by Driver,CID148188,Mini,Langford Town,Electronic City,,,Not Applicable,More than permitted people in there,Not Applicable,Not Applicable,116,Not Applicable,0,,
2024-07-05 07:19:00,CNR4535151856,Success,CID740652,Bike,Cox Town,Bannerghatta Road,154.0,105.0,Not Applicable,Not Applicable,No,Not Applicable,208,Cash,14,3.1,3.3
2024-07-22 23:59:00,CNR3644149015,Success,CID372508,Mini,Whitefield,Rajajinagar,63.0,120.0,Not Applicable,Not Applicable,No,Not Applicable,419,UPI,7,3.3,3.3
2024-07-22 08:16:00,CNR8617770442,Success,CID590963,eBike,Shantinagar,Kengeri,105.0,30.0,Not Applicable,Not Applicable,No,Not Applicable,301,Cash,33,4.0,3.4
2024-07-24 20:31:00,CNR8376355561,Canceled by Customer,CID164453,Prime Sedan,Hennur,KR Puram,,,Driver asked to cancel,Not Applicable,Not Applicable,Not Applicable,209,Not Applicable,0,,
2024-07-12 07:34:00,CNR3057830187,Success,CID821501,Prime Sedan,Shivajinagar,Jayanagar,175.0,145.0,Not Applicable,Not Applicable,No,Not Applicable,130,UPI,40,5.0,4.5
2024-07-26 21:12:00,CNR4559562974,Canceled by Driver,CID913478,Prime Sedan,Shantinagar,Magadi Road,,,Not Applicable,Personal & Car related issue,Not Applicable,Not Applicable,267,Not Applicable,0,,
2024-07-05 22:01:00,CNR9832217793,Driver Not Found,CID913710,Prime Plus,Hebbal,Sahakar Nagar,,,Not Applicable,Not Applicable,Not Applicable,Not Applicable,966,Not Applicable,0,,
2024-07-17 12:50:00,CNR1590284288,Success,CID210610,Bike,MG Road,Marathahalli,217.0,100.0,Not Applicable,Not Applicable,No,Not Applicable,385,UPI,15,4.0,4.4
2024-07-18 10:38:00,CNR3570538158,Success,CID164870,Mini,Marathahalli,HSR Layout,147.0,30.0,Not Applicable,Not Applicable,No,Not Applicable,316,Cash,10,4.8,4.6
2024-07-24 20:21:00,CNR7435148617,Canceled by Driver,CID958265,Mini,Vijayanagar,Kengeri,,,Not Applicable,More than permitted people in there,Not Applicable,Not Applicable,740,Not Applicable,0,,
2024-07-19 09:48:00,CNR8276430555,Canceled by Driver,CID338782,Mini,Kammanahalli,Tumkur Road,,,Not Applicable,Personal & Car related issue,Not Applicable,Not Applicable,272,Not Applicable,0,,
2024-07-12 04:46:00,CNR9397108295,Driver Not Found,CID179763,Bike,Varthur,Varthur,,,Not Applicable,Not Applicable,Not Applicable,Not Applicable,653,Not Applicable,0,,
2024-07-10 10:27:00,CNR7859806564,Driver Not Found,CID610932,Prime Sedan,Sahakar Nagar,Kadugodi,,,Not Applicable,Not Applicable,Not Applicable,Not Applicable,382,Not Applicable,0,,
2024-07-30 17:08:00,CNR8511922530,Success,CID595548,Auto,Shantinagar,Bellandur,308.0,75.0,Not Applicable,Not Applicable,No,Not Applicable,739,Cash,1,3.5,3.7
2024-07-20 11:32:00,CNR5635487744,Driver Not Found,CID453555,eBike,Richmond Town,Langford Town,,,Not Applicable,Not Applicable,Not Applicable,Not Applicable,1052,Not Applicable,0,,
2024-07-25 03:46:00,CNR7561004427,Canceled by Customer,CID355122,Bike,Hebbal,Varthur,,,AC is Not working,Not Applicable,Not Applicable,Not Applicable,115,Not Applicable,0,,
2024-07-23 17:09:00,CNR1471409523,Driver Not Found,CID357330,Prime Plus,Chickpet,Tumkur Road,,,Not Applicable,Not Applicable,Not Applicable,Not Applicable,819,Not Applicable,0,,
2024-07-28 09:59:00,CNR2007443844,Success,CID400358,Bike,MG Road,HSR Layout,238.0,125.0,Not Applicable,Not Applicable,No,Not Applicable,294,Cash,23,4.2,4.7
2024-07-25 10:30:00,CNR5656466073,Canceled by Customer,CID189576,Auto,Tumkur Road,Sahakar Nagar,,,Driver is not moving towards pickup location,Not Applicable,Not Applicable,Not Applicable,337,Not Applicable,0,,
2024-07-10 11:43:00,CNR7993689820,Driver Not Found,CID420601,Mini,Banashankari,Nagarbhavi,,,Not Applicable,Not Applicable,Not Applicable,Not Applicable,787,Not Applicable,0,,
2024-07-16 22:44:00,CNR4845537223,Canceled by Driver,CID503328,Bike,Yelahanka,Frazer Town,,,Not Applicable,Personal & Car related issue,Not Applicable,Not Applicable,763,Not Applicable,0,,
2024-07-04 12:57:00,CNR2443556240,Success,CID342350,Bike,Langford Town,Kadugodi,238.0,140.0,Not Applicable,Not Applicable,No,Not Applicable,333,UPI,40,3.8,3.8
2024-07-28 22:09:00,CNR2689589402,Success,CID698250,eBike,Chamarajpet,Hennur,56.0,135.0,Not Applicable,Not Applicable,No,Not Applicable,511,Cash,35,4.6,4.0
2024-07-25 19:16:00,CNR7080700842,Success,CID285482,Prime SUV,RT Nagar,Vijayanagar,161.0,125.0,Not Applicable,Not Applicable,No,Not Applicable,267,Cash,48,3.7,3.3
2024-07-24 18:23:00,CNR5424461905,Canceled by Customer,CID834417,Prime Sedan,Vijayanagar,Yelahanka,,,Driver is not moving towards pickup location,Not Applicable,Not Applicable,Not Applicable,1695,Not Applicable,0,,
2024-07-22 18:20:00,CNR8735876180,Success,CID385670,Prime SUV,Hosur Road,Sahakar Nagar,210.0,140.0,Not Applicable,Not Applicable,No,Not Applicable,448,Cash,31,3.4,4.8
2024-07-20 22:34:00,CNR6262646669,Success,CID739526,Prime Sedan,Hulimavu,Vijayanagar,35.0,145.0,Not Applicable,Not Applicable,No,Not Applicable,544,Cash,4,3.6,4.6
2024-07-14 00:45:00,CNR1887262849,Success,CID527225,Mini,Koramangala,Bannerghatta Road,168.0,25.0,Not Applicable,Not Applicable,No,Not Applicable,412,UPI,40,3.3,4.4
2024-07-27 17:50:00,CNR9301069014,Canceled by Customer,CID574890,Mini,KR Puram,Yelahanka,,,Driver asked to cancel,Not Applicable,Not Applicable,Not Applicable,158,Not Applicable,0,,
2024-07-08 01:23:00,CNR3692990917,Canceled by Driver,CID118171,Prime Sedan,Chickpet,Marathahalli,,,Not Applicable,Personal & Car related issue,Not Applicable,Not Applicable,446,Not Applicable,0,,
2024-07-22 13:16:00,CNR7626468006,Canceled by Customer,CID827735,Mini,Devanahalli,Majestic,,,Driver is not moving towards pickup location,Not Applicable,Not Applicable,Not Applicable,1016,Not Applicable,0,,
2024-07-12 10:20:00,CNR9957625336,Success,CID558845,Mini,Whitefield,Banashankari,35.0,50.0,Not Applicable,Not Applicable,No,Not Applicable,962,UPI,48,4.0,3.8
2024-07-16 16:01:00,CNR7174656616,Canceled by Driver,CID381116,eBike,Ulsoor,Hulimavu,,,Not Applicable,Personal & Car related issue,Not Applicable,Not Applicable,298,Not Applicable,0,,
2024-07-06 19:47:00,CNR5091143951,Canceled by Customer,CID687128,eBike,HSR Layout,Richmond Town,,,AC is Not working,Not Applicable,Not Applicable,Not Applicable,456,Not Applicable,0,,
2024-07-13 18:01:00,CNR5907085837,Driver Not Found,CID458311,Bike,Malleshwaram,Varthur,,,Not Applicable,Not Applicable,Not Applicable,Not Applicable,469,Not Applicable,0,,
2024-07-06 17:26:00,CNR2782493463,Success,CID402436,Prime Plus,Chickpet,Peenya,280.0,140.0,Not Applicable,Not Applicable,No,Not Applicable,538,Cash,31,3.8,3.5
2024-07-09 12:34:00,CNR1588355686,Driver Not Found,CID171428,eBike,Indiranagar,Yelahanka,,,Not Applicable,Not Applicable,Not Applicable,Not Applicable,340,Not Applicable,0,,
2024-07-29 23:53:00,CNR5033921635,Success,CID927098,Auto,Devanahalli,Frazer Town,287.0,65.0,Not Applicable,Not Applicable,No,Not Applicable,362,Cash,8,4.5,3.4
2024-07-17 15:44:00,CNR1554021138,Success,CID744963,Mini,Sarjapur Road,Bellandur,196.0,140.0,Not Applicable,Not Applicable,No,Not Applicable,208,Credit Card,42,4.4,4.0
2024-07-18 21:56:00,CNR6106747344,Canceled by Driver,CID642856,Prime SUV,Peenya,Ramamurthy Nagar,,,Not Applicable,Personal & Car related issue,Not Applicable,Not Applicable,318,Not Applicable,0,,
2024-07-05 14:31:00,CNR1707180942,Canceled by Customer,CID892382,Mini,Hebbal,BTM Layout,,,Wrong Address,Not Applicable,Not Applicable,Not Applicable,100,Not Applicable,0,,
2024-07-21 08:15:00,CNR1847311158,Success,CID721886,Mini,Bannerghatta Road,Jayanagar,287.0,145.0,Not Applicable,Not Applicable,No,Not Applicable,670,Cash,24,3.6,3.7
2024-07-23 11:15:00,CNR1957050969,Success,CID651763,Prime Sedan,Tumkur Road,Kammanahalli,182.0,135.0,Not Applicable,Not Applicable,No,Not Applicable,217,Credit Card,13,4.0,4.1
2024-07-26 15:15:00,CNR9015181257,Success,CID105843,Mini,Shantinagar,Koramangala,203.0,35.0,Not Applicable,Not Applicable,No,Not Applicable,901,Cash,35,3.7,3.4
2024-07-27 11:29:00,CNR3435361879,Canceled by Customer,CID866217,Prime SUV,MG Road,Koramangala,,,Wrong Address,Not Applicable,Not Applicable,Not Applicable,181,Not Applicable,0,,
2024-07-28 21:20:00,CNR6060646949,Canceled by Driver,CID854224,eBike,Langford Town,KR Puram,,,Not Applicable,Personal & Car related issue,Not Applicable,Not Applicable,153,Not Applicable,0,,
2024-07-01 03:37:00,CNR9719443631,Success,CID436644,Bike,KR Puram,Bellandur,245.0,105.0,Not Applicable,Not Applicable,No,Not Applicable,122,Cash,21,3.5,3.8
2024-07-05 04:32:00,CNR6463369308,Success,CID137202,Auto,Ramamurthy Nagar,Hebbal,217.0,115.0,Not Applicable,Not Applicable,No,Not Applicable,591,Cash,1,4.0,4.2
2024-07-07 00:00:00,CNR9213807956,Success,CID213523,Auto,Langford Town,Ramamurthy Nagar,287.0,120.0,Not Applicable,Not Applicable,No,Not Applicable,617,Cash,8,4.0,3.1
2024-07-21 06:20:00,CNR4441675406,Success,CID201110,Prime Plus,Vijayanagar,RT Nagar,119.0,75.0,Not Applicable,Not Applicable,No,Not Applicable,337,Cash,7,4.3,4.2
2024-07-12 04:41:00,CNR2615830198,Canceled by Driver,CID126152,Prime SUV,Whitefield,Koramangala,,,Not Applicable,Customer related issue,Not Applicable,Not Applicable,380,Not Applicable,0,,
2024-07-28 18:34:00,CNR3049872335,Success,CID471741,Prime SUV,KR Puram,Sahakar Nagar,70.0,70.0,Not Applicable,Not Applicable,No,Not Applicable,950,UPI,19,4.6,5.0
2024-07-01 23:22:00,CNR1370041872,Success,CID536193,Prime Plus,Yelahanka,Kengeri,112.0,30.0,Not Applicable,Not Applicable,No,Not Applicable,498,Cash,21,4.7,3.2
2024-07-16 07:35:00,CNR8685164202,Success,CID519629,Prime Plus,Rajajinagar,Rajajinagar,308.0,25.0,Not Applicable,Not Applicable,No,Not Applicable,433,Credit Card,7,4.4,4.2
2024-07-06 10:36:00,CNR4395802353,Success,CID190173,Prime Plus,Yeshwanthpur,Chamarajpet,224.0,135.0,Not Applicable,Not Applicable,No,Not Applicable,264,UPI,20,3.6,3.8
2024-07-14 03:49:00,CNR4171170857,Success,CID957017,Prime Sedan,Koramangala,Vijayanagar,224.0,145.0,Not Applicable,Not Applicable,No,Not Applicable,240,Cash,28,3.7,3.5
2024-07-23 01:54:00,CNR7840801555,Canceled by Customer,CID807231,Prime Sedan,Cox Town,Marathahalli,,,AC is Not working,Not Applicable,Not Applicable,Not Applicable,717,Not Applicable,0,,
2024-07-04 17:02:00,CNR5385908749,Driver Not Found,CID954405,Auto,RT Nagar,Kammanahalli,,,Not Applicable,Not Applicable,Not Applicable,Not Applicable,265,Not Applicable,0,,
2024-07-13 09:59:00,CNR2519097786,Success,CID761159,Prime Plus,BTM Layout,Kengeri,231.0,70.0,Not Applicable,Not Applicable,No,Not Applicable,428,Cash,43,4.8,3.2
2024-07-11 22:18:00,CNR4931966756,Success,CID716398,Auto,Rajarajeshwari Nagar,Hebbal,70.0,30.0,Not Applicable,Not Applicable,No,Not Applicable,1345,Cash,13,4.9,4.4
2024-07-20 12:02:00,CNR7844692125,Driver Not Found,CID191183,Prime SUV,JP Nagar,Majestic,,,Not Applicable,Not Applicable,Not Applicable,Not Applicable,478,Not Applicable,0,,
2024-07-28 14:29:00,CNR8155457320,Driver Not Found,CID342887,eBike,Vijayanagar,Vijayanagar,,,Not Applicable,Not Applicable,Not Applicable,Not Applicable,208,Not Applicable,0,,
2024-07-07 13:26:00,CNR2698873226,Canceled by Customer,CID924637,eBike,Tumkur Road,Ramamurthy Nagar,,,Wrong Address,Not Applicable,Not Applicable,Not Applicable,107,Not Applicable,0,,
2024-07-23 13:31:00,CNR6523550689,Success,CID647855,Mini,Electronic City,Langford Town,77.0,70.0,Not Applicable,Not Applicable,No,Not Applicable,462,UPI,30,3.2,3.6
2024-07-22 01:59:00,CNR5218398937,Success,CID932796,Prime Plus,BTM Layout,Yelahanka,147.0,130.0,Not Applicable,Not Applicable,No,Not Applicable,385,Cash,49,4.3,4.2
2024-07-10 14:11:00,CNR6627778512,Canceled by Customer,CID168024,Prime SUV,Frazer Town,Langford Town,,,Driver asked to cancel,Not Applicable,Not Applicable,Not Applicable,301,Not Applicable,0,,
2024-07-06 13:59:00,CNR1566768799,Success,CID120085,Prime Sedan,Malleshwaram,Kadugodi,119.0,95.0,Not Applicable,Not Applicable,No,Not Applicable,414,UPI,44,3.4,4.1
2024-07-11 07:54:00,CNR5171127134,Success,CID910742,Prime Plus,Nagarbhavi,Hebbal,63.0,145.0,Not Applicable,Not Applicable,No,Not Applicable,181,Credit Card,38,3.1,3.8
2024-07-16 03:17:00,CNR3656539373,Success,CID634007,Auto,Marathahalli,Majestic,203.0,80.0,Not Applicable,Not Applicable,No,Not Applicable,305,Cash,9,5.0,4.4
2024-07-27 03:03:00,CNR4481548020,Success,CID946470,Prime SUV,BTM Layout,Indiranagar,245.0,135.0,Not Applicable,Not Applicable,No,Not Applicable,306,UPI,23,3.4,3.1
2024-07-15 03:17:00,CNR6064530969,Success,CID512747,eBike,Kadugodi,BTM Layout,238.0,135.0,Not Applicable,Not Applicable,No,Not Applicable,482,Cash,17,4.8,4.2
2024-07-17 07:29:00,CNR8778750634,Success,CID150330,Prime Sedan,Majestic,Tumkur Road,175.0,25.0,Not Applicable,Not Applicable,No,Not Applicable,791,Cash,23,3.4,4.3
2024-07-18 04:47:00,CNR4130971300,Success,CID330370,Auto,Marathahalli,Koramangala,112.0,140.0,Not Applicable,Not Applicable,No,Not Applicable,406,UPI,5,3.3,4.4
2024-07-27 06:43:00,CNR5378987895,Success,CID434885,Prime Plus,Sarjapur Road,Kammanahalli,161.0,85.0,Not Applicable,Not Applicable,No,Not Applicable,370,Cash,29,4.9,4.7
2024-07-13 23:32:00,CNR2900918151,Success,CID867946,Prime Sedan,Ulsoor,Bannerghatta Road,266.0,140.0,Not Applicable,Not Applicable,No,Not Applicable,398,UPI,42,4.1,3.3
2024-07-07 16:18:00,CNR6000789132,Success,CID513148,Auto,Malleshwaram,Koramangala,105.0,30.0,Not Applicable,Not Applicable,No,Not Applicable,412,UPI,6,4.8,3.2
2024-07-04 02:49:00,CNR1103187832,Success,CID788140,Prime SUV,Sahakar Nagar,Magadi Road,91.0,50.0,Not Applicable,Not Applicable,No,Not Applicable,573,UPI,31,3.7,3.4
2024-07-11 15:48:00,CNR7586013362,Success,CID623887,eBike,Cox Town,Padmanabhanagar,266.0,115.0,Not Applicable,Not Applicable,No,Not Applicable,991,Cash,37,3.2,3.5
2024-07-27 13:33:00,CNR4943449011,Success,CID390551,Prime SUV,Chickpet,Shivajinagar,42.0,110.0,Not Applicable,Not Applicable,No,Not Applicable,552,UPI,39,3.0,3.1
2024-07-18 13:08:00,CNR5189371549,Success,CID965782,Prime Plus,Kengeri,Sarjapur Road,140.0,30.0,Not Applicable,Not Applicable,No,Not Applicable,910,UPI,22,3.6,4.0
2024-07-10 15:20:00,CNR5171837492,Success,CID132573,Prime Sedan,Indiranagar,Electronic City,63.0,30.0,Not Applicable,Not Applicable,No,Not Applicable,1067,Cash,1,4.5,4.7
2024-07-18 12:05:00,CNR4819779694,Success,CID237025,Prime Plus,Vijayanagar,Electronic City,308.0,125.0,Not Applicable,Not Applicable,Yes,Vehicle Breakdown,137,Cash,37,4.3,3.8
2024-07-22 00:56:00,CNR9088059734,Canceled by Customer,CID866274,Prime Sedan,Hebbal,Banashankari,,,Change of plans,Not Applicable,Not Applicable,Not Applicable,485,Not Applicable,0,,
2024-07-17 09:28:00,CNR3634627333,Driver Not Found,CID141334,eBike,Electronic City,Kengeri,,,Not Applicable,Not Applicable,Not Applicable,Not Applicable,957,Not Applicable,0,,
2024-07-30 19:40:00,CNR3745974547,Success,CID287644,Mini,KR Puram,BTM Layout,308.0,40.0,Not Applicable,Not Applicable,No,Not Applicable,365,Cash,25,4.3,4.2
2024-07-21 17:09:00,CNR5867881282,Driver Not Found,CID307995,Bike,Hulimavu,Hennur,,,Not Applicable,Not Applicable,Not Applicable,Not Applicable,431,Not Applicable,0,,
2024-07-27 11:34:00,CNR8549527882,Success,CID263093,Bike,Varthur,BTM Layout,301.0,95.0,Not Applicable,Not Applicable,Yes,Vehicle Breakdown,290,UPI,1,3.0,4.5
2024-07-06 06:58:00,CNR1651299081,Success,CID628319,Mini,Banashankari,JP Nagar,84.0,50.0,Not Applicable,Not Applicable,No,Not Applicable,326,Cash,27,4.0,3.5
2024-07-24 15:19:00,CNR5493267558,Driver Not Found,CID605186,Prime Plus,Bellandur,Sarjapur Road,,,Not Applicable,Not Applicable,Not Applicable,Not Applicable,444,Not Applicable,0,,
2024-07-16 23:11:00,CNR7256412754,Success,CID569641,Prime SUV,Yelahanka,Whitefield,245.0,85.0,Not Applicable,Not Applicable,No,Not Applicable,457,UPI,26,4.4,3.8
2024-07-29 10:38:00,CNR5507660319,Success,CID898609,eBike,Jayanagar,Hennur,196.0,120.0,Not Applicable,Not Applicable,No,Not Applicable,184,Cash,12,4.9,3.5
2024-07-11 06:08:00,CNR7497152915,Canceled by Driver,CID866267,Bike,Rajarajeshwari Nagar,Hennur,,,Not Applicable,Personal & Car related issue,Not Applicable,Not Applicable,2104,Not Applicable,0,,
2024-07-30 02:08:00,CNR1580920240,Success,CID785804,Prime SUV,Marathahalli,BTM Layout,189.0,145.0,Not Applicable,Not Applicable,No,Not Applicable,1522,Cash,20,4.0,3.3
2024-07-16 16:29:00,CNR5147639593,Canceled by Driver,CID440116,Prime SUV,Frazer Town,Bellandur,,,Not Applicable,Customer related issue,Not Applicable,Not Applicable,348,Not Applicable,0,,
2024-07-06 13:31:00,CNR7783227608,Success,CID770331,Prime Plus,Hosur Road,Nagarbhavi,301.0,25.0,Not Applicable,Not Applicable,No,Not Applicable,444,UPI,30,3.6,3.5
2024-07-22 22:23:00,CNR6448900466,Success,CID991215,Prime SUV,Rajajinagar,MG Road,217.0,55.0,Not Applicable,Not Applicable,No,Not Applicable,116,Cash,44,3.1,3.4
2024-07-17 02:59:00,CNR6902385720,Success,CID384230,Bike,Marathahalli,HSR Layout,42.0,85.0,Not Applicable,Not Applicable,No,Not Applicable,144,UPI,41,4.2,4.8
2024-07-07 14:02:00,CNR2505062340,Success,CID899254,Bike,Hennur,Shantinagar,266.0,25.0,Not Applicable,Not Applicable,No,Not Applicable,278,UPI,13,3.4,3.2
2024-07-16 22:37:00,CNR3753585316,Canceled by Customer,CID539067,Prime SUV,Shivajinagar,Kammanahalli,,,Driver asked to cancel,Not Applicable,Not Applicable,Not Applicable,344,Not Applicable,0,,
2024-07-03 16:45:00,CNR8093496923,Success,CID241270,Mini,Banashankari,Peenya,266.0,130.0,Not Applicable,Not Applicable,No,Not Applicable,274,UPI,14,4.0,4.8
2024-07-23 17:41:00,CNR4229468529,Success,CID784334,eBike,Chickpet,Banashankari,112.0,70.0,Not Applicable,Not Applicable,No,Not Applicable,665,Cash,2,3.1,3.8
2024-07-25 06:21:00,CNR3285632719,Canceled by Driver,CID504820,Prime Plus,Whitefield,Bannerghatta Road,,,Not Applicable,Personal & Car related issue,Not Applicable,Not Applicable,318,Not Applicable,0,,
2024-07-02 00:39:00,CNR7381110255,Canceled by Driver,CID674562,Prime Sedan,Hosur Road,Indiranagar,,,Not Applicable,Customer related issue,Not Applicable,Not Applicable,129,Not Applicable,0,,
2024-07-02 06:20:00,CNR5054710840,Success,CID320561,Prime SUV,Varthur,Banashankari,294.0,75.0,Not Applicable,Not Applicable,No,Not Applicable,113,UPI,43,4.7,3.4
2024-07-11 16:36:00,CNR9881320858,Success,CID725373,Prime Plus,Langford Town,Sahakar Nagar,259.0,105.0,Not Applicable,Not Applicable,No,Not Applicable,845,Cash,26,4.5,3.4
2024-07-04 15:37:00,CNR4238409910,Success,CID295976,Prime Sedan,Jayanagar,Majestic,133.0,145.0,Not Applicable,Not Applicable,No,Not Applicable,155,Credit Card,30,4.5,4.7
2024-07-25 19:43:00,CNR4261773233,Success,CID823999,Mini,HSR Layout,HSR Layout,189.0,35.0,Not Applicable,Not Applicable,No,Not Applicable,224,Cash,42,4.8,3.4
2024-07-29 23:46:00,CNR9352316131,Success,CID713419,Prime Sedan,Hebbal,Langford Town,154.0,145.0,Not Applicable,Not Applicable,No,Not Applicable,1929,UPI,9,4.5,4.0
2024-07-19 03:39:00,CNR5195902775,Success,CID809455,Mini,Sahakar Nagar,Electronic City,147.0,40.0,Not Applicable,Not Applicable,No,Not Applicable,142,UPI,34,3.7,4.4
2024-07-15 16:13:00,CNR2127748600,Canceled by Driver,CID856283,Prime SUV,Rajarajeshwari Nagar,Chamarajpet,,,Not Applicable,Customer related issue,Not Applicable,Not Applicable,128,Not Applicable,0,,
2024-07-08 23:39:00,CNR7168684474,Success,CID519857,Auto,Kengeri,Devanahalli,42.0,145.0,Not Applicable,Not Applicable,No,Not Applicable,145,UPI,17,4.7,4.8
2024-07-26 20:07:00,CNR2249674134,Success,CID406396,Mini,Bellandur,MG Road,140.0,50.0,Not Applicable,Not Applicable,No,Not Applicable,462,UPI,44,4.0,3.2
2024-07-01 17:43:00,CNR6678657405,Success,CID646419,Mini,Ramamurthy Nagar,Vijayanagar,266.0,75.0,Not Applicable,Not Applicable,No,Not Applicable,264,Debit Card,48,5.0,5.0
2024-07-24 12:54:00,CNR9648278117,Success,CID687345,Mini,Ramamurthy Nagar,KR Puram,133.0,95.0,Not Applicable,Not Applicable,No,Not Applicable,166,Credit Card,6,3.4,3.8
2024-07-21 04:56:00,CNR5652982790,Success,CID906025,Prime SUV,Bellandur,Whitefield,196.0,90.0,Not Applicable,Not Applicable,No,Not Applicable,284,UPI,44,3.2,4.1
2024-07-02 12:41:00,CNR5658548988,Canceled by Driver,CID741781,Auto,Padmanabhanagar,Kadugodi,,,Not Applicable,Customer related issue,Not Applicable,Not Applicable,780,Not Applicable,0,,
2024-07-19 21:42:00,CNR8960570419,Driver Not Found,CID480397,Prime Sedan,Bellandur,Electronic City,,,Not Applicable,Not Applicable,Not Applicable,Not Applicable,380,Not Applicable,0,,
2024-07-25 09:34:00,CNR3145612161,Canceled by Driver,CID957225,Prime Plus,Indiranagar,Shivajinagar,,,Not Applicable,More than permitted people in there,Not Applicable,Not Applicable,174,Not Applicable,0,,
2024-07-30 12:58:00,CNR9203178092,Success,CID689034,Bike,Bellandur,Bannerghatta Road,133.0,30.0,Not Applicable,Not Applicable,No,Not Applicable,887,UPI,7,3.5,3.4
2024-07-22 10:21:00,CNR1243383556,Canceled by Customer,CID169854,eBike,Langford Town,Bannerghatta Road,,,Change of plans,Not Applicable,Not Applicable,Not Applicable,579,Not Applicable,0,,
2024-07-15 21:03:00,CNR2273591091,Success,CID952528,eBike,Chickpet,Peenya,49.0,70.0,Not Applicable,Not Applicable,No,Not Applicable,885,Cash,48,4.5,4.2
2024-07-29 12:35:00,CNR7686849535,Success,CID601743,Bike,Frazer Town,Banashankari,280.0,105.0,Not Applicable,Not Applicable,No,Not Applicable,415,Cash,4,3.2,4.3
2024-07-30 12:44:00,CNR7663490362,Success,CID816964,Prime Plus,Bannerghatta Road,Tumkur Road,119.0,65.0,Not Applicable,Not Applicable,No,Not Applicable,416,Cash,36,4.4,3.2
2024-07-21 01:41:00,CNR6264751085,Canceled by Customer,CID498031,Auto,Indiranagar,Rajarajeshwari Nagar,,,Wrong Address,Not Applicable,Not Applicable,Not Applicable,159,Not Applicable,0,,
2024-07-30 10:55:00,CNR4493080189,Success,CID847354,Prime SUV,Magadi Road,Ramamurthy Nagar,126.0,85.0,Not Applicable,Not Applicable,No,Not Applicable,224,UPI,48,3.9,3.0
2024-07-20 22:59:00,CNR9284348381,Success,CID253152,Prime Plus,Hebbal,Rajajinagar,301.0,105.0,Not Applicable,Not Applicable,No,Not Applicable,149,UPI,30,3.1,3.4
2024-07-01 02:31:00,CNR4900190719,Success,CID178126,Prime Sedan,Chickpet,Tumkur Road,280.0,85.0,Not Applicable,Not Applicable,No,Not Applicable,2242,Cash,7,3.5,4.9
2024-07-14 17:42:00,CNR4529649789,Success,CID460941,eBike,Hennur,Nagarbhavi,161.0,70.0,Not Applicable,Not Applicable,No,Not Applicable,388,Cash,43,4.7,3.5
2024-07-14 11:10:00,CNR5039761977,Success,CID175259,Prime Sedan,Basavanagudi,Ramamurthy Nagar,182.0,55.0,Not Applicable,Not Applicable,No,Not Applicable,241,UPI,36,3.6,4.1
2024-07-25 02:05:00,CNR3469708364,Canceled by Driver,CID358652,Bike,Chickpet,Yeshwanthpur,,,Not Applicable,Personal & Car related issue,Not Applicable,Not Applicable,684,Not Applicable,0,,
2024-07-30 12:15:00,CNR8015710600,Driver Not Found,CID372405,Bike,Shantinagar,Rajajinagar,,,Not Applicable,Not Applicable,Not Applicable,Not Applicable,576,Not Applicable,0,,
2024-07-14 22:20:00,CNR5930182236,Success,CID667721,Prime Plus,HSR Layout,KR Puram,210.0,30.0,Not Applicable,Not Applicable,No,Not Applicable,215,Credit Card,19,4.9,4.8
2024-07-09 18:22:00,CNR5862501364,Success,CID977836,Prime Plus,Mysore Road,Banashankari,238.0,120.0,Not Applicable,Not Applicable,No,Not Applicable,169,Credit Card,30,3.6,4.4
2024-07-25 15:30:00,CNR9557441038,Success,CID447384,Prime SUV,BTM Layout,JP Nagar,63.0,35.0,Not Applicable,Not Applicable,No,Not Applicable,202,Cash,22,4.9,3.2
2024-07-16 17:45:00,CNR1416303644,Canceled by Customer,CID916071,Auto,Jayanagar,Yeshwanthpur,,,Wrong Address,Not Applicable,Not Applicable,Not Applicable,2607,Not Applicable,0,,
2024-07-21 00:14:00,CNR9292593490,Success,CID478094,Prime Sedan,HSR Layout,Rajarajeshwari Nagar,49.0,85.0,Not Applicable,Not Applicable,No,Not Applicable,290,Cash,42,3.1,3.3
2024-07-03 01:43:00,CNR8486547753,Success,CID237544,Prime Plus,Tumkur Road,RT Nagar,210.0,55.0,Not Applicable,Not Applicable,No,Not Applicable,820,Cash,36,3.0,3.4
2024-07-30 05:59:00,CNR4638695994,Canceled by Driver,CID685200,Auto,Malleshwaram,Shivajinagar,,,Not Applicable,Customer related issue,Not Applicable,Not Applicable,352,Not Applicable,0,,
2024-07-27 12:18:00,CNR1626679172,Canceled by Customer,CID574868,Prime Sedan,Richmond Town,Nagarbhavi,,,Driver is not moving towards pickup location,Not Applicable,Not Applicable,Not Applicable,242,Not Applicable,0,,
2024-07-29 06:25:00,CNR3095842096,Success,CID753887,Prime Plus,Sarjapur Road,BTM Layout,287.0,40.0,Not Applicable,Not Applicable,No,Not Applicable,261,Cash,44,4.7,3.9
2024-07-02 04:18:00,CNR2283678695,Success,CID711267,Prime SUV,Bannerghatta Road,Electronic City,196.0,130.0,Not Applicable,Not Applicable,Yes,Other Issue,261,Cash,26,3.7,3.5
2024-07-09 05:13:00,CNR2102688767,Driver Not Found,CID470504,Mini,Richmond Town,Vijayanagar,,,Not Applicable,Not Applicable,Not Applicable,Not Applicable,763,Not Applicable,0,,
2024-07-23 09:47:00,CNR4494731541,Success,CID524304,Mini,Mysore Road,MG Road,77.0,30.0,Not Applicable,Not Applicable,No,Not Applicable,171,UPI,39,3.9,3.0
2024-07-24 09:02:00,CNR9680733526,Canceled by Customer,CID600091,Prime SUV,Bannerghatta Road,Electronic City,,,Change of plans,Not Applicable,Not Applicable,Not Applicable,149,Not Applicable,0,,
2024-07-09 09:11:00,CNR1403508720,Success,CID584992,eBike,Yeshwanthpur,Vijayanagar,259.0,135.0,Not Applicable,Not Applicable,No,Not Applicable,489,Cash,13,3.8,3.2
2024-07-24 07:17:00,CNR3367666822,Canceled by Driver,CID193216,Prime Plus,Langford Town,Sarjapur Road,,,Not Applicable,Personal & Car related issue,Not Applicable,Not Applicable,280,Not Applicable,0,,
2024-07-07 16:57:00,CNR9836239275,Canceled by Driver,CID152002,eBike,Varthur,Majestic,,,Not Applicable,Personal & Car related issue,Not Applicable,Not Applicable,151,Not Applicable,0,,
2024-07-26 01:44:00,CNR9573578813,Canceled by Driver,CID481311,Prime Sedan,Chickpet,Frazer Town,,,Not Applicable,Personal & Car related issue,Not Applicable,Not Applicable,132,Not Applicable,0,,
2024-07-05 06:07:00,CNR8420779458,Success,CID779774,Prime SUV,Tumkur Road,Rajajinagar,273.0,50.0,Not Applicable,Not Applicable,No,Not Applicable,227,Cash,10,3.2,4.3
2024-07-14 19:13:00,CNR1689961207,Success,CID737875,eBike,Yelahanka,RT Nagar,294.0,135.0,Not Applicable,Not Applicable,No,Not Applicable,465,Cash,42,3.9,5.0
2024-07-12 13:35:00,CNR9166819021,Success,CID814868,Prime Plus,BTM Layout,Frazer Town,175.0,110.0,Not Applicable,Not Applicable,No,Not Applicable,372,UPI,10,4.5,3.3
2024-07-11 14:30:00,CNR8718918130,Canceled by Driver,CID628447,eBike,BTM Layout,Ulsoor,,,Not Applicable,Customer related issue,Not Applicable,Not Applicable,166,Not Applicable,0,,
2024-07-15 02:19:00,CNR6939702290,Canceled by Driver,CID477544,Mini,Padmanabhanagar,Rajajinagar,,,Not Applicable,Customer related issue,Not Applicable,Not Applicable,402,Not Applicable,0,,
2024-07-07 18:36:00,CNR3654202456,Canceled by Driver,CID389710,eBike,Langford Town,Banashankari,,,Not Applicable,Customer related issue,Not Applicable,Not Applicable,335,Not Applicable,0,,
2024-07-25 17:43:00,CNR5151581753,Driver Not Found,CID849720,Auto,Chamarajpet,Marathahalli,,,Not Applicable,Not Applicable,Not Applicable,Not Applicable,227,Not Applicable,0,,
2024-07-08 16:05:00,CNR2200166617,Canceled by Driver,CID925085,Prime Plus,Varthur,BTM Layout,,,Not Applicable,Customer related issue,Not Applicable,Not Applicable,981,Not Applicable,0,,
2024-07-14 00:56:00,CNR6294172520,Success,CID438926,Auto,Chickpet,Rajajinagar,224.0,25.0,Not Applicable,Not Applicable,No,Not Applicable,645,Cash,6,4.2,3.6
2024-07-08 15:34:00,CNR2915709679,Success,CID597241,Mini,Koramangala,KR Puram,266.0,65.0,Not Applicable,Not Applicable,No,Not Applicable,498,UPI,42,3.1,4.2
2024-07-10 23:57:00,CNR1388808078,Canceled by Driver,CID808155,Mini,Malleshwaram,Whitefield,,,Not Applicable,Personal & Car related issue,Not Applicable,Not Applicable,295,Not Applicable,0,,
2024-07-27 18:51:00,CNR3895157732,Success,CID769499,Mini,Cox Town,Sahakar Nagar,308.0,35.0,Not Applicable,Not Applicable,No,Not Applicable,221,UPI,15,3.2,4.3
2024-07-13 19:35:00,CNR4238045142,Canceled by Customer,CID921111,Prime Plus,Bellandur,Majestic,,,AC is Not working,Not Applicable,Not Applicable,Not Applicable,306,Not Applicable,0,,
2024-07-12 22:39:00,CNR7200878787,Canceled by Driver,CID282082,Prime SUV,Kammanahalli,Marathahalli,,,Not Applicable,Personal & Car related issue,Not Applicable,Not Applicable,506,Not Applicable,0,,
2024-07-16 00:30:00,CNR6112820999,Canceled by Customer,CID841069,Prime SUV,Ulsoor,Hulimavu,,,Driver is not moving towards pickup location,Not Applicable,Not Applicable,Not Applicable,182,Not Applicable,0,,
2024-07-10 13:56:00,CNR4321755253,Success,CID517697,Bike,Shantinagar,JP Nagar,49.0,25.0,Not Applicable,Not Applicable,No,Not Applicable,964,UPI,7,3.7,4.6
2024-07-27 20:24:00,CNR6517026869,Success,CID677000,Prime Plus,Chickpet,Tumkur Road,252.0,135.0,Not Applicable,Not Applicable,No,Not Applicable,480,UPI,9,3.8,4.9
2024-07-10 20:37:00,CNR9377730191,Canceled by Driver,CID526416,Bike,MG Road,Jayanagar,,,Not Applicable,Personal & Car related issue,Not Applicable,Not Applicable,461,Not Applicable,0,,
2024-07-23 23:26:00,CNR7271630754,Success,CID680843,Mini,Kammanahalli,Basavanagudi,161.0,125.0,Not Applicable,Not Applicable,No,Not Applicable,113,UPI,47,3.9,4.9
2024-07-10 16:35:00,CNR6226192463,Canceled by Driver,CID799803,eBike,Marathahalli,Marathahalli,,,Not Applicable,Personal & Car related issue,Not Applicable,Not Applicable,219,Not Applicable,0,,
2024-07-24 22:45:00,CNR7702058875,Success,CID209596,Prime SUV,Mysore Road,Chickpet,133.0,85.0,Not Applicable,Not Applicable,No,Not Applicable,168,UPI,37,3.6,4.4
2024-07-10 21:50:00,CNR9241652124,Success,CID709902,eBike,Cox Town,Shantinagar,147.0,65.0,Not Applicable,Not Applicable,No,Not Applicable,314,Credit Card,14,4.5,3.2
2024-07-09 20:29:00,CNR7390451878,Canceled by Customer,CID662789,eBike,Tumkur Road,Yelahanka,,,Change of plans,Not Applicable,Not Applicable,Not Applicable,179,Not Applicable,0,,
2024-07-09 04:25:00,CNR1183015404,Success,CID445828,Auto,Devanahalli,Jayanagar,294.0,80.0,Not Applicable,Not Applicable,No,Not Applicable,334,Cash,7,4.1,3.6
2024-07-02 14:03:00,CNR7670478187,Success,CID463187,Auto,Yeshwanthpur,Kadugodi,49.0,40.0,Not Applicable,Not Applicable,No,Not Applicable,238,UPI,3,3.9,4.4
2024-07-29 17:38:00,CNR3941849263,Success,CID949788,Auto,Varthur,Majestic,189.0,95.0,Not Applicable,Not Applicable,No,Not Applicable,591,Cash,7,3.3,3.8
2024-07-17 06:25:00,CNR7355287049,Driver Not Found,CID905852,Prime Sedan,Ulsoor,Padmanabhanagar,,,Not Applicable,Not Applicable,Not Applicable,Not Applicable,645,Not Applicable,0,,
2024-07-25 08:42:00,CNR8111022569,Success,CID978670,Prime Plus,Electronic City,Sarjapur Road,70.0,80.0,Not Applicable,Not Applicable,No,Not Applicable,447,Cash,15,3.1,5.0
2024-07-13 11:28:00,CNR7691451702,Canceled by Driver,CID570344,Prime Sedan,Magadi Road,Shantinagar,,,Not Applicable,Personal & Car related issue,Not Applicable,Not Applicable,250,Not Applicable,0,,
2024-07-23 09:21:00,CNR3413216735,Success,CID513771,eBike,Whitefield,Hosur Road,308.0,105.0,Not Applicable,Not Applicable,No,Not Applicable,190,Cash,1,3.3,3.9
2024-07-06 11:59:00,CNR1978178708,Canceled by Driver,CID351970,eBike,Tumkur Road,Varthur,,,Not Applicable,Customer related issue,Not Applicable,Not Applicable,204,Not Applicable,0,,
2024-07-30 14:27:00,CNR8313256266,Success,CID146324,Prime Plus,Hebbal,Peenya,161.0,110.0,Not Applicable,Not Applicable,No,Not Applicable,401,Cash,23,3.4,3.5
2024-07-12 18:46:00,CNR4328187999,Canceled by Driver,CID862786,Auto,Rajajinagar,Bellandur,,,Not Applicable,Customer related issue,Not Applicable,Not Applicable,366,Not Applicable,0,,
2024-07-10 12:00:00,CNR6503732472,Success,CID702846,Auto,Kadugodi,Kadugodi,238.0,140.0,Not Applicable,Not Applicable,No,Not Applicable,820,Cash,10,3.2,3.2
2024-07-02 06:06:00,CNR8097249007,Canceled by Customer,CID755785,Prime Sedan,Langford Town,Bannerghatta Road,,,Driver is not moving towards pickup location,Not Applicable,Not Applicable,Not Applicable,129,Not Applicable,0,,
2024-07-13 03:52:00,CNR6563565149,Success,CID367358,Prime SUV,Kadugodi,KR Puram,133.0,130.0,Not Applicable,Not Applicable,No,Not Applicable,278,UPI,9,3.5,3.4
2024-07-25 20:00:00,CNR1368965919,Canceled by Driver,CID797843,eBike,Richmond Town,Malleshwaram,,,Not Applicable,More than permitted people in there,Not Applicable,Not Applicable,134,Not Applicable,0,,
2024-07-16 08:48:00,CNR3360482747,Canceled by Driver,CID675272,Mini,Magadi Road,Sarjapur Road,,,Not Applicable,Personal & Car related issue,Not Applicable,Not Applicable,908,Not Applicable,0,,
2024-07-29 13:02:00,CNR3340879447,Success,CID908702,Mini,Magadi Road,HSR Layout,245.0,100.0,Not Applicable,Not Applicable,No,Not Applicable,249,UPI,17,3.7,5.0
2024-07-20 14:44:00,CNR5405893668,Canceled by Driver,CID547682,eBike,Hosur Road,Bellandur,,,Not Applicable,Customer related issue,Not Applicable,Not Applicable,101,Not Applicable,0,,
2024-07-13 08:32:00,CNR2778705396,Success,CID516136,Prime Plus,Kammanahalli,Richmond Town,147.0,65.0,Not Applicable,Not Applicable,No,Not Applicable,227,Cash,14,4.5,3.5
2024-07-30 23:49:00,CNR7508669594,Canceled by Driver,CID259142,eBike,Richmond Town,Varthur,,,Not Applicable,Customer related issue,Not Applicable,Not Applicable,376,Not Applicable,0,,
2024-07-05 14:46:00,CNR6974596660,Success,CID524406,Auto,Padmanabhanagar,Koramangala,203.0,65.0,Not Applicable,Not Applicable,No,Not Applicable,104,Cash,11,4.5,3.4
2024-07-13 14:49:00,CNR4968151670,Driver Not Found,CID504948,Prime SUV,Malleshwaram,Frazer Town,,,Not Applicable,Not Applicable,Not Applicable,Not Applicable,119,Not Applicable,0,,
2024-07-24 14:11:00,CNR3595313483,Success,CID465112,Prime SUV,Whitefield,Majestic,196.0,105.0,Not Applicable,Not Applicable,No,Not Applicable,163,UPI,10,3.8,3.1
2024-07-23 16:15:00,CNR8730819697,Success,CID297292,Prime Sedan,Marathahalli,Yeshwanthpur,217.0,50.0,Not Applicable,Not Applicable,No,Not Applicable,268,UPI,12,4.5,3.4
2024-07-25 16:12:00,CNR1542344678,Canceled by Driver,CID412731,Prime Sedan,MG Road,Hennur,,,Not Applicable,Customer related issue,Not Applicable,Not Applicable,453,Not Applicable,0,,
2024-07-20 09:35:00,CNR6984156145,Success,CID495998,Prime SUV,Bannerghatta Road,Frazer Town,182.0,55.0,Not Applicable,Not Applicable,No,Not Applicable,430,Cash,35,4.0,4.1
2024-07-30 09:43:00,CNR3271252697,Success,CID836645,Prime SUV,Basavanagudi,Shantinagar,63.0,45.0,Not Applicable,Not Applicable,No,Not Applicable,940,UPI,22,3.8,3.6
2024-07-12 17:29:00,CNR3719590680,Success,CID601577,eBike,Frazer Town,Shivajinagar,77.0,35.0,Not Applicable,Not Applicable,No,Not Applicable,144,UPI,49,4.3,4.4
2024-07-06 01:35:00,CNR4866703150,Canceled by Driver,CID150839,Mini,Rajajinagar,Koramangala,,,Not Applicable,More than permitted people in there,Not Applicable,Not Applicable,498,Not Applicable,0,,
2024-07-11 15:05:00,CNR7937806006,Canceled by Driver,CID777481,Mini,Mysore Road,Peenya,,,Not Applicable,More than permitted people in there,Not Applicable,Not Applicable,2510,Not Applicable,0,,
2024-07-01 23:16:00,CNR1160764356,Success,CID379511,Prime Sedan,Richmond Town,Magadi Road,133.0,85.0,Not Applicable,Not Applicable,No,Not Applicable,940,UPI,47,4.1,4.1
2024-07-11 00:35:00,CNR8455561086,Success,CID895380,Prime Plus,Tumkur Road,Rajarajeshwari Nagar,224.0,95.0,Not Applicable,Not Applicable,No,Not Applicable,318,UPI,14,4.0,3.0
2024-07-25 10:32:00,CNR4591444239,Canceled by Driver,CID530985,Mini,Bellandur,Indiranagar,,,Not Applicable,More than permitted people in there,Not Applicable,Not Applicable,307,Not Applicable,0,,
2024-07-29 00:28:00,CNR1226987644,Canceled by Customer,CID383656,Prime SUV,Sahakar Nagar,Langford Town,,,Driver asked to cancel,Not Applicable,Not Applicable,Not Applicable,716,Not Applicable,0,,
2024-07-23 07:23:00,CNR2744174290,Success,CID874547,Prime Sedan,Hennur,Magadi Road,182.0,30.0,Not Applicable,Not Applicable,Yes,Vehicle Breakdown,525,UPI,15,4.2,4.7
2024-07-29 05:54:00,CNR1749220383,Success,CID311549,Auto,Cox Town,Cox Town,42.0,45.0,Not Applicable,Not Applicable,No,Not Applicable,424,Cash,6,4.3,3.8
2024-07-04 16:27:00,CNR2296831207,Success,CID234986,Bike,Malleshwaram,Hebbal,84.0,130.0,Not Applicable,Not Applicable,No,Not Applicable,238,UPI,48,3.1,3.4
2024-07-22 10:10:00,CNR5989073150,Success,CID244945,Bike,Indiranagar,Devanahalli,182.0,75.0,Not Applicable,Not Applicable,No,Not Applicable,466,Cash,30,4.6,3.9
2024-07-27 22:21:00,CNR7428404325,Success,CID280704,Bike,Rajajinagar,Yelahanka,252.0,120.0,Not Applicable,Not Applicable,No,Not Applicable,2707,Cash,40,3.5,4.2
2024-07-26 14:11:00,CNR6718693105,Canceled by Driver,CID410258,Prime Plus,Tumkur Road,KR Puram,,,Not Applicable,Customer was coughing/sick,Not Applicable,Not Applicable,292,Not Applicable,0,,
2024-07-16 20:25:00,CNR8808224107,Success,CID945715,eBike,Bannerghatta Road,Koramangala,154.0,45.0,Not Applicable,Not Applicable,No,Not Applicable,192,Cash,44,4.8,3.1
2024-07-14 11:58:00,CNR1225680528,Success,CID844810,Bike,Majestic,Ramamurthy Nagar,126.0,145.0,Not Applicable,Not Applicable,No,Not Applicable,335,Cash,35,3.5,4.5
2024-07-05 12:00:00,CNR1592022912,Success,CID478115,Auto,Ramamurthy Nagar,Nagarbhavi,280.0,40.0,Not Applicable,Not Applicable,Yes,Vehicle Breakdown,2722,Cash,3,3.7,4.2
2024-07-24 13:46:00,CNR3608816187,Success,CID800585,Mini,Devanahalli,Rajarajeshwari Nagar,140.0,35.0,Not Applicable,Not Applicable,No,Not Applicable,140,UPI,39,3.1,3.1
2024-07-22 17:30:00,CNR2538035372,Canceled by Driver,CID888454,Prime Plus,Shantinagar,Electronic City,,,Not Applicable,Customer was coughing/sick,Not Applicable,Not Applicable,1420,Not Applicable,0,,
2024-07-02 11:42:00,CNR5722634744,Success,CID880772,Prime Sedan,MG Road,Devanahalli,84.0,110.0,Not Applicable,Not Applicable,No,Not Applicable,275,Cash,21,3.1,4.5
2024-07-26 04:32:00,CNR8008898797,Success,CID658911,eBike,Nagarbhavi,Chickpet,259.0,60.0,Not Applicable,Not Applicable,No,Not Applicable,462,Cash,44,5.0,3.5
2024-07-08 12:30:00,CNR2998292722,Canceled by Driver,CID487868,Prime SUV,Rajajinagar,Varthur,,,Not Applicable,More than permitted people in there,Not Applicable,Not Applicable,549,Not Applicable,0,,
2024-07-09 07:18:00,CNR5024429124,Success,CID830560,Prime SUV,Magadi Road,Hosur Road,154.0,95.0,Not Applicable,Not Applicable,No,Not Applicable,341,Cash,17,4.6,4.4
2024-07-06 04:24:00,CNR5166164620,Canceled by Driver,CID280470,Auto,Cox Town,Kammanahalli,,,Not Applicable,Personal & Car related issue,Not Applicable,Not Applicable,202,Not Applicable,0,,
2024-07-25 00:46:00,CNR2202515468,Success,CID975498,Prime SUV,Sahakar Nagar,Vijayanagar,112.0,60.0,Not Applicable,Not Applicable,No,Not Applicable,437,Cash,18,3.5,3.2
2024-07-23 16:53:00,CNR4304542933,Success,CID509258,Prime Sedan,Tumkur Road,Chickpet,224.0,100.0,Not Applicable,Not Applicable,No,Not Applicable,548,Cash,39,4.9,3.9
2024-07-19 17:25:00,CNR8589312106,Success,CID243948,Mini,Electronic City,Shantinagar,252.0,80.0,Not Applicable,Not Applicable,No,Not Applicable,446,Cash,23,3.1,4.9
2024-07-28 23:12:00,CNR6796680355,Success,CID137170,Bike,Kengeri,Rajajinagar,63.0,110.0,Not Applicable,Not Applicable,No,Not Applicable,166,UPI,6,3.5,4.2
2024-07-02 00:26:00,CNR6884054997,Success,CID212817,Prime Sedan,Kengeri,Yelahanka,273.0,30.0,Not Applicable,Not Applicable,No,Not Applicable,407,UPI,49,4.3,4.2
2024-07-08 06:42:00,CNR4739103100,Success,CID855858,eBike,Shivajinagar,Nagarbhavi,105.0,65.0,Not Applicable,Not Applicable,No,Not Applicable,675,UPI,47,4.8,4.6
2024-07-07 06:32:00,CNR6024906929,Success,CID573576,eBike,Varthur,Yeshwanthpur,70.0,70.0,Not Applicable,Not Applicable,No,Not Applicable,129,Cash,10,4.3,4.1
2024-07-05 19:21:00,CNR3279344676,Success,CID616670,Prime Plus,Hulimavu,Hulimavu,252.0,145.0,Not Applicable,Not Applicable,No,Not Applicable,192,Cash,36,4.3,4.8
2024-07-18 20:41:00,CNR6367623504,Canceled by Customer,CID209112,Prime Plus,Ramamurthy Nagar,Jayanagar,,,Change of plans,Not Applicable,Not Applicable,Not Applicable,178,Not Applicable,0,,
2024-07-25 04:08:00,CNR8841131157,Canceled by Driver,CID994368,Prime Sedan,Peenya,JP Nagar,,,Not Applicable,Personal & Car related issue,Not Applicable,Not Applicable,252,Not Applicable,0,,
2024-07-21 21:04:00,CNR8597153261,Success,CID619013,Prime Plus,Rajajinagar,Kengeri,133.0,50.0,Not Applicable,Not Applicable,No,Not Applicable,308,Cash,11,3.7,4.0
2024-07-15 05:24:00,CNR5789449129,Success,CID711933,Prime Sedan,Devanahalli,Ramamurthy Nagar,245.0,120.0,Not Applicable,Not Applicable,No,Not Applicable,348,UPI,9,3.9,4.0
2024-07-08 06:37:00,CNR9262412070,Success,CID476033,Prime SUV,Hosur Road,HSR Layout,119.0,75.0,Not Applicable,Not Applicable,No,Not Applicable,441,Credit Card,38,4.8,3.9
2024-07-03 09:38:00,CNR8897975651,Success,CID985045,Prime Sedan,Hennur,Peenya,112.0,110.0,Not Applicable,Not Applicable,Yes,Vehicle Breakdown,1749,UPI,7,4.7,3.8
2024-07-01 07:19:00,CNR6064981741,Success,CID419473,Prime Sedan,Hennur,Padmanabhanagar,161.0,65.0,Not Applicable,Not Applicable,No,Not Applicable,436,UPI,9,3.7,3.4
2024-07-11 07:39:00,CNR6803868693,Success,CID204124,Prime Plus,Ramamurthy Nagar,Shivajinagar,161.0,105.0,Not Applicable,Not Applicable,No,Not Applicable,393,UPI,45,4.7,4.7
2024-07-17 13:16:00,CNR6844449814,Success,CID141586,Mini,Kengeri,Ramamurthy Nagar,119.0,105.0,Not Applicable,Not Applicable,No,Not Applicable,313,UPI,26,3.7,4.9
2024-07-02 07:08:00,CNR8747837413,Success,CID372754,Prime Sedan,Frazer Town,Ulsoor,294.0,35.0,Not Applicable,Not Applicable,No,Not Applicable,2031,Cash,8,3.8,4.3
2024-07-29 00:21:00,CNR2329442114,Driver Not Found,CID174986,Prime Plus,Marathahalli,Kammanahalli,,,Not Applicable,Not Applicable,Not Applicable,Not Applicable,122,Not Applicable,0,,
2024-07-05 11:53:00,CNR2952630604,Canceled by Customer,CID190462,Bike,Richmond Town,Electronic City,,,Change of plans,Not Applicable,Not Applicable,Not Applicable,310,Not Applicable,0,,
2024-07-13 10:22:00,CNR4877963947,Canceled by Customer,CID999255,Prime SUV,Hennur,MG Road,,,Change of plans,Not Applicable,Not Applicable,Not Applicable,139,Not Applicable,0,,
2024-07-26 18:32:00,CNR8150539561,Success,CID609313,Prime SUV,Kadugodi,Ulsoor,63.0,100.0,Not Applicable,Not Applicable,No,Not Applicable,375,Cash,45,4.4,3.9
2024-07-16 12:12:00,CNR3313270297,Success,CID555246,Prime SUV,Hulimavu,Hebbal,252.0,80.0,Not Applicable,Not Applicable,No,Not Applicable,862,Cash,4,4.7,4.6
2024-07-10 23:14:00,CNR4442685679,Driver Not Found,CID519687,Bike,Yelahanka,Vijayanagar,,,Not Applicable,Not Applicable,Not Applicable,Not Applicable,882,Not Applicable,0,,
2024-07-20 15:38:00,CNR7014922990,Success,CID482124,eBike,HSR Layout,Nagarbhavi,70.0,25.0,Not Applicable,Not Applicable,No,Not Applicable,681,UPI,25,3.1,4.8
2024-07-17 11:22:00,CNR6367203733,Success,CID248353,eBike,Majestic,JP Nagar,147.0,140.0,Not Applicable,Not Applicable,No,Not Applicable,373,Cash,30,3.7,4.3
2024-07-26 17:09:00,CNR4076664831,Success,CID911411,eBike,Sarjapur Road,Chickpet,126.0,90.0,Not Applicable,Not Applicable,No,Not Applicable,386,UPI,9,4.8,3.2
2024-07-09 05:12:00,CNR5380180908,Canceled by Driver,CID822472,eBike,Mysore Road,Mysore Road,,,Not Applicable,Customer related issue,Not Applicable,Not Applicable,290,Not Applicable,0,,
2024-07-13 00:35:00,CNR9782094714,Success,CID203934,Auto,Yelahanka,Sahakar Nagar,56.0,75.0,Not Applicable,Not Applicable,No,Not Applicable,1180,UPI,9,3.5,3.5
2024-07-17 20:51:00,CNR8810403690,Success,CID303066,eBike,Indiranagar,Nagarbhavi,42.0,145.0,Not Applicable,Not Applicable,No,Not Applicable,361,UPI,2,4.5,4.6
2024-07-10 11:12:00,CNR7377017601,Driver Not Found,CID100807,Bike,Cox Town,Magadi Road,,,Not Applicable,Not Applicable,Not Applicable,Not Applicable,953,Not Applicable,0,,
2024-07-11 10:08:00,CNR4687194309,Driver Not Found,CID505084,Prime Sedan,Rajarajeshwari Nagar,RT Nagar,,,Not Applicable,Not Applicable,Not Applicable,Not Applicable,219,Not Applicable,0,,
2024-07-20 14:58:00,CNR9142868887,Canceled by Driver,CID227889,Auto,Ramamurthy Nagar,Rajajinagar,,,Not Applicable,Customer was coughing/sick,Not Applicable,Not Applicable,320,Not Applicable,0,,
2024-07-26 12:12:00,CNR6100646419,Driver Not Found,CID224265,Prime SUV,Electronic City,Electronic City,,,Not Applicable,Not Applicable,Not Applicable,Not Applicable,218,Not Applicable,0,,
2024-07-22 13:24:00,CNR3464398931,Success,CID123365,Mini,BTM Layout,Ulsoor,224.0,100.0,Not Applicable,Not Applicable,No,Not Applicable,454,Cash,42,4.2,3.6
2024-07-25 09:15:00,CNR1664216007,Success,CID448191,Auto,JP Nagar,Sarjapur Road,35.0,100.0,Not Applicable,Not Applicable,No,Not Applicable,454,Cash,2,3.3,4.1
2024-07-10 11:06:00,CNR5687242949,Success,CID566831,eBike,Malleshwaram,Jayanagar,182.0,135.0,Not Applicable,Not Applicable,No,Not Applicable,829,Cash,6,3.0,4.3
2024-07-05 22:41:00,CNR1501928617,Canceled by Customer,CID843714,Bike,Mysore Road,Hulimavu,,,Driver is not moving towards pickup location,Not Applicable,Not Applicable,Not Applicable,373,Not Applicable,0,,
2024-07-03 13:33:00,CNR5274184944,Success,CID102378,Prime Plus,MG Road,Hosur Road,119.0,30.0,Not Applicable,Not Applicable,No,Not Applicable,735,Cash,5,4.4,4.2
2024-07-15 00:49:00,CNR9865699511,Success,CID653612,Mini,KR Puram,Langford Town,238.0,140.0,Not Applicable,Not Applicable,No,Not Applicable,495,Cash,40,3.9,4.2
2024-07-19 12:58:00,CNR3683665682,Success,CID244911,Prime Sedan,Whitefield,Richmond Town,49.0,130.0,Not Applicable,Not Applicable,No,Not Applicable,214,Cash,12,3.2,4.1
2024-07-29 05:39:00,CNR7755725413,Success,CID317740,Mini,Devanahalli,HSR Layout,84.0,35.0,Not Applicable,Not Applicable,No,Not Applicable,464,Cash,3,4.8,4.9
2024-07-15 17:23:00,CNR3262528093,Success,CID239823,Auto,RT Nagar,MG Road,182.0,45.0,Not Applicable,Not Applicable,No,Not Applicable,182,UPI,1,4.9,4.3
2024-07-20 18:30:00,CNR1391002300,Success,CID859580,eBike,Hennur,Frazer Town,126.0,145.0,Not Applicable,Not Applicable,No,Not Applicable,126,UPI,8,4.1,3.6
2024-07-30 02:03:00,CNR9423735694,Success,CID704945,Prime Sedan,Koramangala,Kengeri,203.0,80.0,Not Applicable,Not Applicable,No,Not Applicable,447,UPI,4,4.7,4.9
2024-07-29 05:41:00,CNR7651953198,Canceled by Customer,CID215348,Prime Sedan,Indiranagar,Hebbal,,,Change of plans,Not Applicable,Not Applicable,Not Applicable,683,Not Applicable,0,,
2024-07-15 17:56:00,CNR8382272960,Success,CID243798,Bike,BTM Layout,Chamarajpet,70.0,60.0,Not Applicable,Not Applicable,No,Not Applicable,434,Cash,36,3.9,3.7
2024-07-29 06:45:00,CNR4828085382,Success,CID221050,Prime SUV,Langford Town,Rajarajeshwari Nagar,35.0,110.0,Not Applicable,Not Applicable,No,Not Applicable,440,UPI,13,4.9,3.2
2024-07-22 14:25:00,CNR4521898316,Canceled by Customer,CID414244,Prime SUV,Hosur Road,Yeshwanthpur,,,Change of plans,Not Applicable,Not Applicable,Not Applicable,130,Not Applicable,0,,
2024-07-21 10:53:00,CNR1924918872,Canceled by Customer,CID848246,Bike,Hulimavu,Richmond Town,,,Driver asked to cancel,Not Applicable,Not Applicable,Not Applicable,210,Not Applicable,0,,
2024-07-20 19:59:00,CNR1399019315,Success,CID376720,eBike,Indiranagar,Basavanagudi,210.0,120.0,Not Applicable,Not Applicable,No,Not Applicable,526,Cash,32,3.2,3.9
2024-07-11 15:21:00,CNR8202513201,Canceled by Driver,CID123620,Bike,Peenya,Electronic City,,,Not Applicable,Personal & Car related issue,Not Applicable,Not Applicable,107,Not Applicable,0,,
2024-07-07 13:41:00,CNR8538167398,Success,CID709631,Prime SUV,Hulimavu,MG Road,56.0,70.0,Not Applicable,Not Applicable,No,Not Applicable,273,Cash,5,4.4,4.8
2024-07-07 03:38:00,CNR8267660000,Success,CID213540,Bike,Koramangala,Basavanagudi,91.0,120.0,Not Applicable,Not Applicable,No,Not Applicable,799,Cash,40,4.0,4.9
2024-07-30 17:07:00,CNR8332644557,Success,CID927067,Prime Sedan,Indiranagar,Banashankari,49.0,85.0,Not Applicable,Not Applicable,No,Not Applicable,451,UPI,16,3.5,5.0
2024-07-23 10:10:00,CNR9743113914,Canceled by Driver,CID246231,Prime SUV,Marathahalli,Ramamurthy Nagar,,,Not Applicable,Customer related issue,Not Applicable,Not Applicable,114,Not Applicable,0,,
2024-07-24 17:50:00,CNR7088574158,Driver Not Found,CID445606,Prime Sedan,Chamarajpet,Hebbal,,,Not Applicable,Not Applicable,Not Applicable,Not Applicable,284,Not Applicable,0,,
2024-07-30 09:11:00,CNR4987317598,Success,CID519514,Prime Plus,Chamarajpet,Whitefield,280.0,110.0,Not Applicable,Not Applicable,Yes,Customer Demand,689,UPI,35,3.4,3.9
2024-07-05 15:28:00,CNR3330700509,Driver Not Found,CID668578,eBike,Chickpet,Shivajinagar,,,Not Applicable,Not Applicable,Not Applicable,Not Applicable,2360,Not Applicable,0,,
2024-07-03 21:00:00,CNR7233655554,Canceled by Customer,CID798741,Mini,Basavanagudi,Kadugodi,,,AC is Not working,Not Applicable,Not Applicable,Not Applicable,143,Not Applicable,0,,
2024-07-14 04:38:00,CNR1407275253,Canceled by Driver,CID534780,Mini,Chamarajpet,Ulsoor,,,Not Applicable,Personal & Car related issue,Not Applicable,Not Applicable,1420,Not Applicable,0,,
2024-07-17 14:14:00,CNR8005305974,Canceled by Customer,CID754737,Prime Sedan,Basavanagudi,Vijayanagar,,,Driver is not moving towards pickup location,Not Applicable,Not Applicable,Not Applicable,777,Not Applicable,0,,
2024-07-20 04:26:00,CNR1550307281,Success,CID502028,eBike,Rajarajeshwari Nagar,Shantinagar,294.0,60.0,Not Applicable,Not Applicable,No,Not Applicable,746,Cash,33,4.8,3.2
2024-07-30 12:02:00,CNR1246818756,Success,CID524867,Bike,Malleshwaram,Richmond Town,224.0,60.0,Not Applicable,Not Applicable,No,Not Applicable,147,UPI,13,3.2,3.2
2024-07-14 12:02:00,CNR7171357088,Success,CID444932,Bike,BTM Layout,Kengeri,119.0,140.0,Not Applicable,Not Applicable,No,Not Applicable,372,Cash,6,3.3,4.8
2024-07-08 21:05:00,CNR3475690105,Success,CID740975,Bike,Rajajinagar,Shivajinagar,175.0,85.0,Not Applicable,Not Applicable,No,Not Applicable,978,UPI,13,3.6,3.1
2024-07-21 19:44:00,CNR5490537286,Success,CID850063,Prime SUV,Hennur,Banashankari,168.0,65.0,Not Applicable,Not Applicable,No,Not Applicable,300,UPI,23,4.2,3.1
2024-07-14 12:06:00,CNR7922982215,Success,CID608812,Prime Plus,RT Nagar,Kengeri,182.0,65.0,Not Applicable,Not Applicable,No,Not Applicable,132,UPI,5,3.1,4.9
2024-07-11 03:52:00,CNR9253840945,Success,CID637456,Bike,MG Road,Sahakar Nagar,168.0,125.0,Not Applicable,Not Applicable,No,Not Applicable,210,UPI,28,4.0,5.0
2024-07-15 08:01:00,CNR2981989901,Canceled by Driver,CID879695,Mini,Vijayanagar,Chamarajpet,,,Not Applicable,More than permitted people in there,Not Applicable,Not Applicable,228,Not Applicable,0,,
2024-07-12 00:37:00,CNR1416626994,Success,CID304291,Auto,Shantinagar,Peenya,217.0,55.0,Not Applicable,Not Applicable,No,Not Applicable,318,Cash,17,4.6,4.3
2024-07-23 03:43:00,CNR2469459489,Driver Not Found,CID837130,Prime Sedan,BTM Layout,Majestic,,,Not Applicable,Not Applicable,Not Applicable,Not Applicable,796,Not Applicable,0,,
2024-07-25 18:09:00,CNR5753832569,Canceled by Driver,CID498366,Bike,Kengeri,Hulimavu,,,Not Applicable,More than permitted people in there,Not Applicable,Not Applicable,258,Not Applicable,0,,
2024-07-22 14:13:00,CNR6927015290,Success,CID645017,eBike,Cox Town,Kadugodi,245.0,110.0,Not Applicable,Not Applicable,No,Not Applicable,407,UPI,29,4.1,4.4
2024-07-23 04:26:00,CNR3383807552,Success,CID924260,Prime Plus,Shantinagar,Shivajinagar,259.0,140.0,Not Applicable,Not Applicable,No,Not Applicable,350,Cash,5,3.5,4.6
2024-07-10 23:33:00,CNR6567642391,Success,CID606979,Bike,Vijayanagar,Marathahalli,56.0,35.0,Not Applicable,Not Applicable,No,Not Applicable,357,UPI,33,4.9,4.5
2024-07-09 05:35:00,CNR1874400132,Canceled by Driver,CID153608,Auto,Devanahalli,MG Road,,,Not Applicable,Personal & Car related issue,Not Applicable,Not Applicable,432,Not Applicable,0,,
2024-07-05 01:47:00,CNR1508611195,Success,CID905878,Prime SUV,Cox Town,Electronic City,70.0,55.0,Not Applicable,Not Applicable,No,Not Applicable,228,UPI,27,4.5,4.6
2024-07-01 03:35:00,CNR2861415652,Canceled by Customer,CID983832,Auto,Majestic,Chickpet,,,Change of plans,Not Applicable,Not Applicable,Not Applicable,195,Not Applicable,0,,
2024-07-08 12:15:00,CNR2060991561,Success,CID718357,Prime Plus,Sarjapur Road,Sahakar Nagar,119.0,85.0,Not Applicable,Not Applicable,No,Not Applicable,2465,Cash,34,4.9,4.6
2024-07-18 07:42:00,CNR5367383801,Success,CID255428,Bike,Indiranagar,Peenya,154.0,50.0,Not Applicable,Not Applicable,No,Not Applicable,486,Cash,20,3.0,3.3
2024-07-08 22:33:00,CNR6477162275,Canceled by Driver,CID423015,Prime Sedan,Ulsoor,Vijayanagar,,,Not Applicable,Personal & Car related issue,Not Applicable,Not Applicable,490,Not Applicable,0,,
2024-07-15 18:00:00,CNR1667110833,Canceled by Driver,CID548515,eBike,Magadi Road,Tumkur Road,,,Not Applicable,Personal & Car related issue,Not Applicable,Not Applicable,380,Not Applicable,0,,
2024-07-10 00:20:00,CNR3590479415,Driver Not Found,CID945656,Bike,MG Road,Devanahalli,,,Not Applicable,Not Applicable,Not Applicable,Not Applicable,474,Not Applicable,0,,
2024-07-15 06:42:00,CNR7196079553,Success,CID878459,Mini,Banashankari,Padmanabhanagar,77.0,55.0,Not Applicable,Not Applicable,Yes,Vehicle Breakdown,410,UPI,37,3.2,4.5
2024-07-28 05:32:00,CNR5461554813,Success,CID688282,Prime Sedan,HSR Layout,Varthur,294.0,140.0,Not Applicable,Not Applicable,No,Not Applicable,632,UPI,33,5.0,3.0
2024-07-07 20:45:00,CNR1711529406,Success,CID513656,Prime SUV,Tumkur Road,Rajarajeshwari Nagar,126.0,70.0,Not Applicable,Not Applicable,No,Not Applicable,785,UPI,44,3.5,4.5
2024-07-22 18:26:00,CNR7354290840,Canceled by Customer,CID151288,eBike,Hennur,Chickpet,,,Wrong Address,Not Applicable,Not Applicable,Not Applicable,760,Not Applicable,0,,
2024-07-24 05:43:00,CNR1467249185,Canceled by Driver,CID123344,eBike,Sahakar Nagar,Koramangala,,,Not Applicable,Personal & Car related issue,Not Applicable,Not Applicable,571,Not Applicable,0,,
2024-07-21 10:35:00,CNR3010280257,Success,CID386155,Prime Plus,Kengeri,BTM Layout,84.0,85.0,Not Applicable,Not Applicable,No,Not Applicable,695,UPI,17,3.9,4.0
2024-07-08 12:35:00,CNR3357554422,Success,CID702521,eBike,Indiranagar,Electronic City,84.0,75.0,Not Applicable,Not Applicable,No,Not Applicable,435,Cash,16,4.2,3.9
2024-07-02 00:41:00,CNR4993439763,Success,CID757565,Prime Plus,Cox Town,Varthur,245.0,60.0,Not Applicable,Not Applicable,No,Not Applicable,145,Credit Card,16,4.2,4.4
2024-07-07 20:24:00,CNR1375294724,Success,CID296500,Bike,Shantinagar,Devanahalli,147.0,80.0,Not Applicable,Not Applicable,No,Not Applicable,311,Cash,42,4.8,4.3
2024-07-23 23:41:00,CNR8051261128,Success,CID408377,eBike,Majestic,Sarjapur Road,63.0,125.0,Not Applicable,Not Applicable,No,Not Applicable,663,UPI,12,3.7,4.9
2024-07-11 06:47:00,CNR5460893915,Success,CID753898,Prime SUV,MG Road,Rajarajeshwari Nagar,259.0,30.0,Not Applicable,Not Applicable,No,Not Applicable,178,Cash,26,3.2,4.8
2024-07-08 02:35:00,CNR8503528409,Canceled by Customer,CID371673,Mini,Malleshwaram,Hebbal,,,Driver is not moving towards pickup location,Not Applicable,Not Applicable,Not Applicable,178,Not Applicable,0,,
2024-07-10 20:43:00,CNR8670271011,Success,CID766010,Prime Plus,Nagarbhavi,Richmond Town,77.0,130.0,Not Applicable,Not Applicable,No,Not Applicable,529,Cash,39,4.0,4.0
2024-07-05 13:08:00,CNR9220003925,Success,CID621534,eBike,Vijayanagar,RT Nagar,63.0,80.0,Not Applicable,Not Applicable,No,Not Applicable,297,Cash,33,4.7,4.0
2024-07-14 01:23:00,CNR4440355368,Canceled by Driver,CID954902,Bike,Yeshwanthpur,Kengeri,,,Not Applicable,More than permitted people in there,Not Applicable,Not Applicable,363,Not Applicable,0,,
2024-07-26 00:39:00,CNR3821931248,Success,CID700701,Prime SUV,Yeshwanthpur,BTM Layout,70.0,60.0,Not Applicable,Not Applicable,No,Not Applicable,174,Cash,2,3.9,3.6
2024-07-28 07:57:00,CNR7284295286,Canceled by Customer,CID955144,Prime Plus,Jayanagar,Indiranagar,,,Driver asked to cancel,Not Applicable,Not Applicable,Not Applicable,460,Not Applicable,0,,
2024-07-09 19:11:00,CNR9894447428,Canceled by Customer,CID247302,Prime SUV,Banashankari,Ramamurthy Nagar,,,AC is Not working,Not Applicable,Not Applicable,Not Applicable,176,Not Applicable,0,,
2024-07-03 03:57:00,CNR3273423492,Success,CID594347,Auto,Varthur,Vijayanagar,147.0,130.0,Not Applicable,Not Applicable,No,Not Applicable,151,Cash,7,3.6,5.0
2024-07-23 11:24:00,CNR4882188343,Canceled by Customer,CID724999,Bike,Frazer Town,Yelahanka,,,Driver is not moving towards pickup location,Not Applicable,Not Applicable,Not Applicable,966,Not Applicable,0,,
2024-07-21 11:38:00,CNR4617817641,Success,CID834616,Bike,Hebbal,HSR Layout,259.0,70.0,Not Applicable,Not Applicable,No,Not Applicable,242,UPI,9,5.0,3.6
2024-07-09 04:59:00,CNR3531222257,Success,CID114944,Auto,Banashankari,Kengeri,294.0,135.0,Not Applicable,Not Applicable,No,Not Applicable,108,UPI,5,4.8,3.7
2024-07-23 21:35:00,CNR8879810735,Success,CID781953,Prime Plus,Hulimavu,Whitefield,294.0,120.0,Not Applicable,Not Applicable,No,Not Applicable,141,Cash,26,4.8,3.7
2024-07-07 18:57:00,CNR1696012724,Success,CID581967,Prime SUV,Shantinagar,Nagarbhavi,112.0,105.0,Not Applicable,Not Applicable,Yes,Other Issue,116,Cash,15,4.5,4.0
2024-07-10 19:29:00,CNR1780512280,Success,CID836954,Prime Sedan,Langford Town,MG Road,84.0,55.0,Not Applicable,Not Applicable,No,Not Applicable,343,UPI,11,4.9,4.6
2024-07-26 14:35:00,CNR1032292898,Success,CID296218,Prime Plus,Devanahalli,Tumkur Road,189.0,30.0,Not Applicable,Not Applicable,No,Not Applicable,374,Cash,34,4.3,3.4
2024-07-14 20:55:00,CNR5114522746,Success,CID508283,eBike,Jayanagar,Langford Town,63.0,55.0,Not Applicable,Not Applicable,No,Not Applicable,253,Cash,11,3.5,3.7
2024-07-08 10:21:00,CNR4078676321,Driver Not Found,CID315856,Auto,Bannerghatta Road,Kadugodi,,,Not Applicable,Not Applicable,Not Applicable,Not Applicable,652,Not Applicable,0,,
2024-07-10 09:36:00,CNR2616958636,Success,CID205245,Bike,RT Nagar,Electronic City,63.0,45.0,Not Applicable,Not Applicable,No,Not Applicable,445,Cash,5,5.0,3.3
2024-07-20 16:09:00,CNR8729345328,Canceled by Driver,CID428046,Prime SUV,Koramangala,Marathahalli,,,Not Applicable,More than permitted people in there,Not Applicable,Not Applicable,860,Not Applicable,0,,
2024-07-22 15:42:00,CNR1875730247,Canceled by Driver,CID560923,Auto,Peenya,Frazer Town,,,Not Applicable,Customer was coughing/sick,Not Applicable,Not Applicable,250,Not Applicable,0,,
2024-07-02 06:50:00,CNR6120988479,Driver Not Found,CID992068,Prime SUV,Jayanagar,Malleshwaram,,,Not Applicable,Not Applicable,Not Applicable,Not Applicable,162,Not Applicable,0,,
2024-07-21 11:56:00,CNR1221446777,Success,CID428081,Prime Plus,Hulimavu,Indiranagar,203.0,40.0,Not Applicable,Not Applicable,No,Not Applicable,373,Cash,12,3.4,4.2
2024-07-30 18:06:00,CNR2326604674,Success,CID476532,Prime SUV,Tumkur Road,Shivajinagar,42.0,25.0,Not Applicable,Not Applicable,No,Not Applicable,328,Credit Card,30,3.9,4.0
2024-07-14 17:14:00,CNR7001530510,Success,CID984623,eBike,Varthur,Bellandur,280.0,35.0,Not Applicable,Not Applicable,No,Not Applicable,406,UPI,44,3.6,3.2
2024-07-26 10:04:00,CNR1045937254,Success,CID914973,Bike,Koramangala,Koramangala,126.0,80.0,Not Applicable,Not Applicable,No,Not Applicable,817,Cash,44,4.1,4.8
2024-07-18 14:08:00,CNR2964216170,Success,CID932432,eBike,Malleshwaram,Magadi Road,147.0,60.0,Not Applicable,Not Applicable,No,Not Applicable,475,UPI,15,4.5,4.6
2024-07-05 05:03:00,CNR2731139125,Success,CID466787,Prime SUV,KR Puram,KR Puram,182.0,85.0,Not Applicable,Not Applicable,No,Not Applicable,271,Credit Card,28,3.5,4.9
2024-07-12 18:49:00,CNR4169177326,Driver Not Found,CID745269,eBike,Mysore Road,Chamarajpet,,,Not Applicable,Not Applicable,Not Applicable,Not Applicable,307,Not Applicable,0,,
2024-07-20 12:55:00,CNR6725937942,Success,CID903214,eBike,Hulimavu,Marathahalli,98.0,85.0,Not Applicable,Not Applicable,No,Not Applicable,2464,Cash,39,5.0,4.9
2024-07-03 23:56:00,CNR6433539465,Success,CID748500,Prime Plus,Bellandur,Hennur,196.0,45.0,Not Applicable,Not Applicable,No,Not Applicable,382,Cash,1,3.6,3.0
2024-07-14 09:53:00,CNR4777468639,Driver Not Found,CID332221,eBike,Majestic,Marathahalli,,,Not Applicable,Not Applicable,Not Applicable,Not Applicable,137,Not Applicable,0,,
2024-07-05 07:03:00,CNR3746990796,Driver Not Found,CID189714,Prime Sedan,Banashankari,Kammanahalli,,,Not Applicable,Not Applicable,Not Applicable,Not Applicable,465,Not Applicable,0,,
2024-07-07 08:11:00,CNR3560471437,Success,CID541798,Prime SUV,Rajajinagar,Ulsoor,42.0,105.0,Not Applicable,Not Applicable,No,Not Applicable,205,Cash,43,4.3,5.0
2024-07-10 18:30:00,CNR7657708677,Driver Not Found,CID109254,eBike,BTM Layout,Indiranagar,,,Not Applicable,Not Applicable,Not Applicable,Not Applicable,216,Not Applicable,0,,
2024-07-29 07:45:00,CNR4151985388,Driver Not Found,CID535300,Mini,Cox Town,Frazer Town,,,Not Applicable,Not Applicable,Not Applicable,Not Applicable,1885,Not Applicable,0,,
2024-07-14 16:53:00,CNR2540204738,Canceled by Driver,CID313832,Bike,Ulsoor,Banashankari,,,Not Applicable,Personal & Car related issue,Not Applicable,Not Applicable,285,Not Applicable,0,,
2024-07-10 12:35:00,CNR1966720329,Driver Not Found,CID142287,Auto,Sahakar Nagar,Sarjapur Road,,,Not Applicable,Not Applicable,Not Applicable,Not Applicable,688,Not Applicable,0,,
2024-07-26 00:31:00,CNR2168133125,Success,CID931113,Prime Sedan,Sarjapur Road,Chickpet,126.0,40.0,Not Applicable,Not Applicable,No,Not Applicable,279,Cash,16,4.5,4.3
2024-07-13 14:21:00,CNR5181908607,Success,CID130515,Auto,Basavanagudi,Chickpet,252.0,70.0,Not Applicable,Not Applicable,No,Not Applicable,469,Cash,7,3.8,4.8
2024-07-30 21:52:00,CNR3521713680,Canceled by Driver,CID844689,Mini,Hulimavu,Rajarajeshwari Nagar,,,Not Applicable,Customer was coughing/sick,Not Applicable,Not Applicable,107,Not Applicable,0,,
2024-07-24 20:19:00,CNR8440918797,Success,CID700695,Prime Plus,Hebbal,Jayanagar,203.0,130.0,Not Applicable,Not Applicable,No,Not Applicable,457,UPI,40,3.9,4.5
2024-07-11 21:36:00,CNR2790825697,Success,CID766293,Bike,Devanahalli,Tumkur Road,238.0,25.0,Not Applicable,Not Applicable,Yes,Vehicle Breakdown,1089,Cash,47,3.1,3.3
2024-07-07 21:51:00,CNR1269754307,Success,CID136528,Mini,Sahakar Nagar,Yeshwanthpur,56.0,95.0,Not Applicable,Not Applicable,Yes,Vehicle Breakdown,477,UPI,2,3.7,4.9
2024-07-15 07:56:00,CNR2715094034,Success,CID762537,Bike,Bellandur,Shantinagar,182.0,140.0,Not Applicable,Not Applicable,No,Not Applicable,448,UPI,23,3.5,4.8
2024-07-09 03:02:00,CNR4561592795,Success,CID859134,Mini,Tumkur Road,Yelahanka,56.0,145.0,Not Applicable,Not Applicable,No,Not Applicable,160,Cash,12,4.0,4.4
2024-07-18 14:10:00,CNR6836317255,Success,CID139805,Auto,Marathahalli,Bannerghatta Road,154.0,85.0,Not Applicable,Not Applicable,No,Not Applicable,338,UPI,9,4.0,3.8
2024-07-05 22:21:00,CNR8565610626,Success,CID673681,Prime SUV,Kengeri,Chamarajpet,35.0,100.0,Not Applicable,Not Applicable,No,Not Applicable,169,Cash,16,4.9,4.8
2024-07-07 03:13:00,CNR1670209099,Canceled by Driver,CID196641,Prime SUV,Yelahanka,Chickpet,,,Not Applicable,Personal & Car related issue,Not Applicable,Not Applicable,359,Not Applicable,0,,
2024-07-30 08:00:00,CNR2309210122,Canceled by Customer,CID368603,Prime Sedan,Kammanahalli,Bellandur,,,Change of plans,Not Applicable,Not Applicable,Not Applicable,255,Not Applicable,0,,
2024-07-16 11:46:00,CNR9495373390,Success,CID443305,Prime SUV,Koramangala,Hebbal,175.0,40.0,Not Applicable,Not Applicable,No,Not Applicable,263,UPI,17,3.4,4.5
2024-07-27 20:54:00,CNR6313149445,Success,CID701562,Bike,Jayanagar,Hennur,273.0,85.0,Not Applicable,Not Applicable,Yes,Vehicle Breakdown,469,Cash,17,3.9,4.0
2024-07-14 22:32:00,CNR5521439631,Driver Not Found,CID212965,Mini,Rajarajeshwari Nagar,Varthur,,,Not Applicable,Not Applicable,Not Applicable,Not Applicable,163,Not Applicable,0,,
2024-07-25 21:48:00,CNR7779039552,Canceled by Customer,CID439359,Prime Sedan,Whitefield,Malleshwaram,,,Wrong Address,Not Applicable,Not Applicable,Not Applicable,320,Not Applicable,0,,
2024-07-26 14:21:00,CNR1562191517,Driver Not Found,CID335666,Bike,Indiranagar,Ramamurthy Nagar,,,Not Applicable,Not Applicable,Not Applicable,Not Applicable,965,Not Applicable,0,,
2024-07-27 00:06:00,CNR8259527390,Success,CID703240,Auto,Koramangala,Marathahalli,245.0,135.0,Not Applicable,Not Applicable,No,Not Applicable,206,UPI,4,3.7,3.4
2024-07-06 17:02:00,CNR3689071429,Success,CID383382,Auto,Padmanabhanagar,Hennur,63.0,100.0,Not Applicable,Not Applicable,No,Not Applicable,2022,Cash,17,4.4,3.8
2024-07-25 06:45:00,CNR8574318322,Success,CID211989,eBike,Kadugodi,Devanahalli,224.0,115.0,Not Applicable,Not Applicable,No,Not Applicable,274,Cash,37,5.0,3.0
2024-07-30 11:26:00,CNR4284047014,Success,CID478925,Mini,Koramangala,Banashankari,189.0,140.0,Not Applicable,Not Applicable,No,Not Applicable,390,Cash,38,3.7,4.3
2024-07-28 08:50:00,CNR7142696092,Success,CID745564,Prime SUV,Magadi Road,Magadi Road,105.0,95.0,Not Applicable,Not Applicable,No,Not Applicable,762,UPI,28,4.8,3.1
2024-07-09 18:07:00,CNR5456851464,Canceled by Driver,CID925613,Bike,HSR Layout,Hulimavu,,,Not Applicable,Customer was coughing/sick,Not Applicable,Not Applicable,368,Not Applicable,0,,
2024-07-20 20:53:00,CNR6766147621,Success,CID291230,Mini,Koramangala,Ulsoor,168.0,145.0,Not Applicable,Not Applicable,No,Not Applicable,159,UPI,31,4.6,3.5
2024-07-10 15:37:00,CNR3766410208,Success,CID504612,Prime SUV,Jayanagar,RT Nagar,147.0,95.0,Not Applicable,Not Applicable,No,Not Applicable,139,Cash,6,4.6,3.6
2024-07-26 07:44:00,CNR4932643729,Canceled by Customer,CID601627,Auto,Malleshwaram,Kadugodi,,,Driver asked to cancel,Not Applicable,Not Applicable,Not Applicable,303,Not Applicable,0,,
2024-07-10 17:38:00,CNR7555615413,Driver Not Found,CID488484,Bike,Yeshwanthpur,Ramamurthy Nagar,,,Not Applicable,Not Applicable,Not Applicable,Not Applicable,381,Not Applicable,0,,
2024-07-30 22:44:00,CNR8068957400,Canceled by Driver,CID709535,Mini,Rajarajeshwari Nagar,Whitefield,,,Not Applicable,Customer was coughing/sick,Not Applicable,Not Applicable,265,Not Applicable,0,,
2024-07-19 23:35:00,CNR9652708020,Success,CID782444,eBike,Banashankari,Banashankari,266.0,130.0,Not Applicable,Not Applicable,No,Not Applicable,970,Cash,34,4.0,3.3
2024-07-17 20:54:00,CNR6119919504,Success,CID523011,eBike,Padmanabhanagar,Shivajinagar,112.0,130.0,Not Applicable,Not Applicable,No,Not Applicable,845,UPI,22,3.7,4.5
2024-07-23 22:50:00,CNR3427337153,Success,CID200384,Auto,Tumkur Road,Hosur Road,126.0,40.0,Not Applicable,Not Applicable,No,Not Applicable,229,Cash,1,5.0,4.0
2024-07-12 21:47:00,CNR3574795003,Success,CID779626,Auto,Hennur,Devanahalli,182.0,115.0,Not Applicable,Not Applicable,Yes,Vehicle Breakdown,217,Cash,7,3.9,4.5
2024-07-25 01:22:00,CNR6262974040,Success,CID881033,Bike,Hosur Road,Yeshwanthpur,140.0,65.0,Not Applicable,Not Applicable,No,Not Applicable,958,UPI,1,4.9,4.4
2024-07-22 08:04:00,CNR9963855263,Driver Not Found,CID992188,Prime SUV,Kengeri,Hennur,,,Not Applicable,Not Applicable,Not Applicable,Not Applicable,1150,Not Applicable,0,,
2024-07-18 13:13:00,CNR2306301587,Canceled by Customer,CID651753,Bike,Langford Town,Sarjapur Road,,,Driver asked to cancel,Not Applicable,Not Applicable,Not Applicable,420,Not Applicable,0,,
2024-07-30 12:36:00,CNR1443468944,Canceled by Driver,CID530788,eBike,Hennur,Marathahalli,,,Not Applicable,More than permitted people in there,Not Applicable,Not Applicable,778,Not Applicable,0,,
2024-07-14 15:27:00,CNR9365956991,Canceled by Driver,CID788096,Prime Plus,Whitefield,Jayanagar,,,Not Applicable,Personal & Car related issue,Not Applicable,Not Applicable,885,Not Applicable,0,,
2024-07-07 05:28:00,CNR6085015008,Canceled by Driver,CID551780,Prime Sedan,Bannerghatta Road,Banashankari,,,Not Applicable,Personal & Car related issue,Not Applicable,Not Applicable,418,Not Applicable,0,,
2024-07-12 01:56:00,CNR5224545017,Success,CID561492,Prime SUV,Basavanagudi,Shantinagar,42.0,90.0,Not Applicable,Not Applicable,No,Not Applicable,120,UPI,6,3.5,3.4
2024-07-05 06:43:00,CNR2911256944,Success,CID516996,eBike,Ramamurthy Nagar,Padmanabhanagar,70.0,130.0,Not Applicable,Not Applicable,No,Not Applicable,854,UPI,19,4.6,4.6
2024-07-11 04:22:00,CNR8486911476,Success,CID148300,Prime SUV,Cox Town,Chickpet,42.0,70.0,Not Applicable,Not Applicable,No,Not Applicable,715,Cash,22,3.4,4.9
2024-07-24 13:40:00,CNR7920299298,Canceled by Customer,CID743730,Auto,Chamarajpet,Padmanabhanagar,,,Driver asked to cancel,Not Applicable,Not Applicable,Not Applicable,2288,Not Applicable,0,,
2024-07-15 01:10:00,CNR5161238428,Canceled by Driver,CID572920,Prime SUV,Bellandur,Varthur,,,Not Applicable,Personal & Car related issue,Not Applicable,Not Applicable,267,Not Applicable,0,,
2024-07-04 10:42:00,CNR8625054421,Success,CID428371,Prime SUV,Varthur,Rajarajeshwari Nagar,91.0,70.0,Not Applicable,Not Applicable,No,Not Applicable,289,UPI,23,3.1,4.0
2024-07-25 11:39:00,CNR3919148814,Success,CID329240,Bike,Kengeri,Indiranagar,84.0,110.0,Not Applicable,Not Applicable,No,Not Applicable,246,Cash,48,3.4,3.5
2024-07-16 09:39:00,CNR5618994031,Canceled by Driver,CID303009,Bike,Yelahanka,Bellandur,,,Not Applicable,Customer was coughing/sick,Not Applicable,Not Applicable,279,Not Applicable,0,,
2024-07-09 04:01:00,CNR2813431166,Success,CID796424,eBike,Sahakar Nagar,Nagarbhavi,147.0,140.0,Not Applicable,Not Applicable,No,Not Applicable,134,UPI,23,4.0,4.4
2024-07-21 22:29:00,CNR7124488817,Success,CID414589,Auto,Devanahalli,Peenya,140.0,90.0,Not Applicable,Not Applicable,No,Not Applicable,343,Cash,19,4.8,4.0
2024-07-02 12:18:00,CNR8259951948,Canceled by Customer,CID352779,Bike,Majestic,Whitefield,,,Wrong Address,Not Applicable,Not Applicable,Not Applicable,710,Not Applicable,0,,
2024-07-28 17:12:00,CNR2235423612,Canceled by Driver,CID479439,Mini,Sahakar Nagar,Yeshwanthpur,,,Not Applicable,Personal & Car related issue,Not Applicable,Not Applicable,491,Not Applicable,0,,
2024-07-07 11:52:00,CNR8355642998,Success,CID983636,Bike,Devanahalli,Cox Town,273.0,145.0,Not Applicable,Not Applicable,Yes,Vehicle Breakdown,348,Credit Card,24,4.0,3.7
2024-07-22 07:33:00,CNR4183735785,Success,CID300192,Bike,Hebbal,Cox Town,294.0,95.0,Not Applicable,Not Applicable,No,Not Applicable,923,UPI,21,4.6,4.4
2024-07-10 12:29:00,CNR8044265021,Success,CID930292,Prime SUV,Chickpet,Yeshwanthpur,42.0,30.0,Not Applicable,Not Applicable,Yes,Customer Demand,435,UPI,43,3.7,4.0
2024-07-17 21:50:00,CNR3815986613,Canceled by Driver,CID888876,Prime SUV,Padmanabhanagar,Kadugodi,,,Not Applicable,Customer was coughing/sick,Not Applicable,Not Applicable,140,Not Applicable,0,,
2024-07-03 23:41:00,CNR5171764342,Success,CID198638,Prime Sedan,JP Nagar,MG Road,245.0,105.0,Not Applicable,Not Applicable,No,Not Applicable,1880,Cash,48,3.6,4.9
2024-07-15 20:30:00,CNR7587819363,Driver Not Found,CID313145,eBike,Rajarajeshwari Nagar,Ulsoor,,,Not Applicable,Not Applicable,Not Applicable,Not Applicable,979,Not Applicable,0,,
2024-07-16 23:08:00,CNR1470509003,Success,CID488562,Prime SUV,Sahakar Nagar,Padmanabhanagar,196.0,55.0,Not Applicable,Not Applicable,No,Not Applicable,341,UPI,39,4.3,4.3
2024-07-04 12:00:00,CNR8271964133,Success,CID884126,Auto,Hebbal,Indiranagar,112.0,45.0,Not Applicable,Not Applicable,No,Not Applicable,468,UPI,18,4.1,4.2
2024-07-27 01:16:00,CNR4774568852,Canceled by Driver,CID282263,Prime Sedan,Marathahalli,Hennur,,,Not Applicable,Personal & Car related issue,Not Applicable,Not Applicable,2211,Not Applicable,0,,
2024-07-07 05:16:00,CNR7793762529,Success,CID338336,Auto,Majestic,Hosur Road,63.0,120.0,Not Applicable,Not Applicable,No,Not Applicable,364,UPI,6,4.0,4.1
2024-07-11 06:27:00,CNR4704901960,Canceled by Driver,CID731112,Prime SUV,Langford Town,Yeshwanthpur,,,Not Applicable,Customer was coughing/sick,Not Applicable,Not Applicable,603,Not Applicable,0,,
2024-07-29 20:30:00,CNR2820214621,Success,CID646127,Auto,Jayanagar,Hebbal,133.0,70.0,Not Applicable,Not Applicable,No,Not Applicable,2630,Cash,4,4.7,5.0
2024-07-21 17:55:00,CNR7955817424,Canceled by Driver,CID294668,Auto,Chickpet,Frazer Town,,,Not Applicable,Customer related issue,Not Applicable,Not Applicable,2800,Not Applicable,0,,
2024-07-21 04:37:00,CNR6684692815,Canceled by Driver,CID783263,Mini,Varthur,Bellandur,,,Not Applicable,Customer related issue,Not Applicable,Not Applicable,2424,Not Applicable,0,,
2024-07-10 18:28:00,CNR4543378004,Success,CID989945,Auto,JP Nagar,Yeshwanthpur,112.0,75.0,Not Applicable,Not Applicable,No,Not Applicable,109,Cash,19,4.4,3.1
2024-07-15 01:50:00,CNR3264188320,Canceled by Customer,CID988561,Mini,Hosur Road,Bannerghatta Road,,,Change of plans,Not Applicable,Not Applicable,Not Applicable,2330,Not Applicable,0,,
2024-07-14 06:22:00,CNR1550297731,Canceled by Customer,CID996304,Prime Plus,Hulimavu,Yelahanka,,,Change of plans,Not Applicable,Not Applicable,Not Applicable,472,Not Applicable,0,,
2024-07-22 07:22:00,CNR6097883140,Success,CID161262,Mini,Nagarbhavi,Kengeri,287.0,75.0,Not Applicable,Not Applicable,No,Not Applicable,482,Cash,41,4.4,4.7
2024-07-26 16:49:00,CNR7077882986,Success,CID290256,Mini,Nagarbhavi,Yelahanka,91.0,145.0,Not Applicable,Not Applicable,No,Not Applicable,220,Cash,41,4.9,3.9
2024-07-18 22:26:00,CNR2695351460,Success,CID385944,eBike,Mysore Road,Varthur,287.0,80.0,Not Applicable,Not Applicable,Yes,Vehicle Breakdown,272,UPI,6,3.4,3.4
2024-07-05 01:03:00,CNR9812225339,Success,CID735326,Mini,Basavanagudi,Sahakar Nagar,273.0,105.0,Not Applicable,Not Applicable,No,Not Applicable,855,UPI,25,4.8,3.8
2024-07-24 19:06:00,CNR3986036428,Canceled by Customer,CID221894,Prime SUV,Hebbal,Electronic City,,,Driver is not moving towards pickup location,Not Applicable,Not Applicable,Not Applicable,437,Not Applicable,0,,
2024-07-22 05:43:00,CNR9304353500,Driver Not Found,CID978234,Auto,Majestic,Ulsoor,,,Not Applicable,Not Applicable,Not Applicable,Not Applicable,902,Not Applicable,0,,
2024-07-13 22:41:00,CNR1808244832,Success,CID213893,Prime Sedan,Hosur Road,Kadugodi,168.0,85.0,Not Applicable,Not Applicable,No,Not Applicable,380,Cash,36,4.3,3.4
2024-07-17 08:41:00,CNR4372248566,Success,CID651102,Prime Plus,Mysore Road,Mysore Road,175.0,45.0,Not Applicable,Not Applicable,No,Not Applicable,234,Cash,37,4.8,4.6
2024-07-13 15:09:00,CNR8653830272,Success,CID190204,Prime Sedan,Chamarajpet,Bannerghatta Road,147.0,130.0,Not Applicable,Not Applicable,No,Not Applicable,214,Cash,42,3.7,4.2
2024-07-27 05:05:00,CNR3790458525,Success,CID875649,Prime SUV,Kengeri,Kadugodi,147.0,75.0,Not Applicable,Not Applicable,Yes,Customer Demand,1808,Cash,7,3.9,4.3
2024-07-18 23:03:00,CNR3294125798,Success,CID717289,eBike,Cox Town,RT Nagar,217.0,135.0,Not Applicable,Not Applicable,No,Not Applicable,413,Cash,22,3.5,4.9
2024-07-24 20:41:00,CNR5920089229,Success,CID280374,eBike,Yelahanka,Hennur,231.0,140.0,Not Applicable,Not Applicable,No,Not Applicable,258,UPI,31,3.2,3.2
2024-07-18 18:28:00,CNR2119115530,Success,CID745714,Mini,Kadugodi,BTM Layout,112.0,30.0,Not Applicable,Not Applicable,No,Not Applicable,317,Cash,27,3.5,3.7
2024-07-23 18:52:00,CNR7384811022,Success,CID818946,Auto,Yelahanka,Banashankari,119.0,70.0,Not Applicable,Not Applicable,No,Not Applicable,226,UPI,1,4.0,5.0
2024-07-03 12:01:00,CNR5091794809,Canceled by Driver,CID493710,Prime Sedan,MG Road,Richmond Town,,,Not Applicable,More than permitted people in there,Not Applicable,Not Applicable,1241,Not Applicable,0,,
2024-07-21 10:04:00,CNR7613811433,Success,CID633752,Prime Sedan,Sahakar Nagar,Langford Town,91.0,55.0,Not Applicable,Not Applicable,No,Not Applicable,1635,UPI,34,4.2,4.9
2024-07-01 05:39:00,CNR6945407226,Success,CID497542,Prime Plus,Vijayanagar,Yeshwanthpur,224.0,90.0,Not Applicable,Not Applicable,No,Not Applicable,1116,Cash,47,4.5,3.6
2024-07-05 11:25:00,CNR6735697283,Success,CID452043,Bike,KR Puram,Jayanagar,182.0,30.0,Not Applicable,Not Applicable,No,Not Applicable,662,UPI,14,3.2,3.5
2024-07-14 05:42:00,CNR1285563344,Success,CID821917,Auto,Basavanagudi,Padmanabhanagar,196.0,85.0,Not Applicable,Not Applicable,No,Not Applicable,429,Cash,7,4.2,4.4
2024-07-28 01:06:00,CNR6338336796,Success,CID663296,Prime Sedan,Langford Town,Yelahanka,308.0,80.0,Not Applicable,Not Applicable,No,Not Applicable,744,UPI,14,3.4,3.6
2024-07-12 14:58:00,CNR4967079987,Success,CID696340,Prime Plus,Chickpet,Sarjapur Road,189.0,40.0,Not Applicable,Not Applicable,No,Not Applicable,369,UPI,32,3.9,3.3
2024-07-20 21:21:00,CNR3353573436,Canceled by Driver,CID698464,Mini,Basavanagudi,Hennur,,,Not Applicable,Personal & Car related issue,Not Applicable,Not Applicable,409,Not Applicable,0,,
2024-07-15 14:02:00,CNR5117386299,Success,CID571971,Prime Sedan,RT Nagar,BTM Layout,308.0,70.0,Not Applicable,Not Applicable,No,Not Applicable,212,Cash,37,3.7,3.8
2024-07-24 14:02:00,CNR5637905389,Canceled by Driver,CID467194,Prime Sedan,BTM Layout,Vijayanagar,,,Not Applicable,Customer was coughing/sick,Not Applicable,Not Applicable,973,Not Applicable,0,,
2024-07-07 11:19:00,CNR4175175992,Success,CID479462,Auto,Ulsoor,Whitefield,224.0,100.0,Not Applicable,Not Applicable,No,Not Applicable,371,Cash,17,4.2,3.4
2024-07-13 18:31:00,CNR6883875661,Success,CID250040,Auto,Devanahalli,Mysore Road,210.0,120.0,Not Applicable,Not Applicable,No,Not Applicable,377,UPI,2,4.0,3.7
2024-07-22 08:41:00,CNR4720863147,Success,CID752620,Prime SUV,Padmanabhanagar,Electronic City,98.0,145.0,Not Applicable,Not Applicable,No,Not Applicable,184,Cash,37,3.5,4.4
2024-07-21 23:27:00,CNR7207128812,Canceled by Customer,CID824917,Prime Sedan,RT Nagar,Jayanagar,,,Driver is not moving towards pickup location,Not Applicable,Not Applicable,Not Applicable,400,Not Applicable,0,,
2024-07-03 02:16:00,CNR2999071445,Driver Not Found,CID950278,Bike,KR Puram,Hosur Road,,,Not Applicable,Not Applicable,Not Applicable,Not Applicable,104,Not Applicable,0,,
2024-07-30 07:55:00,CNR3433465610,Success,CID357388,Auto,Electronic City,Ulsoor,224.0,135.0,Not Applicable,Not Applicable,No,Not Applicable,193,Cash,3,4.5,3.3
2024-07-19 23:51:00,CNR7960139881,Success,CID383329,Prime Sedan,BTM Layout,Electronic City,154.0,125.0,Not Applicable,Not Applicable,Yes,Customer Demand,770,UPI,31,3.7,3.4
2024-07-10 12:04:00,CNR4813234604,Success,CID653173,Bike,Richmond Town,Jayanagar,154.0,85.0,Not Applicable,Not Applicable,No,Not Applicable,293,UPI,8,3.4,4.5
2024-07-26 02:31:00,CNR4534449015,Success,CID237604,Auto,Peenya,Ramamurthy Nagar,133.0,65.0,Not Applicable,Not Applicable,No,Not Applicable,560,UPI,10,3.3,3.8
2024-07-16 17:50:00,CNR1139610674,Driver Not Found,CID482372,Mini,MG Road,Hennur,,,Not Applicable,Not Applicable,Not Applicable,Not Applicable,403,Not Applicable,0,,
2024-07-19 03:36:00,CNR1926987074,Success,CID371528,eBike,Chamarajpet,Koramangala,56.0,75.0,Not Applicable,Not Applicable,No,Not Applicable,791,Cash,7,4.3,4.3
2024-07-14 02:59:00,CNR4316590089,Canceled by Customer,CID884020,Prime Plus,Mysore Road,Langford Town,,,Driver asked to cancel,Not Applicable,Not Applicable,Not Applicable,100,Not Applicable,0,,
2024-07-15 11:56:00,CNR1093492691,Canceled by Customer,CID900216,Prime Plus,Malleshwaram,MG Road,,,Driver is not moving towards pickup location,Not Applicable,Not Applicable,Not Applicable,853,Not Applicable,0,,
2024-07-12 07:20:00,CNR7726654283,Success,CID949504,eBike,Whitefield,Basavanagudi,196.0,75.0,Not Applicable,Not Applicable,No,Not Applicable,426,Cash,9,3.7,4.2
2024-07-26 14:15:00,CNR9361242671,Success,CID260939,Bike,Nagarbhavi,Shantinagar,294.0,145.0,Not Applicable,Not Applicable,Yes,Customer Demand,114,Credit Card,24,4.9,4.9
2024-07-14 09:34:00,CNR3104135416,Success,CID190567,Prime Plus,Nagarbhavi,Frazer Town,133.0,135.0,Not Applicable,Not Applicable,No,Not Applicable,798,Cash,24,4.0,4.2
2024-07-30 13:12:00,CNR1685619362,Canceled by Driver,CID834203,Prime Sedan,Yelahanka,Chamarajpet,,,Not Applicable,Personal & Car related issue,Not Applicable,Not Applicable,426,Not Applicable,0,,
2024-07-30 10:59:00,CNR5913548491,Canceled by Driver,CID190146,Prime Plus,Hennur,Richmond Town,,,Not Applicable,Customer related issue,Not Applicable,Not Applicable,185,Not Applicable,0,,
2024-07-03 05:41:00,CNR9231786008,Success,CID238846,Mini,Ramamurthy Nagar,Chamarajpet,252.0,130.0,Not Applicable,Not Applicable,No,Not Applicable,598,Cash,23,4.8,3.8
2024-07-07 17:23:00,CNR6278008666,Success,CID597013,Prime Sedan,Devanahalli,Kammanahalli,245.0,75.0,Not Applicable,Not Applicable,No,Not Applicable,217,UPI,39,4.5,4.6
2024-07-27 21:09:00,CNR2018083559,Driver Not Found,CID899728,Prime SUV,Hebbal,Bellandur,,,Not Applicable,Not Applicable,Not Applicable,Not Applicable,224,Not Applicable,0,,
2024-07-16 19:59:00,CNR2611484179,Success,CID757711,Prime SUV,Indiranagar,Shantinagar,49.0,65.0,Not Applicable,Not Applicable,No,Not Applicable,665,UPI,34,3.8,3.6
2024-07-28 19:14:00,CNR9706691715,Success,CID815481,Prime Plus,Yelahanka,Chamarajpet,224.0,100.0,Not Applicable,Not Applicable,No,Not Applicable,140,UPI,38,4.0,3.4
2024-07-06 22:27:00,CNR1290336282,Success,CID120287,Prime Sedan,Shantinagar,KR Puram,196.0,60.0,Not Applicable,Not Applicable,No,Not Applicable,827,Cash,32,3.7,3.9
2024-07-18 06:17:00,CNR4398071742,Driver Not Found,CID412071,Mini,Yeshwanthpur,Mysore Road,,,Not Applicable,Not Applicable,Not Applicable,Not Applicable,257,Not Applicable,0,,
2024-07-14 03:49:00,CNR6229068500,Success,CID150457,Bike,Jayanagar,Chickpet,154.0,70.0,Not Applicable,Not Applicable,No,Not Applicable,337,Cash,24,4.7,4.8
2024-07-24 16:47:00,CNR5307813887,Success,CID503263,Auto,Nagarbhavi,Chamarajpet,182.0,90.0,Not Applicable,Not Applicable,No,Not Applicable,335,UPI,10,3.9,4.1
2024-07-20 02:02:00,CNR9453509339,Success,CID765569,Prime SUV,Kengeri,BTM Layout,245.0,55.0,Not Applicable,Not Applicable,No,Not Applicable,243,Cash,24,4.1,3.5
2024-07-21 05:20:00,CNR7638750000,Success,CID279422,eBike,Sarjapur Road,Frazer Town,42.0,105.0,Not Applicable,Not Applicable,No,Not Applicable,118,Cash,43,4.0,3.2
2024-07-25 00:40:00,CNR5171525228,Success,CID127706,Prime Sedan,MG Road,Kammanahalli,196.0,130.0,Not Applicable,Not Applicable,No,Not Applicable,318,Cash,32,3.8,3.6
2024-07-04 16:42:00,CNR5493343650,Canceled by Driver,CID645229,Mini,Hebbal,RT Nagar,,,Not Applicable,Customer was coughing/sick,Not Applicable,Not Applicable,287,Not Applicable,0,,
2024-07-26 12:28:00,CNR1953143191,Success,CID671481,eBike,Ulsoor,Ramamurthy Nagar,91.0,135.0,Not Applicable,Not Applicable,No,Not Applicable,195,Cash,43,5.0,3.1
2024-07-05 23:50:00,CNR3720867263,Canceled by Customer,CID623158,Auto,Langford Town,Koramangala,,,Change of plans,Not Applicable,Not Applicable,Not Applicable,445,Not Applicable,0,,
2024-07-28 10:23:00,CNR6533478688,Success,CID412804,eBike,Langford Town,Jayanagar,273.0,65.0,Not Applicable,Not Applicable,No,Not Applicable,331,Cash,18,4.3,3.6
2024-07-28 09:57:00,CNR8653140697,Canceled by Driver,CID692210,eBike,Frazer Town,MG Road,,,Not Applicable,Customer related issue,Not Applicable,Not Applicable,138,Not Applicable,0,,
2024-07-02 09:32:00,CNR7133461878,Success,CID887882,Auto,Rajajinagar,Jayanagar,84.0,70.0,Not Applicable,Not Applicable,No,Not Applicable,218,Cash,1,4.0,3.2
2024-07-23 17:45:00,CNR3923584760,Success,CID445579,Auto,Nagarbhavi,Varthur,133.0,60.0,Not Applicable,Not Applicable,No,Not Applicable,212,Cash,9,4.2,4.2
2024-07-14 13:20:00,CNR8674636263,Success,CID427371,Bike,Sarjapur Road,Shantinagar,308.0,125.0,Not Applicable,Not Applicable,No,Not Applicable,238,Cash,19,3.7,3.1
2024-07-13 12:37:00,CNR2973508568,Canceled by Driver,CID419100,Mini,Vijayanagar,Marathahalli,,,Not Applicable,Customer related issue,Not Applicable,Not Applicable,197,Not Applicable,0,,
2024-07-21 05:18:00,CNR7538217935,Success,CID542894,Bike,Bellandur,Hulimavu,105.0,130.0,Not Applicable,Not Applicable,Yes,Customer Demand,341,Cash,15,3.2,4.3
2024-07-28 05:28:00,CNR9567663311,Success,CID271019,Auto,KR Puram,Shantinagar,105.0,100.0,Not Applicable,Not Applicable,Yes,Vehicle Breakdown,2594,Cash,14,3.3,3.2
2024-07-28 19:10:00,CNR2516588090,Success,CID353138,Prime Plus,Kadugodi,Tumkur Road,105.0,60.0,Not Applicable,Not Applicable,No,Not Applicable,732,Cash,49,4.1,3.6
2024-07-11 22:45:00,CNR8842759100,Driver Not Found,CID290065,Prime Plus,RT Nagar,Sahakar Nagar,,,Not Applicable,Not Applicable,Not Applicable,Not Applicable,214,Not Applicable,0,,
2024-07-06 13:12:00,CNR7644808686,Success,CID160820,Prime SUV,Ulsoor,Hulimavu,266.0,35.0,Not Applicable,Not Applicable,No,Not Applicable,172,UPI,17,3.2,3.3
2024-07-21 18:46:00,CNR9863420775,Success,CID925863,Bike,Hebbal,Kammanahalli,161.0,70.0,Not Applicable,Not Applicable,No,Not Applicable,310,UPI,7,3.0,3.3
2024-07-03 10:21:00,CNR2802781638,Canceled by Driver,CID436720,Auto,KR Puram,Yelahanka,,,Not Applicable,Personal & Car related issue,Not Applicable,Not Applicable,498,Not Applicable,0,,
2024-07-17 07:29:00,CNR6110246001,Success,CID452434,Prime Sedan,Banashankari,Richmond Town,189.0,100.0,Not Applicable,Not Applicable,No,Not Applicable,658,Credit Card,9,4.0,3.1
2024-07-23 00:25:00,CNR8818927414,Canceled by Driver,CID475855,Prime SUV,Rajarajeshwari Nagar,Marathahalli,,,Not Applicable,Customer related issue,Not Applicable,Not Applicable,489,Not Applicable,0,,
2024-07-12 13:44:00,CNR1340846517,Success,CID634136,Bike,BTM Layout,Sarjapur Road,42.0,120.0,Not Applicable,Not Applicable,No,Not Applicable,135,Cash,21,4.4,5.0
2024-07-12 13:22:00,CNR4429212789,Success,CID310984,Prime SUV,Rajarajeshwari Nagar,Tumkur Road,49.0,95.0,Not Applicable,Not Applicable,No,Not Applicable,459,UPI,45,4.0,4.8
2024-07-09 19:22:00,CNR6729239743,Driver Not Found,CID348097,Prime Sedan,Varthur,Bellandur,,,Not Applicable,Not Applicable,Not Applicable,Not Applicable,559,Not Applicable,0,,
2024-07-13 21:01:00,CNR9568294052,Canceled by Driver,CID343285,eBike,Majestic,Kadugodi,,,Not Applicable,Customer was coughing/sick,Not Applicable,Not Applicable,349,Not Applicable,0,,
2024-07-15 04:50:00,CNR1807328457,Success,CID412712,eBike,Varthur,Nagarbhavi,273.0,145.0,Not Applicable,Not Applicable,No,Not Applicable,215,UPI,49,4.1,4.3
2024-07-10 11:01:00,CNR9415698640,Canceled by Driver,CID249463,eBike,Basavanagudi,Whitefield,,,Not Applicable,Customer was coughing/sick,Not Applicable,Not Applicable,377,Not Applicable,0,,
2024-07-21 09:22:00,CNR3800272307,Success,CID960253,Mini,Ramamurthy Nagar,Indiranagar,168.0,130.0,Not Applicable,Not Applicable,No,Not Applicable,117,Credit Card,37,3.2,4.8
2024-07-08 08:25:00,CNR4384504320,Canceled by Driver,CID548660,Prime Sedan,Electronic City,Indiranagar,,,Not Applicable,Customer related issue,Not Applicable,Not Applicable,729,Not Applicable,0,,
2024-07-10 21:16:00,CNR7619524091,Success,CID939700,Prime Sedan,Koramangala,Ulsoor,238.0,70.0,Not Applicable,Not Applicable,No,Not Applicable,493,Cash,31,3.7,4.3
2024-07-12 21:33:00,CNR2883895955,Success,CID372248,Bike,Malleshwaram,Hebbal,63.0,30.0,Not Applicable,Not Applicable,No,Not Applicable,796,Cash,38,4.8,3.4
2024-07-05 04:02:00,CNR4317467290,Driver Not Found,CID559794,Bike,Ulsoor,Kadugodi,,,Not Applicable,Not Applicable,Not Applicable,Not Applicable,105,Not Applicable,0,,
2024-07-22 09:42:00,CNR4944782602,Success,CID938380,Bike,KR Puram,Jayanagar,112.0,130.0,Not Applicable,Not Applicable,No,Not Applicable,126,UPI,19,3.8,4.2
2024-07-12 17:12:00,CNR3732432486,Success,CID494124,Mini,Richmond Town,Frazer Town,266.0,30.0,Not Applicable,Not Applicable,No,Not Applicable,582,Cash,47,4.3,3.2
2024-07-13 01:57:00,CNR8582388705,Success,CID340363,Prime Plus,Devanahalli,Shantinagar,140.0,80.0,Not Applicable,Not Applicable,No,Not Applicable,691,Cash,48,3.8,4.2
2024-07-08 21:34:00,CNR6664594703,Canceled by Customer,CID193766,Prime Sedan,Ulsoor,Cox Town,,,Driver is not moving towards pickup location,Not Applicable,Not Applicable,Not Applicable,665,Not Applicable,0,,
2024-07-20 13:10:00,CNR5485692237,Canceled by Customer,CID190126,eBike,Hebbal,Padmanabhanagar,,,Wrong Address,Not Applicable,Not Applicable,Not Applicable,298,Not Applicable,0,,
2024-07-11 04:12:00,CNR2375460525,Canceled by Driver,CID180997,Mini,Shivajinagar,Ulsoor,,,Not Applicable,Customer related issue,Not Applicable,Not Applicable,360,Not Applicable,0,,
2024-07-07 11:31:00,CNR3182263063,Success,CID892821,Prime Sedan,Yeshwanthpur,Bellandur,147.0,125.0,Not Applicable,Not Applicable,No,Not Applicable,444,Cash,23,3.5,4.1
2024-07-21 00:42:00,CNR9038608088,Success,CID129155,Bike,Hennur,Shantinagar,161.0,125.0,Not Applicable,Not Applicable,Yes,Vehicle Breakdown,309,Cash,44,3.2,4.6
2024-07-15 17:05:00,CNR2452216658,Canceled by Driver,CID167799,Bike,Jayanagar,Padmanabhanagar,,,Not Applicable,Customer related issue,Not Applicable,Not Applicable,196,Not Applicable,0,,
2024-07-14 08:35:00,CNR6677794074,Success,CID469531,Prime SUV,Magadi Road,Nagarbhavi,175.0,35.0,Not Applicable,Not Applicable,No,Not Applicable,465,Cash,20,3.3,4.6
2024-07-09 18:29:00,CNR6761920955,Success,CID376075,Prime SUV,KR Puram,Whitefield,77.0,45.0,Not Applicable,Not Applicable,No,Not Applicable,228,Cash,9,4.8,3.4
2024-07-20 05:10:00,CNR6190050496,Success,CID104790,Auto,Richmond Town,Malleshwaram,217.0,75.0,Not Applicable,Not Applicable,No,Not Applicable,472,UPI,1,3.5,3.2
2024-07-19 17:51:00,CNR9710628651,Success,CID638593,Bike,Vijayanagar,Hosur Road,294.0,110.0,Not Applicable,Not Applicable,No,Not Applicable,173,UPI,4,4.3,3.7
2024-07-23 12:05:00,CNR5738379758,Success,CID180658,Prime Plus,Basavanagudi,Frazer Town,112.0,25.0,Not Applicable,Not Applicable,No,Not Applicable,680,UPI,18,4.5,4.2
2024-07-05 14:53:00,CNR3911886270,Success,CID986548,Prime Sedan,Hebbal,Cox Town,105.0,60.0,Not Applicable,Not Applicable,No,Not Applicable,2013,UPI,32,3.1,3.7
2024-07-20 08:02:00,CNR9486730526,Success,CID588178,Bike,Bellandur,Banashankari,63.0,90.0,Not Applicable,Not Applicable,No,Not Applicable,348,UPI,12,3.8,3.6
2024-07-11 17:06:00,CNR7720126950,Success,CID718523,Auto,Shivajinagar,Frazer Town,287.0,45.0,Not Applicable,Not Applicable,No,Not Applicable,178,Cash,13,3.0,3.9
2024-07-10 09:41:00,CNR1744167907,Success,CID238170,eBike,Richmond Town,Rajajinagar,133.0,120.0,Not Applicable,Not Applicable,No,Not Applicable,839,Cash,24,3.8,3.6
2024-07-30 15:17:00,CNR6957099629,Success,CID758654,Prime Plus,Ramamurthy Nagar,Hulimavu,91.0,50.0,Not Applicable,Not Applicable,No,Not Applicable,1617,Credit Card,13,4.7,4.5
2024-07-22 15:05:00,CNR5528649173,Success,CID773690,Prime SUV,Mysore Road,Ramamurthy Nagar,196.0,95.0,Not Applicable,Not Applicable,No,Not Applicable,402,UPI,25,4.3,3.7
2024-07-25 07:12:00,CNR1186808003,Success,CID665787,Prime Sedan,JP Nagar,Sarjapur Road,168.0,40.0,Not Applicable,Not Applicable,No,Not Applicable,2012,Cash,3,4.2,4.4
2024-07-26 15:17:00,CNR8302558652,Success,CID404638,Auto,Richmond Town,Sarjapur Road,56.0,130.0,Not Applicable,Not Applicable,Yes,Vehicle Breakdown,369,UPI,17,4.4,3.3
2024-07-14 09:19:00,CNR7454741355,Success,CID129298,Mini,Magadi Road,Indiranagar,98.0,50.0,Not Applicable,Not Applicable,No,Not Applicable,184,Cash,29,5.0,3.2
2024-07-11 16:11:00,CNR2823950348,Success,CID783412,Auto,Electronic City,Hennur,112.0,95.0,Not Applicable,Not Applicable,No,Not Applicable,337,UPI,18,4.9,3.8
2024-07-24 01:50:00,CNR9373807976,Success,CID700764,eBike,Hulimavu,Banashankari,126.0,115.0,Not Applicable,Not Applicable,No,Not Applicable,118,Cash,29,3.5,4.2
2024-07-17 07:53:00,CNR5605289955,Success,CID591036,eBike,Kengeri,Nagarbhavi,140.0,80.0,Not Applicable,Not Applicable,Yes,Vehicle Breakdown,1869,Cash,5,4.5,4.9
2024-07-30 21:48:00,CNR9992768464,Success,CID793860,eBike,Chamarajpet,Marathahalli,189.0,50.0,Not Applicable,Not Applicable,No,Not Applicable,493,Cash,46,3.6,4.9
2024-07-04 08:37:00,CNR1693021004,Success,CID298990,Prime Plus,Rajajinagar,Langford Town,273.0,100.0,Not Applicable,Not Applicable,No,Not Applicable,107,UPI,14,3.2,3.3
2024-07-27 23:35:00,CNR1027514547,Canceled by Driver,CID338633,Prime Sedan,Jayanagar,Ulsoor,,,Not Applicable,More than permitted people in there,Not Applicable,Not Applicable,1084,Not Applicable,0,,
2024-07-13 00:14:00,CNR3246665457,Canceled by Customer,CID851263,Prime Plus,Frazer Town,Electronic City,,,Driver asked to cancel,Not Applicable,Not Applicable,Not Applicable,296,Not Applicable,0,,
2024-07-03 23:36:00,CNR2527660679,Driver Not Found,CID987373,eBike,KR Puram,Vijayanagar,,,Not Applicable,Not Applicable,Not Applicable,Not Applicable,223,Not Applicable,0,,
2024-07-08 21:10:00,CNR1768093026,Canceled by Customer,CID843799,Prime SUV,Nagarbhavi,Mysore Road,,,AC is Not working,Not Applicable,Not Applicable,Not Applicable,309,Not Applicable,0,,
2024-07-17 23:03:00,CNR3462973034,Success,CID632958,Prime Sedan,Kammanahalli,Magadi Road,210.0,100.0,Not Applicable,Not Applicable,No,Not Applicable,2165,UPI,25,4.4,4.1
2024-07-26 12:24:00,CNR1829875876,Success,CID216759,Prime Sedan,Indiranagar,Magadi Road,42.0,60.0,Not Applicable,Not Applicable,No,Not Applicable,221,UPI,33,4.7,3.2
2024-07-14 12:52:00,CNR5733269370,Success,CID428765,Prime SUV,Hennur,Langford Town,182.0,40.0,Not Applicable,Not Applicable,No,Not Applicable,730,Cash,40,3.4,4.2
2024-07-07 18:45:00,CNR7623189168,Success,CID412147,Bike,BTM Layout,RT Nagar,91.0,125.0,Not Applicable,Not Applicable,No,Not Applicable,493,Cash,7,4.4,4.0
2024-07-23 15:50:00,CNR2376488213,Canceled by Customer,CID683015,Prime SUV,Majestic,Langford Town,,,Driver asked to cancel,Not Applicable,Not Applicable,Not Applicable,788,Not Applicable,0,,
2024-07-10 09:05:00,CNR3553312749,Driver Not Found,CID252682,Prime Plus,Hennur,JP Nagar,,,Not Applicable,Not Applicable,Not Applicable,Not Applicable,240,Not Applicable,0,,
2024-07-22 00:08:00,CNR4784334800,Canceled by Customer,CID192749,Prime SUV,Koramangala,Hulimavu,,,Change of plans,Not Applicable,Not Applicable,Not Applicable,447,Not Applicable,0,,
2024-07-18 02:43:00,CNR3254377838,Success,CID386777,Auto,HSR Layout,RT Nagar,112.0,90.0,Not Applicable,Not Applicable,No,Not Applicable,655,UPI,10,3.9,3.4
2024-07-06 21:34:00,CNR1780628350,Success,CID625764,Auto,Sahakar Nagar,BTM Layout,280.0,105.0,Not Applicable,Not Applicable,No,Not Applicable,1867,Cash,5,3.8,4.4
2024-07-16 08:54:00,CNR5946668408,Canceled by Driver,CID950636,eBike,Electronic City,Hosur Road,,,Not Applicable,More than permitted people in there,Not Applicable,Not Applicable,457,Not Applicable,0,,
2024-07-28 08:00:00,CNR5174760407,Success,CID939079,Prime Plus,Langford Town,Rajarajeshwari Nagar,133.0,50.0,Not Applicable,Not Applicable,No,Not Applicable,172,Cash,39,4.1,3.1
2024-07-22 04:01:00,CNR6893625243,Driver Not Found,CID862157,Mini,Marathahalli,Shivajinagar,,,Not Applicable,Not Applicable,Not Applicable,Not Applicable,395,Not Applicable,0,,
2024-07-08 03:17:00,CNR8530949580,Success,CID926161,Mini,Rajarajeshwari Nagar,Padmanabhanagar,231.0,90.0,Not Applicable,Not Applicable,No,Not Applicable,234,Cash,27,3.2,4.4
2024-07-06 14:26:00,CNR1573647843,Driver Not Found,CID110079,Prime Sedan,Kadugodi,Kammanahalli,,,Not Applicable,Not Applicable,Not Applicable,Not Applicable,787,Not Applicable,0,,
2024-07-23 20:01:00,CNR9299098971,Success,CID594382,Prime SUV,Vijayanagar,Shivajinagar,245.0,85.0,Not Applicable,Not Applicable,Yes,Customer Demand,603,Cash,26,4.7,3.5
2024-07-25 07:14:00,CNR7669878710,Canceled by Driver,CID803856,Auto,Nagarbhavi,Hennur,,,Not Applicable,Personal & Car related issue,Not Applicable,Not Applicable,110,Not Applicable,0,,
2024-07-13 22:46:00,CNR4987184437,Driver Not Found,CID152469,Mini,Chamarajpet,Majestic,,,Not Applicable,Not Applicable,Not Applicable,Not Applicable,410,Not Applicable,0,,
2024-07-27 22:20:00,CNR7845155556,Success,CID318848,Bike,Kammanahalli,Kengeri,77.0,125.0,Not Applicable,Not Applicable,No,Not Applicable,131,UPI,26,4.3,4.1
2024-07-03 04:07:00,CNR8106630953,Success,CID447639,eBike,Whitefield,Vijayanagar,210.0,100.0,Not Applicable,Not Applicable,No,Not Applicable,245,UPI,36,4.8,4.9
2024-07-16 00:06:00,CNR9379291044,Success,CID554025,Prime Plus,Ramamurthy Nagar,HSR Layout,140.0,145.0,Not Applicable,Not Applicable,No,Not Applicable,1183,Cash,43,4.8,4.8
2024-07-20 15:09:00,CNR2987009912,Success,CID866654,eBike,Rajarajeshwari Nagar,Vijayanagar,133.0,85.0,Not Applicable,Not Applicable,No,Not Applicable,267,Cash,46,4.8,3.0
2024-07-24 18:10:00,CNR8385368139,Success,CID291412,Prime Sedan,Rajajinagar,Chamarajpet,161.0,45.0,Not Applicable,Not Applicable,No,Not Applicable,247,UPI,46,4.2,4.4
2024-07-17 11:03:00,CNR2581724657,Canceled by Driver,CID745640,Mini,Vijayanagar,Ramamurthy Nagar,,,Not Applicable,Customer related issue,Not Applicable,Not Applicable,357,Not Applicable,0,,
2024-07-07 17:43:00,CNR1241916636,Success,CID627371,Prime SUV,MG Road,Hebbal,245.0,90.0,Not Applicable,Not Applicable,No,Not Applicable,165,Cash,38,3.5,4.6
2024-07-16 18:54:00,CNR4896779810,Success,CID610926,Prime Plus,HSR Layout,Chickpet,126.0,100.0,Not Applicable,Not Applicable,No,Not Applicable,661,Cash,10,3.3,4.9
2024-07-14 09:42:00,CNR8463597208,Canceled by Customer,CID144500,Bike,Devanahalli,Yelahanka,,,Driver asked to cancel,Not Applicable,Not Applicable,Not Applicable,949,Not Applicable,0,,
2024-07-03 18:58:00,CNR8467621359,Canceled by Customer,CID746891,Prime SUV,Richmond Town,Shivajinagar,,,Driver is not moving towards pickup location,Not Applicable,Not Applicable,Not Applicable,307,Not Applicable,0,,
2024-07-26 22:41:00,CNR6418606531,Canceled by Customer,CID883423,Prime Plus,Chamarajpet,Vijayanagar,,,Wrong Address,Not Applicable,Not Applicable,Not Applicable,168,Not Applicable,0,,
2024-07-25 21:33:00,CNR8155086884,Driver Not Found,CID596215,eBike,Sahakar Nagar,Tumkur Road,,,Not Applicable,Not Applicable,Not Applicable,Not Applicable,382,Not Applicable,0,,
2024-07-27 17:53:00,CNR9991738148,Success,CID494486,eBike,Richmond Town,Cox Town,126.0,105.0,Not Applicable,Not Applicable,No,Not Applicable,494,UPI,5,4.0,4.9
2024-07-07 03:57:00,CNR6644599277,Success,CID475022,Auto,Langford Town,Bannerghatta Road,140.0,95.0,Not Applicable,Not Applicable,No,Not Applicable,705,Cash,12,4.3,3.1
2024-07-19 03:54:00,CNR9064466199,Canceled by Driver,CID460628,Prime SUV,Magadi Road,Jayanagar,,,Not Applicable,Customer was coughing/sick,Not Applicable,Not Applicable,335,Not Applicable,0,,
2024-07-19 06:09:00,CNR7472244587,Canceled by Driver,CID954111,Prime Plus,Varthur,Richmond Town,,,Not Applicable,Customer related issue,Not Applicable,Not Applicable,926,Not Applicable,0,,
2024-07-13 15:18:00,CNR1235262212,Success,CID906620,Auto,Whitefield,Shivajinagar,301.0,120.0,Not Applicable,Not Applicable,No,Not Applicable,113,UPI,3,3.0,3.4
2024-07-03 17:17:00,CNR8745796142,Success,CID927127,Mini,Hosur Road,Whitefield,168.0,55.0,Not Applicable,Not Applicable,No,Not Applicable,383,Debit Card,34,4.3,4.6
2024-07-06 18:54:00,CNR8472300763,Success,CID597527,Prime Plus,Basavanagudi,Ulsoor,259.0,55.0,Not Applicable,Not Applicable,No,Not Applicable,774,Cash,33,3.7,4.1
2024-07-07 09:56:00,CNR8157558512,Driver Not Found,CID215432,Prime Sedan,Whitefield,Hebbal,,,Not Applicable,Not Applicable,Not Applicable,Not Applicable,454,Not Applicable,0,,
2024-07-04 06:55:00,CNR9331177098,Success,CID514097,Mini,Hennur,Chamarajpet,203.0,55.0,Not Applicable,Not Applicable,No,Not Applicable,842,Cash,4,3.7,4.2
2024-07-30 11:40:00,CNR3844524418,Success,CID102526,Prime SUV,Whitefield,Malleshwaram,161.0,45.0,Not Applicable,Not Applicable,No,Not Applicable,691,Cash,15,3.0,3.9
2024-07-05 15:14:00,CNR2762650367,Success,CID741108,Bike,Hosur Road,Hebbal,245.0,85.0,Not Applicable,Not Applicable,No,Not Applicable,155,UPI,1,3.1,3.8
2024-07-30 22:52:00,CNR2537382749,Success,CID771343,Prime Sedan,KR Puram,Chickpet,259.0,70.0,Not Applicable,Not Applicable,No,Not Applicable,230,Cash,16,3.8,4.7
2024-07-16 06:39:00,CNR3729893647,Driver Not Found,CID162055,Bike,Mysore Road,Cox Town,,,Not Applicable,Not Applicable,Not Applicable,Not Applicable,311,Not Applicable,0,,
2024-07-27 18:08:00,CNR9415799990,Success,CID139775,eBike,MG Road,Bellandur,42.0,35.0,Not Applicable,Not Applicable,No,Not Applicable,841,Cash,24,4.4,4.8
2024-07-23 20:55:00,CNR4752648444,Success,CID896806,Prime SUV,Hennur,Langford Town,217.0,115.0,Not Applicable,Not Applicable,No,Not Applicable,962,Cash,15,3.8,3.8
2024-07-05 12:28:00,CNR2931339517,Success,CID875441,Prime Sedan,Basavanagudi,Sarjapur Road,42.0,85.0,Not Applicable,Not Applicable,No,Not Applicable,110,Cash,41,4.9,4.7
2024-07-17 10:13:00,CNR5310035603,Canceled by Driver,CID726332,Mini,Vijayanagar,Langford Town,,,Not Applicable,Customer related issue,Not Applicable,Not Applicable,696,Not Applicable,0,,
2024-07-13 13:16:00,CNR6257642930,Canceled by Driver,CID397211,Auto,HSR Layout,Langford Town,,,Not Applicable,Customer related issue,Not Applicable,Not Applicable,212,Not Applicable,0,,
2024-07-24 18:59:00,CNR6804007250,Success,CID629317,Mini,Shivajinagar,Whitefield,35.0,30.0,Not Applicable,Not Applicable,No,Not Applicable,472,Cash,31,3.3,3.7
2024-07-28 08:47:00,CNR6688663076,Success,CID494435,Prime Plus,Nagarbhavi,BTM Layout,301.0,75.0,Not Applicable,Not Applicable,No,Not Applicable,121,Cash,8,3.6,3.1
2024-07-01 11:47:00,CNR2051024011,Success,CID447466,Mini,Malleshwaram,Langford Town,35.0,135.0,Not Applicable,Not Applicable,No,Not Applicable,474,Cash,16,4.1,4.0
2024-07-25 04:47:00,CNR2902542882,Success,CID784338,Prime Sedan,Bannerghatta Road,Majestic,119.0,100.0,Not Applicable,Not Applicable,No,Not Applicable,433,Cash,47,4.4,3.7
2024-07-15 03:46:00,CNR2275737324,Canceled by Customer,CID107426,Mini,Mysore Road,MG Road,,,Driver is not moving towards pickup location,Not Applicable,Not Applicable,Not Applicable,112,Not Applicable,0,,
2024-07-20 06:35:00,CNR4969912226,Canceled by Customer,CID708904,Bike,Whitefield,Ramamurthy Nagar,,,Driver asked to cancel,Not Applicable,Not Applicable,Not Applicable,379,Not Applicable,0,,
2024-07-06 18:07:00,CNR5939937869,Canceled by Driver,CID192259,eBike,Shantinagar,Devanahalli,,,Not Applicable,Customer was coughing/sick,Not Applicable,Not Applicable,420,Not Applicable,0,,
2024-07-21 03:29:00,CNR6817531401,Success,CID627897,Mini,Mysore Road,JP Nagar,238.0,105.0,Not Applicable,Not Applicable,Yes,Vehicle Breakdown,724,Cash,49,4.0,4.5
2024-07-11 19:04:00,CNR6089687869,Driver Not Found,CID499033,eBike,Basavanagudi,Cox Town,,,Not Applicable,Not Applicable,Not Applicable,Not Applicable,256,Not Applicable,0,,
2024-07-16 01:18:00,CNR5998627196,Canceled by Customer,CID366005,Auto,Hulimavu,Nagarbhavi,,,Driver is not moving towards pickup location,Not Applicable,Not Applicable,Not Applicable,169,Not Applicable,0,,
2024-07-23 17:02:00,CNR6147067015,Success,CID175139,Auto,Rajajinagar,Bannerghatta Road,273.0,40.0,Not Applicable,Not Applicable,Yes,Vehicle Breakdown,239,UPI,8,4.7,4.9
2024-07-12 01:08:00,CNR2816133236,Canceled by Driver,CID547175,Auto,Indiranagar,Yeshwanthpur,,,Not Applicable,Customer related issue,Not Applicable,Not Applicable,274,Not Applicable,0,,
2024-07-19 20:56:00,CNR4375281856,Success,CID380496,Bike,Langford Town,Basavanagudi,77.0,110.0,Not Applicable,Not Applicable,No,Not Applicable,437,UPI,1,3.5,3.5
2024-07-20 19:32:00,CNR7176234374,Canceled by Customer,CID157171,Prime Plus,Langford Town,Kammanahalli,,,Driver is not moving towards pickup location,Not Applicable,Not Applicable,Not Applicable,113,Not Applicable,0,,
2024-07-18 17:09:00,CNR9255286253,Canceled by Driver,CID766467,Bike,Shivajinagar,Langford Town,,,Not Applicable,Customer related issue,Not Applicable,Not Applicable,415,Not Applicable,0,,
2024-07-13 01:22:00,CNR9083827573,Success,CID937791,eBike,Electronic City,Whitefield,35.0,135.0,Not Applicable,Not Applicable,No,Not Applicable,159,UPI,27,4.4,4.2
2024-07-02 03:03:00,CNR6177513611,Success,CID806417,eBike,Basavanagudi,Varthur,42.0,50.0,Not Applicable,Not Applicable,No,Not Applicable,273,Cash,35,3.9,3.3
2024-07-26 09:20:00,CNR7748516210,Success,CID164466,Mini,Frazer Town,Kengeri,168.0,110.0,Not Applicable,Not Applicable,No,Not Applicable,811,Cash,4,4.2,4.4
2024-07-16 06:57:00,CNR9077931378,Success,CID377944,Auto,Langford Town,Basavanagudi,35.0,75.0,Not Applicable,Not Applicable,No,Not Applicable,629,Cash,8,3.1,3.0
2024-07-24 16:21:00,CNR7213397559,Success,CID671611,Prime SUV,HSR Layout,Majestic,35.0,80.0,Not Applicable,Not Applicable,Yes,Vehicle Breakdown,812,Cash,32,4.6,3.2
2024-07-24 15:21:00,CNR4365810028,Canceled by Driver,CID517806,Mini,Magadi Road,Electronic City,,,Not Applicable,More than permitted people in there,Not Applicable,Not Applicable,178,Not Applicable,0,,
2024-07-06 03:04:00,CNR6602651005,Success,CID708215,Auto,Magadi Road,Chickpet,203.0,50.0,Not Applicable,Not Applicable,No,Not Applicable,390,Cash,8,3.8,4.1
2024-07-27 13:37:00,CNR7271864750,Success,CID662897,Bike,Whitefield,Electronic City,147.0,135.0,Not Applicable,Not Applicable,Yes,Vehicle Breakdown,723,UPI,28,4.6,3.1
2024-07-01 09:08:00,CNR7147089276,Success,CID377279,Mini,Jayanagar,Chamarajpet,77.0,90.0,Not Applicable,Not Applicable,No,Not Applicable,193,Cash,31,4.2,3.2
2024-07-04 15:10:00,CNR8437459702,Driver Not Found,CID638355,Prime SUV,Ramamurthy Nagar,Rajarajeshwari Nagar,,,Not Applicable,Not Applicable,Not Applicable,Not Applicable,288,Not Applicable,0,,
2024-07-25 21:20:00,CNR4217328809,Canceled by Driver,CID667237,Mini,Sarjapur Road,Whitefield,,,Not Applicable,Personal & Car related issue,Not Applicable,Not Applicable,407,Not Applicable,0,,
2024-07-20 12:36:00,CNR6118150995,Success,CID749882,Prime SUV,Shantinagar,Ulsoor,154.0,25.0,Not Applicable,Not Applicable,Yes,Other Issue,375,Cash,1,3.9,4.2
2024-07-28 05:36:00,CNR2956219329,Canceled by Driver,CID954599,Mini,Yelahanka,BTM Layout,,,Not Applicable,Customer related issue,Not Applicable,Not Applicable,148,Not Applicable,0,,
2024-07-04 11:42:00,CNR6968516902,Success,CID430344,Prime Plus,Kengeri,MG Road,245.0,105.0,Not Applicable,Not Applicable,No,Not Applicable,366,UPI,46,3.7,4.1
2024-07-16 11:20:00,CNR9663928474,Success,CID272081,eBike,Kammanahalli,Rajajinagar,84.0,105.0,Not Applicable,Not Applicable,Yes,Vehicle Breakdown,441,UPI,46,4.5,3.3
2024-07-20 03:30:00,CNR6104729109,Canceled by Driver,CID354442,Auto,Sahakar Nagar,BTM Layout,,,Not Applicable,More than permitted people in there,Not Applicable,Not Applicable,253,Not Applicable,0,,
2024-07-06 02:40:00,CNR5964359783,Canceled by Driver,CID218473,Prime Plus,Frazer Town,Peenya,,,Not Applicable,Customer related issue,Not Applicable,Not Applicable,202,Not Applicable,0,,
2024-07-11 05:54:00,CNR3174168832,Success,CID131431,Mini,Rajarajeshwari Nagar,Varthur,308.0,115.0,Not Applicable,Not Applicable,No,Not Applicable,2644,Credit Card,28,4.0,3.3
2024-07-14 02:32:00,CNR2081004287,Driver Not Found,CID247509,Prime SUV,Vijayanagar,Hebbal,,,Not Applicable,Not Applicable,Not Applicable,Not Applicable,476,Not Applicable,0,,
2024-07-26 09:47:00,CNR5320284057,Success,CID641357,Prime Plus,Hebbal,Frazer Town,182.0,115.0,Not Applicable,Not Applicable,No,Not Applicable,316,UPI,4,4.1,4.0
2024-07-30 05:39:00,CNR7734206619,Canceled by Driver,CID121673,Bike,Chamarajpet,Bannerghatta Road,,,Not Applicable,Customer related issue,Not Applicable,Not Applicable,380,Not Applicable,0,,
2024-07-01 09:25:00,CNR3608614377,Success,CID837506,Prime SUV,KR Puram,Cox Town,154.0,130.0,Not Applicable,Not Applicable,No,Not Applicable,466,UPI,45,3.5,4.5
2024-07-08 18:41:00,CNR9657979560,Success,CID580655,Prime Sedan,Majestic,Koramangala,196.0,120.0,Not Applicable,Not Applicable,No,Not Applicable,438,Cash,29,4.7,3.8
2024-07-29 21:22:00,CNR4911237344,Success,CID235332,Auto,Frazer Town,Sarjapur Road,56.0,110.0,Not Applicable,Not Applicable,No,Not Applicable,699,UPI,7,3.5,4.0
2024-07-11 21:41:00,CNR4117450974,Canceled by Driver,CID458107,Auto,Basavanagudi,Hulimavu,,,Not Applicable,Personal & Car related issue,Not Applicable,Not Applicable,420,Not Applicable,0,,
2024-07-12 01:57:00,CNR2304222174,Canceled by Customer,CID827998,eBike,Malleshwaram,Kammanahalli,,,Driver is not moving towards pickup location,Not Applicable,Not Applicable,Not Applicable,189,Not Applicable,0,,
2024-07-14 04:58:00,CNR8742000389,Driver Not Found,CID220394,eBike,Malleshwaram,Hulimavu,,,Not Applicable,Not Applicable,Not Applicable,Not Applicable,543,Not Applicable,0,,
2024-07-10 04:48:00,CNR8926593696,Success,CID400573,Auto,Hennur,Varthur,140.0,40.0,Not Applicable,Not Applicable,No,Not Applicable,183,Cash,13,3.3,4.2
2024-07-30 07:42:00,CNR9934380796,Canceled by Driver,CID374539,Prime SUV,KR Puram,Vijayanagar,,,Not Applicable,Personal & Car related issue,Not Applicable,Not Applicable,1952,Not Applicable,0,,
2024-07-01 00:52:00,CNR8457889840,Canceled by Driver,CID624100,Prime SUV,Koramangala,Kadugodi,,,Not Applicable,Personal & Car related issue,Not Applicable,Not Applicable,192,Not Applicable,0,,
2024-07-09 03:06:00,CNR8979641249,Success,CID562255,Prime SUV,Varthur,Mysore Road,252.0,40.0,Not Applicable,Not Applicable,No,Not Applicable,476,Cash,6,3.2,3.6
2024-07-06 02:38:00,CNR5292799021,Canceled by Driver,CID602454,Prime Sedan,Hosur Road,Hebbal,,,Not Applicable,Customer related issue,Not Applicable,Not Applicable,875,Not Applicable,0,,
2024-07-04 05:57:00,CNR8296211844,Canceled by Customer,CID275822,Prime Sedan,Kadugodi,Vijayanagar,,,AC is Not working,Not Applicable,Not Applicable,Not Applicable,310,Not Applicable,0,,
2024-07-18 15:53:00,CNR4180093882,Success,CID854101,Prime Sedan,Cox Town,Indiranagar,70.0,25.0,Not Applicable,Not Applicable,No,Not Applicable,698,UPI,4,4.4,4.0
2024-07-12 01:58:00,CNR8232509782,Success,CID103173,Prime Sedan,Shantinagar,Shantinagar,189.0,75.0,Not Applicable,Not Applicable,No,Not Applicable,595,Cash,2,5.0,4.3
2024-07-11 14:43:00,CNR2932200629,Success,CID770462,Prime SUV,Indiranagar,Basavanagudi,112.0,125.0,Not Applicable,Not Applicable,No,Not Applicable,324,Cash,8,4.1,3.8
2024-07-06 19:14:00,CNR9557605447,Canceled by Driver,CID243144,Auto,Indiranagar,Indiranagar,,,Not Applicable,Customer was coughing/sick,Not Applicable,Not Applicable,679,Not Applicable,0,,
2024-07-04 11:52:00,CNR5406476945,Success,CID305093,eBike,Rajarajeshwari Nagar,HSR Layout,91.0,80.0,Not Applicable,Not Applicable,No,Not Applicable,193,Cash,23,4.9,4.9
2024-07-08 20:27:00,CNR4940113916,Success,CID227515,Prime Plus,Devanahalli,Yeshwanthpur,280.0,110.0,Not Applicable,Not Applicable,No,Not Applicable,164,UPI,10,4.5,3.7
2024-07-26 04:49:00,CNR8809210982,Canceled by Driver,CID993006,Prime Plus,Banashankari,Varthur,,,Not Applicable,Personal & Car related issue,Not Applicable,Not Applicable,443,Not Applicable,0,,
2024-07-24 14:50:00,CNR6331707108,Success,CID205720,Prime SUV,MG Road,JP Nagar,98.0,35.0,Not Applicable,Not Applicable,No,Not Applicable,649,UPI,3,3.7,4.1
2024-07-24 21:28:00,CNR2108996366,Driver Not Found,CID502006,Bike,Ramamurthy Nagar,Shivajinagar,,,Not Applicable,Not Applicable,Not Applicable,Not Applicable,380,Not Applicable,0,,
2024-07-17 13:58:00,CNR1898200295,Success,CID618366,Prime Plus,Hosur Road,Langford Town,161.0,135.0,Not Applicable,Not Applicable,No,Not Applicable,481,Cash,35,4.8,4.1
2024-07-18 11:28:00,CNR9971560812,Canceled by Driver,CID399486,Prime Sedan,Shivajinagar,Mysore Road,,,Not Applicable,Personal & Car related issue,Not Applicable,Not Applicable,425,Not Applicable,0,,
2024-07-08 09:26:00,CNR4015135081,Success,CID283959,Mini,Padmanabhanagar,Kammanahalli,266.0,85.0,Not Applicable,Not Applicable,No,Not Applicable,560,Cash,7,4.4,3.0
2024-07-26 02:08:00,CNR5838412921,Success,CID696116,Prime SUV,Rajajinagar,Rajarajeshwari Nagar,77.0,115.0,Not Applicable,Not Applicable,No,Not Applicable,2897,Credit Card,3,3.8,3.9
2024-07-25 02:56:00,CNR1214462650,Success,CID215126,Auto,BTM Layout,HSR Layout,266.0,140.0,Not Applicable,Not Applicable,No,Not Applicable,390,Cash,3,4.7,3.8
2024-07-11 18:30:00,CNR2486996953,Canceled by Customer,CID261069,Mini,Marathahalli,Malleshwaram,,,Driver is not moving towards pickup location,Not Applicable,Not Applicable,Not Applicable,623,Not Applicable,0,,
2024-07-23 07:14:00,CNR8471016605,Success,CID971513,Prime Sedan,Sahakar Nagar,Cox Town,196.0,125.0,Not Applicable,Not Applicable,Yes,Customer Demand,139,Cash,39,4.2,3.4
2024-07-05 21:14:00,CNR6760807380,Success,CID710390,Auto,Rajajinagar,Devanahalli,77.0,85.0,Not Applicable,Not Applicable,No,Not Applicable,756,UPI,15,4.4,3.6
2024-07-18 00:25:00,CNR1395482552,Success,CID207774,eBike,Ulsoor,Richmond Town,266.0,60.0,Not Applicable,Not Applicable,No,Not Applicable,2102,UPI,42,4.8,3.7
2024-07-12 14:40:00,CNR2329702948,Canceled by Customer,CID833116,Auto,Ulsoor,Electronic City,,,Driver is not moving towards pickup location,Not Applicable,Not Applicable,Not Applicable,354,Not Applicable,0,,
2024-07-27 03:53:00,CNR6990833734,Driver Not Found,CID621954,Bike,Vijayanagar,Ramamurthy Nagar,,,Not Applicable,Not Applicable,Not Applicable,Not Applicable,645,Not Applicable,0,,
2024-07-04 19:55:00,CNR9974742681,Success,CID652420,Prime Sedan,Sahakar Nagar,Cox Town,266.0,50.0,Not Applicable,Not Applicable,No,Not Applicable,137,UPI,42,4.5,3.9
2024-07-21 13:18:00,CNR7827957155,Success,CID639344,Mini,Vijayanagar,Vijayanagar,224.0,55.0,Not Applicable,Not Applicable,No,Not Applicable,618,UPI,9,3.2,3.0
2024-07-10 15:22:00,CNR6351155065,Success,CID848788,Prime Plus,Padmanabhanagar,Koramangala,77.0,65.0,Not Applicable,Not Applicable,No,Not Applicable,254,Cash,11,3.6,4.3
2024-07-03 12:32:00,CNR2097489283,Success,CID550972,eBike,Sahakar Nagar,Kadugodi,147.0,60.0,Not Applicable,Not Applicable,No,Not Applicable,417,Cash,23,3.9,3.6
2024-07-09 06:55:00,CNR2514320297,Canceled by Driver,CID947191,Prime SUV,KR Puram,Kengeri,,,Not Applicable,Customer related issue,Not Applicable,Not Applicable,215,Not Applicable,0,,
2024-07-20 12:18:00,CNR5057432920,Success,CID542680,Prime Sedan,Mysore Road,Marathahalli,42.0,115.0,Not Applicable,Not Applicable,No,Not Applicable,126,Cash,24,4.6,4.5
2024-07-08 13:50:00,CNR4695444089,Driver Not Found,CID507573,Bike,Malleshwaram,Yeshwanthpur,,,Not Applicable,Not Applicable,Not Applicable,Not Applicable,299,Not Applicable,0,,
2024-07-17 06:53:00,CNR4071672318,Success,CID274614,Prime Sedan,Vijayanagar,Majestic,98.0,55.0,Not Applicable,Not Applicable,No,Not Applicable,553,UPI,16,4.2,3.4
2024-07-01 04:41:00,CNR2511805826,Canceled by Customer,CID469243,Prime Plus,Koramangala,Yelahanka,,,AC is Not working,Not Applicable,Not Applicable,Not Applicable,1485,Not Applicable,0,,
2024-07-24 15:29:00,CNR9496654202,Canceled by Customer,CID189894,Prime Sedan,Langford Town,Richmond Town,,,Driver is not moving towards pickup location,Not Applicable,Not Applicable,Not Applicable,232,Not Applicable,0,,
2024-07-25 01:08:00,CNR6803867498,Canceled by Customer,CID201327,eBike,RT Nagar,Cox Town,,,Driver asked to cancel,Not Applicable,Not Applicable,Not Applicable,358,Not Applicable,0,,
2024-07-06 06:01:00,CNR7633222135,Success,CID237483,Bike,Yelahanka,Padmanabhanagar,126.0,35.0,Not Applicable,Not Applicable,No,Not Applicable,897,UPI,33,3.6,4.6
2024-07-17 22:40:00,CNR1761488517,Canceled by Driver,CID468301,Prime SUV,Yelahanka,Chamarajpet,,,Not Applicable,Customer related issue,Not Applicable,Not Applicable,415,Not Applicable,0,,
2024-07-24 15:35:00,CNR3776653964,Success,CID726164,Prime SUV,Hennur,Ramamurthy Nagar,147.0,120.0,Not Applicable,Not Applicable,No,Not Applicable,387,Credit Card,1,3.7,4.9
2024-07-26 01:20:00,CNR1362092591,Success,CID678821,Prime Sedan,Varthur,Kammanahalli,196.0,120.0,Not Applicable,Not Applicable,No,Not Applicable,346,Cash,10,4.1,4.0
2024-07-11 02:05:00,CNR5660637393,Success,CID950638,Prime SUV,Whitefield,Yelahanka,231.0,110.0,Not Applicable,Not Applicable,No,Not Applicable,298,Cash,41,4.8,3.9
2024-07-15 11:59:00,CNR9187306775,Success,CID122063,Prime Plus,Sahakar Nagar,Sarjapur Road,301.0,110.0,Not Applicable,Not Applicable,No,Not Applicable,130,UPI,22,4.9,3.6
2024-07-26 22:19:00,CNR1193714036,Success,CID390833,Prime Plus,HSR Layout,Devanahalli,175.0,55.0,Not Applicable,Not Applicable,No,Not Applicable,336,UPI,21,4.6,4.2
2024-07-06 09:44:00,CNR1882750110,Success,CID240280,eBike,Hennur,MG Road,308.0,120.0,Not Applicable,Not Applicable,No,Not Applicable,144,UPI,22,4.2,3.7
2024-07-30 22:32:00,CNR1071428577,Success,CID481486,eBike,Hennur,Ulsoor,84.0,115.0,Not Applicable,Not Applicable,No,Not Applicable,851,Credit Card,30,4.7,4.5
2024-07-20 13:31:00,CNR3405006504,Canceled by Driver,CID316055,Prime Sedan,Whitefield,Hennur,,,Not Applicable,Customer related issue,Not Applicable,Not Applicable,863,Not Applicable,0,,
2024-07-20 13:16:00,CNR2939301841,Success,CID212274,Prime Plus,Sahakar Nagar,Indiranagar,49.0,95.0,Not Applicable,Not Applicable,No,Not Applicable,188,Cash,8,3.9,3.2
2024-07-16 10:12:00,CNR5212108208,Success,CID557878,Bike,Rajarajeshwari Nagar,Koramangala,217.0,30.0,Not Applicable,Not Applicable,No,Not Applicable,602,UPI,22,4.2,4.8
2024-07-09 10:41:00,CNR3304638861,Canceled by Driver,CID404044,Auto,Peenya,Jayanagar,,,Not Applicable,Personal & Car related issue,Not Applicable,Not Applicable,187,Not Applicable,0,,
2024-07-25 13:46:00,CNR4055149089,Success,CID968008,Auto,Bellandur,Bellandur,119.0,85.0,Not Applicable,Not Applicable,No,Not Applicable,142,Cash,4,3.6,3.0
2024-07-14 04:44:00,CNR1652413142,Canceled by Driver,CID175536,eBike,Whitefield,Mysore Road,,,Not Applicable,Personal & Car related issue,Not Applicable,Not Applicable,620,Not Applicable,0,,
2024-07-25 02:43:00,CNR8620491460,Success,CID547091,Prime SUV,Yelahanka,Hennur,245.0,40.0,Not Applicable,Not Applicable,No,Not Applicable,221,UPI,2,3.1,3.0
2024-07-07 07:25:00,CNR4724921377,Canceled by Customer,CID226540,Prime Plus,Kadugodi,MG Road,,,Driver is not moving towards pickup location,Not Applicable,Not Applicable,Not Applicable,405,Not Applicable,0,,
2024-07-28 21:11:00,CNR9816996095,Canceled by Customer,CID527401,Prime Plus,Ramamurthy Nagar,Rajarajeshwari Nagar,,,Change of plans,Not Applicable,Not Applicable,Not Applicable,467,Not Applicable,0,,
2024-07-20 14:09:00,CNR5231598003,Success,CID451503,Prime Sedan,Mysore Road,Rajajinagar,49.0,130.0,Not Applicable,Not Applicable,No,Not Applicable,499,UPI,26,4.5,4.6
2024-07-20 23:02:00,CNR6649723375,Success,CID390138,Prime Sedan,Sarjapur Road,Rajajinagar,133.0,45.0,Not Applicable,Not Applicable,No,Not Applicable,323,Cash,44,4.6,4.9
2024-07-26 07:15:00,CNR1491434378,Canceled by Customer,CID229926,Prime SUV,Richmond Town,Rajajinagar,,,Change of plans,Not Applicable,Not Applicable,Not Applicable,421,Not Applicable,0,,
2024-07-29 02:54:00,CNR5273562202,Success,CID253464,eBike,Kammanahalli,MG Road,133.0,50.0,Not Applicable,Not Applicable,No,Not Applicable,296,Cash,8,3.0,3.9
2024-07-01 08:29:00,CNR2381635856,Canceled by Driver,CID839460,Prime Plus,Shantinagar,Electronic City,,,Not Applicable,Customer related issue,Not Applicable,Not Applicable,286,Not Applicable,0,,
2024-07-17 18:44:00,CNR3367903522,Success,CID714739,Prime Plus,Tumkur Road,Marathahalli,189.0,40.0,Not Applicable,Not Applicable,No,Not Applicable,289,UPI,9,3.5,4.6
2024-07-10 05:50:00,CNR4610579620,Success,CID854053,Prime Plus,Kengeri,MG Road,70.0,130.0,Not Applicable,Not Applicable,No,Not Applicable,146,Cash,47,3.5,4.6
2024-07-20 21:08:00,CNR8594968464,Success,CID118954,Prime Sedan,Hennur,Rajajinagar,63.0,120.0,Not Applicable,Not Applicable,No,Not Applicable,366,Cash,27,3.7,3.7
2024-07-27 07:14:00,CNR3617112163,Canceled by Driver,CID852066,Bike,Rajajinagar,Chamarajpet,,,Not Applicable,Personal & Car related issue,Not Applicable,Not Applicable,219,Not Applicable,0,,
2024-07-21 00:10:00,CNR6998751636,Success,CID520409,Prime Plus,Chickpet,Malleshwaram,294.0,110.0,Not Applicable,Not Applicable,No,Not Applicable,215,Cash,3,3.1,3.4
2024-07-26 19:51:00,CNR3905494337,Success,CID126900,Auto,RT Nagar,Kammanahalli,98.0,95.0,Not Applicable,Not Applicable,No,Not Applicable,852,Cash,14,4.2,3.5
2024-07-17 12:56:00,CNR9510849320,Success,CID507239,Prime Sedan,Malleshwaram,Yeshwanthpur,91.0,35.0,Not Applicable,Not Applicable,No,Not Applicable,307,Credit Card,17,3.7,4.5
2024-07-29 00:34:00,CNR8525290634,Success,CID589903,Bike,Ramamurthy Nagar,Padmanabhanagar,91.0,35.0,Not Applicable,Not Applicable,No,Not Applicable,197,UPI,8,3.7,4.3
2024-07-19 12:54:00,CNR2844655750,Driver Not Found,CID245307,Mini,Jayanagar,Kengeri,,,Not Applicable,Not Applicable,Not Applicable,Not Applicable,305,Not Applicable,0,,
2024-07-10 02:56:00,CNR8771725729,Success,CID100841,Prime Sedan,Kengeri,Shantinagar,49.0,35.0,Not Applicable,Not Applicable,No,Not Applicable,2876,UPI,11,4.2,4.2
2024-07-16 00:34:00,CNR8980708361,Success,CID921952,Mini,Padmanabhanagar,Richmond Town,287.0,145.0,Not Applicable,Not Applicable,No,Not Applicable,785,UPI,15,4.9,4.0
2024-07-10 02:18:00,CNR3363057291,Canceled by Customer,CID696201,eBike,Kammanahalli,Majestic,,,Driver is not moving towards pickup location,Not Applicable,Not Applicable,Not Applicable,241,Not Applicable,0,,
2024-07-25 19:01:00,CNR4735430898,Driver Not Found,CID633532,eBike,Nagarbhavi,JP Nagar,,,Not Applicable,Not Applicable,Not Applicable,Not Applicable,141,Not Applicable,0,,
2024-07-29 11:09:00,CNR7435142032,Success,CID541831,Bike,Rajarajeshwari Nagar,Chickpet,196.0,90.0,Not Applicable,Not Applicable,No,Not Applicable,432,UPI,27,3.5,3.3
2024-07-27 14:21:00,CNR1819422135,Success,CID191607,eBike,Koramangala,Padmanabhanagar,35.0,90.0,Not Applicable,Not Applicable,No,Not Applicable,352,UPI,4,3.4,4.8
2024-07-16 18:56:00,CNR1802703828,Success,CID844607,Mini,Vijayanagar,Chamarajpet,301.0,70.0,Not Applicable,Not Applicable,No,Not Applicable,259,UPI,6,4.8,3.8
2024-07-13 09:55:00,CNR9249275664,Canceled by Customer,CID422474,Mini,Bellandur,Sahakar Nagar,,,Driver asked to cancel,Not Applicable,Not Applicable,Not Applicable,563,Not Applicable,0,,
2024-07-26 14:28:00,CNR7774991999,Success,CID484909,Prime Plus,Majestic,Ulsoor,182.0,25.0,Not Applicable,Not Applicable,No,Not Applicable,356,UPI,48,3.2,3.4
2024-07-27 00:17:00,CNR5336142837,Driver Not Found,CID441049,Prime Sedan,MG Road,Electronic City,,,Not Applicable,Not Applicable,Not Applicable,Not Applicable,183,Not Applicable,0,,
2024-07-09 13:32:00,CNR9637287193,Success,CID303525,Prime SUV,Jayanagar,Whitefield,224.0,50.0,Not Applicable,Not Applicable,No,Not Applicable,729,UPI,6,3.7,4.6
2024-07-29 00:02:00,CNR7025644296,Success,CID814614,Bike,Peenya,Mysore Road,189.0,35.0,Not Applicable,Not Applicable,No,Not Applicable,392,Cash,32,3.5,3.2
2024-07-22 21:56:00,CNR4069891817,Success,CID380110,Bike,Vijayanagar,Magadi Road,245.0,55.0,Not Applicable,Not Applicable,No,Not Applicable,1395,Cash,33,4.1,4.0
2024-07-13 15:01:00,CNR5705890341,Success,CID989184,Mini,Nagarbhavi,Tumkur Road,224.0,45.0,Not Applicable,Not Applicable,No,Not Applicable,109,Cash,29,5.0,5.0
2024-07-06 20:30:00,CNR4658485312,Success,CID657432,Bike,BTM Layout,Bellandur,140.0,50.0,Not Applicable,Not Applicable,No,Not Applicable,852,Cash,43,4.8,3.1
2024-07-08 17:32:00,CNR5476827528,Canceled by Customer,CID988030,Prime Plus,Yeshwanthpur,Bellandur,,,AC is Not working,Not Applicable,Not Applicable,Not Applicable,258,Not Applicable,0,,
2024-07-11 11:16:00,CNR5608825241,Success,CID851521,Bike,Tumkur Road,Shivajinagar,175.0,130.0,Not Applicable,Not Applicable,Yes,Customer Demand,387,UPI,47,4.8,4.5
2024-07-28 22:36:00,CNR5644235262,Success,CID290581,eBike,Langford Town,Padmanabhanagar,252.0,35.0,Not Applicable,Not Applicable,No,Not Applicable,174,UPI,47,4.1,3.7
2024-07-20 09:55:00,CNR8784834446,Success,CID506869,Prime Sedan,Majestic,Sahakar Nagar,238.0,95.0,Not Applicable,Not Applicable,No,Not Applicable,314,Cash,42,3.2,3.6
2024-07-02 12:29:00,CNR9150168221,Success,CID193071,Prime Sedan,Chickpet,Hulimavu,70.0,90.0,Not Applicable,Not Applicable,Yes,Vehicle Breakdown,366,Cash,9,4.1,3.5
2024-07-02 06:37:00,CNR6797688163,Success,CID826839,Prime Sedan,Richmond Town,KR Puram,245.0,80.0,Not Applicable,Not Applicable,No,Not Applicable,802,UPI,23,4.1,3.9
2024-07-16 03:05:00,CNR8147706523,Success,CID337064,eBike,Magadi Road,RT Nagar,308.0,135.0,Not Applicable,Not Applicable,No,Not Applicable,264,Cash,42,3.5,3.2
2024-07-23 13:35:00,CNR1226424696,Canceled by Driver,CID363953,Mini,MG Road,Padmanabhanagar,,,Not Applicable,More than permitted people in there,Not Applicable,Not Applicable,323,Not Applicable,0,,
2024-07-28 19:06:00,CNR7615141578,Canceled by Driver,CID140427,Prime Plus,Sarjapur Road,Mysore Road,,,Not Applicable,Customer was coughing/sick,Not Applicable,Not Applicable,2131,Not Applicable,0,,
2024-07-11 03:54:00,CNR3122516452,Canceled by Customer,CID692468,Auto,Shantinagar,BTM Layout,,,Change of plans,Not Applicable,Not Applicable,Not Applicable,212,Not Applicable,0,,
2024-07-12 15:23:00,CNR1108360182,Success,CID959576,Auto,Rajajinagar,KR Puram,91.0,85.0,Not Applicable,Not Applicable,No,Not Applicable,379,Cash,14,5.0,4.8
2024-07-03 04:15:00,CNR9447397527,Success,CID983556,eBike,Malleshwaram,BTM Layout,63.0,115.0,Not Applicable,Not Applicable,No,Not Applicable,424,UPI,5,4.9,4.8
2024-07-23 06:24:00,CNR4038128191,Canceled by Customer,CID378652,Mini,Kengeri,Shantinagar,,,Driver is not moving towards pickup location,Not Applicable,Not Applicable,Not Applicable,230,Not Applicable,0,,
2024-07-21 03:01:00,CNR8620240731,Success,CID979612,Prime Plus,Electronic City,Yelahanka,119.0,130.0,Not Applicable,Not Applicable,No,Not Applicable,496,Cash,38,3.8,3.7
2024-07-27 06:36:00,CNR2653668253,Driver Not Found,CID268514,Mini,Chickpet,Varthur,,,Not Applicable,Not Applicable,Not Applicable,Not Applicable,2683,Not Applicable,0,,
2024-07-19 13:23:00,CNR5899272879,Success,CID786376,Prime SUV,RT Nagar,Kadugodi,63.0,100.0,Not Applicable,Not Applicable,No,Not Applicable,499,UPI,5,4.6,3.5
2024-07-23 18:12:00,CNR7583763968,Success,CID755482,Mini,Padmanabhanagar,HSR Layout,161.0,65.0,Not Applicable,Not Applicable,No,Not Applicable,642,Cash,49,4.1,4.8
2024-07-22 19:32:00,CNR6060385586,Success,CID866988,Mini,Chickpet,Sahakar Nagar,168.0,130.0,Not Applicable,Not Applicable,Yes,Other Issue,440,Cash,20,5.0,4.5
2024-07-04 19:36:00,CNR7262997381,Success,CID952497,Mini,Vijayanagar,BTM Layout,182.0,120.0,Not Applicable,Not Applicable,Yes,Vehicle Breakdown,378,Cash,20,4.1,4.9
2024-07-29 01:44:00,CNR5338171985,Canceled by Customer,CID824033,Prime SUV,Hebbal,Hebbal,,,Driver is not moving towards pickup location,Not Applicable,Not Applicable,Not Applicable,581,Not Applicable,0,,
2024-07-23 11:13:00,CNR9891098804,Success,CID501831,Auto,Koramangala,Sarjapur Road,56.0,145.0,Not Applicable,Not Applicable,No,Not Applicable,1742,Cash,4,3.2,4.7
2024-07-03 00:09:00,CNR5954545633,Success,CID333876,Bike,Majestic,Bellandur,280.0,45.0,Not Applicable,Not Applicable,No,Not Applicable,159,UPI,11,5.0,3.4
2024-07-27 20:14:00,CNR5830386565,Canceled by Driver,CID793971,Prime Plus,Hulimavu,Chickpet,,,Not Applicable,More than permitted people in there,Not Applicable,Not Applicable,436,Not Applicable,0,,
2024-07-07 06:06:00,CNR2790790626,Canceled by Driver,CID581943,Prime SUV,Kammanahalli,Basavanagudi,,,Not Applicable,Customer related issue,Not Applicable,Not Applicable,311,Not Applicable,0,,
2024-07-21 14:37:00,CNR8630642674,Success,CID977708,Prime Plus,Chamarajpet,MG Road,308.0,145.0,Not Applicable,Not Applicable,No,Not Applicable,139,Cash,8,4.6,4.6
2024-07-30 03:44:00,CNR5202752074,Success,CID708490,Auto,JP Nagar,Peenya,259.0,115.0,Not Applicable,Not Applicable,No,Not Applicable,173,Credit Card,11,3.7,3.2
2024-07-06 05:30:00,CNR4894179281,Success,CID871883,Auto,Hennur,Ulsoor,105.0,25.0,Not Applicable,Not Applicable,No,Not Applicable,325,UPI,12,3.2,3.8
2024-07-25 20:14:00,CNR5112625062,Success,CID629691,Prime Plus,Malleshwaram,Marathahalli,147.0,60.0,Not Applicable,Not Applicable,Yes,Other Issue,769,Cash,45,3.4,3.2
2024-07-10 03:54:00,CNR6959274201,Success,CID497022,eBike,Yelahanka,Majestic,189.0,60.0,Not Applicable,Not Applicable,No,Not Applicable,190,Cash,29,3.4,4.0
2024-07-03 08:03:00,CNR9360576982,Canceled by Customer,CID595863,Auto,Kadugodi,Vijayanagar,,,Driver is not moving towards pickup location,Not Applicable,Not Applicable,Not Applicable,193,Not Applicable,0,,
2024-07-24 09:10:00,CNR2636962877,Success,CID268984,Prime Sedan,Ramamurthy Nagar,Hennur,105.0,145.0,Not Applicable,Not Applicable,No,Not Applicable,856,Cash,24,4.0,3.4
2024-07-20 13:44:00,CNR6798579336,Success,CID574268,Auto,Mysore Road,Marathahalli,35.0,105.0,Not Applicable,Not Applicable,No,Not Applicable,566,Cash,18,4.8,4.3
2024-07-16 06:41:00,CNR9111808928,Success,CID444401,Bike,Bannerghatta Road,Magadi Road,77.0,115.0,Not Applicable,Not Applicable,No,Not Applicable,218,Cash,30,4.5,3.2
2024-07-14 16:46:00,CNR5492910169,Success,CID702492,Auto,RT Nagar,Ulsoor,238.0,90.0,Not Applicable,Not Applicable,No,Not Applicable,342,UPI,8,4.1,3.2
2024-07-05 19:33:00,CNR8665689617,Success,CID999367,Prime Sedan,Kammanahalli,HSR Layout,56.0,110.0,Not Applicable,Not Applicable,No,Not Applicable,478,Cash,6,3.0,3.1
2024-07-27 08:09:00,CNR8447155656,Canceled by Driver,CID248215,Prime Plus,Richmond Town,Shivajinagar,,,Not Applicable,More than permitted people in there,Not Applicable,Not Applicable,192,Not Applicable,0,,
2024-07-08 13:49:00,CNR6117184130,Canceled by Driver,CID812353,Mini,Kengeri,Hebbal,,,Not Applicable,Customer related issue,Not Applicable,Not Applicable,417,Not Applicable,0,,
2024-07-29 20:10:00,CNR9289699075,Canceled by Driver,CID525650,Prime Plus,Chamarajpet,Hennur,,,Not Applicable,Customer related issue,Not Applicable,Not Applicable,262,Not Applicable,0,,
2024-07-11 05:50:00,CNR8840855852,Success,CID875232,Auto,Banashankari,Varthur,273.0,50.0,Not Applicable,Not Applicable,Yes,Vehicle Breakdown,348,UPI,4,4.8,3.4
2024-07-25 04:40:00,CNR6243788821,Success,CID815057,Mini,Malleshwaram,Marathahalli,238.0,120.0,Not Applicable,Not Applicable,No,Not Applicable,319,UPI,37,4.4,3.9
2024-07-20 18:22:00,CNR5113790150,Success,CID801535,Bike,Jayanagar,Whitefield,245.0,115.0,Not Applicable,Not Applicable,No,Not Applicable,225,Cash,44,5.0,4.8
2024-07-02 17:03:00,CNR1437163680,Canceled by Driver,CID630677,Prime Plus,Yeshwanthpur,Kadugodi,,,Not Applicable,Customer related issue,Not Applicable,Not Applicable,324,Not Applicable,0,,
2024-07-21 07:12:00,CNR9310745299,Success,CID371909,Mini,Vijayanagar,Kadugodi,168.0,70.0,Not Applicable,Not Applicable,Yes,Other Issue,238,Cash,31,3.6,4.1
2024-07-19 14:48:00,CNR7001573410,Success,CID158660,Mini,Indiranagar,Majestic,287.0,85.0,Not Applicable,Not Applicable,No,Not Applicable,239,Cash,25,3.3,3.4
2024-07-23 12:23:00,CNR4751074767,Canceled by Customer,CID529055,eBike,Sarjapur Road,Langford Town,,,Driver is not moving towards pickup location,Not Applicable,Not Applicable,Not Applicable,118,Not Applicable,0,,
2024-07-09 03:48:00,CNR3859626904,Success,CID179131,Mini,Koramangala,RT Nagar,259.0,65.0,Not Applicable,Not Applicable,No,Not Applicable,784,UPI,47,4.4,4.8
2024-07-18 23:47:00,CNR7998543068,Canceled by Customer,CID264837,Mini,Shantinagar,JP Nagar,,,Driver is not moving towards pickup location,Not Applicable,Not Applicable,Not Applicable,101,Not Applicable,0,,
2024-07-28 13:43:00,CNR5466519844,Canceled by Customer,CID684539,eBike,Hulimavu,Chickpet,,,Driver is not moving towards pickup location,Not Applicable,Not Applicable,Not Applicable,143,Not Applicable,0,,
2024-07-24 22:01:00,CNR8734810891,Canceled by Customer,CID429972,Bike,Rajarajeshwari Nagar,Hosur Road,,,Wrong Address,Not Applicable,Not Applicable,Not Applicable,819,Not Applicable,0,,
2024-07-01 15:27:00,CNR8933831588,Success,CID384290,Prime Plus,Rajajinagar,Koramangala,224.0,130.0,Not Applicable,Not Applicable,No,Not Applicable,961,Cash,35,3.8,3.2
2024-07-14 06:12:00,CNR8709116529,Success,CID903096,Prime SUV,Devanahalli,Hulimavu,231.0,125.0,Not Applicable,Not Applicable,No,Not Applicable,695,Cash,41,3.1,4.9
2024-07-03 22:52:00,CNR2223714253,Canceled by Driver,CID775024,Prime Sedan,Peenya,Bellandur,,,Not Applicable,Customer was coughing/sick,Not Applicable,Not Applicable,174,Not Applicable,0,,
2024-07-11 12:19:00,CNR6011411301,Canceled by Driver,CID297629,eBike,Jayanagar,Banashankari,,,Not Applicable,Personal & Car related issue,Not Applicable,Not Applicable,371,Not Applicable,0,,
2024-07-07 16:24:00,CNR2199785638,Success,CID627468,Prime Sedan,Hulimavu,Ramamurthy Nagar,35.0,60.0,Not Applicable,Not Applicable,No,Not Applicable,456,UPI,45,4.0,4.1
2024-07-10 06:45:00,CNR2886151169,Success,CID169274,Prime SUV,Ramamurthy Nagar,HSR Layout,182.0,105.0,Not Applicable,Not Applicable,No,Not Applicable,762,UPI,46,3.4,4.9
2024-07-30 00:39:00,CNR3686231770,Success,CID121824,Prime Plus,Yelahanka,Frazer Town,70.0,35.0,Not Applicable,Not Applicable,No,Not Applicable,212,Cash,35,4.2,4.0
2024-07-06 00:38:00,CNR9453744861,Success,CID807801,Bike,Padmanabhanagar,Jayanagar,245.0,145.0,Not Applicable,Not Applicable,No,Not Applicable,399,UPI,31,3.9,3.0
2024-07-22 17:48:00,CNR3680826793,Success,CID154269,Prime Plus,Rajarajeshwari Nagar,Cox Town,168.0,95.0,Not Applicable,Not Applicable,No,Not Applicable,296,Cash,15,4.0,4.6
2024-07-09 18:49:00,CNR2616607475,Driver Not Found,CID379113,Bike,Electronic City,Hosur Road,,,Not Applicable,Not Applicable,Not Applicable,Not Applicable,347,Not Applicable,0,,
2024-07-23 08:16:00,CNR6355812162,Success,CID705315,Prime Sedan,Tumkur Road,Richmond Town,168.0,120.0,Not Applicable,Not Applicable,No,Not Applicable,483,UPI,25,4.4,4.4
2024-07-07 01:30:00,CNR4074361010,Success,CID451481,eBike,Marathahalli,Jayanagar,42.0,55.0,Not Applicable,Not Applicable,No,Not Applicable,383,Cash,14,3.2,4.2
2024-07-23 11:56:00,CNR7715557638,Canceled by Customer,CID252371,Prime Plus,Ramamurthy Nagar,Chickpet,,,Driver is not moving towards pickup location,Not Applicable,Not Applicable,Not Applicable,278,Not Applicable,0,,
2024-07-18 09:59:00,CNR8178349667,Canceled by Driver,CID354391,Prime SUV,Chickpet,Rajajinagar,,,Not Applicable,More than permitted people in there,Not Applicable,Not Applicable,1834,Not Applicable,0,,
2024-07-07 12:18:00,CNR6644235211,Success,CID233674,Prime Sedan,Padmanabhanagar,JP Nagar,182.0,115.0,Not Applicable,Not Applicable,No,Not Applicable,212,UPI,2,4.8,3.6
2024-07-30 23:28:00,CNR1034315610,Success,CID599757,Prime Plus,Rajajinagar,Ulsoor,217.0,60.0,Not Applicable,Not Applicable,No,Not Applicable,679,Cash,30,4.9,4.9
2024-07-06 15:01:00,CNR3967830965,Canceled by Customer,CID388854,Prime Sedan,Rajarajeshwari Nagar,Chamarajpet,,,Wrong Address,Not Applicable,Not Applicable,Not Applicable,479,Not Applicable,0,,
2024-07-06 11:19:00,CNR7896440215,Canceled by Customer,CID575498,Bike,Indiranagar,Hosur Road,,,Driver asked to cancel,Not Applicable,Not Applicable,Not Applicable,507,Not Applicable,0,,
2024-07-19 00:58:00,CNR4692792093,Driver Not Found,CID118065,Prime Plus,Malleshwaram,Koramangala,,,Not Applicable,Not Applicable,Not Applicable,Not Applicable,338,Not Applicable,0,,
2024-07-25 11:09:00,CNR4228253714,Success,CID353223,Mini,Frazer Town,Tumkur Road,161.0,50.0,Not Applicable,Not Applicable,No,Not Applicable,470,Credit Card,38,4.5,3.3
2024-07-28 17:47:00,CNR2000801780,Success,CID808606,Bike,Ulsoor,Marathahalli,245.0,35.0,Not Applicable,Not Applicable,No,Not Applicable,262,Cash,9,3.8,4.3
2024-07-13 01:07:00,CNR4913262482,Success,CID439446,Prime Sedan,Magadi Road,Basavanagudi,238.0,85.0,Not Applicable,Not Applicable,No,Not Applicable,395,Cash,36,3.5,4.8
2024-07-20 23:49:00,CNR1229034068,Canceled by Customer,CID294620,Prime Sedan,Frazer Town,Tumkur Road,,,Driver asked to cancel,Not Applicable,Not Applicable,Not Applicable,480,Not Applicable,0,,
2024-07-03 14:42:00,CNR6121635170,Driver Not Found,CID648281,Prime Plus,Hosur Road,Hosur Road,,,Not Applicable,Not Applicable,Not Applicable,Not Applicable,562,Not Applicable,0,,
2024-07-05 19:15:00,CNR3408769402,Success,CID646157,Mini,Yelahanka,Cox Town,70.0,95.0,Not Applicable,Not Applicable,No,Not Applicable,423,Cash,35,5.0,3.0
2024-07-18 07:38:00,CNR8246565112,Canceled by Customer,CID347178,eBike,JP Nagar,Tumkur Road,,,Driver asked to cancel,Not Applicable,Not Applicable,Not Applicable,486,Not Applicable,0,,
2024-07-26 08:08:00,CNR9302023795,Canceled by Driver,CID646191,eBike,Majestic,Peenya,,,Not Applicable,Customer related issue,Not Applicable,Not Applicable,343,Not Applicable,0,,
2024-07-22 11:22:00,CNR2063584415,Success,CID356531,Prime Plus,Rajajinagar,Kengeri,147.0,105.0,Not Applicable,Not Applicable,No,Not Applicable,194,UPI,24,4.1,4.4
2024-07-18 09:21:00,CNR3364101167,Success,CID605113,Prime Plus,Hebbal,Whitefield,189.0,25.0,Not Applicable,Not Applicable,No,Not Applicable,109,Cash,39,3.2,3.7
2024-07-14 03:35:00,CNR4225060089,Canceled by Driver,CID295880,eBike,Ramamurthy Nagar,Kengeri,,,Not Applicable,Personal & Car related issue,Not Applicable,Not Applicable,136,Not Applicable,0,,
2024-07-14 01:46:00,CNR1644047940,Success,CID926534,Prime Sedan,Bannerghatta Road,Basavanagudi,203.0,125.0,Not Applicable,Not Applicable,No,Not Applicable,294,Cash,4,4.9,4.2
2024-07-27 09:52:00,CNR8904565572,Canceled by Driver,CID771317,eBike,Kengeri,Tumkur Road,,,Not Applicable,More than permitted people in there,Not Applicable,Not Applicable,277,Not Applicable,0,,
2024-07-05 13:09:00,CNR6212499870,Success,CID949480,Prime Sedan,Cox Town,RT Nagar,84.0,50.0,Not Applicable,Not Applicable,No,Not Applicable,459,UPI,18,3.7,4.1
2024-07-08 01:47:00,CNR4894264870,Success,CID585392,Prime Sedan,Peenya,Sarjapur Road,203.0,145.0,Not Applicable,Not Applicable,No,Not Applicable,2657,UPI,20,3.4,4.0
2024-07-10 09:20:00,CNR9978650877,Driver Not Found,CID353725,Prime Plus,Chickpet,Hulimavu,,,Not Applicable,Not Applicable,Not Applicable,Not Applicable,146,Not Applicable,0,,
2024-07-05 23:43:00,CNR4712242484,Success,CID187143,Prime Plus,Hosur Road,Electronic City,126.0,65.0,Not Applicable,Not Applicable,No,Not Applicable,155,Cash,41,3.0,4.4
2024-07-16 00:02:00,CNR7095696346,Success,CID513112,eBike,Kengeri,Bellandur,231.0,105.0,Not Applicable,Not Applicable,No,Not Applicable,501,Cash,1,3.1,3.7
2024-07-22 07:43:00,CNR7821418000,Canceled by Driver,CID656190,eBike,Peenya,Bellandur,,,Not Applicable,More than permitted people in there,Not Applicable,Not Applicable,480,Not Applicable,0,,
2024-07-27 14:14:00,CNR2455108529,Success,CID111571,Mini,Kengeri,Tumkur Road,49.0,45.0,Not Applicable,Not Applicable,No,Not Applicable,773,UPI,49,3.8,3.9
2024-07-05 03:11:00,CNR5372196053,Success,CID681112,Prime Sedan,Hulimavu,Shantinagar,224.0,85.0,Not Applicable,Not Applicable,No,Not Applicable,877,UPI,32,4.0,4.4
2024-07-12 11:43:00,CNR6690102230,Success,CID428403,Prime Plus,Magadi Road,Padmanabhanagar,154.0,105.0,Not Applicable,Not Applicable,No,Not Applicable,217,Credit Card,2,3.3,3.1
2024-07-18 16:11:00,CNR8767173009,Success,CID505754,Auto,KR Puram,Hulimavu,308.0,55.0,Not Applicable,Not Applicable,No,Not Applicable,753,UPI,7,4.0,3.2
2024-07-12 04:50:00,CNR8593747455,Success,CID823398,Prime Plus,Peenya,Whitefield,301.0,70.0,Not Applicable,Not Applicable,Yes,Other Issue,355,UPI,43,4.0,4.8
2024-07-22 14:59:00,CNR6770891148,Success,CID232030,Mini,Hosur Road,Langford Town,217.0,135.0,Not Applicable,Not Applicable,No,Not Applicable,405,UPI,3,3.8,4.3
2024-07-23 11:55:00,CNR1783776439,Canceled by Customer,CID201468,Bike,Chickpet,Hulimavu,,,Change of plans,Not Applicable,Not Applicable,Not Applicable,135,Not Applicable,0,,
2024-07-18 09:30:00,CNR5206569006,Canceled by Driver,CID122604,Prime Plus,Sahakar Nagar,Chickpet,,,Not Applicable,Personal & Car related issue,Not Applicable,Not Applicable,715,Not Applicable,0,,
2024-07-11 12:56:00,CNR9693664948,Canceled by Driver,CID157433,Auto,Hulimavu,Marathahalli,,,Not Applicable,More than permitted people in there,Not Applicable,Not Applicable,413,Not Applicable,0,,
2024-07-03 12:47:00,CNR5834124189,Success,CID620257,Mini,Banashankari,Yelahanka,294.0,80.0,Not Applicable,Not Applicable,No,Not Applicable,430,Cash,9,4.8,3.4
2024-07-25 14:15:00,CNR8178344977,Success,CID637220,Mini,Shivajinagar,JP Nagar,224.0,50.0,Not Applicable,Not Applicable,No,Not Applicable,588,UPI,38,4.1,3.7
2024-07-01 15:41:00,CNR4866180999,Driver Not Found,CID157508,Auto,Varthur,Peenya,,,Not Applicable,Not Applicable,Not Applicable,Not Applicable,469,Not Applicable,0,,
2024-07-23 21:32:00,CNR5755945275,Canceled by Driver,CID418130,Auto,JP Nagar,Hebbal,,,Not Applicable,Customer was coughing/sick,Not Applicable,Not Applicable,314,Not Applicable,0,,
2024-07-14 17:30:00,CNR8847684013,Driver Not Found,CID455834,Bike,Ramamurthy Nagar,Vijayanagar,,,Not Applicable,Not Applicable,Not Applicable,Not Applicable,790,Not Applicable,0,,
2024-07-02 09:24:00,CNR4106164338,Canceled by Customer,CID701874,Prime Sedan,Bellandur,Vijayanagar,,,Wrong Address,Not Applicable,Not Applicable,Not Applicable,392,Not Applicable,0,,
2024-07-06 14:47:00,CNR6883130359,Success,CID347909,eBike,Hulimavu,Tumkur Road,308.0,105.0,Not Applicable,Not Applicable,No,Not Applicable,191,Cash,24,4.8,3.1
2024-07-16 09:50:00,CNR3969315941,Canceled by Customer,CID361675,Prime Plus,Marathahalli,Mysore Road,,,Wrong Address,Not Applicable,Not Applicable,Not Applicable,455,Not Applicable,0,,
2024-07-03 21:34:00,CNR3003204509,Success,CID740540,Auto,JP Nagar,Cox Town,35.0,70.0,Not Applicable,Not Applicable,No,Not Applicable,483,Cash,19,3.5,4.6
2024-07-22 16:13:00,CNR6463394054,Success,CID515839,Bike,Majestic,Padmanabhanagar,140.0,120.0,Not Applicable,Not Applicable,No,Not Applicable,935,UPI,11,4.8,3.5
2024-07-29 22:36:00,CNR2662609410,Success,CID513166,Prime SUV,Varthur,Shivajinagar,98.0,80.0,Not Applicable,Not Applicable,No,Not Applicable,192,UPI,39,3.8,4.9
2024-07-13 21:54:00,CNR7776382087,Success,CID120108,Prime Plus,Chickpet,HSR Layout,133.0,145.0,Not Applicable,Not Applicable,No,Not Applicable,293,Cash,5,3.9,3.1
2024-07-22 20:53:00,CNR4842552067,Canceled by Driver,CID729107,Mini,Magadi Road,Majestic,,,Not Applicable,More than permitted people in there,Not Applicable,Not Applicable,411,Not Applicable,0,,
2024-07-23 18:50:00,CNR6545732905,Canceled by Driver,CID317811,Prime Sedan,Frazer Town,Langford Town,,,Not Applicable,Customer related issue,Not Applicable,Not Applicable,375,Not Applicable,0,,
2024-07-22 06:51:00,CNR2167004283,Success,CID621273,eBike,Electronic City,Rajajinagar,224.0,65.0,Not Applicable,Not Applicable,No,Not Applicable,543,Cash,34,4.6,3.8
2024-07-12 21:53:00,CNR5236419491,Driver Not Found,CID932526,Prime Plus,Shivajinagar,HSR Layout,,,Not Applicable,Not Applicable,Not Applicable,Not Applicable,334,Not Applicable,0,,
2024-07-11 01:24:00,CNR1367317807,Success,CID774337,Bike,Bannerghatta Road,Electronic City,280.0,30.0,Not Applicable,Not Applicable,No,Not Applicable,184,UPI,49,3.1,3.9
2024-07-21 16:49:00,CNR3846355093,Canceled by Customer,CID262286,Prime Plus,Padmanabhanagar,Sahakar Nagar,,,Driver is not moving towards pickup location,Not Applicable,Not Applicable,Not Applicable,115,Not Applicable,0,,
2024-07-02 03:23:00,CNR2813282567,Canceled by Driver,CID287143,Prime Plus,Ulsoor,Devanahalli,,,Not Applicable,Personal & Car related issue,Not Applicable,Not Applicable,680,Not Applicable,0,,
2024-07-05 02:19:00,CNR9408610588,Canceled by Customer,CID964958,Bike,Kadugodi,Majestic,,,Wrong Address,Not Applicable,Not Applicable,Not Applicable,136,Not Applicable,0,,
2024-07-02 10:48:00,CNR4760880249,Success,CID102766,Bike,RT Nagar,Banashankari,301.0,125.0,Not Applicable,Not Applicable,No,Not Applicable,367,UPI,4,4.4,4.7
2024-07-10 13:52:00,CNR1843909708,Driver Not Found,CID408493,Prime Plus,Padmanabhanagar,Jayanagar,,,Not Applicable,Not Applicable,Not Applicable,Not Applicable,980,Not Applicable,0,,
2024-07-29 19:08:00,CNR8138316664,Success,CID260530,Prime SUV,Richmond Town,BTM Layout,84.0,75.0,Not Applicable,Not Applicable,No,Not Applicable,198,Cash,13,4.4,4.7
2024-07-20 21:03:00,CNR7890011301,Success,CID138996,Prime SUV,Richmond Town,Peenya,175.0,145.0,Not Applicable,Not Applicable,No,Not Applicable,844,UPI,21,3.1,3.6
2024-07-14 07:11:00,CNR9829158000,Success,CID814084,Prime Sedan,Ramamurthy Nagar,Shivajinagar,119.0,110.0,Not Applicable,Not Applicable,No,Not Applicable,222,Cash,15,4.3,4.6
2024-07-09 21:22:00,CNR3368897670,Canceled by Driver,CID500467,Prime Sedan,Nagarbhavi,Koramangala,,,Not Applicable,Personal & Car related issue,Not Applicable,Not Applicable,1295,Not Applicable,0,,
2024-07-18 10:02:00,CNR5613711668,Canceled by Customer,CID446403,Auto,Indiranagar,Kammanahalli,,,AC is Not working,Not Applicable,Not Applicable,Not Applicable,440,Not Applicable,0,,
2024-07-09 16:59:00,CNR4049335675,Driver Not Found,CID518830,eBike,Tumkur Road,Electronic City,,,Not Applicable,Not Applicable,Not Applicable,Not Applicable,324,Not Applicable,0,,
2024-07-30 15:54:00,CNR7838312526,Success,CID889446,eBike,Padmanabhanagar,Yelahanka,63.0,30.0,Not Applicable,Not Applicable,No,Not Applicable,636,Cash,46,3.4,3.7
2024-07-28 13:41:00,CNR5525085581,Driver Not Found,CID945665,Prime Sedan,Peenya,Peenya,,,Not Applicable,Not Applicable,Not Applicable,Not Applicable,183,Not Applicable,0,,
2024-07-14 11:39:00,CNR1770438177,Success,CID723313,Bike,Sahakar Nagar,HSR Layout,168.0,115.0,Not Applicable,Not Applicable,No,Not Applicable,240,UPI,19,3.3,4.7
2024-07-22 14:47:00,CNR1544061473,Driver Not Found,CID714016,Prime Sedan,Vijayanagar,Mysore Road,,,Not Applicable,Not Applicable,Not Applicable,Not Applicable,253,Not Applicable,0,,
2024-07-07 07:19:00,CNR7084012511,Canceled by Customer,CID474345,Bike,Richmond Town,Jayanagar,,,Driver asked to cancel,Not Applicable,Not Applicable,Not Applicable,214,Not Applicable,0,,
2024-07-05 08:10:00,CNR7112686604,Success,CID175312,Auto,Whitefield,Hebbal,119.0,50.0,Not Applicable,Not Applicable,No,Not Applicable,1715,Cash,6,4.3,3.4
2024-07-06 07:15:00,CNR3490211862,Canceled by Customer,CID946432,Bike,Richmond Town,Ramamurthy Nagar,,,Driver asked to cancel,Not Applicable,Not Applicable,Not Applicable,860,Not Applicable,0,,
2024-07-27 03:29:00,CNR9431357354,Canceled by Driver,CID827132,Auto,Ramamurthy Nagar,Peenya,,,Not Applicable,Customer was coughing/sick,Not Applicable,Not Applicable,126,Not Applicable,0,,
2024-07-20 12:18:00,CNR1353029526,Success,CID925718,Prime Plus,Banashankari,Chickpet,287.0,110.0,Not Applicable,Not Applicable,No,Not Applicable,906,Cash,44,3.8,4.8
2024-07-13 23:25:00,CNR4388236715,Success,CID526732,Prime Plus,Devanahalli,Ramamurthy Nagar,35.0,110.0,Not Applicable,Not Applicable,No,Not Applicable,493,Cash,41,3.9,3.9
2024-07-26 06:33:00,CNR5583107408,Success,CID107669,Prime Plus,Vijayanagar,Malleshwaram,203.0,55.0,Not Applicable,Not Applicable,No,Not Applicable,328,Cash,42,4.3,4.5
2024-07-16 01:21:00,CNR2211473156,Success,CID892115,Prime Sedan,Rajajinagar,Yeshwanthpur,308.0,70.0,Not Applicable,Not Applicable,No,Not Applicable,200,UPI,18,3.1,3.1
2024-07-29 23:35:00,CNR5121656549,Driver Not Found,CID314208,Prime Plus,Rajarajeshwari Nagar,Varthur,,,Not Applicable,Not Applicable,Not Applicable,Not Applicable,271,Not Applicable,0,,
2024-07-05 10:45:00,CNR9334476705,Success,CID659704,Prime SUV,Cox Town,Malleshwaram,294.0,120.0,Not Applicable,Not Applicable,No,Not Applicable,291,Cash,15,4.8,4.3
2024-07-24 02:09:00,CNR4318757667,Canceled by Driver,CID295387,eBike,Cox Town,Hebbal,,,Not Applicable,More than permitted people in there,Not Applicable,Not Applicable,2060,Not Applicable,0,,
2024-07-27 06:36:00,CNR8366016975,Success,CID173416,eBike,Hosur Road,Hennur,273.0,75.0,Not Applicable,Not Applicable,No,Not Applicable,369,UPI,16,3.9,3.4
2024-07-27 16:15:00,CNR5273808339,Canceled by Driver,CID680590,Bike,Kadugodi,Rajajinagar,,,Not Applicable,Personal & Car related issue,Not Applicable,Not Applicable,223,Not Applicable,0,,
2024-07-21 21:14:00,CNR5516405311,Success,CID693536,Mini,Richmond Town,Rajarajeshwari Nagar,308.0,80.0,Not Applicable,Not Applicable,Yes,Other Issue,948,UPI,41,5.0,4.4
2024-07-28 08:09:00,CNR6100556548,Success,CID229775,Prime Plus,Kadugodi,Kengeri,154.0,75.0,Not Applicable,Not Applicable,No,Not Applicable,465,UPI,33,4.5,4.6
2024-07-29 15:45:00,CNR8043922204,Success,CID160617,eBike,Kengeri,Hosur Road,42.0,65.0,Not Applicable,Not Applicable,No,Not Applicable,195,Cash,15,3.2,4.0
2024-07-14 13:27:00,CNR5810081301,Success,CID606208,Bike,Langford Town,Majestic,147.0,50.0,Not Applicable,Not Applicable,No,Not Applicable,195,Cash,8,3.9,4.5
2024-07-07 04:18:00,CNR5187078818,Success,CID284705,Mini,Marathahalli,Nagarbhavi,252.0,70.0,Not Applicable,Not Applicable,No,Not Applicable,117,Cash,39,5.0,3.1
2024-07-30 15:20:00,CNR8498547872,Canceled by Driver,CID773107,Prime Plus,Whitefield,Yeshwanthpur,,,Not Applicable,Customer related issue,Not Applicable,Not Applicable,303,Not Applicable,0,,
2024-07-06 05:02:00,CNR2869629169,Success,CID356980,Prime Plus,KR Puram,Hulimavu,175.0,25.0,Not Applicable,Not Applicable,No,Not Applicable,234,UPI,39,3.8,4.9
2024-07-24 18:34:00,CNR6715431767,Canceled by Customer,CID392385,Auto,Bellandur,Rajajinagar,,,Driver is not moving towards pickup location,Not Applicable,Not Applicable,Not Applicable,212,Not Applicable,0,,
2024-07-29 22:55:00,CNR5120398016,Canceled by Driver,CID903186,Prime Sedan,Rajajinagar,Marathahalli,,,Not Applicable,Customer related issue,Not Applicable,Not Applicable,269,Not Applicable,0,,
2024-07-02 20:54:00,CNR4708037930,Success,CID410663,Prime Plus,Yeshwanthpur,Mysore Road,238.0,35.0,Not Applicable,Not Applicable,No,Not Applicable,273,Cash,1,4.2,4.1
2024-07-08 10:05:00,CNR1544692527,Canceled by Customer,CID883332,Bike,Hennur,Yelahanka,,,Change of plans,Not Applicable,Not Applicable,Not Applicable,347,Not Applicable,0,,
2024-07-04 10:58:00,CNR7391513612,Success,CID178374,Auto,Bellandur,Banashankari,119.0,125.0,Not Applicable,Not Applicable,No,Not Applicable,184,Cash,19,4.7,4.2
2024-07-11 08:59:00,CNR7672775951,Canceled by Driver,CID571966,Auto,BTM Layout,Indiranagar,,,Not Applicable,Customer was coughing/sick,Not Applicable,Not Applicable,458,Not Applicable,0,,
2024-07-02 02:09:00,CNR6535090456,Canceled by Driver,CID845897,Mini,Mysore Road,Mysore Road,,,Not Applicable,Customer related issue,Not Applicable,Not Applicable,497,Not Applicable,0,,
2024-07-10 06:55:00,CNR6751916931,Success,CID717516,Bike,Langford Town,Sahakar Nagar,70.0,55.0,Not Applicable,Not Applicable,No,Not Applicable,435,UPI,34,4.0,4.8
2024-07-01 05:56:00,CNR3843394755,Canceled by Driver,CID204864,Prime Sedan,Ramamurthy Nagar,JP Nagar,,,Not Applicable,Customer was coughing/sick,Not Applicable,Not Applicable,340,Not Applicable,0,,
2024-07-26 19:17:00,CNR8472260618,Success,CID940578,Mini,Sahakar Nagar,MG Road,182.0,70.0,Not Applicable,Not Applicable,No,Not Applicable,332,UPI,24,3.2,3.8
2024-07-12 10:31:00,CNR5059278000,Canceled by Customer,CID500479,Auto,Devanahalli,Magadi Road,,,Wrong Address,Not Applicable,Not Applicable,Not Applicable,956,Not Applicable,0,,
2024-07-11 22:18:00,CNR8584650668,Success,CID468156,Bike,Richmond Town,BTM Layout,105.0,25.0,Not Applicable,Not Applicable,No,Not Applicable,421,UPI,21,3.5,4.6
2024-07-08 18:55:00,CNR8468801642,Success,CID130133,Prime Sedan,Rajajinagar,Ramamurthy Nagar,252.0,85.0,Not Applicable,Not Applicable,No,Not Applicable,680,Cash,36,4.1,4.4
2024-07-27 10:42:00,CNR4323182929,Canceled by Customer,CID580302,Bike,Ulsoor,Padmanabhanagar,,,AC is Not working,Not Applicable,Not Applicable,Not Applicable,980,Not Applicable,0,,
2024-07-27 07:44:00,CNR3454025754,Success,CID712831,Prime SUV,Majestic,Magadi Road,287.0,50.0,Not Applicable,Not Applicable,No,Not Applicable,186,Cash,3,3.5,4.3
2024-07-21 13:51:00,CNR1642417849,Success,CID335871,Prime SUV,Padmanabhanagar,Ulsoor,280.0,100.0,Not Applicable,Not Applicable,No,Not Applicable,153,Cash,12,4.6,3.4
2024-07-28 02:37:00,CNR6189269103,Success,CID911131,Prime Sedan,Rajajinagar,Malleshwaram,154.0,25.0,Not Applicable,Not Applicable,No,Not Applicable,364,Cash,31,3.8,4.3
2024-07-11 11:02:00,CNR6780089852,Success,CID599205,Prime Sedan,Jayanagar,Varthur,140.0,145.0,Not Applicable,Not Applicable,No,Not Applicable,487,UPI,14,3.9,3.0
2024-07-22 12:50:00,CNR4550202532,Canceled by Driver,CID910661,Auto,Vijayanagar,Varthur,,,Not Applicable,Customer was coughing/sick,Not Applicable,Not Applicable,167,Not Applicable,0,,
2024-07-02 23:48:00,CNR4489811123,Success,CID807029,Prime Plus,Devanahalli,Chickpet,98.0,75.0,Not Applicable,Not Applicable,Yes,Vehicle Breakdown,164,UPI,48,3.3,4.9
2024-07-06 17:16:00,CNR5553944756,Success,CID300687,Prime SUV,Hosur Road,Devanahalli,140.0,25.0,Not Applicable,Not Applicable,No,Not Applicable,304,Cash,22,3.6,4.8
2024-07-08 23:01:00,CNR8415164939,Canceled by Driver,CID665349,Auto,Nagarbhavi,JP Nagar,,,Not Applicable,Customer related issue,Not Applicable,Not Applicable,320,Not Applicable,0,,
2024-07-10 16:37:00,CNR1543315804,Canceled by Driver,CID978756,Prime Sedan,Richmond Town,Rajarajeshwari Nagar,,,Not Applicable,Personal & Car related issue,Not Applicable,Not Applicable,420,Not Applicable,0,,
2024-07-27 05:30:00,CNR4184820257,Canceled by Driver,CID233159,Prime Plus,Kadugodi,Sahakar Nagar,,,Not Applicable,More than permitted people in there,Not Applicable,Not Applicable,855,Not Applicable,0,,
2024-07-14 11:20:00,CNR9222525215,Success,CID269490,eBike,Magadi Road,Whitefield,273.0,105.0,Not Applicable,Not Applicable,No,Not Applicable,346,Cash,22,4.3,4.9
2024-07-14 07:21:00,CNR6029529552,Canceled by Customer,CID798389,Prime Plus,Tumkur Road,Yeshwanthpur,,,Change of plans,Not Applicable,Not Applicable,Not Applicable,318,Not Applicable,0,,
2024-07-19 12:19:00,CNR9582462089,Success,CID337478,Auto,Sahakar Nagar,Electronic City,147.0,35.0,Not Applicable,Not Applicable,No,Not Applicable,2538,Cash,15,4.2,3.5
2024-07-19 22:38:00,CNR1415793602,Driver Not Found,CID657556,Prime Plus,Kengeri,MG Road,,,Not Applicable,Not Applicable,Not Applicable,Not Applicable,237,Not Applicable,0,,
2024-07-29 07:29:00,CNR7944950660,Success,CID821505,Prime SUV,MG Road,Hulimavu,238.0,130.0,Not Applicable,Not Applicable,No,Not Applicable,430,Cash,41,3.3,4.9
2024-07-19 23:39:00,CNR3523928485,Success,CID739861,Prime SUV,Nagarbhavi,Koramangala,245.0,95.0,Not Applicable,Not Applicable,No,Not Applicable,1128,Cash,22,4.2,3.0
2024-07-22 09:58:00,CNR9302633801,Canceled by Customer,CID822849,eBike,Indiranagar,Sahakar Nagar,,,Change of plans,Not Applicable,Not Applicable,Not Applicable,2374,Not Applicable,0,,
2024-07-25 01:34:00,CNR5822939238,Success,CID640917,eBike,Nagarbhavi,Kadugodi,231.0,55.0,Not Applicable,Not Applicable,No,Not Applicable,695,UPI,14,4.7,3.2
2024-07-08 18:38:00,CNR5162288721,Success,CID177565,Prime Plus,Whitefield,KR Puram,182.0,145.0,Not Applicable,Not Applicable,No,Not Applicable,155,UPI,30,3.4,4.9
2024-07-07 15:29:00,CNR6787013159,Success,CID359821,Prime Plus,MG Road,Peenya,63.0,135.0,Not Applicable,Not Applicable,No,Not Applicable,388,Cash,3,4.2,4.7
2024-07-26 05:49:00,CNR3111144658,Success,CID769446,eBike,Padmanabhanagar,Jayanagar,91.0,70.0,Not Applicable,Not Applicable,No,Not Applicable,385,UPI,4,4.4,3.9
2024-07-03 11:32:00,CNR2377113481,Success,CID254646,Mini,Vijayanagar,Yeshwanthpur,308.0,75.0,Not Applicable,Not Applicable,No,Not Applicable,181,Cash,32,4.5,5.0
2024-07-29 08:57:00,CNR1025042599,Canceled by Driver,CID734669,Prime Plus,Sarjapur Road,Tumkur Road,,,Not Applicable,Personal & Car related issue,Not Applicable,Not Applicable,388,Not Applicable,0,,
2024-07-18 04:31:00,CNR7706311851,Success,CID756725,Prime SUV,Marathahalli,Rajarajeshwari Nagar,98.0,80.0,Not Applicable,Not Applicable,No,Not Applicable,129,UPI,10,4.8,3.7
2024-07-10 02:56:00,CNR1534360532,Canceled by Driver,CID421404,Prime Plus,Shivajinagar,Chamarajpet,,,Not Applicable,More than permitted people in there,Not Applicable,Not Applicable,112,Not Applicable,0,,
2024-07-24 06:46:00,CNR8072269960,Canceled by Driver,CID982174,Prime Sedan,Hulimavu,Varthur,,,Not Applicable,Personal & Car related issue,Not Applicable,Not Applicable,633,Not Applicable,0,,
2024-07-15 09:44:00,CNR3706815850,Success,CID556874,Auto,Banashankari,Sahakar Nagar,238.0,125.0,Not Applicable,Not Applicable,No,Not Applicable,381,Cash,4,4.3,4.3
2024-07-13 23:50:00,CNR8332500078,Success,CID877753,Bike,Bellandur,Bannerghatta Road,308.0,145.0,Not Applicable,Not Applicable,No,Not Applicable,231,Cash,44,3.6,4.5
2024-07-05 05:31:00,CNR5497323214,Canceled by Driver,CID363026,Mini,RT Nagar,Yeshwanthpur,,,Not Applicable,Customer related issue,Not Applicable,Not Applicable,795,Not Applicable,0,,
2024-07-06 23:50:00,CNR1784176761,Success,CID776126,eBike,Majestic,Hebbal,91.0,55.0,Not Applicable,Not Applicable,No,Not Applicable,351,Cash,5,4.0,3.9
2024-07-01 03:03:00,CNR1515122768,Success,CID138281,Prime Sedan,Kengeri,Chickpet,294.0,75.0,Not Applicable,Not Applicable,No,Not Applicable,468,Cash,5,4.1,3.4
2024-07-20 12:29:00,CNR1231641112,Success,CID528997,Prime SUV,Peenya,Shivajinagar,182.0,55.0,Not Applicable,Not Applicable,No,Not Applicable,327,Cash,40,3.3,3.7
2024-07-20 15:02:00,CNR9521967131,Success,CID553930,Bike,Kadugodi,Langford Town,287.0,80.0,Not Applicable,Not Applicable,No,Not Applicable,134,UPI,37,3.9,3.4
2024-07-08 20:59:00,CNR1981120425,Driver Not Found,CID595178,eBike,BTM Layout,Hennur,,,Not Applicable,Not Applicable,Not Applicable,Not Applicable,295,Not Applicable,0,,
2024-07-07 20:30:00,CNR1187989206,Success,CID619449,Prime SUV,Magadi Road,Chamarajpet,189.0,40.0,Not Applicable,Not Applicable,Yes,Customer Demand,225,Credit Card,7,3.7,4.6
2024-07-16 03:40:00,CNR4628712044,Success,CID150901,Prime Plus,Tumkur Road,Basavanagudi,196.0,70.0,Not Applicable,Not Applicable,No,Not Applicable,438,UPI,48,3.7,3.2
2024-07-12 01:57:00,CNR7054061238,Success,CID957219,eBike,Indiranagar,Yeshwanthpur,245.0,110.0,Not Applicable,Not Applicable,No,Not Applicable,160,Cash,9,4.3,4.6
2024-07-06 08:42:00,CNR4997223278,Canceled by Driver,CID337222,eBike,Hulimavu,Devanahalli,,,Not Applicable,Customer related issue,Not Applicable,Not Applicable,156,Not Applicable,0,,
2024-07-12 02:30:00,CNR3230624561,Canceled by Driver,CID103242,Prime SUV,Kadugodi,Kammanahalli,,,Not Applicable,Personal & Car related issue,Not Applicable,Not Applicable,485,Not Applicable,0,,
2024-07-01 20:47:00,CNR4484142719,Success,CID593001,eBike,Peenya,Chamarajpet,308.0,65.0,Not Applicable,Not Applicable,No,Not Applicable,243,UPI,5,4.7,3.6
2024-07-25 02:19:00,CNR3409518137,Success,CID884204,Mini,Bannerghatta Road,Richmond Town,196.0,25.0,Not Applicable,Not Applicable,No,Not Applicable,120,Cash,4,4.0,4.9
2024-07-01 20:51:00,CNR2787980317,Success,CID472856,Prime Sedan,HSR Layout,Ulsoor,105.0,125.0,Not Applicable,Not Applicable,No,Not Applicable,260,UPI,46,4.7,3.8
2024-07-17 22:56:00,CNR8923554167,Canceled by Driver,CID147877,eBike,Frazer Town,Sarjapur Road,,,Not Applicable,Personal & Car related issue,Not Applicable,Not Applicable,367,Not Applicable,0,,
2024-07-23 11:40:00,CNR4290617753,Success,CID742809,Prime Sedan,HSR Layout,Sahakar Nagar,126.0,135.0,Not Applicable,Not Applicable,No,Not Applicable,397,UPI,17,3.9,4.6
2024-07-01 11:17:00,CNR1256598833,Success,CID143239,Prime Plus,Bellandur,Magadi Road,203.0,50.0,Not Applicable,Not Applicable,No,Not Applicable,282,UPI,22,3.2,3.6
2024-07-18 13:46:00,CNR4651106665,Success,CID817188,Mini,Varthur,Chamarajpet,294.0,125.0,Not Applicable,Not Applicable,No,Not Applicable,705,UPI,24,4.7,4.0
2024-07-01 14:00:00,CNR8048700966,Canceled by Driver,CID477984,Bike,Padmanabhanagar,Basavanagudi,,,Not Applicable,Personal & Car related issue,Not Applicable,Not Applicable,298,Not Applicable,0,,
2024-07-08 04:58:00,CNR5258988548,Success,CID220795,Auto,Mysore Road,Padmanabhanagar,217.0,65.0,Not Applicable,Not Applicable,No,Not Applicable,356,Cash,1,3.5,4.3
2024-07-22 16:33:00,CNR9884800085,Success,CID489063,eBike,Hebbal,Chamarajpet,70.0,50.0,Not Applicable,Not Applicable,No,Not Applicable,940,Cash,16,4.4,3.9
2024-07-23 06:47:00,CNR7555251754,Driver Not Found,CID327080,Prime Sedan,Langford Town,Hulimavu,,,Not Applicable,Not Applicable,Not Applicable,Not Applicable,641,Not Applicable,0,,
2024-07-03 02:04:00,CNR2962981691,Success,CID831701,Mini,HSR Layout,Jayanagar,245.0,100.0,Not Applicable,Not Applicable,No,Not Applicable,753,Cash,4,3.1,3.2
2024-07-02 06:57:00,CNR9903003732,Success,CID601394,Mini,RT Nagar,Kammanahalli,112.0,115.0,Not Applicable,Not Applicable,No,Not Applicable,919,UPI,24,4.0,3.3
2024-07-08 23:41:00,CNR1877679619,Canceled by Driver,CID863370,Prime Plus,Langford Town,Jayanagar,,,Not Applicable,Customer related issue,Not Applicable,Not Applicable,651,Not Applicable,0,,
2024-07-17 20:48:00,CNR8633497340,Canceled by Customer,CID677871,Bike,Yeshwanthpur,Shantinagar,,,Driver is not moving towards pickup location,Not Applicable,Not Applicable,Not Applicable,405,Not Applicable,0,,
2024-07-07 20:51:00,CNR8409505226,Success,CID339084,Auto,Langford Town,Whitefield,294.0,75.0,Not Applicable,Not Applicable,Yes,Customer Demand,356,UPI,10,3.8,4.4
2024-07-08 09:27:00,CNR1409709065,Success,CID488056,Prime Sedan,Yelahanka,Yelahanka,112.0,120.0,Not Applicable,Not Applicable,No,Not Applicable,415,UPI,24,4.1,4.1
2024-07-12 23:27:00,CNR3218107173,Success,CID853320,Mini,Koramangala,Devanahalli,168.0,120.0,Not Applicable,Not Applicable,No,Not Applicable,765,UPI,44,4.0,4.8
2024-07-26 18:01:00,CNR1484424959,Canceled by Driver,CID242979,Prime SUV,Hennur,Varthur,,,Not Applicable,Personal & Car related issue,Not Applicable,Not Applicable,287,Not Applicable,0,,
2024-07-01 19:02:00,CNR3320320948,Success,CID175079,eBike,Yelahanka,Majestic,42.0,135.0,Not Applicable,Not Applicable,No,Not Applicable,363,UPI,3,3.3,3.4
2024-07-20 12:31:00,CNR4735408738,Success,CID376046,Prime SUV,Kadugodi,Banashankari,126.0,70.0,Not Applicable,Not Applicable,No,Not Applicable,1015,Cash,46,4.0,3.2
2024-07-22 16:13:00,CNR7451442844,Canceled by Driver,CID190363,Prime Sedan,Jayanagar,Bannerghatta Road,,,Not Applicable,Customer related issue,Not Applicable,Not Applicable,629,Not Applicable,0,,
2024-07-28 18:24:00,CNR2759192057,Success,CID333417,Prime Sedan,KR Puram,Kammanahalli,56.0,40.0,Not Applicable,Not Applicable,Yes,Customer Demand,2109,Cash,13,5.0,4.8
2024-07-16 00:36:00,CNR3844867187,Canceled by Driver,CID302866,Bike,Richmond Town,Mysore Road,,,Not Applicable,Personal & Car related issue,Not Applicable,Not Applicable,625,Not Applicable,0,,
2024-07-21 00:19:00,CNR9618602759,Success,CID346340,Prime Plus,Richmond Town,Hennur,112.0,145.0,Not Applicable,Not Applicable,No,Not Applicable,277,Cash,45,5.0,4.9
2024-07-13 02:04:00,CNR6681200376,Success,CID957589,eBike,Ramamurthy Nagar,Kadugodi,196.0,65.0,Not Applicable,Not Applicable,No,Not Applicable,383,UPI,42,3.4,3.8
2024-07-16 01:58:00,CNR7800937438,Success,CID811233,Prime SUV,Bellandur,Banashankari,203.0,30.0,Not Applicable,Not Applicable,No,Not Applicable,484,Cash,9,4.1,3.2
2024-07-15 06:52:00,CNR9369478496,Canceled by Driver,CID504749,Prime SUV,BTM Layout,Electronic City,,,Not Applicable,Customer related issue,Not Applicable,Not Applicable,375,Not Applicable,0,,
2024-07-04 05:49:00,CNR2404059286,Canceled by Customer,CID132143,Prime SUV,Kengeri,Yelahanka,,,Wrong Address,Not Applicable,Not Applicable,Not Applicable,282,Not Applicable,0,,
2024-07-29 02:01:00,CNR7447097530,Driver Not Found,CID547270,Bike,Hosur Road,Banashankari,,,Not Applicable,Not Applicable,Not Applicable,Not Applicable,167,Not Applicable,0,,
2024-07-03 22:13:00,CNR5859454829,Success,CID712758,eBike,Sarjapur Road,BTM Layout,35.0,105.0,Not Applicable,Not Applicable,No,Not Applicable,142,UPI,40,3.3,4.6
2024-07-18 06:45:00,CNR3021467741,Success,CID249340,Mini,Koramangala,MG Road,203.0,35.0,Not Applicable,Not Applicable,Yes,Customer Demand,118,UPI,42,4.7,4.1
2024-07-12 01:44:00,CNR9105646515,Canceled by Customer,CID285001,Prime SUV,JP Nagar,Bellandur,,,AC is Not working,Not Applicable,Not Applicable,Not Applicable,289,Not Applicable,0,,
2024-07-15 17:03:00,CNR1224215940,Canceled by Customer,CID570471,Auto,Devanahalli,Whitefield,,,Driver is not moving towards pickup location,Not Applicable,Not Applicable,Not Applicable,293,Not Applicable,0,,
2024-07-23 19:54:00,CNR7497679341,Canceled by Driver,CID983481,eBike,HSR Layout,Hulimavu,,,Not Applicable,Customer was coughing/sick,Not Applicable,Not Applicable,247,Not Applicable,0,,
2024-07-01 13:40:00,CNR8819768530,Success,CID758873,Mini,Hennur,Cox Town,301.0,125.0,Not Applicable,Not Applicable,No,Not Applicable,608,UPI,40,4.6,3.7
2024-07-07 08:26:00,CNR7915648720,Success,CID712645,Prime Plus,Bannerghatta Road,HSR Layout,140.0,120.0,Not Applicable,Not Applicable,No,Not Applicable,606,Cash,43,4.9,3.0
2024-07-06 11:06:00,CNR5232788497,Success,CID631964,eBike,Chickpet,Shivajinagar,70.0,30.0,Not Applicable,Not Applicable,No,Not Applicable,320,UPI,42,4.7,3.3
2024-07-09 12:05:00,CNR3023492089,Canceled by Driver,CID104362,Auto,Shantinagar,Electronic City,,,Not Applicable,Customer related issue,Not Applicable,Not Applicable,205,Not Applicable,0,,
2024-07-13 02:47:00,CNR7706496534,Success,CID823035,Prime Plus,Yelahanka,Shivajinagar,84.0,85.0,Not Applicable,Not Applicable,No,Not Applicable,157,Cash,42,4.8,4.0
2024-07-18 11:23:00,CNR1751562467,Driver Not Found,CID947734,Auto,Basavanagudi,Hosur Road,,,Not Applicable,Not Applicable,Not Applicable,Not Applicable,313,Not Applicable,0,,
2024-07-13 19:32:00,CNR7211246126,Canceled by Driver,CID614438,Prime Sedan,Frazer Town,Whitefield,,,Not Applicable,Customer was coughing/sick,Not Applicable,Not Applicable,655,Not Applicable,0,,
2024-07-20 06:10:00,CNR4188527177,Success,CID411530,Prime Sedan,Kammanahalli,Padmanabhanagar,175.0,125.0,Not Applicable,Not Applicable,No,Not Applicable,2469,Cash,32,3.3,4.5
2024-07-21 20:34:00,CNR5059162053,Canceled by Driver,CID772516,Mini,Sahakar Nagar,Peenya,,,Not Applicable,Customer was coughing/sick,Not Applicable,Not Applicable,779,Not Applicable,0,,
2024-07-08 11:16:00,CNR7040078805,Success,CID740738,Bike,HSR Layout,Koramangala,294.0,45.0,Not Applicable,Not Applicable,No,Not Applicable,984,Credit Card,26,3.3,4.3
2024-07-06 03:21:00,CNR8544887035,Canceled by Customer,CID900676,eBike,Kammanahalli,Mysore Road,,,Wrong Address,Not Applicable,Not Applicable,Not Applicable,413,Not Applicable,0,,
2024-07-09 11:49:00,CNR8485165265,Canceled by Driver,CID304791,Bike,KR Puram,Whitefield,,,Not Applicable,Customer related issue,Not Applicable,Not Applicable,150,Not Applicable,0,,
2024-07-09 16:48:00,CNR4080492628,Success,CID604744,Prime Sedan,Langford Town,Marathahalli,266.0,105.0,Not Applicable,Not Applicable,No,Not Applicable,191,Cash,25,4.6,3.7
2024-07-30 07:58:00,CNR2659035683,Success,CID738186,eBike,Shantinagar,Indiranagar,84.0,120.0,Not Applicable,Not Applicable,No,Not Applicable,108,Cash,41,4.2,3.3
2024-07-30 04:54:00,CNR9824198454,Success,CID289105,Bike,Devanahalli,Sahakar Nagar,112.0,30.0,Not Applicable,Not Applicable,No,Not Applicable,656,UPI,23,4.5,4.2
2024-07-15 12:17:00,CNR2861108852,Success,CID768941,Prime Plus,Hebbal,Tumkur Road,77.0,95.0,Not Applicable,Not Applicable,No,Not Applicable,385,Cash,5,3.2,3.9
2024-07-19 06:24:00,CNR9712349187,Success,CID490485,eBike,Cox Town,Malleshwaram,112.0,145.0,Not Applicable,Not Applicable,No,Not Applicable,398,UPI,31,4.1,4.4
2024-07-25 20:37:00,CNR1868888975,Canceled by Driver,CID236740,Bike,Cox Town,Tumkur Road,,,Not Applicable,Personal & Car related issue,Not Applicable,Not Applicable,1059,Not Applicable,0,,
2024-07-22 19:55:00,CNR7138170790,Success,CID581462,Auto,Sahakar Nagar,Electronic City,280.0,80.0,Not Applicable,Not Applicable,No,Not Applicable,220,Cash,7,3.2,3.7
2024-07-21 09:21:00,CNR1342082661,Driver Not Found,CID234629,Prime Plus,Electronic City,Sahakar Nagar,,,Not Applicable,Not Applicable,Not Applicable,Not Applicable,960,Not Applicable,0,,
2024-07-22 00:13:00,CNR6918930289,Driver Not Found,CID216453,Mini,Ulsoor,Chamarajpet,,,Not Applicable,Not Applicable,Not Applicable,Not Applicable,441,Not Applicable,0,,
2024-07-28 17:21:00,CNR1148887723,Success,CID778190,eBike,Ulsoor,Hebbal,77.0,55.0,Not Applicable,Not Applicable,No,Not Applicable,165,Cash,16,4.5,5.0
2024-07-08 15:21:00,CNR6969408631,Success,CID381326,Mini,Koramangala,Peenya,175.0,125.0,Not Applicable,Not Applicable,No,Not Applicable,375,Cash,23,4.3,4.7
2024-07-28 14:03:00,CNR8260067857,Success,CID304884,Bike,Bannerghatta Road,KR Puram,245.0,140.0,Not Applicable,Not Applicable,No,Not Applicable,423,UPI,6,4.3,4.4
2024-07-02 21:07:00,CNR1757257326,Success,CID876563,Prime Sedan,Malleshwaram,BTM Layout,266.0,50.0,Not Applicable,Not Applicable,No,Not Applicable,203,UPI,48,4.8,3.8
2024-07-16 13:05:00,CNR3461382889,Success,CID200204,Prime Sedan,Basavanagudi,Kadugodi,231.0,45.0,Not Applicable,Not Applicable,No,Not Applicable,443,Cash,20,4.1,3.3
2024-07-17 21:32:00,CNR7287057515,Success,CID488408,Bike,KR Puram,HSR Layout,35.0,85.0,Not Applicable,Not Applicable,No,Not Applicable,510,UPI,16,4.8,4.3
2024-07-05 15:54:00,CNR4886461690,Canceled by Driver,CID185049,Prime Sedan,Cox Town,Electronic City,,,Not Applicable,More than permitted people in there,Not Applicable,Not Applicable,809,Not Applicable,0,,
2024-07-17 14:07:00,CNR8230771000,Success,CID304400,Prime SUV,Devanahalli,Shivajinagar,84.0,120.0,Not Applicable,Not Applicable,Yes,Customer Demand,306,UPI,24,4.4,4.3
2024-07-23 22:14:00,CNR2727886100,Canceled by Customer,CID518228,Auto,Sarjapur Road,Ulsoor,,,Driver is not moving towards pickup location,Not Applicable,Not Applicable,Not Applicable,1993,Not Applicable,0,,
2024-07-12 11:37:00,CNR4590542686,Driver Not Found,CID497351,Prime Sedan,Richmond Town,Nagarbhavi,,,Not Applicable,Not Applicable,Not Applicable,Not Applicable,685,Not Applicable,0,,
2024-07-27 22:21:00,CNR6275374731,Success,CID337792,Prime SUV,Hulimavu,Rajajinagar,301.0,60.0,Not Applicable,Not Applicable,No,Not Applicable,491,Cash,49,3.1,3.3
2024-07-02 01:41:00,CNR3445868978,Canceled by Driver,CID802664,eBike,Shantinagar,Kammanahalli,,,Not Applicable,More than permitted people in there,Not Applicable,Not Applicable,127,Not Applicable,0,,
2024-07-01 15:00:00,CNR3184733856,Success,CID385725,Prime Sedan,Whitefield,Bellandur,294.0,135.0,Not Applicable,Not Applicable,No,Not Applicable,473,Cash,33,4.5,4.8
2024-07-02 20:42:00,CNR9872965265,Canceled by Driver,CID385899,Bike,Devanahalli,Peenya,,,Not Applicable,Personal & Car related issue,Not Applicable,Not Applicable,216,Not Applicable,0,,
2024-07-23 16:20:00,CNR3249594784,Success,CID293812,eBike,Kadugodi,Kadugodi,91.0,75.0,Not Applicable,Not Applicable,No,Not Applicable,1116,Cash,11,4.1,4.9
2024-07-13 14:24:00,CNR7584998640,Canceled by Customer,CID851851,Auto,Ramamurthy Nagar,Tumkur Road,,,Driver asked to cancel,Not Applicable,Not Applicable,Not Applicable,202,Not Applicable,0,,
2024-07-07 02:23:00,CNR1250374154,Driver Not Found,CID108555,Prime Sedan,Yelahanka,Cox Town,,,Not Applicable,Not Applicable,Not Applicable,Not Applicable,433,Not Applicable,0,,
2024-07-28 16:33:00,CNR5792918316,Success,CID950098,Prime Sedan,Sahakar Nagar,Rajajinagar,294.0,120.0,Not Applicable,Not Applicable,No,Not Applicable,938,UPI,7,3.3,3.3
2024-07-26 23:28:00,CNR7905782632,Canceled by Customer,CID662183,Prime Plus,Langford Town,RT Nagar,,,Driver asked to cancel,Not Applicable,Not Applicable,Not Applicable,295,Not Applicable,0,,
2024-07-06 09:21:00,CNR4466122621,Success,CID655557,Mini,Shivajinagar,Hebbal,252.0,135.0,Not Applicable,Not Applicable,No,Not Applicable,399,Cash,10,3.4,4.1
2024-07-15 23:31:00,CNR3782143400,Canceled by Customer,CID658170,Prime SUV,Magadi Road,Varthur,,,Driver is not moving towards pickup location,Not Applicable,Not Applicable,Not Applicable,664,Not Applicable,0,,
2024-07-16 11:51:00,CNR9824752869,Canceled by Driver,CID467587,Mini,Hosur Road,HSR Layout,,,Not Applicable,Customer was coughing/sick,Not Applicable,Not Applicable,163,Not Applicable,0,,
2024-07-03 22:17:00,CNR9681068636,Success,CID105703,Auto,Rajajinagar,Vijayanagar,49.0,70.0,Not Applicable,Not Applicable,No,Not Applicable,388,Cash,12,4.2,3.5
2024-07-11 22:22:00,CNR9770588898,Success,CID951577,Bike,Ulsoor,Kengeri,91.0,55.0,Not Applicable,Not Applicable,No,Not Applicable,686,Credit Card,46,4.2,3.1
2024-07-03 17:09:00,CNR6323918573,Canceled by Driver,CID981817,Bike,Padmanabhanagar,Ramamurthy Nagar,,,Not Applicable,Customer related issue,Not Applicable,Not Applicable,471,Not Applicable,0,,
2024-07-02 12:57:00,CNR4485293249,Driver Not Found,CID438519,Prime Plus,Chickpet,Peenya,,,Not Applicable,Not Applicable,Not Applicable,Not Applicable,406,Not Applicable,0,,
2024-07-23 11:15:00,CNR6693416028,Success,CID165762,Mini,Indiranagar,Yeshwanthpur,42.0,120.0,Not Applicable,Not Applicable,No,Not Applicable,327,Cash,12,4.0,4.8
2024-07-07 23:58:00,CNR4899955652,Success,CID696435,eBike,Majestic,BTM Layout,280.0,95.0,Not Applicable,Not Applicable,No,Not Applicable,343,Cash,1,4.7,4.3
2024-07-19 04:39:00,CNR9549965048,Canceled by Customer,CID406085,eBike,Banashankari,Devanahalli,,,Driver is not moving towards pickup location,Not Applicable,Not Applicable,Not Applicable,720,Not Applicable,0,,
2024-07-12 12:02:00,CNR9259106974,Success,CID213257,Prime Sedan,Mysore Road,Sahakar Nagar,245.0,95.0,Not Applicable,Not Applicable,No,Not Applicable,396,Cash,22,4.8,3.6
2024-07-23 05:05:00,CNR9031207205,Driver Not Found,CID698830,Prime Plus,Shantinagar,Vijayanagar,,,Not Applicable,Not Applicable,Not Applicable,Not Applicable,2085,Not Applicable,0,,
2024-07-30 05:28:00,CNR2259833172,Success,CID477782,Mini,Sarjapur Road,Varthur,140.0,45.0,Not Applicable,Not Applicable,Yes,Customer Demand,867,Cash,39,4.4,3.5
2024-07-26 20:06:00,CNR8110598911,Driver Not Found,CID566240,Bike,Tumkur Road,Vijayanagar,,,Not Applicable,Not Applicable,Not Applicable,Not Applicable,311,Not Applicable,0,,
2024-07-14 10:16:00,CNR6606456592,Canceled by Customer,CID355305,Prime Sedan,Shivajinagar,Yelahanka,,,Wrong Address,Not Applicable,Not Applicable,Not Applicable,802,Not Applicable,0,,
2024-07-15 08:09:00,CNR1274724666,Success,CID984998,Prime SUV,Banashankari,Kengeri,301.0,115.0,Not Applicable,Not Applicable,No,Not Applicable,183,Credit Card,24,4.9,3.2
2024-07-01 01:54:00,CNR1655096969,Success,CID610084,Auto,Rajarajeshwari Nagar,Langford Town,112.0,125.0,Not Applicable,Not Applicable,No,Not Applicable,321,UPI,16,4.0,3.5
2024-07-23 22:52:00,CNR8943229664,Success,CID850336,Bike,Sarjapur Road,Peenya,203.0,75.0,Not Applicable,Not Applicable,No,Not Applicable,148,Credit Card,36,3.6,3.7
2024-07-25 15:24:00,CNR6983390180,Driver Not Found,CID159193,Bike,Hulimavu,Yeshwanthpur,,,Not Applicable,Not Applicable,Not Applicable,Not Applicable,301,Not Applicable,0,,
2024-07-19 12:23:00,CNR5188417031,Canceled by Driver,CID227125,eBike,HSR Layout,Chamarajpet,,,Not Applicable,More than permitted people in there,Not Applicable,Not Applicable,275,Not Applicable,0,,
2024-07-19 09:53:00,CNR9736045881,Canceled by Customer,CID708489,Prime SUV,Varthur,Vijayanagar,,,Change of plans,Not Applicable,Not Applicable,Not Applicable,885,Not Applicable,0,,
2024-07-10 00:38:00,CNR2860254652,Success,CID778714,eBike,Whitefield,MG Road,105.0,30.0,Not Applicable,Not Applicable,No,Not Applicable,317,Cash,40,3.6,4.0
2024-07-16 12:16:00,CNR7481712484,Canceled by Driver,CID948017,Mini,Rajajinagar,Banashankari,,,Not Applicable,Customer was coughing/sick,Not Applicable,Not Applicable,108,Not Applicable,0,,
2024-07-14 07:10:00,CNR3823850004,Canceled by Driver,CID190577,Mini,Hennur,Chamarajpet,,,Not Applicable,Customer related issue,Not Applicable,Not Applicable,1600,Not Applicable,0,,
2024-07-11 08:01:00,CNR1364593036,Canceled by Driver,CID304536,Prime SUV,Sahakar Nagar,Hennur,,,Not Applicable,Personal & Car related issue,Not Applicable,Not Applicable,884,Not Applicable,0,,
2024-07-01 13:52:00,CNR6950755869,Success,CID268371,Prime Sedan,Tumkur Road,Nagarbhavi,49.0,65.0,Not Applicable,Not Applicable,No,Not Applicable,399,UPI,37,4.4,3.4
2024-07-12 07:10:00,CNR4042842521,Success,CID348049,Auto,Marathahalli,Rajarajeshwari Nagar,168.0,120.0,Not Applicable,Not Applicable,No,Not Applicable,290,Cash,18,3.4,4.5
2024-07-19 12:46:00,CNR5292757274,Success,CID855913,eBike,Sahakar Nagar,Cox Town,280.0,60.0,Not Applicable,Not Applicable,No,Not Applicable,445,Cash,9,3.0,4.8
2024-07-11 10:26:00,CNR9829706286,Success,CID566050,Prime Plus,Hebbal,Bellandur,196.0,60.0,Not Applicable,Not Applicable,No,Not Applicable,897,Cash,15,4.9,3.6
2024-07-30 16:44:00,CNR4823921397,Success,CID180728,Bike,Shivajinagar,Electronic City,35.0,70.0,Not Applicable,Not Applicable,No,Not Applicable,370,UPI,16,3.7,4.4
2024-07-26 00:38:00,CNR5013157924,Success,CID585548,Mini,Varthur,Yelahanka,245.0,125.0,Not Applicable,Not Applicable,No,Not Applicable,264,Cash,33,4.4,3.6
2024-07-09 04:44:00,CNR3581206831,Success,CID614889,Bike,Rajarajeshwari Nagar,Rajarajeshwari Nagar,245.0,25.0,Not Applicable,Not Applicable,No,Not Applicable,942,Cash,13,5.0,3.1
2024-07-09 23:43:00,CNR2093491532,Success,CID487592,Prime Plus,BTM Layout,HSR Layout,294.0,95.0,Not Applicable,Not Applicable,No,Not Applicable,1116,Cash,41,3.5,4.4
2024-07-01 01:13:00,CNR8377141562,Success,CID232904,Bike,Mysore Road,Electronic City,84.0,45.0,Not Applicable,Not Applicable,No,Not Applicable,132,Cash,22,3.5,3.7
2024-07-18 09:16:00,CNR9481466079,Success,CID935444,Bike,Hulimavu,Ramamurthy Nagar,238.0,35.0,Not Applicable,Not Applicable,No,Not Applicable,190,Cash,36,3.7,4.6
2024-07-26 05:13:00,CNR6095229611,Success,CID699895,Prime Sedan,Chamarajpet,Mysore Road,77.0,25.0,Not Applicable,Not Applicable,No,Not Applicable,766,UPI,41,3.9,3.0
2024-07-12 04:51:00,CNR6471814614,Canceled by Customer,CID251666,eBike,Malleshwaram,Shivajinagar,,,Change of plans,Not Applicable,Not Applicable,Not Applicable,563,Not Applicable,0,,
2024-07-03 12:18:00,CNR9324840750,Canceled by Customer,CID385805,Mini,Chamarajpet,Nagarbhavi,,,AC is Not working,Not Applicable,Not Applicable,Not Applicable,111,Not Applicable,0,,
2024-07-21 11:55:00,CNR7615324900,Success,CID338836,eBike,Hebbal,Vijayanagar,56.0,70.0,Not Applicable,Not Applicable,No,Not Applicable,232,Cash,10,4.4,4.7
2024-07-18 09:01:00,CNR1179420853,Canceled by Driver,CID876102,Auto,Banashankari,Majestic,,,Not Applicable,Personal & Car related issue,Not Applicable,Not Applicable,775,Not Applicable,0,,
2024-07-15 07:39:00,CNR1219594400,Canceled by Driver,CID819132,Prime SUV,Sahakar Nagar,Padmanabhanagar,,,Not Applicable,Personal & Car related issue,Not Applicable,Not Applicable,421,Not Applicable,0,,
2024-07-04 08:48:00,CNR6018264031,Success,CID663033,Auto,Varthur,Kammanahalli,63.0,115.0,Not Applicable,Not Applicable,No,Not Applicable,169,UPI,8,3.7,5.0
2024-07-16 11:03:00,CNR7698083462,Canceled by Customer,CID551960,Mini,Vijayanagar,Yelahanka,,,Driver asked to cancel,Not Applicable,Not Applicable,Not Applicable,722,Not Applicable,0,,
2024-07-29 22:29:00,CNR1009648119,Success,CID324799,Bike,Ramamurthy Nagar,Padmanabhanagar,203.0,25.0,Not Applicable,Not Applicable,No,Not Applicable,335,Cash,40,4.1,4.9
2024-07-22 03:32:00,CNR5548350050,Success,CID570808,Mini,Chickpet,Varthur,154.0,95.0,Not Applicable,Not Applicable,No,Not Applicable,221,UPI,32,3.2,3.8
2024-07-11 19:51:00,CNR6494621421,Driver Not Found,CID177900,Auto,Shantinagar,Devanahalli,,,Not Applicable,Not Applicable,Not Applicable,Not Applicable,193,Not Applicable,0,,
2024-07-12 17:53:00,CNR4768597528,Canceled by Driver,CID242588,Bike,Kadugodi,Hosur Road,,,Not Applicable,Personal & Car related issue,Not Applicable,Not Applicable,150,Not Applicable,0,,
2024-07-11 00:49:00,CNR6293156159,Success,CID358703,Prime Plus,Hulimavu,Richmond Town,238.0,95.0,Not Applicable,Not Applicable,No,Not Applicable,209,UPI,21,4.1,4.1
2024-07-20 13:23:00,CNR8387796444,Driver Not Found,CID337845,Prime SUV,Banashankari,Banashankari,,,Not Applicable,Not Applicable,Not Applicable,Not Applicable,279,Not Applicable,0,,
2024-07-22 06:22:00,CNR9372076492,Success,CID267971,Bike,Indiranagar,Ramamurthy Nagar,273.0,75.0,Not Applicable,Not Applicable,No,Not Applicable,811,Cash,28,4.0,4.7
2024-07-24 16:51:00,CNR5862985991,Success,CID976243,Mini,RT Nagar,Mysore Road,210.0,35.0,Not Applicable,Not Applicable,No,Not Applicable,2326,Cash,14,4.0,3.9
2024-07-04 11:54:00,CNR9503786860,Success,CID137035,Auto,HSR Layout,Sarjapur Road,154.0,85.0,Not Applicable,Not Applicable,No,Not Applicable,227,Cash,14,4.8,4.7
2024-07-15 00:31:00,CNR7506315605,Driver Not Found,CID838063,eBike,Padmanabhanagar,Cox Town,,,Not Applicable,Not Applicable,Not Applicable,Not Applicable,272,Not Applicable,0,,
2024-07-30 07:31:00,CNR6651068139,Success,CID652519,Bike,Jayanagar,Nagarbhavi,119.0,70.0,Not Applicable,Not Applicable,No,Not Applicable,129,Cash,8,4.1,4.8
2024-07-28 03:36:00,CNR9305195138,Canceled by Driver,CID352006,Prime Sedan,Basavanagudi,Bannerghatta Road,,,Not Applicable,Personal & Car related issue,Not Applicable,Not Applicable,114,Not Applicable,0,,
2024-07-26 06:24:00,CNR3910428458,Success,CID387846,Auto,KR Puram,Magadi Road,140.0,100.0,Not Applicable,Not Applicable,No,Not Applicable,348,Cash,4,4.3,4.1
2024-07-11 05:31:00,CNR8713770021,Driver Not Found,CID443879,Auto,Cox Town,HSR Layout,,,Not Applicable,Not Applicable,Not Applicable,Not Applicable,966,Not Applicable,0,,
2024-07-12 10:14:00,CNR3904126868,Success,CID806355,Auto,Shivajinagar,MG Road,126.0,45.0,Not Applicable,Not Applicable,No,Not Applicable,924,Cash,17,3.7,4.5
2024-07-20 21:16:00,CNR4795830763,Success,CID303844,Auto,Jayanagar,Sahakar Nagar,196.0,30.0,Not Applicable,Not Applicable,No,Not Applicable,1797,Cash,5,4.3,3.8
2024-07-15 05:37:00,CNR8004067258,Driver Not Found,CID590271,Prime Plus,Shantinagar,Peenya,,,Not Applicable,Not Applicable,Not Applicable,Not Applicable,131,Not Applicable,0,,
2024-07-07 13:37:00,CNR8135549703,Success,CID376076,eBike,Shantinagar,Magadi Road,154.0,95.0,Not Applicable,Not Applicable,No,Not Applicable,212,UPI,6,3.4,3.8
2024-07-11 16:10:00,CNR8752179832,Success,CID144811,Prime SUV,Sarjapur Road,Sahakar Nagar,231.0,140.0,Not Applicable,Not Applicable,No,Not Applicable,671,Cash,39,3.2,4.4
2024-07-05 09:32:00,CNR3137973975,Success,CID300382,Prime Plus,Magadi Road,Sahakar Nagar,49.0,50.0,Not Applicable,Not Applicable,Yes,Vehicle Breakdown,745,Cash,38,3.4,3.8
2024-07-13 15:25:00,CNR7769879900,Success,CID616004,Bike,Rajarajeshwari Nagar,KR Puram,224.0,85.0,Not Applicable,Not Applicable,No,Not Applicable,169,Credit Card,33,4.8,3.6
2024-07-28 04:38:00,CNR2301167615,Success,CID896133,Bike,Basavanagudi,Frazer Town,133.0,65.0,Not Applicable,Not Applicable,No,Not Applicable,397,Cash,11,3.5,4.6
2024-07-19 20:14:00,CNR7545344151,Success,CID730243,Prime SUV,Whitefield,Basavanagudi,210.0,75.0,Not Applicable,Not Applicable,No,Not Applicable,284,Cash,15,4.4,3.0
2024-07-13 23:56:00,CNR2202695402,Success,CID258693,Auto,MG Road,Shivajinagar,189.0,70.0,Not Applicable,Not Applicable,No,Not Applicable,858,UPI,17,4.2,4.9
2024-07-20 03:42:00,CNR4269064765,Success,CID245124,eBike,Yelahanka,Hennur,203.0,120.0,Not Applicable,Not Applicable,No,Not Applicable,1793,Cash,40,3.4,4.4
2024-07-09 21:04:00,CNR3491193727,Success,CID938857,eBike,Peenya,Chamarajpet,63.0,145.0,Not Applicable,Not Applicable,No,Not Applicable,2159,Credit Card,3,3.0,3.9
2024-07-26 10:34:00,CNR6485498868,Success,CID583191,eBike,Sarjapur Road,HSR Layout,224.0,50.0,Not Applicable,Not Applicable,No,Not Applicable,325,Cash,49,3.0,4.2
2024-07-07 07:38:00,CNR5586409152,Driver Not Found,CID952542,Prime Plus,Yeshwanthpur,Electronic City,,,Not Applicable,Not Applicable,Not Applicable,Not Applicable,487,Not Applicable,0,,
2024-07-22 14:56:00,CNR3208521422,Success,CID789159,Prime Sedan,Shivajinagar,Varthur,168.0,90.0,Not Applicable,Not Applicable,No,Not Applicable,284,UPI,17,3.0,4.1
2024-07-18 07:00:00,CNR1600829430,Canceled by Driver,CID917673,Bike,Nagarbhavi,Chamarajpet,,,Not Applicable,More than permitted people in there,Not Applicable,Not Applicable,237,Not Applicable,0,,
2024-07-23 12:26:00,CNR7995403791,Canceled by Driver,CID999956,Mini,Hebbal,Tumkur Road,,,Not Applicable,More than permitted people in there,Not Applicable,Not Applicable,263,Not Applicable,0,,
2024-07-21 22:38:00,CNR4438801061,Success,CID197294,Prime Plus,Vijayanagar,Banashankari,70.0,50.0,Not Applicable,Not Applicable,No,Not Applicable,257,Cash,9,3.2,3.8
2024-07-18 18:27:00,CNR4283516875,Success,CID924115,eBike,Indiranagar,Magadi Road,182.0,145.0,Not Applicable,Not Applicable,Yes,Vehicle Breakdown,254,UPI,19,3.5,4.1
2024-07-05 00:36:00,CNR6294116276,Canceled by Customer,CID813837,Bike,Koramangala,Varthur,,,Change of plans,Not Applicable,Not Applicable,Not Applicable,322,Not Applicable,0,,
2024-07-08 03:27:00,CNR2844240364,Canceled by Customer,CID277293,Auto,Nagarbhavi,Varthur,,,Change of plans,Not Applicable,Not Applicable,Not Applicable,199,Not Applicable,0,,
2024-07-05 04:41:00,CNR4246208926,Canceled by Driver,CID869760,Auto,Kammanahalli,Langford Town,,,Not Applicable,Personal & Car related issue,Not Applicable,Not Applicable,392,Not Applicable,0,,
2024-07-13 00:04:00,CNR3375078052,Driver Not Found,CID484157,eBike,KR Puram,Rajarajeshwari Nagar,,,Not Applicable,Not Applicable,Not Applicable,Not Applicable,1413,Not Applicable,0,,
2024-07-22 07:40:00,CNR1540706709,Success,CID118454,Mini,Mysore Road,Vijayanagar,147.0,120.0,Not Applicable,Not Applicable,No,Not Applicable,181,Cash,49,4.3,4.9
2024-07-07 09:12:00,CNR6089469334,Success,CID468992,Prime Sedan,Varthur,Yeshwanthpur,161.0,65.0,Not Applicable,Not Applicable,No,Not Applicable,412,UPI,28,4.1,4.7
2024-07-24 08:28:00,CNR8382851432,Success,CID342931,eBike,Mysore Road,Basavanagudi,147.0,40.0,Not Applicable,Not Applicable,No,Not Applicable,446,UPI,15,4.6,3.5
2024-07-02 23:04:00,CNR7763721612,Driver Not Found,CID500327,Prime Sedan,Sahakar Nagar,Richmond Town,,,Not Applicable,Not Applicable,Not Applicable,Not Applicable,197,Not Applicable,0,,
2024-07-25 00:28:00,CNR7649403998,Success,CID575183,eBike,Koramangala,Hosur Road,266.0,30.0,Not Applicable,Not Applicable,No,Not Applicable,438,UPI,14,3.6,3.9
2024-07-23 23:08:00,CNR3774765519,Success,CID966984,Prime SUV,Richmond Town,Langford Town,42.0,90.0,Not Applicable,Not Applicable,No,Not Applicable,647,UPI,1,4.9,4.0
2024-07-11 20:24:00,CNR3688921180,Driver Not Found,CID458489,Prime SUV,Nagarbhavi,Hennur,,,Not Applicable,Not Applicable,Not Applicable,Not Applicable,266,Not Applicable,0,,
2024-07-05 15:01:00,CNR6836051953,Success,CID308168,eBike,Majestic,Hebbal,231.0,75.0,Not Applicable,Not Applicable,No,Not Applicable,508,Cash,2,4.1,4.7
2024-07-22 00:01:00,CNR2721919446,Success,CID385717,Auto,BTM Layout,Indiranagar,189.0,35.0,Not Applicable,Not Applicable,No,Not Applicable,226,UPI,18,3.9,4.1
2024-07-19 16:38:00,CNR1526594026,Success,CID207832,Bike,Devanahalli,Tumkur Road,147.0,125.0,Not Applicable,Not Applicable,No,Not Applicable,428,Cash,15,4.9,3.1
2024-07-11 03:03:00,CNR3799216846,Driver Not Found,CID211156,Prime SUV,MG Road,HSR Layout,,,Not Applicable,Not Applicable,Not Applicable,Not Applicable,1563,Not Applicable,0,,
2024-07-30 04:11:00,CNR2749998021,Success,CID170576,Mini,Yeshwanthpur,Varthur,280.0,110.0,Not Applicable,Not Applicable,Yes,Other Issue,182,UPI,26,3.2,4.3
2024-07-12 03:29:00,CNR2348830830,Success,CID830976,Auto,Rajarajeshwari Nagar,KR Puram,105.0,110.0,Not Applicable,Not Applicable,No,Not Applicable,669,UPI,2,3.7,4.8
2024-07-13 13:50:00,CNR2832174246,Success,CID330499,Bike,Chamarajpet,Vijayanagar,182.0,25.0,Not Applicable,Not Applicable,No,Not Applicable,164,UPI,42,3.7,4.7
2024-07-29 02:38:00,CNR2951374344,Success,CID552191,Prime Plus,BTM Layout,Basavanagudi,238.0,110.0,Not Applicable,Not Applicable,No,Not Applicable,135,Cash,32,3.1,3.1
2024-07-14 03:02:00,CNR6250386709,Canceled by Driver,CID518095,Prime SUV,RT Nagar,MG Road,,,Not Applicable,More than permitted people in there,Not Applicable,Not Applicable,349,Not Applicable,0,,
2024-07-11 10:05:00,CNR8819430259,Canceled by Driver,CID897206,Prime Plus,Ramamurthy Nagar,KR Puram,,,Not Applicable,Personal & Car related issue,Not Applicable,Not Applicable,265,Not Applicable,0,,
2024-07-22 05:42:00,CNR1835212416,Success,CID974223,Mini,Mysore Road,Majestic,231.0,120.0,Not Applicable,Not Applicable,No,Not Applicable,1635,UPI,25,3.5,4.8
2024-07-03 10:00:00,CNR1325097018,Success,CID698490,eBike,Varthur,JP Nagar,273.0,85.0,Not Applicable,Not Applicable,No,Not Applicable,226,UPI,17,3.3,3.1
2024-07-24 12:54:00,CNR2818093705,Success,CID847116,Prime Sedan,MG Road,Hosur Road,287.0,35.0,Not Applicable,Not Applicable,No,Not Applicable,733,Cash,44,4.9,4.9
2024-07-28 03:47:00,CNR2041882762,Canceled by Customer,CID221000,Auto,JP Nagar,Padmanabhanagar,,,Driver asked to cancel,Not Applicable,Not Applicable,Not Applicable,427,Not Applicable,0,,
2024-07-21 08:45:00,CNR8506157165,Success,CID164697,Prime Plus,Whitefield,Jayanagar,203.0,130.0,Not Applicable,Not Applicable,No,Not Applicable,486,Credit Card,14,3.4,3.3
2024-07-26 20:38:00,CNR3968269976,Success,CID459629,Prime Sedan,Kadugodi,KR Puram,147.0,85.0,Not Applicable,Not Applicable,No,Not Applicable,317,UPI,12,4.1,3.5
2024-07-15 20:51:00,CNR4089272889,Canceled by Driver,CID600721,Mini,Yelahanka,Frazer Town,,,Not Applicable,More than permitted people in there,Not Applicable,Not Applicable,393,Not Applicable,0,,
2024-07-27 00:14:00,CNR2381409431,Success,CID548088,eBike,Mysore Road,Peenya,266.0,50.0,Not Applicable,Not Applicable,No,Not Applicable,325,Cash,22,3.7,3.4
2024-07-27 03:39:00,CNR3082096259,Success,CID506942,Prime SUV,Ulsoor,Magadi Road,308.0,85.0,Not Applicable,Not Applicable,No,Not Applicable,2203,UPI,44,3.0,3.6
2024-07-24 23:10:00,CNR2140294568,Success,CID504939,Prime Plus,Basavanagudi,Varthur,49.0,25.0,Not Applicable,Not Applicable,No,Not Applicable,827,UPI,18,3.8,4.3
2024-07-10 22:32:00,CNR8723951013,Canceled by Driver,CID969667,Auto,Ulsoor,Banashankari,,,Not Applicable,More than permitted people in there,Not Applicable,Not Applicable,684,Not Applicable,0,,
2024-07-25 02:40:00,CNR5990833895,Canceled by Customer,CID453691,Auto,Rajarajeshwari Nagar,Ramamurthy Nagar,,,AC is Not working,Not Applicable,Not Applicable,Not Applicable,461,Not Applicable,0,,
2024-07-29 18:44:00,CNR1971361429,Canceled by Customer,CID296287,Bike,Sahakar Nagar,Mysore Road,,,AC is Not working,Not Applicable,Not Applicable,Not Applicable,138,Not Applicable,0,,
2024-07-13 20:12:00,CNR2573295386,Success,CID324150,Prime SUV,Sahakar Nagar,Padmanabhanagar,210.0,45.0,Not Applicable,Not Applicable,No,Not Applicable,840,UPI,43,4.5,3.5
2024-07-08 18:10:00,CNR2840358799,Success,CID155443,Bike,Varthur,Whitefield,140.0,140.0,Not Applicable,Not Applicable,No,Not Applicable,898,Cash,37,4.6,3.6
2024-07-22 11:30:00,CNR5945587300,Success,CID548890,Bike,HSR Layout,BTM Layout,175.0,40.0,Not Applicable,Not Applicable,No,Not Applicable,301,Cash,24,3.7,4.6
2024-07-29 01:18:00,CNR3108557082,Success,CID140979,Prime SUV,Sarjapur Road,Nagarbhavi,105.0,130.0,Not Applicable,Not Applicable,No,Not Applicable,946,Cash,32,4.3,3.2
2024-07-27 18:26:00,CNR6202786014,Canceled by Driver,CID297382,eBike,Rajajinagar,Rajarajeshwari Nagar,,,Not Applicable,Customer related issue,Not Applicable,Not Applicable,162,Not Applicable,0,,
2024-07-08 17:14:00,CNR4272461506,Success,CID449102,eBike,Langford Town,MG Road,105.0,95.0,Not Applicable,Not Applicable,No,Not Applicable,398,UPI,13,3.3,3.0
2024-07-26 16:31:00,CNR9588304794,Success,CID872279,Auto,Shantinagar,Malleshwaram,294.0,30.0,Not Applicable,Not Applicable,No,Not Applicable,998,Cash,13,3.3,4.2
2024-07-09 01:06:00,CNR5487993049,Success,CID988586,Auto,Jayanagar,Frazer Town,259.0,115.0,Not Applicable,Not Applicable,No,Not Applicable,1451,Cash,6,4.1,4.2
2024-07-30 03:14:00,CNR9956226565,Success,CID990952,Prime SUV,Yeshwanthpur,Shantinagar,280.0,115.0,Not Applicable,Not Applicable,No,Not Applicable,300,Credit Card,33,3.1,4.4
2024-07-29 18:01:00,CNR7876454335,Success,CID539679,Mini,Indiranagar,Richmond Town,126.0,60.0,Not Applicable,Not Applicable,No,Not Applicable,403,UPI,3,4.8,4.5
2024-07-02 03:11:00,CNR7537817581,Success,CID358958,eBike,JP Nagar,Basavanagudi,189.0,120.0,Not Applicable,Not Applicable,No,Not Applicable,101,UPI,9,3.4,3.7
2024-07-15 16:10:00,CNR1575995207,Success,CID379510,Prime SUV,Kammanahalli,Kadugodi,294.0,120.0,Not Applicable,Not Applicable,No,Not Applicable,408,Cash,3,3.6,4.6
2024-07-15 10:25:00,CNR5463183254,Canceled by Customer,CID856233,eBike,Magadi Road,Hebbal,,,Driver is not moving towards pickup location,Not Applicable,Not Applicable,Not Applicable,928,Not Applicable,0,,
2024-07-26 00:01:00,CNR8330769748,Canceled by Customer,CID895179,Bike,Whitefield,JP Nagar,,,Driver asked to cancel,Not Applicable,Not Applicable,Not Applicable,596,Not Applicable,0,,
2024-07-28 18:54:00,CNR4620818479,Canceled by Driver,CID725304,Prime Sedan,Rajarajeshwari Nagar,Mysore Road,,,Not Applicable,Personal & Car related issue,Not Applicable,Not Applicable,551,Not Applicable,0,,
2024-07-26 22:30:00,CNR9867386866,Success,CID894224,Auto,Sarjapur Road,Bannerghatta Road,217.0,90.0,Not Applicable,Not Applicable,No,Not Applicable,150,UPI,11,3.7,4.3
2024-07-03 05:54:00,CNR6430062736,Success,CID848324,Prime Sedan,Koramangala,Tumkur Road,273.0,35.0,Not Applicable,Not Applicable,No,Not Applicable,160,UPI,31,3.4,3.3
2024-07-07 16:38:00,CNR8867434902,Success,CID594273,Bike,Langford Town,Electronic City,126.0,135.0,Not Applicable,Not Applicable,No,Not Applicable,406,Cash,10,4.5,4.5
2024-07-20 16:45:00,CNR5700608403,Success,CID680829,eBike,Indiranagar,Hosur Road,301.0,70.0,Not Applicable,Not Applicable,No,Not Applicable,1620,Cash,25,4.4,3.7
2024-07-22 08:19:00,CNR2280045366,Success,CID731314,Auto,JP Nagar,Richmond Town,154.0,140.0,Not Applicable,Not Applicable,No,Not Applicable,840,Credit Card,16,4.9,4.9
2024-07-13 13:10:00,CNR5072424415,Success,CID180281,eBike,Bellandur,Sarjapur Road,154.0,65.0,Not Applicable,Not Applicable,No,Not Applicable,117,Cash,29,5.0,3.2
2024-07-14 15:07:00,CNR6454320517,Success,CID400815,eBike,Hulimavu,JP Nagar,84.0,115.0,Not Applicable,Not Applicable,No,Not Applicable,514,UPI,38,3.2,4.4
2024-07-05 18:20:00,CNR4322349269,Driver Not Found,CID694970,Bike,Jayanagar,KR Puram,,,Not Applicable,Not Applicable,Not Applicable,Not Applicable,446,Not Applicable,0,,
2024-07-27 21:33:00,CNR5269919230,Success,CID563054,eBike,JP Nagar,Rajajinagar,70.0,145.0,Not Applicable,Not Applicable,Yes,Vehicle Breakdown,175,Cash,29,3.0,4.7
2024-07-14 22:31:00,CNR2656842243,Success,CID493503,Bike,Ramamurthy Nagar,Koramangala,287.0,55.0,Not Applicable,Not Applicable,No,Not Applicable,191,Cash,10,4.7,4.8
2024-07-15 08:14:00,CNR2772750049,Success,CID727636,Prime Plus,Sarjapur Road,Kadugodi,84.0,120.0,Not Applicable,Not Applicable,No,Not Applicable,601,UPI,42,3.7,3.8
2024-07-06 10:03:00,CNR9536927782,Canceled by Driver,CID192042,Prime Plus,Koramangala,Hulimavu,,,Not Applicable,Personal & Car related issue,Not Applicable,Not Applicable,691,Not Applicable,0,,
2024-07-25 05:18:00,CNR7611534810,Success,CID489731,Mini,Kammanahalli,Hennur,231.0,35.0,Not Applicable,Not Applicable,No,Not Applicable,103,Cash,44,4.2,4.3
2024-07-25 09:39:00,CNR5858317701,Driver Not Found,CID728747,eBike,Sarjapur Road,HSR Layout,,,Not Applicable,Not Applicable,Not Applicable,Not Applicable,370,Not Applicable,0,,
2024-07-20 12:11:00,CNR9551117355,Canceled by Driver,CID114992,Auto,Kammanahalli,Padmanabhanagar,,,Not Applicable,Customer related issue,Not Applicable,Not Applicable,1523,Not Applicable,0,,
2024-07-25 20:40:00,CNR1381392453,Driver Not Found,CID851776,Auto,Magadi Road,Banashankari,,,Not Applicable,Not Applicable,Not Applicable,Not Applicable,420,Not Applicable,0,,
2024-07-15 01:53:00,CNR6781881876,Success,CID293647,Prime Sedan,Chickpet,Indiranagar,63.0,80.0,Not Applicable,Not Applicable,No,Not Applicable,615,Cash,45,3.6,4.8
2024-07-24 16:57:00,CNR3245204465,Success,CID560920,Prime Sedan,Bannerghatta Road,Malleshwaram,245.0,45.0,Not Applicable,Not Applicable,No,Not Applicable,291,UPI,2,3.4,4.9
2024-07-22 04:16:00,CNR5494214634,Canceled by Driver,CID151371,Mini,Marathahalli,Langford Town,,,Not Applicable,More than permitted people in there,Not Applicable,Not Applicable,242,Not Applicable,0,,
2024-07-13 01:53:00,CNR5677045730,Success,CID738752,Prime Plus,Marathahalli,Rajarajeshwari Nagar,217.0,140.0,Not Applicable,Not Applicable,No,Not Applicable,189,Cash,41,3.5,4.0
2024-07-11 22:33:00,CNR8601808963,Success,CID697145,Auto,Majestic,Hebbal,308.0,25.0,Not Applicable,Not Applicable,No,Not Applicable,137,Credit Card,13,3.4,4.5
2024-07-01 13:35:00,CNR8166751079,Canceled by Driver,CID217959,Prime SUV,KR Puram,Magadi Road,,,Not Applicable,Customer related issue,Not Applicable,Not Applicable,202,Not Applicable,0,,
2024-07-10 10:49:00,CNR6771755414,Canceled by Driver,CID326787,Prime Plus,Rajarajeshwari Nagar,Langford Town,,,Not Applicable,Personal & Car related issue,Not Applicable,Not Applicable,242,Not Applicable,0,,
2024-07-24 21:46:00,CNR4318466897,Success,CID680421,Prime SUV,Jayanagar,Chamarajpet,294.0,35.0,Not Applicable,Not Applicable,No,Not Applicable,362,UPI,31,3.9,3.9
2024-07-06 03:25:00,CNR1477266753,Success,CID522852,Prime Sedan,Jayanagar,Malleshwaram,280.0,25.0,Not Applicable,Not Applicable,No,Not Applicable,161,UPI,4,3.5,4.2
2024-07-14 00:38:00,CNR8705435878,Success,CID630105,Prime Plus,Sarjapur Road,Tumkur Road,245.0,95.0,Not Applicable,Not Applicable,No,Not Applicable,838,Cash,39,3.1,4.8
2024-07-01 11:10:00,CNR2433580394,Canceled by Customer,CID354943,Bike,Ulsoor,Majestic,,,Driver is not moving towards pickup location,Not Applicable,Not Applicable,Not Applicable,453,Not Applicable,0,,
2024-07-17 18:42:00,CNR2109905209,Driver Not Found,CID524501,Prime SUV,Indiranagar,Mysore Road,,,Not Applicable,Not Applicable,Not Applicable,Not Applicable,134,Not Applicable,0,,
2024-07-26 22:45:00,CNR1978191504,Success,CID305421,Bike,JP Nagar,Shantinagar,56.0,85.0,Not Applicable,Not Applicable,No,Not Applicable,227,UPI,21,3.6,3.7
2024-07-20 05:38:00,CNR2392607595,Canceled by Driver,CID378286,Mini,Electronic City,Devanahalli,,,Not Applicable,Personal & Car related issue,Not Applicable,Not Applicable,498,Not Applicable,0,,
2024-07-04 19:40:00,CNR3908110194,Driver Not Found,CID885857,Mini,Hosur Road,Rajarajeshwari Nagar,,,Not Applicable,Not Applicable,Not Applicable,Not Applicable,624,Not Applicable,0,,
2024-07-02 00:01:00,CNR9856196844,Success,CID794399,Prime Sedan,Frazer Town,Chamarajpet,308.0,145.0,Not Applicable,Not Applicable,No,Not Applicable,454,Cash,36,4.4,3.8
2024-07-08 16:05:00,CNR8155223923,Success,CID418505,Prime Sedan,Langford Town,Sarjapur Road,231.0,55.0,Not Applicable,Not Applicable,No,Not Applicable,572,UPI,16,4.7,3.7
2024-07-23 11:40:00,CNR5692040758,Canceled by Customer,CID293405,Prime Plus,Richmond Town,Padmanabhanagar,,,Change of plans,Not Applicable,Not Applicable,Not Applicable,232,Not Applicable,0,,
2024-07-22 14:13:00,CNR3748616406,Success,CID593466,Prime Plus,Yelahanka,Hosur Road,210.0,25.0,Not Applicable,Not Applicable,No,Not Applicable,1009,Cash,16,4.9,4.7
2024-07-07 22:07:00,CNR1673423836,Success,CID466574,Prime SUV,Magadi Road,Yelahanka,189.0,85.0,Not Applicable,Not Applicable,No,Not Applicable,116,UPI,8,4.5,3.2
2024-07-03 15:01:00,CNR1565398900,Success,CID803607,Prime SUV,Majestic,Ulsoor,273.0,145.0,Not Applicable,Not Applicable,No,Not Applicable,315,Cash,37,4.4,4.9
2024-07-30 02:58:00,CNR4546540161,Success,CID332585,Mini,Richmond Town,Ramamurthy Nagar,126.0,80.0,Not Applicable,Not Applicable,No,Not Applicable,148,UPI,33,4.8,4.9
2024-07-15 17:37:00,CNR5980999559,Canceled by Driver,CID958001,Prime SUV,Tumkur Road,Bellandur,,,Not Applicable,More than permitted people in there,Not Applicable,Not Applicable,2322,Not Applicable,0,,
2024-07-17 22:17:00,CNR6783814769,Success,CID443939,Bike,Kengeri,Magadi Road,196.0,105.0,Not Applicable,Not Applicable,No,Not Applicable,375,UPI,35,3.8,3.9
2024-07-30 14:26:00,CNR4840085129,Driver Not Found,CID617949,Mini,Kammanahalli,Kengeri,,,Not Applicable,Not Applicable,Not Applicable,Not Applicable,263,Not Applicable,0,,
2024-07-01 11:29:00,CNR4150630201,Canceled by Driver,CID591776,Bike,RT Nagar,Padmanabhanagar,,,Not Applicable,Personal & Car related issue,Not Applicable,Not Applicable,323,Not Applicable,0,,
2024-07-08 04:10:00,CNR5320718192,Canceled by Driver,CID386534,Bike,Devanahalli,HSR Layout,,,Not Applicable,Personal & Car related issue,Not Applicable,Not Applicable,639,Not Applicable,0,,
2024-07-21 12:03:00,CNR2729095626,Success,CID407103,Prime Plus,Bellandur,Hebbal,273.0,140.0,Not Applicable,Not Applicable,No,Not Applicable,188,UPI,23,3.9,3.9
2024-07-19 23:24:00,CNR5838129790,Driver Not Found,CID704214,Bike,MG Road,Chickpet,,,Not Applicable,Not Applicable,Not Applicable,Not Applicable,192,Not Applicable,0,,
2024-07-02 16:00:00,CNR8155346050,Canceled by Driver,CID766438,Prime Plus,Hennur,BTM Layout,,,Not Applicable,Customer related issue,Not Applicable,Not Applicable,346,Not Applicable,0,,
2024-07-21 10:03:00,CNR5907800361,Success,CID834816,Prime Sedan,Hosur Road,Nagarbhavi,56.0,65.0,Not Applicable,Not Applicable,Yes,Other Issue,263,Cash,47,3.5,4.8
2024-07-12 15:55:00,CNR5741173828,Success,CID406609,eBike,Mysore Road,Chickpet,301.0,105.0,Not Applicable,Not Applicable,No,Not Applicable,779,UPI,43,4.5,3.6
2024-07-04 11:41:00,CNR6411315946,Success,CID358162,Bike,Hulimavu,Koramangala,245.0,95.0,Not Applicable,Not Applicable,No,Not Applicable,283,UPI,7,4.1,4.1
2024-07-23 00:38:00,CNR3417256271,Success,CID717001,Prime Plus,Frazer Town,Electronic City,182.0,125.0,Not Applicable,Not Applicable,No,Not Applicable,211,Cash,1,4.7,3.7
2024-07-16 08:40:00,CNR8559995891,Driver Not Found,CID126416,Prime Plus,Devanahalli,MG Road,,,Not Applicable,Not Applicable,Not Applicable,Not Applicable,156,Not Applicable,0,,
2024-07-25 03:24:00,CNR8900286009,Success,CID995948,Mini,Banashankari,Jayanagar,140.0,40.0,Not Applicable,Not Applicable,No,Not Applicable,347,Credit Card,23,3.6,4.1
2024-07-18 21:37:00,CNR9220073912,Driver Not Found,CID805356,Prime Plus,Indiranagar,Bellandur,,,Not Applicable,Not Applicable,Not Applicable,Not Applicable,322,Not Applicable,0,,
2024-07-05 21:10:00,CNR5787091284,Canceled by Driver,CID909137,Mini,Sarjapur Road,Bellandur,,,Not Applicable,Personal & Car related issue,Not Applicable,Not Applicable,769,Not Applicable,0,,
2024-07-17 19:05:00,CNR3173269299,Success,CID206063,Prime Sedan,Richmond Town,Devanahalli,301.0,110.0,Not Applicable,Not Applicable,No,Not Applicable,332,UPI,36,3.8,3.4
2024-07-15 15:52:00,CNR5659404903,Success,CID412959,Bike,Shantinagar,Rajarajeshwari Nagar,119.0,75.0,Not Applicable,Not Applicable,No,Not Applicable,164,Cash,31,3.9,3.4
2024-07-14 17:45:00,CNR7377347277,Success,CID971666,Prime Plus,HSR Layout,Kengeri,112.0,70.0,Not Applicable,Not Applicable,No,Not Applicable,250,UPI,25,3.7,4.6
2024-07-11 03:50:00,CNR6486703048,Canceled by Customer,CID716168,Prime Plus,Hebbal,Rajajinagar,,,Driver asked to cancel,Not Applicable,Not Applicable,Not Applicable,944,Not Applicable,0,,
2024-07-17 18:48:00,CNR8645651337,Success,CID469878,Prime Plus,HSR Layout,Koramangala,161.0,70.0,Not Applicable,Not Applicable,No,Not Applicable,209,UPI,21,3.7,4.7
2024-07-01 02:03:00,CNR3356976817,Success,CID469728,Prime SUV,Indiranagar,Majestic,266.0,60.0,Not Applicable,Not Applicable,Yes,Other Issue,886,Cash,6,3.4,4.0
2024-07-26 06:30:00,CNR1953572962,Success,CID563082,Mini,Basavanagudi,JP Nagar,189.0,70.0,Not Applicable,Not Applicable,No,Not Applicable,296,Cash,12,3.0,3.6
2024-07-14 03:37:00,CNR9319987646,Success,CID560838,Bike,Kadugodi,Langford Town,210.0,95.0,Not Applicable,Not Applicable,No,Not Applicable,461,Cash,46,3.8,4.5
2024-07-09 13:14:00,CNR5576817429,Success,CID808642,eBike,Hennur,Basavanagudi,203.0,130.0,Not Applicable,Not Applicable,No,Not Applicable,809,Credit Card,32,3.3,3.5
2024-07-30 03:19:00,CNR5227740396,Success,CID486709,Prime Plus,Koramangala,Chickpet,35.0,75.0,Not Applicable,Not Applicable,No,Not Applicable,837,Cash,29,3.6,3.7
2024-07-29 12:21:00,CNR4952718558,Success,CID555901,Prime SUV,Rajajinagar,Hulimavu,210.0,60.0,Not Applicable,Not Applicable,No,Not Applicable,385,Cash,24,4.8,4.6
2024-07-09 00:47:00,CNR6232251428,Driver Not Found,CID745857,eBike,Basavanagudi,Hulimavu,,,Not Applicable,Not Applicable,Not Applicable,Not Applicable,253,Not Applicable,0,,
2024-07-08 05:41:00,CNR6576541678,Driver Not Found,CID997247,Mini,Banashankari,Cox Town,,,Not Applicable,Not Applicable,Not Applicable,Not Applicable,137,Not Applicable,0,,
2024-07-23 05:41:00,CNR6999018061,Success,CID169829,Prime Sedan,Kengeri,Rajajinagar,231.0,60.0,Not Applicable,Not Applicable,No,Not Applicable,491,Cash,8,3.3,4.1
2024-07-06 23:51:00,CNR1032815133,Success,CID834553,Mini,Kammanahalli,Sahakar Nagar,203.0,50.0,Not Applicable,Not Applicable,No,Not Applicable,832,UPI,20,4.3,3.9
2024-07-02 22:33:00,CNR6240015488,Canceled by Driver,CID829536,Mini,Basavanagudi,Ramamurthy Nagar,,,Not Applicable,Customer related issue,Not Applicable,Not Applicable,421,Not Applicable,0,,
2024-07-12 07:14:00,CNR6227362984,Success,CID688633,Bike,Malleshwaram,Peenya,189.0,45.0,Not Applicable,Not Applicable,No,Not Applicable,966,Cash,36,3.3,4.6
2024-07-22 06:54:00,CNR7269537336,Success,CID869494,Prime Plus,JP Nagar,Vijayanagar,259.0,110.0,Not Applicable,Not Applicable,No,Not Applicable,520,UPI,9,4.5,3.1
2024-07-11 22:51:00,CNR8981165988,Success,CID218384,Prime Sedan,Tumkur Road,Yeshwanthpur,273.0,45.0,Not Applicable,Not Applicable,No,Not Applicable,176,Cash,22,3.4,4.6
2024-07-06 02:53:00,CNR4408998929,Driver Not Found,CID791549,Mini,Peenya,JP Nagar,,,Not Applicable,Not Applicable,Not Applicable,Not Applicable,301,Not Applicable,0,,
2024-07-30 05:06:00,CNR2687344102,Success,CID765631,eBike,Majestic,Yelahanka,287.0,50.0,Not Applicable,Not Applicable,Yes,Customer Demand,381,UPI,15,3.0,4.8
2024-07-16 16:54:00,CNR5875377165,Success,CID982686,Mini,Padmanabhanagar,Cox Town,231.0,100.0,Not Applicable,Not Applicable,No,Not Applicable,361,Cash,46,4.3,4.4
2024-07-10 08:38:00,CNR3305402006,Success,CID283981,Mini,Yeshwanthpur,Padmanabhanagar,105.0,60.0,Not Applicable,Not Applicable,No,Not Applicable,255,Cash,36,3.5,4.7
2024-07-19 08:28:00,CNR7716222952,Success,CID230611,Mini,Majestic,Marathahalli,273.0,85.0,Not Applicable,Not Applicable,No,Not Applicable,288,UPI,13,4.5,4.3
2024-07-04 15:21:00,CNR1323376363,Success,CID966634,Prime Plus,Hulimavu,KR Puram,231.0,145.0,Not Applicable,Not Applicable,No,Not Applicable,155,Cash,6,3.7,4.4
2024-07-28 20:42:00,CNR8790253078,Success,CID277468,Prime Plus,Tumkur Road,Shivajinagar,224.0,35.0,Not Applicable,Not Applicable,No,Not Applicable,880,UPI,33,4.4,4.8
2024-07-24 03:27:00,CNR5062943593,Success,CID389180,Bike,HSR Layout,Magadi Road,112.0,110.0,Not Applicable,Not Applicable,No,Not Applicable,1106,UPI,3,4.6,4.9
2024-07-09 19:30:00,CNR5419051879,Driver Not Found,CID412572,Bike,Basavanagudi,Cox Town,,,Not Applicable,Not Applicable,Not Applicable,Not Applicable,2138,Not Applicable,0,,
2024-07-27 02:36:00,CNR9464930949,Success,CID531434,eBike,Hosur Road,Marathahalli,266.0,120.0,Not Applicable,Not Applicable,No,Not Applicable,337,UPI,17,3.6,5.0
2024-07-17 09:59:00,CNR6911534367,Driver Not Found,CID234874,eBike,RT Nagar,Sarjapur Road,,,Not Applicable,Not Applicable,Not Applicable,Not Applicable,981,Not Applicable,0,,
2024-07-12 22:02:00,CNR9225629669,Canceled by Driver,CID858973,Bike,Frazer Town,Bellandur,,,Not Applicable,Customer was coughing/sick,Not Applicable,Not Applicable,430,Not Applicable,0,,
2024-07-15 07:43:00,CNR8446050604,Canceled by Driver,CID841373,Mini,MG Road,Ulsoor,,,Not Applicable,Customer related issue,Not Applicable,Not Applicable,416,Not Applicable,0,,
2024-07-15 11:26:00,CNR8056874382,Canceled by Driver,CID814244,Auto,Rajarajeshwari Nagar,MG Road,,,Not Applicable,Personal & Car related issue,Not Applicable,Not Applicable,303,Not Applicable,0,,
2024-07-08 14:29:00,CNR2614247673,Success,CID770530,eBike,Banashankari,Yeshwanthpur,35.0,45.0,Not Applicable,Not Applicable,No,Not Applicable,2210,Cash,4,3.0,4.7
2024-07-20 00:40:00,CNR6790820516,Success,CID154324,Bike,Kammanahalli,RT Nagar,35.0,95.0,Not Applicable,Not Applicable,No,Not Applicable,284,Cash,12,3.5,4.2
2024-07-23 07:09:00,CNR4913126238,Canceled by Driver,CID478000,Prime Plus,MG Road,Bannerghatta Road,,,Not Applicable,Customer related issue,Not Applicable,Not Applicable,553,Not Applicable,0,,
2024-07-07 10:00:00,CNR7252382927,Driver Not Found,CID247310,eBike,Sarjapur Road,Kammanahalli,,,Not Applicable,Not Applicable,Not Applicable,Not Applicable,575,Not Applicable,0,,
2024-07-19 23:21:00,CNR9947097063,Canceled by Customer,CID540543,Prime Plus,Indiranagar,Ramamurthy Nagar,,,Change of plans,Not Applicable,Not Applicable,Not Applicable,288,Not Applicable,0,,
2024-07-18 18:25:00,CNR8966332199,Canceled by Driver,CID580816,Prime SUV,HSR Layout,Hennur,,,Not Applicable,More than permitted people in there,Not Applicable,Not Applicable,493,Not Applicable,0,,
2024-07-12 17:07:00,CNR5406032113,Success,CID954255,Bike,Ulsoor,Tumkur Road,98.0,60.0,Not Applicable,Not Applicable,No,Not Applicable,581,Credit Card,21,4.4,4.7
2024-07-10 05:44:00,CNR3910838567,Success,CID754232,Mini,Kengeri,Banashankari,231.0,55.0,Not Applicable,Not Applicable,No,Not Applicable,339,UPI,26,3.2,3.1
2024-07-14 17:15:00,CNR8266378844,Canceled by Customer,CID537263,eBike,Cox Town,Whitefield,,,AC is Not working,Not Applicable,Not Applicable,Not Applicable,187,Not Applicable,0,,
2024-07-03 16:55:00,CNR6740627909,Success,CID592764,Prime SUV,Jayanagar,Peenya,119.0,140.0,Not Applicable,Not Applicable,No,Not Applicable,489,Cash,35,4.7,3.9
2024-07-03 03:18:00,CNR2080050496,Success,CID132290,Mini,Yeshwanthpur,JP Nagar,175.0,105.0,Not Applicable,Not Applicable,No,Not Applicable,494,Cash,19,4.8,3.1
2024-07-03 16:21:00,CNR9199508251,Success,CID898911,Prime SUV,Hennur,Jayanagar,168.0,70.0,Not Applicable,Not Applicable,No,Not Applicable,351,Cash,24,3.6,3.6
2024-07-02 05:27:00,CNR9982698454,Canceled by Driver,CID355376,Mini,Tumkur Road,RT Nagar,,,Not Applicable,Personal & Car related issue,Not Applicable,Not Applicable,215,Not Applicable,0,,
2024-07-08 20:10:00,CNR1944834936,Driver Not Found,CID452777,Prime SUV,Jayanagar,Kammanahalli,,,Not Applicable,Not Applicable,Not Applicable,Not Applicable,435,Not Applicable,0,,
2024-07-12 08:25:00,CNR5788105269,Success,CID806692,eBike,JP Nagar,Nagarbhavi,56.0,50.0,Not Applicable,Not Applicable,No,Not Applicable,234,UPI,7,4.4,4.3
2024-07-15 08:47:00,CNR1187753320,Success,CID147259,Prime Sedan,Bellandur,Padmanabhanagar,154.0,85.0,Not Applicable,Not Applicable,Yes,Vehicle Breakdown,170,Cash,46,3.0,4.1
2024-07-13 03:28:00,CNR5143012846,Success,CID120813,Bike,Bellandur,Jayanagar,98.0,75.0,Not Applicable,Not Applicable,No,Not Applicable,2859,Cash,39,4.1,4.7
2024-07-15 15:17:00,CNR9824154260,Success,CID727515,Auto,BTM Layout,Hebbal,98.0,90.0,Not Applicable,Not Applicable,No,Not Applicable,2229,Cash,8,3.3,4.7
2024-07-25 22:44:00,CNR4690356181,Success,CID748523,Mini,Bellandur,Majestic,203.0,25.0,Not Applicable,Not Applicable,No,Not Applicable,930,UPI,2,3.9,3.2
2024-07-03 21:09:00,CNR3637391242,Success,CID318988,eBike,Bellandur,Cox Town,224.0,80.0,Not Applicable,Not Applicable,Yes,Customer Demand,716,Credit Card,23,4.9,3.7
2024-07-28 12:54:00,CNR9205273579,Success,CID175568,Prime SUV,Ramamurthy Nagar,Hennur,273.0,60.0,Not Applicable,Not Applicable,No,Not Applicable,150,UPI,30,4.2,4.2
2024-07-03 16:00:00,CNR2379940362,Success,CID578296,Mini,Koramangala,Kengeri,203.0,60.0,Not Applicable,Not Applicable,No,Not Applicable,877,Cash,11,4.6,4.3
2024-07-16 21:07:00,CNR7201474408,Canceled by Driver,CID925929,eBike,Tumkur Road,Bannerghatta Road,,,Not Applicable,More than permitted people in there,Not Applicable,Not Applicable,285,Not Applicable,0,,
2024-07-24 01:27:00,CNR9420624657,Success,CID654474,Prime Plus,Yeshwanthpur,Chickpet,63.0,25.0,Not Applicable,Not Applicable,No,Not Applicable,2331,Cash,14,3.3,4.7
2024-07-08 16:39:00,CNR8406143258,Success,CID550264,Prime SUV,RT Nagar,Hebbal,203.0,60.0,Not Applicable,Not Applicable,No,Not Applicable,118,Cash,46,4.1,4.2
2024-07-02 11:05:00,CNR2562418719,Canceled by Driver,CID190262,Prime Plus,RT Nagar,Ramamurthy Nagar,,,Not Applicable,Personal & Car related issue,Not Applicable,Not Applicable,407,Not Applicable,0,,
2024-07-03 15:51:00,CNR4028440565,Driver Not Found,CID320472,Prime SUV,Yeshwanthpur,Hosur Road,,,Not Applicable,Not Applicable,Not Applicable,Not Applicable,221,Not Applicable,0,,
2024-07-17 22:10:00,CNR5477303556,Canceled by Customer,CID733272,eBike,Peenya,Hulimavu,,,AC is Not working,Not Applicable,Not Applicable,Not Applicable,174,Not Applicable,0,,
2024-07-03 02:33:00,CNR3047275872,Canceled by Customer,CID258928,Bike,Kadugodi,BTM Layout,,,Wrong Address,Not Applicable,Not Applicable,Not Applicable,342,Not Applicable,0,,
2024-07-26 20:25:00,CNR3484562303,Success,CID244048,Auto,Hulimavu,JP Nagar,70.0,135.0,Not Applicable,Not Applicable,No,Not Applicable,129,UPI,6,4.3,4.2
2024-07-27 06:22:00,CNR8589438217,Driver Not Found,CID955868,Mini,Shivajinagar,Tumkur Road,,,Not Applicable,Not Applicable,Not Applicable,Not Applicable,321,Not Applicable,0,,
2024-07-24 21:21:00,CNR3880833119,Success,CID572570,Prime Plus,Hennur,Chamarajpet,105.0,75.0,Not Applicable,Not Applicable,No,Not Applicable,1399,Cash,20,4.8,3.5
2024-07-22 17:13:00,CNR4934640824,Success,CID471544,Mini,Bellandur,Devanahalli,133.0,100.0,Not Applicable,Not Applicable,No,Not Applicable,388,Cash,45,4.9,4.8
2024-07-26 01:42:00,CNR8214492900,Success,CID232356,Bike,Peenya,HSR Layout,126.0,90.0,Not Applicable,Not Applicable,No,Not Applicable,752,Cash,36,3.9,4.6
2024-07-11 02:53:00,CNR9253326687,Success,CID425459,Prime Plus,Malleshwaram,Vijayanagar,35.0,95.0,Not Applicable,Not Applicable,Yes,Vehicle Breakdown,2718,UPI,26,3.2,3.3
2024-07-17 10:37:00,CNR8402892361,Driver Not Found,CID248674,Prime Plus,Vijayanagar,HSR Layout,,,Not Applicable,Not Applicable,Not Applicable,Not Applicable,2074,Not Applicable,0,,
2024-07-17 20:59:00,CNR8012254351,Success,CID465547,Bike,Devanahalli,Bellandur,189.0,60.0,Not Applicable,Not Applicable,Yes,Vehicle Breakdown,2534,Cash,45,4.9,5.0
2024-07-03 20:27:00,CNR8439461958,Success,CID604701,Prime Plus,Vijayanagar,Malleshwaram,231.0,125.0,Not Applicable,Not Applicable,No,Not Applicable,2384,Credit Card,36,3.0,4.1
2024-07-10 14:12:00,CNR5129421764,Driver Not Found,CID951492,Auto,Yelahanka,RT Nagar,,,Not Applicable,Not Applicable,Not Applicable,Not Applicable,411,Not Applicable,0,,
2024-07-15 11:24:00,CNR7427647329,Success,CID673360,eBike,JP Nagar,Chickpet,42.0,100.0,Not Applicable,Not Applicable,No,Not Applicable,389,Cash,33,4.4,3.7
2024-07-19 05:19:00,CNR1263598063,Success,CID815426,Mini,Whitefield,Yeshwanthpur,154.0,120.0,Not Applicable,Not Applicable,No,Not Applicable,268,Cash,46,3.3,5.0
2024-07-08 08:55:00,CNR2667692249,Success,CID191059,Auto,Chamarajpet,Cox Town,147.0,95.0,Not Applicable,Not Applicable,No,Not Applicable,178,UPI,15,3.6,3.1
2024-07-12 02:43:00,CNR4206220297,Canceled by Driver,CID743929,Bike,HSR Layout,Rajajinagar,,,Not Applicable,Customer was coughing/sick,Not Applicable,Not Applicable,477,Not Applicable,0,,
2024-07-14 20:32:00,CNR6400868202,Success,CID918509,Bike,HSR Layout,Jayanagar,224.0,60.0,Not Applicable,Not Applicable,No,Not Applicable,802,Cash,45,4.1,4.1
2024-07-07 05:50:00,CNR2257496625,Success,CID574883,Mini,Hebbal,Chamarajpet,161.0,60.0,Not Applicable,Not Applicable,No,Not Applicable,266,Cash,2,4.8,5.0
2024-07-11 21:18:00,CNR1138092591,Driver Not Found,CID387542,Bike,Ulsoor,Frazer Town,,,Not Applicable,Not Applicable,Not Applicable,Not Applicable,409,Not Applicable,0,,
2024-07-13 11:55:00,CNR1894062928,Success,CID915839,Prime Plus,Sarjapur Road,Malleshwaram,287.0,75.0,Not Applicable,Not Applicable,No,Not Applicable,281,Cash,8,3.7,3.9
2024-07-10 01:41:00,CNR3158888084,Success,CID515031,Prime SUV,Sahakar Nagar,Indiranagar,112.0,120.0,Not Applicable,Not Applicable,No,Not Applicable,261,Cash,45,4.8,3.3
2024-07-11 22:21:00,CNR7650303247,Success,CID369858,Prime SUV,Kengeri,Magadi Road,140.0,125.0,Not Applicable,Not Applicable,No,Not Applicable,286,UPI,2,3.9,3.3
2024-07-03 12:35:00,CNR7070772949,Success,CID134013,Prime SUV,Langford Town,Jayanagar,245.0,125.0,Not Applicable,Not Applicable,No,Not Applicable,114,UPI,47,4.5,3.7
2024-07-29 09:31:00,CNR7654262313,Success,CID198302,Auto,Whitefield,Whitefield,196.0,75.0,Not Applicable,Not Applicable,No,Not Applicable,448,Cash,13,4.7,4.8
2024-07-14 20:52:00,CNR7679886325,Success,CID530614,Auto,Padmanabhanagar,Langford Town,168.0,50.0,Not Applicable,Not Applicable,No,Not Applicable,911,Cash,19,4.0,4.4
2024-07-22 04:34:00,CNR3357264959,Success,CID424158,Auto,Kammanahalli,HSR Layout,238.0,70.0,Not Applicable,Not Applicable,No,Not Applicable,152,Cash,12,3.6,4.8
2024-07-26 00:16:00,CNR1268437845,Success,CID991825,Auto,Peenya,BTM Layout,287.0,125.0,Not Applicable,Not Applicable,No,Not Applicable,287,UPI,14,4.3,4.8
2024-07-09 09:45:00,CNR5949708260,Success,CID970600,Prime Plus,Electronic City,Indiranagar,140.0,40.0,Not Applicable,Not Applicable,No,Not Applicable,1814,Cash,47,3.6,3.9
2024-07-29 00:54:00,CNR6393351988,Success,CID243389,Prime SUV,Richmond Town,Majestic,154.0,105.0,Not Applicable,Not Applicable,No,Not Applicable,195,UPI,29,3.5,4.4
2024-07-27 08:47:00,CNR6084377689,Driver Not Found,CID609691,Prime Plus,Basavanagudi,Kengeri,,,Not Applicable,Not Applicable,Not Applicable,Not Applicable,129,Not Applicable,0,,
2024-07-12 15:00:00,CNR4326216731,Driver Not Found,CID465330,eBike,Kengeri,Mysore Road,,,Not Applicable,Not Applicable,Not Applicable,Not Applicable,102,Not Applicable,0,,
2024-07-26 01:45:00,CNR4244175344,Success,CID594464,Bike,Peenya,Devanahalli,210.0,35.0,Not Applicable,Not Applicable,No,Not Applicable,124,Cash,1,3.3,4.6
2024-07-18 01:52:00,CNR1810294571,Driver Not Found,CID910375,Prime Plus,MG Road,Hosur Road,,,Not Applicable,Not Applicable,Not Applicable,Not Applicable,449,Not Applicable,0,,
2024-07-16 05:27:00,CNR9848008174,Success,CID382754,Auto,Electronic City,Electronic City,49.0,55.0,Not Applicable,Not Applicable,No,Not Applicable,742,Cash,3,4.6,4.3
2024-07-18 22:53:00,CNR9683924400,Success,CID330123,Auto,Mysore Road,Magadi Road,126.0,55.0,Not Applicable,Not Applicable,No,Not Applicable,241,UPI,7,3.6,4.4
2024-07-06 02:18:00,CNR5072983594,Success,CID957275,Prime Plus,Varthur,Ulsoor,245.0,60.0,Not Applicable,Not Applicable,No,Not Applicable,909,Cash,22,4.5,3.6
2024-07-06 07:31:00,CNR7205982884,Success,CID459567,Mini,Nagarbhavi,Bellandur,210.0,100.0,Not Applicable,Not Applicable,No,Not Applicable,243,Cash,26,4.0,4.4
2024-07-22 15:26:00,CNR6898962517,Success,CID543135,Prime Sedan,Kengeri,Hennur,77.0,145.0,Not Applicable,Not Applicable,No,Not Applicable,492,UPI,27,4.8,4.6
2024-07-30 16:33:00,CNR8834733252,Success,CID327368,eBike,Tumkur Road,Frazer Town,259.0,35.0,Not Applicable,Not Applicable,No,Not Applicable,217,Cash,25,3.6,4.7
2024-07-15 20:27:00,CNR7676895591,Success,CID480625,Bike,Rajarajeshwari Nagar,Peenya,42.0,35.0,Not Applicable,Not Applicable,No,Not Applicable,304,UPI,36,3.2,3.9
2024-07-04 19:50:00,CNR5920721293,Canceled by Driver,CID369547,Mini,Rajajinagar,Padmanabhanagar,,,Not Applicable,More than permitted people in there,Not Applicable,Not Applicable,914,Not Applicable,0,,
2024-07-12 10:01:00,CNR1825181027,Canceled by Customer,CID885113,Prime Sedan,Hebbal,Shivajinagar,,,Change of plans,Not Applicable,Not Applicable,Not Applicable,243,Not Applicable,0,,
2024-07-10 07:40:00,CNR6415614164,Success,CID118982,eBike,Sahakar Nagar,Jayanagar,105.0,140.0,Not Applicable,Not Applicable,No,Not Applicable,420,UPI,42,4.5,4.1
2024-07-30 23:55:00,CNR3066856839,Success,CID317877,Auto,Jayanagar,Vijayanagar,301.0,35.0,Not Applicable,Not Applicable,No,Not Applicable,680,Cash,6,4.4,3.1
2024-07-11 10:47:00,CNR1386985501,Driver Not Found,CID594824,Mini,Yelahanka,KR Puram,,,Not Applicable,Not Applicable,Not Applicable,Not Applicable,791,Not Applicable,0,,
2024-07-10 01:37:00,CNR8345074221,Canceled by Customer,CID992849,Prime Sedan,Majestic,Shivajinagar,,,Driver asked to cancel,Not Applicable,Not Applicable,Not Applicable,846,Not Applicable,0,,
2024-07-27 22:44:00,CNR4267363186,Success,CID105150,eBike,Hennur,Langford Town,308.0,95.0,Not Applicable,Not Applicable,No,Not Applicable,114,Credit Card,25,5.0,4.7
2024-07-10 11:21:00,CNR8097596957,Success,CID801631,Mini,BTM Layout,Basavanagudi,273.0,100.0,Not Applicable,Not Applicable,No,Not Applicable,200,Credit Card,13,4.0,3.1
2024-07-23 11:53:00,CNR9951982640,Success,CID762800,eBike,RT Nagar,Yelahanka,35.0,55.0,Not Applicable,Not Applicable,No,Not Applicable,2862,Cash,21,4.7,3.9
2024-07-25 08:58:00,CNR4195617819,Canceled by Driver,CID299604,Prime SUV,Rajarajeshwari Nagar,Hennur,,,Not Applicable,More than permitted people in there,Not Applicable,Not Applicable,834,Not Applicable,0,,
2024-07-30 11:20:00,CNR3376621108,Driver Not Found,CID797335,Prime Plus,JP Nagar,Varthur,,,Not Applicable,Not Applicable,Not Applicable,Not Applicable,269,Not Applicable,0,,
2024-07-24 20:34:00,CNR2093580968,Success,CID129679,Prime Sedan,Richmond Town,Basavanagudi,77.0,120.0,Not Applicable,Not Applicable,No,Not Applicable,218,Debit Card,33,3.9,4.8
2024-07-28 02:51:00,CNR3611927752,Success,CID829214,eBike,Richmond Town,Bellandur,49.0,90.0,Not Applicable,Not Applicable,No,Not Applicable,344,Cash,30,3.4,4.7
2024-07-02 05:13:00,CNR4246923025,Success,CID268759,Prime Plus,Langford Town,Malleshwaram,35.0,110.0,Not Applicable,Not Applicable,No,Not Applicable,138,Cash,2,3.9,4.9
2024-07-07 14:59:00,CNR2062913264,Success,CID728971,Mini,Hosur Road,Whitefield,203.0,70.0,Not Applicable,Not Applicable,No,Not Applicable,113,UPI,6,3.2,4.8
2024-07-30 16:42:00,CNR7104848151,Success,CID798853,Prime Plus,Yelahanka,Nagarbhavi,91.0,100.0,Not Applicable,Not Applicable,No,Not Applicable,268,UPI,23,3.7,3.3
2024-07-06 00:34:00,CNR6551407275,Success,CID678363,Prime Sedan,Yeshwanthpur,Koramangala,91.0,110.0,Not Applicable,Not Applicable,No,Not Applicable,105,UPI,30,3.9,4.9
2024-07-03 05:26:00,CNR8824384495,Canceled by Driver,CID798022,Bike,Hennur,Varthur,,,Not Applicable,Customer related issue,Not Applicable,Not Applicable,640,Not Applicable,0,,
2024-07-20 13:12:00,CNR1050919546,Canceled by Customer,CID566554,Mini,Kadugodi,Kadugodi,,,Driver is not moving towards pickup location,Not Applicable,Not Applicable,Not Applicable,893,Not Applicable,0,,
2024-07-07 07:15:00,CNR6251702330,Success,CID540959,Auto,Mysore Road,Rajarajeshwari Nagar,224.0,85.0,Not Applicable,Not Applicable,No,Not Applicable,336,Cash,1,4.0,3.6
2024-07-10 23:41:00,CNR5590324006,Canceled by Customer,CID747243,Prime Plus,Bellandur,Kadugodi,,,Driver is not moving towards pickup location,Not Applicable,Not Applicable,Not Applicable,398,Not Applicable,0,,
2024-07-28 02:29:00,CNR5969520880,Success,CID126221,Auto,Mysore Road,Yelahanka,168.0,40.0,Not Applicable,Not Applicable,No,Not Applicable,382,Cash,8,4.4,4.5
2024-07-20 19:05:00,CNR3047078369,Success,CID672431,eBike,Hosur Road,Shivajinagar,140.0,40.0,Not Applicable,Not Applicable,No,Not Applicable,843,UPI,41,4.1,3.8
2024-07-18 10:57:00,CNR8703867072,Success,CID249433,Prime SUV,BTM Layout,Sahakar Nagar,259.0,35.0,Not Applicable,Not Applicable,No,Not Applicable,833,UPI,35,4.4,4.1
2024-07-20 20:04:00,CNR5888015432,Canceled by Driver,CID647234,eBike,Langford Town,JP Nagar,,,Not Applicable,Customer related issue,Not Applicable,Not Applicable,786,Not Applicable,0,,
2024-07-14 07:57:00,CNR9544516001,Canceled by Driver,CID547134,Prime Sedan,Nagarbhavi,BTM Layout,,,Not Applicable,Personal & Car related issue,Not Applicable,Not Applicable,2227,Not Applicable,0,,
2024-07-27 09:03:00,CNR8150722202,Success,CID981552,Prime Plus,Kengeri,Indiranagar,84.0,115.0,Not Applicable,Not Applicable,No,Not Applicable,314,UPI,2,3.1,4.6
2024-07-15 12:34:00,CNR6688469674,Canceled by Driver,CID473970,Mini,Chamarajpet,Kammanahalli,,,Not Applicable,More than permitted people in there,Not Applicable,Not Applicable,165,Not Applicable,0,,
2024-07-05 22:33:00,CNR4399171525,Success,CID546709,Bike,Chickpet,Hebbal,140.0,75.0,Not Applicable,Not Applicable,No,Not Applicable,185,UPI,29,4.3,3.3
2024-07-22 09:17:00,CNR1036665137,Canceled by Driver,CID191713,Prime Plus,Peenya,Yelahanka,,,Not Applicable,Customer related issue,Not Applicable,Not Applicable,415,Not Applicable,0,,
2024-07-10 20:27:00,CNR6972646897,Canceled by Driver,CID498362,eBike,Whitefield,Kengeri,,,Not Applicable,Personal & Car related issue,Not Applicable,Not Applicable,233,Not Applicable,0,,
2024-07-06 03:21:00,CNR6765914019,Success,CID249002,Bike,Rajajinagar,Koramangala,147.0,125.0,Not Applicable,Not Applicable,No,Not Applicable,277,Cash,17,4.0,4.5
2024-07-11 03:23:00,CNR5565659627,Success,CID714601,Prime Sedan,Nagarbhavi,Magadi Road,245.0,25.0,Not Applicable,Not Applicable,No,Not Applicable,107,Cash,15,3.4,3.6
2024-07-24 15:12:00,CNR7844920963,Success,CID221264,Prime Plus,Rajarajeshwari Nagar,Hennur,308.0,85.0,Not Applicable,Not Applicable,No,Not Applicable,415,UPI,9,5.0,3.1
2024-07-29 17:37:00,CNR1385462974,Driver Not Found,CID767212,Mini,Chickpet,Kammanahalli,,,Not Applicable,Not Applicable,Not Applicable,Not Applicable,278,Not Applicable,0,,
2024-07-09 05:31:00,CNR2240675614,Success,CID286426,Bike,Kammanahalli,Nagarbhavi,175.0,125.0,Not Applicable,Not Applicable,No,Not Applicable,361,Cash,34,4.1,4.5
2024-07-01 04:33:00,CNR2368963737,Success,CID166533,Bike,Magadi Road,Peenya,154.0,65.0,Not Applicable,Not Applicable,No,Not Applicable,116,UPI,26,4.9,3.8
2024-07-17 23:12:00,CNR5969445844,Canceled by Driver,CID443494,Prime SUV,Vijayanagar,Rajarajeshwari Nagar,,,Not Applicable,Personal & Car related issue,Not Applicable,Not Applicable,350,Not Applicable,0,,
2024-07-09 11:44:00,CNR2619830388,Success,CID710852,Prime Plus,Padmanabhanagar,KR Puram,63.0,115.0,Not Applicable,Not Applicable,No,Not Applicable,305,Cash,16,4.9,4.2
2024-07-22 17:32:00,CNR3512018449,Canceled by Driver,CID703930,Prime SUV,Bannerghatta Road,Nagarbhavi,,,Not Applicable,Personal & Car related issue,Not Applicable,Not Applicable,619,Not Applicable,0,,
2024-07-15 04:29:00,CNR8928617518,Driver Not Found,CID361623,Bike,Banashankari,MG Road,,,Not Applicable,Not Applicable,Not Applicable,Not Applicable,452,Not Applicable,0,,
2024-07-09 15:02:00,CNR5029663425,Success,CID764601,Mini,Richmond Town,Electronic City,140.0,60.0,Not Applicable,Not Applicable,No,Not Applicable,530,UPI,44,4.9,4.5
2024-07-13 06:14:00,CNR4408795883,Success,CID958429,Prime Plus,Rajajinagar,Richmond Town,308.0,105.0,Not Applicable,Not Applicable,No,Not Applicable,354,Cash,34,4.9,4.4
2024-07-02 16:13:00,CNR1635872592,Success,CID634951,Bike,Magadi Road,Varthur,224.0,35.0,Not Applicable,Not Applicable,No,Not Applicable,442,Cash,33,4.7,4.6
2024-07-02 23:49:00,CNR1317519472,Success,CID870499,Auto,Yelahanka,Shantinagar,182.0,80.0,Not Applicable,Not Applicable,No,Not Applicable,494,UPI,9,4.9,4.8
2024-07-29 04:49:00,CNR4747493255,Driver Not Found,CID153122,Mini,Koramangala,Electronic City,,,Not Applicable,Not Applicable,Not Applicable,Not Applicable,746,Not Applicable,0,,
2024-07-19 11:16:00,CNR7459269536,Success,CID574994,eBike,Chamarajpet,Majestic,70.0,30.0,Not Applicable,Not Applicable,No,Not Applicable,352,UPI,49,4.5,4.7
2024-07-22 14:28:00,CNR6248450220,Success,CID540065,Mini,Majestic,Banashankari,161.0,130.0,Not Applicable,Not Applicable,No,Not Applicable,2655,Cash,23,4.1,4.2
2024-07-03 04:33:00,CNR9826139864,Success,CID183676,Bike,Varthur,Rajarajeshwari Nagar,308.0,30.0,Not Applicable,Not Applicable,No,Not Applicable,312,UPI,43,3.9,3.4
2024-07-06 11:21:00,CNR2674297056,Canceled by Customer,CID577521,Auto,Tumkur Road,Hosur Road,,,Wrong Address,Not Applicable,Not Applicable,Not Applicable,367,Not Applicable,0,,
2024-07-29 13:06:00,CNR7523822998,Canceled by Driver,CID897058,eBike,Majestic,Langford Town,,,Not Applicable,Personal & Car related issue,Not Applicable,Not Applicable,608,Not Applicable,0,,
2024-07-29 02:51:00,CNR4598323787,Success,CID733826,Prime SUV,Magadi Road,Kadugodi,252.0,95.0,Not Applicable,Not Applicable,Yes,Customer Demand,395,Cash,31,3.0,4.2
2024-07-05 14:24:00,CNR3359853357,Canceled by Driver,CID171384,Prime Plus,Shivajinagar,Whitefield,,,Not Applicable,Personal & Car related issue,Not Applicable,Not Applicable,312,Not Applicable,0,,
2024-07-25 07:08:00,CNR7377898176,Success,CID950381,Prime Plus,Koramangala,Mysore Road,63.0,75.0,Not Applicable,Not Applicable,No,Not Applicable,1801,Cash,12,4.0,4.5
2024-07-11 15:59:00,CNR3823663366,Driver Not Found,CID698625,eBike,Vijayanagar,Ramamurthy Nagar,,,Not Applicable,Not Applicable,Not Applicable,Not Applicable,209,Not Applicable,0,,
2024-07-19 15:16:00,CNR1680769685,Canceled by Driver,CID644461,Auto,Peenya,Bannerghatta Road,,,Not Applicable,Customer was coughing/sick,Not Applicable,Not Applicable,1130,Not Applicable,0,,
2024-07-16 19:05:00,CNR8040613489,Canceled by Driver,CID915841,Prime Sedan,Yelahanka,Basavanagudi,,,Not Applicable,Customer was coughing/sick,Not Applicable,Not Applicable,418,Not Applicable,0,,
2024-07-21 22:17:00,CNR4924892431,Success,CID191704,Prime Sedan,HSR Layout,Whitefield,98.0,40.0,Not Applicable,Not Applicable,No,Not Applicable,451,UPI,37,4.9,3.6
2024-07-10 06:22:00,CNR4838588703,Success,CID274838,Bike,BTM Layout,Rajarajeshwari Nagar,196.0,135.0,Not Applicable,Not Applicable,No,Not Applicable,852,UPI,12,4.5,3.6
2024-07-13 21:18:00,CNR9339696802,Canceled by Customer,CID180356,Auto,Langford Town,Cox Town,,,AC is Not working,Not Applicable,Not Applicable,Not Applicable,201,Not Applicable,0,,
2024-07-08 21:32:00,CNR2124052258,Success,CID160263,Auto,Nagarbhavi,Electronic City,126.0,40.0,Not Applicable,Not Applicable,No,Not Applicable,332,Cash,7,4.6,3.4
2024-07-07 21:24:00,CNR1445970127,Success,CID150073,Prime SUV,Ulsoor,MG Road,140.0,70.0,Not Applicable,Not Applicable,No,Not Applicable,126,Cash,12,4.5,4.6
2024-07-19 01:56:00,CNR3734810805,Canceled by Driver,CID463967,Prime SUV,BTM Layout,Kadugodi,,,Not Applicable,Customer was coughing/sick,Not Applicable,Not Applicable,447,Not Applicable,0,,
2024-07-02 13:19:00,CNR9715662400,Success,CID410918,Mini,Langford Town,Koramangala,42.0,65.0,Not Applicable,Not Applicable,No,Not Applicable,163,UPI,41,4.1,4.3
2024-07-02 11:07:00,CNR2497745347,Driver Not Found,CID490722,Bike,BTM Layout,Malleshwaram,,,Not Applicable,Not Applicable,Not Applicable,Not Applicable,808,Not Applicable,0,,
2024-07-14 04:42:00,CNR3838635610,Driver Not Found,CID260525,Bike,Banashankari,KR Puram,,,Not Applicable,Not Applicable,Not Applicable,Not Applicable,102,Not Applicable,0,,
2024-07-02 23:02:00,CNR6468431102,Success,CID201476,Auto,Frazer Town,Jayanagar,70.0,55.0,Not Applicable,Not Applicable,No,Not Applicable,161,UPI,3,4.6,3.1
2024-07-26 09:39:00,CNR2553804122,Success,CID197477,Prime Sedan,Rajajinagar,Frazer Town,294.0,50.0,Not Applicable,Not Applicable,Yes,Customer Demand,299,Credit Card,40,3.9,3.2
2024-07-30 04:52:00,CNR3663732072,Success,CID298146,Mini,RT Nagar,Peenya,301.0,70.0,Not Applicable,Not Applicable,No,Not Applicable,583,UPI,12,4.8,3.0
2024-07-21 23:51:00,CNR5751052954,Success,CID169830,Prime SUV,Devanahalli,RT Nagar,301.0,100.0,Not Applicable,Not Applicable,Yes,Vehicle Breakdown,859,Cash,42,3.7,3.2
2024-07-10 03:53:00,CNR2708428534,Driver Not Found,CID998134,eBike,Frazer Town,Langford Town,,,Not Applicable,Not Applicable,Not Applicable,Not Applicable,421,Not Applicable,0,,
2024-07-25 08:07:00,CNR3498937446,Canceled by Customer,CID662263,Prime Plus,Yeshwanthpur,Kengeri,,,Change of plans,Not Applicable,Not Applicable,Not Applicable,181,Not Applicable,0,,
2024-07-18 21:02:00,CNR9173238752,Success,CID989167,Prime Sedan,Nagarbhavi,Chamarajpet,182.0,60.0,Not Applicable,Not Applicable,No,Not Applicable,1902,Credit Card,10,4.7,4.5
2024-07-10 21:09:00,CNR1654443943,Canceled by Customer,CID164226,eBike,Shantinagar,JP Nagar,,,Wrong Address,Not Applicable,Not Applicable,Not Applicable,157,Not Applicable,0,,
2024-07-02 00:29:00,CNR7543714243,Canceled by Driver,CID302258,Bike,Kengeri,MG Road,,,Not Applicable,Customer related issue,Not Applicable,Not Applicable,467,Not Applicable,0,,
2024-07-18 01:06:00,CNR1635235656,Canceled by Customer,CID252385,Mini,Varthur,Bellandur,,,Change of plans,Not Applicable,Not Applicable,Not Applicable,1794,Not Applicable,0,,
2024-07-01 15:07:00,CNR3730388414,Driver Not Found,CID411509,Bike,Frazer Town,Whitefield,,,Not Applicable,Not Applicable,Not Applicable,Not Applicable,224,Not Applicable,0,,
2024-07-02 03:57:00,CNR2774850110,Success,CID323703,Prime Sedan,Kammanahalli,Langford Town,70.0,65.0,Not Applicable,Not Applicable,No,Not Applicable,261,Cash,20,4.5,3.2
2024-07-12 16:36:00,CNR3499527999,Driver Not Found,CID535105,Mini,Shivajinagar,Varthur,,,Not Applicable,Not Applicable,Not Applicable,Not Applicable,130,Not Applicable,0,,
2024-07-17 02:05:00,CNR5727731100,Driver Not Found,CID488921,Bike,Richmond Town,Koramangala,,,Not Applicable,Not Applicable,Not Applicable,Not Applicable,1581,Not Applicable,0,,
2024-07-14 00:52:00,CNR7788114723,Success,CID936752,eBike,Electronic City,Ramamurthy Nagar,308.0,140.0,Not Applicable,Not Applicable,No,Not Applicable,466,Cash,37,4.9,3.8
2024-07-03 10:13:00,CNR3810643641,Success,CID181480,Prime Plus,Cox Town,Varthur,196.0,80.0,Not Applicable,Not Applicable,No,Not Applicable,127,UPI,37,4.9,4.5
2024-07-08 15:21:00,CNR9510199532,Success,CID943401,Bike,Rajarajeshwari Nagar,Bellandur,217.0,115.0,Not Applicable,Not Applicable,No,Not Applicable,481,Cash,9,4.7,4.8
2024-07-22 08:26:00,CNR8611183796,Success,CID662032,Bike,Varthur,Varthur,196.0,130.0,Not Applicable,Not Applicable,No,Not Applicable,446,UPI,47,3.6,5.0
2024-07-07 04:18:00,CNR2549557717,Driver Not Found,CID996216,Prime Plus,Kammanahalli,Nagarbhavi,,,Not Applicable,Not Applicable,Not Applicable,Not Applicable,297,Not Applicable,0,,
2024-07-05 22:38:00,CNR3188059827,Canceled by Driver,CID296346,Prime Plus,Sahakar Nagar,Frazer Town,,,Not Applicable,Customer was coughing/sick,Not Applicable,Not Applicable,704,Not Applicable,0,,
2024-07-23 20:51:00,CNR7300227342,Success,CID244019,Prime Sedan,Varthur,Mysore Road,301.0,135.0,Not Applicable,Not Applicable,No,Not Applicable,170,Credit Card,8,4.5,3.6
2024-07-13 01:59:00,CNR9862564227,Success,CID952069,Prime SUV,Bellandur,Rajajinagar,273.0,65.0,Not Applicable,Not Applicable,No,Not Applicable,209,UPI,9,4.3,4.8
2024-07-16 22:07:00,CNR4565752993,Driver Not Found,CID815369,Auto,Tumkur Road,Richmond Town,,,Not Applicable,Not Applicable,Not Applicable,Not Applicable,131,Not Applicable,0,,
2024-07-07 12:34:00,CNR1113044416,Driver Not Found,CID106659,Prime SUV,Shantinagar,Tumkur Road,,,Not Applicable,Not Applicable,Not Applicable,Not Applicable,246,Not Applicable,0,,
2024-07-06 23:16:00,CNR4361372701,Success,CID230150,Auto,Richmond Town,MG Road,273.0,35.0,Not Applicable,Not Applicable,No,Not Applicable,453,UPI,8,3.7,4.9
2024-07-06 19:01:00,CNR1314067054,Success,CID501378,Mini,Chickpet,Chamarajpet,252.0,120.0,Not Applicable,Not Applicable,No,Not Applicable,287,Credit Card,42,3.9,4.6
2024-07-19 18:32:00,CNR9095173863,Success,CID472837,Mini,Sahakar Nagar,Shivajinagar,119.0,130.0,Not Applicable,Not Applicable,No,Not Applicable,817,Cash,21,4.7,3.8
2024-07-11 12:07:00,CNR1086150467,Success,CID429725,Prime Sedan,Bannerghatta Road,Electronic City,301.0,55.0,Not Applicable,Not Applicable,No,Not Applicable,604,UPI,31,5.0,4.2
2024-07-27 01:22:00,CNR2727251197,Success,CID322789,eBike,Indiranagar,Yeshwanthpur,126.0,40.0,Not Applicable,Not Applicable,No,Not Applicable,392,UPI,43,3.8,3.7
2024-07-14 04:04:00,CNR5511274409,Success,CID287306,eBike,Yeshwanthpur,Padmanabhanagar,70.0,50.0,Not Applicable,Not Applicable,No,Not Applicable,260,UPI,33,4.1,4.2
2024-07-08 07:46:00,CNR5906430807,Success,CID160360,Prime Sedan,Chamarajpet,Hosur Road,147.0,130.0,Not Applicable,Not Applicable,No,Not Applicable,286,Cash,30,4.5,3.2
2024-07-02 18:46:00,CNR2700122997,Success,CID453346,Mini,Langford Town,Kadugodi,308.0,75.0,Not Applicable,Not Applicable,No,Not Applicable,178,Cash,6,3.2,4.3
2024-07-21 09:32:00,CNR3330659715,Success,CID844986,Mini,Electronic City,Frazer Town,294.0,70.0,Not Applicable,Not Applicable,No,Not Applicable,820,UPI,12,4.2,4.0
2024-07-15 23:05:00,CNR5940427149,Driver Not Found,CID718123,Prime SUV,RT Nagar,RT Nagar,,,Not Applicable,Not Applicable,Not Applicable,Not Applicable,316,Not Applicable,0,,
2024-07-04 15:34:00,CNR1892509499,Success,CID626663,Auto,Peenya,Kengeri,280.0,50.0,Not Applicable,Not Applicable,No,Not Applicable,710,Cash,16,3.7,4.3
2024-07-15 11:55:00,CNR5359249451,Success,CID948233,Bike,Devanahalli,Koramangala,210.0,135.0,Not Applicable,Not Applicable,No,Not Applicable,790,Cash,38,5.0,4.8
2024-07-14 12:59:00,CNR7635997634,Success,CID639081,Mini,Frazer Town,Ramamurthy Nagar,56.0,95.0,Not Applicable,Not Applicable,No,Not Applicable,412,UPI,44,3.9,4.2
2024-07-14 21:44:00,CNR9503372692,Success,CID701368,Auto,Kengeri,Shivajinagar,245.0,130.0,Not Applicable,Not Applicable,No,Not Applicable,218,Cash,12,3.4,3.3
2024-07-27 12:06:00,CNR3887452695,Success,CID919873,Prime SUV,Bellandur,Kadugodi,112.0,135.0,Not Applicable,Not Applicable,No,Not Applicable,382,Cash,6,3.9,3.1
2024-07-21 09:10:00,CNR7363329463,Canceled by Customer,CID444999,Auto,Padmanabhanagar,Koramangala,,,Wrong Address,Not Applicable,Not Applicable,Not Applicable,439,Not Applicable,0,,
2024-07-14 15:14:00,CNR5556239961,Driver Not Found,CID248389,Prime Plus,RT Nagar,Yelahanka,,,Not Applicable,Not Applicable,Not Applicable,Not Applicable,768,Not Applicable,0,,
2024-07-07 04:44:00,CNR8270720139,Canceled by Customer,CID629743,eBike,Majestic,Whitefield,,,Driver asked to cancel,Not Applicable,Not Applicable,Not Applicable,2083,Not Applicable,0,,
2024-07-21 11:02:00,CNR2375063572,Success,CID910449,Prime SUV,Padmanabhanagar,Ramamurthy Nagar,189.0,45.0,Not Applicable,Not Applicable,No,Not Applicable,226,Cash,33,4.8,4.4
2024-07-23 08:06:00,CNR1422566141,Canceled by Customer,CID361191,Auto,Frazer Town,RT Nagar,,,Change of plans,Not Applicable,Not Applicable,Not Applicable,284,Not Applicable,0,,
2024-07-06 12:22:00,CNR5584974932,Canceled by Driver,CID443627,Prime SUV,Kammanahalli,Varthur,,,Not Applicable,Customer was coughing/sick,Not Applicable,Not Applicable,2175,Not Applicable,0,,
2024-07-11 11:18:00,CNR5597562219,Canceled by Customer,CID306655,Prime Plus,Rajarajeshwari Nagar,Hebbal,,,Change of plans,Not Applicable,Not Applicable,Not Applicable,214,Not Applicable,0,,
2024-07-09 01:30:00,CNR7853045671,Canceled by Driver,CID573569,Prime Sedan,Devanahalli,RT Nagar,,,Not Applicable,Customer related issue,Not Applicable,Not Applicable,809,Not Applicable,0,,
2024-07-19 15:36:00,CNR3646162624,Success,CID614241,Prime Plus,Sarjapur Road,Banashankari,280.0,60.0,Not Applicable,Not Applicable,No,Not Applicable,249,UPI,8,3.8,4.9
2024-07-25 05:02:00,CNR6185378462,Success,CID832633,Mini,Sarjapur Road,Magadi Road,70.0,25.0,Not Applicable,Not Applicable,No,Not Applicable,253,UPI,46,4.6,4.6
2024-07-21 14:18:00,CNR7713491163,Canceled by Driver,CID227147,Prime Sedan,Devanahalli,Marathahalli,,,Not Applicable,Customer related issue,Not Applicable,Not Applicable,620,Not Applicable,0,,
2024-07-23 03:26:00,CNR1620918120,Canceled by Driver,CID932380,Auto,Vijayanagar,Chickpet,,,Not Applicable,Personal & Car related issue,Not Applicable,Not Applicable,455,Not Applicable,0,,
2024-07-15 20:36:00,CNR5488904298,Success,CID649680,eBike,Yelahanka,Ulsoor,182.0,95.0,Not Applicable,Not Applicable,No,Not Applicable,384,Cash,16,3.9,3.5
2024-07-30 22:13:00,CNR3639149427,Canceled by Driver,CID250024,Mini,MG Road,Peenya,,,Not Applicable,Customer related issue,Not Applicable,Not Applicable,365,Not Applicable,0,,
2024-07-17 19:20:00,CNR9750457045,Canceled by Driver,CID891805,Auto,Bellandur,Chamarajpet,,,Not Applicable,Personal & Car related issue,Not Applicable,Not Applicable,696,Not Applicable,0,,
2024-07-18 17:52:00,CNR7241827927,Canceled by Driver,CID164496,Mini,RT Nagar,Magadi Road,,,Not Applicable,Personal & Car related issue,Not Applicable,Not Applicable,960,Not Applicable,0,,
2024-07-09 12:09:00,CNR2258124485,Driver Not Found,CID209852,eBike,Chickpet,Hennur,,,Not Applicable,Not Applicable,Not Applicable,Not Applicable,378,Not Applicable,0,,
2024-07-18 16:53:00,CNR1852109823,Success,CID646122,Auto,Frazer Town,KR Puram,301.0,90.0,Not Applicable,Not Applicable,No,Not Applicable,253,Cash,18,3.8,4.7
2024-07-24 23:47:00,CNR1510177116,Success,CID945929,Prime Sedan,Hosur Road,Langford Town,112.0,75.0,Not Applicable,Not Applicable,No,Not Applicable,465,Cash,1,3.9,3.1
2024-07-03 16:06:00,CNR5204482874,Driver Not Found,CID521168,Auto,Nagarbhavi,Mysore Road,,,Not Applicable,Not Applicable,Not Applicable,Not Applicable,397,Not Applicable,0,,
2024-07-28 14:28:00,CNR6735178996,Canceled by Driver,CID850155,Prime SUV,Bannerghatta Road,Chickpet,,,Not Applicable,More than permitted people in there,Not Applicable,Not Applicable,2195,Not Applicable,0,,
2024-07-21 01:07:00,CNR6387173440,Canceled by Driver,CID860521,Auto,Chamarajpet,Shivajinagar,,,Not Applicable,Personal & Car related issue,Not Applicable,Not Applicable,2505,Not Applicable,0,,
2024-07-28 16:57:00,CNR4891898965,Success,CID260558,Prime Sedan,Rajarajeshwari Nagar,Cox Town,245.0,135.0,Not Applicable,Not Applicable,No,Not Applicable,459,UPI,42,4.5,4.5
2024-07-22 09:37:00,CNR3159478670,Success,CID548623,Bike,Malleshwaram,JP Nagar,77.0,25.0,Not Applicable,Not Applicable,No,Not Applicable,716,UPI,20,5.0,3.3
2024-07-18 14:32:00,CNR5263053749,Success,CID875009,eBike,Hosur Road,Hosur Road,63.0,70.0,Not Applicable,Not Applicable,No,Not Applicable,917,Cash,17,3.0,4.6
2024-07-11 19:31:00,CNR6702218007,Success,CID137020,Auto,Banashankari,Hulimavu,133.0,115.0,Not Applicable,Not Applicable,No,Not Applicable,152,UPI,15,3.3,3.2
2024-07-07 17:37:00,CNR8994736900,Success,CID530412,Mini,Yeshwanthpur,Varthur,231.0,85.0,Not Applicable,Not Applicable,No,Not Applicable,476,Cash,12,3.1,4.8
2024-07-22 20:03:00,CNR9966810372,Success,CID225741,Prime SUV,Hulimavu,Shantinagar,196.0,125.0,Not Applicable,Not Applicable,No,Not Applicable,242,Cash,24,3.1,3.8
2024-07-08 12:49:00,CNR3461402113,Success,CID403113,Bike,Whitefield,Devanahalli,133.0,25.0,Not Applicable,Not Applicable,No,Not Applicable,459,UPI,40,3.8,4.6
2024-07-18 15:19:00,CNR8200223646,Success,CID301014,Prime SUV,Rajajinagar,Kengeri,266.0,55.0,Not Applicable,Not Applicable,No,Not Applicable,484,UPI,49,3.0,4.2
2024-07-16 19:58:00,CNR7783269161,Success,CID966964,Prime Plus,Magadi Road,Varthur,203.0,30.0,Not Applicable,Not Applicable,No,Not Applicable,450,UPI,30,3.9,4.9
2024-07-13 02:32:00,CNR4370058916,Success,CID655368,Prime SUV,Whitefield,Chickpet,259.0,70.0,Not Applicable,Not Applicable,No,Not Applicable,324,UPI,6,4.1,3.6
2024-07-21 07:04:00,CNR5575652035,Canceled by Driver,CID761002,Mini,KR Puram,Frazer Town,,,Not Applicable,Personal & Car related issue,Not Applicable,Not Applicable,363,Not Applicable,0,,
2024-07-15 00:10:00,CNR3223152955,Driver Not Found,CID519799,Prime Sedan,Banashankari,Basavanagudi,,,Not Applicable,Not Applicable,Not Applicable,Not Applicable,288,Not Applicable,0,,
2024-07-03 07:30:00,CNR6539053288,Success,CID744677,Bike,Kengeri,Shantinagar,98.0,60.0,Not Applicable,Not Applicable,No,Not Applicable,1088,Cash,28,3.8,3.5
2024-07-10 20:28:00,CNR7357094892,Canceled by Driver,CID484077,Mini,Sarjapur Road,Kengeri,,,Not Applicable,Personal & Car related issue,Not Applicable,Not Applicable,934,Not Applicable,0,,
2024-07-22 13:56:00,CNR3888185142,Canceled by Driver,CID276503,Bike,JP Nagar,JP Nagar,,,Not Applicable,Customer related issue,Not Applicable,Not Applicable,242,Not Applicable,0,,
2024-07-25 18:04:00,CNR3522623546,Success,CID552528,Bike,Devanahalli,Chickpet,77.0,120.0,Not Applicable,Not Applicable,No,Not Applicable,516,Cash,6,3.2,3.2
2024-07-25 01:59:00,CNR3650817335,Canceled by Driver,CID524097,Mini,Electronic City,Kammanahalli,,,Not Applicable,Customer was coughing/sick,Not Applicable,Not Applicable,128,Not Applicable,0,,
2024-07-19 10:07:00,CNR9843685013,Success,CID486735,Mini,Langford Town,Electronic City,245.0,30.0,Not Applicable,Not Applicable,No,Not Applicable,548,Cash,8,4.8,3.8
2024-07-14 07:08:00,CNR4903731046,Success,CID261434,Prime Plus,Rajarajeshwari Nagar,Sahakar Nagar,49.0,115.0,Not Applicable,Not Applicable,No,Not Applicable,544,Cash,20,3.9,3.3
2024-07-04 09:33:00,CNR9045922130,Success,CID545958,Bike,Nagarbhavi,Ulsoor,308.0,140.0,Not Applicable,Not Applicable,No,Not Applicable,222,Cash,42,4.5,3.5
2024-07-23 18:20:00,CNR9606615738,Success,CID858531,Auto,RT Nagar,Jayanagar,91.0,35.0,Not Applicable,Not Applicable,No,Not Applicable,239,Cash,18,4.5,4.8
2024-07-21 09:00:00,CNR7250657118,Canceled by Driver,CID776689,Auto,Hulimavu,Padmanabhanagar,,,Not Applicable,Personal & Car related issue,Not Applicable,Not Applicable,1491,Not Applicable,0,,
2024-07-06 01:07:00,CNR7114748996,Canceled by Driver,CID994433,eBike,Malleshwaram,Bannerghatta Road,,,Not Applicable,Customer related issue,Not Applicable,Not Applicable,494,Not Applicable,0,,
2024-07-16 05:26:00,CNR7163913779,Success,CID588708,Mini,BTM Layout,Yelahanka,42.0,130.0,Not Applicable,Not Applicable,No,Not Applicable,110,Cash,49,4.4,4.2
2024-07-03 02:26:00,CNR8558250153,Canceled by Customer,CID878723,Prime SUV,BTM Layout,Cox Town,,,Driver is not moving towards pickup location,Not Applicable,Not Applicable,Not Applicable,441,Not Applicable,0,,
2024-07-22 17:56:00,CNR4065239109,Canceled by Customer,CID968901,Bike,Mysore Road,Langford Town,,,Driver asked to cancel,Not Applicable,Not Applicable,Not Applicable,439,Not Applicable,0,,
2024-07-18 02:32:00,CNR5607745581,Success,CID376155,eBike,Frazer Town,Yeshwanthpur,210.0,80.0,Not Applicable,Not Applicable,No,Not Applicable,349,Cash,40,3.2,3.3
2024-07-17 08:42:00,CNR1045858282,Success,CID793762,Prime SUV,Majestic,Majestic,210.0,50.0,Not Applicable,Not Applicable,No,Not Applicable,345,Cash,26,4.3,3.8
2024-07-23 09:11:00,CNR7272173046,Success,CID289990,eBike,Shivajinagar,BTM Layout,231.0,125.0,Not Applicable,Not Applicable,No,Not Applicable,758,UPI,42,4.6,3.2
2024-07-15 16:05:00,CNR3643438373,Success,CID744856,Auto,BTM Layout,Peenya,84.0,65.0,Not Applicable,Not Applicable,No,Not Applicable,457,UPI,18,3.5,3.6
2024-07-14 22:35:00,CNR9382612046,Success,CID803997,Prime Sedan,Hebbal,Basavanagudi,252.0,130.0,Not Applicable,Not Applicable,No,Not Applicable,832,UPI,4,3.7,3.7
2024-07-01 00:55:00,CNR7175173076,Canceled by Driver,CID915443,Prime Plus,Hosur Road,Richmond Town,,,Not Applicable,More than permitted people in there,Not Applicable,Not Applicable,1458,Not Applicable,0,,
2024-07-02 13:42:00,CNR4223186261,Success,CID761098,Auto,Chamarajpet,JP Nagar,245.0,115.0,Not Applicable,Not Applicable,No,Not Applicable,635,Cash,1,5.0,4.1
2024-07-10 01:18:00,CNR3732395061,Success,CID564128,Mini,Varthur,Shantinagar,35.0,35.0,Not Applicable,Not Applicable,No,Not Applicable,1805,Cash,9,4.6,4.6
2024-07-16 15:07:00,CNR6526879788,Success,CID480023,Auto,Mysore Road,Yelahanka,70.0,100.0,Not Applicable,Not Applicable,No,Not Applicable,632,Cash,13,3.5,3.4
2024-07-29 22:35:00,CNR6975419929,Canceled by Driver,CID948261,Mini,Kammanahalli,Whitefield,,,Not Applicable,Customer related issue,Not Applicable,Not Applicable,285,Not Applicable,0,,
2024-07-08 13:34:00,CNR2764441732,Success,CID605582,Mini,Hosur Road,RT Nagar,217.0,80.0,Not Applicable,Not Applicable,Yes,Customer Demand,572,Credit Card,7,4.6,3.3
2024-07-09 05:27:00,CNR3109107808,Success,CID447608,Prime Sedan,Bannerghatta Road,Mysore Road,133.0,75.0,Not Applicable,Not Applicable,No,Not Applicable,220,Cash,6,3.9,4.2
2024-07-25 09:21:00,CNR6875241536,Canceled by Driver,CID882069,Auto,Vijayanagar,Hosur Road,,,Not Applicable,More than permitted people in there,Not Applicable,Not Applicable,1776,Not Applicable,0,,
2024-07-17 00:32:00,CNR5033540047,Success,CID490605,Bike,Hosur Road,Koramangala,266.0,45.0,Not Applicable,Not Applicable,No,Not Applicable,298,Credit Card,48,4.0,4.7
2024-07-30 16:29:00,CNR5333482734,Success,CID412305,Auto,MG Road,Hennur,224.0,85.0,Not Applicable,Not Applicable,No,Not Applicable,2097,UPI,1,3.4,3.8
2024-07-30 14:53:00,CNR3201943632,Canceled by Driver,CID654289,Prime Sedan,Sarjapur Road,Basavanagudi,,,Not Applicable,More than permitted people in there,Not Applicable,Not Applicable,237,Not Applicable,0,,
2024-07-30 17:37:00,CNR3692249888,Driver Not Found,CID468761,Prime Plus,Hulimavu,Malleshwaram,,,Not Applicable,Not Applicable,Not Applicable,Not Applicable,291,Not Applicable,0,,
2024-07-02 22:33:00,CNR8003518132,Success,CID436792,Prime SUV,Whitefield,Electronic City,63.0,120.0,Not Applicable,Not Applicable,Yes,Vehicle Breakdown,135,Cash,43,3.3,3.9
2024-07-09 01:31:00,CNR8681670837,Success,CID525050,Auto,RT Nagar,Bellandur,98.0,25.0,Not Applicable,Not Applicable,No,Not Applicable,391,UPI,17,4.8,4.0
2024-07-25 05:12:00,CNR7529876708,Canceled by Driver,CID255595,Prime Plus,Tumkur Road,Malleshwaram,,,Not Applicable,Customer was coughing/sick,Not Applicable,Not Applicable,442,Not Applicable,0,,
2024-07-23 12:23:00,CNR5462691536,Success,CID904209,eBike,Yelahanka,KR Puram,126.0,100.0,Not Applicable,Not Applicable,No,Not Applicable,393,Cash,13,3.7,3.0
2024-07-13 07:59:00,CNR1442413036,Canceled by Driver,CID290266,eBike,Yelahanka,Richmond Town,,,Not Applicable,Personal & Car related issue,Not Applicable,Not Applicable,297,Not Applicable,0,,
2024-07-14 05:30:00,CNR9821914814,Success,CID468177,Prime Sedan,Chamarajpet,JP Nagar,231.0,145.0,Not Applicable,Not Applicable,Yes,Vehicle Breakdown,486,Cash,35,3.7,3.5
2024-07-23 03:19:00,CNR3044495935,Success,CID943243,Prime Sedan,Cox Town,Bannerghatta Road,308.0,55.0,Not Applicable,Not Applicable,No,Not Applicable,226,Cash,36,3.1,3.1
2024-07-28 20:41:00,CNR4427139303,Driver Not Found,CID851095,Prime SUV,Bannerghatta Road,Padmanabhanagar,,,Not Applicable,Not Applicable,Not Applicable,Not Applicable,387,Not Applicable,0,,
2024-07-29 21:45:00,CNR3579444164,Success,CID695913,Prime Plus,Nagarbhavi,Bannerghatta Road,70.0,120.0,Not Applicable,Not Applicable,No,Not Applicable,155,Cash,18,4.4,4.9
2024-07-27 14:40:00,CNR2570029945,Canceled by Driver,CID457195,eBike,JP Nagar,Rajajinagar,,,Not Applicable,More than permitted people in there,Not Applicable,Not Applicable,397,Not Applicable,0,,
2024-07-07 09:58:00,CNR2650425443,Success,CID586387,Bike,KR Puram,KR Puram,147.0,70.0,Not Applicable,Not Applicable,No,Not Applicable,287,UPI,49,4.0,3.4
2024-07-26 20:46:00,CNR4288304528,Success,CID929879,Prime Plus,Kadugodi,Bannerghatta Road,98.0,55.0,Not Applicable,Not Applicable,No,Not Applicable,122,Cash,6,4.6,3.4
2024-07-19 07:18:00,CNR5498939130,Success,CID926634,Prime Plus,Chickpet,Hebbal,231.0,55.0,Not Applicable,Not Applicable,No,Not Applicable,368,Cash,29,4.5,3.2
2024-07-23 14:08:00,CNR4399391940,Success,CID747218,Auto,Hebbal,Richmond Town,84.0,120.0,Not Applicable,Not Applicable,No,Not Applicable,2135,Cash,6,3.6,3.7
2024-07-21 07:33:00,CNR4956422745,Success,CID314908,Auto,Magadi Road,Frazer Town,259.0,60.0,Not Applicable,Not Applicable,No,Not Applicable,494,UPI,18,4.8,4.8
2024-07-06 07:27:00,CNR1429898923,Canceled by Driver,CID966121,Prime SUV,Varthur,Chickpet,,,Not Applicable,Personal & Car related issue,Not Applicable,Not Applicable,459,Not Applicable,0,,
2024-07-17 05:11:00,CNR2996996578,Success,CID720285,Bike,Padmanabhanagar,Ramamurthy Nagar,98.0,80.0,Not Applicable,Not Applicable,No,Not Applicable,150,Cash,21,3.7,4.1
2024-07-11 06:23:00,CNR3149202102,Success,CID232672,Prime Plus,Indiranagar,Sahakar Nagar,91.0,100.0,Not Applicable,Not Applicable,No,Not Applicable,337,Cash,37,3.8,4.1
2024-07-19 10:34:00,CNR2796541934,Success,CID557284,Prime Sedan,MG Road,Hebbal,308.0,125.0,Not Applicable,Not Applicable,No,Not Applicable,2453,Cash,23,4.6,4.3
2024-07-27 19:36:00,CNR3318310035,Canceled by Customer,CID482914,Auto,Hebbal,JP Nagar,,,Wrong Address,Not Applicable,Not Applicable,Not Applicable,329,Not Applicable,0,,
2024-07-02 22:06:00,CNR4564106105,Canceled by Customer,CID744438,Bike,Whitefield,Varthur,,,Driver is not moving towards pickup location,Not Applicable,Not Applicable,Not Applicable,279,Not Applicable,0,,
2024-07-18 16:51:00,CNR8239225715,Success,CID195394,eBike,Magadi Road,Yeshwanthpur,84.0,110.0,Not Applicable,Not Applicable,No,Not Applicable,916,Cash,40,4.0,3.4
2024-07-23 01:54:00,CNR5933269672,Success,CID518952,Prime Sedan,Peenya,Whitefield,77.0,50.0,Not Applicable,Not Applicable,No,Not Applicable,155,Cash,21,3.4,4.5
2024-07-22 15:44:00,CNR5680318385,Canceled by Driver,CID454533,Auto,BTM Layout,Malleshwaram,,,Not Applicable,Customer was coughing/sick,Not Applicable,Not Applicable,323,Not Applicable,0,,
2024-07-09 02:28:00,CNR1844008491,Canceled by Driver,CID349436,Auto,Frazer Town,Nagarbhavi,,,Not Applicable,Personal & Car related issue,Not Applicable,Not Applicable,2593,Not Applicable,0,,
2024-07-17 21:38:00,CNR2143428571,Canceled by Driver,CID557810,Prime Plus,Basavanagudi,BTM Layout,,,Not Applicable,Customer was coughing/sick,Not Applicable,Not Applicable,2207,Not Applicable,0,,
2024-07-17 13:13:00,CNR8796050614,Success,CID496731,Bike,Kadugodi,Ramamurthy Nagar,203.0,70.0,Not Applicable,Not Applicable,No,Not Applicable,728,UPI,31,4.2,4.3
2024-07-07 19:30:00,CNR7418144238,Success,CID145084,Auto,Chickpet,Chickpet,238.0,80.0,Not Applicable,Not Applicable,No,Not Applicable,988,UPI,18,3.9,3.1
2024-07-02 04:21:00,CNR1951836932,Success,CID482471,Prime Plus,Kengeri,Shantinagar,112.0,140.0,Not Applicable,Not Applicable,Yes,Customer Demand,420,Cash,16,3.5,4.3
2024-07-29 07:44:00,CNR5911923830,Success,CID995814,Mini,Ulsoor,Majestic,35.0,75.0,Not Applicable,Not Applicable,No,Not Applicable,416,UPI,37,4.7,3.9
2024-07-08 13:52:00,CNR6090331011,Canceled by Driver,CID853528,Mini,Hebbal,KR Puram,,,Not Applicable,Personal & Car related issue,Not Applicable,Not Applicable,444,Not Applicable,0,,
2024-07-17 12:34:00,CNR8379417153,Canceled by Driver,CID419518,Mini,Marathahalli,MG Road,,,Not Applicable,Personal & Car related issue,Not Applicable,Not Applicable,248,Not Applicable,0,,
2024-07-30 10:24:00,CNR5730860745,Canceled by Customer,CID310674,Mini,Hulimavu,Peenya,,,Driver asked to cancel,Not Applicable,Not Applicable,Not Applicable,163,Not Applicable,0,,
2024-07-10 22:05:00,CNR9410697948,Success,CID231419,Prime SUV,RT Nagar,Magadi Road,287.0,105.0,Not Applicable,Not Applicable,No,Not Applicable,144,Cash,24,4.9,3.9
2024-07-01 04:31:00,CNR6800267772,Canceled by Driver,CID774875,Bike,Basavanagudi,Nagarbhavi,,,Not Applicable,More than permitted people in there,Not Applicable,Not Applicable,346,Not Applicable,0,,
2024-07-19 02:37:00,CNR3224855822,Success,CID430342,Mini,Mysore Road,Basavanagudi,182.0,145.0,Not Applicable,Not Applicable,No,Not Applicable,209,Cash,30,4.6,4.3
2024-07-28 00:10:00,CNR5930330737,Canceled by Customer,CID876111,eBike,Whitefield,Ulsoor,,,Change of plans,Not Applicable,Not Applicable,Not Applicable,346,Not Applicable,0,,
2024-07-10 10:01:00,CNR4483706981,Success,CID947268,Mini,Sahakar Nagar,Kengeri,77.0,120.0,Not Applicable,Not Applicable,No,Not Applicable,942,Cash,37,3.4,3.5
2024-07-24 11:10:00,CNR6737691602,Driver Not Found,CID782794,Auto,Basavanagudi,Sahakar Nagar,,,Not Applicable,Not Applicable,Not Applicable,Not Applicable,2932,Not Applicable,0,,
2024-07-27 23:53:00,CNR2321833073,Success,CID292721,Prime Plus,Jayanagar,Banashankari,308.0,40.0,Not Applicable,Not Applicable,No,Not Applicable,105,UPI,19,4.7,4.3
2024-07-06 21:14:00,CNR1362367281,Driver Not Found,CID334754,Mini,Electronic City,Chamarajpet,,,Not Applicable,Not Applicable,Not Applicable,Not Applicable,2883,Not Applicable,0,,
2024-07-14 06:59:00,CNR5307262754,Success,CID704728,eBike,Jayanagar,Whitefield,182.0,110.0,Not Applicable,Not Applicable,No,Not Applicable,338,Cash,22,3.4,3.1
2024-07-14 21:11:00,CNR3131536011,Success,CID412392,Prime SUV,Majestic,Bannerghatta Road,280.0,55.0,Not Applicable,Not Applicable,No,Not Applicable,291,Cash,28,3.3,4.1
2024-07-18 19:30:00,CNR7378538533,Success,CID227081,Mini,Marathahalli,Varthur,112.0,45.0,Not Applicable,Not Applicable,No,Not Applicable,787,Cash,13,4.1,3.4
2024-07-09 18:13:00,CNR2121944473,Canceled by Customer,CID656215,Prime SUV,Vijayanagar,Koramangala,,,Driver is not moving towards pickup location,Not Applicable,Not Applicable,Not Applicable,455,Not Applicable,0,,
2024-07-27 12:24:00,CNR3105541540,Success,CID123059,Auto,Cox Town,Hosur Road,168.0,75.0,Not Applicable,Not Applicable,No,Not Applicable,150,UPI,19,3.3,4.1
2024-07-02 08:37:00,CNR1277192050,Success,CID113832,Prime Sedan,Jayanagar,Rajajinagar,147.0,115.0,Not Applicable,Not Applicable,No,Not Applicable,1218,Cash,18,3.8,4.2
2024-07-22 20:11:00,CNR6675223075,Canceled by Driver,CID517247,Prime Plus,Indiranagar,Bannerghatta Road,,,Not Applicable,Customer was coughing/sick,Not Applicable,Not Applicable,267,Not Applicable,0,,
2024-07-29 14:28:00,CNR8201830602,Canceled by Driver,CID145454,eBike,Richmond Town,Marathahalli,,,Not Applicable,Customer related issue,Not Applicable,Not Applicable,2201,Not Applicable,0,,
2024-07-29 23:51:00,CNR6023061837,Success,CID155652,Mini,Hebbal,Kammanahalli,105.0,130.0,Not Applicable,Not Applicable,No,Not Applicable,120,Credit Card,15,3.1,4.9
2024-07-09 17:54:00,CNR3860610797,Success,CID971747,Prime SUV,KR Puram,Shantinagar,84.0,35.0,Not Applicable,Not Applicable,No,Not Applicable,1523,Cash,10,4.8,3.7
2024-07-09 19:27:00,CNR5739737196,Success,CID876916,eBike,Yeshwanthpur,Koramangala,168.0,80.0,Not Applicable,Not Applicable,No,Not Applicable,876,Cash,6,3.8,3.4
2024-07-28 07:17:00,CNR9426760594,Canceled by Customer,CID813391,Prime SUV,Varthur,Electronic City,,,Driver is not moving towards pickup location,Not Applicable,Not Applicable,Not Applicable,140,Not Applicable,0,,
2024-07-28 00:54:00,CNR9743158152,Success,CID444346,eBike,Ulsoor,Koramangala,273.0,100.0,Not Applicable,Not Applicable,No,Not Applicable,170,Cash,38,4.9,4.3
2024-07-25 04:02:00,CNR3026757594,Success,CID978518,Prime Plus,Richmond Town,Bannerghatta Road,140.0,30.0,Not Applicable,Not Applicable,No,Not Applicable,906,UPI,29,4.7,4.0
2024-07-02 11:04:00,CNR4784196477,Success,CID504579,Prime Plus,Whitefield,Yelahanka,77.0,45.0,Not Applicable,Not Applicable,No,Not Applicable,124,Cash,34,4.6,4.1
2024-07-13 12:29:00,CNR8489746149,Success,CID724582,Mini,Whitefield,Vijayanagar,105.0,90.0,Not Applicable,Not Applicable,No,Not Applicable,182,Cash,13,3.8,3.8
2024-07-17 16:40:00,CNR9476829449,Canceled by Driver,CID275613,Mini,Sahakar Nagar,Varthur,,,Not Applicable,Customer was coughing/sick,Not Applicable,Not Applicable,848,Not Applicable,0,,
2024-07-12 17:05:00,CNR6264456661,Success,CID432285,Prime Sedan,Magadi Road,Varthur,252.0,40.0,Not Applicable,Not Applicable,No,Not Applicable,514,UPI,46,3.5,3.2
2024-07-29 23:43:00,CNR1676177256,Success,CID918868,Auto,Cox Town,Hennur,168.0,140.0,Not Applicable,Not Applicable,Yes,Customer Demand,372,Cash,12,4.2,4.4
2024-07-06 04:57:00,CNR8381059112,Success,CID962506,Prime Plus,Richmond Town,Koramangala,133.0,95.0,Not Applicable,Not Applicable,No,Not Applicable,382,Cash,5,3.5,3.8
2024-07-17 01:37:00,CNR5605425034,Driver Not Found,CID426064,Bike,JP Nagar,Shantinagar,,,Not Applicable,Not Applicable,Not Applicable,Not Applicable,1734,Not Applicable,0,,
2024-07-17 17:00:00,CNR1974064258,Success,CID133091,Prime SUV,Chamarajpet,Varthur,231.0,105.0,Not Applicable,Not Applicable,No,Not Applicable,1950,Debit Card,47,4.2,3.0
2024-07-11 17:17:00,CNR7712365134,Success,CID726846,Auto,Marathahalli,Bannerghatta Road,224.0,135.0,Not Applicable,Not Applicable,No,Not Applicable,483,Cash,5,4.6,4.3
2024-07-10 22:28:00,CNR1736423115,Success,CID933004,eBike,Mysore Road,Shivajinagar,301.0,55.0,Not Applicable,Not Applicable,No,Not Applicable,1032,Cash,42,3.5,4.5
2024-07-07 17:02:00,CNR4261562019,Success,CID613774,Prime SUV,RT Nagar,Kadugodi,133.0,125.0,Not Applicable,Not Applicable,No,Not Applicable,335,Cash,10,4.8,4.0
2024-07-09 13:12:00,CNR8732925051,Driver Not Found,CID965997,Mini,Sarjapur Road,Hennur,,,Not Applicable,Not Applicable,Not Applicable,Not Applicable,199,Not Applicable,0,,
2024-07-24 09:59:00,CNR7487996184,Success,CID521512,Auto,Koramangala,Bellandur,77.0,50.0,Not Applicable,Not Applicable,No,Not Applicable,326,Cash,1,4.3,3.6
2024-07-29 09:07:00,CNR5223895984,Success,CID543435,Prime SUV,Sarjapur Road,Marathahalli,280.0,140.0,Not Applicable,Not Applicable,No,Not Applicable,104,UPI,28,3.1,3.5
2024-07-14 12:12:00,CNR9986653696,Success,CID401008,Bike,BTM Layout,Whitefield,56.0,75.0,Not Applicable,Not Applicable,No,Not Applicable,285,UPI,14,4.9,4.3
2024-07-05 10:00:00,CNR5692547801,Success,CID569193,Prime Sedan,Langford Town,BTM Layout,175.0,125.0,Not Applicable,Not Applicable,No,Not Applicable,620,UPI,32,3.9,4.3
2024-07-29 15:38:00,CNR2788449253,Success,CID892667,Prime SUV,Rajajinagar,Varthur,301.0,95.0,Not Applicable,Not Applicable,No,Not Applicable,507,Cash,32,3.9,4.7
2024-07-13 18:41:00,CNR5175812283,Success,CID574151,Prime Plus,Bannerghatta Road,Cox Town,35.0,105.0,Not Applicable,Not Applicable,No,Not Applicable,362,UPI,21,4.7,3.7
2024-07-06 06:38:00,CNR2319910304,Success,CID732513,Mini,Malleshwaram,Kengeri,203.0,45.0,Not Applicable,Not Applicable,No,Not Applicable,746,Cash,11,3.9,4.6
2024-07-01 01:37:00,CNR1019909282,Driver Not Found,CID497434,eBike,Jayanagar,Kadugodi,,,Not Applicable,Not Applicable,Not Applicable,Not Applicable,356,Not Applicable,0,,
2024-07-27 14:28:00,CNR6211525700,Success,CID409709,Auto,Jayanagar,Chickpet,91.0,90.0,Not Applicable,Not Applicable,Yes,Other Issue,111,UPI,7,4.4,4.5
2024-07-07 10:23:00,CNR2312827226,Success,CID956933,Mini,Shantinagar,Langford Town,210.0,50.0,Not Applicable,Not Applicable,No,Not Applicable,251,UPI,27,4.0,3.5
2024-07-19 22:57:00,CNR6102970783,Success,CID434432,Prime Sedan,Ulsoor,Sahakar Nagar,175.0,70.0,Not Applicable,Not Applicable,No,Not Applicable,490,Cash,21,4.5,3.2
2024-07-27 12:15:00,CNR5440924415,Success,CID991122,Mini,Jayanagar,Hulimavu,259.0,135.0,Not Applicable,Not Applicable,No,Not Applicable,413,UPI,37,3.0,3.7
2024-07-05 10:09:00,CNR9398512979,Success,CID982223,Prime Plus,Frazer Town,Langford Town,182.0,55.0,Not Applicable,Not Applicable,No,Not Applicable,187,Cash,34,3.2,4.3
2024-07-06 11:02:00,CNR8735153869,Canceled by Driver,CID581597,Prime Sedan,Basavanagudi,Nagarbhavi,,,Not Applicable,Customer was coughing/sick,Not Applicable,Not Applicable,409,Not Applicable,0,,
2024-07-27 22:23:00,CNR4925944381,Success,CID296528,Mini,Rajarajeshwari Nagar,Frazer Town,154.0,65.0,Not Applicable,Not Applicable,No,Not Applicable,296,Cash,32,4.5,4.3
2024-07-09 12:36:00,CNR4393874707,Success,CID353160,Prime Sedan,Peenya,KR Puram,238.0,30.0,Not Applicable,Not Applicable,No,Not Applicable,2185,Cash,3,3.1,3.2
2024-07-23 14:31:00,CNR2737983286,Success,CID320432,Prime Sedan,Hulimavu,Banashankari,126.0,55.0,Not Applicable,Not Applicable,Yes,Customer Demand,193,UPI,32,3.2,4.7
2024-07-08 07:03:00,CNR8249764973,Canceled by Driver,CID937685,Auto,Hebbal,Marathahalli,,,Not Applicable,Personal & Car related issue,Not Applicable,Not Applicable,494,Not Applicable,0,,
2024-07-10 18:33:00,CNR5596060459,Success,CID459973,Mini,Hulimavu,RT Nagar,280.0,110.0,Not Applicable,Not Applicable,No,Not Applicable,317,UPI,32,5.0,4.9
2024-07-01 13:13:00,CNR6177249417,Success,CID853280,Prime SUV,Tumkur Road,Hebbal,217.0,65.0,Not Applicable,Not Applicable,No,Not Applicable,189,Cash,22,4.2,3.8
2024-07-02 07:12:00,CNR3564429962,Canceled by Driver,CID517891,Auto,Devanahalli,Mysore Road,,,Not Applicable,Customer related issue,Not Applicable,Not Applicable,1541,Not Applicable,0,,
2024-07-11 22:19:00,CNR7203610146,Success,CID497722,Prime Sedan,Chamarajpet,Jayanagar,35.0,105.0,Not Applicable,Not Applicable,No,Not Applicable,165,UPI,45,4.0,3.1
2024-07-25 08:00:00,CNR4066399690,Canceled by Driver,CID360074,Prime SUV,Shantinagar,Hennur,,,Not Applicable,Customer related issue,Not Applicable,Not Applicable,278,Not Applicable,0,,
2024-07-08 04:04:00,CNR5835365436,Canceled by Driver,CID710980,Bike,Hosur Road,Rajajinagar,,,Not Applicable,Customer was coughing/sick,Not Applicable,Not Applicable,459,Not Applicable,0,,
2024-07-23 08:09:00,CNR8196235204,Canceled by Customer,CID296765,Bike,Frazer Town,Cox Town,,,Driver is not moving towards pickup location,Not Applicable,Not Applicable,Not Applicable,235,Not Applicable,0,,
2024-07-03 01:18:00,CNR3775717624,Driver Not Found,CID697723,Prime SUV,Malleshwaram,Kengeri,,,Not Applicable,Not Applicable,Not Applicable,Not Applicable,412,Not Applicable,0,,
2024-07-15 05:29:00,CNR1351726629,Canceled by Driver,CID651933,Prime Plus,Basavanagudi,Whitefield,,,Not Applicable,Customer related issue,Not Applicable,Not Applicable,299,Not Applicable,0,,
2024-07-19 16:58:00,CNR3262183463,Success,CID168884,Auto,Tumkur Road,Yelahanka,308.0,35.0,Not Applicable,Not Applicable,No,Not Applicable,293,UPI,3,3.3,4.0
2024-07-13 18:59:00,CNR6518040603,Canceled by Customer,CID584123,Prime Sedan,Yeshwanthpur,Whitefield,,,Change of plans,Not Applicable,Not Applicable,Not Applicable,268,Not Applicable,0,,
2024-07-21 13:13:00,CNR7451743384,Success,CID958178,Prime Plus,Langford Town,Hennur,91.0,105.0,Not Applicable,Not Applicable,No,Not Applicable,229,UPI,35,4.7,4.6
2024-07-07 20:41:00,CNR8501111448,Success,CID738187,Auto,Sarjapur Road,Yelahanka,112.0,110.0,Not Applicable,Not Applicable,No,Not Applicable,764,UPI,12,4.0,3.8
2024-07-07 16:31:00,CNR3797734481,Success,CID997790,eBike,Chamarajpet,Malleshwaram,196.0,140.0,Not Applicable,Not Applicable,No,Not Applicable,596,Debit Card,5,3.6,4.2
2024-07-29 09:15:00,CNR7887870178,Success,CID423648,eBike,Yelahanka,Mysore Road,147.0,120.0,Not Applicable,Not Applicable,No,Not Applicable,543,Cash,15,4.3,4.8
2024-07-12 17:16:00,CNR7015685414,Driver Not Found,CID927667,Mini,Shivajinagar,Yeshwanthpur,,,Not Applicable,Not Applicable,Not Applicable,Not Applicable,334,Not Applicable,0,,
2024-07-27 18:02:00,CNR2119940670,Canceled by Driver,CID619716,Prime Sedan,Varthur,Peenya,,,Not Applicable,Customer related issue,Not Applicable,Not Applicable,398,Not Applicable,0,,
2024-07-15 22:08:00,CNR7419008990,Driver Not Found,CID947823,Mini,Chickpet,Electronic City,,,Not Applicable,Not Applicable,Not Applicable,Not Applicable,458,Not Applicable,0,,
2024-07-17 14:30:00,CNR7187378077,Success,CID523756,Prime Plus,Banashankari,Bellandur,308.0,100.0,Not Applicable,Not Applicable,No,Not Applicable,422,Cash,6,4.2,3.6
2024-07-02 02:45:00,CNR8443540804,Canceled by Driver,CID238412,Mini,RT Nagar,Sahakar Nagar,,,Not Applicable,More than permitted people in there,Not Applicable,Not Applicable,105,Not Applicable,0,,
2024-07-18 08:27:00,CNR4454423048,Success,CID927647,Prime SUV,Nagarbhavi,Hebbal,280.0,95.0,Not Applicable,Not Applicable,No,Not Applicable,134,Cash,45,3.2,4.3
2024-07-23 07:41:00,CNR8372134712,Canceled by Customer,CID236202,Prime Plus,Shivajinagar,Langford Town,,,Driver is not moving towards pickup location,Not Applicable,Not Applicable,Not Applicable,2838,Not Applicable,0,,
2024-07-24 15:18:00,CNR8579232858,Canceled by Driver,CID704499,Auto,Chamarajpet,Electronic City,,,Not Applicable,Customer related issue,Not Applicable,Not Applicable,391,Not Applicable,0,,
2024-07-16 09:04:00,CNR5861070456,Canceled by Customer,CID934498,Auto,JP Nagar,Koramangala,,,AC is Not working,Not Applicable,Not Applicable,Not Applicable,254,Not Applicable,0,,
2024-07-16 16:16:00,CNR5540298605,Driver Not Found,CID905487,Prime Plus,JP Nagar,Jayanagar,,,Not Applicable,Not Applicable,Not Applicable,Not Applicable,188,Not Applicable,0,,
2024-07-30 15:18:00,CNR5782950207,Success,CID371836,Prime Sedan,Yeshwanthpur,Ramamurthy Nagar,301.0,85.0,Not Applicable,Not Applicable,No,Not Applicable,399,Cash,39,3.0,3.9
2024-07-26 00:44:00,CNR9057494858,Success,CID359593,Auto,Chickpet,Chickpet,133.0,75.0,Not Applicable,Not Applicable,No,Not Applicable,1010,Cash,4,4.5,4.7
2024-07-22 03:42:00,CNR2038201674,Canceled by Driver,CID109895,Prime SUV,Koramangala,Hosur Road,,,Not Applicable,Personal & Car related issue,Not Applicable,Not Applicable,2591,Not Applicable,0,,
2024-07-10 00:24:00,CNR9550245222,Success,CID555390,Auto,Basavanagudi,Padmanabhanagar,287.0,25.0,Not Applicable,Not Applicable,No,Not Applicable,203,UPI,9,3.3,3.3
2024-07-13 23:38:00,CNR3791214598,Success,CID312937,Prime Sedan,Rajarajeshwari Nagar,Shantinagar,112.0,110.0,Not Applicable,Not Applicable,No,Not Applicable,427,UPI,10,5.0,3.2
2024-07-11 16:42:00,CNR1016876537,Success,CID654132,Prime SUV,Tumkur Road,Tumkur Road,259.0,40.0,Not Applicable,Not Applicable,No,Not Applicable,211,Cash,6,4.7,3.0
2024-07-16 23:44:00,CNR4926346757,Success,CID615970,Prime Plus,Banashankari,Banashankari,287.0,110.0,Not Applicable,Not Applicable,No,Not Applicable,378,UPI,19,4.0,3.2
2024-07-06 09:35:00,CNR8746215077,Success,CID742159,eBike,Mysore Road,Electronic City,77.0,40.0,Not Applicable,Not Applicable,No,Not Applicable,242,Cash,42,4.3,4.4
2024-07-24 21:00:00,CNR2766710995,Driver Not Found,CID346226,eBike,Nagarbhavi,Yeshwanthpur,,,Not Applicable,Not Applicable,Not Applicable,Not Applicable,860,Not Applicable,0,,
2024-07-04 09:22:00,CNR8359174573,Canceled by Driver,CID609334,Auto,Kadugodi,Peenya,,,Not Applicable,More than permitted people in there,Not Applicable,Not Applicable,2893,Not Applicable,0,,
2024-07-22 22:27:00,CNR2424015432,Success,CID404840,Bike,Jayanagar,Malleshwaram,287.0,40.0,Not Applicable,Not Applicable,No,Not Applicable,131,Cash,20,4.0,3.5
2024-07-29 15:11:00,CNR7135496260,Success,CID595848,Bike,Varthur,Cox Town,175.0,60.0,Not Applicable,Not Applicable,No,Not Applicable,335,UPI,33,3.4,3.1
2024-07-19 21:04:00,CNR3481948170,Success,CID252057,Auto,BTM Layout,Jayanagar,63.0,120.0,Not Applicable,Not Applicable,No,Not Applicable,835,Cash,5,4.1,3.6
2024-07-10 22:10:00,CNR6159332375,Success,CID473124,eBike,Padmanabhanagar,Ramamurthy Nagar,245.0,100.0,Not Applicable,Not Applicable,No,Not Applicable,234,UPI,22,3.5,3.5
2024-07-05 09:48:00,CNR6623743881,Success,CID846147,Auto,Chickpet,Sahakar Nagar,49.0,90.0,Not Applicable,Not Applicable,No,Not Applicable,709,UPI,17,4.7,4.1
2024-07-04 03:23:00,CNR4380256682,Success,CID111126,Prime SUV,Chamarajpet,Bannerghatta Road,189.0,105.0,Not Applicable,Not Applicable,No,Not Applicable,514,UPI,2,4.7,4.7
2024-07-19 17:56:00,CNR5869150230,Success,CID445262,Prime SUV,Hulimavu,Chamarajpet,42.0,25.0,Not Applicable,Not Applicable,No,Not Applicable,151,UPI,5,3.6,3.0
2024-07-18 15:07:00,CNR8381540162,Canceled by Driver,CID229239,Mini,Chamarajpet,Richmond Town,,,Not Applicable,More than permitted people in there,Not Applicable,Not Applicable,327,Not Applicable,0,,
2024-07-10 16:20:00,CNR9835328668,Success,CID560981,Prime SUV,Padmanabhanagar,Majestic,175.0,90.0,Not Applicable,Not Applicable,No,Not Applicable,179,UPI,13,4.7,4.1
2024-07-25 21:39:00,CNR7504177203,Canceled by Customer,CID344143,eBike,Richmond Town,Magadi Road,,,Driver is not moving towards pickup location,Not Applicable,Not Applicable,Not Applicable,444,Not Applicable,0,,
2024-07-22 09:19:00,CNR3186799816,Success,CID890302,Prime Plus,Hennur,Ulsoor,287.0,95.0,Not Applicable,Not Applicable,No,Not Applicable,262,Cash,15,4.8,3.3
2024-07-24 01:36:00,CNR8383227057,Success,CID847658,Prime Plus,Yeshwanthpur,Marathahalli,168.0,145.0,Not Applicable,Not Applicable,No,Not Applicable,351,Cash,13,4.8,3.9
2024-07-03 03:09:00,CNR1391771048,Canceled by Driver,CID409845,Prime Sedan,Hennur,Magadi Road,,,Not Applicable,Customer related issue,Not Applicable,Not Applicable,493,Not Applicable,0,,
2024-07-29 02:05:00,CNR8086519701,Success,CID236209,eBike,Varthur,Langford Town,301.0,45.0,Not Applicable,Not Applicable,Yes,Vehicle Breakdown,1211,UPI,17,4.4,3.8
2024-07-08 16:19:00,CNR5499486892,Success,CID424130,eBike,Vijayanagar,Shivajinagar,112.0,130.0,Not Applicable,Not Applicable,No,Not Applicable,342,UPI,15,3.1,3.7
2024-07-28 00:24:00,CNR5229733057,Success,CID789458,Mini,Marathahalli,Kadugodi,294.0,30.0,Not Applicable,Not Applicable,No,Not Applicable,323,Cash,5,3.6,4.3
2024-07-25 19:08:00,CNR7348295602,Success,CID410247,Auto,RT Nagar,Kammanahalli,308.0,130.0,Not Applicable,Not Applicable,No,Not Applicable,181,Cash,8,3.4,3.2
2024-07-18 17:04:00,CNR7197177936,Success,CID227060,Bike,Mysore Road,Electronic City,112.0,60.0,Not Applicable,Not Applicable,No,Not Applicable,921,Cash,28,3.4,4.8
2024-07-06 15:42:00,CNR3273021005,Success,CID791265,Prime Plus,Shantinagar,BTM Layout,119.0,75.0,Not Applicable,Not Applicable,No,Not Applicable,701,Cash,36,3.1,4.3
2024-07-08 09:06:00,CNR6385375989,Success,CID576983,eBike,Yelahanka,Sahakar Nagar,140.0,60.0,Not Applicable,Not Applicable,No,Not Applicable,639,Cash,43,4.3,5.0
2024-07-28 07:47:00,CNR5934497484,Canceled by Customer,CID588420,eBike,HSR Layout,Shantinagar,,,Driver is not moving towards pickup location,Not Applicable,Not Applicable,Not Applicable,131,Not Applicable,0,,
2024-07-10 22:16:00,CNR3814902358,Success,CID750604,Mini,Hulimavu,Hosur Road,259.0,110.0,Not Applicable,Not Applicable,No,Not Applicable,227,Cash,11,4.0,4.8
2024-07-17 15:47:00,CNR8885000373,Canceled by Driver,CID694573,eBike,Koramangala,Chickpet,,,Not Applicable,Customer was coughing/sick,Not Applicable,Not Applicable,860,Not Applicable,0,,
2024-07-15 23:48:00,CNR4312692993,Canceled by Customer,CID976601,eBike,Ulsoor,Padmanabhanagar,,,Change of plans,Not Applicable,Not Applicable,Not Applicable,950,Not Applicable,0,,
2024-07-10 15:58:00,CNR3545857173,Success,CID970026,Prime Sedan,Vijayanagar,Kadugodi,84.0,130.0,Not Applicable,Not Applicable,No,Not Applicable,422,Cash,38,3.8,3.2
2024-07-25 06:58:00,CNR1877582601,Canceled by Driver,CID934296,eBike,HSR Layout,Hennur,,,Not Applicable,Customer related issue,Not Applicable,Not Applicable,564,Not Applicable,0,,
2024-07-23 04:13:00,CNR5940410534,Driver Not Found,CID817891,Auto,HSR Layout,KR Puram,,,Not Applicable,Not Applicable,Not Applicable,Not Applicable,1416,Not Applicable,0,,
2024-07-06 22:16:00,CNR2750482425,Canceled by Driver,CID935647,Prime SUV,Langford Town,Sahakar Nagar,,,Not Applicable,More than permitted people in there,Not Applicable,Not Applicable,735,Not Applicable,0,,
2024-07-27 18:28:00,CNR9033058005,Success,CID325426,eBike,Bannerghatta Road,Shantinagar,217.0,75.0,Not Applicable,Not Applicable,Yes,Other Issue,249,Cash,11,4.8,3.1
2024-07-08 08:44:00,CNR5082402732,Canceled by Driver,CID999308,Prime Sedan,Cox Town,Sahakar Nagar,,,Not Applicable,Personal & Car related issue,Not Applicable,Not Applicable,566,Not Applicable,0,,
2024-07-18 04:01:00,CNR4670554392,Success,CID442281,Prime Plus,Marathahalli,Rajajinagar,49.0,70.0,Not Applicable,Not Applicable,No,Not Applicable,158,Cash,40,3.1,4.5
2024-07-24 04:01:00,CNR8329721065,Success,CID808752,Prime Plus,Chamarajpet,Peenya,287.0,65.0,Not Applicable,Not Applicable,No,Not Applicable,508,UPI,20,4.1,3.6
2024-07-16 06:14:00,CNR1616112966,Success,CID916606,Auto,Vijayanagar,Magadi Road,35.0,115.0,Not Applicable,Not Applicable,No,Not Applicable,145,Cash,19,4.3,3.5
2024-07-09 03:38:00,CNR6746073949,Success,CID597001,Prime Sedan,Mysore Road,Bellandur,84.0,25.0,Not Applicable,Not Applicable,No,Not Applicable,446,Cash,15,4.5,4.9
2024-07-06 14:00:00,CNR2110318737,Success,CID719984,Mini,Richmond Town,Richmond Town,189.0,105.0,Not Applicable,Not Applicable,Yes,Other Issue,123,Cash,30,4.4,3.0
2024-07-11 21:12:00,CNR4965741250,Success,CID251700,Prime SUV,Bellandur,Ulsoor,126.0,25.0,Not Applicable,Not Applicable,No,Not Applicable,151,UPI,45,4.5,3.8
2024-07-09 19:11:00,CNR6400156429,Driver Not Found,CID711768,Auto,KR Puram,KR Puram,,,Not Applicable,Not Applicable,Not Applicable,Not Applicable,978,Not Applicable,0,,
2024-07-15 03:50:00,CNR9512708219,Driver Not Found,CID336795,eBike,Ramamurthy Nagar,MG Road,,,Not Applicable,Not Applicable,Not Applicable,Not Applicable,112,Not Applicable,0,,
2024-07-06 22:29:00,CNR9589850585,Success,CID935359,Prime SUV,Kengeri,Chamarajpet,105.0,45.0,Not Applicable,Not Applicable,No,Not Applicable,386,UPI,16,4.2,4.1
2024-07-06 22:46:00,CNR7178129154,Canceled by Driver,CID878139,Prime Sedan,Vijayanagar,Jayanagar,,,Not Applicable,Personal & Car related issue,Not Applicable,Not Applicable,142,Not Applicable,0,,
2024-07-06 16:11:00,CNR6445695405,Canceled by Driver,CID932270,Auto,Shivajinagar,Chickpet,,,Not Applicable,Personal & Car related issue,Not Applicable,Not Applicable,455,Not Applicable,0,,
2024-07-11 20:10:00,CNR7252382596,Driver Not Found,CID596292,Auto,Kengeri,Basavanagudi,,,Not Applicable,Not Applicable,Not Applicable,Not Applicable,274,Not Applicable,0,,
2024-07-01 12:10:00,CNR5494738968,Success,CID484876,Prime Plus,Koramangala,Richmond Town,105.0,40.0,Not Applicable,Not Applicable,No,Not Applicable,1734,UPI,21,3.0,4.0
2024-07-10 01:59:00,CNR4018271737,Success,CID125055,Prime Sedan,Devanahalli,Kammanahalli,224.0,130.0,Not Applicable,Not Applicable,No,Not Applicable,338,Cash,21,4.8,3.6
2024-07-02 13:38:00,CNR6431820890,Success,CID265287,Prime SUV,Ulsoor,Koramangala,273.0,30.0,Not Applicable,Not Applicable,No,Not Applicable,107,UPI,5,3.1,3.6
2024-07-04 22:33:00,CNR7516886415,Success,CID293806,Prime SUV,Chamarajpet,Hosur Road,245.0,115.0,Not Applicable,Not Applicable,No,Not Applicable,253,Cash,4,3.9,3.5
2024-07-03 10:03:00,CNR1045449476,Driver Not Found,CID459928,Mini,Rajarajeshwari Nagar,Hennur,,,Not Applicable,Not Applicable,Not Applicable,Not Applicable,327,Not Applicable,0,,
2024-07-01 17:50:00,CNR8966980069,Canceled by Driver,CID249736,Mini,Electronic City,Marathahalli,,,Not Applicable,Customer was coughing/sick,Not Applicable,Not Applicable,2825,Not Applicable,0,,
2024-07-26 04:55:00,CNR7150576434,Success,CID364091,Bike,Padmanabhanagar,Devanahalli,126.0,50.0,Not Applicable,Not Applicable,No,Not Applicable,133,UPI,33,3.6,4.4
2024-07-30 16:24:00,CNR5928936543,Success,CID843552,Auto,Yeshwanthpur,Varthur,98.0,105.0,Not Applicable,Not Applicable,No,Not Applicable,343,UPI,17,4.1,4.7
2024-07-03 10:46:00,CNR8775104605,Success,CID979213,Mini,Ramamurthy Nagar,Vijayanagar,287.0,115.0,Not Applicable,Not Applicable,No,Not Applicable,358,Cash,35,3.0,4.3
2024-07-01 22:19:00,CNR7201930735,Success,CID306907,Prime Plus,Marathahalli,Basavanagudi,273.0,100.0,Not Applicable,Not Applicable,No,Not Applicable,367,Cash,44,4.1,3.5
2024-07-06 11:19:00,CNR6647532797,Success,CID788922,eBike,Indiranagar,Rajarajeshwari Nagar,203.0,105.0,Not Applicable,Not Applicable,No,Not Applicable,1893,UPI,26,4.3,4.9
2024-07-22 13:31:00,CNR9133846666,Success,CID443921,eBike,Rajarajeshwari Nagar,Yeshwanthpur,77.0,90.0,Not Applicable,Not Applicable,No,Not Applicable,522,Cash,46,3.4,4.8
2024-07-18 00:30:00,CNR6873515935,Canceled by Customer,CID558580,Mini,Chamarajpet,Devanahalli,,,Driver is not moving towards pickup location,Not Applicable,Not Applicable,Not Applicable,127,Not Applicable,0,,
2024-07-17 14:37:00,CNR8684529726,Success,CID100383,Mini,RT Nagar,Kammanahalli,147.0,65.0,Not Applicable,Not Applicable,No,Not Applicable,461,UPI,6,4.4,4.5
2024-07-25 02:12:00,CNR5445142383,Driver Not Found,CID947636,Prime Plus,Chickpet,KR Puram,,,Not Applicable,Not Applicable,Not Applicable,Not Applicable,425,Not Applicable,0,,
2024-07-20 08:28:00,CNR8642337546,Success,CID102479,eBike,Koramangala,Bannerghatta Road,217.0,60.0,Not Applicable,Not Applicable,No,Not Applicable,197,Credit Card,5,3.6,4.6
2024-07-14 00:23:00,CNR1157053109,Driver Not Found,CID487474,Prime Sedan,Richmond Town,Yelahanka,,,Not Applicable,Not Applicable,Not Applicable,Not Applicable,131,Not Applicable,0,,
2024-07-23 07:00:00,CNR3552225894,Success,CID377421,Prime SUV,Richmond Town,Koramangala,203.0,90.0,Not Applicable,Not Applicable,No,Not Applicable,1971,UPI,40,4.3,3.8
2024-07-07 17:23:00,CNR5504390611,Success,CID477146,Auto,Cox Town,Indiranagar,56.0,100.0,Not Applicable,Not Applicable,No,Not Applicable,172,UPI,12,3.8,4.1
2024-07-03 23:16:00,CNR6191573364,Canceled by Driver,CID819445,Auto,Ramamurthy Nagar,HSR Layout,,,Not Applicable,Customer related issue,Not Applicable,Not Applicable,313,Not Applicable,0,,
2024-07-12 09:58:00,CNR2776798931,Success,CID130139,Prime SUV,Banashankari,Hosur Road,112.0,110.0,Not Applicable,Not Applicable,No,Not Applicable,357,UPI,24,4.3,4.3
2024-07-18 12:56:00,CNR6168294745,Success,CID991512,Prime Sedan,Electronic City,Langford Town,294.0,90.0,Not Applicable,Not Applicable,No,Not Applicable,495,UPI,41,3.2,4.4
2024-07-19 15:37:00,CNR2992959751,Success,CID255888,Bike,Magadi Road,Shivajinagar,140.0,75.0,Not Applicable,Not Applicable,No,Not Applicable,306,Cash,30,3.5,4.9
2024-07-12 16:12:00,CNR8693253202,Success,CID159017,Auto,Kengeri,Sahakar Nagar,84.0,95.0,Not Applicable,Not Applicable,No,Not Applicable,203,UPI,1,4.9,4.0
2024-07-21 05:38:00,CNR5160644780,Driver Not Found,CID291399,Bike,Magadi Road,Frazer Town,,,Not Applicable,Not Applicable,Not Applicable,Not Applicable,371,Not Applicable,0,,
2024-07-16 06:15:00,CNR2699685046,Success,CID217630,Prime Sedan,Bannerghatta Road,Peenya,84.0,120.0,Not Applicable,Not Applicable,No,Not Applicable,151,UPI,47,3.5,3.3
2024-07-21 21:09:00,CNR3479653076,Success,CID874879,Mini,Ulsoor,Hennur,189.0,70.0,Not Applicable,Not Applicable,No,Not Applicable,271,Cash,49,3.6,3.8
2024-07-05 18:44:00,CNR9727260152,Success,CID205022,Bike,Richmond Town,Jayanagar,63.0,100.0,Not Applicable,Not Applicable,No,Not Applicable,690,Cash,26,3.4,3.4
2024-07-02 02:42:00,CNR6553253697,Success,CID619223,Mini,Langford Town,Electronic City,35.0,65.0,Not Applicable,Not Applicable,No,Not Applicable,487,Credit Card,31,4.9,3.8
2024-07-09 14:45:00,CNR1275523075,Canceled by Customer,CID131454,Prime SUV,Kengeri,Bannerghatta Road,,,Wrong Address,Not Applicable,Not Applicable,Not Applicable,327,Not Applicable,0,,
2024-07-15 11:26:00,CNR5723947341,Success,CID273255,Mini,Kengeri,Chickpet,49.0,50.0,Not Applicable,Not Applicable,No,Not Applicable,292,UPI,26,5.0,4.0
2024-07-07 15:42:00,CNR7877247256,Success,CID953397,Prime Sedan,MG Road,MG Road,91.0,80.0,Not Applicable,Not Applicable,No,Not Applicable,373,Cash,27,4.4,3.7
2024-07-01 14:53:00,CNR3416183214,Success,CID164359,Prime Plus,Peenya,Cox Town,77.0,105.0,Not Applicable,Not Applicable,No,Not Applicable,412,Cash,3,3.4,4.8
2024-07-10 14:25:00,CNR2011389529,Canceled by Driver,CID329294,Prime Plus,BTM Layout,Frazer Town,,,Not Applicable,Customer related issue,Not Applicable,Not Applicable,459,Not Applicable,0,,
2024-07-02 02:18:00,CNR4415225084,Canceled by Driver,CID155330,Auto,Sahakar Nagar,Padmanabhanagar,,,Not Applicable,Customer related issue,Not Applicable,Not Applicable,506,Not Applicable,0,,
2024-07-28 10:26:00,CNR4982756253,Success,CID246394,Prime Plus,Rajajinagar,Yelahanka,252.0,130.0,Not Applicable,Not Applicable,No,Not Applicable,300,UPI,47,3.3,5.0
2024-07-30 15:02:00,CNR9996791799,Driver Not Found,CID881642,Mini,Jayanagar,Shantinagar,,,Not Applicable,Not Applicable,Not Applicable,Not Applicable,536,Not Applicable,0,,
2024-07-01 06:48:00,CNR9123774468,Success,CID252984,eBike,Rajajinagar,Kengeri,308.0,115.0,Not Applicable,Not Applicable,No,Not Applicable,243,UPI,27,4.8,4.8
2024-07-18 21:52:00,CNR5975070602,Success,CID521636,Prime Plus,Sarjapur Road,Bellandur,49.0,130.0,Not Applicable,Not Applicable,No,Not Applicable,140,Debit Card,5,4.2,4.2
2024-07-22 08:52:00,CNR6601945460,Canceled by Customer,CID726212,Auto,Indiranagar,Jayanagar,,,Driver is not moving towards pickup location,Not Applicable,Not Applicable,Not Applicable,329,Not Applicable,0,,
2024-07-19 13:35:00,CNR7729445000,Success,CID950272,Prime Plus,Tumkur Road,Magadi Road,196.0,40.0,Not Applicable,Not Applicable,No,Not Applicable,283,Cash,19,3.2,3.5
2024-07-06 23:14:00,CNR9625953806,Driver Not Found,CID967238,Prime SUV,Whitefield,Hulimavu,,,Not Applicable,Not Applicable,Not Applicable,Not Applicable,984,Not Applicable,0,,
2024-07-14 22:01:00,CNR3651759284,Canceled by Driver,CID397515,Bike,Banashankari,Langford Town,,,Not Applicable,Personal & Car related issue,Not Applicable,Not Applicable,140,Not Applicable,0,,
2024-07-05 10:33:00,CNR5792690630,Success,CID861684,Prime Sedan,Rajarajeshwari Nagar,Varthur,224.0,35.0,Not Applicable,Not Applicable,Yes,Other Issue,1360,Cash,41,3.6,3.5
2024-07-09 10:46:00,CNR5129467386,Success,CID947926,Prime Plus,Whitefield,Cox Town,112.0,90.0,Not Applicable,Not Applicable,No,Not Applicable,193,Credit Card,24,3.3,3.6
2024-07-23 02:54:00,CNR4742017201,Success,CID294547,Bike,Frazer Town,Banashankari,147.0,35.0,Not Applicable,Not Applicable,No,Not Applicable,105,Cash,13,3.4,3.1
2024-07-28 00:48:00,CNR1550974817,Success,CID441968,eBike,Mysore Road,Kammanahalli,56.0,50.0,Not Applicable,Not Applicable,No,Not Applicable,229,Cash,21,4.9,4.7
2024-07-03 20:19:00,CNR2043304912,Success,CID819272,Prime Plus,Basavanagudi,Chamarajpet,259.0,70.0,Not Applicable,Not Applicable,No,Not Applicable,119,Cash,3,3.4,5.0
2024-07-15 02:07:00,CNR2082995249,Success,CID103484,Prime Plus,Indiranagar,Rajajinagar,280.0,50.0,Not Applicable,Not Applicable,No,Not Applicable,892,Cash,48,4.2,4.1
2024-07-14 22:58:00,CNR2783046492,Success,CID402763,eBike,Bellandur,Hosur Road,119.0,130.0,Not Applicable,Not Applicable,No,Not Applicable,343,UPI,34,4.7,4.0
2024-07-05 00:57:00,CNR8007297149,Success,CID949967,Auto,Shivajinagar,BTM Layout,42.0,110.0,Not Applicable,Not Applicable,No,Not Applicable,1057,Cash,12,4.2,3.7
2024-07-21 15:29:00,CNR4787153096,Success,CID256414,Prime SUV,Marathahalli,RT Nagar,133.0,60.0,Not Applicable,Not Applicable,No,Not Applicable,349,UPI,14,4.1,4.4
2024-07-23 11:53:00,CNR4103417867,Success,CID409769,Bike,Rajajinagar,Ulsoor,266.0,80.0,Not Applicable,Not Applicable,No,Not Applicable,247,Cash,48,3.5,3.7
2024-07-10 16:16:00,CNR2250264225,Driver Not Found,CID633707,Prime SUV,Shivajinagar,Shantinagar,,,Not Applicable,Not Applicable,Not Applicable,Not Applicable,405,Not Applicable,0,,
2024-07-28 06:43:00,CNR2410230842,Canceled by Customer,CID775191,Auto,Magadi Road,Langford Town,,,AC is Not working,Not Applicable,Not Applicable,Not Applicable,242,Not Applicable,0,,
2024-07-15 16:15:00,CNR9143339210,Success,CID161423,Mini,Bellandur,Indiranagar,154.0,80.0,Not Applicable,Not Applicable,No,Not Applicable,126,UPI,27,4.8,3.8
2024-07-11 00:13:00,CNR6303558385,Success,CID262900,Prime SUV,Tumkur Road,Tumkur Road,56.0,135.0,Not Applicable,Not Applicable,No,Not Applicable,472,UPI,47,3.3,3.8
2024-07-09 23:12:00,CNR4501878438,Success,CID324891,Prime Plus,Tumkur Road,Shantinagar,154.0,25.0,Not Applicable,Not Applicable,No,Not Applicable,193,Cash,5,3.2,4.7
2024-07-21 16:54:00,CNR1802382093,Canceled by Driver,CID691621,Prime Sedan,HSR Layout,Electronic City,,,Not Applicable,Personal & Car related issue,Not Applicable,Not Applicable,311,Not Applicable,0,,
2024-07-08 02:10:00,CNR3258530026,Driver Not Found,CID579558,Mini,Frazer Town,Sahakar Nagar,,,Not Applicable,Not Applicable,Not Applicable,Not Applicable,336,Not Applicable,0,,
2024-07-04 03:35:00,CNR8314503410,Success,CID557094,Prime Plus,Richmond Town,MG Road,294.0,140.0,Not Applicable,Not Applicable,No,Not Applicable,2548,UPI,33,4.9,3.7
2024-07-03 07:04:00,CNR8545184359,Success,CID808258,Prime Plus,Devanahalli,Electronic City,217.0,65.0,Not Applicable,Not Applicable,No,Not Applicable,128,Cash,9,4.5,3.0
2024-07-25 06:57:00,CNR4977098432,Canceled by Driver,CID792145,Bike,Langford Town,Marathahalli,,,Not Applicable,Personal & Car related issue,Not Applicable,Not Applicable,156,Not Applicable,0,,
2024-07-26 23:56:00,CNR2147547506,Success,CID326808,Prime Sedan,Hulimavu,Indiranagar,280.0,95.0,Not Applicable,Not Applicable,No,Not Applicable,151,UPI,42,3.4,3.4
2024-07-21 11:30:00,CNR2291743617,Success,CID546826,Bike,HSR Layout,JP Nagar,49.0,40.0,Not Applicable,Not Applicable,No,Not Applicable,615,UPI,14,3.4,4.7
2024-07-19 06:41:00,CNR3418198267,Driver Not Found,CID622787,Prime Plus,Magadi Road,Bannerghatta Road,,,Not Applicable,Not Applicable,Not Applicable,Not Applicable,108,Not Applicable,0,,
2024-07-22 01:48:00,CNR7698519875,Canceled by Customer,CID402492,Mini,RT Nagar,Koramangala,,,Change of plans,Not Applicable,Not Applicable,Not Applicable,492,Not Applicable,0,,
2024-07-09 01:19:00,CNR5110573404,Canceled by Driver,CID114737,Prime Plus,Kengeri,Kengeri,,,Not Applicable,Customer was coughing/sick,Not Applicable,Not Applicable,149,Not Applicable,0,,
2024-07-05 12:37:00,CNR6724961384,Canceled by Driver,CID139666,Mini,Indiranagar,Rajarajeshwari Nagar,,,Not Applicable,Personal & Car related issue,Not Applicable,Not Applicable,330,Not Applicable,0,,
2024-07-17 02:42:00,CNR5383558707,Success,CID108379,Prime Sedan,Devanahalli,RT Nagar,70.0,115.0,Not Applicable,Not Applicable,No,Not Applicable,754,UPI,9,4.1,3.8
2024-07-16 23:01:00,CNR7440501607,Success,CID505930,Auto,Yeshwanthpur,Yeshwanthpur,224.0,25.0,Not Applicable,Not Applicable,No,Not Applicable,263,UPI,1,4.9,4.3
2024-07-20 17:57:00,CNR5023997643,Driver Not Found,CID154690,Auto,Indiranagar,Jayanagar,,,Not Applicable,Not Applicable,Not Applicable,Not Applicable,418,Not Applicable,0,,
2024-07-03 20:47:00,CNR4391584535,Success,CID776863,Prime Plus,Koramangala,Kammanahalli,189.0,95.0,Not Applicable,Not Applicable,No,Not Applicable,919,Cash,33,4.9,4.2
2024-07-13 17:15:00,CNR8325193283,Success,CID189176,Auto,Yeshwanthpur,MG Road,42.0,115.0,Not Applicable,Not Applicable,No,Not Applicable,435,UPI,11,4.1,3.8
2024-07-11 00:28:00,CNR6190551309,Success,CID802220,Prime SUV,Magadi Road,Vijayanagar,105.0,140.0,Not Applicable,Not Applicable,No,Not Applicable,123,UPI,29,4.3,3.4
2024-07-05 17:56:00,CNR2938482546,Success,CID880876,Prime SUV,JP Nagar,Kengeri,175.0,130.0,Not Applicable,Not Applicable,No,Not Applicable,119,Cash,16,3.3,4.8
2024-07-17 10:06:00,CNR1797862070,Canceled by Customer,CID322267,Bike,RT Nagar,Koramangala,,,Change of plans,Not Applicable,Not Applicable,Not Applicable,470,Not Applicable,0,,
2024-07-21 10:41:00,CNR7565109654,Canceled by Customer,CID479566,Prime Sedan,Shantinagar,HSR Layout,,,Driver is not moving towards pickup location,Not Applicable,Not Applicable,Not Applicable,320,Not Applicable,0,,
2024-07-26 17:52:00,CNR3346727274,Driver Not Found,CID768227,Prime Plus,Sahakar Nagar,Richmond Town,,,Not Applicable,Not Applicable,Not Applicable,Not Applicable,280,Not Applicable,0,,
2024-07-10 14:07:00,CNR2488318531,Canceled by Driver,CID104176,Prime SUV,Kengeri,RT Nagar,,,Not Applicable,Personal & Car related issue,Not Applicable,Not Applicable,105,Not Applicable,0,,
2024-07-15 13:32:00,CNR9543084064,Success,CID918887,Prime Plus,Langford Town,Kengeri,217.0,110.0,Not Applicable,Not Applicable,No,Not Applicable,231,Cash,43,4.5,3.3
2024-07-27 12:28:00,CNR2717235417,Success,CID923933,Auto,Banashankari,Kadugodi,203.0,140.0,Not Applicable,Not Applicable,No,Not Applicable,965,Cash,1,4.2,3.3
2024-07-17 19:25:00,CNR2022304190,Success,CID751238,Prime SUV,HSR Layout,Rajajinagar,77.0,65.0,Not Applicable,Not Applicable,No,Not Applicable,257,Cash,1,3.4,3.2
2024-07-16 22:13:00,CNR1504755192,Success,CID384474,Mini,Kengeri,Cox Town,154.0,85.0,Not Applicable,Not Applicable,No,Not Applicable,1639,UPI,4,3.1,4.4
2024-07-05 18:20:00,CNR3342179692,Driver Not Found,CID872575,Prime Plus,Basavanagudi,Tumkur Road,,,Not Applicable,Not Applicable,Not Applicable,Not Applicable,202,Not Applicable,0,,
2024-07-27 23:03:00,CNR9547676593,Canceled by Customer,CID909736,eBike,Indiranagar,Shivajinagar,,,Change of plans,Not Applicable,Not Applicable,Not Applicable,296,Not Applicable,0,,
2024-07-02 07:23:00,CNR4874358179,Success,CID577267,Mini,Langford Town,Hulimavu,140.0,95.0,Not Applicable,Not Applicable,No,Not Applicable,900,UPI,16,4.0,4.0
2024-07-06 21:16:00,CNR1396288723,Success,CID144882,Prime Sedan,Padmanabhanagar,Frazer Town,168.0,45.0,Not Applicable,Not Applicable,No,Not Applicable,461,Cash,28,4.9,4.8
2024-07-27 11:46:00,CNR4172641039,Success,CID567596,Bike,Banashankari,Richmond Town,259.0,85.0,Not Applicable,Not Applicable,No,Not Applicable,1949,UPI,9,4.1,3.8
2024-07-29 08:58:00,CNR3948828610,Success,CID717799,Auto,Chamarajpet,Chickpet,203.0,50.0,Not Applicable,Not Applicable,No,Not Applicable,448,UPI,14,4.0,4.9
2024-07-28 01:46:00,CNR3498078546,Success,CID952000,Prime SUV,Mysore Road,Electronic City,210.0,105.0,Not Applicable,Not Applicable,No,Not Applicable,351,Cash,22,4.6,3.2
2024-07-05 19:01:00,CNR3127255959,Canceled by Driver,CID304287,Bike,Mysore Road,Malleshwaram,,,Not Applicable,Customer was coughing/sick,Not Applicable,Not Applicable,918,Not Applicable,0,,
2024-07-15 16:36:00,CNR7453175266,Canceled by Customer,CID249872,Mini,Malleshwaram,Marathahalli,,,Wrong Address,Not Applicable,Not Applicable,Not Applicable,111,Not Applicable,0,,
2024-07-17 07:03:00,CNR7524563216,Success,CID553914,Prime Plus,Sarjapur Road,Bellandur,105.0,85.0,Not Applicable,Not Applicable,No,Not Applicable,382,UPI,16,4.7,3.8
2024-07-17 12:40:00,CNR6776020447,Success,CID995798,Bike,Kammanahalli,Hennur,63.0,130.0,Not Applicable,Not Applicable,No,Not Applicable,339,Cash,48,4.2,3.7
2024-07-27 08:52:00,CNR6901472973,Success,CID211644,Prime Sedan,Electronic City,Hebbal,91.0,125.0,Not Applicable,Not Applicable,No,Not Applicable,139,Cash,42,4.4,3.1
2024-07-26 08:10:00,CNR2760351874,Success,CID982910,Bike,Kadugodi,RT Nagar,280.0,130.0,Not Applicable,Not Applicable,No,Not Applicable,373,Cash,5,3.8,3.6
2024-07-17 17:21:00,CNR7754480592,Canceled by Customer,CID798461,eBike,Majestic,RT Nagar,,,AC is Not working,Not Applicable,Not Applicable,Not Applicable,333,Not Applicable,0,,
2024-07-12 21:51:00,CNR1104988348,Driver Not Found,CID763760,Prime Sedan,Hennur,Sahakar Nagar,,,Not Applicable,Not Applicable,Not Applicable,Not Applicable,435,Not Applicable,0,,
2024-07-18 12:00:00,CNR8507381857,Canceled by Customer,CID665904,Bike,Ramamurthy Nagar,BTM Layout,,,Driver asked to cancel,Not Applicable,Not Applicable,Not Applicable,303,Not Applicable,0,,
2024-07-13 10:11:00,CNR6177839426,Canceled by Driver,CID416871,Bike,Kengeri,Nagarbhavi,,,Not Applicable,Personal & Car related issue,Not Applicable,Not Applicable,470,Not Applicable,0,,
2024-07-04 18:19:00,CNR6723873978,Canceled by Driver,CID796735,Prime SUV,Tumkur Road,RT Nagar,,,Not Applicable,Personal & Car related issue,Not Applicable,Not Applicable,402,Not Applicable,0,,
2024-07-26 18:11:00,CNR5380823547,Driver Not Found,CID385437,Bike,Richmond Town,JP Nagar,,,Not Applicable,Not Applicable,Not Applicable,Not Applicable,400,Not Applicable,0,,
2024-07-30 23:05:00,CNR5908020826,Success,CID627508,Auto,Marathahalli,Sarjapur Road,203.0,55.0,Not Applicable,Not Applicable,No,Not Applicable,476,Cash,9,3.2,3.5
2024-07-10 16:16:00,CNR8740936782,Canceled by Customer,CID557610,Mini,Hosur Road,BTM Layout,,,Driver is not moving towards pickup location,Not Applicable,Not Applicable,Not Applicable,234,Not Applicable,0,,
2024-07-28 13:21:00,CNR7474994203,Success,CID776582,Auto,Mysore Road,Marathahalli,168.0,50.0,Not Applicable,Not Applicable,No,Not Applicable,2224,Cash,12,3.3,4.6
2024-07-02 23:57:00,CNR7848663429,Success,CID336733,Mini,Shantinagar,Sarjapur Road,56.0,65.0,Not Applicable,Not Applicable,No,Not Applicable,275,UPI,42,4.5,4.0
2024-07-19 07:32:00,CNR5000407376,Success,CID628733,Bike,Magadi Road,Rajajinagar,98.0,95.0,Not Applicable,Not Applicable,No,Not Applicable,412,Cash,44,4.6,4.3
2024-07-07 13:58:00,CNR6987342570,Success,CID426256,Mini,Shivajinagar,Ramamurthy Nagar,91.0,135.0,Not Applicable,Not Applicable,No,Not Applicable,370,Cash,4,4.1,3.3
2024-07-22 11:03:00,CNR6023083387,Success,CID964401,Mini,RT Nagar,Tumkur Road,196.0,125.0,Not Applicable,Not Applicable,No,Not Applicable,219,Cash,36,4.6,3.1
2024-07-23 04:19:00,CNR3283700995,Canceled by Driver,CID657870,Prime Sedan,Kengeri,Rajarajeshwari Nagar,,,Not Applicable,Personal & Car related issue,Not Applicable,Not Applicable,526,Not Applicable,0,,
2024-07-22 10:05:00,CNR9099796690,Success,CID829176,Prime Plus,Vijayanagar,Frazer Town,287.0,65.0,Not Applicable,Not Applicable,No,Not Applicable,984,Cash,45,4.7,3.6
2024-07-08 04:09:00,CNR2630524590,Success,CID704926,Bike,Hosur Road,Whitefield,91.0,110.0,Not Applicable,Not Applicable,No,Not Applicable,268,UPI,43,3.7,3.7
2024-07-15 06:49:00,CNR6763684849,Success,CID974848,Bike,Devanahalli,Shivajinagar,42.0,55.0,Not Applicable,Not Applicable,No,Not Applicable,2776,UPI,37,4.7,4.0
2024-07-13 08:41:00,CNR5215597612,Canceled by Customer,CID452916,Mini,Kammanahalli,Richmond Town,,,Driver is not moving towards pickup location,Not Applicable,Not Applicable,Not Applicable,942,Not Applicable,0,,
2024-07-29 01:16:00,CNR5066974367,Canceled by Driver,CID334314,Bike,Vijayanagar,Indiranagar,,,Not Applicable,Personal & Car related issue,Not Applicable,Not Applicable,443,Not Applicable,0,,
2024-07-09 23:25:00,CNR5050798568,Canceled by Customer,CID769908,Auto,Bellandur,Bellandur,,,Driver is not moving towards pickup location,Not Applicable,Not Applicable,Not Applicable,560,Not Applicable,0,,
2024-07-10 19:57:00,CNR9197787268,Success,CID732811,Prime SUV,RT Nagar,Indiranagar,56.0,105.0,Not Applicable,Not Applicable,No,Not Applicable,308,UPI,47,3.5,3.0
2024-07-04 16:55:00,CNR1089459022,Canceled by Driver,CID435761,Bike,KR Puram,Malleshwaram,,,Not Applicable,Customer was coughing/sick,Not Applicable,Not Applicable,442,Not Applicable,0,,
2024-07-04 03:35:00,CNR1758216307,Success,CID593409,Mini,Rajarajeshwari Nagar,Ulsoor,154.0,70.0,Not Applicable,Not Applicable,No,Not Applicable,122,Cash,8,3.5,4.7
2024-07-26 14:10:00,CNR8260112972,Success,CID464979,Prime Sedan,Banashankari,Mysore Road,77.0,90.0,Not Applicable,Not Applicable,No,Not Applicable,424,Cash,6,4.3,3.1
2024-07-04 06:43:00,CNR4140159521,Success,CID726506,Prime SUV,Rajarajeshwari Nagar,Jayanagar,224.0,25.0,Not Applicable,Not Applicable,Yes,Vehicle Breakdown,189,Cash,27,4.1,4.8
2024-07-14 01:02:00,CNR7590689003,Success,CID366759,Prime SUV,Chickpet,Electronic City,140.0,50.0,Not Applicable,Not Applicable,No,Not Applicable,338,Cash,31,4.8,3.9
2024-07-29 12:34:00,CNR9115688106,Success,CID420676,Bike,Kadugodi,Chickpet,273.0,25.0,Not Applicable,Not Applicable,No,Not Applicable,681,UPI,16,3.9,3.3
2024-07-05 07:55:00,CNR9684704085,Success,CID139237,Prime Sedan,KR Puram,Rajarajeshwari Nagar,168.0,50.0,Not Applicable,Not Applicable,No,Not Applicable,300,UPI,11,5.0,4.1
2024-07-10 17:53:00,CNR4040784355,Canceled by Customer,CID973928,eBike,Chickpet,Peenya,,,Change of plans,Not Applicable,Not Applicable,Not Applicable,785,Not Applicable,0,,
2024-07-12 16:07:00,CNR7517997338,Driver Not Found,CID553548,Bike,Mysore Road,Basavanagudi,,,Not Applicable,Not Applicable,Not Applicable,Not Applicable,1002,Not Applicable,0,,
2024-07-13 04:45:00,CNR8440773370,Success,CID628135,Mini,Richmond Town,Chickpet,301.0,125.0,Not Applicable,Not Applicable,No,Not Applicable,320,Cash,47,3.3,3.2
2024-07-17 18:22:00,CNR7206355748,Success,CID544964,Mini,Richmond Town,Bellandur,266.0,145.0,Not Applicable,Not Applicable,No,Not Applicable,538,Cash,13,4.7,3.2
2024-07-05 08:32:00,CNR6259979220,Success,CID983585,Bike,KR Puram,Kengeri,105.0,35.0,Not Applicable,Not Applicable,No,Not Applicable,372,Cash,12,3.5,3.5
2024-07-13 05:59:00,CNR6700916026,Success,CID305789,Mini,Marathahalli,Kengeri,231.0,80.0,Not Applicable,Not Applicable,No,Not Applicable,601,Cash,20,3.7,4.6
2024-07-14 17:20:00,CNR1248381875,Canceled by Customer,CID602988,Prime SUV,Devanahalli,Whitefield,,,Driver is not moving towards pickup location,Not Applicable,Not Applicable,Not Applicable,286,Not Applicable,0,,
2024-07-06 07:43:00,CNR8535191336,Success,CID797261,Auto,Chamarajpet,Padmanabhanagar,252.0,95.0,Not Applicable,Not Applicable,No,Not Applicable,2756,Cash,5,3.2,3.6
2024-07-06 16:51:00,CNR5710289520,Success,CID947352,Mini,Kengeri,Jayanagar,91.0,85.0,Not Applicable,Not Applicable,No,Not Applicable,154,Cash,37,5.0,3.6
2024-07-27 22:29:00,CNR3324922640,Success,CID922289,Bike,Langford Town,Bannerghatta Road,133.0,115.0,Not Applicable,Not Applicable,No,Not Applicable,273,Cash,8,4.1,3.7
2024-07-22 03:28:00,CNR2396074910,Canceled by Customer,CID125920,Mini,Mysore Road,Yelahanka,,,AC is Not working,Not Applicable,Not Applicable,Not Applicable,778,Not Applicable,0,,
2024-07-08 22:59:00,CNR2611357619,Driver Not Found,CID498532,Prime Sedan,Whitefield,Jayanagar,,,Not Applicable,Not Applicable,Not Applicable,Not Applicable,485,Not Applicable,0,,
2024-07-30 11:11:00,CNR2625993091,Success,CID605125,Prime SUV,Langford Town,Koramangala,196.0,60.0,Not Applicable,Not Applicable,No,Not Applicable,332,UPI,42,3.5,3.1
2024-07-10 21:40:00,CNR1810304245,Canceled by Driver,CID867995,Prime Sedan,BTM Layout,Bannerghatta Road,,,Not Applicable,Customer was coughing/sick,Not Applicable,Not Applicable,2017,Not Applicable,0,,
2024-07-26 20:36:00,CNR8719124075,Success,CID991457,Auto,Sahakar Nagar,Hulimavu,210.0,125.0,Not Applicable,Not Applicable,No,Not Applicable,2709,Cash,1,3.9,3.7
2024-07-28 14:54:00,CNR3616115473,Success,CID409333,Bike,Cox Town,Basavanagudi,119.0,115.0,Not Applicable,Not Applicable,No,Not Applicable,908,Cash,9,4.0,3.9
2024-07-01 19:35:00,CNR6777797003,Driver Not Found,CID668598,Auto,Koramangala,Kengeri,,,Not Applicable,Not Applicable,Not Applicable,Not Applicable,289,Not Applicable,0,,
2024-07-12 00:44:00,CNR8106049715,Success,CID221798,Mini,Basavanagudi,KR Puram,189.0,140.0,Not Applicable,Not Applicable,Yes,Customer Demand,967,Cash,4,4.1,4.0
2024-07-07 14:41:00,CNR8466798507,Driver Not Found,CID607595,Auto,HSR Layout,Shantinagar,,,Not Applicable,Not Applicable,Not Applicable,Not Applicable,216,Not Applicable,0,,
2024-07-16 02:08:00,CNR4049802547,Success,CID134567,Auto,Sarjapur Road,Langford Town,224.0,125.0,Not Applicable,Not Applicable,No,Not Applicable,607,UPI,18,5.0,4.7
2024-07-26 17:06:00,CNR8346176196,Success,CID774068,Mini,Padmanabhanagar,Banashankari,287.0,85.0,Not Applicable,Not Applicable,No,Not Applicable,804,UPI,8,4.9,3.2
2024-07-19 15:53:00,CNR7514323612,Success,CID549687,Auto,Rajarajeshwari Nagar,Rajajinagar,112.0,30.0,Not Applicable,Not Applicable,No,Not Applicable,308,Cash,10,3.8,5.0
2024-07-03 16:52:00,CNR1748272440,Canceled by Driver,CID255080,Bike,Hebbal,BTM Layout,,,Not Applicable,Personal & Car related issue,Not Applicable,Not Applicable,682,Not Applicable,0,,
2024-07-02 22:41:00,CNR8167151221,Success,CID750820,Mini,Majestic,Ulsoor,238.0,105.0,Not Applicable,Not Applicable,No,Not Applicable,463,Cash,4,3.7,4.6
2024-07-21 18:00:00,CNR6961629217,Canceled by Driver,CID842957,Prime Sedan,Kadugodi,Banashankari,,,Not Applicable,Personal & Car related issue,Not Applicable,Not Applicable,1778,Not Applicable,0,,
2024-07-27 20:50:00,CNR7749453262,Driver Not Found,CID401171,Prime Plus,Sahakar Nagar,Ulsoor,,,Not Applicable,Not Applicable,Not Applicable,Not Applicable,288,Not Applicable,0,,
2024-07-11 18:40:00,CNR5072034951,Canceled by Driver,CID108221,Prime Sedan,Hennur,Richmond Town,,,Not Applicable,Customer related issue,Not Applicable,Not Applicable,538,Not Applicable,0,,
2024-07-08 14:11:00,CNR4471833588,Driver Not Found,CID616289,Bike,Ramamurthy Nagar,Ramamurthy Nagar,,,Not Applicable,Not Applicable,Not Applicable,Not Applicable,715,Not Applicable,0,,
2024-07-13 10:28:00,CNR2645293392,Success,CID989258,Bike,Sarjapur Road,Hosur Road,119.0,30.0,Not Applicable,Not Applicable,No,Not Applicable,320,UPI,35,3.5,3.8
2024-07-27 11:33:00,CNR4230261777,Success,CID855964,Prime Plus,Basavanagudi,Hosur Road,119.0,55.0,Not Applicable,Not Applicable,No,Not Applicable,102,UPI,17,4.6,4.3
2024-07-01 01:17:00,CNR9787823749,Success,CID600578,Prime Plus,Yeshwanthpur,KR Puram,42.0,140.0,Not Applicable,Not Applicable,No,Not Applicable,102,UPI,30,4.8,4.8
2024-07-20 02:12:00,CNR6186472850,Driver Not Found,CID487145,Prime Sedan,KR Puram,Basavanagudi,,,Not Applicable,Not Applicable,Not Applicable,Not Applicable,521,Not Applicable,0,,
2024-07-27 03:52:00,CNR3439985550,Canceled by Driver,CID919004,Mini,Kammanahalli,Kengeri,,,Not Applicable,Personal & Car related issue,Not Applicable,Not Applicable,145,Not Applicable,0,,
2024-07-24 07:39:00,CNR6848459410,Canceled by Driver,CID401194,Prime Plus,Hosur Road,Electronic City,,,Not Applicable,More than permitted people in there,Not Applicable,Not Applicable,2263,Not Applicable,0,,
2024-07-19 19:46:00,CNR6180504650,Success,CID431938,eBike,Ramamurthy Nagar,Magadi Road,91.0,110.0,Not Applicable,Not Applicable,No,Not Applicable,2220,Cash,47,3.6,3.1
2024-07-07 17:23:00,CNR9205489572,Success,CID668456,eBike,Whitefield,Malleshwaram,147.0,90.0,Not Applicable,Not Applicable,No,Not Applicable,2805,UPI,3,4.1,3.4
2024-07-05 03:36:00,CNR9484813516,Success,CID747396,Prime Plus,Electronic City,Mysore Road,105.0,85.0,Not Applicable,Not Applicable,No,Not Applicable,2192,Cash,47,4.7,4.4
2024-07-15 00:45:00,CNR5392228714,Canceled by Driver,CID232040,Prime Plus,Rajarajeshwari Nagar,Magadi Road,,,Not Applicable,Customer related issue,Not Applicable,Not Applicable,992,Not Applicable,0,,
2024-07-01 06:19:00,CNR5399538986,Canceled by Customer,CID598367,Mini,RT Nagar,Yelahanka,,,Driver is not moving towards pickup location,Not Applicable,Not Applicable,Not Applicable,155,Not Applicable,0,,
2024-07-03 16:30:00,CNR6925767087,Success,CID734291,Prime Plus,Rajarajeshwari Nagar,RT Nagar,210.0,35.0,Not Applicable,Not Applicable,No,Not Applicable,475,Cash,22,3.6,3.3
2024-07-19 15:31:00,CNR6327484535,Success,CID314428,Auto,Rajajinagar,Chamarajpet,119.0,75.0,Not Applicable,Not Applicable,No,Not Applicable,174,Cash,17,4.4,3.5
2024-07-20 19:58:00,CNR7816334356,Success,CID611146,Prime Plus,Sahakar Nagar,Banashankari,224.0,90.0,Not Applicable,Not Applicable,No,Not Applicable,723,UPI,49,3.4,4.6
2024-07-10 01:56:00,CNR1865524343,Success,CID658282,Auto,Rajarajeshwari Nagar,MG Road,266.0,130.0,Not Applicable,Not Applicable,No,Not Applicable,489,Cash,3,3.5,4.5
2024-07-20 18:06:00,CNR3645131778,Driver Not Found,CID504967,Bike,Peenya,Kadugodi,,,Not Applicable,Not Applicable,Not Applicable,Not Applicable,295,Not Applicable,0,,
2024-07-17 19:29:00,CNR2223775670,Success,CID285530,Prime Plus,Sarjapur Road,Majestic,217.0,125.0,Not Applicable,Not Applicable,No,Not Applicable,872,UPI,17,4.6,4.6
2024-07-13 02:24:00,CNR8157208010,Success,CID278123,Prime Sedan,Malleshwaram,Kammanahalli,154.0,30.0,Not Applicable,Not Applicable,No,Not Applicable,416,Cash,41,3.5,3.5
2024-07-13 22:50:00,CNR2348565105,Success,CID424157,Prime Sedan,Langford Town,Yelahanka,210.0,130.0,Not Applicable,Not Applicable,No,Not Applicable,219,UPI,16,4.9,4.9
2024-07-20 02:26:00,CNR6789768498,Success,CID591416,Prime Plus,Nagarbhavi,Padmanabhanagar,294.0,140.0,Not Applicable,Not Applicable,No,Not Applicable,212,Cash,14,4.8,4.8
2024-07-26 13:39:00,CNR8457434112,Success,CID328514,Bike,KR Puram,Yelahanka,203.0,90.0,Not Applicable,Not Applicable,No,Not Applicable,267,Cash,8,3.7,4.9
2024-07-17 05:50:00,CNR9558893452,Success,CID221086,Bike,Sahakar Nagar,JP Nagar,266.0,30.0,Not Applicable,Not Applicable,No,Not Applicable,208,Cash,1,3.3,3.3
2024-07-02 02:14:00,CNR8314086703,Success,CID294941,Prime Plus,Chamarajpet,Sarjapur Road,294.0,65.0,Not Applicable,Not Applicable,No,Not Applicable,1867,UPI,19,4.9,4.4
2024-07-14 06:35:00,CNR5252853010,Canceled by Customer,CID325700,Prime Sedan,Shantinagar,Sahakar Nagar,,,AC is Not working,Not Applicable,Not Applicable,Not Applicable,176,Not Applicable,0,,
2024-07-03 14:28:00,CNR4617438982,Success,CID482834,Prime SUV,Mysore Road,JP Nagar,217.0,120.0,Not Applicable,Not Applicable,No,Not Applicable,319,UPI,38,3.8,4.2
2024-07-17 08:59:00,CNR9981127486,Canceled by Driver,CID428248,Prime SUV,Magadi Road,Sahakar Nagar,,,Not Applicable,Customer related issue,Not Applicable,Not Applicable,443,Not Applicable,0,,
2024-07-21 18:56:00,CNR4189688785,Success,CID421079,Prime SUV,Nagarbhavi,Magadi Road,175.0,125.0,Not Applicable,Not Applicable,No,Not Applicable,848,Cash,8,3.9,4.3
2024-07-13 21:18:00,CNR3641856090,Success,CID184275,Mini,Indiranagar,Indiranagar,245.0,145.0,Not Applicable,Not Applicable,No,Not Applicable,352,UPI,25,3.7,3.3
2024-07-16 08:05:00,CNR7496433432,Success,CID375056,Prime SUV,Chickpet,Hennur,273.0,35.0,Not Applicable,Not Applicable,No,Not Applicable,135,Cash,25,4.5,4.2
2024-07-26 21:11:00,CNR1791121173,Canceled by Driver,CID574468,Prime SUV,Richmond Town,Ulsoor,,,Not Applicable,Customer was coughing/sick,Not Applicable,Not Applicable,961,Not Applicable,0,,
2024-07-08 10:12:00,CNR5850611433,Canceled by Driver,CID137517,eBike,Shantinagar,Basavanagudi,,,Not Applicable,More than permitted people in there,Not Applicable,Not Applicable,159,Not Applicable,0,,
2024-07-09 17:37:00,CNR3931710299,Success,CID590293,Prime Plus,Tumkur Road,KR Puram,231.0,30.0,Not Applicable,Not Applicable,No,Not Applicable,103,Credit Card,18,3.1,4.8
2024-07-30 17:57:00,CNR5213555326,Success,CID977445,Prime Sedan,Kammanahalli,Tumkur Road,70.0,30.0,Not Applicable,Not Applicable,No,Not Applicable,121,Cash,5,3.5,3.3
2024-07-27 21:16:00,CNR1388544078,Canceled by Driver,CID658602,Bike,Shivajinagar,Marathahalli,,,Not Applicable,Customer was coughing/sick,Not Applicable,Not Applicable,734,Not Applicable,0,,
2024-07-22 14:37:00,CNR2711122761,Success,CID843483,eBike,MG Road,Bannerghatta Road,133.0,40.0,Not Applicable,Not Applicable,No,Not Applicable,239,UPI,9,4.8,3.8
2024-07-27 16:33:00,CNR6009262921,Success,CID279932,eBike,MG Road,Sarjapur Road,63.0,130.0,Not Applicable,Not Applicable,No,Not Applicable,404,UPI,12,4.7,4.5
2024-07-04 01:22:00,CNR9438404204,Success,CID387114,Prime Sedan,RT Nagar,Indiranagar,77.0,70.0,Not Applicable,Not Applicable,No,Not Applicable,420,UPI,33,4.0,3.4
2024-07-04 12:06:00,CNR3681711882,Success,CID843885,Auto,Frazer Town,Bannerghatta Road,77.0,75.0,Not Applicable,Not Applicable,No,Not Applicable,517,Cash,3,4.8,3.4
2024-07-22 11:28:00,CNR5802711838,Success,CID881426,Prime SUV,Cox Town,Sarjapur Road,308.0,40.0,Not Applicable,Not Applicable,No,Not Applicable,141,Cash,13,3.3,5.0
2024-07-27 06:30:00,CNR9371520516,Success,CID960966,eBike,Kammanahalli,Electronic City,140.0,105.0,Not Applicable,Not Applicable,No,Not Applicable,434,UPI,46,4.3,3.9
2024-07-05 10:28:00,CNR6633781101,Driver Not Found,CID208782,eBike,Kengeri,Mysore Road,,,Not Applicable,Not Applicable,Not Applicable,Not Applicable,115,Not Applicable,0,,
2024-07-15 16:41:00,CNR5572653664,Success,CID193353,Prime Sedan,Nagarbhavi,Yeshwanthpur,238.0,125.0,Not Applicable,Not Applicable,Yes,Other Issue,867,Credit Card,5,3.4,4.0
2024-07-12 09:12:00,CNR8479592869,Success,CID537939,Mini,JP Nagar,Sahakar Nagar,175.0,60.0,Not Applicable,Not Applicable,No,Not Applicable,295,Cash,38,4.4,3.1
2024-07-10 11:19:00,CNR5327097401,Success,CID595670,Prime Sedan,Frazer Town,Tumkur Road,210.0,85.0,Not Applicable,Not Applicable,No,Not Applicable,447,Cash,25,4.3,4.7
2024-07-14 06:06:00,CNR7926918194,Canceled by Driver,CID640036,Auto,Tumkur Road,Cox Town,,,Not Applicable,Customer related issue,Not Applicable,Not Applicable,112,Not Applicable,0,,
2024-07-16 03:25:00,CNR2167280325,Success,CID273254,Mini,Sahakar Nagar,RT Nagar,112.0,55.0,Not Applicable,Not Applicable,No,Not Applicable,922,Cash,38,4.6,3.8
2024-07-02 07:39:00,CNR2784122357,Success,CID455345,eBike,Varthur,Vijayanagar,63.0,75.0,Not Applicable,Not Applicable,No,Not Applicable,174,UPI,40,4.3,3.2
2024-07-19 06:05:00,CNR6172353550,Success,CID398348,Bike,Richmond Town,Whitefield,231.0,35.0,Not Applicable,Not Applicable,No,Not Applicable,719,UPI,15,3.6,3.8
2024-07-02 03:25:00,CNR1161709591,Success,CID617598,Bike,Richmond Town,Padmanabhanagar,308.0,140.0,Not Applicable,Not Applicable,No,Not Applicable,105,Credit Card,16,5.0,3.5
2024-07-01 07:45:00,CNR1519994032,Canceled by Customer,CID389472,Prime SUV,Malleshwaram,Hulimavu,,,Driver is not moving towards pickup location,Not Applicable,Not Applicable,Not Applicable,804,Not Applicable,0,,
2024-07-09 15:54:00,CNR5157874855,Canceled by Driver,CID902324,Prime Sedan,RT Nagar,Chamarajpet,,,Not Applicable,Personal & Car related issue,Not Applicable,Not Applicable,314,Not Applicable,0,,
2024-07-23 11:10:00,CNR4297364519,Success,CID694905,Prime Sedan,Mysore Road,MG Road,182.0,65.0,Not Applicable,Not Applicable,No,Not Applicable,975,Cash,18,3.3,4.4
2024-07-20 21:48:00,CNR7779014395,Success,CID753734,eBike,Shivajinagar,MG Road,140.0,70.0,Not Applicable,Not Applicable,No,Not Applicable,941,UPI,37,3.2,4.3
2024-07-27 04:21:00,CNR7532448194,Success,CID966889,Mini,Koramangala,Indiranagar,287.0,95.0,Not Applicable,Not Applicable,No,Not Applicable,114,Cash,46,4.4,3.3
2024-07-19 15:53:00,CNR7456330061,Success,CID848310,Prime SUV,Devanahalli,Marathahalli,42.0,30.0,Not Applicable,Not Applicable,No,Not Applicable,301,Credit Card,29,3.8,3.6
2024-07-18 08:01:00,CNR8798050716,Canceled by Customer,CID902202,Mini,Chamarajpet,Devanahalli,,,Driver is not moving towards pickup location,Not Applicable,Not Applicable,Not Applicable,314,Not Applicable,0,,
2024-07-13 20:22:00,CNR3763539431,Success,CID469073,Auto,Rajajinagar,RT Nagar,294.0,120.0,Not Applicable,Not Applicable,No,Not Applicable,642,UPI,10,4.8,3.1
2024-07-23 20:01:00,CNR9190822448,Success,CID503366,Prime SUV,Rajajinagar,Electronic City,35.0,35.0,Not Applicable,Not Applicable,No,Not Applicable,425,UPI,4,4.7,3.3
2024-07-25 18:01:00,CNR3834865500,Success,CID208733,Auto,Hosur Road,Chickpet,98.0,90.0,Not Applicable,Not Applicable,No,Not Applicable,252,Cash,6,3.1,4.2
2024-07-20 19:18:00,CNR4886694445,Driver Not Found,CID801474,Prime Sedan,Kadugodi,Nagarbhavi,,,Not Applicable,Not Applicable,Not Applicable,Not Applicable,117,Not Applicable,0,,
2024-07-07 10:22:00,CNR3991099071,Canceled by Driver,CID350262,Auto,BTM Layout,Varthur,,,Not Applicable,More than permitted people in there,Not Applicable,Not Applicable,455,Not Applicable,0,,
2024-07-20 14:37:00,CNR9234323855,Success,CID747766,Auto,Malleshwaram,Vijayanagar,77.0,35.0,Not Applicable,Not Applicable,Yes,Vehicle Breakdown,176,UPI,18,4.5,3.9
2024-07-06 10:30:00,CNR6702025423,Canceled by Driver,CID450977,Prime Plus,Banashankari,JP Nagar,,,Not Applicable,Customer was coughing/sick,Not Applicable,Not Applicable,385,Not Applicable,0,,
2024-07-14 14:26:00,CNR9707946220,Success,CID971755,Prime Sedan,Kammanahalli,Jayanagar,252.0,75.0,Not Applicable,Not Applicable,No,Not Applicable,225,Cash,17,4.0,3.7
2024-07-19 10:26:00,CNR8705675533,Success,CID797988,Prime SUV,Majestic,Richmond Town,70.0,35.0,Not Applicable,Not Applicable,No,Not Applicable,648,UPI,21,3.7,4.8
2024-07-11 08:32:00,CNR6826659117,Success,CID828861,Prime SUV,Whitefield,Chamarajpet,112.0,80.0,Not Applicable,Not Applicable,No,Not Applicable,265,Cash,46,3.9,3.7
2024-07-17 16:05:00,CNR2420615344,Success,CID114419,Mini,KR Puram,Magadi Road,294.0,55.0,Not Applicable,Not Applicable,No,Not Applicable,107,UPI,12,4.2,3.9
2024-07-12 06:23:00,CNR2590793471,Canceled by Driver,CID296420,eBike,Yeshwanthpur,Hennur,,,Not Applicable,Personal & Car related issue,Not Applicable,Not Applicable,288,Not Applicable,0,,
2024-07-12 19:47:00,CNR9462518948,Canceled by Driver,CID979648,Mini,Whitefield,Vijayanagar,,,Not Applicable,Personal & Car related issue,Not Applicable,Not Applicable,400,Not Applicable,0,,
2024-07-29 07:39:00,CNR7716028304,Driver Not Found,CID904322,Prime Sedan,Frazer Town,Indiranagar,,,Not Applicable,Not Applicable,Not Applicable,Not Applicable,2582,Not Applicable,0,,
2024-07-30 21:27:00,CNR7777103830,Success,CID930866,Mini,Bellandur,Malleshwaram,133.0,65.0,Not Applicable,Not Applicable,No,Not Applicable,318,UPI,6,4.5,4.4
2024-07-21 09:23:00,CNR6328811598,Driver Not Found,CID733341,Bike,Marathahalli,Marathahalli,,,Not Applicable,Not Applicable,Not Applicable,Not Applicable,1918,Not Applicable,0,,
2024-07-10 18:34:00,CNR7871380541,Success,CID305937,Bike,Cox Town,Shivajinagar,294.0,45.0,Not Applicable,Not Applicable,No,Not Applicable,192,UPI,30,3.3,3.8
2024-07-21 09:18:00,CNR5802336545,Success,CID363645,Mini,RT Nagar,Kadugodi,91.0,145.0,Not Applicable,Not Applicable,No,Not Applicable,259,Cash,31,3.8,3.3
2024-07-10 08:42:00,CNR4685382447,Canceled by Driver,CID294292,Prime Sedan,Sahakar Nagar,Kengeri,,,Not Applicable,Customer related issue,Not Applicable,Not Applicable,218,Not Applicable,0,,
2024-07-03 02:02:00,CNR3061845301,Success,CID369667,Prime Sedan,Cox Town,Hebbal,49.0,140.0,Not Applicable,Not Applicable,No,Not Applicable,284,Cash,32,4.6,4.6
2024-07-03 05:45:00,CNR3245691559,Success,CID588812,Prime Sedan,Peenya,Varthur,287.0,110.0,Not Applicable,Not Applicable,Yes,Vehicle Breakdown,589,UPI,10,3.1,4.8
2024-07-09 13:11:00,CNR9565330197,Success,CID514974,Prime SUV,Mysore Road,Bellandur,210.0,140.0,Not Applicable,Not Applicable,No,Not Applicable,245,Credit Card,8,4.7,3.5
2024-07-03 06:07:00,CNR9877929647,Success,CID586340,Mini,Langford Town,Electronic City,287.0,30.0,Not Applicable,Not Applicable,No,Not Applicable,718,Cash,46,4.9,3.6
2024-07-21 18:47:00,CNR6017142519,Success,CID451150,Prime Plus,Yelahanka,Peenya,119.0,145.0,Not Applicable,Not Applicable,No,Not Applicable,252,UPI,40,3.7,4.5
2024-07-18 02:53:00,CNR6277039444,Driver Not Found,CID887701,Bike,Hebbal,Devanahalli,,,Not Applicable,Not Applicable,Not Applicable,Not Applicable,193,Not Applicable,0,,
2024-07-14 21:26:00,CNR1870938870,Success,CID488931,Prime Sedan,Electronic City,Ramamurthy Nagar,175.0,110.0,Not Applicable,Not Applicable,No,Not Applicable,303,Cash,42,4.3,3.5
2024-07-02 11:16:00,CNR3119357690,Success,CID426265,Prime SUV,Langford Town,Rajarajeshwari Nagar,168.0,75.0,Not Applicable,Not Applicable,No,Not Applicable,223,UPI,20,3.7,3.6
2024-07-14 01:34:00,CNR8485666225,Driver Not Found,CID828503,eBike,Hennur,Chamarajpet,,,Not Applicable,Not Applicable,Not Applicable,Not Applicable,997,Not Applicable,0,,
2024-07-30 01:28:00,CNR9947749920,Driver Not Found,CID715256,Prime Plus,Rajarajeshwari Nagar,Hennur,,,Not Applicable,Not Applicable,Not Applicable,Not Applicable,430,Not Applicable,0,,
2024-07-04 11:15:00,CNR3645513353,Success,CID279110,Prime Plus,Kammanahalli,Frazer Town,91.0,30.0,Not Applicable,Not Applicable,No,Not Applicable,450,UPI,15,4.7,3.2
2024-07-27 20:01:00,CNR2632277106,Canceled by Driver,CID954757,Auto,Ulsoor,Vijayanagar,,,Not Applicable,Personal & Car related issue,Not Applicable,Not Applicable,790,Not Applicable,0,,
2024-07-09 08:55:00,CNR6607949184,Driver Not Found,CID742462,Prime Plus,Shantinagar,Sahakar Nagar,,,Not Applicable,Not Applicable,Not Applicable,Not Applicable,130,Not Applicable,0,,
2024-07-18 22:47:00,CNR1271023900,Driver Not Found,CID372866,Prime Sedan,Basavanagudi,Nagarbhavi,,,Not Applicable,Not Applicable,Not Applicable,Not Applicable,322,Not Applicable,0,,
2024-07-06 16:24:00,CNR8159134446,Canceled by Customer,CID565916,Mini,Padmanabhanagar,Magadi Road,,,Driver is not moving towards pickup location,Not Applicable,Not Applicable,Not Applicable,945,Not Applicable,0,,
2024-07-08 03:24:00,CNR3634170683,Driver Not Found,CID101885,Prime SUV,HSR Layout,Ulsoor,,,Not Applicable,Not Applicable,Not Applicable,Not Applicable,260,Not Applicable,0,,
2024-07-14 12:20:00,CNR6085487205,Driver Not Found,CID152735,Prime Sedan,Marathahalli,Sahakar Nagar,,,Not Applicable,Not Applicable,Not Applicable,Not Applicable,2646,Not Applicable,0,,
2024-07-09 21:12:00,CNR4766092948,Success,CID333006,Mini,HSR Layout,Kengeri,133.0,70.0,Not Applicable,Not Applicable,Yes,Vehicle Breakdown,435,Cash,14,3.6,4.4
2024-07-24 11:56:00,CNR3712289276,Success,CID710076,Bike,Kadugodi,Vijayanagar,147.0,145.0,Not Applicable,Not Applicable,No,Not Applicable,341,Cash,23,3.1,4.4
2024-07-22 14:09:00,CNR5327692720,Success,CID183952,Prime SUV,Cox Town,Indiranagar,42.0,120.0,Not Applicable,Not Applicable,No,Not Applicable,467,Cash,7,4.2,3.4
2024-07-27 05:08:00,CNR5425005340,Success,CID291271,Prime Plus,Magadi Road,Jayanagar,231.0,115.0,Not Applicable,Not Applicable,No,Not Applicable,913,UPI,18,3.5,4.2
2024-07-03 14:22:00,CNR6241279860,Success,CID491392,Prime Plus,HSR Layout,Electronic City,147.0,100.0,Not Applicable,Not Applicable,No,Not Applicable,2471,Cash,24,3.2,3.4
2024-07-23 02:52:00,CNR9501285556,Canceled by Driver,CID259019,Prime SUV,Tumkur Road,Varthur,,,Not Applicable,Customer related issue,Not Applicable,Not Applicable,209,Not Applicable,0,,
2024-07-07 19:00:00,CNR9727194850,Success,CID579495,Auto,Whitefield,Electronic City,224.0,85.0,Not Applicable,Not Applicable,No,Not Applicable,136,UPI,7,4.9,3.1
2024-07-09 11:41:00,CNR8865918422,Success,CID569673,Bike,Magadi Road,Rajarajeshwari Nagar,196.0,65.0,Not Applicable,Not Applicable,No,Not Applicable,171,Cash,37,4.2,3.9
2024-07-05 10:51:00,CNR8263380344,Canceled by Customer,CID586416,eBike,Malleshwaram,Frazer Town,,,Driver asked to cancel,Not Applicable,Not Applicable,Not Applicable,421,Not Applicable,0,,
2024-07-20 21:53:00,CNR9569684241,Canceled by Driver,CID313671,Prime Plus,Hulimavu,RT Nagar,,,Not Applicable,Customer was coughing/sick,Not Applicable,Not Applicable,662,Not Applicable,0,,
2024-07-02 12:36:00,CNR9423235579,Canceled by Customer,CID353744,Mini,Ulsoor,Hosur Road,,,Driver is not moving towards pickup location,Not Applicable,Not Applicable,Not Applicable,358,Not Applicable,0,,
2024-07-18 22:15:00,CNR9613998362,Success,CID843304,Mini,Bannerghatta Road,Banashankari,91.0,100.0,Not Applicable,Not Applicable,No,Not Applicable,159,Cash,29,3.8,3.0
2024-07-05 14:32:00,CNR2101617990,Success,CID423616,Prime Sedan,Hulimavu,Bannerghatta Road,161.0,100.0,Not Applicable,Not Applicable,No,Not Applicable,273,Cash,30,3.5,4.5
2024-07-11 15:55:00,CNR5802005225,Success,CID906817,Mini,Whitefield,Rajajinagar,210.0,125.0,Not Applicable,Not Applicable,No,Not Applicable,414,UPI,21,3.7,3.0
2024-07-14 21:43:00,CNR7517695611,Success,CID958113,Prime Plus,Banashankari,JP Nagar,35.0,60.0,Not Applicable,Not Applicable,No,Not Applicable,477,Cash,8,4.4,3.3
2024-07-17 08:32:00,CNR9208536315,Driver Not Found,CID597792,eBike,Hosur Road,Sahakar Nagar,,,Not Applicable,Not Applicable,Not Applicable,Not Applicable,488,Not Applicable,0,,
2024-07-06 02:50:00,CNR2191067258,Success,CID415958,Bike,Shantinagar,Ramamurthy Nagar,133.0,25.0,Not Applicable,Not Applicable,No,Not Applicable,1551,UPI,18,3.9,4.3
2024-07-02 04:07:00,CNR7884290292,Success,CID357449,Mini,MG Road,Kammanahalli,49.0,110.0,Not Applicable,Not Applicable,No,Not Applicable,231,UPI,48,4.7,3.4
2024-07-11 14:08:00,CNR4159377695,Success,CID469541,Prime Plus,Sarjapur Road,Kammanahalli,203.0,90.0,Not Applicable,Not Applicable,No,Not Applicable,855,Cash,2,4.8,4.8
2024-07-11 23:21:00,CNR4623512290,Driver Not Found,CID952118,Prime SUV,Ramamurthy Nagar,Shantinagar,,,Not Applicable,Not Applicable,Not Applicable,Not Applicable,882,Not Applicable,0,,
2024-07-02 14:47:00,CNR8600493541,Success,CID951145,Prime Sedan,Banashankari,Jayanagar,63.0,80.0,Not Applicable,Not Applicable,No,Not Applicable,2230,Cash,40,4.0,4.7
2024-07-03 02:33:00,CNR4125548807,Success,CID393126,Prime SUV,Whitefield,Mysore Road,35.0,40.0,Not Applicable,Not Applicable,No,Not Applicable,774,Cash,42,4.3,3.3
2024-07-28 13:08:00,CNR5772592387,Success,CID111045,eBike,Kammanahalli,JP Nagar,196.0,130.0,Not Applicable,Not Applicable,Yes,Vehicle Breakdown,141,Cash,3,3.8,3.6
2024-07-16 04:47:00,CNR7135851989,Canceled by Driver,CID565937,Prime Plus,Malleshwaram,Frazer Town,,,Not Applicable,Customer was coughing/sick,Not Applicable,Not Applicable,288,Not Applicable,0,,
2024-07-20 16:31:00,CNR6803760234,Driver Not Found,CID281382,Auto,Bellandur,Magadi Road,,,Not Applicable,Not Applicable,Not Applicable,Not Applicable,194,Not Applicable,0,,
2024-07-14 20:20:00,CNR5241544492,Canceled by Customer,CID384125,Bike,Kengeri,Basavanagudi,,,Driver asked to cancel,Not Applicable,Not Applicable,Not Applicable,458,Not Applicable,0,,
2024-07-11 02:18:00,CNR1793302275,Success,CID740890,Prime Plus,Yelahanka,Peenya,252.0,145.0,Not Applicable,Not Applicable,No,Not Applicable,754,Cash,5,4.2,5.0
2024-07-14 19:44:00,CNR1083034899,Canceled by Driver,CID556496,Mini,Devanahalli,Rajajinagar,,,Not Applicable,Customer related issue,Not Applicable,Not Applicable,234,Not Applicable,0,,
2024-07-08 03:32:00,CNR8078669055,Success,CID627557,Mini,Sahakar Nagar,Mysore Road,238.0,70.0,Not Applicable,Not Applicable,No,Not Applicable,148,Cash,42,4.3,3.8
2024-07-20 13:47:00,CNR8873687722,Success,CID868272,Prime Plus,Malleshwaram,Kengeri,70.0,115.0,Not Applicable,Not Applicable,No,Not Applicable,219,Debit Card,27,4.6,4.7
2024-07-28 17:14:00,CNR2702440376,Driver Not Found,CID430137,Prime Sedan,Hulimavu,Langford Town,,,Not Applicable,Not Applicable,Not Applicable,Not Applicable,202,Not Applicable,0,,
2024-07-03 12:01:00,CNR4023383836,Success,CID612524,Prime Sedan,RT Nagar,Basavanagudi,196.0,55.0,Not Applicable,Not Applicable,No,Not Applicable,717,Cash,13,4.0,4.6
2024-07-28 02:14:00,CNR6520761319,Canceled by Customer,CID555796,Auto,KR Puram,Kammanahalli,,,Change of plans,Not Applicable,Not Applicable,Not Applicable,794,Not Applicable,0,,
2024-07-15 02:48:00,CNR1175220731,Success,CID697072,Prime Plus,Whitefield,Chamarajpet,161.0,145.0,Not Applicable,Not Applicable,No,Not Applicable,322,Cash,11,3.0,3.8
2024-07-13 05:31:00,CNR3282458614,Success,CID663047,eBike,Bannerghatta Road,Indiranagar,196.0,130.0,Not Applicable,Not Applicable,No,Not Applicable,281,Cash,14,3.3,3.7
2024-07-19 06:04:00,CNR1945730708,Success,CID281241,Bike,Langford Town,Hulimavu,294.0,55.0,Not Applicable,Not Applicable,No,Not Applicable,318,UPI,31,3.1,4.1
2024-07-26 02:44:00,CNR8322114809,Success,CID929274,Prime Sedan,Jayanagar,Langford Town,280.0,115.0,Not Applicable,Not Applicable,Yes,Customer Demand,203,Cash,19,4.5,5.0
2024-07-16 17:25:00,CNR3665491625,Success,CID963323,Mini,Ramamurthy Nagar,Bannerghatta Road,84.0,130.0,Not Applicable,Not Applicable,No,Not Applicable,347,Debit Card,2,3.2,3.9
2024-07-04 21:37:00,CNR5412796075,Success,CID139663,Prime SUV,Marathahalli,Indiranagar,154.0,100.0,Not Applicable,Not Applicable,No,Not Applicable,205,Credit Card,2,4.6,4.2
2024-07-07 10:30:00,CNR8418275879,Success,CID685342,Auto,Indiranagar,Sahakar Nagar,49.0,30.0,Not Applicable,Not Applicable,No,Not Applicable,252,UPI,15,4.4,4.2
2024-07-18 10:40:00,CNR6003722130,Canceled by Driver,CID948689,Mini,BTM Layout,Kammanahalli,,,Not Applicable,Customer was coughing/sick,Not Applicable,Not Applicable,377,Not Applicable,0,,
2024-07-21 21:21:00,CNR6043069513,Success,CID212522,Auto,Magadi Road,Kammanahalli,112.0,135.0,Not Applicable,Not Applicable,No,Not Applicable,286,UPI,15,3.3,3.7
2024-07-14 14:47:00,CNR1086580331,Success,CID468745,Prime Plus,Hennur,Padmanabhanagar,105.0,40.0,Not Applicable,Not Applicable,No,Not Applicable,2368,Credit Card,43,3.2,3.9
2024-07-18 14:46:00,CNR6170822660,Driver Not Found,CID157835,Prime SUV,Langford Town,Cox Town,,,Not Applicable,Not Applicable,Not Applicable,Not Applicable,454,Not Applicable,0,,
2024-07-03 21:02:00,CNR8813370324,Canceled by Customer,CID137475,Auto,Jayanagar,Frazer Town,,,Driver asked to cancel,Not Applicable,Not Applicable,Not Applicable,194,Not Applicable,0,,
2024-07-12 05:15:00,CNR3914541432,Canceled by Driver,CID448421,Prime Plus,Chamarajpet,Nagarbhavi,,,Not Applicable,Customer was coughing/sick,Not Applicable,Not Applicable,2746,Not Applicable,0,,
2024-07-26 00:46:00,CNR6033683121,Canceled by Driver,CID323448,Auto,BTM Layout,Cox Town,,,Not Applicable,Customer was coughing/sick,Not Applicable,Not Applicable,371,Not Applicable,0,,
2024-07-30 10:00:00,CNR7961578904,Success,CID375206,Prime SUV,Hennur,Indiranagar,168.0,135.0,Not Applicable,Not Applicable,No,Not Applicable,1779,Cash,47,4.9,4.9
2024-07-02 22:58:00,CNR6325724062,Canceled by Customer,CID327404,Bike,RT Nagar,Jayanagar,,,Change of plans,Not Applicable,Not Applicable,Not Applicable,419,Not Applicable,0,,
2024-07-29 15:12:00,CNR9242724006,Driver Not Found,CID815889,Bike,Magadi Road,Hebbal,,,Not Applicable,Not Applicable,Not Applicable,Not Applicable,690,Not Applicable,0,,
2024-07-20 23:59:00,CNR5173953005,Canceled by Driver,CID530178,Mini,Marathahalli,Majestic,,,Not Applicable,Personal & Car related issue,Not Applicable,Not Applicable,260,Not Applicable,0,,
2024-07-12 02:34:00,CNR6414698430,Success,CID376007,Auto,Koramangala,Magadi Road,294.0,50.0,Not Applicable,Not Applicable,No,Not Applicable,191,Cash,15,4.1,4.6
2024-07-27 10:38:00,CNR5138443837,Success,CID371922,Prime Sedan,Yelahanka,Varthur,42.0,70.0,Not Applicable,Not Applicable,No,Not Applicable,574,Cash,32,4.9,3.4
2024-07-19 00:07:00,CNR4753312215,Success,CID179514,Auto,Varthur,Banashankari,112.0,75.0,Not Applicable,Not Applicable,No,Not Applicable,1351,Cash,15,3.9,3.5
2024-07-23 23:34:00,CNR9198497641,Success,CID104672,Prime Plus,Shantinagar,MG Road,119.0,100.0,Not Applicable,Not Applicable,No,Not Applicable,969,Cash,16,4.7,4.6
2024-07-07 04:38:00,CNR9475725093,Canceled by Driver,CID417120,Auto,Tumkur Road,Langford Town,,,Not Applicable,Personal & Car related issue,Not Applicable,Not Applicable,353,Not Applicable,0,,
2024-07-05 20:17:00,CNR9851245581,Canceled by Driver,CID573549,Mini,RT Nagar,Chickpet,,,Not Applicable,Customer was coughing/sick,Not Applicable,Not Applicable,300,Not Applicable,0,,
2024-07-16 23:55:00,CNR2659933649,Success,CID389231,Prime SUV,Whitefield,Sarjapur Road,49.0,85.0,Not Applicable,Not Applicable,No,Not Applicable,181,Cash,31,4.0,3.4
2024-07-16 01:26:00,CNR8034598000,Canceled by Customer,CID520726,Bike,Mysore Road,Shivajinagar,,,Driver asked to cancel,Not Applicable,Not Applicable,Not Applicable,369,Not Applicable,0,,
2024-07-22 19:57:00,CNR4828987377,Canceled by Customer,CID265480,eBike,KR Puram,Ulsoor,,,AC is Not working,Not Applicable,Not Applicable,Not Applicable,336,Not Applicable,0,,
2024-07-11 15:39:00,CNR6519453988,Driver Not Found,CID315006,Prime Plus,Jayanagar,Mysore Road,,,Not Applicable,Not Applicable,Not Applicable,Not Applicable,364,Not Applicable,0,,
2024-07-18 02:55:00,CNR1198289320,Success,CID964095,Prime SUV,Magadi Road,Ramamurthy Nagar,49.0,95.0,Not Applicable,Not Applicable,No,Not Applicable,459,Cash,47,4.9,5.0
2024-07-23 17:58:00,CNR4426730860,Canceled by Driver,CID795499,Mini,Nagarbhavi,Rajajinagar,,,Not Applicable,More than permitted people in there,Not Applicable,Not Applicable,149,Not Applicable,0,,
2024-07-24 17:40:00,CNR6139072811,Success,CID672332,Prime SUV,Langford Town,Varthur,280.0,60.0,Not Applicable,Not Applicable,No,Not Applicable,911,Cash,33,3.5,4.1
2024-07-19 01:26:00,CNR1325270513,Canceled by Driver,CID782473,Prime Plus,Vijayanagar,Indiranagar,,,Not Applicable,Customer was coughing/sick,Not Applicable,Not Applicable,152,Not Applicable,0,,
2024-07-28 03:13:00,CNR5420814294,Success,CID570642,Mini,Yeshwanthpur,JP Nagar,301.0,85.0,Not Applicable,Not Applicable,No,Not Applicable,332,UPI,35,4.0,4.1
2024-07-08 12:00:00,CNR8438997509,Success,CID910449,Mini,Padmanabhanagar,HSR Layout,287.0,65.0,Not Applicable,Not Applicable,No,Not Applicable,2359,Cash,25,4.0,3.4
2024-07-02 23:10:00,CNR3233443004,Success,CID918374,Prime Sedan,BTM Layout,Nagarbhavi,182.0,135.0,Not Applicable,Not Applicable,No,Not Applicable,1549,Cash,38,4.0,4.1
2024-07-27 09:35:00,CNR8372047301,Success,CID948173,Auto,Yelahanka,Ramamurthy Nagar,210.0,120.0,Not Applicable,Not Applicable,No,Not Applicable,2760,Cash,13,3.1,3.6
2024-07-30 17:31:00,CNR5047430696,Success,CID242031,Prime SUV,Langford Town,Varthur,182.0,130.0,Not Applicable,Not Applicable,No,Not Applicable,262,Cash,3,3.5,3.9
2024-07-27 06:28:00,CNR7303704076,Success,CID496689,Prime Plus,Malleshwaram,Hulimavu,280.0,35.0,Not Applicable,Not Applicable,No,Not Applicable,852,UPI,16,4.2,3.2
2024-07-19 10:52:00,CNR7373277926,Success,CID532198,Prime Plus,Ramamurthy Nagar,Sarjapur Road,119.0,120.0,Not Applicable,Not Applicable,No,Not Applicable,313,UPI,36,4.7,3.8
2024-07-19 09:24:00,CNR5853742725,Success,CID438419,Bike,Bellandur,Kengeri,91.0,60.0,Not Applicable,Not Applicable,No,Not Applicable,331,Cash,32,4.7,3.1
2024-07-22 22:25:00,CNR9337384516,Success,CID180302,Auto,BTM Layout,Frazer Town,91.0,125.0,Not Applicable,Not Applicable,No,Not Applicable,2482,Cash,19,4.7,4.9
2024-07-15 15:56:00,CNR8102134816,Success,CID418730,Prime Plus,Hennur,BTM Layout,266.0,35.0,Not Applicable,Not Applicable,No,Not Applicable,255,Cash,13,3.6,4.9
2024-07-23 09:28:00,CNR5809640980,Success,CID840592,Bike,Padmanabhanagar,Sahakar Nagar,70.0,145.0,Not Applicable,Not Applicable,Yes,Customer Demand,203,UPI,44,3.1,4.4
2024-07-24 12:24:00,CNR8822792364,Success,CID253001,eBike,HSR Layout,Kengeri,280.0,25.0,Not Applicable,Not Applicable,No,Not Applicable,318,Cash,12,3.2,3.1
2024-07-30 04:12:00,CNR1630586256,Driver Not Found,CID939373,Prime Plus,KR Puram,Sarjapur Road,,,Not Applicable,Not Applicable,Not Applicable,Not Applicable,651,Not Applicable,0,,
2024-07-12 08:03:00,CNR2726638655,Canceled by Driver,CID440640,Prime Sedan,Richmond Town,Nagarbhavi,,,Not Applicable,Personal & Car related issue,Not Applicable,Not Applicable,2577,Not Applicable,0,,
2024-07-06 16:50:00,CNR9020548767,Success,CID473971,eBike,Banashankari,Koramangala,126.0,45.0,Not Applicable,Not Applicable,No,Not Applicable,382,Cash,15,4.2,4.8
2024-07-23 17:35:00,CNR5948107196,Success,CID858956,Auto,Sahakar Nagar,Marathahalli,301.0,110.0,Not Applicable,Not Applicable,No,Not Applicable,214,UPI,1,4.0,3.3
2024-07-24 14:04:00,CNR5487660216,Canceled by Customer,CID669089,Prime SUV,Banashankari,Ramamurthy Nagar,,,Change of plans,Not Applicable,Not Applicable,Not Applicable,249,Not Applicable,0,,
2024-07-28 11:43:00,CNR7102070461,Success,CID311144,Prime Plus,Cox Town,Koramangala,42.0,55.0,Not Applicable,Not Applicable,No,Not Applicable,435,Cash,2,3.9,4.9
2024-07-19 19:39:00,CNR6127214196,Driver Not Found,CID851480,Bike,BTM Layout,Shivajinagar,,,Not Applicable,Not Applicable,Not Applicable,Not Applicable,209,Not Applicable,0,,
2024-07-16 16:30:00,CNR3232802477,Success,CID477440,Prime Plus,Peenya,Shantinagar,266.0,40.0,Not Applicable,Not Applicable,No,Not Applicable,131,Cash,16,5.0,4.4
2024-07-04 00:33:00,CNR3241014378,Driver Not Found,CID202608,Prime SUV,Koramangala,Indiranagar,,,Not Applicable,Not Applicable,Not Applicable,Not Applicable,1656,Not Applicable,0,,
2024-07-11 18:23:00,CNR5215049229,Success,CID320306,Mini,Yelahanka,Vijayanagar,147.0,50.0,Not Applicable,Not Applicable,No,Not Applicable,211,Cash,28,3.8,3.4
2024-07-05 10:39:00,CNR6465188288,Driver Not Found,CID798987,Bike,Chamarajpet,HSR Layout,,,Not Applicable,Not Applicable,Not Applicable,Not Applicable,168,Not Applicable,0,,
2024-07-03 16:06:00,CNR6027909164,Success,CID244023,Prime Plus,Devanahalli,Shantinagar,259.0,95.0,Not Applicable,Not Applicable,No,Not Applicable,419,Cash,39,4.1,4.0
2024-07-04 03:45:00,CNR1966185809,Success,CID125681,eBike,Kengeri,Ramamurthy Nagar,182.0,135.0,Not Applicable,Not Applicable,No,Not Applicable,101,UPI,45,3.1,3.8
2024-07-22 21:43:00,CNR7272687652,Success,CID201076,Prime Sedan,Banashankari,Marathahalli,210.0,90.0,Not Applicable,Not Applicable,No,Not Applicable,494,UPI,17,3.5,4.7
2024-07-12 12:12:00,CNR5960294031,Driver Not Found,CID941061,Prime Sedan,Banashankari,MG Road,,,Not Applicable,Not Applicable,Not Applicable,Not Applicable,225,Not Applicable,0,,
2024-07-30 07:41:00,CNR5845810620,Success,CID970154,Bike,Ulsoor,Peenya,84.0,105.0,Not Applicable,Not Applicable,Yes,Other Issue,410,Cash,34,3.9,4.0
2024-07-20 02:07:00,CNR3581128042,Success,CID691369,Prime SUV,Hulimavu,Banashankari,42.0,100.0,Not Applicable,Not Applicable,No,Not Applicable,449,UPI,20,4.7,4.6
2024-07-09 16:56:00,CNR3107505102,Success,CID471876,Prime Sedan,Hennur,MG Road,224.0,100.0,Not Applicable,Not Applicable,No,Not Applicable,437,UPI,44,4.8,4.1
2024-07-11 12:20:00,CNR6387872843,Canceled by Driver,CID595559,Prime Sedan,Hosur Road,Rajajinagar,,,Not Applicable,Personal & Car related issue,Not Applicable,Not Applicable,137,Not Applicable,0,,
2024-07-08 06:13:00,CNR7170819539,Canceled by Driver,CID595607,Prime SUV,Peenya,Hosur Road,,,Not Applicable,Customer was coughing/sick,Not Applicable,Not Applicable,171,Not Applicable,0,,
2024-07-17 11:55:00,CNR3216184038,Success,CID232862,Bike,Richmond Town,Richmond Town,91.0,80.0,Not Applicable,Not Applicable,Yes,Other Issue,410,Cash,14,4.6,4.6
2024-07-13 21:39:00,CNR6094588079,Success,CID447665,Prime Plus,Electronic City,Ulsoor,273.0,85.0,Not Applicable,Not Applicable,No,Not Applicable,381,Cash,47,4.5,3.4
2024-07-13 12:17:00,CNR7472359942,Driver Not Found,CID897662,Mini,Vijayanagar,Marathahalli,,,Not Applicable,Not Applicable,Not Applicable,Not Applicable,266,Not Applicable,0,,
2024-07-24 06:02:00,CNR3502012858,Success,CID376419,eBike,Ramamurthy Nagar,Bannerghatta Road,119.0,135.0,Not Applicable,Not Applicable,No,Not Applicable,469,Cash,7,3.7,4.9
2024-07-27 03:18:00,CNR5300282648,Success,CID853013,Prime Sedan,Yeshwanthpur,Frazer Town,196.0,115.0,Not Applicable,Not Applicable,No,Not Applicable,768,UPI,28,3.0,4.1
2024-07-04 21:24:00,CNR3465310723,Success,CID207737,eBike,Hennur,HSR Layout,231.0,90.0,Not Applicable,Not Applicable,No,Not Applicable,103,UPI,11,4.8,3.7
2024-07-03 21:07:00,CNR5683617733,Success,CID392290,Prime Plus,Kadugodi,Kadugodi,175.0,105.0,Not Applicable,Not Applicable,Yes,Vehicle Breakdown,376,UPI,5,4.0,5.0
2024-07-16 00:58:00,CNR1281886253,Success,CID433414,Mini,Ramamurthy Nagar,Hulimavu,210.0,80.0,Not Applicable,Not Applicable,Yes,Vehicle Breakdown,472,Cash,5,3.5,4.1
2024-07-20 03:49:00,CNR6391015685,Canceled by Driver,CID103031,Prime SUV,Malleshwaram,Koramangala,,,Not Applicable,Personal & Car related issue,Not Applicable,Not Applicable,300,Not Applicable,0,,
2024-07-14 07:09:00,CNR6561468319,Canceled by Driver,CID199551,Mini,Padmanabhanagar,RT Nagar,,,Not Applicable,Customer related issue,Not Applicable,Not Applicable,487,Not Applicable,0,,
2024-07-22 04:37:00,CNR4072055071,Success,CID392652,Auto,Chickpet,Sarjapur Road,35.0,60.0,Not Applicable,Not Applicable,No,Not Applicable,831,UPI,18,3.3,5.0
2024-07-06 07:50:00,CNR6660894799,Canceled by Driver,CID524445,Prime Plus,Koramangala,Indiranagar,,,Not Applicable,Personal & Car related issue,Not Applicable,Not Applicable,243,Not Applicable,0,,
2024-07-06 20:50:00,CNR5995765028,Success,CID120032,Prime Sedan,Shantinagar,Shantinagar,105.0,85.0,Not Applicable,Not Applicable,No,Not Applicable,302,UPI,34,4.6,3.5
2024-07-20 08:39:00,CNR5688205021,Canceled by Driver,CID841921,Auto,Varthur,Vijayanagar,,,Not Applicable,Customer related issue,Not Applicable,Not Applicable,287,Not Applicable,0,,
2024-07-05 18:39:00,CNR8933335376,Canceled by Driver,CID973570,Prime Sedan,Jayanagar,Rajarajeshwari Nagar,,,Not Applicable,Personal & Car related issue,Not Applicable,Not Applicable,167,Not Applicable,0,,
2024-07-06 02:46:00,CNR8270714297,Canceled by Driver,CID818562,Bike,Devanahalli,BTM Layout,,,Not Applicable,Personal & Car related issue,Not Applicable,Not Applicable,155,Not Applicable,0,,
2024-07-09 11:33:00,CNR6042884996,Success,CID828288,Prime Plus,Yeshwanthpur,Indiranagar,119.0,70.0,Not Applicable,Not Applicable,No,Not Applicable,491,Credit Card,32,4.3,4.0
2024-07-25 06:51:00,CNR3526723163,Canceled by Customer,CID226559,eBike,Hosur Road,Kengeri,,,AC is Not working,Not Applicable,Not Applicable,Not Applicable,430,Not Applicable,0,,
2024-07-04 20:18:00,CNR6589564787,Success,CID143145,Prime SUV,Langford Town,Tumkur Road,35.0,120.0,Not Applicable,Not Applicable,No,Not Applicable,114,Cash,19,4.6,3.4
2024-07-20 08:05:00,CNR2562640669,Success,CID348035,Prime SUV,Ulsoor,Hebbal,140.0,60.0,Not Applicable,Not Applicable,No,Not Applicable,215,UPI,12,4.2,3.4
2024-07-11 05:49:00,CNR7707585409,Success,CID126391,Prime Plus,Koramangala,Malleshwaram,63.0,65.0,Not Applicable,Not Applicable,No,Not Applicable,334,UPI,11,3.7,3.7
2024-07-13 11:23:00,CNR7985060648,Success,CID954000,Prime Sedan,Shantinagar,Devanahalli,301.0,50.0,Not Applicable,Not Applicable,No,Not Applicable,439,UPI,45,3.1,4.3
2024-07-27 23:15:00,CNR2538575352,Driver Not Found,CID898573,Bike,Hebbal,Mysore Road,,,Not Applicable,Not Applicable,Not Applicable,Not Applicable,459,Not Applicable,0,,
2024-07-21 04:17:00,CNR7708485962,Canceled by Driver,CID635338,Mini,Basavanagudi,Peenya,,,Not Applicable,Customer related issue,Not Applicable,Not Applicable,2147,Not Applicable,0,,
2024-07-10 17:23:00,CNR6175184294,Success,CID668714,Mini,Kammanahalli,Cox Town,294.0,65.0,Not Applicable,Not Applicable,No,Not Applicable,538,Cash,37,3.6,3.2
2024-07-18 04:19:00,CNR8851764789,Canceled by Driver,CID658350,eBike,Nagarbhavi,Koramangala,,,Not Applicable,Customer related issue,Not Applicable,Not Applicable,299,Not Applicable,0,,
2024-07-14 00:20:00,CNR1672177165,Success,CID124071,Mini,Vijayanagar,Electronic City,266.0,40.0,Not Applicable,Not Applicable,Yes,Vehicle Breakdown,806,Cash,17,4.5,3.8
2024-07-29 03:26:00,CNR6136697131,Canceled by Driver,CID444691,Bike,KR Puram,Sahakar Nagar,,,Not Applicable,Customer was coughing/sick,Not Applicable,Not Applicable,410,Not Applicable,0,,
2024-07-30 11:53:00,CNR1359123022,Success,CID424546,Bike,Shivajinagar,Banashankari,252.0,125.0,Not Applicable,Not Applicable,No,Not Applicable,148,Credit Card,18,4.5,4.3
2024-07-29 09:33:00,CNR7915726364,Success,CID449027,Prime Sedan,Frazer Town,Jayanagar,112.0,50.0,Not Applicable,Not Applicable,No,Not Applicable,490,UPI,8,4.3,3.5
2024-07-23 13:36:00,CNR8165168613,Success,CID109502,Prime SUV,Tumkur Road,Kammanahalli,35.0,130.0,Not Applicable,Not Applicable,Yes,Customer Demand,292,UPI,40,3.7,4.6
2024-07-21 00:06:00,CNR2642321563,Success,CID683196,Prime Plus,Electronic City,Magadi Road,140.0,135.0,Not Applicable,Not Applicable,No,Not Applicable,272,UPI,13,3.4,3.1
2024-07-05 17:28:00,CNR5822833594,Success,CID657410,Bike,Koramangala,Ulsoor,252.0,95.0,Not Applicable,Not Applicable,No,Not Applicable,220,Cash,23,4.2,4.6
2024-07-27 18:29:00,CNR4386914776,Canceled by Driver,CID833441,Auto,Vijayanagar,Electronic City,,,Not Applicable,Customer related issue,Not Applicable,Not Applicable,227,Not Applicable,0,,
2024-07-22 13:13:00,CNR6512458809,Success,CID725203,Prime Sedan,Malleshwaram,Ulsoor,56.0,145.0,Not Applicable,Not Applicable,No,Not Applicable,191,Cash,1,4.7,4.9
2024-07-17 22:40:00,CNR5769744294,Canceled by Driver,CID831821,eBike,Bannerghatta Road,Koramangala,,,Not Applicable,Personal & Car related issue,Not Applicable,Not Applicable,581,Not Applicable,0,,
2024-07-23 12:30:00,CNR3185909270,Success,CID621386,Mini,Shantinagar,Peenya,245.0,85.0,Not Applicable,Not Applicable,No,Not Applicable,879,Cash,26,4.8,4.0
2024-07-30 19:00:00,CNR9708998391,Success,CID573607,Prime SUV,Kammanahalli,Magadi Road,84.0,45.0,Not Applicable,Not Applicable,No,Not Applicable,997,Cash,38,4.5,3.3
2024-07-30 02:13:00,CNR6445591480,Success,CID482899,Prime Sedan,Hulimavu,Nagarbhavi,140.0,85.0,Not Applicable,Not Applicable,No,Not Applicable,1573,UPI,14,3.8,4.5
2024-07-17 09:27:00,CNR1870209737,Success,CID846661,Mini,Varthur,Rajarajeshwari Nagar,287.0,35.0,Not Applicable,Not Applicable,No,Not Applicable,279,UPI,15,4.4,4.7
2024-07-09 14:08:00,CNR3086976828,Success,CID102043,Bike,Devanahalli,Shantinagar,119.0,105.0,Not Applicable,Not Applicable,No,Not Applicable,419,Cash,7,3.7,4.3
2024-07-12 18:05:00,CNR9872195648,Driver Not Found,CID462745,Auto,Whitefield,Jayanagar,,,Not Applicable,Not Applicable,Not Applicable,Not Applicable,719,Not Applicable,0,,
2024-07-25 09:35:00,CNR3374675923,Success,CID589729,Mini,Cox Town,Kengeri,210.0,80.0,Not Applicable,Not Applicable,No,Not Applicable,350,Cash,10,4.9,4.2
2024-07-24 10:28:00,CNR5660195287,Success,CID440414,Prime Plus,Hosur Road,BTM Layout,217.0,80.0,Not Applicable,Not Applicable,No,Not Applicable,324,UPI,20,3.4,4.0
2024-07-21 11:26:00,CNR8309183581,Canceled by Driver,CID614332,Prime Sedan,Electronic City,Cox Town,,,Not Applicable,Customer related issue,Not Applicable,Not Applicable,123,Not Applicable,0,,
2024-07-11 02:50:00,CNR1628903642,Success,CID768192,eBike,Bellandur,Indiranagar,140.0,85.0,Not Applicable,Not Applicable,No,Not Applicable,388,Cash,46,4.4,4.3
2024-07-21 15:24:00,CNR1641004421,Canceled by Customer,CID451215,eBike,Hosur Road,Bannerghatta Road,,,Wrong Address,Not Applicable,Not Applicable,Not Applicable,114,Not Applicable,0,,
2024-07-09 07:32:00,CNR3271944700,Success,CID266075,eBike,Devanahalli,Varthur,91.0,100.0,Not Applicable,Not Applicable,No,Not Applicable,628,UPI,25,4.7,3.8
2024-07-01 02:45:00,CNR7956855045,Success,CID659413,Prime Plus,Sahakar Nagar,Cox Town,154.0,70.0,Not Applicable,Not Applicable,No,Not Applicable,236,Cash,7,4.4,4.1
2024-07-20 11:37:00,CNR5162460161,Driver Not Found,CID726105,Auto,Chickpet,Nagarbhavi,,,Not Applicable,Not Applicable,Not Applicable,Not Applicable,132,Not Applicable,0,,
2024-07-20 15:54:00,CNR1267840990,Success,CID330097,Auto,JP Nagar,Cox Town,126.0,70.0,Not Applicable,Not Applicable,No,Not Applicable,423,UPI,8,4.5,3.4
2024-07-09 20:49:00,CNR3798573229,Success,CID904107,Bike,Kammanahalli,Hebbal,126.0,135.0,Not Applicable,Not Applicable,No,Not Applicable,671,UPI,10,4.1,4.8
2024-07-05 06:07:00,CNR2014018076,Success,CID188382,Prime SUV,MG Road,Richmond Town,168.0,35.0,Not Applicable,Not Applicable,No,Not Applicable,931,Cash,31,4.1,3.0
2024-07-20 18:50:00,CNR9437855159,Driver Not Found,CID228069,Bike,Koramangala,HSR Layout,,,Not Applicable,Not Applicable,Not Applicable,Not Applicable,225,Not Applicable,0,,
2024-07-11 10:34:00,CNR2849615093,Success,CID912299,Prime Plus,MG Road,Tumkur Road,231.0,135.0,Not Applicable,Not Applicable,No,Not Applicable,439,Cash,8,3.5,4.8
2024-07-25 13:59:00,CNR3900897987,Success,CID396891,Mini,Malleshwaram,Yeshwanthpur,182.0,25.0,Not Applicable,Not Applicable,No,Not Applicable,166,UPI,24,3.1,4.9
2024-07-11 14:41:00,CNR5560571564,Canceled by Driver,CID658614,Auto,Marathahalli,Whitefield,,,Not Applicable,Personal & Car related issue,Not Applicable,Not Applicable,495,Not Applicable,0,,
2024-07-15 10:49:00,CNR2072983799,Success,CID381855,eBike,Hennur,Cox Town,35.0,75.0,Not Applicable,Not Applicable,No,Not Applicable,194,UPI,38,4.7,3.4
2024-07-27 00:29:00,CNR8360958904,Driver Not Found,CID765360,Prime Sedan,Basavanagudi,Bellandur,,,Not Applicable,Not Applicable,Not Applicable,Not Applicable,345,Not Applicable,0,,
2024-07-01 07:19:00,CNR6695204677,Canceled by Driver,CID310484,Prime Plus,Peenya,BTM Layout,,,Not Applicable,Personal & Car related issue,Not Applicable,Not Applicable,434,Not Applicable,0,,
2024-07-06 16:34:00,CNR4875188730,Canceled by Driver,CID547537,Auto,Yelahanka,Yeshwanthpur,,,Not Applicable,Personal & Car related issue,Not Applicable,Not Applicable,420,Not Applicable,0,,
2024-07-19 05:46:00,CNR6832900304,Success,CID718456,Prime SUV,Basavanagudi,Bellandur,49.0,145.0,Not Applicable,Not Applicable,Yes,Customer Demand,326,Cash,36,4.5,3.7
2024-07-14 00:35:00,CNR5999868082,Success,CID629309,eBike,Rajajinagar,Vijayanagar,105.0,95.0,Not Applicable,Not Applicable,No,Not Applicable,189,Cash,8,4.3,3.2
2024-07-11 22:10:00,CNR1143226214,Canceled by Driver,CID767017,Mini,Hebbal,Bannerghatta Road,,,Not Applicable,More than permitted people in there,Not Applicable,Not Applicable,439,Not Applicable,0,,
2024-07-28 21:43:00,CNR2271520357,Canceled by Driver,CID278895,Prime Sedan,Sarjapur Road,Frazer Town,,,Not Applicable,Personal & Car related issue,Not Applicable,Not Applicable,188,Not Applicable,0,,
2024-07-29 20:29:00,CNR4836127546,Success,CID550840,Prime Sedan,Electronic City,HSR Layout,308.0,120.0,Not Applicable,Not Applicable,No,Not Applicable,420,UPI,16,3.5,4.4
2024-07-23 02:20:00,CNR2901682708,Canceled by Driver,CID337780,Prime Plus,Sarjapur Road,Shantinagar,,,Not Applicable,Customer was coughing/sick,Not Applicable,Not Applicable,214,Not Applicable,0,,
2024-07-21 16:12:00,CNR1486865849,Canceled by Driver,CID549087,Mini,Sarjapur Road,HSR Layout,,,Not Applicable,Personal & Car related issue,Not Applicable,Not Applicable,2885,Not Applicable,0,,
2024-07-02 16:03:00,CNR8289274548,Canceled by Driver,CID803054,Prime SUV,MG Road,Rajajinagar,,,Not Applicable,Customer related issue,Not Applicable,Not Applicable,470,Not Applicable,0,,
2024-07-30 13:42:00,CNR4408451819,Success,CID785079,Prime SUV,Richmond Town,Cox Town,168.0,115.0,Not Applicable,Not Applicable,No,Not Applicable,902,Cash,46,4.3,5.0
2024-07-17 05:08:00,CNR8087836474,Success,CID560353,Prime Sedan,Mysore Road,Majestic,245.0,110.0,Not Applicable,Not Applicable,No,Not Applicable,150,Cash,4,3.7,3.3
2024-07-24 05:37:00,CNR6414536743,Success,CID317928,Mini,Vijayanagar,Devanahalli,168.0,95.0,Not Applicable,Not Applicable,No,Not Applicable,322,Cash,1,4.1,3.8
2024-07-25 06:32:00,CNR3135063203,Canceled by Driver,CID473173,Bike,Bannerghatta Road,Kammanahalli,,,Not Applicable,Customer was coughing/sick,Not Applicable,Not Applicable,2354,Not Applicable,0,,
2024-07-05 21:22:00,CNR4697890185,Canceled by Customer,CID462317,Bike,Whitefield,Jayanagar,,,Driver asked to cancel,Not Applicable,Not Applicable,Not Applicable,161,Not Applicable,0,,
2024-07-13 08:15:00,CNR2128330212,Success,CID763014,Prime SUV,Mysore Road,Jayanagar,210.0,110.0,Not Applicable,Not Applicable,No,Not Applicable,114,Cash,22,4.2,4.0
2024-07-17 08:31:00,CNR9707243013,Canceled by Customer,CID780327,Bike,RT Nagar,Richmond Town,,,Driver is not moving towards pickup location,Not Applicable,Not Applicable,Not Applicable,2723,Not Applicable,0,,
2024-07-23 21:48:00,CNR3745875156,Success,CID299723,Bike,Yeshwanthpur,RT Nagar,210.0,75.0,Not Applicable,Not Applicable,No,Not Applicable,125,UPI,40,4.7,4.1
2024-07-20 11:05:00,CNR5155222672,Success,CID253888,Mini,Magadi Road,KR Puram,42.0,120.0,Not Applicable,Not Applicable,No,Not Applicable,331,Cash,22,3.1,4.0
2024-07-18 21:42:00,CNR9987842308,Success,CID459542,Prime SUV,Yelahanka,Basavanagudi,161.0,80.0,Not Applicable,Not Applicable,No,Not Applicable,388,UPI,41,3.8,3.6
2024-07-06 08:37:00,CNR3163948991,Success,CID781209,Auto,Hulimavu,Chamarajpet,63.0,100.0,Not Applicable,Not Applicable,No,Not Applicable,110,UPI,7,5.0,3.8
2024-07-14 21:56:00,CNR3089319637,Success,CID530564,Prime Sedan,Indiranagar,JP Nagar,259.0,70.0,Not Applicable,Not Applicable,No,Not Applicable,910,UPI,33,4.8,3.6
2024-07-02 19:40:00,CNR3088936439,Success,CID106631,Bike,Yelahanka,Marathahalli,168.0,25.0,Not Applicable,Not Applicable,No,Not Applicable,981,Cash,24,3.3,3.3
2024-07-18 08:40:00,CNR2417520590,Success,CID892614,Mini,Cox Town,Yeshwanthpur,42.0,75.0,Not Applicable,Not Applicable,No,Not Applicable,105,Cash,17,4.0,4.0
2024-07-20 23:07:00,CNR8777526176,Canceled by Driver,CID512172,Prime Sedan,Shantinagar,Majestic,,,Not Applicable,Customer related issue,Not Applicable,Not Applicable,357,Not Applicable,0,,
2024-07-18 17:28:00,CNR9694536294,Success,CID283302,Prime Sedan,Hennur,Vijayanagar,259.0,70.0,Not Applicable,Not Applicable,Yes,Vehicle Breakdown,217,Credit Card,10,3.5,4.0
2024-07-21 13:11:00,CNR9630043476,Canceled by Customer,CID812022,Mini,Koramangala,Tumkur Road,,,Driver is not moving towards pickup location,Not Applicable,Not Applicable,Not Applicable,486,Not Applicable,0,,
2024-07-19 15:32:00,CNR2922434060,Success,CID438241,Prime Plus,Majestic,Chamarajpet,91.0,80.0,Not Applicable,Not Applicable,No,Not Applicable,2771,Cash,11,3.5,3.5
2024-07-21 18:13:00,CNR3351880640,Canceled by Driver,CID353011,Mini,Marathahalli,BTM Layout,,,Not Applicable,Personal & Car related issue,Not Applicable,Not Applicable,2106,Not Applicable,0,,
2024-07-09 04:28:00,CNR7948338468,Canceled by Driver,CID398300,Prime SUV,Peenya,Indiranagar,,,Not Applicable,More than permitted people in there,Not Applicable,Not Applicable,360,Not Applicable,0,,
2024-07-22 17:50:00,CNR5157013947,Success,CID525908,Auto,Whitefield,Sarjapur Road,182.0,35.0,Not Applicable,Not Applicable,No,Not Applicable,478,Cash,18,3.2,3.2
2024-07-13 20:02:00,CNR6091239994,Driver Not Found,CID348428,Prime SUV,Kammanahalli,Kammanahalli,,,Not Applicable,Not Applicable,Not Applicable,Not Applicable,157,Not Applicable,0,,
2024-07-12 07:07:00,CNR9139133758,Success,CID428540,Bike,BTM Layout,KR Puram,140.0,85.0,Not Applicable,Not Applicable,No,Not Applicable,108,Cash,4,3.0,3.9
2024-07-20 08:47:00,CNR9563249054,Success,CID347637,Mini,Indiranagar,Richmond Town,91.0,145.0,Not Applicable,Not Applicable,No,Not Applicable,239,Debit Card,17,4.8,4.3
2024-07-08 09:49:00,CNR9820755296,Canceled by Driver,CID270798,Prime Plus,Hennur,Cox Town,,,Not Applicable,Customer related issue,Not Applicable,Not Applicable,432,Not Applicable,0,,
2024-07-02 20:11:00,CNR3427133031,Canceled by Customer,CID974149,eBike,Padmanabhanagar,Frazer Town,,,Driver is not moving towards pickup location,Not Applicable,Not Applicable,Not Applicable,439,Not Applicable,0,,
2024-07-02 06:26:00,CNR2305836177,Canceled by Customer,CID255587,Prime SUV,Varthur,Marathahalli,,,Driver asked to cancel,Not Applicable,Not Applicable,Not Applicable,156,Not Applicable,0,,
2024-07-22 05:44:00,CNR1148605155,Success,CID270573,Mini,Electronic City,Ramamurthy Nagar,252.0,55.0,Not Applicable,Not Applicable,No,Not Applicable,224,Cash,21,3.1,4.7
2024-07-06 01:29:00,CNR3306303486,Success,CID174506,Mini,RT Nagar,Rajarajeshwari Nagar,196.0,95.0,Not Applicable,Not Applicable,No,Not Applicable,910,Cash,47,4.1,4.0
2024-07-04 16:57:00,CNR4337457181,Success,CID489462,Auto,Rajarajeshwari Nagar,Bellandur,210.0,100.0,Not Applicable,Not Applicable,Yes,Vehicle Breakdown,252,Cash,1,3.4,4.1
2024-07-10 23:44:00,CNR9735778925,Driver Not Found,CID751604,Prime Plus,KR Puram,Koramangala,,,Not Applicable,Not Applicable,Not Applicable,Not Applicable,313,Not Applicable,0,,
2024-07-06 20:23:00,CNR9582663095,Canceled by Customer,CID115208,Prime SUV,Shivajinagar,JP Nagar,,,Wrong Address,Not Applicable,Not Applicable,Not Applicable,344,Not Applicable,0,,
2024-07-27 12:55:00,CNR8625652766,Canceled by Driver,CID561696,eBike,Cox Town,Sarjapur Road,,,Not Applicable,Customer related issue,Not Applicable,Not Applicable,479,Not Applicable,0,,
2024-07-03 08:09:00,CNR9354933364,Success,CID643226,Bike,Marathahalli,Sahakar Nagar,77.0,50.0,Not Applicable,Not Applicable,No,Not Applicable,155,Cash,48,3.3,3.6
2024-07-14 20:24:00,CNR5351320541,Success,CID827060,eBike,Shantinagar,Langford Town,203.0,140.0,Not Applicable,Not Applicable,No,Not Applicable,164,Cash,16,4.2,4.9
2024-07-15 07:36:00,CNR9918380115,Canceled by Driver,CID186936,Prime Plus,Kengeri,Chickpet,,,Not Applicable,Customer related issue,Not Applicable,Not Applicable,353,Not Applicable,0,,
2024-07-30 20:26:00,CNR7194293014,Success,CID196980,Prime Plus,Kammanahalli,Malleshwaram,245.0,60.0,Not Applicable,Not Applicable,No,Not Applicable,924,UPI,45,3.7,4.0
2024-07-21 16:56:00,CNR3078213654,Canceled by Driver,CID454766,Auto,Shivajinagar,Kadugodi,,,Not Applicable,Customer was coughing/sick,Not Applicable,Not Applicable,306,Not Applicable,0,,
2024-07-27 09:28:00,CNR5547231410,Canceled by Driver,CID372824,eBike,Devanahalli,Hennur,,,Not Applicable,Customer was coughing/sick,Not Applicable,Not Applicable,1999,Not Applicable,0,,
2024-07-04 22:30:00,CNR9475968466,Success,CID275556,Prime SUV,Mysore Road,Shantinagar,182.0,105.0,Not Applicable,Not Applicable,No,Not Applicable,331,UPI,4,3.7,4.6
2024-07-05 06:10:00,CNR6118577861,Canceled by Customer,CID756980,Mini,MG Road,Marathahalli,,,Wrong Address,Not Applicable,Not Applicable,Not Applicable,368,Not Applicable,0,,
2024-07-22 06:38:00,CNR6328057809,Success,CID819255,Bike,Koramangala,Mysore Road,154.0,70.0,Not Applicable,Not Applicable,No,Not Applicable,427,Cash,40,3.9,3.8
2024-07-30 06:35:00,CNR6800684303,Success,CID751620,Auto,Sahakar Nagar,BTM Layout,147.0,95.0,Not Applicable,Not Applicable,Yes,Vehicle Breakdown,123,Cash,3,4.3,4.5
2024-07-03 03:36:00,CNR3422978594,Canceled by Driver,CID653778,Prime Sedan,Nagarbhavi,Chamarajpet,,,Not Applicable,Customer related issue,Not Applicable,Not Applicable,786,Not Applicable,0,,
2024-07-06 06:37:00,CNR9139146201,Success,CID895746,Prime Sedan,Padmanabhanagar,Richmond Town,56.0,115.0,Not Applicable,Not Applicable,No,Not Applicable,218,Cash,9,3.2,3.4
2024-07-19 10:11:00,CNR5475904329,Canceled by Customer,CID753562,eBike,BTM Layout,Vijayanagar,,,Wrong Address,Not Applicable,Not Applicable,Not Applicable,799,Not Applicable,0,,
2024-07-10 21:35:00,CNR7486246030,Success,CID579352,Bike,Bellandur,RT Nagar,210.0,115.0,Not Applicable,Not Applicable,No,Not Applicable,1271,Cash,32,4.0,4.1
2024-07-22 18:54:00,CNR7439498791,Canceled by Driver,CID748458,Auto,Varthur,Sarjapur Road,,,Not Applicable,Customer related issue,Not Applicable,Not Applicable,277,Not Applicable,0,,
2024-07-13 01:38:00,CNR8225235467,Canceled by Driver,CID902714,Prime Plus,HSR Layout,Nagarbhavi,,,Not Applicable,Customer was coughing/sick,Not Applicable,Not Applicable,458,Not Applicable,0,,
2024-07-23 12:44:00,CNR3056311873,Canceled by Customer,CID331759,Prime Plus,Peenya,Kammanahalli,,,AC is Not working,Not Applicable,Not Applicable,Not Applicable,118,Not Applicable,0,,
2024-07-22 10:56:00,CNR2543573289,Canceled by Customer,CID498387,Mini,Vijayanagar,Hebbal,,,Driver is not moving towards pickup location,Not Applicable,Not Applicable,Not Applicable,666,Not Applicable,0,,
2024-07-03 01:30:00,CNR3542266518,Success,CID358986,Prime SUV,Mysore Road,Frazer Town,266.0,70.0,Not Applicable,Not Applicable,No,Not Applicable,358,UPI,45,3.1,3.1
2024-07-11 07:16:00,CNR1516522724,Success,CID652844,Auto,Vijayanagar,KR Puram,238.0,25.0,Not Applicable,Not Applicable,No,Not Applicable,377,Cash,15,3.7,4.8
2024-07-22 04:24:00,CNR5647375411,Success,CID828036,Prime Plus,Magadi Road,Hosur Road,84.0,125.0,Not Applicable,Not Applicable,No,Not Applicable,275,Cash,8,4.8,4.8
2024-07-01 05:02:00,CNR4807842543,Success,CID132384,Prime Plus,Tumkur Road,Shantinagar,189.0,25.0,Not Applicable,Not Applicable,No,Not Applicable,800,Cash,22,3.5,3.8
2024-07-23 03:35:00,CNR9289324871,Success,CID313177,Auto,Tumkur Road,Mysore Road,203.0,130.0,Not Applicable,Not Applicable,No,Not Applicable,927,UPI,16,3.6,3.6
2024-07-01 04:00:00,CNR8881987753,Success,CID295465,Auto,Indiranagar,Electronic City,42.0,115.0,Not Applicable,Not Applicable,No,Not Applicable,290,UPI,18,4.3,3.2
2024-07-30 16:25:00,CNR9764223347,Success,CID637665,Prime SUV,HSR Layout,Majestic,224.0,30.0,Not Applicable,Not Applicable,No,Not Applicable,800,Cash,23,4.5,4.7
2024-07-13 22:13:00,CNR4813614366,Success,CID430585,Prime Sedan,Koramangala,Kadugodi,266.0,35.0,Not Applicable,Not Applicable,No,Not Applicable,489,UPI,42,4.6,4.9
2024-07-23 01:07:00,CNR1215836120,Success,CID866730,Prime SUV,Peenya,Yelahanka,259.0,25.0,Not Applicable,Not Applicable,No,Not Applicable,391,Cash,24,4.4,4.4
2024-07-14 04:47:00,CNR2755587264,Canceled by Driver,CID704969,Auto,KR Puram,BTM Layout,,,Not Applicable,Customer related issue,Not Applicable,Not Applicable,576,Not Applicable,0,,
2024-07-30 09:37:00,CNR4473441248,Driver Not Found,CID584868,Prime SUV,Varthur,Mysore Road,,,Not Applicable,Not Applicable,Not Applicable,Not Applicable,2286,Not Applicable,0,,
2024-07-05 20:21:00,CNR6690080739,Canceled by Customer,CID783153,Prime Plus,Cox Town,Rajarajeshwari Nagar,,,AC is Not working,Not Applicable,Not Applicable,Not Applicable,2429,Not Applicable,0,,
2024-07-25 21:47:00,CNR7893543318,Success,CID710061,Auto,Banashankari,Richmond Town,98.0,65.0,Not Applicable,Not Applicable,No,Not Applicable,331,Cash,17,4.8,3.1
2024-07-16 22:23:00,CNR4409982649,Success,CID332419,eBike,Electronic City,Langford Town,105.0,35.0,Not Applicable,Not Applicable,No,Not Applicable,1948,Cash,38,4.3,3.5
2024-07-30 06:48:00,CNR7978795215,Success,CID460723,eBike,Bannerghatta Road,Ramamurthy Nagar,273.0,130.0,Not Applicable,Not Applicable,No,Not Applicable,633,Cash,14,4.2,4.0
2024-07-08 19:02:00,CNR2035049533,Canceled by Driver,CID126666,Bike,Majestic,Whitefield,,,Not Applicable,Customer related issue,Not Applicable,Not Applicable,2138,Not Applicable,0,,
2024-07-06 21:47:00,CNR5243071915,Success,CID447468,Prime SUV,Hebbal,MG Road,98.0,130.0,Not Applicable,Not Applicable,No,Not Applicable,180,Cash,8,4.5,4.2
2024-07-19 08:28:00,CNR4048571579,Driver Not Found,CID933027,Mini,Vijayanagar,Malleshwaram,,,Not Applicable,Not Applicable,Not Applicable,Not Applicable,608,Not Applicable,0,,
2024-07-26 00:47:00,CNR6700811498,Canceled by Driver,CID466509,eBike,MG Road,Padmanabhanagar,,,Not Applicable,Personal & Car related issue,Not Applicable,Not Applicable,119,Not Applicable,0,,
2024-07-14 02:30:00,CNR8477939568,Canceled by Driver,CID434472,Prime Sedan,Banashankari,Richmond Town,,,Not Applicable,Customer related issue,Not Applicable,Not Applicable,471,Not Applicable,0,,
2024-07-14 16:07:00,CNR2408292668,Success,CID674416,Prime Sedan,HSR Layout,Ulsoor,56.0,115.0,Not Applicable,Not Applicable,No,Not Applicable,405,Cash,38,3.2,3.3
2024-07-30 01:25:00,CNR2445200877,Success,CID790878,eBike,Shantinagar,Ramamurthy Nagar,126.0,75.0,Not Applicable,Not Applicable,No,Not Applicable,123,Cash,40,3.6,4.1
2024-07-06 02:31:00,CNR3129269219,Canceled by Driver,CID550702,Prime Sedan,Kengeri,MG Road,,,Not Applicable,Personal & Car related issue,Not Applicable,Not Applicable,187,Not Applicable,0,,
2024-07-11 22:00:00,CNR9147704193,Success,CID450422,Prime SUV,Kammanahalli,Hosur Road,210.0,140.0,Not Applicable,Not Applicable,No,Not Applicable,329,Cash,42,4.1,5.0
2024-07-10 06:52:00,CNR3676575913,Success,CID908103,Auto,Kammanahalli,HSR Layout,196.0,35.0,Not Applicable,Not Applicable,No,Not Applicable,683,UPI,5,4.3,3.3
2024-07-30 06:11:00,CNR8638346622,Canceled by Driver,CID929642,Prime Sedan,Hennur,Bellandur,,,Not Applicable,Customer was coughing/sick,Not Applicable,Not Applicable,138,Not Applicable,0,,
2024-07-04 19:01:00,CNR5728654958,Success,CID803499,Mini,Bellandur,Padmanabhanagar,175.0,110.0,Not Applicable,Not Applicable,No,Not Applicable,230,Cash,39,3.9,3.6
2024-07-23 16:07:00,CNR9855589209,Success,CID223089,eBike,Cox Town,HSR Layout,294.0,120.0,Not Applicable,Not Applicable,No,Not Applicable,1110,UPI,26,3.1,5.0
2024-07-19 04:26:00,CNR8316576499,Success,CID670343,Prime Plus,Sarjapur Road,Yeshwanthpur,196.0,55.0,Not Applicable,Not Applicable,No,Not Applicable,295,UPI,30,4.7,3.9
2024-07-06 16:43:00,CNR5353185986,Canceled by Driver,CID337915,Prime Sedan,Ulsoor,Yelahanka,,,Not Applicable,Customer related issue,Not Applicable,Not Applicable,502,Not Applicable,0,,
2024-07-28 14:35:00,CNR8840749877,Canceled by Driver,CID551095,Prime Sedan,Devanahalli,Majestic,,,Not Applicable,Customer was coughing/sick,Not Applicable,Not Applicable,645,Not Applicable,0,,
2024-07-30 00:27:00,CNR4376328272,Canceled by Driver,CID775578,Bike,Sarjapur Road,Marathahalli,,,Not Applicable,Customer related issue,Not Applicable,Not Applicable,951,Not Applicable,0,,
2024-07-05 04:05:00,CNR8668749711,Success,CID281512,eBike,Bannerghatta Road,Chickpet,168.0,80.0,Not Applicable,Not Applicable,No,Not Applicable,2693,Cash,7,3.1,3.4
2024-07-20 15:08:00,CNR8699004197,Success,CID465260,Prime SUV,HSR Layout,Majestic,49.0,60.0,Not Applicable,Not Applicable,No,Not Applicable,479,UPI,8,4.5,4.1
2024-07-09 16:25:00,CNR4931657931,Success,CID146916,Auto,Kadugodi,Hulimavu,84.0,105.0,Not Applicable,Not Applicable,No,Not Applicable,615,Cash,13,3.1,3.9
2024-07-23 07:40:00,CNR5887583408,Success,CID411338,eBike,Tumkur Road,Bannerghatta Road,105.0,80.0,Not Applicable,Not Applicable,No,Not Applicable,171,UPI,1,3.4,3.8
2024-07-22 23:47:00,CNR8085480626,Success,CID726598,Auto,Majestic,Padmanabhanagar,273.0,120.0,Not Applicable,Not Applicable,No,Not Applicable,1030,UPI,10,4.5,3.5
2024-07-28 00:24:00,CNR8278378792,Success,CID427073,Bike,Padmanabhanagar,Varthur,112.0,60.0,Not Applicable,Not Applicable,No,Not Applicable,2350,Cash,19,3.0,4.1
2024-07-29 05:07:00,CNR7173438304,Success,CID351457,Prime Plus,Varthur,HSR Layout,231.0,45.0,Not Applicable,Not Applicable,No,Not Applicable,390,Cash,19,4.8,4.5
2024-07-10 21:35:00,CNR6350265194,Canceled by Driver,CID289929,Prime Plus,KR Puram,Hennur,,,Not Applicable,Personal & Car related issue,Not Applicable,Not Applicable,297,Not Applicable,0,,
2024-07-19 08:54:00,CNR1937651940,Canceled by Customer,CID163314,Mini,Kammanahalli,JP Nagar,,,Wrong Address,Not Applicable,Not Applicable,Not Applicable,291,Not Applicable,0,,
2024-07-25 05:59:00,CNR4237137118,Success,CID323187,Prime Plus,Sarjapur Road,Yelahanka,266.0,90.0,Not Applicable,Not Applicable,No,Not Applicable,184,UPI,41,3.7,4.3
2024-07-19 22:48:00,CNR6811369319,Success,CID406565,Prime Sedan,Sahakar Nagar,Jayanagar,42.0,70.0,Not Applicable,Not Applicable,No,Not Applicable,651,UPI,14,4.0,3.3
2024-07-16 14:20:00,CNR9573482625,Success,CID421671,eBike,Richmond Town,Varthur,238.0,65.0,Not Applicable,Not Applicable,No,Not Applicable,433,UPI,28,3.9,3.8
2024-07-30 19:20:00,CNR5435078093,Canceled by Customer,CID583193,Auto,Peenya,Majestic,,,Driver is not moving towards pickup location,Not Applicable,Not Applicable,Not Applicable,313,Not Applicable,0,,
2024-07-20 00:18:00,CNR7559554324,Success,CID405725,Prime SUV,Hebbal,Majestic,203.0,40.0,Not Applicable,Not Applicable,No,Not Applicable,398,UPI,44,3.4,5.0
2024-07-17 16:43:00,CNR1363909651,Canceled by Driver,CID195760,Auto,Hosur Road,Kengeri,,,Not Applicable,Personal & Car related issue,Not Applicable,Not Applicable,414,Not Applicable,0,,
2024-07-23 19:31:00,CNR8328660728,Driver Not Found,CID548983,Prime SUV,RT Nagar,Ulsoor,,,Not Applicable,Not Applicable,Not Applicable,Not Applicable,651,Not Applicable,0,,
2024-07-22 06:02:00,CNR5950393687,Success,CID886294,Bike,Nagarbhavi,Rajajinagar,259.0,135.0,Not Applicable,Not Applicable,No,Not Applicable,102,UPI,41,3.9,4.9
2024-07-07 15:30:00,CNR2535927454,Success,CID102243,Prime SUV,Banashankari,Tumkur Road,175.0,140.0,Not Applicable,Not Applicable,No,Not Applicable,497,Cash,11,3.6,3.6
2024-07-30 15:24:00,CNR3276744508,Success,CID184811,Mini,Ramamurthy Nagar,Cox Town,217.0,105.0,Not Applicable,Not Applicable,No,Not Applicable,572,Cash,10,3.5,4.6
2024-07-04 17:28:00,CNR2461324838,Success,CID415357,Prime Plus,Chickpet,Hennur,294.0,95.0,Not Applicable,Not Applicable,No,Not Applicable,365,UPI,43,3.8,3.2
2024-07-26 04:02:00,CNR3045004840,Canceled by Customer,CID501463,Auto,Shivajinagar,Majestic,,,Driver is not moving towards pickup location,Not Applicable,Not Applicable,Not Applicable,1439,Not Applicable,0,,
2024-07-18 20:53:00,CNR1964919277,Success,CID698587,eBike,BTM Layout,Varthur,238.0,60.0,Not Applicable,Not Applicable,No,Not Applicable,995,UPI,22,4.2,4.5
2024-07-25 19:40:00,CNR6315612299,Canceled by Driver,CID688863,Prime SUV,Frazer Town,Bannerghatta Road,,,Not Applicable,Customer related issue,Not Applicable,Not Applicable,572,Not Applicable,0,,
2024-07-29 13:53:00,CNR4924142018,Driver Not Found,CID100616,Bike,Frazer Town,Kengeri,,,Not Applicable,Not Applicable,Not Applicable,Not Applicable,692,Not Applicable,0,,
2024-07-29 10:24:00,CNR5431087849,Canceled by Driver,CID544639,Bike,Vijayanagar,Magadi Road,,,Not Applicable,Personal & Car related issue,Not Applicable,Not Applicable,409,Not Applicable,0,,
2024-07-13 00:51:00,CNR2708672595,Success,CID384787,Prime Plus,Sahakar Nagar,Kadugodi,140.0,30.0,Not Applicable,Not Applicable,No,Not Applicable,348,Cash,46,4.4,3.2
2024-07-15 02:38:00,CNR6402616630,Success,CID480024,eBike,Bellandur,Chickpet,273.0,65.0,Not Applicable,Not Applicable,No,Not Applicable,361,Cash,42,3.1,3.6
2024-07-26 09:45:00,CNR1377169667,Canceled by Customer,CID863960,Auto,Koramangala,Richmond Town,,,AC is Not working,Not Applicable,Not Applicable,Not Applicable,424,Not Applicable,0,,
2024-07-04 23:56:00,CNR8045140692,Driver Not Found,CID243957,Prime Sedan,Nagarbhavi,Nagarbhavi,,,Not Applicable,Not Applicable,Not Applicable,Not Applicable,267,Not Applicable,0,,
2024-07-26 18:53:00,CNR2634997626,Success,CID278552,Prime Plus,Shantinagar,Kadugodi,133.0,70.0,Not Applicable,Not Applicable,No,Not Applicable,224,UPI,40,3.0,3.9
2024-07-07 22:39:00,CNR5925287364,Canceled by Customer,CID412590,eBike,Varthur,JP Nagar,,,Wrong Address,Not Applicable,Not Applicable,Not Applicable,130,Not Applicable,0,,
2024-07-02 17:50:00,CNR1574948112,Success,CID859491,Prime Sedan,Devanahalli,Yeshwanthpur,252.0,75.0,Not Applicable,Not Applicable,No,Not Applicable,423,UPI,33,3.6,4.1
2024-07-25 23:30:00,CNR4664291794,Success,CID877128,Prime Plus,Rajarajeshwari Nagar,JP Nagar,63.0,135.0,Not Applicable,Not Applicable,Yes,Customer Demand,566,UPI,39,3.4,3.4
2024-07-17 20:37:00,CNR3996255593,Success,CID418657,Prime SUV,Magadi Road,Shantinagar,259.0,60.0,Not Applicable,Not Applicable,No,Not Applicable,375,Cash,25,3.8,3.5
2024-07-22 23:08:00,CNR6225610345,Success,CID664109,eBike,Bannerghatta Road,BTM Layout,231.0,135.0,Not Applicable,Not Applicable,No,Not Applicable,551,Cash,34,4.6,3.2
2024-07-14 21:06:00,CNR7027211209,Success,CID931431,Prime SUV,Mysore Road,Devanahalli,133.0,125.0,Not Applicable,Not Applicable,No,Not Applicable,631,UPI,9,3.9,3.3
2024-07-21 19:38:00,CNR8807969209,Canceled by Customer,CID244536,Bike,RT Nagar,JP Nagar,,,AC is Not working,Not Applicable,Not Applicable,Not Applicable,286,Not Applicable,0,,
2024-07-10 23:29:00,CNR9841192459,Canceled by Driver,CID955354,eBike,RT Nagar,Magadi Road,,,Not Applicable,Personal & Car related issue,Not Applicable,Not Applicable,289,Not Applicable,0,,
2024-07-14 08:39:00,CNR3950276467,Success,CID462719,Prime Plus,Vijayanagar,Malleshwaram,196.0,140.0,Not Applicable,Not Applicable,No,Not Applicable,489,Cash,38,4.5,3.2
2024-07-27 23:18:00,CNR3779422386,Success,CID684669,Bike,Koramangala,Ulsoor,70.0,95.0,Not Applicable,Not Applicable,No,Not Applicable,255,Cash,23,4.7,5.0
2024-07-20 22:02:00,CNR6775112482,Success,CID554341,Prime Plus,Kammanahalli,Electronic City,189.0,45.0,Not Applicable,Not Applicable,No,Not Applicable,141,Cash,11,3.7,4.6
2024-07-28 20:23:00,CNR7468660865,Success,CID263154,Bike,Chickpet,Richmond Town,301.0,80.0,Not Applicable,Not Applicable,No,Not Applicable,399,Cash,44,3.2,4.9
2024-07-27 04:10:00,CNR4988552378,Success,CID157292,Prime Sedan,Banashankari,Hulimavu,84.0,30.0,Not Applicable,Not Applicable,No,Not Applicable,1803,UPI,1,4.6,4.0
2024-07-30 07:49:00,CNR4725266421,Canceled by Driver,CID423937,eBike,Chickpet,MG Road,,,Not Applicable,Personal & Car related issue,Not Applicable,Not Applicable,215,Not Applicable,0,,
2024-07-05 07:11:00,CNR2471056801,Canceled by Driver,CID761794,Mini,Hosur Road,Ulsoor,,,Not Applicable,Personal & Car related issue,Not Applicable,Not Applicable,438,Not Applicable,0,,
2024-07-29 13:04:00,CNR5128243865,Canceled by Driver,CID891417,Auto,Padmanabhanagar,Yeshwanthpur,,,Not Applicable,Personal & Car related issue,Not Applicable,Not Applicable,204,Not Applicable,0,,
2024-07-21 14:02:00,CNR1166527721,Canceled by Driver,CID608665,Prime SUV,Cox Town,Hebbal,,,Not Applicable,Customer was coughing/sick,Not Applicable,Not Applicable,555,Not Applicable,0,,
2024-07-11 06:21:00,CNR9684819181,Success,CID398334,Prime Plus,Yelahanka,Devanahalli,91.0,65.0,Not Applicable,Not Applicable,No,Not Applicable,116,Cash,31,3.6,3.4
2024-07-03 01:07:00,CNR2351097453,Success,CID817159,Bike,Banashankari,Bellandur,42.0,95.0,Not Applicable,Not Applicable,No,Not Applicable,294,UPI,7,3.6,4.9
2024-07-05 12:07:00,CNR2241420151,Driver Not Found,CID638377,Prime Sedan,Sahakar Nagar,Hebbal,,,Not Applicable,Not Applicable,Not Applicable,Not Applicable,176,Not Applicable,0,,
2024-07-23 21:48:00,CNR1720465321,Canceled by Driver,CID814201,Bike,Hebbal,RT Nagar,,,Not Applicable,More than permitted people in there,Not Applicable,Not Applicable,432,Not Applicable,0,,
2024-07-30 21:34:00,CNR8439900638,Driver Not Found,CID806039,Prime Sedan,Kammanahalli,MG Road,,,Not Applicable,Not Applicable,Not Applicable,Not Applicable,265,Not Applicable,0,,
2024-07-12 21:16:00,CNR6636684190,Success,CID293664,Auto,Marathahalli,Hennur,308.0,130.0,Not Applicable,Not Applicable,No,Not Applicable,395,UPI,8,4.4,4.8
2024-07-30 09:20:00,CNR7898290225,Success,CID347423,Bike,JP Nagar,Richmond Town,210.0,115.0,Not Applicable,Not Applicable,No,Not Applicable,535,Cash,42,3.7,4.4
2024-07-12 19:46:00,CNR3384844101,Driver Not Found,CID914399,Prime Plus,Kengeri,Richmond Town,,,Not Applicable,Not Applicable,Not Applicable,Not Applicable,487,Not Applicable,0,,
2024-07-16 06:26:00,CNR2310917475,Success,CID908696,eBike,Hebbal,Chickpet,35.0,90.0,Not Applicable,Not Applicable,No,Not Applicable,352,Cash,21,3.2,3.7
2024-07-18 21:05:00,CNR6300447050,Canceled by Customer,CID823092,Auto,Indiranagar,Basavanagudi,,,Driver is not moving towards pickup location,Not Applicable,Not Applicable,Not Applicable,478,Not Applicable,0,,
2024-07-05 05:49:00,CNR9784194138,Driver Not Found,CID648502,eBike,Peenya,Mysore Road,,,Not Applicable,Not Applicable,Not Applicable,Not Applicable,229,Not Applicable,0,,
2024-07-20 11:44:00,CNR7555538836,Success,CID374676,Bike,Hulimavu,Hennur,196.0,40.0,Not Applicable,Not Applicable,No,Not Applicable,492,UPI,3,4.6,3.4
2024-07-03 04:56:00,CNR8082746243,Success,CID918985,eBike,Banashankari,Yelahanka,49.0,35.0,Not Applicable,Not Applicable,No,Not Applicable,141,Cash,3,3.2,5.0
2024-07-17 23:48:00,CNR2277011734,Success,CID872030,Bike,Rajajinagar,Hennur,147.0,100.0,Not Applicable,Not Applicable,No,Not Applicable,314,Cash,22,4.9,3.6
2024-07-23 21:04:00,CNR1819141833,Success,CID711487,Prime SUV,Hennur,Shantinagar,154.0,60.0,Not Applicable,Not Applicable,No,Not Applicable,401,Cash,49,4.0,4.2
2024-07-12 01:52:00,CNR6139853037,Canceled by Customer,CID378747,Auto,Malleshwaram,Mysore Road,,,Change of plans,Not Applicable,Not Applicable,Not Applicable,357,Not Applicable,0,,
2024-07-10 07:23:00,CNR3622232787,Canceled by Driver,CID578652,Prime Sedan,Banashankari,Yeshwanthpur,,,Not Applicable,Customer related issue,Not Applicable,Not Applicable,614,Not Applicable,0,,
2024-07-02 15:22:00,CNR1042552906,Canceled by Customer,CID629186,Mini,Rajarajeshwari Nagar,Indiranagar,,,Driver is not moving towards pickup location,Not Applicable,Not Applicable,Not Applicable,686,Not Applicable,0,,
2024-07-01 15:01:00,CNR7956618175,Driver Not Found,CID492835,Bike,Magadi Road,Rajajinagar,,,Not Applicable,Not Applicable,Not Applicable,Not Applicable,136,Not Applicable,0,,
2024-07-11 15:11:00,CNR8222636057,Success,CID347098,Prime Plus,Whitefield,Nagarbhavi,189.0,55.0,Not Applicable,Not Applicable,No,Not Applicable,526,UPI,8,4.2,3.5
2024-07-03 08:13:00,CNR1970514148,Driver Not Found,CID420675,Mini,KR Puram,Magadi Road,,,Not Applicable,Not Applicable,Not Applicable,Not Applicable,998,Not Applicable,0,,
2024-07-09 22:56:00,CNR7460789608,Success,CID224182,Bike,Sahakar Nagar,Rajajinagar,119.0,130.0,Not Applicable,Not Applicable,No,Not Applicable,380,UPI,25,3.3,3.7
2024-07-08 19:30:00,CNR9453229214,Success,CID898060,Auto,Chamarajpet,KR Puram,112.0,35.0,Not Applicable,Not Applicable,No,Not Applicable,475,UPI,19,3.8,4.2
2024-07-22 17:03:00,CNR1981407259,Success,CID286369,Auto,Electronic City,MG Road,105.0,105.0,Not Applicable,Not Applicable,No,Not Applicable,143,UPI,8,4.4,4.8
2024-07-11 13:50:00,CNR3701507954,Success,CID804667,Bike,Kengeri,Koramangala,91.0,120.0,Not Applicable,Not Applicable,No,Not Applicable,246,Cash,4,3.8,4.1
2024-07-14 01:34:00,CNR7731001923,Driver Not Found,CID899589,eBike,Hennur,Kammanahalli,,,Not Applicable,Not Applicable,Not Applicable,Not Applicable,433,Not Applicable,0,,
2024-07-08 20:16:00,CNR5896388664,Success,CID784276,eBike,Magadi Road,Mysore Road,196.0,80.0,Not Applicable,Not Applicable,No,Not Applicable,2042,Cash,36,4.1,5.0
2024-07-01 05:59:00,CNR6644140754,Success,CID948673,Bike,Electronic City,Hennur,203.0,120.0,Not Applicable,Not Applicable,No,Not Applicable,188,Cash,22,4.5,4.4
2024-07-04 01:07:00,CNR7890548856,Success,CID998698,Prime SUV,Kadugodi,HSR Layout,203.0,65.0,Not Applicable,Not Applicable,No,Not Applicable,468,Cash,16,3.2,4.1
2024-07-08 18:36:00,CNR1802364914,Success,CID493678,eBike,Koramangala,Tumkur Road,196.0,105.0,Not Applicable,Not Applicable,No,Not Applicable,421,UPI,3,3.4,3.9
2024-07-21 14:37:00,CNR1333751592,Success,CID538395,Prime Sedan,Nagarbhavi,Tumkur Road,238.0,110.0,Not Applicable,Not Applicable,No,Not Applicable,988,Cash,20,4.1,4.6
2024-07-24 08:11:00,CNR9221000752,Success,CID316646,Prime SUV,Kadugodi,Varthur,287.0,30.0,Not Applicable,Not Applicable,No,Not Applicable,344,UPI,45,3.1,3.8
2024-07-01 09:11:00,CNR4735518718,Driver Not Found,CID717538,Mini,Kammanahalli,Vijayanagar,,,Not Applicable,Not Applicable,Not Applicable,Not Applicable,378,Not Applicable,0,,
2024-07-01 11:56:00,CNR8998282641,Canceled by Customer,CID747761,eBike,Yeshwanthpur,JP Nagar,,,Driver asked to cancel,Not Applicable,Not Applicable,Not Applicable,403,Not Applicable,0,,
2024-07-27 01:10:00,CNR8200537293,Canceled by Customer,CID342898,Prime Sedan,Shivajinagar,Marathahalli,,,Driver is not moving towards pickup location,Not Applicable,Not Applicable,Not Applicable,270,Not Applicable,0,,
2024-07-23 22:12:00,CNR7148451685,Driver Not Found,CID576868,Prime Plus,Magadi Road,Tumkur Road,,,Not Applicable,Not Applicable,Not Applicable,Not Applicable,418,Not Applicable,0,,
2024-07-03 00:30:00,CNR8271139911,Success,CID286666,eBike,KR Puram,Malleshwaram,245.0,40.0,Not Applicable,Not Applicable,No,Not Applicable,420,UPI,29,4.1,3.2
2024-07-21 09:13:00,CNR9767275655,Canceled by Customer,CID153423,Bike,RT Nagar,KR Puram,,,Change of plans,Not Applicable,Not Applicable,Not Applicable,367,Not Applicable,0,,
2024-07-27 04:47:00,CNR5542036120,Success,CID490255,Prime Plus,Magadi Road,Ulsoor,126.0,65.0,Not Applicable,Not Applicable,No,Not Applicable,509,Cash,4,4.9,4.7
2024-07-09 13:43:00,CNR2558983065,Success,CID812778,eBike,Varthur,Ramamurthy Nagar,91.0,35.0,Not Applicable,Not Applicable,No,Not Applicable,273,UPI,13,4.1,3.8
2024-07-03 00:39:00,CNR5759631345,Driver Not Found,CID160004,Bike,Kadugodi,Padmanabhanagar,,,Not Applicable,Not Applicable,Not Applicable,Not Applicable,371,Not Applicable,0,,
2024-07-11 23:04:00,CNR3786745107,Success,CID312220,Bike,Devanahalli,Indiranagar,168.0,140.0,Not Applicable,Not Applicable,No,Not Applicable,262,Cash,15,3.0,4.1
2024-07-18 02:32:00,CNR3034890503,Canceled by Customer,CID608247,eBike,Ulsoor,Tumkur Road,,,Driver is not moving towards pickup location,Not Applicable,Not Applicable,Not Applicable,103,Not Applicable,0,,
2024-07-25 11:14:00,CNR2569715715,Canceled by Driver,CID758824,Auto,Hennur,Richmond Town,,,Not Applicable,Customer related issue,Not Applicable,Not Applicable,146,Not Applicable,0,,
2024-07-11 10:58:00,CNR7054501682,Success,CID133054,Prime Sedan,Nagarbhavi,MG Road,112.0,40.0,Not Applicable,Not Applicable,No,Not Applicable,366,UPI,31,4.0,3.4
2024-07-06 17:44:00,CNR4804116179,Canceled by Customer,CID574091,Mini,MG Road,RT Nagar,,,Change of plans,Not Applicable,Not Applicable,Not Applicable,585,Not Applicable,0,,
2024-07-30 09:58:00,CNR2914423309,Success,CID399604,Mini,Shivajinagar,HSR Layout,77.0,125.0,Not Applicable,Not Applicable,No,Not Applicable,420,UPI,18,4.4,4.8
2024-07-19 13:15:00,CNR1687392343,Success,CID685747,Mini,Hennur,Hennur,238.0,80.0,Not Applicable,Not Applicable,No,Not Applicable,343,Cash,2,4.7,4.0
2024-07-30 18:08:00,CNR3768598872,Success,CID817993,Prime Sedan,HSR Layout,Sahakar Nagar,63.0,85.0,Not Applicable,Not Applicable,No,Not Applicable,502,UPI,49,4.8,4.7
2024-07-06 14:01:00,CNR5616390220,Success,CID745207,Prime Plus,Ulsoor,Indiranagar,126.0,55.0,Not Applicable,Not Applicable,No,Not Applicable,132,UPI,37,3.1,4.4
2024-07-20 05:59:00,CNR9675865067,Canceled by Customer,CID495574,Prime Plus,Ulsoor,Indiranagar,,,AC is Not working,Not Applicable,Not Applicable,Not Applicable,254,Not Applicable,0,,
2024-07-16 23:23:00,CNR8061534849,Driver Not Found,CID763253,Prime Sedan,KR Puram,Rajajinagar,,,Not Applicable,Not Applicable,Not Applicable,Not Applicable,805,Not Applicable,0,,
2024-07-08 03:03:00,CNR7702661059,Success,CID459751,Mini,RT Nagar,Kadugodi,63.0,45.0,Not Applicable,Not Applicable,No,Not Applicable,2060,UPI,5,3.1,4.7
2024-07-18 19:27:00,CNR6981191350,Driver Not Found,CID172848,Prime SUV,Sahakar Nagar,Varthur,,,Not Applicable,Not Applicable,Not Applicable,Not Applicable,468,Not Applicable,0,,
2024-07-20 09:39:00,CNR5356169357,Success,CID231108,Auto,Ramamurthy Nagar,Nagarbhavi,259.0,65.0,Not Applicable,Not Applicable,No,Not Applicable,780,Cash,6,5.0,4.7
2024-07-24 18:27:00,CNR1626653999,Success,CID737954,Auto,Chamarajpet,Nagarbhavi,189.0,45.0,Not Applicable,Not Applicable,No,Not Applicable,651,Cash,6,3.4,4.2
2024-07-22 12:01:00,CNR9382331449,Success,CID957582,Prime Sedan,Tumkur Road,BTM Layout,140.0,30.0,Not Applicable,Not Applicable,No,Not Applicable,239,Cash,21,4.1,4.4
2024-07-18 16:28:00,CNR1884711235,Success,CID623125,eBike,Cox Town,Mysore Road,133.0,100.0,Not Applicable,Not Applicable,No,Not Applicable,309,Cash,38,3.1,3.0
2024-07-14 06:50:00,CNR9222379873,Success,CID857281,Mini,Rajajinagar,Ulsoor,189.0,130.0,Not Applicable,Not Applicable,No,Not Applicable,818,Cash,34,3.1,3.1
2024-07-21 14:31:00,CNR8989091214,Canceled by Driver,CID851399,Mini,Whitefield,Ulsoor,,,Not Applicable,Customer was coughing/sick,Not Applicable,Not Applicable,236,Not Applicable,0,,
2024-07-21 00:49:00,CNR3847278773,Success,CID909439,Auto,Majestic,Varthur,126.0,120.0,Not Applicable,Not Applicable,No,Not Applicable,114,UPI,11,4.2,4.3
2024-07-09 03:06:00,CNR7453181556,Success,CID809717,Auto,Varthur,Marathahalli,287.0,90.0,Not Applicable,Not Applicable,No,Not Applicable,451,Cash,11,4.3,3.9
2024-07-18 22:28:00,CNR6347642113,Success,CID251175,Bike,Richmond Town,Varthur,63.0,130.0,Not Applicable,Not Applicable,No,Not Applicable,539,Credit Card,24,3.8,4.1
2024-07-06 01:57:00,CNR1459051494,Success,CID109928,Prime Sedan,Cox Town,Langford Town,217.0,45.0,Not Applicable,Not Applicable,No,Not Applicable,800,UPI,31,4.6,3.7
2024-07-24 01:50:00,CNR4382186413,Canceled by Driver,CID186516,Prime Sedan,MG Road,Ulsoor,,,Not Applicable,Customer was coughing/sick,Not Applicable,Not Applicable,491,Not Applicable,0,,
2024-07-15 06:52:00,CNR2601311163,Canceled by Driver,CID726157,Auto,Nagarbhavi,KR Puram,,,Not Applicable,Personal & Car related issue,Not Applicable,Not Applicable,253,Not Applicable,0,,
2024-07-23 12:28:00,CNR8364103653,Canceled by Driver,CID115382,Prime Plus,Chamarajpet,Cox Town,,,Not Applicable,Personal & Car related issue,Not Applicable,Not Applicable,328,Not Applicable,0,,
2024-07-10 12:08:00,CNR9927810907,Success,CID502905,Bike,HSR Layout,Shivajinagar,224.0,100.0,Not Applicable,Not Applicable,No,Not Applicable,336,Cash,22,4.6,4.7
2024-07-23 14:12:00,CNR6428705250,Success,CID856761,eBike,Bellandur,Devanahalli,175.0,55.0,Not Applicable,Not Applicable,No,Not Applicable,741,UPI,12,3.4,4.9
2024-07-11 18:41:00,CNR1866965384,Success,CID753656,Auto,Bellandur,KR Puram,56.0,80.0,Not Applicable,Not Applicable,No,Not Applicable,470,UPI,1,3.2,4.1
2024-07-22 07:26:00,CNR4372826502,Success,CID399590,eBike,Sarjapur Road,Ramamurthy Nagar,35.0,55.0,Not Applicable,Not Applicable,No,Not Applicable,357,Cash,28,4.0,4.5
2024-07-28 18:00:00,CNR8967214118,Driver Not Found,CID518292,Bike,Jayanagar,Ulsoor,,,Not Applicable,Not Applicable,Not Applicable,Not Applicable,403,Not Applicable,0,,
2024-07-02 23:52:00,CNR7498202450,Success,CID448973,Auto,Rajarajeshwari Nagar,Malleshwaram,77.0,70.0,Not Applicable,Not Applicable,No,Not Applicable,195,Cash,17,4.6,4.8
2024-07-23 07:19:00,CNR9428159963,Success,CID649452,Prime Sedan,Banashankari,Hebbal,273.0,110.0,Not Applicable,Not Applicable,No,Not Applicable,671,UPI,3,4.8,4.3
2024-07-25 04:30:00,CNR3511347182,Canceled by Customer,CID699418,Prime Plus,Magadi Road,Malleshwaram,,,Change of plans,Not Applicable,Not Applicable,Not Applicable,712,Not Applicable,0,,
2024-07-05 02:01:00,CNR5858953484,Success,CID707372,Auto,Rajarajeshwari Nagar,Shivajinagar,210.0,135.0,Not Applicable,Not Applicable,No,Not Applicable,492,UPI,9,4.3,4.1
2024-07-23 16:32:00,CNR5466118401,Canceled by Driver,CID999162,Bike,Sahakar Nagar,Rajajinagar,,,Not Applicable,More than permitted people in there,Not Applicable,Not Applicable,546,Not Applicable,0,,
2024-07-21 19:47:00,CNR6223036439,Success,CID273229,Prime Sedan,Kadugodi,Bellandur,280.0,35.0,Not Applicable,Not Applicable,No,Not Applicable,136,Cash,5,5.0,4.2
2024-07-10 05:06:00,CNR1115836897,Success,CID934977,eBike,Banashankari,Padmanabhanagar,217.0,125.0,Not Applicable,Not Applicable,No,Not Applicable,466,UPI,45,4.8,3.2
2024-07-25 20:41:00,CNR5644582925,Success,CID225993,Prime Plus,Kadugodi,Marathahalli,140.0,45.0,Not Applicable,Not Applicable,No,Not Applicable,673,Cash,26,3.6,4.2
2024-07-29 08:06:00,CNR7056706559,Success,CID258604,Mini,Frazer Town,BTM Layout,63.0,95.0,Not Applicable,Not Applicable,No,Not Applicable,476,Cash,49,4.6,4.9
2024-07-02 13:20:00,CNR4578301030,Canceled by Customer,CID797876,eBike,Yeshwanthpur,Magadi Road,,,AC is Not working,Not Applicable,Not Applicable,Not Applicable,483,Not Applicable,0,,
2024-07-22 16:02:00,CNR4649811728,Driver Not Found,CID234583,Auto,Tumkur Road,Vijayanagar,,,Not Applicable,Not Applicable,Not Applicable,Not Applicable,535,Not Applicable,0,,
2024-07-17 01:20:00,CNR4383742359,Canceled by Driver,CID717323,Bike,Kadugodi,Kammanahalli,,,Not Applicable,Customer related issue,Not Applicable,Not Applicable,302,Not Applicable,0,,
2024-07-07 01:07:00,CNR1859243512,Success,CID770195,Prime SUV,Frazer Town,Yelahanka,182.0,135.0,Not Applicable,Not Applicable,No,Not Applicable,493,Cash,4,3.1,3.3
2024-07-24 20:03:00,CNR9386589248,Success,CID463979,eBike,Kammanahalli,Kadugodi,63.0,115.0,Not Applicable,Not Applicable,No,Not Applicable,848,Cash,27,4.2,3.9
2024-07-27 15:33:00,CNR2888166726,Canceled by Customer,CID741774,eBike,Rajarajeshwari Nagar,Rajarajeshwari Nagar,,,Driver is not moving towards pickup location,Not Applicable,Not Applicable,Not Applicable,488,Not Applicable,0,,
2024-07-11 05:31:00,CNR7294324151,Canceled by Customer,CID995730,Auto,Sarjapur Road,Chickpet,,,AC is Not working,Not Applicable,Not Applicable,Not Applicable,398,Not Applicable,0,,
2024-07-01 07:31:00,CNR2664145804,Success,CID234955,Prime Plus,Magadi Road,Marathahalli,287.0,45.0,Not Applicable,Not Applicable,No,Not Applicable,1312,UPI,9,3.3,4.9
2024-07-30 07:16:00,CNR8657133987,Canceled by Customer,CID821168,Prime Sedan,Kadugodi,Shantinagar,,,Driver is not moving towards pickup location,Not Applicable,Not Applicable,Not Applicable,527,Not Applicable,0,,
2024-07-16 02:11:00,CNR1005850233,Canceled by Driver,CID534817,eBike,KR Puram,KR Puram,,,Not Applicable,Personal & Car related issue,Not Applicable,Not Applicable,1958,Not Applicable,0,,
2024-07-21 15:18:00,CNR8329097235,Success,CID830565,Prime SUV,Hosur Road,Nagarbhavi,259.0,30.0,Not Applicable,Not Applicable,No,Not Applicable,153,Cash,10,4.9,3.7
2024-07-05 16:33:00,CNR2802717279,Driver Not Found,CID403872,Prime SUV,RT Nagar,HSR Layout,,,Not Applicable,Not Applicable,Not Applicable,Not Applicable,250,Not Applicable,0,,
2024-07-17 14:09:00,CNR8411366096,Canceled by Driver,CID180165,Mini,Langford Town,Shantinagar,,,Not Applicable,Customer related issue,Not Applicable,Not Applicable,486,Not Applicable,0,,
2024-07-11 06:03:00,CNR2041470430,Success,CID210926,Auto,Bannerghatta Road,Electronic City,210.0,120.0,Not Applicable,Not Applicable,No,Not Applicable,275,Cash,14,4.1,3.2
2024-07-02 23:13:00,CNR8278833154,Success,CID746702,Prime Plus,Ramamurthy Nagar,Chamarajpet,280.0,115.0,Not Applicable,Not Applicable,No,Not Applicable,283,UPI,13,3.2,4.2
2024-07-01 09:49:00,CNR2202552596,Success,CID860952,Mini,Sarjapur Road,Mysore Road,245.0,135.0,Not Applicable,Not Applicable,No,Not Applicable,610,UPI,34,4.0,3.5
2024-07-27 12:20:00,CNR2078752558,Success,CID886459,Bike,Rajajinagar,Cox Town,63.0,65.0,Not Applicable,Not Applicable,No,Not Applicable,288,Cash,17,4.2,4.1
2024-07-17 21:09:00,CNR2058490094,Success,CID350805,Auto,Cox Town,Peenya,112.0,55.0,Not Applicable,Not Applicable,No,Not Applicable,935,UPI,8,3.1,3.9
2024-07-11 04:30:00,CNR4075077858,Canceled by Driver,CID953826,Bike,Sarjapur Road,Nagarbhavi,,,Not Applicable,Customer related issue,Not Applicable,Not Applicable,459,Not Applicable,0,,
2024-07-07 09:25:00,CNR9536732755,Success,CID546745,Prime Sedan,Shivajinagar,Electronic City,98.0,55.0,Not Applicable,Not Applicable,No,Not Applicable,1083,UPI,38,4.5,4.6
2024-07-30 08:44:00,CNR4583807949,Success,CID240726,Mini,Hulimavu,Peenya,112.0,130.0,Not Applicable,Not Applicable,No,Not Applicable,473,Cash,4,3.0,3.7
2024-07-12 19:21:00,CNR1194520337,Canceled by Customer,CID227994,Prime SUV,Magadi Road,Kadugodi,,,Wrong Address,Not Applicable,Not Applicable,Not Applicable,710,Not Applicable,0,,
2024-07-15 17:19:00,CNR2359665256,Success,CID603883,Mini,Indiranagar,KR Puram,140.0,75.0,Not Applicable,Not Applicable,No,Not Applicable,765,Cash,34,3.7,4.8
2024-07-16 02:24:00,CNR8569032982,Canceled by Driver,CID492281,Auto,Mysore Road,Chickpet,,,Not Applicable,Customer related issue,Not Applicable,Not Applicable,288,Not Applicable,0,,
2024-07-11 23:00:00,CNR3707523656,Success,CID994040,Mini,Indiranagar,Mysore Road,259.0,130.0,Not Applicable,Not Applicable,No,Not Applicable,246,Cash,3,4.6,3.3
2024-07-19 07:51:00,CNR3208084880,Success,CID403285,Mini,Vijayanagar,Mysore Road,161.0,30.0,Not Applicable,Not Applicable,No,Not Applicable,429,UPI,10,3.4,3.9
2024-07-11 21:27:00,CNR9198808077,Canceled by Customer,CID791107,Prime Plus,Indiranagar,Kammanahalli,,,Driver asked to cancel,Not Applicable,Not Applicable,Not Applicable,353,Not Applicable,0,,
2024-07-23 06:04:00,CNR9454192935,Canceled by Driver,CID360189,Prime Plus,Ulsoor,KR Puram,,,Not Applicable,Personal & Car related issue,Not Applicable,Not Applicable,691,Not Applicable,0,,
2024-07-10 16:35:00,CNR7615423804,Success,CID947728,Prime SUV,MG Road,Basavanagudi,189.0,60.0,Not Applicable,Not Applicable,No,Not Applicable,167,UPI,30,3.8,3.7
2024-07-16 15:54:00,CNR1202955257,Success,CID233097,eBike,Langford Town,Sarjapur Road,273.0,25.0,Not Applicable,Not Applicable,No,Not Applicable,203,UPI,31,3.2,3.1
2024-07-20 01:20:00,CNR6591533427,Success,CID442034,Bike,MG Road,Majestic,70.0,105.0,Not Applicable,Not Applicable,No,Not Applicable,375,UPI,7,3.8,4.4
2024-07-18 06:15:00,CNR7151721506,Canceled by Customer,CID458445,Mini,BTM Layout,Kengeri,,,Wrong Address,Not Applicable,Not Applicable,Not Applicable,490,Not Applicable,0,,
2024-07-18 16:38:00,CNR4800017738,Success,CID974489,Prime Plus,Cox Town,BTM Layout,56.0,60.0,Not Applicable,Not Applicable,No,Not Applicable,2273,UPI,34,3.9,4.6
2024-07-24 01:08:00,CNR6438504707,Success,CID210746,Mini,Electronic City,Langford Town,210.0,100.0,Not Applicable,Not Applicable,No,Not Applicable,1983,Credit Card,45,3.2,4.1
2024-07-14 11:05:00,CNR7302289571,Success,CID964086,Prime Sedan,Yeshwanthpur,Bannerghatta Road,168.0,100.0,Not Applicable,Not Applicable,No,Not Applicable,2733,UPI,3,3.7,4.8
2024-07-29 07:36:00,CNR6319911853,Driver Not Found,CID494615,Prime Sedan,Chickpet,Tumkur Road,,,Not Applicable,Not Applicable,Not Applicable,Not Applicable,368,Not Applicable,0,,
2024-07-12 21:15:00,CNR8458043099,Success,CID881328,eBike,HSR Layout,HSR Layout,70.0,70.0,Not Applicable,Not Applicable,No,Not Applicable,895,Cash,23,3.7,4.6
2024-07-29 18:38:00,CNR1272447531,Success,CID969658,Auto,Richmond Town,Hebbal,77.0,60.0,Not Applicable,Not Applicable,No,Not Applicable,908,UPI,3,4.8,3.5
2024-07-18 02:20:00,CNR9560574837,Success,CID356494,Prime Sedan,JP Nagar,Hebbal,70.0,110.0,Not Applicable,Not Applicable,No,Not Applicable,263,Cash,48,4.1,4.6
2024-07-24 20:40:00,CNR5668271491,Success,CID375496,Mini,Hosur Road,Shivajinagar,105.0,45.0,Not Applicable,Not Applicable,No,Not Applicable,263,Cash,41,4.2,4.9
2024-07-04 01:59:00,CNR2709140552,Success,CID913044,Prime Sedan,MG Road,Jayanagar,56.0,140.0,Not Applicable,Not Applicable,No,Not Applicable,266,Cash,15,3.1,3.0
2024-07-18 22:12:00,CNR2969587833,Canceled by Customer,CID826938,Mini,Shivajinagar,RT Nagar,,,Driver is not moving towards pickup location,Not Applicable,Not Applicable,Not Applicable,2272,Not Applicable,0,,
2024-07-11 14:17:00,CNR6622511458,Driver Not Found,CID144188,Prime Plus,Basavanagudi,Bellandur,,,Not Applicable,Not Applicable,Not Applicable,Not Applicable,184,Not Applicable,0,,
2024-07-27 21:46:00,CNR8233979750,Success,CID712047,Auto,Hebbal,Jayanagar,161.0,85.0,Not Applicable,Not Applicable,Yes,Customer Demand,207,Cash,8,4.5,3.8
2024-07-22 22:17:00,CNR5232917214,Success,CID887217,Prime SUV,JP Nagar,Marathahalli,287.0,105.0,Not Applicable,Not Applicable,No,Not Applicable,196,Cash,14,3.7,3.7
2024-07-09 02:38:00,CNR8940857527,Canceled by Customer,CID314882,Bike,Rajarajeshwari Nagar,JP Nagar,,,Driver is not moving towards pickup location,Not Applicable,Not Applicable,Not Applicable,318,Not Applicable,0,,
2024-07-22 16:24:00,CNR2681501879,Driver Not Found,CID616107,Auto,Hennur,Sarjapur Road,,,Not Applicable,Not Applicable,Not Applicable,Not Applicable,251,Not Applicable,0,,
2024-07-26 08:45:00,CNR2700365899,Canceled by Driver,CID581134,Bike,Hosur Road,Vijayanagar,,,Not Applicable,Personal & Car related issue,Not Applicable,Not Applicable,419,Not Applicable,0,,
2024-07-02 16:42:00,CNR5257349593,Success,CID371081,Bike,Langford Town,Chamarajpet,84.0,35.0,Not Applicable,Not Applicable,No,Not Applicable,330,Cash,35,3.4,3.6
2024-07-21 15:56:00,CNR5828011285,Success,CID978883,Prime Sedan,HSR Layout,Ulsoor,203.0,105.0,Not Applicable,Not Applicable,No,Not Applicable,200,UPI,29,3.1,3.9
2024-07-10 17:18:00,CNR7101222407,Canceled by Driver,CID505047,Prime Plus,Yelahanka,Bellandur,,,Not Applicable,Personal & Car related issue,Not Applicable,Not Applicable,676,Not Applicable,0,,
2024-07-15 16:55:00,CNR8742788241,Success,CID359412,eBike,Hosur Road,Hulimavu,301.0,100.0,Not Applicable,Not Applicable,No,Not Applicable,127,Cash,48,3.2,4.3
2024-07-18 03:43:00,CNR3028376361,Success,CID228585,Auto,Richmond Town,Shantinagar,91.0,130.0,Not Applicable,Not Applicable,No,Not Applicable,2327,Cash,1,3.6,3.7
2024-07-06 01:03:00,CNR4314831395,Driver Not Found,CID379477,Mini,Basavanagudi,Frazer Town,,,Not Applicable,Not Applicable,Not Applicable,Not Applicable,475,Not Applicable,0,,
2024-07-10 01:04:00,CNR5576179439,Success,CID660311,Prime Plus,Whitefield,Devanahalli,196.0,100.0,Not Applicable,Not Applicable,Yes,Vehicle Breakdown,994,Cash,12,4.3,4.4
2024-07-24 02:12:00,CNR5266307879,Success,CID759247,Bike,Chamarajpet,Ulsoor,77.0,75.0,Not Applicable,Not Applicable,No,Not Applicable,755,Cash,45,4.3,4.0
2024-07-06 18:21:00,CNR4499977783,Success,CID764417,Mini,MG Road,Bellandur,273.0,60.0,Not Applicable,Not Applicable,No,Not Applicable,365,Cash,17,3.8,4.0
2024-07-13 09:31:00,CNR4491793343,Success,CID111559,Bike,Kengeri,Hosur Road,238.0,90.0,Not Applicable,Not Applicable,No,Not Applicable,268,UPI,24,3.6,4.4
2024-07-23 03:16:00,CNR3214921843,Canceled by Customer,CID218353,Prime Sedan,Electronic City,HSR Layout,,,Driver asked to cancel,Not Applicable,Not Applicable,Not Applicable,134,Not Applicable,0,,
2024-07-15 12:57:00,CNR5230061771,Canceled by Customer,CID431913,Auto,Magadi Road,Mysore Road,,,Driver is not moving towards pickup location,Not Applicable,Not Applicable,Not Applicable,1896,Not Applicable,0,,
2024-07-27 02:29:00,CNR5643056637,Canceled by Customer,CID136364,Bike,Nagarbhavi,Chickpet,,,Driver is not moving towards pickup location,Not Applicable,Not Applicable,Not Applicable,453,Not Applicable,0,,
2024-07-29 08:18:00,CNR3828464708,Success,CID989872,Bike,Hennur,Tumkur Road,273.0,130.0,Not Applicable,Not Applicable,No,Not Applicable,807,UPI,4,4.9,4.9
2024-07-27 14:10:00,CNR2500748742,Success,CID483751,eBike,KR Puram,Sarjapur Road,126.0,70.0,Not Applicable,Not Applicable,No,Not Applicable,126,UPI,39,3.9,4.1
2024-07-15 05:34:00,CNR2068487747,Success,CID690770,eBike,Indiranagar,Yeshwanthpur,56.0,65.0,Not Applicable,Not Applicable,Yes,Vehicle Breakdown,224,Cash,27,3.0,3.6
2024-07-03 07:07:00,CNR9110276354,Success,CID711307,Auto,Padmanabhanagar,Banashankari,287.0,140.0,Not Applicable,Not Applicable,No,Not Applicable,317,Cash,2,3.3,4.4
2024-07-21 20:24:00,CNR9633983602,Canceled by Driver,CID502471,Prime Sedan,Whitefield,RT Nagar,,,Not Applicable,Customer related issue,Not Applicable,Not Applicable,122,Not Applicable,0,,
2024-07-07 13:01:00,CNR4091336529,Success,CID366854,Auto,Hebbal,Magadi Road,203.0,35.0,Not Applicable,Not Applicable,No,Not Applicable,104,Cash,10,4.9,4.1
2024-07-12 19:01:00,CNR2657971578,Success,CID144584,eBike,Electronic City,Frazer Town,273.0,25.0,Not Applicable,Not Applicable,No,Not Applicable,395,Cash,2,3.9,4.1
2024-07-05 20:04:00,CNR8520323296,Success,CID818451,Bike,Padmanabhanagar,Peenya,35.0,130.0,Not Applicable,Not Applicable,No,Not Applicable,292,UPI,19,3.4,4.4
2024-07-18 16:24:00,CNR8469143814,Canceled by Customer,CID542613,Prime Plus,Sahakar Nagar,MG Road,,,Driver asked to cancel,Not Applicable,Not Applicable,Not Applicable,314,Not Applicable,0,,
2024-07-17 16:33:00,CNR2506995253,Success,CID589145,Bike,Hebbal,Langford Town,224.0,135.0,Not Applicable,Not Applicable,No,Not Applicable,217,Cash,49,4.3,4.1
2024-07-27 06:00:00,CNR8565713014,Success,CID195401,Prime Plus,Chamarajpet,Peenya,84.0,60.0,Not Applicable,Not Applicable,No,Not Applicable,232,Cash,10,4.8,3.9
2024-07-30 15:56:00,CNR4552620664,Canceled by Driver,CID299218,Prime Sedan,Langford Town,Bannerghatta Road,,,Not Applicable,More than permitted people in there,Not Applicable,Not Applicable,290,Not Applicable,0,,
2024-07-02 06:37:00,CNR8882395795,Canceled by Driver,CID420953,Prime Plus,Sahakar Nagar,JP Nagar,,,Not Applicable,Personal & Car related issue,Not Applicable,Not Applicable,186,Not Applicable,0,,
2024-07-19 01:13:00,CNR5354895684,Success,CID423271,Prime Plus,Basavanagudi,Frazer Town,140.0,135.0,Not Applicable,Not Applicable,No,Not Applicable,355,Cash,30,3.6,4.0
2024-07-25 02:08:00,CNR5077796902,Success,CID974557,Prime Plus,Richmond Town,Yelahanka,301.0,55.0,Not Applicable,Not Applicable,No,Not Applicable,441,UPI,39,3.9,3.9
2024-07-10 03:29:00,CNR1668516516,Success,CID908346,Bike,Nagarbhavi,Hennur,91.0,135.0,Not Applicable,Not Applicable,No,Not Applicable,429,Cash,18,4.2,4.3
2024-07-03 03:15:00,CNR8126672755,Canceled by Customer,CID861100,eBike,Marathahalli,Whitefield,,,AC is Not working,Not Applicable,Not Applicable,Not Applicable,432,Not Applicable,0,,
2024-07-27 00:52:00,CNR2112332641,Canceled by Driver,CID999880,Mini,Whitefield,HSR Layout,,,Not Applicable,Customer related issue,Not Applicable,Not Applicable,382,Not Applicable,0,,
2024-07-01 05:19:00,CNR9793973837,Canceled by Driver,CID440374,Mini,Magadi Road,Hebbal,,,Not Applicable,Personal & Car related issue,Not Applicable,Not Applicable,660,Not Applicable,0,,
2024-07-07 17:24:00,CNR6047571608,Success,CID635963,Prime Sedan,Sarjapur Road,MG Road,203.0,105.0,Not Applicable,Not Applicable,Yes,Vehicle Breakdown,856,UPI,22,4.8,3.8
2024-07-06 22:12:00,CNR5545869509,Success,CID284259,Auto,Langford Town,Nagarbhavi,140.0,30.0,Not Applicable,Not Applicable,Yes,Other Issue,127,Cash,19,4.1,4.8
2024-07-30 16:23:00,CNR4057907734,Success,CID910177,Mini,Kammanahalli,Vijayanagar,126.0,105.0,Not Applicable,Not Applicable,No,Not Applicable,222,Cash,36,3.3,3.1
2024-07-02 04:43:00,CNR3956412032,Canceled by Driver,CID498890,eBike,Basavanagudi,Malleshwaram,,,Not Applicable,Customer related issue,Not Applicable,Not Applicable,334,Not Applicable,0,,
2024-07-10 04:45:00,CNR1531747799,Success,CID472549,Prime Sedan,Jayanagar,JP Nagar,56.0,55.0,Not Applicable,Not Applicable,No,Not Applicable,355,UPI,48,4.6,4.6
2024-07-25 10:19:00,CNR6691573446,Success,CID809623,Prime Sedan,Malleshwaram,Langford Town,224.0,90.0,Not Applicable,Not Applicable,No,Not Applicable,353,Cash,7,4.9,3.5
2024-07-26 12:38:00,CNR9735930874,Canceled by Driver,CID438481,Mini,Hennur,Padmanabhanagar,,,Not Applicable,Customer related issue,Not Applicable,Not Applicable,179,Not Applicable,0,,
2024-07-04 13:24:00,CNR3740855952,Canceled by Driver,CID797764,Prime SUV,Kammanahalli,Sarjapur Road,,,Not Applicable,Customer was coughing/sick,Not Applicable,Not Applicable,189,Not Applicable,0,,
2024-07-16 09:03:00,CNR1313258012,Success,CID164136,Auto,Yeshwanthpur,Sahakar Nagar,119.0,45.0,Not Applicable,Not Applicable,No,Not Applicable,325,UPI,14,4.2,3.1
2024-07-20 17:16:00,CNR3945670806,Success,CID103546,Auto,Ulsoor,Yeshwanthpur,280.0,65.0,Not Applicable,Not Applicable,No,Not Applicable,188,Cash,18,3.7,3.8
2024-07-20 00:16:00,CNR1009773306,Canceled by Customer,CID244208,Mini,Hebbal,Sarjapur Road,,,Driver asked to cancel,Not Applicable,Not Applicable,Not Applicable,226,Not Applicable,0,,
2024-07-09 12:31:00,CNR5154548899,Success,CID982608,Auto,Sarjapur Road,Varthur,301.0,35.0,Not Applicable,Not Applicable,No,Not Applicable,570,UPI,7,3.2,3.8
2024-07-18 01:12:00,CNR8372682884,Success,CID706421,Bike,Varthur,Rajajinagar,175.0,145.0,Not Applicable,Not Applicable,No,Not Applicable,491,UPI,29,3.9,4.9
2024-07-22 15:13:00,CNR5013549131,Canceled by Customer,CID223453,Mini,MG Road,MG Road,,,AC is Not working,Not Applicable,Not Applicable,Not Applicable,191,Not Applicable,0,,
2024-07-08 10:26:00,CNR4367544179,Success,CID974495,Bike,Padmanabhanagar,Bannerghatta Road,203.0,25.0,Not Applicable,Not Applicable,No,Not Applicable,157,Cash,28,4.4,4.6
2024-07-15 20:26:00,CNR2492189852,Success,CID575688,Prime Sedan,Indiranagar,MG Road,210.0,145.0,Not Applicable,Not Applicable,Yes,Customer Demand,134,UPI,49,3.5,5.0
2024-07-30 03:09:00,CNR4894403135,Success,CID852317,Auto,Hulimavu,Koramangala,168.0,90.0,Not Applicable,Not Applicable,No,Not Applicable,976,UPI,10,3.4,3.6
2024-07-23 17:12:00,CNR3244281260,Canceled by Driver,CID309168,Prime SUV,Sahakar Nagar,Frazer Town,,,Not Applicable,Customer was coughing/sick,Not Applicable,Not Applicable,606,Not Applicable,0,,
2024-07-27 13:13:00,CNR5834328413,Success,CID255047,Mini,Cox Town,Chamarajpet,196.0,85.0,Not Applicable,Not Applicable,No,Not Applicable,940,UPI,22,4.2,3.8
2024-07-28 06:31:00,CNR6487276584,Driver Not Found,CID886090,Bike,Jayanagar,Yelahanka,,,Not Applicable,Not Applicable,Not Applicable,Not Applicable,609,Not Applicable,0,,
2024-07-06 12:26:00,CNR1918334476,Canceled by Driver,CID247569,eBike,Ulsoor,Koramangala,,,Not Applicable,Personal & Car related issue,Not Applicable,Not Applicable,654,Not Applicable,0,,
2024-07-23 17:37:00,CNR8757004803,Success,CID295785,Prime SUV,Ramamurthy Nagar,Kadugodi,203.0,70.0,Not Applicable,Not Applicable,No,Not Applicable,135,Cash,35,4.3,4.4
2024-07-06 02:59:00,CNR2728357787,Canceled by Customer,CID734283,eBike,Majestic,MG Road,,,Driver asked to cancel,Not Applicable,Not Applicable,Not Applicable,346,Not Applicable,0,,
2024-07-05 20:46:00,CNR8590890939,Canceled by Driver,CID970175,Auto,Majestic,Majestic,,,Not Applicable,More than permitted people in there,Not Applicable,Not Applicable,405,Not Applicable,0,,
2024-07-08 14:48:00,CNR2015340360,Canceled by Customer,CID678948,Mini,RT Nagar,BTM Layout,,,AC is Not working,Not Applicable,Not Applicable,Not Applicable,400,Not Applicable,0,,
2024-07-16 00:08:00,CNR5440160420,Success,CID508437,eBike,Langford Town,Shantinagar,266.0,130.0,Not Applicable,Not Applicable,No,Not Applicable,743,UPI,19,4.4,3.2
2024-07-15 18:30:00,CNR2820425957,Success,CID564076,Bike,Basavanagudi,Rajajinagar,133.0,135.0,Not Applicable,Not Applicable,Yes,Other Issue,299,Cash,12,4.3,3.3
2024-07-21 12:15:00,CNR4823717923,Success,CID316944,Mini,Padmanabhanagar,Devanahalli,231.0,135.0,Not Applicable,Not Applicable,No,Not Applicable,134,Cash,26,4.5,3.1
2024-07-29 11:33:00,CNR3626312757,Success,CID927304,Bike,Nagarbhavi,Koramangala,210.0,115.0,Not Applicable,Not Applicable,No,Not Applicable,331,UPI,5,4.4,3.9
2024-07-02 10:44:00,CNR1034876946,Canceled by Customer,CID878634,Prime Sedan,Indiranagar,Shantinagar,,,Driver is not moving towards pickup location,Not Applicable,Not Applicable,Not Applicable,1012,Not Applicable,0,,
2024-07-12 00:58:00,CNR9942783513,Driver Not Found,CID243295,Prime Plus,Hulimavu,Cox Town,,,Not Applicable,Not Applicable,Not Applicable,Not Applicable,2849,Not Applicable,0,,
2024-07-21 23:12:00,CNR3265474430,Driver Not Found,CID703852,Prime SUV,BTM Layout,Sahakar Nagar,,,Not Applicable,Not Applicable,Not Applicable,Not Applicable,161,Not Applicable,0,,
2024-07-10 19:44:00,CNR8848615152,Canceled by Driver,CID920484,Prime Sedan,Magadi Road,Koramangala,,,Not Applicable,Personal & Car related issue,Not Applicable,Not Applicable,343,Not Applicable,0,,
2024-07-01 05:21:00,CNR9812940167,Success,CID500351,Prime Plus,Hennur,Varthur,175.0,95.0,Not Applicable,Not Applicable,No,Not Applicable,236,Cash,27,4.7,4.3
2024-07-23 07:47:00,CNR6883518310,Success,CID871085,Auto,Hosur Road,Indiranagar,308.0,60.0,Not Applicable,Not Applicable,No,Not Applicable,133,UPI,9,4.3,4.2
2024-07-09 02:21:00,CNR7282858989,Success,CID157916,Prime SUV,Ulsoor,HSR Layout,294.0,65.0,Not Applicable,Not Applicable,No,Not Applicable,193,UPI,8,4.2,3.0
2024-07-03 09:40:00,CNR2005971425,Canceled by Driver,CID375893,Bike,Shivajinagar,Chickpet,,,Not Applicable,Personal & Car related issue,Not Applicable,Not Applicable,408,Not Applicable,0,,
2024-07-06 10:38:00,CNR7793255232,Success,CID961833,Prime Sedan,Ulsoor,Marathahalli,238.0,115.0,Not Applicable,Not Applicable,No,Not Applicable,442,Credit Card,29,4.7,4.2
2024-07-23 15:03:00,CNR1524200552,Driver Not Found,CID110410,Auto,Bannerghatta Road,Hulimavu,,,Not Applicable,Not Applicable,Not Applicable,Not Applicable,241,Not Applicable,0,,
2024-07-29 12:03:00,CNR9566223522,Success,CID730132,Auto,Magadi Road,Koramangala,273.0,60.0,Not Applicable,Not Applicable,No,Not Applicable,501,Cash,13,3.1,3.6
2024-07-28 13:15:00,CNR5296743594,Success,CID384579,Auto,Magadi Road,Whitefield,245.0,120.0,Not Applicable,Not Applicable,No,Not Applicable,337,UPI,15,4.2,4.9
2024-07-02 21:57:00,CNR1747336175,Canceled by Customer,CID736810,Bike,Koramangala,HSR Layout,,,Driver asked to cancel,Not Applicable,Not Applicable,Not Applicable,452,Not Applicable,0,,
2024-07-08 14:55:00,CNR9764950613,Success,CID954719,Prime SUV,RT Nagar,Majestic,189.0,80.0,Not Applicable,Not Applicable,No,Not Applicable,123,UPI,22,3.6,4.9
2024-07-14 03:48:00,CNR4447293449,Success,CID232123,Auto,Hosur Road,Cox Town,245.0,140.0,Not Applicable,Not Applicable,No,Not Applicable,1716,Cash,7,4.6,5.0
2024-07-15 06:54:00,CNR6037364869,Success,CID793771,Auto,Langford Town,Shantinagar,217.0,55.0,Not Applicable,Not Applicable,No,Not Applicable,440,Cash,18,3.7,3.9
2024-07-18 16:22:00,CNR6827683518,Canceled by Driver,CID890209,Bike,Hennur,Devanahalli,,,Not Applicable,Customer related issue,Not Applicable,Not Applicable,2756,Not Applicable,0,,
2024-07-22 20:30:00,CNR7399712797,Success,CID736305,Mini,MG Road,KR Puram,91.0,110.0,Not Applicable,Not Applicable,Yes,Vehicle Breakdown,135,Credit Card,14,3.7,3.6
2024-07-10 22:56:00,CNR4114845406,Canceled by Driver,CID825024,Prime SUV,Peenya,Hulimavu,,,Not Applicable,Personal & Car related issue,Not Applicable,Not Applicable,576,Not Applicable,0,,
2024-07-03 15:58:00,CNR9683926746,Canceled by Driver,CID425631,Prime Plus,Yelahanka,MG Road,,,Not Applicable,Personal & Car related issue,Not Applicable,Not Applicable,458,Not Applicable,0,,
2024-07-14 06:10:00,CNR7887973269,Success,CID585634,Auto,Electronic City,Majestic,105.0,140.0,Not Applicable,Not Applicable,No,Not Applicable,344,UPI,10,3.2,4.5
2024-07-04 19:15:00,CNR3638371662,Success,CID257993,Bike,Hulimavu,Langford Town,63.0,85.0,Not Applicable,Not Applicable,No,Not Applicable,384,Cash,24,3.7,4.3
2024-07-04 06:37:00,CNR4508921944,Success,CID868142,eBike,Basavanagudi,RT Nagar,42.0,95.0,Not Applicable,Not Applicable,No,Not Applicable,540,Cash,9,4.9,5.0
2024-07-21 17:27:00,CNR5976292970,Success,CID304163,eBike,Koramangala,Kengeri,140.0,85.0,Not Applicable,Not Applicable,No,Not Applicable,457,Cash,18,4.8,3.8
2024-07-08 22:25:00,CNR8643776307,Success,CID795309,Prime Sedan,Chamarajpet,Sahakar Nagar,49.0,145.0,Not Applicable,Not Applicable,No,Not Applicable,526,UPI,42,4.3,4.5
2024-07-02 13:33:00,CNR9188889375,Driver Not Found,CID636765,eBike,Bannerghatta Road,Tumkur Road,,,Not Applicable,Not Applicable,Not Applicable,Not Applicable,426,Not Applicable,0,,
2024-07-27 13:47:00,CNR2689472674,Success,CID162403,eBike,Sarjapur Road,Devanahalli,287.0,145.0,Not Applicable,Not Applicable,No,Not Applicable,443,Cash,13,4.8,4.9
2024-07-26 16:57:00,CNR3947262981,Success,CID930819,eBike,MG Road,Yelahanka,154.0,50.0,Not Applicable,Not Applicable,No,Not Applicable,1373,Credit Card,48,3.5,3.6
2024-07-21 02:27:00,CNR9906031267,Success,CID128432,Auto,Electronic City,JP Nagar,245.0,75.0,Not Applicable,Not Applicable,No,Not Applicable,178,Cash,12,3.3,3.1
2024-07-21 04:27:00,CNR7437953667,Success,CID379333,Auto,Rajarajeshwari Nagar,Bannerghatta Road,259.0,105.0,Not Applicable,Not Applicable,No,Not Applicable,119,UPI,2,3.9,3.5
2024-07-18 02:48:00,CNR7745382823,Canceled by Customer,CID816304,Bike,Whitefield,Jayanagar,,,AC is Not working,Not Applicable,Not Applicable,Not Applicable,457,Not Applicable,0,,
2024-07-10 02:45:00,CNR9743586993,Success,CID358451,Auto,Rajajinagar,Langford Town,105.0,135.0,Not Applicable,Not Applicable,No,Not Applicable,217,UPI,11,4.2,4.1
2024-07-06 11:14:00,CNR7641055865,Success,CID631942,Mini,Langford Town,Mysore Road,259.0,90.0,Not Applicable,Not Applicable,No,Not Applicable,276,Cash,27,3.5,3.1
2024-07-16 00:56:00,CNR3861956318,Canceled by Driver,CID383885,Mini,Indiranagar,Whitefield,,,Not Applicable,Customer related issue,Not Applicable,Not Applicable,165,Not Applicable,0,,
2024-07-28 08:17:00,CNR8227575624,Success,CID865717,Auto,Malleshwaram,Sarjapur Road,35.0,130.0,Not Applicable,Not Applicable,Yes,Customer Demand,341,Cash,13,3.7,4.5
2024-07-11 12:20:00,CNR1672500815,Driver Not Found,CID542383,eBike,Devanahalli,HSR Layout,,,Not Applicable,Not Applicable,Not Applicable,Not Applicable,927,Not Applicable,0,,
2024-07-15 18:37:00,CNR6596605164,Canceled by Driver,CID701975,Mini,HSR Layout,Peenya,,,Not Applicable,More than permitted people in there,Not Applicable,Not Applicable,479,Not Applicable,0,,
2024-07-29 07:03:00,CNR5595698597,Canceled by Driver,CID173752,Mini,Jayanagar,Sarjapur Road,,,Not Applicable,Customer related issue,Not Applicable,Not Applicable,2327,Not Applicable,0,,
2024-07-15 22:51:00,CNR7286433187,Success,CID438125,Prime Sedan,Indiranagar,Padmanabhanagar,294.0,55.0,Not Applicable,Not Applicable,No,Not Applicable,623,Cash,6,4.6,4.6
2024-07-26 22:21:00,CNR5774145509,Canceled by Customer,CID965264,Mini,Ramamurthy Nagar,Magadi Road,,,Driver asked to cancel,Not Applicable,Not Applicable,Not Applicable,824,Not Applicable,0,,
2024-07-01 14:31:00,CNR5566961860,Canceled by Customer,CID944026,eBike,Varthur,Bannerghatta Road,,,AC is Not working,Not Applicable,Not Applicable,Not Applicable,706,Not Applicable,0,,
2024-07-02 13:53:00,CNR2149266450,Success,CID292644,eBike,Mysore Road,KR Puram,98.0,95.0,Not Applicable,Not Applicable,No,Not Applicable,206,Cash,3,3.4,4.0
2024-07-24 15:24:00,CNR7614452132,Success,CID784226,Mini,KR Puram,Electronic City,189.0,45.0,Not Applicable,Not Applicable,No,Not Applicable,477,UPI,39,4.0,4.7
2024-07-07 14:46:00,CNR2391345582,Driver Not Found,CID527325,Mini,Kadugodi,Devanahalli,,,Not Applicable,Not Applicable,Not Applicable,Not Applicable,347,Not Applicable,0,,
2024-07-28 00:54:00,CNR3174565205,Success,CID728808,Mini,HSR Layout,Kammanahalli,252.0,145.0,Not Applicable,Not Applicable,No,Not Applicable,150,Cash,44,4.6,4.4
2024-07-20 19:13:00,CNR7797340658,Canceled by Driver,CID393860,Bike,Bannerghatta Road,Padmanabhanagar,,,Not Applicable,Customer was coughing/sick,Not Applicable,Not Applicable,273,Not Applicable,0,,
2024-07-19 14:07:00,CNR1423204966,Canceled by Driver,CID712214,Bike,Banashankari,Electronic City,,,Not Applicable,Customer was coughing/sick,Not Applicable,Not Applicable,457,Not Applicable,0,,
2024-07-15 01:20:00,CNR1200774579,Success,CID194024,Prime SUV,Peenya,Varthur,189.0,125.0,Not Applicable,Not Applicable,No,Not Applicable,341,Cash,42,3.3,3.9
2024-07-15 21:28:00,CNR3077859735,Success,CID221607,Prime SUV,Ramamurthy Nagar,Sarjapur Road,238.0,95.0,Not Applicable,Not Applicable,No,Not Applicable,132,Debit Card,28,4.8,3.8
2024-07-20 09:02:00,CNR1068845405,Success,CID433340,Auto,Sahakar Nagar,Padmanabhanagar,217.0,65.0,Not Applicable,Not Applicable,No,Not Applicable,111,UPI,1,3.1,4.1
2024-07-09 01:38:00,CNR1391589995,Canceled by Customer,CID913229,Prime Sedan,Shivajinagar,Hulimavu,,,Change of plans,Not Applicable,Not Applicable,Not Applicable,155,Not Applicable,0,,
2024-07-07 05:44:00,CNR2838437052,Success,CID768088,Prime SUV,BTM Layout,Marathahalli,266.0,35.0,Not Applicable,Not Applicable,No,Not Applicable,293,Cash,20,4.0,3.0
2024-07-26 00:59:00,CNR9450126993,Success,CID899289,Auto,Hennur,Hosur Road,273.0,90.0,Not Applicable,Not Applicable,No,Not Applicable,483,UPI,16,4.2,3.7
2024-07-18 16:17:00,CNR6418908394,Success,CID741607,Auto,Hebbal,Chamarajpet,182.0,125.0,Not Applicable,Not Applicable,No,Not Applicable,361,UPI,16,4.3,3.3
2024-07-03 09:45:00,CNR3755028036,Success,CID171288,Auto,Bannerghatta Road,HSR Layout,98.0,115.0,Not Applicable,Not Applicable,No,Not Applicable,364,UPI,2,4.7,4.8
2024-07-28 04:20:00,CNR9759728806,Success,CID567721,Auto,Mysore Road,Frazer Town,77.0,30.0,Not Applicable,Not Applicable,No,Not Applicable,882,Cash,14,3.4,4.6
2024-07-25 04:52:00,CNR6913184011,Canceled by Driver,CID125519,eBike,Marathahalli,Hosur Road,,,Not Applicable,More than permitted people in there,Not Applicable,Not Applicable,268,Not Applicable,0,,
2024-07-06 18:29:00,CNR7738487994,Success,CID631162,Prime Sedan,Rajarajeshwari Nagar,Sahakar Nagar,182.0,65.0,Not Applicable,Not Applicable,No,Not Applicable,439,UPI,29,3.1,3.1
2024-07-11 23:29:00,CNR1406087681,Success,CID476312,Bike,HSR Layout,Tumkur Road,168.0,45.0,Not Applicable,Not Applicable,No,Not Applicable,353,Cash,49,3.5,4.3
2024-07-28 00:33:00,CNR3524245407,Driver Not Found,CID290231,eBike,Mysore Road,Magadi Road,,,Not Applicable,Not Applicable,Not Applicable,Not Applicable,370,Not Applicable,0,,
2024-07-29 01:13:00,CNR6736153377,Canceled by Driver,CID771269,Auto,Tumkur Road,Electronic City,,,Not Applicable,Customer related issue,Not Applicable,Not Applicable,280,Not Applicable,0,,
2024-07-27 18:18:00,CNR4341483879,Success,CID291962,Prime Plus,Sahakar Nagar,Nagarbhavi,273.0,60.0,Not Applicable,Not Applicable,No,Not Applicable,180,Cash,14,4.9,3.1
2024-07-12 03:21:00,CNR8825595943,Success,CID360816,Auto,Shivajinagar,JP Nagar,224.0,60.0,Not Applicable,Not Applicable,No,Not Applicable,469,UPI,17,3.1,3.2
2024-07-21 16:30:00,CNR4281894268,Success,CID146432,Bike,Chickpet,Bellandur,56.0,30.0,Not Applicable,Not Applicable,No,Not Applicable,128,UPI,43,4.7,4.1
2024-07-01 06:12:00,CNR2310946841,Success,CID891057,Mini,Hebbal,Malleshwaram,238.0,145.0,Not Applicable,Not Applicable,No,Not Applicable,269,Cash,8,4.1,4.9
2024-07-05 04:45:00,CNR6251916374,Success,CID735994,Prime Sedan,Shivajinagar,Rajajinagar,266.0,125.0,Not Applicable,Not Applicable,No,Not Applicable,586,Cash,14,4.2,3.2
2024-07-26 04:02:00,CNR9587564186,Canceled by Customer,CID343256,Prime SUV,Bellandur,Marathahalli,,,AC is Not working,Not Applicable,Not Applicable,Not Applicable,321,Not Applicable,0,,
2024-07-25 18:28:00,CNR1935261462,Success,CID748203,Mini,Hebbal,Indiranagar,42.0,65.0,Not Applicable,Not Applicable,No,Not Applicable,2055,Cash,39,4.0,3.8
2024-07-10 02:30:00,CNR7365784464,Success,CID173367,Auto,KR Puram,Magadi Road,161.0,125.0,Not Applicable,Not Applicable,No,Not Applicable,671,Cash,10,3.1,3.2
2024-07-27 04:23:00,CNR6580765506,Canceled by Customer,CID359276,Mini,Richmond Town,BTM Layout,,,Driver asked to cancel,Not Applicable,Not Applicable,Not Applicable,428,Not Applicable,0,,
2024-07-29 12:03:00,CNR9607200519,Canceled by Driver,CID122699,Prime SUV,Majestic,Shantinagar,,,Not Applicable,More than permitted people in there,Not Applicable,Not Applicable,486,Not Applicable,0,,
2024-07-12 03:44:00,CNR9074411109,Success,CID476934,Auto,Shantinagar,Kengeri,259.0,25.0,Not Applicable,Not Applicable,No,Not Applicable,615,UPI,15,4.3,3.8
2024-07-05 02:24:00,CNR8042181217,Success,CID983848,Auto,Ramamurthy Nagar,Yeshwanthpur,203.0,110.0,Not Applicable,Not Applicable,No,Not Applicable,188,Cash,16,4.1,4.7
2024-07-24 12:45:00,CNR7701439241,Success,CID865393,eBike,Yeshwanthpur,Banashankari,294.0,115.0,Not Applicable,Not Applicable,No,Not Applicable,160,UPI,2,4.5,4.4
2024-07-10 04:09:00,CNR9167578953,Success,CID532005,Prime SUV,Hennur,Indiranagar,49.0,115.0,Not Applicable,Not Applicable,No,Not Applicable,116,UPI,46,3.2,4.1
2024-07-11 17:17:00,CNR1792349791,Canceled by Customer,CID234842,Bike,Padmanabhanagar,Peenya,,,Change of plans,Not Applicable,Not Applicable,Not Applicable,2773,Not Applicable,0,,
2024-07-10 19:03:00,CNR1924299449,Success,CID706627,Prime Sedan,Indiranagar,Majestic,35.0,25.0,Not Applicable,Not Applicable,No,Not Applicable,115,UPI,48,4.2,4.3
2024-07-29 09:42:00,CNR7127886336,Success,CID928281,Prime Sedan,Tumkur Road,Rajajinagar,161.0,35.0,Not Applicable,Not Applicable,No,Not Applicable,382,UPI,42,3.5,3.6
2024-07-27 12:12:00,CNR2688073650,Success,CID762886,Prime SUV,Shantinagar,MG Road,84.0,90.0,Not Applicable,Not Applicable,No,Not Applicable,614,Cash,43,4.3,3.2
2024-07-21 17:45:00,CNR3065045260,Success,CID280466,Bike,Nagarbhavi,Shivajinagar,133.0,40.0,Not Applicable,Not Applicable,No,Not Applicable,2938,UPI,23,3.3,3.3
2024-07-06 15:49:00,CNR4359581306,Success,CID520398,Prime Sedan,Chickpet,Hosur Road,210.0,50.0,Not Applicable,Not Applicable,No,Not Applicable,315,UPI,17,4.7,3.9
2024-07-19 20:50:00,CNR6230097047,Success,CID545562,Bike,Bellandur,HSR Layout,105.0,80.0,Not Applicable,Not Applicable,No,Not Applicable,354,Cash,11,3.5,3.7
2024-07-24 06:52:00,CNR6402406810,Driver Not Found,CID898331,Mini,Devanahalli,Langford Town,,,Not Applicable,Not Applicable,Not Applicable,Not Applicable,339,Not Applicable,0,,
2024-07-04 05:44:00,CNR4116897631,Success,CID368137,Prime Plus,Yeshwanthpur,Peenya,301.0,140.0,Not Applicable,Not Applicable,No,Not Applicable,855,UPI,12,3.3,3.6
2024-07-14 09:36:00,CNR4131459448,Driver Not Found,CID783710,Prime Sedan,HSR Layout,BTM Layout,,,Not Applicable,Not Applicable,Not Applicable,Not Applicable,480,Not Applicable,0,,
2024-07-24 21:05:00,CNR1416660130,Success,CID447049,eBike,Hebbal,Richmond Town,245.0,140.0,Not Applicable,Not Applicable,No,Not Applicable,345,Cash,17,4.3,4.4
2024-07-20 15:10:00,CNR6393626013,Canceled by Driver,CID909549,eBike,JP Nagar,Marathahalli,,,Not Applicable,Customer related issue,Not Applicable,Not Applicable,389,Not Applicable,0,,
2024-07-08 09:52:00,CNR9868090137,Success,CID607379,Prime Sedan,Shivajinagar,Yelahanka,105.0,30.0,Not Applicable,Not Applicable,No,Not Applicable,237,Cash,22,4.3,4.3
2024-07-06 01:41:00,CNR3586656425,Success,CID448074,Prime SUV,Sarjapur Road,Padmanabhanagar,126.0,65.0,Not Applicable,Not Applicable,No,Not Applicable,363,UPI,25,4.4,4.2
2024-07-10 21:14:00,CNR4442107095,Success,CID570582,Auto,Cox Town,Yeshwanthpur,280.0,25.0,Not Applicable,Not Applicable,No,Not Applicable,171,UPI,2,4.7,4.5
2024-07-03 17:43:00,CNR2979153519,Success,CID269397,eBike,RT Nagar,Malleshwaram,168.0,60.0,Not Applicable,Not Applicable,No,Not Applicable,306,UPI,45,4.5,3.1
2024-07-18 09:50:00,CNR5459473606,Canceled by Driver,CID838135,Prime Sedan,Tumkur Road,Basavanagudi,,,Not Applicable,Personal & Car related issue,Not Applicable,Not Applicable,168,Not Applicable,0,,
2024-07-01 14:02:00,CNR6687344393,Success,CID979472,Mini,Shantinagar,Cox Town,238.0,115.0,Not Applicable,Not Applicable,No,Not Applicable,262,Cash,9,3.3,4.2
2024-07-28 18:29:00,CNR9307612613,Success,CID446034,eBike,Indiranagar,Chamarajpet,203.0,25.0,Not Applicable,Not Applicable,No,Not Applicable,2239,Cash,48,3.5,3.4
2024-07-25 14:30:00,CNR5255194155,Canceled by Customer,CID662764,Mini,KR Puram,Shantinagar,,,Driver asked to cancel,Not Applicable,Not Applicable,Not Applicable,331,Not Applicable,0,,
2024-07-27 10:22:00,CNR6329597574,Success,CID517196,Bike,Yelahanka,Electronic City,161.0,145.0,Not Applicable,Not Applicable,No,Not Applicable,120,Cash,22,3.5,4.3
2024-07-23 02:04:00,CNR1275576310,Driver Not Found,CID506894,eBike,Shivajinagar,Shivajinagar,,,Not Applicable,Not Applicable,Not Applicable,Not Applicable,921,Not Applicable,0,,
2024-07-19 10:17:00,CNR8095819450,Canceled by Driver,CID103712,Mini,KR Puram,Sarjapur Road,,,Not Applicable,Customer related issue,Not Applicable,Not Applicable,304,Not Applicable,0,,
2024-07-22 05:24:00,CNR5629614931,Success,CID657234,eBike,KR Puram,Padmanabhanagar,217.0,70.0,Not Applicable,Not Applicable,No,Not Applicable,208,UPI,49,4.7,4.1
2024-07-05 14:02:00,CNR4389294063,Success,CID556623,Prime Sedan,Koramangala,Hebbal,294.0,75.0,Not Applicable,Not Applicable,No,Not Applicable,541,UPI,31,4.7,3.6
2024-07-19 01:40:00,CNR8125395681,Success,CID645045,Bike,Padmanabhanagar,Chamarajpet,245.0,55.0,Not Applicable,Not Applicable,No,Not Applicable,439,Cash,11,3.7,4.6
2024-07-30 08:29:00,CNR9894351739,Canceled by Driver,CID204786,eBike,Richmond Town,Indiranagar,,,Not Applicable,More than permitted people in there,Not Applicable,Not Applicable,418,Not Applicable,0,,
2024-07-11 12:42:00,CNR2650086143,Success,CID707433,Prime Sedan,MG Road,Tumkur Road,105.0,85.0,Not Applicable,Not Applicable,No,Not Applicable,287,UPI,6,4.6,3.7
2024-07-18 02:56:00,CNR9445376769,Driver Not Found,CID664373,Bike,Nagarbhavi,Hosur Road,,,Not Applicable,Not Applicable,Not Applicable,Not Applicable,177,Not Applicable,0,,
2024-07-18 15:32:00,CNR7794464361,Success,CID356146,Auto,Basavanagudi,Bellandur,203.0,25.0,Not Applicable,Not Applicable,No,Not Applicable,345,Cash,10,4.3,5.0
2024-07-25 23:18:00,CNR5625749619,Canceled by Customer,CID250922,Auto,Kadugodi,Basavanagudi,,,Driver is not moving towards pickup location,Not Applicable,Not Applicable,Not Applicable,296,Not Applicable,0,,
2024-07-14 20:53:00,CNR8413330254,Success,CID805412,Auto,Whitefield,Hulimavu,49.0,105.0,Not Applicable,Not Applicable,No,Not Applicable,171,UPI,5,4.2,3.3
2024-07-21 16:06:00,CNR3725016283,Success,CID485176,Prime SUV,Shantinagar,Majestic,70.0,115.0,Not Applicable,Not Applicable,No,Not Applicable,408,UPI,30,4.4,3.9
2024-07-17 03:16:00,CNR4568640942,Success,CID134754,eBike,Vijayanagar,KR Puram,238.0,55.0,Not Applicable,Not Applicable,Yes,Other Issue,451,UPI,48,3.7,3.2
2024-07-10 13:14:00,CNR1347559695,Success,CID933161,Bike,Chickpet,Electronic City,308.0,25.0,Not Applicable,Not Applicable,No,Not Applicable,150,UPI,15,3.6,4.8
2024-07-10 07:10:00,CNR5279382489,Canceled by Driver,CID608530,Prime Plus,Cox Town,Rajarajeshwari Nagar,,,Not Applicable,Customer related issue,Not Applicable,Not Applicable,396,Not Applicable,0,,
2024-07-09 23:07:00,CNR5154374518,Success,CID709423,Prime Sedan,MG Road,Kadugodi,217.0,50.0,Not Applicable,Not Applicable,No,Not Applicable,518,Credit Card,34,5.0,4.9
2024-07-19 02:56:00,CNR3711330294,Success,CID286847,Prime SUV,Devanahalli,Peenya,119.0,110.0,Not Applicable,Not Applicable,No,Not Applicable,114,Cash,12,3.8,4.7
2024-07-26 19:48:00,CNR5456993586,Success,CID971865,Mini,Shantinagar,Sarjapur Road,126.0,145.0,Not Applicable,Not Applicable,No,Not Applicable,590,UPI,36,3.4,3.4
2024-07-10 22:12:00,CNR6612262634,Driver Not Found,CID925866,Prime Plus,Indiranagar,Hulimavu,,,Not Applicable,Not Applicable,Not Applicable,Not Applicable,392,Not Applicable,0,,
2024-07-21 10:24:00,CNR7253181876,Canceled by Driver,CID199355,eBike,JP Nagar,Koramangala,,,Not Applicable,Customer related issue,Not Applicable,Not Applicable,221,Not Applicable,0,,
2024-07-25 11:45:00,CNR1042780035,Success,CID401177,Bike,Whitefield,BTM Layout,280.0,75.0,Not Applicable,Not Applicable,No,Not Applicable,447,Cash,29,4.8,3.9
2024-07-28 15:03:00,CNR1580490063,Success,CID346625,Auto,Chamarajpet,Nagarbhavi,126.0,125.0,Not Applicable,Not Applicable,No,Not Applicable,353,Cash,7,4.3,3.0
2024-07-13 23:44:00,CNR1929780548,Success,CID645870,Prime Sedan,Majestic,Malleshwaram,217.0,85.0,Not Applicable,Not Applicable,No,Not Applicable,863,UPI,36,4.3,4.4
2024-07-12 23:23:00,CNR1620404723,Canceled by Customer,CID189399,Auto,MG Road,Marathahalli,,,Change of plans,Not Applicable,Not Applicable,Not Applicable,253,Not Applicable,0,,
2024-07-03 16:49:00,CNR5489890104,Success,CID325494,eBike,Devanahalli,Ulsoor,301.0,30.0,Not Applicable,Not Applicable,No,Not Applicable,449,Cash,37,3.4,4.8
2024-07-23 15:08:00,CNR6132183916,Success,CID643036,Auto,Hennur,Banashankari,98.0,100.0,Not Applicable,Not Applicable,No,Not Applicable,367,Cash,1,4.8,3.1
2024-07-05 06:18:00,CNR6040039544,Success,CID751811,Mini,Hebbal,Hebbal,231.0,100.0,Not Applicable,Not Applicable,No,Not Applicable,279,UPI,9,4.5,3.1
2024-07-25 11:09:00,CNR1466200790,Canceled by Customer,CID906844,Prime SUV,Banashankari,Basavanagudi,,,AC is Not working,Not Applicable,Not Applicable,Not Applicable,571,Not Applicable,0,,
2024-07-30 01:36:00,CNR9722672608,Success,CID743812,Prime Sedan,Majestic,Hebbal,140.0,105.0,Not Applicable,Not Applicable,No,Not Applicable,883,UPI,21,4.2,4.6
2024-07-24 22:28:00,CNR2120294849,Success,CID287062,Auto,Rajajinagar,Devanahalli,35.0,35.0,Not Applicable,Not Applicable,No,Not Applicable,277,UPI,3,3.7,5.0
2024-07-26 14:18:00,CNR3248852096,Canceled by Customer,CID991667,Bike,Kammanahalli,Vijayanagar,,,AC is Not working,Not Applicable,Not Applicable,Not Applicable,185,Not Applicable,0,,
2024-07-01 20:05:00,CNR9934612485,Canceled by Customer,CID977215,Mini,Sarjapur Road,Sahakar Nagar,,,Change of plans,Not Applicable,Not Applicable,Not Applicable,246,Not Applicable,0,,
2024-07-14 20:24:00,CNR2215146981,Success,CID595088,Prime Plus,HSR Layout,Kadugodi,105.0,40.0,Not Applicable,Not Applicable,No,Not Applicable,2605,Cash,49,4.5,4.7
2024-07-03 18:02:00,CNR7708472047,Success,CID335899,Prime SUV,Sahakar Nagar,Peenya,203.0,95.0,Not Applicable,Not Applicable,No,Not Applicable,246,UPI,33,4.1,4.6
2024-07-28 07:49:00,CNR5748658674,Success,CID756720,Prime Sedan,KR Puram,Nagarbhavi,210.0,145.0,Not Applicable,Not Applicable,No,Not Applicable,370,Cash,23,3.9,4.3
2024-07-05 17:36:00,CNR2051012870,Driver Not Found,CID200399,Auto,RT Nagar,Langford Town,,,Not Applicable,Not Applicable,Not Applicable,Not Applicable,183,Not Applicable,0,,
2024-07-02 19:29:00,CNR9585516068,Success,CID800778,Prime Sedan,Ramamurthy Nagar,Bannerghatta Road,140.0,60.0,Not Applicable,Not Applicable,No,Not Applicable,337,Cash,33,3.4,4.5
2024-07-22 10:15:00,CNR4720524292,Canceled by Driver,CID659985,Bike,Peenya,Ulsoor,,,Not Applicable,Personal & Car related issue,Not Applicable,Not Applicable,693,Not Applicable,0,,
2024-07-29 15:32:00,CNR6022401889,Success,CID821895,Prime Sedan,Vijayanagar,Varthur,133.0,115.0,Not Applicable,Not Applicable,No,Not Applicable,397,Cash,47,3.2,3.5
2024-07-29 02:10:00,CNR6255561969,Success,CID996254,Prime Sedan,Bannerghatta Road,Bannerghatta Road,70.0,115.0,Not Applicable,Not Applicable,No,Not Applicable,400,Cash,18,4.4,4.3
2024-07-20 17:12:00,CNR1895866124,Success,CID264978,Prime SUV,Majestic,Chickpet,217.0,65.0,Not Applicable,Not Applicable,No,Not Applicable,235,Cash,40,3.9,3.2
2024-07-02 16:20:00,CNR9037033001,Driver Not Found,CID644558,Mini,Langford Town,JP Nagar,,,Not Applicable,Not Applicable,Not Applicable,Not Applicable,333,Not Applicable,0,,
2024-07-26 04:51:00,CNR9659112569,Success,CID402199,Prime Sedan,Langford Town,Koramangala,182.0,60.0,Not Applicable,Not Applicable,No,Not Applicable,2753,UPI,28,3.2,4.3
2024-07-19 06:48:00,CNR8377186151,Success,CID953467,Prime SUV,Basavanagudi,Vijayanagar,259.0,145.0,Not Applicable,Not Applicable,No,Not Applicable,162,Cash,49,4.4,5.0
2024-07-22 16:21:00,CNR2163853098,Canceled by Customer,CID766168,Bike,Nagarbhavi,Shivajinagar,,,Driver is not moving towards pickup location,Not Applicable,Not Applicable,Not Applicable,118,Not Applicable,0,,
2024-07-20 14:05:00,CNR6777986172,Canceled by Driver,CID351478,eBike,Kengeri,Electronic City,,,Not Applicable,Customer related issue,Not Applicable,Not Applicable,321,Not Applicable,0,,
2024-07-13 05:51:00,CNR1032473497,Success,CID386256,eBike,Bannerghatta Road,Kadugodi,294.0,140.0,Not Applicable,Not Applicable,No,Not Applicable,300,Cash,24,3.8,5.0
2024-07-05 19:48:00,CNR2048792043,Success,CID152337,Prime Sedan,Majestic,Kammanahalli,224.0,75.0,Not Applicable,Not Applicable,No,Not Applicable,294,UPI,42,4.1,3.3
2024-07-14 07:09:00,CNR4952935129,Success,CID383068,Mini,Cox Town,Hosur Road,245.0,105.0,Not Applicable,Not Applicable,No,Not Applicable,379,Cash,30,3.5,3.5
2024-07-10 11:07:00,CNR7105276974,Canceled by Customer,CID262842,Prime Plus,Shantinagar,Nagarbhavi,,,Driver is not moving towards pickup location,Not Applicable,Not Applicable,Not Applicable,931,Not Applicable,0,,
2024-07-16 11:56:00,CNR3856636253,Canceled by Driver,CID956564,Bike,Chamarajpet,Hosur Road,,,Not Applicable,Personal & Car related issue,Not Applicable,Not Applicable,234,Not Applicable,0,,
2024-07-27 20:55:00,CNR7347343538,Success,CID857000,Prime SUV,Ulsoor,Marathahalli,245.0,60.0,Not Applicable,Not Applicable,No,Not Applicable,439,Debit Card,10,4.7,4.7
2024-07-24 20:33:00,CNR1219457367,Success,CID927172,Auto,Padmanabhanagar,Chamarajpet,252.0,25.0,Not Applicable,Not Applicable,No,Not Applicable,992,Cash,12,4.2,3.1
2024-07-06 14:15:00,CNR5069519747,Success,CID349854,Prime Sedan,Banashankari,Yeshwanthpur,175.0,65.0,Not Applicable,Not Applicable,No,Not Applicable,569,UPI,37,4.4,4.1
2024-07-23 06:12:00,CNR9947752479,Canceled by Customer,CID412461,eBike,Bannerghatta Road,Mysore Road,,,Change of plans,Not Applicable,Not Applicable,Not Applicable,157,Not Applicable,0,,
2024-07-12 15:18:00,CNR3678748834,Canceled by Driver,CID254089,Prime SUV,RT Nagar,MG Road,,,Not Applicable,Personal & Car related issue,Not Applicable,Not Applicable,479,Not Applicable,0,,
2024-07-03 13:00:00,CNR5981075277,Success,CID248565,eBike,Electronic City,Yelahanka,175.0,35.0,Not Applicable,Not Applicable,No,Not Applicable,2686,Cash,20,4.4,4.4
2024-07-22 18:02:00,CNR6522500291,Success,CID275200,Mini,Devanahalli,Cox Town,154.0,40.0,Not Applicable,Not Applicable,No,Not Applicable,769,UPI,39,4.6,3.3
2024-07-22 04:44:00,CNR2212185471,Success,CID528043,Mini,JP Nagar,Marathahalli,182.0,140.0,Not Applicable,Not Applicable,No,Not Applicable,212,UPI,12,4.1,4.6
2024-07-07 17:15:00,CNR8516431788,Success,CID240796,Auto,Hulimavu,Peenya,287.0,55.0,Not Applicable,Not Applicable,No,Not Applicable,256,Debit Card,2,4.3,4.7
2024-07-16 10:36:00,CNR5570513339,Canceled by Driver,CID774438,eBike,BTM Layout,Whitefield,,,Not Applicable,Personal & Car related issue,Not Applicable,Not Applicable,535,Not Applicable,0,,
2024-07-15 05:23:00,CNR9734825068,Success,CID884016,Auto,Yeshwanthpur,JP Nagar,252.0,85.0,Not Applicable,Not Applicable,No,Not Applicable,773,Cash,5,4.9,4.0
2024-07-04 13:40:00,CNR8341953114,Success,CID858140,Mini,Rajajinagar,Cox Town,217.0,60.0,Not Applicable,Not Applicable,No,Not Applicable,502,UPI,31,3.9,3.8
2024-07-15 07:36:00,CNR8464124920,Success,CID187850,Prime Sedan,Vijayanagar,Cox Town,287.0,140.0,Not Applicable,Not Applicable,No,Not Applicable,444,Cash,10,3.2,4.9
2024-07-11 01:19:00,CNR6653852604,Success,CID392690,Mini,Majestic,Mysore Road,119.0,85.0,Not Applicable,Not Applicable,No,Not Applicable,274,UPI,29,4.4,3.9
2024-07-11 17:14:00,CNR2299445858,Canceled by Driver,CID943542,Bike,Padmanabhanagar,JP Nagar,,,Not Applicable,Customer related issue,Not Applicable,Not Applicable,199,Not Applicable,0,,
2024-07-17 06:13:00,CNR4251239060,Success,CID196863,Prime SUV,Sarjapur Road,Majestic,210.0,35.0,Not Applicable,Not Applicable,No,Not Applicable,166,Cash,30,4.6,3.4
2024-07-09 18:29:00,CNR4496962595,Canceled by Driver,CID430369,Auto,Banashankari,Malleshwaram,,,Not Applicable,Customer related issue,Not Applicable,Not Applicable,184,Not Applicable,0,,
2024-07-09 19:46:00,CNR2113210852,Success,CID269578,Auto,Hulimavu,Hosur Road,210.0,60.0,Not Applicable,Not Applicable,No,Not Applicable,425,UPI,18,3.3,4.3
2024-07-25 09:50:00,CNR8458652372,Success,CID897446,Prime SUV,Langford Town,Tumkur Road,63.0,55.0,Not Applicable,Not Applicable,No,Not Applicable,725,Cash,36,3.1,5.0
2024-07-30 07:55:00,CNR2929904314,Driver Not Found,CID586277,Bike,Whitefield,Devanahalli,,,Not Applicable,Not Applicable,Not Applicable,Not Applicable,404,Not Applicable,0,,
2024-07-08 15:17:00,CNR3129673765,Success,CID176915,Bike,Indiranagar,Koramangala,63.0,65.0,Not Applicable,Not Applicable,No,Not Applicable,531,Cash,8,4.1,4.2
2024-07-12 00:36:00,CNR9742306045,Success,CID721948,Auto,Indiranagar,Sarjapur Road,301.0,65.0,Not Applicable,Not Applicable,No,Not Applicable,490,UPI,5,4.5,4.2
2024-07-09 16:44:00,CNR2184310039,Success,CID584040,Prime Sedan,Majestic,Cox Town,280.0,30.0,Not Applicable,Not Applicable,No,Not Applicable,200,UPI,41,3.4,3.5
2024-07-04 17:21:00,CNR6329925728,Success,CID429771,Mini,Jayanagar,Vijayanagar,259.0,50.0,Not Applicable,Not Applicable,Yes,Customer Demand,385,Cash,1,3.6,4.1
2024-07-24 01:33:00,CNR6277613578,Success,CID103042,Mini,Devanahalli,Whitefield,161.0,75.0,Not Applicable,Not Applicable,No,Not Applicable,2190,Cash,3,4.1,4.7
2024-07-27 15:04:00,CNR6458045947,Canceled by Driver,CID214486,Auto,Sahakar Nagar,Frazer Town,,,Not Applicable,Customer related issue,Not Applicable,Not Applicable,106,Not Applicable,0,,
2024-07-15 03:32:00,CNR4048726737,Success,CID238459,Prime Plus,Marathahalli,Rajajinagar,196.0,65.0,Not Applicable,Not Applicable,No,Not Applicable,208,UPI,43,4.2,3.4
2024-07-15 01:57:00,CNR4852085951,Success,CID517349,Bike,Hennur,Rajarajeshwari Nagar,112.0,75.0,Not Applicable,Not Applicable,No,Not Applicable,491,UPI,40,4.0,3.5
2024-07-05 20:09:00,CNR5721517400,Success,CID554761,Mini,Rajarajeshwari Nagar,Nagarbhavi,189.0,140.0,Not Applicable,Not Applicable,No,Not Applicable,2581,Credit Card,21,4.8,4.9
2024-07-24 05:33:00,CNR3302561365,Success,CID209183,Prime SUV,Cox Town,Richmond Town,112.0,55.0,Not Applicable,Not Applicable,No,Not Applicable,890,Cash,6,3.1,4.2
2024-07-23 09:50:00,CNR5382065671,Canceled by Driver,CID923619,eBike,Hosur Road,KR Puram,,,Not Applicable,More than permitted people in there,Not Applicable,Not Applicable,454,Not Applicable,0,,
2024-07-02 22:48:00,CNR3740738617,Canceled by Driver,CID752485,Prime SUV,Basavanagudi,Varthur,,,Not Applicable,Customer related issue,Not Applicable,Not Applicable,296,Not Applicable,0,,
2024-07-29 02:14:00,CNR3274269148,Success,CID661110,Prime Sedan,Peenya,Marathahalli,84.0,145.0,Not Applicable,Not Applicable,No,Not Applicable,476,UPI,9,3.2,3.0
2024-07-29 07:47:00,CNR6309874204,Success,CID803880,Prime Sedan,Sarjapur Road,Shivajinagar,91.0,110.0,Not Applicable,Not Applicable,No,Not Applicable,224,Cash,25,4.4,4.5
2024-07-10 07:00:00,CNR7826739776,Success,CID656165,Bike,Whitefield,Cox Town,161.0,110.0,Not Applicable,Not Applicable,No,Not Applicable,650,Cash,9,4.5,4.5
2024-07-16 05:11:00,CNR9849822783,Success,CID183423,Prime Plus,Yeshwanthpur,Sarjapur Road,252.0,140.0,Not Applicable,Not Applicable,No,Not Applicable,475,UPI,10,4.8,3.9
2024-07-21 12:13:00,CNR4693265776,Success,CID137213,Prime SUV,Devanahalli,Devanahalli,259.0,95.0,Not Applicable,Not Applicable,No,Not Applicable,1411,Cash,11,4.0,3.9
2024-07-29 03:16:00,CNR7093590383,Canceled by Customer,CID506336,Prime Plus,JP Nagar,Electronic City,,,AC is Not working,Not Applicable,Not Applicable,Not Applicable,998,Not Applicable,0,,
2024-07-18 09:49:00,CNR6662222090,Canceled by Driver,CID123339,Bike,BTM Layout,Rajajinagar,,,Not Applicable,Customer related issue,Not Applicable,Not Applicable,444,Not Applicable,0,,
2024-07-06 02:16:00,CNR9768943290,Success,CID606668,Auto,Electronic City,Tumkur Road,238.0,95.0,Not Applicable,Not Applicable,No,Not Applicable,174,Cash,7,3.8,3.8
2024-07-09 11:35:00,CNR4777373578,Canceled by Customer,CID863777,Bike,Electronic City,Shivajinagar,,,Driver is not moving towards pickup location,Not Applicable,Not Applicable,Not Applicable,371,Not Applicable,0,,
2024-07-17 13:16:00,CNR4012030951,Success,CID717405,Bike,Electronic City,Malleshwaram,294.0,140.0,Not Applicable,Not Applicable,No,Not Applicable,111,Cash,7,4.1,4.8
2024-07-15 22:26:00,CNR7840472189,Driver Not Found,CID943664,Prime Sedan,Ramamurthy Nagar,Rajajinagar,,,Not Applicable,Not Applicable,Not Applicable,Not Applicable,2830,Not Applicable,0,,
2024-07-01 19:37:00,CNR2730469318,Success,CID985146,Bike,Vijayanagar,Banashankari,238.0,35.0,Not Applicable,Not Applicable,No,Not Applicable,169,Cash,37,4.4,3.9
2024-07-15 23:09:00,CNR1649611967,Success,CID361938,Prime Plus,Varthur,Shantinagar,294.0,35.0,Not Applicable,Not Applicable,No,Not Applicable,761,UPI,47,3.8,4.3
2024-07-04 15:39:00,CNR7184731173,Success,CID460197,Prime SUV,Mysore Road,Sarjapur Road,119.0,90.0,Not Applicable,Not Applicable,No,Not Applicable,478,Cash,29,3.5,3.1
2024-07-21 01:31:00,CNR1917915149,Success,CID540079,Prime Sedan,Jayanagar,Hennur,217.0,100.0,Not Applicable,Not Applicable,No,Not Applicable,246,UPI,31,3.1,3.2
2024-07-28 16:51:00,CNR5168253004,Success,CID401017,eBike,Malleshwaram,Ramamurthy Nagar,98.0,135.0,Not Applicable,Not Applicable,No,Not Applicable,261,Cash,47,3.8,4.2
2024-07-03 09:10:00,CNR1500426756,Success,CID130845,Prime SUV,Chamarajpet,Hulimavu,140.0,100.0,Not Applicable,Not Applicable,No,Not Applicable,968,Cash,35,3.8,3.8
2024-07-28 23:43:00,CNR4656864370,Success,CID922865,Mini,BTM Layout,Rajajinagar,196.0,100.0,Not Applicable,Not Applicable,No,Not Applicable,232,Cash,29,4.4,4.4
2024-07-12 10:22:00,CNR5746217492,Success,CID177121,Auto,Banashankari,Frazer Town,126.0,85.0,Not Applicable,Not Applicable,No,Not Applicable,403,Cash,12,3.3,4.8
2024-07-28 18:12:00,CNR9734953145,Driver Not Found,CID588777,Auto,Marathahalli,Yeshwanthpur,,,Not Applicable,Not Applicable,Not Applicable,Not Applicable,281,Not Applicable,0,,
2024-07-11 10:13:00,CNR8492669354,Success,CID379285,Mini,Frazer Town,RT Nagar,91.0,80.0,Not Applicable,Not Applicable,No,Not Applicable,814,Cash,44,3.5,4.9
2024-07-08 02:21:00,CNR9759309822,Success,CID179411,Auto,Yeshwanthpur,Jayanagar,133.0,55.0,Not Applicable,Not Applicable,No,Not Applicable,403,UPI,16,4.6,4.9
2024-07-17 20:18:00,CNR5001586623,Success,CID168397,Auto,Shivajinagar,Jayanagar,56.0,35.0,Not Applicable,Not Applicable,No,Not Applicable,804,Cash,10,4.0,4.7
2024-07-30 07:31:00,CNR9097179218,Canceled by Driver,CID497952,Bike,Cox Town,Bellandur,,,Not Applicable,Customer related issue,Not Applicable,Not Applicable,940,Not Applicable,0,,
2024-07-28 21:37:00,CNR4120814763,Success,CID271392,Mini,RT Nagar,RT Nagar,210.0,70.0,Not Applicable,Not Applicable,No,Not Applicable,296,UPI,45,4.9,4.1
2024-07-06 11:45:00,CNR5188944846,Success,CID392994,Auto,Devanahalli,Hennur,91.0,135.0,Not Applicable,Not Applicable,No,Not Applicable,460,UPI,11,4.4,3.8
2024-07-08 12:27:00,CNR7449649298,Success,CID907116,Mini,Shantinagar,Tumkur Road,154.0,95.0,Not Applicable,Not Applicable,No,Not Applicable,340,UPI,26,3.8,3.3
2024-07-05 13:52:00,CNR9237991095,Canceled by Customer,CID173474,Bike,BTM Layout,Sarjapur Road,,,AC is Not working,Not Applicable,Not Applicable,Not Applicable,904,Not Applicable,0,,
2024-07-07 02:40:00,CNR8635969267,Success,CID268503,Mini,BTM Layout,BTM Layout,273.0,130.0,Not Applicable,Not Applicable,No,Not Applicable,337,Cash,10,4.8,3.5
2024-07-19 11:55:00,CNR5253163585,Success,CID327881,eBike,Majestic,HSR Layout,189.0,85.0,Not Applicable,Not Applicable,No,Not Applicable,205,Cash,34,3.4,5.0
2024-07-26 02:28:00,CNR1056723456,Driver Not Found,CID191202,Bike,Hulimavu,Whitefield,,,Not Applicable,Not Applicable,Not Applicable,Not Applicable,881,Not Applicable,0,,
2024-07-30 18:10:00,CNR4465743855,Success,CID374245,eBike,RT Nagar,Majestic,294.0,140.0,Not Applicable,Not Applicable,No,Not Applicable,233,UPI,25,4.8,4.0
2024-07-17 00:47:00,CNR4290785793,Canceled by Customer,CID238935,Bike,Ulsoor,Richmond Town,,,Driver asked to cancel,Not Applicable,Not Applicable,Not Applicable,2460,Not Applicable,0,,
2024-07-27 06:57:00,CNR8536556866,Canceled by Driver,CID913446,Prime Plus,Yelahanka,Whitefield,,,Not Applicable,Customer was coughing/sick,Not Applicable,Not Applicable,874,Not Applicable,0,,
2024-07-27 23:46:00,CNR8454052247,Success,CID159636,Bike,Bellandur,Electronic City,175.0,90.0,Not Applicable,Not Applicable,No,Not Applicable,217,Cash,3,4.5,4.1
2024-07-30 07:01:00,CNR9395771024,Success,CID818043,Prime Plus,MG Road,Banashankari,175.0,50.0,Not Applicable,Not Applicable,No,Not Applicable,649,Cash,22,3.0,4.5
2024-07-23 19:15:00,CNR9409323323,Success,CID986750,eBike,Marathahalli,Mysore Road,273.0,35.0,Not Applicable,Not Applicable,No,Not Applicable,419,Debit Card,48,4.6,4.9
2024-07-07 18:20:00,CNR5793565048,Success,CID443329,Auto,Devanahalli,Cox Town,266.0,70.0,Not Applicable,Not Applicable,No,Not Applicable,616,Cash,5,3.2,4.3
2024-07-12 20:16:00,CNR4820861427,Canceled by Customer,CID158513,Prime Sedan,KR Puram,Tumkur Road,,,Driver asked to cancel,Not Applicable,Not Applicable,Not Applicable,400,Not Applicable,0,,
2024-07-16 12:48:00,CNR2111240923,Success,CID833981,Auto,Langford Town,Bellandur,133.0,140.0,Not Applicable,Not Applicable,No,Not Applicable,1085,Cash,15,5.0,3.4
2024-07-29 05:14:00,CNR7287833352,Success,CID579405,Prime Sedan,Rajarajeshwari Nagar,Nagarbhavi,77.0,35.0,Not Applicable,Not Applicable,No,Not Applicable,479,Cash,11,3.2,3.3
2024-07-30 12:58:00,CNR3452865533,Success,CID710552,Prime Plus,Ramamurthy Nagar,Hebbal,196.0,105.0,Not Applicable,Not Applicable,No,Not Applicable,405,UPI,21,4.6,4.8
2024-07-16 14:37:00,CNR8506183525,Canceled by Customer,CID961339,Prime Sedan,Kengeri,Basavanagudi,,,Change of plans,Not Applicable,Not Applicable,Not Applicable,226,Not Applicable,0,,
2024-07-16 01:59:00,CNR7945873208,Driver Not Found,CID756973,Prime Sedan,Kadugodi,RT Nagar,,,Not Applicable,Not Applicable,Not Applicable,Not Applicable,1090,Not Applicable,0,,
2024-07-26 11:21:00,CNR7902569659,Driver Not Found,CID645768,Prime Plus,Vijayanagar,Kengeri,,,Not Applicable,Not Applicable,Not Applicable,Not Applicable,192,Not Applicable,0,,
2024-07-06 05:35:00,CNR7142970053,Canceled by Driver,CID696246,Prime Sedan,Malleshwaram,Basavanagudi,,,Not Applicable,Customer was coughing/sick,Not Applicable,Not Applicable,442,Not Applicable,0,,
2024-07-06 23:22:00,CNR2982072262,Driver Not Found,CID830041,eBike,Sarjapur Road,Chickpet,,,Not Applicable,Not Applicable,Not Applicable,Not Applicable,863,Not Applicable,0,,
2024-07-24 00:14:00,CNR8532970914,Canceled by Driver,CID768010,eBike,Mysore Road,Kengeri,,,Not Applicable,Customer related issue,Not Applicable,Not Applicable,214,Not Applicable,0,,
2024-07-01 21:23:00,CNR4063707166,Success,CID902403,Auto,Nagarbhavi,Koramangala,112.0,65.0,Not Applicable,Not Applicable,No,Not Applicable,2969,UPI,16,3.6,3.4
2024-07-10 04:17:00,CNR7484490528,Success,CID964822,eBike,Langford Town,Frazer Town,91.0,35.0,Not Applicable,Not Applicable,No,Not Applicable,920,Cash,5,3.2,3.7
2024-07-22 04:12:00,CNR9569104394,Success,CID632194,Prime SUV,Cox Town,Sahakar Nagar,35.0,95.0,Not Applicable,Not Applicable,No,Not Applicable,499,Cash,32,4.7,4.2
2024-07-18 11:37:00,CNR6444508267,Success,CID354616,Prime Plus,Sarjapur Road,JP Nagar,287.0,35.0,Not Applicable,Not Applicable,No,Not Applicable,315,UPI,28,3.6,3.1
2024-07-21 19:49:00,CNR9479686223,Success,CID756256,Prime SUV,Magadi Road,Whitefield,203.0,130.0,Not Applicable,Not Applicable,No,Not Applicable,259,Cash,8,4.1,4.7
2024-07-01 13:05:00,CNR6111013221,Success,CID246740,eBike,Koramangala,Richmond Town,84.0,80.0,Not Applicable,Not Applicable,Yes,Vehicle Breakdown,275,Cash,22,4.8,3.9
2024-07-10 21:16:00,CNR3012052595,Success,CID763508,Prime SUV,Whitefield,Varthur,273.0,25.0,Not Applicable,Not Applicable,No,Not Applicable,451,Cash,40,3.6,4.2
2024-07-03 18:44:00,CNR6513823488,Success,CID321085,Bike,HSR Layout,KR Puram,35.0,130.0,Not Applicable,Not Applicable,No,Not Applicable,141,Cash,21,3.1,4.9
2024-07-08 05:49:00,CNR1144002222,Success,CID689712,Prime Sedan,Peenya,Frazer Town,161.0,35.0,Not Applicable,Not Applicable,No,Not Applicable,386,Cash,47,3.1,3.6
2024-07-18 21:06:00,CNR2160788211,Success,CID139602,Prime Sedan,Banashankari,Frazer Town,49.0,70.0,Not Applicable,Not Applicable,No,Not Applicable,777,Cash,16,4.4,4.6
2024-07-10 21:30:00,CNR9061054830,Canceled by Driver,CID858054,Prime Sedan,Sarjapur Road,JP Nagar,,,Not Applicable,Personal & Car related issue,Not Applicable,Not Applicable,374,Not Applicable,0,,
2024-07-14 10:07:00,CNR7510079852,Success,CID203635,Mini,Ramamurthy Nagar,Cox Town,294.0,140.0,Not Applicable,Not Applicable,No,Not Applicable,336,Cash,24,3.9,4.5
2024-07-02 02:51:00,CNR8001303191,Success,CID415901,Bike,Sarjapur Road,Padmanabhanagar,112.0,60.0,Not Applicable,Not Applicable,No,Not Applicable,418,UPI,1,4.8,3.6
2024-07-26 06:23:00,CNR7569565178,Success,CID592680,Mini,Hennur,Devanahalli,161.0,45.0,Not Applicable,Not Applicable,No,Not Applicable,772,Cash,38,4.0,3.5
2024-07-25 00:05:00,CNR3019903838,Driver Not Found,CID465260,Mini,Kengeri,Richmond Town,,,Not Applicable,Not Applicable,Not Applicable,Not Applicable,439,Not Applicable,0,,
2024-07-27 12:31:00,CNR1066018972,Canceled by Driver,CID618029,Prime Plus,BTM Layout,Cox Town,,,Not Applicable,Customer related issue,Not Applicable,Not Applicable,440,Not Applicable,0,,
2024-07-26 14:08:00,CNR9267301567,Canceled by Customer,CID428343,Mini,Hebbal,Yelahanka,,,Wrong Address,Not Applicable,Not Applicable,Not Applicable,542,Not Applicable,0,,
2024-07-01 00:40:00,CNR1523700020,Canceled by Customer,CID943850,eBike,Whitefield,HSR Layout,,,Driver is not moving towards pickup location,Not Applicable,Not Applicable,Not Applicable,242,Not Applicable,0,,
2024-07-15 04:25:00,CNR3613128247,Canceled by Customer,CID620454,Prime Plus,Shivajinagar,Langford Town,,,Change of plans,Not Applicable,Not Applicable,Not Applicable,466,Not Applicable,0,,
2024-07-25 22:06:00,CNR9698842037,Success,CID300828,Auto,Bellandur,Yelahanka,105.0,40.0,Not Applicable,Not Applicable,No,Not Applicable,1669,Cash,17,4.7,3.7
2024-07-16 01:16:00,CNR9198409977,Canceled by Customer,CID199677,Bike,Langford Town,Bellandur,,,Driver asked to cancel,Not Applicable,Not Applicable,Not Applicable,698,Not Applicable,0,,
2024-07-18 11:25:00,CNR2442658300,Success,CID496493,Bike,KR Puram,Chamarajpet,252.0,100.0,Not Applicable,Not Applicable,Yes,Vehicle Breakdown,101,Credit Card,34,3.4,3.8
2024-07-20 21:47:00,CNR6128293607,Canceled by Driver,CID395904,Prime SUV,Langford Town,Rajarajeshwari Nagar,,,Not Applicable,More than permitted people in there,Not Applicable,Not Applicable,440,Not Applicable,0,,
2024-07-01 02:52:00,CNR6265693221,Canceled by Driver,CID622335,Auto,HSR Layout,Whitefield,,,Not Applicable,Personal & Car related issue,Not Applicable,Not Applicable,133,Not Applicable,0,,
2024-07-27 15:41:00,CNR5332318405,Success,CID542264,Bike,RT Nagar,Peenya,42.0,95.0,Not Applicable,Not Applicable,Yes,Other Issue,120,Cash,22,4.3,3.4
2024-07-23 11:17:00,CNR1123617244,Success,CID708313,Prime Plus,Mysore Road,Devanahalli,140.0,90.0,Not Applicable,Not Applicable,No,Not Applicable,318,Cash,16,4.6,3.6
2024-07-15 04:37:00,CNR9849597263,Canceled by Customer,CID355105,Mini,Chamarajpet,Jayanagar,,,Change of plans,Not Applicable,Not Applicable,Not Applicable,469,Not Applicable,0,,
2024-07-29 11:41:00,CNR5191518738,Canceled by Customer,CID310534,Auto,Rajarajeshwari Nagar,MG Road,,,Driver is not moving towards pickup location,Not Applicable,Not Applicable,Not Applicable,190,Not Applicable,0,,
2024-07-23 20:07:00,CNR8794252817,Canceled by Driver,CID444249,Prime Plus,Vijayanagar,Kengeri,,,Not Applicable,Personal & Car related issue,Not Applicable,Not Applicable,443,Not Applicable,0,,
2024-07-18 05:09:00,CNR9097873625,Driver Not Found,CID598873,Prime SUV,Koramangala,Ramamurthy Nagar,,,Not Applicable,Not Applicable,Not Applicable,Not Applicable,157,Not Applicable,0,,
2024-07-28 01:15:00,CNR9029623343,Success,CID744314,Prime Plus,Majestic,Banashankari,259.0,60.0,Not Applicable,Not Applicable,No,Not Applicable,125,UPI,32,3.7,4.3
2024-07-04 19:21:00,CNR3225385871,Success,CID362867,Mini,Sarjapur Road,HSR Layout,105.0,80.0,Not Applicable,Not Applicable,No,Not Applicable,366,UPI,6,3.6,4.6
2024-07-25 07:22:00,CNR7575725456,Success,CID457747,Auto,Padmanabhanagar,Devanahalli,252.0,70.0,Not Applicable,Not Applicable,No,Not Applicable,141,Cash,11,3.8,3.5
2024-07-25 09:40:00,CNR5464396674,Driver Not Found,CID109100,Mini,Sarjapur Road,Basavanagudi,,,Not Applicable,Not Applicable,Not Applicable,Not Applicable,863,Not Applicable,0,,
2024-07-04 02:34:00,CNR9701459875,Canceled by Driver,CID394103,Auto,Kammanahalli,Indiranagar,,,Not Applicable,Customer related issue,Not Applicable,Not Applicable,257,Not Applicable,0,,
2024-07-10 22:50:00,CNR7138326521,Canceled by Driver,CID627147,Prime SUV,HSR Layout,KR Puram,,,Not Applicable,Personal & Car related issue,Not Applicable,Not Applicable,2764,Not Applicable,0,,
2024-07-29 13:20:00,CNR3928604904,Success,CID230978,eBike,Devanahalli,Varthur,280.0,55.0,Not Applicable,Not Applicable,No,Not Applicable,121,Cash,45,4.2,4.6
2024-07-04 01:33:00,CNR7535410856,Success,CID944473,Prime SUV,Rajajinagar,Hennur,189.0,115.0,Not Applicable,Not Applicable,No,Not Applicable,226,Cash,31,4.7,3.2
2024-07-30 14:26:00,CNR1607171249,Success,CID200845,Mini,Langford Town,KR Puram,140.0,60.0,Not Applicable,Not Applicable,No,Not Applicable,403,UPI,2,4.9,4.1
2024-07-11 11:19:00,CNR4234291306,Driver Not Found,CID342446,Prime SUV,Shantinagar,Devanahalli,,,Not Applicable,Not Applicable,Not Applicable,Not Applicable,2512,Not Applicable,0,,
2024-07-20 12:57:00,CNR8875968678,Canceled by Driver,CID356236,eBike,Peenya,Kadugodi,,,Not Applicable,Customer related issue,Not Applicable,Not Applicable,1303,Not Applicable,0,,
2024-07-04 03:22:00,CNR4375440307,Success,CID777143,eBike,Frazer Town,Majestic,84.0,85.0,Not Applicable,Not Applicable,No,Not Applicable,278,Cash,39,3.0,4.0
2024-07-11 03:00:00,CNR3647823753,Canceled by Customer,CID964073,Prime Plus,Banashankari,Tumkur Road,,,Driver asked to cancel,Not Applicable,Not Applicable,Not Applicable,403,Not Applicable,0,,
2024-07-06 12:40:00,CNR9696897703,Driver Not Found,CID894422,Prime Sedan,Tumkur Road,Hosur Road,,,Not Applicable,Not Applicable,Not Applicable,Not Applicable,310,Not Applicable,0,,
2024-07-10 02:14:00,CNR2136367693,Canceled by Driver,CID451626,Prime Sedan,Yeshwanthpur,Koramangala,,,Not Applicable,Personal & Car related issue,Not Applicable,Not Applicable,177,Not Applicable,0,,
2024-07-25 06:19:00,CNR9900426604,Success,CID700192,Mini,Basavanagudi,Kadugodi,196.0,130.0,Not Applicable,Not Applicable,No,Not Applicable,231,Cash,1,4.3,3.1
2024-07-19 11:07:00,CNR5091894750,Canceled by Driver,CID493692,Prime SUV,Rajajinagar,Chickpet,,,Not Applicable,Customer related issue,Not Applicable,Not Applicable,2307,Not Applicable,0,,
2024-07-13 06:46:00,CNR4004540207,Canceled by Driver,CID352678,Auto,Yeshwanthpur,Chickpet,,,Not Applicable,Personal & Car related issue,Not Applicable,Not Applicable,138,Not Applicable,0,,
2024-07-07 13:40:00,CNR9189200092,Success,CID669455,Mini,Hennur,Sahakar Nagar,210.0,80.0,Not Applicable,Not Applicable,No,Not Applicable,329,UPI,48,4.6,4.6
2024-07-30 12:34:00,CNR6203068851,Canceled by Driver,CID223659,Mini,Vijayanagar,Chamarajpet,,,Not Applicable,Personal & Car related issue,Not Applicable,Not Applicable,120,Not Applicable,0,,
2024-07-10 13:20:00,CNR4767177512,Success,CID851932,Prime SUV,Bellandur,Hosur Road,154.0,75.0,Not Applicable,Not Applicable,No,Not Applicable,360,Cash,49,4.8,3.3
2024-07-20 02:27:00,CNR1418731598,Success,CID662805,Mini,Shantinagar,Richmond Town,287.0,75.0,Not Applicable,Not Applicable,No,Not Applicable,440,Cash,43,3.9,4.7
2024-07-30 20:41:00,CNR5963713814,Success,CID289038,Mini,Padmanabhanagar,Electronic City,91.0,120.0,Not Applicable,Not Applicable,No,Not Applicable,285,UPI,46,3.1,4.3
2024-07-15 10:17:00,CNR7067785222,Success,CID126799,Prime Sedan,Cox Town,Richmond Town,287.0,40.0,Not Applicable,Not Applicable,No,Not Applicable,426,Cash,33,3.9,3.2
2024-07-25 23:47:00,CNR8328544839,Driver Not Found,CID355658,Auto,Hosur Road,JP Nagar,,,Not Applicable,Not Applicable,Not Applicable,Not Applicable,357,Not Applicable,0,,
2024-07-10 16:26:00,CNR4021788273,Success,CID528327,Mini,Padmanabhanagar,Jayanagar,154.0,35.0,Not Applicable,Not Applicable,No,Not Applicable,135,UPI,25,4.3,3.8
2024-07-09 20:34:00,CNR7149845323,Canceled by Customer,CID423075,Auto,Kammanahalli,Malleshwaram,,,Driver is not moving towards pickup location,Not Applicable,Not Applicable,Not Applicable,325,Not Applicable,0,,
2024-07-29 07:30:00,CNR5849159482,Canceled by Customer,CID756399,Prime Plus,Banashankari,RT Nagar,,,Wrong Address,Not Applicable,Not Applicable,Not Applicable,1729,Not Applicable,0,,
2024-07-27 10:24:00,CNR4176378707,Canceled by Driver,CID230870,Bike,Jayanagar,Malleshwaram,,,Not Applicable,Customer related issue,Not Applicable,Not Applicable,392,Not Applicable,0,,
2024-07-26 18:38:00,CNR2394338106,Driver Not Found,CID978160,Auto,Ulsoor,Rajajinagar,,,Not Applicable,Not Applicable,Not Applicable,Not Applicable,404,Not Applicable,0,,
2024-07-28 14:19:00,CNR6106797415,Canceled by Driver,CID489033,Prime SUV,Hebbal,Banashankari,,,Not Applicable,More than permitted people in there,Not Applicable,Not Applicable,183,Not Applicable,0,,
2024-07-26 16:15:00,CNR3674396211,Canceled by Driver,CID995245,eBike,Koramangala,HSR Layout,,,Not Applicable,Customer related issue,Not Applicable,Not Applicable,107,Not Applicable,0,,
2024-07-23 05:16:00,CNR6814775719,Success,CID244404,Prime SUV,Whitefield,Langford Town,70.0,75.0,Not Applicable,Not Applicable,No,Not Applicable,390,UPI,18,4.9,4.6
2024-07-03 10:13:00,CNR8555794712,Driver Not Found,CID858719,Mini,Marathahalli,Rajajinagar,,,Not Applicable,Not Applicable,Not Applicable,Not Applicable,358,Not Applicable,0,,
2024-07-13 08:51:00,CNR5170343500,Success,CID261657,Prime SUV,Yelahanka,Ulsoor,287.0,60.0,Not Applicable,Not Applicable,No,Not Applicable,116,Cash,10,3.5,4.8
2024-07-29 09:34:00,CNR7052075841,Success,CID827441,Auto,Kadugodi,Vijayanagar,119.0,45.0,Not Applicable,Not Applicable,No,Not Applicable,148,Cash,18,4.5,5.0
2024-07-05 07:28:00,CNR5671135512,Canceled by Driver,CID513380,Prime Plus,Vijayanagar,Mysore Road,,,Not Applicable,More than permitted people in there,Not Applicable,Not Applicable,314,Not Applicable,0,,
2024-07-08 09:41:00,CNR6346338160,Canceled by Driver,CID725293,Prime Sedan,Yeshwanthpur,Basavanagudi,,,Not Applicable,Customer was coughing/sick,Not Applicable,Not Applicable,175,Not Applicable,0,,
2024-07-18 05:34:00,CNR7375445600,Success,CID510570,Prime SUV,Peenya,Hennur,294.0,55.0,Not Applicable,Not Applicable,No,Not Applicable,453,UPI,9,4.8,4.0
2024-07-05 11:44:00,CNR9393784057,Success,CID821292,eBike,Bannerghatta Road,Vijayanagar,63.0,130.0,Not Applicable,Not Applicable,No,Not Applicable,265,Cash,10,4.8,4.7
2024-07-20 06:16:00,CNR7788795108,Success,CID257588,Mini,Bellandur,Bannerghatta Road,154.0,50.0,Not Applicable,Not Applicable,No,Not Applicable,212,Credit Card,18,4.0,4.9
2024-07-13 10:47:00,CNR1534616346,Driver Not Found,CID815168,Prime Plus,HSR Layout,BTM Layout,,,Not Applicable,Not Applicable,Not Applicable,Not Applicable,499,Not Applicable,0,,
2024-07-23 04:54:00,CNR5094069311,Driver Not Found,CID342374,Mini,Marathahalli,Chickpet,,,Not Applicable,Not Applicable,Not Applicable,Not Applicable,953,Not Applicable,0,,
2024-07-11 20:14:00,CNR1972744557,Success,CID600657,Prime Sedan,Devanahalli,Chamarajpet,126.0,60.0,Not Applicable,Not Applicable,No,Not Applicable,648,Cash,22,3.6,4.7
2024-07-13 02:20:00,CNR7521822150,Success,CID354833,eBike,Rajarajeshwari Nagar,Marathahalli,245.0,95.0,Not Applicable,Not Applicable,No,Not Applicable,485,Cash,7,3.1,4.4
2024-07-09 00:31:00,CNR5647776525,Success,CID736270,Prime Sedan,Majestic,Yeshwanthpur,203.0,65.0,Not Applicable,Not Applicable,No,Not Applicable,583,Cash,49,3.7,4.0
2024-07-15 03:14:00,CNR1849293492,Success,CID314709,Bike,Marathahalli,Vijayanagar,49.0,75.0,Not Applicable,Not Applicable,No,Not Applicable,308,Cash,1,4.1,4.7
2024-07-04 11:41:00,CNR7489024428,Driver Not Found,CID459754,Bike,Hebbal,Devanahalli,,,Not Applicable,Not Applicable,Not Applicable,Not Applicable,412,Not Applicable,0,,
2024-07-04 21:28:00,CNR1311888926,Driver Not Found,CID727994,eBike,Tumkur Road,Bannerghatta Road,,,Not Applicable,Not Applicable,Not Applicable,Not Applicable,167,Not Applicable,0,,
2024-07-11 17:48:00,CNR6654522523,Success,CID984950,Prime SUV,Koramangala,Chamarajpet,210.0,125.0,Not Applicable,Not Applicable,No,Not Applicable,164,Credit Card,19,3.8,4.2
2024-07-21 18:26:00,CNR7633652453,Success,CID293415,Mini,Kadugodi,Varthur,280.0,125.0,Not Applicable,Not Applicable,No,Not Applicable,218,UPI,48,4.1,3.6
2024-07-30 21:48:00,CNR3106269734,Success,CID975898,Prime Sedan,Kengeri,Hebbal,154.0,75.0,Not Applicable,Not Applicable,No,Not Applicable,261,Cash,42,4.7,3.7
2024-07-23 07:19:00,CNR7927217889,Success,CID427520,eBike,Rajajinagar,Sahakar Nagar,70.0,65.0,Not Applicable,Not Applicable,No,Not Applicable,269,UPI,16,3.7,4.8
2024-07-18 16:54:00,CNR2255164034,Success,CID295570,Auto,Shantinagar,Frazer Town,49.0,55.0,Not Applicable,Not Applicable,No,Not Applicable,799,UPI,16,4.5,3.6
2024-07-28 01:12:00,CNR9306978106,Driver Not Found,CID252235,Mini,Rajajinagar,Frazer Town,,,Not Applicable,Not Applicable,Not Applicable,Not Applicable,139,Not Applicable,0,,
2024-07-23 00:25:00,CNR7326765798,Success,CID492680,Prime Plus,Rajarajeshwari Nagar,Magadi Road,182.0,25.0,Not Applicable,Not Applicable,No,Not Applicable,467,Cash,21,3.0,5.0
2024-07-24 17:52:00,CNR4818864325,Canceled by Driver,CID123969,eBike,Electronic City,Mysore Road,,,Not Applicable,Personal & Car related issue,Not Applicable,Not Applicable,167,Not Applicable,0,,
2024-07-27 05:22:00,CNR8235190260,Success,CID163476,eBike,Hebbal,KR Puram,84.0,140.0,Not Applicable,Not Applicable,No,Not Applicable,646,Cash,21,3.9,3.6
2024-07-07 00:12:00,CNR5485567906,Success,CID518224,Bike,Malleshwaram,Varthur,245.0,105.0,Not Applicable,Not Applicable,No,Not Applicable,1960,UPI,43,4.8,3.4
2024-07-22 21:56:00,CNR2358128654,Canceled by Driver,CID426273,Prime Plus,Devanahalli,Sahakar Nagar,,,Not Applicable,Customer was coughing/sick,Not Applicable,Not Applicable,185,Not Applicable,0,,
2024-07-22 03:07:00,CNR1625649146,Canceled by Customer,CID698210,Auto,Hebbal,HSR Layout,,,Change of plans,Not Applicable,Not Applicable,Not Applicable,452,Not Applicable,0,,
2024-07-21 08:09:00,CNR4998326337,Canceled by Driver,CID372430,Auto,Kadugodi,Shivajinagar,,,Not Applicable,Personal & Car related issue,Not Applicable,Not Applicable,292,Not Applicable,0,,
2024-07-28 01:19:00,CNR2342904045,Driver Not Found,CID354511,Mini,Shantinagar,Basavanagudi,,,Not Applicable,Not Applicable,Not Applicable,Not Applicable,641,Not Applicable,0,,
2024-07-27 09:18:00,CNR7265166820,Driver Not Found,CID743879,Auto,Varthur,Vijayanagar,,,Not Applicable,Not Applicable,Not Applicable,Not Applicable,111,Not Applicable,0,,
2024-07-25 17:36:00,CNR7576598360,Success,CID867484,Mini,Sahakar Nagar,Shantinagar,91.0,120.0,Not Applicable,Not Applicable,No,Not Applicable,191,Cash,35,3.3,4.7
2024-07-30 07:24:00,CNR3906213792,Canceled by Driver,CID499519,Auto,Langford Town,Varthur,,,Not Applicable,More than permitted people in there,Not Applicable,Not Applicable,2426,Not Applicable,0,,
2024-07-18 16:05:00,CNR1944647919,Success,CID668732,eBike,Indiranagar,Richmond Town,140.0,30.0,Not Applicable,Not Applicable,No,Not Applicable,438,Cash,36,3.5,4.8
2024-07-14 07:35:00,CNR5177800757,Canceled by Driver,CID654226,Prime SUV,Peenya,Shivajinagar,,,Not Applicable,Customer was coughing/sick,Not Applicable,Not Applicable,2562,Not Applicable,0,,
2024-07-18 17:16:00,CNR9516498782,Success,CID380678,eBike,Kammanahalli,Bellandur,245.0,75.0,Not Applicable,Not Applicable,No,Not Applicable,386,UPI,1,3.2,4.7
2024-07-25 21:55:00,CNR2995972861,Success,CID956984,Auto,Marathahalli,Ulsoor,231.0,85.0,Not Applicable,Not Applicable,No,Not Applicable,327,Cash,12,4.2,3.6
2024-07-12 06:35:00,CNR6008474274,Success,CID648190,Bike,Kammanahalli,Vijayanagar,56.0,100.0,Not Applicable,Not Applicable,No,Not Applicable,1002,Cash,42,3.4,4.1
2024-07-10 18:10:00,CNR8778654138,Success,CID269970,Prime Plus,Mysore Road,Marathahalli,273.0,110.0,Not Applicable,Not Applicable,No,Not Applicable,806,UPI,44,3.2,3.4
2024-07-05 22:43:00,CNR3035067620,Driver Not Found,CID609327,Prime SUV,BTM Layout,JP Nagar,,,Not Applicable,Not Applicable,Not Applicable,Not Applicable,481,Not Applicable,0,,
2024-07-30 03:05:00,CNR4335788373,Canceled by Driver,CID538775,Mini,Cox Town,Rajajinagar,,,Not Applicable,More than permitted people in there,Not Applicable,Not Applicable,207,Not Applicable,0,,
2024-07-02 21:56:00,CNR7321347119,Success,CID349756,Auto,Hebbal,RT Nagar,42.0,70.0,Not Applicable,Not Applicable,No,Not Applicable,144,Cash,13,4.8,4.4
2024-07-20 17:47:00,CNR8260317510,Success,CID255616,Auto,Majestic,MG Road,98.0,30.0,Not Applicable,Not Applicable,No,Not Applicable,141,Cash,3,3.7,3.9
2024-07-02 22:34:00,CNR7025654121,Canceled by Customer,CID171763,Prime SUV,Malleshwaram,Kammanahalli,,,Driver asked to cancel,Not Applicable,Not Applicable,Not Applicable,457,Not Applicable,0,,
2024-07-01 06:12:00,CNR5361059962,Canceled by Driver,CID163392,Prime Plus,Kengeri,MG Road,,,Not Applicable,Customer related issue,Not Applicable,Not Applicable,199,Not Applicable,0,,
2024-07-15 17:42:00,CNR5846436302,Success,CID643045,eBike,Whitefield,RT Nagar,182.0,120.0,Not Applicable,Not Applicable,No,Not Applicable,316,Cash,49,4.5,4.5
2024-07-28 07:41:00,CNR6283980551,Success,CID853185,Auto,JP Nagar,Rajajinagar,112.0,60.0,Not Applicable,Not Applicable,No,Not Applicable,270,UPI,5,3.4,3.9
2024-07-07 07:56:00,CNR2593738600,Success,CID644698,Prime SUV,Mysore Road,Hosur Road,147.0,90.0,Not Applicable,Not Applicable,No,Not Applicable,348,Credit Card,45,4.8,4.6
2024-07-18 16:36:00,CNR2549019403,Canceled by Customer,CID501442,Prime Sedan,Hosur Road,Shivajinagar,,,Driver is not moving towards pickup location,Not Applicable,Not Applicable,Not Applicable,421,Not Applicable,0,,
2024-07-15 05:17:00,CNR8612701536,Success,CID970092,eBike,Marathahalli,Padmanabhanagar,112.0,30.0,Not Applicable,Not Applicable,No,Not Applicable,430,UPI,44,3.4,3.1
2024-07-26 11:55:00,CNR4684789458,Success,CID161551,Prime SUV,Richmond Town,Padmanabhanagar,56.0,90.0,Not Applicable,Not Applicable,No,Not Applicable,103,Cash,42,4.9,4.3
2024-07-16 20:22:00,CNR7233791690,Success,CID696447,Prime Sedan,Frazer Town,Sahakar Nagar,182.0,65.0,Not Applicable,Not Applicable,No,Not Applicable,480,UPI,13,3.9,4.2
2024-07-21 11:38:00,CNR4056253602,Success,CID402812,Mini,Hebbal,Koramangala,126.0,75.0,Not Applicable,Not Applicable,No,Not Applicable,217,Cash,28,4.2,4.4
2024-07-05 09:41:00,CNR5251505011,Success,CID842963,eBike,Magadi Road,Yelahanka,35.0,35.0,Not Applicable,Not Applicable,No,Not Applicable,230,Cash,21,4.5,4.0
2024-07-10 04:43:00,CNR8004186898,Success,CID868059,Auto,Langford Town,Hennur,112.0,65.0,Not Applicable,Not Applicable,No,Not Applicable,187,UPI,8,3.5,3.3
2024-07-06 22:09:00,CNR9854624810,Canceled by Driver,CID857450,Mini,Indiranagar,Koramangala,,,Not Applicable,Personal & Car related issue,Not Applicable,Not Applicable,276,Not Applicable,0,,
2024-07-27 23:05:00,CNR8000081752,Success,CID639986,Mini,Varthur,MG Road,266.0,40.0,Not Applicable,Not Applicable,No,Not Applicable,482,UPI,38,4.1,3.0
2024-07-29 22:45:00,CNR6700550844,Canceled by Driver,CID611536,eBike,Hulimavu,HSR Layout,,,Not Applicable,Personal & Car related issue,Not Applicable,Not Applicable,375,Not Applicable,0,,
2024-07-05 20:53:00,CNR2416774390,Success,CID274166,Prime Sedan,Hebbal,Kengeri,259.0,135.0,Not Applicable,Not Applicable,No,Not Applicable,194,Cash,37,3.4,3.3
2024-07-24 07:40:00,CNR9780907618,Canceled by Driver,CID749465,Auto,Indiranagar,HSR Layout,,,Not Applicable,Personal & Car related issue,Not Applicable,Not Applicable,1213,Not Applicable,0,,
2024-07-30 11:38:00,CNR7892681004,Canceled by Driver,CID222248,Auto,RT Nagar,RT Nagar,,,Not Applicable,Customer related issue,Not Applicable,Not Applicable,298,Not Applicable,0,,
2024-07-26 02:09:00,CNR6798870433,Success,CID719700,eBike,Sarjapur Road,Tumkur Road,56.0,65.0,Not Applicable,Not Applicable,No,Not Applicable,420,UPI,40,3.8,4.4
2024-07-02 20:44:00,CNR5039619415,Canceled by Customer,CID808562,Prime SUV,Malleshwaram,Hulimavu,,,Driver asked to cancel,Not Applicable,Not Applicable,Not Applicable,378,Not Applicable,0,,
2024-07-21 22:22:00,CNR4430179555,Driver Not Found,CID801445,Prime Plus,Frazer Town,Rajajinagar,,,Not Applicable,Not Applicable,Not Applicable,Not Applicable,137,Not Applicable,0,,
2024-07-19 11:18:00,CNR6177139285,Success,CID515402,Prime Plus,Kadugodi,Kammanahalli,301.0,140.0,Not Applicable,Not Applicable,No,Not Applicable,1147,Cash,33,4.1,3.3
2024-07-03 15:22:00,CNR1871451672,Success,CID881179,eBike,MG Road,Devanahalli,308.0,130.0,Not Applicable,Not Applicable,No,Not Applicable,169,Cash,8,4.7,3.8
2024-07-10 04:10:00,CNR5840814818,Success,CID212591,Auto,Ramamurthy Nagar,Cox Town,140.0,145.0,Not Applicable,Not Applicable,No,Not Applicable,112,Cash,11,3.8,3.4
2024-07-13 23:32:00,CNR7054433435,Canceled by Customer,CID874092,Bike,Ramamurthy Nagar,Peenya,,,Driver asked to cancel,Not Applicable,Not Applicable,Not Applicable,110,Not Applicable,0,,
2024-07-03 18:18:00,CNR1184680370,Success,CID956467,Auto,Chickpet,Hulimavu,245.0,110.0,Not Applicable,Not Applicable,No,Not Applicable,104,Credit Card,2,4.9,3.5
2024-07-18 03:06:00,CNR1646047625,Success,CID662837,Mini,Jayanagar,Vijayanagar,217.0,130.0,Not Applicable,Not Applicable,No,Not Applicable,373,UPI,2,5.0,5.0
2024-07-28 08:42:00,CNR4072536171,Success,CID579785,Prime Sedan,Jayanagar,Sarjapur Road,175.0,65.0,Not Applicable,Not Applicable,No,Not Applicable,1614,UPI,19,3.3,4.2
2024-07-12 03:27:00,CNR2286290010,Canceled by Customer,CID385122,eBike,Shantinagar,Indiranagar,,,Driver is not moving towards pickup location,Not Applicable,Not Applicable,Not Applicable,316,Not Applicable,0,,
2024-07-09 00:19:00,CNR3440314730,Canceled by Customer,CID805554,Mini,Yeshwanthpur,Whitefield,,,Driver is not moving towards pickup location,Not Applicable,Not Applicable,Not Applicable,244,Not Applicable,0,,
2024-07-28 17:08:00,CNR7840306832,Driver Not Found,CID353839,Auto,Mysore Road,Chamarajpet,,,Not Applicable,Not Applicable,Not Applicable,Not Applicable,1404,Not Applicable,0,,
2024-07-07 06:26:00,CNR7808907003,Canceled by Driver,CID141769,Mini,Magadi Road,Hennur,,,Not Applicable,Customer related issue,Not Applicable,Not Applicable,167,Not Applicable,0,,
2024-07-04 06:49:00,CNR9271316985,Success,CID714112,Mini,Hebbal,Devanahalli,63.0,85.0,Not Applicable,Not Applicable,No,Not Applicable,132,UPI,36,4.2,3.5
2024-07-16 23:37:00,CNR6184507318,Success,CID753048,Prime Plus,Langford Town,RT Nagar,210.0,85.0,Not Applicable,Not Applicable,No,Not Applicable,107,Cash,22,3.4,4.9
2024-07-26 11:43:00,CNR1130672149,Success,CID802495,eBike,Varthur,Cox Town,112.0,120.0,Not Applicable,Not Applicable,No,Not Applicable,238,Cash,42,4.3,3.4
2024-07-19 19:33:00,CNR8854008386,Driver Not Found,CID943997,Prime SUV,Nagarbhavi,Indiranagar,,,Not Applicable,Not Applicable,Not Applicable,Not Applicable,890,Not Applicable,0,,
2024-07-29 23:00:00,CNR9379149219,Canceled by Driver,CID776736,eBike,Langford Town,Yeshwanthpur,,,Not Applicable,Customer was coughing/sick,Not Applicable,Not Applicable,481,Not Applicable,0,,
2024-07-18 17:24:00,CNR1077971137,Success,CID584486,Mini,Whitefield,Shantinagar,140.0,55.0,Not Applicable,Not Applicable,No,Not Applicable,141,Cash,25,4.0,3.7
2024-07-10 14:22:00,CNR8266652035,Success,CID942876,Mini,Chamarajpet,Kammanahalli,210.0,80.0,Not Applicable,Not Applicable,No,Not Applicable,138,Cash,3,4.9,4.7
2024-07-29 17:45:00,CNR5233792922,Success,CID578003,Auto,Indiranagar,Koramangala,301.0,80.0,Not Applicable,Not Applicable,No,Not Applicable,2707,Cash,15,3.8,4.7
2024-07-02 04:37:00,CNR6171827850,Canceled by Customer,CID168802,eBike,RT Nagar,Langford Town,,,Driver asked to cancel,Not Applicable,Not Applicable,Not Applicable,636,Not Applicable,0,,
2024-07-28 20:12:00,CNR9188792107,Canceled by Driver,CID389037,Bike,JP Nagar,RT Nagar,,,Not Applicable,Customer was coughing/sick,Not Applicable,Not Applicable,975,Not Applicable,0,,
2024-07-28 00:26:00,CNR4312711171,Canceled by Customer,CID785112,Bike,Shivajinagar,Indiranagar,,,Change of plans,Not Applicable,Not Applicable,Not Applicable,2944,Not Applicable,0,,
2024-07-04 12:36:00,CNR1553691592,Canceled by Customer,CID747865,Auto,Richmond Town,KR Puram,,,Driver is not moving towards pickup location,Not Applicable,Not Applicable,Not Applicable,166,Not Applicable,0,,
2024-07-07 04:35:00,CNR1530859939,Success,CID718190,Prime Sedan,Yeshwanthpur,Vijayanagar,210.0,125.0,Not Applicable,Not Applicable,No,Not Applicable,337,Cash,2,4.1,3.4
2024-07-15 02:55:00,CNR8799484285,Canceled by Driver,CID132869,Mini,Hosur Road,Tumkur Road,,,Not Applicable,Customer was coughing/sick,Not Applicable,Not Applicable,906,Not Applicable,0,,
2024-07-18 04:53:00,CNR8478966845,Success,CID555993,Auto,Cox Town,Malleshwaram,70.0,130.0,Not Applicable,Not Applicable,No,Not Applicable,194,UPI,6,3.2,4.9
2024-07-23 08:31:00,CNR9127237705,Success,CID372323,eBike,RT Nagar,Electronic City,252.0,55.0,Not Applicable,Not Applicable,No,Not Applicable,1175,UPI,44,4.4,4.4
2024-07-11 02:33:00,CNR3426343164,Success,CID894829,eBike,KR Puram,Bellandur,280.0,25.0,Not Applicable,Not Applicable,No,Not Applicable,915,UPI,3,3.1,4.4
2024-07-15 00:22:00,CNR7677835269,Canceled by Driver,CID461587,Prime Sedan,Varthur,Whitefield,,,Not Applicable,Customer was coughing/sick,Not Applicable,Not Applicable,236,Not Applicable,0,,
2024-07-29 08:44:00,CNR1390563146,Canceled by Driver,CID255321,Prime Sedan,JP Nagar,BTM Layout,,,Not Applicable,Personal & Car related issue,Not Applicable,Not Applicable,970,Not Applicable,0,,
2024-07-11 20:03:00,CNR9780326972,Canceled by Customer,CID890908,Prime SUV,Marathahalli,Peenya,,,AC is Not working,Not Applicable,Not Applicable,Not Applicable,488,Not Applicable,0,,
2024-07-13 01:45:00,CNR6440255414,Success,CID118231,Prime Sedan,Shivajinagar,Yeshwanthpur,42.0,130.0,Not Applicable,Not Applicable,No,Not Applicable,129,Cash,26,4.6,3.5
2024-07-14 09:50:00,CNR8655144883,Driver Not Found,CID268582,eBike,Ramamurthy Nagar,Richmond Town,,,Not Applicable,Not Applicable,Not Applicable,Not Applicable,149,Not Applicable,0,,
2024-07-25 05:27:00,CNR3344105767,Canceled by Driver,CID728279,Bike,Bannerghatta Road,MG Road,,,Not Applicable,Personal & Car related issue,Not Applicable,Not Applicable,274,Not Applicable,0,,
2024-07-06 05:31:00,CNR4974061699,Canceled by Driver,CID144784,Prime Sedan,RT Nagar,Rajarajeshwari Nagar,,,Not Applicable,Customer was coughing/sick,Not Applicable,Not Applicable,1470,Not Applicable,0,,
2024-07-02 09:46:00,CNR9301647817,Success,CID663972,Prime Sedan,Richmond Town,MG Road,140.0,55.0,Not Applicable,Not Applicable,No,Not Applicable,149,UPI,7,4.9,4.6
2024-07-05 04:55:00,CNR7502234814,Success,CID740809,eBike,Majestic,Hennur,105.0,145.0,Not Applicable,Not Applicable,No,Not Applicable,295,Cash,43,3.5,4.0
2024-07-08 22:26:00,CNR6573755252,Canceled by Driver,CID742657,Auto,Hebbal,Cox Town,,,Not Applicable,Customer was coughing/sick,Not Applicable,Not Applicable,143,Not Applicable,0,,
2024-07-03 12:30:00,CNR5179277615,Canceled by Driver,CID493429,Prime Plus,Tumkur Road,Mysore Road,,,Not Applicable,Personal & Car related issue,Not Applicable,Not Applicable,657,Not Applicable,0,,
2024-07-05 11:42:00,CNR7155555416,Success,CID901697,Bike,Ramamurthy Nagar,MG Road,49.0,40.0,Not Applicable,Not Applicable,Yes,Vehicle Breakdown,378,Cash,28,3.7,3.1
2024-07-15 17:35:00,CNR3191416546,Canceled by Driver,CID695943,Bike,Chickpet,Rajajinagar,,,Not Applicable,More than permitted people in there,Not Applicable,Not Applicable,574,Not Applicable,0,,
2024-07-22 09:35:00,CNR2629062514,Driver Not Found,CID819881,eBike,Bellandur,Koramangala,,,Not Applicable,Not Applicable,Not Applicable,Not Applicable,1730,Not Applicable,0,,
2024-07-25 23:41:00,CNR3439408649,Success,CID181914,Auto,Electronic City,Rajajinagar,56.0,40.0,Not Applicable,Not Applicable,No,Not Applicable,352,Cash,1,4.2,4.1
2024-07-19 20:06:00,CNR2738990513,Success,CID257011,Mini,JP Nagar,HSR Layout,42.0,30.0,Not Applicable,Not Applicable,No,Not Applicable,430,UPI,33,3.2,4.3
2024-07-09 02:14:00,CNR8373947006,Success,CID512846,Prime Plus,Devanahalli,Bellandur,301.0,70.0,Not Applicable,Not Applicable,No,Not Applicable,539,Cash,14,4.3,3.8
2024-07-05 20:43:00,CNR4092999037,Canceled by Driver,CID206597,eBike,Basavanagudi,Kadugodi,,,Not Applicable,Personal & Car related issue,Not Applicable,Not Applicable,1744,Not Applicable,0,,
2024-07-26 05:32:00,CNR8735267762,Success,CID992265,Prime Plus,Richmond Town,Hennur,126.0,40.0,Not Applicable,Not Applicable,No,Not Applicable,1300,Cash,28,3.9,4.5
2024-07-27 01:23:00,CNR5353478824,Success,CID246802,Auto,Marathahalli,Varthur,280.0,130.0,Not Applicable,Not Applicable,No,Not Applicable,162,Cash,11,4.6,3.2
2024-07-09 23:47:00,CNR9683956780,Success,CID640722,Auto,Banashankari,Banashankari,84.0,110.0,Not Applicable,Not Applicable,No,Not Applicable,1170,Cash,11,4.1,5.0
2024-07-12 23:57:00,CNR9870017846,Canceled by Customer,CID861160,Mini,Peenya,Koramangala,,,Driver is not moving towards pickup location,Not Applicable,Not Applicable,Not Applicable,458,Not Applicable,0,,
2024-07-11 12:15:00,CNR5866982857,Canceled by Customer,CID978622,Prime SUV,Bellandur,Shantinagar,,,Change of plans,Not Applicable,Not Applicable,Not Applicable,237,Not Applicable,0,,
2024-07-10 14:51:00,CNR4258357370,Canceled by Driver,CID805924,Prime Plus,Magadi Road,Langford Town,,,Not Applicable,Personal & Car related issue,Not Applicable,Not Applicable,656,Not Applicable,0,,
2024-07-15 06:27:00,CNR1564449517,Success,CID287667,Prime Sedan,Sahakar Nagar,Shantinagar,98.0,100.0,Not Applicable,Not Applicable,No,Not Applicable,372,Cash,5,4.7,3.8
2024-07-28 12:50:00,CNR5258375913,Success,CID977403,Bike,RT Nagar,Rajarajeshwari Nagar,126.0,85.0,Not Applicable,Not Applicable,No,Not Applicable,460,UPI,21,4.0,4.4
2024-07-15 09:59:00,CNR6671868536,Success,CID570712,eBike,Basavanagudi,Hosur Road,112.0,130.0,Not Applicable,Not Applicable,No,Not Applicable,887,UPI,24,4.1,3.7
2024-07-20 17:36:00,CNR4111383641,Success,CID937310,Prime Plus,Frazer Town,Kammanahalli,259.0,100.0,Not Applicable,Not Applicable,No,Not Applicable,131,Cash,38,4.4,3.1
2024-07-12 21:04:00,CNR2380257168,Success,CID183397,Auto,Hebbal,Rajajinagar,273.0,75.0,Not Applicable,Not Applicable,No,Not Applicable,490,Cash,3,3.4,4.4
2024-07-25 09:10:00,CNR5697282487,Success,CID627727,Prime SUV,Cox Town,Richmond Town,112.0,85.0,Not Applicable,Not Applicable,No,Not Applicable,364,Credit Card,48,3.3,4.7
2024-07-04 09:52:00,CNR2460576234,Driver Not Found,CID811987,Auto,Jayanagar,Bellandur,,,Not Applicable,Not Applicable,Not Applicable,Not Applicable,160,Not Applicable,0,,
2024-07-03 14:28:00,CNR6165335606,Canceled by Driver,CID412986,Prime Plus,Frazer Town,Jayanagar,,,Not Applicable,Customer related issue,Not Applicable,Not Applicable,115,Not Applicable,0,,
2024-07-11 12:36:00,CNR4634519678,Success,CID624072,Prime Sedan,Majestic,BTM Layout,49.0,120.0,Not Applicable,Not Applicable,No,Not Applicable,974,UPI,33,3.3,4.2
2024-07-30 22:37:00,CNR6543059486,Success,CID421272,Auto,Varthur,Banashankari,126.0,100.0,Not Applicable,Not Applicable,No,Not Applicable,387,Cash,16,4.0,3.4
2024-07-03 23:50:00,CNR9520789025,Success,CID198287,Prime Plus,KR Puram,Rajajinagar,287.0,120.0,Not Applicable,Not Applicable,No,Not Applicable,2860,Cash,38,4.1,3.9
2024-07-24 05:00:00,CNR6603899232,Canceled by Driver,CID221274,eBike,Yeshwanthpur,Bellandur,,,Not Applicable,Customer was coughing/sick,Not Applicable,Not Applicable,154,Not Applicable,0,,
2024-07-20 10:40:00,CNR5774857717,Success,CID557925,Auto,Langford Town,Mysore Road,224.0,130.0,Not Applicable,Not Applicable,No,Not Applicable,435,Cash,14,3.7,3.2
2024-07-20 17:56:00,CNR1834259908,Success,CID588074,Mini,Varthur,Ulsoor,175.0,80.0,Not Applicable,Not Applicable,No,Not Applicable,2866,Cash,42,3.1,4.6
2024-07-27 00:01:00,CNR9706164547,Success,CID439050,Auto,Richmond Town,Kengeri,126.0,60.0,Not Applicable,Not Applicable,No,Not Applicable,216,Cash,4,4.7,3.8
2024-07-06 06:10:00,CNR5957301668,Success,CID602977,Prime Sedan,Koramangala,Malleshwaram,182.0,110.0,Not Applicable,Not Applicable,No,Not Applicable,1962,UPI,40,4.4,3.9
2024-07-23 21:12:00,CNR1769652763,Canceled by Driver,CID124217,eBike,Langford Town,Sarjapur Road,,,Not Applicable,Personal & Car related issue,Not Applicable,Not Applicable,147,Not Applicable,0,,
2024-07-23 10:36:00,CNR6889619789,Success,CID522584,Prime SUV,Sahakar Nagar,Hennur,217.0,75.0,Not Applicable,Not Applicable,No,Not Applicable,533,UPI,41,3.5,3.3
2024-07-06 12:15:00,CNR7773663707,Success,CID918989,Prime SUV,Hulimavu,Magadi Road,49.0,85.0,Not Applicable,Not Applicable,No,Not Applicable,374,Cash,4,4.1,3.1
2024-07-04 16:43:00,CNR9743903460,Success,CID204087,eBike,Rajarajeshwari Nagar,Devanahalli,77.0,110.0,Not Applicable,Not Applicable,No,Not Applicable,852,Cash,3,3.1,4.0
2024-07-30 11:50:00,CNR2479019988,Driver Not Found,CID494495,Mini,KR Puram,Cox Town,,,Not Applicable,Not Applicable,Not Applicable,Not Applicable,428,Not Applicable,0,,
2024-07-29 06:23:00,CNR5051360913,Driver Not Found,CID985429,Auto,Majestic,Peenya,,,Not Applicable,Not Applicable,Not Applicable,Not Applicable,198,Not Applicable,0,,
2024-07-04 23:26:00,CNR9587776383,Success,CID206575,Auto,Marathahalli,Shantinagar,42.0,130.0,Not Applicable,Not Applicable,No,Not Applicable,351,UPI,17,4.0,3.3
2024-07-30 17:59:00,CNR5977739551,Canceled by Driver,CID112386,Prime SUV,Marathahalli,HSR Layout,,,Not Applicable,Personal & Car related issue,Not Applicable,Not Applicable,190,Not Applicable,0,,
2024-07-28 12:36:00,CNR4402668671,Success,CID928405,Prime Plus,Sahakar Nagar,Electronic City,42.0,100.0,Not Applicable,Not Applicable,No,Not Applicable,161,Cash,16,4.5,3.3
2024-07-27 00:24:00,CNR6039803175,Canceled by Driver,CID660566,Prime Sedan,Shantinagar,Bannerghatta Road,,,Not Applicable,Personal & Car related issue,Not Applicable,Not Applicable,496,Not Applicable,0,,
2024-07-26 19:35:00,CNR5511872817,Canceled by Driver,CID908909,eBike,KR Puram,Ramamurthy Nagar,,,Not Applicable,Customer was coughing/sick,Not Applicable,Not Applicable,2377,Not Applicable,0,,
2024-07-30 03:00:00,CNR7966485373,Success,CID600629,Prime Sedan,Sarjapur Road,Padmanabhanagar,91.0,100.0,Not Applicable,Not Applicable,No,Not Applicable,377,Credit Card,5,3.5,4.4
2024-07-17 19:29:00,CNR7595840934,Success,CID902826,eBike,Electronic City,Electronic City,259.0,130.0,Not Applicable,Not Applicable,No,Not Applicable,166,UPI,13,4.0,5.0
2024-07-16 05:34:00,CNR7665032614,Success,CID154097,Prime Sedan,Malleshwaram,Mysore Road,49.0,125.0,Not Applicable,Not Applicable,No,Not Applicable,441,Cash,24,3.4,3.7
2024-07-23 13:17:00,CNR5234389236,Success,CID299842,Prime SUV,RT Nagar,Marathahalli,63.0,70.0,Not Applicable,Not Applicable,No,Not Applicable,1818,Cash,33,3.4,4.5
2024-07-13 09:00:00,CNR7550084467,Canceled by Driver,CID699479,Mini,Yeshwanthpur,Whitefield,,,Not Applicable,Personal & Car related issue,Not Applicable,Not Applicable,1911,Not Applicable,0,,
2024-07-12 07:17:00,CNR1938314780,Canceled by Customer,CID152235,Prime Plus,Sarjapur Road,Ulsoor,,,Driver asked to cancel,Not Applicable,Not Applicable,Not Applicable,2974,Not Applicable,0,,
2024-07-20 12:45:00,CNR9338923693,Success,CID446302,Prime Sedan,Padmanabhanagar,Kadugodi,133.0,135.0,Not Applicable,Not Applicable,Yes,Vehicle Breakdown,301,Cash,35,3.8,3.1
2024-07-05 12:20:00,CNR6720595217,Canceled by Driver,CID654672,Prime Plus,Majestic,Chamarajpet,,,Not Applicable,Customer related issue,Not Applicable,Not Applicable,266,Not Applicable,0,,
2024-07-24 10:27:00,CNR7344870223,Canceled by Driver,CID427900,eBike,Hulimavu,Sahakar Nagar,,,Not Applicable,Customer was coughing/sick,Not Applicable,Not Applicable,359,Not Applicable,0,,
2024-07-16 05:43:00,CNR3689448833,Success,CID792969,eBike,Ramamurthy Nagar,Mysore Road,189.0,120.0,Not Applicable,Not Applicable,No,Not Applicable,280,Cash,30,4.3,3.3
2024-07-12 09:47:00,CNR3378694880,Success,CID309295,eBike,Whitefield,Yeshwanthpur,266.0,145.0,Not Applicable,Not Applicable,No,Not Applicable,415,UPI,5,3.6,3.1
2024-07-30 23:49:00,CNR9335526900,Success,CID966929,Mini,Padmanabhanagar,Koramangala,77.0,140.0,Not Applicable,Not Applicable,No,Not Applicable,135,UPI,17,3.5,3.5
2024-07-25 10:13:00,CNR8246409761,Success,CID149712,Prime SUV,Indiranagar,Mysore Road,49.0,60.0,Not Applicable,Not Applicable,No,Not Applicable,129,Cash,19,3.1,3.2
2024-07-16 20:37:00,CNR1275490074,Driver Not Found,CID889107,Prime SUV,Nagarbhavi,Peenya,,,Not Applicable,Not Applicable,Not Applicable,Not Applicable,320,Not Applicable,0,,
2024-07-28 13:08:00,CNR4763354140,Success,CID811136,Prime SUV,Magadi Road,Varthur,98.0,130.0,Not Applicable,Not Applicable,No,Not Applicable,149,Cash,49,4.2,4.8
2024-07-13 23:52:00,CNR4210077664,Canceled by Driver,CID816615,Prime Sedan,Jayanagar,Cox Town,,,Not Applicable,Customer was coughing/sick,Not Applicable,Not Applicable,323,Not Applicable,0,,
2024-07-24 07:59:00,CNR8017291311,Canceled by Driver,CID316029,Prime Plus,Indiranagar,Kammanahalli,,,Not Applicable,Customer related issue,Not Applicable,Not Applicable,481,Not Applicable,0,,
2024-07-08 18:53:00,CNR9098267530,Canceled by Customer,CID290589,Auto,MG Road,Basavanagudi,,,AC is Not working,Not Applicable,Not Applicable,Not Applicable,263,Not Applicable,0,,
2024-07-18 14:38:00,CNR8475934984,Success,CID702125,Prime Plus,Chickpet,JP Nagar,98.0,75.0,Not Applicable,Not Applicable,No,Not Applicable,151,Credit Card,31,4.7,4.0
2024-07-16 10:10:00,CNR6085980870,Success,CID684944,eBike,Marathahalli,Kengeri,266.0,105.0,Not Applicable,Not Applicable,No,Not Applicable,468,UPI,46,4.0,3.4
2024-07-31 14:00:00,CNR7151427153,Canceled by Driver,CID713523,Prime Sedan,Tumkur Road,RT Nagar,,,Not Applicable,Personal & Car related issue,Not Applicable,Not Applicable,444,Not Applicable,0,,
2024-07-31 22:20:00,CNR2940402940,Success,CID225428,Bike,Magadi Road,Varthur,203.0,30.0,Not Applicable,Not Applicable,No,Not Applicable,158,Cash,13,4.1,4.0
2024-07-31 19:59:00,CNR2978792982,Success,CID270156,Prime SUV,Sahakar Nagar,Varthur,238.0,130.0,Not Applicable,Not Applicable,No,Not Applicable,386,UPI,40,4.2,4.8
2024-07-31 03:15:00,CNR2300362395,Canceled by Customer,CID581320,eBike,HSR Layout,Vijayanagar,,,Driver is not moving towards pickup location,Not Applicable,Not Applicable,Not Applicable,384,Not Applicable,0,,
2024-07-31 09:02:00,CNR1717691797,Success,CID939555,Mini,Rajajinagar,Chamarajpet,252.0,80.0,Not Applicable,Not Applicable,No,Not Applicable,822,Credit Card,45,4.0,3.0
2024-07-31 04:42:00,CNR8778828787,Success,CID802429,Mini,Kadugodi,Vijayanagar,231.0,90.0,Not Applicable,Not Applicable,No,Not Applicable,173,UPI,41,3.4,4.6
2024-07-31 09:51:00,CNR3675603612,Success,CID476071,Bike,Tumkur Road,Whitefield,133.0,40.0,Not Applicable,Not Applicable,No,Not Applicable,140,Cash,49,3.2,4.5
2024-07-31 11:12:00,CNR5324895374,Canceled by Driver,CID735691,Prime Plus,Bannerghatta Road,Sarjapur Road,,,Not Applicable,Personal & Car related issue,Not Applicable,Not Applicable,344,Not Applicable,0,,
2024-07-31 19:19:00,CNR5023545030,Driver Not Found,CID999840,Mini,Chamarajpet,Peenya,,,Not Applicable,Not Applicable,Not Applicable,Not Applicable,839,Not Applicable,0,,
2024-07-31 01:31:00,CNR6332196328,Canceled by Driver,CID907133,Auto,RT Nagar,Varthur,,,Not Applicable,Personal & Car related issue,Not Applicable,Not Applicable,893,Not Applicable,0,,
2024-07-31 23:33:00,CNR4735164787,Success,CID923404,Prime Plus,Hosur Road,Jayanagar,35.0,55.0,Not Applicable,Not Applicable,No,Not Applicable,164,Cash,46,4.5,3.4
2024-07-31 04:03:00,CNR7943017943,Success,CID647026,Prime Plus,Kammanahalli,Rajajinagar,238.0,95.0,Not Applicable,Not Applicable,No,Not Applicable,399,Cash,18,3.9,4.4
2024-07-31 13:18:00,CNR4521114524,Success,CID540929,Auto,Cox Town,Yelahanka,126.0,35.0,Not Applicable,Not Applicable,No,Not Applicable,330,UPI,8,3.0,4.8
2024-07-31 18:55:00,CNR3922123914,Canceled by Driver,CID557845,Auto,Hosur Road,Banashankari,,,Not Applicable,Personal & Car related issue,Not Applicable,Not Applicable,427,Not Applicable,0,,
2024-07-31 09:54:00,CNR8120328181,Success,CID167642,Bike,Indiranagar,MG Road,70.0,95.0,Not Applicable,Not Applicable,No,Not Applicable,378,UPI,18,4.8,4.1
2024-07-31 10:25:00,CNR8085448090,Success,CID640151,Bike,Magadi Road,HSR Layout,126.0,95.0,Not Applicable,Not Applicable,No,Not Applicable,343,UPI,23,3.7,3.6
2024-07-31 23:50:00,CNR3252903211,Driver Not Found,CID630354,Mini,Ramamurthy Nagar,BTM Layout,,,Not Applicable,Not Applicable,Not Applicable,Not Applicable,366,Not Applicable,0,,
2024-07-31 23:42:00,CNR3166503196,Success,CID243275,Bike,Electronic City,Langford Town,140.0,40.0,Not Applicable,Not Applicable,No,Not Applicable,401,Cash,8,3.3,3.9
2024-07-31 11:11:00,CNR9952879975,Success,CID162055,Prime SUV,Magadi Road,RT Nagar,42.0,30.0,Not Applicable,Not Applicable,No,Not Applicable,343,UPI,17,3.0,3.8
2024-07-31 14:44:00,CNR1534311591,Success,CID902781,eBike,Koramangala,Sarjapur Road,245.0,70.0,Not Applicable,Not Applicable,No,Not Applicable,2014,Cash,33,4.2,4.9
2024-07-31 20:42:00,CNR3615733650,Success,CID217093,eBike,Basavanagudi,Hulimavu,84.0,25.0,Not Applicable,Not Applicable,No,Not Applicable,650,Cash,34,4.9,3.4
2024-07-31 22:33:00,CNR6050896013,Success,CID817034,Prime Sedan,Padmanabhanagar,Jayanagar,168.0,65.0,Not Applicable,Not Applicable,No,Not Applicable,231,Cash,2,3.2,3.7
2024-07-31 10:17:00,CNR4360524306,Canceled by Driver,CID103842,Prime SUV,Mysore Road,Vijayanagar,,,Not Applicable,Customer was coughing/sick,Not Applicable,Not Applicable,909,Not Applicable,0,,
2024-07-31 18:20:00,CNR9801879832,Success,CID655872,Bike,Koramangala,BTM Layout,231.0,145.0,Not Applicable,Not Applicable,No,Not Applicable,189,Cash,6,4.9,3.3
2024-07-31 21:17:00,CNR5692535620,Success,CID290480,Prime Plus,Mysore Road,Sahakar Nagar,56.0,105.0,Not Applicable,Not Applicable,No,Not Applicable,311,Cash,28,4.3,3.0
2024-07-31 21:18:00,CNR4419044443,Success,CID654618,Mini,Tumkur Road,Koramangala,231.0,50.0,Not Applicable,Not Applicable,No,Not Applicable,286,UPI,44,4.0,3.3
2024-07-31 03:44:00,CNR7132967194,Success,CID538245,Mini,Mysore Road,Hennur,175.0,50.0,Not Applicable,Not Applicable,No,Not Applicable,141,UPI,35,4.7,3.1
2024-07-31 17:11:00,CNR6450676494,Success,CID805360,Auto,Yelahanka,Malleshwaram,84.0,60.0,Not Applicable,Not Applicable,No,Not Applicable,214,UPI,2,3.3,4.5
2024-07-31 19:44:00,CNR6891076805,Success,CID810214,Prime SUV,Indiranagar,Indiranagar,35.0,145.0,Not Applicable,Not Applicable,No,Not Applicable,2183,Cash,20,4.0,4.4
2024-07-31 08:26:00,CNR6034336003,Canceled by Customer,CID350426,Prime Plus,Rajajinagar,Chamarajpet,,,Driver asked to cancel,Not Applicable,Not Applicable,Not Applicable,604,Not Applicable,0,,
2024-07-31 07:04:00,CNR2973902998,Driver Not Found,CID946041,Auto,RT Nagar,Yelahanka,,,Not Applicable,Not Applicable,Not Applicable,Not Applicable,802,Not Applicable,0,,
2024-07-31 06:18:00,CNR7981387979,Success,CID978509,eBike,Frazer Town,Indiranagar,189.0,65.0,Not Applicable,Not Applicable,No,Not Applicable,1095,Cash,38,4.8,4.7
2024-07-31 10:17:00,CNR7245067286,Canceled by Customer,CID500806,eBike,Jayanagar,Richmond Town,,,Driver is not moving towards pickup location,Not Applicable,Not Applicable,Not Applicable,120,Not Applicable,0,,
2024-07-31 12:56:00,CNR9829579820,Success,CID625327,Prime Sedan,Koramangala,Hosur Road,49.0,85.0,Not Applicable,Not Applicable,No,Not Applicable,241,Cash,33,3.2,3.5
2024-07-31 11:52:00,CNR4074394094,Success,CID896062,Prime Sedan,Majestic,Jayanagar,77.0,140.0,Not Applicable,Not Applicable,No,Not Applicable,475,Cash,45,4.3,3.1
2024-07-31 05:25:00,CNR7198627142,Success,CID378034,eBike,Yeshwanthpur,JP Nagar,210.0,45.0,Not Applicable,Not Applicable,No,Not Applicable,461,UPI,49,4.5,3.1
2024-07-31 09:33:00,CNR5441205488,Canceled by Driver,CID169284,Auto,Peenya,Hosur Road,,,Not Applicable,Customer related issue,Not Applicable,Not Applicable,783,Not Applicable,0,,
2024-07-31 16:16:00,CNR8188218148,Canceled by Driver,CID347094,Prime Plus,Marathahalli,BTM Layout,,,Not Applicable,Customer was coughing/sick,Not Applicable,Not Applicable,995,Not Applicable,0,,
2024-07-31 00:58:00,CNR5143225176,Success,CID296026,Prime Plus,KR Puram,Hennur,287.0,40.0,Not Applicable,Not Applicable,Yes,Customer Demand,1102,UPI,41,3.1,3.5
2024-07-31 17:31:00,CNR9287249287,Canceled by Driver,CID959554,Prime SUV,Hosur Road,Yeshwanthpur,,,Not Applicable,Customer related issue,Not Applicable,Not Applicable,170,Not Applicable,0,,
2024-07-31 21:56:00,CNR7523277547,Success,CID976231,Prime Plus,Hulimavu,Rajarajeshwari Nagar,210.0,105.0,Not Applicable,Not Applicable,No,Not Applicable,444,UPI,6,3.8,4.9
2024-07-31 15:30:00,CNR9657699660,Canceled by Driver,CID483311,eBike,Electronic City,Varthur,,,Not Applicable,Customer related issue,Not Applicable,Not Applicable,1130,Not Applicable,0,,
2024-07-31 03:22:00,CNR4244714251,Success,CID888740,Prime SUV,Shivajinagar,Jayanagar,294.0,145.0,Not Applicable,Not Applicable,No,Not Applicable,876,Cash,21,4.7,3.3
2024-07-31 15:02:00,CNR1542781568,Success,CID709612,Prime Plus,Bannerghatta Road,Majestic,42.0,90.0,Not Applicable,Not Applicable,No,Not Applicable,680,UPI,24,4.7,3.8
2024-07-31 20:28:00,CNR2258142230,Success,CID961125,Prime SUV,Cox Town,Chamarajpet,266.0,65.0,Not Applicable,Not Applicable,No,Not Applicable,425,Cash,11,3.5,4.6
2024-07-31 11:28:00,CNR7880897871,Success,CID221021,Mini,Hennur,Kengeri,56.0,140.0,Not Applicable,Not Applicable,No,Not Applicable,989,Cash,4,4.5,4.2
2024-07-31 16:25:00,CNR5589275503,Driver Not Found,CID552049,Bike,Peenya,MG Road,,,Not Applicable,Not Applicable,Not Applicable,Not Applicable,594,Not Applicable,0,,
2024-07-31 18:02:00,CNR2776152708,Success,CID415325,Prime Plus,Devanahalli,Rajajinagar,294.0,95.0,Not Applicable,Not Applicable,No,Not Applicable,443,Cash,5,3.4,3.1
2024-07-31 22:35:00,CNR1696361625,Success,CID745270,eBike,Ramamurthy Nagar,Sahakar Nagar,35.0,95.0,Not Applicable,Not Applicable,No,Not Applicable,721,Cash,19,3.8,4.7
2024-07-31 13:20:00,CNR9328679312,Success,CID649563,Prime SUV,Tumkur Road,Mysore Road,217.0,120.0,Not Applicable,Not Applicable,Yes,Vehicle Breakdown,2936,Cash,34,4.1,4.6
2024-07-31 03:33:00,CNR5233405274,Success,CID477783,Prime SUV,Electronic City,Banashankari,77.0,35.0,Not Applicable,Not Applicable,No,Not Applicable,747,Cash,25,5.0,3.5
2024-07-31 03:30:00,CNR1037521050,Success,CID993137,Bike,Chamarajpet,Shivajinagar,308.0,110.0,Not Applicable,Not Applicable,No,Not Applicable,799,UPI,25,3.9,4.7
2024-07-31 05:59:00,CNR3678733603,Success,CID386651,eBike,Rajarajeshwari Nagar,Marathahalli,63.0,135.0,Not Applicable,Not Applicable,No,Not Applicable,300,Cash,14,3.3,4.6
2024-07-31 02:21:00,CNR1504881557,Driver Not Found,CID884386,Prime SUV,Rajarajeshwari Nagar,Varthur,,,Not Applicable,Not Applicable,Not Applicable,Not Applicable,162,Not Applicable,0,,
2024-07-31 02:45:00,CNR9778309758,Success,CID528642,Prime Plus,HSR Layout,Magadi Road,308.0,70.0,Not Applicable,Not Applicable,No,Not Applicable,618,UPI,30,3.5,3.7
2024-07-31 04:17:00,CNR8001928080,Success,CID416746,eBike,Jayanagar,JP Nagar,91.0,120.0,Not Applicable,Not Applicable,No,Not Applicable,251,UPI,9,5.0,4.4
2024-07-31 02:27:00,CNR1669421648,Canceled by Driver,CID713303,Bike,Hennur,Padmanabhanagar,,,Not Applicable,More than permitted people in there,Not Applicable,Not Applicable,543,Not Applicable,0,,
2024-07-31 10:57:00,CNR2406462433,Success,CID954071,Mini,Hennur,Chamarajpet,35.0,115.0,Not Applicable,Not Applicable,No,Not Applicable,724,Cash,11,4.5,4.8
2024-07-31 00:37:00,CNR7810267825,Success,CID234007,Mini,Marathahalli,Langford Town,196.0,80.0,Not Applicable,Not Applicable,No,Not Applicable,316,UPI,27,3.1,4.7
2024-07-31 13:08:00,CNR9102559148,Success,CID164393,Prime SUV,Tumkur Road,Magadi Road,224.0,60.0,Not Applicable,Not Applicable,No,Not Applicable,138,UPI,24,5.0,3.0
2024-07-31 07:21:00,CNR2997602946,Success,CID984343,Prime Plus,Hosur Road,Hennur,280.0,55.0,Not Applicable,Not Applicable,No,Not Applicable,467,Cash,24,4.5,4.2
2024-07-31 10:29:00,CNR3495703472,Driver Not Found,CID621402,Prime SUV,Electronic City,Marathahalli,,,Not Applicable,Not Applicable,Not Applicable,Not Applicable,565,Not Applicable,0,,
2024-07-31 16:56:00,CNR1754721768,Canceled by Driver,CID130993,Prime SUV,Basavanagudi,Padmanabhanagar,,,Not Applicable,More than permitted people in there,Not Applicable,Not Applicable,276,Not Applicable,0,,
2024-07-31 01:18:00,CNR7484957486,Success,CID931462,Auto,Ulsoor,Padmanabhanagar,63.0,65.0,Not Applicable,Not Applicable,No,Not Applicable,296,UPI,5,4.0,4.3
2024-07-31 15:32:00,CNR2765042735,Driver Not Found,CID111173,Prime SUV,Cox Town,Chamarajpet,,,Not Applicable,Not Applicable,Not Applicable,Not Applicable,1310,Not Applicable,0,,
2024-07-31 17:17:00,CNR7578667533,Canceled by Customer,CID867762,Mini,Shantinagar,Hulimavu,,,AC is Not working,Not Applicable,Not Applicable,Not Applicable,771,Not Applicable,0,,
2024-07-31 02:55:00,CNR5791395758,Success,CID805528,Prime Sedan,RT Nagar,Chickpet,42.0,25.0,Not Applicable,Not Applicable,No,Not Applicable,279,Cash,43,4.3,3.4
2024-07-31 16:24:00,CNR8054698021,Success,CID604351,Mini,Hosur Road,Kadugodi,308.0,145.0,Not Applicable,Not Applicable,No,Not Applicable,321,Cash,39,3.3,4.7
2024-07-31 19:56:00,CNR3870723800,Success,CID386103,Mini,JP Nagar,Chickpet,189.0,35.0,Not Applicable,Not Applicable,No,Not Applicable,457,Cash,1,4.1,3.4
2024-07-31 13:55:00,CNR6155126179,Success,CID607886,Mini,Bannerghatta Road,Basavanagudi,217.0,45.0,Not Applicable,Not Applicable,No,Not Applicable,139,Cash,45,4.9,3.8
2024-07-31 19:40:00,CNR7928857924,Success,CID517661,Auto,Magadi Road,Nagarbhavi,168.0,140.0,Not Applicable,Not Applicable,Yes,Customer Demand,685,UPI,7,4.1,4.9
2024-07-31 21:19:00,CNR7147567181,Canceled by Driver,CID700952,Auto,Devanahalli,Kammanahalli,,,Not Applicable,More than permitted people in there,Not Applicable,Not Applicable,150,Not Applicable,0,,
2024-07-31 13:15:00,CNR2894402830,Success,CID808607,Mini,Kadugodi,Frazer Town,133.0,90.0,Not Applicable,Not Applicable,No,Not Applicable,196,UPI,21,4.3,3.4
2024-07-31 11:37:00,CNR7551927592,Canceled by Driver,CID863704,Prime SUV,Rajarajeshwari Nagar,HSR Layout,,,Not Applicable,Personal & Car related issue,Not Applicable,Not Applicable,424,Not Applicable,0,,
2024-07-31 21:40:00,CNR6043336077,Canceled by Driver,CID708519,Prime SUV,Chickpet,Shantinagar,,,Not Applicable,More than permitted people in there,Not Applicable,Not Applicable,827,Not Applicable,0,,
2024-07-31 04:15:00,CNR8864548854,Success,CID932765,eBike,Langford Town,Kadugodi,301.0,115.0,Not Applicable,Not Applicable,No,Not Applicable,770,Cash,27,3.3,4.3
2024-07-31 07:30:00,CNR6312746387,Driver Not Found,CID686160,Prime Sedan,Bannerghatta Road,Indiranagar,,,Not Applicable,Not Applicable,Not Applicable,Not Applicable,325,Not Applicable,0,,
2024-07-31 14:43:00,CNR6203666215,Success,CID713821,eBike,Devanahalli,Jayanagar,161.0,25.0,Not Applicable,Not Applicable,No,Not Applicable,986,Cash,18,4.6,4.8
2024-07-31 14:56:00,CNR4361094314,Success,CID259573,Prime SUV,Tumkur Road,Bannerghatta Road,266.0,115.0,Not Applicable,Not Applicable,No,Not Applicable,2208,Cash,40,4.0,4.5
2024-07-31 19:55:00,CNR9056619027,Success,CID737388,Prime Sedan,BTM Layout,Majestic,168.0,30.0,Not Applicable,Not Applicable,No,Not Applicable,1695,UPI,20,4.5,4.7
2024-07-31 10:58:00,CNR5047015003,Canceled by Driver,CID761134,Mini,Sarjapur Road,Majestic,,,Not Applicable,Customer related issue,Not Applicable,Not Applicable,305,Not Applicable,0,,
2024-07-31 09:18:00,CNR2088212064,Success,CID954441,Bike,Peenya,Devanahalli,63.0,105.0,Not Applicable,Not Applicable,No,Not Applicable,2271,Cash,37,3.4,4.2
2024-07-31 01:31:00,CNR2192352149,Success,CID596869,Auto,Chickpet,Hennur,154.0,135.0,Not Applicable,Not Applicable,No,Not Applicable,240,UPI,4,4.0,4.9
2024-07-31 01:20:00,CNR9706779704,Success,CID974657,Mini,Langford Town,Vijayanagar,287.0,95.0,Not Applicable,Not Applicable,No,Not Applicable,482,Cash,37,4.4,3.9
2024-07-31 11:25:00,CNR8802048836,Success,CID716037,eBike,Bellandur,Shantinagar,252.0,45.0,Not Applicable,Not Applicable,No,Not Applicable,536,UPI,17,3.9,4.4
2024-07-31 10:44:00,CNR3686093697,Success,CID915228,Bike,Sarjapur Road,Chickpet,287.0,100.0,Not Applicable,Not Applicable,No,Not Applicable,188,UPI,37,4.9,4.1
2024-07-31 18:17:00,CNR6595436541,Canceled by Driver,CID656539,Prime SUV,Frazer Town,Whitefield,,,Not Applicable,Customer related issue,Not Applicable,Not Applicable,202,Not Applicable,0,,
2024-07-31 06:54:00,CNR8312198369,Canceled by Driver,CID581505,Prime SUV,Richmond Town,Jayanagar,,,Not Applicable,Customer related issue,Not Applicable,Not Applicable,1609,Not Applicable,0,,
2024-07-31 00:21:00,CNR8387038346,Canceled by Driver,CID680143,Mini,Magadi Road,BTM Layout,,,Not Applicable,Personal & Car related issue,Not Applicable,Not Applicable,1821,Not Applicable,0,,
2024-07-31 09:39:00,CNR4423484445,Success,CID336831,Mini,Yelahanka,BTM Layout,42.0,40.0,Not Applicable,Not Applicable,No,Not Applicable,415,UPI,22,3.6,3.1
2024-07-31 06:06:00,CNR5543135528,Success,CID808205,Prime SUV,Ramamurthy Nagar,Bannerghatta Road,308.0,145.0,Not Applicable,Not Applicable,No,Not Applicable,2125,UPI,6,3.8,4.6
2024-07-31 15:04:00,CNR3915683967,Canceled by Driver,CID163765,Auto,Padmanabhanagar,Ramamurthy Nagar,,,Not Applicable,Customer related issue,Not Applicable,Not Applicable,758,Not Applicable,0,,
2024-07-31 09:55:00,CNR7024387054,Driver Not Found,CID270321,Mini,Hennur,Cox Town,,,Not Applicable,Not Applicable,Not Applicable,Not Applicable,653,Not Applicable,0,,
2024-07-31 12:51:00,CNR1685871640,Success,CID190281,Prime Sedan,Kengeri,Mysore Road,168.0,135.0,Not Applicable,Not Applicable,Yes,Other Issue,704,Cash,42,4.7,4.8
2024-07-31 04:48:00,CNR6637966684,Success,CID352268,Auto,Indiranagar,Whitefield,84.0,105.0,Not Applicable,Not Applicable,No,Not Applicable,385,Cash,19,4.1,3.7
2024-07-31 05:03:00,CNR4149224158,Success,CID772392,Auto,Sahakar Nagar,Ramamurthy Nagar,35.0,45.0,Not Applicable,Not Applicable,No,Not Applicable,934,UPI,12,3.3,5.0
2024-07-31 04:01:00,CNR5162735133,Canceled by Driver,CID905849,Prime Plus,Banashankari,Chickpet,,,Not Applicable,Customer related issue,Not Applicable,Not Applicable,615,Not Applicable,0,,
2024-07-31 08:22:00,CNR5605765661,Success,CID546076,Bike,Magadi Road,Electronic City,56.0,30.0,Not Applicable,Not Applicable,No,Not Applicable,2202,Cash,44,4.7,3.4
2024-07-31 12:36:00,CNR2367572304,Success,CID432144,eBike,Rajarajeshwari Nagar,MG Road,252.0,145.0,Not Applicable,Not Applicable,No,Not Applicable,205,Cash,43,4.1,3.1
2024-07-31 07:21:00,CNR3755423780,Canceled by Customer,CID803813,Mini,Tumkur Road,Chamarajpet,,,Driver asked to cancel,Not Applicable,Not Applicable,Not Applicable,513,Not Applicable,0,,
2024-07-31 08:21:00,CNR1521571559,Success,CID906966,Auto,Ulsoor,Bellandur,182.0,50.0,Not Applicable,Not Applicable,No,Not Applicable,247,Cash,8,3.1,3.3
2024-07-31 02:55:00,CNR7606027623,Success,CID526261,Bike,Cox Town,Malleshwaram,259.0,75.0,Not Applicable,Not Applicable,Yes,Other Issue,558,UPI,41,3.2,3.2
2024-07-31 07:56:00,CNR2051982098,Success,CID619972,Prime Sedan,Yelahanka,Ramamurthy Nagar,217.0,55.0,Not Applicable,Not Applicable,No,Not Applicable,291,UPI,5,3.8,3.3
2024-07-31 04:32:00,CNR5525795502,Success,CID748475,Mini,Vijayanagar,Kengeri,56.0,110.0,Not Applicable,Not Applicable,No,Not Applicable,925,Cash,22,3.0,4.0
2024-07-31 21:58:00,CNR4659674698,Success,CID529347,Prime Sedan,Ramamurthy Nagar,Chickpet,280.0,30.0,Not Applicable,Not Applicable,No,Not Applicable,121,Cash,44,3.8,4.5
2024-07-31 03:13:00,CNR8583208566,Driver Not Found,CID175878,Bike,Chickpet,Shivajinagar,,,Not Applicable,Not Applicable,Not Applicable,Not Applicable,404,Not Applicable,0,,
2024-07-31 12:44:00,CNR8027828014,Canceled by Customer,CID737119,Prime Plus,Kammanahalli,Magadi Road,,,Change of plans,Not Applicable,Not Applicable,Not Applicable,223,Not Applicable,0,,
2024-07-31 08:31:00,CNR6098366012,Driver Not Found,CID308763,Prime Sedan,Ramamurthy Nagar,Magadi Road,,,Not Applicable,Not Applicable,Not Applicable,Not Applicable,2989,Not Applicable,0,,
2024-07-31 11:01:00,CNR3429273404,Success,CID344186,Mini,Chickpet,Chamarajpet,63.0,130.0,Not Applicable,Not Applicable,No,Not Applicable,728,Cash,14,4.3,5.0
2024-07-31 10:50:00,CNR9278459282,Success,CID767941,Bike,Yeshwanthpur,KR Puram,210.0,85.0,Not Applicable,Not Applicable,No,Not Applicable,2416,UPI,49,3.1,3.8
2024-07-31 10:02:00,CNR5537085508,Canceled by Customer,CID812594,Prime Plus,Shivajinagar,HSR Layout,,,Driver is not moving towards pickup location,Not Applicable,Not Applicable,Not Applicable,371,Not Applicable,0,,
2024-07-31 18:36:00,CNR4292294241,Success,CID133723,Prime Plus,Kammanahalli,Shivajinagar,203.0,25.0,Not Applicable,Not Applicable,No,Not Applicable,258,Cash,32,4.7,4.1
2024-07-31 23:48:00,CNR8348388306,Driver Not Found,CID117206,Bike,Bellandur,Rajarajeshwari Nagar,,,Not Applicable,Not Applicable,Not Applicable,Not Applicable,170,Not Applicable,0,,
2024-07-31 15:25:00,CNR1905141903,Canceled by Customer,CID126419,eBike,Mysore Road,Vijayanagar,,,Driver asked to cancel,Not Applicable,Not Applicable,Not Applicable,151,Not Applicable,0,,
2024-07-31 21:02:00,CNR1888771852,Canceled by Driver,CID953990,Prime Sedan,Yelahanka,Majestic,,,Not Applicable,Customer related issue,Not Applicable,Not Applicable,425,Not Applicable,0,,
2024-07-31 03:31:00,CNR5712185744,Success,CID507511,Bike,Yelahanka,Varthur,91.0,25.0,Not Applicable,Not Applicable,No,Not Applicable,220,UPI,2,3.4,3.1
2024-07-31 10:15:00,CNR7204507221,Success,CID195611,Prime Sedan,RT Nagar,Whitefield,301.0,145.0,Not Applicable,Not Applicable,No,Not Applicable,472,UPI,16,3.3,4.5
2024-07-31 22:27:00,CNR8339058395,Canceled by Driver,CID925776,eBike,Bannerghatta Road,RT Nagar,,,Not Applicable,Customer related issue,Not Applicable,Not Applicable,616,Not Applicable,0,,
2024-07-31 09:20:00,CNR3713743750,Success,CID524066,Prime SUV,Mysore Road,Peenya,42.0,130.0,Not Applicable,Not Applicable,No,Not Applicable,473,Cash,49,4.0,4.2
2024-07-31 18:13:00,CNR2841422869,Success,CID884352,Prime SUV,BTM Layout,Malleshwaram,126.0,115.0,Not Applicable,Not Applicable,No,Not Applicable,259,Cash,11,4.8,4.5
2024-07-31 11:58:00,CNR8370698303,Success,CID471469,Mini,Langford Town,Richmond Town,77.0,35.0,Not Applicable,Not Applicable,No,Not Applicable,310,Credit Card,2,3.3,3.1
2024-07-31 21:32:00,CNR7304217368,Canceled by Driver,CID372218,Mini,Peenya,Sarjapur Road,,,Not Applicable,Personal & Car related issue,Not Applicable,Not Applicable,200,Not Applicable,0,,
2024-07-31 10:14:00,CNR7508537500,Success,CID377809,Prime Sedan,Jayanagar,Richmond Town,189.0,85.0,Not Applicable,Not Applicable,No,Not Applicable,471,UPI,39,3.5,3.7
2024-07-31 21:23:00,CNR8999758925,Success,CID388701,Prime Sedan,Yelahanka,Rajajinagar,287.0,125.0,Not Applicable,Not Applicable,No,Not Applicable,442,UPI,37,4.1,4.5
2024-07-31 19:56:00,CNR9213909261,Success,CID853883,Auto,Koramangala,Majestic,175.0,65.0,Not Applicable,Not Applicable,No,Not Applicable,228,Cash,10,3.7,4.3
2024-07-31 09:25:00,CNR3131193165,Canceled by Driver,CID765484,Prime SUV,Devanahalli,KR Puram,,,Not Applicable,Customer was coughing/sick,Not Applicable,Not Applicable,232,Not Applicable,0,,
2024-07-31 23:15:00,CNR7085927006,Driver Not Found,CID786658,Prime Sedan,Ulsoor,RT Nagar,,,Not Applicable,Not Applicable,Not Applicable,Not Applicable,344,Not Applicable,0,,
2024-07-31 07:52:00,CNR5664105613,Success,CID107686,Auto,Marathahalli,KR Puram,266.0,65.0,Not Applicable,Not Applicable,No,Not Applicable,2604,UPI,10,3.8,4.1
2024-07-31 04:52:00,CNR5817805841,Success,CID768996,Prime SUV,Ramamurthy Nagar,Varthur,210.0,120.0,Not Applicable,Not Applicable,No,Not Applicable,274,Cash,37,3.1,3.6
2024-07-31 13:07:00,CNR1215131281,Canceled by Customer,CID163474,Mini,Malleshwaram,Magadi Road,,,Driver is not moving towards pickup location,Not Applicable,Not Applicable,Not Applicable,895,Not Applicable,0,,
2024-07-31 16:05:00,CNR2902962959,Success,CID509309,Bike,Hosur Road,Richmond Town,91.0,60.0,Not Applicable,Not Applicable,No,Not Applicable,279,Cash,34,4.5,3.2
2024-07-31 23:32:00,CNR6742756765,Success,CID630281,Prime Sedan,Chamarajpet,Banashankari,294.0,45.0,Not Applicable,Not Applicable,No,Not Applicable,1946,Cash,16,3.0,3.5
2024-07-31 04:23:00,CNR9746589762,Success,CID443169,Prime Plus,RT Nagar,Sahakar Nagar,231.0,65.0,Not Applicable,Not Applicable,No,Not Applicable,1024,UPI,4,4.8,4.1
2024-07-31 10:25:00,CNR8057838072,Canceled by Customer,CID652081,Prime Plus,Frazer Town,Sarjapur Road,,,Driver asked to cancel,Not Applicable,Not Applicable,Not Applicable,294,Not Applicable,0,,
2024-07-31 19:44:00,CNR8113408116,Success,CID777382,Auto,RT Nagar,Sarjapur Road,266.0,55.0,Not Applicable,Not Applicable,No,Not Applicable,252,UPI,8,4.0,4.8
2024-07-31 10:29:00,CNR3406023491,Success,CID247449,Mini,Richmond Town,Langford Town,84.0,145.0,Not Applicable,Not Applicable,No,Not Applicable,2542,UPI,2,3.5,4.1
2024-07-31 15:04:00,CNR2160222166,Success,CID930312,Mini,Yeshwanthpur,Indiranagar,266.0,75.0,Not Applicable,Not Applicable,No,Not Applicable,1821,Cash,34,4.4,4.7
2024-07-31 08:33:00,CNR2116922177,Success,CID614111,Mini,Richmond Town,Yeshwanthpur,105.0,145.0,Not Applicable,Not Applicable,No,Not Applicable,200,Cash,31,4.9,4.0
2024-07-31 10:22:00,CNR5721615755,Canceled by Driver,CID126097,Prime SUV,Koramangala,Indiranagar,,,Not Applicable,Customer was coughing/sick,Not Applicable,Not Applicable,152,Not Applicable,0,,
2024-07-31 11:15:00,CNR4418204484,Success,CID645793,Auto,HSR Layout,Hosur Road,133.0,145.0,Not Applicable,Not Applicable,No,Not Applicable,2388,Cash,4,4.4,3.6
2024-07-31 06:34:00,CNR7318327377,Success,CID719814,eBike,Ulsoor,Padmanabhanagar,77.0,100.0,Not Applicable,Not Applicable,No,Not Applicable,783,Cash,37,3.5,3.5
2024-07-31 20:56:00,CNR2313172363,Driver Not Found,CID665310,Prime Plus,Electronic City,KR Puram,,,Not Applicable,Not Applicable,Not Applicable,Not Applicable,208,Not Applicable,0,,
2024-07-31 07:28:00,CNR2924362976,Success,CID592039,Prime SUV,Tumkur Road,Cox Town,168.0,50.0,Not Applicable,Not Applicable,No,Not Applicable,1181,UPI,10,3.4,4.9
2024-07-31 03:29:00,CNR8436098474,Canceled by Customer,CID968838,Prime Plus,HSR Layout,KR Puram,,,Change of plans,Not Applicable,Not Applicable,Not Applicable,843,Not Applicable,0,,
2024-07-31 13:53:00,CNR1969091945,Success,CID796614,Auto,Sahakar Nagar,JP Nagar,224.0,80.0,Not Applicable,Not Applicable,No,Not Applicable,441,Cash,7,3.0,3.1
2024-07-31 02:02:00,CNR8012278097,Success,CID734844,Prime Plus,Mysore Road,Rajajinagar,238.0,25.0,Not Applicable,Not Applicable,No,Not Applicable,332,UPI,38,3.8,3.4
2024-07-31 16:22:00,CNR1456461433,Success,CID307267,Prime SUV,Banashankari,Marathahalli,42.0,65.0,Not Applicable,Not Applicable,No,Not Applicable,832,Cash,11,3.4,4.1
2024-07-31 06:58:00,CNR5862645876,Success,CID568720,Prime SUV,Kadugodi,Shantinagar,231.0,30.0,Not Applicable,Not Applicable,No,Not Applicable,1361,UPI,47,4.0,3.9
2024-07-31 21:47:00,CNR2985152943,Canceled by Driver,CID627311,Bike,Shantinagar,Ramamurthy Nagar,,,Not Applicable,More than permitted people in there,Not Applicable,Not Applicable,415,Not Applicable,0,,
2024-07-31 07:06:00,CNR5516225599,Success,CID822709,Prime SUV,Peenya,Frazer Town,42.0,55.0,Not Applicable,Not Applicable,No,Not Applicable,747,Cash,28,3.8,3.0
2024-07-31 01:54:00,CNR6775756776,Success,CID817693,Bike,Hosur Road,Nagarbhavi,245.0,55.0,Not Applicable,Not Applicable,No,Not Applicable,129,Cash,5,4.4,4.2
2024-07-31 18:38:00,CNR4821434880,Success,CID602848,eBike,Rajajinagar,Kammanahalli,98.0,100.0,Not Applicable,Not Applicable,No,Not Applicable,296,UPI,34,3.3,4.2
2024-07-31 03:13:00,CNR2829502841,Success,CID268274,Auto,Sarjapur Road,Sarjapur Road,231.0,105.0,Not Applicable,Not Applicable,No,Not Applicable,337,UPI,18,4.5,4.2
2024-07-31 14:52:00,CNR2769572747,Success,CID700413,Prime Sedan,Majestic,Malleshwaram,308.0,140.0,Not Applicable,Not Applicable,No,Not Applicable,896,UPI,45,4.0,4.1
2024-07-31 09:33:00,CNR4784744795,Success,CID943263,Prime Sedan,Peenya,Frazer Town,189.0,60.0,Not Applicable,Not Applicable,No,Not Applicable,151,Credit Card,11,4.0,4.8
2024-07-31 10:00:00,CNR6697396662,Success,CID295666,Auto,Ramamurthy Nagar,Banashankari,189.0,35.0,Not Applicable,Not Applicable,No,Not Applicable,940,Debit Card,7,3.2,3.5
2024-07-31 09:28:00,CNR2529182524,Success,CID471692,Prime Plus,Hulimavu,RT Nagar,98.0,140.0,Not Applicable,Not Applicable,No,Not Applicable,729,Credit Card,13,4.5,5.0
2024-07-31 10:12:00,CNR4967984977,Success,CID782900,Auto,Banashankari,Sarjapur Road,189.0,45.0,Not Applicable,Not Applicable,No,Not Applicable,128,Cash,1,4.6,4.8
2024-07-31 15:07:00,CNR2054202002,Success,CID109502,Prime SUV,Whitefield,BTM Layout,77.0,75.0,Not Applicable,Not Applicable,No,Not Applicable,274,Cash,42,4.0,3.4
2024-07-31 04:23:00,CNR9519809590,Success,CID957268,Auto,Bannerghatta Road,Tumkur Road,105.0,25.0,Not Applicable,Not Applicable,Yes,Customer Demand,352,Cash,8,5.0,3.8
2024-07-31 05:14:00,CNR3157313124,Success,CID578023,Auto,Basavanagudi,Chickpet,189.0,55.0,Not Applicable,Not Applicable,No,Not Applicable,238,UPI,6,4.5,3.0
2024-07-31 11:34:00,CNR6004016090,Success,CID301446,Prime SUV,Ramamurthy Nagar,KR Puram,280.0,30.0,Not Applicable,Not Applicable,No,Not Applicable,477,Cash,19,4.1,4.3
2024-07-31 15:38:00,CNR9473559405,Success,CID176162,Auto,Richmond Town,Banashankari,196.0,145.0,Not Applicable,Not Applicable,No,Not Applicable,186,UPI,15,4.7,4.6
2024-07-31 11:55:00,CNR7089847078,Driver Not Found,CID926832,eBike,Shantinagar,Hebbal,,,Not Applicable,Not Applicable,Not Applicable,Not Applicable,117,Not Applicable,0,,
2024-07-31 18:52:00,CNR4158034166,Success,CID615978,Prime SUV,Banashankari,Yelahanka,168.0,90.0,Not Applicable,Not Applicable,No,Not Applicable,193,UPI,13,3.8,3.2
2024-07-31 12:51:00,CNR3641503641,Success,CID431557,Mini,Majestic,Magadi Road,98.0,60.0,Not Applicable,Not Applicable,No,Not Applicable,395,UPI,41,4.3,4.8
2024-07-31 16:42:00,CNR7387117307,Success,CID928859,Prime SUV,MG Road,BTM Layout,147.0,75.0,Not Applicable,Not Applicable,No,Not Applicable,857,Cash,45,4.7,4.0
2024-07-31 22:49:00,CNR9249809207,Canceled by Driver,CID926602,Prime Plus,Whitefield,Kammanahalli,,,Not Applicable,Customer related issue,Not Applicable,Not Applicable,819,Not Applicable,0,,
2024-07-31 10:16:00,CNR8479608478,Success,CID374876,Prime Sedan,Shivajinagar,BTM Layout,35.0,45.0,Not Applicable,Not Applicable,No,Not Applicable,484,UPI,16,4.1,4.5
2024-07-31 08:50:00,CNR6816936867,Success,CID139968,Prime Plus,Bellandur,Indiranagar,84.0,70.0,Not Applicable,Not Applicable,No,Not Applicable,648,Cash,3,4.9,4.8
2024-07-31 11:55:00,CNR4171654134,Success,CID298474,Bike,Ulsoor,Whitefield,196.0,130.0,Not Applicable,Not Applicable,No,Not Applicable,153,Cash,20,4.1,3.9
2024-07-31 01:50:00,CNR6021446026,Success,CID533256,Prime SUV,Bannerghatta Road,Padmanabhanagar,70.0,140.0,Not Applicable,Not Applicable,No,Not Applicable,232,Credit Card,28,4.3,4.7
2024-07-31 08:41:00,CNR1306411373,Canceled by Driver,CID137733,Mini,Shivajinagar,Kadugodi,,,Not Applicable,More than permitted people in there,Not Applicable,Not Applicable,478,Not Applicable,0,,
2024-07-31 05:01:00,CNR7710767756,Canceled by Driver,CID843494,Auto,Koramangala,Hebbal,,,Not Applicable,Customer was coughing/sick,Not Applicable,Not Applicable,850,Not Applicable,0,,
2024-07-31 00:38:00,CNR1030991058,Success,CID705304,Bike,Frazer Town,Jayanagar,294.0,75.0,Not Applicable,Not Applicable,No,Not Applicable,673,Cash,25,4.1,3.6
2024-07-31 12:46:00,CNR8137998150,Driver Not Found,CID406881,eBike,Chickpet,HSR Layout,,,Not Applicable,Not Applicable,Not Applicable,Not Applicable,315,Not Applicable,0,,
2024-07-31 00:11:00,CNR3148683136,Success,CID703583,Prime SUV,Shivajinagar,Indiranagar,63.0,125.0,Not Applicable,Not Applicable,No,Not Applicable,1033,Cash,2,4.1,3.6
2024-07-31 03:54:00,CNR2913692919,Canceled by Customer,CID137586,Prime SUV,Tumkur Road,Langford Town,,,Driver is not moving towards pickup location,Not Applicable,Not Applicable,Not Applicable,825,Not Applicable,0,,
2024-07-31 23:49:00,CNR4399344311,Canceled by Customer,CID379072,Prime SUV,Sahakar Nagar,Hosur Road,,,Wrong Address,Not Applicable,Not Applicable,Not Applicable,213,Not Applicable,0,,
2024-07-31 13:53:00,CNR8216928258,Driver Not Found,CID804974,Auto,Peenya,Cox Town,,,Not Applicable,Not Applicable,Not Applicable,Not Applicable,125,Not Applicable,0,,
2024-07-31 00:08:00,CNR7829257844,Success,CID635965,Prime SUV,Electronic City,KR Puram,280.0,80.0,Not Applicable,Not Applicable,No,Not Applicable,362,Cash,36,4.1,4.6
2024-07-31 16:49:00,CNR3197913149,Success,CID606573,Mini,Hebbal,Ulsoor,224.0,50.0,Not Applicable,Not Applicable,No,Not Applicable,471,Credit Card,22,3.5,3.3
2024-07-31 22:15:00,CNR6536956545,Success,CID932866,Prime SUV,Kengeri,Devanahalli,252.0,125.0,Not Applicable,Not Applicable,No,Not Applicable,163,UPI,23,4.3,4.3
2024-07-31 03:12:00,CNR6472696427,Success,CID418039,Mini,Shivajinagar,KR Puram,56.0,140.0,Not Applicable,Not Applicable,No,Not Applicable,142,Cash,6,3.8,3.6
2024-07-31 03:49:00,CNR1667911684,Canceled by Customer,CID339379,Prime Plus,HSR Layout,Kengeri,,,AC is Not working,Not Applicable,Not Applicable,Not Applicable,451,Not Applicable,0,,
2024-07-31 09:23:00,CNR8185418107,Canceled by Customer,CID131079,Prime SUV,Peenya,Kadugodi,,,Driver is not moving towards pickup location,Not Applicable,Not Applicable,Not Applicable,358,Not Applicable,0,,
2024-07-31 18:16:00,CNR8528918516,Success,CID214348,Prime Sedan,Shivajinagar,Kadugodi,308.0,60.0,Not Applicable,Not Applicable,No,Not Applicable,365,Cash,36,4.9,4.0
2024-07-31 12:38:00,CNR5078565043,Canceled by Driver,CID298396,Auto,Sarjapur Road,Chamarajpet,,,Not Applicable,Personal & Car related issue,Not Applicable,Not Applicable,752,Not Applicable,0,,
2024-07-31 17:39:00,CNR7834937829,Canceled by Driver,CID459892,eBike,Indiranagar,Kammanahalli,,,Not Applicable,Customer was coughing/sick,Not Applicable,Not Applicable,531,Not Applicable,0,,
2024-07-31 22:51:00,CNR4241934290,Canceled by Driver,CID451045,Auto,Richmond Town,Sahakar Nagar,,,Not Applicable,Customer was coughing/sick,Not Applicable,Not Applicable,111,Not Applicable,0,,
2024-07-31 17:37:00,CNR4312664330,Success,CID215319,Auto,Banashankari,Rajarajeshwari Nagar,168.0,135.0,Not Applicable,Not Applicable,No,Not Applicable,216,UPI,5,4.4,4.3
2024-07-31 10:25:00,CNR6187806146,Success,CID988392,eBike,Bannerghatta Road,Kammanahalli,196.0,125.0,Not Applicable,Not Applicable,No,Not Applicable,147,UPI,39,3.3,3.2
2024-07-31 06:51:00,CNR4266434211,Canceled by Driver,CID351096,eBike,RT Nagar,HSR Layout,,,Not Applicable,Customer related issue,Not Applicable,Not Applicable,433,Not Applicable,0,,
2024-07-31 16:24:00,CNR5800275828,Success,CID562246,Prime Plus,Sarjapur Road,Banashankari,287.0,125.0,Not Applicable,Not Applicable,No,Not Applicable,664,UPI,24,3.6,4.4
2024-07-31 00:10:00,CNR5091375043,Success,CID638458,Mini,Banashankari,Kammanahalli,98.0,50.0,Not Applicable,Not Applicable,No,Not Applicable,159,UPI,40,4.0,4.7
2024-07-31 16:31:00,CNR2338152332,Success,CID557188,Mini,Whitefield,Ramamurthy Nagar,70.0,85.0,Not Applicable,Not Applicable,No,Not Applicable,556,UPI,27,5.0,3.2
2024-07-31 02:27:00,CNR5846845863,Success,CID798517,eBike,Hebbal,HSR Layout,252.0,110.0,Not Applicable,Not Applicable,Yes,Customer Demand,184,Cash,2,4.3,4.4
2024-07-31 22:54:00,CNR2016812051,Success,CID776786,Auto,Ulsoor,Kadugodi,294.0,65.0,Not Applicable,Not Applicable,No,Not Applicable,295,Cash,6,3.5,3.2
2024-07-31 00:38:00,CNR6923666963,Success,CID565564,Bike,Yeshwanthpur,Kadugodi,168.0,145.0,Not Applicable,Not Applicable,No,Not Applicable,794,Cash,25,4.8,4.0
2024-07-31 22:59:00,CNR6546406561,Success,CID983895,Bike,Kengeri,Magadi Road,301.0,110.0,Not Applicable,Not Applicable,No,Not Applicable,330,Cash,27,4.0,4.1
2024-07-31 18:29:00,CNR8635588606,Success,CID193075,Bike,Kadugodi,Yeshwanthpur,63.0,95.0,Not Applicable,Not Applicable,No,Not Applicable,187,UPI,34,4.9,3.8
2024-07-31 10:52:00,CNR6110906129,Success,CID579290,Prime Sedan,Shantinagar,Bannerghatta Road,84.0,145.0,Not Applicable,Not Applicable,No,Not Applicable,487,Cash,9,3.6,3.8
2024-07-31 23:19:00,CNR8934888991,Canceled by Driver,CID563608,eBike,Vijayanagar,Kadugodi,,,Not Applicable,Personal & Car related issue,Not Applicable,Not Applicable,426,Not Applicable,0,,
2024-07-31 08:16:00,CNR3572023555,Success,CID334563,Auto,Koramangala,Varthur,105.0,40.0,Not Applicable,Not Applicable,No,Not Applicable,229,Cash,15,4.6,5.0
2024-07-31 18:06:00,CNR2406222478,Success,CID381271,Prime Plus,Hennur,Hosur Road,154.0,130.0,Not Applicable,Not Applicable,No,Not Applicable,445,UPI,48,4.9,4.6
2024-07-31 12:13:00,CNR2661642637,Success,CID131513,Auto,Hebbal,Majestic,182.0,70.0,Not Applicable,Not Applicable,No,Not Applicable,134,Cash,8,3.3,4.0
2024-07-31 10:32:00,CNR1053691098,Success,CID366678,Auto,Basavanagudi,Nagarbhavi,154.0,145.0,Not Applicable,Not Applicable,No,Not Applicable,119,Cash,9,4.2,4.0
2024-07-31 18:20:00,CNR3034223013,Driver Not Found,CID377403,eBike,Kadugodi,Hennur,,,Not Applicable,Not Applicable,Not Applicable,Not Applicable,214,Not Applicable,0,,
2024-07-31 09:17:00,CNR6704586731,Success,CID470881,Prime Sedan,Hosur Road,Koramangala,77.0,25.0,Not Applicable,Not Applicable,No,Not Applicable,113,Cash,14,4.9,3.6
2024-07-31 10:17:00,CNR1578001523,Canceled by Driver,CID967088,Prime SUV,Ramamurthy Nagar,Kammanahalli,,,Not Applicable,Personal & Car related issue,Not Applicable,Not Applicable,362,Not Applicable,0,,
2024-07-31 20:36:00,CNR5615665683,Success,CID221217,Prime SUV,Sahakar Nagar,Indiranagar,119.0,25.0,Not Applicable,Not Applicable,No,Not Applicable,545,UPI,6,3.3,4.9
2024-07-31 10:28:00,CNR9488059411,Success,CID416695,Prime Plus,Padmanabhanagar,RT Nagar,287.0,95.0,Not Applicable,Not Applicable,No,Not Applicable,498,Cash,11,3.2,4.3
2024-07-31 22:51:00,CNR7850897845,Driver Not Found,CID221620,Bike,RT Nagar,Ulsoor,,,Not Applicable,Not Applicable,Not Applicable,Not Applicable,117,Not Applicable,0,,
2024-07-31 22:59:00,CNR3875603855,Canceled by Driver,CID634914,Prime Sedan,Hulimavu,Richmond Town,,,Not Applicable,More than permitted people in there,Not Applicable,Not Applicable,230,Not Applicable,0,,
2024-07-31 01:44:00,CNR6787196774,Success,CID902361,eBike,KR Puram,Marathahalli,105.0,35.0,Not Applicable,Not Applicable,No,Not Applicable,304,Cash,28,3.6,3.0
2024-07-31 13:10:00,CNR4094634046,Canceled by Driver,CID788327,Prime Plus,Koramangala,Devanahalli,,,Not Applicable,Personal & Car related issue,Not Applicable,Not Applicable,318,Not Applicable,0,,
2024-07-31 21:22:00,CNR4475444475,Success,CID337010,Prime Sedan,Chickpet,Langford Town,259.0,95.0,Not Applicable,Not Applicable,No,Not Applicable,130,Cash,18,3.1,4.9
2024-07-31 16:37:00,CNR5181045165,Success,CID831932,Bike,Bannerghatta Road,Koramangala,189.0,75.0,Not Applicable,Not Applicable,No,Not Applicable,419,Cash,12,4.7,4.2
2024-07-31 15:15:00,CNR4354124392,Canceled by Driver,CID966732,Prime SUV,Kammanahalli,Richmond Town,,,Not Applicable,Customer related issue,Not Applicable,Not Applicable,399,Not Applicable,0,,
2024-07-31 19:30:00,CNR1116621167,Driver Not Found,CID981323,Mini,JP Nagar,Hulimavu,,,Not Applicable,Not Applicable,Not Applicable,Not Applicable,2900,Not Applicable,0,,
2024-07-31 11:39:00,CNR2809402822,Success,CID301559,Bike,Mysore Road,Yelahanka,168.0,70.0,Not Applicable,Not Applicable,No,Not Applicable,121,Cash,31,4.2,3.1
2024-07-31 01:07:00,CNR6676016691,Success,CID983207,Prime Sedan,MG Road,RT Nagar,189.0,90.0,Not Applicable,Not Applicable,No,Not Applicable,107,UPI,27,3.5,3.3
2024-07-31 21:09:00,CNR9480399445,Canceled by Customer,CID921864,Mini,Hosur Road,Banashankari,,,Driver is not moving towards pickup location,Not Applicable,Not Applicable,Not Applicable,424,Not Applicable,0,,
2024-07-31 20:34:00,CNR3475113423,Canceled by Driver,CID704228,Bike,Electronic City,Nagarbhavi,,,Not Applicable,Customer was coughing/sick,Not Applicable,Not Applicable,307,Not Applicable,0,,
2024-07-31 17:32:00,CNR1395921324,Success,CID647625,eBike,KR Puram,Kammanahalli,119.0,70.0,Not Applicable,Not Applicable,No,Not Applicable,583,Cash,40,4.5,4.2
2024-07-31 01:18:00,CNR8086868086,Canceled by Driver,CID506037,Mini,Nagarbhavi,MG Road,,,Not Applicable,Personal & Car related issue,Not Applicable,Not Applicable,325,Not Applicable,0,,
2024-07-31 05:44:00,CNR3479493412,Success,CID786300,Prime Sedan,Majestic,Hulimavu,154.0,140.0,Not Applicable,Not Applicable,No,Not Applicable,216,UPI,33,4.4,4.5
2024-07-31 06:55:00,CNR9745669728,Canceled by Driver,CID444964,Mini,Indiranagar,Whitefield,,,Not Applicable,Customer related issue,Not Applicable,Not Applicable,337,Not Applicable,0,,
2024-07-31 21:06:00,CNR3765373797,Success,CID692922,Prime SUV,KR Puram,Yeshwanthpur,196.0,120.0,Not Applicable,Not Applicable,No,Not Applicable,373,Cash,26,4.6,4.1
2024-07-31 03:12:00,CNR2950422918,Canceled by Customer,CID267651,Bike,Magadi Road,Vijayanagar,,,Change of plans,Not Applicable,Not Applicable,Not Applicable,121,Not Applicable,0,,
2024-07-31 08:56:00,CNR7680537683,Success,CID472301,Prime Plus,Vijayanagar,KR Puram,140.0,135.0,Not Applicable,Not Applicable,No,Not Applicable,584,UPI,18,3.1,3.3
2024-07-31 04:29:00,CNR7315557308,Canceled by Customer,CID255257,Mini,Sahakar Nagar,Whitefield,,,AC is Not working,Not Applicable,Not Applicable,Not Applicable,372,Not Applicable,0,,
2024-07-31 23:33:00,CNR6804566893,Canceled by Driver,CID590573,Prime SUV,Whitefield,Rajarajeshwari Nagar,,,Not Applicable,Personal & Car related issue,Not Applicable,Not Applicable,482,Not Applicable,0,,
2024-07-31 01:48:00,CNR8554248506,Canceled by Customer,CID384102,Mini,Hosur Road,Peenya,,,Wrong Address,Not Applicable,Not Applicable,Not Applicable,169,Not Applicable,0,,
2024-07-31 05:42:00,CNR6260056289,Driver Not Found,CID341767,Bike,Malleshwaram,Malleshwaram,,,Not Applicable,Not Applicable,Not Applicable,Not Applicable,655,Not Applicable,0,,
2024-07-31 10:10:00,CNR3660333652,Success,CID718764,Bike,Jayanagar,MG Road,119.0,30.0,Not Applicable,Not Applicable,No,Not Applicable,398,UPI,4,3.3,3.3
2024-07-31 11:32:00,CNR7500867500,Success,CID711398,Prime SUV,Langford Town,Tumkur Road,154.0,90.0,Not Applicable,Not Applicable,No,Not Applicable,198,Cash,2,3.3,3.6
2024-07-31 09:55:00,CNR9218789206,Driver Not Found,CID219381,Prime Sedan,Rajajinagar,Padmanabhanagar,,,Not Applicable,Not Applicable,Not Applicable,Not Applicable,482,Not Applicable,0,,
2024-07-31 03:17:00,CNR1516041508,Success,CID902685,Prime Sedan,Hebbal,BTM Layout,238.0,140.0,Not Applicable,Not Applicable,No,Not Applicable,305,UPI,23,3.8,4.4
2024-07-31 15:14:00,CNR4084454004,Canceled by Driver,CID501660,Mini,Peenya,Padmanabhanagar,,,Not Applicable,More than permitted people in there,Not Applicable,Not Applicable,294,Not Applicable,0,,
2024-07-31 07:14:00,CNR8850688826,Success,CID257693,Prime Sedan,Richmond Town,Tumkur Road,252.0,65.0,Not Applicable,Not Applicable,No,Not Applicable,161,Cash,5,4.1,4.0
2024-07-31 13:18:00,CNR9967049942,Canceled by Driver,CID908062,Prime Sedan,Yelahanka,Sarjapur Road,,,Not Applicable,Customer related issue,Not Applicable,Not Applicable,404,Not Applicable,0,,
2024-07-31 10:09:00,CNR2359002361,Success,CID429569,Auto,Magadi Road,Peenya,126.0,60.0,Not Applicable,Not Applicable,No,Not Applicable,169,Cash,12,4.7,3.8
2024-07-31 09:20:00,CNR4408194419,Success,CID644474,Bike,Kengeri,Devanahalli,56.0,45.0,Not Applicable,Not Applicable,No,Not Applicable,501,UPI,49,4.5,3.1
2024-07-31 16:41:00,CNR1981321911,Success,CID309575,Mini,Mysore Road,Hosur Road,301.0,125.0,Not Applicable,Not Applicable,No,Not Applicable,101,Cash,1,3.6,3.7
2024-07-31 03:47:00,CNR8943318926,Success,CID860681,Auto,Kengeri,Shantinagar,175.0,120.0,Not Applicable,Not Applicable,No,Not Applicable,192,Cash,15,4.6,4.5
2024-07-31 12:57:00,CNR2149632191,Canceled by Driver,CID702491,Mini,Koramangala,Varthur,,,Not Applicable,More than permitted people in there,Not Applicable,Not Applicable,393,Not Applicable,0,,
2024-07-31 21:10:00,CNR6038316024,Canceled by Customer,CID689882,eBike,Cox Town,Kadugodi,,,AC is Not working,Not Applicable,Not Applicable,Not Applicable,414,Not Applicable,0,,
2024-07-31 04:20:00,CNR3789343704,Canceled by Customer,CID679996,Bike,Yeshwanthpur,Malleshwaram,,,Change of plans,Not Applicable,Not Applicable,Not Applicable,1816,Not Applicable,0,,
2024-07-31 06:38:00,CNR6243016259,Success,CID228411,Prime Sedan,Jayanagar,HSR Layout,161.0,75.0,Not Applicable,Not Applicable,No,Not Applicable,366,Cash,28,3.8,3.2
2024-07-31 00:22:00,CNR4594544588,Driver Not Found,CID955141,Prime SUV,Rajarajeshwari Nagar,Cox Town,,,Not Applicable,Not Applicable,Not Applicable,Not Applicable,417,Not Applicable,0,,
2024-07-31 08:41:00,CNR9173539102,Success,CID226904,Prime Plus,Cox Town,Magadi Road,231.0,135.0,Not Applicable,Not Applicable,No,Not Applicable,2884,UPI,48,3.8,4.9
2024-07-31 07:33:00,CNR9815099855,Canceled by Driver,CID750118,Prime Sedan,RT Nagar,Mysore Road,,,Not Applicable,Personal & Car related issue,Not Applicable,Not Applicable,371,Not Applicable,0,,
2024-07-31 19:29:00,CNR6427336491,Success,CID188757,Mini,Magadi Road,Cox Town,56.0,45.0,Not Applicable,Not Applicable,No,Not Applicable,175,UPI,2,3.4,3.3
2024-07-31 12:39:00,CNR1707431767,Success,CID989298,Bike,Peenya,Rajarajeshwari Nagar,70.0,85.0,Not Applicable,Not Applicable,No,Not Applicable,494,UPI,28,3.1,3.8
2024-07-31 12:04:00,CNR6165616136,Success,CID233895,eBike,HSR Layout,Bellandur,49.0,100.0,Not Applicable,Not Applicable,No,Not Applicable,441,UPI,27,3.1,3.1
2024-07-31 15:34:00,CNR7638717642,Success,CID877855,Prime Sedan,Banashankari,Sarjapur Road,252.0,80.0,Not Applicable,Not Applicable,No,Not Applicable,471,Cash,23,4.4,4.6
2024-07-31 21:57:00,CNR8365668369,Success,CID718559,Prime Plus,Indiranagar,Yelahanka,210.0,85.0,Not Applicable,Not Applicable,No,Not Applicable,389,Cash,14,3.2,4.6
2024-07-31 09:26:00,CNR8071188073,Canceled by Driver,CID580478,eBike,Hennur,Langford Town,,,Not Applicable,Customer related issue,Not Applicable,Not Applicable,202,Not Applicable,0,,
2024-07-31 22:13:00,CNR5152435116,Canceled by Driver,CID847377,Auto,Tumkur Road,Ulsoor,,,Not Applicable,Customer was coughing/sick,Not Applicable,Not Applicable,253,Not Applicable,0,,
2024-07-31 18:33:00,CNR9632539699,Success,CID398168,Prime SUV,Indiranagar,Basavanagudi,217.0,105.0,Not Applicable,Not Applicable,No,Not Applicable,882,Cash,43,3.2,4.1
2024-07-31 08:35:00,CNR1296401201,Canceled by Customer,CID539191,Prime Sedan,Banashankari,Cox Town,,,Driver asked to cancel,Not Applicable,Not Applicable,Not Applicable,176,Not Applicable,0,,
2024-07-31 19:31:00,CNR1637541689,Success,CID515450,Mini,Devanahalli,Hosur Road,259.0,120.0,Not Applicable,Not Applicable,No,Not Applicable,417,UPI,24,4.2,3.8
2024-07-31 23:56:00,CNR1594801501,Success,CID323779,Mini,Banashankari,Richmond Town,273.0,55.0,Not Applicable,Not Applicable,No,Not Applicable,130,Credit Card,41,3.5,4.5
2024-07-31 06:47:00,CNR8670678602,Success,CID771701,Prime SUV,Cox Town,Basavanagudi,168.0,40.0,Not Applicable,Not Applicable,No,Not Applicable,235,UPI,17,3.7,3.7
2024-07-31 09:16:00,CNR5141505180,Success,CID200875,Prime Sedan,Magadi Road,Bannerghatta Road,231.0,60.0,Not Applicable,Not Applicable,No,Not Applicable,325,Credit Card,21,4.7,5.0
2024-07-31 07:57:00,CNR5587875569,Success,CID141634,Prime Plus,Banashankari,Shivajinagar,252.0,40.0,Not Applicable,Not Applicable,No,Not Applicable,290,UPI,22,4.8,4.4
2024-07-31 23:51:00,CNR2800972826,Success,CID786912,Bike,Koramangala,Mysore Road,63.0,25.0,Not Applicable,Not Applicable,No,Not Applicable,131,Cash,20,4.4,3.1
2024-07-31 18:37:00,CNR4858814887,Canceled by Customer,CID916150,Prime SUV,Chamarajpet,Ramamurthy Nagar,,,AC is Not working,Not Applicable,Not Applicable,Not Applicable,148,Not Applicable,0,,
2024-07-31 02:41:00,CNR4944764946,Canceled by Customer,CID605609,Bike,Chamarajpet,BTM Layout,,,AC is Not working,Not Applicable,Not Applicable,Not Applicable,463,Not Applicable,0,,
2024-07-31 05:57:00,CNR5497595414,Success,CID387411,Prime Sedan,Rajajinagar,Ramamurthy Nagar,161.0,140.0,Not Applicable,Not Applicable,No,Not Applicable,339,UPI,17,3.1,3.4
2024-07-31 20:17:00,CNR2599142568,Driver Not Found,CID878056,Prime SUV,Whitefield,RT Nagar,,,Not Applicable,Not Applicable,Not Applicable,Not Applicable,314,Not Applicable,0,,
2024-07-31 03:32:00,CNR8855008892,Success,CID485817,Bike,Rajarajeshwari Nagar,Sahakar Nagar,91.0,145.0,Not Applicable,Not Applicable,No,Not Applicable,512,Cash,48,3.1,4.2
2024-07-31 14:31:00,CNR7562367552,Driver Not Found,CID398384,Prime Plus,Magadi Road,Chickpet,,,Not Applicable,Not Applicable,Not Applicable,Not Applicable,443,Not Applicable,0,,
2024-07-31 21:45:00,CNR1266211200,Success,CID233911,Prime SUV,Chickpet,Tumkur Road,266.0,85.0,Not Applicable,Not Applicable,No,Not Applicable,1467,UPI,32,4.7,3.5
2024-07-31 02:26:00,CNR4172844187,Driver Not Found,CID657255,Prime SUV,Ramamurthy Nagar,RT Nagar,,,Not Applicable,Not Applicable,Not Applicable,Not Applicable,353,Not Applicable,0,,
2024-07-31 07:28:00,CNR3618743659,Success,CID573670,Auto,KR Puram,Bannerghatta Road,154.0,110.0,Not Applicable,Not Applicable,No,Not Applicable,444,UPI,1,3.8,4.1
2024-07-31 07:05:00,CNR3634293623,Success,CID447644,Prime Plus,Basavanagudi,Yeshwanthpur,210.0,55.0,Not Applicable,Not Applicable,No,Not Applicable,476,UPI,23,3.1,4.9
2024-07-31 20:08:00,CNR3825773824,Canceled by Driver,CID713810,Bike,Sahakar Nagar,Koramangala,,,Not Applicable,Personal & Car related issue,Not Applicable,Not Applicable,142,Not Applicable,0,,
2024-07-31 06:37:00,CNR2839262817,Success,CID620466,eBike,Kengeri,Koramangala,154.0,145.0,Not Applicable,Not Applicable,No,Not Applicable,471,UPI,26,4.9,3.8
2024-07-31 11:05:00,CNR2089622091,Success,CID935203,eBike,Bannerghatta Road,Indiranagar,252.0,40.0,Not Applicable,Not Applicable,No,Not Applicable,382,Cash,21,3.6,4.2
2024-07-31 00:31:00,CNR5258425220,Canceled by Driver,CID775449,Prime Sedan,Rajajinagar,Bellandur,,,Not Applicable,Personal & Car related issue,Not Applicable,Not Applicable,401,Not Applicable,0,,
2024-07-31 10:43:00,CNR9705769795,Success,CID518512,Auto,Yelahanka,Basavanagudi,161.0,30.0,Not Applicable,Not Applicable,No,Not Applicable,148,Cash,18,3.1,4.1
2024-07-31 19:16:00,CNR4694114627,Success,CID463284,Auto,Shivajinagar,Electronic City,119.0,100.0,Not Applicable,Not Applicable,No,Not Applicable,204,UPI,11,4.8,3.4
2024-07-31 11:21:00,CNR4091024003,Success,CID193230,Mini,Varthur,Tumkur Road,168.0,110.0,Not Applicable,Not Applicable,No,Not Applicable,666,Cash,9,4.5,3.0
2024-07-31 05:53:00,CNR1315381308,Success,CID605780,eBike,Richmond Town,Rajarajeshwari Nagar,126.0,60.0,Not Applicable,Not Applicable,No,Not Applicable,425,UPI,5,4.8,4.4
2024-07-31 08:58:00,CNR1500841556,Success,CID201508,Prime Sedan,RT Nagar,JP Nagar,154.0,105.0,Not Applicable,Not Applicable,No,Not Applicable,172,Cash,41,3.1,4.2
2024-07-31 09:22:00,CNR4667034639,Success,CID649293,Prime Plus,Langford Town,Nagarbhavi,98.0,50.0,Not Applicable,Not Applicable,No,Not Applicable,398,Cash,35,4.9,3.5
2024-07-31 21:53:00,CNR3165143136,Canceled by Customer,CID270149,Prime Plus,Indiranagar,Sarjapur Road,,,Wrong Address,Not Applicable,Not Applicable,Not Applicable,741,Not Applicable,0,,
2024-07-31 09:47:00,CNR6604366635,Driver Not Found,CID740522,Prime Plus,Devanahalli,Jayanagar,,,Not Applicable,Not Applicable,Not Applicable,Not Applicable,446,Not Applicable,0,,
2024-07-31 01:47:00,CNR6592436522,Canceled by Driver,CID499536,Prime Sedan,Tumkur Road,Chamarajpet,,,Not Applicable,More than permitted people in there,Not Applicable,Not Applicable,315,Not Applicable,0,,
2024-07-31 02:52:00,CNR9226509257,Success,CID288060,Bike,MG Road,Shantinagar,112.0,125.0,Not Applicable,Not Applicable,No,Not Applicable,470,Cash,38,3.6,4.2
2024-07-31 04:03:00,CNR9013199054,Success,CID723227,Auto,JP Nagar,Bannerghatta Road,161.0,40.0,Not Applicable,Not Applicable,No,Not Applicable,106,UPI,7,3.4,4.9
2024-07-31 03:47:00,CNR3162953186,Success,CID529533,Prime Plus,Koramangala,Bannerghatta Road,119.0,135.0,Not Applicable,Not Applicable,No,Not Applicable,1468,Cash,31,4.7,4.2
2024-07-31 15:19:00,CNR5202885237,Canceled by Driver,CID422022,Prime SUV,Kadugodi,Jayanagar,,,Not Applicable,Personal & Car related issue,Not Applicable,Not Applicable,408,Not Applicable,0,,
2024-07-31 01:18:00,CNR9588679526,Success,CID900085,eBike,HSR Layout,Hulimavu,294.0,95.0,Not Applicable,Not Applicable,Yes,Customer Demand,1805,UPI,4,3.7,4.0
2024-07-31 13:51:00,CNR2064002055,Canceled by Customer,CID734557,Auto,Mysore Road,Sahakar Nagar,,,Driver asked to cancel,Not Applicable,Not Applicable,Not Applicable,2925,Not Applicable,0,,
2024-07-31 00:45:00,CNR1387371352,Driver Not Found,CID392228,Prime Sedan,Hebbal,Frazer Town,,,Not Applicable,Not Applicable,Not Applicable,Not Applicable,1048,Not Applicable,0,,
2024-07-31 18:24:00,CNR8587548505,Success,CID393226,Mini,Marathahalli,Shivajinagar,112.0,130.0,Not Applicable,Not Applicable,No,Not Applicable,360,UPI,1,4.4,4.7
2024-07-31 14:26:00,CNR3870523848,Canceled by Customer,CID999015,Mini,Varthur,Kengeri,,,Driver is not moving towards pickup location,Not Applicable,Not Applicable,Not Applicable,341,Not Applicable,0,,
2024-07-31 08:42:00,CNR3096743022,Success,CID791723,eBike,Sarjapur Road,Peenya,287.0,55.0,Not Applicable,Not Applicable,No,Not Applicable,310,Cash,2,3.1,4.9
2024-07-31 22:10:00,CNR4245214201,Success,CID207572,eBike,Kammanahalli,Frazer Town,63.0,105.0,Not Applicable,Not Applicable,No,Not Applicable,1289,Cash,3,4.4,3.3
2024-07-31 18:55:00,CNR9520109511,Success,CID643112,Mini,Majestic,KR Puram,287.0,80.0,Not Applicable,Not Applicable,No,Not Applicable,1540,UPI,12,3.4,4.6
2024-07-31 16:00:00,CNR8142348110,Success,CID107282,Prime Plus,MG Road,Hennur,294.0,50.0,Not Applicable,Not Applicable,No,Not Applicable,745,Cash,3,3.8,4.7
2024-07-31 08:32:00,CNR1819341820,Canceled by Customer,CID228355,Prime SUV,Kammanahalli,Hosur Road,,,Driver asked to cancel,Not Applicable,Not Applicable,Not Applicable,459,Not Applicable,0,,
2024-07-31 02:28:00,CNR3291623295,Success,CID182011,Prime SUV,Indiranagar,JP Nagar,126.0,45.0,Not Applicable,Not Applicable,No,Not Applicable,313,Cash,38,3.4,3.3
2024-07-31 01:18:00,CNR8624748642,Canceled by Driver,CID252880,Prime Sedan,Hebbal,Koramangala,,,Not Applicable,Customer was coughing/sick,Not Applicable,Not Applicable,130,Not Applicable,0,,
2024-07-31 13:30:00,CNR9491359405,Success,CID841846,eBike,Peenya,Padmanabhanagar,168.0,115.0,Not Applicable,Not Applicable,No,Not Applicable,517,Cash,14,3.6,4.7
2024-07-31 22:55:00,CNR2134612179,Success,CID159326,Bike,Nagarbhavi,Vijayanagar,147.0,90.0,Not Applicable,Not Applicable,No,Not Applicable,332,UPI,31,4.4,4.3
2024-07-31 17:11:00,CNR7403917446,Success,CID220370,eBike,Mysore Road,Marathahalli,224.0,45.0,Not Applicable,Not Applicable,No,Not Applicable,496,Cash,40,4.4,3.1
2024-07-31 23:40:00,CNR2078102050,Canceled by Driver,CID376747,Prime SUV,Kengeri,Mysore Road,,,Not Applicable,Customer related issue,Not Applicable,Not Applicable,145,Not Applicable,0,,
2024-07-31 11:54:00,CNR9984929970,Success,CID758267,Prime Sedan,Kammanahalli,Sahakar Nagar,112.0,100.0,Not Applicable,Not Applicable,No,Not Applicable,229,Cash,7,3.0,4.7
2024-07-31 16:01:00,CNR3035153011,Canceled by Driver,CID131209,Bike,Rajajinagar,JP Nagar,,,Not Applicable,Personal & Car related issue,Not Applicable,Not Applicable,470,Not Applicable,0,,
2024-07-31 05:16:00,CNR4565744591,Success,CID229257,eBike,Ulsoor,Kengeri,196.0,115.0,Not Applicable,Not Applicable,No,Not Applicable,278,UPI,48,3.5,4.2
2024-07-31 07:15:00,CNR1681841610,Success,CID131708,Mini,Sahakar Nagar,Kammanahalli,49.0,50.0,Not Applicable,Not Applicable,No,Not Applicable,790,UPI,16,3.5,3.1
2024-07-31 03:48:00,CNR4591054526,Driver Not Found,CID880836,Prime SUV,Cox Town,Rajajinagar,,,Not Applicable,Not Applicable,Not Applicable,Not Applicable,941,Not Applicable,0,,
2024-07-31 14:33:00,CNR7642097697,Driver Not Found,CID199182,Auto,Jayanagar,Shivajinagar,,,Not Applicable,Not Applicable,Not Applicable,Not Applicable,2801,Not Applicable,0,,
2024-07-31 17:53:00,CNR7130847154,Success,CID391013,Auto,Marathahalli,Indiranagar,140.0,115.0,Not Applicable,Not Applicable,Yes,Customer Demand,525,UPI,11,3.0,4.5
2024-07-31 20:07:00,CNR9221299283,Canceled by Driver,CID276282,Prime SUV,RT Nagar,RT Nagar,,,Not Applicable,Personal & Car related issue,Not Applicable,Not Applicable,433,Not Applicable,0,,
2024-07-31 13:56:00,CNR4665264676,Canceled by Driver,CID494856,Auto,Varthur,Marathahalli,,,Not Applicable,Customer related issue,Not Applicable,Not Applicable,376,Not Applicable,0,,
2024-07-31 20:29:00,CNR1636841615,Success,CID180831,Mini,KR Puram,Ulsoor,252.0,140.0,Not Applicable,Not Applicable,No,Not Applicable,346,Cash,13,3.7,4.1
2024-07-31 16:06:00,CNR7700677734,Canceled by Driver,CID853726,Prime SUV,Koramangala,JP Nagar,,,Not Applicable,More than permitted people in there,Not Applicable,Not Applicable,260,Not Applicable,0,,
2024-07-31 20:42:00,CNR4853644851,Success,CID438573,Bike,Jayanagar,Chickpet,91.0,50.0,Not Applicable,Not Applicable,No,Not Applicable,213,Cash,14,4.0,3.8
2024-07-31 15:07:00,CNR7867297896,Success,CID279281,Mini,Banashankari,Kengeri,210.0,145.0,Not Applicable,Not Applicable,No,Not Applicable,286,Cash,13,4.2,3.8
2024-07-31 19:25:00,CNR7041367042,Success,CID998521,Prime Plus,Marathahalli,Sahakar Nagar,126.0,30.0,Not Applicable,Not Applicable,No,Not Applicable,156,Cash,25,3.7,3.4
2024-07-31 07:59:00,CNR7994697908,Success,CID357963,eBike,Nagarbhavi,KR Puram,301.0,75.0,Not Applicable,Not Applicable,No,Not Applicable,757,Credit Card,30,3.2,4.7
2024-07-31 04:46:00,CNR1197311121,Success,CID208336,Prime Sedan,Devanahalli,Mysore Road,301.0,60.0,Not Applicable,Not Applicable,No,Not Applicable,390,Cash,42,4.8,4.0
2024-07-31 15:01:00,CNR3107973193,Success,CID467902,Prime Sedan,Padmanabhanagar,Richmond Town,161.0,120.0,Not Applicable,Not Applicable,Yes,Other Issue,976,UPI,27,4.3,4.3
2024-07-31 03:32:00,CNR9790659772,Success,CID811485,Bike,Shantinagar,Rajajinagar,210.0,35.0,Not Applicable,Not Applicable,No,Not Applicable,683,Cash,14,4.7,3.4
2024-07-31 21:12:00,CNR6887096820,Canceled by Driver,CID678710,eBike,Sahakar Nagar,Mysore Road,,,Not Applicable,Personal & Car related issue,Not Applicable,Not Applicable,329,Not Applicable,0,,
2024-07-31 15:36:00,CNR9559689590,Success,CID652106,eBike,Yeshwanthpur,Tumkur Road,105.0,60.0,Not Applicable,Not Applicable,No,Not Applicable,999,UPI,43,4.6,4.2
2024-07-31 18:08:00,CNR4034164053,Success,CID708547,Auto,Vijayanagar,Rajarajeshwari Nagar,259.0,30.0,Not Applicable,Not Applicable,No,Not Applicable,283,UPI,7,3.4,3.4
2024-07-31 15:06:00,CNR5702105706,Success,CID228167,eBike,Malleshwaram,Indiranagar,168.0,120.0,Not Applicable,Not Applicable,No,Not Applicable,463,Cash,15,4.4,3.6
2024-07-31 15:17:00,CNR8586248545,Success,CID691224,Auto,Electronic City,JP Nagar,140.0,145.0,Not Applicable,Not Applicable,No,Not Applicable,353,UPI,7,4.7,4.9
2024-07-31 00:04:00,CNR6756236792,Driver Not Found,CID439520,Prime Sedan,Devanahalli,JP Nagar,,,Not Applicable,Not Applicable,Not Applicable,Not Applicable,495,Not Applicable,0,,
2024-07-31 13:28:00,CNR3390673347,Success,CID823164,Auto,Varthur,Kengeri,133.0,135.0,Not Applicable,Not Applicable,No,Not Applicable,292,UPI,16,4.6,3.5
2024-07-31 15:29:00,CNR2298252200,Success,CID637025,Prime Plus,Mysore Road,Malleshwaram,210.0,25.0,Not Applicable,Not Applicable,No,Not Applicable,448,UPI,15,3.2,4.9
2024-07-31 14:25:00,CNR8020318037,Canceled by Customer,CID440310,Prime SUV,Indiranagar,Hosur Road,,,AC is Not working,Not Applicable,Not Applicable,Not Applicable,103,Not Applicable,0,,
2024-07-31 02:37:00,CNR8425968476,Canceled by Driver,CID687136,Auto,Richmond Town,Electronic City,,,Not Applicable,More than permitted people in there,Not Applicable,Not Applicable,186,Not Applicable,0,,
2024-07-31 06:30:00,CNR7009507073,Success,CID880026,Auto,Vijayanagar,Langford Town,301.0,105.0,Not Applicable,Not Applicable,Yes,Customer Demand,110,Cash,3,3.7,3.6
2024-07-31 18:50:00,CNR6648356613,Canceled by Customer,CID489613,Mini,Whitefield,Vijayanagar,,,Change of plans,Not Applicable,Not Applicable,Not Applicable,173,Not Applicable,0,,
2024-07-31 09:40:00,CNR7906677956,Success,CID407740,Prime Plus,Nagarbhavi,Shivajinagar,210.0,105.0,Not Applicable,Not Applicable,No,Not Applicable,512,Cash,14,4.9,4.9
2024-07-31 18:46:00,CNR3429993469,Driver Not Found,CID822937,Prime SUV,Jayanagar,Peenya,,,Not Applicable,Not Applicable,Not Applicable,Not Applicable,2005,Not Applicable,0,,
2024-07-31 08:46:00,CNR9946049952,Success,CID184856,Bike,Hosur Road,Hennur,224.0,65.0,Not Applicable,Not Applicable,Yes,Customer Demand,238,Cash,18,4.7,4.6
2024-07-31 18:23:00,CNR5452595433,Success,CID763377,Prime Sedan,Indiranagar,Langford Town,189.0,135.0,Not Applicable,Not Applicable,Yes,Vehicle Breakdown,1921,UPI,40,3.3,3.9
2024-07-31 05:13:00,CNR3710243797,Driver Not Found,CID106150,Mini,KR Puram,Banashankari,,,Not Applicable,Not Applicable,Not Applicable,Not Applicable,296,Not Applicable,0,,
2024-07-31 09:36:00,CNR1884181888,Success,CID913584,eBike,Kadugodi,Varthur,273.0,110.0,Not Applicable,Not Applicable,No,Not Applicable,499,Cash,14,4.8,3.9
2024-07-31 12:03:00,CNR6007216094,Success,CID195370,Prime Plus,JP Nagar,Mysore Road,238.0,25.0,Not Applicable,Not Applicable,No,Not Applicable,525,Cash,22,4.3,4.0
2024-07-31 06:56:00,CNR2093962029,Success,CID825106,Prime Plus,Peenya,Frazer Town,105.0,30.0,Not Applicable,Not Applicable,No,Not Applicable,308,Cash,13,4.7,3.3
2024-07-31 07:11:00,CNR5168625108,Canceled by Customer,CID869726,Prime SUV,Chickpet,JP Nagar,,,Driver asked to cancel,Not Applicable,Not Applicable,Not Applicable,118,Not Applicable,0,,
2024-07-31 15:14:00,CNR9957919998,Success,CID173858,Mini,Hosur Road,Yeshwanthpur,203.0,90.0,Not Applicable,Not Applicable,No,Not Applicable,164,UPI,33,3.6,3.8
2024-07-31 10:26:00,CNR7165157197,Canceled by Driver,CID911238,Mini,Banashankari,HSR Layout,,,Not Applicable,Customer related issue,Not Applicable,Not Applicable,228,Not Applicable,0,,
2024-07-31 11:45:00,CNR3931853914,Canceled by Customer,CID656359,Bike,Kadugodi,Chickpet,,,Change of plans,Not Applicable,Not Applicable,Not Applicable,326,Not Applicable,0,,
2024-07-31 07:49:00,CNR4900194970,Driver Not Found,CID656067,Bike,MG Road,Sahakar Nagar,,,Not Applicable,Not Applicable,Not Applicable,Not Applicable,849,Not Applicable,0,,
2024-07-31 06:05:00,CNR4619614643,Success,CID843965,Prime Sedan,RT Nagar,Basavanagudi,308.0,110.0,Not Applicable,Not Applicable,No,Not Applicable,678,Cash,32,4.6,3.5
2024-07-31 22:42:00,CNR9401709462,Canceled by Customer,CID517686,Prime Plus,Mysore Road,Ulsoor,,,Driver is not moving towards pickup location,Not Applicable,Not Applicable,Not Applicable,431,Not Applicable,0,,
2024-07-31 02:29:00,CNR3787623791,Success,CID253766,Prime Sedan,Malleshwaram,Marathahalli,280.0,80.0,Not Applicable,Not Applicable,No,Not Applicable,235,UPI,13,4.0,3.9
2024-07-31 15:11:00,CNR6782106755,Success,CID762854,Mini,Magadi Road,Richmond Town,119.0,110.0,Not Applicable,Not Applicable,No,Not Applicable,223,Cash,3,5.0,4.8
2024-07-31 22:17:00,CNR6798846729,Success,CID901336,Prime SUV,Bellandur,Kadugodi,49.0,95.0,Not Applicable,Not Applicable,No,Not Applicable,445,Cash,48,3.2,4.7
2024-07-31 21:16:00,CNR3459503435,Success,CID780659,Prime Sedan,Hulimavu,Chamarajpet,98.0,125.0,Not Applicable,Not Applicable,No,Not Applicable,601,UPI,22,3.7,3.4
2024-07-31 08:43:00,CNR2557832586,Canceled by Driver,CID105655,eBike,Chamarajpet,Electronic City,,,Not Applicable,More than permitted people in there,Not Applicable,Not Applicable,198,Not Applicable,0,,
2024-07-31 23:17:00,CNR3497163475,Canceled by Driver,CID154151,Prime Sedan,JP Nagar,Hosur Road,,,Not Applicable,Personal & Car related issue,Not Applicable,Not Applicable,358,Not Applicable,0,,
2024-07-31 16:50:00,CNR1468681463,Success,CID517719,Prime SUV,HSR Layout,Hulimavu,189.0,80.0,Not Applicable,Not Applicable,No,Not Applicable,492,Cash,6,4.5,3.9
2024-07-31 02:29:00,CNR1429691412,Success,CID763740,Prime SUV,Electronic City,Vijayanagar,231.0,60.0,Not Applicable,Not Applicable,No,Not Applicable,280,UPI,31,4.1,4.8
2024-07-31 02:53:00,CNR5314325341,Canceled by Customer,CID506435,Mini,Hebbal,Koramangala,,,Driver is not moving towards pickup location,Not Applicable,Not Applicable,Not Applicable,233,Not Applicable,0,,
2024-07-31 19:20:00,CNR5709525793,Success,CID490677,Bike,KR Puram,JP Nagar,56.0,130.0,Not Applicable,Not Applicable,No,Not Applicable,984,Credit Card,24,3.9,3.7
2024-07-31 08:50:00,CNR1018241072,Success,CID703152,Auto,Ramamurthy Nagar,JP Nagar,56.0,120.0,Not Applicable,Not Applicable,No,Not Applicable,100,Cash,7,3.5,4.0
2024-07-31 08:32:00,CNR1713151799,Canceled by Customer,CID493145,Mini,Varthur,Peenya,,,Change of plans,Not Applicable,Not Applicable,Not Applicable,1899,Not Applicable,0,,
2024-07-31 06:57:00,CNR9793329707,Success,CID666870,Prime Sedan,Rajarajeshwari Nagar,Hulimavu,147.0,55.0,Not Applicable,Not Applicable,No,Not Applicable,833,UPI,14,3.3,3.1
2024-07-31 12:35:00,CNR2233902270,Success,CID656262,eBike,Marathahalli,Shivajinagar,133.0,105.0,Not Applicable,Not Applicable,No,Not Applicable,435,UPI,3,4.1,3.0
2024-07-31 06:54:00,CNR3928763950,Driver Not Found,CID421288,Mini,Yelahanka,Malleshwaram,,,Not Applicable,Not Applicable,Not Applicable,Not Applicable,1703,Not Applicable,0,,
2024-07-31 21:00:00,CNR9493959406,Success,CID139229,Auto,Ulsoor,Yeshwanthpur,196.0,105.0,Not Applicable,Not Applicable,No,Not Applicable,484,UPI,5,4.0,3.3
2024-07-31 22:33:00,CNR8966618975,Success,CID173986,Auto,Rajarajeshwari Nagar,Sahakar Nagar,189.0,125.0,Not Applicable,Not Applicable,No,Not Applicable,680,UPI,7,3.8,3.6
2024-07-31 10:55:00,CNR5045205071,Success,CID740051,Bike,KR Puram,Jayanagar,280.0,85.0,Not Applicable,Not Applicable,No,Not Applicable,229,Cash,16,3.1,3.4
2024-07-31 01:20:00,CNR2346262377,Driver Not Found,CID323252,Prime Plus,Devanahalli,Banashankari,,,Not Applicable,Not Applicable,Not Applicable,Not Applicable,609,Not Applicable,0,,
2024-07-31 20:48:00,CNR3560413575,Success,CID499436,Prime SUV,Shivajinagar,RT Nagar,301.0,105.0,Not Applicable,Not Applicable,Yes,Vehicle Breakdown,181,Credit Card,2,3.3,4.8
2024-07-31 12:22:00,CNR2991482930,Success,CID732234,eBike,Kadugodi,Ulsoor,105.0,140.0,Not Applicable,Not Applicable,No,Not Applicable,717,UPI,3,4.9,3.3
2024-07-31 01:12:00,CNR7885027831,Success,CID737968,Auto,RT Nagar,Cox Town,245.0,135.0,Not Applicable,Not Applicable,No,Not Applicable,262,Credit Card,12,3.5,3.7
2024-07-31 02:41:00,CNR8641308629,Canceled by Driver,CID321356,Prime SUV,Electronic City,KR Puram,,,Not Applicable,Personal & Car related issue,Not Applicable,Not Applicable,158,Not Applicable,0,,
2024-07-31 23:51:00,CNR8855708827,Success,CID521045,Prime SUV,Shantinagar,JP Nagar,63.0,95.0,Not Applicable,Not Applicable,No,Not Applicable,231,Cash,49,4.8,3.2
2024-07-31 13:36:00,CNR1513421502,Success,CID545036,Bike,Chamarajpet,Peenya,119.0,100.0,Not Applicable,Not Applicable,No,Not Applicable,246,UPI,23,3.9,3.3
2024-07-31 22:52:00,CNR1338911372,Canceled by Customer,CID348365,Prime SUV,Cox Town,Vijayanagar,,,Driver asked to cancel,Not Applicable,Not Applicable,Not Applicable,228,Not Applicable,0,,
2024-07-31 20:15:00,CNR3971083907,Success,CID234494,Prime SUV,Bellandur,Hosur Road,70.0,70.0,Not Applicable,Not Applicable,No,Not Applicable,427,Cash,1,3.5,3.0
2024-07-31 17:47:00,CNR2356292390,Success,CID686818,Mini,MG Road,Richmond Town,287.0,110.0,Not Applicable,Not Applicable,No,Not Applicable,305,Cash,37,3.2,3.3
2024-07-31 13:20:00,CNR5901165914,Success,CID903819,Prime SUV,MG Road,Marathahalli,203.0,80.0,Not Applicable,Not Applicable,No,Not Applicable,270,Cash,8,4.3,4.5
2024-07-31 20:40:00,CNR9541599545,Canceled by Driver,CID576096,Prime Plus,BTM Layout,Frazer Town,,,Not Applicable,Customer related issue,Not Applicable,Not Applicable,1501,Not Applicable,0,,
2024-07-31 10:39:00,CNR4286244224,Success,CID990844,eBike,Kadugodi,Whitefield,175.0,35.0,Not Applicable,Not Applicable,No,Not Applicable,489,UPI,16,3.7,3.9
2024-07-31 23:58:00,CNR5243395217,Success,CID427019,Prime SUV,Electronic City,Majestic,224.0,75.0,Not Applicable,Not Applicable,No,Not Applicable,791,UPI,21,5.0,3.9
2024-07-31 19:16:00,CNR6784206744,Canceled by Driver,CID339373,Auto,Hebbal,Koramangala,,,Not Applicable,Customer related issue,Not Applicable,Not Applicable,400,Not Applicable,0,,
2024-07-31 08:54:00,CNR7559627537,Success,CID200131,eBike,Shantinagar,Hebbal,63.0,100.0,Not Applicable,Not Applicable,Yes,Customer Demand,460,UPI,4,3.6,3.7
2024-07-31 16:01:00,CNR6065246035,Canceled by Driver,CID375929,Auto,Rajarajeshwari Nagar,Koramangala,,,Not Applicable,Customer related issue,Not Applicable,Not Applicable,354,Not Applicable,0,,
2024-07-31 16:43:00,CNR4048644079,Success,CID197349,Prime Sedan,Peenya,Varthur,140.0,90.0,Not Applicable,Not Applicable,No,Not Applicable,2047,UPI,29,3.0,3.7
2024-07-31 03:31:00,CNR4571784597,Canceled by Driver,CID768687,Prime Plus,Ramamurthy Nagar,Ramamurthy Nagar,,,Not Applicable,Personal & Car related issue,Not Applicable,Not Applicable,418,Not Applicable,0,,
2024-07-31 03:58:00,CNR1907661983,Success,CID811508,Prime Plus,Whitefield,Indiranagar,147.0,50.0,Not Applicable,Not Applicable,No,Not Applicable,2655,UPI,26,3.3,4.5
2024-07-31 17:11:00,CNR4521554517,Canceled by Driver,CID137387,Prime Plus,KR Puram,Hosur Road,,,Not Applicable,More than permitted people in there,Not Applicable,Not Applicable,364,Not Applicable,0,,
2024-07-31 08:02:00,CNR4619124679,Success,CID501578,Bike,JP Nagar,Shivajinagar,224.0,130.0,Not Applicable,Not Applicable,No,Not Applicable,2655,Cash,4,3.1,4.4
2024-07-31 01:13:00,CNR1022131076,Success,CID133857,Mini,Kengeri,JP Nagar,140.0,50.0,Not Applicable,Not Applicable,No,Not Applicable,828,Cash,34,4.1,4.8
2024-07-31 17:10:00,CNR6233806208,Success,CID612908,eBike,Chickpet,Indiranagar,217.0,35.0,Not Applicable,Not Applicable,No,Not Applicable,276,UPI,34,4.4,4.1
2024-07-31 22:21:00,CNR3678183629,Canceled by Customer,CID176370,eBike,Hulimavu,Majestic,,,Driver asked to cancel,Not Applicable,Not Applicable,Not Applicable,2712,Not Applicable,0,,
2024-07-31 07:02:00,CNR5807385856,Success,CID362252,Prime SUV,MG Road,Hebbal,217.0,115.0,Not Applicable,Not Applicable,No,Not Applicable,379,Cash,30,4.7,4.5
2024-07-31 02:35:00,CNR2742272780,Driver Not Found,CID211065,Prime SUV,Hebbal,Vijayanagar,,,Not Applicable,Not Applicable,Not Applicable,Not Applicable,316,Not Applicable,0,,
2024-07-31 03:32:00,CNR7530067556,Canceled by Customer,CID898523,Mini,Langford Town,KR Puram,,,AC is Not working,Not Applicable,Not Applicable,Not Applicable,303,Not Applicable,0,,
2024-07-31 00:32:00,CNR2755812722,Success,CID877036,Mini,Padmanabhanagar,Malleshwaram,98.0,55.0,Not Applicable,Not Applicable,Yes,Vehicle Breakdown,323,UPI,14,4.2,4.5
2024-07-31 11:19:00,CNR9279069290,Canceled by Driver,CID753312,Prime Sedan,Vijayanagar,Ramamurthy Nagar,,,Not Applicable,Customer related issue,Not Applicable,Not Applicable,840,Not Applicable,0,,
2024-07-31 18:09:00,CNR1390721347,Success,CID285104,eBike,Hennur,Hosur Road,273.0,55.0,Not Applicable,Not Applicable,No,Not Applicable,676,UPI,8,3.6,3.9
2024-07-31 20:57:00,CNR7714367720,Success,CID133774,Prime SUV,Shantinagar,Chamarajpet,252.0,95.0,Not Applicable,Not Applicable,No,Not Applicable,387,Cash,19,4.4,4.8
2024-07-31 17:14:00,CNR6820576838,Success,CID662763,Prime Plus,Ulsoor,BTM Layout,273.0,130.0,Not Applicable,Not Applicable,No,Not Applicable,349,UPI,6,4.9,4.0
2024-07-31 20:13:00,CNR6166386166,Canceled by Customer,CID662385,Prime SUV,Sahakar Nagar,BTM Layout,,,Driver is not moving towards pickup location,Not Applicable,Not Applicable,Not Applicable,743,Not Applicable,0,,
2024-07-31 10:17:00,CNR8408208406,Success,CID649349,Auto,Banashankari,Yeshwanthpur,245.0,55.0,Not Applicable,Not Applicable,No,Not Applicable,173,Cash,17,4.3,4.6
2024-07-31 08:28:00,CNR5906605947,Success,CID422131,Auto,Rajajinagar,HSR Layout,287.0,120.0,Not Applicable,Not Applicable,No,Not Applicable,105,UPI,13,4.5,3.5
2024-07-31 09:52:00,CNR8126608113,Success,CID445833,Prime SUV,JP Nagar,Yeshwanthpur,42.0,30.0,Not Applicable,Not Applicable,No,Not Applicable,552,Cash,5,4.5,3.8
2024-07-31 07:09:00,CNR3758983789,Canceled by Driver,CID526348,Mini,Marathahalli,Marathahalli,,,Not Applicable,Customer was coughing/sick,Not Applicable,Not Applicable,313,Not Applicable,0,,
2024-07-31 17:06:00,CNR9129409181,Canceled by Customer,CID363462,Mini,Hebbal,Peenya,,,AC is Not working,Not Applicable,Not Applicable,Not Applicable,424,Not Applicable,0,,
2024-07-31 20:10:00,CNR6412406438,Success,CID552719,Auto,Richmond Town,Banashankari,308.0,130.0,Not Applicable,Not Applicable,No,Not Applicable,493,UPI,7,3.8,4.7
2024-07-31 10:08:00,CNR8437048478,Canceled by Driver,CID176945,Prime SUV,Frazer Town,RT Nagar,,,Not Applicable,Personal & Car related issue,Not Applicable,Not Applicable,394,Not Applicable,0,,
2024-07-31 08:25:00,CNR5490485495,Success,CID497169,Auto,Sarjapur Road,Basavanagudi,77.0,100.0,Not Applicable,Not Applicable,Yes,Other Issue,2890,Cash,7,4.1,4.5
2024-07-31 03:59:00,CNR1772351747,Canceled by Driver,CID972016,Prime Sedan,Bannerghatta Road,Frazer Town,,,Not Applicable,Personal & Car related issue,Not Applicable,Not Applicable,135,Not Applicable,0,,
2024-07-31 15:46:00,CNR8792288742,Canceled by Driver,CID912775,eBike,Langford Town,Padmanabhanagar,,,Not Applicable,More than permitted people in there,Not Applicable,Not Applicable,179,Not Applicable,0,,
2024-07-31 12:24:00,CNR2206512249,Success,CID195665,Prime SUV,Tumkur Road,Frazer Town,63.0,40.0,Not Applicable,Not Applicable,No,Not Applicable,280,Cash,20,4.5,4.8
2024-07-31 15:02:00,CNR3018853015,Success,CID918718,Prime SUV,Vijayanagar,Hulimavu,77.0,75.0,Not Applicable,Not Applicable,No,Not Applicable,354,Cash,24,4.6,4.1
2024-07-31 11:05:00,CNR9740429742,Success,CID292149,Prime Sedan,Shivajinagar,Yeshwanthpur,301.0,135.0,Not Applicable,Not Applicable,No,Not Applicable,439,Cash,44,4.4,4.8
2024-07-31 13:28:00,CNR5482435414,Driver Not Found,CID993758,Auto,Banashankari,Nagarbhavi,,,Not Applicable,Not Applicable,Not Applicable,Not Applicable,645,Not Applicable,0,,
2024-07-31 16:28:00,CNR5886625897,Success,CID352984,Auto,Bannerghatta Road,Shantinagar,189.0,85.0,Not Applicable,Not Applicable,No,Not Applicable,264,Cash,4,3.6,3.4
2024-07-31 00:13:00,CNR8077948097,Success,CID789728,Auto,Kadugodi,Electronic City,119.0,100.0,Not Applicable,Not Applicable,No,Not Applicable,445,Cash,15,3.9,4.7
2024-07-31 11:19:00,CNR7647047665,Success,CID921378,Prime Plus,Mysore Road,Padmanabhanagar,84.0,95.0,Not Applicable,Not Applicable,No,Not Applicable,399,Cash,26,4.4,4.0
2024-07-31 13:04:00,CNR3238543295,Success,CID835843,Prime Plus,Indiranagar,Kammanahalli,112.0,100.0,Not Applicable,Not Applicable,No,Not Applicable,496,UPI,33,5.0,4.9
2024-07-31 06:15:00,CNR1853661857,Driver Not Found,CID673441,Auto,Cox Town,Chamarajpet,,,Not Applicable,Not Applicable,Not Applicable,Not Applicable,872,Not Applicable,0,,
2024-07-31 18:54:00,CNR6565526533,Canceled by Customer,CID221628,Auto,Yelahanka,Ulsoor,,,Driver asked to cancel,Not Applicable,Not Applicable,Not Applicable,346,Not Applicable,0,,
2024-07-31 15:50:00,CNR4190184196,Driver Not Found,CID850806,Auto,Cox Town,Peenya,,,Not Applicable,Not Applicable,Not Applicable,Not Applicable,387,Not Applicable,0,,
2024-07-31 22:10:00,CNR6102636151,Driver Not Found,CID807991,Prime Plus,Shantinagar,Shantinagar,,,Not Applicable,Not Applicable,Not Applicable,Not Applicable,247,Not Applicable,0,,
2024-07-31 22:58:00,CNR4841304877,Success,CID108174,Auto,RT Nagar,Rajarajeshwari Nagar,175.0,25.0,Not Applicable,Not Applicable,No,Not Applicable,767,UPI,8,4.3,4.5
2024-07-31 21:12:00,CNR3575673535,Success,CID310505,Prime Sedan,Kammanahalli,Yeshwanthpur,168.0,25.0,Not Applicable,Not Applicable,No,Not Applicable,203,UPI,24,4.4,3.3
2024-07-31 07:08:00,CNR9320839380,Success,CID599667,Prime Sedan,Banashankari,Koramangala,203.0,125.0,Not Applicable,Not Applicable,No,Not Applicable,658,UPI,45,3.5,4.9
2024-07-31 21:18:00,CNR2421102409,Success,CID949960,Auto,RT Nagar,Hennur,252.0,25.0,Not Applicable,Not Applicable,No,Not Applicable,366,Cash,8,4.1,3.4
2024-07-31 05:50:00,CNR1734801744,Canceled by Customer,CID759125,Bike,Indiranagar,Rajarajeshwari Nagar,,,Driver is not moving towards pickup location,Not Applicable,Not Applicable,Not Applicable,229,Not Applicable,0,,
2024-07-31 01:51:00,CNR8074058089,Success,CID921577,Prime Sedan,Ulsoor,Varthur,168.0,75.0,Not Applicable,Not Applicable,No,Not Applicable,319,Cash,22,3.2,4.0
2024-07-31 08:26:00,CNR9754989791,Canceled by Customer,CID144808,Mini,Padmanabhanagar,Nagarbhavi,,,Driver asked to cancel,Not Applicable,Not Applicable,Not Applicable,415,Not Applicable,0,,
2024-07-31 14:50:00,CNR3275493216,Success,CID605790,Prime SUV,Langford Town,Whitefield,119.0,90.0,Not Applicable,Not Applicable,No,Not Applicable,775,Cash,23,4.2,3.3
2024-07-31 02:52:00,CNR7453447433,Success,CID102370,Auto,Shivajinagar,Chickpet,98.0,65.0,Not Applicable,Not Applicable,No,Not Applicable,396,UPI,18,3.6,3.4
2024-07-31 19:34:00,CNR2798192752,Success,CID868307,Mini,Ulsoor,Chamarajpet,280.0,110.0,Not Applicable,Not Applicable,No,Not Applicable,411,Debit Card,44,3.0,3.9
2024-07-31 00:15:00,CNR7465587450,Success,CID121389,Prime Sedan,Chickpet,Electronic City,266.0,40.0,Not Applicable,Not Applicable,No,Not Applicable,168,Cash,31,4.9,4.7
2024-07-31 05:26:00,CNR7685627687,Canceled by Customer,CID291794,Prime Plus,RT Nagar,Hulimavu,,,Driver asked to cancel,Not Applicable,Not Applicable,Not Applicable,499,Not Applicable,0,,
2024-07-31 17:08:00,CNR2695652616,Canceled by Customer,CID880418,Prime Sedan,Kengeri,Peenya,,,Wrong Address,Not Applicable,Not Applicable,Not Applicable,342,Not Applicable,0,,
2024-07-31 10:44:00,CNR9004309013,Success,CID293024,Prime Plus,Shantinagar,Frazer Town,301.0,60.0,Not Applicable,Not Applicable,No,Not Applicable,460,Cash,33,4.8,4.9
2024-07-31 21:02:00,CNR6430646403,Driver Not Found,CID119823,Auto,Hebbal,Richmond Town,,,Not Applicable,Not Applicable,Not Applicable,Not Applicable,812,Not Applicable,0,,
2024-07-31 05:08:00,CNR7587617512,Canceled by Driver,CID301991,Prime Plus,Chamarajpet,Devanahalli,,,Not Applicable,More than permitted people in there,Not Applicable,Not Applicable,651,Not Applicable,0,,
2024-07-31 11:47:00,CNR9527209577,Success,CID192204,Prime Sedan,BTM Layout,Chamarajpet,63.0,40.0,Not Applicable,Not Applicable,No,Not Applicable,217,Cash,18,3.7,4.2
2024-07-31 10:04:00,CNR3045283021,Canceled by Driver,CID308808,eBike,Padmanabhanagar,Rajarajeshwari Nagar,,,Not Applicable,Personal & Car related issue,Not Applicable,Not Applicable,252,Not Applicable,0,,
2024-07-31 13:10:00,CNR9469589495,Success,CID946290,Prime Plus,Cox Town,Shantinagar,119.0,105.0,Not Applicable,Not Applicable,No,Not Applicable,790,Cash,23,3.5,3.8
2024-07-31 19:07:00,CNR6129346179,Driver Not Found,CID692565,Prime Plus,Kammanahalli,Vijayanagar,,,Not Applicable,Not Applicable,Not Applicable,Not Applicable,285,Not Applicable,0,,
2024-07-31 12:03:00,CNR1510771525,Success,CID911746,Prime Sedan,Bannerghatta Road,Hulimavu,294.0,140.0,Not Applicable,Not Applicable,No,Not Applicable,2509,UPI,10,4.7,4.5
2024-07-31 03:07:00,CNR1675481647,Success,CID801387,Mini,Shivajinagar,Peenya,49.0,75.0,Not Applicable,Not Applicable,No,Not Applicable,615,UPI,1,4.2,4.9
2024-07-31 18:28:00,CNR4133114195,Success,CID139167,Prime Sedan,Ulsoor,Majestic,238.0,75.0,Not Applicable,Not Applicable,No,Not Applicable,237,UPI,38,5.0,3.4
2024-07-31 07:37:00,CNR4843254827,Driver Not Found,CID854470,Bike,Peenya,Chickpet,,,Not Applicable,Not Applicable,Not Applicable,Not Applicable,356,Not Applicable,0,,
2024-07-31 21:35:00,CNR8034828000,Success,CID855897,Prime SUV,Frazer Town,Ramamurthy Nagar,266.0,40.0,Not Applicable,Not Applicable,No,Not Applicable,1835,Credit Card,37,3.6,4.8
2024-07-31 13:54:00,CNR2597112588,Success,CID271119,Prime Sedan,Hebbal,Bannerghatta Road,231.0,75.0,Not Applicable,Not Applicable,No,Not Applicable,1065,UPI,40,3.4,4.1
2024-07-31 08:32:00,CNR5232575234,Success,CID702250,Prime SUV,Basavanagudi,Chamarajpet,77.0,135.0,Not Applicable,Not Applicable,No,Not Applicable,393,UPI,22,3.3,4.3
2024-07-31 01:15:00,CNR2593812564,Canceled by Driver,CID916466,Auto,Nagarbhavi,RT Nagar,,,Not Applicable,Personal & Car related issue,Not Applicable,Not Applicable,495,Not Applicable,0,,
2024-07-31 17:11:00,CNR4080244011,Canceled by Customer,CID283251,Mini,Tumkur Road,Sarjapur Road,,,Driver is not moving towards pickup location,Not Applicable,Not Applicable,Not Applicable,390,Not Applicable,0,,
2024-07-31 16:48:00,CNR9174229128,Driver Not Found,CID287874,Prime SUV,RT Nagar,Hosur Road,,,Not Applicable,Not Applicable,Not Applicable,Not Applicable,237,Not Applicable,0,,
2024-07-31 09:25:00,CNR5223075276,Canceled by Driver,CID893272,Prime Plus,Ulsoor,Hennur,,,Not Applicable,Personal & Car related issue,Not Applicable,Not Applicable,752,Not Applicable,0,,
2024-07-31 03:41:00,CNR9390509371,Success,CID686863,eBike,Cox Town,Langford Town,231.0,90.0,Not Applicable,Not Applicable,No,Not Applicable,256,UPI,32,3.9,4.4
2024-07-31 16:08:00,CNR4488064457,Success,CID263437,Mini,Chickpet,Electronic City,42.0,40.0,Not Applicable,Not Applicable,No,Not Applicable,309,Cash,24,4.0,3.6
2024-07-31 22:11:00,CNR4323604354,Canceled by Driver,CID505113,Mini,RT Nagar,Peenya,,,Not Applicable,Personal & Car related issue,Not Applicable,Not Applicable,782,Not Applicable,0,,
2024-07-31 16:35:00,CNR6432186491,Canceled by Driver,CID987117,Prime Sedan,Varthur,Indiranagar,,,Not Applicable,Personal & Car related issue,Not Applicable,Not Applicable,208,Not Applicable,0,,
2024-07-31 03:58:00,CNR8475728467,Canceled by Customer,CID359528,Mini,Mysore Road,Mysore Road,,,AC is Not working,Not Applicable,Not Applicable,Not Applicable,567,Not Applicable,0,,
2024-07-31 21:54:00,CNR6865446809,Success,CID360773,Auto,Tumkur Road,Padmanabhanagar,84.0,125.0,Not Applicable,Not Applicable,No,Not Applicable,228,Cash,13,3.7,4.6
2024-07-31 03:56:00,CNR1821511862,Success,CID847056,Prime Sedan,Kengeri,Mysore Road,301.0,60.0,Not Applicable,Not Applicable,No,Not Applicable,364,Credit Card,5,4.0,4.8
2024-07-31 04:33:00,CNR3662913686,Success,CID868427,eBike,Ramamurthy Nagar,MG Road,56.0,45.0,Not Applicable,Not Applicable,No,Not Applicable,2944,Cash,3,4.6,4.8
2024-07-31 10:04:00,CNR5841725872,Success,CID808072,Prime Plus,Kengeri,Whitefield,77.0,80.0,Not Applicable,Not Applicable,No,Not Applicable,412,Cash,9,4.8,4.5
2024-07-31 07:52:00,CNR8387298328,Success,CID812644,Mini,Peenya,Basavanagudi,35.0,90.0,Not Applicable,Not Applicable,No,Not Applicable,216,Cash,17,4.5,3.4
2024-07-31 02:13:00,CNR5996505988,Driver Not Found,CID360385,Prime Plus,JP Nagar,Ulsoor,,,Not Applicable,Not Applicable,Not Applicable,Not Applicable,2143,Not Applicable,0,,
2024-07-31 04:55:00,CNR3280223276,Canceled by Driver,CID924057,Prime Sedan,Magadi Road,Yeshwanthpur,,,Not Applicable,Customer was coughing/sick,Not Applicable,Not Applicable,172,Not Applicable,0,,
2024-07-31 17:35:00,CNR3987863958,Success,CID685088,Prime Plus,Kadugodi,Sahakar Nagar,119.0,130.0,Not Applicable,Not Applicable,No,Not Applicable,2429,Cash,33,3.9,3.1
2024-07-31 18:01:00,CNR1845141816,Success,CID953810,Auto,Varthur,Marathahalli,91.0,30.0,Not Applicable,Not Applicable,No,Not Applicable,809,UPI,1,3.9,3.4
2024-07-31 09:55:00,CNR2844902849,Success,CID760035,Auto,Ulsoor,Rajarajeshwari Nagar,210.0,85.0,Not Applicable,Not Applicable,No,Not Applicable,451,UPI,4,3.2,3.6
2024-07-31 20:03:00,CNR6984386972,Success,CID554381,Prime SUV,Vijayanagar,Majestic,280.0,50.0,Not Applicable,Not Applicable,No,Not Applicable,133,UPI,21,4.1,5.0
2024-07-31 09:04:00,CNR1783241791,Canceled by Driver,CID663767,Prime Sedan,Koramangala,Rajajinagar,,,Not Applicable,Personal & Car related issue,Not Applicable,Not Applicable,367,Not Applicable,0,,
2024-07-31 20:01:00,CNR7111247103,Driver Not Found,CID674742,Bike,Rajajinagar,JP Nagar,,,Not Applicable,Not Applicable,Not Applicable,Not Applicable,742,Not Applicable,0,,
2024-07-31 23:05:00,CNR6539176585,Success,CID397507,Auto,HSR Layout,Indiranagar,280.0,105.0,Not Applicable,Not Applicable,Yes,Customer Demand,489,Cash,2,4.8,4.4
2024-07-31 09:59:00,CNR3203253296,Success,CID133645,eBike,Whitefield,Hennur,182.0,100.0,Not Applicable,Not Applicable,No,Not Applicable,506,Cash,31,3.6,4.9
2024-07-31 03:57:00,CNR8231668223,Driver Not Found,CID437999,Bike,Whitefield,Mysore Road,,,Not Applicable,Not Applicable,Not Applicable,Not Applicable,601,Not Applicable,0,,
2024-07-31 06:47:00,CNR9709119735,Success,CID838803,Prime SUV,Bannerghatta Road,Yelahanka,217.0,115.0,Not Applicable,Not Applicable,No,Not Applicable,379,UPI,27,3.4,3.8
2024-07-31 22:18:00,CNR4327894329,Canceled by Customer,CID588544,Bike,Varthur,Ulsoor,,,AC is Not working,Not Applicable,Not Applicable,Not Applicable,241,Not Applicable,0,,
2024-07-31 22:30:00,CNR9729149701,Driver Not Found,CID146349,eBike,Padmanabhanagar,Ulsoor,,,Not Applicable,Not Applicable,Not Applicable,Not Applicable,204,Not Applicable,0,,
2024-07-31 21:04:00,CNR3339343324,Canceled by Driver,CID938083,Bike,Jayanagar,Chickpet,,,Not Applicable,Customer was coughing/sick,Not Applicable,Not Applicable,482,Not Applicable,0,,
2024-07-31 12:50:00,CNR3556083591,Success,CID333175,Bike,Malleshwaram,Kadugodi,203.0,85.0,Not Applicable,Not Applicable,No,Not Applicable,577,Cash,17,3.4,3.5
2024-07-31 16:55:00,CNR7305247301,Canceled by Customer,CID294615,Auto,KR Puram,Hebbal,,,AC is Not working,Not Applicable,Not Applicable,Not Applicable,892,Not Applicable,0,,
2024-07-31 17:13:00,CNR4713594776,Canceled by Customer,CID479951,eBike,Hosur Road,Jayanagar,,,Driver asked to cancel,Not Applicable,Not Applicable,Not Applicable,674,Not Applicable,0,,
2024-07-31 13:42:00,CNR3767863700,Canceled by Customer,CID160458,Prime SUV,Shivajinagar,Electronic City,,,Change of plans,Not Applicable,Not Applicable,Not Applicable,447,Not Applicable,0,,
2024-07-31 07:33:00,CNR3406283462,Canceled by Driver,CID239124,Prime SUV,RT Nagar,Malleshwaram,,,Not Applicable,More than permitted people in there,Not Applicable,Not Applicable,148,Not Applicable,0,,
2024-07-31 18:18:00,CNR5221575219,Canceled by Driver,CID229314,Prime SUV,Basavanagudi,Shantinagar,,,Not Applicable,More than permitted people in there,Not Applicable,Not Applicable,101,Not Applicable,0,,
2024-07-31 15:13:00,CNR4127174165,Driver Not Found,CID746578,eBike,Chamarajpet,Richmond Town,,,Not Applicable,Not Applicable,Not Applicable,Not Applicable,231,Not Applicable,0,,
2024-07-31 19:03:00,CNR1797061759,Success,CID943819,Bike,Yeshwanthpur,Indiranagar,231.0,30.0,Not Applicable,Not Applicable,No,Not Applicable,172,UPI,5,3.1,3.1
2024-07-31 01:41:00,CNR1953791998,Success,CID587485,Auto,Majestic,Bannerghatta Road,77.0,60.0,Not Applicable,Not Applicable,No,Not Applicable,186,UPI,18,3.2,4.3
2024-07-31 22:55:00,CNR4900694936,Success,CID888986,Auto,Cox Town,Vijayanagar,217.0,75.0,Not Applicable,Not Applicable,No,Not Applicable,943,UPI,8,4.3,4.9
2024-07-31 04:23:00,CNR3647243611,Canceled by Customer,CID835376,Bike,Mysore Road,Hennur,,,Wrong Address,Not Applicable,Not Applicable,Not Applicable,255,Not Applicable,0,,
2024-07-31 23:27:00,CNR7567577597,Driver Not Found,CID788243,Prime SUV,Peenya,Malleshwaram,,,Not Applicable,Not Applicable,Not Applicable,Not Applicable,121,Not Applicable,0,,
2024-07-31 20:49:00,CNR6709466716,Canceled by Driver,CID709344,Mini,Nagarbhavi,Varthur,,,Not Applicable,Customer was coughing/sick,Not Applicable,Not Applicable,255,Not Applicable,0,,
2024-07-31 13:43:00,CNR6490286482,Success,CID367560,Prime SUV,Frazer Town,Sarjapur Road,112.0,115.0,Not Applicable,Not Applicable,No,Not Applicable,2109,Cash,2,3.1,4.5
2024-07-31 05:05:00,CNR6645486666,Success,CID956886,Bike,Yelahanka,Hosur Road,42.0,90.0,Not Applicable,Not Applicable,No,Not Applicable,415,Cash,4,4.1,3.2
2024-07-31 21:28:00,CNR9334929333,Success,CID604552,Prime Sedan,Chickpet,Majestic,105.0,115.0,Not Applicable,Not Applicable,No,Not Applicable,594,UPI,21,4.1,4.6
2024-07-31 16:19:00,CNR3982213920,Driver Not Found,CID266826,Prime Sedan,Electronic City,Shantinagar,,,Not Applicable,Not Applicable,Not Applicable,Not Applicable,984,Not Applicable,0,,
2024-07-31 16:04:00,CNR8779638705,Success,CID925665,Auto,Bellandur,BTM Layout,147.0,70.0,Not Applicable,Not Applicable,No,Not Applicable,727,UPI,12,3.1,4.8
2024-07-31 11:32:00,CNR8274668273,Success,CID743092,eBike,JP Nagar,Richmond Town,112.0,125.0,Not Applicable,Not Applicable,No,Not Applicable,515,Cash,25,4.3,4.4
2024-07-31 11:26:00,CNR3128893132,Canceled by Driver,CID969345,Auto,Yelahanka,Basavanagudi,,,Not Applicable,Personal & Car related issue,Not Applicable,Not Applicable,848,Not Applicable,0,,
2024-07-31 10:41:00,CNR4770594759,Success,CID274425,Mini,Padmanabhanagar,JP Nagar,231.0,35.0,Not Applicable,Not Applicable,No,Not Applicable,997,UPI,40,3.8,3.1
2024-07-31 15:57:00,CNR5938465983,Success,CID608437,Mini,Hebbal,BTM Layout,217.0,130.0,Not Applicable,Not Applicable,No,Not Applicable,191,UPI,1,3.3,3.6
2024-07-31 03:04:00,CNR7800237848,Success,CID941682,eBike,Yeshwanthpur,Magadi Road,168.0,125.0,Not Applicable,Not Applicable,No,Not Applicable,996,UPI,34,3.3,3.8
2024-07-31 09:16:00,CNR6267756296,Driver Not Found,CID515549,Bike,Kammanahalli,Mysore Road,,,Not Applicable,Not Applicable,Not Applicable,Not Applicable,378,Not Applicable,0,,
2024-07-31 15:45:00,CNR1126971105,Driver Not Found,CID657524,Mini,JP Nagar,Ulsoor,,,Not Applicable,Not Applicable,Not Applicable,Not Applicable,218,Not Applicable,0,,
2024-07-31 02:29:00,CNR5274875208,Canceled by Driver,CID395323,eBike,RT Nagar,RT Nagar,,,Not Applicable,Personal & Car related issue,Not Applicable,Not Applicable,256,Not Applicable,0,,
2024-07-31 13:16:00,CNR2765292784,Success,CID264448,Prime Sedan,Magadi Road,Cox Town,301.0,145.0,Not Applicable,Not Applicable,No,Not Applicable,342,UPI,13,3.7,3.4
2024-07-31 08:15:00,CNR9150489158,Success,CID423833,Prime SUV,Koramangala,Richmond Town,49.0,105.0,Not Applicable,Not Applicable,No,Not Applicable,445,Cash,2,5.0,3.3
2024-07-31 13:48:00,CNR3082643074,Canceled by Driver,CID490562,Prime SUV,HSR Layout,Kengeri,,,Not Applicable,Personal & Car related issue,Not Applicable,Not Applicable,403,Not Applicable,0,,
2024-07-31 08:13:00,CNR2334482344,Success,CID416862,eBike,Yelahanka,Hennur,133.0,140.0,Not Applicable,Not Applicable,No,Not Applicable,327,Cash,39,3.9,4.0
2024-07-31 05:46:00,CNR3107853107,Success,CID775806,Auto,Rajarajeshwari Nagar,Frazer Town,273.0,60.0,Not Applicable,Not Applicable,No,Not Applicable,796,Cash,10,3.4,4.6
2024-07-31 22:27:00,CNR5065055096,Success,CID810868,Bike,Jayanagar,Nagarbhavi,245.0,90.0,Not Applicable,Not Applicable,No,Not Applicable,371,Cash,46,4.3,4.2
2024-07-31 00:17:00,CNR5314015356,Success,CID974686,Bike,Bellandur,Mysore Road,77.0,85.0,Not Applicable,Not Applicable,No,Not Applicable,209,Credit Card,27,4.5,4.3
2024-07-31 07:03:00,CNR6246266230,Canceled by Customer,CID143850,Prime Sedan,Tumkur Road,Malleshwaram,,,Change of plans,Not Applicable,Not Applicable,Not Applicable,2008,Not Applicable,0,,
2024-07-31 16:15:00,CNR9834199848,Canceled by Customer,CID200911,Auto,Langford Town,Hulimavu,,,Change of plans,Not Applicable,Not Applicable,Not Applicable,255,Not Applicable,0,,
2024-07-31 20:06:00,CNR3229793246,Success,CID663499,eBike,Mysore Road,Indiranagar,42.0,50.0,Not Applicable,Not Applicable,No,Not Applicable,101,UPI,17,3.4,3.1
2024-07-31 03:08:00,CNR7896107874,Success,CID236414,Prime Plus,Sahakar Nagar,HSR Layout,203.0,100.0,Not Applicable,Not Applicable,No,Not Applicable,960,UPI,44,3.2,4.7
2024-07-31 18:24:00,CNR6019526035,Success,CID398994,Prime Sedan,Indiranagar,Hebbal,308.0,135.0,Not Applicable,Not Applicable,No,Not Applicable,169,UPI,17,3.1,3.1
2024-07-31 12:52:00,CNR4444554481,Success,CID499189,Prime Plus,Electronic City,Marathahalli,294.0,105.0,Not Applicable,Not Applicable,No,Not Applicable,679,UPI,34,4.0,4.5
2024-07-31 15:45:00,CNR2340972357,Success,CID515000,Auto,Chamarajpet,JP Nagar,245.0,25.0,Not Applicable,Not Applicable,No,Not Applicable,554,UPI,5,3.0,4.9
2024-07-31 13:34:00,CNR2070642039,Canceled by Driver,CID703018,Bike,Padmanabhanagar,Ramamurthy Nagar,,,Not Applicable,Customer related issue,Not Applicable,Not Applicable,155,Not Applicable,0,,
2024-07-31 17:31:00,CNR5987335966,Success,CID206866,Auto,Rajajinagar,Richmond Town,84.0,105.0,Not Applicable,Not Applicable,No,Not Applicable,329,Cash,6,3.3,4.0
2024-07-31 13:31:00,CNR7947287903,Success,CID139760,Prime Plus,Kengeri,Sarjapur Road,63.0,125.0,Not Applicable,Not Applicable,No,Not Applicable,107,UPI,39,3.3,4.9
2024-07-31 12:19:00,CNR8353818347,Success,CID732747,Bike,Jayanagar,Kengeri,287.0,25.0,Not Applicable,Not Applicable,No,Not Applicable,312,UPI,29,4.1,4.4
2024-07-31 07:52:00,CNR2866262832,Success,CID295295,Prime Sedan,Koramangala,Sahakar Nagar,126.0,80.0,Not Applicable,Not Applicable,No,Not Applicable,280,Cash,36,4.7,3.9
2024-07-31 05:44:00,CNR4979694998,Success,CID223930,Prime SUV,Shivajinagar,Sahakar Nagar,56.0,55.0,Not Applicable,Not Applicable,No,Not Applicable,650,Cash,36,4.7,4.8
2024-07-31 09:42:00,CNR6154286156,Driver Not Found,CID478161,Prime Sedan,Richmond Town,Sarjapur Road,,,Not Applicable,Not Applicable,Not Applicable,Not Applicable,666,Not Applicable,0,,
2024-07-31 21:32:00,CNR5099075096,Canceled by Driver,CID713572,eBike,JP Nagar,Hebbal,,,Not Applicable,Personal & Car related issue,Not Applicable,Not Applicable,176,Not Applicable,0,,
2024-07-31 07:25:00,CNR9112739122,Success,CID562063,Auto,Tumkur Road,Devanahalli,84.0,135.0,Not Applicable,Not Applicable,No,Not Applicable,496,Cash,8,4.7,3.6
2024-07-31 00:58:00,CNR1691781676,Success,CID963660,Mini,Kammanahalli,Padmanabhanagar,91.0,30.0,Not Applicable,Not Applicable,No,Not Applicable,317,Credit Card,47,4.9,3.3
2024-07-31 21:16:00,CNR5550025524,Success,CID450098,Auto,Frazer Town,KR Puram,280.0,130.0,Not Applicable,Not Applicable,No,Not Applicable,962,Cash,11,4.5,3.0
2024-07-31 12:22:00,CNR5950565958,Canceled by Driver,CID446941,eBike,Langford Town,Majestic,,,Not Applicable,More than permitted people in there,Not Applicable,Not Applicable,642,Not Applicable,0,,
2024-07-31 11:53:00,CNR3277353211,Success,CID743117,Prime Sedan,Cox Town,HSR Layout,287.0,70.0,Not Applicable,Not Applicable,No,Not Applicable,228,Cash,23,4.8,3.4
2024-07-31 17:46:00,CNR9376829388,Canceled by Customer,CID840346,Prime Sedan,Mysore Road,Indiranagar,,,Driver is not moving towards pickup location,Not Applicable,Not Applicable,Not Applicable,216,Not Applicable,0,,
2024-07-31 06:53:00,CNR1937711998,Success,CID884765,eBike,Mysore Road,Chickpet,168.0,100.0,Not Applicable,Not Applicable,No,Not Applicable,477,Credit Card,41,3.2,4.0
2024-07-31 02:28:00,CNR6976666923,Driver Not Found,CID124935,Bike,Majestic,Chamarajpet,,,Not Applicable,Not Applicable,Not Applicable,Not Applicable,277,Not Applicable,0,,
2024-07-31 22:49:00,CNR1847381852,Driver Not Found,CID781523,Prime SUV,Banashankari,Bannerghatta Road,,,Not Applicable,Not Applicable,Not Applicable,Not Applicable,601,Not Applicable,0,,
2024-07-31 12:04:00,CNR2446132441,Canceled by Customer,CID166563,Bike,Shivajinagar,KR Puram,,,AC is Not working,Not Applicable,Not Applicable,Not Applicable,258,Not Applicable,0,,
2024-07-31 00:22:00,CNR3562263551,Success,CID115356,Bike,Langford Town,Bannerghatta Road,140.0,55.0,Not Applicable,Not Applicable,No,Not Applicable,345,Cash,43,4.8,4.6
2024-07-31 08:08:00,CNR9280149266,Success,CID180424,Prime SUV,RT Nagar,JP Nagar,126.0,35.0,Not Applicable,Not Applicable,No,Not Applicable,104,Cash,29,4.2,3.0
2024-07-31 15:40:00,CNR3117713178,Success,CID406782,Prime SUV,Yeshwanthpur,KR Puram,154.0,75.0,Not Applicable,Not Applicable,Yes,Customer Demand,780,UPI,43,3.3,4.4
2024-07-31 22:04:00,CNR6629566630,Success,CID485217,Prime Plus,Shantinagar,Sarjapur Road,70.0,45.0,Not Applicable,Not Applicable,No,Not Applicable,488,Cash,42,4.4,3.8
2024-07-31 07:10:00,CNR6417796481,Success,CID418305,eBike,Sahakar Nagar,Sarjapur Road,182.0,95.0,Not Applicable,Not Applicable,No,Not Applicable,349,Cash,45,4.3,4.2
2024-07-31 01:19:00,CNR9809959827,Canceled by Customer,CID791004,Auto,Rajajinagar,Hebbal,,,Change of plans,Not Applicable,Not Applicable,Not Applicable,303,Not Applicable,0,,
2024-07-31 04:03:00,CNR7083007059,Success,CID846189,Prime Sedan,Ramamurthy Nagar,Cox Town,266.0,55.0,Not Applicable,Not Applicable,No,Not Applicable,458,UPI,47,3.2,3.8
2024-07-31 22:03:00,CNR9005129098,Success,CID778985,Prime Plus,Koramangala,Hennur,196.0,105.0,Not Applicable,Not Applicable,No,Not Applicable,203,Cash,39,3.5,3.1
2024-07-31 04:48:00,CNR5052265075,Driver Not Found,CID310944,Prime SUV,Majestic,Sahakar Nagar,,,Not Applicable,Not Applicable,Not Applicable,Not Applicable,2695,Not Applicable,0,,
2024-07-31 18:48:00,CNR9162939114,Success,CID377604,Prime SUV,Jayanagar,Shivajinagar,308.0,120.0,Not Applicable,Not Applicable,No,Not Applicable,472,Cash,16,3.2,3.7
2024-07-31 06:28:00,CNR1339501336,Success,CID663645,Prime Plus,Marathahalli,Richmond Town,287.0,115.0,Not Applicable,Not Applicable,No,Not Applicable,657,UPI,41,4.2,4.8
2024-07-31 06:24:00,CNR9866839890,Success,CID550893,eBike,Kadugodi,Whitefield,203.0,90.0,Not Applicable,Not Applicable,No,Not Applicable,747,UPI,16,3.8,4.8
2024-07-31 22:34:00,CNR9257319246,Success,CID411471,Prime Sedan,Magadi Road,Langford Town,210.0,90.0,Not Applicable,Not Applicable,No,Not Applicable,114,UPI,36,4.1,4.7
2024-07-31 15:08:00,CNR1265411263,Success,CID206428,Auto,Yeshwanthpur,Rajajinagar,189.0,75.0,Not Applicable,Not Applicable,No,Not Applicable,137,UPI,1,4.7,3.7
2024-07-31 08:57:00,CNR7553607582,Success,CID238250,Bike,Ulsoor,Kadugodi,280.0,25.0,Not Applicable,Not Applicable,Yes,Vehicle Breakdown,202,Cash,28,3.1,3.4
2024-07-31 01:04:00,CNR8800048874,Success,CID762012,Auto,Bellandur,Koramangala,259.0,135.0,Not Applicable,Not Applicable,No,Not Applicable,771,Cash,16,4.6,4.7
2024-07-31 22:38:00,CNR2069542087,Success,CID239020,eBike,Chamarajpet,Kengeri,231.0,90.0,Not Applicable,Not Applicable,No,Not Applicable,849,Cash,37,3.8,3.0
2024-07-31 17:37:00,CNR8739558745,Canceled by Driver,CID101380,Prime SUV,Vijayanagar,Padmanabhanagar,,,Not Applicable,Customer was coughing/sick,Not Applicable,Not Applicable,849,Not Applicable,0,,
2024-07-31 04:08:00,CNR7266477237,Success,CID123698,Mini,KR Puram,Varthur,35.0,140.0,Not Applicable,Not Applicable,No,Not Applicable,402,UPI,45,4.5,5.0
2024-07-31 18:13:00,CNR3543633538,Success,CID368004,Prime SUV,Hennur,Cox Town,203.0,90.0,Not Applicable,Not Applicable,No,Not Applicable,269,Cash,40,3.2,4.2
2024-07-31 06:26:00,CNR4999234923,Canceled by Driver,CID176320,Auto,Jayanagar,Langford Town,,,Not Applicable,More than permitted people in there,Not Applicable,Not Applicable,296,Not Applicable,0,,
2024-07-31 13:49:00,CNR5097755060,Success,CID982967,Auto,Chickpet,Shivajinagar,217.0,145.0,Not Applicable,Not Applicable,No,Not Applicable,397,Cash,18,3.5,4.6
2024-07-31 18:52:00,CNR4560084550,Driver Not Found,CID586918,Prime Sedan,Langford Town,Chamarajpet,,,Not Applicable,Not Applicable,Not Applicable,Not Applicable,391,Not Applicable,0,,
2024-07-31 08:54:00,CNR6106996155,Success,CID865431,Prime SUV,Tumkur Road,Devanahalli,196.0,110.0,Not Applicable,Not Applicable,No,Not Applicable,347,Cash,9,4.9,3.8
2024-07-31 14:20:00,CNR8542188595,Success,CID688235,Auto,Hosur Road,Rajajinagar,154.0,100.0,Not Applicable,Not Applicable,No,Not Applicable,290,UPI,17,3.3,4.1
2024-07-31 07:28:00,CNR6149926147,Success,CID234124,Prime Plus,Sahakar Nagar,Electronic City,217.0,55.0,Not Applicable,Not Applicable,No,Not Applicable,478,UPI,4,4.3,4.0
2024-07-31 23:08:00,CNR3988863929,Success,CID797298,eBike,Hennur,KR Puram,105.0,75.0,Not Applicable,Not Applicable,No,Not Applicable,264,Cash,27,3.2,3.6
2024-07-31 09:20:00,CNR1788241780,Success,CID410087,Prime Plus,Frazer Town,Ramamurthy Nagar,196.0,95.0,Not Applicable,Not Applicable,No,Not Applicable,324,Cash,49,4.8,3.3
2024-07-31 16:41:00,CNR7744407710,Driver Not Found,CID820541,Prime Sedan,RT Nagar,Bannerghatta Road,,,Not Applicable,Not Applicable,Not Applicable,Not Applicable,438,Not Applicable,0,,
2024-07-31 11:54:00,CNR8134588105,Success,CID930699,Prime SUV,Bellandur,Kengeri,287.0,65.0,Not Applicable,Not Applicable,No,Not Applicable,285,Cash,8,4.2,4.8
2024-07-31 17:26:00,CNR4627554672,Success,CID129124,Prime Sedan,Banashankari,Whitefield,217.0,135.0,Not Applicable,Not Applicable,No,Not Applicable,493,UPI,5,4.3,4.2
2024-07-31 16:48:00,CNR5245485272,Canceled by Driver,CID627109,Prime Plus,KR Puram,Marathahalli,,,Not Applicable,Customer was coughing/sick,Not Applicable,Not Applicable,470,Not Applicable,0,,
2024-07-31 21:47:00,CNR8513178535,Success,CID520411,Bike,Nagarbhavi,Bannerghatta Road,210.0,90.0,Not Applicable,Not Applicable,Yes,Customer Demand,155,UPI,27,4.5,3.2
2024-07-31 06:01:00,CNR6514746548,Success,CID523299,Bike,Varthur,Magadi Road,280.0,60.0,Not Applicable,Not Applicable,No,Not Applicable,139,Cash,31,3.7,3.6
2024-07-31 17:43:00,CNR3009573096,Success,CID738485,Auto,Devanahalli,Indiranagar,280.0,25.0,Not Applicable,Not Applicable,No,Not Applicable,2851,UPI,2,3.8,3.4
2024-07-31 23:02:00,CNR6859706844,Canceled by Customer,CID476455,eBike,Ramamurthy Nagar,Tumkur Road,,,Wrong Address,Not Applicable,Not Applicable,Not Applicable,2638,Not Applicable,0,,
2024-07-31 11:37:00,CNR5110235106,Success,CID459050,Prime Sedan,MG Road,Hosur Road,147.0,95.0,Not Applicable,Not Applicable,Yes,Other Issue,426,UPI,15,3.9,3.9
2024-07-31 17:54:00,CNR4655964676,Success,CID586363,Mini,Hebbal,Marathahalli,196.0,105.0,Not Applicable,Not Applicable,No,Not Applicable,579,Cash,20,3.5,3.6
2024-07-31 13:37:00,CNR8270888282,Success,CID421931,Mini,Jayanagar,Yeshwanthpur,175.0,145.0,Not Applicable,Not Applicable,No,Not Applicable,358,Cash,42,4.1,4.6
2024-07-31 12:00:00,CNR7261927249,Success,CID719773,Bike,Majestic,Rajarajeshwari Nagar,105.0,110.0,Not Applicable,Not Applicable,No,Not Applicable,165,UPI,37,3.7,4.5
2024-07-31 22:06:00,CNR5925255961,Driver Not Found,CID339674,Auto,Peenya,Richmond Town,,,Not Applicable,Not Applicable,Not Applicable,Not Applicable,2684,Not Applicable,0,,
2024-07-31 01:39:00,CNR5798465743,Success,CID947691,Prime Sedan,Nagarbhavi,Ramamurthy Nagar,301.0,125.0,Not Applicable,Not Applicable,No,Not Applicable,145,Credit Card,3,3.6,3.2
2024-07-31 06:16:00,CNR7854237807,Success,CID912142,Prime Plus,Basavanagudi,RT Nagar,70.0,75.0,Not Applicable,Not Applicable,No,Not Applicable,336,UPI,13,3.9,3.4
2024-07-31 09:29:00,CNR7138117127,Success,CID440642,Prime SUV,Hulimavu,Sarjapur Road,42.0,40.0,Not Applicable,Not Applicable,Yes,Vehicle Breakdown,589,Cash,10,4.0,4.5
2024-07-31 09:41:00,CNR8169768143,Success,CID263485,Prime Plus,Hulimavu,Richmond Town,70.0,125.0,Not Applicable,Not Applicable,No,Not Applicable,184,UPI,19,3.9,4.2
2024-07-31 07:49:00,CNR8260558265,Success,CID667686,eBike,Chickpet,Whitefield,245.0,60.0,Not Applicable,Not Applicable,No,Not Applicable,250,UPI,3,5.0,4.8
2024-07-31 01:56:00,CNR2724112731,Success,CID838782,Prime SUV,Cox Town,Ramamurthy Nagar,266.0,80.0,Not Applicable,Not Applicable,No,Not Applicable,342,Cash,33,4.0,3.7
2024-07-31 12:46:00,CNR5876205893,Success,CID724717,Mini,Electronic City,Padmanabhanagar,70.0,140.0,Not Applicable,Not Applicable,No,Not Applicable,665,Cash,24,3.9,3.3
2024-07-31 10:12:00,CNR2970142900,Success,CID843412,Mini,Mysore Road,Banashankari,203.0,115.0,Not Applicable,Not Applicable,No,Not Applicable,217,Cash,6,4.4,4.4
2024-07-31 23:31:00,CNR4362694369,Success,CID654749,Prime Sedan,Frazer Town,Bannerghatta Road,63.0,140.0,Not Applicable,Not Applicable,No,Not Applicable,358,Credit Card,36,4.6,3.2
2024-07-31 02:34:00,CNR6344326315,Success,CID778590,eBike,Hennur,Kengeri,133.0,60.0,Not Applicable,Not Applicable,Yes,Other Issue,206,Cash,17,3.5,4.5
2024-07-31 01:35:00,CNR6394076359,Canceled by Customer,CID132002,Auto,Kammanahalli,Peenya,,,Driver is not moving towards pickup location,Not Applicable,Not Applicable,Not Applicable,336,Not Applicable,0,,
2024-07-31 17:46:00,CNR9433559415,Success,CID955162,Prime Sedan,Padmanabhanagar,Bellandur,63.0,140.0,Not Applicable,Not Applicable,No,Not Applicable,474,UPI,10,4.2,4.5
2024-07-31 14:13:00,CNR7344427333,Success,CID563302,Mini,Indiranagar,JP Nagar,217.0,50.0,Not Applicable,Not Applicable,Yes,Other Issue,360,UPI,39,5.0,4.3
2024-07-31 13:55:00,CNR5730675730,Success,CID180372,Bike,Sahakar Nagar,Shantinagar,294.0,55.0,Not Applicable,Not Applicable,No,Not Applicable,157,UPI,27,3.6,3.4
2024-07-31 08:46:00,CNR7777817722,Canceled by Driver,CID390559,Prime Sedan,Ulsoor,Nagarbhavi,,,Not Applicable,Personal & Car related issue,Not Applicable,Not Applicable,644,Not Applicable,0,,
2024-07-31 17:21:00,CNR8288288202,Success,CID880766,Prime Plus,Indiranagar,Kadugodi,140.0,55.0,Not Applicable,Not Applicable,No,Not Applicable,379,UPI,36,4.5,3.6
2024-07-31 15:05:00,CNR2028892038,Success,CID888203,Prime SUV,Ramamurthy Nagar,Ulsoor,91.0,80.0,Not Applicable,Not Applicable,No,Not Applicable,451,Cash,8,3.9,4.7
2024-07-31 01:28:00,CNR2114812100,Canceled by Customer,CID479845,Mini,Rajarajeshwari Nagar,Marathahalli,,,Driver is not moving towards pickup location,Not Applicable,Not Applicable,Not Applicable,2681,Not Applicable,0,,
2024-07-31 06:15:00,CNR1478061407,Canceled by Driver,CID963222,eBike,Langford Town,Sahakar Nagar,,,Not Applicable,Customer related issue,Not Applicable,Not Applicable,577,Not Applicable,0,,
2024-07-31 18:03:00,CNR5299235232,Canceled by Driver,CID656452,Prime SUV,JP Nagar,Magadi Road,,,Not Applicable,Customer was coughing/sick,Not Applicable,Not Applicable,150,Not Applicable,0,,
2024-07-31 10:36:00,CNR2977532926,Canceled by Driver,CID297119,Prime Sedan,Bellandur,Hosur Road,,,Not Applicable,More than permitted people in there,Not Applicable,Not Applicable,260,Not Applicable,0,,
2024-07-31 04:45:00,CNR8947098926,Success,CID335950,Bike,Ulsoor,Koramangala,175.0,100.0,Not Applicable,Not Applicable,No,Not Applicable,830,Cash,17,3.1,3.4
2024-07-31 14:29:00,CNR2399312362,Success,CID233154,Prime Plus,Kengeri,Marathahalli,259.0,130.0,Not Applicable,Not Applicable,No,Not Applicable,218,Cash,47,3.5,4.1
2024-07-31 20:14:00,CNR8843148825,Success,CID947173,Bike,Hebbal,Malleshwaram,112.0,140.0,Not Applicable,Not Applicable,No,Not Applicable,180,UPI,21,4.6,4.8
2024-07-31 18:34:00,CNR3691033690,Success,CID545970,Prime SUV,Bellandur,Mysore Road,91.0,105.0,Not Applicable,Not Applicable,No,Not Applicable,100,UPI,43,3.3,3.7
2024-07-31 15:04:00,CNR5285125273,Success,CID888630,Prime Plus,KR Puram,HSR Layout,273.0,130.0,Not Applicable,Not Applicable,No,Not Applicable,375,Cash,37,3.6,3.0
2024-07-31 05:16:00,CNR9735569724,Success,CID203481,eBike,Hebbal,Kengeri,168.0,60.0,Not Applicable,Not Applicable,No,Not Applicable,939,Cash,43,4.3,3.3
2024-07-31 11:52:00,CNR7506637566,Success,CID293107,Prime Sedan,Yeshwanthpur,Whitefield,287.0,115.0,Not Applicable,Not Applicable,No,Not Applicable,207,Cash,10,4.7,3.2
2024-07-31 21:07:00,CNR7810417822,Success,CID457076,Prime SUV,Rajarajeshwari Nagar,Hulimavu,196.0,115.0,Not Applicable,Not Applicable,No,Not Applicable,959,Cash,20,3.6,3.7
2024-07-31 21:53:00,CNR5612035652,Driver Not Found,CID429255,Prime SUV,HSR Layout,Varthur,,,Not Applicable,Not Applicable,Not Applicable,Not Applicable,434,Not Applicable,0,,
2024-07-31 10:30:00,CNR2442112458,Canceled by Driver,CID761556,Auto,Ramamurthy Nagar,Yeshwanthpur,,,Not Applicable,Customer was coughing/sick,Not Applicable,Not Applicable,1181,Not Applicable,0,,
2024-07-31 21:53:00,CNR9525349573,Canceled by Driver,CID555170,Prime Plus,Peenya,Yelahanka,,,Not Applicable,Customer related issue,Not Applicable,Not Applicable,450,Not Applicable,0,,
2024-07-31 01:37:00,CNR2689882671,Success,CID990226,eBike,Banashankari,Richmond Town,168.0,85.0,Not Applicable,Not Applicable,No,Not Applicable,333,Cash,6,3.8,4.6
2024-07-31 05:17:00,CNR1937601930,Success,CID489167,Prime Sedan,KR Puram,Devanahalli,301.0,110.0,Not Applicable,Not Applicable,No,Not Applicable,130,UPI,9,4.9,3.3
2024-07-31 09:05:00,CNR1506441576,Success,CID770225,Auto,Indiranagar,Langford Town,161.0,80.0,Not Applicable,Not Applicable,No,Not Applicable,144,Cash,10,4.1,3.5
2024-07-31 08:50:00,CNR6665276687,Success,CID484756,Auto,Nagarbhavi,Magadi Road,147.0,50.0,Not Applicable,Not Applicable,No,Not Applicable,961,UPI,2,4.3,3.8
2024-07-31 22:38:00,CNR5239475214,Canceled by Customer,CID288996,Prime Sedan,Majestic,Malleshwaram,,,Driver asked to cancel,Not Applicable,Not Applicable,Not Applicable,604,Not Applicable,0,,
2024-07-31 09:06:00,CNR3685943696,Success,CID422381,Auto,Majestic,Kadugodi,91.0,85.0,Not Applicable,Not Applicable,No,Not Applicable,342,UPI,1,4.3,3.9
2024-07-31 00:23:00,CNR8507908589,Canceled by Customer,CID488426,Mini,Malleshwaram,Kammanahalli,,,Driver is not moving towards pickup location,Not Applicable,Not Applicable,Not Applicable,409,Not Applicable,0,,
2024-07-31 21:00:00,CNR3061213050,Success,CID254802,Prime Sedan,Marathahalli,Kengeri,105.0,25.0,Not Applicable,Not Applicable,No,Not Applicable,489,UPI,12,4.7,4.2
2024-07-31 22:06:00,CNR8201368248,Canceled by Driver,CID831076,Auto,Kammanahalli,JP Nagar,,,Not Applicable,Personal & Car related issue,Not Applicable,Not Applicable,929,Not Applicable,0,,
2024-07-31 19:09:00,CNR8258728277,Success,CID243551,Mini,BTM Layout,Basavanagudi,133.0,45.0,Not Applicable,Not Applicable,No,Not Applicable,346,Cash,22,4.2,3.3
2024-07-31 23:25:00,CNR8263498229,Success,CID350287,Mini,Rajajinagar,Kengeri,259.0,120.0,Not Applicable,Not Applicable,No,Not Applicable,793,Credit Card,9,3.6,3.8
2024-07-31 11:37:00,CNR2924332972,Success,CID970989,Prime Sedan,Rajajinagar,Basavanagudi,224.0,65.0,Not Applicable,Not Applicable,No,Not Applicable,469,UPI,28,4.3,3.5
2024-07-31 06:23:00,CNR7143087109,Success,CID452595,eBike,Rajarajeshwari Nagar,Chickpet,161.0,95.0,Not Applicable,Not Applicable,No,Not Applicable,233,UPI,40,3.7,4.1
2024-07-31 01:43:00,CNR9623779633,Canceled by Driver,CID798617,Prime Plus,JP Nagar,Sarjapur Road,,,Not Applicable,Customer was coughing/sick,Not Applicable,Not Applicable,401,Not Applicable,0,,
2024-07-31 20:30:00,CNR7357787314,Success,CID460519,Auto,Malleshwaram,Electronic City,175.0,55.0,Not Applicable,Not Applicable,No,Not Applicable,207,UPI,4,4.8,5.0
2024-07-31 10:37:00,CNR8037188070,Canceled by Driver,CID676697,Prime Sedan,Frazer Town,Indiranagar,,,Not Applicable,Customer was coughing/sick,Not Applicable,Not Applicable,351,Not Applicable,0,,
2024-07-31 04:11:00,CNR7693457643,Success,CID709679,Bike,Ulsoor,KR Puram,140.0,45.0,Not Applicable,Not Applicable,No,Not Applicable,402,Cash,2,4.9,3.1
2024-07-31 13:41:00,CNR5930605920,Success,CID374655,Prime Plus,Hennur,KR Puram,175.0,50.0,Not Applicable,Not Applicable,No,Not Applicable,624,UPI,38,3.4,4.7
2024-07-31 23:29:00,CNR3550673558,Canceled by Driver,CID994763,Mini,RT Nagar,Electronic City,,,Not Applicable,Customer related issue,Not Applicable,Not Applicable,945,Not Applicable,0,,
2024-07-31 19:37:00,CNR5954305902,Success,CID485857,Prime Sedan,Shantinagar,Hosur Road,56.0,135.0,Not Applicable,Not Applicable,No,Not Applicable,295,UPI,28,3.3,3.8
2024-07-31 08:41:00,CNR6947236938,Canceled by Customer,CID616438,Auto,RT Nagar,Chickpet,,,Driver is not moving towards pickup location,Not Applicable,Not Applicable,Not Applicable,718,Not Applicable,0,,
2024-07-31 20:37:00,CNR3963363989,Canceled by Driver,CID739527,Auto,Marathahalli,MG Road,,,Not Applicable,Personal & Car related issue,Not Applicable,Not Applicable,963,Not Applicable,0,,
2024-07-31 08:20:00,CNR7924247947,Canceled by Driver,CID312192,Bike,Rajajinagar,Ramamurthy Nagar,,,Not Applicable,Personal & Car related issue,Not Applicable,Not Applicable,1869,Not Applicable,0,,
2024-07-31 19:59:00,CNR5543455515,Success,CID646862,Prime SUV,Cox Town,HSR Layout,70.0,40.0,Not Applicable,Not Applicable,No,Not Applicable,918,UPI,9,4.4,3.5
2024-07-31 14:15:00,CNR5193775193,Success,CID554587,Auto,Majestic,Majestic,35.0,60.0,Not Applicable,Not Applicable,No,Not Applicable,134,UPI,16,4.9,4.4
2024-07-31 04:32:00,CNR6935306987,Success,CID701686,Prime Plus,Chickpet,Bellandur,56.0,125.0,Not Applicable,Not Applicable,No,Not Applicable,345,UPI,21,3.6,3.6
2024-07-31 12:18:00,CNR1482161447,Success,CID670988,Prime Plus,Chamarajpet,Hennur,231.0,140.0,Not Applicable,Not Applicable,No,Not Applicable,924,UPI,30,4.8,3.6
2024-07-31 07:32:00,CNR2856502862,Success,CID149705,eBike,Nagarbhavi,Sarjapur Road,49.0,35.0,Not Applicable,Not Applicable,No,Not Applicable,373,Cash,11,4.7,4.7
2024-07-31 10:04:00,CNR7711597792,Success,CID171490,Mini,Varthur,Nagarbhavi,91.0,65.0,Not Applicable,Not Applicable,No,Not Applicable,375,Cash,29,4.0,4.4
2024-07-31 02:26:00,CNR9069119039,Success,CID491409,Mini,Rajarajeshwari Nagar,Hennur,56.0,45.0,Not Applicable,Not Applicable,No,Not Applicable,268,Cash,7,4.5,3.6
2024-07-31 16:33:00,CNR5796115793,Success,CID282183,Auto,Hosur Road,JP Nagar,91.0,65.0,Not Applicable,Not Applicable,No,Not Applicable,519,Cash,2,3.5,4.3
2024-07-31 04:51:00,CNR6819136854,Success,CID467155,Bike,Majestic,Langford Town,126.0,60.0,Not Applicable,Not Applicable,No,Not Applicable,141,Cash,12,3.6,3.8
2024-07-31 22:46:00,CNR7025477087,Success,CID951895,Bike,RT Nagar,JP Nagar,308.0,85.0,Not Applicable,Not Applicable,No,Not Applicable,186,UPI,38,4.1,3.8
2024-07-31 07:49:00,CNR4108154143,Success,CID111601,Prime Sedan,Langford Town,Langford Town,301.0,140.0,Not Applicable,Not Applicable,No,Not Applicable,982,Cash,16,4.3,4.7
2024-07-31 02:23:00,CNR8750838792,Canceled by Driver,CID462303,Prime Plus,Shivajinagar,JP Nagar,,,Not Applicable,Personal & Car related issue,Not Applicable,Not Applicable,218,Not Applicable,0,,
2024-07-31 03:11:00,CNR4178464160,Success,CID955988,Mini,Shantinagar,Magadi Road,98.0,30.0,Not Applicable,Not Applicable,No,Not Applicable,803,Cash,14,3.5,4.8
2024-07-31 12:00:00,CNR4723464730,Success,CID715681,Prime Sedan,Hebbal,Jayanagar,168.0,45.0,Not Applicable,Not Applicable,No,Not Applicable,389,Credit Card,46,3.1,3.8
2024-07-31 05:31:00,CNR3716343717,Canceled by Driver,CID384320,eBike,Nagarbhavi,RT Nagar,,,Not Applicable,More than permitted people in there,Not Applicable,Not Applicable,135,Not Applicable,0,,
2024-07-31 18:01:00,CNR3429653417,Success,CID424602,eBike,Sarjapur Road,Bannerghatta Road,147.0,35.0,Not Applicable,Not Applicable,No,Not Applicable,432,UPI,5,4.9,4.3
2024-07-31 23:16:00,CNR3697533600,Success,CID882123,Bike,Devanahalli,Yeshwanthpur,294.0,45.0,Not Applicable,Not Applicable,No,Not Applicable,424,Cash,14,4.4,4.2
2024-07-31 21:49:00,CNR5162975181,Canceled by Customer,CID305943,Mini,Chamarajpet,BTM Layout,,,Driver is not moving towards pickup location,Not Applicable,Not Applicable,Not Applicable,1866,Not Applicable,0,,
2024-07-31 03:32:00,CNR6697646672,Success,CID695232,Prime SUV,Kengeri,Majestic,70.0,55.0,Not Applicable,Not Applicable,No,Not Applicable,2981,Cash,14,3.0,4.7
2024-07-31 13:42:00,CNR8990538934,Success,CID998400,Bike,Hosur Road,Malleshwaram,189.0,110.0,Not Applicable,Not Applicable,No,Not Applicable,719,Cash,27,3.9,3.7
2024-07-31 10:27:00,CNR7798217734,Canceled by Customer,CID545024,eBike,Electronic City,Hosur Road,,,Driver is not moving towards pickup location,Not Applicable,Not Applicable,Not Applicable,499,Not Applicable,0,,
2024-07-31 10:03:00,CNR3244893264,Driver Not Found,CID960832,eBike,Bellandur,MG Road,,,Not Applicable,Not Applicable,Not Applicable,Not Applicable,454,Not Applicable,0,,
2024-07-31 14:04:00,CNR6341786354,Success,CID112187,Prime SUV,Shantinagar,Kammanahalli,56.0,105.0,Not Applicable,Not Applicable,No,Not Applicable,242,UPI,44,4.4,4.8
2024-07-31 21:53:00,CNR4659534658,Success,CID197262,Mini,KR Puram,Shivajinagar,126.0,140.0,Not Applicable,Not Applicable,No,Not Applicable,663,Cash,15,4.5,5.0
2024-07-31 23:06:00,CNR7264697296,Success,CID124038,Mini,Sarjapur Road,Padmanabhanagar,147.0,135.0,Not Applicable,Not Applicable,Yes,Customer Demand,442,Cash,43,3.5,5.0
2024-07-31 18:49:00,CNR1051461027,Canceled by Driver,CID465899,Auto,Hennur,HSR Layout,,,Not Applicable,Personal & Car related issue,Not Applicable,Not Applicable,454,Not Applicable,0,,
2024-07-31 13:18:00,CNR6267596293,Driver Not Found,CID993583,Prime Plus,Yelahanka,Whitefield,,,Not Applicable,Not Applicable,Not Applicable,Not Applicable,192,Not Applicable,0,,
2024-07-31 15:00:00,CNR7835107895,Success,CID573911,Auto,Electronic City,Vijayanagar,210.0,125.0,Not Applicable,Not Applicable,No,Not Applicable,253,Cash,9,4.0,3.0
2024-07-31 07:56:00,CNR4106644112,Success,CID723639,Prime SUV,Hulimavu,Banashankari,287.0,95.0,Not Applicable,Not Applicable,No,Not Applicable,446,Cash,14,4.6,3.1
2024-07-31 23:51:00,CNR9701329735,Driver Not Found,CID400089,Prime Plus,Basavanagudi,Richmond Town,,,Not Applicable,Not Applicable,Not Applicable,Not Applicable,345,Not Applicable,0,,
2024-07-31 23:13:00,CNR7782087765,Success,CID804711,Auto,Rajajinagar,Chickpet,259.0,115.0,Not Applicable,Not Applicable,No,Not Applicable,361,Cash,13,3.2,3.4
2024-07-31 14:53:00,CNR5818475848,Canceled by Customer,CID684645,Mini,Kammanahalli,Majestic,,,Wrong Address,Not Applicable,Not Applicable,Not Applicable,418,Not Applicable,0,,
2024-07-31 23:56:00,CNR7409367431,Driver Not Found,CID875801,Mini,Peenya,Tumkur Road,,,Not Applicable,Not Applicable,Not Applicable,Not Applicable,475,Not Applicable,0,,
2024-07-31 22:50:00,CNR2501842569,Canceled by Driver,CID229671,Bike,Padmanabhanagar,Hosur Road,,,Not Applicable,Customer related issue,Not Applicable,Not Applicable,370,Not Applicable,0,,
2024-07-31 19:10:00,CNR6247206294,Canceled by Customer,CID847706,eBike,Whitefield,Hennur,,,Driver asked to cancel,Not Applicable,Not Applicable,Not Applicable,291,Not Applicable,0,,
2024-07-31 16:33:00,CNR9517879556,Success,CID124602,Prime Plus,Kadugodi,Magadi Road,308.0,115.0,Not Applicable,Not Applicable,No,Not Applicable,283,Cash,2,3.3,3.1
2024-07-31 02:10:00,CNR3122303151,Success,CID864144,Prime Plus,Koramangala,Yelahanka,182.0,145.0,Not Applicable,Not Applicable,Yes,Vehicle Breakdown,105,UPI,16,4.9,3.4
2024-07-31 03:18:00,CNR3873363888,Success,CID101545,Mini,Basavanagudi,Marathahalli,259.0,75.0,Not Applicable,Not Applicable,No,Not Applicable,1918,Cash,38,3.4,4.3
2024-07-31 23:11:00,CNR6532086536,Success,CID527863,Mini,Chamarajpet,Indiranagar,105.0,100.0,Not Applicable,Not Applicable,No,Not Applicable,412,Cash,22,3.9,3.4
2024-07-31 19:48:00,CNR9294049221,Success,CID153868,Prime SUV,Sahakar Nagar,Kengeri,175.0,115.0,Not Applicable,Not Applicable,No,Not Applicable,110,Cash,3,4.4,3.9
2024-07-31 09:39:00,CNR5707335701,Canceled by Driver,CID917125,Prime SUV,Rajajinagar,Chickpet,,,Not Applicable,More than permitted people in there,Not Applicable,Not Applicable,294,Not Applicable,0,,
2024-07-31 09:55:00,CNR7485127419,Success,CID542417,Prime SUV,Shantinagar,Marathahalli,252.0,70.0,Not Applicable,Not Applicable,No,Not Applicable,571,UPI,28,3.9,3.0
2024-07-31 21:51:00,CNR7570537587,Canceled by Driver,CID462242,Mini,JP Nagar,Rajarajeshwari Nagar,,,Not Applicable,Customer related issue,Not Applicable,Not Applicable,187,Not Applicable,0,,
2024-07-31 00:06:00,CNR6992966987,Success,CID819742,Prime Plus,Padmanabhanagar,Rajajinagar,63.0,60.0,Not Applicable,Not Applicable,No,Not Applicable,364,Cash,15,3.3,4.0
2024-07-31 08:54:00,CNR4035774029,Success,CID970067,eBike,Langford Town,Vijayanagar,161.0,65.0,Not Applicable,Not Applicable,No,Not Applicable,241,Cash,30,4.5,4.0
2024-07-31 00:45:00,CNR6341306398,Success,CID506447,Prime SUV,Hebbal,Frazer Town,245.0,70.0,Not Applicable,Not Applicable,No,Not Applicable,290,UPI,39,3.8,3.3
2024-07-31 18:45:00,CNR5413235457,Success,CID324049,Mini,Hulimavu,Rajarajeshwari Nagar,224.0,65.0,Not Applicable,Not Applicable,No,Not Applicable,915,Cash,22,4.6,3.5
2024-07-31 20:47:00,CNR9648289662,Canceled by Customer,CID989204,eBike,Yelahanka,MG Road,,,Driver asked to cancel,Not Applicable,Not Applicable,Not Applicable,746,Not Applicable,0,,
2024-07-31 10:02:00,CNR3180773107,Driver Not Found,CID950406,eBike,Bannerghatta Road,Shantinagar,,,Not Applicable,Not Applicable,Not Applicable,Not Applicable,427,Not Applicable,0,,
2024-07-31 21:53:00,CNR3924443952,Success,CID452123,Prime Plus,RT Nagar,Bannerghatta Road,42.0,75.0,Not Applicable,Not Applicable,No,Not Applicable,409,Cash,7,3.1,4.9
2024-07-31 06:22:00,CNR5705975777,Canceled by Driver,CID663872,Prime SUV,JP Nagar,Shantinagar,,,Not Applicable,More than permitted people in there,Not Applicable,Not Applicable,898,Not Applicable,0,,
2024-07-31 03:52:00,CNR2931812991,Success,CID992348,Auto,Hennur,Padmanabhanagar,175.0,95.0,Not Applicable,Not Applicable,No,Not Applicable,305,Cash,2,3.7,3.9
2024-07-31 07:57:00,CNR5973965940,Canceled by Customer,CID700861,Mini,JP Nagar,KR Puram,,,Change of plans,Not Applicable,Not Applicable,Not Applicable,2501,Not Applicable,0,,
2024-07-31 06:51:00,CNR7375757375,Success,CID348054,Prime Plus,JP Nagar,Mysore Road,112.0,110.0,Not Applicable,Not Applicable,No,Not Applicable,2926,UPI,43,4.5,4.1
2024-07-31 21:19:00,CNR1806901872,Canceled by Driver,CID691524,Auto,Banashankari,Kengeri,,,Not Applicable,Customer related issue,Not Applicable,Not Applicable,463,Not Applicable,0,,
2024-07-31 18:50:00,CNR8470208442,Success,CID478385,Auto,Kammanahalli,BTM Layout,133.0,130.0,Not Applicable,Not Applicable,No,Not Applicable,717,Cash,16,3.7,3.7
2024-07-31 02:03:00,CNR8611988692,Success,CID842293,Prime SUV,BTM Layout,Richmond Town,42.0,40.0,Not Applicable,Not Applicable,No,Not Applicable,214,UPI,17,4.1,3.5
2024-07-31 01:05:00,CNR3035233016,Success,CID800910,Mini,Bellandur,Peenya,161.0,100.0,Not Applicable,Not Applicable,No,Not Applicable,434,UPI,35,3.4,4.9
2024-07-31 03:01:00,CNR1576771593,Success,CID142070,Mini,Banashankari,Bellandur,210.0,145.0,Not Applicable,Not Applicable,No,Not Applicable,318,UPI,49,4.7,3.3
2024-07-31 06:31:00,CNR4313044313,Driver Not Found,CID217346,Prime Plus,Langford Town,Cox Town,,,Not Applicable,Not Applicable,Not Applicable,Not Applicable,247,Not Applicable,0,,
2024-07-31 21:48:00,CNR4034364050,Success,CID448471,Prime Sedan,Bellandur,Kengeri,175.0,70.0,Not Applicable,Not Applicable,No,Not Applicable,207,Cash,17,3.4,3.3
2024-07-31 11:36:00,CNR8117038141,Success,CID461730,eBike,Electronic City,Langford Town,287.0,125.0,Not Applicable,Not Applicable,No,Not Applicable,172,Cash,36,3.5,3.5
2024-07-31 11:05:00,CNR1807951852,Success,CID756591,Prime Plus,Hulimavu,Yelahanka,301.0,100.0,Not Applicable,Not Applicable,No,Not Applicable,108,Cash,40,3.3,4.9
2024-07-31 07:56:00,CNR3562283515,Success,CID717188,Prime Sedan,Marathahalli,Hulimavu,259.0,80.0,Not Applicable,Not Applicable,Yes,Vehicle Breakdown,230,Cash,35,4.6,4.9
2024-07-31 16:55:00,CNR6609136664,Success,CID894563,Mini,Chickpet,Chickpet,77.0,145.0,Not Applicable,Not Applicable,No,Not Applicable,391,UPI,37,3.5,4.9
2024-07-31 07:28:00,CNR5001405020,Canceled by Customer,CID973188,eBike,Shivajinagar,Yelahanka,,,Driver is not moving towards pickup location,Not Applicable,Not Applicable,Not Applicable,189,Not Applicable,0,,
2024-07-31 12:34:00,CNR2306952303,Success,CID655347,Prime SUV,Chickpet,Sarjapur Road,35.0,145.0,Not Applicable,Not Applicable,No,Not Applicable,355,Cash,40,4.5,3.9
2024-07-31 18:36:00,CNR7076167089,Success,CID385173,Auto,Chickpet,Frazer Town,189.0,125.0,Not Applicable,Not Applicable,No,Not Applicable,205,Cash,10,5.0,3.7
2024-07-31 01:43:00,CNR7194317156,Success,CID658603,Prime Plus,Shantinagar,Marathahalli,266.0,85.0,Not Applicable,Not Applicable,No,Not Applicable,738,Cash,20,3.8,3.4
2024-07-31 23:57:00,CNR9122409155,Success,CID724071,Prime SUV,Banashankari,Devanahalli,63.0,45.0,Not Applicable,Not Applicable,No,Not Applicable,217,Cash,4,4.9,4.9
2024-07-31 03:08:00,CNR6251216247,Success,CID618304,Auto,HSR Layout,Mysore Road,119.0,50.0,Not Applicable,Not Applicable,No,Not Applicable,217,Cash,19,3.5,4.8
2024-07-31 02:09:00,CNR2740482779,Success,CID105206,Auto,Hennur,Hennur,133.0,145.0,Not Applicable,Not Applicable,No,Not Applicable,394,Cash,4,3.6,3.2
2024-07-31 05:03:00,CNR7884167865,Canceled by Driver,CID941565,Prime SUV,BTM Layout,Hosur Road,,,Not Applicable,More than permitted people in there,Not Applicable,Not Applicable,948,Not Applicable,0,,
2024-07-31 01:57:00,CNR7096957022,Success,CID353156,Mini,Ulsoor,Ramamurthy Nagar,147.0,100.0,Not Applicable,Not Applicable,No,Not Applicable,553,Cash,15,4.1,4.8
2024-07-31 11:42:00,CNR7832107814,Success,CID553003,Prime Sedan,Peenya,Ulsoor,91.0,70.0,Not Applicable,Not Applicable,No,Not Applicable,930,UPI,43,3.8,4.1
2024-07-31 02:45:00,CNR2526922502,Driver Not Found,CID798737,Mini,Mysore Road,Kengeri,,,Not Applicable,Not Applicable,Not Applicable,Not Applicable,753,Not Applicable,0,,
2024-07-31 01:01:00,CNR4204384297,Canceled by Customer,CID132154,eBike,Shivajinagar,Hebbal,,,Change of plans,Not Applicable,Not Applicable,Not Applicable,473,Not Applicable,0,,
2024-07-31 00:23:00,CNR2813802898,Driver Not Found,CID314861,Prime SUV,Majestic,Nagarbhavi,,,Not Applicable,Not Applicable,Not Applicable,Not Applicable,458,Not Applicable,0,,
2024-07-31 06:39:00,CNR5876065878,Success,CID992357,Auto,Bannerghatta Road,MG Road,231.0,35.0,Not Applicable,Not Applicable,No,Not Applicable,1164,UPI,18,4.8,3.7
2024-07-31 18:17:00,CNR9788589753,Success,CID349707,Prime Plus,Magadi Road,Hosur Road,112.0,140.0,Not Applicable,Not Applicable,Yes,Customer Demand,350,Cash,32,4.6,4.6
2024-07-31 17:55:00,CNR7951637981,Success,CID638844,Bike,Electronic City,Ramamurthy Nagar,294.0,65.0,Not Applicable,Not Applicable,No,Not Applicable,491,Cash,28,4.3,3.0
2024-07-31 20:05:00,CNR1426771459,Success,CID453698,Prime Sedan,KR Puram,Kadugodi,49.0,40.0,Not Applicable,Not Applicable,No,Not Applicable,376,Cash,36,4.5,3.4
2024-07-31 09:14:00,CNR7964457944,Success,CID409821,Auto,Nagarbhavi,Richmond Town,287.0,30.0,Not Applicable,Not Applicable,No,Not Applicable,393,Cash,15,4.8,3.2
2024-07-31 04:09:00,CNR3572533549,Driver Not Found,CID475934,eBike,Devanahalli,Hebbal,,,Not Applicable,Not Applicable,Not Applicable,Not Applicable,274,Not Applicable,0,,
2024-07-31 16:44:00,CNR8496028422,Success,CID831503,Prime SUV,Magadi Road,Sahakar Nagar,224.0,85.0,Not Applicable,Not Applicable,No,Not Applicable,433,Cash,9,4.9,4.1
2024-07-31 04:15:00,CNR5847225855,Success,CID189950,Prime Plus,Hebbal,Frazer Town,84.0,145.0,Not Applicable,Not Applicable,No,Not Applicable,192,Cash,21,4.0,4.0
2024-07-31 23:31:00,CNR8336378320,Success,CID540732,Prime Sedan,Banashankari,Marathahalli,84.0,65.0,Not Applicable,Not Applicable,No,Not Applicable,976,Cash,10,3.7,4.4
2024-07-31 08:13:00,CNR8037838034,Driver Not Found,CID310668,Prime Sedan,Koramangala,HSR Layout,,,Not Applicable,Not Applicable,Not Applicable,Not Applicable,329,Not Applicable,0,,
2024-07-31 16:49:00,CNR3219213256,Canceled by Customer,CID485504,Prime SUV,Bannerghatta Road,Indiranagar,,,Wrong Address,Not Applicable,Not Applicable,Not Applicable,272,Not Applicable,0,,
2024-07-31 20:38:00,CNR8023148022,Success,CID673757,Bike,Bannerghatta Road,Magadi Road,196.0,130.0,Not Applicable,Not Applicable,No,Not Applicable,340,Cash,49,4.7,4.1
2024-07-31 10:03:00,CNR1431411440,Canceled by Driver,CID472749,Prime Plus,Basavanagudi,Basavanagudi,,,Not Applicable,Customer related issue,Not Applicable,Not Applicable,564,Not Applicable,0,,
2024-07-31 17:32:00,CNR8762688786,Success,CID670567,Auto,Basavanagudi,Kadugodi,98.0,85.0,Not Applicable,Not Applicable,No,Not Applicable,745,UPI,12,4.3,4.4
2024-07-31 12:09:00,CNR7685287641,Success,CID317332,Bike,JP Nagar,RT Nagar,217.0,55.0,Not Applicable,Not Applicable,No,Not Applicable,381,UPI,29,4.9,3.5
2024-07-31 09:06:00,CNR6454636470,Canceled by Customer,CID428166,Prime Plus,Vijayanagar,Tumkur Road,,,Wrong Address,Not Applicable,Not Applicable,Not Applicable,413,Not Applicable,0,,
2024-07-31 13:49:00,CNR7991927917,Success,CID250046,Mini,JP Nagar,Hebbal,301.0,110.0,Not Applicable,Not Applicable,No,Not Applicable,730,Cash,22,3.8,4.6
2024-07-31 02:07:00,CNR9543039509,Success,CID796778,Prime Plus,Majestic,MG Road,175.0,55.0,Not Applicable,Not Applicable,No,Not Applicable,295,Credit Card,14,3.5,3.7
2024-07-31 05:57:00,CNR8243318287,Success,CID598194,eBike,Varthur,Yeshwanthpur,252.0,75.0,Not Applicable,Not Applicable,No,Not Applicable,108,UPI,43,4.1,3.9
2024-07-31 09:42:00,CNR1431161456,Canceled by Customer,CID426820,eBike,Mysore Road,Shivajinagar,,,Driver asked to cancel,Not Applicable,Not Applicable,Not Applicable,459,Not Applicable,0,,
2024-07-31 10:00:00,CNR3266223291,Success,CID399949,Mini,Whitefield,Jayanagar,112.0,115.0,Not Applicable,Not Applicable,No,Not Applicable,254,UPI,44,3.1,4.5
2024-07-31 16:26:00,CNR8134398127,Canceled by Driver,CID356015,Prime SUV,JP Nagar,Bannerghatta Road,,,Not Applicable,Customer was coughing/sick,Not Applicable,Not Applicable,494,Not Applicable,0,,
2024-07-31 20:47:00,CNR1430571411,Success,CID985828,Mini,Malleshwaram,Hennur,147.0,75.0,Not Applicable,Not Applicable,No,Not Applicable,118,Cash,14,4.2,4.4
2024-07-31 09:47:00,CNR4969334906,Canceled by Customer,CID564638,eBike,Peenya,Koramangala,,,Change of plans,Not Applicable,Not Applicable,Not Applicable,361,Not Applicable,0,,
2024-07-31 16:25:00,CNR9001029098,Success,CID234084,eBike,Shivajinagar,Kadugodi,273.0,80.0,Not Applicable,Not Applicable,No,Not Applicable,202,Credit Card,5,3.3,4.6
2024-07-31 06:38:00,CNR8745658778,Canceled by Driver,CID174110,eBike,Marathahalli,Magadi Road,,,Not Applicable,Personal & Car related issue,Not Applicable,Not Applicable,2642,Not Applicable,0,,
2024-07-31 01:50:00,CNR9040159013,Success,CID296147,Prime Sedan,Tumkur Road,Kengeri,203.0,65.0,Not Applicable,Not Applicable,No,Not Applicable,498,UPI,3,4.6,4.4
2024-07-31 21:43:00,CNR1834391899,Canceled by Customer,CID151544,Prime SUV,Whitefield,Langford Town,,,Change of plans,Not Applicable,Not Applicable,Not Applicable,240,Not Applicable,0,,
2024-07-31 11:22:00,CNR3464613457,Success,CID293784,Mini,Frazer Town,Hebbal,161.0,95.0,Not Applicable,Not Applicable,No,Not Applicable,399,Cash,22,4.2,3.1
2024-07-31 23:35:00,CNR3371893328,Canceled by Driver,CID980629,Bike,Jayanagar,Bellandur,,,Not Applicable,Customer was coughing/sick,Not Applicable,Not Applicable,303,Not Applicable,0,,
2024-07-31 08:55:00,CNR9596289514,Success,CID620964,Bike,Varthur,Ramamurthy Nagar,91.0,40.0,Not Applicable,Not Applicable,No,Not Applicable,261,UPI,30,4.8,4.9
2024-07-31 00:47:00,CNR6690096683,Success,CID704893,Prime Sedan,BTM Layout,JP Nagar,70.0,65.0,Not Applicable,Not Applicable,No,Not Applicable,340,Debit Card,23,4.9,3.2
2024-07-31 03:13:00,CNR6539726521,Canceled by Customer,CID401934,Mini,Ramamurthy Nagar,Sahakar Nagar,,,Driver is not moving towards pickup location,Not Applicable,Not Applicable,Not Applicable,662,Not Applicable,0,,
2024-07-31 05:43:00,CNR5259455249,Success,CID945925,Prime Plus,Hulimavu,Whitefield,245.0,140.0,Not Applicable,Not Applicable,No,Not Applicable,569,Cash,44,4.5,4.0
2024-07-31 21:53:00,CNR4923584959,Canceled by Driver,CID336152,eBike,Sarjapur Road,HSR Layout,,,Not Applicable,Customer was coughing/sick,Not Applicable,Not Applicable,185,Not Applicable,0,,
2024-07-31 06:13:00,CNR7093917004,Canceled by Customer,CID545922,Prime SUV,KR Puram,Kengeri,,,Change of plans,Not Applicable,Not Applicable,Not Applicable,322,Not Applicable,0,,
2024-07-31 00:44:00,CNR6169776185,Canceled by Driver,CID683200,Prime Sedan,JP Nagar,Bellandur,,,Not Applicable,Customer was coughing/sick,Not Applicable,Not Applicable,279,Not Applicable,0,,
2024-07-31 09:53:00,CNR6174796190,Success,CID586065,eBike,Kadugodi,Langford Town,294.0,100.0,Not Applicable,Not Applicable,No,Not Applicable,468,Cash,36,3.1,3.7
2024-07-31 00:47:00,CNR3713873718,Success,CID683457,Auto,Hebbal,Hebbal,35.0,135.0,Not Applicable,Not Applicable,No,Not Applicable,436,UPI,17,3.5,3.6
2024-07-31 21:42:00,CNR5474715475,Success,CID330754,Bike,JP Nagar,MG Road,252.0,140.0,Not Applicable,Not Applicable,No,Not Applicable,121,Cash,14,3.6,3.1
2024-07-31 14:04:00,CNR6331426300,Canceled by Driver,CID693495,Auto,Richmond Town,Nagarbhavi,,,Not Applicable,Customer related issue,Not Applicable,Not Applicable,1265,Not Applicable,0,,
2024-07-31 22:18:00,CNR8771228793,Canceled by Driver,CID328176,Auto,Yelahanka,Malleshwaram,,,Not Applicable,Customer was coughing/sick,Not Applicable,Not Applicable,409,Not Applicable,0,,
2024-07-31 02:16:00,CNR1943731931,Success,CID137186,Mini,Peenya,Rajarajeshwari Nagar,252.0,55.0,Not Applicable,Not Applicable,Yes,Vehicle Breakdown,303,UPI,34,5.0,4.8
2024-07-31 16:53:00,CNR3785363737,Canceled by Driver,CID363541,Prime Sedan,MG Road,Ulsoor,,,Not Applicable,Personal & Car related issue,Not Applicable,Not Applicable,339,Not Applicable,0,,
2024-07-31 04:23:00,CNR5577795549,Driver Not Found,CID638096,Prime Plus,Yeshwanthpur,Rajajinagar,,,Not Applicable,Not Applicable,Not Applicable,Not Applicable,119,Not Applicable,0,,
2024-07-31 07:31:00,CNR4166204166,Canceled by Customer,CID174499,Prime SUV,Frazer Town,Devanahalli,,,Driver asked to cancel,Not Applicable,Not Applicable,Not Applicable,218,Not Applicable,0,,
2024-07-31 03:18:00,CNR5800295842,Success,CID759414,Auto,Devanahalli,Vijayanagar,287.0,25.0,Not Applicable,Not Applicable,No,Not Applicable,429,Cash,15,3.8,4.8
2024-07-31 13:43:00,CNR3092643086,Success,CID209368,Prime SUV,Koramangala,Malleshwaram,112.0,130.0,Not Applicable,Not Applicable,No,Not Applicable,158,UPI,24,3.9,4.9
2024-07-31 07:00:00,CNR3009843092,Driver Not Found,CID437545,Prime SUV,BTM Layout,Nagarbhavi,,,Not Applicable,Not Applicable,Not Applicable,Not Applicable,486,Not Applicable,0,,
2024-07-31 08:05:00,CNR5748685785,Success,CID982838,Prime Sedan,Majestic,Nagarbhavi,294.0,65.0,Not Applicable,Not Applicable,No,Not Applicable,196,UPI,44,4.7,3.3
2024-07-31 14:17:00,CNR3043933092,Success,CID747844,Bike,Electronic City,Kadugodi,301.0,50.0,Not Applicable,Not Applicable,No,Not Applicable,532,UPI,1,4.5,3.0
2024-07-31 22:45:00,CNR8743858736,Success,CID454270,eBike,MG Road,Marathahalli,203.0,115.0,Not Applicable,Not Applicable,No,Not Applicable,499,UPI,5,3.6,3.4
2024-07-31 19:13:00,CNR8189798157,Canceled by Driver,CID710399,Prime Sedan,Majestic,KR Puram,,,Not Applicable,Personal & Car related issue,Not Applicable,Not Applicable,642,Not Applicable,0,,
2024-07-31 09:32:00,CNR3406573416,Success,CID686038,Prime Sedan,RT Nagar,Banashankari,238.0,40.0,Not Applicable,Not Applicable,No,Not Applicable,1946,UPI,44,4.1,3.9
2024-07-31 11:36:00,CNR3575823514,Success,CID792649,Prime Plus,Yeshwanthpur,HSR Layout,56.0,100.0,Not Applicable,Not Applicable,No,Not Applicable,435,Cash,47,4.0,4.8
2024-07-31 01:22:00,CNR5378975353,Canceled by Customer,CID319563,Mini,Rajarajeshwari Nagar,Whitefield,,,AC is Not working,Not Applicable,Not Applicable,Not Applicable,463,Not Applicable,0,,
2024-07-31 16:12:00,CNR7004407038,Success,CID472797,Prime Plus,KR Puram,BTM Layout,252.0,75.0,Not Applicable,Not Applicable,No,Not Applicable,100,Cash,21,3.0,3.3
2024-07-31 22:21:00,CNR7140827110,Success,CID658725,Bike,Basavanagudi,Rajarajeshwari Nagar,168.0,50.0,Not Applicable,Not Applicable,No,Not Applicable,218,UPI,21,4.1,3.2
2024-07-31 15:29:00,CNR8848608893,Success,CID912017,Mini,Peenya,Kammanahalli,98.0,25.0,Not Applicable,Not Applicable,No,Not Applicable,351,Cash,48,4.0,3.6
2024-07-31 11:52:00,CNR7500707540,Canceled by Driver,CID324487,Mini,JP Nagar,Sarjapur Road,,,Not Applicable,Customer related issue,Not Applicable,Not Applicable,452,Not Applicable,0,,
2024-07-31 13:26:00,CNR5361935370,Canceled by Driver,CID475279,Prime Plus,Mysore Road,Jayanagar,,,Not Applicable,Customer related issue,Not Applicable,Not Applicable,695,Not Applicable,0,,
2024-07-31 08:41:00,CNR2276812246,Success,CID750030,Bike,Rajarajeshwari Nagar,Langford Town,196.0,25.0,Not Applicable,Not Applicable,No,Not Applicable,940,UPI,34,3.6,4.5
2024-07-31 22:22:00,CNR3424973450,Success,CID817999,Auto,Mysore Road,Devanahalli,49.0,145.0,Not Applicable,Not Applicable,No,Not Applicable,2129,Credit Card,14,4.5,4.9
2024-07-31 06:24:00,CNR5674235609,Canceled by Customer,CID637563,Mini,Yeshwanthpur,Richmond Town,,,Driver is not moving towards pickup location,Not Applicable,Not Applicable,Not Applicable,405,Not Applicable,0,,
2024-07-31 16:57:00,CNR4687544615,Success,CID799545,eBike,Sahakar Nagar,Shivajinagar,280.0,75.0,Not Applicable,Not Applicable,No,Not Applicable,382,Credit Card,36,4.1,3.8
2024-07-31 17:31:00,CNR6403636445,Canceled by Driver,CID184041,eBike,Hennur,Kammanahalli,,,Not Applicable,Personal & Car related issue,Not Applicable,Not Applicable,279,Not Applicable,0,,
2024-07-31 03:29:00,CNR4005184002,Success,CID919961,Prime SUV,Kadugodi,Bannerghatta Road,147.0,110.0,Not Applicable,Not Applicable,No,Not Applicable,104,Cash,1,3.3,3.5
2024-07-31 10:31:00,CNR9939219986,Canceled by Customer,CID961653,Prime Plus,Cox Town,Chamarajpet,,,Driver asked to cancel,Not Applicable,Not Applicable,Not Applicable,136,Not Applicable,0,,
2024-07-31 04:36:00,CNR2787542753,Success,CID889387,eBike,Padmanabhanagar,Bannerghatta Road,238.0,140.0,Not Applicable,Not Applicable,No,Not Applicable,239,Credit Card,48,4.9,3.2
2024-07-31 07:38:00,CNR5542515528,Canceled by Driver,CID993108,Prime SUV,Bellandur,Ramamurthy Nagar,,,Not Applicable,Personal & Car related issue,Not Applicable,Not Applicable,244,Not Applicable,0,,
2024-07-31 17:01:00,CNR7990917958,Canceled by Driver,CID261185,Prime Sedan,Richmond Town,Vijayanagar,,,Not Applicable,Personal & Car related issue,Not Applicable,Not Applicable,225,Not Applicable,0,,
2024-07-31 08:47:00,CNR1658361663,Driver Not Found,CID851834,eBike,Padmanabhanagar,Hennur,,,Not Applicable,Not Applicable,Not Applicable,Not Applicable,744,Not Applicable,0,,
2024-07-31 10:36:00,CNR8756338719,Success,CID208400,Auto,Sahakar Nagar,Mysore Road,238.0,45.0,Not Applicable,Not Applicable,No,Not Applicable,843,UPI,9,4.6,3.9
2024-07-31 09:38:00,CNR1697521685,Success,CID472423,eBike,Yelahanka,Hebbal,168.0,120.0,Not Applicable,Not Applicable,No,Not Applicable,168,Cash,9,4.9,3.2
2024-07-31 13:09:00,CNR5430895480,Success,CID380453,Prime Plus,Yeshwanthpur,Richmond Town,217.0,80.0,Not Applicable,Not Applicable,No,Not Applicable,363,UPI,26,4.3,5.0
2024-07-31 18:52:00,CNR5132965137,Success,CID343254,Mini,Varthur,Hennur,280.0,105.0,Not Applicable,Not Applicable,No,Not Applicable,314,Debit Card,9,3.1,4.2
2024-07-31 01:21:00,CNR9452999477,Success,CID607468,Mini,Kengeri,RT Nagar,84.0,65.0,Not Applicable,Not Applicable,No,Not Applicable,247,Cash,3,4.4,5.0
2024-07-31 10:18:00,CNR8812788883,Driver Not Found,CID465773,Mini,Sarjapur Road,Chamarajpet,,,Not Applicable,Not Applicable,Not Applicable,Not Applicable,470,Not Applicable,0,,
2024-07-31 00:42:00,CNR3995663965,Success,CID107940,eBike,Shivajinagar,Electronic City,126.0,55.0,Not Applicable,Not Applicable,No,Not Applicable,260,Cash,38,4.7,4.7
2024-07-31 18:23:00,CNR7669917673,Success,CID762232,Prime Sedan,Yeshwanthpur,Ulsoor,238.0,70.0,Not Applicable,Not Applicable,No,Not Applicable,407,Cash,27,4.1,4.9
2024-07-31 12:49:00,CNR2897012845,Driver Not Found,CID482350,eBike,Shantinagar,Rajajinagar,,,Not Applicable,Not Applicable,Not Applicable,Not Applicable,369,Not Applicable,0,,
2024-07-31 15:42:00,CNR6177666169,Driver Not Found,CID724881,Prime Plus,Hebbal,Koramangala,,,Not Applicable,Not Applicable,Not Applicable,Not Applicable,420,Not Applicable,0,,
2024-07-31 05:03:00,CNR8596148516,Success,CID290081,Prime SUV,Frazer Town,Ramamurthy Nagar,77.0,30.0,Not Applicable,Not Applicable,No,Not Applicable,2877,Cash,26,4.9,4.5
2024-07-31 14:04:00,CNR8766128744,Success,CID570707,Prime SUV,Varthur,Ramamurthy Nagar,147.0,85.0,Not Applicable,Not Applicable,No,Not Applicable,955,Cash,3,3.4,3.9
2024-07-31 15:08:00,CNR5243635284,Success,CID862337,Prime Plus,Frazer Town,Electronic City,147.0,135.0,Not Applicable,Not Applicable,No,Not Applicable,428,UPI,34,4.1,3.9
2024-07-31 19:26:00,CNR8224968291,Canceled by Driver,CID563369,Prime Plus,Koramangala,KR Puram,,,Not Applicable,Customer related issue,Not Applicable,Not Applicable,874,Not Applicable,0,,
2024-07-31 02:54:00,CNR2471282485,Canceled by Driver,CID574875,Prime SUV,Koramangala,Hennur,,,Not Applicable,Customer related issue,Not Applicable,Not Applicable,382,Not Applicable,0,,
2024-07-31 13:28:00,CNR1312681362,Success,CID227559,Bike,Rajajinagar,Tumkur Road,140.0,90.0,Not Applicable,Not Applicable,No,Not Applicable,657,UPI,26,4.8,3.8
2024-07-31 16:08:00,CNR2662572686,Success,CID617268,Auto,Bannerghatta Road,Yelahanka,91.0,130.0,Not Applicable,Not Applicable,No,Not Applicable,207,Cash,6,4.0,3.9
2024-07-31 08:23:00,CNR9692729625,Success,CID998960,Auto,Hosur Road,Kammanahalli,168.0,125.0,Not Applicable,Not Applicable,No,Not Applicable,945,Cash,2,3.4,3.4
2024-07-31 04:59:00,CNR9420529498,Success,CID351529,Prime SUV,Yeshwanthpur,Koramangala,196.0,35.0,Not Applicable,Not Applicable,No,Not Applicable,264,Credit Card,20,3.7,3.3
2024-07-31 13:02:00,CNR2466592485,Success,CID509717,eBike,Sarjapur Road,Bellandur,245.0,30.0,Not Applicable,Not Applicable,No,Not Applicable,115,UPI,22,4.0,5.0
2024-07-31 22:00:00,CNR4322544395,Success,CID135529,Auto,Ramamurthy Nagar,Jayanagar,217.0,145.0,Not Applicable,Not Applicable,No,Not Applicable,281,Cash,2,4.8,4.7
2024-07-31 03:18:00,CNR8877858811,Driver Not Found,CID207074,Auto,Basavanagudi,Whitefield,,,Not Applicable,Not Applicable,Not Applicable,Not Applicable,1881,Not Applicable,0,,
2024-07-31 16:38:00,CNR2946022904,Success,CID125869,eBike,Indiranagar,Varthur,231.0,110.0,Not Applicable,Not Applicable,No,Not Applicable,422,Cash,26,4.6,4.8
2024-07-31 05:59:00,CNR5307535382,Success,CID604279,Prime SUV,Chickpet,Bannerghatta Road,266.0,130.0,Not Applicable,Not Applicable,No,Not Applicable,869,UPI,14,4.2,3.4
2024-07-31 09:52:00,CNR9150979176,Success,CID178820,Prime Plus,Nagarbhavi,Magadi Road,203.0,115.0,Not Applicable,Not Applicable,No,Not Applicable,353,Cash,22,4.6,4.0
2024-07-31 10:25:00,CNR3709343762,Success,CID110216,Mini,Chickpet,Chamarajpet,84.0,90.0,Not Applicable,Not Applicable,No,Not Applicable,238,UPI,8,4.7,4.0
2024-07-31 21:29:00,CNR5611785698,Success,CID142841,Prime Plus,JP Nagar,Devanahalli,224.0,25.0,Not Applicable,Not Applicable,No,Not Applicable,456,Cash,20,3.0,4.4
2024-07-31 19:16:00,CNR7490647455,Success,CID199283,Prime SUV,Yeshwanthpur,Whitefield,98.0,65.0,Not Applicable,Not Applicable,No,Not Applicable,331,Cash,2,4.8,4.3
2024-07-31 15:00:00,CNR1578391524,Success,CID126888,Auto,Indiranagar,Malleshwaram,42.0,85.0,Not Applicable,Not Applicable,No,Not Applicable,218,Cash,4,4.6,4.2
2024-07-31 12:37:00,CNR5667195656,Canceled by Driver,CID533857,eBike,Kammanahalli,Indiranagar,,,Not Applicable,Customer was coughing/sick,Not Applicable,Not Applicable,332,Not Applicable,0,,
2024-07-31 08:05:00,CNR2431132421,Success,CID437155,Prime Sedan,Indiranagar,Chamarajpet,140.0,50.0,Not Applicable,Not Applicable,Yes,Customer Demand,404,Cash,38,4.7,3.8
2024-07-31 19:04:00,CNR5161885163,Success,CID189965,Bike,Shantinagar,Padmanabhanagar,147.0,120.0,Not Applicable,Not Applicable,No,Not Applicable,291,Cash,24,3.5,3.5
2024-07-31 20:36:00,CNR6213726284,Success,CID660973,Mini,Sahakar Nagar,Chamarajpet,35.0,100.0,Not Applicable,Not Applicable,No,Not Applicable,1367,Cash,46,3.4,3.5
2024-07-31 03:22:00,CNR7901157916,Success,CID600799,Bike,Majestic,Koramangala,126.0,95.0,Not Applicable,Not Applicable,No,Not Applicable,318,Cash,31,4.9,4.0
2024-07-31 11:12:00,CNR5721605757,Success,CID845362,Prime Sedan,Shivajinagar,MG Road,196.0,80.0,Not Applicable,Not Applicable,No,Not Applicable,269,UPI,21,4.3,3.4
2024-07-31 05:54:00,CNR3595643590,Success,CID996368,Auto,Devanahalli,Kadugodi,154.0,135.0,Not Applicable,Not Applicable,No,Not Applicable,213,Cash,16,4.2,3.8
2024-07-31 20:21:00,CNR9011649055,Success,CID852045,Prime SUV,Bellandur,Mysore Road,98.0,50.0,Not Applicable,Not Applicable,No,Not Applicable,389,Cash,11,3.2,3.5
2024-07-31 15:08:00,CNR5344955314,Success,CID266013,Bike,Bellandur,Chickpet,238.0,25.0,Not Applicable,Not Applicable,No,Not Applicable,369,Cash,21,3.1,3.4
2024-07-31 00:36:00,CNR4050214001,Success,CID292207,Auto,Tumkur Road,Whitefield,287.0,110.0,Not Applicable,Not Applicable,No,Not Applicable,301,UPI,15,3.1,3.2
2024-07-31 04:47:00,CNR5947165992,Success,CID241802,Prime Plus,Shivajinagar,BTM Layout,266.0,125.0,Not Applicable,Not Applicable,No,Not Applicable,409,Cash,49,3.5,3.7
2024-07-31 07:38:00,CNR7345937326,Success,CID561286,Prime SUV,Frazer Town,Marathahalli,126.0,125.0,Not Applicable,Not Applicable,Yes,Customer Demand,425,Cash,40,4.6,3.4
2024-07-31 14:18:00,CNR2005642055,Success,CID128491,Prime Plus,Cox Town,Kadugodi,119.0,135.0,Not Applicable,Not Applicable,No,Not Applicable,555,UPI,34,4.0,4.5
2024-07-31 02:38:00,CNR2196502169,Success,CID534933,Auto,Jayanagar,Cox Town,210.0,100.0,Not Applicable,Not Applicable,Yes,Customer Demand,760,UPI,18,4.9,4.5
2024-07-31 04:53:00,CNR5837775850,Success,CID952434,Bike,MG Road,Hosur Road,161.0,40.0,Not Applicable,Not Applicable,No,Not Applicable,355,Cash,10,4.1,3.1
2024-07-31 16:52:00,CNR4499284454,Canceled by Customer,CID972325,Prime SUV,Majestic,Hennur,,,AC is Not working,Not Applicable,Not Applicable,Not Applicable,289,Not Applicable,0,,
2024-07-31 04:25:00,CNR6091906044,Success,CID722812,Prime Plus,Sarjapur Road,Hebbal,231.0,45.0,Not Applicable,Not Applicable,No,Not Applicable,117,Credit Card,6,3.4,3.8
2024-07-31 21:34:00,CNR8947748941,Success,CID348458,eBike,Sahakar Nagar,Bannerghatta Road,77.0,70.0,Not Applicable,Not Applicable,No,Not Applicable,316,Cash,38,5.0,4.0
2024-07-31 01:13:00,CNR1835711810,Canceled by Customer,CID714413,Prime Sedan,Kammanahalli,Chamarajpet,,,Change of plans,Not Applicable,Not Applicable,Not Applicable,618,Not Applicable,0,,
2024-07-31 06:00:00,CNR9526509534,Canceled by Customer,CID575016,Auto,Richmond Town,Electronic City,,,Driver is not moving towards pickup location,Not Applicable,Not Applicable,Not Applicable,452,Not Applicable,0,,
2024-07-31 02:30:00,CNR2273752221,Canceled by Driver,CID730849,Mini,Tumkur Road,MG Road,,,Not Applicable,More than permitted people in there,Not Applicable,Not Applicable,820,Not Applicable,0,,
2024-07-31 15:22:00,CNR5684455620,Success,CID516470,Prime SUV,Devanahalli,Hebbal,105.0,130.0,Not Applicable,Not Applicable,No,Not Applicable,185,Cash,32,4.5,3.1
2024-07-31 06:16:00,CNR9687089669,Canceled by Driver,CID332006,Mini,Marathahalli,Rajajinagar,,,Not Applicable,Customer related issue,Not Applicable,Not Applicable,356,Not Applicable,0,,
2024-07-31 15:45:00,CNR7541087540,Canceled by Driver,CID569164,Auto,Padmanabhanagar,BTM Layout,,,Not Applicable,Customer related issue,Not Applicable,Not Applicable,371,Not Applicable,0,,
2024-07-31 16:11:00,CNR4252134287,Success,CID744782,Auto,Basavanagudi,Sarjapur Road,287.0,80.0,Not Applicable,Not Applicable,No,Not Applicable,839,UPI,18,4.3,3.9
2024-07-31 01:51:00,CNR7890427888,Canceled by Driver,CID204209,Mini,Tumkur Road,Yeshwanthpur,,,Not Applicable,Customer was coughing/sick,Not Applicable,Not Applicable,323,Not Applicable,0,,
2024-07-31 15:13:00,CNR6872346806,Success,CID673121,Prime SUV,Ulsoor,Chamarajpet,112.0,55.0,Not Applicable,Not Applicable,No,Not Applicable,430,UPI,29,4.3,4.9
2024-07-31 06:47:00,CNR7254357216,Canceled by Customer,CID457323,Prime SUV,Hebbal,Ulsoor,,,Driver is not moving towards pickup location,Not Applicable,Not Applicable,Not Applicable,2349,Not Applicable,0,,
2024-07-31 15:52:00,CNR9946969915,Canceled by Customer,CID790149,Prime Plus,Jayanagar,Bannerghatta Road,,,AC is Not working,Not Applicable,Not Applicable,Not Applicable,357,Not Applicable,0,,
2024-07-31 15:19:00,CNR7214497223,Success,CID318107,eBike,Padmanabhanagar,Bellandur,35.0,75.0,Not Applicable,Not Applicable,No,Not Applicable,457,Cash,44,3.2,4.0
2024-07-31 04:23:00,CNR4404274406,Success,CID501485,eBike,Banashankari,KR Puram,168.0,60.0,Not Applicable,Not Applicable,No,Not Applicable,647,Cash,28,3.9,4.8
2024-07-31 22:47:00,CNR9095969038,Success,CID757382,Prime SUV,Chamarajpet,Bannerghatta Road,133.0,110.0,Not Applicable,Not Applicable,No,Not Applicable,327,Cash,36,3.6,3.7
2024-07-31 09:24:00,CNR9098959013,Canceled by Driver,CID678137,Auto,Ulsoor,Rajajinagar,,,Not Applicable,Personal & Car related issue,Not Applicable,Not Applicable,396,Not Applicable,0,,
2024-07-31 03:30:00,CNR4307854352,Success,CID382237,Bike,Marathahalli,HSR Layout,105.0,80.0,Not Applicable,Not Applicable,Yes,Customer Demand,919,Cash,29,4.3,3.7
2024-07-31 01:02:00,CNR1137391137,Success,CID441285,eBike,BTM Layout,Kammanahalli,42.0,25.0,Not Applicable,Not Applicable,No,Not Applicable,426,UPI,8,3.7,4.7
2024-07-31 17:32:00,CNR6911246996,Success,CID814961,Prime Plus,Sahakar Nagar,Bannerghatta Road,105.0,50.0,Not Applicable,Not Applicable,No,Not Applicable,383,UPI,10,4.0,3.9
2024-07-31 00:27:00,CNR9055119048,Success,CID940913,Prime SUV,Hulimavu,Padmanabhanagar,280.0,95.0,Not Applicable,Not Applicable,No,Not Applicable,661,Cash,14,4.6,3.2
2024-07-31 07:06:00,CNR6203206292,Success,CID946836,Auto,MG Road,Hebbal,308.0,80.0,Not Applicable,Not Applicable,No,Not Applicable,284,UPI,9,3.5,3.5
2024-07-31 20:54:00,CNR2401002413,Canceled by Customer,CID276980,Prime Plus,Varthur,RT Nagar,,,Driver asked to cancel,Not Applicable,Not Applicable,Not Applicable,619,Not Applicable,0,,
2024-07-31 18:43:00,CNR3283143283,Driver Not Found,CID836582,Prime Sedan,Jayanagar,Electronic City,,,Not Applicable,Not Applicable,Not Applicable,Not Applicable,184,Not Applicable,0,,
2024-07-31 23:41:00,CNR4891384870,Success,CID612448,Auto,BTM Layout,Sarjapur Road,63.0,100.0,Not Applicable,Not Applicable,No,Not Applicable,604,Cash,16,4.8,3.6
2024-07-31 08:40:00,CNR9550969574,Success,CID989054,Prime Sedan,Banashankari,Kadugodi,35.0,25.0,Not Applicable,Not Applicable,No,Not Applicable,2333,UPI,23,3.0,3.9
2024-07-31 20:26:00,CNR4906774918,Driver Not Found,CID229064,Prime Sedan,Marathahalli,Banashankari,,,Not Applicable,Not Applicable,Not Applicable,Not Applicable,176,Not Applicable,0,,
2024-07-31 09:10:00,CNR9890489840,Success,CID767562,Mini,Yeshwanthpur,RT Nagar,210.0,50.0,Not Applicable,Not Applicable,No,Not Applicable,464,UPI,12,4.4,3.9
2024-07-31 14:18:00,CNR9760089712,Success,CID654062,Bike,Banashankari,Kengeri,259.0,140.0,Not Applicable,Not Applicable,No,Not Applicable,251,Cash,18,4.9,3.9
2024-07-31 04:44:00,CNR5159545168,Success,CID941533,Auto,Cox Town,Kengeri,49.0,80.0,Not Applicable,Not Applicable,No,Not Applicable,286,Cash,12,3.7,4.3
2024-07-31 11:23:00,CNR1579361558,Driver Not Found,CID806473,Mini,MG Road,Jayanagar,,,Not Applicable,Not Applicable,Not Applicable,Not Applicable,217,Not Applicable,0,,
2024-07-31 08:45:00,CNR9220579291,Canceled by Driver,CID236790,eBike,BTM Layout,Hulimavu,,,Not Applicable,Personal & Car related issue,Not Applicable,Not Applicable,1762,Not Applicable,0,,
2024-07-31 23:18:00,CNR6309006384,Canceled by Customer,CID183393,Prime Sedan,Sarjapur Road,Vijayanagar,,,Wrong Address,Not Applicable,Not Applicable,Not Applicable,382,Not Applicable,0,,
2024-07-31 20:29:00,CNR4676564692,Success,CID410078,Prime Plus,Sahakar Nagar,Yeshwanthpur,63.0,80.0,Not Applicable,Not Applicable,No,Not Applicable,165,Credit Card,24,3.9,3.3
2024-07-31 15:55:00,CNR8647738607,Canceled by Driver,CID226935,Prime Plus,Kengeri,RT Nagar,,,Not Applicable,Customer was coughing/sick,Not Applicable,Not Applicable,141,Not Applicable,0,,
2024-07-31 09:49:00,CNR5238905275,Driver Not Found,CID409280,Mini,Peenya,Majestic,,,Not Applicable,Not Applicable,Not Applicable,Not Applicable,2720,Not Applicable,0,,
2024-07-31 17:54:00,CNR2165282122,Success,CID365718,Prime SUV,Banashankari,Basavanagudi,84.0,75.0,Not Applicable,Not Applicable,No,Not Applicable,430,Cash,41,3.1,4.4
2024-07-31 17:10:00,CNR5041805058,Success,CID687769,Bike,HSR Layout,Shantinagar,84.0,30.0,Not Applicable,Not Applicable,No,Not Applicable,252,Cash,41,4.3,4.3
2024-07-31 08:17:00,CNR1085051070,Success,CID564698,Prime Plus,Tumkur Road,Kadugodi,112.0,60.0,Not Applicable,Not Applicable,No,Not Applicable,371,Cash,43,4.0,3.2
2024-07-31 19:16:00,CNR6355156383,Driver Not Found,CID306604,Prime Sedan,Bellandur,Shivajinagar,,,Not Applicable,Not Applicable,Not Applicable,Not Applicable,183,Not Applicable,0,,
2024-07-31 10:56:00,CNR9061959053,Success,CID997945,Auto,Mysore Road,Koramangala,231.0,105.0,Not Applicable,Not Applicable,No,Not Applicable,130,UPI,11,4.3,4.3
2024-07-31 05:42:00,CNR4476384411,Success,CID611553,Prime Plus,Sarjapur Road,Cox Town,287.0,55.0,Not Applicable,Not Applicable,Yes,Customer Demand,974,UPI,9,3.1,4.3
2024-07-31 04:08:00,CNR4524484578,Success,CID429288,Bike,Langford Town,Padmanabhanagar,63.0,140.0,Not Applicable,Not Applicable,No,Not Applicable,483,Cash,31,4.2,3.4
2024-07-31 16:04:00,CNR2173492117,Canceled by Driver,CID946999,Prime Plus,RT Nagar,RT Nagar,,,Not Applicable,Customer related issue,Not Applicable,Not Applicable,142,Not Applicable,0,,
2024-07-31 12:27:00,CNR3154733121,Success,CID544271,Prime Sedan,Electronic City,Jayanagar,301.0,145.0,Not Applicable,Not Applicable,No,Not Applicable,190,Cash,37,3.9,4.4
2024-07-31 17:47:00,CNR5535975582,Success,CID600934,Prime Plus,Electronic City,JP Nagar,70.0,70.0,Not Applicable,Not Applicable,No,Not Applicable,606,UPI,16,4.5,4.6
2024-07-31 19:43:00,CNR9075219021,Driver Not Found,CID729251,Auto,Indiranagar,Magadi Road,,,Not Applicable,Not Applicable,Not Applicable,Not Applicable,270,Not Applicable,0,,
2024-07-31 17:00:00,CNR2366942346,Success,CID156951,Auto,Magadi Road,MG Road,35.0,55.0,Not Applicable,Not Applicable,No,Not Applicable,2632,Cash,10,4.1,4.6
2024-07-31 02:00:00,CNR7803507872,Driver Not Found,CID166707,Prime SUV,Ramamurthy Nagar,Ramamurthy Nagar,,,Not Applicable,Not Applicable,Not Applicable,Not Applicable,407,Not Applicable,0,,
2024-07-31 17:39:00,CNR2859222822,Success,CID980249,Auto,Majestic,Hennur,105.0,130.0,Not Applicable,Not Applicable,No,Not Applicable,288,Cash,10,3.1,3.6
2024-07-31 18:22:00,CNR3030433052,Success,CID634311,Auto,HSR Layout,RT Nagar,49.0,75.0,Not Applicable,Not Applicable,No,Not Applicable,459,Cash,1,3.5,3.7
2024-07-31 18:21:00,CNR9728949714,Success,CID329193,Prime Plus,Shivajinagar,RT Nagar,252.0,110.0,Not Applicable,Not Applicable,No,Not Applicable,474,UPI,46,4.7,4.3
2024-07-31 00:02:00,CNR7169677173,Canceled by Customer,CID876143,Prime SUV,Nagarbhavi,Bellandur,,,AC is Not working,Not Applicable,Not Applicable,Not Applicable,280,Not Applicable,0,,
2024-07-31 00:47:00,CNR5641645680,Driver Not Found,CID730647,Prime Plus,Malleshwaram,Rajajinagar,,,Not Applicable,Not Applicable,Not Applicable,Not Applicable,241,Not Applicable,0,,
2024-07-31 09:31:00,CNR7430137418,Success,CID960240,Prime Plus,Yeshwanthpur,Mysore Road,63.0,120.0,Not Applicable,Not Applicable,No,Not Applicable,649,UPI,19,3.0,4.3
2024-07-31 13:52:00,CNR9705579766,Canceled by Driver,CID824405,Prime Plus,Kammanahalli,Hennur,,,Not Applicable,Customer related issue,Not Applicable,Not Applicable,1648,Not Applicable,0,,
2024-07-31 10:26:00,CNR3730803765,Driver Not Found,CID573518,Prime SUV,Frazer Town,Marathahalli,,,Not Applicable,Not Applicable,Not Applicable,Not Applicable,380,Not Applicable,0,,
2024-07-31 02:26:00,CNR6777436724,Success,CID784290,eBike,Shivajinagar,Hebbal,196.0,130.0,Not Applicable,Not Applicable,No,Not Applicable,145,Cash,3,3.5,4.5
2024-07-31 22:08:00,CNR6990506950,Success,CID207085,Prime Plus,Kadugodi,Malleshwaram,308.0,75.0,Not Applicable,Not Applicable,No,Not Applicable,257,Cash,23,4.3,4.5
2024-07-31 14:01:00,CNR9716769718,Driver Not Found,CID779587,Mini,Devanahalli,Kadugodi,,,Not Applicable,Not Applicable,Not Applicable,Not Applicable,177,Not Applicable,0,,
2024-07-31 03:17:00,CNR3848103817,Success,CID927840,Auto,Ulsoor,Sarjapur Road,77.0,45.0,Not Applicable,Not Applicable,No,Not Applicable,536,UPI,2,5.0,4.9
2024-07-31 13:39:00,CNR4809724848,Canceled by Customer,CID293528,Bike,Whitefield,BTM Layout,,,Driver is not moving towards pickup location,Not Applicable,Not Applicable,Not Applicable,1599,Not Applicable,0,,
2024-07-31 16:15:00,CNR4145504113,Canceled by Driver,CID468933,Prime Sedan,Vijayanagar,Yeshwanthpur,,,Not Applicable,Personal & Car related issue,Not Applicable,Not Applicable,214,Not Applicable,0,,
2024-07-31 10:30:00,CNR2356802310,Success,CID487899,Mini,MG Road,Vijayanagar,42.0,130.0,Not Applicable,Not Applicable,No,Not Applicable,458,UPI,19,3.1,3.4
2024-07-31 07:03:00,CNR2742912766,Success,CID625934,Mini,Rajajinagar,Varthur,266.0,110.0,Not Applicable,Not Applicable,No,Not Applicable,752,Cash,39,3.5,4.7
2024-07-31 03:08:00,CNR9759649788,Success,CID617562,Bike,Indiranagar,Hennur,252.0,105.0,Not Applicable,Not Applicable,No,Not Applicable,198,UPI,23,3.6,3.1
2024-07-31 00:13:00,CNR4121294117,Success,CID619473,eBike,Marathahalli,Sahakar Nagar,63.0,65.0,Not Applicable,Not Applicable,No,Not Applicable,692,Cash,4,3.5,3.1
2024-07-31 18:33:00,CNR1423221482,Success,CID994354,Prime SUV,Devanahalli,KR Puram,35.0,80.0,Not Applicable,Not Applicable,No,Not Applicable,279,UPI,6,4.8,4.0
2024-07-31 08:41:00,CNR1834351846,Success,CID653782,Bike,BTM Layout,Rajajinagar,140.0,60.0,Not Applicable,Not Applicable,Yes,Customer Demand,433,Cash,37,4.8,4.5
2024-07-31 21:08:00,CNR9775989792,Canceled by Driver,CID860533,eBike,Kammanahalli,HSR Layout,,,Not Applicable,More than permitted people in there,Not Applicable,Not Applicable,884,Not Applicable,0,,
2024-07-31 23:39:00,CNR6330806364,Success,CID613170,eBike,Koramangala,Langford Town,238.0,40.0,Not Applicable,Not Applicable,No,Not Applicable,1087,Cash,27,4.3,4.6
2024-07-31 20:32:00,CNR4141264132,Success,CID727658,Prime Plus,Ulsoor,Marathahalli,105.0,140.0,Not Applicable,Not Applicable,No,Not Applicable,1058,Cash,23,4.1,4.6
2024-07-31 02:28:00,CNR1176551164,Success,CID332835,eBike,Yelahanka,Hulimavu,147.0,110.0,Not Applicable,Not Applicable,No,Not Applicable,874,Cash,2,3.7,3.4
2024-07-31 23:25:00,CNR5185705107,Canceled by Driver,CID283071,eBike,Sarjapur Road,Hennur,,,Not Applicable,Customer related issue,Not Applicable,Not Applicable,900,Not Applicable,0,,
2024-07-31 03:45:00,CNR2593562594,Driver Not Found,CID988044,Prime Sedan,Vijayanagar,Majestic,,,Not Applicable,Not Applicable,Not Applicable,Not Applicable,349,Not Applicable,0,,
2024-07-31 08:56:00,CNR5541555513,Success,CID601467,Prime Sedan,Electronic City,Kengeri,70.0,80.0,Not Applicable,Not Applicable,Yes,Vehicle Breakdown,350,UPI,27,5.0,4.6
2024-07-31 15:12:00,CNR7742247718,Canceled by Customer,CID145915,Prime Sedan,Ulsoor,Cox Town,,,Driver asked to cancel,Not Applicable,Not Applicable,Not Applicable,273,Not Applicable,0,,
2024-07-31 01:55:00,CNR9889389884,Canceled by Driver,CID954511,Mini,KR Puram,Sahakar Nagar,,,Not Applicable,Customer was coughing/sick,Not Applicable,Not Applicable,819,Not Applicable,0,,
2024-07-31 22:15:00,CNR8647638604,Success,CID826289,eBike,Indiranagar,Cox Town,203.0,125.0,Not Applicable,Not Applicable,No,Not Applicable,984,UPI,36,4.5,4.2
2024-07-31 06:55:00,CNR1683751648,Success,CID215906,Auto,Devanahalli,Nagarbhavi,105.0,40.0,Not Applicable,Not Applicable,No,Not Applicable,918,UPI,18,4.9,3.3
2024-07-31 14:18:00,CNR3766913735,Success,CID892984,eBike,Majestic,Ulsoor,91.0,140.0,Not Applicable,Not Applicable,No,Not Applicable,1393,UPI,31,3.4,4.5
2024-07-31 19:02:00,CNR5611775695,Success,CID515244,Bike,Whitefield,Kadugodi,56.0,105.0,Not Applicable,Not Applicable,No,Not Applicable,481,Cash,13,3.7,4.7
2024-07-31 06:05:00,CNR3770123701,Success,CID819006,Prime Sedan,Padmanabhanagar,Majestic,119.0,130.0,Not Applicable,Not Applicable,No,Not Applicable,446,UPI,25,4.0,3.5
2024-07-31 20:46:00,CNR7891407868,Success,CID233386,Mini,Kammanahalli,Jayanagar,105.0,105.0,Not Applicable,Not Applicable,No,Not Applicable,1134,Credit Card,19,3.4,3.7
2024-07-31 04:25:00,CNR9717389765,Success,CID579696,Prime Sedan,Shantinagar,Sarjapur Road,63.0,90.0,Not Applicable,Not Applicable,No,Not Applicable,218,UPI,30,4.8,4.5
2024-07-31 23:30:00,CNR7622147650,Success,CID821265,Auto,BTM Layout,Cox Town,168.0,40.0,Not Applicable,Not Applicable,No,Not Applicable,395,UPI,2,4.6,3.6
2024-07-31 19:47:00,CNR4602764690,Success,CID581071,Prime SUV,MG Road,Bannerghatta Road,210.0,60.0,Not Applicable,Not Applicable,No,Not Applicable,299,Cash,39,4.0,4.4
2024-07-31 13:30:00,CNR2084672095,Success,CID867238,Prime Plus,Devanahalli,Varthur,105.0,80.0,Not Applicable,Not Applicable,No,Not Applicable,111,UPI,3,4.0,4.3
2024-07-31 16:10:00,CNR3311383375,Driver Not Found,CID347284,Prime Plus,Bellandur,Majestic,,,Not Applicable,Not Applicable,Not Applicable,Not Applicable,402,Not Applicable,0,,
2024-07-31 17:25:00,CNR9464409481,Canceled by Driver,CID111139,Bike,Yelahanka,RT Nagar,,,Not Applicable,Customer was coughing/sick,Not Applicable,Not Applicable,473,Not Applicable,0,,
2024-07-31 19:19:00,CNR8697968697,Success,CID709674,Prime Sedan,Basavanagudi,Hosur Road,231.0,105.0,Not Applicable,Not Applicable,No,Not Applicable,159,UPI,39,4.5,4.0
2024-07-31 03:50:00,CNR1210171206,Success,CID574550,Mini,Rajajinagar,Yelahanka,154.0,140.0,Not Applicable,Not Applicable,No,Not Applicable,140,Cash,29,4.2,3.6
2024-07-31 10:02:00,CNR4482314499,Success,CID580584,Prime SUV,Langford Town,Basavanagudi,91.0,115.0,Not Applicable,Not Applicable,No,Not Applicable,454,Cash,15,3.3,4.1
2024-07-31 08:42:00,CNR1254341298,Success,CID501412,Prime SUV,Tumkur Road,Marathahalli,140.0,40.0,Not Applicable,Not Applicable,No,Not Applicable,321,UPI,27,4.0,3.9
2024-07-31 23:38:00,CNR4334444312,Success,CID211216,Prime Plus,Bellandur,Varthur,112.0,90.0,Not Applicable,Not Applicable,No,Not Applicable,193,Cash,45,4.9,3.3
2024-07-31 03:19:00,CNR1310191340,Success,CID160873,eBike,Vijayanagar,Majestic,147.0,115.0,Not Applicable,Not Applicable,No,Not Applicable,463,UPI,46,3.7,3.2
2024-07-31 08:16:00,CNR6814266844,Success,CID676815,Prime SUV,Vijayanagar,Basavanagudi,252.0,40.0,Not Applicable,Not Applicable,No,Not Applicable,178,Cash,11,3.0,4.3
2024-07-31 04:53:00,CNR3769223741,Success,CID892507,Prime Plus,Hebbal,Varthur,49.0,75.0,Not Applicable,Not Applicable,No,Not Applicable,272,Cash,30,4.8,4.4
2024-07-31 20:33:00,CNR6831366878,Success,CID435898,Bike,Whitefield,Kadugodi,56.0,105.0,Not Applicable,Not Applicable,No,Not Applicable,227,Cash,10,4.5,3.2
2024-07-31 07:20:00,CNR8304058389,Success,CID679884,eBike,Yelahanka,Hosur Road,280.0,100.0,Not Applicable,Not Applicable,No,Not Applicable,235,Cash,49,3.2,4.2
2024-07-31 13:54:00,CNR1047311031,Success,CID734920,Prime SUV,Richmond Town,Peenya,287.0,50.0,Not Applicable,Not Applicable,No,Not Applicable,868,Cash,9,4.1,3.9
2024-07-31 18:29:00,CNR3008513055,Success,CID848384,Auto,Basavanagudi,Nagarbhavi,35.0,55.0,Not Applicable,Not Applicable,No,Not Applicable,174,Cash,14,4.0,4.1
2024-07-31 13:19:00,CNR3438423443,Success,CID620200,Prime SUV,Vijayanagar,RT Nagar,119.0,145.0,Not Applicable,Not Applicable,No,Not Applicable,295,Cash,2,3.5,4.0
2024-07-31 14:55:00,CNR5227215284,Canceled by Driver,CID555275,Auto,Chamarajpet,Rajarajeshwari Nagar,,,Not Applicable,Personal & Car related issue,Not Applicable,Not Applicable,135,Not Applicable,0,,
2024-07-31 16:18:00,CNR8728538736,Success,CID947890,Auto,BTM Layout,JP Nagar,301.0,145.0,Not Applicable,Not Applicable,No,Not Applicable,635,UPI,13,3.9,3.8
2024-07-31 23:05:00,CNR8571008526,Success,CID337335,eBike,Kadugodi,Indiranagar,245.0,115.0,Not Applicable,Not Applicable,No,Not Applicable,401,UPI,33,4.1,3.5
2024-07-31 07:48:00,CNR2566182586,Success,CID496185,Auto,Frazer Town,Rajajinagar,259.0,25.0,Not Applicable,Not Applicable,No,Not Applicable,155,Cash,10,4.7,3.1
2024-07-31 05:15:00,CNR8775428718,Success,CID387617,Prime Plus,Nagarbhavi,Hulimavu,84.0,35.0,Not Applicable,Not Applicable,No,Not Applicable,1676,UPI,13,4.2,4.8
2024-07-31 21:08:00,CNR4785824747,Driver Not Found,CID117316,Prime Sedan,Hennur,Majestic,,,Not Applicable,Not Applicable,Not Applicable,Not Applicable,672,Not Applicable,0,,
2024-07-31 20:42:00,CNR5330605372,Driver Not Found,CID275438,Auto,Shivajinagar,Ramamurthy Nagar,,,Not Applicable,Not Applicable,Not Applicable,Not Applicable,263,Not Applicable,0,,
2024-07-31 19:44:00,CNR3774043742,Success,CID789297,Bike,Yeshwanthpur,Whitefield,147.0,90.0,Not Applicable,Not Applicable,No,Not Applicable,266,UPI,5,3.6,3.6
2024-07-31 06:27:00,CNR6409876451,Driver Not Found,CID611238,Bike,Hebbal,Whitefield,,,Not Applicable,Not Applicable,Not Applicable,Not Applicable,230,Not Applicable,0,,
2024-07-31 19:18:00,CNR4382444349,Success,CID176493,Auto,BTM Layout,Marathahalli,196.0,70.0,Not Applicable,Not Applicable,No,Not Applicable,2972,Cash,18,3.7,4.0
2024-07-31 09:51:00,CNR2080382064,Success,CID224260,Prime Plus,Kadugodi,Yeshwanthpur,98.0,80.0,Not Applicable,Not Applicable,No,Not Applicable,354,Cash,42,4.0,4.8
2024-07-31 02:38:00,CNR4368084326,Success,CID928586,Bike,Electronic City,Richmond Town,70.0,80.0,Not Applicable,Not Applicable,Yes,Customer Demand,227,Credit Card,36,5.0,4.7
2024-07-31 22:46:00,CNR8751018746,Success,CID839090,Mini,Electronic City,Langford Town,266.0,130.0,Not Applicable,Not Applicable,No,Not Applicable,2685,Credit Card,17,4.6,3.5
2024-07-31 04:20:00,CNR2348192360,Success,CID307899,Auto,RT Nagar,Kengeri,294.0,100.0,Not Applicable,Not Applicable,Yes,Other Issue,797,Cash,10,4.9,4.1
2024-07-31 17:03:00,CNR7419017413,Success,CID714101,Bike,Banashankari,Rajajinagar,77.0,110.0,Not Applicable,Not Applicable,No,Not Applicable,229,Cash,31,4.3,4.7
2024-07-31 23:12:00,CNR7206987230,Success,CID465729,Auto,Shantinagar,Sahakar Nagar,224.0,135.0,Not Applicable,Not Applicable,No,Not Applicable,1997,UPI,10,4.0,4.3
2024-07-31 16:57:00,CNR6936906947,Success,CID803175,Prime SUV,JP Nagar,Magadi Road,91.0,70.0,Not Applicable,Not Applicable,No,Not Applicable,439,UPI,15,5.0,4.6
2024-07-31 20:07:00,CNR4750594790,Canceled by Driver,CID534198,Mini,Hulimavu,Nagarbhavi,,,Not Applicable,Personal & Car related issue,Not Applicable,Not Applicable,456,Not Applicable,0,,
2024-07-31 02:24:00,CNR3710823717,Success,CID144787,Prime Sedan,Magadi Road,Vijayanagar,231.0,105.0,Not Applicable,Not Applicable,No,Not Applicable,1989,UPI,10,3.7,3.9
2024-07-31 05:07:00,CNR1164111119,Driver Not Found,CID614002,Prime Plus,Rajarajeshwari Nagar,Peenya,,,Not Applicable,Not Applicable,Not Applicable,Not Applicable,449,Not Applicable,0,,
2024-07-31 22:18:00,CNR7543507546,Success,CID157191,Prime Sedan,Marathahalli,Chamarajpet,84.0,30.0,Not Applicable,Not Applicable,No,Not Applicable,494,UPI,15,4.2,4.0
2024-07-31 05:41:00,CNR8628598681,Driver Not Found,CID751314,Mini,Shantinagar,Shantinagar,,,Not Applicable,Not Applicable,Not Applicable,Not Applicable,158,Not Applicable,0,,
2024-07-31 08:15:00,CNR3970123911,Success,CID176825,Mini,Vijayanagar,Indiranagar,154.0,35.0,Not Applicable,Not Applicable,Yes,Vehicle Breakdown,632,Cash,41,3.0,3.4
2024-07-31 17:43:00,CNR6635386657,Success,CID555376,eBike,Bannerghatta Road,Kadugodi,294.0,100.0,Not Applicable,Not Applicable,No,Not Applicable,190,Cash,33,4.6,4.2
2024-07-31 01:22:00,CNR8747208755,Canceled by Customer,CID253924,Mini,Sahakar Nagar,HSR Layout,,,Driver is not moving towards pickup location,Not Applicable,Not Applicable,Not Applicable,969,Not Applicable,0,,
2024-07-31 02:13:00,CNR9249019271,Canceled by Driver,CID122064,Auto,Padmanabhanagar,Sahakar Nagar,,,Not Applicable,Customer was coughing/sick,Not Applicable,Not Applicable,300,Not Applicable,0,,
2024-07-31 09:41:00,CNR6633836626,Canceled by Customer,CID998004,Auto,Kammanahalli,Rajajinagar,,,Driver is not moving towards pickup location,Not Applicable,Not Applicable,Not Applicable,486,Not Applicable,0,,
2024-07-31 14:26:00,CNR6462986410,Success,CID232697,eBike,Chamarajpet,Vijayanagar,161.0,70.0,Not Applicable,Not Applicable,No,Not Applicable,434,Cash,37,4.9,3.6
2024-07-31 06:28:00,CNR3301013325,Success,CID476333,Mini,BTM Layout,Vijayanagar,42.0,30.0,Not Applicable,Not Applicable,No,Not Applicable,274,Cash,9,4.8,3.4
2024-07-31 01:27:00,CNR7197657162,Success,CID101544,Prime Plus,Frazer Town,Hebbal,161.0,25.0,Not Applicable,Not Applicable,No,Not Applicable,240,UPI,42,3.7,4.4
2024-07-31 20:52:00,CNR6121286109,Driver Not Found,CID364492,Prime Sedan,Vijayanagar,Malleshwaram,,,Not Applicable,Not Applicable,Not Applicable,Not Applicable,144,Not Applicable,0,,
2024-07-31 11:13:00,CNR4448534421,Canceled by Driver,CID143782,Auto,Padmanabhanagar,Hebbal,,,Not Applicable,Personal & Car related issue,Not Applicable,Not Applicable,364,Not Applicable,0,,
2024-07-31 00:35:00,CNR1984521925,Driver Not Found,CID704829,Auto,Padmanabhanagar,Electronic City,,,Not Applicable,Not Applicable,Not Applicable,Not Applicable,355,Not Applicable,0,,
2024-07-31 01:13:00,CNR5635045648,Success,CID103348,Mini,Ramamurthy Nagar,Peenya,196.0,120.0,Not Applicable,Not Applicable,No,Not Applicable,466,UPI,33,3.4,3.4
2024-07-31 05:38:00,CNR8120148115,Success,CID305697,Auto,Bellandur,Jayanagar,245.0,145.0,Not Applicable,Not Applicable,No,Not Applicable,562,Credit Card,15,3.5,3.8
2024-07-31 06:49:00,CNR7867707823,Canceled by Driver,CID188003,Prime Plus,Ramamurthy Nagar,Ulsoor,,,Not Applicable,More than permitted people in there,Not Applicable,Not Applicable,804,Not Applicable,0,,
2024-07-31 12:27:00,CNR8467888493,Success,CID622747,Prime SUV,Padmanabhanagar,BTM Layout,224.0,95.0,Not Applicable,Not Applicable,No,Not Applicable,767,Cash,44,3.5,4.7
2024-07-31 23:46:00,CNR3078203058,Canceled by Driver,CID817628,Mini,Sarjapur Road,Kammanahalli,,,Not Applicable,Customer related issue,Not Applicable,Not Applicable,152,Not Applicable,0,,
2024-07-31 22:26:00,CNR4377074333,Canceled by Driver,CID404369,Prime Plus,HSR Layout,Peenya,,,Not Applicable,More than permitted people in there,Not Applicable,Not Applicable,804,Not Applicable,0,,
2024-07-31 20:24:00,CNR8624938641,Success,CID304875,Bike,Shivajinagar,Peenya,266.0,135.0,Not Applicable,Not Applicable,No,Not Applicable,408,Cash,4,3.9,3.1
2024-07-31 01:47:00,CNR3434533403,Canceled by Driver,CID955257,Prime Plus,Electronic City,Hennur,,,Not Applicable,Customer related issue,Not Applicable,Not Applicable,542,Not Applicable,0,,
2024-07-31 19:17:00,CNR7506447546,Success,CID983643,Prime SUV,Yeshwanthpur,Majestic,105.0,80.0,Not Applicable,Not Applicable,No,Not Applicable,474,UPI,27,3.0,4.3
2024-07-31 17:19:00,CNR8238198208,Canceled by Driver,CID194959,Auto,Chamarajpet,Rajajinagar,,,Not Applicable,Customer related issue,Not Applicable,Not Applicable,226,Not Applicable,0,,
2024-07-31 01:33:00,CNR3122533158,Canceled by Customer,CID846638,Auto,Ramamurthy Nagar,Magadi Road,,,Wrong Address,Not Applicable,Not Applicable,Not Applicable,350,Not Applicable,0,,
2024-07-31 05:27:00,CNR1891861865,Success,CID638268,Prime Plus,Mysore Road,Koramangala,154.0,25.0,Not Applicable,Not Applicable,No,Not Applicable,332,Cash,19,4.1,3.9
2024-07-31 23:33:00,CNR7155147198,Canceled by Customer,CID650773,eBike,Magadi Road,Rajajinagar,,,Driver is not moving towards pickup location,Not Applicable,Not Applicable,Not Applicable,322,Not Applicable,0,,
2024-07-31 06:15:00,CNR5819715894,Success,CID887772,Prime Plus,Devanahalli,Yeshwanthpur,98.0,130.0,Not Applicable,Not Applicable,No,Not Applicable,860,UPI,33,4.3,3.2
2024-07-31 12:31:00,CNR6350636369,Canceled by Driver,CID307065,Prime Sedan,Rajajinagar,Marathahalli,,,Not Applicable,Customer related issue,Not Applicable,Not Applicable,991,Not Applicable,0,,
2024-07-31 08:00:00,CNR6315026302,Success,CID280152,Bike,Yeshwanthpur,Majestic,119.0,105.0,Not Applicable,Not Applicable,No,Not Applicable,253,Cash,21,3.4,3.1
2024-07-31 13:51:00,CNR6959366911,Canceled by Customer,CID781831,Auto,Ramamurthy Nagar,Kadugodi,,,Driver is not moving towards pickup location,Not Applicable,Not Applicable,Not Applicable,493,Not Applicable,0,,
2024-07-31 19:36:00,CNR8297298210,Success,CID681185,Bike,Kammanahalli,BTM Layout,210.0,130.0,Not Applicable,Not Applicable,No,Not Applicable,499,Cash,25,4.9,4.1
2024-07-31 01:02:00,CNR7375447389,Success,CID641732,Auto,Kengeri,Majestic,35.0,115.0,Not Applicable,Not Applicable,No,Not Applicable,759,UPI,6,3.3,3.2
2024-07-31 06:31:00,CNR3718413731,Driver Not Found,CID920291,Bike,BTM Layout,HSR Layout,,,Not Applicable,Not Applicable,Not Applicable,Not Applicable,425,Not Applicable,0,,
2024-07-31 06:12:00,CNR5074085069,Canceled by Driver,CID141181,Auto,Jayanagar,Majestic,,,Not Applicable,Personal & Car related issue,Not Applicable,Not Applicable,441,Not Applicable,0,,
2024-07-31 06:34:00,CNR5102865118,Canceled by Driver,CID339642,Auto,KR Puram,Frazer Town,,,Not Applicable,Personal & Car related issue,Not Applicable,Not Applicable,184,Not Applicable,0,,
2024-07-31 16:03:00,CNR2117542162,Success,CID788775,Mini,Magadi Road,BTM Layout,84.0,65.0,Not Applicable,Not Applicable,No,Not Applicable,492,UPI,48,4.1,4.7
2024-07-31 12:14:00,CNR7946637922,Driver Not Found,CID774019,Prime Plus,Indiranagar,Sarjapur Road,,,Not Applicable,Not Applicable,Not Applicable,Not Applicable,651,Not Applicable,0,,
2024-07-31 08:56:00,CNR1403981440,Canceled by Customer,CID436595,Auto,Peenya,Whitefield,,,Driver is not moving towards pickup location,Not Applicable,Not Applicable,Not Applicable,599,Not Applicable,0,,
2024-07-31 01:40:00,CNR2491352463,Driver Not Found,CID493481,Bike,Vijayanagar,Marathahalli,,,Not Applicable,Not Applicable,Not Applicable,Not Applicable,142,Not Applicable,0,,
2024-07-31 11:18:00,CNR3088463005,Canceled by Customer,CID906587,Bike,Tumkur Road,Vijayanagar,,,AC is Not working,Not Applicable,Not Applicable,Not Applicable,688,Not Applicable,0,,
2024-07-31 03:11:00,CNR3687313639,Success,CID640076,Auto,Marathahalli,Shivajinagar,231.0,135.0,Not Applicable,Not Applicable,No,Not Applicable,290,Credit Card,18,4.2,4.6
2024-07-31 22:12:00,CNR2698672618,Canceled by Customer,CID993822,Prime Sedan,Shantinagar,Chickpet,,,Change of plans,Not Applicable,Not Applicable,Not Applicable,419,Not Applicable,0,,
2024-07-31 23:10:00,CNR1807191823,Success,CID500946,Auto,Indiranagar,Kammanahalli,301.0,110.0,Not Applicable,Not Applicable,No,Not Applicable,118,UPI,4,4.0,4.1
2024-07-31 22:49:00,CNR3236673224,Success,CID758449,Auto,Sahakar Nagar,Marathahalli,42.0,115.0,Not Applicable,Not Applicable,No,Not Applicable,484,UPI,10,3.6,3.7
2024-07-31 18:02:00,CNR1620561662,Success,CID807730,Prime SUV,Sarjapur Road,Hebbal,56.0,60.0,Not Applicable,Not Applicable,No,Not Applicable,265,UPI,38,4.3,3.1
2024-07-31 01:39:00,CNR8491618474,Canceled by Driver,CID204722,Auto,Marathahalli,Tumkur Road,,,Not Applicable,Customer related issue,Not Applicable,Not Applicable,1085,Not Applicable,0,,
2024-07-31 05:07:00,CNR9485419464,Success,CID183420,Mini,Vijayanagar,Hebbal,35.0,140.0,Not Applicable,Not Applicable,No,Not Applicable,182,Cash,37,4.2,3.3
2024-07-31 05:25:00,CNR4234674260,Success,CID145802,Mini,Chickpet,Ramamurthy Nagar,161.0,25.0,Not Applicable,Not Applicable,No,Not Applicable,329,Cash,4,4.2,4.4
2024-07-31 03:40:00,CNR6456836403,Canceled by Customer,CID497942,Bike,Peenya,Sarjapur Road,,,Change of plans,Not Applicable,Not Applicable,Not Applicable,773,Not Applicable,0,,
2024-07-31 09:34:00,CNR7886837814,Driver Not Found,CID372236,Prime Plus,RT Nagar,Kadugodi,,,Not Applicable,Not Applicable,Not Applicable,Not Applicable,327,Not Applicable,0,,
2024-07-31 12:45:00,CNR1774551712,Success,CID621187,Prime Sedan,Hebbal,Vijayanagar,91.0,90.0,Not Applicable,Not Applicable,No,Not Applicable,2014,UPI,14,4.6,3.5
2024-07-31 15:47:00,CNR8905388920,Success,CID146801,Auto,Langford Town,Majestic,224.0,55.0,Not Applicable,Not Applicable,No,Not Applicable,389,Cash,19,4.1,4.9
2024-07-31 04:15:00,CNR8856718841,Success,CID652560,Bike,Shivajinagar,RT Nagar,98.0,80.0,Not Applicable,Not Applicable,No,Not Applicable,282,Cash,29,3.6,3.7
2024-07-31 18:42:00,CNR4196504144,Success,CID882238,eBike,RT Nagar,Indiranagar,133.0,80.0,Not Applicable,Not Applicable,No,Not Applicable,399,Cash,16,3.4,3.2
2024-07-31 21:19:00,CNR6332586364,Success,CID534706,Bike,Cox Town,Kengeri,175.0,25.0,Not Applicable,Not Applicable,No,Not Applicable,492,Credit Card,2,4.2,4.5
2024-07-31 17:13:00,CNR6399126380,Success,CID106014,Prime SUV,Koramangala,Electronic City,77.0,110.0,Not Applicable,Not Applicable,No,Not Applicable,2831,UPI,47,4.6,4.8
2024-07-31 11:30:00,CNR8229168293,Canceled by Customer,CID330543,Mini,Hosur Road,Bellandur,,,Driver is not moving towards pickup location,Not Applicable,Not Applicable,Not Applicable,727,Not Applicable,0,,
2024-07-31 04:39:00,CNR7392467353,Success,CID262588,Prime Sedan,MG Road,Tumkur Road,266.0,100.0,Not Applicable,Not Applicable,No,Not Applicable,121,UPI,31,3.9,4.2
2024-07-31 19:31:00,CNR2178322146,Success,CID628398,Auto,Rajajinagar,Ulsoor,210.0,40.0,Not Applicable,Not Applicable,No,Not Applicable,1840,Cash,16,4.4,3.8
2024-07-31 04:15:00,CNR9947419974,Success,CID607398,eBike,Kadugodi,Kengeri,266.0,70.0,Not Applicable,Not Applicable,No,Not Applicable,160,Cash,18,4.5,4.0
2024-07-31 11:30:00,CNR5790045750,Success,CID794165,Prime SUV,HSR Layout,BTM Layout,42.0,95.0,Not Applicable,Not Applicable,No,Not Applicable,684,UPI,26,5.0,4.0
2024-07-31 05:05:00,CNR4192254140,Success,CID408864,Mini,Sahakar Nagar,Langford Town,133.0,35.0,Not Applicable,Not Applicable,No,Not Applicable,476,Cash,25,3.6,3.5
2024-07-31 23:29:00,CNR3148863159,Success,CID774645,Bike,MG Road,Richmond Town,245.0,55.0,Not Applicable,Not Applicable,Yes,Other Issue,807,UPI,3,4.3,3.4
2024-07-31 15:16:00,CNR1781571706,Success,CID232373,Auto,Padmanabhanagar,Basavanagudi,245.0,95.0,Not Applicable,Not Applicable,No,Not Applicable,265,Cash,1,4.5,4.5
2024-07-31 23:37:00,CNR9740889729,Success,CID836674,Prime SUV,Shivajinagar,Varthur,182.0,105.0,Not Applicable,Not Applicable,No,Not Applicable,223,Cash,26,3.4,3.8
2024-07-31 07:15:00,CNR3449793421,Success,CID807988,Prime SUV,Devanahalli,Yeshwanthpur,63.0,65.0,Not Applicable,Not Applicable,No,Not Applicable,2502,Cash,17,3.7,3.0
2024-07-31 15:08:00,CNR3692923618,Canceled by Customer,CID930302,Bike,Whitefield,HSR Layout,,,Driver is not moving towards pickup location,Not Applicable,Not Applicable,Not Applicable,336,Not Applicable,0,,
2024-07-31 10:55:00,CNR1576231546,Canceled by Driver,CID184392,Bike,Marathahalli,Hosur Road,,,Not Applicable,Customer related issue,Not Applicable,Not Applicable,137,Not Applicable,0,,
2024-07-31 17:06:00,CNR5141145188,Canceled by Driver,CID781548,Prime Plus,Marathahalli,HSR Layout,,,Not Applicable,Customer related issue,Not Applicable,Not Applicable,133,Not Applicable,0,,
2024-07-31 08:12:00,CNR4847994857,Canceled by Driver,CID667125,Auto,Indiranagar,Nagarbhavi,,,Not Applicable,More than permitted people in there,Not Applicable,Not Applicable,522,Not Applicable,0,,
2024-07-31 02:20:00,CNR4234464214,Success,CID827077,Prime Sedan,Kammanahalli,Kadugodi,91.0,145.0,Not Applicable,Not Applicable,No,Not Applicable,131,Cash,44,4.2,4.2
2024-07-31 02:21:00,CNR7343937300,Success,CID785764,Prime Plus,Jayanagar,Malleshwaram,238.0,80.0,Not Applicable,Not Applicable,No,Not Applicable,832,UPI,36,4.1,4.6
2024-07-31 20:45:00,CNR4815094890,Canceled by Customer,CID697811,Mini,Sahakar Nagar,Padmanabhanagar,,,Driver is not moving towards pickup location,Not Applicable,Not Applicable,Not Applicable,1302,Not Applicable,0,,
2024-07-31 04:18:00,CNR6917556901,Canceled by Driver,CID556928,Prime Sedan,Bellandur,Langford Town,,,Not Applicable,Customer related issue,Not Applicable,Not Applicable,454,Not Applicable,0,,
2024-07-31 13:21:00,CNR5242995205,Success,CID141631,Auto,Langford Town,Sarjapur Road,77.0,115.0,Not Applicable,Not Applicable,No,Not Applicable,330,UPI,19,4.4,4.5
2024-07-31 17:30:00,CNR6523396590,Success,CID883008,eBike,Malleshwaram,Chamarajpet,63.0,25.0,Not Applicable,Not Applicable,No,Not Applicable,293,Cash,24,3.8,3.1
2024-07-31 18:58:00,CNR9642039674,Driver Not Found,CID411848,Bike,Sahakar Nagar,MG Road,,,Not Applicable,Not Applicable,Not Applicable,Not Applicable,132,Not Applicable,0,,
2024-07-31 16:00:00,CNR1533051534,Success,CID788797,Prime Sedan,Kammanahalli,Chickpet,77.0,120.0,Not Applicable,Not Applicable,No,Not Applicable,388,Cash,48,4.6,3.2
2024-07-31 10:31:00,CNR4476444411,Driver Not Found,CID504198,Auto,Jayanagar,Banashankari,,,Not Applicable,Not Applicable,Not Applicable,Not Applicable,206,Not Applicable,0,,
2024-07-31 06:13:00,CNR3638253606,Success,CID637535,Prime Sedan,Whitefield,Bannerghatta Road,231.0,130.0,Not Applicable,Not Applicable,No,Not Applicable,347,Cash,5,3.6,3.2
2024-07-31 07:07:00,CNR2310402392,Canceled by Customer,CID889976,eBike,Richmond Town,Vijayanagar,,,Driver is not moving towards pickup location,Not Applicable,Not Applicable,Not Applicable,357,Not Applicable,0,,
2024-07-31 06:31:00,CNR2035892080,Success,CID942571,Prime SUV,Magadi Road,Nagarbhavi,175.0,35.0,Not Applicable,Not Applicable,No,Not Applicable,132,UPI,35,3.5,3.7
2024-07-31 05:26:00,CNR6393386324,Success,CID309850,Prime SUV,Richmond Town,KR Puram,245.0,75.0,Not Applicable,Not Applicable,No,Not Applicable,235,Cash,14,4.4,4.2
2024-07-31 03:27:00,CNR3237013227,Success,CID565080,Mini,Ramamurthy Nagar,Ulsoor,280.0,125.0,Not Applicable,Not Applicable,No,Not Applicable,685,Cash,20,3.5,3.2
2024-07-31 01:16:00,CNR7948357913,Driver Not Found,CID174810,Auto,Chickpet,Majestic,,,Not Applicable,Not Applicable,Not Applicable,Not Applicable,447,Not Applicable,0,,
2024-07-31 11:23:00,CNR9235499277,Driver Not Found,CID825092,Prime SUV,Vijayanagar,Cox Town,,,Not Applicable,Not Applicable,Not Applicable,Not Applicable,2164,Not Applicable,0,,
2024-07-31 11:00:00,CNR8243438250,Canceled by Driver,CID966843,Prime Plus,Malleshwaram,Varthur,,,Not Applicable,Personal & Car related issue,Not Applicable,Not Applicable,569,Not Applicable,0,,
2024-07-31 22:40:00,CNR8164088196,Success,CID503641,eBike,Ulsoor,Devanahalli,161.0,30.0,Not Applicable,Not Applicable,No,Not Applicable,616,Cash,6,4.7,5.0
2024-07-31 08:25:00,CNR2778292756,Driver Not Found,CID318748,Bike,Sarjapur Road,KR Puram,,,Not Applicable,Not Applicable,Not Applicable,Not Applicable,144,Not Applicable,0,,
2024-07-31 14:17:00,CNR5410985418,Success,CID871466,Bike,Shantinagar,Devanahalli,112.0,80.0,Not Applicable,Not Applicable,Yes,Customer Demand,309,UPI,21,3.4,4.4
2024-07-31 16:03:00,CNR1292401233,Success,CID191750,Auto,Peenya,Chickpet,126.0,65.0,Not Applicable,Not Applicable,No,Not Applicable,756,Cash,17,3.8,4.0
2024-07-31 19:35:00,CNR8283058214,Canceled by Driver,CID848481,eBike,Chickpet,Yelahanka,,,Not Applicable,Personal & Car related issue,Not Applicable,Not Applicable,2897,Not Applicable,0,,
2024-07-31 02:55:00,CNR1896651812,Success,CID354932,eBike,KR Puram,Rajarajeshwari Nagar,105.0,40.0,Not Applicable,Not Applicable,No,Not Applicable,1134,Cash,13,3.1,4.6
2024-07-31 14:30:00,CNR3774453723,Canceled by Customer,CID628888,Prime SUV,Basavanagudi,Tumkur Road,,,Driver asked to cancel,Not Applicable,Not Applicable,Not Applicable,485,Not Applicable,0,,
2024-07-31 04:03:00,CNR7454777472,Success,CID204888,Bike,JP Nagar,JP Nagar,273.0,70.0,Not Applicable,Not Applicable,No,Not Applicable,2530,Cash,26,3.7,4.5
2024-07-31 02:07:00,CNR8425648411,Driver Not Found,CID939774,eBike,Kengeri,Shivajinagar,,,Not Applicable,Not Applicable,Not Applicable,Not Applicable,483,Not Applicable,0,,
2024-07-31 07:06:00,CNR9601379662,Canceled by Driver,CID891431,Mini,Richmond Town,Koramangala,,,Not Applicable,Customer was coughing/sick,Not Applicable,Not Applicable,2543,Not Applicable,0,,
2024-07-31 07:37:00,CNR5026545096,Driver Not Found,CID168768,Bike,Hulimavu,Majestic,,,Not Applicable,Not Applicable,Not Applicable,Not Applicable,458,Not Applicable,0,,
2024-07-31 14:06:00,CNR5520255545,Success,CID800589,Prime SUV,Majestic,Malleshwaram,56.0,35.0,Not Applicable,Not Applicable,No,Not Applicable,368,Credit Card,20,3.3,3.9
2024-07-31 17:52:00,CNR2761612742,Success,CID364339,eBike,Rajajinagar,Sahakar Nagar,210.0,125.0,Not Applicable,Not Applicable,No,Not Applicable,624,Cash,27,3.3,4.7
2024-07-31 17:02:00,CNR7150677179,Canceled by Driver,CID623335,Prime SUV,Indiranagar,Kammanahalli,,,Not Applicable,Personal & Car related issue,Not Applicable,Not Applicable,170,Not Applicable,0,,
2024-07-31 01:03:00,CNR3290453243,Success,CID502480,Mini,Padmanabhanagar,Vijayanagar,70.0,100.0,Not Applicable,Not Applicable,No,Not Applicable,385,Cash,6,4.7,3.9
2024-07-31 02:36:00,CNR6989086936,Success,CID189183,Mini,Hulimavu,Cox Town,294.0,145.0,Not Applicable,Not Applicable,No,Not Applicable,460,Cash,19,3.7,4.0
2024-07-31 10:39:00,CNR7123207110,Success,CID511230,Bike,Basavanagudi,Rajajinagar,273.0,50.0,Not Applicable,Not Applicable,No,Not Applicable,172,Cash,42,4.0,3.5
2024-07-31 19:36:00,CNR5890915862,Canceled by Driver,CID584430,Prime SUV,Marathahalli,Hennur,,,Not Applicable,Personal & Car related issue,Not Applicable,Not Applicable,369,Not Applicable,0,,
2024-07-31 04:15:00,CNR7355927321,Success,CID879008,Prime Plus,Cox Town,BTM Layout,49.0,45.0,Not Applicable,Not Applicable,No,Not Applicable,957,Credit Card,9,4.8,4.3
2024-07-31 07:43:00,CNR7883477849,Success,CID331377,Bike,BTM Layout,Sarjapur Road,63.0,90.0,Not Applicable,Not Applicable,No,Not Applicable,161,UPI,29,4.7,4.7
2024-07-31 05:43:00,CNR7187557192,Success,CID520894,Mini,Padmanabhanagar,Chamarajpet,217.0,80.0,Not Applicable,Not Applicable,No,Not Applicable,449,Cash,14,4.8,4.8
2024-07-31 21:05:00,CNR7869217890,Success,CID551366,Prime Plus,Bannerghatta Road,Kadugodi,301.0,25.0,Not Applicable,Not Applicable,No,Not Applicable,907,Cash,21,4.3,4.3
2024-07-31 01:50:00,CNR6362016341,Driver Not Found,CID662283,eBike,Hennur,Bannerghatta Road,,,Not Applicable,Not Applicable,Not Applicable,Not Applicable,348,Not Applicable,0,,
2024-07-31 20:28:00,CNR3733473751,Success,CID339808,Prime Sedan,Sarjapur Road,Ulsoor,77.0,25.0,Not Applicable,Not Applicable,No,Not Applicable,356,Cash,31,4.1,5.0
2024-07-31 17:09:00,CNR2858712863,Canceled by Driver,CID926940,Prime Sedan,Frazer Town,Chamarajpet,,,Not Applicable,More than permitted people in there,Not Applicable,Not Applicable,754,Not Applicable,0,,
2024-07-31 04:22:00,CNR5086095020,Success,CID256717,Auto,Mysore Road,Banashankari,112.0,140.0,Not Applicable,Not Applicable,No,Not Applicable,443,Cash,7,4.0,3.3
2024-07-31 03:17:00,CNR6354626368,Canceled by Driver,CID898294,Prime Sedan,MG Road,Kengeri,,,Not Applicable,Customer was coughing/sick,Not Applicable,Not Applicable,425,Not Applicable,0,,
2024-07-31 11:50:00,CNR6042366073,Success,CID278418,Prime Sedan,Bannerghatta Road,Kengeri,63.0,145.0,Not Applicable,Not Applicable,No,Not Applicable,558,UPI,2,4.4,3.3
2024-07-31 19:49:00,CNR3779483706,Canceled by Customer,CID690976,Prime SUV,Hebbal,Ramamurthy Nagar,,,Driver asked to cancel,Not Applicable,Not Applicable,Not Applicable,126,Not Applicable,0,,
2024-07-31 12:49:00,CNR5818235877,Success,CID951192,Bike,Rajarajeshwari Nagar,Shivajinagar,294.0,50.0,Not Applicable,Not Applicable,No,Not Applicable,242,UPI,45,3.6,3.1
2024-07-31 14:59:00,CNR7655667617,Success,CID726170,Prime SUV,Hebbal,Yeshwanthpur,196.0,25.0,Not Applicable,Not Applicable,No,Not Applicable,267,Cash,36,4.6,3.2
2024-07-31 00:20:00,CNR5207625229,Canceled by Driver,CID757709,Mini,Ramamurthy Nagar,Rajajinagar,,,Not Applicable,Personal & Car related issue,Not Applicable,Not Applicable,882,Not Applicable,0,,
2024-07-31 14:31:00,CNR8536908557,Success,CID913733,Prime Plus,Nagarbhavi,Majestic,49.0,60.0,Not Applicable,Not Applicable,No,Not Applicable,817,Cash,17,5.0,3.3
2024-07-31 12:05:00,CNR2908192959,Canceled by Customer,CID466453,Auto,Chamarajpet,Sarjapur Road,,,Driver is not moving towards pickup location,Not Applicable,Not Applicable,Not Applicable,192,Not Applicable,0,,
2024-07-31 07:43:00,CNR5026265007,Success,CID636597,Mini,Whitefield,KR Puram,147.0,45.0,Not Applicable,Not Applicable,No,Not Applicable,104,UPI,3,4.9,3.8
2024-07-31 16:21:00,CNR4129624151,Success,CID659005,Prime Sedan,Sarjapur Road,Devanahalli,294.0,110.0,Not Applicable,Not Applicable,Yes,Vehicle Breakdown,104,Cash,34,4.6,3.3
2024-07-31 11:31:00,CNR6911676975,Success,CID384952,Bike,Electronic City,Banashankari,35.0,135.0,Not Applicable,Not Applicable,No,Not Applicable,2959,Cash,49,4.0,3.2
2024-07-31 09:29:00,CNR6678506686,Success,CID212469,Bike,Hennur,Chamarajpet,126.0,70.0,Not Applicable,Not Applicable,No,Not Applicable,696,Cash,9,3.1,4.9
2024-07-31 20:39:00,CNR6273946291,Success,CID654252,Prime Sedan,Hosur Road,Mysore Road,287.0,25.0,Not Applicable,Not Applicable,No,Not Applicable,934,UPI,7,4.7,3.8
2024-07-31 14:16:00,CNR4985104999,Success,CID183599,Auto,Bannerghatta Road,Shantinagar,175.0,90.0,Not Applicable,Not Applicable,No,Not Applicable,1205,Cash,6,4.0,3.9
2024-07-31 16:36:00,CNR5673955679,Success,CID695667,Prime SUV,Majestic,Hebbal,182.0,40.0,Not Applicable,Not Applicable,No,Not Applicable,433,UPI,8,3.9,4.4
2024-07-31 08:25:00,CNR5059785055,Success,CID149852,Prime Sedan,Sarjapur Road,BTM Layout,105.0,40.0,Not Applicable,Not Applicable,No,Not Applicable,305,Cash,30,4.6,3.4
2024-07-31 22:54:00,CNR1317121336,Success,CID858808,Prime Plus,Magadi Road,Padmanabhanagar,119.0,45.0,Not Applicable,Not Applicable,Yes,Vehicle Breakdown,415,UPI,24,3.1,4.1
2024-07-31 15:28:00,CNR1908931939,Success,CID568820,Prime SUV,Sarjapur Road,Indiranagar,70.0,115.0,Not Applicable,Not Applicable,No,Not Applicable,921,UPI,22,3.4,4.9
2024-07-31 05:40:00,CNR1336621349,Success,CID693769,Auto,Yeshwanthpur,Whitefield,210.0,135.0,Not Applicable,Not Applicable,No,Not Applicable,344,Cash,15,3.6,4.7
2024-07-31 06:52:00,CNR7058817058,Success,CID180604,Prime Plus,Frazer Town,Whitefield,168.0,145.0,Not Applicable,Not Applicable,No,Not Applicable,375,Cash,13,4.0,3.1
2024-07-31 13:24:00,CNR1781251721,Canceled by Driver,CID151690,Auto,Sahakar Nagar,Malleshwaram,,,Not Applicable,Customer related issue,Not Applicable,Not Applicable,172,Not Applicable,0,,
2024-07-31 03:00:00,CNR5562605513,Success,CID583465,Mini,Koramangala,Ulsoor,252.0,40.0,Not Applicable,Not Applicable,No,Not Applicable,519,UPI,32,3.2,4.8
2024-07-31 22:05:00,CNR5000515054,Success,CID462068,Auto,HSR Layout,Hulimavu,35.0,25.0,Not Applicable,Not Applicable,No,Not Applicable,106,Cash,16,3.1,3.9
2024-07-31 01:18:00,CNR4806014894,Success,CID673594,Auto,HSR Layout,Chickpet,49.0,110.0,Not Applicable,Not Applicable,No,Not Applicable,239,Cash,11,3.7,4.9
2024-07-31 22:00:00,CNR8149478182,Driver Not Found,CID783362,eBike,Nagarbhavi,Marathahalli,,,Not Applicable,Not Applicable,Not Applicable,Not Applicable,512,Not Applicable,0,,
2024-07-31 14:13:00,CNR7305687342,Success,CID743195,eBike,Peenya,Langford Town,91.0,70.0,Not Applicable,Not Applicable,No,Not Applicable,408,UPI,13,4.0,3.6
2024-07-31 20:27:00,CNR3727003775,Canceled by Driver,CID183928,eBike,Mysore Road,Hebbal,,,Not Applicable,Customer related issue,Not Applicable,Not Applicable,122,Not Applicable,0,,
2024-07-31 14:27:00,CNR6890026878,Success,CID973538,Auto,Rajarajeshwari Nagar,Hebbal,140.0,60.0,Not Applicable,Not Applicable,No,Not Applicable,226,Cash,11,4.0,3.3
2024-07-31 07:19:00,CNR9200719260,Driver Not Found,CID681362,eBike,HSR Layout,Kammanahalli,,,Not Applicable,Not Applicable,Not Applicable,Not Applicable,1447,Not Applicable,0,,
2024-07-31 07:52:00,CNR5613115670,Success,CID855192,Auto,Hulimavu,RT Nagar,91.0,45.0,Not Applicable,Not Applicable,No,Not Applicable,2693,UPI,17,4.7,4.0
2024-07-31 13:39:00,CNR1525591568,Success,CID741934,eBike,Majestic,Kadugodi,266.0,125.0,Not Applicable,Not Applicable,No,Not Applicable,710,Cash,19,4.3,4.3
2024-07-31 03:19:00,CNR1987801970,Canceled by Driver,CID509887,Prime SUV,Basavanagudi,Hennur,,,Not Applicable,Customer related issue,Not Applicable,Not Applicable,223,Not Applicable,0,,
2024-07-31 15:02:00,CNR4003884035,Canceled by Driver,CID211803,eBike,Jayanagar,JP Nagar,,,Not Applicable,Personal & Car related issue,Not Applicable,Not Applicable,454,Not Applicable,0,,
2024-07-31 13:38:00,CNR1033411057,Success,CID710308,Auto,Devanahalli,Hennur,84.0,110.0,Not Applicable,Not Applicable,No,Not Applicable,210,UPI,7,3.5,3.9
2024-07-31 04:26:00,CNR8498018469,Canceled by Driver,CID840583,Bike,Ramamurthy Nagar,Yeshwanthpur,,,Not Applicable,Personal & Car related issue,Not Applicable,Not Applicable,2914,Not Applicable,0,,
2024-07-31 20:23:00,CNR5035185096,Success,CID300221,Bike,Kengeri,Bellandur,35.0,50.0,Not Applicable,Not Applicable,No,Not Applicable,233,Cash,49,3.5,3.3
2024-07-31 21:53:00,CNR5552615552,Canceled by Driver,CID959916,Prime SUV,Indiranagar,Whitefield,,,Not Applicable,Personal & Car related issue,Not Applicable,Not Applicable,736,Not Applicable,0,,
2024-07-31 16:15:00,CNR2434842419,Success,CID284220,Prime Plus,RT Nagar,Mysore Road,91.0,40.0,Not Applicable,Not Applicable,No,Not Applicable,851,UPI,49,4.4,3.5
2024-07-31 06:27:00,CNR2919292922,Canceled by Driver,CID363744,Prime Sedan,Chickpet,Hennur,,,Not Applicable,Personal & Car related issue,Not Applicable,Not Applicable,121,Not Applicable,0,,
2024-07-31 22:59:00,CNR6059836083,Canceled by Customer,CID555385,Prime SUV,Ramamurthy Nagar,Indiranagar,,,Driver is not moving towards pickup location,Not Applicable,Not Applicable,Not Applicable,869,Not Applicable,0,,
2024-07-31 12:16:00,CNR7773667713,Success,CID115196,Prime SUV,MG Road,RT Nagar,70.0,65.0,Not Applicable,Not Applicable,No,Not Applicable,307,UPI,15,4.6,4.6
2024-07-31 01:57:00,CNR9627119649,Success,CID932696,Auto,Chickpet,Yeshwanthpur,231.0,90.0,Not Applicable,Not Applicable,No,Not Applicable,256,UPI,16,3.8,3.7
2024-07-31 04:10:00,CNR2558672527,Success,CID963545,eBike,Whitefield,Vijayanagar,273.0,65.0,Not Applicable,Not Applicable,No,Not Applicable,163,Credit Card,49,4.2,3.6
2024-07-31 08:56:00,CNR8330708364,Success,CID363333,Bike,JP Nagar,Ramamurthy Nagar,203.0,105.0,Not Applicable,Not Applicable,Yes,Customer Demand,456,Cash,13,4.3,4.0
2024-07-31 20:33:00,CNR8257428219,Success,CID291300,Prime SUV,Shantinagar,Padmanabhanagar,280.0,130.0,Not Applicable,Not Applicable,No,Not Applicable,124,Cash,9,4.8,4.6
2024-07-31 16:14:00,CNR3441613429,Success,CID232965,Auto,Hennur,Rajarajeshwari Nagar,147.0,120.0,Not Applicable,Not Applicable,No,Not Applicable,125,Cash,12,3.1,3.8
2024-07-31 12:40:00,CNR1000051055,Driver Not Found,CID336114,Bike,Devanahalli,Jayanagar,,,Not Applicable,Not Applicable,Not Applicable,Not Applicable,285,Not Applicable,0,,
2024-07-31 03:58:00,CNR6976316942,Success,CID309238,Mini,Kadugodi,JP Nagar,161.0,90.0,Not Applicable,Not Applicable,No,Not Applicable,786,Cash,29,4.7,4.2
2024-07-31 17:52:00,CNR3750823717,Success,CID549503,Mini,Basavanagudi,Yeshwanthpur,112.0,120.0,Not Applicable,Not Applicable,No,Not Applicable,208,Cash,27,3.8,4.1
2024-07-31 16:29:00,CNR7651807633,Canceled by Driver,CID226856,Auto,Rajarajeshwari Nagar,Langford Town,,,Not Applicable,Customer was coughing/sick,Not Applicable,Not Applicable,320,Not Applicable,0,,
2024-07-31 11:15:00,CNR6259016216,Success,CID380535,Bike,Shantinagar,Chamarajpet,182.0,85.0,Not Applicable,Not Applicable,No,Not Applicable,2047,UPI,37,3.5,4.7
2024-07-31 17:35:00,CNR1489731462,Success,CID553629,Prime Plus,Peenya,Kengeri,245.0,135.0,Not Applicable,Not Applicable,No,Not Applicable,471,Cash,26,4.9,4.4
2024-07-31 06:37:00,CNR1345431359,Success,CID362414,Auto,Ulsoor,Hebbal,77.0,105.0,Not Applicable,Not Applicable,No,Not Applicable,326,Cash,2,3.9,3.3
2024-07-31 20:02:00,CNR9745519783,Canceled by Driver,CID893154,Prime SUV,Nagarbhavi,MG Road,,,Not Applicable,Customer related issue,Not Applicable,Not Applicable,268,Not Applicable,0,,
2024-07-31 01:11:00,CNR1450861463,Success,CID515575,Auto,Varthur,Hosur Road,98.0,120.0,Not Applicable,Not Applicable,No,Not Applicable,166,Cash,12,4.7,4.5
2024-07-31 09:32:00,CNR4905004960,Success,CID430247,Prime Sedan,Varthur,Jayanagar,49.0,120.0,Not Applicable,Not Applicable,No,Not Applicable,208,Cash,33,4.0,4.6
2024-07-31 07:48:00,CNR9816479893,Canceled by Customer,CID225340,Mini,Malleshwaram,Koramangala,,,Driver asked to cancel,Not Applicable,Not Applicable,Not Applicable,2030,Not Applicable,0,,
2024-07-31 14:00:00,CNR4401024494,Success,CID192129,Prime Sedan,Ramamurthy Nagar,Tumkur Road,287.0,90.0,Not Applicable,Not Applicable,No,Not Applicable,205,UPI,40,4.7,4.6
2024-07-31 09:05:00,CNR6981456966,Canceled by Driver,CID339303,Prime Plus,Malleshwaram,Marathahalli,,,Not Applicable,Customer was coughing/sick,Not Applicable,Not Applicable,118,Not Applicable,0,,
2024-07-31 06:51:00,CNR8287508270,Success,CID551112,Mini,Electronic City,Sarjapur Road,70.0,55.0,Not Applicable,Not Applicable,No,Not Applicable,2456,UPI,9,4.8,3.8
2024-07-31 20:22:00,CNR5559995576,Success,CID247244,Prime SUV,Sarjapur Road,Ramamurthy Nagar,196.0,35.0,Not Applicable,Not Applicable,No,Not Applicable,304,UPI,42,4.3,3.3
2024-07-31 21:06:00,CNR8926978961,Success,CID711424,eBike,HSR Layout,JP Nagar,42.0,80.0,Not Applicable,Not Applicable,Yes,Customer Demand,487,UPI,31,4.9,4.4
2024-07-31 14:36:00,CNR6405626448,Success,CID239196,Auto,Majestic,Peenya,91.0,45.0,Not Applicable,Not Applicable,No,Not Applicable,211,UPI,5,4.2,3.9
2024-07-31 04:38:00,CNR3572593555,Driver Not Found,CID246544,Prime SUV,Majestic,Koramangala,,,Not Applicable,Not Applicable,Not Applicable,Not Applicable,218,Not Applicable,0,,
2024-07-31 23:55:00,CNR9561059501,Success,CID630533,Auto,Nagarbhavi,HSR Layout,154.0,25.0,Not Applicable,Not Applicable,No,Not Applicable,554,Cash,14,3.4,3.1
2024-07-31 01:49:00,CNR5683125610,Driver Not Found,CID831009,Prime SUV,Kammanahalli,Bellandur,,,Not Applicable,Not Applicable,Not Applicable,Not Applicable,2755,Not Applicable,0,,
2024-07-31 15:54:00,CNR5581135547,Success,CID811231,Prime Plus,MG Road,Whitefield,175.0,60.0,Not Applicable,Not Applicable,No,Not Applicable,831,Cash,10,3.3,4.5
2024-07-31 11:33:00,CNR6231256227,Driver Not Found,CID888883,Bike,Langford Town,Richmond Town,,,Not Applicable,Not Applicable,Not Applicable,Not Applicable,195,Not Applicable,0,,
2024-07-31 20:37:00,CNR2545692562,Canceled by Driver,CID202724,Prime Sedan,Tumkur Road,Sarjapur Road,,,Not Applicable,Customer was coughing/sick,Not Applicable,Not Applicable,157,Not Applicable,0,,
2024-07-31 17:21:00,CNR2249912278,Canceled by Customer,CID291457,Prime Plus,HSR Layout,Shantinagar,,,Driver is not moving towards pickup location,Not Applicable,Not Applicable,Not Applicable,377,Not Applicable,0,,
2024-07-31 13:55:00,CNR4598064517,Success,CID849507,Mini,Electronic City,Richmond Town,224.0,140.0,Not Applicable,Not Applicable,No,Not Applicable,407,Cash,8,4.9,3.3
2024-07-31 06:27:00,CNR7582537570,Success,CID902730,Prime Plus,BTM Layout,Shantinagar,140.0,80.0,Not Applicable,Not Applicable,No,Not Applicable,446,Cash,19,4.3,4.3
2024-07-31 01:13:00,CNR4773434708,Canceled by Driver,CID896106,Bike,Sarjapur Road,BTM Layout,,,Not Applicable,Personal & Car related issue,Not Applicable,Not Applicable,456,Not Applicable,0,,
2024-07-31 06:21:00,CNR9876739895,Success,CID759931,Prime Sedan,Malleshwaram,Hebbal,77.0,55.0,Not Applicable,Not Applicable,No,Not Applicable,2167,Cash,6,4.4,3.8
2024-07-31 16:00:00,CNR7553847551,Success,CID381394,Prime Sedan,Ulsoor,Rajajinagar,231.0,25.0,Not Applicable,Not Applicable,No,Not Applicable,120,UPI,32,3.1,3.4
2024-07-31 09:25:00,CNR4705934758,Success,CID835989,Bike,Devanahalli,Chamarajpet,245.0,120.0,Not Applicable,Not Applicable,Yes,Vehicle Breakdown,256,UPI,36,3.8,3.5
2024-07-31 12:38:00,CNR2675782653,Driver Not Found,CID949130,Prime SUV,Devanahalli,Rajajinagar,,,Not Applicable,Not Applicable,Not Applicable,Not Applicable,634,Not Applicable,0,,
2024-07-31 10:24:00,CNR4920184928,Canceled by Driver,CID919969,Prime Sedan,Yeshwanthpur,Hulimavu,,,Not Applicable,Personal & Car related issue,Not Applicable,Not Applicable,512,Not Applicable,0,,
2024-07-31 10:54:00,CNR4840894876,Success,CID543568,Bike,Electronic City,Nagarbhavi,49.0,50.0,Not Applicable,Not Applicable,No,Not Applicable,431,Cash,23,4.0,3.6
2024-07-31 03:44:00,CNR3628863618,Success,CID146592,eBike,Ramamurthy Nagar,Malleshwaram,259.0,100.0,Not Applicable,Not Applicable,No,Not Applicable,597,Cash,32,3.8,4.4
2024-07-31 16:17:00,CNR1402201490,Canceled by Driver,CID983943,Prime Plus,RT Nagar,Hennur,,,Not Applicable,Customer was coughing/sick,Not Applicable,Not Applicable,250,Not Applicable,0,,
2024-07-31 21:06:00,CNR4064074096,Success,CID103161,Auto,BTM Layout,RT Nagar,154.0,105.0,Not Applicable,Not Applicable,No,Not Applicable,344,Cash,19,4.4,4.4
2024-07-31 12:11:00,CNR1609721653,Canceled by Customer,CID797747,Mini,Kengeri,Vijayanagar,,,Driver is not moving towards pickup location,Not Applicable,Not Applicable,Not Applicable,292,Not Applicable,0,,
2024-07-31 02:29:00,CNR2262012256,Success,CID401829,Mini,Cox Town,Hebbal,133.0,70.0,Not Applicable,Not Applicable,No,Not Applicable,467,Cash,42,4.4,4.6
2024-07-31 23:21:00,CNR9212389209,Canceled by Customer,CID218504,Prime Plus,Tumkur Road,Majestic,,,Driver is not moving towards pickup location,Not Applicable,Not Applicable,Not Applicable,200,Not Applicable,0,,
2024-07-31 10:40:00,CNR4519654592,Canceled by Driver,CID828063,Bike,Bellandur,Whitefield,,,Not Applicable,More than permitted people in there,Not Applicable,Not Applicable,165,Not Applicable,0,,
2024-07-31 20:49:00,CNR5922265953,Success,CID390419,eBike,Chamarajpet,Kammanahalli,203.0,145.0,Not Applicable,Not Applicable,No,Not Applicable,406,UPI,5,4.8,4.8
2024-07-31 16:21:00,CNR7149917175,Canceled by Driver,CID385362,Auto,Magadi Road,Sahakar Nagar,,,Not Applicable,Personal & Car related issue,Not Applicable,Not Applicable,1674,Not Applicable,0,,
2024-07-31 08:44:00,CNR4587864533,Success,CID475843,Prime Sedan,Tumkur Road,KR Puram,238.0,70.0,Not Applicable,Not Applicable,No,Not Applicable,497,UPI,43,3.8,4.2
2024-07-31 05:51:00,CNR6284016287,Success,CID970876,Prime Plus,Bannerghatta Road,BTM Layout,35.0,55.0,Not Applicable,Not Applicable,No,Not Applicable,441,Cash,25,3.6,4.4
2024-07-31 02:16:00,CNR1628681677,Success,CID404083,Prime Sedan,Rajarajeshwari Nagar,Devanahalli,196.0,120.0,Not Applicable,Not Applicable,No,Not Applicable,650,Cash,39,3.8,4.0
2024-07-31 11:27:00,CNR1680161620,Success,CID726658,Prime Plus,Malleshwaram,Varthur,224.0,125.0,Not Applicable,Not Applicable,No,Not Applicable,285,Cash,45,3.4,4.2
2024-07-31 06:57:00,CNR1223261243,Success,CID797082,Bike,Whitefield,Kammanahalli,294.0,45.0,Not Applicable,Not Applicable,No,Not Applicable,539,Cash,12,3.5,3.1
2024-07-31 11:41:00,CNR1889341802,Success,CID304784,Bike,Yeshwanthpur,Varthur,217.0,35.0,Not Applicable,Not Applicable,No,Not Applicable,245,UPI,41,3.6,3.4
2024-07-31 05:49:00,CNR5420915444,Success,CID160093,Prime SUV,HSR Layout,Hennur,175.0,140.0,Not Applicable,Not Applicable,No,Not Applicable,196,Cash,26,4.2,3.6
2024-07-31 00:12:00,CNR2570512565,Canceled by Driver,CID629737,eBike,Sahakar Nagar,Langford Town,,,Not Applicable,More than permitted people in there,Not Applicable,Not Applicable,493,Not Applicable,0,,
2024-07-31 12:59:00,CNR2331472347,Canceled by Customer,CID762394,Auto,Hosur Road,JP Nagar,,,AC is Not working,Not Applicable,Not Applicable,Not Applicable,304,Not Applicable,0,,
2024-07-31 03:50:00,CNR5258435204,Success,CID316900,Prime Plus,Hebbal,Bannerghatta Road,91.0,50.0,Not Applicable,Not Applicable,No,Not Applicable,106,UPI,29,3.7,3.6
2024-07-31 14:09:00,CNR4034424047,Success,CID551655,Bike,Varthur,BTM Layout,140.0,125.0,Not Applicable,Not Applicable,No,Not Applicable,264,Cash,5,4.1,4.3
2024-07-31 16:13:00,CNR9423979420,Success,CID391458,Bike,Yelahanka,Tumkur Road,266.0,130.0,Not Applicable,Not Applicable,No,Not Applicable,1491,UPI,19,4.2,4.5
2024-07-31 21:53:00,CNR8276268218,Success,CID467398,Prime Sedan,Padmanabhanagar,Indiranagar,196.0,140.0,Not Applicable,Not Applicable,No,Not Applicable,778,UPI,37,4.2,3.8
2024-07-31 13:59:00,CNR1620291631,Canceled by Customer,CID510433,eBike,Chickpet,Mysore Road,,,AC is Not working,Not Applicable,Not Applicable,Not Applicable,261,Not Applicable,0,,
2024-07-31 18:57:00,CNR1900631928,Canceled by Driver,CID876888,Prime Plus,Kadugodi,Yelahanka,,,Not Applicable,Personal & Car related issue,Not Applicable,Not Applicable,126,Not Applicable,0,,
2024-07-31 12:25:00,CNR1042611051,Success,CID132264,Bike,Jayanagar,Malleshwaram,84.0,25.0,Not Applicable,Not Applicable,No,Not Applicable,334,UPI,36,4.6,3.6
2024-07-31 06:19:00,CNR6793736765,Success,CID332401,eBike,Banashankari,Kadugodi,238.0,145.0,Not Applicable,Not Applicable,No,Not Applicable,255,Cash,30,3.8,3.9
2024-07-31 14:10:00,CNR9841169850,Canceled by Driver,CID875491,Prime Plus,MG Road,Varthur,,,Not Applicable,Personal & Car related issue,Not Applicable,Not Applicable,2151,Not Applicable,0,,
2024-07-31 11:04:00,CNR5934335904,Canceled by Driver,CID833100,Bike,Hosur Road,Shivajinagar,,,Not Applicable,Personal & Car related issue,Not Applicable,Not Applicable,399,Not Applicable,0,,
2024-07-31 17:11:00,CNR4734034775,Canceled by Customer,CID948042,Prime Sedan,Basavanagudi,Padmanabhanagar,,,AC is Not working,Not Applicable,Not Applicable,Not Applicable,107,Not Applicable,0,,
2024-07-31 18:58:00,CNR4314784361,Success,CID665176,Mini,MG Road,Shivajinagar,266.0,45.0,Not Applicable,Not Applicable,No,Not Applicable,1388,Cash,20,4.8,4.1
2024-07-31 15:38:00,CNR6849516807,Driver Not Found,CID381415,Prime Plus,Ulsoor,Electronic City,,,Not Applicable,Not Applicable,Not Applicable,Not Applicable,850,Not Applicable,0,,
2024-07-31 01:56:00,CNR5319745395,Success,CID801243,Prime Sedan,Sahakar Nagar,Langford Town,42.0,95.0,Not Applicable,Not Applicable,No,Not Applicable,506,UPI,41,4.9,4.8
2024-07-31 16:18:00,CNR5641445646,Success,CID553969,Prime Plus,Bannerghatta Road,Yeshwanthpur,77.0,120.0,Not Applicable,Not Applicable,Yes,Vehicle Breakdown,392,Cash,20,4.6,4.0
2024-07-31 09:22:00,CNR1121691194,Canceled by Driver,CID312236,Auto,Devanahalli,HSR Layout,,,Not Applicable,Customer was coughing/sick,Not Applicable,Not Applicable,501,Not Applicable,0,,
2024-07-31 03:21:00,CNR3924643990,Success,CID639426,Prime SUV,Yelahanka,HSR Layout,84.0,50.0,Not Applicable,Not Applicable,No,Not Applicable,672,UPI,42,4.2,3.8
2024-07-31 22:58:00,CNR3278633264,Driver Not Found,CID626718,Prime SUV,HSR Layout,Indiranagar,,,Not Applicable,Not Applicable,Not Applicable,Not Applicable,334,Not Applicable,0,,
2024-07-31 17:47:00,CNR6810586872,Canceled by Driver,CID105895,Auto,Jayanagar,Peenya,,,Not Applicable,Customer related issue,Not Applicable,Not Applicable,919,Not Applicable,0,,
2024-07-31 03:36:00,CNR5731515756,Success,CID382120,Bike,Peenya,Nagarbhavi,147.0,85.0,Not Applicable,Not Applicable,No,Not Applicable,137,Cash,40,3.3,3.6
2024-07-31 13:00:00,CNR3938793994,Success,CID298000,Auto,Basavanagudi,Langford Town,252.0,65.0,Not Applicable,Not Applicable,No,Not Applicable,2533,UPI,13,3.4,4.9
2024-07-31 23:53:00,CNR9774469798,Canceled by Driver,CID538283,Mini,Electronic City,RT Nagar,,,Not Applicable,Personal & Car related issue,Not Applicable,Not Applicable,385,Not Applicable,0,,
2024-07-31 09:29:00,CNR4536524587,Success,CID151681,eBike,HSR Layout,Rajajinagar,294.0,95.0,Not Applicable,Not Applicable,No,Not Applicable,437,Debit Card,24,4.4,3.6
2024-07-31 04:51:00,CNR8601168691,Success,CID404848,Mini,Devanahalli,Sahakar Nagar,280.0,100.0,Not Applicable,Not Applicable,No,Not Applicable,159,Cash,12,4.2,3.5
2024-07-31 08:55:00,CNR5462095458,Success,CID179578,Mini,Kammanahalli,Hennur,70.0,50.0,Not Applicable,Not Applicable,No,Not Applicable,166,Cash,6,3.4,4.1
2024-07-31 04:07:00,CNR2818032896,Canceled by Driver,CID675353,Prime Plus,Tumkur Road,Jayanagar,,,Not Applicable,Customer related issue,Not Applicable,Not Applicable,259,Not Applicable,0,,
2024-07-31 03:50:00,CNR2537312579,Success,CID507868,Prime SUV,RT Nagar,Shivajinagar,161.0,115.0,Not Applicable,Not Applicable,No,Not Applicable,274,UPI,27,3.9,3.8
2024-07-31 17:27:00,CNR1712451792,Success,CID812863,Prime Plus,Kengeri,Yeshwanthpur,224.0,110.0,Not Applicable,Not Applicable,No,Not Applicable,176,Cash,22,3.6,4.8
2024-07-31 03:04:00,CNR3738533734,Success,CID888319,Prime Sedan,Shantinagar,Padmanabhanagar,168.0,35.0,Not Applicable,Not Applicable,No,Not Applicable,208,Cash,25,4.2,3.2
2024-07-31 00:23:00,CNR4300054364,Success,CID996699,Prime Plus,RT Nagar,Banashankari,231.0,50.0,Not Applicable,Not Applicable,Yes,Other Issue,478,UPI,6,3.3,5.0
2024-07-31 00:30:00,CNR2474542446,Success,CID912887,Prime SUV,Magadi Road,Chamarajpet,126.0,125.0,Not Applicable,Not Applicable,No,Not Applicable,256,Cash,4,4.1,3.5
2024-07-31 13:54:00,CNR6000446063,Success,CID463820,Prime Plus,MG Road,Indiranagar,42.0,25.0,Not Applicable,Not Applicable,No,Not Applicable,889,UPI,10,3.3,3.7
2024-07-31 22:59:00,CNR2339232334,Success,CID394815,Prime Plus,Malleshwaram,JP Nagar,35.0,130.0,Not Applicable,Not Applicable,No,Not Applicable,360,Cash,29,4.7,4.8
2024-07-31 11:03:00,CNR6412066465,Success,CID307773,eBike,Ulsoor,Marathahalli,91.0,75.0,Not Applicable,Not Applicable,No,Not Applicable,166,UPI,46,3.0,3.9
2024-07-31 21:00:00,CNR2912332974,Success,CID671007,eBike,Whitefield,Devanahalli,182.0,125.0,Not Applicable,Not Applicable,No,Not Applicable,311,UPI,35,3.8,3.3
2024-07-31 04:46:00,CNR5370095378,Success,CID712262,Mini,Peenya,MG Road,189.0,110.0,Not Applicable,Not Applicable,No,Not Applicable,1405,UPI,18,4.9,4.3
2024-07-31 14:48:00,CNR1689331659,Success,CID993023,eBike,Indiranagar,Shantinagar,224.0,110.0,Not Applicable,Not Applicable,No,Not Applicable,351,Cash,36,4.0,3.5
2024-07-31 21:53:00,CNR4084454081,Success,CID450644,eBike,Shivajinagar,Mysore Road,189.0,75.0,Not Applicable,Not Applicable,No,Not Applicable,870,Cash,45,3.9,4.7
2024-07-31 10:57:00,CNR4537434521,Canceled by Driver,CID293309,eBike,Whitefield,Rajajinagar,,,Not Applicable,Customer related issue,Not Applicable,Not Applicable,283,Not Applicable,0,,
2024-07-31 18:42:00,CNR3330493378,Success,CID627335,Auto,Magadi Road,Bannerghatta Road,217.0,30.0,Not Applicable,Not Applicable,No,Not Applicable,542,UPI,11,4.6,4.4
2024-07-31 09:12:00,CNR3718133716,Success,CID852322,Prime Sedan,Frazer Town,Banashankari,189.0,45.0,Not Applicable,Not Applicable,No,Not Applicable,470,UPI,10,3.6,4.7
2024-07-31 03:35:00,CNR8644248610,Success,CID738568,Prime Plus,Vijayanagar,Rajarajeshwari Nagar,35.0,95.0,Not Applicable,Not Applicable,No,Not Applicable,749,Credit Card,18,5.0,4.9
2024-07-31 09:45:00,CNR7841487877,Success,CID587900,Prime SUV,Cox Town,JP Nagar,35.0,110.0,Not Applicable,Not Applicable,No,Not Applicable,790,Cash,32,4.0,3.6
2024-07-31 23:55:00,CNR2007262072,Success,CID193339,Mini,RT Nagar,HSR Layout,98.0,110.0,Not Applicable,Not Applicable,No,Not Applicable,147,UPI,45,4.4,3.2
2024-07-31 14:44:00,CNR9736409707,Success,CID962865,Prime Sedan,Ramamurthy Nagar,Frazer Town,70.0,75.0,Not Applicable,Not Applicable,No,Not Applicable,320,Cash,37,3.3,4.4
2024-07-31 09:34:00,CNR9959629995,Canceled by Driver,CID935977,Bike,Frazer Town,Mysore Road,,,Not Applicable,Personal & Car related issue,Not Applicable,Not Applicable,204,Not Applicable,0,,
2024-07-31 23:20:00,CNR2954852906,Canceled by Driver,CID904149,Prime SUV,KR Puram,Tumkur Road,,,Not Applicable,Personal & Car related issue,Not Applicable,Not Applicable,169,Not Applicable,0,,
2024-07-31 12:18:00,CNR8424278491,Canceled by Driver,CID139716,Mini,RT Nagar,Hennur,,,Not Applicable,Customer was coughing/sick,Not Applicable,Not Applicable,654,Not Applicable,0,,
2024-07-31 17:57:00,CNR6307016313,Success,CID933126,Prime Plus,Padmanabhanagar,Rajajinagar,105.0,135.0,Not Applicable,Not Applicable,No,Not Applicable,972,UPI,21,4.5,4.5
2024-07-31 17:00:00,CNR9190559144,Canceled by Driver,CID924056,Mini,Hennur,Mysore Road,,,Not Applicable,Customer related issue,Not Applicable,Not Applicable,242,Not Applicable,0,,
2024-07-31 20:25:00,CNR9588609598,Success,CID773588,Bike,BTM Layout,Jayanagar,49.0,40.0,Not Applicable,Not Applicable,No,Not Applicable,242,UPI,7,3.3,4.0
2024-07-31 20:27:00,CNR3528003533,Success,CID989425,Prime Sedan,Tumkur Road,Chickpet,133.0,70.0,Not Applicable,Not Applicable,No,Not Applicable,129,Cash,3,4.3,3.1
2024-07-31 13:54:00,CNR8076948085,Canceled by Customer,CID343776,Bike,Padmanabhanagar,Yelahanka,,,Wrong Address,Not Applicable,Not Applicable,Not Applicable,110,Not Applicable,0,,
2024-07-31 23:43:00,CNR3839683845,Success,CID179806,Prime Plus,Yelahanka,Kammanahalli,147.0,140.0,Not Applicable,Not Applicable,No,Not Applicable,1335,Cash,43,3.8,4.8
2024-07-31 07:23:00,CNR7004017097,Success,CID247255,eBike,JP Nagar,Chickpet,224.0,120.0,Not Applicable,Not Applicable,No,Not Applicable,325,Cash,36,3.4,4.4
2024-07-31 09:58:00,CNR6357846385,Success,CID795352,Prime SUV,Hosur Road,Kadugodi,77.0,55.0,Not Applicable,Not Applicable,No,Not Applicable,280,UPI,14,4.6,3.1
2024-07-31 00:59:00,CNR7844677864,Canceled by Customer,CID205308,eBike,Basavanagudi,Vijayanagar,,,Driver asked to cancel,Not Applicable,Not Applicable,Not Applicable,935,Not Applicable,0,,
2024-07-31 12:54:00,CNR5269605228,Driver Not Found,CID263459,Prime SUV,Marathahalli,Cox Town,,,Not Applicable,Not Applicable,Not Applicable,Not Applicable,476,Not Applicable,0,,
2024-07-31 20:37:00,CNR8943398975,Success,CID578528,Mini,Bellandur,Yelahanka,210.0,105.0,Not Applicable,Not Applicable,No,Not Applicable,306,Cash,34,3.8,3.9
2024-07-31 17:59:00,CNR2473202443,Canceled by Driver,CID832102,Auto,Sarjapur Road,JP Nagar,,,Not Applicable,Customer related issue,Not Applicable,Not Applicable,152,Not Applicable,0,,
2024-07-31 13:52:00,CNR5502095510,Success,CID742455,eBike,BTM Layout,Richmond Town,301.0,60.0,Not Applicable,Not Applicable,No,Not Applicable,324,Cash,4,4.1,4.4
2024-07-31 17:52:00,CNR7062427083,Canceled by Customer,CID647912,Auto,Jayanagar,Jayanagar,,,AC is Not working,Not Applicable,Not Applicable,Not Applicable,120,Not Applicable,0,,
2024-07-31 12:49:00,CNR4032654070,Driver Not Found,CID881204,Prime Sedan,Yeshwanthpur,Vijayanagar,,,Not Applicable,Not Applicable,Not Applicable,Not Applicable,973,Not Applicable,0,,
2024-07-31 08:07:00,CNR1856431881,Success,CID298455,Prime Plus,JP Nagar,Hosur Road,77.0,135.0,Not Applicable,Not Applicable,No,Not Applicable,236,UPI,17,4.8,4.0
2024-07-31 22:55:00,CNR9522539591,Success,CID712696,Prime Plus,Magadi Road,Shivajinagar,105.0,50.0,Not Applicable,Not Applicable,No,Not Applicable,361,Cash,31,4.7,3.5
2024-07-31 02:11:00,CNR4976154942,Success,CID720094,Mini,Magadi Road,Kammanahalli,77.0,80.0,Not Applicable,Not Applicable,No,Not Applicable,328,Cash,16,4.1,5.0
2024-07-31 16:51:00,CNR3311513373,Success,CID130468,eBike,Magadi Road,JP Nagar,84.0,105.0,Not Applicable,Not Applicable,Yes,Other Issue,416,Cash,22,3.8,3.3
2024-07-31 02:29:00,CNR4960944916,Success,CID126952,Prime Sedan,Hosur Road,Banashankari,294.0,85.0,Not Applicable,Not Applicable,No,Not Applicable,342,Cash,44,4.7,3.7
2024-07-31 21:15:00,CNR5090865057,Success,CID516644,Mini,Chamarajpet,Peenya,252.0,110.0,Not Applicable,Not Applicable,No,Not Applicable,232,UPI,25,4.8,4.5
2024-07-31 15:11:00,CNR9914989939,Success,CID272524,Prime SUV,Hebbal,Rajajinagar,42.0,100.0,Not Applicable,Not Applicable,No,Not Applicable,589,Cash,3,4.8,4.0
2024-07-31 17:28:00,CNR8857268853,Success,CID407115,Prime Sedan,Mysore Road,Malleshwaram,301.0,85.0,Not Applicable,Not Applicable,No,Not Applicable,217,Cash,1,4.3,3.0
2024-07-31 20:45:00,CNR2718382763,Success,CID224911,eBike,MG Road,Bannerghatta Road,294.0,60.0,Not Applicable,Not Applicable,No,Not Applicable,2333,UPI,19,3.6,3.9
2024-07-31 07:18:00,CNR9380769379,Driver Not Found,CID145317,Prime Plus,Yelahanka,Devanahalli,,,Not Applicable,Not Applicable,Not Applicable,Not Applicable,155,Not Applicable,0,,
2024-07-31 10:37:00,CNR1037871084,Canceled by Driver,CID205584,Bike,Frazer Town,Whitefield,,,Not Applicable,Customer related issue,Not Applicable,Not Applicable,367,Not Applicable,0,,
2024-07-31 06:35:00,CNR9767359777,Success,CID158559,Prime SUV,Chamarajpet,Hulimavu,42.0,115.0,Not Applicable,Not Applicable,No,Not Applicable,360,Cash,34,3.6,4.1
2024-07-31 23:18:00,CNR2380552386,Success,CID279509,Prime SUV,Bannerghatta Road,Magadi Road,56.0,125.0,Not Applicable,Not Applicable,No,Not Applicable,323,Cash,17,4.2,3.9
2024-07-31 06:50:00,CNR1515851572,Success,CID973425,Prime Sedan,Bellandur,Bellandur,196.0,65.0,Not Applicable,Not Applicable,No,Not Applicable,1440,Cash,3,4.3,4.7
2024-07-31 07:08:00,CNR6735976782,Success,CID959105,Prime Plus,Bellandur,Marathahalli,196.0,145.0,Not Applicable,Not Applicable,No,Not Applicable,407,UPI,22,3.3,4.3
2024-07-31 14:32:00,CNR9242539209,Success,CID654985,Auto,KR Puram,Rajarajeshwari Nagar,98.0,135.0,Not Applicable,Not Applicable,No,Not Applicable,510,Cash,17,3.3,4.6
2024-07-31 05:35:00,CNR5892345833,Canceled by Customer,CID370785,Prime Plus,Kammanahalli,Chickpet,,,Change of plans,Not Applicable,Not Applicable,Not Applicable,699,Not Applicable,0,,
2024-07-31 08:23:00,CNR9883469813,Success,CID931371,Auto,Ramamurthy Nagar,Hulimavu,301.0,30.0,Not Applicable,Not Applicable,No,Not Applicable,364,Credit Card,9,4.4,3.3
2024-07-31 18:06:00,CNR9587459585,Success,CID154221,Auto,Hennur,RT Nagar,259.0,90.0,Not Applicable,Not Applicable,No,Not Applicable,328,UPI,14,3.7,4.4
2024-07-31 11:02:00,CNR5084325082,Success,CID929825,Bike,Mysore Road,Koramangala,140.0,105.0,Not Applicable,Not Applicable,No,Not Applicable,122,UPI,24,4.9,3.1
2024-07-31 21:39:00,CNR4120024102,Success,CID421424,Prime Sedan,HSR Layout,Tumkur Road,196.0,105.0,Not Applicable,Not Applicable,No,Not Applicable,339,Cash,37,4.8,3.9
2024-07-31 21:42:00,CNR3149183160,Success,CID871346,Prime Plus,Malleshwaram,Tumkur Road,308.0,45.0,Not Applicable,Not Applicable,No,Not Applicable,2261,Cash,47,4.4,4.1
2024-07-31 16:46:00,CNR7964647927,Success,CID523695,Auto,Varthur,Hulimavu,105.0,120.0,Not Applicable,Not Applicable,Yes,Customer Demand,583,Cash,15,3.6,4.8
2024-07-31 14:09:00,CNR1934401978,Success,CID230892,Prime Plus,Ramamurthy Nagar,Richmond Town,56.0,120.0,Not Applicable,Not Applicable,No,Not Applicable,381,UPI,43,4.1,3.7
2024-07-31 02:50:00,CNR9422909405,Success,CID584890,Bike,Kengeri,Hulimavu,84.0,55.0,Not Applicable,Not Applicable,No,Not Applicable,2074,Cash,14,4.6,4.9
2024-07-31 01:42:00,CNR6632546685,Canceled by Customer,CID975277,Prime Plus,Vijayanagar,Whitefield,,,Wrong Address,Not Applicable,Not Applicable,Not Applicable,1976,Not Applicable,0,,
2024-07-31 14:38:00,CNR6813356872,Canceled by Driver,CID164518,Prime Sedan,Kengeri,Basavanagudi,,,Not Applicable,Personal & Car related issue,Not Applicable,Not Applicable,300,Not Applicable,0,,
2024-07-31 03:13:00,CNR8535868536,Success,CID991554,Prime Plus,Majestic,Koramangala,105.0,140.0,Not Applicable,Not Applicable,No,Not Applicable,257,UPI,16,4.7,4.1
2024-07-31 17:43:00,CNR6603706650,Success,CID307918,Auto,Bannerghatta Road,Ulsoor,231.0,140.0,Not Applicable,Not Applicable,Yes,Customer Demand,212,UPI,7,4.8,4.2
2024-07-31 07:47:00,CNR5212055251,Canceled by Driver,CID680745,Prime Sedan,Kammanahalli,Kadugodi,,,Not Applicable,Personal & Car related issue,Not Applicable,Not Applicable,481,Not Applicable,0,,
2024-07-31 08:28:00,CNR2476962416,Success,CID910249,eBike,Banashankari,Sahakar Nagar,154.0,115.0,Not Applicable,Not Applicable,No,Not Applicable,2033,Cash,38,4.0,4.7
2024-07-31 03:58:00,CNR3899613816,Canceled by Customer,CID783764,Mini,Ramamurthy Nagar,Marathahalli,,,Driver asked to cancel,Not Applicable,Not Applicable,Not Applicable,379,Not Applicable,0,,
2024-07-31 21:52:00,CNR8721528716,Success,CID142550,Auto,Langford Town,Marathahalli,287.0,60.0,Not Applicable,Not Applicable,No,Not Applicable,428,Cash,4,4.2,4.6
2024-07-31 19:47:00,CNR2335822307,Success,CID935305,Prime Plus,Jayanagar,Sarjapur Road,273.0,125.0,Not Applicable,Not Applicable,No,Not Applicable,479,UPI,44,4.5,4.0
2024-07-31 14:34:00,CNR5767235783,Success,CID239195,Auto,Hosur Road,Yelahanka,84.0,50.0,Not Applicable,Not Applicable,No,Not Applicable,472,Cash,3,3.2,4.0
2024-07-31 23:06:00,CNR5982335998,Success,CID263459,Mini,Banashankari,Vijayanagar,203.0,35.0,Not Applicable,Not Applicable,No,Not Applicable,337,Cash,26,3.3,3.4
2024-07-31 16:09:00,CNR8197428159,Success,CID544774,Prime SUV,Electronic City,BTM Layout,259.0,35.0,Not Applicable,Not Applicable,No,Not Applicable,295,Cash,14,4.7,4.9
2024-07-31 21:24:00,CNR2250532253,Canceled by Customer,CID174221,Prime Plus,Indiranagar,Marathahalli,,,AC is Not working,Not Applicable,Not Applicable,Not Applicable,344,Not Applicable,0,,
2024-07-31 20:56:00,CNR4705544758,Success,CID288999,eBike,JP Nagar,Peenya,63.0,75.0,Not Applicable,Not Applicable,No,Not Applicable,241,Cash,29,4.3,3.6
2024-07-31 21:39:00,CNR6738886700,Success,CID729608,Prime Sedan,Kammanahalli,Marathahalli,301.0,110.0,Not Applicable,Not Applicable,No,Not Applicable,617,Cash,25,4.3,5.0
2024-07-31 01:34:00,CNR5546995560,Success,CID762560,Prime Plus,Tumkur Road,Hulimavu,217.0,115.0,Not Applicable,Not Applicable,No,Not Applicable,334,Cash,17,3.2,3.5
2024-07-31 18:59:00,CNR5553385522,Canceled by Driver,CID356460,Bike,Tumkur Road,Koramangala,,,Not Applicable,Personal & Car related issue,Not Applicable,Not Applicable,136,Not Applicable,0,,
2024-07-31 08:05:00,CNR8425908462,Success,CID182816,Mini,Peenya,Jayanagar,70.0,100.0,Not Applicable,Not Applicable,No,Not Applicable,343,UPI,20,4.0,3.6
2024-07-31 04:51:00,CNR3863243870,Canceled by Customer,CID669136,Prime SUV,Marathahalli,Peenya,,,Change of plans,Not Applicable,Not Applicable,Not Applicable,380,Not Applicable,0,,
2024-07-31 13:39:00,CNR4572714540,Success,CID244874,eBike,Banashankari,Varthur,238.0,40.0,Not Applicable,Not Applicable,No,Not Applicable,493,Cash,28,3.4,4.7
2024-07-31 02:05:00,CNR6079556000,Success,CID453100,Bike,Ramamurthy Nagar,Electronic City,231.0,120.0,Not Applicable,Not Applicable,No,Not Applicable,461,UPI,30,3.4,3.4
2024-07-31 14:28:00,CNR1318671369,Success,CID128434,Prime SUV,Vijayanagar,Marathahalli,35.0,145.0,Not Applicable,Not Applicable,No,Not Applicable,926,Cash,39,3.6,4.7
2024-07-31 06:57:00,CNR8595938549,Success,CID310914,Prime Sedan,HSR Layout,Kadugodi,252.0,30.0,Not Applicable,Not Applicable,No,Not Applicable,279,Cash,36,3.2,4.3
2024-07-31 12:26:00,CNR1937041974,Success,CID253826,eBike,Bannerghatta Road,JP Nagar,77.0,120.0,Not Applicable,Not Applicable,No,Not Applicable,2271,UPI,40,3.3,3.2
2024-07-31 18:45:00,CNR4100334115,Success,CID809920,Auto,Yelahanka,Basavanagudi,126.0,130.0,Not Applicable,Not Applicable,No,Not Applicable,392,Cash,3,4.7,4.1
2024-07-31 05:38:00,CNR7717247796,Success,CID587335,Auto,Frazer Town,Shivajinagar,259.0,130.0,Not Applicable,Not Applicable,No,Not Applicable,239,Cash,15,3.8,4.7
2024-07-31 07:10:00,CNR3575483508,Success,CID509055,Prime Plus,HSR Layout,Bellandur,252.0,65.0,Not Applicable,Not Applicable,No,Not Applicable,347,Cash,38,3.3,3.8
2024-07-31 00:43:00,CNR2189212169,Canceled by Customer,CID786481,Prime SUV,Chickpet,Frazer Town,,,Driver is not moving towards pickup location,Not Applicable,Not Applicable,Not Applicable,425,Not Applicable,0,,
2024-07-31 15:21:00,CNR5623275628,Canceled by Customer,CID579284,Prime Plus,Varthur,JP Nagar,,,AC is Not working,Not Applicable,Not Applicable,Not Applicable,332,Not Applicable,0,,
2024-07-31 11:25:00,CNR9378399379,Success,CID567651,Prime Plus,Vijayanagar,BTM Layout,224.0,135.0,Not Applicable,Not Applicable,No,Not Applicable,290,UPI,44,4.7,3.2
2024-07-31 01:54:00,CNR3643823676,Success,CID259728,Bike,Yelahanka,Basavanagudi,49.0,55.0,Not Applicable,Not Applicable,No,Not Applicable,164,UPI,15,3.9,4.5
2024-07-31 22:22:00,CNR4874224811,Success,CID594011,Auto,Hennur,Chamarajpet,70.0,55.0,Not Applicable,Not Applicable,No,Not Applicable,511,Cash,18,3.9,3.2
2024-07-31 12:52:00,CNR1478431428,Canceled by Driver,CID743350,Bike,Vijayanagar,BTM Layout,,,Not Applicable,Personal & Car related issue,Not Applicable,Not Applicable,354,Not Applicable,0,,
2024-07-31 21:57:00,CNR8314298342,Success,CID269011,Prime SUV,Devanahalli,Hennur,161.0,135.0,Not Applicable,Not Applicable,No,Not Applicable,602,Cash,16,3.2,4.6
2024-07-31 05:22:00,CNR2748882787,Success,CID307822,Prime Plus,Chamarajpet,Ramamurthy Nagar,70.0,55.0,Not Applicable,Not Applicable,No,Not Applicable,854,Cash,14,4.2,3.3
2024-07-31 01:31:00,CNR7136967195,Driver Not Found,CID609564,Prime SUV,Langford Town,Kammanahalli,,,Not Applicable,Not Applicable,Not Applicable,Not Applicable,267,Not Applicable,0,,
2024-07-31 12:53:00,CNR5472275498,Driver Not Found,CID453438,Prime Plus,Marathahalli,Tumkur Road,,,Not Applicable,Not Applicable,Not Applicable,Not Applicable,164,Not Applicable,0,,
2024-07-31 07:22:00,CNR4025034048,Driver Not Found,CID255866,eBike,Hennur,Nagarbhavi,,,Not Applicable,Not Applicable,Not Applicable,Not Applicable,335,Not Applicable,0,,
2024-07-31 07:45:00,CNR2071942054,Success,CID795308,eBike,Sarjapur Road,Cox Town,42.0,55.0,Not Applicable,Not Applicable,No,Not Applicable,176,Cash,28,3.7,3.9
2024-07-31 13:20:00,CNR7312217332,Success,CID880158,Auto,Vijayanagar,RT Nagar,189.0,105.0,Not Applicable,Not Applicable,No,Not Applicable,438,Cash,11,3.4,3.3
2024-07-31 14:51:00,CNR8860478803,Success,CID421696,Prime Plus,Langford Town,Varthur,259.0,25.0,Not Applicable,Not Applicable,No,Not Applicable,812,UPI,4,3.1,4.9
2024-07-31 07:21:00,CNR5348725306,Canceled by Customer,CID740448,Prime Plus,Shivajinagar,Cox Town,,,Driver asked to cancel,Not Applicable,Not Applicable,Not Applicable,435,Not Applicable,0,,
2024-07-31 20:30:00,CNR6214566222,Success,CID612762,Prime Plus,Peenya,Indiranagar,35.0,130.0,Not Applicable,Not Applicable,No,Not Applicable,624,UPI,23,3.5,3.7
2024-07-31 00:26:00,CNR7035617040,Success,CID681251,Prime Plus,Marathahalli,Banashankari,231.0,50.0,Not Applicable,Not Applicable,No,Not Applicable,170,Credit Card,21,3.2,4.3
2024-07-31 08:41:00,CNR3992733973,Success,CID785651,eBike,Kadugodi,Shivajinagar,273.0,50.0,Not Applicable,Not Applicable,No,Not Applicable,613,UPI,32,3.2,3.9
2024-07-31 11:16:00,CNR3910683944,Canceled by Customer,CID199162,Prime Plus,Rajarajeshwari Nagar,Banashankari,,,Driver asked to cancel,Not Applicable,Not Applicable,Not Applicable,500,Not Applicable,0,,
2024-07-31 14:18:00,CNR1397001346,Canceled by Customer,CID272818,Prime Sedan,Richmond Town,RT Nagar,,,Driver asked to cancel,Not Applicable,Not Applicable,Not Applicable,400,Not Applicable,0,,
2024-07-31 20:29:00,CNR3239173229,Canceled by Driver,CID947423,eBike,Peenya,MG Road,,,Not Applicable,More than permitted people in there,Not Applicable,Not Applicable,303,Not Applicable,0,,
2024-07-31 04:21:00,CNR7387547352,Success,CID974935,eBike,Chickpet,Magadi Road,119.0,30.0,Not Applicable,Not Applicable,Yes,Customer Demand,679,Cash,13,3.4,4.5
2024-07-31 01:53:00,CNR2571322500,Canceled by Driver,CID211770,Prime Plus,Devanahalli,Kammanahalli,,,Not Applicable,Customer related issue,Not Applicable,Not Applicable,798,Not Applicable,0,,
2024-07-31 04:00:00,CNR8033878065,Success,CID303639,eBike,Tumkur Road,HSR Layout,175.0,45.0,Not Applicable,Not Applicable,No,Not Applicable,110,UPI,41,3.3,3.0
2024-07-31 14:48:00,CNR6140076134,Success,CID473402,Bike,Kengeri,Mysore Road,280.0,100.0,Not Applicable,Not Applicable,Yes,Other Issue,372,Credit Card,38,4.8,5.0
2024-07-31 08:56:00,CNR9195599145,Driver Not Found,CID936967,eBike,Bellandur,Sahakar Nagar,,,Not Applicable,Not Applicable,Not Applicable,Not Applicable,455,Not Applicable,0,,
2024-07-31 19:45:00,CNR7285947264,Canceled by Driver,CID492027,Bike,Cox Town,Sarjapur Road,,,Not Applicable,Personal & Car related issue,Not Applicable,Not Applicable,409,Not Applicable,0,,
2024-07-31 12:31:00,CNR2939332982,Driver Not Found,CID721238,Auto,Chickpet,Varthur,,,Not Applicable,Not Applicable,Not Applicable,Not Applicable,264,Not Applicable,0,,
2024-07-31 02:04:00,CNR2502262512,Success,CID754533,Mini,Indiranagar,Langford Town,308.0,25.0,Not Applicable,Not Applicable,No,Not Applicable,449,UPI,5,4.0,3.9
2024-07-31 05:56:00,CNR8716018763,Success,CID988709,Bike,KR Puram,Vijayanagar,294.0,95.0,Not Applicable,Not Applicable,No,Not Applicable,256,Cash,46,3.1,4.5
2024-07-31 01:42:00,CNR9717969795,Success,CID771154,Prime Sedan,JP Nagar,Hulimavu,140.0,40.0,Not Applicable,Not Applicable,Yes,Customer Demand,378,UPI,18,4.7,4.2
2024-07-31 12:34:00,CNR9757159708,Success,CID153553,eBike,Rajajinagar,Koramangala,231.0,100.0,Not Applicable,Not Applicable,No,Not Applicable,823,UPI,26,3.3,4.9
2024-07-31 14:19:00,CNR1677361642,Canceled by Driver,CID623905,eBike,Kengeri,Kadugodi,,,Not Applicable,More than permitted people in there,Not Applicable,Not Applicable,210,Not Applicable,0,,
2024-07-31 10:58:00,CNR9115999142,Success,CID127336,Prime Sedan,Langford Town,Rajajinagar,70.0,120.0,Not Applicable,Not Applicable,No,Not Applicable,463,Cash,6,3.3,4.0
2024-07-31 16:21:00,CNR3621753650,Success,CID166695,Prime Sedan,Banashankari,Koramangala,175.0,105.0,Not Applicable,Not Applicable,No,Not Applicable,141,UPI,43,4.4,4.6
2024-07-31 15:11:00,CNR7153297166,Success,CID781426,eBike,Mysore Road,Ulsoor,217.0,70.0,Not Applicable,Not Applicable,No,Not Applicable,334,UPI,31,4.9,3.2
2024-07-31 04:54:00,CNR1651621671,Driver Not Found,CID222852,Prime Sedan,Yeshwanthpur,Padmanabhanagar,,,Not Applicable,Not Applicable,Not Applicable,Not Applicable,1694,Not Applicable,0,,
2024-07-31 23:37:00,CNR1577711526,Driver Not Found,CID327463,Bike,BTM Layout,Yeshwanthpur,,,Not Applicable,Not Applicable,Not Applicable,Not Applicable,321,Not Applicable,0,,
2024-07-31 11:47:00,CNR5647275611,Success,CID590222,Prime SUV,Bannerghatta Road,Bannerghatta Road,245.0,120.0,Not Applicable,Not Applicable,No,Not Applicable,681,UPI,23,3.1,4.0
2024-07-31 18:22:00,CNR6676066624,Success,CID898658,Prime Sedan,Ramamurthy Nagar,Indiranagar,175.0,140.0,Not Applicable,Not Applicable,No,Not Applicable,300,Cash,8,3.7,3.7
2024-07-31 18:48:00,CNR2301002309,Canceled by Driver,CID165727,Prime Plus,Varthur,KR Puram,,,Not Applicable,Personal & Car related issue,Not Applicable,Not Applicable,156,Not Applicable,0,,
2024-07-31 15:05:00,CNR3779373773,Success,CID989991,Prime Sedan,Ramamurthy Nagar,Hennur,245.0,25.0,Not Applicable,Not Applicable,No,Not Applicable,340,UPI,39,4.5,4.5
2024-07-31 16:46:00,CNR9540769501,Success,CID299309,Auto,Kengeri,Ramamurthy Nagar,70.0,35.0,Not Applicable,Not Applicable,No,Not Applicable,1594,Cash,13,3.3,3.8
2024-07-31 10:34:00,CNR8690558601,Success,CID796856,Bike,MG Road,Sahakar Nagar,42.0,85.0,Not Applicable,Not Applicable,No,Not Applicable,673,Cash,4,4.3,4.5
2024-07-31 02:23:00,CNR3495803473,Canceled by Driver,CID578061,Mini,Banashankari,Bannerghatta Road,,,Not Applicable,Personal & Car related issue,Not Applicable,Not Applicable,460,Not Applicable,0,,
2024-07-31 12:39:00,CNR3093503048,Canceled by Customer,CID797857,Prime Plus,Padmanabhanagar,Yelahanka,,,AC is Not working,Not Applicable,Not Applicable,Not Applicable,253,Not Applicable,0,,
2024-07-31 13:55:00,CNR3644033652,Success,CID785776,eBike,Kengeri,Yeshwanthpur,287.0,50.0,Not Applicable,Not Applicable,No,Not Applicable,2736,Cash,15,4.0,4.7
2024-07-31 06:58:00,CNR6722966796,Canceled by Driver,CID319819,Prime Plus,Tumkur Road,Sarjapur Road,,,Not Applicable,More than permitted people in there,Not Applicable,Not Applicable,527,Not Applicable,0,,
2024-07-31 02:08:00,CNR3668063683,Success,CID952677,Prime SUV,Basavanagudi,Yelahanka,77.0,115.0,Not Applicable,Not Applicable,No,Not Applicable,320,UPI,12,3.3,4.8
2024-07-31 14:45:00,CNR8735678731,Success,CID632392,Bike,Basavanagudi,KR Puram,259.0,25.0,Not Applicable,Not Applicable,No,Not Applicable,157,Cash,12,3.4,3.7
2024-07-31 23:55:00,CNR8997318926,Canceled by Customer,CID909014,Prime SUV,Padmanabhanagar,Mysore Road,,,Wrong Address,Not Applicable,Not Applicable,Not Applicable,712,Not Applicable,0,,
2024-07-31 21:04:00,CNR5900785954,Success,CID232259,Bike,RT Nagar,Rajajinagar,133.0,100.0,Not Applicable,Not Applicable,No,Not Applicable,1298,Cash,45,3.1,4.8
2024-07-31 17:25:00,CNR2336842331,Success,CID607739,eBike,RT Nagar,Sarjapur Road,56.0,145.0,Not Applicable,Not Applicable,No,Not Applicable,796,Cash,18,4.8,4.7
2024-07-31 14:36:00,CNR9577049548,Canceled by Driver,CID952434,Bike,Hebbal,Majestic,,,Not Applicable,Customer was coughing/sick,Not Applicable,Not Applicable,178,Not Applicable,0,,
2024-07-31 14:03:00,CNR5924035926,Success,CID622181,Auto,Magadi Road,Hebbal,49.0,90.0,Not Applicable,Not Applicable,No,Not Applicable,496,Cash,4,4.9,5.0
2024-07-31 18:37:00,CNR7397027392,Canceled by Driver,CID811484,Prime Sedan,Koramangala,JP Nagar,,,Not Applicable,Customer was coughing/sick,Not Applicable,Not Applicable,338,Not Applicable,0,,
2024-07-31 01:56:00,CNR4708254708,Success,CID524760,Mini,Marathahalli,Varthur,273.0,30.0,Not Applicable,Not Applicable,No,Not Applicable,109,UPI,24,4.0,3.5
2024-07-31 04:14:00,CNR8741578791,Success,CID853596,Auto,Hosur Road,Yelahanka,49.0,140.0,Not Applicable,Not Applicable,No,Not Applicable,258,Cash,5,4.5,4.9
2024-07-31 12:10:00,CNR9388009386,Canceled by Customer,CID983830,Prime Sedan,KR Puram,Koramangala,,,Driver is not moving towards pickup location,Not Applicable,Not Applicable,Not Applicable,332,Not Applicable,0,,
2024-07-31 13:07:00,CNR5510235522,Driver Not Found,CID189885,Mini,Frazer Town,Richmond Town,,,Not Applicable,Not Applicable,Not Applicable,Not Applicable,161,Not Applicable,0,,
2024-07-31 09:54:00,CNR7739857749,Canceled by Driver,CID167832,Prime Plus,Kammanahalli,Kammanahalli,,,Not Applicable,Customer related issue,Not Applicable,Not Applicable,329,Not Applicable,0,,
2024-07-31 06:19:00,CNR9171699199,Success,CID256598,Prime SUV,Chickpet,Ulsoor,42.0,120.0,Not Applicable,Not Applicable,No,Not Applicable,107,UPI,37,4.0,3.2
2024-07-31 13:25:00,CNR3939753993,Canceled by Customer,CID901647,Bike,Banashankari,KR Puram,,,Driver is not moving towards pickup location,Not Applicable,Not Applicable,Not Applicable,141,Not Applicable,0,,
2024-07-31 17:41:00,CNR9423929468,Success,CID535716,Prime Sedan,Langford Town,Magadi Road,266.0,110.0,Not Applicable,Not Applicable,No,Not Applicable,390,UPI,15,4.0,4.4
2024-07-31 12:08:00,CNR2658632647,Canceled by Driver,CID424664,Mini,Tumkur Road,Frazer Town,,,Not Applicable,More than permitted people in there,Not Applicable,Not Applicable,1536,Not Applicable,0,,
2024-07-31 21:36:00,CNR1871701880,Success,CID134633,Prime SUV,Varthur,Nagarbhavi,35.0,130.0,Not Applicable,Not Applicable,No,Not Applicable,179,Cash,33,4.1,3.4
2024-07-31 22:17:00,CNR2585582599,Canceled by Customer,CID814411,Bike,Basavanagudi,Marathahalli,,,Driver asked to cancel,Not Applicable,Not Applicable,Not Applicable,942,Not Applicable,0,,
2024-07-31 12:03:00,CNR2347402336,Success,CID609103,Prime Plus,Peenya,KR Puram,280.0,75.0,Not Applicable,Not Applicable,No,Not Applicable,411,Cash,47,3.5,3.9
2024-07-31 20:03:00,CNR1598841575,Canceled by Driver,CID599987,Mini,Langford Town,Rajarajeshwari Nagar,,,Not Applicable,Customer related issue,Not Applicable,Not Applicable,123,Not Applicable,0,,
2024-07-31 14:00:00,CNR5114125186,Canceled by Customer,CID883218,Prime Plus,Koramangala,Shantinagar,,,Driver is not moving towards pickup location,Not Applicable,Not Applicable,Not Applicable,199,Not Applicable,0,,
2024-07-31 11:17:00,CNR4356544379,Driver Not Found,CID135921,Prime Sedan,Kadugodi,Padmanabhanagar,,,Not Applicable,Not Applicable,Not Applicable,Not Applicable,268,Not Applicable,0,,
2024-07-31 11:38:00,CNR4049684026,Driver Not Found,CID918415,Bike,Hennur,Banashankari,,,Not Applicable,Not Applicable,Not Applicable,Not Applicable,168,Not Applicable,0,,
2024-07-31 13:41:00,CNR8375328373,Success,CID441618,Prime Plus,Yelahanka,Shivajinagar,224.0,75.0,Not Applicable,Not Applicable,No,Not Applicable,349,UPI,29,3.2,4.6
2024-07-31 13:44:00,CNR6300906329,Canceled by Driver,CID505988,Bike,KR Puram,HSR Layout,,,Not Applicable,Customer related issue,Not Applicable,Not Applicable,187,Not Applicable,0,,
2024-07-31 16:08:00,CNR6138696164,Canceled by Driver,CID417135,Auto,Marathahalli,RT Nagar,,,Not Applicable,Customer related issue,Not Applicable,Not Applicable,315,Not Applicable,0,,
2024-07-31 03:30:00,CNR5515755565,Success,CID566221,Prime SUV,Banashankari,Kammanahalli,147.0,65.0,Not Applicable,Not Applicable,No,Not Applicable,125,Cash,18,3.2,4.0
2024-07-31 23:06:00,CNR3345043395,Success,CID603573,Prime SUV,Hebbal,Kammanahalli,245.0,100.0,Not Applicable,Not Applicable,No,Not Applicable,315,Cash,3,3.8,4.8
2024-07-31 00:25:00,CNR7649717620,Success,CID805626,Mini,Banashankari,Rajarajeshwari Nagar,98.0,50.0,Not Applicable,Not Applicable,No,Not Applicable,386,Cash,47,3.8,4.6
2024-07-31 07:22:00,CNR7964377913,Success,CID397222,Auto,Sahakar Nagar,Hosur Road,217.0,30.0,Not Applicable,Not Applicable,No,Not Applicable,365,Cash,2,4.7,4.8
2024-07-31 08:26:00,CNR8112648198,Canceled by Driver,CID519295,Prime Sedan,Mysore Road,BTM Layout,,,Not Applicable,Customer related issue,Not Applicable,Not Applicable,342,Not Applicable,0,,
2024-07-31 23:55:00,CNR7143907146,Success,CID299299,Auto,Shivajinagar,Chickpet,133.0,145.0,Not Applicable,Not Applicable,No,Not Applicable,2654,Cash,7,4.5,3.8
2024-07-31 13:48:00,CNR2068632038,Driver Not Found,CID657341,Auto,Hulimavu,Shivajinagar,,,Not Applicable,Not Applicable,Not Applicable,Not Applicable,454,Not Applicable,0,,
2024-07-31 21:11:00,CNR6057096045,Success,CID250435,Mini,Ulsoor,HSR Layout,238.0,60.0,Not Applicable,Not Applicable,No,Not Applicable,124,Cash,2,4.1,4.2
2024-07-31 21:27:00,CNR8494258486,Success,CID288207,eBike,Mysore Road,Ulsoor,301.0,135.0,Not Applicable,Not Applicable,No,Not Applicable,450,UPI,20,4.9,3.8
2024-07-31 14:42:00,CNR7599817503,Canceled by Customer,CID702454,Bike,Yeshwanthpur,Yeshwanthpur,,,Driver asked to cancel,Not Applicable,Not Applicable,Not Applicable,200,Not Applicable,0,,
2024-07-31 04:33:00,CNR8892848882,Canceled by Driver,CID919307,Prime SUV,Tumkur Road,Peenya,,,Not Applicable,More than permitted people in there,Not Applicable,Not Applicable,445,Not Applicable,0,,
2024-07-31 01:10:00,CNR3163423176,Canceled by Customer,CID656665,Mini,Tumkur Road,Kadugodi,,,Driver asked to cancel,Not Applicable,Not Applicable,Not Applicable,324,Not Applicable,0,,
2024-07-31 19:46:00,CNR5999195953,Success,CID906242,eBike,Magadi Road,Ulsoor,280.0,35.0,Not Applicable,Not Applicable,No,Not Applicable,654,Cash,15,4.7,3.5
2024-07-31 15:04:00,CNR7959087949,Success,CID434591,Bike,Shantinagar,Majestic,308.0,80.0,Not Applicable,Not Applicable,No,Not Applicable,780,Cash,31,3.3,3.4
2024-07-31 14:47:00,CNR2721422711,Success,CID528226,eBike,Marathahalli,Sarjapur Road,196.0,120.0,Not Applicable,Not Applicable,No,Not Applicable,765,Debit Card,47,3.3,3.7
2024-07-31 12:10:00,CNR1258761242,Success,CID686063,eBike,Sarjapur Road,Vijayanagar,168.0,110.0,Not Applicable,Not Applicable,No,Not Applicable,277,UPI,7,5.0,3.5
2024-07-31 17:57:00,CNR8028418037,Canceled by Driver,CID406313,Prime Sedan,Malleshwaram,JP Nagar,,,Not Applicable,Customer related issue,Not Applicable,Not Applicable,254,Not Applicable,0,,
2024-07-31 10:00:00,CNR4341094350,Driver Not Found,CID199750,Bike,Bellandur,Malleshwaram,,,Not Applicable,Not Applicable,Not Applicable,Not Applicable,769,Not Applicable,0,,
2024-07-31 10:10:00,CNR6913626907,Success,CID148386,Bike,Hosur Road,Frazer Town,84.0,95.0,Not Applicable,Not Applicable,No,Not Applicable,841,Cash,23,3.6,4.3
2024-07-31 09:23:00,CNR6488156489,Canceled by Driver,CID371471,Bike,Shivajinagar,Yeshwanthpur,,,Not Applicable,Personal & Car related issue,Not Applicable,Not Applicable,442,Not Applicable,0,,
2024-07-31 03:50:00,CNR3941213900,Success,CID569536,Prime Sedan,Padmanabhanagar,Basavanagudi,287.0,55.0,Not Applicable,Not Applicable,No,Not Applicable,780,UPI,22,3.7,3.8
2024-07-31 20:47:00,CNR8595238589,Canceled by Customer,CID117099,eBike,Hulimavu,Shantinagar,,,Wrong Address,Not Applicable,Not Applicable,Not Applicable,298,Not Applicable,0,,
2024-07-31 19:26:00,CNR3666743616,Success,CID657648,Bike,Vijayanagar,Sahakar Nagar,35.0,85.0,Not Applicable,Not Applicable,No,Not Applicable,853,Cash,10,4.2,4.6
2024-07-31 10:41:00,CNR7691927646,Driver Not Found,CID767006,Prime Sedan,Kammanahalli,Richmond Town,,,Not Applicable,Not Applicable,Not Applicable,Not Applicable,466,Not Applicable,0,,
2024-07-31 15:07:00,CNR9170529184,Canceled by Driver,CID683611,Auto,Varthur,Sarjapur Road,,,Not Applicable,Customer was coughing/sick,Not Applicable,Not Applicable,428,Not Applicable,0,,
2024-07-31 08:49:00,CNR9219449287,Success,CID810551,Mini,Majestic,Cox Town,56.0,130.0,Not Applicable,Not Applicable,No,Not Applicable,310,UPI,46,4.9,5.0
2024-07-31 01:04:00,CNR7692937696,Success,CID864735,Prime Plus,Varthur,Basavanagudi,238.0,100.0,Not Applicable,Not Applicable,No,Not Applicable,371,Cash,8,5.0,3.2
2024-07-31 02:46:00,CNR6072316003,Success,CID831381,Prime SUV,Padmanabhanagar,Vijayanagar,91.0,55.0,Not Applicable,Not Applicable,No,Not Applicable,1627,Cash,12,4.9,3.2
2024-07-31 04:22:00,CNR8581198550,Success,CID684729,Mini,Vijayanagar,RT Nagar,294.0,60.0,Not Applicable,Not Applicable,No,Not Applicable,467,Cash,17,4.9,3.9
2024-07-31 18:01:00,CNR1650011657,Driver Not Found,CID922091,Prime SUV,Banashankari,Shivajinagar,,,Not Applicable,Not Applicable,Not Applicable,Not Applicable,272,Not Applicable,0,,
2024-07-31 17:02:00,CNR9648589662,Success,CID340969,Mini,Rajajinagar,Jayanagar,308.0,40.0,Not Applicable,Not Applicable,No,Not Applicable,467,UPI,42,4.3,3.0
2024-07-31 20:16:00,CNR6440196495,Canceled by Customer,CID537855,Auto,Mysore Road,Peenya,,,Driver is not moving towards pickup location,Not Applicable,Not Applicable,Not Applicable,2089,Not Applicable,0,,
2024-07-31 19:26:00,CNR7073257083,Canceled by Driver,CID496929,Prime Sedan,Hebbal,Kadugodi,,,Not Applicable,Customer was coughing/sick,Not Applicable,Not Applicable,482,Not Applicable,0,,
2024-07-31 12:27:00,CNR3069583038,Success,CID839421,eBike,Yeshwanthpur,Padmanabhanagar,84.0,100.0,Not Applicable,Not Applicable,No,Not Applicable,769,UPI,16,3.1,3.0
2024-07-31 23:37:00,CNR7723387787,Canceled by Driver,CID196741,eBike,Magadi Road,KR Puram,,,Not Applicable,More than permitted people in there,Not Applicable,Not Applicable,1685,Not Applicable,0,,
2024-07-31 00:15:00,CNR8010438055,Success,CID332486,Mini,Bannerghatta Road,Langford Town,266.0,110.0,Not Applicable,Not Applicable,No,Not Applicable,369,UPI,34,5.0,5.0
2024-07-31 05:05:00,CNR5277755269,Driver Not Found,CID803207,Mini,Majestic,Tumkur Road,,,Not Applicable,Not Applicable,Not Applicable,Not Applicable,322,Not Applicable,0,,
2024-07-31 02:06:00,CNR4636344695,Success,CID628024,Mini,Cox Town,Mysore Road,133.0,30.0,Not Applicable,Not Applicable,No,Not Applicable,1967,UPI,36,4.7,3.5
2024-07-31 11:25:00,CNR7265977229,Canceled by Driver,CID301682,eBike,Banashankari,Chamarajpet,,,Not Applicable,Customer related issue,Not Applicable,Not Applicable,749,Not Applicable,0,,
2024-07-31 16:28:00,CNR6296666271,Canceled by Driver,CID378539,eBike,Langford Town,Whitefield,,,Not Applicable,Customer was coughing/sick,Not Applicable,Not Applicable,824,Not Applicable,0,,
2024-07-31 19:22:00,CNR7222727220,Driver Not Found,CID689340,Prime SUV,Hebbal,Marathahalli,,,Not Applicable,Not Applicable,Not Applicable,Not Applicable,341,Not Applicable,0,,
2024-07-31 11:03:00,CNR8256978231,Success,CID124281,Mini,JP Nagar,Yeshwanthpur,175.0,70.0,Not Applicable,Not Applicable,No,Not Applicable,701,Credit Card,40,4.2,4.3
2024-07-31 18:29:00,CNR7836087835,Canceled by Customer,CID871179,Mini,JP Nagar,Hosur Road,,,AC is Not working,Not Applicable,Not Applicable,Not Applicable,455,Not Applicable,0,,
2024-07-31 16:22:00,CNR1864231853,Canceled by Driver,CID922999,eBike,Tumkur Road,Yeshwanthpur,,,Not Applicable,Personal & Car related issue,Not Applicable,Not Applicable,402,Not Applicable,0,,
2024-07-31 15:46:00,CNR5324005364,Success,CID143004,Auto,RT Nagar,Shantinagar,119.0,40.0,Not Applicable,Not Applicable,No,Not Applicable,1922,Cash,6,3.8,3.5
2024-07-31 00:25:00,CNR2330202327,Canceled by Customer,CID801985,Mini,Magadi Road,Tumkur Road,,,Change of plans,Not Applicable,Not Applicable,Not Applicable,283,Not Applicable,0,,
2024-07-31 15:35:00,CNR8756228711,Success,CID200631,Mini,Yeshwanthpur,Shantinagar,182.0,85.0,Not Applicable,Not Applicable,No,Not Applicable,956,Cash,43,4.7,5.0
2024-07-31 08:25:00,CNR4333274312,Canceled by Driver,CID525568,Auto,Sarjapur Road,Sarjapur Road,,,Not Applicable,Customer related issue,Not Applicable,Not Applicable,628,Not Applicable,0,,
2024-07-31 18:05:00,CNR1448841403,Canceled by Driver,CID158353,eBike,Nagarbhavi,Whitefield,,,Not Applicable,Personal & Car related issue,Not Applicable,Not Applicable,600,Not Applicable,0,,
2024-07-31 17:17:00,CNR5211325253,Success,CID638624,eBike,Richmond Town,Sarjapur Road,105.0,100.0,Not Applicable,Not Applicable,No,Not Applicable,444,Cash,34,4.4,3.9
2024-07-31 19:51:00,CNR9294579224,Success,CID546631,Prime Plus,Hosur Road,Shivajinagar,224.0,30.0,Not Applicable,Not Applicable,No,Not Applicable,775,Cash,22,3.8,4.2
2024-07-31 22:45:00,CNR5940865944,Success,CID434827,Prime Sedan,Hebbal,Magadi Road,91.0,125.0,Not Applicable,Not Applicable,No,Not Applicable,366,UPI,2,3.6,3.1
2024-07-31 07:31:00,CNR8218398213,Canceled by Driver,CID363135,Prime SUV,Hebbal,Whitefield,,,Not Applicable,Customer related issue,Not Applicable,Not Applicable,845,Not Applicable,0,,
2024-07-31 04:14:00,CNR1990131994,Canceled by Driver,CID357767,Mini,Koramangala,Ulsoor,,,Not Applicable,Personal & Car related issue,Not Applicable,Not Applicable,2045,Not Applicable,0,,
2024-07-31 23:49:00,CNR2542242550,Canceled by Driver,CID931736,Prime Sedan,Padmanabhanagar,Whitefield,,,Not Applicable,Customer related issue,Not Applicable,Not Applicable,165,Not Applicable,0,,
2024-07-31 08:58:00,CNR1473401481,Driver Not Found,CID907766,eBike,Tumkur Road,Hebbal,,,Not Applicable,Not Applicable,Not Applicable,Not Applicable,244,Not Applicable,0,,
2024-07-31 11:39:00,CNR4705364716,Success,CID847293,Mini,Yelahanka,JP Nagar,147.0,30.0,Not Applicable,Not Applicable,No,Not Applicable,150,Cash,43,4.7,3.9
2024-07-31 16:40:00,CNR6392506345,Driver Not Found,CID852066,Auto,Chamarajpet,Langford Town,,,Not Applicable,Not Applicable,Not Applicable,Not Applicable,348,Not Applicable,0,,
2024-07-31 09:35:00,CNR5620235670,Success,CID640295,Bike,Malleshwaram,Hennur,84.0,50.0,Not Applicable,Not Applicable,No,Not Applicable,607,Cash,31,3.9,4.0
2024-07-31 15:48:00,CNR4163914114,Success,CID614929,Prime SUV,Ramamurthy Nagar,Magadi Road,273.0,60.0,Not Applicable,Not Applicable,No,Not Applicable,602,Cash,1,4.7,3.2
2024-07-31 10:26:00,CNR3240483252,Success,CID273553,Prime Plus,Rajajinagar,Chickpet,168.0,120.0,Not Applicable,Not Applicable,No,Not Applicable,369,UPI,41,3.8,4.9
2024-07-31 16:58:00,CNR5523685582,Success,CID696966,Prime Plus,BTM Layout,Bellandur,294.0,95.0,Not Applicable,Not Applicable,No,Not Applicable,167,UPI,1,4.1,4.0
2024-07-31 09:56:00,CNR1932831975,Canceled by Driver,CID571003,Prime SUV,Jayanagar,Mysore Road,,,Not Applicable,Customer was coughing/sick,Not Applicable,Not Applicable,493,Not Applicable,0,,
2024-07-31 08:59:00,CNR2402952475,Success,CID942695,Mini,Hennur,Chamarajpet,140.0,45.0,Not Applicable,Not Applicable,No,Not Applicable,520,UPI,16,4.6,4.5
2024-07-31 21:43:00,CNR7602727690,Success,CID865453,Bike,Hosur Road,Shantinagar,217.0,25.0,Not Applicable,Not Applicable,No,Not Applicable,844,Cash,28,4.0,4.4
2024-07-31 23:50:00,CNR4726914715,Success,CID669146,Auto,HSR Layout,MG Road,126.0,80.0,Not Applicable,Not Applicable,No,Not Applicable,537,UPI,19,4.5,4.5
2024-07-31 20:53:00,CNR7590027572,Success,CID449704,Mini,Basavanagudi,Yelahanka,112.0,40.0,Not Applicable,Not Applicable,No,Not Applicable,2222,Cash,2,3.5,3.8
2024-07-31 08:11:00,CNR1407971400,Success,CID801330,Prime Sedan,Kengeri,Ramamurthy Nagar,224.0,120.0,Not Applicable,Not Applicable,No,Not Applicable,638,UPI,31,3.9,4.1
2024-07-31 20:41:00,CNR5262185267,Driver Not Found,CID586895,Bike,Hennur,Bannerghatta Road,,,Not Applicable,Not Applicable,Not Applicable,Not Applicable,2336,Not Applicable,0,,
2024-07-31 14:13:00,CNR6827406864,Success,CID229139,Mini,Magadi Road,Ulsoor,56.0,75.0,Not Applicable,Not Applicable,No,Not Applicable,221,UPI,22,3.5,3.3
2024-07-31 12:20:00,CNR1307571349,Canceled by Customer,CID463940,Prime Sedan,HSR Layout,Frazer Town,,,Change of plans,Not Applicable,Not Applicable,Not Applicable,467,Not Applicable,0,,
2024-07-31 20:20:00,CNR8751988783,Canceled by Driver,CID964478,Mini,Banashankari,Mysore Road,,,Not Applicable,Customer was coughing/sick,Not Applicable,Not Applicable,2412,Not Applicable,0,,
2024-07-31 16:50:00,CNR1198361132,Driver Not Found,CID117595,Prime Plus,Cox Town,Jayanagar,,,Not Applicable,Not Applicable,Not Applicable,Not Applicable,231,Not Applicable,0,,
2024-07-31 09:51:00,CNR2197752180,Success,CID597293,Prime Sedan,Malleshwaram,Hulimavu,154.0,80.0,Not Applicable,Not Applicable,No,Not Applicable,2442,Cash,25,5.0,4.3
2024-07-31 13:35:00,CNR5816565873,Success,CID778518,Prime SUV,Indiranagar,Vijayanagar,259.0,30.0,Not Applicable,Not Applicable,No,Not Applicable,245,Debit Card,39,3.8,4.1
2024-07-31 15:02:00,CNR1661771620,Success,CID849698,eBike,Frazer Town,Rajajinagar,175.0,55.0,Not Applicable,Not Applicable,No,Not Applicable,174,Cash,38,3.9,4.1
2024-07-31 20:07:00,CNR6145406169,Driver Not Found,CID774855,Prime Plus,Bannerghatta Road,Magadi Road,,,Not Applicable,Not Applicable,Not Applicable,Not Applicable,135,Not Applicable,0,,
2024-07-31 07:19:00,CNR5544185585,Success,CID600690,Bike,Ulsoor,Hennur,280.0,75.0,Not Applicable,Not Applicable,No,Not Applicable,431,UPI,34,5.0,3.4
2024-07-31 01:38:00,CNR8849578855,Success,CID918622,Bike,Hebbal,Padmanabhanagar,245.0,80.0,Not Applicable,Not Applicable,No,Not Applicable,393,Cash,22,3.0,3.8
2024-07-31 04:23:00,CNR9580239564,Success,CID780594,Prime Plus,Tumkur Road,Hebbal,70.0,130.0,Not Applicable,Not Applicable,No,Not Applicable,286,Cash,37,4.2,3.3
2024-07-31 07:44:00,CNR7660527672,Success,CID539191,Bike,Yeshwanthpur,Bellandur,91.0,145.0,Not Applicable,Not Applicable,No,Not Applicable,159,UPI,41,3.1,4.3
2024-07-31 09:24:00,CNR5958095965,Success,CID564113,Prime Sedan,Indiranagar,Hulimavu,84.0,125.0,Not Applicable,Not Applicable,No,Not Applicable,217,Cash,19,3.8,4.0
2024-07-31 11:33:00,CNR4700374792,Success,CID303462,Prime SUV,HSR Layout,Basavanagudi,35.0,60.0,Not Applicable,Not Applicable,No,Not Applicable,426,UPI,32,3.5,4.8
2024-07-31 06:17:00,CNR9131639155,Driver Not Found,CID157707,Prime Plus,Cox Town,Hulimavu,,,Not Applicable,Not Applicable,Not Applicable,Not Applicable,257,Not Applicable,0,,
2024-07-31 21:22:00,CNR8853598844,Success,CID769760,eBike,BTM Layout,Mysore Road,56.0,100.0,Not Applicable,Not Applicable,No,Not Applicable,473,UPI,24,4.0,4.6
2024-07-31 22:02:00,CNR7237877209,Canceled by Customer,CID762179,Prime Plus,Bannerghatta Road,Mysore Road,,,Driver asked to cancel,Not Applicable,Not Applicable,Not Applicable,464,Not Applicable,0,,
2024-07-31 11:28:00,CNR6329956341,Success,CID889936,eBike,Basavanagudi,Shivajinagar,84.0,65.0,Not Applicable,Not Applicable,No,Not Applicable,278,UPI,49,3.6,4.9
2024-07-31 22:03:00,CNR2640402676,Success,CID834626,Prime Plus,Ramamurthy Nagar,Hennur,266.0,80.0,Not Applicable,Not Applicable,No,Not Applicable,727,Cash,33,4.8,4.1
2024-07-31 01:08:00,CNR9218509201,Success,CID699310,Prime Sedan,Marathahalli,Vijayanagar,91.0,45.0,Not Applicable,Not Applicable,No,Not Applicable,153,Cash,22,3.5,3.8
2024-07-31 13:43:00,CNR4916124958,Success,CID267413,eBike,Tumkur Road,Kammanahalli,196.0,145.0,Not Applicable,Not Applicable,No,Not Applicable,420,Cash,8,4.2,3.5
2024-07-31 18:09:00,CNR4953744995,Success,CID953381,Prime SUV,Indiranagar,JP Nagar,84.0,135.0,Not Applicable,Not Applicable,Yes,Other Issue,935,UPI,19,3.8,4.9
2024-07-31 08:11:00,CNR4945224950,Success,CID435192,Prime SUV,Nagarbhavi,Hennur,112.0,45.0,Not Applicable,Not Applicable,Yes,Customer Demand,2006,Cash,24,4.7,4.8
2024-07-31 11:15:00,CNR8054848011,Driver Not Found,CID954071,Prime Sedan,Richmond Town,Ramamurthy Nagar,,,Not Applicable,Not Applicable,Not Applicable,Not Applicable,113,Not Applicable,0,,
2024-07-31 00:53:00,CNR1902571958,Success,CID986205,Bike,Shantinagar,Vijayanagar,84.0,40.0,Not Applicable,Not Applicable,No,Not Applicable,267,Cash,22,4.3,5.0
2024-07-31 20:54:00,CNR2302292377,Success,CID742121,Mini,MG Road,Electronic City,287.0,120.0,Not Applicable,Not Applicable,No,Not Applicable,356,Cash,39,3.2,3.6
2024-07-31 14:25:00,CNR5662015652,Success,CID775131,Prime SUV,Hennur,Bannerghatta Road,231.0,45.0,Not Applicable,Not Applicable,No,Not Applicable,425,Cash,27,3.2,3.1
2024-07-31 14:44:00,CNR6078146087,Success,CID364002,Prime Sedan,Hulimavu,Nagarbhavi,280.0,100.0,Not Applicable,Not Applicable,Yes,Customer Demand,125,Cash,1,3.6,4.5
2024-07-31 09:41:00,CNR8559888565,Success,CID153515,Prime SUV,Mysore Road,Majestic,280.0,35.0,Not Applicable,Not Applicable,No,Not Applicable,242,UPI,23,4.2,3.5
2024-07-31 00:57:00,CNR5807955815,Success,CID669406,Prime SUV,Vijayanagar,Ramamurthy Nagar,196.0,50.0,Not Applicable,Not Applicable,Yes,Customer Demand,102,UPI,16,3.6,3.5
2024-07-31 15:37:00,CNR7345457345,Success,CID431080,Prime Sedan,Varthur,Tumkur Road,182.0,45.0,Not Applicable,Not Applicable,No,Not Applicable,285,UPI,6,3.5,3.2
2024-07-31 23:44:00,CNR1449581497,Canceled by Driver,CID418507,Auto,Mysore Road,Malleshwaram,,,Not Applicable,Customer related issue,Not Applicable,Not Applicable,204,Not Applicable,0,,
2024-07-31 00:26:00,CNR5028405034,Success,CID741072,Bike,Whitefield,Hulimavu,84.0,105.0,Not Applicable,Not Applicable,No,Not Applicable,152,Cash,34,3.7,3.1
2024-07-31 06:33:00,CNR4798034749,Canceled by Customer,CID266355,Prime Sedan,Mysore Road,Rajajinagar,,,Change of plans,Not Applicable,Not Applicable,Not Applicable,786,Not Applicable,0,,
2024-07-31 01:55:00,CNR1984381955,Driver Not Found,CID151116,Prime SUV,RT Nagar,Nagarbhavi,,,Not Applicable,Not Applicable,Not Applicable,Not Applicable,453,Not Applicable,0,,
2024-07-31 04:45:00,CNR5268305217,Success,CID359221,Prime Plus,Marathahalli,Richmond Town,196.0,30.0,Not Applicable,Not Applicable,No,Not Applicable,295,Cash,38,3.0,4.9
2024-07-31 22:13:00,CNR5605885674,Canceled by Driver,CID318734,Prime SUV,Kadugodi,Chickpet,,,Not Applicable,Customer was coughing/sick,Not Applicable,Not Applicable,468,Not Applicable,0,,
2024-07-31 10:44:00,CNR9335429354,Canceled by Customer,CID750392,eBike,Kammanahalli,RT Nagar,,,Wrong Address,Not Applicable,Not Applicable,Not Applicable,320,Not Applicable,0,,
2024-07-31 13:33:00,CNR6817696867,Canceled by Driver,CID698954,Prime Plus,Sarjapur Road,Sahakar Nagar,,,Not Applicable,More than permitted people in there,Not Applicable,Not Applicable,801,Not Applicable,0,,
2024-07-31 17:43:00,CNR7705487716,Success,CID266327,eBike,Peenya,Jayanagar,259.0,140.0,Not Applicable,Not Applicable,No,Not Applicable,193,Cash,49,3.3,4.6
2024-07-31 03:50:00,CNR7123357136,Success,CID446604,Bike,Shantinagar,Ramamurthy Nagar,168.0,60.0,Not Applicable,Not Applicable,No,Not Applicable,1235,Cash,41,3.7,3.7
2024-07-31 04:31:00,CNR6054626007,Canceled by Driver,CID766987,Bike,Varthur,Shivajinagar,,,Not Applicable,More than permitted people in there,Not Applicable,Not Applicable,227,Not Applicable,0,,
2024-07-31 21:57:00,CNR4651544681,Canceled by Driver,CID204569,eBike,Chamarajpet,Chamarajpet,,,Not Applicable,Customer was coughing/sick,Not Applicable,Not Applicable,191,Not Applicable,0,,
2024-07-31 20:09:00,CNR4862854832,Success,CID248752,Mini,Mysore Road,Varthur,210.0,115.0,Not Applicable,Not Applicable,No,Not Applicable,478,Cash,17,3.9,3.4
2024-07-31 11:50:00,CNR1530641560,Success,CID790183,Bike,BTM Layout,Ramamurthy Nagar,252.0,45.0,Not Applicable,Not Applicable,No,Not Applicable,802,UPI,2,4.5,3.3
2024-07-31 04:58:00,CNR9347469317,Success,CID762031,Auto,Koramangala,Devanahalli,98.0,30.0,Not Applicable,Not Applicable,No,Not Applicable,239,Cash,3,3.4,3.2
2024-07-31 18:24:00,CNR2900012914,Success,CID288207,Bike,Frazer Town,Yelahanka,140.0,40.0,Not Applicable,Not Applicable,No,Not Applicable,168,UPI,43,4.1,4.3
2024-07-31 17:29:00,CNR4943464964,Success,CID722803,eBike,Kengeri,KR Puram,35.0,30.0,Not Applicable,Not Applicable,No,Not Applicable,388,Cash,31,3.1,4.1
2024-07-31 20:10:00,CNR1031811076,Canceled by Driver,CID249599,Mini,MG Road,Sarjapur Road,,,Not Applicable,More than permitted people in there,Not Applicable,Not Applicable,840,Not Applicable,0,,
2024-07-31 02:40:00,CNR8692688694,Success,CID192895,Prime SUV,Jayanagar,Shivajinagar,42.0,65.0,Not Applicable,Not Applicable,No,Not Applicable,942,Cash,18,4.1,3.7
2024-07-31 16:33:00,CNR6922366997,Success,CID814151,Auto,Rajarajeshwari Nagar,Marathahalli,301.0,35.0,Not Applicable,Not Applicable,No,Not Applicable,1208,Cash,5,4.7,4.0
2024-07-31 07:44:00,CNR6770476782,Success,CID827253,Bike,Tumkur Road,RT Nagar,112.0,130.0,Not Applicable,Not Applicable,No,Not Applicable,195,UPI,32,3.5,3.7
2024-07-31 10:44:00,CNR7694207618,Canceled by Driver,CID313809,eBike,Ulsoor,Chickpet,,,Not Applicable,Customer related issue,Not Applicable,Not Applicable,741,Not Applicable,0,,
2024-07-31 08:28:00,CNR8429718472,Driver Not Found,CID638560,Auto,Sahakar Nagar,Cox Town,,,Not Applicable,Not Applicable,Not Applicable,Not Applicable,444,Not Applicable,0,,
2024-07-31 18:49:00,CNR4884554879,Success,CID127361,Prime SUV,Shivajinagar,Kadugodi,182.0,55.0,Not Applicable,Not Applicable,No,Not Applicable,2622,Cash,25,3.1,3.7
2024-07-31 08:18:00,CNR7816957855,Success,CID467663,Prime Sedan,Nagarbhavi,Yelahanka,196.0,60.0,Not Applicable,Not Applicable,No,Not Applicable,2787,Cash,46,3.1,3.5
2024-07-31 02:30:00,CNR5840225875,Success,CID772102,Bike,Padmanabhanagar,JP Nagar,56.0,105.0,Not Applicable,Not Applicable,No,Not Applicable,400,UPI,33,3.6,3.9
2024-07-31 08:55:00,CNR5995835968,Canceled by Driver,CID779459,Auto,Devanahalli,Varthur,,,Not Applicable,Customer was coughing/sick,Not Applicable,Not Applicable,384,Not Applicable,0,,
2024-07-31 16:16:00,CNR1303701358,Canceled by Driver,CID483498,Prime Sedan,RT Nagar,Marathahalli,,,Not Applicable,Customer related issue,Not Applicable,Not Applicable,465,Not Applicable,0,,
2024-07-31 05:02:00,CNR4481584445,Success,CID771373,Auto,Varthur,Rajajinagar,280.0,130.0,Not Applicable,Not Applicable,No,Not Applicable,137,Credit Card,11,3.6,4.0
2024-07-31 06:09:00,CNR2389462390,Success,CID957422,Prime Plus,Jayanagar,Whitefield,259.0,145.0,Not Applicable,Not Applicable,No,Not Applicable,168,UPI,36,4.4,4.7
2024-07-31 08:21:00,CNR9076299011,Canceled by Driver,CID976976,Prime SUV,Bannerghatta Road,Basavanagudi,,,Not Applicable,More than permitted people in there,Not Applicable,Not Applicable,228,Not Applicable,0,,
2024-07-31 03:24:00,CNR5204155222,Canceled by Driver,CID746097,Auto,Banashankari,Sahakar Nagar,,,Not Applicable,More than permitted people in there,Not Applicable,Not Applicable,743,Not Applicable,0,,
2024-07-31 05:12:00,CNR6639766608,Success,CID899821,Prime Plus,Hebbal,Yelahanka,112.0,70.0,Not Applicable,Not Applicable,No,Not Applicable,365,UPI,42,4.2,3.6
2024-07-31 17:13:00,CNR1556151579,Success,CID943322,eBike,Malleshwaram,Basavanagudi,189.0,100.0,Not Applicable,Not Applicable,No,Not Applicable,359,UPI,4,4.0,3.3
2024-07-31 10:26:00,CNR7263127272,Success,CID257313,Prime Sedan,Rajarajeshwari Nagar,Shantinagar,77.0,75.0,Not Applicable,Not Applicable,No,Not Applicable,183,Cash,14,3.9,5.0
2024-07-31 01:08:00,CNR8217088205,Canceled by Driver,CID231453,Prime Plus,Mysore Road,Richmond Town,,,Not Applicable,Customer was coughing/sick,Not Applicable,Not Applicable,2559,Not Applicable,0,,
2024-07-31 21:19:00,CNR3993353907,Canceled by Customer,CID235149,eBike,Hosur Road,Sahakar Nagar,,,Change of plans,Not Applicable,Not Applicable,Not Applicable,192,Not Applicable,0,,
2024-07-31 01:39:00,CNR2269532232,Driver Not Found,CID408016,Auto,Rajarajeshwari Nagar,Kammanahalli,,,Not Applicable,Not Applicable,Not Applicable,Not Applicable,176,Not Applicable,0,,
2024-07-31 17:00:00,CNR2895812840,Success,CID326407,Bike,Bellandur,HSR Layout,91.0,115.0,Not Applicable,Not Applicable,No,Not Applicable,404,UPI,41,3.7,3.7
2024-07-31 01:40:00,CNR7331597353,Success,CID913658,Bike,Nagarbhavi,Jayanagar,119.0,80.0,Not Applicable,Not Applicable,No,Not Applicable,160,UPI,39,3.6,3.5
2024-07-31 13:18:00,CNR2094362071,Success,CID208097,Prime Sedan,Malleshwaram,Nagarbhavi,91.0,60.0,Not Applicable,Not Applicable,No,Not Applicable,300,Cash,3,3.8,4.6
2024-07-31 05:26:00,CNR9648489661,Success,CID984798,eBike,RT Nagar,JP Nagar,175.0,125.0,Not Applicable,Not Applicable,No,Not Applicable,340,Cash,46,4.6,4.2
2024-07-31 02:18:00,CNR2103432116,Driver Not Found,CID218869,Prime SUV,Banashankari,Majestic,,,Not Applicable,Not Applicable,Not Applicable,Not Applicable,323,Not Applicable,0,,
2024-07-31 13:20:00,CNR9389789356,Canceled by Driver,CID110220,Auto,MG Road,MG Road,,,Not Applicable,Customer related issue,Not Applicable,Not Applicable,734,Not Applicable,0,,
2024-07-31 05:25:00,CNR1127701181,Canceled by Customer,CID834713,Bike,Yeshwanthpur,Rajajinagar,,,Driver asked to cancel,Not Applicable,Not Applicable,Not Applicable,438,Not Applicable,0,,
2024-07-31 02:56:00,CNR9768559778,Canceled by Driver,CID117433,eBike,Kadugodi,Devanahalli,,,Not Applicable,Customer related issue,Not Applicable,Not Applicable,139,Not Applicable,0,,
2024-07-31 17:53:00,CNR6139246156,Success,CID723909,eBike,Koramangala,Kammanahalli,189.0,50.0,Not Applicable,Not Applicable,No,Not Applicable,808,Cash,28,4.0,4.4
2024-07-31 21:36:00,CNR4008754068,Success,CID525960,Prime Plus,Hulimavu,Koramangala,35.0,130.0,Not Applicable,Not Applicable,No,Not Applicable,312,Cash,10,4.3,5.0
2024-07-31 07:54:00,CNR9635399678,Success,CID782883,Prime SUV,Marathahalli,Hosur Road,224.0,105.0,Not Applicable,Not Applicable,No,Not Applicable,440,Cash,29,3.4,4.9
2024-07-31 14:43:00,CNR7796617786,Driver Not Found,CID801239,Prime Plus,Sarjapur Road,Vijayanagar,,,Not Applicable,Not Applicable,Not Applicable,Not Applicable,412,Not Applicable,0,,
2024-07-31 21:18:00,CNR2099482006,Success,CID708444,eBike,Tumkur Road,KR Puram,63.0,40.0,Not Applicable,Not Applicable,No,Not Applicable,313,Cash,12,4.2,3.3
2024-07-31 13:01:00,CNR5696765699,Success,CID950748,Auto,Vijayanagar,Kadugodi,280.0,60.0,Not Applicable,Not Applicable,No,Not Applicable,379,Cash,5,3.1,3.6
2024-07-31 14:45:00,CNR8130888114,Success,CID945489,Auto,Peenya,Cox Town,147.0,125.0,Not Applicable,Not Applicable,No,Not Applicable,126,Cash,9,4.4,4.2
2024-07-31 04:59:00,CNR8307448327,Canceled by Driver,CID600575,eBike,Sahakar Nagar,Indiranagar,,,Not Applicable,Personal & Car related issue,Not Applicable,Not Applicable,102,Not Applicable,0,,
2024-07-31 07:43:00,CNR3895883862,Canceled by Customer,CID347340,Prime SUV,Chickpet,Banashankari,,,AC is Not working,Not Applicable,Not Applicable,Not Applicable,204,Not Applicable,0,,
2024-07-31 08:07:00,CNR6731626770,Success,CID100298,Prime Plus,Padmanabhanagar,Malleshwaram,91.0,130.0,Not Applicable,Not Applicable,No,Not Applicable,341,UPI,38,3.3,4.9
2024-07-31 04:01:00,CNR2346352355,Canceled by Driver,CID271279,Bike,Padmanabhanagar,Whitefield,,,Not Applicable,Personal & Car related issue,Not Applicable,Not Applicable,205,Not Applicable,0,,
2024-07-31 06:13:00,CNR9213409241,Canceled by Driver,CID484313,Mini,Ulsoor,Jayanagar,,,Not Applicable,Personal & Car related issue,Not Applicable,Not Applicable,625,Not Applicable,0,,
2024-07-31 11:43:00,CNR8649398678,Canceled by Customer,CID527446,Auto,JP Nagar,Shivajinagar,,,Driver asked to cancel,Not Applicable,Not Applicable,Not Applicable,144,Not Applicable,0,,
2024-07-31 23:24:00,CNR5807655848,Success,CID604003,Mini,Sahakar Nagar,Marathahalli,112.0,25.0,Not Applicable,Not Applicable,No,Not Applicable,436,Cash,44,4.2,4.6
2024-07-31 19:12:00,CNR7222037298,Driver Not Found,CID533324,Prime Sedan,Varthur,Electronic City,,,Not Applicable,Not Applicable,Not Applicable,Not Applicable,766,Not Applicable,0,,
2024-07-31 06:24:00,CNR4407994497,Canceled by Driver,CID796379,Prime Plus,Magadi Road,Magadi Road,,,Not Applicable,Personal & Car related issue,Not Applicable,Not Applicable,251,Not Applicable,0,,
2024-07-31 03:21:00,CNR3834223887,Success,CID480029,eBike,Hosur Road,Vijayanagar,35.0,45.0,Not Applicable,Not Applicable,No,Not Applicable,849,UPI,44,3.6,4.6
2024-07-31 03:23:00,CNR6427786409,Canceled by Customer,CID568036,Prime SUV,Kadugodi,Tumkur Road,,,Driver asked to cancel,Not Applicable,Not Applicable,Not Applicable,348,Not Applicable,0,,
2024-07-31 15:36:00,CNR6899686879,Success,CID446732,Prime SUV,Yelahanka,HSR Layout,56.0,75.0,Not Applicable,Not Applicable,No,Not Applicable,302,UPI,24,4.8,3.7
2024-07-31 08:40:00,CNR8523218527,Success,CID943579,eBike,Kammanahalli,Sahakar Nagar,91.0,40.0,Not Applicable,Not Applicable,No,Not Applicable,746,UPI,44,4.1,4.4
2024-07-31 00:28:00,CNR4400894404,Success,CID783068,Mini,Vijayanagar,Hennur,238.0,75.0,Not Applicable,Not Applicable,No,Not Applicable,820,Cash,32,4.7,3.2
2024-07-31 20:22:00,CNR2658142670,Success,CID938330,Bike,Electronic City,Richmond Town,182.0,100.0,Not Applicable,Not Applicable,No,Not Applicable,2003,Cash,29,3.0,4.8
2024-07-31 10:20:00,CNR2382692365,Driver Not Found,CID964961,Prime Sedan,Electronic City,Rajajinagar,,,Not Applicable,Not Applicable,Not Applicable,Not Applicable,109,Not Applicable,0,,
2024-07-31 14:50:00,CNR4036384076,Success,CID406132,Prime Sedan,MG Road,Nagarbhavi,203.0,135.0,Not Applicable,Not Applicable,No,Not Applicable,543,Cash,49,4.5,4.6
2024-07-31 11:05:00,CNR4627594666,Success,CID429970,Prime Sedan,Marathahalli,Kammanahalli,308.0,110.0,Not Applicable,Not Applicable,No,Not Applicable,574,UPI,22,3.6,4.5
2024-07-31 13:33:00,CNR1484971489,Success,CID578820,Prime SUV,HSR Layout,Sahakar Nagar,245.0,140.0,Not Applicable,Not Applicable,No,Not Applicable,331,Credit Card,32,4.5,3.6
2024-07-31 16:24:00,CNR7140177158,Success,CID536565,Prime SUV,BTM Layout,Langford Town,175.0,110.0,Not Applicable,Not Applicable,No,Not Applicable,321,UPI,20,3.7,3.7
2024-07-31 14:23:00,CNR4714924754,Success,CID166904,Bike,Rajajinagar,Hulimavu,273.0,55.0,Not Applicable,Not Applicable,No,Not Applicable,398,Credit Card,6,4.6,3.1
2024-07-31 06:28:00,CNR1798191700,Success,CID520815,Bike,Frazer Town,Vijayanagar,280.0,135.0,Not Applicable,Not Applicable,Yes,Other Issue,983,Cash,15,3.9,3.4
2024-07-31 15:38:00,CNR9844289846,Success,CID378854,Prime Sedan,Koramangala,Vijayanagar,196.0,80.0,Not Applicable,Not Applicable,No,Not Applicable,301,UPI,19,4.6,3.3
2024-07-31 19:40:00,CNR4595404542,Success,CID402623,Prime Sedan,Kadugodi,Shantinagar,287.0,145.0,Not Applicable,Not Applicable,No,Not Applicable,181,UPI,25,4.6,3.1
2024-07-31 15:24:00,CNR9612709641,Success,CID700731,Prime Sedan,Chamarajpet,KR Puram,217.0,140.0,Not Applicable,Not Applicable,No,Not Applicable,695,UPI,2,3.3,4.2
2024-07-31 18:14:00,CNR9602299609,Canceled by Customer,CID548434,Prime Plus,Kengeri,Majestic,,,Driver is not moving towards pickup location,Not Applicable,Not Applicable,Not Applicable,359,Not Applicable,0,,
2024-07-31 07:35:00,CNR6783866775,Canceled by Driver,CID648721,Bike,Kammanahalli,BTM Layout,,,Not Applicable,Customer related issue,Not Applicable,Not Applicable,885,Not Applicable,0,,
2024-07-31 00:29:00,CNR6307756374,Canceled by Customer,CID797816,Bike,Shivajinagar,Bellandur,,,Change of plans,Not Applicable,Not Applicable,Not Applicable,371,Not Applicable,0,,
2024-07-31 17:45:00,CNR5365465355,Success,CID571744,eBike,Sarjapur Road,Shantinagar,266.0,50.0,Not Applicable,Not Applicable,No,Not Applicable,150,Cash,9,4.7,3.5
2024-07-31 19:39:00,CNR9303349339,Success,CID203466,Prime Sedan,Richmond Town,Shantinagar,196.0,115.0,Not Applicable,Not Applicable,No,Not Applicable,322,Credit Card,7,3.2,3.0
2024-07-31 10:17:00,CNR1437631455,Canceled by Driver,CID257190,Prime Sedan,HSR Layout,Peenya,,,Not Applicable,Customer was coughing/sick,Not Applicable,Not Applicable,868,Not Applicable,0,,
2024-07-31 12:59:00,CNR1920561960,Canceled by Customer,CID205721,Prime Sedan,BTM Layout,Sarjapur Road,,,Driver asked to cancel,Not Applicable,Not Applicable,Not Applicable,352,Not Applicable,0,,
2024-07-31 19:33:00,CNR5819425836,Success,CID528910,Bike,JP Nagar,Basavanagudi,175.0,140.0,Not Applicable,Not Applicable,No,Not Applicable,2265,UPI,42,4.2,3.4
2024-07-31 12:15:00,CNR5866475857,Success,CID713897,Prime Sedan,Banashankari,Richmond Town,154.0,90.0,Not Applicable,Not Applicable,No,Not Applicable,207,Cash,46,3.1,3.2
2024-07-31 01:28:00,CNR3242003208,Canceled by Customer,CID523402,Mini,Sarjapur Road,Indiranagar,,,Change of plans,Not Applicable,Not Applicable,Not Applicable,302,Not Applicable,0,,
2024-07-31 14:10:00,CNR2580382581,Success,CID929064,Prime Sedan,Richmond Town,Rajarajeshwari Nagar,70.0,45.0,Not Applicable,Not Applicable,No,Not Applicable,218,Cash,29,3.9,4.7
2024-07-31 21:47:00,CNR2396002306,Success,CID664737,Mini,Padmanabhanagar,Peenya,273.0,125.0,Not Applicable,Not Applicable,No,Not Applicable,837,UPI,12,3.7,4.6
2024-07-31 22:08:00,CNR3954503964,Success,CID559235,Prime Sedan,Hebbal,Shivajinagar,294.0,85.0,Not Applicable,Not Applicable,No,Not Applicable,406,UPI,10,4.0,4.6
2024-07-31 16:57:00,CNR4365394380,Canceled by Customer,CID503689,Prime SUV,Vijayanagar,JP Nagar,,,Driver is not moving towards pickup location,Not Applicable,Not Applicable,Not Applicable,523,Not Applicable,0,,
2024-07-31 02:04:00,CNR4917234940,Success,CID471297,Mini,Hosur Road,Mysore Road,273.0,135.0,Not Applicable,Not Applicable,No,Not Applicable,272,UPI,10,4.1,4.8
2024-07-31 13:33:00,CNR7551207551,Canceled by Driver,CID703027,Mini,JP Nagar,Frazer Town,,,Not Applicable,Personal & Car related issue,Not Applicable,Not Applicable,355,Not Applicable,0,,
2024-07-31 09:24:00,CNR5763575745,Canceled by Customer,CID201699,Prime SUV,Indiranagar,Hennur,,,Driver is not moving towards pickup location,Not Applicable,Not Applicable,Not Applicable,581,Not Applicable,0,,
2024-07-31 23:16:00,CNR6194166157,Canceled by Driver,CID810034,Prime Plus,Ulsoor,Bannerghatta Road,,,Not Applicable,Customer was coughing/sick,Not Applicable,Not Applicable,107,Not Applicable,0,,
2024-07-31 11:44:00,CNR2582242516,Success,CID356000,Bike,Marathahalli,Magadi Road,105.0,130.0,Not Applicable,Not Applicable,No,Not Applicable,630,UPI,37,4.0,3.2
2024-07-31 16:59:00,CNR5435285408,Canceled by Customer,CID422059,Bike,Hosur Road,Hennur,,,Driver asked to cancel,Not Applicable,Not Applicable,Not Applicable,1915,Not Applicable,0,,
2024-07-31 21:56:00,CNR9280249293,Success,CID948295,Auto,Kengeri,Shantinagar,119.0,40.0,Not Applicable,Not Applicable,No,Not Applicable,875,Cash,6,4.8,4.8
2024-07-31 22:53:00,CNR4591784599,Success,CID521075,Prime SUV,Koramangala,Shivajinagar,196.0,135.0,Not Applicable,Not Applicable,Yes,Customer Demand,813,Cash,21,4.5,3.9
2024-07-31 21:32:00,CNR9004889038,Driver Not Found,CID998714,Auto,Mysore Road,Bannerghatta Road,,,Not Applicable,Not Applicable,Not Applicable,Not Applicable,280,Not Applicable,0,,
2024-07-31 11:20:00,CNR8159148163,Canceled by Driver,CID699410,Mini,MG Road,Peenya,,,Not Applicable,Customer related issue,Not Applicable,Not Applicable,843,Not Applicable,0,,
2024-07-31 14:35:00,CNR8430058408,Canceled by Driver,CID443031,eBike,Magadi Road,Jayanagar,,,Not Applicable,Personal & Car related issue,Not Applicable,Not Applicable,335,Not Applicable,0,,
2024-07-31 08:15:00,CNR1062061065,Success,CID574413,Mini,Yelahanka,Rajajinagar,245.0,70.0,Not Applicable,Not Applicable,No,Not Applicable,997,Cash,15,4.6,4.0
2024-07-31 07:48:00,CNR7500627516,Success,CID774297,Prime Plus,Peenya,KR Puram,154.0,45.0,Not Applicable,Not Applicable,No,Not Applicable,854,Cash,5,3.9,4.2
2024-07-31 07:26:00,CNR8170188176,Canceled by Driver,CID467241,Prime Sedan,Indiranagar,Frazer Town,,,Not Applicable,More than permitted people in there,Not Applicable,Not Applicable,945,Not Applicable,0,,
2024-07-31 12:27:00,CNR8944228925,Success,CID451798,Prime Sedan,Rajarajeshwari Nagar,HSR Layout,175.0,110.0,Not Applicable,Not Applicable,No,Not Applicable,495,UPI,43,4.9,4.5
2024-07-31 04:44:00,CNR4805414862,Success,CID583836,Auto,Varthur,JP Nagar,245.0,75.0,Not Applicable,Not Applicable,Yes,Vehicle Breakdown,230,Cash,8,3.4,4.4
2024-07-31 16:48:00,CNR3045573030,Canceled by Customer,CID273693,Mini,Nagarbhavi,Frazer Town,,,AC is Not working,Not Applicable,Not Applicable,Not Applicable,116,Not Applicable,0,,
2024-07-31 08:06:00,CNR8651128647,Canceled by Driver,CID959617,Mini,Yelahanka,Ulsoor,,,Not Applicable,Personal & Car related issue,Not Applicable,Not Applicable,326,Not Applicable,0,,
2024-07-31 04:05:00,CNR9111609191,Success,CID529032,Prime SUV,Bannerghatta Road,Devanahalli,154.0,45.0,Not Applicable,Not Applicable,No,Not Applicable,445,UPI,35,4.0,4.7
2024-07-31 00:00:00,CNR6043316022,Canceled by Customer,CID941568,eBike,Devanahalli,Tumkur Road,,,Driver asked to cancel,Not Applicable,Not Applicable,Not Applicable,2388,Not Applicable,0,,
2024-07-31 15:30:00,CNR2095182038,Success,CID817772,Bike,MG Road,Yelahanka,112.0,75.0,Not Applicable,Not Applicable,No,Not Applicable,290,Cash,9,3.9,3.4
2024-07-31 17:23:00,CNR7559797577,Canceled by Customer,CID834037,Prime SUV,Padmanabhanagar,Koramangala,,,AC is Not working,Not Applicable,Not Applicable,Not Applicable,181,Not Applicable,0,,
2024-07-31 19:29:00,CNR4085044087,Canceled by Driver,CID169472,Bike,Ramamurthy Nagar,Jayanagar,,,Not Applicable,Customer was coughing/sick,Not Applicable,Not Applicable,166,Not Applicable,0,,
2024-07-31 02:47:00,CNR1594111548,Success,CID310992,eBike,KR Puram,Basavanagudi,210.0,80.0,Not Applicable,Not Applicable,No,Not Applicable,235,Cash,27,3.3,4.2
2024-07-31 08:35:00,CNR3043563076,Driver Not Found,CID758555,Bike,Vijayanagar,HSR Layout,,,Not Applicable,Not Applicable,Not Applicable,Not Applicable,307,Not Applicable,0,,
2024-07-31 00:48:00,CNR3628783678,Canceled by Driver,CID847109,eBike,JP Nagar,HSR Layout,,,Not Applicable,Customer was coughing/sick,Not Applicable,Not Applicable,207,Not Applicable,0,,
2024-07-31 10:03:00,CNR6955486965,Canceled by Customer,CID656490,Prime Plus,MG Road,Chamarajpet,,,AC is Not working,Not Applicable,Not Applicable,Not Applicable,139,Not Applicable,0,,
2024-07-31 04:42:00,CNR1559001567,Canceled by Driver,CID600296,Auto,Hosur Road,Hebbal,,,Not Applicable,Personal & Car related issue,Not Applicable,Not Applicable,301,Not Applicable,0,,
2024-07-31 08:13:00,CNR4223494267,Driver Not Found,CID900827,Mini,Jayanagar,Kengeri,,,Not Applicable,Not Applicable,Not Applicable,Not Applicable,348,Not Applicable,0,,
2024-07-31 23:54:00,CNR9588829503,Canceled by Driver,CID157152,Bike,Sarjapur Road,Jayanagar,,,Not Applicable,More than permitted people in there,Not Applicable,Not Applicable,622,Not Applicable,0,,
2024-07-31 12:54:00,CNR6593966596,Canceled by Driver,CID247079,Auto,BTM Layout,Hulimavu,,,Not Applicable,Personal & Car related issue,Not Applicable,Not Applicable,331,Not Applicable,0,,
2024-07-31 13:41:00,CNR7985687977,Canceled by Driver,CID528165,Prime SUV,Padmanabhanagar,Nagarbhavi,,,Not Applicable,Personal & Car related issue,Not Applicable,Not Applicable,673,Not Applicable,0,,
2024-07-31 18:10:00,CNR6897336820,Canceled by Customer,CID879135,Prime Sedan,Peenya,Peenya,,,Change of plans,Not Applicable,Not Applicable,Not Applicable,994,Not Applicable,0,,
2024-07-31 11:14:00,CNR7813937825,Success,CID191260,Auto,RT Nagar,Tumkur Road,56.0,70.0,Not Applicable,Not Applicable,No,Not Applicable,279,Cash,16,3.1,4.2
2024-07-31 22:54:00,CNR5128255112,Canceled by Driver,CID970184,Prime Sedan,Peenya,Sahakar Nagar,,,Not Applicable,Customer was coughing/sick,Not Applicable,Not Applicable,472,Not Applicable,0,,
2024-07-31 09:29:00,CNR2269852256,Canceled by Driver,CID624901,eBike,Majestic,Kengeri,,,Not Applicable,Customer was coughing/sick,Not Applicable,Not Applicable,212,Not Applicable,0,,
2024-07-31 13:07:00,CNR2732572792,Canceled by Driver,CID684552,Auto,Chickpet,Chickpet,,,Not Applicable,More than permitted people in there,Not Applicable,Not Applicable,191,Not Applicable,0,,
2024-07-31 11:24:00,CNR9470309467,Success,CID445711,Prime Plus,Chamarajpet,Shivajinagar,196.0,90.0,Not Applicable,Not Applicable,No,Not Applicable,190,UPI,36,4.0,4.6
2024-07-31 15:23:00,CNR8959508947,Success,CID237025,eBike,Whitefield,Richmond Town,105.0,105.0,Not Applicable,Not Applicable,No,Not Applicable,2289,UPI,39,3.1,4.0
2024-07-31 15:15:00,CNR9100819133,Success,CID874364,Auto,Basavanagudi,Hebbal,168.0,40.0,Not Applicable,Not Applicable,No,Not Applicable,404,Cash,4,4.4,3.2
2024-07-31 09:56:00,CNR4781224743,Success,CID527208,Mini,HSR Layout,Rajarajeshwari Nagar,217.0,60.0,Not Applicable,Not Applicable,No,Not Applicable,2348,UPI,45,3.4,4.6
2024-07-31 19:22:00,CNR3485733460,Success,CID536010,Bike,Shivajinagar,Cox Town,217.0,25.0,Not Applicable,Not Applicable,No,Not Applicable,437,UPI,49,4.2,3.4
2024-07-31 13:22:00,CNR3272233239,Success,CID121313,Auto,KR Puram,Magadi Road,287.0,75.0,Not Applicable,Not Applicable,No,Not Applicable,315,Cash,6,3.3,4.5
2024-07-31 08:37:00,CNR6811286884,Canceled by Customer,CID194223,Bike,Kengeri,Marathahalli,,,AC is Not working,Not Applicable,Not Applicable,Not Applicable,209,Not Applicable,0,,
2024-07-31 09:49:00,CNR2439592438,Success,CID338032,eBike,Electronic City,Hosur Road,238.0,135.0,Not Applicable,Not Applicable,No,Not Applicable,280,Cash,28,3.8,3.6
2024-07-31 00:22:00,CNR5881315877,Success,CID585376,Mini,Rajajinagar,Electronic City,252.0,55.0,Not Applicable,Not Applicable,No,Not Applicable,511,Cash,13,3.1,3.7
2024-07-31 15:40:00,CNR6620096625,Success,CID932883,eBike,Peenya,Banashankari,154.0,130.0,Not Applicable,Not Applicable,No,Not Applicable,470,Cash,21,3.6,3.5
2024-07-31 14:04:00,CNR9078899028,Success,CID645741,Prime Sedan,Varthur,Rajajinagar,133.0,80.0,Not Applicable,Not Applicable,No,Not Applicable,2160,Cash,44,5.0,3.8
2024-07-31 12:55:00,CNR4816744852,Driver Not Found,CID931512,Prime Sedan,Sarjapur Road,Bellandur,,,Not Applicable,Not Applicable,Not Applicable,Not Applicable,724,Not Applicable,0,,
2024-07-31 05:46:00,CNR7724527750,Success,CID613358,Prime Plus,Whitefield,KR Puram,252.0,50.0,Not Applicable,Not Applicable,No,Not Applicable,209,Cash,21,4.3,3.2
2024-07-31 09:03:00,CNR9721549727,Success,CID954140,eBike,Hebbal,Majestic,84.0,50.0,Not Applicable,Not Applicable,No,Not Applicable,423,Cash,18,3.7,4.9
2024-07-31 08:06:00,CNR4458894460,Success,CID436542,Auto,Mysore Road,Mysore Road,56.0,70.0,Not Applicable,Not Applicable,No,Not Applicable,326,Credit Card,13,3.9,4.6
2024-07-31 14:58:00,CNR8310958308,Driver Not Found,CID405734,Auto,Chickpet,Indiranagar,,,Not Applicable,Not Applicable,Not Applicable,Not Applicable,222,Not Applicable,0,,
2024-07-31 06:59:00,CNR6833876833,Success,CID359044,Prime Plus,RT Nagar,Chamarajpet,182.0,60.0,Not Applicable,Not Applicable,Yes,Other Issue,360,Credit Card,45,4.8,3.1
2024-07-31 17:17:00,CNR8270368282,Success,CID927239,Prime SUV,Bellandur,Tumkur Road,308.0,25.0,Not Applicable,Not Applicable,No,Not Applicable,443,Cash,4,4.4,3.1
2024-07-31 12:24:00,CNR6825046805,Success,CID288290,Prime Sedan,Hulimavu,KR Puram,91.0,140.0,Not Applicable,Not Applicable,No,Not Applicable,111,Cash,32,4.2,3.1
2024-07-31 01:43:00,CNR9400559431,Success,CID193506,Mini,Rajajinagar,Indiranagar,84.0,60.0,Not Applicable,Not Applicable,No,Not Applicable,129,Cash,23,4.8,4.0
2024-07-31 10:27:00,CNR6045446019,Success,CID761359,Bike,Cox Town,JP Nagar,210.0,110.0,Not Applicable,Not Applicable,No,Not Applicable,244,Cash,37,3.8,3.9
2024-07-31 21:23:00,CNR6258916236,Success,CID657225,Prime SUV,Marathahalli,Sahakar Nagar,140.0,50.0,Not Applicable,Not Applicable,No,Not Applicable,114,Cash,20,4.1,4.8
2024-07-31 12:51:00,CNR7995477915,Success,CID357625,Auto,Varthur,Banashankari,77.0,40.0,Not Applicable,Not Applicable,No,Not Applicable,1856,Cash,8,3.4,4.2
2024-07-31 14:54:00,CNR4889524874,Canceled by Customer,CID466836,Bike,Magadi Road,Mysore Road,,,AC is Not working,Not Applicable,Not Applicable,Not Applicable,412,Not Applicable,0,,
2024-07-31 07:44:00,CNR5845695869,Canceled by Driver,CID333758,Bike,Padmanabhanagar,Richmond Town,,,Not Applicable,Personal & Car related issue,Not Applicable,Not Applicable,494,Not Applicable,0,,
2024-07-31 00:48:00,CNR7949207900,Canceled by Driver,CID700828,Prime Plus,Shantinagar,Bellandur,,,Not Applicable,Personal & Car related issue,Not Applicable,Not Applicable,264,Not Applicable,0,,
2024-07-31 00:28:00,CNR5816105836,Success,CID495928,Prime SUV,Yeshwanthpur,Koramangala,287.0,65.0,Not Applicable,Not Applicable,No,Not Applicable,185,UPI,29,4.5,4.0
2024-07-31 09:49:00,CNR8734208771,Success,CID148927,Bike,Langford Town,Rajarajeshwari Nagar,42.0,65.0,Not Applicable,Not Applicable,No,Not Applicable,484,Cash,40,5.0,5.0
2024-07-31 08:02:00,CNR3827013831,Success,CID903004,Prime Plus,Mysore Road,MG Road,84.0,125.0,Not Applicable,Not Applicable,No,Not Applicable,100,UPI,17,4.1,3.5
2024-07-31 20:30:00,CNR4183604124,Success,CID601826,Prime SUV,Frazer Town,Yeshwanthpur,259.0,120.0,Not Applicable,Not Applicable,No,Not Applicable,422,UPI,29,3.3,3.1
2024-07-31 01:33:00,CNR4133694112,Success,CID937246,Bike,Richmond Town,Magadi Road,224.0,100.0,Not Applicable,Not Applicable,No,Not Applicable,176,Cash,7,4.5,4.8
2024-07-31 11:50:00,CNR2277742279,Success,CID842663,Prime Sedan,Rajajinagar,Shantinagar,63.0,115.0,Not Applicable,Not Applicable,No,Not Applicable,658,UPI,21,4.3,3.7
2024-07-31 16:54:00,CNR1731871789,Success,CID319816,Bike,Frazer Town,Cox Town,189.0,90.0,Not Applicable,Not Applicable,No,Not Applicable,685,Cash,46,3.7,4.9
2024-07-31 13:24:00,CNR7481677486,Canceled by Driver,CID851832,Mini,Frazer Town,Kadugodi,,,Not Applicable,Personal & Car related issue,Not Applicable,Not Applicable,304,Not Applicable,0,,
2024-07-31 07:14:00,CNR9089619059,Success,CID824762,Prime Plus,Shantinagar,Bellandur,70.0,55.0,Not Applicable,Not Applicable,No,Not Applicable,195,UPI,40,4.9,4.5
2024-07-31 09:11:00,CNR2306512361,Canceled by Driver,CID390285,Prime Plus,Banashankari,Tumkur Road,,,Not Applicable,Personal & Car related issue,Not Applicable,Not Applicable,306,Not Applicable,0,,
2024-07-31 05:49:00,CNR8023568079,Success,CID692274,eBike,Sarjapur Road,Whitefield,231.0,145.0,Not Applicable,Not Applicable,No,Not Applicable,245,Cash,10,3.6,3.9
2024-07-31 14:40:00,CNR7414627410,Success,CID769171,eBike,MG Road,KR Puram,266.0,100.0,Not Applicable,Not Applicable,Yes,Vehicle Breakdown,2023,UPI,7,4.0,5.0
2024-07-31 12:56:00,CNR1851691882,Canceled by Driver,CID144021,eBike,Sahakar Nagar,Nagarbhavi,,,Not Applicable,Customer related issue,Not Applicable,Not Applicable,460,Not Applicable,0,,
2024-07-31 06:15:00,CNR5398835320,Success,CID428055,Mini,Yeshwanthpur,Ramamurthy Nagar,35.0,115.0,Not Applicable,Not Applicable,No,Not Applicable,329,Cash,6,3.7,4.5
2024-07-31 12:29:00,CNR1036101060,Canceled by Customer,CID762691,Prime SUV,Frazer Town,Jayanagar,,,Driver asked to cancel,Not Applicable,Not Applicable,Not Applicable,1726,Not Applicable,0,,
2024-07-31 01:51:00,CNR9728519796,Success,CID810816,eBike,Devanahalli,Chickpet,147.0,25.0,Not Applicable,Not Applicable,No,Not Applicable,482,Cash,31,4.1,4.1
2024-07-31 18:33:00,CNR7204667253,Success,CID131000,Mini,Bannerghatta Road,Banashankari,189.0,55.0,Not Applicable,Not Applicable,No,Not Applicable,791,UPI,27,3.0,3.4
2024-07-31 10:36:00,CNR5859225837,Canceled by Customer,CID831635,Prime Plus,Nagarbhavi,Hosur Road,,,Driver is not moving towards pickup location,Not Applicable,Not Applicable,Not Applicable,201,Not Applicable,0,,
2024-07-31 05:12:00,CNR1847551815,Canceled by Driver,CID254564,Prime Plus,KR Puram,HSR Layout,,,Not Applicable,Personal & Car related issue,Not Applicable,Not Applicable,196,Not Applicable,0,,
2024-07-31 06:47:00,CNR2742702728,Success,CID499282,Prime SUV,Indiranagar,Padmanabhanagar,56.0,105.0,Not Applicable,Not Applicable,No,Not Applicable,178,Cash,26,3.1,3.1
2024-07-31 16:19:00,CNR8976088982,Success,CID236112,Bike,Kengeri,Ulsoor,119.0,140.0,Not Applicable,Not Applicable,No,Not Applicable,780,Cash,22,3.4,3.4
2024-07-31 13:08:00,CNR1585151569,Success,CID611467,Bike,Shivajinagar,Yelahanka,70.0,65.0,Not Applicable,Not Applicable,No,Not Applicable,375,UPI,42,4.8,3.1
2024-07-31 03:14:00,CNR8077378041,Driver Not Found,CID419926,Bike,Chamarajpet,Bellandur,,,Not Applicable,Not Applicable,Not Applicable,Not Applicable,256,Not Applicable,0,,
2024-07-31 18:59:00,CNR2897212869,Driver Not Found,CID709022,Auto,HSR Layout,Nagarbhavi,,,Not Applicable,Not Applicable,Not Applicable,Not Applicable,401,Not Applicable,0,,
2024-07-31 15:00:00,CNR5200135216,Canceled by Driver,CID771419,Mini,Majestic,Basavanagudi,,,Not Applicable,Personal & Car related issue,Not Applicable,Not Applicable,339,Not Applicable,0,,
2024-07-31 04:06:00,CNR8304598393,Success,CID904188,Prime Plus,Tumkur Road,BTM Layout,119.0,120.0,Not Applicable,Not Applicable,No,Not Applicable,121,Cash,42,4.2,5.0
2024-07-31 01:33:00,CNR1185221116,Driver Not Found,CID895611,Auto,Hebbal,Hebbal,,,Not Applicable,Not Applicable,Not Applicable,Not Applicable,465,Not Applicable,0,,
2024-07-31 23:53:00,CNR8221608265,Canceled by Customer,CID748263,Prime SUV,Chamarajpet,Peenya,,,Driver asked to cancel,Not Applicable,Not Applicable,Not Applicable,132,Not Applicable,0,,
2024-07-31 03:32:00,CNR2704952718,Success,CID741771,eBike,Tumkur Road,Shantinagar,175.0,130.0,Not Applicable,Not Applicable,No,Not Applicable,245,Cash,45,3.3,4.2
2024-07-31 02:13:00,CNR6514426570,Success,CID829316,Prime SUV,Sarjapur Road,BTM Layout,252.0,40.0,Not Applicable,Not Applicable,No,Not Applicable,299,Cash,28,3.6,4.3
2024-07-31 19:22:00,CNR6314226368,Canceled by Driver,CID408081,Prime SUV,Indiranagar,Malleshwaram,,,Not Applicable,Customer was coughing/sick,Not Applicable,Not Applicable,474,Not Applicable,0,,
2024-07-31 13:35:00,CNR8205608201,Success,CID397456,Auto,Malleshwaram,Bannerghatta Road,77.0,90.0,Not Applicable,Not Applicable,No,Not Applicable,402,UPI,12,3.3,4.9
2024-07-31 04:33:00,CNR2828042899,Driver Not Found,CID484123,Prime SUV,Vijayanagar,Mysore Road,,,Not Applicable,Not Applicable,Not Applicable,Not Applicable,222,Not Applicable,0,,
2024-07-31 01:17:00,CNR2497942479,Success,CID585468,Prime SUV,Yelahanka,Electronic City,301.0,140.0,Not Applicable,Not Applicable,No,Not Applicable,815,Cash,27,3.1,3.3
2024-07-31 17:10:00,CNR1890221850,Success,CID279993,Auto,MG Road,BTM Layout,308.0,75.0,Not Applicable,Not Applicable,No,Not Applicable,863,UPI,18,3.2,4.7
2024-07-31 19:53:00,CNR5065675094,Canceled by Driver,CID919571,eBike,Devanahalli,Marathahalli,,,Not Applicable,Personal & Car related issue,Not Applicable,Not Applicable,246,Not Applicable,0,,
2024-07-31 12:06:00,CNR1815081893,Success,CID942177,Mini,HSR Layout,HSR Layout,294.0,55.0,Not Applicable,Not Applicable,No,Not Applicable,274,Cash,1,3.6,4.5
2024-07-31 19:40:00,CNR5080995074,Success,CID846103,Prime Sedan,HSR Layout,Whitefield,301.0,35.0,Not Applicable,Not Applicable,No,Not Applicable,286,UPI,22,3.5,3.4
2024-07-31 01:02:00,CNR2271142281,Success,CID131488,Prime Sedan,RT Nagar,Majestic,77.0,130.0,Not Applicable,Not Applicable,No,Not Applicable,638,UPI,20,4.0,3.3
2024-07-31 21:52:00,CNR4914314950,Success,CID459934,Auto,Kengeri,Hebbal,126.0,85.0,Not Applicable,Not Applicable,No,Not Applicable,953,UPI,19,3.8,4.2
2024-07-31 12:56:00,CNR5903885997,Canceled by Customer,CID132212,Prime SUV,Chickpet,Koramangala,,,Driver asked to cancel,Not Applicable,Not Applicable,Not Applicable,157,Not Applicable,0,,
2024-07-31 10:56:00,CNR2385732321,Canceled by Driver,CID307315,Prime SUV,Cox Town,Yelahanka,,,Not Applicable,Customer related issue,Not Applicable,Not Applicable,140,Not Applicable,0,,
2024-07-31 03:15:00,CNR3993263939,Success,CID470530,Prime SUV,Varthur,Rajajinagar,203.0,75.0,Not Applicable,Not Applicable,No,Not Applicable,763,UPI,34,4.7,3.2
2024-07-31 10:59:00,CNR5637365602,Canceled by Driver,CID254202,Mini,Hosur Road,Chamarajpet,,,Not Applicable,Customer related issue,Not Applicable,Not Applicable,804,Not Applicable,0,,
2024-07-31 00:38:00,CNR6221696225,Success,CID980727,Prime SUV,Kammanahalli,Hennur,273.0,110.0,Not Applicable,Not Applicable,No,Not Applicable,559,Cash,5,3.2,3.8
2024-07-31 01:23:00,CNR6466306492,Success,CID358812,Prime SUV,Whitefield,Bellandur,210.0,45.0,Not Applicable,Not Applicable,No,Not Applicable,257,Cash,32,3.2,4.8
2024-07-31 19:37:00,CNR6537886562,Success,CID621677,eBike,Magadi Road,Banashankari,105.0,100.0,Not Applicable,Not Applicable,No,Not Applicable,371,Cash,11,5.0,3.5
2024-07-31 16:30:00,CNR1492841482,Success,CID955778,Bike,Majestic,Chickpet,42.0,115.0,Not Applicable,Not Applicable,No,Not Applicable,382,Cash,44,3.7,4.2
2024-07-31 22:00:00,CNR5320235392,Success,CID758816,Prime Sedan,Devanahalli,Hebbal,280.0,110.0,Not Applicable,Not Applicable,No,Not Applicable,444,UPI,22,4.7,4.2
2024-07-31 03:41:00,CNR3018353066,Success,CID244477,Mini,Vijayanagar,KR Puram,196.0,135.0,Not Applicable,Not Applicable,No,Not Applicable,313,Cash,32,3.4,3.4
2024-07-31 13:15:00,CNR7680637638,Success,CID372112,eBike,Rajarajeshwari Nagar,RT Nagar,224.0,30.0,Not Applicable,Not Applicable,No,Not Applicable,625,UPI,45,3.5,3.5
2024-07-31 07:58:00,CNR3980543954,Driver Not Found,CID922551,eBike,Electronic City,Rajarajeshwari Nagar,,,Not Applicable,Not Applicable,Not Applicable,Not Applicable,710,Not Applicable,0,,
2024-07-31 04:04:00,CNR1945821970,Success,CID701711,Auto,Richmond Town,Tumkur Road,98.0,50.0,Not Applicable,Not Applicable,No,Not Applicable,394,Cash,15,4.5,4.0
2024-07-31 15:51:00,CNR6133846100,Canceled by Customer,CID446949,Prime SUV,Cox Town,Indiranagar,,,Driver asked to cancel,Not Applicable,Not Applicable,Not Applicable,204,Not Applicable,0,,
2024-07-31 20:26:00,CNR2099372006,Canceled by Driver,CID534578,Mini,Kengeri,Sahakar Nagar,,,Not Applicable,Customer was coughing/sick,Not Applicable,Not Applicable,145,Not Applicable,0,,
2024-07-31 17:55:00,CNR4520764565,Success,CID252543,Auto,Bellandur,Devanahalli,231.0,30.0,Not Applicable,Not Applicable,No,Not Applicable,169,UPI,11,3.6,3.9
2024-07-31 17:13:00,CNR7418867424,Success,CID949231,Prime Sedan,Basavanagudi,Sahakar Nagar,280.0,30.0,Not Applicable,Not Applicable,No,Not Applicable,419,UPI,9,4.5,3.4
2024-07-31 18:58:00,CNR1856601839,Success,CID176243,Prime SUV,Chamarajpet,Yelahanka,224.0,75.0,Not Applicable,Not Applicable,Yes,Other Issue,454,Cash,44,3.4,4.5
2024-07-31 21:51:00,CNR7978417973,Success,CID191757,Prime SUV,Yeshwanthpur,Kammanahalli,84.0,40.0,Not Applicable,Not Applicable,No,Not Applicable,863,Cash,18,3.1,5.0
2024-07-31 15:36:00,CNR6709656716,Driver Not Found,CID598019,eBike,BTM Layout,Banashankari,,,Not Applicable,Not Applicable,Not Applicable,Not Applicable,405,Not Applicable,0,,
2024-07-31 18:17:00,CNR7558947561,Success,CID645721,eBike,Ulsoor,Yelahanka,168.0,45.0,Not Applicable,Not Applicable,No,Not Applicable,148,Credit Card,10,4.1,4.5
2024-07-31 09:02:00,CNR1099971005,Success,CID219227,Auto,Kammanahalli,Vijayanagar,224.0,60.0,Not Applicable,Not Applicable,No,Not Applicable,733,UPI,5,3.6,3.3
2024-07-31 06:26:00,CNR9030859005,Success,CID859176,Bike,Varthur,Kadugodi,105.0,100.0,Not Applicable,Not Applicable,No,Not Applicable,129,Cash,27,5.0,4.2
2024-07-31 22:50:00,CNR7052837048,Success,CID940874,Prime Plus,RT Nagar,MG Road,147.0,45.0,Not Applicable,Not Applicable,No,Not Applicable,179,Cash,30,4.0,3.4
2024-07-31 02:49:00,CNR7989207946,Driver Not Found,CID688309,Bike,Ramamurthy Nagar,Bellandur,,,Not Applicable,Not Applicable,Not Applicable,Not Applicable,383,Not Applicable,0,,
2024-07-31 03:06:00,CNR4094164010,Canceled by Driver,CID802780,eBike,Mysore Road,Vijayanagar,,,Not Applicable,More than permitted people in there,Not Applicable,Not Applicable,859,Not Applicable,0,,
2024-07-31 16:36:00,CNR4295824297,Success,CID415917,Bike,Shivajinagar,Jayanagar,238.0,25.0,Not Applicable,Not Applicable,No,Not Applicable,360,UPI,13,3.5,3.4
2024-07-31 10:14:00,CNR1305821356,Canceled by Driver,CID980727,Bike,Langford Town,RT Nagar,,,Not Applicable,Personal & Car related issue,Not Applicable,Not Applicable,690,Not Applicable,0,,
2024-07-31 05:58:00,CNR2592552552,Success,CID507686,Prime Sedan,MG Road,Tumkur Road,182.0,40.0,Not Applicable,Not Applicable,No,Not Applicable,951,Cash,29,3.1,3.4
2024-07-31 13:52:00,CNR6168166151,Canceled by Customer,CID866311,Bike,Magadi Road,Malleshwaram,,,Driver is not moving towards pickup location,Not Applicable,Not Applicable,Not Applicable,130,Not Applicable,0,,
2024-07-31 00:41:00,CNR1729661713,Canceled by Driver,CID218624,Bike,Sarjapur Road,Bellandur,,,Not Applicable,Customer related issue,Not Applicable,Not Applicable,149,Not Applicable,0,,
2024-07-31 07:37:00,CNR6440016489,Success,CID901145,Prime Sedan,Varthur,Rajarajeshwari Nagar,42.0,130.0,Not Applicable,Not Applicable,No,Not Applicable,318,Cash,44,3.4,4.8
2024-07-31 05:39:00,CNR4834754852,Success,CID288177,eBike,Peenya,Indiranagar,56.0,100.0,Not Applicable,Not Applicable,No,Not Applicable,481,UPI,3,3.0,3.1
2024-07-31 15:30:00,CNR9891879855,Success,CID667734,Prime SUV,BTM Layout,Padmanabhanagar,84.0,45.0,Not Applicable,Not Applicable,Yes,Other Issue,810,UPI,36,3.2,4.2
2024-07-31 13:24:00,CNR1267651275,Success,CID495746,Prime SUV,Kammanahalli,Hebbal,56.0,60.0,Not Applicable,Not Applicable,No,Not Applicable,118,UPI,45,3.3,4.5
2024-07-31 09:37:00,CNR7212957200,Success,CID519129,Prime SUV,Rajarajeshwari Nagar,Frazer Town,140.0,110.0,Not Applicable,Not Applicable,No,Not Applicable,476,Cash,30,4.0,4.7
2024-07-31 04:48:00,CNR6507296596,Canceled by Driver,CID952218,Prime Plus,Koramangala,Frazer Town,,,Not Applicable,Personal & Car related issue,Not Applicable,Not Applicable,486,Not Applicable,0,,
2024-07-31 03:52:00,CNR8798928743,Success,CID762161,Prime SUV,KR Puram,BTM Layout,98.0,30.0,Not Applicable,Not Applicable,No,Not Applicable,816,Cash,20,3.2,4.2
2024-07-31 20:35:00,CNR3510673511,Canceled by Customer,CID672958,Prime SUV,Kadugodi,BTM Layout,,,Change of plans,Not Applicable,Not Applicable,Not Applicable,321,Not Applicable,0,,
2024-07-31 08:41:00,CNR8742898758,Success,CID301998,Bike,Frazer Town,Hebbal,84.0,75.0,Not Applicable,Not Applicable,No,Not Applicable,439,Cash,44,4.2,3.5
2024-07-31 03:17:00,CNR7058577032,Success,CID607403,Auto,Padmanabhanagar,Hennur,35.0,45.0,Not Applicable,Not Applicable,No,Not Applicable,957,UPI,16,4.6,3.2
2024-07-31 07:27:00,CNR5097715008,Success,CID339418,Bike,Majestic,Peenya,147.0,130.0,Not Applicable,Not Applicable,No,Not Applicable,130,Cash,6,4.6,3.2
2024-07-31 15:05:00,CNR7636437662,Canceled by Driver,CID604396,Prime SUV,Bannerghatta Road,Ulsoor,,,Not Applicable,Personal & Car related issue,Not Applicable,Not Applicable,137,Not Applicable,0,,
2024-07-31 13:18:00,CNR3595523500,Success,CID458643,Prime SUV,Kammanahalli,Basavanagudi,140.0,115.0,Not Applicable,Not Applicable,No,Not Applicable,395,Cash,18,4.8,3.2
2024-07-31 02:10:00,CNR1086861040,Success,CID874474,Prime Plus,Kammanahalli,Yeshwanthpur,91.0,95.0,Not Applicable,Not Applicable,No,Not Applicable,128,Credit Card,46,4.9,4.1
2024-07-31 06:53:00,CNR4249434210,Success,CID834390,Bike,Bellandur,Whitefield,245.0,115.0,Not Applicable,Not Applicable,No,Not Applicable,267,Cash,41,3.3,3.7
2024-07-31 23:25:00,CNR7385877345,Success,CID300604,Prime Plus,Rajarajeshwari Nagar,Indiranagar,77.0,110.0,Not Applicable,Not Applicable,No,Not Applicable,152,Cash,31,3.1,3.1
2024-07-31 00:48:00,CNR6490656488,Driver Not Found,CID367915,eBike,Rajarajeshwari Nagar,Richmond Town,,,Not Applicable,Not Applicable,Not Applicable,Not Applicable,1153,Not Applicable,0,,
2024-07-31 10:43:00,CNR9915599968,Success,CID366272,Auto,BTM Layout,Kadugodi,175.0,60.0,Not Applicable,Not Applicable,No,Not Applicable,486,Cash,11,4.5,4.0
2024-07-31 09:30:00,CNR9258409246,Success,CID479702,Prime Plus,Richmond Town,Peenya,301.0,40.0,Not Applicable,Not Applicable,No,Not Applicable,717,Cash,47,3.4,4.4
2024-07-31 22:35:00,CNR9191289158,Driver Not Found,CID448618,Prime Sedan,Hebbal,Banashankari,,,Not Applicable,Not Applicable,Not Applicable,Not Applicable,414,Not Applicable,0,,
2024-07-31 13:51:00,CNR1512881598,Success,CID635291,Auto,Chickpet,Vijayanagar,77.0,50.0,Not Applicable,Not Applicable,No,Not Applicable,441,Cash,11,4.1,4.0
2024-07-31 19:52:00,CNR2295692277,Driver Not Found,CID571964,Bike,Yeshwanthpur,Rajajinagar,,,Not Applicable,Not Applicable,Not Applicable,Not Applicable,476,Not Applicable,0,,
2024-07-31 05:07:00,CNR5276065215,Canceled by Customer,CID403088,Prime SUV,RT Nagar,Bannerghatta Road,,,Change of plans,Not Applicable,Not Applicable,Not Applicable,467,Not Applicable,0,,
2024-07-31 10:25:00,CNR3146443113,Success,CID446736,Prime Plus,Basavanagudi,Indiranagar,308.0,50.0,Not Applicable,Not Applicable,No,Not Applicable,162,UPI,21,3.2,4.3
2024-07-31 22:12:00,CNR7632657604,Canceled by Driver,CID298546,eBike,Koramangala,Nagarbhavi,,,Not Applicable,Personal & Car related issue,Not Applicable,Not Applicable,184,Not Applicable,0,,
2024-07-31 10:22:00,CNR1957221902,Canceled by Customer,CID126937,Prime SUV,JP Nagar,BTM Layout,,,Change of plans,Not Applicable,Not Applicable,Not Applicable,460,Not Applicable,0,,
2024-07-31 16:16:00,CNR2366022337,Canceled by Customer,CID851384,eBike,Nagarbhavi,Basavanagudi,,,Driver is not moving towards pickup location,Not Applicable,Not Applicable,Not Applicable,392,Not Applicable,0,,
2024-07-31 23:28:00,CNR3892283812,Canceled by Customer,CID532494,Prime SUV,Langford Town,Chickpet,,,Driver is not moving towards pickup location,Not Applicable,Not Applicable,Not Applicable,368,Not Applicable,0,,
2024-07-31 01:24:00,CNR9924119967,Success,CID518194,Prime Sedan,Sahakar Nagar,Majestic,217.0,120.0,Not Applicable,Not Applicable,No,Not Applicable,482,UPI,37,3.4,3.5
2024-07-31 11:43:00,CNR6916066928,Success,CID215470,eBike,Nagarbhavi,Hosur Road,77.0,50.0,Not Applicable,Not Applicable,No,Not Applicable,359,UPI,41,3.1,4.8
2024-07-31 03:10:00,CNR8870518887,Driver Not Found,CID826019,Auto,Vijayanagar,Padmanabhanagar,,,Not Applicable,Not Applicable,Not Applicable,Not Applicable,464,Not Applicable,0,,
2024-07-31 06:45:00,CNR8806998801,Canceled by Customer,CID179020,Auto,Shantinagar,Frazer Town,,,Driver asked to cancel,Not Applicable,Not Applicable,Not Applicable,659,Not Applicable,0,,
2024-07-31 11:31:00,CNR9319359307,Success,CID272526,Prime SUV,Shantinagar,Banashankari,98.0,60.0,Not Applicable,Not Applicable,No,Not Applicable,336,Cash,1,4.5,3.7
2024-07-31 10:06:00,CNR3734083721,Success,CID841748,Auto,Yeshwanthpur,Kadugodi,231.0,70.0,Not Applicable,Not Applicable,No,Not Applicable,430,Cash,14,3.1,4.6
2024-07-31 03:23:00,CNR4119984188,Success,CID244593,Prime Plus,Indiranagar,Koramangala,287.0,75.0,Not Applicable,Not Applicable,No,Not Applicable,337,UPI,19,4.6,4.4
2024-07-31 22:00:00,CNR4631794684,Success,CID760471,Prime SUV,Hennur,Hebbal,56.0,65.0,Not Applicable,Not Applicable,No,Not Applicable,883,Cash,11,4.9,3.5
2024-07-31 18:47:00,CNR6410226443,Success,CID407267,Prime Sedan,MG Road,Hebbal,84.0,120.0,Not Applicable,Not Applicable,No,Not Applicable,204,UPI,31,4.1,4.2
2024-07-31 13:11:00,CNR3162053129,Success,CID213270,Auto,Electronic City,Koramangala,280.0,130.0,Not Applicable,Not Applicable,No,Not Applicable,451,Credit Card,17,4.7,3.5
2024-07-31 11:08:00,CNR5925695951,Success,CID777599,eBike,Shivajinagar,Rajajinagar,56.0,110.0,Not Applicable,Not Applicable,No,Not Applicable,438,Cash,9,4.5,3.1
2024-07-31 14:47:00,CNR5715495735,Success,CID756518,Prime Plus,Mysore Road,Jayanagar,287.0,95.0,Not Applicable,Not Applicable,No,Not Applicable,302,Cash,35,4.6,3.4
2024-07-31 23:48:00,CNR1371331310,Canceled by Driver,CID630936,Bike,Yelahanka,Langford Town,,,Not Applicable,Customer was coughing/sick,Not Applicable,Not Applicable,170,Not Applicable,0,,
2024-07-31 01:22:00,CNR6324426382,Success,CID238159,eBike,Shivajinagar,Vijayanagar,77.0,30.0,Not Applicable,Not Applicable,No,Not Applicable,284,UPI,30,3.3,3.4
2024-07-31 19:39:00,CNR5966125966,Success,CID416090,Prime SUV,Electronic City,Kammanahalli,224.0,35.0,Not Applicable,Not Applicable,No,Not Applicable,558,UPI,19,4.7,4.5
2024-07-31 18:11:00,CNR8174088112,Success,CID146227,Mini,Malleshwaram,Marathahalli,224.0,30.0,Not Applicable,Not Applicable,No,Not Applicable,493,Cash,34,4.1,3.5
2024-07-31 14:12:00,CNR1371881377,Success,CID416059,Bike,Majestic,Hulimavu,252.0,75.0,Not Applicable,Not Applicable,No,Not Applicable,349,UPI,11,4.7,4.3
2024-07-31 18:26:00,CNR7121507198,Canceled by Driver,CID810870,Prime Plus,Tumkur Road,Hennur,,,Not Applicable,More than permitted people in there,Not Applicable,Not Applicable,856,Not Applicable,0,,
2024-07-31 08:11:00,CNR6326446326,Canceled by Driver,CID392223,Auto,Shivajinagar,Chamarajpet,,,Not Applicable,Customer related issue,Not Applicable,Not Applicable,970,Not Applicable,0,,
2024-07-31 15:03:00,CNR4242864296,Driver Not Found,CID604269,Prime SUV,Kammanahalli,Kengeri,,,Not Applicable,Not Applicable,Not Applicable,Not Applicable,234,Not Applicable,0,,
2024-07-31 18:52:00,CNR2332902381,Canceled by Customer,CID641943,Prime SUV,Hosur Road,Kammanahalli,,,Change of plans,Not Applicable,Not Applicable,Not Applicable,858,Not Applicable,0,,
2024-07-31 07:42:00,CNR1444681493,Success,CID376612,eBike,KR Puram,Marathahalli,301.0,35.0,Not Applicable,Not Applicable,No,Not Applicable,391,Cash,33,4.2,5.0
2024-07-31 12:51:00,CNR8778978782,Success,CID637928,Prime SUV,BTM Layout,Majestic,280.0,135.0,Not Applicable,Not Applicable,No,Not Applicable,182,Cash,33,3.2,3.3
2024-07-31 08:49:00,CNR9637599684,Canceled by Customer,CID270600,Prime SUV,Kammanahalli,Jayanagar,,,Driver asked to cancel,Not Applicable,Not Applicable,Not Applicable,891,Not Applicable,0,,
2024-07-31 06:23:00,CNR5389285333,Success,CID770023,Prime SUV,Marathahalli,Sahakar Nagar,301.0,115.0,Not Applicable,Not Applicable,No,Not Applicable,839,Cash,5,4.5,5.0
2024-07-31 02:38:00,CNR6371326327,Success,CID716042,Mini,Koramangala,Whitefield,280.0,90.0,Not Applicable,Not Applicable,No,Not Applicable,901,UPI,36,3.2,4.8
2024-07-31 03:56:00,CNR1727321772,Success,CID539702,Bike,Nagarbhavi,Richmond Town,210.0,85.0,Not Applicable,Not Applicable,Yes,Vehicle Breakdown,605,Credit Card,22,4.8,4.3
2024-07-31 01:49:00,CNR9534069541,Success,CID644607,Prime Plus,Indiranagar,Padmanabhanagar,112.0,105.0,Not Applicable,Not Applicable,Yes,Vehicle Breakdown,357,UPI,45,4.3,4.6
2024-07-31 13:01:00,CNR5529665568,Success,CID912993,Prime SUV,Hebbal,Kadugodi,210.0,115.0,Not Applicable,Not Applicable,No,Not Applicable,628,UPI,40,3.0,3.5
2024-07-31 13:18:00,CNR5001345071,Success,CID877731,Prime SUV,Chickpet,MG Road,252.0,135.0,Not Applicable,Not Applicable,No,Not Applicable,286,Cash,20,3.9,3.6
2024-07-31 10:14:00,CNR4525894504,Canceled by Customer,CID189166,Prime Sedan,Chamarajpet,Malleshwaram,,,Driver is not moving towards pickup location,Not Applicable,Not Applicable,Not Applicable,480,Not Applicable,0,,
2024-07-31 06:46:00,CNR3230893204,Success,CID865131,Mini,Peenya,HSR Layout,70.0,25.0,Not Applicable,Not Applicable,No,Not Applicable,444,Cash,38,4.8,3.0
2024-07-31 12:44:00,CNR4845584816,Success,CID810720,eBike,Devanahalli,Marathahalli,49.0,40.0,Not Applicable,Not Applicable,No,Not Applicable,652,UPI,35,3.5,4.0
2024-07-31 23:09:00,CNR2953602982,Canceled by Driver,CID104136,Bike,Chickpet,Basavanagudi,,,Not Applicable,Personal & Car related issue,Not Applicable,Not Applicable,457,Not Applicable,0,,
2024-07-31 04:08:00,CNR9519239586,Canceled by Customer,CID126858,Prime Plus,Richmond Town,Ramamurthy Nagar,,,Wrong Address,Not Applicable,Not Applicable,Not Applicable,313,Not Applicable,0,,
2024-07-31 17:58:00,CNR7898567809,Canceled by Driver,CID628231,Bike,BTM Layout,Malleshwaram,,,Not Applicable,Customer related issue,Not Applicable,Not Applicable,170,Not Applicable,0,,
2024-07-31 18:48:00,CNR8280998250,Driver Not Found,CID427720,Prime SUV,Richmond Town,Chamarajpet,,,Not Applicable,Not Applicable,Not Applicable,Not Applicable,343,Not Applicable,0,,
2024-07-31 23:04:00,CNR6418616408,Success,CID474636,eBike,Shantinagar,JP Nagar,147.0,25.0,Not Applicable,Not Applicable,No,Not Applicable,110,UPI,8,3.7,3.9
2024-07-31 04:32:00,CNR5645515635,Canceled by Driver,CID258811,Bike,Whitefield,JP Nagar,,,Not Applicable,More than permitted people in there,Not Applicable,Not Applicable,395,Not Applicable,0,,
2024-07-31 05:43:00,CNR4992784963,Canceled by Driver,CID804600,Prime Sedan,Koramangala,Banashankari,,,Not Applicable,Customer related issue,Not Applicable,Not Applicable,825,Not Applicable,0,,
2024-07-31 07:40:00,CNR3569563580,Success,CID640219,Prime Plus,Rajarajeshwari Nagar,Langford Town,126.0,90.0,Not Applicable,Not Applicable,No,Not Applicable,734,Cash,33,3.8,4.4
2024-07-31 13:21:00,CNR5046295036,Success,CID341348,eBike,Basavanagudi,Yelahanka,287.0,75.0,Not Applicable,Not Applicable,No,Not Applicable,439,UPI,29,3.6,3.7
2024-07-31 15:01:00,CNR9943729911,Success,CID142146,Mini,Chickpet,Koramangala,196.0,60.0,Not Applicable,Not Applicable,No,Not Applicable,242,UPI,38,3.4,3.0
2024-07-31 08:41:00,CNR7256957278,Success,CID654430,Prime SUV,Hennur,Varthur,70.0,105.0,Not Applicable,Not Applicable,No,Not Applicable,552,UPI,26,3.2,4.1
2024-07-31 09:13:00,CNR6311626318,Canceled by Customer,CID254612,Prime Sedan,Nagarbhavi,Sarjapur Road,,,Driver is not moving towards pickup location,Not Applicable,Not Applicable,Not Applicable,882,Not Applicable,0,,
2024-07-31 02:41:00,CNR7974327993,Success,CID503070,Prime SUV,Malleshwaram,BTM Layout,287.0,115.0,Not Applicable,Not Applicable,No,Not Applicable,830,UPI,43,4.5,4.7
2024-07-31 04:54:00,CNR9685369659,Success,CID995769,Mini,Basavanagudi,Mysore Road,182.0,50.0,Not Applicable,Not Applicable,No,Not Applicable,412,UPI,38,3.7,4.9
2024-07-31 04:15:00,CNR4547794586,Driver Not Found,CID937412,Bike,Shantinagar,Kadugodi,,,Not Applicable,Not Applicable,Not Applicable,Not Applicable,350,Not Applicable,0,,
2024-07-31 01:37:00,CNR7008707022,Success,CID219295,Prime Plus,Basavanagudi,Sarjapur Road,210.0,60.0,Not Applicable,Not Applicable,No,Not Applicable,333,UPI,22,3.8,3.8
2024-07-31 02:11:00,CNR1811001825,Success,CID585655,Prime SUV,Banashankari,Cox Town,245.0,95.0,Not Applicable,Not Applicable,No,Not Applicable,1843,Debit Card,5,3.3,4.4
2024-07-31 00:31:00,CNR9912089914,Driver Not Found,CID995619,Bike,Kengeri,Banashankari,,,Not Applicable,Not Applicable,Not Applicable,Not Applicable,919,Not Applicable,0,,
2024-07-31 02:13:00,CNR6783016739,Success,CID431368,Auto,Ramamurthy Nagar,Banashankari,161.0,115.0,Not Applicable,Not Applicable,No,Not Applicable,205,UPI,8,4.4,3.5
2024-07-31 23:36:00,CNR7332657360,Success,CID498676,Bike,Banashankari,Peenya,98.0,55.0,Not Applicable,Not Applicable,No,Not Applicable,190,Cash,42,4.7,4.9
2024-07-31 19:38:00,CNR1891311896,Success,CID229978,Mini,Majestic,Majestic,273.0,85.0,Not Applicable,Not Applicable,No,Not Applicable,398,UPI,6,3.7,4.3
2024-07-31 02:53:00,CNR1013471036,Success,CID625428,Auto,Kadugodi,Koramangala,168.0,40.0,Not Applicable,Not Applicable,No,Not Applicable,311,Cash,1,3.7,4.5
2024-07-31 15:52:00,CNR7473877435,Driver Not Found,CID794004,Bike,BTM Layout,Marathahalli,,,Not Applicable,Not Applicable,Not Applicable,Not Applicable,901,Not Applicable,0,,
2024-07-31 06:37:00,CNR2804882897,Success,CID961241,Prime SUV,Frazer Town,Kadugodi,77.0,145.0,Not Applicable,Not Applicable,No,Not Applicable,127,UPI,21,3.8,3.3
2024-07-31 13:18:00,CNR7648737620,Success,CID473314,Prime SUV,Koramangala,Malleshwaram,77.0,135.0,Not Applicable,Not Applicable,No,Not Applicable,426,UPI,2,5.0,3.8
2024-07-31 01:21:00,CNR4527514558,Success,CID303649,Prime SUV,Whitefield,Shantinagar,63.0,125.0,Not Applicable,Not Applicable,No,Not Applicable,180,Cash,17,3.3,3.9
2024-07-31 17:50:00,CNR9726559772,Success,CID438102,Auto,Varthur,Richmond Town,140.0,80.0,Not Applicable,Not Applicable,No,Not Applicable,1513,Cash,9,3.4,4.0
2024-07-31 13:50:00,CNR1274471262,Success,CID435387,Prime Sedan,Shantinagar,Marathahalli,63.0,80.0,Not Applicable,Not Applicable,No,Not Applicable,921,Cash,47,4.9,4.0
2024-07-31 15:38:00,CNR3067213072,Canceled by Driver,CID453451,Prime Sedan,Ramamurthy Nagar,Frazer Town,,,Not Applicable,More than permitted people in there,Not Applicable,Not Applicable,567,Not Applicable,0,,
2024-07-31 19:52:00,CNR4881114861,Success,CID187683,Prime Plus,Malleshwaram,Shantinagar,84.0,50.0,Not Applicable,Not Applicable,No,Not Applicable,1427,Cash,9,4.5,3.6
2024-07-31 16:08:00,CNR6153706149,Success,CID425855,Bike,RT Nagar,Marathahalli,231.0,45.0,Not Applicable,Not Applicable,No,Not Applicable,368,UPI,14,3.1,3.5
2024-07-31 23:23:00,CNR6472576480,Success,CID345918,eBike,Indiranagar,HSR Layout,266.0,40.0,Not Applicable,Not Applicable,No,Not Applicable,358,UPI,18,3.1,4.0
2024-07-31 14:08:00,CNR3649103668,Canceled by Customer,CID315736,eBike,Ulsoor,Langford Town,,,Wrong Address,Not Applicable,Not Applicable,Not Applicable,222,Not Applicable,0,,
2024-07-31 13:01:00,CNR8166568158,Success,CID572057,Prime Sedan,KR Puram,BTM Layout,203.0,85.0,Not Applicable,Not Applicable,No,Not Applicable,171,Cash,7,4.5,4.4
2024-07-31 11:57:00,CNR8616648655,Canceled by Customer,CID418596,Prime SUV,Kadugodi,Whitefield,,,Change of plans,Not Applicable,Not Applicable,Not Applicable,383,Not Applicable,0,,
2024-07-31 21:54:00,CNR8931008980,Canceled by Driver,CID529264,Auto,Sarjapur Road,Malleshwaram,,,Not Applicable,Customer related issue,Not Applicable,Not Applicable,761,Not Applicable,0,,
2024-07-31 05:14:00,CNR9937589936,Success,CID890099,Prime Sedan,Yeshwanthpur,Hosur Road,280.0,110.0,Not Applicable,Not Applicable,No,Not Applicable,260,Cash,19,3.9,3.0
2024-07-31 14:52:00,CNR4681144679,Canceled by Customer,CID290960,eBike,Hebbal,Mysore Road,,,Change of plans,Not Applicable,Not Applicable,Not Applicable,1245,Not Applicable,0,,
2024-07-31 03:43:00,CNR5596705599,Canceled by Customer,CID442264,Auto,Marathahalli,JP Nagar,,,Driver asked to cancel,Not Applicable,Not Applicable,Not Applicable,137,Not Applicable,0,,
2024-07-31 19:35:00,CNR2771522764,Success,CID526863,Prime Sedan,Marathahalli,Sarjapur Road,56.0,40.0,Not Applicable,Not Applicable,No,Not Applicable,223,Cash,43,4.9,4.8
2024-07-31 10:22:00,CNR4655924661,Success,CID807946,Bike,Chickpet,KR Puram,259.0,125.0,Not Applicable,Not Applicable,No,Not Applicable,759,Cash,32,3.6,4.4
2024-07-31 17:50:00,CNR1486761475,Driver Not Found,CID121862,eBike,Electronic City,Malleshwaram,,,Not Applicable,Not Applicable,Not Applicable,Not Applicable,206,Not Applicable,0,,
2024-07-31 01:56:00,CNR2375742336,Canceled by Customer,CID514121,Bike,Chamarajpet,Chickpet,,,Driver asked to cancel,Not Applicable,Not Applicable,Not Applicable,165,Not Applicable,0,,
2024-07-31 14:21:00,CNR4763594731,Canceled by Customer,CID777681,Mini,KR Puram,RT Nagar,,,Driver asked to cancel,Not Applicable,Not Applicable,Not Applicable,254,Not Applicable,0,,
2024-07-31 02:41:00,CNR8013428090,Canceled by Driver,CID372487,Prime SUV,Ramamurthy Nagar,Hennur,,,Not Applicable,Personal & Car related issue,Not Applicable,Not Applicable,276,Not Applicable,0,,
2024-07-31 06:18:00,CNR9112029127,Success,CID436502,Prime SUV,MG Road,Langford Town,42.0,110.0,Not Applicable,Not Applicable,No,Not Applicable,940,Cash,47,3.4,4.7
2024-07-31 15:04:00,CNR5242985286,Driver Not Found,CID478688,Prime SUV,Mysore Road,Marathahalli,,,Not Applicable,Not Applicable,Not Applicable,Not Applicable,246,Not Applicable,0,,
2024-07-31 16:48:00,CNR8841668870,Success,CID796019,Prime SUV,Langford Town,MG Road,182.0,60.0,Not Applicable,Not Applicable,No,Not Applicable,316,Cash,29,3.8,4.4
2024-07-31 01:11:00,CNR1158891190,Success,CID863539,Prime SUV,Bellandur,MG Road,84.0,70.0,Not Applicable,Not Applicable,No,Not Applicable,468,UPI,33,4.6,4.4
2024-07-31 07:02:00,CNR5648075636,Canceled by Driver,CID425335,Prime Sedan,Yeshwanthpur,JP Nagar,,,Not Applicable,Customer was coughing/sick,Not Applicable,Not Applicable,104,Not Applicable,0,,
2024-07-31 23:09:00,CNR9917499942,Canceled by Customer,CID862608,Prime SUV,RT Nagar,Electronic City,,,Driver is not moving towards pickup location,Not Applicable,Not Applicable,Not Applicable,145,Not Applicable,0,,
2024-07-31 02:12:00,CNR6705006789,Success,CID460944,eBike,Chamarajpet,Indiranagar,245.0,120.0,Not Applicable,Not Applicable,No,Not Applicable,272,Cash,35,4.7,3.8
2024-07-31 12:34:00,CNR1843341844,Success,CID985324,eBike,Kadugodi,KR Puram,294.0,100.0,Not Applicable,Not Applicable,No,Not Applicable,239,Cash,16,4.1,3.8
2024-07-31 01:13:00,CNR2263732246,Success,CID122615,Prime Plus,Malleshwaram,Banashankari,280.0,120.0,Not Applicable,Not Applicable,No,Not Applicable,1757,Cash,30,4.0,3.4
2024-07-31 08:02:00,CNR2287272243,Canceled by Driver,CID549911,Mini,Ulsoor,Marathahalli,,,Not Applicable,Personal & Car related issue,Not Applicable,Not Applicable,478,Not Applicable,0,,
2024-07-31 15:58:00,CNR7022517021,Success,CID160571,eBike,HSR Layout,Hosur Road,77.0,115.0,Not Applicable,Not Applicable,Yes,Vehicle Breakdown,477,UPI,28,3.7,3.3
2024-07-31 06:59:00,CNR8084468046,Success,CID992207,Prime Plus,Hebbal,Varthur,224.0,65.0,Not Applicable,Not Applicable,No,Not Applicable,485,Cash,3,4.8,3.6
2024-07-31 13:15:00,CNR5856405898,Canceled by Customer,CID812748,Mini,Kadugodi,Banashankari,,,Change of plans,Not Applicable,Not Applicable,Not Applicable,633,Not Applicable,0,,
2024-07-31 02:38:00,CNR6989616934,Canceled by Driver,CID474257,Prime Sedan,Padmanabhanagar,Koramangala,,,Not Applicable,Customer related issue,Not Applicable,Not Applicable,169,Not Applicable,0,,
2024-07-31 00:57:00,CNR4728004742,Canceled by Driver,CID812893,eBike,Cox Town,Shivajinagar,,,Not Applicable,Customer related issue,Not Applicable,Not Applicable,2660,Not Applicable,0,,
2024-07-31 19:56:00,CNR4025194011,Canceled by Driver,CID389515,Auto,Vijayanagar,Koramangala,,,Not Applicable,Customer was coughing/sick,Not Applicable,Not Applicable,2985,Not Applicable,0,,
2024-07-31 17:58:00,CNR7827707887,Success,CID385994,Auto,Chamarajpet,Electronic City,35.0,55.0,Not Applicable,Not Applicable,No,Not Applicable,261,Cash,18,4.1,4.2
2024-07-31 18:25:00,CNR5301405340,Success,CID878182,Prime Plus,Electronic City,Langford Town,259.0,70.0,Not Applicable,Not Applicable,No,Not Applicable,272,UPI,12,3.4,3.2
2024-07-31 16:26:00,CNR6074626049,Canceled by Driver,CID312040,Prime SUV,Varthur,Bannerghatta Road,,,Not Applicable,Customer related issue,Not Applicable,Not Applicable,106,Not Applicable,0,,
2024-07-31 13:07:00,CNR6090596047,Canceled by Driver,CID487983,Bike,Whitefield,Rajarajeshwari Nagar,,,Not Applicable,Personal & Car related issue,Not Applicable,Not Applicable,253,Not Applicable,0,,
2024-07-31 21:23:00,CNR4881964825,Success,CID142127,Prime SUV,Ramamurthy Nagar,Frazer Town,63.0,50.0,Not Applicable,Not Applicable,No,Not Applicable,386,Cash,27,4.7,3.2
2024-07-31 13:12:00,CNR2038042080,Success,CID559457,Auto,Mysore Road,Yelahanka,56.0,70.0,Not Applicable,Not Applicable,No,Not Applicable,296,UPI,7,4.8,3.3
2024-07-31 15:28:00,CNR6888836875,Success,CID112362,Prime SUV,Hulimavu,Tumkur Road,84.0,30.0,Not Applicable,Not Applicable,No,Not Applicable,2912,Cash,9,3.8,3.5
2024-07-31 16:53:00,CNR6563376546,Canceled by Driver,CID335055,Prime Sedan,HSR Layout,Sahakar Nagar,,,Not Applicable,Personal & Car related issue,Not Applicable,Not Applicable,302,Not Applicable,0,,
2024-07-31 18:56:00,CNR4924344943,Success,CID875751,Auto,Padmanabhanagar,Hennur,189.0,130.0,Not Applicable,Not Applicable,No,Not Applicable,213,Cash,3,4.4,4.1
2024-07-31 00:23:00,CNR1973411935,Success,CID765079,Auto,Sarjapur Road,Yeshwanthpur,196.0,80.0,Not Applicable,Not Applicable,No,Not Applicable,782,UPI,7,4.8,4.7
2024-07-31 02:35:00,CNR7653927637,Success,CID296742,Prime Plus,Rajarajeshwari Nagar,Majestic,140.0,115.0,Not Applicable,Not Applicable,No,Not Applicable,393,Cash,20,3.4,4.4
2024-07-31 23:17:00,CNR7500867587,Success,CID527801,Mini,Nagarbhavi,Rajajinagar,217.0,70.0,Not Applicable,Not Applicable,No,Not Applicable,876,Cash,28,3.0,3.5
2024-07-31 10:29:00,CNR5515185540,Success,CID132545,eBike,BTM Layout,Frazer Town,217.0,40.0,Not Applicable,Not Applicable,No,Not Applicable,736,UPI,47,4.9,3.9
2024-07-31 16:41:00,CNR8086898036,Success,CID600892,Auto,Basavanagudi,Marathahalli,105.0,105.0,Not Applicable,Not Applicable,No,Not Applicable,126,Cash,18,3.1,4.6
2024-07-31 08:57:00,CNR1112191143,Canceled by Customer,CID366966,Auto,JP Nagar,Sarjapur Road,,,Wrong Address,Not Applicable,Not Applicable,Not Applicable,333,Not Applicable,0,,
2024-07-31 18:31:00,CNR5040105006,Success,CID376690,Prime Sedan,Rajarajeshwari Nagar,Kammanahalli,238.0,110.0,Not Applicable,Not Applicable,Yes,Vehicle Breakdown,584,UPI,27,4.8,4.0
2024-07-31 12:10:00,CNR6964176969,Driver Not Found,CID671295,eBike,BTM Layout,Vijayanagar,,,Not Applicable,Not Applicable,Not Applicable,Not Applicable,450,Not Applicable,0,,
2024-07-31 10:45:00,CNR9972339944,Canceled by Driver,CID477805,eBike,Nagarbhavi,Yelahanka,,,Not Applicable,Personal & Car related issue,Not Applicable,Not Applicable,178,Not Applicable,0,,
2024-07-31 00:07:00,CNR9163229159,Success,CID416459,Mini,Tumkur Road,Cox Town,259.0,50.0,Not Applicable,Not Applicable,No,Not Applicable,1941,Cash,2,3.4,4.4
2024-07-31 00:59:00,CNR1188221187,Success,CID318396,Prime Sedan,Chamarajpet,Indiranagar,63.0,105.0,Not Applicable,Not Applicable,No,Not Applicable,224,UPI,40,4.6,3.8
2024-07-31 03:21:00,CNR8007988073,Canceled by Driver,CID543568,eBike,Bannerghatta Road,KR Puram,,,Not Applicable,Personal & Car related issue,Not Applicable,Not Applicable,471,Not Applicable,0,,
2024-07-31 22:56:00,CNR8374798317,Success,CID641650,Auto,Ramamurthy Nagar,MG Road,266.0,45.0,Not Applicable,Not Applicable,No,Not Applicable,185,Cash,12,4.9,4.1
2024-07-31 08:47:00,CNR1723231736,Driver Not Found,CID574531,Prime Sedan,Ramamurthy Nagar,Varthur,,,Not Applicable,Not Applicable,Not Applicable,Not Applicable,260,Not Applicable,0,,
2024-07-31 02:50:00,CNR2284542209,Canceled by Driver,CID894189,Prime Plus,Bellandur,Yelahanka,,,Not Applicable,More than permitted people in there,Not Applicable,Not Applicable,460,Not Applicable,0,,
2024-07-31 06:04:00,CNR9176039193,Success,CID492602,Prime Sedan,Kadugodi,Sahakar Nagar,56.0,50.0,Not Applicable,Not Applicable,No,Not Applicable,302,UPI,48,3.4,3.5
2024-07-31 06:01:00,CNR2274512240,Success,CID328510,Bike,Frazer Town,Shantinagar,147.0,140.0,Not Applicable,Not Applicable,No,Not Applicable,2800,Cash,10,4.4,3.7
2024-07-31 01:37:00,CNR7921427910,Canceled by Driver,CID753115,Prime Sedan,Cox Town,RT Nagar,,,Not Applicable,Personal & Car related issue,Not Applicable,Not Applicable,419,Not Applicable,0,,
2024-07-31 13:41:00,CNR2858522816,Canceled by Driver,CID981115,Prime Sedan,Magadi Road,Richmond Town,,,Not Applicable,More than permitted people in there,Not Applicable,Not Applicable,192,Not Applicable,0,,
2024-07-31 15:56:00,CNR3693713642,Canceled by Driver,CID936755,Prime SUV,Nagarbhavi,Rajajinagar,,,Not Applicable,Personal & Car related issue,Not Applicable,Not Applicable,151,Not Applicable,0,,
2024-07-31 02:12:00,CNR3454083457,Success,CID552797,eBike,KR Puram,Ramamurthy Nagar,182.0,115.0,Not Applicable,Not Applicable,No,Not Applicable,824,Cash,45,4.0,4.7
2024-07-31 03:22:00,CNR4992144983,Success,CID610966,Mini,RT Nagar,Jayanagar,35.0,75.0,Not Applicable,Not Applicable,No,Not Applicable,332,UPI,29,3.9,3.4
2024-07-31 09:07:00,CNR5802135860,Success,CID131585,Mini,Frazer Town,Basavanagudi,217.0,115.0,Not Applicable,Not Applicable,No,Not Applicable,140,Cash,29,3.2,3.9
2024-07-31 12:24:00,CNR9888909802,Success,CID362481,Auto,Electronic City,Marathahalli,56.0,145.0,Not Applicable,Not Applicable,No,Not Applicable,180,UPI,17,3.2,4.1
2024-07-31 10:00:00,CNR2364612338,Success,CID240659,Prime Sedan,Chamarajpet,RT Nagar,35.0,45.0,Not Applicable,Not Applicable,No,Not Applicable,1902,UPI,11,3.1,4.1
2024-07-31 23:10:00,CNR5055365054,Success,CID365002,Prime SUV,Varthur,MG Road,133.0,45.0,Not Applicable,Not Applicable,No,Not Applicable,345,UPI,48,4.9,3.2
2024-07-31 15:14:00,CNR4348434363,Success,CID164088,Prime Plus,Yelahanka,Hulimavu,56.0,30.0,Not Applicable,Not Applicable,No,Not Applicable,359,Cash,4,4.3,3.9
2024-07-31 21:17:00,CNR3188783177,Canceled by Driver,CID823568,Prime Sedan,Nagarbhavi,Hosur Road,,,Not Applicable,More than permitted people in there,Not Applicable,Not Applicable,707,Not Applicable,0,,
2024-07-31 10:48:00,CNR4086644098,Success,CID452997,eBike,Nagarbhavi,Nagarbhavi,287.0,135.0,Not Applicable,Not Applicable,No,Not Applicable,650,UPI,41,3.9,4.3
2024-07-31 14:38:00,CNR9267709269,Success,CID209961,Auto,Shivajinagar,Yelahanka,189.0,120.0,Not Applicable,Not Applicable,No,Not Applicable,326,Cash,10,3.5,3.9
2024-07-31 05:05:00,CNR9024539063,Canceled by Customer,CID773023,Mini,Varthur,Richmond Town,,,Driver is not moving towards pickup location,Not Applicable,Not Applicable,Not Applicable,255,Not Applicable,0,,
2024-07-31 06:02:00,CNR8540518500,Success,CID591763,Auto,Mysore Road,Malleshwaram,147.0,85.0,Not Applicable,Not Applicable,No,Not Applicable,391,Cash,16,4.7,4.9
2024-07-31 14:10:00,CNR3298973204,Driver Not Found,CID453904,Prime SUV,Vijayanagar,Hosur Road,,,Not Applicable,Not Applicable,Not Applicable,Not Applicable,667,Not Applicable,0,,
2024-07-31 06:07:00,CNR5365195370,Success,CID836988,Prime Sedan,Ulsoor,Mysore Road,259.0,115.0,Not Applicable,Not Applicable,No,Not Applicable,440,UPI,30,4.9,4.9
2024-07-31 15:27:00,CNR8363118369,Success,CID604612,Mini,Indiranagar,Devanahalli,301.0,30.0,Not Applicable,Not Applicable,Yes,Customer Demand,167,UPI,33,4.7,3.3
2024-07-31 16:21:00,CNR6490316494,Success,CID513054,Auto,KR Puram,Hosur Road,217.0,70.0,Not Applicable,Not Applicable,No,Not Applicable,145,UPI,18,4.2,4.1
2024-07-31 10:58:00,CNR9362329315,Driver Not Found,CID722910,Bike,Marathahalli,Bannerghatta Road,,,Not Applicable,Not Applicable,Not Applicable,Not Applicable,366,Not Applicable,0,,
2024-07-31 03:15:00,CNR1257091218,Success,CID719776,Mini,Devanahalli,Hennur,63.0,125.0,Not Applicable,Not Applicable,No,Not Applicable,328,Cash,31,3.2,3.7
2024-07-31 09:35:00,CNR9808999870,Success,CID546342,Prime Sedan,MG Road,Chamarajpet,154.0,125.0,Not Applicable,Not Applicable,No,Not Applicable,923,Debit Card,23,4.1,3.6
2024-07-31 11:41:00,CNR4828764848,Success,CID178966,eBike,Yeshwanthpur,Sahakar Nagar,112.0,115.0,Not Applicable,Not Applicable,No,Not Applicable,664,UPI,6,3.4,4.9
2024-07-31 01:11:00,CNR8918458995,Canceled by Customer,CID595630,Bike,Majestic,Langford Town,,,Change of plans,Not Applicable,Not Applicable,Not Applicable,852,Not Applicable,0,,
2024-07-31 08:15:00,CNR3296633258,Success,CID243800,Prime Plus,Rajajinagar,Hennur,182.0,30.0,Not Applicable,Not Applicable,Yes,Other Issue,790,Cash,29,3.7,4.6
2024-07-31 15:17:00,CNR6164396136,Canceled by Driver,CID737040,Auto,Rajajinagar,Langford Town,,,Not Applicable,Personal & Car related issue,Not Applicable,Not Applicable,217,Not Applicable,0,,
2024-07-31 07:14:00,CNR4694704670,Success,CID223652,Prime Plus,Banashankari,Marathahalli,126.0,80.0,Not Applicable,Not Applicable,No,Not Applicable,714,Cash,7,3.6,4.6
2024-07-31 05:27:00,CNR4009534046,Success,CID610161,Prime SUV,JP Nagar,Frazer Town,154.0,125.0,Not Applicable,Not Applicable,No,Not Applicable,347,Cash,1,4.8,4.0
2024-07-31 17:38:00,CNR3916183979,Success,CID662285,Bike,HSR Layout,Rajarajeshwari Nagar,175.0,95.0,Not Applicable,Not Applicable,No,Not Applicable,463,UPI,12,4.2,4.4
2024-07-31 21:26:00,CNR5986005987,Success,CID109822,eBike,Shantinagar,Nagarbhavi,196.0,100.0,Not Applicable,Not Applicable,No,Not Applicable,524,UPI,6,4.2,3.7
2024-07-31 20:56:00,CNR1633871612,Canceled by Driver,CID486800,Auto,RT Nagar,Whitefield,,,Not Applicable,Personal & Car related issue,Not Applicable,Not Applicable,478,Not Applicable,0,,
2024-07-31 16:00:00,CNR9001279040,Canceled by Driver,CID685305,Prime Sedan,Frazer Town,Indiranagar,,,Not Applicable,Personal & Car related issue,Not Applicable,Not Applicable,244,Not Applicable,0,,
2024-07-31 12:52:00,CNR1380001355,Success,CID651386,Prime SUV,Majestic,Hennur,175.0,110.0,Not Applicable,Not Applicable,No,Not Applicable,446,Cash,26,3.3,3.2
2024-07-31 08:38:00,CNR5954995905,Success,CID661536,Prime Sedan,Rajarajeshwari Nagar,Sahakar Nagar,56.0,80.0,Not Applicable,Not Applicable,No,Not Applicable,1567,Cash,22,4.6,4.7
2024-07-31 17:05:00,CNR4386134312,Success,CID860054,Bike,Devanahalli,Chamarajpet,126.0,135.0,Not Applicable,Not Applicable,No,Not Applicable,313,UPI,26,4.7,5.0
2024-07-31 04:15:00,CNR6024576011,Success,CID281033,Mini,Richmond Town,JP Nagar,266.0,80.0,Not Applicable,Not Applicable,No,Not Applicable,250,UPI,45,4.8,3.2
2024-07-31 07:12:00,CNR8831478813,Canceled by Driver,CID974333,Prime Sedan,Cox Town,Ulsoor,,,Not Applicable,Customer was coughing/sick,Not Applicable,Not Applicable,2090,Not Applicable,0,,
2024-07-31 18:45:00,CNR4559434527,Success,CID184056,Prime Plus,Rajarajeshwari Nagar,Varthur,301.0,105.0,Not Applicable,Not Applicable,Yes,Vehicle Breakdown,217,Cash,35,3.4,4.9
2024-07-31 13:11:00,CNR5722335783,Success,CID994227,Prime Sedan,Basavanagudi,Chamarajpet,126.0,75.0,Not Applicable,Not Applicable,No,Not Applicable,166,Cash,43,4.1,5.0
2024-07-31 03:32:00,CNR7126567127,Canceled by Driver,CID673742,eBike,Peenya,RT Nagar,,,Not Applicable,Customer related issue,Not Applicable,Not Applicable,346,Not Applicable,0,,
2024-07-31 13:34:00,CNR2452432419,Canceled by Driver,CID992816,Bike,Kengeri,Tumkur Road,,,Not Applicable,Personal & Car related issue,Not Applicable,Not Applicable,533,Not Applicable,0,,
2024-07-31 23:33:00,CNR6702556719,Success,CID888119,eBike,Vijayanagar,RT Nagar,63.0,65.0,Not Applicable,Not Applicable,No,Not Applicable,246,Cash,32,4.3,4.2
2024-07-31 17:26:00,CNR4627934673,Driver Not Found,CID580345,Prime SUV,Banashankari,Chamarajpet,,,Not Applicable,Not Applicable,Not Applicable,Not Applicable,398,Not Applicable,0,,
2024-07-31 01:12:00,CNR2236682208,Canceled by Customer,CID169400,Prime SUV,Sahakar Nagar,Frazer Town,,,Change of plans,Not Applicable,Not Applicable,Not Applicable,279,Not Applicable,0,,
2024-07-31 09:20:00,CNR3873853829,Driver Not Found,CID759978,Prime Plus,Koramangala,Indiranagar,,,Not Applicable,Not Applicable,Not Applicable,Not Applicable,356,Not Applicable,0,,
2024-07-31 08:49:00,CNR9953689942,Canceled by Customer,CID402274,Prime Sedan,Ramamurthy Nagar,Koramangala,,,Driver asked to cancel,Not Applicable,Not Applicable,Not Applicable,201,Not Applicable,0,,
2024-07-31 21:59:00,CNR5668535605,Success,CID941450,Prime SUV,Malleshwaram,Vijayanagar,105.0,40.0,Not Applicable,Not Applicable,No,Not Applicable,375,Cash,12,4.7,4.7
2024-07-31 05:28:00,CNR1503261572,Success,CID553958,Auto,Hennur,Tumkur Road,77.0,120.0,Not Applicable,Not Applicable,No,Not Applicable,955,UPI,16,4.3,4.6
2024-07-31 21:01:00,CNR3590263586,Canceled by Driver,CID960808,eBike,MG Road,BTM Layout,,,Not Applicable,Customer was coughing/sick,Not Applicable,Not Applicable,475,Not Applicable,0,,
2024-07-31 01:49:00,CNR9775139710,Driver Not Found,CID362561,Auto,Richmond Town,Hosur Road,,,Not Applicable,Not Applicable,Not Applicable,Not Applicable,468,Not Applicable,0,,
2024-07-31 01:07:00,CNR2484272442,Success,CID224831,Prime Plus,Bellandur,Devanahalli,224.0,100.0,Not Applicable,Not Applicable,No,Not Applicable,758,Cash,5,3.7,3.1
2024-07-31 23:25:00,CNR8551948566,Success,CID237550,Prime Sedan,HSR Layout,Chickpet,49.0,105.0,Not Applicable,Not Applicable,No,Not Applicable,357,UPI,36,3.8,3.7
2024-07-31 22:21:00,CNR1509261544,Success,CID237416,Prime Sedan,Kengeri,Malleshwaram,126.0,70.0,Not Applicable,Not Applicable,No,Not Applicable,641,Cash,21,3.7,3.5
2024-07-31 06:41:00,CNR1820561833,Success,CID231153,Prime Plus,Ulsoor,Malleshwaram,224.0,100.0,Not Applicable,Not Applicable,No,Not Applicable,272,Cash,6,4.1,3.5
2024-07-31 23:38:00,CNR8941718932,Success,CID130647,eBike,Ramamurthy Nagar,Varthur,231.0,40.0,Not Applicable,Not Applicable,No,Not Applicable,332,Cash,33,3.8,3.6
2024-07-31 10:36:00,CNR8567428583,Success,CID887385,Mini,Kammanahalli,Shivajinagar,105.0,95.0,Not Applicable,Not Applicable,No,Not Applicable,140,UPI,35,3.5,3.2
2024-07-31 23:00:00,CNR9968689933,Canceled by Driver,CID993778,Mini,Marathahalli,BTM Layout,,,Not Applicable,Customer related issue,Not Applicable,Not Applicable,981,Not Applicable,0,,
2024-07-31 03:57:00,CNR1082581076,Success,CID122304,eBike,MG Road,Cox Town,252.0,65.0,Not Applicable,Not Applicable,No,Not Applicable,284,Cash,48,4.9,4.2
2024-07-31 16:12:00,CNR5824815858,Success,CID416495,Prime Sedan,Sahakar Nagar,Mysore Road,301.0,30.0,Not Applicable,Not Applicable,No,Not Applicable,2959,Cash,15,4.0,4.2
2024-07-31 09:41:00,CNR9782369723,Canceled by Customer,CID319500,eBike,Shivajinagar,Kadugodi,,,Wrong Address,Not Applicable,Not Applicable,Not Applicable,980,Not Applicable,0,,
2024-07-31 07:24:00,CNR1516451564,Success,CID750157,Prime Plus,Bellandur,Peenya,119.0,50.0,Not Applicable,Not Applicable,No,Not Applicable,498,UPI,29,4.2,4.4
2024-07-31 07:50:00,CNR2191362181,Driver Not Found,CID896422,Prime Sedan,KR Puram,Langford Town,,,Not Applicable,Not Applicable,Not Applicable,Not Applicable,272,Not Applicable,0,,
2024-07-31 17:09:00,CNR7753627701,Success,CID490940,Prime SUV,Vijayanagar,Hebbal,189.0,65.0,Not Applicable,Not Applicable,No,Not Applicable,741,Cash,48,4.3,3.7
2024-07-31 07:59:00,CNR8548758551,Canceled by Driver,CID958553,Prime SUV,Bannerghatta Road,Varthur,,,Not Applicable,Customer related issue,Not Applicable,Not Applicable,390,Not Applicable,0,,
2024-07-31 04:22:00,CNR3919583986,Success,CID384162,Prime Sedan,Bannerghatta Road,BTM Layout,210.0,80.0,Not Applicable,Not Applicable,No,Not Applicable,183,UPI,37,4.0,3.3
2024-07-31 10:52:00,CNR5056015070,Success,CID279553,Prime Plus,HSR Layout,JP Nagar,224.0,95.0,Not Applicable,Not Applicable,No,Not Applicable,792,Cash,13,3.8,3.3
2024-07-31 15:29:00,CNR4826584805,Canceled by Driver,CID781060,Prime Sedan,Peenya,Basavanagudi,,,Not Applicable,Customer related issue,Not Applicable,Not Applicable,1741,Not Applicable,0,,
2024-07-31 05:26:00,CNR1077821047,Driver Not Found,CID747697,Prime Sedan,Hennur,Koramangala,,,Not Applicable,Not Applicable,Not Applicable,Not Applicable,277,Not Applicable,0,,
2024-07-31 12:05:00,CNR6692846673,Canceled by Customer,CID389551,eBike,Vijayanagar,Peenya,,,Change of plans,Not Applicable,Not Applicable,Not Applicable,525,Not Applicable,0,,
2024-07-31 13:28:00,CNR4967204932,Success,CID353074,Prime Plus,Yelahanka,KR Puram,133.0,120.0,Not Applicable,Not Applicable,No,Not Applicable,2841,Cash,4,3.9,4.5
2024-07-31 08:50:00,CNR4274624295,Success,CID885045,Bike,Electronic City,Banashankari,147.0,75.0,Not Applicable,Not Applicable,No,Not Applicable,384,Cash,20,4.5,4.8
2024-07-31 06:10:00,CNR3744753771,Success,CID238579,Bike,Peenya,Kengeri,301.0,100.0,Not Applicable,Not Applicable,No,Not Applicable,187,Cash,37,3.3,4.1
2024-07-31 12:39:00,CNR5158615111,Success,CID611988,Mini,Indiranagar,Richmond Town,91.0,125.0,Not Applicable,Not Applicable,No,Not Applicable,110,UPI,13,4.4,3.4
2024-07-31 09:10:00,CNR6634836657,Canceled by Driver,CID650207,Prime SUV,Varthur,Hosur Road,,,Not Applicable,Personal & Car related issue,Not Applicable,Not Applicable,291,Not Applicable,0,,
2024-07-31 23:04:00,CNR3519113520,Success,CID929238,Bike,Malleshwaram,HSR Layout,245.0,120.0,Not Applicable,Not Applicable,No,Not Applicable,297,Cash,14,3.2,3.5
2024-07-31 22:17:00,CNR2002812047,Success,CID904112,Mini,Hulimavu,Langford Town,168.0,30.0,Not Applicable,Not Applicable,No,Not Applicable,262,Cash,3,4.5,3.7
2024-07-31 20:16:00,CNR3137793156,Success,CID488576,Auto,Cox Town,Peenya,49.0,105.0,Not Applicable,Not Applicable,No,Not Applicable,985,UPI,4,4.7,4.8
2024-07-31 18:59:00,CNR1762441766,Success,CID129231,eBike,Langford Town,Hosur Road,231.0,35.0,Not Applicable,Not Applicable,No,Not Applicable,330,Cash,29,4.5,4.3
2024-07-31 05:08:00,CNR5881355826,Success,CID517284,Bike,Rajarajeshwari Nagar,Hosur Road,217.0,110.0,Not Applicable,Not Applicable,No,Not Applicable,410,Cash,18,4.4,3.9
2024-07-31 09:31:00,CNR2835192811,Success,CID254061,Prime SUV,Malleshwaram,Jayanagar,175.0,45.0,Not Applicable,Not Applicable,No,Not Applicable,244,Cash,27,4.5,3.8
2024-07-31 16:33:00,CNR7282767227,Success,CID327135,Mini,Frazer Town,Majestic,259.0,65.0,Not Applicable,Not Applicable,No,Not Applicable,1883,Cash,26,3.5,4.5
2024-07-31 09:12:00,CNR6327736370,Success,CID790048,Bike,Nagarbhavi,Basavanagudi,245.0,45.0,Not Applicable,Not Applicable,No,Not Applicable,495,Cash,47,3.3,4.6
2024-07-31 12:35:00,CNR1038561085,Success,CID562396,Auto,Ulsoor,Cox Town,175.0,30.0,Not Applicable,Not Applicable,Yes,Other Issue,1184,Debit Card,9,4.6,4.2
2024-07-31 15:39:00,CNR8483938427,Success,CID932396,Prime Plus,Varthur,Chamarajpet,42.0,45.0,Not Applicable,Not Applicable,No,Not Applicable,149,Cash,29,4.4,3.3
2024-07-31 23:23:00,CNR6613316625,Canceled by Customer,CID233192,Prime Sedan,Jayanagar,RT Nagar,,,Driver asked to cancel,Not Applicable,Not Applicable,Not Applicable,928,Not Applicable,0,,
2024-07-31 01:15:00,CNR8368898390,Canceled by Customer,CID391535,Prime Plus,RT Nagar,Whitefield,,,Change of plans,Not Applicable,Not Applicable,Not Applicable,444,Not Applicable,0,,
2024-07-31 06:00:00,CNR6474786416,Success,CID662505,Prime Plus,KR Puram,Kadugodi,84.0,110.0,Not Applicable,Not Applicable,No,Not Applicable,305,Cash,2,3.2,3.1
2024-07-31 16:32:00,CNR9094249045,Canceled by Driver,CID167003,Bike,Shantinagar,Shantinagar,,,Not Applicable,More than permitted people in there,Not Applicable,Not Applicable,328,Not Applicable,0,,
2024-07-31 17:02:00,CNR9446869417,Success,CID688869,Bike,Kammanahalli,KR Puram,133.0,40.0,Not Applicable,Not Applicable,No,Not Applicable,100,UPI,16,4.9,3.1
2024-07-31 22:44:00,CNR5718765726,Canceled by Driver,CID199674,Prime SUV,Indiranagar,KR Puram,,,Not Applicable,Customer was coughing/sick,Not Applicable,Not Applicable,841,Not Applicable,0,,
2024-07-31 17:49:00,CNR2525482590,Success,CID980565,Prime Sedan,Hosur Road,Ulsoor,140.0,70.0,Not Applicable,Not Applicable,No,Not Applicable,645,UPI,42,3.5,4.2
2024-07-31 06:46:00,CNR8262108241,Canceled by Driver,CID314174,Auto,Chamarajpet,Bellandur,,,Not Applicable,Customer related issue,Not Applicable,Not Applicable,677,Not Applicable,0,,
2024-07-31 06:39:00,CNR1597881522,Driver Not Found,CID441219,Prime Sedan,Shantinagar,Chamarajpet,,,Not Applicable,Not Applicable,Not Applicable,Not Applicable,231,Not Applicable,0,,
2024-07-31 02:29:00,CNR2025162092,Canceled by Driver,CID128183,Prime Plus,Yeshwanthpur,Varthur,,,Not Applicable,Personal & Car related issue,Not Applicable,Not Applicable,702,Not Applicable,0,,
2024-07-31 05:58:00,CNR6856886817,Canceled by Customer,CID247739,Prime Sedan,Sahakar Nagar,Ramamurthy Nagar,,,AC is Not working,Not Applicable,Not Applicable,Not Applicable,360,Not Applicable,0,,
2024-07-31 08:50:00,CNR3368553367,Driver Not Found,CID336951,Auto,Bannerghatta Road,Kengeri,,,Not Applicable,Not Applicable,Not Applicable,Not Applicable,1102,Not Applicable,0,,
2024-07-31 00:51:00,CNR7411907430,Success,CID632377,eBike,Langford Town,KR Puram,301.0,90.0,Not Applicable,Not Applicable,No,Not Applicable,120,UPI,3,4.1,4.7
2024-07-31 12:44:00,CNR9275749243,Canceled by Driver,CID958779,Bike,Bellandur,MG Road,,,Not Applicable,Personal & Car related issue,Not Applicable,Not Applicable,384,Not Applicable,0,,
2024-07-31 12:32:00,CNR7651757697,Canceled by Driver,CID301356,Auto,MG Road,RT Nagar,,,Not Applicable,Customer was coughing/sick,Not Applicable,Not Applicable,120,Not Applicable,0,,
2024-07-31 00:18:00,CNR7181267109,Success,CID903094,Prime Sedan,Hosur Road,Frazer Town,140.0,100.0,Not Applicable,Not Applicable,No,Not Applicable,457,UPI,13,3.5,3.5
2024-07-31 00:12:00,CNR7990927968,Success,CID560508,Bike,Hulimavu,Bellandur,189.0,80.0,Not Applicable,Not Applicable,Yes,Customer Demand,536,Cash,9,4.1,4.8
2024-07-31 14:43:00,CNR2513372598,Success,CID963586,Prime SUV,Bannerghatta Road,Kammanahalli,140.0,35.0,Not Applicable,Not Applicable,No,Not Applicable,453,Cash,9,4.2,3.7
2024-07-31 15:56:00,CNR6196656179,Driver Not Found,CID491712,Mini,Whitefield,Malleshwaram,,,Not Applicable,Not Applicable,Not Applicable,Not Applicable,1495,Not Applicable,0,,
2024-07-31 03:57:00,CNR8373278354,Canceled by Customer,CID472046,Prime Sedan,Varthur,Rajarajeshwari Nagar,,,Driver asked to cancel,Not Applicable,Not Applicable,Not Applicable,286,Not Applicable,0,,
2024-07-31 14:31:00,CNR5687805653,Success,CID260093,Bike,Langford Town,Yelahanka,196.0,120.0,Not Applicable,Not Applicable,No,Not Applicable,613,Cash,26,3.2,4.9
2024-07-31 21:41:00,CNR6825906853,Success,CID943641,Prime SUV,Majestic,Cox Town,224.0,85.0,Not Applicable,Not Applicable,No,Not Applicable,782,Debit Card,34,4.1,3.0
2024-07-31 14:40:00,CNR4183234128,Canceled by Customer,CID529250,Prime Plus,Padmanabhanagar,KR Puram,,,Change of plans,Not Applicable,Not Applicable,Not Applicable,238,Not Applicable,0,,
2024-07-31 01:47:00,CNR1071241082,Success,CID580863,Prime Plus,Bannerghatta Road,Whitefield,105.0,60.0,Not Applicable,Not Applicable,No,Not Applicable,186,Cash,34,4.1,3.9
2024-07-31 04:26:00,CNR4063344089,Success,CID435373,Prime SUV,Electronic City,Kadugodi,91.0,70.0,Not Applicable,Not Applicable,No,Not Applicable,417,Cash,4,3.1,3.6
2024-07-31 09:34:00,CNR7982947901,Success,CID323885,Prime SUV,HSR Layout,Kadugodi,203.0,35.0,Not Applicable,Not Applicable,No,Not Applicable,124,UPI,49,4.8,4.7
2024-07-31 16:13:00,CNR8612958649,Success,CID550686,Prime SUV,Hosur Road,RT Nagar,189.0,145.0,Not Applicable,Not Applicable,No,Not Applicable,581,Cash,32,4.1,3.6
2024-07-31 16:57:00,CNR4040814004,Success,CID873592,Prime SUV,Hennur,MG Road,112.0,75.0,Not Applicable,Not Applicable,Yes,Customer Demand,714,Cash,23,3.1,3.7
2024-07-31 04:18:00,CNR5579405590,Success,CID744353,eBike,Devanahalli,Koramangala,182.0,135.0,Not Applicable,Not Applicable,No,Not Applicable,370,UPI,11,4.0,3.9
2024-07-31 05:41:00,CNR4618094605,Canceled by Customer,CID645906,Prime Sedan,MG Road,Banashankari,,,Change of plans,Not Applicable,Not Applicable,Not Applicable,104,Not Applicable,0,,
2024-07-31 04:59:00,CNR7028327052,Success,CID724116,Prime Sedan,Malleshwaram,Hebbal,189.0,40.0,Not Applicable,Not Applicable,Yes,Customer Demand,252,UPI,34,3.9,4.5
2024-07-31 20:17:00,CNR6773316701,Success,CID618619,Prime Sedan,Yeshwanthpur,BTM Layout,182.0,110.0,Not Applicable,Not Applicable,No,Not Applicable,104,UPI,37,3.4,4.4
2024-07-31 12:59:00,CNR5713255705,Success,CID892089,Prime Plus,Ulsoor,Malleshwaram,308.0,95.0,Not Applicable,Not Applicable,No,Not Applicable,181,Cash,12,3.1,3.0
2024-07-31 11:44:00,CNR2222632296,Canceled by Customer,CID242192,Auto,JP Nagar,Bannerghatta Road,,,Driver is not moving towards pickup location,Not Applicable,Not Applicable,Not Applicable,239,Not Applicable,0,,
2024-07-31 03:40:00,CNR9780609718,Driver Not Found,CID880667,Auto,Varthur,RT Nagar,,,Not Applicable,Not Applicable,Not Applicable,Not Applicable,423,Not Applicable,0,,
2024-07-31 01:59:00,CNR3931663948,Canceled by Customer,CID602128,Prime SUV,Mysore Road,Chickpet,,,AC is Not working,Not Applicable,Not Applicable,Not Applicable,450,Not Applicable,0,,
2024-07-31 05:09:00,CNR6167046142,Success,CID133292,Prime Sedan,Yelahanka,Yelahanka,105.0,125.0,Not Applicable,Not Applicable,No,Not Applicable,857,UPI,12,3.5,4.3
2024-07-31 19:11:00,CNR4945864980,Success,CID701843,Prime Sedan,Varthur,Langford Town,133.0,105.0,Not Applicable,Not Applicable,No,Not Applicable,357,UPI,4,4.4,4.0
2024-07-31 10:21:00,CNR6903056984,Canceled by Driver,CID739124,Auto,Majestic,Shantinagar,,,Not Applicable,Personal & Car related issue,Not Applicable,Not Applicable,291,Not Applicable,0,,
2024-07-31 02:24:00,CNR6141346175,Canceled by Driver,CID401049,eBike,Yelahanka,Sarjapur Road,,,Not Applicable,Personal & Car related issue,Not Applicable,Not Applicable,491,Not Applicable,0,,
2024-07-31 17:42:00,CNR7787127708,Canceled by Customer,CID778959,Prime Sedan,Vijayanagar,Sahakar Nagar,,,AC is Not working,Not Applicable,Not Applicable,Not Applicable,134,Not Applicable,0,,
2024-07-31 23:44:00,CNR3142973110,Success,CID264884,Mini,Cox Town,KR Puram,35.0,45.0,Not Applicable,Not Applicable,Yes,Customer Demand,674,Cash,34,3.9,5.0
2024-07-31 16:57:00,CNR2282022253,Success,CID175514,Prime SUV,MG Road,Nagarbhavi,70.0,75.0,Not Applicable,Not Applicable,No,Not Applicable,206,Cash,49,3.8,4.5
2024-07-31 13:26:00,CNR8944478998,Canceled by Driver,CID959812,Prime Sedan,JP Nagar,RT Nagar,,,Not Applicable,Customer related issue,Not Applicable,Not Applicable,127,Not Applicable,0,,
2024-07-31 13:44:00,CNR7629837611,Success,CID973305,Bike,Rajajinagar,Indiranagar,217.0,95.0,Not Applicable,Not Applicable,No,Not Applicable,2161,Cash,47,4.9,4.2
2024-07-31 08:06:00,CNR9704989735,Canceled by Customer,CID962402,Prime Plus,Jayanagar,HSR Layout,,,Change of plans,Not Applicable,Not Applicable,Not Applicable,1748,Not Applicable,0,,
2024-07-31 03:43:00,CNR5401295491,Success,CID628108,Bike,Varthur,Marathahalli,273.0,50.0,Not Applicable,Not Applicable,No,Not Applicable,923,Cash,29,4.2,4.6
2024-07-31 00:04:00,CNR7921927954,Success,CID843474,eBike,Varthur,JP Nagar,77.0,90.0,Not Applicable,Not Applicable,No,Not Applicable,1444,Cash,42,3.5,4.6
2024-07-31 08:53:00,CNR4706704705,Success,CID461881,Prime SUV,Koramangala,Kammanahalli,196.0,95.0,Not Applicable,Not Applicable,No,Not Applicable,445,Cash,8,4.8,3.5
2024-07-31 22:11:00,CNR9394019370,Success,CID741071,Prime Sedan,Magadi Road,Sahakar Nagar,98.0,110.0,Not Applicable,Not Applicable,No,Not Applicable,421,Credit Card,3,4.6,4.2
2024-07-31 22:02:00,CNR1000891063,Success,CID807662,Mini,Chamarajpet,Peenya,161.0,100.0,Not Applicable,Not Applicable,No,Not Applicable,776,UPI,38,3.2,4.3
2024-07-31 07:21:00,CNR2689272677,Canceled by Customer,CID486647,Mini,Frazer Town,Sarjapur Road,,,Driver asked to cancel,Not Applicable,Not Applicable,Not Applicable,309,Not Applicable,0,,
2024-07-31 06:15:00,CNR5697815613,Success,CID926624,Auto,Magadi Road,Frazer Town,77.0,145.0,Not Applicable,Not Applicable,No,Not Applicable,192,Cash,2,4.6,3.0
2024-07-31 18:51:00,CNR1041061015,Success,CID337622,Prime Sedan,Tumkur Road,Basavanagudi,287.0,105.0,Not Applicable,Not Applicable,No,Not Applicable,179,Cash,26,3.6,4.9
2024-07-31 01:22:00,CNR4139134144,Success,CID368273,Auto,MG Road,Ramamurthy Nagar,133.0,70.0,Not Applicable,Not Applicable,No,Not Applicable,941,UPI,10,3.6,3.1
2024-07-31 08:19:00,CNR8522388548,Success,CID673203,Prime Sedan,Jayanagar,Sarjapur Road,112.0,85.0,Not Applicable,Not Applicable,No,Not Applicable,173,Cash,27,4.0,3.9
2024-07-31 04:57:00,CNR5311545381,Success,CID740267,Prime Plus,Whitefield,Kadugodi,133.0,145.0,Not Applicable,Not Applicable,No,Not Applicable,2232,Cash,31,4.2,4.1
2024-07-31 13:38:00,CNR8567448503,Canceled by Customer,CID114003,Prime Sedan,Bannerghatta Road,Devanahalli,,,Change of plans,Not Applicable,Not Applicable,Not Applicable,553,Not Applicable,0,,
2024-07-31 16:45:00,CNR1782081748,Canceled by Driver,CID745243,Prime Plus,Tumkur Road,JP Nagar,,,Not Applicable,Personal & Car related issue,Not Applicable,Not Applicable,859,Not Applicable,0,,
2024-07-31 01:33:00,CNR5717595769,Success,CID575017,Prime SUV,Ramamurthy Nagar,Devanahalli,133.0,30.0,Not Applicable,Not Applicable,No,Not Applicable,337,UPI,28,4.6,4.7
2024-07-31 17:24:00,CNR9650809652,Success,CID713742,Bike,Yelahanka,Jayanagar,301.0,90.0,Not Applicable,Not Applicable,No,Not Applicable,222,UPI,36,4.3,4.2
2024-07-31 23:01:00,CNR8207958231,Driver Not Found,CID972532,Prime Sedan,Frazer Town,Varthur,,,Not Applicable,Not Applicable,Not Applicable,Not Applicable,1471,Not Applicable,0,,
2024-07-31 04:49:00,CNR3531943579,Canceled by Driver,CID794675,Prime Plus,Kammanahalli,Majestic,,,Not Applicable,Customer related issue,Not Applicable,Not Applicable,302,Not Applicable,0,,
2024-07-31 12:31:00,CNR2574172543,Canceled by Driver,CID222298,Prime SUV,Chamarajpet,Richmond Town,,,Not Applicable,Customer was coughing/sick,Not Applicable,Not Applicable,378,Not Applicable,0,,
2024-07-31 16:37:00,CNR6331316329,Success,CID784537,Mini,Ramamurthy Nagar,Sarjapur Road,126.0,95.0,Not Applicable,Not Applicable,No,Not Applicable,287,UPI,10,4.7,4.0
2024-07-31 03:55:00,CNR8238448200,Success,CID789124,Prime SUV,Banashankari,Sarjapur Road,147.0,50.0,Not Applicable,Not Applicable,No,Not Applicable,295,Cash,27,3.3,5.0
2024-07-31 05:37:00,CNR9966609948,Success,CID796973,Auto,Basavanagudi,Chickpet,301.0,135.0,Not Applicable,Not Applicable,No,Not Applicable,424,Cash,4,3.1,3.2
2024-07-31 23:42:00,CNR8334048399,Canceled by Customer,CID921208,eBike,Peenya,Whitefield,,,Driver is not moving towards pickup location,Not Applicable,Not Applicable,Not Applicable,619,Not Applicable,0,,
2024-07-31 10:05:00,CNR5183435110,Success,CID247965,Prime Sedan,Frazer Town,Electronic City,266.0,135.0,Not Applicable,Not Applicable,No,Not Applicable,281,Cash,29,3.7,4.6
2024-07-31 00:17:00,CNR8266348237,Canceled by Customer,CID831417,Mini,Frazer Town,Marathahalli,,,Driver asked to cancel,Not Applicable,Not Applicable,Not Applicable,2597,Not Applicable,0,,
2024-07-31 18:17:00,CNR4533374538,Success,CID473270,Prime Sedan,Kadugodi,Banashankari,294.0,105.0,Not Applicable,Not Applicable,No,Not Applicable,220,Cash,6,3.5,4.5
2024-07-31 07:28:00,CNR5786945704,Canceled by Driver,CID278657,Prime Plus,Varthur,Yelahanka,,,Not Applicable,Personal & Car related issue,Not Applicable,Not Applicable,451,Not Applicable,0,,
2024-07-31 15:27:00,CNR4133774153,Success,CID159060,eBike,MG Road,Shantinagar,126.0,130.0,Not Applicable,Not Applicable,No,Not Applicable,111,UPI,43,3.9,4.1
2024-07-31 10:28:00,CNR7051337079,Success,CID688591,eBike,Sahakar Nagar,Chickpet,280.0,105.0,Not Applicable,Not Applicable,No,Not Applicable,508,UPI,7,3.1,3.1
2024-07-31 07:50:00,CNR8638688675,Canceled by Customer,CID265466,eBike,Chickpet,BTM Layout,,,AC is Not working,Not Applicable,Not Applicable,Not Applicable,2752,Not Applicable,0,,
2024-07-31 16:02:00,CNR1916841904,Driver Not Found,CID877087,Prime SUV,Rajajinagar,HSR Layout,,,Not Applicable,Not Applicable,Not Applicable,Not Applicable,403,Not Applicable,0,,
2024-07-31 16:08:00,CNR3537753537,Canceled by Customer,CID593250,Bike,Marathahalli,Bellandur,,,Driver is not moving towards pickup location,Not Applicable,Not Applicable,Not Applicable,172,Not Applicable,0,,
2024-07-31 21:49:00,CNR2655842645,Canceled by Customer,CID403274,Prime Plus,Rajajinagar,Hebbal,,,Driver asked to cancel,Not Applicable,Not Applicable,Not Applicable,412,Not Applicable,0,,
2024-07-31 13:54:00,CNR1895881879,Success,CID646158,Prime Sedan,Peenya,Chickpet,126.0,140.0,Not Applicable,Not Applicable,No,Not Applicable,331,UPI,5,3.1,4.1
2024-07-31 01:24:00,CNR7924877932,Canceled by Driver,CID574823,Bike,Yelahanka,RT Nagar,,,Not Applicable,More than permitted people in there,Not Applicable,Not Applicable,916,Not Applicable,0,,
2024-07-31 16:53:00,CNR5276115256,Driver Not Found,CID335495,Prime SUV,Banashankari,Rajarajeshwari Nagar,,,Not Applicable,Not Applicable,Not Applicable,Not Applicable,1809,Not Applicable,0,,
2024-07-31 01:14:00,CNR6221476220,Success,CID229577,Auto,Yelahanka,Chamarajpet,84.0,135.0,Not Applicable,Not Applicable,No,Not Applicable,312,Debit Card,15,3.1,4.7
2024-07-31 01:13:00,CNR7008667013,Success,CID593865,Auto,Chamarajpet,Bannerghatta Road,308.0,60.0,Not Applicable,Not Applicable,No,Not Applicable,461,Cash,2,3.9,4.4
2024-07-31 12:34:00,CNR9824709846,Success,CID544118,Mini,Hosur Road,Chamarajpet,196.0,40.0,Not Applicable,Not Applicable,No,Not Applicable,725,Cash,16,4.6,3.4
2024-07-31 09:47:00,CNR9446989492,Canceled by Driver,CID977717,Prime SUV,Electronic City,Tumkur Road,,,Not Applicable,Customer related issue,Not Applicable,Not Applicable,485,Not Applicable,0,,
2024-07-31 13:48:00,CNR8041138048,Success,CID356550,Prime Plus,Nagarbhavi,Kengeri,182.0,100.0,Not Applicable,Not Applicable,Yes,Vehicle Breakdown,776,UPI,47,4.0,3.2
2024-07-31 01:03:00,CNR1019221057,Success,CID915319,eBike,Vijayanagar,Tumkur Road,63.0,90.0,Not Applicable,Not Applicable,No,Not Applicable,147,UPI,22,4.0,3.9
2024-07-31 04:48:00,CNR1680741619,Canceled by Driver,CID745256,Bike,Rajarajeshwari Nagar,Indiranagar,,,Not Applicable,More than permitted people in there,Not Applicable,Not Applicable,283,Not Applicable,0,,
2024-07-31 14:09:00,CNR8422588423,Success,CID286292,eBike,Sarjapur Road,Ulsoor,189.0,100.0,Not Applicable,Not Applicable,No,Not Applicable,2635,Cash,21,4.1,3.6
2024-07-31 05:01:00,CNR7212207263,Canceled by Customer,CID334246,eBike,Yeshwanthpur,Kadugodi,,,Driver asked to cancel,Not Applicable,Not Applicable,Not Applicable,224,Not Applicable,0,,
2024-07-31 15:31:00,CNR1212211263,Canceled by Driver,CID945468,Mini,Bellandur,Koramangala,,,Not Applicable,Customer related issue,Not Applicable,Not Applicable,468,Not Applicable,0,,
2024-07-31 01:25:00,CNR8847368833,Success,CID144893,Prime Sedan,RT Nagar,MG Road,182.0,75.0,Not Applicable,Not Applicable,No,Not Applicable,2408,Cash,26,3.8,4.8
2024-07-31 13:56:00,CNR8504108595,Success,CID836942,Prime Sedan,Sarjapur Road,Kadugodi,273.0,135.0,Not Applicable,Not Applicable,No,Not Applicable,1901,Cash,46,3.8,3.0
2024-07-31 01:57:00,CNR2667252630,Driver Not Found,CID300607,Prime SUV,MG Road,Jayanagar,,,Not Applicable,Not Applicable,Not Applicable,Not Applicable,412,Not Applicable,0,,
2024-07-31 10:08:00,CNR6885386873,Success,CID570696,Mini,Varthur,Sarjapur Road,259.0,70.0,Not Applicable,Not Applicable,No,Not Applicable,275,Cash,21,3.2,3.6
2024-07-31 09:46:00,CNR2087832057,Canceled by Driver,CID116966,Mini,Malleshwaram,Mysore Road,,,Not Applicable,Customer related issue,Not Applicable,Not Applicable,991,Not Applicable,0,,
2024-07-31 23:54:00,CNR7743627760,Canceled by Driver,CID929040,Prime Plus,Vijayanagar,Sahakar Nagar,,,Not Applicable,Customer was coughing/sick,Not Applicable,Not Applicable,2388,Not Applicable,0,,
2024-07-31 05:07:00,CNR2535642597,Success,CID368771,Bike,Mysore Road,Hulimavu,126.0,75.0,Not Applicable,Not Applicable,Yes,Customer Demand,435,Cash,39,4.2,3.5
2024-07-31 01:30:00,CNR3685443677,Canceled by Customer,CID760094,Bike,Whitefield,Devanahalli,,,Driver is not moving towards pickup location,Not Applicable,Not Applicable,Not Applicable,384,Not Applicable,0,,
2024-07-31 14:34:00,CNR5811285827,Success,CID500267,Mini,HSR Layout,KR Puram,168.0,75.0,Not Applicable,Not Applicable,No,Not Applicable,306,Cash,45,4.9,4.5
2024-07-31 08:21:00,CNR9723719727,Success,CID883613,Mini,Banashankari,Rajajinagar,126.0,120.0,Not Applicable,Not Applicable,No,Not Applicable,1762,Cash,1,5.0,4.7
2024-07-31 02:50:00,CNR9087769050,Success,CID650590,eBike,MG Road,Chickpet,189.0,105.0,Not Applicable,Not Applicable,No,Not Applicable,566,Cash,42,4.6,4.6
2024-07-31 17:44:00,CNR6969916965,Success,CID843177,Mini,Majestic,Cox Town,49.0,110.0,Not Applicable,Not Applicable,No,Not Applicable,163,Cash,18,3.7,4.1
2024-07-31 14:04:00,CNR6055616099,Success,CID162780,Prime Plus,Magadi Road,Jayanagar,238.0,75.0,Not Applicable,Not Applicable,No,Not Applicable,675,Cash,43,4.3,4.9
2024-07-31 02:51:00,CNR3212013287,Canceled by Driver,CID253918,Prime Plus,Mysore Road,Yelahanka,,,Not Applicable,More than permitted people in there,Not Applicable,Not Applicable,215,Not Applicable,0,,
2024-07-31 08:07:00,CNR6793916756,Canceled by Driver,CID905317,Auto,Rajajinagar,Tumkur Road,,,Not Applicable,Personal & Car related issue,Not Applicable,Not Applicable,175,Not Applicable,0,,
2024-07-31 10:21:00,CNR3870133876,Success,CID273164,Auto,Mysore Road,Majestic,91.0,110.0,Not Applicable,Not Applicable,No,Not Applicable,680,UPI,8,3.8,3.7
2024-07-31 11:35:00,CNR3293353231,Success,CID834205,Auto,Richmond Town,Frazer Town,126.0,125.0,Not Applicable,Not Applicable,No,Not Applicable,438,Cash,15,4.2,4.2
2024-07-31 15:08:00,CNR8045398033,Canceled by Customer,CID399938,Prime Sedan,Banashankari,Hulimavu,,,Change of plans,Not Applicable,Not Applicable,Not Applicable,554,Not Applicable,0,,
2024-07-31 03:53:00,CNR6205166281,Success,CID453776,Auto,Vijayanagar,Bellandur,105.0,35.0,Not Applicable,Not Applicable,Yes,Customer Demand,152,UPI,14,3.3,3.1
2024-07-31 22:18:00,CNR2956172991,Driver Not Found,CID721892,Bike,Bannerghatta Road,Vijayanagar,,,Not Applicable,Not Applicable,Not Applicable,Not Applicable,459,Not Applicable,0,,
2024-07-31 15:21:00,CNR3826523880,Success,CID673418,Prime SUV,Whitefield,Padmanabhanagar,224.0,25.0,Not Applicable,Not Applicable,Yes,Vehicle Breakdown,312,Cash,33,4.8,4.4
2024-07-31 00:30:00,CNR1824301829,Success,CID362114,eBike,Chamarajpet,KR Puram,259.0,110.0,Not Applicable,Not Applicable,No,Not Applicable,189,Credit Card,31,4.7,3.6
2024-07-31 12:42:00,CNR5544025589,Success,CID900531,Prime Sedan,Langford Town,Yelahanka,308.0,90.0,Not Applicable,Not Applicable,No,Not Applicable,864,UPI,2,4.9,3.0
2024-07-31 01:36:00,CNR3054013081,Canceled by Driver,CID272229,Bike,Basavanagudi,BTM Layout,,,Not Applicable,Customer was coughing/sick,Not Applicable,Not Applicable,404,Not Applicable,0,,
2024-07-31 08:33:00,CNR4150054182,Canceled by Customer,CID504875,Mini,Basavanagudi,Nagarbhavi,,,Wrong Address,Not Applicable,Not Applicable,Not Applicable,121,Not Applicable,0,,
2024-07-31 21:30:00,CNR5092345074,Success,CID292472,eBike,MG Road,Kengeri,161.0,115.0,Not Applicable,Not Applicable,No,Not Applicable,478,Credit Card,1,4.9,4.2
2024-07-31 09:27:00,CNR9812749835,Canceled by Customer,CID587870,Bike,Yelahanka,Sarjapur Road,,,Change of plans,Not Applicable,Not Applicable,Not Applicable,264,Not Applicable,0,,
2024-07-31 00:57:00,CNR5812655811,Success,CID373828,Prime Plus,Peenya,KR Puram,210.0,100.0,Not Applicable,Not Applicable,No,Not Applicable,497,UPI,28,3.7,3.6
2024-07-31 23:19:00,CNR5492705480,Success,CID696338,Prime SUV,Padmanabhanagar,Ulsoor,133.0,75.0,Not Applicable,Not Applicable,No,Not Applicable,1334,UPI,43,3.8,4.5
2024-07-31 02:58:00,CNR7896177820,Canceled by Driver,CID913617,Auto,Sarjapur Road,Sahakar Nagar,,,Not Applicable,Personal & Car related issue,Not Applicable,Not Applicable,646,Not Applicable,0,,
2024-07-31 18:56:00,CNR1269221209,Success,CID214932,eBike,KR Puram,Frazer Town,105.0,40.0,Not Applicable,Not Applicable,Yes,Other Issue,421,Cash,31,3.7,4.4
2024-07-31 11:00:00,CNR8700508749,Success,CID427801,Prime Plus,Jayanagar,Indiranagar,308.0,55.0,Not Applicable,Not Applicable,No,Not Applicable,233,Cash,21,4.3,4.7
2024-07-31 09:06:00,CNR5020765011,Success,CID193637,Prime Sedan,HSR Layout,Hulimavu,217.0,105.0,Not Applicable,Not Applicable,No,Not Applicable,479,Cash,11,3.6,4.7
2024-07-31 06:19:00,CNR4407394489,Canceled by Driver,CID394745,Bike,Koramangala,Banashankari,,,Not Applicable,Customer related issue,Not Applicable,Not Applicable,966,Not Applicable,0,,
2024-07-31 15:10:00,CNR4890474884,Success,CID452347,eBike,Yelahanka,Devanahalli,182.0,130.0,Not Applicable,Not Applicable,No,Not Applicable,231,Cash,32,4.8,4.5
2024-07-31 10:34:00,CNR8054508056,Success,CID239413,eBike,Whitefield,Peenya,252.0,50.0,Not Applicable,Not Applicable,No,Not Applicable,256,Cash,45,3.2,4.1
2024-07-31 21:13:00,CNR5037535038,Success,CID419832,Prime Sedan,Hulimavu,Jayanagar,140.0,60.0,Not Applicable,Not Applicable,No,Not Applicable,119,Cash,21,3.9,4.7
2024-07-31 20:32:00,CNR6814576809,Success,CID615699,eBike,Langford Town,Hebbal,84.0,35.0,Not Applicable,Not Applicable,No,Not Applicable,482,Cash,18,4.2,3.8
2024-07-31 17:50:00,CNR4326464364,Driver Not Found,CID925259,Prime SUV,Bellandur,Banashankari,,,Not Applicable,Not Applicable,Not Applicable,Not Applicable,280,Not Applicable,0,,
2024-07-31 16:25:00,CNR9733479764,Success,CID637665,Prime SUV,HSR Layout,Majestic,224.0,30.0,Not Applicable,Not Applicable,No,Not Applicable,800,Cash,23,4.5,4.7
2024-07-31 22:13:00,CNR4843664813,Success,CID430585,Prime Sedan,Koramangala,Kadugodi,266.0,35.0,Not Applicable,Not Applicable,No,Not Applicable,489,UPI,42,4.6,4.9
2024-07-31 01:07:00,CNR1261201215,Success,CID866730,Prime SUV,Peenya,Yelahanka,259.0,25.0,Not Applicable,Not Applicable,No,Not Applicable,391,Cash,24,4.4,4.4
2024-07-31 04:47:00,CNR2772642755,Canceled by Driver,CID704969,Auto,KR Puram,BTM Layout,,,Not Applicable,Customer related issue,Not Applicable,Not Applicable,576,Not Applicable,0,,
2024-07-31 09:37:00,CNR4412484473,Driver Not Found,CID584868,Prime SUV,Varthur,Mysore Road,,,Not Applicable,Not Applicable,Not Applicable,Not Applicable,2286,Not Applicable,0,,
2024-07-31 20:21:00,CNR6607396690,Canceled by Customer,CID783153,Prime Plus,Cox Town,Rajarajeshwari Nagar,,,AC is Not working,Not Applicable,Not Applicable,Not Applicable,2429,Not Applicable,0,,
2024-07-31 21:47:00,CNR7833187893,Success,CID710061,Auto,Banashankari,Richmond Town,98.0,65.0,Not Applicable,Not Applicable,No,Not Applicable,331,Cash,17,4.8,3.1
2024-07-31 22:23:00,CNR4426494409,Success,CID332419,eBike,Electronic City,Langford Town,105.0,35.0,Not Applicable,Not Applicable,No,Not Applicable,1948,Cash,38,4.3,3.5
2024-07-31 06:48:00,CNR7952157978,Success,CID460723,eBike,Bannerghatta Road,Ramamurthy Nagar,273.0,130.0,Not Applicable,Not Applicable,No,Not Applicable,633,Cash,14,4.2,4.0
2024-07-31 19:02:00,CNR2095332035,Canceled by Driver,CID126666,Bike,Majestic,Whitefield,,,Not Applicable,Customer related issue,Not Applicable,Not Applicable,2138,Not Applicable,0,,
2024-07-31 21:47:00,CNR5219155243,Success,CID447468,Prime SUV,Hebbal,MG Road,98.0,130.0,Not Applicable,Not Applicable,No,Not Applicable,180,Cash,8,4.5,4.2
2024-07-31 08:28:00,CNR4015794048,Driver Not Found,CID933027,Mini,Vijayanagar,Malleshwaram,,,Not Applicable,Not Applicable,Not Applicable,Not Applicable,608,Not Applicable,0,,
2024-07-31 00:47:00,CNR6714986700,Canceled by Driver,CID466509,eBike,MG Road,Padmanabhanagar,,,Not Applicable,Personal & Car related issue,Not Applicable,Not Applicable,119,Not Applicable,0,,
2024-07-31 02:30:00,CNR8495688477,Canceled by Driver,CID434472,Prime Sedan,Banashankari,Richmond Town,,,Not Applicable,Customer related issue,Not Applicable,Not Applicable,471,Not Applicable,0,,
2024-07-31 16:07:00,CNR2426682408,Success,CID674416,Prime Sedan,HSR Layout,Ulsoor,56.0,115.0,Not Applicable,Not Applicable,No,Not Applicable,405,Cash,38,3.2,3.3
2024-07-31 01:25:00,CNR2408772445,Success,CID790878,eBike,Shantinagar,Ramamurthy Nagar,126.0,75.0,Not Applicable,Not Applicable,No,Not Applicable,123,Cash,40,3.6,4.1
2024-07-31 02:31:00,CNR3192193129,Canceled by Driver,CID550702,Prime Sedan,Kengeri,MG Road,,,Not Applicable,Personal & Car related issue,Not Applicable,Not Applicable,187,Not Applicable,0,,
2024-07-31 22:00:00,CNR9141939147,Success,CID450422,Prime SUV,Kammanahalli,Hosur Road,210.0,140.0,Not Applicable,Not Applicable,No,Not Applicable,329,Cash,42,4.1,5.0
2024-07-31 06:52:00,CNR3659133676,Success,CID908103,Auto,Kammanahalli,HSR Layout,196.0,35.0,Not Applicable,Not Applicable,No,Not Applicable,683,UPI,5,4.3,3.3
2024-07-31 06:11:00,CNR8666228638,Canceled by Driver,CID929642,Prime Sedan,Hennur,Bellandur,,,Not Applicable,Customer was coughing/sick,Not Applicable,Not Applicable,138,Not Applicable,0,,
2024-07-31 19:01:00,CNR5749585728,Success,CID803499,Mini,Bellandur,Padmanabhanagar,175.0,110.0,Not Applicable,Not Applicable,No,Not Applicable,230,Cash,39,3.9,3.6
2024-07-31 16:07:00,CNR9892099855,Success,CID223089,eBike,Cox Town,HSR Layout,294.0,120.0,Not Applicable,Not Applicable,No,Not Applicable,1110,UPI,26,3.1,5.0
2024-07-31 04:26:00,CNR8364998316,Success,CID670343,Prime Plus,Sarjapur Road,Yeshwanthpur,196.0,55.0,Not Applicable,Not Applicable,No,Not Applicable,295,UPI,30,4.7,3.9
2024-07-31 16:43:00,CNR5359865353,Canceled by Driver,CID337915,Prime Sedan,Ulsoor,Yelahanka,,,Not Applicable,Customer related issue,Not Applicable,Not Applicable,502,Not Applicable,0,,
2024-07-31 14:35:00,CNR8898778840,Canceled by Driver,CID551095,Prime Sedan,Devanahalli,Majestic,,,Not Applicable,Customer was coughing/sick,Not Applicable,Not Applicable,645,Not Applicable,0,,
2024-07-31 00:27:00,CNR4382724376,Canceled by Driver,CID775578,Bike,Sarjapur Road,Marathahalli,,,Not Applicable,Customer related issue,Not Applicable,Not Applicable,951,Not Applicable,0,,
2024-07-31 04:05:00,CNR8697118668,Success,CID281512,eBike,Bannerghatta Road,Chickpet,168.0,80.0,Not Applicable,Not Applicable,No,Not Applicable,2693,Cash,7,3.1,3.4
2024-07-31 15:08:00,CNR8641978699,Success,CID465260,Prime SUV,HSR Layout,Majestic,49.0,60.0,Not Applicable,Not Applicable,No,Not Applicable,479,UPI,8,4.5,4.1
2024-07-31 16:25:00,CNR4979314931,Success,CID146916,Auto,Kadugodi,Hulimavu,84.0,105.0,Not Applicable,Not Applicable,No,Not Applicable,615,Cash,13,3.1,3.9
2024-07-31 07:40:00,CNR5834085887,Success,CID411338,eBike,Tumkur Road,Bannerghatta Road,105.0,80.0,Not Applicable,Not Applicable,No,Not Applicable,171,UPI,1,3.4,3.8
2024-07-31 23:47:00,CNR8006268085,Success,CID726598,Auto,Majestic,Padmanabhanagar,273.0,120.0,Not Applicable,Not Applicable,No,Not Applicable,1030,UPI,10,4.5,3.5
2024-07-31 00:24:00,CNR8287928278,Success,CID427073,Bike,Padmanabhanagar,Varthur,112.0,60.0,Not Applicable,Not Applicable,No,Not Applicable,2350,Cash,19,3.0,4.1
2024-07-31 05:07:00,CNR7183047173,Success,CID351457,Prime Plus,Varthur,HSR Layout,231.0,45.0,Not Applicable,Not Applicable,No,Not Applicable,390,Cash,19,4.8,4.5
2024-07-31 21:35:00,CNR6351946350,Canceled by Driver,CID289929,Prime Plus,KR Puram,Hennur,,,Not Applicable,Personal & Car related issue,Not Applicable,Not Applicable,297,Not Applicable,0,,
2024-07-31 08:54:00,CNR1919401937,Canceled by Customer,CID163314,Mini,Kammanahalli,JP Nagar,,,Wrong Address,Not Applicable,Not Applicable,Not Applicable,291,Not Applicable,0,,
2024-07-31 05:59:00,CNR4271184237,Success,CID323187,Prime Plus,Sarjapur Road,Yelahanka,266.0,90.0,Not Applicable,Not Applicable,No,Not Applicable,184,UPI,41,3.7,4.3
2024-07-31 22:48:00,CNR6893196811,Success,CID406565,Prime Sedan,Sahakar Nagar,Jayanagar,42.0,70.0,Not Applicable,Not Applicable,No,Not Applicable,651,UPI,14,4.0,3.3
2024-07-31 14:20:00,CNR9526259573,Success,CID421671,eBike,Richmond Town,Varthur,238.0,65.0,Not Applicable,Not Applicable,No,Not Applicable,433,UPI,28,3.9,3.8
2024-07-31 19:20:00,CNR5480935435,Canceled by Customer,CID583193,Auto,Peenya,Majestic,,,Driver is not moving towards pickup location,Not Applicable,Not Applicable,Not Applicable,313,Not Applicable,0,,
2024-07-31 00:18:00,CNR7543247559,Success,CID405725,Prime SUV,Hebbal,Majestic,203.0,40.0,Not Applicable,Not Applicable,No,Not Applicable,398,UPI,44,3.4,5.0
2024-07-31 16:43:00,CNR1396511363,Canceled by Driver,CID195760,Auto,Hosur Road,Kengeri,,,Not Applicable,Personal & Car related issue,Not Applicable,Not Applicable,414,Not Applicable,0,,
2024-07-31 19:31:00,CNR8307288328,Driver Not Found,CID548983,Prime SUV,RT Nagar,Ulsoor,,,Not Applicable,Not Applicable,Not Applicable,Not Applicable,651,Not Applicable,0,,
2024-07-31 06:02:00,CNR5936875950,Success,CID886294,Bike,Nagarbhavi,Rajajinagar,259.0,135.0,Not Applicable,Not Applicable,No,Not Applicable,102,UPI,41,3.9,4.9
2024-07-31 15:30:00,CNR2574542535,Success,CID102243,Prime SUV,Banashankari,Tumkur Road,175.0,140.0,Not Applicable,Not Applicable,No,Not Applicable,497,Cash,11,3.6,3.6
2024-07-31 15:24:00,CNR3245083276,Success,CID184811,Mini,Ramamurthy Nagar,Cox Town,217.0,105.0,Not Applicable,Not Applicable,No,Not Applicable,572,Cash,10,3.5,4.6
2024-07-31 17:28:00,CNR2448382461,Success,CID415357,Prime Plus,Chickpet,Hennur,294.0,95.0,Not Applicable,Not Applicable,No,Not Applicable,365,UPI,43,3.8,3.2
2024-07-31 04:02:00,CNR3048403045,Canceled by Customer,CID501463,Auto,Shivajinagar,Majestic,,,Driver is not moving towards pickup location,Not Applicable,Not Applicable,Not Applicable,1439,Not Applicable,0,,
2024-07-31 20:53:00,CNR1992771964,Success,CID698587,eBike,BTM Layout,Varthur,238.0,60.0,Not Applicable,Not Applicable,No,Not Applicable,995,UPI,22,4.2,4.5
2024-07-31 19:40:00,CNR6322996315,Canceled by Driver,CID688863,Prime SUV,Frazer Town,Bannerghatta Road,,,Not Applicable,Customer related issue,Not Applicable,Not Applicable,572,Not Applicable,0,,
2024-07-31 13:53:00,CNR4920184924,Driver Not Found,CID100616,Bike,Frazer Town,Kengeri,,,Not Applicable,Not Applicable,Not Applicable,Not Applicable,692,Not Applicable,0,,
2024-07-31 10:24:00,CNR5478495431,Canceled by Driver,CID544639,Bike,Vijayanagar,Magadi Road,,,Not Applicable,Personal & Car related issue,Not Applicable,Not Applicable,409,Not Applicable,0,,
2024-07-31 00:51:00,CNR2725952708,Success,CID384787,Prime Plus,Sahakar Nagar,Kadugodi,140.0,30.0,Not Applicable,Not Applicable,No,Not Applicable,348,Cash,46,4.4,3.2
2024-07-31 02:38:00,CNR6466306402,Success,CID480024,eBike,Bellandur,Chickpet,273.0,65.0,Not Applicable,Not Applicable,No,Not Applicable,361,Cash,42,3.1,3.6
2024-07-31 09:45:00,CNR1396671377,Canceled by Customer,CID863960,Auto,Koramangala,Richmond Town,,,AC is Not working,Not Applicable,Not Applicable,Not Applicable,424,Not Applicable,0,,
2024-07-31 23:56:00,CNR8006928045,Driver Not Found,CID243957,Prime Sedan,Nagarbhavi,Nagarbhavi,,,Not Applicable,Not Applicable,Not Applicable,Not Applicable,267,Not Applicable,0,,
2024-07-31 18:53:00,CNR2676262634,Success,CID278552,Prime Plus,Shantinagar,Kadugodi,133.0,70.0,Not Applicable,Not Applicable,No,Not Applicable,224,UPI,40,3.0,3.9
2024-07-31 22:39:00,CNR5973645925,Canceled by Customer,CID412590,eBike,Varthur,JP Nagar,,,Wrong Address,Not Applicable,Not Applicable,Not Applicable,130,Not Applicable,0,,
2024-07-31 17:50:00,CNR1581121574,Success,CID859491,Prime Sedan,Devanahalli,Yeshwanthpur,252.0,75.0,Not Applicable,Not Applicable,No,Not Applicable,423,UPI,33,3.6,4.1
2024-07-31 23:30:00,CNR4617944664,Success,CID877128,Prime Plus,Rajarajeshwari Nagar,JP Nagar,63.0,135.0,Not Applicable,Not Applicable,Yes,Customer Demand,566,UPI,39,3.4,3.4
2024-07-31 20:37:00,CNR3955933996,Success,CID418657,Prime SUV,Magadi Road,Shantinagar,259.0,60.0,Not Applicable,Not Applicable,No,Not Applicable,375,Cash,25,3.8,3.5
2024-07-31 23:08:00,CNR6203456225,Success,CID664109,eBike,Bannerghatta Road,BTM Layout,231.0,135.0,Not Applicable,Not Applicable,No,Not Applicable,551,Cash,34,4.6,3.2
2024-07-31 21:06:00,CNR7012097027,Success,CID931431,Prime SUV,Mysore Road,Devanahalli,133.0,125.0,Not Applicable,Not Applicable,No,Not Applicable,631,UPI,9,3.9,3.3
2024-07-31 19:38:00,CNR8892098807,Canceled by Customer,CID244536,Bike,RT Nagar,JP Nagar,,,AC is Not working,Not Applicable,Not Applicable,Not Applicable,286,Not Applicable,0,,
2024-07-31 23:29:00,CNR9824599841,Canceled by Driver,CID955354,eBike,RT Nagar,Magadi Road,,,Not Applicable,Personal & Car related issue,Not Applicable,Not Applicable,289,Not Applicable,0,,
2024-07-31 08:39:00,CNR3964673950,Success,CID462719,Prime Plus,Vijayanagar,Malleshwaram,196.0,140.0,Not Applicable,Not Applicable,No,Not Applicable,489,Cash,38,4.5,3.2
2024-07-31 23:18:00,CNR3723863779,Success,CID684669,Bike,Koramangala,Ulsoor,70.0,95.0,Not Applicable,Not Applicable,No,Not Applicable,255,Cash,23,4.7,5.0
2024-07-31 22:02:00,CNR6724826775,Success,CID554341,Prime Plus,Kammanahalli,Electronic City,189.0,45.0,Not Applicable,Not Applicable,No,Not Applicable,141,Cash,11,3.7,4.6
2024-07-31 20:23:00,CNR7408657468,Success,CID263154,Bike,Chickpet,Richmond Town,301.0,80.0,Not Applicable,Not Applicable,No,Not Applicable,399,Cash,44,3.2,4.9
2024-07-31 04:10:00,CNR4923784988,Success,CID157292,Prime Sedan,Banashankari,Hulimavu,84.0,30.0,Not Applicable,Not Applicable,No,Not Applicable,1803,UPI,1,4.6,4.0
2024-07-31 07:49:00,CNR4764214725,Canceled by Driver,CID423937,eBike,Chickpet,MG Road,,,Not Applicable,Personal & Car related issue,Not Applicable,Not Applicable,215,Not Applicable,0,,
2024-07-31 07:11:00,CNR2468012471,Canceled by Driver,CID761794,Mini,Hosur Road,Ulsoor,,,Not Applicable,Personal & Car related issue,Not Applicable,Not Applicable,438,Not Applicable,0,,
2024-07-31 13:04:00,CNR5138655128,Canceled by Driver,CID891417,Auto,Padmanabhanagar,Yeshwanthpur,,,Not Applicable,Personal & Car related issue,Not Applicable,Not Applicable,204,Not Applicable,0,,
2024-07-31 14:02:00,CNR1177211166,Canceled by Driver,CID608665,Prime SUV,Cox Town,Hebbal,,,Not Applicable,Customer was coughing/sick,Not Applicable,Not Applicable,555,Not Applicable,0,,
2024-07-31 06:21:00,CNR9691819684,Success,CID398334,Prime Plus,Yelahanka,Devanahalli,91.0,65.0,Not Applicable,Not Applicable,No,Not Applicable,116,Cash,31,3.6,3.4
2024-07-31 01:07:00,CNR2374532351,Success,CID817159,Bike,Banashankari,Bellandur,42.0,95.0,Not Applicable,Not Applicable,No,Not Applicable,294,UPI,7,3.6,4.9
2024-07-31 12:07:00,CNR2201512241,Driver Not Found,CID638377,Prime Sedan,Sahakar Nagar,Hebbal,,,Not Applicable,Not Applicable,Not Applicable,Not Applicable,176,Not Applicable,0,,
2024-07-31 21:48:00,CNR1753211720,Canceled by Driver,CID814201,Bike,Hebbal,RT Nagar,,,Not Applicable,More than permitted people in there,Not Applicable,Not Applicable,432,Not Applicable,0,,
2024-07-31 21:34:00,CNR8406388439,Driver Not Found,CID806039,Prime Sedan,Kammanahalli,MG Road,,,Not Applicable,Not Applicable,Not Applicable,Not Applicable,265,Not Applicable,0,,
2024-07-31 21:16:00,CNR6641906636,Success,CID293664,Auto,Marathahalli,Hennur,308.0,130.0,Not Applicable,Not Applicable,No,Not Applicable,395,UPI,8,4.4,4.8
2024-07-31 09:20:00,CNR7802257898,Success,CID347423,Bike,JP Nagar,Richmond Town,210.0,115.0,Not Applicable,Not Applicable,No,Not Applicable,535,Cash,42,3.7,4.4
2024-07-31 19:46:00,CNR3341013384,Driver Not Found,CID914399,Prime Plus,Kengeri,Richmond Town,,,Not Applicable,Not Applicable,Not Applicable,Not Applicable,487,Not Applicable,0,,
2024-07-31 06:26:00,CNR2374752310,Success,CID908696,eBike,Hebbal,Chickpet,35.0,90.0,Not Applicable,Not Applicable,No,Not Applicable,352,Cash,21,3.2,3.7
2024-07-31 21:05:00,CNR6370506300,Canceled by Customer,CID823092,Auto,Indiranagar,Basavanagudi,,,Driver is not moving towards pickup location,Not Applicable,Not Applicable,Not Applicable,478,Not Applicable,0,,
2024-07-31 05:49:00,CNR9741389784,Driver Not Found,CID648502,eBike,Peenya,Mysore Road,,,Not Applicable,Not Applicable,Not Applicable,Not Applicable,229,Not Applicable,0,,
2024-07-31 11:44:00,CNR7588367555,Success,CID374676,Bike,Hulimavu,Hennur,196.0,40.0,Not Applicable,Not Applicable,No,Not Applicable,492,UPI,3,4.6,3.4
2024-07-31 04:56:00,CNR8062438082,Success,CID918985,eBike,Banashankari,Yelahanka,49.0,35.0,Not Applicable,Not Applicable,No,Not Applicable,141,Cash,3,3.2,5.0
2024-07-31 23:48:00,CNR2217342277,Success,CID872030,Bike,Rajajinagar,Hennur,147.0,100.0,Not Applicable,Not Applicable,No,Not Applicable,314,Cash,22,4.9,3.6
2024-07-31 21:04:00,CNR1818331819,Success,CID711487,Prime SUV,Hennur,Shantinagar,154.0,60.0,Not Applicable,Not Applicable,No,Not Applicable,401,Cash,49,4.0,4.2
2024-07-31 01:52:00,CNR6130376139,Canceled by Customer,CID378747,Auto,Malleshwaram,Mysore Road,,,Change of plans,Not Applicable,Not Applicable,Not Applicable,357,Not Applicable,0,,
2024-07-31 07:23:00,CNR3627873622,Canceled by Driver,CID578652,Prime Sedan,Banashankari,Yeshwanthpur,,,Not Applicable,Customer related issue,Not Applicable,Not Applicable,614,Not Applicable,0,,
2024-07-31 15:22:00,CNR1029061042,Canceled by Customer,CID629186,Mini,Rajarajeshwari Nagar,Indiranagar,,,Driver is not moving towards pickup location,Not Applicable,Not Applicable,Not Applicable,686,Not Applicable,0,,
2024-07-31 15:01:00,CNR7981757956,Driver Not Found,CID492835,Bike,Magadi Road,Rajajinagar,,,Not Applicable,Not Applicable,Not Applicable,Not Applicable,136,Not Applicable,0,,
2024-07-31 15:11:00,CNR8260578222,Success,CID347098,Prime Plus,Whitefield,Nagarbhavi,189.0,55.0,Not Applicable,Not Applicable,No,Not Applicable,526,UPI,8,4.2,3.5
2024-07-31 08:13:00,CNR1941481970,Driver Not Found,CID420675,Mini,KR Puram,Magadi Road,,,Not Applicable,Not Applicable,Not Applicable,Not Applicable,998,Not Applicable,0,,
2024-07-31 22:56:00,CNR7496087460,Success,CID224182,Bike,Sahakar Nagar,Rajajinagar,119.0,130.0,Not Applicable,Not Applicable,No,Not Applicable,380,UPI,25,3.3,3.7
2024-07-31 19:30:00,CNR9492149453,Success,CID898060,Auto,Chamarajpet,KR Puram,112.0,35.0,Not Applicable,Not Applicable,No,Not Applicable,475,UPI,19,3.8,4.2
2024-07-31 17:03:00,CNR1972591981,Success,CID286369,Auto,Electronic City,MG Road,105.0,105.0,Not Applicable,Not Applicable,No,Not Applicable,143,UPI,8,4.4,4.8
2024-07-31 13:50:00,CNR3779543701,Success,CID804667,Bike,Kengeri,Koramangala,91.0,120.0,Not Applicable,Not Applicable,No,Not Applicable,246,Cash,4,3.8,4.1
2024-07-31 01:34:00,CNR7719237731,Driver Not Found,CID899589,eBike,Hennur,Kammanahalli,,,Not Applicable,Not Applicable,Not Applicable,Not Applicable,433,Not Applicable,0,,
2024-07-31 20:16:00,CNR5886645896,Success,CID784276,eBike,Magadi Road,Mysore Road,196.0,80.0,Not Applicable,Not Applicable,No,Not Applicable,2042,Cash,36,4.1,5.0
2024-07-31 05:59:00,CNR6607546644,Success,CID948673,Bike,Electronic City,Hennur,203.0,120.0,Not Applicable,Not Applicable,No,Not Applicable,188,Cash,22,4.5,4.4
2024-07-31 01:07:00,CNR7888567890,Success,CID998698,Prime SUV,Kadugodi,HSR Layout,203.0,65.0,Not Applicable,Not Applicable,No,Not Applicable,468,Cash,16,3.2,4.1
2024-07-31 18:36:00,CNR1849141802,Success,CID493678,eBike,Koramangala,Tumkur Road,196.0,105.0,Not Applicable,Not Applicable,No,Not Applicable,421,UPI,3,3.4,3.9
2024-07-31 14:37:00,CNR1315921333,Success,CID538395,Prime Sedan,Nagarbhavi,Tumkur Road,238.0,110.0,Not Applicable,Not Applicable,No,Not Applicable,988,Cash,20,4.1,4.6
2024-07-31 08:11:00,CNR9207529221,Success,CID316646,Prime SUV,Kadugodi,Varthur,287.0,30.0,Not Applicable,Not Applicable,No,Not Applicable,344,UPI,45,3.1,3.8
2024-07-31 09:11:00,CNR4787184735,Driver Not Found,CID717538,Mini,Kammanahalli,Vijayanagar,,,Not Applicable,Not Applicable,Not Applicable,Not Applicable,378,Not Applicable,0,,
2024-07-31 11:56:00,CNR8926418998,Canceled by Customer,CID747761,eBike,Yeshwanthpur,JP Nagar,,,Driver asked to cancel,Not Applicable,Not Applicable,Not Applicable,403,Not Applicable,0,,
2024-07-31 01:10:00,CNR8272938200,Canceled by Customer,CID342898,Prime Sedan,Shivajinagar,Marathahalli,,,Driver is not moving towards pickup location,Not Applicable,Not Applicable,Not Applicable,270,Not Applicable,0,,
2024-07-31 22:12:00,CNR7116857148,Driver Not Found,CID576868,Prime Plus,Magadi Road,Tumkur Road,,,Not Applicable,Not Applicable,Not Applicable,Not Applicable,418,Not Applicable,0,,
2024-07-31 00:30:00,CNR8299118271,Success,CID286666,eBike,KR Puram,Malleshwaram,245.0,40.0,Not Applicable,Not Applicable,No,Not Applicable,420,UPI,29,4.1,3.2
2024-07-31 09:13:00,CNR9756559767,Canceled by Customer,CID153423,Bike,RT Nagar,KR Puram,,,Change of plans,Not Applicable,Not Applicable,Not Applicable,367,Not Applicable,0,,
2024-07-31 04:47:00,CNR5561205542,Success,CID490255,Prime Plus,Magadi Road,Ulsoor,126.0,65.0,Not Applicable,Not Applicable,No,Not Applicable,509,Cash,4,4.9,4.7
2024-07-31 13:43:00,CNR2530652558,Success,CID812778,eBike,Varthur,Ramamurthy Nagar,91.0,35.0,Not Applicable,Not Applicable,No,Not Applicable,273,UPI,13,4.1,3.8
2024-07-31 00:39:00,CNR5713455759,Driver Not Found,CID160004,Bike,Kadugodi,Padmanabhanagar,,,Not Applicable,Not Applicable,Not Applicable,Not Applicable,371,Not Applicable,0,,
2024-07-31 23:04:00,CNR3751073786,Success,CID312220,Bike,Devanahalli,Indiranagar,168.0,140.0,Not Applicable,Not Applicable,No,Not Applicable,262,Cash,15,3.0,4.1
2024-07-31 02:32:00,CNR3005033034,Canceled by Customer,CID608247,eBike,Ulsoor,Tumkur Road,,,Driver is not moving towards pickup location,Not Applicable,Not Applicable,Not Applicable,103,Not Applicable,0,,
2024-07-31 11:14:00,CNR2557152569,Canceled by Driver,CID758824,Auto,Hennur,Richmond Town,,,Not Applicable,Customer related issue,Not Applicable,Not Applicable,146,Not Applicable,0,,
2024-07-31 10:58:00,CNR7016827054,Success,CID133054,Prime Sedan,Nagarbhavi,MG Road,112.0,40.0,Not Applicable,Not Applicable,No,Not Applicable,366,UPI,31,4.0,3.4
2024-07-31 17:44:00,CNR4861794804,Canceled by Customer,CID574091,Mini,MG Road,RT Nagar,,,Change of plans,Not Applicable,Not Applicable,Not Applicable,585,Not Applicable,0,,
2024-07-31 09:58:00,CNR2933092914,Success,CID399604,Mini,Shivajinagar,HSR Layout,77.0,125.0,Not Applicable,Not Applicable,No,Not Applicable,420,UPI,18,4.4,4.8
2024-07-31 13:15:00,CNR1623431687,Success,CID685747,Mini,Hennur,Hennur,238.0,80.0,Not Applicable,Not Applicable,No,Not Applicable,343,Cash,2,4.7,4.0
2024-07-31 18:08:00,CNR3788723768,Success,CID817993,Prime Sedan,HSR Layout,Sahakar Nagar,63.0,85.0,Not Applicable,Not Applicable,No,Not Applicable,502,UPI,49,4.8,4.7
2024-07-31 14:01:00,CNR5602205616,Success,CID745207,Prime Plus,Ulsoor,Indiranagar,126.0,55.0,Not Applicable,Not Applicable,No,Not Applicable,132,UPI,37,3.1,4.4
2024-07-31 05:59:00,CNR9650679675,Canceled by Customer,CID495574,Prime Plus,Ulsoor,Indiranagar,,,AC is Not working,Not Applicable,Not Applicable,Not Applicable,254,Not Applicable,0,,
2024-07-31 23:23:00,CNR8048498061,Driver Not Found,CID763253,Prime Sedan,KR Puram,Rajajinagar,,,Not Applicable,Not Applicable,Not Applicable,Not Applicable,805,Not Applicable,0,,
2024-07-31 03:03:00,CNR7710597702,Success,CID459751,Mini,RT Nagar,Kadugodi,63.0,45.0,Not Applicable,Not Applicable,No,Not Applicable,2060,UPI,5,3.1,4.7
2024-07-31 19:27:00,CNR6913506981,Driver Not Found,CID172848,Prime SUV,Sahakar Nagar,Varthur,,,Not Applicable,Not Applicable,Not Applicable,Not Applicable,468,Not Applicable,0,,
2024-07-31 09:39:00,CNR5393575356,Success,CID231108,Auto,Ramamurthy Nagar,Nagarbhavi,259.0,65.0,Not Applicable,Not Applicable,No,Not Applicable,780,Cash,6,5.0,4.7
2024-07-31 18:27:00,CNR1639991626,Success,CID737954,Auto,Chamarajpet,Nagarbhavi,189.0,45.0,Not Applicable,Not Applicable,No,Not Applicable,651,Cash,6,3.4,4.2
2024-07-31 12:01:00,CNR9314499382,Success,CID957582,Prime Sedan,Tumkur Road,BTM Layout,140.0,30.0,Not Applicable,Not Applicable,No,Not Applicable,239,Cash,21,4.1,4.4
2024-07-31 16:28:00,CNR1812351884,Success,CID623125,eBike,Cox Town,Mysore Road,133.0,100.0,Not Applicable,Not Applicable,No,Not Applicable,309,Cash,38,3.1,3.0
2024-07-31 06:50:00,CNR9298739222,Success,CID857281,Mini,Rajajinagar,Ulsoor,189.0,130.0,Not Applicable,Not Applicable,No,Not Applicable,818,Cash,34,3.1,3.1
2024-07-31 14:31:00,CNR8912148989,Canceled by Driver,CID851399,Mini,Whitefield,Ulsoor,,,Not Applicable,Customer was coughing/sick,Not Applicable,Not Applicable,236,Not Applicable,0,,
2024-07-31 00:49:00,CNR3887733847,Success,CID909439,Auto,Majestic,Varthur,126.0,120.0,Not Applicable,Not Applicable,No,Not Applicable,114,UPI,11,4.2,4.3
2024-07-31 03:06:00,CNR7415567453,Success,CID809717,Auto,Varthur,Marathahalli,287.0,90.0,Not Applicable,Not Applicable,No,Not Applicable,451,Cash,11,4.3,3.9
2024-07-31 22:28:00,CNR6321136347,Success,CID251175,Bike,Richmond Town,Varthur,63.0,130.0,Not Applicable,Not Applicable,No,Not Applicable,539,Credit Card,24,3.8,4.1
2024-07-31 01:57:00,CNR1414941459,Success,CID109928,Prime Sedan,Cox Town,Langford Town,217.0,45.0,Not Applicable,Not Applicable,No,Not Applicable,800,UPI,31,4.6,3.7
2024-07-31 01:50:00,CNR4364134382,Canceled by Driver,CID186516,Prime Sedan,MG Road,Ulsoor,,,Not Applicable,Customer was coughing/sick,Not Applicable,Not Applicable,491,Not Applicable,0,,
2024-07-31 06:52:00,CNR2611632601,Canceled by Driver,CID726157,Auto,Nagarbhavi,KR Puram,,,Not Applicable,Personal & Car related issue,Not Applicable,Not Applicable,253,Not Applicable,0,,
2024-07-31 12:28:00,CNR8336538364,Canceled by Driver,CID115382,Prime Plus,Chamarajpet,Cox Town,,,Not Applicable,Personal & Car related issue,Not Applicable,Not Applicable,328,Not Applicable,0,,
2024-07-31 12:08:00,CNR9909079927,Success,CID502905,Bike,HSR Layout,Shivajinagar,224.0,100.0,Not Applicable,Not Applicable,No,Not Applicable,336,Cash,22,4.6,4.7
2024-07-31 14:12:00,CNR6452506428,Success,CID856761,eBike,Bellandur,Devanahalli,175.0,55.0,Not Applicable,Not Applicable,No,Not Applicable,741,UPI,12,3.4,4.9
2024-07-31 18:41:00,CNR1853841866,Success,CID753656,Auto,Bellandur,KR Puram,56.0,80.0,Not Applicable,Not Applicable,No,Not Applicable,470,UPI,1,3.2,4.1
2024-07-31 07:26:00,CNR4365024372,Success,CID399590,eBike,Sarjapur Road,Ramamurthy Nagar,35.0,55.0,Not Applicable,Not Applicable,No,Not Applicable,357,Cash,28,4.0,4.5
2024-07-31 18:00:00,CNR8941188967,Driver Not Found,CID518292,Bike,Jayanagar,Ulsoor,,,Not Applicable,Not Applicable,Not Applicable,Not Applicable,403,Not Applicable,0,,
2024-07-31 23:52:00,CNR7424507498,Success,CID448973,Auto,Rajarajeshwari Nagar,Malleshwaram,77.0,70.0,Not Applicable,Not Applicable,No,Not Applicable,195,Cash,17,4.6,4.8
2024-07-31 07:19:00,CNR9499639428,Success,CID649452,Prime Sedan,Banashankari,Hebbal,273.0,110.0,Not Applicable,Not Applicable,No,Not Applicable,671,UPI,3,4.8,4.3
2024-07-31 04:30:00,CNR3571823511,Canceled by Customer,CID699418,Prime Plus,Magadi Road,Malleshwaram,,,Change of plans,Not Applicable,Not Applicable,Not Applicable,712,Not Applicable,0,,
2024-07-31 02:01:00,CNR5834845858,Success,CID707372,Auto,Rajarajeshwari Nagar,Shivajinagar,210.0,135.0,Not Applicable,Not Applicable,No,Not Applicable,492,UPI,9,4.3,4.1
2024-07-31 16:32:00,CNR5484015466,Canceled by Driver,CID999162,Bike,Sahakar Nagar,Rajajinagar,,,Not Applicable,More than permitted people in there,Not Applicable,Not Applicable,546,Not Applicable,0,,
2024-07-31 19:47:00,CNR6264396223,Success,CID273229,Prime Sedan,Kadugodi,Bellandur,280.0,35.0,Not Applicable,Not Applicable,No,Not Applicable,136,Cash,5,5.0,4.2
2024-07-31 05:06:00,CNR1168971115,Success,CID934977,eBike,Banashankari,Padmanabhanagar,217.0,125.0,Not Applicable,Not Applicable,No,Not Applicable,466,UPI,45,4.8,3.2
2024-07-31 20:41:00,CNR5629255644,Success,CID225993,Prime Plus,Kadugodi,Marathahalli,140.0,45.0,Not Applicable,Not Applicable,No,Not Applicable,673,Cash,26,3.6,4.2
2024-07-31 08:06:00,CNR7065597056,Success,CID258604,Mini,Frazer Town,BTM Layout,63.0,95.0,Not Applicable,Not Applicable,No,Not Applicable,476,Cash,49,4.6,4.9
2024-07-31 13:20:00,CNR4510304578,Canceled by Customer,CID797876,eBike,Yeshwanthpur,Magadi Road,,,AC is Not working,Not Applicable,Not Applicable,Not Applicable,483,Not Applicable,0,,
2024-07-31 16:02:00,CNR4617284649,Driver Not Found,CID234583,Auto,Tumkur Road,Vijayanagar,,,Not Applicable,Not Applicable,Not Applicable,Not Applicable,535,Not Applicable,0,,
2024-07-31 01:20:00,CNR4323594383,Canceled by Driver,CID717323,Bike,Kadugodi,Kammanahalli,,,Not Applicable,Customer related issue,Not Applicable,Not Applicable,302,Not Applicable,0,,
2024-07-31 01:07:00,CNR1835121859,Success,CID770195,Prime SUV,Frazer Town,Yelahanka,182.0,135.0,Not Applicable,Not Applicable,No,Not Applicable,493,Cash,4,3.1,3.3
2024-07-31 20:03:00,CNR9392489386,Success,CID463979,eBike,Kammanahalli,Kadugodi,63.0,115.0,Not Applicable,Not Applicable,No,Not Applicable,848,Cash,27,4.2,3.9
2024-07-31 15:33:00,CNR2867262888,Canceled by Customer,CID741774,eBike,Rajarajeshwari Nagar,Rajarajeshwari Nagar,,,Driver is not moving towards pickup location,Not Applicable,Not Applicable,Not Applicable,488,Not Applicable,0,,
2024-07-31 05:31:00,CNR7241517294,Canceled by Customer,CID995730,Auto,Sarjapur Road,Chickpet,,,AC is Not working,Not Applicable,Not Applicable,Not Applicable,398,Not Applicable,0,,
2024-07-31 07:31:00,CNR2658042664,Success,CID234955,Prime Plus,Magadi Road,Marathahalli,287.0,45.0,Not Applicable,Not Applicable,No,Not Applicable,1312,UPI,9,3.3,4.9
2024-07-31 07:16:00,CNR8639878657,Canceled by Customer,CID821168,Prime Sedan,Kadugodi,Shantinagar,,,Driver is not moving towards pickup location,Not Applicable,Not Applicable,Not Applicable,527,Not Applicable,0,,
2024-07-31 02:11:00,CNR1002331005,Canceled by Driver,CID534817,eBike,KR Puram,KR Puram,,,Not Applicable,Personal & Car related issue,Not Applicable,Not Applicable,1958,Not Applicable,0,,
2024-07-31 15:18:00,CNR8372358329,Success,CID830565,Prime SUV,Hosur Road,Nagarbhavi,259.0,30.0,Not Applicable,Not Applicable,No,Not Applicable,153,Cash,10,4.9,3.7
2024-07-31 16:33:00,CNR2872792802,Driver Not Found,CID403872,Prime SUV,RT Nagar,HSR Layout,,,Not Applicable,Not Applicable,Not Applicable,Not Applicable,250,Not Applicable,0,,
2024-07-31 14:09:00,CNR8460968411,Canceled by Driver,CID180165,Mini,Langford Town,Shantinagar,,,Not Applicable,Customer related issue,Not Applicable,Not Applicable,486,Not Applicable,0,,
2024-07-31 06:03:00,CNR2004302041,Success,CID210926,Auto,Bannerghatta Road,Electronic City,210.0,120.0,Not Applicable,Not Applicable,No,Not Applicable,275,Cash,14,4.1,3.2
2024-07-31 23:13:00,CNR8231548278,Success,CID746702,Prime Plus,Ramamurthy Nagar,Chamarajpet,280.0,115.0,Not Applicable,Not Applicable,No,Not Applicable,283,UPI,13,3.2,4.2
2024-07-31 09:49:00,CNR2225962202,Success,CID860952,Mini,Sarjapur Road,Mysore Road,245.0,135.0,Not Applicable,Not Applicable,No,Not Applicable,610,UPI,34,4.0,3.5
2024-07-31 12:20:00,CNR2025582078,Success,CID886459,Bike,Rajajinagar,Cox Town,63.0,65.0,Not Applicable,Not Applicable,No,Not Applicable,288,Cash,17,4.2,4.1
2024-07-31 21:09:00,CNR2000942058,Success,CID350805,Auto,Cox Town,Peenya,112.0,55.0,Not Applicable,Not Applicable,No,Not Applicable,935,UPI,8,3.1,3.9
2024-07-31 04:30:00,CNR4078584075,Canceled by Driver,CID953826,Bike,Sarjapur Road,Nagarbhavi,,,Not Applicable,Customer related issue,Not Applicable,Not Applicable,459,Not Applicable,0,,
2024-07-31 09:25:00,CNR9527559536,Success,CID546745,Prime Sedan,Shivajinagar,Electronic City,98.0,55.0,Not Applicable,Not Applicable,No,Not Applicable,1083,UPI,38,4.5,4.6
2024-07-31 08:44:00,CNR4579494583,Success,CID240726,Mini,Hulimavu,Peenya,112.0,130.0,Not Applicable,Not Applicable,No,Not Applicable,473,Cash,4,3.0,3.7
2024-07-31 19:21:00,CNR1103371194,Canceled by Customer,CID227994,Prime SUV,Magadi Road,Kadugodi,,,Wrong Address,Not Applicable,Not Applicable,Not Applicable,710,Not Applicable,0,,
2024-07-31 17:19:00,CNR2352562359,Success,CID603883,Mini,Indiranagar,KR Puram,140.0,75.0,Not Applicable,Not Applicable,No,Not Applicable,765,Cash,34,3.7,4.8
2024-07-31 02:24:00,CNR8529828569,Canceled by Driver,CID492281,Auto,Mysore Road,Chickpet,,,Not Applicable,Customer related issue,Not Applicable,Not Applicable,288,Not Applicable,0,,
2024-07-31 23:00:00,CNR3736563707,Success,CID994040,Mini,Indiranagar,Mysore Road,259.0,130.0,Not Applicable,Not Applicable,No,Not Applicable,246,Cash,3,4.6,3.3
2024-07-31 07:51:00,CNR3248803208,Success,CID403285,Mini,Vijayanagar,Mysore Road,161.0,30.0,Not Applicable,Not Applicable,No,Not Applicable,429,UPI,10,3.4,3.9
2024-07-31 21:27:00,CNR9180779198,Canceled by Customer,CID791107,Prime Plus,Indiranagar,Kammanahalli,,,Driver asked to cancel,Not Applicable,Not Applicable,Not Applicable,353,Not Applicable,0,,
2024-07-31 06:04:00,CNR9429359454,Canceled by Driver,CID360189,Prime Plus,Ulsoor,KR Puram,,,Not Applicable,Personal & Car related issue,Not Applicable,Not Applicable,691,Not Applicable,0,,
2024-07-31 16:35:00,CNR7638047615,Success,CID947728,Prime SUV,MG Road,Basavanagudi,189.0,60.0,Not Applicable,Not Applicable,No,Not Applicable,167,UPI,30,3.8,3.7
2024-07-31 15:54:00,CNR1252571202,Success,CID233097,eBike,Langford Town,Sarjapur Road,273.0,25.0,Not Applicable,Not Applicable,No,Not Applicable,203,UPI,31,3.2,3.1
2024-07-31 01:20:00,CNR6534276591,Success,CID442034,Bike,MG Road,Majestic,70.0,105.0,Not Applicable,Not Applicable,No,Not Applicable,375,UPI,7,3.8,4.4
2024-07-31 06:15:00,CNR7115067151,Canceled by Customer,CID458445,Mini,BTM Layout,Kengeri,,,Wrong Address,Not Applicable,Not Applicable,Not Applicable,490,Not Applicable,0,,
2024-07-31 16:38:00,CNR4877384800,Success,CID974489,Prime Plus,Cox Town,BTM Layout,56.0,60.0,Not Applicable,Not Applicable,No,Not Applicable,2273,UPI,34,3.9,4.6
2024-07-31 01:08:00,CNR6447076438,Success,CID210746,Mini,Electronic City,Langford Town,210.0,100.0,Not Applicable,Not Applicable,No,Not Applicable,1983,Credit Card,45,3.2,4.1
2024-07-31 11:05:00,CNR7395717302,Success,CID964086,Prime Sedan,Yeshwanthpur,Bannerghatta Road,168.0,100.0,Not Applicable,Not Applicable,No,Not Applicable,2733,UPI,3,3.7,4.8
2024-07-31 07:36:00,CNR6318536319,Driver Not Found,CID494615,Prime Sedan,Chickpet,Tumkur Road,,,Not Applicable,Not Applicable,Not Applicable,Not Applicable,368,Not Applicable,0,,
2024-07-31 21:15:00,CNR8430998458,Success,CID881328,eBike,HSR Layout,HSR Layout,70.0,70.0,Not Applicable,Not Applicable,No,Not Applicable,895,Cash,23,3.7,4.6
2024-07-31 18:38:00,CNR1275311272,Success,CID969658,Auto,Richmond Town,Hebbal,77.0,60.0,Not Applicable,Not Applicable,No,Not Applicable,908,UPI,3,4.8,3.5
2024-07-31 02:20:00,CNR9548379560,Success,CID356494,Prime Sedan,JP Nagar,Hebbal,70.0,110.0,Not Applicable,Not Applicable,No,Not Applicable,263,Cash,48,4.1,4.6
2024-07-31 20:40:00,CNR5614915668,Success,CID375496,Mini,Hosur Road,Shivajinagar,105.0,45.0,Not Applicable,Not Applicable,No,Not Applicable,263,Cash,41,4.2,4.9
2024-07-31 01:59:00,CNR2705522709,Success,CID913044,Prime Sedan,MG Road,Jayanagar,56.0,140.0,Not Applicable,Not Applicable,No,Not Applicable,266,Cash,15,3.1,3.0
2024-07-31 22:12:00,CNR2978332969,Canceled by Customer,CID826938,Mini,Shivajinagar,RT Nagar,,,Driver is not moving towards pickup location,Not Applicable,Not Applicable,Not Applicable,2272,Not Applicable,0,,
2024-07-31 14:17:00,CNR6614586622,Driver Not Found,CID144188,Prime Plus,Basavanagudi,Bellandur,,,Not Applicable,Not Applicable,Not Applicable,Not Applicable,184,Not Applicable,0,,
2024-07-31 21:46:00,CNR8297508233,Success,CID712047,Auto,Hebbal,Jayanagar,161.0,85.0,Not Applicable,Not Applicable,Yes,Customer Demand,207,Cash,8,4.5,3.8
2024-07-31 22:17:00,CNR5272145232,Success,CID887217,Prime SUV,JP Nagar,Marathahalli,287.0,105.0,Not Applicable,Not Applicable,No,Not Applicable,196,Cash,14,3.7,3.7
2024-07-31 02:38:00,CNR8975278940,Canceled by Customer,CID314882,Bike,Rajarajeshwari Nagar,JP Nagar,,,Driver is not moving towards pickup location,Not Applicable,Not Applicable,Not Applicable,318,Not Applicable,0,,
2024-07-31 16:24:00,CNR2618792681,Driver Not Found,CID616107,Auto,Hennur,Sarjapur Road,,,Not Applicable,Not Applicable,Not Applicable,Not Applicable,251,Not Applicable,0,,
2024-07-31 08:45:00,CNR2758992700,Canceled by Driver,CID581134,Bike,Hosur Road,Vijayanagar,,,Not Applicable,Personal & Car related issue,Not Applicable,Not Applicable,419,Not Applicable,0,,
2024-07-31 16:42:00,CNR5295935257,Success,CID371081,Bike,Langford Town,Chamarajpet,84.0,35.0,Not Applicable,Not Applicable,No,Not Applicable,330,Cash,35,3.4,3.6
2024-07-31 15:56:00,CNR5812855828,Success,CID978883,Prime Sedan,HSR Layout,Ulsoor,203.0,105.0,Not Applicable,Not Applicable,No,Not Applicable,200,UPI,29,3.1,3.9
2024-07-31 17:18:00,CNR7124077101,Canceled by Driver,CID505047,Prime Plus,Yelahanka,Bellandur,,,Not Applicable,Personal & Car related issue,Not Applicable,Not Applicable,676,Not Applicable,0,,
2024-07-31 16:55:00,CNR8782418742,Success,CID359412,eBike,Hosur Road,Hulimavu,301.0,100.0,Not Applicable,Not Applicable,No,Not Applicable,127,Cash,48,3.2,4.3
2024-07-31 03:43:00,CNR3063613028,Success,CID228585,Auto,Richmond Town,Shantinagar,91.0,130.0,Not Applicable,Not Applicable,No,Not Applicable,2327,Cash,1,3.6,3.7
2024-07-31 01:03:00,CNR4313954314,Driver Not Found,CID379477,Mini,Basavanagudi,Frazer Town,,,Not Applicable,Not Applicable,Not Applicable,Not Applicable,475,Not Applicable,0,,
2024-07-31 01:04:00,CNR5594395576,Success,CID660311,Prime Plus,Whitefield,Devanahalli,196.0,100.0,Not Applicable,Not Applicable,Yes,Vehicle Breakdown,994,Cash,12,4.3,4.4
2024-07-31 02:12:00,CNR5278795266,Success,CID759247,Bike,Chamarajpet,Ulsoor,77.0,75.0,Not Applicable,Not Applicable,No,Not Applicable,755,Cash,45,4.3,4.0
2024-07-31 18:21:00,CNR4477834499,Success,CID764417,Mini,MG Road,Bellandur,273.0,60.0,Not Applicable,Not Applicable,No,Not Applicable,365,Cash,17,3.8,4.0
2024-07-31 09:31:00,CNR4433434491,Success,CID111559,Bike,Kengeri,Hosur Road,238.0,90.0,Not Applicable,Not Applicable,No,Not Applicable,268,UPI,24,3.6,4.4
2024-07-31 03:16:00,CNR3218433214,Canceled by Customer,CID218353,Prime Sedan,Electronic City,HSR Layout,,,Driver asked to cancel,Not Applicable,Not Applicable,Not Applicable,134,Not Applicable,0,,
2024-07-31 12:57:00,CNR5217715230,Canceled by Customer,CID431913,Auto,Magadi Road,Mysore Road,,,Driver is not moving towards pickup location,Not Applicable,Not Applicable,Not Applicable,1896,Not Applicable,0,,
2024-07-31 02:29:00,CNR5666375643,Canceled by Customer,CID136364,Bike,Nagarbhavi,Chickpet,,,Driver is not moving towards pickup location,Not Applicable,Not Applicable,Not Applicable,453,Not Applicable,0,,
2024-07-31 08:18:00,CNR3847083828,Success,CID989872,Bike,Hennur,Tumkur Road,273.0,130.0,Not Applicable,Not Applicable,No,Not Applicable,807,UPI,4,4.9,4.9
2024-07-31 14:10:00,CNR2587422500,Success,CID483751,eBike,KR Puram,Sarjapur Road,126.0,70.0,Not Applicable,Not Applicable,No,Not Applicable,126,UPI,39,3.9,4.1
2024-07-31 05:34:00,CNR2077472068,Success,CID690770,eBike,Indiranagar,Yeshwanthpur,56.0,65.0,Not Applicable,Not Applicable,Yes,Vehicle Breakdown,224,Cash,27,3.0,3.6
2024-07-31 07:07:00,CNR9163549110,Success,CID711307,Auto,Padmanabhanagar,Banashankari,287.0,140.0,Not Applicable,Not Applicable,No,Not Applicable,317,Cash,2,3.3,4.4
2024-07-31 20:24:00,CNR9636029633,Canceled by Driver,CID502471,Prime Sedan,Whitefield,RT Nagar,,,Not Applicable,Customer related issue,Not Applicable,Not Applicable,122,Not Applicable,0,,
2024-07-31 13:01:00,CNR4065294091,Success,CID366854,Auto,Hebbal,Magadi Road,203.0,35.0,Not Applicable,Not Applicable,No,Not Applicable,104,Cash,10,4.9,4.1
2024-07-31 19:01:00,CNR2615782657,Success,CID144584,eBike,Electronic City,Frazer Town,273.0,25.0,Not Applicable,Not Applicable,No,Not Applicable,395,Cash,2,3.9,4.1
2024-07-31 20:04:00,CNR8532968520,Success,CID818451,Bike,Padmanabhanagar,Peenya,35.0,130.0,Not Applicable,Not Applicable,No,Not Applicable,292,UPI,19,3.4,4.4
2024-07-31 16:24:00,CNR8438148469,Canceled by Customer,CID542613,Prime Plus,Sahakar Nagar,MG Road,,,Driver asked to cancel,Not Applicable,Not Applicable,Not Applicable,314,Not Applicable,0,,
2024-07-31 16:33:00,CNR2552532506,Success,CID589145,Bike,Hebbal,Langford Town,224.0,135.0,Not Applicable,Not Applicable,No,Not Applicable,217,Cash,49,4.3,4.1
2024-07-31 06:00:00,CNR8530148565,Success,CID195401,Prime Plus,Chamarajpet,Peenya,84.0,60.0,Not Applicable,Not Applicable,No,Not Applicable,232,Cash,10,4.8,3.9
2024-07-31 15:56:00,CNR4506644552,Canceled by Driver,CID299218,Prime Sedan,Langford Town,Bannerghatta Road,,,Not Applicable,More than permitted people in there,Not Applicable,Not Applicable,290,Not Applicable,0,,
2024-07-31 06:37:00,CNR8857958882,Canceled by Driver,CID420953,Prime Plus,Sahakar Nagar,JP Nagar,,,Not Applicable,Personal & Car related issue,Not Applicable,Not Applicable,186,Not Applicable,0,,
2024-07-31 01:13:00,CNR5356845354,Success,CID423271,Prime Plus,Basavanagudi,Frazer Town,140.0,135.0,Not Applicable,Not Applicable,No,Not Applicable,355,Cash,30,3.6,4.0
2024-07-31 02:08:00,CNR5069025077,Success,CID974557,Prime Plus,Richmond Town,Yelahanka,301.0,55.0,Not Applicable,Not Applicable,No,Not Applicable,441,UPI,39,3.9,3.9
2024-07-31 03:29:00,CNR1665161668,Success,CID908346,Bike,Nagarbhavi,Hennur,91.0,135.0,Not Applicable,Not Applicable,No,Not Applicable,429,Cash,18,4.2,4.3
2024-07-31 03:15:00,CNR8127558126,Canceled by Customer,CID861100,eBike,Marathahalli,Whitefield,,,AC is Not working,Not Applicable,Not Applicable,Not Applicable,432,Not Applicable,0,,
2024-07-31 00:52:00,CNR2126412112,Canceled by Driver,CID999880,Mini,Whitefield,HSR Layout,,,Not Applicable,Customer related issue,Not Applicable,Not Applicable,382,Not Applicable,0,,
2024-07-31 05:19:00,CNR9738379793,Canceled by Driver,CID440374,Mini,Magadi Road,Hebbal,,,Not Applicable,Personal & Car related issue,Not Applicable,Not Applicable,660,Not Applicable,0,,
2024-07-31 17:24:00,CNR6016086047,Success,CID635963,Prime Sedan,Sarjapur Road,MG Road,203.0,105.0,Not Applicable,Not Applicable,Yes,Vehicle Breakdown,856,UPI,22,4.8,3.8
2024-07-31 22:12:00,CNR5595095545,Success,CID284259,Auto,Langford Town,Nagarbhavi,140.0,30.0,Not Applicable,Not Applicable,Yes,Other Issue,127,Cash,19,4.1,4.8
2024-07-31 16:23:00,CNR4077344057,Success,CID910177,Mini,Kammanahalli,Vijayanagar,126.0,105.0,Not Applicable,Not Applicable,No,Not Applicable,222,Cash,36,3.3,3.1
2024-07-31 04:43:00,CNR3920323956,Canceled by Driver,CID498890,eBike,Basavanagudi,Malleshwaram,,,Not Applicable,Customer related issue,Not Applicable,Not Applicable,334,Not Applicable,0,,
2024-07-31 04:45:00,CNR1577991531,Success,CID472549,Prime Sedan,Jayanagar,JP Nagar,56.0,55.0,Not Applicable,Not Applicable,No,Not Applicable,355,UPI,48,4.6,4.6
2024-07-31 10:19:00,CNR6634466691,Success,CID809623,Prime Sedan,Malleshwaram,Langford Town,224.0,90.0,Not Applicable,Not Applicable,No,Not Applicable,353,Cash,7,4.9,3.5
2024-07-31 12:38:00,CNR9708749735,Canceled by Driver,CID438481,Mini,Hennur,Padmanabhanagar,,,Not Applicable,Customer related issue,Not Applicable,Not Applicable,179,Not Applicable,0,,
2024-07-31 13:24:00,CNR3759523740,Canceled by Driver,CID797764,Prime SUV,Kammanahalli,Sarjapur Road,,,Not Applicable,Customer was coughing/sick,Not Applicable,Not Applicable,189,Not Applicable,0,,
2024-07-31 09:03:00,CNR1380121313,Success,CID164136,Auto,Yeshwanthpur,Sahakar Nagar,119.0,45.0,Not Applicable,Not Applicable,No,Not Applicable,325,UPI,14,4.2,3.1
2024-07-31 17:16:00,CNR3908063945,Success,CID103546,Auto,Ulsoor,Yeshwanthpur,280.0,65.0,Not Applicable,Not Applicable,No,Not Applicable,188,Cash,18,3.7,3.8
2024-07-31 00:16:00,CNR1033061009,Canceled by Customer,CID244208,Mini,Hebbal,Sarjapur Road,,,Driver asked to cancel,Not Applicable,Not Applicable,Not Applicable,226,Not Applicable,0,,
2024-07-31 12:31:00,CNR5188995154,Success,CID982608,Auto,Sarjapur Road,Varthur,301.0,35.0,Not Applicable,Not Applicable,No,Not Applicable,570,UPI,7,3.2,3.8
2024-07-31 01:12:00,CNR8328848372,Success,CID706421,Bike,Varthur,Rajajinagar,175.0,145.0,Not Applicable,Not Applicable,No,Not Applicable,491,UPI,29,3.9,4.9
2024-07-31 15:13:00,CNR5091315013,Canceled by Customer,CID223453,Mini,MG Road,MG Road,,,AC is Not working,Not Applicable,Not Applicable,Not Applicable,191,Not Applicable,0,,
2024-07-31 10:26:00,CNR4341794367,Success,CID974495,Bike,Padmanabhanagar,Bannerghatta Road,203.0,25.0,Not Applicable,Not Applicable,No,Not Applicable,157,Cash,28,4.4,4.6
2024-07-31 20:26:00,CNR2498522492,Success,CID575688,Prime Sedan,Indiranagar,MG Road,210.0,145.0,Not Applicable,Not Applicable,Yes,Customer Demand,134,UPI,49,3.5,5.0
2024-07-31 03:09:00,CNR4831354894,Success,CID852317,Auto,Hulimavu,Koramangala,168.0,90.0,Not Applicable,Not Applicable,No,Not Applicable,976,UPI,10,3.4,3.6
2024-07-31 17:12:00,CNR3212603244,Canceled by Driver,CID309168,Prime SUV,Sahakar Nagar,Frazer Town,,,Not Applicable,Customer was coughing/sick,Not Applicable,Not Applicable,606,Not Applicable,0,,
2024-07-31 13:13:00,CNR5884135834,Success,CID255047,Mini,Cox Town,Chamarajpet,196.0,85.0,Not Applicable,Not Applicable,No,Not Applicable,940,UPI,22,4.2,3.8
2024-07-31 06:31:00,CNR6465846487,Driver Not Found,CID886090,Bike,Jayanagar,Yelahanka,,,Not Applicable,Not Applicable,Not Applicable,Not Applicable,609,Not Applicable,0,,
2024-07-31 12:26:00,CNR1944761918,Canceled by Driver,CID247569,eBike,Ulsoor,Koramangala,,,Not Applicable,Personal & Car related issue,Not Applicable,Not Applicable,654,Not Applicable,0,,
2024-07-31 17:37:00,CNR8748038757,Success,CID295785,Prime SUV,Ramamurthy Nagar,Kadugodi,203.0,70.0,Not Applicable,Not Applicable,No,Not Applicable,135,Cash,35,4.3,4.4
2024-07-31 02:59:00,CNR2777872728,Canceled by Customer,CID734283,eBike,Majestic,MG Road,,,Driver asked to cancel,Not Applicable,Not Applicable,Not Applicable,346,Not Applicable,0,,
2024-07-31 20:46:00,CNR8509398590,Canceled by Driver,CID970175,Auto,Majestic,Majestic,,,Not Applicable,More than permitted people in there,Not Applicable,Not Applicable,405,Not Applicable,0,,
2024-07-31 14:48:00,CNR2003602015,Canceled by Customer,CID678948,Mini,RT Nagar,BTM Layout,,,AC is Not working,Not Applicable,Not Applicable,Not Applicable,400,Not Applicable,0,,
2024-07-31 00:08:00,CNR5404205440,Success,CID508437,eBike,Langford Town,Shantinagar,266.0,130.0,Not Applicable,Not Applicable,No,Not Applicable,743,UPI,19,4.4,3.2
2024-07-31 18:30:00,CNR2859572820,Success,CID564076,Bike,Basavanagudi,Rajajinagar,133.0,135.0,Not Applicable,Not Applicable,Yes,Other Issue,299,Cash,12,4.3,3.3
2024-07-31 12:15:00,CNR4879234823,Success,CID316944,Mini,Padmanabhanagar,Devanahalli,231.0,135.0,Not Applicable,Not Applicable,No,Not Applicable,134,Cash,26,4.5,3.1
2024-07-31 11:33:00,CNR3627573626,Success,CID927304,Bike,Nagarbhavi,Koramangala,210.0,115.0,Not Applicable,Not Applicable,No,Not Applicable,331,UPI,5,4.4,3.9
2024-07-31 10:44:00,CNR1069461034,Canceled by Customer,CID878634,Prime Sedan,Indiranagar,Shantinagar,,,Driver is not moving towards pickup location,Not Applicable,Not Applicable,Not Applicable,1012,Not Applicable,0,,
2024-07-31 00:58:00,CNR9935139942,Driver Not Found,CID243295,Prime Plus,Hulimavu,Cox Town,,,Not Applicable,Not Applicable,Not Applicable,Not Applicable,2849,Not Applicable,0,,
2024-07-31 23:12:00,CNR3244303265,Driver Not Found,CID703852,Prime SUV,BTM Layout,Sahakar Nagar,,,Not Applicable,Not Applicable,Not Applicable,Not Applicable,161,Not Applicable,0,,
2024-07-31 19:44:00,CNR8851528848,Canceled by Driver,CID920484,Prime Sedan,Magadi Road,Koramangala,,,Not Applicable,Personal & Car related issue,Not Applicable,Not Applicable,343,Not Applicable,0,,
2024-07-31 05:21:00,CNR9801679812,Success,CID500351,Prime Plus,Hennur,Varthur,175.0,95.0,Not Applicable,Not Applicable,No,Not Applicable,236,Cash,27,4.7,4.3
2024-07-31 07:47:00,CNR6883106883,Success,CID871085,Auto,Hosur Road,Indiranagar,308.0,60.0,Not Applicable,Not Applicable,No,Not Applicable,133,UPI,9,4.3,4.2
2024-07-31 02:21:00,CNR7289897282,Success,CID157916,Prime SUV,Ulsoor,HSR Layout,294.0,65.0,Not Applicable,Not Applicable,No,Not Applicable,193,UPI,8,4.2,3.0
2024-07-31 09:40:00,CNR2014252005,Canceled by Driver,CID375893,Bike,Shivajinagar,Chickpet,,,Not Applicable,Personal & Car related issue,Not Applicable,Not Applicable,408,Not Applicable,0,,
2024-07-31 10:38:00,CNR7752327793,Success,CID961833,Prime Sedan,Ulsoor,Marathahalli,238.0,115.0,Not Applicable,Not Applicable,No,Not Applicable,442,Credit Card,29,4.7,4.2
2024-07-31 15:03:00,CNR1505521524,Driver Not Found,CID110410,Auto,Bannerghatta Road,Hulimavu,,,Not Applicable,Not Applicable,Not Applicable,Not Applicable,241,Not Applicable,0,,
2024-07-31 12:03:00,CNR9535229566,Success,CID730132,Auto,Magadi Road,Koramangala,273.0,60.0,Not Applicable,Not Applicable,No,Not Applicable,501,Cash,13,3.1,3.6
2024-07-31 13:15:00,CNR5235945296,Success,CID384579,Auto,Magadi Road,Whitefield,245.0,120.0,Not Applicable,Not Applicable,No,Not Applicable,337,UPI,15,4.2,4.9
2024-07-31 21:57:00,CNR1761751747,Canceled by Customer,CID736810,Bike,Koramangala,HSR Layout,,,Driver asked to cancel,Not Applicable,Not Applicable,Not Applicable,452,Not Applicable,0,,
2024-07-31 14:55:00,CNR9706139764,Success,CID954719,Prime SUV,RT Nagar,Majestic,189.0,80.0,Not Applicable,Not Applicable,No,Not Applicable,123,UPI,22,3.6,4.9
2024-07-31 03:48:00,CNR4434494447,Success,CID232123,Auto,Hosur Road,Cox Town,245.0,140.0,Not Applicable,Not Applicable,No,Not Applicable,1716,Cash,7,4.6,5.0
2024-07-31 06:54:00,CNR6048696037,Success,CID793771,Auto,Langford Town,Shantinagar,217.0,55.0,Not Applicable,Not Applicable,No,Not Applicable,440,Cash,18,3.7,3.9
2024-07-31 16:22:00,CNR6835186827,Canceled by Driver,CID890209,Bike,Hennur,Devanahalli,,,Not Applicable,Customer related issue,Not Applicable,Not Applicable,2756,Not Applicable,0,,
2024-07-31 20:30:00,CNR7327977399,Success,CID736305,Mini,MG Road,KR Puram,91.0,110.0,Not Applicable,Not Applicable,Yes,Vehicle Breakdown,135,Credit Card,14,3.7,3.6
2024-07-31 22:56:00,CNR4154064114,Canceled by Driver,CID825024,Prime SUV,Peenya,Hulimavu,,,Not Applicable,Personal & Car related issue,Not Applicable,Not Applicable,576,Not Applicable,0,,
2024-07-31 15:58:00,CNR9667469683,Canceled by Driver,CID425631,Prime Plus,Yelahanka,MG Road,,,Not Applicable,Personal & Car related issue,Not Applicable,Not Applicable,458,Not Applicable,0,,
2024-07-31 06:10:00,CNR7832697887,Success,CID585634,Auto,Electronic City,Majestic,105.0,140.0,Not Applicable,Not Applicable,No,Not Applicable,344,UPI,10,3.2,4.5
2024-07-31 19:15:00,CNR3616623638,Success,CID257993,Bike,Hulimavu,Langford Town,63.0,85.0,Not Applicable,Not Applicable,No,Not Applicable,384,Cash,24,3.7,4.3
2024-07-31 06:37:00,CNR4519444508,Success,CID868142,eBike,Basavanagudi,RT Nagar,42.0,95.0,Not Applicable,Not Applicable,No,Not Applicable,540,Cash,9,4.9,5.0
2024-07-31 17:27:00,CNR5929705976,Success,CID304163,eBike,Koramangala,Kengeri,140.0,85.0,Not Applicable,Not Applicable,No,Not Applicable,457,Cash,18,4.8,3.8
2024-07-31 22:25:00,CNR8663078643,Success,CID795309,Prime Sedan,Chamarajpet,Sahakar Nagar,49.0,145.0,Not Applicable,Not Applicable,No,Not Applicable,526,UPI,42,4.3,4.5
2024-07-31 13:33:00,CNR9193759188,Driver Not Found,CID636765,eBike,Bannerghatta Road,Tumkur Road,,,Not Applicable,Not Applicable,Not Applicable,Not Applicable,426,Not Applicable,0,,
2024-07-31 13:47:00,CNR2626742689,Success,CID162403,eBike,Sarjapur Road,Devanahalli,287.0,145.0,Not Applicable,Not Applicable,No,Not Applicable,443,Cash,13,4.8,4.9
2024-07-31 16:57:00,CNR3929813947,Success,CID930819,eBike,MG Road,Yelahanka,154.0,50.0,Not Applicable,Not Applicable,No,Not Applicable,1373,Credit Card,48,3.5,3.6
2024-07-31 02:27:00,CNR9912679906,Success,CID128432,Auto,Electronic City,JP Nagar,245.0,75.0,Not Applicable,Not Applicable,No,Not Applicable,178,Cash,12,3.3,3.1
2024-07-31 04:27:00,CNR7436677437,Success,CID379333,Auto,Rajarajeshwari Nagar,Bannerghatta Road,259.0,105.0,Not Applicable,Not Applicable,No,Not Applicable,119,UPI,2,3.9,3.5
2024-07-31 02:48:00,CNR7728237745,Canceled by Customer,CID816304,Bike,Whitefield,Jayanagar,,,AC is Not working,Not Applicable,Not Applicable,Not Applicable,457,Not Applicable,0,,
2024-07-31 02:45:00,CNR9769939743,Success,CID358451,Auto,Rajajinagar,Langford Town,105.0,135.0,Not Applicable,Not Applicable,No,Not Applicable,217,UPI,11,4.2,4.1
2024-07-31 11:14:00,CNR7658657641,Success,CID631942,Mini,Langford Town,Mysore Road,259.0,90.0,Not Applicable,Not Applicable,No,Not Applicable,276,Cash,27,3.5,3.1
2024-07-31 00:56:00,CNR3863183861,Canceled by Driver,CID383885,Mini,Indiranagar,Whitefield,,,Not Applicable,Customer related issue,Not Applicable,Not Applicable,165,Not Applicable,0,,
2024-07-31 08:17:00,CNR8256248227,Success,CID865717,Auto,Malleshwaram,Sarjapur Road,35.0,130.0,Not Applicable,Not Applicable,Yes,Customer Demand,341,Cash,13,3.7,4.5
2024-07-31 12:20:00,CNR1608151672,Driver Not Found,CID542383,eBike,Devanahalli,HSR Layout,,,Not Applicable,Not Applicable,Not Applicable,Not Applicable,927,Not Applicable,0,,
2024-07-31 18:37:00,CNR6551646596,Canceled by Driver,CID701975,Mini,HSR Layout,Peenya,,,Not Applicable,More than permitted people in there,Not Applicable,Not Applicable,479,Not Applicable,0,,
2024-07-31 07:03:00,CNR5585975595,Canceled by Driver,CID173752,Mini,Jayanagar,Sarjapur Road,,,Not Applicable,Customer related issue,Not Applicable,Not Applicable,2327,Not Applicable,0,,
2024-07-31 22:51:00,CNR7231877286,Success,CID438125,Prime Sedan,Indiranagar,Padmanabhanagar,294.0,55.0,Not Applicable,Not Applicable,No,Not Applicable,623,Cash,6,4.6,4.6
2024-07-31 22:21:00,CNR5755095774,Canceled by Customer,CID965264,Mini,Ramamurthy Nagar,Magadi Road,,,Driver asked to cancel,Not Applicable,Not Applicable,Not Applicable,824,Not Applicable,0,,
2024-07-31 14:31:00,CNR5518605566,Canceled by Customer,CID944026,eBike,Varthur,Bannerghatta Road,,,AC is Not working,Not Applicable,Not Applicable,Not Applicable,706,Not Applicable,0,,
2024-07-31 13:53:00,CNR2164502149,Success,CID292644,eBike,Mysore Road,KR Puram,98.0,95.0,Not Applicable,Not Applicable,No,Not Applicable,206,Cash,3,3.4,4.0
2024-07-31 15:24:00,CNR7621327614,Success,CID784226,Mini,KR Puram,Electronic City,189.0,45.0,Not Applicable,Not Applicable,No,Not Applicable,477,UPI,39,4.0,4.7
2024-07-31 14:46:00,CNR2355822391,Driver Not Found,CID527325,Mini,Kadugodi,Devanahalli,,,Not Applicable,Not Applicable,Not Applicable,Not Applicable,347,Not Applicable,0,,
2024-07-31 00:54:00,CNR3152053174,Success,CID728808,Mini,HSR Layout,Kammanahalli,252.0,145.0,Not Applicable,Not Applicable,No,Not Applicable,150,Cash,44,4.6,4.4
2024-07-31 19:13:00,CNR7706587797,Canceled by Driver,CID393860,Bike,Bannerghatta Road,Padmanabhanagar,,,Not Applicable,Customer was coughing/sick,Not Applicable,Not Applicable,273,Not Applicable,0,,
2024-07-31 14:07:00,CNR1449661423,Canceled by Driver,CID712214,Bike,Banashankari,Electronic City,,,Not Applicable,Customer was coughing/sick,Not Applicable,Not Applicable,457,Not Applicable,0,,
2024-07-31 01:20:00,CNR1245791200,Success,CID194024,Prime SUV,Peenya,Varthur,189.0,125.0,Not Applicable,Not Applicable,No,Not Applicable,341,Cash,42,3.3,3.9
2024-07-31 21:28:00,CNR3097353077,Success,CID221607,Prime SUV,Ramamurthy Nagar,Sarjapur Road,238.0,95.0,Not Applicable,Not Applicable,No,Not Applicable,132,Debit Card,28,4.8,3.8
2024-07-31 09:02:00,CNR1054051068,Success,CID433340,Auto,Sahakar Nagar,Padmanabhanagar,217.0,65.0,Not Applicable,Not Applicable,No,Not Applicable,111,UPI,1,3.1,4.1
2024-07-31 01:38:00,CNR1399951391,Canceled by Customer,CID913229,Prime Sedan,Shivajinagar,Hulimavu,,,Change of plans,Not Applicable,Not Applicable,Not Applicable,155,Not Applicable,0,,
2024-07-31 05:44:00,CNR2870522838,Success,CID768088,Prime SUV,BTM Layout,Marathahalli,266.0,35.0,Not Applicable,Not Applicable,No,Not Applicable,293,Cash,20,4.0,3.0
2024-07-31 00:59:00,CNR9469939450,Success,CID899289,Auto,Hennur,Hosur Road,273.0,90.0,Not Applicable,Not Applicable,No,Not Applicable,483,UPI,16,4.2,3.7
2024-07-31 16:17:00,CNR6483946418,Success,CID741607,Auto,Hebbal,Chamarajpet,182.0,125.0,Not Applicable,Not Applicable,No,Not Applicable,361,UPI,16,4.3,3.3
2024-07-31 09:45:00,CNR3780363755,Success,CID171288,Auto,Bannerghatta Road,HSR Layout,98.0,115.0,Not Applicable,Not Applicable,No,Not Applicable,364,UPI,2,4.7,4.8
2024-07-31 04:20:00,CNR9788069759,Success,CID567721,Auto,Mysore Road,Frazer Town,77.0,30.0,Not Applicable,Not Applicable,No,Not Applicable,882,Cash,14,3.4,4.6
2024-07-31 04:52:00,CNR6940116913,Canceled by Driver,CID125519,eBike,Marathahalli,Hosur Road,,,Not Applicable,More than permitted people in there,Not Applicable,Not Applicable,268,Not Applicable,0,,
2024-07-31 18:29:00,CNR7779947738,Success,CID631162,Prime Sedan,Rajarajeshwari Nagar,Sahakar Nagar,182.0,65.0,Not Applicable,Not Applicable,No,Not Applicable,439,UPI,29,3.1,3.1
2024-07-31 23:29:00,CNR1476811406,Success,CID476312,Bike,HSR Layout,Tumkur Road,168.0,45.0,Not Applicable,Not Applicable,No,Not Applicable,353,Cash,49,3.5,4.3
2024-07-31 00:33:00,CNR3554073524,Driver Not Found,CID290231,eBike,Mysore Road,Magadi Road,,,Not Applicable,Not Applicable,Not Applicable,Not Applicable,370,Not Applicable,0,,
2024-07-31 01:13:00,CNR6733776736,Canceled by Driver,CID771269,Auto,Tumkur Road,Electronic City,,,Not Applicable,Customer related issue,Not Applicable,Not Applicable,280,Not Applicable,0,,
2024-07-31 18:18:00,CNR4338794341,Success,CID291962,Prime Plus,Sahakar Nagar,Nagarbhavi,273.0,60.0,Not Applicable,Not Applicable,No,Not Applicable,180,Cash,14,4.9,3.1
2024-07-31 03:21:00,CNR8859438825,Success,CID360816,Auto,Shivajinagar,JP Nagar,224.0,60.0,Not Applicable,Not Applicable,No,Not Applicable,469,UPI,17,3.1,3.2
2024-07-31 16:30:00,CNR4242684281,Success,CID146432,Bike,Chickpet,Bellandur,56.0,30.0,Not Applicable,Not Applicable,No,Not Applicable,128,UPI,43,4.7,4.1
2024-07-31 06:12:00,CNR2368412310,Success,CID891057,Mini,Hebbal,Malleshwaram,238.0,145.0,Not Applicable,Not Applicable,No,Not Applicable,269,Cash,8,4.1,4.9
2024-07-31 04:45:00,CNR6263746251,Success,CID735994,Prime Sedan,Shivajinagar,Rajajinagar,266.0,125.0,Not Applicable,Not Applicable,No,Not Applicable,586,Cash,14,4.2,3.2
2024-07-31 04:02:00,CNR9541869587,Canceled by Customer,CID343256,Prime SUV,Bellandur,Marathahalli,,,AC is Not working,Not Applicable,Not Applicable,Not Applicable,321,Not Applicable,0,,
2024-07-31 18:28:00,CNR1914621935,Success,CID748203,Mini,Hebbal,Indiranagar,42.0,65.0,Not Applicable,Not Applicable,No,Not Applicable,2055,Cash,39,4.0,3.8
2024-07-31 02:30:00,CNR7344647365,Success,CID173367,Auto,KR Puram,Magadi Road,161.0,125.0,Not Applicable,Not Applicable,No,Not Applicable,671,Cash,10,3.1,3.2
2024-07-31 04:23:00,CNR6555066580,Canceled by Customer,CID359276,Mini,Richmond Town,BTM Layout,,,Driver asked to cancel,Not Applicable,Not Applicable,Not Applicable,428,Not Applicable,0,,
2024-07-31 12:03:00,CNR9605199607,Canceled by Driver,CID122699,Prime SUV,Majestic,Shantinagar,,,Not Applicable,More than permitted people in there,Not Applicable,Not Applicable,486,Not Applicable,0,,
2024-07-31 03:44:00,CNR9011099074,Success,CID476934,Auto,Shantinagar,Kengeri,259.0,25.0,Not Applicable,Not Applicable,No,Not Applicable,615,UPI,15,4.3,3.8
2024-07-31 02:24:00,CNR8012178042,Success,CID983848,Auto,Ramamurthy Nagar,Yeshwanthpur,203.0,110.0,Not Applicable,Not Applicable,No,Not Applicable,188,Cash,16,4.1,4.7
2024-07-31 12:45:00,CNR7792417701,Success,CID865393,eBike,Yeshwanthpur,Banashankari,294.0,115.0,Not Applicable,Not Applicable,No,Not Applicable,160,UPI,2,4.5,4.4
2024-07-31 04:09:00,CNR9189539167,Success,CID532005,Prime SUV,Hennur,Indiranagar,49.0,115.0,Not Applicable,Not Applicable,No,Not Applicable,116,UPI,46,3.2,4.1
2024-07-31 17:17:00,CNR1797911792,Canceled by Customer,CID234842,Bike,Padmanabhanagar,Peenya,,,Change of plans,Not Applicable,Not Applicable,Not Applicable,2773,Not Applicable,0,,
2024-07-31 19:03:00,CNR1994491924,Success,CID706627,Prime Sedan,Indiranagar,Majestic,35.0,25.0,Not Applicable,Not Applicable,No,Not Applicable,115,UPI,48,4.2,4.3
2024-07-31 09:42:00,CNR7163367127,Success,CID928281,Prime Sedan,Tumkur Road,Rajajinagar,161.0,35.0,Not Applicable,Not Applicable,No,Not Applicable,382,UPI,42,3.5,3.6
2024-07-31 12:12:00,CNR2636502688,Success,CID762886,Prime SUV,Shantinagar,MG Road,84.0,90.0,Not Applicable,Not Applicable,No,Not Applicable,614,Cash,43,4.3,3.2
2024-07-31 17:45:00,CNR3052603065,Success,CID280466,Bike,Nagarbhavi,Shivajinagar,133.0,40.0,Not Applicable,Not Applicable,No,Not Applicable,2938,UPI,23,3.3,3.3
2024-07-31 15:49:00,CNR4313064359,Success,CID520398,Prime Sedan,Chickpet,Hosur Road,210.0,50.0,Not Applicable,Not Applicable,No,Not Applicable,315,UPI,17,4.7,3.9
2024-07-31 20:50:00,CNR6270476230,Success,CID545562,Bike,Bellandur,HSR Layout,105.0,80.0,Not Applicable,Not Applicable,No,Not Applicable,354,Cash,11,3.5,3.7
2024-07-31 06:52:00,CNR6468106402,Driver Not Found,CID898331,Mini,Devanahalli,Langford Town,,,Not Applicable,Not Applicable,Not Applicable,Not Applicable,339,Not Applicable,0,,
2024-07-31 05:44:00,CNR4176314116,Success,CID368137,Prime Plus,Yeshwanthpur,Peenya,301.0,140.0,Not Applicable,Not Applicable,No,Not Applicable,855,UPI,12,3.3,3.6
2024-07-31 09:36:00,CNR4194484131,Driver Not Found,CID783710,Prime Sedan,HSR Layout,BTM Layout,,,Not Applicable,Not Applicable,Not Applicable,Not Applicable,480,Not Applicable,0,,
2024-07-31 21:05:00,CNR1401301416,Success,CID447049,eBike,Hebbal,Richmond Town,245.0,140.0,Not Applicable,Not Applicable,No,Not Applicable,345,Cash,17,4.3,4.4
2024-07-31 15:10:00,CNR6360136393,Canceled by Driver,CID909549,eBike,JP Nagar,Marathahalli,,,Not Applicable,Customer related issue,Not Applicable,Not Applicable,389,Not Applicable,0,,
2024-07-31 09:52:00,CNR9801379868,Success,CID607379,Prime Sedan,Shivajinagar,Yelahanka,105.0,30.0,Not Applicable,Not Applicable,No,Not Applicable,237,Cash,22,4.3,4.3
2024-07-31 01:41:00,CNR3564253586,Success,CID448074,Prime SUV,Sarjapur Road,Padmanabhanagar,126.0,65.0,Not Applicable,Not Applicable,No,Not Applicable,363,UPI,25,4.4,4.2
2024-07-31 21:14:00,CNR4470954442,Success,CID570582,Auto,Cox Town,Yeshwanthpur,280.0,25.0,Not Applicable,Not Applicable,No,Not Applicable,171,UPI,2,4.7,4.5
2024-07-31 17:43:00,CNR2935192979,Success,CID269397,eBike,RT Nagar,Malleshwaram,168.0,60.0,Not Applicable,Not Applicable,No,Not Applicable,306,UPI,45,4.5,3.1
2024-07-31 09:50:00,CNR5436065459,Canceled by Driver,CID838135,Prime Sedan,Tumkur Road,Basavanagudi,,,Not Applicable,Personal & Car related issue,Not Applicable,Not Applicable,168,Not Applicable,0,,
2024-07-31 14:02:00,CNR6643936687,Success,CID979472,Mini,Shantinagar,Cox Town,238.0,115.0,Not Applicable,Not Applicable,No,Not Applicable,262,Cash,9,3.3,4.2
2024-07-31 18:29:00,CNR9326139307,Success,CID446034,eBike,Indiranagar,Chamarajpet,203.0,25.0,Not Applicable,Not Applicable,No,Not Applicable,2239,Cash,48,3.5,3.4
2024-07-31 14:30:00,CNR5241555255,Canceled by Customer,CID662764,Mini,KR Puram,Shantinagar,,,Driver asked to cancel,Not Applicable,Not Applicable,Not Applicable,331,Not Applicable,0,,
2024-07-31 10:22:00,CNR6375746329,Success,CID517196,Bike,Yelahanka,Electronic City,161.0,145.0,Not Applicable,Not Applicable,No,Not Applicable,120,Cash,22,3.5,4.3
2024-07-31 02:04:00,CNR1263101275,Driver Not Found,CID506894,eBike,Shivajinagar,Shivajinagar,,,Not Applicable,Not Applicable,Not Applicable,Not Applicable,921,Not Applicable,0,,
2024-07-31 10:17:00,CNR8094508095,Canceled by Driver,CID103712,Mini,KR Puram,Sarjapur Road,,,Not Applicable,Customer related issue,Not Applicable,Not Applicable,304,Not Applicable,0,,
2024-07-31 05:24:00,CNR5649315629,Success,CID657234,eBike,KR Puram,Padmanabhanagar,217.0,70.0,Not Applicable,Not Applicable,No,Not Applicable,208,UPI,49,4.7,4.1
2024-07-31 14:02:00,CNR4340634389,Success,CID556623,Prime Sedan,Koramangala,Hebbal,294.0,75.0,Not Applicable,Not Applicable,No,Not Applicable,541,UPI,31,4.7,3.6
2024-07-31 01:40:00,CNR8156818125,Success,CID645045,Bike,Padmanabhanagar,Chamarajpet,245.0,55.0,Not Applicable,Not Applicable,No,Not Applicable,439,Cash,11,3.7,4.6
2024-07-31 08:29:00,CNR9817399894,Canceled by Driver,CID204786,eBike,Richmond Town,Indiranagar,,,Not Applicable,More than permitted people in there,Not Applicable,Not Applicable,418,Not Applicable,0,,
2024-07-31 12:42:00,CNR2661432650,Success,CID707433,Prime Sedan,MG Road,Tumkur Road,105.0,85.0,Not Applicable,Not Applicable,No,Not Applicable,287,UPI,6,4.6,3.7
2024-07-31 02:56:00,CNR9467699445,Driver Not Found,CID664373,Bike,Nagarbhavi,Hosur Road,,,Not Applicable,Not Applicable,Not Applicable,Not Applicable,177,Not Applicable,0,,
2024-07-31 15:32:00,CNR7743617794,Success,CID356146,Auto,Basavanagudi,Bellandur,203.0,25.0,Not Applicable,Not Applicable,No,Not Applicable,345,Cash,10,4.3,5.0
2024-07-31 23:18:00,CNR5696195625,Canceled by Customer,CID250922,Auto,Kadugodi,Basavanagudi,,,Driver is not moving towards pickup location,Not Applicable,Not Applicable,Not Applicable,296,Not Applicable,0,,
2024-07-31 20:53:00,CNR8402548413,Success,CID805412,Auto,Whitefield,Hulimavu,49.0,105.0,Not Applicable,Not Applicable,No,Not Applicable,171,UPI,5,4.2,3.3
2024-07-31 16:06:00,CNR3762833725,Success,CID485176,Prime SUV,Shantinagar,Majestic,70.0,115.0,Not Applicable,Not Applicable,No,Not Applicable,408,UPI,30,4.4,3.9
2024-07-31 03:16:00,CNR4509424568,Success,CID134754,eBike,Vijayanagar,KR Puram,238.0,55.0,Not Applicable,Not Applicable,Yes,Other Issue,451,UPI,48,3.7,3.2
2024-07-31 13:14:00,CNR1396951347,Success,CID933161,Bike,Chickpet,Electronic City,308.0,25.0,Not Applicable,Not Applicable,No,Not Applicable,150,UPI,15,3.6,4.8
2024-07-31 07:10:00,CNR5224895279,Canceled by Driver,CID608530,Prime Plus,Cox Town,Rajarajeshwari Nagar,,,Not Applicable,Customer related issue,Not Applicable,Not Applicable,396,Not Applicable,0,,
2024-07-31 23:07:00,CNR5145185154,Success,CID709423,Prime Sedan,MG Road,Kadugodi,217.0,50.0,Not Applicable,Not Applicable,No,Not Applicable,518,Credit Card,34,5.0,4.9
2024-07-31 02:56:00,CNR3702943711,Success,CID286847,Prime SUV,Devanahalli,Peenya,119.0,110.0,Not Applicable,Not Applicable,No,Not Applicable,114,Cash,12,3.8,4.7
2024-07-31 19:48:00,CNR5435865456,Success,CID971865,Mini,Shantinagar,Sarjapur Road,126.0,145.0,Not Applicable,Not Applicable,No,Not Applicable,590,UPI,36,3.4,3.4
2024-07-31 22:12:00,CNR6626346612,Driver Not Found,CID925866,Prime Plus,Indiranagar,Hulimavu,,,Not Applicable,Not Applicable,Not Applicable,Not Applicable,392,Not Applicable,0,,
2024-07-31 10:24:00,CNR7218767253,Canceled by Driver,CID199355,eBike,JP Nagar,Koramangala,,,Not Applicable,Customer related issue,Not Applicable,Not Applicable,221,Not Applicable,0,,
2024-07-31 11:45:00,CNR1000351042,Success,CID401177,Bike,Whitefield,BTM Layout,280.0,75.0,Not Applicable,Not Applicable,No,Not Applicable,447,Cash,29,4.8,3.9
2024-07-31 15:03:00,CNR1500631580,Success,CID346625,Auto,Chamarajpet,Nagarbhavi,126.0,125.0,Not Applicable,Not Applicable,No,Not Applicable,353,Cash,7,4.3,3.0
2024-07-31 23:44:00,CNR1905481929,Success,CID645870,Prime Sedan,Majestic,Malleshwaram,217.0,85.0,Not Applicable,Not Applicable,No,Not Applicable,863,UPI,36,4.3,4.4
2024-07-31 23:23:00,CNR1647231620,Canceled by Customer,CID189399,Auto,MG Road,Marathahalli,,,Change of plans,Not Applicable,Not Applicable,Not Applicable,253,Not Applicable,0,,
2024-07-31 16:49:00,CNR5401045489,Success,CID325494,eBike,Devanahalli,Ulsoor,301.0,30.0,Not Applicable,Not Applicable,No,Not Applicable,449,Cash,37,3.4,4.8
2024-07-31 15:08:00,CNR6139166132,Success,CID643036,Auto,Hennur,Banashankari,98.0,100.0,Not Applicable,Not Applicable,No,Not Applicable,367,Cash,1,4.8,3.1
2024-07-31 06:18:00,CNR6095446040,Success,CID751811,Mini,Hebbal,Hebbal,231.0,100.0,Not Applicable,Not Applicable,No,Not Applicable,279,UPI,9,4.5,3.1
2024-07-31 11:09:00,CNR1407901466,Canceled by Customer,CID906844,Prime SUV,Banashankari,Basavanagudi,,,AC is Not working,Not Applicable,Not Applicable,Not Applicable,571,Not Applicable,0,,
2024-07-31 01:36:00,CNR9726089722,Success,CID743812,Prime Sedan,Majestic,Hebbal,140.0,105.0,Not Applicable,Not Applicable,No,Not Applicable,883,UPI,21,4.2,4.6
2024-07-31 22:28:00,CNR2148492120,Success,CID287062,Auto,Rajajinagar,Devanahalli,35.0,35.0,Not Applicable,Not Applicable,No,Not Applicable,277,UPI,3,3.7,5.0
2024-07-31 14:18:00,CNR3220963248,Canceled by Customer,CID991667,Bike,Kammanahalli,Vijayanagar,,,AC is Not working,Not Applicable,Not Applicable,Not Applicable,185,Not Applicable,0,,
2024-07-31 20:05:00,CNR9924859934,Canceled by Customer,CID977215,Mini,Sarjapur Road,Sahakar Nagar,,,Change of plans,Not Applicable,Not Applicable,Not Applicable,246,Not Applicable,0,,
2024-07-31 20:24:00,CNR2269812215,Success,CID595088,Prime Plus,HSR Layout,Kadugodi,105.0,40.0,Not Applicable,Not Applicable,No,Not Applicable,2605,Cash,49,4.5,4.7
2024-07-31 18:02:00,CNR7720477708,Success,CID335899,Prime SUV,Sahakar Nagar,Peenya,203.0,95.0,Not Applicable,Not Applicable,No,Not Applicable,246,UPI,33,4.1,4.6
2024-07-31 07:49:00,CNR5786745748,Success,CID756720,Prime Sedan,KR Puram,Nagarbhavi,210.0,145.0,Not Applicable,Not Applicable,No,Not Applicable,370,Cash,23,3.9,4.3
2024-07-31 17:36:00,CNR2028702051,Driver Not Found,CID200399,Auto,RT Nagar,Langford Town,,,Not Applicable,Not Applicable,Not Applicable,Not Applicable,183,Not Applicable,0,,
2024-07-31 19:29:00,CNR9560689585,Success,CID800778,Prime Sedan,Ramamurthy Nagar,Bannerghatta Road,140.0,60.0,Not Applicable,Not Applicable,No,Not Applicable,337,Cash,33,3.4,4.5
2024-07-31 10:15:00,CNR4742924720,Canceled by Driver,CID659985,Bike,Peenya,Ulsoor,,,Not Applicable,Personal & Car related issue,Not Applicable,Not Applicable,693,Not Applicable,0,,
2024-07-31 15:32:00,CNR6018896022,Success,CID821895,Prime Sedan,Vijayanagar,Varthur,133.0,115.0,Not Applicable,Not Applicable,No,Not Applicable,397,Cash,47,3.2,3.5
2024-07-31 02:10:00,CNR6219696255,Success,CID996254,Prime Sedan,Bannerghatta Road,Bannerghatta Road,70.0,115.0,Not Applicable,Not Applicable,No,Not Applicable,400,Cash,18,4.4,4.3
2024-07-31 17:12:00,CNR1861241895,Success,CID264978,Prime SUV,Majestic,Chickpet,217.0,65.0,Not Applicable,Not Applicable,No,Not Applicable,235,Cash,40,3.9,3.2
2024-07-31 16:20:00,CNR9030019037,Driver Not Found,CID644558,Mini,Langford Town,JP Nagar,,,Not Applicable,Not Applicable,Not Applicable,Not Applicable,333,Not Applicable,0,,
2024-07-31 04:51:00,CNR9625699659,Success,CID402199,Prime Sedan,Langford Town,Koramangala,182.0,60.0,Not Applicable,Not Applicable,No,Not Applicable,2753,UPI,28,3.2,4.3
2024-07-31 06:48:00,CNR8361518377,Success,CID953467,Prime SUV,Basavanagudi,Vijayanagar,259.0,145.0,Not Applicable,Not Applicable,No,Not Applicable,162,Cash,49,4.4,5.0
2024-07-31 16:21:00,CNR2130982163,Canceled by Customer,CID766168,Bike,Nagarbhavi,Shivajinagar,,,Driver is not moving towards pickup location,Not Applicable,Not Applicable,Not Applicable,118,Not Applicable,0,,
2024-07-31 14:05:00,CNR6761726777,Canceled by Driver,CID351478,eBike,Kengeri,Electronic City,,,Not Applicable,Customer related issue,Not Applicable,Not Applicable,321,Not Applicable,0,,
2024-07-31 05:51:00,CNR1034971032,Success,CID386256,eBike,Bannerghatta Road,Kadugodi,294.0,140.0,Not Applicable,Not Applicable,No,Not Applicable,300,Cash,24,3.8,5.0
2024-07-31 19:48:00,CNR2020432048,Success,CID152337,Prime Sedan,Majestic,Kammanahalli,224.0,75.0,Not Applicable,Not Applicable,No,Not Applicable,294,UPI,42,4.1,3.3
2024-07-31 07:09:00,CNR4951294952,Success,CID383068,Mini,Cox Town,Hosur Road,245.0,105.0,Not Applicable,Not Applicable,No,Not Applicable,379,Cash,30,3.5,3.5
2024-07-31 11:07:00,CNR7169747105,Canceled by Customer,CID262842,Prime Plus,Shantinagar,Nagarbhavi,,,Driver is not moving towards pickup location,Not Applicable,Not Applicable,Not Applicable,931,Not Applicable,0,,
2024-07-31 11:56:00,CNR3862533856,Canceled by Driver,CID956564,Bike,Chamarajpet,Hosur Road,,,Not Applicable,Personal & Car related issue,Not Applicable,Not Applicable,234,Not Applicable,0,,
2024-07-31 20:55:00,CNR7335387347,Success,CID857000,Prime SUV,Ulsoor,Marathahalli,245.0,60.0,Not Applicable,Not Applicable,No,Not Applicable,439,Debit Card,10,4.7,4.7
2024-07-31 20:33:00,CNR1273671219,Success,CID927172,Auto,Padmanabhanagar,Chamarajpet,252.0,25.0,Not Applicable,Not Applicable,No,Not Applicable,992,Cash,12,4.2,3.1
2024-07-31 14:15:00,CNR5097475069,Success,CID349854,Prime Sedan,Banashankari,Yeshwanthpur,175.0,65.0,Not Applicable,Not Applicable,No,Not Applicable,569,UPI,37,4.4,4.1
2024-07-31 06:12:00,CNR9924799947,Canceled by Customer,CID412461,eBike,Bannerghatta Road,Mysore Road,,,Change of plans,Not Applicable,Not Applicable,Not Applicable,157,Not Applicable,0,,
2024-07-31 15:18:00,CNR3688343678,Canceled by Driver,CID254089,Prime SUV,RT Nagar,MG Road,,,Not Applicable,Personal & Car related issue,Not Applicable,Not Applicable,479,Not Applicable,0,,
2024-07-31 13:00:00,CNR5952775981,Success,CID248565,eBike,Electronic City,Yelahanka,175.0,35.0,Not Applicable,Not Applicable,No,Not Applicable,2686,Cash,20,4.4,4.4
2024-07-31 18:02:00,CNR6502916522,Success,CID275200,Mini,Devanahalli,Cox Town,154.0,40.0,Not Applicable,Not Applicable,No,Not Applicable,769,UPI,39,4.6,3.3
2024-07-31 04:44:00,CNR2254712212,Success,CID528043,Mini,JP Nagar,Marathahalli,182.0,140.0,Not Applicable,Not Applicable,No,Not Applicable,212,UPI,12,4.1,4.6
2024-07-31 17:15:00,CNR8517888516,Success,CID240796,Auto,Hulimavu,Peenya,287.0,55.0,Not Applicable,Not Applicable,No,Not Applicable,256,Debit Card,2,4.3,4.7
2024-07-31 10:36:00,CNR5533395570,Canceled by Driver,CID774438,eBike,BTM Layout,Whitefield,,,Not Applicable,Personal & Car related issue,Not Applicable,Not Applicable,535,Not Applicable,0,,
2024-07-31 05:23:00,CNR9750689734,Success,CID884016,Auto,Yeshwanthpur,JP Nagar,252.0,85.0,Not Applicable,Not Applicable,No,Not Applicable,773,Cash,5,4.9,4.0
2024-07-31 13:40:00,CNR8331148341,Success,CID858140,Mini,Rajajinagar,Cox Town,217.0,60.0,Not Applicable,Not Applicable,No,Not Applicable,502,UPI,31,3.9,3.8
2024-07-31 07:36:00,CNR8449208464,Success,CID187850,Prime Sedan,Vijayanagar,Cox Town,287.0,140.0,Not Applicable,Not Applicable,No,Not Applicable,444,Cash,10,3.2,4.9
2024-07-31 01:19:00,CNR6626046653,Success,CID392690,Mini,Majestic,Mysore Road,119.0,85.0,Not Applicable,Not Applicable,No,Not Applicable,274,UPI,29,4.4,3.9
2024-07-31 17:14:00,CNR2258582299,Canceled by Driver,CID943542,Bike,Padmanabhanagar,JP Nagar,,,Not Applicable,Customer related issue,Not Applicable,Not Applicable,199,Not Applicable,0,,
2024-07-31 06:13:00,CNR4290604251,Success,CID196863,Prime SUV,Sarjapur Road,Majestic,210.0,35.0,Not Applicable,Not Applicable,No,Not Applicable,166,Cash,30,4.6,3.4
2024-07-31 18:29:00,CNR4425954496,Canceled by Driver,CID430369,Auto,Banashankari,Malleshwaram,,,Not Applicable,Customer related issue,Not Applicable,Not Applicable,184,Not Applicable,0,,
2024-07-31 19:46:00,CNR2108522113,Success,CID269578,Auto,Hulimavu,Hosur Road,210.0,60.0,Not Applicable,Not Applicable,No,Not Applicable,425,UPI,18,3.3,4.3
2024-07-31 09:50:00,CNR8423728458,Success,CID897446,Prime SUV,Langford Town,Tumkur Road,63.0,55.0,Not Applicable,Not Applicable,No,Not Applicable,725,Cash,36,3.1,5.0
2024-07-31 07:55:00,CNR2943142929,Driver Not Found,CID586277,Bike,Whitefield,Devanahalli,,,Not Applicable,Not Applicable,Not Applicable,Not Applicable,404,Not Applicable,0,,
2024-07-31 15:17:00,CNR3137653129,Success,CID176915,Bike,Indiranagar,Koramangala,63.0,65.0,Not Applicable,Not Applicable,No,Not Applicable,531,Cash,8,4.1,4.2
2024-07-31 00:36:00,CNR9760459742,Success,CID721948,Auto,Indiranagar,Sarjapur Road,301.0,65.0,Not Applicable,Not Applicable,No,Not Applicable,490,UPI,5,4.5,4.2
2024-07-31 16:44:00,CNR2100392184,Success,CID584040,Prime Sedan,Majestic,Cox Town,280.0,30.0,Not Applicable,Not Applicable,No,Not Applicable,200,UPI,41,3.4,3.5
2024-07-31 17:21:00,CNR6357286329,Success,CID429771,Mini,Jayanagar,Vijayanagar,259.0,50.0,Not Applicable,Not Applicable,Yes,Customer Demand,385,Cash,1,3.6,4.1
2024-07-31 01:33:00,CNR6235786277,Success,CID103042,Mini,Devanahalli,Whitefield,161.0,75.0,Not Applicable,Not Applicable,No,Not Applicable,2190,Cash,3,4.1,4.7
2024-07-31 15:04:00,CNR6459476458,Canceled by Driver,CID214486,Auto,Sahakar Nagar,Frazer Town,,,Not Applicable,Customer related issue,Not Applicable,Not Applicable,106,Not Applicable,0,,
2024-07-31 03:32:00,CNR4067374048,Success,CID238459,Prime Plus,Marathahalli,Rajajinagar,196.0,65.0,Not Applicable,Not Applicable,No,Not Applicable,208,UPI,43,4.2,3.4
2024-07-31 01:57:00,CNR4859514852,Success,CID517349,Bike,Hennur,Rajarajeshwari Nagar,112.0,75.0,Not Applicable,Not Applicable,No,Not Applicable,491,UPI,40,4.0,3.5
2024-07-31 20:09:00,CNR5774005721,Success,CID554761,Mini,Rajarajeshwari Nagar,Nagarbhavi,189.0,140.0,Not Applicable,Not Applicable,No,Not Applicable,2581,Credit Card,21,4.8,4.9
2024-07-31 05:33:00,CNR3313653302,Success,CID209183,Prime SUV,Cox Town,Richmond Town,112.0,55.0,Not Applicable,Not Applicable,No,Not Applicable,890,Cash,6,3.1,4.2
2024-07-31 09:50:00,CNR5356715382,Canceled by Driver,CID923619,eBike,Hosur Road,KR Puram,,,Not Applicable,More than permitted people in there,Not Applicable,Not Applicable,454,Not Applicable,0,,
2024-07-31 22:48:00,CNR3786173740,Canceled by Driver,CID752485,Prime SUV,Basavanagudi,Varthur,,,Not Applicable,Customer related issue,Not Applicable,Not Applicable,296,Not Applicable,0,,
2024-07-31 02:14:00,CNR3291483274,Success,CID661110,Prime Sedan,Peenya,Marathahalli,84.0,145.0,Not Applicable,Not Applicable,No,Not Applicable,476,UPI,9,3.2,3.0
2024-07-31 07:47:00,CNR6342046309,Success,CID803880,Prime Sedan,Sarjapur Road,Shivajinagar,91.0,110.0,Not Applicable,Not Applicable,No,Not Applicable,224,Cash,25,4.4,4.5
2024-07-31 07:00:00,CNR7897767826,Success,CID656165,Bike,Whitefield,Cox Town,161.0,110.0,Not Applicable,Not Applicable,No,Not Applicable,650,Cash,9,4.5,4.5
2024-07-31 05:11:00,CNR9827839849,Success,CID183423,Prime Plus,Yeshwanthpur,Sarjapur Road,252.0,140.0,Not Applicable,Not Applicable,No,Not Applicable,475,UPI,10,4.8,3.9
2024-07-31 12:13:00,CNR4657764693,Success,CID137213,Prime SUV,Devanahalli,Devanahalli,259.0,95.0,Not Applicable,Not Applicable,No,Not Applicable,1411,Cash,11,4.0,3.9
2024-07-31 03:16:00,CNR7003837093,Canceled by Customer,CID506336,Prime Plus,JP Nagar,Electronic City,,,AC is Not working,Not Applicable,Not Applicable,Not Applicable,998,Not Applicable,0,,
2024-07-31 09:49:00,CNR6620906662,Canceled by Driver,CID123339,Bike,BTM Layout,Rajajinagar,,,Not Applicable,Customer related issue,Not Applicable,Not Applicable,444,Not Applicable,0,,
2024-07-31 02:16:00,CNR9732909768,Success,CID606668,Auto,Electronic City,Tumkur Road,238.0,95.0,Not Applicable,Not Applicable,No,Not Applicable,174,Cash,7,3.8,3.8
2024-07-31 11:35:00,CNR4735784777,Canceled by Customer,CID863777,Bike,Electronic City,Shivajinagar,,,Driver is not moving towards pickup location,Not Applicable,Not Applicable,Not Applicable,371,Not Applicable,0,,
2024-07-31 13:16:00,CNR4009514012,Success,CID717405,Bike,Electronic City,Malleshwaram,294.0,140.0,Not Applicable,Not Applicable,No,Not Applicable,111,Cash,7,4.1,4.8
2024-07-31 22:26:00,CNR7821897840,Driver Not Found,CID943664,Prime Sedan,Ramamurthy Nagar,Rajajinagar,,,Not Applicable,Not Applicable,Not Applicable,Not Applicable,2830,Not Applicable,0,,
2024-07-31 19:37:00,CNR2793182730,Success,CID985146,Bike,Vijayanagar,Banashankari,238.0,35.0,Not Applicable,Not Applicable,No,Not Applicable,169,Cash,37,4.4,3.9
2024-07-31 23:09:00,CNR1619671649,Success,CID361938,Prime Plus,Varthur,Shantinagar,294.0,35.0,Not Applicable,Not Applicable,No,Not Applicable,761,UPI,47,3.8,4.3
2024-07-31 15:39:00,CNR7111737184,Success,CID460197,Prime SUV,Mysore Road,Sarjapur Road,119.0,90.0,Not Applicable,Not Applicable,No,Not Applicable,478,Cash,29,3.5,3.1
2024-07-31 01:31:00,CNR1951491917,Success,CID540079,Prime Sedan,Jayanagar,Hennur,217.0,100.0,Not Applicable,Not Applicable,No,Not Applicable,246,UPI,31,3.1,3.2
2024-07-31 16:51:00,CNR5130045168,Success,CID401017,eBike,Malleshwaram,Ramamurthy Nagar,98.0,135.0,Not Applicable,Not Applicable,No,Not Applicable,261,Cash,47,3.8,4.2
2024-07-31 09:10:00,CNR1567561500,Success,CID130845,Prime SUV,Chamarajpet,Hulimavu,140.0,100.0,Not Applicable,Not Applicable,No,Not Applicable,968,Cash,35,3.8,3.8
2024-07-31 23:43:00,CNR4643704656,Success,CID922865,Mini,BTM Layout,Rajajinagar,196.0,100.0,Not Applicable,Not Applicable,No,Not Applicable,232,Cash,29,4.4,4.4
2024-07-31 10:22:00,CNR5774925746,Success,CID177121,Auto,Banashankari,Frazer Town,126.0,85.0,Not Applicable,Not Applicable,No,Not Applicable,403,Cash,12,3.3,4.8
2024-07-31 18:12:00,CNR9731459734,Driver Not Found,CID588777,Auto,Marathahalli,Yeshwanthpur,,,Not Applicable,Not Applicable,Not Applicable,Not Applicable,281,Not Applicable,0,,
2024-07-31 10:13:00,CNR8493548492,Success,CID379285,Mini,Frazer Town,RT Nagar,91.0,80.0,Not Applicable,Not Applicable,No,Not Applicable,814,Cash,44,3.5,4.9
2024-07-31 02:21:00,CNR9798229759,Success,CID179411,Auto,Yeshwanthpur,Jayanagar,133.0,55.0,Not Applicable,Not Applicable,No,Not Applicable,403,UPI,16,4.6,4.9
2024-07-31 20:18:00,CNR5066235001,Success,CID168397,Auto,Shivajinagar,Jayanagar,56.0,35.0,Not Applicable,Not Applicable,No,Not Applicable,804,Cash,10,4.0,4.7
2024-07-31 07:31:00,CNR9092189097,Canceled by Driver,CID497952,Bike,Cox Town,Bellandur,,,Not Applicable,Customer related issue,Not Applicable,Not Applicable,940,Not Applicable,0,,
2024-07-31 21:37:00,CNR4147634120,Success,CID271392,Mini,RT Nagar,RT Nagar,210.0,70.0,Not Applicable,Not Applicable,No,Not Applicable,296,UPI,45,4.9,4.1
2024-07-31 11:45:00,CNR5148465188,Success,CID392994,Auto,Devanahalli,Hennur,91.0,135.0,Not Applicable,Not Applicable,No,Not Applicable,460,UPI,11,4.4,3.8
2024-07-31 12:27:00,CNR7492987449,Success,CID907116,Mini,Shantinagar,Tumkur Road,154.0,95.0,Not Applicable,Not Applicable,No,Not Applicable,340,UPI,26,3.8,3.3
2024-07-31 13:52:00,CNR9210959237,Canceled by Customer,CID173474,Bike,BTM Layout,Sarjapur Road,,,AC is Not working,Not Applicable,Not Applicable,Not Applicable,904,Not Applicable,0,,
2024-07-31 02:40:00,CNR8692678635,Success,CID268503,Mini,BTM Layout,BTM Layout,273.0,130.0,Not Applicable,Not Applicable,No,Not Applicable,337,Cash,10,4.8,3.5
2024-07-31 11:55:00,CNR5235855253,Success,CID327881,eBike,Majestic,HSR Layout,189.0,85.0,Not Applicable,Not Applicable,No,Not Applicable,205,Cash,34,3.4,5.0
2024-07-31 02:28:00,CNR1034561056,Driver Not Found,CID191202,Bike,Hulimavu,Whitefield,,,Not Applicable,Not Applicable,Not Applicable,Not Applicable,881,Not Applicable,0,,
2024-07-31 18:10:00,CNR4438554465,Success,CID374245,eBike,RT Nagar,Majestic,294.0,140.0,Not Applicable,Not Applicable,No,Not Applicable,233,UPI,25,4.8,4.0
2024-07-31 00:47:00,CNR4257934290,Canceled by Customer,CID238935,Bike,Ulsoor,Richmond Town,,,Driver asked to cancel,Not Applicable,Not Applicable,Not Applicable,2460,Not Applicable,0,,
2024-07-31 06:57:00,CNR8568668536,Canceled by Driver,CID913446,Prime Plus,Yelahanka,Whitefield,,,Not Applicable,Customer was coughing/sick,Not Applicable,Not Applicable,874,Not Applicable,0,,
2024-07-31 23:46:00,CNR8422478454,Success,CID159636,Bike,Bellandur,Electronic City,175.0,90.0,Not Applicable,Not Applicable,No,Not Applicable,217,Cash,3,4.5,4.1
2024-07-31 07:01:00,CNR9310249395,Success,CID818043,Prime Plus,MG Road,Banashankari,175.0,50.0,Not Applicable,Not Applicable,No,Not Applicable,649,Cash,22,3.0,4.5
2024-07-31 19:15:00,CNR9433239409,Success,CID986750,eBike,Marathahalli,Mysore Road,273.0,35.0,Not Applicable,Not Applicable,No,Not Applicable,419,Debit Card,48,4.6,4.9
2024-07-31 18:20:00,CNR5750485793,Success,CID443329,Auto,Devanahalli,Cox Town,266.0,70.0,Not Applicable,Not Applicable,No,Not Applicable,616,Cash,5,3.2,4.3
2024-07-31 20:16:00,CNR4814274820,Canceled by Customer,CID158513,Prime Sedan,KR Puram,Tumkur Road,,,Driver asked to cancel,Not Applicable,Not Applicable,Not Applicable,400,Not Applicable,0,,
2024-07-31 12:48:00,CNR2109232111,Success,CID833981,Auto,Langford Town,Bellandur,133.0,140.0,Not Applicable,Not Applicable,No,Not Applicable,1085,Cash,15,5.0,3.4
2024-07-31 05:14:00,CNR7233527287,Success,CID579405,Prime Sedan,Rajarajeshwari Nagar,Nagarbhavi,77.0,35.0,Not Applicable,Not Applicable,No,Not Applicable,479,Cash,11,3.2,3.3
2024-07-31 12:58:00,CNR3455333452,Success,CID710552,Prime Plus,Ramamurthy Nagar,Hebbal,196.0,105.0,Not Applicable,Not Applicable,No,Not Applicable,405,UPI,21,4.6,4.8
2024-07-31 14:37:00,CNR8535258506,Canceled by Customer,CID961339,Prime Sedan,Kengeri,Basavanagudi,,,Change of plans,Not Applicable,Not Applicable,Not Applicable,226,Not Applicable,0,,
2024-07-31 01:59:00,CNR7932087945,Driver Not Found,CID756973,Prime Sedan,Kadugodi,RT Nagar,,,Not Applicable,Not Applicable,Not Applicable,Not Applicable,1090,Not Applicable,0,,
2024-07-31 11:21:00,CNR7996597902,Driver Not Found,CID645768,Prime Plus,Vijayanagar,Kengeri,,,Not Applicable,Not Applicable,Not Applicable,Not Applicable,192,Not Applicable,0,,
2024-07-31 05:35:00,CNR7100537142,Canceled by Driver,CID696246,Prime Sedan,Malleshwaram,Basavanagudi,,,Not Applicable,Customer was coughing/sick,Not Applicable,Not Applicable,442,Not Applicable,0,,
2024-07-31 23:22:00,CNR2922622982,Driver Not Found,CID830041,eBike,Sarjapur Road,Chickpet,,,Not Applicable,Not Applicable,Not Applicable,Not Applicable,863,Not Applicable,0,,
2024-07-31 00:14:00,CNR8509148532,Canceled by Driver,CID768010,eBike,Mysore Road,Kengeri,,,Not Applicable,Customer related issue,Not Applicable,Not Applicable,214,Not Applicable,0,,
2024-07-31 21:23:00,CNR4071664063,Success,CID902403,Auto,Nagarbhavi,Koramangala,112.0,65.0,Not Applicable,Not Applicable,No,Not Applicable,2969,UPI,16,3.6,3.4
2024-07-31 04:17:00,CNR7405287484,Success,CID964822,eBike,Langford Town,Frazer Town,91.0,35.0,Not Applicable,Not Applicable,No,Not Applicable,920,Cash,5,3.2,3.7
2024-07-31 04:12:00,CNR9543949569,Success,CID632194,Prime SUV,Cox Town,Sahakar Nagar,35.0,95.0,Not Applicable,Not Applicable,No,Not Applicable,499,Cash,32,4.7,4.2
2024-07-31 11:37:00,CNR6482676444,Success,CID354616,Prime Plus,Sarjapur Road,JP Nagar,287.0,35.0,Not Applicable,Not Applicable,No,Not Applicable,315,UPI,28,3.6,3.1
2024-07-31 19:49:00,CNR9462239479,Success,CID756256,Prime SUV,Magadi Road,Whitefield,203.0,130.0,Not Applicable,Not Applicable,No,Not Applicable,259,Cash,8,4.1,4.7
2024-07-31 13:05:00,CNR6132216111,Success,CID246740,eBike,Koramangala,Richmond Town,84.0,80.0,Not Applicable,Not Applicable,Yes,Vehicle Breakdown,275,Cash,22,4.8,3.9
2024-07-31 21:16:00,CNR3025953012,Success,CID763508,Prime SUV,Whitefield,Varthur,273.0,25.0,Not Applicable,Not Applicable,No,Not Applicable,451,Cash,40,3.6,4.2
2024-07-31 18:44:00,CNR6534886513,Success,CID321085,Bike,HSR Layout,KR Puram,35.0,130.0,Not Applicable,Not Applicable,No,Not Applicable,141,Cash,21,3.1,4.9
2024-07-31 05:49:00,CNR1122221144,Success,CID689712,Prime Sedan,Peenya,Frazer Town,161.0,35.0,Not Applicable,Not Applicable,No,Not Applicable,386,Cash,47,3.1,3.6
2024-07-31 21:06:00,CNR2182112160,Success,CID139602,Prime Sedan,Banashankari,Frazer Town,49.0,70.0,Not Applicable,Not Applicable,No,Not Applicable,777,Cash,16,4.4,4.6
2024-07-31 21:30:00,CNR9048309061,Canceled by Driver,CID858054,Prime Sedan,Sarjapur Road,JP Nagar,,,Not Applicable,Personal & Car related issue,Not Applicable,Not Applicable,374,Not Applicable,0,,
2024-07-31 10:07:00,CNR7598527510,Success,CID203635,Mini,Ramamurthy Nagar,Cox Town,294.0,140.0,Not Applicable,Not Applicable,No,Not Applicable,336,Cash,24,3.9,4.5
2024-07-31 02:51:00,CNR8031918001,Success,CID415901,Bike,Sarjapur Road,Padmanabhanagar,112.0,60.0,Not Applicable,Not Applicable,No,Not Applicable,418,UPI,1,4.8,3.6
2024-07-31 06:23:00,CNR7551787569,Success,CID592680,Mini,Hennur,Devanahalli,161.0,45.0,Not Applicable,Not Applicable,No,Not Applicable,772,Cash,38,4.0,3.5
2024-07-31 00:05:00,CNR3038383019,Driver Not Found,CID465260,Mini,Kengeri,Richmond Town,,,Not Applicable,Not Applicable,Not Applicable,Not Applicable,439,Not Applicable,0,,
2024-07-31 12:31:00,CNR1089721066,Canceled by Driver,CID618029,Prime Plus,BTM Layout,Cox Town,,,Not Applicable,Customer related issue,Not Applicable,Not Applicable,440,Not Applicable,0,,
2024-07-31 14:08:00,CNR9215679267,Canceled by Customer,CID428343,Mini,Hebbal,Yelahanka,,,Wrong Address,Not Applicable,Not Applicable,Not Applicable,542,Not Applicable,0,,
2024-07-31 00:40:00,CNR1500201523,Canceled by Customer,CID943850,eBike,Whitefield,HSR Layout,,,Driver is not moving towards pickup location,Not Applicable,Not Applicable,Not Applicable,242,Not Applicable,0,,
2024-07-31 04:25:00,CNR3682473613,Canceled by Customer,CID620454,Prime Plus,Shivajinagar,Langford Town,,,Change of plans,Not Applicable,Not Applicable,Not Applicable,466,Not Applicable,0,,
2024-07-31 22:06:00,CNR9620379698,Success,CID300828,Auto,Bellandur,Yelahanka,105.0,40.0,Not Applicable,Not Applicable,No,Not Applicable,1669,Cash,17,4.7,3.7
2024-07-31 01:16:00,CNR9199779198,Canceled by Customer,CID199677,Bike,Langford Town,Bellandur,,,Driver asked to cancel,Not Applicable,Not Applicable,Not Applicable,698,Not Applicable,0,,
2024-07-31 11:25:00,CNR2483002442,Success,CID496493,Bike,KR Puram,Chamarajpet,252.0,100.0,Not Applicable,Not Applicable,Yes,Vehicle Breakdown,101,Credit Card,34,3.4,3.8
2024-07-31 21:47:00,CNR6136076128,Canceled by Driver,CID395904,Prime SUV,Langford Town,Rajarajeshwari Nagar,,,Not Applicable,More than permitted people in there,Not Applicable,Not Applicable,440,Not Applicable,0,,
2024-07-31 02:52:00,CNR6232216265,Canceled by Driver,CID622335,Auto,HSR Layout,Whitefield,,,Not Applicable,Personal & Car related issue,Not Applicable,Not Applicable,133,Not Applicable,0,,
2024-07-31 15:41:00,CNR5384055332,Success,CID542264,Bike,RT Nagar,Peenya,42.0,95.0,Not Applicable,Not Applicable,Yes,Other Issue,120,Cash,22,4.3,3.4
2024-07-31 11:17:00,CNR1172441123,Success,CID708313,Prime Plus,Mysore Road,Devanahalli,140.0,90.0,Not Applicable,Not Applicable,No,Not Applicable,318,Cash,16,4.6,3.6
2024-07-31 04:37:00,CNR9872639849,Canceled by Customer,CID355105,Mini,Chamarajpet,Jayanagar,,,Change of plans,Not Applicable,Not Applicable,Not Applicable,469,Not Applicable,0,,
2024-07-31 11:41:00,CNR5187385191,Canceled by Customer,CID310534,Auto,Rajarajeshwari Nagar,MG Road,,,Driver is not moving towards pickup location,Not Applicable,Not Applicable,Not Applicable,190,Not Applicable,0,,
2024-07-31 20:07:00,CNR8728178794,Canceled by Driver,CID444249,Prime Plus,Vijayanagar,Kengeri,,,Not Applicable,Personal & Car related issue,Not Applicable,Not Applicable,443,Not Applicable,0,,
2024-07-31 05:09:00,CNR9036259097,Driver Not Found,CID598873,Prime SUV,Koramangala,Ramamurthy Nagar,,,Not Applicable,Not Applicable,Not Applicable,Not Applicable,157,Not Applicable,0,,
2024-07-31 01:15:00,CNR9033439029,Success,CID744314,Prime Plus,Majestic,Banashankari,259.0,60.0,Not Applicable,Not Applicable,No,Not Applicable,125,UPI,32,3.7,4.3
2024-07-31 19:21:00,CNR3258713225,Success,CID362867,Mini,Sarjapur Road,HSR Layout,105.0,80.0,Not Applicable,Not Applicable,No,Not Applicable,366,UPI,6,3.6,4.6
2024-07-31 07:22:00,CNR7554567575,Success,CID457747,Auto,Padmanabhanagar,Devanahalli,252.0,70.0,Not Applicable,Not Applicable,No,Not Applicable,141,Cash,11,3.8,3.5
2024-07-31 09:40:00,CNR5466745464,Driver Not Found,CID109100,Mini,Sarjapur Road,Basavanagudi,,,Not Applicable,Not Applicable,Not Applicable,Not Applicable,863,Not Applicable,0,,
2024-07-31 02:34:00,CNR9798759701,Canceled by Driver,CID394103,Auto,Kammanahalli,Indiranagar,,,Not Applicable,Customer related issue,Not Applicable,Not Applicable,257,Not Applicable,0,,
2024-07-31 22:50:00,CNR7165217138,Canceled by Driver,CID627147,Prime SUV,HSR Layout,KR Puram,,,Not Applicable,Personal & Car related issue,Not Applicable,Not Applicable,2764,Not Applicable,0,,
2024-07-31 13:20:00,CNR3949043928,Success,CID230978,eBike,Devanahalli,Varthur,280.0,55.0,Not Applicable,Not Applicable,No,Not Applicable,121,Cash,45,4.2,4.6
2024-07-31 01:33:00,CNR7508567535,Success,CID944473,Prime SUV,Rajajinagar,Hennur,189.0,115.0,Not Applicable,Not Applicable,No,Not Applicable,226,Cash,31,4.7,3.2
2024-07-31 14:26:00,CNR1612491607,Success,CID200845,Mini,Langford Town,KR Puram,140.0,60.0,Not Applicable,Not Applicable,No,Not Applicable,403,UPI,2,4.9,4.1
2024-07-31 11:19:00,CNR4213064234,Driver Not Found,CID342446,Prime SUV,Shantinagar,Devanahalli,,,Not Applicable,Not Applicable,Not Applicable,Not Applicable,2512,Not Applicable,0,,
2024-07-31 12:57:00,CNR8886788875,Canceled by Driver,CID356236,eBike,Peenya,Kadugodi,,,Not Applicable,Customer related issue,Not Applicable,Not Applicable,1303,Not Applicable,0,,
2024-07-31 03:22:00,CNR4303074375,Success,CID777143,eBike,Frazer Town,Majestic,84.0,85.0,Not Applicable,Not Applicable,No,Not Applicable,278,Cash,39,3.0,4.0
2024-07-31 03:00:00,CNR3637533647,Canceled by Customer,CID964073,Prime Plus,Banashankari,Tumkur Road,,,Driver asked to cancel,Not Applicable,Not Applicable,Not Applicable,403,Not Applicable,0,,
2024-07-31 12:40:00,CNR9677039696,Driver Not Found,CID894422,Prime Sedan,Tumkur Road,Hosur Road,,,Not Applicable,Not Applicable,Not Applicable,Not Applicable,310,Not Applicable,0,,
2024-07-31 02:14:00,CNR2176932136,Canceled by Driver,CID451626,Prime Sedan,Yeshwanthpur,Koramangala,,,Not Applicable,Personal & Car related issue,Not Applicable,Not Applicable,177,Not Applicable,0,,
2024-07-31 06:19:00,CNR9966049900,Success,CID700192,Mini,Basavanagudi,Kadugodi,196.0,130.0,Not Applicable,Not Applicable,No,Not Applicable,231,Cash,1,4.3,3.1
2024-07-31 11:07:00,CNR5047505091,Canceled by Driver,CID493692,Prime SUV,Rajajinagar,Chickpet,,,Not Applicable,Customer related issue,Not Applicable,Not Applicable,2307,Not Applicable,0,,
2024-07-31 06:46:00,CNR4002074004,Canceled by Driver,CID352678,Auto,Yeshwanthpur,Chickpet,,,Not Applicable,Personal & Car related issue,Not Applicable,Not Applicable,138,Not Applicable,0,,
2024-07-31 13:40:00,CNR9100929189,Success,CID669455,Mini,Hennur,Sahakar Nagar,210.0,80.0,Not Applicable,Not Applicable,No,Not Applicable,329,UPI,48,4.6,4.6
2024-07-31 12:34:00,CNR6288516203,Canceled by Driver,CID223659,Mini,Vijayanagar,Chamarajpet,,,Not Applicable,Personal & Car related issue,Not Applicable,Not Applicable,120,Not Applicable,0,,
2024-07-31 13:20:00,CNR4775124767,Success,CID851932,Prime SUV,Bellandur,Hosur Road,154.0,75.0,Not Applicable,Not Applicable,No,Not Applicable,360,Cash,49,4.8,3.3
2024-07-31 02:27:00,CNR1415981418,Success,CID662805,Mini,Shantinagar,Richmond Town,287.0,75.0,Not Applicable,Not Applicable,No,Not Applicable,440,Cash,43,3.9,4.7
2024-07-31 20:41:00,CNR5938145963,Success,CID289038,Mini,Padmanabhanagar,Electronic City,91.0,120.0,Not Applicable,Not Applicable,No,Not Applicable,285,UPI,46,3.1,4.3
2024-07-31 10:17:00,CNR7052227067,Success,CID126799,Prime Sedan,Cox Town,Richmond Town,287.0,40.0,Not Applicable,Not Applicable,No,Not Applicable,426,Cash,33,3.9,3.2
2024-07-31 23:47:00,CNR8348398328,Driver Not Found,CID355658,Auto,Hosur Road,JP Nagar,,,Not Applicable,Not Applicable,Not Applicable,Not Applicable,357,Not Applicable,0,,
2024-07-31 16:26:00,CNR4082734021,Success,CID528327,Mini,Padmanabhanagar,Jayanagar,154.0,35.0,Not Applicable,Not Applicable,No,Not Applicable,135,UPI,25,4.3,3.8
2024-07-31 20:34:00,CNR7153237149,Canceled by Customer,CID423075,Auto,Kammanahalli,Malleshwaram,,,Driver is not moving towards pickup location,Not Applicable,Not Applicable,Not Applicable,325,Not Applicable,0,,
2024-07-31 07:30:00,CNR5894825849,Canceled by Customer,CID756399,Prime Plus,Banashankari,RT Nagar,,,Wrong Address,Not Applicable,Not Applicable,Not Applicable,1729,Not Applicable,0,,
2024-07-31 10:24:00,CNR4187074176,Canceled by Driver,CID230870,Bike,Jayanagar,Malleshwaram,,,Not Applicable,Customer related issue,Not Applicable,Not Applicable,392,Not Applicable,0,,
2024-07-31 18:38:00,CNR2381062394,Driver Not Found,CID978160,Auto,Ulsoor,Rajajinagar,,,Not Applicable,Not Applicable,Not Applicable,Not Applicable,404,Not Applicable,0,,
2024-07-31 14:19:00,CNR6174156106,Canceled by Driver,CID489033,Prime SUV,Hebbal,Banashankari,,,Not Applicable,More than permitted people in there,Not Applicable,Not Applicable,183,Not Applicable,0,,
2024-07-31 16:15:00,CNR3662113674,Canceled by Driver,CID995245,eBike,Koramangala,HSR Layout,,,Not Applicable,Customer related issue,Not Applicable,Not Applicable,107,Not Applicable,0,,
2024-07-31 05:16:00,CNR6857196814,Success,CID244404,Prime SUV,Whitefield,Langford Town,70.0,75.0,Not Applicable,Not Applicable,No,Not Applicable,390,UPI,18,4.9,4.6
2024-07-31 10:13:00,CNR8547128555,Driver Not Found,CID858719,Mini,Marathahalli,Rajajinagar,,,Not Applicable,Not Applicable,Not Applicable,Not Applicable,358,Not Applicable,0,,
2024-07-31 08:51:00,CNR5135005170,Success,CID261657,Prime SUV,Yelahanka,Ulsoor,287.0,60.0,Not Applicable,Not Applicable,No,Not Applicable,116,Cash,10,3.5,4.8
2024-07-31 09:34:00,CNR7058417052,Success,CID827441,Auto,Kadugodi,Vijayanagar,119.0,45.0,Not Applicable,Not Applicable,No,Not Applicable,148,Cash,18,4.5,5.0
2024-07-31 07:28:00,CNR5655125671,Canceled by Driver,CID513380,Prime Plus,Vijayanagar,Mysore Road,,,Not Applicable,More than permitted people in there,Not Applicable,Not Applicable,314,Not Applicable,0,,
2024-07-31 09:41:00,CNR6381606346,Canceled by Driver,CID725293,Prime Sedan,Yeshwanthpur,Basavanagudi,,,Not Applicable,Customer was coughing/sick,Not Applicable,Not Applicable,175,Not Applicable,0,,
2024-07-31 05:34:00,CNR7356007375,Success,CID510570,Prime SUV,Peenya,Hennur,294.0,55.0,Not Applicable,Not Applicable,No,Not Applicable,453,UPI,9,4.8,4.0
2024-07-31 11:44:00,CNR9340579393,Success,CID821292,eBike,Bannerghatta Road,Vijayanagar,63.0,130.0,Not Applicable,Not Applicable,No,Not Applicable,265,Cash,10,4.8,4.7
2024-07-31 06:16:00,CNR7751087788,Success,CID257588,Mini,Bellandur,Bannerghatta Road,154.0,50.0,Not Applicable,Not Applicable,No,Not Applicable,212,Credit Card,18,4.0,4.9
2024-07-31 10:47:00,CNR1563461534,Driver Not Found,CID815168,Prime Plus,HSR Layout,BTM Layout,,,Not Applicable,Not Applicable,Not Applicable,Not Applicable,499,Not Applicable,0,,
2024-07-31 04:54:00,CNR5093115094,Driver Not Found,CID342374,Mini,Marathahalli,Chickpet,,,Not Applicable,Not Applicable,Not Applicable,Not Applicable,953,Not Applicable,0,,
2024-07-31 20:14:00,CNR1945571972,Success,CID600657,Prime Sedan,Devanahalli,Chamarajpet,126.0,60.0,Not Applicable,Not Applicable,No,Not Applicable,648,Cash,22,3.6,4.7
2024-07-31 02:20:00,CNR7521507521,Success,CID354833,eBike,Rajarajeshwari Nagar,Marathahalli,245.0,95.0,Not Applicable,Not Applicable,No,Not Applicable,485,Cash,7,3.1,4.4
2024-07-31 00:31:00,CNR5665255647,Success,CID736270,Prime Sedan,Majestic,Yeshwanthpur,203.0,65.0,Not Applicable,Not Applicable,No,Not Applicable,583,Cash,49,3.7,4.0
2024-07-31 03:14:00,CNR1834921849,Success,CID314709,Bike,Marathahalli,Vijayanagar,49.0,75.0,Not Applicable,Not Applicable,No,Not Applicable,308,Cash,1,4.1,4.7
2024-07-31 11:41:00,CNR7444287489,Driver Not Found,CID459754,Bike,Hebbal,Devanahalli,,,Not Applicable,Not Applicable,Not Applicable,Not Applicable,412,Not Applicable,0,,
2024-07-31 21:28:00,CNR1389261311,Driver Not Found,CID727994,eBike,Tumkur Road,Bannerghatta Road,,,Not Applicable,Not Applicable,Not Applicable,Not Applicable,167,Not Applicable,0,,
2024-07-31 17:48:00,CNR6625236654,Success,CID984950,Prime SUV,Koramangala,Chamarajpet,210.0,125.0,Not Applicable,Not Applicable,No,Not Applicable,164,Credit Card,19,3.8,4.2
2024-07-31 18:26:00,CNR7624537633,Success,CID293415,Mini,Kadugodi,Varthur,280.0,125.0,Not Applicable,Not Applicable,No,Not Applicable,218,UPI,48,4.1,3.6
2024-07-31 21:48:00,CNR3197343106,Success,CID975898,Prime Sedan,Kengeri,Hebbal,154.0,75.0,Not Applicable,Not Applicable,No,Not Applicable,261,Cash,42,4.7,3.7
2024-07-31 07:19:00,CNR7978897927,Success,CID427520,eBike,Rajajinagar,Sahakar Nagar,70.0,65.0,Not Applicable,Not Applicable,No,Not Applicable,269,UPI,16,3.7,4.8
2024-07-31 16:54:00,CNR2240342255,Success,CID295570,Auto,Shantinagar,Frazer Town,49.0,55.0,Not Applicable,Not Applicable,No,Not Applicable,799,UPI,16,4.5,3.6
2024-07-31 01:12:00,CNR9381069306,Driver Not Found,CID252235,Mini,Rajajinagar,Frazer Town,,,Not Applicable,Not Applicable,Not Applicable,Not Applicable,139,Not Applicable,0,,
2024-07-31 00:25:00,CNR7357987326,Success,CID492680,Prime Plus,Rajarajeshwari Nagar,Magadi Road,182.0,25.0,Not Applicable,Not Applicable,No,Not Applicable,467,Cash,21,3.0,5.0
2024-07-31 17:52:00,CNR4843254818,Canceled by Driver,CID123969,eBike,Electronic City,Mysore Road,,,Not Applicable,Personal & Car related issue,Not Applicable,Not Applicable,167,Not Applicable,0,,
2024-07-31 05:22:00,CNR8202608235,Success,CID163476,eBike,Hebbal,KR Puram,84.0,140.0,Not Applicable,Not Applicable,No,Not Applicable,646,Cash,21,3.9,3.6
2024-07-31 00:12:00,CNR5479065485,Success,CID518224,Bike,Malleshwaram,Varthur,245.0,105.0,Not Applicable,Not Applicable,No,Not Applicable,1960,UPI,43,4.8,3.4
2024-07-31 21:56:00,CNR2386542358,Canceled by Driver,CID426273,Prime Plus,Devanahalli,Sahakar Nagar,,,Not Applicable,Customer was coughing/sick,Not Applicable,Not Applicable,185,Not Applicable,0,,
2024-07-31 03:07:00,CNR1691461625,Canceled by Customer,CID698210,Auto,Hebbal,HSR Layout,,,Change of plans,Not Applicable,Not Applicable,Not Applicable,452,Not Applicable,0,,
2024-07-31 08:09:00,CNR4963374998,Canceled by Driver,CID372430,Auto,Kadugodi,Shivajinagar,,,Not Applicable,Personal & Car related issue,Not Applicable,Not Applicable,292,Not Applicable,0,,
2024-07-31 01:19:00,CNR2340452342,Driver Not Found,CID354511,Mini,Shantinagar,Basavanagudi,,,Not Applicable,Not Applicable,Not Applicable,Not Applicable,641,Not Applicable,0,,
2024-07-31 09:18:00,CNR7268207265,Driver Not Found,CID743879,Auto,Varthur,Vijayanagar,,,Not Applicable,Not Applicable,Not Applicable,Not Applicable,111,Not Applicable,0,,
2024-07-31 17:36:00,CNR7583607576,Success,CID867484,Mini,Sahakar Nagar,Shantinagar,91.0,120.0,Not Applicable,Not Applicable,No,Not Applicable,191,Cash,35,3.3,4.7
2024-07-31 07:24:00,CNR3937923906,Canceled by Driver,CID499519,Auto,Langford Town,Varthur,,,Not Applicable,More than permitted people in there,Not Applicable,Not Applicable,2426,Not Applicable,0,,
2024-07-31 16:05:00,CNR1979191944,Success,CID668732,eBike,Indiranagar,Richmond Town,140.0,30.0,Not Applicable,Not Applicable,No,Not Applicable,438,Cash,36,3.5,4.8
2024-07-31 07:35:00,CNR5107575177,Canceled by Driver,CID654226,Prime SUV,Peenya,Shivajinagar,,,Not Applicable,Customer was coughing/sick,Not Applicable,Not Applicable,2562,Not Applicable,0,,
2024-07-31 17:16:00,CNR9587829516,Success,CID380678,eBike,Kammanahalli,Bellandur,245.0,75.0,Not Applicable,Not Applicable,No,Not Applicable,386,UPI,1,3.2,4.7
2024-07-31 21:55:00,CNR2928612995,Success,CID956984,Auto,Marathahalli,Ulsoor,231.0,85.0,Not Applicable,Not Applicable,No,Not Applicable,327,Cash,12,4.2,3.6
2024-07-31 06:35:00,CNR6042746008,Success,CID648190,Bike,Kammanahalli,Vijayanagar,56.0,100.0,Not Applicable,Not Applicable,No,Not Applicable,1002,Cash,42,3.4,4.1
2024-07-31 18:10:00,CNR8741388778,Success,CID269970,Prime Plus,Mysore Road,Marathahalli,273.0,110.0,Not Applicable,Not Applicable,No,Not Applicable,806,UPI,44,3.2,3.4
2024-07-31 22:43:00,CNR3076203035,Driver Not Found,CID609327,Prime SUV,BTM Layout,JP Nagar,,,Not Applicable,Not Applicable,Not Applicable,Not Applicable,481,Not Applicable,0,,
2024-07-31 03:05:00,CNR4383734335,Canceled by Driver,CID538775,Mini,Cox Town,Rajajinagar,,,Not Applicable,More than permitted people in there,Not Applicable,Not Applicable,207,Not Applicable,0,,
2024-07-31 21:56:00,CNR7371197321,Success,CID349756,Auto,Hebbal,RT Nagar,42.0,70.0,Not Applicable,Not Applicable,No,Not Applicable,144,Cash,13,4.8,4.4
2024-07-31 17:47:00,CNR8275108260,Success,CID255616,Auto,Majestic,MG Road,98.0,30.0,Not Applicable,Not Applicable,No,Not Applicable,141,Cash,3,3.7,3.9
2024-07-31 22:34:00,CNR7041217025,Canceled by Customer,CID171763,Prime SUV,Malleshwaram,Kammanahalli,,,Driver asked to cancel,Not Applicable,Not Applicable,Not Applicable,457,Not Applicable,0,,
2024-07-31 06:12:00,CNR5399625361,Canceled by Driver,CID163392,Prime Plus,Kengeri,MG Road,,,Not Applicable,Customer related issue,Not Applicable,Not Applicable,199,Not Applicable,0,,
2024-07-31 17:42:00,CNR5863025846,Success,CID643045,eBike,Whitefield,RT Nagar,182.0,120.0,Not Applicable,Not Applicable,No,Not Applicable,316,Cash,49,4.5,4.5
2024-07-31 07:41:00,CNR6205516283,Success,CID853185,Auto,JP Nagar,Rajajinagar,112.0,60.0,Not Applicable,Not Applicable,No,Not Applicable,270,UPI,5,3.4,3.9
2024-07-31 07:56:00,CNR2586002593,Success,CID644698,Prime SUV,Mysore Road,Hosur Road,147.0,90.0,Not Applicable,Not Applicable,No,Not Applicable,348,Credit Card,45,4.8,4.6
2024-07-31 16:36:00,CNR2594032549,Canceled by Customer,CID501442,Prime Sedan,Hosur Road,Shivajinagar,,,Driver is not moving towards pickup location,Not Applicable,Not Applicable,Not Applicable,421,Not Applicable,0,,
2024-07-31 05:17:00,CNR8615368612,Success,CID970092,eBike,Marathahalli,Padmanabhanagar,112.0,30.0,Not Applicable,Not Applicable,No,Not Applicable,430,UPI,44,3.4,3.1
2024-07-31 11:55:00,CNR4694584684,Success,CID161551,Prime SUV,Richmond Town,Padmanabhanagar,56.0,90.0,Not Applicable,Not Applicable,No,Not Applicable,103,Cash,42,4.9,4.3
2024-07-31 20:22:00,CNR7216907233,Success,CID696447,Prime Sedan,Frazer Town,Sahakar Nagar,182.0,65.0,Not Applicable,Not Applicable,No,Not Applicable,480,UPI,13,3.9,4.2
2024-07-31 11:38:00,CNR4036024056,Success,CID402812,Mini,Hebbal,Koramangala,126.0,75.0,Not Applicable,Not Applicable,No,Not Applicable,217,Cash,28,4.2,4.4
2024-07-31 09:41:00,CNR5250115251,Success,CID842963,eBike,Magadi Road,Yelahanka,35.0,35.0,Not Applicable,Not Applicable,No,Not Applicable,230,Cash,21,4.5,4.0
2024-07-31 04:43:00,CNR8068988004,Success,CID868059,Auto,Langford Town,Hennur,112.0,65.0,Not Applicable,Not Applicable,No,Not Applicable,187,UPI,8,3.5,3.3
2024-07-31 22:09:00,CNR9848109854,Canceled by Driver,CID857450,Mini,Indiranagar,Koramangala,,,Not Applicable,Personal & Car related issue,Not Applicable,Not Applicable,276,Not Applicable,0,,
2024-07-31 23:05:00,CNR8017528000,Success,CID639986,Mini,Varthur,MG Road,266.0,40.0,Not Applicable,Not Applicable,No,Not Applicable,482,UPI,38,4.1,3.0
2024-07-31 22:45:00,CNR6708446700,Canceled by Driver,CID611536,eBike,Hulimavu,HSR Layout,,,Not Applicable,Personal & Car related issue,Not Applicable,Not Applicable,375,Not Applicable,0,,
2024-07-31 20:53:00,CNR2443902416,Success,CID274166,Prime Sedan,Hebbal,Kengeri,259.0,135.0,Not Applicable,Not Applicable,No,Not Applicable,194,Cash,37,3.4,3.3
2024-07-31 07:40:00,CNR9776189780,Canceled by Driver,CID749465,Auto,Indiranagar,HSR Layout,,,Not Applicable,Personal & Car related issue,Not Applicable,Not Applicable,1213,Not Applicable,0,,
2024-07-31 11:38:00,CNR7810047892,Canceled by Driver,CID222248,Auto,RT Nagar,RT Nagar,,,Not Applicable,Customer related issue,Not Applicable,Not Applicable,298,Not Applicable,0,,
2024-07-31 02:09:00,CNR6704336798,Success,CID719700,eBike,Sarjapur Road,Tumkur Road,56.0,65.0,Not Applicable,Not Applicable,No,Not Applicable,420,UPI,40,3.8,4.4
2024-07-31 20:44:00,CNR5094155039,Canceled by Customer,CID808562,Prime SUV,Malleshwaram,Hulimavu,,,Driver asked to cancel,Not Applicable,Not Applicable,Not Applicable,378,Not Applicable,0,,
2024-07-31 22:22:00,CNR4495554430,Driver Not Found,CID801445,Prime Plus,Frazer Town,Rajajinagar,,,Not Applicable,Not Applicable,Not Applicable,Not Applicable,137,Not Applicable,0,,
2024-07-31 11:18:00,CNR6192856177,Success,CID515402,Prime Plus,Kadugodi,Kammanahalli,301.0,140.0,Not Applicable,Not Applicable,No,Not Applicable,1147,Cash,33,4.1,3.3
2024-07-31 15:22:00,CNR1816721871,Success,CID881179,eBike,MG Road,Devanahalli,308.0,130.0,Not Applicable,Not Applicable,No,Not Applicable,169,Cash,8,4.7,3.8
2024-07-31 04:10:00,CNR5848185840,Success,CID212591,Auto,Ramamurthy Nagar,Cox Town,140.0,145.0,Not Applicable,Not Applicable,No,Not Applicable,112,Cash,11,3.8,3.4
2024-07-31 23:32:00,CNR7034357054,Canceled by Customer,CID874092,Bike,Ramamurthy Nagar,Peenya,,,Driver asked to cancel,Not Applicable,Not Applicable,Not Applicable,110,Not Applicable,0,,
2024-07-31 18:18:00,CNR1103701184,Success,CID956467,Auto,Chickpet,Hulimavu,245.0,110.0,Not Applicable,Not Applicable,No,Not Applicable,104,Credit Card,2,4.9,3.5
2024-07-31 03:06:00,CNR1676251646,Success,CID662837,Mini,Jayanagar,Vijayanagar,217.0,130.0,Not Applicable,Not Applicable,No,Not Applicable,373,UPI,2,5.0,5.0
2024-07-31 08:42:00,CNR4061714072,Success,CID579785,Prime Sedan,Jayanagar,Sarjapur Road,175.0,65.0,Not Applicable,Not Applicable,No,Not Applicable,1614,UPI,19,3.3,4.2
2024-07-31 03:27:00,CNR2200102286,Canceled by Customer,CID385122,eBike,Shantinagar,Indiranagar,,,Driver is not moving towards pickup location,Not Applicable,Not Applicable,Not Applicable,316,Not Applicable,0,,
2024-07-31 00:19:00,CNR3447303440,Canceled by Customer,CID805554,Mini,Yeshwanthpur,Whitefield,,,Driver is not moving towards pickup location,Not Applicable,Not Applicable,Not Applicable,244,Not Applicable,0,,
2024-07-31 17:08:00,CNR7868327840,Driver Not Found,CID353839,Auto,Mysore Road,Chamarajpet,,,Not Applicable,Not Applicable,Not Applicable,Not Applicable,1404,Not Applicable,0,,
2024-07-31 06:26:00,CNR7870037808,Canceled by Driver,CID141769,Mini,Magadi Road,Hennur,,,Not Applicable,Customer related issue,Not Applicable,Not Applicable,167,Not Applicable,0,,
2024-07-31 06:49:00,CNR9269859271,Success,CID714112,Mini,Hebbal,Devanahalli,63.0,85.0,Not Applicable,Not Applicable,No,Not Applicable,132,UPI,36,4.2,3.5
2024-07-31 23:37:00,CNR6173186184,Success,CID753048,Prime Plus,Langford Town,RT Nagar,210.0,85.0,Not Applicable,Not Applicable,No,Not Applicable,107,Cash,22,3.4,4.9
2024-07-31 11:43:00,CNR1121491130,Success,CID802495,eBike,Varthur,Cox Town,112.0,120.0,Not Applicable,Not Applicable,No,Not Applicable,238,Cash,42,4.3,3.4
2024-07-31 19:33:00,CNR8883868854,Driver Not Found,CID943997,Prime SUV,Nagarbhavi,Indiranagar,,,Not Applicable,Not Applicable,Not Applicable,Not Applicable,890,Not Applicable,0,,
2024-07-31 23:00:00,CNR9392199379,Canceled by Driver,CID776736,eBike,Langford Town,Yeshwanthpur,,,Not Applicable,Customer was coughing/sick,Not Applicable,Not Applicable,481,Not Applicable,0,,
2024-07-31 17:24:00,CNR1011371077,Success,CID584486,Mini,Whitefield,Shantinagar,140.0,55.0,Not Applicable,Not Applicable,No,Not Applicable,141,Cash,25,4.0,3.7
2024-07-31 14:22:00,CNR8220358266,Success,CID942876,Mini,Chamarajpet,Kammanahalli,210.0,80.0,Not Applicable,Not Applicable,No,Not Applicable,138,Cash,3,4.9,4.7
2024-07-31 17:45:00,CNR5229225233,Success,CID578003,Auto,Indiranagar,Koramangala,301.0,80.0,Not Applicable,Not Applicable,No,Not Applicable,2707,Cash,15,3.8,4.7
2024-07-31 04:37:00,CNR6178506171,Canceled by Customer,CID168802,eBike,RT Nagar,Langford Town,,,Driver asked to cancel,Not Applicable,Not Applicable,Not Applicable,636,Not Applicable,0,,
2024-07-31 20:12:00,CNR9121079188,Canceled by Driver,CID389037,Bike,JP Nagar,RT Nagar,,,Not Applicable,Customer was coughing/sick,Not Applicable,Not Applicable,975,Not Applicable,0,,
2024-07-31 00:26:00,CNR4311714312,Canceled by Customer,CID785112,Bike,Shivajinagar,Indiranagar,,,Change of plans,Not Applicable,Not Applicable,Not Applicable,2944,Not Applicable,0,,
2024-07-31 12:36:00,CNR1515921553,Canceled by Customer,CID747865,Auto,Richmond Town,KR Puram,,,Driver is not moving towards pickup location,Not Applicable,Not Applicable,Not Applicable,166,Not Applicable,0,,
2024-07-31 04:35:00,CNR1599391530,Success,CID718190,Prime Sedan,Yeshwanthpur,Vijayanagar,210.0,125.0,Not Applicable,Not Applicable,No,Not Applicable,337,Cash,2,4.1,3.4
2024-07-31 02:55:00,CNR8742858799,Canceled by Driver,CID132869,Mini,Hosur Road,Tumkur Road,,,Not Applicable,Customer was coughing/sick,Not Applicable,Not Applicable,906,Not Applicable,0,,
2024-07-31 04:53:00,CNR8468458478,Success,CID555993,Auto,Cox Town,Malleshwaram,70.0,130.0,Not Applicable,Not Applicable,No,Not Applicable,194,UPI,6,3.2,4.9
2024-07-31 08:31:00,CNR9177059127,Success,CID372323,eBike,RT Nagar,Electronic City,252.0,55.0,Not Applicable,Not Applicable,No,Not Applicable,1175,UPI,44,4.4,4.4
2024-07-31 02:33:00,CNR3431643426,Success,CID894829,eBike,KR Puram,Bellandur,280.0,25.0,Not Applicable,Not Applicable,No,Not Applicable,915,UPI,3,3.1,4.4
2024-07-31 00:22:00,CNR7652697677,Canceled by Driver,CID461587,Prime Sedan,Varthur,Whitefield,,,Not Applicable,Customer was coughing/sick,Not Applicable,Not Applicable,236,Not Applicable,0,,
2024-07-31 08:44:00,CNR1331461390,Canceled by Driver,CID255321,Prime Sedan,JP Nagar,BTM Layout,,,Not Applicable,Personal & Car related issue,Not Applicable,Not Applicable,970,Not Applicable,0,,
2024-07-31 20:03:00,CNR9769729780,Canceled by Customer,CID890908,Prime SUV,Marathahalli,Peenya,,,AC is Not working,Not Applicable,Not Applicable,Not Applicable,488,Not Applicable,0,,
2024-07-31 01:45:00,CNR6454146440,Success,CID118231,Prime Sedan,Shivajinagar,Yeshwanthpur,42.0,130.0,Not Applicable,Not Applicable,No,Not Applicable,129,Cash,26,4.6,3.5
2024-07-31 09:50:00,CNR8648838655,Driver Not Found,CID268582,eBike,Ramamurthy Nagar,Richmond Town,,,Not Applicable,Not Applicable,Not Applicable,Not Applicable,149,Not Applicable,0,,
2024-07-31 05:27:00,CNR3357673344,Canceled by Driver,CID728279,Bike,Bannerghatta Road,MG Road,,,Not Applicable,Personal & Car related issue,Not Applicable,Not Applicable,274,Not Applicable,0,,
2024-07-31 05:31:00,CNR4916994974,Canceled by Driver,CID144784,Prime Sedan,RT Nagar,Rajarajeshwari Nagar,,,Not Applicable,Customer was coughing/sick,Not Applicable,Not Applicable,1470,Not Applicable,0,,
2024-07-31 09:46:00,CNR9378179301,Success,CID663972,Prime Sedan,Richmond Town,MG Road,140.0,55.0,Not Applicable,Not Applicable,No,Not Applicable,149,UPI,7,4.9,4.6
2024-07-31 04:55:00,CNR7548147502,Success,CID740809,eBike,Majestic,Hennur,105.0,145.0,Not Applicable,Not Applicable,No,Not Applicable,295,Cash,43,3.5,4.0
2024-07-31 22:26:00,CNR6552526573,Canceled by Driver,CID742657,Auto,Hebbal,Cox Town,,,Not Applicable,Customer was coughing/sick,Not Applicable,Not Applicable,143,Not Applicable,0,,
2024-07-31 12:30:00,CNR5176155179,Canceled by Driver,CID493429,Prime Plus,Tumkur Road,Mysore Road,,,Not Applicable,Personal & Car related issue,Not Applicable,Not Applicable,657,Not Applicable,0,,
2024-07-31 11:42:00,CNR7154167155,Success,CID901697,Bike,Ramamurthy Nagar,MG Road,49.0,40.0,Not Applicable,Not Applicable,Yes,Vehicle Breakdown,378,Cash,28,3.7,3.1
2024-07-31 17:35:00,CNR3165463191,Canceled by Driver,CID695943,Bike,Chickpet,Rajajinagar,,,Not Applicable,More than permitted people in there,Not Applicable,Not Applicable,574,Not Applicable,0,,
2024-07-31 09:35:00,CNR2625142629,Driver Not Found,CID819881,eBike,Bellandur,Koramangala,,,Not Applicable,Not Applicable,Not Applicable,Not Applicable,1730,Not Applicable,0,,
2024-07-31 23:41:00,CNR3486493439,Success,CID181914,Auto,Electronic City,Rajajinagar,56.0,40.0,Not Applicable,Not Applicable,No,Not Applicable,352,Cash,1,4.2,4.1
2024-07-31 20:06:00,CNR2705132738,Success,CID257011,Mini,JP Nagar,HSR Layout,42.0,30.0,Not Applicable,Not Applicable,No,Not Applicable,430,UPI,33,3.2,4.3
2024-07-31 02:14:00,CNR8370068373,Success,CID512846,Prime Plus,Devanahalli,Bellandur,301.0,70.0,Not Applicable,Not Applicable,No,Not Applicable,539,Cash,14,4.3,3.8
2024-07-31 20:43:00,CNR4090374092,Canceled by Driver,CID206597,eBike,Basavanagudi,Kadugodi,,,Not Applicable,Personal & Car related issue,Not Applicable,Not Applicable,1744,Not Applicable,0,,
2024-07-31 05:32:00,CNR8777628735,Success,CID992265,Prime Plus,Richmond Town,Hennur,126.0,40.0,Not Applicable,Not Applicable,No,Not Applicable,1300,Cash,28,3.9,4.5
2024-07-31 01:23:00,CNR5388245353,Success,CID246802,Auto,Marathahalli,Varthur,280.0,130.0,Not Applicable,Not Applicable,No,Not Applicable,162,Cash,11,4.6,3.2
2024-07-31 23:47:00,CNR9667809683,Success,CID640722,Auto,Banashankari,Banashankari,84.0,110.0,Not Applicable,Not Applicable,No,Not Applicable,1170,Cash,11,4.1,5.0
2024-07-31 23:57:00,CNR9878469870,Canceled by Customer,CID861160,Mini,Peenya,Koramangala,,,Driver is not moving towards pickup location,Not Applicable,Not Applicable,Not Applicable,458,Not Applicable,0,,
2024-07-31 12:15:00,CNR5828575866,Canceled by Customer,CID978622,Prime SUV,Bellandur,Shantinagar,,,Change of plans,Not Applicable,Not Applicable,Not Applicable,237,Not Applicable,0,,
2024-07-31 14:51:00,CNR4273704258,Canceled by Driver,CID805924,Prime Plus,Magadi Road,Langford Town,,,Not Applicable,Personal & Car related issue,Not Applicable,Not Applicable,656,Not Applicable,0,,
2024-07-31 06:27:00,CNR1595171564,Success,CID287667,Prime Sedan,Sahakar Nagar,Shantinagar,98.0,100.0,Not Applicable,Not Applicable,No,Not Applicable,372,Cash,5,4.7,3.8
2024-07-31 12:50:00,CNR5259135258,Success,CID977403,Bike,RT Nagar,Rajarajeshwari Nagar,126.0,85.0,Not Applicable,Not Applicable,No,Not Applicable,460,UPI,21,4.0,4.4
2024-07-31 09:59:00,CNR6685366671,Success,CID570712,eBike,Basavanagudi,Hosur Road,112.0,130.0,Not Applicable,Not Applicable,No,Not Applicable,887,UPI,24,4.1,3.7
2024-07-31 17:36:00,CNR4136414111,Success,CID937310,Prime Plus,Frazer Town,Kammanahalli,259.0,100.0,Not Applicable,Not Applicable,No,Not Applicable,131,Cash,38,4.4,3.1
2024-07-31 21:04:00,CNR2371682380,Success,CID183397,Auto,Hebbal,Rajajinagar,273.0,75.0,Not Applicable,Not Applicable,No,Not Applicable,490,Cash,3,3.4,4.4
2024-07-31 09:10:00,CNR5624875697,Success,CID627727,Prime SUV,Cox Town,Richmond Town,112.0,85.0,Not Applicable,Not Applicable,No,Not Applicable,364,Credit Card,48,3.3,4.7
2024-07-31 09:52:00,CNR2462342460,Driver Not Found,CID811987,Auto,Jayanagar,Bellandur,,,Not Applicable,Not Applicable,Not Applicable,Not Applicable,160,Not Applicable,0,,
2024-07-31 14:28:00,CNR6156066165,Canceled by Driver,CID412986,Prime Plus,Frazer Town,Jayanagar,,,Not Applicable,Customer related issue,Not Applicable,Not Applicable,115,Not Applicable,0,,
2024-07-31 12:36:00,CNR4696784634,Success,CID624072,Prime Sedan,Majestic,BTM Layout,49.0,120.0,Not Applicable,Not Applicable,No,Not Applicable,974,UPI,33,3.3,4.2
2024-07-31 22:37:00,CNR6594866543,Success,CID421272,Auto,Varthur,Banashankari,126.0,100.0,Not Applicable,Not Applicable,No,Not Applicable,387,Cash,16,4.0,3.4
2024-07-31 23:50:00,CNR9590259520,Success,CID198287,Prime Plus,KR Puram,Rajajinagar,287.0,120.0,Not Applicable,Not Applicable,No,Not Applicable,2860,Cash,38,4.1,3.9
2024-07-31 05:00:00,CNR6692326603,Canceled by Driver,CID221274,eBike,Yeshwanthpur,Bellandur,,,Not Applicable,Customer was coughing/sick,Not Applicable,Not Applicable,154,Not Applicable,0,,
2024-07-31 10:40:00,CNR5777175774,Success,CID557925,Auto,Langford Town,Mysore Road,224.0,130.0,Not Applicable,Not Applicable,No,Not Applicable,435,Cash,14,3.7,3.2
2024-07-31 17:56:00,CNR1899081834,Success,CID588074,Mini,Varthur,Ulsoor,175.0,80.0,Not Applicable,Not Applicable,No,Not Applicable,2866,Cash,42,3.1,4.6
2024-07-31 00:01:00,CNR9745479706,Success,CID439050,Auto,Richmond Town,Kengeri,126.0,60.0,Not Applicable,Not Applicable,No,Not Applicable,216,Cash,4,4.7,3.8
2024-07-31 06:10:00,CNR5916685957,Success,CID602977,Prime Sedan,Koramangala,Malleshwaram,182.0,110.0,Not Applicable,Not Applicable,No,Not Applicable,1962,UPI,40,4.4,3.9
2024-07-31 21:12:00,CNR1727631769,Canceled by Driver,CID124217,eBike,Langford Town,Sarjapur Road,,,Not Applicable,Personal & Car related issue,Not Applicable,Not Applicable,147,Not Applicable,0,,
2024-07-31 10:36:00,CNR6897896889,Success,CID522584,Prime SUV,Sahakar Nagar,Hennur,217.0,75.0,Not Applicable,Not Applicable,No,Not Applicable,533,UPI,41,3.5,3.3
2024-07-31 12:15:00,CNR7737077773,Success,CID918989,Prime SUV,Hulimavu,Magadi Road,49.0,85.0,Not Applicable,Not Applicable,No,Not Applicable,374,Cash,4,4.1,3.1
2024-07-31 16:43:00,CNR9734609743,Success,CID204087,eBike,Rajarajeshwari Nagar,Devanahalli,77.0,110.0,Not Applicable,Not Applicable,No,Not Applicable,852,Cash,3,3.1,4.0
2024-07-31 11:50:00,CNR2499882479,Driver Not Found,CID494495,Mini,KR Puram,Cox Town,,,Not Applicable,Not Applicable,Not Applicable,Not Applicable,428,Not Applicable,0,,
2024-07-31 06:23:00,CNR5009135051,Driver Not Found,CID985429,Auto,Majestic,Peenya,,,Not Applicable,Not Applicable,Not Applicable,Not Applicable,198,Not Applicable,0,,
2024-07-31 23:26:00,CNR9563839587,Success,CID206575,Auto,Marathahalli,Shantinagar,42.0,130.0,Not Applicable,Not Applicable,No,Not Applicable,351,UPI,17,4.0,3.3
2024-07-31 17:59:00,CNR5995515977,Canceled by Driver,CID112386,Prime SUV,Marathahalli,HSR Layout,,,Not Applicable,Personal & Car related issue,Not Applicable,Not Applicable,190,Not Applicable,0,,
2024-07-31 12:36:00,CNR4486714402,Success,CID928405,Prime Plus,Sahakar Nagar,Electronic City,42.0,100.0,Not Applicable,Not Applicable,No,Not Applicable,161,Cash,16,4.5,3.3
2024-07-31 00:24:00,CNR6031756039,Canceled by Driver,CID660566,Prime Sedan,Shantinagar,Bannerghatta Road,,,Not Applicable,Personal & Car related issue,Not Applicable,Not Applicable,496,Not Applicable,0,,
2024-07-31 19:35:00,CNR5528175511,Canceled by Driver,CID908909,eBike,KR Puram,Ramamurthy Nagar,,,Not Applicable,Customer was coughing/sick,Not Applicable,Not Applicable,2377,Not Applicable,0,,
2024-07-31 03:00:00,CNR7953737966,Success,CID600629,Prime Sedan,Sarjapur Road,Padmanabhanagar,91.0,100.0,Not Applicable,Not Applicable,No,Not Applicable,377,Credit Card,5,3.5,4.4
2024-07-31 19:29:00,CNR7509347595,Success,CID902826,eBike,Electronic City,Electronic City,259.0,130.0,Not Applicable,Not Applicable,No,Not Applicable,166,UPI,13,4.0,5.0
2024-07-31 05:34:00,CNR7626147665,Success,CID154097,Prime Sedan,Malleshwaram,Mysore Road,49.0,125.0,Not Applicable,Not Applicable,No,Not Applicable,441,Cash,24,3.4,3.7
2024-07-31 13:17:00,CNR5292365234,Success,CID299842,Prime SUV,RT Nagar,Marathahalli,63.0,70.0,Not Applicable,Not Applicable,No,Not Applicable,1818,Cash,33,3.4,4.5
2024-07-31 09:00:00,CNR7544677550,Canceled by Driver,CID699479,Mini,Yeshwanthpur,Whitefield,,,Not Applicable,Personal & Car related issue,Not Applicable,Not Applicable,1911,Not Applicable,0,,
2024-07-31 07:17:00,CNR1947801938,Canceled by Customer,CID152235,Prime Plus,Sarjapur Road,Ulsoor,,,Driver asked to cancel,Not Applicable,Not Applicable,Not Applicable,2974,Not Applicable,0,,
2024-07-31 12:45:00,CNR9336939338,Success,CID446302,Prime Sedan,Padmanabhanagar,Kadugodi,133.0,135.0,Not Applicable,Not Applicable,Yes,Vehicle Breakdown,301,Cash,35,3.8,3.1
2024-07-31 12:20:00,CNR6752176720,Canceled by Driver,CID654672,Prime Plus,Majestic,Chamarajpet,,,Not Applicable,Customer related issue,Not Applicable,Not Applicable,266,Not Applicable,0,,
2024-07-31 10:27:00,CNR7302237344,Canceled by Driver,CID427900,eBike,Hulimavu,Sahakar Nagar,,,Not Applicable,Customer was coughing/sick,Not Applicable,Not Applicable,359,Not Applicable,0,,
2024-07-31 05:43:00,CNR3688333689,Success,CID792969,eBike,Ramamurthy Nagar,Mysore Road,189.0,120.0,Not Applicable,Not Applicable,No,Not Applicable,280,Cash,30,4.3,3.3
2024-07-31 09:47:00,CNR3348803378,Success,CID309295,eBike,Whitefield,Yeshwanthpur,266.0,145.0,Not Applicable,Not Applicable,No,Not Applicable,415,UPI,5,3.6,3.1
2024-07-31 23:49:00,CNR9369009335,Success,CID966929,Mini,Padmanabhanagar,Koramangala,77.0,140.0,Not Applicable,Not Applicable,No,Not Applicable,135,UPI,17,3.5,3.5
2024-07-31 10:13:00,CNR8297618246,Success,CID149712,Prime SUV,Indiranagar,Mysore Road,49.0,60.0,Not Applicable,Not Applicable,No,Not Applicable,129,Cash,19,3.1,3.2
2024-07-31 20:37:00,CNR1200741275,Driver Not Found,CID889107,Prime SUV,Nagarbhavi,Peenya,,,Not Applicable,Not Applicable,Not Applicable,Not Applicable,320,Not Applicable,0,,
2024-07-31 13:08:00,CNR4741404763,Success,CID811136,Prime SUV,Magadi Road,Varthur,98.0,130.0,Not Applicable,Not Applicable,No,Not Applicable,149,Cash,49,4.2,4.8
2024-07-31 23:52:00,CNR4276644210,Canceled by Driver,CID816615,Prime Sedan,Jayanagar,Cox Town,,,Not Applicable,Customer was coughing/sick,Not Applicable,Not Applicable,323,Not Applicable,0,,
2024-07-31 07:59:00,CNR8013118017,Canceled by Driver,CID316029,Prime Plus,Indiranagar,Kammanahalli,,,Not Applicable,Customer related issue,Not Applicable,Not Applicable,481,Not Applicable,0,,
2024-07-31 18:53:00,CNR9075309098,Canceled by Customer,CID290589,Auto,MG Road,Basavanagudi,,,AC is Not working,Not Applicable,Not Applicable,Not Applicable,263,Not Applicable,0,,
2024-07-31 14:38:00,CNR8449848475,Success,CID702125,Prime Plus,Chickpet,JP Nagar,98.0,75.0,Not Applicable,Not Applicable,No,Not Applicable,151,Credit Card,31,4.7,4.0
2024-07-31 02:51:00,CNR4015794030,Success,CID787340,Prime Plus,Nagarbhavi,Hosur Road,140.0,55.0,Not Applicable,Not Applicable,No,Not Applicable,254,UPI,5,4.7,4.0
2024-07-31 16:52:00,CNR7668967657,Success,CID861183,eBike,Kengeri,Shantinagar,245.0,115.0,Not Applicable,Not Applicable,No,Not Applicable,105,Debit Card,28,4.9,3.5
2024-07-31 10:31:00,CNR6511656561,Canceled by Driver,CID664374,Prime Sedan,KR Puram,KR Puram,,,Not Applicable,More than permitted people in there,Not Applicable,Not Applicable,887,Not Applicable,0,,
2024-07-31 14:37:00,CNR3007983073,Canceled by Driver,CID150070,Prime Sedan,Richmond Town,Indiranagar,,,Not Applicable,Personal & Car related issue,Not Applicable,Not Applicable,340,Not Applicable,0,,
2024-07-31 02:21:00,CNR2719872751,Success,CID187341,eBike,Ulsoor,Peenya,70.0,75.0,Not Applicable,Not Applicable,No,Not Applicable,481,UPI,47,4.4,3.6
2024-07-31 19:25:00,CNR7466627462,Driver Not Found,CID527473,Prime Sedan,Kengeri,Bellandur,,,Not Applicable,Not Applicable,Not Applicable,Not Applicable,279,Not Applicable,0,,
2024-07-31 16:00:00,CNR7469517423,Canceled by Customer,CID609087,Prime SUV,Kengeri,Kadugodi,,,Driver is not moving towards pickup location,Not Applicable,Not Applicable,Not Applicable,661,Not Applicable,0,,
2024-07-31 03:36:00,CNR7678027693,Canceled by Customer,CID707261,Auto,Hulimavu,Malleshwaram,,,Change of plans,Not Applicable,Not Applicable,Not Applicable,213,Not Applicable,0,,
2024-07-31 04:48:00,CNR7432157484,Canceled by Driver,CID525278,Prime Sedan,Yeshwanthpur,Richmond Town,,,Not Applicable,Customer related issue,Not Applicable,Not Applicable,310,Not Applicable,0,,
2024-07-31 04:24:00,CNR9458079411,Success,CID129772,Prime Plus,JP Nagar,Peenya,266.0,115.0,Not Applicable,Not Applicable,No,Not Applicable,231,UPI,5,3.2,4.6
2024-07-31 15:47:00,CNR9453699435,Success,CID271303,Prime Plus,Richmond Town,KR Puram,217.0,110.0,Not Applicable,Not Applicable,Yes,Vehicle Breakdown,963,Cash,38,3.7,4.8
2024-07-31 09:54:00,CNR5866875876,Success,CID259743,eBike,Whitefield,Jayanagar,182.0,100.0,Not Applicable,Not Applicable,No,Not Applicable,225,UPI,25,4.6,4.9
2024-07-31 00:30:00,CNR7554247566,Canceled by Customer,CID138456,Bike,Yeshwanthpur,Sahakar Nagar,,,Driver asked to cancel,Not Applicable,Not Applicable,Not Applicable,304,Not Applicable,0,,
2024-07-31 10:37:00,CNR1052651090,Canceled by Customer,CID988699,Mini,Tumkur Road,Banashankari,,,AC is Not working,Not Applicable,Not Applicable,Not Applicable,157,Not Applicable,0,,
2024-07-31 21:46:00,CNR8139248121,Success,CID949625,Prime SUV,Frazer Town,Electronic City,196.0,75.0,Not Applicable,Not Applicable,No,Not Applicable,203,Cash,45,3.0,4.9
2024-07-31 22:25:00,CNR2952212969,Success,CID754573,Bike,Chamarajpet,Ramamurthy Nagar,147.0,95.0,Not Applicable,Not Applicable,No,Not Applicable,247,UPI,8,3.8,3.6
2024-07-31 12:08:00,CNR8301568337,Success,CID825926,Prime Plus,Basavanagudi,Ramamurthy Nagar,161.0,90.0,Not Applicable,Not Applicable,Yes,Customer Demand,416,UPI,32,3.9,3.4
2024-07-31 09:07:00,CNR4255254208,Success,CID361443,Bike,Yeshwanthpur,Shantinagar,35.0,110.0,Not Applicable,Not Applicable,No,Not Applicable,404,Cash,42,3.4,3.6
2024-07-31 13:47:00,CNR1187561100,Canceled by Driver,CID756596,Bike,Ulsoor,Majestic,,,Not Applicable,Customer related issue,Not Applicable,Not Applicable,136,Not Applicable,0,,
2024-07-31 14:55:00,CNR2635192618,Success,CID647253,Bike,Hennur,Varthur,49.0,50.0,Not Applicable,Not Applicable,No,Not Applicable,447,UPI,8,4.2,4.9
2024-07-31 02:23:00,CNR7940997999,Success,CID919557,Bike,Padmanabhanagar,Rajarajeshwari Nagar,98.0,115.0,Not Applicable,Not Applicable,Yes,Customer Demand,158,UPI,16,3.6,3.7
2024-07-31 15:10:00,CNR8496858430,Canceled by Driver,CID302317,Prime Plus,Whitefield,Kammanahalli,,,Not Applicable,Personal & Car related issue,Not Applicable,Not Applicable,100,Not Applicable,0,,
2024-07-31 09:05:00,CNR7479317489,Success,CID605451,Prime SUV,Yeshwanthpur,Hulimavu,259.0,110.0,Not Applicable,Not Applicable,No,Not Applicable,249,Cash,36,3.9,4.3
2024-07-31 15:19:00,CNR8829018884,Canceled by Driver,CID275888,Mini,Langford Town,Yelahanka,,,Not Applicable,Customer related issue,Not Applicable,Not Applicable,108,Not Applicable,0,,
2024-07-31 07:30:00,CNR6804666837,Success,CID895071,Prime SUV,Peenya,Frazer Town,42.0,30.0,Not Applicable,Not Applicable,No,Not Applicable,236,Credit Card,19,3.9,3.7
2024-07-31 16:15:00,CNR6515496578,Success,CID397389,eBike,Hosur Road,BTM Layout,301.0,65.0,Not Applicable,Not Applicable,No,Not Applicable,543,UPI,27,4.9,4.4
2024-07-31 03:05:00,CNR1445821475,Success,CID452267,Prime Plus,HSR Layout,HSR Layout,98.0,105.0,Not Applicable,Not Applicable,No,Not Applicable,298,UPI,49,4.6,3.5
2024-07-31 13:57:00,CNR2186072115,Driver Not Found,CID947816,Mini,Jayanagar,Malleshwaram,,,Not Applicable,Not Applicable,Not Applicable,Not Applicable,256,Not Applicable,0,,
2024-07-31 11:25:00,CNR8662108619,Success,CID845222,Bike,Varthur,Ramamurthy Nagar,294.0,40.0,Not Applicable,Not Applicable,No,Not Applicable,226,UPI,34,3.1,3.3
2024-07-31 09:29:00,CNR9646339693,Success,CID831130,Bike,Hennur,Electronic City,35.0,145.0,Not Applicable,Not Applicable,No,Not Applicable,873,UPI,10,4.0,3.0
2024-07-31 16:18:00,CNR1458621422,Success,CID419684,Auto,Tumkur Road,Whitefield,168.0,110.0,Not Applicable,Not Applicable,Yes,Customer Demand,172,UPI,11,3.4,4.4
2024-07-31 06:56:00,CNR8282758278,Success,CID834865,eBike,Malleshwaram,Magadi Road,182.0,105.0,Not Applicable,Not Applicable,No,Not Applicable,393,Cash,32,3.3,3.5
2024-07-31 21:00:00,CNR9156089182,Driver Not Found,CID240532,Prime SUV,BTM Layout,Hennur,,,Not Applicable,Not Applicable,Not Applicable,Not Applicable,357,Not Applicable,0,,
2024-07-31 06:55:00,CNR5251355277,Success,CID748734,Auto,Nagarbhavi,Jayanagar,224.0,95.0,Not Applicable,Not Applicable,No,Not Applicable,992,UPI,15,3.2,4.8
2024-07-31 18:40:00,CNR3844943847,Canceled by Driver,CID589105,Auto,Nagarbhavi,Magadi Road,,,Not Applicable,Customer related issue,Not Applicable,Not Applicable,679,Not Applicable,0,,
2024-07-31 13:48:00,CNR3827603840,Success,CID832844,eBike,Nagarbhavi,Rajajinagar,112.0,110.0,Not Applicable,Not Applicable,No,Not Applicable,2962,Cash,42,4.3,3.6
2024-07-31 03:26:00,CNR4252674210,Success,CID157758,Prime Sedan,Padmanabhanagar,Rajarajeshwari Nagar,217.0,145.0,Not Applicable,Not Applicable,No,Not Applicable,593,Cash,15,3.8,4.9
2024-07-31 18:08:00,CNR7638447697,Driver Not Found,CID210576,Auto,Sarjapur Road,Chamarajpet,,,Not Applicable,Not Applicable,Not Applicable,Not Applicable,775,Not Applicable,0,,
2024-07-31 07:03:00,CNR6513656527,Canceled by Customer,CID995304,eBike,Ramamurthy Nagar,Rajarajeshwari Nagar,,,Driver is not moving towards pickup location,Not Applicable,Not Applicable,Not Applicable,390,Not Applicable,0,,
2024-07-31 18:34:00,CNR9336089399,Success,CID278432,Bike,Koramangala,Marathahalli,161.0,55.0,Not Applicable,Not Applicable,No,Not Applicable,242,Debit Card,47,4.8,4.0
2024-07-31 06:40:00,CNR4540634508,Driver Not Found,CID867099,Bike,Rajajinagar,Peenya,,,Not Applicable,Not Applicable,Not Applicable,Not Applicable,349,Not Applicable,0,,
2024-07-31 19:52:00,CNR3854513825,Success,CID251245,Prime SUV,Shantinagar,BTM Layout,42.0,110.0,Not Applicable,Not Applicable,No,Not Applicable,227,UPI,47,3.3,3.6
2024-07-31 20:46:00,CNR8528158547,Success,CID285700,Mini,Vijayanagar,Sahakar Nagar,231.0,70.0,Not Applicable,Not Applicable,No,Not Applicable,147,Credit Card,33,5.0,3.9
2024-07-31 05:24:00,CNR7413077464,Success,CID256662,Bike,Chickpet,JP Nagar,259.0,95.0,Not Applicable,Not Applicable,No,Not Applicable,854,Cash,7,4.3,3.0
2024-07-31 11:22:00,CNR9097559074,Success,CID469451,Prime Sedan,Marathahalli,Peenya,168.0,55.0,Not Applicable,Not Applicable,No,Not Applicable,176,Cash,27,4.0,4.0
2024-07-31 02:24:00,CNR6221226259,Canceled by Customer,CID542603,Auto,Banashankari,Chickpet,,,Driver asked to cancel,Not Applicable,Not Applicable,Not Applicable,265,Not Applicable,0,,
2024-07-31 08:23:00,CNR4155514134,Success,CID868113,Auto,Frazer Town,Vijayanagar,70.0,60.0,Not Applicable,Not Applicable,No,Not Applicable,2993,UPI,8,3.1,4.0
2024-07-31 17:38:00,CNR1238781275,Canceled by Customer,CID507311,Mini,Devanahalli,Whitefield,,,Driver asked to cancel,Not Applicable,Not Applicable,Not Applicable,104,Not Applicable,0,,
2024-07-31 05:36:00,CNR1574011531,Success,CID513455,Prime SUV,Ulsoor,Banashankari,168.0,65.0,Not Applicable,Not Applicable,No,Not Applicable,1398,Cash,45,4.1,4.6
2024-07-31 20:56:00,CNR3398363363,Success,CID314508,Auto,Yeshwanthpur,HSR Layout,70.0,50.0,Not Applicable,Not Applicable,No,Not Applicable,495,Cash,6,3.1,3.9
2024-07-31 03:49:00,CNR7116357175,Canceled by Customer,CID791524,eBike,Chickpet,Richmond Town,,,Driver asked to cancel,Not Applicable,Not Applicable,Not Applicable,2413,Not Applicable,0,,
2024-07-31 18:22:00,CNR8772368727,Success,CID699020,Prime Plus,Sahakar Nagar,Hennur,56.0,40.0,Not Applicable,Not Applicable,No,Not Applicable,329,Cash,36,4.0,4.2
2024-07-31 10:04:00,CNR8029318049,Success,CID529213,Mini,Devanahalli,Whitefield,175.0,80.0,Not Applicable,Not Applicable,No,Not Applicable,1381,Cash,15,4.9,4.0
2024-07-31 18:53:00,CNR4831574803,Success,CID982140,Bike,Magadi Road,Rajarajeshwari Nagar,224.0,95.0,Not Applicable,Not Applicable,No,Not Applicable,450,UPI,27,3.2,3.6
2024-07-31 20:52:00,CNR1746171729,Success,CID398595,eBike,Richmond Town,Kengeri,84.0,25.0,Not Applicable,Not Applicable,No,Not Applicable,456,Cash,33,4.7,4.0
2024-07-31 01:37:00,CNR7418107415,Canceled by Driver,CID866613,eBike,Langford Town,Shivajinagar,,,Not Applicable,More than permitted people in there,Not Applicable,Not Applicable,365,Not Applicable,0,,
2024-07-31 23:11:00,CNR5286795248,Success,CID282069,eBike,BTM Layout,Hebbal,91.0,60.0,Not Applicable,Not Applicable,No,Not Applicable,444,Cash,2,3.5,3.7
2024-07-31 03:35:00,CNR1628561651,Success,CID522377,Bike,Chickpet,Indiranagar,196.0,90.0,Not Applicable,Not Applicable,No,Not Applicable,2747,UPI,25,3.0,4.9
2024-07-31 06:01:00,CNR3982463991,Canceled by Driver,CID608548,Prime Sedan,Vijayanagar,Shivajinagar,,,Not Applicable,Personal & Car related issue,Not Applicable,Not Applicable,165,Not Applicable,0,,
2024-07-31 18:16:00,CNR2250792217,Success,CID408436,eBike,JP Nagar,Richmond Town,147.0,85.0,Not Applicable,Not Applicable,No,Not Applicable,710,Cash,1,4.0,3.8
2024-07-31 09:09:00,CNR9231479236,Success,CID509007,Auto,Hebbal,Rajajinagar,189.0,80.0,Not Applicable,Not Applicable,No,Not Applicable,824,UPI,19,3.7,3.8
2024-07-31 06:14:00,CNR8909978932,Success,CID358544,Prime Plus,Hennur,Sarjapur Road,252.0,120.0,Not Applicable,Not Applicable,No,Not Applicable,1073,Cash,18,4.0,3.5
2024-07-31 19:56:00,CNR7030757095,Success,CID703264,Auto,Shivajinagar,Electronic City,238.0,100.0,Not Applicable,Not Applicable,No,Not Applicable,184,UPI,19,4.9,3.6
2024-07-31 07:30:00,CNR7959197911,Success,CID570711,Auto,HSR Layout,Basavanagudi,112.0,80.0,Not Applicable,Not Applicable,No,Not Applicable,213,Credit Card,15,4.0,4.3
2024-07-31 06:34:00,CNR5606315635,Canceled by Customer,CID768646,Prime Plus,Ramamurthy Nagar,Hosur Road,,,Wrong Address,Not Applicable,Not Applicable,Not Applicable,404,Not Applicable,0,,
2024-07-31 20:25:00,CNR7471867486,Driver Not Found,CID505116,eBike,Kadugodi,Mysore Road,,,Not Applicable,Not Applicable,Not Applicable,Not Applicable,478,Not Applicable,0,,
2024-07-31 07:48:00,CNR5594625541,Success,CID468766,Bike,HSR Layout,Peenya,84.0,30.0,Not Applicable,Not Applicable,No,Not Applicable,499,UPI,23,3.0,4.2
2024-07-31 18:12:00,CNR8714998779,Canceled by Driver,CID622362,Prime Sedan,Sahakar Nagar,Sarjapur Road,,,Not Applicable,Personal & Car related issue,Not Applicable,Not Applicable,394,Not Applicable,0,,
2024-07-31 14:26:00,CNR8988358918,Success,CID230026,Prime SUV,Majestic,Indiranagar,168.0,30.0,Not Applicable,Not Applicable,No,Not Applicable,163,UPI,29,3.0,3.6
2024-07-31 12:43:00,CNR7738657703,Success,CID684468,Prime Sedan,Magadi Road,Tumkur Road,77.0,30.0,Not Applicable,Not Applicable,No,Not Applicable,172,Cash,25,4.1,4.0
2024-07-31 22:56:00,CNR1758651739,Driver Not Found,CID381742,Auto,Nagarbhavi,Richmond Town,,,Not Applicable,Not Applicable,Not Applicable,Not Applicable,287,Not Applicable,0,,
2024-07-31 10:43:00,CNR8948408941,Driver Not Found,CID605213,eBike,Jayanagar,Padmanabhanagar,,,Not Applicable,Not Applicable,Not Applicable,Not Applicable,258,Not Applicable,0,,
2024-07-31 08:03:00,CNR5261555225,Success,CID622230,Auto,Cox Town,Rajarajeshwari Nagar,196.0,90.0,Not Applicable,Not Applicable,No,Not Applicable,270,Cash,8,4.1,3.1
2024-07-31 21:11:00,CNR3723653713,Canceled by Driver,CID633675,Mini,Hebbal,Marathahalli,,,Not Applicable,Personal & Car related issue,Not Applicable,Not Applicable,544,Not Applicable,0,,
2024-07-31 14:55:00,CNR9762089713,Canceled by Driver,CID794032,Bike,Yelahanka,Hebbal,,,Not Applicable,Personal & Car related issue,Not Applicable,Not Applicable,718,Not Applicable,0,,
2024-07-31 02:44:00,CNR1059001097,Canceled by Driver,CID293155,Prime Plus,Cox Town,Bannerghatta Road,,,Not Applicable,More than permitted people in there,Not Applicable,Not Applicable,497,Not Applicable,0,,
2024-07-31 18:38:00,CNR8821728881,Canceled by Customer,CID506301,eBike,Bannerghatta Road,Richmond Town,,,Change of plans,Not Applicable,Not Applicable,Not Applicable,215,Not Applicable,0,,
2024-07-31 08:56:00,CNR1014351069,Success,CID967000,Bike,Basavanagudi,Sahakar Nagar,189.0,100.0,Not Applicable,Not Applicable,No,Not Applicable,156,UPI,46,4.0,3.8
2024-07-31 08:31:00,CNR8000468068,Success,CID120001,Prime Sedan,Jayanagar,MG Road,280.0,90.0,Not Applicable,Not Applicable,No,Not Applicable,156,Cash,16,4.0,3.2
2024-07-31 14:25:00,CNR1698101676,Success,CID407804,Prime Plus,Chickpet,Shivajinagar,105.0,25.0,Not Applicable,Not Applicable,No,Not Applicable,132,UPI,16,4.9,4.4
2024-07-31 21:07:00,CNR6274946267,Success,CID871496,Bike,Hosur Road,Jayanagar,210.0,85.0,Not Applicable,Not Applicable,No,Not Applicable,620,Cash,39,3.6,4.5
2024-07-31 03:57:00,CNR1841291854,Success,CID198488,Bike,Yelahanka,Kengeri,42.0,40.0,Not Applicable,Not Applicable,No,Not Applicable,473,Cash,47,4.0,4.4
2024-07-31 12:41:00,CNR3023413022,Success,CID778296,Prime Sedan,Hebbal,Padmanabhanagar,168.0,125.0,Not Applicable,Not Applicable,No,Not Applicable,393,UPI,30,4.4,3.6
2024-07-31 16:47:00,CNR7493267406,Success,CID501861,Auto,Ulsoor,Ramamurthy Nagar,259.0,75.0,Not Applicable,Not Applicable,No,Not Applicable,844,UPI,5,4.1,4.8
2024-07-31 10:25:00,CNR2305072390,Canceled by Driver,CID119637,Bike,Whitefield,Peenya,,,Not Applicable,Customer was coughing/sick,Not Applicable,Not Applicable,748,Not Applicable,0,,
2024-07-31 19:55:00,CNR9877259886,Success,CID673060,Auto,Malleshwaram,Kengeri,112.0,65.0,Not Applicable,Not Applicable,No,Not Applicable,181,Cash,14,3.1,3.9
2024-07-31 20:48:00,CNR6963126905,Success,CID352950,Bike,Hennur,Peenya,189.0,55.0,Not Applicable,Not Applicable,No,Not Applicable,817,Cash,27,4.3,5.0
2024-07-31 09:02:00,CNR2667172629,Success,CID279821,Prime Plus,Frazer Town,Frazer Town,105.0,40.0,Not Applicable,Not Applicable,No,Not Applicable,847,UPI,5,4.3,3.6
2024-07-31 22:26:00,CNR3848393879,Success,CID999872,Auto,Shantinagar,Bellandur,280.0,55.0,Not Applicable,Not Applicable,No,Not Applicable,114,Cash,10,4.7,4.6
2024-07-31 19:57:00,CNR3588983530,Success,CID797285,Prime Plus,Hebbal,Langford Town,56.0,115.0,Not Applicable,Not Applicable,No,Not Applicable,443,Cash,16,3.8,4.7
2024-07-31 00:56:00,CNR9154659165,Driver Not Found,CID648581,Bike,Hosur Road,Sahakar Nagar,,,Not Applicable,Not Applicable,Not Applicable,Not Applicable,346,Not Applicable,0,,
2024-07-31 01:53:00,CNR1969991973,Success,CID330620,eBike,Jayanagar,Langford Town,35.0,110.0,Not Applicable,Not Applicable,No,Not Applicable,353,Cash,39,3.8,3.1
2024-07-31 16:59:00,CNR3106393139,Success,CID258657,Prime SUV,Indiranagar,Shantinagar,259.0,70.0,Not Applicable,Not Applicable,No,Not Applicable,137,Cash,16,3.5,3.9
2024-07-31 01:44:00,CNR5850605885,Success,CID380949,Auto,Banashankari,Rajajinagar,147.0,135.0,Not Applicable,Not Applicable,No,Not Applicable,822,UPI,1,4.5,4.8
2024-07-31 04:12:00,CNR3948133965,Canceled by Driver,CID419703,Prime Plus,Yelahanka,RT Nagar,,,Not Applicable,Customer related issue,Not Applicable,Not Applicable,452,Not Applicable,0,,
2024-07-31 11:44:00,CNR9580739582,Success,CID518833,Bike,Padmanabhanagar,Rajarajeshwari Nagar,84.0,70.0,Not Applicable,Not Applicable,No,Not Applicable,248,UPI,4,4.4,4.9
2024-07-31 13:29:00,CNR5735305785,Success,CID992936,Auto,Padmanabhanagar,Basavanagudi,140.0,100.0,Not Applicable,Not Applicable,No,Not Applicable,280,Cash,9,4.0,4.6
2024-07-31 06:45:00,CNR4615894679,Success,CID605554,Auto,Magadi Road,Electronic City,91.0,70.0,Not Applicable,Not Applicable,No,Not Applicable,165,Cash,11,3.3,5.0
2024-07-31 19:39:00,CNR9967569963,Success,CID211569,Mini,Yelahanka,Hebbal,301.0,55.0,Not Applicable,Not Applicable,No,Not Applicable,459,Cash,15,3.3,4.4
2024-07-31 09:53:00,CNR9187929105,Success,CID670783,Prime Sedan,Hulimavu,Kengeri,217.0,100.0,Not Applicable,Not Applicable,Yes,Vehicle Breakdown,804,Debit Card,1,3.1,3.4
2024-07-31 07:50:00,CNR8000868014,Success,CID821208,Prime Plus,Malleshwaram,Frazer Town,147.0,75.0,Not Applicable,Not Applicable,No,Not Applicable,274,UPI,19,3.1,4.9
2024-07-31 17:31:00,CNR5655825697,Canceled by Driver,CID730022,eBike,Yeshwanthpur,Sahakar Nagar,,,Not Applicable,Customer related issue,Not Applicable,Not Applicable,284,Not Applicable,0,,
2024-07-31 15:25:00,CNR3347813333,Canceled by Driver,CID598954,Mini,Yeshwanthpur,Sarjapur Road,,,Not Applicable,Personal & Car related issue,Not Applicable,Not Applicable,421,Not Applicable,0,,
2024-07-31 04:54:00,CNR4089704083,Success,CID947407,Prime Plus,Jayanagar,Shivajinagar,70.0,135.0,Not Applicable,Not Applicable,No,Not Applicable,152,Cash,41,4.7,4.5
2024-07-31 10:41:00,CNR1366151314,Success,CID594110,Prime SUV,Padmanabhanagar,Sarjapur Road,238.0,45.0,Not Applicable,Not Applicable,No,Not Applicable,399,Cash,3,4.8,3.9
2024-07-31 13:10:00,CNR1418341496,Canceled by Driver,CID794544,Prime Sedan,Shantinagar,Chickpet,,,Not Applicable,Personal & Car related issue,Not Applicable,Not Applicable,614,Not Applicable,0,,
2024-07-31 21:00:00,CNR8189218118,Success,CID158643,Prime SUV,Yeshwanthpur,RT Nagar,168.0,35.0,Not Applicable,Not Applicable,No,Not Applicable,142,Cash,11,3.9,4.1
2024-07-31 17:49:00,CNR6669126611,Success,CID692838,Bike,Whitefield,HSR Layout,287.0,30.0,Not Applicable,Not Applicable,No,Not Applicable,725,UPI,42,4.3,4.9
2024-07-31 06:31:00,CNR3980273989,Success,CID768123,Bike,Mysore Road,Mysore Road,161.0,140.0,Not Applicable,Not Applicable,No,Not Applicable,271,Cash,5,3.8,3.7
2024-07-31 03:28:00,CNR9869079891,Success,CID115718,Prime SUV,Marathahalli,Kammanahalli,98.0,120.0,Not Applicable,Not Applicable,No,Not Applicable,212,Cash,1,4.7,3.7
2024-07-31 18:01:00,CNR8556808578,Success,CID756768,Auto,Majestic,Sarjapur Road,56.0,130.0,Not Applicable,Not Applicable,No,Not Applicable,428,Cash,19,4.3,4.4
2024-07-31 10:15:00,CNR7005177056,Canceled by Driver,CID704641,Auto,Langford Town,Devanahalli,,,Not Applicable,More than permitted people in there,Not Applicable,Not Applicable,148,Not Applicable,0,,
2024-07-31 17:31:00,CNR7370197344,Driver Not Found,CID342883,Mini,Peenya,Padmanabhanagar,,,Not Applicable,Not Applicable,Not Applicable,Not Applicable,477,Not Applicable,0,,
2024-07-31 09:53:00,CNR5404595451,Success,CID645644,Prime Plus,Chickpet,Frazer Town,42.0,125.0,Not Applicable,Not Applicable,No,Not Applicable,405,Cash,26,4.5,4.0
2024-07-31 10:31:00,CNR7178777192,Success,CID769731,Prime Plus,Banashankari,Kengeri,280.0,130.0,Not Applicable,Not Applicable,No,Not Applicable,171,Cash,44,4.1,4.4
2024-07-31 16:00:00,CNR1640731634,Canceled by Driver,CID587087,Mini,Hosur Road,Ulsoor,,,Not Applicable,Customer was coughing/sick,Not Applicable,Not Applicable,146,Not Applicable,0,,
2024-07-31 06:10:00,CNR4164914163,Canceled by Driver,CID540485,Auto,Whitefield,Rajarajeshwari Nagar,,,Not Applicable,More than permitted people in there,Not Applicable,Not Applicable,809,Not Applicable,0,,
2024-07-31 12:11:00,CNR6293276239,Success,CID117657,Auto,Langford Town,Jayanagar,196.0,25.0,Not Applicable,Not Applicable,No,Not Applicable,530,Cash,16,3.2,3.9
2024-07-31 07:40:00,CNR2401522452,Success,CID745716,Mini,Mysore Road,Langford Town,231.0,35.0,Not Applicable,Not Applicable,No,Not Applicable,437,UPI,33,5.0,3.8
2024-07-31 06:29:00,CNR4663114639,Canceled by Driver,CID302345,Auto,KR Puram,Koramangala,,,Not Applicable,Customer related issue,Not Applicable,Not Applicable,942,Not Applicable,0,,
2024-07-31 22:00:00,CNR9378849325,Success,CID900087,Bike,Hebbal,Sarjapur Road,196.0,35.0,Not Applicable,Not Applicable,No,Not Applicable,276,Cash,27,3.9,4.0
2024-07-31 20:45:00,CNR1896091885,Success,CID221162,Auto,Peenya,Indiranagar,189.0,45.0,Not Applicable,Not Applicable,No,Not Applicable,127,Cash,14,4.9,3.5
2024-07-31 13:49:00,CNR9383119376,Driver Not Found,CID817382,Prime SUV,Indiranagar,Bellandur,,,Not Applicable,Not Applicable,Not Applicable,Not Applicable,936,Not Applicable,0,,
2024-07-31 01:09:00,CNR2556222507,Success,CID324029,Prime Plus,Koramangala,Jayanagar,56.0,50.0,Not Applicable,Not Applicable,No,Not Applicable,431,Cash,13,4.1,4.2
2024-07-31 12:17:00,CNR1969461937,Success,CID562625,Prime Plus,Koramangala,Hennur,56.0,65.0,Not Applicable,Not Applicable,No,Not Applicable,513,Cash,3,3.4,3.9
2024-07-31 19:59:00,CNR5071925033,Success,CID971726,Prime SUV,Sahakar Nagar,Mysore Road,217.0,110.0,Not Applicable,Not Applicable,No,Not Applicable,170,Cash,21,4.5,4.4
2024-07-31 15:47:00,CNR9166699113,Canceled by Driver,CID974034,Prime Sedan,Marathahalli,Ramamurthy Nagar,,,Not Applicable,Customer related issue,Not Applicable,Not Applicable,421,Not Applicable,0,,
2024-07-31 15:10:00,CNR8508788564,Success,CID191763,eBike,Electronic City,Hulimavu,161.0,90.0,Not Applicable,Not Applicable,No,Not Applicable,426,UPI,31,4.4,4.3
2024-07-31 08:38:00,CNR8908268964,Success,CID535280,Auto,Kengeri,Hebbal,252.0,145.0,Not Applicable,Not Applicable,No,Not Applicable,494,UPI,12,4.0,4.3
2024-07-31 19:47:00,CNR6346646342,Success,CID396572,Prime Plus,Tumkur Road,HSR Layout,119.0,90.0,Not Applicable,Not Applicable,No,Not Applicable,767,UPI,49,4.6,3.3
2024-07-31 11:27:00,CNR3931013920,Success,CID124154,Prime SUV,Peenya,Rajarajeshwari Nagar,294.0,40.0,Not Applicable,Not Applicable,No,Not Applicable,350,Cash,41,3.9,3.5
2024-07-31 19:43:00,CNR6513036563,Success,CID286384,Prime Plus,Malleshwaram,Banashankari,182.0,120.0,Not Applicable,Not Applicable,No,Not Applicable,790,Cash,46,4.3,3.3
2024-07-31 09:47:00,CNR7528377579,Success,CID240371,eBike,Magadi Road,Majestic,84.0,60.0,Not Applicable,Not Applicable,No,Not Applicable,363,UPI,38,4.7,3.8
2024-07-31 18:33:00,CNR4982614990,Success,CID845065,Prime Plus,Rajarajeshwari Nagar,Chickpet,105.0,135.0,Not Applicable,Not Applicable,No,Not Applicable,652,UPI,36,4.6,3.8
2024-07-31 17:17:00,CNR9592349563,Canceled by Driver,CID891923,Prime SUV,Hosur Road,Magadi Road,,,Not Applicable,Personal & Car related issue,Not Applicable,Not Applicable,395,Not Applicable,0,,
2024-07-31 11:34:00,CNR6268886262,Success,CID381059,Mini,Indiranagar,Shivajinagar,70.0,45.0,Not Applicable,Not Applicable,No,Not Applicable,175,Cash,26,4.3,3.5
2024-07-31 05:58:00,CNR3152493146,Canceled by Customer,CID916224,eBike,Rajajinagar,Peenya,,,Change of plans,Not Applicable,Not Applicable,Not Applicable,283,Not Applicable,0,,
2024-07-31 01:58:00,CNR9440369445,Canceled by Customer,CID633719,Prime Sedan,Koramangala,Cox Town,,,Driver asked to cancel,Not Applicable,Not Applicable,Not Applicable,203,Not Applicable,0,,
2024-07-31 13:32:00,CNR4269574239,Success,CID580722,Bike,Hennur,Peenya,252.0,125.0,Not Applicable,Not Applicable,No,Not Applicable,219,Cash,46,4.5,3.6
2024-07-31 02:00:00,CNR8643568627,Success,CID380222,Mini,Langford Town,Peenya,98.0,145.0,Not Applicable,Not Applicable,No,Not Applicable,226,Cash,11,3.1,4.4
2024-07-31 22:12:00,CNR1572091517,Success,CID412031,Auto,Shantinagar,Kadugodi,147.0,80.0,Not Applicable,Not Applicable,No,Not Applicable,236,Cash,2,3.2,4.7
2024-07-31 16:23:00,CNR9733259752,Driver Not Found,CID320305,eBike,Jayanagar,JP Nagar,,,Not Applicable,Not Applicable,Not Applicable,Not Applicable,343,Not Applicable,0,,
2024-07-31 21:33:00,CNR5546265534,Success,CID118412,Prime SUV,Bellandur,Bellandur,287.0,60.0,Not Applicable,Not Applicable,Yes,Customer Demand,297,UPI,22,4.7,3.3
2024-07-31 07:14:00,CNR5380005344,Success,CID501343,Prime SUV,Rajajinagar,Magadi Road,112.0,110.0,Not Applicable,Not Applicable,No,Not Applicable,1676,Cash,36,3.2,3.5
2024-07-31 07:32:00,CNR7033107011,Canceled by Driver,CID384270,eBike,Shantinagar,Cox Town,,,Not Applicable,Customer related issue,Not Applicable,Not Applicable,1449,Not Applicable,0,,
2024-07-31 04:57:00,CNR1996581954,Canceled by Driver,CID744825,Prime Plus,Bannerghatta Road,Shantinagar,,,Not Applicable,Customer related issue,Not Applicable,Not Applicable,366,Not Applicable,0,,
2024-07-31 23:42:00,CNR9935749920,Success,CID219120,eBike,Bannerghatta Road,Hebbal,294.0,135.0,Not Applicable,Not Applicable,No,Not Applicable,943,Cash,21,5.0,3.9
2024-07-31 08:40:00,CNR8635948631,Canceled by Customer,CID989300,Bike,Marathahalli,JP Nagar,,,Driver is not moving towards pickup location,Not Applicable,Not Applicable,Not Applicable,114,Not Applicable,0,,
2024-07-31 23:35:00,CNR7606837666,Driver Not Found,CID105982,Mini,Sarjapur Road,Ramamurthy Nagar,,,Not Applicable,Not Applicable,Not Applicable,Not Applicable,189,Not Applicable,0,,
2024-07-31 00:51:00,CNR4644584632,Success,CID257264,Bike,Sarjapur Road,MG Road,84.0,60.0,Not Applicable,Not Applicable,No,Not Applicable,936,Cash,25,4.8,4.5
2024-07-31 18:01:00,CNR8818878885,Canceled by Driver,CID345999,Prime SUV,Richmond Town,Bellandur,,,Not Applicable,Personal & Car related issue,Not Applicable,Not Applicable,213,Not Applicable,0,,
2024-07-31 11:21:00,CNR2676982665,Success,CID599201,Auto,Tumkur Road,HSR Layout,77.0,120.0,Not Applicable,Not Applicable,No,Not Applicable,1277,Cash,6,3.5,3.8
2024-07-31 14:06:00,CNR7469827416,Success,CID528796,Mini,KR Puram,Shivajinagar,280.0,105.0,Not Applicable,Not Applicable,No,Not Applicable,835,Cash,7,3.5,3.1
2024-07-31 21:39:00,CNR1954831907,Success,CID771129,Auto,Magadi Road,Hennur,168.0,100.0,Not Applicable,Not Applicable,Yes,Vehicle Breakdown,474,Cash,11,4.3,4.9
2024-07-31 07:22:00,CNR4179014182,Canceled by Driver,CID679716,Prime SUV,Tumkur Road,Padmanabhanagar,,,Not Applicable,Personal & Car related issue,Not Applicable,Not Applicable,351,Not Applicable,0,,
2024-07-31 06:19:00,CNR6881816839,Success,CID234770,Bike,BTM Layout,Shivajinagar,161.0,65.0,Not Applicable,Not Applicable,No,Not Applicable,132,Cash,21,4.9,4.8
2024-07-31 01:13:00,CNR7741357758,Success,CID974633,Prime Plus,Magadi Road,Sahakar Nagar,252.0,145.0,Not Applicable,Not Applicable,No,Not Applicable,959,Cash,32,3.9,4.2
2024-07-31 04:07:00,CNR4745164716,Success,CID858343,Auto,Langford Town,HSR Layout,42.0,35.0,Not Applicable,Not Applicable,No,Not Applicable,420,Cash,12,3.9,4.0
2024-07-31 06:49:00,CNR1088961077,Canceled by Driver,CID434041,Mini,Cox Town,JP Nagar,,,Not Applicable,Customer related issue,Not Applicable,Not Applicable,332,Not Applicable,0,,
2024-07-31 00:54:00,CNR2491422444,Driver Not Found,CID903684,eBike,Kammanahalli,Peenya,,,Not Applicable,Not Applicable,Not Applicable,Not Applicable,731,Not Applicable,0,,
2024-07-31 11:50:00,CNR5557375564,Success,CID305927,Auto,Langford Town,RT Nagar,231.0,55.0,Not Applicable,Not Applicable,No,Not Applicable,920,Cash,19,3.5,3.3
2024-07-31 04:07:00,CNR4441834433,Canceled by Driver,CID199017,Bike,Hebbal,Shantinagar,,,Not Applicable,More than permitted people in there,Not Applicable,Not Applicable,431,Not Applicable,0,,
2024-07-31 13:33:00,CNR3225543238,Success,CID197167,Bike,Hosur Road,Rajajinagar,140.0,120.0,Not Applicable,Not Applicable,No,Not Applicable,230,UPI,40,4.7,4.5
2024-07-31 10:15:00,CNR5830565824,Success,CID581805,Prime Plus,Peenya,Frazer Town,273.0,130.0,Not Applicable,Not Applicable,No,Not Applicable,460,UPI,22,4.4,3.7
2024-07-31 23:22:00,CNR4468594413,Success,CID867117,Mini,MG Road,Koramangala,175.0,80.0,Not Applicable,Not Applicable,No,Not Applicable,1911,Cash,6,4.1,4.1
2024-07-31 04:24:00,CNR9055699065,Success,CID367574,Mini,Ramamurthy Nagar,Jayanagar,140.0,85.0,Not Applicable,Not Applicable,No,Not Applicable,552,Cash,37,3.5,3.1
2024-07-31 23:00:00,CNR2474052484,Success,CID753443,Prime Sedan,Tumkur Road,Hosur Road,63.0,55.0,Not Applicable,Not Applicable,No,Not Applicable,1727,Cash,8,4.9,3.4
2024-07-31 02:49:00,CNR2620492644,Success,CID261482,Prime SUV,Chickpet,Ulsoor,231.0,70.0,Not Applicable,Not Applicable,No,Not Applicable,847,Cash,2,3.7,3.9
2024-07-31 07:12:00,CNR6775146748,Canceled by Driver,CID356316,Prime Plus,Kengeri,Basavanagudi,,,Not Applicable,More than permitted people in there,Not Applicable,Not Applicable,123,Not Applicable,0,,
2024-07-31 16:28:00,CNR5379595340,Success,CID437404,Prime SUV,Marathahalli,Chickpet,98.0,120.0,Not Applicable,Not Applicable,No,Not Applicable,155,UPI,24,4.6,4.6
2024-07-31 11:56:00,CNR8356088331,Canceled by Driver,CID318940,eBike,Yeshwanthpur,RT Nagar,,,Not Applicable,Customer was coughing/sick,Not Applicable,Not Applicable,205,Not Applicable,0,,
2024-07-31 14:38:00,CNR5554255588,Success,CID763337,Prime SUV,BTM Layout,Richmond Town,91.0,35.0,Not Applicable,Not Applicable,No,Not Applicable,309,Cash,25,3.7,3.6
2024-07-31 18:54:00,CNR6513336533,Canceled by Customer,CID506190,Prime SUV,HSR Layout,Kammanahalli,,,Driver asked to cancel,Not Applicable,Not Applicable,Not Applicable,290,Not Applicable,0,,
2024-07-31 22:20:00,CNR8799478742,Driver Not Found,CID414243,Auto,BTM Layout,Marathahalli,,,Not Applicable,Not Applicable,Not Applicable,Not Applicable,638,Not Applicable,0,,
2024-07-31 08:10:00,CNR4272964212,Canceled by Customer,CID766539,Auto,Basavanagudi,Sarjapur Road,,,Driver asked to cancel,Not Applicable,Not Applicable,Not Applicable,1311,Not Applicable,0,,
2024-07-31 10:18:00,CNR5589775587,Success,CID833630,Auto,Langford Town,Yeshwanthpur,140.0,70.0,Not Applicable,Not Applicable,No,Not Applicable,479,UPI,10,4.7,5.0
2024-07-31 13:07:00,CNR4598494591,Driver Not Found,CID290933,Prime Sedan,Ulsoor,Padmanabhanagar,,,Not Applicable,Not Applicable,Not Applicable,Not Applicable,623,Not Applicable,0,,
2024-07-31 05:14:00,CNR9995839932,Canceled by Driver,CID752889,Auto,Banashankari,Rajarajeshwari Nagar,,,Not Applicable,Customer related issue,Not Applicable,Not Applicable,2535,Not Applicable,0,,
2024-07-31 00:36:00,CNR2614992674,Success,CID958840,Bike,Vijayanagar,Kadugodi,35.0,40.0,Not Applicable,Not Applicable,No,Not Applicable,2906,UPI,8,3.3,3.6
2024-07-31 06:14:00,CNR3055553085,Success,CID583913,Prime Sedan,Langford Town,Mysore Road,154.0,110.0,Not Applicable,Not Applicable,No,Not Applicable,246,Cash,42,4.9,3.8
2024-07-31 00:31:00,CNR4415084442,Driver Not Found,CID912651,Auto,Banashankari,Ramamurthy Nagar,,,Not Applicable,Not Applicable,Not Applicable,Not Applicable,381,Not Applicable,0,,
2024-07-31 14:06:00,CNR7433737472,Driver Not Found,CID740301,Prime Plus,Devanahalli,Koramangala,,,Not Applicable,Not Applicable,Not Applicable,Not Applicable,293,Not Applicable,0,,
2024-07-31 22:14:00,CNR6982616946,Driver Not Found,CID342537,eBike,Malleshwaram,Majestic,,,Not Applicable,Not Applicable,Not Applicable,Not Applicable,274,Not Applicable,0,,
2024-07-31 21:36:00,CNR9768259747,Success,CID284766,Prime SUV,Hebbal,Hebbal,161.0,85.0,Not Applicable,Not Applicable,No,Not Applicable,155,UPI,21,4.1,4.2
2024-07-31 02:28:00,CNR6154196125,Success,CID326029,Prime Plus,HSR Layout,Jayanagar,77.0,45.0,Not Applicable,Not Applicable,No,Not Applicable,383,Cash,13,4.5,4.1
2024-07-31 08:15:00,CNR9940179982,Canceled by Driver,CID185898,Prime SUV,Kengeri,Hennur,,,Not Applicable,Personal & Car related issue,Not Applicable,Not Applicable,375,Not Applicable,0,,
2024-07-31 21:00:00,CNR3350173341,Canceled by Driver,CID846567,Prime Plus,Shantinagar,Koramangala,,,Not Applicable,More than permitted people in there,Not Applicable,Not Applicable,275,Not Applicable,0,,
2024-07-31 16:48:00,CNR3474283454,Success,CID906354,Auto,Peenya,Richmond Town,196.0,145.0,Not Applicable,Not Applicable,No,Not Applicable,327,UPI,13,4.2,3.5
2024-07-31 01:56:00,CNR5182935183,Success,CID951653,Prime Sedan,Malleshwaram,Frazer Town,168.0,105.0,Not Applicable,Not Applicable,No,Not Applicable,310,Credit Card,28,3.9,4.3
2024-07-31 13:31:00,CNR9094199047,Success,CID673435,Prime SUV,Kengeri,BTM Layout,231.0,125.0,Not Applicable,Not Applicable,No,Not Applicable,461,Cash,27,4.7,4.0
2024-07-31 02:14:00,CNR2260982260,Success,CID409673,Prime Sedan,Banashankari,Ramamurthy Nagar,70.0,110.0,Not Applicable,Not Applicable,No,Not Applicable,330,UPI,45,4.4,4.2
2024-07-31 20:39:00,CNR3432573491,Success,CID838423,Bike,Bellandur,Frazer Town,301.0,45.0,Not Applicable,Not Applicable,No,Not Applicable,1503,Cash,32,4.1,4.9
2024-07-31 02:23:00,CNR2192482158,Success,CID225075,Prime Sedan,Whitefield,Indiranagar,133.0,30.0,Not Applicable,Not Applicable,No,Not Applicable,545,Cash,1,4.3,4.0
2024-07-31 01:43:00,CNR1290501250,Success,CID775847,Mini,JP Nagar,Peenya,210.0,140.0,Not Applicable,Not Applicable,No,Not Applicable,1656,Cash,42,4.4,3.5
2024-07-31 22:21:00,CNR8081368027,Success,CID222650,eBike,Sahakar Nagar,Hulimavu,140.0,140.0,Not Applicable,Not Applicable,No,Not Applicable,195,UPI,5,4.2,3.0
2024-07-31 00:12:00,CNR6560276583,Canceled by Driver,CID681623,Prime SUV,Ramamurthy Nagar,Tumkur Road,,,Not Applicable,Customer was coughing/sick,Not Applicable,Not Applicable,298,Not Applicable,0,,
2024-07-31 11:58:00,CNR9326389390,Success,CID964591,eBike,Shivajinagar,Hosur Road,70.0,140.0,Not Applicable,Not Applicable,No,Not Applicable,329,UPI,9,4.3,4.5
2024-07-31 02:34:00,CNR2175762155,Success,CID469785,Bike,Sarjapur Road,Varthur,70.0,40.0,Not Applicable,Not Applicable,No,Not Applicable,356,Cash,27,4.4,4.2
2024-07-31 02:38:00,CNR5439375441,Success,CID357864,Prime Sedan,Shivajinagar,Rajarajeshwari Nagar,203.0,60.0,Not Applicable,Not Applicable,No,Not Applicable,2280,Cash,1,3.3,4.4
2024-07-31 05:53:00,CNR5583585579,Canceled by Customer,CID521477,Bike,Rajajinagar,Hulimavu,,,Driver asked to cancel,Not Applicable,Not Applicable,Not Applicable,306,Not Applicable,0,,
2024-07-31 04:08:00,CNR6513526586,Success,CID392460,Prime Plus,Langford Town,Electronic City,266.0,25.0,Not Applicable,Not Applicable,No,Not Applicable,181,Cash,28,4.8,4.2
2024-07-31 22:05:00,CNR9906699986,Success,CID847947,Bike,Nagarbhavi,Majestic,280.0,80.0,Not Applicable,Not Applicable,No,Not Applicable,213,Cash,33,3.0,4.8
2024-07-31 09:00:00,CNR3294993260,Success,CID409944,Mini,Kadugodi,Cox Town,308.0,65.0,Not Applicable,Not Applicable,No,Not Applicable,380,Cash,23,3.5,4.3
2024-07-31 11:06:00,CNR8502898515,Success,CID498686,Bike,Whitefield,Ulsoor,147.0,30.0,Not Applicable,Not Applicable,No,Not Applicable,561,Debit Card,2,3.6,3.5
2024-07-31 05:07:00,CNR2626672670,Success,CID737393,Mini,Rajarajeshwari Nagar,Richmond Town,56.0,50.0,Not Applicable,Not Applicable,No,Not Applicable,802,UPI,22,3.5,3.4
2024-07-31 15:27:00,CNR9598309526,Canceled by Customer,CID356531,Auto,Banashankari,JP Nagar,,,Driver asked to cancel,Not Applicable,Not Applicable,Not Applicable,806,Not Applicable,0,,
2024-07-31 13:51:00,CNR1736221703,Success,CID175627,Prime Sedan,Yeshwanthpur,Hebbal,294.0,30.0,Not Applicable,Not Applicable,No,Not Applicable,2847,Cash,36,3.8,4.4
2024-07-31 20:45:00,CNR8636748605,Success,CID118162,Prime Sedan,Ramamurthy Nagar,Rajajinagar,119.0,30.0,Not Applicable,Not Applicable,No,Not Applicable,400,Cash,45,4.7,4.9
2024-07-31 16:31:00,CNR1372521327,Driver Not Found,CID743769,Mini,Rajarajeshwari Nagar,Devanahalli,,,Not Applicable,Not Applicable,Not Applicable,Not Applicable,469,Not Applicable,0,,
2024-07-31 12:47:00,CNR4162184124,Success,CID730665,Prime Plus,Vijayanagar,Shantinagar,189.0,140.0,Not Applicable,Not Applicable,No,Not Applicable,394,Cash,7,4.1,4.7
2024-07-31 15:34:00,CNR9513609530,Success,CID333069,Prime Plus,HSR Layout,Hosur Road,224.0,110.0,Not Applicable,Not Applicable,No,Not Applicable,285,UPI,26,4.5,4.9
2024-07-31 15:19:00,CNR4122334189,Success,CID887027,Mini,Shivajinagar,JP Nagar,301.0,35.0,Not Applicable,Not Applicable,No,Not Applicable,118,Debit Card,39,3.8,3.5
2024-07-31 17:34:00,CNR6246846286,Canceled by Customer,CID497547,Prime Sedan,Tumkur Road,Hennur,,,Driver asked to cancel,Not Applicable,Not Applicable,Not Applicable,415,Not Applicable,0,,
2024-07-31 10:21:00,CNR6921616900,Success,CID944670,Prime Plus,Jayanagar,Langford Town,147.0,85.0,Not Applicable,Not Applicable,No,Not Applicable,450,Cash,18,4.4,3.3
2024-07-31 00:48:00,CNR3909333963,Canceled by Driver,CID460299,Prime Sedan,MG Road,Magadi Road,,,Not Applicable,More than permitted people in there,Not Applicable,Not Applicable,487,Not Applicable,0,,
2024-07-31 08:13:00,CNR9142949109,Success,CID480936,eBike,Ulsoor,KR Puram,175.0,135.0,Not Applicable,Not Applicable,No,Not Applicable,836,UPI,8,3.5,3.7
2024-07-31 14:41:00,CNR9493009437,Success,CID767727,Bike,BTM Layout,Majestic,91.0,70.0,Not Applicable,Not Applicable,No,Not Applicable,192,Cash,6,3.8,4.9
2024-07-31 01:18:00,CNR9594209593,Driver Not Found,CID812699,Bike,Majestic,Electronic City,,,Not Applicable,Not Applicable,Not Applicable,Not Applicable,457,Not Applicable,0,,
2024-07-31 18:58:00,CNR9877529874,Success,CID707273,Prime SUV,RT Nagar,Devanahalli,77.0,110.0,Not Applicable,Not Applicable,No,Not Applicable,360,Cash,27,4.8,4.7
2024-07-31 02:58:00,CNR6996876913,Canceled by Driver,CID995019,eBike,Jayanagar,Peenya,,,Not Applicable,More than permitted people in there,Not Applicable,Not Applicable,365,Not Applicable,0,,
2024-07-31 03:26:00,CNR9354279392,Canceled by Customer,CID991001,Prime Plus,Marathahalli,Banashankari,,,Driver asked to cancel,Not Applicable,Not Applicable,Not Applicable,133,Not Applicable,0,,
2024-07-31 11:47:00,CNR6912356941,Success,CID132100,Prime SUV,RT Nagar,Frazer Town,308.0,80.0,Not Applicable,Not Applicable,No,Not Applicable,410,UPI,25,3.9,3.9
2024-07-31 00:34:00,CNR4766314724,Success,CID335482,Auto,Hebbal,Indiranagar,273.0,30.0,Not Applicable,Not Applicable,No,Not Applicable,702,Cash,1,4.5,5.0
2024-07-31 17:25:00,CNR7558597576,Canceled by Driver,CID637295,eBike,Basavanagudi,Ulsoor,,,Not Applicable,Personal & Car related issue,Not Applicable,Not Applicable,232,Not Applicable,0,,
2024-07-31 23:52:00,CNR7724657770,Success,CID555556,eBike,Rajajinagar,Rajarajeshwari Nagar,112.0,100.0,Not Applicable,Not Applicable,No,Not Applicable,544,UPI,21,4.7,3.1
2024-07-31 07:17:00,CNR3337753331,Driver Not Found,CID371297,eBike,Frazer Town,Hulimavu,,,Not Applicable,Not Applicable,Not Applicable,Not Applicable,179,Not Applicable,0,,
2024-07-31 09:05:00,CNR5630425606,Canceled by Customer,CID636791,Prime SUV,Langford Town,JP Nagar,,,Driver is not moving towards pickup location,Not Applicable,Not Applicable,Not Applicable,305,Not Applicable,0,,
2024-07-31 02:13:00,CNR3234073224,Driver Not Found,CID910874,Bike,BTM Layout,Hennur,,,Not Applicable,Not Applicable,Not Applicable,Not Applicable,663,Not Applicable,0,,
2024-07-31 18:16:00,CNR4154374173,Success,CID117538,Auto,Shantinagar,Hebbal,84.0,60.0,Not Applicable,Not Applicable,No,Not Applicable,741,Cash,6,4.5,4.2
2024-07-31 14:43:00,CNR9836559803,Success,CID142486,Prime SUV,Koramangala,Marathahalli,133.0,105.0,Not Applicable,Not Applicable,No,Not Applicable,277,UPI,41,3.7,4.0
2024-07-31 02:45:00,CNR9827309824,Canceled by Customer,CID837139,Bike,Majestic,Magadi Road,,,Change of plans,Not Applicable,Not Applicable,Not Applicable,121,Not Applicable,0,,
2024-07-31 19:31:00,CNR6333766334,Canceled by Driver,CID833364,Auto,Koramangala,HSR Layout,,,Not Applicable,Customer related issue,Not Applicable,Not Applicable,505,Not Applicable,0,,
2024-07-31 18:28:00,CNR3455243482,Success,CID843999,Auto,Yelahanka,Chickpet,161.0,110.0,Not Applicable,Not Applicable,No,Not Applicable,577,UPI,11,3.7,4.0
2024-07-31 18:32:00,CNR6038406026,Success,CID490344,Prime Sedan,Tumkur Road,Hebbal,133.0,30.0,Not Applicable,Not Applicable,No,Not Applicable,469,UPI,38,3.3,3.6
2024-07-31 05:30:00,CNR4837924885,Success,CID554299,eBike,RT Nagar,Chamarajpet,280.0,25.0,Not Applicable,Not Applicable,No,Not Applicable,398,UPI,6,3.5,3.0
2024-07-31 23:40:00,CNR1861231896,Success,CID730824,Prime Plus,Majestic,Hebbal,308.0,105.0,Not Applicable,Not Applicable,No,Not Applicable,430,Cash,35,4.5,4.2
2024-07-31 23:18:00,CNR2167032159,Success,CID436602,Mini,Marathahalli,Shantinagar,98.0,105.0,Not Applicable,Not Applicable,No,Not Applicable,329,Cash,14,3.7,3.5
2024-07-31 14:01:00,CNR8178968163,Success,CID453676,eBike,Bellandur,Malleshwaram,238.0,35.0,Not Applicable,Not Applicable,No,Not Applicable,740,UPI,18,3.5,4.5
2024-07-31 01:02:00,CNR9687729640,Canceled by Driver,CID147155,Bike,Ramamurthy Nagar,Langford Town,,,Not Applicable,Personal & Car related issue,Not Applicable,Not Applicable,193,Not Applicable,0,,
2024-07-31 07:34:00,CNR7615307654,Success,CID845373,Prime SUV,Shantinagar,Shivajinagar,259.0,115.0,Not Applicable,Not Applicable,No,Not Applicable,892,Cash,32,3.1,3.1
2024-07-31 07:31:00,CNR5633125623,Canceled by Driver,CID202525,Mini,RT Nagar,Chickpet,,,Not Applicable,Customer related issue,Not Applicable,Not Applicable,232,Not Applicable,0,,
2024-07-31 14:58:00,CNR1517511514,Success,CID365353,Auto,Peenya,Hulimavu,252.0,145.0,Not Applicable,Not Applicable,No,Not Applicable,363,UPI,19,3.4,3.8
2024-07-31 15:32:00,CNR9713279770,Success,CID264150,Auto,Frazer Town,Ulsoor,245.0,50.0,Not Applicable,Not Applicable,No,Not Applicable,220,UPI,11,4.1,3.7
2024-07-31 09:59:00,CNR4275194264,Canceled by Customer,CID802377,Auto,Sahakar Nagar,Shivajinagar,,,Driver is not moving towards pickup location,Not Applicable,Not Applicable,Not Applicable,131,Not Applicable,0,,
2024-07-31 20:34:00,CNR4395724347,Success,CID367597,eBike,Indiranagar,Basavanagudi,175.0,80.0,Not Applicable,Not Applicable,No,Not Applicable,102,UPI,8,4.2,3.5
2024-07-31 22:32:00,CNR5551265507,Canceled by Driver,CID966778,Mini,Marathahalli,Basavanagudi,,,Not Applicable,Customer related issue,Not Applicable,Not Applicable,319,Not Applicable,0,,
2024-07-31 08:40:00,CNR5632225675,Success,CID555551,Auto,Shantinagar,Jayanagar,273.0,30.0,Not Applicable,Not Applicable,No,Not Applicable,115,Cash,5,4.8,3.9
2024-07-31 15:26:00,CNR6465236429,Success,CID395017,eBike,Shantinagar,BTM Layout,49.0,35.0,Not Applicable,Not Applicable,No,Not Applicable,257,UPI,13,4.8,3.3
2024-07-31 20:02:00,CNR8120258163,Success,CID852550,Prime SUV,Hulimavu,Banashankari,140.0,90.0,Not Applicable,Not Applicable,No,Not Applicable,369,Cash,32,3.9,3.4
2024-07-31 22:01:00,CNR8222718232,Success,CID508239,Prime Plus,Hulimavu,Nagarbhavi,98.0,105.0,Not Applicable,Not Applicable,No,Not Applicable,131,Cash,18,3.3,4.0
2024-07-31 20:31:00,CNR8465648407,Canceled by Driver,CID829343,Prime Plus,Varthur,Malleshwaram,,,Not Applicable,Customer was coughing/sick,Not Applicable,Not Applicable,279,Not Applicable,0,,
2024-07-31 18:32:00,CNR9756099769,Success,CID197196,Prime Sedan,Ulsoor,MG Road,238.0,105.0,Not Applicable,Not Applicable,No,Not Applicable,2171,Cash,43,4.2,3.4
2024-07-31 16:07:00,CNR5806705882,Success,CID134163,Bike,Hulimavu,Langford Town,70.0,60.0,Not Applicable,Not Applicable,No,Not Applicable,299,UPI,31,3.2,4.5
2024-07-31 09:58:00,CNR9992729955,Success,CID740883,Bike,KR Puram,Cox Town,98.0,35.0,Not Applicable,Not Applicable,No,Not Applicable,455,UPI,11,4.5,4.4
2024-07-31 02:51:00,CNR1955811926,Success,CID974765,Bike,Kammanahalli,Kadugodi,224.0,125.0,Not Applicable,Not Applicable,No,Not Applicable,462,UPI,47,4.5,4.4
2024-07-31 21:26:00,CNR8170558188,Success,CID707564,Prime SUV,Rajarajeshwari Nagar,Shantinagar,42.0,40.0,Not Applicable,Not Applicable,No,Not Applicable,147,Debit Card,13,5.0,4.8
2024-07-31 08:03:00,CNR1271821250,Success,CID112738,Auto,Marathahalli,Peenya,196.0,40.0,Not Applicable,Not Applicable,Yes,Vehicle Breakdown,306,UPI,17,4.4,4.5
2024-07-31 05:12:00,CNR2247422274,Success,CID226429,Bike,Hebbal,Nagarbhavi,42.0,95.0,Not Applicable,Not Applicable,No,Not Applicable,838,UPI,15,3.8,4.4
2024-07-31 13:26:00,CNR8322128353,Success,CID490776,Prime SUV,BTM Layout,Vijayanagar,105.0,85.0,Not Applicable,Not Applicable,No,Not Applicable,1877,Cash,43,3.3,4.5
2024-07-31 02:43:00,CNR4376294301,Success,CID325139,Prime SUV,Rajarajeshwari Nagar,Bannerghatta Road,231.0,60.0,Not Applicable,Not Applicable,No,Not Applicable,597,UPI,8,3.4,4.9
2024-07-31 23:46:00,CNR6881966803,Canceled by Customer,CID580972,Prime SUV,Electronic City,Tumkur Road,,,Driver is not moving towards pickup location,Not Applicable,Not Applicable,Not Applicable,326,Not Applicable,0,,
2024-07-31 10:46:00,CNR4652634649,Success,CID382466,Mini,Koramangala,Devanahalli,182.0,140.0,Not Applicable,Not Applicable,Yes,Vehicle Breakdown,315,UPI,36,3.6,4.3
2024-07-31 19:36:00,CNR3800613842,Canceled by Driver,CID527514,eBike,HSR Layout,Shantinagar,,,Not Applicable,Customer related issue,Not Applicable,Not Applicable,452,Not Applicable,0,,
2024-07-31 16:50:00,CNR7017377030,Success,CID727294,Prime SUV,KR Puram,Rajajinagar,196.0,70.0,Not Applicable,Not Applicable,No,Not Applicable,989,Cash,13,4.8,4.2
2024-07-31 08:07:00,CNR2364182318,Success,CID411999,Prime Sedan,Majestic,Indiranagar,70.0,90.0,Not Applicable,Not Applicable,No,Not Applicable,549,Cash,2,4.8,4.1
2024-07-31 11:43:00,CNR1078251050,Success,CID956134,eBike,Padmanabhanagar,Ramamurthy Nagar,245.0,30.0,Not Applicable,Not Applicable,No,Not Applicable,295,Cash,15,4.9,4.9
2024-07-31 07:32:00,CNR6329226357,Canceled by Customer,CID529624,Prime Sedan,Tumkur Road,RT Nagar,,,Driver is not moving towards pickup location,Not Applicable,Not Applicable,Not Applicable,637,Not Applicable,0,,
2024-07-31 09:56:00,CNR9761829722,Driver Not Found,CID239764,Auto,Basavanagudi,Kammanahalli,,,Not Applicable,Not Applicable,Not Applicable,Not Applicable,213,Not Applicable,0,,
2024-07-31 05:30:00,CNR5751455739,Canceled by Driver,CID427837,Prime Sedan,Padmanabhanagar,Whitefield,,,Not Applicable,Customer related issue,Not Applicable,Not Applicable,140,Not Applicable,0,,
2024-07-31 12:37:00,CNR1890741895,Success,CID191934,eBike,Cox Town,Whitefield,147.0,70.0,Not Applicable,Not Applicable,No,Not Applicable,113,Cash,42,3.9,4.8
2024-07-31 08:59:00,CNR1141191134,Success,CID316327,eBike,Malleshwaram,Ramamurthy Nagar,287.0,80.0,Not Applicable,Not Applicable,No,Not Applicable,303,Cash,36,4.8,3.7
2024-07-31 11:31:00,CNR2032292057,Success,CID510377,Prime SUV,Richmond Town,Ulsoor,161.0,65.0,Not Applicable,Not Applicable,No,Not Applicable,460,UPI,3,3.1,4.3
2024-07-31 00:50:00,CNR8118508193,Canceled by Driver,CID437487,Auto,Chamarajpet,Banashankari,,,Not Applicable,Personal & Car related issue,Not Applicable,Not Applicable,812,Not Applicable,0,,
2024-07-31 00:38:00,CNR9442699413,Success,CID716913,eBike,Malleshwaram,KR Puram,259.0,70.0,Not Applicable,Not Applicable,No,Not Applicable,134,Cash,40,4.0,4.0
2024-07-31 13:56:00,CNR6528106519,Success,CID767952,Auto,Rajajinagar,Cox Town,147.0,135.0,Not Applicable,Not Applicable,No,Not Applicable,454,Cash,4,4.7,3.7
2024-07-31 23:15:00,CNR1868091863,Driver Not Found,CID529165,Bike,Jayanagar,Cox Town,,,Not Applicable,Not Applicable,Not Applicable,Not Applicable,742,Not Applicable,0,,
2024-07-31 08:09:00,CNR1109311100,Driver Not Found,CID681891,Prime Sedan,Magadi Road,Bellandur,,,Not Applicable,Not Applicable,Not Applicable,Not Applicable,274,Not Applicable,0,,
2024-07-31 14:27:00,CNR3070763077,Canceled by Customer,CID365812,eBike,Frazer Town,Sarjapur Road,,,Driver asked to cancel,Not Applicable,Not Applicable,Not Applicable,381,Not Applicable,0,,
2024-07-31 15:55:00,CNR9940959929,Success,CID799236,eBike,Kammanahalli,Sahakar Nagar,231.0,65.0,Not Applicable,Not Applicable,No,Not Applicable,2613,UPI,19,4.9,4.4
2024-07-31 05:05:00,CNR1517331587,Driver Not Found,CID431279,Prime SUV,Ulsoor,Sahakar Nagar,,,Not Applicable,Not Applicable,Not Applicable,Not Applicable,932,Not Applicable,0,,
2024-07-31 23:21:00,CNR2193362123,Success,CID493044,Mini,Kammanahalli,Langford Town,98.0,130.0,Not Applicable,Not Applicable,No,Not Applicable,345,UPI,26,4.8,3.4
2024-07-31 06:36:00,CNR3447293466,Driver Not Found,CID386643,Prime Plus,Sahakar Nagar,Magadi Road,,,Not Applicable,Not Applicable,Not Applicable,Not Applicable,157,Not Applicable,0,,
2024-07-31 17:45:00,CNR9658559654,Canceled by Customer,CID896952,Mini,Koramangala,Ramamurthy Nagar,,,Driver is not moving towards pickup location,Not Applicable,Not Applicable,Not Applicable,269,Not Applicable,0,,
2024-07-31 21:07:00,CNR9879669872,Success,CID748317,eBike,Langford Town,Hennur,84.0,70.0,Not Applicable,Not Applicable,No,Not Applicable,662,Cash,29,3.9,4.5
2024-07-31 01:32:00,CNR3515233519,Canceled by Driver,CID947602,Prime Plus,Langford Town,Vijayanagar,,,Not Applicable,Personal & Car related issue,Not Applicable,Not Applicable,174,Not Applicable,0,,
2024-07-31 00:34:00,CNR7201387235,Success,CID111929,Bike,Yeshwanthpur,Padmanabhanagar,140.0,135.0,Not Applicable,Not Applicable,No,Not Applicable,239,Cash,24,3.1,3.2
2024-07-31 07:28:00,CNR2619112624,Success,CID668982,Prime SUV,Basavanagudi,Bannerghatta Road,259.0,55.0,Not Applicable,Not Applicable,No,Not Applicable,140,Cash,39,4.0,3.5
2024-07-31 06:53:00,CNR1573041532,Driver Not Found,CID708605,Mini,Koramangala,Koramangala,,,Not Applicable,Not Applicable,Not Applicable,Not Applicable,118,Not Applicable,0,,
2024-07-31 13:24:00,CNR3766293727,Driver Not Found,CID403788,Bike,Kadugodi,Hosur Road,,,Not Applicable,Not Applicable,Not Applicable,Not Applicable,103,Not Applicable,0,,
2024-07-31 18:42:00,CNR5979995999,Success,CID414181,Auto,Marathahalli,Yeshwanthpur,63.0,130.0,Not Applicable,Not Applicable,No,Not Applicable,413,Cash,5,3.5,4.5
2024-07-31 12:49:00,CNR3204013257,Success,CID500835,Prime SUV,Ramamurthy Nagar,Vijayanagar,140.0,130.0,Not Applicable,Not Applicable,No,Not Applicable,183,Cash,13,3.8,3.4
2024-07-31 14:38:00,CNR9936519920,Driver Not Found,CID428976,Prime Plus,Yeshwanthpur,Marathahalli,,,Not Applicable,Not Applicable,Not Applicable,Not Applicable,549,Not Applicable,0,,
2024-07-31 23:14:00,CNR1568941543,Success,CID548331,Auto,Indiranagar,Richmond Town,91.0,50.0,Not Applicable,Not Applicable,No,Not Applicable,726,Cash,5,3.5,3.0
2024-07-31 07:28:00,CNR2746062760,Canceled by Driver,CID323630,Mini,Hulimavu,MG Road,,,Not Applicable,Customer was coughing/sick,Not Applicable,Not Applicable,487,Not Applicable,0,,
2024-07-31 07:01:00,CNR5427755403,Success,CID406104,Auto,BTM Layout,Cox Town,175.0,135.0,Not Applicable,Not Applicable,Yes,Other Issue,1478,UPI,1,3.8,4.2
2024-07-31 09:19:00,CNR2750092772,Success,CID473798,Prime SUV,Sarjapur Road,JP Nagar,42.0,60.0,Not Applicable,Not Applicable,No,Not Applicable,393,Cash,5,3.5,4.6
2024-07-31 06:57:00,CNR9082779035,Success,CID828061,eBike,Chickpet,Marathahalli,259.0,75.0,Not Applicable,Not Applicable,No,Not Applicable,101,Cash,2,4.9,4.3
2024-07-31 17:11:00,CNR8606968614,Driver Not Found,CID259664,Bike,Banashankari,Yelahanka,,,Not Applicable,Not Applicable,Not Applicable,Not Applicable,545,Not Applicable,0,,
2024-07-31 17:43:00,CNR1504131542,Canceled by Driver,CID663450,Prime Plus,Bellandur,Hulimavu,,,Not Applicable,Customer related issue,Not Applicable,Not Applicable,461,Not Applicable,0,,
2024-07-31 09:20:00,CNR3395373353,Driver Not Found,CID355268,Prime Sedan,Malleshwaram,Tumkur Road,,,Not Applicable,Not Applicable,Not Applicable,Not Applicable,1671,Not Applicable,0,,
2024-07-31 19:34:00,CNR4870774895,Success,CID266336,Prime Sedan,Marathahalli,Cox Town,189.0,30.0,Not Applicable,Not Applicable,No,Not Applicable,280,UPI,38,3.4,4.1
2024-07-31 03:00:00,CNR9738039746,Success,CID922711,eBike,Chickpet,RT Nagar,42.0,135.0,Not Applicable,Not Applicable,No,Not Applicable,310,UPI,7,3.8,3.3
2024-07-31 09:06:00,CNR9488489435,Success,CID371654,Prime Plus,Richmond Town,Varthur,245.0,35.0,Not Applicable,Not Applicable,No,Not Applicable,111,Cash,41,3.6,3.8
2024-07-31 15:12:00,CNR3151743100,Success,CID334158,Auto,Vijayanagar,Richmond Town,84.0,145.0,Not Applicable,Not Applicable,No,Not Applicable,1097,UPI,17,4.3,3.3
2024-07-31 13:59:00,CNR1286151233,Success,CID113188,Prime SUV,Bannerghatta Road,JP Nagar,35.0,75.0,Not Applicable,Not Applicable,No,Not Applicable,2201,Cash,37,3.6,3.2
2024-07-31 14:56:00,CNR2027162035,Success,CID118301,eBike,Indiranagar,Magadi Road,210.0,140.0,Not Applicable,Not Applicable,No,Not Applicable,267,UPI,47,3.4,3.1
2024-07-31 13:57:00,CNR9770709721,Success,CID217959,Auto,Ulsoor,Hennur,175.0,125.0,Not Applicable,Not Applicable,No,Not Applicable,462,UPI,3,4.8,4.4
